order_id,customer_id,order_status,order_purchase_timestamp,order_approved_at,order_delivered_carrier_date,order_delivered_customer_date,order_estimated_delivery_date
e481f51cbdc54678b7cc49136f2d6af7,9ef432eb6251297304e76186b10a928d,processing,2017-10-02 10:56:33,2017-10-02 11:07:15,2017-10-04 19:55:00,2017-10-10 21:25:13,2017-10-18 00:00:00
53cdb2fc8bc7dce0b6741e2150273451,b0830fb4747a6c6d20dea0b8c802d7ef,delivered,2018-07-24 20:41:37,2018-07-26 03:24:27,2018-07-26 14:31:00,2018-08-07 15:27:45,2018-08-13 00:00:00
47770eb9100c2d0c44946d9cf07ec65d,41ce2a54c0b03bf3443c3d931a367089,delivered,2018-08-08 08:38:49,2018-08-08 08:55:23,2018-08-08 13:50:00,2018-08-17 18:06:29,2018-09-04 00:00:00
949d5b44dbf5de918fe9c16f97b45f8a,f88197465ea7920adcdbec7375364d82,delivered,2017-11-18 19:28:06,2017-11-18 19:45:59,2017-11-22 13:39:59,2017-12-02 00:28:42,2017-12-15 00:00:00
ad21c59c0840e6cb83a9ceb5573f8159,8ab97904e6daea8866dbdbc4fb7aad2c,delivered,2018-02-13 21:18:39,2018-02-13 22:20:29,2018-02-14 19:46:34,2018-02-16 18:17:02,2018-02-26 00:00:00
a4591c265e18cb1dcee52889e2d8acc3,503740e9ca751ccdda7ba28e9ab8f608,delivered,2017-07-09 21:57:05,2017-07-09 22:10:13,2017-07-11 14:58:04,2017-07-26 10:57:55,2017-08-01 00:00:00
136cce7faa42fdb2cefd53fdc79a6098,ed0271e0b7da060a393796590e7b737a,invoiced,2017-04-11 12:22:08,2017-04-13 13:25:17,,,2017-05-09 00:00:00
6514b8ad8028c9f2cc2374ded245783f,9bdf08b4b3b52b5526ff42d37d47f222,delivered,2017-05-16 13:10:30,2017-05-16 13:22:11,2017-05-22 10:07:46,2017-05-26 12:55:51,2017-06-07 00:00:00
76c6e866289321a7c93b82b54852dc33,f54a9f0e6b351c431402b8461ea51999,delivered,2017-01-23 18:29:09,2017-01-25 02:50:47,2017-01-26 14:16:31,2017-02-02 14:08:10,2017-03-06 00:00:00
e69bfb5eb88e0ed6a785585b27e16dbf,31ad1d1b63eb9962463f764d4e6e0c9d,delivered,2017-07-29 11:55:02,2017-07-29 12:05:32,2017-08-10 19:45:24,2017-08-16 17:14:30,2017-08-23 00:00:00
e6ce16cb79ec1d90b1da9085a6118aeb,494dded5b201313c64ed7f100595b95c,delivered,2017-05-16 19:41:10,2017-05-16 19:50:18,2017-05-18 11:40:40,2017-05-29 11:18:31,2017-06-07 00:00:00
34513ce0c4fab462a55830c0989c7edb,7711cf624183d843aafe81855097bc37,delivered,2017-07-13 19:58:11,2017-07-13 20:10:08,2017-07-14 18:43:29,2017-07-19 14:04:48,2017-08-08 00:00:00
82566a660a982b15fb86e904c8d32918,d3e3b74c766bc6214e0c830b17ee2341,delivered,2018-06-07 10:06:19,2018-06-09 03:13:12,2018-06-11 13:29:00,2018-06-19 12:05:52,2018-07-18 00:00:00
5ff96c15d0b717ac6ad1f3d77225a350,19402a48fe860416adf93348aba37740,delivered,2018-07-25 17:44:10,2018-07-25 17:55:14,2018-07-26 13:16:00,2018-07-30 15:52:25,2018-08-08 00:00:00
432aaf21d85167c2c86ec9448c4e42cc,3df704f53d3f1d4818840b34ec672a9f,delivered,2018-03-01 14:14:28,2018-03-01 15:10:47,2018-03-02 21:09:20,2018-03-12 23:36:26,2018-03-21 00:00:00
dcb36b511fcac050b97cd5c05de84dc3,3b6828a50ffe546942b7a473d70ac0fc,delivered,2018-06-07 19:03:12,2018-06-12 23:31:02,2018-06-11 14:54:00,2018-06-21 15:34:32,2018-07-04 00:00:00
403b97836b0c04a622354cf531062e5f,738b086814c6fcc74b8cc583f8516ee3,delivered,2018-01-02 19:00:43,2018-01-02 19:09:04,2018-01-03 18:19:09,2018-01-20 01:38:59,2018-02-06 00:00:00
116f0b09343b49556bbad5f35bee0cdf,3187789bec990987628d7a9beb4dd6ac,delivered,2017-12-26 23:41:31,2017-12-26 23:50:22,2017-12-28 18:33:05,2018-01-08 22:36:36,2018-01-29 00:00:00
85ce859fd6dc634de8d2f1e290444043,059f7fc5719c7da6cbafe370971a8d70,delivered,2017-11-21 00:03:41,2017-11-21 00:14:22,2017-11-23 21:32:26,2017-11-27 18:28:00,2017-12-11 00:00:00
83018ec114eee8641c97e08f7b4e926f,7f8c8b9c2ae27bf3300f670c3d478be8,delivered,2017-10-26 15:54:26,2017-10-26 16:08:14,2017-10-26 21:46:53,2017-11-08 22:22:00,2017-11-23 00:00:00
203096f03d82e0dffbc41ebc2e2bcfb7,d2b091571da224a1b36412c18bc3bbfe,delivered,2017-09-18 14:31:30,2017-09-19 04:04:09,2017-10-06 17:50:03,2017-10-09 22:23:46,2017-09-28 00:00:00
f848643eec1d69395095eb3840d2051e,4fa1cd166fa598be6de80fa84eaade43,delivered,2018-03-15 08:52:40,2018-03-15 09:09:31,2018-03-15 19:52:48,2018-03-19 18:08:32,2018-03-29 00:00:00
2807d0e504d6d4894d41672727bc139f,72ae281627a6102d9b3718528b420f8a,delivered,2018-02-03 20:37:35,2018-02-03 20:50:22,2018-02-05 22:37:28,2018-02-08 16:13:46,2018-02-21 00:00:00
95266dbfb7e20354baba07964dac78d5,a166da34890074091a942054b36e4265,delivered,2018-01-08 07:55:29,2018-01-08 08:07:31,2018-01-24 23:16:37,2018-01-26 17:32:38,2018-02-21 00:00:00
f3e7c359154d965827355f39d6b1fdac,62b423aab58096ca514ba6aa06be2f98,delivered,2018-08-09 11:44:40,2018-08-10 03:24:51,2018-08-10 12:29:00,2018-08-13 18:24:27,2018-08-17 00:00:00
fbf9ac61453ac646ce8ad9783d7d0af6,3a874b4d4c4b6543206ff5d89287f0c3,delivered,2018-02-20 23:46:53,2018-02-22 02:30:46,2018-02-26 22:25:22,2018-03-21 22:03:54,2018-03-12 00:00:00
acce194856392f074dbf9dada14d8d82,7e20bf5ca92da68200643bda76c504c6,delivered,2018-06-04 00:00:13,2018-06-05 00:35:10,2018-06-05 13:24:00,2018-06-16 15:20:55,2018-07-18 00:00:00
dd78f560c270f1909639c11b925620ea,8b212b9525f9e74e85e37ed6df37693e,delivered,2018-03-12 01:50:26,2018-03-12 03:28:34,2018-03-12 21:06:37,2018-03-21 14:41:50,2018-03-28 00:00:00
91b2a010e1e45e6ba3d133fa997597be,cce89a605105b148387c52e286ac8335,delivered,2018-05-02 11:45:38,2018-05-03 12:55:01,2018-05-10 16:16:00,2018-05-16 20:56:24,2018-05-23 00:00:00
ecab90c9933c58908d3d6add7c6f5ae3,761df82feda9778854c6dafdaeb567e4,delivered,2018-02-25 13:50:30,2018-02-25 14:47:35,2018-02-26 22:28:50,2018-03-27 23:29:14,2018-04-13 00:00:00
f70a0aff17df5a6cdd9a7196128bd354,456dc10730fbdba34615447ea195d643,delivered,2017-08-10 11:58:33,2017-08-12 02:45:24,2017-08-17 15:35:07,2017-08-18 14:28:02,2017-08-23 00:00:00
1790eea0b567cf50911c057cf20f90f9,52142aa69d8d0e1247ab0cada0f76023,delivered,2018-04-16 21:15:39,2018-04-16 22:10:26,2018-04-18 13:05:09,2018-05-05 12:28:34,2018-05-15 00:00:00
989225ba6d0ebd5873335f7e01de2ae7,816f8653d5361cbf94e58c33f2502a5c,delivered,2017-12-12 13:56:04,2017-12-14 13:54:13,2017-12-16 00:18:57,2018-01-03 18:03:36,2018-01-08 00:00:00
d887b52c6516beb39e8cd44a5f8b60f7,d9ef95f98d8da3b492bb8c0447910498,delivered,2018-02-03 12:38:58,2018-02-03 12:50:30,2018-02-05 21:26:53,2018-02-22 00:07:55,2018-03-07 00:00:00
b276e4f8c0fb86bd82fce576f21713e0,cf8ffeddf027932e51e4eae73b384059,delivered,2018-07-29 23:34:51,2018-07-29 23:45:15,2018-07-30 14:43:00,2018-07-31 22:48:50,2018-08-06 00:00:00
8563039e855156e48fccee4d611a3196,5f16605299d698660e0606f7eae2d2f9,delivered,2018-02-17 15:59:46,2018-02-17 16:15:34,2018-02-20 23:03:56,2018-03-20 00:59:25,2018-03-20 00:00:00
60550084e6b4c0cb89a87df1f3e5ebd9,f5458ddc3545711efa883dd7ae7c4497,delivered,2018-02-21 18:15:12,2018-02-23 02:10:52,2018-02-27 18:52:09,2018-03-13 23:58:43,2018-03-29 00:00:00
5acce57f8d9dfd55fa48e212a641a69d,295ae9b35379e077273387ff64354b6f,delivered,2017-07-31 21:37:10,2017-08-02 02:56:02,2017-08-03 18:32:48,2017-08-08 21:24:41,2017-08-22 00:00:00
434d158e96bdd6972ad6e6d73ddcfd22,2a1dfb647f32f4390e7b857c67458536,delivered,2018-06-01 12:23:13,2018-06-05 03:35:15,2018-06-08 11:49:00,2018-06-18 21:32:52,2018-07-17 00:00:00
7206b86ea789983f7a273ea7fa0bc2a8,3391c4bc11a817e7973e498b0b023158,delivered,2018-03-26 17:12:18,2018-03-26 17:28:27,2018-03-28 17:22:53,2018-04-05 22:11:18,2018-04-12 00:00:00
1e7aff52cdbb2451ace09d0f848c3699,ddaff536587109b89777e0353215e150,delivered,2017-05-19 18:53:40,2017-05-19 19:05:17,2017-05-22 10:16:07,2017-05-31 13:58:46,2017-06-12 00:00:00
6ea2f835b4556291ffdc53fa0b3b95e8,c7340080e394356141681bd4c9b8fe31,delivered,2017-11-24 21:27:48,2017-11-25 00:21:09,2017-12-13 21:14:05,2017-12-28 18:59:23,2017-12-21 00:00:00
948097deef559c742e7ce321e5e58919,8644be24d48806bc3a88fd59fb47ceb1,delivered,2017-08-04 17:10:39,2017-08-04 17:25:11,2017-08-07 17:52:01,2017-08-12 14:08:40,2017-09-01 00:00:00
d22e9fa5731b9e30e8b27afcdc2f8563,756fb9391752dad934e0fe3733378e57,delivered,2018-08-04 23:25:30,2018-08-04 23:35:13,2018-08-06 15:03:00,2018-08-13 23:34:42,2018-09-13 00:00:00
ee64d42b8cf066f35eac1cf57de1aa85,caded193e8e47b8362864762a83db3c5,shipped,2018-06-04 16:44:48,2018-06-05 04:31:18,2018-06-05 14:32:00,,2018-06-28 00:00:00
6ebaec694d7025e2ad4a05dba887c032,4f28355e5c17a4a42d3ce2439a1d4501,delivered,2017-05-18 13:55:47,2017-05-18 14:05:17,2017-05-19 12:01:38,2017-05-29 12:47:20,2017-06-09 00:00:00
d17dc4a904426827ca80f2ccb3a6be56,569cf68214806a39acc0f39344aea67f,delivered,2017-05-14 20:28:25,2017-05-14 20:42:45,2017-05-16 08:17:46,2017-05-25 09:14:31,2017-06-12 00:00:00
25f4376934e13d3508486352e11a5db0,12fd2740039676063a874b9567dfa651,delivered,2018-05-17 16:59:11,2018-05-18 01:17:39,2018-05-18 13:02:00,2018-05-21 15:22:11,2018-05-25 00:00:00
5820a1100976432c7968a52da59e9364,2b56e94c2f66f2d97cfa63356f69cee8,delivered,2018-07-29 11:24:17,2018-07-29 11:44:19,2018-07-30 13:47:00,2018-08-02 22:09:11,2018-08-13 00:00:00
2ce1ad82022c1ba30c2079502ac725aa,7f2178c5d771e17f507d3c1637339298,delivered,2017-08-09 20:19:05,2017-08-11 04:15:29,2017-08-11 17:52:32,2017-08-16 17:16:44,2017-08-31 00:00:00
138849fd84dff2fb4ca70a0a34c4aa1c,9b18f3fc296990b97854e351334a32f6,delivered,2018-02-01 14:02:19,2018-02-03 02:53:07,2018-02-06 19:13:26,2018-02-14 13:41:59,2018-02-23 00:00:00
47aa4816b27ba60ec948cd019cc1afc1,148348ff65384b4249b762579532e248,delivered,2018-06-26 13:42:52,2018-06-27 08:35:32,2018-06-27 13:20:00,2018-07-03 18:37:46,2018-07-20 00:00:00
9faeb9b2746b9d7526aef5acb08e2aa0,79183cd650e2bb0d475b0067d45946ac,delivered,2018-07-26 14:39:59,2018-07-26 14:55:10,2018-07-27 12:04:00,2018-07-31 22:26:55,2018-08-16 00:00:00
641fb0752bf5b5940c376b3a8bb9dc52,f5afca14dfa9dc64251cf2b45c54c363,delivered,2017-12-15 00:06:10,2017-12-15 00:14:55,2017-12-19 01:58:00,2018-01-03 15:09:32,2018-01-16 00:00:00
e425680f760cbc130be3e53a9773c584,f178c1827f67a8467b0385b7378d951a,delivered,2017-08-31 08:15:24,2017-08-31 08:30:17,2017-08-31 20:06:14,2017-09-04 20:59:55,2017-09-20 00:00:00
40c5e18f7d112b59b3e5113a59a905b3,67407057a7d5ee17d1cd09523f484d13,delivered,2018-06-11 10:25:52,2018-06-11 10:58:32,2018-06-14 13:03:00,2018-06-19 00:31:13,2018-07-16 00:00:00
734e7d1bbaeb2ff82521ca0fe6fb6f79,2932d241d1f31e6df6c701d52370ae02,delivered,2018-06-11 08:18:19,2018-06-11 08:31:50,2018-06-11 14:54:00,2018-06-14 21:32:21,2018-07-05 00:00:00
66e4624ae69e7dc89bd50222b59f581f,684fa6da5134b9e4dab731e00011712d,delivered,2018-03-09 14:50:15,2018-03-09 15:40:39,2018-03-15 00:31:19,2018-04-03 13:28:46,2018-04-02 00:00:00
a685d016c8a26f71a0bb67821070e398,911e4c37f5cafe1604fe6767034bf1ae,delivered,2017-03-13 18:14:36,2017-03-13 18:14:36,2017-03-22 14:03:09,2017-04-06 13:37:16,2017-03-30 00:00:00
2edfd6d1f0b4cd0db4bf37b1b224d855,241e78de29b3090cfa1b5d73a8130c72,delivered,2017-06-13 21:11:26,2017-06-15 03:05:45,2017-06-16 14:55:37,2017-06-19 18:51:28,2017-07-06 00:00:00
68873cf91053cd11e6b49a766db5af1a,4632eb5a8f175f6fe020520ae0c678f3,delivered,2017-11-30 22:02:15,2017-12-02 02:51:18,2017-12-04 22:07:01,2017-12-05 20:28:40,2017-12-18 00:00:00
f346ad4ee8f630e5e4ddaf862a34e6dd,dd5095632e3953fc0947b8ab5176b0be,delivered,2018-08-05 13:09:48,2018-08-05 13:24:34,2018-08-06 13:41:00,2018-08-10 18:35:40,2018-08-15 00:00:00
8f06cc6465925031568537b815f1198d,9916715c2ab6ee1710c9c32f0a534ad2,delivered,2017-11-15 11:31:41,2017-11-15 11:46:42,2017-11-16 22:03:00,2017-11-22 22:41:07,2017-12-05 00:00:00
ccbabeb0b02433bd0fcbac46e70339f2,c77ee2d8ba1614a4d489a44166894938,delivered,2018-02-19 20:31:09,2018-02-21 06:15:25,2018-02-22 21:04:23,2018-03-09 22:22:25,2018-03-13 00:00:00
688052146432ef8253587b930b01a06d,81e08b08e5ed4472008030d70327c71f,delivered,2018-04-22 08:48:13,2018-04-24 18:25:22,2018-04-23 19:19:14,2018-04-24 19:31:58,2018-05-15 00:00:00
f271576bed568e896f99eb710cd3a6f8,5dda11942d4f77bee3a46d71e442aec4,delivered,2018-01-07 21:44:54,2018-01-07 21:51:28,2018-01-10 21:56:09,2018-01-17 20:26:31,2018-02-14 00:00:00
686541986ecfb7d9296eb67719973bf0,74805bc388861fa350ed2fade8444e0b,delivered,2018-02-10 13:26:59,2018-02-10 13:35:31,2018-02-14 20:47:38,2018-02-20 22:13:08,2018-03-12 00:00:00
68e48e68da1f50f7c5838ea75e3a20dd,4afc1dcca5fe8926fc97d60a4497f8ab,delivered,2018-06-18 16:02:23,2018-06-18 17:00:57,2018-06-19 15:55:00,2018-06-22 21:18:51,2018-07-13 00:00:00
b52cc4919de82b4d696a4380d10804a3,be8c14c16a4d47194ccdfe10f1fc5b1a,delivered,2018-06-13 13:47:39,2018-06-15 02:37:29,2018-06-15 14:22:00,2018-06-18 22:32:44,2018-06-26 00:00:00
fdf128b3630c21adc9ca4fb8a51b68ec,a9d37ddc8ba4d9f6dbac7d8ec378cc95,delivered,2018-07-15 08:33:19,2018-07-16 14:31:10,2018-07-17 15:33:00,2018-07-24 16:41:18,2018-08-02 00:00:00
a6aeb116d2cb5013eb8a94585b71ffef,bb2f5e670f7155dc622c57e4b31d0a69,delivered,2017-09-13 14:27:11,2017-09-13 14:44:39,2017-09-15 18:42:29,2017-09-16 15:40:08,2017-09-25 00:00:00
fa516182d28f96f5f5c651026b0749ee,55e6b290205c84ddd23ddf5eb134efd4,delivered,2018-04-13 08:44:17,2018-04-13 13:30:02,2018-04-13 22:19:21,2018-04-19 20:41:45,2018-05-08 00:00:00
6abaad69b8b349c3a529b4b91ce18e46,f5618502bee8eafdee72fb6955e2ebdf,delivered,2018-02-15 10:33:30,2018-02-15 10:47:59,2018-02-20 14:15:09,2018-02-24 19:15:56,2018-03-07 00:00:00
974c1993ab8024d3ed16229183c2308d,a90391a47de936d56c66a5366cba1462,delivered,2017-02-20 11:45:39,2017-02-22 03:10:20,2017-02-23 06:47:35,2017-03-09 14:27:58,2017-03-21 00:00:00
82bce245b1c9148f8d19a55b9ff70644,388025bec8128ff20ec1a316ed4dcf02,delivered,2017-04-20 17:15:46,2017-04-21 05:15:56,2017-04-24 09:34:13,2017-05-10 09:17:55,2017-05-12 00:00:00
a910f58086d58b3ae6f37aa712d377b9,afb19a4b667cb708caab312757ec3d3f,delivered,2017-09-15 09:19:48,2017-09-15 09:35:18,2017-09-18 18:20:00,2017-09-25 20:14:48,2017-10-11 00:00:00
bd4bd0194d6d29f83b8557d4b89b572a,636e15840ab051faa13d3f781b6e4233,delivered,2018-07-28 16:52:55,2018-07-31 03:50:24,2018-08-01 16:01:00,2018-08-06 18:44:46,2018-08-08 00:00:00
634e8f4c0f6744a626f77f39770ac6aa,05e996469a2bf9559c7122b87e156724,delivered,2017-08-09 18:32:47,2017-08-09 18:45:18,2017-08-10 20:21:53,2017-08-16 18:17:54,2017-08-31 00:00:00
6d25592267349b322799e2beb687871e,5bb39c890c91b1d26801aa19a9336eac,delivered,2018-08-26 22:04:34,2018-08-28 04:10:18,2018-08-28 12:56:00,2018-08-29 12:40:53,2018-08-30 00:00:00
b8801cccd8068de30112e4f49903d74a,f26a435864aebedff7f7c84f82ee229f,delivered,2017-07-30 03:06:35,2017-07-30 03:25:08,2017-07-31 16:42:54,2017-08-01 14:27:31,2017-08-16 00:00:00
2711a938db643b3f0b62ee2c8a2784aa,29cb486c739f9774c8eb542e07b56cd2,delivered,2017-12-22 00:17:37,2017-12-23 02:15:31,2017-12-27 19:54:46,2018-01-09 19:52:32,2018-01-19 00:00:00
3bc77ce8be27211bac313c2daa402d1a,bf141bf67fbe428d558bcf0e018eab60,delivered,2017-04-06 22:39:29,2017-04-06 22:50:24,2017-04-07 14:54:18,2017-04-11 12:31:36,2017-04-27 00:00:00
10c320f977c6a18f91b2d14be13128c6,b673f0597cb0c4d12778f731045f361a,delivered,2017-05-09 20:48:59,2017-05-09 21:02:45,2017-05-10 11:22:15,2017-05-18 13:22:35,2017-06-01 00:00:00
0a4a2fccb27bd83a892fa503987a595b,6772a0a230a2667d16c3620f000e1348,delivered,2017-04-20 20:42:44,2017-04-20 20:55:09,2017-04-25 08:23:08,2017-05-11 13:07:46,2017-05-25 00:00:00
e4de6d53ecff736bc68804b0b6e9f635,9f6618c17568ac301465fe7ad056c674,delivered,2017-10-16 14:56:50,2017-10-17 03:49:34,2017-10-27 22:14:21,2017-11-08 21:25:24,2017-11-21 00:00:00
6b860b35691d486e45dc98e3514ec5f6,fee181bf648906d1c57f84f216976286,delivered,2017-12-08 09:42:43,2017-12-09 02:49:54,2017-12-11 15:19:04,2017-12-19 18:43:35,2018-01-03 00:00:00
ec341c54a5ebf8ee0a67a8632aa7579b,df9b032b2ad0fd6bf37dfb48e5f83845,delivered,2017-08-26 16:53:30,2017-08-27 17:04:12,2017-08-30 13:26:32,2017-09-08 20:39:56,2017-09-21 00:00:00
cadbb3657dac2dbbd5b84b12e7b78aad,93ada7a24817edda9f4ab998fa823d16,delivered,2018-02-27 12:55:42,2018-03-01 02:48:54,2018-03-03 02:27:03,2018-03-16 14:59:01,2018-03-29 00:00:00
9defaf92cff22420e4e8ef7784815a55,64fb950e760ec8b0db79154a1fa9c1bf,delivered,2018-05-11 13:10:51,2018-05-11 13:36:50,2018-05-16 14:43:00,2018-05-21 16:09:55,2018-06-05 00:00:00
20e0101b20700188cadb288126949685,48558a50a7ba1aab61891936d2ca7681,delivered,2018-01-22 19:22:22,2018-01-22 19:36:35,2018-01-24 23:32:21,2018-02-15 20:08:15,2018-02-19 00:00:00
0e782c3705510e717d28907746cbda82,3a897024068ed42a183de61d5727d866,delivered,2018-05-01 08:12:37,2018-05-01 08:52:58,2018-05-02 19:01:00,2018-05-04 14:02:26,2018-05-16 00:00:00
d3d6788577c9592da441752e8a1dd5e3,8628fac2267e8c8804525da99c10ed0e,delivered,2017-09-19 22:17:15,2017-09-20 07:55:14,2017-09-22 17:23:09,2017-10-10 18:43:53,2017-10-13 00:00:00
86f21bf63784876b9fd6d35f46581d72,332df68ccac2f2f7d9e11299188f8bce,delivered,2018-04-11 22:32:31,2018-04-11 22:49:32,2018-04-14 00:02:39,2018-04-27 23:14:42,2018-05-21 00:00:00
8447ff843b2616c50c0ced28ab1dae03,e28dd4261bed9c7ba89ecaf411b88f7c,delivered,2017-12-20 23:45:07,2017-12-22 02:37:45,2017-12-23 13:10:45,2018-01-09 18:14:02,2018-01-22 00:00:00
f169bd689fb8b32ccd62df9050aebc0b,82f0b75bb50fcb30711e5277e36b3983,delivered,2018-04-22 23:23:18,2018-04-24 19:24:14,2018-04-27 13:46:00,2018-04-30 17:57:25,2018-05-07 00:00:00
77e9941864fc840be8e4b1ba5347c0f7,3135962ee745ef39b85576df7ddbaa99,delivered,2018-08-03 08:59:39,2018-08-03 09:31:36,2018-08-03 10:10:00,2018-08-17 00:49:41,2018-08-27 00:00:00
41bb5cee06dbf170878a9ef93ac7e7f5,1833a0540067becaf59368fe4cd4303a,delivered,2018-05-14 08:35:33,2018-05-14 08:52:24,2018-05-16 14:46:00,2018-05-18 14:48:38,2018-06-08 00:00:00
6a0a8bfbbe700284feb0845d95e0867f,68451b39b1314302c08c65a29f1140fc,delivered,2017-11-22 11:32:22,2017-11-22 11:46:50,2017-11-27 13:39:35,2017-12-28 19:43:00,2017-12-11 00:00:00
f7959f8385f34c4f645327465a1c9fc4,0bf19317b1830a69e55b40710576aa7a,delivered,2017-03-30 07:50:33,2017-03-30 08:05:08,2017-03-30 10:55:54,2017-04-10 02:59:52,2017-04-26 00:00:00
23f553848a03aaab35bb3f9f87725125,c622b892a190735ef81c0087973fa16d,delivered,2018-06-05 09:10:34,2018-06-05 09:32:22,2018-06-06 15:37:00,2018-06-18 12:36:54,2018-07-23 00:00:00
e3447938231fb6ba2fee0231b51eca59,2c3642e1392097fb4af76a76fec16a46,delivered,2018-08-26 11:04:26,2018-08-26 11:15:29,2018-08-27 15:52:00,2018-08-28 21:06:31,2018-08-30 00:00:00
e346cd9299371b18c0b28e8e29a5e376,fb9590a1e30e0ba8304ea73a31325797,delivered,2017-05-17 08:36:11,2017-05-17 08:45:09,2017-05-17 10:13:52,2017-05-23 13:32:30,2017-06-06 00:00:00
a5474c0071dd5d1074e12d417078bbd0,ef15b3240b2083e0487762ee2978d2b8,delivered,2018-07-30 22:41:44,2018-08-01 02:50:15,2018-08-02 10:35:00,2018-08-03 19:28:47,2018-08-02 00:00:00
0760a852e4e9d89eb77bf631eaaf1c84,d2a79636084590b7465af8ab374a8cf5,invoiced,2018-08-03 17:44:42,2018-08-07 06:15:14,,,2018-08-21 00:00:00
bb7c5cf4dff9994daeab7c8ee9d287aa,9a4900710ff76d73cb3a0d152e73adf0,delivered,2018-03-01 22:14:26,2018-03-02 22:08:51,2018-03-05 17:32:31,2018-03-09 14:48:21,2018-03-26 00:00:00
66d03fb3c4b0f80b5db04ef9c260336d,c39bde0d4030d5e31e654f0c20db9786,delivered,2018-02-06 21:09:10,2018-02-06 21:29:40,2018-02-07 17:13:05,2018-02-16 20:24:42,2018-03-07 00:00:00
a6cd683d4bd3b9b1f0aa37b27f8116d3,48f239e15744ed5e7ffbafc6bb6e882b,delivered,2017-01-28 23:45:53,2017-01-29 01:31:48,2017-02-01 14:25:06,2017-02-10 17:30:19,2017-03-10 00:00:00
bfe42c22ecbf90bc9f35cf591270b6a7,803ac05904124294f8767894d6da532b,delivered,2018-01-27 22:04:34,2018-01-27 22:16:18,2018-02-03 03:56:00,2018-02-09 20:16:40,2018-02-26 00:00:00
e1da8361c76cab67aa3588a1fbf1af54,dd854e24b40e3bc2b306946dee252015,delivered,2017-07-01 15:42:32,2017-07-04 04:10:19,2017-07-04 14:52:46,2017-07-12 20:17:57,2017-07-25 00:00:00
af5b0604e113e1526593d505a26ef39d,b896b244963dc7543d400ad82d6710e0,delivered,2017-09-27 12:07:22,2017-09-27 12:26:02,2017-09-29 22:25:42,2017-09-30 17:13:01,2017-10-16 00:00:00
9d531c565e28c3e0d756192f84d8731f,d4faa220408c20e53595d2950f361f3b,delivered,2017-11-28 21:00:44,2017-12-01 09:31:15,2017-12-14 20:37:43,2018-01-23 21:38:52,2017-12-22 00:00:00
4da3bd761ca73d692ae0f5c252495546,65ee4aa816cda8ad41e05c75e1cb691e,delivered,2018-02-01 12:31:21,2018-02-01 12:54:33,2018-02-02 00:39:31,2018-02-02 16:12:53,2018-02-19 00:00:00
80d817467dc3d0a4bb5ab8986c962b1f,a4a2abd07b1cdd4902cf245cdfa1451d,delivered,2018-08-22 16:10:29,2018-08-22 16:25:19,2018-08-23 14:33:00,2018-08-28 14:52:43,2018-09-05 00:00:00
c75acba615d2db29345327974641467d,2b47ff70d422cc3ada976dea40f48782,delivered,2018-07-06 23:36:15,2018-07-07 10:10:09,2018-07-10 14:25:00,2018-07-13 17:18:42,2018-08-10 00:00:00
210e60465099814a1d2c7635e4065153,fc849c5fbc7e2b0c7cfebc138886c693,delivered,2018-05-09 18:27:00,2018-05-09 18:54:13,2018-05-10 16:07:00,2018-05-22 00:08:26,2018-05-29 00:00:00
8fc207e94fa91a7649c5a5dab690272a,c69f8b33e62ecb30ff78ae46d7fb9241,delivered,2017-11-26 17:49:46,2017-11-26 17:58:34,2017-11-28 23:17:09,2018-01-20 13:42:22,2017-12-19 00:00:00
4b3a605942f29d490cb74bd6ace6b9f0,e8a332c3433fbd37920ec89fc295d075,delivered,2017-09-29 09:32:17,2017-09-29 09:44:12,2017-09-29 21:58:48,2017-09-30 16:55:39,2017-10-17 00:00:00
1c35ac660d7ef6691b25d20df3d6eccb,68c85132eb3b96fbe6cbddc09a568d24,delivered,2017-06-27 23:11:57,2017-06-27 23:35:09,2017-06-28 14:28:00,2017-06-29 10:16:35,2017-07-10 00:00:00
01a75ac3dd000b7628a684be97c29234,57ee2ef64f17a5f9a4bf30489b06326c,delivered,2018-01-23 10:32:39,2018-01-23 10:59:10,2018-01-26 19:12:26,2018-02-07 14:59:03,2018-02-21 00:00:00
0c6b011f8a4f87010c23995f5807d152,a78b75a2ad06180de06b82857ca442b3,delivered,2018-08-20 18:24:30,2018-08-20 18:35:26,2018-08-21 11:53:00,2018-08-28 13:43:41,2018-09-13 00:00:00
ee0c5c649e17808bc4a363d3a80ebf85,cc3590e4afbb4b3e056b50a80a6a7d0c,delivered,2018-01-30 07:51:17,2018-01-30 08:13:43,2018-01-31 15:06:03,2018-02-20 15:25:04,2018-02-21 00:00:00
f2fa3795760c35b8c05fa8e2f09d5143,fac60d7c4df3896a5af5db6c91e03797,delivered,2018-03-31 14:20:46,2018-04-03 05:10:21,2018-04-05 00:44:42,2018-04-07 00:06:33,2018-05-04 00:00:00
3923e3ade70348985bd2ca389905cf19,6454e6cba392b35aa21527063026fc92,delivered,2018-03-07 23:00:33,2018-03-09 03:00:35,2018-03-14 02:08:26,2018-03-19 18:46:32,2018-03-29 00:00:00
e37797aedc7cd4ef82278fbc169eecaf,4c9c7c2b6de6ee2568681b5599bb7495,delivered,2018-05-08 22:12:34,2018-05-08 22:31:43,2018-05-10 13:35:00,2018-05-14 18:55:59,2018-05-23 00:00:00
35660aec0cc42b6257e24281ee0e6255,b53cc3c992caaa45ec73cfdde4d839b5,delivered,2017-03-30 14:46:00,2017-03-30 14:55:17,2017-04-10 18:53:49,2017-04-27 11:08:55,2017-05-12 00:00:00
b01875821b8dcb6abc61776f0f971bce,818596f5b68adfe2c11498ebb6d39e02,delivered,2017-11-24 21:55:22,2017-11-25 01:31:43,2017-11-28 22:37:15,2017-12-01 21:11:40,2017-12-15 00:00:00
5164933efe0cd14f31424b9badf81f19,d0e71d7a6dbca8ac513ac63d08a81fa0,delivered,2018-04-25 22:18:10,2018-04-25 22:31:56,2018-04-26 12:35:00,2018-04-27 16:50:03,2018-05-14 00:00:00
06a6627d9cc91a04e9d146bf65fee0a2,61449fa1b8b8998c9c3f3a7f0ae954ef,delivered,2017-07-16 10:27:45,2017-07-16 10:35:14,2017-07-18 12:34:04,2017-07-21 19:59:36,2017-08-04 00:00:00
15bed8e2fec7fdbadb186b57c46c92f2,f3f0e613e0bdb9c7cee75504f0f90679,processing,2017-09-03 14:22:03,2017-09-03 14:30:09,,,2017-10-03 00:00:00
5447160f15621601fa9ba2b94f4906b3,9c338ea8093192e203bc16add78c123c,delivered,2017-11-21 12:08:32,2017-11-21 12:40:55,2017-11-22 20:17:08,2017-11-28 20:33:38,2017-12-14 00:00:00
01855f880aae9a984c7c33b26fcf2e02,2e068340b3037f667ce3224bd59260af,delivered,2017-10-19 15:08:48,2017-10-19 15:35:35,2017-10-23 13:14:16,2017-10-24 15:57:46,2017-10-31 00:00:00
65312c6e4ce03c0fb633a4ac541949d8,228da462edabbbc68e6d265087499705,delivered,2018-07-22 15:19:05,2018-07-23 12:32:22,2018-07-25 10:06:00,2018-08-02 21:08:57,2018-08-13 00:00:00
741fd1b80f015f170a7f458cf86769b8,df5c9e02596851fcbfc98804e4108bbd,delivered,2017-12-02 14:28:03,2017-12-02 14:38:30,2017-12-04 21:54:27,2017-12-11 16:17:04,2018-01-04 00:00:00
b16cec67cb3f5a4bb31abe8988b43d19,62ffae18a7ca4b2e681c6296180ae346,delivered,2018-03-26 09:14:26,2018-03-26 09:28:24,2018-03-27 17:21:48,2018-03-29 20:08:43,2018-04-20 00:00:00
e6190dea235662449d160357e46eaec8,b80feb27fb4955a21bca55fdb039af17,delivered,2018-01-09 06:37:43,2018-01-09 07:27:15,2018-01-09 18:35:02,2018-01-15 14:56:58,2018-02-06 00:00:00
8eeda294fab8a5ed70259afb59a10ff8,6feea03756fd7ef4fb37d8f7e44aaeb9,delivered,2018-02-06 18:25:39,2018-02-07 02:35:40,2018-02-07 22:15:04,2018-02-14 19:07:41,2018-03-08 00:00:00
89165e6d4c28047da0adf13ac8b3e1b3,4924a47e8cd5630b3564e26fac55c5ec,delivered,2018-07-18 13:39:54,2018-07-18 13:50:14,2018-07-24 14:14:00,2018-07-26 18:26:37,2018-07-30 00:00:00
f376081d7c5f1767fbc7fae2d19ca32e,d68901955dc622165460ba6cb4ac49f3,delivered,2017-03-28 16:03:34,2017-03-28 16:15:15,2017-03-29 13:23:55,2017-03-31 10:07:25,2017-04-17 00:00:00
4b87488fb6269f8321508923b95da4d6,e42998ccffc48dc87bf70b37e2d61f33,delivered,2018-06-08 12:19:58,2018-06-08 12:37:01,2018-06-11 08:23:00,2018-06-15 20:58:47,2018-07-05 00:00:00
e9ce52cd563d0124dced659e69eab10a,9a80c8377644236e27f59e83862f1ae2,delivered,2017-07-10 12:23:05,2017-07-12 02:10:59,2017-07-13 18:35:37,2017-07-17 17:03:47,2017-07-28 00:00:00
9344ccd01ff5fa7ec2aef0ee7e1c49c3,4fd75fb5ef1f01c7585bf746092a1544,delivered,2018-05-16 16:10:21,2018-05-18 04:54:31,2018-05-21 07:09:00,2018-05-24 19:04:00,2018-06-04 00:00:00
f4471dae8c482f51aa1826cd9f5d4433,167b9485947ed0a354a3f8dad04eb199,delivered,2018-07-05 18:40:47,2018-07-05 18:55:15,2018-07-10 15:10:00,2018-07-11 21:16:47,2018-07-19 00:00:00
aeb4c9d05ab11d7c6c9ca24f8c43bd70,fa5c31ea5a141cb29a683b6420f2693a,delivered,2017-09-20 17:12:34,2017-09-21 14:44:35,2017-09-22 17:54:05,2017-09-28 19:47:42,2017-10-18 00:00:00
33a3edb84b9df4cb49546859b990ac6d,35ec6c1ca9e5844c5ca94214cce16dca,delivered,2018-02-21 17:15:49,2018-02-22 16:10:41,2018-02-23 22:42:43,2018-03-22 00:03:53,2018-03-16 00:00:00
9885fff91f7c807525f8320e5292a3db,83257fb6f3a1edd3a75464178aa3f382,delivered,2018-01-10 14:18:40,2018-01-11 02:48:39,2018-01-12 14:15:26,2018-01-24 23:16:49,2018-01-31 00:00:00
e7a65190baa4e6fd192246157c0b81fb,7d986867cfcd083f25ad4f692bd2df06,delivered,2017-04-26 16:14:11,2017-04-27 17:22:58,2017-04-28 12:43:07,2017-05-12 14:04:02,2017-05-29 00:00:00
62a12e4d2a742b2491d7c00d2d79bf52,b60550c21000f91484c7d2aa2b8c522e,delivered,2017-11-27 19:24:52,2017-11-27 19:39:02,2017-11-28 22:58:14,2017-12-08 15:41:46,2017-12-27 00:00:00
90349f264a3d6a2525a34598d09dda6b,d19f254a07da73a055409256e9bfe40a,delivered,2018-05-11 16:35:19,2018-05-12 03:32:26,2018-05-14 15:16:00,2018-05-15 18:38:39,2018-05-21 00:00:00
95cf9f239f724799131f7ca949209bd9,7251aa758779438faea714941f1051c4,delivered,2018-05-25 08:54:21,2018-05-25 09:16:24,2018-05-28 15:43:00,2018-05-30 15:06:44,2018-06-12 00:00:00
04a59fe46fc5aa341da5378c195ed53c,2d8748fb35d51c2fd273ee67fff78b7a,delivered,2017-11-26 09:32:06,2017-11-28 09:35:11,2017-11-28 19:18:52,2017-12-11 19:03:18,2017-12-19 00:00:00
86b37610c0e86e94afe3d5ba4b73fa14,86ff82570097f39b2193254f540e4a69,delivered,2017-11-17 21:14:42,2017-11-22 02:49:29,2017-11-22 17:37:09,2017-12-05 20:23:33,2017-12-20 00:00:00
5c2d1d55c31db1cbe069dc9b6454b897,15bea20cd005ed59d34db54c6b32ec98,delivered,2018-07-23 18:27:07,2018-07-24 10:32:48,2018-07-25 14:10:00,2018-08-01 19:31:47,2018-08-10 00:00:00
1d067305b599c1e0dceb3864056ea527,0489975a325480c9e385e9f135bb13c3,delivered,2018-02-14 13:05:17,2018-02-14 13:15:38,2018-02-20 20:12:57,2018-03-09 21:52:36,2018-03-09 00:00:00
abc5ec9ecaec740b498a37f19c29a8c0,85aa7dc7ea24c96b5ac7864f13922495,delivered,2017-04-30 22:43:56,2017-04-30 22:55:09,2017-05-02 13:58:16,2017-05-12 12:04:38,2017-06-05 00:00:00
6942b8da583c2f9957e990d028607019,52006a9383bf149a4fb24226b173106f,shipped,2018-01-10 11:33:07,2018-01-11 02:32:30,2018-01-11 19:39:23,,2018-02-07 00:00:00
c3cb4c7c4b963ab08b07a5dca5baf05d,38ccd077e65d89b8a720be73bfaa9c6f,delivered,2017-05-15 16:29:03,2017-05-16 03:35:16,2017-05-17 09:24:51,2017-05-23 12:51:55,2017-06-08 00:00:00
af66c46c49bdb3bf2f862efb1eb67d81,9e3a06f863456c3934b9d26037c119cd,delivered,2017-07-22 19:16:47,2017-07-22 19:25:18,2017-07-25 19:14:13,2017-07-31 18:17:45,2017-08-11 00:00:00
14e6e050a57912543937e93051cc7b2c,d006bd8339ac9891923132af6408f557,delivered,2018-06-24 19:01:52,2018-06-24 19:20:23,2018-06-25 15:57:00,2018-06-28 13:03:08,2018-07-27 00:00:00
cefa8ee1540139ac77fa0c1b4ff1f04b,3b9388d1014c8090f77595c5e9f2ce94,delivered,2018-07-02 12:54:20,2018-07-02 13:10:15,2018-07-03 15:04:00,2018-07-06 11:52:07,2018-07-25 00:00:00
265f4e28ef8cf69f8445e2951bbe7343,c572fd6cdd98e87ea2bc433b6da21078,delivered,2017-03-06 00:14:28,2017-03-06 00:33:11,2017-03-06 09:54:32,2017-03-20 09:28:56,2017-04-11 00:00:00
34276839abbc2d596eb36540d36c624c,6968ea6ff6368619de4d031a15d5c9a6,delivered,2017-10-04 23:02:21,2017-10-04 23:14:17,2017-10-05 18:37:19,2017-10-20 16:18:59,2017-11-09 00:00:00
556bbf53c2c22fbb9ef31a414dd444a6,5883f965ac70043c2e908c3657c5d548,delivered,2017-12-21 17:43:41,2017-12-21 17:56:24,2017-12-26 16:59:04,2018-01-04 21:56:01,2018-01-22 00:00:00
36530871a5e80138db53bcfd8a104d90,4dafe3c841d2d6cc8a8b6d25b35704b9,shipped,2017-05-09 11:48:37,2017-05-11 11:45:14,2017-05-11 13:21:47,,2017-06-08 00:00:00
b2bd1f09c1b8a4a36940f6f6e49d5dec,8ed14e450a6268ec13f325e7c2eafeed,delivered,2018-02-02 16:15:41,2018-02-02 16:36:26,2018-02-06 01:28:26,2018-02-20 18:09:29,2018-03-07 00:00:00
e69e2290db6b2d3b7593a40112e1a82a,3a017955f82b5bf61bb51aec865a01ca,delivered,2018-06-01 11:26:06,2018-06-02 03:15:28,2018-06-04 13:08:00,2018-06-05 17:44:39,2018-07-04 00:00:00
c8627adf430caff83161acbeb344d8f5,078d86e7bf40b188f0e5ed6d866c21c4,delivered,2018-08-09 16:23:03,2018-08-09 17:30:25,2018-08-10 12:32:00,2018-08-14 19:12:05,2018-08-21 00:00:00
1370fae9b19ee5e01a2d609eb18b7c8a,22eb8142d6313bab19fa6c657170ae6b,delivered,2017-11-15 13:47:34,2017-11-15 13:55:31,2017-11-17 15:12:12,2017-12-06 01:12:12,2017-12-14 00:00:00
a7cd6af6e0519313887b3c3a120f20ca,a559b10d4f093640a0ed4693ce16ed02,delivered,2018-04-26 11:59:05,2018-04-26 12:11:18,2018-04-27 11:49:00,2018-05-03 02:52:58,2018-05-07 00:00:00
663830a477534735bbdec9de01113fa2,c1ddb7521d14db9071dccad0a94305c2,delivered,2018-07-15 12:37:12,2018-07-16 12:30:53,2018-07-16 14:33:00,2018-07-23 23:56:47,2018-08-13 00:00:00
b2f3763408103bc7173bb36ed02dbeea,d0e6cb83a3fc27f56be011b2941f54c6,delivered,2018-05-30 22:33:08,2018-05-30 22:55:45,2018-06-11 14:44:00,2018-06-18 23:07:33,2018-07-16 00:00:00
0dad6beca7ed0e352668498c29089900,2528510465c7572dedee4431a7d52e08,delivered,2017-12-02 14:08:33,2017-12-02 14:17:20,2017-12-08 21:21:12,2017-12-13 09:44:38,2017-12-27 00:00:00
93ec3e2c9a4beee38c28973d307093e1,330ca6b207006779da875ef48faef608,delivered,2018-03-29 14:27:41,2018-03-29 14:35:21,2018-04-04 23:16:22,2018-04-06 22:52:39,2018-04-11 00:00:00
5561adcb0fd46da4cad3048fa4e7fc00,819b0aa9b717f6d78c0f72211bafebe3,delivered,2018-06-25 15:36:18,2018-06-25 15:58:17,2018-06-26 14:58:00,2018-06-27 17:18:42,2018-07-11 00:00:00
6245ae0abd9de1ae647b5da78c0ea69b,d68585c54450af4bfc04cc6cccbcd607,delivered,2017-09-11 07:54:38,2017-09-11 08:10:08,2017-09-13 18:22:19,2017-09-16 16:12:24,2017-09-27 00:00:00
ce9feeba53c652dd6569cca62e2bb287,f7398fc942c8fa80e5419ae52e49f7fb,delivered,2018-04-15 19:42:06,2018-04-15 19:55:20,2018-04-19 14:32:30,2018-04-20 23:12:11,2018-04-26 00:00:00
565923f847aad52e7638eb189cce3b51,a2cb2bc236e62cf807925d6cecc245c6,delivered,2018-01-13 08:19:23,2018-01-13 08:29:22,2018-01-15 22:55:00,2018-01-23 18:22:46,2018-02-15 00:00:00
36ebb4199031e72a1fa964549b88c377,eecf2b94cdbe9ef6245fabb5e091c987,delivered,2018-04-04 08:39:50,2018-04-04 08:50:15,2018-04-07 00:49:39,2018-04-16 23:35:26,2018-05-02 00:00:00
232b75e8b6faa6ca2063184414e634a7,0a11cb0fb65032da800b780afcc1a1b7,delivered,2017-09-26 12:32:39,2017-09-27 03:35:03,2017-10-04 08:03:59,2017-10-09 18:32:42,2017-10-20 00:00:00
ee990334acb0ff9333b01afa465f3006,a8331c35b57d8fe09e8df1c06509de29,delivered,2018-02-28 17:00:28,2018-03-02 02:10:55,2018-03-02 22:18:35,2018-03-22 10:18:36,2018-04-02 00:00:00
780fe22baa36991bdbb1559f5b549596,e1862648f338ecaf4242e8e2b59126ca,delivered,2017-04-22 19:26:47,2017-04-22 19:41:06,2017-04-24 11:04:27,2017-04-28 14:37:16,2017-05-15 00:00:00
58ac1947c1a9067b9f416cba6d844a3f,ee8e1d37f563ecc11cc4dcb4dfd794c2,delivered,2017-09-13 09:18:50,2017-09-13 13:45:43,2017-09-14 21:20:03,2017-09-21 21:16:17,2017-09-25 00:00:00
ba4ddff2b9082f079de9a84d7a5605fd,fbfba770bf13f470f63d1854a765a2d3,delivered,2018-01-18 09:30:54,2018-01-18 09:38:30,2018-01-18 23:43:46,2018-01-20 17:56:44,2018-02-02 00:00:00
75351e48296ef42211a0b80c427aae57,cf9e2b07f78cce347089900f49fb4746,delivered,2017-03-14 16:25:43,2017-03-14 16:25:43,2017-03-30 13:22:17,2017-04-03 13:37:42,2017-04-10 00:00:00
64a2b20e6611bf80d933549f4c45ad84,de62761e79f4ae4169cab45ed5f36026,delivered,2017-12-20 12:30:40,2017-12-21 02:11:52,2017-12-22 20:41:54,2018-01-09 15:44:20,2018-01-19 00:00:00
775130c792f4c6460c63162e994a1114,d4cd9729eeca5306a2c039fe6e55601e,delivered,2017-12-04 17:24:57,2017-12-04 18:30:29,2017-12-05 16:09:06,2017-12-11 18:52:10,2018-01-04 00:00:00
b0928556a10706af462ca2ab2c91903b,0b9e85491c194a97516c87f30a93abfa,delivered,2018-08-03 22:23:06,2018-08-03 22:35:17,2018-08-06 13:40:00,2018-08-14 18:16:42,2018-08-23 00:00:00
5487a8ac1699754d975f853ce8bb9321,a51b373c427132a77b112ca10f502c4f,delivered,2018-03-29 14:29:44,2018-04-03 05:48:50,2018-04-04 01:13:40,2018-04-08 16:22:04,2018-04-20 00:00:00
00571ded73b3c061925584feab0db425,3c628393675b42c6b5ef89461f68ecef,delivered,2017-05-18 20:59:24,2017-05-18 21:10:16,2017-05-22 15:50:30,2017-05-30 09:12:44,2017-06-12 00:00:00
74ebfa44a323c96a7760bd693d690a3d,13fd7ce9f08449dec2533119379a2527,delivered,2017-06-16 00:22:49,2017-06-16 00:35:26,2017-06-16 15:37:52,2017-06-26 13:49:52,2017-07-18 00:00:00
37104fd8b73d0691fda9491fe8906808,328d7a69cb9cbaf088eed3ed778804bb,delivered,2017-07-05 09:16:49,2017-07-07 02:50:37,2017-07-07 21:03:12,2017-07-17 17:23:48,2017-08-07 00:00:00
b6b3633f97c686d8e188ac6fa29ff20d,8d3d362741da05c706eb55001bdfa1b9,delivered,2018-07-27 12:45:51,2018-07-27 13:04:20,2018-08-02 13:33:00,2018-08-06 17:20:53,2018-08-17 00:00:00
37e32b54f25d2472acbc642f7e539a36,0f5b40f9925b49675464fb74869c6547,delivered,2017-07-08 14:12:08,2017-07-08 14:25:09,2017-07-11 14:36:51,2017-07-17 20:39:33,2017-08-03 00:00:00
43d88b0e949865904334dd5b3ca63f50,aa601b3c45980c0918042d5ca7a25054,delivered,2018-03-15 16:59:11,2018-03-15 17:15:42,2018-03-19 15:03:06,2018-03-20 16:13:27,2018-04-02 00:00:00
5e99f3c445038a0709b2aea8e34ed593,243ee97e01766bf68c3e30f0fe572490,delivered,2017-06-25 19:30:09,2017-06-25 19:45:10,2017-06-26 18:41:35,2017-07-04 10:51:55,2017-07-14 00:00:00
f61b61c2cbb4192ccaf9c2c76a4cc971,525125633cfc0f64d4a991240953f2b5,delivered,2018-02-28 21:27:43,2018-02-28 21:48:27,2018-03-07 01:38:40,2018-03-09 13:46:21,2018-03-13 00:00:00
6d7de866a140b19d09e825b2a4e944c7,9e5ce657315b2bdb94033a494041ac25,delivered,2018-04-16 21:07:16,2018-04-16 22:10:15,2018-04-17 20:54:27,2018-04-24 20:38:55,2018-05-15 00:00:00
3f849648ffbabb0562c7668f212e3e88,a338f42b6e47cb49d5c5128a348b76ba,delivered,2018-05-15 19:55:51,2018-05-16 08:36:57,2018-05-18 15:26:00,2018-06-07 13:58:42,2018-06-06 00:00:00
7c18eddfcd24680d80a502346221614e,b7ee9b824b4a83b389379ac70585bf3b,delivered,2018-07-13 15:45:51,2018-07-13 16:04:02,2018-07-16 09:53:00,2018-07-24 20:16:30,2018-08-09 00:00:00
6fa204b6cf6dcfe6c9adca7dc53aa32a,56dfafb543cfa4c2edcc08b9b2c5f0c6,delivered,2017-08-01 18:52:12,2017-08-03 03:04:48,2017-08-03 16:17:38,2017-08-05 12:14:47,2017-08-21 00:00:00
58d4c4747ee059eeeb865b349b41f53a,1755fad7863475346bc6c3773fe055d3,delivered,2018-07-21 12:49:32,2018-07-26 23:31:53,2018-07-24 12:57:00,2018-07-25 23:58:19,2018-07-31 00:00:00
a840a7a89e3d9137358eb7b9408681fe,5e320e6a4f03e2e74bc22e1158237fbe,delivered,2017-03-09 22:17:49,2017-03-09 22:17:49,2017-03-10 16:23:51,2017-03-16 08:24:47,2017-03-28 00:00:00
40001f4b6e1a35f0b99fc4f44078ab27,1690401c1e48c9526a79e72ba8c069a2,delivered,2017-12-09 17:27:58,2017-12-09 17:37:27,2017-12-12 17:17:24,2018-01-04 21:23:53,2018-02-01 00:00:00
287c56aa824d8d1ea40246ad12013f62,5232c22d7ed2b631db6b2cab74b2c5f2,delivered,2018-08-01 10:48:19,2018-08-02 10:45:12,2018-08-03 10:30:00,2018-08-07 13:59:38,2018-08-10 00:00:00
694630e7a7713c116a9b7f0ba3377382,5a771152dd93d31af819d708942afec6,delivered,2018-04-09 13:56:45,2018-04-11 05:50:45,2018-04-11 22:46:53,2018-04-16 20:58:47,2018-05-03 00:00:00
f26f92a3da58e9c771820a7b4d9a6800,597950088114c1a9e2b27459051f40ff,delivered,2018-02-10 19:27:28,2018-02-10 19:35:32,2018-02-14 23:09:27,2018-02-19 15:07:08,2018-02-26 00:00:00
d1f54c6a2a7015c5687439d6d4e971ba,be0db8a12224c280772baf2ccb468e5e,delivered,2017-04-27 11:08:59,2017-04-27 11:22:56,2017-04-27 11:51:58,2017-05-15 12:00:17,2017-06-16 00:00:00
37d6c8f1b209eab8d1b6522a1a3e4d88,fe4b93d8b5d38fc72f20a95f93511cae,delivered,2017-12-06 15:26:09,2017-12-08 02:54:25,2017-12-11 23:10:16,2017-12-13 18:03:38,2017-12-27 00:00:00
f9f76d0f8ab416a42a2a3dad0d710162,e4a32f8f3648818820a821cd577ccdba,delivered,2017-11-30 22:37:50,2017-12-01 10:31:12,2017-12-01 20:13:00,2017-12-08 20:56:54,2017-12-26 00:00:00
a03ad7057fae696dd18f8967826c209f,7df71d1652cfba8b2a70cf665c960f74,delivered,2017-06-05 13:24:46,2017-06-07 19:42:11,2017-06-08 16:18:32,2017-06-16 14:04:09,2017-06-28 00:00:00
c93e4c73cba512f76817291e0de8bec4,9f5a2f912f123d541a318029712fe90b,delivered,2017-09-12 16:32:09,2017-09-12 16:45:08,2017-09-13 22:39:49,2017-09-22 16:43:37,2017-10-04 00:00:00
412fccb2b44a99b36714bca3fef8ad7b,c6865c523687cb3f235aa599afef1710,delivered,2018-07-22 22:30:05,2018-07-23 12:31:53,2018-07-23 12:24:00,2018-07-24 19:26:42,2018-07-31 00:00:00
67b47f35ec923e39f1203f3cfa80f5e3,0dd5a932b1e29daa12845dbf696cbb54,delivered,2018-06-03 18:24:33,2018-06-03 18:49:57,2018-06-04 15:11:00,2018-06-08 18:58:53,2018-07-11 00:00:00
b616f638cd86d92c7cbd06cf7484ee34,8458f7ae02bda5950ce48c01a720559a,delivered,2018-05-23 16:37:35,2018-05-23 16:56:50,2018-05-24 16:13:00,2018-06-06 14:06:48,2018-06-08 00:00:00
258f2e5dd769d9314b349f5650005dcc,148ecba880f508ca2d5b6744b6a7b6c5,delivered,2018-02-03 10:51:17,2018-02-03 11:10:37,2018-02-06 18:49:02,2018-02-23 20:59:12,2018-03-13 00:00:00
f90202d14e468090464aeb4b1f0372ab,d4c5a2a1316f738e72e179d6bb3b6d8f,delivered,2018-05-17 08:33:19,2018-05-17 08:59:32,2018-05-23 12:24:00,2018-06-01 23:27:31,2018-06-04 00:00:00
615ae1b88a25a4ac47fbf55c9c847b6e,25daddfce277eafad87c4d28d71d8229,delivered,2018-08-10 13:42:06,2018-08-10 13:55:18,2018-08-13 10:37:00,2018-08-20 23:38:44,2018-08-30 00:00:00
52f166ce5fa053bbb27d317e4fd231b7,1b848bc58de81ae1b800cf3a4571bedf,delivered,2018-04-18 20:13:31,2018-04-18 20:32:54,2018-04-20 22:38:37,2018-04-26 20:11:48,2018-05-11 00:00:00
22d17396ac4c177e0ea83929cd4f845d,a8b396cd7edcd4340e02a07685084cd6,delivered,2017-09-27 14:43:47,2017-09-27 14:56:18,2017-09-30 15:55:11,2017-10-13 21:13:13,2017-10-27 00:00:00
9ceb8ab5165cefecdddb546cb5a6362b,eb1c0e1ca3e17eccaefb7f0d4dc659b1,delivered,2018-02-05 17:27:54,2018-02-06 17:32:25,2018-02-07 23:34:48,2018-02-18 14:28:47,2018-03-06 00:00:00
95a74a28d622001aafb5dd088ea0d88c,b3519c0352b07bc3017acebea4ce6724,delivered,2017-11-16 14:32:06,2017-11-17 14:25:26,2017-11-20 12:49:03,2017-11-29 00:44:50,2017-12-06 00:00:00
d493148aa5f8d08914d29ec0524e1196,d7b9004ff34610bb3451b130ee2bf38e,delivered,2018-01-31 13:21:44,2018-02-01 13:35:14,2018-02-05 17:12:14,2018-02-14 18:04:45,2018-02-26 00:00:00
a0d5b8474423ddf55228373b81a46272,3f7d26944f7f68bd2ac23b5e8b500ab0,delivered,2018-01-11 16:51:17,2018-01-12 02:38:34,2018-01-15 17:24:13,2018-01-22 21:18:33,2018-02-07 00:00:00
cbec453ddd874ca620b8afc6393e3218,0fc25a3451d81cfe409466e229afdbb0,delivered,2017-06-04 10:05:59,2017-06-04 10:22:32,2017-06-05 09:12:22,2017-06-12 17:45:34,2017-06-26 00:00:00
61988b318aaf57d18336c629bc42cf1b,02731f7e9105dec7fc7fa715ccd821b3,delivered,2018-03-29 16:17:53,2018-03-29 16:35:38,2018-04-04 00:08:23,2018-04-13 20:03:50,2018-04-19 00:00:00
b88d7ae9bd78eac18e8b6ceb04695fb8,6dbe3c4683c66130a8e242bf4bb218d9,delivered,2017-07-17 21:55:56,2017-07-17 22:10:20,2017-07-20 20:19:38,2017-07-27 18:41:46,2017-08-08 00:00:00
908e767e28908dc5ec61fe0ef8ef03f9,64d181ef52b1829800c598942459061b,delivered,2018-05-09 14:32:09,2018-05-10 11:36:29,2018-05-11 10:44:00,2018-05-17 22:05:03,2018-05-28 00:00:00
c82a457d646f77c8f151e12a3e517ed2,c178d6d544925594fafab0ba493cd645,delivered,2018-08-08 21:11:25,2018-08-08 21:25:20,2018-08-10 17:10:00,2018-08-15 15:02:09,2018-08-15 00:00:00
edc531c3153d23614049077e7e1e6405,68b315ac209c92f15ec1f364f5d45e67,delivered,2018-04-17 11:25:39,2018-04-19 02:51:01,2018-04-25 08:54:00,2018-05-03 21:54:44,2018-05-09 00:00:00
e22b71f6e4a481445ec4527cb4c405f7,1faf89c8f142db3fca6cf314c51a37b6,delivered,2017-04-22 13:48:18,2017-04-22 14:01:13,2017-04-24 19:08:53,2017-05-02 15:45:27,2017-05-11 00:00:00
6efcd938092fe73904610b4bd39b2e7f,8ebe25aca53cef9a055de5c20eca76e7,delivered,2017-12-11 21:43:24,2017-12-11 21:55:32,2017-12-13 15:12:16,2017-12-18 16:53:32,2018-01-04 00:00:00
1e8c81805b92ff169971231458670460,33b0d5c2438d9cd6426c6568dfbb908d,delivered,2018-05-04 10:29:14,2018-05-04 10:51:52,2018-05-07 14:14:00,2018-05-16 20:37:03,2018-05-23 00:00:00
4d630f57194f5aba1a3d12ce23e71cd9,6d491c9fe2f04f6e2af6ec033cd8907c,shipped,2017-11-17 19:53:21,2017-11-18 19:50:31,2017-11-22 17:28:34,,2017-12-13 00:00:00
1da00355018ed3e0fdd548cf3ddada99,2c5c2fb51bbbcdcc297f3b37449627bb,delivered,2017-12-17 19:40:26,2017-12-17 20:50:00,2017-12-18 16:36:55,2017-12-27 13:47:01,2018-01-24 00:00:00
21c71f62d2554e1ad6c8ba9dc7af2c62,aa3d8c9eec8e52e90b117efe5e97a560,delivered,2017-12-21 04:59:55,2017-12-22 04:51:23,2017-12-23 13:12:55,2018-01-03 22:54:29,2018-01-19 00:00:00
93a21c10557cc1b1ecfe2c3a808c648a,45c9fcdb0cd88a5630cb4405c4d2e4a7,delivered,2018-02-27 10:05:56,2018-02-27 10:15:33,2018-03-01 20:39:44,2018-03-05 20:53:02,2018-03-22 00:00:00
38c4ae942b818085578157aabd4abf9e,c0cc17e4ee16598f33ce7ccc36e3b4d0,delivered,2018-03-18 20:59:28,2018-03-18 21:10:32,2018-03-21 21:05:29,2018-03-29 13:49:10,2018-04-24 00:00:00
f175d67589e059cbbda956f10f0702e6,a4555d257db29ef5f838cec4101c5208,delivered,2017-01-05 13:34:35,2017-01-07 03:45:40,2017-01-11 16:25:57,2017-01-17 15:52:28,2017-02-13 00:00:00
c263211bd219538f7c031591e87ef0d7,ed8c52327eecff596e141636d5b556d2,delivered,2017-11-24 16:56:46,2017-11-28 03:48:24,2017-12-08 23:28:26,2017-12-18 20:24:54,2017-12-19 00:00:00
7835af1856de332f2f3c9204b740a3a2,d1b370c90ad7dacb840010a6e89c7e89,delivered,2017-12-24 17:34:12,2017-12-24 17:48:13,2017-12-26 19:49:01,2018-01-03 21:12:08,2018-01-19 00:00:00
507240e305d631056d7ced5d5ab0eb9a,5cff2efe34e8e604619520cc86201235,delivered,2018-03-29 15:08:14,2018-03-29 15:29:55,2018-04-02 23:24:37,2018-04-05 19:34:29,2018-04-11 00:00:00
17c2ee64306efa76f1389315a974eeba,79c102ed4db4e20845856cd68660f8f6,delivered,2017-11-29 17:43:34,2017-11-29 19:16:55,2017-12-02 14:24:58,2017-12-12 22:32:47,2017-12-26 00:00:00
5ec8f4e8fe5ee3fd5460b244d0804f9e,3fd2baf81d32adb95c43e1d490a8979e,delivered,2018-04-03 13:47:14,2018-04-05 02:27:56,2018-04-05 23:22:09,2018-04-13 23:45:22,2018-05-03 00:00:00
7156f3e0b94405abcbad1a8c94557338,5134baea6a4f11251fc92a2f358dfb4c,delivered,2017-04-20 16:18:26,2017-04-20 16:30:11,2017-04-24 09:53:33,2017-05-03 11:43:59,2017-05-10 00:00:00
def622b4b003c4749c889dd9a0b43eca,e28087daa16ea2d4ef377fd789af20b4,delivered,2018-01-25 23:13:41,2018-01-27 02:45:33,2018-01-29 20:37:16,2018-02-08 18:38:55,2018-02-21 00:00:00
434d3eec8dd031c322077fb2452e53a0,7a7893d13f178fdf58daeff7347e2d94,delivered,2018-05-08 14:38:14,2018-05-08 14:55:47,2018-05-08 16:46:00,2018-05-09 15:15:10,2018-05-16 00:00:00
3ef7c7b43ae449415675a6c34720b78e,cae507afa38570ca8b08ae0cbcadd5d5,delivered,2018-06-16 19:05:54,2018-06-18 12:37:24,2018-06-21 14:12:00,2018-06-26 17:08:45,2018-07-12 00:00:00
7e3e92dc3eaf5389f32da97228f7dd0e,62d50e9a714ac024c196d9548594e2aa,delivered,2017-07-02 20:47:24,2017-07-02 21:03:55,2017-07-03 11:42:08,2017-07-11 20:22:31,2017-07-25 00:00:00
4d95703047b8a80cf5796b7478900ec7,da18c242eff18510c1df2f0337a9be95,delivered,2018-01-23 23:59:03,2018-01-24 00:16:30,2018-01-24 16:47:22,2018-01-30 14:36:52,2018-02-19 00:00:00
955e2b622db1a1f4031ef035ce9a861f,8d0c2ae2c7b532f0e90bdd06bc9a04b7,delivered,2018-01-16 22:34:16,2018-01-17 03:34:29,2018-01-17 17:26:14,2018-01-22 23:23:25,2018-02-06 00:00:00
cf8f7b73e35cb19ff895c2f45c1ded72,2d9cd6d6d59bfd360ba595e45d097409,delivered,2018-02-22 15:04:08,2018-02-23 07:08:17,2018-02-26 21:04:32,2018-02-28 21:09:14,2018-03-08 00:00:00
fd9b8ed51e5ffedf7a56bea36cc5b6f9,0385c03f2b10a0a50ee72d8e3649a4b3,delivered,2018-03-30 23:11:40,2018-03-30 23:26:57,2018-04-04 20:04:05,2018-04-19 18:03:46,2018-04-27 00:00:00
bb4f0c21ae6014e40ef007ff6fbcbeb9,94f7f1cb719dd707fd437e918d282537,delivered,2017-02-12 18:48:56,2017-02-12 19:02:52,2017-02-16 14:42:05,2017-03-01 14:09:10,2017-03-16 00:00:00
f31535f21d145b2345e2bf7f09d62322,ed532487db04478dfba09d112649fc13,delivered,2018-02-01 07:47:34,2018-02-01 08:10:31,2018-02-02 00:24:34,2018-04-23 15:49:34,2018-03-05 00:00:00
d86359a45e3f6c6d8b35f7b13e41abf5,a1acf95041edd043087a040e89449636,delivered,2018-06-06 14:21:47,2018-06-06 14:35:26,2018-06-08 13:20:00,2018-06-15 14:28:27,2018-07-12 00:00:00
248ff7b41bfa395f5ee828720889e664,754862f813b4662e840ff16a52db05f0,delivered,2017-11-17 13:12:47,2017-11-17 13:35:40,2017-11-21 18:18:35,2017-11-27 20:41:48,2017-12-12 00:00:00
2d5cdc856665603f1580e3586bde89a5,caecab08cac2be52d89f87462765b4f4,delivered,2018-01-30 17:36:43,2018-01-30 17:57:55,2018-02-01 18:13:16,2018-02-05 19:38:56,2018-02-21 00:00:00
b06112f703115e6d92f3baf4e2458a5a,1224a9f43655b57c469ab096e6ba5dc2,delivered,2018-03-07 12:08:37,2018-03-07 12:29:55,2018-03-08 19:58:35,2018-03-13 18:56:39,2018-03-21 00:00:00
45ac1d4b219993bf334080eac1585166,a7d1dc2de29fc011bf5f947f8a8636c7,delivered,2018-01-10 09:04:09,2018-01-10 10:31:35,2018-01-10 22:48:10,2018-01-17 15:44:12,2018-02-08 00:00:00
51fc12a7908ea200b269a6ecfb3e7740,abbfa19a38ba17ff02883ba523a9d42f,delivered,2017-02-08 18:00:36,2017-02-10 02:55:28,2017-02-15 12:37:51,2017-02-20 18:14:01,2017-03-17 00:00:00
c228d309379c3ae545cc6ca2d5aae1b2,eca5e1383292be5fc6c5b1aa3e1215b5,delivered,2018-06-30 21:57:55,2018-06-30 22:10:13,2018-07-02 13:39:00,2018-07-04 21:48:36,2018-07-24 00:00:00
f419e615bbdeb34741d4bdd661ff8599,271f76c70ce217ee656713b99097eaef,delivered,2018-08-08 10:49:59,2018-08-08 11:05:15,2018-08-10 13:40:00,2018-08-16 19:18:51,2018-08-17 00:00:00
c10ff28c81d0b9bd2a265bb0836c8b0c,05535d34af5324aaf6988e1d890a0d6e,delivered,2017-10-05 05:23:47,2017-10-05 06:21:20,2017-10-06 17:16:05,2017-10-09 18:32:38,2017-10-30 00:00:00
638f79643fd5681c6e6c6ef1f1ab700d,69d8d9775287ba592a957eba2211d351,delivered,2018-04-10 14:58:16,2018-04-10 15:11:08,2018-04-17 13:16:29,2018-04-27 23:17:26,2018-05-11 00:00:00
a094215e786240fcfefb83d18036a1cd,86acfb656743da0c113d176832c9d535,delivered,2018-02-08 18:56:45,2018-02-08 19:32:18,2018-02-09 21:41:54,2018-02-19 13:28:50,2018-02-22 00:00:00
86e574a0701d15590bf31783bc7de5dc,cacade100f1ef4bb325438538d726a76,delivered,2018-07-12 20:24:07,2018-07-12 20:35:10,2018-07-17 10:32:00,2018-07-23 18:09:27,2018-07-27 00:00:00
fb9b2930f4a30f96c7cc98eaaa85e5f0,02ed2cff54eb047cdbe79dd0535945d4,delivered,2017-11-24 14:15:53,2017-11-24 16:19:01,2017-11-30 18:18:50,2017-12-17 10:47:53,2017-12-14 00:00:00
8e24261a7e58791d10cb1bf9da94df5c,64a254d30eed42cd0e6c36dddb88adf0,unavailable,2017-11-16 15:09:28,2017-11-16 15:26:57,,,2017-12-05 00:00:00
02aec12849744e266394182861265286,076dcea2eb6c8dbe9354f7c0d8670a00,delivered,2017-08-31 17:46:40,2017-08-31 18:05:09,2017-09-04 19:22:51,2017-09-12 20:59:50,2017-09-27 00:00:00
f11b36b3bc7bacf06deef862ed611f02,ae8db0691449a44352e7d535ddf78c5e,delivered,2018-05-15 09:10:20,2018-05-16 03:14:50,2018-05-16 15:47:00,2018-05-22 20:37:31,2018-05-30 00:00:00
2c3a5e5f5bc3ae78ed5748461e62d47d,5f2bc926ec92aa65c33b70ed59e74175,delivered,2018-01-22 19:22:26,2018-01-22 19:36:30,2018-01-24 00:34:56,2018-02-06 15:49:01,2018-02-06 00:00:00
4eeecb9e657525024b9b538730c5f974,b7a7e149c4a6120ec3938bd2752683c2,delivered,2018-06-16 00:01:56,2018-06-16 00:23:09,2018-06-18 12:23:00,2018-06-28 16:41:38,2018-07-13 00:00:00
6f954a919130aa1e8def4ed1b9fca432,d929280e89af72c9509d90a5912adaa4,delivered,2018-07-28 18:21:00,2018-07-31 03:50:25,2018-07-31 11:13:00,2018-08-01 23:57:28,2018-08-02 00:00:00
56bd45163229b35ca0ab490c1e3d3233,f8975f0842ae1e4670a410a02b1b5053,delivered,2017-11-28 21:07:26,2017-11-28 21:17:25,2017-12-04 21:37:41,2017-12-12 20:22:51,2017-12-18 00:00:00
6bb1e842418aac0c9c820afd3bb63a2d,032f25110f17bb0d65268257b10738bc,delivered,2018-02-11 14:13:54,2018-02-11 14:25:28,2018-02-21 18:49:53,2018-03-05 22:04:37,2018-03-23 00:00:00
28fa410eec232354726af94904c6fa9b,229755021cdd010bc07d4f5b35c78ef6,delivered,2018-03-17 15:21:11,2018-03-20 03:48:59,2018-04-05 00:32:57,2018-04-06 01:23:24,2018-04-16 00:00:00
f93af565de05d2427790ad8d0368a80e,abd4fba77f31f5efdc766a09851e4da3,delivered,2018-06-03 11:52:11,2018-06-03 12:10:28,2018-06-04 15:05:00,2018-06-05 18:19:32,2018-06-28 00:00:00
3f3913e8c7fd221ac82a34ffa20b93ee,a9c6cd6cf9583fa5820d55c21238f78e,delivered,2018-05-07 21:49:08,2018-05-07 22:11:35,2018-05-11 13:49:00,2018-05-17 16:56:33,2018-05-24 00:00:00
ed91235fc08276eed0470b26a6dbd4a3,977275bd3cd425aa9926a3388658f485,delivered,2018-03-09 14:58:05,2018-03-10 14:50:28,2018-03-13 19:18:29,2018-03-29 23:31:48,2018-04-05 00:00:00
7107c5823a581db0314f8f0fa95f61e7,2368e38c19fd581f0953057716cad811,delivered,2018-02-27 15:53:44,2018-02-27 16:15:38,2018-03-01 20:07:45,2018-03-22 22:12:59,2018-04-03 00:00:00
3a830ecb5338f0ff69822d388b64822e,f8c3d249c98f91b25409df45d4a095e3,delivered,2018-01-24 11:40:28,2018-01-24 15:08:06,2018-02-07 18:44:52,2018-02-15 15:08:38,2018-02-20 00:00:00
955ea2e3177592d909296220d7fcdebd,58ffe52cbd8077e75af00321bd152ce2,delivered,2018-06-09 11:02:51,2018-06-09 11:15:21,2018-06-11 14:05:00,2018-06-19 11:22:36,2018-07-04 00:00:00
6d231a099f98f5a590ad78db56ae82f1,6ee311afc0adb5663ad53868d46ba39d,delivered,2017-11-11 22:16:49,2017-11-11 22:30:25,2017-11-13 21:32:01,2017-11-16 21:48:37,2017-11-27 00:00:00
4bb6e6f5af26e1f5951d934386615406,f962bd6ee98fa707c3e2eb532bab37b0,delivered,2018-06-28 11:08:58,2018-06-28 11:31:07,2018-06-28 11:57:00,2018-07-09 16:02:28,2018-07-31 00:00:00
c4d2f075fc3bf3a06d1e68e113c35cbd,aa6edca5d83d4c8e9a2262b9847febd6,delivered,2018-08-01 14:58:41,2018-08-01 15:31:17,2018-08-02 16:46:00,2018-08-15 00:18:53,2018-08-27 00:00:00
52e5445828db681d83dccb33a15ecac4,d42ee2c04270ba237933c8bdd5e1c761,delivered,2017-11-24 17:37:41,2017-11-24 20:56:27,2017-11-27 15:12:48,2017-12-19 14:19:22,2017-12-27 00:00:00
879195f2460f97ab2f3bf119f2e8638b,09cdb569d94234872c468f2711ca0f91,delivered,2018-02-03 14:56:55,2018-02-03 15:11:02,2018-02-05 15:54:50,2018-02-23 22:59:22,2018-03-01 00:00:00
22ff7c206b68858435452298296c2fcb,5ad934ace4646e3dad70148a823eb138,delivered,2017-04-27 10:24:22,2017-04-27 10:35:12,2017-04-28 14:07:00,2017-05-11 17:22:55,2017-05-25 00:00:00
ebc8d4b1397747291b758772e9d87984,4d225460f83ea2b1ac705ad1d5eef02f,delivered,2018-04-10 16:22:27,2018-04-10 16:35:12,2018-04-11 16:58:25,2018-04-23 13:47:49,2018-05-04 00:00:00
9f882c1f904b7dd156572ada58d7a7ae,843ff05b30ce4f75b6170b39c78a8ee5,delivered,2017-11-13 10:07:36,2017-11-13 10:16:29,2017-12-01 23:19:42,2017-12-11 17:38:06,2017-12-22 00:00:00
5691d72069359cd293ac9a14f1bd5e9b,a8f76d9cb0f8db57cbbfe8d67b257893,delivered,2018-07-23 10:21:28,2018-07-25 02:55:14,2018-07-25 13:19:00,2018-08-02 00:42:53,2018-08-14 00:00:00
884cb4ce4a06390d35206de06f785d13,d19813c8754cc82d0add67df8bd8a38c,delivered,2018-04-03 20:44:15,2018-04-04 03:29:36,2018-04-04 19:12:15,2018-04-05 20:09:27,2018-04-13 00:00:00
8e9e2a5d159d5718b34b926a34a0498f,3e8da88b70b67f67a05f66a138bd7f14,delivered,2018-01-12 19:27:08,2018-01-12 19:37:22,2018-01-15 23:19:13,2018-01-17 22:08:50,2018-01-31 00:00:00
c0aa0e99afe6f6dac845326a854690fd,316540a76ab1fe860a9cddf7f2f6717a,delivered,2017-07-24 17:19:00,2017-07-24 17:30:29,2017-07-26 00:58:24,2017-08-08 15:07:39,2017-08-11 00:00:00
1d251ab94983c4adb11e4b168abb1439,230ab395e91b2421bd00ea45b60b23cb,delivered,2018-03-07 23:46:19,2018-03-08 00:49:38,2018-03-08 20:12:34,2018-03-16 13:58:58,2018-03-28 00:00:00
d9cfa4b0f995deb2fa9758d5534e1d13,24d47eeeee1e60eb5caf099281d0b3b8,delivered,2018-06-05 11:36:11,2018-06-05 19:15:24,2018-06-06 14:59:00,2018-06-11 21:38:34,2018-07-16 00:00:00
8a49984afb76dae66f3810e1b7093ec4,3cc640f13134a74f3bc34b9b0094d412,delivered,2018-02-15 23:27:21,2018-02-17 03:35:43,2018-02-19 23:53:13,2018-03-14 16:52:13,2018-03-20 00:00:00
c26b94aa87e95d1c1eb1b592f43eb223,7aed8da5ae4e0e34226c47f3bf041956,delivered,2017-06-29 00:10:49,2017-06-29 00:23:33,2017-06-29 15:41:19,2017-07-10 17:36:56,2017-07-19 00:00:00
06ae7271902bbb087fc093137fee6e81,1a1b5f9e903aa3c203caf5cb63fca2b1,delivered,2018-01-19 21:07:32,2018-01-20 09:09:35,2018-01-29 20:17:05,2018-02-20 19:27:20,2018-02-22 00:00:00
8373f5d7df6d9249999fd38f8513e6d7,690515766f9073c82cc07cfa11c4fc11,delivered,2018-03-29 12:00:11,2018-03-29 12:48:47,2018-04-02 16:46:48,2018-04-09 19:26:42,2018-04-17 00:00:00
3b4ad687e7e5190db827e1ae5a8989dd,1a87b8517b7d31373b50396eb15cb445,shipped,2018-06-28 12:52:15,2018-06-28 13:11:09,2018-07-04 15:20:00,,2018-08-03 00:00:00
4570fa83dbb31a563e06db0a554b951e,cdfe21141f5df77ba0fb20bef6621a9f,delivered,2018-03-15 20:23:45,2018-03-16 20:31:55,2018-03-20 23:42:44,2018-03-29 19:22:10,2018-04-06 00:00:00
04040ee654b248cdc512a68ecc83e4cc,53379b14e4048e025dc5a2185f461bb7,delivered,2018-03-27 22:14:59,2018-03-27 22:30:13,2018-03-29 01:04:03,2018-03-29 18:28:40,2018-04-09 00:00:00
0b584b729bdfec204ec2aa5d21d6ca56,da2fbad9b2235c67c9bc7c7a274ee389,delivered,2018-08-03 13:32:54,2018-08-04 05:05:18,2018-08-06 13:43:00,2018-08-14 00:28:41,2018-08-23 00:00:00
bd2623f3663c5daa3f89e6b527fd49da,b7b15ab12fa50616eee696a22f098e07,delivered,2017-01-21 17:08:01,2017-01-21 17:22:49,2017-01-24 07:47:47,2017-01-27 18:12:13,2017-03-02 00:00:00
343076b69aa1f03ee4beb49cf6baee58,a4156bb8aff5d6722dc68f605d8fa241,delivered,2017-09-26 11:08:38,2017-09-26 11:24:44,2017-09-28 19:33:54,2017-10-03 18:35:37,2017-10-23 00:00:00
b68d69564a79dea4776afa33d1d2fcab,de1e5517fb50896bbdcff5814fb31802,shipped,2018-02-28 08:57:03,2018-02-28 10:40:35,2018-03-05 16:10:13,,2018-03-23 00:00:00
f04bfdbef5359607d39e66fccc9cc0de,ddbd5d378c4a0981ba1ef29fb8e40b8f,delivered,2017-09-13 15:07:45,2017-09-13 15:25:15,2017-09-14 19:27:47,2017-09-22 16:48:51,2017-10-04 00:00:00
d74d2985a4c187334dc59722076a2e5f,5f49d01f1579c231565f6629a6cb3c0f,delivered,2018-08-09 20:36:13,2018-08-09 20:50:14,2018-08-15 06:23:00,2018-08-25 00:46:26,2018-09-05 00:00:00
bd3e89bd89fac4760b244047d795e2fe,046911a55a7bc12ca917758e9c4cb5ee,delivered,2017-12-07 09:40:04,2017-12-07 10:31:35,2017-12-07 20:21:06,2017-12-11 18:52:39,2018-01-02 00:00:00
fb6ba131bbeb30fd6db9c8900b5c5b92,af5b08db5f1a31a3b6856a8a6dc33167,delivered,2018-05-30 02:41:28,2018-05-30 03:24:11,2018-05-30 13:39:00,2018-06-22 22:41:09,2018-07-18 00:00:00
82daed31f80350ce51f518369a8d181c,d1240cdcdb9e6f08aa9a329bf1751c0e,delivered,2017-06-27 10:45:08,2017-06-27 11:04:48,2017-06-27 14:56:54,2017-06-29 16:45:36,2017-07-10 00:00:00
4906eeadde5f70b308c20c4a8f20be02,4e7656e34357b93f14b40c6400ca3f6e,delivered,2017-12-08 04:45:26,2017-12-12 03:50:30,2017-12-12 17:43:21,2018-01-09 18:04:58,2018-01-03 00:00:00
ae17bb94dfb3eaf396cd393eace1de80,9cd169cea5076bf383e40a261d7b7142,delivered,2018-03-09 15:09:28,2018-03-09 17:00:39,2018-03-12 18:42:16,2018-03-26 21:07:18,2018-04-03 00:00:00
6379750dac6a8a1e11378e34278ae8df,6729078b4efa4371e61e6ec7df327846,delivered,2017-09-11 11:50:32,2017-09-11 12:05:28,2017-09-14 20:57:27,2017-09-19 21:47:09,2017-10-04 00:00:00
7ac1f3de2cdc809de6aa1e6719451f53,13a4684a5a46fcbafb42d8e30af15219,delivered,2018-06-12 09:52:46,2018-06-12 10:21:08,2018-06-12 15:31:00,2018-06-19 17:57:35,2018-07-12 00:00:00
aa466a92af916f9f68e56fce7d3a21b1,2c5491a76ec0a56db58282ea7ae70617,delivered,2018-07-03 01:17:32,2018-07-03 01:30:35,2018-07-03 13:58:00,2018-07-11 22:52:20,2018-08-08 00:00:00
c619ac0f9cdcfcebdfb9490451166da4,e5f6020aa61432f0dcb0fcda1c5113d9,delivered,2017-05-23 15:28:58,2017-05-24 15:35:20,2017-06-01 16:27:24,2017-06-12 16:48:13,2017-06-23 00:00:00
31ef15cb5a3faa4df17e96b09cd8c1a1,19c6be9e0d7588d54ad848d44abeae95,delivered,2017-11-29 18:27:30,2017-11-29 19:31:02,2017-11-30 22:32:54,2017-12-11 21:44:51,2017-12-22 00:00:00
dc400373e624e9b0435847a79813c658,4a00f00d951c167739888a1f16c56e8e,delivered,2018-01-14 18:49:14,2018-01-14 18:59:30,2018-01-16 20:15:54,2018-01-20 14:28:43,2018-01-30 00:00:00
09d3f9f1be63c067456cc619076685a1,b6f05b99667a02c3722610a7bb6b4062,delivered,2017-08-23 15:40:22,2017-08-23 17:33:57,2017-08-24 16:25:25,2017-08-29 21:36:55,2017-09-13 00:00:00
e3a83a19707a6f27e4fde8d6b13d43f4,39f944145e00598d075faec0bb1f447a,delivered,2017-09-10 22:32:14,2017-09-12 04:50:37,2017-09-13 18:26:58,2017-09-18 18:48:54,2017-09-28 00:00:00
7d2286ec219f58023352077d938dee48,5d6e19aed6284c2fcb4b1a0eba6820de,delivered,2018-08-21 16:45:44,2018-08-21 17:08:38,2018-08-22 15:18:00,2018-08-23 21:03:46,2018-08-27 00:00:00
ec1fc57b72a7bbe5b32f9c606510db76,559f9d302aa523b2dd718e956f248db5,delivered,2018-05-27 17:59:00,2018-05-27 18:14:14,2018-06-06 16:10:00,2018-06-12 20:48:48,2018-07-03 00:00:00
16c24987724018f73b746aacfbb5f8e8,ffdc2af7160aed3bad21cbc8ec68c0c5,delivered,2017-05-20 02:48:00,2017-05-23 03:50:25,2017-06-05 13:58:19,2017-06-16 16:52:02,2017-06-09 00:00:00
d3c8851a6651eeff2f73b0e011ac45d0,957f8e082185574de25992dc659ebbc0,processing,2016-10-05 22:44:13,2016-10-06 15:51:05,,,2016-12-09 00:00:00
75f433fd5ff62807235cb08b520c3c49,c40c7807639289e3f1308ac6e5bc104f,delivered,2017-07-28 11:25:16,2017-07-28 11:35:14,2017-07-28 19:58:39,2017-08-07 20:41:57,2017-08-17 00:00:00
bca3dc20a3ec02261c5b17dc270e9e65,90065cd5c7c581bf099b1b9bd589a3fe,delivered,2017-12-05 10:34:52,2017-12-06 02:50:38,2017-12-08 21:41:59,2018-01-04 16:57:16,2018-01-05 00:00:00
bbd64b019b5ea3ed83a114cc665328ff,3e87356efef361b40b30fd699f9e5638,delivered,2018-03-07 15:37:22,2018-03-07 15:55:42,2018-03-08 23:25:25,2018-03-10 00:05:13,2018-03-20 00:00:00
74c951ce0835b2741d3014321ae9c480,e26eb46e8146dedecc6524e5d9771047,delivered,2018-08-20 17:38:55,2018-08-20 17:50:28,2018-08-21 13:09:00,2018-08-22 19:29:04,2018-08-24 00:00:00
4e2160ff7a61b2bf4fbd2e527ea924d3,ea36ec29b56eded534644f21b9561efc,delivered,2018-02-09 13:48:17,2018-02-09 14:15:48,2018-02-09 22:53:10,2018-02-22 17:14:00,2018-03-06 00:00:00
b75b4f6e7c5fe3fa05707992a88d9d38,83da8aec5d2e8b2847e6ca45bea5588f,delivered,2018-08-02 14:41:02,2018-08-03 14:35:14,2018-08-06 08:31:00,2018-08-10 22:12:19,2018-08-16 00:00:00
6f841dde94727854eaff3f66432c80ea,a9c9532060c9d245f06526c633d2dfba,delivered,2018-01-02 19:20:35,2018-01-02 19:32:22,2018-01-03 17:34:42,2018-01-27 14:27:59,2018-02-05 00:00:00
2b72a32a2c3e93fa260ca7655073886f,5265029daa29cc08d86b9f96cd99d03f,delivered,2018-04-18 15:40:36,2018-04-19 08:15:16,2018-04-25 13:34:00,2018-05-03 13:03:03,2018-05-18 00:00:00
f373335aac9a659de916f7170b8bc07a,f06a94a401e52fb019c72f2e8bbf6a2f,shipped,2018-03-17 15:32:31,2018-03-17 15:48:40,2018-03-20 21:08:28,,2018-04-13 00:00:00
3d087f98b006ae162b5e3b56e7bfdb4a,993a76ab0714792eb45d4ebdd58e9a1c,delivered,2018-01-05 11:04:11,2018-01-05 11:15:29,2018-01-05 21:33:18,2018-01-23 17:41:57,2018-02-14 00:00:00
a7076e7aba13de8b66d95a55811290ed,1ae196062dab95e434e781a5319f0ab9,delivered,2018-05-14 11:04:55,2018-05-15 04:35:02,2018-05-15 16:22:00,2018-05-21 20:32:38,2018-06-04 00:00:00
d7f4e2f755cf2f40aa7c39804cfe01c4,18ad705482141f60ad05945506ef2b9e,delivered,2017-11-26 12:50:56,2017-11-26 13:14:18,2017-12-01 16:52:08,2017-12-08 17:02:43,2017-12-20 00:00:00
6f5a2dbe5ccce73a9d053a542baabd1c,4d6793a25de1f63ca63869c6cd4b7b1f,delivered,2018-06-26 10:58:48,2018-06-26 11:18:28,2018-07-05 15:51:00,2018-07-07 17:37:38,2018-07-26 00:00:00
66f6b3a33b0339acbf55dd71977c4293,282d52f23f7c0ece9340d411c4d2cdd9,delivered,2017-12-01 20:39:26,2017-12-01 20:50:55,2017-12-05 00:23:05,2017-12-18 22:29:05,2018-01-03 00:00:00
2f246ee329fce6932458bc7a10625d2a,45f9053fc8b24a6d5afa05b6d1b330ab,delivered,2017-05-26 18:35:51,2017-05-26 18:45:10,2017-05-29 09:37:28,2017-06-09 08:26:30,2017-06-28 00:00:00
d65c179a817be22977e263fbc1a4fef4,e20e5dab42cf2fc3a11d1c89e087122b,delivered,2017-08-09 21:43:53,2017-08-09 22:03:51,2017-08-10 16:18:52,2017-08-18 21:09:45,2017-09-04 00:00:00
2babe10ce6bcb68b1e3bd35e24424466,debcdbb31583da1dbb6560b95ee39b18,delivered,2018-08-09 22:52:27,2018-08-09 23:05:11,2018-08-13 19:05:00,2018-08-15 00:27:44,2018-08-20 00:00:00
ac64f79a33bfa575fc5a17e7926df3d5,51a8d592336a414fea21f12534b0f797,delivered,2018-04-01 18:27:01,2018-04-02 17:55:24,2018-04-03 18:25:51,2018-04-04 19:47:44,2018-04-12 00:00:00
727412faf7aef5ef3c7e0f03350d80c7,df01594ad086f53bdbbf927198981446,delivered,2017-04-19 13:45:55,2017-04-21 05:22:15,2017-04-27 05:53:19,2017-05-09 09:03:57,2017-05-25 00:00:00
cedd898e1a953e9a8f3d763a364f6717,d44c356f894fa28cffe33c455abb72ba,delivered,2017-08-17 17:03:31,2017-08-17 18:05:30,2017-08-18 19:57:56,2017-08-25 17:45:17,2017-09-13 00:00:00
858505c5992f35429d07aae37bad60a8,0fa5382628eea6bbb19fde8b076dfdfb,delivered,2018-08-16 10:39:48,2018-08-16 10:50:16,2018-08-22 13:47:00,2018-08-27 22:53:39,2018-09-21 00:00:00
6cb134bb285a64b0425d1fdaa00d4214,d854800a320bbb07b484f76894e4638f,delivered,2018-07-01 20:54:21,2018-07-02 20:50:21,2018-07-03 10:48:00,2018-07-10 22:12:13,2018-07-26 00:00:00
f11e9516ca2b6091b64f2e2ea0ebebb3,7d527c98f408420a9d5c953e5b89215e,delivered,2018-02-22 20:53:14,2018-02-22 21:28:02,2018-02-23 23:19:09,2018-03-28 22:04:44,2018-03-19 00:00:00
4d4ef6cd8147028ffd8c18dc0f6e3050,9afa8a81202f94d96ffed6977f09ea63,delivered,2018-08-24 19:01:02,2018-08-24 19:15:11,2018-08-25 09:02:00,2018-08-31 01:13:33,2018-09-12 00:00:00
0438fc3e115633e11a93c878a1591016,369ec69ef76c47e51980b88a5740dc1b,delivered,2018-08-11 20:58:44,2018-08-13 10:10:18,2018-08-15 13:54:00,2018-08-20 22:57:43,2018-08-28 00:00:00
3faf126d8a3b0684272791cd3c6cf3fe,824841f5112b77c04e832f5a46c2d733,delivered,2018-02-25 14:13:44,2018-02-25 14:28:09,2018-02-28 19:59:33,2018-03-07 18:31:53,2018-03-28 00:00:00
0b0f3c7a9bcb6ad1fccab28f9240da6f,7bb3b0d45b4e1a13cd914e4a135e6bd9,delivered,2018-07-11 17:22:56,2018-07-11 17:35:21,2018-07-12 16:19:00,2018-07-13 20:56:37,2018-07-23 00:00:00
65f78a0e1f8b80c4f6d8d5c6073b8601,1910935b7377a45bca463c844d7a071e,delivered,2018-07-31 16:16:19,2018-07-31 17:30:58,2018-08-02 12:35:00,2018-08-06 17:36:34,2018-08-14 00:00:00
b7e4aca3e798d20643faacb681272a9c,be64f74b2773efd8d765f8417b65d276,delivered,2017-10-11 17:31:49,2017-10-11 17:46:20,2017-10-16 22:14:11,2017-10-25 20:21:43,2017-11-08 00:00:00
b52d29abb97a3978df1d8922bfe36fbe,ed034127e0801850ca9162dd9de7a106,delivered,2018-05-09 17:11:41,2018-05-09 17:36:11,2018-05-10 14:28:00,2018-05-21 15:38:36,2018-05-29 00:00:00
3f596c69e8e78788530d898331118c7c,6230e4c4b38009c58b83aa90c2603ed9,delivered,2017-11-25 16:23:49,2017-11-25 16:34:24,2017-12-01 00:16:56,2017-12-12 00:35:02,2017-12-21 00:00:00
0c228d925a49aa5e3b35febb948f4f72,ee4a4b5842e03fbaff366b9459e08b95,delivered,2018-07-24 12:45:26,2018-07-24 13:24:34,2018-07-25 07:24:00,2018-07-30 16:56:35,2018-08-08 00:00:00
6cc4eb51469dec50a6130fe1cd07b7f9,a207382f0f563c1f430ef732ade9d9ff,delivered,2017-05-08 12:22:44,2017-05-08 13:05:31,2017-05-09 08:22:23,2017-05-19 15:55:47,2017-05-19 00:00:00
4709741e829775567b92abc42437b461,bd13582471af02ce718568d9cf8bbd93,delivered,2018-03-29 22:46:19,2018-03-29 22:55:21,2018-04-03 14:58:57,2018-04-09 23:52:06,2018-04-25 00:00:00
0341b60065c49221a27293793f11b117,cf4604a56d4e374de013f1ec35280d00,delivered,2018-04-22 14:26:17,2018-04-24 17:34:43,2018-04-25 00:52:03,2018-05-20 18:19:35,2018-05-24 00:00:00
25ebb07a1069a75d3cb9baf0a94f22d0,d76dc2ed3d9f58905f39deea067fd40f,delivered,2018-07-22 06:24:50,2018-07-23 11:32:12,2018-07-25 06:36:00,2018-07-30 18:05:46,2018-08-14 00:00:00
c2d07d9078b700b9198a126183867c16,20c5718e5f50e1e3800046039376e216,delivered,2018-08-14 17:48:09,2018-08-14 18:23:55,2018-08-16 09:02:00,2018-08-21 14:06:44,2018-08-30 00:00:00
25d47ee9a060a0359e8a10a858fc39a1,3271f9dc34c1d718be03cff03dec7acd,delivered,2017-12-19 13:02:13,2017-12-21 02:11:17,2017-12-21 16:59:06,2018-01-12 10:46:56,2018-01-17 00:00:00
cf0ac4e12ad66c28302fc103670222fa,70ab5e994ea383619a19687837eedbbc,delivered,2017-10-25 13:32:46,2017-10-26 03:09:00,2017-10-26 20:42:31,2017-10-28 13:03:21,2017-11-07 00:00:00
43488f856ed3fa3e7d3f8228755d383b,5a58afc695ee03b9baca01d4afa52cec,delivered,2017-07-31 19:05:32,2017-08-01 15:15:19,2017-08-04 17:29:54,2017-08-14 15:07:37,2017-09-01 00:00:00
32bda40452bf0485c310bca24eb53886,ebfb3f2e532c37d5a959ded000c9f603,delivered,2018-07-06 18:16:06,2018-07-10 08:45:18,2018-07-11 11:51:00,2018-07-16 13:11:06,2018-07-27 00:00:00
2728209b1b0553533bce4afc52716b60,8e2e23cac1496c337274b16fb7d57886,delivered,2017-10-24 14:23:58,2017-10-26 02:56:19,2017-10-26 19:23:36,2017-11-01 19:18:41,2017-11-14 00:00:00
b335cf4d393acc627b82e83b3b3711fe,47c42b50ab59928b531c450e672ce223,delivered,2018-06-12 20:54:25,2018-06-13 02:36:32,2018-06-15 13:13:00,2018-06-22 15:48:47,2018-07-05 00:00:00
59d34e1064930d037d30041b73683aa7,8397274a8680c08c3208912c33d63809,delivered,2017-11-09 21:08:01,2017-11-09 21:31:38,2017-11-10 21:58:38,2017-11-16 16:52:00,2017-11-29 00:00:00
6f6665c1d76e55561978ccb45bdcafc6,12ae89712aa5a178c22147486d3cd310,delivered,2017-02-23 08:03:00,2017-02-23 08:15:17,2017-02-23 09:10:22,2017-03-02 09:23:07,2017-04-03 00:00:00
db5fdbee9ab29d55f24c329246e6fe51,3487bedbddf4797d7308d0aa43dcf30b,delivered,2017-06-17 13:16:44,2017-06-17 13:25:13,2017-06-19 12:49:33,2017-06-26 15:58:13,2017-07-11 00:00:00
9cf566da5a3277749dbd61fa060e8110,a4c79e8a9d9fcb82de5dddf33918fb47,delivered,2017-05-29 12:35:44,2017-05-29 13:05:34,2017-06-05 15:52:05,2017-06-12 13:28:32,2017-06-29 00:00:00
15fb9c745e91eff5482a9af2a5fad0e6,3c14bd3e2287a1b895bc9af622d3f79a,delivered,2018-05-24 12:16:48,2018-05-25 08:14:40,2018-05-29 10:09:00,2018-06-04 17:16:36,2018-07-05 00:00:00
141ad0192cfa16174e4fd0a1a7e7ba4a,00eb2bf26ade27447b6532561c6a402d,delivered,2018-06-03 21:08:31,2018-06-03 21:30:06,2018-06-04 14:56:00,2018-06-05 20:32:10,2018-06-28 00:00:00
5869074071e0f56e9085dc3742c97b2a,7203eb38fea2b4a15dd6c39575314aa4,shipped,2018-06-08 20:06:48,2018-06-12 04:35:37,2018-06-12 14:09:00,,2018-06-28 00:00:00
e5d931ebd7214cd492fff71fb6a2aeff,f19622365d4c40c686c8ca3bec559e48,delivered,2018-05-14 17:56:57,2018-05-16 03:15:21,2018-05-16 13:25:00,2018-05-23 20:31:55,2018-06-14 00:00:00
7842147864c0425541edd55923f3c0f1,218874412ede29f4f2cf826409ad90aa,delivered,2018-01-29 13:38:02,2018-01-29 13:57:11,2018-01-30 21:18:31,2018-02-17 09:32:39,2018-02-22 00:00:00
6b7c5703bdc03335b37020877a06625e,9ce1401cf82bd5420fe255e02d6292ba,delivered,2017-11-24 01:34:00,2017-11-24 01:49:32,2017-11-30 23:38:27,2017-12-03 15:36:44,2017-12-15 00:00:00
cbbb524a0e1646aa6cf7a3c0bbe517ad,dacb079d55ffb1d3955c5d923df3ebb7,delivered,2016-10-05 07:31:49,2016-10-06 02:46:24,2016-10-10 02:46:24,2016-10-16 14:36:00,2016-12-07 00:00:00
77af7c6e42549e58f42977d5be538d0d,fbf8e675c5adcf8c482b04c517814924,delivered,2018-03-07 16:27:30,2018-03-08 17:40:32,2018-03-09 17:01:11,2018-03-18 16:21:49,2018-03-28 00:00:00
7e05645577366863a93350aac5cc7de5,21809d6b8acb4ca628358610aea9435c,delivered,2017-03-22 17:25:28,2017-03-22 17:25:28,2017-03-24 15:42:43,2017-04-06 10:35:15,2017-04-25 00:00:00
ed01ce003df13cab401ba2ff57ea2542,fd24f53c8ce3ad467b44627306e0db30,delivered,2017-11-06 18:20:00,2017-11-07 03:31:21,2017-11-10 14:06:42,2017-11-14 18:05:15,2017-11-17 00:00:00
b7a4a9ecb1cd3ef6a3e36a48e200e3be,c3d8fc500d86b1c961ee144395c13a57,delivered,2017-05-19 18:13:54,2017-05-20 11:35:41,2017-05-30 12:43:50,2017-06-08 07:53:42,2017-06-16 00:00:00
f09942b1e1419e69f7509158f2a9c1d6,b40a130a36dc28cdbdabe856f1eee283,delivered,2017-12-16 13:51:18,2017-12-16 13:58:23,2017-12-19 21:04:31,2017-12-23 16:21:44,2018-01-05 00:00:00
d10090be5f75fb89b6817469f0ce1a30,321d2bc7c3bcd8475d52d2cf4a179c37,delivered,2018-04-18 13:13:47,2018-04-18 13:31:41,2018-04-19 00:51:53,2018-04-23 14:44:35,2018-06-04 00:00:00
5342acb7b183acec77f59e4d78f7c804,4d493a5e3a53373d3bc26a01575a71dc,delivered,2018-03-29 20:53:48,2018-03-31 10:07:45,2018-04-04 17:44:32,2018-04-24 16:10:44,2018-04-24 00:00:00
72ee4a26e767e55282ac10e63c7b1227,ab4e4f11610404b4184fb812e47bb0ed,delivered,2018-06-23 19:24:21,2018-06-23 19:39:10,2018-06-25 13:48:00,2018-07-09 18:21:32,2018-07-24 00:00:00
6cd474b81add3c3d62536cab3e34aa23,796e0c6b3690401bd5592b7ce89be9f2,delivered,2018-08-06 09:12:33,2018-08-06 09:44:23,2018-08-13 15:33:00,2018-08-14 18:11:36,2018-08-22 00:00:00
4f7e398a1ddb1c349465b42b6865c60b,364fbe9334877bc7ca3da92913b2cdbf,delivered,2017-06-02 14:00:19,2017-06-02 14:42:50,2017-06-07 12:37:32,2017-06-12 17:38:13,2017-07-05 00:00:00
05387d537bd2e5027aadbfb6a5123e4b,1fc77bb785f297743a18fac02b30de62,delivered,2017-11-06 16:24:03,2017-11-06 23:31:52,2017-11-08 17:55:40,2017-11-20 18:36:52,2017-11-29 00:00:00
59b32faedc12322c672e95ec3716d614,5baa82a2c45fa3220cb57d9881db3211,delivered,2018-06-27 11:10:11,2018-06-28 02:15:51,2018-06-28 14:57:00,2018-07-06 16:37:36,2018-07-26 00:00:00
c158e9806f85a33877bdfd4f607b72e7,25456ee3b0cf84658015e46686025224,delivered,2017-04-14 22:06:32,2017-04-14 22:15:13,2017-04-17 14:52:32,2017-05-08 11:10:26,2017-05-18 00:00:00
19721d59a9764437477eff0730b48665,b1757da2a461d581e1a3b280ca181b7c,delivered,2018-03-26 11:02:31,2018-03-26 11:15:38,2018-03-26 22:58:37,2018-04-09 21:53:23,2018-04-27 00:00:00
08652363092b158440e2422e7c3ccaf4,03b3813a78be4cf5205e70977ad78d29,delivered,2017-12-04 18:26:12,2017-12-04 19:04:48,2017-12-11 19:48:52,2017-12-19 01:15:07,2018-01-04 00:00:00
e92f3505810692cd4a0350b19e2d9045,24c63a7108d652ad0ed85589c4575297,delivered,2018-06-13 22:54:20,2018-06-13 23:18:38,2018-06-14 13:47:00,2018-06-22 17:46:42,2018-07-11 00:00:00
38c1e3d4ed6a13cd0cf612d4c09766e9,18c934f4cdc994cd04eb13bce3f47a18,delivered,2018-02-02 15:26:38,2018-02-02 16:00:16,2018-02-03 01:18:26,2018-02-03 15:05:56,2018-02-20 00:00:00
5a63a60ea2852393994270157cd61e0a,e615ca09613c8f72bf3a0bd5e2d349fb,delivered,2017-08-10 19:47:29,2017-08-12 02:45:50,2017-08-14 20:53:50,2017-08-21 21:00:03,2017-09-01 00:00:00
1b9ecfe83cdc259250e1a8aca174f0ad,6d6b50b66d79f80827b6d96751528d30,canceled,2018-08-04 14:29:27,2018-08-07 04:10:26,,,2018-08-14 00:00:00
409e4a6eadbdc33f16ccf0bda01eec1f,0e8ada3654b94e0d569b44233db3c9dc,delivered,2017-09-05 18:24:22,2017-09-07 02:44:03,2017-09-11 22:07:42,2017-09-17 15:31:51,2017-09-25 00:00:00
4fc42727f0b542099a7568206da01fa6,fc6788a31c7a99fec01c62063032bc12,delivered,2017-12-07 20:38:37,2017-12-07 20:51:19,2017-12-11 18:15:09,2017-12-14 19:42:26,2018-01-05 00:00:00
b0ff8ff92f8d916fa2e8005cd8e1a135,610a4163b8ab832daf93b4fbb48e9119,delivered,2017-11-19 16:12:34,2017-11-22 02:58:38,2017-11-22 14:47:28,2017-11-24 20:32:37,2017-12-07 00:00:00
bb27f9e70d5cdc66d0c616aee3dbb387,225743267e630cdf226d130d80c4aa5e,delivered,2017-12-08 23:41:49,2017-12-09 01:30:50,2017-12-19 14:14:30,2017-12-26 23:15:01,2018-01-12 00:00:00
b60b53ad0bb7dacacf2989fe27ad567a,2f9902d85fcd930227f711cf47012bdf,delivered,2017-05-10 14:03:27,2017-05-10 14:15:14,2017-05-11 16:25:53,2017-05-23 13:12:27,2017-05-18 00:00:00
db0d194c127a36909de3bda3edad30bc,33bfc91146c9eea42397a0430585ee59,delivered,2017-11-30 13:34:43,2017-11-30 13:56:28,2017-12-01 21:09:12,2017-12-10 17:53:31,2017-12-22 00:00:00
884b1394fc8888e6a877df86eb19e74c,7ee968b8ed74301e0cbd3e44416cad9d,delivered,2018-03-19 21:50:14,2018-03-19 22:08:28,2018-03-27 14:04:29,2018-03-29 17:32:05,2018-03-29 00:00:00
ac7a92560a9e99f0a0ab4988102f491b,6abf781c5304890987047e9aa239caa8,delivered,2018-03-04 15:58:09,2018-03-04 16:10:35,2018-03-06 17:14:59,2018-03-22 23:44:33,2018-03-23 00:00:00
197edbaa61a8a349f382553fd2180ee1,42bb82a17b70bebcc6090d38d894ea3f,delivered,2018-07-02 13:58:59,2018-07-02 14:10:56,2018-07-09 13:22:00,2018-07-11 14:18:51,2018-07-23 00:00:00
da8be3bb62e9bf01e2e1a3bfd74ebd1a,3f083b9f62e687be8d84684c7d54c8db,delivered,2017-04-06 13:44:08,2017-04-06 13:55:17,2017-04-08 01:37:04,2017-05-08 10:52:06,2017-05-04 00:00:00
dcbd516c0f39081a5e542ef76bbc3fe4,75932cfd72b87bd6079cf17786726807,delivered,2018-08-12 12:04:03,2018-08-12 12:24:22,2018-08-14 15:54:00,2018-08-22 17:09:01,2018-08-30 00:00:00
c2215076050fa358934105b15c34cf3b,19e7a88b34ef70d108e660c6eb33e82a,delivered,2017-07-16 10:04:36,2017-07-16 10:15:15,2017-07-20 17:42:22,2017-07-26 20:32:17,2017-08-04 00:00:00
8bbbef97d763f4dcf2e12cc5b5e0cee6,61ce7eba15a872699599957e5d18f0e8,delivered,2018-07-28 20:07:49,2018-07-30 18:31:17,2018-07-31 14:51:00,2018-08-07 14:17:49,2018-08-16 00:00:00
6de3383be650cfe96aed26171ad65c47,cae5d18352d2eb7396bd594c706f3624,delivered,2017-10-18 16:44:45,2017-10-18 16:56:50,2017-10-19 22:14:05,2017-10-27 20:48:58,2017-11-06 00:00:00
b8c38cf37cd17fd645f2e84101c8a679,940526d0df4938d234d0a900268106c4,delivered,2017-08-28 22:47:13,2017-08-28 22:55:20,2017-09-01 19:58:00,2017-09-06 20:56:55,2017-09-18 00:00:00
21f4a37ec131158f1615d0f186f190af,84b100e334843870e95ff29421ab66bd,delivered,2017-12-21 20:11:07,2017-12-21 20:30:28,2017-12-26 21:09:19,2018-01-10 14:26:57,2018-01-17 00:00:00
c186ebe3937470a2f562a2dc0bc74dd7,20b5aae6a3e31111009f9a7ecc31a232,delivered,2017-11-27 13:33:35,2017-11-29 13:37:08,2017-12-01 19:32:51,2017-12-04 20:33:19,2017-12-14 00:00:00
56a4ac10a4a8f2ba7693523bb439eede,78438ba6ace7d2cb023dbbc81b083562,delivered,2018-07-22 13:04:47,2018-07-27 23:31:09,2018-07-24 14:03:00,2018-07-28 00:05:39,2018-08-06 00:00:00
d62387acb3914789e712406e9882e549,ad4da04c9e20699c6ad1843af39846d2,delivered,2018-05-08 19:48:01,2018-05-08 20:32:08,2018-05-10 18:29:00,2018-05-14 19:05:08,2018-06-12 00:00:00
e659b8223be6f632acb24fb80cf50ca9,9ac71dee8847ffe35fb2c087da733cc4,delivered,2017-11-18 11:30:58,2017-11-18 11:47:19,2017-11-20 14:59:10,2017-12-08 17:29:17,2017-12-18 00:00:00
b693d6c35867fa1937455e04f2547df2,eec909ab0da04f0d3e92f898c6994d37,delivered,2017-05-11 09:13:17,2017-05-11 09:25:21,2017-05-11 10:09:25,2017-05-16 09:42:08,2017-05-31 00:00:00
0f9dc92df0635605588c51ec2e4c58a0,4f31c34bf33334525417bab91b4794da,delivered,2017-12-27 19:19:44,2017-12-27 19:29:30,2018-01-03 20:10:20,2018-01-10 18:10:04,2018-01-26 00:00:00
8efc076145638bcd5298053ddde6ff0c,faa299ecd22a2998858efc7cb87011bc,delivered,2018-01-09 11:19:49,2018-01-09 11:29:43,2018-01-10 18:19:02,2018-01-11 13:51:51,2018-01-23 00:00:00
35b7d83c8629ba8d0f718d9d293cf436,61544bf6d5b15f5dcec75603b22fcda8,delivered,2018-06-23 18:07:30,2018-06-23 18:35:22,2018-06-25 11:40:00,2018-06-28 18:22:32,2018-07-25 00:00:00
418764469a9e73f76f56783c1863bd05,b3c3c1b58dad3d55671825fe3715321c,delivered,2018-07-03 19:34:23,2018-07-05 16:40:52,2018-07-06 10:18:00,2018-07-11 15:08:35,2018-07-30 00:00:00
45ed6e85398a87c253db47c2d9f48216,8eab8f9b3c744b76b65f7a2c0c8f2d6c,delivered,2017-06-08 21:18:45,2017-06-08 21:30:18,2017-06-09 08:35:18,2017-06-22 17:44:53,2017-07-10 00:00:00
0bc4a984d79279c843421830f595273c,e93fa47188d998ecd355fdb87a5e62e3,delivered,2017-10-17 18:22:05,2017-10-17 18:35:10,2017-10-18 21:12:08,2017-10-25 17:07:07,2017-11-03 00:00:00
bb3b61a129aba9eeb10bb81a4770f3b1,e986427e3d822269e0b7e998d86cf267,delivered,2017-09-08 13:37:07,2017-09-08 13:50:16,2017-09-08 19:52:05,2017-09-15 22:36:27,2017-10-02 00:00:00
7876404b81dcee26d47be1c7131b16ec,e20b5cad78dd8fc3006244b5397d5a0f,delivered,2017-07-17 09:29:02,2017-07-17 09:43:06,2017-07-17 20:17:43,2017-07-21 17:15:29,2017-08-14 00:00:00
0ac645ddb846d1373321decb39c9956f,46d8521966b3f64cce626dfc6b655d1a,delivered,2018-05-07 20:57:42,2018-05-07 21:14:16,2018-05-08 14:12:00,2018-05-11 22:08:57,2018-05-29 00:00:00
711f6009f8bf028b3fa426696b581432,5613454932b2c4229250680708f8c0b8,delivered,2018-08-01 16:54:38,2018-08-01 17:24:06,2018-08-06 08:27:00,2018-08-10 16:57:43,2018-08-23 00:00:00
cf18c0b77059499a99818871229ab994,d21eee9c29efbbd504b464caab82b5f1,delivered,2018-08-21 10:19:27,2018-08-21 10:51:49,2018-08-22 13:30:00,2018-08-28 15:58:50,2018-09-18 00:00:00
6147a4d49752afd35a119d794e481588,938698ae953596e231326da5ff220f68,shipped,2017-04-25 13:35:09,2017-04-25 13:45:16,2017-05-02 15:29:33,,2017-05-29 00:00:00
d977821da81b766c90bcd3351f0dbf19,5295c0f1f2053aa636bc034c2a85ab44,delivered,2018-05-04 21:40:39,2018-05-05 21:35:18,2018-05-08 15:15:00,2018-05-16 19:08:52,2018-05-24 00:00:00
5c1f2bd7eff419c165428371164d750c,ac4e328e156057d602bb4d7b146d5468,delivered,2018-03-08 15:59:11,2018-03-08 16:31:43,2018-03-13 01:21:57,2018-03-18 18:26:36,2018-03-20 00:00:00
5a00ef28abf9645038a7d37c1639d2c2,60134a69479bd4d54c03fd5076bbe984,delivered,2018-06-11 13:00:02,2018-06-11 13:33:26,2018-06-15 16:40:00,2018-06-25 15:26:32,2018-07-13 00:00:00
5a0e5ad33542c79b10be87a344ee0086,917149651e472bef5b609eb58e742eb4,delivered,2017-06-13 11:13:38,2017-06-15 03:03:40,2017-06-16 15:37:52,2017-06-19 18:06:01,2017-07-04 00:00:00
0d25f1b15acb59ceff22667265743132,52dee0d644b6d10016569eae238ebc67,delivered,2017-08-04 21:44:43,2017-08-04 22:04:53,2017-08-07 22:23:42,2017-08-17 18:23:07,2017-09-01 00:00:00
f0a82a328fd64b2796242bbfddb7e1d4,500f22fc596ab5a23d2e5ce64ee64859,delivered,2017-10-06 18:22:19,2017-10-06 18:35:26,2017-10-10 20:05:41,2017-10-30 20:54:05,2017-11-06 00:00:00
bba5aa837be7e597e91c6ddedf604cd8,94e56a6d6f8b3e26ad64c605e67b48d2,delivered,2018-05-19 12:14:08,2018-05-19 12:31:36,2018-05-21 12:10:00,2018-06-01 19:41:03,2018-06-12 00:00:00
72144791fc7fd8048eafc90d7f82ba54,229c98245e2b6995b67be1e1921e62d1,delivered,2017-08-05 19:30:41,2017-08-05 20:05:53,2017-08-08 22:27:46,2017-08-16 17:04:55,2017-08-29 00:00:00
664c5e57eb8479a79caeb79fc79699ca,d1460df3c5915f60fcc35d265ac392ea,delivered,2017-10-31 09:59:07,2017-10-31 10:10:24,2017-11-03 18:07:40,2017-11-13 17:38:40,2017-11-14 00:00:00
f97a6e53615dfc1488e4bcf3dfe1cb2f,f3223fd3b2517fa73ebb06dd5f1b0e99,delivered,2017-09-11 09:40:11,2017-09-12 04:30:15,2017-09-12 19:21:32,2017-09-19 19:54:09,2017-10-09 00:00:00
faa911f9ff46e53aedc9408c5d6a24ad,77dccd21b005b20fc1f1418c979ca354,delivered,2018-03-07 16:42:57,2018-03-07 17:20:24,2018-03-12 23:22:04,2018-03-18 17:17:03,2018-04-04 00:00:00
72344ea1113e3227494c465a64ae58aa,99907dc980230daa7bc0c7e6fb0b08fc,delivered,2018-01-13 15:43:58,2018-01-13 15:51:33,2018-01-15 23:04:22,2018-01-23 16:32:29,2018-02-08 00:00:00
b3fb87dd5ffb58351fd40c4f9fe03cdf,156a795ddee88514dace920fe888c46e,delivered,2018-06-19 00:26:23,2018-06-19 00:54:46,2018-06-19 16:16:00,2018-06-24 17:41:36,2018-07-11 00:00:00
95e42e6aaf6264cd3e77c06b32dc3003,29ef1f160ce630146dafa02052e2c5bf,shipped,2017-11-24 09:23:33,2017-11-24 10:51:26,2017-11-24 19:07:43,,2017-12-08 00:00:00
690199d6a2c51ff57c6b392d7680cbfd,19bacb562bd43bd4eaf05b6c0a59dad0,delivered,2018-03-16 11:31:18,2018-03-16 11:49:14,2018-03-19 19:56:23,2018-05-14 12:28:56,2018-04-11 00:00:00
56ecd129e9283080044e40f77065b350,a57a381a12573edc7711887551fc961c,delivered,2017-10-12 23:11:44,2017-10-14 03:46:18,2017-10-16 21:07:52,2017-10-26 19:09:48,2017-11-01 00:00:00
3b881091c6fc2687191b01c705287c13,f31eb05ebdef1ede72cebeba759e7c92,delivered,2018-08-06 22:25:10,2018-08-06 22:45:09,2018-08-08 15:01:00,2018-08-15 20:38:36,2018-08-27 00:00:00
86f408a9212aebbcddb41c1e8c65ebe0,a81e8424b6bfd433cfef8d7bcb36b26d,delivered,2018-06-16 18:31:23,2018-06-16 18:57:30,2018-06-19 15:10:00,2018-06-21 17:48:49,2018-06-29 00:00:00
1cb6cfd9e6306cfe607017391834999a,05aa1cdcd7c5f9e297b3b5d89ae5e1df,delivered,2017-04-29 20:09:24,2017-04-29 20:22:41,2017-05-11 14:57:53,2017-05-24 12:59:33,2017-06-27 00:00:00
6c2953724cd30669e1b904e179a2346f,f5b92e56a780e1573737b5ad7d15ab19,delivered,2018-02-17 10:33:27,2018-02-17 10:49:50,2018-02-20 00:09:19,2018-03-12 12:53:26,2018-03-22 00:00:00
567653c46861b54519b6f4cdee500f0a,5471b1f70a167766bc7eb4ed0f4d1b8d,delivered,2018-08-01 17:57:54,2018-08-01 18:31:26,2018-08-06 15:02:00,2018-08-10 20:34:56,2018-08-24 00:00:00
7b58fca3faf09217a36d5febee5739a5,0966fbba1c0e8c5e26e31166c2fd3ce8,delivered,2018-03-04 22:59:50,2018-03-04 23:15:32,2018-03-06 16:49:08,2018-04-12 21:04:01,2018-03-28 00:00:00
f30607daae66843552e00843c6de88ef,8e1769459d9b9a9989799f6c79a4a663,delivered,2018-02-21 13:18:37,2018-02-23 02:31:22,2018-03-05 23:44:55,2018-04-12 11:36:51,2018-03-27 00:00:00
4207ad8e0e4e4070f271c930d25f72d7,2d2b1b42705b2f080c47fb2c46db46f6,delivered,2017-10-09 19:42:43,2017-10-10 23:09:18,2017-10-13 13:59:11,2017-10-23 19:23:48,2017-10-31 00:00:00
38b7efdf33dd5561f4f5d4f6e07b0414,021e84751ba0ead75b6d314a6ead88d9,invoiced,2017-08-01 18:17:41,2017-08-01 18:32:30,,,2017-08-28 00:00:00
4f7ce3efe568a5e57290a9fa3e45b1f5,2569d6c5ed547bf0feaf37e32677fdaa,delivered,2018-01-26 13:32:22,2018-01-26 13:52:07,2018-01-29 23:16:01,2018-03-08 11:15:57,2018-02-21 00:00:00
3440f090efa1949bc4e9ebd0b89b2b6c,2acac3dfe4fa0e75b07461873a67e7e6,delivered,2017-01-27 00:34:10,2017-01-28 04:34:44,2017-01-30 09:57:31,2017-02-10 18:43:38,2017-03-09 00:00:00
b34523b3a1e3a1ad856985080738c879,62d788fe5abe032aad2a3e5ce86b37c6,delivered,2017-09-18 01:02:11,2017-09-18 01:15:10,2017-09-27 19:08:03,2017-10-03 18:24:04,2017-10-04 00:00:00
550a019d25590b5b3b6d31c0fd3edbbb,1f7945736d0f303827055ca99168ad20,delivered,2017-04-03 23:09:50,2017-04-03 23:22:45,2017-04-04 14:37:51,2017-04-11 16:18:08,2017-05-05 00:00:00
0d09617395364c88c4ad7c457b439314,016c5c3fb572754f302fdac24aa9cfa4,delivered,2018-06-04 08:33:09,2018-06-04 09:11:43,2018-06-05 10:15:00,2018-06-20 18:52:50,2018-07-11 00:00:00
e5a7c745f93cb381d78042cdef65b05b,9438adb7579bb0133f0173f39f85ae01,delivered,2017-09-14 18:32:52,2017-09-15 02:25:56,2017-09-15 20:59:50,2017-09-19 14:42:16,2017-10-02 00:00:00
f112b9fc8967a675670bedf5a2bc6b2b,4913f37a6cb9e2ba061770efb2ea4e58,delivered,2017-02-17 17:37:52,2017-02-17 17:50:12,2017-02-20 10:27:58,2017-03-10 13:06:28,2017-03-24 00:00:00
580c882a5805c78546ea65ec6d3690e4,a4f6fc82eefc6a54376eea73b27df682,delivered,2018-02-05 17:40:34,2018-02-05 17:50:41,2018-02-07 22:38:31,2018-03-06 16:59:05,2018-03-02 00:00:00
8adafb3466daa5395694d3a906ff9d40,b7919647bde69acc948baa47823d6c75,delivered,2017-01-25 15:47:27,2017-01-25 16:02:29,2017-02-07 08:09:23,2017-02-14 14:03:35,2017-03-23 00:00:00
66cf92fc3ec94fbafc4edd77e0814818,5072cf2f4cbec30b8ba917d5d7b6b125,delivered,2017-04-27 14:17:37,2017-04-27 14:30:17,2017-04-28 14:06:45,2017-05-09 11:17:09,2017-06-08 00:00:00
e54613f3313c396f77d8280b9121ea2e,fdb50c069d85c482f1ecfde317595741,delivered,2018-06-15 21:45:12,2018-06-15 22:20:30,2018-06-19 14:46:00,2018-07-02 17:19:07,2018-07-17 00:00:00
eb270c4cbf3671961f3883e8b888571b,64e006a132d86c9189f9656a1cb41939,delivered,2017-12-06 09:53:36,2017-12-07 03:12:20,2017-12-07 17:21:31,2017-12-22 17:37:06,2018-01-08 00:00:00
a87f63f16c37c383775f476c6f22b635,fd673a07896aec385c5287234605f166,delivered,2017-01-14 15:42:20,2017-01-14 15:50:20,2017-01-16 09:38:03,2017-01-30 11:21:56,2017-02-20 00:00:00
dc05a07c0cc70e26e10e274313034ad3,d9abf57c9a7f1cd9865625d2cba96053,delivered,2018-08-01 16:37:54,2018-08-01 16:50:14,2018-08-03 12:01:00,2018-08-11 15:54:34,2018-08-20 00:00:00
ec3d63b91b19bedcbe453ea0df14dd50,379792aa619482a6545bd1db3905ab2b,delivered,2018-05-20 10:33:47,2018-05-20 10:58:35,2018-05-22 06:21:00,2018-05-24 00:35:33,2018-06-04 00:00:00
d4922affdd87d3e42657243354c7acd1,3a6586139c630a9648d74d1da4a11cd8,delivered,2018-07-01 21:12:33,2018-07-01 21:29:50,2018-07-03 10:15:00,2018-07-06 16:50:48,2018-07-30 00:00:00
6e09e14cbfbf46215f17805edfb79aae,90d2e6f72916e728253129378a36fdcc,delivered,2017-05-21 21:10:35,2017-05-23 04:05:23,2017-05-24 14:29:37,2017-06-02 18:03:04,2017-06-14 00:00:00
f847298c3beb552989d31c5f673da6fc,c2ea1149b67ac4b480ff15b3b31110ee,delivered,2018-03-14 11:22:37,2018-03-14 12:00:25,2018-03-14 23:42:30,2018-04-02 22:17:31,2018-04-03 00:00:00
b1b5b604a5e207c764779ffb50527018,40eb5b16b04bc62c59d4905857958e82,delivered,2017-10-31 21:47:13,2017-11-02 02:16:10,2017-11-08 19:35:35,2017-11-14 01:32:39,2017-12-01 00:00:00
c3fd670b03599718895218d479f660b6,8f437c018d57b705d06574998fc4f348,delivered,2017-10-04 17:56:28,2017-10-04 18:28:17,2017-10-05 20:24:51,2017-10-18 20:27:31,2017-11-01 00:00:00
a57a5bbb57b15b49050bc6a58a2f240e,d5ef6eb2e7cb3280ee294b63ecc10fbb,delivered,2018-01-17 09:55:37,2018-01-17 10:10:03,2018-01-18 22:17:37,2018-01-23 21:45:13,2018-02-01 00:00:00
267e5fff0e80197e6553c5596ed81dbd,e8f72a39e55da80935caccd9abb4d831,delivered,2018-07-20 11:46:49,2018-07-20 12:03:54,2018-07-23 08:58:00,2018-07-26 00:26:49,2018-07-30 00:00:00
5a630e3d4aeb6fca86404481eb19cfe7,6928be51d9496f1aab5da8f15a21aba6,delivered,2017-12-14 09:06:34,2017-12-14 10:14:22,2017-12-18 22:29:20,2017-12-27 17:42:05,2018-01-09 00:00:00
dcb4a1d21593a108db61f12a4b3d61db,2ed973ea37080a94b7beaef7458b2e15,delivered,2018-06-19 13:22:15,2018-06-19 13:57:28,2018-06-20 14:15:00,2018-06-25 13:11:20,2018-07-19 00:00:00
3b14820d642ea72e95df3289b6539c1c,4248fddd68e3375c24e743290ce2d9fa,delivered,2018-04-02 13:01:06,2018-04-02 13:10:21,2018-04-04 23:42:34,2018-04-12 17:12:13,2018-04-23 00:00:00
32e4fa9bb468884309b58b9348de70c3,e54367d4b00c5cb76d2dfe71b9bdb89c,delivered,2018-07-04 16:49:21,2018-07-05 16:33:06,2018-07-05 14:50:00,2018-07-07 14:41:18,2018-07-23 00:00:00
813f8916cd12b887b0fa271f3263a4d3,bf22881f1f23a79916784ac5b4319c56,delivered,2017-04-13 17:26:06,2017-04-13 17:42:10,2017-04-18 14:51:38,2017-05-09 12:49:59,2017-05-10 00:00:00
4df92d82d79c3b52c7138679fa9b07fc,ba0660bf3fffe505ee892e153a2fbd49,delivered,2018-07-24 11:32:11,2018-07-29 23:30:52,2018-07-26 14:46:00,2018-07-27 18:55:57,2018-08-06 00:00:00
27f9fff9f14236589804b62bce39f526,f3318c51c9a6779c89f2567475b4a6b9,delivered,2017-07-05 11:55:58,2017-07-05 17:42:57,2017-07-06 13:55:38,2017-07-17 19:02:35,2017-07-31 00:00:00
142ac5357e541e5881d26fc5eb5f3754,660c817af06c2d842014a12d5871c1f9,delivered,2018-04-30 20:24:33,2018-05-01 03:15:02,2018-05-03 12:27:00,2018-05-09 19:50:37,2018-05-15 00:00:00
f833a0260cb98fa615a517d4e4a8cdf3,6b74fa3521fe75edbeff9948022f13d1,delivered,2017-05-03 14:31:43,2017-05-03 14:42:38,2017-05-04 13:08:12,2017-05-10 11:34:12,2017-06-05 00:00:00
9d48a2dfef2e0cb6155f816b9bf8489c,c4e12dfa6412f54cb99c38787dca987f,delivered,2018-05-25 22:10:13,2018-05-25 22:32:39,2018-05-28 15:02:00,2018-06-01 14:46:48,2018-06-19 00:00:00
9dc8d1a6f16f1b89874c29c9d8d30447,d9442164acf4b03109425633efaa0cfc,delivered,2017-10-12 13:33:22,2017-10-12 13:49:22,2017-10-17 15:42:42,2017-10-24 20:17:44,2017-11-06 00:00:00
d83706c29baf36eedf5e8adfb0da304e,26545a1a15e77138e98380c49a76053a,delivered,2017-03-13 11:36:11,2017-03-13 11:36:11,2017-03-17 15:12:16,2017-03-27 14:12:27,2017-04-12 00:00:00
9472d3c8a0ad463cbfc89897334431da,7e016f9ea275279784f42e0642214284,delivered,2017-11-20 16:21:04,2017-11-21 09:50:30,2017-11-22 19:48:47,2017-12-21 14:22:54,2017-12-12 00:00:00
e811880120e802367a37c73fdbc0a7a2,6441d665c5a1058502eb8ad0a2e2282b,delivered,2017-11-26 15:47:51,2017-11-26 15:56:24,2017-11-28 21:09:47,2017-12-14 00:37:09,2018-01-02 00:00:00
d4ab8a264235be36f72a07621046d082,7a5846ef7b6f7d58630bb4b0aafe2858,delivered,2018-06-01 15:34:15,2018-06-01 15:52:33,2018-06-05 05:40:00,2018-06-12 16:32:33,2018-07-12 00:00:00
b417d44c131fe6470b3226c7b59f6a8f,82f6d48ad3a75669934efe3988ce9b25,delivered,2017-12-23 15:50:03,2017-12-23 15:58:25,2017-12-26 13:33:39,2017-12-30 01:39:04,2018-01-23 00:00:00
f049e19134a95d09c806851a5ea1872e,cb1b31ec399f6183dee790a4c349e712,delivered,2017-12-01 07:15:07,2017-12-01 11:32:19,2017-12-06 23:17:44,2017-12-14 15:08:57,2017-12-26 00:00:00
e5d48f5d3719ee190629a850e362dc57,1670832aa0263adfa1337adf89530561,delivered,2017-12-03 20:22:53,2017-12-03 20:31:44,2017-12-04 21:43:16,2017-12-11 22:47:16,2017-12-20 00:00:00
407408433ee2a9ed77984aa5a06e2b2e,9f4c898706bf2b467ace0539e0319fcc,delivered,2017-10-04 11:31:15,2017-10-04 11:49:17,2017-10-04 17:48:24,2017-10-09 23:02:53,2017-10-31 00:00:00
a0411a1811cf1c3c1312372cb0495c6f,d156b6d121b154d0eae17d8993d4dd40,delivered,2018-08-21 20:36:22,2018-08-21 20:50:15,2018-08-23 11:39:00,2018-08-27 23:05:55,2018-08-31 00:00:00
0fc34e566d3273325c404c113f4a8b2a,ae9cc596d22235c547acce001f90fc33,delivered,2017-11-02 14:51:11,2017-11-02 15:10:35,2017-11-06 20:28:43,2017-12-01 18:06:48,2017-11-27 00:00:00
50c71607b83f5edc9a65e7c7d9910b1a,d3a7f01174c7a3d2905734b89cacedad,delivered,2017-06-23 11:23:50,2017-06-23 11:35:14,2017-06-26 08:03:03,2017-06-30 15:27:34,2017-07-17 00:00:00
3c3fa8869e142a240f57aef59c095f6c,d1c40bfb050a09047a4c4426fe9a2893,delivered,2018-05-10 16:04:42,2018-05-11 03:50:29,2018-05-17 14:56:00,2018-05-21 23:56:39,2018-05-29 00:00:00
5b96fa278c2b3c1e29c190ef1b651d08,207ac9416941d5b76d64875a33fe3659,delivered,2017-02-13 09:35:10,2017-02-14 04:03:44,2017-02-16 12:48:03,2017-03-01 11:37:25,2017-03-14 00:00:00
b3206cf64b7cd1480a6c6f9912b20666,da757be0eb9978feb09365ed3bdfc679,delivered,2017-09-13 20:30:02,2017-09-13 20:44:14,2017-09-14 19:52:15,2017-09-19 20:12:37,2017-09-29 00:00:00
33209e0f87b2ed543a0876812c9c5c40,bab0c43a2325bbc9ea398b00f8db0717,delivered,2018-04-11 14:59:05,2018-04-11 15:12:22,2018-04-12 18:49:47,2018-04-13 19:04:19,2018-04-27 00:00:00
ea337f88a8c5cab4e99da87460f1b99e,9aed6fa0db5da18a5433bbff4ef320b8,delivered,2017-03-19 23:15:51,2017-03-19 23:15:51,2017-03-21 09:17:46,2017-03-30 14:43:16,2017-04-10 00:00:00
c82430e4a84f03b67cc2a82fecd873f0,a625f7cf467b00ae83700201dce9a6d0,delivered,2017-11-03 12:56:49,2017-11-07 07:30:43,2017-11-07 19:33:45,2017-11-21 18:23:02,2017-11-29 00:00:00
c3664571c21d82f7d8ada5770af419f9,3c6de6b65568723360510737edb81465,delivered,2017-11-27 19:41:55,2017-11-27 19:58:22,2017-12-05 20:26:46,2017-12-11 15:28:55,2017-12-15 00:00:00
ad7ddb009f1bcd6c40cb1106471c292c,26495cdb066f046945177209f10b67fb,delivered,2018-07-18 16:16:28,2018-07-18 16:30:32,2018-07-19 13:34:00,2018-07-24 15:08:39,2018-08-06 00:00:00
a865adb8bec2475e30e835eaf1b9e7d6,047d2000bf864a26eb2559021ec958e2,delivered,2018-05-06 10:27:56,2018-05-06 10:53:01,2018-05-07 15:00:00,2018-05-14 20:31:36,2018-06-04 00:00:00
ac85808794ef111b4689bbdb5ea7f2c9,62082173db63a1a735d81f64754914e4,delivered,2017-11-11 12:10:02,2017-11-11 12:26:49,2017-11-16 20:12:13,2017-11-25 13:51:57,2017-12-11 00:00:00
9d513821c0477231fc7c1bfd684d13d8,00a6e2753fc2652cb87386ffbf5792b2,delivered,2017-02-20 21:31:59,2017-02-22 06:50:09,2017-02-23 07:23:34,2017-03-21 10:35:41,2017-03-17 00:00:00
39a0eaa2a980c810beaf68d76e52fa96,d1c6e90ab127d42b75ef2e548b4461ac,delivered,2018-03-07 17:53:30,2018-03-07 18:10:15,2018-03-08 18:33:32,2018-03-14 18:48:51,2018-03-23 00:00:00
cf3d593f97ce4a58adbd6b488579fa36,4156c48bdc8d1ecbfbcfabfefee2d0c7,delivered,2018-06-24 08:21:25,2018-06-26 05:37:09,2018-06-26 13:54:00,2018-06-27 12:58:33,2018-07-05 00:00:00
8ca57f2b32c00588cab243b2115441f5,284e326e8a71e55bdb0b210ddfabaa27,delivered,2018-08-06 18:45:01,2018-08-07 06:45:09,2018-08-08 16:18:00,2018-08-18 11:48:58,2018-08-30 00:00:00
65d7e9625cc211f641191203e231ac24,08999a20d9741d9513c368676f5531c1,delivered,2017-08-04 10:46:33,2017-08-04 11:03:38,2017-08-04 19:42:52,2017-08-15 14:43:59,2017-08-28 00:00:00
ad2b0f4fd912cd3c834e5976c46b75b7,a942d13c8e40155ee446ae0909993bfc,delivered,2018-05-03 14:31:13,2018-05-04 11:35:10,2018-05-07 15:23:00,2018-05-09 17:08:50,2018-05-22 00:00:00
c432ba5b3bb83966c1b66696c395a2fb,973e21d9b220229aedc9ac566294568f,delivered,2017-12-02 07:55:59,2017-12-02 08:59:42,2017-12-04 22:09:21,2017-12-06 19:04:52,2017-12-27 00:00:00
62fe29a53926ef67e73c4b5f3e1ba6f3,fda187c74a59672dfd4c786231565791,delivered,2018-01-01 23:15:14,2018-01-01 23:26:49,2018-01-05 18:32:26,2018-01-09 17:09:16,2018-01-24 00:00:00
769cad60df1d40dccfd5ec163be24654,ce0518f0279ef8b73d94633720e70b9f,delivered,2017-09-03 15:21:44,2017-09-03 15:30:14,2017-09-19 23:57:50,2017-09-25 20:56:56,2017-10-10 00:00:00
48a928c553c276852b35ce90fedfeee2,9ea999ddb251e229b1c8b4925884743e,delivered,2018-02-03 00:18:09,2018-02-03 00:32:52,2018-02-06 00:42:45,2018-02-24 17:38:49,2018-03-07 00:00:00
40ef667b4259d5f521a0fd1a093d0415,bb8bd97c39739129411746c4ca7c754f,delivered,2018-07-11 19:25:07,2018-07-12 04:06:09,2018-07-12 15:04:00,2018-07-13 17:45:33,2018-07-20 00:00:00
7f97f025c45cac922275120fdee4e062,695449e690b9ed39a1afa2dc5f3e900f,delivered,2017-02-07 12:01:07,2017-02-09 02:43:09,2017-02-10 14:04:07,2017-02-17 17:06:01,2017-03-02 00:00:00
00125cb692d04887809806618a2a145f,8afb90a97ee661103014329b1bcea1a2,delivered,2017-03-23 12:21:17,2017-03-23 13:05:42,2017-03-27 08:58:04,2017-04-07 15:32:47,2017-04-20 00:00:00
eba75422c6a2414d3cd8289123e64200,d7c4d8b45b0a33ff6df7a3950800d4e8,delivered,2018-07-30 18:25:18,2018-07-31 03:55:21,2018-07-31 13:55:00,2018-08-07 14:21:45,2018-08-24 00:00:00
626e4ba4ac663dadb68a6fe4b0d7b8d4,6b9aa554bd8240e377eb1aca688e6e39,delivered,2018-02-09 15:26:21,2018-02-09 15:54:33,2018-02-14 16:39:01,2018-02-28 20:07:13,2018-03-09 00:00:00
3ec2c982a9497e2aa32da12b18ce7266,8181e01938f34902ad6d883bf57f803d,delivered,2018-05-04 20:19:38,2018-05-04 20:30:24,2018-05-07 14:32:00,2018-05-18 16:03:07,2018-05-25 00:00:00
98e54ac24cb241c366307ed88ae84902,3d2b9ce5685b7810c56c6b8babb0432e,delivered,2017-11-26 12:15:07,2017-11-26 12:34:38,2017-12-11 22:27:23,2017-12-21 21:17:03,2017-12-27 00:00:00
18d686f1bb1270182c646fe337459d79,bbf7be5b7db9baf4509ae4573c8570b4,delivered,2018-02-15 15:07:11,2018-02-15 15:27:08,2018-02-17 00:14:57,2018-03-11 19:28:52,2018-03-07 00:00:00
93b82c635931ca55e5d20e0d095507ce,7e22aa38ee8f6869c7efd3348b63be3d,delivered,2017-08-31 05:31:43,2017-08-31 05:44:41,2017-09-11 17:26:41,2017-09-12 19:43:56,2017-09-13 00:00:00
c5e754f77f6f127371e929ccb707fce3,19ce60e416e5f9342e80d5ddcc814b03,delivered,2017-02-11 10:53:48,2017-02-11 11:05:19,2017-02-20 03:54:56,2017-02-24 10:37:39,2017-03-17 00:00:00
0f8532e6a9c1e86b215fda5c13f37fad,48c83ab1910a8d95f8702dde180d658b,delivered,2017-05-08 14:59:40,2017-05-10 02:42:28,2017-05-19 17:52:05,2017-05-24 13:25:09,2017-05-29 00:00:00
4fe2fd5509bca02cbd39aa5b3eeb2a8f,c5064807abdc55acd37860160154ed1a,delivered,2018-08-27 13:57:36,2018-08-28 04:04:08,2018-08-28 10:34:00,2018-08-30 00:36:25,2018-08-31 00:00:00
46c22ce0488991c798933effd2b57574,d022cc2c5b40e84f1c19866f337c7a68,delivered,2017-02-06 15:43:18,2017-02-06 15:55:38,2017-02-08 15:48:44,2017-02-20 17:08:04,2017-03-03 00:00:00
cd864dfff08db3d739750d749ec053b3,e5b70244ffbbac9f5ebde9ecdfc049f9,delivered,2018-01-16 10:02:20,2018-01-16 10:12:20,2018-01-17 18:51:50,2018-01-23 21:25:49,2018-02-14 00:00:00
b65067f5a1e9e4aea30dae0dc505119b,cb1d99010eebd5ee5b64dc9e37caa9d4,delivered,2018-05-18 11:26:45,2018-05-18 13:06:52,2018-05-18 13:31:00,2018-05-21 18:08:30,2018-05-28 00:00:00
31426d292a5d34315a18ac11d6eef7eb,bf4fe999a2d7bc0465cbd817fac3bbee,delivered,2018-01-22 19:19:21,2018-01-22 19:36:36,2018-01-24 16:28:58,2018-01-26 18:59:01,2018-02-14 00:00:00
eafef0e6c44f121531569a69a318c3b3,084dab2db2bf5d42677b135e633a15ba,delivered,2017-11-29 13:03:33,2017-11-29 13:12:28,2017-12-04 19:18:09,2018-01-09 16:32:21,2017-12-27 00:00:00
1f6405caa14a2debb88594b0471ed340,5ca6f3218e411dcbb9c27ad61bdc3d1d,delivered,2017-12-26 02:35:27,2017-12-27 04:08:40,2017-12-28 12:29:07,2018-01-05 20:32:44,2018-02-05 00:00:00
2ed75ffbf396fcdc6341f17d1a16ef5d,7c5f8c2e42af586aa1b1cc8d6bc40732,delivered,2017-12-12 20:54:42,2017-12-12 21:11:32,2017-12-13 17:19:04,2017-12-14 22:57:41,2017-12-29 00:00:00
c0e59bb74c6b71dbd39b3073120e957d,387752a856ae611e11987f531cf59966,delivered,2018-08-04 09:09:37,2018-08-04 09:45:18,2018-08-06 14:28:00,2018-08-09 21:05:48,2018-08-16 00:00:00
10918fe4d665fda80034712895c2b92f,e05a24d2c1d2cd3ae0482ecc1b4d069f,shipped,2017-06-26 07:04:39,2017-06-26 10:32:39,2017-07-04 11:27:21,,2017-08-03 00:00:00
64a9f2b487f66506d463ca18152280e8,90714b0e62fe1fbd304fb45fd644ebdd,delivered,2018-02-24 08:45:01,2018-02-24 09:47:40,2018-03-01 21:38:37,2018-03-02 21:51:59,2018-03-27 00:00:00
e5e6a20a4c3fbe6ee280c01f8fe279cc,e1cb13d47d802da7d23d6253ed8d7959,delivered,2018-08-05 11:05:53,2018-08-05 11:15:13,2018-08-07 14:21:00,2018-08-14 18:06:37,2018-08-15 00:00:00
6d46f8b7f485ad93146f9880682d4eb2,ed91cd9ea6e333288382a4adbefaffcf,delivered,2017-11-26 11:38:04,2017-11-26 11:54:51,2017-11-27 20:12:00,2017-12-05 19:23:37,2017-12-15 00:00:00
011b142c9e082a5c1d10e0a88cd9c8e8,0c7a95280b3f80eadd81c829e093dbec,delivered,2018-03-23 11:43:13,2018-03-23 11:55:34,2018-03-27 03:14:53,2018-04-14 19:18:26,2018-04-16 00:00:00
cd0019d8419b82109ff269d8b4e18791,17ebae22126d3df35f5e1fa1efedab94,delivered,2018-05-17 07:17:54,2018-05-19 02:58:58,2018-05-22 17:15:00,2018-06-03 13:06:33,2018-06-07 00:00:00
fa859e78da068661b096bfb4466ded18,065415930d45ace4ad39039b5d0d9341,delivered,2017-12-09 17:13:50,2017-12-11 17:11:20,2017-12-13 20:16:26,2017-12-19 11:59:06,2018-01-18 00:00:00
7753606fb1d0067848f8a1a7ae5abefa,5c4a6f6b98ec2d780b10f1cc88ef208f,delivered,2018-05-02 13:17:54,2018-05-02 15:58:53,2018-05-04 15:20:00,2018-05-23 17:51:15,2018-05-16 00:00:00
3606d0126c19d4197f835572f5162c20,366e99a4996b3f8f781b60d7549f9e38,delivered,2018-01-25 19:46:47,2018-01-25 19:53:22,2018-01-26 18:52:05,2018-02-22 23:49:20,2018-02-20 00:00:00
4d2d8a4224215f680cc5221011347401,5957d9ae822bcbe88c00fb8286362339,delivered,2018-03-01 12:43:37,2018-03-02 02:10:25,2018-03-02 19:08:11,2018-04-05 17:12:42,2018-04-02 00:00:00
87386e2485df1ab61a6d060a092e4d6f,0728f6d108255cb411a50fb646c3c7dc,delivered,2017-11-16 23:40:17,2017-11-16 23:50:57,2017-11-17 22:32:24,2017-11-29 10:41:33,2017-12-13 00:00:00
91bcade2288597459e1dbce52d6d0ef9,449057269c318304d8a753f64c181b07,delivered,2018-01-04 13:14:34,2018-01-04 13:29:16,2018-01-10 20:24:19,2018-02-09 00:44:50,2018-02-02 00:00:00
df8e5e994bcc820fcf403f9a875201e6,05f1c2a8e913a4084727ac728bbdbec2,delivered,2018-08-01 13:30:12,2018-08-01 13:44:25,2018-08-02 14:20:00,2018-08-06 22:28:21,2018-08-17 00:00:00
3480c6733692db0895d7f240dc18d9d6,511565b2987c19e165331306886f10f8,delivered,2017-10-17 15:58:05,2017-10-17 17:14:35,2017-10-18 18:47:53,2017-10-21 15:01:19,2017-10-27 00:00:00
b028c30dc8af213ae4c26a64446211db,55521b1f0b80672b3c61939a06211691,delivered,2017-11-16 16:20:02,2017-11-16 16:35:33,2017-11-21 17:45:24,2017-11-23 22:58:27,2017-11-29 00:00:00
7845a2492ab1b4f2cf3d56c7b8da1446,386e96046ce0e77e5c9a9a4e818da93c,delivered,2018-01-18 12:35:45,2018-01-18 12:56:40,2018-01-18 23:42:44,2018-01-23 21:51:48,2018-02-09 00:00:00
b3ceb7d2c66651bd0f6531ffba8745fb,0473034ec8cbbdc1db543b6c3615c625,delivered,2017-09-08 14:56:50,2017-09-09 05:04:40,2017-09-12 00:51:21,2017-09-20 19:27:41,2017-10-03 00:00:00
c4cffa375b754170e9823a1fe9ac75bb,47e47955af2683fa8896688e8aaa279f,delivered,2018-07-29 00:48:48,2018-07-30 19:31:59,2018-07-31 17:58:00,2018-08-04 18:26:54,2018-08-10 00:00:00
d44b754260def6c94daa9e661e530044,50c065ad9fbbc477d28bbb56dcb61600,delivered,2017-04-25 21:33:39,2017-04-27 13:15:50,2017-04-28 17:52:55,2017-05-09 16:43:57,2017-05-16 00:00:00
f9fe35b6ddb4b18faa9a9a683e20eaea,3888989235e31a1848cb782a04a14334,delivered,2018-04-26 09:49:09,2018-04-26 10:35:18,2018-04-26 14:16:00,2018-05-03 22:41:04,2018-06-06 00:00:00
d52140bee663636aa4f6057e50bc06a3,32fa597a3b06db1949ee96c416335b6b,delivered,2018-03-01 20:30:22,2018-03-01 20:49:07,2018-03-02 20:35:25,2018-04-16 16:24:45,2018-03-27 00:00:00
cfa4fa27b417971e86d8127cb688712f,7093250e1741ebbed41f0cc552025fd6,delivered,2018-08-16 09:44:23,2018-08-17 03:10:22,2018-08-17 18:55:00,2018-08-29 01:41:41,2018-08-22 00:00:00
3ad68235680db3c8a491e0362402fd96,2ae1291d11904be5f9315472cc178cbe,delivered,2018-01-25 08:43:46,2018-01-25 08:56:56,2018-01-26 12:46:01,2018-01-31 18:51:53,2018-02-09 00:00:00
df6e64a3be9ccea48c3bfe8e096e8749,1f184001b4cbba29eb3ddefd7b0a195b,delivered,2017-08-16 08:00:13,2017-08-16 08:10:14,2017-08-21 13:54:56,2017-09-01 20:41:04,2017-09-08 00:00:00
bcdbb3b243d4e882503b919785e2343f,4146dd1b456444cd54142b5a7c4b9405,delivered,2018-05-21 13:16:36,2018-05-22 09:36:26,2018-05-22 12:23:00,2018-05-28 16:38:45,2018-06-13 00:00:00
3acf8c12de0c5a31ce57671e97cb48a1,3c74489596d98affbe4a9388a39bf482,delivered,2018-05-12 00:18:28,2018-05-12 00:31:55,2018-05-14 14:54:00,2018-05-17 21:52:12,2018-06-04 00:00:00
112f6cd3047e7f158607233e26206398,f9ed63010ec897e6fb2c5ce868195a18,delivered,2018-01-03 16:29:52,2018-01-04 05:16:06,2018-01-05 19:36:18,2018-01-12 23:18:59,2018-01-26 00:00:00
598cd40a798aa27cded050fe918ffbe7,f36d397e361b66b7220f849320541fd8,delivered,2017-08-31 09:31:20,2017-09-02 02:45:40,2017-09-05 21:35:05,2017-09-06 14:43:50,2017-09-13 00:00:00
ac244956f757aeeb76242334254bf9a5,80f70f0ca0bcd19bf71e848e51206d68,delivered,2017-07-12 18:45:24,2017-07-12 19:03:33,2017-07-14 20:43:44,2017-07-25 21:54:23,2017-08-14 00:00:00
4c460fdf49b517270b6258ba2d3c1ef9,ffe82abbde8061e75c4c0b72f3b2accf,delivered,2018-06-14 18:37:58,2018-06-14 18:58:12,2018-06-15 14:17:00,2018-06-16 10:12:15,2018-06-29 00:00:00
118045506e1c1dda060171af43fe11b4,638c6674418fc58283a73c078bcb076f,delivered,2018-03-08 19:06:05,2018-03-09 19:08:26,2018-03-13 21:24:28,2018-04-11 12:53:50,2018-04-04 00:00:00
18bf036204cea32b152a8e2a2f2bab40,75c1cc8ffdfa39cfba5b62056e1c0f56,delivered,2017-05-08 16:31:38,2017-05-09 16:35:23,2017-05-11 13:44:39,2017-05-15 19:27:34,2017-06-12 00:00:00
ec07555943e04d757937a8bea3a75ed7,cf3c35f463f6a234d0dc10d33dacb41e,delivered,2017-11-16 13:18:14,2017-11-17 04:06:21,2017-11-17 19:12:26,2017-11-27 21:59:13,2017-12-08 00:00:00
825c221a4e981f278e9c5ec6ead83a3f,933bf00ad9a4f8bfd36bd85e09bd6cba,delivered,2017-06-29 23:08:50,2017-06-29 23:23:28,2017-07-06 14:05:35,2017-07-10 13:48:36,2017-07-19 00:00:00
371f13dd168ce30a881e0db8cf3929fb,f411a040a2fa31babc72e93f3a947e07,delivered,2017-08-26 10:26:53,2017-08-26 10:35:17,2017-08-31 19:42:41,2017-09-12 20:52:38,2017-09-27 00:00:00
6699d7eb202a80ad0dd024134fe5ed60,18715b86f15b55cc06dcaef3708656c7,delivered,2018-01-15 00:14:21,2018-01-15 00:29:16,2018-01-15 21:33:17,2018-01-24 20:18:57,2018-02-19 00:00:00
c046779e1ef14c11e325b9b9a46d610d,c3de914e671cb1e98797f42b2f797274,delivered,2018-06-05 19:53:27,2018-06-06 02:53:58,2018-06-07 13:02:00,2018-06-09 20:03:11,2018-06-21 00:00:00
4b81496f1e0fd587a7394ba1e1b8aebb,ea0b7ca96e72354232c17d72b8bdf66d,delivered,2017-03-04 09:55:08,2017-03-07 04:05:14,2017-03-08 17:24:42,2017-03-14 07:24:12,2017-03-23 00:00:00
b3e2b81932a8bc32dfffd128937c3c5e,cb633030180d869d7bb76aa783a78b6d,delivered,2017-07-04 23:29:52,2017-07-05 17:36:19,2017-07-07 13:11:21,2017-07-10 19:07:41,2017-07-18 00:00:00
62fcfe5da58296dface200da2e196fcd,02860b05257510a255778043ce042794,delivered,2017-05-19 14:12:50,2017-05-19 14:25:24,2017-05-22 12:47:36,2017-06-01 16:15:31,2017-06-12 00:00:00
ac71263052acddd3b2031b5937f8fc30,ffdaff86e5834cb843ada60a745d4222,delivered,2018-04-24 22:18:53,2018-04-25 22:10:25,2018-05-02 15:20:00,2018-05-04 21:18:36,2018-05-15 00:00:00
9db49839ad325c2bf4303df727694be2,3be5a877ceebea2954404c6ef8e70be2,delivered,2017-09-13 17:53:28,2017-09-15 02:24:49,2017-09-20 13:35:16,2017-10-03 21:13:43,2017-10-16 00:00:00
390d4039e108e33c6a93031f5f3f9e0d,f33b3d6c9af33c35f9a32f66285a6b7a,delivered,2017-11-20 11:44:11,2017-11-20 11:56:31,2017-11-21 15:47:41,2017-11-30 22:04:00,2017-12-08 00:00:00
f633c884a99eb63866600655356d973e,b6e18008af6aeb4a5ce5574c15ca2b48,shipped,2018-04-04 00:33:47,2018-04-04 00:48:50,2018-04-05 19:16:46,,2018-04-25 00:00:00
b8bfafcbe46deea4900feeffb2d6afaf,73f826bc89f03a161feac9beef6ed964,delivered,2018-01-19 18:07:37,2018-01-19 18:20:43,2018-01-23 17:21:22,2018-02-01 00:08:55,2018-02-14 00:00:00
16e38caa92e342c7780f68832f832d4d,d29935fdaf4a76f34653da3def4f2a24,delivered,2018-05-07 01:09:09,2018-05-07 16:52:39,2018-05-07 15:09:00,2018-05-24 00:31:18,2018-06-07 00:00:00
c272bcd21c287498b4883c7512019702,9582c5bbecc65eb568e2c1d839b5cba1,unavailable,2018-01-31 11:31:37,2018-01-31 14:23:50,,,2018-02-16 00:00:00
6d710101fb9f067dd5385ea1b6021946,6e001b127d62e0c00c0dfb63778ae9c0,delivered,2018-05-31 10:16:12,2018-05-31 10:30:46,2018-06-12 14:23:00,2018-06-13 18:22:44,2018-07-11 00:00:00
d5af7f6e2db2c527fe19decfc2d37a83,bf59771b1ab3559105d03691c8c99794,delivered,2017-07-31 20:47:50,2017-07-31 21:15:09,2017-08-02 20:52:09,2017-08-04 21:04:49,2017-08-25 00:00:00
49e19ca07e42bde08630a08e50ad980e,cb67357747667b594aa6d47770e7334c,delivered,2018-05-31 17:47:23,2018-06-01 17:53:11,2018-06-08 11:18:00,2018-06-15 19:14:38,2018-07-05 00:00:00
ed3b269b4badaf0126050c9d4f7b854c,8df348aaafe2a0df5f1ad620b64095f9,delivered,2018-07-12 22:14:06,2018-07-12 22:25:13,2018-07-18 07:50:00,2018-07-23 17:48:39,2018-07-27 00:00:00
6ac882284d5fcde113962e178ba0edbb,1bd00f336a9c3b3c35a720f715e7fe58,delivered,2017-12-07 15:40:14,2017-12-12 03:49:32,2017-12-13 22:07:57,2017-12-20 19:05:03,2018-01-09 00:00:00
5e0311cb517d342851ca3b346cd4c5ab,3ac33dfea62e0b085b5cfeb64bee5f21,delivered,2017-12-10 23:35:48,2017-12-10 23:49:19,2017-12-13 17:13:08,2017-12-27 20:41:46,2018-01-16 00:00:00
4efb9f3d8ba57d35f9f884744e757265,b1daab0190e21f1b1702791e68fcd940,delivered,2017-07-24 16:14:28,2017-07-24 16:25:13,2017-07-26 10:32:31,2017-07-28 18:15:51,2017-08-15 00:00:00
f4b76dbfe0f911217da5adaa458f5b5b,c2d9ace6123e42fa913bd6fad131bf09,delivered,2017-07-27 23:29:11,2017-07-27 23:45:05,2017-07-31 17:27:38,2017-08-07 20:32:51,2017-08-22 00:00:00
3783e0b4f1ef0985e0d9aca4629f756b,264d02bf55980e2934f42a50c221e97c,delivered,2018-04-19 19:34:08,2018-04-19 20:51:20,2018-04-20 18:32:52,2018-04-23 15:32:11,2018-05-08 00:00:00
1b5bd1070a7857f30e0856e204f30f25,e30b71f331d7484590d41e75507583fd,delivered,2017-11-28 08:02:38,2017-11-29 02:18:46,2017-12-04 22:53:02,2017-12-22 17:17:53,2017-12-26 00:00:00
4d315c56f2d8d8d27bf1a1365d41c923,1a064684f3096efdbfb11a78ea4f97c9,delivered,2018-06-28 10:28:34,2018-06-28 10:50:22,2018-07-12 06:46:00,2018-07-23 17:54:34,2018-08-03 00:00:00
68a001baa8dbd45ba5096b470f57a498,355971cbe54e13e55beb25fab74f6988,delivered,2017-10-16 18:26:48,2017-10-16 18:45:47,2017-10-26 20:41:31,2017-10-27 21:44:26,2017-11-10 00:00:00
bb90b02637daa6d6ea968529eed50699,cb85fd1337a9b227e49fbcb893babd71,delivered,2018-01-23 10:15:38,2018-01-23 10:29:22,2018-01-25 22:16:03,2018-02-05 19:53:12,2018-03-01 00:00:00
186d50e82bb60fc547f3dbf7aa6f6f8a,ff0a44202beb5310644a0ea439973f4d,delivered,2018-08-19 11:28:11,2018-08-20 16:50:16,2018-08-21 19:01:00,2018-08-27 14:11:55,2018-08-28 00:00:00
2042abeefae68e63a8aa30edd4b0eb48,a37a37235d7b3be3e2f95747ca589bda,delivered,2018-05-26 23:52:17,2018-05-27 23:49:24,2018-05-28 14:09:00,2018-05-30 15:48:56,2018-06-20 00:00:00
f9c8a2771f663e15460ae6ba93205354,de6878ac6d0e66c06927865e86f28f60,delivered,2017-09-21 22:33:55,2017-09-21 22:50:07,2017-09-22 20:12:59,2017-09-27 16:32:39,2017-10-17 00:00:00
b2ce866408709e3ba155f339e97b8405,8dd1c4e88c1db62830ab1f7c56b6ee42,delivered,2018-05-04 00:12:31,2018-05-05 00:13:52,2018-05-07 13:37:00,2018-05-16 17:19:18,2018-06-12 00:00:00
2e1b28b55908e9904e59370fa0ecbb8e,e0c153dd9802d047fc86fbbc9da1a59b,delivered,2017-12-20 14:00:18,2017-12-20 14:31:37,2017-12-20 23:28:11,2018-01-09 00:45:19,2018-01-24 00:00:00
a98012aa8c697f2bcff9f8c2183e0f2b,3e337c99e0f5ff7ba9a4b98fbf7412fd,delivered,2018-05-13 22:50:32,2018-05-13 23:11:49,2018-05-14 11:49:00,2018-05-18 22:46:45,2018-06-01 00:00:00
302e27012670f8e2db4418e6c619f54c,4221d4ffdad18996eb11c8a829d6a073,delivered,2018-02-16 09:17:44,2018-02-16 09:35:28,2018-02-19 23:31:19,2018-02-27 18:28:43,2018-03-15 00:00:00
f3d418a0887dbfd5bd41c788c87ac28b,1fabee44ed07815c74f684fe4826c686,delivered,2017-12-10 16:46:22,2017-12-12 03:36:30,2017-12-13 20:41:52,2018-01-02 19:43:30,2018-01-12 00:00:00
31b157fa9491800710e3feeb482ccee9,55490de47a9c2abff0a27a5296ae9c2c,delivered,2017-12-11 23:18:07,2017-12-12 00:05:01,2017-12-12 22:37:03,2017-12-13 12:57:23,2017-12-28 00:00:00
315ab79b5d15b5e9304d729579d36a42,04c70b7e1a619d16dbd79757e543cc59,delivered,2017-03-10 11:45:28,2017-03-10 11:45:28,2017-03-10 13:44:54,2017-03-15 16:15:42,2017-03-29 00:00:00
9f2da077d2d1eb6e8abcacef8776e941,2386792ff4818fe030a3b1364994f51e,delivered,2017-10-28 21:26:26,2017-10-28 21:46:29,2017-11-06 11:08:52,2017-11-13 22:33:12,2017-11-22 00:00:00
b92fa055c4f004d4ae52eccce4efbe5f,36d3a1fdfe49d86395c631a7ea4dea63,delivered,2018-02-22 14:54:45,2018-02-22 15:27:34,2018-02-23 20:23:26,2018-03-05 20:29:54,2018-03-14 00:00:00
d396adb7e51ca1bcb4a84cb786fee813,33a366be73843c5da3d68f3d3427afd6,delivered,2017-07-03 16:42:42,2017-07-05 06:44:25,2017-07-12 20:47:52,2017-08-01 21:10:36,2017-08-04 00:00:00
714fb133a6730ab81fa1d3c1b2007291,e3fe72696c4713d64d3c10afe71e75ed,canceled,2018-01-26 21:34:08,2018-01-26 21:58:39,2018-01-29 22:33:25,,2018-02-22 00:00:00
f3381b1e6c37c70f2b3c9d211b166412,77eca4439004e4aad223924d6f254f3f,delivered,2018-04-24 10:29:25,2018-04-25 04:11:10,2018-04-26 07:49:00,2018-05-04 22:19:10,2018-05-17 00:00:00
b9afddbdcfadc9a87b41a83271c3e888,85c6af75161b8b2b1af98e82b5a6a5a5,delivered,2018-08-16 13:50:48,2018-08-16 14:05:13,2018-08-16 13:27:00,2018-08-24 14:58:37,2018-09-04 00:00:00
bc024a50e4e6ff5212d0febb0f4b4a37,b037df006f291d0cdbc837d78c48ff5f,delivered,2017-08-28 20:27:54,2017-08-28 20:44:52,2017-08-29 16:09:26,2017-09-19 16:58:58,2017-09-28 00:00:00
4630b9ea86d473a936d6dd589cee8b22,5b6e97fea8528cf0060d86dbd82f9c4a,delivered,2018-06-27 16:11:38,2018-06-27 16:29:31,2018-06-28 14:37:00,2018-07-03 04:42:39,2018-07-19 00:00:00
0e31f844aae10fe7dc2369bc0340bf21,b8733d346bac6859519abd26e409fd6a,delivered,2017-10-17 17:02:32,2017-10-17 17:46:49,2017-10-18 19:44:58,2017-10-23 20:54:05,2017-11-06 00:00:00
98cc17e56c367cbbe628aca0bbf9f08e,242b387a8eebcaf8ea3c588cdc79eb5b,delivered,2018-01-06 21:37:54,2018-01-06 21:49:26,2018-01-08 23:27:21,2018-01-22 15:25:33,2018-02-07 00:00:00
21fc1ff2a7ed8b2ec6ff62ac18d7a1b7,08fe63b02e7e846c85b8a49b9fd540d9,delivered,2018-02-15 11:58:49,2018-02-15 12:15:32,2018-02-20 21:27:02,2018-03-05 19:08:17,2018-03-09 00:00:00
ea12bd9ee4b9a167ce287004482769e1,787b46588e96b01ea8bb3a4bfbccd352,delivered,2017-10-26 20:30:28,2017-10-26 20:46:38,2017-10-27 19:05:34,2017-10-31 20:22:51,2017-11-14 00:00:00
7958d9e7f3083099780539e0054d0c54,ab23dc90e86086221732547085a7f9e3,delivered,2018-03-03 17:11:33,2018-03-06 03:55:59,2018-03-07 00:32:30,2018-03-09 20:13:22,2018-03-15 00:00:00
4cd9478b63edacb631dcf780b036b157,f1b66f0324a631de414bc2bf62b5e915,delivered,2018-06-23 19:29:12,2018-06-26 05:12:58,2018-06-27 09:06:00,2018-06-30 13:50:47,2018-07-23 00:00:00
ba863950726dd067d21b2262ab48df78,74bd614c81cbbb1e75aad1b2dd120304,delivered,2017-10-22 14:25:40,2017-10-22 14:49:15,2017-10-23 18:50:12,2017-10-27 21:23:49,2017-11-10 00:00:00
9f035a4126d6f9cf43447e9b8eb6abae,ac7e3d34240c0ebfc003455c2e04d10a,delivered,2017-09-20 11:35:09,2017-09-20 11:50:10,2017-09-27 21:16:18,2017-10-18 19:32:17,2017-10-19 00:00:00
c514dba8d0ed614c6a397d2f0f3fe202,2fdffca8dcdf01547529d45f7f4e8e8f,delivered,2018-07-31 20:47:41,2018-07-31 20:55:33,2018-08-01 16:07:00,2018-08-07 19:32:24,2018-08-20 00:00:00
b7ed5b357d48b6c8f588c5cf0d7ddf5d,92148a85c89c0da621cdc0e1810a23f7,delivered,2018-03-10 23:24:50,2018-03-11 00:00:30,2018-03-12 17:08:26,2018-04-17 17:37:54,2018-04-02 00:00:00
05ae7d6bd78e2a61f4c0076a9d690aa8,2e21846cd2112929ca821e9716281192,delivered,2018-07-20 12:25:03,2018-07-20 12:43:35,2018-07-23 14:41:00,2018-07-25 14:08:33,2018-08-01 00:00:00
d9a79759e192eeea9d5227b706bb6155,9ade348c95b66ce157cad614dc61fe1e,delivered,2017-10-04 23:23:34,2017-10-04 23:35:24,2017-10-05 20:47:31,2017-10-10 21:27:50,2017-10-30 00:00:00
1a08b06cb8b9b557453b70b83fdc69cb,5b0403fc813ee1da7cd9a0816d205016,delivered,2018-01-21 16:46:04,2018-01-22 13:53:51,2018-01-24 23:56:52,2018-02-02 19:24:24,2018-02-14 00:00:00
c3716204ec5bc2bc5593bee858279148,99ae056139c928155fbb6789440c8824,delivered,2018-07-31 21:51:41,2018-08-01 21:45:18,2018-08-02 10:38:00,2018-08-06 16:12:24,2018-08-20 00:00:00
f86b24a45dc34d1b7fcdeb817bf503da,f6cc975f9ed5f7d6d78d5f8ac711a7ac,delivered,2017-03-06 21:15:37,2017-03-06 21:25:18,2017-03-16 12:42:03,2017-03-28 13:20:16,2017-03-30 00:00:00
bac5dc94cc5dbf0810f1919c2aac13cd,85fe96297110ae68dd33043dc65a5221,delivered,2017-07-08 17:35:03,2017-07-08 17:45:18,2017-07-10 19:11:54,2017-07-13 20:27:55,2017-07-28 00:00:00
01835ef41c5ac66dd9ec6084fa1d0533,6a4ea2081853cd8dd8d7c69cdf86925a,delivered,2017-05-11 21:36:10,2017-05-11 21:45:17,2017-05-16 08:54:10,2017-05-23 22:13:35,2017-06-01 00:00:00
26e7beff0239dc6ed3a8f2bb5972911c,6c5aeca0152670c75e44c9c67eb7c1f3,delivered,2018-01-22 15:24:44,2018-01-22 15:38:22,2018-01-23 17:30:14,2018-01-29 21:49:43,2018-02-14 00:00:00
e995d128a5a5bd59d704a736c4a75fd5,2137fd565c784123ceb5a62528749c89,delivered,2018-03-10 20:39:19,2018-03-10 21:40:32,2018-03-14 18:28:34,2018-03-21 20:32:39,2018-03-28 00:00:00
d92d62eadcca8fd6509c4d0afad5b2c2,a00009bf8489ae779a18179b4716f195,delivered,2018-08-07 14:12:05,2018-08-09 03:45:13,2018-08-09 14:27:00,2018-08-10 19:12:18,2018-08-15 00:00:00
22bd668810988f93e2c335459e72a312,314675b44a38443e4ba09ab0f462c8c7,delivered,2017-12-27 20:24:42,2017-12-27 20:35:30,2017-12-28 18:28:16,2017-12-29 13:17:54,2018-01-16 00:00:00
9a886ac42ca6eb5571fbdd1bdd8be02e,c7f920a7b4aed73af416b5fa6f5c5584,delivered,2017-04-15 23:53:50,2017-04-16 01:05:16,2017-04-18 07:27:45,2017-04-20 17:38:07,2017-05-08 00:00:00
0ab63e307694f40a88a0ecd358c0939d,f239edc4401c9043a2c8f37fe164b273,delivered,2018-04-15 22:11:11,2018-04-17 05:50:27,2018-04-19 02:22:27,2018-04-25 18:11:42,2018-05-09 00:00:00
f8ebe0a43498e8d689afbbfec4b3eaba,b59948a7b140d0a16d1683138820eed9,delivered,2017-09-11 15:39:11,2017-09-11 15:50:47,2017-09-12 20:52:55,2017-09-24 11:29:16,2017-10-09 00:00:00
d2741de337666d1bb01913f415e6643f,cb1e2bf26acb98ef66bb11447a218cc2,delivered,2017-02-25 14:34:40,2017-02-25 14:50:18,2017-03-02 20:34:25,2017-03-11 08:32:59,2017-03-28 00:00:00
f29d0fd6d4e6d5ce550e0b2f9335116c,55216cd56c9eaadec16f03d5aaf11d86,delivered,2018-05-17 16:34:49,2018-05-19 02:59:02,2018-05-21 13:45:00,2018-06-09 00:14:23,2018-06-13 00:00:00
d30680568af2e9f0aeba3420292df26d,8eb5e45df7b0f27cc1a3b7ba46219180,delivered,2017-09-16 09:20:26,2017-09-16 09:35:12,2017-09-22 20:45:53,2017-10-22 14:16:51,2017-10-09 00:00:00
2d8f8f85abccae68275f423d878f2b7e,8ca53db6e60cffad03828535d1fcc1a2,delivered,2018-02-27 08:31:17,2018-02-28 09:56:35,2018-03-06 22:33:27,2018-03-23 14:34:43,2018-04-04 00:00:00
cfd355e6233b9854f7decc72472f9c3e,dfd239feb53ae84d8c50baab69d38133,delivered,2017-03-24 15:50:46,2017-03-25 02:32:36,2017-03-27 15:40:01,2017-04-04 17:18:03,2017-04-24 00:00:00
fc66798245e4d173bcc7eb36eb72a278,43831164a0be75b0bd8fd92cc8c6b232,delivered,2018-06-15 20:16:34,2018-06-15 20:41:15,2018-06-18 12:04:00,2018-06-26 19:14:58,2018-07-17 00:00:00
1a7ee01992a69255a005e9db8a96d898,6ba47b28c84367f0c27769d78f1c3adb,delivered,2017-05-31 20:57:49,2017-06-02 20:05:12,2017-06-08 14:03:15,2017-06-19 20:13:30,2017-06-23 00:00:00
6ffdb56df83717770ba1d34001f4686a,147f69d3f50f2d2bc3797f20fe452ab2,delivered,2018-07-13 19:38:58,2018-07-13 19:45:10,2018-07-18 14:09:00,2018-07-27 16:18:46,2018-07-30 00:00:00
d0d828105d7a6106d4b6cfd55607c278,e7fb8d2c8a581e31b93defd84ee988fe,delivered,2018-04-30 11:18:47,2018-04-30 11:35:38,2018-04-30 19:02:00,2018-05-02 20:24:30,2018-05-09 00:00:00
d0d85933667e8a90939ca37947942b62,e74208f5cce1258bbbb9a55463f0d37a,delivered,2017-03-08 19:55:23,2017-03-08 19:55:23,2017-03-13 09:42:13,2017-03-16 13:35:37,2017-03-27 00:00:00
41de3b8bbb80e2cc80c8d446a752d2fb,0df487c45aada9cfdf07f6876f970af6,delivered,2018-05-06 19:45:32,2018-05-08 04:54:49,2018-05-10 19:16:00,2018-05-14 16:39:50,2018-05-22 00:00:00
be82da060fda4b85c7fe6ea6512f67e8,4a2d2e5f1e7d78c701d998b92fe72bd7,delivered,2017-05-02 16:35:06,2017-05-03 14:45:23,2017-05-05 15:08:33,2017-05-15 12:47:31,2017-05-25 00:00:00
14676aebeb151a1fa4f20e8fc3544621,e8515276707fdd0900308f2cbde32131,delivered,2018-02-17 16:39:44,2018-02-17 16:50:36,2018-02-19 23:41:53,2018-03-10 00:12:46,2018-03-13 00:00:00
2f4545bda1b1c794a9a35a3fbe4257ba,d436bce514752338004b26a232f21008,delivered,2018-05-16 13:47:51,2018-05-16 14:55:29,2018-05-17 11:11:00,2018-06-05 15:38:50,2018-06-05 00:00:00
e6c3435aca88a50c893f06b6b13e9242,0dae7978fb6595f295dd3fd9ede02cda,delivered,2017-06-19 18:00:01,2017-06-19 18:10:19,2017-06-20 15:47:27,2017-06-26 16:21:57,2017-07-10 00:00:00
5f69f6bf68dce110479aa0bb515b47c8,4cd274ce8ba240b1cff6480fa9911df1,delivered,2017-11-26 11:20:27,2017-11-26 11:31:40,2017-11-27 16:36:45,2017-11-30 13:08:44,2017-12-12 00:00:00
cafc9b2f7d35ec42bdb74347cc6e8a70,c9573cc1e246dadca50b2a74f795def3,delivered,2018-01-19 00:48:30,2018-01-19 01:21:52,2018-01-19 22:41:38,2018-04-04 17:12:36,2018-02-16 00:00:00
2978901accabf6eef42711d8133a62f1,6248396b64eb57dc8522ecd345312daa,delivered,2017-11-23 14:31:36,2017-11-23 14:49:06,2017-11-23 22:32:01,2017-11-28 22:18:26,2017-12-07 00:00:00
fb4c699559386e0b6b970181177d99bd,e7ba6d56b812cb7e8c4a285d95f4e476,delivered,2018-04-16 14:21:02,2018-04-16 14:35:18,2018-04-17 23:46:48,2018-04-24 14:31:22,2018-05-09 00:00:00
a2ea081c06c12c25c068089e4985745a,fdabedbba76cf0308dedcd99afc66626,delivered,2018-05-05 09:22:24,2018-05-05 09:39:09,2018-05-09 15:48:00,2018-05-26 00:08:34,2018-06-08 00:00:00
7fd4d653725c9338a9c3eae892dbf616,7ac9814735089053e51d2756d3cdedd9,delivered,2018-03-06 14:21:57,2018-03-06 15:00:24,2018-03-07 19:42:25,2018-03-15 22:05:41,2018-03-26 00:00:00
0bb0dd89956cc5f44ff556c2189e7160,db925a533d94cee42707026949892c7e,delivered,2017-06-20 13:08:17,2017-06-21 02:26:00,2017-06-21 08:11:54,2017-07-03 16:05:05,2017-07-12 00:00:00
e2676f5f513bf595fcbd506999db7c26,99f297c1c95e0dda633b7e584ec2a4f3,delivered,2017-08-02 15:36:19,2017-08-03 03:06:30,2017-08-07 19:39:55,2017-08-14 14:25:40,2017-08-15 00:00:00
3c9a3ff1e41cb58bb8a24ae6f6eea080,e413b51d04fdbe619c2cb28cda3046d6,delivered,2018-04-28 22:02:50,2018-04-28 22:15:14,2018-04-30 13:41:00,2018-05-03 19:58:28,2018-05-15 00:00:00
a4b79dbc2ad1b141dcc00a17f2450a11,6a3dbc73fd55e0c6ecbee56656482225,delivered,2017-10-12 20:26:33,2017-10-12 20:36:27,2017-10-16 22:06:43,2017-10-27 21:12:51,2017-11-09 00:00:00
376a342d70faa7a733b871acc701def8,8563b07a84656ff32968702daa37c468,delivered,2017-12-11 11:50:54,2017-12-11 11:58:24,2017-12-12 13:09:44,2018-01-20 01:36:58,2018-01-05 00:00:00
acbe07f22f29ad7e5a78f30008cc6ec7,b4afeb58ac51bc903c5362286c6a5cfe,delivered,2017-11-18 14:33:04,2017-11-18 19:06:16,2017-11-27 18:34:31,2017-11-29 17:58:43,2017-12-05 00:00:00
07fbc4f433fc8754c492bc6dfb0b1c52,6a562d22d4e2ce223ae7ad8bfd834ab0,delivered,2017-07-05 08:49:56,2017-07-05 17:41:46,2017-07-06 16:48:47,2017-07-25 19:42:50,2017-07-27 00:00:00
16cb3a72f04e248a1244b076ce0d9bb7,ff9c535af2f9325df8f3c81f30f60b8b,delivered,2018-05-23 14:21:17,2018-05-23 14:37:15,2018-06-11 09:07:00,2018-06-19 18:50:58,2018-07-05 00:00:00
6f36c999f8ef8d1a3a999079a5b637aa,ac055528f5a69cba5e02d73ad1ee9a74,delivered,2017-12-16 15:29:46,2017-12-16 15:49:52,2017-12-18 17:16:58,2018-01-12 22:04:29,2018-01-11 00:00:00
cc66dee6fbc18bb79903c3a2cc14ff52,19d3b3a2d4756af17603e2c35c7c2815,delivered,2018-04-12 14:37:29,2018-04-12 15:15:27,2018-04-16 16:23:53,2018-04-20 17:28:56,2018-05-07 00:00:00
f15ee2f37da0500e278ec213c201edf3,1bb26cb73f617c0b4eed520cc297ea8d,delivered,2018-07-27 11:58:46,2018-07-28 18:35:13,2018-07-30 14:08:00,2018-08-03 20:38:29,2018-08-16 00:00:00
14d68c5b215a31950340dc9cb3f73efe,f6f80187601754d61deb547e6d5b5a06,delivered,2018-01-28 11:47:10,2018-01-28 12:00:34,2018-01-29 21:52:38,2018-02-05 19:17:15,2018-02-21 00:00:00
b6a50dc1cfeb4ad7219d3577ab9a2454,81ae5da9106d9b5af38c42eb81cce399,delivered,2017-08-31 07:27:54,2017-09-01 02:15:13,2017-09-01 15:37:07,2017-09-14 15:43:52,2017-09-25 00:00:00
446e20f85f1b9cf552376d6f31c983b2,db6505328f042b7f4fae7d80f3b0515f,delivered,2018-02-23 13:12:12,2018-02-27 05:31:00,2018-02-27 20:13:18,2018-03-06 23:49:06,2018-03-15 00:00:00
6ccac061be472c84db514aca9acd26e0,ae2164e850f39dce431cb74974daa355,delivered,2017-12-11 07:50:11,2017-12-11 07:58:24,2017-12-12 13:14:28,2017-12-14 16:32:01,2017-12-28 00:00:00
4a5cc9b4e332e03d76bf553a7f2fa5d3,a4a00c41b5e3ed88bf0e0bb96576c2b2,delivered,2017-12-15 23:33:32,2017-12-18 00:33:04,2017-12-19 01:35:09,2018-01-03 23:13:15,2018-01-16 00:00:00
555e4d40fb6beea866d46eb6a5a01b41,d77e4c0bfd0085b029605683a846abca,delivered,2017-09-17 18:52:44,2017-09-17 19:05:22,2017-09-18 22:19:46,2017-09-19 18:57:33,2017-10-04 00:00:00
191a0013ee3ec32e27da5f85cf028081,8fd044742f99625dc8f08f7d3e731fb5,delivered,2018-03-31 11:48:59,2018-03-31 12:35:11,2018-04-03 12:57:22,2018-04-07 00:21:58,2018-04-20 00:00:00
1b00c4d80c81cdbc36487c96c6e92f07,6f392cfb40b84e0857b16c23c773aa31,delivered,2017-05-14 09:36:36,2017-05-16 03:22:50,2017-05-16 12:05:28,2017-05-23 07:52:33,2017-06-02 00:00:00
eb1873ec4d6a2af1c0626a7d08bd9c09,1531106e1c467cea04c233e54a383098,delivered,2018-05-10 17:48:41,2018-05-10 18:17:57,2018-05-11 07:23:00,2018-05-18 15:56:43,2018-06-01 00:00:00
38971812f1db9e4a30885e5574dcbe53,735774ca9e99d1d85ae5f53b4958e6cc,delivered,2018-06-24 13:38:07,2018-06-24 17:18:18,2018-06-25 13:59:00,2018-06-28 21:46:43,2018-07-24 00:00:00
ee3fad68d0f56d60e91a2363ec879e44,aaaa6531d040b9cef69bf13af9be2fd6,delivered,2018-07-25 07:39:35,2018-07-25 07:50:10,2018-07-25 13:35:00,2018-07-31 17:08:30,2018-08-08 00:00:00
cf771efcb04c578f9d3619f2632d8333,fe55fedfef0683a529b51a9444214ea7,delivered,2018-02-12 17:33:54,2018-02-12 17:47:58,2018-02-21 10:07:44,2018-02-24 15:28:49,2018-03-15 00:00:00
d3c64cf55752f7821e85e7ea9b9b3f30,a14b17e55f117e4bf24cdd9d0e586c35,delivered,2017-05-06 11:20:18,2017-05-06 11:30:19,2017-05-08 15:29:18,2017-05-19 16:59:52,2017-05-30 00:00:00
37553832a3a89c9b2db59701c357ca67,7607cd563696c27ede287e515812d528,unavailable,2017-08-14 17:38:02,2017-08-17 00:15:18,,,2017-09-05 00:00:00
3d34d8e3ea34d73617a75deea86ced48,b89010d4a6acaa06d4ef89043869838e,delivered,2017-11-30 11:05:02,2017-11-30 11:13:21,2017-12-07 19:37:27,2017-12-19 14:36:15,2017-12-22 00:00:00
de81104d0d1d1a5d4dd09e89a7ea4cd1,b9f21de0cf737e46054822f6082eaf31,delivered,2017-02-10 16:37:55,2017-02-10 16:50:17,2017-02-14 10:21:06,2017-02-21 15:36:07,2017-03-13 00:00:00
2d9ea2efa410b1efd6bbd47d126819b6,3a3fc10a053a684ea7b581c82916e794,delivered,2018-02-19 00:38:22,2018-02-19 01:47:38,2018-02-19 20:09:33,2018-02-28 23:53:38,2018-03-12 00:00:00
9f2ff91a3b8c4c34b7847c9c68971cfd,623438e09482cf7300ffdf9b95ffd9dd,delivered,2018-08-24 09:55:31,2018-08-24 10:10:20,2018-08-27 17:58:00,2018-08-28 16:12:10,2018-08-30 00:00:00
498a0b00b1c51a95e61baebf6379d76b,e60e08d06effbf35575193d851fd8007,delivered,2018-07-20 11:28:33,2018-07-20 11:46:15,2018-07-23 10:04:00,2018-08-07 20:28:32,2018-08-20 00:00:00
db115077a7bd949a515922eb40aea6c3,46ec8bcd9649f0f7bbb179bb59d6702e,delivered,2018-07-23 11:30:12,2018-07-23 14:31:04,2018-07-24 14:39:00,2018-07-31 11:02:27,2018-08-14 00:00:00
794f771a39b24c7c47aa9eb198f066ed,661652a4ba9255d6a913c339ee78d5bc,delivered,2017-11-26 13:24:33,2017-11-26 13:35:21,2017-11-30 12:25:45,2017-12-05 01:27:40,2017-12-15 00:00:00
75d4b0b71e66d09b6070bd54c61e20fd,88196bd808ae8abe1b944efe1807b508,delivered,2017-11-19 20:06:12,2017-11-19 20:15:27,2017-11-22 17:08:54,2017-11-23 16:39:05,2017-12-01 00:00:00
2cb414479754a8e1ed07eed0ccfc0778,a00cedaaa02a3875ce936ecf15c567b9,delivered,2018-06-03 09:59:42,2018-06-03 10:49:57,2018-06-04 10:11:00,2018-06-18 18:24:40,2018-07-16 00:00:00
b5e23127e5bc161906c1d23be69f7e16,6e916919988c15d61b259bc9494db0f8,delivered,2017-11-13 16:23:17,2017-11-13 16:56:00,2017-11-16 18:41:59,2017-11-24 18:03:13,2017-12-04 00:00:00
afe207b8795179c5b29bc4c2f0052178,712230fb56aeb8d9084bb813e3249a84,delivered,2017-11-30 15:27:05,2017-12-01 11:31:09,2017-12-04 22:10:28,2017-12-08 00:52:11,2017-12-29 00:00:00
ac2b7c522d811acba0aa270ed3e112e4,ef21aebbb093a6db29ccc6aa0b89c347,delivered,2016-10-05 15:08:00,2016-10-06 15:44:26,2016-10-10 15:44:27,2016-10-13 15:44:27,2016-11-29 00:00:00
1b99333d39cf95f48be3864b2e1e88b3,01b2ab1c903b4ecd0442a3ce48d89caa,delivered,2017-05-23 20:19:03,2017-05-23 20:35:07,2017-05-24 17:26:49,2017-05-28 12:22:32,2017-06-05 00:00:00
633dfa0c56ae5c0c7f2e90620ad55b2f,22e62a7227eb91f93cb55ef14a20cbd4,delivered,2018-06-22 13:43:19,2018-06-22 13:58:17,2018-06-26 09:18:00,2018-07-06 14:23:14,2018-07-31 00:00:00
8a0b2bc5c7a1c524635f4de8bae9dffe,764fb80689629a0092fa11ada23a0c4e,delivered,2017-11-23 22:27:55,2017-11-23 22:37:27,2017-11-27 20:23:03,2018-01-20 15:26:28,2017-12-22 00:00:00
fa4c0ad484374bf0485f99f6a57255a5,aaafc20a8e58530ecb72c7ec1f497fd8,delivered,2018-01-26 18:30:17,2018-01-26 18:52:02,2018-01-29 15:27:34,2018-02-01 19:18:05,2018-02-22 00:00:00
54bc2449fbe0368b74470e4280fe494e,bd2215daa338b34c697773ceff4e013b,delivered,2018-04-24 13:35:49,2018-04-24 17:43:45,2018-04-25 15:08:00,2018-05-06 16:42:23,2018-05-18 00:00:00
1f7ef4e37ca10d4ed60f43c7cf81e181,cfeec5b515f027e2d4374a9ed829307d,delivered,2017-12-15 21:32:23,2017-12-19 09:58:26,2017-12-19 21:27:44,2018-01-09 13:53:45,2018-01-17 00:00:00
d5211af24819d319c02a285e7bb51750,a6d8c2fa92836346256c28d885d9eea0,delivered,2018-08-03 16:29:05,2018-08-03 16:45:15,2018-08-06 13:27:00,2018-08-09 15:09:10,2018-09-05 00:00:00
db6a3a98e587a2b75215bf8f467d43ec,bff45358be29fb889f469bf4c74a1825,delivered,2017-12-01 21:39:03,2017-12-01 21:55:18,2017-12-04 18:32:49,2017-12-28 21:58:42,2018-01-02 00:00:00
477ee3f21cb7374ecfa12433c30f53f5,384a027682b0ddc9d88f4aab723d9730,delivered,2018-06-21 10:46:55,2018-06-21 11:01:15,2018-06-22 12:25:00,2018-06-26 17:07:43,2018-07-18 00:00:00
15d086bbbae9b9e4b50c916c919479ed,fa07ada3f850284255c79f6c93490991,delivered,2018-07-22 23:18:54,2018-07-24 11:32:16,2018-08-01 17:45:00,2018-08-04 10:31:38,2018-08-16 00:00:00
0daf1f0e67b534ad873ba61c5d6ad7d3,1681471e9172d7e12ba08e9ac9e8628b,delivered,2017-09-05 10:54:17,2017-09-06 11:03:50,2017-09-09 13:23:11,2017-09-19 15:35:03,2017-09-25 00:00:00
234c056c50619f48da64f731c48242b4,44e460a655f7154ccd9faa4dbbbaf68a,delivered,2018-08-14 14:49:15,2018-08-15 03:15:15,2018-08-31 15:25:00,2018-09-01 18:14:42,2018-08-23 00:00:00
62a56f9bfe98de42bcdbe6cc57284dfb,aa0a85e355a784775696142c2f29aa48,delivered,2018-08-08 01:23:58,2018-08-08 01:35:09,2018-08-08 14:46:00,2018-08-18 12:08:54,2018-08-24 00:00:00
a11ebb9e9f1a018eea99fe7105f2d897,10ee14e89676c9f43e64a67cae62823b,delivered,2018-07-18 18:42:47,2018-07-18 18:55:28,2018-07-19 14:03:00,2018-08-03 14:43:03,2018-08-13 00:00:00
bb2dfe6031f35f7abc9a3c7dad5e4467,01e0d4fb731e6ee47df3f3f179cc0a0b,delivered,2017-01-22 14:09:03,2017-01-22 14:30:43,2017-01-23 11:21:46,2017-01-30 12:37:55,2017-02-16 00:00:00
4dcc01481b7ab4f5f37c8eb4c4c67841,b2859fd419788314d84da3852630e56a,delivered,2018-04-08 13:20:21,2018-04-08 13:30:24,2018-04-09 20:03:09,2018-04-17 19:38:22,2018-05-07 00:00:00
662823ed689412b9a2e5085620e06070,b4214b2e14c916724d94efe51fcbd1f0,shipped,2018-03-15 15:57:24,2018-03-15 16:11:07,2018-03-19 20:28:42,,2018-04-05 00:00:00
4380bb6c7d8375926bbea2c8b514dc8c,11617a4c5fc72fccb4c2a53ea21c5a3c,delivered,2018-01-29 21:09:10,2018-01-29 21:32:17,2018-01-31 13:12:45,2018-02-14 21:43:34,2018-02-21 00:00:00
169f6274660e528484fd239aa7d27097,4cd756c714ca569c2450c24782004147,delivered,2017-06-27 17:58:14,2017-06-28 02:45:12,2017-06-29 13:41:57,2017-07-04 13:59:41,2017-07-10 00:00:00
bfafa269a969ef03e5db5dc7d7a72471,062328becf66582e5849b4f2b364b143,delivered,2018-05-02 22:17:41,2018-05-03 22:13:10,2018-05-04 14:02:00,2018-05-07 14:57:45,2018-05-21 00:00:00
a4163ebff79ff34a631c57d5350215ae,0b70134d7e2d9773897833e933c6ec5b,delivered,2018-03-30 20:27:16,2018-03-30 21:27:23,2018-04-02 21:28:36,2018-04-11 01:19:34,2018-04-27 00:00:00
7b2f3756c235e93b2ad6330c54805401,d79764082a836f215312d98c964ce478,delivered,2018-03-12 16:54:01,2018-03-12 18:00:56,2018-03-13 23:02:56,2018-04-09 22:08:51,2018-04-03 00:00:00
a890088df39d4c062a07081527034784,42532fb94eca7866bb4915e5cd46300b,delivered,2018-02-21 18:47:50,2018-02-21 18:55:31,2018-02-24 00:24:55,2018-02-26 21:28:51,2018-03-07 00:00:00
476984a30a6929077bedabbefc98ce38,98647ebe3068d5566c1c2cf026d72239,delivered,2018-06-20 16:44:28,2018-06-20 17:01:07,2018-06-21 09:14:00,2018-06-26 18:58:22,2018-07-19 00:00:00
48b7d84507eb52608a007fde9d641daa,cad2dc8d82cd9ccca487589a7fe62e6c,delivered,2018-05-07 15:38:06,2018-05-07 18:09:48,2018-05-09 14:18:00,2018-05-11 01:48:54,2018-05-17 00:00:00
d0e9849de800fdb4cb3b5e6d42c6b367,b634dded0d0e31b899f16cb02e0ed1d0,delivered,2017-08-31 11:38:18,2017-09-01 02:30:13,2017-09-01 21:22:28,2017-09-26 16:48:01,2017-10-05 00:00:00
7d1ac7d65c6b5d59a9ac241fa41da57d,dcc13a2d32ff7ec6e1920580280f704c,delivered,2017-06-16 23:17:41,2017-06-16 23:30:10,2017-06-19 11:15:51,2017-06-29 11:06:37,2017-08-02 00:00:00
4dadcd5f9e682c17fdc6dded70c048e0,e40265c6ceebf38ea830b695d9340bda,delivered,2017-05-07 13:53:39,2017-05-07 14:05:12,2017-05-08 11:44:57,2017-05-19 12:57:35,2017-05-31 00:00:00
8ad3f1d0f96992e43566c4c82c9f6c58,948b29e24216a05fea13a18d8db45ea5,delivered,2018-07-17 21:25:29,2018-07-17 21:35:17,2018-07-18 13:08:00,2018-08-14 04:04:40,2018-08-03 00:00:00
cdbe906438125d1d5bf88bb289f8ed61,af684ccf558442d5fa8d9daa7456ac76,delivered,2018-08-02 12:25:18,2018-08-02 13:15:22,2018-08-03 11:51:00,2018-08-06 13:28:35,2018-08-09 00:00:00
1107e64e1795b6cf551a7044612e8bd8,698e55af1f6f37f7f304a74eb93b85b0,delivered,2017-02-26 17:33:51,2017-02-26 17:45:14,2017-03-02 16:34:26,2017-03-21 11:43:57,2017-03-24 00:00:00
e9280658289b5c5215dcc3b7183c0541,74bbe1a0e4f06bd62ede6b5f239bfb0c,delivered,2017-10-24 09:13:05,2017-10-24 09:28:10,2017-10-25 17:07:36,2017-11-03 20:23:02,2017-11-16 00:00:00
ca290a06ee0945b956f79c93b5191633,acd575d7382968889f41a5a3f37510dd,delivered,2018-04-09 22:02:30,2018-04-09 23:10:27,2018-04-10 22:41:36,2018-04-25 13:33:24,2018-05-10 00:00:00
50fe82ce977520094518dd8618d7331a,80f93f1fabe7772d559a7c349667af0e,delivered,2018-05-24 18:32:11,2018-05-24 18:54:28,2018-05-25 14:53:00,2018-05-28 17:24:48,2018-06-11 00:00:00
443a73a22cd4e0078a47c275b358b786,317072fd23410f845f2d3beba3747e62,delivered,2018-05-16 12:22:12,2018-05-16 12:39:38,2018-05-17 13:07:00,2018-06-07 15:58:37,2018-06-08 00:00:00
d3ca7b82c922817b06e5ca21165c5ea2,d23df2c6c3e51d875f458d123b2b3c90,delivered,2017-11-16 13:54:08,2017-11-16 14:08:23,2017-11-16 20:56:53,2017-11-17 13:49:40,2017-11-29 00:00:00
962debbd5f682617761de8b0f7789bc5,5ed8d20445c356efaf39b27949caa8c3,delivered,2017-06-05 08:45:30,2017-06-05 08:55:16,2017-06-05 14:45:29,2017-06-13 16:48:22,2017-06-30 00:00:00
d57e15fb07fd180f06ab3926b39edcd2,470b93b3f1cde85550fc74cd3a476c78,unavailable,2018-01-08 19:39:03,2018-01-09 07:26:08,,,2018-02-06 00:00:00
d8e2d2a26010eb732a91d8b6952e2c9e,9a516f56e5f6f198350066cc99339bb0,delivered,2018-01-11 12:20:07,2018-01-12 02:35:45,2018-01-15 16:58:55,2018-02-06 22:33:04,2018-02-07 00:00:00
f6f6a68d78c7dd4b319f6df3c846094b,aa012a8928021b41ea6de61e855880bc,delivered,2018-04-13 12:10:45,2018-04-13 13:15:45,2018-04-17 18:48:53,2018-04-27 11:58:45,2018-05-22 00:00:00
9d047c83463a30fcc3f2b361d9a33d2f,21f1477f3d02e7fd1ba28dc6c596dc17,delivered,2018-04-06 19:17:22,2018-04-06 19:30:14,2018-04-10 22:48:53,2018-04-26 15:03:49,2018-05-04 00:00:00
6a6c7d523fd59eb5bbefc007331af717,d954782ec6c0e911292c8a80757ef28d,processing,2017-11-24 20:09:33,2017-11-24 23:15:15,,,2017-12-20 00:00:00
0d5cbb8e4c1c7a7fc26899126197a6b9,6ca4c791dfb84fbc05cbe68d7d7a95be,delivered,2018-06-27 11:57:05,2018-06-27 12:08:25,2018-06-28 14:08:00,2018-07-05 15:18:47,2018-07-18 00:00:00
c1f0e475378c6500b5907a2134bda1da,5da0ca7784ca3dee567abe4c07800952,delivered,2017-10-18 15:53:45,2017-10-18 16:07:43,2017-10-19 19:25:50,2017-10-26 18:30:45,2017-11-10 00:00:00
80d36d94a5ac668fd0479b5e848207c9,3fb8a3a262c0e12894b068f551c9f006,delivered,2017-11-16 17:01:14,2017-11-16 17:16:09,2017-11-17 19:06:55,2017-11-29 22:48:59,2017-12-21 00:00:00
e91398c99556f8519e116e6ca4f774e1,e71b7daec09cf1f42e8764868665e5b0,delivered,2018-03-21 15:30:57,2018-03-21 15:48:35,2018-03-22 20:02:51,2018-04-06 02:02:43,2018-04-10 00:00:00
7d219bd2feeb13ad311a00db33c06a3c,3740f4d0edef80f567eca55830ec9e8f,delivered,2017-05-25 13:50:11,2017-05-25 14:02:20,2017-05-26 13:04:02,2017-05-29 16:52:10,2017-06-07 00:00:00
c9c52a849ead8fc8b85d828ae740ec78,411744ebdffbea1216c657a60472edce,delivered,2017-11-28 00:34:46,2017-11-28 01:31:28,2017-12-01 19:27:09,2017-12-09 17:42:09,2017-12-22 00:00:00
76a1ee4ee17ea3b77f3c483c0a73e9c1,e54533a3ffc29ddafdcfa45434b9b218,delivered,2017-08-05 14:39:14,2017-08-05 14:55:13,2017-08-07 19:12:28,2017-08-23 16:24:07,2017-09-06 00:00:00
3ec275bc012162de739c7ab6dcf11677,62b45594e877bd203ce2e49134b8ad03,delivered,2017-08-20 11:07:39,2017-08-20 11:25:05,2017-08-22 13:40:08,2017-08-25 21:12:14,2017-09-01 00:00:00
3c333445207b077f35c9e81a7e7c7273,346b61007a25104a5a1b25e1e68b16b0,delivered,2018-07-13 13:42:50,2018-07-13 14:50:13,2018-07-16 13:45:00,2018-07-25 14:02:27,2018-07-31 00:00:00
682fba8f9ac0c164d162ff702d6bcc23,2c07e5f16a6a9c98a3837783b7e6fc4a,delivered,2017-12-05 15:24:25,2017-12-06 02:35:35,2017-12-07 12:34:07,2017-12-28 22:19:10,2018-01-05 00:00:00
e897d96adf4da16805cd6faf2913ce48,ede6d420b95b2d4145c3e0de07483597,delivered,2017-05-06 12:28:42,2017-05-06 13:02:28,2017-05-16 17:24:45,2017-05-19 16:36:08,2017-06-02 00:00:00
1a4cc55b483d875e3b8bbd64a1b31bba,1a3fcb72ec1f37b5385e08237a40409e,delivered,2018-04-12 14:05:08,2018-04-13 12:55:48,2018-04-13 23:12:37,2018-05-09 15:08:44,2018-05-09 00:00:00
58b198357d2b68044f885a370a585ff3,8d7cf6fc4668c48859673a8e0fc8fa6a,delivered,2017-04-15 22:00:21,2017-04-15 22:15:10,2017-04-18 14:51:36,2017-05-10 12:48:08,2017-05-08 00:00:00
4190ab61a7fced69f3ee84d1da1120cc,3df7ff0b86935d5249e4d6cd56b89131,delivered,2017-12-08 11:38:00,2017-12-09 02:36:21,2018-01-12 00:35:33,2018-01-31 19:08:40,2018-01-11 00:00:00
0d13e311818a800d01cd46fb35dd3c27,7d61bddcc4435ac5dd586d751ebca204,delivered,2017-03-29 23:16:20,2017-03-29 23:25:13,2017-04-10 15:57:03,2017-04-18 14:29:48,2017-05-11 00:00:00
a06c43ed81f5c604287461f4d21949ce,da82d24c21654f951fedc813df8a5dc6,delivered,2017-10-24 17:39:10,2017-10-24 17:56:20,2017-11-20 21:15:00,2017-11-23 21:48:41,2017-11-17 00:00:00
f3c916d220c67cd493a09b5bb17bfc23,25175de148ab2040aa6fe34ca5eb0d15,delivered,2018-03-23 16:39:38,2018-03-23 16:50:56,2018-03-26 23:22:37,2018-03-28 18:21:15,2018-04-11 00:00:00
ccd7d6d23c5d29de6367dd5332aab16d,0ff9dc143472cb3ff41b9ae4a058b421,delivered,2017-06-05 11:44:22,2017-06-05 11:55:15,2017-06-06 10:34:33,2017-06-07 17:40:04,2017-06-19 00:00:00
919a615149354b4e074eff65adaeae81,ba8a4209b5b60ac17ac458fdf1d34ddb,delivered,2017-12-28 18:40:56,2017-12-28 20:08:04,2018-01-05 00:56:39,2018-01-16 18:43:16,2018-01-31 00:00:00
49e76d6a1b1f9ff4d04f85b2304ad378,c1055f5a8a55684492575d082da04127,delivered,2018-01-26 15:52:15,2018-01-26 16:19:16,2018-01-29 19:08:49,2018-01-31 22:57:06,2018-02-19 00:00:00
ed24759a0ae96582e88fdca0c0997d22,869c947685e4deaedb87bb36764949be,delivered,2018-03-24 11:58:06,2018-03-24 12:08:19,2018-04-09 23:33:03,2018-04-23 14:57:48,2018-04-23 00:00:00
27a78fdbe7b915a0596af3a5803a41cb,107d449d8a73c9dfd9673df8ea684348,delivered,2018-05-14 16:18:26,2018-05-14 16:36:58,2018-05-15 13:45:00,2018-05-17 22:54:50,2018-05-28 00:00:00
d118d545516947d2d82fda28e9d631af,8918dedf08a051aff27479246e74a5bd,delivered,2017-08-02 13:18:30,2017-08-02 13:30:13,2017-08-09 14:00:41,2017-08-11 14:40:06,2017-08-22 00:00:00
f343624eab419250ad81f1ce6be22c93,3fc0d940852ab274e532e80b1c1d5c2f,delivered,2017-03-07 11:47:20,2017-03-07 11:55:18,2017-03-09 15:38:15,2017-03-17 12:42:09,2017-03-28 00:00:00
1d5b194c01e762aa59a47ae8dca7199f,e5b2dea74bc86ced6b86f103ca99bcd9,delivered,2017-06-10 18:02:25,2017-06-11 18:02:36,2017-06-13 14:38:41,2017-06-19 18:33:40,2017-06-28 00:00:00
f98ae4bbfd1a32ea2104c8cf1f64dabf,427ebd67be61503c00a75d8915080a71,delivered,2018-02-25 18:53:53,2018-02-25 19:07:29,2018-02-27 22:51:38,2018-03-27 22:06:48,2018-03-27 00:00:00
7209ce21354cff1e1957b42ea0a76cd1,d2000bb65d12d7c93b7e27e6c961757d,delivered,2018-01-11 22:59:49,2018-01-11 23:10:26,2018-01-13 15:33:47,2018-01-18 21:42:54,2018-01-26 00:00:00
0132451f29a10b66a5cf1bacc85f9afe,1c5b37d20011c637ad1a5b6d423c7483,delivered,2017-11-08 17:08:56,2017-11-09 17:08:27,2017-11-10 18:48:59,2017-11-17 18:58:42,2017-12-07 00:00:00
f9f15e02ed74cf8a21b8266a55498942,e1f67a370030c2c5695ee3f95c44cd90,delivered,2017-10-12 21:46:31,2017-10-12 21:56:20,2017-10-17 17:07:58,2017-11-17 23:59:11,2017-11-13 00:00:00
d445a6e277eaa62900bc18d453d96d76,c2cd065252fa7ad04274d9d69dd9c09e,delivered,2017-08-03 10:39:39,2017-08-03 10:50:24,2017-08-07 14:57:56,2017-08-14 20:37:25,2017-09-06 00:00:00
e55e8c9f6f33a8562db1430444f22092,b16cd1296147fe2153a24ae9be382d68,delivered,2018-06-13 11:29:48,2018-06-14 02:17:48,2018-06-19 09:19:00,2018-06-25 16:34:43,2018-07-11 00:00:00
bd5c9d506fee7419ee3c669d0123a067,2f005421793ec9f86d5d654b8af675e1,delivered,2017-03-25 23:51:57,2017-03-26 01:05:12,2017-03-27 15:39:59,2017-03-29 11:45:41,2017-04-13 00:00:00
1f69e4870ffb8313df2fef3df0af2718,ff20530ce012df37828978c25f3dacac,delivered,2018-03-06 17:12:14,2018-03-07 10:29:08,2018-03-12 23:14:47,2018-03-14 16:04:34,2018-03-22 00:00:00
a236ae70310b60403c3adac81f96d5e6,972e7c5340efc85efad5a12e49eff86a,delivered,2018-07-16 23:40:37,2018-07-17 00:35:16,2018-07-27 11:54:00,2018-08-06 17:40:28,2018-08-06 00:00:00
673426deedf113369fd0f139e97ed084,133cb7dc019947e49b9541c6c2795ac8,delivered,2017-07-10 20:58:17,2017-07-12 02:10:49,2017-07-17 10:27:56,2017-07-28 19:03:09,2017-08-14 00:00:00
64ea4c51ad1203229ba011693f35da54,f384d3d46a938ede0333121a810b4d7d,delivered,2018-01-29 13:09:31,2018-01-29 13:30:16,2018-02-01 00:38:54,2018-03-02 22:15:36,2018-02-22 00:00:00
fbbd2907c49e21c3c105257b12772380,d177bd6051d525711221cfe59b43aa3b,delivered,2017-10-22 16:11:06,2017-10-22 16:21:22,2017-10-24 19:16:53,2017-10-30 20:54:30,2017-11-09 00:00:00
47cdb12caf2067098633bc9a0d3679f7,4d833833ec5cc5bb9e6c230820e4bc54,delivered,2018-06-24 11:32:26,2018-06-24 11:58:02,2018-06-25 12:09:00,2018-06-28 22:03:55,2018-07-16 00:00:00
aa2e81559d88cca16ac122e7627078c8,0d49e6cf6c6049404ab247c5d1ea4aa3,delivered,2017-03-27 14:04:58,2017-03-27 14:15:21,2017-03-30 16:08:45,2017-05-05 14:56:03,2017-05-02 00:00:00
c0e6116a3c6c2d732ec1b43bb7b5f307,b073fa2486ffea654bcd31968d03d8a1,delivered,2017-10-27 19:00:02,2017-10-27 19:15:19,2017-10-30 18:45:26,2017-11-01 19:32:24,2017-11-09 00:00:00
fe91d55ea129eb6d5a2d5fc82bcacbd0,a5d6b2f5be2eca026d50b24773ef1113,delivered,2018-07-16 08:52:35,2018-07-16 09:04:17,2018-07-17 13:07:00,2018-07-24 20:15:34,2018-08-07 00:00:00
a33e52fbf9a20b226a588f30d9aab612,8d8b4e6ab11b7c08be542cfa4ff6913b,delivered,2018-01-11 18:37:55,2018-01-11 18:49:22,2018-01-15 16:44:54,2018-01-31 18:58:36,2018-02-09 00:00:00
fdbd371c335ecb94ccb8a65c37d8ebba,021ccba47cb1118dfba3213180ffb44d,delivered,2017-12-25 20:14:34,2017-12-25 20:28:19,2017-12-26 17:47:00,2018-01-10 20:46:45,2018-01-15 00:00:00
c788aeedf593229d4ee84e790c2e5483,838aa327b0491d3cb3e9c1c6d9bb382c,delivered,2017-03-05 22:44:58,2017-03-05 22:55:40,2017-03-06 08:48:21,2017-03-20 07:23:36,2017-04-04 00:00:00
c4d5588c1ee36814fc302422334e67f5,4338285648648cd4a82f4498801ea736,delivered,2017-12-17 11:25:52,2017-12-17 11:32:26,2017-12-19 19:26:10,2017-12-27 10:19:26,2018-01-11 00:00:00
dd6d0f11a9c3d2abdc91e95b9598b332,e6c386cfd321a1708aa60ff6b8f46449,delivered,2018-01-11 21:42:30,2018-01-13 19:30:09,2018-02-08 21:16:40,2018-02-21 21:26:15,2018-03-01 00:00:00
61e7365ad2e2ce5a3dbf650586623b7f,884e5773f9ec5902aec38d330c7daa7f,delivered,2018-08-14 16:20:40,2018-08-14 16:30:18,2018-08-15 14:45:00,2018-08-20 21:05:18,2018-08-29 00:00:00
18905a8655f8255bf50d2eeadce2641e,1aed7bcb3469dbda3ebc61b12938a4ba,delivered,2018-01-25 23:32:16,2018-01-27 02:52:27,2018-01-30 14:17:11,2018-02-07 17:27:46,2018-02-26 00:00:00
4ef04edb491b8cc23eabe782ced6715c,5db7793e5ba9211bf9e8176cb8bb3ecf,delivered,2018-01-19 09:51:37,2018-01-20 12:51:00,2018-01-22 21:25:00,2018-01-31 18:33:28,2018-02-14 00:00:00
af500adf58ab55b8bdd27be8cf81aeba,6fafe51f43d9aff93174e020cd452f66,delivered,2018-05-21 12:21:48,2018-05-22 09:36:22,2018-05-29 07:15:00,2018-06-07 20:06:04,2018-06-28 00:00:00
ca0400dec2c292340c373e63b1c2c597,2c8be64d4c648b0bbf8412c53761ae27,delivered,2017-11-28 10:27:09,2017-11-28 10:40:55,2017-11-29 21:11:41,2017-12-20 17:22:29,2017-12-22 00:00:00
965c963c874eedc47cd261cbe057121b,cf801016b25bee7696b5f84e5c944b34,delivered,2018-06-16 19:48:05,2018-06-16 20:18:50,2018-06-18 13:22:00,2018-06-27 18:28:25,2018-07-16 00:00:00
305b0101ce8f8fd2d7b32f7480340018,06872c61a13a4d027504dd0c15d43b72,delivered,2017-04-30 18:34:22,2017-04-30 18:45:15,2017-05-05 12:07:58,2017-05-16 08:57:50,2017-05-25 00:00:00
c5d58ec8e7e7184d9a9d42b75ffa002d,18e42e6a3b2022561588b6d32c036b52,delivered,2017-02-12 12:30:04,2017-02-12 13:02:08,2017-02-13 14:00:21,2017-02-20 12:29:30,2017-03-16 00:00:00
911fba382ab724c847ae5577e47949d4,838bc2ff67963202eb29e748923c15fa,delivered,2018-02-27 10:31:04,2018-02-28 10:50:10,2018-02-28 22:08:33,2018-03-23 18:42:48,2018-04-09 00:00:00
ee43d4bf4491386fa4837c502b9c3f4e,0324667bb97f2048e83f77d282a75fb4,delivered,2017-03-07 06:35:43,2017-03-07 06:45:09,2017-03-10 13:52:01,2017-03-20 15:04:03,2017-04-07 00:00:00
06bafdd8b6d0b5befb44337a7674a1ec,2b655432dbb2d5e62b02aee3eafada73,delivered,2018-02-10 11:48:42,2018-02-10 12:07:44,2018-02-15 18:33:21,2018-02-21 13:39:15,2018-03-06 00:00:00
492bed007520827cbed51959e4ce4385,ba5166acad480f24f1633e1b8ce21741,delivered,2018-05-28 12:53:12,2018-05-28 13:14:03,2018-06-05 15:02:00,2018-06-14 14:51:45,2018-07-11 00:00:00
df82ea7ca7f0f799161e0fd92c3ab96a,8f121fde1f03b4865ac871202143016b,delivered,2018-05-14 11:28:58,2018-05-14 11:58:12,2018-05-14 12:02:00,2018-05-19 11:18:41,2018-06-18 00:00:00
bd3f8b3f4ff1469c0709218f7fde9fe8,bcc8d940cce330c07102f7857ae2da79,delivered,2017-11-13 11:16:06,2017-11-14 04:06:46,2017-11-27 19:48:51,2017-11-29 19:11:53,2017-11-27 00:00:00
b23b43e19386862a7c0aaa27c80e782f,86de6692e6fdfad3c3221414dc73d4a9,delivered,2018-04-12 09:52:07,2018-04-13 12:55:32,2018-04-16 19:48:43,2018-04-17 19:24:33,2018-04-26 00:00:00
5f674c43ef69fe052df34f1519f7bc12,62c4b72afa074a0214ebbca36c89cbcf,delivered,2017-10-25 18:57:29,2017-10-25 19:07:39,2017-11-06 21:25:31,2017-11-08 21:33:01,2017-11-13 00:00:00
d965c84427fa1d6daad237adfbf75554,f481cadc657dd238cf73200b92292644,delivered,2017-11-17 13:00:10,2017-11-22 02:40:02,2017-11-22 17:02:16,2017-12-01 21:38:57,2017-12-15 00:00:00
7d7b903bbd7d3b762ad60115c30185f2,bf5f428a6f809242d47242a4159db97d,delivered,2017-08-14 21:13:44,2017-08-14 22:05:27,2017-08-15 15:32:51,2017-08-21 17:58:06,2017-09-01 00:00:00
0197cb265e2c84b9f89dfd784095d2f6,3971ac136496b4368c1431bb5bce0929,delivered,2017-12-21 20:55:24,2017-12-23 02:12:41,2017-12-26 19:08:59,2017-12-28 16:37:08,2018-01-30 00:00:00
103355b1bc5b63508c20e2b7eeb58961,f3d40ccfde2d918c886b7f2633a33d74,delivered,2017-03-01 18:29:06,2017-03-01 18:41:59,2017-03-02 12:58:42,2017-03-09 09:26:09,2017-04-03 00:00:00
6be749c0e984143242faa174d084889f,6c347ef65dd574fb9c2d654c3650fc43,delivered,2018-08-10 08:35:14,2018-08-10 08:50:10,2018-08-14 18:00:00,2018-08-20 22:03:36,2018-08-27 00:00:00
d2b9580c38485b5aa4eb815c689c3164,6133c673d6332117825558e7fbffba34,delivered,2017-07-19 16:45:17,2017-07-21 02:50:48,2017-07-21 15:03:23,2017-07-27 19:04:48,2017-08-10 00:00:00
90855e99e15fa22aff68cdb4323b27c9,b8f2034a26d0832f43daa3a588a9131e,delivered,2018-07-18 21:37:46,2018-07-18 21:50:23,2018-07-24 19:00:00,2018-07-26 20:44:34,2018-08-08 00:00:00
f3c95cc4d7074e5b709ac1a9c10dea1c,e05df6dee2d1b0a7782f771120b9e826,delivered,2017-01-22 16:10:09,2017-01-23 20:55:19,2017-01-26 05:47:32,2017-01-30 15:06:11,2017-02-16 00:00:00
802ee584365ed44c00f4207fb17ae67b,e66e06fdb34d8289533411b7061d19b0,delivered,2018-07-23 10:11:13,2018-07-23 13:20:17,2018-07-24 14:15:00,2018-07-28 00:40:52,2018-08-09 00:00:00
75d1b089800a77f3c4b653e297632423,5a5bee06f22d5f03e2d648c82571b4ba,delivered,2018-08-14 11:16:44,2018-08-14 11:44:06,2018-08-17 13:35:00,2018-08-21 11:48:48,2018-09-05 00:00:00
c761a8b74f1e876bc5efc4186f720e27,a8ed087e25b26fb64cbb99033eb243a7,delivered,2017-04-03 19:07:32,2017-04-03 19:22:45,2017-04-05 12:42:51,2017-04-11 14:25:21,2017-05-15 00:00:00
6d60cc495dfb5a5851f56f188c4e4059,2f49811c845d9978f54ea3f61741516d,delivered,2017-04-20 21:03:10,2017-04-20 21:15:11,2017-05-10 09:12:20,2017-05-12 12:22:06,2017-05-17 00:00:00
746347ecc5cc9cb88a346545608fb635,16110c3e157d455044ea08de22990cac,delivered,2017-07-26 13:47:20,2017-07-26 14:03:01,2017-07-27 18:12:34,2017-08-03 17:37:44,2017-08-15 00:00:00
6051e6d3da9a50b7325cbe9c81025062,c25122206bfcb3ffa950706e1cb10f2b,delivered,2018-07-03 23:40:16,2018-07-05 16:31:26,2018-07-04 12:14:00,2018-07-05 22:52:28,2018-07-19 00:00:00
f9ca536e1ef897f153c183d72ba141bb,a9f353609242c268174ec433f45f8440,delivered,2018-04-05 18:34:49,2018-04-05 18:50:14,2018-04-07 00:58:32,2018-04-19 15:38:45,2018-04-26 00:00:00
99fe1f54d97630a40c549779ea00e8c9,fa124303523931c3e5f132f33e9110fe,delivered,2017-05-16 21:30:59,2017-05-16 21:45:16,2017-05-22 13:25:37,2017-05-31 08:18:34,2017-06-08 00:00:00
03f83b59e7c7355647462745b18119f1,c1865c11ead00a1bcd19971382032e8a,delivered,2017-07-14 16:49:26,2017-07-18 06:03:49,2017-07-24 13:58:07,2017-08-07 17:43:07,2017-08-09 00:00:00
88c588c116fd06fb8e48dd83af88ec4a,8787c72a20002592238d7b80721ab729,delivered,2017-11-19 13:23:27,2017-11-19 13:35:26,2017-11-24 22:06:56,2017-12-22 17:44:27,2017-12-12 00:00:00
cf1bc456a0d5c63bb6c94d3b8b2c56e7,3957cd0afb5bb497ebba4cc825703737,delivered,2017-09-06 10:15:27,2017-09-09 06:34:59,2017-09-12 14:32:56,2017-09-19 17:54:20,2017-09-26 00:00:00
4f38a875c972c4803a792f62b999b4cd,00f73459a4d3be97ff307dc869da0aa9,delivered,2018-05-28 10:31:05,2018-05-28 10:53:35,2018-05-29 15:41:00,2018-06-07 12:21:51,2018-06-28 00:00:00
3bbbeac55063ea854a8b5d32a2cbf8b0,d0e3351321cbbc1e4928cac9201c4729,delivered,2018-06-09 18:56:00,2018-06-09 19:11:01,2018-06-11 15:43:00,2018-06-16 18:32:49,2018-07-03 00:00:00
1d767ef13195f2cb3337b6b077e1f752,9deaacc2a9d6b105c1e27790708843b4,delivered,2018-07-23 14:56:35,2018-07-23 16:05:15,2018-07-25 06:00:00,2018-07-30 19:44:49,2018-08-20 00:00:00
46f3c70ec2c3e58a0c126aeb5d10d9b9,627b92adad5c3e29a2c4518bfcf13fec,delivered,2017-09-11 19:42:40,2017-09-11 19:50:23,2017-09-14 21:14:49,2017-09-25 18:46:24,2017-10-11 00:00:00
7ab9c55c59eaeea579d047e2d8aaed81,feca0f935fcce79dd42d409d96af9645,delivered,2017-01-22 13:04:20,2017-01-25 02:55:21,2017-01-26 16:41:28,2017-02-01 00:52:30,2017-03-16 00:00:00
20a6605d8265ca357d15eaf4f6710f63,f3b9b8b6d11fc7c446254660648ca292,delivered,2017-05-14 14:56:41,2017-05-14 15:10:13,2017-05-17 09:23:09,2017-05-23 13:19:32,2017-06-06 00:00:00
8e96f3e6633f7601ec50f3a904c3a3a2,c5827b73d67d474d76a268f0dda54396,delivered,2017-08-28 18:43:50,2017-08-28 18:55:17,2017-08-29 15:18:24,2017-09-06 19:46:59,2017-09-08 00:00:00
d8917c684fbf577ca5d76423b29f29da,24e773830688359e8fbf7f89b2a303da,delivered,2018-06-30 19:46:13,2018-06-30 19:55:10,2018-07-03 07:33:00,2018-07-05 21:48:42,2018-07-24 00:00:00
6a3cdd7762dfe7bfa407496303097855,d4af21206f409c5ba8408216b06b00b6,delivered,2018-03-17 12:39:10,2018-03-17 12:50:30,2018-03-21 18:56:50,2018-04-09 13:32:46,2018-04-13 00:00:00
f312113915f8f85b447cbbb41a3bda73,228fa0775b9f2dd5df796a94425f18d2,delivered,2017-08-10 13:51:49,2017-08-11 06:45:09,2017-08-11 19:39:38,2017-08-16 20:34:51,2017-08-30 00:00:00
95d9d2979d40161be87292ff88563cba,e4721b61e8d2b4b85d606809f6baa292,delivered,2018-06-07 23:42:37,2018-06-07 23:53:58,2018-06-08 14:15:00,2018-06-16 16:44:34,2018-06-26 00:00:00
263ba12390d0fbce329dd16da8cd20f8,0005aefbb696d34b3424dccd0a0e9fd0,delivered,2018-06-20 09:46:53,2018-06-20 10:21:32,2018-06-21 15:17:00,2018-06-22 17:58:39,2018-07-03 00:00:00
a9b151f0c0471d9b2534fa73c9c0e123,2238c417bc745d8fa7d7389d8b22154b,delivered,2017-03-09 16:18:47,2017-03-09 16:18:47,2017-03-10 10:35:25,2017-03-16 12:45:39,2017-04-06 00:00:00
ddb0d201c7d2c8ce0e966d98128d16e9,254e327149dc394a4edc7ff695098547,delivered,2017-10-01 10:11:40,2017-10-01 10:24:04,2017-10-04 16:50:10,2017-10-05 21:56:00,2017-10-18 00:00:00
1446390485bfa8ea593dbd273d725218,60ed0bdf61ebb2ee39c9b7fa7dbb9ee6,delivered,2018-01-10 13:58:09,2018-01-10 14:09:26,2018-01-15 20:29:48,2018-01-17 18:47:03,2018-02-01 00:00:00
eea0eb694d4eb8ffa2ed9279f4c348e5,8a1218a76be2cca9f86e2a9618f61af4,delivered,2018-03-08 16:00:56,2018-03-08 17:00:37,2018-03-09 17:48:49,2018-03-14 16:27:39,2018-04-04 00:00:00
b323a1bf3949211f3d9fbc43772534e6,4ad5a269a2d59d2c83ac551b5c948c0a,delivered,2018-05-07 10:59:47,2018-05-07 17:56:21,2018-05-16 11:00:00,2018-06-09 19:36:43,2018-05-30 00:00:00
93483f560d46ab6fb3fbf571c59d78dd,6ce9b26c054b6e299e017f732a862b87,delivered,2017-12-17 22:49:34,2017-12-17 23:53:53,2017-12-20 19:42:19,2018-01-11 15:23:50,2018-01-19 00:00:00
f644267f332fbcb9fe143fbb7478441c,03c27921f605f0385f319ba1bbee389b,delivered,2017-11-24 22:21:21,2017-11-28 03:44:52,2017-12-05 00:46:43,2018-01-04 20:26:46,2017-12-19 00:00:00
351126ee473c51592cb591efea295181,73e06cdd33db85da3e3df5c0c8404718,delivered,2018-06-28 22:11:43,2018-06-29 08:35:16,2018-06-29 14:21:00,2018-07-05 16:08:33,2018-08-13 00:00:00
3d4359c9a8031f632995e7923608dd4d,a7b54e5d33e657bd68a2d411fbace435,delivered,2018-07-27 15:25:51,2018-07-27 15:35:19,2018-07-30 14:22:00,2018-07-31 19:18:49,2018-08-06 00:00:00
6c12feac9a308e1382d9b19cca7f20b2,5371894984937a27cf40c7d20699a786,delivered,2017-05-05 13:48:37,2017-05-05 14:02:30,2017-05-09 14:43:49,2017-05-10 09:03:40,2017-05-26 00:00:00
cc06813c8d9909633f390ed9b5df999f,640246e27e1df1ffe19d062550d0d5ab,delivered,2018-04-14 18:31:02,2018-04-14 18:52:37,2018-04-17 16:52:47,2018-05-17 21:43:34,2018-05-09 00:00:00
9a40a61b2f04271f655c7423a3fb82a7,9a28e3a685c60162824386a74a34771f,delivered,2018-03-27 15:55:38,2018-03-29 08:27:08,2018-04-02 16:46:43,2018-04-09 19:16:42,2018-04-16 00:00:00
14986dd5b5dc6b4203bda6666311e4d0,93f0c8eaf1b7a1c951d234d56b232e35,delivered,2018-08-25 22:17:18,2018-08-25 22:30:10,2018-08-27 10:46:00,2018-08-28 15:11:50,2018-09-20 00:00:00
338d39656f66d84fdf7b2d9b578121bf,66a1ad480e947477de23aa06e861feb9,delivered,2017-06-17 16:54:26,2017-06-17 17:10:17,2017-06-20 10:42:07,2017-07-09 13:43:40,2017-07-13 00:00:00
a027919471097ed720c04340e1495e1c,6df6c2eeaad604627aa688ae063741b2,delivered,2017-11-24 21:04:41,2017-11-25 01:31:23,2017-11-27 17:54:47,2017-12-18 18:42:42,2017-12-26 00:00:00
db2351cb5d7dbd5c45ac607d32f2cb9b,eb3203704b8613482fed4eb17ea5d66a,delivered,2018-01-25 11:11:12,2018-01-26 03:16:31,2018-01-26 19:52:44,2018-01-29 15:48:31,2018-02-19 00:00:00
a678d97aa95d0393384c211a82455e50,cc64309188751727fe403d8570630495,delivered,2017-06-06 00:11:09,2017-06-07 02:30:13,2017-06-13 14:00:06,2017-06-16 21:37:34,2017-06-20 00:00:00
7ce20b22753ccc86fdb3b6f7efefcc75,738612606cc6f7e646b915359c71ee4c,delivered,2018-07-25 13:25:20,2018-07-25 13:35:14,2018-07-26 14:47:00,2018-07-31 19:22:12,2018-08-15 00:00:00
f083654dfd0f9ad9ae0356bf7c68f246,2b4c285c63cde3581cb7d06b70db65c4,delivered,2017-07-23 17:53:00,2017-07-23 18:05:25,2017-07-27 21:37:58,2017-08-05 13:23:52,2017-08-17 00:00:00
53239db74c7835641f106ef90b3d0100,54f60df7bf8415b9714bd26eec037b2c,delivered,2017-07-11 17:46:45,2017-07-11 17:55:20,2017-07-14 16:29:39,2017-07-18 19:53:36,2017-07-24 00:00:00
7297f6bfea2a33ef176cff30f467aa41,b19a370495e4d833f7351b777ef67b4b,delivered,2018-04-16 13:44:10,2018-04-16 14:33:17,2018-04-18 00:41:17,2018-05-17 22:28:30,2018-05-10 00:00:00
9855054362f487c4f25172bd0b8a44cf,3ad37c1be46629ea6935f7eb2362b380,delivered,2018-08-15 16:30:22,2018-08-15 17:04:00,2018-08-16 15:47:00,2018-08-22 17:32:28,2018-08-27 00:00:00
95bf775f5db872acb7ac9cf5cdbbc292,ffc25a124da207c0b90a002ebfaa7184,delivered,2018-07-16 11:56:49,2018-07-16 12:10:11,2018-07-19 11:15:00,2018-07-23 14:42:45,2018-08-02 00:00:00
563404de47cdc6763e7eced487016b66,41a0f53af758a122ca3c491b62ee4949,delivered,2018-01-02 17:46:40,2018-01-02 17:56:43,2018-01-03 18:17:51,2018-01-10 15:57:20,2018-01-24 00:00:00
bcdbca456c84595f3dadfbef9eeeaf51,59cf1a479d104e38587b9fe9d60febe3,delivered,2017-04-03 22:19:08,2017-04-03 22:30:18,2017-04-07 14:42:20,2017-04-19 13:53:15,2017-05-04 00:00:00
2ba4074f243f2ec78961779a7c89b1c3,3e5d28a6beee2449a50a07da9866d2ba,delivered,2017-06-24 17:11:53,2017-06-27 03:45:23,2017-06-27 14:18:02,2017-07-03 13:39:31,2017-07-18 00:00:00
b2908d9328eb32bdb9b7ac1e197c05fe,65c295c5ac6110fc4214f32ab7df512e,delivered,2017-10-27 12:07:08,2017-10-27 12:28:41,2017-10-30 13:21:46,2017-11-14 17:47:07,2017-11-21 00:00:00
a69bb719ee2c8b4a25bf1a1a5f3ae686,561812638ef3a092f78f0c4a5f0c58c8,delivered,2018-06-13 09:46:14,2018-06-13 09:57:08,2018-06-13 14:47:00,2018-06-14 22:28:26,2018-06-28 00:00:00
02610d88ac343ed64988d2706ce3ebfd,e7214f2cd8744c2d6d53e74e226ad9de,delivered,2018-02-04 19:34:05,2018-02-06 04:33:11,2018-02-06 22:42:45,2018-02-22 13:27:53,2018-03-06 00:00:00
00bdcdda88e6b02977fc6ce3d412c600,45ba03e2c6bbb5dc48131ba32ec3ae5e,delivered,2018-06-12 09:51:55,2018-06-12 10:21:14,2018-06-12 14:10:00,2018-06-18 18:20:48,2018-07-24 00:00:00
b5ae10bf67afb6e14718789096f22787,f69cf4381400f65b36639b8e1c11092a,delivered,2018-08-12 19:28:01,2018-08-12 19:45:23,2018-08-13 12:17:00,2018-08-16 23:21:14,2018-08-22 00:00:00
f7fd9088963ee4f442fd642219d80fb5,ee339bc1fd51a275cd44985a84e2515d,delivered,2018-04-23 10:50:18,2018-04-24 19:23:22,2018-04-24 22:08:41,2018-05-01 01:15:45,2018-05-17 00:00:00
bb2e64c3040ceb9b7ca2bfc602adca08,753bd08248a5fa2c21da47c01cfd83a3,delivered,2017-11-03 11:29:00,2017-11-04 11:25:22,2017-11-06 19:22:34,2017-11-08 02:42:06,2017-11-16 00:00:00
39e9813f11fbc948f71cfaf189976662,355474d121f6ea4623bbf34bbe80739b,delivered,2017-04-24 09:37:26,2017-04-26 09:37:59,2017-04-28 09:14:05,2017-05-11 20:16:48,2017-05-16 00:00:00
895e066de0072faddf0044db8e490353,82e5f3c993ab34fe01c61b83e0bd7efc,delivered,2018-04-03 15:03:21,2018-04-04 09:48:58,2018-04-04 22:42:55,2018-04-16 20:08:25,2018-04-20 00:00:00
3dddd02cc38fbaa0a544a1e928aee40e,d2157e41ca09bbe3a232a528d658195c,delivered,2018-05-17 16:46:58,2018-05-18 16:58:18,2018-05-24 15:22:00,2018-06-01 16:12:31,2018-06-11 00:00:00
96f182413ae321e91ee91f3e422c6416,fe4a4b61b1485be6c8e635377ea8f0ec,delivered,2017-03-15 15:54:53,2017-03-15 15:54:53,2017-03-21 15:17:00,2017-03-28 13:48:15,2017-04-05 00:00:00
eba18dfa91e31cf748f9f52b779f9ae8,7ffae0a2b02796d8e66fdbf0fa6e08b5,delivered,2017-11-14 08:13:32,2017-11-14 08:26:37,2017-11-17 21:38:30,2017-11-20 22:42:38,2017-12-01 00:00:00
5f071a8534fb6805fa6ec902f04219e4,a13d2d3b615e7782205484d9c603cbe7,delivered,2018-08-20 20:28:26,2018-08-20 20:50:06,2018-08-21 12:03:00,2018-08-25 19:04:45,2018-09-17 00:00:00
a41753c6a1d8accb89732e36243432d7,9c2f403519bcb363683a7179f0f94bd4,delivered,2017-05-12 10:51:43,2017-05-12 11:05:13,2017-05-16 09:14:33,2017-05-19 14:13:02,2017-06-05 00:00:00
d0a72f8bcc1f2045167eaa548647e77c,4f444b3b5cd86e70e2c49210020c5ba9,delivered,2018-07-03 10:03:33,2018-07-05 16:16:24,2018-07-06 09:03:00,2018-07-13 16:28:52,2018-08-02 00:00:00
1ac605c3c8e2ee53279c7b0bd52c6aec,4f86e2b6bb393847cfaca4bf4b1b82f6,delivered,2018-03-08 09:26:27,2018-03-08 10:08:48,2018-03-13 18:28:45,2018-04-06 17:45:29,2018-03-28 00:00:00
a17fec30c4ce5a766edee3f4c7701c0f,6b5ab683c44fe7723cc4dd9ad28ce19e,delivered,2017-03-25 19:13:03,2017-03-25 19:25:18,2017-03-31 14:42:20,2017-04-06 12:38:15,2017-04-20 00:00:00
0917636d789ce3b3eac37895935af5c2,fcba45767e1f02cc6c09f78e21e4e643,delivered,2017-11-24 22:09:42,2017-11-25 01:31:35,2017-11-27 18:39:20,2017-12-06 17:37:11,2017-12-15 00:00:00
9c1becadc6a0c6445eb02167b8d1bbff,fc788d5e3648d52793588cb90a77b5a1,delivered,2017-09-08 10:57:39,2017-09-08 11:05:18,2017-09-11 19:25:51,2017-09-18 19:47:50,2017-10-04 00:00:00
675bc8cd15e6b9225582b9161288670f,8a2d6290feaba2aea18c2b8a5a60cc32,delivered,2018-08-25 23:32:01,2018-08-25 23:45:14,2018-08-27 17:58:00,2018-08-28 17:36:21,2018-09-04 00:00:00
9dc9f2ae74e006656a3312dd31e76b5f,37d017dda9c2b37e56166ddeebc44140,delivered,2018-02-18 00:10:50,2018-02-18 00:26:32,2018-02-20 23:25:12,2018-02-27 17:28:30,2018-03-12 00:00:00
cfb361b2049fa0ddeb6ca3959fa0767d,6ab90ea7ad807500313f796a2b704335,delivered,2018-08-20 23:06:39,2018-08-20 23:15:15,2018-08-21 14:58:00,2018-08-22 22:34:34,2018-08-28 00:00:00
9370fc845feb5045400765a17c075cae,d020628b224f6a7738f735fa3f648cfa,delivered,2018-02-07 08:04:29,2018-02-08 07:35:58,2018-02-08 17:44:10,2018-02-16 14:53:06,2018-03-07 00:00:00
b26eb89dfb4e2d970274ef0c668fd43a,2ca8b7b3830f1551de4a0e4ea27a5e39,delivered,2018-03-17 19:59:25,2018-03-17 20:16:07,2018-03-19 19:41:34,2018-03-23 18:45:50,2018-04-11 00:00:00
61898b3ad4d51459e014bc6d4c2e7166,a9b67ff10261665661f54c364e82d9b2,delivered,2018-06-10 15:44:20,2018-06-11 16:42:16,2018-06-12 08:16:00,2018-06-15 17:27:44,2018-06-28 00:00:00
f76b895a9902ad634abed7eec3211a10,7ea778a6a19290dee846148b45c64f6b,delivered,2018-05-10 11:04:45,2018-05-10 11:36:17,2018-05-11 14:03:00,2018-05-28 16:08:59,2018-06-21 00:00:00
b9f23a5c0cbae81d8a326804b0c7513d,02a7a75320e787aa980907d0f647e508,delivered,2018-02-19 19:18:16,2018-02-20 07:27:16,2018-02-20 19:39:00,2018-02-24 15:27:31,2018-03-15 00:00:00
0ae7144116fa718b3bb90cd8d855713a,bb02acc51461fe7e45f7fdf63d18072c,delivered,2017-04-18 16:00:31,2017-04-20 02:55:33,2017-04-20 14:04:00,2017-05-10 07:47:41,2017-05-23 00:00:00
84398110dbaecfbc9ef3dc592c6b189b,add72faa5e3cf873054bb6ecd9472e4e,delivered,2017-04-12 02:16:32,2017-04-12 02:25:12,2017-04-12 14:01:12,2017-04-15 06:52:47,2017-05-04 00:00:00
c09652e16426e2ecbb85f2617192904a,d265ebaf9a745999a30e6a9eb778fe3f,delivered,2017-10-29 23:44:13,2017-10-31 04:15:17,2017-10-31 16:43:41,2017-11-07 21:28:49,2017-11-28 00:00:00
6f209510f34ce1a8c89d11273039981d,3523a3beae4b3f9d398b0cf0b2bcb630,delivered,2018-05-12 09:58:38,2018-05-12 10:12:15,2018-05-15 09:02:00,2018-05-21 13:44:46,2018-06-07 00:00:00
16e62e9da7d33d61b6f26ccf68bc962c,becd44b937217776c659d9465b22808d,delivered,2018-02-21 13:48:55,2018-02-23 02:08:59,2018-02-23 22:22:02,2018-03-12 23:36:07,2018-03-13 00:00:00
80b0f4fc350532f6e0ce9aa81ccde91c,d06f910929d7ece5e8090c5b4ef80b08,delivered,2018-03-01 16:51:27,2018-03-01 17:09:42,2018-03-02 23:57:29,2018-04-05 21:37:26,2018-03-19 00:00:00
0b50bea7ba1e8ba7a21b01b7c9d1350b,8c976a55940af1dcecf9aac47249aca9,delivered,2017-10-25 10:03:39,2017-10-25 10:14:27,2017-10-30 19:30:02,2017-11-08 10:55:38,2017-12-06 00:00:00
8ac7bcd85522aa82e2d89d27ea9cb818,0482519d5e3d179e7a3b00d6722bed50,delivered,2018-03-23 20:57:50,2018-03-23 21:08:15,2018-03-27 19:54:45,2018-04-04 00:21:27,2018-04-12 00:00:00
6a4b06a2b62d1f2c69cf1f7a4eae074a,a0d430c59b700550f20303fa1d6b2ba4,delivered,2018-04-13 21:18:46,2018-04-13 21:50:57,2018-04-16 23:30:42,2018-04-19 00:34:37,2018-05-23 00:00:00
6abaa1126b7b6ae01eb168ec3da96dac,6c2a5ea4fbd1854c3827a5e3b8eaf8cd,delivered,2018-06-16 19:42:55,2018-06-16 19:58:28,2018-06-18 10:05:00,2018-06-25 20:21:34,2018-07-16 00:00:00
f2e97c3464ad5fb53d6be7afcd0e3eaa,23a892e7d6549061e95045636c1c338e,delivered,2017-07-29 12:18:53,2017-07-29 12:35:14,2017-08-02 19:46:14,2017-08-07 20:45:46,2017-08-18 00:00:00
045c9852284420b9c02d156436e1481c,16c0be52bf7bf9069c6fa0d850c660ac,delivered,2018-05-16 16:38:10,2018-05-16 16:57:04,2018-05-17 14:46:00,2018-05-22 18:12:23,2018-05-30 00:00:00
3bb580c88504df63102b61f70164fb75,636f42c08bfabc00ce49edb5af4d4423,delivered,2017-09-14 19:12:49,2017-09-14 19:25:18,2017-09-19 11:54:10,2017-09-27 17:32:26,2017-10-10 00:00:00
1c5998a66da200447c5cbb528969a95a,42791e4b0de64923954b7905a4d523c6,delivered,2018-01-17 07:22:36,2018-01-17 07:29:51,2018-01-17 15:42:18,2018-02-06 17:13:15,2018-02-16 00:00:00
4edca0186e467f58fe99ab648f604ce8,1d06482d82c32c8752f4decbbffe7623,delivered,2018-03-14 15:55:57,2018-03-14 16:10:39,2018-03-20 00:02:52,2018-04-23 10:41:24,2018-04-16 00:00:00
714e2644ab665027234ed7a6b3e82274,a2ae1a05b2058776ab0138c75da742f8,delivered,2017-08-11 08:41:43,2017-08-11 08:55:06,2017-08-14 20:33:44,2017-08-29 08:15:48,2017-09-18 00:00:00
d16d35b47ec2d842e3846a4c7f4586d0,7b05d440176a2b2e195cc8957cbdfc8c,delivered,2017-04-04 13:15:05,2017-04-04 13:25:20,2017-04-05 10:00:47,2017-04-10 20:48:13,2017-05-04 00:00:00
54912035e047f9834df97cdfef0d2768,a28774056a751c7e8affbaff81fcd933,delivered,2018-05-13 19:57:13,2018-05-15 04:52:38,2018-05-16 15:08:00,2018-05-17 14:48:44,2018-05-25 00:00:00
9e5e54c4be8f6625005c76b7f8801ee8,6bfd1870443dc5b9f1297214b35e865b,delivered,2017-03-31 11:30:55,2017-03-31 11:42:29,2017-03-31 20:21:27,2017-04-05 12:42:54,2017-05-03 00:00:00
c7172e1a6b8de65fbc6e9e77afda672d,b1aa70fb1fe24bb15603aba207510343,delivered,2018-02-01 17:15:54,2018-02-01 17:33:10,2018-02-06 18:38:52,2018-02-16 12:33:48,2018-03-02 00:00:00
56472b840118d1bfb244c6cb42581ae6,98748c370ddce9072c32164a357de627,delivered,2018-04-20 12:53:58,2018-04-24 19:00:05,2018-04-26 14:48:00,2018-05-02 19:20:53,2018-05-29 00:00:00
fd180ff2363b236f823a4fa8a2a729f1,c8d8df677303b51ceb3ebd595969502b,delivered,2017-05-18 09:34:58,2017-05-18 09:45:14,2017-05-18 15:44:55,2017-05-26 14:45:57,2017-06-08 00:00:00
7c3e6d9d783f5fb5927a500abf1cfbaf,b1e99a86b163f1f25e7e0fa3360ad93d,delivered,2018-08-22 01:35:54,2018-08-23 01:30:12,2018-08-23 15:30:00,2018-08-28 16:46:41,2018-08-28 00:00:00
44fdca9e41cfd8248c3ac1e369447eff,21e121469a31f5b4e2eb5b6574359c4c,delivered,2018-07-02 14:20:11,2018-07-02 14:30:40,2018-07-03 14:54:00,2018-07-06 18:48:35,2018-07-20 00:00:00
90e4c72e836cb3e0bea6a31fd981a346,3ce8f9a70471f7eb4e9f4de10402dbec,delivered,2017-08-24 19:35:00,2017-08-26 11:50:13,2017-08-28 20:59:37,2017-09-01 20:13:10,2017-09-14 00:00:00
c6174e20db037528301ee8eaf325a469,a06d5e88e559441070e2c1e9d4be49b0,delivered,2017-11-07 09:23:40,2017-11-07 09:35:32,2017-11-08 19:18:33,2017-11-16 21:31:55,2017-11-30 00:00:00
eb366fe32c33e3b4037e9c3290b3ecec,998dd72620169c5d4946a893f4f8152b,delivered,2017-11-20 16:35:55,2017-11-20 16:47:01,2017-11-22 18:26:47,2017-12-02 21:08:47,2017-12-11 00:00:00
8dbdb81783a3c754dc9441826510a36a,2d0c34b4b379c290f079d39df12304e2,delivered,2018-08-10 14:54:25,2018-08-10 15:10:27,2018-08-13 14:00:00,2018-08-17 20:51:49,2018-08-30 00:00:00
8b37f436aea079bd73bbcbe103d14a0b,63d3bc89cf22616c68960d0d11258a5a,delivered,2018-01-24 20:07:10,2018-01-24 20:19:22,2018-01-25 18:46:57,2018-02-17 19:19:00,2018-02-16 00:00:00
5713bef560364e39ec1630ff62449492,793864114259d54262b38703f165acd2,delivered,2018-02-16 20:16:34,2018-02-20 07:15:29,2018-02-21 16:58:42,2018-03-12 23:56:17,2018-03-13 00:00:00
5a88502f6bbc1f8c972aa98c64830616,2fdfe901849d16dcfd92d3d8f4c5def3,delivered,2018-01-31 21:04:47,2018-01-31 21:15:26,2018-02-01 18:48:34,2018-02-07 22:58:39,2018-02-22 00:00:00
5d7f0dc1e401127edfe8b79e174a52c8,35014cd0cb1b0f81a7abee599b4d051d,delivered,2017-10-13 10:15:28,2017-10-13 10:28:15,2017-10-13 17:37:56,2017-10-18 19:32:50,2017-11-06 00:00:00
97d3d89c5b932c10e6d3d4d8c2ba7dd3,4fea6b3a96c9c399aef5540b38c7025b,delivered,2017-11-24 15:54:35,2017-11-24 19:33:08,2017-11-30 22:37:03,2017-12-05 18:19:02,2017-12-08 00:00:00
06ad94997dd34a7c2186b82d8e9be6a5,edc2830530b7d989c82121b21e1c229d,delivered,2017-06-15 16:02:23,2017-06-17 03:48:11,2017-06-19 18:28:42,2017-07-12 19:59:22,2017-07-20 00:00:00
99fa6518deac14b2890b49d1645d64be,c495ae8dfa83b158b111fc7b8304f032,delivered,2017-12-01 09:21:49,2017-12-01 11:31:59,2017-12-04 20:52:18,2017-12-13 17:35:03,2017-12-26 00:00:00
efe9bd98be3cb5cb5c87e7ca27abe613,37751e1671512ad89943d1615b563b1d,delivered,2018-01-21 13:28:36,2018-01-23 03:52:57,2018-01-23 22:57:46,2018-02-24 13:12:53,2018-02-15 00:00:00
83d47a55a238c75386e31ef70f5d8b45,99de3252658ad6466297273b6047f3cf,delivered,2018-02-01 14:44:21,2018-02-01 14:55:28,2018-02-05 17:15:00,2018-02-06 21:56:52,2018-02-26 00:00:00
cd81fccdeffb11e33de701e2c53c85c6,e07792fb0958a7d0faff87fb1aa58f8e,delivered,2018-04-26 22:47:26,2018-04-26 22:55:14,2018-04-27 13:23:00,2018-05-15 14:15:31,2018-06-01 00:00:00
7ebe19943d85e81a7b0eb108681276b7,fa3a8736d5ae8f7df9b0a4154d0b14dc,delivered,2018-07-22 10:28:14,2018-07-23 11:31:43,2018-07-23 10:09:00,2018-07-26 16:42:42,2018-08-15 00:00:00
2b0ff3c2ec4265091bba2e1e5d9aa762,ac9fafb8efe7023c1126fc949eaabdc9,delivered,2017-05-14 19:00:05,2017-05-14 19:10:18,2017-05-17 15:49:59,2017-05-18 14:44:11,2017-05-24 00:00:00
114e12eca60507f3e3153182f258684d,a7b3bd7ba727dae2bc4a68b78b7a7c64,delivered,2017-08-15 11:14:25,2017-08-16 03:26:11,2017-08-18 19:22:18,2017-08-29 19:41:49,2017-09-13 00:00:00
db0b67b642c6fdc947608f6b2108f802,4229505b5f66e1c3cc7cacd14af16a8f,delivered,2018-01-28 15:50:29,2018-01-30 04:31:29,2018-01-30 18:54:38,2018-01-31 17:08:35,2018-02-16 00:00:00
1133f2dfc033ba92bf6c470b20f6f332,e583c743a5c26e0870b08e4e6efeac7f,delivered,2018-05-21 13:31:41,2018-05-22 07:55:10,2018-05-22 13:15:00,2018-06-08 18:48:24,2018-06-14 00:00:00
275950acf4956dfc3d23514eb61f1d9b,b8c5e65ce798bc0c841638ea0960093b,delivered,2018-02-14 16:38:58,2018-02-14 16:50:37,2018-02-20 19:54:53,2018-02-27 13:39:14,2018-03-07 00:00:00
f5218a2401f92542f87b1de5bc3f92ff,997070d4812561b1a8ededcbb6c2429e,delivered,2018-03-02 11:04:18,2018-03-02 11:15:45,2018-03-05 20:55:04,2018-03-06 13:38:58,2018-03-14 00:00:00
e311f8fc30348d6213964a43f70f87fb,6ca7c0e971c24ce0931f148588ef23ce,delivered,2018-04-17 16:54:48,2018-04-17 17:10:42,2018-04-19 21:28:38,2018-04-24 19:28:56,2018-05-07 00:00:00
747996a66f5aa711deb8ae58f5ae46a0,ed1793d2d1e4175d5846ce7ebb4a01f5,delivered,2017-01-05 15:25:10,2017-01-07 03:44:28,2017-01-11 15:59:08,2017-01-16 15:18:08,2017-02-13 00:00:00
f396e1280028fa9c8c83111abee5f2e9,20f5a1cf347e797ab4f304906b1557b3,delivered,2018-07-13 20:58:24,2018-07-17 04:31:53,2018-07-18 12:06:00,2018-07-23 15:51:06,2018-08-07 00:00:00
08763574782690116475ea62ffdecadb,a2f475be29f915fa902863f62308df8f,delivered,2017-11-28 07:50:35,2017-11-28 07:59:26,2017-11-28 17:24:39,2018-01-03 19:24:57,2017-12-26 00:00:00
87afd3fd1ec1b984a228c772b5dd2a4c,7f47f37aa5317f1a00d397962a0dc7b7,delivered,2018-06-06 21:48:46,2018-06-06 22:12:13,2018-06-07 09:03:00,2018-06-13 20:41:21,2018-07-18 00:00:00
2d816b6a11ddd3843f307d1333321091,95303e4c9c23d67877e4b20afb04bfa8,delivered,2017-08-22 18:53:15,2017-08-22 19:06:03,2017-08-24 16:13:41,2017-08-25 20:12:31,2017-09-06 00:00:00
0f02ea56e4c9e7d30adb19a0c3e07b02,010099752e4ca60e61c8a4a669ea9fe5,delivered,2018-02-28 23:42:55,2018-03-02 02:15:27,2018-03-06 21:45:35,2018-03-14 00:58:46,2018-03-19 00:00:00
97fdf3115437c18e71138bdaa80ec60b,e3c94f7080293bcec3facb041c6d0f7b,delivered,2017-07-26 11:29:35,2017-07-27 11:25:23,2017-07-27 19:26:31,2017-07-28 21:10:50,2017-08-15 00:00:00
bceafe41324f7de517b199a7b4e2a074,86f9e3637836ff95e8e339223d2a136b,delivered,2017-08-06 23:40:08,2017-08-06 23:55:16,2017-08-07 20:48:54,2017-08-10 15:08:35,2017-09-06 00:00:00
86e6162676905a8c6ad0bcbd7df8debe,9846fec8bc074e976b741b9d766afded,delivered,2017-07-16 09:15:31,2017-07-16 09:25:08,2017-07-18 16:10:50,2017-07-31 13:35:52,2017-08-11 00:00:00
91d7491c6b0eada151a7e307697841bc,baa9fd7c59cbbfb067439f4ecd72e848,delivered,2018-08-17 07:59:51,2018-08-18 07:55:16,2018-08-21 19:21:00,2018-08-23 18:40:41,2018-09-04 00:00:00
dd480c63548e3c0b7219520e3784ebd2,a83a89abd16a03e6376fb659ca7b6612,delivered,2017-01-26 16:25:36,2017-01-26 16:35:22,2017-01-27 12:47:43,2017-02-08 14:47:25,2017-02-22 00:00:00
8cd615f11b504c1ea4ea2d07e7ac2930,ce022d7f2e8d5b3ea5884c8bdea62226,delivered,2018-03-16 13:57:53,2018-03-16 14:10:57,2018-03-20 23:17:42,2018-04-03 20:42:52,2018-04-11 00:00:00
a2fc0d6559cd85b95e1a02c8d97d55ec,2bdb2502a9b89d8f94ccf1ef7a9f0292,delivered,2018-04-18 09:55:14,2018-04-18 10:11:00,2018-04-18 23:28:44,2018-04-19 23:31:32,2018-05-04 00:00:00
a1ba9164e568e28f6977c343fb78e9b1,72600f002ba1550d6432cb91464f6969,delivered,2018-03-11 22:14:38,2018-03-11 22:28:09,2018-03-12 17:24:59,2018-03-31 14:18:36,2018-04-03 00:00:00
09bb35a3939c3181b4a5619cb3918976,b84438b09aa33a6e08673fe173f9796f,delivered,2017-11-26 03:42:06,2017-11-26 03:51:10,2017-11-29 19:56:49,2017-12-11 23:13:13,2017-12-28 00:00:00
760312f5735ee281f01e56d5ddee05e3,4b003ee1eabaffe8ff8e6d75394a9b42,delivered,2018-06-11 15:32:06,2018-06-11 16:00:43,2018-06-12 11:04:00,2018-06-20 23:08:27,2018-07-17 00:00:00
eb7aac057d7c17adb860b770451ae250,74df30b888082a6cfaeb6bbee623e6a2,delivered,2017-02-02 23:24:24,2017-02-02 23:35:17,2017-02-03 15:32:17,2017-02-15 18:51:40,2017-03-21 00:00:00
b9383cd99539eb0ccb11ab1a62bd0621,bd0c57b418e8b1cd0f10d87da71a403f,delivered,2018-08-02 20:38:59,2018-08-02 20:50:19,2018-08-03 14:57:00,2018-08-08 13:48:22,2018-08-17 00:00:00
92a9ef7f0a0d392c9ad0d5f44e86b4ba,4d8c75952e09254a602a3a059d0ac367,delivered,2018-03-25 16:43:56,2018-03-25 16:55:50,2018-03-27 14:09:36,2018-03-29 16:19:02,2018-04-06 00:00:00
dcc3610bd6745b8ec0d84354631fbd3d,060a46f3e1097e08371f2c8c7064156c,delivered,2018-07-22 20:04:02,2018-07-24 11:31:40,2018-07-24 15:45:00,2018-07-27 21:41:38,2018-08-08 00:00:00
939e85580cc5404abd2ba9df25330fb8,df059d8e5672ffde042a480870e4fbea,delivered,2017-07-10 18:12:09,2017-07-10 18:25:20,2017-07-13 10:56:32,2017-07-18 17:03:18,2017-08-10 00:00:00
d8a7be3bdd16ebaf4601bc8252f54a08,0308cb020fb67d56a42bf1296f77dfce,delivered,2018-08-14 01:13:48,2018-08-14 01:25:13,2018-08-14 15:01:00,2018-08-16 19:58:31,2018-08-20 00:00:00
a062c240bb299fa3f0ce55cf05ec8390,c305a666dd035c61be69f500d3a2ea36,delivered,2018-07-13 19:00:27,2018-07-13 19:10:22,2018-07-16 08:47:00,2018-07-27 16:58:54,2018-08-02 00:00:00
59a0b1e1b934789d033dfb98797d9d34,2fa6eb7ad02d5495e29bebb6d4774257,delivered,2017-07-20 23:51:43,2017-07-22 02:15:47,2017-07-24 19:05:02,2017-08-02 17:37:22,2017-08-21 00:00:00
af42887f85d980291a066176c4d13709,8f0b436a1be5cd29776f9ddb3bef133a,delivered,2017-06-18 19:51:54,2017-06-20 10:35:28,2017-06-27 16:37:54,2017-07-04 14:41:48,2017-07-11 00:00:00
0adf4c5c9a1399ceefdb7ba880df1ca7,eab22d3171e51fc2a3b380f5da7c7310,delivered,2017-02-22 13:22:13,2017-02-22 13:30:16,2017-02-22 14:25:33,2017-03-28 16:23:53,2017-04-06 00:00:00
7e3f9f89f31e57c84fe4ef9a5bb9bc1e,87b5d2464401b73336fefb8b1e3b91c7,delivered,2017-08-26 12:43:02,2017-08-26 12:55:19,2017-08-30 20:26:55,2017-09-05 16:00:03,2017-09-29 00:00:00
32931b358e8eb9042cf278a4e233321f,a791256150a6975326b329cad239f6f7,delivered,2017-07-02 19:37:07,2017-07-04 04:45:13,2017-07-04 16:08:52,2017-07-14 14:57:56,2017-07-25 00:00:00
83ea47ad24b5fce57aa5ade0fd069c94,6e8a9c87724e18b7e567193cdd3e4b45,delivered,2017-09-26 01:25:02,2017-09-27 12:49:12,2017-09-29 17:04:21,2017-10-13 18:32:35,2017-11-30 00:00:00
1f3fcd02b6ab99b6b499dcd412076175,4f0986f70a792beba9dcbf15c32ecd87,delivered,2017-07-17 13:51:31,2017-07-18 06:35:12,2017-07-21 21:12:07,2017-07-26 00:59:25,2017-08-01 00:00:00
1cbcc355e275e5143ab1dbf260ca14f1,1110eb4465d18a9b7c632cfc80fb53ab,delivered,2017-03-12 19:04:41,2017-03-12 19:04:41,2017-03-14 14:14:03,2017-03-22 09:08:52,2017-03-30 00:00:00
28b2d19e3d604381f30089a68a4e0831,3d8cfa48830149a95028f6dc880e13eb,delivered,2018-04-29 14:31:40,2018-04-29 14:53:31,2018-04-30 15:09:00,2018-05-09 23:12:02,2018-05-17 00:00:00
568b0f8bb1f7efe803f006abfd707e5e,05f92287b410b4a1b426167861698d3e,delivered,2018-02-26 11:06:56,2018-02-26 11:15:34,2018-02-27 18:09:22,2018-03-09 20:03:55,2018-03-22 00:00:00
ee038389c9f437f7c0e2d1b105a26038,5ad5c913900581e3ebd6c20ba68c5760,delivered,2017-07-02 12:03:31,2017-07-02 12:15:19,2017-07-05 13:44:46,2017-07-11 22:03:39,2017-07-25 00:00:00
5711d8a02451fd508dc8911ee1fb4ac9,1181d20ba074543832905275fd087e73,delivered,2017-10-27 16:44:14,2017-10-27 16:55:24,2017-10-30 20:22:33,2017-11-03 19:48:27,2017-11-22 00:00:00
9b2fa9acfe395734a133a58bcbfb9776,aeb0c5aea1d62b3e494a86bad308f85e,delivered,2018-04-25 01:03:27,2018-04-25 01:15:08,2018-04-25 13:41:00,2018-04-30 16:03:32,2018-05-23 00:00:00
7535955a5fee70328e9fe079653e03f1,68de9ab6df869e6c10cac725487ff831,delivered,2017-04-30 14:48:53,2017-04-30 15:02:33,2017-05-03 14:12:58,2017-05-09 08:03:01,2017-05-30 00:00:00
54d591a90dbfa19ae578252a9b5a2720,17b02ec522ef587a82a5b69450648f1b,delivered,2018-05-30 17:38:11,2018-05-30 17:58:05,2018-06-06 15:01:00,2018-06-11 18:03:59,2018-07-12 00:00:00
06875ab72c5b9bb2eb303a70031bfeb0,686ca7499141a82f95123c370af061b0,delivered,2018-01-11 20:04:57,2018-01-11 20:15:47,2018-01-12 23:10:32,2018-01-15 21:06:54,2018-01-30 00:00:00
4f32c93f66aadbd682294f5cedde7c18,3ca18278aa462567e7bb52302cff31c4,delivered,2018-03-10 16:15:17,2018-03-10 17:07:54,2018-03-12 21:50:55,2018-04-03 19:52:40,2018-04-10 00:00:00
8736140c61ea584cb4250074756d8f3b,ab8844663ae049fda8baf15fc928f47f,delivered,2017-08-10 13:35:55,2017-08-10 13:50:09,2017-08-11 13:52:35,2017-08-16 19:03:36,2017-08-23 00:00:00
39ca4fbb87367cf7440fc32125b86202,d43f72374abc7601531c7c806e7af444,delivered,2017-04-24 20:32:15,2017-04-24 20:45:16,2017-04-25 11:45:19,2017-05-02 13:11:43,2017-05-11 00:00:00
c9205528d5e1b823f414b4f15314c03f,525bd2d51afa1e21386ca55e0d0e2824,delivered,2017-08-21 19:33:15,2017-08-23 02:47:28,2017-08-23 20:38:10,2017-09-01 19:11:46,2017-09-13 00:00:00
25b6b32773813a83fe535d412fa6e805,71cc75a603db03ef612d52f9f223e68f,delivered,2017-11-26 17:47:17,2017-11-26 17:55:23,2017-11-29 23:06:22,2017-12-13 22:57:29,2018-01-03 00:00:00
d262943abbea3ae2db6528a4261ba247,6eae55140163e2af86907a15a478f2d2,delivered,2018-04-02 16:10:57,2018-04-03 17:10:29,2018-04-04 23:27:38,2018-04-08 21:19:30,2018-04-12 00:00:00
50c67fc0ce3ee7959b7dfeeabfbe6b78,4d69348be3bb86e3326bc320185c5438,delivered,2017-11-27 17:19:58,2017-11-29 18:10:32,2017-11-30 20:27:41,2017-12-04 17:54:51,2017-12-11 00:00:00
e5e7f892785fbe21a339bcd77efdae86,eb14560bdf0397941f4146f43f653496,delivered,2017-12-01 20:48:11,2017-12-01 21:24:08,2017-12-04 20:07:13,2017-12-07 22:29:32,2017-12-19 00:00:00
54c48a1401020a79d5d52ff20cb07aa7,64a321dafa36e657f430cd3c2d0c64a0,delivered,2017-04-06 13:45:15,2017-04-06 14:03:14,2017-04-06 14:43:20,2017-04-17 15:47:02,2017-05-10 00:00:00
4652332a6a0d39960cdec082ef7b52b8,877b18b6aaa2faadfbf88c43a9bd5c42,delivered,2018-05-25 13:28:45,2018-05-25 13:53:54,2018-05-28 15:04:00,2018-05-29 20:10:51,2018-06-12 00:00:00
0f93b20928bc59f8571a39b03ed0c1bb,027efc2251512b9150aceb9a5e5b7f53,delivered,2017-09-25 09:48:34,2017-09-25 10:04:02,2017-09-27 16:33:24,2017-10-10 22:58:36,2017-10-19 00:00:00
eb79e3366c1e8ef5a331f96b5c73995f,901f6c008611d3f7cd4a4a094c475408,delivered,2017-09-04 11:39:25,2017-09-06 02:55:33,2017-09-12 21:48:54,2017-09-18 16:09:57,2017-09-29 00:00:00
444ebbf5602b5acdad22e0b4a9951bda,a94259e3111386ff1ae6f1c3712fe6fb,delivered,2017-11-29 11:24:18,2017-11-29 11:37:34,2017-12-02 00:28:58,2017-12-09 15:36:43,2017-12-20 00:00:00
0acdae809654a2de1235d18a12cf73f3,3180b241917d07e27bd46aac80ded579,delivered,2018-06-14 11:29:22,2018-06-14 12:19:40,2018-06-15 14:22:00,2018-06-19 21:46:19,2018-07-05 00:00:00
38097aba0f729783af8bf48eabf5e496,5a07aa8c5c8860866b5557e83d75a4e2,delivered,2018-05-01 13:44:06,2018-05-01 14:16:59,2018-05-02 11:22:00,2018-05-14 14:08:54,2018-05-28 00:00:00
a3a3b0aaa23eddcb93f63fad71f13391,1bc91f030639254f22bf57fba7c51376,delivered,2017-09-12 08:16:19,2017-09-12 08:30:25,2017-09-15 18:30:17,2017-09-28 21:47:45,2017-10-05 00:00:00
a82922658c32130591989ddab7111ed6,841cf7b045782b0ef207f4d8305ea6fc,delivered,2017-11-02 09:30:52,2017-11-02 09:45:18,2017-11-04 11:02:24,2017-11-09 20:09:34,2017-11-23 00:00:00
b436fd24a04e7267307e1d900faa8eb1,20217ca968adf8f08c5916bf09c33d7f,delivered,2018-05-30 12:58:00,2018-05-30 13:09:18,2018-05-30 14:52:00,2018-06-04 22:46:39,2018-07-20 00:00:00
91c75b7ba1ec17918b96773bc0f8f443,41280f8f9f6be62c061b8af89ba9ef54,delivered,2017-05-05 13:35:44,2017-05-05 13:50:15,2017-05-09 11:14:03,2017-05-24 14:39:39,2017-06-01 00:00:00
ef5b03340b5839974405018a62e03f29,7c1e106bfe425aafa689ac08293ee6b8,delivered,2018-05-04 16:08:55,2018-05-08 04:55:20,2018-05-08 10:47:00,2018-05-09 17:57:27,2018-05-17 00:00:00
674b530698f9bd8a9167b30ed86bd51d,aa5dfb0872b3828aa250acb54d387266,delivered,2017-06-02 10:18:35,2017-06-02 10:30:19,2017-06-02 15:55:25,2017-06-03 10:57:54,2017-06-19 00:00:00
97c6f98cd025659444b815df5050d8d7,db5374a5a0de70b9b226cc07f00c7de3,delivered,2017-09-12 17:49:55,2017-09-13 17:55:29,2017-09-14 21:36:00,2017-09-18 21:44:59,2017-09-28 00:00:00
e2493d49c7ac426207fb7575814ebbd4,660e0dca520294ab5ff435d0298627f9,delivered,2017-12-04 17:16:55,2017-12-04 18:30:31,2017-12-05 21:37:09,2017-12-21 21:17:08,2018-01-09 00:00:00
be6e034d294e425c514e215bf0b7120a,ba7c84cd4d0db9d73b66a79e4d3e130c,delivered,2017-05-22 15:57:42,2017-05-22 16:05:19,2017-05-24 08:17:48,2017-05-30 12:13:30,2017-06-09 00:00:00
777ee9a9950b655601a65012d4e45584,14e5f1e56b5d74d9fe35c39e8ba04699,delivered,2017-10-08 14:53:58,2017-10-08 15:07:11,2017-10-09 20:17:55,2017-10-13 21:36:49,2017-11-01 00:00:00
f056d4857c146c38ff02566b3e152bca,fc6408fa8083f3c01b1f287709714321,delivered,2018-05-17 16:37:03,2018-05-18 02:54:16,2018-05-18 14:35:00,2018-05-22 02:40:39,2018-06-07 00:00:00
8e3f8be6e1ce8ec5b39dae59e0aabcff,6520161e793f944073a132d97e9af083,delivered,2018-03-23 11:07:13,2018-03-27 03:56:17,2018-03-29 21:33:24,2018-04-11 23:41:16,2018-04-16 00:00:00
12764e11143d316ea2257118daa2e3bc,3b06aeea8f6124ae0e66e6fd1fc97ade,delivered,2018-05-23 16:12:01,2018-05-23 16:36:26,2018-05-24 08:38:00,2018-05-25 20:49:46,2018-06-13 00:00:00
41f5e1d98c342beaa1234b59c89d9f6b,ea23ab6bcf9413b8841a1a69b9af0686,delivered,2017-08-11 10:47:58,2017-08-11 11:04:33,2017-08-14 21:06:02,2017-08-18 19:12:36,2017-08-31 00:00:00
ec3b583694db9a04ad2928a8f0546207,660673ec54a8b7fe75dcaea60f3f3e0d,delivered,2018-08-12 20:18:08,2018-08-12 20:30:18,2018-08-13 16:02:00,2018-08-16 19:31:58,2018-08-24 00:00:00
cc86a65e920aceb9fe3bbe49bab2bd52,23fa7a1513fdc2b37c2b1ebd9e1db2da,delivered,2017-11-24 11:34:37,2017-11-25 04:17:35,2017-11-27 19:09:01,2017-12-02 18:56:40,2017-12-19 00:00:00
1b462189eca41fdd61ad58561176b49c,65e5225058cf3dbaca1cdffb7c575dc1,delivered,2018-01-11 09:46:16,2018-01-12 02:35:45,2018-01-13 03:03:18,2018-01-17 18:14:24,2018-02-06 00:00:00
8944f7ffacbf68290782beb6f6d21ece,3b1cbf321a120453df51216a651815af,delivered,2018-04-06 18:05:05,2018-04-06 18:29:25,2018-04-09 21:06:12,2018-04-11 22:45:31,2018-04-30 00:00:00
c5e1ff5a434a0e128ac186bd92c1060d,9408366cfabe249cc4e4680dffb79c5c,shipped,2018-03-10 13:39:36,2018-03-10 13:50:29,2018-03-21 19:18:22,,2018-04-06 00:00:00
175455df986fe6b05091b1c9506897dd,c2a29d0111d9af12100ef59be89f5a2c,delivered,2018-02-03 13:49:19,2018-02-06 04:32:49,2018-02-06 19:16:55,2018-02-16 11:27:07,2018-03-08 00:00:00
f25bdf0565e54301739c402947f7644e,3b8927e91517d7827a76105d1fdd0e3f,delivered,2017-07-15 06:41:01,2017-07-15 06:50:10,2017-07-18 11:37:39,2017-08-10 20:27:28,2017-08-22 00:00:00
96c3a40e38272781dd5b3dfc4797e8f7,76ba803a22ca2f0892036acaead6a065,delivered,2018-06-19 14:58:03,2018-06-20 13:21:30,2018-06-22 12:26:00,2018-06-29 19:12:52,2018-07-20 00:00:00
a14f7f38d99c7aba5db1566db11660a2,ca08ac90cf5b8ff42d87a9d754c2374b,delivered,2017-10-15 01:57:18,2017-10-15 02:14:19,2017-10-16 20:26:00,2017-10-23 21:10:09,2017-11-07 00:00:00
51c68b0aedaa22a0b426f5635ac439b1,80f5dbd6c402fa67462768a508de4168,delivered,2017-05-22 10:27:43,2017-05-24 03:05:23,2017-05-24 15:09:40,2017-06-03 09:39:37,2017-06-29 00:00:00
da3c95552f6afd61ddc95ce17dc71606,9625c9b960cb2a2645738ad08d8fd709,delivered,2018-03-20 14:27:23,2018-03-20 14:49:27,2018-03-27 04:28:46,2018-03-27 13:21:08,2018-04-02 00:00:00
044d94a4ac73b24fe28ff5293ac35bd8,482d1baa7d2f9c4d4b54ae09215d39c8,delivered,2017-06-19 14:56:36,2017-06-20 14:50:17,2017-06-21 08:11:54,2017-06-26 08:23:37,2017-07-19 00:00:00
6c1d10d32b895709c06d162678e6bac6,c5cc9a7ee25b3dde1ed09c7568ff9f9f,delivered,2018-05-13 11:00:51,2018-05-13 11:12:43,2018-05-14 15:15:00,2018-06-02 18:12:20,2018-06-01 00:00:00
00946f674d880be1f188abc10ad7cf46,9583b047c90d4aa1c5c68b4065ba7f4e,delivered,2017-12-09 19:11:22,2017-12-09 19:30:37,2017-12-11 18:47:04,2017-12-17 10:19:09,2018-01-05 00:00:00
45bfddf12e8fd3de8dbda7b7208ec90e,a1882adbacee1e44d96f0635e70d7b2a,delivered,2018-08-01 19:18:06,2018-08-03 04:35:22,2018-08-03 14:33:00,2018-08-09 13:58:52,2018-08-16 00:00:00
c830f223aae08493ebecb52f29aa48ca,af626bcc9c27c08077b02e6d3aa00c36,delivered,2017-04-22 15:50:30,2017-04-22 16:05:17,2017-04-25 08:23:19,2017-05-05 13:27:50,2017-05-18 00:00:00
a72c97c2e824d70b13a34ed812529337,e32d47c3c13f1fcb93a32ce60f59e0d8,delivered,2017-12-09 09:29:19,2017-12-09 12:36:31,2017-12-12 14:44:57,2017-12-28 20:37:13,2018-01-04 00:00:00
911ac4b6a3d83be295853192aa63fbaa,4a9a0fbfec7f28adc3a7ab9ef3bdef08,delivered,2017-10-07 20:37:26,2017-10-07 20:49:32,2017-10-10 13:03:58,2017-10-11 19:28:53,2017-10-25 00:00:00
d873fac825acde118d8302108e56afff,8fc86d31af29c9a6ef80c6c950666adc,delivered,2017-07-13 09:00:21,2017-07-14 09:05:14,2017-07-14 17:47:40,2017-07-26 19:13:42,2017-08-16 00:00:00
4bf27cd715a4b7ccb0ea582b5b5fd639,56df3acf6826046c875a51d0db805524,delivered,2017-04-22 18:27:36,2017-04-22 18:41:21,2017-04-27 05:37:04,2017-04-29 11:04:15,2017-05-17 00:00:00
5246f33ed41cfa5f5b8f64e7bc8cf0c2,299f7b5125c8fbe1761a1b320c34fc7d,delivered,2017-05-05 08:45:28,2017-05-05 08:55:17,2017-05-10 14:43:14,2017-05-17 15:00:14,2017-06-08 00:00:00
250fc7597b92f3bb967c2c0a6bd70e1b,dfadcb615c5579faa9613dde872fa694,delivered,2017-09-09 19:37:39,2017-09-09 19:50:12,2017-09-12 18:46:40,2017-09-13 21:57:52,2017-09-21 00:00:00
5739eb8dc1389c46e5ff8fc605a6ba44,ef6ea276070642bfc9f21c5cd9cbdb43,delivered,2018-05-21 19:44:09,2018-05-21 21:15:40,2018-05-22 14:16:00,2018-05-23 16:33:19,2018-06-13 00:00:00
9e3239dcd0d89b2b4e9315e93f265c84,94fa5fb873b594639bd9eb8ebb2bbe8a,delivered,2018-04-16 10:16:00,2018-04-16 10:32:41,2018-04-18 18:56:45,2018-05-03 09:46:56,2018-05-15 00:00:00
a3de74fbe2db7081a1c0262272cd4283,bf565aadf676f4dd804dd19aa89aba19,delivered,2017-05-02 22:36:47,2017-05-03 14:22:24,2017-05-15 07:52:04,2017-05-24 11:28:58,2017-06-06 00:00:00
d2f2458326a050b121e7acd0e3506d8d,b807407e782f3147f465c29dbf75d286,delivered,2017-05-31 11:02:39,2017-05-31 11:15:10,2017-06-02 14:42:43,2017-06-19 21:29:44,2017-06-27 00:00:00
b3eb2b2fa446ec1d83a9ccb2dead8871,69fc759c2dd1b4ca51e0ffc8fa632455,delivered,2018-05-06 19:27:01,2018-05-07 22:34:27,2018-05-08 13:17:00,2018-05-10 16:15:54,2018-05-24 00:00:00
49b1ad01e0a81bc85a617086103e415d,476a4abbe9551a54f5a9d06bccd2fca5,delivered,2017-05-24 10:11:27,2017-05-26 02:45:18,2017-05-26 16:09:26,2017-06-12 10:29:38,2017-07-03 00:00:00
ad982819d59bc6c0fc50e08c0ee19e05,6aee223ad482dc78a0d4fe2f893c203c,delivered,2017-12-08 22:24:48,2017-12-08 22:36:29,2017-12-12 15:09:42,2018-01-11 20:18:26,2018-01-17 00:00:00
95fa26b6ea476ed040e592e0a825d6f0,9aad6db5643769b3d802a87328ec31e2,delivered,2018-06-06 13:48:42,2018-06-06 14:13:02,2018-06-06 14:02:00,2018-06-11 16:55:40,2018-07-12 00:00:00
8f08b9fbb16d480bcb3c53db1eaf49da,c0cec5fc3063db1248cadc8347e223ab,delivered,2017-12-28 10:54:18,2017-12-28 11:08:03,2017-12-28 22:49:10,2017-12-29 17:27:25,2018-01-17 00:00:00
88a01a140aa9a9b29927d71752e9b7cd,d420ffd55c04ab7659d5e02b1ea6e298,delivered,2018-02-27 07:37:02,2018-02-27 07:47:54,2018-03-01 15:36:59,2018-03-02 17:12:21,2018-03-13 00:00:00
b2bee079651c0bf6a1a92b39c2dbe5cf,abd052c275218899a215aa3dc9e1494a,delivered,2018-08-25 22:28:18,2018-08-27 10:44:26,2018-08-27 14:24:00,2018-08-28 14:21:00,2018-09-03 00:00:00
1913cee0f26c9b117da013a2efd6374f,7089a41f6a02e9b5784c67fbec78e82a,delivered,2018-04-04 12:35:08,2018-04-05 02:15:28,2018-04-05 23:31:19,2018-04-11 14:51:26,2018-04-20 00:00:00
6a1dff28da32815c94da401e19d2a7f8,29251d6a551cedc7040b152221744460,delivered,2017-03-21 11:33:31,2017-03-21 11:33:31,2017-03-27 14:13:02,2017-03-31 15:34:11,2017-04-13 00:00:00
f3edc8c0a39fd1b01507928af2a47448,0b859d5b44d9d4882ace2e2dc93cc213,delivered,2017-05-17 23:39:36,2017-05-17 23:50:16,2017-05-18 14:23:39,2017-05-26 11:56:47,2017-06-12 00:00:00
1c07c0999a3f88b8c1b95e9a07cf5564,b83d1e4c6e630ab8dd058360d47b4c17,delivered,2018-07-16 15:24:53,2018-07-16 15:40:17,2018-07-17 14:28:00,2018-07-27 17:56:37,2018-08-01 00:00:00
297a7adc75a9a48c518c7048426b9675,152d5eeccb9cbfd05ed8ab2395a14b66,delivered,2018-04-15 20:12:35,2018-04-15 20:30:47,2018-04-17 22:18:37,2018-04-24 13:13:03,2018-05-10 00:00:00
8368e1a19aceeac973a9eff4ac3245cc,271b5cf8d44f5321d8a512c459472fbf,delivered,2017-08-21 00:01:31,2017-08-21 01:33:01,2017-08-24 21:12:49,2017-08-30 17:27:46,2017-09-22 00:00:00
afffe744c625af23449137b8f832e630,b48ad91d707041578581aefae1f7c385,delivered,2018-02-25 19:13:33,2018-02-25 19:27:55,2018-03-05 18:05:14,2018-03-28 17:23:42,2018-03-23 00:00:00
5e8d0f2f1e06e715aee3eefe4c175e52,743dd95aefb65359afe92a764748251a,delivered,2017-11-28 22:50:22,2017-11-28 23:10:56,2017-11-30 21:12:37,2017-12-26 17:38:50,2017-12-19 00:00:00
947ee6ab639791b5711558a7e55cf98e,92a24fa199710ba33bab157e838a86e7,delivered,2018-06-11 22:04:34,2018-06-12 09:01:12,2018-07-18 14:02:00,2018-07-28 16:32:17,2018-08-10 00:00:00
d85553b6a0d18ab73d361def4c79d08f,7181fcde3f0ce4dc47a9d1c64ed15b3b,delivered,2018-06-09 12:33:46,2018-06-09 12:58:46,2018-06-11 15:36:00,2018-06-20 18:52:08,2018-07-11 00:00:00
bd74c36a843f8560d4b4b2a902dfb22e,5c49d0bcb0f397a3a5dec5512755f848,delivered,2018-02-23 19:28:03,2018-02-24 19:27:14,2018-02-27 14:22:46,2018-04-03 19:28:37,2018-03-26 00:00:00
fa2cc48dfd7ce0f97490bb4ab4c98eb2,599eb3fb43b36d43156a5157c94000ee,delivered,2017-08-22 23:46:00,2017-08-23 00:32:28,2017-08-24 13:38:13,2017-08-25 18:06:57,2017-09-05 00:00:00
e8ba75632d34b2349d68fd8e37bcf6a4,aff6c1cbd702e9650fba803f5d7dc83c,delivered,2017-11-11 19:36:00,2017-11-11 19:50:32,2017-11-14 16:24:12,2017-11-21 01:54:25,2017-12-06 00:00:00
5881ef8fbe92b12cbfbe1a210afd221a,a95304becd09a127c1f2d609e2d6d34f,delivered,2018-06-12 09:56:21,2018-06-14 02:39:25,2018-06-14 13:39:00,2018-06-18 13:07:51,2018-06-29 00:00:00
38171cba31c7211ce21559574998ffdd,3b0f5b493b8a54c1298ae4edaa002fb0,delivered,2017-11-24 14:27:49,2017-11-24 16:33:32,2017-11-30 19:14:56,2017-12-22 21:09:18,2017-12-19 00:00:00
511c9c59155679bf85e46829de6bf067,8ad4ecbaa69e3b0119cadae300bd88f9,delivered,2017-02-08 11:04:56,2017-02-08 11:15:13,2017-02-10 09:18:40,2017-02-24 13:18:43,2017-03-13 00:00:00
a10231eb95955f12c2bbc1e34e25c950,ebc886e9e3226e7da3ccb10bba7c5c4e,delivered,2017-01-31 17:14:07,2017-01-31 17:25:17,2017-02-06 10:16:07,2017-02-14 18:09:22,2017-03-07 00:00:00
31ebb964e83b9262b17cf1583a3eb45f,2698695709c21e561e5aedcd0f297a69,delivered,2018-03-06 19:56:34,2018-03-06 20:10:49,2018-03-20 01:19:40,2018-03-22 21:14:52,2018-04-03 00:00:00
16dda44df2095f93a8e1390b77c2c048,21b4986e79d2c4215a20b1d560b9c51a,delivered,2018-04-11 10:49:26,2018-04-11 11:10:50,2018-04-16 19:36:41,2018-04-17 19:32:10,2018-04-27 00:00:00
c57d8a1fea15380a18f9f81e1096ac9b,2ef4b4c4630ad3c0f379af495307470a,delivered,2018-06-01 23:24:48,2018-06-01 23:51:07,2018-06-04 14:00:00,2018-06-11 19:08:48,2018-07-05 00:00:00
652c3ffc10b11f6bb6567b4976d901c6,bf766ad0f00b31ea37a0cd27a0e2b64e,delivered,2018-08-28 10:44:03,2018-08-28 10:55:08,2018-08-28 13:54:00,2018-08-29 20:48:39,2018-08-31 00:00:00
a611321b36103c43fd31f578c7c6e459,edfe8350920188f5738ab4ef3af21d62,delivered,2018-08-11 23:28:46,2018-08-11 23:44:33,2018-08-13 15:29:00,2018-08-18 00:22:36,2018-08-28 00:00:00
241a57ba96decfbe134f5c84f585f57f,b8426f2cfe27d43ae8077d218a3622ad,delivered,2017-11-10 17:21:48,2017-11-10 17:35:33,2017-11-14 16:47:09,2017-11-22 00:22:48,2017-12-01 00:00:00
3a129877493c8189c59c60eb71d97c29,0913cdce793684e52bbfac69d87e91fd,canceled,2018-01-25 13:34:24,2018-01-25 13:50:20,2018-01-26 21:42:18,,2018-02-23 00:00:00
67ba689f4426cad886c40eaf487258b1,70adc37c97e196449a2b5dd84465c4b3,delivered,2017-12-11 08:19:59,2017-12-11 08:32:31,2017-12-11 20:12:26,2017-12-20 20:29:02,2018-01-09 00:00:00
9a7c4a07a4b1d502cdba82f5b60123ab,8df60f4b5c7991242bdbde7c034f2057,delivered,2018-01-25 00:27:59,2018-01-25 00:38:25,2018-01-25 23:52:14,2018-02-14 16:48:46,2018-03-02 00:00:00
7d3d0586319a920f50ceec0a5a9eaf55,e46ace8865b4cacb79e81b14663ebeb3,delivered,2017-03-01 16:04:38,2017-03-01 16:15:23,2017-03-02 14:18:45,2017-03-14 09:53:43,2017-03-24 00:00:00
0417dce62cd5791d3d0005ca971b2ba7,b0962d2b8c090ec26077939595a5b00a,delivered,2018-03-19 05:02:28,2018-03-20 03:28:33,2018-03-22 19:29:44,2018-04-06 00:29:32,2018-04-12 00:00:00
45b0a671da62d1c868294b22b4837dca,790cbac97e71291719b52249d721519f,delivered,2018-01-22 15:35:47,2018-01-23 15:37:23,2018-01-25 12:22:38,2018-03-18 13:58:24,2018-02-19 00:00:00
c79a29817509b8122a3b3c3a24414866,d08fb3f54daea61a14946491f8cd4ad2,delivered,2017-10-11 13:57:07,2017-10-11 14:14:20,2017-10-11 20:29:03,2017-10-17 21:47:40,2017-11-06 00:00:00
779c166cb7fc9e9827102ea44e43b6c7,b9ba7233b3513f870b7ac3a5e0130234,delivered,2018-03-10 20:50:37,2018-03-13 03:50:41,2018-03-14 18:45:24,2018-03-27 20:47:25,2018-04-02 00:00:00
914e96369a010ec52a412b9d6a499e57,4eaea066b56bb518dd5180bfc10c6630,delivered,2017-09-21 15:43:41,2017-09-22 04:32:51,2017-09-22 19:53:24,2017-10-02 19:03:45,2017-10-17 00:00:00
a9de753e089dd4dadf7d3efa954e26c5,33d8e7921924c3b75975500363ac32ed,delivered,2017-05-27 03:23:02,2017-05-27 03:30:07,2017-05-30 14:31:45,2017-06-07 13:51:06,2017-06-27 00:00:00
8d52f577ba7567489fd16d17e594616d,e773252cc3222d0c3ae7694b271e2e32,delivered,2018-03-14 21:15:33,2018-03-14 21:28:38,2018-03-15 16:07:47,2018-03-19 23:27:23,2018-04-02 00:00:00
966d505c98ea667c11343331a5d67722,26b32bdec947c658c37dcfca2859bdf0,delivered,2017-08-03 19:48:22,2017-08-05 03:03:11,2017-08-16 19:05:25,2017-08-25 20:05:10,2017-09-01 00:00:00
96baca12064c33aaee05b2a4be3f3f2c,8b9918302ae3090aa6f372883638268f,delivered,2018-08-13 14:16:15,2018-08-13 15:24:38,2018-08-15 14:53:00,2018-08-17 20:58:47,2018-08-22 00:00:00
e2366f83c01269762e71b77254a6859c,faf620ef3ae77d18586f3d921d677e18,delivered,2017-05-20 12:41:12,2017-05-23 04:05:14,2017-05-23 14:22:37,2017-06-02 14:27:04,2017-06-21 00:00:00
741219cefb77a5c6acbbecafb6d0e6f5,5c7d83fc8f4fb37ef3efb3e08b693137,delivered,2018-06-30 13:24:32,2018-06-30 13:50:18,2018-07-03 15:16:00,2018-07-20 21:13:49,2018-07-27 00:00:00
8647ff7e5f9536a33f5e6fd7f2c08d2a,f277efbc37718499302b3e189bde8e35,delivered,2017-07-02 15:00:51,2017-07-04 04:05:27,2017-07-05 12:00:33,2017-07-12 16:12:36,2017-07-31 00:00:00
f18f5dcedf8a6caf530bf0cad9937b4f,d48b4e169e5bbf1d2a8a8e74bf4c1f87,delivered,2018-02-26 15:18:18,2018-02-27 15:15:43,2018-02-28 22:22:07,2018-03-19 20:46:42,2018-04-05 00:00:00
d8721b9f395286c3b43ff47a250ad40a,00b2b9682f5c2a1f7cf1312ce6a0ea9d,delivered,2018-08-02 22:09:44,2018-08-02 22:24:21,2018-08-03 10:29:00,2018-08-04 13:38:51,2018-08-08 00:00:00
4fa1b6d5d3ca98e8def932544cc51b90,c66b45c4e7a46b471b18da7f3f7a2e3b,delivered,2018-03-11 18:52:10,2018-03-11 19:08:09,2018-03-13 00:12:33,2018-03-14 17:26:39,2018-03-22 00:00:00
4d81d50f72f166b704ba664c8a1ddbd6,2d143929faefe132157fe22c40f72978,delivered,2018-04-04 10:40:21,2018-04-06 03:28:27,2018-04-09 22:51:52,2018-04-16 22:52:41,2018-05-02 00:00:00
3a6be3906d26bffb0ee2c640eb2ac480,f6fae9d4a652ea92e78dbc6956e0c0b8,delivered,2018-04-23 17:41:34,2018-04-24 18:34:54,2018-04-24 19:22:41,2018-04-27 21:44:40,2018-05-16 00:00:00
f64dd636875aef9058782fc05a867ec1,68420570763989d8da614b8da4c5c102,delivered,2017-10-25 20:00:39,2017-10-25 20:14:16,2017-10-26 18:25:54,2017-11-06 20:38:46,2017-11-22 00:00:00
84d6d9710c8af32b5e88f2d1c14ab871,1099d033c74a027a78c1d26e1de9c8ad,delivered,2018-01-27 22:09:48,2018-01-27 22:35:25,2018-02-02 14:44:52,2018-02-06 19:35:01,2018-02-14 00:00:00
08bdbdeaf1626720051193300f93806e,7a3bd3b37285f0ab25983420cbd01f4e,delivered,2017-03-09 16:43:40,2017-03-09 16:43:40,2017-03-10 13:06:01,2017-03-17 07:07:44,2017-04-03 00:00:00
86674ccaee19790309333210917b2c7d,1b338293f35549b5e480b9a3d7bbf3cd,delivered,2018-08-09 11:37:35,2018-08-09 14:35:19,2018-08-10 14:34:00,2018-08-14 18:51:47,2018-08-22 00:00:00
c6512da3ccb5263223de71b8888d4db1,d6e565ef81b0c1256bf8276040252672,delivered,2018-07-04 11:38:50,2018-07-05 16:40:14,2018-07-04 14:29:00,2018-07-06 17:18:32,2018-07-17 00:00:00
ceff6079b4931d865da8fad5286b30a6,e19cb9865a8f3c724df27b3397c68bd2,delivered,2018-01-18 20:07:53,2018-01-18 20:19:27,2018-01-19 15:29:25,2018-01-25 19:03:42,2018-02-08 00:00:00
27dc63ff0d925a8edb761ba595e543ef,85e3bad84251738643dbfdc9baa3e535,delivered,2017-09-26 15:15:34,2017-09-26 15:28:16,2017-09-28 17:23:06,2017-09-29 12:21:49,2017-10-11 00:00:00
2b8cfbbc8cc119621295c6a6028fa7da,f11a663853dc243e55733d1fb954a8e3,delivered,2017-04-30 11:21:39,2017-04-30 11:35:18,2017-05-03 15:15:52,2017-05-10 13:35:09,2017-05-23 00:00:00
b9b690e003beef9acdde2502dfc565e2,c465c80b3a11995fd2890c759421a7df,delivered,2017-07-30 17:48:59,2017-07-30 18:05:06,2017-07-31 19:30:01,2017-08-03 21:35:43,2017-08-18 00:00:00
7ca4e50d72a12009d398a335125b4871,0f9863eaf7169595f5a7699580ea5695,delivered,2017-02-07 11:44:41,2017-02-07 11:55:23,2017-02-08 11:29:50,2017-02-14 11:47:50,2017-03-16 00:00:00
5e4c365dd3cf7769a88981f408d069d3,15f7712bb12fe27068e5353d14503653,delivered,2017-11-21 21:31:09,2017-11-23 02:47:29,2017-11-28 23:33:04,2017-12-23 16:13:34,2017-12-12 00:00:00
3bc5517fcadd466c8f345fef8e529e95,11ce99b70d1025e5fc5e7a9237c529ab,delivered,2017-10-25 10:53:26,2017-10-26 03:08:28,2017-10-27 22:58:49,2017-11-13 19:37:51,2017-11-21 00:00:00
d0bec96aad189992b278688279ba1511,f4302056f0c58570522590f8181de2c7,delivered,2018-05-08 21:04:16,2018-05-08 21:15:28,2018-05-10 18:29:00,2018-05-21 13:06:35,2018-06-05 00:00:00
906aae501a08de5072a4db9471da01a9,b8db3ed2d28a258de61b1db21e042868,delivered,2018-02-19 22:35:48,2018-02-19 23:47:21,2018-02-21 21:45:39,2018-03-01 14:49:12,2018-03-14 00:00:00
ee89958a185022844bd25342c31208bc,59e64c4606d914bfa86bcf280f16bfeb,delivered,2017-07-10 08:38:43,2017-07-10 08:50:14,2017-07-11 22:04:16,2017-07-17 20:07:46,2017-08-08 00:00:00
4cf225bc6f9bf421b97987161b23cc57,aff70ffc7417c17ae1c223c119d2a4d7,delivered,2018-08-09 22:38:41,2018-08-09 22:50:14,2018-08-22 14:12:00,2018-08-27 16:41:46,2018-09-04 00:00:00
4ad1105e12f275c3475462d6811caf8b,45706797a925907d4ba536fb8c1e909a,delivered,2017-10-04 19:47:07,2017-10-06 09:39:35,2017-10-09 20:20:18,2017-10-30 20:21:07,2017-10-31 00:00:00
4091d93f24146cb228adc17dad467e8f,388305bba4b367ce3be7023f6edaeade,delivered,2018-07-17 20:00:31,2018-07-17 20:15:08,2018-07-19 12:40:00,2018-07-24 21:51:36,2018-08-03 00:00:00
efb6d19e3c56fa371d59421e45e53a49,e674bf9e1fd5863bbb4c72f95fdba39f,delivered,2017-03-22 09:02:29,2017-03-22 09:02:29,2017-03-22 11:29:34,2017-03-27 14:10:43,2017-04-12 00:00:00
105c228ee2f7c9c2a32d22cd2f8c8e69,e62a5e94613727832702b23913c1d649,delivered,2018-04-22 13:03:35,2018-04-24 18:27:56,2018-04-24 21:12:25,2018-04-25 22:14:29,2018-05-10 00:00:00
9a45c6dbf2fc4848e0a8883d4efe827c,a455f91b7ce36ac2eee4d8c54a05946c,delivered,2018-05-21 08:20:00,2018-05-22 07:55:07,2018-05-22 15:48:00,2018-06-04 18:06:32,2018-06-14 00:00:00
f72c493e7f65e42101baca23c7c2fd90,015bbed5b941c909ebf091ead5eb2a05,delivered,2017-07-27 18:04:06,2017-07-27 18:23:46,2017-07-28 17:10:09,2017-08-03 19:32:57,2017-08-18 00:00:00
d51b2f84d150215cc2dedd0b60308876,ef1de028f62249d1a7127ff7287a6f54,delivered,2018-02-19 14:16:27,2018-02-19 15:00:20,2018-02-20 19:22:39,2018-03-02 17:31:31,2018-03-14 00:00:00
cee9f1845c95efd83885a0b2f7a22b83,4d47b7a61cf3d32d4ec12b531a57539b,delivered,2018-07-29 12:47:00,2018-08-01 16:31:40,2018-07-31 15:00:00,2018-08-03 18:20:55,2018-08-10 00:00:00
4b80b55b32a3549ec05578e46a0f4021,c4184e264c25f060e2022b22c098ab18,delivered,2018-08-12 15:54:57,2018-08-13 15:50:17,2018-08-14 15:25:00,2018-08-22 22:04:10,2018-08-20 00:00:00
27b47ff9a743a8a7404a2f8c1037dec6,826c02f105be443173bcffb209476da7,delivered,2017-02-17 19:52:15,2017-02-18 19:55:11,2017-02-20 06:43:35,2017-03-08 12:14:36,2017-03-30 00:00:00
a7737f6d9208dd56ea498a322ed3c37f,3c18db09bbaf1ef66e568bc610fc3e9f,delivered,2017-10-23 23:35:39,2017-10-23 23:49:29,2017-10-26 18:34:07,2017-11-06 18:33:17,2017-11-16 00:00:00
62299c8f38bd519b17ca538c3232004b,12097fd2d4e0e9dd4fe1dff039f63b70,delivered,2017-07-09 23:32:06,2017-07-09 23:43:14,2017-07-12 18:27:45,2017-07-14 17:47:39,2017-07-31 00:00:00
0d17a5f9272e9cf9e9883f404fc61edf,3702c8f6ec51b4c67a7c73594f30fafe,delivered,2018-04-06 09:04:13,2018-04-06 09:15:13,2018-04-07 01:16:48,2018-04-09 15:38:50,2018-04-23 00:00:00
6dab6db52d5bc33fff997ca478ef2f5c,b83ce55fac1144714d63a72e62ed51e7,delivered,2017-04-12 11:02:29,2017-04-13 02:45:33,2017-04-13 16:49:05,2017-05-09 06:35:53,2017-05-16 00:00:00
e5858127da61f07285827883e605254b,bcd15e6f5399f2899de4482cf6783dae,delivered,2018-06-21 15:42:55,2018-06-21 16:00:04,2018-06-22 15:23:00,2018-06-25 14:28:27,2018-07-13 00:00:00
31570df15e703d337b7b8a1d1ddcab6b,f94b42a1fbdacb6be65b3f64cd68ce5f,delivered,2017-10-20 14:00:10,2017-10-21 09:49:15,2017-10-24 21:04:18,2017-11-06 18:22:35,2017-11-16 00:00:00
ad133696906f6a78826daa0911b7daec,e6f5b234bb0d847f10eebd70130c5d49,delivered,2018-06-15 15:41:22,2018-06-15 16:19:23,2018-06-15 14:52:00,2018-06-22 18:09:37,2018-07-18 00:00:00
1342ab50383d7471a3bfd75ca93d38d6,a31f3b93bfe2d5bd18745603e3e537c5,delivered,2018-08-23 14:56:46,2018-08-23 15:45:06,2018-08-24 11:59:00,2018-08-30 15:06:32,2018-08-31 00:00:00
1cd4fb5e05e05b44a8a827fd5187095c,40b2c0070ab6f34ad350cbfb37d7a64b,delivered,2018-01-13 17:59:46,2018-01-13 18:09:23,2018-01-15 21:12:29,2018-02-02 23:33:20,2018-02-14 00:00:00
b760d6b613bc2bca107e3c852501e649,7cab83679b4b4b94a7783cddb27224f2,delivered,2018-01-31 20:45:16,2018-01-31 21:09:44,2018-02-16 19:28:59,2018-02-25 15:33:14,2018-03-05 00:00:00
56a9371475e5344f96ca0933a17215ea,a31d81182a35974e456ae872e2fd62bb,delivered,2018-04-29 15:13:57,2018-04-29 15:34:47,2018-04-30 12:10:00,2018-05-07 18:51:54,2018-05-24 00:00:00
564a38ee15a841a89a3e5c64fc8c0ce6,e200b9823371b1da02a7ac74702a1f3a,delivered,2017-08-30 17:49:11,2017-08-30 18:07:38,2017-08-31 14:26:42,2017-09-06 22:42:22,2017-09-21 00:00:00
19e234aee52e37132b0b4fcfb8465f88,9801a1119c91032c99a15a846d4f5aa0,delivered,2018-06-04 22:44:24,2018-06-04 23:10:31,2018-06-06 13:12:00,2018-06-12 19:03:21,2018-07-05 00:00:00
798b9fc552a89606eb4d38b1f8a4760e,3c2317ef8102b203b9857304ca808858,delivered,2017-06-06 11:40:14,2017-06-06 11:50:23,2017-06-09 11:56:02,2017-06-26 13:29:54,2017-07-13 00:00:00
a58d74cd27d1a011ef6d4876466cee70,5b79686b44ff3de0d593d16b9e98484e,delivered,2018-04-01 13:54:37,2018-04-01 14:07:45,2018-04-03 19:44:26,2018-04-12 21:12:11,2018-04-23 00:00:00
511da260161b881c22b3608bed0044e5,976413d083d598716701e20d0cd9d56b,delivered,2017-08-27 20:44:40,2017-08-29 04:50:11,2017-08-29 18:26:57,2017-09-14 23:00:42,2017-10-03 00:00:00
34c194055d9ef88a32906284191174df,af86c43027ee9c1f73233d9d55783c00,delivered,2017-04-08 13:01:30,2017-04-08 14:05:10,2017-04-10 10:41:28,2017-04-12 10:26:31,2017-05-04 00:00:00
c46deef64dc8913af348b596ff4fc40d,485e5344b94b80fc5ed918cc14a7414e,delivered,2017-12-11 12:49:55,2017-12-11 12:58:25,2017-12-18 19:18:19,2018-01-04 11:25:01,2017-12-28 00:00:00
72bd19ef4fa285334b95bda01a3718c7,df0aa5b8586495e0ddf6b601122e43a1,delivered,2018-05-09 13:01:24,2018-05-09 13:11:21,2018-05-11 14:03:00,2018-05-16 16:58:37,2018-05-25 00:00:00
db65bf4cccb652a88bf890bd8a69cdc8,a3fd85d47dab4959cc2103f846c3de65,delivered,2018-02-23 20:39:32,2018-02-24 14:50:23,2018-02-26 19:08:12,2018-04-02 19:38:31,2018-04-03 00:00:00
9b4d44f88d31a9b5149bba90b6fb7b7d,36ab33aeafca98cf78d91fecb98faf0d,delivered,2017-11-27 11:07:56,2017-11-27 11:19:22,2017-11-29 00:07:10,2017-12-05 20:40:03,2017-12-29 00:00:00
74016effecaa79d592487f6a4ee47d4b,6cf4840b6dfe102270032fca98880fc2,delivered,2017-02-18 10:39:14,2017-02-18 10:50:16,2017-03-07 15:19:06,2017-03-21 08:37:58,2017-03-21 00:00:00
7f63d30a32c2ef0e63febfbc91b9a132,9f258623281e8e6c74463a67f640c4c5,delivered,2018-01-11 22:57:36,2018-01-11 23:10:23,2018-01-12 21:41:46,2018-01-30 17:28:51,2018-02-01 00:00:00
8187896518689722d7c05bfbaeed0933,c499f24d5aca03c90fa6ee05d32d0988,delivered,2017-11-29 14:11:10,2017-12-01 11:31:32,2017-12-01 18:11:50,2017-12-26 19:22:50,2017-12-22 00:00:00
d74283a9b897322afe09916280aca43f,ab03bccde4f2b55784632db691ee3fab,delivered,2018-05-17 19:06:09,2018-05-18 00:55:43,2018-05-18 15:09:00,2018-05-23 14:25:13,2018-06-01 00:00:00
00b1cb0320190ca0daa2c88b35206009,3532ba38a3fd242259a514ac2b6ae6b6,canceled,2018-08-28 15:26:39,,,,2018-09-12 00:00:00
845f40ca6f1b315562f20fd125f93330,a8d44d89ce95add58cf1e8a2f41304a0,delivered,2018-07-01 22:27:13,2018-07-01 22:49:58,2018-07-02 14:24:00,2018-07-06 17:57:55,2018-07-31 00:00:00
7032fb16c3a9d982c9aa86f47cefdd3e,d946aedc7ae05f2259b2c2f9342e6272,delivered,2018-04-02 10:08:40,2018-04-03 05:08:28,2018-04-04 17:13:30,2018-04-05 18:20:58,2018-04-12 00:00:00
b98a5e1f2c386eb67df00a633c98848e,56fa5b86733fcb9203489a4b36c6c73f,delivered,2017-10-09 15:55:37,2017-10-09 16:14:19,2017-10-10 15:50:19,2017-10-11 16:52:58,2017-10-23 00:00:00
9e6bc602a2466daa94736f31d1319c5d,8338cddb98bbda6167cbec66540a8942,delivered,2018-05-26 17:57:44,2018-05-26 18:17:59,2018-05-30 13:12:00,2018-06-04 22:35:48,2018-06-29 00:00:00
511629b91fcfb73e2e7ee747102a9ffd,9ccdd15c9060a6ea0d5f0abbb7324022,delivered,2018-01-19 11:57:08,2018-01-19 12:16:05,2018-01-19 21:06:51,2018-01-24 12:08:05,2018-02-09 00:00:00
689624d719c9fffa2c4ff8f71da712e4,62bb7754e891d448d845fec3cfaf1483,delivered,2018-03-28 19:30:57,2018-03-28 19:48:27,2018-04-02 17:13:46,2018-04-09 19:11:31,2018-04-27 00:00:00
e2e8773d11f4499f15349b8f613350a0,b12b0e2d548eb838e2ff04eb9358c293,delivered,2017-02-24 15:13:02,2017-02-24 15:22:14,2017-03-03 08:15:50,2017-03-07 10:27:52,2017-03-17 00:00:00
ec9b762e44b1848fb62eab0de58e8abf,41712835c53897cb2647acd1022588dd,delivered,2018-08-02 14:43:34,2018-08-04 04:11:08,2018-08-07 10:34:00,2018-08-11 20:24:28,2018-08-13 00:00:00
0cce1e1470bc8d35d6a2bebb6991bc1b,6561ef6306e6369b42177e51ddcc35ef,delivered,2018-08-03 13:37:28,2018-08-03 13:50:20,2018-08-07 13:37:00,2018-08-16 21:03:23,2018-08-31 00:00:00
4c342c53eed805e5712a130cccf665ee,fa3b701e87d5470f0caa38474274f11f,delivered,2017-10-04 21:45:01,2017-10-06 02:25:13,2017-10-06 19:28:49,2017-10-17 20:47:50,2017-11-06 00:00:00
fdd770b5f85e6ce0b1b549e331d424f5,cee874c9e449571c0663ade1be67d070,delivered,2018-06-20 22:53:23,2018-06-21 01:17:21,2018-06-22 13:57:00,2018-07-03 22:08:11,2018-07-20 00:00:00
43439c4b45b39d5a7d27a31d6cebe43c,8bac5a019b1653cad759a1e8b64e580b,delivered,2018-01-06 16:26:49,2018-01-09 07:16:45,2018-01-10 15:24:51,2018-01-26 21:55:07,2018-02-08 00:00:00
936a3fe5b1a1e04018a9c33a62c73ad7,438843431aab8910d758e33a5b972f8e,delivered,2018-03-25 00:57:28,2018-03-25 01:10:45,2018-03-28 16:07:44,2018-04-03 17:42:35,2018-04-16 00:00:00
f62e6208120b502c087a5bbd9b2567e4,48430ed054d8d4f37f6ee4f17bb2d920,delivered,2017-08-16 16:32:17,2017-08-16 17:50:11,2017-08-18 13:24:31,2017-08-24 20:52:30,2017-09-13 00:00:00
3ff220e93d03aad9bb6767d90ac0e846,ba827769097443c480330d84fad09494,delivered,2018-01-14 22:48:28,2018-01-14 22:59:24,2018-01-15 16:03:34,2018-01-23 18:13:06,2018-02-07 00:00:00
7b6a7a66fce3298e019fa8bd99a7d4ff,ce8bb2a8b394a2e1ff263be5e3a44d65,delivered,2017-11-19 13:23:06,2017-11-19 13:35:31,2017-11-21 16:51:42,2017-11-24 17:46:49,2017-12-01 00:00:00
d288e92a6be123f2e77f34fafd902464,2be831e199cd5308b6e3ab6f36718526,delivered,2017-11-25 00:22:16,2017-11-25 03:11:59,2017-11-27 23:08:35,2017-11-30 20:55:54,2017-12-11 00:00:00
61460b6c5d52b8e307108f5412907a1c,b4211f38ade936b62d702e56ec4068da,delivered,2017-11-21 15:27:11,2017-11-21 15:36:21,2017-11-23 16:11:31,2017-11-24 22:33:58,2017-12-04 00:00:00
103555765443ee9231d96d107b9f19ae,c9d5ad5e1bac861b42f3fe9af8c1448b,delivered,2018-01-26 16:15:02,2018-01-26 16:34:04,2018-01-30 14:06:09,2018-01-31 21:12:47,2018-02-09 00:00:00
f7c061a1028ca02063801272ba6297f2,5fda6f4e454fb946126e9aaffe44739a,delivered,2018-06-10 20:41:15,2018-06-10 20:57:50,2018-06-11 13:24:00,2018-06-16 17:02:32,2018-06-28 00:00:00
3a25cded45c3f7fe9dee01dceed4a97a,277920f3429fff255e648c241b5447b1,delivered,2017-11-26 21:21:07,2017-11-26 21:33:24,2017-11-28 12:44:33,2017-12-12 18:32:39,2017-12-26 00:00:00
3faea9ccc65ef88c63119314772b5598,0f2ce860d58a0af36c83ac27a7b127fb,delivered,2017-06-17 08:57:25,2017-06-17 09:05:20,2017-06-20 15:30:48,2017-06-26 13:06:43,2017-07-03 00:00:00
8bb0e358b3866146681505153a180c4f,15595427948a23e4ac9abeaae54f9f31,delivered,2017-06-11 16:02:43,2017-06-11 16:40:06,2017-06-12 09:45:03,2017-06-26 16:22:00,2017-07-19 00:00:00
a64f82f41fc81e3678647332227ab689,0f51776dbb5a1682a394339eb85decf7,delivered,2017-07-14 11:27:40,2017-07-14 11:44:01,2017-07-17 17:19:56,2017-07-21 17:04:51,2017-08-08 00:00:00
64834bc188a370357ed08e9eabe5f92e,7f34b35a198ead098d27d13705f084e2,delivered,2018-08-15 22:13:43,2018-08-16 22:10:18,2018-08-22 09:08:00,2018-08-28 22:48:52,2018-09-14 00:00:00
f645bae2cdb36f1fd4b912724fd610a4,8c0e35584a0e33e799e4c9113a8d80cc,delivered,2018-07-25 10:10:53,2018-07-25 10:25:20,2018-07-26 09:16:00,2018-08-03 20:32:23,2018-08-08 00:00:00
b48b62e1c4a6ba9d0590ea31dc623235,63e940c343435c829ce63950da558d7d,delivered,2018-06-12 13:42:31,2018-06-12 14:05:12,2018-06-13 12:07:00,2018-06-21 16:44:46,2018-07-04 00:00:00
08d55c0e173bdfa5770a50a253b1810f,ae5c099e4280d1e1623790fc42494309,delivered,2017-06-27 10:44:47,2017-06-27 11:04:37,2017-06-30 06:07:30,2017-07-06 14:53:23,2017-07-19 00:00:00
c774090f7e672d0718f1ea7e9a3a8590,6b3d95268023f35b096811b8834a3d03,delivered,2017-07-06 20:25:32,2017-07-06 20:43:20,2017-07-07 07:23:07,2017-07-14 16:42:12,2017-08-02 00:00:00
2f634e2cebf8c0283e7ef0989f77d217,7353b0fb8e8d9675e3a704c60ca44ebe,unavailable,2017-09-27 20:55:33,2017-09-28 01:32:50,,,2017-10-27 00:00:00
e2eb25bad1122ea7060e7e1b97feea74,ef115244104b1f97ef5710a0441cab4d,delivered,2018-01-15 14:12:49,2018-01-15 14:30:41,2018-01-19 12:38:54,2018-01-30 15:33:22,2018-02-14 00:00:00
154f3e62bb635300cf9a1d6c4940636d,231033b8c1945ce24e11e3db60faf48e,delivered,2018-06-02 00:36:12,2018-06-02 00:52:25,2018-06-04 15:21:00,2018-06-08 18:15:56,2018-07-05 00:00:00
1d6a2a632c284f1c4fd53baf9e705693,a06cdf060608a4a80705bf5860bc8f58,delivered,2018-03-29 13:40:53,2018-03-31 09:15:08,2018-04-05 00:04:16,2018-04-09 22:42:41,2018-05-03 00:00:00
4aae1a10a22651fe5b76379eb4b34d12,55be46c8eddc7c5709f497060094f66d,delivered,2018-05-13 00:03:24,2018-05-13 00:15:23,2018-05-15 13:57:00,2018-06-05 17:08:30,2018-06-04 00:00:00
e849e2829de302019ae8bd9924055171,de4c2b462c44197b26b6e596865da44c,delivered,2018-05-16 12:43:12,2018-05-17 03:16:20,2018-05-17 13:55:00,2018-06-06 22:33:07,2018-06-12 00:00:00
bf9ff7bda0e211e564cf059ef5649e4e,25bd150ede65776445aa57a87edeb980,delivered,2018-06-12 15:56:30,2018-06-12 16:32:02,2018-06-22 20:15:00,2018-06-28 13:17:47,2018-07-19 00:00:00
c0fcc74d37e499bd4f73ddca4ffb9a64,adba3dd15f1dde0300416deaf8370c4a,delivered,2018-05-11 13:51:46,2018-05-11 14:16:30,2018-05-16 06:34:00,2018-05-21 20:33:55,2018-06-04 00:00:00
8692f02bfa6e672dc1feec8381f8127e,0c5c8c5d9a4416010c6174ee6d8c59cb,delivered,2018-08-17 14:10:38,2018-08-17 14:47:07,2018-08-20 13:48:00,2018-08-27 17:27:52,2018-08-28 00:00:00
ad1ffca90f5325d0f320f2b0f54eb114,535ad20edf8f32252bb8c7786f18df1e,delivered,2017-11-24 16:40:41,2017-11-26 17:16:11,2017-12-13 19:35:11,2017-12-29 14:38:34,2018-01-04 00:00:00
d47849b6270308431459122a2750535b,8541c0582891ea72a5d4ebf29ff85794,delivered,2017-09-25 18:54:30,2017-09-25 19:10:15,2017-09-27 15:38:16,2017-10-03 18:32:40,2017-10-23 00:00:00
49afa8bc01b5b6aa01e875a0785cc7bf,02502a29041f75b4982896ed8ca6e736,delivered,2018-06-10 19:01:57,2018-06-11 09:12:56,2018-06-11 13:45:00,2018-06-22 14:22:44,2018-07-12 00:00:00
1d0acbd3a21cb00b1cede4db748fa0b1,42e6dab95c5c9ff9067a6d954ccdcfbe,delivered,2017-09-01 22:52:49,2017-09-01 23:10:10,2017-09-06 19:06:35,2017-09-15 15:43:38,2017-09-26 00:00:00
81b3ad9d86770e51048835a0f288b162,393337d78fbbb29b0418db20ac54bae8,delivered,2018-06-09 10:09:57,2018-06-12 07:57:46,2018-06-12 13:25:00,2018-06-26 00:27:51,2018-07-03 00:00:00
5e479fe6d021c55b96aa4799e9046634,690d9e177e7d2a54b8d4ad4c08d2b6a4,delivered,2018-03-21 10:18:04,2018-03-21 10:30:22,2018-03-22 00:52:29,2018-03-23 21:52:32,2018-04-04 00:00:00
c4abf2eb2ea936ee6fc6e630b152fb77,d7314e9d240737da330e0f83ac4bd257,shipped,2017-03-09 20:50:46,2017-03-09 20:50:46,2017-03-14 10:01:57,,2017-04-03 00:00:00
3860898db238028285b1e05b5ab31238,2fb25213583070dd575f4d64ceb760d4,delivered,2018-07-19 08:45:23,2018-07-19 08:55:29,2018-07-19 14:45:00,2018-07-24 23:08:38,2018-08-08 00:00:00
4254f084673c8b5d85ad824fae3aa522,dc0617ac29c280d79e4e2930274342ed,delivered,2017-08-11 21:01:02,2017-08-12 20:55:11,2017-08-16 19:09:23,2017-08-17 17:51:59,2017-08-25 00:00:00
99c0817d6ecd5fe55d21540917f1f5f9,9ec73448134f871bc7bdfdfd444813eb,delivered,2017-01-26 11:51:38,2017-01-26 12:02:09,2017-01-26 12:33:59,2017-02-01 12:14:10,2017-03-06 00:00:00
67d8f4eb477222d7b5b81daa8e007bdd,fb591f7ec5d9419e5a7de2353a87f06b,delivered,2018-05-10 11:15:21,2018-05-10 11:51:32,2018-05-11 09:41:00,2018-05-16 16:36:44,2018-05-24 00:00:00
6082358a7c7ac731b66ba978a6bb4442,74cba9ad182f87192847d942abdd259d,delivered,2018-06-28 12:22:47,2018-06-28 12:35:09,2018-07-03 13:25:00,2018-07-11 13:48:21,2018-07-26 00:00:00
61f4d740ca1d5469d7aeb49f65719f3f,61bb85d582b5ccd1865eda014f0825c7,delivered,2018-08-03 19:03:39,2018-08-03 19:15:17,2018-08-06 14:51:00,2018-08-07 14:57:28,2018-08-08 00:00:00
9115302ab0ba4c1f3499709b47bd00a1,123d6a7316b4ab48074d72948fd412da,delivered,2017-11-03 10:57:36,2017-11-03 11:10:56,2017-11-06 21:15:34,2017-11-16 13:58:45,2017-11-24 00:00:00
114b8cdf01e21ff5631995283f233d67,cb19b8f038fca823ee236d2b4cb2c4c1,delivered,2017-10-22 18:16:11,2017-10-22 18:28:16,2017-10-25 18:57:34,2017-11-07 19:57:34,2017-11-21 00:00:00
1d554a2374156f36bdb7e0e6dbcad2d0,7c5e43a858e70710d676a6f70d4f02aa,delivered,2018-07-19 17:24:35,2018-07-19 17:43:42,2018-07-27 14:04:00,2018-08-02 00:17:47,2018-08-06 00:00:00
8afe6304c5643864e2b19153a205ae5e,074d070b1ed0835cb29a609475f41fcb,delivered,2018-01-31 18:29:28,2018-02-01 02:52:22,2018-02-07 23:55:28,2018-02-14 19:48:48,2018-02-16 00:00:00
33cfd07a622a67d9cd660aa9177b909f,bab96d089beddb1b1823284d30825a56,delivered,2018-04-12 12:37:01,2018-04-13 12:50:49,2018-04-16 20:12:46,2018-04-18 20:22:50,2018-04-30 00:00:00
1ac4c8f4bb93ff8b5f87ff821298a59b,2680dc46f78c878b1276273e01432bac,delivered,2018-07-27 13:32:22,2018-07-31 04:10:12,2018-08-01 10:38:00,2018-08-06 22:49:46,2018-08-10 00:00:00
5039c86e0392fa512d40a377555e64c3,48b660b079942ad4f15f884ef1a16871,delivered,2017-03-03 00:14:01,2017-03-07 04:15:31,2017-03-07 09:51:26,2017-03-20 09:48:49,2017-03-22 00:00:00
062d3e3b803bd3e569cf8c165602f8f4,84d818ae645c84264965bc603b1d173f,delivered,2018-06-25 17:26:38,2018-06-25 17:57:45,2018-06-26 11:28:00,2018-07-05 17:28:53,2018-07-26 00:00:00
8c62c4d7adc71858b6b2751c0e3b96e8,8183bc209961160c9462b9007e7ae910,delivered,2018-05-07 22:38:02,2018-05-07 22:52:39,2018-05-09 11:21:00,2018-05-16 15:58:49,2018-05-28 00:00:00
89b5845c9341e01e139bfc80ad813feb,294f9b2dd014db206f3af9ecdc0dee53,delivered,2017-10-01 22:30:44,2017-10-01 22:56:13,2017-10-02 12:29:05,2017-10-09 19:00:05,2017-11-10 00:00:00
745e1d4a7f8c4b548881788d4113bb1d,7198d7088442e4ddfe553353d8ddc957,processing,2017-11-17 06:34:36,2017-11-18 02:15:40,,,2017-12-12 00:00:00
5108acfe22756c07a696f4ff210790a8,b8245bf3278e6f2d8144c2b23a0b424c,delivered,2018-05-20 21:48:53,2018-05-20 22:18:26,2018-05-21 14:24:00,2018-05-22 15:13:21,2018-06-05 00:00:00
0e7ad202878ea453373e3ef15835ea33,8422c35d03577f94c15a4eed5504e09b,delivered,2018-03-05 08:58:05,2018-03-05 09:10:26,2018-03-06 20:14:01,2018-03-16 16:18:43,2018-03-28 00:00:00
fc6b29ae668f5c526464fcd19d62efba,9dc4634838a5ef569c6f8869c55f6dcc,delivered,2017-10-13 11:59:28,2017-10-13 12:14:32,2017-10-17 16:23:14,2017-10-25 17:47:12,2017-11-06 00:00:00
11921adcbd013757ba6f287c03929bb4,2ac7740a46d83856d2c51372f27c1d03,delivered,2018-04-27 01:41:23,2018-04-27 01:55:18,2018-04-28 07:58:00,2018-05-10 20:22:25,2018-05-25 00:00:00
42c99d4e378b852657e71d810ef1858c,13ab4c98a7678b10d69118bb719e57c9,delivered,2017-11-28 14:56:51,2017-11-28 15:18:52,2017-11-30 19:51:29,2017-12-22 00:14:21,2017-12-21 00:00:00
38dcebae9b5bd88cd2acd6f8f787336d,66a54b482c7228155b832e63722b6f86,delivered,2017-10-09 10:58:34,2017-10-09 22:26:34,2017-10-13 13:58:48,2017-10-24 19:53:13,2017-11-10 00:00:00
4ceb9336411700f9568db2ef11bda594,60582a6628af83a283474d8c94e3ff7a,delivered,2017-01-19 22:41:52,2017-01-19 22:55:17,2017-01-20 16:27:58,2017-01-26 13:57:59,2017-02-17 00:00:00
f4f88d0fded20ff7a60fb80ccdd533d2,b891f5d42cbbd6d0d2e82eda1b48658c,delivered,2018-08-04 22:18:12,2018-08-06 08:44:39,2018-08-15 09:16:00,2018-08-20 23:25:22,2018-08-20 00:00:00
ee64f23a1a4a4ec65bf0295652f91d5a,03c55d79b75dda6cb2a2f1568708a446,delivered,2017-06-27 22:14:25,2017-06-27 22:31:31,2017-06-28 14:57:58,2017-07-03 15:52:10,2017-07-21 00:00:00
695e141b92a0f2bc8a7bff7d621692ed,0e9c3be1592c050d343700ba21b7f806,delivered,2018-05-12 12:33:03,2018-05-15 03:55:47,2018-05-15 13:50:00,2018-05-21 17:08:50,2018-05-29 00:00:00
e2b405a4cccf1e66eb8d2b73a4bba700,6af12e8e6fdd92d3e49abf9eac301d63,delivered,2018-06-02 09:23:01,2018-06-02 09:35:22,2018-07-04 06:38:00,2018-07-09 18:51:08,2018-07-26 00:00:00
6b82527b954e1c022661d8827cd5ff2f,0893dbf96f705f3a68f0212b3d2cdec4,delivered,2018-01-06 10:44:15,2018-01-06 10:51:23,2018-01-08 22:19:36,2018-01-11 15:39:20,2018-02-14 00:00:00
c94206a6d6698d5852b7e9e14bdc2e79,0881e1574aa6b621c551a421297af5b8,delivered,2018-06-25 12:06:07,2018-06-25 12:15:25,2018-06-28 13:57:00,2018-06-29 19:24:41,2018-07-05 00:00:00
2640506a4584f571430195e2fa215406,38f63d5e41d4edd85614e2297502aec8,delivered,2017-09-01 15:33:09,2017-09-01 15:45:34,2017-09-06 19:49:37,2017-09-27 18:25:49,2017-09-27 00:00:00
e1ccac2f83d9ae0c22cd16e9573c3f5c,d3d7dd13a66c2d1362de5251fdbebef2,delivered,2018-01-16 17:55:45,2018-01-16 18:12:06,2018-01-19 01:22:59,2018-01-25 12:44:53,2018-02-08 00:00:00
e16a85342c3b94f91ab4233c71168786,0b0e95b0351bae7addd465ea17e4e4d9,delivered,2018-06-19 19:32:50,2018-06-19 20:16:17,2018-06-20 08:10:00,2018-06-26 22:06:56,2018-07-17 00:00:00
5e5c29987bbb83ed38c9b25a753f978f,65060b85a336b487c0fe7d42d64b3b99,delivered,2017-05-29 10:01:22,2017-05-29 10:10:18,2017-05-29 14:47:28,2017-05-31 13:35:46,2017-06-21 00:00:00
0d7839b143597f84b086c444ef9ebbe4,6ad62864f75d24638cab4e7bcdd9972a,delivered,2018-06-13 19:47:40,2018-06-15 02:17:31,2018-06-15 11:03:00,2018-06-20 18:48:35,2018-07-04 00:00:00
2ba9fa7ab61d7528fd77a35c436e7bff,42ebb2540882b272d9e0e452e2464e7e,delivered,2018-02-18 21:43:25,2018-02-18 22:46:46,2018-02-20 01:36:51,2018-03-08 18:48:57,2018-03-12 00:00:00
fc302964719b32d2f8512770e87ff7fd,ed0031841a4c57502d36d9460a7e23e2,delivered,2018-01-11 21:34:06,2018-01-13 02:08:59,2018-01-20 01:07:27,2018-01-24 16:02:38,2018-02-09 00:00:00
5d3459c901e4e1e7b9dd18e09e498131,1fb576ee9524811fa8c09e5c9b6c39ce,delivered,2018-08-22 00:51:48,2018-08-22 01:05:14,2018-08-22 14:01:00,2018-08-29 23:12:06,2018-09-03 00:00:00
0fe8aad910ff05e73b0ddb0a89e61b21,100a8d4dd80b65dc63ffb17fdd39ba28,delivered,2018-07-01 20:11:26,2018-07-05 16:02:47,2018-07-03 10:21:00,2018-07-06 18:41:54,2018-07-26 00:00:00
eca3005a4f60ceb77b67a30b74095ddf,faacaffc169c559921845134ab5c59cd,delivered,2017-07-26 09:09:01,2017-07-26 09:22:51,2017-07-31 13:12:01,2017-08-01 15:07:08,2017-08-08 00:00:00
18bb4acb90913593d37049c601660009,591cb16ea1a6d8f7eebd0a349593bea2,delivered,2018-05-01 09:25:32,2018-05-01 09:56:57,2018-05-07 15:12:00,2018-05-18 21:34:38,2018-06-07 00:00:00
07a0bc58f3b841724c5b8c649da441d5,b70e717fe0599c3bf2f69725b26fdf8e,delivered,2018-01-17 16:44:42,2018-01-17 16:52:19,2018-01-25 15:39:01,2018-02-06 19:16:30,2018-02-19 00:00:00
1431ee47e31c27528b8ae56b66689afc,5e43c982ccb91984104e2aaaa062e652,delivered,2017-08-09 18:20:16,2017-08-11 16:15:13,2017-08-14 14:35:01,2017-08-15 22:29:56,2017-08-24 00:00:00
b41c4ee949f1983669e38db1f364b73b,e67100bdd7919f11bbaa485e741c48e8,delivered,2018-01-16 21:29:47,2018-01-16 21:38:31,2018-01-19 19:09:23,2018-01-26 20:21:23,2018-02-14 00:00:00
e0c8a0e62ecd027577c1cfdb38c8f1ee,c77d0b043f408944f858efe328a82738,delivered,2017-07-14 10:38:34,2017-07-14 10:50:25,2017-07-17 14:49:53,2017-07-26 13:33:10,2017-08-09 00:00:00
be9544c2dfb58675d21a0a735fa1d32a,b0e4880c9456f938411b2aa2bc09aa57,delivered,2017-07-21 07:31:26,2017-07-21 07:42:28,2017-07-25 22:11:34,2017-08-21 22:09:42,2017-08-29 00:00:00
731397db58924330b01248c031dc6281,02f0bc4b5ee293031637b7e8d75a5484,delivered,2018-06-03 18:15:19,2018-06-03 18:31:06,2018-06-04 18:11:00,2018-06-10 16:28:43,2018-07-05 00:00:00
59dba471cbd7e791c3bb0d83aa705c49,c6de1ceaec9afb41c51b618211d9f118,delivered,2018-07-04 17:15:18,2018-07-05 16:33:22,2018-07-05 12:46:00,2018-07-07 12:52:32,2018-07-17 00:00:00
797b565b282c371004d602d05ae7d3b2,fb6f154449a5398e2ff6ad8d8c6df862,delivered,2017-10-29 23:11:52,2017-10-29 23:25:37,2017-10-31 15:03:46,2017-11-16 17:58:03,2017-11-30 00:00:00
1e90a410c4be85320d64e5a0cbed9291,7861afc49adafbe05db500f9d1ab534a,delivered,2017-06-14 19:49:48,2017-06-14 20:05:40,2017-06-19 20:14:51,2017-06-23 09:12:28,2017-07-07 00:00:00
6f54535f38d19e0833f980e4604081a3,c6227a9291e7e9a4fe69b48356d4b38d,delivered,2017-08-05 07:34:29,2017-08-05 07:45:12,2017-08-07 18:27:45,2017-08-18 16:53:53,2017-09-11 00:00:00
92ba7c89244ceee45a169b86da9fcada,92ac000d2f928f22b64ae50dc34f652f,delivered,2018-06-06 15:11:03,2018-06-06 15:34:15,2018-06-07 11:19:00,2018-06-11 20:33:22,2018-07-12 00:00:00
0ef89e47a5078a9e54a080d5fa8c9109,4b4be2256ef77aecee551a7a665a7108,delivered,2018-03-08 12:51:13,2018-03-09 12:48:51,2018-03-10 00:21:42,2018-04-09 22:22:43,2018-03-28 00:00:00
9a65fd6f0966e358fbae4d1b54f73ccd,63610193234eccd8f1c33dfc050a1b4b,delivered,2017-05-05 22:10:14,2017-05-06 02:22:17,2017-05-09 08:08:47,2017-05-15 17:12:38,2017-06-05 00:00:00
0cb25b24a27e27dd18273360995e99f4,b03b8bf457533ef245fd5fa2681732d0,delivered,2018-07-23 14:37:05,2018-07-23 16:00:30,2018-07-24 13:28:00,2018-07-25 23:36:35,2018-08-02 00:00:00
92d1d8203d3deb0f8b536250763d8bca,b74f0b9f1edb86da06a9c032d80fd1e8,delivered,2018-08-11 16:39:54,2018-08-12 16:35:16,2018-08-13 09:08:00,2018-08-14 18:28:32,2018-08-20 00:00:00
595f598849d89203c28d05d0fbf3f92e,cefab390926b6fc3de3ca94c82ebb1ba,delivered,2017-09-25 16:38:46,2017-09-25 17:10:25,2017-09-27 17:09:40,2017-10-02 20:55:55,2017-10-19 00:00:00
f45cb38ce99572f3f71de38bebeee589,7b4205ad0699f380983dfbd2f26f67e0,delivered,2018-02-21 14:54:42,2018-02-21 15:09:51,2018-02-27 16:19:12,2018-03-08 14:10:53,2018-03-16 00:00:00
23b0f3febe2a61dfb83ff0ede848d53e,dca34bd8bd2a65a5344e000b1c730937,delivered,2018-03-11 14:33:24,2018-03-11 14:50:22,2018-03-12 22:56:39,2018-03-29 19:58:29,2018-04-12 00:00:00
3ecb666eda6d2ebb9348dfc65c32252c,272abefcdb7e7438a251e6c92f1d5873,delivered,2018-01-07 19:59:42,2018-01-07 20:09:29,2018-01-09 17:23:48,2018-02-03 14:14:13,2018-02-05 00:00:00
6a5f34bb72296c7b4f4a68b6d742d390,2293c004fae6dedf12d1ab452f89f4b9,delivered,2018-07-17 10:34:08,2018-07-17 10:45:17,2018-07-17 14:36:00,2018-07-23 14:28:41,2018-08-03 00:00:00
e8b79ed0b3aa49f3a28b6939a3db249f,1bb3950ed1e67c9b3dbd7d7cd32cbff5,delivered,2018-01-19 17:38:35,2018-01-19 17:57:21,2018-01-22 23:18:46,2018-02-02 20:13:16,2018-02-14 00:00:00
af9ce0d4f36308fcf461b3f497c24bcb,690834a6694434cfb474ee30305154f4,delivered,2018-03-15 09:38:31,2018-03-15 09:50:48,2018-03-21 19:26:57,2018-03-28 21:12:29,2018-03-27 00:00:00
639b603f09b7050c96e56cd03703437b,e4e7850c6c310f0ae9d0abbe26b075e3,delivered,2017-05-01 15:01:03,2017-05-01 15:15:16,2017-05-04 12:02:43,2017-05-16 05:37:50,2017-05-23 00:00:00
e82a48563b753b7df504aba7e01f9faf,bb2c348088e3c1e8d0a922796243a460,delivered,2018-02-09 21:00:12,2018-02-09 21:15:24,2018-02-16 00:22:33,2018-03-05 22:37:41,2018-03-02 00:00:00
81f2ee7669eee05b13906d24d43ebc69,7b0fc6ecc532642ffce9a191715e3faf,delivered,2018-04-03 09:40:44,2018-04-03 10:28:44,2018-04-05 22:31:11,2018-06-01 19:56:25,2018-04-13 00:00:00
0a0e7f9881dffec612b28e2682242574,2df6fa407bea6af2e165b3dc8355d382,delivered,2018-02-22 09:09:51,2018-02-23 02:15:48,2018-02-27 13:13:46,2018-03-18 18:46:48,2018-03-22 00:00:00
f7851f9eb3d5ff0bee53bae976c77c8c,e1ab4ef68ece8b47262868ad281707ea,delivered,2017-03-28 05:56:01,2017-03-30 02:16:08,2017-03-31 07:56:46,2017-04-06 12:42:38,2017-04-17 00:00:00
bef901b8ca3d5b75c2031cbd303e88cc,97f0b42943a89b0d5af2e2924481a1b4,delivered,2017-12-06 23:15:45,2017-12-08 02:54:14,2017-12-11 11:32:49,2017-12-17 18:23:39,2018-01-04 00:00:00
15ade2c7daaa01c998220a2035dd43dd,9d9e0a32046baab34af9079307a57062,delivered,2018-07-20 21:19:31,2018-07-20 21:30:48,2018-07-23 15:31:00,2018-07-26 21:38:48,2018-08-13 00:00:00
7dbad9087d339419eb06d86950842742,aa738cdb72af39e38482fa25b992c67c,delivered,2018-03-09 19:41:23,2018-03-13 04:30:37,2018-03-16 20:42:33,2018-04-19 00:44:44,2018-04-12 00:00:00
164f61f77f7f2a8c90a1e382606d53ba,7b97118bf4df712989568f4b46c0fe88,delivered,2017-11-28 00:06:53,2017-11-28 00:31:53,2017-11-28 21:31:49,2017-12-06 18:03:08,2017-12-18 00:00:00
7a10cbd9fd10b327d327b5efa5b57ad0,5acf0280b9d077d2f2e0e994a64f72ce,delivered,2018-03-12 10:05:10,2018-03-12 10:16:18,2018-03-13 21:18:47,2018-03-22 00:11:53,2018-03-29 00:00:00
c8edbac1d727757b8d8a2fc13303d040,44e70d6accb4fa0246075d5b92350113,delivered,2018-02-23 14:09:39,2018-02-27 05:30:59,2018-02-27 20:22:04,2018-03-07 18:26:40,2018-03-16 00:00:00
43f312594026fc6c67ccf619afe600d1,5cf1b1745fff59660522b4ff7b475374,delivered,2018-02-20 18:03:43,2018-02-20 18:10:28,2018-02-22 00:52:41,2018-04-10 11:35:49,2018-03-21 00:00:00
bc9bd5e4ac265b0e6cac08b3019798eb,b97527f774f4348a051175eefe8e7047,delivered,2018-06-24 19:03:34,2018-06-24 19:20:23,2018-06-25 11:42:00,2018-06-28 15:18:51,2018-07-17 00:00:00
a9016dde97a6a447890dd748aa844b85,75ff064e942910b72e1ab6ddfabdda46,delivered,2018-04-25 16:06:04,2018-04-25 16:53:42,2018-04-26 12:51:00,2018-04-30 13:27:36,2018-05-16 00:00:00
1887b26eba419ce20f6fe34a6f88e80a,23fe51c9d4d1b1cef50c57b3c0babf5e,delivered,2017-04-28 14:20:07,2017-04-28 14:35:15,2017-05-02 13:39:21,2017-05-09 14:27:05,2017-06-01 00:00:00
a9240539eed71e70690ea5a026f9f419,93f44a625d614fc2af27b2bd4ce2874f,delivered,2018-05-05 09:42:51,2018-05-05 09:55:20,2018-05-07 13:55:00,2018-05-11 17:56:56,2018-05-29 00:00:00
70265e39902a914077a038864209d3c6,170724a3dd2c3b4b4e82955564e85f1d,delivered,2017-07-28 09:35:08,2017-07-28 09:50:15,2017-08-10 23:04:42,2017-08-16 19:46:54,2017-08-25 00:00:00
b7a6a74494a5f76ac5f74bc9c1327e5d,10c26a978ab664c211c871097f285a93,delivered,2017-05-24 13:48:28,2017-05-25 03:15:17,2017-05-25 11:46:49,2017-06-01 13:52:43,2017-06-22 00:00:00
00a0116ff15ff973ea16bee881208ae7,89a187407adfc8a32a4d6233a6a237d8,delivered,2018-02-18 16:22:23,2018-02-18 17:27:05,2018-02-19 18:22:53,2018-03-03 00:38:50,2018-03-15 00:00:00
f55ebd23aed37969b6b05ae64bb1f034,f5d89a35cb6ce8c1e7ec7ac20c45f9bd,delivered,2018-06-06 13:51:26,2018-06-06 14:35:08,2018-06-07 14:17:00,2018-06-13 17:41:42,2018-07-16 00:00:00
326247b4caae19ff40a5b56cb9534c6f,9fe7ac7180ac1ee5482b89b07f7b7737,delivered,2017-09-22 19:17:04,2017-09-23 10:44:20,2017-09-29 17:42:56,2017-10-04 16:53:02,2017-10-10 00:00:00
30f0086bfe1b046a524f8acf1d3eaa11,0b9a25915090ecc0db112277977fc2cb,delivered,2018-03-27 14:58:31,2018-03-28 02:48:01,2018-03-28 18:48:45,2018-04-10 16:12:40,2018-04-23 00:00:00
b9499283a775ccfa9da92e6e75e9b4b9,d66a67d5008715c5d0fc4c106d596974,delivered,2018-05-26 21:46:48,2018-05-26 22:17:28,2018-06-06 12:57:00,2018-06-21 14:28:17,2018-07-16 00:00:00
651bd7286b2e17e1e3ea7b644870e429,f4f2d12420b95f9239bcda119491f2d4,delivered,2017-05-13 17:42:39,2017-05-14 06:35:20,2017-05-17 09:32:15,2017-05-23 00:30:05,2017-06-07 00:00:00
ca621c614abfc6d64f4a093ade1249b9,c4333f782a96190eece0b2e3321f4f7a,delivered,2017-08-14 10:00:44,2017-08-15 03:30:43,2017-08-16 12:26:54,2017-09-19 17:53:50,2017-09-12 00:00:00
3821dc9ac1b25bed42324d0885b0a930,dd3926dff45a3459c4bdac0b58a2a0bf,delivered,2018-04-17 21:01:58,2018-04-17 21:15:10,2018-04-18 18:52:45,2018-04-23 18:01:57,2018-05-09 00:00:00
a6fe431baa19e8ce94388a492ac80d35,52fe8f0d46227cecc08e692dbe3c16fa,delivered,2017-11-21 18:37:11,2017-11-21 18:47:28,2017-11-22 19:04:47,2017-11-24 19:21:10,2017-12-01 00:00:00
17ab3523ccdc39226b04bbdd9bbceaad,5c16ae152bd6d026801d16d806b3eaf7,delivered,2018-02-17 18:53:56,2018-02-17 19:10:25,2018-02-22 20:38:08,2018-03-09 19:58:52,2018-03-19 00:00:00
91db217544d0eac98354b11f2f35abcb,c421c11493ae12b2aa0d0e455f015299,delivered,2018-04-29 22:10:21,2018-05-01 05:43:49,2018-05-04 13:17:00,2018-05-14 22:35:00,2018-05-22 00:00:00
97a00daa2a648f9c4b0493e937928b72,e86cb194c0a0517d578d5c412e2aaca6,delivered,2017-10-20 09:51:39,2017-10-20 10:14:20,2017-10-27 16:17:29,2017-10-30 18:45:58,2017-11-01 00:00:00
73eb70779d3a8a4647f8ccf9c43d2623,7bf43e2d079beb839eaff3937bb6fe81,delivered,2017-05-02 21:03:22,2017-05-03 14:15:23,2017-05-05 11:32:48,2017-05-16 12:43:05,2017-06-13 00:00:00
a222e8f1ab02211d0f1b3e374c5e689e,7348a806fb57deff7842f83e1a890931,delivered,2018-03-05 11:09:55,2018-03-05 11:29:40,2018-03-06 00:22:30,2018-03-12 18:56:23,2018-03-28 00:00:00
d010facca14d57e997bf54e52f0ea03b,fa8c1b0cc3867a62150b15d907f94382,delivered,2018-03-19 19:35:39,2018-03-19 19:55:33,2018-03-20 20:41:26,2018-04-04 19:16:39,2018-03-29 00:00:00
b545ba7b0bd67a3128185c7214704319,7e2ca73af071679902a9ba14d7c3cee8,delivered,2018-06-11 14:59:24,2018-06-11 16:31:42,2018-06-12 14:15:00,2018-06-18 16:41:04,2018-07-04 00:00:00
876309add96f9d84db9b2379de836323,a12dfb063d9ba1e0e2f7485b9a7d8987,delivered,2018-03-28 22:51:34,2018-03-28 23:07:34,2018-03-29 16:07:09,2018-04-20 20:06:45,2018-04-26 00:00:00
4b7836c7fde2f69b09ca54addb676d28,5009c471461106bdc79fe8333e03a7a5,delivered,2017-04-09 17:54:27,2017-04-09 18:05:15,2017-04-11 10:35:23,2017-04-18 12:51:41,2017-05-15 00:00:00
f3edc53c0e5bd4a11ddd437dabb01c6b,94fc05ffa6e43f8e072734e06e50e568,delivered,2018-06-30 12:53:33,2018-06-30 13:10:23,2018-07-02 14:40:00,2018-07-05 17:33:04,2018-07-31 00:00:00
c382d84d35f4d874b1f1c372f4bde27c,59168d27c5da6a50e3d1f03d482e80b2,delivered,2018-07-20 09:42:40,2018-07-20 15:05:22,2018-07-23 11:53:00,2018-07-27 11:54:15,2018-08-14 00:00:00
14d5fd67132f83c0c8a9e241e4a7d4dd,f59c3b73fe7833bf53a1be19a6f17c81,delivered,2018-08-04 13:42:44,2018-08-04 13:50:20,2018-08-06 15:05:00,2018-08-07 20:08:51,2018-08-09 00:00:00
66305a754211cca47c3a2a59addf19ba,a629686911e06a8876b4b570375c1710,delivered,2018-07-26 13:59:29,2018-07-27 02:10:13,2018-07-30 13:48:00,2018-08-17 12:41:34,2018-08-21 00:00:00
4bc02ff9a093f3cc4119a960969f5f74,81e002e37c83087d148d2062bb1ba395,delivered,2017-09-06 20:56:29,2017-09-06 21:10:11,2017-09-08 18:47:38,2017-09-18 22:51:39,2017-09-27 00:00:00
ba403fc6762185ac676fa515ce2b1afa,c9444a4e408930bdf5341d081def10d0,delivered,2018-05-17 07:39:35,2018-05-17 08:36:21,2018-05-17 10:30:00,2018-06-05 13:48:32,2018-06-13 00:00:00
c301f64860cec992f8d9c532fb00f867,7cd7d781203890be0d18accf75bd90d5,delivered,2017-10-05 03:54:42,2017-10-06 04:05:54,2017-10-06 17:55:21,2017-10-13 23:35:45,2017-10-24 00:00:00
504ec2b6f69e898c557955750272d563,ba0a799b8a7b0b1a1ac522a0a8839bff,shipped,2018-05-07 21:43:48,2018-05-07 21:54:31,2018-05-08 14:17:00,,2018-05-21 00:00:00
78ab727370e07aaf73b362897c8c6e3d,e8fff6456a357707eba84dae9ef01dd5,delivered,2018-05-16 14:15:12,2018-05-16 15:19:21,2018-05-17 14:36:00,2018-05-23 18:31:41,2018-06-04 00:00:00
edddb585a5c894ef488568334c567e2e,80b86a02fc5a84c2fe32d9884a5f02f1,delivered,2018-08-13 14:34:31,2018-08-13 14:50:16,2018-08-14 13:31:00,2018-08-21 14:32:45,2018-08-27 00:00:00
d0935e6fe51f0d5724f4759cfaa8caf3,03dcea146dfc2ccacbc079ee9a669db5,delivered,2018-03-09 16:41:08,2018-03-09 16:55:34,2018-03-12 23:23:24,2018-03-21 17:38:35,2018-04-06 00:00:00
193f92153e2d2dc57d0052176ef585c0,8a19afec74d4f1f9cb69fe402d98c3b6,delivered,2018-01-20 12:31:43,2018-01-20 12:50:57,2018-01-24 16:14:59,2018-02-10 01:13:16,2018-02-16 00:00:00
a8c3124b7f912401d702018ae0c02b05,3ccb27f9c7ee205656acef98c19fc061,delivered,2018-04-16 20:46:53,2018-04-16 23:12:05,2018-05-08 14:04:00,2018-05-16 00:22:05,2018-05-22 00:00:00
62b2adbcbcf4e28df4b998bfb094f3f9,16474d0d0fb3c08f805bc4de00cea8c1,delivered,2018-07-14 16:32:00,2018-07-14 16:50:19,2018-07-16 13:48:00,2018-07-23 19:01:30,2018-08-15 00:00:00
70c63ecc0f8619ac9ebb83fd52466e64,2e9a3c93d2ff06bffa5cfa7201ab1ec7,delivered,2018-06-29 18:39:21,2018-06-29 18:50:24,2018-07-04 15:18:00,2018-07-09 15:49:46,2018-07-27 00:00:00
c0d0691580b4aefa924ed59260eb09d0,46e2d6b50f8e37ab99e7f2aabcab7b3a,delivered,2018-07-24 15:43:53,2018-07-24 15:55:18,2018-07-25 11:59:00,2018-08-03 17:22:29,2018-08-13 00:00:00
c17b377c10026e36286772008451d021,5a62330b90ef93e8730dbb18880b08af,delivered,2018-02-01 10:02:13,2018-02-02 02:53:45,2018-02-03 10:33:38,2018-02-14 18:08:23,2018-02-23 00:00:00
49e809b11c0445fb0229f28378d3d30d,a5fb3b16bcb08fb9f1290f225390b829,delivered,2017-07-19 13:37:59,2017-07-19 13:50:21,2017-07-26 15:37:45,2017-07-31 18:29:56,2017-08-14 00:00:00
97012c3a032fb57d51f04669419f5a49,a3462eb52c92ce66a03f2eb65b58de6b,delivered,2018-03-18 22:01:30,2018-03-20 09:30:42,2018-03-21 18:43:42,2018-04-02 20:38:32,2018-04-24 00:00:00
7afbe6ef708d0ae150028f52512230ad,f80a9faaf4e610c5a191d4c5d19412ce,delivered,2017-10-01 21:55:31,2017-10-01 22:07:25,2017-10-02 13:58:04,2017-10-19 22:14:05,2017-10-31 00:00:00
b2ec82a4b2d9bf24fc1f5ba0e4883bdc,9fc24442b2e31121b7c8907d33253b97,delivered,2018-06-12 12:21:41,2018-06-13 09:00:46,2018-06-26 12:52:00,2018-07-04 20:32:36,2018-07-19 00:00:00
9d033f810cbd1a45838c0d451bbae981,5366b0fd8d98481e724d2c25b0f6be0a,delivered,2018-04-20 13:07:56,2018-04-24 19:04:06,2018-04-25 04:12:51,2018-04-25 21:12:10,2018-05-09 00:00:00
c6094f6ab0c25eda761622ab09aa423d,69ee62ecc8d2937fca0e1a3d4de5a2ce,delivered,2018-07-25 10:16:15,2018-07-25 10:30:20,2018-07-26 14:31:00,2018-07-30 17:29:34,2018-08-22 00:00:00
6b9b73174454a8a1b0a255b448f5e5bb,84d9369e3431d2b768c1e80c9678041d,delivered,2017-07-05 21:14:49,2017-07-05 21:25:17,2017-07-06 13:23:24,2017-07-12 21:47:59,2017-07-27 00:00:00
0dbcaa88e213607d3795e96eda505c73,0018c09f333634ca9c80d9ff46e43e9c,delivered,2018-07-01 18:07:57,2018-07-01 18:30:25,2018-07-03 14:55:00,2018-07-07 15:47:40,2018-07-20 00:00:00
0a0ae1b561eab534493c5588efc5169c,090ad6d0d50a83c661a31538f2642cdf,delivered,2017-09-15 12:57:46,2017-09-19 03:44:19,2017-09-21 13:49:53,2017-10-04 17:49:06,2017-10-05 00:00:00
02c371100bf54facae80322579c7fefb,ad6f2686bc9a43070103abf4021c6e35,delivered,2017-11-07 02:55:51,2017-11-07 06:31:37,2017-11-10 19:48:03,2017-11-16 21:07:58,2017-11-21 00:00:00
413158eae01863d8624661dc2aafcfce,ae93d71344619ff965081e7e57c94788,delivered,2017-07-29 02:05:15,2017-07-31 17:15:21,2017-08-04 12:34:15,2017-08-15 20:18:43,2017-08-22 00:00:00
ebb9d61c0744305e9172b4265468c17b,d8d9d264aaf6573952ccd477cbd47d87,delivered,2018-08-02 18:09:34,2018-08-02 18:43:49,2018-08-03 14:52:00,2018-08-08 13:39:34,2018-08-22 00:00:00
85df002ba0e8668b282706e73132a0e5,0bdca8cf66b7d24237c048c8992a8b7a,delivered,2017-06-07 21:13:15,2017-06-09 02:23:01,2017-06-09 17:25:56,2017-06-19 14:52:00,2017-06-30 00:00:00
53f3f52eca823461e5ee857dd46fb101,00ee08bd4046a080a8ec38c5e0937372,delivered,2017-10-15 17:27:14,2017-10-15 18:08:12,2017-10-16 15:38:48,2017-11-04 16:42:17,2017-11-10 00:00:00
1e01369b33244af82c1b44d7359da3dc,0c11fa556f26997671eaeb09e029bc73,delivered,2018-05-06 11:40:23,2018-05-08 19:55:36,2018-05-11 14:53:00,2018-05-14 20:02:44,2018-05-21 00:00:00
1ed9fe02b5d745a3397a33415ecd5577,0603e61027d99341d08fa2c64fdf5915,delivered,2018-02-16 20:28:41,2018-02-16 20:46:41,2018-02-19 17:54:45,2018-02-26 14:08:46,2018-03-15 00:00:00
4d8a7251d3f4f82c05c207b52ccd25f3,6ee76c3941b644506c8dc73861add1d9,delivered,2018-08-11 18:52:46,2018-08-11 19:05:20,2018-08-13 14:22:00,2018-08-17 17:04:29,2018-08-27 00:00:00
9320275e627cc0d374f04e77e1ee2f0e,369a3bfbe0d193b57a6906b4f5f93d8e,delivered,2017-07-24 19:22:18,2017-07-24 19:35:21,2017-07-28 11:19:46,2017-08-14 15:31:47,2017-08-15 00:00:00
970bbf79974ba1ef73cc21ee6fe52cc6,7b7f18d5f94e3c25bd66ec35e87383f0,delivered,2018-04-03 00:05:04,2018-04-04 00:09:24,2018-04-13 18:05:51,2018-04-18 23:48:32,2018-05-04 00:00:00
a3f03305225173eb1cf3ea5eeb32e583,74e3e653fa67f92300809f4369b0f8de,delivered,2017-08-31 10:45:07,2017-08-31 11:04:36,2017-09-04 13:14:59,2017-09-11 18:58:50,2017-09-20 00:00:00
7f6ad013a5d4f135c074e96bfa4de9a3,bb78e1ff2a9e97842dc581fc896e161c,delivered,2017-12-22 22:02:12,2017-12-22 22:11:22,2017-12-26 19:57:43,2018-01-09 20:54:08,2018-01-19 00:00:00
fb797aee19d1e438385938cd482027bb,62383c983441809ec8977c644dd37a54,delivered,2017-08-08 10:46:08,2017-08-08 11:04:09,2017-08-08 15:59:35,2017-09-05 18:53:02,2017-09-01 00:00:00
77fc7da5ef4df2c48276ae832072dcf1,a260ca264a1787a1842ced2735bff664,delivered,2018-01-07 22:52:49,2018-01-07 23:07:11,2018-01-08 21:10:13,2018-01-09 15:57:34,2018-01-24 00:00:00
49b9d47f2bb04361f15cf1537390dd60,fb2b3d5e34ae153e59fe64aa930e01d5,delivered,2017-02-07 21:32:58,2017-02-07 22:30:16,2017-02-08 09:10:12,2017-02-24 10:42:09,2017-03-22 00:00:00
f09d0203a51785e9ba9279607c38958c,90abf5b0ac7c7b7bb763da066ca7e60b,delivered,2017-02-13 13:00:36,2017-02-15 02:45:08,2017-02-17 16:03:20,2017-03-06 10:36:41,2017-03-16 00:00:00
d8e44f5b26cd539b50d9be42ecbe5d92,6e58debec4d82dd7dbdc9efdaa2bc43a,delivered,2017-09-11 17:58:12,2017-09-11 18:10:26,2017-09-13 19:13:39,2017-09-15 19:23:25,2017-10-06 00:00:00
b6b7ebd3ab897684bb22eaf084f8f299,073b17ed858e674f538ce7dc938c8e5c,delivered,2017-12-16 00:46:18,2017-12-16 00:54:52,2017-12-18 20:03:12,2017-12-29 21:12:33,2018-01-11 00:00:00
4a1340ea38a829e0ea96cd19d7a0f951,88d808f3083f22381023e9dbb5e99751,delivered,2018-01-21 08:10:23,2018-01-22 13:44:04,2018-01-25 15:47:44,2018-02-08 14:07:22,2018-02-14 00:00:00
ad42f04485e4f6eea616c0cdac1db05c,6aa762e5f01eb065661799c936a23487,delivered,2018-07-31 11:28:37,2018-07-31 12:31:17,2018-08-01 14:00:00,2018-08-06 14:38:36,2018-08-10 00:00:00
1a9a9700a3759028691f3af38138e3d8,6707f7d56127b258c3a93068d0f9394a,delivered,2018-05-20 14:52:56,2018-05-21 16:14:04,2018-05-29 14:04:00,2018-06-06 19:28:57,2018-06-11 00:00:00
b574f97b093ad4bc022f420344327e12,36d39e3b372efc3bbed5188c23d0d1ca,delivered,2018-03-04 11:13:39,2018-03-04 11:29:19,2018-03-09 00:25:34,2018-03-29 20:45:37,2018-03-23 00:00:00
9be42eec91e05104d84b81e71a9e6b81,89232b00f62b63711ba3be0c01a172b0,delivered,2017-10-30 19:03:45,2017-10-30 20:31:37,2017-11-06 22:03:14,2017-11-08 00:14:44,2017-11-07 00:00:00
913ed16681197337e68e936fc28b8370,42a17b496d860f35546c295e70f516a7,delivered,2018-08-03 00:00:21,2018-08-03 00:10:34,2018-08-03 11:38:00,2018-08-08 00:48:42,2018-08-16 00:00:00
e1215367814d0d82c496bf4c6b2ba6f7,fc39afc06082ea33d82e5c4b4c6e94d5,delivered,2017-04-13 20:08:10,2017-04-13 20:22:03,2017-04-17 10:50:46,2017-04-20 15:54:00,2017-05-09 00:00:00
bc52f8f79c3a17b6fd6fff5c63212940,8ea2a72106ace564cfabf220f79491ca,delivered,2018-01-21 21:07:51,2018-01-22 13:59:32,2018-01-26 17:12:21,2018-01-29 20:32:48,2018-02-06 00:00:00
3735720b8c1cd4212fa0866a8e58a049,94af59d9cac1ae1976312584f628ef6f,delivered,2018-05-16 23:08:51,2018-05-16 23:55:11,2018-05-17 11:58:00,2018-05-21 20:50:54,2018-06-20 00:00:00
bb24bc48ede5999f7be893f8d0024291,9b605f1eacf9a8ba0a7902464d6c884f,delivered,2017-08-13 20:31:03,2017-08-13 21:03:57,2017-08-16 19:49:03,2017-08-18 21:29:57,2017-09-01 00:00:00
74e033208dc13a7b8127eb8e73d09b76,72fcbb1145f2889eddcba6d6c1d6c090,delivered,2018-05-02 10:48:44,2018-05-02 11:13:45,2018-05-02 09:49:00,2018-05-07 23:06:36,2018-05-29 00:00:00
bf4f937c279d6f44c375450523ee9383,24fc6ae10363187c6761d4f8ad137cf7,delivered,2017-10-06 08:32:49,2017-10-06 08:49:11,2017-10-09 10:10:05,2017-10-13 16:09:35,2017-10-30 00:00:00
2c9bc10b715272770d51948b929485f7,2ca9b081fd8cf85263e827dffd02446b,delivered,2018-05-03 15:12:22,2018-05-04 15:10:22,2018-05-07 14:20:00,2018-06-07 20:03:26,2018-05-29 00:00:00
554ed79a85b56443912252c580b0ad02,68f20e749722e81e95a294b21b2763b5,delivered,2018-02-24 17:02:37,2018-02-24 17:15:32,2018-02-28 15:55:27,2018-03-17 00:08:35,2018-03-22 00:00:00
5596ba1b51a8d6801a60712a250471a8,c38477a5b6ae3d9b123c14c74e258210,delivered,2017-06-16 15:16:41,2017-06-16 15:26:39,2017-06-17 09:17:29,2017-06-19 21:18:44,2017-07-11 00:00:00
a2bbb88a8a7ebfa655f9172b60fd987f,cd4caa9c8a2fd5517470fe1f3360b969,delivered,2017-12-03 17:04:39,2017-12-03 17:12:32,2017-12-05 19:03:52,2017-12-16 12:47:57,2017-12-28 00:00:00
43f9a3d3e9d95525bfce717e31f72a56,b003d09f32a12bcc00b6ca04d46554e6,delivered,2018-07-11 00:13:33,2018-07-12 03:10:16,2018-07-27 16:27:00,2018-08-04 16:15:46,2018-07-30 00:00:00
68553e9e7b2c06807226ff348142d3ba,8d8ae08c6a8561cd5e932281b2b53855,delivered,2017-08-20 14:51:52,2017-08-20 15:05:14,2017-08-22 19:38:12,2017-09-01 00:23:26,2017-09-22 00:00:00
f44cb69655f8e4d13e7aae7cdd3d3c25,eab62436056c6ce3853a17dd6892951a,delivered,2018-07-13 22:22:57,2018-07-13 22:35:20,2018-07-24 19:07:00,2018-07-25 14:03:41,2018-07-31 00:00:00
f18eb4af9b5b05f1b47b1cb4e4abe4ba,7ba45738393d29e95932601bd28031bc,delivered,2018-06-28 00:27:12,2018-06-28 01:15:16,2018-07-03 14:29:00,2018-07-05 22:17:57,2018-07-17 00:00:00
14bec9a20933b219426d500ca2581dc4,b6e2d2a4ace19ed16fa851d6c9677487,delivered,2018-07-29 15:36:28,2018-07-29 15:50:17,2018-07-30 13:44:00,2018-08-10 21:43:20,2018-08-13 00:00:00
0ec76bccb5366815ac1be29b90db03c7,376085f5d0619f4cc1ea6cc1eb6663d6,delivered,2018-03-02 19:33:49,2018-03-02 19:48:54,2018-03-06 20:04:33,2018-03-29 21:58:54,2018-04-03 00:00:00
2380ca3ffd1097862f0f1f9b8f7c566f,731723e171b17d3d3d478ea3a1f4151d,delivered,2018-05-12 13:38:34,2018-05-12 13:54:45,2018-05-14 12:42:00,2018-05-23 17:32:53,2018-06-06 00:00:00
1c57302ee71281562fa44bc88283e3d1,601b800732110a9e3695e9c454bfa828,delivered,2017-11-30 08:13:06,2017-11-30 08:19:23,2017-12-06 19:49:03,2017-12-18 19:57:24,2017-12-28 00:00:00
fae78da81b7ad4a5389732f61e0264ef,90b17430567733d3e005cc92466c213a,delivered,2017-06-06 18:10:19,2017-06-06 19:15:15,2017-06-08 07:49:57,2017-06-19 21:22:25,2017-07-17 00:00:00
ceb992824b749348734de15eaca939ac,93516ce404b65731cecbd93db7392d33,delivered,2018-04-11 10:58:05,2018-04-12 04:50:07,2018-04-13 21:34:29,2018-04-16 19:46:45,2018-04-27 00:00:00
2f8b697ad1c74526e18a07acd7d7169b,eb19d6117ee958ab1e3e3a2d8b230083,delivered,2018-04-21 14:18:28,2018-04-24 17:27:47,2018-04-25 06:22:00,2018-05-07 18:57:38,2018-05-28 00:00:00
fbf0dfaa84a26a3cbddf314c3362316c,cab4cad0f7657576558c907ad8e307fd,delivered,2017-11-25 01:03:50,2017-11-25 03:51:46,2017-11-27 16:52:07,2017-12-18 18:46:39,2017-12-15 00:00:00
210d1686d116f7589a06e12974814bba,f9a448ce00c793bc273313654d4ac153,delivered,2017-06-19 08:03:22,2017-06-19 08:15:18,2017-06-19 20:57:59,2017-06-25 09:58:05,2017-06-30 00:00:00
4519d054994236d26b04aba27498afb9,fb713deec65d4832addaff1950dee895,delivered,2017-04-11 13:37:00,2017-04-12 02:45:21,2017-04-18 09:28:04,2017-04-27 13:20:06,2017-05-05 00:00:00
afa2c425be2efd14c19b4a0aa62f9b59,2a22ba1cb2f182b16cfd4b7620ea6114,delivered,2018-03-04 02:25:53,2018-03-05 08:15:31,2018-03-06 17:03:46,2018-04-06 19:24:59,2018-03-22 00:00:00
9c30d1a4692fbd9418f2404ada176ccd,c6c138e91cd9b75b300f8d5181f622c5,delivered,2017-11-28 00:37:52,2017-11-28 01:31:28,2017-11-29 19:10:11,2017-12-06 17:57:03,2017-12-18 00:00:00
3562e5cbf3effd83e186fe72ebb92f95,69c2c14480efd86260ca133de7a15868,delivered,2018-02-16 18:35:57,2018-02-17 03:47:14,2018-02-21 00:29:08,2018-03-06 23:07:53,2018-03-19 00:00:00
646e62df54f3e236eb6d5ff3b31429b8,55f35e2e63c2446e9eeea957bbe164ed,delivered,2017-10-20 08:41:55,2017-10-20 09:49:26,2017-10-20 16:19:00,2017-10-25 15:13:48,2017-11-09 00:00:00
7000fce52371834b260a8b6dd57eb419,8b22c8fb9fe2cd131779d2cad4931f09,delivered,2017-02-24 15:50:47,2017-02-24 16:02:42,2017-03-01 13:01:10,2017-03-03 13:25:07,2017-03-17 00:00:00
7388afc4743da7d6e532b7fd086b4357,986c590aed8ad278ffc220f81b2d8e4f,delivered,2017-09-28 08:54:23,2017-09-29 02:14:16,2017-10-05 18:00:09,2017-10-16 19:43:41,2017-10-25 00:00:00
cd664e197521a82f89b34d1af4af7aa0,b5f533f7de4aaed81593a76fcf108929,delivered,2018-03-02 10:01:27,2018-03-02 10:10:51,2018-03-06 00:29:56,2018-03-06 17:41:49,2018-03-14 00:00:00
774b8c52e2dda4cae042a9175258ab1b,f4089d4af6a57725128cafde4c098188,delivered,2017-11-20 12:49:35,2017-11-20 13:07:36,2017-11-22 17:38:41,2017-12-22 18:32:29,2017-12-21 00:00:00
a184881e0110ee6bba45e5ba8287c638,485abc56a464a56ff6e9f9a752ff4308,delivered,2017-10-16 20:22:17,2017-10-16 20:35:29,2017-10-21 12:42:02,2017-11-14 16:04:51,2017-11-03 00:00:00
a0b05780db06986cd81518fc9cc9b34d,e95ac603dd00da603acf38d05e55d781,delivered,2017-11-24 19:58:16,2017-11-24 23:13:19,2017-11-28 16:41:25,2017-11-29 20:37:08,2017-12-11 00:00:00
84cf671bc3869df812c782309ef46a8d,72a4d28238f6eeded6dbeba88988cd6f,delivered,2018-07-18 10:44:11,2018-07-18 10:55:20,2018-07-18 13:25:00,2018-07-24 14:48:40,2018-08-07 00:00:00
117ce86d1ddbcdf65da3ff7fe763ed09,a6f0724c88ff8742ef397186be22c75f,delivered,2017-06-13 23:49:22,2017-06-14 00:55:58,2017-06-14 08:57:59,2017-06-19 20:24:32,2017-07-06 00:00:00
23f1f636dd6189253847462e5ea2e797,358fde222358cdce3408ac3fc3b1d1e0,delivered,2018-01-12 18:14:41,2018-01-12 18:28:57,2018-01-15 17:04:06,2018-01-16 19:56:37,2018-02-02 00:00:00
6bd15a70199a7500ae1bcb5b7bcccd7c,777bf9a904c89700fef785ee2de8c0de,delivered,2017-09-23 16:40:09,2017-09-23 16:55:13,2017-09-26 20:52:17,2017-10-05 19:55:35,2017-10-18 00:00:00
bf7dc4793cf928d5303528934bd9647c,11185d8d8221dfe29861c0c27dfab584,delivered,2017-09-17 11:47:07,2017-09-17 12:09:31,2017-09-18 15:14:14,2017-09-28 13:41:47,2017-10-09 00:00:00
c26545d07aedc265947816ff58acf2d2,55814b1c0dcf038f760c8f30b1b1d430,delivered,2018-06-15 08:26:16,2018-06-15 08:56:20,2018-06-15 14:00:00,2018-06-26 19:41:45,2018-07-24 00:00:00
5c6c22a0e96822517dd3c5ee6cd1fbcf,1188830c8320a8f9abd982d8deb49330,delivered,2018-01-11 22:14:00,2018-01-13 04:55:01,2018-01-17 16:14:36,2018-01-25 21:38:08,2018-02-14 00:00:00
12c35cf2a5171b0fb8e19d60abcb9353,96d3fe655ac136a3575eec6f7bd4d698,delivered,2018-01-21 22:39:40,2018-01-22 14:03:12,2018-01-23 13:11:53,2018-01-25 15:49:02,2018-02-06 00:00:00
dda3e0dbde3a2cd09432650b3634582d,ed7abe2bf6dacb66b55c2bebf0d2adaf,delivered,2018-04-22 20:13:58,2018-04-24 18:37:08,2018-04-24 16:22:39,2018-05-09 19:58:31,2018-05-16 00:00:00
ed1407b1e486fadba3e6cd4460dccd56,d83913dc23a7f3c90ff7a10d1b4bd4c6,shipped,2017-10-22 12:55:42,2017-10-22 13:14:28,2017-10-24 11:46:06,,2017-11-14 00:00:00
7249fd69ae42373a6a357567e41ecc57,c2a3ea344de262f71dfb5d9f83a02adf,delivered,2017-01-26 22:15:22,2017-01-26 22:25:11,2017-01-27 16:14:22,2017-02-08 09:52:05,2017-02-24 00:00:00
4941da6e1a4eef723674c7148152c4f6,5c4fbfda89ecf784397c5a99ec36601a,delivered,2018-06-11 16:49:47,2018-06-12 04:57:47,2018-06-12 15:05:00,2018-06-13 18:39:37,2018-06-26 00:00:00
fe1db39ee392d14b9d8b00c17e02023f,1a38db127bea608981938b7abf53da7b,delivered,2018-06-21 13:17:24,2018-06-21 13:39:37,2018-06-22 13:56:00,2018-06-27 21:06:46,2018-07-16 00:00:00
a6b58794fd2ba533359a76c08df576e3,ccd8e3459ad58ae538c9d2cf35532ba4,delivered,2018-05-14 15:18:23,2018-05-14 15:33:35,2018-05-14 13:46:00,2018-05-19 19:33:32,2018-06-08 00:00:00
3c8876b8e5a484c81a1aa6c8bc4e65d6,e4e69809ae1da631eaa47e73e5f4f641,delivered,2017-09-14 13:25:35,2017-09-15 16:44:24,2017-09-18 16:13:17,2017-10-10 19:42:11,2017-10-18 00:00:00
1767c122a3ee029a66f97b74a2538d2e,d01dc54fcf3bf7bf2fee5926f43e0516,delivered,2018-01-11 14:48:38,2018-01-11 14:57:19,2018-01-13 02:06:00,2018-01-22 21:42:24,2018-02-15 00:00:00
76754c0e642c8f99a8c3fcb8a14ac700,f6c39f83de772dd502809cee2fee4c41,delivered,2017-10-26 09:31:45,2017-10-26 09:49:20,2017-10-26 21:33:09,2017-11-01 21:17:43,2017-11-22 00:00:00
75679c6961aad55f81620d8542166135,0e59972cf69e00897677dfb1445ba420,delivered,2017-11-26 20:26:21,2017-11-26 20:37:58,2017-11-27 17:37:25,2017-11-28 20:29:04,2017-12-12 00:00:00
fe317ce4a7ca2ec5a2cdb56c3e5788b2,dcc865b0a392f4d72458ec0677e1f085,delivered,2018-04-05 13:50:28,2018-04-05 14:09:25,2018-04-07 01:42:41,2018-04-16 19:29:00,2018-05-03 00:00:00
d8f1c1e598fd2b2e9e562c42782e0226,3e6afc2521b10ee0a075d3193467c9f5,delivered,2018-05-15 18:25:54,2018-05-15 18:59:09,2018-05-16 14:46:00,2018-05-17 21:18:31,2018-05-23 00:00:00
411b8901b201804f134429744b17b686,c5bbfe67cb7212c9e6390fcd598caf85,delivered,2017-09-18 18:51:12,2017-09-18 19:05:21,2017-09-21 20:42:28,2017-09-22 15:12:45,2017-09-29 00:00:00
f2bfe1e2b86b6e22866492f4dbd26ff0,80f96051386679183cf545a68d3314c8,delivered,2017-12-02 00:01:21,2017-12-02 00:14:58,2017-12-04 18:06:22,2017-12-20 20:39:26,2018-01-02 00:00:00
2feb60b66471f9985b3f06df1f360f34,7e31ff5a549f128e99d5cf90f3b9a649,delivered,2018-06-05 20:29:13,2018-06-07 02:54:34,2018-06-07 12:30:00,2018-06-20 14:16:32,2018-07-18 00:00:00
ed9ddf13b205161d8ca32de15a50a5c7,0c6402878bcf4a5a361d9008210101d4,delivered,2017-12-03 19:38:53,2017-12-05 04:17:40,2017-12-05 14:52:37,2017-12-19 20:38:23,2017-12-27 00:00:00
0c40dfe4127461031cfea37fb4c63856,812db10465ec8fed84262db66f615f87,delivered,2018-05-14 09:01:31,2018-05-14 09:14:07,2018-05-14 14:58:00,2018-05-21 18:32:37,2018-06-04 00:00:00
7033745709b7cf1bac7d2533663592de,7f0ca17bb33b230b47459437cf0682c7,delivered,2016-10-04 14:13:22,2016-10-04 14:46:48,2016-10-08 14:46:49,2016-10-11 14:46:49,2016-11-30 00:00:00
e6555e78046757613e040b01b153fc1f,3da77d06455b633b2d7e79511d75f76e,delivered,2018-06-02 12:36:32,2018-06-02 12:51:58,2018-06-04 13:54:00,2018-06-05 17:38:48,2018-06-28 00:00:00
c94ad4f97a88391955fc080a1a4e74cb,abefd2db6a344cf871cf42687fb563f4,delivered,2017-07-28 13:47:16,2017-07-28 14:05:22,2017-07-31 18:03:52,2017-08-09 23:45:35,2017-08-21 00:00:00
1dab6cb14267214f76fe292d1a79014c,7e572970d84b6164550e059b22c1bca1,delivered,2018-06-06 08:41:33,2018-06-06 08:55:25,2018-06-08 12:45:00,2018-06-18 14:32:32,2018-07-16 00:00:00
1131444207572a61609f9be4f5308af3,1c9e4589fd7fa6552ce6e19f4e9f1746,delivered,2017-10-24 14:48:29,2017-10-24 15:07:29,2017-10-26 20:59:00,2017-11-03 17:41:33,2017-11-24 00:00:00
5189eca8aa65ca525e4929c6f6a758d1,cb91916ede5670fdd34d3acd31ac21b3,delivered,2017-05-19 20:13:23,2017-05-23 03:25:30,2017-05-25 15:43:49,2017-05-31 06:45:51,2017-06-14 00:00:00
2050ad559df86365b2d2a824640af4a1,d03d5c0d58cfeefd79f0b7af50bbfb87,delivered,2017-02-28 17:28:52,2017-02-28 19:20:26,2017-03-01 14:50:48,2017-03-06 17:28:17,2017-03-22 00:00:00
59af6639bc574148a47076bb16ff485e,b83bd80a9acf980ee6ac382e5c1452ae,delivered,2017-09-08 10:32:20,2017-09-08 10:45:13,2017-09-11 21:03:23,2017-09-14 18:15:41,2017-09-26 00:00:00
b7707080e47946584d1280f2b8f200a5,5d8613cf1855d00dfec57ccdba74f7c0,delivered,2017-08-24 16:14:27,2017-08-24 16:25:21,2017-08-28 20:59:36,2017-09-01 19:22:33,2017-09-14 00:00:00
0f6a5e91a0432f84b83844d7b001d765,fe659882d754bfbce85819a43c666004,delivered,2017-08-01 00:22:08,2017-08-01 00:45:18,2017-08-01 18:12:49,2017-08-08 20:12:54,2017-08-23 00:00:00
ce3f08db12e92209931e4bff447392df,ad575c56bac677400aa8cbaca2d8446d,delivered,2018-06-23 18:19:04,2018-06-23 18:35:35,2018-06-25 13:47:00,2018-06-27 15:58:44,2018-07-16 00:00:00
92aff898bbb77b43b3ce8c33bc2339f2,39b99beee67aed8ae9553366b6f79de5,delivered,2018-04-18 01:06:13,2018-04-18 01:15:12,2018-04-18 18:19:21,2018-04-24 16:38:38,2018-05-11 00:00:00
dd94f2867bcd2be2229f44d7a0df4e5b,786ee3fc4d3b8097f9759d512efb5540,shipped,2017-03-28 09:43:17,2017-03-29 02:10:56,2017-03-29 15:20:18,,2017-04-17 00:00:00
3c8f34ce6765b01eb78b79eec5617971,996595f66cb179af29159ee6c539dc10,delivered,2017-06-17 12:36:48,2017-06-17 12:50:52,2017-06-21 20:56:49,2017-07-06 17:53:52,2017-07-11 00:00:00
70462ebcf26934be8bd0327d2e6103d3,fb8b8298c590af3ee3169596c5ec2114,delivered,2018-08-20 22:06:10,2018-08-20 22:29:24,2018-08-21 13:49:00,2018-08-22 22:02:31,2018-08-28 00:00:00
eb314576a333adeb296496f38c4c7852,11b404d7080235f5ff52a1c38deb5a98,delivered,2018-01-23 14:52:06,2018-01-23 15:12:48,2018-01-26 16:43:00,2018-02-16 01:28:48,2018-02-16 00:00:00
b5585a71d72133e35079e240c76065d8,28e1fb62850ddf7aebac7ec6602dc756,delivered,2017-11-22 21:29:06,2017-11-22 21:36:25,2017-11-23 22:02:42,2017-12-18 13:51:24,2017-12-12 00:00:00
c7911a821f0816b0c1345016668c7752,d0b0b2dd8bdaf36ebea19c232b4e986b,delivered,2018-06-08 16:47:20,2018-06-08 20:31:45,2018-06-11 14:20:00,2018-07-02 16:52:34,2018-07-03 00:00:00
8b346abc34a6e64bc67fcd3b0eccdc9f,dd1506d329d9b0135855082aae3c79ac,delivered,2018-07-11 20:15:04,2018-07-11 20:26:13,2018-07-12 15:31:00,2018-07-26 23:32:50,2018-08-09 00:00:00
7a9d100d2a88bd95c3f8acd4af29d3e8,6f203f614778c173ade2490e6684c399,delivered,2018-06-01 22:35:25,2018-06-01 22:51:28,2018-06-02 08:45:00,2018-06-07 21:33:59,2018-07-05 00:00:00
573b5d93e53ee17f6d7276929890932c,dd9fdfd1c2d9c13f398bf35eb1f18325,delivered,2018-05-08 21:54:28,2018-05-10 03:09:56,2018-05-10 16:12:00,2018-05-15 18:29:09,2018-05-28 00:00:00
b95764ee8ef0302702f107df59c9c4a2,5fff39f1b59dc4d2fb96c9f19b9a484e,delivered,2017-05-01 19:13:37,2017-05-01 19:25:12,2017-05-03 13:32:34,2017-06-02 06:17:21,2017-06-02 00:00:00
f6e3e88cce05228735d1d123916961a8,40512822fff2718801d8ecdd063dfa9b,delivered,2018-01-31 23:58:22,2018-02-01 02:55:47,2018-02-02 00:11:31,2018-02-09 16:51:31,2018-03-02 00:00:00
586b28be2b8f5afe936887ea02ab3494,ae5ebdc6de8a5f0bb49b5a3cb50c661d,delivered,2018-02-12 18:10:07,2018-02-12 18:28:20,2018-02-14 14:46:38,2018-02-20 15:08:53,2018-03-12 00:00:00
a933a186653455e64fd077551cfcef0b,247d21dc380c7ca4269050fe3fc1a386,delivered,2017-08-23 20:53:48,2017-08-23 21:05:22,2017-08-28 14:57:51,2017-09-04 18:51:41,2017-09-13 00:00:00
215235517f0e156724a0ac20bc1076a5,b4523e0afadc29b0607177c2234b3218,delivered,2017-02-04 23:27:50,2017-02-04 23:41:58,2017-02-07 06:17:52,2017-02-09 12:21:54,2017-03-01 00:00:00
d9ab691cb8d49410e7ae590b588499d4,eea6871b2a776e5f98fe73b255a0a270,delivered,2018-06-18 19:57:15,2018-06-19 03:36:47,2018-06-19 14:05:00,2018-06-21 15:37:51,2018-07-05 00:00:00
6da34f9b88619e4ba847c49363dfb425,8ce4d77283bb19ebaedee1fb91fef7ba,delivered,2017-12-03 20:03:22,2017-12-03 20:13:44,2017-12-05 16:04:36,2017-12-13 21:19:02,2017-12-29 00:00:00
1e51b2b229678b37addbfeb359d0e3ab,b2de21eac1284b5492269771d68da739,delivered,2018-07-22 17:32:59,2018-07-23 12:32:11,2018-07-23 17:56:00,2018-07-25 21:11:54,2018-07-31 00:00:00
3eb08a4c95b522bed075ec059ad858ab,8aac7e3ddd515089585bbab2b7d85aa8,delivered,2018-08-07 22:03:27,2018-08-07 22:15:22,2018-08-09 10:56:00,2018-08-17 11:42:52,2018-09-21 00:00:00
1c7c35deaf3a1639e247ce03babdfded,87edd217bd6fc063e3bcaded331967a7,delivered,2018-07-16 16:33:17,2018-07-16 16:45:10,2018-07-17 15:00:00,2018-07-20 19:57:58,2018-07-30 00:00:00
cb3830baa25a82fb69d5256ffca9b6a2,524fb99dd1c0c28f8b9b9d33f38c7b13,delivered,2017-05-15 21:07:48,2017-05-15 21:15:14,2017-05-16 16:39:57,2017-05-22 13:52:41,2017-06-08 00:00:00
9236b5f6966275539861284a31b94efe,ccae8f97bb03a9257e3abbb5baf17a1e,delivered,2018-05-19 22:43:35,2018-05-20 00:25:53,2018-05-21 08:29:00,2018-05-23 18:14:45,2018-06-04 00:00:00
dbb786f88b6d4e52fe3cb5d771b979d6,478778636c75019554439f75286a22e3,delivered,2018-08-28 21:56:30,2018-08-28 22:10:12,2018-08-29 19:02:00,2018-08-30 18:22:45,2018-09-05 00:00:00
9f39472adcdca3e6eeaf227576a1a427,8805f5004091e5a6d6732b4b57c94e3e,delivered,2017-12-18 06:12:28,2017-12-18 06:50:23,2017-12-21 15:05:09,2017-12-26 20:51:37,2018-01-11 00:00:00
fe5d946bb1d5891792a436f46f3618a3,59a7929fc18263169c90c46240902697,delivered,2017-03-25 20:01:03,2017-03-25 20:10:17,2017-03-27 13:54:31,2017-04-05 14:38:07,2017-04-20 00:00:00
eb7ad8aef38707da6cf8a476dd47198e,7e27f4fc651dbbb8ef84aa9450dae2a5,delivered,2018-01-09 19:59:13,2018-01-10 10:32:18,2018-01-10 21:38:55,2018-01-11 17:14:40,2018-02-07 00:00:00
6e9cd3f36a1e951e29d455913402c171,aa76c84a162fed7b8e5b935ce4ea7533,delivered,2018-07-24 21:54:54,2018-07-24 22:10:19,2018-07-25 12:15:00,2018-07-26 19:58:43,2018-08-09 00:00:00
5b4bb46d2cabe7e960a2b8bf70af105a,14bf3008a25d689c6ad3ca1b5b9975ec,delivered,2017-10-18 16:30:42,2017-10-18 16:45:38,2017-10-20 17:38:16,2017-10-23 23:59:47,2017-11-03 00:00:00
ed63e82cc089fa6625b919b6533ff7bc,d62fe8fd4137b91ddd653cccd56811b1,delivered,2017-11-22 09:16:35,2017-11-22 09:24:22,2017-11-22 21:42:57,2017-11-23 21:49:43,2017-12-04 00:00:00
bf2910ffd07baa17d7d2ce5a170da758,2441a257e681c06ff2101ed765647ada,delivered,2018-07-18 16:20:25,2018-07-18 16:30:29,2018-07-31 14:10:00,2018-08-06 17:42:37,2018-08-06 00:00:00
6672ea757b340c6ebd644244a2c982ae,8070cecab3f3dbd764a549623cfa6243,delivered,2018-07-03 09:00:42,2018-07-05 16:31:59,2018-07-04 15:11:00,2018-07-05 17:12:44,2018-07-17 00:00:00
41d1a34204ce66a59daa5590f05cc4fa,881554102719236e5c195d199d6d868a,delivered,2017-11-22 13:45:31,2017-11-22 13:53:31,2017-11-23 21:10:41,2017-12-07 16:22:45,2017-12-14 00:00:00
d9b968b9f8c464fd7941981e0ee66845,fa9df1d2b3ed5aa06027b89a34ec272a,delivered,2018-08-04 19:25:09,2018-08-04 19:35:18,2018-08-06 16:47:00,2018-08-09 17:42:28,2018-08-17 00:00:00
ff455a4ac6c4471e4e1ddc55f6610e60,db2bae68f396fde5433217c9730d1b7e,delivered,2017-09-23 10:03:33,2017-09-23 10:15:14,2017-09-25 17:36:55,2017-10-02 20:09:32,2017-10-20 00:00:00
573ef5595dd0028826051b99f5306ad3,15d268e1a1f123f6ed84dcb45b4df293,delivered,2017-08-31 12:44:50,2017-08-31 12:55:10,2017-09-05 22:36:07,2017-09-11 17:04:22,2017-09-26 00:00:00
0c91c4102d1858f4ced29970f55e54a0,ae8ed9c83d32613ae9f7e6c72443cdbb,delivered,2017-03-01 10:46:15,2017-03-01 11:01:46,2017-03-03 13:51:39,2017-03-07 07:57:54,2017-03-28 00:00:00
0300095becf10f9b2993706759522741,05428560b11124d146bc86a2c4d5bf35,delivered,2018-07-01 20:21:03,2018-07-01 20:35:15,2018-07-04 14:22:00,2018-07-10 20:33:05,2018-07-18 00:00:00
5342639ad4af90638a48134b744df827,10c7dc349ad0a77ea4540c0464567dcd,delivered,2017-10-14 19:33:54,2017-10-14 20:20:12,2017-10-17 14:55:48,2017-10-24 20:45:01,2017-11-08 00:00:00
37575790ea3501cfd8c51bfe42e08950,6877b5e3cdd8a9efac00e34fcaa4e02e,delivered,2018-06-09 11:03:36,2018-06-09 11:15:16,2018-06-11 14:21:00,2018-06-13 18:49:35,2018-06-20 00:00:00
6b9ac2a31d647731d9523ae035f17dbc,b25d246218db68891876e79b3476038f,delivered,2018-04-26 15:01:37,2018-04-26 15:15:34,2018-04-27 10:15:00,2018-05-24 16:32:13,2018-05-28 00:00:00
3d4a36b2720a815f829c5e1f82bbd0d5,29c938e10e5b108f3141464ff1bab857,delivered,2017-11-30 18:40:48,2017-11-30 18:50:48,2017-12-08 12:05:43,2017-12-13 00:52:26,2017-12-22 00:00:00
6ff68e4d7ba469f258223a389f864f25,a182cf6abe84f63e4ee29ac3ad7ce340,delivered,2018-06-18 23:30:33,2018-06-18 23:57:03,2018-06-19 14:36:00,2018-06-20 18:38:54,2018-06-29 00:00:00
d5292f531e571c16fcd72df9fc07336d,2ef9aa87865d1090e352dcc1b116ac23,delivered,2017-04-26 10:48:55,2017-05-01 22:34:22,2017-05-05 10:38:40,2017-05-18 12:20:09,2017-05-19 00:00:00
2fe72d522af94b1264d79a8e6e41f933,5dce0d6d2ad974afb75df4b6ae8e4ac8,delivered,2018-07-18 13:26:10,2018-07-18 13:35:24,2018-07-20 12:42:00,2018-07-23 23:07:25,2018-07-26 00:00:00
d64d6b004a4ffd419003fc0a128c1c50,42ec6e7b9d6b378c51d60ee3d0d65b30,delivered,2018-07-25 17:11:06,2018-07-25 17:25:11,2018-07-26 12:22:00,2018-07-30 10:52:29,2018-08-17 00:00:00
362cc20bf09835f4398cedd319fb7d8e,9eb0d8ae0777405811966250213e28a2,shipped,2018-03-27 12:10:05,2018-03-29 03:28:46,2018-04-04 19:08:37,,2018-04-19 00:00:00
378aab9f026bcce6c5d6b5b6453be88a,37c19e14f0f664e83d2068be6b1f44dc,delivered,2018-04-08 18:44:33,2018-04-08 18:55:23,2018-04-10 22:54:38,2018-04-11 23:18:21,2018-04-25 00:00:00
c20a9485bdb520396c83079ef63bc71f,74cbbd9942f97b98f93c63b3e0ec8edc,delivered,2017-11-28 10:50:26,2017-11-28 11:31:15,2017-12-01 19:27:06,2017-12-04 19:23:30,2017-12-13 00:00:00
54ac5ed66a8b2c74a3878d90d805f367,e6ed40b69433d15314244f3ef50bcd29,delivered,2017-04-10 14:29:16,2017-04-10 14:42:13,2017-04-12 11:53:38,2017-04-19 11:37:46,2017-05-04 00:00:00
2dd08b72f1dfc49c74883302437e6f6d,94d64c9b674e29504cf012056f182c9f,delivered,2017-09-27 20:04:09,2017-09-27 20:14:18,2017-09-29 19:39:58,2017-10-05 14:45:08,2017-10-19 00:00:00
9d43eaf1f72a6d200577517c4e4265e0,855f0b8c477c57d9c5d0210c260459a5,delivered,2017-11-27 14:18:56,2017-11-27 14:32:59,2017-11-28 23:05:59,2017-12-14 17:58:44,2017-12-21 00:00:00
97f6c1beeb18315f25509f009a45b111,e7ea13209423cee1f34f8e8c7c8eeb23,delivered,2017-06-30 12:57:54,2017-07-04 04:15:26,2017-07-05 12:39:34,2017-07-10 13:49:48,2017-07-24 00:00:00
5e84bf559fcc6a7a95c0d302a48c89be,faa3126cfc735934e9e43665018a21b1,delivered,2018-06-14 19:41:46,2018-06-14 20:02:27,2018-06-15 09:38:00,2018-06-19 15:48:47,2018-07-11 00:00:00
9d5dfd77cf32bd319a504f77a137491b,c590bde02b403025bd56faa049638968,delivered,2018-03-20 16:43:21,2018-03-20 16:56:06,2018-03-26 20:32:08,2018-04-13 22:58:22,2018-04-06 00:00:00
5cd498954e2b37d71b315166809b4bd7,ff1a56726b7ea149c7423865609cc0c8,delivered,2016-10-07 00:54:40,2016-10-08 03:56:15,2016-10-25 11:35:52,2016-10-27 17:32:07,2016-12-01 00:00:00
3030ecce41acdc5bf51484698b3d8fe7,c9f6f241518c8603c0c46f0817ba487e,delivered,2017-11-22 19:20:18,2017-11-22 19:46:31,2017-11-23 15:51:33,2017-11-27 18:34:38,2017-12-04 00:00:00
74d91d0ed661cdf6683637341c196645,73126bea0883827ebbbabe078fc513bb,delivered,2018-07-16 15:53:49,2018-07-16 16:10:23,2018-07-17 14:31:00,2018-08-04 13:48:24,2018-08-06 00:00:00
bc5cea9719955b2337f23a87db809566,d605f9f01f069c8665dba62d0d8de501,delivered,2017-11-12 17:39:03,2017-11-14 10:27:40,2017-11-16 18:43:46,2017-11-24 18:52:56,2017-12-04 00:00:00
e51859ab3a4df4a9dd8d6f60a060148b,1d84ab68816537ec824426841b34e696,delivered,2017-10-01 13:57:15,2017-10-01 14:14:17,2017-10-02 20:57:32,2017-10-04 22:08:07,2017-10-18 00:00:00
288edb42bc749855816a5e66e39d342a,4ce13550ee2faa98b72b3c507e1144f5,delivered,2017-12-28 17:40:18,2017-12-28 17:50:21,2018-01-02 15:07:15,2018-01-09 17:59:23,2018-01-29 00:00:00
0aea558128f1a96bd223babc4dc79bd3,daf457df7093e56187eda2050592817b,delivered,2018-01-31 20:50:59,2018-01-31 21:09:48,2018-02-02 01:43:59,2018-02-07 20:17:26,2018-03-01 00:00:00
5943f6d5dc8ba01f970b8ef4d18678cb,f2c52534beb7f3e34299986eb4950d92,delivered,2018-05-03 23:30:05,2018-05-03 23:50:42,2018-05-07 14:19:00,2018-05-10 04:32:53,2018-05-22 00:00:00
174fb39de9de15c80ea4076ba0cb6c83,cf6d28f68cf26d4e77f3482f0c452d70,delivered,2018-05-05 09:13:56,2018-05-08 04:14:40,2018-05-11 13:58:00,2018-05-26 13:32:09,2018-05-30 00:00:00
8b2f04328e5408c6e2f9ebd38f2af662,c7dfe8a4d98f2c191a73944ffcaa76cc,delivered,2017-08-24 09:19:16,2017-08-24 09:30:20,2017-08-25 18:59:56,2017-09-13 11:23:27,2017-09-18 00:00:00
9b0efb7141956726fa720e1ab576d4ca,2ac13f95801bc09dc5624673d54d4c31,delivered,2017-08-02 07:37:51,2017-08-03 03:06:17,2017-08-03 19:29:32,2017-08-07 14:42:02,2017-08-22 00:00:00
b3b9c134c866906502560d298369a253,b55d0d8610fbb4935574a98c33c6a60f,delivered,2017-08-15 22:45:17,2017-08-16 01:05:41,2017-08-17 17:59:03,2017-08-25 20:17:32,2017-09-11 00:00:00
a65f65e30792ce1c3492008e544cd0da,4274d726e175b67d5a1893ea0fa4e1a9,delivered,2018-04-10 23:03:58,2018-04-10 23:15:21,2018-04-11 17:32:04,2018-04-24 22:36:51,2018-05-11 00:00:00
f8965d92f9d8e18cd5d1a0e3bc9d15fc,fb31ae52945c45377e1ba9644b7f78e5,delivered,2018-03-24 16:14:29,2018-03-24 16:27:48,2018-03-26 22:05:56,2018-04-09 19:22:17,2018-04-12 00:00:00
93ee5063c90357efe9aaeabb20badbf6,9f4578f809480da7c0bc98fab02c1cc3,delivered,2017-08-22 14:39:49,2017-08-22 14:51:45,2017-08-24 19:24:40,2017-08-28 20:17:51,2017-09-18 00:00:00
4ce4fb772277f3a13a61a93b7f19d62e,595a590ba9c0127d59855c4dba71a69e,delivered,2018-06-13 16:19:00,2018-06-13 16:39:29,2018-06-19 09:33:00,2018-06-22 18:28:38,2018-07-05 00:00:00
421a29f5936d35b40acaa102627113f2,691a7804c3cf06446a3f2c13cecbf251,delivered,2018-03-29 10:32:39,2018-03-29 10:48:07,2018-04-04 17:03:54,2018-04-19 00:03:14,2018-04-23 00:00:00
fa77901ba32818c037de356056fd2a6d,f2c08c6a66c51cae87e9c931f97a022d,delivered,2018-08-10 13:14:02,2018-08-10 13:25:11,2018-08-10 15:51:00,2018-08-15 16:21:25,2018-08-24 00:00:00
a64331bb3f2dc9398fc61964bbf99296,96bfa6abb051b3b455959e2d0bc6aeec,delivered,2017-07-18 14:57:58,2017-07-20 02:25:34,2017-07-20 19:49:36,2017-07-31 18:42:10,2017-08-17 00:00:00
1f0fb6f94c105ba0047b56143a01c3a9,a915c5f2ffdc3c2a11a35c426bc8de6e,delivered,2017-09-03 18:42:45,2017-09-03 18:55:13,2017-09-05 11:33:22,2017-09-11 18:24:01,2017-09-21 00:00:00
bbdac08bddebc79ee2654423b9ad63c3,6b0135fff11f14781d72fc93315eec54,delivered,2017-11-28 13:05:16,2017-11-28 13:12:36,2017-11-29 20:27:04,2017-12-13 18:15:26,2017-12-21 00:00:00
9a3492f3f18d2b5cf77e8ce369f84d80,ee6afaf3c3be813761f25c1e66b8fedd,delivered,2018-07-25 15:19:48,2018-07-25 15:30:17,2018-07-26 16:45:00,2018-07-31 21:12:24,2018-08-14 00:00:00
b836b696665c1f7e1d72497adf574b4f,f1def85ade6e5b754d5f84a958fd48c2,delivered,2018-01-24 18:33:34,2018-01-24 18:52:46,2018-01-29 19:07:45,2018-02-06 12:58:28,2018-02-20 00:00:00
11bd7edbef6a822b220f48085472871b,95a66a1b875e06e6490b4ad49d7ef34b,delivered,2017-07-10 21:36:55,2017-07-10 21:50:20,2017-07-11 23:03:16,2017-07-12 18:05:47,2017-07-21 00:00:00
f97e435076c45487417ce991028f5445,dbb099efb706ebbe3d67bf067d2442db,delivered,2017-02-11 14:45:06,2017-02-11 14:55:12,2017-02-13 15:28:47,2017-03-13 18:35:44,2017-03-22 00:00:00
712ddc2da1bdd2e1b5f6baf0171860c2,6c9de7274450f72bc4fb8d28f629ef4b,delivered,2017-08-10 21:49:45,2017-08-10 22:04:43,2017-08-11 19:11:18,2017-08-28 19:23:43,2017-09-08 00:00:00
710770cfb61b2c43a091ab2c7b89a921,f3df91219ffe2fb3e399377acfd0e527,delivered,2018-01-06 14:25:01,2018-01-06 14:34:11,2018-01-08 21:49:48,2018-01-16 17:51:36,2018-02-02 00:00:00
f05b87cae9d521c780bc3dfc281ca892,1a7edcadd05cd374c32cc5e4f87d9832,shipped,2018-08-04 12:49:06,2018-08-05 12:45:15,2018-08-06 11:55:00,,2018-08-24 00:00:00
de6167039d6c71c0bea5a5d3b9437082,fa59e3b76be4ec3ab0fa05000e7bf6c2,delivered,2018-07-04 17:27:56,2018-07-05 16:22:17,2018-07-05 14:06:00,2018-07-12 17:32:31,2018-08-09 00:00:00
6e341e7f154e744143c5fc3e937bfda4,aa07a30179954e45af84aa94003d2174,delivered,2018-08-16 16:13:40,2018-08-16 16:25:24,2018-08-17 14:46:00,2018-08-24 23:36:46,2018-09-04 00:00:00
99d49f52685bd8c00ec0c341cc75d68f,119b719f1b5c337406af6f99bb135b78,delivered,2018-07-31 21:04:45,2018-08-01 02:44:12,2018-08-01 18:29:00,2018-08-06 16:26:53,2018-08-13 00:00:00
ed3096861c94e38da3ac5ded1f35a0b0,99b1950e7fcf9d753b721988c2eb724e,delivered,2018-03-14 15:15:19,2018-03-14 15:30:31,2018-03-16 23:55:35,2018-03-19 21:48:38,2018-04-10 00:00:00
4e21387c48145e5e07a1d552b1a69776,766a6dd9d0045e8462f001462976ff99,delivered,2018-02-06 16:17:58,2018-02-06 16:30:37,2018-02-07 16:28:28,2018-02-14 20:29:13,2018-03-02 00:00:00
4813c50e3548fa87684c05b730ecccee,3e4442cd2958fbd08dc760884b222ae2,delivered,2018-01-17 16:49:02,2018-01-18 02:11:14,2018-01-19 19:38:59,2018-02-05 21:09:14,2018-02-23 00:00:00
006dd93155bc2abd844cc5eed3a0fe7f,1b9506de3da8fd318853195b13fb2dda,delivered,2017-12-02 01:20:28,2017-12-02 01:29:28,2017-12-06 00:22:42,2017-12-07 20:43:52,2018-01-03 00:00:00
05d27719c66597da0628a53f6009ed67,243243e2638f6c85b2b5c38f5bf05b53,delivered,2017-11-01 19:01:18,2017-11-01 19:31:11,2017-11-07 15:22:33,2017-11-14 21:28:34,2017-11-24 00:00:00
db7c883ba7581113260202fc55e73782,ea1783902a99cb4a06723a929e42e680,delivered,2017-02-26 19:51:31,2017-02-26 20:01:53,2017-03-01 11:05:58,2017-03-08 16:15:08,2017-03-23 00:00:00
e08f76fed43c999d57979d1879871ce1,61aecad4ecccb2ef8e88726a68d832d5,delivered,2017-01-26 16:48:24,2017-01-28 04:36:02,2017-02-01 12:38:57,2017-02-08 16:54:37,2017-02-28 00:00:00
dfa7d326a489fe0c01a652351a552b43,c5fb3c3494f2aa02774d5930a1f981e6,delivered,2017-04-07 10:07:39,2017-04-07 10:15:26,2017-04-25 11:44:57,2017-05-10 09:25:44,2017-05-03 00:00:00
e991f50bb727c1894e1f74527af4edf8,ec8fc917ae3db1dcd518ce839aa26584,delivered,2018-03-26 12:07:10,2018-03-26 12:28:19,2018-03-28 17:18:27,2018-04-04 20:28:31,2018-04-16 00:00:00
8cf0fd0e7dc9c106fa1f09ba6bce7626,3d90a8bd92497095afe20f9efeeab825,delivered,2017-10-31 15:26:06,2017-10-31 16:31:14,2017-11-01 16:07:38,2017-12-01 16:54:39,2017-11-22 00:00:00
f27ea04b349ddb1a82dbc871adcefe37,0da38d38529e170d768aa55382969f6e,delivered,2018-06-17 21:03:46,2018-06-17 21:15:10,2018-06-18 11:17:00,2018-06-27 17:08:50,2018-07-12 00:00:00
405a30197dbb4ed83804a680c2bbae9b,15f4d0b2acbd4c1deb4d62a8111fc846,delivered,2017-08-09 22:34:04,2017-08-11 04:15:27,2017-08-11 17:20:03,2017-08-14 19:07:48,2017-08-22 00:00:00
06f3401b97e4d89032cbd5ac7670247c,31d79ded8b09c0a871f049c73f2d331f,delivered,2018-04-26 23:10:33,2018-04-27 23:13:05,2018-04-30 15:34:00,2018-05-09 18:17:56,2018-05-25 00:00:00
6a233c2059af7138039e43722cde5874,7f9cf0ed8393054038c883ea7171ea8c,delivered,2018-03-10 20:03:59,2018-03-10 20:15:31,2018-03-13 18:48:51,2018-03-20 20:08:30,2018-03-28 00:00:00
a03310d9287cd64790388948501066cf,737d438cd631428265f911322d7e7f9d,delivered,2018-01-30 20:45:50,2018-01-30 21:13:15,2018-01-31 11:26:44,2018-02-06 16:45:45,2018-02-23 00:00:00
ec727bb2d54db32de3e2a4845988fe0b,b9f66f0da7f1dcb542b44a18581c8aaa,delivered,2018-01-14 18:39:27,2018-01-14 18:49:29,2018-01-18 18:49:03,2018-01-24 15:56:48,2018-02-05 00:00:00
f1d572fdda4a03235f86ebb75b8e536c,20c428d35e8e49aad5e519babee5ff48,delivered,2018-02-09 17:42:05,2018-02-09 18:15:28,2018-02-14 19:07:57,2018-02-20 19:25:49,2018-03-12 00:00:00
9d8698c08be0d1824923f62270dd0d3f,6dadbad06dc0935c3987489ae60c4dd0,delivered,2018-07-26 23:41:14,2018-07-28 02:50:21,2018-07-30 19:55:00,2018-08-07 00:35:40,2018-08-09 00:00:00
4da937ffa1e058f52a9eeb89187d65b5,60951029b7686cc004b24fcc814e00af,delivered,2018-07-21 07:18:52,2018-07-21 07:30:10,2018-07-23 11:27:00,2018-07-26 16:36:47,2018-08-07 00:00:00
f44290da5e8c6072226e24963b341e8e,ee1f9e745337f488f8ec432cdf8a19c3,delivered,2017-07-18 19:42:26,2017-07-18 19:55:16,2017-07-22 12:32:52,2017-07-30 13:27:51,2017-08-11 00:00:00
22c8ac26992112755df2e1542f2d1cfd,840f60a1f70ae3558d61b38cc86e0d48,delivered,2018-05-01 13:14:37,2018-05-01 13:36:10,2018-05-02 13:36:00,2018-05-07 19:16:49,2018-05-23 00:00:00
0e3e431534069e8ac235c637dfb199d8,be5b31d927c5966440f2826da46e6449,delivered,2018-04-05 22:08:31,2018-04-07 02:47:59,2018-04-09 23:52:08,2018-04-30 18:41:48,2018-04-27 00:00:00
cd746a0e172f3aac198180760cc21a8e,6af52967fd8b6160228c7b2237f516f0,delivered,2017-04-28 17:36:34,2017-05-03 15:31:32,2017-05-04 13:44:28,2017-05-17 12:27:36,2017-05-23 00:00:00
e63271442e778d83ae9868408c1028e7,fce8eb224fb44bca516d50d140e88ca0,delivered,2018-05-28 17:05:02,2018-05-28 17:16:11,2018-06-06 08:20:00,2018-06-27 15:18:55,2018-07-11 00:00:00
69aea24ee3243d0535ea6e03789bb5fc,cda108ca8623c898ad5cbedfe9f6fc88,delivered,2018-06-15 12:46:02,2018-06-15 13:26:43,2018-06-18 15:52:00,2018-07-03 07:52:06,2018-07-25 00:00:00
32569fba210ee051f2c62dff9d4344ed,115eb2fbfc2d8446a2a6d38a0d800c6a,delivered,2017-11-23 16:21:25,2017-11-23 16:30:28,2017-11-24 21:47:12,2017-12-01 19:27:06,2017-12-19 00:00:00
f2e891dfdc747b73c508d7a5689e82bf,39d5be86f1b2c886e37fde07eaffd537,delivered,2018-03-07 22:16:44,2018-03-07 22:30:50,2018-03-08 20:36:28,2018-03-15 12:28:29,2018-03-26 00:00:00
d2e1e475eb8219af9fae283307d88860,0bfdd26f029a368b463a48a56b65f560,delivered,2018-07-21 21:41:25,2018-07-21 22:24:12,2018-07-23 14:24:00,2018-07-26 18:17:43,2018-08-08 00:00:00
c1c7173565800e41c6701cfc4435f467,2f0d2cbd1ac4d6d80d7cbc6bc5f22160,delivered,2017-12-04 22:10:16,2017-12-05 10:30:45,2017-12-06 16:04:35,2017-12-21 10:35:24,2017-12-28 00:00:00
3ce16e50c1842ad30631811796a31afc,53162926c6c60935bfbc4a9d9419ca99,delivered,2017-03-29 16:12:13,2017-03-29 16:22:59,2017-03-30 14:53:25,2017-04-13 15:52:26,2017-04-19 00:00:00
f3f075558b483bc41012c816ef977100,e7679548f90781fac8359cdbe2e2c729,delivered,2017-09-11 11:51:17,2017-09-11 12:05:29,2017-09-14 21:37:48,2017-09-15 13:15:56,2017-09-21 00:00:00
c53b15af645d91a057ddba9d0e1f21c7,e4257cc2f24d3cb4a68767a524dc8b76,delivered,2018-02-18 20:42:53,2018-02-18 21:46:42,2018-02-21 18:58:15,2018-03-31 13:44:37,2018-03-16 00:00:00
fa3c3fa4aaa5d4ca8cdfdd7daec909bb,ffd6afe9c06d9dd8bd646b79f23b8b82,delivered,2018-05-01 22:57:35,2018-05-03 04:32:56,2018-05-03 19:01:00,2018-05-04 14:17:01,2018-05-16 00:00:00
784389cee609eccd4f055e1eb8544285,97ad0d51c3ad245df8f37e747bbcb423,delivered,2018-07-18 11:02:18,2018-07-18 11:10:17,2018-07-20 10:26:00,2018-07-26 15:37:41,2018-08-07 00:00:00
06661c686ea79767c8ab8b8ffa3e62fd,7f4b6c52e1e85f2e166d5f01ea86dec1,delivered,2017-11-06 22:25:04,2017-11-07 05:31:18,2017-11-08 16:21:20,2017-11-14 22:48:38,2017-11-24 00:00:00
44bb5734f29017e33add235fbdf83b90,6603ae268d9d38a828d348fd2ea7ab8d,delivered,2018-08-07 13:40:51,2018-08-07 13:55:25,2018-08-09 14:38:00,2018-08-16 19:42:18,2018-08-17 00:00:00
1d52ba7197c7acebbb4f826f6585536f,c9c7fe860d602373a9e93f8bfe9d877a,processing,2017-02-13 18:32:55,2017-02-13 18:43:55,,,2017-04-04 00:00:00
ad27779fb29796c8d798f29aefedf3d0,aceb1218ab19cb199ebe711d613f9fae,shipped,2018-04-05 11:39:33,2018-04-05 11:55:21,2018-04-05 21:32:19,,2018-04-27 00:00:00
26cf5f2fef907ebc54269ab08ba4fc3b,aa680a3db54307a03f5ec70888d99ec1,delivered,2018-06-16 11:12:18,2018-06-16 11:37:51,2018-06-18 19:34:00,2018-06-20 00:34:44,2018-06-28 00:00:00
7f54ad19b476573fb7bf3beb2faa6c55,2e19f8c8ec1187ae5dc50e54bfba01a9,delivered,2018-03-21 14:15:20,2018-03-23 02:15:34,2018-03-24 02:18:59,2018-03-27 21:22:09,2018-04-03 00:00:00
e14fbb884fb89b4ed687485a902caf75,93c4960d58cf80f39108c219017866c1,delivered,2017-11-15 11:45:28,2017-11-15 11:56:02,2017-11-16 20:51:43,2017-11-21 20:12:19,2017-12-06 00:00:00
0a7af36dc9b46e0920a68a9e2ee2198e,0fb85ae4e233e275790cba098c95c855,delivered,2018-01-11 20:21:08,2018-01-13 04:54:57,2018-01-15 17:03:48,2018-02-05 19:48:57,2018-02-16 00:00:00
2804019a383c2bf8db7dde416cf663d2,fd66171c97600151f735da73fd0aa018,delivered,2018-01-22 18:44:31,2018-01-22 18:57:37,2018-01-24 19:19:00,2018-01-26 14:08:51,2018-02-14 00:00:00
0b339dee90210409b715a9f2b6af29a7,fb7df68b487c7340f5a4e9c5d4ae3e73,delivered,2017-11-29 13:49:23,2017-12-01 13:58:25,2017-12-06 00:41:50,2017-12-11 20:12:32,2017-12-28 00:00:00
3fa91d0a7193cb9564de5db19fdbbd47,597b42a7a20556e77af8e237b6245b6c,delivered,2018-03-23 15:16:34,2018-03-23 15:30:26,2018-03-27 19:41:06,2018-03-28 12:13:25,2018-04-05 00:00:00
4b939b269e876343e876d466afcb69d1,0f28d0a2069593ae2c5ec29fc3800a72,delivered,2017-05-09 13:06:19,2017-05-09 13:22:20,2017-05-16 11:25:54,2017-05-22 16:23:56,2017-05-31 00:00:00
dc96a12713fb7cbfd8feac4ab0b8f2a2,c47f0ed7fbd21fc9be2cfca83f0dd490,delivered,2017-07-30 11:30:00,2017-07-30 11:43:23,2017-08-01 16:53:05,2017-08-07 11:22:05,2017-08-22 00:00:00
524328eaaeddfd8aa01dc3897ad69935,18abbf4ddb0d8414b4f9de1d7d865fb3,delivered,2018-02-10 23:58:04,2018-02-11 01:08:23,2018-02-15 18:00:20,2018-02-27 22:09:44,2018-03-19 00:00:00
247d5afd3ec08a69d7ae743a6fcae022,f2ef4ea65c9d748b559c450074db04d4,delivered,2018-03-23 10:31:07,2018-03-24 11:32:32,2018-03-26 14:17:49,2018-03-28 19:48:56,2018-04-06 00:00:00
7d07b6c1321e0ae86b7d6205e015f0a1,2cdced5335b76d6e563bfa3a40bcf7a4,delivered,2017-04-18 23:33:17,2017-04-20 02:55:40,2017-04-20 12:22:11,2017-04-27 05:57:48,2017-05-10 00:00:00
fcc92ad75bbb8728d4d4488325ffc907,0980d72e94bede8b0f7d8a4cd32511c8,delivered,2018-03-24 09:22:32,2018-03-24 11:41:30,2018-03-27 22:54:24,2018-03-31 15:48:36,2018-04-17 00:00:00
ac14a1a3d8c2b071a150eb2990b5ecd8,0dbeefcc8215e4d6b6ee3ec0c8a2f222,delivered,2018-02-03 22:36:03,2018-02-03 22:50:30,2018-02-06 19:28:46,2018-02-14 22:11:34,2018-03-08 00:00:00
afa17ebff8d7e00d7c9e04860c7ddcea,a40c9c907d645ac0394aa28875d5986d,delivered,2017-02-10 21:12:19,2017-02-11 21:22:59,2017-02-15 09:14:41,2017-02-21 18:21:54,2017-03-16 00:00:00
100ed138d169a3f969afa5449750db73,668e11820ada44a1b6cbf090995bee1f,delivered,2018-05-05 13:56:03,2018-05-05 14:13:48,2018-05-09 16:22:00,2018-05-16 14:35:57,2018-05-28 00:00:00
1cbc5d1981e34d5c950e9418aa02217d,f3875c080718c7e384875c4af4951afa,delivered,2018-01-06 17:12:10,2018-01-06 17:26:51,2018-01-09 23:47:34,2018-01-23 13:39:07,2018-02-06 00:00:00
bf9a3a8d9db6be5e4dfcfe2f071ef405,26fdb52d0382ebe750a8866b5bf9e5db,delivered,2017-12-02 08:50:34,2017-12-02 09:09:15,2017-12-04 21:52:19,2018-01-15 20:42:42,2018-01-02 00:00:00
b5195225c11fc325d686d24fe14eedbb,7fc191973597f7e5c232ecee9d7922ff,delivered,2018-03-02 10:35:38,2018-03-02 10:50:47,2018-03-08 19:56:34,2018-05-07 15:59:16,2018-04-04 00:00:00
8713b68a2b202b96d7de08d7e0b8f1a9,94eba5d03fc4a87e9a98c17ae4585bf7,delivered,2017-08-18 00:12:37,2017-08-18 00:44:22,2017-08-23 21:40:11,2017-09-04 15:43:08,2017-09-14 00:00:00
86f93f534bde58b65acb4aa52a45c8eb,81c6ab437fe90b28b08c3da8d1d12694,delivered,2018-03-12 00:22:03,2018-03-12 00:31:01,2018-03-13 18:02:46,2018-03-21 20:12:48,2018-04-12 00:00:00
369cb139024a5e7dcc497edd71a6f244,25d92c6c06f5fbdfc66aa5d91a5b17a4,delivered,2017-12-27 09:47:05,2017-12-27 09:57:25,2017-12-27 21:14:15,2018-01-09 18:03:47,2018-01-24 00:00:00
4338e6bc70fcf731f6d799f56c66b6cb,f8ec0585a994417a4bd53c5156689ddd,delivered,2018-01-26 17:06:05,2018-01-26 17:22:58,2018-01-29 18:15:13,2018-02-09 01:08:46,2018-02-21 00:00:00
a4d7c8bca45b56444e3c59ddcca7d7c9,fcdb673d0f8d2b84d3862193f17a08f9,delivered,2017-08-29 12:36:36,2017-08-30 02:05:44,2017-09-04 21:21:52,2017-09-08 21:36:28,2017-09-22 00:00:00
08d70627d548cd883ac394cc5da92d87,05de5898b9da9365b1823e7fd23700c1,delivered,2018-02-14 17:35:53,2018-02-14 17:50:25,2018-02-15 20:34:07,2018-02-23 01:09:17,2018-03-14 00:00:00
57fac99131db488c097fd2b5a75255dd,77188a1f345ff96d99ab8fc8bdee03bc,delivered,2017-08-13 21:05:14,2017-08-14 21:24:14,2017-08-15 18:32:07,2017-08-22 19:21:49,2017-09-08 00:00:00
13bad9a229ea7c04888ada5c6c971c28,7b889aa673094a3d02825ce67ee7b54b,delivered,2018-05-07 21:52:03,2018-05-07 22:11:25,2018-05-14 09:30:00,2018-06-01 17:56:46,2018-05-29 00:00:00
8da4b52fdefe7256cbe20ebf03ac47b7,550290db9e0772d476e9d9aeea14afa6,delivered,2018-02-07 18:35:22,2018-02-07 18:50:12,2018-02-09 19:38:28,2018-03-07 17:48:59,2018-03-08 00:00:00
fbee7d34e8344a4c1775259e98e9a2a3,79f895a52c8f46cdff6fd6e8763963cb,delivered,2018-06-18 21:38:43,2018-06-18 21:58:20,2018-06-19 14:59:00,2018-06-21 18:03:05,2018-07-12 00:00:00
4389819b71f1f23563fa9eadadc12a06,0d3740ed03979ba91a9cb4eb6300dd49,delivered,2018-04-04 12:47:34,2018-04-04 13:10:03,2018-04-05 00:33:16,2018-04-11 00:32:30,2018-05-07 00:00:00
38957bce5d0653b7a5b419556e7b9ba3,db91a791665fab255d516b921f1c826f,delivered,2018-08-05 21:48:40,2018-08-05 22:04:28,2018-08-13 06:34:00,2018-08-15 18:22:54,2018-08-23 00:00:00
55b2cadb9946209a0283fd636ddc6676,32f7f86eb8098b2c0bdfc1604b5da9bf,delivered,2017-12-14 17:38:47,2017-12-15 02:19:31,2017-12-18 20:09:18,2018-01-04 20:14:11,2018-01-22 00:00:00
a8aa2cd070eeac7e4368cae3d8222e2b,2c5519c36277c3f69df911c68cc97e50,delivered,2017-05-09 17:42:45,2017-05-09 17:55:15,2017-05-10 15:30:08,2017-05-16 23:22:20,2017-05-18 00:00:00
11210d2ba14b85282d66a4c956724533,51293a462a75bbaa62b024a7da9e068a,delivered,2018-02-05 16:15:05,2018-02-06 04:33:00,2018-02-20 13:48:59,2018-03-06 11:29:04,2018-03-28 00:00:00
fe2d73eb11a3d7eeea4e897f8ce8eb59,bc8bc13c6748cdaa83178cdf94ba57a9,delivered,2018-02-16 14:01:29,2018-02-16 14:10:28,2018-02-16 23:36:57,2018-02-19 16:52:22,2018-03-05 00:00:00
b62403f840bd7a9bddb5b25d19c227a6,cfa017a9574dad12aef6224074fca734,delivered,2017-11-15 14:30:32,2017-11-17 10:30:26,2017-11-21 12:49:36,2017-11-23 18:37:43,2017-12-04 00:00:00
84cb0c7a55c176d0a08ced1bfd5d0af5,6c90e1d5132397793019aad82cb7c985,delivered,2018-04-18 18:59:42,2018-04-19 02:51:13,2018-04-19 17:42:33,2018-04-20 18:18:31,2018-05-04 00:00:00
7f94f1618e029449c3041113289cc240,2f07e48012def52891a4e56dfca6b9ff,delivered,2018-03-06 13:40:40,2018-03-07 02:35:32,2018-03-07 23:55:04,2018-03-24 15:08:47,2018-03-22 00:00:00
c9c090d55d074c5b0d0effca2b928d4c,44ceede9e72823df1130be3bb7996635,delivered,2018-03-02 19:25:57,2018-03-02 19:35:27,2018-03-13 00:26:44,2018-03-17 10:51:48,2018-03-29 00:00:00
b826c69bf943ea295e515a1078f76086,f41d2058b5f03c36e81d18a58878e876,delivered,2018-07-23 02:44:13,2018-07-24 10:31:51,2018-07-24 14:42:00,2018-08-09 19:22:10,2018-08-08 00:00:00
e340657d4d28d54192270b3b99ba63f4,ad98dd84e944900f8cb73cc24e611d5a,delivered,2018-01-31 08:45:25,2018-01-31 13:51:37,2018-02-01 23:29:23,2018-02-08 01:47:50,2018-02-23 00:00:00
9edd9058babbac571631bfc8092e47c3,959e9e378242bd601d7e2dc08828f53c,delivered,2017-08-30 12:46:37,2017-08-30 13:04:47,2017-08-31 16:44:06,2017-09-15 18:15:14,2017-09-22 00:00:00
2a142c0426781261c6ea8c07941a55a7,94e4969b72d31602e59dbb8d2c7c1d09,delivered,2018-02-24 10:26:08,2018-02-24 10:47:53,2018-02-27 04:11:48,2018-02-28 21:43:49,2018-03-14 00:00:00
d62324319b4efb72f855f123f06cb07f,7eb38a9118f8a13aed9f3587e13e33cc,delivered,2017-05-21 22:53:02,2017-05-21 23:05:15,2017-05-23 15:45:14,2017-06-03 08:55:26,2017-06-20 00:00:00
f913d229653fdd809c249ed98ab6b754,e1365d7b227b247b6bc0931771885eaf,delivered,2018-04-30 02:18:32,2018-04-30 03:00:14,2018-04-30 13:54:00,2018-05-08 17:53:51,2018-05-24 00:00:00
56af0400ccac703cca01cd9846d29c58,89d08063d07129349239d9584c768a9c,delivered,2018-02-20 17:37:20,2018-02-22 02:30:59,2018-02-27 01:48:56,2018-05-06 17:08:31,2018-03-19 00:00:00
1a58f35be1cae85f27119089958d5c7a,91d77116484e151dafb5510b82c22eac,delivered,2018-04-12 16:14:39,2018-04-13 12:50:53,2018-04-18 17:56:23,2018-04-19 18:18:31,2018-04-30 00:00:00
38d6205cb4508e8d63dcbae0aac1fe96,d0ca4d9e8fa6fca510ed593effc04df5,shipped,2018-05-02 09:02:58,2018-05-03 03:55:26,2018-05-03 14:18:00,,2018-05-25 00:00:00
096b267153128e0d7f9e593bba803956,df9432f68e31773dc4b20fb916f2f647,delivered,2017-06-23 08:45:21,2017-06-24 02:31:29,2017-06-28 13:17:42,2017-06-29 13:11:40,2017-07-06 00:00:00
790512cc033ced5f8fe1f9158eb8f2fe,8752a4fb5c55922535507e67d4f431c6,delivered,2018-02-28 22:34:44,2018-02-28 22:47:44,2018-03-02 20:05:46,2018-04-21 20:14:29,2018-03-20 00:00:00
2f92b812fd7c7df5b629833c484cdf1d,18f6ca10777417c932cf49e7fc9387ff,delivered,2018-01-18 14:40:57,2018-01-18 14:56:18,2018-01-19 18:48:40,2018-02-01 19:20:39,2018-02-15 00:00:00
2a30390f1b957c7120f80795b9f97316,e1a66c81cd7d20ecf12f40679b70eab2,delivered,2018-08-26 17:28:44,2018-08-26 17:44:10,2018-08-27 14:15:00,2018-08-30 23:24:44,2018-09-13 00:00:00
b4e2eb7f4325b44130052476646043c6,cfa96f1103002b25178f822afeb4c104,delivered,2017-06-12 23:00:43,2017-06-12 23:10:26,2017-06-13 15:59:48,2017-06-22 18:32:46,2017-07-03 00:00:00
9646b5afa783a0861b20b9b106229076,8ce7e88df97ba2a54e3b4b6f3ccf757b,delivered,2018-01-01 22:54:24,2018-01-01 23:07:07,2018-01-05 20:51:28,2018-01-08 17:19:26,2018-01-22 00:00:00
82b1c20e33da405ba22cded4ff91d160,05ad208d1e3ae7d49fc33c89026327d2,delivered,2018-02-12 23:11:00,2018-02-12 23:27:43,2018-02-15 00:32:02,2018-02-17 13:29:45,2018-02-26 00:00:00
56ec7cbe6d41f3fdbbe68de8142b3123,f0b133218c83b8eb0298301a5b4c17ed,delivered,2017-08-16 22:06:10,2017-08-18 02:30:06,2017-08-23 13:30:21,2017-09-01 22:18:07,2017-09-04 00:00:00
593b6eefb72afdf364b30dedb1294414,361075ad44ffadb27e3440aaa0271533,delivered,2017-11-24 21:53:34,2017-11-25 01:31:43,2017-11-27 19:48:31,2017-12-05 20:45:03,2017-12-22 00:00:00
85bbb7b7b20d622bb504d5e2be1ce4ca,317fb4e6f110c2dfc11b19630875cccb,delivered,2017-05-15 16:58:49,2017-05-15 17:15:14,2017-05-18 10:04:10,2017-05-31 11:37:46,2017-06-14 00:00:00
2d8a0bc4abbb7bbb3a420f2219f02f93,4c80c9c4f15db841f85d24b515c68ba2,delivered,2018-06-22 21:39:34,2018-06-22 21:58:43,2018-06-26 14:33:00,2018-06-29 17:41:09,2018-07-20 00:00:00
af312feacf16e33a9b01189ded132df4,1ab1cdf0251ee60790cac24a399bbe41,delivered,2018-03-10 18:18:24,2018-03-10 19:08:47,2018-03-12 18:42:14,2018-03-23 18:48:51,2018-04-02 00:00:00
69bfec47c3230907ad9552f2f1e0c690,fba1b16ea69f821d782b597f71ce2fc3,delivered,2018-01-23 18:31:03,2018-01-25 02:57:25,2018-01-30 01:11:45,2018-02-06 11:41:56,2018-02-15 00:00:00
ee0db22a8e742b752914016708470ec8,aae50600d30bf2efe013ca4c1754ded7,unavailable,2017-08-24 11:04:41,2017-08-24 11:15:11,,,2017-09-18 00:00:00
61a85d9f7f064313ebd87019f7a65903,9609746d9d84c1096dce6a95b3a9f7ed,delivered,2017-05-15 16:28:24,2017-05-15 16:43:22,2017-05-16 16:19:48,2017-05-23 16:18:13,2017-06-22 00:00:00
aadd5a22c7d1dd16b1fe905a302d70e2,f4d98068179c2289cd5f050f0ac67644,delivered,2017-08-25 08:58:52,2017-08-26 02:15:59,2017-09-08 19:54:17,2017-09-13 18:10:44,2017-09-27 00:00:00
d815bd2c2bdd79e4c0e0263caa986d66,04d7d73089b39d83f81b829cbd98e43d,processing,2017-03-15 10:30:17,2017-03-15 10:30:17,,,2017-04-13 00:00:00
cb2ed75db8803d99a171c1056638ae9b,d32393bafaf1d7caa8147c19838c4090,delivered,2018-04-07 14:12:15,2018-04-10 04:10:35,2018-04-10 19:08:49,2018-04-23 15:39:04,2018-05-10 00:00:00
652c4ec4ac6a529e56176feba143e388,ed5b3952b9a674f798d9cd2fbd854ed5,delivered,2017-04-24 22:57:16,2017-04-29 23:33:16,2017-05-04 15:51:52,2017-05-08 11:47:53,2017-05-15 00:00:00
f6cbd0bea76d160391128a43b629ae9f,7e513111ace41e153422909d22223677,delivered,2017-02-16 09:42:48,2017-02-16 09:50:25,2017-02-17 13:34:38,2017-03-02 14:09:17,2017-03-17 00:00:00
5d78d11ebe819b207a2c7530ca368d0e,5f5338d15473dca8643f97ed503ffe96,delivered,2017-04-11 13:23:05,2017-04-11 13:35:09,2017-04-12 09:18:55,2017-04-19 11:18:00,2017-05-09 00:00:00
eb3b5ecbc980ff057c188ea3b3eaf722,3b9470ed68cc82d8fdaaf97d552e8fd2,delivered,2018-07-04 14:54:19,2018-07-05 16:09:14,2018-07-04 16:13:00,2018-07-09 12:32:50,2018-07-23 00:00:00
36cd1ce42b6013f372ceb0a80b2a1b7c,c65121f92dcf3a7d5a7b612ea1756bdc,delivered,2018-08-20 22:15:07,2018-08-21 09:10:52,2018-08-22 12:43:00,2018-08-28 23:46:56,2018-09-03 00:00:00
4b673ab5e166be0e06ffbac98732264b,4dab6a9558a5b8884eab4e5abfa71a76,delivered,2018-08-13 16:28:15,2018-08-15 03:25:17,2018-08-22 14:15:00,2018-08-28 22:14:32,2018-09-11 00:00:00
a34ee4377977a9fb56e0f98a503f0dda,d8f4f31d3c53ea3bcbaad5249591871b,delivered,2017-03-11 00:05:55,2017-03-11 00:05:55,2017-03-15 14:05:16,2017-03-27 14:19:14,2017-04-07 00:00:00
0435b65bfd0a1cd1c48a82f5b405ea78,625784c6aad212dc7d249ea10e276617,delivered,2017-07-18 13:32:25,2017-07-18 13:45:17,2017-07-26 17:59:36,2017-08-01 20:34:47,2017-08-15 00:00:00
6e546451c98a5df5fccb147e1c68827e,8c7e8c23615d33fffa609b8702645cb6,delivered,2018-04-22 23:01:22,2018-04-24 18:37:45,2018-04-26 13:22:00,2018-05-02 22:42:46,2018-05-22 00:00:00
1613193aa6cbc8820d6b5c12536722a0,61cc0e28471e6851f580dbdcb60854e3,delivered,2017-03-15 16:00:40,2017-03-15 16:00:40,2017-03-21 11:38:10,2017-04-18 12:12:02,2017-04-26 00:00:00
886554d6a49f10154eb12b81a6c4ef4b,42382073d3ad89dce202e766862bc851,delivered,2018-03-15 13:11:13,2018-03-15 13:29:59,2018-03-16 21:53:45,2018-03-24 10:33:10,2018-04-23 00:00:00
e5f3aa7d16fea584333063fee66666b5,2c945d100d97a528af1ad94613a8018e,delivered,2017-11-30 15:47:28,2017-12-02 02:38:05,2017-12-05 00:03:20,2017-12-12 14:52:16,2017-12-26 00:00:00
b64b1539563ff515922bd124fd838863,a22203b8cd7210764aa43f442904a076,delivered,2017-05-06 11:48:53,2017-05-06 12:47:06,2017-05-08 11:46:42,2017-05-24 15:06:39,2017-06-21 00:00:00
f11d42e75fda2da775eb7a258bc5c635,a7ad58f5e42ef88d447efe9d7b02f4df,delivered,2017-12-14 18:33:18,2017-12-14 18:52:13,2017-12-20 16:38:38,2017-12-21 14:19:14,2018-01-03 00:00:00
06d6b5a626ba890f56dae296e1384f75,565ab5b150fec651f51db8783d2e645a,delivered,2018-02-05 19:28:53,2018-02-05 19:50:10,2018-02-06 19:54:43,2018-02-23 21:09:28,2018-03-13 00:00:00
23af56e201b15091e86aebe6bde84b2b,2acc2e222c7d4a93c01b88d28b17a1b3,delivered,2018-02-20 22:22:10,2018-02-21 18:50:31,2018-02-22 23:27:14,2018-03-22 18:34:52,2018-03-19 00:00:00
66608d7d921ffa9c6409e0a80f383861,34d4006019767b756428bebda87427e2,delivered,2017-11-29 13:05:20,2017-11-29 13:14:22,2017-12-02 00:18:35,2017-12-04 23:56:42,2017-12-13 00:00:00
15dbd4fa73037a8e8a6c619e4cffd46c,0f5cbabecf09e4453086b1db91138cb8,delivered,2018-06-01 01:20:55,2018-06-01 02:33:09,2018-06-04 15:09:00,2018-06-09 11:04:11,2018-06-29 00:00:00
d487835d01a5017cf60bdec36e5e8cff,40357acb43a9f2bac194202545bef741,delivered,2017-05-28 02:08:13,2017-05-28 02:15:06,2017-05-29 11:47:20,2017-06-06 15:35:25,2017-06-21 00:00:00
a212cde404c8177ad20508a28c282082,29461056d55b904562da2d9698e6a923,delivered,2017-11-16 13:20:26,2017-11-16 13:50:04,2017-11-17 13:28:41,2017-11-27 22:59:24,2017-12-12 00:00:00
52b828f13e08788433adad4a7d135779,3c9a7cf7435eb8c2afd717c62809b521,processing,2018-05-05 22:32:38,2018-05-05 22:53:19,,,2018-06-01 00:00:00
edcc6b79e8394346ba3ba21b00b4055e,08aea10c40f606e52597486db2b56a81,delivered,2018-04-29 16:03:47,2018-04-29 16:15:25,2018-05-02 08:25:00,2018-05-11 23:12:12,2018-05-25 00:00:00
dacbba6fa0fb5bbe678d0d3007b0be10,21fa276ecd01f54a1a15fe00a51110af,delivered,2018-03-16 11:47:36,2018-03-16 12:09:32,2018-03-16 21:33:29,2018-04-09 19:58:39,2018-04-05 00:00:00
e3143ad1af7d0f2878a66a1cd565e4a2,b0f994938a75bb0c6a523fee2e7c5746,delivered,2018-03-07 13:34:46,2018-03-07 13:48:13,2018-03-08 15:23:00,2018-03-29 19:33:01,2018-04-10 00:00:00
bc58b90707a6d6fe11fa9a989c5a7269,48af1e304b92d53867e5bc8892f2b052,delivered,2017-11-19 20:27:10,2017-11-19 20:46:32,2017-11-21 19:22:03,2017-12-07 14:38:49,2017-12-12 00:00:00
b7a418412fbab412e2a4da964aa235e4,a005c22f16d0a335ffdedd9173c83c53,delivered,2018-02-23 08:22:36,2018-02-23 08:30:33,2018-03-02 01:22:44,2018-03-15 21:51:49,2018-03-16 00:00:00
972c2e78e9af23a750a48184aadfca4d,9a311a6bd1f11fe0aa7cd6b77ba8e8ad,delivered,2017-07-27 08:44:21,2017-07-28 08:50:17,2017-08-02 18:22:33,2017-08-16 18:29:39,2017-08-24 00:00:00
c6bbe896f3c4d0cc5969d1e46ecab29b,31bfe03c50b9796f8b3b1360ea888364,delivered,2018-04-12 20:51:03,2018-04-12 21:12:58,2018-04-13 23:42:40,2018-04-19 21:58:48,2018-05-08 00:00:00
31209eb386cfc93a1aeacf7d2da74f86,a7822dc752d3f4130c061c077d15d5e4,delivered,2018-02-19 21:53:30,2018-02-19 22:55:31,2018-02-24 00:42:55,2018-03-23 14:28:41,2018-03-23 00:00:00
44029f83c215c9ede6c231dda3ab2219,3a274a842a177ac78b8c85127962aeba,delivered,2017-06-01 10:52:29,2017-06-01 11:05:17,2017-06-01 14:18:08,2017-06-13 11:18:27,2017-06-26 00:00:00
33ef079ec39c1b46e6e552e038e67c5b,4a5dc0dfa0d6bb6fee6eac33a4b39d7b,delivered,2017-01-15 18:57:33,2017-01-15 19:10:17,2017-01-18 04:57:56,2017-01-20 16:47:51,2017-03-01 00:00:00
2f7201b5d9baf4deb546eefab3b7125a,215db0d9420c188518c58426fc946c9a,delivered,2018-02-22 23:29:03,2018-02-22 23:47:51,2018-02-26 09:18:33,2018-03-13 22:38:43,2018-03-21 00:00:00
ab042583eff2cb1ffe2110a95da95d4b,6fb4f2354f36e554ac80141e9128f528,delivered,2018-01-22 12:02:21,2018-01-22 14:19:01,2018-01-24 14:36:32,2018-02-07 21:22:40,2018-02-22 00:00:00
eb9236a155ca9a3bb5059cdb8e167724,dd9e6d0e73eaac93397a66b760d9809e,delivered,2018-01-07 15:20:00,2018-01-07 15:27:21,2018-01-08 18:46:35,2018-01-30 19:59:10,2018-02-02 00:00:00
e14b9bc8bd743ef2c1075fa8c73e52a6,1ac37d50d7aa51410432a743a9c52ca9,delivered,2018-06-15 15:26:23,2018-06-15 15:59:52,2018-06-18 12:47:00,2018-06-28 21:32:07,2018-07-25 00:00:00
56ab0ef6726f49b711b84ce62e305c7c,5a643f32f961a09e6046bad513aa588b,processing,2017-11-21 17:54:26,2017-11-22 17:59:31,,,2017-12-13 00:00:00
65650a09e390bf885b72172fb90348cf,eca08a2a142685e81a822aff8d3df37b,delivered,2017-11-14 00:52:49,2017-11-14 01:06:51,2017-11-16 13:46:42,2017-11-24 19:32:25,2017-12-08 00:00:00
a4efaffc506a395c9cea7402b078c1e5,2020559b0ae9910898ef57a8159533ab,delivered,2018-01-17 10:50:09,2018-01-17 10:58:33,2018-01-24 12:30:54,2018-05-07 19:25:33,2018-02-23 00:00:00
fcc69f39fe215a8ad61a1d1b1868d88d,4ff41b1c00bade23c1ddcdabf5fe9009,delivered,2018-06-11 20:19:30,2018-06-11 20:41:01,2018-06-12 14:05:00,2018-06-18 16:22:11,2018-07-04 00:00:00
5f67e17e7b6a4989752e40276de7a0e7,e6c67be032549956a7f9f38854a918f7,delivered,2017-12-15 22:58:04,2017-12-15 23:11:40,2017-12-18 20:06:38,2018-01-05 14:14:24,2018-01-15 00:00:00
632caa865e0a254b21fc0ce5e6d02006,7d03d567ff50c1fb0e43724bf5f92fe7,delivered,2018-03-15 18:52:27,2018-03-16 17:35:37,2018-03-19 19:28:29,2018-03-21 21:21:15,2018-03-28 00:00:00
2f6c001bbacba3575b0852b17b0c3dd1,b2b863015dad63b56e3b9dae12d52f71,delivered,2017-06-04 20:44:34,2017-06-04 20:55:16,2017-06-06 18:38:23,2017-06-14 16:38:06,2017-06-28 00:00:00
a4907d55de6b9e1bbeffd51d8ea317bf,6400a543b43290107a7e65480ac3b41b,delivered,2018-06-16 11:46:49,2018-06-16 12:18:35,2018-06-18 13:51:00,2018-07-03 00:51:54,2018-07-23 00:00:00
cdf2839409d0f62e2b2e61b62b72dc16,852947b57caab58c544343592f5e06d2,delivered,2018-02-14 10:26:22,2018-02-15 04:07:36,2018-02-15 22:08:06,2018-02-26 15:27:06,2018-03-08 00:00:00
9cff15929217597cae032b555b2bed95,36b9676e6379e30a0df0cd7eddb48c2c,delivered,2018-06-29 14:40:08,2018-06-29 14:50:18,2018-07-03 12:12:00,2018-07-09 21:56:28,2018-07-20 00:00:00
7f2f81a366f89b37109845799fc5bbf3,844cb4ee61b1b92e94afbe24cb04edf8,delivered,2017-11-17 08:47:41,2017-11-17 09:06:58,2017-11-23 18:37:07,2017-11-29 22:34:41,2017-11-30 00:00:00
a9cd6c2b2f5fb42940c49246ea7ce08f,3e7b2479252ab3087413e44eb3354263,delivered,2018-02-02 11:14:39,2018-02-02 12:15:36,2018-02-06 22:43:39,2018-02-15 17:20:50,2018-03-02 00:00:00
ea974c4643d1f84570ee374ac0b44475,5d2a6f43827078f498988bdf977913be,delivered,2018-06-18 16:28:35,2018-06-18 17:01:27,2018-06-20 13:03:00,2018-06-26 19:38:36,2018-07-12 00:00:00
0350e1e5b7265e23e84b1e467e0b6b82,13a546131c3ba5360cefc5abbb428a01,delivered,2018-02-19 10:29:23,2018-02-19 10:46:58,2018-02-21 20:08:30,2018-02-23 23:52:25,2018-03-05 00:00:00
9a01e11eb3e82a6d9e7bd3f3acafa7ca,49206e681a7405da8d06cf16883575ff,shipped,2018-03-02 22:07:38,2018-03-03 15:35:24,2018-03-06 00:04:29,,2018-04-02 00:00:00
13dabdb9dbb49bde13dd90285c2640eb,bdeed2682d24050311eb6f60d75721e5,delivered,2018-02-12 19:26:15,2018-02-12 19:35:28,2018-02-15 15:52:28,2018-03-15 18:58:38,2018-03-13 00:00:00
b28cd85f7b7464e08e64f88fc6f6123e,142971bb683b69e32bf1b691f9acc928,delivered,2017-06-02 08:48:11,2017-06-02 09:03:35,2017-06-02 14:49:03,2017-06-09 12:43:46,2017-06-29 00:00:00
6596197a74edd396e3d34c53eff4ad6f,524d1030b6d659f0aa5e03f459a89b34,delivered,2018-02-07 20:18:57,2018-02-07 20:33:02,2018-02-09 16:44:31,2018-02-15 15:38:45,2018-03-05 00:00:00
2e8de999929cf628d91b5a78fb7c71de,79990624398c7f07be8365fe30da10a1,delivered,2018-04-16 10:37:51,2018-04-16 10:50:58,2018-04-16 23:32:38,2018-04-24 23:34:32,2018-05-11 00:00:00
9eee5730bfa05aa51dea08370c871abb,34f6d97c05765ba01cc9a5d58ce3ab7e,delivered,2017-09-18 22:36:33,2017-09-18 22:45:49,2017-09-20 20:17:56,2017-10-03 14:00:15,2017-10-13 00:00:00
66656ddf8a0954cd14d95c8d3ed6678c,839b4dc2602b8041b1593c8ad4c08682,delivered,2018-01-09 14:08:12,2018-01-12 08:53:28,2018-01-13 02:15:46,2018-01-23 19:02:53,2018-02-08 00:00:00
121bf0ddd1c3d94dd344d3f0e81de607,76151a775ac037b2e2acea0033ad43e4,delivered,2017-02-10 12:01:25,2017-02-11 06:50:19,2017-02-20 03:54:56,2017-02-23 11:23:29,2017-03-16 00:00:00
b483e46d6e6756224ac7bfebadf91e15,d3a05bd8ea655c5e7d56120b0b23669f,delivered,2017-07-12 14:11:35,2017-07-12 14:30:22,2017-07-13 18:32:33,2017-07-14 18:38:01,2017-07-27 00:00:00
7ff3ca8faea7dab783c1b45a736fb744,10953b2bea8e8eb31821c2d41e85c4dc,delivered,2017-06-30 20:48:51,2017-06-30 21:03:40,2017-07-03 12:32:22,2017-07-05 09:07:32,2017-07-13 00:00:00
ed74f58267e72cfff04845c801ae8bf0,b5f6b4b52d86c568a9b41c6babaebb20,delivered,2018-04-25 22:01:26,2018-04-26 21:55:19,2018-04-27 13:12:00,2018-05-02 16:46:46,2018-05-23 00:00:00
9216e5f315f7427f8bc325d861e071ec,028d9c8cb891f2860106890cbc40834f,delivered,2018-05-03 12:49:12,2018-05-03 13:11:49,2018-05-04 07:49:00,2018-05-15 00:27:57,2018-05-23 00:00:00
e61b3892b434215d5575d1f4c1b94da4,307329610b09cf8c45bec0d871eb1ec8,delivered,2018-07-23 19:25:17,2018-07-24 10:31:13,2018-07-30 13:23:00,2018-08-02 20:16:39,2018-08-15 00:00:00
75626319165f5a98618d8916fd5c6df8,7e8b40da1dd60be07114921fe802381e,delivered,2017-11-02 21:45:17,2017-11-02 22:06:01,2017-11-06 19:11:54,2017-11-14 18:09:10,2017-12-08 00:00:00
b16a6ea9c85cf3f6644f1529e04982da,1b2e930fc7821a521be8b5dcffa540e0,delivered,2018-02-20 14:06:04,2018-02-20 14:28:47,2018-02-22 22:36:31,2018-02-26 22:22:24,2018-03-16 00:00:00
71f2cb6a79279eae67ab5e770b2c2053,896fbb79da75a6bb466de84b5dcacc41,delivered,2017-08-31 14:26:57,2017-08-31 14:35:25,2017-09-01 14:04:10,2017-09-06 15:13:41,2017-09-20 00:00:00
aeb12b49be31428bee39c92e36968325,def2837c388d3254b44cc238dfaaa628,delivered,2017-03-27 20:31:23,2017-03-28 03:50:38,2017-03-28 08:24:52,2017-04-13 10:42:00,2017-04-13 00:00:00
fe9a6d1cc6a07629474a4ecb1ed9077a,e98e177d7d60c154a7da57096c1680f4,delivered,2017-12-11 23:18:51,2017-12-12 00:05:04,2017-12-22 08:39:00,2017-12-26 18:25:55,2018-01-04 00:00:00
23c4889b86a761e3cc76cecad70bff4f,7c397262827fc3b4fb1eaee0d480cbbe,delivered,2018-03-09 02:40:19,2018-03-09 02:50:33,2018-03-10 17:21:50,2018-03-19 15:42:33,2018-03-27 00:00:00
2f2d19b0f7b592189062b9ba3eaecc16,ff9602a062f03021213c2ffcfd7f7e9d,delivered,2018-02-27 17:09:11,2018-02-27 17:28:25,2018-03-01 01:23:26,2018-03-16 01:06:26,2018-03-26 00:00:00
e0b23ee5e7134cc220b6bbba915ee91c,04c6e463d6568c157c2b96e5a4e34a23,delivered,2017-09-19 19:46:11,2017-09-19 20:04:05,2017-09-21 19:11:32,2017-09-29 20:49:52,2017-10-05 00:00:00
9f98d6530155e3b3869f47e53834b562,0f1749055e31c2093f2392e8a639e1be,delivered,2017-09-20 15:26:33,2017-09-20 15:44:19,2017-09-22 18:46:47,2017-10-03 23:18:18,2017-10-13 00:00:00
2bfb6645f99e561b82bbdd84c98da7e1,1052b949c000efee96083e5b24bd7a60,delivered,2018-05-11 22:49:21,2018-05-11 23:11:15,2018-05-14 11:13:00,2018-05-15 15:56:33,2018-05-24 00:00:00
e0392865844b1934818565a516cf8bdb,9146a82ef0aef149115d9365555b4343,delivered,2018-07-18 12:19:12,2018-07-18 12:30:20,2018-07-19 13:58:00,2018-07-23 21:30:35,2018-08-09 00:00:00
a4df4e468e42ed5687c3ee2e925239a7,e5e50b9e762526a12499a7bb4e97a862,delivered,2017-12-04 17:42:45,2017-12-04 17:56:23,2017-12-08 21:38:48,2017-12-15 23:42:41,2017-12-28 00:00:00
1cbc4deb78977f04e2e3c262a613abc0,091644e5b77192246134faa0a042a356,delivered,2017-11-25 13:31:25,2017-11-28 03:32:40,2017-12-01 21:59:03,2017-12-07 17:48:53,2017-12-15 00:00:00
8c98f0aff69a4ac8620e15058c497092,0b706fbffec4cc332af5995e683ba779,delivered,2018-06-13 22:04:23,2018-06-13 22:38:47,2018-06-14 12:49:00,2018-06-25 17:13:28,2018-07-05 00:00:00
c7a01909a06bdf140604711177208036,ccb8fcc1f4292df715ceb9e190dd8682,delivered,2018-08-08 14:47:01,2018-08-08 15:04:57,2018-08-10 12:11:00,2018-08-20 16:46:33,2018-08-28 00:00:00
b86ddd788f0b18de16cd6562b3a9266c,5f9d934496cdd0317bf9d307fa131859,delivered,2017-10-09 08:49:32,2017-10-09 09:04:54,2017-10-09 20:23:49,2017-10-10 20:32:43,2017-10-25 00:00:00
9fa33f47b8defffcb858b25dff6c55e6,b8e0b0edff2de6181d492311d927769e,delivered,2018-01-22 10:10:44,2018-01-22 14:15:52,2018-01-23 22:29:37,2018-02-14 22:51:54,2018-02-15 00:00:00
eabfb81cf01d772d65405ff27c793ddb,e44d9a10a0978d6c21403879bf8076d0,delivered,2017-01-23 16:57:22,2017-01-24 06:50:18,2017-01-25 10:56:42,2017-02-02 10:25:07,2017-03-20 00:00:00
a71763b37d5723556f170c6b45f540ed,750552a134fd72b2627d5dacba2d23aa,delivered,2017-11-16 13:53:55,2017-11-17 03:46:23,2017-11-21 20:32:53,2017-11-24 19:27:33,2017-11-29 00:00:00
beeec4fe9275a411277354695e721252,15a581dd2c1425a1a859d6dfe00d69bc,delivered,2018-05-06 21:42:44,2018-05-08 19:34:55,2018-05-09 12:35:00,2018-05-14 14:03:45,2018-06-04 00:00:00
07f2e5679e13d0e45de9da85bb833558,c99704d45e509477b708b7ed594fb324,delivered,2018-07-11 13:48:12,2018-07-11 14:06:16,2018-07-11 18:13:00,2018-07-12 21:31:48,2018-07-19 00:00:00
30c26d11b6d707abbd543b6d1910106d,04e348e604e760a16a4d3160462c73f4,delivered,2017-11-24 10:49:07,2017-11-24 12:32:49,2017-11-27 22:14:40,2017-12-12 18:20:56,2017-12-15 00:00:00
ca28049cbd8e65a6e26834584bb3d38e,c218c0ad64ba488d6abf967e0e346fb2,delivered,2018-02-08 01:34:00,2018-02-08 02:35:26,2018-02-09 22:17:20,2018-02-22 16:33:53,2018-03-08 00:00:00
239f380355f65dcb68551f07d16fc4a8,4150cf7549e3776c9c3c6b54349b23f3,delivered,2018-06-26 15:00:56,2018-06-27 14:55:12,2018-06-28 14:35:00,2018-07-13 20:48:26,2018-07-26 00:00:00
dca86af3a25e55e88e77e0197f4b6c2b,cd91f11fdee723232212c46ce64b4809,delivered,2017-07-18 10:12:26,2017-07-20 02:11:16,2017-07-21 17:59:52,2017-07-24 15:39:45,2017-07-31 00:00:00
98f7181cfa8722f0a06d9c025d5f71fe,0d18e5ab5d69e1bac8dd02e02c9b2230,delivered,2018-02-12 14:04:30,2018-02-12 14:27:27,2018-02-16 00:05:09,2018-02-22 21:08:28,2018-03-19 00:00:00
3fa8403b65d7e40a6d9ceed8802b4d96,94d00a2a42c7af169f6f5f44f7a86b75,delivered,2017-11-26 17:58:43,2017-11-26 18:12:57,2017-11-27 11:34:44,2017-12-02 16:58:45,2017-12-18 00:00:00
0df706c2c6b700754129d98ffef2b669,ef3bbff3023c5032593c0e754f87114a,delivered,2017-05-23 20:15:27,2017-05-23 20:25:19,2017-05-24 15:17:54,2017-06-21 16:47:51,2017-06-28 00:00:00
bee896dee409e283b040fd0b5cd2ae16,bf7829c59bdda3409fdb934815d53836,delivered,2018-07-05 21:00:10,2018-07-05 21:12:05,2018-07-10 11:12:00,2018-07-13 14:41:52,2018-08-06 00:00:00
db88396cf9aab6635eb909ed423d6662,167db18e4fbd9ba3dec2aa5a7b79969b,delivered,2017-05-26 14:36:30,2017-05-26 14:50:14,2017-05-31 15:47:23,2017-06-13 13:52:05,2017-06-20 00:00:00
26a232627994b0bdd4a4975bedde0e63,afdde8786fe503ed8704b7b091d9265b,delivered,2018-07-16 14:00:31,2018-07-16 14:15:14,2018-07-20 14:41:00,2018-07-23 21:35:52,2018-08-07 00:00:00
914850b13acc6b7b75bed132fcc7d0bb,caafbaf20864b4b9ce101b71a74677e7,delivered,2017-12-02 12:22:42,2017-12-02 12:32:29,2017-12-05 22:46:52,2017-12-14 12:22:13,2018-01-02 00:00:00
777b4b0b8467866361a717d277ef1b1f,c21e32dc14bf1951f1cde9b3d149f35b,delivered,2018-04-02 22:55:40,2018-04-02 23:10:16,2018-04-03 21:08:55,2018-04-16 20:56:46,2018-04-19 00:00:00
b16eb7a0c75d99f6818fc68dffa8f11d,6e340889d05dbbe467a8de3ac31ba55c,delivered,2017-05-18 11:18:16,2017-05-18 11:30:14,2017-05-19 10:28:22,2017-05-28 11:19:46,2017-06-09 00:00:00
be3f2215558f0027b83b3a51e6454c3e,2098460678d4ec096748c21bea80fd87,delivered,2018-06-19 14:04:13,2018-06-19 14:17:40,2018-07-03 08:03:00,2018-07-09 14:32:00,2018-07-19 00:00:00
b3443b9956f438b73ca1d434c1d209d4,50a6b9bf2be166cbccc5b039176833bb,delivered,2018-02-15 08:13:47,2018-02-16 08:07:35,2018-02-17 01:33:25,2018-02-20 19:38:56,2018-03-02 00:00:00
f13e2dd2c1c2f64bad1edb05bf4f241c,6641d4bc99bd20a09ec8c66f4c7ae0e3,delivered,2018-06-28 10:55:54,2018-06-29 02:53:16,2018-06-29 13:39:00,2018-07-03 19:48:24,2018-07-20 00:00:00
9b189f6cf2ef734a7dd0419ed3c64d99,f8508e9ec506a046a25f3a4a63d0c630,delivered,2018-05-11 10:49:39,2018-05-11 11:09:02,2018-05-14 14:49:00,2018-06-25 13:08:37,2018-06-13 00:00:00
0e91a45e000263f1a4d58c5ecb5a52d7,4956084127edf70906aa6ffa9ce1e635,delivered,2018-01-09 15:49:48,2018-01-11 10:08:50,2018-01-16 22:09:29,2018-01-22 23:06:18,2018-02-02 00:00:00
296b1479f16b9b8b7ac30b42d5b35c49,04509e3fc8b310f74b4ee514f0c1899d,delivered,2017-10-16 13:30:58,2017-10-16 13:49:42,2017-10-16 20:09:57,2017-10-18 21:02:39,2017-10-27 00:00:00
5e6786653a325a061d408b04a91c0233,b7cb32f9af2209cd24f528f67ca51f19,delivered,2018-02-09 13:46:13,2018-02-09 14:15:48,2018-02-16 15:35:43,2018-03-07 18:36:45,2018-03-08 00:00:00
8ddd6fc19a466ec0847fec42d69824c6,dd43426ee4923b0a1c0dcd48cc1ee36e,delivered,2018-05-19 18:43:01,2018-05-19 18:58:35,2018-05-23 13:36:00,2018-05-30 19:08:23,2018-06-18 00:00:00
4d19a84d4fe92e95e982b879faa52c20,c286d8d1ca1868b73e7e89118129fdf2,delivered,2017-07-25 22:57:29,2017-07-25 23:10:14,2017-07-26 20:04:25,2017-08-01 20:56:31,2017-08-16 00:00:00
b65d2760746d1872f57f872c7c881c4c,594d026e19325c3e1a570e17b0cc0543,delivered,2017-03-05 23:21:34,2017-03-05 23:30:17,2017-03-07 08:44:14,2017-03-20 07:06:08,2017-04-04 00:00:00
b669dbb8187ebd3a27a9d710d9e53194,bcf47f22d180c8242c96c83bf11fdc51,delivered,2017-05-17 23:58:42,2017-05-18 01:25:18,2017-05-23 10:08:31,2017-05-31 14:59:43,2017-06-13 00:00:00
c1fbc5439e7dfc2d85fef29b7353bbdf,685bdb800c0df843bb14d7a7a241c0df,delivered,2017-07-17 13:34:52,2017-07-19 03:45:21,2017-07-20 18:31:53,2017-07-26 01:03:32,2017-08-09 00:00:00
469a464be162099fa2c0e8f1cfc871db,be687363317507b670445b40f548a747,delivered,2018-02-21 10:13:41,2018-02-22 02:08:57,2018-02-27 04:52:37,2018-03-25 14:35:04,2018-03-14 00:00:00
3c901df8e80c646961877910379f4c1d,745b41873a19a0a1b38807987bd21cb2,delivered,2018-02-09 20:03:05,2018-02-09 20:15:25,2018-02-19 18:14:21,2018-04-10 18:24:44,2018-03-06 00:00:00
1e648b21368a3ed91634edf2b262d33c,687a935172033fd0c5fa350e5cfe1458,delivered,2018-01-11 14:59:27,2018-01-11 15:09:31,2018-01-12 21:10:16,2018-01-16 22:25:06,2018-02-09 00:00:00
df66e94131ba6d4c45c7b0f75680d29b,4baaaf6362f7e72690d2c85b4f6f9eff,delivered,2018-07-17 09:42:13,2018-07-18 03:01:48,2018-07-18 10:10:00,2018-07-24 23:39:44,2018-08-01 00:00:00
e95fc2995e8119f6216b0fed9887ef3b,97144965e658e088379f20e1b464cf2c,delivered,2017-11-26 20:36:27,2017-11-26 20:53:30,2017-11-27 16:28:06,2017-11-29 16:03:36,2017-12-18 00:00:00
fc56d6734e3fc6fa34d7e752a49bf25b,59c20aaccd770eacb8b3dac4b3ef9358,delivered,2018-05-23 12:40:38,2018-05-23 12:54:55,2018-05-24 10:49:00,2018-06-07 16:49:06,2018-06-19 00:00:00
3928ee08774d7c7850f58871b25ce3ec,7a74aa94eccd47b6c280dd22bdfaa5d2,delivered,2018-08-22 20:55:15,2018-08-22 21:05:13,2018-08-23 13:36:00,2018-08-27 14:06:46,2018-09-14 00:00:00
9a697390de6da65c977ba337071a06a3,7d428145472db20c245cfc1d7a6af615,delivered,2018-02-06 09:43:31,2018-02-06 09:55:36,2018-02-06 21:33:13,2018-02-21 20:39:27,2018-03-09 00:00:00
ade5be9864c75127b5d9dbec4850da34,9b36e720f2f357d9bfc8a1b27706e6a8,delivered,2018-03-29 06:43:10,2018-03-29 07:35:08,2018-04-03 20:26:58,2018-04-10 22:54:48,2018-04-20 00:00:00
2cbb35d23159c9f44b1e6ee4735181d2,022bdd440f8a37e8ba62d67287135a75,delivered,2018-03-28 11:29:44,2018-03-28 11:47:56,2018-03-28 21:50:58,2018-03-29 22:58:53,2018-04-18 00:00:00
939b9bfbbe679418ac73646f380353ec,ada98c5815c41b1489a6b5761a36655e,delivered,2018-03-25 14:11:36,2018-03-25 14:27:49,2018-03-27 00:42:07,2018-03-28 19:47:26,2018-04-06 00:00:00
4c3499a7df623b40778ee01a90811a2f,7422267f46a52991b0a78f0e10e1ca65,delivered,2017-06-12 13:49:41,2017-06-14 02:30:19,2017-06-16 14:58:43,2017-06-19 21:33:04,2017-07-05 00:00:00
04b7738ad5fbb213eeb7a2145bea8242,46c8678b6afe29d90d3142f31ff01791,delivered,2018-05-16 10:58:56,2018-05-17 02:15:23,2018-05-17 11:42:00,2018-05-18 20:22:23,2018-06-08 00:00:00
cb2ca9584ce09074196d8fa3f3ae804b,35c5d6d54387298f596d72d4a3b12721,delivered,2018-04-20 11:16:37,2018-04-20 11:31:15,2018-04-24 00:38:33,2018-04-24 16:32:06,2018-05-09 00:00:00
3e52730ef2fac6c1dc97b85aa5180ff0,0148f71e97a15ed3cf071ea28250eb87,delivered,2018-05-18 14:14:10,2018-05-18 14:34:54,2018-05-21 09:15:00,2018-06-08 11:33:30,2018-06-19 00:00:00
654c6463f421d51939eae082dcc3b15e,84b3985a451fbc57255b5f65c2763cca,delivered,2018-04-17 16:03:58,2018-04-17 16:30:18,2018-04-19 19:36:39,2018-04-30 14:40:53,2018-05-14 00:00:00
a3ba21f961c9d61f7502766974371616,82a5458c7efd1055b6ab24f6985fa233,delivered,2018-03-04 08:56:57,2018-03-04 09:09:52,2018-03-07 20:35:21,2018-04-17 21:34:51,2018-03-27 00:00:00
26dbf6db0bc6942823fa21ef58e3ce4f,30d149ba8c3793107e4829a8aaa4406f,delivered,2018-05-05 14:20:42,2018-05-05 14:30:13,2018-05-07 07:26:00,2018-05-09 20:21:54,2018-05-21 00:00:00
c9c727aec325e060789405c422a90c1d,24422572c50718665f5a8589e5d55d78,delivered,2018-08-14 10:03:27,2018-08-14 10:15:17,2018-08-16 15:18:00,2018-08-25 17:48:33,2018-09-20 00:00:00
9634a2f4e8ae92d44d182b5acddb8955,a9eff89343d9d04ca381e8a374cdbf10,delivered,2018-06-13 14:07:57,2018-06-14 02:39:42,2018-06-14 14:29:00,2018-06-20 21:46:52,2018-07-05 00:00:00
700bf35cd16de6e4d5d1e6e023b0221d,a03d07bf4aa2b1c94d11585aacbdaac2,delivered,2017-06-14 23:41:17,2017-06-17 03:49:57,2017-06-19 11:08:07,2017-06-27 14:32:10,2017-07-07 00:00:00
32c28df30cefeb8eb92d79d4adba2e1e,545bd426acb3f30a7672e7d5769431ed,delivered,2018-05-23 11:48:01,2018-05-24 02:35:18,2018-05-24 15:49:00,2018-06-05 17:44:51,2018-06-14 00:00:00
9b05f77ce0774039487118673d490f37,dbc0875589e7140d0f2fdaa85de3c1aa,delivered,2018-03-06 15:16:43,2018-03-07 03:08:32,2018-03-08 21:55:27,2018-03-14 20:38:48,2018-03-26 00:00:00
2b3c116f4ae22a4b4a127c73d39f5d6e,220367f3c3fb236001b6afb8d3c0e9aa,delivered,2017-06-24 01:01:40,2017-06-24 01:15:07,2017-06-26 14:33:16,2017-06-30 14:58:46,2017-07-18 00:00:00
69d4b792fad7f4acff2e38e426f5e3ea,7681fbcd3ede0e49dd00c993245ffb3d,delivered,2018-04-04 22:14:05,2018-04-04 22:28:45,2018-04-10 23:58:51,2018-05-09 17:11:28,2018-05-03 00:00:00
4460d444aff619a6e34f6080d64a3e73,6e1f1a05297f39ca54b3949e68c9a0a6,delivered,2018-03-15 16:31:03,2018-03-15 16:49:07,2018-03-16 20:12:51,2018-04-06 17:39:29,2018-04-17 00:00:00
ce8502b200546c12a54e51a65f313f34,b494a22912f25bd9fd639019c32607ca,delivered,2017-03-23 14:42:05,2017-03-23 14:55:08,2017-03-28 12:24:06,2017-04-07 16:52:30,2017-04-24 00:00:00
fd367f6c9ff07dedbdbf5c44b23d209a,5ddb3dc4aee7f86a48f39e2d1b836a41,delivered,2018-04-19 11:17:13,2018-04-20 07:31:40,2018-04-26 18:54:00,2018-04-28 00:16:56,2018-05-04 00:00:00
3a353ddf8b0cac74d4b4376f526283cd,33f382bbe8b6dd6a3b7f4f161b05e45e,delivered,2018-05-16 22:27:03,2018-05-18 05:34:21,2018-05-18 14:28:00,2018-05-21 22:06:30,2018-06-05 00:00:00
fdb6e644d463ad142d9ed03c9f6222a6,9ccf002a05faa1131c4ffb8b3cfc0b46,delivered,2017-04-08 16:23:45,2017-04-08 16:35:23,2017-04-11 15:44:15,2017-04-19 13:15:03,2017-05-02 00:00:00
b4568e6876016532c655618a5994591b,596a331453a4d186667190bc667aaec5,delivered,2018-01-26 17:36:28,2018-01-26 18:00:12,2018-01-29 23:22:34,2018-02-03 11:44:30,2018-02-21 00:00:00
26b66bcb4cb37fe553c114832d3a5e45,e75cd2b8044ef17f9fb52badd80a76d2,delivered,2018-04-11 18:17:34,2018-04-11 18:31:29,2018-04-13 16:04:32,2018-04-15 14:04:32,2018-04-27 00:00:00
fa44b98d202360f1246681a3e0405db4,ef95061d7fabce59a19b991b10e9bfc5,delivered,2018-02-05 20:25:11,2018-02-06 04:32:07,2018-02-10 11:54:41,2018-03-17 17:57:18,2018-03-05 00:00:00
9d2a11bab82354e3c134c7212988228a,7cb29cd77ba1de0bef1bd69d0e6f185d,delivered,2018-06-04 15:55:39,2018-06-06 02:35:14,2018-06-06 15:46:00,2018-06-09 17:22:29,2018-07-05 00:00:00
41267d204131714c919730fc9cf0adee,4a2231202fbd4dfb5678c0241d7cf141,delivered,2018-02-12 08:31:11,2018-02-12 09:48:44,2018-02-14 17:29:43,2018-02-17 00:16:36,2018-02-26 00:00:00
b97c941aaa3079b3eaef0786f512bf13,6b0fafb93f2ffe553ee4226de796542a,delivered,2018-04-08 20:58:09,2018-04-08 21:10:53,2018-04-09 19:11:54,2018-04-13 13:52:43,2018-05-03 00:00:00
378035ea5017f82d47a885f52fff9be1,a5cc05472dc39567d79da21664133388,delivered,2017-05-05 11:25:20,2017-05-09 09:43:18,2017-05-10 03:42:16,2017-05-17 14:06:02,2017-06-05 00:00:00
4c57f545143e8865ca2347d8cba154a7,4d4f3df77247391775a95ca8bf017d8c,delivered,2018-01-26 11:21:04,2018-01-27 13:33:05,2018-01-29 21:16:54,2018-02-01 17:54:56,2018-02-19 00:00:00
746894acbab13a8cb17e369fdee65152,a5c106ac83bc1dad699205d5a3cad955,delivered,2018-05-05 17:11:21,2018-05-05 17:33:27,2018-05-07 13:48:00,2018-05-20 16:03:17,2018-05-29 00:00:00
499331448de4dfe6a702b8550821720b,098c4d55ae6761b13901be67e6f22ac1,delivered,2017-02-24 15:28:22,2017-02-24 15:42:19,2017-03-01 08:22:24,2017-03-06 09:54:48,2017-03-27 00:00:00
bd2e72e4a107f535d737c2c2a52a018d,6f47b7699f8a027611922b02d6078f91,delivered,2018-08-22 02:28:35,2018-08-23 02:44:20,2018-08-27 13:51:00,2018-08-30 20:23:53,2018-09-13 00:00:00
c6984432d9f4eefb72712f14a8103b6e,45c4444133e260eb729533fbf3b1837e,delivered,2017-07-23 09:24:01,2017-07-23 09:35:13,2017-07-26 16:47:46,2017-08-01 18:27:38,2017-08-15 00:00:00
befae3252c7f7ffb6abdeb4d3f4eb668,873951dbadc164fa5d61eed16cf38770,delivered,2017-05-16 16:41:51,2017-05-16 16:55:19,2017-05-18 06:35:58,2017-05-25 15:49:42,2017-06-05 00:00:00
38aa75897750a332bf16c880772df768,2dbaa0a8ff7368884cb638b3fb17638b,delivered,2018-05-04 14:06:34,2018-05-04 14:15:29,2018-05-05 08:40:00,2018-05-08 18:46:37,2018-05-21 00:00:00
18aff2402dfe994cc353173909a740ba,d79fb17b8cca444c9a779a23137074c6,delivered,2018-02-19 22:50:37,2018-02-19 23:50:29,2018-02-21 17:45:23,2018-02-26 18:29:09,2018-03-22 00:00:00
dcda6f9e7ef0110e7cfc192c003c8ae4,07730bcce8f619f15485de16f0793767,delivered,2018-08-07 10:39:04,2018-08-08 03:24:53,2018-08-08 14:04:00,2018-08-15 15:58:35,2018-08-21 00:00:00
c98f20eb107a235a15b60b2b5de731da,0db14e678766522f6cb08781de60626e,delivered,2018-08-05 11:07:44,2018-08-05 11:24:17,2018-08-08 15:34:00,2018-08-17 19:41:09,2018-08-16 00:00:00
194e7b03e4469b2bcc7ba3c353077252,2e8bfe5a56818eccb5017d88820db31f,delivered,2017-09-09 11:00:18,2017-09-09 11:15:37,2017-09-12 20:04:01,2017-09-18 18:31:40,2017-09-27 00:00:00
409e6afee2a8d16df0be7d30f6278067,b174fb91c364d103fdbe5b9ccd95a991,delivered,2018-03-01 00:40:25,2018-03-03 02:51:37,2018-03-08 19:52:53,2018-03-18 12:21:02,2018-03-22 00:00:00
8cbb4c68b07f1ffbb2a640bcede44b4b,3c11f4f0d688fcca55850744ec691440,delivered,2018-03-01 10:25:26,2018-03-01 10:49:47,2018-03-12 16:29:47,2018-03-22 11:27:49,2018-04-04 00:00:00
3d7fb1dd6ff6f0eedb9976eda81e4a95,e4d7da67c0fd69d37a1ced68726d9b25,delivered,2017-11-24 12:33:11,2017-11-24 14:39:31,2017-11-28 18:32:26,2017-12-05 01:16:56,2017-12-14 00:00:00
a867d77ca2a1f66f8ef67750c711d074,0e2a4c9eb384b1ded134d519b6baa0fe,delivered,2017-07-13 18:53:08,2017-07-13 19:05:41,2017-07-14 16:49:31,2017-07-20 17:17:52,2017-08-02 00:00:00
430545209b9cc4b7ef7ae765a54816a7,2b1b46ed74054a19c6b1751c0284c1cf,delivered,2017-05-22 12:58:59,2017-05-23 04:10:25,2017-05-27 04:41:37,2017-06-07 08:59:41,2017-06-16 00:00:00
1c81cddd8cd868c4f95fa77dde1810d7,86f4aa9faf5fd1c55a84b395183c8619,delivered,2017-06-06 11:38:15,2017-06-06 11:50:17,2017-06-08 08:54:50,2017-06-28 16:32:30,2017-07-25 00:00:00
5db2ef66c9c43c3ede53f72e6d10760c,8f9dd2625351d1727097357b1e240ac7,delivered,2017-08-15 16:00:04,2017-08-15 17:10:21,2017-08-16 18:10:17,2017-09-01 19:26:49,2017-09-11 00:00:00
cc0482c9c30742e1f8ce96e0e1cebe07,58993c1b0cf20b93cd56ce5ca278381e,delivered,2018-07-20 17:07:51,2018-07-21 17:04:01,2018-07-23 07:53:00,2018-07-25 19:46:49,2018-07-30 00:00:00
76b6310b3f184c266dabec32ac0eb26a,6cf178abb6cadf4e56f9bb91c672c4e4,delivered,2018-02-16 15:48:57,2018-02-16 16:07:06,2018-02-17 15:05:30,2018-02-23 23:59:22,2018-03-08 00:00:00
12950f3d9bc12065fc5da141faab5780,5e6916fe2fcc2d982cc64eb97f593b92,delivered,2018-06-29 22:06:25,2018-07-02 09:30:32,2018-07-02 14:33:00,2018-07-12 20:06:33,2018-07-26 00:00:00
dc8813f7d3d197a72f015b1faf219a72,1b116df734af684a39602a867430a4ae,delivered,2018-01-11 11:04:40,2018-01-11 11:13:21,2018-01-15 17:48:53,2018-01-22 23:13:08,2018-02-20 00:00:00
44e5e4871a2b86afa53f08e86001bca5,5176b354a363c7c6884ea58c62884608,delivered,2017-12-20 12:25:46,2017-12-20 13:02:25,2017-12-20 23:09:28,2017-12-26 20:16:54,2018-01-09 00:00:00
2582e280d624a46c545db9c09f6cd424,2de12f428569afe73e5e6b1b4e2f8179,delivered,2017-10-24 11:34:33,2017-10-26 03:09:43,2017-10-27 19:51:50,2017-11-08 19:22:14,2017-11-21 00:00:00
762accd1f919295f51f3b39e314cee12,e9185b3210712b4d59df466551941825,delivered,2017-05-29 20:15:29,2017-05-29 20:25:16,2017-05-31 09:07:44,2017-06-06 15:58:05,2017-06-09 00:00:00
275725b6f36bbcb5524f2f7b704cfb3a,1b36cf62ae1e4c76b0be903a75c4d52c,delivered,2018-06-29 17:25:43,2018-06-29 17:50:42,2018-07-04 13:30:00,2018-07-13 18:08:34,2018-07-27 00:00:00
bfb11ae717892540547adae8fea72c10,4145e2cdf46220102a9838f6c37b2184,delivered,2017-09-13 15:12:00,2017-09-13 15:34:45,2017-09-14 16:12:27,2017-09-18 21:21:51,2017-09-29 00:00:00
9fc9a2d21f7cc6a9fad3431d2250ead7,e4533e66897653612225400895e0fa39,delivered,2018-01-16 16:57:33,2018-01-16 17:10:06,2018-01-17 18:37:17,2018-01-22 17:16:37,2018-02-07 00:00:00
ea8dcab0edc786ce2f0ae34a906657d1,33dde4e12f42caa841c4686f7f04eac1,delivered,2018-06-03 20:21:57,2018-06-04 20:15:20,2018-06-06 15:03:00,2018-06-11 18:48:46,2018-07-16 00:00:00
67d413d255c5eb97d120a90d68e2c3d9,893f9d0672c5190ed0d36e777d769a3c,delivered,2017-06-12 10:26:36,2017-06-13 04:05:13,2017-06-13 15:29:50,2017-06-15 10:03:35,2017-06-28 00:00:00
a5875ee134166b373cc08cbea838760c,c55a6a8fb09446878f0ec7d78a1471b8,delivered,2018-08-24 14:30:31,2018-08-24 14:44:59,2018-08-27 13:20:00,2018-08-30 14:46:57,2018-08-30 00:00:00
6b6634917b74d4db4d32cf09754c061d,1ac1963cfcf8bda4b3b64300c5b11b16,delivered,2018-07-18 16:59:04,2018-07-18 17:10:20,2018-07-19 09:26:00,2018-07-23 20:21:28,2018-08-08 00:00:00
c000556923c9e9f96eb1121213f153b0,e630c8a8b546a3a6486ccdca9cc6eb0a,delivered,2017-11-24 14:22:59,2017-11-24 16:33:41,2017-11-27 21:43:07,2017-11-29 21:37:23,2017-12-12 00:00:00
2c8d335aabf96328d817f48bdbccc430,2686a83dc8181e558df153bea379e2de,delivered,2017-10-19 06:28:39,2017-10-19 06:49:06,2017-10-19 17:53:09,2017-10-23 13:32:14,2017-11-07 00:00:00
2e2e88c4bb691287b71a9e1ee8a193a4,439f42a3cd2931ef5f1bb20e54f2357d,delivered,2017-01-12 23:42:50,2017-01-17 11:35:11,2017-01-17 14:44:18,2017-01-26 13:11:27,2017-02-22 00:00:00
b7bdc34249124db0a0637b568f5afdc1,59114bde7ce6b9fd6ed88bb8dc422d46,delivered,2018-06-27 16:57:28,2018-06-27 17:10:42,2018-06-28 14:39:00,2018-06-29 20:12:29,2018-07-23 00:00:00
d66cc620bf1415956e645bc1123aaa50,112a2b7ccb2d89926da59b967775b8f8,delivered,2017-12-02 17:28:08,2017-12-02 17:38:24,2017-12-04 19:12:05,2017-12-13 22:37:49,2018-01-03 00:00:00
b0478e447df29ef9a7efd1eb63de629c,08b9cbfbf948ebc2dc43212aa3b5a2a2,delivered,2018-02-01 05:41:35,2018-02-02 02:54:04,2018-02-08 22:51:35,2018-02-20 11:46:01,2018-02-23 00:00:00
762a479b42165d528417d5c3220640fc,935ceb581095e6dd41a24c74f2f0ca6c,delivered,2018-01-07 20:49:38,2018-01-09 07:25:55,2018-01-10 18:32:47,2018-01-12 20:34:34,2018-01-24 00:00:00
526043f9d39d510f7a79547410cd3318,6ea0cb2f488c5dd5311de194008ab1a8,delivered,2017-11-02 11:45:23,2017-11-02 12:05:18,2017-11-06 21:22:35,2017-11-16 21:26:57,2017-11-28 00:00:00
481bba01f1c9a6070e8bdcaf7965b1e0,7787f804c4ac91d4e231f532f7d70c2b,delivered,2018-04-04 10:30:16,2018-04-04 10:49:12,2018-04-05 23:17:33,2018-04-18 22:00:44,2018-05-04 00:00:00
3b2cfa22d9226264ad6c05510c4a3ef3,3deaf89058a65b6c3fd21ff77a189ea0,delivered,2017-07-20 10:11:42,2017-07-20 10:23:23,2017-07-20 20:06:00,2017-07-26 11:04:59,2017-08-11 00:00:00
1488ee1c0dc7439e64d5df80ae9f6089,42396af504e7592889a5e54951ce2cb8,shipped,2018-03-16 17:44:05,2018-03-16 17:55:36,2018-03-22 20:33:27,,2018-04-13 00:00:00
cf37324c9d35fb8f5f9d14cd6d48a3a2,fa8d8a26ce081c2669b4c79639a98e08,delivered,2017-05-14 09:13:09,2017-05-14 09:25:14,2017-05-15 11:36:13,2017-05-16 15:22:59,2017-05-24 00:00:00
efff0f02714bda94c05b552d6603f6f9,8cad893a6771fcbf107ffedd147bc71d,delivered,2018-02-06 07:02:11,2018-02-06 07:10:24,2018-02-06 19:19:10,2018-02-09 22:39:55,2018-03-02 00:00:00
280a1ee261c5b9821daccb1fcdd0f776,0e3fea1b0f292d71f5e8750446801344,delivered,2018-08-08 12:55:10,2018-08-10 03:10:17,2018-08-10 13:46:00,2018-08-16 13:29:41,2018-08-20 00:00:00
7581c7decedb7d7f4310ef8313f935a7,c9714864eb54838221b5ae330c338590,delivered,2017-03-11 17:50:16,2017-03-11 17:50:16,2017-03-13 13:23:22,2017-03-20 05:52:09,2017-04-03 00:00:00
d556bdb76163c01de4a108305dc4bd65,7a3d80bf0a5b5b564db738f5aa86c7a9,delivered,2017-11-09 19:40:27,2017-11-09 19:50:38,2017-11-14 19:29:12,2017-11-16 21:57:02,2017-11-23 00:00:00
c1712e588b4d7547170f454dba1ef0c3,e516dbd004a6367d636cf7f5bfbaefcc,delivered,2017-11-10 09:18:19,2017-11-11 09:26:44,2017-11-14 16:51:42,2017-11-28 18:09:31,2017-11-27 00:00:00
a06dda7f954798c0ad5a0b24e73b1ddb,5b0317e52f6059c5ae2572fc5edeb9a2,delivered,2018-08-25 23:39:08,2018-08-25 23:50:17,2018-08-27 14:49:00,2018-08-30 22:41:41,2018-09-12 00:00:00
6b36830dcd8e168800764cf5077796bf,187eff014e217a4f13317d72024f4a93,delivered,2017-05-07 10:19:33,2017-05-07 10:30:16,2017-05-09 07:34:35,2017-05-18 10:19:44,2017-06-07 00:00:00
0b24d5a62da084e9c66959aff6328dbc,2b261c26529c69b68839968c14d22369,delivered,2017-12-03 14:18:57,2017-12-03 14:28:25,2017-12-04 23:29:06,2017-12-14 18:32:27,2018-01-02 00:00:00
4692a9af537563c6a43b14abe7bd951d,e9804bd21b1d9db0bf2bf5857bec27c0,delivered,2017-03-09 19:38:22,2017-03-09 19:38:22,2017-03-15 10:31:30,2017-03-20 09:28:59,2017-03-28 00:00:00
e2a0a74ea79eebb803a7752cf3b429bf,8960ce4eea38d38519114455d943d56b,delivered,2017-10-19 11:30:55,2017-10-19 11:49:08,2017-11-01 22:07:16,2017-11-06 18:18:30,2017-11-17 00:00:00
d6b16c30481ca56fec3cc6919a37c1c1,da2c6819715d9b77dea652c23582d8b1,delivered,2017-03-21 10:21:51,2017-03-21 10:21:51,2017-03-23 12:44:12,2017-04-11 13:29:30,2017-04-11 00:00:00
1f0ece120cc036379fc3b3bf6f930947,288cab403c2e768a363a897b1095f5a0,delivered,2018-03-11 18:35:58,2018-03-11 19:47:48,2018-03-12 20:22:39,2018-03-28 00:28:23,2018-04-12 00:00:00
189622f157848ba3ed54191c7538e07e,6707fe92f6f05df40924ac311f930d8a,delivered,2017-08-02 04:26:49,2017-08-02 04:35:28,2017-08-03 14:05:39,2017-08-04 16:29:45,2017-08-15 00:00:00
41ec8df2674e2577b8efdc3f54e2b779,4b83fd2609057103e8d7604ab567c5e6,delivered,2017-12-06 22:34:32,2017-12-08 22:30:24,2017-12-11 23:22:41,2018-01-04 20:29:34,2018-01-10 00:00:00
2b5d3344cbf347b2aa5bc40c5deb3de6,d612ae3fd747409f47e50348961f5b6c,delivered,2017-04-25 15:33:12,2017-04-25 15:45:13,2017-05-03 12:05:48,2017-05-09 10:08:44,2017-05-12 00:00:00
0f932ea7fd11ef18c60feace8c548366,5bbf0546c8ccf4dcfe02790cd73b6297,delivered,2018-04-05 07:41:55,2018-04-05 07:55:11,2018-04-07 01:42:40,2018-04-12 20:14:32,2018-05-08 00:00:00
0efd493233dcc9266a7423754db0079c,d2f3e714cdac1771b576fa1a70ed7c8e,delivered,2017-03-26 21:42:57,2017-03-28 03:42:56,2017-03-29 14:46:44,2017-04-05 08:51:44,2017-04-26 00:00:00
09045ce363fa81cd9f206c86b989e2ba,75fa6cfb28484afc68c0ab2177d339cc,delivered,2017-11-23 16:23:50,2017-11-23 16:32:33,2017-11-24 18:31:54,2017-12-19 20:27:08,2017-12-27 00:00:00
48b2a7ba18f76dcb8be971239e41746f,45aa60acb5f87544e19b278e6955e451,delivered,2018-06-27 12:49:21,2018-06-27 13:12:24,2018-06-28 08:53:00,2018-06-30 00:23:37,2018-07-12 00:00:00
1c9f6ba93f9fde712da4fa24ecc30660,58a75ca9de60ce1a749012bfccf2c926,delivered,2018-04-15 15:25:22,2018-04-15 15:51:06,2018-04-16 18:17:49,2018-04-20 18:26:47,2018-05-14 00:00:00
3dcf2c01583e72e6d43ea642b44274b5,4aea01a91f0ccd5817dcb03ae16a5f90,delivered,2017-03-23 22:23:43,2017-03-25 02:10:35,2017-03-29 08:39:49,2017-04-04 13:17:23,2017-04-20 00:00:00
9959dfdd19dcc0fbcabc33723c619d74,a5a503bfb7b525f8176ea84c6a9389e4,delivered,2018-07-16 10:56:53,2018-07-16 11:10:19,2018-07-23 15:19:00,2018-07-27 20:29:18,2018-08-08 00:00:00
c9cb980dd4167a515f9bcb3677706240,426759c5e8f53301e8e8c644c4e73e75,delivered,2017-11-11 13:33:10,2017-11-11 13:50:24,2017-11-16 13:46:48,2017-11-24 19:27:37,2017-12-05 00:00:00
24eaa9941af703f34c309aff1a56aa5e,150dcbebc045e4eabe1f896727a84ecf,delivered,2018-02-07 15:35:12,2018-02-09 02:50:12,2018-02-14 15:48:40,2018-02-15 14:26:42,2018-02-23 00:00:00
83832d7a696d54e9e32347d7cc7df962,079f12eb1b192642da96011b5befc023,delivered,2017-10-12 13:48:31,2017-10-14 03:36:34,2017-10-18 14:05:39,2017-10-24 18:00:03,2017-11-01 00:00:00
2573400a7beba401684ca3eca5e38936,45cb012906505930fa83d7f85939a7e0,delivered,2017-03-15 21:25:00,2017-03-15 21:25:00,2017-03-16 14:23:44,2017-04-06 10:25:53,2017-04-05 00:00:00
0807ef98d4c6786b58238e6dfb2d2a9c,7b1189510beea7145ec61234465745ff,delivered,2018-01-24 15:55:19,2018-01-25 02:58:16,2018-02-02 23:48:54,2018-02-16 14:03:36,2018-03-08 00:00:00
5f890a619c8d23b671705de61578d238,35ceb0ca31f6af7fee0c6e6d39f98e56,delivered,2017-08-26 20:27:56,2017-08-26 20:44:51,2017-08-29 21:21:46,2017-09-21 21:31:50,2017-09-22 00:00:00
ed3efbd3a87bea76c2812c66a0b32219,191984a8ba4cbb2145acb4fe35b69664,canceled,2018-09-20 13:54:16,,,,2018-10-17 00:00:00
55e68a38817afa16c0547a6ebeeff145,22e479a8d9de172048d1dc3e707f53b4,delivered,2018-01-08 20:56:09,2018-01-08 21:08:40,2018-01-11 16:46:50,2018-01-17 19:53:14,2018-02-16 00:00:00
3cdd33ec05cf28374828827789437fc3,d25c28e2e418a2f688e8e17130b29b49,delivered,2018-05-27 03:04:57,2018-05-27 03:15:19,2018-05-28 14:08:00,2018-06-20 17:05:16,2018-06-28 00:00:00
72fd9a44c510d4f0d8049e791ad3a073,de3b82f99f2cfb72c60e935cdb6e7007,delivered,2018-06-19 11:47:02,2018-06-20 02:55:04,2018-06-20 14:18:00,2018-07-03 15:56:45,2018-07-24 00:00:00
5509f25fd68fac3fe49fc1a532ba33ef,f9717b3ce18c05540645923e43f64710,delivered,2017-11-29 10:03:32,2017-11-29 10:18:35,2017-11-29 18:14:46,2017-12-07 16:01:42,2017-12-20 00:00:00
5394217c78ea24ee2b377c043b6bd7d9,74bfc507b3ac32b750e60fffd04a02cc,delivered,2017-07-04 10:24:45,2017-07-04 10:35:09,2017-07-05 13:35:37,2017-07-06 15:43:30,2017-07-17 00:00:00
0ba2b0331265d38d1c6670ed6c749732,f15f5e1d8a0248d9b6552b4d39122bdd,delivered,2017-08-17 21:49:35,2017-08-17 22:45:18,2017-08-21 17:47:48,2017-08-25 14:46:06,2017-09-11 00:00:00
0350fc2d00f48ad8a74efdf4d2fd4bdc,c7f658d05c387b0664410be68026ef0d,delivered,2017-12-14 01:30:04,2017-12-14 01:38:20,2017-12-19 18:48:38,2018-01-19 21:47:50,2018-01-12 00:00:00
9274443a23faa8fd9d5805fc0bd68c5e,81635d1e48d6fc1a14f8462975c96dc3,delivered,2017-12-19 13:54:22,2017-12-19 14:55:25,2017-12-20 20:09:35,2017-12-27 19:48:44,2018-01-15 00:00:00
d95236c2780d744b3bd884f327590d14,b8e481a0db2593829469c8536e52426b,delivered,2017-08-08 16:39:19,2017-08-08 16:55:11,2017-08-10 19:54:36,2017-08-19 12:21:33,2017-09-04 00:00:00
0966b61e30c4a07edbd7523f59b3f3e4,2fcc597b8934d99715dbfff7909dd27f,canceled,2018-05-22 18:50:55,2018-05-22 19:17:15,,,2018-07-03 00:00:00
18c2124c3874f480651069f1f8c9b903,3a5f82b200e600b7fc671e3a395dfe2e,delivered,2017-11-22 19:18:21,2017-11-24 03:12:34,2017-11-28 12:41:28,2017-12-14 21:06:24,2017-12-19 00:00:00
dbd10344065568345dadbd904bb51dc1,1589f4bea320a405a122738de980c6e2,delivered,2018-04-15 17:15:57,2018-04-15 17:30:39,2018-04-17 23:55:49,2018-06-07 22:06:45,2018-05-17 00:00:00
4197f94f8bddd171804b1360fa78d368,caa50bd83824193b0486b8f4da8dfb32,delivered,2018-07-19 16:24:20,2018-07-19 16:35:20,2018-07-20 14:15:00,2018-07-26 11:41:56,2018-08-10 00:00:00
d8cac70bba1a4ab6937ceaf9c2679c20,7aa3343466ae7796dc4e7db6a7e3e726,delivered,2017-10-07 00:16:57,2017-10-07 00:44:38,2017-10-20 13:00:07,2017-10-27 16:43:36,2017-11-27 00:00:00
55ab4aefca70a7b4b0a8466be48c5bbc,3687f50a22a1c1fd70b824bc79ba4b15,delivered,2018-02-15 19:23:46,2018-02-17 03:35:41,2018-02-21 14:37:14,2018-02-22 23:53:56,2018-03-01 00:00:00
c5cb8ff0538e13ce7112d7f51b705d54,9800729155e4255834b080a60b6bcda9,delivered,2017-11-30 13:31:15,2017-11-30 14:31:36,2017-12-04 12:28:39,2017-12-06 02:48:22,2017-12-18 00:00:00
759ef6eef7b8279539f81a2663c2f500,dbdc5f4edc37f3f149e239e4a3880a97,delivered,2018-06-22 08:59:23,2018-06-23 02:20:27,2018-06-25 14:25:00,2018-07-14 16:12:19,2018-08-01 00:00:00
9021cf1919f615a121410790dcce848f,7acf55df0298e1d2c31200fb4f6fb93b,canceled,2018-07-04 16:05:56,2018-07-06 02:55:16,,,2018-08-22 00:00:00
86aac0e27cf2e46d9c9bc5cd1c5e9348,62cb1e5de9e5558b5426d059f570ca8f,delivered,2018-03-05 13:15:26,2018-03-06 13:10:36,2018-03-06 22:35:14,2018-03-23 23:28:31,2018-03-28 00:00:00
d5feaf42ebb0105f527be0c6dd622b80,d399cd64e15fc776a47839d972c5bb2c,delivered,2018-05-26 16:01:31,2018-05-26 16:18:37,2018-05-28 14:04:00,2018-06-06 23:18:26,2018-06-29 00:00:00
6760e20addcf0121e9d58f2f1ff14298,17ddf5dd5d51696bb3d7c6291687be6f,delivered,2018-04-07 15:48:17,2018-04-07 16:08:45,2018-04-11 02:08:36,2018-04-13 20:06:37,2018-04-25 00:00:00
4f5fa78eddf28c3f669aa1554fe38622,51437a7b80a72d28fb0dd8debbb7fc60,delivered,2018-04-14 18:24:57,2018-04-14 18:35:17,2018-04-16 20:14:39,2018-04-23 18:45:46,2018-05-11 00:00:00
5f8e8bff26bd07b73a3ecf086de33d4a,6233e1c1b76b3f0e1527afdd8db0c7a1,delivered,2018-08-12 22:56:51,2018-08-13 22:50:15,2018-08-14 12:56:00,2018-08-27 18:22:06,2018-09-11 00:00:00
9ba4f1229c25da86b79e5f8af0e56461,fea04944f4e1fe567fc5151c02529203,delivered,2017-04-04 10:10:15,2017-04-04 10:22:48,2017-04-10 12:27:45,2017-04-17 10:28:12,2017-05-02 00:00:00
6ad57aecbae806a7e9cc2cdb6b380711,d31dbd02ac052d662285f678f8994326,unavailable,2017-11-30 07:48:24,2017-11-30 08:14:42,,,2017-12-29 00:00:00
5e57ff5e1c008db89fac24b76655dbe1,4c756c39c13545719a2953df112e4e90,delivered,2018-06-29 18:39:49,2018-06-29 18:50:23,2018-07-02 11:57:00,2018-07-03 22:16:38,2018-07-30 00:00:00
bf4072fdc2122c74befd6df427938cab,ba682ab005cd6617c7d3384aabf4a45b,delivered,2018-01-24 14:19:05,2018-01-24 15:16:16,2018-01-31 00:24:09,2018-02-05 21:18:42,2018-02-26 00:00:00
21b47da23dc2187f6da58dfd7698faa8,2c069e58cbc8b600e8e4078598ee2c35,delivered,2017-11-13 23:27:02,2017-11-15 02:55:30,2017-11-28 23:04:43,2017-12-06 19:04:19,2017-11-27 00:00:00
737513abba391330e69fe0383703d447,c7a91e6580509dae3db905dbaf815876,delivered,2018-07-24 16:05:58,2018-07-24 16:44:06,2018-07-25 14:26:00,2018-07-30 17:43:43,2018-08-14 00:00:00
830f6ac44e90f0d692444fc8f861fd1a,a14033a8e28cf976d87b63aa00d6d34d,delivered,2017-11-27 13:38:46,2017-11-27 13:51:48,2017-11-28 14:09:42,2017-12-04 21:09:23,2017-12-14 00:00:00
665a012cd7368e5609ab518539d91adf,8d2502669799c13d5a67d873981ac627,delivered,2018-05-09 01:46:14,2018-05-10 02:35:13,2018-05-11 15:23:00,2018-05-15 18:07:55,2018-05-21 00:00:00
51b0dccc8596ce37a930dff2d63a10a2,31bf1057b00f14804278590bbac18b1b,invoiced,2017-05-05 22:34:48,2017-05-05 22:45:12,,,2017-06-06 00:00:00
9eda5cd4fa8caf92f0886bcc15b98577,e414cf673d7803bcddf9263feed7c535,delivered,2018-08-08 11:30:30,2018-08-08 11:45:23,2018-08-08 14:36:00,2018-08-13 22:41:59,2018-08-16 00:00:00
efab4aff7807bb9194a9f4f434820161,b4b7f7c1b2a1a968c55e72c5275e0c8e,delivered,2018-03-12 10:47:46,2018-03-12 11:20:25,2018-03-12 22:28:29,2018-03-29 20:35:16,2018-04-03 00:00:00
19a8ddfef7a411a196509d51ee14b776,78273c93ab6b793ee62a60feb6b7140d,delivered,2017-12-11 18:30:26,2017-12-11 18:51:03,2017-12-22 13:52:49,2018-01-16 21:18:46,2018-01-22 00:00:00
1ffe6486cbf2a0f96d34ee9945f5ed04,6ba7e8555e95549d99f21d08dadae199,delivered,2017-11-11 11:31:30,2017-11-11 11:46:44,2017-11-14 16:52:50,2017-12-01 12:35:39,2017-12-13 00:00:00
214a42323dd7ec45504d319315a1386b,5f2cfa9c8c34ab5d785fbf253c63b930,delivered,2018-06-08 17:05:16,2018-06-09 11:15:22,2018-06-11 13:47:00,2018-06-14 16:46:36,2018-06-26 00:00:00
1fe0c983b306f5e920e23d8a461c8451,f331460c320c55eda5519b4743e8673e,delivered,2017-11-18 17:16:59,2017-11-21 03:59:28,2017-11-21 23:38:51,2017-11-23 16:32:29,2017-12-19 00:00:00
bf40c06bf172145e8d7d468e6de69de8,5364f18dbadca7f50016ad6da7a39436,delivered,2018-06-27 20:55:17,2018-06-27 21:10:04,2018-06-30 08:21:00,2018-07-04 17:38:30,2018-07-20 00:00:00
6d02a007afc7698b7dd60ffb07514d1c,0423a0c4b6eea9435c2f40758658a2d4,delivered,2017-01-30 14:51:21,2017-01-30 15:34:05,2017-02-02 12:12:35,2017-02-15 12:53:45,2017-03-17 00:00:00
3f4f4efff28e8872522bbba90393b7df,25674af17e538296b83b371c8c0975b1,delivered,2017-11-11 07:38:45,2017-11-11 07:50:43,2017-11-14 16:04:44,2017-11-22 19:18:55,2017-12-06 00:00:00
c284eb7adf76e92a2a39d845f1333a61,7d8e5e6bf66ef639b5089ce4194a01d6,delivered,2018-04-07 22:17:55,2018-04-07 22:30:21,2018-04-10 16:44:45,2018-04-11 17:51:28,2018-04-25 00:00:00
7f579e203c931f3e8410103359c6d523,d665be250d1c687c58fdea61a9b55a58,delivered,2018-08-02 18:09:27,2018-08-02 18:43:43,2018-08-10 14:15:00,2018-08-13 20:11:47,2018-08-09 00:00:00
94dccbc39bc2673b3639fc98286c99b0,4023882589774ba137fdea0400aa4857,delivered,2018-01-22 20:28:04,2018-01-22 20:57:56,2018-01-23 16:52:58,2018-02-02 17:17:47,2018-02-19 00:00:00
86ebe0e8621ac6e5bb8ee0bfad457b5e,67991d4b892a4fd507c46e42e256a041,delivered,2018-03-12 23:29:35,2018-03-12 23:48:34,2018-03-19 23:18:45,2018-03-20 15:36:39,2018-04-06 00:00:00
68723accfe0d19555872abfbf08ed7d4,ccb92189b22e174f8813cce161768b3a,delivered,2017-09-18 21:39:03,2017-09-18 21:55:12,2017-09-20 19:02:40,2017-09-26 13:53:45,2017-10-02 00:00:00
7652086d66b18b3e2f19c1a28d6cc670,b59240e14630c3dad40626dcdaf69b18,delivered,2017-07-18 12:35:54,2017-07-18 12:50:48,2017-07-18 21:15:47,2017-07-31 21:04:27,2017-08-09 00:00:00
6b57b46391a662adacf6841b5da8d084,7508680e17b526665363d2bd205b44a3,delivered,2018-05-29 23:14:39,2018-05-29 23:34:10,2018-05-30 14:48:00,2018-06-04 10:44:51,2018-06-21 00:00:00
b35514909dd1ba45599c5f535621238a,9d82abb78c84c72c1802757c2c3733b8,delivered,2018-01-19 15:00:59,2018-01-19 15:13:22,2018-01-29 19:12:55,2018-02-08 15:19:07,2018-02-19 00:00:00
a3b5d696f2dc3df83942f644beb879da,f936ee0917d5d6e40833918f8672ced0,delivered,2018-01-04 09:30:01,2018-01-05 02:38:00,2018-01-08 19:19:07,2018-01-09 14:59:33,2018-01-23 00:00:00
c1e0736c3e624397f906c5371b2b381a,682095c6672eb2edf4b60e6a7c6e96f4,delivered,2017-11-15 13:43:11,2017-11-17 08:47:00,2017-11-20 22:33:51,2017-11-28 21:41:30,2017-12-05 00:00:00
5cbc29442f8eaafa46489e988fafa403,00ba72dac5dae2776b5bfcf799a956b2,delivered,2018-08-11 22:06:23,2018-08-14 04:30:21,2018-08-14 15:58:00,2018-08-16 21:38:54,2018-08-16 00:00:00
a93cc6a86a64ca1f201b78f981adbc25,e86f553170b06db9ee781701ad6091ee,delivered,2018-07-16 19:02:18,2018-07-16 19:15:17,2018-07-19 14:56:00,2018-07-24 12:39:31,2018-07-31 00:00:00
ce1d43d723c88bee2b9c749198eb023e,3833a2cc43f6ee57cc7cccf7d7d53d18,delivered,2017-11-12 00:00:45,2017-11-12 00:35:36,2017-11-14 16:27:53,2017-11-29 14:33:21,2017-12-04 00:00:00
92ea21bbb9c9b6f286602dc4c563d087,e0b36a2b88ead76489b6a2d913c997c3,delivered,2017-07-20 18:11:59,2017-07-21 18:22:58,2017-07-24 17:11:50,2017-08-03 21:56:30,2017-08-21 00:00:00
07ad2a87dfce684f0b6a23886db925c9,fe196aba95e52d084e7bb60dbd8a23f1,delivered,2017-04-27 08:26:54,2017-04-28 11:41:28,2017-04-28 10:05:52,2017-05-15 10:09:22,2017-05-29 00:00:00
8b8164ec47a3d04ec76e8ce5389033d4,edd33f337f01e490cf1e95da2957fcea,delivered,2018-03-08 18:48:31,2018-03-09 19:28:52,2018-03-12 15:17:42,2018-03-16 18:47:28,2018-03-26 00:00:00
21fdf6a269bd4c5befb28302d4d00803,9849acf233e29a676126fe8d91c4cbff,delivered,2017-05-10 14:39:56,2017-05-10 14:50:13,2017-05-10 16:02:29,2017-05-23 18:29:05,2017-06-01 00:00:00
d2e15d8894685652160e7545fd304610,d241d89dc876ac8450f20fa9824eb416,delivered,2017-12-07 21:14:24,2017-12-07 21:32:16,2017-12-11 18:54:41,2017-12-19 15:22:13,2018-01-03 00:00:00
d44cb52677c0960afb3e43a96d79a25b,f47f3a8480b7a19fad8c129983945370,delivered,2017-10-29 20:33:19,2017-10-29 20:45:41,2017-10-30 16:51:54,2017-11-03 20:53:37,2017-11-17 00:00:00
fd86c80924b4be8fb7f58c4ecc680dae,db76ebd0d51c2b3cc44d84cd6df46336,delivered,2018-03-08 19:37:45,2018-03-08 20:28:42,2018-03-09 18:04:46,2018-03-16 01:30:56,2018-03-27 00:00:00
a50d20f183503ea2b8aa1b506eee3d33,4e4db632921de78e11340349b66f5c99,delivered,2017-08-20 13:13:37,2017-08-22 03:50:47,2017-08-23 17:48:54,2017-09-06 20:10:14,2017-09-13 00:00:00
5792e0b1c8c8a2bf53af468c9a422c88,5c427f06e7fcf902e309743516e2c580,delivered,2018-07-26 13:25:14,2018-07-26 13:35:14,2018-07-26 12:42:00,2018-07-30 14:45:02,2018-08-09 00:00:00
5baf114f7f5f649d16ec1bf3cf78279b,a7de7057db988489dbb13ca9e0c80456,delivered,2018-05-02 13:10:07,2018-05-02 14:59:33,2018-05-04 14:04:00,2018-05-12 00:16:46,2018-05-29 00:00:00
a81adc3e4219d4699da549a75107de87,27c4c0e841788a80932b2500f7c0fd36,delivered,2018-05-20 22:11:23,2018-05-20 22:30:15,2018-05-22 13:41:00,2018-06-03 12:32:23,2018-06-05 00:00:00
f9161376e0d004c0b545db4e4bfb4e57,e79f3050c5e88a95a083b36f0ddb3f49,delivered,2018-04-26 21:24:03,2018-04-26 21:35:10,2018-04-27 15:26:00,2018-04-30 23:03:11,2018-05-11 00:00:00
df8282afe61008dc26c6c31011474d02,aa797b187b5466bc6925aaaa4bb3bed1,canceled,2017-03-04 12:14:30,,,,2017-04-10 00:00:00
f3e7fae1e0a6001047deeefa288f96a9,c5c79cc42b407bb10fcf30e765c0ac2a,delivered,2018-03-25 11:26:29,2018-03-25 11:47:42,2018-03-26 23:46:59,2018-04-05 16:04:24,2018-04-18 00:00:00
c2e9150ecca583eb68c1e2e2b650caac,fe2f3701874bc7c2a8e1509621366717,delivered,2018-05-07 13:59:25,2018-05-07 16:12:36,2018-05-15 15:46:00,2018-06-04 21:16:49,2018-06-07 00:00:00
73fc7af87114b39712e6da79b0a377eb,41dcb106f807e993532d446263290104,delivered,2018-01-11 15:30:49,2018-01-11 15:47:59,2018-01-12 21:57:22,2018-01-17 18:42:41,2018-02-02 00:00:00
7ddd225286ba5817d36116c8d2300407,cef005896655dc4492849ce91f7363f1,delivered,2017-07-28 14:20:19,2017-07-28 14:35:16,2017-08-01 16:22:42,2017-08-07 20:23:53,2017-08-22 00:00:00
8fd96c034d11d9719cbc57f6acb93855,5a5e41c2d8c585d430c98e1a1d772a4c,delivered,2017-09-30 19:19:56,2017-10-03 03:56:25,2017-10-04 16:45:04,2017-10-19 12:07:59,2017-10-30 00:00:00
6ba4f2aae2d3d15f3281258017b4552b,9d57e17547e118b158dc652dc640714e,delivered,2017-08-24 01:40:27,2017-08-25 03:05:44,2017-08-25 17:52:21,2017-09-12 21:47:34,2017-09-28 00:00:00
9e7298f5bfed83404b628b69f965c94d,839a0aca2e489a773724ca101f3f5c70,delivered,2017-10-17 19:31:12,2017-10-17 19:46:12,2017-10-18 15:14:56,2017-10-30 23:16:11,2017-11-08 00:00:00
3b7a0831b87f721284d340cd1b55fb91,970d2db627e9a4b280c51701f45d51c5,delivered,2018-02-19 17:36:19,2018-02-21 06:10:34,2018-02-21 21:35:46,2018-03-06 16:18:36,2018-03-15 00:00:00
e063aafe4ec760123fe14ed5925631a2,ccc4d86eb7f5d275d4f297e251817d6e,delivered,2018-02-26 09:42:02,2018-02-26 09:55:43,2018-02-27 14:19:13,2018-02-28 22:52:10,2018-03-13 00:00:00
6c601e45c13b22fa58a1e290b4b14d8f,b18a495aae75db67b4f99a58d5e2f272,delivered,2017-11-27 20:31:23,2017-11-27 20:39:41,2017-11-28 18:37:06,2017-12-05 15:34:14,2017-12-20 00:00:00
b0f093c9a7e135bb44a1e1bd7406ba30,f57351f8f87213bbb758f2f902f600c2,delivered,2018-05-18 12:22:08,2018-05-18 13:05:59,2018-05-21 12:52:00,2018-06-06 20:41:34,2018-06-07 00:00:00
dd3d73f70b77e2a07f64360620621ca4,38f1fb4bd44289ca591479b76905cdbf,delivered,2018-01-02 09:45:15,2018-01-02 09:54:22,2018-01-02 17:19:20,2018-01-04 12:41:45,2018-01-18 00:00:00
20246bd1767d916d618e27b8e4fcb8fd,d6d3a9d936ef9f148ccb6631997b13c5,delivered,2017-10-09 17:58:37,2017-10-10 03:35:24,2017-10-10 21:24:02,2017-10-13 18:14:00,2017-10-27 00:00:00
469c8cf0bafa84bcc6a10629bc4016b3,5f8fe568347c41b2b42b72d72ebe0d67,delivered,2018-06-23 20:23:47,2018-06-24 20:16:33,2018-06-25 13:39:00,2018-06-28 19:32:06,2018-07-31 00:00:00
b2fdce90b6f515d645e1e98430176ce2,8ce5a8335c77debad7537ff999efeb8e,delivered,2017-11-11 17:22:19,2017-11-11 17:30:44,2017-11-14 20:07:39,2017-11-22 21:48:32,2017-12-01 00:00:00
1f7ff21f05c5258ab082ee51e8b2872e,0258af3a8301a7331edc8ba02da35b7c,delivered,2018-01-17 09:57:13,2018-01-19 02:37:58,2018-01-20 00:13:07,2018-01-29 20:46:08,2018-02-15 00:00:00
064e219a982901ccffc2d33432b77a2c,17e1a5591eec6af6ab825d5687790ee7,delivered,2018-04-10 19:24:04,2018-04-10 19:35:13,2018-04-11 20:24:37,2018-04-20 19:38:51,2018-05-03 00:00:00
c2f4ff5a710ff7ff87f90b026028bf18,9ba926ad01e17e9a308791ae9cb69699,delivered,2018-02-28 14:56:03,2018-03-01 02:35:44,2018-03-01 21:39:27,2018-03-09 02:24:20,2018-03-19 00:00:00
75c3993b743335fa57b1645f056b59d2,be842c57a8c5a62e9585dd72f22b6338,delivered,2018-06-05 13:33:19,2018-06-06 02:55:19,2018-06-07 12:39:00,2018-06-13 16:56:28,2018-07-23 00:00:00
7201c562f7a8bcd02e8f1a35dad540f4,77e188b1127d58981db82ce19e0b601d,delivered,2017-08-27 00:32:42,2017-08-27 00:44:08,2017-08-28 20:33:55,2017-08-31 16:55:13,2017-09-22 00:00:00
e303201d86cda5183986a56d5ae1b084,f844756b662228b3f52bf081ffb76e96,delivered,2017-03-29 12:31:39,2017-03-31 02:15:32,2017-04-05 12:57:07,2017-04-11 13:47:42,2017-05-04 00:00:00
378d03578566e65bc195cc5296a31526,06757bb75493151d0e73ce8e3bc32987,delivered,2017-09-09 21:21:11,2017-09-09 21:30:20,2017-09-11 18:16:37,2017-09-13 18:02:57,2017-09-27 00:00:00
cdc0800fdbf7580a26201f0a1529ee1f,a86780ec4509f4c3191af88c40de649d,delivered,2017-12-27 19:37:13,2017-12-27 19:48:16,2018-01-02 23:32:32,2018-01-13 00:24:52,2018-02-02 00:00:00
82b0f8f974cc6e92e6bae6cd7714b712,4ff25b11b74df70d77dee5fac4dc0039,delivered,2018-07-27 16:33:26,2018-07-31 04:31:36,2018-08-01 10:38:00,2018-08-06 15:21:34,2018-08-10 00:00:00
2478ddd1d1395639b71cf0d498d8dbf6,7fa774bf2be90197a2586c899c7e774d,delivered,2017-08-14 09:13:30,2017-08-14 09:25:15,2017-08-14 18:55:01,2017-08-21 18:47:38,2017-09-01 00:00:00
b9374fefc8bd25caac04f6223e7649ab,a2c0d0dea2025e9edfddd1952a437985,delivered,2017-07-28 16:03:38,2017-07-28 16:15:19,2017-08-09 19:13:27,2017-08-11 15:04:57,2017-08-29 00:00:00
f5248851770f05fc31f3915accb0bcff,2dbb87e382aba3b28963aaa6fcaf7132,delivered,2018-03-07 22:03:04,2018-03-07 22:15:39,2018-03-08 21:57:21,2018-03-14 20:58:21,2018-03-26 00:00:00
cc03f6907e3230fc27f728ed4e977534,26b37aea51f367cc0cfcf19c80944e58,delivered,2018-07-24 20:14:28,2018-07-25 10:05:19,2018-07-27 13:59:00,2018-08-07 19:26:32,2018-08-23 00:00:00
c6bf92017bd40729c135b58b643f64c2,3d3c463710ea6e8dd9a63c1110eeb06b,delivered,2018-08-08 01:15:06,2018-08-09 07:44:53,2018-08-10 14:43:00,2018-08-15 00:18:43,2018-08-16 00:00:00
c4bb1fcbb98d9733607ea0c7ab067e11,74246ec587472230b93065911e420ed8,delivered,2017-07-13 18:26:10,2017-07-13 18:44:05,2017-07-14 16:29:57,2017-07-25 19:39:26,2017-08-15 00:00:00
5cfb9fad9f8d6f2ef8a17144088bb622,745797df7e1f604c7d608c43b43f62e7,delivered,2017-07-27 12:16:29,2017-07-27 12:30:08,2017-07-28 15:18:05,2017-07-30 14:24:51,2017-08-09 00:00:00
9457f83b9faf36f40019d656cb5679f1,a6981c9a8bc899ed4f22b9e5b70796a1,delivered,2018-05-30 23:21:15,2018-05-30 23:35:23,2018-06-05 19:03:00,2018-06-06 13:58:53,2018-06-25 00:00:00
544b98cbee1fc6152e5ede26e1ef2986,1d7079eccf3132bfcc76f65aa79c789e,delivered,2018-01-07 12:26:36,2018-01-07 12:35:23,2018-01-09 02:10:49,2018-02-21 23:46:57,2018-02-06 00:00:00
4ff907acfe03d4b4eccece88f700eb43,09a90a21ae1d1a693fbc83851edafead,delivered,2018-02-20 23:00:59,2018-02-20 23:40:19,2018-02-21 22:58:51,2018-02-24 02:22:54,2018-03-12 00:00:00
a0151737f2f0c6c0a5fd69d45f66ceea,fc2697314ab7fbeda62bb6f1afa4efcd,delivered,2017-07-12 14:11:58,2017-07-12 14:30:18,2017-07-13 12:47:05,2017-07-18 16:24:42,2017-07-25 00:00:00
5c6f08e3231f7cff6e6853e225cb7eef,f1e77cf0c4452e2cf36f4d481a48024e,delivered,2017-10-16 12:04:59,2017-10-16 12:37:17,2017-10-17 12:12:58,2017-10-18 22:19:55,2017-11-03 00:00:00
f384f4edb05c390598d9010ea97f7f4e,db8d12f33acf6a08a434eda169d25106,delivered,2018-04-20 14:45:57,2018-04-24 18:39:10,2018-04-21 01:32:06,2018-04-30 13:12:39,2018-05-16 00:00:00
e5733d96d53e3a8a13f59a0fe4c38d74,d0d213ed2d6d390dc1cc1e6f45706c8b,delivered,2018-04-06 15:28:48,2018-04-06 15:50:07,2018-04-07 18:24:36,2018-04-18 17:56:19,2018-05-09 00:00:00
ef1470cc5437e2d2d5e2ad587712a406,6d67d2bbd339e5ce434c5bcf85bd654b,delivered,2018-06-21 20:23:43,2018-06-23 01:40:40,2018-06-26 09:48:00,2018-06-30 01:16:29,2018-07-23 00:00:00
d3364a29f093a5f36e7eca9f148235c2,520dfb976e8d7e64c6c9275de698053f,delivered,2018-02-17 10:31:09,2018-02-17 10:49:48,2018-02-20 20:19:27,2018-02-27 20:46:39,2018-03-12 00:00:00
9165d656c399c6eac7a6a00dd6e02e7f,ab308900612e0f192d73e0051653af5a,delivered,2018-04-03 17:00:04,2018-04-03 18:15:24,2018-04-04 18:17:34,2018-04-11 12:38:30,2018-04-30 00:00:00
35b5262480e3a45052ad1b8070395e36,cfb5d52b65936738f2dc936f15369010,delivered,2018-05-14 12:36:50,2018-05-14 12:52:28,2018-05-15 13:59:00,2018-05-18 14:08:28,2018-05-30 00:00:00
25e5f6a88a4525f820943240376c45c5,5425974ca1091055b0c05604f43f711e,delivered,2017-11-26 14:08:44,2017-11-27 14:20:20,2017-11-28 17:26:56,2018-01-06 17:09:50,2017-12-18 00:00:00
5ddbd5a10844f5d88892b9a051ef648d,14e237fe96e5b5c7c4cf9ac6c2f5d60e,delivered,2017-12-17 11:18:41,2017-12-17 11:30:25,2017-12-18 21:28:37,2017-12-26 16:37:11,2018-01-12 00:00:00
3f6a06dd65ecc8c3c8bf73dd9f5ade29,88ca1a52550c2c65c9b75121cc26b060,delivered,2018-06-29 11:19:19,2018-07-05 16:04:10,2018-07-04 13:55:00,2018-07-13 13:24:41,2018-07-27 00:00:00
0957ed870116e596b800540427c61497,0f0603d577f299ca129f39109268c546,delivered,2017-01-29 22:14:49,2017-01-29 22:33:34,2017-01-30 08:27:47,2017-02-08 17:14:55,2017-03-20 00:00:00
cbe9eae36605cf2bd005c6bc1ae5f864,e8ab70fc0d2c473d43b64647d1d73414,delivered,2017-09-06 19:51:50,2017-09-07 20:05:30,2017-09-12 13:57:36,2017-10-03 18:44:54,2017-09-26 00:00:00
0c0200c8b683dcbc6138639044bb781d,e6369fd23db5134714b0ce70202cf74a,delivered,2017-11-16 12:16:30,2017-11-17 03:46:16,2017-11-21 14:03:04,2017-11-22 14:33:10,2017-11-29 00:00:00
2b71ffffcf089d2287505f5b4441204b,e68de27b72357e93a5edbf9068812f9c,delivered,2017-02-27 19:54:44,2017-02-27 20:05:11,2017-03-02 08:54:05,2017-03-16 11:35:11,2017-03-23 00:00:00
68c3f2fc647e6d809af24b6ccbe84388,426354919a964cd30206bdcdaa53bdd3,delivered,2017-05-18 20:51:06,2017-05-18 21:02:53,2017-05-25 15:38:40,2017-06-02 11:26:06,2017-06-09 00:00:00
9c6fa2375d04ebce9627208eff6aa01b,b6c2a592baed4e617db2e58189eeb671,delivered,2018-07-25 10:52:19,2018-07-25 11:05:43,2018-07-25 15:52:00,2018-07-30 20:11:30,2018-08-08 00:00:00
fb8c84f49d464b75f05a3de37923fc87,1e12754604af85397680cb28482f73a6,delivered,2018-05-24 00:52:36,2018-05-24 01:14:36,2018-05-24 12:08:00,2018-05-25 19:28:26,2018-06-11 00:00:00
5aa89bb7eb1a8dca4d70fcd37878c8a4,fe86c2c022a8d1665da64dabf0ceeaea,delivered,2018-07-25 10:54:43,2018-07-25 11:05:10,2018-07-25 11:58:00,2018-07-31 20:06:21,2018-08-20 00:00:00
b7a098563d93a0a1f918772c24ca3831,7974eb74e94d3f3e1031f74d1b97ea5e,delivered,2018-02-17 16:41:06,2018-02-17 16:55:55,2018-02-21 18:32:40,2018-02-27 18:22:43,2018-03-05 00:00:00
6a4d41fb9165f032ec025794db381fa7,c89d15c5a577db7e5d3535a0a54ae452,delivered,2017-10-05 12:39:24,2017-10-05 12:49:36,2017-10-06 19:33:56,2017-10-11 20:58:10,2017-10-31 00:00:00
8a12018fd6af932819b6e06b6e3eeba7,bdc70f91dc54953d1be0ef76d183c5d1,delivered,2017-11-24 23:40:31,2017-11-25 01:39:31,2017-11-27 18:47:14,2017-11-28 22:27:41,2017-12-08 00:00:00
05c1808ab7242e387b4947245e0c0649,069c942e82eba9152f2797da49e1e764,delivered,2017-03-08 16:49:01,2017-03-08 16:49:01,2017-03-09 05:44:59,2017-03-20 12:23:48,2017-03-30 00:00:00
a9be69fb32d8f98c2a1620823cc03217,28c9ef88cd702b973c4f6af0da609605,delivered,2017-11-30 08:37:41,2017-11-30 08:53:13,2017-11-30 16:17:23,2017-12-06 19:57:01,2018-01-02 00:00:00
f8204e84e9a426029a3f9848738caf33,7181d4c67d92d02969a0d9bf56d4c645,delivered,2018-08-05 15:33:02,2018-08-05 15:45:25,2018-08-07 14:37:00,2018-08-11 16:51:04,2018-08-14 00:00:00
192e8093aeeb86d202c1035db3a5bd48,df2af8efbfb8b719e19e7e08d0017759,delivered,2018-07-20 10:32:03,2018-07-21 10:25:13,2018-07-25 12:43:00,2018-07-31 20:14:45,2018-08-30 00:00:00
5f90a6d7c0262682ff8a77f40e668e1a,4869c2c49b393e96bac32c0f844d9cd5,delivered,2017-04-07 21:10:19,2017-04-07 21:25:07,2017-04-13 11:44:14,2017-04-22 14:42:46,2017-05-03 00:00:00
1078cee780187c1672d97d4ebfb4cc2e,cbfe773accbd474bcd87443dcdf49416,delivered,2018-02-01 08:35:49,2018-02-01 09:53:06,2018-02-03 01:16:36,2018-02-05 17:37:09,2018-02-19 00:00:00
8dde389ebcf87898f96614bf718a3424,7f9a771719afa6802825b9f0793d980f,delivered,2018-08-14 10:41:49,2018-08-14 10:50:16,2018-08-22 08:00:00,2018-08-28 19:39:37,2018-09-05 00:00:00
04dd5aa087f6b04e0e145fb4c4fef047,2800b82a7d904585f1f78639be21f877,delivered,2017-11-27 17:19:45,2017-11-29 18:12:30,2017-12-04 19:52:37,2017-12-11 21:09:31,2017-12-18 00:00:00
69cfe2f137c308ad6f6d0896ad8189d2,9ba20212326011c0a71ef26b476a19f7,delivered,2017-11-14 09:19:13,2017-11-15 02:46:31,2017-11-16 19:43:51,2017-11-21 14:38:54,2017-12-04 00:00:00
ab46b23c27822b224f0e2fcca0f25e63,d06fde36eadfb52477c545e5922b1c9a,delivered,2018-01-10 21:12:16,2018-01-10 21:29:03,2018-01-26 20:53:17,2018-02-06 18:24:51,2018-03-06 00:00:00
b0ee8cb0ccd868a2b5fd4b0f66bea08a,3b5595f4f91fa8f27d5d3a7ff2dd0831,delivered,2018-04-14 20:31:48,2018-04-16 08:51:07,2018-04-16 17:48:34,2018-05-09 19:03:20,2018-05-21 00:00:00
e05ad3bb40dd7a1f005c828e86493bcc,348dab3f7710f2be30559eb101ff7696,delivered,2018-05-24 13:13:40,2018-05-25 02:55:02,2018-05-25 13:44:00,2018-05-28 16:46:42,2018-06-13 00:00:00
b56499883923b712fb275ca6ee73bcbe,8587712871a9068612ca82692acd6051,delivered,2018-05-02 12:02:02,2018-05-02 12:15:25,2018-05-04 13:47:00,2018-05-10 18:10:52,2018-05-22 00:00:00
5add03213ad417aab3988852ea890572,69009aaf4e400602c05b1da3989ca40b,delivered,2017-09-01 10:42:58,2017-09-01 10:55:24,2017-09-04 21:45:52,2017-09-11 16:36:06,2017-09-26 00:00:00
e01734681e487d52315e5745bf478d7d,7a34180d4442d594be87d3e69bbf0ba0,delivered,2017-11-16 20:37:52,2017-11-16 20:50:38,2017-11-22 15:14:32,2017-11-28 01:22:14,2017-12-06 00:00:00
1afd8ff2dd513d0b66ac931347fd264d,bbc17ff568ee38c7faa4f30dadb38e8a,delivered,2017-03-29 07:03:56,2017-03-30 02:15:14,2017-04-03 14:27:36,2017-04-07 16:34:49,2017-04-24 00:00:00
5bb67bb01ea5cb177b047ffe340c5c3e,302ddfd48143e8c407b25c746096e09f,delivered,2018-07-11 07:33:55,2018-07-11 07:45:58,2018-07-12 08:48:00,2018-07-26 16:16:46,2018-07-30 00:00:00
1ee14212cb207ed5474b41f501133c11,ba936b691c12f67e4c24f195f5d2f5bd,delivered,2018-08-22 22:04:26,2018-08-24 03:05:13,2018-08-27 13:30:00,2018-08-30 15:52:47,2018-09-13 00:00:00
fe421e7d38d622aedc8ca97d58771ea6,9bf5b0d90ce42a8216c828b07d44b528,delivered,2017-04-22 08:49:09,2017-04-22 08:55:13,2017-04-24 12:38:51,2017-05-15 12:08:01,2017-05-19 00:00:00
df6340ee228a1f029c6341931763f177,32705597278e6504c324f9c7fe5d74c9,shipped,2017-12-01 21:55:25,2017-12-02 10:18:29,2017-12-04 21:52:21,,2017-12-27 00:00:00
6d5f62b312ef08610aa99b1a365ec10b,2c58296eab043d713ee5fc669f6aba05,delivered,2018-07-05 14:59:58,2018-07-05 16:30:53,2018-07-05 16:08:00,2018-07-10 21:04:13,2018-08-03 00:00:00
dac8bbf73624993402c1e7481bb37ee5,e65ce9b007466b457e8b7bc5004b1186,delivered,2017-06-06 23:08:04,2017-06-06 23:22:37,2017-06-07 10:44:34,2017-06-14 14:42:13,2017-06-29 00:00:00
e48247404129e18919a1425efabcf422,f90c4fc69ee075a663c05fa16b2e61a0,delivered,2018-01-16 13:55:43,2018-01-18 02:13:14,2018-01-18 22:26:41,2018-01-26 20:46:48,2018-02-08 00:00:00
69a2a91fc2f5cf8fd09cf5e9ed2b56ff,c70ebd6d93654220aed313d7c3130d13,delivered,2017-07-19 21:09:11,2017-07-19 21:24:01,2017-07-20 21:23:45,2017-07-21 14:12:53,2017-08-02 00:00:00
07c33a9470d0df2a30cc8a8ebd0288d1,b4a2eabc4ac6b82d0f3aa2961fc9220b,delivered,2018-05-16 18:29:24,2018-05-18 05:16:30,2018-05-21 15:02:00,2018-05-23 14:58:36,2018-05-25 00:00:00
074d6aba62abd52ad27529d3fb746260,204bbfa4c9b59b50791939141259e2ed,delivered,2017-06-08 18:26:09,2017-06-08 19:03:26,2017-06-09 14:16:08,2017-06-21 16:53:46,2017-07-03 00:00:00
08b57d9de8bb87cfd045a7bc735ba831,b63fa2c5e73bc1c4f1340748442f0722,delivered,2017-05-23 19:52:27,2017-05-23 20:05:09,2017-05-24 17:22:13,2017-05-26 07:33:19,2017-06-05 00:00:00
c9b0a65b5794db7ced550ecc9ba178ca,d1c715c3201e2a54b45c12a6ae5e0f67,delivered,2018-02-07 16:10:34,2018-02-07 16:30:35,2018-02-08 00:36:30,2018-02-16 19:38:51,2018-03-14 00:00:00
d37e660e61680fadd235a5ca5b6721bb,252230964e63dc483b06023a916ac62b,delivered,2018-04-13 14:37:55,2018-04-13 14:51:28,2018-04-16 16:44:48,2018-04-26 20:11:02,2018-05-09 00:00:00
0524a4740833e4c479484d6fd2735725,09d9f64ba169a1b0e2c8d9690ef483c2,delivered,2018-07-30 18:34:42,2018-07-30 19:24:23,2018-07-31 09:57:00,2018-08-03 11:51:39,2018-08-09 00:00:00
fd3b391929c4fc835fb015acdf8049e2,9cb5cb63842b6b3b9843f6803eda167e,delivered,2018-05-11 12:38:02,2018-05-11 12:57:06,2018-05-15 12:00:00,2018-05-16 15:06:34,2018-05-29 00:00:00
8d994041d6127d2acc8d13aad557e75f,79549bf1ee85aa08fa9007af4f4a6dde,shipped,2017-03-24 21:48:54,2017-03-24 22:02:26,2017-03-25 09:33:55,,2017-04-19 00:00:00
9bcfea969358b43046969a17bfa436b9,a8dae326e70d36bde8a49e2207f1f0d8,delivered,2018-02-22 15:43:00,2018-02-23 15:54:25,2018-02-28 19:34:30,2018-03-22 11:32:53,2018-03-28 00:00:00
a077228a07e8b9b735ffd87f50d423e1,28c1154b280de237fd5050b71fb67c0b,delivered,2017-11-24 11:11:43,2017-11-24 13:14:53,2017-11-30 16:47:45,2017-12-01 21:43:10,2017-12-08 00:00:00
dd5831f3eb10afa80b5cea07ae84e87e,7982e84c59ee033ee1ba6110456f3f6f,delivered,2018-04-06 20:02:58,2018-04-07 20:08:31,2018-04-10 19:40:28,2018-04-11 20:07:35,2018-04-18 00:00:00
cbf5771b59c1f5688a8f8224f08607eb,4a727b3912355023c5284abd4b1c6956,delivered,2018-04-27 08:52:11,2018-04-27 09:08:35,2018-04-27 14:03:00,2018-05-03 20:58:41,2018-05-22 00:00:00
d1f23373fcc8819b0168ed403939600f,e96b0fbad01c75bac4692b344f98d0b8,delivered,2018-02-11 00:17:16,2018-02-11 01:15:34,2018-02-14 22:37:36,2018-02-16 12:57:57,2018-03-05 00:00:00
9e79eaf24f3a351f51692b227136741e,79d9271e1bd3984404a8b296a6de3c42,delivered,2018-07-27 22:23:49,2018-07-27 22:44:10,2018-07-30 18:16:00,2018-08-07 21:08:46,2018-08-15 00:00:00
755dd61fa0b225c0a149662ea67cd5ff,957928b8ab3a4c3a4ecaf3818801af0b,delivered,2018-04-12 18:25:52,2018-04-14 02:30:27,2018-04-17 15:08:50,2018-04-21 01:08:49,2018-05-07 00:00:00
0f55ec65ad1f38ceeb753846d0684c52,dd98b876b13121dcda59ffb2d37d0de7,delivered,2018-02-01 19:58:21,2018-02-01 20:13:56,2018-02-07 20:28:33,2018-02-08 18:31:49,2018-02-19 00:00:00
746de2565dea8d35a273e6b7db1764b9,542a1542afb92ac617f667ed43640af8,delivered,2018-01-05 16:09:43,2018-01-05 16:15:35,2018-01-08 18:49:43,2018-01-13 01:21:50,2018-02-15 00:00:00
418018cd21bcca5f7cc37f9f17ac1466,81c19ba9169b16ec020f789b0e05b677,delivered,2018-01-16 18:19:20,2018-01-16 18:29:51,2018-01-22 19:26:56,2018-01-30 18:08:50,2018-02-07 00:00:00
cb6e441ff2ef574ce08d3709426f88ec,4fb843d304c57182d4aa27bb39ca592b,delivered,2018-08-08 19:27:03,2018-08-08 19:44:59,2018-08-10 13:32:00,2018-08-18 01:11:58,2018-08-15 00:00:00
3b4f91054cb9728a62114d3103612374,b78af1eb8561b53cb6b93162ecb34e49,delivered,2017-10-16 21:39:31,2017-10-16 21:50:21,2017-10-27 21:51:03,2017-11-10 00:58:36,2017-11-17 00:00:00
31abfb3d839221bf8dc8165fbd494c2f,f62b26b783dc075ee45d0525eb2649dc,delivered,2018-07-04 11:05:34,2018-07-05 16:32:36,2018-07-05 07:38:00,2018-07-09 10:16:57,2018-07-24 00:00:00
03f2794ace8d10c0af8614f6fac2be3e,748632357c64f888b1f6932d1eee4fd7,delivered,2017-05-15 20:46:00,2017-05-15 21:02:36,2017-05-16 07:40:25,2017-05-24 15:12:12,2017-06-08 00:00:00
a39d3db795a5cf4c8b6c9dd050f0d326,ec66df2cb66dfda07c03050470e21f69,canceled,2017-03-13 16:12:24,2017-03-13 16:12:24,,,2017-03-30 00:00:00
3b2124c60aeceeefe963adfc35d0310d,1d00e4153e19570adc3862c093d0d071,delivered,2017-06-02 12:57:15,2017-06-02 13:22:44,2017-06-05 11:45:02,2017-06-13 10:37:38,2017-06-29 00:00:00
d3e0a0298be4e950a2271ef880d8e1ff,1da9f9775d33dcdc0a8d7811009a19be,delivered,2017-02-17 00:29:34,2017-02-17 01:06:04,2017-02-17 13:21:09,2017-02-25 12:13:01,2017-03-16 00:00:00
b5620c351108ed4667886da53f3f8599,2364ed5a865ac9d255eac0cac6366ea0,delivered,2017-11-08 16:43:35,2017-11-08 17:30:52,2017-11-14 13:43:00,2017-11-20 22:57:13,2017-11-28 00:00:00
8d1d09cecb392f024da77ada654625c5,4608ffc5f70a8c67bf129d6770948fb3,delivered,2017-10-23 17:11:15,2017-10-23 17:35:33,2017-10-24 16:58:57,2017-10-27 20:41:50,2017-11-09 00:00:00
165db2f7901b38055fe76db6894683d2,7b7ba1ea7b27f88bba9a40beb28b0520,delivered,2017-10-04 10:45:25,2017-10-04 11:05:08,2017-10-04 21:48:04,2017-10-06 17:41:40,2017-10-23 00:00:00
afde85ca0156001aaeb789fe4747edda,943a02b9d5564146f21343b020bcb5de,delivered,2018-02-19 16:20:28,2018-02-19 17:47:31,2018-02-22 21:29:47,2018-02-23 16:03:58,2018-03-05 00:00:00
4af91349921618b7fe12e5b417b3fc7d,412f4e3e4f82e83c44e9ccc631885767,delivered,2017-11-24 17:52:52,2017-11-24 21:16:19,2017-12-04 16:52:01,2017-12-05 23:58:40,2017-12-14 00:00:00
e2cfe4b2af025a2ae3b1d8795f677525,263e66eb67eddc6a0053b194571427d0,delivered,2017-12-05 12:19:36,2017-12-05 12:33:48,2017-12-05 22:54:47,2018-01-05 23:59:05,2017-12-29 00:00:00
397734101cdc7f8ac3663089a968a763,a8ce91cb1dbbaddba9f7be0a9937b25f,delivered,2018-01-30 17:04:07,2018-01-30 17:29:46,2018-02-01 18:23:07,2018-03-12 20:32:17,2018-03-02 00:00:00
807451448a665b991d8608a4890e6059,4b881664606b8531347f673b8860c565,delivered,2017-07-28 13:10:24,2017-07-28 13:43:27,2017-08-01 00:03:23,2017-08-04 16:10:20,2017-08-14 00:00:00
af9b2bc020f9e2e4baf46e08f5700e51,6fbf49020855ca62bea99874ac92e715,delivered,2018-08-01 17:02:45,2018-08-01 17:30:47,2018-08-07 13:02:00,2018-08-10 16:31:56,2018-08-15 00:00:00
a8f5a2b22f55e0af45b300929d1fdc7d,6e359a57a91f84095cc64e1b351aef8c,delivered,2017-05-15 17:58:25,2017-05-15 18:10:18,2017-05-16 15:41:37,2017-05-19 11:10:11,2017-06-06 00:00:00
c57a1614ff14e7e6009f15b0d36d67da,604cdd5917fc17427bdb04712335927a,delivered,2018-08-05 14:47:24,2018-08-05 15:04:24,2018-08-06 14:00:00,2018-08-09 21:52:31,2018-08-22 00:00:00
7edf656fde82d2902cc1a19596cdf422,116a19a0ae346ac667f771936ff445bb,delivered,2018-03-20 15:36:44,2018-03-22 02:49:53,2018-04-18 18:21:20,2018-04-23 16:48:49,2018-04-20 00:00:00
6e57e23ecac1ae881286657694444267,2dda54e25d0984e12705c84d4030e6e0,delivered,2018-08-09 17:36:47,2018-08-20 15:55:42,2018-08-14 13:26:00,2018-08-17 16:45:45,2018-09-06 00:00:00
b8bf848cf366061f0e9555337da2a9d6,56b819ca6360d77781801ec530b47783,delivered,2017-08-22 13:04:49,2017-08-24 03:06:33,2017-08-24 15:04:07,2017-09-04 19:06:53,2017-09-14 00:00:00
9ec69e593c93e73dea5c433c653e8d46,461ef2a952bc2e913cf440163e85a4de,delivered,2018-03-20 13:03:41,2018-03-22 02:49:53,2018-03-23 13:22:06,2018-04-06 22:31:06,2018-04-11 00:00:00
f03bbe221b9e5bae09eccab6a0c4120e,5117c4b5e5b786a6f513005ee3bd9f18,delivered,2017-11-03 11:24:36,2017-11-09 18:15:32,2017-11-10 22:18:46,2017-11-20 17:35:54,2017-11-30 00:00:00
dfa3653e86520b99a8a2dceed4362a7c,0326dd6a607188065ee1d69c0390395d,delivered,2017-06-18 22:03:52,2017-06-20 10:35:16,2017-06-27 08:52:50,2017-07-03 16:03:30,2017-07-21 00:00:00
a6ae47718cbf5663cae29d4ed03ba272,28bdf307ebed2aa57b5c83c7fb080fd1,delivered,2018-08-05 18:13:11,2018-08-07 06:10:16,2018-08-09 15:19:00,2018-08-10 21:58:32,2018-08-13 00:00:00
934daa3b33591884346152a2c7f15ce5,ccc2a5577a251f98fb39d90e7fca0c78,delivered,2018-05-17 20:04:34,2018-05-18 01:57:15,2018-05-18 12:57:00,2018-05-22 19:12:18,2018-05-28 00:00:00
1f079793c7cf0447834c7f3fff027802,f92cd4dab2ff641c55fe00ae3f3ddbd5,delivered,2018-08-01 14:42:31,2018-08-01 14:50:20,2018-08-06 10:00:00,2018-08-07 23:51:32,2018-08-08 00:00:00
d02a27af33a8164ec42eeddf27c5ad59,a0227ec32ff282dc027d2afd5982ba5a,delivered,2017-03-22 09:57:27,2017-03-22 09:57:27,2017-03-22 12:14:38,2017-03-29 16:17:51,2017-04-12 00:00:00
d8e0ad323eb1f4ae7725beb34e2aff1f,dbe0f00a51158c7c60c7de899c9562d9,delivered,2017-11-24 21:45:13,2017-11-25 00:35:54,2017-11-28 18:12:43,2017-12-02 14:07:11,2017-12-08 00:00:00
610d998ea61935583bd897dd101d0e1d,4c6646f19dfcb0bc05ebccf4ddeb745c,delivered,2017-07-24 19:36:14,2017-07-24 19:50:14,2017-07-26 21:03:44,2017-08-03 18:09:58,2017-08-22 00:00:00
dff6ed771cf60abd35926e39beb502ef,c01443cc3dd815804225dacaded87050,delivered,2017-05-06 15:20:06,2017-05-09 09:30:31,2017-05-09 10:39:34,2017-05-16 09:03:44,2017-05-31 00:00:00
b13efaac3f8cb7730ba737059abc614b,f48c503766cc6385fe6947e623c20b65,delivered,2017-10-26 11:22:23,2017-10-26 11:37:48,2017-10-31 16:58:06,2017-11-08 22:04:00,2017-11-23 00:00:00
06450a9849cb4a8c2f3bbeba9995b64f,6668dac2eb65c90a4b5662e8d5a38514,delivered,2018-01-19 20:26:21,2018-01-19 20:36:32,2018-01-23 22:08:06,2018-01-26 15:08:01,2018-03-01 00:00:00
7dc27189eb855013011423a5dcac71c3,848a418025af5ffbbadfdedd85081da7,delivered,2018-04-15 18:55:17,2018-04-15 19:10:56,2018-04-16 19:26:26,2018-04-17 19:04:33,2018-04-27 00:00:00
ca186afb25218627f21f78bcb9a5ea08,7180be94124d3a8df635fa390531a16a,delivered,2018-08-21 17:10:10,2018-08-21 17:27:17,2018-08-22 14:35:00,2018-08-27 19:07:22,2018-09-03 00:00:00
767cc814433df2750747896ffc066766,2edc6f92f35d994f26752db0fd1f5727,delivered,2018-06-28 01:05:22,2018-06-28 01:15:12,2018-06-28 14:02:00,2018-07-09 15:18:38,2018-08-03 00:00:00
b198d16d5ba1cbacf02b4d54728314fa,7021912eee1bca99920c934a3d8b27c5,delivered,2018-07-28 14:57:50,2018-07-29 17:45:08,2018-08-07 13:43:00,2018-08-15 13:41:44,2018-08-21 00:00:00
a66765fe402323e56c6304674dea53ec,6a9f8b26d13f6070c2be70b834949be9,delivered,2017-09-09 11:35:10,2017-09-09 11:45:40,2017-09-11 22:10:02,2017-09-26 17:56:37,2017-10-03 00:00:00
eb95318c123e12f8213e02bd24fe4118,0c61d5a89f3c2614ad54d1db39a03186,delivered,2017-08-10 07:06:33,2017-08-10 07:26:45,2017-08-16 22:21:50,2017-08-25 18:59:45,2017-09-01 00:00:00
f351c922b3d5947bcadbeeab096796b8,259d4795add79a2b1ea46f0210db8766,delivered,2017-11-08 19:39:09,2017-11-08 20:30:59,2017-11-13 19:48:51,2017-11-24 14:09:02,2017-11-30 00:00:00
a6534e13be8fdab7ccd171198936be57,1b160c386763e9d5ef99a5afd66d61d9,delivered,2018-02-13 23:42:02,2018-02-15 00:31:00,2018-02-15 23:29:10,2018-02-26 19:23:24,2018-03-08 00:00:00
e2a4e699c1ba4cf1036be1ca8851b2f4,49c6a9bd8786031fa02ef67014dd2bc1,delivered,2018-04-07 00:49:37,2018-04-09 08:09:33,2018-04-10 02:57:32,2018-04-20 19:19:17,2018-05-02 00:00:00
fc0e0898cfd3461507bc68aea61e36d8,69cf5beafa7bea170aac033ed6ba25d2,delivered,2017-12-29 20:50:35,2017-12-29 21:07:28,2018-01-03 17:28:57,2018-01-05 14:44:44,2018-01-18 00:00:00
17369d934e18e1cb2481bc11a9dcce78,9fdf053062b1f535917981029e490fa8,delivered,2018-02-23 23:33:40,2018-02-24 00:07:52,2018-02-27 21:58:53,2018-03-14 19:51:52,2018-03-26 00:00:00
aa5bea3edb5908e4063ffee094543547,135cff02649bf8b25bb2ca8b46bd80c3,delivered,2018-02-03 10:17:33,2018-02-04 10:10:25,2018-02-05 16:42:23,2018-02-28 21:33:57,2018-03-06 00:00:00
31b9cf3309387ffd343b19690e6985a0,b6b8e122cb92d8153a97eecba602db4d,delivered,2017-07-14 20:57:25,2017-07-14 21:10:17,2017-07-15 15:41:27,2017-07-19 19:34:50,2017-08-03 00:00:00
43df363e546c5d4be691fee79394213d,5687096b10ffbfce09ee6a5fc3ebefd1,delivered,2017-12-21 13:57:09,2017-12-22 02:50:38,2017-12-22 17:56:28,2017-12-26 19:09:41,2018-01-10 00:00:00
cfcdaec7ddcaf0a8ff1ef398575d9917,5f4b2469ef500958180a1e9bd6edd1fc,delivered,2018-01-06 17:38:10,2018-01-06 17:46:50,2018-01-09 22:39:20,2018-01-11 20:22:16,2018-01-31 00:00:00
649119592692c2ce73021844e7892aa6,a2aeb9a5650ba6f97ebd3335cb0dd610,delivered,2017-06-27 12:00:27,2017-06-28 02:35:23,2017-06-28 17:37:33,2017-07-10 20:49:35,2017-07-25 00:00:00
f7a4be4d6edb66bd0e62e91e1bbc9061,30df93bd0e2874646d39d37dec1764d5,delivered,2017-01-17 10:49:05,2017-01-17 11:02:18,2017-01-18 12:40:23,2017-01-30 13:28:43,2017-03-01 00:00:00
ee6f7abb8cf6ea119dbd09f8cf6acbfe,2c87fa5de571fe098ce699a0b93da7dd,delivered,2018-06-16 16:39:47,2018-06-16 16:58:36,2018-06-18 09:33:00,2018-06-21 16:09:44,2018-07-26 00:00:00
17c7247e36a481d564a5ec8c28861709,89aa7d6c004419805cfefc8ed2e01c1a,delivered,2017-07-21 10:09:02,2017-07-25 03:50:17,2017-07-26 10:21:44,2017-07-29 11:11:26,2017-08-03 00:00:00
922d589aa475c4bc7935c3b9d97e6dae,08d5cabc983964257832805dc6f0e74e,delivered,2017-10-22 16:53:20,2017-10-22 17:14:20,2017-10-23 17:30:49,2017-10-24 20:17:46,2017-11-03 00:00:00
ab19eec70d9d0fa0b30f290905c806e5,d19766c98ec819e36dc3d8db0491f72f,delivered,2017-08-27 02:41:09,2017-08-27 02:55:11,2017-08-28 18:53:05,2017-08-29 18:57:42,2017-09-08 00:00:00
10ef04a6021b2bac686ed668485c8c80,82b03a0031f872239665983241c52179,delivered,2018-01-25 13:21:56,2018-01-25 13:38:59,2018-02-17 02:33:54,2018-03-16 00:18:37,2018-03-09 00:00:00
20be6d24b0a84a4e329e5973d524f20f,eb7276a4ee7dd4449adcde6da478121a,delivered,2017-08-01 23:35:06,2017-08-01 23:50:10,2017-08-03 14:51:24,2017-08-15 16:07:08,2017-09-08 00:00:00
0e2f2a11ed7233e538469471930a7ed7,a7dbd3fd213f08708b18e3b2667e14de,delivered,2018-05-29 09:13:48,2018-05-29 09:30:48,2018-05-29 14:45:00,2018-06-11 14:53:02,2018-07-16 00:00:00
2f50a3b610253bede0da1b660bf560b9,e4d57ae0cd29436ff661934056bca9f4,delivered,2018-06-29 09:59:10,2018-06-30 02:52:26,2018-07-03 12:37:00,2018-07-07 12:12:15,2018-07-27 00:00:00
844f01e04cbbf8ba9a2ada9f036eb8d2,85edc80a16b4badbc1e58061b6ba26e3,delivered,2018-02-06 20:37:41,2018-02-06 20:51:06,2018-02-07 20:33:08,2018-02-20 17:05:35,2018-03-07 00:00:00
8eee4e1e428f76520ca03af043ace939,a71f52e216620305e7028f51100b69a8,delivered,2017-07-01 16:25:53,2017-07-01 16:43:50,2017-07-03 15:21:39,2017-07-11 13:06:46,2017-07-25 00:00:00
7000a7e12f1bd709320d5ba33e246930,f2e25f6f5b6b91207fae80a1c29d1a2d,delivered,2017-12-25 22:56:51,2017-12-27 04:06:56,2017-12-28 17:34:12,2018-01-13 10:37:08,2018-01-16 00:00:00
dc0d27ec49c399d19c810f94cd9d322c,636fd957f57d4c30891ea36b788d1a98,delivered,2017-10-18 20:24:45,2017-10-18 20:35:18,2017-10-26 14:28:36,2017-10-27 15:27:56,2017-11-06 00:00:00
8d4c637f1accf7a88a4555f02741e606,b1dd715db389a2077f43174e7a675d07,canceled,2018-08-29 16:27:49,,,,2018-09-13 00:00:00
70bd1eb0a425533fa100afb2a4f26a98,e37922fce09b0c4a557f9aeb21b59466,delivered,2018-07-28 13:13:08,2018-07-30 16:05:06,2018-08-01 12:41:00,2018-08-08 16:52:42,2018-08-22 00:00:00
a48804f66ce775aaca8c304521669e80,4d77375c6dcb70bcc7e85e9745a7f61a,delivered,2017-11-13 11:06:57,2017-11-14 04:10:24,2017-11-16 17:06:00,2017-11-21 17:27:04,2017-12-06 00:00:00
b025ae09d0783f8194ec38b10c65acbd,0634a391a7b3989dda9196f26e6b2242,delivered,2017-09-01 10:50:42,2017-09-01 11:04:34,2017-09-01 20:04:22,2017-09-11 18:37:38,2017-09-20 00:00:00
9bafbb16dccffbb09e9d88acb1a932f4,5c819da02aa0a65eca9a8086a00a9885,delivered,2017-11-17 13:10:42,2017-11-18 02:31:07,2017-11-21 20:53:52,2017-11-22 20:59:32,2017-11-30 00:00:00
7a067b571c19eb71f647423ceba78fbe,d2e69592f6a7899fa93310dea8f31096,delivered,2018-05-17 10:31:55,2018-05-17 23:31:20,2018-05-18 12:54:00,2018-05-22 20:07:29,2018-05-25 00:00:00
f8ac1de7953f257102599bdaad640722,e29b173e2f8fdd7546b5d3cca8385032,delivered,2018-01-28 19:45:40,2018-01-28 19:59:12,2018-01-31 17:36:37,2018-02-01 16:58:42,2018-02-20 00:00:00
816d7f5c23756d3a5757a2b8364424c7,ee6ffacff5681f9665b19d91214345ad,delivered,2018-08-10 12:43:39,2018-08-10 12:55:24,2018-08-13 16:21:00,2018-08-19 19:21:58,2018-08-22 00:00:00
a88803b061dbc43656aa2d377b834e4a,9ea5e80f52a670b0bccb10c1a4ce2463,delivered,2018-04-10 17:25:19,2018-04-10 17:51:48,2018-04-11 20:21:17,2018-05-02 16:15:03,2018-05-08 00:00:00
d65ef0f73f00ef3755af2d8ef6138ba5,754580db05fdc599ca4532c09a328da2,delivered,2018-04-23 08:58:06,2018-04-24 18:14:15,2018-04-23 19:07:40,2018-05-03 20:48:32,2018-05-15 00:00:00
d13130a0433949ba242b2f0632fd49a2,df85b96ba2ce3e49bde101b1614f52ac,delivered,2017-11-26 11:43:57,2017-11-26 11:55:36,2017-11-28 15:11:48,2017-12-07 23:17:20,2017-12-20 00:00:00
7158229b50001f9cbebbab387c50992e,d5fce16631bd2ca01664a112560b505f,delivered,2017-06-11 21:57:20,2017-06-11 22:05:19,2017-06-12 16:38:41,2017-06-23 12:34:33,2017-07-05 00:00:00
7723b5b9aece2fe48715a349e72ce1df,b5205e335aca81bc3bea7fef91500e1f,delivered,2018-02-26 19:28:01,2018-02-28 09:29:29,2018-03-21 21:32:16,2018-04-03 18:07:56,2018-04-04 00:00:00
305bdb8167732cc44914e064834f8e1c,9e08d3d12c8694671a52867c2b9bb224,delivered,2018-07-06 18:21:45,2018-07-06 18:50:53,2018-07-09 08:19:00,2018-07-12 23:22:02,2018-07-30 00:00:00
1eeaec28c1a699b3b423fba26109e197,e6f7cbd1504efea2bf999b2fa1cb8679,delivered,2018-03-06 09:30:25,2018-03-06 10:09:27,2018-03-07 23:18:43,2018-04-03 22:08:44,2018-04-17 00:00:00
63e0b9d618055898fd3f289f91fe7009,9d4af9f8d10634a350e55c44f566914c,delivered,2018-02-25 18:14:08,2018-02-25 18:47:42,2018-03-14 16:18:55,2018-03-19 15:38:41,2018-03-28 00:00:00
c14d11b92dcd430bb0e414bff63825b0,c4073e465adf088386a637bf76ff1bdf,delivered,2018-04-03 17:06:59,2018-04-03 17:28:55,2018-04-05 19:03:15,2018-04-09 17:06:33,2018-04-19 00:00:00
03a54d3b0f15ac01bad656997420d3bb,574478d054c2bae93a3c66c8a32f4fd5,delivered,2018-05-28 19:15:19,2018-05-30 02:32:21,2018-05-30 13:50:00,2018-06-06 19:14:48,2018-06-26 00:00:00
26aee8d6346575cec08b4981acf7cfc3,f99d3670012af522d07daaaec39a2ad2,delivered,2018-08-20 00:11:37,2018-08-20 13:56:09,2018-08-21 15:46:00,2018-08-23 18:18:26,2018-08-24 00:00:00
a9750e3434088f124fafaf2cb0109fc9,cc9f647f3dcb74c71969df6747554818,delivered,2017-11-06 18:34:03,2017-11-07 03:31:22,2017-11-07 17:09:28,2017-11-09 22:12:12,2017-11-17 00:00:00
7ad99dd647ac730449ac7193ca005527,6dfe3ddd436ac19e55962c1e03189bc4,delivered,2018-03-15 22:13:17,2018-03-15 22:32:08,2018-03-23 15:26:25,2018-04-02 21:28:30,2018-04-04 00:00:00
684e1a86f45edfeeec53b6e903bcf15c,025d5d5b392ca0924d3f47a286fe474f,delivered,2017-07-02 13:51:10,2017-07-03 13:45:08,2017-07-04 18:03:50,2017-07-17 17:31:55,2017-07-25 00:00:00
b77ffad8b6c7bb5dedfb6a61f8e7cf57,90e5ceff72c2844348d875011815f1de,delivered,2018-01-09 23:49:14,2018-01-10 10:31:41,2018-01-15 23:35:01,2018-02-08 12:51:47,2018-02-09 00:00:00
eaef7f919169425e4108197b3bad8065,58d2f3b85809a877b7a268be30871cc3,delivered,2018-04-28 11:33:59,2018-04-28 11:50:48,2018-05-07 12:31:00,2018-05-11 13:56:59,2018-05-23 00:00:00
e804510d7bf65ec23803813f9bc9dc15,847bf1bfd5767bd38113d9324e29b59a,delivered,2018-08-09 14:34:56,2018-08-09 15:05:17,2018-08-10 12:59:00,2018-08-17 20:18:27,2018-08-21 00:00:00
8d44f932616a400f89f21d5449de1daf,e89af4478b4eee04c3603cf7d16d486a,delivered,2017-05-14 12:36:54,2017-05-14 13:22:09,2017-05-15 10:58:31,2017-05-24 17:09:47,2017-06-12 00:00:00
48152543286e71de6452df5ae4bd069c,a5c00cbccb8ff7ec3bb8715188412b83,delivered,2018-06-18 10:40:20,2018-06-19 04:17:08,2018-06-19 11:00:00,2018-06-20 17:52:02,2018-06-28 00:00:00
240191f09afa5eb7356ceaeeb8c153ca,6baa9376774172fc3ad877c08e85644e,delivered,2018-03-26 12:06:58,2018-03-28 16:27:50,2018-03-29 22:52:35,2018-04-09 15:28:25,2018-04-17 00:00:00
f0dd4c57ab7f24c4d9e52674ef3c887e,4a293f5fca6868a2c0d69e89494dafb7,delivered,2018-08-23 22:29:15,2018-08-24 22:25:18,2018-08-27 10:46:00,2018-08-30 18:18:32,2018-09-10 00:00:00
f594ab1eab2b9d5a646c989c1bc5eb3e,d0836b848a9c6d8fe285a19b028df814,delivered,2017-09-03 21:38:55,2017-09-03 21:50:15,2017-09-04 19:52:19,2017-09-12 21:35:51,2017-09-27 00:00:00
c8126206d94637a4e63af00f4181a14d,a90468e2c3a73422673411b52aaa8426,delivered,2017-05-29 22:07:05,2017-05-29 22:22:33,2017-05-31 12:04:00,2017-06-07 14:41:37,2017-06-29 00:00:00
a0ffdfae1965dbe1b949e79e80e5f289,5c1f704b7692629f2e6ab705487f17cc,delivered,2017-09-22 18:50:01,2017-09-26 04:07:10,2017-09-26 20:19:50,2017-10-17 23:22:13,2017-10-19 00:00:00
e8198fb86447455d67c1ddd0b3a068b2,25c1ced83d16f627bd5862b7f9bc6caf,delivered,2018-03-16 18:05:28,2018-03-17 02:35:32,2018-03-19 16:31:40,2018-03-21 18:17:35,2018-03-28 00:00:00
793b7a8a6150d038052487e8a2af52ec,d57230d9d905c3efa3f8d07284c69167,delivered,2017-06-22 18:32:32,2017-06-22 18:42:44,2017-06-29 12:38:02,2017-07-07 18:03:06,2017-07-14 00:00:00
9977f4c374c569a4721d5261ab8694ec,e27702751ec7fac85bfdddd986cc03ce,delivered,2018-04-06 14:07:11,2018-04-06 14:30:10,2018-04-07 16:22:22,2018-04-13 18:37:39,2018-04-30 00:00:00
2ce757e7e2cf3442241e4646b3472dd0,1d90552931e70c9f5f72f05a9c210a56,delivered,2017-08-30 10:56:21,2017-08-30 11:10:13,2017-09-04 14:52:05,2017-09-12 21:24:54,2017-09-28 00:00:00
87b8f9f472fb04cdbf53fb55a3591b5f,0080e98d82eceee143dc006defe00687,delivered,2017-10-26 18:29:04,2017-10-26 18:46:08,2017-10-30 12:51:49,2017-11-03 16:41:47,2017-11-14 00:00:00
6522386fefd98cf9293642fb5dcf9342,bfe86e6e37b9485c767b72380d165412,delivered,2017-12-18 15:35:10,2017-12-18 16:36:45,2017-12-20 23:43:31,2017-12-29 19:37:46,2018-01-11 00:00:00
21838957166e38f71ea42879c0a5c3db,321e587bfd564d724fa0883998543eac,delivered,2017-09-03 21:00:23,2017-09-04 21:10:12,2017-09-09 13:42:39,2017-09-13 20:47:56,2017-09-21 00:00:00
0301ec492e902f2630234df285fa2a1b,25d1a8eaa40b155630ad44faa4b38e40,delivered,2017-08-30 16:03:26,2017-08-30 16:15:17,2017-08-31 19:29:58,2017-09-26 08:04:53,2017-10-03 00:00:00
30c55005c29694f8bb42f9d42c659aa5,4cad7c4c5d12ac22f52c16a69d0663e6,delivered,2017-11-17 13:15:32,2017-11-17 13:46:41,2017-11-21 16:36:54,2017-12-11 16:23:53,2017-12-11 00:00:00
8a7059f3a26aa6df1579a6c9ccbacc3e,ac3e946018ca22557127dcd54c9cd677,delivered,2017-09-25 21:50:22,2017-09-25 22:05:24,2017-09-26 23:17:10,2017-10-03 23:04:18,2017-10-20 00:00:00
ac8cb2fea06770a98357d5e17a82b627,edd54a65bbf38c7914583ad0ad6ecf2b,delivered,2018-08-21 06:06:38,2018-08-21 07:30:15,2018-08-22 11:30:00,2018-08-23 21:32:55,2018-09-10 00:00:00
d967b02c8e9ac87edb380250c652a6b2,b95ff7c80668f3bf98651036308739d7,delivered,2017-11-06 18:17:50,2017-11-07 03:31:18,2017-11-08 18:51:30,2017-11-23 19:51:33,2017-12-05 00:00:00
e91130c6fc7b9ad7646ba8260477bd66,063a5ea8e53ff62d2547c8af92ba02b2,delivered,2018-03-28 19:53:14,2018-03-28 20:07:42,2018-04-12 23:06:44,2018-04-18 20:15:45,2018-04-25 00:00:00
625f2a06b46e5cbf695ba96293f76721,0de81b04e35176808cda689cb88bd263,delivered,2017-03-01 17:58:28,2017-03-01 18:10:20,2017-03-02 15:40:15,2017-03-07 09:35:41,2017-03-21 00:00:00
9b85bbefeeacfebc3ff603d20511734f,7f4f07b97783e894fccff9d72e0988b3,delivered,2017-11-27 10:32:51,2017-11-27 11:14:36,2017-11-29 15:16:47,2017-12-07 19:48:32,2017-12-20 00:00:00
c7da3693b9936c359eb9d60640dbb967,dfbfddf21e93f87163d8695b85506112,delivered,2017-08-21 20:49:53,2017-08-21 21:05:19,2017-08-23 20:53:00,2017-08-28 19:34:13,2017-09-11 00:00:00
236000cc7c90d723a7db9afa31f73e72,41a7a254ad0f16ee9ba1f2ba2605d630,delivered,2018-01-23 18:36:21,2018-01-23 18:55:40,2018-01-24 23:24:36,2018-02-04 14:19:30,2018-02-19 00:00:00
2fba22888f1373d0c3686616e4caf5c8,436e9e545e5299f9e29e1f6083267aec,delivered,2018-02-03 19:00:16,2018-02-06 05:31:53,2018-02-06 22:35:11,2018-02-17 14:52:04,2018-03-01 00:00:00
ed98c37d860890f940e2acd83629fdd1,71f8cd490677ee95362201588c0eaff4,delivered,2017-12-15 12:57:19,2017-12-15 13:13:05,2017-12-19 22:57:44,2017-12-22 01:28:07,2018-01-05 00:00:00
91be088e7093d68e9e8202a7e5d85269,e2287d42212bea87fe363e728bd41e26,delivered,2018-03-27 09:08:33,2018-03-27 09:27:11,2018-03-27 19:03:26,2018-04-09 23:31:36,2018-04-18 00:00:00
4109e4ec2678abadacc06e7a540fec03,9f6a53c19c779bd59965550eb0474688,delivered,2017-08-21 14:08:52,2017-08-21 14:24:42,2017-08-25 20:05:10,2017-08-29 16:24:58,2017-09-15 00:00:00
4c9ad1ec8d135d9f6cda60ba64fdc5bf,df50aa4e5e65c1e00257ac32ad9167ed,delivered,2018-03-01 16:55:33,2018-03-01 17:15:33,2018-03-02 22:43:22,2018-03-26 23:50:55,2018-03-21 00:00:00
79a07404beb09afb0d444bbe9dca4bae,998f126b3cb8b108a8b7784019afa475,delivered,2018-08-21 18:47:23,2018-08-21 19:04:39,2018-08-22 13:44:00,2018-08-23 20:56:32,2018-08-27 00:00:00
f255802c9fa377d64b1699bcf855a608,5e3f472fbaeca6350f1d9d3072293f31,delivered,2018-01-08 19:30:02,2018-01-08 19:48:19,2018-01-09 19:33:12,2018-01-17 22:52:09,2018-02-01 00:00:00
3e2c9148e8b9cca0ec6d480ee316ecb8,461ac5f6096c83246957cad38154e252,delivered,2018-03-30 10:45:33,2018-04-03 05:08:27,2018-04-04 21:21:20,2018-04-06 21:06:49,2018-04-20 00:00:00
e8fba7de8823194ccf9c1f2d52123bee,4ed0344372e80ad60bba6b668bd61bff,delivered,2018-08-10 09:42:32,2018-08-14 04:15:08,2018-08-16 13:56:00,2018-08-20 18:23:23,2018-08-28 00:00:00
c63664068aa3636080c2cd77c53971ab,66e8039d5fddd75067de6b08e4bb22e7,delivered,2017-12-04 17:01:15,2017-12-04 17:46:53,2017-12-05 21:48:35,2017-12-22 20:09:32,2017-12-28 00:00:00
b7af6b8813fa3bb23a67f2fd8284db1e,6531d4ad5d401bc0d4fcca146cff73b1,delivered,2018-06-25 11:18:12,2018-06-25 11:33:53,2018-06-26 12:40:00,2018-06-28 13:16:51,2018-07-11 00:00:00
8104760d9724e09916d654322f583de8,a1a0692a3acbcfe9ec59eb2510936414,delivered,2017-08-09 16:19:43,2017-08-10 10:15:22,2017-08-11 18:45:59,2017-08-15 19:45:05,2017-08-22 00:00:00
2ad5a06596850e972a2074a311a1a30f,15f8bddd3b14e7c3bb4f2020a35e1f3d,delivered,2017-04-18 22:38:59,2017-04-19 01:30:27,2017-04-24 17:20:25,2017-05-11 09:07:31,2017-05-11 00:00:00
d20a22b30ef6af31ef95346ff02133ed,a283df0eddc285d223a925e3ec1a0067,delivered,2018-02-08 11:37:22,2018-02-08 11:50:46,2018-02-14 20:11:57,2018-02-22 16:46:56,2018-03-12 00:00:00
d0b7e2eb7a74f928072f23a62f4e4f58,335e8d4375004a6065aa3c1d2190995d,delivered,2017-09-21 22:15:27,2017-09-23 02:26:15,2017-09-25 18:21:42,2017-09-26 22:53:42,2017-10-06 00:00:00
4f248cce45f86c074a86cbf117d2b1b5,78b62d86956ff92fb90758963d061c6b,delivered,2018-06-17 20:16:55,2018-06-17 20:33:53,2018-06-20 12:16:00,2018-06-21 16:32:17,2018-07-26 00:00:00
e93fceb3b0a859a71554881b5b9b5a86,8f11b4d19fddeb5a195b9795fe132fc2,delivered,2018-07-27 10:44:02,2018-07-27 10:55:18,2018-08-01 15:37:00,2018-08-08 12:58:50,2018-08-22 00:00:00
8f3c9dee0b510175b90cce425174b78e,581588a30afa8dd7bf1179f15ef2e94e,delivered,2017-03-31 23:02:01,2017-03-31 23:15:08,2017-04-03 15:45:59,2017-05-10 13:42:59,2017-05-04 00:00:00
932c319ee28911384cce008c02f0b448,f0ae81a403ac013c63bbea4035de8083,delivered,2018-08-11 16:52:23,2018-08-11 17:04:24,2018-08-13 15:26:00,2018-08-27 15:24:41,2018-09-13 00:00:00
ad2cd0c1191ac47da3a52b1bf112b391,646c33ea702a830b5017485c833d2971,delivered,2018-07-04 10:53:59,2018-07-05 16:33:08,2018-07-10 12:17:00,2018-07-11 15:41:34,2018-07-17 00:00:00
c32dd42a4b8a42c008777be9de862c10,80bcfb6131f4a90aaa0e1a230d747b33,delivered,2017-03-31 02:48:23,2017-04-04 05:45:50,2017-04-06 15:27:56,2017-04-13 14:25:52,2017-04-27 00:00:00
1fc4c658ba7a1f8edf3492ce534944ee,5299b9f29f522644081a8249407ede3c,delivered,2017-08-28 10:29:48,2017-08-28 10:45:12,2017-08-29 18:42:08,2017-09-06 23:04:18,2017-09-15 00:00:00
ebf6d4734dafb7b6c2c67b98db1b90c4,ad5303ccc4b7f49cbe9767f6a88515d7,delivered,2018-03-16 10:58:09,2018-03-16 11:10:36,2018-03-19 21:22:07,2018-04-14 12:03:14,2018-04-09 00:00:00
a3d1ef2562cf71542edfed06c1a7b6c8,5f825bf617f8288a4cb4f50c3c179794,shipped,2017-01-21 11:43:35,2017-01-24 03:42:07,2017-01-24 10:16:53,,2017-03-08 00:00:00
8b57d8238179a3fe33158f6f4daf959f,424666b500924dcee2fafee945732103,delivered,2018-02-13 19:20:07,2018-02-15 03:56:00,2018-02-20 18:17:45,2018-03-17 18:38:43,2018-03-07 00:00:00
cf4ca07fc7743be3281b694f321007bb,d45911b08f65d94b147768c0f369ba84,delivered,2018-07-18 11:55:47,2018-07-18 12:10:08,2018-07-19 15:38:00,2018-07-30 19:43:35,2018-08-06 00:00:00
4e49c4d84e4e416dfa56e61889b7113d,08c79ba38eb563126e213a0a764eb7a4,delivered,2018-03-23 16:19:04,2018-03-23 16:30:39,2018-03-26 20:03:53,2018-03-29 17:09:09,2018-04-12 00:00:00
4f392bdcc6b33f1b56ae0fd844343bbb,d12dfe84678bf6a057d218e2ee623154,delivered,2017-05-12 22:50:56,2017-05-13 07:22:56,2017-05-16 09:17:35,2017-05-17 12:08:39,2017-06-05 00:00:00
8f32ee82ea0fe678bd4aae681f1637cc,468c4f2750adc583cfca2f7223d7ebff,delivered,2017-06-25 16:16:00,2017-06-25 16:25:12,2017-06-26 14:43:27,2017-06-28 16:16:52,2017-07-07 00:00:00
3e8beb10c7fe2966555446e8575a88b7,a32e9f128bf594a9f10ca06f147b4719,delivered,2018-08-03 22:16:26,2018-08-04 04:15:53,2018-08-06 14:58:00,2018-08-08 17:18:38,2018-08-13 00:00:00
bae5466ca9c393da0e97709654923fdd,b806115ed21f16a50c4f3a28947aeadb,delivered,2017-09-05 15:20:35,2017-09-05 15:35:12,2017-09-06 14:59:09,2017-09-12 14:40:03,2017-09-25 00:00:00
db7f34935c2b818933171e61c031695c,e04f1a56c179e5072f239aa83ee0b5c7,delivered,2017-06-09 13:14:12,2017-06-10 02:45:16,2017-06-12 14:19:33,2017-06-19 13:55:47,2017-07-11 00:00:00
3d6031aba8562253267cc241b6113b98,7a33b68891edd3370f13fc2adbb312ac,delivered,2017-04-19 22:15:27,2017-04-19 22:30:18,2017-04-20 16:15:48,2017-05-15 09:45:43,2017-05-09 00:00:00
306151d434933050d958f0db23e970a7,54dd42fc9598bd2f29c6860c16fce38b,delivered,2018-01-22 18:25:04,2018-01-24 02:53:21,2018-01-25 23:42:20,2018-01-30 14:09:33,2018-02-06 00:00:00
9044b4ff307597019884db48921c1e7e,8c4751bbb5aacd9f0d694e8c622faacc,delivered,2018-03-08 16:07:39,2018-03-08 17:00:43,2018-03-09 17:09:43,2018-04-12 23:32:33,2018-05-04 00:00:00
be5b278e38c06fb98c18c6ed0554b754,039c5d6f330c73420f1658e63f67f0ff,delivered,2018-08-02 12:06:27,2018-08-04 04:10:15,2018-08-07 09:01:00,2018-08-08 16:32:55,2018-08-08 00:00:00
7226faa7c52097729fa37ede3e8a625b,f9c5e7c93778d6fdb505bd69aae820b2,delivered,2017-07-14 22:18:39,2017-07-14 22:25:18,2017-07-17 18:54:50,2017-07-26 20:24:20,2017-08-03 00:00:00
523d7597c0c82db94fd16b4213e2f0ab,9ac238d7ed8b3694e58e35b1ed82e8b4,delivered,2017-02-20 13:51:20,2017-02-22 03:10:17,2017-03-23 15:43:45,2017-04-06 14:05:29,2017-03-21 00:00:00
5504eaa5a86eb25fa666cf2e6b96c701,a30be38e1ed0ffb39b318bf1d15e98d9,invoiced,2017-11-29 08:33:06,2017-11-29 08:56:23,,,2017-12-20 00:00:00
2860d23a9117630b980b55b7705a38e3,c6fb5870c31ffb62f86cc2b9a8f09921,delivered,2017-11-02 11:01:12,2017-11-02 11:15:28,2017-11-03 17:12:02,2017-11-08 19:12:07,2017-11-29 00:00:00
9cd88e173978b7414b46e60ddc882ae2,7461f9bc414c8346a6ba180b1fbe3580,delivered,2017-08-27 14:17:28,2017-08-28 17:05:40,2017-08-31 20:36:40,2017-09-05 19:42:14,2017-09-26 00:00:00
7902ef4dbb5973b8426b4c66f2488d3d,ab2ad178fdd3930c37f3e12ea2a3495c,delivered,2017-12-02 23:23:26,2017-12-03 00:04:38,2017-12-04 20:07:20,2017-12-07 22:18:23,2017-12-27 00:00:00
7afca88a125dd0c2b912bbf82c0496a4,0030aded3a67b29946a128ee8468388e,delivered,2017-11-23 21:18:14,2017-11-23 21:27:49,2017-11-28 12:52:13,2017-12-06 16:09:49,2017-12-21 00:00:00
4c5ad8021308604b11f7badf742189dc,30263a0dd35e8aa7df79414030756e15,delivered,2017-10-26 14:21:25,2017-10-27 19:46:39,2017-10-31 22:05:54,2017-11-13 19:07:35,2017-11-28 00:00:00
1cb44c843df038496648b84a904aafa6,ec3f8a3193f7b0ab486687b5dc5a7f50,delivered,2017-09-24 20:25:49,2017-09-24 20:44:03,2017-09-26 12:26:45,2017-10-05 21:42:49,2017-10-19 00:00:00
a4bc1677b3d60b00fa7992831697d94f,c5c7f43ef235a5954eca2f6d585e75e6,delivered,2017-10-19 12:31:00,2017-10-19 13:06:24,2017-10-20 14:32:25,2017-10-23 15:28:21,2017-10-31 00:00:00
d86120cf943d0b5402307848d5bab386,0928439662f8929fd00483ceef12c25a,delivered,2018-04-11 23:03:54,2018-04-11 23:15:17,2018-04-13 00:32:50,2018-04-18 22:08:24,2018-04-30 00:00:00
27e2a7e5ef6ee74e734f296c3a0e33f8,e78e95c694dc4c2aae6e6975bb58bd48,delivered,2017-03-06 19:45:34,2017-03-06 19:55:13,2017-03-07 10:11:49,2017-03-13 16:58:04,2017-03-30 00:00:00
4ea3508e2de6e58640c0efe3ef758829,75776b1f1b023dd82d5fafe940616c1e,processing,2017-05-21 23:42:14,2017-05-22 00:35:23,,,2017-06-21 00:00:00
14e29f83cf6fcd5fcca40380a248eea1,d1d326edcb5fc3e9aadd6e86b7a57910,delivered,2018-02-13 11:28:54,2018-02-13 12:30:27,2018-02-16 17:49:34,2018-02-18 12:45:08,2018-03-01 00:00:00
6dc866fe5592428e07b710b6dd22a920,9f1595b82c93e652dd8ffd5cc4051362,delivered,2018-07-21 15:36:20,2018-07-21 15:50:10,2018-07-23 10:09:00,2018-07-30 21:09:06,2018-08-23 00:00:00
086f617d66181efa193629791e0a9076,bd9f453692541458b7e80c8ec16bc167,delivered,2018-08-10 12:48:28,2018-08-10 13:04:45,2018-08-13 14:24:00,2018-08-21 16:39:05,2018-08-31 00:00:00
029e3b4c8e64bea4ba22e456cd1930a3,95ec188041551055bfa8abedc15c9218,delivered,2017-08-10 21:05:20,2017-08-10 21:24:08,2017-08-11 20:51:14,2017-08-24 19:05:08,2017-09-05 00:00:00
e821c71ba6efed0813bbc0a01a95f24d,e92f244376eed380877c6aab4cc5b0e0,delivered,2017-12-14 21:05:56,2017-12-14 21:16:21,2017-12-15 23:59:01,2018-01-08 16:11:15,2018-01-18 00:00:00
a5fc3fd8cb616492cc41918cb96a5fe2,75fd3a6a9f3b2fc37cd7d26426b19bc3,delivered,2018-03-29 17:48:50,2018-03-29 18:08:31,2018-04-02 18:05:39,2018-04-06 21:48:30,2018-04-20 00:00:00
93d2d7b578c9b8a9de1d72b7507bba6e,a0d3e4c74c41e64fc0e34a1805a0f820,delivered,2017-06-27 19:49:20,2017-06-27 20:03:46,2017-06-29 16:02:40,2017-07-04 17:49:33,2017-07-19 00:00:00
dec0f6569996808803b3a8130c35a997,ca63450c1abcdd0a6124ce2dd7b64d2a,delivered,2018-01-24 22:03:25,2018-01-27 02:50:32,2018-01-29 19:42:56,2018-02-09 18:13:06,2018-02-19 00:00:00
d905ea9eb4e5000a35cbee306bce1935,8bceb21c15bad608c6606d297ee46d8c,delivered,2018-06-19 18:05:41,2018-06-20 08:56:34,2018-06-20 14:55:00,2018-06-25 15:49:42,2018-07-04 00:00:00
8ae61eab795bd8831fe171750551feb1,154e666b681104319714a99a3ab71e44,delivered,2018-07-31 00:17:40,2018-07-31 00:44:23,2018-07-31 15:54:00,2018-08-03 16:38:46,2018-08-20 00:00:00
ce3a102e866be15f5e59e79a3f18e351,dae7b22c2b1be64adb1011ae65bf14db,delivered,2018-01-16 13:33:04,2018-01-18 02:11:50,2018-01-19 00:38:53,2018-01-19 14:52:48,2018-01-31 00:00:00
8c9bf4b39dc933aa382d9a6e5b846b9d,2f6a7c83c088882e1cb34f7bb41a30f2,delivered,2017-04-30 12:13:24,2017-04-30 12:25:26,2017-05-04 13:23:23,2017-05-30 15:32:54,2017-06-02 00:00:00
344c86e9cc82d497519e09dc351d28ff,d5b301a2087b017c4a9ca9730a2b18cf,delivered,2017-11-12 11:43:17,2017-11-12 11:55:30,2017-11-23 15:47:33,2017-11-30 21:16:03,2017-11-27 00:00:00
e55981b5cea8072097093592652571ca,728360ac750d7ab3031c6c0e377eab22,delivered,2017-11-18 20:19:18,2017-11-18 20:30:39,2017-11-22 00:32:25,2017-11-27 20:15:53,2017-12-14 00:00:00
b170f1243a620b65504157b83f69a2e0,733cfaeaccfd9dac7b089a7bdaf2176b,delivered,2018-04-28 08:58:33,2018-04-28 09:09:50,2018-05-07 18:03:00,2018-05-08 20:49:37,2018-05-17 00:00:00
24791bba1a08147c3b660bb80d0de8d3,40c2d7b6a7c12eac3403a30fce65d3d8,delivered,2017-06-24 11:57:01,2017-06-27 04:15:28,2017-06-27 16:35:30,2017-07-25 19:25:03,2017-07-24 00:00:00
f54752d5e157d03feb75bb1320f30ac2,68d03ff74911622915ef4ec24e2919a9,delivered,2018-05-17 08:31:30,2018-05-17 08:59:34,2018-05-18 14:41:00,2018-05-21 19:41:05,2018-06-05 00:00:00
5fc156541c3cea8af8784a46dbfcd183,76ebf70a559266867675fc7b0e74072d,delivered,2018-05-29 11:02:48,2018-05-30 10:56:37,2018-05-30 13:11:00,2018-06-12 20:15:50,2018-07-04 00:00:00
34b04c30d0f21489e3871bb9083582f6,24bffa8e3281713f3aeb4eb619bf0002,delivered,2017-06-14 20:22:18,2017-06-14 20:36:11,2017-06-19 08:12:09,2017-06-19 19:36:03,2017-06-29 00:00:00
911df51e0b1a60e807b0d2f29d17278d,44e0ea3bfdf99e48cf4c76bb3b134ede,delivered,2018-04-11 23:34:58,2018-04-13 13:53:53,2018-04-16 18:32:07,2018-04-18 18:42:28,2018-04-23 00:00:00
3d965a3a3a9aae822a8f40ddf0184df1,5eda0e0b4e9d11a87094681a4597f90c,delivered,2018-06-18 01:27:37,2018-06-18 01:39:22,2018-06-18 13:21:00,2018-06-20 19:16:47,2018-06-28 00:00:00
9f3458f0433d4cfa472f4682654b8d49,99ebfafde8b9e58fd12db9d5cc83132f,unavailable,2017-07-18 23:36:55,2017-07-18 23:50:17,,,2017-08-09 00:00:00
2d164d0e1a9bf9183533b441ccd8796d,9530f1fe1ea5a89c949794e7e8ebe6d0,delivered,2017-06-28 20:47:14,2017-06-29 20:55:13,2017-06-30 15:33:01,2017-07-05 11:39:39,2017-07-20 00:00:00
fb6a01b94b2f20833eb7593ea1a54a8f,0f13ff76e67fcf442e4f706f353bdc7e,delivered,2018-02-17 21:28:39,2018-02-17 22:06:46,2018-02-22 17:39:19,2018-03-01 02:05:02,2018-03-12 00:00:00
995438b4ed84d7fc87366f4b2f5fec9f,4b64f923aa84a7f224260bc473819ad6,delivered,2018-02-27 13:26:15,2018-02-28 10:15:42,2018-03-02 14:03:50,2018-03-05 21:10:28,2018-03-19 00:00:00
5d5a92f1288cfea0501ef343c74591a9,b5886d8a3edaa4855c042bccd5f1a554,delivered,2018-03-09 12:18:15,2018-03-09 13:08:47,2018-03-12 20:06:56,2018-04-04 19:32:31,2018-03-27 00:00:00
f3a2f6c8a6fb28bb010f660ca61dd606,80e6d004e23e1fa0a1048f7297b458e4,delivered,2017-10-17 16:28:28,2017-10-17 17:34:50,2017-10-20 19:30:12,2017-10-26 21:56:28,2017-11-03 00:00:00
91051e0aea46cd16d99a2697b02d83d3,a57c6bea98b5c5a3ad58228dcd27913f,delivered,2018-01-04 19:22:12,2018-01-04 19:32:26,2018-01-08 18:30:05,2018-01-28 17:43:51,2018-02-06 00:00:00
ef99f25a4dd935f92a388af905f868d1,69ea23afb210ed2514e1e325383cf78e,delivered,2017-10-31 20:30:51,2017-10-31 20:46:01,2017-11-03 22:18:44,2017-11-13 20:34:56,2017-11-24 00:00:00
894edb990c70b85e810f6a5869ed3075,47e78cdd37303f49b7de27565411a599,delivered,2017-02-03 20:30:42,2017-02-03 20:45:10,2017-02-08 11:05:15,2017-02-20 11:43:53,2017-03-17 00:00:00
56dc7f1b8195b7fbdd6479f055a203bb,71e31bd9c37b8a1cacc557b87b3e50cb,delivered,2018-03-16 15:49:44,2018-03-17 15:48:40,2018-03-19 21:08:50,2018-03-28 16:07:47,2018-04-06 00:00:00
818ea45f3cef61b3f0f71a0491c1b636,10ef7cc862362919f25225bbade1e1ef,delivered,2018-08-17 19:51:19,2018-08-20 16:31:41,2018-08-22 13:16:00,2018-08-23 14:36:54,2018-08-22 00:00:00
a56f9a0588c3c7aaaa93f193bd7c7cd3,7942ca8baa666af529e54d8cf200d57b,delivered,2018-03-15 12:40:16,2018-03-16 03:50:08,2018-03-20 00:12:29,2018-03-26 15:04:21,2018-04-04 00:00:00
24ac51b02d01abde547c474a994d2aa4,772b44cd8aa7c266a3efaf363ff48410,delivered,2018-08-27 22:12:59,2018-08-27 22:23:59,2018-08-28 15:34:00,2018-08-30 16:38:43,2018-09-04 00:00:00
7a9d4c7f9b068337875b95465330f2fc,7f71ae48074c0cfec9195f88fcbfac55,canceled,2017-05-01 16:12:39,,,,2017-05-30 00:00:00
bb69633a6e4fabb8484f5d1a9a033fc4,c0f02ecfffdc1aecb08f977c057e35f2,delivered,2017-10-17 09:04:12,2017-10-17 09:14:21,2017-10-18 21:52:02,2017-10-24 19:53:05,2017-11-09 00:00:00
f2295bca86e6c4a2a1c211330a5c5779,80fa64e989d6c0478aefff5df36949f4,delivered,2017-12-02 10:43:56,2017-12-04 10:36:21,2017-12-06 16:28:48,2018-01-18 23:05:57,2018-01-03 00:00:00
a992be673def807818acee325f1c5860,e1b83eef480aab9aff380f6ae34685f0,delivered,2017-10-09 16:28:52,2017-10-09 16:47:28,2017-10-24 16:51:44,2017-10-27 20:57:59,2017-10-31 00:00:00
ef4e154fd9b51d276fad7ed482b97e58,66ecae67a2a9deb541bb0de3d2c48927,delivered,2017-10-21 16:31:37,2017-10-21 16:49:12,2017-10-24 19:59:19,2017-11-02 17:16:14,2017-11-10 00:00:00
517b4b7e7f723df3693ae71473078d73,13c14842e78da8bb1e408509619f291f,delivered,2017-10-07 06:49:55,2017-10-07 07:04:33,2017-10-13 15:35:49,2017-10-26 17:10:10,2017-11-14 00:00:00
77fff204e0af2e1abdaea52727cf9d15,9c218e321cb9d2d3fedaaafabfd10623,delivered,2017-11-08 11:15:57,2017-11-08 11:30:49,2017-11-20 12:51:19,2017-11-30 18:25:36,2017-12-06 00:00:00
e4865416690d1f1fdad49bc94f871de6,8457dd875ae43c9b34240808ff8bb757,delivered,2017-11-29 12:48:56,2017-11-29 13:15:54,2017-12-05 18:53:19,2017-12-06 16:59:11,2017-12-13 00:00:00
0755fe651d86dd2feb3c6fff952d81e8,0f3e9d86fecf526bfb491387aece8e02,delivered,2018-07-19 18:01:16,2018-07-20 15:25:20,2018-07-23 08:56:00,2018-08-01 19:47:25,2018-08-10 00:00:00
cc62ea5f8c980942e1fb6b6854c6ce29,12f90e3cb1d2487514f7e277af6d4a40,delivered,2018-02-12 20:06:39,2018-02-12 20:28:13,2018-02-14 18:48:44,2018-03-02 01:19:22,2018-03-12 00:00:00
61977a093913e4c6a6756adb4d3110d9,30bc1c0507caea656fbffdcea453c250,delivered,2018-03-21 15:18:40,2018-03-22 02:55:28,2018-03-22 21:49:32,2018-04-09 23:36:52,2018-04-25 00:00:00
4a3e33350d1fd4eace1585032a97ee06,eefbdbaa5ed63f3c90230a090e292817,delivered,2018-08-05 19:32:36,2018-08-05 19:45:08,2018-08-17 14:41:00,2018-08-21 15:03:20,2018-09-04 00:00:00
fc31a63e2f4e1c8cab6b97ec8eee6f84,0fd9cf5bad82789678c4ff0fd5374ebf,delivered,2017-07-31 16:05:43,2017-07-31 16:23:29,2017-08-03 17:22:47,2017-08-08 18:56:23,2017-08-22 00:00:00
95ca5e38f67d0f792b4fa38683682a0d,58283a66f78970a1137fdea5a4faba2a,delivered,2017-08-14 16:23:54,2017-08-15 03:45:38,2017-08-15 20:17:08,2017-08-26 14:47:59,2017-09-06 00:00:00
29b9c7829acdf75929b7a74e896543b2,1e46ef7cbf5b8032047691745edf0ded,delivered,2018-01-12 16:45:36,2018-01-12 16:57:26,2018-01-19 18:13:07,2018-01-29 14:33:25,2018-02-06 00:00:00
fb3d204c4263192a9661a13797bfd63e,944ed9a986f84223da31772319fe213a,delivered,2018-05-11 16:59:46,2018-05-12 03:32:12,2018-05-14 13:57:00,2018-05-21 12:12:59,2018-06-11 00:00:00
ea88c2a0257950a370dc5a14925d3871,ec3ee99a57612737fc00398d2367be24,delivered,2018-02-26 12:47:29,2018-02-27 05:30:53,2018-02-27 17:33:00,2018-03-15 02:08:25,2018-03-20 00:00:00
421266486e0fff23de13b5302127280e,292d23bbbdae6600735dc07223918c6d,delivered,2017-11-07 08:39:21,2017-11-09 04:31:19,2017-11-10 18:38:29,2017-11-18 02:21:38,2017-12-04 00:00:00
82a35d13f3b95427d47aa11e4afde83b,422d5038574e8ef4a62100750a7bd05e,delivered,2018-01-27 21:43:20,2018-01-27 21:55:36,2018-01-30 19:35:24,2018-02-20 00:33:35,2018-02-22 00:00:00
27d38402a9bf35d21de2f99946b1c1ae,887161ac86a185362955d1b9383647ff,delivered,2017-05-06 02:54:13,2017-05-06 03:10:09,2017-05-10 13:36:19,2017-05-17 12:52:58,2017-05-29 00:00:00
0cd631e2d8ce9cf21c9ebe5b44f3a8c2,c6988d3eb60c30b1d49bb022715b9418,delivered,2017-12-09 22:00:13,2017-12-09 22:11:32,2017-12-12 08:54:55,2017-12-13 21:55:04,2017-12-28 00:00:00
65bbd0719855fe808bb19f62dfa9f42c,425ce6f29109ed3511a62cd0f92d7170,delivered,2017-08-19 18:48:58,2017-08-19 19:05:09,2017-08-21 13:56:58,2017-08-23 22:09:56,2017-09-13 00:00:00
cab041d8d606d6c9d3165da578795340,888d2ebe1af2a8c93c75dae5dfc23719,delivered,2017-05-13 13:16:20,2017-05-13 13:25:17,2017-05-16 04:41:47,2017-06-02 14:28:53,2017-06-19 00:00:00
edee5e7cf341c4b22a2cf863e94670b2,0a03d3b2becf1e6ede584a394d562c45,delivered,2017-09-16 08:25:27,2017-09-16 08:35:20,2017-09-21 19:11:33,2017-09-26 21:16:46,2017-10-31 00:00:00
a1f24dcf6e5fc6b0f0cd0b265381767e,15f73cd40ee94734ce2f3ebce168f1ba,delivered,2017-09-27 11:50:27,2017-09-27 12:07:16,2017-10-04 10:17:31,2017-10-11 19:25:26,2017-10-19 00:00:00
9f8d175d959554b7edef8908797f42bc,64f0489f9721747547375903b0468371,delivered,2017-11-24 10:51:42,2017-11-24 12:32:53,2017-11-24 20:36:55,2017-12-06 16:02:42,2017-12-19 00:00:00
c768b1d3a1541f992ff2a94488a364d7,a1ba2dee740fb5aba74232d9c94f810d,delivered,2017-10-03 09:08:42,2017-10-04 02:56:25,2017-10-04 16:25:10,2017-10-22 14:25:06,2017-10-31 00:00:00
aa3b1b308bb7511e14d9d74172de52fa,bb07e71b9f9329b0b12519d519610049,delivered,2017-08-02 14:40:55,2017-08-02 14:55:15,2017-08-03 21:41:27,2017-08-04 19:06:43,2017-08-16 00:00:00
aa2827fbde8f383ae9baf1184f74db87,482837d98afbef61d7c709453521a3e1,delivered,2018-01-31 09:36:56,2018-01-31 13:31:35,2018-02-01 20:29:35,2018-02-02 21:08:39,2018-02-16 00:00:00
f31e4f9ef9c06d4ec8fe2cb66c65e384,5bfcaca2b18e3c038b1f2b33a0d1801e,delivered,2017-10-01 15:17:41,2017-10-01 15:28:15,2017-10-04 19:36:10,2017-10-12 17:36:50,2017-10-24 00:00:00
ebb1c6b241437a3a506a9a9ca419cbb3,5d4363d5a615f41111dd0cd8f0969780,delivered,2017-04-14 11:42:19,2017-04-14 11:50:20,2017-04-18 14:51:36,2017-04-27 16:31:27,2017-05-12 00:00:00
fc6d2ee7c65043e4c842c367421052c6,bbce8db51b94aed05e4da1ed311bbbfc,delivered,2018-08-11 17:58:54,2018-08-11 18:15:14,2018-08-13 13:50:00,2018-08-15 16:45:59,2018-08-20 00:00:00
9b52c70d4fbddc36fa8c5e4c94c66501,91dde4c0b69b0e363efdf93a0ae8b8f9,delivered,2018-06-25 11:31:42,2018-06-25 11:57:45,2018-06-29 14:07:00,2018-07-11 18:27:51,2018-07-23 00:00:00
4c7ee4e8074ee13226ddac13d14b0989,46dd1905ee29459b23f1fa504a77c6ec,delivered,2017-02-27 23:18:11,2017-02-27 23:25:20,2017-03-03 11:01:28,2017-03-13 10:12:52,2017-04-05 00:00:00
96e5b56d000b07dd7bb1972eb42a0e79,4945390b4dfdbf013ca3e9a5f312f247,delivered,2017-09-29 21:38:55,2017-09-29 21:49:24,2017-10-02 14:14:46,2017-10-09 16:30:03,2017-10-23 00:00:00
5062a18a32fe0f9975f7a1630a0a67dd,a51513d774d1d7ae64332fec450bbac4,delivered,2018-03-24 13:13:31,2018-03-26 19:27:00,2018-03-29 22:36:24,2018-04-14 01:52:24,2018-04-24 00:00:00
375f80ffc05feb35ce2680f1fa490575,8f6e5911262a8742393596bee2c09eac,canceled,2017-06-13 21:10:05,2017-06-13 21:22:35,,,2017-07-06 00:00:00
533e104c4193cf07d264603f7800fb71,2f95fc8f86679d432d77e9d0316fac48,processing,2017-02-06 15:33:57,2017-02-06 15:42:27,,,2017-03-03 00:00:00
0c0c2969d3adf4fffa3753dcc37f135d,6dc864b913bbfbe227bd1da4d8080a2a,delivered,2018-08-15 20:02:06,2018-08-15 20:15:17,2018-08-16 15:07:00,2018-08-21 20:38:44,2018-08-29 00:00:00
e7d090145a4a427aa8353f51b00381cb,6da199107f9bca1b26fe1fdac3937f6a,delivered,2018-03-26 23:13:08,2018-03-26 23:27:09,2018-03-27 18:58:33,2018-04-22 12:22:13,2018-04-26 00:00:00
fa9832914e7afeaf41fc9fbda5ca335f,b71fef05a7e2a9b61b51d713c151cf6c,delivered,2018-02-14 20:48:53,2018-02-14 21:07:27,2018-02-15 19:13:10,2018-02-27 13:35:41,2018-03-06 00:00:00
acf579dc44e10bf23cabf01d80f9f62c,527b26bd8ea58b018efd96060cac5ccb,delivered,2018-04-05 14:18:32,2018-04-05 14:30:26,2018-04-07 01:22:39,2018-04-27 17:12:47,2018-05-08 00:00:00
82728f6b511aa8dc053ba674db6f8b24,0c54f6243242ca48102430ab0931270f,delivered,2018-08-01 21:23:20,2018-08-01 21:35:17,2018-08-03 12:09:00,2018-08-07 22:12:20,2018-08-16 00:00:00
bfaf70837e84e9ba682d246e16726e63,c9e9578f912e420d05abfdadb830cda5,delivered,2017-11-11 17:38:40,2017-11-11 17:51:20,2017-11-14 22:13:04,2017-12-12 02:14:37,2017-12-18 00:00:00
6657640ffd626be03509bc9226994b36,f01c52a4a145463aae16a5017f50f11d,delivered,2018-08-18 10:33:27,2018-08-18 10:50:43,2018-08-21 16:03:00,2018-08-27 16:21:27,2018-09-06 00:00:00
526e735eb29aafd817d59ca159eb7aab,512502e3bace7f93165fa8abdca0ef2c,delivered,2018-01-23 12:53:16,2018-01-23 13:12:25,2018-01-26 17:42:15,2018-02-17 15:42:22,2018-02-20 00:00:00
c9ae6fa5a920d90f86fd464ac7f5cde9,b727708ffce3a65ab875d65f42c59b0a,delivered,2018-02-22 15:12:28,2018-02-23 02:08:56,2018-02-27 22:08:31,2018-03-06 17:27:10,2018-03-22 00:00:00
e4aac63ea6f6b75b6d91ead05207fb43,9aa2c4bac83761140a8703ebdf9e49bd,delivered,2017-05-25 12:51:37,2017-05-25 13:05:42,2017-05-31 11:35:26,2017-06-02 09:44:29,2017-06-07 00:00:00
e3653c411aa1ac28f740e417e9a997bf,4bbe9c46bf4d0154d880396c3e027f64,delivered,2018-02-05 14:18:03,2018-02-07 02:52:15,2018-02-07 21:42:28,2018-02-10 15:12:35,2018-02-21 00:00:00
9b7f6a07a07a4c0bd19e65f861f29f6f,2acc73593b7fb475e93c5896f23d37cc,delivered,2018-06-11 22:28:26,2018-06-11 22:59:15,2018-06-14 15:53:00,2018-06-22 17:58:35,2018-07-12 00:00:00
491a23e567ce4c273419a63a41ff5876,3da647f1441ed4b18ac7a0ded0056570,delivered,2017-11-06 17:51:51,2017-11-07 03:31:24,2017-11-08 13:24:48,2017-11-17 01:16:39,2017-11-24 00:00:00
5e08f8357b3660485f47d00381feaa6f,6f3ff429d5c4b068e63ef27beeace380,delivered,2017-07-05 13:00:03,2017-07-06 13:05:19,2017-07-07 16:53:43,2017-07-21 18:45:03,2017-07-31 00:00:00
7c76185a8b81ba5e0cdcf1be2bcc1192,d542aa94bf74b333c3c605771d239920,delivered,2018-01-23 01:38:01,2018-01-23 01:54:00,2018-01-23 20:24:15,2018-02-05 22:24:54,2018-03-01 00:00:00
02671152ed141efc95384bdd230bc544,08ebd000e60012404de32cacee764799,delivered,2017-11-26 21:33:25,2017-11-26 21:53:43,2017-11-28 14:23:11,2017-12-12 19:33:36,2017-12-20 00:00:00
b354dae409f9d433bee051b7e1b4eb7d,1ccc792b6dd0c921196d290780e11754,delivered,2017-08-09 10:48:15,2017-08-09 11:04:07,2017-08-09 18:03:26,2017-08-17 17:52:32,2017-08-31 00:00:00
f8e373563d5e03306b7080b3c467f0ac,8bdba2ea966d946cc1af56abdc0b61d8,delivered,2018-03-23 16:49:08,2018-03-27 03:49:20,2018-03-27 20:12:38,2018-03-28 21:27:03,2018-04-05 00:00:00
12307610cd2009ccf90a8a4911bb14a8,ef6ea25f1bdbd8acf3ffa440a32634c6,delivered,2018-02-22 02:01:17,2018-02-22 02:10:46,2018-02-23 00:53:51,2018-03-17 16:21:58,2018-03-19 00:00:00
df2bdc45d6c56cd6dce35aea5c391f4e,37fa10edcaa7f5e69d5aa10558843ca3,delivered,2018-04-27 00:19:37,2018-04-27 00:35:15,2018-04-27 13:23:00,2018-05-04 18:46:31,2018-05-28 00:00:00
bc5b3f1a80f8e686a64138fa75c68d3d,ec1ca447b2357dc984f111bb42d901c9,delivered,2018-04-13 18:37:38,2018-04-13 18:52:17,2018-04-16 15:16:32,2018-04-17 23:52:47,2018-05-16 00:00:00
9215daa2d711ae5055008f444f6688c8,8e9e8aa4d3d480bc21b3336de7eb9214,delivered,2018-01-14 19:00:30,2018-01-14 19:12:20,2018-01-16 13:57:05,2018-02-28 00:14:03,2018-02-09 00:00:00
f7c13c71907b58b590da46643fda3bbc,df60888bb018eac1edeaf5694b830029,delivered,2017-07-03 13:20:54,2017-07-03 13:43:47,2017-07-07 20:17:34,2017-07-22 15:29:32,2017-07-27 00:00:00
e7c5ccfc34c262f8f9240ade57e01ed7,0e24c20739fc582fda3306fc43683aa1,delivered,2018-08-05 12:39:54,2018-08-05 12:50:11,2018-08-06 15:03:00,2018-08-10 22:58:49,2018-08-16 00:00:00
ed60085e92e2aa3debf49159deb34da7,431bbb57d52f3141ab2f33a6a4cf00a6,delivered,2017-12-15 08:56:56,2017-12-15 09:10:18,2017-12-19 18:06:39,2017-12-28 18:11:00,2018-01-15 00:00:00
be39a554924306abfee91a4f38ac55bb,e18f0839b686423535bb862e71762cf9,delivered,2018-03-08 12:49:36,2018-03-08 13:08:26,2018-03-08 23:06:30,2018-03-12 22:16:31,2018-03-20 00:00:00
0a18d00cb652fc5698d4e3c3e01e7da0,e2bbf69f932758880f88508bea6207a4,delivered,2017-09-12 02:24:31,2017-09-12 02:35:11,2017-09-12 17:41:42,2017-09-14 11:53:12,2017-09-22 00:00:00
bc439ca267cd182244951ffe206f4feb,8ac4e65f170044d29753abf35e4d0d96,delivered,2018-07-24 15:00:17,2018-07-24 15:10:24,2018-07-25 13:41:00,2018-07-28 11:10:46,2018-08-21 00:00:00
79aa91e33030a170c2baf3c856d3bfdc,2285565c69d3cf67aff44a8a910373f7,delivered,2017-11-03 03:03:15,2017-11-04 04:25:50,2017-11-10 20:06:41,2017-11-17 19:46:56,2017-11-30 00:00:00
bed71d1aad24e424ae97151ef6cc296c,f7fd634460c772aa7c67b397c3a0e831,delivered,2017-11-15 11:07:52,2017-11-15 11:26:46,2017-11-16 16:47:17,2017-11-28 16:06:38,2017-12-07 00:00:00
9fb29dddb4a36fb5a0371b04d33a6991,3c041ed6508172bd338538fc864b8c5d,delivered,2017-12-26 15:02:43,2017-12-26 15:14:33,2017-12-27 23:39:17,2018-01-03 17:45:09,2018-01-19 00:00:00
0cee2d1291e4f4af44e64ffa455e15de,ef2e2db30b8ddcc38f5106667b554b51,delivered,2018-01-01 21:38:26,2018-01-03 04:17:33,2018-01-10 19:42:18,2018-01-11 15:10:54,2018-01-18 00:00:00
db75b87461daf92c7fdf7310f347d229,31b09f351f1304b76f05c3e4039b4699,delivered,2017-12-04 17:49:44,2017-12-06 02:38:30,2017-12-12 22:26:31,2017-12-18 22:14:33,2017-12-20 00:00:00
b98b6a399680185770871d01209d3f7a,2c4693a01b0b1bad9bc86176e9827af5,delivered,2017-12-12 22:34:44,2017-12-14 02:14:27,2017-12-14 19:03:30,2017-12-17 16:47:06,2018-01-05 00:00:00
56142b6c34c40cccb3e3ee8308a4ae76,50202490acea34225b1af5cdd25f4326,delivered,2018-01-11 21:28:50,2018-01-11 21:44:29,2018-01-12 23:42:54,2018-01-16 18:51:50,2018-01-30 00:00:00
75e7a7873f5f25594624a750188facc4,b3703265a0f993e108594dcabda32eec,delivered,2018-06-25 22:45:23,2018-06-26 00:33:23,2018-06-26 15:14:00,2018-07-04 17:05:00,2018-07-18 00:00:00
34d7c2c94f8f4d4f2153adcb60b22145,a4ffea0b19d70d9ef029a9031f114e08,delivered,2017-10-01 11:46:12,2017-10-01 12:03:54,2017-10-06 18:29:09,2017-10-14 13:45:47,2017-10-24 00:00:00
bbbc78f0d6afd4eb216b5760d0502070,a02dfdaaf5b634d7684b11d1c9626d1d,delivered,2018-06-28 22:30:08,2018-06-28 22:49:45,2018-07-03 13:08:00,2018-07-11 23:41:44,2018-07-23 00:00:00
33c2430c9d2f05d9d244895aa53b4a82,d9aa0fd51600102c2e7bdf3bf1649250,delivered,2018-05-05 16:36:29,2018-05-05 16:53:38,2018-05-08 13:29:00,2018-05-15 22:18:17,2018-05-24 00:00:00
0c33ff1cd479e404710b74a6077f6248,4b68278d4590a304f97e2943948c8d83,delivered,2017-11-26 13:10:46,2017-11-26 13:30:51,2017-11-28 22:08:53,2017-12-01 20:32:17,2017-12-11 00:00:00
a7dbcf5043158d6fa72859eead2f3d10,b4555c86f2cac80eb9a05546896ac079,delivered,2017-05-16 12:28:32,2017-05-16 13:10:13,2017-05-17 13:53:58,2017-05-23 11:53:40,2017-06-16 00:00:00
6a73304fb8e96ad11c29d29a1ca00487,6821fda389d5e73f30e53114869e783a,delivered,2017-12-27 15:07:57,2017-12-29 02:09:03,2017-12-29 18:06:05,2018-01-08 14:03:30,2018-01-31 00:00:00
c2628077fa4edd2ebee4f13e2f58368c,97f19f7deab11e0f6c9384154ea728e3,delivered,2017-08-30 16:43:44,2017-08-30 16:55:16,2017-08-31 12:15:25,2017-09-05 21:40:05,2017-09-25 00:00:00
0b192907ec8563bda5210247497aa9af,1239e518e80247840cd399727eb244a5,delivered,2017-10-24 02:04:42,2017-10-24 02:25:37,2017-10-25 18:23:33,2017-11-03 22:42:20,2017-11-10 00:00:00
55c863e656258bebf75d429db9055bec,84277fad7c65394532e950000400cb73,delivered,2017-04-10 10:00:25,2017-04-10 10:15:15,2017-04-10 12:36:59,2017-04-18 12:35:28,2017-05-02 00:00:00
24c2ea18beb03e17972ed33b519950c1,638be9d39246650868db07d10456527c,delivered,2018-05-11 09:49:31,2018-05-12 09:54:21,2018-05-14 15:08:00,2018-05-16 23:57:51,2018-05-25 00:00:00
f6062f2fd7a79226266b4cdaded643ec,220d30b547b088ca7b34fef7d7a54523,delivered,2018-05-29 19:34:33,2018-05-29 19:55:55,2018-05-30 15:11:00,2018-06-01 12:08:29,2018-06-21 00:00:00
d32ec519c65a1661bb50020bda09194f,fb82c16095041173ef2fcda3f8437f40,delivered,2018-07-18 15:03:36,2018-07-18 15:22:23,2018-07-19 10:15:00,2018-07-20 22:36:35,2018-07-31 00:00:00
aa732419bf67ca56341e5067fa0bc357,07faf5d8c1d359058b9d05b3cb4d1d3d,delivered,2017-12-07 18:43:07,2017-12-09 18:37:27,2017-12-12 21:07:46,2017-12-14 17:22:08,2017-12-28 00:00:00
3fa59277573f0fe06ece044ebec2eb02,ee1fb534e64d33fcb16a1023dc721a24,delivered,2018-01-12 21:59:20,2018-01-16 03:34:38,2018-01-17 19:19:04,2018-01-22 18:29:14,2018-02-07 00:00:00
d8f57f08383291ef5fa6cb91dc1a4e02,061c2eb252b4e73472bb4f9e1169b43a,delivered,2018-02-05 08:33:27,2018-02-06 04:32:45,2018-02-07 14:24:12,2018-02-15 18:04:52,2018-03-06 00:00:00
8b13155a6866a0c319ec1748f40f277f,e9cf29627a3977b27c382a2c6f9d554b,delivered,2017-11-29 11:26:51,2017-11-29 11:38:06,2017-12-01 19:18:50,2017-12-11 13:19:21,2017-12-22 00:00:00
2ff0dab60f75a10e4f296641d88b5fb0,f60ef9aa98fcf78765a4ec910a555977,delivered,2018-02-28 16:40:24,2018-03-01 02:48:23,2018-03-01 23:53:06,2018-03-07 18:36:52,2018-03-20 00:00:00
9bd90698ab1e822ca4cb1e2a0de42fd4,88a8cf9e243fe33b9b678a31eb640f70,delivered,2018-04-27 15:58:41,2018-04-27 16:11:17,2018-04-30 06:25:00,2018-05-11 13:52:41,2018-06-04 00:00:00
7ea9168463dc969ab4c6df5cd497cec3,0ba0a7a7ab459af5b3860fa8b784ddd7,delivered,2018-05-15 06:24:03,2018-05-15 06:35:15,2018-05-15 13:35:00,2018-05-22 23:24:42,2018-05-30 00:00:00
38e56e4a15bae88b8f5115849c500e77,c6326604c234a96928cd7f255f358978,delivered,2018-05-04 16:32:18,2018-05-04 16:54:05,2018-05-10 08:55:00,2018-05-15 22:46:33,2018-05-28 00:00:00
178358411049ad27f877b8964564528a,71b3c28ced6fa14321a92998ecd717e2,delivered,2018-03-05 10:10:02,2018-03-05 11:00:25,2018-03-06 17:57:42,2018-03-14 21:16:53,2018-03-22 00:00:00
0ddd8dbe3b0d08b247e46ff98c1b5f45,61465bf7dcc3dc596693c6ae259c171c,delivered,2018-06-07 14:01:50,2018-06-08 13:16:08,2018-06-11 13:59:00,2018-06-13 19:18:51,2018-06-18 00:00:00
977e3e5b3884ce2843710ee5f5a3d12a,52bd7ca97f7ad5da8b25ddda59eb33f8,delivered,2018-08-04 20:54:31,2018-08-04 21:05:16,2018-08-06 14:57:00,2018-08-07 18:40:56,2018-08-13 00:00:00
332ca38a4294471ec2b7ebbff5275d23,3355a05f13842dd7a905ccd6240bfc4c,delivered,2017-03-27 20:01:30,2017-03-27 20:10:23,2017-03-28 18:13:57,2017-04-03 14:23:04,2017-04-13 00:00:00
bc1b81dde530e5b064a559906643fcff,9a73b65ca2a7ffae76c1b8216ebc1b53,delivered,2018-01-14 18:40:29,2018-01-14 18:49:28,2018-01-18 23:18:33,2018-01-25 15:47:12,2018-02-08 00:00:00
dd0873e10bd3c63b350df2fb55bbbfb0,4e2b70d245c3a00cc4bf8ef95d9dbadb,delivered,2017-06-06 21:40:51,2017-06-08 02:50:37,2017-06-14 14:22:42,2017-06-28 11:34:51,2017-07-11 00:00:00
aed7beed304c01b44079208c0d9c16d2,bb43ad860331b5cb19e33357a187b7b2,delivered,2017-06-05 15:51:51,2017-06-07 02:25:29,2017-06-12 10:25:16,2017-06-19 20:45:39,2017-06-28 00:00:00
8ce77357a26f31660e1450dee7900897,e5af401ed4e2cd001e38f5e998845560,delivered,2017-11-10 13:17:12,2017-11-10 13:30:42,2017-11-13 14:02:42,2017-11-22 19:00:50,2017-12-13 00:00:00
fc3e5cddf41dc7757252c2fc0a6c947b,5dab1c2427a8dbb2554e753cb415e222,delivered,2017-03-03 19:35:00,2017-03-03 19:45:17,2017-03-16 08:33:07,2017-03-23 12:35:00,2017-03-30 00:00:00
bccfadd194f448325ed18465d140440f,3442692fc38c51ba3030d78bae07950a,delivered,2017-12-13 17:00:56,2017-12-13 17:12:31,2017-12-22 22:17:22,2017-12-28 21:18:00,2018-01-08 00:00:00
e1489cb4d16876c628a2dadb8e675c9a,ac618c81651b6ff8e20a121385f27320,delivered,2018-04-22 09:34:54,2018-04-24 19:04:58,2018-04-23 18:21:31,2018-04-26 19:06:40,2018-05-16 00:00:00
b4411c4be4f9514e53fe707972f98685,ba4a2d569bc0439747d4846bb939e323,delivered,2017-12-21 22:50:13,2017-12-23 02:12:36,2018-01-03 17:58:54,2018-01-20 15:51:24,2018-01-18 00:00:00
ff8780cfb4535054cc5b56046b170cc0,f9835897d532524a6e9686847d4db4a7,delivered,2017-09-21 14:09:26,2017-09-22 05:34:34,2017-09-22 18:22:55,2017-10-01 14:33:15,2017-10-18 00:00:00
704a2164b3a242cec4c80b164021c6fe,24a828ac4a607d344c6db9cd90afd0e9,delivered,2017-12-10 19:29:20,2017-12-12 03:53:28,2017-12-20 00:21:42,2018-01-03 15:02:53,2018-01-16 00:00:00
c4e9cf40a9cece6172750e47ddc74b20,b2fa715c098e050b476d9f1744c777b9,delivered,2017-03-09 21:01:06,2017-03-09 21:01:06,2017-03-13 10:44:22,2017-03-24 11:05:12,2017-03-30 00:00:00
710f0ad82f53b85ba2348698d18c89db,2a9dd5ed2aaff2cf92f511a9beb00d6e,delivered,2017-11-21 08:54:33,2017-11-21 09:06:48,2017-11-25 03:26:44,2017-12-19 21:23:43,2017-12-18 00:00:00
053fdca16d1f69bd52f908f070a19049,f90389504400442cf00ae1b04e8280a9,delivered,2017-10-07 13:59:13,2017-10-07 14:07:24,2017-10-09 20:43:04,2017-10-17 22:34:18,2017-11-03 00:00:00
3f50f62b343cd447c0fd8af4196bdc33,d9e05844502fb02690842f8397e40b78,delivered,2018-08-15 21:17:49,2018-08-15 21:30:20,2018-08-16 15:13:00,2018-08-17 22:32:42,2018-08-21 00:00:00
4c6c2cdc8af14d43707dd3e71c1f54cc,dc0c6d3b529e7df590a6a92ce5fb8343,delivered,2017-08-12 09:51:12,2017-08-15 03:25:40,2017-08-15 16:17:06,2017-08-25 20:46:24,2017-09-14 00:00:00
e3d98850cbbdab2420e8a49cf21bf194,9c37d4ec00a84ef53bbbe5aa579b0eb8,delivered,2017-12-19 14:43:59,2017-12-21 02:11:59,2017-12-22 16:27:19,2017-12-28 16:25:06,2018-01-15 00:00:00
67503374d1fbcbe5e3a40324f703ffc8,9dec2d47e95677b616efe366f8bf9fb8,delivered,2017-11-19 15:22:02,2017-11-21 03:52:24,2017-11-22 12:03:26,2017-11-29 21:55:29,2017-12-07 00:00:00
f726cbd717234168cc573e1addd506af,cc2012f88759d6b5f92e348658b73465,delivered,2018-03-24 08:03:00,2018-03-27 03:55:40,2018-03-28 22:55:19,2018-04-04 01:38:34,2018-04-13 00:00:00
b38b3526b8b8fdc807e8a0a42ab78573,37088593a28ec66ddf32eff0b19512f2,delivered,2018-08-17 09:46:01,2018-08-17 10:09:22,2018-08-23 13:31:00,2018-08-25 12:58:45,2018-08-31 00:00:00
6bfa92d3952f762df12752e4937cd63e,6ccb997c97b0734228b454ba220ed00e,canceled,2018-04-27 21:28:24,2018-04-27 21:52:18,,,2018-05-10 00:00:00
e63244efc2759393ecb3f8a417efb78d,ada8401e3d76b9171fc5322fb47a2d55,delivered,2018-01-11 13:51:19,2018-01-11 14:07:51,2018-01-15 18:04:39,2018-01-23 18:43:34,2018-02-07 00:00:00
7c7dc1f3affc0d38b97ea22a8aeedb82,1fc29088df4d8add848a6b7304f7a9e0,delivered,2018-05-27 13:02:43,2018-05-27 13:15:12,2018-05-29 11:32:00,2018-06-09 14:32:23,2018-06-29 00:00:00
084051935208c688c8cd5fae3d15810d,e7f806cb2cffddb308ed9bfd6bf5c5fd,delivered,2017-02-24 15:46:49,2017-02-24 16:02:42,2017-03-10 09:30:53,2017-03-28 16:52:33,2017-03-27 00:00:00
9edb4a65f2f453139e9dba567889dc0e,790df320333ffa133fea78a257a556bc,delivered,2017-06-05 09:51:37,2017-06-05 10:05:16,2017-06-09 12:56:58,2017-06-19 20:49:51,2017-06-28 00:00:00
25fb291455f02d9da22d17fa3a1afd23,d99d07b571f5e15e61469e5f77e3b027,delivered,2018-08-11 20:39:16,2018-08-11 20:50:15,2018-08-15 14:27:00,2018-08-20 22:04:53,2018-08-29 00:00:00
e1a9f566dc38eac4f78556976596a43f,93dfd5dccfc590abda99d2e9f3960ea5,delivered,2018-07-01 11:21:38,2018-07-01 11:35:15,2018-07-02 14:25:00,2018-07-06 12:57:41,2018-07-24 00:00:00
21094f6fd8017c8b7339040142abea71,faee0cb7b3e2c9fd9f57ec04cb70d51a,delivered,2018-07-24 18:10:05,2018-07-24 18:25:09,2018-07-30 14:17:00,2018-08-03 20:17:49,2018-08-24 00:00:00
57caf8a4f24c13ac1f4ec44f39a18a44,b29b05b6f122cb50187f3e22ef06858a,delivered,2017-08-17 17:50:47,2017-08-19 02:24:59,2017-08-21 20:24:55,2017-08-23 15:28:05,2017-09-11 00:00:00
a5002a450fa93774a5c3f26f67889bf9,e8421b7126d1f630d22da5cd66093b59,delivered,2017-07-10 09:03:58,2017-07-10 09:15:19,2017-07-11 18:47:36,2017-07-18 13:04:24,2017-07-28 00:00:00
86a864127a2656c4b4b742ae4a67bc1e,c083885b437889d9282d636eabaaabb8,delivered,2018-05-31 16:14:26,2018-06-02 03:31:53,2018-06-04 11:44:00,2018-06-07 22:41:59,2018-07-11 00:00:00
2b9aa198d33cfb44834120efe900c103,e92f36cc104bc4ede1abfb94804ed3e7,delivered,2017-06-19 20:27:15,2017-06-21 14:45:13,2017-06-22 13:10:33,2017-06-28 18:27:50,2017-07-13 00:00:00
747e4e0aa3817ad125ed9074ee005dd7,3b8f54691f57c3da431d79aa017232dd,delivered,2018-04-27 21:12:02,2018-04-28 02:35:12,2018-05-02 12:26:00,2018-05-20 13:52:37,2018-05-30 00:00:00
0d0aa4989e49d1acbc9d973bf923b77c,960b33a48965dbe311329af76f4aa70f,delivered,2017-04-07 11:55:40,2017-04-07 13:05:25,2017-04-07 13:59:13,2017-04-19 12:47:10,2017-05-05 00:00:00
1fb143495c17f9d09e20b8016a8e5430,6f0faf0c625f77d650d4f31b80363617,delivered,2018-01-07 10:24:26,2018-01-07 10:32:20,2018-01-10 22:41:31,2018-01-19 03:09:19,2018-02-07 00:00:00
beece9368912132712839b6b9194180d,cc7770f5337f37b9cdf0294201826302,delivered,2017-10-21 10:32:27,2017-10-21 10:49:19,2017-10-23 19:29:57,2017-10-26 16:03:29,2017-11-14 00:00:00
18e83381f06c519894068bc3434fb638,7f98b1c191f40cc88ba51d1c70383621,delivered,2017-07-04 18:56:33,2017-07-05 17:39:46,2017-07-11 20:49:57,2017-07-14 15:59:55,2017-07-17 00:00:00
899f386e0652a9e159d00cbe97836be3,9ab871545ef08235dfa51639b9f5ce18,delivered,2018-06-15 12:08:47,2018-06-19 03:57:05,2018-06-20 14:11:00,2018-06-21 14:08:39,2018-07-03 00:00:00
f0df036e9be21fc238f131bbfcdde769,1fa16395beca89233661543954ca6cf1,unavailable,2017-02-24 23:39:21,2017-02-24 23:45:14,,,2017-04-07 00:00:00
3246fdc7c13d566c0081c78d49ab6515,7f99772f15578d92899f1e522625d540,delivered,2017-08-29 13:53:14,2017-08-29 14:05:35,2017-08-29 19:56:31,2017-08-30 14:37:10,2017-09-11 00:00:00
961e74f5989501c3f4e58b175753ff4b,7418c20b5b849992784b51ce99b43b1b,delivered,2017-03-15 16:25:29,2017-03-15 16:25:29,2017-03-16 06:52:19,2017-03-23 11:12:45,2017-04-04 00:00:00
699b7692e65138e6874b4c6f42202974,a7bc004b32eb75e7546d6b81d5b8fe44,delivered,2018-03-07 16:59:34,2018-03-08 16:56:24,2018-03-12 16:05:04,2018-03-21 20:20:34,2018-03-23 00:00:00
2d75fff7b2cc9e8df5ddfcf9a7a11cec,4244b230226a6cc815ffa70c4394b06f,delivered,2018-04-11 10:44:58,2018-04-12 05:55:13,2018-04-14 00:48:44,2018-04-23 20:12:58,2018-05-11 00:00:00
5a3a0bfe72c4d627e4f13d9aa81d78ad,cc89bb0f40fb83134cddad77849dd82d,delivered,2018-07-09 08:40:38,2018-07-11 03:45:38,2018-07-17 12:43:00,2018-07-27 15:36:50,2018-08-06 00:00:00
1648b503676883c70854279700e3cfc3,31eaac4f3ea617df8b8e5077436679d1,delivered,2018-04-27 12:03:22,2018-04-28 02:51:43,2018-05-03 12:10:00,2018-05-15 22:22:14,2018-05-18 00:00:00
f1282227fa785dd8dfdcdb22f99be533,cddd3a48c87f57e5e8a07295e48cb714,delivered,2017-05-17 15:08:18,2017-05-19 02:30:33,2017-05-19 10:10:02,2017-05-26 10:08:02,2017-06-06 00:00:00
8c49b48367363f2894bccea3248be15d,93d155119a2102bb21d426b8ccb8bdd9,delivered,2018-01-13 13:35:32,2018-01-13 13:48:55,2018-01-17 16:46:55,2018-01-25 23:04:05,2018-01-30 00:00:00
9f1cbfd860863f340881bcfef13fc3eb,8ec5d1bb574d20d61a22a89127329060,delivered,2017-10-23 11:38:18,2017-10-24 06:33:45,2017-11-07 21:48:29,2017-11-24 21:02:39,2017-11-24 00:00:00
cd4949eac210d110de63aa0479dcfba1,7c029959cc691fbe5dba3ce8eee98d14,delivered,2017-04-26 11:48:47,2017-04-26 13:02:56,2017-04-27 08:07:08,2017-05-10 09:03:37,2017-05-17 00:00:00
9f63ac5c9ccec372d7d7ab7a8ae39243,01f7155995c6d4cda4fab4d36293d80a,delivered,2017-05-17 10:45:24,2017-05-19 02:35:06,2017-05-23 11:32:37,2017-05-31 14:55:44,2017-06-08 00:00:00
29bb5aa6d14cbab0801064aa1657b538,3828e9ac69a218aa2d5bb317df7e877b,delivered,2017-05-19 16:28:13,2017-05-19 16:35:24,2017-05-22 10:16:05,2017-06-01 11:22:34,2017-06-08 00:00:00
198373b9140a1b8507f41535aa6344a3,e18b6ff478167b0efc409e52d13e00b7,delivered,2017-06-12 10:42:00,2017-06-12 11:05:17,2017-06-13 13:13:16,2017-06-26 13:41:58,2017-07-07 00:00:00
1c749ca7e27a6aaa93180b80e326d7f8,120cfe05591775d14f4852a9080a2663,delivered,2018-04-03 17:38:12,2018-04-03 17:50:16,2018-04-05 00:12:29,2018-04-06 00:50:32,2018-04-18 00:00:00
98f0e2b0d85754ca3b4e06d70f0f63a2,af046fdbbda4a307d96801ebe61482c4,delivered,2018-03-04 21:04:35,2018-03-04 21:28:29,2018-03-06 00:53:16,2018-03-12 18:56:30,2018-03-22 00:00:00
195070d2d0eb1da7d93b958bce36d1ef,827d7240a35889668129a7b10aa0081b,shipped,2017-02-08 05:56:31,2017-02-10 03:03:30,2017-02-15 09:14:40,,2017-03-10 00:00:00
696e3f4fca4491245f7b9425055cda4d,32a079c19bb9adf352e0e93c4fb9bd40,delivered,2017-11-25 01:40:30,2017-11-25 02:53:58,2017-12-14 15:27:03,2017-12-18 11:43:15,2017-12-26 00:00:00
89bd46bd027ae866a59a72810b4adc95,c4bd3aefb216827f4698bd9d2b166a2f,delivered,2018-05-15 10:27:01,2018-05-16 02:55:12,2018-05-17 11:55:00,2018-06-15 13:49:44,2018-06-05 00:00:00
310e0c1bbfe5a00061a55e4fa2341fdc,751e579ed6c435ddbe018ccc5b68e13d,delivered,2018-02-11 18:57:34,2018-02-11 19:40:27,2018-02-14 20:15:44,2018-02-26 22:13:23,2018-03-09 00:00:00
86f0bcd9b426a2c1022ae317c7f27be6,dd24965dd5aa551df36ce4baf180445b,unavailable,2017-03-08 15:13:03,2017-03-08 15:13:03,,,2017-03-29 00:00:00
48ac627a65c15df7cebf426bda6e6077,b5dff22ad6f2531a66adde7810935f70,delivered,2017-10-18 23:22:31,2017-10-19 00:40:57,2017-10-23 15:52:58,2017-10-28 13:21:46,2017-11-14 00:00:00
91f71835acd6d20c6c5362c5c1907367,ef6fffb44c4dd02c0e35d6b6f9acf31e,delivered,2018-06-02 16:58:03,2018-06-02 17:10:22,2018-06-04 11:06:00,2018-06-05 16:04:37,2018-07-18 00:00:00
9ddb3509f5be4a428dd17530849d4d25,64e37599865347bc3329d0d79faa8c4d,delivered,2018-08-13 21:56:21,2018-08-14 04:24:19,2018-08-14 11:23:00,2018-08-16 21:31:57,2018-08-22 00:00:00
0420dbc50fc554e303e4b2d6b39063f6,ba5a299fef88320dbdadd124f5333bc6,delivered,2017-11-17 19:49:17,2017-11-17 21:26:28,2017-11-20 16:28:38,2017-11-23 22:44:46,2017-12-11 00:00:00
b55567d6fa810e673d54568cfb910ab5,9458c0a59d52908cec1b7ce6efe88c37,delivered,2017-09-13 10:06:35,2017-09-13 10:37:33,2017-09-19 15:07:39,2017-10-03 19:02:31,2017-10-18 00:00:00
e5cc9aee90086c1cb675e3feef14cb57,1d5c5823a964c7891fca921536fb2463,delivered,2017-06-05 21:14:52,2017-06-05 22:15:16,2017-06-07 11:23:05,2017-06-23 11:02:49,2017-07-03 00:00:00
67204cd665c7418b36623b21584dc92c,e28c7984cdad31abb88f1e19cd8621e1,delivered,2017-12-01 16:13:05,2017-12-01 16:40:20,2017-12-07 22:07:02,2018-01-13 12:49:20,2017-12-29 00:00:00
a343fba54ffedfe70ec5cd8591f26a5d,b885ad8fbf6695694d6a5724d4681cac,delivered,2018-05-15 08:48:44,2018-05-16 08:37:07,2018-05-17 10:23:00,2018-05-22 18:04:33,2018-06-08 00:00:00
ff6b6db3d3c1548c9b511a5320ee27d2,7fe3893a7bf9572f35028d2d3ef9f85d,delivered,2018-03-16 21:10:52,2018-03-16 21:30:40,2018-03-19 19:56:23,2018-03-30 00:38:39,2018-04-10 00:00:00
a88fb9a6e45cb10ebd5ebac6846d1ecf,cd3ce27aac0c6ecc4a3ca29a93f07c51,delivered,2018-01-01 18:56:38,2018-01-01 19:05:29,2018-01-05 17:15:38,2018-01-11 21:37:09,2018-02-21 00:00:00
0f9d568730bf125dbbfed4fc655ff91a,3249a3fb2ccd4b5f7103a6e759c0d873,delivered,2017-03-22 09:56:29,2017-03-22 09:56:29,2017-03-24 11:23:27,2017-03-31 19:07:45,2017-05-15 00:00:00
5d6343c55d971fe043e51c84df19bdd9,3922e40a232b96383899bb8b6f1112fb,delivered,2018-05-07 15:17:28,2018-05-08 04:55:37,2018-05-09 06:53:00,2018-05-19 11:08:25,2018-06-01 00:00:00
9126e0aefae0b65e52c837440e8010a5,a8e5ab9fae7e21ef7e843734f55602ca,delivered,2017-04-09 13:44:57,2017-04-10 17:30:14,2017-04-11 09:53:00,2017-04-17 11:13:06,2017-05-04 00:00:00
f1170c260d0d021017645fd94d65d78b,a86b68dd9da561c8b4cf830e2f0f47a3,delivered,2017-02-24 11:24:17,2017-02-24 15:10:17,2017-03-08 14:52:04,2017-03-16 14:33:08,2017-03-27 00:00:00
130c3f0058347e4d785fa54f3d00d2b4,f227c8cea54e871f65cd080735594ccb,delivered,2018-01-15 15:43:09,2018-01-17 03:39:34,2018-01-31 17:33:30,2018-02-22 21:25:19,2018-03-07 00:00:00
36a5fd80b9f8ee414ac234368584a876,708c3f976416fee8bc3252ff6c411f41,delivered,2017-08-11 23:23:53,2017-08-11 23:35:16,2017-08-14 16:18:05,2017-08-15 19:26:30,2017-08-29 00:00:00
aead701d8d2b9b7c1fa1a3aa963fc577,dbb305170569978cff51fd1047ebb11b,delivered,2017-08-09 22:23:30,2017-08-09 22:35:10,2017-08-10 19:26:58,2017-08-17 18:42:49,2017-08-31 00:00:00
1c32916fec4ddbdf533e164c2552343f,b22268461b6f04a95733c44174586458,delivered,2017-05-15 21:52:26,2017-05-15 22:05:21,2017-05-18 13:47:50,2017-05-23 18:29:02,2017-05-26 00:00:00
dc5f6cd4492bbffe5bcda9b87856c9a5,2ebf822bbf33241c7bffb42235519f92,delivered,2016-10-05 13:12:43,2016-10-06 15:47:29,2016-10-21 16:34:58,2016-10-27 12:33:29,2016-11-29 00:00:00
bf6ae1909b2e970bb1c4f1119b324b64,c689ee4a546a41ccfc8b40c7752bef45,delivered,2018-02-01 18:09:49,2018-02-02 19:31:18,2018-02-06 01:34:26,2018-03-06 23:29:04,2018-03-02 00:00:00
4a662ab61cb0e83833f4b6ff3ed84792,6d74f8cec06871385a5e1c494a39701a,delivered,2018-04-19 16:28:30,2018-04-19 16:58:17,2018-04-20 18:36:35,2018-04-26 00:59:38,2018-05-14 00:00:00
5d667669da71ab257891582b76d37194,502bb2b647bf2cd2b55e73381cb9699c,delivered,2017-08-30 20:15:19,2017-08-30 20:30:12,2017-09-01 14:43:54,2017-09-08 14:51:15,2017-09-25 00:00:00
00471463a6106056c1a2a809f70de640,fcad74a7e0dff27c33e36cbd78280bf9,delivered,2017-09-21 22:00:44,2017-09-21 22:46:14,2017-10-04 14:45:15,2017-10-12 12:29:59,2017-10-20 00:00:00
c2213109a2cc0e75d55585b7aaac6d97,897b7f72042714efaa64ac306ba0cafc,delivered,2018-08-07 23:32:14,2018-08-07 23:45:21,2018-08-09 13:35:00,2018-08-10 20:26:44,2018-08-13 00:00:00
8462b558a3e124a93d9f7f3873028799,79d3c514f1571f2a88197b1e2d9ef859,delivered,2018-02-21 12:48:59,2018-02-21 13:09:05,2018-02-21 23:51:51,2018-02-27 16:57:32,2018-03-16 00:00:00
14772df2ec0499946fb20841a70659e4,3cd182168854efe2024efbd623437ed1,delivered,2017-05-07 18:53:52,2017-05-07 19:15:11,2017-05-10 08:47:55,2017-05-16 15:59:37,2017-06-02 00:00:00
6bbf71e04f4d0e748315be02506a1b63,6241793979a6c6169cce48dd999f3688,delivered,2018-02-05 19:29:06,2018-02-05 19:50:07,2018-02-07 20:52:53,2018-02-22 12:22:08,2018-03-01 00:00:00
02acaa2a6f24e9c4e0bec7141b65f29b,198f8a1c41eaeb274fc8b25993320f18,delivered,2017-09-07 04:14:08,2017-09-07 04:25:12,2017-09-08 15:15:01,2017-09-13 18:17:54,2017-09-28 00:00:00
47f3a8b9c3d8dffb6f878768c73b0971,26d51363d20344386df9fb922a155a26,delivered,2018-04-06 12:10:51,2018-04-07 02:35:15,2018-04-11 16:42:21,2018-04-17 22:20:54,2018-05-03 00:00:00
44146c842a47dc05b44bfd3c0334d47c,a753155288fad08f8802c3b2d2b243df,delivered,2018-04-12 20:45:16,2018-04-13 13:14:40,2018-04-18 17:51:53,2018-04-26 17:14:55,2018-05-09 00:00:00
83d235ec5b7a9b0949ad507ccefc16c5,41b8bed69cc3434edf5576568b852db0,delivered,2018-06-12 13:30:00,2018-06-12 14:05:00,2018-06-13 12:02:00,2018-06-21 15:48:41,2018-07-17 00:00:00
42bcfd11cc83efc775637358296f6b48,ec9eec3f6ecad08f1a41bb32a5dbb1ea,delivered,2017-03-06 13:56:19,2017-03-07 04:03:33,2017-03-08 16:03:59,2017-03-17 16:23:39,2017-03-31 00:00:00
03720fdc92032ee4abd471d172006ab0,116458665bac0ff47d5e87f65e8ec681,delivered,2018-08-05 21:34:54,2018-08-05 21:45:17,2018-08-15 17:42:00,2018-08-21 00:11:52,2018-08-17 00:00:00
7785b07bcf7b5bf8fbf50e491382d98e,edf36208c4d022a97bb82b7c02553af2,shipped,2018-04-17 20:31:30,2018-04-17 20:51:47,2018-04-19 00:51:15,,2018-05-04 00:00:00
53f0bd64140840f70f00c89e7a19fdf2,a23bb087dccfe3c78336749a1818a423,delivered,2018-04-09 09:41:20,2018-04-09 09:55:21,2018-04-13 20:46:36,2018-04-27 19:40:58,2018-05-09 00:00:00
3431f838d49b42723b060fa367b3d294,74c196d5748d2b4dbd3d387f50d6fa09,delivered,2017-12-09 23:17:24,2017-12-09 23:30:19,2017-12-14 16:14:00,2017-12-15 22:48:33,2017-12-28 00:00:00
daa1c13dd8df972cbc97ca351c67f32b,71e8560996119b529ab63d5a963f1a89,delivered,2018-07-31 20:39:04,2018-08-01 13:31:39,2018-08-02 17:46:00,2018-08-24 21:18:22,2018-09-12 00:00:00
53302305754d77daab8c64a29db8d8c4,c16fd56f85eb2c6f8cd0eb28bc618880,delivered,2018-07-13 05:38:45,2018-07-13 05:50:12,2018-07-13 14:02:00,2018-07-26 19:20:43,2018-08-07 00:00:00
660020bc4184db41dc39b332230e94a6,31f96a7faffd537b8ceef28d305cd375,delivered,2017-09-03 19:29:50,2017-09-05 08:34:28,2017-09-06 20:33:17,2017-09-12 23:41:44,2017-09-21 00:00:00
bc46c2cc4bdb50a72e172392fd97672b,49f6c48a95ac4eecf06c6a01b586e14e,delivered,2017-07-02 22:56:09,2017-07-02 23:05:11,2017-07-03 15:39:29,2017-07-18 20:57:44,2017-07-25 00:00:00
051fcda88d997d3ff86012da2a556342,e13a5ed086aacc9b2b7466c78645b468,delivered,2018-08-24 14:59:37,2018-08-25 14:55:23,2018-08-27 17:58:00,2018-08-29 17:38:25,2018-08-29 00:00:00
c8213e60d923c834447d410caab1898d,2ec09b0312464955bea7d384332ba8bc,delivered,2018-07-16 13:30:06,2018-07-16 13:45:13,2018-07-16 14:25:00,2018-07-26 15:36:40,2018-08-16 00:00:00
5b6ef6be2fa71ebc92c95847830eb35f,0ab29e5915ad4ba4c6d77931b038a1ce,delivered,2017-06-17 12:46:11,2017-06-17 12:55:25,2017-06-19 16:43:03,2017-06-22 14:52:55,2017-07-11 00:00:00
4e4d9ab79db69a4bd0d79833bfce91f3,c5ec9e7825f8ec234b331113945cb5ef,delivered,2017-12-22 09:36:53,2017-12-23 02:13:30,2017-12-27 17:47:36,2018-01-11 19:20:49,2018-01-23 00:00:00
306885325658e5d5783776d310d39a74,35f5bb12aeb5e3152bc397c997b83112,delivered,2018-01-22 12:55:06,2018-01-22 14:23:11,2018-01-23 17:03:08,2018-02-01 17:58:43,2018-02-21 00:00:00
55bde651a2c412e983a9ace2f3e05c5d,0238124998cd8eddd5b3ea04d4c1e658,delivered,2018-08-12 19:57:00,2018-08-13 19:50:16,2018-08-14 13:21:00,2018-08-15 19:24:40,2018-08-17 00:00:00
b6220fb5a863a30b561a0084f111e0da,070948afd9d16208989b064551175780,delivered,2018-05-12 18:02:57,2018-05-12 18:36:00,2018-05-14 12:10:00,2018-06-09 18:32:14,2018-06-01 00:00:00
179a901d5de12162c773a0def32eda2f,660ed1bd01292e89c1bdc072e05e3992,delivered,2018-04-30 23:47:26,2018-05-02 11:35:28,2018-05-03 11:24:00,2018-05-22 17:32:55,2018-05-28 00:00:00
ced791864a1478d28bc041d61f8ce2f4,b81371f334909da18f8ff659478c6ddf,delivered,2018-02-02 18:17:19,2018-02-02 19:03:05,2018-02-05 19:12:57,2018-02-16 17:39:38,2018-03-05 00:00:00
85662e028b929ea8a558c36157434119,9ab244a0cc4abef680f71591be46c239,delivered,2018-04-16 11:37:23,2018-04-17 05:50:27,2018-04-17 19:16:35,2018-04-24 20:22:04,2018-05-09 00:00:00
f9c73363efdacbd9919d6c57e388c21e,4b7c71ee56a82b16431dbd5234c9c8f7,delivered,2018-06-10 19:41:52,2018-06-10 19:51:42,2018-06-11 16:02:00,2018-06-15 19:22:40,2018-06-29 00:00:00
add2976dccd076ad28a521b9f86c1012,e060cc4070c78bb9c40c42771b995c68,delivered,2018-02-21 10:11:39,2018-02-21 12:06:07,2018-02-26 17:19:29,2018-03-08 16:04:48,2018-04-02 00:00:00
e5db7bda2b901c39641219e0b0112e5a,69c4c800716e7c23bbee20075aa55f6b,delivered,2018-08-06 12:27:47,2018-08-07 04:30:12,2018-08-07 15:23:00,2018-08-08 22:06:02,2018-08-10 00:00:00
2a206d4997fedfb60455f2a06ae3028a,fe466590682b569c87d29ef4dfdbc609,delivered,2018-06-28 15:18:00,2018-06-29 02:53:15,2018-06-29 12:02:00,2018-07-10 19:43:11,2018-07-19 00:00:00
f92c763c0b65518cb642202c62761040,5b6d2b7a038cd6a079db2ac2c0138daa,delivered,2017-05-24 13:44:09,2017-05-24 13:50:23,2017-05-25 17:38:49,2017-06-02 14:38:05,2017-06-13 00:00:00
9988bc711d2d6fead4af40481ff5de63,2a55c5a6ff0c2eaed117aece47856094,delivered,2018-04-05 11:32:10,2018-04-05 11:48:41,2018-04-09 20:51:11,2018-04-12 22:58:45,2018-04-23 00:00:00
c3d24172aec3f97cadcdc629a7357555,59395768fbb6d0508eaf41eaf135ced0,delivered,2017-08-30 15:29:05,2017-08-30 15:44:38,2017-09-04 22:28:49,2017-09-12 21:59:32,2017-09-26 00:00:00
ea402ebc995cf3c736876cff354a896f,04caa0484842fc3d966ebf185ba21242,delivered,2018-05-15 15:33:29,2018-05-15 15:56:01,2018-05-16 14:46:00,2018-05-17 19:37:37,2018-05-23 00:00:00
1ba5b9882a75bc185bc0c7fbb909b697,c3ce13fcf8ab552fcd541aa1f2225389,delivered,2018-07-26 17:13:14,2018-07-26 17:25:16,2018-07-30 14:15:00,2018-08-06 23:38:46,2018-08-14 00:00:00
24c0b5c7e8f51f85f1bcdbe4cd0f81ac,fc2a8d30702cbc30e24fcd1315030520,delivered,2018-04-27 10:38:39,2018-04-27 10:51:59,2018-04-30 06:18:00,2018-05-04 20:28:36,2018-05-21 00:00:00
3d205e6a3bde8bd5a480aba4d26dd315,25a883ab22042cfc5f16a1e5f6564cdd,delivered,2018-02-24 12:18:42,2018-02-24 12:30:31,2018-02-28 15:27:18,2018-03-01 16:44:35,2018-03-12 00:00:00
1ef47fb13ee9044b5e5aa3bd388755de,c1f326c1584e139615e3ba4ae4d23760,delivered,2018-03-15 10:58:23,2018-03-15 11:10:29,2018-03-15 23:58:52,2018-04-12 21:05:53,2018-04-06 00:00:00
9105e733a6a8fcccf4fced822e1a67ae,874dfb94ae7ceab047226c11f81cba46,delivered,2017-12-13 21:34:31,2017-12-15 02:17:25,2017-12-15 17:33:01,2017-12-18 21:46:33,2018-01-12 00:00:00
b7d3b2799f51cd6167d7931df1546f8e,bef40bbef664b2f618bf022db5be5a11,delivered,2018-06-13 20:20:59,2018-06-13 20:39:41,2018-06-14 15:09:00,2018-06-21 16:52:30,2018-07-16 00:00:00
3005c05dbcb19ff903a28b5d654bb1cf,b70dd1b7a273c0378edb26d95390f857,delivered,2017-01-25 16:57:30,2017-01-25 17:10:20,2017-01-31 07:27:52,2017-02-02 14:29:07,2017-02-20 00:00:00
7a0d4292964e6d5c0fe0fd4238ee6500,dcd40f3746fb8ee4fa0fab8dc6c2d222,delivered,2018-06-28 10:10:25,2018-06-28 10:31:23,2018-06-29 12:27:00,2018-07-09 20:34:37,2018-07-24 00:00:00
eaae5e87592113d14ab25a25bf5105e6,ac2042ae043b8f859f71ff914f863cd2,delivered,2017-03-22 12:30:05,2017-03-22 12:30:05,2017-03-23 08:07:24,2017-04-19 14:43:40,2017-04-12 00:00:00
6f6fcc1b3ef20cf889f9ecccc5d9379d,5f8821579f7deebd8827b5dcc57bcb45,delivered,2018-02-06 20:59:17,2018-02-06 21:10:45,2018-02-07 17:43:21,2018-02-16 11:43:39,2018-03-07 00:00:00
a3868921c7af20ac7aafb5e8b7b5b4ba,69f84065b20dbe07627736cd3a7f7f47,delivered,2018-02-04 21:23:54,2018-02-04 21:35:31,2018-02-06 21:28:56,2018-02-16 23:38:39,2018-03-12 00:00:00
e885304ec221dd09a24101f0dd920504,a3586509a27757e4e4825418e8f1174d,delivered,2018-04-02 23:31:13,2018-04-02 23:48:02,2018-04-04 17:48:52,2018-04-25 00:47:25,2018-04-18 00:00:00
364bfe8be0f9a89a9a817d0e8ecd859c,9c80a6e1fb3ca98a63dbde1cd2557985,delivered,2018-04-03 01:16:22,2018-04-03 01:28:15,2018-04-07 01:42:41,2018-04-17 01:05:14,2018-04-19 00:00:00
1abad641fc19ed94a5eefb34fecbfc0d,9d8ced56e634148f52b90da9bdeb9910,delivered,2017-10-19 12:53:12,2017-10-19 17:35:18,2017-10-20 21:27:34,2017-10-27 18:49:54,2017-11-10 00:00:00
5fa86014b9702f8c488d3ca356d24dd9,5403b9d98faadbbb85ec061012a213c1,delivered,2018-02-19 01:42:20,2018-02-19 02:46:56,2018-02-20 22:29:16,2018-02-27 17:03:43,2018-03-12 00:00:00
2655c643248fa1a5ef168d2f6fc64fe7,9ece767cb4769a7f387567c6f1f06d35,delivered,2018-01-05 19:24:31,2018-01-08 15:28:03,2018-01-09 15:09:01,2018-02-02 12:42:58,2018-04-03 00:00:00
6f7c4d0e0bfea3787bfa435c00423420,3203358dce6a6dd1a5d190113a70b68a,delivered,2018-05-22 09:20:02,2018-05-24 02:35:15,2018-05-24 17:08:00,2018-06-05 13:24:49,2018-06-07 00:00:00
6c15ee8450a1710e7495723be99f4030,356ead8c97942c8e553f692a81e50ccd,delivered,2018-05-26 00:14:44,2018-05-26 00:31:55,2018-05-26 08:16:00,2018-06-14 22:44:58,2018-07-05 00:00:00
daac1a5a0e38caa76166f1569db2895c,e243da4d4f1c0043d86b95941d73fd45,delivered,2018-04-15 20:56:35,2018-04-15 21:09:55,2018-04-16 21:36:42,2018-04-18 21:56:28,2018-05-09 00:00:00
7073be83c3247747c26a69d5a689edbf,f2f4eb1a9dd538dbe28987f5d42e9857,delivered,2018-07-16 15:32:50,2018-07-16 15:45:17,2018-07-20 15:50:00,2018-07-23 12:41:23,2018-08-01 00:00:00
f52ec1996d054ab03ddef4968ff41fa5,93c43171fb6570c1c278167d386a5db6,delivered,2018-08-12 15:13:40,2018-08-12 15:25:19,2018-08-13 14:34:00,2018-08-17 19:18:24,2018-08-30 00:00:00
f996ee1563eca784e95ed1b6e3ff972c,2fea692263bd999bc4a3e307d38ae2fb,delivered,2018-01-26 14:08:25,2018-01-26 14:22:24,2018-01-26 22:48:40,2018-02-03 14:04:51,2018-02-19 00:00:00
3085f11ff3b5e4498b311733a6cbd9e2,fabc9128fc3c897d2208425e2086d3a5,delivered,2017-08-30 20:20:12,2017-08-30 20:30:09,2017-08-31 21:38:10,2017-09-20 15:43:16,2017-09-25 00:00:00
02645c905eb7d1591a679f9bc3b669fd,7d81b5f1ff0e0a22a9496943f1df6cbd,delivered,2018-01-26 16:09:11,2018-01-27 02:41:29,2018-01-29 17:19:03,2018-01-30 14:48:45,2018-02-09 00:00:00
c7712c0f5217ae36e0539a1caea73839,d4ee857c70a9038a06ea3f38861c728d,delivered,2017-09-03 13:09:29,2017-09-04 21:35:16,2017-09-11 19:55:56,2017-09-19 17:15:46,2017-09-25 00:00:00
3de1449e72332066f82b8130406dfeb3,10c24e9fc5879ea6080e2b72e0475641,delivered,2018-01-15 10:16:23,2018-01-17 03:39:36,2018-02-07 00:09:25,2018-03-03 16:03:41,2018-03-15 00:00:00
4e53a913dfd522beb67229c2784dde5b,891d97a0573cb2e4c69db4e87728829b,delivered,2018-04-13 14:32:08,2018-04-17 05:50:56,2018-04-17 21:48:55,2018-04-25 21:58:44,2018-05-11 00:00:00
d9e350703a718681ef3cc6f0d92c0c10,74282fa83d0b14c96deae5439d7cb5e6,delivered,2018-01-02 15:25:51,2018-01-03 04:18:27,2018-01-05 22:10:43,2018-01-15 12:32:30,2018-01-24 00:00:00
64f5fd87174ba865c091f3ceabeaf0e3,ce0ceb45fe0c526c8b6959f36131687f,delivered,2018-02-09 09:31:08,2018-02-09 10:14:05,2018-02-15 17:31:20,2018-02-18 12:54:38,2018-02-23 00:00:00
17f668eaf6dac97de5fcd9bbbea1f474,7526d70ce84a55e4f85d4b39e91e2ac7,delivered,2018-04-17 13:07:55,2018-04-17 13:32:40,2018-04-18 19:38:25,2018-04-30 14:33:03,2018-05-22 00:00:00
9dc2868be613a3a34ca73f26600dcebc,20ef87add57e8cc2760bec8fdff748fa,delivered,2018-03-22 21:26:26,2018-03-22 21:35:55,2018-03-23 18:06:53,2018-03-26 18:38:33,2018-04-04 00:00:00
8fc5d9ce2b81773eab28cea379428e6c,8b3b5d469cfb93eb08d252fd0120c676,delivered,2017-11-30 11:34:22,2017-11-30 11:52:39,2017-12-01 17:29:02,2017-12-11 18:52:16,2018-01-18 00:00:00
da9d5d868a28b17116214d1240c22837,8cd6037505c5d3a5f92d485b1345e918,delivered,2017-08-01 22:25:27,2017-08-03 03:04:44,2017-08-11 20:22:20,2017-09-19 18:09:44,2017-09-08 00:00:00
f0c82a051af6be8d8bc640ac7ed53065,9cac5970d5355ceb74d4878059ac6399,delivered,2017-05-03 15:03:59,2017-05-04 06:35:27,2017-05-10 09:28:27,2017-05-15 08:31:41,2017-05-24 00:00:00
901884e93a6e353950d63cf7a16621ef,3f425c05ff2b159dd7ac24ff725a6b70,delivered,2017-12-07 21:37:21,2017-12-07 21:50:41,2017-12-08 23:17:05,2018-01-06 17:07:34,2018-01-05 00:00:00
2ac76d681b26fb9a0bacc88b2e532430,bf173716098c076e4e00285843e37e5d,delivered,2018-07-18 14:47:24,2018-07-18 15:02:31,2018-07-19 14:36:00,2018-07-24 19:15:26,2018-08-02 00:00:00
fa9aefedb556db70fd8ca7a716f79802,0b88fc5d116430d2cd82962c039c3f88,delivered,2018-08-19 23:05:53,2018-08-20 13:49:54,2018-08-22 12:36:00,2018-08-23 22:51:56,2018-08-23 00:00:00
9e1571408c90f2235bf00d6fd15f8d51,b470bfde759425129d684b306fce715e,delivered,2018-02-06 18:50:45,2018-02-06 19:10:35,2018-02-07 23:26:46,2018-03-28 18:36:45,2018-03-14 00:00:00
bf0f1a792476855668552e27ec7d263f,1220a90faf99b19704eab9e3e872e399,delivered,2018-01-02 22:20:01,2018-01-02 22:32:26,2018-01-03 21:42:47,2018-01-10 00:34:32,2018-01-26 00:00:00
910672810c4151ca48b6946cf9ba0418,7dba19b4aa8f8741e306917190e6e950,delivered,2018-01-14 09:06:06,2018-01-14 09:17:29,2018-01-16 16:56:01,2018-01-25 19:04:07,2018-02-20 00:00:00
7c1d20d6fe132456d237f95b26cd53a8,62949a19102c82481839ee2318f8d71d,delivered,2018-01-21 19:25:41,2018-01-22 13:57:26,2018-01-22 21:36:14,2018-02-06 17:21:54,2018-02-14 00:00:00
334020252534196b67dbda2c892932e1,7fe3cf500fdf23475a1bf979578ff7c3,delivered,2017-12-15 19:18:59,2017-12-19 09:51:46,2017-12-26 18:23:19,2018-01-03 15:10:49,2018-01-10 00:00:00
32219b8b14d2170cb4d16cf24c5d6025,4860f134f8d652b3d93ee94e9d3aa185,delivered,2017-10-18 11:53:15,2017-10-19 02:56:38,2017-10-24 18:26:43,2017-10-31 19:08:42,2017-11-08 00:00:00
7ece3f32d060f91a98d50279ab15ebaf,29d768c153dabfc1ecfeb0c1c389727f,delivered,2017-01-25 01:23:07,2017-01-25 01:35:07,2017-01-30 10:17:10,2017-02-09 10:14:41,2017-03-14 00:00:00
d46993f8bb61402cf53ed368bfca017e,5964c075c70c23bd07753f8cd1503c55,delivered,2017-05-23 08:19:07,2017-05-24 02:50:22,2017-05-24 14:57:59,2017-06-05 09:57:57,2017-06-14 00:00:00
6fafa8b999b250ad0dbbc4dad2f5aaf5,42da448b13fbef03246fd2ed79442e67,delivered,2018-01-18 11:15:02,2018-01-18 11:37:08,2018-01-25 20:42:54,2018-01-31 18:03:45,2018-02-20 00:00:00
c73bbcd64afe483b00a38c3d28c1c66a,b1d6214581f610ab4327d4471d90e574,delivered,2018-08-23 20:38:24,2018-08-24 20:35:19,2018-08-27 10:57:00,2018-08-30 22:11:54,2018-09-05 00:00:00
db80ebec0cd5d08e1d9e9c10f691f491,c79a864b023ee46e9a2e29bd06e72579,delivered,2017-07-21 15:09:52,2017-07-21 22:55:08,2017-07-24 13:47:52,2017-07-31 12:52:14,2017-08-14 00:00:00
ee1c259624feb697ba9a84a268f77cfa,1d877053716a2f3be7e0c13096eb75f1,shipped,2018-02-22 19:22:04,2018-02-22 19:35:26,2018-02-23 20:47:18,,2018-03-19 00:00:00
f94b0a3a81bf5b4de22a8c2a90df7263,96235f1032b3a83d13cd52f4cae7ef68,delivered,2018-08-21 18:42:15,2018-08-21 18:55:19,2018-08-22 14:30:00,2018-08-27 16:21:23,2018-08-31 00:00:00
4f4cdcc0b6af1eb7d23872ddc92b5d05,dce0f4ec1a81a9f978ce37a460c55fad,delivered,2017-10-15 17:02:07,2017-10-16 10:35:16,2017-10-18 18:03:58,2017-10-19 22:56:28,2017-10-26 00:00:00
71e3b03f3cb75e6fd2e5a75e7291df4b,13d366a15142a8b6f7e39caa24ccb1cc,delivered,2017-09-14 12:01:29,2017-09-14 12:15:11,2017-09-14 18:57:26,2017-09-15 15:49:50,2017-09-26 00:00:00
69d7b0fd0e1539d95821f334b42cdfe7,e6e855f3644b9db72b52e9fcd9cc5d9d,delivered,2018-03-12 17:26:36,2018-03-13 17:29:32,2018-03-21 22:06:54,2018-04-10 20:05:18,2018-04-03 00:00:00
0f227f29d1cef44dd442c2fe75d7896c,3e6ee83b129d8611fe4e39d47b18d8c6,delivered,2018-01-12 15:23:34,2018-01-12 15:30:30,2018-01-15 17:25:49,2018-01-27 14:28:43,2018-02-06 00:00:00
fedebd6340d6998da33d42acafad9a4b,4fec2e0acfdf1b086cd731bcb51ba7f1,delivered,2018-03-23 14:03:30,2018-03-23 14:15:40,2018-03-27 20:19:03,2018-04-09 17:03:20,2018-04-17 00:00:00
027b013d2186e25c2b82beb3679d0833,752b19f57cd013e2bf4e3c62da5a29e5,shipped,2018-04-11 15:49:16,2018-04-11 16:10:51,2018-04-13 20:05:02,,2018-05-02 00:00:00
fdc259a28a8f4ba4ea007b10244a8272,0dfb45e4e023f6d20188da2f6145a3ed,delivered,2017-09-25 21:33:51,2017-09-25 21:49:49,2017-09-28 13:15:42,2017-10-16 10:47:41,2017-10-23 00:00:00
9e40d6ad0e658dbe287498d89f222d18,79b516ac255abbf7531ea1ea5b43d0db,delivered,2018-05-29 15:48:49,2018-05-29 16:12:19,2018-06-07 15:12:00,2018-06-11 20:41:32,2018-07-27 00:00:00
7ca00d9cf45a4e8501cdc625899d7633,2d5bf8c06b76ea4c7e4dcb478b2fee54,delivered,2018-08-01 21:22:53,2018-08-01 21:35:18,2018-08-03 12:09:00,2018-08-08 13:14:52,2018-08-13 00:00:00
b8dd3c581f151ae1f4a0b011b0715eca,70e12437a260894a3f038b53d44b01e9,delivered,2018-07-27 11:41:22,2018-07-27 11:55:10,2018-07-30 14:04:00,2018-08-04 11:58:48,2018-08-17 00:00:00
3a84d8311ec3bc442b8e2413a6b770c6,27389b038fe5c0831ab14f7dd5e8a89d,delivered,2018-08-12 13:33:17,2018-08-12 13:45:08,2018-08-13 13:07:00,2018-08-16 12:35:57,2018-08-29 00:00:00
33d4257aa190f034f74c6626a12b6e53,c564529ffd5238e134307140271dd186,delivered,2017-09-17 23:00:57,2017-09-17 23:10:18,2017-09-18 19:37:33,2017-10-03 20:45:01,2017-10-10 00:00:00
270cd1874ca5310906e251407490d66c,fce5e90c12f6f040a4a77008ebeca230,delivered,2018-03-23 16:25:13,2018-03-24 16:27:49,2018-03-27 05:48:44,2018-04-02 17:43:08,2018-04-11 00:00:00
d13edc5c7574bda9f7c9dc6b92a72edf,6487942d4e64abf0e25a122fb215677a,delivered,2018-05-20 14:17:22,2018-05-21 15:32:00,2018-05-22 12:40:00,2018-06-08 22:08:35,2018-06-08 00:00:00
832e0a03685bfc20477ea18436e023a2,87722cfd2b0a53af8fdfee69e8c7feac,delivered,2017-05-26 16:43:10,2017-05-26 16:55:08,2017-05-29 15:20:53,2017-06-07 12:26:04,2017-06-20 00:00:00
38c529a4eb301fab3df50bd0e3c0ecdf,9dbc8c27740a5962891aad8ae9ac64f5,delivered,2017-03-24 18:16:43,2017-03-24 18:42:56,2017-03-29 12:48:16,2017-04-04 14:28:08,2017-04-24 00:00:00
40abd692ba634788bde537d1aff36222,df7d1cc348a96fdeb19b17287b9230be,delivered,2018-05-14 00:31:59,2018-05-14 00:55:09,2018-05-15 10:14:00,2018-05-17 18:04:58,2018-05-30 00:00:00
05fdfff95f5ea9ee431961288fce4e0c,05f9f7e304de1bd029ce39f107848608,delivered,2017-11-07 10:44:53,2017-11-07 10:55:49,2017-11-09 23:16:32,2017-11-16 16:57:32,2017-11-27 00:00:00
7760dcb1588e8f0404d165bace2abe39,b98929520ddf9ebbc2ee6d7a54bb5ba4,delivered,2018-01-21 22:02:55,2018-01-23 03:39:36,2018-01-23 22:37:17,2018-02-05 22:17:47,2018-03-05 00:00:00
ea1f26cda2f1854ff80a133e71ea9939,95200d2b14a993f488affb398652a2a2,delivered,2018-04-15 23:20:52,2018-04-15 23:32:05,2018-04-18 16:58:52,2018-05-03 16:49:00,2018-05-09 00:00:00
ea7e528106f7ea156423a2cbafd75bc2,8d81bf44bb2e36dbfab5353d8b683420,delivered,2017-10-03 21:02:27,2017-10-05 03:04:19,2017-10-10 20:42:38,2017-10-31 21:12:01,2017-10-27 00:00:00
8c5fa1a922cfa46db8478221148d7bfd,656feca5c03ef21e93b356c2da4f4ea4,delivered,2018-04-04 09:54:42,2018-04-05 09:50:13,2018-04-05 21:58:50,2018-04-09 19:37:35,2018-04-16 00:00:00
efc59e55658890749e19367044ab1a43,3375b244ac4cd58a673c13f24156b372,delivered,2017-04-21 20:23:41,2017-04-21 20:35:06,2017-04-24 08:08:50,2017-04-27 14:57:10,2017-05-15 00:00:00
b92aa81f74ab98a2f1a9cc5659f6edcf,6d7c040dec6d2f6da6a63929bdec436d,delivered,2018-06-24 13:49:51,2018-06-25 10:53:44,2018-06-26 08:46:00,2018-06-27 14:06:49,2018-07-26 00:00:00
546c8958ff67b28473cf140ec32a5a91,a88f6b2e3e51c830e4850876c911fb8d,delivered,2017-11-24 19:47:58,2017-11-24 22:56:18,2017-11-29 11:37:48,2017-12-27 15:00:00,2017-12-20 00:00:00
4ff67d3d6e7ebcbcf5cd40998e8a3d2a,d25874df9c935b4461068eb2f04fed92,delivered,2018-05-15 13:01:12,2018-05-15 13:14:38,2018-05-16 13:38:00,2018-05-22 19:38:54,2018-06-06 00:00:00
97afe73fe13a14d269383825a8a32646,957a0abd3abe843b6fe4886a504e69ca,delivered,2018-05-16 19:50:22,2018-05-16 20:16:13,2018-05-17 13:37:00,2018-05-18 19:08:38,2018-05-25 00:00:00
dc81a7a14a9502b15d6e1791eaa4ade6,a370cadf748c232df40b80db05b42df7,delivered,2017-02-13 13:58:18,2017-02-14 04:10:19,2017-02-16 12:28:47,2017-02-21 14:51:51,2017-03-10 00:00:00
d5f812041d8fc446c00cad005b616a3f,184359ed3f22a99dfeff1f70a95510af,delivered,2018-04-27 08:22:03,2018-04-28 02:51:42,2018-04-30 14:13:00,2018-05-03 12:51:43,2018-05-11 00:00:00
5506c622c9692ec1a2145b8b8f712eba,69000206943522203193343fda85d3a0,delivered,2017-05-07 22:09:14,2017-05-07 22:25:11,2017-05-09 10:31:15,2017-05-23 06:27:39,2017-06-05 00:00:00
75726bd0f5bacd31edbf656514778805,99dc64f03cfca5952f1ea7dd668bf7b3,delivered,2017-11-23 18:41:44,2017-11-23 18:49:28,2017-11-25 15:12:34,2017-12-09 18:09:09,2017-12-18 00:00:00
559115c14f48d999adcc027b4a702c8b,58838d64c9fb6e9e3712b41c35024f0d,delivered,2018-01-01 11:03:00,2018-01-01 11:10:30,2018-01-02 16:55:19,2018-01-08 19:59:04,2018-01-18 00:00:00
e83fecff545147241edc9399a93c8e53,cf96a08c56069584a82e7b49976a9598,delivered,2017-10-01 16:12:05,2017-10-03 03:49:23,2017-10-06 22:42:05,2017-10-16 19:04:36,2017-10-27 00:00:00
caef38892cf9eefb7fa25d54e803ba20,e7fdf001dc15351131c29af7d65ba701,delivered,2018-03-05 18:15:17,2018-03-05 18:30:48,2018-03-07 18:32:59,2018-03-29 16:12:29,2018-03-23 00:00:00
67d5ce930730430a0260f62e7c291eba,b0c20452deec54b06c12b989536295d5,delivered,2018-05-02 16:19:48,2018-05-02 17:31:54,2018-05-03 16:19:00,2018-05-05 17:56:31,2018-05-14 00:00:00
f9a8f148429cc3e0ebfc426bf5f7299e,f6a4f5fd1f3e76fb341c7558b76938fd,delivered,2017-03-01 19:32:22,2017-03-02 04:02:31,2017-03-02 16:10:25,2017-03-06 08:58:40,2017-03-23 00:00:00
29500b5b74f1cd86014af29b2e319e9b,71277afecb5c7487d4c7f39f6697b7a8,delivered,2018-07-19 14:25:01,2018-07-19 14:35:20,2018-07-23 15:35:00,2018-07-26 22:37:39,2018-08-10 00:00:00
b28f406dacca37ff27d85f7982344d2f,746d22dfbb196e81c8703ddee866aa5d,delivered,2017-12-01 14:32:31,2017-12-02 02:51:10,2017-12-06 11:47:07,2017-12-11 16:37:48,2017-12-28 00:00:00
44189362b3e194ad2769caf5cb94b8d8,7739c89f22e6943f141bdc83fa9940c1,delivered,2017-08-31 08:02:55,2017-08-31 08:15:14,2017-09-01 23:53:38,2017-09-13 21:27:40,2017-09-22 00:00:00
2edc2a8fcbfceea30b10f1a27c5e4b10,9241bfb421181890a101d73b8c6b95f4,delivered,2017-03-21 21:14:13,2017-03-21 21:14:13,2017-03-22 06:35:07,2017-03-27 17:44:50,2017-04-07 00:00:00
5d2a19878dfb41966381b1cef483a3c5,34bc89a692e14cd3b74e4ec7f5e78a1e,delivered,2018-05-17 14:08:35,2018-05-18 00:14:50,2018-05-18 13:20:00,2018-06-04 18:34:33,2018-06-13 00:00:00
478427fc9787c3fe1edf66c81e466623,d44661372e501386cce8554861971115,delivered,2017-06-17 21:09:49,2017-06-17 21:23:20,2017-06-19 16:04:59,2017-06-21 16:47:49,2017-07-11 00:00:00
cde7b4e633f0dd24536cab563a33ccb9,b05df7fc4b04012e503b4950aa27a8d2,delivered,2017-09-02 23:23:01,2017-09-02 23:35:11,2017-09-04 20:00:01,2017-09-14 20:53:31,2017-09-27 00:00:00
a9f2b777e3bef22265789c831c1bec2e,dc75c9ef71e6cbda48cbe416729b79ba,delivered,2018-04-16 10:50:38,2018-04-16 11:11:27,2018-04-17 14:41:46,2018-04-19 22:56:43,2018-05-03 00:00:00
f57b72afcc4b452e33507898aa140ff5,a8a66bbda1336f0cb78c99853cac7b4c,delivered,2018-06-26 13:38:55,2018-06-26 13:56:23,2018-06-28 15:50:00,2018-07-09 13:16:36,2018-07-17 00:00:00
d26d1c1cd0e2f03cb9540e440ae7a36d,6ca8512df510cd81c156464b01dcd23d,delivered,2018-05-31 12:37:29,2018-05-31 12:54:30,2018-06-01 13:51:00,2018-06-11 22:17:24,2018-07-12 00:00:00
9a194607b0125b5c6c0e01a53843080f,325d0a903a3eb65f0b0c2bb61fd4a6ec,delivered,2018-01-16 17:02:33,2018-01-16 17:14:29,2018-01-17 17:12:40,2018-02-16 12:53:21,2018-03-09 00:00:00
3c5b8e9f31061a7aeb8531216a18606d,d812ff486ec5070d45ce3abff665d5df,delivered,2017-12-29 07:06:24,2017-12-29 07:15:22,2017-12-29 17:22:40,2018-01-05 23:19:55,2018-01-24 00:00:00
1fd1b3c4396fe3d19067623fca845f03,457aa02da26931909b20f4f92fe67229,delivered,2018-04-17 12:05:48,2018-04-17 12:30:16,2018-04-18 14:08:41,2018-04-19 23:07:40,2018-04-27 00:00:00
4b8267d1f715adb8eb69ac677662c100,4004f17e88f450a6adcec6013038295a,delivered,2018-05-04 15:02:52,2018-05-05 02:35:15,2018-05-10 15:34:00,2018-05-17 17:31:29,2018-05-29 00:00:00
bb031ba8af937e390196eec424b41798,de18e1bd5388e711196e1b8a9ddcb5a3,delivered,2017-12-24 13:03:17,2017-12-24 13:12:43,2017-12-27 19:14:01,2018-01-05 15:49:09,2018-01-23 00:00:00
5b664e80ddc573f779bc4b33c7a457ea,3a2d68eee79fec2603b564e1e0253c75,delivered,2018-04-17 15:43:38,2018-04-17 16:30:24,2018-04-23 23:25:27,2018-04-30 20:38:34,2018-04-30 00:00:00
8624d8f9a994ef3cd1792ffe142b412d,b9e6ea4da5b6cd063dd46df2627bcd99,delivered,2017-12-03 19:21:34,2017-12-03 19:33:53,2017-12-06 15:19:30,2017-12-12 18:04:28,2017-12-20 00:00:00
63114fe7881be901a26ef97cbd3b47a8,a83fe906cf12e5dc24b6106577d27b64,delivered,2018-07-09 10:56:32,2018-07-09 11:05:45,2018-07-10 15:06:00,2018-07-12 00:20:24,2018-07-18 00:00:00
3b39d2ddd9066f382c924cc2c51dc584,f1e46939e6408b3e6fd46579a37c88b4,delivered,2017-06-01 14:58:11,2017-06-01 15:15:19,2017-06-02 14:39:27,2017-06-13 12:24:23,2017-06-26 00:00:00
9dc439a9d732ca991174a53f114c3cde,6660b4dcb6bc876c71cb3f2d8de060dc,delivered,2017-12-04 11:10:27,2017-12-06 02:50:37,2017-12-11 21:19:21,2017-12-12 19:42:07,2017-12-20 00:00:00
7e41633529000f80967da24083bb6c1c,451ac26d4d2da6b319318c13aac25937,delivered,2018-07-26 20:37:12,2018-07-26 21:10:17,2018-07-27 12:06:00,2018-08-02 20:59:41,2018-08-17 00:00:00
06d8cb692ed19b092adaaf5337d01a39,485d59ed46bda4a60ac9ab15c32ec63c,delivered,2018-08-03 10:50:18,2018-08-03 11:04:11,2018-08-07 15:22:00,2018-08-10 17:24:34,2018-08-16 00:00:00
ef2b686edd39d4c6b594040d43489f56,b42fde337b8064a69eb4c1d0e6d43fdc,delivered,2018-01-05 11:53:02,2018-01-05 12:08:16,2018-01-05 21:26:30,2018-01-09 14:47:08,2018-01-23 00:00:00
a3935e4485cd7848426b3c0761728345,131bcf801cb9c02140783e20153249f9,delivered,2018-06-24 22:14:32,2018-06-24 22:38:21,2018-06-26 15:16:00,2018-06-28 17:22:09,2018-07-19 00:00:00
8553cd91f67faa93fd2aa45148bcc3c8,f882aaf28af48842b1ca318f520f443c,delivered,2017-06-03 10:47:56,2017-06-03 11:02:59,2017-06-06 17:45:22,2017-06-12 15:22:27,2017-06-26 00:00:00
c3d7d16efecadd7d1ef3ffb285dd8657,966e44ef089263460cc572f28187ee86,delivered,2017-03-16 09:47:59,2017-03-16 09:47:59,2017-03-17 09:15:46,2017-03-22 11:52:18,2017-04-06 00:00:00
65176291fad85f25b92153f7172abbc5,f3bb4ca2244dc44f761b7becf03acebb,delivered,2018-04-25 08:21:31,2018-04-25 08:31:08,2018-04-25 14:43:00,2018-04-27 19:52:32,2018-05-08 00:00:00
6127a28915c32d0c35b55f6ccc3f0c36,20e082bd38bebfc9f174eb2f74b6cd41,delivered,2018-05-14 15:53:14,2018-05-14 16:13:49,2018-05-15 15:31:00,2018-05-17 14:51:21,2018-05-25 00:00:00
e97d413be381af1c85a368973f38ad0a,ec3fef6f122ec7da38cc0f0ad81013ee,delivered,2017-04-09 15:50:04,2017-04-09 16:01:57,2017-04-10 11:40:03,2017-04-17 11:52:53,2017-05-15 00:00:00
001c85b5f68d2be0cb0797afc9e8ce9a,48ed31e735f1c420ed6ca3637b7c744d,delivered,2017-11-24 19:19:18,2017-11-24 22:38:47,2017-11-27 12:42:15,2017-12-22 18:37:40,2017-12-14 00:00:00
1c2bcfd34cbb64f130a03aeb7c0d6c75,dc20dd848e86e03be23cc9883378cd65,delivered,2018-06-02 11:53:45,2018-06-02 12:15:13,2018-06-22 15:52:00,2018-06-26 16:21:19,2018-07-17 00:00:00
02ea547b6d2ee25305588fd50df58b46,ff4545a3148f5a22667f301e00cb5ad7,shipped,2017-03-23 22:03:43,2017-03-23 22:10:24,2017-03-28 11:43:01,,2017-04-18 00:00:00
1a9f85c859f73034acc85057b4899a8e,f34e32b8604090d1c2a7f3b04c834807,delivered,2017-07-06 17:11:14,2017-07-06 17:25:21,2017-07-07 18:12:02,2017-07-31 22:42:33,2017-08-10 00:00:00
684f63e89a82f437747c1cd45a099f4d,dbbb8e776de0b4704d10f043c30dbaa9,delivered,2018-06-14 15:46:27,2018-06-14 16:00:09,2018-07-03 14:02:00,2018-07-09 19:27:36,2018-07-26 00:00:00
9db0b5f3481614484592866ec7c902f3,574bc1bc07d89145ec04fd7a5eca5c3e,delivered,2017-05-23 10:24:45,2017-05-24 02:50:20,2017-05-24 10:34:19,2017-05-31 09:42:08,2017-06-20 00:00:00
008fab5602c441d51f30b1464f5d4643,337e39b83fac394e62eb7876f45ee981,delivered,2017-02-22 10:37:41,2017-02-22 10:50:13,2017-02-22 14:03:10,2017-03-03 12:43:46,2017-03-23 00:00:00
a472cc850b21b27f04a2b80546d3910e,eafcc7bf051b9d56a2b9e428a43b6ce6,delivered,2017-12-06 17:39:09,2017-12-06 17:52:56,2017-12-07 17:27:49,2017-12-11 23:10:00,2018-01-03 00:00:00
059c0bd12954b4e72327c0ff67d9f2e8,c1f4176c8405099a08d876c2794e1958,delivered,2018-05-01 21:53:28,2018-05-01 22:16:29,2018-05-03 16:31:00,2018-05-10 18:18:32,2018-05-23 00:00:00
84960d31af78367051a7134bf7b64f29,1b97c2f2eebe3e5c80a2a7a07bb6749a,delivered,2018-07-12 22:09:55,2018-07-12 22:25:12,2018-07-31 14:10:00,2018-08-08 18:31:21,2018-08-02 00:00:00
432be65264b4055058984c2078e5d487,1e218eee4b25d4e7943183d601ad81c0,delivered,2018-04-06 20:46:51,2018-04-06 21:08:45,2018-04-09 20:41:43,2018-04-10 21:55:39,2018-04-23 00:00:00
de72d70497698d2416dc47712bbc7678,c360961ef98b0d4b28357b7fd0387673,delivered,2018-02-13 09:15:52,2018-02-13 09:27:21,2018-02-14 23:58:44,2018-02-22 01:46:56,2018-03-12 00:00:00
8bbc0e9b5ac010d6a9b8d76570cd20c4,269ebe5042123ff1dfbfc95d52eae825,delivered,2018-02-11 19:10:14,2018-02-11 19:28:07,2018-02-21 10:18:45,2018-03-06 23:44:56,2018-03-16 00:00:00
650fcf3e2908208ae23c6c93706c50d3,7199038790946ae4e75b8efc080f9dd2,delivered,2017-05-07 16:47:29,2017-05-07 17:01:50,2017-05-08 15:41:08,2017-05-12 11:57:59,2017-06-02 00:00:00
643efaf4eddc8f0b4f71b1674c882fa4,d7d536ccde7b524ac5a42e24b000d982,delivered,2018-07-02 21:45:21,2018-07-05 16:27:02,2018-07-04 14:55:00,2018-07-09 19:48:46,2018-07-25 00:00:00
a1244e1c9ad5fe2e15f97c9136ef70ab,2fd83e62488be87241b90a6e474eec0e,delivered,2017-11-25 03:10:32,2017-11-28 03:33:07,2017-11-28 23:22:50,2017-12-02 12:43:18,2017-12-11 00:00:00
06d68cf3fe78e8d27c1047fe0346abc4,3e089f738aef695bac3734a9bce1ed20,delivered,2017-07-19 14:48:00,2017-07-20 02:23:59,2017-07-21 21:51:38,2017-07-25 00:49:46,2017-08-04 00:00:00
a49c33d90902b75249013813637fbf1c,e76048064c31c156e15c4a07c48a3b1c,delivered,2018-01-14 17:59:52,2018-01-14 18:11:24,2018-01-27 01:33:47,2018-02-06 23:47:54,2018-02-21 00:00:00
c9cdd7f64546202e53576e2997f112f4,8229657fd11afc46e7e8c6be1636c80c,delivered,2018-05-19 14:06:06,2018-05-19 14:31:16,2018-05-21 10:30:00,2018-05-24 22:05:17,2018-06-06 00:00:00
8adb87b0bb81da96d28e6cfaa033a40d,b5672da69f806d8bc4eea831365f07da,delivered,2017-11-24 09:38:22,2017-11-24 10:56:54,2017-11-28 20:18:09,2017-12-12 18:41:55,2017-12-14 00:00:00
aea67f89b3841f780d8eed0beabd3398,09b469184e00373f074c799968de0aad,delivered,2018-07-05 21:41:51,2018-07-05 21:55:14,2018-07-06 11:25:00,2018-07-10 16:28:42,2018-07-19 00:00:00
b84c178bc4308555f74ed9cdf3a38193,22a1be4f281a33941e88bc790cfb60a6,delivered,2018-01-25 11:03:37,2018-01-25 11:12:33,2018-01-29 19:24:48,2018-02-07 18:36:54,2018-02-22 00:00:00
607911c4ac62f9038b4ec434673e486e,7cec2ad3ecf1b10ce543161225a13a97,delivered,2018-08-06 16:41:44,2018-08-06 16:50:26,2018-08-08 11:09:00,2018-08-13 17:57:42,2018-08-22 00:00:00
db93355c53b6e6a6119012d4880abd94,c38fa4fd1dcd99e0341c633c7b4732f6,delivered,2017-08-25 16:39:36,2017-08-25 16:55:14,2017-08-28 20:05:51,2017-09-04 18:10:05,2017-09-19 00:00:00
ac21545a31cc2f10904bcc68254c1d11,ef679ddb34f8f011599d10e88c859117,delivered,2018-03-16 18:06:44,2018-03-20 03:08:29,2018-03-20 22:17:32,2018-04-06 20:02:18,2018-04-25 00:00:00
62076e9aa47cedb799ddc84812264c9e,37e066fcd483b5b73efc8eb2166c91e2,shipped,2018-06-09 19:28:03,2018-06-09 19:50:51,2018-06-11 13:50:00,,2018-07-04 00:00:00
4438691d291f7a436db5665e8d010ac9,294ee4cd4c0812c45ee3a69208051364,delivered,2017-07-16 22:46:54,2017-07-18 05:55:37,2017-07-18 21:21:56,2017-08-10 19:08:25,2017-08-08 00:00:00
4d0fce2314e3a88cb7371a111cf69f41,5d24376e325a79e62ed98de02d5eb029,delivered,2017-11-25 12:09:38,2017-11-28 03:32:18,2017-11-28 17:44:40,2017-12-04 15:22:32,2017-12-20 00:00:00
3dcc4c9174a04ed82d42905c7dd139e7,9dd475c34f4cc88c45bec1dc40f33fa4,delivered,2017-07-20 17:31:12,2017-07-22 02:23:19,2017-07-25 20:49:39,2017-07-28 16:06:45,2017-08-18 00:00:00
49267f83c9f436f1147915577fdeb110,9b7d3addaab8a9237c6d4c45b68e26c2,delivered,2017-10-26 09:08:54,2017-10-27 09:08:00,2017-10-27 17:43:36,2017-11-03 18:40:01,2017-11-21 00:00:00
8883ff5e64a8932fe566679fb325988a,7f5c8f56535b9c3dae5d7edbbc03849f,delivered,2018-06-08 23:38:33,2018-06-08 23:53:25,2018-06-11 11:40:00,2018-06-25 23:18:42,2018-07-20 00:00:00
e6fad28cb7f01e461467af959930ae8a,c57928c036644588414e864683ff1da2,delivered,2018-04-20 17:11:26,2018-04-24 18:45:48,2018-04-23 17:52:52,2018-05-06 16:46:43,2018-05-17 00:00:00
683b82f268a3ba04ef24ce3490a12d44,a5f835421f74efb2806c5b07f51ceffe,delivered,2017-04-04 19:04:10,2017-04-04 19:15:13,2017-04-12 13:53:43,2017-05-09 09:58:07,2017-05-17 00:00:00
4347279deb067c6731c1c97237921d18,2ba3edf091e33c433e095b2f53716362,delivered,2017-05-25 11:32:14,2017-05-25 11:43:18,2017-05-25 14:40:17,2017-05-31 14:07:34,2017-06-19 00:00:00
5eca2113141f2c0e048b11bdcb7a0371,aa1fd99d3fa9ef872384623522665eb2,delivered,2018-01-07 15:20:44,2018-01-07 15:33:40,2018-01-08 16:27:41,2018-01-09 12:07:58,2018-01-24 00:00:00
7cd9ffeaee65a09e32ccf456b90784df,a956e20865cb062d7a3e7ae4c6ae756b,delivered,2017-08-21 15:54:53,2017-08-22 04:26:23,2017-08-23 18:35:04,2017-09-04 21:48:50,2017-09-19 00:00:00
44f656d7fbb37d161491617473307a59,ff6615c04179861ddbd77331eafbab7d,delivered,2017-09-01 14:26:24,2017-09-01 14:44:56,2017-09-04 22:07:58,2017-09-14 19:04:03,2017-09-26 00:00:00
7263a9488004df94487b7f970be3b91e,b7aba705e32253c6d5159e0155ba4fac,delivered,2018-06-10 15:35:52,2018-06-11 16:31:52,2018-06-13 16:10:00,2018-06-21 20:50:54,2018-07-05 00:00:00
4969634a191db1f7ef36954434938327,c8612759068c7216331e5dfb73b47ba1,delivered,2018-08-01 21:22:16,2018-08-01 21:35:19,2018-08-03 15:03:00,2018-08-08 19:28:43,2018-08-06 00:00:00
fd3a02bb749359b9e6a4126cd8a50822,78199b9683c01e0d764ece9abfba71af,delivered,2018-07-01 17:43:58,2018-07-01 17:55:14,2018-07-06 06:31:00,2018-07-13 21:41:28,2018-08-01 00:00:00
d9107994bd1bf31404591bce06a547f8,c396c33a13de8470ca7f0fbff9ac4e9b,delivered,2018-01-03 17:27:00,2018-01-05 02:34:52,2018-02-03 04:05:02,2018-02-14 21:22:12,2018-03-19 00:00:00
8220b318fccce9e7dfd00d9894b95189,c34beddc345e97b15bb556100207a176,delivered,2018-05-23 14:51:24,2018-05-25 02:55:01,2018-05-25 07:17:00,2018-06-01 15:42:46,2018-06-18 00:00:00
09f58c00f941827ab206de7796785e44,7c94da97db6fe83e123f80baab533a97,delivered,2017-01-05 16:05:07,2017-01-07 03:35:34,2017-01-11 15:47:40,2017-01-16 15:43:31,2017-02-13 00:00:00
557eb42ce0b29c86666b04ec9496ea59,6ce1bb886e1ce1d5f054974fe397be89,delivered,2017-10-23 19:51:02,2017-10-23 20:14:18,2017-10-25 17:03:29,2017-11-07 11:47:36,2017-11-16 00:00:00
caac6605538949c162e1301b3280177e,caad4f2b2df5e13bcdb532c72e4b96eb,delivered,2017-11-07 00:13:07,2017-11-08 03:26:55,2017-11-08 23:46:52,2017-11-14 16:36:49,2017-12-01 00:00:00
af2565178281d646f828c50111e00308,4c7f4eb90b99e99875f73b829f63f892,delivered,2018-04-30 20:42:07,2018-05-01 03:15:31,2018-05-02 15:25:00,2018-05-09 19:04:56,2018-06-13 00:00:00
b952acf9c1be50807866780fb3ed2119,c15953d614c7911f1b48dead736aaf20,delivered,2018-01-29 00:32:29,2018-01-29 00:49:03,2018-01-29 18:28:25,2018-02-05 22:32:42,2018-03-01 00:00:00
13293961429976917597dafca90e49d3,522799207582d92450a129cb6e516b4f,delivered,2017-07-08 16:35:21,2017-07-11 04:15:23,2017-07-11 21:14:35,2017-07-14 16:38:05,2017-07-25 00:00:00
842fbaff9da558be5528caf78d1e0969,25d3e06c60d2d27035aaf892f9a48764,delivered,2017-08-31 20:46:59,2017-08-31 21:05:06,2017-09-01 18:51:26,2017-09-05 20:32:48,2017-09-19 00:00:00
336f7fe8abc3af0bf30d0cf7204ec20f,f23d6ec4c1e7f186e9a82c6014d39533,delivered,2017-06-28 12:39:28,2017-06-28 12:55:12,2017-07-04 14:55:55,2017-07-05 17:13:29,2017-07-11 00:00:00
46b7b64f475329c65fb18b99c7fb373b,80a4e774050223dd467a7d514862b986,delivered,2017-12-12 22:27:31,2017-12-12 22:35:43,2017-12-15 15:12:52,2017-12-26 14:23:24,2018-01-10 00:00:00
8b5058499c412c6cf8d013de40e4f9d2,3c4e8510fe74acda6c7b8fe81e34b46a,delivered,2018-05-03 21:35:33,2018-05-03 21:50:56,2018-05-04 13:16:00,2018-05-09 16:12:58,2018-05-24 00:00:00
1aeb7ca35ec250ef46f2f67684461abf,d9b1bc463eeff85045d60287c7aa40ec,delivered,2017-11-16 19:01:12,2017-11-16 19:16:14,2017-11-21 23:07:47,2017-11-23 22:32:33,2017-11-29 00:00:00
333c80174d4ab24df54210511f4ecbd0,782a99fb3433351a685f44522050331d,delivered,2017-03-11 17:51:25,2017-03-11 17:51:25,2017-03-15 17:41:59,2017-03-23 13:52:55,2017-04-06 00:00:00
2c203f4297ffa221e33a90171c24249d,be188afbecaf3cabfe042bf53dfa2e19,delivered,2018-02-02 09:16:20,2018-02-02 09:35:36,2018-02-06 01:14:04,2018-02-07 21:41:16,2018-02-20 00:00:00
af392de2586db1645a4044ef1e84c47a,7f4f922b7b111237fc0e33a6533773df,delivered,2018-02-25 21:32:20,2018-02-25 21:48:06,2018-03-01 01:25:04,2018-03-18 16:16:57,2018-03-16 00:00:00
3e1c06f2560af40104080f8790989a33,c90f9a78f24a713d1c39c3902a3c43ab,delivered,2018-05-09 19:41:34,2018-05-09 19:55:27,2018-05-11 07:12:00,2018-05-18 22:16:56,2018-05-29 00:00:00
b8f4980c2ec178504101b730e4e49918,e1b7d36c6112647b0f4e0c3bd46085bd,delivered,2018-07-07 20:04:55,2018-07-07 20:25:46,2018-07-09 11:49:00,2018-07-13 19:24:46,2018-08-07 00:00:00
d9f8272ce07f87bd2168f47bd2010235,1897fca9c10a760bb3b2b1780e6f76fd,delivered,2017-04-19 14:30:31,2017-04-21 05:22:07,2017-04-22 09:17:49,2017-05-02 14:08:58,2017-05-11 00:00:00
cf2012c5bb2a858db95ead15c5f1595b,a9ab6416a9e21ccb7540e9e5d10f02ea,delivered,2017-07-18 07:10:37,2017-07-18 07:23:06,2017-07-19 16:35:39,2017-07-24 18:22:42,2017-08-08 00:00:00
5cc7fd28e4d0a13f20f305037d7234fb,43cd53f27b1d6116fd34916977e07c48,delivered,2017-11-17 23:43:34,2017-11-17 23:55:17,2017-11-22 19:53:46,2017-11-28 21:32:44,2017-12-08 00:00:00
748db62700c925a0db2c4b00ee25849c,d065739818d474d19dfdb51d54c0a1e9,delivered,2018-08-25 11:24:40,2018-08-25 11:35:18,2018-08-27 14:41:00,2018-08-30 14:08:32,2018-09-05 00:00:00
8040ee89b88d6ea587b51b55dbfb4dc5,a577945519cf174d409718b07514767b,delivered,2017-08-05 09:52:20,2017-08-05 10:05:25,2017-08-07 19:34:58,2017-08-14 20:17:24,2017-08-29 00:00:00
a8afd0d68136bf98efa8ecc64a0df6c1,68d0607923d24c0b52ea252e3c77cd19,delivered,2017-12-08 12:22:58,2017-12-12 10:59:28,2017-12-13 20:03:44,2018-01-03 17:19:19,2018-01-05 00:00:00
e74f16cd18d4e5b3dfbcc81e880430d9,614e410701e4458d2fb475053d7a9b05,delivered,2017-11-24 00:43:01,2017-11-24 01:11:13,2017-11-24 20:18:30,2018-01-18 00:28:54,2017-12-19 00:00:00
097b96a18f0058373d0f5e3041a27f0a,439fd4a92dca4ea45485bd99e028004b,delivered,2017-08-17 08:36:15,2017-08-19 02:30:16,2017-08-21 15:33:03,2017-09-08 16:19:00,2017-09-28 00:00:00
e77577d115ded33e62a5874c383452a4,7211cd276bf9045bec243d11221337ba,delivered,2017-07-28 21:11:08,2017-07-28 21:25:22,2017-08-01 20:47:36,2017-08-07 20:09:49,2017-08-17 00:00:00
d225bda2584ada7ef0895192338c3dd4,9cfa9387ffa7afa5e0d245b13ada9721,delivered,2017-03-16 14:06:02,2017-03-16 14:06:02,2017-03-24 12:45:26,2017-03-30 16:22:40,2017-04-11 00:00:00
12a545f53715575246beec2da90d6de4,95a8be8f74e6b7f3e06ef03ff885dd58,delivered,2017-12-21 17:45:50,2017-12-21 17:55:22,2017-12-26 21:08:42,2018-01-09 19:11:54,2018-01-22 00:00:00
7da78752e9ddd817f22933c2763db33c,cf23b7f0eb89c7d7d05dfcd8671ade01,delivered,2017-12-04 16:54:08,2017-12-05 18:53:23,2017-12-07 13:43:35,2017-12-20 19:33:17,2018-01-02 00:00:00
416bffd2b6f30043b4c631f9109782f3,fe543dcaf0106197870ae1c21d36076e,delivered,2018-02-20 06:39:52,2018-02-21 00:07:40,2018-02-27 17:22:19,2018-03-10 00:54:34,2018-03-21 00:00:00
cc1fe613e2c3dce712d71a852ee6726f,ac9c7c7db86f7b99d3cf8e7e1d025fd9,delivered,2017-05-22 15:12:29,2017-05-23 15:23:06,2017-05-24 09:10:59,2017-05-29 09:46:35,2017-06-13 00:00:00
d2ae2653b9dbc7b50f11bf3e4001ec8e,647eb903d7836d450ec6bcc175838567,delivered,2018-05-02 18:19:06,2018-05-02 18:58:11,2018-05-03 13:46:00,2018-05-14 17:58:43,2018-05-17 00:00:00
1e1fb779dc3ea5b2ece7892f4b1824cc,bfdc91ba39894bf8935c66e17060382d,delivered,2017-11-03 21:54:45,2017-11-07 07:30:50,2017-11-07 18:38:38,2017-11-14 19:44:55,2017-11-16 00:00:00
3fdc7dae10900f3b484cae506870d823,1795dd79b24240d8f56302e7bed359e3,delivered,2017-08-02 14:17:13,2017-08-02 16:15:20,2017-08-07 14:49:33,2017-08-21 13:00:00,2017-08-30 00:00:00
691688405bcee3ff9023639514498962,6a3103e7538f6e4a02eeda6eab7c4bfa,delivered,2018-08-08 19:54:44,2018-08-08 20:05:16,2018-08-14 15:00:00,2018-08-20 20:48:49,2018-09-06 00:00:00
86c0dd8bf457a10687920d54ee6fb12e,872f45bf74c4adcd409346897aadbba8,delivered,2017-05-19 15:20:58,2017-05-19 15:30:12,2017-05-20 10:15:04,2017-05-30 15:57:45,2017-06-12 00:00:00
0b7260709eb6a2884329b5ec9ef2b2a6,90dd38dda93bdc6dcbda8bfe0bb597ee,delivered,2018-05-01 18:42:40,2018-05-01 18:55:10,2018-05-02 12:30:00,2018-05-03 18:06:49,2018-05-10 00:00:00
624ffe16156e4aac5b9ec7ac27ed23c6,dd330df40b83abc9645d38fe5e56ac85,delivered,2018-03-03 09:33:15,2018-03-04 09:30:25,2018-03-05 19:58:48,2018-03-12 14:46:49,2018-03-26 00:00:00
78dcdc9169e9c5bbd378416cecc317be,ab917a0785e95a9303211b341f6e0d6d,delivered,2018-08-12 14:02:54,2018-08-12 14:15:15,2018-08-13 11:04:00,2018-08-29 20:42:28,2018-09-19 00:00:00
c34fe20a21a65490fa6b815f0435059a,3f6e3d2c09293a6c18ab56b275c73477,delivered,2018-05-04 08:47:06,2018-05-05 02:30:26,2018-05-07 20:24:00,2018-05-10 01:21:50,2018-06-04 00:00:00
fbbaa04b3e0910f8ae8711ff03a32fa7,76f9829923ebe9161af4f54f050885f0,delivered,2017-07-11 16:48:05,2017-07-12 02:15:20,2017-07-13 19:32:52,2017-07-14 14:57:57,2017-07-25 00:00:00
813a1597ee0470b32160904f9f454ab6,7192fde393370533066e4d30403b3562,delivered,2018-02-06 13:32:59,2018-02-07 03:10:17,2018-02-09 22:43:08,2018-02-19 14:18:12,2018-03-02 00:00:00
7838ed6306a99eba3bb421c33864ccb5,8ad7dfee8e31e2a61e3e4a3053e1104f,delivered,2017-12-19 10:55:08,2017-12-19 11:13:28,2017-12-21 20:47:04,2017-12-28 18:17:46,2018-01-18 00:00:00
ddcb9f924091ed9cc49b9c78d37d48b6,c7093c34ad7da76feb1fb87e5f6b366b,delivered,2017-04-17 14:48:17,2017-04-17 15:05:08,2017-04-18 11:03:22,2017-05-02 14:35:20,2017-05-16 00:00:00
d5a9c802f335dab69b88e69434d0dd43,8078795898cf354a167e8832f263774f,delivered,2018-03-08 11:38:27,2018-03-08 11:50:46,2018-03-09 22:58:46,2018-04-17 18:48:22,2018-04-02 00:00:00
d1329f2d9a7c9c972b1ab5c6b7c8d3a5,cb4be9a063393bfe007a290302727b26,delivered,2018-01-03 22:16:10,2018-01-04 17:11:27,2018-01-09 22:28:11,2018-01-17 18:22:30,2018-02-05 00:00:00
d8b396712d55ccad35aa9a1391aa74a1,a30ef261434ed7152a26b65278af7f9c,delivered,2018-01-27 14:00:16,2018-01-27 14:12:51,2018-01-30 17:57:01,2018-03-05 22:14:26,2018-02-23 00:00:00
c9a41eaac7ef0fb40b81c58e3c7276c9,b14860a70ac3d824bfc0900870b702b0,delivered,2017-10-05 16:54:23,2017-10-07 02:24:51,2017-10-11 20:21:52,2017-10-20 20:32:06,2017-11-01 00:00:00
a5a13962daf17458e2139021d0ba97f3,93c07a27854a22f74c7ad4f943585bce,delivered,2018-06-08 16:11:43,2018-06-08 19:31:01,2018-06-11 14:02:00,2018-06-20 19:28:42,2018-07-17 00:00:00
fe1b32a1829b1ddd26415d31fbf85b78,d3fa2b41958a719ae19f1b4daeed98cb,delivered,2018-07-05 00:40:06,2018-07-05 16:35:38,2018-07-07 12:14:00,2018-07-11 15:48:23,2018-07-26 00:00:00
81349623c14fed4e8943c5ad1f3ed4fe,75eb3be9eeb6a85cb18c76fc76b0cf80,delivered,2018-04-25 14:36:45,2018-04-25 14:51:45,2018-04-27 05:59:00,2018-05-19 16:52:48,2018-05-17 00:00:00
7895cea737e28a81b243a183523ddfff,ff86241814fe899c8cb8786b9196995e,delivered,2018-05-03 19:40:54,2018-05-03 19:55:09,2018-05-07 10:08:00,2018-05-08 22:12:38,2018-05-15 00:00:00
6b9e63bef69dd3bfae0ca6dcea8deed6,45e0c1a21a9b5ef8ad7c4558011a8897,delivered,2018-07-17 17:38:01,2018-07-18 02:50:15,2018-07-18 14:15:00,2018-07-21 01:17:32,2018-07-31 00:00:00
bd76688da0406f5c377080cc43888b5e,6e7d0829bdbbcd61c6d863922f942daf,delivered,2017-06-27 15:34:03,2017-06-27 15:45:19,2017-06-28 13:35:40,2017-07-07 19:17:52,2017-07-19 00:00:00
4cbe8de031dbae0b80286a23fdc1cf91,8667901bd6be984bb8c737a31bef4bbe,delivered,2018-01-10 22:23:24,2018-01-11 13:28:30,2018-01-15 17:22:40,2018-01-22 21:48:24,2018-02-02 00:00:00
cec27ecc8324e22e5721ce87471d4b31,5f46e687a5c82cb1eda593739430f16a,delivered,2018-08-16 10:28:23,2018-08-17 03:35:11,2018-08-17 12:10:00,2018-08-24 17:14:34,2018-09-06 00:00:00
85953c01cb38fbb086291bd45ad6b18e,52dc0499c97e797e32c0ad648f5022ac,delivered,2017-10-03 12:53:56,2017-10-03 13:07:25,2017-10-04 15:51:32,2017-10-08 16:59:02,2017-10-19 00:00:00
c6e85bb83d4a4831b79ccd25b2b98cd8,b12107d71983e8cefe72656d5202f754,delivered,2017-02-11 16:11:15,2017-02-11 16:22:48,2017-02-21 14:47:37,2017-02-24 09:33:21,2017-03-14 00:00:00
ca8eaa7367f04ef547edaa942ad53386,c3b95aff4e8ce920cf04ddae0ad7b7af,delivered,2017-03-03 14:24:08,2017-03-03 14:35:08,2017-03-06 07:37:54,2017-03-13 14:38:04,2017-03-27 00:00:00
7f6767778dfebc9eb3bb27b43584789a,3601d7ff340f497fa2bbe5a612e88844,delivered,2018-08-16 19:55:53,2018-08-16 20:10:23,2018-08-17 15:28:00,2018-08-22 13:56:40,2018-08-29 00:00:00
304e7fc7db4a67a8ab0403ce4eb42ae0,03b59966dd366b58382e349fbaaa6231,delivered,2017-07-31 23:33:34,2017-08-01 00:30:11,2017-08-02 12:33:53,2017-08-03 19:32:58,2017-08-14 00:00:00
ebb7be9b346d08fc0d788e3b9e4bd02e,fa4cbecd3769852b295dd7f1072f860b,delivered,2017-07-27 09:24:18,2017-07-27 09:55:30,2017-07-28 20:07:34,2017-08-08 19:42:11,2017-08-28 00:00:00
4137fd6f4e14b76a3a0c9ad52bcd5e8e,68746de895faae694d07cc9dd9c78f7e,delivered,2017-12-15 13:09:39,2017-12-15 13:19:26,2017-12-18 16:07:19,2017-12-28 10:05:11,2018-01-11 00:00:00
ad807dc9b0ee5724709ced19ab71525a,16833ba7e54ba221e63cac5d9c78509a,delivered,2017-06-21 09:02:30,2017-06-22 02:30:31,2017-06-22 16:12:08,2017-06-27 14:56:56,2017-07-12 00:00:00
8d7b414446f4195d6aeb04abfcdfc86e,9a91c8c5ff3cbd56c19478dae95a412c,delivered,2018-03-25 20:34:15,2018-03-27 03:35:14,2018-03-28 22:36:37,2018-04-12 10:14:25,2018-04-19 00:00:00
9a6fd2478f561404120cecc289ea20a0,bfb1667cc8be7009f45c56b62f6009a6,delivered,2018-07-10 18:01:12,2018-07-10 20:30:50,2018-07-16 13:41:00,2018-07-20 20:06:28,2018-08-03 00:00:00
cc35448ebfa45049a22c185b46a7a46c,b88ae0903637e97b847d4dbf387ded51,delivered,2018-03-23 22:48:12,2018-03-23 23:08:27,2018-03-29 00:45:37,2018-03-29 17:21:43,2018-04-05 00:00:00
ef45f5b9b9146357bf702bb363b16899,5d1ac35d928dd8d9f9d1418aba5f4579,delivered,2017-04-09 19:56:36,2017-04-09 20:05:42,2017-04-10 07:49:12,2017-04-17 15:46:12,2017-05-04 00:00:00
c239944e346dc1fde937d68eaaf858ac,06c6202200ef99b1568c228c9e373abc,delivered,2017-05-23 11:54:23,2017-05-23 13:05:16,2017-05-23 15:25:13,2017-06-05 15:15:36,2017-06-27 00:00:00
6e93ed2e3c661536678cba89556cfc2e,1f13690f8784fa3cc097df70fc11827a,delivered,2017-04-22 09:37:55,2017-04-25 07:55:55,2017-05-02 15:14:24,2017-05-11 16:25:07,2017-05-17 00:00:00
8929dd94b6e68f8d1c3258d5fe4700e7,451a995ba5dc2665a4524890b7962f91,delivered,2018-01-18 02:11:56,2018-01-18 02:30:36,2018-01-19 16:42:50,2018-01-30 19:19:01,2018-02-19 00:00:00
7d923e68a94ad8d7a6f8e5041a147c17,46939ab7bca9dc469adc0c86acaa1082,delivered,2018-01-25 21:36:42,2018-01-25 21:51:36,2018-01-26 20:43:04,2018-01-29 15:48:57,2018-02-09 00:00:00
778101005371670bde7d9138e9203140,a04277988beb05911a7c9bbc5592136e,delivered,2018-04-27 20:41:03,2018-04-27 20:55:31,2018-05-02 13:44:00,2018-05-03 18:32:14,2018-05-16 00:00:00
fd7cce4167ef9737169204f0e7449b83,0eeb4f0372ef95b3a1ee7c278e2788c5,delivered,2017-11-19 13:57:09,2017-11-20 14:06:34,2017-11-21 20:17:01,2017-11-22 20:18:52,2017-12-01 00:00:00
323b3a9ecc47294402658286cce4f37f,27e09361aa7ba406bdabbee77fd5f4ee,delivered,2018-06-18 17:35:18,2018-06-18 18:02:46,2018-06-19 13:59:00,2018-06-25 21:04:09,2018-07-11 00:00:00
cb0bbf1c3c3c44727e7374c8ec944154,450a308ac9087c11e52bce959ef00335,delivered,2018-04-27 21:36:20,2018-04-28 02:35:15,2018-05-02 13:36:00,2018-05-08 17:35:30,2018-05-15 00:00:00
5a892744c3b95e66967667046d882541,b15488ccab328d7d8590c7a18f1390c9,delivered,2018-04-08 19:22:17,2018-04-08 19:30:46,2018-04-10 20:56:49,2018-04-13 22:41:46,2018-04-30 00:00:00
5accb23a030458bbfb5eb669903f05b7,e643215d64e8d8f969804bfdc98e50f1,delivered,2017-09-24 14:47:42,2017-09-25 14:51:46,2017-09-26 20:22:29,2017-10-09 20:03:57,2017-10-20 00:00:00
f161009fa560294248d76cf02ea7443f,c29b9637c3f255eb4b91e01a1f905f60,delivered,2017-09-20 16:58:40,2017-09-22 04:32:37,2017-09-25 13:02:34,2017-10-03 21:13:27,2017-10-18 00:00:00
3a69cf7fb9acd41b2781253402540b9b,766f1f01fc8ad721bd4c72207ed2fe08,delivered,2017-04-25 11:30:33,2017-04-25 11:45:10,2017-04-28 13:37:51,2017-05-08 13:39:03,2017-05-26 00:00:00
1df82016cb6fab694280ee06f74c65ae,a3409055c739fa7940d866b617b4c55d,delivered,2017-09-28 23:06:14,2017-09-28 23:25:17,2017-09-29 15:28:08,2017-10-04 18:46:07,2017-10-20 00:00:00
1d85312d372335db21f7f178c2325c6c,9fa1306390b435305462a28f708c783b,delivered,2018-07-23 17:03:40,2018-07-23 17:25:36,2018-07-24 12:05:00,2018-07-26 19:14:27,2018-08-07 00:00:00
4c217e3cc24f803307dea7d619377def,957d0f71c1ae9335c366d1db03ecf188,delivered,2018-08-13 18:03:59,2018-08-14 04:45:20,2018-08-14 12:55:00,2018-08-26 12:58:46,2018-09-25 00:00:00
8964e929ea610b2c2b98e3c4d1bb86d8,16fdfe3c4f948f802baee3f32d1f99fe,delivered,2017-02-12 13:12:39,2017-02-12 13:22:56,2017-02-13 12:28:50,2017-02-23 10:51:22,2017-03-14 00:00:00
b7579d24f5b2dd3e20f2e57d0e07d170,76cff9a9995b25f21d51697f49f87652,delivered,2017-04-21 17:49:46,2017-04-24 15:02:38,2017-04-27 12:31:44,2017-05-25 16:54:46,2017-05-11 00:00:00
945cebd7f0d6886e7971663839507ec4,c69e9b9095b1491d57aed0483eb1b9e6,delivered,2017-12-06 13:07:22,2017-12-06 13:14:30,2017-12-07 18:09:14,2017-12-18 21:09:33,2017-12-29 00:00:00
f222b3fc537088809c0a227ebac8c7ab,59cf4c327aa95805d5ad82925bdb430f,delivered,2017-08-26 15:49:30,2017-08-26 16:04:36,2017-08-28 15:35:13,2017-08-31 16:43:13,2017-09-14 00:00:00
74a243809fa8841223db188cbcc488ab,6d8642f4096c5670ea62758a8c921a7f,delivered,2018-01-10 11:22:49,2018-01-10 11:33:23,2018-01-15 16:24:06,2018-02-07 14:13:10,2018-02-21 00:00:00
a69ddc335f989aa05576bc19f8b9a549,4b2c1822404badb9d24841b907cf9afe,delivered,2018-01-18 15:46:59,2018-01-20 09:09:49,2018-02-15 21:39:07,2018-04-18 15:41:50,2018-03-29 00:00:00
78a192ee84633d7c3a125c57c6e4d970,37ace61b03edce757da03dddbb3edac2,delivered,2017-10-22 17:28:43,2017-10-22 18:06:04,2017-10-24 18:52:52,2017-10-27 18:46:43,2017-11-09 00:00:00
c00d54903f6f9af108ff7b371a2999e6,0b07568bfcc48faa6a88e17970605a31,delivered,2018-05-07 21:51:53,2018-05-07 22:11:44,2018-05-08 12:02:00,2018-05-15 16:13:02,2018-06-05 00:00:00
c2fe713d93a9f489de49d6a79eb7f45c,196052c199e9dd6d68c99780c0a38e77,delivered,2018-04-24 01:39:06,2018-04-24 18:30:30,2018-04-24 22:42:03,2018-05-10 01:03:33,2018-05-16 00:00:00
a5c81bfe0a74d9a415cff0ed027f468d,0e79189ae07ae153e49329776b5e9304,delivered,2017-05-30 20:44:31,2017-05-30 20:55:10,2017-05-31 11:43:56,2017-06-06 12:22:49,2017-06-26 00:00:00
7d0c53f67b84e94a751d09f03fe58e99,72c990123f7cab26cd90a4e62025dd77,delivered,2018-08-02 20:27:51,2018-08-02 20:44:07,2018-08-06 14:24:00,2018-08-09 13:34:32,2018-08-30 00:00:00
7cb67275a494651008ed5b1f0353ddce,84c705277cb95c7f347ada3ce5f1bbd9,delivered,2018-06-30 12:14:21,2018-07-05 16:27:53,2018-07-03 10:18:00,2018-07-11 14:52:43,2018-08-01 00:00:00
6c5727658a49990433c383e058dd39e4,f7ecb130fa478f9f5bee1b9a55293db4,delivered,2017-05-19 22:46:23,2017-05-19 23:03:00,2017-05-26 11:15:24,2017-05-29 14:37:56,2017-06-01 00:00:00
d7902cb5d7fd1f143aff7375644c6d7a,97aefdbdbd4827e77ef2b1c3bb50d60a,delivered,2017-09-01 13:39:38,2017-09-01 13:50:17,2017-09-06 18:42:39,2017-09-26 20:18:04,2017-10-04 00:00:00
6ba74355a0bd6d93ae590f6d510958b8,4183a12bf979a9f05ebaf0c45eef6120,delivered,2018-06-12 13:09:12,2018-06-12 13:43:00,2018-06-14 13:47:00,2018-06-22 15:39:35,2018-07-16 00:00:00
c97623da13aeaddc6de228746da872bb,65acdabe561c40175647855bd9c61d07,delivered,2017-12-29 11:02:33,2017-12-29 11:10:21,2018-01-02 23:42:32,2018-01-04 20:19:44,2018-01-18 00:00:00
784b0448b2075a95afcf2a55310b7238,4d5110d0a2b5239cb983610da1d18774,delivered,2018-05-16 20:57:48,2018-05-18 01:35:22,2018-05-18 12:06:00,2018-06-01 20:14:44,2018-05-24 00:00:00
2dc8ae13ff86f4dcefb60ddfbaf43df8,20e9296ee6e31e906dd832d82eed92ba,delivered,2017-04-24 22:09:33,2017-04-24 22:22:20,2017-04-27 11:09:21,2017-05-04 13:34:53,2017-05-19 00:00:00
82ddf38783ac58b33eb4a6e617f85a22,080dfe3c493444a1fe042b4668e4b01d,delivered,2017-07-05 13:08:23,2017-07-05 17:42:58,2017-07-06 15:17:54,2017-07-13 23:41:18,2017-07-27 00:00:00
21ad66a2631bea1c9b697b500c20f1c1,055e90449730145d8428d60bf4914154,delivered,2018-04-30 16:02:54,2018-05-01 02:38:32,2018-05-02 13:44:00,2018-05-03 20:21:09,2018-05-16 00:00:00
44a10a741d51010c1440fc7337b5ff6e,08185246997b160bfdc98c4804abae71,delivered,2018-02-10 09:25:05,2018-02-10 09:35:29,2018-02-15 17:23:39,2018-02-22 22:04:08,2018-03-07 00:00:00
e35b67f3b9778766f35d9d6e11af1761,df9c907a19d1c599e071af85fcb04f92,delivered,2018-04-03 22:54:22,2018-04-03 23:10:13,2018-04-07 01:18:30,2018-04-10 16:20:58,2018-04-25 00:00:00
6af5d730993da615e313627e0ac37f87,f48205601396f53905f1d9e5370f621e,delivered,2018-05-07 14:33:53,2018-05-07 16:33:38,2018-05-09 06:46:00,2018-05-14 17:14:56,2018-05-25 00:00:00
741be6dc102de903336e1a6acb2c44e8,69ac5f3d593857624021f06cabfa584e,delivered,2018-02-19 17:46:18,2018-02-21 06:10:30,2018-02-21 19:22:27,2018-02-27 18:48:32,2018-03-19 00:00:00
3082c654714ec45c9d03de5aa2dacc2a,746ff2815fdfb80b91a40ff562c7ad96,delivered,2017-11-26 01:05:59,2017-11-26 01:16:43,2017-11-28 19:52:10,2017-11-29 16:52:54,2017-12-11 00:00:00
531adaed1a1981c1cf381bbf3a4a3895,732bfc93800b812e36e9df56ba1c376c,delivered,2017-06-08 17:30:42,2017-06-08 19:20:22,2017-06-09 13:42:50,2017-06-19 20:19:43,2017-07-07 00:00:00
31dccf9e7042d47f0c7e77a6952d9ec6,3b235f2d5d4e9a29456aaeeb65a4b8ae,delivered,2018-07-15 11:31:23,2018-07-17 04:31:30,2018-07-17 13:41:00,2018-07-20 17:14:31,2018-07-30 00:00:00
0d4628fecf8a76472ac1da3ebef92072,e4800add327af5e8c4c04f377fb1779a,delivered,2017-12-23 16:45:12,2017-12-23 16:55:52,2017-12-26 23:13:39,2018-01-09 21:52:13,2018-02-14 00:00:00
80509330a373b52445d3c8622c3fb9b6,99b27fd81ccca7419e44f9a0563af9e7,delivered,2017-09-01 08:56:21,2017-09-05 04:10:55,2017-09-09 13:23:11,2017-09-18 20:40:01,2017-09-22 00:00:00
251290bd4ffaeb9e5e29158f3ea21c93,663bf83c0a98f8f2262f24b8f42752e3,delivered,2018-06-10 22:27:15,2018-06-10 22:57:00,2018-06-15 13:56:00,2018-06-26 11:34:36,2018-07-12 00:00:00
caa157284ffa71411abb3f7b94102de5,b73fa7b0e7d0ff662fdcb964eb2bb4b2,delivered,2017-08-06 21:38:10,2017-08-06 21:50:16,2017-08-08 13:10:04,2017-08-14 19:23:38,2017-08-30 00:00:00
9f57815d406a0864b852f229ee3aadff,ef9b1a2e4cecb4ca7dccd1e3ee8400fa,delivered,2017-10-03 13:21:39,2017-10-03 13:35:19,2017-10-05 21:36:40,2017-10-09 17:44:02,2017-10-19 00:00:00
fd3dec101097b7fd62ae62c0e627f70a,8c2f13c6e90063bd06a0f8279a3cc39e,delivered,2017-11-25 14:25:29,2017-11-25 14:34:24,2017-11-27 16:55:55,2017-12-14 22:52:00,2017-12-18 00:00:00
0c00bf3feaaced2a198154419c788fc5,a4f809d1f8681ff7b4c03a3294528963,delivered,2017-03-20 17:15:11,2017-03-20 17:15:11,2017-03-31 19:34:45,2017-04-04 15:49:42,2017-04-18 00:00:00
d2c902f172e80f22126d53d9ff7871b2,8a320a211ebebf7ce02c6a514f0aaeac,delivered,2018-07-03 20:52:04,2018-07-05 16:33:24,2018-07-05 13:14:00,2018-07-06 18:12:25,2018-07-17 00:00:00
c3a6dc9afef5794ea4a867b5a18e0ad1,0c305f688ce08dc9402a2164fd6f29d6,invoiced,2017-11-25 14:10:20,2017-11-25 17:32:57,,,2017-12-19 00:00:00
a79648ef5e1a257af5fde4c5f27040da,eb7d32b871d7e1d8f3dcce1aa4e095bd,delivered,2017-09-21 19:05:21,2017-09-21 19:24:21,2017-09-22 19:14:50,2017-10-16 18:17:55,2017-10-17 00:00:00
4cd02e8d4d592a91c4c7c1eac9fb7660,3b6a37d37f885df51402d44154c76bd0,delivered,2017-11-27 18:30:36,2017-11-27 19:03:17,2017-11-28 21:27:44,2017-12-10 16:42:39,2017-12-15 00:00:00
b41ff7b4b8380f9addca6c2db2b32594,4c0114d21b16e87469727d9e1f595074,delivered,2018-08-15 00:46:23,2018-08-15 00:55:23,2018-08-15 13:59:00,2018-08-20 17:51:28,2018-08-24 00:00:00
0e5120f3452260c976eae23edd2d5a0a,b7cc0d4e8c0ef697cfd7d12d18d04c88,delivered,2017-02-21 04:13:37,2017-02-22 03:22:35,2017-02-23 10:22:02,2017-03-02 12:14:11,2017-03-20 00:00:00
da00b2d19ef7893d6d963f973b629fe4,536b1df32316c329518b521111cf5496,delivered,2018-01-03 16:59:02,2018-01-03 17:11:24,2018-01-05 00:12:42,2018-01-10 14:20:35,2018-01-19 00:00:00
709d84dbb63f2afaaf2a48f69b56caa2,ab5babb0f97874afc275d813e711803c,delivered,2017-08-04 18:26:41,2017-08-08 03:55:18,2017-08-14 15:58:17,2017-08-16 17:34:13,2017-08-17 00:00:00
fdd4a2c5c0d42678df8d78ec3af7d314,575a71542cb997454c1c4027271f8960,delivered,2017-07-26 19:44:03,2017-07-26 19:55:13,2017-08-01 18:27:49,2017-08-03 19:07:27,2017-08-17 00:00:00
b727342259c06ae7d97115cb632073bb,c74e5dcd997cf60c03687a48e7af8492,delivered,2018-05-12 01:04:09,2018-05-12 01:35:11,2018-05-15 15:06:00,2018-05-21 19:42:55,2018-06-04 00:00:00
89451210b2cc4272b890f6f79cd9f065,6a53479026877bec7081573c4fb9489f,delivered,2018-01-13 14:57:54,2018-01-13 15:09:03,2018-01-15 15:46:53,2018-02-08 18:34:09,2018-02-15 00:00:00
bda31774eda0320ee68c33da94027e4d,15b7fb20d8805996eca064ddedb843c6,delivered,2017-01-23 18:34:12,2017-01-24 18:42:03,2017-01-27 14:20:55,2017-02-03 08:37:33,2017-02-28 00:00:00
c64988ee72ec569d6465ac91526672a4,6dd7106231347cf1197b48cfac1db9a1,delivered,2017-10-22 13:59:06,2017-10-22 14:14:19,2017-10-23 20:29:51,2017-11-04 00:24:56,2017-11-17 00:00:00
3f8ef8494797fd747668dde5870c1a76,b3b7a79be761431b60e2945100e694cb,delivered,2017-12-11 19:56:32,2017-12-11 20:11:47,2017-12-12 19:03:33,2017-12-21 19:29:00,2018-01-05 00:00:00
377627ea55b004e8d55a2af17ba3c0e1,3f0bd16414d5fee5cb1d19769c3c825e,delivered,2018-05-20 13:52:02,2018-05-20 14:18:58,2018-05-21 13:12:00,2018-05-22 14:56:33,2018-05-29 00:00:00
06aea78197dd41a649372acb8dbc33fb,71982df42edbf42a7d4bcd238f007214,delivered,2017-10-03 10:00:51,2017-10-03 10:14:14,2017-10-06 13:59:44,2017-10-13 21:49:46,2017-10-27 00:00:00
1e9ea7d5f669d780b187f487a03c3f7b,f7b0cc4e42b4ccf20819cbba292745be,delivered,2017-11-12 23:36:14,2017-11-12 23:50:25,2017-11-16 18:33:38,2017-11-23 18:43:11,2017-11-27 00:00:00
8f723b9103b44257ac35a1e9b9e49fbf,301c043a32bc18bf8180bfa2e254180b,delivered,2018-08-13 10:55:44,2018-08-13 11:05:20,2018-08-17 06:26:00,2018-08-21 14:57:52,2018-09-04 00:00:00
e5c7db6481f467875bd4d52357a8f8a1,b60a568698ca321102eee61a276055ef,delivered,2018-02-26 14:18:53,2018-02-26 14:35:31,2018-03-12 21:33:18,2018-04-04 21:29:59,2018-03-23 00:00:00
8b2a0ec9c603b19e5b32deaea59ec02c,c2f2e9910c65287d903244f1a3e4472e,delivered,2017-07-17 22:51:34,2017-07-18 00:30:15,2017-07-26 17:59:36,2017-07-31 18:09:45,2017-08-14 00:00:00
3d47aacc4c27ad170b1004695eb0c359,959d795bc3b33ca52a761718ec8f9135,delivered,2018-07-30 21:31:03,2018-08-01 16:31:30,2018-07-31 12:29:00,2018-08-09 16:08:49,2018-09-06 00:00:00
9c104b0d2f584506ce7b30bab9d2dd95,6483e3c6cd89ff69fc3ee541622a2432,delivered,2017-11-24 23:51:54,2017-11-28 03:21:08,2017-12-08 21:44:59,2017-12-19 17:38:49,2017-12-18 00:00:00
c3c9936a34e4665a38df40a466a463ec,5e8c08d41152861ebc1e757948ac1d49,delivered,2018-07-13 22:19:35,2018-07-13 22:30:19,2018-07-17 13:58:00,2018-07-20 19:18:35,2018-07-31 00:00:00
776e5572d4969b8fa5b72b0fde398f6f,a0b5cdd54fb202fb47805688f4577c8f,delivered,2018-06-28 23:20:15,2018-06-28 23:35:13,2018-06-29 13:52:00,2018-06-30 16:06:20,2018-07-12 00:00:00
129832042bc2898155b5ebf3b2058585,ea58700bf1ac6fda590a7f01242c2bfc,delivered,2018-08-15 19:50:32,2018-08-16 10:25:47,2018-08-17 17:25:00,2018-08-22 23:58:43,2018-08-29 00:00:00
08dfcccb31a3a2b6f527d245ebd3310b,1fe914be3f4027b4b54be92fdb3438f7,delivered,2017-10-03 09:53:38,2017-10-03 10:07:17,2017-10-04 16:30:10,2017-10-18 20:27:40,2017-10-30 00:00:00
246d4a086a57d88a0e438c83cb44b94e,1caacc78626d0863daa8aff89de93bb0,delivered,2018-05-14 23:18:21,2018-05-16 02:54:03,2018-05-24 13:47:00,2018-06-21 23:46:22,2018-06-27 00:00:00
4059a20ed837ba80adc17e94bf2f852f,5ad589ec5a8cc1bdbac761dfda386ff9,delivered,2018-01-31 10:51:27,2018-01-31 14:03:51,2018-02-01 19:05:47,2018-02-08 22:23:05,2018-02-26 00:00:00
be6bc4cdcfc38b102553d294d1ba4725,ba3f81b4928e851009ff39ebeddd520e,delivered,2018-06-25 12:35:38,2018-06-25 12:54:22,2018-06-25 17:49:00,2018-06-26 13:35:23,2018-07-16 00:00:00
611e352f93ae51674ed15e44ec53f99e,20e642183661bc171e3bbaf3e6098d91,delivered,2018-01-26 21:27:53,2018-01-30 04:31:29,2018-01-30 19:28:30,2018-02-15 17:23:25,2018-02-20 00:00:00
89748efed53e1564874c18426bd038c8,1bb6d37f5965011ccde1cd4a42e20917,delivered,2017-08-04 12:44:35,2017-08-04 13:03:11,2017-08-04 18:13:38,2017-08-11 17:53:37,2017-08-28 00:00:00
a1031a3fcd990edb954ba03274a2c39d,21cfe8ae0bbbc0853ed7b1532f3dd7ea,delivered,2017-02-07 17:03:30,2017-02-07 17:15:20,2017-02-09 09:19:14,2017-02-13 11:21:48,2017-03-10 00:00:00
98fe01bc254b759c1f2c11d77c2891d5,30f3b26a06e5a67682305298f83e6be3,unavailable,2017-10-17 18:34:56,2017-10-18 18:37:08,,,2017-11-24 00:00:00
42752f96b7094cee19928f7b4317d7c9,b65f218608d7b053eb117b493cd80780,delivered,2017-12-18 21:00:29,2017-12-19 09:16:25,2017-12-19 19:25:18,2018-01-08 18:25:19,2018-01-18 00:00:00
7db7b9cedc55070de0647ef4ca386efa,ee2ae4200c019e2d79caa3433262d63b,delivered,2018-02-18 18:19:51,2018-02-19 19:07:06,2018-02-21 18:38:44,2018-02-26 19:08:06,2018-03-09 00:00:00
542e3cb5f8f6657a8822ad52a57552ed,52e6f8d0061d8cd1f500952398e1c8ca,delivered,2018-06-18 14:42:50,2018-06-19 03:57:36,2018-06-19 12:34:00,2018-06-26 12:06:38,2018-07-17 00:00:00
3568894fa3afedc367d3a4816983dceb,bfbe1fd99d9d53a58d06966a0f4eb5de,delivered,2017-01-24 15:59:17,2017-01-25 02:42:25,2017-01-27 07:05:47,2017-02-09 06:28:44,2017-03-01 00:00:00
e4992b3b826ff19edba39e9a4d9dae26,7ac99a97fd540a8add7900eec14ecc2b,delivered,2018-07-18 21:37:45,2018-07-18 21:50:27,2018-07-25 12:20:00,2018-08-08 05:46:54,2018-08-30 00:00:00
8fa3ca81ea5bfd6524490d91832821b1,42a161720667afb9998d609863391870,delivered,2017-10-27 11:58:54,2017-10-28 07:06:15,2017-10-30 23:38:22,2017-11-07 17:49:39,2017-11-10 00:00:00
6b654c2dc2e7c610cb22c325fb723057,5239179f060acba3aae48fdc19d479ea,delivered,2018-07-04 10:15:33,2018-07-05 16:09:25,2018-07-05 12:30:00,2018-07-14 14:28:31,2018-07-17 00:00:00
b067f7c5967819ff5e1cff8bd3814a6d,c87654c6c5492c2615a6c135b017bccb,delivered,2018-08-07 16:16:04,2018-08-09 03:44:59,2018-08-13 14:50:00,2018-08-15 15:19:52,2018-08-22 00:00:00
7cf158d0e4744ba4ce58e5a9be631f7e,8558227007218197a4d8ac26e41ab22f,delivered,2018-01-13 09:31:19,2018-01-13 09:38:42,2018-01-19 15:23:03,2018-02-08 02:23:53,2018-02-19 00:00:00
d231fd01d6c8e36e503f1a7f8a9734ea,643806a497cd1633636c26f70c58e63d,delivered,2018-06-17 11:57:58,2018-06-17 12:19:26,2018-06-19 11:55:00,2018-06-20 15:11:00,2018-06-29 00:00:00
485c8e15ad0c30dc2d7aaf0165572c19,7a53f98dd19fa1493d14741d38ef87b2,delivered,2018-05-11 10:49:37,2018-05-11 21:10:42,2018-05-12 09:03:00,2018-05-21 17:27:25,2018-06-11 00:00:00
e1c7f4633671b4409b11c0779ecddff2,743997967809a38986c47efc0467d830,delivered,2018-05-20 03:28:37,2018-05-20 08:31:17,2018-05-22 09:37:00,2018-06-01 19:47:26,2018-06-13 00:00:00
b682fc4ea655d9de9cd962462e16e738,99c336ab501ab1c1e70ad4e668e3442e,delivered,2017-08-03 10:20:08,2017-08-05 02:55:44,2017-08-09 15:30:19,2017-08-28 11:06:00,2017-08-23 00:00:00
52324f390c9414a6c6b4a2f1b24964b4,5a9dae6565b54b1a39d035684739bb91,delivered,2017-08-03 13:00:11,2017-08-04 02:15:16,2017-08-04 19:52:54,2017-08-11 19:24:29,2017-09-06 00:00:00
b239ca7cd485940b31882363b52e6674,e9b0d0eb3015ef1c9ce6cf5b9dcbee9f,delivered,2018-07-29 08:39:48,2018-07-30 08:15:14,2018-07-30 11:33:00,2018-07-31 23:03:28,2018-08-07 00:00:00
87aad20d78d6e8072e6c80fe93a0931e,b9623982c4bd3fe52dd641612848e535,delivered,2018-03-26 19:42:54,2018-03-26 19:50:17,2018-03-27 23:42:03,2018-04-03 02:07:48,2018-04-24 00:00:00
2eb5ba20812f78127f6243fa27fb40e5,d5420a7dc4c5c1f95b7912368419f59f,canceled,2017-05-29 18:10:06,2017-05-31 07:02:46,,,2017-06-20 00:00:00
3fb155b4897652f5cdf1b5efff32a465,ab5a1016ed934dc4b18977cea536f65a,delivered,2017-11-30 10:15:17,2017-11-30 10:32:24,2017-12-01 22:57:10,2017-12-14 17:58:57,2018-01-05 00:00:00
b760ac65b36c9bbc913c2dd94131faf3,686ce156cefdae2f46a1b7917d96ef18,delivered,2017-12-04 11:57:38,2017-12-04 16:31:14,2017-12-05 20:55:38,2017-12-11 15:58:59,2017-12-27 00:00:00
624076d477f2670d9f41fd6f70390ec1,43e97a6a073accd257af8dfb5af2fc83,delivered,2017-11-24 15:59:09,2017-11-24 19:38:02,2017-11-27 17:29:17,2017-12-07 14:58:31,2017-12-28 00:00:00
86fd04412b2f1ed2c2e1a4ac3e3eb7e8,d71d5b39b7dfa38ca1beb3f5401ea668,delivered,2018-04-27 14:22:26,2018-04-28 14:15:13,2018-04-30 13:14:00,2018-05-04 20:46:40,2018-05-25 00:00:00
440b1d08fad401242f385a54ae6f0d33,4b89a252c0603079a05bc1fccacd5a52,delivered,2018-02-18 19:22:11,2018-02-18 20:26:58,2018-02-19 20:59:10,2018-02-27 17:05:09,2018-03-09 00:00:00
810c5451b24e7565d14608ed85dd3624,507f4a747b0dabc6ab5d6806bb70759b,delivered,2017-09-10 17:57:28,2017-09-10 20:33:36,2017-09-11 21:23:06,2017-09-18 22:53:53,2017-10-04 00:00:00
489b4af31f96f42648f0c0636a51b289,e49282ae3ee47bc3b2e30025544b25f5,delivered,2018-02-09 21:13:06,2018-02-09 21:29:18,2018-02-14 20:05:13,2018-02-18 13:58:47,2018-02-23 00:00:00
31663706a4dce48b09b134795a339baf,6669053672dc47efcec868e07443ee37,delivered,2018-06-16 20:30:14,2018-06-19 03:57:13,2018-06-19 15:06:00,2018-06-25 22:54:50,2018-07-16 00:00:00
fd190164f3696146e8a668324f90edc0,6c4578ce47ec34cc93da19ac6e3f8534,delivered,2017-06-01 10:42:34,2017-06-01 10:55:14,2017-06-01 14:18:08,2017-06-19 15:04:15,2017-06-22 00:00:00
f56dc9034c3962e36d49fb73baa12800,5c4795c07c0bd317adaf7406327bbfa9,unavailable,2017-08-10 22:20:51,2017-08-12 02:09:15,,,2017-09-14 00:00:00
6e60346a3ee3876c1e4bc89c597ffcb8,2231986257f0ec3bf5abbc49d3320e9b,delivered,2018-05-07 00:45:02,2018-05-07 15:13:42,2018-05-07 14:52:00,2018-05-15 13:12:19,2018-06-01 00:00:00
b9a970bee0ad1aab9d4f291280670f78,c99932b765fc1b7a1c5a4c3f996f6f1d,delivered,2018-06-04 11:52:25,2018-06-04 12:10:42,2018-06-12 12:03:00,2018-06-15 13:42:47,2018-07-23 00:00:00
4afa896b00f5e0ed1bb02ca2e8329392,8694a671c2d494062387f869f450b192,delivered,2018-07-26 16:55:40,2018-07-27 09:10:22,2018-07-31 08:15:00,2018-08-01 19:38:53,2018-08-09 00:00:00
b77604241a9c04a66cf5b52681f78683,92b327fbdc38332751b832c28e013f58,delivered,2018-05-10 23:28:05,2018-05-12 03:15:18,2018-05-15 15:03:00,2018-05-17 01:14:50,2018-05-24 00:00:00
807d1d7f9ef2a3649f918a57fe2e2141,44dba573782d25dd9c85eeb29369ef88,delivered,2018-01-31 13:59:19,2018-01-31 14:13:28,2018-02-01 19:57:21,2018-02-03 11:58:30,2018-02-16 00:00:00
a7881f54a20f4f7547971f089438b078,735fb1ee87aa26987bc7e2416b167054,delivered,2017-03-22 10:35:21,2017-03-24 01:31:49,2017-03-27 13:26:32,2017-03-30 15:07:45,2017-04-18 00:00:00
b67a8588504e07ca0dca52eaa72a1829,a0785cc747d7c90762ca245c1cad20f2,delivered,2018-04-01 22:42:35,2018-04-01 22:50:17,2018-04-05 11:46:28,2018-04-06 19:12:13,2018-04-12 00:00:00
77161b77ce9e78961c94e6910f7b272a,061ec581de52487b1e96c24df4a70527,delivered,2017-03-16 17:11:49,2017-03-16 17:11:49,2017-03-17 07:38:42,2017-03-22 09:48:06,2017-04-07 00:00:00
00a77f9cc25b05b2004752593d7b8888,acb6cc6ec99086b8b53c858a0731c189,delivered,2017-06-22 19:53:24,2017-06-22 20:05:22,2017-06-23 12:33:16,2017-07-07 21:45:44,2017-07-14 00:00:00
43e99f3020b420b8aff15449ff4f7561,9a480b9c9decf04f8d95b4da30cc6141,delivered,2018-04-10 21:19:39,2018-04-10 21:35:17,2018-04-24 22:44:36,2018-05-14 17:51:45,2018-05-07 00:00:00
7352751ee1a007ee671e79e6b50dd809,b270bfbd3d8c070f36f1c9c885280e31,delivered,2017-12-08 14:33:20,2017-12-08 14:49:17,2017-12-08 23:13:35,2017-12-09 20:38:36,2017-12-27 00:00:00
e2ecc8a06aa292e6cf6f88f2826dd141,cac877e3b4e0495e13b2ad7c96aa5c11,delivered,2017-09-23 18:20:57,2017-09-23 18:44:21,2017-09-25 15:13:47,2017-09-29 14:35:21,2017-10-11 00:00:00
e86c9bfc5e5cce878c7d0c2419927cd7,02036d14d9326c01a123bd83626d48c0,delivered,2018-03-13 19:10:37,2018-03-13 19:29:25,2018-03-14 21:56:29,2018-04-23 19:20:55,2018-04-13 00:00:00
5a12cbb810a82e746a59a96625577a49,d95cf58956340c9cf5e4103e8d68157a,delivered,2017-02-23 22:03:07,2017-02-23 22:15:11,2017-03-01 19:51:58,2017-03-07 14:04:52,2017-03-22 00:00:00
61fca91868781e2844bebf0ba3129950,0299a3ec7aac3a18ea88cfa6cf8a74f5,delivered,2018-03-04 13:53:47,2018-03-04 14:08:46,2018-03-05 20:05:39,2018-03-12 14:05:35,2018-04-09 00:00:00
40db493fa22b26e65d2677bcc2c67344,25d2682aded06ed8da43cd4993ea3ec3,delivered,2018-08-03 20:43:35,2018-08-03 21:04:07,2018-08-16 09:33:00,2018-08-24 18:18:40,2018-08-29 00:00:00
f9c684af08dd580ce166558cc3c7d8ad,2fb2352bb92085869dbc2c73f802d07f,delivered,2018-05-19 17:34:20,2018-05-19 17:51:42,2018-05-22 06:01:00,2018-05-24 15:22:51,2018-06-06 00:00:00
6c2c28420cb6865ced69f6c260c27c24,f2b049ff24281feb3783cdc603ce75e8,delivered,2018-04-11 15:12:12,2018-04-11 16:51:02,2018-04-12 21:46:26,2018-04-13 13:34:46,2018-04-27 00:00:00
28e2f8073d78153ccf2053de91fc4db3,3c9c19f5250586bad6497c1beb04253c,delivered,2018-04-22 22:20:27,2018-04-24 19:05:10,2018-04-26 13:19:00,2018-04-30 18:56:35,2018-05-16 00:00:00
7c36932e3667e570c35752d13bbca443,376a23a2a549f521ceb336b0230b00eb,delivered,2018-07-30 18:54:21,2018-07-31 18:31:07,2018-08-02 15:41:00,2018-08-08 00:40:58,2018-08-28 00:00:00
6933367fed43572e9c92d801392b1e65,70a4e6115d9256bcf1fcef49250afa85,delivered,2017-08-07 09:25:20,2017-08-08 04:04:25,2017-08-08 19:42:10,2017-08-24 14:43:55,2017-09-11 00:00:00
493ee0d11061d1869586da75f46e78d1,062184594d2f701642d78351528e8592,delivered,2018-03-26 14:48:56,2018-03-28 02:47:18,2018-03-28 17:56:44,2018-04-05 14:06:39,2018-04-17 00:00:00
4030d047c111d2d8a990c6ccfd9e4081,571801f07099892d51d446575f25c857,delivered,2017-06-14 17:34:55,2017-06-15 03:10:15,2017-06-16 14:16:20,2017-06-26 14:27:30,2017-07-07 00:00:00
9ad6e11f3fe1f15641598b35cdef8849,1efefe2921f93169b360de8c6830c48f,delivered,2018-02-20 17:20:53,2018-02-20 17:35:24,2018-02-24 00:08:53,2018-03-05 23:13:34,2018-03-13 00:00:00
8f2c9e626786d2b5337f8dd444ddb79b,98a505463599ce446e333940e305e756,delivered,2017-08-03 15:46:28,2017-08-05 03:03:25,2017-08-07 15:06:48,2017-08-14 19:54:59,2017-08-29 00:00:00
693868f7e2e4ec2b5d0f1f35daee6917,a8dac1629e61a7b49a0cebd4ead70549,delivered,2018-01-31 11:48:09,2018-01-31 14:21:19,2018-01-31 23:42:38,2018-02-16 21:21:59,2018-02-26 00:00:00
4b81239fe83a49acf69014a6819d45f7,45b660ceff4b3fb644ed71cec139a81b,delivered,2018-08-15 21:36:41,2018-08-15 21:50:42,2018-08-17 13:21:00,2018-08-29 01:24:47,2018-09-03 00:00:00
cce9265db762ed6a292410cee5e5369b,7638f8b6a8a21e1256bfd5ceedc91a17,delivered,2017-09-13 11:14:46,2017-09-13 11:25:41,2017-09-13 19:48:59,2017-09-19 18:13:41,2017-10-04 00:00:00
36de74432623754a27b12d81c299f10b,3fc9ec2feb5971b0f7b8576581143b98,delivered,2018-06-13 09:58:52,2018-06-13 10:21:34,2018-06-13 14:16:00,2018-06-18 18:51:30,2018-07-05 00:00:00
20febe29f23cdee32db9532860db7341,9c242b314a3640d13a97aac4e172f966,delivered,2018-07-27 23:38:29,2018-07-31 03:55:12,2018-08-01 13:51:00,2018-08-08 00:08:46,2018-08-15 00:00:00
0bf1392e4d1b5bb968191f48c30e5628,b8ec04c8a20aa6136b207e84ec12593f,delivered,2017-11-26 15:50:34,2017-11-28 16:03:01,2017-11-29 20:22:50,2017-12-15 16:32:05,2017-12-15 00:00:00
1cfd2c6aa7a28ece5d2b6761de6a571f,a83f8e4b9176a5b958f7301342e32e59,delivered,2018-01-23 17:33:09,2018-01-23 18:07:27,2018-01-26 18:13:36,2018-02-07 22:15:11,2018-02-23 00:00:00
4b3fd3a64d55a7c04cdb0ed9af1e3016,7f029a8a6978dea243e88bd230b0e5f7,delivered,2018-07-27 17:39:58,2018-07-31 04:31:49,2018-07-31 16:26:00,2018-08-03 17:22:00,2018-08-31 00:00:00
d1d4b9ca8be351af77736cab87df238e,a6ca4afebc562b754b8736ff2d5adf52,delivered,2017-11-27 20:39:12,2017-11-27 20:59:27,2017-11-28 16:48:24,2017-12-01 00:06:50,2017-12-11 00:00:00
e2be0c01adce5e35793cdc2970d774fc,45c97f9488b916f6b0c210556ee28286,delivered,2018-07-19 17:24:12,2018-07-21 03:10:12,2018-07-24 14:17:00,2018-08-03 21:42:47,2018-08-13 00:00:00
c2878b60d8e2a4ee3b463b81e9ddd8c1,e13a9c939f54c93a902868caeb1bfa59,delivered,2017-06-14 11:38:11,2017-06-14 11:55:21,2017-06-16 06:56:38,2017-06-28 14:32:25,2017-07-11 00:00:00
e1d6acaba6d1e84b8514575b9ef6fd71,5a0367f1c6acdbf73e18d97acc43df80,delivered,2018-04-18 20:54:45,2018-04-18 21:11:26,2018-04-19 19:21:46,2018-05-02 17:52:07,2018-05-11 00:00:00
c76b5689857b2dc863826762f8b07cd3,dd27328b5c29932ba47b1feba48d58b5,delivered,2018-01-28 18:30:38,2018-01-30 05:31:30,2018-01-30 23:21:48,2018-02-16 20:34:02,2018-02-21 00:00:00
a93a558f0f06c1f1e70e57f2928826a5,6c5b1cebac95ee786db6cf1b79411f64,delivered,2017-11-23 18:23:19,2017-11-23 18:55:47,2017-11-29 23:36:50,2017-12-05 00:56:57,2017-12-07 00:00:00
81d8e5d965001789e9f871f474afaad5,4f3e1edfa3261b15f51c59030d12847f,delivered,2018-03-15 18:28:28,2018-03-15 18:49:09,2018-03-21 22:14:52,2018-03-23 00:38:46,2018-03-27 00:00:00
ad44a0bda2bbb5a18a19f298832cd566,1fa0d617aaf00999f4cbc66bd28a3e66,delivered,2018-08-09 12:44:54,2018-08-10 03:25:34,2018-08-10 19:12:00,2018-08-14 23:18:33,2018-08-15 00:00:00
471d17c72b833d90af58cd4fc9bd5942,de9c02d5160d868e7f5949bb84e7593a,delivered,2017-09-09 03:24:18,2017-09-12 04:44:57,2017-09-13 12:13:34,2017-09-15 18:12:55,2017-10-09 00:00:00
f237e8ddc05a21386ec9441d40f8e09e,c5293253d2861ddfc7811223b6dcbfcc,delivered,2017-02-09 23:19:27,2017-02-09 23:30:16,2017-02-13 16:07:51,2017-02-17 13:58:00,2017-03-08 00:00:00
b08358fdbc23fa2201ce6b08be2dddb7,148dae217fb9d16e644ffc8c9f214432,delivered,2017-12-27 21:42:55,2017-12-29 02:08:51,2018-01-02 22:16:35,2018-01-23 18:23:29,2018-01-16 00:00:00
493bfa3afd1c7c384e300b4f4b511048,47d35d8232327cb512ac7b6b84305871,delivered,2017-09-06 12:51:43,2017-09-06 13:05:11,2017-09-12 16:29:31,2017-09-23 16:26:23,2017-10-02 00:00:00
6164d50a564536f9c8081d0358573bad,ff83b1b9ffb0f2f60273867bb26f671e,delivered,2018-08-12 22:52:59,2018-08-12 23:05:17,2018-08-13 15:19:00,2018-08-14 20:04:39,2018-08-21 00:00:00
3dbf60040199f502ec5dd67f86b804ab,62cf43d7c0b82fa2b6910138d7f4f14e,delivered,2017-03-02 11:20:23,2017-03-02 11:30:20,2017-03-31 15:12:14,2017-04-13 11:39:04,2017-03-27 00:00:00
670de6983a9948e0bd029dd7ea1210e0,02077904459251edd6b421b05fae711c,delivered,2018-01-29 17:02:22,2018-01-29 17:18:16,2018-01-30 19:37:08,2018-02-07 21:08:35,2018-02-23 00:00:00
1f02df2b80d060dfde8445dcb32f347e,7b6c535bcfb880d63f8e01d209ef180f,delivered,2018-08-20 20:30:09,2018-08-20 20:50:01,2018-08-21 12:18:00,2018-08-27 18:06:35,2018-09-14 00:00:00
0af28d87520565eb3b57c9b2abe1a2cc,0a209a88c2e3dc2981c79ad85c558059,delivered,2017-10-05 19:23:16,2017-10-05 20:28:06,2017-10-06 17:15:17,2017-10-17 20:58:01,2017-11-06 00:00:00
c2bf18efef73a92f7e23cdb8338c9413,18dd8dea5a8a50670bca1eed3164202b,delivered,2018-01-18 12:24:45,2018-01-18 12:37:30,2018-01-19 18:17:51,2018-01-22 21:48:40,2018-02-02 00:00:00
dbe267dee5dcb469508162440874551f,9cbea85941aeae8e6a33506e066a1913,delivered,2018-01-12 20:08:22,2018-01-12 20:16:21,2018-01-15 17:08:54,2018-01-30 21:21:41,2018-02-14 00:00:00
c3eb293fd154223498b6551a728203e8,1701ed88b1e8cb21051660d70d11d038,delivered,2018-07-19 14:06:04,2018-07-19 14:22:51,2018-07-19 13:49:00,2018-07-24 19:35:36,2018-08-06 00:00:00
2656fd6fdbfe33c6421cb390eef1a73b,683c56d8fb22ac87888587310311cf2c,delivered,2017-09-02 22:27:06,2017-09-02 22:35:22,2017-09-04 21:29:53,2017-09-11 20:41:34,2017-09-25 00:00:00
65b214a5e85949a6fcab64ff7e244426,1fcf3b848f9ca72b14d4ea76b2a4fe17,delivered,2017-06-01 21:09:51,2017-06-01 21:22:34,2017-06-06 08:45:50,2017-06-30 12:29:46,2017-07-07 00:00:00
16b0354e89f049afdd965c97e243dac6,ff891bcae7042cd5420f17811ab607d5,delivered,2018-08-03 21:33:14,2018-08-03 21:45:29,2018-08-06 16:34:00,2018-08-10 18:41:11,2018-08-17 00:00:00
7fa8751ea12ae88b7f25aecfa1f1e498,121ada84af097480e437f1a8c979f6a4,delivered,2017-02-15 09:41:08,2017-02-17 02:16:03,2017-02-22 14:21:39,2017-03-01 12:58:23,2017-03-23 00:00:00
6c30510910f5b4d215704b3b2b091161,b8872139767b713da5f6029f8b749ee4,delivered,2018-07-31 10:54:29,2018-07-31 11:30:35,2018-07-31 16:26:00,2018-08-02 18:18:41,2018-08-07 00:00:00
02608b91ec6070ff5fcd4b63dd964232,d5f23b6e251fdf6e84267303b9b84561,delivered,2018-02-23 14:59:08,2018-02-23 15:46:17,2018-02-28 19:04:23,2018-03-01 20:37:11,2018-03-09 00:00:00
190e8611451cfad038f032f548f44c12,c66b54f9bc3001f6550cec597c77f8fe,delivered,2017-03-14 16:12:29,2017-03-14 16:12:29,2017-03-15 09:38:46,2017-03-27 13:33:01,2017-04-12 00:00:00
6cadbcdea4da5368c7a801ce027f23f1,501c9cd7188003067cfbe04791e39d5b,delivered,2018-06-19 19:24:24,2018-06-19 19:36:25,2018-06-20 15:14:00,2018-06-21 17:11:13,2018-06-29 00:00:00
e6fc4ea08434b40ac98a0cb284e5a8eb,0809899bfc84b0bc917a8c279c5dbb5b,delivered,2018-07-17 18:36:02,2018-07-17 18:50:18,2018-07-18 07:52:00,2018-07-23 18:40:53,2018-08-06 00:00:00
fc0973ba8c96e67e0cfb458c1bac3a6a,95cca40cba8d9b592aa024f66b6ded35,delivered,2017-02-09 10:51:03,2017-02-09 11:03:42,2017-02-24 12:33:19,2017-03-08 17:59:10,2017-03-10 00:00:00
0d3528428e45b7c383b746222c715332,ee44d2be8e1662dc62aeadc5cc6b0965,delivered,2018-01-02 14:54:52,2018-01-03 04:37:40,2018-01-04 20:27:11,2018-01-13 00:19:13,2018-01-26 00:00:00
9dfbb7e30aa5cef397424ccd6e8edb36,fe5a1f08f1c468c24a9bbfa507678cca,delivered,2017-12-14 17:34:09,2017-12-16 02:51:18,2017-12-16 16:19:31,2017-12-26 21:54:45,2018-01-09 00:00:00
914e3f7135c8d9046278a046552ebb6e,078bfceb258f6ee262174cbf251aa763,shipped,2017-04-11 12:22:13,2017-04-13 02:42:05,2017-04-13 15:56:24,,2017-05-16 00:00:00
481f2db41ea6571226192db2b584fa6e,bae2e17717f1e6f357bbac0107dabfd6,delivered,2017-01-26 18:27:04,2017-01-26 19:00:21,2017-02-06 11:54:29,2017-02-13 13:34:45,2017-02-22 00:00:00
331d08be3644402c007ee13cf7e21533,da71cfb20c75ac5ca5fd0552932a6952,delivered,2018-03-06 14:57:16,2018-03-07 02:48:57,2018-03-07 19:48:31,2018-03-08 20:58:24,2018-03-19 00:00:00
96245f4488be31192a246b608e6deec4,fba3732f0dcc23e5c1be212d0c297f01,delivered,2018-05-01 19:45:49,2018-05-03 03:55:23,2018-05-03 15:53:00,2018-05-11 17:31:57,2018-05-28 00:00:00
30300815be5e1666c028d3c07e86f847,af7a3089208b3025628fce28d1d4576c,delivered,2018-04-12 21:42:13,2018-04-13 13:15:23,2018-04-13 22:22:32,2018-04-24 19:04:44,2018-05-07 00:00:00
9080ebdad2fcd9c48834d12a13059598,750a271fdcccf222476369e4340d7274,delivered,2017-11-27 15:56:53,2017-11-29 02:18:22,2017-12-04 23:54:47,2017-12-11 17:37:09,2017-12-20 00:00:00
03d842e44ef7cae41da34acb402983fa,68b7ff9f504488d359f5933200a0bacf,delivered,2018-07-20 10:46:14,2018-07-20 10:55:19,2018-07-20 14:21:00,2018-07-27 15:44:50,2018-08-09 00:00:00
7131224bb3afd2aa3e6b81ca40bd8e4a,6d17655475970195afeb70c1f2fa4b80,delivered,2017-12-14 10:19:21,2017-12-14 10:33:32,2017-12-15 17:59:18,2017-12-17 16:36:41,2018-01-03 00:00:00
01380d0df5b7dc8bd13f2266a57bd42c,c903ba1283fbd5c51a9bad4ec9fd8d97,delivered,2017-04-17 19:32:46,2017-04-17 19:45:11,2017-04-18 09:48:21,2017-04-21 11:24:32,2017-05-08 00:00:00
1594012ccc1b0770373ce691d697e5ae,e957d597f76d275f40a848397fb6c7c3,delivered,2018-04-23 19:05:57,2018-04-24 19:17:00,2018-04-24 12:48:39,2018-04-27 22:08:35,2018-05-08 00:00:00
02bee300cb834a5d334ae42fdc325e7a,9172f54a6e979ee28aaaada718189c9b,delivered,2018-06-19 17:51:45,2018-06-19 18:22:56,2018-06-20 14:07:00,2018-06-21 19:11:42,2018-06-29 00:00:00
8b669c19c5b4dda001b9c7e14c8b0ce7,aab5f71172c9d9ed6a13eab7abe2b1c2,delivered,2018-06-15 15:52:21,2018-06-18 10:33:54,2018-06-19 14:39:00,2018-06-22 00:27:42,2018-06-28 00:00:00
751410acff2d9dbfee9158ae8e21d6d6,3e0d49ed5998234cb45d06c5ed7bcdf7,delivered,2018-03-10 15:06:18,2018-03-10 15:48:27,2018-03-19 17:52:45,2018-03-27 20:32:45,2018-04-12 00:00:00
7a268da1c6173cf3d0847a89afdaf84e,293407b5065d8fd7fa7077179c1cca3b,delivered,2018-07-23 19:10:00,2018-07-24 10:31:39,2018-07-24 13:54:00,2018-08-14 17:21:32,2018-08-10 00:00:00
d5b0848c1878546fbebe673d1d679b83,300cbcf2f05d4b9e0c68b316a05c0057,delivered,2018-04-24 08:43:53,2018-04-24 17:35:59,2018-04-25 14:17:00,2018-04-30 18:15:38,2018-05-14 00:00:00
82a6ea37c0c3ed2f6fe3a6029adbc589,9997d3fac97d1dd96ce13a68158e84ce,delivered,2018-03-20 11:42:25,2018-03-21 11:35:24,2018-03-21 21:09:38,2018-03-29 23:04:30,2018-04-18 00:00:00
e2fd3a04faecd73308b8d940dc3ab303,27436e9495d5df1bcb0b2240182960d6,delivered,2017-11-07 12:48:35,2017-11-08 19:31:06,2017-11-09 15:52:46,2017-11-20 19:43:03,2017-11-30 00:00:00
c4641ce744fc935456a95bc0c628a43c,cd717f4d257d83f8fc1444f73167b8d6,delivered,2018-06-27 10:25:10,2018-06-27 11:06:40,2018-06-28 08:41:00,2018-07-03 20:24:52,2018-07-23 00:00:00
b8cd3107b41b1232ec5ccc2958000acf,e7958b1dac84719b0e9250e063421045,delivered,2017-08-03 12:26:40,2017-08-03 15:23:44,2017-08-04 18:54:03,2017-08-25 18:37:37,2017-09-06 00:00:00
0e44c0c94c728c1ff7a501f705dd0e24,0f02dbc254d79af01b858e657016eb22,delivered,2017-08-03 09:38:26,2017-08-03 09:50:10,2017-08-04 18:42:55,2017-08-10 19:28:44,2017-08-25 00:00:00
97c2627d2b03483506cc348366822516,09041c3c23930a8bc1fe230bbc1ed19e,delivered,2018-03-30 09:24:16,2018-03-30 10:10:08,2018-04-04 00:08:47,2018-04-25 01:05:18,2018-04-27 00:00:00
4a34aa679137ec3d1b3ad0c4c8b7a7e5,9dfc1bb87ef24d2ce198b900048195f0,delivered,2018-03-16 13:32:49,2018-03-16 13:49:39,2018-03-19 18:36:35,2018-04-15 21:04:20,2018-04-10 00:00:00
fbd089d5e60178e50dfa3b157adc9dd8,35de873c66b67f107ac2236632eb58cd,delivered,2017-08-25 16:11:53,2017-08-25 16:25:35,2017-08-28 15:03:24,2017-08-29 19:43:09,2017-09-08 00:00:00
bbfbe3c62a4a810fb97d10267acb5f10,3e2f1eaa74e606c93ef2847f45b71a84,delivered,2017-03-24 10:27:25,2017-03-24 10:35:35,2017-03-29 14:52:40,2017-04-17 15:12:32,2017-04-24 00:00:00
30fe274ae9909568c501af6539d4306f,16fbb85003b2c83ea0ff31ed5022b9eb,delivered,2018-06-29 15:09:58,2018-06-29 15:30:37,2018-07-03 16:01:00,2018-07-06 12:47:54,2018-07-16 00:00:00
f1847d849e2d6711494f463343546542,d923a6f627368b7d0c3821d8dbd504b3,delivered,2017-12-15 22:24:06,2017-12-15 22:36:32,2017-12-22 12:43:22,2018-01-03 18:52:36,2018-01-12 00:00:00
880835c91a5227560bdb8d0f45c60579,410a24845e470f3c52bb78f084d359b5,processing,2017-03-08 09:10:55,2017-03-09 03:33:21,,,2017-04-04 00:00:00
b622754849d8831e9fd50f34f6b9a88b,fe250657d695f666b5f59845eb482823,delivered,2018-03-06 12:12:15,2018-03-08 02:30:52,2018-03-08 20:13:46,2018-03-23 20:08:27,2018-03-28 00:00:00
6b8dc65729f47b72edbe497fdc431c87,d05ee8d1fcfa1735b7de95c11b13cfcd,delivered,2018-06-25 14:09:03,2018-06-25 15:09:23,2018-06-26 13:25:00,2018-06-29 22:38:34,2018-07-20 00:00:00
2a03326bc3dd548e425fafa5c7be54ed,6d44f5e3a4196e1fd1cdee36fbc3c4e4,delivered,2018-06-16 13:37:17,2018-06-16 13:59:35,2018-06-18 15:01:00,2018-06-26 19:22:40,2018-07-12 00:00:00
237f9d2cdf1d87f8b252ad4e11bb42a7,829161c749b57a5e1a33703a77718e05,delivered,2018-02-17 20:54:11,2018-02-17 21:10:31,2018-02-19 15:49:14,2018-03-02 22:39:33,2018-03-21 00:00:00
05b2ebbb3869fd116a0a1c247ba70d00,115f6268f9705c6ed3b4119c8fe5f85e,delivered,2017-05-17 11:07:52,2017-05-17 11:22:29,2017-05-19 10:22:53,2017-05-24 13:16:01,2017-06-21 00:00:00
543a9bf05657bd3c5099de23d13139a1,d9721a87b4755c5e9a9f9a67ef484575,delivered,2017-03-15 08:19:58,2017-03-15 08:19:58,2017-03-21 09:07:39,2017-03-28 13:04:07,2017-04-13 00:00:00
529e1bb30ba6e4c420219a539593eee0,25aac06f1c893b78c7d26ff0a5308eae,delivered,2018-01-21 22:03:00,2018-01-22 14:01:38,2018-02-02 01:51:12,2018-02-09 18:52:35,2018-03-02 00:00:00
c6f02030f6bc633b8073c50178eb2833,28eaee40e9840e3442fb15d7c3655af3,delivered,2018-06-26 12:15:07,2018-06-26 12:36:21,2018-06-27 07:59:00,2018-07-04 19:25:41,2018-07-25 00:00:00
7150170dd81a1532b5906d0cc50618b3,660ca825143d9c95d6c9e88b80bfa6c6,delivered,2018-01-11 08:30:28,2018-01-11 08:38:31,2018-01-11 20:00:00,2018-01-19 17:59:10,2018-02-06 00:00:00
a1044dbf7beb1971c71d7b0f94836313,0310b25c98b10f9c6d22b9009455df37,delivered,2018-08-01 00:54:05,2018-08-01 01:05:09,2018-08-02 14:55:00,2018-08-09 23:51:22,2018-08-27 00:00:00
7f7b3e8f848e23fbcd3d2e096d12ef94,1eea983564b20daaf35af83ca571e950,delivered,2018-06-25 21:15:58,2018-06-25 21:37:43,2018-06-26 10:48:00,2018-07-06 13:11:20,2018-07-19 00:00:00
5370a96022220f889db213211b32740d,d57a120a63ef1c58d8704dbf52553318,delivered,2018-08-23 13:48:07,2018-08-24 04:05:16,2018-08-24 13:41:00,2018-08-29 14:26:47,2018-09-19 00:00:00
79832b7cb59ac6f887088ffd686e1d5e,ce3e77ff426cf554944d321064dd87f2,delivered,2017-11-21 08:52:33,2017-11-21 09:06:46,2017-11-21 17:07:08,2017-12-01 00:33:58,2017-12-15 00:00:00
fd0ea050aa7cb8693f02b9176d021a0a,eed8a1ec0be1729660683e943d605df5,delivered,2017-09-08 16:38:17,2017-09-08 17:04:16,2017-09-11 13:13:25,2017-09-18 20:56:51,2017-09-28 00:00:00
0334c2700a7e8ac0f3efeb36b4a91e68,48ee4490f797cdb00bf00f9255351ee4,delivered,2017-09-06 22:41:34,2017-09-06 22:50:15,2017-09-08 19:49:56,2017-09-19 19:52:37,2017-10-05 00:00:00
05e6501cdfbd86fe9a3a788c3d411091,a0262fcf5f286681fc96c8d2b8396208,delivered,2017-10-16 14:49:14,2017-10-16 22:33:05,2017-10-17 15:43:11,2017-10-19 22:07:33,2017-11-01 00:00:00
35e836760fcb033c916131ff094d1d21,52ea3af8cfa23076f574fe22f73e47ee,delivered,2018-03-02 15:57:44,2018-03-02 16:15:33,2018-03-07 01:13:30,2018-03-23 00:58:33,2018-04-04 00:00:00
3459f554a17b52bc945b6cb98f90142e,8d32ea7086cee1b02c9de6d5ffcb00d4,delivered,2018-03-25 13:42:17,2018-03-27 03:50:33,2018-03-29 18:38:42,2018-04-07 21:28:41,2018-04-06 00:00:00
9eb401aae2d502a73f4a27f97d3bebf5,f13bb2fb4cdf0a6655b9aaf846a73f13,delivered,2018-05-26 21:08:43,2018-05-26 21:37:53,2018-05-29 13:38:00,2018-06-13 18:36:37,2018-07-16 00:00:00
284c8e297603b066a7b64a7cbde7f9b3,4546f685cfe43aabb0bf3af4eabdc763,delivered,2017-06-03 16:52:47,2017-06-03 17:05:17,2017-06-06 08:52:19,2017-06-14 14:03:42,2017-06-27 00:00:00
e399680f053aca6ecc64cd1ec2c0741e,d42d70919f9ddfe513ce1d3df3ee8bec,delivered,2017-11-26 18:36:07,2017-11-26 18:53:59,2017-11-30 00:03:00,2017-12-11 19:42:44,2017-12-18 00:00:00
f23c71439ab24ac853522e783dd7dec2,68b7509c1f04aa6c537f935bb18b9645,delivered,2018-04-17 14:31:45,2018-04-17 14:52:35,2018-04-23 19:48:07,2018-05-04 20:36:57,2018-05-15 00:00:00
cc8389c87998ef48d592285b08d5106d,d23a0559b17d49af3cfb63c141bfd08d,delivered,2018-03-04 22:24:47,2018-03-04 22:49:27,2018-03-08 18:22:05,2018-04-02 13:38:35,2018-03-27 00:00:00
ea9184ad433a404df1d72fa0a8764232,92f70647283582ec50ca1bb5794f6c90,delivered,2018-08-20 20:10:03,2018-08-20 20:29:50,2018-08-22 14:39:00,2018-08-28 19:38:28,2018-09-11 00:00:00
dc32c5b96c5aa06641f7c32f3f1bce98,b5d99b818c44b7029424de7ce9798440,delivered,2017-12-10 23:02:03,2017-12-10 23:15:22,2017-12-12 22:53:15,2018-01-03 19:04:29,2018-01-12 00:00:00
67c8cb7add4e205c9021501079bc5f66,c1f66c1aa023b8b5a0f65327465efc7c,delivered,2018-08-16 15:35:40,2018-08-17 15:30:33,2018-08-20 15:53:00,2018-08-27 20:50:56,2018-08-28 00:00:00
24012690fe6562f4a154875f2f64ed93,5c964a570a4a20c82fb9798b6c555b19,delivered,2018-01-07 11:11:03,2018-01-08 11:08:03,2018-01-10 21:19:24,2018-01-11 23:18:27,2018-01-24 00:00:00
cb5084e6d5109655821d2054b7bec84c,16738db2ba964d2b05d642b0ff222451,delivered,2017-07-31 17:06:00,2017-08-02 02:50:14,2017-08-03 18:25:09,2017-08-07 18:12:00,2017-08-22 00:00:00
d8b81d0afc8e1dc9c448772c8789d612,ec6d733c729e45a75dcfa18d42c29c7a,delivered,2018-03-13 20:28:43,2018-03-13 21:08:08,2018-03-14 20:44:50,2018-03-29 16:28:57,2018-03-29 00:00:00
a62ca1ecd2ebb5a76f2df38e3024c324,63aa5b96f7dafc4bb3b80ee18c32b7f9,delivered,2018-04-22 02:43:22,2018-04-24 18:20:13,2018-04-25 14:00:00,2018-05-03 17:08:49,2018-05-18 00:00:00
5a1a4a4a31e003b67af6ef6dcb9750db,49c38c2dbdb7f2357b97af94661d1956,delivered,2018-08-03 11:46:40,2018-08-04 04:10:21,2018-08-07 13:33:00,2018-08-14 23:51:37,2018-09-06 00:00:00
55722f117fa81b20ab36bbfc3c8878dd,df1669128bc89d6b100a5cb141157b97,delivered,2018-04-08 21:05:50,2018-04-08 21:29:36,2018-04-10 00:38:35,2018-05-02 18:17:36,2018-04-27 00:00:00
b0f09542f907cada33dd7ff85f029a71,ad0d03e2b961f34fdc46f626f6862f00,delivered,2018-05-11 23:36:27,2018-05-11 23:51:17,2018-05-14 13:21:00,2018-05-18 21:05:02,2018-05-29 00:00:00
055336f2daf168319875b812d23de1d4,5840ca4dabfc4e4eac43cdc7123390c5,delivered,2018-03-24 13:13:08,2018-03-24 13:27:42,2018-03-27 17:36:59,2018-03-29 03:22:28,2018-04-06 00:00:00
570daa876f56bc4b6b5e503e01318c0e,b63e33229b055963236f49e39c1e8046,delivered,2017-11-22 18:23:16,2017-11-22 18:34:27,2017-11-23 21:17:36,2017-11-24 21:06:52,2017-12-04 00:00:00
9002c87ca6609313fe18204efa2c3a37,2224302c7f106ec29ae4a849b3d826af,delivered,2018-02-20 08:12:25,2018-02-20 08:32:35,2018-02-27 23:23:44,2018-03-06 19:46:47,2018-03-16 00:00:00
0fb09184aa674879c67d933523a4a0bb,1828873db87f59c258454599a88452b4,delivered,2018-06-11 22:00:28,2018-06-11 22:19:25,2018-06-13 08:06:00,2018-06-18 20:21:24,2018-06-28 00:00:00
56ce64b53ec3bb5b0525f21506619f8e,6d45947c18621227f1e82fda7a73f26c,delivered,2017-11-24 12:42:21,2017-11-24 14:53:40,2017-11-28 18:10:06,2017-12-05 22:36:39,2017-12-15 00:00:00
628287e102c84327f95402d4670434d2,0097c5abeb126a90646370f4a1cf3d93,delivered,2018-06-04 23:59:23,2018-06-05 00:52:33,2018-06-06 09:50:00,2018-06-16 10:32:17,2018-07-20 00:00:00
183a7d0aaaf6b16afaa897a44424494b,6976b13183e54d7c9dac5d94edefe662,delivered,2018-02-15 10:37:47,2018-02-15 10:50:32,2018-02-22 03:13:17,2018-03-26 18:32:21,2018-03-19 00:00:00
14dbe374dedd03ff06285484791c8d4e,d1435050629f62d0a602e7900894fa92,delivered,2018-07-31 21:48:05,2018-07-31 22:04:23,2018-08-01 13:51:00,2018-08-06 17:42:20,2018-08-10 00:00:00
21f1cdf47b2ebf6d58a4e07191ac5a98,2e947dd15ae10d889923d07c28b9ef23,delivered,2018-05-12 18:30:38,2018-05-12 19:20:25,2018-05-14 13:44:00,2018-05-17 16:02:47,2018-06-05 00:00:00
324213c21d2577b17bca52fb418cce03,aeaeb880137135bdc093ec402acea9c0,delivered,2018-08-08 18:25:48,2018-08-08 18:35:17,2018-08-11 06:44:00,2018-08-17 20:03:12,2018-08-22 00:00:00
e8c03a93e09bd0dde6dfabd1eac42235,4c6cc85a89f512df728a98f49b54c7de,delivered,2018-02-17 20:22:10,2018-02-17 20:35:22,2018-02-20 17:19:17,2018-03-01 23:13:02,2018-03-16 00:00:00
620b5f7f730ead80c8dba1202716a29f,6160230e6f8adb5cb023ad37203287a9,delivered,2018-04-16 14:21:41,2018-04-16 14:35:22,2018-04-19 02:05:05,2018-04-25 01:42:38,2018-05-09 00:00:00
c89f9200f57c5d1e1d7a7c6a98d45ff6,b68c905ab520e155e3e405bbf8dc1bb0,delivered,2018-02-06 20:55:29,2018-02-06 21:10:46,2018-02-10 14:22:52,2018-03-02 22:12:57,2018-03-05 00:00:00
f5c6db84c6a589ff1c0284e500a6acd3,2ad4f82ba85d382d9ee497dbe68d5c36,delivered,2018-05-21 16:33:10,2018-05-22 16:58:05,2018-05-23 14:12:00,2018-05-24 15:33:06,2018-05-29 00:00:00
698c42d4d45a628919b9b38241aebf4a,415318e16cc2f959d7c15cf63f127956,delivered,2017-09-20 13:56:43,2017-09-21 14:05:16,2017-09-22 17:05:09,2017-10-11 18:25:52,2017-10-24 00:00:00
6b8d21bbe1e219c7b5039f232ca30e46,2da3c88ac9284b3bf9bea4cb79fd0e47,delivered,2018-01-04 14:33:41,2018-01-06 02:07:54,2018-01-08 23:04:38,2018-01-16 23:31:52,2018-02-06 00:00:00
f798a01c8646f8e701280d70b10f84bf,46e11714d9f2fbe6e44ced00b92c73aa,delivered,2017-12-18 13:47:48,2017-12-18 14:55:19,2017-12-19 16:02:38,2017-12-28 14:51:51,2018-01-19 00:00:00
a5edec799559e5ad6a1afa8ad782a771,2151df75aff3122332dfc66083790d56,delivered,2018-07-16 19:40:09,2018-07-17 17:45:24,2018-07-18 11:23:00,2018-07-23 20:09:33,2018-08-07 00:00:00
7f78756aedc6c867e69e2dcfef932294,4df165e15f5c3b1bd4201efd8c8fe2c1,delivered,2017-06-16 10:32:52,2017-06-16 10:45:12,2017-06-16 14:42:48,2017-06-19 20:37:46,2017-07-06 00:00:00
dd501072091c950a1e6bb5ea9182df2a,345498125da8b61f64def813c4a2db79,delivered,2018-03-12 13:32:14,2018-03-12 14:08:39,2018-03-26 19:04:26,2018-05-14 15:18:58,2018-05-02 00:00:00
0be284f82e07ecf4a437f85b82ba09cf,a3777228aa1a73a3bf9a3127609cf68a,delivered,2018-06-16 09:18:08,2018-06-19 03:36:39,2018-06-19 14:45:00,2018-06-21 17:32:34,2018-07-11 00:00:00
297b78c63260d89009ce4a807842a5c0,ff92e1be6dc1bad3695547e321d2003b,delivered,2017-07-26 20:10:09,2017-07-26 20:23:19,2017-07-28 18:51:40,2017-08-11 21:37:41,2017-08-17 00:00:00
60b041f9c97f5cb1d089443156a52836,8dc532d8d7de85183b628175ba71e69e,delivered,2018-05-12 20:52:24,2018-05-12 21:15:53,2018-05-15 15:17:00,2018-06-05 12:16:24,2018-06-08 00:00:00
40df926a6d695cec9507ed972fa8b2f6,61911032487aa85b980785414f67e8b7,delivered,2017-04-03 18:20:46,2017-04-04 06:02:21,2017-04-13 17:49:07,2017-04-19 08:56:56,2017-05-02 00:00:00
00bd2cb7e9076e1ccc9f766fc01a4cfd,45016dcb53fa07cb0c050dc78b2d6f51,delivered,2018-04-18 10:00:14,2018-04-18 10:15:17,2018-04-23 23:41:49,2018-04-30 21:16:48,2018-05-23 00:00:00
c442924838668a8f207a02063556d814,9346c5bf5e6eac10f0c9feaff3eb306e,delivered,2017-11-16 19:37:21,2017-11-16 19:56:44,2017-11-17 16:44:46,2017-11-18 15:48:27,2017-11-29 00:00:00
ddf574153803a9012e68e479fa941b0f,84f9776d9f55cb53b6690857744ca1ba,delivered,2018-04-04 21:40:03,2018-04-04 21:55:21,2018-04-05 23:06:40,2018-04-21 06:19:16,2018-04-26 00:00:00
40deb01ced4c0d076432514cea0a091e,466ca075213145305a2760482ecf8c26,delivered,2018-03-11 11:55:16,2018-03-13 04:20:27,2018-03-13 18:18:34,2018-03-16 20:06:31,2018-03-23 00:00:00
6942e86d33b375b95195dda92c2f603d,d6cdfeca7b382005c0afaff5ee4c24cd,delivered,2018-03-24 18:25:24,2018-03-24 18:47:11,2018-03-27 19:50:41,2018-04-09 22:51:32,2018-04-26 00:00:00
45545b0586d46e77f4758cb7a15320b9,87cc80e439ab356ef3b045e8be9bcea3,delivered,2018-07-30 19:46:51,2018-07-30 20:04:40,2018-07-31 15:07:00,2018-08-01 19:28:54,2018-08-06 00:00:00
4b8332fdbf824168f691498b79e5e556,6d1fe6ac78f6c088409c33ab54124a35,delivered,2018-02-23 11:55:55,2018-02-23 13:00:33,2018-02-27 02:09:16,2018-03-08 16:51:58,2018-03-22 00:00:00
95e8e7edf6d02da861e93170a9953465,d5c3f175135abfeee7f63c1d64882156,delivered,2018-03-01 20:39:11,2018-03-02 15:55:40,2018-03-08 20:42:37,2018-03-16 21:32:24,2018-03-19 00:00:00
d341bf71429128ec496e8012f3f8e2a0,84cad6a5d13b2a45316812384327e16f,delivered,2018-06-12 21:41:59,2018-06-12 22:01:37,2018-06-13 14:33:00,2018-06-18 22:08:52,2018-06-29 00:00:00
a006e96e455871265c8ca46cf83bf54c,fcce126f6d5805434739fe769241e00c,delivered,2017-07-27 19:52:48,2017-07-27 20:05:26,2017-07-28 17:36:00,2017-08-01 19:25:42,2017-08-18 00:00:00
179b63fcfafb80e064370a2ce74c81f7,f63db8b1515a5d3606d101d9b9cf9fe2,delivered,2018-04-17 11:53:36,2018-04-17 12:30:02,2018-04-19 19:36:39,2018-05-25 13:41:46,2018-05-21 00:00:00
813bd43a2ed21157ce6f32346a63e01a,10606ec9144627ef888d2069483083a5,delivered,2018-06-25 01:14:24,2018-06-26 14:34:22,2018-06-26 15:02:00,2018-06-27 14:38:49,2018-07-05 00:00:00
24abde75980ca7fd4234cc23e098c2ee,e641f40e2e360a2c73d6cd8a50de252a,delivered,2018-04-24 10:08:21,2018-04-24 18:20:52,2018-04-24 23:11:50,2018-05-04 00:22:43,2018-05-18 00:00:00
520ddcbcf0082ed43b0a73ce1127f073,0c7e81c095866ddce9df46721a8a158a,delivered,2018-01-27 20:36:58,2018-01-27 20:52:21,2018-01-30 14:13:18,2018-02-06 12:22:40,2018-02-20 00:00:00
b686713e41eabb681b6e7948118f24f7,c7f26440b498a90f758f26eda34f1801,delivered,2018-03-19 12:14:50,2018-03-19 12:30:39,2018-03-20 17:58:50,2018-04-02 22:36:51,2018-04-19 00:00:00
ae5e5e33fbc4cfa818e4391563778f66,26107dfac63f8909bfbfaea86f095c05,delivered,2017-11-28 17:46:25,2017-11-28 17:56:50,2017-12-02 14:49:10,2017-12-03 18:38:35,2017-12-12 00:00:00
566c5bff1142c9d6003a83fd2e8ad1e5,892022d497c9598ce4a313f64ceaa87e,invoiced,2017-11-23 18:03:23,2017-11-23 18:25:18,,,2017-12-18 00:00:00
534c285356eb06898b7ea7edbb14476b,b692fb160782271845b7c858cbd9c1df,delivered,2018-03-23 08:49:19,2018-03-23 09:08:35,2018-03-23 23:04:33,2018-03-28 02:52:21,2018-04-11 00:00:00
68f0f840a681f5c203a817cdb263b739,2913c6807310716ade0bd399a9abca3e,delivered,2017-09-23 10:46:05,2017-09-26 03:24:28,2017-10-02 23:30:29,2017-10-13 17:33:47,2017-10-17 00:00:00
85be7c94bcd3f908fc877157ee21f755,54b307e9a6121f572faef4f220fbac3a,delivered,2017-09-21 22:00:36,2017-09-21 22:48:00,2017-09-22 17:59:49,2017-09-26 19:27:37,2017-10-13 00:00:00
abcbd7d5a339a1f5f553ba84b4d9cc69,da90cf906fefe43638ea19d590ad987c,delivered,2018-03-24 20:43:24,2018-03-24 20:56:07,2018-03-30 00:11:56,2018-04-12 22:09:50,2018-04-26 00:00:00
47f1d4cd72cfee577340ecb01a3e8028,db4810eb355a4519838ae8a121975b6f,delivered,2017-11-05 11:12:52,2017-11-05 11:30:24,2017-11-06 19:16:48,2017-11-09 21:57:00,2017-11-24 00:00:00
99c9fec8ab028336e605f216e55337e6,1795d4e196e92788373519059c0e6897,delivered,2017-12-01 09:05:03,2017-12-01 11:30:58,2017-12-05 03:06:31,2017-12-18 18:35:16,2018-01-04 00:00:00
9c54a1816e487456bb7eb5082b9823ff,1d48a5dcde374b9d63b2c29e6af97cb8,delivered,2017-01-17 14:23:54,2017-01-17 14:30:16,2017-01-18 08:27:58,2017-02-08 08:43:59,2017-03-02 00:00:00
a7c06c01fe6ddeff25b3c60459b5fcb4,720f6f7d2b4d286d12fda1ea47781302,delivered,2017-05-29 09:28:35,2017-05-29 09:42:17,2017-06-01 00:32:40,2017-06-05 21:22:42,2017-07-03 00:00:00
d8d9232af59462bbb0961d11222ea210,22569cf3f36b02da715a15f53101ed52,delivered,2018-08-16 19:17:56,2018-08-16 19:30:08,2018-08-17 12:09:00,2018-08-22 17:48:53,2018-09-12 00:00:00
42d8cfd4e239b47ae745848a8bdd5193,43052296c9ba662bc8628ebf9661a86d,delivered,2018-02-26 10:30:52,2018-02-26 10:50:48,2018-02-26 21:23:24,2018-02-27 12:38:55,2018-03-12 00:00:00
e7e312612b232f936e5f1ff9ee5bc2b5,697100d1e9811a011dc96a0887406e50,delivered,2017-10-21 11:01:29,2017-10-21 11:14:41,2017-10-24 18:19:55,2017-11-01 16:12:43,2017-11-14 00:00:00
016fbc333d66b414be541c6159576c40,83fc79bfef5a8fb84c5d77f3748e0064,delivered,2018-05-30 18:09:10,2018-05-30 18:30:42,2018-06-01 14:58:00,2018-06-11 21:28:42,2018-07-24 00:00:00
ab87dc5a5f1856a10640d5f42e4c2fd9,538a4d02876412846b966a3c057395e5,delivered,2018-06-04 12:38:45,2018-06-04 12:50:47,2018-06-05 12:12:00,2018-06-11 20:39:49,2018-07-17 00:00:00
5295794ed329bd3ffd4581bc4a0627a5,bce1676dd0edb9474cba3d3aa9067024,delivered,2017-05-16 13:58:54,2017-05-16 14:05:23,2017-05-16 15:30:08,2017-05-25 09:28:55,2017-06-20 00:00:00
66e7b21711a5ac0d6b6a5f60e4c79a75,7f6e0647dfddaccdf6e140f98e0945bd,delivered,2017-11-28 14:31:04,2017-11-29 02:20:34,2017-11-30 19:21:27,2018-01-03 13:13:00,2017-12-21 00:00:00
002f16b7bc4530031b7d90f791b12d8a,1eeffe21744883fbf61fbf138dbb8eee,delivered,2018-07-02 16:51:47,2018-07-02 17:11:12,2018-07-03 16:35:00,2018-07-06 18:14:47,2018-07-25 00:00:00
d8d281c1a1398a1e835fdc4adfb81e2a,14c1e4101ca2dc7dbf876d9c9e6b11a6,delivered,2018-07-23 20:50:50,2018-07-24 10:31:11,2018-07-25 15:09:00,2018-07-27 18:27:42,2018-08-07 00:00:00
2b781b53b653523cf1337a742b71aed3,313d46bf885960e2f3a62effcfbd789f,delivered,2017-10-12 09:33:01,2017-10-12 09:49:25,2017-10-18 16:59:40,2017-10-20 18:06:34,2017-10-31 00:00:00
cb418bb4b6115438d20b0141ed5bc9e0,a7ea318cbe9df2ec79ab37cd7ca2135d,delivered,2018-06-07 13:53:52,2018-06-07 14:20:16,2018-06-08 15:11:00,2018-06-16 16:48:23,2018-07-18 00:00:00
dcedac1406b3713259927ba54a3ad206,a8695124db570d100b87f73fbdaef64a,delivered,2017-11-22 16:56:05,2017-11-22 17:08:29,2017-11-23 16:09:03,2017-12-02 18:18:28,2017-12-15 00:00:00
6a7e99c1218ca32aefdff408295eb467,b1ae8978938a4a36dd3724b750b23d6c,delivered,2017-10-03 08:34:54,2017-10-03 08:50:35,2017-10-04 02:10:06,2017-10-10 18:17:34,2017-11-01 00:00:00
80dabd6ee5b0e0d7d5672d511ca8cc7e,fbea4ed949b70f597425d14164f82851,delivered,2017-10-01 20:04:21,2017-10-01 20:23:43,2017-10-03 17:25:55,2017-10-09 19:40:09,2017-11-03 00:00:00
7165aba369a4514fae50be36d6b5e592,31c084fb2c73c4aee537dbb9f96fc0f5,delivered,2018-01-17 16:32:19,2018-01-17 16:49:49,2018-01-19 00:43:18,2018-01-24 19:59:00,2018-02-07 00:00:00
7be005575f2d7598f774514a9e575f27,c4445fac077e8eb2dca9de6f5be8a6ca,delivered,2018-07-30 10:00:40,2018-07-30 10:31:27,2018-07-30 14:51:00,2018-07-31 17:46:55,2018-08-03 00:00:00
a7ed24c6e9dd5c83996984932b57c9dc,29397baa14b34d03bb0491d3a99564ca,delivered,2017-12-06 22:54:33,2017-12-06 23:55:26,2017-12-11 18:15:11,2018-01-02 19:07:23,2018-01-05 00:00:00
216bc8ebe70b73bb6e7e3270d9a5df56,7f6409eecd4073f3002766034aa36e62,delivered,2017-10-03 19:29:06,2017-10-03 19:49:19,2017-10-05 15:02:42,2017-10-09 19:18:51,2017-10-20 00:00:00
87a330a52c9e677f1252f2f17e54cf65,ad7bbfe917e8a82b01c911b1f6752c7a,delivered,2017-09-13 23:19:22,2017-09-15 02:10:46,2017-09-25 19:38:39,2017-10-16 16:35:32,2017-10-05 00:00:00
8a6687e2edd62edc2b9c1de51234bd98,7c93fdee2bef9805081b51d931b99bc7,delivered,2018-07-02 12:06:33,2018-07-02 12:15:11,2018-07-02 13:47:00,2018-07-10 19:32:05,2018-07-30 00:00:00
755acdbf6da2041544f004ead2cdd080,ee64351d93ed36563eea84500a3f558a,delivered,2018-05-05 12:40:10,2018-05-05 12:55:20,2018-05-07 10:23:00,2018-05-11 01:32:49,2018-05-25 00:00:00
d16e915397932f8b3510f595170d1d6b,020edf80d85585b9ccf1c48396ec32aa,delivered,2018-05-07 20:43:47,2018-05-09 02:54:17,2018-05-09 14:09:00,2018-05-16 18:56:50,2018-05-29 00:00:00
d79f6f82d928f3116b391795f3a4337f,458430198d0e879d5f272f5a5b959a2e,delivered,2018-03-09 22:35:23,2018-03-09 22:50:31,2018-03-13 03:08:40,2018-04-04 18:37:40,2018-04-06 00:00:00
577dbf4b3668adb656ec29c2ce049ab1,8dc378ece8c57180e796e818c803e577,delivered,2018-02-10 15:15:50,2018-02-10 15:25:24,2018-02-14 21:53:49,2018-02-15 21:17:06,2018-02-26 00:00:00
1ac975a2e0caad3a89c4c5bbdc8f996a,a883031033e9e3a9b75867f0bb39b4d4,delivered,2018-08-06 13:04:26,2018-08-06 13:15:21,2018-08-08 15:13:00,2018-08-13 23:25:37,2018-08-31 00:00:00
cfe5cfa623b5e9cd32abf47ac65b3776,f27d38186712a26c18ddaad3f3165e42,delivered,2017-06-14 16:29:40,2017-06-14 16:42:49,2017-06-19 20:13:04,2017-06-21 16:59:57,2017-06-28 00:00:00
77d9489f6394fff407ce6a4ab64957be,6aab7c3dcfc8d7221cf7096fcdb40f58,delivered,2017-11-20 14:31:13,2017-11-20 14:38:29,2017-11-21 18:37:28,2017-11-29 20:21:38,2017-12-14 00:00:00
ceecda7c9b24cbff643a6c5119a9ec6d,76127da03b20e432691fcc923788d9b3,delivered,2018-07-31 14:31:45,2018-08-01 02:35:19,2018-08-02 14:49:00,2018-08-06 18:05:43,2018-08-06 00:00:00
9b8dce6896a07b137779350966e11e99,8ab9de8260d0b7e0dc87c417a073e0e0,delivered,2018-06-10 22:06:29,2018-06-10 22:31:23,2018-06-12 12:36:00,2018-06-15 17:40:39,2018-06-28 00:00:00
eb94ceabe643cd28e6fb58503790a2e1,b576ef11e3b12196c16e412f8ab8e65c,delivered,2017-05-18 23:25:09,2017-05-21 09:32:20,2017-05-22 12:17:32,2017-05-23 22:48:35,2017-05-31 00:00:00
4d41aecae7fc035c91789128309fb7b0,66f301b13bbabd16970b1f7a8f4e40ac,delivered,2017-04-30 00:12:14,2017-04-30 01:22:34,2017-05-02 08:11:00,2017-05-16 14:55:52,2017-05-25 00:00:00
42895607072db349b61edb6cdbc363a3,2eb20bcef198dfa0ecc7d8e46ba0c856,delivered,2017-09-06 13:14:35,2017-09-06 13:30:14,2017-09-11 19:34:42,2017-10-05 18:37:25,2017-10-03 00:00:00
f07cd569c4555fbf9dd3568b7995827a,8f41cca39f1d5a5cbed373e947d79e55,delivered,2018-05-07 08:05:30,2018-05-07 16:53:25,2018-05-09 15:48:00,2018-05-18 17:37:27,2018-05-29 00:00:00
0711b9c575a5235790c3f863179c3267,0338cedf9fd370fe655047aaa0725078,delivered,2018-06-01 08:21:03,2018-06-02 03:15:21,2018-06-05 08:27:00,2018-06-13 00:08:45,2018-07-12 00:00:00
a9d574fb4532cc54b608ac0218225ed3,e6b66b7e38d4ec0a5c703351f220a98c,delivered,2017-12-29 11:08:04,2017-12-29 11:18:22,2018-01-05 18:12:30,2018-01-23 20:17:09,2018-01-24 00:00:00
4473dab90d5c08b597499e973725804a,512b6230960174ed572f2d70d3db6e89,delivered,2017-10-26 16:19:58,2017-10-26 17:31:55,2017-10-27 18:09:10,2017-10-31 21:03:54,2017-11-13 00:00:00
b52ce41a14821d9fa67f8a77cebb3efc,20d8643f227f32bd4ea7070fb153db32,delivered,2018-02-10 18:24:53,2018-02-11 13:50:26,2018-02-14 15:48:59,2018-03-10 02:08:40,2018-03-09 00:00:00
18c95a0e4c4a3d218d5eda56e235436e,d7dd95871faf13264a7a32166dfba38d,delivered,2018-03-20 17:18:09,2018-03-20 17:28:25,2018-03-21 20:12:09,2018-03-24 00:58:30,2018-04-02 00:00:00
ef340fd20274f4bc0181f8d9b8ae9748,b8be0fb88b88d0e00af27f75835e1c50,delivered,2017-05-10 19:29:00,2017-05-11 04:10:15,2017-05-11 08:27:59,2017-05-16 11:46:57,2017-05-30 00:00:00
1950d777989f6a877539f53795b4c3c3,1bccb206de9f0f25adc6871a1bcf77b2,canceled,2018-02-19 19:48:52,2018-02-19 20:56:05,2018-02-20 19:57:13,2018-03-21 22:03:51,2018-03-09 00:00:00
011e6e76dd0cd56d26b5b0cb036e80a8,3a6fc4af206cad7a5eaca926cdffd0d7,delivered,2018-04-08 17:34:16,2018-04-08 17:50:12,2018-04-09 19:02:45,2018-04-11 20:53:28,2018-04-19 00:00:00
8882b69ff0006727224cd56da4932e89,df69e936b93edc5cecff8047373bc369,delivered,2017-03-16 12:03:27,2017-03-16 12:03:27,2017-03-17 15:44:21,2017-03-30 15:42:36,2017-04-07 00:00:00
03c7acb8cfb3a3567a70fee4a1e2f82d,7a185d1a7b35b67cc0fa426ad845f666,delivered,2018-03-28 16:57:56,2018-03-30 03:27:00,2018-04-03 17:40:36,2018-04-17 18:45:54,2018-04-17 00:00:00
ba6293d68e1fb59ee455806a8ef6d651,545b9a267af9ba134305649a5a51af74,delivered,2018-02-14 10:48:33,2018-02-15 10:47:54,2018-02-16 22:25:02,2018-02-23 21:23:45,2018-03-07 00:00:00
446634c9e8e8c3a70fef1507c82d5c68,9248f24013892b2690a39829f54159b9,delivered,2018-02-19 15:16:15,2018-02-19 16:40:28,2018-02-20 22:42:41,2018-03-27 00:58:35,2018-03-21 00:00:00
52432d42fb818ca588e38c5067f73c3f,045178794d4eb65a4b79f34dee26374a,delivered,2017-12-12 13:20:01,2017-12-12 13:31:36,2017-12-13 22:27:51,2017-12-17 11:26:00,2018-01-12 00:00:00
884fc1672d7c26265ce8f3b2e2369b32,138a01aa92239376fe0599ebb07a2c1e,delivered,2017-12-18 15:09:06,2017-12-18 15:19:27,2017-12-19 18:19:02,2017-12-31 15:19:16,2018-01-15 00:00:00
e5b692a00119342b4412cf70919378bd,a524eab70342a06e4b101d33124fee29,delivered,2018-03-05 14:35:12,2018-03-06 03:48:58,2018-03-06 18:11:47,2018-03-26 19:33:04,2018-04-02 00:00:00
ce38feac183edc1669336435be2a2ef3,c1b54e5ba377e64db9dc49d1e094e409,delivered,2018-01-07 11:07:34,2018-01-09 07:19:58,2018-01-09 16:20:12,2018-01-15 12:33:19,2018-01-31 00:00:00
c50da75d0af4bf40f1213d2d8d5f13b4,dea2ad6bafd73c46a58b4dee61bbf942,delivered,2018-05-15 20:19:37,2018-05-16 20:16:28,2018-05-17 13:51:00,2018-05-24 15:14:36,2018-05-30 00:00:00
3cb69ccd08eea344a68a66e8ce49a282,9238a417f2d525ad5640693385b86d9b,delivered,2017-07-06 16:18:52,2017-07-06 16:43:46,2017-07-07 14:38:34,2017-07-12 17:43:32,2017-07-26 00:00:00
00f2c876aa08fbba04199823952e96c1,eb4fea182012be623175b35ee37dfe50,delivered,2017-04-06 10:21:23,2017-04-07 03:15:32,2017-04-10 12:04:47,2017-04-18 14:10:11,2017-05-09 00:00:00
6fa8043bdb80a1aed9ed56be51399cfe,ffceee06e0f7d5d3747eae50a0ccd61f,delivered,2018-01-04 15:31:25,2018-01-04 15:47:21,2018-01-05 20:27:01,2018-01-13 12:58:40,2018-01-31 00:00:00
53ad0f90be4c36080d70c96aa70eafe9,88ba6e648722917fa0eb0823d3197582,delivered,2018-03-03 20:15:00,2018-03-03 21:00:20,2018-03-05 22:52:17,2018-03-26 17:08:55,2018-03-27 00:00:00
55f6044cecace75277ac3fb0335bf9a5,df01a0e718fa759ac5bcf053453b8243,delivered,2017-12-07 19:15:18,2017-12-09 02:37:24,2017-12-12 18:08:58,2017-12-20 22:11:40,2018-01-04 00:00:00
4fe2e8b329e56a00aba9b0136b46f00f,0c6e74d3848e590888f197074ee1f5ff,delivered,2017-01-13 11:06:56,2017-01-15 11:05:13,2017-01-18 04:58:17,2017-01-20 11:33:43,2017-02-24 00:00:00
fb0a15c6b3645581d8535f4f873c7110,cffb172123085bb4496595230e43b97d,delivered,2018-07-09 14:31:00,2018-07-10 04:30:20,2018-07-13 11:18:00,2018-07-16 11:02:00,2018-07-26 00:00:00
c5a6176838c42bcb0286f07cf06afe84,141a1a131f78b3329311abcc428991bf,delivered,2017-12-04 12:44:45,2017-12-04 16:33:35,2017-12-06 19:08:11,2017-12-28 23:03:53,2018-01-10 00:00:00
762fa054ae976d76eea5688eaa2a92e6,8205033143e83aeee71e4df23fedc372,delivered,2018-08-26 09:22:44,2018-08-26 09:35:15,2018-08-29 14:45:00,2018-08-30 20:50:41,2018-09-05 00:00:00
aa3babada56030c2ad79976c60d51e79,df4c766338ff657c085016f56ba362a5,delivered,2018-05-24 15:06:12,2018-05-26 02:31:49,2018-05-28 14:08:00,2018-06-07 19:27:28,2018-06-19 00:00:00
56fdda0cb0aee560cd00b1a571dcb10f,d558a46ba4dd583c224349c628c52c56,delivered,2018-07-13 18:07:37,2018-07-13 18:24:02,2018-07-18 16:25:00,2018-07-24 20:12:30,2018-08-09 00:00:00
f01a5a364ba478074322dbb1b084d647,4aaa498a3b2f602e7faa8c84a8465d29,delivered,2017-11-22 12:14:30,2017-11-22 12:26:22,2017-11-23 23:38:50,2017-12-06 20:38:50,2017-12-11 00:00:00
70af5c624ad6c3daf236b9acb1ada8d0,9ce954c266d631d96fca00f1eb740ef7,delivered,2017-08-11 11:59:04,2017-08-12 02:45:55,2017-08-15 17:13:00,2017-08-21 22:53:44,2017-09-06 00:00:00
846de1a3e7ca6bf29333e1db02040ab6,fed9258e995bc38766aea4fcdead8676,delivered,2018-01-30 11:51:07,2018-02-04 23:31:38,2018-01-31 19:48:36,2018-02-08 21:52:09,2018-03-02 00:00:00
5ca6beedce6f32eef65de17a1f81d50d,c06f5779dc9ad82cf60b76db2434366c,delivered,2018-08-17 12:26:02,2018-08-17 12:35:19,2018-08-20 12:02:00,2018-08-23 20:31:58,2018-08-29 00:00:00
758e852ab6d20c02ec1b0f75a024d83f,7c89a2053c38cf699f55fb5864282447,delivered,2017-05-17 22:16:39,2017-05-18 23:42:35,2017-05-19 16:01:37,2017-06-01 13:15:33,2017-06-19 00:00:00
369423839b4d9789d69665b7c2361443,fd09581178029df57e2c1f177fc8ef29,processing,2017-11-10 08:56:32,2017-11-11 03:10:33,,,2017-12-05 00:00:00
a5a6a37b03ab138756330778a96a5e3c,8b8805ad94732dbe96a3b7c98fb20b44,delivered,2018-06-21 09:22:11,2018-06-21 09:43:06,2018-06-22 13:47:00,2018-07-06 16:22:29,2018-08-13 00:00:00
ff22f062d286cb9f0ac08978e3088b82,5a99eaf5187e3741ee19a3b972befc14,delivered,2017-08-22 10:56:43,2017-08-22 11:10:16,2017-08-23 20:38:11,2017-08-31 18:40:05,2017-09-14 00:00:00
2ea399422b697257c14a7f63c224c9f2,15225afcf8a9e71763e021734ccf163c,delivered,2018-06-07 19:56:49,2018-06-09 02:57:20,2018-06-12 16:25:00,2018-06-22 19:06:34,2018-07-27 00:00:00
efcdad37e7529147a3c3ece422943baf,68ce6b05de7e3b0d5103fb9952c9c959,delivered,2017-11-06 12:09:21,2017-11-06 13:31:20,2017-11-09 20:24:05,2017-11-10 18:24:54,2017-11-17 00:00:00
2be34c2ba4b5bbab97cc1ab70c699168,7b07399a09c03f0e2f898eddc04cefb1,delivered,2018-08-20 16:43:55,2018-08-20 17:10:55,2018-08-22 13:35:00,2018-08-27 22:12:58,2018-09-03 00:00:00
5f71bc83356f39cf9e9b8004f39a989a,3f979bbdedf57087a39ae7fed98ec7de,delivered,2017-08-23 14:29:48,2017-08-25 10:44:56,2017-08-31 20:04:30,2017-09-11 19:47:32,2017-09-25 00:00:00
6014de3ed0a310e59ac664e276af54eb,71d824a92863847504035325c4865f7e,delivered,2017-03-05 16:46:02,2017-03-07 03:43:17,2017-03-07 10:50:08,2017-03-13 18:52:03,2017-03-27 00:00:00
1a17c1925a4d5a18c4880b06b51c2b0f,d35b5587adfbd22e54b0c7e32762359a,delivered,2017-06-29 16:38:51,2017-06-29 16:50:07,2017-06-30 17:37:35,2017-07-05 15:54:35,2017-07-21 00:00:00
689e8820798347950a2649f71c734bd0,1510278962879d204243606cbd1a9ede,delivered,2017-10-12 10:25:23,2017-10-13 21:07:15,2017-10-16 19:33:35,2017-10-31 16:37:34,2017-11-06 00:00:00
72eee104bc08e3498017c9c02b2ae1dc,ed4acf9c881936dc203b8d884228962f,delivered,2018-05-05 20:55:21,2018-05-07 08:51:56,2018-05-07 14:05:00,2018-05-14 18:15:00,2018-05-30 00:00:00
91ecb8522096ff10be2144645c994c6f,4617e05b28548d6730f1d06a9bd3699e,delivered,2018-02-24 16:42:01,2018-02-24 16:55:47,2018-02-28 13:19:44,2018-03-16 22:16:28,2018-03-23 00:00:00
2aab860630cc1798482e942ad176f05c,ddcce6518b9590ef2f19603869eadcaf,delivered,2018-01-26 21:56:44,2018-01-26 22:11:49,2018-01-31 14:28:51,2018-02-08 23:22:02,2018-02-20 00:00:00
928cc774345b405181cc07ab2497e930,8fe6bbc3193663dc50317d188ab5e9ae,delivered,2017-10-28 10:26:14,2017-10-28 10:45:43,2017-10-31 17:49:41,2017-11-07 18:51:26,2017-11-30 00:00:00
d8f4ac2b5cf577657a2165a7c75857ff,6aedd904a13070b8a5c21abd8de0c090,delivered,2017-11-27 11:05:38,2017-11-27 11:15:03,2018-01-04 21:33:21,2018-01-22 13:56:53,2017-12-19 00:00:00
35a43762d907c68ab2a6a697fe52a336,094560467d8afd775d9f89d00cf1e682,delivered,2018-03-29 00:31:03,2018-03-29 09:47:55,2018-03-30 00:38:48,2018-04-17 18:54:51,2018-04-24 00:00:00
823e8a998c065938c05f4302610c3a5d,fd1dd010106ac6f84273fe976a08e6bf,delivered,2018-04-01 20:18:06,2018-04-01 20:27:42,2018-04-06 19:42:02,2018-04-10 10:28:59,2018-04-19 00:00:00
c5de0e05fad9231797b6cf731d56f2bc,82645746abdce9793cd3dda43294b2ce,delivered,2018-07-18 19:20:21,2018-07-19 12:55:21,2018-07-20 13:42:00,2018-07-24 20:09:49,2018-08-07 00:00:00
20e223f06b4ead7a6d8ed147dae59b12,af26b439d05ed8d48bd0908f15feecdf,delivered,2017-07-08 12:23:36,2017-07-11 03:55:37,2017-07-13 12:03:11,2017-07-24 22:32:47,2017-08-01 00:00:00
ac809d1a80a159ae8a440c726f579700,ad5e33166ef8e090f857ea53dc70bb18,delivered,2017-05-25 10:27:40,2017-05-25 10:35:22,2017-05-26 09:47:01,2017-06-02 15:18:14,2017-06-21 00:00:00
c56063fb44250985a4649811b257edc7,ffaa3252833866f2cd17833586a30422,delivered,2018-03-31 01:11:46,2018-03-31 01:28:25,2018-04-02 18:36:27,2018-04-03 20:51:36,2018-04-12 00:00:00
c5a1e865d2341b9c0330f478a3e8751f,252dfd638053d916c4b380dbbd08fb01,delivered,2017-12-17 14:44:48,2017-12-17 14:55:25,2017-12-18 13:09:32,2017-12-29 20:13:15,2018-01-18 00:00:00
a313d68655c65a778d04823ab8e2e5a2,197681a5dfd0b55a552f223225f5dd86,delivered,2017-11-19 21:25:48,2017-11-19 21:46:31,2017-11-21 18:46:51,2017-11-27 16:17:08,2017-12-08 00:00:00
0130f0f71fb0e831d18e6a3b33a3a50c,e56f6dff7b8ac9813ddeb2312f0d834f,unavailable,2017-05-12 10:17:23,2017-05-13 03:10:13,,,2017-05-22 00:00:00
2a6fcdee30bb4fda09190b53b4e9ffee,a28f1808c668259eb67c88f0b7afe15f,delivered,2017-11-12 15:20:27,2017-11-12 15:30:41,2017-11-14 14:14:56,2017-11-25 16:09:57,2017-12-11 00:00:00
25bd2ad9d282f59e4e6a048ef9bf214f,be34bf56044c5614fc66d97251c0adc6,delivered,2018-03-12 16:20:32,2018-03-12 17:09:53,2018-03-15 23:38:40,2018-05-02 19:36:36,2018-04-11 00:00:00
14001e8cd1c29d0bce5b5bfca73338af,620c2e659b5d119813362bfe4bbe8634,delivered,2018-01-31 00:04:39,2018-01-31 01:04:38,2018-01-31 19:48:59,2018-02-05 21:21:21,2018-02-23 00:00:00
5413211efa4372ef637627d1e59d2f82,e0c16bf3f9dcc2303aac70772701268e,delivered,2018-07-23 16:57:30,2018-07-24 08:31:50,2018-07-25 19:07:00,2018-07-26 22:06:35,2018-08-01 00:00:00
25e2eb92a4861f100d82edfb2cbbb47f,55564b631a23d681ef873e8354142da1,delivered,2018-03-19 10:02:36,2018-03-21 02:48:30,2018-03-23 23:51:45,2018-04-24 23:33:03,2018-04-06 00:00:00
bbab0f55c714a04cc7a5c065c65f1089,df68b16176a400cda1dda3bfa1022760,delivered,2018-08-12 20:27:59,2018-08-12 20:35:19,2018-08-14 16:02:00,2018-08-15 20:46:28,2018-08-17 00:00:00
c2b069d5ec39e0542002c35099d4ed4e,b2284c8ca3597551ab478ae9e1558aaa,delivered,2017-12-04 19:43:16,2017-12-04 19:55:38,2017-12-06 16:24:41,2017-12-13 16:48:55,2018-01-05 00:00:00
0ba1dfa80ede726f98e36af9a418e437,cdc2e8e8d2dd01cc8e5556ab440ccb92,delivered,2018-04-20 14:47:55,2018-04-24 18:19:08,2018-04-24 21:25:47,2018-05-01 01:38:34,2018-05-14 00:00:00
5c4e9b69cfdcd45f69531467695237e4,c5da1fb3c49637fc168e5a95a67b73d7,delivered,2018-07-23 20:09:23,2018-07-24 10:31:01,2018-07-24 15:03:00,2018-08-01 20:12:56,2018-08-13 00:00:00
ead893b6feb078f2a8f88787db56dcc7,07176b181cc48bdaa6807f4a88e17d4a,delivered,2018-06-19 09:28:14,2018-06-19 09:58:12,2018-06-19 15:36:00,2018-06-20 18:41:10,2018-07-04 00:00:00
2b59656fdff6d982bd2a0a2b257a4562,15c959112cff28d4f5f7c0eb3ce665fe,delivered,2017-05-13 11:51:34,2017-05-13 12:14:53,2017-05-16 10:41:20,2017-05-22 23:22:16,2017-05-24 00:00:00
d781433971d92b00f67ae15b2265fabe,da4d1ca7f0150ef5f5ff3b86c2b67af4,delivered,2017-10-31 14:30:54,2017-10-31 15:31:21,2017-11-07 20:03:58,2017-11-16 22:36:54,2017-11-24 00:00:00
553d47dc490558ea119058262b5f472a,655f1ed27d68add99540cd88ea16ec88,delivered,2018-03-08 15:59:32,2018-03-08 16:30:20,2018-03-09 20:13:28,2018-03-23 17:53:30,2018-04-13 00:00:00
dd6a1b472e35baa63f56890e96f5ae0a,e223fcf0283b5860d6ddb1d6a6a58d80,delivered,2017-08-05 19:55:05,2017-08-05 20:05:59,2017-08-09 15:11:29,2017-08-21 19:45:57,2017-08-31 00:00:00
f315f8fbe6489c99c9e99dcbe52dace4,e8b6e39a1a0c60cf6661a8eaecef524e,delivered,2018-04-01 19:06:02,2018-04-01 19:15:19,2018-04-02 13:18:38,2018-04-07 00:58:39,2018-04-19 00:00:00
2a61a7cf365db56cbf9fb72e2a422653,b1b136ceac7fc54316f2280cd040ed6b,delivered,2017-03-20 00:36:36,2017-03-20 00:36:36,2017-03-23 15:37:43,2017-03-31 18:15:51,2017-04-10 00:00:00
b835a702f116e758be4f80ae292bca2e,dc27f0ba438996b55e0c008515a38147,delivered,2017-03-10 17:33:50,2017-03-10 17:33:50,2017-03-14 15:27:16,2017-03-24 11:12:26,2017-04-05 00:00:00
a1fa82769a203e30b8faf81cd32e5193,0e240f6e253b7d7646700ce3b28fe413,delivered,2017-09-05 09:29:17,2017-09-06 19:43:28,2017-09-08 21:57:42,2017-09-13 19:53:31,2017-10-03 00:00:00
313ecdf6cb87d671335ffbd49eeb13c9,7068851c14a0be8052b9a4bc4586b684,delivered,2017-06-10 13:07:03,2017-06-13 04:10:26,2017-06-14 17:48:14,2017-06-29 15:15:55,2017-07-07 00:00:00
4e7ca1c32e075c6efd8bdffeac2be58a,396155add48b67c364d17f5c16625e13,delivered,2018-06-11 08:14:20,2018-06-11 11:57:32,2018-06-11 18:55:00,2018-06-12 22:54:40,2018-06-20 00:00:00
e8bcc9b5ec88c2aec681b7d52e5abccd,97f8823fa26f551689520aaa18f7391a,delivered,2017-04-13 21:06:23,2017-04-13 21:15:12,2017-04-17 10:07:43,2017-05-03 11:04:42,2017-05-16 00:00:00
12d5570966b69e36f603e3ff8aac9d4f,66ec5ecfd2fa4c5ff6676a3defe3c292,delivered,2017-10-06 08:52:38,2017-10-06 09:04:13,2017-10-11 21:02:51,2017-10-13 16:08:04,2017-10-24 00:00:00
58a2de891c9d6c4e5b5a36320350bfd2,6e11936eae9d2dea7265d58ca0b4fd96,delivered,2018-03-06 15:28:33,2018-03-07 15:30:55,2018-03-08 17:27:22,2018-04-03 00:04:36,2018-03-28 00:00:00
55ab3650a53071b34253bdcada9e584b,deb534c4ce5c2d8ef23f386321389079,delivered,2018-08-03 01:10:33,2018-08-03 01:25:06,2018-08-03 08:00:00,2018-08-08 20:51:54,2018-08-14 00:00:00
74748a8ba7d523ab46fe3354996609f6,a3cce16d1def5991f7314b717b373ab4,delivered,2017-02-08 12:55:23,2017-02-10 02:45:27,2017-02-10 07:27:59,2017-02-14 16:08:45,2017-03-17 00:00:00
7d000dae81f29889a65eb97b1a620949,350c4383f9145535bb335cfc8f880dae,delivered,2017-12-29 10:36:33,2017-12-29 10:49:27,2018-01-02 20:03:31,2018-01-08 21:37:22,2018-01-24 00:00:00
4d44526e9f5875e440f58363f5a621de,803996d0e510a99f243e939b6c6f705f,delivered,2018-04-25 09:18:10,2018-04-25 09:33:24,2018-04-25 14:43:00,2018-04-26 13:43:41,2018-05-14 00:00:00
3db52c1df4d52ab19d7e7365d647f6fc,94df3c23c37dc051dbb2f1d03a3693de,delivered,2018-05-25 09:54:34,2018-05-25 10:16:36,2018-05-25 13:20:00,2018-06-04 20:28:32,2018-06-19 00:00:00
ac28887de5f5bbd520cb77370e8b219d,60c1f4151b92f9bbf80813a1f6b4f3db,delivered,2017-09-29 14:44:31,2017-09-29 15:04:29,2017-09-29 20:48:47,2017-09-30 15:13:14,2017-10-17 00:00:00
9bbd037f106d5d924f8fa73e2223a8e8,73fe5c78e86e6a518f4c9a834b96ba1b,delivered,2017-04-18 08:01:02,2017-04-19 02:45:22,2017-04-20 14:04:12,2017-05-02 15:14:53,2017-05-11 00:00:00
2d1e2d5bf4dc7227b3bfebb81328c15f,ec05a6d8558c6455f0cbbd8a420ad34f,delivered,2017-11-28 17:44:07,2017-11-28 17:56:40,2017-11-30 18:12:23,,2017-12-18 00:00:00
59988c783a4c292d49704af7f41fc85f,7195469ee40337cc9e3c666b6e79e165,delivered,2018-05-09 13:06:51,2018-05-10 13:11:49,2018-05-11 14:01:00,2018-05-18 22:39:43,2018-06-20 00:00:00
962168b15dbecc9e3b3bc31b1fb9df93,cbab1990320bef24c4307923c7b0dc13,delivered,2017-10-13 13:34:10,2017-10-18 03:07:55,2017-10-18 19:43:01,2017-10-31 20:28:52,2017-11-06 00:00:00
826b47e4cd7bba4e4c6fa5485f898b74,e68e6423401e85c138229b23d4bf4761,delivered,2017-12-01 22:37:42,2017-12-01 22:52:53,2017-12-05 20:59:00,2017-12-06 19:09:43,2017-12-27 00:00:00
773995e26bad51964885520767aede42,37a9de7fb734ab0d41eb3b796fca1854,delivered,2018-06-15 19:51:01,2018-06-18 11:15:50,2018-06-19 19:14:00,2018-06-20 21:26:53,2018-06-28 00:00:00
5f649cfbd3c5dabddf7f9ada09b90edd,ef3fe54b959da86961c5301a33cee529,delivered,2018-08-16 16:19:13,2018-08-16 17:49:10,2018-08-21 15:30:00,2018-08-28 18:48:59,2018-08-31 00:00:00
2188019060b6276ae9fc889917f6d5cb,435799869fa235e84f46308cb8c4937d,delivered,2017-08-16 22:34:10,2017-08-17 00:30:12,2017-08-17 18:44:59,2017-08-25 17:06:15,2017-09-20 00:00:00
25dbad31db4b9059dd02d72929578d1c,5512f32e517ea091e4410f66504dad30,delivered,2018-01-23 11:15:44,2018-01-23 11:38:03,2018-01-23 22:14:01,2018-01-26 21:12:49,2018-02-07 00:00:00
642d9648ee8c3cd7d0a2be2b8816cc91,67b73da9983e08fd2e278531a7062d89,delivered,2017-07-19 18:44:40,2017-07-20 18:50:21,2017-07-21 18:44:51,2017-08-03 19:43:07,2017-08-22 00:00:00
b777b7d618ee48ec7cf64aeb188e9da5,2b83d4c1da04d92aceb19710d0a59ef9,delivered,2018-08-09 11:47:22,2018-08-09 14:26:08,2018-08-09 14:24:00,2018-08-10 15:41:50,2018-08-15 00:00:00
36a6432a0a4312955a3e57af99e83b80,03a5dc88300acdc63c40c0fcb54799ec,delivered,2018-08-22 00:07:15,2018-08-22 00:24:20,2018-08-22 10:32:00,2018-08-28 15:03:35,2018-09-03 00:00:00
d92ec01edb4390e4a8e311202039e06a,1222ae0f15dc56dc392fa0bb0f033f6b,delivered,2017-12-01 13:01:47,2017-12-03 12:58:22,2017-12-05 23:29:54,2017-12-21 03:34:17,2017-12-28 00:00:00
0899b756a6357ed330e0620ad548d70d,2d90e2af0254c36c6a60ca45c25ecbc3,delivered,2017-08-30 01:51:30,2017-08-30 02:05:08,2017-08-30 17:42:33,2017-09-04 14:32:29,2017-09-12 00:00:00
83a9c18344682fcbc57696019ff1ff2a,96ca69bfa1a8b97847ced6f03bed4e79,shipped,2017-08-11 17:40:19,2017-08-11 17:55:23,2017-08-14 18:22:53,,2017-09-13 00:00:00
8153b217909426be6b194646850bde63,2736f4f125ad035971cbe2c7d40fdd12,delivered,2018-07-19 20:19:17,2018-07-21 03:15:31,2018-07-23 15:31:00,2018-07-26 01:42:43,2018-07-27 00:00:00
fc85b94eb688b0abb29954cf6354c1bc,30618802562d31117ba648da7cf54645,delivered,2018-01-09 19:19:32,2018-01-12 09:31:21,2018-01-12 22:32:57,2018-01-23 22:09:55,2018-02-05 00:00:00
97784ba0e32f20b4da48e8e20456543b,8c79e197cb74694ef8449bc0c0385662,delivered,2018-04-18 20:58:40,2018-04-18 21:11:25,2018-04-19 18:36:23,2018-04-20 19:08:44,2018-05-09 00:00:00
08a14ebab7440e5f7bfd8ca0b37fc613,d115a25e0eea3efaa6033849f369ee16,delivered,2018-03-19 21:26:45,2018-03-19 21:35:31,2018-03-20 20:27:41,2018-04-03 16:54:58,2018-04-05 00:00:00
9c5f3018cce3b5a74df31586dae02c4a,331252685d466953567f1972562ec167,delivered,2018-06-19 17:33:51,2018-06-19 18:03:56,2018-06-20 10:46:00,2018-06-27 19:58:36,2018-07-25 00:00:00
3a31fc2eeec3c45ebdb6a390a5b1d3e2,3b9b9424937310a2af0929576c3219d6,delivered,2018-02-06 17:11:21,2018-02-06 17:32:30,2018-02-07 21:52:30,2018-02-16 00:16:57,2018-03-02 00:00:00
2fbdb50797dfdc8089e52ac8cf70152e,3812b56733f6771e29363fede485cd6a,delivered,2018-02-15 11:59:37,2018-02-15 12:47:51,2018-02-16 14:16:49,2018-03-08 17:53:27,2018-03-15 00:00:00
df972aca1fba0a417674857678e2c4bb,322eae54daccdcbee96799ebd3a67830,delivered,2018-05-21 11:39:30,2018-05-21 15:32:00,2018-05-24 10:48:00,2018-06-02 15:28:45,2018-06-07 00:00:00
33cf8e9da9865079f64965b83061baae,1004c05877ddf8196ad1341ca602e628,delivered,2018-03-20 09:25:27,2018-03-20 09:48:20,2018-03-21 18:48:35,2018-03-24 15:41:04,2018-04-16 00:00:00
5a65b91aff9c0fb03e7971823e104163,8ae0c3603d6625e690bbc25bd6a29b70,delivered,2017-09-16 12:40:49,2017-09-19 03:55:37,2017-09-19 18:42:21,2017-09-20 19:13:23,2017-09-28 00:00:00
2cb80b6bb30641c14665e1bb8a910872,69dfabaf85cc92de6ad47cc49070642c,delivered,2018-08-13 09:39:23,2018-08-13 19:04:07,2018-08-14 15:27:00,2018-08-22 17:36:52,2018-09-05 00:00:00
9edcd3a848a4995853a247201493b4d7,ee6100728d86a653a0b865b4109b86dc,delivered,2017-11-09 13:00:58,2017-11-09 13:10:29,2017-11-14 16:23:06,2017-11-21 18:42:11,2017-11-29 00:00:00
1bed42b5193345848c17de4d32e42a5d,9eb793d1939a97ed213e8e7415947d8e,delivered,2017-10-04 15:47:48,2017-10-04 16:04:37,2017-10-05 15:22:06,2017-10-10 09:44:17,2017-10-30 00:00:00
336e923c0b5e6d95d3d0644bf4c516c4,0147fbc5c91112d914a4f4a480a0f09e,delivered,2017-03-19 17:06:25,2017-03-19 17:06:25,2017-03-27 11:42:28,2017-03-31 10:45:51,2017-04-25 00:00:00
b9e3810153620449fc947aeb350f4d53,da8a74c5ac056c3961c84a67b7939aa2,delivered,2018-06-04 12:43:30,2018-06-05 14:31:56,2018-06-14 12:46:00,2018-06-19 00:51:05,2018-07-20 00:00:00
807a4c5f5dab3090fbad1dd16140f706,66741453d979b61f9cdf5a20f382e6b6,delivered,2018-03-14 20:31:40,2018-03-14 20:48:19,2018-03-19 18:05:13,2018-04-09 17:28:40,2018-04-05 00:00:00
d12938a56eae845fa37620309ec0eea6,b7c8b0dc77f216cc38f1c2f722bde338,delivered,2017-11-10 12:30:18,2017-11-13 07:10:29,2017-11-22 14:13:01,2017-11-25 13:41:48,2017-11-24 00:00:00
a4d782cea9ad01e830a3603bc4e7a716,4f0fa92e598fc48c2f7771e220791a55,delivered,2018-03-16 21:34:22,2018-03-16 21:50:22,2018-03-21 19:22:09,2018-04-02 22:38:34,2018-04-23 00:00:00
5f82d80fc04ae3521ac4cdad135aa9b1,bb1e941d0e011c8a1a72bb2bfceb6c61,delivered,2017-11-02 18:46:17,2017-11-02 18:55:26,2017-11-07 20:21:17,2017-11-24 17:09:09,2017-12-05 00:00:00
3f0c7e7bedf15ae58cd1c2148d5786e3,705f15a6697fdd1669e161b7a5295dca,delivered,2017-11-20 13:05:07,2017-11-20 13:19:32,2017-11-22 16:52:00,2017-12-06 18:17:07,2017-12-18 00:00:00
2a520d819adb06eabf4557143110ade4,14eb49caaf14d8168944777b97b48499,delivered,2017-12-13 11:49:03,2017-12-13 11:56:19,2017-12-13 23:28:08,2017-12-20 20:59:08,2018-01-31 00:00:00
c9fddd8d2730610e00bbcda3e79fdcca,e3a89345d860faa5a9431ec4fb1e307c,delivered,2017-11-27 00:58:20,2017-11-27 01:12:24,2017-11-28 16:43:03,2017-12-11 17:33:10,2017-12-21 00:00:00
6d646ecd1e4497544257783077e9ce14,d4d76ccbcef33b38af7ec758e1d73bb8,delivered,2017-02-05 11:58:04,2017-02-05 12:15:23,2017-02-07 15:21:26,2017-02-15 18:12:27,2017-03-03 00:00:00
cd297c74672655559f2c22ea2a1550eb,259a82ce1a494066420e300430fb3e57,delivered,2018-04-23 10:56:50,2018-04-24 18:42:09,2018-04-27 18:54:00,2018-04-30 19:46:37,2018-05-10 00:00:00
e0a98f9b707c33a4c46e02a530c3419b,2d31d011eab667bca8c55f57ab884530,delivered,2018-03-17 13:39:39,2018-03-17 13:50:34,2018-03-19 18:33:42,2018-03-28 23:03:44,2018-04-13 00:00:00
b405945d4c5330b5ba8f892602e7d9e8,ca779f9ca67a4d4240dea192d6cdd454,delivered,2018-01-31 10:09:09,2018-02-01 03:13:21,2018-02-07 21:07:13,2018-02-23 21:17:41,2018-03-06 00:00:00
00f57f2ccce2a2e3f393fe8f5e616e0d,c5e16ca2f4093350809b5f66c5cdfd32,delivered,2018-07-08 22:01:30,2018-07-08 22:15:10,2018-07-11 14:28:00,2018-07-16 15:38:32,2018-07-30 00:00:00
5c83723b6467f6729e47c640005cd148,31ff9fdb19198508ad8743ce26adeb43,delivered,2018-06-16 18:30:30,2018-06-16 18:57:28,2018-06-19 13:25:00,2018-06-22 19:48:36,2018-07-12 00:00:00
360d163a85ba5960c9c1f0880fcac099,4e5d57852c4fa022427541ab6f3f861c,delivered,2017-05-08 12:20:41,2017-05-08 13:05:12,2017-05-12 15:27:40,2017-05-17 09:47:53,2017-05-26 00:00:00
57cbc8e34a5ceffb92f8b3193e4ffdb8,186ec83c7ec57c2073127c57d48d6549,delivered,2018-08-02 16:24:47,2018-08-03 02:50:33,2018-08-03 16:39:00,2018-08-08 19:26:39,2018-08-16 00:00:00
2733b7a9eda2b9f2ffa314fd4b45b330,277c6406dfd76e437ad282e61cfea438,delivered,2018-01-22 11:39:08,2018-01-22 14:25:59,2018-01-23 23:37:38,2018-01-29 18:41:44,2018-02-15 00:00:00
862cca64868df4c3a3f0058a93aef465,58f2a48696b2cf8da50fcb21f8512c14,delivered,2018-04-19 09:43:15,2018-04-24 18:14:28,2018-04-23 19:32:56,2018-04-26 16:46:37,2018-05-18 00:00:00
6ef5dc1efc95e43b6418e91ebc700210,fa326e9c35ae7f61dd83e1e13a6b8353,delivered,2017-11-09 17:37:49,2017-11-09 17:48:17,2017-11-10 21:12:10,2017-11-16 22:19:07,2017-11-30 00:00:00
fb7a31602527aff8e971f4cf8e5ba0b2,932632fb555d55c80b3f88e830abf866,delivered,2017-06-09 10:05:46,2017-06-09 13:35:12,2017-06-12 13:05:12,2017-06-19 19:27:43,2017-07-12 00:00:00
9560aa739add27151f49eb54dc654667,8bbb438d93d80fe92752705099cf5716,delivered,2018-05-07 09:31:22,2018-05-08 06:55:22,2018-05-10 12:27:00,2018-05-16 21:55:44,2018-05-28 00:00:00
34b796020f4e844c32a2be513b713f4e,648b76d368b7925ea72042de4f00a9a8,delivered,2018-06-24 12:56:24,2018-06-24 13:18:45,2018-06-26 06:54:00,2018-07-04 19:21:38,2018-07-24 00:00:00
921966cdddb4dbedc7f52b64ba46ec2e,0a2e992fbd2ac576c71a9650d421a2fd,delivered,2017-12-27 09:08:17,2017-12-28 02:33:37,2017-12-28 20:27:03,2018-01-10 17:19:23,2018-01-26 00:00:00
16ec5f5b0b5245798a6334e4c239d13a,78463bfeb649747e91ee9a424d0edc3c,delivered,2018-01-22 10:46:14,2018-01-22 14:16:44,2018-01-24 22:38:45,2018-02-05 11:43:00,2018-02-15 00:00:00
5b19cc30f1a0a44439a744db5c2cc979,1204a88c6f98fdc14edcbc6dc6df434c,delivered,2018-05-12 20:22:29,2018-05-12 20:36:02,2018-05-14 14:58:00,2018-05-30 22:51:10,2018-06-01 00:00:00
d75e6a846d4aa0cfed378238a9147689,4db36b898bb3a416e703634b1a2ecf18,delivered,2018-08-18 18:56:33,2018-08-21 04:50:15,2018-08-23 09:38:00,2018-08-28 14:58:51,2018-09-10 00:00:00
ddaec6fff982b13e7e048b627a11d6da,68f4ad79cc0c2ad06e19088f5c00e9fa,canceled,2016-10-04 19:41:32,,,,2016-11-16 00:00:00
7d5f037cd90e278069b2d0fd0d060543,c3765d3e438378787581dea1c3dc3d8a,delivered,2018-04-10 10:53:00,2018-04-11 05:50:42,2018-04-11 19:22:28,2018-04-24 15:37:12,2018-05-17 00:00:00
0870ee292ce510fc7bf1ccd86a6d28c7,e2213ef52c2e5b77e384da020482acbc,delivered,2017-06-28 08:32:54,2017-06-28 21:45:13,2017-06-29 09:51:37,2017-07-18 15:59:48,2017-07-28 00:00:00
8cae6053f4694ebc081e862e0d013a89,bcb7503aef00e5b3443bc1cd5397276d,delivered,2018-05-15 17:08:37,2018-05-15 17:37:35,2018-05-17 15:46:00,2018-05-22 17:42:32,2018-06-25 00:00:00
db103a5891ce37dbf3a84d9273f55dbe,89c1a5468ace3f798921747d80c7a7bd,delivered,2018-07-18 12:50:40,2018-07-18 13:02:08,2018-07-19 11:50:00,2018-07-25 21:04:48,2018-08-02 00:00:00
ea110ced6459b4dc6c73e0b2367077e9,c0101b91cb49da980a14e5eb006ab394,delivered,2018-06-17 20:32:45,2018-06-17 20:58:36,2018-06-18 14:19:00,2018-06-19 21:33:32,2018-06-28 00:00:00
fdaccd7db2bdc0c0f6632319b9020d26,edfab77f860875d798260a793b997664,delivered,2018-01-20 19:46:23,2018-01-20 20:00:10,2018-01-26 17:35:18,2018-01-31 16:41:24,2018-02-15 00:00:00
217fa08ee792f84b2a3b3a84ee263b0e,804751ae168c4c4d6d5178553e544300,delivered,2017-09-26 00:51:00,2017-09-26 01:07:08,2017-09-29 15:19:10,2017-10-28 15:35:59,2017-10-25 00:00:00
2e931584519b7ebc7b1a445a4f7cd8f1,f33c9d0eaa22a1be86ff276c1516e17f,delivered,2017-12-05 14:32:44,2017-12-05 15:21:26,2017-12-06 18:17:06,2017-12-19 19:18:36,2018-01-04 00:00:00
0e748699edd544eb244d173a5658b7a8,a17033054d84cb831e8b33dc63682ba1,delivered,2017-11-15 11:41:07,2017-11-17 03:46:26,2017-11-21 10:19:56,2017-11-27 18:42:48,2017-12-05 00:00:00
62fffe3cf205e0deb385d92481d3cb40,502f84b96849b881c0bb14a9650d0a13,delivered,2018-02-02 15:40:59,2018-02-02 16:00:40,2018-02-05 16:12:07,2018-02-21 10:53:13,2018-03-05 00:00:00
8757dc05fefc469b988804e017319c10,7896cf5e5a3973bdbc7811c3727dd6e8,delivered,2018-05-06 23:03:13,2018-05-07 16:53:16,2018-05-16 13:44:00,2018-06-04 14:25:36,2018-05-30 00:00:00
be28b0f75cc73c684cc905abc8cc60c5,8b60b8dec005d399721df6402e8e726b,delivered,2018-02-22 13:38:10,2018-02-22 13:55:28,2018-02-22 23:58:49,2018-03-08 23:06:32,2018-03-19 00:00:00
296c7c7658a3d5919cd1a5382e141c26,560f0ff0305e7fcf6410eab8d8767337,delivered,2018-01-30 21:10:13,2018-01-30 21:31:47,2018-02-05 15:51:58,2018-02-22 19:52:40,2018-03-02 00:00:00
79bdeae310789e415e342ede8f9ad5f5,f536a2636bfc8640ca368d2887eab64b,delivered,2017-11-22 09:18:48,2017-11-22 09:30:31,2017-11-24 16:53:20,2017-12-01 21:36:36,2017-12-08 00:00:00
9db4c3ce35bd9bdf6b8eb62c68eb4415,498c737759c2eddf05f25604e2f9c696,delivered,2018-06-20 09:45:24,2018-06-20 10:21:29,2018-06-21 13:07:00,2018-06-26 16:53:41,2018-07-20 00:00:00
b958654614e94b4600cb336391326045,18cdebd5cfe07beb5258254ff1f8fe85,delivered,2018-02-16 17:54:24,2018-02-17 17:46:47,2018-02-20 23:06:22,2018-03-01 19:38:36,2018-03-13 00:00:00
92ce98dde4657a2abb32411bacc29e60,fe83404b9bad08962daf680561f42aa9,delivered,2018-05-08 19:42:13,2018-05-08 20:31:59,2018-05-09 12:39:00,2018-05-16 23:38:52,2018-05-22 00:00:00
1683815c34e20076a6b3a8b1fd3d8809,2d9a7f6bfb053e602cc26e9c77c5f2ee,delivered,2018-05-29 18:09:04,2018-05-29 18:36:45,2018-06-01 10:15:00,2018-06-11 18:13:32,2018-07-05 00:00:00
84135f650b81a3dad8babdef22952b7f,cb3caf08929ebfa13fdcffec28f3cd6f,delivered,2018-06-25 14:34:45,2018-06-25 14:54:03,2018-06-26 13:05:00,2018-07-05 23:18:44,2018-07-27 00:00:00
649af2abdcd7f8f609dc36ee5d249a2f,0a0f638f52bade74d67c0239da49e2d6,delivered,2017-06-02 09:35:21,2017-06-02 09:50:10,2017-06-05 09:47:49,2017-06-10 23:19:43,2017-06-27 00:00:00
8b7fd198ad184563c231653673e75a7f,3eddc75fe2314996f68ddcd89ddb5caf,delivered,2017-11-14 10:04:27,2017-11-17 08:47:00,2018-02-26 17:27:15,2018-02-27 18:05:08,2017-11-28 00:00:00
102dc75f04e28c228169dedb666dcd3e,2ecfe1283802b15ec960b6d0c903de2c,delivered,2017-12-11 11:27:52,2017-12-11 11:37:23,2017-12-15 21:54:39,2018-01-05 00:43:00,2018-01-09 00:00:00
6fcd1385684eaf7076ac0d72b1fab2db,5dc9d4245de8364e6dd879734ea905e7,delivered,2017-11-29 09:12:25,2017-11-29 09:38:59,2017-11-30 01:47:36,2017-12-20 16:18:37,2017-12-22 00:00:00
26262a08c620d910b93d309db0e16725,2aa3c45e42925370972f456902aa66bd,delivered,2017-12-13 14:40:11,2017-12-13 14:56:59,2017-12-14 20:17:16,2017-12-15 19:17:07,2018-01-05 00:00:00
94f5c07efddbe8e3f3880195377736ee,bc6003b439787a2de9ae42da13cd4e00,delivered,2018-04-24 10:44:01,2018-04-24 18:34:25,2018-04-24 22:07:46,2018-05-02 15:03:24,2018-05-21 00:00:00
a0ce637ae9c3e3dedcf9dea3715b7331,a18e4956844fab232555e2bfd53eca5e,delivered,2018-06-27 14:04:06,2018-06-28 07:10:20,2018-06-28 11:57:00,2018-07-11 16:03:40,2018-08-13 00:00:00
e29d6e9ee9068425cc712d11435411b5,0ef335857487dc9dfc2df391ab328b5c,delivered,2017-05-15 11:20:05,2017-05-15 11:30:10,2017-05-19 12:37:53,2017-05-29 11:47:37,2017-06-02 00:00:00
84b8ba39037606b7b30a39d02e9e4154,7c2bf05f6902368e5d21040b68c2bbdb,unavailable,2018-06-27 19:51:02,2018-06-27 20:11:41,,,2018-07-12 00:00:00
c9e55382f594e06306eb0f4c3b3d0418,988980a4b52e5e81702adb584933912c,delivered,2018-08-13 12:36:19,2018-08-13 12:50:22,2018-08-15 14:46:00,2018-08-20 20:21:45,2018-08-29 00:00:00
0e9615b2e47df6cf349b4e458b056289,0421ca2c62e1e13536c13c8dea602d2f,delivered,2017-08-26 19:56:13,2017-08-29 04:30:22,2017-09-01 19:11:57,2017-09-08 18:47:42,2017-09-27 00:00:00
18c2175899ae0ea38308dec32efffc22,11d81028de401df36d24cd769fa0aef3,delivered,2018-04-03 18:21:15,2018-04-03 18:35:11,2018-04-05 18:50:59,2018-04-14 10:06:44,2018-05-02 00:00:00
e639eb028398f98b7958207b2a45684c,4cbe7cdb500ac94cf673f67c9f28d8c3,delivered,2018-03-03 09:57:04,2018-03-05 14:20:25,2018-03-09 22:24:48,2018-03-21 23:26:46,2018-04-06 00:00:00
834e9097bcd25d276e01695c82562ea7,e89fa350fe8cbcf495cfee2aef3d44e1,delivered,2017-12-10 11:29:28,2017-12-10 11:38:23,2017-12-11 19:59:13,2018-01-03 20:58:49,2018-01-15 00:00:00
b1235029ff825a6ee63ea5c87797cd82,b11ef54879526dd5426f747d2ed677c1,delivered,2017-03-18 15:22:19,2017-03-18 15:22:19,2017-03-22 16:58:42,2017-03-29 16:45:13,2017-04-10 00:00:00
ddbe4f58b06d8793a3c77c114b180574,a0aed67ecbb943f0137ece72e30ad913,delivered,2018-04-16 21:10:02,2018-04-16 22:10:20,2018-04-20 18:23:26,2018-05-17 20:28:53,2018-05-21 00:00:00
93ab2d00c107c41d04f35ff29553b866,1d352b619e69552d34827f112485468f,delivered,2018-01-04 09:29:24,2018-01-04 09:36:28,2018-01-05 21:16:21,2018-01-24 15:44:39,2018-02-01 00:00:00
24843df655e56c3713485a7880677287,6f8f6a52f408ae47a83c5e2b7d1d395f,delivered,2017-10-30 10:44:32,2017-10-31 12:31:49,2017-11-06 21:32:21,2017-12-01 21:21:12,2017-11-30 00:00:00
5290c34bd38a8a095b885f13958db1e1,92af427e290117f39d9ff908566072e0,canceled,2018-08-21 10:25:18,,,,2018-09-06 00:00:00
2e8265affe5bc22876b8e69548e074fb,9c4f2d8c14b700df0e7625d3ffa35174,delivered,2017-12-28 00:26:37,2017-12-28 01:00:33,2018-01-03 21:19:15,2018-01-10 21:10:38,2018-01-29 00:00:00
612200d1732f963c7706d8da2517c04d,bd00d85fe38ab7724a32f2608f8e39eb,delivered,2018-07-28 19:40:29,2018-07-28 19:50:14,2018-08-09 14:44:00,2018-08-15 14:44:50,2018-08-31 00:00:00
28ccc6df03d720b1c01c91ce78025016,da47b8739cc4221880eda77a98215f84,delivered,2018-08-17 12:41:18,2018-08-17 12:50:14,2018-08-17 13:31:00,2018-08-28 16:24:58,2018-09-03 00:00:00
7d29c8dc7f0169a08554b4309f115a2d,6775ba6a3e92020abc8e6cd6e19e867e,delivered,2017-05-27 00:55:16,2017-05-27 01:22:24,2017-05-30 07:12:21,2017-06-05 15:55:58,2017-06-19 00:00:00
9009f8c050bec7b31063988e925b6da9,9337ec2e1ef3abd571d0b65cd6054c65,delivered,2018-01-13 12:41:19,2018-01-13 13:30:45,2018-01-16 18:52:53,2018-01-25 19:44:03,2018-02-08 00:00:00
88c236f7e3dd040afb885a0a214f9b0a,8b8bad2ad2a7e102081360cd2a107edd,delivered,2017-11-06 17:21:59,2017-11-07 07:30:38,2017-11-09 15:45:06,2017-11-21 20:57:14,2017-11-28 00:00:00
0b4129a3415a486e4965d618f9b5debf,c8dcc1767867cf118c0aa5f86519d14e,delivered,2017-11-26 12:59:04,2017-11-26 13:14:39,2017-11-29 22:46:49,2017-12-11 18:39:37,2017-12-22 00:00:00
035d66b23a4bba74f8119f9ebe3458ee,521302710083ba5e737ef5cf6438450f,delivered,2018-05-18 18:46:54,2018-05-18 19:14:43,2018-05-21 13:47:00,2018-06-06 14:12:25,2018-06-05 00:00:00
0ddc19990b82039355525481533ea7eb,989dbaf933f4e0cad8b35f8ce7db9545,delivered,2017-12-08 17:03:24,2017-12-08 17:14:21,2017-12-12 20:46:50,2017-12-22 16:59:25,2018-01-03 00:00:00
15c4d15a595aaff02d4de63093a4b57c,ce23f51b42b3258700b4aeedcf53a96d,delivered,2018-08-06 11:22:17,2018-08-06 11:35:44,2018-08-07 15:18:00,2018-08-14 00:47:33,2018-08-14 00:00:00
55779fa8fe072d9f8c92d672154558f2,4c9b48364e100b48b70b65f7223518bb,delivered,2017-09-13 23:13:16,2017-09-15 02:10:49,2017-09-20 11:58:52,2017-10-08 15:40:04,2017-10-04 00:00:00
a0e6863a821d35dcaeb3eb109f21d443,958f8d94c5c2d21ccf6a43d0e3d50308,delivered,2017-05-23 08:18:32,2017-05-23 08:30:20,2017-05-23 15:29:50,2017-06-02 12:09:23,2017-06-16 00:00:00
d19ec9502348424357f7a9bfc4173ddb,36b9a428f314355ab3a28444932f409e,delivered,2018-03-22 17:11:15,2018-03-23 02:27:59,2018-03-24 01:58:49,2018-03-27 13:42:30,2018-04-04 00:00:00
e078f7da1a6312d4103ba33cd4abd3b4,8228970427bdddfa151f173ad4c9884b,delivered,2017-09-18 23:11:47,2017-09-19 23:15:18,2017-09-21 10:03:00,2017-09-22 19:22:41,2017-10-04 00:00:00
f477310b29b71da3ef394aaf61669075,f7030ef55d9a5ec617439b05e42a707b,delivered,2018-02-04 21:43:29,2018-02-06 03:35:28,2018-02-06 18:35:57,2018-02-28 15:45:14,2018-03-12 00:00:00
9b09902ff42cd359909e5203a008a921,4626deb1d6528b9fe2ff75fd889f27c2,delivered,2018-06-03 10:28:43,2018-06-03 10:50:00,2018-06-04 10:15:00,2018-06-12 21:07:09,2018-07-13 00:00:00
0ee52d4b00ab65f19b7e89e5683766bf,9d9fc80cdedb63de913387b502bee19b,delivered,2017-09-12 20:38:53,2017-09-12 20:50:13,2017-09-13 20:33:18,2017-09-18 16:48:15,2017-09-22 00:00:00
34bc0a0bfffcb81d3b412e77e2933a4a,a4859628b4cc633732ea27fb1a00420b,delivered,2018-04-13 20:57:58,2018-04-13 21:09:46,2018-04-18 22:12:36,2018-04-19 22:28:49,2018-04-25 00:00:00
901a84df9454849d20d02683117105ac,61f3b1e44f811e6f59c9433a3bea727c,delivered,2018-07-17 10:27:37,2018-07-17 10:41:17,2018-07-17 13:32:00,2018-07-25 00:03:20,2018-08-15 00:00:00
a198770e8161a0593a4acdbd70b6681a,f3639d5ac79b87a62d0e0829e46928c4,delivered,2017-12-06 00:06:51,2017-12-06 00:18:32,2017-12-08 19:42:31,2017-12-22 00:37:11,2018-01-02 00:00:00
e7f237163458b9df35d29d4ee460f233,0561cee0e208939ff198184d3d7bd9fa,delivered,2018-05-11 09:58:44,2018-05-11 10:17:48,2018-05-11 13:37:00,2018-05-17 22:05:48,2018-06-06 00:00:00
4bd80487e45eb96ed277f47d7b9dca63,b791f3a14af336adefada909e64691b1,delivered,2017-11-25 08:05:08,2017-11-25 08:16:33,2017-11-29 00:51:27,2017-12-08 16:57:45,2017-12-11 00:00:00
6caff58e656c5b6c5769918fd09707c2,f463d27a26d6aa1d7f438df524c501dd,delivered,2017-06-15 17:52:57,2017-06-15 18:05:19,2017-06-16 11:07:04,2017-06-19 13:54:02,2017-07-06 00:00:00
cae550bd1bf7bfba357a10319a0fb4be,e192997c0b0792b8ba9e8364d063046a,delivered,2018-07-11 15:45:51,2018-07-11 16:06:24,2018-08-01 14:02:00,2018-08-05 11:42:39,2018-08-01 00:00:00
36da3594f270f9d28bae07df5974d240,4d1e62429d88723ea3c9a72fb4c4ffe3,delivered,2017-10-21 12:35:40,2017-10-21 12:49:21,2017-10-23 18:58:06,2017-10-26 20:32:43,2017-11-09 00:00:00
cb2b577a4ebd84bf84ff3990084d490f,ebd67b458c0b8b23fa5d869779adc761,delivered,2016-10-05 17:11:49,2016-10-06 15:54:57,2016-10-30 15:14:54,2016-10-31 21:41:43,2016-11-29 00:00:00
b4c9f083bce61caf47fb38f9ba058bce,6ce60503e530d8a67926e9b8e3fdb635,invoiced,2017-08-05 16:00:56,2017-08-05 16:15:16,,,2017-08-30 00:00:00
b3f352a3b3887a501a98642fa5840e66,a6c4086c5ec600d696fbc7acc81aaabf,delivered,2018-01-14 22:46:04,2018-01-14 22:56:20,2018-02-07 18:38:50,2018-02-16 21:46:42,2018-02-08 00:00:00
d9a08faa201940dd3302f06944b5c739,0fbba4e64c66162f8108ba004d0b929d,delivered,2017-01-17 18:57:58,2017-01-17 19:10:11,2017-01-26 11:53:35,2017-01-31 12:22:42,2017-02-15 00:00:00
1fce119897499a117beb9f48ac6cff5c,3ff44e26adfbbe256c5c9dcfb14d5822,delivered,2018-01-31 10:22:57,2018-01-31 13:44:42,2018-02-02 20:34:01,2018-02-14 21:53:18,2018-02-22 00:00:00
bd396d4cd7a0507db99110954a0d9173,a71764704f63e605e020c4ae34aa78f6,delivered,2017-08-28 18:04:17,2017-08-28 18:15:14,2017-08-30 19:42:07,2017-09-04 16:06:53,2017-09-14 00:00:00
cbb8697212a65198772c9406834180f8,c2b7ffaec7595810b1c1f71e75081c39,delivered,2017-12-12 17:52:38,2017-12-12 18:10:52,2017-12-13 21:45:48,2017-12-28 15:53:05,2018-01-12 00:00:00
be4c5d2cf0254f1c2bee8cf45f690b96,3247cd3218e45b431e7920aca9acea3f,delivered,2018-01-07 14:08:32,2018-01-07 14:47:19,2018-01-09 16:08:07,2018-01-11 21:05:33,2018-02-06 00:00:00
c1eae222313b3a7eac740761313cbd27,819d8a9b81c0d3e3204e5b80252660ca,delivered,2017-09-05 12:48:49,2017-09-05 13:03:38,2017-09-06 13:30:08,2017-09-13 14:58:56,2017-11-06 00:00:00
77e1d11cc4954b7a395f9ecba7edd397,9b4daa1db65ef1623983286611eb63e1,delivered,2018-03-09 08:23:05,2018-03-10 03:50:31,2018-03-20 17:16:46,2018-03-23 15:06:51,2018-04-05 00:00:00
5a56d595adbe321751c4f42b708ccc35,a1be9f93fac47b616502d82987542c6e,delivered,2018-05-08 13:37:09,2018-05-09 13:34:56,2018-05-09 14:30:00,2018-05-18 21:06:15,2018-05-28 00:00:00
15e63a2cb02a2f0485e5740e8c6f0155,b2333f7e589f125452148e1bec4b9fcd,delivered,2018-04-26 14:56:40,2018-04-27 03:10:37,2018-04-27 14:10:00,2018-05-03 21:28:50,2018-05-24 00:00:00
fe58b25c8ebdc65c3d4cb34070bf9e5d,d70a4c877dba1679f5c7ded688e39609,delivered,2018-02-18 21:52:42,2018-02-18 22:55:28,2018-03-14 21:37:33,2018-04-02 16:12:35,2018-03-12 00:00:00
56515935f0fcb6b511a18dc10a50173f,614fe1c6546241092e71ac4d9017cb0b,delivered,2018-03-07 14:50:20,2018-03-07 15:10:05,2018-03-12 16:48:42,2018-03-16 19:51:00,2018-03-23 00:00:00
4cf05124a340f768d9d89d5b91a6af97,17109b321000eac4651619ac8f9b6035,delivered,2018-03-02 09:30:33,2018-03-03 02:49:32,2018-03-05 17:17:23,2018-03-12 21:52:44,2018-03-26 00:00:00
7a6f03d6c02a319e084dd0ca7bdb5d07,ddc305318969c71969b82bd97a1d1560,delivered,2017-12-20 04:52:44,2017-12-20 05:54:23,2017-12-20 20:38:52,2018-01-04 21:27:01,2018-01-09 00:00:00
cd4d7e23c22aeff7984a40a3045e9751,4e980e0ab8106b6976d795063aeb3a51,delivered,2017-12-26 15:58:42,2017-12-27 15:53:26,2018-01-02 21:09:21,2018-01-15 20:48:34,2018-01-22 00:00:00
28cf49bbfe2683759d3cf866b7fda22f,94a265c7d6fa0389f4fec04d4eae8b66,delivered,2018-01-20 15:47:45,2018-01-20 16:00:35,2018-01-30 18:22:41,2018-02-09 17:35:37,2018-02-19 00:00:00
4cc22fa6b7267027aac4151271636112,d2352eb89c2f0a1e01fca14e007aeb87,delivered,2018-08-14 19:39:04,2018-08-14 19:50:22,2018-08-16 13:08:00,2018-08-24 00:06:59,2018-09-12 00:00:00
ca649df2968bbbc843a5c75c7bc803ba,2cfe4a934e085d0311823648400e4cd2,delivered,2017-11-14 11:33:24,2017-11-14 11:50:41,2017-11-17 21:52:55,2017-11-28 01:40:39,2017-12-07 00:00:00
cdc1ac6a94d34f438c153db4b7b5a691,ef6b2b4d3dafcaff444be4b56e9edcf8,delivered,2018-08-06 10:11:21,2018-08-06 15:04:43,2018-08-09 09:57:00,2018-08-14 19:18:48,2018-08-20 00:00:00
fb1e54ec77d42cc140f67895fd2c8d8a,65dd345a83fd68cf607c3df70deb40df,delivered,2017-05-27 11:19:04,2017-05-27 11:25:20,2017-05-29 12:57:45,2017-05-30 06:17:13,2017-06-09 00:00:00
43698bc1371b83853814e6a6afcc89f8,c9810bad88b465541f86a819e6c17b69,delivered,2018-03-20 15:06:42,2018-03-20 15:29:41,2018-03-21 19:11:49,2018-03-28 20:38:34,2018-04-13 00:00:00
41db0ab7c0c615a697ca63860cd13a33,71d0aa2c2ddf9293f7a1855c366ec21e,delivered,2017-11-14 16:57:27,2017-11-14 17:15:24,2017-11-16 22:19:02,2017-11-21 17:21:59,2017-12-07 00:00:00
317bfcd79627d89d54a917da6e066beb,124ea0ac4cadfffc49227a24235871fe,delivered,2018-03-12 09:48:20,2018-03-12 10:15:50,2018-03-13 23:35:42,2018-03-17 17:40:36,2018-04-10 00:00:00
b4b08f39312c936c9ecb2327c63337ea,2cd6065a0296dc8f007dbf413a225da4,delivered,2018-01-29 09:59:36,2018-01-30 03:39:03,2018-02-06 23:49:39,2018-02-15 17:31:02,2018-03-02 00:00:00
d307290675e59c844ebde65696377750,8f921c03841a893f7102c58d54d431a9,delivered,2017-04-28 18:25:16,2017-04-29 06:35:39,2017-05-09 12:12:37,2017-05-24 22:29:30,2017-06-06 00:00:00
7068f14af6c3c575490f74b6aaf2f05c,30fc4a8a18b770f84c381b09eccd9b8d,delivered,2018-04-11 12:34:56,2018-04-12 12:31:56,2018-04-12 23:48:32,2018-04-30 18:33:14,2018-05-16 00:00:00
df281308c4a5cd2e3f2cc5c7eb5c30c3,4666258a26f60758fbdbaaea7ae1173c,delivered,2018-03-26 18:01:40,2018-03-26 18:15:21,2018-03-27 23:44:00,2018-04-06 20:16:44,2018-04-19 00:00:00
b687f81e0e59c1153eaa197ad1c1d043,4c047a7a1169d69034904b2fb4abb348,delivered,2018-02-28 19:46:26,2018-03-01 02:48:26,2018-03-08 16:31:10,2018-03-19 23:46:25,2018-03-15 00:00:00
692bd5c2be36c7274148d55f3ab22edc,08bdb18f09e1d64ab30eefcac034e265,delivered,2017-11-27 11:05:58,2017-11-27 11:35:23,2017-12-04 20:33:08,2017-12-22 02:18:51,2018-01-05 00:00:00
257a853e3afe9bee83a67f4798e6db79,6e0d24cca09d3e293781b6fb16fb5a3c,delivered,2018-05-08 14:09:32,2018-05-08 14:30:07,2018-05-08 15:18:00,2018-05-16 19:16:40,2018-05-28 00:00:00
72c061dd658608d47b290082ddbb976d,a16c7e7bd772bc541be94b7a25c1a906,delivered,2017-10-07 10:38:35,2017-10-07 10:49:22,2017-10-09 20:22:13,2017-10-13 17:04:02,2017-10-25 00:00:00
394f1635c89b6816274552e7caa43099,9134f2092e13a2323b387cbad1f56d1d,delivered,2017-10-08 11:39:39,2017-10-08 11:56:11,2017-10-09 16:52:29,2017-10-18 20:31:45,2017-11-09 00:00:00
e793e2ffd549447018149bce4de2850c,b0e809b21312efd191d8cd6055457f41,delivered,2017-09-05 11:07:35,2017-09-05 11:24:17,2017-09-05 17:32:30,2017-09-15 17:42:19,2017-09-29 00:00:00
8835bc08d0bba62b3f65c7903126fa49,aa78339a081ffb1671c7140d2693ee86,delivered,2018-08-06 13:26:46,2018-08-06 13:44:22,2018-08-06 15:16:00,2018-08-15 14:28:29,2018-08-15 00:00:00
e6657617ef1f4cc4cc2413cb0a6630ae,473510bdc67d814c1feda19dc137023e,delivered,2018-01-30 16:16:45,2018-02-01 03:13:28,2018-02-01 18:48:33,2018-02-14 19:43:24,2018-02-21 00:00:00
53cf21aea186e583d69fe8d531829e3c,c905b50d1a1fadcba284eab7fa52fb25,delivered,2017-12-02 20:09:30,2017-12-02 20:19:22,2017-12-18 22:28:26,2017-12-26 22:32:46,2017-12-29 00:00:00
c4338fc6904fe8ebef8e0e42ead3c0e0,7225f2492ed367f203858f47023b7172,delivered,2017-12-17 01:00:48,2017-12-17 01:13:31,2017-12-19 23:04:45,2017-12-22 22:28:50,2018-01-24 00:00:00
97bca524044b6fffcdbcc4ced6e2390f,5a31560ab7821af245ac21f6ede6f4c3,delivered,2017-10-03 21:30:44,2017-10-03 21:49:42,2017-10-04 21:34:10,2017-10-05 22:02:40,2017-10-19 00:00:00
08cef746691fa27e23fe2c32a02c0e21,b169b69e3ad77c2ea0e63ae4710b863b,delivered,2018-02-26 14:09:33,2018-02-27 12:50:35,2018-03-05 23:52:19,2018-04-06 18:32:18,2018-03-26 00:00:00
6e9c0612875f3247e91446d8d0bf7d50,ba6cf34ac15f009cb735e05fb4f48c11,delivered,2017-12-23 18:41:40,2017-12-27 04:14:37,2017-12-27 19:18:50,2018-01-09 15:44:23,2018-01-15 00:00:00
b7aeacfc25789063ab26dcbed69401a3,9b1cf85143c429c569ffa542f24ce20a,delivered,2018-01-21 17:28:33,2018-01-22 13:55:17,2018-01-25 15:52:54,2018-01-29 17:13:54,2018-02-14 00:00:00
0aa6d207e7ba004eef415715c25765ce,f467accea193ed2a3000f9ea4092820b,delivered,2018-04-15 11:59:06,2018-04-15 12:15:24,2018-04-17 03:34:43,2018-04-20 20:08:41,2018-05-04 00:00:00
d59a804dba63b4bae7ee24c0befec958,2b2615fdbdbd7f81776f95163acbd096,delivered,2017-11-24 23:12:50,2017-11-25 02:14:56,2017-11-27 17:58:42,2017-12-11 22:19:06,2017-12-19 00:00:00
29b56549adf0256e35b6aabd8a7f7455,2c2403fd211b56dcde8c570e2af77ff6,delivered,2017-08-07 16:45:26,2017-08-07 17:23:06,2017-08-08 17:36:07,2017-08-15 19:03:22,2017-08-29 00:00:00
5c51684e9930d09a7f209a96c71064ef,cce67659e9d04865a064779206b7f545,delivered,2018-05-02 23:21:16,2018-05-03 00:50:16,2018-05-03 18:59:00,2018-05-04 22:03:20,2018-05-18 00:00:00
a8098c74d0b6846c8dd5ea90952879ce,0dfc0621220f4aa19960d5c5397f0835,delivered,2017-07-14 13:10:50,2017-07-14 13:24:16,2017-07-14 23:29:34,2017-07-24 21:06:02,2017-08-07 00:00:00
f472c6c9045f35a40845e71c997dcc74,cb153f91686e47164e735df3c91296d5,delivered,2018-05-19 20:15:00,2018-05-20 01:00:13,2018-05-21 12:14:00,2018-06-05 14:48:02,2018-06-06 00:00:00
1d46e93ded8b3ff059abe41e14754362,ddc49820b80baa11c1fd013d27e171fd,delivered,2017-08-23 13:58:50,2017-08-25 03:05:30,2017-08-28 17:58:15,2017-09-04 21:15:12,2017-09-19 00:00:00
9798002938de9acb5883e90411ded034,94a67251f1d5468f05e0758a00cf070d,delivered,2018-06-15 19:24:37,2018-06-15 19:42:30,2018-06-20 14:56:00,2018-07-10 18:07:42,2018-07-11 00:00:00
354310406adf3de2d6793865cca4eb97,ad70f138775d968ee261c7dfec755835,delivered,2017-11-06 20:23:42,2017-11-07 04:31:43,2017-11-07 17:35:03,2017-11-13 20:58:25,2017-11-24 00:00:00
14b791be12b020b826c2ee4c7662a5da,d79bbf4a1c9af9f33686cf1f64457f63,delivered,2018-03-30 16:27:56,2018-03-30 16:35:12,2018-04-03 21:04:16,2018-04-13 23:28:32,2018-04-25 00:00:00
cf2159bbc127ae7a92a057266d687260,79986e17c3a038cb24355365fc78a0e9,delivered,2018-04-13 07:50:12,2018-04-13 13:31:37,2018-04-17 18:11:57,2018-04-19 18:42:45,2018-05-11 00:00:00
10084ae353466f1c95f62cbacf6168d5,16da36096df96205bb8d9505199f726d,delivered,2018-02-20 10:33:58,2018-02-22 02:30:55,2018-02-22 17:53:12,2018-03-02 20:48:32,2018-03-14 00:00:00
bfbac0cb986a021b149fd1ecd301a95e,445845e4372db1e918553b093b13fe8e,delivered,2018-08-05 14:47:02,2018-08-05 15:04:23,2018-08-06 15:05:00,2018-08-07 20:32:43,2018-08-09 00:00:00
3d89350fbbbebf725356d7abe70f17a0,7574e4f5f09e0daa235e6ea3d3b3d5fc,delivered,2018-01-31 17:08:13,2018-02-01 02:56:12,2018-02-06 00:58:45,2018-02-27 21:22:33,2018-02-22 00:00:00
4c8c092a897404409eb4858b2c35f100,a82a9ed42b002098621df8124fefd4ff,delivered,2018-08-07 08:40:31,2018-08-07 08:50:16,2018-08-13 12:42:00,2018-08-14 17:51:20,2018-08-10 00:00:00
c39ffdd77f5ddda482650795f30f7aac,2bd76f7c3456afd0a6885eb89e8bc212,delivered,2018-08-02 12:29:52,2018-08-02 13:15:26,2018-08-03 13:39:00,2018-08-07 11:12:07,2018-08-14 00:00:00
654ba98a499a03473f9780e5c7fc227b,a81d2b8ee773249a32739a766ef9d891,delivered,2017-08-04 03:06:27,2017-08-04 03:23:40,2017-08-08 20:34:38,2017-08-09 18:34:17,2017-08-17 00:00:00
4801b9cf238c2c9098bd66a5f092c2da,ca85ad830716e1b7b2964c68c146195d,delivered,2017-11-29 23:02:28,2017-11-29 23:18:01,2017-12-02 15:38:57,2018-01-08 20:54:56,2017-12-29 00:00:00
d7273b44707722d534c868f279e235cb,c32080bd1442f65f3859a01f865bdf93,delivered,2017-11-08 12:09:31,2017-11-08 12:30:56,2017-11-08 17:56:47,2017-11-22 14:57:19,2017-12-06 00:00:00
ddc75e18227aa517946c2239d18d1300,74fd1de60f458a07ceaded11a698fbc3,delivered,2018-07-27 21:30:56,2018-07-27 22:15:12,2018-07-30 12:24:00,2018-08-02 18:46:49,2018-08-15 00:00:00
98a6c523ea54e65d9320d388708b49d3,052c644eb399b528aa0c6ff95a3ea856,delivered,2018-08-07 18:45:30,2018-08-09 04:05:17,2018-08-09 14:25:00,2018-08-16 15:53:45,2018-08-23 00:00:00
40ff15fd1f4a802dd323bd89a6967b5c,4ffdc20f14db2fc732a0548cf3778396,delivered,2018-05-31 15:31:29,2018-05-31 15:51:47,2018-06-04 14:33:00,2018-06-06 15:07:03,2018-06-19 00:00:00
63e4ede8e88252dcabc3a251e84dd7ff,4d5ad499182eec2023662b93e804e9a4,delivered,2017-12-15 23:05:43,2017-12-15 23:16:26,2017-12-18 16:23:01,2018-01-05 23:58:57,2018-01-12 00:00:00
605ddab5485410c9c3c11f4ab9a74f6a,9166122ca8d3afb612cd3bdf4f804bcd,delivered,2018-01-18 11:21:37,2018-01-18 11:37:16,2018-01-18 23:35:03,2018-02-03 00:42:49,2018-02-16 00:00:00
316495342fc714e50303c6cf4feea79f,f5af1f7ad0a0eeb438292e8540480407,delivered,2017-12-27 21:34:00,2017-12-27 21:46:55,2017-12-28 18:16:00,2018-01-05 00:25:33,2018-01-16 00:00:00
a2b99b6a9c5b0c402cfbabfdbb69918e,f7f33607a433200f6a87624740e24f8e,delivered,2017-09-10 07:09:18,2017-09-12 04:45:44,2017-09-12 12:28:04,2017-09-19 18:11:22,2017-09-27 00:00:00
287445be3e2a5f0d3f5036b2a778d1c5,d86567cdc776774d6de508880d117fdd,delivered,2018-05-16 13:29:40,2018-05-16 13:59:36,2018-05-17 12:25:00,2018-05-22 17:06:33,2018-06-19 00:00:00
ec258e1773b41df94290f07bccbd1ec1,aeb558923701cfd4b4ee039cecb8fa77,delivered,2017-12-30 13:46:14,2017-12-30 13:54:24,2018-01-02 21:23:21,2018-01-10 21:18:27,2018-01-29 00:00:00
47eb628894a1aa066bafb6d3de07da4b,52f7dfec08a527c57de6b521b799945b,delivered,2018-01-11 18:05:35,2018-01-11 18:17:34,2018-01-12 15:34:00,2018-01-18 21:13:54,2018-02-06 00:00:00
bb6f77e22d300a3c74436c9ea8925945,76696c96f4cfa5fbaa17fdcced323c9b,delivered,2017-12-19 23:00:42,2017-12-21 02:11:55,2017-12-21 22:13:32,2018-01-04 22:56:57,2018-01-24 00:00:00
a96e4916afbe040afbe005d10eb41523,6a575fe9813b011bf94d8185ec600045,delivered,2017-07-26 20:49:07,2017-07-27 16:03:24,2017-08-01 21:21:44,2017-08-03 16:52:28,2017-08-08 00:00:00
2de5b68f713b073b77fda04cb4868443,b3ef2e15b1f2d5598a28e08e3536542b,delivered,2017-12-05 14:10:07,2017-12-06 12:51:11,2017-12-07 18:57:57,2017-12-09 14:07:07,2017-12-28 00:00:00
4173123220bd4c3bd19044ee5f76c467,2a1789d31dc13c07b1687e2731f7887b,delivered,2017-08-30 14:24:18,2017-09-01 02:25:03,2017-09-01 20:41:57,2017-09-11 18:30:46,2017-09-28 00:00:00
6373b46dd60ea2f0d7890c131155a0a8,e93fe682b610d10753091905388c433f,delivered,2018-03-15 17:33:38,2018-03-15 17:55:43,2018-03-27 23:24:51,2018-04-05 21:14:34,2018-04-24 00:00:00
a558df35f2582dce7a0a683f618ea859,70e9cf1e18e454538ab51d6b0c52758d,delivered,2018-02-19 06:54:22,2018-02-20 06:46:31,2018-02-20 20:12:58,2018-03-07 20:29:49,2018-03-15 00:00:00
650ca3873d0a09fb4604deef7817ef60,5181e6f1eb922ea7daaec1d9f06aa7d7,delivered,2017-11-12 18:56:02,2017-11-12 19:10:39,2017-11-16 17:19:33,2017-11-27 20:16:49,2017-12-08 00:00:00
0b0334d5ad01e008caafb19973bf1acb,64c1209f6fae0cbe57bd7e39469506f4,delivered,2018-04-25 10:52:10,2018-04-25 11:09:03,2018-05-02 11:19:00,2018-05-07 20:12:24,2018-06-05 00:00:00
7a0eb0a897a19d67575a24798ba26fc5,7e4afd20ae143f73bec2e0ce84be702f,delivered,2017-03-04 10:37:13,2017-03-04 10:45:14,2017-03-08 17:26:08,2017-03-14 15:51:50,2017-03-23 00:00:00
397f4ed009841e83e71435ab9376cc8c,111dcb0d9a9858c0d2b01fffc0b8126d,delivered,2018-07-19 18:32:43,2018-07-19 18:43:09,2018-07-23 06:05:00,2018-07-25 20:48:51,2018-08-20 00:00:00
4f39a94d6e474819d898d6df7d394996,27a410dccb395b6ce45963874d158352,delivered,2017-04-28 16:28:03,2017-04-29 02:42:51,2017-05-09 14:06:48,2017-09-19 13:54:18,2017-05-30 00:00:00
223b2b4c06ffe3ced7307cad0ebd5e44,32df5b33f0b3abf4b75988b73732701a,delivered,2017-12-11 23:10:16,2017-12-11 23:36:06,2017-12-13 19:34:56,2017-12-28 20:28:50,2018-01-10 00:00:00
cc85879fb8f1767ad9b67dbcfa113e7b,fef63fc541ea4380366f67bee5cf11d2,delivered,2018-04-07 13:26:51,2018-04-09 19:29:41,2018-04-14 14:23:43,2018-04-17 21:36:46,2018-05-04 00:00:00
cf3da3c7f3915ee38eb71471c6aac434,30c0d1803692aa5d5f70dfb0740175c1,delivered,2018-08-10 09:56:58,2018-08-11 04:35:12,2018-08-11 09:15:00,2018-08-13 17:46:55,2018-08-16 00:00:00
93709cc8ac5e38fe6622dcebd2ce72bf,5d6af0de0877df24d2c737741eeaad2d,delivered,2017-10-28 08:28:41,2017-10-28 08:45:44,2017-10-31 15:33:47,2017-11-07 14:41:20,2017-11-21 00:00:00
0744ce655e97e70eb03a99cf52385502,ae2702f08dfccf04bf793a9cea9a4b31,delivered,2017-08-08 13:24:36,2017-08-09 02:45:36,2017-08-15 20:54:01,2017-08-23 20:26:55,2017-09-05 00:00:00
78d7bf360bb60d0dd4bd37663c126524,bbfd6562ad0326487d9e5c8e6433fc8d,delivered,2018-08-26 13:23:23,2018-08-26 13:35:09,2018-08-27 15:12:00,2018-08-30 23:40:54,2018-09-10 00:00:00
915a2730449787ced8fbbc1794ca7d0b,41db322bbc128ead2b4dcb94280a9ce0,delivered,2018-07-25 10:57:54,2018-07-25 11:05:13,2018-07-27 12:56:00,2018-08-07 22:04:08,2018-08-21 00:00:00
b2217a354063d984ee320fa29b6baf1a,79e3ba6298327f701c453dedbd155600,delivered,2018-08-03 19:00:56,2018-08-03 19:30:41,2018-08-06 16:04:00,2018-08-09 20:28:44,2018-08-20 00:00:00
100c3a4b273a82310ce16d5524e14450,d61a69cff9f2013ae34f6067ddf94523,delivered,2017-09-16 09:00:56,2017-09-16 09:10:13,2017-09-18 19:14:59,2017-09-22 17:11:17,2017-10-05 00:00:00
49d82571c200aac8b226cae094dc8f0c,4b4bee09940f6ede7b3cac4b3a2e9a3d,delivered,2018-06-12 21:00:18,2018-06-13 21:00:10,2018-06-14 14:53:00,2018-07-26 15:12:37,2018-07-05 00:00:00
fe0f62fd99cb34355fb8706ce0faf6c6,1dcf37da2946cd5a450289683d39887b,delivered,2018-04-18 16:08:49,2018-04-19 15:38:29,2018-04-20 18:11:20,2018-04-23 15:22:16,2018-05-07 00:00:00
02a0929986b1647b2df9bb303b4851b9,aee9d44d59c6cb00a9d64b390666224d,delivered,2018-06-25 21:13:29,2018-06-26 08:57:55,2018-06-27 10:19:00,2018-06-29 22:21:32,2018-07-12 00:00:00
7674a39ac1ba0b1ca68a18cfbd151b1b,90d7075599361b6945ce6c9e200a687b,delivered,2017-07-28 17:03:33,2017-07-28 17:15:10,2017-08-03 20:39:41,2017-08-07 14:57:25,2017-08-28 00:00:00
718b31ebf4b412db36cb480229bca6ab,644ffd89339a2d2cd3479be46dbce91d,delivered,2018-05-07 13:00:22,2018-05-07 16:33:51,2018-05-10 15:52:00,2018-05-14 14:03:02,2018-05-30 00:00:00
14f31f8bfd37cf6b1fa6a4aa6e94e930,b7036379c8ca6db063c7e288cdea5094,delivered,2018-02-27 15:42:55,2018-02-27 15:55:33,2018-02-28 22:17:53,2018-03-05 22:57:53,2018-03-14 00:00:00
571b3d06ddb5bba38fac92f4da0778e7,73bd1eb83b4172b898bc19681afc885f,delivered,2017-02-01 20:59:12,2017-02-01 21:10:10,2017-02-02 11:55:47,2017-02-08 15:51:14,2017-03-03 00:00:00
818878a0bdfd8a8cf46e474a03fc5366,e865ee96ba1d73c1bfad1dc94269fc14,delivered,2017-10-26 13:43:41,2017-10-28 02:55:22,2017-10-31 18:25:47,2017-11-09 16:44:32,2017-11-23 00:00:00
67009d1f213f762960c97b4f8629159c,d3e3cb2b2922f53b23b090d9668a1b13,delivered,2018-01-20 11:38:30,2018-01-20 11:57:49,2018-01-22 16:38:04,2018-02-01 21:18:30,2018-02-23 00:00:00
7d4101163410b1380268da3933e691f1,603836070f1882347e4800d647793d88,delivered,2017-07-20 23:03:33,2017-07-20 23:15:14,2017-07-21 14:27:44,2017-07-26 20:17:41,2017-08-21 00:00:00
55bd3d21d10786b863b8537b32bc3899,6656caf59604b25703d86b9a8ea0f814,delivered,2018-08-01 13:52:56,2018-08-01 14:05:16,2018-08-03 11:20:00,2018-08-07 20:33:36,2018-08-20 00:00:00
e981933dec07dfe833f737618e90afe2,9d1db085c2312cc76a261c2f0d153ee5,delivered,2018-08-21 19:49:42,2018-08-22 10:55:20,2018-08-22 19:09:00,2018-08-23 23:16:47,2018-08-24 00:00:00
813c55ce9b6baa8f879e064fbfbc9e07,33ff667cdb878cb8e222ae48d131c739,delivered,2017-04-26 01:01:39,2017-04-27 13:37:29,2017-05-02 09:46:39,2017-05-08 08:54:36,2017-05-18 00:00:00
9ce36e2fe5d89681ffcdc294ea7363ac,583f92cf005d530fb347398860f184c4,delivered,2018-06-04 11:16:53,2018-06-04 11:30:42,2018-06-05 13:05:00,2018-06-14 10:03:26,2018-07-20 00:00:00
0e9ed1bc6589695f10e03b8eca833201,bd33f7c7a64e619e46ee0edd5caf74ef,delivered,2018-08-20 03:21:20,2018-08-20 14:10:52,2018-08-21 13:54:00,2018-08-23 21:57:45,2018-09-20 00:00:00
daec7c006304b60ca87044f26409ef2e,9232215e0cd2e157268266f474ca3f11,delivered,2017-08-16 13:12:14,2017-08-17 13:30:13,2017-08-18 17:42:53,2017-08-23 21:30:05,2017-09-05 00:00:00
f38baece3d405c61575ec8886dcf4cfe,a2cc9f80829ee0d67d9767a999c9de40,delivered,2017-05-21 09:02:27,2017-05-21 09:35:16,2017-05-26 10:03:25,2017-06-01 15:04:57,2017-06-13 00:00:00
b6f7267c5de549e8079e23367dafd3a1,e45d7222b87e8b15b377853dba5be723,delivered,2018-06-11 10:26:21,2018-06-11 10:58:31,2018-06-12 13:56:00,2018-06-15 18:18:34,2018-06-28 00:00:00
35298b52820bdcc64b7bf71ccc28a36c,52496ddf0025f7b0ec3cb640a97990f8,delivered,2017-12-31 19:28:24,2017-12-31 19:46:47,2018-01-03 17:34:11,2018-01-09 19:38:13,2018-02-09 00:00:00
6c8accd4cab9d1cccad9d791492d53b2,847a65ac1b1b67459d7fe6e1a1af3c83,delivered,2018-03-17 03:08:01,2018-03-20 03:28:16,2018-04-04 19:23:29,2018-04-06 18:51:43,2018-04-16 00:00:00
5690636f35f3831fe4cf8d5c8e060d99,c0fcce97e056aff1a7848e43fc975359,delivered,2017-11-25 09:06:15,2017-11-28 03:20:11,2017-11-28 18:17:06,2017-12-12 23:49:27,2017-12-19 00:00:00
a0276ec686c0ea314da1e9da49e8a46a,082b0e812e5a5e7be47a20928caee80b,delivered,2018-02-12 17:31:43,2018-02-12 17:47:54,2018-02-14 20:34:03,2018-03-08 23:37:25,2018-03-15 00:00:00
c0b4d042df532a3a84b95e89bf2a53c1,fe7d8a2ba8e06d46cc04b6901fa533ff,delivered,2018-04-11 16:59:22,2018-04-11 17:10:57,2018-04-13 16:12:15,2018-04-28 20:04:14,2018-05-08 00:00:00
69b4682d3ab5ef1f14a8e9e74638f87e,765b56e9a7716dfe3074a58a8aac5974,delivered,2018-08-07 14:10:05,2018-08-08 03:05:48,2018-08-08 13:50:00,2018-08-13 16:02:24,2018-08-17 00:00:00
ab18ff09f55ca3ccc4dbf5bed2c9036d,478c615b39c193099e6f6b352d706ab7,delivered,2018-03-24 12:25:44,2018-03-24 12:35:35,2018-03-26 19:52:08,2018-04-19 18:44:55,2018-04-16 00:00:00
99662b91e0128a7de8c373ab7e566dc9,d09200136a8aec3f7a9831754d554b5c,delivered,2018-03-20 15:20:59,2018-03-20 15:35:44,2018-03-21 19:08:41,2018-03-27 18:27:39,2018-04-11 00:00:00
9167e0a67d886b453dbb9318f1db42cc,44e22962c585a40a9294dab5ded35dbb,delivered,2017-06-13 15:50:59,2017-06-13 18:23:17,2017-06-19 16:48:46,2017-06-26 11:56:31,2017-07-06 00:00:00
db4d39113d1f1f359709384518d81e31,91aed284ce3e18b2be4cb2dafc798b51,processing,2017-09-19 11:08:41,2017-09-19 11:34:08,,,2017-10-10 00:00:00
1e73093ee708ed2b782f359056925208,3f3e1ecfa168cfaffdf4bbdc26c8fd35,delivered,2017-08-14 18:54:04,2017-08-14 19:30:12,2017-08-15 17:13:14,2017-08-18 16:59:34,2017-09-14 00:00:00
1494db03a5c6e6ed463866c7e1171104,993add0b1f0f75f14cc08bc0e180db18,delivered,2018-07-17 23:35:22,2018-07-19 02:55:31,2018-07-20 11:14:00,2018-07-30 18:16:48,2018-08-09 00:00:00
3c04118e4788bb999f7371015e3dbdbe,a2cd17436c82a68234fbda01562f6e50,delivered,2017-08-16 17:41:35,2017-08-16 18:24:43,2017-08-22 20:19:54,2017-08-25 13:52:33,2017-09-14 00:00:00
f16dee6de72d9dcf6b644a19233a39da,00b96a156e6827442e5ec7c620a39d24,delivered,2018-04-21 15:10:45,2018-04-24 19:28:02,2018-04-23 21:08:49,2018-04-26 21:57:31,2018-05-16 00:00:00
3550480abae8b6120d0c8d5ca9bbbdfd,d20ce9616a4f457e01b607334fbbb722,delivered,2018-05-10 08:40:32,2018-05-10 08:55:48,2018-05-10 15:42:00,2018-05-15 23:42:32,2018-06-07 00:00:00
1cf0fc2c07de89a211f8dcf9ff5af15b,97a0e2c05d5882609289a1816e234ba0,delivered,2018-08-07 21:53:39,2018-08-07 22:05:23,2018-08-17 14:09:00,2018-08-18 18:21:11,2018-08-15 00:00:00
0a84fbd88ba3278bbb66308e79b2f416,bd82e5acdc4197ed672255f002b9cc45,delivered,2017-03-07 17:50:02,2017-03-07 18:03:26,2017-03-08 11:00:49,2017-03-13 15:22:53,2017-03-24 00:00:00
fea58e65b788d96dd982a2660be9e2cc,d366fbc54434d58bb744ed9216f11d5a,delivered,2018-07-20 13:26:04,2018-07-21 03:23:53,2018-07-23 13:25:00,2018-07-26 22:05:13,2018-08-08 00:00:00
f2b00200fa3b427fee60eb4fa811720b,fefe47950f42fddc66afdf7315a36dae,delivered,2018-05-24 16:43:06,2018-05-26 02:18:40,2018-05-28 15:55:00,2018-06-07 17:44:58,2018-07-03 00:00:00
a99b56767df11d454006074f4ba801e1,4990d6ec5b1b6ca2b76a73bba192a451,delivered,2018-08-06 00:52:30,2018-08-06 01:05:10,2018-08-16 09:28:00,2018-08-21 17:08:37,2018-08-22 00:00:00
e5fa83ee166ad4e56b60c0bc4a2e12bc,09019e777b997c943ed2c3b3b9fb2707,delivered,2017-10-30 23:55:00,2017-11-01 03:15:41,2017-11-01 18:03:10,2017-11-24 21:11:19,2017-12-01 00:00:00
ddc5df3b1c497720bae1692c170baec0,94074895c5b185e9642b1a66a3ef05a7,delivered,2017-11-24 13:33:20,2017-11-24 15:53:40,2017-11-27 14:34:13,2017-12-06 13:12:48,2017-12-26 00:00:00
8af022ef5bcb85da7e559f43367171bf,5d620255702bc2d194c87b2911951aa7,delivered,2018-01-08 12:11:29,2018-01-08 12:27:42,2018-01-10 11:03:29,2018-01-16 21:11:45,2018-01-31 00:00:00
ca135e527ced56014617ee57b5386a2f,89e228202833d7ef75a17cf778a4bf40,delivered,2018-01-29 21:03:16,2018-01-29 21:32:14,2018-02-02 00:57:55,2018-02-26 20:41:43,2018-03-13 00:00:00
749ccd54a6e860862770d11abcbbe0bc,fbf63348f1407b889627f56bf252be12,delivered,2018-08-14 21:02:48,2018-08-14 21:15:18,2018-08-15 15:13:00,2018-08-21 21:28:45,2018-08-27 00:00:00
7caa0a770f1010526a3e5f65757755f0,8eaeb7321c581b23d11baa046e326351,delivered,2017-07-14 12:56:31,2017-07-14 16:24:12,2017-07-19 19:36:55,2017-08-15 17:20:06,2017-08-17 00:00:00
fdeb8e2ed51d3a12a9d6c27a2f70e255,16cbc4e32c7cdb2964442a15b807711c,delivered,2018-01-21 22:20:52,2018-01-22 14:03:23,2018-01-31 20:29:08,2018-02-03 12:07:31,2018-02-06 00:00:00
14e4354a0f5d87e8db773937a3f2331e,18aae46d2f68affaf9763d9b54ac6a7f,delivered,2017-10-13 12:37:49,2017-10-13 12:49:23,2017-10-16 22:04:22,2017-10-27 03:02:51,2017-11-10 00:00:00
cd073a09b3f9f8f60fe4b7aa998f2ca0,992827c0798eac56fbf32454152b47b5,delivered,2018-06-20 08:57:50,2018-06-20 09:20:29,2018-06-20 13:11:00,2018-06-25 15:16:38,2018-07-12 00:00:00
fc0ab8cdbc2f9a64c50264d217e47114,bc9340424036e7a409f72b4628d55973,delivered,2017-05-09 12:22:51,2017-05-10 02:42:25,2017-05-10 11:23:39,2017-05-12 13:12:53,2017-05-29 00:00:00
d8d4e1a57a139526d78c7713a4eed523,6f4757d5bc29373b8d9e85452d5c5084,delivered,2018-08-02 20:27:24,2018-08-03 02:45:20,2018-08-03 15:57:00,2018-08-13 19:54:46,2018-08-22 00:00:00
ad2cb7174d08a12cbc905429e2027c96,c11fbc580671361648bce57643122d12,delivered,2018-05-10 12:06:38,2018-05-10 12:16:06,2018-05-14 08:37:00,2018-05-18 22:51:56,2018-06-07 00:00:00
7e33051b148132bd0c823915b8863e35,e5d2e5d5a118426869969e7edf137611,delivered,2018-05-03 07:24:46,2018-05-03 07:55:14,2018-05-03 14:54:00,2018-05-08 22:58:50,2018-05-28 00:00:00
3ab5bdee7463665002059afbc68144b3,98148e148042527f57490f05af4149ee,delivered,2017-11-07 17:30:39,2017-11-09 05:31:33,2017-11-10 17:25:47,2017-11-24 16:48:42,2017-12-01 00:00:00
75a274082b03938965592307afe46ae2,341baecb319d65b15bcfc9c3adc5de7f,delivered,2018-01-04 16:54:54,2018-01-04 17:09:28,2018-01-05 16:09:32,2018-01-24 22:12:09,2018-02-14 00:00:00
5c08c71d1da2a1cbbb12fe54b0419b41,8e00885d43c3f587e4d60b751462cdf7,delivered,2018-05-06 02:04:47,2018-05-06 02:15:13,2018-05-09 13:42:00,2018-05-15 17:18:35,2018-05-25 00:00:00
15261e1a4e2be405c49fb08d7e07773c,944ad7299db6b270609f52b1114ec87b,delivered,2017-11-24 19:51:55,2017-11-24 22:59:11,2017-11-29 23:04:05,2017-12-05 17:52:09,2017-12-19 00:00:00
e210ce645469e7eb44209cb28f6bf097,ab5f976b67616479af3bd2404c26ed9b,delivered,2017-12-21 14:45:24,2017-12-22 07:09:47,2017-12-22 18:14:02,2018-01-11 22:20:38,2018-01-29 00:00:00
9e6e335c851fd08c6e1b22a0d70bb540,788e9580bf43966d1477ce4fccde2d32,delivered,2017-12-19 15:55:46,2017-12-19 17:15:59,2017-12-22 18:43:01,2018-01-04 00:09:01,2018-01-17 00:00:00
614990b55e705d163e360ad21ed63a30,b228af379316f9f5d41d658f91ef6c48,delivered,2018-05-16 18:10:37,2018-05-16 18:41:39,2018-05-22 09:06:00,2018-06-12 20:21:27,2018-06-08 00:00:00
08acb70a4f06f300068802d8776fefaa,d95c4eb894db9fa73c355006bfa2534b,delivered,2017-07-28 10:29:15,2017-07-28 10:45:20,2017-07-28 19:52:01,2017-08-02 19:21:54,2017-08-14 00:00:00
a236e52ad4592e2e25502b20473e84fc,ed0058629ce30eb5d840ce1316d094b7,delivered,2018-08-11 19:25:27,2018-08-11 19:35:22,2018-08-13 13:47:00,2018-08-16 20:41:24,2018-08-28 00:00:00
7be3a5089c1dc43a6943bfb89a249b8c,4ce34b1541d53e6b1b023e4317ae0d3d,delivered,2018-07-24 19:19:18,2018-07-24 20:24:19,2018-07-25 08:22:00,2018-07-30 15:32:09,2018-08-30 00:00:00
0786c4c0e6cac26fe4f5c558b232e392,eeef230ea3868be789d424edb3b91546,delivered,2017-08-17 13:19:30,2017-08-17 13:35:18,2017-08-18 15:57:51,2017-08-28 20:56:06,2017-09-06 00:00:00
40aecb2022cf80ba1efc9b0ddf5cd690,061a531d906f4bfb762be36757e41f7b,delivered,2017-07-17 18:19:50,2017-07-17 18:30:24,2017-07-19 16:32:18,2017-08-02 21:23:26,2017-08-21 00:00:00
aef9c99ee1272a501f52167fe0c5631a,d8f2d04650db8e8b43d2bdce53ddbfa0,delivered,2017-05-04 15:20:54,2017-05-04 15:30:17,2017-05-05 16:02:37,2017-05-16 16:00:09,2017-06-02 00:00:00
47120c8873cf3ca85fec9f20ec00a032,a3dff9a630a63b528b2fbed1bc448fbe,delivered,2017-06-17 11:16:11,2017-06-18 11:23:01,2017-06-19 20:04:20,2017-06-26 15:03:10,2017-07-07 00:00:00
265858f2ac3e966d6f2e63e5f7a51092,c8e156923e9f6ddffd08c5df3c01880b,delivered,2017-10-26 10:30:47,2017-10-27 03:06:46,2017-10-27 18:03:36,2017-10-28 13:57:46,2017-11-08 00:00:00
f99c42cf20b64fe3dc045ae83e56f4e1,18af14116834f457513ba68d3c208eda,delivered,2017-07-11 21:23:14,2017-07-11 21:55:12,2017-07-14 13:52:18,2017-07-18 12:34:03,2017-07-24 00:00:00
1c64a95702ee730080852e28d43a73e6,28cfdb6caa2f2821c935a3fedbb785ac,delivered,2017-04-18 20:33:32,2017-04-18 20:50:08,2017-04-19 16:13:42,2017-04-28 09:36:36,2017-05-10 00:00:00
a8dd3db8266dac551c7fe1da54c8d415,d149bc46adcbda6621ab6f9055f11bb0,delivered,2018-01-19 12:09:56,2018-01-19 12:17:19,2018-01-19 21:09:56,2018-01-26 15:27:42,2018-02-15 00:00:00
3056cd8b96b8ff6badf1b936a8cb3bc8,07ebdcd609056322ab696bca753690ee,delivered,2018-03-01 23:08:25,2018-03-01 23:29:37,2018-03-02 17:09:42,2018-03-07 20:52:56,2018-03-26 00:00:00
753c946b8e6608e274c63dacb53fb67f,8a2fc75853530d4225f7fba2d836d387,delivered,2018-07-06 18:37:58,2018-07-07 04:48:28,2018-07-10 14:56:00,2018-07-16 14:13:25,2018-08-03 00:00:00
582ecddc80251f58adb996143e81d6e0,d6aba909671bed4ffb393c2c4a9c1cb2,delivered,2018-05-15 16:13:39,2018-05-15 16:36:05,2018-05-16 14:08:00,2018-05-21 18:36:54,2018-06-07 00:00:00
2275c86505ffbdf6aa88cd91bfeeae33,0b6176d7c46eb2e5d839fbd9f6d1bce7,delivered,2017-12-01 11:10:55,2017-12-01 11:30:53,2017-12-08 15:22:05,2017-12-18 20:37:17,2017-12-27 00:00:00
00a174dbf11967d260033fa6ab711493,ae06f7ef9cae527f248b5401c5663265,delivered,2017-11-27 10:29:23,2017-11-27 10:56:20,2017-11-29 20:03:53,2017-12-19 19:33:32,2017-12-20 00:00:00
9c0ca649b4269a45a953747ae381d37c,9f57e674f66d1758920393d010d9e969,delivered,2018-08-10 20:18:50,2018-08-10 20:30:31,2018-08-13 14:14:00,2018-08-16 21:41:07,2018-08-27 00:00:00
b0121f9117cd8f3e1d9fcfa7c21533d4,a6ce93bc0e8cb0642ef2c8105456fe91,delivered,2017-06-02 16:17:33,2017-06-03 16:25:21,2017-06-05 17:08:24,2017-06-06 12:44:07,2017-06-16 00:00:00
70e430723d15eaf320da7d163e736ed3,3411e434834321dbc03ce82d340a0d78,delivered,2018-08-16 12:46:48,2018-08-16 13:03:57,2018-08-17 14:33:00,2018-08-21 18:32:59,2018-09-11 00:00:00
b7441c24c727cdf423f8339a62447193,83ec5df9d919623cea294ca76be73b0c,delivered,2017-11-22 21:12:44,2017-11-24 03:10:54,2017-12-12 01:08:00,2017-12-18 15:19:08,2017-12-11 00:00:00
96c01643f38c59fe8ac1ef0480d423fc,1796c18274a6cb3a6ec3ac02cde5389c,delivered,2018-04-11 22:47:02,2018-04-13 12:50:13,2018-04-13 22:12:44,2018-04-16 19:54:48,2018-05-08 00:00:00
9ab5644159baae7027369bff9c6890b1,a1be2e6e7eded43730e9b8abd863e039,delivered,2018-01-27 20:56:12,2018-01-27 21:17:09,2018-01-30 20:58:56,2018-02-05 20:11:56,2018-02-20 00:00:00
2468e620a816b687f5dc6878e7d847ce,c263ebf69a31d58fe14346bb309ff697,delivered,2018-02-09 10:47:01,2018-02-10 10:47:44,2018-02-14 22:16:33,2018-02-20 15:03:38,2018-03-05 00:00:00
dea01d9c1e4b72c2db85ece62b00d823,abd0d963d378cd25a471cb2e45534c8d,delivered,2018-01-19 11:37:49,2018-01-23 03:52:55,2018-01-23 17:27:35,2018-02-05 19:41:56,2018-02-16 00:00:00
6b998c66969da91aea4b8ce0173a5bdd,b7683baa9491190a81d10e9c2502c1d0,delivered,2018-05-04 11:09:54,2018-05-04 11:33:19,2018-05-07 12:31:00,2018-05-10 14:22:53,2018-05-30 00:00:00
d607cf247d8e19a82548c3a30cb2d173,1f286139afe2eb2040a68fee6e253eda,delivered,2017-09-13 20:23:41,2017-09-13 20:35:15,2017-09-14 16:54:04,2017-09-15 19:36:35,2017-09-25 00:00:00
e194f9ac9793de14b87eecf9b3532421,edb556fd9c201137bdea274e76b67a9c,delivered,2018-03-16 17:55:29,2018-03-16 18:08:29,2018-03-20 15:26:35,2018-04-18 22:08:40,2018-04-11 00:00:00
0acfe927eda045512670dbbf763b330a,c56ac9e8772a402f6a167237b0c13f28,delivered,2018-04-21 15:10:55,2018-04-24 18:58:50,2018-04-23 20:34:32,2018-04-27 13:31:48,2018-05-17 00:00:00
0f081161ec11a7986d836cf8e012cd21,70e6d8407a54a97e0985316f11f46ee6,delivered,2017-04-15 17:06:36,2017-04-15 17:22:26,2017-04-17 10:38:20,2017-04-20 09:35:29,2017-05-15 00:00:00
7d27be18a08a2dbe4ee2d12c2fc5a739,1186b32fd68e9c50884527b4ad233083,delivered,2018-03-16 21:22:05,2018-03-16 21:35:27,2018-03-19 22:56:35,2018-03-20 14:58:40,2018-03-28 00:00:00
d265e2114f019b12adfff1e68a241a8e,49fbad4fd44bf061db521927312ac8f5,delivered,2018-08-27 19:39:33,2018-08-27 20:20:08,2018-08-28 11:23:00,2018-08-29 20:08:43,2018-08-31 00:00:00
bc01ea4b0d29f66c3b84774cedea3667,edaa9852dc9c501799d0062442a05a52,delivered,2018-03-27 16:27:51,2018-03-27 16:50:54,2018-03-28 22:26:28,2018-04-06 18:29:46,2018-04-18 00:00:00
671da50aeba5a03f468677e421e93b3d,a8f5a28154b64dab69d0a0ada4d223ff,delivered,2017-06-21 16:40:23,2017-06-22 08:05:09,2017-06-23 12:14:56,2017-06-26 14:32:51,2017-07-06 00:00:00
082c7986084072affce4f8c0a20a39df,709a44317585874947086347088ff28b,delivered,2018-02-28 13:15:20,2018-03-01 02:35:36,2018-03-01 18:28:59,2018-03-23 19:14:33,2018-03-19 00:00:00
92ea6a0cefc845d92f3b1339e0e0100a,e66d33cb50becd445c9a52eeee37adbf,delivered,2018-01-12 15:02:58,2018-01-13 14:52:30,2018-01-16 14:58:10,2018-01-26 20:05:22,2018-02-21 00:00:00
d3d2abdcb92f954926408fc4e9088e45,ba8329f5610eea3af74dc1d1fe3e4564,delivered,2018-02-04 18:28:36,2018-02-06 05:31:52,2018-02-09 15:58:48,2018-02-16 14:44:44,2018-03-01 00:00:00
d7c88efc86371e81d37eb2cff1c61020,c6405c62925ba71e578093f93a07814a,delivered,2017-05-23 08:51:27,2017-05-23 09:02:43,2017-05-23 15:53:39,2017-05-29 10:37:40,2017-06-13 00:00:00
38a7d2cc64bcabb5595e709def8dba7e,0df5896a6f325a7c16bbe6c4d80eb82f,delivered,2018-01-11 19:36:51,2018-01-11 19:46:20,2018-01-15 17:46:52,2018-01-22 21:48:32,2018-02-05 00:00:00
9db84495f43c7c241929f3c0380dc27b,bff5381b97603b77d34b06e7b95695fb,delivered,2017-03-24 13:56:44,2017-03-24 14:05:31,2017-04-03 15:03:54,2017-04-11 12:13:28,2017-05-05 00:00:00
bb459de681cfef5d3484ec88dc2b508f,cdfb43f4e84e1508fdaa9d6eb73e52d8,delivered,2018-05-14 15:42:44,2018-05-15 15:35:30,2018-05-16 13:44:00,2018-06-07 13:19:25,2018-06-11 00:00:00
f67ed27c364607b4afba7d4d7b32f524,10b92e68e50359e80f2c0459df7d2442,delivered,2017-10-08 19:34:49,2017-10-08 19:49:20,2017-10-09 16:17:06,2017-10-10 16:05:55,2017-10-25 00:00:00
727ff4968b521aca37f5ac012eb0c9ad,314222754b66db2d977b14ecc4ee2756,shipped,2017-11-24 12:03:10,2017-11-24 13:53:53,2017-11-29 21:21:22,,2017-12-08 00:00:00
122113ebabe53addad2976ed1ba7cfe3,468c50060017c568e068d4608b5bfa16,delivered,2017-04-10 17:23:43,2017-04-10 17:35:17,2017-04-11 15:00:08,2017-04-20 13:52:59,2017-05-15 00:00:00
0bcb914e60bb0de6160699483722bc0d,7095f9b891c923ab4e2298b22649e6ca,delivered,2018-05-06 19:50:08,2018-05-07 09:56:10,2018-05-11 15:31:00,2018-05-21 21:28:20,2018-06-04 00:00:00
94a224f03c816cd9a1d94b886e26da80,ee356dc1282ff78b19141fc057037a08,delivered,2018-03-04 18:31:38,2018-03-04 18:48:48,2018-03-06 22:52:24,2018-04-13 19:14:49,2018-04-02 00:00:00
1500f1a091b64e1e36d67b8622031e93,7edc8f32ebb21dbf9f6e734f2e461afa,delivered,2017-12-05 00:06:40,2017-12-05 09:47:10,2017-12-05 22:18:49,2017-12-12 22:18:03,2018-01-02 00:00:00
58fcb8ce8784213ace394e1427f50fb7,9e4f4608b4a885205ebb609ecdb7ea5b,delivered,2018-07-11 01:50:33,2018-07-11 02:05:44,2018-07-11 15:15:00,2018-07-12 21:51:39,2018-07-19 00:00:00
56ef80c564f6fd57cc662adee0379746,207df7ad3a701cc5f0a232000cca51f9,delivered,2017-01-16 14:24:22,2017-01-16 14:35:17,2017-01-16 15:21:56,2017-01-23 08:56:05,2017-02-24 00:00:00
98886a41872c9df13b990863b330f710,fb858665709e2e6adfe0207bcc5b3118,delivered,2018-08-06 14:44:25,2018-08-06 15:04:51,2018-08-15 13:06:00,2018-08-16 19:28:39,2018-08-15 00:00:00
73c0786753e32171d5d1bba1e682b4ba,437820aa4853d90478621dffef1aae45,delivered,2017-08-07 21:41:19,2017-08-09 02:55:48,2017-08-09 17:15:40,2017-08-17 15:46:52,2017-09-06 00:00:00
e30bc9599660c657ce6cf351f1a98b5f,cc9e0c2d088a2b71c3b5f067fafab259,delivered,2017-11-11 20:24:57,2017-11-14 03:55:22,2017-11-16 22:36:37,2017-11-23 16:31:44,2017-12-01 00:00:00
956f15dfe9a7f2414a02c445fdbb865a,007b7f04a35e02745c23ea706492ca20,delivered,2017-01-21 18:37:21,2017-01-21 18:45:09,2017-01-24 07:21:16,2017-02-02 13:54:06,2017-03-17 00:00:00
90b0ca32bb968251ac0b7eeb5393b7fe,9298e21b96ed98849264062a27a76c63,delivered,2017-11-06 23:01:26,2017-11-08 03:26:50,2017-11-16 14:34:51,2017-11-22 18:58:32,2017-11-24 00:00:00
ffdd178654127ccf34a439e8704fecd9,33d0814c9eff200629eb49330ce5c6a3,delivered,2018-03-07 14:07:47,2018-03-07 14:29:47,2018-03-09 01:43:26,2018-04-07 13:16:50,2018-04-04 00:00:00
78d54cc2c9c87e4bc2a38d1443d81cbd,c624328295d90847765ee77db086b58e,delivered,2018-07-26 16:55:46,2018-07-26 17:05:16,2018-07-27 14:08:00,2018-08-02 21:51:05,2018-09-04 00:00:00
afc22368eeb04afb4727cdec59103f90,4494791f21d3b8231c74f272671b6167,delivered,2018-07-23 15:08:01,2018-07-23 16:04:35,2018-07-25 13:54:00,2018-08-03 16:41:40,2018-08-09 00:00:00
5c8a12c2c89e9e65e52260359ac95a15,05006a510ff7ae9e5b9901344cac5f24,delivered,2018-04-30 13:54:32,2018-04-30 14:14:43,2018-05-02 14:04:00,2018-05-03 18:51:42,2018-05-14 00:00:00
cf89399a034c96945092cc819f31801d,eb3e00534a970a5f3309eac06880f0f6,delivered,2018-02-11 11:13:55,2018-02-11 11:28:08,2018-02-14 20:05:14,2018-03-01 01:43:14,2018-03-06 00:00:00
34871174fe1f4c68f7efac5e5b3fbbde,0d72c06cbd17cde4598ce4aa6d065a7c,delivered,2018-08-19 22:45:16,2018-08-21 04:30:11,2018-08-23 13:40:00,2018-08-30 16:03:02,2018-08-27 00:00:00
173f3e01cc3fc12d3831a3d80a024a90,f493f84141c8e1de969c750413554006,delivered,2018-07-22 20:27:10,2018-07-23 12:31:48,2018-07-23 12:53:00,2018-07-31 20:46:52,2018-08-16 00:00:00
b02a2e4aaf38eb7c05ef28a6091ae2ce,4befc2f11b265e8aad849eafc3c82e43,delivered,2018-04-19 10:15:03,2018-04-19 10:34:38,2018-04-20 20:36:44,2018-05-09 21:33:13,2018-05-24 00:00:00
8c96e32cbba91af2ff0d72a45445d204,e3396866db806ab204f8b769bbca8e35,delivered,2018-08-19 14:19:27,2018-08-21 04:50:22,2018-08-23 07:59:00,2018-08-28 18:17:22,2018-08-31 00:00:00
208f107af74f48f12d680a404d4424cd,7ca26bcdcf2ab6db5a923a08fefe050f,delivered,2018-05-09 02:19:25,2018-05-10 03:36:43,2018-05-11 18:59:00,2018-05-15 00:19:51,2018-05-22 00:00:00
e80d8758f771bccd842da8b6fc2837ca,f11e9b6d22751ce7f65db87b615fea21,delivered,2018-03-19 17:53:45,2018-03-19 18:15:33,2018-03-20 18:08:28,2018-03-24 15:03:53,2018-03-29 00:00:00
86f3eab0f6458fbf53389a14fc8ce71a,994c8f911235968e88a5249a81909121,delivered,2017-04-12 18:49:13,2017-04-12 19:02:25,2017-04-13 15:46:31,2017-04-19 13:24:54,2017-05-08 00:00:00
805bde3649dd9d348ea3b77004f1c6d5,267856cea77d0833f02cb04e26e72100,delivered,2018-06-05 21:54:42,2018-06-07 02:54:37,2018-06-07 14:25:00,2018-06-08 18:08:24,2018-07-03 00:00:00
ac4987e64619cf021a4e8fbb9758cc96,1a5f9e24a9605dc54ffd4eec8835be86,delivered,2017-08-16 08:36:41,2017-08-16 08:50:19,2017-08-16 20:42:05,2017-08-28 21:32:11,2017-09-12 00:00:00
eda1d5c35a11575cffaa3e0fa9d0cd5e,6d5507a06e103b9ea6eeab8fbce6247d,delivered,2018-04-08 13:05:27,2018-04-08 13:30:20,2018-04-09 19:47:51,2018-04-17 11:34:24,2018-04-27 00:00:00
d6c1ed12e8eeaa15e9d5c83c79598f85,550ccac77275f9cdec4b6cd97ac118d0,delivered,2018-08-10 17:15:07,2018-08-10 17:25:18,2018-08-13 15:14:00,2018-08-14 20:50:53,2018-08-15 00:00:00
dec0a06aff130c128418082f77f5b083,63a5e1ee8b7cd39dd906347a4d3cc002,delivered,2018-01-11 12:06:33,2018-01-11 12:15:21,2018-01-13 01:17:12,2018-01-24 23:44:18,2018-02-07 00:00:00
28d14a9fb1c0c5e0667fd9ed3834eb5e,4c9dd00d5d6518a570a4aad430b9bdf4,delivered,2018-05-18 13:56:53,2018-05-18 14:17:14,2018-05-21 14:10:00,2018-05-25 22:02:26,2018-06-08 00:00:00
478232e63af0da7ce4c2e2081629ccfe,c17267116673d32cbb4178325794613f,delivered,2017-06-05 13:40:45,2017-06-05 13:50:23,2017-06-07 09:32:31,2017-06-21 16:41:47,2017-07-10 00:00:00
c972a78eeb0dde0aac82eb51b1450c53,d8bd4f0d3512b29c32850d5e00698b88,shipped,2017-09-30 11:00:12,2017-09-30 11:14:10,2017-10-04 20:22:38,,2017-10-27 00:00:00
55c5b6e322eed3fe3dbbd82da9906019,ba1b4a0f287cf0364816c7376ac2b141,delivered,2017-09-18 19:35:11,2017-09-18 19:45:39,2017-09-20 03:08:39,2017-09-28 18:30:17,2017-10-05 00:00:00
725fd97b392659b4ae97f0aa8a339853,27042fb514020b4fd8b981f6826d3b22,delivered,2018-02-15 16:56:38,2018-02-15 17:33:06,2018-02-16 20:47:45,2018-02-24 12:42:06,2018-03-13 00:00:00
1e2566907e0655a3549bdcb88b0291f1,4574518f4c6e0eef440e205139e125d6,delivered,2017-09-12 16:04:11,2017-09-12 16:10:29,2017-09-13 20:22:50,2017-09-14 18:07:40,2017-09-22 00:00:00
9bf7384574b699b32297382b5df68d09,f4a4d39c7832ae7e22deddde1122de01,delivered,2018-02-03 17:03:44,2018-02-03 17:15:38,2018-02-05 21:53:51,2018-02-14 22:15:28,2018-03-08 00:00:00
ee941f6c41c8ec03c25b856432b50153,531b21f332366319dd5519bb9dd3743c,delivered,2017-10-08 21:38:21,2017-10-08 21:49:29,2017-10-13 15:34:54,2017-10-20 21:33:06,2017-11-10 00:00:00
3c8f1081e21484680c3885d3bb35272c,0bd6589cc150d21213487c73a45b7d3f,delivered,2017-07-20 14:03:36,2017-07-20 14:15:21,2017-07-21 15:05:53,2017-08-04 21:42:11,2017-08-16 00:00:00
ef6fb04e563be683ade0b04904bf0d39,c591b62b0d38be0089c516584f6671db,delivered,2018-02-23 00:07:45,2018-02-23 00:15:50,2018-02-24 17:03:36,2018-02-28 14:39:06,2018-03-09 00:00:00
8a9b30ac80da3860f049247b7464596f,8e150843c1138147cf8ea7253de0319d,delivered,2018-02-08 08:46:56,2018-02-08 09:10:36,2018-02-15 20:23:26,2018-02-16 20:14:59,2018-02-26 00:00:00
e99d24bf7bab6f3b13feddbc3cca9cb7,2e43f7f2d2224f51ee172eff5de196d1,delivered,2018-03-24 07:30:17,2018-03-24 11:48:08,2018-03-27 00:29:37,2018-03-28 19:06:30,2018-04-10 00:00:00
6261f3240a8778c656bd28aeb2ba9985,59c0ac147fb499a0f14577f508a3657d,canceled,2017-05-31 13:21:35,2017-06-01 13:35:20,,,2017-07-04 00:00:00
5dc0af9bde879bc9546685cc7c1035da,3b6c1300a15f16c2097081156eb8355d,delivered,2018-05-16 09:38:21,2018-05-16 09:57:23,2018-05-16 14:05:00,2018-05-21 20:08:44,2018-05-30 00:00:00
f7ad644f2dc46710f51f1bfbf01f94f2,506b50a8062885f9d9862e86bbcfcf94,delivered,2017-08-19 22:39:09,2017-08-22 04:05:54,2017-08-23 19:14:15,2017-09-04 21:19:41,2017-09-15 00:00:00
b9040b3da32e7ac3e6bddf429155c114,2098ea68fab80113fd93ed9e8ba83759,delivered,2017-10-01 14:47:56,2017-10-01 15:06:11,2017-10-02 19:05:27,2017-10-05 20:32:27,2017-10-24 00:00:00
bc52c0e67c00cdbba3a7b62d70979075,993f2de0c7a27d4b99698707cae71d7f,delivered,2017-03-14 12:18:22,2017-03-14 12:18:22,2017-03-16 14:04:42,2017-03-24 15:33:22,2017-04-04 00:00:00
2fc59b5605bf0cfc03638cb2cca26b16,fac64b6875bc7840442069be52752e14,delivered,2018-08-21 18:24:35,2018-08-21 18:35:27,2018-08-22 13:09:00,2018-08-24 21:51:58,2018-08-29 00:00:00
324bba1a05579faca9bea05049eda757,aed82065b343d8ad3d802fe259e945d5,delivered,2018-03-10 17:20:00,2018-03-13 09:47:30,2018-03-14 22:58:46,2018-04-09 13:02:55,2018-04-05 00:00:00
ec67500767e46c56db2d046d13e46296,6f33f93011237ac8e47e0652b5da71de,delivered,2018-02-28 09:40:36,2018-02-28 10:40:35,2018-02-28 19:56:46,2018-03-08 18:46:42,2018-03-20 00:00:00
b322c7bdd4cf76d82887b87689e6b7d8,d573d2e2d3e1ebdf6360fe42765582ec,delivered,2018-03-11 14:24:19,2018-03-11 14:35:47,2018-03-12 20:52:44,2018-03-21 16:12:12,2018-04-04 00:00:00
830f2dd158e996fbc6d363d90978d530,0ff924800f1b14fea0d993177b08cf1a,delivered,2017-12-15 14:08:08,2017-12-19 09:50:43,2017-12-20 17:57:05,2017-12-29 03:36:14,2018-01-16 00:00:00
03e94224875e6dec154cc7a142ce5de2,bb7651b2df4512e6c29ff35a7b8cd754,delivered,2018-04-23 10:09:03,2018-04-24 18:11:03,2018-04-24 17:42:08,2018-04-25 18:58:59,2018-05-08 00:00:00
f689e331732447a491cab98872e7d53b,8dd6ce43135afeb3424e408875c010b1,delivered,2018-03-27 17:14:24,2018-03-27 17:30:24,2018-03-28 17:56:44,2018-04-04 21:18:22,2018-04-19 00:00:00
1ae003b46540d604b41cac187e07fbf7,f2b4062de04b2adb7111ee7163252b24,delivered,2018-03-21 11:23:05,2018-03-21 11:35:30,2018-03-22 19:38:35,2018-03-31 19:28:42,2018-04-13 00:00:00
d16b2207d93383dc91aa5da54cec3d0a,45193c34a13942938ead2873b64c360c,delivered,2017-11-26 22:51:05,2017-11-26 23:13:14,2017-11-27 18:13:28,2017-12-27 15:47:59,2017-12-15 00:00:00
c2412bd3e8f3094b54d02284ae238108,ff6e494112db6e543970ab264d2e3c8e,delivered,2017-05-22 21:19:41,2017-05-22 21:30:22,2017-05-26 14:57:55,2017-06-06 14:22:56,2017-07-20 00:00:00
5b33e5b23e569f404e6eccbbce3e0aa4,c94ec1165bd4556cfedff58b1e56c4ce,delivered,2017-07-07 17:16:39,2017-07-11 04:10:26,2017-07-14 20:29:40,2017-07-28 19:47:43,2017-07-31 00:00:00
4695874459264348f76f20abb7897ec3,1b1304cace9aadc95b98b913a3f4047a,delivered,2017-05-22 17:45:32,2017-05-22 17:55:14,2017-05-23 15:25:03,2017-06-01 15:03:21,2017-06-28 00:00:00
0231382a78f19752dabca6a86b618152,02cb822eec8b6309e7ce715ccea3390d,delivered,2017-03-09 21:17:43,2017-03-09 21:17:43,2017-03-16 09:30:51,2017-03-23 12:42:21,2017-03-28 00:00:00
803f15601207b09e8cf7c80a4fdb1e30,98cf5a598b51e6d8e0e169bb54bc807e,delivered,2017-06-30 14:08:39,2017-06-30 14:23:52,2017-07-04 14:32:16,2017-07-18 21:59:31,2017-08-03 00:00:00
73c545df0a564badb07ae15f5fe6f1e1,0e3ab8ca2f217ac576613e69840d25ab,delivered,2018-02-18 18:44:27,2018-02-18 19:46:48,2018-02-20 00:37:11,2018-02-26 18:47:45,2018-03-09 00:00:00
c84cb424afdb4c6b771f39743b3716e0,b9648176c3b792c649b44d811ae35b12,delivered,2018-07-26 22:42:46,2018-07-27 02:10:43,2018-07-27 10:38:00,2018-08-07 15:18:43,2018-08-14 00:00:00
7c4300b4566920906b3107048eabfcd7,a6af89bba915546c49649eb828009118,delivered,2018-06-09 12:00:53,2018-06-09 12:20:20,2018-06-15 16:38:00,2018-07-03 19:48:41,2018-07-11 00:00:00
a02af2d708eae3995c247d758141efc8,e41b352847236a6ae426ddbd2c3a4e1b,delivered,2017-11-09 22:57:23,2017-11-09 23:10:42,2017-11-16 14:08:49,2017-12-10 20:04:07,2017-12-04 00:00:00
8cda0578a690b3f9d6d86c95cd2ba7d4,4ad39f4021dcce82a5eebf9fd9dd7a6d,delivered,2017-09-21 15:30:39,2017-09-21 15:44:17,2017-09-22 19:50:09,2017-10-06 12:04:59,2017-10-19 00:00:00
eb35492173c3951dc20f437e0f5baf8e,4e3b341939a50bd5d99a86546e81526c,delivered,2018-04-26 09:51:43,2018-04-26 10:34:02,2018-04-26 14:29:00,2018-04-30 16:06:44,2018-05-10 00:00:00
8c64ba171311b3312bd880905b8da534,a340ce6c3570e68d4575a06053ecc491,delivered,2018-04-18 14:29:17,2018-04-18 14:51:13,2018-04-20 01:56:20,2018-05-08 21:24:43,2018-05-15 00:00:00
47de8637746123051630916b1ab338cf,0b39d705dbfe16398432a7a048591853,delivered,2017-11-21 13:56:43,2017-11-22 13:49:25,2017-11-24 21:44:42,2017-11-25 15:42:19,2017-12-01 00:00:00
d1c6fa11a0fb958619647d438f9e4849,b69f71499d18371756e7a6d31a9ac0dc,delivered,2018-06-29 10:32:33,2018-06-29 11:11:29,2018-06-29 14:58:00,2018-07-26 16:08:03,2018-07-25 00:00:00
d30c22b84ba5239f2ae0fc078be7611c,42b3b672e11bdf08931bcbc9ebaa7eb2,delivered,2018-07-23 15:48:01,2018-07-23 16:46:05,2018-07-25 13:54:00,2018-08-22 14:15:51,2018-08-14 00:00:00
2011a926846f9fa10088488fca493f95,e3f8a41dc8def48711c086dad89ab9fd,delivered,2017-11-24 13:25:13,2017-11-24 15:52:31,2017-11-24 22:38:47,2017-12-05 14:03:45,2017-12-22 00:00:00
bb7ae981de452cd0404838ff44ffdc79,e85a01b0c27d1161aa7d71c2afa5977f,delivered,2018-04-11 14:59:00,2018-04-11 15:12:19,2018-04-13 22:46:47,2018-04-26 18:56:42,2018-05-11 00:00:00
69480e1078841dadad7c1daa54407ad6,346e8953d3aac36a611fbace59ddc415,delivered,2017-06-12 11:00:02,2017-06-13 04:25:36,2017-06-14 17:25:08,2017-06-27 14:16:51,2017-07-05 00:00:00
335867dcacb4762eddb7773881b73808,6b6d4e00580b09f566797ecde25bfc1e,delivered,2018-07-06 19:27:45,2018-07-07 04:35:14,2018-07-10 11:15:00,2018-07-16 15:08:47,2018-08-01 00:00:00
f5dd4c037b81efb0d1ea5d0f7d8beddf,4f93c6056cac7dad802e12622a468703,delivered,2017-12-04 15:18:06,2017-12-04 17:23:03,2017-12-05 20:06:08,2017-12-16 15:33:21,2018-01-02 00:00:00
60d0ff4b039dc85b5b738f59b0b044f9,dcba370f080ddec2e83ae526d062dec2,delivered,2017-04-21 14:05:09,2017-04-21 14:15:12,2017-04-24 08:47:21,2017-05-03 13:52:05,2017-05-19 00:00:00
686e2fc048d3d4677583ebad2a721b6a,511b5a1256aa314a4c9480950b00f1d2,delivered,2017-05-11 13:14:01,2017-05-11 13:25:30,2017-05-12 08:47:13,2017-05-24 12:07:34,2017-06-02 00:00:00
c5f0052c5711a034a7b154269bfde906,0e4ffb7264a091878eb8af65e6ef758e,delivered,2018-04-16 11:15:53,2018-04-16 11:31:31,2018-04-18 00:19:36,2018-04-24 22:54:18,2018-05-15 00:00:00
257699bfe87de4eac234324e88db828a,047c4f9e8ca120c41c8d4a61df722ea2,delivered,2018-05-15 14:16:57,2018-05-15 14:35:47,2018-05-15 14:42:00,2018-05-23 23:45:53,2018-06-06 00:00:00
91c4c61f5db7e025e8435b2e13e50f6f,53f923fd81130dee89725646dbc1ad0f,delivered,2018-08-12 11:41:14,2018-08-12 11:55:10,2018-08-14 06:48:00,2018-08-16 20:23:34,2018-08-23 00:00:00
523156bbb727eaea16d8a2880296d26c,23e988565e7a5b46273af0b1f0f65384,delivered,2018-05-10 12:34:52,2018-05-10 12:56:05,2018-05-12 08:13:00,2018-05-19 00:02:58,2018-06-04 00:00:00
eeeebba48c7b5fc22f6e12734ed319ed,39db8e59edb882c1518ef5624f4caf12,delivered,2018-08-27 20:47:15,2018-08-27 21:04:15,2018-08-28 12:50:00,2018-08-30 21:03:24,2018-09-10 00:00:00
e247a0570d308da27cd7f349902e66f8,79c1ae1c3d1a81c10781ecf7d7ef1720,shipped,2018-03-13 11:53:42,2018-03-13 12:10:28,2018-03-14 16:04:59,,2018-04-02 00:00:00
2474e13d0d388a471b50fd455057300c,683a8aa7f2d173c62431616f6108efc4,delivered,2018-06-17 19:26:51,2018-06-17 19:38:36,2018-06-19 14:20:00,2018-06-25 15:28:49,2018-07-11 00:00:00
d7746bb26fc8c125b8f286378c23049d,62681fd345215328176ec9eec92192d6,delivered,2017-06-03 19:59:55,2017-06-03 20:10:10,2017-06-21 18:12:31,2017-07-03 17:04:42,2017-06-26 00:00:00
a9db675620ea42f15fc07297244112c5,dddb49bfda245a56fa89d16181a90d32,delivered,2018-04-03 15:16:00,2018-04-04 03:10:31,2018-04-04 22:52:49,2018-04-11 23:32:35,2018-04-24 00:00:00
5ad5a1ef522da1732ab963ea1fb6165b,a76e74100709762a48e683a177dc86b0,canceled,2017-06-22 19:53:09,2017-06-22 20:05:23,,,2017-07-05 00:00:00
9f42ba3ab7f23f1ce0a717cfc841a9ab,3c8f71003ac0c80c105ed834fed4f738,delivered,2018-01-10 14:55:25,2018-01-10 15:12:39,2018-01-11 18:28:34,2018-01-19 17:59:04,2018-02-05 00:00:00
9de375e01aa3f39d32001e75abd82b99,5f568023042b6139fb399704f7378807,delivered,2018-07-02 22:03:07,2018-07-02 22:10:38,2018-07-03 14:38:00,2018-07-04 22:34:32,2018-07-16 00:00:00
ff49c0a826a9b21b12361deec89f4a98,48fa9040aa250397845fe8cce75f3f6c,delivered,2018-06-09 13:22:37,2018-06-10 13:15:12,2018-06-12 06:32:00,2018-06-18 23:38:50,2018-06-28 00:00:00
442dccfb1443cb7035f2b7810f974dd9,adaf88d3b2dd17497e88d690060fe409,delivered,2018-04-02 21:33:35,2018-04-03 12:35:25,2018-04-05 00:17:41,2018-05-11 00:39:08,2018-05-02 00:00:00
492b48333a37f2f70213b81672d4aa06,4e2e8191d9ba87e497ba547c6354a87a,delivered,2018-04-09 15:14:31,2018-04-09 15:30:30,2018-04-17 00:06:41,2018-04-17 23:56:26,2018-04-19 00:00:00
9aba484676dd70457681a3301c222d9f,5193da38ee92ecd1078e8f1929b4ef53,delivered,2018-04-13 21:16:20,2018-04-13 21:32:33,2018-04-16 22:45:26,2018-04-17 22:42:31,2018-04-25 00:00:00
5028b62d8f474883ae57b5da1ffd1e8a,137cde6ffb788ba7d5f56000bfdab63b,delivered,2017-06-08 10:51:40,2017-06-09 02:35:29,2017-06-09 12:51:38,2017-06-28 13:39:43,2017-07-11 00:00:00
b61baa7b1523a2a7e4e1382f25e6f9de,f280a183e4e63b12aa5b9b6d06baecaf,delivered,2017-07-28 21:49:59,2017-07-28 22:05:37,2017-07-31 13:02:42,2017-08-07 20:02:27,2017-08-28 00:00:00
257d1faedcbe9d328080c6ec04c8f819,bf29b64b2a630fedd411e4b836c216e7,delivered,2017-03-31 22:04:20,2017-04-04 05:45:27,2017-04-06 04:51:43,2017-04-08 23:21:35,2017-04-25 00:00:00
3241baf723e29f140a6ff9082b7f9aca,3e13d7562141418f00f431202390536c,delivered,2017-08-02 12:57:27,2017-08-02 13:10:10,2017-08-04 17:05:52,2017-08-14 19:36:59,2017-08-24 00:00:00
6e5471906b39845aee4480aa16d963d8,eeb730c4c2578aded27aada780e25e93,delivered,2018-04-18 08:21:28,2018-04-19 08:15:36,2018-04-19 20:28:43,2018-05-01 00:17:36,2018-05-16 00:00:00
81c0952b750d74fa259592bdb837e42d,78f11d5157510e904e39314d79f03da8,delivered,2018-04-08 12:49:53,2018-04-08 13:10:06,2018-04-09 20:03:07,2018-04-27 19:58:33,2018-05-10 00:00:00
418aaa61ff9515614340e03422fed9c9,bc94fe20172cefc3e041019d0192caff,delivered,2017-03-12 14:02:57,2017-03-12 14:02:57,2017-03-14 10:44:58,2017-03-17 12:06:13,2017-04-03 00:00:00
47378b461210a310c95e17323f7dd726,8a5881366c8a17270865c025f0636675,delivered,2017-01-27 05:27:14,2017-01-28 03:31:22,2017-01-30 13:42:08,2017-02-06 15:44:33,2017-03-07 00:00:00
d1f60863289ae7cd6e47fd70eae9bec4,175231d5968a57218468d2517a6a4621,delivered,2017-08-15 15:23:30,2017-08-15 16:24:37,2017-08-18 10:07:55,2017-08-24 21:40:06,2017-09-19 00:00:00
9b3d7ee9930f8226dccc9eecbd140b99,9e2a7ec851f933a42a84621ae1ed5922,delivered,2017-08-10 09:18:48,2017-08-10 09:35:17,2017-08-15 15:52:33,2017-08-23 20:03:56,2017-09-11 00:00:00
1fe7be398f57b2c40691376b673de1bb,6f1b9db6eb561df558883985dbd941fc,delivered,2017-10-19 10:17:42,2017-10-20 11:07:13,2017-10-23 15:39:05,2017-11-01 17:12:21,2017-11-14 00:00:00
a26bfd667ba8c2433195ee30be0fd1d6,c49358dde47a3bedbfd5aa834e6248e8,delivered,2017-12-15 10:32:33,2017-12-19 09:30:58,2017-12-19 19:19:32,2018-01-03 21:17:45,2018-01-15 00:00:00
a2ec8ff90a5ffced9e2d1853bf3cf609,ee92860167192bbbbf68f161674745e1,delivered,2017-12-10 21:58:51,2017-12-10 22:53:31,2017-12-19 00:39:12,2018-01-04 16:24:50,2018-01-09 00:00:00
bb0c9e9838bfd4b393853fe7dcf6b8e2,af38d27face41cf31f1915a789d9288b,delivered,2018-02-28 16:50:55,2018-02-28 17:10:44,2018-03-02 20:07:32,2018-03-07 23:19:11,2018-03-14 00:00:00
8c313d4a1bea83111be5bb00105397dd,a4a0c32813e4d6b4f6dd95dd11dc62f1,delivered,2017-12-01 13:05:08,2017-12-03 13:12:59,2017-12-06 22:58:50,2017-12-12 16:48:43,2017-12-29 00:00:00
fe5cc94bdaa0c8c83b6cfb74d01747cf,2e401a3a209079930afd5f9e57ec6bb3,delivered,2018-06-25 12:25:23,2018-06-25 12:38:01,2018-06-25 13:57:00,2018-07-02 18:18:44,2018-07-23 00:00:00
84a68a1498a47dba0c79396d53e46b9e,c9a6c2f1cabd70a425338d9155efe1da,delivered,2018-07-27 23:06:37,2018-07-27 23:15:13,2018-07-30 07:10:00,2018-07-31 15:33:45,2018-08-02 00:00:00
4bb3eed0b423bcae4c063a401e17308e,251a9c289f548b851f2764ea57f0ea59,delivered,2017-11-24 23:44:45,2017-11-25 02:33:28,2017-11-27 23:09:03,2017-12-07 12:44:41,2017-12-19 00:00:00
b80e879030f825a648abffe9d993ff6a,0e7697ddfe20700b6a6bbc3394de3db2,delivered,2018-03-03 10:01:19,2018-03-03 10:15:32,2018-03-06 04:47:42,2018-03-27 21:14:03,2018-03-26 00:00:00
d0570bed0cef820342eaf13ccae334c0,ce0681e1c3f70e1452183c4eb5e66602,delivered,2017-12-19 16:58:22,2017-12-19 18:10:21,2017-12-22 21:34:53,2017-12-29 23:26:27,2018-01-15 00:00:00
445d0c0872352cc8c31b797c707f4c47,6e316412bd0f394423556d697fbc6d16,delivered,2018-01-17 13:43:55,2018-01-17 13:52:25,2018-01-19 16:06:44,2018-01-22 20:49:05,2018-02-01 00:00:00
b4abbcf96e5e2aa453be4751a571bca4,9595112daf4d567c6ec90ebc59d6e16c,delivered,2017-09-18 13:13:13,2017-09-18 13:30:41,2017-09-18 21:18:35,2017-09-26 20:27:01,2017-10-11 00:00:00
cffb339aa5f4745347d75d9999771453,5332220cc8eeb30685f818ac296ecb83,delivered,2017-04-19 17:38:38,2017-04-20 06:35:22,2017-04-24 10:42:03,2017-05-05 16:13:32,2017-05-09 00:00:00
7c5cfb19cd59e93d54d251302ac8268c,4ad9f3aabf40e6cbb73c0511aa878c7f,delivered,2018-07-09 18:27:41,2018-07-09 18:45:13,2018-07-10 14:36:00,2018-07-16 14:34:32,2018-07-18 00:00:00
80aa51679b1fef5a66ee92a688e44fa3,f03ed5c05aba9384c235b9eb87a5b499,delivered,2017-11-21 20:28:12,2017-11-21 20:40:02,2017-11-23 16:37:00,2017-12-27 21:18:28,2017-12-15 00:00:00
e2d3e5a5b56149b36e4df4dedd8648f5,57f4770b4fc8ae0c610fd9821dc38403,delivered,2018-02-12 12:39:57,2018-02-13 13:28:09,2018-02-14 22:38:57,2018-03-05 20:38:39,2018-03-13 00:00:00
bf0037905499198f0e5f888208d275cf,882d6bef7ba1904c9c0db3f7a4bc8fd3,delivered,2018-05-25 22:21:48,2018-05-26 22:17:38,2018-05-28 14:15:00,2018-06-03 18:12:09,2018-07-03 00:00:00
2823f47e6fb0f2a1e5a8f221ebb5aa15,f81bed8a63f637b20ff67dccd843c2a5,delivered,2017-07-18 07:17:50,2017-07-18 07:30:12,2017-07-19 20:49:38,2017-07-25 22:04:50,2017-08-09 00:00:00
c223f0dcc8756ef3523ed32b46da2218,59084ee44b406be03c3d6e28c60bea7a,delivered,2018-06-28 20:08:36,2018-06-28 20:31:13,2018-06-29 15:06:00,2018-07-03 03:47:52,2018-07-17 00:00:00
73357471c1622c6492352c7cce44eddc,b570c3635a4298fb6ea7f1b24771fe83,delivered,2017-08-15 11:19:37,2017-08-15 12:03:55,2017-08-16 19:03:48,2017-08-17 17:47:46,2017-09-08 00:00:00
b06ebf1a46fc060c183c59b092ce49ee,3086654455e8ed4401d93f2af816d8b3,delivered,2018-03-16 21:17:17,2018-03-16 21:30:37,2018-03-21 20:37:42,2018-03-29 22:54:22,2018-04-04 00:00:00
4c3e9e2bce3a3234a9255f390683e3af,9ba4e9572b42c109f0939c3f43eb3e0c,delivered,2018-02-13 12:50:33,2018-02-13 13:07:20,2018-02-14 19:43:43,2018-02-15 18:27:49,2018-03-01 00:00:00
897da32e9712dafcf2fb6615aeb3318c,6a59a192cd68416ca60a4a5809aecfe7,delivered,2017-05-31 17:06:39,2017-05-31 17:15:26,2017-06-05 16:29:55,2017-06-08 10:53:01,2017-06-27 00:00:00
2f9615837f509124f0c936dbd93855ac,15357da0aa538a1e5efabe63f0d71095,delivered,2018-08-08 10:25:10,2018-08-08 10:35:19,2018-08-08 11:35:00,2018-08-13 19:38:27,2018-08-16 00:00:00
9db142d94f2d44a068cfb9ea5da54456,2fdfa48086825561ab78672c8513dba8,delivered,2018-03-07 14:31:46,2018-03-07 14:49:46,2018-03-09 03:28:30,2018-03-26 18:19:01,2018-04-04 00:00:00
9f2c6714edee90964b0b631c22a22448,89d62100264f60ca62619dd012a12f00,delivered,2018-02-06 01:03:08,2018-02-07 01:31:23,2018-02-07 20:12:38,2018-02-20 18:15:09,2018-03-13 00:00:00
6060984d92a7f9a5d6f5f99b8815aa64,21665fa6b18402068a25b8b82da33c70,delivered,2018-01-22 17:30:02,2018-01-22 18:06:48,2018-01-24 22:09:52,2018-01-26 16:39:13,2018-02-06 00:00:00
b357dd0e3d6572e28d060309c0ab339f,4a37008d0c29389ef1c8632e2c4d6ba5,delivered,2017-11-17 05:56:03,2017-11-18 02:15:37,2017-11-23 16:31:50,2017-12-20 15:44:48,2017-12-11 00:00:00
40f036012bb1fb0195ebf7d43b034d72,620a606fe1841ab9e3659b68e137601f,delivered,2018-04-09 23:06:31,2018-04-10 00:35:20,2018-04-12 22:06:39,2018-05-02 12:50:44,2018-05-11 00:00:00
2f18fee7e09d77c69bbb75054b8610b1,c201c80c97c3d9b1c5ae6e363e808f14,delivered,2018-06-30 09:31:54,2018-06-30 09:50:00,2018-07-02 17:18:00,2018-07-13 14:15:45,2018-07-20 00:00:00
2a0facc85fc2b839b8c194436787402b,6d6e81e5815b1fff666907cfa150a691,delivered,2018-05-16 04:35:22,2018-05-16 04:54:21,2018-05-17 15:06:00,2018-05-23 11:13:02,2018-06-05 00:00:00
e2f630b53cb2637be372c3810b089868,67f3e907dce402e696b15f9308ff22ed,shipped,2017-07-26 11:44:28,2017-07-27 11:25:25,2017-07-27 17:47:51,,2017-08-29 00:00:00
75782ab140cfc2ce9f07f0b6390e32c2,11e0029418313bcb51f04b5ea486743a,delivered,2018-02-16 15:19:06,2018-02-20 07:07:10,2018-02-27 17:32:31,2018-03-01 20:09:09,2018-03-09 00:00:00
6e3c8fe2572e4a01c43ef9970e59fef2,19eb2ff94ef3470db204adaae3d6cd99,delivered,2018-04-16 16:47:33,2018-04-17 10:31:18,2018-04-17 22:07:19,2018-04-25 21:21:15,2018-05-16 00:00:00
36995f50cacc28693fffcdb6af6cfedc,3d455fb7aa499fd0cea2a2306b4c43ad,delivered,2017-02-18 17:47:36,2017-02-18 17:55:21,2017-02-20 12:44:09,2017-03-01 13:47:58,2017-03-30 00:00:00
8cbaf68384ba4227bbfb3ccb24c7c1a2,a59b9fb91b4ebe9aba37c55232abc8ca,delivered,2017-11-24 20:58:59,2017-11-24 23:56:26,2017-11-28 21:46:49,2017-12-07 22:44:23,2017-12-22 00:00:00
8dba24f9985ee1c23c565330d02c5099,bbed564e83eb94355dc3537879b54f40,delivered,2018-05-13 18:02:41,2018-05-13 18:13:28,2018-05-18 17:20:00,2018-05-23 15:04:08,2018-06-01 00:00:00
2681f4e9d333e5795a30836c81340c85,e6a01189b2ec98944c29bf5b35adc1d0,delivered,2017-06-27 10:36:44,2017-06-27 10:45:39,2017-06-28 13:33:46,2017-07-06 16:24:31,2017-07-25 00:00:00
05580ea6005bac590a3f143473c9b296,b22929060c67ae572e2e82d531af2fc4,delivered,2017-11-25 21:45:35,2017-11-25 22:33:48,2017-11-28 18:02:46,2017-12-19 22:24:04,2017-12-22 00:00:00
2251c2ae48921e06fee59a7779d9bd47,35d15ec55b747200f78c492b3d9ddd72,delivered,2017-10-10 23:51:07,2017-10-11 01:04:09,2017-10-16 19:22:32,2017-10-17 19:38:53,2017-10-23 00:00:00
f718de7d7e4e4598f3579368cca01a91,c780c18f44b29fa4d0f06f3220d466f4,delivered,2018-07-29 15:45:23,2018-07-29 16:04:28,2018-07-31 13:33:00,2018-08-07 23:35:43,2018-08-07 00:00:00
6f21ad30200f041d3f19995a8718cd11,27a748bd3c2cba4f31221d301d5401ab,delivered,2018-07-23 14:27:37,2018-07-23 16:46:02,2018-07-24 16:18:00,2018-07-25 18:18:36,2018-07-31 00:00:00
0d6adc89d2a26a9691f972daeb40f165,c9d2155ff1486076e8570f3d91ec1bea,delivered,2017-03-18 12:23:46,2017-03-18 12:23:46,2017-03-23 10:48:47,2017-04-03 15:54:29,2017-04-10 00:00:00
b92a772cba8a9bd47b3440908ef29359,63b98f1dfa5acdadfdefedc183756476,delivered,2017-06-12 15:20:54,2017-06-13 04:55:16,2017-06-14 17:38:25,2017-06-19 20:11:49,2017-07-04 00:00:00
53cbf33b674d602f6746cb90a9d874fd,e5ed7280cd1a3ac2ba29fd6650d8867c,delivered,2017-05-15 17:42:38,2017-05-16 03:25:20,2017-05-16 16:02:08,2017-05-22 14:14:45,2017-06-05 00:00:00
2f30c0b1905c65a8ff6c6358bc909625,e963d0e4f815dcd28b135d7d340ec51a,unavailable,2017-12-08 09:32:48,2017-12-09 13:30:49,,,2018-01-03 00:00:00
41c284ffd871324eadf06fc989583619,b2455d365185ab7c1da94e742e4976ad,delivered,2018-03-31 15:08:21,2018-03-31 16:20:04,2018-04-03 17:06:12,2018-04-13 19:58:36,2018-05-04 00:00:00
649aa4ae69d60a0b65b5270e737081be,cc268320e77ed6ba7be0107cc7ad1b8f,delivered,2018-05-27 18:21:21,2018-05-29 03:35:11,2018-05-29 14:04:00,2018-06-18 23:44:59,2018-07-05 00:00:00
d27a4fbd0d3a4cfdf8a109dd88743502,a2e2d94675768728d29f95b2663f6a6f,delivered,2017-07-26 09:12:56,2017-07-26 09:25:11,2017-07-26 23:12:24,2017-08-02 20:25:46,2017-08-21 00:00:00
121dd40b10fc0795e5f649ceedab30f9,07e37249529eedeca890d7a80979b91e,delivered,2017-03-31 18:38:27,2017-03-31 18:45:14,2017-04-03 11:33:20,2017-05-02 16:30:44,2017-05-08 00:00:00
cbbfd069a2876e5db34ae76d6d796c92,3d3bbb0ad71a8a790086e40770b46f97,delivered,2018-02-25 19:10:41,2018-02-25 19:27:54,2018-02-27 23:39:11,2018-03-05 16:52:26,2018-03-20 00:00:00
e2fa3a143afcfe0dc65730a780af43e1,7332c320bdb473f6e765fee364de7da2,delivered,2018-05-07 13:45:44,2018-05-08 13:50:24,2018-05-09 14:19:00,2018-05-15 21:08:43,2018-05-25 00:00:00
e2beeb3a428f811804079bc11b23c0c0,31665bd5bc542687ab54c9fd9ed9917b,processing,2017-12-28 12:46:11,2017-12-28 12:54:49,,,2018-01-24 00:00:00
09903fb2d8388ac463b7c269c099b6cb,8f1a32257a013ab264c572e0b3ed01c4,delivered,2018-06-12 20:30:43,2018-06-12 21:04:01,2018-06-18 09:51:00,2018-06-24 13:18:29,2018-07-13 00:00:00
872b389aca385c49caa8cd43469f684f,b3b571943141ab082521521118c6037e,delivered,2018-08-09 11:38:37,2018-08-09 11:50:16,2018-08-09 14:27:00,2018-08-13 15:51:57,2018-08-28 00:00:00
3449aa90c200ac98335249ce9f0e3151,672fd46db2cd92beb42ce95dded37e49,delivered,2018-04-03 13:35:33,2018-04-04 03:10:22,2018-04-05 18:51:12,2018-04-10 01:41:57,2018-04-19 00:00:00
3505a2f5fdc9c1c19d2eea9bfdac56c4,66e61c83b0c33d1a843ab2061bc2926b,delivered,2018-07-10 17:49:08,2018-07-13 16:06:19,2018-07-11 14:23:00,2018-07-23 22:58:56,2018-08-01 00:00:00
a6456e781cb962cc3f412b04de4fed7b,eee13c10a26da9f6f1c5352b215a88c4,delivered,2018-06-10 13:45:22,2018-06-10 14:16:26,2018-06-11 09:05:00,2018-06-12 20:02:44,2018-06-20 00:00:00
bb67a1014c3abbea2865926f91a66e26,3fd8f9ee763daa9b036f7263fb64c685,delivered,2018-05-08 19:32:00,2018-05-08 20:15:45,2018-05-11 13:28:00,2018-05-17 20:12:20,2018-05-29 00:00:00
b0c2a7d04b165525254254a728c50a4e,76a8a3092e48bba0826495241903e450,delivered,2018-06-07 13:28:30,2018-06-07 13:57:22,2018-06-07 13:22:00,2018-06-21 17:36:43,2018-07-04 00:00:00
28fac8432e4ac40170eeb057fc4c138f,062a227b89b45c5b9bbc9c41a8590e32,delivered,2018-02-17 14:07:42,2018-02-17 14:26:44,2018-02-20 22:50:22,2018-03-08 23:53:35,2018-03-09 00:00:00
cbf088f9ac169d9c7eddcaa9c5e465fe,db65a636fcd05b218b138dc46a2cbb4e,delivered,2018-02-10 15:13:12,2018-02-10 15:25:25,2018-02-21 10:29:26,2018-03-02 15:27:57,2018-03-12 00:00:00
96bce1588131f7637bffaa5c25414b33,af7bc908db6f201c0b53506cefd57658,delivered,2017-09-10 09:49:07,2017-09-11 20:10:16,2017-09-12 21:42:05,2017-09-22 11:59:28,2017-10-06 00:00:00
d0daecbe187c296a08f40888a8cb139a,e3e7d8f2750d84cd02f382c4d242d00c,delivered,2018-04-08 11:42:18,2018-04-08 11:55:16,2018-04-11 19:54:37,2018-04-17 17:52:30,2018-04-30 00:00:00
38d7ca365470a06bd907802a6a62d83a,d3558802f902aaa861259024d95372f8,delivered,2017-11-21 18:35:19,2017-11-21 18:47:27,2017-11-22 22:48:51,2017-12-06 01:48:04,2017-12-11 00:00:00
e4cf3be0bfaec7868f5c8ac4f977f997,c0b85a1f2e552f8f4777d3256c3cd3d8,delivered,2017-09-13 07:46:02,2017-09-14 02:45:20,2017-09-15 17:57:55,2017-09-25 23:37:00,2017-10-09 00:00:00
0fec5b52f7f6c1e7b725c742a8bdf7d4,478d1ae10b5cfa37f148adccee44970a,delivered,2018-04-15 11:05:16,2018-04-17 05:50:27,2018-04-18 17:32:37,2018-04-24 17:28:52,2018-05-07 00:00:00
800dec7675338cd2670326aceb153f09,346b53f3b9d4d463d32641e88c68d85d,delivered,2017-04-17 21:09:46,2017-04-19 02:45:20,2017-04-20 07:56:36,2017-05-04 17:53:57,2017-05-10 00:00:00
a910935f581c2ed30ed200064dafbaab,d5633cabde5e5d7747c839160037af90,delivered,2017-07-13 14:01:21,2017-07-14 14:10:16,2017-07-17 15:24:48,2017-08-02 16:51:38,2017-08-04 00:00:00
bca16cf360ca8795f24ca0beaf2658be,c17c9bfe8ffb37c939ae0d2941c9dec6,delivered,2017-12-13 12:02:03,2017-12-14 02:12:33,2017-12-20 19:33:09,2018-01-10 10:12:49,2018-01-12 00:00:00
edfbaf2edc8f77e074f28ff26a6ab6ad,0c2454abafe19b2fed0ffb128f23aa63,delivered,2017-12-08 14:14:16,2017-12-08 14:34:02,2017-12-08 22:45:51,2017-12-26 15:18:37,2018-01-03 00:00:00
93720f5a467d2edd5e84e209e8a9a4f6,d96bb805d2c42af018ae5158fae49e2e,delivered,2018-04-10 22:48:52,2018-04-10 23:07:42,2018-04-16 19:35:40,2018-04-18 20:08:35,2018-04-26 00:00:00
73efca6402c1b6108195348448d76147,4280fa78d7c43abc5e98a8a3b44d9350,delivered,2018-08-04 14:49:43,2018-08-06 14:55:21,2018-08-06 14:55:00,2018-08-09 23:53:30,2018-08-16 00:00:00
97ad789b38d3d6a17bd34b3c19fe40b8,5a064a14994cdb7c9ba804c668129dbf,delivered,2018-06-04 18:40:03,2018-06-04 18:55:13,2018-06-05 12:14:00,2018-06-27 02:38:46,2018-07-18 00:00:00
5d39411a17c42bca603225f6f89a0207,fea3ed32e9d3eea5878fb54a399461a8,delivered,2018-04-02 17:51:14,2018-04-02 18:10:03,2018-04-03 20:58:24,2018-04-05 23:27:36,2018-04-18 00:00:00
cdc90cad1e7f9d43bfeef525c745ef33,321cb859fffb6249ba9537e12dd348ed,delivered,2017-11-25 12:44:35,2017-11-25 12:54:50,2017-11-28 22:55:38,2017-12-01 21:44:00,2017-12-18 00:00:00
83f658745fc275530bdb3ce5f57c359f,c8f1ff3238c9c1e3182968395fc2313a,delivered,2017-11-28 23:52:10,2017-11-29 00:15:39,2017-11-30 22:11:10,2017-12-03 15:12:28,2017-12-12 00:00:00
b388932b3dad9623ce1b062985ce07a1,43a4ab5ca0e5bf683ae1fb0c760a976d,delivered,2018-01-15 23:32:57,2018-01-15 23:52:12,2018-01-17 17:53:12,2018-01-24 10:53:02,2018-01-31 00:00:00
d037016bf21257acf9413f8a2ee0fd09,57a05331e60fdf30d97f10a1327a1faf,delivered,2018-08-16 12:18:45,2018-08-16 12:35:45,2018-08-17 19:00:00,2018-08-21 00:31:40,2018-08-24 00:00:00
64b9bd1556119a5b054cf5baede3fad4,69fed80679956179027ec3b2df9620a1,delivered,2018-02-19 19:43:38,2018-02-21 06:20:25,2018-02-22 18:29:54,2018-02-28 18:28:54,2018-03-13 00:00:00
bb85c5af835af09aa329b2f4922be259,01ec27f833d99e889b944c5112addff9,delivered,2017-08-07 23:05:59,2017-08-07 23:35:17,2017-08-11 21:14:29,2017-08-14 14:50:32,2017-08-18 00:00:00
f9fc6b37b2a3a42ef88b609566e731c0,a74f39cf6735d061600bc043d4f9326f,delivered,2017-02-05 09:02:40,2017-02-07 03:42:53,2017-02-21 06:22:18,2017-03-01 08:03:52,2017-03-15 00:00:00
c2fe2f550416c0b36bad93166e4d2d1a,4f087ceb0e06ae3ea989493e4359204d,delivered,2017-10-31 12:02:07,2017-11-02 02:31:13,2017-11-03 22:52:45,2017-11-14 20:37:17,2017-11-22 00:00:00
7764b1137f1449a900532727d4a58763,fcd9a514a1dc122d997d6a3f84339463,delivered,2017-03-01 17:03:07,2017-03-01 17:10:16,2017-03-03 11:41:57,2017-03-07 12:49:09,2017-03-20 00:00:00
a4866dfc455353f48014a2b9a86608a2,97ee81fede5757f1ab031e83d1a59f56,delivered,2018-01-11 16:47:03,2018-01-11 16:55:38,2018-01-26 13:27:50,2018-02-14 13:09:54,2018-03-01 00:00:00
f5af86a3bea41e5daef5c06e7a02ad2e,e8d19c7ae749d892ea35e91da2f345bf,delivered,2018-08-01 23:24:08,2018-08-01 23:35:13,2018-08-15 17:42:00,2018-08-20 15:55:42,2018-08-13 00:00:00
f46c420c45b388a5dc8fe673db89929f,92d816799e81ea5cdb034d077ddbab15,delivered,2018-02-11 19:18:20,2018-02-11 19:30:29,2018-02-15 20:29:45,2018-02-20 22:59:05,2018-02-26 00:00:00
f11d1468c04bda8475ef44acac005655,3c7b14b0210d382e4b30d5d7d84bf028,delivered,2018-01-27 10:02:59,2018-01-27 10:16:21,2018-01-29 18:09:59,2018-01-31 22:07:14,2018-02-16 00:00:00
79a7213058b523bb31b7c6c53add8159,d9f9a5318f33a6d8d57b288586182c18,delivered,2017-03-29 15:28:28,2017-03-29 15:50:19,2017-03-31 10:34:20,2017-04-17 11:12:42,2017-04-20 00:00:00
070b4a621a6d06dcff9122e5c04b353a,9bf7217158566072ba308c3d057bbc44,delivered,2017-09-10 09:30:28,2017-09-10 09:45:09,2017-09-13 18:50:01,2017-09-18 20:38:39,2017-10-02 00:00:00
8008c307d21d33e78369fd1ee6cb1284,6aee4197c58218b95b85a3da9d6b7c90,delivered,2018-04-02 11:23:53,2018-04-02 11:35:30,2018-04-03 22:38:26,2018-04-10 16:56:36,2018-04-19 00:00:00
3529da555e9238eaa0ac000c0ee4fb05,40fc3220c11d51a392dd736e38075206,delivered,2017-11-08 15:52:49,2017-11-10 12:56:20,2017-11-16 21:38:33,2017-11-21 15:38:39,2017-11-29 00:00:00
ab9a2911bde46933de19f0eef001d3d9,accd76590a428aba5e578d4a7505645c,delivered,2018-07-25 23:52:56,2018-07-26 00:05:29,2018-07-27 13:53:00,2018-08-03 18:48:50,2018-08-08 00:00:00
cc94aa62777cf27c082eaa521ba00747,ebf28472ced6d1aaf751af1592f56df6,delivered,2018-08-27 07:18:36,2018-08-27 07:30:10,2018-08-27 15:07:00,2018-08-28 21:05:23,2018-09-03 00:00:00
f5136e38d1a14a4dbd87dff67da82701,3fd6777bbce08a352fddd04e4a7cc8f6,delivered,2017-05-24 18:14:34,2017-05-26 02:45:17,2017-05-26 11:20:47,2017-06-05 17:09:48,2017-06-28 00:00:00
a8aa8c2af7ddd7b246469a7d4a53ed75,4068f389794929a12941cb19d170fcba,delivered,2018-03-18 14:24:33,2018-03-18 14:35:24,2018-03-20 17:04:30,2018-04-13 01:04:05,2018-04-11 00:00:00
04d9462386313112744bfe028575d10f,a7fd924b11c1776e4992293e2b2694d3,delivered,2017-06-12 13:55:51,2017-06-12 14:05:22,2017-06-19 16:23:25,2017-06-26 14:58:04,2017-07-11 00:00:00
e11dbf8f73df2ef44ac68c5dd90b3892,8bba7817c19c5fa590c8857669ade46a,delivered,2018-08-14 17:59:38,2018-08-14 18:45:20,2018-08-15 13:03:00,2018-08-17 22:16:24,2018-08-17 00:00:00
31d6ca721a02109e3f90202f01c62a4a,0d6041c3775793974d2fe45052568155,delivered,2018-03-10 00:33:50,2018-03-10 00:48:50,2018-03-10 16:46:36,2018-03-24 20:06:48,2018-04-02 00:00:00
a558d36bc6548afd19f3cf6728bf7077,7414fbad34386bbe9daf9d22b831570b,delivered,2018-06-21 19:03:23,2018-06-22 02:36:59,2018-06-22 14:44:00,2018-06-23 11:03:14,2018-07-04 00:00:00
27ccb6f42b7ff7e079004d6192ab12bb,4399c824aab097f4974ab7fabf8064b2,delivered,2018-02-07 23:03:51,2018-02-08 01:30:03,2018-02-09 21:42:02,2018-02-14 20:27:50,2018-02-23 00:00:00
1043d83f1c9a2f7d84385aa1611d7652,88da9ca0d179585f4c09cd62d71af872,delivered,2018-05-20 20:09:00,2018-05-20 20:29:50,2018-05-22 06:21:00,2018-05-23 17:48:15,2018-06-04 00:00:00
f25bd9ce4a4433355f6011c1a262c49d,e07557a200138bd02c877d6d7ca87db4,delivered,2018-07-27 16:58:06,2018-07-27 17:10:11,2018-07-30 07:30:00,2018-07-31 22:35:00,2018-08-06 00:00:00
02bfd16c1a67263989b258fa92e20d3b,8f720778bef871705f690cdd7f2c7407,delivered,2018-08-16 20:02:31,2018-08-16 20:15:21,2018-08-17 12:05:00,2018-08-29 20:49:41,2018-09-12 00:00:00
c602154123d0956a6fa53e0267b25bd8,c1e0dde767b358b5b0c044c8d5f408ee,delivered,2018-06-02 14:02:44,2018-06-05 04:51:52,2018-06-06 13:10:00,2018-07-09 09:34:27,2018-07-19 00:00:00
2731288f02cee9797af3fcad424f6ee4,115e82729606dd1ad543cc1b410fce37,delivered,2018-04-20 14:42:04,2018-04-24 18:34:11,2018-04-24 18:53:44,2018-04-27 20:28:28,2018-05-14 00:00:00
784dc805e40803fed828b9fbf45b4858,776ee30289e41e0494e430426d953af2,delivered,2017-05-16 17:48:36,2017-05-16 18:02:32,2017-05-18 10:43:33,2017-05-23 00:23:56,2017-06-01 00:00:00
b543e95769f2da5f435df6a8ccb13eb6,f007d19db1f83a2f77650ab490703640,delivered,2018-01-16 13:25:36,2018-01-16 13:36:20,2018-01-17 22:33:50,2018-01-29 21:37:06,2018-02-14 00:00:00
da1d2907817d2c95b1f3e07c76d26bcc,a390b5b8933426a0d79944b89ecf53ca,delivered,2018-06-14 21:15:35,2018-06-14 21:37:02,2018-06-15 14:02:00,2018-06-18 21:27:43,2018-06-28 00:00:00
8831eaa951f7563404fa3355d0a89f1e,f03c9c80de7a0a901cd92d8507717007,delivered,2017-08-30 16:59:19,2017-08-31 04:31:24,2017-08-31 16:27:54,2017-09-01 18:19:07,2017-09-14 00:00:00
87dbf189fd5e4ff0a6846675d7fe9d0e,758019ade97df0865b7fabd23bf29ae8,delivered,2017-07-09 20:42:32,2017-07-09 20:55:08,2017-07-11 19:33:55,2017-07-17 17:53:31,2017-07-28 00:00:00
bf63ec64b243739a224860a034cb5357,5d9af4479e3cddff9ca7cdcaae40329d,delivered,2017-09-15 11:28:58,2017-09-16 02:50:46,2017-09-18 14:22:23,2017-09-30 12:48:50,2017-10-04 00:00:00
974c26d25f3764b5acde8a0b556843be,9ab1a2a05e0311aded3d496b4da0df87,delivered,2017-12-25 16:46:13,2017-12-27 04:12:40,2017-12-28 23:32:22,2018-01-08 22:24:31,2018-01-19 00:00:00
f230041025cb889113e0999362dc2ad1,3c0a441449190dbe7fbcda9358caae84,delivered,2018-03-14 17:24:47,2018-03-14 17:35:30,2018-03-20 16:55:47,2018-04-13 20:03:22,2018-04-11 00:00:00
4c52483789e169329b0dc09e8139b7e2,d4bb4211b01632ddd742d89807c73c82,delivered,2017-07-31 16:57:33,2017-08-01 14:10:14,2017-08-02 16:27:47,2017-08-07 20:53:50,2017-08-22 00:00:00
d6a2e1d3b958b6c5cb3af6f1d4d4a203,8d087e1ce16374d733458b3e018ea4e7,delivered,2017-11-11 17:46:35,2017-11-11 17:55:29,2017-11-24 16:54:54,2017-12-08 22:46:47,2017-12-07 00:00:00
ae0df271cb3c9838b323a5764478703c,c93a78ab4219db951b3d94b1d710639d,delivered,2018-07-15 18:48:15,2018-07-15 19:03:56,2018-07-16 15:34:00,2018-07-25 23:24:38,2018-08-01 00:00:00
c66f263a77d0b978664e122a57598d88,3115ac24b20b9bf9267633753921a408,delivered,2018-01-26 09:28:49,2018-01-26 09:52:31,2018-01-30 02:18:57,2018-02-05 16:16:46,2018-02-15 00:00:00
a3157fa833670799cf5d82abf9188905,2aadb729e67afb7067245bc438cdde52,delivered,2018-01-02 22:30:18,2018-01-02 22:38:26,2018-01-10 17:35:52,2018-01-31 18:26:56,2018-01-31 00:00:00
f895460919953cca1c737af25d8faf3c,97558121050ad51b5f8467919840fd7b,delivered,2018-07-08 17:01:33,2018-07-08 17:15:12,2018-07-13 13:38:00,2018-07-30 17:54:43,2018-08-07 00:00:00
57665b3fb0f04270d6b333c9d1f80a61,958e8ad93117fc0cc509a39861a1e7ff,delivered,2018-07-30 11:22:32,2018-07-31 07:30:51,2018-07-31 15:51:00,2018-08-06 22:41:59,2018-08-17 00:00:00
6ee93b768b2ece278852a25fecf3eb03,44566093e87dfa38e9e682fbbb1d72d7,delivered,2017-06-10 18:08:15,2017-06-10 18:22:37,2017-06-14 09:51:42,2017-06-22 13:56:40,2017-07-03 00:00:00
7117ea59ab9bdbf381b1a880eb25b07c,9026aa2a4b854ef18f281eee09434801,delivered,2018-03-14 10:15:23,2018-03-15 03:30:33,2018-03-16 17:51:17,2018-03-20 00:06:33,2018-03-26 00:00:00
860a775a4c01146f0dac9eebe2ac8461,753f6e40ce5c9753d617ef1405cf67a8,delivered,2017-11-24 11:56:51,2017-11-24 14:37:01,2017-11-28 21:54:46,2017-12-28 12:45:03,2017-12-21 00:00:00
6514f4ab77bfe2791416987c6c136b84,47cb699aff55772778a179d9a6b32bcb,delivered,2018-06-23 17:05:29,2018-06-23 17:16:04,2018-06-27 07:05:00,2018-06-28 21:56:53,2018-07-13 00:00:00
67174eff886029c2cc97d11c74eea9a7,6f8a90f42a1120e42bf3db98b595040f,delivered,2017-11-25 12:47:46,2017-11-27 21:51:28,2017-11-29 16:19:03,2017-12-10 21:06:16,2017-12-26 00:00:00
4f1330720e5aa2d61a474c63620fc42b,428e0381c7a36540d57562f45cf9abd6,delivered,2018-01-12 04:13:58,2018-01-13 05:04:23,2018-01-16 21:33:06,2018-03-02 18:51:31,2018-02-15 00:00:00
eede8f1b542f41da8b04e72bdd357dde,a70394b12364e5ae44f4553c76076a6a,delivered,2018-03-14 13:19:06,2018-03-14 14:00:30,2018-03-15 23:12:00,2018-04-05 22:06:46,2018-04-09 00:00:00
14130f70a2038f80f97d9fcc6e590ba8,d88efaaddfde753a7d05f6b1cb1b5411,delivered,2018-03-23 17:22:23,2018-03-24 17:27:48,2018-04-09 23:08:40,2018-04-24 20:25:47,2018-05-09 00:00:00
46f6ed73fe09537a68e37e5b67fcdd01,92e16dc77c3bc26f219eedd465b6d189,delivered,2017-10-16 14:55:52,2017-10-16 15:07:18,2017-10-17 15:07:48,2017-10-23 22:14:22,2017-11-01 00:00:00
8f15948ef0bdb4709a5801084a564c56,95be4ef194f75ea2eaf653d3d28b2d60,delivered,2017-09-27 07:11:08,2017-09-29 02:58:42,2017-10-02 14:36:19,2017-10-19 19:42:17,2017-10-31 00:00:00
ad0ae09a07feb323ebb93e791ab88917,d6c81d2347ad5b090166bece40a93388,delivered,2018-05-10 16:40:15,2018-05-10 16:58:46,2018-05-17 13:56:00,2018-05-18 14:33:32,2018-05-23 00:00:00
354ca44327bb555017ef42fd921ada11,606ac72d2b2b2a89114d972d2e66a2a4,delivered,2017-01-30 16:33:23,2017-01-30 17:34:46,2017-01-31 08:59:38,2017-01-31 19:13:10,2017-03-15 00:00:00
534a0fbe91a806a1dc6bf09b497e3d6f,d17ae8582d302dbd41b87e5028e8c0e2,unavailable,2018-01-22 02:45:40,2018-01-23 03:36:43,,,2018-02-06 00:00:00
7d0a48a75ea94fb27cbb514b6bd406b4,1fa8165134d1bc197e2bc4ebf659f35e,delivered,2018-05-29 12:43:18,2018-05-29 14:15:10,2018-06-05 14:01:00,2018-06-11 14:51:42,2018-07-05 00:00:00
cd9d1ea1541ad23858c2890cbacd2406,de6e854dd86ca4f038c5aca3c86150af,delivered,2018-03-01 11:28:05,2018-03-02 02:29:54,2018-03-02 15:47:27,2018-03-07 18:41:56,2018-03-19 00:00:00
efc21a26212414ea2383d5392f15f231,b88110cc956e2c4f3ed611c4a64b297f,delivered,2018-04-11 10:45:45,2018-04-12 10:51:58,2018-04-12 21:46:27,2018-04-16 19:58:25,2018-04-27 00:00:00
6613fb221c62895c22ca8a2958d32156,dcb729d4247a942fe9911fe4685899a9,delivered,2018-05-31 22:01:02,2018-05-31 22:15:17,2018-06-01 13:55:00,2018-06-08 20:32:57,2018-07-11 00:00:00
6f7390ae95a89ea985e0d81b189e96d5,c17611c9d2852a5b128c4f1ed28fa0e2,delivered,2017-01-30 20:52:02,2017-01-30 21:33:50,2017-01-31 10:38:09,2017-02-10 12:09:06,2017-03-20 00:00:00
468c2f34312a6d270a20c7aef082041c,c43140cab099145072c92fafa17d0d48,delivered,2017-05-25 00:11:01,2017-05-25 01:10:20,2017-05-25 09:31:02,2017-06-06 14:31:22,2017-06-23 00:00:00
aaaf314a8cf0d0da71e52c6cd4184cbd,7302e92da39fdc7fa8b02048113bf5ef,delivered,2018-06-19 16:10:55,2018-06-19 16:45:29,2018-06-20 11:55:00,2018-06-26 21:17:55,2018-07-24 00:00:00
d0f9313e0b3e085cdd4116f42d31da06,2443d43e2cb0271b2e63ba9a0fe2903c,delivered,2018-03-27 11:19:27,2018-03-29 03:28:54,2018-03-29 22:24:44,2018-04-10 15:58:30,2018-04-16 00:00:00
63feacd35842cf0c330466827955c7fa,bfc79e4f4af23463178a0bbf68ed91df,delivered,2018-04-23 16:53:07,2018-04-25 04:10:55,2018-04-25 13:53:00,2018-05-03 17:19:40,2018-05-17 00:00:00
f8e926b4541bd4af7a14350967ba217e,f451e59a9232fe95d8deab7507f5b172,delivered,2018-08-11 23:30:33,2018-08-13 17:24:24,2018-08-14 13:36:00,2018-08-21 20:37:40,2018-09-05 00:00:00
a978d6eb16b0dd287c64cf99680c15e9,033c0ab40161f39cabba89a415feffaa,delivered,2017-02-06 22:02:37,2017-02-06 22:15:13,2017-02-07 08:44:50,2017-02-20 16:42:25,2017-03-27 00:00:00
9c5b6f458d5e5f8e372c112f8b658af6,e8376bb0980c62f2368025ec10161e4a,delivered,2018-03-07 22:26:43,2018-03-07 22:35:36,2018-03-08 18:42:34,2018-03-22 23:58:49,2018-03-23 00:00:00
541e98fb4e0b225dbc4493ae9d53eeb3,568be7bdad827e05c5b0b87614cb8c59,delivered,2017-11-27 22:23:47,2017-11-27 22:33:24,2017-11-28 23:33:54,2017-12-11 16:34:26,2017-12-22 00:00:00
3a39e6f440a811e9d4ad1bf47dd6c14d,5e4c7fa1c287657de20c8e19c2f959a0,delivered,2018-01-09 17:03:01,2018-01-09 17:32:31,2018-01-11 17:27:42,2018-01-25 18:26:58,2018-02-06 00:00:00
b51eb394d66d1bfb29d0e6367bd57d59,e972fcfb5af10aba3067698ccc05f611,delivered,2018-02-27 09:50:14,2018-03-01 02:35:37,2018-03-01 20:12:24,2018-03-19 15:56:34,2018-03-26 00:00:00
4534a8dd8fc9a1eccddc2bc6a7fd2ba2,6b419cdbd0dbc828c9fbd809cd6f983c,delivered,2018-06-08 10:06:43,2018-06-08 11:05:05,2018-06-11 11:35:00,2018-06-27 18:02:11,2018-07-19 00:00:00
264ce11c5e766e56fad7ef4046030511,beca47edbdd65b21b705e744c4275638,delivered,2018-05-25 16:23:48,2018-05-25 16:36:42,2018-05-28 14:20:00,2018-06-10 17:02:21,2018-06-25 00:00:00
7a70b827ebc6ab85bd4e28739619bb2d,cad3d3fc70d214ca82f4b5d6dfb279f2,delivered,2018-08-08 17:41:10,2018-08-09 17:50:09,2018-08-10 12:33:00,2018-08-18 11:24:19,2018-08-29 00:00:00
7f0cd5312c451eb0b746d9e0617e57f9,d6c5e3efecf1ebb34d1b7665db05de3c,delivered,2018-04-26 14:04:20,2018-04-27 08:15:15,2018-04-30 13:52:00,2018-05-15 18:36:50,2018-05-24 00:00:00
23799ee0d85541263f0637d4b86d5e5b,98209b8b1b97a90f4b5028daffb1b73e,shipped,2017-05-01 10:23:49,2017-05-01 10:35:20,2017-05-02 11:50:50,,2017-05-23 00:00:00
efeb57b095ad1d83a933437cb2c4837c,df939eb2e1f58a07066431a50bb9bf55,delivered,2017-11-16 17:42:52,2017-11-16 17:52:46,2017-11-17 18:41:53,2017-11-30 19:35:17,2017-12-07 00:00:00
e713631edbb37cc11f989c7d8412b80a,b8106fd2ea14b1cb7d883bdbaafdc82a,delivered,2017-11-24 23:32:55,2017-11-25 02:32:58,2017-11-30 20:53:40,2017-12-05 18:04:10,2017-12-08 00:00:00
463dc1b7fe6a8f19d740aba99d88ab73,f8f4be39e47db4b1a363cd95dec7a5f2,delivered,2018-02-28 15:11:27,2018-02-28 15:30:36,2018-03-02 00:25:03,2018-03-15 21:13:36,2018-03-28 00:00:00
780dfcd5aaf2662f3f6ce2201164394b,f73d378096054953caa2d69a8abceb73,delivered,2018-08-22 21:26:03,2018-08-24 04:05:18,2018-08-24 12:07:00,2018-08-29 13:35:47,2018-09-18 00:00:00
f92ebc52a42344683b930dfb16d2f317,c5c49531a2382c251f866e8c14dfb3ea,delivered,2017-11-24 10:26:27,2017-11-25 04:18:20,2018-01-04 21:28:03,2018-01-16 13:09:55,2017-12-18 00:00:00
99f6d132908e686db5ad8db097e76aa3,c557c88c4ec1f4c74389e95230d73f3e,delivered,2018-08-04 17:01:32,2018-08-04 17:15:15,2018-08-06 12:29:00,2018-08-07 15:17:39,2018-08-09 00:00:00
8ace197d57084cf99d770809ef26dab7,0a4c9f486aaecf0f40738a4306c1d552,delivered,2018-04-11 08:54:56,2018-04-13 02:11:12,2018-04-17 12:46:47,2018-04-20 22:02:29,2018-05-04 00:00:00
ea497a8fb762e77015ca8d85236d6e47,078a6dca7a00e66f3abf78d3ae96825a,delivered,2017-09-24 18:23:30,2017-09-26 04:04:44,2017-09-27 17:20:15,2017-09-29 12:03:59,2017-10-17 00:00:00
ad4c9fc51e6080fe19b1e0a62752d55d,23498073f7aa58164d73d99dc9a51e50,delivered,2017-11-24 20:40:42,2017-11-25 11:15:32,2017-11-27 23:17:04,2017-12-04 19:04:55,2017-12-14 00:00:00
8ea705b6d457f1b50272b5ae5a7a9099,6e99b4a37b2d5aa40cb85bdfcf9dc0eb,delivered,2017-06-14 12:52:00,2017-06-14 13:05:08,2017-06-19 08:12:07,2017-06-19 19:35:51,2017-06-30 00:00:00
e210480a7951a7968ea2a32e38c6dd70,6cc74c60ca9f1e86a7116ade13075729,delivered,2018-07-13 16:49:46,2018-07-13 17:23:46,2018-07-24 16:07:00,2018-08-13 22:16:43,2018-08-15 00:00:00
92d956a077a254413755349e0efd0ed7,9dc357207f1b0acf9782276bed80f48d,delivered,2017-11-02 22:46:35,2017-11-04 06:15:25,2017-11-08 21:21:53,2017-11-13 23:03:04,2017-11-23 00:00:00
a5d3eeeb605f6e2ce95e590543148234,05e8586e1ca488defddd47b5be9179c3,delivered,2018-05-13 21:46:59,2018-05-13 22:13:44,2018-05-14 13:40:00,2018-05-15 17:31:01,2018-05-25 00:00:00
f099e70d7cf0a758ccb7fb362d477166,027ece8189c0d8b1d3b543676aa81a9c,delivered,2018-03-06 13:02:23,2018-03-08 02:15:51,2018-04-04 01:08:26,2018-04-10 01:34:26,2018-03-26 00:00:00
3d17947832f443d603d5329d4f42b210,be9c2bbc3f4b220a693327fba72265d0,delivered,2018-04-19 16:12:10,2018-04-19 16:58:38,2018-04-20 23:16:31,2018-04-24 13:33:09,2018-05-14 00:00:00
8e10a1d1a57b6a469bc9a7a95c638b5a,78b0449357aac9b99f762f7d033aca6f,shipped,2017-11-24 06:49:43,2017-11-24 06:57:22,2017-11-24 21:49:31,,2017-12-08 00:00:00
9247f243c8ce8daa5f7011af7f97fecb,d004cba3f9bec60369b26eed8b97d594,delivered,2017-08-26 22:55:05,2017-08-26 23:05:39,2017-08-29 20:22:38,2017-09-08 19:41:33,2017-09-19 00:00:00
9ca8a98b31ed734b2db90fca420cda8e,a72bd498fc675be01dcf6c5f5e86e520,delivered,2017-05-01 09:54:59,2017-05-01 10:05:21,2017-05-02 16:26:53,2017-05-04 14:46:33,2017-05-23 00:00:00
61409da3655a093963f861bd9a96c600,d448b7d85542debc1b41de6cc14b50d4,delivered,2017-10-22 19:25:14,2017-10-22 19:35:27,2017-10-24 17:36:05,2017-10-30 18:43:54,2017-11-09 00:00:00
db37a79f21c59753d1ba93cc44d6cc4a,77650ab2482dc921150e09bea05890b6,delivered,2018-05-08 10:40:42,2018-05-08 10:56:19,2018-05-08 14:36:00,2018-05-12 00:08:51,2018-05-23 00:00:00
aa26ab274909dba40108cdcfc216f8b6,7f78a17c4b22bce421b4677bb221ea35,delivered,2018-04-10 21:32:22,2018-04-10 21:50:05,2018-04-11 19:47:44,2018-04-21 17:33:46,2018-05-11 00:00:00
45a857702c4695511eff5f2d40cfa75d,5a7500ddd320df5f05497b67090564da,delivered,2018-04-25 22:13:57,2018-04-25 22:31:52,2018-04-26 12:58:00,2018-05-03 18:40:36,2018-05-17 00:00:00
958407f3ab4e9f0d5d03a341f3840ce2,f1d8392057447bcc4dedf77c9a80edb1,delivered,2017-12-03 11:51:41,2017-12-03 12:11:58,2017-12-04 21:03:20,2017-12-08 13:51:45,2017-12-20 00:00:00
2c4f5d63471424bab535f4ff1051823d,526ca0c61e632c67f44099eaf587b023,delivered,2017-08-09 20:07:05,2017-08-10 19:43:54,2017-08-15 21:22:59,2017-08-28 20:17:45,2017-08-31 00:00:00
2b233b3b91f2164ae046d169a3d975ee,de321c0e4deafe175d021b9d9b257c40,delivered,2017-03-03 23:50:26,2017-03-04 01:32:48,2017-03-07 08:44:15,2017-03-21 02:35:56,2017-04-05 00:00:00
273ff9150ef1e7b66d89ac10f7cc7899,50d37bde3d02cb5e11d46544e5e8791c,delivered,2018-04-15 09:48:06,2018-04-15 10:15:19,2018-04-18 22:13:26,2018-05-11 16:48:46,2018-05-15 00:00:00
228dba745fdc79fe3b74e70f3e8f67db,a8f1b32299cc451c2480231139c9ad39,delivered,2017-07-27 17:18:21,2017-07-27 17:30:09,2017-07-28 15:33:58,2017-08-02 18:03:44,2017-08-18 00:00:00
dcc74da4fd99c9e96c775807b658336d,ee905ec97794ec6e95a8a02273cf5f20,delivered,2017-06-18 17:55:19,2017-06-21 10:25:15,2017-06-21 14:10:25,2017-07-06 16:13:50,2017-07-11 00:00:00
77054c0ae83a94aa7dda477bf235645b,2e22bee00067f79174a49def8fec481c,delivered,2018-04-14 22:10:20,2018-04-17 04:11:41,2018-04-18 18:52:44,2018-05-04 18:42:31,2018-05-11 00:00:00
373050e6af734517549f69f888763324,e51521843de8135ca5c2aebd76299469,delivered,2018-05-10 22:39:19,2018-05-10 22:57:32,2018-05-14 14:51:00,2018-05-18 14:51:44,2018-05-29 00:00:00
e6f6345c50327507fe35965aa65c8e94,b0a44e6002f9ff27862759d0d1992f4e,delivered,2018-08-27 18:50:06,2018-08-27 19:05:19,2018-08-29 15:02:00,2018-08-30 23:16:46,2018-09-04 00:00:00
b2d6c7b5ebf482317945ef822da56002,0a3ac1140826e07dcd774a7fc6e288b6,delivered,2018-03-01 11:48:22,2018-03-01 12:10:07,2018-03-05 15:22:21,2018-03-13 19:18:21,2018-03-15 00:00:00
4dd077c76e72e73742c4af14ebfbd4d1,5184df07acf834cd8a00cda25c376ebd,delivered,2018-06-07 08:57:05,2018-06-07 09:15:24,2018-06-08 14:44:00,2018-06-15 00:22:21,2018-07-13 00:00:00
6db5e7f2c9cd83bcf07b97044be2c0df,a743d5c3ba8ad2c90f90436852d418d1,delivered,2018-06-10 18:08:28,2018-06-10 19:51:25,2018-06-11 17:17:00,2018-06-12 19:46:44,2018-06-26 00:00:00
926282951ac5113c0a44287b4a30d5bf,145f93b9592c03d9d7dfbbae7e80c6f7,delivered,2017-11-27 15:06:28,2017-11-27 15:19:17,2017-12-01 19:12:10,2017-12-18 17:14:28,2017-12-21 00:00:00
aa45e41799067f67755e2e4e41925aa3,ecbe0bf872587f3cb5633f2b5d9b9fcf,delivered,2017-12-08 21:27:38,2017-12-09 07:11:08,2017-12-11 17:38:45,2017-12-18 16:58:32,2018-01-08 00:00:00
6c86cd28bc4a6ac0313b8d3e03131e9f,ff08e4d01ec84cf685cbb73cea8c1aa3,delivered,2018-01-03 13:28:41,2018-01-03 13:40:36,2018-01-04 12:03:58,2018-01-09 13:09:58,2018-02-20 00:00:00
245d1537baa4ed68d968e3c0f2ca5d16,8281392ae6bb39d84ababcdf4734f5b8,delivered,2018-02-11 23:27:52,2018-02-15 03:55:46,2018-02-27 23:38:59,2018-03-20 14:32:41,2018-03-14 00:00:00
a68dcfa331c5289cc9a15c24e3c1e476,72b55045ba227f2f40221ee830993778,delivered,2017-11-09 00:26:50,2017-11-09 02:30:58,2017-11-09 20:22:11,2017-11-21 18:38:36,2017-12-08 00:00:00
73756076fcc66ccd661bb81c5ce0c5fc,4366ad2fadfbb1f93c2b10d55d2edf81,delivered,2017-07-14 18:30:46,2017-07-14 18:43:54,2017-07-15 13:57:50,2017-07-26 14:34:57,2017-08-07 00:00:00
1d54db601b417ccdfd3b7071955e6cc7,7e7d2271d6f55b03b0bd4615c5f2de6e,delivered,2018-04-27 05:57:39,2018-04-28 10:29:50,2018-04-30 15:36:00,2018-05-03 23:52:04,2018-05-15 00:00:00
3909091186fad2ea417f3166d4067808,0ff74aa01898256d6b270ca4fc4b9577,delivered,2017-11-26 20:04:57,2017-11-28 03:44:37,2017-11-30 17:26:50,2017-12-10 11:16:11,2017-12-15 00:00:00
9bdc2095c034062781104665d6e3b9b6,6d59eb54b9df0cb6c0d67669819e02c5,delivered,2018-01-16 14:19:32,2018-01-18 02:11:10,2018-01-19 22:57:49,2018-01-25 17:12:28,2018-02-08 00:00:00
252a85fbb824c236e3b232f556edfc68,519579a0b1843161c9ac5cac2376caec,delivered,2017-12-04 09:47:00,2017-12-05 11:30:01,2017-12-05 21:13:43,2017-12-26 21:18:53,2017-12-27 00:00:00
06f4b63a078dd3d2ca46e379c2ab419e,8eafb1ae4b90494f3c3460771c07612c,delivered,2017-06-23 17:36:41,2017-06-23 17:50:12,2017-06-26 13:42:17,2017-06-27 16:17:35,2017-07-06 00:00:00
80c7b4c9343d57c6f4e84201ba70063c,b339abac3ae25f5b2b4f46d64ae42464,delivered,2018-03-04 09:51:23,2018-03-05 09:48:22,2018-03-07 01:13:28,2018-03-26 19:47:47,2018-04-05 00:00:00
201e6171af7d4a477721fde96efcd3a6,318c79ecbef169cf1961191ee2e2b547,delivered,2017-06-11 00:04:07,2017-06-11 01:10:13,2017-06-13 09:18:59,2017-06-19 18:11:44,2017-07-03 00:00:00
f029d5966aa03c87e17e2482f86202b1,ece9fb6661a1dc0cd93f5f8c9cf13b83,invoiced,2017-10-23 21:44:36,2017-10-23 21:56:09,,,2017-11-14 00:00:00
5ef28a6d6a0cfcef8e5eb4c151c18e82,6c9d5406be0d00b55c698e4f5f59c42b,delivered,2018-07-05 20:43:58,2018-07-05 20:55:30,2018-07-12 13:50:00,2018-07-26 14:21:30,2018-08-07 00:00:00
9b573950822247289cc283b3e30f19d8,b025998376e02b75dae7d887315d5da8,delivered,2017-11-24 21:04:24,2017-11-24 23:54:54,2017-11-27 15:57:06,2017-12-11 19:47:06,2017-12-27 00:00:00
be929febed86ae91848b45a84c499e44,8b8c47170df5dd2207aca5ce4d9cd608,delivered,2017-12-06 13:12:24,2017-12-06 13:19:33,2017-12-07 18:27:15,2017-12-11 17:33:29,2018-01-05 00:00:00
4a4ed9ed7922304a569ed850baba99c6,4ed6dff46316b8f7e80d1972f27ca39f,delivered,2018-03-08 21:36:23,2018-03-08 23:24:42,2018-03-12 20:33:04,2018-03-23 19:22:54,2018-04-04 00:00:00
da48dc4b67c6a225cba172618417ac34,7126ec8fd6c81f9f0b3a50f337bcde4e,delivered,2017-03-15 16:34:04,2017-03-15 16:34:04,2017-03-16 10:04:20,2017-03-28 16:15:43,2017-04-05 00:00:00
1e6c83f252357f4c9ae0df874887ef7e,7e5f789e079e767b1048f6f69e3fb67c,delivered,2017-02-07 22:03:42,2017-02-07 22:15:14,2017-02-09 14:38:44,2017-02-14 14:19:02,2017-03-20 00:00:00
ef2ca7d8cb8ec4ec022a77785b6b48ff,3d467c5762bb6d35042b28517d723219,delivered,2018-06-12 12:51:41,2018-06-12 13:24:28,2018-06-12 13:06:00,2018-06-22 22:26:23,2018-07-12 00:00:00
d127d99c100d3b63c29a600aab85fbd2,e1c2d716039d0df723bcd9e375267b9e,delivered,2018-05-17 19:22:11,2018-05-19 03:15:34,2018-05-29 07:13:00,2018-06-06 20:14:39,2018-06-11 00:00:00
626d84eb4cf67fe4d53e9c0d945388fc,f8e9242670e2a006945583dd4d13ae43,delivered,2017-12-13 13:24:24,2017-12-14 02:12:37,2017-12-14 16:47:02,2017-12-19 18:31:49,2018-01-03 00:00:00
d543b0fedeb939f3fda2a3c2fe167b02,f8cd00a7baf936fd020f7c38247dbd63,delivered,2018-08-27 17:32:01,2018-08-27 17:45:22,2018-08-28 14:53:00,2018-08-29 15:18:54,2018-08-30 00:00:00
1963cdf64d49297eb541ceee16ee659e,794e9df7154683f0861c93019aafb6af,delivered,2017-11-26 21:02:09,2017-11-26 21:14:27,2017-11-28 00:02:55,2017-12-01 18:38:50,2017-12-15 00:00:00
419158f0fcd3a19edca60d45d531849e,ac13f7c32f187f3ee52677e5270e85e0,delivered,2018-04-13 13:19:27,2018-04-14 02:15:32,2018-04-16 19:11:26,2018-04-25 19:29:40,2018-05-14 00:00:00
420d28103f84eb7c76bede8dddea608c,759009dbd177474a0c58c632fe296ce6,delivered,2018-08-15 09:01:23,2018-08-15 09:15:11,2018-08-15 12:15:00,2018-08-16 18:47:28,2018-08-24 00:00:00
44558a1547e448b41c48c4087fe32ddd,40e2a5bab2a362999505842bbfb0d590,delivered,2017-05-10 20:47:02,2017-05-10 20:55:21,2017-05-11 11:56:16,2017-05-12 17:00:05,2017-05-18 00:00:00
eba5d5c86dc17ef81926ce3e339da945,d839e253e97aea3c0bc5df7a08361fcb,delivered,2017-11-22 11:04:05,2017-11-22 11:11:24,2017-11-23 18:52:12,2017-12-12 13:33:03,2017-12-13 00:00:00
8828c448621cb6894c87c5c2be785309,6ad370043aedf67e3620fcdccd95bbf8,delivered,2017-08-21 19:10:44,2017-08-21 19:25:12,2017-08-25 19:49:42,2017-08-28 21:19:56,2017-09-06 00:00:00
1eef4e610c84e24e3ea7039a14693e90,5403fdd3b599bf8d6c07b02c3ac39ff6,delivered,2017-08-01 21:27:25,2017-08-03 03:04:59,2017-08-08 20:33:05,2017-08-16 14:03:48,2017-08-23 00:00:00
109b43dc12d67a5107cbbfb7fe98d0ae,592e40170cce9817780844caf7c0a2e9,delivered,2017-07-25 15:45:53,2017-07-25 15:55:15,2017-07-28 20:03:04,2017-09-19 14:18:08,2017-08-22 00:00:00
8650f273b9279f880588142245c2c398,1a6cb0e076784a5e73557aa5defd660a,delivered,2017-06-22 11:05:14,2017-06-22 11:15:24,2017-06-24 06:33:34,2017-06-29 11:42:17,2017-07-12 00:00:00
157b4fe03013e7a9db562091a12c2f8d,969d8a95fd033aa0d536264554d3a31b,delivered,2017-09-23 22:19:48,2017-09-23 22:30:09,2017-10-04 16:50:10,2017-10-14 13:24:34,2017-10-26 00:00:00
4bb429b2f70ff5c85e7fdcecb5efa852,52bfa05d8b00de2d68a7039015f6577a,delivered,2017-12-26 23:32:04,2017-12-26 23:39:31,2018-01-02 18:14:03,2018-01-11 20:09:03,2018-01-24 00:00:00
58e507b7d867429e6bd5116ea280588d,0f2b84248204870aa5a64e07b578ced7,delivered,2017-05-07 12:47:29,2017-05-07 13:10:26,2017-05-12 06:41:52,2017-06-05 14:08:08,2017-06-08 00:00:00
6b67ec6cfd19c0a30f91afb6bd431e8f,c2b0ea6dfda294a608886e885972199a,delivered,2018-02-20 10:45:27,2018-02-20 10:55:35,2018-02-21 21:52:42,2018-03-05 15:22:01,2018-03-15 00:00:00
effbc2be1e2eda5f0250adc2f307f346,be82df97dfd71eba6ea5ffd99caed7ea,delivered,2018-07-18 14:09:17,2018-07-18 14:22:22,2018-07-20 15:11:00,2018-07-25 14:42:04,2018-08-10 00:00:00
6da61def5ee2d55fc6b9dfbc43efca0b,006fffc5b0accd275de3e3a4b6d0832d,delivered,2018-03-14 13:28:44,2018-03-15 03:15:36,2018-03-16 23:04:27,2018-04-12 12:51:16,2018-04-13 00:00:00
0571cdb407bf04b419c94ffd7acbd874,2ec7666d1077597d4e4ff2116a319530,delivered,2017-01-19 21:24:05,2017-01-21 03:05:52,2017-01-23 11:41:56,2017-01-30 13:24:45,2017-03-03 00:00:00
a3bf941183211246f0d42ad757cba127,3718e1873d5dc3e8d96c0ab783278b02,delivered,2017-07-24 22:16:25,2017-07-25 22:25:11,2017-07-26 14:57:42,2017-07-28 19:06:46,2017-08-04 00:00:00
3b3c727f2f017c3efa05f74a729727d0,5419456ce86985adf34fb7fbb0d22daf,delivered,2018-03-16 09:46:00,2018-03-16 10:24:37,2018-03-16 20:21:54,2018-04-05 17:02:55,2018-04-05 00:00:00
7cb76df433b42580f7512fde60984ba5,1d510e457bb6e83400a904c93a6974af,delivered,2018-02-02 10:06:20,2018-02-02 11:12:35,2018-02-05 15:53:08,2018-02-09 01:11:52,2018-02-26 00:00:00
63098185d431678eef6d6651e235a1f4,3abc6ea6997457982d7a6f025c4e0786,delivered,2018-05-15 10:46:21,2018-05-15 11:31:37,2018-05-15 14:42:00,2018-06-04 17:03:57,2018-06-11 00:00:00
9aec77497620910d9b081312430ebd93,735407923bd7e1c88fd2994ae3a5d83b,delivered,2018-04-21 01:04:55,2018-04-24 18:08:01,2018-04-24 00:38:43,2018-04-25 17:48:46,2018-05-04 00:00:00
0cedb7b34000334cf6a9e407fcaa5203,b9a96d45b2fc1fb779cd86dba54a3110,delivered,2018-07-11 13:32:41,2018-07-11 13:46:31,2018-07-12 12:44:00,2018-07-25 00:10:54,2018-07-31 00:00:00
b138a736fdb315dc4dc8e277caa8ebcb,44b1b38478ff0cfb5e9e4b6254aac453,delivered,2018-06-13 21:17:39,2018-06-13 21:38:23,2018-06-15 13:35:00,2018-06-21 21:12:34,2018-07-12 00:00:00
538917e9e6d39e4e2f6d7480f7c2479e,ed9a9009b3f1634f5aba2e8eaee8e494,delivered,2017-02-04 23:28:25,2017-02-04 23:42:00,2017-02-06 15:08:49,2017-03-01 08:37:44,2017-03-15 00:00:00
35c369ca367805c6b6c59ce554768eef,10ce609a34904ea87a4254e96b05dcf8,delivered,2017-10-24 21:38:09,2017-10-24 21:49:24,2017-10-26 19:48:07,2017-10-28 11:50:06,2017-11-08 00:00:00
86cab3cb87a61fcf116c34a9231b1828,1a43cf85a4f3490e013bdc880c40ccec,delivered,2018-04-02 11:15:28,2018-04-03 05:10:33,2018-04-04 19:06:47,2018-04-13 21:36:45,2018-05-04 00:00:00
f197897366a10204e289606b4838ea3c,b7aeb0ea3110edb266582312f6a00ce0,delivered,2018-02-14 17:51:38,2018-02-14 18:08:21,2018-02-15 13:28:28,2018-02-20 14:51:53,2018-03-07 00:00:00
e16efc3cc50ac44b70f993463b609174,058b8118018cd37ff01ae5339a76c980,delivered,2017-07-16 13:16:45,2017-07-16 13:30:10,2017-07-20 17:42:19,2017-07-27 20:27:34,2017-08-04 00:00:00
a30016fdd70010d634bdbbe5aa016c18,931b19eb7671ec561f735b242b76da72,delivered,2018-05-07 21:34:52,2018-05-07 21:54:25,2018-05-08 12:08:00,2018-05-16 01:04:02,2018-05-24 00:00:00
75306e9e0b8f64c5bd70c0d24f87a759,c9280eef806b9c59397a4b993c1282c4,delivered,2017-09-26 18:04:37,2017-09-26 18:26:06,2017-09-28 13:38:03,2017-10-06 19:18:05,2017-10-25 00:00:00
0ac372f92fbec55ca27ef4fa99a6a13a,96d3328d8b8625bc4d656279e1515bee,delivered,2018-01-11 14:01:09,2018-01-11 14:12:26,2018-01-13 02:51:29,2018-01-24 16:39:08,2018-02-09 00:00:00
431deec11a68067a1366683c3614d364,6169e1f688411d49915cddaf1f5c677f,delivered,2017-09-28 22:39:37,2017-09-30 02:14:20,2017-10-24 19:45:48,2017-10-30 21:34:17,2017-10-24 00:00:00
4516c79ac42f6a567bf4d1209eba2b33,21e012f48ffe88ed1ff3c7584b1f0040,delivered,2018-04-29 18:43:21,2018-04-29 19:10:12,2018-04-30 13:42:00,2018-05-05 13:47:36,2018-05-17 00:00:00
f222c56f035b47dfa1e069a88235d730,b74ca180d63f9ae0443e4e13a2f5bdaf,delivered,2018-01-30 09:43:45,2018-02-04 23:31:47,2018-01-31 19:48:44,2018-02-01 20:10:38,2018-02-15 00:00:00
23427a6bd9f8fd1b51f1b1e5cc186ab8,a8fabc805e9a10a3c93ae5bff642b86b,delivered,2018-05-21 22:44:31,2018-05-22 01:53:35,2018-05-22 14:18:00,2018-05-23 15:33:09,2018-05-29 00:00:00
2033a4586b5bec3229ebc1675a8ae092,0efc1f5e8675901683fae0ea8fdf3feb,delivered,2018-06-12 10:10:25,2018-06-12 10:39:59,2018-06-12 10:09:00,2018-06-19 14:08:27,2018-07-19 00:00:00
1ff18ac87c2bd43b4a902ef5736193ae,f1c76162ea81ad7889daffd690950c5b,delivered,2018-06-14 11:49:17,2018-06-14 12:19:40,2018-06-15 18:52:00,2018-06-16 13:38:31,2018-06-29 00:00:00
1d1c9ba4b3111c36066400813fd93e65,a3ddcbd81efac5f01565774a84581689,delivered,2018-05-13 12:10:48,2018-05-13 12:32:39,2018-05-16 14:05:00,2018-05-21 19:12:19,2018-05-29 00:00:00
4d0d3e6d52ebda96d3ff80f913a49cee,091be8027f7e81f7982d213f813063e5,delivered,2017-12-12 12:25:26,2017-12-12 12:36:24,2017-12-13 21:43:23,2017-12-15 18:52:22,2017-12-29 00:00:00
678b28f078641e74d50be86b4ecaec7e,58d1b021c741cc8728280bbe6d0b3da8,delivered,2017-01-26 18:19:42,2017-01-26 18:30:42,2017-01-27 10:12:50,2017-01-31 18:43:58,2017-02-24 00:00:00
ce6923830776a5f0d2ffd91a11dd6204,1ad157f908eda2d776e2739a9505495e,delivered,2017-09-10 18:26:59,2017-09-10 18:43:21,2017-09-14 19:33:06,2017-09-15 22:39:27,2017-09-21 00:00:00
f8c9df743a18aeeedd550486dbe39689,ff4512b27e3f8d9774f6e01ceb951035,delivered,2018-06-07 17:52:27,2018-06-07 18:17:22,2018-06-08 09:58:00,2018-06-19 15:58:51,2018-07-11 00:00:00
7942099e2f484fd9f80b3bf901b706ea,dff35e4b5a960daa3287033b77b1c965,delivered,2018-04-26 15:16:34,2018-04-27 03:51:01,2018-04-27 13:40:00,2018-05-08 20:26:25,2018-05-23 00:00:00
2e571b4487c7119502acdb48043efcee,2f1d78af6de0800385a0cc5cf4b7a794,delivered,2017-12-03 15:57:22,2017-12-05 04:12:10,2017-12-06 18:58:57,2017-12-15 22:47:41,2017-12-27 00:00:00
c47acf407eb57ab063c79f3f1c8f7018,bea09f07c235c12f4d5fd154651c0f5f,delivered,2018-02-12 20:41:50,2018-02-15 03:47:16,2018-02-16 03:33:42,2018-02-19 11:16:56,2018-02-23 00:00:00
a238c4b12e353d643594bb92d9385e1a,a71f65149295549d85fe86597d5bf59c,delivered,2018-06-22 16:07:51,2018-06-23 02:20:05,2018-06-25 19:02:00,2018-06-28 16:32:42,2018-07-18 00:00:00
5965bbd72c3ca0d9634419437ca53897,3dd8536c33d454b9a9d05ba357eeaaa9,unavailable,2017-01-30 10:29:25,2017-01-30 11:31:31,,,2017-03-08 00:00:00
79bddd312603ec0241e3d42556c6bba4,dc5cacb3e5b312dbde82dae449a8eb6e,delivered,2018-03-04 15:30:14,2018-03-04 15:48:18,2018-03-06 00:19:09,2018-03-19 22:32:08,2018-04-02 00:00:00
1b00a2b976ff528b7ab895ea9ed58ab7,3172fe335c9b335ce749eda3b7c73bd3,delivered,2017-06-25 17:27:43,2017-06-25 17:35:17,2017-06-26 17:26:36,2017-07-06 18:07:35,2017-07-18 00:00:00
ffa466d3e55f98477b7e0da764df3c6c,84b9f36a23bcee1236bc7f13afab749d,delivered,2018-05-11 08:05:57,2018-05-11 08:30:44,2018-05-14 13:28:00,2018-05-18 17:44:26,2018-06-07 00:00:00
5384eba8f22866695801e33c6dc25745,afb5732a3293a4a7b3083314a9d1ac5b,delivered,2017-03-03 15:38:39,2017-03-03 15:50:22,2017-03-14 10:27:53,2017-03-28 17:24:41,2017-04-03 00:00:00
6810999b773bffdb94e8d02004603720,6f2a9c58f3b6c3f558f59cefc2db5eb1,delivered,2017-10-27 21:30:42,2017-10-27 21:46:13,2017-11-01 15:34:38,2017-11-08 10:32:01,2017-11-16 00:00:00
8cc012923b38d546150622ee192f83e8,64297b84f640852cf295e3ab6412684d,delivered,2017-02-13 00:18:48,2017-02-13 00:32:03,2017-02-13 13:10:46,2017-02-22 13:57:37,2017-03-24 00:00:00
15341b05d64b1a27163a196767a80afe,e90517fa5530cf8a1818e915c53d6659,delivered,2018-03-24 11:41:24,2018-03-25 11:47:39,2018-03-27 15:50:27,2018-04-11 21:48:51,2018-04-27 00:00:00
07182ece031138fc6c7f81b60b1eb329,704230ce6edfc1682d86cddb7f8216ae,delivered,2018-04-16 01:48:45,2018-04-16 02:12:06,2018-04-17 15:38:46,2018-04-23 22:46:46,2018-05-07 00:00:00
dd1170f24eb54d1e79df08ccbb49a377,2f34631e6bf18b22701d79a367cb23fa,delivered,2018-05-18 12:11:33,2018-05-19 03:13:01,2018-05-29 07:13:00,2018-06-05 20:09:50,2018-06-12 00:00:00
2c28c8ed0ab7031e787379318449b44c,a6cbe0fbcebbed679ae926f1a8ddf66a,delivered,2018-03-20 11:29:16,2018-03-21 02:48:19,2018-03-26 13:34:14,2018-04-11 15:58:55,2018-04-17 00:00:00
90d56ed46d2ebca29d7bf65e65b906e0,a3a7a7e9325f146eaeea7cafbb1b5345,delivered,2018-06-25 10:04:01,2018-06-26 04:35:22,2018-06-26 14:34:00,2018-07-03 18:03:38,2018-07-17 00:00:00
03310aa823a66056268a3bab36e827fb,25dbbf0c477fd4ae0880aaffbb12e8b3,canceled,2018-08-07 16:33:59,,,,2018-09-04 00:00:00
ee40c6051d9d3a4c45904eaa1e5fe733,36f021ed4f2ae331ca32785f4fa574fb,delivered,2017-07-18 18:19:55,2017-07-20 02:25:53,2017-07-20 17:43:42,2017-07-26 01:46:29,2017-08-11 00:00:00
9c8ee769e2dd71e30f9db37f2c2606de,ee4a9de0355bb9df99b44cdc7d95e47e,delivered,2018-04-08 23:24:43,2018-04-08 23:35:22,2018-04-10 00:02:26,2018-04-12 19:05:15,2018-05-03 00:00:00
03054d8a8eefc2981cfad06f58e27979,9bd2f246e81c19f65c539ce426288ef5,delivered,2017-10-02 10:25:22,2017-10-03 10:35:11,2017-10-09 17:57:50,2017-10-19 21:03:49,2017-10-25 00:00:00
3edc1d26d1bd92c3c56e12bf85979f87,4865bc634919f9ff8358eb16eadba34c,delivered,2018-05-31 18:28:14,2018-05-31 18:52:28,2018-06-01 08:44:00,2018-06-12 21:51:56,2018-06-28 00:00:00
0d91fd5b8475f8f0576a6e8f90c6497d,9f34131462cd5edccdc9d4db9f7d2bbc,delivered,2018-05-10 14:49:26,2018-05-11 14:58:09,2018-05-15 07:43:00,2018-05-21 10:48:39,2018-05-29 00:00:00
b8d83281a0c89e3157c9cd7c37ff7273,c5a0c4686d4c21f566230d515702d69f,delivered,2017-08-25 11:28:46,2017-08-26 11:35:18,2017-08-28 18:24:43,2017-10-06 18:14:13,2017-09-22 00:00:00
43b2cd469a6cee268b9be121cbaf17ba,37162cac049e2c9a4f0eb40c81c3cff6,delivered,2018-08-11 22:10:44,2018-08-11 22:25:16,2018-08-13 16:17:00,2018-08-21 14:38:53,2018-09-27 00:00:00
ce9fc4b5d521bad32b0c3893b9b3788f,47166f88862447ea5f8e078b2aaefb46,delivered,2017-11-15 16:18:30,2017-11-17 03:35:48,2017-11-29 00:16:36,2017-12-14 18:37:40,2017-12-06 00:00:00
068027bd6fbd44e949cfb70acad89b55,8e20f087ea52d83311b8a9df03ab67f2,delivered,2017-08-14 13:26:46,2017-08-14 13:50:19,2017-08-14 20:25:50,2017-08-15 18:25:55,2017-08-25 00:00:00
9ca192d3fd38d4aff0c137f84cf7e121,10b0bfb19ed6f0aa3d895cc1db350e3a,delivered,2018-08-13 10:46:55,2018-08-13 10:55:20,2018-08-14 13:21:00,2018-08-18 14:24:53,2018-08-23 00:00:00
cf3a9fb2f3b7b0d71c3a8e59c01ad281,f1cc6f2b2d1fe79fc891d57a5b05e44a,delivered,2017-11-08 16:46:11,2017-11-08 17:30:49,2017-11-09 15:41:13,2017-11-23 20:11:34,2017-12-01 00:00:00
7ec6638456231f1eec19f7de8723f269,c4ac275898e0ba063e3b67f168ed2d80,delivered,2017-11-30 20:37:10,2017-12-01 10:30:57,2017-12-01 22:22:21,2017-12-11 23:22:52,2017-12-26 00:00:00
6244be66e1870c2392135aa8e2f61aee,b3c27d38792407989077a9a53d28b2f0,delivered,2018-04-26 13:31:13,2018-04-26 13:51:13,2018-04-26 14:16:00,2018-05-02 23:32:18,2018-05-16 00:00:00
150b0776d65cc88c98cb4d10d0bc27b3,95a001f306dfba60026ad846f37ab045,delivered,2017-07-23 19:02:52,2017-07-23 19:27:24,2017-07-26 15:22:21,2017-08-01 18:07:50,2017-08-11 00:00:00
99bfe67168d67b56c87d3c3ab8b4f568,b05cde1812838d146a1976e80ede260b,delivered,2018-06-07 18:26:24,2018-06-07 18:55:26,2018-06-08 12:21:00,2018-06-18 16:21:52,2018-06-26 00:00:00
ece1fa4a929c6a0e8b6678e10b2ac642,a4c800a16c71d3bb4b77665ba11d8525,delivered,2017-11-26 17:44:33,2017-11-26 18:30:56,2017-11-28 21:22:11,2017-12-07 15:07:05,2017-12-20 00:00:00
0452092bf08cf43ddab32ebec9e75d2d,bc2723356fa3f373b455c0a3112dc495,delivered,2017-02-21 10:53:34,2017-02-22 03:15:16,2017-02-22 09:34:31,2017-03-16 10:41:44,2017-03-30 00:00:00
dde44f7e3e37e8a34b9cdffc9bc652e5,cbc4da078da70f553783f3f901a8c858,delivered,2017-12-19 17:46:05,2017-12-20 06:55:20,2017-12-20 21:48:37,2018-01-17 00:03:06,2018-01-23 00:00:00
4c9de71242c212430ae070b7d2f837e7,c3fdff407ffd0912869ee10b353ce874,delivered,2018-08-13 15:55:29,2018-08-13 16:10:08,2018-08-16 13:37:00,2018-08-24 17:37:49,2018-09-03 00:00:00
275a9c9ccc183a48eac733ea33bb8cc5,b983b6c8c77dac754125a7e55555c05a,delivered,2017-12-03 18:58:14,2017-12-03 19:11:36,2017-12-04 21:22:18,2017-12-05 19:52:28,2017-12-20 00:00:00
f05aaa145a323239764fc5948997db58,d3c72ba3f7ef0adcb612dab05a515871,delivered,2018-04-23 10:21:48,2018-04-24 18:16:06,2018-04-30 12:45:00,2018-05-02 12:22:04,2018-05-08 00:00:00
3324048ac2f2df01f583f71758589776,358be33e0da76b214b9504d0ca78c556,delivered,2017-07-23 21:24:59,2017-07-25 03:30:18,2017-08-09 18:18:28,2017-08-09 18:18:28,2017-08-15 00:00:00
22f1399a4c5b23e40453c44942c04100,da27f48eeb029c62720ef773ab95806c,delivered,2017-08-10 19:25:35,2017-08-10 19:43:53,2017-08-16 19:32:42,2017-08-22 17:56:36,2017-08-30 00:00:00
09ff646bb8e18894b907e5b76f5fca59,08ba3f633e08284c827e14b9700d8949,delivered,2017-09-09 03:20:20,2017-09-09 03:36:47,2017-09-12 12:38:51,2017-09-20 19:14:04,2017-09-27 00:00:00
682e90d16332af76ecbdaee2e0c74bf6,e335e7e1fffa9b705d3453abb49890a7,delivered,2017-02-05 17:07:34,2017-02-07 03:55:17,2017-02-07 09:40:37,2017-03-03 11:09:41,2017-03-15 00:00:00
171fac25aa2fde5b05b3109d582d04bb,1c3c07a5e0ae1596ef662a0d60f362fd,delivered,2017-08-04 17:15:21,2017-08-04 17:30:16,2017-08-07 17:24:17,2017-08-16 18:04:58,2017-09-01 00:00:00
f84f158d834dafae73fa8da8b11bea6d,de092fae7682337beee732fe96841556,delivered,2017-08-10 11:58:33,2017-08-11 15:50:23,2017-09-06 13:58:09,2017-09-18 18:23:45,2017-09-06 00:00:00
fa2327f446a561a540a3fe3069f99046,d7492c2b1d4bcba6c2c8cfd6a25ef8c2,delivered,2018-06-04 10:58:33,2018-06-04 11:11:58,2018-06-06 13:53:00,2018-06-14 12:32:07,2018-07-16 00:00:00
0904fb2c91a18099a0b7315f1ac9501b,d3d5a2955341122b1b68164dcbbc948e,delivered,2018-02-13 20:10:23,2018-02-15 04:27:02,2018-02-15 22:08:06,2018-03-17 02:13:03,2018-03-12 00:00:00
8facdb9134d16bc7c0e49628ad6c58ac,4607f26eeadd0411d23ce49fa7f6c745,delivered,2017-12-11 20:47:16,2017-12-11 20:54:46,2017-12-13 01:33:10,2017-12-20 21:04:24,2018-01-29 00:00:00
581ef4e5af5c7bbdcd26579839290635,60a9c78e3568017be691575628c8c141,delivered,2017-11-18 15:48:48,2017-11-18 16:06:19,2017-11-22 21:37:38,2017-12-08 18:49:10,2017-12-13 00:00:00
b012c1697921f54e80780e034a93c871,bd08dfed0cf17e30968943b497ef14ec,delivered,2018-01-21 11:13:57,2018-01-22 13:47:19,2018-01-23 21:13:24,2018-02-03 13:12:35,2018-02-14 00:00:00
697a3f72fadd1e5af4740ab0fccd99ed,b379e9e939cff8a03a9ce96cff2a59a6,delivered,2017-10-06 17:19:51,2017-10-06 17:28:20,2017-10-10 13:27:21,2017-10-16 21:47:36,2017-10-31 00:00:00
7b50d6c8484155685a9780c8a85a48fc,43e0730019df444079135bad56922da3,delivered,2017-05-18 09:48:49,2017-05-18 10:22:26,2017-05-19 09:13:40,2017-05-22 23:04:19,2017-05-31 00:00:00
107478e48c13dc0b39a379510464cd9d,8f28e2e21bc3d726c1bb67a90c49b0de,delivered,2018-04-26 08:42:36,2018-04-26 08:55:37,2018-04-27 12:46:00,2018-05-02 20:16:38,2018-05-18 00:00:00
f825ff64b7a15cd4f3483fb00b6ad59c,1e1f25dd8d5d50c2c438163bfd204126,delivered,2017-09-30 23:59:15,2017-10-03 04:28:28,2017-10-04 13:17:45,2017-10-13 16:48:16,2017-10-26 00:00:00
60b47c43df5722f9923b79a22c8e671d,f504b57716599db532487c2ec5654b5d,delivered,2018-01-17 06:17:02,2018-01-17 06:27:19,2018-01-25 22:42:59,2018-01-29 23:54:50,2018-02-07 00:00:00
562f68d5a8c2d3be1d1b87f06c7b87c0,ac546480af29373387a27e4e6313665e,delivered,2018-01-31 10:24:01,2018-01-31 13:44:45,2018-02-01 16:09:20,2018-02-09 17:51:53,2018-02-16 00:00:00
c259fd488a73ebbd67d79df856d4befc,6ab85b3fac14f117ea275b5a35503073,delivered,2017-12-02 13:53:36,2017-12-02 14:17:06,2017-12-07 22:28:55,2017-12-13 23:23:11,2017-12-28 00:00:00
c5816c6d12ac8e0bebace202a2774edf,c50b76da2bbd240a8508f5802745476d,delivered,2017-10-28 15:55:01,2017-10-30 10:15:26,2017-11-01 13:06:51,2017-11-14 16:47:16,2017-11-17 00:00:00
00ab1aba567dfebdc39caa4e7ca2f1b2,f2a48c51664d5ca2d7401f95994bb8a9,delivered,2017-09-01 14:01:04,2017-09-01 14:15:16,2017-09-05 21:11:01,2017-09-12 14:07:44,2017-10-03 00:00:00
3eecd0cb5bdd21bfa681cf52426d0cb7,10c0f0e11059fe82315114cb4f93ade6,delivered,2018-03-18 16:30:18,2018-03-18 16:40:38,2018-03-20 17:28:27,2018-03-21 18:16:34,2018-03-29 00:00:00
fc4d2d157d4a89bc10a21af181e2a5a2,fa71143c40df6a419c2656d2a05dd6b5,delivered,2018-05-06 11:54:25,2018-05-06 12:13:16,2018-05-10 09:55:00,2018-05-14 17:26:29,2018-05-24 00:00:00
f42afa7297d7d5f4c540fd31c4196821,bf56aa6eb743bb7c169701ad0ee1bbc8,delivered,2018-02-16 13:34:34,2018-02-16 13:46:48,2018-02-17 14:56:52,2018-03-07 18:13:18,2018-03-14 00:00:00
ddfb686b5b2ac3fbece69e652701a876,7082b385393bd99f9c75789376a81588,delivered,2018-01-04 10:03:16,2018-01-06 02:08:42,2018-01-10 16:31:40,2018-01-19 18:12:38,2018-01-31 00:00:00
973daf958def9b35a204cab8092279bb,d6157dcf371c042e4a4d08bdd75e4c40,delivered,2018-03-25 19:12:53,2018-03-25 20:35:27,2018-03-27 14:09:38,2018-03-28 15:39:12,2018-04-06 00:00:00
30f98311688b9a0cc176d88c32b308d3,72241f6ac253dedd45a67f539f113891,delivered,2018-03-19 23:32:03,2018-03-19 23:47:59,2018-03-20 19:48:22,2018-03-21 21:03:59,2018-04-11 00:00:00
0b9e3cb461332c63fffd742e522832a1,d214a4a86c30fcb8f92dac5260ece938,delivered,2017-10-29 18:18:53,2017-10-29 18:30:53,2017-11-06 21:53:44,2017-11-08 21:42:55,2017-11-21 00:00:00
5875e5804ca85e3b4c8dda7a7dfce4cc,954cfe56edc8052d49bc5b4715efbdf3,delivered,2018-06-14 09:54:22,2018-06-14 10:20:11,2018-06-18 15:52:00,2018-06-29 17:34:55,2018-07-18 00:00:00
500e36e71ec5080f1935acac38e0f8c1,326cd7173402f166f337b4abecbadba4,delivered,2018-06-11 17:46:23,2018-06-11 18:18:58,2018-06-15 12:49:00,2018-06-20 14:42:46,2018-07-05 00:00:00
931873d5376eea7fc2c35b2d4724abb7,a9358e9cb07d34be0fed1cc93e7205b0,delivered,2018-06-28 20:25:25,2018-06-28 20:50:10,2018-06-29 08:36:00,2018-06-30 14:07:04,2018-07-18 00:00:00
2c36e21ba9c9ffb56e431113b7af7073,d10615d1c73d6b427e93a513eb24228b,delivered,2017-07-28 22:53:41,2017-07-28 23:10:17,2017-07-31 18:28:58,2017-08-08 19:44:32,2017-08-25 00:00:00
9cf7337281a128f4f29a2f476c733601,c606407eec8f9304dcd264811b9f0523,delivered,2017-12-13 21:00:47,2017-12-13 21:41:08,2017-12-18 21:04:04,2018-01-15 22:33:16,2018-01-17 00:00:00
92ea4e83a1cbd42cfc62e113b8a00797,5c9039026e45902bdd7d7491e04071c6,delivered,2018-07-17 13:22:47,2018-07-17 13:35:23,2018-07-18 15:21:00,2018-07-30 12:18:34,2018-08-06 00:00:00
b8f95bd45718008c382f10f416a3581d,a7f052daff637569a9a4dbf03164e14c,delivered,2018-01-15 10:33:44,2018-01-15 10:54:14,2018-01-17 17:30:38,2018-01-26 19:53:17,2018-02-19 00:00:00
ca9012a0bc23f8c1b5be9b7e4af8fa5e,13a570ece49733c3201ddb6d816bdea1,delivered,2018-07-01 14:19:56,2018-07-01 14:35:09,2018-07-02 13:40:00,2018-07-04 21:32:50,2018-07-27 00:00:00
f16d36e918e76d6b9afabb3d8189f313,f066a97261ba582454937cdc723591a4,delivered,2017-07-12 21:08:11,2017-07-12 21:23:26,2017-07-13 20:27:52,2017-07-14 15:57:34,2017-08-01 00:00:00
5cccab268a47c0211857cb529104775c,9d1b349b9033719eeecbabb9dedb1b72,delivered,2018-01-17 10:53:02,2018-01-17 11:10:43,2018-01-19 18:03:36,2018-01-30 19:53:13,2018-02-07 00:00:00
d2dee958cbda7c87cbc097cf2f5f6c1e,1a949476f028910baab6a43ccb9f332a,delivered,2017-11-08 00:35:46,2017-11-09 01:31:04,2017-11-16 18:28:50,2017-12-12 17:22:30,2017-12-01 00:00:00
4aa9da5533740e416c8a3ccb338e5c49,849b3f67eb957249945aea7088399319,delivered,2017-12-11 21:28:23,2017-12-11 21:36:33,2017-12-13 13:26:52,2018-01-03 18:52:34,2018-01-08 00:00:00
9f188fd1c4dddf39da5a0db98006c240,74a8a3b6fe196b1c69c14c15bd62eb2d,delivered,2018-02-01 23:20:38,2018-02-02 23:10:50,2018-02-06 14:54:43,2018-02-23 22:49:23,2018-02-23 00:00:00
2e21f1cfb4d53ac6710fdd9956f35f54,75c8bc2109f5fb856317aad61dca2dfe,delivered,2017-12-10 19:16:56,2017-12-12 03:51:25,2017-12-12 23:41:39,2018-01-05 22:11:22,2018-01-18 00:00:00
e3905e23c30d39e4c239cce9f353a67b,6056f462f8fdadae813417c5067cbf85,delivered,2017-04-24 11:36:41,2017-04-26 09:36:22,2017-05-03 12:33:09,2017-05-08 13:29:50,2017-05-17 00:00:00
77d685df1d92550ffac03ccc56a692e0,895a17651506a4fb4102247a6bc6697d,delivered,2018-04-24 00:10:37,2018-04-24 17:43:45,2018-04-28 08:07:00,2018-05-03 21:37:39,2018-06-04 00:00:00
893898b048df9dfeafedf2c86eb5037c,477fdceea6e84f0e22f8db6ec404a3f0,delivered,2018-02-08 09:24:47,2018-02-08 09:35:30,2018-02-22 20:08:52,2018-03-14 00:49:45,2018-03-13 00:00:00
9d35749dad6abb761c340266c0c206cb,a548ddc7529330027feda4cf87f9db30,delivered,2018-02-21 00:30:48,2018-02-22 02:30:44,2018-02-22 17:42:41,2018-03-09 16:17:36,2018-03-16 00:00:00
9e3645ad2be5ec175726706b2c3ac642,22b89dce93d025aaff2c256dc12a391f,delivered,2018-01-01 20:22:49,2018-01-01 20:32:35,2018-01-05 19:23:49,2018-01-12 22:48:57,2018-01-29 00:00:00
260a8f34d9837b682c7a6c52cc8d9193,290af43fe651c812c1836a7075d395ae,delivered,2018-04-13 18:01:03,2018-04-14 02:31:41,2018-04-19 21:26:16,2018-05-10 22:12:51,2018-05-11 00:00:00
61fcbde43b57103de5c19b26489b46f6,3bbe55ec205026d44f2a0ce1059f6e5a,delivered,2018-05-14 16:18:02,2018-05-14 16:36:56,2018-05-22 16:29:00,2018-06-23 14:28:34,2018-06-08 00:00:00
eb8d44030d2f4ebce460ebce652242e2,30e9e911324b756560b265fb5281cdf9,delivered,2018-03-02 19:39:10,2018-03-02 19:50:39,2018-03-05 22:28:29,2018-03-09 20:24:47,2018-03-14 00:00:00
597bd074d7874048131c67581f0556d4,02d12adf94e256f7ff0056d447557027,delivered,2017-01-31 11:54:14,2017-02-01 02:50:28,2017-02-01 08:19:55,2017-02-08 22:29:42,2017-03-09 00:00:00
c2dccf148a1561c27d90870e67e507ca,3b92ef3cb3cb54cc1e20bf7f23c6027c,delivered,2017-09-04 19:27:44,2017-09-04 19:35:14,2017-09-08 16:38:08,2017-09-19 18:08:26,2017-09-25 00:00:00
f8d19a0283152c2a14277f39a74da971,efc66ff7da7b21de91828926c9a58fe1,delivered,2017-10-05 12:27:04,2017-10-05 12:49:21,2017-10-06 15:41:34,2017-10-13 16:38:06,2017-11-06 00:00:00
e1860ce96baa10d7f08d86aaf5927459,f774bf697b9b702ff9169e23ffb8b3fe,delivered,2018-05-01 18:10:20,2018-05-02 18:32:52,2018-05-07 14:30:00,2018-05-11 16:52:14,2018-05-23 00:00:00
509c69c52df2779cbec8cf7772c5bf00,ac84a80ddbee92d2aa6c2a8856e91084,delivered,2018-06-14 08:37:16,2018-06-14 08:58:43,2018-06-14 14:29:00,2018-07-03 16:28:56,2018-07-16 00:00:00
8176c11ca059602f1a7b1615f4cebbd6,706294ee2bf13bab8e5ed8ad240b0406,delivered,2017-05-17 22:58:25,2017-05-17 23:10:16,2017-05-18 16:28:07,2017-05-19 10:38:08,2017-05-31 00:00:00
5361ae7742cca11bdce02eba111d345a,822d89ae169a34fc33eddc98e2e90e23,delivered,2017-03-22 08:40:31,2017-03-22 08:40:31,2017-03-24 16:03:39,2017-03-28 12:27:00,2017-04-10 00:00:00
c0e11158f60abbb6f96d74228e67d44c,025c2b263a9a9247f855c0c777aabe33,delivered,2018-07-20 18:59:48,2018-07-21 18:55:21,2018-07-23 11:49:00,2018-07-31 23:32:18,2018-08-09 00:00:00
8db5dc3121f330642473ed0e76209acb,c2ae100da1116b23a16e73c8decfd378,delivered,2018-04-18 21:54:26,2018-04-18 22:10:50,2018-04-19 17:14:22,2018-04-30 20:08:33,2018-05-17 00:00:00
c6fdbf697f2f8af465a58ffaa4c3fa4e,1e3dbf396a2b6fdc1547c9efb69ce495,delivered,2017-09-28 21:07:47,2017-09-29 02:27:59,2017-09-29 14:57:30,2017-10-04 18:28:16,2017-10-20 00:00:00
db999a5bcd3e9db87cafe71501d3a653,0de46efc7d10114ac311e5e16d8dbdb7,delivered,2017-03-23 13:25:32,2017-03-23 13:25:32,2017-03-29 15:16:58,2017-04-10 18:24:13,2017-04-25 00:00:00
ff9475663788de57817b221392697cce,eddc0f5250ab8ed511268cae2caf9a0c,delivered,2018-04-19 19:26:39,2018-04-24 18:23:52,2018-04-23 18:26:48,2018-04-30 15:54:33,2018-05-14 00:00:00
5aadbda0877e0d99ba07f785cd29c362,d703cdda08125e2b263b92746af0f23c,delivered,2018-06-24 18:02:34,2018-06-24 18:15:17,2018-07-04 15:19:00,2018-07-06 15:18:37,2018-07-23 00:00:00
fd2501379f4567dee6308aa8484f1a5a,33951da0246c9ded2439c9d239b78c79,delivered,2017-03-31 05:28:57,2017-04-04 06:02:44,2017-04-04 12:15:39,2017-04-19 15:24:38,2017-05-08 00:00:00
9948c44a7306b0739e5fdcee5966cc9d,01f841d4c59e8b7634174ef72a75f81a,delivered,2018-07-23 21:26:16,2018-07-24 10:31:14,2018-07-25 12:59:00,2018-07-26 16:12:11,2018-07-31 00:00:00
1462290799412b71be32dd880eaf4e1b,220e4b027f0294fd79d2869ef67e7db6,delivered,2017-08-19 14:06:58,2017-08-22 04:10:55,2017-08-23 13:54:29,2017-08-29 19:35:06,2017-09-15 00:00:00
31effa440b34ae0432d83ef645db463a,dcad1d81f5929fa310a1a36681535e4d,delivered,2018-05-07 15:15:10,2018-05-07 17:17:17,2018-05-09 13:28:00,2018-05-18 20:12:35,2018-06-04 00:00:00
47399920ee7546351440204086acb793,9bba9922e5c4a943364dd5884bfba750,delivered,2017-02-23 23:40:35,2017-02-25 02:15:29,2017-03-02 09:34:42,2017-03-08 06:49:03,2017-03-20 00:00:00
104bc860b4c9a9d28566dfd1093997e0,4570a39e7f01b82615be718c2116ecb7,delivered,2018-06-16 13:54:36,2018-06-16 14:17:54,2018-06-18 14:09:00,2018-06-26 15:46:35,2018-07-18 00:00:00
8551e4893fc1357dda960b1a7202b53d,44f8065dc27889dca23b34e78c5b6314,delivered,2018-06-07 06:54:17,2018-06-07 07:12:43,2018-06-08 14:45:00,2018-06-12 23:46:55,2018-07-04 00:00:00
a9ed648a6ef557d5075c383b251b4997,1e863570fff8e93ee7db14d56d826a6d,delivered,2017-08-13 09:11:38,2017-08-13 09:25:11,2017-08-14 21:42:35,2017-08-26 13:14:36,2017-09-18 00:00:00
12c086e6bfc59c3a3ec7e77d5d1a6b17,549b71495b4abb6a6db77aaa5564f593,delivered,2018-05-06 21:06:39,2018-05-08 19:34:47,2018-05-09 12:47:00,2018-05-10 11:35:56,2018-05-22 00:00:00
dc8db01e3bbdf8eae34d6509752ddc88,cddd30af33517a3fcc9bddb552c684b6,delivered,2017-10-24 13:52:21,2017-10-24 14:14:22,2017-10-25 18:15:10,2017-11-03 19:18:50,2017-11-14 00:00:00
c2b819b02527dbe8dfe424c00d999e0c,148e9dce3968211ba80e8db0b5b5332e,delivered,2017-12-06 22:28:07,2017-12-06 22:39:32,2017-12-14 01:07:30,2017-12-20 15:22:34,2018-01-04 00:00:00
9af31d2f7ebb4bcb16fafffa4236f888,e38595a899907bdc76cb2ef18e1f991f,delivered,2018-02-15 06:54:26,2018-02-15 07:06:46,2018-02-15 19:36:59,2018-03-06 19:13:17,2018-03-23 00:00:00
1253425c1b76191a5ff742f11d80e1fa,25a742a013fa668dd2da9b49e7361a48,delivered,2017-07-14 21:38:58,2017-07-15 03:25:36,2017-07-17 19:22:07,2017-07-26 01:04:50,2017-08-15 00:00:00
f0dd29734578caa3db607e173070e2a9,0361232bf2b929e19323dfc2843ee554,delivered,2017-09-21 15:10:47,2017-09-21 15:25:36,2017-09-22 20:43:54,2017-09-27 20:43:47,2017-10-16 00:00:00
3d242cd631044a419d68e504892eacda,0509cd76cbe3a75f898826c212bb3b83,delivered,2017-09-04 14:53:31,2017-09-04 15:10:18,2017-09-05 19:22:29,2017-09-11 14:22:37,2017-09-21 00:00:00
a58784d285ddd015fd7bd46c9a067ce8,3fcc626dafbe7670a20531c1fa8eb3ef,delivered,2018-04-23 21:26:29,2018-04-24 18:23:39,2018-04-24 21:50:39,2018-04-27 14:22:22,2018-05-10 00:00:00
4a0217620e6f7eeca8f035dbbd03a174,4ce93a796c27842ddee5e831d267d05c,delivered,2018-06-04 20:54:32,2018-06-04 21:12:50,2018-06-05 14:51:00,2018-06-12 21:22:44,2018-07-13 00:00:00
c0ecfbe7eb9d8435e0e3ecd0cdb899ce,98adb1ace438c2553c8eda1d1dcf1c20,delivered,2018-08-12 07:40:00,2018-08-12 07:50:09,2018-08-15 13:09:00,2018-08-17 23:11:48,2018-08-27 00:00:00
b07abc8b9acaf00e79b4657419f469f3,15308b044c9608fc82e57f2e5d6878f6,unavailable,2017-03-09 17:45:04,2017-03-09 17:45:04,,,2017-03-28 00:00:00
bb3463b1de5e29d8d574a1e422777763,f9083a610cc0600871bc80e53dd586ee,delivered,2017-12-01 01:39:25,2017-12-01 10:31:06,2017-12-04 13:37:34,2017-12-09 19:44:54,2017-12-20 00:00:00
984d353f61e2dc775d7dd4b09882b481,84f6eec07282d6ddae9a4211812e596f,delivered,2018-03-26 23:50:49,2018-03-27 00:07:26,2018-04-02 20:49:07,2018-04-17 16:19:26,2018-04-17 00:00:00
d2f67144a4e6d027140260ae9ed6b648,3114d3d76bf813b06638b17da57a21cd,delivered,2017-03-10 09:07:24,2017-03-10 09:07:24,2017-03-10 11:28:12,2017-03-27 13:48:09,2017-04-12 00:00:00
06bad3a130e91f7b26791dba22abc0f5,914f5d77198dea1b107e105471d3db24,delivered,2018-02-09 17:21:15,2018-02-09 17:35:31,2018-02-15 16:19:15,2018-03-26 17:49:03,2018-03-07 00:00:00
c70715c3111d10111116543cfc29f3ca,f9428c2e5615ac4466e687dc636c8d04,delivered,2017-07-17 20:50:44,2017-07-17 21:03:31,2017-07-19 11:46:45,2017-07-25 22:33:46,2017-08-14 00:00:00
e88708b0f6c58eaba5b9b3f850f212cc,4931bab39028b872b4ab9a0c38e3d552,delivered,2017-02-05 15:48:26,2017-02-07 03:45:26,2017-02-08 05:15:50,2017-02-10 10:47:47,2017-03-01 00:00:00
27a70a8fdf1c9edcfa01d463b45a5b03,a3e8795e27e7e50f56f6c7742551de28,delivered,2018-08-04 18:39:02,2018-08-04 18:50:15,2018-08-09 12:39:00,2018-08-24 17:03:18,2018-08-13 00:00:00
356ed2aedda45710304b7995223e54df,ec13c2458d3984f778c0d1e41179a7ce,delivered,2017-12-08 23:54:00,2017-12-09 00:11:42,2017-12-12 13:45:06,2017-12-26 20:50:00,2018-01-04 00:00:00
3aafcd1ad1ad58bf5b66b06ed8935de9,a3ae3675493e050fd2e74539e9dbaf80,delivered,2018-01-17 17:50:10,2018-01-17 18:11:13,2018-01-19 12:42:02,2018-01-23 21:49:16,2018-02-07 00:00:00
b5c4739ade7c4568c734267c7397d360,88e0d7f5c2f232a49aa5a8c09374e048,delivered,2018-04-15 17:38:04,2018-04-15 17:51:05,2018-04-16 18:26:49,2018-04-24 18:09:51,2018-05-08 00:00:00
a1d38c97444889282dcb16502b3a8686,9f60e945011f3dfd9ce6d82a939cf93f,delivered,2018-08-07 21:44:50,2018-08-07 21:55:22,2018-08-08 13:17:00,2018-08-13 18:16:31,2018-08-23 00:00:00
bb3728fa34a2d05bb2bd04df7dad8418,4603be100f0719884214e35033227fcf,delivered,2017-11-24 09:25:39,2017-11-25 06:15:52,2017-11-30 23:38:27,2017-12-28 18:48:00,2017-12-14 00:00:00
5b6793d19c0a49b1815f5a74f8c5a370,28de5669c2b3bc8cc0d5951ef18b8385,delivered,2018-04-28 14:00:24,2018-05-01 05:32:31,2018-05-02 13:47:00,2018-05-08 20:38:59,2018-05-17 00:00:00
eb2bf5506d653259aa38a20ecbb4bf4f,cee9119007f070eb70825712d2259005,delivered,2017-11-24 13:16:28,2017-11-28 02:55:06,2017-11-30 20:21:55,2017-12-06 22:22:33,2017-12-14 00:00:00
3b2ca3293a7ce539ea2379d704fa37ce,06a70917afd2dcd59396e1eac836c646,delivered,2016-10-05 12:44:09,2016-10-06 15:47:17,2016-11-17 11:54:02,2016-11-17 19:53:49,2016-11-25 00:00:00
03b89e8b0ef3ba18cc903dbaa7aff107,5323a8b4980e72ece631b3f3e77642a5,delivered,2018-07-08 20:33:28,2018-07-08 20:45:12,2018-07-09 12:55:00,2018-07-12 19:08:45,2018-07-26 00:00:00
df71ba0f02310921da0a5e4f708916a5,df4058431c8103750dddc04b0b6583f2,delivered,2018-07-28 21:37:46,2018-07-28 21:50:15,2018-07-30 12:46:00,2018-08-03 17:44:48,2018-08-07 00:00:00
3fe4dbcdb046a475dbf25463c1ca78bd,e17387227a12c3cac59fc44523d162e5,delivered,2017-08-30 06:22:58,2017-08-30 07:00:08,2017-08-30 20:43:45,2017-09-06 18:42:36,2017-09-26 00:00:00
5c468b18e44fe58da9d5584b05fd988f,3491062b95387d22e7378f83a9866e69,delivered,2017-11-07 23:05:11,2017-11-09 05:31:33,2017-11-16 20:19:44,2017-11-28 20:43:14,2017-11-27 00:00:00
4cff7f0b5c2c6d7be3f10d0d202cbc2f,1d485563edb59324c37c002a1f96ab32,delivered,2017-05-14 20:34:04,2017-05-14 20:45:09,2017-05-16 08:48:06,2017-05-26 16:08:40,2017-06-14 00:00:00
8b12160921c1b96dcba4c2ae7be45674,15320769a120466ae115811801292474,delivered,2018-03-19 23:38:24,2018-03-19 23:50:27,2018-03-24 00:24:37,2018-03-27 20:22:51,2018-03-29 00:00:00
2cee7217cf66ac4e8027f60d3b105524,f1ae790334c90d9bbec5fa1861e1f9d5,delivered,2017-04-02 16:09:55,2017-04-03 20:10:16,2017-04-05 13:47:48,2017-04-20 17:34:11,2017-05-09 00:00:00
256ccc96b2c931006d95ba7a05181037,2a381888bc87c4fde2eda8bedb291234,delivered,2018-01-15 19:26:18,2018-01-15 19:35:31,2018-01-18 01:33:23,2018-01-19 13:32:33,2018-02-08 00:00:00
bd1e1a304d04fa76626646f8efa12f77,74425816e9f175cc2da8f4a69720291e,delivered,2018-06-05 21:12:32,2018-06-07 02:55:00,2018-06-08 15:13:00,2018-06-18 20:42:02,2018-07-18 00:00:00
beb6927ba358d62ba446c803a6a4d815,9f6184b685d245da0d6868637685223a,delivered,2018-04-24 22:16:57,2018-04-24 22:33:08,2018-04-30 06:22:00,2018-05-06 19:20:50,2018-06-07 00:00:00
2301a0f5629f3d66f880849265f50515,13e330d6fa0e734ffda44f5b5610ed7c,delivered,2017-10-04 10:05:53,2017-10-04 10:14:25,2017-10-04 18:17:56,2017-10-10 18:55:35,2017-10-30 00:00:00
987d15d9243956e5c58e1f2bfeeea98c,73d765b0b1b2c7649280b69676c337a8,delivered,2017-03-15 13:31:01,2017-03-15 13:31:01,2017-03-16 09:44:59,2017-03-24 10:23:53,2017-04-11 00:00:00
15f67529b3d91fd3da058270c9a68855,41b21c2d2376ad4c2b740df482f4b989,delivered,2017-08-19 21:29:49,2017-08-19 21:45:11,2017-08-22 23:00:01,2017-08-29 18:03:16,2017-09-13 00:00:00
ae61611405fa179462dd33ca793d75a3,21b45339b407d6a34ff0f3a8833afaf4,delivered,2018-01-17 23:48:52,2018-01-18 12:38:30,2018-01-23 23:18:59,2018-01-28 15:05:01,2018-02-01 00:00:00
57694158da92a85b1fcd72de45542073,d9037ff057cfcc2f16b1abd6933dbba9,delivered,2018-02-02 22:49:58,2018-02-02 23:10:45,2018-02-05 21:38:56,2018-02-10 11:28:49,2018-03-01 00:00:00
65e6b525bace662c8db890bd33df5299,41e255383c00b16885a8a46c2039f0dd,delivered,2017-10-03 22:07:48,2017-10-03 22:23:43,2017-10-06 21:11:05,2017-10-16 16:12:29,2017-11-14 00:00:00
00345f338696283410b7977d2e3efc89,3f9d223f86d2f243dd5a85fdc286c62a,delivered,2018-08-20 11:06:46,2018-08-20 15:12:10,2018-08-21 13:18:00,2018-08-30 21:13:48,2018-09-11 00:00:00
7ca8750c7c9d32f8c383020f380ae5e2,a1e9ade865049680f6f78c178ed60d37,delivered,2018-05-15 17:01:28,2018-05-15 17:15:34,2018-05-16 12:12:00,2018-05-24 16:54:25,2018-05-30 00:00:00
d51f97f3f8d01fd8500e1a113a7f13b6,40664536db090f451e6d4c8d5782cae6,delivered,2017-11-16 14:21:39,2017-11-16 14:35:26,2017-11-23 20:37:50,2017-11-26 14:58:17,2017-11-29 00:00:00
f9ada76953fa490d8a254d2e28f353ac,eba8cd1e506b37f221a66abbcec58f80,delivered,2018-03-23 13:53:15,2018-03-23 14:15:23,2018-03-27 18:16:27,2018-05-07 20:48:54,2018-04-12 00:00:00
1844430a4130a112771839a244829457,94d33f0fa325a5e1a184a1806f98793e,delivered,2017-10-08 21:43:00,2017-10-08 21:56:20,2017-10-09 20:56:09,2017-10-25 14:48:03,2017-10-25 00:00:00
4639a7b40270fb97291d74d41ba89a6d,0f6d889ccba941185d1d814aac0bff24,delivered,2017-11-22 14:58:31,2017-11-22 15:06:35,2017-11-24 22:21:19,2017-12-05 19:06:11,2017-12-08 00:00:00
66baffa0f3497a9c772b66a607bd8c11,3efb8f2e2198b482a4cb83987c2a0024,delivered,2018-02-11 19:51:24,2018-02-12 13:48:26,2018-02-15 00:05:34,2018-02-26 12:04:35,2018-03-14 00:00:00
4dba50963d750e691239a5fb64bed86f,142743852f5f463b124aef40d8131709,delivered,2018-05-08 12:49:26,2018-05-08 13:09:31,2018-05-09 06:50:00,2018-05-15 21:44:54,2018-05-24 00:00:00
abcb5732ae98a4a1c26bbab6f10d008a,1693c21263bef845b8651d7036f6bb49,delivered,2017-11-24 04:50:59,2017-11-25 05:10:55,2017-12-01 10:42:20,2017-12-03 20:19:02,2017-12-08 00:00:00
58ecdd5dee96d19e30c67a29cae63e4d,d0eca4dcf131a1a0f4665c2a47b4ca02,delivered,2017-08-08 10:23:10,2017-08-10 03:16:09,2017-08-11 16:01:21,2017-08-24 20:19:49,2017-08-30 00:00:00
098252064bc68acd5911a587b58b2cc4,e1786bf866d54dbf3f18f24fc7a02ced,delivered,2017-04-28 23:28:42,2017-04-28 23:42:46,2017-05-03 10:30:31,2017-05-10 10:51:55,2017-05-25 00:00:00
4246e30f95848b444d4b0a5e6bf3fdfd,bdb2ed7dac06fad9b511c81eff95ce07,delivered,2018-06-10 00:26:20,2018-06-10 10:58:04,2018-06-11 13:13:00,2018-06-17 12:28:26,2018-07-11 00:00:00
032c9c5e050a01a77c20be3989064308,1fb67b763df136bf1a29f1da8eeb128d,delivered,2017-08-15 20:40:16,2017-08-15 22:10:22,2017-08-17 11:15:48,2017-08-24 18:55:19,2017-09-11 00:00:00
f5fea26ab547eec920e6f8ecdc5c37e4,9d1f4537b5bf271b2acdfb484507104c,delivered,2017-11-20 19:38:16,2017-11-21 03:49:28,2017-11-21 19:32:45,2017-11-24 19:56:40,2017-12-07 00:00:00
b0a851b41e096cd9cc552e15698c3d4e,2fdd2638faff09e29137c963d929d801,delivered,2018-06-05 12:36:00,2018-06-05 14:31:26,2018-06-06 12:50:00,2018-06-12 20:08:31,2018-07-18 00:00:00
40654581b4282e70a554c9eb51fc8a91,d7486ca3a453d8a2258144e41c9aad91,delivered,2018-06-26 11:40:02,2018-06-27 11:35:15,2018-06-28 06:41:00,2018-07-02 20:22:03,2018-07-17 00:00:00
b48b2c58981c8d7d31ec325569338e78,1eab936b5abcae9664590e84026a890a,delivered,2018-05-12 13:46:56,2018-05-15 05:14:56,2018-05-15 11:33:00,2018-06-13 15:28:47,2018-06-08 00:00:00
55ac02b6b194b6cebf53799310fb63bb,fbd14093f9374d4f70e80ee9cbccd5ca,delivered,2018-06-28 23:30:01,2018-06-28 23:50:50,2018-06-29 14:55:00,2018-07-03 18:15:04,2018-07-12 00:00:00
ebb064563b938e019b2627b762ab42ce,385ad726431f19652a724047cf1bc085,delivered,2018-08-11 16:42:36,2018-08-14 04:10:22,2018-08-14 11:41:00,2018-08-21 18:03:04,2018-09-04 00:00:00
589310d3d488112508a26f3e22ba30ca,34b7eab1f76104e9b749d01a9a00710c,delivered,2018-02-27 12:17:08,2018-02-27 12:48:27,2018-03-02 15:18:50,2018-03-13 19:03:02,2018-03-19 00:00:00
0d387b5d8e636190398548a221d4185d,3aa067bb9a756282ef198ae577298bd9,delivered,2018-06-09 21:15:14,2018-06-09 21:38:23,2018-06-11 13:21:00,2018-06-13 13:34:40,2018-07-12 00:00:00
bb44d0c37f5fcc456bbaefd9aef6adb8,2baf69aa9f7c51867a17a6bb88fb194e,delivered,2017-11-20 18:53:16,2017-11-20 19:09:26,2017-11-21 21:04:51,2017-11-28 20:44:51,2017-12-13 00:00:00
97c5a4acc0915c5bd17e5a3256693ef6,f7fa32b05ba9474a22c7420310611fa5,delivered,2018-06-14 16:35:37,2018-06-14 16:58:29,2018-06-21 13:52:00,2018-06-26 15:51:23,2018-07-17 00:00:00
3badf985142f06c3bf4da07d49992716,d2ff82abdb216e5dd0ff6730075b1e5c,delivered,2018-01-16 11:27:24,2018-01-16 11:37:22,2018-01-18 19:17:25,2018-01-22 21:42:55,2018-02-06 00:00:00
2ce3c61f3add382691fcad6a04f52680,2bb90453c5b070eeacd965903f376375,delivered,2018-05-10 15:24:26,2018-05-10 16:21:02,2018-05-11 15:45:00,2018-06-04 17:32:40,2018-06-19 00:00:00
bddc1c3ae5c6717f36386ee472d72217,8a17fed2c873a4cdb70a2110ff34bb77,delivered,2017-10-09 20:23:13,2017-10-10 20:28:21,2017-10-11 15:05:33,2017-10-18 21:08:59,2017-11-08 00:00:00
39a484e6a644f8edeb11c2c8ed218069,51727f845a31b568a4a127475d6b5cc3,delivered,2018-03-19 22:58:15,2018-03-19 23:09:02,2018-03-23 23:08:43,2018-03-29 20:14:22,2018-04-05 00:00:00
246c8cf4ca9e3c50e4a172a4ba462a11,0541aa34358f8279116d1d183f1e4eec,delivered,2017-08-04 10:31:58,2017-08-04 10:50:22,2017-08-07 15:21:58,2017-08-28 19:22:38,2017-10-17 00:00:00
e2df40dd64276b2f2040c798751c188d,a55b35e01354b9dc2974a22c1e4484fb,delivered,2018-08-18 08:46:04,2018-08-18 09:29:16,2018-08-21 14:05:00,2018-08-28 19:32:43,2018-09-11 00:00:00
73ef343c9dbf2f6d45362c9bc150f4b7,13c520253ccaf41623e063d5e81c4d82,shipped,2018-08-12 03:44:50,2018-08-13 03:45:08,2018-08-14 14:05:00,,2018-08-22 00:00:00
d3fd3af08566edbfdd903c8f2a2d8bef,a83775842cfcc6236435e48b77767b1a,delivered,2017-11-05 14:23:00,2017-11-05 14:35:22,2017-11-07 19:05:03,2017-11-16 22:03:15,2017-11-29 00:00:00
5b96009a71dc5fabbf4c35fd228e8863,69a0221332271e8163133f15bb3d03a7,delivered,2017-08-15 16:58:08,2017-08-16 03:26:14,2017-08-21 22:03:56,2017-08-22 16:43:01,2017-08-31 00:00:00
c1242e3f591a1f8ab11d51f2aedb1bb0,da0a466286c5f331008ff11925b8af24,delivered,2017-12-28 16:47:54,2017-12-28 16:56:23,2018-01-13 00:33:03,2018-02-20 17:58:58,2018-02-06 00:00:00
a8d69f3045be9fa0ea3aac3971741980,7a421bb11d92f1a08e384f216250afa8,delivered,2018-01-13 21:01:40,2018-01-16 03:40:05,2018-01-18 20:09:36,2018-01-22 21:46:56,2018-02-07 00:00:00
a5102272df11ecf366a4e9d4257b672a,77305d99b811c59273ad7160ce1f74e7,delivered,2018-05-02 09:36:22,2018-05-04 03:12:04,2018-05-04 12:58:00,2018-05-10 11:36:52,2018-05-23 00:00:00
d455a8b19923a717a1d1cfb67604e8c6,2e09a0d6a340c17e302b200c2194b39f,delivered,2017-04-18 23:11:46,2017-04-18 23:25:16,2017-04-20 16:21:40,2017-04-30 09:23:56,2017-05-08 00:00:00
2e024656807ffab9d81af39abd9f18b8,271f8bae1747c6d8d6e269f4fda27345,delivered,2018-07-13 14:40:19,2018-07-13 15:04:04,2018-07-16 10:20:00,2018-07-23 21:42:28,2018-08-01 00:00:00
7974289bffc998c320825e123de8ee7d,ad0c681bc5c048b9c723de73eed444e7,delivered,2017-02-05 01:01:05,2017-02-05 01:10:10,2017-02-06 11:51:47,2017-02-09 09:05:03,2017-03-16 00:00:00
f9d5bfb53147f381e81b89a848e26b16,a5f29fa52fe06844c85996c91c3f1d02,delivered,2017-06-05 14:15:53,2017-06-05 14:25:19,2017-06-06 11:38:40,2017-06-19 14:23:48,2017-07-04 00:00:00
4f869174cbff0495e39adbe5a6c4c040,4974be94784b655505e37fdb610a8e78,delivered,2018-01-20 11:23:02,2018-01-23 03:52:41,2018-01-24 00:04:20,2018-02-08 10:44:52,2018-02-15 00:00:00
1c54750859f8472306a0b63d74e782ef,54b30cf929edf0b2c88698d991241574,processing,2017-02-25 15:37:25,2017-03-02 03:50:30,,,2017-03-23 00:00:00
3e6fcbe51e870332ced599c465eb6df0,6ab4674ae385fe7928caf1b8f5d0aa9d,delivered,2018-08-05 20:47:26,2018-08-05 22:50:15,2018-08-06 14:43:00,2018-08-09 20:06:50,2018-08-10 00:00:00
f163011d712f39566f8631259e471129,f69a1253f47a55c85890334adf6e9a21,delivered,2018-02-04 12:03:15,2018-02-04 12:15:28,2018-02-08 23:36:55,2018-02-23 00:49:24,2018-03-08 00:00:00
6b3c0956c89312e2c54f8d1366ecea9a,a97ffd7dc1f722793d4ab4db1eb815f5,delivered,2018-08-13 13:31:05,2018-08-13 13:45:21,2018-08-14 11:33:00,2018-08-20 16:08:57,2018-08-28 00:00:00
30cbc667959773c36d34c2ce5e02b4ac,ef913faf232d3ef42bee90bc490c2ab6,delivered,2017-11-24 08:28:50,2017-11-24 09:33:36,2017-11-29 13:26:41,2017-12-05 14:46:08,2017-12-27 00:00:00
f037c28c7c878c3d1df3485872d3b63b,cdbf70a172e0b24ed5c246c3574f9b16,delivered,2018-06-28 13:42:07,2018-06-30 02:52:17,2018-07-02 14:34:00,2018-07-06 16:34:25,2018-07-25 00:00:00
862811aea831afcc63f6155283f1a922,449e553f0fa7504123c432875d9ca8fb,delivered,2017-07-06 15:11:41,2017-07-06 15:25:11,2017-07-11 16:22:13,2017-07-18 19:14:49,2017-08-14 00:00:00
6639b799469775ff2a696e1bc96b9f58,5abc46c5112594d06d0350a24ec399a2,delivered,2018-07-10 23:46:28,2018-07-12 03:26:16,2018-07-24 16:07:00,2018-07-25 21:21:02,2018-07-26 00:00:00
8c7fdd8775af429f280cd605d4d164fd,528b1ef29a59cf6e1cace49826d69630,delivered,2017-02-20 13:43:53,2017-02-20 13:50:22,2017-02-22 12:51:38,2017-02-24 11:09:47,2017-03-17 00:00:00
b463e42856ea712dd83a10f12ffe64aa,0d29b43096b135fb39b1fb2e6bc1c2a0,delivered,2017-11-30 11:23:03,2017-11-30 11:42:17,2017-12-04 22:27:00,2017-12-20 17:10:05,2017-12-27 00:00:00
7954e34924fab98d2e26924451086ad6,0125fdf9e257f064725f85d1d63085b4,delivered,2018-03-05 20:18:05,2018-03-05 20:30:47,2018-03-10 02:18:23,2018-03-26 15:16:43,2018-03-23 00:00:00
f105bb5b6c1008c5dcf7b3ab47753e5e,fa5ec460fa52a418a5f979d8d2068ef3,delivered,2017-12-18 12:40:46,2017-12-18 13:52:08,2017-12-18 22:19:50,2017-12-27 17:22:33,2018-01-12 00:00:00
231f58de0228723d0b6d6b562d352d90,af12e716383820b78ce045de073e7502,delivered,2018-05-03 15:51:53,2018-05-05 02:53:43,2018-05-09 12:03:00,2018-05-22 11:54:45,2018-06-01 00:00:00
edf4d697d6281d6f40f101a31462c929,1f7f094865cd0e20a6acb5cdba5c5f19,delivered,2018-02-23 20:36:44,2018-02-24 02:35:46,2018-02-27 02:09:16,2018-03-23 23:48:40,2018-03-28 00:00:00
892b6462174cfb942fb8d9c8e0287c11,1c3abaa67b20a69745c59b28f18688c5,delivered,2018-04-20 11:40:22,2018-04-20 11:55:22,2018-04-27 15:26:00,2018-05-04 19:17:42,2018-05-30 00:00:00
328b0c9d60ee7e960061a7860b964ffe,72c925898f3e64e0f05014dfc6dd3072,delivered,2017-11-25 17:00:20,2017-11-25 17:13:32,2017-11-28 19:28:45,2017-12-11 18:03:29,2017-12-21 00:00:00
a47e9312f596497c7762dbfdf78eda29,abd5dd25cd27f96cd6d28e440e29c8d5,delivered,2018-02-15 17:02:21,2018-02-16 07:55:57,2018-02-23 17:49:45,2018-02-25 15:44:40,2018-03-01 00:00:00
226dbf042352f0f381239e29ddcb301e,eecfb44b191df28e7ef7b263537d83fc,delivered,2018-03-22 11:40:10,2018-03-23 11:35:25,2018-03-23 23:50:50,2018-03-28 20:49:29,2018-04-17 00:00:00
b520da4895f8ce53c41d6be41bbd17c5,7a6f04bd77baa1ca5f68a99cb29f6f2c,delivered,2018-01-11 16:01:23,2018-01-12 02:34:27,2018-01-16 13:19:03,2018-01-19 03:13:00,2018-02-08 00:00:00
c56bdcd0ef1249dcc18901b491b1b976,1358c61e82221ecc4d165d21123eb23d,delivered,2017-05-26 16:09:19,2017-05-27 16:15:17,2017-05-29 06:56:41,2017-06-05 13:33:08,2017-06-20 00:00:00
6958c1e09a9e49c2071dbb679d577422,68219d24f99a407e2ee5835e9abc8a1d,delivered,2017-09-21 01:05:07,2017-09-21 01:15:14,2017-09-25 19:25:05,2017-09-29 19:02:20,2017-10-16 00:00:00
b6bc19f6d8e96c942441bf9f4d155c1a,c7c5b46bed1f822b95dd5c188664e345,delivered,2017-08-05 16:53:32,2017-08-05 17:05:11,2017-08-07 17:35:57,2017-08-21 18:40:35,2017-08-31 00:00:00
5005cef43694f92d85586692652e5216,f4b6b12c622bee8aecbfb2114025cb13,delivered,2018-08-11 15:26:40,2018-08-11 15:35:49,2018-08-13 15:25:00,2018-08-20 11:29:41,2018-09-06 00:00:00
e383fed56a3263977ef519e546eeb1e7,872917a4ccc25ab1556c80a05a66e862,delivered,2018-08-14 20:38:23,2018-08-14 21:23:56,2018-08-16 12:34:00,2018-08-21 20:12:45,2018-09-05 00:00:00
a56c56edb4506114d21cb22affa258f9,96587d39e8ccfc0936781b2fc06fe9ca,delivered,2017-09-09 16:03:59,2017-09-09 17:10:19,2017-09-19 19:57:52,2017-10-07 14:03:40,2017-10-06 00:00:00
9842c98fba6a3e74b785776cc72136f5,d78cd5ed18ca4df3e74897b8352cd346,delivered,2018-05-17 18:33:00,2018-05-18 00:37:30,2018-05-18 14:12:00,2018-05-22 11:48:38,2018-06-18 00:00:00
b82b1a7017f4c904921dd5c6c6da8804,5e25cb6b455409373f96b0f1d947fd38,delivered,2017-05-30 22:46:05,2017-05-30 22:55:17,2017-06-05 14:18:07,2017-06-14 15:10:09,2017-06-29 00:00:00
0fb89e55ba647de0f63711e93c678237,552eab691446f9aebf3395705b1d94f9,delivered,2018-01-11 15:58:00,2018-01-11 16:13:22,2018-01-13 00:37:16,2018-01-24 22:19:49,2018-02-09 00:00:00
fd6ae3b1149c4a3a920086befc628e3d,14a429268b2e70661e87c2be648a422f,delivered,2018-06-30 12:19:32,2018-07-05 16:26:52,2018-07-04 12:02:00,2018-07-10 23:19:36,2018-07-27 00:00:00
de2d0036fb45333e82bb658ced9a4fd0,dd366840d2ab4e9287b864bd051196ed,delivered,2017-05-14 22:34:09,2017-05-14 22:45:17,2017-05-16 16:02:10,2017-05-24 10:43:09,2017-06-05 00:00:00
a21b149df8e6239ec1b4da7bb48f4deb,c62c8b90d8fd16516b99b08224753001,delivered,2018-05-10 13:08:19,2018-05-10 13:35:44,2018-05-11 15:21:00,2018-05-21 18:38:28,2018-05-30 00:00:00
e00c5912daa4e24b9f1820ebb4e930ae,17ab7e50ec3908dbe699511e92f379b6,delivered,2017-08-17 08:11:18,2017-08-17 08:24:13,2017-08-17 16:37:16,2017-08-29 15:49:52,2017-09-11 00:00:00
b2634f19a1007fd4a54a9fed9291230c,725482e68df8d999924c84f62c9ee40e,delivered,2018-02-04 20:40:56,2018-02-04 20:56:05,2018-02-08 00:44:49,2018-02-09 22:05:02,2018-02-21 00:00:00
18d0a01d343f9a3789e7ae38fc92f907,09c5222856be1228af5bc3c2dd8842fe,delivered,2018-07-16 08:45:31,2018-07-17 04:31:52,2018-07-17 13:03:00,2018-07-20 23:26:38,2018-07-30 00:00:00
3ff9af2618b202584a161c19718bf577,044e10a1e867fefd7f02a3da2ca475b4,shipped,2018-01-07 08:04:11,2018-01-07 08:11:23,2018-01-15 11:24:25,,2018-02-05 00:00:00
975f731e0b62d3884197075bbf60685a,ce40436f91a9e251a42a0f6447f7e9a2,delivered,2018-01-05 23:32:57,2018-01-05 23:47:32,2018-01-08 22:50:08,2018-02-05 14:06:49,2018-02-02 00:00:00
f422805096570eb55302abeb0c77137d,6c1328442e757a6422a29dd991f6e73a,delivered,2017-08-21 10:23:21,2017-08-23 02:51:13,2017-08-24 17:17:45,2017-09-01 20:22:27,2017-09-15 00:00:00
b813092d64bf6be705b1f343068429fb,75cb57f66aa32d17ab44343e8a3ff7e6,delivered,2018-07-21 23:56:29,2018-07-22 00:10:09,2018-07-23 12:42:00,2018-07-27 21:17:46,2018-08-09 00:00:00
35db0e3e9fffd2d0187b56f434931db4,9563ec54d6b000879e4f319591d78003,delivered,2017-11-09 09:41:45,2017-11-10 09:50:25,2017-11-16 15:53:05,2017-11-28 22:48:54,2017-12-01 00:00:00
83475dcf3de69a4d4149eae61b9a94cf,5f4cabf6980424d31df7199e53647b28,delivered,2017-08-01 10:06:37,2017-08-01 10:23:51,2017-08-01 17:41:55,2017-08-05 13:07:37,2017-08-21 00:00:00
5d9b75f3bc3582bd9e405962eb147b9d,a6468b1856e4a74b6c786117e626749f,delivered,2018-02-24 00:25:13,2018-02-24 00:47:17,2018-02-27 23:13:30,2018-03-14 22:08:25,2018-03-27 00:00:00
84be8c486cc6c6bb5dd2a0a19effd9b5,54a968b587ddf6ad0889906812077d87,delivered,2018-07-30 16:45:36,2018-07-30 19:31:44,2018-08-01 09:26:00,2018-08-02 19:28:28,2018-08-28 00:00:00
5308fdab519f7478ef64894128fbbee4,3aec6e3846fd122ac430ac1a816107a8,delivered,2018-06-02 11:51:00,2018-06-02 12:11:27,2018-06-05 15:02:00,2018-06-20 23:09:42,2018-07-13 00:00:00
7c749191ee3a17f34cbfcf6ddd2009ac,2f58942ce22a94bab8236b05f48b2ab9,delivered,2017-05-09 12:36:05,2017-05-10 06:35:31,2017-05-11 11:18:06,2017-05-15 12:52:34,2017-05-29 00:00:00
10fda92f9390e0b13e41ce5ce692a2cc,7cba926b44e53ecc10ea79df991da256,delivered,2017-10-10 09:00:43,2017-10-11 03:49:29,2017-10-23 17:10:26,2017-11-14 00:38:16,2017-11-09 00:00:00
16aa7d10b833ccd4307a1159ba08d071,c778263f217df8f1d3fa3aaf86a45a14,delivered,2018-03-24 06:41:33,2018-03-24 11:48:07,2018-03-26 21:47:55,2018-05-14 21:04:10,2018-05-25 00:00:00
bd80efb9eb7bbd9c465bd5205d6a43b8,ced3fb170a9a5007a9bc3558d49c35b1,delivered,2017-03-28 23:13:25,2017-03-30 02:10:52,2017-04-04 04:15:57,2017-05-16 15:22:18,2017-05-03 00:00:00
b36dde30ca62faf042ac4e3f001b9c04,84b792c2ce37c8e8eddcdbfa16130e10,delivered,2017-11-28 16:47:41,2017-11-29 02:15:26,2017-11-29 16:24:47,2017-12-05 18:09:16,2017-12-22 00:00:00
25aefb052a481cf1f4aaede6fb1abecb,d358b0b0d0d456e22212b8643729207a,delivered,2017-08-06 23:13:17,2017-08-08 03:55:19,2017-08-10 21:13:52,2017-08-16 19:47:25,2017-08-25 00:00:00
c3b2c9ce918dcc0fdf5053927cd0ff8e,134339079e12e3d40c72a5c3025c021f,delivered,2018-04-30 09:38:14,2018-05-01 05:13:59,2018-05-02 12:34:00,2018-05-07 19:26:51,2018-05-22 00:00:00
3df54c9248f6d2eef8f08ad39f422abd,9e192b98545760379893f9f63707cc0f,delivered,2018-02-05 21:04:48,2018-02-05 21:15:25,2018-02-08 21:15:21,2018-02-09 20:09:31,2018-02-21 00:00:00
4974bc485d07cad8b6e5000a345bcd50,5a305881af7a75ebbe4e858260370d9c,delivered,2018-05-29 15:45:20,2018-05-30 15:35:34,2018-06-01 08:56:00,2018-06-11 23:54:33,2018-07-16 00:00:00
232efaeba12fd576e70a88f09d6583b6,6332ebbe1588da7f65613ad88aa0707c,delivered,2018-07-18 16:58:02,2018-07-18 17:05:23,2018-07-19 11:50:00,2018-07-30 21:08:58,2018-08-16 00:00:00
b3840eac3cf88799d05e845cf9b8587b,477f2ebc174ae6d21af93bfce1d432e7,delivered,2017-05-24 15:41:44,2017-05-24 15:55:10,2017-05-30 14:44:18,2017-06-16 06:47:59,2017-06-28 00:00:00
06ca213ef85421d96ee0fe529d0f5885,4e1466d23cf154bc57e343db77279d5a,delivered,2017-07-11 16:36:24,2017-07-11 17:30:24,2017-07-12 20:13:54,2017-07-18 19:35:34,2017-08-02 00:00:00
136d768d679a4fc7902e10fc81af17fc,66febc71bf0586881bd835ddcbfd34e8,delivered,2018-08-08 22:21:23,2018-08-08 22:35:18,2018-08-10 17:04:00,2018-08-23 14:14:46,2018-09-14 00:00:00
c23e9a555c327fa1d60893394aae9e9e,e2742ef931c3e60509e74345605c5370,delivered,2018-03-26 17:29:38,2018-03-26 17:47:34,2018-03-27 18:29:45,2018-04-03 22:48:58,2018-05-07 00:00:00
25461ae3c4bf9bf6e41a3a163f763c8f,e377314dfa6e23684f1fae454fe8d8d0,delivered,2018-08-12 20:52:52,2018-08-12 21:05:14,2018-08-13 13:30:00,2018-08-14 19:02:43,2018-08-16 00:00:00
ab2e3d4093bad08937a1d844c1a60355,102d3cd02d947bf923f70d0e358a44e2,delivered,2018-01-04 10:23:44,2018-01-04 10:33:26,2018-01-05 20:49:37,2018-01-13 00:14:26,2018-01-29 00:00:00
5236307716393b7114b53ee991f36956,03fc97548af8f58fefc768d12b546c9c,delivered,2018-01-31 18:55:36,2018-01-31 19:11:15,2018-02-05 22:44:47,2018-02-16 13:27:08,2018-02-22 00:00:00
43a95930524a9c5388fa5e417dc23241,6b74b5483a6f18c2538a9c848e50b4cd,delivered,2017-11-04 12:14:16,2017-11-07 09:30:58,2017-11-07 17:16:46,2017-11-20 21:38:12,2017-12-06 00:00:00
796843d5e414b6e4272228bae15d828b,6d2370391a400e5f408a86ef70110bd0,delivered,2018-03-27 00:23:35,2018-03-27 00:35:18,2018-03-27 21:33:19,2018-03-28 22:37:38,2018-04-09 00:00:00
cdc62ef71741b912ed0378bd8493f884,d0138d0685264cf47574e68da0763d67,delivered,2018-03-09 15:33:17,2018-03-09 15:55:35,2018-03-13 19:34:31,2018-04-06 20:48:47,2018-04-18 00:00:00
21ee832eff624a82225c6e98cd2dcf7f,6bef8002464a89b85c089ff2a64bc5ae,delivered,2018-08-15 21:15:58,2018-08-15 21:44:05,2018-08-17 14:23:00,2018-08-24 22:23:41,2018-08-24 00:00:00
56c26c7e1d2d600fc5e6a4a6b0be3aa8,fe4904204ebdf584760213b82bd6307d,delivered,2017-03-13 14:49:49,2017-03-13 14:49:49,2017-03-14 11:10:57,2017-03-20 08:58:49,2017-03-30 00:00:00
a660bfa45084c51dc2873306f0c107fb,ef45d2a97a789c1f65204616bb6fa1f1,delivered,2017-09-27 23:06:21,2017-09-27 23:14:16,2017-09-29 19:47:31,2017-10-06 20:11:56,2017-10-26 00:00:00
990791b9237f52581d0a924b447c6fdf,0e620b2e35b839f1e372e03afd6bd9ab,delivered,2018-08-08 21:52:09,2018-08-09 21:45:12,2018-08-10 12:04:00,2018-08-17 11:18:41,2018-08-27 00:00:00
cebe1a22714a4536f852866377c9bcbd,9b7fd789af1301927ba3380e1efd0225,delivered,2017-03-10 10:05:43,2017-03-10 10:05:43,2017-03-13 09:05:36,2017-03-22 14:47:49,2017-04-03 00:00:00
341dc4ea81fabe7de6af564b72fcf3e2,8a8c2e93d6ec33bb908f101211d78227,delivered,2018-07-04 16:17:27,2018-07-05 16:30:57,2018-07-05 15:48:00,2018-07-12 00:28:33,2018-08-09 00:00:00
96443e347511f156158689addf8e876e,082afb51514d796870e769e2c46919ba,delivered,2018-01-17 11:07:59,2018-01-17 11:18:20,2018-01-19 16:58:48,2018-01-25 20:38:41,2018-02-08 00:00:00
83ca3ab77b87118d0a71a84ddfc9e31e,07e6f1ea396eea8aa95d0c1cf5a8d364,delivered,2018-01-20 18:42:07,2018-01-20 19:09:35,2018-01-23 21:10:40,2018-01-26 13:39:07,2018-02-15 00:00:00
67b2034550d68134bdb9bac8c1988c39,8a46fa344fdeaff9de14ab259778bd5f,delivered,2018-03-15 10:00:16,2018-03-15 10:15:35,2018-03-19 14:23:37,2018-03-20 15:52:30,2018-03-29 00:00:00
8e8dc18c47816845c5fbd5818bd069f8,5c1c1b04f8283b7a6c7f1ab81626b76f,delivered,2017-12-06 08:29:35,2017-12-06 08:36:24,2017-12-06 20:03:55,2017-12-12 21:18:54,2018-01-09 00:00:00
fbee1784fcce86e1c120a0b525750e57,443f70a83cedbee25cb20bffaa9b275a,delivered,2017-11-04 17:01:40,2017-11-04 17:10:32,2017-11-07 22:06:58,2017-11-10 19:32:26,2017-11-27 00:00:00
fdf7396bbd1e126f45ba0fc3896360a7,a70cdc7161618ecbfff0bc3de4e09f0b,delivered,2017-12-13 17:35:27,2017-12-15 02:17:46,2017-12-16 00:11:49,2018-01-03 17:37:19,2018-01-15 00:00:00
822f778d1cd09285df832ee2cf65b83c,1e82589c6c7a1f0d30ecd3e87cdeaf0f,delivered,2017-11-26 21:56:25,2017-11-26 22:12:20,2017-11-29 12:32:26,2017-12-29 20:38:50,2017-12-19 00:00:00
f6daca3297f73de20d84ea604e1d68c0,223aef59b5d349b5ae42f73af48f0c8f,delivered,2017-08-05 14:23:49,2017-08-05 14:43:28,2017-08-08 13:35:54,2017-08-14 18:24:50,2017-09-01 00:00:00
cb63fdd83851479a1def20d67c11525f,067dfd197c70456d5dd81c801fae133c,delivered,2018-01-07 17:50:14,2018-01-09 07:25:49,2018-01-09 21:52:34,2018-01-23 21:16:49,2018-02-06 00:00:00
c04166574120428f8692aa072697cebc,a3769a6e70dc4fa874b30d62d812942c,delivered,2018-02-19 11:11:12,2018-02-19 11:25:33,2018-02-19 22:04:00,2018-02-23 19:21:51,2018-03-09 00:00:00
a36d7e54e381baaef8ecaa526cc3d6a6,1fa31689dce56e0f4aca4c2828a7dc36,delivered,2018-05-03 17:08:26,2018-05-03 17:34:35,2018-05-07 12:31:00,2018-05-10 22:16:50,2018-05-28 00:00:00
a5df4819e2227684e86dc2959b9ae9d6,fd6201ea30defd9bcee3bb0e09c6d2c9,delivered,2018-08-01 23:28:16,2018-08-01 23:43:52,2018-08-03 10:37:00,2018-08-08 19:48:03,2018-08-20 00:00:00
3e8de743dd3009df8fc34e0555124ed8,2c127bf706b5089fd5dbdbcb02c7fcbc,delivered,2017-10-22 20:17:18,2017-10-22 20:28:21,2017-10-23 19:43:37,2017-10-24 17:27:10,2017-11-03 00:00:00
1fde32a510f950891c57d6e69c9071bd,9db0a6065f7c15895b9a2705b6dbc77d,delivered,2018-07-15 12:57:04,2018-07-15 13:05:13,2018-07-17 14:11:00,2018-07-23 18:06:22,2018-08-03 00:00:00
648a268c494bbf8c97c03ec64c2ff4d3,1a4afc7f367d41bd2edb6fb7f6e7dc8c,delivered,2017-11-02 11:30:33,2017-11-04 06:55:33,2017-11-08 21:15:37,2017-11-16 16:18:26,2017-11-27 00:00:00
df81ce0f4ef34bd3096776fcc5ecd246,58b840c5c97a5749ba962d1e7a857d60,delivered,2018-01-31 12:49:25,2018-01-31 14:30:00,2018-02-06 15:42:51,2018-02-16 15:58:41,2018-03-05 00:00:00
94fc0c5ebf3d2669b2653019706ce767,5702c879ce77d1784d24fd834beb8f44,delivered,2018-01-07 12:39:20,2018-01-07 12:47:41,2018-01-08 16:30:08,2018-01-15 20:46:42,2018-02-07 00:00:00
9f87f15dfa076198ed479efbb1036dc5,be28c5ef762b3f4d0ec8280a1d6d0eb7,delivered,2017-12-19 19:50:18,2017-12-19 20:51:25,2017-12-20 14:15:00,2017-12-26 18:42:48,2018-01-12 00:00:00
2132578dc3560ff41c32c417821faead,b5e43d3efadee053db2aedd1def38e27,delivered,2018-04-10 22:58:03,2018-04-10 23:07:44,2018-04-12 19:41:10,2018-04-13 20:03:29,2018-05-03 00:00:00
d55d5f2d92f548bd9928f3edef443395,a955de2289dd1f2a6d80df6b565860f1,delivered,2018-08-06 19:31:50,2018-08-06 19:45:14,2018-08-07 17:30:00,2018-08-17 00:12:36,2018-08-29 00:00:00
179e23361d372901e40a92f8c29bd61d,80c3315cd9ff9d91afc63a7028c50712,delivered,2017-12-11 17:32:18,2017-12-11 17:50:20,2017-12-13 00:47:53,2017-12-27 22:19:17,2018-01-15 00:00:00
fe47c42447b8cdec3dd299e95dc7fbc9,c2bc0fec1b0b38cb85113e952d7bd112,delivered,2017-05-22 11:43:01,2017-05-22 11:55:15,2017-05-23 11:41:57,2017-05-29 06:51:38,2017-06-09 00:00:00
2bc18e49db20b51c4868e3a9ae25ae3f,e91e9b76ee084a809a02f688b81da39b,delivered,2018-06-24 14:58:03,2018-06-24 15:19:03,2018-06-26 14:24:00,2018-07-05 23:07:36,2018-07-19 00:00:00
0e3fb5621c179dff735c7494afef624f,022aad8457b9fe76c22eaa3cbaf5b6e5,delivered,2017-05-26 02:28:47,2017-05-26 02:35:30,2017-06-05 17:38:33,2017-06-12 14:53:47,2017-06-27 00:00:00
acdfcbe0149e3453b90ae4da5a27dfd3,fec717a689c1907ac43d891a75cca92f,delivered,2018-08-17 08:47:03,2018-08-17 11:09:29,2018-08-20 13:39:00,2018-08-23 16:45:42,2018-09-10 00:00:00
039ec885e36627ae6353cfd42a41c5da,f970cf91aebb424d5389764dbc72d2b1,delivered,2018-02-22 12:45:26,2018-02-22 12:55:51,2018-02-23 18:18:39,2018-05-03 22:13:30,2018-03-19 00:00:00
2a3762b415e231ea52cc41aa0c4530fd,30b032233e6a389d5a1eba4e2ed9a7eb,delivered,2018-04-20 14:42:21,2018-04-24 18:58:27,2018-04-24 23:59:50,2018-05-03 16:15:37,2018-05-15 00:00:00
6bed34f9ca7da44775aa6a7c00ccbc4f,45891ccdcbb2236785720594bf01624b,delivered,2018-06-12 18:01:56,2018-06-12 18:46:05,2018-06-13 13:34:00,2018-06-15 18:35:00,2018-06-28 00:00:00
a05cabeed82a5a2e8078c7e6ed14a03a,dfd7aa2424a1aa1abe8f4502712c5c28,delivered,2017-12-09 22:28:07,2017-12-09 22:36:28,2017-12-13 22:28:48,2017-12-24 12:16:47,2018-01-04 00:00:00
3f8de2b9993f91abd12ec356200ba02c,0b8d40b3e4564b081cddd81d7227344c,delivered,2017-07-28 19:45:50,2017-07-28 19:55:23,2017-08-02 10:12:44,2017-08-07 16:34:57,2017-08-17 00:00:00
949280c70c6d62ec9c06fffc5ecf1fe4,12a371f2183b5d71d81830f3dd3b32c8,delivered,2017-03-15 09:41:22,2017-03-15 09:41:22,2017-03-16 08:57:18,2017-04-10 12:12:48,2017-04-10 00:00:00
6d785f644bb980fb780ae00dcac90210,4bb35f99bc715e6cc22932a5a623803e,delivered,2018-03-10 18:40:17,2018-03-10 19:40:48,2018-03-13 01:16:36,2018-03-28 13:17:25,2018-04-03 00:00:00
b78a9619a3490ebe6b2dee9388c0ef0a,7f032f61546940d53d5f313527b037bf,delivered,2017-09-19 13:05:14,2017-09-21 03:05:33,2017-09-21 19:17:58,2017-09-29 21:36:42,2017-10-09 00:00:00
9641d6be3bc2c61bfeb713777a1a8ae0,b37833a9166ac98f4ad7d6a92e1f97f2,delivered,2018-03-21 21:50:46,2018-03-23 02:30:39,2018-03-23 22:48:54,2018-04-05 15:58:32,2018-04-18 00:00:00
9b696fcb8112df3f6719a6a1e5648e2d,84ab0b89b5dbc8b53172eaa88f08681b,delivered,2018-03-28 11:26:34,2018-03-28 11:35:27,2018-03-29 22:52:10,2018-04-04 18:41:11,2018-04-20 00:00:00
b30b21d5d13aae0cb5533dd7ab3f90eb,e4036c0b5c6ae37e645d34a8293a79d1,delivered,2018-03-14 11:32:24,2018-03-15 11:29:18,2018-03-21 01:37:34,2018-03-28 18:38:27,2018-04-06 00:00:00
a7c8f80297142bb722fe6d1bda6f5fe6,d3a8e1ea909151a954accab74ea6b663,delivered,2017-11-28 21:32:32,2017-11-28 21:51:24,2017-11-30 20:18:52,2017-12-01 17:48:43,2017-12-12 00:00:00
64ab2c6839851c83db137182286cd9e2,e722c5955f4f3ac688d82e1aca5fa0e7,delivered,2018-03-13 00:09:42,2018-03-13 00:28:23,2018-03-13 18:46:22,2018-03-23 17:37:30,2018-04-02 00:00:00
51ceba3ba51d4b4543e7f78e181e0ba9,e7659c6f9fc78ba546ee2b0615258589,delivered,2017-01-23 13:31:26,2017-01-23 13:45:18,2017-01-24 10:57:50,2017-01-30 15:12:57,2017-02-28 00:00:00
77fb4b8cc3c049b130b87530c7071abd,5e6bf6d2a87450515182284aec55dc3a,delivered,2018-08-01 07:19:59,2018-08-01 07:30:11,2018-08-01 16:43:00,2018-08-03 19:06:38,2018-08-13 00:00:00
b1bbfabb6b75dc7ff7050093749048e8,fa4e4dc465fef19f4f4216c86ab073b2,delivered,2017-12-05 08:47:56,2017-12-05 11:03:44,2017-12-05 23:26:35,2017-12-16 17:33:15,2018-01-02 00:00:00
ac17381858c4d8a612eb5a12659134af,fb2d636172641ecf88b206885b89d7f6,delivered,2018-07-16 21:37:24,2018-07-18 02:35:13,2018-07-18 14:55:00,2018-07-24 09:38:33,2018-08-07 00:00:00
65475724044e5b94d968124fa141af0c,ced608b31048a652390efb0cc65d3133,delivered,2018-01-30 20:52:21,2018-01-30 21:13:22,2018-02-02 18:06:46,2018-03-17 14:59:17,2018-03-05 00:00:00
7fb085d3a1c04cbdd118129ed37ee4e4,fb1616aeb46e4fcc98b5535cbf520319,delivered,2018-03-20 20:45:12,2018-03-20 21:08:29,2018-03-23 21:29:25,2018-03-26 12:33:20,2018-04-02 00:00:00
d569be24f2e104e3cc83b5a3b1b0a585,44f8648aea34370e3e10bbb6e333d6ef,delivered,2017-12-17 19:30:21,2017-12-17 20:50:01,2017-12-18 18:48:20,2017-12-22 16:28:43,2018-01-19 00:00:00
d3cc6a0be5a659e6c515010d99e9c335,334aace2ea64ac7763440b12492d4374,delivered,2017-03-22 16:58:07,2017-03-22 16:58:07,2017-03-23 08:40:00,2017-03-27 12:59:44,2017-04-12 00:00:00
17e76907e42e85c99dd9e25d02f65314,b8763c70d81dffeb46554db574d286a4,delivered,2018-07-27 08:26:31,2018-07-28 02:45:20,2018-07-30 06:57:00,2018-08-06 14:52:57,2018-08-15 00:00:00
0ab8d66a698afcb3665ba9be03cedc6d,2ffc88ec5e8f0015074628574fdee23c,delivered,2017-12-04 21:30:05,2017-12-05 10:30:41,2017-12-12 21:54:43,2017-12-13 20:05:20,2017-12-20 00:00:00
3577c461493c5ac55453a02540f6c430,21903bed8121d46e74d60666967c25f3,delivered,2017-12-16 22:28:32,2017-12-16 22:38:23,2017-12-19 20:32:56,2017-12-27 18:03:37,2018-01-18 00:00:00
ef37efcd7c68d5d876772184772a1ea5,6723644d9ba48cca8d848b1f18c70841,delivered,2018-08-12 17:16:29,2018-08-12 17:30:14,2018-08-13 12:44:00,2018-08-20 23:34:57,2018-08-22 00:00:00
2caedb75be9b0acd4a4aa3562e5f898f,5673c1a8ea753d43497e49fb1be74b2d,delivered,2017-07-21 13:26:25,2017-07-21 13:35:54,2017-07-26 11:12:31,2017-07-31 19:37:52,2017-08-14 00:00:00
c5fe9b024836c62ac0742eed03f72669,8a9a29c82eaf2a506eee8e4ea99a5cb5,delivered,2018-08-20 09:23:47,2018-08-20 14:51:13,2018-08-21 12:36:00,2018-08-28 23:29:42,2018-08-31 00:00:00
f607a3db639728bdfeb918da3f84566d,c07090e9a9e0504dd15cdec628d99f49,delivered,2018-04-16 13:53:03,2018-04-16 14:33:17,2018-04-20 00:07:48,2018-04-24 13:19:01,2018-05-15 00:00:00
3d0ad2666f5de49d63ad8ed0af80d3bc,edad39f31de2438ce949eedfda6e5ad4,delivered,2018-07-19 23:13:29,2018-07-20 10:45:16,2018-07-23 06:39:00,2018-08-09 19:41:51,2018-08-16 00:00:00
cb50f73cef605fc87294854be93d6636,0ea03f60c89ca5678a23e6b3badcbb43,delivered,2017-09-12 09:18:41,2017-09-13 09:45:32,2017-09-13 20:03:05,2017-10-25 15:52:33,2017-10-17 00:00:00
d37ad8b44dd4ae4bdbfb3e43e4ae2c02,9725715e986c290e8d8f79e85be70c5d,delivered,2018-03-12 15:10:05,2018-03-12 16:15:49,2018-03-13 18:28:32,2018-03-20 20:12:15,2018-03-28 00:00:00
6a828279d73f18174dd3b9c653d5213d,c994647aae9a45b8ae6eb75b77354ed3,invoiced,2017-06-25 17:54:26,2017-06-25 18:05:22,,,2017-07-14 00:00:00
c93d1daac7ac7b818a7ae6a826ebff8a,5fdb65c578c4277cd0dacc6ee33984eb,delivered,2018-04-03 18:13:03,2018-04-04 03:30:22,2018-04-04 20:37:16,2018-04-23 20:44:39,2018-04-24 00:00:00
67730eb2f9468b8c6eb20a45dd477bbd,1d2a30627555e9f9e4948031b23ae4c7,delivered,2017-05-07 19:13:36,2017-05-07 19:25:07,2017-05-10 04:37:52,2017-05-17 15:06:41,2017-05-31 00:00:00
959d645c348f4b237daaec697cef73c4,bf57ac29566f5216f081607e3173e634,delivered,2018-07-29 19:16:09,2018-07-29 19:25:11,2018-07-30 15:47:00,2018-08-01 23:38:27,2018-08-06 00:00:00
79398f97f77a8ba43fdb4e00b1d44cc0,45b4e602cae9db1a6d047d8dfcf8fe46,delivered,2017-11-13 17:04:41,2017-11-13 17:27:04,2017-11-21 20:07:11,2017-11-30 20:03:01,2017-12-08 00:00:00
fa48ce5f6c4499293eecc423fde54476,44f7c335ef13543f17246fb1010edecd,delivered,2017-12-08 14:17:43,2017-12-08 14:34:01,2017-12-11 15:42:14,2017-12-12 20:42:34,2017-12-27 00:00:00
43deb523bd34a18110a37cdbfbd79096,8c98ce45c69c2a2fb988cd55a00fc20b,delivered,2017-10-24 22:43:45,2017-10-24 22:56:25,2017-10-25 16:12:24,2017-10-26 18:03:19,2017-11-06 00:00:00
6225dae3fcc1416785f294cc07f2e4db,06c09be49b69107bf8c75d10af6b2233,delivered,2017-01-31 23:37:58,2017-02-01 23:45:14,2017-02-03 17:51:38,2017-02-13 13:23:46,2017-03-13 00:00:00
95c6db0572aa00cdfc22e3419805ffc0,a2a8ce4e0a7373fb55c203010a0d21b7,delivered,2018-06-16 20:31:37,2018-06-16 20:58:08,2018-06-19 14:54:00,2018-06-25 19:14:47,2018-07-16 00:00:00
7577e6378383be8d29e8e0cc18a880cb,36905ee3c5e0e8caa7fa04e36474251d,delivered,2017-11-08 21:11:17,2017-11-08 21:26:28,2017-11-09 21:54:46,2017-11-13 20:16:03,2017-11-28 00:00:00
038297c93a230b204ceeca7e2720b464,a51b2e9f1088010982a0bcf451a4de6d,delivered,2018-02-10 22:17:24,2018-02-15 04:07:47,2018-02-16 16:56:48,2018-03-02 14:59:04,2018-03-09 00:00:00
2e98befb6d10b5b83de9d9b4a6f836f9,aa49e266efa5eb9965b01ecd940833c3,delivered,2017-10-16 11:39:32,2017-10-16 11:56:15,2017-10-19 17:57:50,2017-11-08 13:37:02,2017-11-16 00:00:00
71c3a24007f8f52f2f440e4aa2651096,63cd1122ae489072bf42ea93422985b4,delivered,2018-02-12 01:18:21,2018-02-12 02:00:26,2018-02-14 23:23:43,2018-02-21 00:41:36,2018-03-21 00:00:00
aa0b425987bdeae4a29c616a2bc3a08a,c9dc6fff8500f3735822d5356bcb0e1b,delivered,2018-07-22 22:00:26,2018-07-23 12:31:56,2018-07-31 15:13:00,2018-08-01 22:16:46,2018-08-20 00:00:00
95c61e46c5be0715a4302d2aa335f6c8,6288dc3376baf4aaf53a42ad5a27dfa7,delivered,2018-08-16 18:15:46,2018-08-18 03:09:44,2018-08-20 13:48:00,2018-08-27 18:51:21,2018-09-04 00:00:00
c505a1999c5ad6aacc8339242d824073,11c48762b75875d8949294883c00d14c,delivered,2017-03-25 21:22:15,2017-03-25 21:35:20,2017-03-31 13:57:00,2017-04-21 10:08:23,2017-04-18 00:00:00
a0e03cdf46a28b86f2d93ccecaeca421,068789693897e19b35ea3b9e71613c75,delivered,2018-01-06 17:55:03,2018-01-06 18:06:41,2018-01-08 21:54:12,2018-01-17 18:28:58,2018-01-31 00:00:00
44e91d629da568d5df404a8dc5895336,15b682da279b92ef76cded31d345176f,delivered,2017-10-27 15:12:49,2017-10-27 15:32:50,2017-10-31 20:49:48,2017-11-07 16:42:19,2017-11-30 00:00:00
a082f140d70dd20b4e2d7538557b5946,5d8f7d35350a0802b7e4bea9671b132a,delivered,2017-03-31 22:28:39,2017-04-01 22:35:17,2017-04-07 18:42:48,2017-04-20 12:31:29,2017-05-02 00:00:00
82919647c77d6bdf1f3edba9eab8e1fe,5e3e1f4586f475c893bb9b464e0f198d,delivered,2017-09-01 17:06:54,2017-09-05 04:30:47,2017-09-06 19:54:56,2017-09-13 20:53:43,2017-09-20 00:00:00
7484cb86db28da2d4d7c3f41dc265201,bb90f8e1cc3d574742b5ece8076459dd,delivered,2018-08-18 23:06:14,2018-08-20 19:10:03,2018-08-22 10:06:00,2018-08-29 19:42:15,2018-09-04 00:00:00
487c1451b8fd7347d0e80e5aca887e91,ca454a420355c83f95fe93083dc31c81,delivered,2017-03-21 08:50:00,2017-03-21 08:50:00,2017-03-22 09:12:25,2017-03-28 12:40:14,2017-04-11 00:00:00
26a4525518bf2e891e2cdffef0742346,9ba9c35fa0972a58c9397672fd9e0111,delivered,2017-09-20 17:12:10,2017-09-20 17:24:19,2017-09-21 13:52:46,2017-09-30 01:05:52,2017-10-17 00:00:00
7c7e31f3d5eff7a33f2a59bc88d45442,6ecbb48768871dac5066a3aed501e699,delivered,2018-02-09 07:51:33,2018-02-10 02:36:18,2018-02-16 16:28:36,2018-02-27 12:13:49,2018-03-08 00:00:00
e0145369394f83a5210ad16511c6cf33,5c7ad9cbcfbe41d1dd622c64bb0812bd,delivered,2018-07-01 14:28:04,2018-07-02 12:15:15,2018-07-03 08:05:00,2018-07-07 18:26:29,2018-08-02 00:00:00
3933b209d011421f37238c408302ab6a,e0169b7595b7b5413914f12d084ce4a4,delivered,2017-09-16 21:14:17,2017-09-16 21:24:54,2017-09-18 21:05:47,2017-09-21 17:48:10,2017-10-04 00:00:00
c1ef9804b695d6060c0964f2c6324433,ba668ea30c47e2012890846c77978d03,delivered,2018-02-06 11:04:45,2018-02-06 11:15:50,2018-02-08 19:12:45,2018-02-09 17:58:09,2018-02-22 00:00:00
a1ef4c97bec306560bd7bee5982310cc,809f3ba735c909c42837c26580289641,delivered,2018-03-21 12:26:15,2018-03-22 02:50:07,2018-03-22 20:03:20,2018-03-27 00:51:31,2018-04-11 00:00:00
e7a5701bb4e7ef276c46b8bc82100d14,a189fdcd17c49459d41f406cffb5264d,delivered,2018-03-14 15:56:55,2018-03-14 17:00:29,2018-03-20 19:17:43,2018-04-04 00:06:19,2018-04-03 00:00:00
deea84bd5e80bec98688cce040163d4e,505dde6cb43587c90ca012959662763f,delivered,2018-05-05 23:10:33,2018-05-05 23:33:17,2018-05-07 15:00:00,2018-05-09 17:17:57,2018-05-21 00:00:00
91894a6bee2407fdec8f29441d75541e,5d453be4ccf49d74d81b4e1f381dac15,delivered,2017-05-27 23:34:01,2017-05-27 23:45:20,2017-06-02 11:18:10,2017-06-19 20:57:41,2017-06-21 00:00:00
2e7b020eeca2d5b86d5263a996d540bb,f407009fa29e2acc16b36bca7cb2097b,delivered,2018-03-16 08:46:26,2018-03-16 09:07:27,2018-03-16 22:41:58,2018-03-21 23:12:19,2018-04-09 00:00:00
cef147376bb33bb005a1402f6d1df975,d312fe4060a6df0bcfbad3980c6dcbbe,delivered,2017-09-29 20:10:50,2017-09-29 20:24:52,2017-10-04 17:13:23,2017-10-09 18:12:39,2017-10-24 00:00:00
68e26c32708fa02057ea7c255d288929,7e1e6a9276e75274a3d81cebaa6f0c55,delivered,2017-08-19 20:30:07,2017-08-19 20:45:11,2017-08-21 21:15:36,2017-08-26 12:12:18,2017-09-01 00:00:00
f5fcef5d7789fe60b872effa519c61f7,3a8fd5df8c4f435f83cd213175ec3633,delivered,2018-06-20 21:03:59,2018-06-20 21:18:29,2018-06-21 13:42:00,2018-06-22 16:06:38,2018-07-03 00:00:00
270d816a580cef9525ac73d6c4b87255,66f6f1200cf04a1950b327fecf045fa5,delivered,2017-01-23 20:35:00,2017-01-24 03:42:46,2017-01-24 12:41:24,2017-01-26 13:46:04,2017-03-02 00:00:00
f2d26951c2a2ed673083eb992ae8aa8a,c2e1d65c47178eac5bd515e6653959e8,delivered,2018-01-16 09:46:23,2018-01-16 09:54:26,2018-01-17 19:59:11,2018-01-19 22:22:00,2018-02-01 00:00:00
c95fb74948e8db073f6114d3fa726fe1,5427db81b6127984b9d282e9e6ef2603,delivered,2017-11-05 22:06:17,2017-11-05 22:26:38,2017-11-06 19:32:20,2017-11-22 20:23:33,2017-11-28 00:00:00
b53182a21556b268f4379515546be86e,fcf28aeffa802b47732e096c083cbf83,delivered,2018-03-03 19:39:54,2018-03-06 03:51:07,2018-03-08 16:02:50,2018-03-21 17:34:50,2018-03-21 00:00:00
21733cca729d55bc70908258a2e90984,71d8b370aaeded50c1c23aee760f79c0,delivered,2018-04-10 21:18:14,2018-04-11 14:49:58,2018-04-18 16:28:31,2018-04-20 17:02:43,2018-05-07 00:00:00
3b6690156750c4917ecf101375aad921,d6d96f27f24d818b943983695aa74ce8,delivered,2018-01-29 19:49:57,2018-01-29 20:12:17,2018-02-02 02:38:14,2018-02-22 21:55:03,2018-02-26 00:00:00
1527028c6f0d2ca7a42e5337dc2762e5,da40474632f5b5c599e949b0800e7d64,delivered,2018-05-08 20:34:15,2018-05-08 21:11:51,2018-05-15 14:30:00,2018-05-16 19:54:30,2018-05-21 00:00:00
9b802ee9dfe931bb3bf0c9a23a0a2780,c3b46a2c4b10a6d46275d9902d91ff2d,delivered,2017-12-06 13:39:32,2017-12-06 13:50:56,2017-12-07 21:16:31,2017-12-13 21:09:49,2018-01-02 00:00:00
ba227a95d8ae1abc30bda3c6c5c08c1a,9db6f6b4c1314281d7ae168de7b502d4,delivered,2018-06-21 18:54:50,2018-06-21 19:21:17,2018-06-22 13:17:00,2018-06-26 22:34:31,2018-07-25 00:00:00
ffaed28dc2c916f896616e904036ffd0,40cdd667844b9779a041e2aebe0f57d3,delivered,2017-05-30 17:31:27,2017-05-31 06:35:21,2017-05-31 11:09:22,2017-06-01 13:41:40,2017-06-26 00:00:00
7b539e31732dcb7e50afa35e6042717b,c032adfcb7e93ccdb27c8b4f12bf9122,delivered,2018-01-17 14:42:28,2018-01-17 14:52:31,2018-01-25 20:37:49,2018-01-31 17:42:25,2018-02-08 00:00:00
0306b467a7c7d400d265b71cf6608e15,4ff38991e49354d05057650b0033234f,delivered,2018-02-01 11:32:12,2018-02-03 02:53:21,2018-02-05 15:56:44,2018-02-09 16:36:44,2018-02-23 00:00:00
d1ca60cfa5b276544043d344ad224285,894202b8ef01f4719a4691e79dd24c17,delivered,2018-05-31 10:45:35,2018-05-31 10:55:10,2018-06-02 09:07:00,2018-06-08 17:14:39,2018-07-11 00:00:00
0d23d5f95886d46d2deaee6f7282316a,d4ade0e56c661ccfa575bc4270970209,delivered,2018-02-08 10:42:48,2018-02-09 02:50:44,2018-02-09 17:08:47,2018-02-14 15:39:04,2018-02-26 00:00:00
25db8af390f9984ee0af317b5239af35,9687241c8ed4018450273e3fe23803b6,delivered,2017-06-03 10:33:55,2017-06-06 13:05:43,2017-06-07 15:21:39,2017-06-13 17:47:00,2017-07-10 00:00:00
f6d0018789810848d254ef989ed2108c,55df240e47344fa8542ff684aec523c9,delivered,2017-08-22 12:57:33,2017-08-23 02:46:55,2017-08-24 18:48:32,2017-08-29 19:29:05,2017-09-12 00:00:00
8b6698a86e777937d240b9c7b6476ce9,2a924be148faf2fb7ad71c13b6109926,delivered,2017-12-21 14:25:31,2017-12-21 14:34:23,2017-12-27 19:19:02,2018-01-10 22:42:56,2018-01-18 00:00:00
89289862108c78037897ba5b75f5253f,ad64e3a8a8bc6123498fb7752c53017e,delivered,2018-02-12 11:08:58,2018-02-12 11:15:22,2018-02-14 19:08:32,2018-02-26 12:52:01,2018-03-07 00:00:00
a11f0312591acf976fd9bf40d6b539db,007b18ac9b8a627f259ea78aed981315,delivered,2018-03-16 23:03:38,2018-03-17 17:08:51,2018-04-09 15:13:03,2018-04-09 15:13:08,2018-04-12 00:00:00
e130d3f737127ae52681b9338aea9b64,b9da524b08224eaff1bf76ef4d4299ac,delivered,2018-05-25 14:41:25,2018-05-26 10:19:15,2018-05-28 13:48:00,2018-06-05 09:02:36,2018-06-19 00:00:00
2f56e94e1ffe8f9d0af6c89ec43a13e3,2483d2afb58562785d0fec781d607267,delivered,2017-07-28 10:35:23,2017-07-28 10:50:12,2017-07-31 21:04:24,2017-08-11 19:22:39,2017-08-23 00:00:00
d381b82dfce3b3c57938ed35c09ce096,acf3b1b4ec4e2a6aa97acf15cfab1d5b,delivered,2017-11-30 11:04:45,2017-11-30 11:14:25,2017-12-01 17:10:03,2017-12-14 18:18:46,2017-12-27 00:00:00
3614e1d9603e0068d80dcf12c407795f,873b040975fe95e97e2bf8e674b2739c,delivered,2018-02-12 00:06:24,2018-02-15 03:51:28,2018-02-16 01:28:58,2018-03-16 13:07:29,2018-03-06 00:00:00
3c84ef58a24b36acb52aef0fe4200d4f,a189e91674fa4a8cc4dbff954d0a4246,delivered,2018-06-20 18:47:35,2018-06-20 19:18:49,2018-06-21 10:26:00,2018-06-27 14:48:37,2018-07-26 00:00:00
1ec53891c581322d7f3a17fb5835b857,bc746f1c6fcd8b31f1feaf2111a780bd,delivered,2017-08-25 11:59:24,2017-08-29 04:26:04,2017-08-29 19:10:48,2017-08-31 21:04:09,2017-09-08 00:00:00
a75677de97d29dd137bd7779428d9aa2,51620c2de1a1f0ef6e6ccda2b0c1ef11,delivered,2018-07-01 14:44:27,2018-07-01 15:09:56,2018-07-02 14:07:00,2018-07-12 17:19:26,2018-08-01 00:00:00
e2efd05161881ff66ece867b9221e6df,369b079c89901eec7a23b1deb9a7aee7,delivered,2018-02-12 22:48:49,2018-02-12 23:08:03,2018-02-20 11:29:17,2018-03-25 16:48:46,2018-03-15 00:00:00
764e3bafd3f803a716418cb92d40e548,c7f88539d232d197ec095844868afca2,delivered,2017-06-29 12:31:55,2017-06-29 12:43:45,2017-06-30 17:25:13,2017-07-07 17:41:20,2017-07-19 00:00:00
dc349abe3608895a65a1881fa4b27649,29ace186c67ab06034ae84880cee3fb2,delivered,2017-05-15 13:52:08,2017-05-16 14:02:38,2017-05-18 15:33:28,2017-05-22 11:32:59,2017-06-08 00:00:00
9ac05114800f02bfaa783bd76842dbe2,9a4a662f2adad6ed0a31fd0d4221e1cc,delivered,2018-06-20 15:28:01,2018-06-21 15:39:14,2018-06-22 14:11:00,2018-07-02 14:38:57,2018-07-24 00:00:00
4096943338f6798c95bce03684e2a354,2475746f4e558c18ec6865adb7dab746,delivered,2018-07-31 21:17:50,2018-07-31 21:44:16,2018-08-15 12:07:00,2018-08-21 21:49:20,2018-09-06 00:00:00
178660fc6914ba83609b807efe89f984,a80ad6e325412a61b61145b3f81bee3c,delivered,2017-06-09 15:12:46,2017-06-09 15:25:12,2017-06-12 13:15:48,2017-06-16 13:19:57,2017-06-23 00:00:00
aba440032be16b32505c6e14bb755b0c,0a7e708542b39e5dd6dfccc8a8e3b7c1,delivered,2018-01-23 12:32:41,2018-01-23 13:01:15,2018-01-24 04:22:31,2018-02-05 21:51:43,2018-02-21 00:00:00
b40923df3f882c691f7906a3cff8ae23,f8c6dcd56ea35d173392a2ba5bfd6e95,delivered,2018-01-20 15:35:01,2018-01-23 03:37:26,2018-01-26 16:12:46,2018-02-07 10:14:00,2018-02-21 00:00:00
797fe018b83e5b8aaef674bad19874e9,12f720722d56d2cdcafc93c9b5809ea5,delivered,2017-05-08 15:15:49,2017-05-09 15:22:24,2017-05-12 11:49:57,2017-05-24 16:23:07,2017-06-06 00:00:00
a2c2158d6a2596315ca45703207e97c4,b4e237973ec5c3b1c17a3411e0633f30,delivered,2017-05-31 13:55:04,2017-06-01 14:02:40,2017-06-21 11:41:10,2017-06-26 12:41:52,2017-06-23 00:00:00
6d6dab0b5b471af95c0b7a114b5242f4,9f7be3ecb950aed145871dd613cbb06a,delivered,2018-01-03 00:43:53,2018-01-03 17:11:28,2018-01-05 13:12:50,2018-01-09 18:25:49,2018-01-26 00:00:00
fb4c654f040642300a388f17ee02be7f,d9e3358d714896d16cbc712a46559861,delivered,2017-11-25 16:49:00,2017-11-25 16:57:26,2017-11-27 20:35:53,2017-12-04 22:52:24,2017-12-18 00:00:00
da60e4caa4c6e303002f33c304011591,73038e9f26a27fc56631416306bd7829,delivered,2017-11-13 08:04:09,2017-11-13 08:15:23,2017-11-14 21:48:48,2017-11-22 18:12:13,2017-12-08 00:00:00
a679a3450fae65339681e567b378ebc5,45e4dab8ec0beda6573700b2272cb164,delivered,2017-08-14 12:45:58,2017-08-15 12:55:19,2017-08-16 20:54:35,2017-08-29 17:53:19,2017-09-14 00:00:00
3a1a92434eae60a4f44ad7ebef65c3e7,dc11c734af06298550995bb5ff673dce,delivered,2018-07-18 15:03:36,2018-07-18 15:22:25,2018-07-19 10:15:00,2018-07-20 22:32:07,2018-07-31 00:00:00
3343de372beb853bffdaa61da97a22aa,7b6af10470b26c401d18e3083e271339,delivered,2018-06-13 17:05:52,2018-06-13 17:39:00,2018-06-14 13:10:00,2018-06-26 08:46:40,2018-07-16 00:00:00
d2ce2764e877473355ddb49af8eb3bc5,def6003502bb7701e2cdc0cb5af42cfe,delivered,2018-08-28 14:32:59,2018-08-28 14:45:17,2018-08-29 11:01:00,2018-08-30 15:02:39,2018-08-31 00:00:00
26449e55a87a5c565d60238999c380ff,3ebd7c64f990c7558321fb5af7a547b9,delivered,2018-04-22 18:05:20,2018-04-24 18:55:14,2018-04-23 10:42:46,2018-04-24 19:11:46,2018-05-04 00:00:00
d486475824974ef6fb73375f5a50e465,2dbc6c19eaeb265c5bed88607eb98f21,delivered,2017-06-23 22:04:36,2017-06-23 22:15:19,2017-06-28 12:15:28,2017-07-04 07:34:35,2017-07-19 00:00:00
74945023a969c39c770a3d73e669c5c5,8db2bd257e77d70fd9ed115f4e68e3a2,delivered,2018-07-08 19:12:15,2018-07-08 19:25:16,2018-07-10 10:24:00,2018-07-24 18:46:51,2018-08-03 00:00:00
105a70f8a707fdd43b003271860132bd,713c6678ace69cc88a91c9e56ee2a20a,delivered,2018-06-04 08:08:48,2018-06-04 08:30:54,2018-06-04 16:04:00,2018-06-05 23:59:29,2018-07-04 00:00:00
1ba17bb34e802d7e243558ee086ff754,991dfbe50e6444dc9f25c9f8d3562ceb,delivered,2017-03-21 15:22:48,2017-03-21 15:22:48,2017-03-22 15:28:38,2017-04-03 17:04:14,2017-04-20 00:00:00
ba05596e1b0875fac4abdf6a6d036743,da7acf84f4943e92fe8d8c767824a994,delivered,2017-07-15 16:14:09,2017-07-15 16:25:11,2017-07-20 17:42:22,2017-08-01 19:46:53,2017-08-10 00:00:00
4e78c8e6f00a4ca7409db04227837738,66d8f30fb4390d0b8d3e0b639bd367a9,delivered,2017-10-03 00:20:58,2017-10-03 00:35:09,2017-10-11 19:11:51,2017-10-23 18:18:38,2017-11-03 00:00:00
420279d8b0ac26f42d2e3a4e8dd959b5,eba7ed7b49f33dcdb5757243bb1151a2,delivered,2018-01-06 21:39:08,2018-01-06 21:51:27,2018-01-08 17:57:18,2018-01-15 15:53:16,2018-02-05 00:00:00
a594e1f484d5b84270ff28ad578632d2,944da8dc6dbfd378263bb8bd8b4acb76,delivered,2018-03-12 15:12:33,2018-03-12 15:38:09,2018-03-14 20:03:23,2018-04-11 10:52:23,2018-04-06 00:00:00
23c0fb66f3afa483b302cc740b14f17b,3f6ede29d4c69cd3316d2035b6cec1fb,delivered,2018-05-16 23:45:47,2018-05-18 04:36:16,2018-05-18 09:35:00,2018-05-21 13:48:28,2018-06-13 00:00:00
8f677798a3e80c02adf52911bf8d145d,17b723f5c85b44a1dcf96dca43d3eb89,delivered,2017-03-20 17:01:26,2017-03-20 17:01:26,2017-03-21 14:24:10,2017-03-27 18:05:32,2017-04-11 00:00:00
413648037e02e5c759e67071c61b2fcf,ac6f5d2cdbd505344d970017a51bfc43,delivered,2018-08-04 16:49:05,2018-08-04 17:04:03,2018-08-07 15:42:00,2018-08-13 22:36:37,2018-08-15 00:00:00
6b1524b569b3782bcdd845635117ef81,d7167d6d21d5201411121195fbe953af,delivered,2018-03-27 10:35:40,2018-03-27 10:47:55,2018-04-02 15:29:39,2018-04-13 11:51:16,2018-04-17 00:00:00
082d1a4833001c9e4d9a97109ea180d6,3bc5243906b84d5c2d343147f0eafbe4,delivered,2017-10-18 08:45:41,2017-10-18 08:56:30,2017-10-18 19:32:07,2017-10-20 20:11:48,2017-11-06 00:00:00
58fbd882a7ce0cf6eca11251a96931d1,85eb24e5005373089e1361c0af90ea3d,delivered,2017-09-19 12:50:29,2017-09-21 03:04:37,2017-09-21 18:50:11,2017-10-03 17:57:45,2017-10-05 00:00:00
6ed3f553337457d7804e8c39b580ce89,db34aec8913fe9f462bf2167afd258ca,delivered,2017-11-22 15:32:48,2017-11-22 15:47:14,2017-11-23 16:12:57,2017-12-01 23:13:29,2017-12-13 00:00:00
b2bc298fa029f415e70abae220ebf282,dc77ed4e8d992ff8e738b64198870eca,delivered,2018-05-15 19:30:49,2018-05-15 19:53:04,2018-05-16 06:34:00,2018-05-22 00:08:39,2018-06-04 00:00:00
196a79cd1b9ff7ad77dfaa9d4c46d04c,7fef0997cc98db48b91fdcb9841e909c,delivered,2018-02-05 10:36:40,2018-02-05 10:50:30,2018-02-08 23:17:13,2018-03-06 21:38:42,2018-03-13 00:00:00
7be4cf9e577bd6353f88c21ffdf87931,2731fd84e6a05d548640607a131f185b,delivered,2018-08-21 09:28:11,2018-08-21 09:50:20,2018-08-22 13:26:00,2018-08-29 19:38:29,2018-09-05 00:00:00
28261c529e96c64f072a17b839812d63,2dbd4a021efca34f591c4bee3a821161,delivered,2017-09-18 15:41:27,2017-09-18 15:50:26,2017-09-20 13:29:00,2017-09-25 21:33:03,2017-09-28 00:00:00
f1411a1d5c32efefafd71fce9773de51,633d1bcc302d769ba3f9da7d010d74b2,delivered,2017-06-29 20:08:14,2017-06-29 20:23:50,2017-06-30 14:23:48,2017-07-14 12:07:45,2017-07-25 00:00:00
f71c29e41d9d12d65f0e05f17fc6cecd,4139b916aeaacb9ac5133afdffe2fdc4,delivered,2017-12-05 09:18:12,2017-12-06 02:50:20,2017-12-06 19:51:55,2017-12-15 17:11:00,2018-01-04 00:00:00
ddd71c8539788a710549849a7dcaebde,568ad2e25b8b84904ae2fb3863363a75,delivered,2018-02-21 08:27:26,2018-02-22 02:15:47,2018-02-23 17:52:57,2018-03-16 16:02:27,2018-03-20 00:00:00
cab618a13f81a7ad42573993ddae2ff2,4205cff8e8c084e073c7c3d8380b98c6,shipped,2018-02-27 12:19:10,2018-02-27 13:00:30,2018-02-28 17:11:46,,2018-03-20 00:00:00
e9a85f45594b8912672374e10d99f1a7,a0c7aec11a5f3ec702888d67aeedeed1,delivered,2017-12-27 22:37:02,2017-12-27 22:48:18,2017-12-28 18:36:28,2018-01-03 10:59:09,2018-01-22 00:00:00
6ff900f88e265e076a3625007c01cdbc,a00774e666bc2f0af970ff157ecf6f7e,delivered,2018-04-27 19:03:57,2018-04-27 19:15:25,2018-04-30 15:27:00,2018-05-09 21:08:48,2018-05-22 00:00:00
fb782978193f7e29ff62d9b64c93ff54,17cf99bbc536657ddba8b1428192e103,delivered,2018-06-07 20:42:19,2018-06-07 21:36:00,2018-06-08 14:14:00,2018-06-13 19:12:34,2018-07-03 00:00:00
c6aaa7cbfc09b6f769d45d149a852643,109752cc7796656c8d504f634e66aead,delivered,2017-11-24 00:16:09,2017-11-25 06:29:52,2017-12-07 22:37:56,2017-12-11 20:37:52,2017-12-22 00:00:00
1ff6183537eb3a189de77b309ed28ad1,52ac1d5c2063338b5a45f69a14528c9b,unavailable,2018-01-02 17:31:02,2018-01-04 11:57:21,,,2018-01-31 00:00:00
67c2939389900ee5ef95296df8691336,ac9333a0622593a2af3c26cbec36576c,delivered,2017-10-26 22:54:02,2017-10-26 23:06:07,2017-10-27 18:49:44,2017-10-31 21:28:59,2017-11-14 00:00:00
96c0941a87f12624bbaa976c3cb81ca2,36a55a60f18b9cf47ec2b374f2c097ea,delivered,2018-05-23 08:35:19,2018-05-23 10:36:12,2018-05-23 14:31:00,2018-06-15 21:14:54,2018-06-08 00:00:00
4550006a45ae092d4214e3dc09b89194,9f14d5cb2c7d39f6c4556ff35f4ba78e,delivered,2018-06-26 11:31:55,2018-06-26 11:56:50,2018-06-27 07:56:00,2018-07-03 07:41:40,2018-07-23 00:00:00
c41c7711e8d92901517c702f0836ea59,7197a7e7977ed02ce5e53c8a46818808,delivered,2018-06-27 17:52:31,2018-06-27 18:12:42,2018-06-28 09:32:00,2018-07-11 00:13:48,2018-08-08 00:00:00
1fc6f36a09a4afd9024b0cf47d52924e,7257af5a464fdcac46d918d3e0d547ed,delivered,2018-07-25 04:46:10,2018-07-25 05:24:16,2018-07-25 09:23:00,2018-07-31 23:06:40,2018-08-17 00:00:00
bced00a55bb6ecdb3c4a181b43ddf3e7,4ae69b0abbf8efc595adad1c978c765b,delivered,2018-03-26 10:03:34,2018-03-26 10:15:35,2018-03-27 01:12:21,2018-04-16 22:28:30,2018-04-12 00:00:00
45ce374cd293f6539ec1711a93f94aa7,05f337ebaa4407b43c68d15f5cf1949a,delivered,2018-08-15 19:52:54,2018-08-16 03:10:14,2018-08-16 14:06:00,2018-08-22 21:58:34,2018-09-12 00:00:00
3c843728a555b7e433f4a128b82d6740,4bd294209a20481f0b350a90a502902f,delivered,2018-06-24 20:26:36,2018-06-24 20:54:52,2018-06-25 11:23:00,2018-06-30 16:36:55,2018-07-17 00:00:00
efd3e6079ebd4d192d41aa488cbc1757,32057ee964e8c08387a897d367b0777d,delivered,2018-02-14 22:40:28,2018-02-16 14:31:07,2018-02-20 12:08:49,2018-02-26 23:59:10,2018-03-13 00:00:00
90729c9368dfbc80cac0f98648c70379,39a0a78fa906f6ce2b95e348f186016b,delivered,2018-04-07 19:54:46,2018-04-07 20:08:35,2018-04-10 20:32:21,2018-04-13 22:06:29,2018-04-24 00:00:00
ea6a496329b06f8ef26ff21eb61998f9,42a5fcbbdad65719b297e30533cdfcfa,delivered,2017-02-07 14:26:30,2017-02-07 14:42:08,2017-02-08 17:37:43,2017-02-13 13:03:19,2017-03-06 00:00:00
120e494a0a23aee36f4d7a635e469172,08cfbfce32d6e30b94c84bbd630aafae,delivered,2018-08-17 00:29:48,2018-08-17 00:49:14,2018-08-17 15:35:00,2018-08-27 12:21:06,2018-09-06 00:00:00
f6fbf7907913892ffc12ada3bff286ba,1d7d832199ca5ea415e212d226ae106c,delivered,2017-07-31 18:47:11,2017-07-31 19:03:15,2017-08-02 17:49:51,2017-08-10 20:04:29,2017-08-30 00:00:00
c0567ba9f6736e00d05c404aac7c9430,418e8d9a30cdd26678265116e8f06ca6,delivered,2018-07-03 20:16:20,2018-07-05 16:21:30,2018-07-04 14:07:00,2018-07-10 20:22:15,2018-07-16 00:00:00
4b02687f07f856cac25049dd4406cd52,2a121b0b3ad1786974498558a5b85b4c,delivered,2017-05-28 13:55:44,2017-05-28 14:05:14,2017-05-31 15:57:03,2017-06-08 14:36:27,2017-06-29 00:00:00
2b8c8846f8e82bd4956159a513ca01ad,2cd34b583d992938389048b0af8bea8a,delivered,2017-03-17 18:21:51,2017-03-17 18:21:51,2017-03-22 13:12:03,2017-03-29 15:42:54,2017-04-07 00:00:00
50782cd44ddec8134f7d93043ebfd333,454597de2c9100d65a4ce3a74ad8acfe,delivered,2018-08-17 16:02:15,2018-08-17 16:15:17,2018-08-20 14:19:00,2018-08-23 15:40:43,2018-09-06 00:00:00
f6ad54b5be9c3a496973acd1b1c8b714,6f67142db4b6ec414dd624724b738f3f,delivered,2018-08-13 14:18:44,2018-08-14 04:25:23,2018-08-15 14:25:00,2018-08-21 15:16:49,2018-08-30 00:00:00
b90eb14cd43f40f7b2ad0102469e43bb,c3ca68094375f8b51c8ca056b5a92a7b,delivered,2017-11-30 23:20:14,2017-12-02 16:17:27,2017-12-05 01:04:52,2017-12-06 21:48:49,2017-12-18 00:00:00
d37d275bf870e1d9a50b888717929495,9f9a83d15d7255a3747dd9175b875ea0,shipped,2017-07-16 13:08:37,2017-07-16 13:22:58,2017-07-20 18:03:14,,2017-08-08 00:00:00
1c58c266f70494954b0e545444355f3b,78f6f95ad4bd71dfc7185b4825afea8a,delivered,2018-02-26 08:38:33,2018-02-26 08:50:23,2018-02-26 20:17:26,2018-03-15 21:28:24,2018-03-23 00:00:00
18ed15b7c2fadc5faa4db7a9f24d7d61,8a6f41f613047807293074456ba0229a,delivered,2018-03-18 14:49:40,2018-03-18 15:08:04,2018-03-20 02:28:37,2018-03-21 19:57:45,2018-03-29 00:00:00
70ad0c0c83d69921cc0675f3e56d4e02,4fab1dfedcedd8d1a0ac3fb3475de007,delivered,2017-12-01 13:08:26,2017-12-01 13:18:46,2017-12-05 19:23:18,2017-12-12 18:58:46,2017-12-26 00:00:00
30a1f7a69f9dc03ac7bfd48df243ccef,ef3ad6cd82126989fb3e389f6b9c54ef,delivered,2018-01-30 21:28:31,2018-02-01 02:52:56,2018-02-01 20:29:34,2018-02-20 15:13:19,2018-03-09 00:00:00
08adcddad19d3acf37d1fa01cb9ded1e,94c2f45091985c47b4c4fb301113f0a4,delivered,2018-06-27 11:16:44,2018-06-27 11:30:56,2018-06-27 10:57:00,2018-06-29 17:39:53,2018-07-18 00:00:00
74851b1eea867c905d24b4a96306af8b,54a3a6f6333268fbb453f6b9834e90b1,delivered,2017-08-26 08:51:18,2017-08-26 09:05:17,2017-08-28 19:40:11,2017-09-05 19:22:28,2017-09-22 00:00:00
1ed4e96d371387280707c53f4555031b,a7aace19091346dc0e229e1c2b43e896,delivered,2017-11-09 12:49:59,2017-11-11 10:06:18,2017-11-17 20:16:47,2017-11-22 14:35:44,2017-12-06 00:00:00
629e289bf8013a1e9dcb5fc8cb9b377b,bfe6959e788d3b3bc146aa98f45ddb6c,delivered,2018-06-15 15:13:15,2018-06-15 15:37:43,2018-06-18 14:41:00,2018-06-19 19:42:36,2018-06-28 00:00:00
230429e6f253f9cd6561aad72ce7ee2f,a7924be36d69088596f4ceb0178adf28,delivered,2018-07-18 13:30:45,2018-07-19 15:30:27,2018-07-30 13:42:00,2018-07-31 18:58:33,2018-08-03 00:00:00
b3111cd50c7a34635433d6a557a6bf64,25700734456e911ea55a83b37c50de2e,delivered,2018-06-17 10:07:40,2018-06-17 10:19:38,2018-06-18 12:42:00,2018-06-22 15:06:44,2018-07-05 00:00:00
6b63e99cee8db08f10bb8f41c56f42c6,fa98c49b78e4bf3bd57baee31a771ef1,delivered,2017-11-30 17:04:38,2017-12-02 02:38:03,2017-12-04 20:53:01,2017-12-08 20:07:20,2017-12-28 00:00:00
a740ec24c1003da3578da8a0627f50a2,2fcaf832642f3c050776fe4f9a5cfc6e,delivered,2018-05-02 13:54:46,2018-05-02 15:40:31,2018-05-04 14:40:00,2018-05-08 23:38:46,2018-05-18 00:00:00
bb3b9252816ff94fc9f21944cfa0b6d1,84353738a84112675537c08797692415,delivered,2018-05-04 16:17:14,2018-05-05 16:13:44,2018-05-09 13:28:00,2018-05-22 22:48:18,2018-06-05 00:00:00
18917193c2d4f159daff7df3b208d22e,ce94567df6da5d7d85640b02953f44bc,delivered,2018-02-18 19:05:11,2018-02-20 07:07:31,2018-02-21 17:19:14,2018-03-01 19:08:40,2018-03-12 00:00:00
408c159bf7f5bb5ee0ee64ca6be81ab3,c72a2535917c69cffe7135677632702a,delivered,2018-08-12 19:29:47,2018-08-12 19:44:36,2018-08-14 09:40:00,2018-08-20 13:16:27,2018-08-29 00:00:00
dee5aaea45b39a487724b13ee9523e88,ae426228e04d6189518ffd4338572740,delivered,2018-01-26 18:16:08,2018-01-26 18:39:19,2018-01-29 22:29:01,2018-02-05 12:28:48,2018-02-15 00:00:00
70e4a7d6c5ca0ca7bd543955b1d9c056,4d1d60431e94c06016147b85bd0b446e,delivered,2018-02-08 18:26:33,2018-02-08 19:02:06,2018-02-09 20:33:40,2018-02-19 20:27:14,2018-03-05 00:00:00
973f596fdd2295f00754dd37ab7eb684,01cc68904d33964bd2e7bd52d10efe18,delivered,2017-02-06 22:47:03,2017-02-06 22:55:13,2017-02-10 15:27:04,2017-02-15 04:35:01,2017-03-01 00:00:00
3e7a5341d84707eefa28c4d2273e60ae,823f621f5037d971a15b0cb861f8c554,delivered,2017-11-24 10:31:52,2017-11-24 13:57:35,2017-11-24 21:47:44,2017-11-27 19:12:49,2017-12-08 00:00:00
9ba68602fafba92a21fc48911251ce31,727ddec07f701bf58a5ea4692c4cbbff,delivered,2018-01-07 10:16:19,2018-01-07 10:27:11,2018-01-10 12:34:04,2018-01-25 17:02:49,2018-02-16 00:00:00
dfc2207ff43ff152e5a94f9c580ffe7f,86875ab8aa20041cce596d58f3a37e1c,delivered,2017-06-05 23:05:44,2017-06-05 23:22:16,2017-06-07 11:41:33,2017-06-13 14:34:43,2017-06-28 00:00:00
c8fbeee3ca85a32da48fa57b351b18c2,bac36f680d5c0c0bb085b8a86a5e68cd,delivered,2018-03-21 13:20:03,2018-03-21 13:35:33,2018-03-22 20:02:43,2018-04-06 00:28:21,2018-04-18 00:00:00
8861169e1fdf588ae812507b0cd3e2fb,5eedfe8770c08d904f4c4f1c89da224c,delivered,2017-03-20 21:02:06,2017-03-20 21:02:06,2017-03-21 16:15:22,2017-03-31 10:12:47,2017-04-24 00:00:00
962938a0eb303d087976fbcbe632723a,1579098c5d9e5744b0f81f652b2f3f3b,delivered,2017-12-18 08:26:07,2017-12-18 09:31:24,2017-12-20 21:51:41,2018-01-09 18:45:26,2018-01-18 00:00:00
83b5512cab9d85f6f644b4d28e423f06,5dc340dc5299977f8ac7a1a5abfcdf54,shipped,2017-06-14 19:52:30,2017-06-14 20:05:27,2017-06-16 15:37:46,,2017-07-28 00:00:00
1bc7434bd3185b311a6d4016a03ea06a,0a0c2a4fcc642872a37b8454f7c4df86,delivered,2017-12-12 08:20:07,2017-12-13 02:50:07,2017-12-21 22:09:54,2018-01-10 21:42:24,2018-01-15 00:00:00
2fe9c43306d90b933dc4efadb0f852ff,e7a055b4b4b6a31ca43d235c54d87897,delivered,2017-05-23 17:02:02,2017-05-23 17:15:18,2017-05-24 10:45:04,2017-05-30 14:52:18,2017-06-14 00:00:00
fbff49f23160970478cfc548cf7acde6,bf595ac1199b8f88990ff5389e648b00,delivered,2018-04-30 23:40:41,2018-05-01 03:53:44,2018-05-03 13:19:00,2018-05-12 13:48:50,2018-05-24 00:00:00
9b434ff82e1cc10e25641256b7ec7b15,ee74cd7692f3590b03d7b8fbcdb18c44,delivered,2017-10-03 21:10:45,2017-10-03 21:24:29,2017-10-04 13:41:32,2017-10-11 22:12:38,2017-10-31 00:00:00
05d61bb749461f4805dbda51f767fa47,80f16375ce928674fe11f2e5130208e1,delivered,2017-08-29 19:04:05,2017-08-29 19:15:17,2017-08-31 19:37:26,2017-09-15 18:42:30,2017-10-10 00:00:00
b7dd6e83a855d2ed0804d8ff84535092,c3a8f50426b563c73370f773f8aaf9da,delivered,2018-06-19 11:44:05,2018-06-19 11:58:21,2018-06-20 10:31:00,2018-06-29 16:52:33,2018-07-25 00:00:00
fecc4ea5a3e06ce3192ae2f05b7a8439,ec43686dd7b2f48ea65475606fdfc85d,processing,2018-01-14 21:52:31,2018-01-14 22:09:08,,,2018-02-06 00:00:00
e28247f13af9b927289e7730877eb923,04e6b770102df2c677ca4505f9c0c786,delivered,2017-12-16 11:45:11,2017-12-19 09:54:36,2017-12-21 15:42:30,2018-01-09 21:48:12,2018-01-18 00:00:00
e16f4887f57e05d5e8379d954bae6785,c4d3d5473a9cc20d7acdf866c7cbc1a3,delivered,2017-07-17 08:44:24,2017-07-17 08:55:18,2017-07-19 22:13:27,2017-07-24 12:07:45,2017-08-08 00:00:00
d9fee6ee13066c1eaaa95f24bcc8a4d8,6e2c7ae79ed263e82a5d4cacdff17326,delivered,2017-03-04 12:39:50,2017-03-04 13:05:31,2017-03-18 07:24:00,2017-03-22 13:38:37,2017-03-27 00:00:00
3da53042e56776670fcf05a64d884ce9,3af46ebb3600804c782615cd897db0db,delivered,2018-02-04 21:25:23,2018-02-04 21:35:26,2018-02-06 17:04:25,2018-03-07 12:54:05,2018-03-15 00:00:00
8055e039e3e86f6328082ea948230520,dac66821be170e68ee80d01a5b166760,delivered,2018-04-06 22:32:42,2018-04-07 02:48:23,2018-04-09 23:56:46,2018-05-08 17:04:00,2018-04-27 00:00:00
c6472cb27f5aea27c6f874ae8928939a,32e186b1bde73732f1cca0247967cbcb,delivered,2017-11-23 13:18:06,2017-11-23 13:26:30,2017-11-23 22:21:39,2017-12-04 21:26:51,2017-12-20 00:00:00
1f790c9e3bb6e08d226245a5d1d781fa,3231b84e6605fdf9e9d0a9fd4bc290e9,delivered,2018-01-14 11:38:15,2018-01-14 11:49:24,2018-01-15 17:13:02,2018-02-01 00:33:10,2018-02-14 00:00:00
3f71c7ea78bd7df6729746c1f93ca424,69a5de2d98d4729f8dad3add11022053,delivered,2018-02-01 16:22:58,2018-02-01 16:35:29,2018-02-02 19:21:47,2018-02-20 20:25:29,2018-02-26 00:00:00
c873d67cdcc79e51c21b47d8c69ada68,36ad966afca63b90b96b3d01f09d956a,delivered,2018-07-02 15:38:53,2018-07-05 16:09:20,2018-07-04 15:15:00,2018-07-11 19:20:34,2018-07-30 00:00:00
cc162c1cd7cfadccc729922aa7fa2d2b,6049d21011689c1e6dc8978c25a3d4b4,delivered,2018-01-25 15:48:44,2018-01-26 22:38:07,2018-01-30 12:38:04,2018-02-15 19:49:10,2018-03-05 00:00:00
0c5cdf9ab91788bffa3d0f7e8ce4b213,f4b699445bfa4eb7d6247e4f47eae9e0,delivered,2018-01-26 16:45:03,2018-01-26 17:04:09,2018-01-27 12:29:00,2018-01-29 19:27:57,2018-02-09 00:00:00
96d3f09ebc42f05ab83a2ca85483e0b6,a0abb996d53cdd579f6af5bc5de8c28b,shipped,2017-12-13 23:04:15,2017-12-13 23:12:21,2017-12-18 10:43:46,,2018-01-10 00:00:00
0d77e9b5b271b221b5d181c38276769e,ded07964b8b743d9fd2688790b7052cc,delivered,2017-11-20 18:11:59,2017-11-20 18:26:30,2017-11-21 16:02:52,2017-11-25 15:29:16,2017-12-07 00:00:00
1612d79764f7941116acc8be4239906b,91f9de3e080ef6be6aa8b5ae3cae1d4f,delivered,2018-02-24 14:59:24,2018-02-27 03:10:34,2018-03-14 01:11:23,2018-03-22 22:14:53,2018-03-22 00:00:00
b210147ed6159ab19baaff71f7e43491,b486a070f6394081a2fabaf37e15d264,delivered,2017-05-24 18:03:51,2017-05-24 18:15:21,2017-05-25 21:13:05,2017-05-27 04:36:40,2017-06-06 00:00:00
85fa27c13d9874c3c90074e4989854c9,802aab55da2088fc080fe78233f047b2,delivered,2017-11-11 14:35:26,2017-11-13 19:31:21,2017-11-16 17:25:34,2017-12-05 19:13:33,2017-12-12 00:00:00
41edd30acb1a7bf7b3ba3efe83da6ce3,1dfc42d29e4c210de654113ab49e6f4f,delivered,2017-08-16 23:37:36,2017-08-17 01:35:36,2017-08-19 11:34:29,2017-08-24 20:48:59,2017-09-08 00:00:00
dee6298ce7d1fb2645141ef9972157aa,c35fd04a09c83d6f53b2d4557eab7445,shipped,2018-04-30 14:06:12,2018-04-30 14:15:24,2018-04-30 12:59:00,,2018-05-28 00:00:00
6503586e6d752bdb3ebbd1607e6a714f,bec0ecd38c187bbacdf9a805540fbb68,delivered,2017-08-27 20:42:33,2017-08-29 04:26:10,2017-08-30 12:17:04,2017-09-04 20:18:09,2017-09-25 00:00:00
3987a36b34a784095059a22c400b4f8d,ede638a975b20f1414a9ed146f055a27,delivered,2017-04-28 12:15:56,2017-04-28 13:05:22,2017-05-02 17:19:39,2017-05-11 15:40:07,2017-05-24 00:00:00
a5d7b5b625f48f4af406a8b11bb59751,92dcd0241fba4e4253f99460cb9270d7,delivered,2017-12-18 16:00:07,2017-12-18 17:18:36,2017-12-21 18:57:12,2018-01-08 21:40:01,2018-01-11 00:00:00
d72653b199232133a82a28e6e340133c,774a93f58af283167817a7a186680553,delivered,2018-06-07 10:02:26,2018-06-08 09:56:04,2018-06-08 13:59:00,2018-06-15 19:16:34,2018-07-27 00:00:00
88fb1f364095174f013123c8a3781c31,657257c1377038d391004bf7aca86b79,delivered,2018-08-08 21:18:55,2018-08-08 21:30:15,2018-08-10 15:07:00,2018-08-21 18:19:01,2018-08-17 00:00:00
d0aed2ea0f3d1f9911ee36b795ccace5,fca1ec7a5d4f094bf6403fa09a6af5c1,delivered,2017-11-18 12:28:07,2017-11-18 12:50:26,2017-11-20 20:12:47,2017-11-27 15:39:11,2017-12-12 00:00:00
b69b9260e79a0da00e15f48de1bd2524,0b34456a261dcc179512d6652e8cb276,delivered,2017-05-31 16:27:58,2017-06-02 04:23:34,2017-06-05 14:19:12,2017-06-22 16:05:07,2017-06-30 00:00:00
246b14cc444e8a7df0afd80495dfa052,f327c66b64d68e69e89d4b90680787aa,delivered,2018-07-04 01:20:01,2018-07-05 16:33:20,2018-07-05 14:58:00,2018-07-06 19:22:45,2018-07-19 00:00:00
366fb8cd92296c6541132ab4cbb28bac,841841043bf76dbb83f79c7a36dcf24b,delivered,2017-08-25 10:04:15,2017-08-25 10:15:19,2017-08-28 16:13:18,2017-08-30 16:03:37,2017-09-18 00:00:00
1f039c377ad805f38658f64f2102c992,2a0bf30f53d53c759be496caad1e1ae2,delivered,2018-08-09 08:16:06,2018-08-10 08:10:16,2018-08-10 09:39:00,2018-08-15 19:42:35,2018-09-10 00:00:00
8257dca57385bc7279dc06f140b55625,ab9e57e85e79e8bea7817de472684bf8,delivered,2017-09-18 13:46:42,2017-09-19 04:04:34,2017-09-19 18:48:09,2017-09-24 15:12:58,2017-10-04 00:00:00
508d02fd7a1d114cdfd32ecb91721855,5d8cc99a36e20a6dcde6fbf5135fa45f,delivered,2018-01-25 08:26:22,2018-01-27 02:50:33,2018-01-31 20:08:37,2018-02-14 21:17:58,2018-02-20 00:00:00
ae19a9db6bd3ac0b94a591ee4a228a83,3a39eae0994776de1b44b1666124aa7b,delivered,2018-03-29 22:32:39,2018-04-03 05:08:25,2018-04-03 23:28:36,2018-04-11 17:21:39,2018-05-08 00:00:00
a7fafbfc43a11e5ba3d934121a63bb43,90343859e0ae243dc57b3e95b2a517fd,delivered,2018-07-22 14:30:01,2018-07-24 11:33:00,2018-07-24 14:59:00,2018-07-25 12:48:29,2018-08-01 00:00:00
eb1159e15cad602c36e16646e5662b85,d37306b60a0a5c64443841a857f15928,delivered,2018-04-19 09:35:17,2018-04-19 09:52:34,2018-04-19 18:55:20,2018-04-23 16:38:47,2018-05-08 00:00:00
8abc120199358d4e0a7d5902c0d62fd4,1546152e72a96d6b2c261f3537a091da,delivered,2017-10-27 05:32:38,2017-10-28 02:50:14,2017-10-30 21:36:49,2017-11-07 20:14:52,2017-11-21 00:00:00
882af1e2ad3e4b132d4b23c429843dc8,fb827db7d93060684875e22f58033041,delivered,2018-06-14 11:35:32,2018-06-14 11:59:47,2018-06-15 14:08:00,2018-06-18 15:46:30,2018-06-29 00:00:00
5042f28675b7eedd6c772f3c0df075f1,5c8013fd8f99bc42840b27436e059b84,delivered,2017-11-26 23:38:25,2017-11-26 23:53:32,2017-11-29 12:36:37,2017-12-19 18:41:14,2017-12-15 00:00:00
e088d467c07c9879ddbdaaa9b1c51e85,eb0e488592359ee385d18b209e4911b6,delivered,2017-10-15 19:47:30,2017-10-15 20:20:28,2017-10-17 21:51:38,2017-10-27 19:56:45,2017-11-06 00:00:00
502aea10bd5711477ee1f532f1115031,ad3e2c79a82b673dbf76cddc3e33a711,delivered,2017-08-30 20:17:11,2017-08-30 20:30:13,2017-09-04 16:12:46,2017-09-12 17:31:36,2017-09-21 00:00:00
a19a5d98ef17292dcfde648851d16aa5,34d6fbdfebe31cea403f3282f5253ed2,delivered,2018-06-09 14:59:58,2018-06-09 15:10:39,2018-06-14 12:25:00,2018-06-18 12:28:40,2018-06-29 00:00:00
19b8a677a41f55d06c3beda4849717b5,9a5c1346346cc351e392795b337097ff,delivered,2018-04-06 16:46:08,2018-04-06 16:55:29,2018-04-09 19:20:45,2018-04-25 20:42:00,2018-05-03 00:00:00
d08c879188638eda44ea5da9dca68d09,59b9364516c0954308e0bcac97d088c7,delivered,2018-07-02 23:19:21,2018-07-02 23:30:19,2018-07-04 13:44:00,2018-07-11 00:06:45,2018-07-30 00:00:00
c3a3bb473dbe33079acc4b7f5a965196,261268a1aa478ebccc55d96f0ea430c2,delivered,2018-05-15 12:48:11,2018-05-16 12:54:11,2018-05-16 14:12:00,2018-05-21 14:36:48,2018-06-01 00:00:00
26bfc6c6251ef7eda55f7bc7f11e9647,1b87dde95bf20a1e1a2f023369c7f7db,delivered,2017-07-05 11:56:09,2017-07-05 17:43:11,2017-07-11 16:34:32,2017-07-19 20:34:51,2017-08-04 00:00:00
90de07e389ed6cd973ae93d5b36f159c,4212cb0b515edd1723eb5dade9852916,delivered,2017-11-20 18:02:21,2017-11-20 18:14:29,2017-11-22 00:24:32,2017-11-29 19:58:47,2017-12-08 00:00:00
3ff122d5ce35754dba91bc1c99ad6a65,52f0992e20b8f1c4b113d00df8fd9d93,delivered,2018-08-05 20:01:03,2018-08-05 20:10:18,2018-08-15 13:06:00,2018-08-20 17:31:14,2018-08-31 00:00:00
72d6aff61cb58a6c8872baf6864e046d,16471405a724a048a940dbbc66cdeeed,delivered,2018-03-19 15:23:20,2018-03-19 15:50:03,2018-03-22 19:29:53,2018-04-04 23:58:28,2018-04-13 00:00:00
3925b740d70eb26c3aefd1cabe5c8143,b828fa53202efa901b22f532577fe859,delivered,2018-04-05 07:23:57,2018-04-06 07:48:06,2018-04-10 00:40:50,2018-04-26 16:28:26,2018-05-14 00:00:00
0fb3b7bbfc3693b115aa62a83fad2714,9f546895f9d0841df86f8681992083b9,processing,2018-03-13 20:37:20,2018-03-13 21:40:22,,,2018-04-03 00:00:00
dbffa5e34cf40fb7dc1292bd10d22971,e7823ca26db4ecf5dc0e4cb58435b0e6,delivered,2018-03-04 14:18:56,2018-03-04 14:30:31,2018-03-05 17:13:01,2018-03-13 13:48:23,2018-03-26 00:00:00
0fe78862cdfd562448985ee7fbc8a08e,4d7e089ef0ae3a98da638debd25c4a25,delivered,2017-02-17 16:23:11,2017-02-17 16:35:22,2017-02-20 08:47:35,2017-03-09 14:44:04,2017-03-24 00:00:00
f3de0893c636179ae92136f971523452,c622c9f760ecd07e8910f01da1a8efa8,delivered,2018-07-31 19:44:52,2018-08-01 20:10:17,2018-08-07 10:38:00,2018-08-10 00:21:54,2018-08-09 00:00:00
4c37682d353334478fbafa4808110fd0,4c97445f829b977ab55cd095af2876c7,delivered,2017-12-21 00:01:51,2017-12-21 00:10:46,2017-12-21 18:37:04,2017-12-28 16:22:26,2018-01-16 00:00:00
e78d0e875295cd716415732e63b6291b,966bb79d17e4a6de9f4fe448754d0972,delivered,2018-04-27 14:49:32,2018-05-01 06:13:25,2018-05-03 06:31:00,2018-05-11 17:18:30,2018-06-14 00:00:00
dc078338903735916fab84f036188dcc,59227a9b6b75b6c0612c26336eec0a47,delivered,2018-04-18 04:57:10,2018-04-18 08:34:52,2018-04-23 20:48:28,2018-04-27 13:53:54,2018-05-16 00:00:00
bee402360958bd68274013f8b3ecb4f0,8bdae6b4ff9bc7f4c5ad5394081186d7,delivered,2017-11-24 23:30:13,2017-11-25 02:32:39,2017-11-29 17:29:10,2017-12-01 19:34:09,2017-12-15 00:00:00
de6849867dd230818cd854b69f5b21f7,4016bcd0cf90a7a3344a571cd6a4dccf,delivered,2017-04-07 20:27:57,2017-04-07 20:42:34,2017-04-08 08:44:34,2017-05-09 14:56:59,2017-05-15 00:00:00
4ae724c523545a7806fc987df2964b05,981d4e25f7275e5dc35df59e20f22acc,delivered,2018-05-19 17:59:49,2018-05-19 18:18:57,2018-05-22 12:25:00,2018-05-24 18:03:28,2018-05-29 00:00:00
bb5a46301dcca0ca265b0bd999f9dd52,dfb8efcf14ab981879b8a2cdc810a496,delivered,2017-07-22 17:43:05,2017-07-22 17:55:09,2017-07-26 11:07:51,2017-08-01 20:44:59,2017-08-22 00:00:00
a686a1abab230b267d666e2b728f659c,11c087cacf76b2ad39f4a5dc2883ac40,delivered,2018-07-29 18:42:41,2018-07-31 03:50:10,2018-07-31 12:45:00,2018-08-04 12:56:40,2018-08-15 00:00:00
44c4ba0247b4e50ab9c03466cc15ea5c,a746555ee455b68e9b6b6eb0a52355c8,delivered,2018-03-29 21:24:53,2018-03-29 21:35:19,2018-04-03 18:14:29,2018-04-17 19:44:32,2018-04-17 00:00:00
036b791897847cdb8e39df7943367474,04719f10ea55e8d39bff210bea43c1a3,delivered,2017-05-10 15:34:59,2017-05-12 02:50:36,2017-05-12 10:05:30,2017-05-17 11:14:40,2017-05-18 00:00:00
d97c11eb9b8f2f16f9b40432c070c8d3,54b97520d6ce1e386a49dc449cd7959a,delivered,2018-06-25 22:45:12,2018-06-26 00:33:22,2018-06-27 06:22:00,2018-07-03 16:58:48,2018-07-17 00:00:00
917d8fa5446854ac034de2f57c82bbee,d3806fa21465451e5523e90253e2457d,delivered,2018-03-29 19:11:55,2018-03-29 19:27:54,2018-04-12 14:47:27,2018-04-20 13:32:51,2018-04-26 00:00:00
429538330ae6d874fd05455f574f5852,e8aad07575654e0595acf49b64b9b46b,delivered,2018-01-12 15:10:26,2018-01-12 15:18:29,2018-01-15 23:26:39,2018-01-25 20:21:59,2018-02-07 00:00:00
7c89d1b99dac4362bf2513afd0b14edd,a48acf545fc196fe1a22e67ba443504e,delivered,2018-08-23 21:20:25,2018-08-24 03:24:19,2018-08-24 13:56:00,2018-08-28 21:07:31,2018-09-06 00:00:00
cf8ba6c5f0ac149f8e8f55217c47e967,6bae2a5db6ca78c2225e213a63d4af9b,delivered,2018-05-16 13:40:17,2018-05-17 08:36:27,2018-05-17 14:25:00,2018-05-21 15:10:52,2018-05-30 00:00:00
313e46c49954ab094294fc88b099b570,8a615f61a0a0ad7c79ec40a6cba45fb6,delivered,2017-06-16 10:33:54,2017-06-16 10:50:24,2017-06-21 15:54:36,2017-06-27 08:27:52,2017-07-06 00:00:00
2a834f698c8b713627f7729b9c164746,39e2660b6789a449d35bd48bc54999dd,delivered,2017-08-01 14:44:38,2017-08-01 15:03:42,2017-08-08 20:41:16,2017-08-09 18:58:01,2017-08-14 00:00:00
879f83e9f2c3777d90bed2b448e144f8,b07884373a48a80842802d6bf097d411,delivered,2018-05-14 11:56:00,2018-05-15 04:55:34,2018-05-15 14:32:00,2018-05-16 16:11:09,2018-05-22 00:00:00
090df55d4945ec96f88731875465407d,51305a24f02a05869e1fa706fd5d5bd3,delivered,2017-07-17 20:15:39,2017-07-18 21:43:30,2017-07-20 14:12:24,2017-07-26 03:13:31,2017-08-11 00:00:00
f9180f3f33082b5e522c46f22c4cf4da,7f4a30f8ff8f5bf42df32a7f52a710d9,delivered,2017-10-22 20:26:38,2017-10-22 20:49:12,2017-10-23 18:48:43,2017-10-31 17:42:31,2017-11-14 00:00:00
f20ea43e9a47fc54e94b12d3de6bfefe,ced32367d38a165b853d1ba2b40c5f94,delivered,2017-06-18 19:15:35,2017-06-20 10:50:09,2017-06-22 15:28:29,2017-06-23 10:59:32,2017-06-30 00:00:00
679b69f80ba6fa25ec46803b1d838bb5,4315737fd2aa35c3b79d16f24a01fec8,delivered,2018-06-28 13:21:15,2018-06-29 02:55:13,2018-07-03 11:51:00,2018-07-05 22:46:46,2018-07-23 00:00:00
1a9b986cfe31ed59c5a6c00287db7e74,377e81546d7d92c97c710a231e747c45,delivered,2017-08-06 16:04:38,2017-08-06 16:23:39,2017-08-07 20:17:39,2017-08-15 17:14:54,2017-08-25 00:00:00
d01dff4d42c2ef5bdcb2085ccf391ed4,302bd5105bfe26a95e7942e9e85d5b2b,delivered,2018-04-04 15:08:43,2018-04-04 15:30:14,2018-04-06 17:21:12,2018-04-11 02:39:46,2018-05-07 00:00:00
2ae6e5a2da4078c84661d1289e22742b,dbd74dc83297f0301be2f721a409b758,delivered,2017-03-30 21:59:17,2017-04-04 05:45:23,2017-04-07 14:42:21,2017-04-13 16:57:42,2017-04-25 00:00:00
58fb05058cf15a3f9eaeb29497841a33,92ac3fb7d7452e72343e49885a19368c,delivered,2017-02-20 00:34:48,2017-02-20 01:05:28,2017-02-21 08:35:19,2017-02-24 10:08:00,2017-03-21 00:00:00
4fc94c8676998593a574d390d50dea42,29c830f587505d49e0c948cb934d8c26,delivered,2018-05-01 15:13:03,2018-05-01 15:35:08,2018-05-07 14:15:00,2018-05-17 19:51:11,2018-06-08 00:00:00
aa225b52da83ae9c797a46da556fa068,85c44b9f025694874bff02234f0fe533,delivered,2018-04-03 07:33:27,2018-04-03 08:15:15,2018-04-03 23:38:38,2018-04-07 00:54:45,2018-04-13 00:00:00
9b53b66ca7d27b4c0ccf5ba89af00bd0,1557a1c24daba73fb59e9291482064a4,delivered,2017-06-19 02:15:55,2017-06-19 02:30:12,2017-06-19 15:14:06,2017-06-29 14:19:50,2017-07-14 00:00:00
47d5c4cb8aba6b76371169d9c9f8089b,7ffbb6c8195cbfe1a25395dc9513f03d,delivered,2018-01-06 18:27:34,2018-01-06 18:37:32,2018-01-08 23:33:44,2018-01-09 18:27:51,2018-01-24 00:00:00
6c636e8cee90bf0aac0ec71c90f873e3,7a72e1fbb23c6558efb32d2fd9327f79,delivered,2017-09-13 16:27:46,2017-09-13 16:44:14,2017-09-15 19:29:39,2017-10-09 12:33:12,2017-10-06 00:00:00
09575d6ffa589cae127ff0e6c1b974ed,c3563d85f2d3642472263a25a98d9fc5,delivered,2018-04-24 14:23:18,2018-04-24 18:03:54,2018-04-30 12:45:00,2018-05-08 22:05:24,2018-05-17 00:00:00
7f6f89d90e1cd5ffeede04c86b1d095c,a925497be66b54047496bd05c43e46c6,delivered,2018-08-11 16:38:20,2018-08-11 16:50:20,2018-08-15 17:42:00,2018-08-24 12:32:54,2018-08-29 00:00:00
93dc7c78fb2b4efe25f1ed813f84992a,9cca406efea111557fa977471c4985a0,delivered,2017-04-05 00:11:11,2017-04-06 18:02:51,2017-04-10 11:58:57,2017-05-02 17:26:32,2017-05-12 00:00:00
465bf9fa1326d9215c7f699901a7b30a,0ebd6e76d10794d15132085db227253e,delivered,2017-07-13 19:47:14,2017-07-13 20:04:13,2017-07-14 16:55:51,2017-07-19 13:57:27,2017-08-09 00:00:00
75213e459cfe44a61c496c864e0a8c63,9c11910f46b5a9a3d8366b09a0514c97,shipped,2017-11-23 22:44:09,2017-11-23 22:54:34,2017-11-30 16:37:13,,2017-12-15 00:00:00
3be9765eafd8ecf60d00e05f4cb35ad1,08fc5058d39f827b41d726cac116dfbc,delivered,2018-01-24 11:55:40,2018-01-25 02:57:41,2018-01-29 17:38:51,2018-02-05 21:42:40,2018-02-19 00:00:00
88879beae0f0296595d49325ad667489,0d6f688455ee919c000970e75b257731,delivered,2017-06-08 11:06:12,2017-06-08 12:32:54,2017-06-12 07:45:33,2017-07-06 12:41:54,2017-07-03 00:00:00
b4785764380c08de311002f4a12e034b,cbb7dd66849d5e1d4a3cbb8ee460633c,delivered,2018-07-24 09:09:25,2018-07-24 11:24:15,2018-07-27 14:36:00,2018-08-02 23:33:00,2018-08-17 00:00:00
6c3135486d8821b2877a0f8d92095a6d,51911593422dd5311dae45ef358b50ed,delivered,2017-02-13 21:18:03,2017-02-15 03:03:42,2017-02-15 13:17:36,2017-02-23 10:44:37,2017-03-20 00:00:00
e15ea1f7534d809bdc05d3c5ecedf24c,d354903c583c97da65dd4c601f681f0e,delivered,2018-05-17 16:47:12,2018-05-18 08:55:36,2018-05-18 12:44:00,2018-06-05 22:34:35,2018-06-01 00:00:00
d7eec17ae2e61fc4dc36f1e1ac4d0ed1,22a0bf2e340a205038ce5d5681bf3883,delivered,2017-08-06 17:41:56,2017-08-06 17:55:47,2017-08-25 20:00:00,2017-08-30 22:19:10,2017-09-05 00:00:00
fcbb279d7ea6e7179b092b1f15d6d5e0,5d688a4260b1c11195859ac656fa9dcc,delivered,2018-04-28 16:04:22,2018-05-01 05:32:39,2018-05-02 14:39:00,2018-05-07 21:22:43,2018-05-18 00:00:00
071cf21dda000c6ce3b50a56374b1b89,67fcfd9052233afa10b632e4683f6f2f,delivered,2018-06-12 09:46:19,2018-06-12 09:58:59,2018-06-13 12:28:00,2018-06-23 16:16:39,2018-07-17 00:00:00
06499dd792313ae78e92e4819ffceff9,35e6428c10b500bb6f921daee26e88d8,delivered,2017-04-26 11:30:38,2017-04-26 11:42:45,2017-04-28 12:24:59,2017-05-10 09:08:42,2017-05-24 00:00:00
062b1b23a7928be5abeb406e5889e08e,7d6a0d2bc3cd8656c1be4de50b4d73d3,delivered,2018-03-21 22:46:08,2018-03-23 02:07:35,2018-03-23 18:44:30,2018-05-08 20:19:01,2018-04-23 00:00:00
97b75ddaf041b0f141f0dc8617f58661,1359d5ea4696eac72d35f45e9fc0eb9e,delivered,2017-11-02 16:17:52,2017-11-02 16:30:25,2017-11-10 16:21:47,2017-11-15 16:58:36,2017-12-01 00:00:00
aac01d5ce6fab5aa0e191d71aedbaa3c,7f10859af8483458fbe59d40da3d04f5,delivered,2017-01-28 13:24:20,2017-01-28 14:31:38,2017-01-31 08:45:22,2017-02-09 11:03:47,2017-03-15 00:00:00
e391c35b78728b170cead56c6a53980a,b3e4e7be7d2042271ac4022ab2b88db0,delivered,2018-08-12 15:27:19,2018-08-12 15:35:17,2018-08-13 13:13:00,2018-08-17 23:12:27,2018-09-05 00:00:00
46dd6a6cd45a2a99868c3daccd9cb301,fac97242b677d1afdc9a454cdc2b5fe3,delivered,2018-01-14 09:02:48,2018-01-14 09:11:23,2018-01-16 00:22:07,2018-01-22 13:56:22,2018-02-05 00:00:00
92062aeb70a6b30e71bfecc239c24a4c,4ac864354fcda4d761ad2c0bd1c3c58a,delivered,2018-02-28 23:04:05,2018-02-28 23:15:46,2018-03-03 02:27:05,2018-03-09 23:27:37,2018-03-27 00:00:00
c906b3161de4c9e7c323e68c831f35b1,cf63353e83a977b59f69e36894e21074,delivered,2018-04-26 06:16:35,2018-04-28 03:32:51,2018-05-03 18:59:00,2018-05-04 21:51:24,2018-05-15 00:00:00
078e048ccc8dc8b449dedc064b860b0f,a599bcb4e597bbc3a7b1a1f6e39988ee,delivered,2017-06-22 19:29:40,2017-06-22 19:42:44,2017-06-26 17:21:57,2017-07-10 10:57:56,2017-07-05 00:00:00
c78a9ca51dc25c50d163f52920071378,457d1b72b0a407267ee749fb9dd36e6f,delivered,2017-08-06 11:45:26,2017-08-06 12:03:03,2017-08-07 20:49:55,2017-08-14 17:18:58,2017-08-29 00:00:00
cc1942bfd9c7e5fdf278196ff5d8e9ff,cb5a265c07cf2780acbf53c22488e4f1,delivered,2017-12-14 12:29:18,2017-12-14 12:51:40,2017-12-15 15:07:21,2018-01-05 19:39:04,2018-01-12 00:00:00
2411e5019928e883d049f7242362c23b,92ac70cce9e5ac1bb34996610d9564a4,unavailable,2017-09-17 12:15:07,2017-09-17 12:25:09,,,2017-10-05 00:00:00
5f12df808d35ea25be28ad052f4aa3ea,a9b867fb8cf559a909c421576f75f197,delivered,2018-06-03 16:44:31,2018-06-05 04:12:50,2018-06-06 12:47:00,2018-06-07 15:44:25,2018-06-28 00:00:00
e69f0bdbe0e15d97ec6390b2714b5086,d8b951d220b48acc62145865f7f443a3,delivered,2018-03-10 20:42:39,2018-03-10 21:20:28,2018-03-12 20:38:39,2018-03-26 10:32:47,2018-03-28 00:00:00
23b9e7764953e9889b44983acf062485,dbeb793fe7c0960adfaa61f113b738ae,delivered,2017-11-16 18:15:43,2017-11-17 03:35:39,2017-11-18 15:38:35,2017-11-30 19:14:00,2017-12-08 00:00:00
c1c8d1d83b4a995b98278cf1d99d6cfc,87d73ddc7b2bafe58c0c02739d295e5a,delivered,2017-05-13 15:45:59,2017-05-13 15:55:18,2017-05-15 11:36:08,2017-05-26 12:51:36,2017-06-12 00:00:00
14e58712c72f8606b985860c5711fdf7,bdc73fef8fa89e24e2eee9834d05415e,delivered,2018-07-26 10:09:26,2018-07-26 10:25:08,2018-07-26 15:26:00,2018-08-01 20:51:16,2018-08-10 00:00:00
9cd76a738c425b55aa860a6c5e469857,379e05bf7d5ea104170f08b3ba7b0e95,delivered,2017-03-15 12:02:38,2017-03-15 12:02:38,2017-03-17 13:31:46,2017-03-23 23:06:05,2017-04-05 00:00:00
a84b9774653ed92f91314ea56770fe1d,78474f6f0891d18a3a9e0fa4f1fcf34c,delivered,2017-11-24 20:50:36,2017-11-24 23:56:04,2017-11-28 18:24:47,2017-12-13 20:17:05,2017-12-14 00:00:00
4e157a36ea9cf89bde6fff57a780b525,24970f1325070d89a1c42dd450b09a8a,delivered,2018-08-24 14:37:50,2018-08-24 14:50:14,2018-08-24 12:43:00,2018-08-30 20:47:26,2018-09-10 00:00:00
5261639befee46871e5005e71a7694a7,bd777ffb4e6dfb7822990749f6296866,delivered,2018-07-28 14:31:27,2018-07-29 14:31:45,2018-07-30 13:44:00,2018-08-02 18:03:16,2018-08-13 00:00:00
af951c92f2dc412031be59f9717df70e,74b45de02962e748eb6da766e9c84ddf,delivered,2017-12-10 16:20:49,2017-12-10 16:30:40,2017-12-11 19:14:23,2017-12-22 00:52:36,2018-01-09 00:00:00
4fec76db2097ee09cc1dd9717d6ead9c,e89563d7f4863102a1310cee927fa111,delivered,2018-04-18 18:24:15,2018-04-20 07:32:14,2018-04-23 15:22:23,2018-04-25 16:52:35,2018-05-08 00:00:00
30a461491fa262d5d6321e3194bbb452,d793c36ce968769248cb9ea17deb90a9,shipped,2018-04-26 11:30:58,2018-04-26 11:53:12,2018-04-27 14:55:00,,2018-05-17 00:00:00
6b82f79b806b4374a7b1315d1881d1ba,59c2c3b2ba7a92a68478e9eb59e9e88a,delivered,2018-03-30 14:50:44,2018-04-02 20:09:26,2018-04-04 20:24:35,2018-04-13 13:39:43,2018-04-23 00:00:00
ab1969d313f329f430baa04696d322f3,a191dfc729f180264941a4368d69bf44,delivered,2017-03-24 12:59:22,2017-03-24 12:59:22,2017-03-28 13:21:56,2017-04-05 15:39:58,2017-04-19 00:00:00
79e49d0b633619b3e94c74b0d640e63d,54ffc23dec5b15b8867ebb0b119e9ebe,delivered,2017-11-16 18:46:37,2017-11-16 18:55:32,2017-11-17 18:17:03,2017-11-20 13:48:32,2017-11-29 00:00:00
e84a134160970bbbd747fa73e42c7e7a,750641ff9dddbd9f73ecd53f5edadae7,delivered,2018-07-30 13:47:40,2018-08-03 20:04:18,2018-08-06 10:50:00,2018-08-14 16:26:57,2018-08-20 00:00:00
8b21fb2df5ea38807dc254552c40cf84,54a579d5072fb7ae3f433519428f6cdc,delivered,2018-01-08 19:38:58,2018-01-10 10:32:42,2018-01-15 15:38:38,2018-01-24 21:12:42,2018-02-05 00:00:00
945974d480bc501f2da3b39ec23fa369,b0c07f3d291615bfc80f799eb7b8d9d5,delivered,2017-07-14 22:46:48,2017-07-14 22:55:09,2017-07-18 17:47:48,2017-07-25 00:32:03,2017-08-09 00:00:00
4e0e3013defc109eaef2c4cf86b66a10,ca555d3669582cd6c8c13e8973c9fefe,delivered,2018-06-26 14:00:04,2018-06-28 02:15:38,2018-06-28 18:51:00,2018-06-29 16:50:55,2018-07-17 00:00:00
8f0937285bd1bba4cfc8332ee467b490,7df3b87f2d42e48d389aee0e1922111b,delivered,2018-03-05 08:49:17,2018-03-06 03:55:48,2018-03-06 20:27:43,2018-04-06 22:05:26,2018-04-02 00:00:00
ec1ca92aa0c364b34658f56d01e48691,916c443f0834b02f061752c40f4b1666,delivered,2017-12-13 15:36:43,2017-12-13 15:50:39,2017-12-15 03:23:20,2017-12-22 20:49:26,2018-01-08 00:00:00
fb2dccfadca8cd6ebddc5d10ae48d1f7,5358667640552c9500b4735e5f3a04a2,delivered,2018-08-02 20:52:16,2018-08-03 20:45:13,2018-08-06 15:09:00,2018-08-17 18:22:32,2018-08-21 00:00:00
882106360eb7749193bf51b626d4d835,f840dfcebe8ead89c4809a63d64b0dbb,delivered,2018-05-15 12:45:15,2018-05-15 13:14:25,2018-05-15 15:58:00,2018-05-24 20:28:44,2018-06-08 00:00:00
e22a3e8048469ea68906f666d446c25c,aa0533eb31ed3be79086f11bb2bec430,delivered,2017-08-28 09:48:01,2017-08-28 10:05:04,2017-08-29 11:05:28,2017-09-05 21:42:35,2017-09-19 00:00:00
90084fb270986d4c0fc78715cc46840e,fcfa6b64765235e944c28d83f99ee9dd,delivered,2018-05-01 12:45:11,2018-05-01 13:36:11,2018-05-07 08:12:00,2018-05-09 18:19:26,2018-05-30 00:00:00
fa145f6e474f19a183553a249dc5a73b,302025f399c7405c509a297b6b9a1e73,delivered,2017-10-19 15:13:31,2017-10-19 15:36:03,2017-10-24 22:23:56,2017-10-27 21:28:01,2017-11-09 00:00:00
3dcca0000c916de0c956a7cf2337dfc5,2b43f4b26a92cdc2e1b8caa8f70091a5,delivered,2017-05-03 09:01:56,2017-05-04 10:05:21,2017-05-10 10:13:49,2017-05-16 11:52:27,2017-06-05 00:00:00
2c453858db792dfba1340601d2814b28,fc583cfdde5d391a98d0f17d30209677,delivered,2018-03-16 11:13:44,2018-03-16 11:29:28,2018-03-22 19:48:38,2018-03-28 20:04:12,2018-04-12 00:00:00
871eacc5e01425943ac0b26298b0b899,25e2c3b9b260e4075b6cf64ff700999c,delivered,2018-06-24 22:10:36,2018-06-24 22:38:17,2018-06-25 19:33:00,2018-06-26 23:11:04,2018-07-05 00:00:00
84705956de681a2d1420bd90d7667472,bafd51862cb88bd42d499170c2ac35fd,delivered,2017-01-31 14:38:27,2017-01-31 15:20:16,2017-02-01 10:04:57,2017-02-07 16:31:33,2017-03-07 00:00:00
7a4caa019e7bb13e8a2c00696be65ec5,58359e541013053d51a9831dc013005e,delivered,2018-06-06 22:58:31,2018-06-08 03:14:07,2018-06-08 12:06:00,2018-06-20 22:12:58,2018-07-03 00:00:00
0ea08b72c67b53b70201a88bf14a417c,8334312af31ce890e1662813e392cb9a,delivered,2018-05-14 14:56:58,2018-05-15 03:55:59,2018-05-17 11:19:00,2018-05-18 20:22:19,2018-05-25 00:00:00
70f3d00cfbc9cc2a465887a6edeb1149,291077961cb657f8fcee35954f5ee92d,delivered,2018-07-14 09:19:17,2018-07-14 09:30:17,2018-07-16 12:50:00,2018-07-23 13:03:54,2018-08-09 00:00:00
181b10d008567cbac5bed22ff54e0299,359488502e8d0f1c203c9add92e75efe,delivered,2017-06-09 09:29:29,2017-06-09 10:30:19,2017-06-09 13:25:54,2017-06-16 15:03:20,2017-07-04 00:00:00
e644846cdecdccd138e86d1f488e1abb,15b08956d5af30c644913e452cf6bb01,delivered,2017-11-24 22:46:46,2017-11-25 01:52:41,2017-11-27 23:09:15,2017-12-19 23:56:57,2017-12-22 00:00:00
ec4aa6e072a8895dc5f672c6b36052f2,2ed2836220d9ae4f2c27af67953c572d,delivered,2018-07-30 14:49:50,2018-07-30 15:24:35,2018-07-31 13:51:00,2018-08-04 12:31:09,2018-08-09 00:00:00
c4cc1f9e57162d961e267cf2f07d2fe1,8e3cc780250f03dc790d7f185c6c60c9,delivered,2018-08-22 10:59:51,2018-08-22 11:15:12,2018-08-22 14:09:00,2018-08-25 12:13:15,2018-09-05 00:00:00
ebb616297d99bc328a845d4eee057027,53d636a45b41f7d8b691a98bdecd6978,delivered,2017-08-28 21:10:40,2017-08-28 21:24:26,2017-08-29 22:05:11,2017-09-05 15:53:05,2017-09-20 00:00:00
d207a9accbfb1677062f22f106463c33,10804d267da5dd8c39b604a3a21bae90,delivered,2018-07-14 17:42:51,2018-07-14 18:04:21,2018-07-16 14:58:00,2018-07-25 20:48:47,2018-08-01 00:00:00
ac0bd3bcb4062dc7bfd025109df9e6e4,a42f35ccbfe49b036589334ed0d904fb,delivered,2017-05-09 14:58:25,2017-05-09 15:10:12,2017-05-10 15:50:03,2017-05-25 10:43:47,2017-06-08 00:00:00
0b4aab4ef70208498663141571f68116,e46010c28f8c49202bcf2a0b0347189d,shipped,2018-03-08 11:17:00,2018-03-08 11:25:30,2018-03-13 15:04:38,,2018-04-16 00:00:00
1acb85231edcc2f8c1904837bb11a3be,13535c35f58cebeb37b5733f30225dcb,delivered,2018-06-16 19:54:24,2018-06-19 04:17:07,2018-06-19 10:49:00,2018-07-05 17:26:35,2018-07-25 00:00:00
03ab852861cd75d0a9225c92a3354a3a,4236ba0e8837211a7c2d22719c96bf86,delivered,2017-12-10 10:03:25,2017-12-10 10:10:25,2017-12-12 00:41:29,2017-12-16 17:08:12,2017-12-28 00:00:00
dd3f3e7d9dd0bc094ef6741a6255fd6e,d4673d428a33789705f5a5435273f6de,delivered,2017-12-03 22:09:23,2017-12-03 23:31:27,2017-12-05 20:09:57,2017-12-07 16:32:50,2017-12-27 00:00:00
995694d9386dba87a71f0229d6b13661,ae8cb050c5b607276fe06effb7476c13,delivered,2018-05-06 12:20:12,2018-05-06 12:30:22,2018-05-07 15:59:00,2018-05-21 22:15:33,2018-05-25 00:00:00
c8e19a0edcf6fd34024a2f7fe5f85ef8,19b56789ea957b09b16337c78511dc82,delivered,2018-02-19 18:15:37,2018-02-21 06:10:15,2018-02-27 18:17:03,2018-03-14 06:48:22,2018-03-28 00:00:00
b0dd70806e7372c35f599726cb3170cb,58dcb42af4f9db51ba00c28ddf479b3f,delivered,2017-11-26 16:45:47,2017-11-28 03:32:45,2017-11-29 23:47:06,2017-12-15 20:49:53,2017-12-15 00:00:00
231f5faa326e8643dc979ef4dcc9cd31,9599f5e43a9b54a82ab4392a0c8e94f5,delivered,2018-08-05 13:33:17,2018-08-05 13:45:14,2018-08-06 11:05:00,2018-08-15 14:18:29,2018-08-21 00:00:00
443c3a064cdbe69048772620883f6b8d,3444fddaf81960754e7aaf593cb506d4,delivered,2018-04-19 21:44:10,2018-04-19 22:11:36,2018-04-20 16:19:25,2018-04-26 23:05:03,2018-05-08 00:00:00
e44a2113e6f06206c4ae9134ab3f6074,58535189e65825b18fee8a045f64e716,delivered,2018-07-13 15:32:27,2018-07-14 03:10:19,2018-07-20 15:07:00,2018-07-25 16:43:54,2018-08-01 00:00:00
c97de78b8ee3343c72b234c57b872408,7dd98d09c536a360c394b8d8e908d9ae,delivered,2018-03-02 23:52:13,2018-03-03 00:09:28,2018-03-12 14:58:49,2018-03-29 21:04:08,2018-04-06 00:00:00
83f24bbc4f76a2730ba9c9cfa32e6d07,d49bac4ac7d77b956f2b185ab700fbf1,delivered,2017-04-27 09:09:44,2017-04-27 09:25:08,2017-04-27 13:47:44,2017-05-04 13:20:07,2017-06-06 00:00:00
93c83ea3b4b085801b081e301cb244e3,91be5b56d0defe5cd4e15046781768d9,delivered,2018-04-11 17:21:18,2018-04-11 17:35:19,2018-04-12 18:54:41,2018-04-17 00:11:05,2018-04-30 00:00:00
ca5824dc67bc4de20753f881aede6b1f,243705e236a65396ce7d8f081bfc53be,delivered,2017-05-20 02:38:23,2017-05-23 03:23:16,2017-05-23 15:43:29,2017-05-29 19:16:48,2017-06-13 00:00:00
5e4bfcd38684c04354cdf837b2cf071a,d6bd6bae1fde27686996e46b43f34fc4,delivered,2018-02-26 16:50:02,2018-02-26 17:11:07,2018-03-02 01:15:11,2018-03-06 18:04:22,2018-03-16 00:00:00
a7dc01ae91acf2567d1367a25ce303e5,c95a0627341232e6147a84f69c5ebc5f,delivered,2018-07-29 20:00:34,2018-07-30 18:31:01,2018-07-31 15:12:00,2018-08-05 13:08:39,2018-08-10 00:00:00
c5b5456c785367bef488a2e46479242a,d8511462421830ed1cee388be55e76b4,delivered,2018-04-22 15:42:20,2018-04-24 19:23:51,2018-04-25 15:19:00,2018-05-08 17:17:38,2018-05-22 00:00:00
e1b2a1e9b1061373325666846305ff84,be0a33e2135be2feafcc7c258e413475,delivered,2017-08-17 18:21:17,2017-08-17 19:15:11,2017-08-18 12:03:15,2017-08-29 19:42:20,2017-09-12 00:00:00
371d3a892917017b32ada644ba1f301d,4b75108e04b3276463ab15e3633d73e0,delivered,2018-08-05 18:53:35,2018-08-05 19:05:18,2018-08-06 14:29:00,2018-08-15 14:01:59,2018-09-14 00:00:00
37e7875cdce5a9e5b3a692971f370151,3fecd6727aed19735e06945b7c3e49c9,delivered,2018-05-18 12:15:11,2018-05-18 13:05:53,2018-05-21 16:13:00,2018-06-06 18:22:40,2018-06-14 00:00:00
64669840d01cf19228dbb0bcecfc638e,1224d76e953c07d3b52cdec6a0ae0d21,delivered,2018-08-03 15:34:58,2018-08-03 16:04:03,2018-08-06 13:27:00,2018-08-10 22:38:28,2018-08-09 00:00:00
80967070f5cc6d8bbe062cda5b15d84d,955118c4a064ac49d1d86cb81745eca3,delivered,2018-08-06 20:35:34,2018-08-06 20:45:22,2018-08-07 10:12:00,2018-08-08 21:28:56,2018-08-14 00:00:00
1d5bea59fdbfbb09905a07530d5a8c10,c8e10b3d0cf55d6c7a181d80b7e7e064,delivered,2017-04-21 10:10:08,2017-04-21 10:21:59,2017-04-24 13:28:55,2017-05-08 10:48:05,2017-05-15 00:00:00
96ae30a2357a999e6010b2f1401af374,44ea012b92b665f5f4c775f3f0a63d7b,canceled,2017-07-31 16:37:31,2017-07-31 16:50:17,,,2017-08-18 00:00:00
8d39667dd1c683e4a8b9dc1f16d08cb9,d3d640e9dd196770cd7e5c848e8a8152,delivered,2017-07-19 11:18:00,2017-07-19 11:25:21,2017-07-19 19:51:52,2017-07-28 18:52:46,2017-08-16 00:00:00
c14c3f7884d25f88ef34bc018d3accc6,be908210af8ee3355cf14d91d1656986,delivered,2018-01-30 18:33:28,2018-01-30 18:51:14,2018-02-01 14:41:29,2018-02-16 23:53:06,2018-02-22 00:00:00
77831afddf2a5ebdda899a6adc91f88f,7d550b5426c420f2974720bcb5889ef5,delivered,2018-06-15 12:26:19,2018-06-15 13:06:30,2018-06-15 13:44:00,2018-06-19 01:53:48,2018-07-03 00:00:00
cbfef07a94222ac807384ccf69f988b4,a322a6a643ad00260fbf07da3f0f2bb7,delivered,2018-05-15 13:42:15,2018-05-15 13:55:32,2018-05-16 12:40:00,2018-05-22 15:16:22,2018-05-23 00:00:00
4c1bccb42ff068a53ac02ad1109be5fe,e26866fcad952f322729ccd8b71e2758,delivered,2018-01-11 03:57:34,2018-01-12 16:36:22,2018-01-15 19:48:10,2018-01-16 22:36:04,2018-01-29 00:00:00
63521dde368b991f973cd4ae332dbe1d,9ba4c0b1c86b786749eb88bb23609566,delivered,2018-05-08 11:22:48,2018-05-08 11:35:53,2018-05-08 14:53:00,2018-05-15 19:48:51,2018-05-23 00:00:00
06ed17679c8b0ff15675069ab6217783,15a1e1d176ac754126d54e0c861e5883,delivered,2017-05-28 09:37:43,2017-05-28 09:45:15,2017-05-29 10:26:55,2017-06-03 08:51:32,2017-06-12 00:00:00
039ff75de38e514eaa8ffb2618d5227e,de95d380cf871cae8dc79670a84a1bbe,delivered,2018-01-03 08:46:55,2018-01-03 08:57:24,2018-01-05 19:45:52,2018-01-09 19:16:54,2018-02-02 00:00:00
76a144984e527482dad02200366231c1,fc291b11a48cdc95783fa95cdc4d6286,delivered,2017-08-09 23:09:39,2017-08-09 23:25:10,2017-08-10 17:42:17,2017-08-17 18:10:47,2017-08-31 00:00:00
b54b301e4b2333df9c1e34a99ae270ee,b401fff20fc244a3ddbc89ffd51474de,delivered,2017-04-26 14:43:21,2017-05-01 22:33:49,2017-05-03 15:51:05,2017-05-09 09:46:05,2017-05-17 00:00:00
a50baa42994364594f0a002918035aeb,8f80eddc73b9b5abd87ce7a45d829b8f,delivered,2017-05-09 20:57:22,2017-05-10 02:45:11,2017-05-12 13:57:38,2017-05-20 08:29:49,2017-05-31 00:00:00
78c82a5b34fde0f0dc8d9d0670b231d6,cf14c812356b6ff9803c25aea2502855,delivered,2017-03-20 11:23:37,2017-03-20 11:23:37,2017-03-21 13:41:47,2017-03-27 15:22:58,2017-04-10 00:00:00
5a896322e3b42b9993f240317102cb0a,b58e6202acd5455dd3d4f38d2088f62e,delivered,2017-10-26 17:00:27,2017-10-26 17:31:48,2017-10-27 17:33:37,2017-10-31 19:23:01,2017-11-21 00:00:00
4c3c0b124df3a9bbd44a538ec578147b,0306f447354ba6e1012ce4350cb1d8da,delivered,2018-08-19 11:45:54,2018-08-20 11:31:50,2018-08-27 11:43:00,2018-08-29 01:02:35,2018-09-10 00:00:00
d47e5fbb24cade152dd968c93b0f0c66,e55ce7b0d217face26f0b2126413a84d,delivered,2018-05-14 19:23:56,2018-05-14 19:35:19,2018-05-15 14:45:00,2018-05-17 01:40:47,2018-05-22 00:00:00
74392b22a4cf55ce851b04ca127f6ca6,87d7093b18e14d148582079e7993445b,delivered,2017-08-06 11:51:24,2017-08-06 12:05:51,2017-08-09 14:43:20,2017-08-22 11:15:57,2017-08-29 00:00:00
a2189edb3c692c5c1ff9dfcb7a4c2208,da0481fffc899341bd69b4aa17ceb64c,delivered,2017-12-09 23:17:50,2017-12-09 23:30:20,2017-12-12 01:18:59,2017-12-22 19:48:58,2018-01-11 00:00:00
4c0516313f88337aef0820e61740d726,4ed1342e230ebe5cb1924ec8e5b68d0f,delivered,2017-03-01 16:41:19,2017-03-01 16:55:10,2017-03-03 12:21:49,2017-03-04 10:52:29,2017-03-27 00:00:00
b239d7a386db8ffed15c72578e9d3cac,c88fcf5993f74c364d6b198a06b29be8,delivered,2017-08-18 19:49:08,2017-08-18 20:05:15,2017-08-22 20:53:33,2017-09-19 15:07:57,2017-09-14 00:00:00
503b1d55537c749ca776d67d0d765cf9,d0c07be82fd929e1f01e1cac905e437d,delivered,2018-06-28 09:35:48,2018-06-28 09:51:03,2018-06-28 15:50:00,2018-07-04 09:58:51,2018-07-18 00:00:00
f8303e6eff198d1749d04649a1eb2bb6,4569e86ad4faba51cadc49ea1657ac3a,unavailable,2018-01-21 20:44:54,2018-01-22 13:58:50,,,2018-02-21 00:00:00
1cecebfadf42798e6036d0d1a708354f,27665657a923f3fb5234cef27540af0a,delivered,2017-12-07 18:38:48,2017-12-07 19:22:17,2017-12-12 20:24:01,2017-12-30 14:49:09,2018-01-04 00:00:00
ff54b9c09ea01ff4a6998163e9822b79,61eb73b3aa56811b865abef59f7ef640,delivered,2018-05-29 21:46:07,2018-05-30 16:16:09,2018-06-01 13:23:00,2018-06-11 20:28:34,2018-07-04 00:00:00
569749247450c1251fdd11128a1bb2bc,d8a3b8bc08f3b315105a58bd347871af,delivered,2018-01-12 11:22:56,2018-01-12 11:31:25,2018-01-15 23:56:32,2018-01-25 00:29:11,2018-02-16 00:00:00
03e707d64a286c3fbad59b8c89cafd95,52857131a4ec3f7a9ffcfdfa5d417ae4,delivered,2018-03-24 09:52:16,2018-03-26 12:30:34,2018-03-27 21:32:44,2018-04-17 19:48:37,2018-04-18 00:00:00
b4623f97ac826702ad476db053f76c84,423a14e6fa2adec3fefe8c46c9026edf,delivered,2018-08-07 17:27:35,2018-08-07 17:45:00,2018-08-10 19:07:00,2018-08-13 14:36:33,2018-08-16 00:00:00
26887eda6470e8f186f3155b2b3116c8,13c08a7658ca3f40cfc338bb956e2cc4,delivered,2018-08-17 14:04:16,2018-08-17 14:47:37,2018-08-17 14:51:00,2018-08-22 21:22:36,2018-08-29 00:00:00
9c7950262e87089fd79aef7d4e4cd6e0,26188f96d7835fa7760ad5fc85f1fb5e,delivered,2018-03-17 17:31:08,2018-03-17 17:49:27,2018-03-19 23:03:00,2018-03-23 21:16:47,2018-04-05 00:00:00
9b7dc894401e705fca11db5f78a1c54b,b07413755f95c395799dc2da2f9ad06e,delivered,2018-02-28 20:54:03,2018-02-28 21:09:01,2018-03-01 20:35:33,2018-03-06 12:49:30,2018-03-23 00:00:00
9bee2a0789ef47ce6515c171c803a285,fb28fb8b06eeedf8e25812ba5380872f,delivered,2017-09-04 13:35:55,2017-09-04 13:50:10,2017-09-06 20:04:25,2017-09-25 21:33:06,2017-09-28 00:00:00
17b3a989f0a87769c633d0ed07ad1319,bd3bd5c7496111bd76518b9c9868e462,delivered,2018-05-06 17:48:17,2018-05-07 09:13:58,2018-05-07 15:24:00,2018-05-09 20:11:52,2018-05-17 00:00:00
80c7a16d8b2eed5720ce819c547229b9,c76a730bf9caf9a71c30b476fd809494,delivered,2017-08-31 15:16:50,2017-08-31 15:30:16,2017-09-01 18:17:51,2017-09-11 20:37:56,2017-09-22 00:00:00
73c182f8914a0064d6c64ad65e4c6942,f51c6d9e24e077d5755ac7abdb209b1e,canceled,2017-02-08 00:53:19,2017-02-08 01:05:12,,,2017-03-15 00:00:00
b43a98a6615a9a0319f5ec81a6e5d666,7842cf4e1725f54e49052c3d2bf2b2fa,delivered,2018-01-22 17:51:50,2018-01-22 18:16:33,2018-01-25 15:52:57,2018-02-06 19:35:12,2018-02-19 00:00:00
1621d8e6b777a7b525ed73c73ee564b9,8d2feb200cbe341f3e381de33cfe02a8,delivered,2018-06-17 18:26:51,2018-06-17 18:35:15,2018-06-26 14:31:00,2018-06-27 19:28:45,2018-07-05 00:00:00
1e0fdb7395b6eab4335b7a41b88813e4,0f87c14e91f558b71fcf73e6918f311f,delivered,2018-02-25 12:13:36,2018-02-25 12:29:27,2018-02-26 20:35:50,2018-02-27 20:22:13,2018-03-12 00:00:00
b32fad437a7904a2ddcafb3f0d23fed3,8182b66eeb4f305a94c432210a6b3566,delivered,2017-10-26 10:13:29,2017-10-26 10:29:49,2017-10-27 22:49:40,2017-11-04 00:45:40,2017-11-17 00:00:00
97258b92dad9851d26d0a0eed03c22da,32b8620bbb7f33dfc8e41ee075842fdf,delivered,2017-11-09 12:15:31,2017-11-10 03:10:31,2017-11-10 22:23:02,2017-11-13 17:26:57,2017-11-23 00:00:00
745937e30e1ee0f0fbe8a4225fd2dbe4,1ac9334d7764d4cd6c0bf3d0deb21929,delivered,2018-04-23 13:22:32,2018-04-24 18:05:57,2018-04-24 23:58:42,2018-05-04 16:33:08,2018-06-08 00:00:00
34c3abee8d77fe0a974fdfa816078235,f98b0694c7517f313358ea9f05f47612,delivered,2017-08-15 11:40:46,2017-08-15 12:05:34,2017-08-24 12:08:23,2017-08-28 16:57:44,2017-09-04 00:00:00
ce4efb4625d3d33a367d95cbc27cdef2,1b7f8d3f31d13251841892ac1cd759b6,delivered,2018-08-12 18:31:46,2018-08-12 18:45:08,2018-08-17 06:55:00,2018-08-25 17:47:27,2018-09-10 00:00:00
5d2d00e8bfcca1d76a0335b147b1d020,0d10a0cda45ad0f4447a6dba4390b09d,delivered,2017-12-09 20:39:25,2017-12-12 03:49:33,2017-12-12 23:41:33,2017-12-28 15:42:25,2018-01-11 00:00:00
10b7f107ec36cc780f9ef313a337a7bf,9f0ad38f4f1a9d5677c296cfaee107ed,delivered,2017-11-10 10:55:12,2017-11-10 11:08:44,2017-11-14 20:14:08,2017-11-21 21:19:24,2017-12-01 00:00:00
0919371859b3150228068cde3b07c122,8be17a073e7cd65a10e13bd307a20592,delivered,2018-06-04 20:59:42,2018-06-04 21:12:49,2018-06-05 14:46:00,2018-06-07 15:51:38,2018-06-28 00:00:00
f1b5a776430ea0b0ac4ada8349125900,995c452b5846644306763c4476249918,delivered,2018-08-18 12:25:09,2018-08-21 04:50:15,2018-08-22 15:19:00,2018-08-23 14:28:43,2018-08-27 00:00:00
9149cd995e116bfe5be90e2659e468a0,345c50dfee7c90b40557f26ff33b2145,delivered,2018-03-23 11:21:24,2018-03-23 11:30:31,2018-03-28 21:56:42,2018-04-02 22:37:39,2018-04-11 00:00:00
d6e4899000744aee28d41363a581e3c2,3f4fc8799a67c8500c491d9822e365fb,delivered,2018-08-06 19:11:34,2018-08-06 19:24:36,2018-08-07 07:52:00,2018-08-08 16:55:08,2018-08-20 00:00:00
6e6c4dabb25cc7d0d5792e6c6a0712ce,9877437582f263da7d7e30a90c57b8bb,delivered,2018-04-11 22:08:44,2018-04-13 12:35:36,2018-04-16 20:07:20,2018-04-23 18:38:39,2018-05-03 00:00:00
567320164aa96555310f5c8ed6e8c5d7,1ba3670c68bda95d41ac806d86976ab0,delivered,2017-03-04 14:03:59,2017-03-04 14:15:13,2017-03-08 07:16:50,2017-03-14 13:00:30,2017-03-29 00:00:00
c68482199495e3a57ca04d15b0159808,ad0dbbc49ba11e1ee93a974f6be5c81f,delivered,2018-03-10 19:54:28,2018-03-10 20:47:40,2018-03-14 01:10:57,2018-03-26 17:28:43,2018-03-28 00:00:00
fe9eb7fc7765ab4b09f817fda0b63089,80db8c7a7ea6b11ca4c65cc2b93a6dc0,delivered,2017-12-04 14:37:42,2017-12-04 17:07:11,2017-12-05 17:58:06,2018-01-13 00:45:24,2018-01-02 00:00:00
e3cbbe0fedd9fcbe7450e0c2943beb3d,44854eab6adfdaa63e9f4d6d59040585,delivered,2018-05-06 10:07:19,2018-05-08 04:15:29,2018-05-10 09:36:00,2018-05-14 14:28:42,2018-05-29 00:00:00
503ff9670f30b2971bcb5df703a3f405,4ba2b0197b5e437ae42e625a89ebaf41,delivered,2018-03-16 14:33:37,2018-03-16 14:49:53,2018-03-19 21:08:49,2018-03-23 19:32:58,2018-04-09 00:00:00
aaabf43feb9498d9de4588eb73231c25,85204a33560ea671ee5df3dc91c8361b,delivered,2018-06-20 22:07:30,2018-06-20 22:59:24,2018-06-21 12:10:00,2018-07-05 22:08:24,2018-07-18 00:00:00
131bcb82ecd96d251fa7eb8bb1f1baca,24dd6be58b4717018fa8062703561b76,delivered,2017-09-14 10:29:33,2017-09-14 10:45:13,2017-09-18 23:54:41,2017-10-07 11:37:32,2017-10-02 00:00:00
a9fd47117c3f6b4e72456d5331e2bfb1,779609a1ecaee6f5ea1b6e50359c0aa1,delivered,2018-02-01 15:10:56,2018-02-01 15:34:49,2018-02-05 21:43:24,2018-02-14 22:36:34,2018-02-23 00:00:00
b62fb8675350e9d26562d21d74f310bc,196589770e3a1f3bec937543f965046b,delivered,2018-04-27 15:42:08,2018-05-01 05:32:24,2018-05-02 15:20:00,2018-05-08 19:44:57,2018-05-22 00:00:00
3de92648437ce8d6e9d3b60f36cfa537,92ff4a1cd03e989698328acb4c3fc46c,delivered,2018-05-02 20:47:14,2018-05-02 21:18:45,2018-05-08 12:25:00,2018-05-14 16:19:37,2018-05-30 00:00:00
2907ff34cf73f01cce80c9b882cb5e8e,26b6ab78a5d35d8e01b2c42bd69f21c9,delivered,2017-12-18 14:29:29,2017-12-18 17:01:57,2017-12-20 21:03:34,2017-12-26 18:08:16,2018-01-11 00:00:00
3c6c4d8395cd1b0c68ffa02fa1446367,f43e2faac72ec3438198e51325ab362c,delivered,2018-07-17 09:01:49,2018-07-17 12:01:26,2018-07-27 12:46:00,2018-08-15 17:58:41,2018-08-10 00:00:00
4c8b9947280829d0a8b7e81cc249b875,403c35c4d8813bf67b3d396b91ca1619,canceled,2018-08-09 14:54:47,,,,2018-08-21 00:00:00
dd9934c610c4363619b6b0f850365725,844a7e5d2737f2f6667a5242486cbcb1,delivered,2017-05-30 09:39:34,2017-05-30 09:50:14,2017-05-30 11:22:06,2017-06-09 15:03:36,2017-06-22 00:00:00
d248ddd0378083cb6c2bc7b9881d37d4,7195a1af3384ded47cea23f53d91405f,delivered,2018-02-27 15:06:05,2018-02-27 15:15:49,2018-02-28 20:38:41,2018-03-22 12:03:57,2018-03-29 00:00:00
b2bc998b56f86f7a3ef8b749c17506e1,c6747b392110a7fba076c62c67425a35,shipped,2018-06-19 20:01:02,2018-06-19 20:16:32,2018-06-20 16:23:00,,2018-07-20 00:00:00
ee6af09338de47dd746f2cbbc8f18aed,26c06d7ad51b1878a7a322c755140b01,delivered,2018-03-28 08:33:16,2018-03-28 08:50:15,2018-03-29 18:27:22,2018-04-02 18:33:09,2018-04-16 00:00:00
6e8bc07b95e2bb07cf9c1fcd3684e34c,5960c2fa7ac05beabd503c2b556f4852,delivered,2017-03-19 16:19:49,2017-03-19 16:19:49,2017-03-20 12:45:05,2017-04-20 18:47:52,2017-04-25 00:00:00
d951a2eceb245c4227c3d633d4a440f2,d89d01207332ba4362dad5ba73b8c00c,delivered,2017-06-14 02:03:11,2017-06-15 02:02:57,2017-06-20 17:42:42,2017-06-27 14:59:36,2017-07-07 00:00:00
c989e24c9410a2b62a87193404fe2142,c910acb1f0a1e59de924a7a8e643b9fe,delivered,2018-04-12 14:03:31,2018-04-13 12:50:33,2018-04-13 23:13:30,2018-04-14 14:11:47,2018-05-02 00:00:00
b3294cf5c413e45a9f56014be323601c,c18c0f8c117dc0553bb35bf11bb127dc,delivered,2017-12-09 00:38:37,2017-12-11 01:31:43,2017-12-12 22:58:34,2017-12-17 11:16:31,2017-12-28 00:00:00
be33d865802b05e364fc5f46166e5acf,1a002323bd40f93378ee1824e2343798,invoiced,2018-04-03 13:55:48,2018-04-04 03:29:18,,,2018-04-27 00:00:00
b0fdd351585763ef1abb582c19964a5b,43f325439491c5fe8bf36e5c6977665d,delivered,2018-02-22 13:46:53,2018-02-22 14:29:15,2018-02-23 23:52:27,2018-02-24 14:42:35,2018-03-08 00:00:00
6607f6d4afbc0216ccbcddc0d9e7e0ba,22539012aa9331d6f191199d19685fa6,delivered,2017-12-17 23:56:57,2017-12-18 00:58:22,2017-12-18 23:59:06,2018-01-09 03:43:42,2018-01-15 00:00:00
c16256c7228171d97729420953ec9536,1023dd567f41a452ce0c70f981369c63,delivered,2017-12-08 00:54:23,2017-12-08 01:32:38,2017-12-08 23:57:19,2017-12-18 21:35:52,2018-01-08 00:00:00
0ad3fdda3076a1be91b13c89f2049266,8475bc1245abac7e49488d01f3b8f98e,shipped,2017-08-04 13:36:21,2017-08-04 13:45:16,2017-08-07 20:42:23,,2017-09-08 00:00:00
83df1c60b1394882b9a376fa1ddd152c,7c877977fd808529b66886f0ff111575,delivered,2017-06-03 15:30:37,2017-06-03 15:42:03,2017-06-06 15:05:54,2017-07-05 15:39:44,2017-06-28 00:00:00
d6d8407991795dae4a5aeed8e2173285,0eb240afc0258746140d3a40a3da3e49,delivered,2018-08-20 23:58:59,2018-08-21 00:11:57,2018-08-22 11:40:00,2018-08-27 17:49:44,2018-09-11 00:00:00
aefdcf39aab5b3cadf59cdf0eafcbcb2,f90299c58cb4d96d99fcaee763520ac7,delivered,2018-07-19 11:51:30,2018-07-19 12:03:01,2018-07-19 14:43:00,2018-07-24 19:31:19,2018-08-02 00:00:00
e18cc7fc5eb938dd26feb68acbf88642,78c752c3702250b9e50dada2aeb037cb,delivered,2018-01-04 23:09:53,2018-01-04 23:28:23,2018-01-05 14:39:00,2018-01-17 20:31:11,2018-02-05 00:00:00
c724a4299403a06db6a91f12801f845a,1545bded706d3f0871eaf9d677090e7d,delivered,2017-12-05 17:10:46,2017-12-05 17:31:10,2017-12-07 00:38:50,2017-12-19 01:38:46,2018-01-04 00:00:00
7877dbdb45b5fe2dcaa08551f96048a3,dcd6f19e0172cad2d541e453485ec5c5,delivered,2018-07-25 11:11:12,2018-07-26 11:05:20,2018-07-26 14:01:00,2018-07-27 18:03:55,2018-08-03 00:00:00
d860fd3dc065e22ac79622d39d28e1bc,99fd37744ebeb8563299b54c2d985c38,delivered,2018-01-08 10:22:38,2018-01-08 10:35:31,2018-01-15 14:57:58,2018-01-31 17:23:17,2018-02-06 00:00:00
3b28722276b5d42721d0122d688f518a,df069d90f54fd028ab312f6f8978cc17,delivered,2018-03-02 09:47:12,2018-03-03 02:51:09,2018-03-05 13:33:58,2018-03-15 02:07:32,2018-03-20 00:00:00
8a32a50c6b4576d818f3e7b9e077aac2,a3e6a84c624d9e25cb5ef7eb8bca4e17,delivered,2018-04-11 12:44:12,2018-04-11 13:09:55,2018-04-11 23:37:40,2018-04-17 21:46:49,2018-05-02 00:00:00
e5fa5a7210941f7d56d0208e4e071d35,683c54fc24d40ee9f8a6fc179fd9856c,canceled,2016-09-05 00:15:34,2016-10-07 13:17:15,,,2016-10-28 00:00:00
dbb786efd821d7f903d79cb502ba3083,0e4fd4d8d6afeecc119bb53e5b119169,delivered,2018-08-02 19:14:27,2018-08-02 19:25:12,2018-08-09 15:09:00,2018-08-13 16:54:31,2018-08-08 00:00:00
dba3740d39b81258d8230a4889bd0fe2,5a0192b98aa54244a703ca5464b21cc6,delivered,2017-08-05 12:55:39,2017-08-08 04:05:16,2017-08-08 22:17:56,2017-08-17 18:43:11,2017-09-13 00:00:00
e235f2f2440fa2abd4c0777a2fda1026,a521b24543a0798c2e47274b14267f40,delivered,2017-10-09 18:47:07,2017-10-09 19:49:23,2017-10-10 18:53:02,2017-10-16 21:03:50,2017-11-01 00:00:00
d9f134a34fb4b3cfd95550b4785e8d05,d1627fd392eb9366792d5e988253b095,delivered,2018-07-20 21:09:11,2018-07-20 21:23:50,2018-07-23 14:32:00,2018-07-28 20:08:38,2018-08-13 00:00:00
76153bb37ce5c7c61ce83908366dc5f4,ad2f508b776948752cf4d526001bc90c,delivered,2018-05-04 16:43:30,2018-05-08 04:14:47,2018-05-10 14:25:00,2018-05-21 15:24:37,2018-06-04 00:00:00
225ab782cbf978534e852f511cc46fd0,957239777a7f01c21a58b82a032644b9,delivered,2017-03-17 16:04:23,2017-03-17 16:04:23,2017-03-20 12:47:25,2017-03-27 11:13:51,2017-04-12 00:00:00
2f62dbff060e1fc79791d3f079b62769,aa9c4bc7cf8c8f30bb449b7511860ba8,delivered,2017-10-03 23:44:39,2017-10-04 00:04:10,2017-10-04 20:52:27,2017-10-10 21:47:46,2017-10-30 00:00:00
57597099a6ac29d8c13878e3945ce6ad,542aa5f01059b90eed54478235ef5a13,delivered,2017-11-09 09:40:08,2017-11-09 09:50:37,2017-11-10 17:56:43,2017-11-17 19:14:51,2017-12-04 00:00:00
b095c03b6a10243a06c58f3f8d2b668f,c822022a84fecb35f7f4a6b9d77baa40,delivered,2018-01-14 14:20:51,2018-01-14 14:29:22,2018-01-15 23:13:12,2018-02-21 22:03:42,2018-02-19 00:00:00
49be32fc8ebc94c8e0de530d87883bb4,48785398e9e99d0d61c7e1e48ebca342,delivered,2018-03-06 19:25:41,2018-03-08 02:29:19,2018-03-08 23:17:28,2018-03-28 17:47:41,2018-03-27 00:00:00
7e994fde493b3bd44fa065bcf39fe904,71ce2ac1bd1b5610e994eb279793f1b0,delivered,2018-05-08 18:54:35,2018-05-08 19:12:18,2018-05-09 11:45:00,2018-05-14 10:52:03,2018-05-24 00:00:00
fe5ec7a1127620c4aea8f40033e7cfbc,df10e45a7a9add64e5e65bbc0b37aac8,delivered,2018-02-19 21:23:03,2018-02-19 22:27:04,2018-02-21 00:13:39,2018-03-15 00:39:31,2018-03-14 00:00:00
c3cf2a2c2e8b5cfbe960f65bf800b91a,9ca3c3cb222efba635805f6fefc8961e,delivered,2017-02-24 18:02:20,2017-02-25 06:45:22,2017-03-01 11:13:58,2017-03-06 13:12:46,2017-03-17 00:00:00
9b2d3a2e24dbac479d430298eb8905a6,e3ba5dc186f78dc33ea7d927d8005119,delivered,2018-04-08 17:34:27,2018-04-08 17:49:46,2018-04-09 19:09:21,2018-04-12 16:33:16,2018-05-03 00:00:00
0fe61eaf67314ed2f6b045d2365bba42,b0d7145ee05b66d363b3969d882dfce0,delivered,2018-01-11 22:51:26,2018-01-11 22:58:35,2018-01-12 21:38:42,2018-01-16 22:10:58,2018-01-26 00:00:00
8c8a24bf308761df290a5503106a8ae3,660d00e856b634e54e0dad583b10483c,delivered,2018-05-02 22:55:12,2018-05-03 00:04:47,2018-05-03 16:38:00,2018-05-07 14:20:58,2018-05-15 00:00:00
a0be4f22d143bef8121980995eaf15c9,d123e124664159a19da41685ea47a13a,delivered,2018-03-09 22:32:57,2018-03-10 22:30:20,2018-03-12 22:09:48,2018-03-29 20:18:39,2018-04-24 00:00:00
ee9e4a1d1929cc2d8d2f8c2a1cb3cea6,282c9df81d9e83eb605bc3804a262266,delivered,2018-08-24 14:28:38,2018-08-24 19:50:13,2018-08-27 15:12:00,2018-08-29 18:02:36,2018-09-11 00:00:00
6002f27b7795af4f2bd4da90aca5a958,f1101e2dfd2d23dc07f79cfe14e2535e,delivered,2018-05-31 10:13:38,2018-05-31 10:30:45,2018-06-15 14:25:00,2018-06-20 15:46:28,2018-07-11 00:00:00
aa1849549928a6c6d3f8b27f1bcf3a22,92c4389a799f9f07a254d8c7519106eb,delivered,2018-08-10 10:22:10,2018-08-11 02:44:35,2018-08-13 14:43:00,2018-08-22 17:32:08,2018-08-24 00:00:00
eeb395f21c0508f1593722cd5058462b,3afcd4f9f9411b8cb8f1d250b0a6f6c2,delivered,2017-07-30 21:20:32,2017-07-30 21:36:17,2017-07-31 16:30:04,2017-08-08 20:23:54,2017-08-22 00:00:00
06c8b01414c769ebb36a9cd0fdb97baf,9bfb255b9b882baed6b515d644f93f45,delivered,2018-01-25 22:30:19,2018-01-25 22:56:58,2018-01-29 17:04:12,2018-01-31 22:06:49,2018-02-09 00:00:00
ecc72b676b14179b5bd30e446043c1d2,649ad21522182e99c6923493d5d181ca,delivered,2017-11-11 21:04:48,2017-11-11 21:15:30,2017-11-14 20:09:08,2017-11-17 21:32:14,2017-12-01 00:00:00
6ee453b121f65674cd0525457f985513,e291edf34157e0773966d8df69674414,delivered,2018-08-14 23:26:59,2018-08-16 04:35:08,2018-08-17 12:32:00,2018-08-27 14:28:57,2018-09-17 00:00:00
c1dd50c37114a20341bbf901157d726d,e506618caa63a29ae2cc528536f0d11e,delivered,2017-06-16 16:29:49,2017-06-16 16:45:13,2017-06-21 11:39:48,2017-06-26 16:06:23,2017-07-10 00:00:00
4897e89eeabd9f378a6c3fb314f441f2,1181666aa724f10233a91c2d04a13ece,delivered,2017-03-07 15:13:01,2017-03-07 15:25:15,2017-03-07 17:01:53,2017-03-10 04:57:48,2017-03-24 00:00:00
ebca4856d6b3b849437fe99d11633d25,4e38e9f25b539d9529b38fef4e62b3d4,delivered,2018-04-01 21:29:36,2018-04-01 22:10:32,2018-04-05 18:42:34,2018-04-30 20:39:38,2018-04-24 00:00:00
d99c420247e75649dd121c367f391348,1622d70ef3cb92db3316803ecfc7671e,delivered,2017-09-06 15:36:32,2017-09-06 15:50:15,2017-09-12 19:41:21,2017-09-15 12:57:53,2017-09-19 00:00:00
1f04bac535b51d50ba5a22cddc3a52ff,353090141e210cf202e8666fe8835a63,delivered,2018-07-15 17:19:23,2018-07-15 17:30:24,2018-07-17 14:52:00,2018-07-26 17:32:03,2018-08-07 00:00:00
71dc9d3a6d378bbde8b7629eaae7c3a0,98fef27881bd8e167eae933b2893c6e9,delivered,2018-04-23 00:14:16,2018-04-24 17:22:24,2018-05-10 13:20:00,2018-05-15 18:12:27,2018-05-17 00:00:00
7ff63764a6de6e9a5fde1c76cf5650a7,f0db968ca669b9bd241c27a383092d9b,delivered,2017-06-12 09:07:29,2017-06-13 03:55:22,2017-06-30 14:43:39,2017-07-19 20:57:53,2017-07-13 00:00:00
0d92f9c47e96d946ca421dd3ea531b2a,21340bc68e361154e5329c3c655dca4f,delivered,2018-07-30 14:17:23,2018-07-30 14:30:54,2018-07-31 14:12:00,2018-08-07 18:55:17,2018-08-13 00:00:00
fca7b989b55ec495fc04ef8344bdb7d9,a3d11dbcd9f16d462fc5835c36880940,delivered,2017-04-09 11:23:37,2017-04-11 03:55:34,2017-04-11 13:13:23,2017-04-20 12:08:24,2017-05-17 00:00:00
0a53864d69001a165085a6488ab75469,218748ee4a5388be76c4b35fe97f92e1,delivered,2018-01-16 12:38:49,2018-01-16 12:52:11,2018-01-19 16:29:01,2018-01-30 19:58:13,2018-03-01 00:00:00
a93517c2ce1c5cf1b4d0f513f712e6dd,a0d38bf433ba23da2f77930d36f9c4b4,delivered,2018-01-20 17:34:11,2018-01-20 17:44:12,2018-01-23 00:12:41,2018-02-05 23:17:01,2018-02-19 00:00:00
3fb69957411be975a0316256df7f797b,d35d8c2ec3ab248822ef4b2303014292,delivered,2018-01-30 09:31:18,2018-01-30 09:55:45,2018-02-01 17:52:01,2018-02-19 17:16:43,2018-02-23 00:00:00
ffbe8a51afd59fa93224d1c6bc987aee,a6195f49275f8f8b2e54557531722145,delivered,2017-11-02 16:31:52,2017-11-02 16:45:37,2017-11-06 21:21:56,2017-11-09 23:07:42,2017-11-24 00:00:00
f47b9b38f1a8dca00dd9517273fe0f68,d18eeac6c6fc1b0175d6b7193e1f0467,delivered,2018-07-29 19:20:55,2018-07-30 16:25:25,2018-07-31 13:07:00,2018-08-01 22:04:25,2018-08-02 00:00:00
a1f115db2222fcb78c129bf36d76d4dd,1bfe620be823518320575a61861437ea,delivered,2017-11-11 09:43:39,2017-11-14 04:10:29,2017-11-14 16:54:22,2017-11-23 19:35:26,2017-12-05 00:00:00
9951937ab72b12a841cb4f931ac8bfbc,13506b60f881b8e29029ce92283dd398,delivered,2018-08-05 20:02:28,2018-08-05 20:15:20,2018-08-07 11:50:00,2018-08-15 02:31:46,2018-08-24 00:00:00
19838cf50dea89006e54a386a31287b2,0c97980a30d97a6bfda61a4f10264bc7,delivered,2018-04-18 12:53:27,2018-04-18 13:10:41,2018-04-26 15:50:00,2018-04-28 14:28:50,2018-05-09 00:00:00
8df939e36ea427df61f31f39e08d2715,85999e21f35afba0a59df01c97727433,delivered,2018-03-22 21:10:17,2018-03-22 21:27:54,2018-03-27 00:36:42,2018-04-02 20:08:31,2018-04-27 00:00:00
0ca4b3b797fddd6288abcd726e5669e3,b2b204350c535ec8e130d1e42dba1bed,delivered,2018-08-21 18:02:44,2018-08-21 18:10:23,2018-08-22 14:43:00,2018-08-29 15:12:27,2018-09-03 00:00:00
7bb63f3e1c995473fbe6450a65fd8cfe,b23e3f110598a3783b8bf7cf6e342d31,delivered,2018-02-14 17:16:33,2018-02-14 17:30:34,2018-02-15 20:09:23,2018-02-16 19:59:02,2018-02-26 00:00:00
9dec1346eeebe57e1353b6c2dbc06f94,7513c4bb10a41cf4fae9d29535e31fa7,delivered,2017-07-06 14:25:00,2017-07-06 14:35:21,2017-07-07 16:59:34,2017-07-19 16:57:54,2017-07-26 00:00:00
79f92b33bbe0c43264104fc5ee0b10b2,affc3fb17d0d6e55db542c0b1713bc6a,delivered,2018-05-13 11:48:19,2018-05-15 04:34:54,2018-05-15 15:39:00,2018-05-18 15:32:27,2018-05-29 00:00:00
ecfa045372b27e442363234001d022bc,59a83d4def5f8b7b0e745f66b429b5b4,delivered,2018-03-11 14:23:40,2018-03-11 14:35:46,2018-03-12 14:56:24,2018-03-22 10:38:45,2018-04-11 00:00:00
085bc46be56c7b3c4d5d805843d02e5e,bd80c756ce1d4487087d59f88ebb9ea7,delivered,2017-07-04 18:48:46,2017-07-05 17:43:39,2017-07-06 16:27:05,2017-07-10 19:12:06,2017-07-26 00:00:00
28cbc68ed62d4454655aa41bb0941aaa,723aafdd1030cac40ade9dfdce60cdc8,delivered,2017-12-29 22:51:00,2017-12-29 22:59:29,2018-01-02 19:06:13,2018-01-09 17:35:22,2018-01-30 00:00:00
b704eaf4ae9e9716ead0088db45a9b40,01d22419c452ad55702fa5a9a81a4423,shipped,2018-04-21 23:22:17,2018-04-24 18:57:06,2018-04-25 12:38:00,,2018-05-14 00:00:00
d4181bfdc2de0b7a83418bb197ca5334,c2858ae4e6680baa31f5a6cabe4b8055,delivered,2017-07-25 16:56:59,2017-07-26 16:50:17,2017-07-27 15:16:55,2017-08-05 14:12:04,2017-08-16 00:00:00
78b271a8afaace85021c40cf6adb61a2,1b66ca957166eb1f0c86e95c20d339c7,delivered,2018-06-23 15:15:35,2018-06-23 15:38:41,2018-06-26 14:34:00,2018-06-29 22:06:43,2018-07-20 00:00:00
b4d6bee8b34f0daf1309fc764051cce5,b87ab7515bb1025b80d8f9bc5c860f83,delivered,2018-04-08 21:25:05,2018-04-08 21:35:15,2018-04-09 15:55:22,2018-04-20 17:29:54,2018-05-07 00:00:00
14066026f08d98c3316b5b8637282529,746ed0a7c874bd450e922647085e4d9f,delivered,2017-03-25 18:02:36,2017-03-25 18:15:09,2017-03-28 14:13:21,2017-04-04 16:06:58,2017-04-18 00:00:00
12d8f84b2205c7654fdf6768718d243d,0cb1ec7f7b0d209fdfbb7c3592b32634,delivered,2018-06-28 21:51:14,2018-06-28 22:10:06,2018-06-29 12:29:00,2018-07-10 20:21:57,2018-07-26 00:00:00
2132d7599832dd6bc845a7efd6f6d446,8a01af238f4fc14ba37f1a26a1f2950f,delivered,2017-11-16 13:23:40,2017-11-16 13:55:49,2017-11-22 01:11:49,2017-11-25 12:26:50,2017-12-08 00:00:00
d9a34b9554a76f98e59becbf5b49a871,f607992590df1ce8b149279c589e2421,delivered,2017-11-02 13:09:35,2017-11-02 13:25:21,2017-11-07 10:32:37,2017-11-15 14:09:26,2017-11-29 00:00:00
ca7adf1201471598788f746ed74c825b,cfbef476e3977219a4db308d8decc763,delivered,2018-01-24 12:34:55,2018-01-24 15:18:20,2018-01-30 12:26:42,2018-01-31 19:22:09,2018-02-08 00:00:00
7d8f5bfd5aff648220374a2df62e84d5,a67a246af6ba598a14cc86df3c0354ee,delivered,2018-05-12 22:27:38,2018-05-12 22:50:11,2018-05-17 12:28:00,2018-06-01 19:07:48,2018-06-20 00:00:00
4140060a1718f4c780ee5a5459298e3f,74eae62b206448b12dd70a65e1da7c23,delivered,2018-03-06 09:21:53,2018-03-06 09:35:21,2018-03-13 01:41:51,2018-03-19 18:42:05,2018-03-28 00:00:00
995cb1fde464cb3683cf2902d8827a13,985b35e7309802e954547d2f6fdfe9e9,delivered,2018-07-15 21:00:44,2018-07-15 21:15:19,2018-07-16 15:29:00,2018-07-25 21:41:16,2018-08-02 00:00:00
14cef40ef56939096a73790b10938a79,874c29725c71cec67452885cfcf67d53,delivered,2018-04-25 15:52:18,2018-04-25 16:53:33,2018-04-27 15:00:00,2018-05-08 22:21:52,2018-05-14 00:00:00
b37d46f83322f86eae75b766a515cffe,25a52f95724799f5b375932dfb65c5f7,delivered,2018-03-03 23:19:47,2018-03-04 00:00:26,2018-03-06 18:58:42,2018-03-29 17:44:43,2018-04-16 00:00:00
40b2dd4813a685a119ff6fd2d213ca88,1abf6e7692428fe41add0d40154d2831,delivered,2018-07-23 20:03:53,2018-07-25 02:45:19,2018-07-25 15:52:00,2018-07-30 18:28:54,2018-08-10 00:00:00
7b5128e25d9aecefbe3ed7b42f1daeb4,e17fbd2f4fd5efb2fec96e91cf9b20de,delivered,2018-08-07 12:06:54,2018-08-07 12:15:20,2018-08-13 09:13:00,2018-08-21 20:41:12,2018-08-30 00:00:00
4405341a3e7abe465e9f0a63d727dbe4,873dcf6ac219081c5b3dd8bc564b2534,delivered,2018-02-09 14:38:25,2018-02-10 02:49:43,2018-02-21 11:36:36,2018-03-05 22:37:44,2018-03-16 00:00:00
b4351b639f2b08615cf0af316b7fd590,5883ec31904f13a6b87af78ca0f65e05,delivered,2017-11-02 19:39:24,2017-11-04 06:55:32,2017-11-07 18:58:33,2017-11-13 16:58:54,2017-11-24 00:00:00
dd7fbf8b53b7ffa059c926a77c42f04f,b0d59207d44937209cca2887ab613f5b,delivered,2018-08-28 14:01:04,2018-08-28 14:15:19,2018-08-29 15:08:00,2018-08-31 02:04:31,2018-09-17 00:00:00
b1bd0e86ea8b4060e4e7c5684202b656,b3c8ed4840e19fb161faca3b4ed4cfa8,delivered,2017-11-16 13:02:20,2017-11-18 02:15:33,2017-11-29 23:37:28,2017-12-18 23:57:24,2017-12-06 00:00:00
69a236fbbc4a603ebfa4468a3bdcb140,1bd6b1b425cc25c6e0c79f68d28fe2fb,delivered,2017-04-25 01:46:02,2017-04-27 10:32:00,2017-04-26 09:11:44,2017-05-03 13:39:47,2017-05-25 00:00:00
188368c093f06fe58e813bd61137b3e1,ec1b208f54047679c3b2c982e22872d0,delivered,2017-10-13 21:51:40,2017-10-13 22:07:07,2017-10-18 22:07:53,2017-10-25 22:18:38,2017-11-13 00:00:00
ee6059ea51c2fe6fa582bfee8d1a725e,b3ebc63c630e8af49ff5cba1f321928e,delivered,2018-07-15 00:05:51,2018-07-15 00:24:01,2018-07-20 13:10:00,2018-07-25 16:19:03,2018-08-07 00:00:00
d75ec4cf8c3c2afb8cd60498e725dfe3,9bedce134cd25ed7df6fd43a51c8d76d,delivered,2017-07-29 11:14:49,2017-07-29 11:30:11,2017-08-17 21:46:30,2017-08-23 19:42:42,2017-08-21 00:00:00
95d3fed955a6724308700ab281998533,03a6ba2837612c689cd65be392b84084,delivered,2018-06-21 20:55:41,2018-06-22 02:37:01,2018-06-29 14:03:00,2018-07-04 16:32:36,2018-07-26 00:00:00
a5b65501699091dc28e4499a0b143963,510b491c7782d235d7eb8c68178dfeab,delivered,2017-11-10 01:12:15,2017-11-10 01:26:06,2017-11-10 19:04:47,2017-11-28 00:28:48,2017-12-05 00:00:00
85841af0d94e5d0cd3a9c0e42e565b74,603dd05a409bcfe63ca922996c72bdfb,delivered,2016-10-05 22:39:46,2016-10-06 16:03:32,2016-10-10 16:03:33,2016-10-13 16:03:33,2016-11-25 00:00:00
665f27cd53c438276f8d03532bdaa047,021212b1c2f127ec287d99fa9f6346e6,delivered,2018-04-03 17:16:46,2018-04-03 17:30:18,2018-04-04 23:06:42,2018-04-06 00:12:33,2018-04-19 00:00:00
fee04510f8e4bd36d10789bdbe55eae2,355acc2c291066f4d41f954918f11eef,delivered,2017-08-24 19:56:08,2017-08-24 20:10:15,2017-08-29 15:58:09,2017-08-31 17:38:50,2017-09-15 00:00:00
2ffd4bf0fbadf9acf274c27d822697ca,aab70b85acd198f5a41f3e9f2e34a63f,delivered,2018-05-06 21:08:08,2018-05-08 19:34:50,2018-05-10 18:29:00,2018-05-18 17:12:21,2018-05-30 00:00:00
e1d052f0519179744d19f35c1d848ff5,72595e3c621f07680012749b4c1b5904,delivered,2017-03-09 17:26:26,2017-03-09 17:26:26,2017-03-10 09:04:53,2017-03-17 12:55:48,2017-03-28 00:00:00
8f7d40ce4fdd837cf8c757a14fa92154,95c6b1512c5abd1deb0e1d8182d5c32d,delivered,2018-03-26 09:37:14,2018-03-26 09:50:32,2018-03-27 02:13:47,2018-04-02 12:52:46,2018-04-12 00:00:00
d5059794ce5ef544e6c29ad80d4785d4,df1dd9459e63a85ace04bbd514246db7,delivered,2017-09-14 23:20:35,2017-09-15 23:25:14,2017-09-18 14:20:15,2017-09-25 18:43:33,2017-10-06 00:00:00
279eab1ce88064419806859e4575a10e,dda1c4364d7687bcc98ca8984550b081,delivered,2017-04-17 07:42:23,2017-04-18 03:51:12,2017-05-05 16:02:59,2017-05-18 05:59:41,2017-05-10 00:00:00
f62aae152b6b5527f7516b34bbf154e2,9bb7c4f2cdbf2d4f9066b806594cf1b2,delivered,2018-03-15 14:09:16,2018-03-15 14:29:43,2018-03-16 17:55:47,2018-03-27 17:36:54,2018-04-03 00:00:00
eeb2e664debf2c0bd41c970e2122858a,7eae0e943f8fc8ef273e928ce0b12ffc,delivered,2017-10-18 13:35:32,2017-10-18 13:49:26,2017-10-24 21:18:14,2017-10-30 13:25:31,2017-11-06 00:00:00
bbd5320df89920817b0cc073770a9c8f,220c0d585ecee4fa50f3c996c16432d4,delivered,2018-01-12 16:30:25,2018-01-12 16:50:00,2018-01-15 17:52:58,2018-01-18 20:33:02,2018-02-02 00:00:00
c7d894c7be2eb461fb04d81e82f0814d,d74d925687122c0d1cc677e244620341,delivered,2018-02-28 20:09:30,2018-02-28 20:20:48,2018-03-06 01:08:51,2018-03-14 23:48:42,2018-03-19 00:00:00
776a18d9c6d83661a0f788e219f4acba,f7e12fa6272eb4c6f54c7d8aadab4349,delivered,2017-09-29 01:56:43,2017-09-30 02:36:26,2017-10-03 00:15:05,2017-10-06 16:10:15,2017-10-24 00:00:00
d27c2efd9421cde0945261467fb1a025,a8bb774baf42be4ec71b92200ceee3b9,delivered,2018-07-24 15:35:42,2018-07-26 03:15:18,2018-07-27 10:43:00,2018-08-02 20:44:41,2018-08-09 00:00:00
f0889aa6830c9df823b4c7c03ce5e4f2,85f1281700ac404ceefcc166d45baf1f,delivered,2018-04-24 23:12:28,2018-04-24 23:29:57,2018-04-25 14:18:00,2018-05-10 00:37:38,2018-05-21 00:00:00
4edaf27ed056e42729b2700dfd0dbccc,551f10aba6594e3e1cb5fc859cd349a2,delivered,2017-05-18 10:54:12,2017-05-18 11:05:26,2017-05-19 09:13:37,2017-05-23 14:07:36,2017-05-31 00:00:00
588e9a3844482484a31e604c2767b82f,c6d04a9495cc4d8e22a4276131aac50e,delivered,2018-03-24 21:50:02,2018-03-27 04:10:23,2018-03-27 22:41:58,2018-04-05 20:56:33,2018-04-24 00:00:00
075d1d2a3ac6d55e925dda5e2ad0c6fe,acad447a2406e2d43fad356e2d89aec3,delivered,2018-03-18 17:31:21,2018-03-19 17:29:46,2018-03-20 23:02:34,2018-04-05 00:12:46,2018-04-13 00:00:00
6a276c227b7bb9659f04c271e30d381d,f35e1aa8990c39ac028bd44384d805a6,delivered,2018-02-19 09:23:33,2018-02-19 10:10:39,2018-02-22 01:04:19,2018-03-09 19:52:30,2018-03-12 00:00:00
56137cd32ae890d2f8f4c0b770da009f,1a8a24b6904f80d445faf68aaa56ce35,delivered,2018-03-07 16:51:09,2018-03-07 17:40:21,2018-03-08 19:26:38,2018-04-03 16:02:50,2018-03-29 00:00:00
5fe9874b96028c851e35c1c28aede4c2,4d575680ce2505bef7485ecf1badf1d6,delivered,2018-01-14 14:39:38,2018-01-14 14:51:23,2018-01-24 16:59:54,2018-01-30 14:19:48,2018-02-16 00:00:00
d0e532f7dc3f516d8fcff81b062f05ec,dbf791ec86ecb06477b1e6d841ec9b3e,delivered,2017-09-25 22:22:18,2017-09-26 22:28:18,2017-09-27 23:12:19,2017-10-04 12:39:54,2017-10-25 00:00:00
0ab93232e2390bb66ff047c39fd91077,e6cc3085bfd669d31daced208e8f9a69,delivered,2018-01-01 18:31:59,2018-01-03 04:30:35,2018-01-05 20:19:47,2018-01-10 16:12:48,2018-01-30 00:00:00
019440e41e276668d99d996d5d1a22c1,477d0086341df0308127cef59628e7be,delivered,2018-06-12 23:05:15,2018-06-14 02:38:39,2018-06-14 15:23:00,2018-06-19 22:21:21,2018-07-11 00:00:00
6f532d76ec46fda0beae1633997d1409,95eed62685a983a404c317327e7799be,delivered,2017-12-11 23:38:11,2017-12-13 02:50:04,2017-12-19 17:42:22,2017-12-30 13:38:24,2018-01-09 00:00:00
d5d2c0e9c55c60e47dd370479d8775d7,f6e7f380d175517f710917c68998c6c4,delivered,2017-09-10 17:43:33,2017-09-10 17:55:11,2017-09-11 21:23:06,2017-09-14 18:57:21,2017-09-27 00:00:00
11f14d74e7fe63a9a1cc38664bb6f431,61ed37058a9365674a8cb35568941b0d,delivered,2017-06-14 17:15:36,2017-06-14 17:34:43,2017-06-16 14:22:28,2017-06-26 15:46:41,2017-07-11 00:00:00
d168723fbc108ab922a23516046a4b42,6d0c88da84f5f308b04f0c8dbd180027,delivered,2017-05-26 23:43:10,2017-05-27 23:45:19,2017-05-30 10:53:16,2017-06-12 11:42:23,2017-07-26 00:00:00
dc0c88e3bec8210714d2176ddb06f276,14297c24f93335154b9dc5eb026ba425,delivered,2018-03-29 18:04:57,2018-03-29 18:29:22,2018-04-03 02:18:38,2018-04-04 21:36:47,2018-04-17 00:00:00
f65f13aa0f61098cebf314daa13a51da,23f0ed5b86d3cd96d4b8eba5c92107d5,delivered,2017-12-05 23:42:33,2017-12-05 23:56:57,2017-12-06 22:47:43,2018-01-18 12:43:58,2018-01-08 00:00:00
177536550949ab384987dfa5e898b1cc,33294108523155692708518bfa1701e0,delivered,2017-05-11 20:29:29,2017-05-12 21:02:47,2017-05-15 13:53:58,2017-05-23 12:17:51,2017-06-13 00:00:00
df04145e2f3426e5693e813561656576,4c1aff58af7cf50f5b4e85c445c14b58,delivered,2018-05-03 21:44:32,2018-05-03 21:55:19,2018-05-07 15:05:00,2018-05-14 16:37:48,2018-05-30 00:00:00
28262d9fd1a7ceff1089bc357b873b91,5b175cedd118642e9f4c579def7fd74b,delivered,2018-05-01 11:20:00,2018-05-01 11:36:25,2018-05-02 15:23:00,2018-05-03 20:41:54,2018-05-17 00:00:00
6bb7ab367d79166d73368ecfbef88dd8,450440af27c0b24d19ddbebfc165c442,delivered,2018-07-10 15:26:07,2018-07-10 15:46:34,2018-07-11 14:45:00,2018-07-13 19:31:53,2018-07-18 00:00:00
1501377ae464c309dd74f2ec71daf9b5,b104d98edcfb89e1cda5cf1510faecf1,delivered,2017-07-15 09:23:55,2017-07-15 09:35:19,2017-07-17 19:49:59,2017-07-24 19:07:54,2017-08-10 00:00:00
01bdc09119b132e176e5c8f2cf68b0ac,9b5f0ef5de7b703b77e1131e68263de9,delivered,2018-08-16 15:59:08,2018-08-17 15:50:16,2018-08-20 14:06:00,2018-08-27 20:42:18,2018-09-12 00:00:00
4ae6c814370d0a4b396355a8aabbbfdd,a439ca180ebbf3037213e6d501646b3b,delivered,2018-05-15 22:11:51,2018-05-15 22:33:58,2018-05-16 09:45:00,2018-05-22 18:02:32,2018-06-05 00:00:00
e7fe197c60eec45afb91acb7de6d6260,61d45ec37d1586fdd55b23b4f696e27f,delivered,2017-10-17 12:39:00,2017-10-18 02:52:31,2017-10-20 11:32:58,2017-11-07 12:43:20,2017-11-07 00:00:00
a103bbccbbeb3e1d8354f83f08ed2667,a4ce15737ec0d3eb40545f0b738a8941,delivered,2018-06-26 14:00:54,2018-06-27 08:54:33,2018-06-27 11:27:00,2018-07-03 23:58:51,2018-07-24 00:00:00
5d111a2da7b316aa34aadd1fb06b483a,d7ed9faec75b9d8aaca43b8c18b2f524,delivered,2018-05-15 16:14:42,2018-05-16 16:14:59,2018-05-18 13:22:00,2018-06-11 16:11:56,2018-06-05 00:00:00
e37dabbc051a3f58d73581522f7eef81,3e661a73488109b0bc5c9e71427d9939,delivered,2017-12-03 21:32:13,2017-12-03 22:58:08,2017-12-05 00:14:31,2017-12-13 13:55:09,2017-12-28 00:00:00
ef0beb334211d552bb4bbb9b43e60248,70964b463cfa1a74701003a366f62d03,shipped,2018-07-30 19:57:21,2018-07-30 20:10:21,2018-07-31 15:08:00,,2018-08-13 00:00:00
03ffce741877a000ca0fb3520673d4c4,e937151346d1bec664f5b80cd798bdd2,delivered,2016-10-05 15:17:57,2016-10-06 16:02:36,2016-10-15 12:39:28,2016-10-25 20:28:33,2016-12-09 00:00:00
bf3fd3b1044615b0020cccb78f7b142a,3a8a658ae668c077b4d802d1d43b2a28,delivered,2018-02-08 10:30:24,2018-02-09 10:13:46,2018-02-09 22:41:36,2018-02-14 21:55:06,2018-03-06 00:00:00
694c92324234f0d098a8766d1afa8449,cc8c14ab3bb1daeaf0f28c9523dbd29f,delivered,2017-08-14 12:11:55,2017-08-14 12:44:12,2017-08-15 19:31:40,2017-08-17 16:53:49,2017-08-25 00:00:00
22b1de291afc457a072d35bf6749b18a,3351d390942c5ff630bd5b016a3f9e79,delivered,2018-07-27 15:22:53,2018-07-27 16:32:06,2018-07-30 16:26:00,2018-08-06 21:10:43,2018-08-14 00:00:00
e3c131bbe953a1cdb1dbaf261715c368,38d1cd89306128348ffdf4cc23f3a50a,delivered,2017-03-16 16:41:44,2017-03-16 16:41:44,2017-03-17 11:07:01,2017-03-21 11:27:49,2017-04-04 00:00:00
755b35cd526f3b62950a990cd6ca1207,9b3319404f3dbecbc1f7fa9261a91c61,delivered,2018-01-15 11:58:01,2018-01-15 12:16:10,2018-01-17 13:52:50,2018-01-26 22:51:23,2018-02-09 00:00:00
db10e5b34779ebe39e1bc929469eb841,0492fbcccc19cfdea66d667173ebce63,delivered,2018-08-08 23:22:13,2018-08-08 23:35:21,2018-08-09 16:06:00,2018-08-21 11:28:49,2018-08-14 00:00:00
33238b56832a1ff5396fff8bd2a44ede,e12464f67471d31285bd75f4f38a0db9,delivered,2018-02-28 17:53:38,2018-03-03 03:30:58,2018-03-07 23:26:50,2018-04-04 23:33:05,2018-03-21 00:00:00
4325abb4e925f2765e6874e9788392f4,cbafb574da2d33b039f294c188624b6c,delivered,2018-03-02 16:37:22,2018-03-06 03:51:37,2018-03-08 20:39:39,2018-04-12 12:11:52,2018-03-23 00:00:00
645178e45ffc3660a32e6532187b4376,b40e8b8ffd7f8005f3b655ed36676f87,delivered,2018-04-09 19:35:20,2018-04-09 19:50:58,2018-04-10 20:26:33,2018-04-20 19:40:43,2018-05-07 00:00:00
7543a6fd664cf3ced4e8d01d48207a80,6ba78154cdda17dbb0e69a207b6011ac,delivered,2017-03-24 21:27:35,2017-03-28 03:45:24,2017-03-28 14:31:39,2017-04-04 15:34:32,2017-04-17 00:00:00
a09b9e1d3f95afbb8d9e0f8f87ab520b,143a2712089c099671d2ce10731b8aa4,delivered,2018-06-26 09:30:41,2018-06-26 09:52:54,2018-06-26 14:06:00,2018-06-29 11:42:32,2018-07-17 00:00:00
cedac928ba1f320f1f61e79b3801b5c5,c54b89d28aaf5f03b06e59cc2a686f81,delivered,2017-03-20 10:48:56,2017-03-20 10:48:56,2017-03-24 08:08:08,2017-04-05 11:28:09,2017-04-06 00:00:00
2a52ef20af312ee4756b4e622ddc7101,736d28863facba7881a832ac8549a1dc,delivered,2018-08-26 16:19:58,2018-08-26 16:35:22,2018-08-27 14:31:00,2018-08-28 19:12:36,2018-09-05 00:00:00
f437ca3a038c797f963788a0b5e204a9,462c1928453b7b3fdf3e0b70d9d5b850,delivered,2017-06-27 11:04:36,2017-06-27 12:15:16,2017-06-28 14:24:56,2017-06-29 09:32:50,2017-07-10 00:00:00
ebc613372bc147f1df63ad340e4b9bf5,db508645c64a215d060fefdf9610784b,delivered,2017-08-30 14:52:57,2017-08-31 17:05:38,2017-09-01 19:11:47,2017-09-13 16:17:37,2017-10-05 00:00:00
69b5f9421e21822b212fa48bf807b811,5061c5ea49d7ab5b1c526cf720193fb9,delivered,2018-04-20 17:36:11,2018-04-24 17:48:01,2018-04-30 14:23:00,2018-05-02 23:47:25,2018-05-03 00:00:00
bbc781e0bdaef8ca45c32c280250567a,165cab246f7df81ab0c8f24880454aeb,delivered,2017-11-24 19:54:54,2017-11-24 23:01:02,2017-11-28 15:02:39,2017-12-06 17:22:42,2017-12-19 00:00:00
bfdf5728dc66ccaf9131885e9e39b5a2,83ecfad6ffb6c167292c8fca66042ea9,delivered,2017-11-10 14:22:37,2017-11-10 14:35:32,2017-11-14 18:51:23,2017-11-17 21:03:04,2017-11-24 00:00:00
11077b960f568dd6d5dddae3bdfaa69c,bf988543b99218d77ffea19b8953d511,delivered,2017-09-13 18:28:59,2017-09-13 18:44:23,2017-09-15 21:49:51,2017-09-25 19:02:32,2017-10-06 00:00:00
85502150053b8714f53462c6376d8295,9f634269d5b217b28a2316238fec774f,delivered,2018-06-07 22:14:39,2018-06-07 22:33:34,2018-06-08 16:55:00,2018-06-20 17:04:59,2018-07-17 00:00:00
1ae9416cc460b54e019ac44ba53f5b1b,9e3cccc4d43db2e97bb7015e1114fc92,delivered,2018-02-22 16:21:49,2018-02-22 16:30:26,2018-02-28 00:03:11,2018-04-03 20:51:31,2018-03-20 00:00:00
04e452498b75f049f617f5ed7ffc0633,52ebfe7b40ff6cbe2db79c566f36e6bb,delivered,2018-05-22 23:30:07,2018-05-22 23:57:56,2018-05-23 20:23:00,2018-05-24 21:18:24,2018-06-06 00:00:00
0f95a7e23723d5388a494f2d812a8332,5f454675eda0812f4ca038d7a6796a38,delivered,2018-04-01 19:50:42,2018-04-01 20:08:34,2018-04-03 21:19:23,2018-04-12 00:24:45,2018-04-25 00:00:00
8560601765c3f16199ac6feb1a8d6e64,3fd7c402c2376ddd9c4b06ba5b3ca6a4,delivered,2018-07-20 17:57:42,2018-07-20 18:10:21,2018-07-23 07:32:00,2018-07-25 16:36:52,2018-08-01 00:00:00
c2ccb6c2af36d8492e83ecf528f2755c,07a4bb60f62e5ce83b63a08f0cd050bc,unavailable,2018-05-21 13:48:16,2018-05-21 16:14:54,,,2018-06-05 00:00:00
603b717dcdee8679723c6918ab5585ed,c09e462cce0e66748b9152a2421e68ed,delivered,2018-06-13 09:16:20,2018-06-13 09:39:30,2018-06-14 10:56:00,2018-06-19 20:56:30,2018-07-04 00:00:00
2e7a8482f6fb09756ca50c10d7bfc047,08c5351a6aca1c1589a38f244edeee9d,shipped,2016-09-04 21:15:19,2016-10-07 13:18:03,2016-10-18 13:14:51,,2016-10-20 00:00:00
749238696f501c747fe013b2a5fa014c,5298ba692006f23c6eb25232fe9b2cfd,delivered,2018-02-23 11:40:03,2018-02-26 16:32:39,2018-03-01 14:39:04,2018-03-27 23:52:46,2018-03-23 00:00:00
f09b179b5803265142d7de8614234125,fbac6b4022506e370844af799dd93111,delivered,2017-03-11 21:54:43,2017-03-11 21:54:43,2017-03-13 09:13:05,2017-03-18 08:27:46,2017-03-30 00:00:00
59f740f135c8060f0c211f5ff37a7245,12a359118f460c2d9573a346f0ee15db,delivered,2017-12-27 14:02:43,2017-12-28 13:57:30,2018-01-05 22:25:48,2018-01-13 16:12:48,2018-01-24 00:00:00
d27ebef51c81419780e860d0278bf87c,8aa87a987f6edfb3e4550f95e2c2df08,delivered,2018-03-21 08:40:54,2018-03-21 08:50:32,2018-03-21 19:15:41,2018-04-03 17:42:43,2018-04-10 00:00:00
06486b73d8d1705c15e0d13f6adcbf84,7f29240004dd657bbdf131b0ec558634,delivered,2018-01-20 18:32:47,2018-01-22 13:50:53,2018-01-23 21:34:05,2018-01-25 16:03:44,2018-02-06 00:00:00
a8cc5640bb6e6bf0280850917666c4d5,c179c63e0432790a7ed37decfde65dc9,delivered,2018-08-17 15:22:25,2018-08-17 15:35:14,2018-08-20 19:08:00,2018-08-27 14:57:19,2018-10-02 00:00:00
2e99433024f415d8bda635a5f0615a25,ffd940dedc35e4f459eddfa41291e824,delivered,2018-03-29 12:43:22,2018-03-29 12:56:07,2018-04-03 21:51:26,2018-04-20 16:06:59,2018-04-24 00:00:00
d90174017bf4d85298251ec0cf5a0bb7,c14a7f74602050fc8e33fe5820a9089e,delivered,2018-03-27 12:25:41,2018-03-29 03:15:34,2018-04-24 23:07:45,2018-05-15 16:24:51,2018-05-16 00:00:00
9da777e6977f9a0ed47c0a36c439a100,a92dc6eff829713a8baf8aaac87cc7e1,delivered,2018-04-22 21:48:49,2018-04-24 18:28:05,2018-04-25 13:16:00,2018-05-08 20:28:42,2018-05-16 00:00:00
176ada94dcc6f5fa6091d19a9d1fffde,2102760f9941764d52d99011d33811c9,delivered,2018-06-15 00:02:47,2018-06-15 00:19:11,2018-06-15 12:31:00,2018-06-20 11:21:54,2018-07-13 00:00:00
186a0845cd1b679057c8b0ea86931e2f,a820146409b46b535505aff7d58f3ffc,delivered,2018-07-19 17:22:40,2018-07-19 17:35:08,2018-07-20 14:52:00,2018-07-23 23:22:25,2018-07-31 00:00:00
d576291e922fc07924f5811f867ed79b,6a92d9b18a6811e74eef28f1042fff82,delivered,2018-08-11 13:55:18,2018-08-14 04:50:28,2018-08-14 13:18:00,2018-08-23 19:13:53,2018-09-05 00:00:00
13ce532ef1a57ec06218af7cb3634241,ec8cce4c98a82dead34ffd130e9c6d85,delivered,2018-02-25 14:17:14,2018-02-25 14:30:29,2018-02-26 19:43:48,2018-03-03 20:18:48,2018-03-21 00:00:00
d7883c9f072902eba8f3b8af350976bb,53acd19d26c67a3842218b6cd931196f,shipped,2018-02-28 22:26:55,2018-03-03 02:50:51,2018-03-08 12:59:31,,2018-03-20 00:00:00
856b72c8788d5cae7d45d12d479f5ed2,1a19a113d74df968be81ff005143c858,delivered,2017-11-30 23:24:15,2017-12-01 10:31:11,2017-12-04 21:41:48,2017-12-13 18:35:17,2018-01-02 00:00:00
aa3bb8a5c7740d386e6318f44046ac14,69e05d6d27a24b903033ec4f28aa6be8,delivered,2018-04-26 14:44:51,2018-04-27 03:50:51,2018-05-02 15:23:00,2018-05-07 18:48:31,2018-05-23 00:00:00
853196751437213c99b38f619b15c7d5,bee8c38659f6714c7bc7400419f8c029,delivered,2018-01-04 08:54:51,2018-01-04 09:06:23,2018-01-04 20:10:38,2018-01-10 17:17:55,2018-02-02 00:00:00
543dd9462e7d92ef58df34eea3ba7db5,352788649c9325b16a6bfa96df8942ed,delivered,2017-12-20 14:29:02,2017-12-20 14:37:29,2017-12-22 21:08:58,2018-01-04 20:38:43,2018-01-22 00:00:00
8846a9571a893b22eb57d4732b978bbb,dcb2e23f71877ba3dee97c2ec27f1a81,delivered,2017-01-26 20:44:49,2017-01-26 20:55:17,2017-01-27 11:47:12,2017-02-03 12:34:51,2017-03-02 00:00:00
1cf843db5be8c3ec934d6bc2b58e5061,e7e113b513595f22376c653e1bd4f6d1,delivered,2017-08-23 17:20:02,2017-08-23 17:32:46,2017-08-28 21:03:15,2017-09-05 21:45:35,2017-09-21 00:00:00
3aefaf9d41208dba8b2c336def99b00f,5b46a0d983eec8c97363bea78d4a69dd,delivered,2017-10-29 11:59:50,2017-10-30 10:12:39,2017-10-31 18:42:00,2017-11-06 21:18:53,2017-11-24 00:00:00
6b4063646aa51aca70fd0c745ded2155,f010f1ad40cdde76194f3c124c532db2,delivered,2018-02-14 00:16:24,2018-02-14 00:30:25,2018-02-14 23:28:46,2018-02-16 23:03:40,2018-02-26 00:00:00
f829a70601d740aed0868f3aee51da03,9a5933540f93a1f6293effde1e30f5b5,delivered,2017-09-20 08:54:17,2017-09-20 09:05:28,2017-09-22 16:51:54,2017-09-29 13:16:02,2017-10-13 00:00:00
5ebcd996db1f75a4d7b20b792a4a8258,06ea9a21fbcbfe8f45d54cc717db3c7b,delivered,2017-10-16 15:53:52,2017-10-16 16:08:19,2017-10-25 14:03:37,2017-11-03 17:37:55,2017-11-08 00:00:00
477ba53956bcbed8ecfb53c564354a34,e3f08093f6e3b8dfb0fd0c7c165fbc6b,delivered,2018-05-20 11:09:06,2018-05-20 11:38:06,2018-05-21 11:53:00,2018-06-05 17:33:28,2018-06-05 00:00:00
938ae4cc3e41fb0e80467cbd9b3b0b32,2a429fa14ae0251bcd2b942d4f115820,delivered,2018-04-08 20:38:47,2018-04-08 20:50:14,2018-04-09 15:19:13,2018-05-16 23:17:33,2018-04-30 00:00:00
ac04b7f02254500bde942a36fe9ea998,6686e5873a66cdeebd3ca467a27eb655,delivered,2018-03-06 13:44:31,2018-03-06 15:21:07,2018-03-08 10:29:57,2018-03-09 20:35:26,2018-03-16 00:00:00
05a71c571d4602a72418b73366543cd9,b7494292e530fcf77327f1649793a426,shipped,2017-08-18 21:38:07,2017-08-18 21:55:06,2017-08-24 13:23:33,,2017-09-20 00:00:00
c38813ffe793f98e9c552fdd4f0a21ee,a51fd34f17dbb1494058b853b558e419,delivered,2017-09-10 10:12:26,2017-09-10 10:30:22,2017-09-14 22:57:45,2017-09-22 17:37:01,2017-10-02 00:00:00
1fad09d0fdfb8f4f8cdfc1d5be566893,c12786834454ea9bfe60531bc75814cc,delivered,2018-02-18 19:48:26,2018-02-18 20:55:51,2018-02-21 20:07:26,2018-02-24 00:08:31,2018-03-05 00:00:00
489cbb0cbc1600b7b5a6d703004f606a,b6c9508ac754543c016be35d0a3b3857,delivered,2017-07-18 16:05:53,2017-07-18 16:15:29,2017-07-26 15:37:47,2017-07-31 19:07:57,2017-08-15 00:00:00
1d37e36d44b7056e8d613a4214c9765b,995a8d3ce0c9af3522916bd31f4305d7,delivered,2017-09-04 19:01:29,2017-09-06 03:04:28,2017-09-06 17:19:41,2017-09-12 21:32:59,2017-09-26 00:00:00
d883525a20a921f48a549f76c944fce8,01d33ef4c346ccf41a296c1292922cb8,delivered,2018-01-11 16:58:28,2018-01-11 17:08:40,2018-01-13 02:45:12,2018-01-18 20:38:50,2018-02-05 00:00:00
4eae14ba78c6ed873a6d1f11e52326b1,59f287a90462f9dd7101c26cbbcddb9f,delivered,2018-03-26 22:44:01,2018-03-26 23:06:54,2018-03-27 18:51:08,2018-04-05 17:21:57,2018-05-11 00:00:00
183ee0e3ebd4c1c995e5f9ac2d950ee8,81f49a0bc228fb20bc73f85ed36a0c0b,delivered,2018-02-01 19:55:53,2018-02-01 20:14:08,2018-02-02 19:38:50,2018-02-14 19:04:06,2018-02-23 00:00:00
eec4699eb4ec4511a25aead6ed4e6c9b,cd4c3fcb577c9952a9e8d7aaae763e51,delivered,2017-12-15 16:52:44,2017-12-15 17:14:03,2017-12-18 17:18:48,2017-12-28 16:09:42,2018-02-02 00:00:00
dcaa8a5fd8f675e791daccbbbc9caf11,2b2d00cc7790247c69d95d823c8d9c6e,delivered,2018-02-08 11:26:09,2018-02-08 11:50:38,2018-02-08 21:39:07,2018-02-21 11:08:58,2018-03-19 00:00:00
5f149cfaf9ec98e580e5cf5e000b5aaa,bab0097a6b5e99f6b73299e7e1c79a6e,delivered,2018-04-20 07:49:24,2018-04-20 08:10:15,2018-04-20 17:33:54,2018-04-30 20:07:46,2018-05-15 00:00:00
68005513d670f9fc899928aed4963d22,3d9511a1f386dd62e326b7bee5b1066e,delivered,2018-04-11 15:38:50,2018-04-11 15:51:22,2018-04-13 00:03:55,2018-04-20 22:03:32,2018-05-04 00:00:00
42ef77c2949646ec1d09f4f38b249508,87730f978647280a4f4c7a9468f38462,delivered,2018-01-29 14:05:43,2018-01-29 14:38:22,2018-01-31 23:27:48,2018-02-05 23:36:25,2018-02-14 00:00:00
52676562cb2111b7d4ec7c70868bf4dc,ecfdc745368d54527259bf2f3a4ea110,delivered,2018-05-08 21:29:13,2018-05-08 21:52:00,2018-05-14 11:16:00,2018-05-22 15:18:37,2018-06-05 00:00:00
24385221c8f9f6a31323b73db64f869e,ec2e9b399515569e3c86f6263a32794c,delivered,2018-06-21 19:00:44,2018-06-23 01:40:01,2018-06-28 07:27:00,2018-07-03 20:41:18,2018-07-19 00:00:00
54798b68c9437a3dac92d6b957c9d1ab,68ed208f14989bf87c423b4c343db98f,delivered,2018-07-29 11:12:28,2018-07-29 11:25:08,2018-07-30 12:06:00,2018-07-31 16:13:35,2018-08-06 00:00:00
bc79181375f4587d5d412ecafddcbf61,eaa2a67b296ee18d6f41acd4b01bcd45,delivered,2018-01-10 16:47:56,2018-01-11 02:39:36,2018-01-12 21:37:54,2018-01-23 20:29:46,2018-02-08 00:00:00
355730bf737146add585953ad0759407,b148e229c3c9f7260f706caf5ff17d23,delivered,2018-03-08 20:01:04,2018-03-08 20:10:32,2018-03-09 20:32:00,2018-03-14 19:52:23,2018-03-20 00:00:00
0fe9c7ad9288ff24bb738af81a27ef4d,4ad8bd2bde2eecae6aa5a10323c1efc8,delivered,2017-07-14 18:42:38,2017-07-14 18:50:20,2017-07-18 20:17:58,2017-07-20 17:45:56,2017-07-27 00:00:00
0bd742b9af9192bb314ed381e518eb50,267155aade3f34620d2f244df28a04e4,delivered,2018-02-27 18:52:33,2018-02-27 19:10:44,2018-03-12 18:21:51,2018-03-19 20:54:20,2018-03-21 00:00:00
e1b286432c65d0a0e8032aefcdae26ba,e983a1272205857c12416007c4e6c9a2,delivered,2018-02-11 19:47:15,2018-02-11 20:08:02,2018-02-17 01:09:17,2018-03-06 23:04:50,2018-03-12 00:00:00
1422a4b4a2aa8b66fd49ff5557200b42,4b24f5ef0c134fe4d56bb392b3397dcd,delivered,2018-05-28 14:18:26,2018-05-28 14:35:44,2018-05-29 12:04:00,2018-06-04 16:03:45,2018-06-29 00:00:00
7bcfe636f4605ba8f3e44cae6a4058a4,0088393a302a84e57cc69c9d365f5efa,delivered,2017-07-14 12:40:11,2017-07-14 12:55:13,2017-07-17 19:04:31,2017-07-31 14:44:30,2017-08-07 00:00:00
e2301ba70a8f5a2873aaa909c1b2ca33,32300a21d1cf6478f4c03c36dfb4cbe2,delivered,2017-09-06 01:19:03,2017-09-09 04:50:15,2017-09-11 18:27:04,2017-09-14 20:34:44,2017-09-25 00:00:00
f50a129ed971ecf763627e2b2a94be73,fa171236769262c2d8b9c6a9bb1eceb3,delivered,2018-02-21 12:22:01,2018-02-21 12:30:41,2018-02-21 22:22:34,2018-02-23 17:09:09,2018-03-21 00:00:00
46de18c621cff3e0818d8d5fdf66b608,164ab4de2cac9c11b767de9010cd5526,delivered,2018-03-21 23:25:50,2018-03-23 13:50:35,2018-03-26 22:22:50,2018-04-11 23:08:51,2018-04-13 00:00:00
751bac184f225318704b7bbf878bcc52,1fb84b8070e874d735f1b851cd98bdc6,delivered,2018-08-11 22:25:58,2018-08-11 22:35:19,2018-08-13 13:31:00,2018-08-14 18:46:39,2018-08-16 00:00:00
3bc965c0b4230683f63905bfb9f37b57,c15ddef23948be80723bb8b6178b34c1,delivered,2017-04-20 21:17:02,2017-04-20 21:25:11,2017-04-24 08:33:52,2017-04-28 07:32:55,2017-05-12 00:00:00
f6143525a729dbf323eff5f80e6ac979,1ce9aec3049b17c01ba9ee121e402b7d,delivered,2017-08-10 18:20:18,2017-08-10 18:35:16,2017-08-11 21:27:58,2017-08-16 22:06:40,2017-08-30 00:00:00
d39744d1dd7bf8e54f25f8e3aa47bcf3,a5229b3e8acc205650820948973f978a,delivered,2018-01-04 11:32:40,2018-01-05 02:36:22,2018-01-10 18:09:47,2018-01-24 23:58:47,2018-02-01 00:00:00
09de1c09553be98d80e730e53641c515,a7ba98528d4d1bb722a25e574d5a09cc,delivered,2018-08-20 14:16:16,2018-08-20 16:15:21,2018-08-21 15:38:00,2018-08-25 17:02:45,2018-09-04 00:00:00
74bbb7eea3f17308c17374bf5f572b65,3e4be3176a580becb5d751cf0f409c31,delivered,2017-04-21 22:01:50,2017-04-21 22:15:07,2017-04-24 12:07:16,2017-05-02 14:48:19,2017-05-17 00:00:00
9093d1fda3e04c4f34b2cd7b0fc18549,7a091f9ed8eb69891c389f7fe03f19ae,delivered,2018-05-16 20:49:00,2018-05-16 21:13:57,2018-05-22 14:03:00,2018-06-18 19:38:39,2018-06-14 00:00:00
ba7b165e199d438fedf5f04cabb6b5ac,857653b0eb3d3c5634481c63cae0cf69,delivered,2018-05-25 12:02:47,2018-05-25 12:17:22,2018-06-04 13:45:00,2018-06-12 21:34:43,2018-06-29 00:00:00
f365676962cc8bacbfc7a5067e1adb7d,1876a6381923fdefb70429e15e08a078,delivered,2017-12-06 15:00:09,2017-12-06 15:12:05,2017-12-08 17:38:43,2017-12-21 17:32:53,2018-01-10 00:00:00
3e5851bac5137487999e438e2986af8e,febc8698a75e85a4ddf0e78926c1119c,delivered,2018-08-09 16:53:00,2018-08-10 07:10:11,2018-08-13 10:30:00,2018-08-22 22:33:55,2018-09-03 00:00:00
b7be5e58fd37e6165dbb39e8362c8446,021ed85d23b734289c4dd0c827a3559e,unavailable,2017-06-29 18:07:49,2017-06-29 18:23:47,,,2017-08-02 00:00:00
64f5569ef96004a1e1137bdf28fd4c45,abd49ba4cf56e622b951f281361f56ad,delivered,2016-10-05 21:10:56,2016-10-06 15:59:50,2016-10-30 13:27:40,2016-10-31 13:27:40,2016-11-29 00:00:00
151bc75d5cb7b7cf250eee3e3277dead,5201af6599e76f445ebcb42b7e7dc469,delivered,2017-10-15 11:34:39,2017-10-15 11:50:04,2017-10-16 21:15:21,2017-10-20 17:39:02,2017-11-07 00:00:00
ca19d840d5e718f4b8aeec1a40d393ec,a4b8f42e7147acc8be0da5dd43c4c88d,delivered,2017-09-16 21:03:25,2017-09-16 21:15:12,2017-09-18 19:32:45,2017-09-22 21:18:03,2017-10-05 00:00:00
fdb3ef83ea6f7bef7d13bdd9b38da661,fbc1bec47970c387d5f4962d518dd268,delivered,2017-01-17 21:09:40,2017-01-17 21:21:39,2017-01-24 14:49:32,2017-01-26 16:25:11,2017-03-13 00:00:00
adbaec40867ebc582ecbd4a767b0ab6b,2b9cc72f1aace0def73e1719380d329d,delivered,2018-05-12 06:33:18,2018-05-12 06:51:20,2018-05-14 14:47:00,2018-05-22 21:04:03,2018-06-04 00:00:00
3d1c4e2abc39b60c6d972acad25ea459,08ff8ee4ba2dc2a1ad0518273d841e04,delivered,2018-02-08 10:09:35,2018-02-09 02:50:23,2018-02-09 23:21:39,2018-02-15 22:33:31,2018-03-06 00:00:00
49bfd44c750b412b6c1312637fb82abf,2d24fed1756a77452cee7d8dd4375c61,delivered,2017-09-12 15:49:52,2017-09-12 16:04:53,2017-09-15 18:42:27,2017-09-26 18:49:03,2017-09-29 00:00:00
649bcc2d5a5b841c495f9d1f4cb31542,9bab273018cf6c7884419950fb655766,delivered,2017-12-09 20:27:01,2017-12-09 20:38:19,2017-12-11 23:25:01,2017-12-18 19:51:40,2018-01-04 00:00:00
c4d43ff7c0529549e6064083bd2129d3,f6bd36b6574aa85cd8714d2cf4e9d777,delivered,2018-03-03 10:06:23,2018-03-03 10:15:35,2018-03-05 17:48:43,2018-03-06 19:46:40,2018-03-15 00:00:00
68fac48a2dd22ab289df2ce0a499dcab,2cd4fd79fa21cdab9cc8a7de105555ac,delivered,2017-09-09 19:36:44,2017-09-12 05:32:50,2017-09-15 18:35:08,2017-09-26 19:07:50,2017-10-04 00:00:00
e65f6f6787bdbad616a93b96dbadf65c,302eafd08174f2bad74173da1a9ec209,delivered,2018-03-30 20:18:43,2018-04-03 05:28:05,2018-04-05 12:49:35,2018-04-20 20:54:50,2018-05-03 00:00:00
b0f445cca9b6a54ff47e8834c16ba6c1,2e45c5724dae130c031ff723c1ffb5e4,delivered,2017-03-07 16:37:01,2017-03-07 16:50:18,2017-03-10 09:52:15,2017-03-14 12:07:17,2017-03-24 00:00:00
129538e4bc7308e9ab041540283813f2,482da0f3d74585e56f424bacb4d3741c,delivered,2017-03-15 21:50:14,2017-03-15 21:50:14,2017-03-17 06:34:15,2017-03-23 16:08:02,2017-04-03 00:00:00
64cf90af2972e752091fa4a0344c47b7,db29b94a7ae343b96e89071646b56bb8,delivered,2018-06-06 17:10:26,2018-06-07 02:55:10,2018-06-07 10:19:00,2018-06-13 20:33:21,2018-07-18 00:00:00
2d825a962a725110b2647050cc636b3f,6b1901291ad821308850dfe8b4385afe,delivered,2017-11-24 10:21:50,2017-11-24 12:31:38,2017-11-27 20:36:52,2017-12-04 22:45:03,2017-12-22 00:00:00
30acc4fc5f485f20a89c9af9b0b67481,8366ba08152f16bb9b8534350e085166,delivered,2017-08-01 00:02:01,2017-08-01 17:05:14,2017-08-02 12:15:43,2017-08-09 22:39:51,2017-08-23 00:00:00
e687e938b814980b1e99e9e8413f9cac,74b207275c96418c3b8cf697b75db94c,delivered,2018-03-26 08:23:01,2018-03-26 08:35:29,2018-04-02 15:58:28,2018-04-09 18:42:40,2018-04-20 00:00:00
0ec20050bc3b82afe83aa803bff7ff04,d70bca474f0e8b7140711283a2c9fe4b,delivered,2018-04-18 19:17:18,2018-04-18 19:30:29,2018-04-26 15:50:00,2018-04-27 15:23:37,2018-05-10 00:00:00
9ac9a171c52c75836da9ff89487fc78e,395bcba8cc4642f15f4508da8c8ea0dd,delivered,2018-06-18 10:55:52,2018-06-18 12:18:30,2018-06-21 14:00:00,2018-06-26 20:46:40,2018-07-13 00:00:00
f425c83fa6d7f497e5f4a1c243401110,6bbd371a1f2217cc0ad1bc185c0e2894,delivered,2017-06-27 22:36:13,2017-06-27 23:04:24,2017-07-04 14:57:22,2017-07-13 21:04:30,2017-07-19 00:00:00
12c8abab1047518ce64899cb2c2966b7,47f2b930037868546be2c3297f60c82a,delivered,2017-12-05 11:47:17,2017-12-05 11:58:27,2017-12-05 23:49:27,2017-12-12 23:32:34,2017-12-29 00:00:00
e9376d90b28f9cdea83d4d850e4bb1a7,faafae37ddb3e4af81c10a397bcca35f,invoiced,2017-09-01 15:02:24,2017-09-01 15:15:30,,,2017-09-15 00:00:00
55b360b9aeaf1fcec58a18a82b21b957,57205a3f55644a1df9ea81f81aaba2c9,delivered,2018-01-03 16:29:43,2018-01-03 16:46:46,2018-01-05 18:47:46,2018-01-18 13:46:22,2018-02-07 00:00:00
7b54f413e57e620ba1cfca072be00075,a4a5788a4c236f3ff367fdd26547577c,delivered,2017-08-30 00:24:51,2017-08-30 00:36:11,2017-09-01 19:30:05,2017-09-06 19:30:03,2017-09-22 00:00:00
2410734c3fc6d36010cf6b1b36c2974d,9015549e1e0438244f52123c59498fa6,delivered,2017-01-27 23:02:15,2017-01-28 10:33:24,2017-01-31 11:32:42,2017-02-16 16:55:02,2017-03-21 00:00:00
f4f72cbdd627c62c098af2a02c335f37,670eab28ba915090480ea51423be62b6,delivered,2017-08-29 11:04:16,2017-08-31 02:35:20,2017-09-06 11:37:44,2017-09-13 19:22:06,2017-09-21 00:00:00
1314353395f7148ba64400eab34bb50c,3a38cfdf41dbda6098abeacd30ec2d3e,delivered,2017-11-27 09:22:59,2017-11-27 09:33:29,2017-11-27 16:33:11,2017-12-15 21:29:37,2017-12-20 00:00:00
4dea917f3fa605c7d6eff1a97a207768,11b7e0e29ddb9d0f4831982cc89cd620,delivered,2017-06-13 12:29:44,2017-06-13 12:45:49,2017-06-16 14:35:34,2017-06-27 14:51:52,2017-07-06 00:00:00
6ee212cd1fba9e136d4fd88010a0739d,22dd817ef8b0603835a39da9ef340f5f,delivered,2017-08-08 14:58:28,2017-08-10 03:15:56,2017-08-10 20:08:03,2017-08-14 20:43:02,2017-08-21 00:00:00
8adc7186d6a1385039f0717a994aaae6,43eebd9e1ce82376253188e323775296,delivered,2018-04-20 11:35:24,2018-04-20 11:54:44,2018-04-25 02:32:23,2018-04-30 15:38:53,2018-05-18 00:00:00
fd4bcae925b879102eb780d2bfc495a8,4f75899b8f7b903d7295eb12dcedb330,delivered,2017-10-09 11:34:21,2017-10-11 03:35:38,2017-10-16 21:34:53,2017-10-19 17:31:44,2017-10-30 00:00:00
26f4092024d63d808ee0788922431d05,ea17e2150f0336959c9ea3b20aee4db5,delivered,2018-05-20 18:16:54,2018-05-20 18:30:16,2018-05-22 08:46:00,2018-06-08 08:32:44,2018-06-21 00:00:00
7ac6f4778cd283c6b76c66fe1e0d4431,ed8be358abd6a8b37ba8cc9d485e7bbb,delivered,2016-10-07 10:11:42,2016-10-07 11:22:48,2016-10-15 12:38:53,2016-10-18 17:21:51,2016-12-05 00:00:00
b03db53a37db1313505cb24d4fe05052,7569ea856f1959d0371e70135efb6df7,delivered,2017-10-16 17:27:35,2017-10-17 04:09:30,2017-10-18 20:12:35,2017-10-27 19:57:57,2017-11-03 00:00:00
7b2e128ff26556462b7d217f1b67600b,f57d3db30585e5fe7bb1649ec4b1bc32,delivered,2017-10-27 14:57:21,2017-10-27 15:10:07,2017-10-31 21:08:28,2017-11-22 22:58:28,2017-11-17 00:00:00
8c08df56684ae2bb49a58393665eee49,6575f0577a2dcb81abb952843b9daa7c,delivered,2017-07-23 21:16:53,2017-07-23 21:30:20,2017-07-27 19:45:32,2017-08-03 17:42:58,2017-08-22 00:00:00
0a671900301b8fcb176e26d685aa7fb2,383302d43ca2506b3170ad8cba658b95,delivered,2017-10-31 21:42:47,2017-11-02 02:31:19,2017-11-03 23:18:51,2017-11-06 21:26:47,2017-11-10 00:00:00
f36cda6db10b2dddb208bf63a6ef8dfc,bb15c99f5519bbc27a55868e043216de,delivered,2018-06-03 08:39:18,2018-06-05 03:55:22,2018-06-05 15:33:00,2018-06-11 14:21:36,2018-07-16 00:00:00
065a7d9057589f809082e012f696cb5d,0410837784e2dbaa9a557a94d9975b14,delivered,2018-04-11 10:48:09,2018-04-13 12:34:24,2018-04-18 13:46:46,2018-05-02 21:04:34,2018-05-14 00:00:00
30290113513bda95268bb542dfa87acb,ecd4901725ab74781a930b41d7417b01,delivered,2017-10-21 22:17:06,2017-10-21 22:35:14,2017-10-23 17:54:11,2017-10-30 21:41:37,2017-11-29 00:00:00
fa6d3eb110ceb1c2b98c7d158c6d1671,7959f0273106fae265f111d071c1fbfa,delivered,2017-02-06 14:56:42,2017-02-06 15:05:25,2017-02-07 14:43:50,2017-02-13 07:15:09,2017-03-06 00:00:00
30bfd28e95a1e63924d71084f47c8ae8,42036e4de06b7da80343d54330dfd3de,delivered,2018-04-22 14:36:43,2018-04-24 18:55:33,2018-04-24 18:51:06,2018-04-30 16:21:21,2018-05-15 00:00:00
3663c0f887191044441077fb3564dc94,da0d6b89a4173638a2b43ea9c099765b,delivered,2017-09-29 19:43:25,2017-09-29 19:56:16,2017-10-02 17:52:38,2017-10-05 18:40:30,2017-10-23 00:00:00
fc39eb893101639217a80a552d1c16f3,a9703ec88ee79c7462a216dfeaeea50b,delivered,2018-01-11 14:56:58,2018-01-12 02:35:40,2018-01-13 00:09:24,2018-01-24 13:08:09,2018-02-07 00:00:00
c29b0d97f5a9e53bc9d5449d4c8378de,036747722c993c40f22a72d23ebd5a45,delivered,2017-07-08 20:31:56,2017-07-11 04:15:33,2017-07-11 19:23:25,2017-07-13 22:17:45,2017-07-21 00:00:00
de8b633e3fbc018e05354a54fbc8fff0,1a0e67acb719bb00bcee2e586ff3a2d8,delivered,2017-07-20 11:56:35,2017-07-20 12:10:09,2017-07-24 18:25:56,2017-08-04 19:35:43,2017-08-15 00:00:00
ce54af4e3da631822ae6be14ed5bee6a,e4636bdf9d42e9f4b6c0b5bf7ec7dbf5,delivered,2018-06-25 11:08:17,2018-06-25 12:13:28,2018-06-26 14:17:00,2018-06-28 22:12:33,2018-07-19 00:00:00
19b37f1efa2ddaf265496e78e245c19a,397860a986b2ba52addbf1178aa4e378,delivered,2018-08-07 00:13:51,2018-08-07 00:25:11,2018-08-09 08:20:00,2018-08-18 02:32:16,2018-08-15 00:00:00
21e43bdf56e1d32ad5bf113b604fc4f2,7fdecfe159e2f89af435668f6a1dd4dc,delivered,2017-12-05 15:00:56,2017-12-05 15:14:55,2017-12-06 18:28:48,2017-12-11 23:18:51,2017-12-29 00:00:00
7279d972e64c7ecfee553ae7b61480e4,2a0a7b746b977709c057f7f8cdf4ef49,delivered,2018-04-14 14:34:56,2018-04-14 14:51:58,2018-04-20 00:21:20,2018-04-30 20:51:37,2018-05-22 00:00:00
8b47e7e04a986e036f10ab10bae91a4b,afe72ed049ec9d0b2197c39828695745,delivered,2018-05-11 12:27:18,2018-05-12 03:32:26,2018-05-15 09:58:00,2018-05-24 13:16:42,2018-06-01 00:00:00
b9386feadadb8bc45d250345f27ac180,a0d14322c2c081915c5b59c56418469f,delivered,2018-07-04 16:02:31,2018-07-05 17:01:24,2018-07-05 15:18:00,2018-07-12 14:51:10,2018-07-17 00:00:00
2b4bc6bc210c5033966e5f88858ea019,1cd5de8b2acfd7667f7529070932081f,delivered,2018-04-27 08:33:47,2018-04-27 08:53:16,2018-04-27 12:19:00,2018-05-08 20:52:48,2018-06-01 00:00:00
2f2515a56e37c1a0693812cc6c009f0a,8624224187c687572378a68f86248076,delivered,2017-05-23 10:24:06,2017-05-23 10:30:25,2017-05-23 13:55:38,2017-05-26 14:13:42,2017-06-14 00:00:00
d454d6650d375ebc3f9667a4d2fe161c,7ae2a9337aa4bc799723511faa1d6830,delivered,2018-05-10 09:12:16,2018-05-10 09:35:13,2018-05-10 09:11:00,2018-05-11 18:58:28,2018-05-23 00:00:00
69877d0aa8f3f125ac5dbdc5215dbbd4,6dd1e15c0700a319d692f9cd2f556b27,delivered,2018-04-19 13:58:05,2018-04-19 14:13:00,2018-04-23 19:58:45,2018-05-04 21:06:59,2018-05-15 00:00:00
6732c97d4cbdac9ed23b4c7148f61590,bb806eb42447acd43835418cb81290c7,delivered,2017-03-01 20:50:51,2017-03-03 02:30:24,2017-03-03 10:08:10,2017-03-09 06:54:00,2017-03-24 00:00:00
3b773756d8fc59a7cd1a0c4ac584e397,22be9dd12bf9b04ef446b193422db6f9,delivered,2017-05-11 14:20:51,2017-05-11 14:35:12,2017-05-12 10:02:58,2017-05-22 13:18:07,2017-06-13 00:00:00
afe333c1956628d870ce89ad385f4e9b,65cb3cef0d6348041780a2d6da35a259,delivered,2018-08-16 06:00:25,2018-08-16 06:10:08,2018-08-16 14:52:00,2018-08-29 13:32:32,2018-08-31 00:00:00
c96496058fe55b7e844cd5e3a2562f85,9d523ec1adfaf85fd0dd5835b1884b75,delivered,2018-08-21 10:38:28,2018-08-21 10:51:04,2018-08-21 13:30:00,2018-08-24 21:08:45,2018-09-06 00:00:00
b31c7dea63bb08f8cdd1ec32514ccf0b,2a351c540a0cbdd0d9c266626f6d3acc,delivered,2017-09-26 18:35:35,2017-09-26 18:49:09,2017-09-29 16:23:06,2018-02-05 21:25:43,2017-10-19 00:00:00
f8db134d4ac3747d627adb962ec08f73,092389b0ad58d08590243690dc4db793,delivered,2017-05-16 18:59:44,2017-05-16 19:15:11,2017-05-17 08:11:33,2017-05-18 13:22:18,2017-05-29 00:00:00
7b08dd2c26ff1dadf52d5124cd43d01e,bb63cffe29f15ecaf4a7b292af273557,delivered,2018-01-04 11:43:51,2018-01-04 11:52:26,2018-01-08 19:50:24,2018-01-12 20:03:48,2018-01-31 00:00:00
d83ed20d296bdd288f45b29843643bc9,095d50f9052522bfd261ae0a5725abab,delivered,2018-02-26 11:12:17,2018-02-26 11:31:18,2018-03-12 21:27:36,2018-03-27 15:48:50,2018-03-21 00:00:00
95c9ce1fdafddf9a5d87142c464aa09d,760a013f293370ac8661971c593fb4f2,delivered,2017-04-29 23:40:45,2017-05-03 15:32:51,2017-05-04 15:04:48,2017-05-11 14:38:05,2017-05-23 00:00:00
9e96be941daa62b6b3eb0b074ba23a9e,e29a1778f74d431f75bbf30faecbd844,delivered,2017-11-15 13:15:01,2017-11-15 13:26:31,2017-11-28 15:48:57,2017-12-09 12:45:45,2017-12-14 00:00:00
c206a65ab93069f7a79c0ac5f4512e02,c7701ffd57ad3233140171c173d25953,delivered,2017-07-08 11:00:36,2017-07-08 11:10:15,2017-07-10 17:37:50,2017-07-13 15:38:12,2017-07-21 00:00:00
4c480567d1db63cffddc552638c35d8f,9b74cd824a37742f10285243d2c0ad7f,delivered,2018-08-04 19:48:47,2018-08-04 20:04:17,2018-08-06 18:18:00,2018-08-10 15:21:26,2018-08-22 00:00:00
fde8ee361a63b2ee323ac574ee41524f,e851a26670db4bfe21aa1f87177c40f1,delivered,2017-09-05 22:42:29,2017-09-05 22:50:27,2017-09-08 21:34:01,2017-10-11 18:46:50,2017-10-05 00:00:00
c5f2fc1736e716e61d88a8b5b6425603,78b3ea1b4db59453eb9231249c2f0d67,delivered,2017-08-05 18:41:44,2017-08-05 19:20:05,2017-08-07 23:54:29,2017-08-14 17:33:36,2017-08-31 00:00:00
09b8c1e504ab1fce7031c710bd8558d6,53344341e1300beda6e4cdae3b6b3496,delivered,2017-09-13 17:04:49,2017-09-13 17:27:41,2017-09-14 15:16:26,2017-09-15 18:32:48,2017-10-02 00:00:00
a640d10af396f0aa5f1c751f1f976bdc,e8c1eb3944f119033a19a867e469782c,delivered,2017-11-15 12:30:19,2017-11-17 03:35:40,2017-11-17 13:21:34,2017-11-20 14:09:14,2017-11-29 00:00:00
04323742e042716e4427a5b3536ea08f,ec2d2a258b058be97d409669ab436028,delivered,2018-04-23 00:34:50,2018-04-24 17:43:07,2018-04-23 21:21:18,2018-04-24 21:44:36,2018-05-10 00:00:00
4d3144d146f15c73378b715f90be85b9,81a742c53ac122ce220bd67609a7d935,delivered,2017-03-20 11:52:44,2017-03-20 11:52:44,2017-03-22 10:22:48,2017-03-30 17:33:11,2017-04-10 00:00:00
96006ddb955ba7f1a9e86d986f6149f3,a9d55da2151a33741cee50d084e410e0,delivered,2018-06-28 02:01:20,2018-06-28 09:10:28,2018-06-28 08:10:00,2018-07-03 23:03:29,2018-07-20 00:00:00
61d6fb5d839877cf9795ee80fd081935,889c102407310c5de98fdf30280af7bd,delivered,2018-04-11 16:01:04,2018-04-12 11:15:23,2018-04-12 20:51:51,2018-05-21 20:49:48,2018-05-07 00:00:00
eeecf0540c4a674f123d57397790b15e,c97f40e1ef3030fe5d60dfdbc045a233,delivered,2018-03-31 06:19:08,2018-03-31 06:30:11,2018-04-04 18:41:45,2018-05-09 11:48:50,2018-04-25 00:00:00
d233630561c3babf58e2ca3c0ca52bd2,52586a86015b83c57d03c1ce23f96192,delivered,2018-02-01 14:45:43,2018-02-01 15:10:15,2018-02-02 19:51:57,2018-02-14 20:29:08,2018-03-05 00:00:00
2783cfcf916c2cef168f19a7a2e45e45,b9633b9cf51f58d7c6facdc197862501,delivered,2018-07-25 09:23:57,2018-07-25 09:35:21,2018-07-25 13:47:00,2018-07-30 14:51:40,2018-08-13 00:00:00
10670df5f8bf4bf17a02524ee39b5b0b,ff5b7f0a6e7a161b5a66bc56a49b7250,delivered,2018-06-08 18:43:32,2018-06-08 20:31:45,2018-06-11 13:47:00,2018-06-19 17:36:49,2018-07-05 00:00:00
7766424657aa0cfbf1703f9550144964,35b6b3b06cd4b2101cfabfb5429dc028,delivered,2017-08-08 11:24:19,2017-08-08 11:43:36,2017-08-10 16:42:52,2017-08-11 20:21:56,2017-08-23 00:00:00
64b644100b812930de2286f0b999ece7,aa9d79a05d874fe96ece63ecf1ec008a,delivered,2018-04-19 11:28:09,2018-04-19 11:49:26,2018-04-20 18:46:46,2018-04-27 18:04:24,2018-05-15 00:00:00
db60e917f3e707779a0efd2b52354951,88be27a75dbfc841ea1fec58b8fbb33f,delivered,2018-01-29 11:24:25,2018-01-29 11:35:28,2018-02-02 00:42:58,2018-02-16 21:14:00,2018-02-23 00:00:00
ba6b736a4a402bcefa049a41b3a98c55,b1c8eaee7a170ae1856abe4fdbe8091a,delivered,2018-02-16 01:32:33,2018-02-16 02:35:18,2018-02-16 16:53:15,2018-03-14 18:42:08,2018-03-16 00:00:00
a4765431be6613d760a9cf57da14b9ce,cf74f48501be9e76c1c3506c39a187bf,delivered,2017-10-27 14:39:49,2017-10-31 04:10:21,2017-11-10 20:22:04,2017-11-21 20:59:54,2017-11-14 00:00:00
c41b4bf6e36acb1b2b50d976ceda84a9,3d10d3d5947319b132a01b9332e5b437,delivered,2018-02-19 16:04:42,2018-02-20 07:27:21,2018-02-21 18:23:30,2018-03-05 21:23:03,2018-03-13 00:00:00
ab99e730d7d27b4d197f5cae9303170f,87514386742f25a6bc39e30c562a1bb5,delivered,2017-03-15 19:48:58,2017-03-15 19:48:58,2017-03-17 13:13:03,2017-03-23 14:53:45,2017-04-10 00:00:00
88223c3979b0dac8b52690966235efbd,addeb8729d2995e56078e6787858960f,delivered,2018-04-02 12:45:17,2018-04-03 05:10:34,2018-04-04 00:57:36,2018-04-24 02:04:47,2018-04-27 00:00:00
f845b688b88cb588500bc10d0a3bcebe,aefd9c7be7476b75bef2a79a4e169a6e,delivered,2018-01-30 14:33:07,2018-01-30 14:55:13,2018-02-01 17:53:29,2018-02-10 02:23:03,2018-02-23 00:00:00
d8f309041b7d515605c0d4fd15b12db6,16ed990d94eef3d79216c2ff23124700,delivered,2018-06-10 20:08:36,2018-06-10 20:31:57,2018-06-13 11:13:00,2018-06-14 23:52:41,2018-06-21 00:00:00
4e1545ab101855b3e843d794ab1d3081,93f6dcaf88e3a3c3a207c97b607568d6,delivered,2017-06-13 19:11:52,2017-06-13 19:25:48,2017-06-16 13:25:31,2017-06-26 12:49:52,2017-07-21 00:00:00
cdae097ae448ea48b9b45e2b3569e9b6,c33c19eea4404b369fca569a72a7b35f,delivered,2018-07-04 20:50:40,2018-07-05 16:24:39,2018-07-19 09:34:00,2018-07-20 17:37:29,2018-07-25 00:00:00
4b2f4bcfaf2147dc60b9f86452ac885b,7c1c48b350bc4c1b1e668ecb7000e05b,delivered,2018-01-07 12:47:22,2018-01-07 12:56:50,2018-01-10 21:53:07,2018-01-15 16:03:52,2018-02-06 00:00:00
e8596a031f6814efc9b04e857f053ac6,a3c2953e0ee33d6881da8b52956198b2,delivered,2018-07-30 21:54:34,2018-07-30 22:40:06,2018-07-31 11:32:00,2018-08-03 01:52:26,2018-08-09 00:00:00
122804b6e70597eca700595473d8297b,e24936459392dc2e3f09cfacc083fbfe,delivered,2017-07-15 12:41:12,2017-07-15 12:55:13,2017-07-17 21:23:26,2017-07-24 20:46:30,2017-08-08 00:00:00
0d2ab5712ce82b9059da04a32ded871c,44288378c0d673fb42ce3c526c627978,delivered,2018-02-19 09:07:09,2018-02-19 09:26:56,2018-02-19 18:57:36,2018-02-27 21:45:26,2018-03-12 00:00:00
17eba629ec542978d1ea929d473d4f19,9a07fda0035700318ceb77ce80c7e42d,delivered,2017-02-04 20:09:10,2017-02-05 20:15:18,2017-02-07 09:41:35,2017-02-14 15:24:06,2017-03-15 00:00:00
26298a4e971b2abb0e472ae55f3a6cd0,c9f60908f2a9d84ff48f4650386eca94,delivered,2018-03-27 23:53:33,2018-03-28 23:50:12,2018-04-03 20:44:42,2018-04-23 21:18:26,2018-04-18 00:00:00
7704a0d92762105c0ba272c37a94b5ca,09ed4e9b4faf4f69fecc31273d565cdd,delivered,2018-05-11 09:53:14,2018-05-11 10:17:33,2018-05-11 15:01:00,2018-05-14 13:58:55,2018-05-22 00:00:00
f0ef2d37f5d4b3f8afaafa9a8a5bc58f,b5be0356146696b0db07f1ce08bd9092,delivered,2018-08-23 00:13:49,2018-08-23 00:25:21,2018-08-24 15:59:00,2018-08-27 23:31:59,2018-08-30 00:00:00
d85d798c30de34a10899fc8df46b330a,1da38ee263b59ad3ae82cdd4d75715a8,delivered,2018-02-04 21:23:24,2018-02-06 03:51:11,2018-02-07 16:37:07,2018-02-19 12:58:55,2018-03-08 00:00:00
3bed3182d08ce9d8c2e2a849db8a2257,b37279e6c509b47596afcd9ab407f3f1,delivered,2017-08-31 09:05:03,2017-08-31 09:15:14,2017-09-01 22:44:57,2017-09-04 16:30:11,2017-09-13 00:00:00
a831481fe241b8d8bc08c53fc98012b9,497cf630dd41e00e2a185a9e0cc5e02e,delivered,2017-10-23 14:35:53,2017-10-23 14:49:24,2017-10-25 14:32:32,2017-11-08 20:48:41,2017-11-24 00:00:00
8092a1edb9b302ea942c2671edf4737c,13bc08879933f8f9cd854bdb25fb8f56,delivered,2018-06-29 15:27:05,2018-06-29 16:11:39,2018-07-02 06:50:00,2018-07-05 23:33:15,2018-07-19 00:00:00
70c06583df3a26d0a632b3205baee66a,2a448cc5163cff9c1b88d9f7848900dd,delivered,2017-08-23 16:17:41,2017-08-24 03:06:33,2017-08-25 20:14:31,2017-08-30 21:05:11,2017-09-19 00:00:00
54f9756bd9148ebde702040750fa59de,4731d6ffe1259974fe8f535d39df0ff9,delivered,2017-12-22 16:44:28,2017-12-23 02:18:26,2017-12-26 17:45:13,2017-12-28 22:44:20,2018-01-12 00:00:00
b064d82b485fff92c7c15d344bfd7e6a,30b6c3b445d8760d7caf8fa0dba0647b,delivered,2018-04-16 01:22:47,2018-04-16 01:32:03,2018-04-21 00:36:48,2018-05-04 23:08:28,2018-05-14 00:00:00
748934084b439ea1404df1dd5a8b238d,afb521dc2727e7e421365918326a4223,delivered,2018-07-07 16:39:55,2018-07-10 04:25:25,2018-07-12 14:54:00,2018-07-13 18:44:53,2018-07-23 00:00:00
0911316604300fefa8aef39f81380c66,783d82c1a8f9a43b9309e0ef3d2be665,delivered,2018-07-05 11:41:36,2018-07-05 18:10:50,2018-07-06 11:16:00,2018-07-10 21:18:49,2018-07-18 00:00:00
9b91ddcbd6cbceb83d4fd2462ca1f95e,6152d0774bbbf74f7140541c0569dafa,delivered,2017-01-05 14:22:02,2017-01-07 03:44:09,2017-01-11 16:25:57,2017-01-16 16:32:52,2017-02-01 00:00:00
0b9b1c5bbb14862e0e96660280048b04,2bd46622c473bea1ca8f10e37be933ec,delivered,2018-06-04 14:34:15,2018-06-04 14:51:11,2018-06-05 15:10:00,2018-06-06 17:59:05,2018-06-28 00:00:00
81d5d6bcd0acfd69fbae85ff8620a6e2,534525d2977800ab718182e9731f540b,delivered,2017-11-26 09:55:23,2017-11-26 10:11:13,2017-12-12 23:04:20,2017-12-18 23:19:18,2017-12-22 00:00:00
6a2e09d7d2755c778b119d0b74d4d431,6eb6e7b6a901ac22a2e5949e1f3151e8,delivered,2018-02-23 17:41:54,2018-02-23 17:55:30,2018-02-27 18:09:45,2018-03-08 16:53:36,2018-03-16 00:00:00
376c03b8851464f42300b1a04881d739,418b556d05e82d296b2539d2d7cdfc83,delivered,2017-12-03 11:51:39,2017-12-03 12:11:59,2017-12-05 16:27:16,2017-12-11 19:09:37,2017-12-27 00:00:00
ae97d3198a682804e9f5bfacfe13355a,ec133927f79d0d8ae1936711d7b44dde,delivered,2017-10-25 19:48:02,2017-10-26 20:55:44,2017-10-27 22:43:50,2017-11-13 17:35:12,2017-11-21 00:00:00
6948d508c3ef371871d70a9ba491c336,e0b6d9f3f3cf18ceec4b277eaa578c0c,delivered,2018-02-04 11:25:15,2018-02-04 11:35:25,2018-02-10 12:33:37,2018-02-27 23:43:39,2018-03-05 00:00:00
ee24a4c9f2a2d7aa315838be51c92fd2,cdd80b2081f42efba588cac314068473,delivered,2018-05-11 17:14:26,2018-05-11 18:06:57,2018-05-14 13:01:00,2018-05-23 14:48:57,2018-06-06 00:00:00
881e6608d8b7f15fc4133a04c4933e48,3bc0dbe0cab89238bc8969272e4f303d,processing,2017-05-07 14:06:45,2017-05-08 17:50:15,,,2017-06-01 00:00:00
5bcf5ca118d9e81440bf98e26c943255,3bfc0927d77dfbf1e3a0fb4ca2162789,delivered,2017-08-27 19:01:23,2017-08-29 04:31:04,2017-08-30 20:26:15,2017-09-05 21:05:37,2017-09-18 00:00:00
1b04338248209667c231e726e312c9fd,a74f9046c11424a57efb412e278aa175,delivered,2017-07-11 12:17:53,2017-07-11 12:25:18,2017-07-14 21:54:43,2017-07-20 19:21:45,2017-08-09 00:00:00
57829c554e00894996ac7cdc85692e8f,58c91b2ec8eb157ed2315e16df70d236,delivered,2018-04-14 18:58:28,2018-04-14 19:11:06,2018-04-16 22:06:38,2018-04-24 21:18:53,2018-05-23 00:00:00
d9855ff1d7520c1c5397b65164c32477,55846a9bb9076de56da44e430349ad1a,delivered,2018-04-18 23:10:40,2018-04-18 23:30:38,2018-04-27 14:13:00,2018-05-02 14:06:35,2018-05-08 00:00:00
96de2b7f7f3c401fbee3eef068376da6,eec30b788184a6d93954fd5e82c48add,delivered,2018-01-01 20:11:53,2018-01-03 04:33:31,2018-01-05 23:44:37,2018-01-10 19:46:50,2018-01-24 00:00:00
9570b858d92d0c29cd331a7326b84ac6,46f6474f7fa4d2600e0f97435c8826b5,delivered,2017-02-09 11:35:41,2017-02-10 02:45:30,2017-02-10 13:27:42,2017-02-15 10:12:27,2017-03-20 00:00:00
932c7d98b6333c885409e2205bcb6141,08fd1f647fb132970cc8e3ee6c9075d9,delivered,2018-04-05 23:26:03,2018-04-06 23:29:07,2018-04-10 00:11:51,2018-04-17 23:16:34,2018-04-30 00:00:00
b1526359b93e19d491c0eaa5b2c053ec,02d8426ded4654ed60b46ddd6d1a4f8c,delivered,2018-05-01 14:21:26,2018-05-03 08:32:08,2018-05-04 11:04:00,2018-05-24 16:28:36,2018-06-08 00:00:00
50dca53ca33b739bef09e7933e8b380e,d0580aed7f303a707d93b00b84c591a7,delivered,2018-07-14 09:47:09,2018-07-14 10:04:14,2018-07-17 07:02:00,2018-07-21 11:21:21,2018-07-30 00:00:00
4caecf79f2dfbc0304ffdc8637ff5900,e82b65e2b591d7d01e803b11299bf0f4,delivered,2017-06-06 10:03:27,2017-06-06 10:15:10,2017-06-07 13:38:42,2017-06-16 17:03:57,2017-07-07 00:00:00
8fa4704d89e249323dcdc1d6d2674caa,64ab623e271c29cae5c13e16c141f333,delivered,2017-10-15 15:28:52,2017-10-18 02:57:20,2017-10-18 16:29:17,2017-11-08 18:31:45,2017-11-09 00:00:00
2c287808b2feef34a4a25e5337bb08e1,2ef4772e08a92ee1d12f3295ac099d11,delivered,2018-07-17 19:56:55,2018-07-17 20:10:18,2018-07-18 13:34:00,2018-07-25 21:12:19,2018-08-16 00:00:00
dcec6d766a2bc76144372192c66bbe87,531262526865df96d0364f70e06eacd0,delivered,2017-07-20 10:36:22,2017-07-20 10:45:20,2017-07-20 23:03:03,2017-07-24 19:34:32,2017-08-02 00:00:00
30b0387ec944061d4b677460b14309f0,b885371ff1e5310cbc46d0f3d1fbbc60,delivered,2018-04-05 18:20:39,2018-04-05 18:30:17,2018-04-11 15:42:41,2018-04-18 13:16:55,2018-05-04 00:00:00
5928d420527d13a50a884bc80c6ea676,5393412c9014929b2ce82cd29def8553,delivered,2018-07-03 15:26:45,2018-07-05 16:19:51,2018-07-04 13:41:00,2018-07-09 16:07:27,2018-07-30 00:00:00
b8c123fb1b26f1adfb0d6f9d17255de7,55078458f6622b6a47faf210f19c838d,delivered,2017-12-28 11:27:49,2017-12-28 11:37:22,2018-01-04 23:07:30,2018-01-17 18:02:50,2018-01-17 00:00:00
dd0611161b5da88aac7b99d9c6cd41d6,148078d68b6cdee7fb155cfd58d29bfa,delivered,2018-01-31 13:33:56,2018-02-01 11:50:26,2018-02-06 17:06:08,2018-02-27 21:42:18,2018-03-05 00:00:00
77de2b6b4ddbe44561245ee168593b5e,080be1fb261fa4104673e0388e5ed508,processing,2018-02-11 20:30:24,2018-02-11 20:49:31,,,2018-03-06 00:00:00
030e16ae69706dde9e78557f9b501657,a33361b4c45890c7b762296a3eec1f9b,delivered,2017-05-26 16:12:07,2017-05-26 16:22:52,2017-05-30 16:26:23,2017-05-31 11:25:46,2017-06-08 00:00:00
cf439d61252ef55f81ce2e531d64a275,aee0e70971aa92341d9c81d57319d6ee,delivered,2018-05-15 16:45:05,2018-05-15 17:37:56,2018-05-16 13:49:00,2018-05-23 21:32:42,2018-05-29 00:00:00
15835fb051f32800c847b351f2a31f9b,7c0a001c31242de2b27991f4f0fca4a1,delivered,2017-02-13 21:14:23,2017-02-13 21:25:13,2017-02-14 09:16:46,2017-02-21 14:21:44,2017-03-14 00:00:00
3585d13e3147a56c82596757cff8c66c,7dac8e502779cdc34ef4e6ead6b5d576,delivered,2018-04-25 22:12:49,2018-04-25 22:31:34,2018-04-27 10:16:00,2018-05-08 16:08:32,2018-05-10 00:00:00
10cba0be7bc27288b512d87a719b97e5,5e7f31c7eb308dde013b9cd6f31ac8bb,delivered,2017-05-12 15:01:20,2017-05-12 15:10:17,2017-05-15 14:39:40,2017-05-16 18:21:37,2017-05-22 00:00:00
3b4ccaa47ae0c0d6966133bcdb0c8ad4,d7c999073dcd1bce8c712cbbee9e30b2,delivered,2017-12-03 16:06:11,2017-12-05 04:11:39,2017-12-06 18:58:56,2017-12-29 15:43:34,2017-12-27 00:00:00
0a7d898c6305101e69e9f5a05cd0130d,3960b54ae7f5ec5965a08bf94efc2411,delivered,2018-06-12 16:38:43,2018-06-12 17:13:47,2018-06-14 12:25:00,2018-06-29 21:15:46,2018-07-11 00:00:00
4042753ccc5a8c7ab778aa7856ca6230,9cb76e2e1b7aa98660472611bed4874b,delivered,2018-05-02 00:41:13,2018-05-02 00:56:44,2018-05-02 14:17:00,2018-05-08 15:52:49,2018-05-21 00:00:00
5a008db40659290cadbe2a57493bc273,abcbd85506e144160bee308811967a35,delivered,2017-09-19 23:46:28,2017-09-21 02:50:59,2017-09-27 19:09:12,2017-10-04 20:53:10,2017-10-05 00:00:00
851edd7bad3021e86dd7fa72e9a5688a,904c9a7f393dd1602377ebac952caf80,delivered,2017-07-14 14:34:28,2017-07-14 16:35:13,2017-07-18 19:03:23,2017-07-26 20:23:24,2017-08-11 00:00:00
bd1addb3e998af6689dacf2d7619ece3,4d640f85482c23980bedcc13a8219e23,delivered,2018-05-03 22:54:35,2018-05-03 23:10:40,2018-05-08 16:52:00,2018-05-10 23:14:59,2018-05-24 00:00:00
4bc05b9413beec5d8360baac48258100,a78562d82bc91b39f93a7e43dc5122f2,delivered,2018-07-11 22:17:40,2018-07-11 22:26:26,2018-07-12 13:32:00,2018-07-24 09:31:05,2018-08-07 00:00:00
06ff862a85c2402aa52dc9edf150bf30,0a978c825ff7d013133ddc7f77566172,delivered,2017-11-30 13:31:08,2017-12-01 11:30:56,2017-12-01 17:51:53,2017-12-28 22:27:57,2017-12-28 00:00:00
fdf8844cd505f957ba4349c95ad5357c,fdcf8902237d2c8986eaa7fe344542c9,delivered,2018-06-27 10:20:51,2018-06-27 11:06:46,2018-07-03 14:12:00,2018-07-09 19:03:08,2018-07-24 00:00:00
ce5f7f7ad317c7433154353ccd683f5b,739ad04dbd001a664c854b570c40b07b,delivered,2017-10-25 13:39:20,2017-10-25 13:49:45,2017-10-27 17:58:51,2017-10-30 14:46:52,2017-11-07 00:00:00
1e988c7630b31701946a24a362ae9dd7,57d95ce76c2b8f88a38fee409eee5fa5,delivered,2018-07-19 08:40:59,2018-07-19 08:55:29,2018-07-20 15:32:00,2018-08-02 11:17:38,2018-08-08 00:00:00
23450be385c992f3c2a398025c48db20,fa67ad79c559ad64c2831dfb5103a716,delivered,2017-12-16 20:06:22,2017-12-16 20:16:24,2017-12-18 16:14:38,2017-12-19 22:12:26,2018-01-05 00:00:00
785c89d4e249aa8f0ec838dded807fd1,6855f38cbbe15fbf194c2a7153cb1084,delivered,2018-01-07 13:21:41,2018-01-07 13:29:31,2018-01-10 18:46:27,2018-01-12 20:57:01,2018-01-24 00:00:00
1ce397b1df28355ed4f928b2b322db98,40ddde594ee634dc7553a1db8c39275e,delivered,2017-03-20 10:44:52,2017-03-20 10:44:52,2017-03-22 12:16:42,2017-03-27 15:13:15,2017-04-06 00:00:00
6ff5660ec1019c0a3c3f90871174467b,b63498f62744d6304da09ded0cab9677,delivered,2017-07-28 21:03:52,2017-07-28 21:15:21,2017-07-31 18:03:07,2017-08-10 18:49:58,2017-08-21 00:00:00
7affac81820aaf2175139fb5e1f2b4c0,1e786e4256c8012edd4a951d80a06718,delivered,2017-02-13 15:23:18,2017-02-15 03:03:39,2017-02-16 03:37:44,2017-02-24 17:42:47,2017-03-14 00:00:00
bc04e2bb63324cc86f60dccdc3f568cf,0ab59d45d567a5ccce8b3404fb5b44bc,delivered,2017-11-01 14:08:32,2017-11-01 14:31:32,2017-11-06 17:58:47,2017-11-15 15:21:34,2017-11-29 00:00:00
cf753c9874f18f99ba2ae6ae04632905,a9b0200cc7ddf5f4d78a31ad5b0ddfc7,delivered,2018-07-31 19:39:47,2018-07-31 20:20:14,2018-08-03 11:10:00,2018-08-06 22:58:51,2018-08-13 00:00:00
d8ff321383376dc17f0dc69b56fecffe,c44591b0739eb5323ce32b31619a6396,delivered,2018-02-08 19:05:16,2018-02-08 19:40:29,2018-02-09 19:38:44,2018-02-16 17:16:55,2018-03-12 00:00:00
ff85f6534f8a6b89e27a340dcf86ecac,599c3538fbec0c9e9c2c73b4d1694d30,delivered,2018-05-02 15:56:29,2018-05-02 17:31:53,2018-05-03 14:16:00,2018-05-15 19:18:31,2018-06-11 00:00:00
ed20b1dad0625f2d7d577cba09798687,e9f8daa4f14ca77c9604150fcb6b72d7,delivered,2018-07-31 17:07:16,2018-07-31 17:44:33,2018-08-01 14:34:00,2018-08-06 22:51:41,2018-08-14 00:00:00
54232ca33e8e55a669a5f26927049f32,9156ed230c7216ef5f4eed2b0fae39ee,delivered,2017-11-26 21:48:38,2017-11-26 21:58:35,2017-11-29 23:29:14,2017-12-04 18:53:02,2017-12-15 00:00:00
39db24edc355863bd882c7e44c782993,f79a79ee780df2dff33e4f6f6536223e,delivered,2018-01-13 22:03:06,2018-01-13 22:10:22,2018-01-17 16:14:30,2018-02-06 18:35:56,2018-02-19 00:00:00
34db12eded81bbeb870aa3fae6848f90,f26a3ca1beb5430f03e91621c7428b46,delivered,2017-06-06 21:33:06,2017-06-07 02:22:38,2017-06-07 11:41:51,2017-06-12 19:08:58,2017-06-28 00:00:00
73fc09cb2735860973151bca6dbc4169,4daff91e03d519f97b49371de65d405e,delivered,2018-06-27 21:46:21,2018-06-27 22:10:30,2018-06-28 11:57:00,2018-07-09 19:22:28,2018-07-24 00:00:00
a322a4aa3b0a9b47a6760a03ee17ffe8,d312c73308e9c429a61aab82e16b7f6a,delivered,2018-01-07 11:53:56,2018-01-08 13:01:21,2018-01-09 20:51:10,2018-01-22 22:23:32,2018-02-09 00:00:00
8b04755969f401703034739a68acf0b3,dae9ee97d14a1f5ab75b863226a72df4,delivered,2018-05-20 18:36:34,2018-05-20 18:59:00,2018-05-21 17:34:00,2018-05-25 15:56:27,2018-05-29 00:00:00
21826e0954bd6550ea7b7a5665bc636f,15eb63626515b70de392cc4d9009e2a4,delivered,2017-05-16 12:32:35,2017-05-16 13:10:13,2017-05-17 14:31:48,2017-05-22 17:22:13,2017-06-05 00:00:00
81efa27a86ea057067f5160181f1be48,257f94d2e0cf3233164061fdd443ca8f,delivered,2017-11-24 13:41:16,2017-11-24 15:54:08,2017-11-28 20:51:43,2017-12-07 16:21:39,2017-12-15 00:00:00
d57be8fa0f204a8cf10389b3da1d2a3e,1fdc27be5c31f3a14982e372b4780dd2,delivered,2018-01-10 13:42:25,2018-01-10 13:49:25,2018-01-12 15:17:42,2018-01-22 16:25:08,2018-02-01 00:00:00
be6eea060429ae021a46df0a1990365c,2a9543cbe3f8f53d8f8a62237f3ba8f5,delivered,2018-01-30 17:46:03,2018-01-30 18:10:34,2018-01-31 18:32:02,2018-02-05 19:42:14,2018-02-21 00:00:00
ea8efd0043199fe88f31e1fea2e840f6,a17a7b3ef3d9a5c528919354288dd99b,delivered,2018-07-21 13:16:37,2018-07-24 11:33:12,2018-07-26 11:09:00,2018-08-06 19:42:00,2018-08-22 00:00:00
3bf31ab7902ee8a53800c1f3d57651eb,bb88b693c753625fac6cbb7cf28caeac,delivered,2018-04-24 09:31:55,2018-04-25 03:51:31,2018-04-25 12:35:00,2018-05-09 21:46:34,2018-05-15 00:00:00
eb0a68abb1cdcb47bf4cdf70f6e14d65,bb83abeba94ed035926bc7f143ecc0e6,delivered,2018-05-15 13:36:35,2018-05-15 13:55:27,2018-05-16 15:27:00,2018-05-21 21:11:43,2018-06-05 00:00:00
66bb893cb22818f4c91fdfcf9e2a81bf,169501e220f0093ccd895f3dc48431cd,delivered,2018-08-07 10:11:54,2018-08-07 10:24:48,2018-08-07 12:35:00,2018-08-14 22:58:48,2018-08-29 00:00:00
79f9a48657445e95909801ea6a7e44a3,9be56b2c15bdf5ad08472fe9a4d77938,delivered,2018-08-22 10:38:51,2018-08-23 19:31:40,2018-08-24 14:46:00,2018-08-25 12:18:33,2018-08-30 00:00:00
d56851f342ee399d61852bdcd356a663,7c788d83e0356f02c08005726563909b,delivered,2018-04-26 10:42:21,2018-04-26 10:55:20,2018-04-26 12:09:00,2018-04-30 17:48:52,2018-05-16 00:00:00
ba411c67fe5e146b1838dc69b0c732e5,dca27253c644f323a50bff41c1db2ef3,delivered,2017-08-05 11:51:46,2017-08-08 04:15:17,2017-08-09 12:06:50,2017-08-11 21:33:39,2017-08-23 00:00:00
f538203e8721d06d7984cee6e148b9f0,e91ecbc9e1c67b0102b5a56e41965770,delivered,2017-11-24 19:47:22,2017-11-24 22:58:36,2017-11-29 15:46:58,2017-12-19 21:08:54,2017-12-27 00:00:00
8b5c910ccad3b27e2876ad9eb90bbb53,3e17ed0c309122328824d65f3d0c2a08,delivered,2017-10-13 09:59:35,2017-10-18 02:57:55,2017-10-18 16:10:05,2017-10-23 17:03:54,2017-11-03 00:00:00
49e720bd050835a646e0d5e8a89a42ea,dbebe78b9864f488fad78e9edbfb8bda,delivered,2018-08-15 19:12:35,2018-08-15 19:23:52,2018-08-16 15:34:00,2018-08-18 17:51:30,2018-08-21 00:00:00
e4cb234bf724fa255f0ecd4d95f72a9f,b1190421767ae467d7e6e9c7659a12ee,delivered,2018-08-12 22:48:32,2018-08-13 22:45:11,2018-08-15 08:11:00,2018-08-20 18:07:04,2018-08-29 00:00:00
8623ddd82259f932337ad9f727cd25b5,73c81eed8822aec98bc389ccce382294,delivered,2018-08-22 01:37:38,2018-08-22 01:45:12,2018-08-23 07:17:00,2018-08-27 20:32:18,2018-09-10 00:00:00
0e259b373316a562c9e71cd725ce1120,11087d8124a9ffd315a2db43ec1f2e43,delivered,2018-08-17 10:32:19,2018-08-17 10:49:24,2018-08-20 11:06:00,2018-08-25 16:18:36,2018-09-04 00:00:00
82fa967d1d3bc56f31565b771fe79181,4d36af0b2f66083f21a8f7d549647d6a,delivered,2017-03-08 15:00:44,2017-03-08 15:00:44,2017-03-13 05:32:24,2017-03-16 17:48:01,2017-04-03 00:00:00
278795fa6c02df5eb7e3549cf3722fdc,921fdc244d0ab2156a464cb5035518b5,delivered,2018-04-04 14:36:46,2018-04-04 14:50:14,2018-04-10 18:31:14,2018-04-16 17:07:24,2018-04-26 00:00:00
7a73dbb7b879e915cfd13e75852d910d,2fc18e96c5987ff9e0f2e3ca600cd075,delivered,2017-10-03 13:05:20,2017-10-05 02:49:30,2017-10-11 20:37:40,2017-10-13 20:28:58,2017-10-20 00:00:00
e7f30a3abdc763c660d1dc442dce909f,981dc5e9b0855c9d17f0819bb3c4f27e,delivered,2018-05-04 11:28:12,2018-05-04 11:51:42,2018-05-07 12:55:00,2018-05-11 00:27:48,2018-05-30 00:00:00
b8c3df75fc496cd9299a8ff31f483351,dba0672d5a3558c6fbde36b9d03fbfa6,delivered,2018-01-06 13:44:18,2018-01-09 07:21:49,2018-01-17 17:30:38,2018-02-07 23:36:30,2018-02-15 00:00:00
956df0791d1e89e540bca30c351fece1,45d4713718919c4e07c8dd7d0797f63e,delivered,2017-05-03 16:07:37,2017-05-03 17:10:18,2017-05-15 15:42:24,2017-05-17 16:54:37,2017-05-26 00:00:00
7e25a709518d3b5b51fab58d605ea0e8,f26da87c662e29c4680a07cf6e7f3a97,delivered,2018-04-04 18:42:39,2018-04-04 18:55:28,2018-04-07 01:12:20,2018-04-19 00:28:44,2018-04-25 00:00:00
7444a57e086e68992dea35c06079521d,a2c1c3470d4d505268abe4de69b6a9a6,delivered,2018-05-14 19:24:10,2018-05-14 19:35:28,2018-05-15 12:47:00,2018-05-21 16:31:54,2018-06-01 00:00:00
49a87cbe0678fc2f068332f42fa05241,309d5fcef3ce034d709f2f89550f8b4b,delivered,2017-12-02 20:02:37,2017-12-02 20:16:08,2017-12-07 00:41:44,2017-12-12 18:58:59,2017-12-27 00:00:00
c7c8b7eca811b5f2d08999ad1c3e4f9d,62104fadfa739ae952769448b2e3886c,delivered,2018-06-09 20:36:52,2018-06-09 20:59:33,2018-06-12 12:38:00,2018-06-25 20:32:16,2018-07-11 00:00:00
18f1f69eead979dddab0c5fda4df6a16,8011fefcdf20c376556c1f88c426c986,shipped,2018-03-11 23:39:29,2018-03-11 23:45:37,2018-03-13 01:48:19,,2018-04-13 00:00:00
9b8ad49cf4b6a81aa48baddcc0d7cc1a,f49c3a2b208956b0c1f7d23c443de618,delivered,2018-06-18 18:46:35,2018-06-18 18:57:57,2018-06-19 19:14:00,2018-06-21 00:32:53,2018-06-29 00:00:00
a08d1f4b300c3d7ec52f5f9a74234eca,e2c852f36be265c817eafd880884b206,delivered,2016-10-10 11:08:53,2016-10-10 12:02:42,2016-10-21 16:02:09,2016-10-21 16:25:05,2016-11-30 00:00:00
4478be65e69dff16ebd5739137d33057,1d51028a137ae04a286fa2d4643543a6,delivered,2018-01-31 12:54:58,2018-02-01 20:35:31,2018-02-02 22:19:19,2018-02-05 21:35:34,2018-02-16 00:00:00
79b01840e1837dee7c52f10d375f4edd,12e5da270cb6349f4f8781521a208d6b,delivered,2018-05-03 11:57:49,2018-05-03 12:54:57,2018-05-04 19:07:00,2018-05-09 17:03:20,2018-05-22 00:00:00
6c6971df6cfa20527e3e3d32aded78b1,4303f036861990814a1cb67ff02d50a2,delivered,2017-12-30 16:45:59,2017-12-31 07:55:28,2018-01-02 16:09:23,2018-01-17 20:43:50,2018-01-30 00:00:00
8c8eb180639e9bf917a45e7acef96a42,b257fa82ab6a82951427d42fe49de736,delivered,2017-07-20 13:58:31,2017-07-22 06:42:42,2017-07-26 15:37:46,2017-07-27 22:01:29,2017-08-08 00:00:00
fad3596ad757484b111f9f9377fe7dc4,b2a03dcda700815bdf537c94a0303309,delivered,2018-03-07 22:17:27,2018-03-07 22:30:48,2018-03-08 23:17:29,2018-03-09 23:58:47,2018-03-19 00:00:00
5dc4e4e9a4f28d5bda7879562fece272,b289433480170bdf5b7bfa7adec75570,delivered,2018-01-04 11:47:46,2018-01-04 11:55:30,2018-01-05 13:52:50,2018-02-10 01:32:11,2018-02-07 00:00:00
0c6a968e3824f733a18b9c40b2620865,4d3afd054c81809d99eacd8a22e08075,delivered,2018-05-29 16:12:48,2018-05-29 16:39:01,2018-05-30 12:22:00,2018-06-07 16:28:53,2018-07-19 00:00:00
fd766da8b074a9d9399eee9b28525f83,3b31d1a929da02500930b2d475bcac0c,delivered,2017-03-05 21:24:53,2017-03-05 21:35:10,2017-03-06 08:41:50,2017-03-14 18:12:01,2017-03-28 00:00:00
16f7bcfa3d20c4e61a2ae69c2132d25e,997fd5f191a3b515c36618df00c53edb,delivered,2017-10-11 09:33:12,2017-10-11 09:49:20,2017-10-13 21:43:41,2017-10-19 16:52:45,2017-11-01 00:00:00
9d3accee31f94310856759efbff805f0,0d4b78e7e121e21dbdf23cf165fea19b,delivered,2017-09-26 15:40:04,2017-09-26 15:56:14,2017-09-27 15:25:45,2017-10-04 20:05:19,2017-10-24 00:00:00
84b29272f58b0da99f8884fd87681725,347995a62a8ddfe4b7201c431a3c5e53,delivered,2018-05-21 17:00:35,2018-05-21 17:56:39,2018-05-24 12:43:00,2018-06-07 18:47:41,2018-06-08 00:00:00
11f81f5b3445ad54e4c793afe6337986,f1f4a5639312c4cc925f1633df0bbf57,delivered,2017-08-21 10:33:13,2017-08-21 11:04:39,2017-08-22 19:20:30,2017-08-23 18:55:20,2017-09-05 00:00:00
32c0f2887a1713ac4c720ebd9a65bae9,7306c159c7f7c1dfc52c15c62530ea69,delivered,2017-11-08 21:07:51,2017-11-08 21:26:57,2017-11-17 20:16:48,2017-11-28 19:35:07,2017-12-08 00:00:00
2bb61c947b878153fb951d9135cc19db,6417fee841ab1673eaa999d2cdaeffe8,delivered,2018-01-10 11:04:26,2018-01-10 11:17:22,2018-01-11 23:44:04,2018-01-16 18:21:35,2018-02-06 00:00:00
26ac15c4f69145c3a0ce4f2ebccd2a84,e02f5d3db6a97933d8d9a4dfc6a69ea4,delivered,2017-11-26 00:22:41,2017-11-26 00:33:26,2017-11-29 22:37:46,2017-12-27 19:07:43,2017-12-26 00:00:00
03ebfa9712b7dbc7031291856263b314,4024b83c510f004326fbcf0671738663,delivered,2018-03-23 11:20:04,2018-03-23 18:48:53,2018-03-26 21:17:58,2018-03-27 15:04:27,2018-04-05 00:00:00
dfb04e7088e5e8c05d7b8a21be219457,74ef27bf0bc2804bbe36ebc874124085,delivered,2017-07-02 13:17:23,2017-07-02 13:30:15,2017-07-03 16:22:01,2017-07-18 17:57:55,2017-07-31 00:00:00
94f4fa3cc26c08b0240ebb6e8934b6a1,9530b9f86c2f46c3e66ffe405c1669ab,delivered,2018-04-12 09:28:14,2018-04-13 12:50:23,2018-04-16 18:04:36,2018-04-24 16:46:57,2018-05-09 00:00:00
6a83e5c040d9fc9d14c1035925ecee1f,a85c9694bb212b94285c40933fd6191a,delivered,2018-07-02 18:42:38,2018-07-05 16:15:54,2018-07-04 12:22:00,2018-07-27 16:48:39,2018-07-25 00:00:00
964fe5acdd4fc63622ac6114f7803336,0d518971497ae58588456b60337137af,delivered,2017-06-11 22:11:23,2017-06-11 22:25:11,2017-06-12 14:26:58,2017-06-26 16:38:53,2017-07-11 00:00:00
e89ced624c37029ad8e8e12f036a1a55,d5a5625b39625a4576819d8b5b2c828a,delivered,2018-08-04 21:26:44,2018-08-04 21:44:21,2018-08-06 16:28:00,2018-08-08 16:35:03,2018-08-20 00:00:00
6d1f5da238306b0008063ff2f93feac9,d0c2b163c8b4b73d70c5dfe22e79839f,delivered,2018-03-24 19:51:16,2018-03-24 20:08:24,2018-03-27 00:08:32,2018-03-27 00:08:32,2018-04-13 00:00:00
bc1719cc645341cf9ae61983e31f26bd,1f525c90c7df6b890e6f7ca5707815f7,delivered,2017-05-28 23:17:07,2017-05-28 23:30:10,2017-06-07 14:09:18,2017-06-08 11:15:44,2017-06-09 00:00:00
bb9a5a9d8a6ff80eabda95e3b78f0a45,03d88c22a063771d871d7ad4fc182cc8,delivered,2018-07-09 22:59:16,2018-07-09 23:10:13,2018-07-10 13:10:00,2018-07-13 21:12:36,2018-07-24 00:00:00
45920ad3d9899cb3c75de086024c18c8,a7bd7bcfe3fa72f1c1a3565f7dde6ca2,delivered,2017-11-12 22:33:11,2017-11-12 22:50:36,2017-11-14 15:51:31,2017-12-06 15:04:48,2017-12-06 00:00:00
3af9626db61282e337587628095b992b,b754d773c79ae5386448977863a4b831,delivered,2017-07-24 22:15:59,2017-07-24 22:30:17,2017-07-25 22:03:15,2017-08-01 19:07:42,2017-08-17 00:00:00
d01376995a52b231a198a5f484b20841,4cac8b7a9ef92a68ee57202a8d8b9376,delivered,2018-02-25 16:14:47,2018-02-25 17:07:30,2018-03-01 17:25:09,2018-03-08 22:38:42,2018-03-21 00:00:00
24b137d6259a0c0cbd646f179e2ca35e,febf5be282b3d17142f2d183967aae3f,delivered,2018-04-15 17:18:21,2018-04-17 05:50:42,2018-04-17 23:32:38,2018-05-09 00:32:21,2018-05-11 00:00:00
2fd30a0079e9100628c92bb583ff56ec,5a4e6b9af6ad6e44591022085ed62a7b,delivered,2018-08-06 14:38:01,2018-08-07 08:35:13,2018-08-09 14:21:00,2018-08-14 20:18:24,2018-08-16 00:00:00
039450cd44c5b6c68f8d2bada4eb315f,b797ea51195bc7d2e372d6243af24b02,delivered,2018-01-22 19:04:11,2018-01-22 19:14:35,2018-01-24 00:38:26,2018-01-27 00:26:46,2018-02-14 00:00:00
6e69e79ae5c37939561c11bf79f4b866,1c857d239f86acacad32b189658a5b20,delivered,2018-04-30 21:08:47,2018-05-01 03:15:39,2018-05-02 14:28:00,2018-05-05 10:41:45,2018-05-17 00:00:00
a9456d47156dc580a5421d6b0a12074b,e42a0192b918b437a37f3dbf12b49f4a,delivered,2017-08-02 13:00:21,2017-08-02 13:15:12,2017-08-04 20:27:28,2017-08-09 22:17:58,2017-08-24 00:00:00
53fbedbd16ccffa3a54c400edbb3fecb,fd4abff6bfb418f4130e7d483f4ee097,delivered,2017-03-10 22:01:34,2017-03-10 22:01:34,2017-03-15 16:11:42,2017-03-21 10:07:46,2017-03-31 00:00:00
3c35a673012104c0ceb001325c00bff4,358c19bbbb97654500cc288498104566,delivered,2017-05-18 15:47:22,2017-05-20 04:10:20,2017-05-25 10:38:05,2017-05-29 11:07:56,2017-06-20 00:00:00
4877379c51fc3c3826e6a62427675966,9408bd679b8ccfd8de92376ac0cf405b,delivered,2018-03-02 15:06:54,2018-03-02 15:29:07,2018-03-05 19:49:02,2018-03-23 23:08:32,2018-03-27 00:00:00
4ea17d0c90f37e942470706403d14a7b,0f706ec7f0225311966ee2f5358a47a6,delivered,2017-08-15 20:28:02,2017-08-16 00:04:20,2017-08-16 17:43:08,2017-08-30 17:52:06,2017-09-15 00:00:00
583daa63abcdc20ed6eab2e6a99e44a2,3e93838115ab9cd9cd49e91c2916124e,delivered,2017-10-24 19:11:35,2017-10-24 19:28:17,2017-10-25 19:32:26,2017-11-07 17:06:59,2017-11-17 00:00:00
127db093fee728a76262a027b66556aa,b9c05cfc28f1dd72313d61b139faab45,delivered,2017-05-21 16:31:12,2017-05-21 16:42:20,2017-05-29 10:42:53,2017-06-03 09:58:50,2017-06-08 00:00:00
bf7da01f9f2b27e2fc1b817b43504337,4be9341dff0e158e15b7b68ae7cf3479,delivered,2018-06-04 13:27:48,2018-06-04 13:51:36,2018-06-05 08:02:00,2018-06-19 01:38:25,2018-07-18 00:00:00
1dc839387052269a40a3e539aa949980,352229ccbe6ea1ed2d11322482ddb83a,delivered,2018-07-05 10:30:20,2018-07-06 05:10:52,2018-07-07 09:17:00,2018-07-12 21:18:37,2018-07-24 00:00:00
30a0d918b3ba882cd4f3557a0ac1182c,c0b858152a08ed0619c1f5adfbbd0c94,delivered,2017-09-06 18:08:22,2017-09-06 18:25:07,2017-09-13 17:13:04,2017-09-19 20:32:34,2017-10-03 00:00:00
c442abd5622d3602e7e1951edacfd007,48de0ee37af96ec27bed6414c071d5fa,delivered,2017-11-24 19:05:35,2017-11-24 22:33:17,2017-11-28 21:43:01,2017-11-29 18:10:00,2017-12-11 00:00:00
f390346ecbf61a6b81b92017a7410df1,3e4e70d528e3a7562a3b500d1232eee3,delivered,2017-11-06 18:41:25,2017-11-07 03:31:22,2017-11-07 19:28:57,2018-01-26 12:51:50,2017-11-24 00:00:00
f7254acdb2c708372182c21f4ef3af88,2d52316d85ed03468576e14c787d8518,delivered,2017-12-19 23:15:17,2017-12-21 02:12:15,2017-12-22 18:53:07,2018-01-08 19:27:34,2018-01-30 00:00:00
dc5f7bc4c5617c381a1943ba3d5cabcd,875046d70b322a1aedb1b9b0fb475af4,delivered,2017-10-30 15:55:01,2017-10-30 17:31:33,2017-10-31 20:22:46,2017-11-03 19:19:38,2017-11-14 00:00:00
d9f95380355620563827773435496b67,96a68cae26d14cd164323c6bcc6eba60,delivered,2018-01-30 21:33:10,2018-02-01 08:31:51,2018-02-06 00:58:44,2018-02-16 16:49:06,2018-02-21 00:00:00
2728d62e6ca51781ee895aca18a89f31,f1121ff6d658b43800b6f8c7c3c8d9e1,delivered,2018-08-01 16:59:05,2018-08-03 02:50:37,2018-08-13 14:45:00,2018-08-17 14:24:39,2018-08-20 00:00:00
dbbe1b2ff4094c09c4a05b045b71e81b,9a065c823cff415e4f55f96429c6cd28,delivered,2018-08-01 20:44:34,2018-08-01 21:03:58,2018-08-02 12:56:00,2018-08-09 16:20:44,2018-09-12 00:00:00
ac3af18d419f856bb7346664d8bc6438,18d9916b9d0b1ae261abccaa6d2c4741,delivered,2018-06-06 14:49:38,2018-06-06 15:12:51,2018-06-07 11:45:00,2018-06-09 01:22:48,2018-07-03 00:00:00
92e79e31ca65b56eb2940e5f08d07305,cf98656ddcf36a892e54b3475508e457,delivered,2017-08-18 23:15:23,2017-08-18 23:30:19,2017-08-22 13:54:59,2017-09-12 21:19:50,2017-09-14 00:00:00
fc1d9429da446a147d438d41350a2932,8b13d2050940cb8d6a7203e69f279254,delivered,2017-10-23 16:29:52,2017-10-24 07:14:07,2017-11-06 22:11:49,2017-11-18 14:31:31,2017-11-23 00:00:00
ed4f3a7d90215313e0c485f97f640584,5fb977f8993bfc56667ab1f3e5012633,delivered,2018-05-24 18:04:31,2018-05-24 18:38:05,2018-05-25 07:03:00,2018-06-07 02:12:25,2018-06-19 00:00:00
335cf1cb074c8dfcdf59bc86f8255409,29e227115fb68d196f0e1dab3c40a622,delivered,2018-05-15 09:08:59,2018-05-16 09:33:16,2018-05-16 08:57:00,2018-06-08 15:39:24,2018-06-12 00:00:00
6ed7913722200b05e7d5df38f1ee777e,6454f48d32c3c0a57fcf9e1d25603ce9,delivered,2018-08-09 07:17:34,2018-08-09 07:30:12,2018-08-09 11:55:00,2018-08-15 12:02:57,2018-08-27 00:00:00
8a6bf1083cc2efc062e037e474622de6,64f0ed97c13c1388088e93454db40488,delivered,2017-03-20 21:54:34,2017-03-20 21:54:34,2017-03-25 09:26:25,2017-04-01 08:47:46,2017-04-10 00:00:00
bcd37480e5f21eaf2b524c8e9724d099,fbc839b74c648a39b750799b58a13e0f,delivered,2017-11-24 22:55:10,2017-11-25 01:53:48,2017-11-28 21:26:50,2017-12-07 00:24:29,2017-12-27 00:00:00
b951cb6562f56cfb404cd77c81262f25,83116a97d5035c15ca0e75dc2b848bd9,delivered,2017-12-26 10:24:59,2017-12-26 10:36:29,2017-12-27 19:42:27,2018-01-04 21:27:10,2018-01-24 00:00:00
756445ff67f2676d72ae774c8cb5b0f0,5ea703be990cea78e9615d9a636ba28e,delivered,2018-01-17 19:40:55,2018-01-17 19:53:22,2018-01-20 00:23:21,2018-02-01 01:32:23,2018-02-15 00:00:00
5bbe496e9e32884e4f0260f1b6bd6c3d,da6f87409fcc1f75e9bce0ff233ace2c,shipped,2017-07-06 14:42:02,2017-07-06 14:55:21,2017-07-07 12:04:44,,2017-07-28 00:00:00
b825b53d8136d85eb4cbe60a1bd275f5,ec4f3f98da53dbaa4db16505b37f82c0,delivered,2017-09-05 14:48:14,2017-09-06 02:50:35,2017-09-06 21:22:23,2017-09-12 20:53:32,2017-09-22 00:00:00
268ccd28fb62008e06398dc300d3f0bf,0061937e85c708a41f5d5b24405d0f50,delivered,2018-06-25 11:57:12,2018-06-27 08:35:26,2018-06-28 15:11:00,2018-06-29 13:38:51,2018-07-12 00:00:00
f23681a0fffdb8051c674707c7e912ef,7930549f156eea2b01b0fc2fdd323063,delivered,2018-07-15 02:11:15,2018-07-15 02:25:08,2018-07-16 13:53:00,2018-09-21 23:46:29,2018-08-06 00:00:00
b1e68c1ac52a1a5cb5051d07ae91ff06,cf34464d3b5d4a957dae9c0ef4a7d27e,delivered,2017-03-18 11:36:04,2017-03-18 11:36:04,2017-03-21 08:45:36,2017-03-27 13:22:43,2017-04-26 00:00:00
83812118bb682267a9880ea1b261ac4b,6b4acd0818e5852c5271cb061ccbb493,delivered,2016-10-04 15:07:21,2016-10-07 10:12:10,2016-10-11 10:12:10,2016-10-31 21:57:07,2016-12-08 00:00:00
056793ca2483a5d5943cb5bd90f5b314,25308e9c16af1a99ce8c88b431f0bca5,delivered,2018-08-27 15:04:59,2018-08-28 03:50:21,2018-08-28 15:48:00,2018-08-29 15:58:23,2018-08-30 00:00:00
8ec04c0efbc0a4a711cf9a6b2878c105,f6a861bd3c061ae773db24088455097b,delivered,2018-05-20 21:31:23,2018-05-20 21:50:45,2018-05-21 15:31:00,2018-05-28 17:53:56,2018-06-01 00:00:00
6d3973dc513ec7f3894ef3d39afe52a2,03261691b84979dde436e5752ebb28c7,delivered,2018-06-16 07:34:44,2018-06-19 04:16:48,2018-06-20 16:02:00,2018-06-22 13:32:45,2018-07-05 00:00:00
4516299f280a0f30720256ae0cd592d6,582ec2f9229bb3014866b31f73def34f,delivered,2017-09-13 18:12:51,2017-09-13 18:25:46,2017-09-14 18:53:40,2017-10-18 13:05:45,2017-10-09 00:00:00
7d63cb1d349e7bd0ee1edcc61ea71077,484711e3d14ac75fb874e949b3a28395,delivered,2017-08-14 15:30:22,2017-08-14 15:45:15,2017-08-16 17:04:40,2017-08-24 18:05:49,2017-09-04 00:00:00
b11073519dc9fe626df6281aa1965522,4f3ef3bae0d531a175d66f875cba84d1,delivered,2017-11-16 12:29:37,2017-11-16 13:10:35,2017-11-21 01:56:45,2017-11-27 16:22:03,2017-12-05 00:00:00
48761cfd8309604ddb00a812ae7d9473,ef546a9e08a36c4b877691daccbc4304,delivered,2018-08-16 00:40:20,2018-08-16 16:40:09,2018-08-16 12:41:00,2018-08-23 00:16:28,2018-08-30 00:00:00
c7b44077f6d014b67c3164e103e3bf02,19187bc9fab7457748d4dc42a9e1c6fe,delivered,2017-11-21 21:24:19,2017-11-21 21:36:57,2017-11-23 19:52:59,2017-11-30 20:07:17,2017-12-01 00:00:00
e88c89f6e503fc7445b55278cc926d47,dee7ddcec90991cf0c9425681a6cd397,shipped,2018-04-16 22:51:31,2018-04-17 05:55:44,2018-04-17 22:42:54,,2018-05-03 00:00:00
d9650d5b64446b09351a038e66c19467,6bf8c622e219d5ce11831729248ceab7,delivered,2018-05-07 15:23:10,2018-05-07 17:57:15,2018-05-08 13:58:00,2018-05-15 17:00:08,2018-06-06 00:00:00
41d5636cfaa3b8436beab84388cf73d0,e3ca9adedf7464a8e2c2802ed1fe3757,delivered,2017-07-16 15:21:38,2017-07-16 15:30:08,2017-07-20 20:11:44,2017-07-22 15:04:08,2017-07-28 00:00:00
78a7adcd1aae3a0e7f0f3b40d27f0aa6,b071dce336bf942fbd27a73e53dcad66,delivered,2018-01-04 15:07:34,2018-01-04 15:15:21,2018-01-05 21:06:57,2018-01-18 20:19:03,2018-01-22 00:00:00
d9a857b8ca6c8ca6a97e6977be3e47bb,4d6ea1b19aa670516d625c6da25d954f,delivered,2018-02-08 22:22:54,2018-02-10 02:35:55,2018-02-16 16:43:29,2018-03-05 22:38:34,2018-03-14 00:00:00
5209e430c4a82e1eb7cd636ecbb573a3,2dcdd89fa50e9aa7e0105eddff0fbbc6,delivered,2017-10-05 20:09:56,2017-10-06 20:07:12,2017-10-24 19:03:29,2017-11-21 23:04:42,2017-11-09 00:00:00
7e0710390947061c95e5a19aae5dd14a,83ab0b0599bfe9b384a53a6ff93b621e,delivered,2017-04-25 14:56:04,2017-04-26 09:35:10,2017-04-26 10:44:54,2017-05-02 15:59:11,2017-05-12 00:00:00
1cc47b4855c5d2cf01a73dc8ae838079,7763b62148e46d4c396f80e4f589930c,delivered,2017-12-06 12:33:21,2017-12-07 03:16:28,2017-12-07 23:34:45,2017-12-27 16:13:06,2018-01-08 00:00:00
d6ef78a86ea5cdf1238f68102c64b6c0,259e7de24e5dc43cccd9cb271167bab1,delivered,2018-06-09 01:44:49,2018-06-10 10:30:45,2018-06-12 11:44:00,2018-06-19 16:56:36,2018-07-16 00:00:00
c61424020aa28e6b14fbc18c80ad8a3d,8e957cdfb5ecdb1128b8fa65ebcd91af,delivered,2018-07-06 07:20:14,2018-07-06 07:31:39,2018-07-06 09:09:00,2018-07-11 21:26:26,2018-07-26 00:00:00
d2293747fc2b2b42e4fd0d3ffb707ffa,bd92a8b890c659ac8b0875d558c4e8df,delivered,2017-12-07 20:38:18,2017-12-08 11:56:26,2017-12-12 20:53:27,2017-12-17 14:52:29,2017-12-27 00:00:00
cefe70775d8821c8dcf166f843d38d1d,24ceded0c5fd4e9940168f0a183d4885,delivered,2017-12-19 12:39:44,2017-12-19 12:51:33,2017-12-23 12:28:33,2018-01-08 15:14:57,2018-01-17 00:00:00
8ef18fd729df2df941103728a3ff954d,ad468aa44c8d5c72b0f35eed9d11f73b,delivered,2017-06-22 15:36:58,2017-06-22 15:45:17,2017-06-26 13:35:57,2017-06-27 12:33:13,2017-07-05 00:00:00
8e568e54d86a184f57025de47a359ad8,218c4c3fdefeacdd18ecd0bd5ebb827e,delivered,2017-11-27 18:39:50,2017-11-27 19:12:05,2017-11-30 00:38:39,2017-12-01 18:52:20,2017-12-11 00:00:00
bd198b62b5d99af74a4c0dbf717fd5f0,0f1136795aeced1e4e1eda78813a535d,delivered,2018-03-13 06:48:39,2018-03-13 07:08:25,2018-03-13 19:42:32,2018-04-12 20:18:34,2018-05-03 00:00:00
53c7592439c12d02630c4f0da48614bc,f89b63fb70a7ec9b7740ca031accb0cd,delivered,2017-12-18 12:55:41,2017-12-18 13:54:44,2017-12-19 23:51:52,2017-12-26 18:13:30,2018-01-17 00:00:00
3c655487f0c8e34cde2c7b67de8f08cc,5091c4ca04945991068cfba00258cc58,delivered,2017-02-04 19:06:04,2017-02-04 19:15:39,2017-02-10 09:24:35,2017-03-06 08:28:57,2017-03-13 00:00:00
d29b96c282ec82deff4feb268f3df620,fd70be8f679574571d4c1ad5dad835bf,delivered,2017-06-02 21:34:16,2017-06-02 21:45:15,2017-06-05 15:11:37,2017-06-14 16:16:43,2017-06-27 00:00:00
430da9e882483760910bef24ad74494b,9095f8235295adec01f72924097763b3,delivered,2017-11-22 15:25:44,2017-11-22 15:37:24,2017-11-23 13:56:35,2017-12-06 14:18:53,2017-12-12 00:00:00
de600694e63dc521b56a7fc6f01576d7,f4cdd4fc25b538733574c54d02784e3b,delivered,2018-03-24 22:02:22,2018-03-27 04:08:25,2018-03-29 23:28:24,2018-04-04 00:41:55,2018-04-23 00:00:00
ca7fc2f0ccaa981c829f79898f513337,fb4086949be6ae460da191548d650e6d,delivered,2018-04-21 18:03:58,2018-04-24 18:55:37,2018-04-27 14:01:00,2018-05-03 22:09:50,2018-05-11 00:00:00
d46d30516947c87bbcb5d6ce98da510c,9f882879a6fa0b1de2906aac483883de,delivered,2017-09-09 19:56:19,2017-09-12 04:45:43,2017-09-13 19:39:37,2017-09-25 18:58:35,2017-10-05 00:00:00
0f881abda9658ce5c28cca333059224a,7d03956727a1a2962e0e669629917bae,delivered,2018-03-21 17:01:41,2018-03-21 17:10:38,2018-03-22 18:34:53,2018-03-24 14:24:39,2018-04-03 00:00:00
2070a6c3c3a8f5c3c8688096d984ce9c,f8387978c63e1ebeb45d5f85d16249ae,delivered,2017-05-26 14:23:57,2017-05-26 14:30:23,2017-06-01 13:57:44,2017-06-12 15:34:00,2017-06-26 00:00:00
e31f08a6838e8fe22d5850d237cdb1e7,a577a139c2344a82239c539b29d9e66f,delivered,2018-07-20 19:23:21,2018-07-20 19:30:14,2018-07-23 15:17:00,2018-07-30 10:10:47,2018-08-08 00:00:00
01c4f4e08d9e8b7c5bd47e612285993f,51e4740dd528fe393562380ba49e41ec,delivered,2017-11-24 00:31:33,2017-11-25 04:30:44,2017-11-28 16:39:05,2017-12-04 22:36:32,2017-12-14 00:00:00
dacce96767ea2ce331e38a5ebcac5f25,315f814caff07be0d7cf52346a07adf1,delivered,2018-01-13 18:32:59,2018-01-13 18:49:53,2018-01-19 14:52:00,2018-01-27 12:48:58,2018-02-09 00:00:00
06de165212eea16e848d38f4392d5c11,2e3648e35008f6586b84e6ee8bbfd25c,delivered,2017-06-19 16:11:57,2017-06-19 16:25:14,2017-06-20 13:52:59,2017-06-28 14:09:53,2017-07-18 00:00:00
158745a153fbab78119f6c57c38c5306,884b6c27805ad0872cf7293dc876bc41,delivered,2017-04-23 21:14:56,2017-04-23 21:25:18,2017-04-25 08:22:51,2017-05-09 09:12:38,2017-05-11 00:00:00
be0d916fb5cf8a5dddcd98ad4905678e,3828833eaa94989b67eb1cf7e5f84524,delivered,2017-11-21 10:16:47,2017-11-23 02:38:30,2017-11-24 21:49:31,2017-12-07 10:05:41,2017-12-07 00:00:00
e6d3b5b66f40a99ac01da49f4c543e36,5ad1822b8f9f79c3b54bcc1346280bcc,delivered,2018-04-19 07:24:54,2018-04-19 07:35:09,2018-04-20 22:26:20,2018-04-26 12:22:04,2018-05-14 00:00:00
a3761cb6b3883a498fb7fdc5833dcfc7,55df82d9ca2503a4c310c29711f5bf99,delivered,2018-03-13 19:06:38,2018-03-13 19:29:26,2018-03-15 00:52:23,2018-04-11 14:58:32,2018-04-25 00:00:00
a5d15a04b449d50c1c003aa310e67649,bdb7900162ab12a8d513a360dbca93d1,delivered,2018-08-11 16:13:27,2018-08-11 16:25:10,2018-08-22 13:35:00,2018-08-29 17:24:43,2018-09-28 00:00:00
4533633faea8cc724b34db6788786b5c,f0bb4efad51f4c443c8d80330dbb5bdb,delivered,2018-03-29 18:08:00,2018-03-30 23:15:11,2018-04-04 01:22:38,2018-04-05 19:51:41,2018-04-20 00:00:00
5551af3c5c287246cc239e923963ef6c,1de5807441f95aea250436dfeded7acf,delivered,2018-06-10 13:43:30,2018-06-12 22:01:47,2018-06-13 14:57:00,2018-06-20 15:08:29,2018-07-16 00:00:00
8bfc859f734def7a579d24fe9b618da3,5b31d1ba9e2b08086f398b79477962d7,delivered,2018-08-15 20:51:44,2018-08-17 03:09:40,2018-08-17 13:17:00,2018-08-29 17:25:48,2018-08-31 00:00:00
6fcbcb1f955446e907a02e03b1808d25,895434c8d9230fae601c1d97c1bb7b38,delivered,2018-04-29 22:31:37,2018-04-29 22:54:54,2018-04-30 15:05:00,2018-05-03 15:03:29,2018-05-25 00:00:00
827d8ae687faef2e9c2bc79196b26f6e,bb837c97a08ecdabcf131bfd33098c27,delivered,2018-01-16 15:06:44,2018-01-17 03:34:38,2018-01-17 17:22:32,2018-01-24 17:18:57,2018-02-06 00:00:00
f3d641d9bf49ba992b999d270bef052b,8c7986a8516cd0fca2760e8cd92acfdc,delivered,2018-04-02 20:32:50,2018-04-03 20:30:13,2018-04-18 17:14:52,2018-05-04 23:22:17,2018-04-24 00:00:00
3f5ee98124031535645a99b8c198833f,69102d5701c84308921872f27b7f77c0,delivered,2018-06-29 08:16:35,2018-06-29 08:35:17,2018-06-29 15:20:00,2018-07-10 14:04:57,2018-08-03 00:00:00
452994e9759d6496b4b9667faf1c7af4,09b38464eb15dc38f7388212f156d894,delivered,2017-09-26 00:23:35,2017-09-26 01:00:14,2017-09-27 19:03:49,2017-09-29 15:13:33,2017-10-18 00:00:00
c95839b7dde4af387d35f35a382c512e,9035b9048ae02fc3b54e4f46e0cb9628,delivered,2017-12-20 21:37:35,2017-12-20 21:49:58,2017-12-21 17:59:52,2017-12-27 21:39:04,2018-01-09 00:00:00
e87da23aab323df28deb2e98d41a3fb0,e530863105eede13aab60014aa569bd7,delivered,2018-04-24 20:07:22,2018-04-24 20:33:39,2018-04-25 12:09:00,2018-05-04 18:58:42,2018-05-23 00:00:00
89b1385eac49c53b0d3946b29ee312a9,a7eae568f0a8e07d1213cb5c98f53a23,delivered,2018-06-13 22:03:50,2018-06-13 22:38:47,2018-06-20 11:25:00,2018-06-21 14:32:38,2018-06-29 00:00:00
fca0397489a3333e988ec1218efe40b6,27b295de7abd15ea08c2dcaebb4a3666,delivered,2018-04-02 17:34:41,2018-04-02 17:49:08,2018-04-03 21:44:45,2018-04-09 14:51:44,2018-04-18 00:00:00
bb9bdfcd9397da3c8481ef70b92df0c0,e3e5c15c73942261d698533066c9c3d8,delivered,2017-11-08 02:07:46,2017-11-08 02:26:25,2017-11-08 14:58:54,2017-11-09 17:44:52,2017-11-22 00:00:00
423557ab2406aca36516f1d1b9765ae7,94273e2b4bf5b5d2cbc3af09a36ddcca,delivered,2017-02-05 12:18:08,2017-02-05 12:30:41,2017-02-07 18:14:43,2017-02-13 10:54:13,2017-03-03 00:00:00
da5839ce50528e73a7b48bd91613d715,8410370c867c4cae1510ff62163cec28,delivered,2018-01-21 11:08:14,2018-01-23 03:36:47,2018-01-24 01:09:36,2018-01-30 19:08:57,2018-02-14 00:00:00
30dbb7bb7d4c27c3efd6ab7c9c27f9d0,d800694241d296896d49848bb19c62a5,delivered,2018-04-03 11:53:18,2018-04-04 03:29:28,2018-04-04 20:58:48,2018-04-06 20:04:47,2018-04-13 00:00:00
c2dd9179058f80c2932abec56feb7b7e,7ff339e9bc25bd16cf4d52a133e3b54a,delivered,2018-01-26 19:00:49,2018-01-26 19:18:19,2018-01-31 20:07:26,2018-02-02 21:13:08,2018-02-14 00:00:00
c21fcb36121a9b1c65eed7b20f0862bd,9b8af4016c309c2f095b858fe4d6d551,delivered,2018-07-23 12:20:12,2018-07-23 15:33:16,2018-07-24 13:57:00,2018-08-01 23:06:52,2018-08-28 00:00:00
9e3e7df33c7dfa9804a566b2b73e94d4,60a680ef34cdf01c83fa9e338954b8e9,delivered,2017-06-02 11:59:53,2017-06-02 13:05:34,2017-06-06 04:49:58,2017-06-14 15:43:32,2017-06-27 00:00:00
458e6791b5c8c62d0a48aae7f660b637,edb2c9160f064e4ef7bcd2b48722e399,delivered,2018-08-21 11:21:23,2018-08-21 11:31:17,2018-08-22 10:06:00,2018-08-28 19:51:56,2018-09-06 00:00:00
2373908388bcaa9a225c34e33d9e9f0d,d57d800819fe0e64bbd7b60653cb4168,delivered,2017-11-05 15:52:26,2017-11-06 21:36:24,2017-11-21 15:09:07,2017-11-22 21:14:39,2017-11-27 00:00:00
bf9acc5990b6873d744ebdbf14a73a92,d114e26102a11cbc6e7b8c37821d1aa5,delivered,2017-04-20 11:33:57,2017-04-20 11:50:14,2017-04-27 06:44:04,2017-05-09 09:20:07,2017-05-30 00:00:00
c43e62f314e84c60a3721d60017eff7f,5d298dce585ab9711f691fa5c1c22ee9,delivered,2017-11-28 21:52:00,2017-11-28 22:17:01,2017-11-29 18:22:55,2017-12-20 21:39:07,2017-12-21 00:00:00
a1238d801729f0d9e4e905696a213eb8,0098400373e087d3c231fb5d37834fde,delivered,2017-03-23 18:28:32,2017-03-23 18:42:50,2017-03-24 09:51:08,2017-04-05 10:14:16,2017-04-20 00:00:00
a2538594406c450266b29fb9a0338424,f51892a5889a968eb6dfbac2cf946946,delivered,2018-08-21 21:15:52,2018-08-21 21:30:18,2018-08-22 10:16:00,2018-08-24 01:21:41,2018-08-24 00:00:00
8b249044e8ce6377509b32dc840bfe76,892a57422d5ac192f783945dd2aadaeb,delivered,2018-08-02 12:06:58,2018-08-03 07:45:12,2018-08-09 15:57:00,2018-08-20 22:47:46,2018-08-31 00:00:00
0577713eb945f355426be26104c26b77,e156056171de3be3501585f3146ad708,delivered,2017-04-23 01:17:39,2017-04-23 01:30:14,2017-04-25 07:17:37,2017-05-19 08:35:31,2017-05-19 00:00:00
fe5934ce67c87c337cf9c8575d7772a0,a271cc85337445daaac5f4c73fa27f5c,delivered,2018-05-01 20:58:47,2018-05-01 21:12:31,2018-05-02 15:04:00,2018-05-04 17:21:23,2018-05-15 00:00:00
a55b72ebbf51055b6c5b083edbf8bfa2,fcfe3e1db275c2d865a98eeb413bc26a,delivered,2017-02-15 14:37:36,2017-02-15 14:50:14,2017-02-17 08:53:46,2017-02-21 13:43:58,2017-03-17 00:00:00
5e3f975c4be17dfadd26987a66fd8061,964ebd7e857274053c42c942c13be832,delivered,2017-06-06 12:14:02,2017-06-07 09:55:16,2017-06-21 10:05:30,2017-07-04 14:45:49,2017-06-27 00:00:00
b13ea375fe9c728832688264638f84cf,0dc5884bc5ffba283678229f27e07ff9,canceled,2018-08-22 18:52:29,,,,2018-09-19 00:00:00
c6b85930220a1a577a8a8352c7dba78f,715d679d44d3aee77a9592f6fd8c26f9,delivered,2017-11-17 15:28:17,2017-11-17 15:47:45,2017-11-22 14:41:42,2017-12-08 05:48:39,2017-12-27 00:00:00
465b896aa34a4d4f8c359165ee6f066c,652590e825b424ac6fd3eb87ebe70f59,delivered,2017-11-24 16:15:05,2017-11-24 20:13:26,2017-11-29 15:26:47,2017-11-30 19:34:51,2017-12-08 00:00:00
6b63a86619f7d34ada48e141f2b568f1,b4926372ebaaa9b32844322e6b094162,delivered,2017-11-30 10:14:09,2017-11-30 10:32:20,2017-12-01 17:48:47,2017-12-09 09:42:02,2017-12-27 00:00:00
6c5222e0550b757a63908aa2f0cacf95,a0d7296689347a9f6c7a89b03281db68,delivered,2017-11-11 15:53:40,2017-11-11 16:10:40,2017-11-16 23:29:30,2017-11-27 19:58:30,2017-12-12 00:00:00
48f1b7e26f84f55846f1d003e3e6170c,e4c14fd70ffb6e4e39eb6c5ed08d08c2,delivered,2018-08-07 16:33:44,2018-08-09 04:05:22,2018-08-09 11:57:00,2018-08-13 19:11:54,2018-08-27 00:00:00
64cc5eadd86b15a6b38bddbeb61ef944,a1188e9345ab24476119f9fedd151813,delivered,2017-11-24 16:40:20,2017-11-28 02:59:34,2017-12-01 19:09:07,2017-12-04 19:32:45,2017-12-08 00:00:00
2e2e5704a61134b26dfce687c6e56c8c,df0d4b8e8a3e8db72951d7559f3bda46,delivered,2018-05-04 21:00:10,2018-05-04 21:10:21,2018-05-07 11:50:00,2018-05-14 22:31:56,2018-05-25 00:00:00
c7d39a7f0c5d83662fa4c587f21f5d82,28be7384bc15f338544d3629de94d22e,delivered,2017-11-02 11:23:14,2017-11-02 11:30:36,2017-11-04 08:17:25,2017-11-07 17:37:05,2017-11-16 00:00:00
f90bee02f28c0067f1eaacdf188007b4,81aacb01330a99ba172ab125371d356c,delivered,2018-06-11 11:17:59,2018-06-11 11:40:18,2018-06-11 15:52:00,2018-06-29 13:36:26,2018-07-12 00:00:00
0e790632306835c4529ff1b46c135910,16a8333e3412a1d85a7b281cb3b36894,delivered,2018-03-08 16:00:39,2018-03-08 17:00:22,2018-03-09 20:48:43,2018-03-16 20:57:37,2018-03-29 00:00:00
953e1e0627386608dd2ac2670d72950f,d89f3ead705781b92c6839ac8c9695ce,delivered,2018-02-08 23:20:32,2018-02-08 23:35:36,2018-02-09 18:48:31,2018-02-14 18:49:49,2018-02-22 00:00:00
eb0f435a0e25da756bb8870a2ab5bbcd,f07d418d817c1bc9c6a94d2890d831b9,delivered,2017-06-18 14:46:51,2017-06-18 15:04:27,2017-06-19 12:59:49,2017-06-19 21:03:09,2017-07-11 00:00:00
1f21b692c9d8f0368278413ecd0878f3,f6d01e6dfb9a211be352a82eda1afca2,delivered,2017-03-04 16:52:43,2017-03-04 17:05:13,2017-03-14 10:25:45,2017-03-19 06:42:01,2017-03-27 00:00:00
6700e4a77b114b2f0fac57e19e6182d6,871d486e1b7f81d41839e0ddee6cf90a,delivered,2018-01-14 13:21:54,2018-01-16 03:35:39,2018-01-17 19:19:06,2018-01-31 01:21:40,2018-02-05 00:00:00
748501d017db167d2dfb7720aa4dd21b,8db0be73eebc0c7a758ffbcdbade580d,delivered,2018-08-01 13:30:49,2018-08-01 13:44:25,2018-08-02 14:03:00,2018-08-13 14:47:27,2018-08-20 00:00:00
f3069a416e71d0fd68d9489752b6fe41,0f8241184942ac488940fe4fdbb6ec84,processing,2017-10-01 15:33:50,2017-10-01 15:50:55,,,2017-10-27 00:00:00
7563534c425e6edb193376cf1103be5f,7ac9f5db5ba082ff9908bb4c5a3bb081,delivered,2017-08-29 17:06:45,2017-08-30 02:15:59,2017-08-30 20:27:58,2017-09-11 21:07:55,2017-09-21 00:00:00
b82e534d287170368e83fab61e685fc3,55b6a9a61de79fa7e7f0b659c603cb1e,delivered,2018-03-15 15:03:09,2018-03-15 15:15:45,2018-03-16 19:36:40,2018-03-21 19:48:28,2018-04-03 00:00:00
1bf942e8c5d1022f7a1b864e32041e7d,5cb81c242600b383ec83559f321744a0,delivered,2017-12-18 20:42:14,2017-12-18 21:51:46,2017-12-20 18:10:13,2017-12-23 14:57:34,2018-01-19 00:00:00
f8443fdcccdae6a20d6371dd8a9e63b2,c2ad4e5180a7b403cd487e1146d85e1d,delivered,2017-08-27 13:14:04,2017-08-27 13:25:13,2017-09-01 18:12:14,2017-09-02 14:14:43,2017-09-13 00:00:00
0dab99a238b965b106fea183eccaee3b,61785716554ceab5dd02f81e6da75309,delivered,2017-07-11 12:41:24,2017-07-11 12:50:23,2017-07-12 15:13:38,2017-07-21 16:47:45,2017-08-02 00:00:00
6718a9b577ce4d3dfbdbdc7d3ec97cb6,fc994762aef90ce03ebbd762f8097fa4,delivered,2018-03-05 12:55:58,2018-03-05 14:20:24,2018-03-07 21:38:42,2018-03-26 23:33:19,2018-04-06 00:00:00
66f590d82872f3771232770be92a8d0d,508302a8f9d5d4bd3d29d770286549ac,delivered,2018-02-26 17:21:52,2018-02-27 05:30:56,2018-02-27 18:51:32,2018-03-05 11:17:04,2018-04-02 00:00:00
64bf74354f2ce35678e99356584d3a2f,d9a3ae847a0ccf1d9b32bc34005d0cfc,delivered,2017-10-11 11:05:30,2017-10-11 11:29:54,2017-10-24 19:37:53,2017-10-26 23:03:11,2017-10-24 00:00:00
187a17302afec3ad360e610e19e455cc,4fa7e6404524c09c8580c0c8321e5d73,delivered,2018-07-17 11:11:38,2018-07-17 11:21:18,2018-07-18 15:14:00,2018-07-20 17:48:34,2018-07-26 00:00:00
bcd65d5c97ac448bb3efc90b759909fd,b6ba3ad41b033a7f107aabad3dabff93,unavailable,2018-07-20 16:24:23,2018-07-20 16:44:16,,,2018-08-01 00:00:00
db64746e7060aada6cbe3d0ff34f0cdc,53849dfbee2387632eef6ed7f4deb3dc,delivered,2017-03-01 21:44:15,2017-03-01 21:55:16,2017-03-02 07:59:44,2017-03-20 09:58:02,2017-03-24 00:00:00
c28c74ee5fb4a731178895058c0de619,95a9b81cce2d0d0b67b3896cb2523b2e,delivered,2018-06-10 19:54:44,2018-06-10 20:17:40,2018-06-11 14:29:00,2018-07-11 23:51:39,2018-07-16 00:00:00
db963ee03edcabe98f2df559e84a353f,b42a2f223241f042b0105d8656a450c5,delivered,2017-07-25 17:28:52,2017-07-26 17:35:20,2017-07-27 17:39:38,2017-08-02 15:03:43,2017-08-07 00:00:00
708c129b280e719faa3988c41374d4fd,9e766dbda271a8011362c57f316bbf67,delivered,2018-03-05 09:14:28,2018-03-05 10:00:28,2018-03-06 02:37:24,2018-03-14 14:18:37,2018-03-21 00:00:00
8935002f6aeb70c31fbf1a73f22b4f29,b2ffa78a19812f6ecac1f80976998539,delivered,2018-01-31 13:39:42,2018-01-31 13:55:34,2018-02-01 18:37:52,2018-02-02 19:47:26,2018-02-16 00:00:00
c60c60940d6eaab173201faf9bf1276c,0af1c58b035366f36dfa7bdde00b27ca,delivered,2017-09-22 12:22:40,2017-09-26 03:56:23,2017-09-27 19:52:01,2017-10-03 12:46:13,2017-10-09 00:00:00
9c2b756025a127a4db2a4b13281664f6,e63ac7635328dfbafcbf35b350eb1b4f,delivered,2018-02-25 13:02:15,2018-02-25 13:15:33,2018-02-26 15:37:23,2018-03-23 18:41:57,2018-03-19 00:00:00
44ffd19b3bd3915642db0231344b8b0f,2b7205e135a29c8709e4fc061f25c750,delivered,2017-12-17 22:47:33,2017-12-17 23:53:52,2017-12-19 21:27:43,2017-12-21 02:11:00,2018-01-05 00:00:00
ce18cf057088cf275c41fc9510ed53ad,6eecb45e1c147bc42841894ff03b9e0f,delivered,2018-08-03 10:41:12,2018-08-03 10:55:19,2018-08-03 14:49:00,2018-08-08 18:38:32,2018-08-15 00:00:00
e3cabd867d0bc59470f4c3d24a7b2f2b,417cbdf3941b9b69c3478ea8ec14de95,delivered,2017-06-03 11:32:48,2017-06-03 11:43:01,2017-06-05 13:47:56,2017-06-12 13:53:58,2017-06-28 00:00:00
c7517b3306b2a226bce545f9716dd360,a6bc6a07c33fbae6ac2500e253ad4a66,delivered,2018-07-17 17:47:23,2018-07-18 17:55:25,2018-07-19 11:10:00,2018-07-25 15:22:01,2018-08-08 00:00:00
53a9c421cf0e7129393a754a4d15b935,d62fd1ba5a58e7a42486a17b634cca64,delivered,2018-08-19 15:25:06,2018-08-20 12:15:12,2018-08-20 11:30:00,2018-08-28 21:12:39,2018-09-05 00:00:00
30207f5d26e6ca2cb7ef1b25fa2585cc,d3f97856abef8923cb180cca3f197823,delivered,2017-06-02 09:54:08,2017-06-02 10:05:20,2017-06-02 14:49:02,2017-06-08 14:35:43,2017-06-27 00:00:00
da0e581c499ee074995f6e997ae5cb15,a19929855f24036f9688d55c778eaa48,delivered,2017-10-12 13:29:49,2017-10-12 13:49:12,2017-10-17 18:27:00,2017-10-18 23:52:55,2017-10-25 00:00:00
6bf889c14abae234b970354de7914c61,4374a2a34bb261daa66f8c87672c2d54,delivered,2017-09-05 11:29:20,2017-09-06 11:35:12,2017-09-06 23:32:53,2017-09-18 20:16:59,2017-09-25 00:00:00
328b85959fc0ec5703ffab3ce8703c26,23cda6d7597dc4d07879d7632b2dc458,delivered,2018-03-16 06:19:20,2018-03-18 12:28:05,2018-03-19 18:18:41,2018-04-04 18:04:29,2018-04-10 00:00:00
bcc7f6ccd348b4d5bf8f4f7f63d4b7ef,1e73191ece95714fe9d6527505c55807,delivered,2018-08-18 18:30:33,2018-08-18 18:49:26,2018-08-20 16:44:00,2018-08-24 16:42:20,2018-09-06 00:00:00
4e184878c2c61e669ffa5918c089c73f,cf2020e61626601104dc9587940dcf2f,delivered,2018-04-29 23:08:21,2018-05-01 05:55:14,2018-05-03 13:19:00,2018-05-05 18:18:23,2018-05-17 00:00:00
679783b320e587d8e1c9e0dcb2421539,305f736d2711641a06f6a9c9bd837b00,delivered,2018-08-01 23:01:03,2018-08-01 23:15:15,2018-08-02 15:21:00,2018-08-20 21:56:48,2018-09-05 00:00:00
560c623fdd94c3bbcdb7e9f7b130cdf5,3dcd52c8a89d3dbea71bf36c908d8410,delivered,2018-08-21 08:52:46,2018-08-21 09:10:52,2018-08-22 08:07:00,2018-08-23 20:54:37,2018-08-27 00:00:00
b490f4ee602a5065a34482b65e8a4114,066d514a8533ab695dd9c730aec73260,delivered,2017-08-07 22:37:51,2017-08-08 04:25:36,2017-08-11 18:58:16,2017-08-18 20:02:58,2017-09-08 00:00:00
02440f65dc09737b491463739c347446,53997caa650ff808a586d343b0789fd1,delivered,2018-02-26 09:57:21,2018-02-26 10:16:19,2018-03-02 20:44:44,2018-04-03 20:38:46,2018-03-19 00:00:00
09badf53476a6bda72b4728e858a3433,9872961494c04c3939cc4fa43bfaeb75,delivered,2018-02-05 13:51:27,2018-02-05 14:10:47,2018-02-06 16:04:24,2018-02-19 19:40:19,2018-03-01 00:00:00
b78fe1174e6aedc9d2a90f6b36f02bb2,30dbe53824b3fc7614a23fdfffe04359,delivered,2017-09-19 08:38:23,2017-09-19 08:50:13,2017-09-19 16:27:39,2017-09-23 10:09:08,2017-10-09 00:00:00
c5fd5386640ddd76adc482b72d24a02b,1317dfa9a96a4af1ad9bf06a6f12f1f5,delivered,2018-08-06 05:20:01,2018-08-06 05:35:14,2018-08-06 15:38:00,2018-08-08 13:41:36,2018-08-13 00:00:00
b6e424878cf41a8038e095a39f6b790e,8d991e6c4ff2941df77318c4d01811e6,delivered,2017-10-08 12:54:49,2017-10-10 04:08:11,2017-10-20 19:13:01,2017-10-26 16:43:48,2017-11-08 00:00:00
60649d0d9e4157baeb059b34cf7d9b42,60a108918a0ccf4076b95c0614d27870,delivered,2018-02-07 09:27:34,2018-02-07 09:36:09,2018-02-08 19:41:37,2018-02-16 09:09:14,2018-03-06 00:00:00
f8064d75afcef1bab867ff6ca9b829b7,bcea0e501f387ea1941aff7b357c316d,delivered,2017-08-31 12:29:34,2017-09-01 12:44:59,2017-09-06 23:42:52,2017-09-11 20:03:31,2017-09-19 00:00:00
3086869d9ce957007e5ac7f36ad0d21a,cb921c583eebff7f0faa42afc1c8e124,delivered,2018-03-28 13:55:28,2018-03-28 14:08:50,2018-04-03 02:16:37,2018-04-06 20:38:25,2018-04-11 00:00:00
61c7b1cf28b58654fe411aaf87fe249d,6e686969d9b330c98d2739cc5d877e75,delivered,2017-12-15 13:05:55,2017-12-15 13:13:10,2017-12-20 22:24:57,2018-01-03 22:36:12,2018-01-15 00:00:00
4d7e10ed70b8c2358e94850352bb490b,e069403a6b4ae1e82fbbee620ae3d253,delivered,2017-06-15 20:23:00,2017-06-17 03:50:03,2017-06-19 17:43:37,2017-06-29 14:41:49,2017-07-19 00:00:00
0b3b5e521f3ad8a57d4c4bcdc034446c,7905466cd09e084e02563c8473d9397d,delivered,2017-03-22 22:47:42,2017-03-22 22:47:42,2017-03-24 11:36:26,2017-03-31 13:04:25,2017-04-12 00:00:00
e88bd747b9aaa829eac8fcf95461862e,38b857bf309ad47d4c4340402274e90e,delivered,2017-10-21 11:29:06,2017-10-21 11:49:16,2017-10-23 15:25:49,2017-10-30 19:57:44,2017-11-09 00:00:00
3789bf493d97b36ed2f5a866cc668abb,704a8cf1cb8d9dabf20a5e2cbeaae0ba,delivered,2018-08-05 16:57:29,2018-08-05 17:10:18,2018-08-06 14:58:00,2018-08-10 01:22:28,2018-08-14 00:00:00
1ab73bf6573a454e2ea4a88dea0ba430,62df31b53c3ec1fe05062ef34e35f2f4,delivered,2017-05-06 11:54:20,2017-05-06 13:01:19,2017-05-09 07:25:55,2017-05-22 13:42:28,2017-06-05 00:00:00
3c22fe6868c666f6a4edc2c5456c26aa,45ac355881eae1380862dca061dac776,delivered,2017-11-28 19:15:34,2017-11-29 02:21:42,2017-11-30 15:19:15,2018-01-17 12:47:45,2017-12-20 00:00:00
37ebc8f9d2308911382c1fd433ba3b7a,c84f25af45aa6bade8bcc46f991c97c7,delivered,2018-01-31 14:16:10,2018-01-31 14:32:28,2018-02-05 22:52:55,2018-02-19 16:19:18,2018-02-23 00:00:00
315d4a8c56ac24b18ec36eeaf486d4a5,022e192ec0af0a000a69f29bf633ffe4,delivered,2017-12-15 11:15:25,2017-12-15 11:32:01,2017-12-20 18:42:10,2018-01-03 18:52:30,2018-01-10 00:00:00
d784639512baf997ba554af514e51246,8d776ed4b01be6ade388915380a7c6b9,delivered,2017-09-29 21:27:55,2017-10-03 03:56:26,2017-10-06 22:42:05,2017-11-16 23:02:26,2017-11-07 00:00:00
e4a8c46a68d36806c7eece77ed233a3d,7ee1519a04932fc747403d9f9a88128c,delivered,2017-11-10 16:16:24,2017-11-11 02:55:38,2017-12-14 14:52:12,2017-12-15 21:09:22,2017-12-07 00:00:00
572277c7077b3c381368920d578e0790,3405fe4705e91fb81b731c97b65310bb,delivered,2018-03-22 12:00:17,2018-03-22 12:15:41,2018-03-22 22:51:30,2018-04-02 14:37:03,2018-04-10 00:00:00
9a96cb87afd1a52ed560f0dba3de63ef,7777243b04d7bb4fd314227e2a7d9997,delivered,2018-05-20 16:01:20,2018-05-20 16:19:21,2018-05-21 14:32:00,2018-06-05 17:43:41,2018-06-06 00:00:00
e162ac83d9cf1ba96526e4cc7dc3e6b1,a71c8b5b9144227920fbb65d3de557c9,delivered,2017-12-02 17:12:18,2017-12-05 04:13:44,2017-12-07 15:28:41,2017-12-27 21:49:01,2018-01-02 00:00:00
71f1774048c60eba980279a3b19ba0fc,34b4cd430a4483d558e6a1f3bc94c88d,delivered,2018-02-20 10:27:28,2018-02-22 02:40:25,2018-02-27 21:22:28,2018-03-06 15:52:22,2018-03-12 00:00:00
fcf50b257e3e35c31244d4d78b760c44,f5e5fe72f9d970fc90546f2054e92c85,delivered,2018-03-07 09:44:27,2018-03-07 10:20:28,2018-03-13 18:58:31,2018-03-23 00:12:39,2018-04-02 00:00:00
958203017423df129c09a359f552907c,375478c8a0ad1c1b8a2c27cde81a25c4,delivered,2018-05-30 11:57:15,2018-05-30 12:17:17,2018-05-30 14:26:00,2018-06-06 14:16:35,2018-07-03 00:00:00
ce48e13a260d1585d74a5c4e0a830e6c,5552a11fd9f02c067bbdecaf9d85a5b7,delivered,2017-07-14 17:24:41,2017-07-15 03:25:41,2017-07-17 15:47:30,2017-07-27 14:42:09,2017-08-07 00:00:00
2f3e2209a4db6baec6526ced407bbce9,29fe12563a56d3735707d3faed2c7292,delivered,2018-02-16 16:39:19,2018-02-16 16:56:10,2018-02-20 23:22:02,2018-02-23 01:22:53,2018-03-05 00:00:00
ce5f998d724ed1ac61c890e33b24a33f,56f1622201c6d8b17b1bc57367841538,delivered,2017-11-28 01:16:27,2017-11-28 01:36:27,2017-11-29 18:54:49,2017-12-02 18:04:15,2017-12-18 00:00:00
7cbc65f44f89c2a106408220f92ee3c7,a1ef1caae4bf10e4c9887f4981bc1002,delivered,2017-05-26 23:17:06,2017-05-26 23:25:12,2017-05-30 08:46:59,2017-06-07 15:15:32,2017-07-06 00:00:00
f26b1f9ec4fda52abb40f124457b79c4,25e96ea17049e5c6afc22e3e400aae8e,delivered,2018-02-16 20:01:32,2018-02-16 20:10:27,2018-02-21 21:09:17,2018-02-28 23:32:57,2018-03-09 00:00:00
06cbf106e272a3ec4e936665d4489591,6fe5e50362aff82c34c213c56574bd09,delivered,2017-11-29 16:14:04,2017-11-29 17:30:52,2017-12-02 16:44:48,2017-12-21 19:07:17,2017-12-27 00:00:00
fdbab0ead1d866c97b54f7fbb3629096,b5bb2b17fd7e5eb79fa3f1091c6991f1,delivered,2017-11-27 21:37:11,2017-11-27 21:49:52,2017-11-28 20:59:13,2017-12-06 00:47:30,2017-12-21 00:00:00
a8e46b160afbe222158c657aebb0166c,256259930a0ca3c61844e90383be748d,delivered,2018-03-11 11:38:14,2018-03-11 11:49:36,2018-03-15 02:03:46,2018-04-02 20:58:34,2018-04-06 00:00:00
bcca8157ee4f7b0cd2e0505b01764144,daab4685358496bbfd69f4c8f515f653,delivered,2017-11-07 21:31:13,2017-11-07 21:51:27,2017-11-08 19:35:38,2017-11-23 20:14:05,2017-12-04 00:00:00
042ce41927758767ec2aa0de06486b4c,ffa8a2de48bb3fb30f0452c34d3b978d,processing,2017-12-01 10:39:13,2017-12-03 10:53:16,,,2017-12-29 00:00:00
0d193d461bbcef442c5e6786a16d5bca,d316653e26343ebd09a65316574afd7b,delivered,2017-11-20 12:49:02,2017-11-20 13:16:44,2017-11-23 20:15:38,2017-11-27 22:47:34,2017-12-07 00:00:00
0fc2805c054f060f9b7db454927b5024,3009498a7a49a1b61477ddf69ce3229b,delivered,2018-02-12 11:14:40,2018-02-12 11:28:08,2018-02-14 17:29:39,2018-03-11 16:50:33,2018-03-07 00:00:00
ef2b5fec0f07bc46dcc243b4df361988,ce965a35b8f462f3c7063723413d1374,delivered,2017-12-13 22:46:56,2017-12-13 22:56:28,2017-12-18 17:41:38,2017-12-26 18:12:42,2018-01-08 00:00:00
c152d21bf4fc58f89b8644af56cdc116,225c0949be781e5efb085b4dacb0a4a8,delivered,2018-01-13 13:26:35,2018-01-16 03:50:13,2018-01-16 19:17:23,2018-01-22 20:50:18,2018-02-05 00:00:00
9ec97afb4b5c962313a6e146711f8334,d451ccb279c80235f4c4b9bc1c0bc79d,delivered,2017-05-23 11:09:34,2017-05-23 11:23:04,2017-05-24 16:52:24,2017-05-31 08:57:47,2017-06-20 00:00:00
ae86dbc1549b4c0cb00dc0ea909fc6d2,2748df3a97f1a8f54195312846fe7917,shipped,2017-06-24 00:58:39,2017-06-24 01:05:08,2017-06-26 15:23:24,,2017-07-20 00:00:00
1529673c10a3ace0a6a5182963e93ad3,164a5e002d1556b4b5aaeb5d2ac1ef67,delivered,2018-06-04 11:45:52,2018-06-04 12:10:22,2018-06-06 06:22:00,2018-06-11 22:14:32,2018-07-16 00:00:00
46f36d95da75ced0462d57df904d36d0,06c629d842cb8236fceea0a9e90ccd1a,unavailable,2017-03-02 15:27:25,2017-03-02 15:35:19,,,2017-03-23 00:00:00
1fa5ff94927b15bd84bba43684f8fa6e,aa6d96d0e25354fab970635297f96f7c,delivered,2017-08-11 13:30:14,2017-08-11 13:45:09,2017-08-15 14:22:25,2017-08-23 19:28:04,2017-09-06 00:00:00
08090fccbb124a320054723db6201076,a272379c2986937171771cd55ebd00ff,delivered,2017-11-26 19:13:20,2017-11-26 19:34:18,2017-11-30 21:52:24,2017-12-14 23:08:38,2017-12-20 00:00:00
41932b54e17f6ae1f4be1f8886f47883,6d7caf3c6d9820247a945d2be2ee8e18,delivered,2017-11-02 13:18:17,2017-11-02 13:25:46,2017-11-06 10:59:04,2017-11-16 19:26:47,2017-12-04 00:00:00
c0e57db4a4a6ef32aa28911d1c07df81,9630893f817054e899ceb1c9a539817a,delivered,2018-05-26 18:41:31,2018-05-26 18:57:58,2018-05-28 14:02:00,2018-06-07 15:05:09,2018-06-29 00:00:00
cb33ba59f7f3b3d1f5caf3e8176551ea,7f3994454246f19eb6e9b1c52af0572d,delivered,2017-08-16 17:31:15,2017-08-18 02:30:33,2017-08-18 13:29:03,2017-09-04 19:10:09,2017-09-08 00:00:00
a7126b0cb60c6a688dfdac0b29f66f4c,c41a39d44789dfa58ded86a11abfc320,delivered,2017-07-16 20:05:12,2017-07-17 20:15:12,2017-07-18 18:56:52,2017-08-18 16:42:23,2017-08-18 00:00:00
1d8c036b52411d073f99e9008d0cd0d4,59ca6e314a56185671def79aece91c09,delivered,2017-04-20 14:34:44,2017-04-20 14:50:17,2017-05-05 09:45:50,2017-05-10 11:07:55,2017-05-10 00:00:00
427a7d86c1800330df14b3feb61f7254,692d619bc75c1973602f9e92f0690c23,delivered,2017-10-28 12:09:57,2017-10-28 12:26:18,2017-10-30 15:17:11,2017-11-07 19:21:33,2017-11-21 00:00:00
c1559efbfbb38d83f6280b505bd3e0df,750ff04084edf735dbe15e7765795ce9,delivered,2018-07-11 18:36:13,2018-07-11 18:50:14,2018-07-12 15:21:00,2018-07-13 23:21:22,2018-07-23 00:00:00
b14de6bc86a59d15cc7fff0abbadbcdf,1e40d4f1a80740db28186721d9a53aee,delivered,2017-07-22 19:05:18,2017-07-22 19:15:08,2017-07-25 13:24:57,2017-08-01 19:42:22,2017-08-08 00:00:00
dfd71e944918d4442a05232a620087cc,222e2f8a40cd10ba629a1bc6dd7848d2,delivered,2018-08-13 21:47:23,2018-08-13 22:04:17,2018-08-15 14:01:00,2018-08-21 15:57:38,2018-08-29 00:00:00
8299ae5e344b8553e8eacebd6018af5e,5b222737a3a5874ff3162df1ee6ae5c2,delivered,2017-11-29 18:09:37,2017-11-29 18:31:00,2017-12-06 00:38:52,2017-12-14 13:48:37,2017-12-22 00:00:00
dcc806fad366274f6fbfc81da473b307,0f0c9ca4e6328bcf59b283d3c02d6568,delivered,2017-12-01 18:14:34,2017-12-01 18:38:33,2017-12-06 20:03:08,2018-01-03 17:48:58,2017-12-26 00:00:00
9da52e96be91c3e6ed43b4bcfeba4ad5,998d1e672c845d38089a2e603b243a38,delivered,2018-04-22 17:13:22,2018-04-24 18:04:23,2018-04-24 19:31:32,2018-04-25 20:52:56,2018-05-09 00:00:00
b95b454428554b28f33786b07e41edc4,40b3dfbf520c45c6107a0d749c13855d,delivered,2017-01-27 16:31:54,2017-01-27 17:31:39,2017-02-02 11:21:07,2017-02-13 11:53:47,2017-03-02 00:00:00
e79714832b01797085c10409669150d5,be4bac7250c87be901bcda46aefafde6,delivered,2018-08-02 12:06:56,2018-08-02 13:05:56,2018-08-10 14:15:00,2018-08-13 16:12:25,2018-08-09 00:00:00
404400118a82aeeb44e856875c40f5e7,d464e9e9bbf4a24571dde33cae956db0,delivered,2018-05-02 09:27:02,2018-05-02 09:57:10,2018-05-03 07:49:00,2018-05-08 16:03:52,2018-06-01 00:00:00
76b47b741630b7b9d7ea28747cce5f50,d6a6573d697208be8079929f15a2c5a8,delivered,2018-02-18 19:45:15,2018-02-18 20:55:51,2018-02-20 20:45:00,2018-02-21 22:22:01,2018-03-05 00:00:00
83c7e450050581ef4de4b03199ccc1f1,9b43e2a62de9bab3ad220e858e95ccbc,delivered,2017-05-25 22:27:50,2017-05-27 16:35:16,2017-05-30 10:36:22,2017-06-06 13:38:21,2017-06-26 00:00:00
140b263288af3fc4f4b00c207639b37b,de0bac8d2ff6055f46241e3939e30a32,delivered,2017-03-21 13:40:15,2017-03-21 13:40:15,2017-03-23 11:16:38,2017-04-06 13:34:34,2017-04-11 00:00:00
f299ec6360351d71a661e17e4322500c,5e4c9ec63bef151d6e87f1a96581b692,delivered,2018-08-02 23:14:00,2018-08-03 19:30:55,2018-08-06 06:28:00,2018-08-09 13:27:48,2018-08-20 00:00:00
ef8ce968377e840a2be50d7c49a1f4ce,d262e8fcc210139d0efa2bf2a24fc0ea,delivered,2017-11-25 14:06:40,2017-11-25 14:17:53,2017-11-27 23:38:46,2017-12-06 22:42:34,2017-12-29 00:00:00
1c0c64e9fc35fd7abcb34b394b1ce8e8,c7c33b8ff508961ccc53a5bc09d90761,delivered,2017-11-19 15:53:23,2017-11-19 16:06:38,2017-11-20 21:27:02,2017-11-30 20:47:07,2017-12-14 00:00:00
b32b3375c9aee9e103b0c8ef64af9087,814ce562d2427d9ab15fc001a783d2f7,shipped,2017-11-24 11:54:58,2017-11-24 14:37:09,2017-11-28 18:06:50,,2017-12-08 00:00:00
94559fe2283a8ce81e14d3fee1d4e928,075ad0fda24dab7269482d16b193c87d,delivered,2017-08-19 21:22:17,2017-08-19 21:35:16,2017-08-21 20:27:56,2017-08-22 14:56:58,2017-09-01 00:00:00
be2c6e8995f1834bb439041b254f9662,330a6da5dc55174ac54298ac57c07be1,delivered,2018-01-29 17:09:54,2018-01-29 17:31:56,2018-01-31 22:46:10,2018-02-06 20:49:57,2018-02-20 00:00:00
3d4f72b7f014eaf7b6d68f504feef55c,955ed876526cd81bbac363ba0036492e,delivered,2018-02-11 13:34:44,2018-02-11 13:45:22,2018-02-16 23:10:05,2018-02-21 00:22:19,2018-03-21 00:00:00
4ea7a0509e9dc440b977de71fe9128cb,cfd4dd73c91fba5ba6772df1a5aeb40d,delivered,2018-08-18 11:30:57,2018-08-18 11:50:57,2018-08-20 12:41:00,2018-08-24 13:56:44,2018-08-29 00:00:00
fdb987001ececccfd2e9320c8115d125,354e7ab465a3fe3f1cab183fa4df7bbf,delivered,2018-06-11 08:33:35,2018-06-11 08:58:15,2018-06-11 12:10:00,2018-06-15 14:58:36,2018-07-11 00:00:00
089e38da3f1d828e95e2117ba84af02d,a262ff96bd2edd5049f3e9a759232fe4,delivered,2018-02-28 14:23:31,2018-02-28 14:35:42,2018-03-01 23:15:34,2018-03-09 20:20:50,2018-04-10 00:00:00
bab61aa88a055fe040e8868a7507921b,d0a2850b99e417938439abb2074bbb67,delivered,2017-06-29 21:22:46,2017-06-29 21:35:13,2017-07-03 10:42:09,2017-07-04 16:27:30,2017-07-12 00:00:00
65c1539b20cda15011ae449cc1378b5e,3c29da091612dc8d80ad42f5ca0373c6,delivered,2017-10-26 10:59:29,2017-10-27 10:55:52,2017-10-30 20:34:12,2017-11-01 16:45:42,2017-11-13 00:00:00
efb8dac7a0254c587d4004ae2b7a3b22,8708cba3fc19dd3882abcfd20b6229a1,delivered,2017-12-09 06:52:09,2017-12-09 12:51:09,2017-12-11 18:54:22,2017-12-19 15:19:02,2018-01-04 00:00:00
47dc3a1de5a0aec4323cdade0588655c,0031abfb953b66e998f67b09e7b11375,delivered,2018-01-23 13:57:55,2018-01-24 15:07:56,2018-01-25 23:21:17,2018-02-01 20:53:04,2018-02-20 00:00:00
5c94016e2e826e386554fe7e183161e0,ebfdcae3d5d2907f9f860407e64869ed,delivered,2017-07-16 23:14:44,2017-07-18 05:50:44,2017-07-18 18:25:49,2017-07-24 21:05:57,2017-08-10 00:00:00
da06df7d040d5e2bf092e9fc47954e43,29dbe12ea4f256a60ddbae03a3095483,delivered,2018-02-03 14:26:28,2018-02-03 14:49:36,2018-02-06 16:03:29,2018-02-22 13:36:51,2018-03-13 00:00:00
377664a1152f18858e261b5ee3d434e3,b3fa452309a527f9ea9db283523da5ab,delivered,2017-09-18 17:40:22,2017-09-18 17:50:14,2017-09-19 17:52:26,2017-09-29 23:57:33,2017-10-09 00:00:00
1aba60c04110bdd421b250ea33187a31,6be28898a686e866f6c992b45037d499,delivered,2017-04-18 21:20:40,2017-04-19 21:30:27,2017-04-26 18:48:01,2017-05-10 11:50:00,2017-05-18 00:00:00
44f6ad8b3c55a6b00f759cc0d0c77c3e,80539ad7394132cbb7d036fc3b0250ab,delivered,2018-05-03 23:21:13,2018-05-03 23:35:13,2018-05-04 14:12:00,2018-05-10 21:21:51,2018-05-23 00:00:00
0db2c372f61e248e4401702d0ae47fef,e2d0342b86f07154dc8c13d41e36130c,delivered,2018-05-18 16:10:12,2018-05-18 16:35:08,2018-05-21 15:20:00,2018-06-04 15:21:01,2018-06-12 00:00:00
cb146a1049b500293d63495c05722085,fc568bcf7ac0d77c0460a2565433aa88,delivered,2018-01-05 15:05:30,2018-01-05 16:09:05,2018-01-08 21:00:46,2018-01-18 21:28:35,2018-02-15 00:00:00
3c8d31d8f2771d0a5bc2c936d5a1440b,0a221a23ca36b34f1636bfdd15dc97a2,delivered,2018-04-12 09:47:35,2018-04-12 10:10:47,2018-04-12 19:12:51,2018-04-17 16:48:17,2018-05-02 00:00:00
dff1532187e859496ef16857a44c3d9b,1879e758287c0d278ef4b40588ac9ddb,delivered,2017-12-12 07:56:37,2017-12-12 08:09:01,2017-12-15 02:09:34,2018-01-03 17:46:10,2018-01-05 00:00:00
f175c06d9a1a1c98a7ba8dd83950718f,6289cf6bd100be2499a029a27b1b5f26,delivered,2018-05-16 13:38:49,2018-05-16 13:59:41,2018-05-17 13:21:00,2018-05-28 17:36:45,2018-06-20 00:00:00
f5564350b619e47f43db5be6a5e9db8c,2a39071dde4051dd748fc79b21d6139b,delivered,2018-04-01 09:50:44,2018-04-01 10:35:09,2018-04-03 21:57:01,2018-04-11 23:44:22,2018-04-18 00:00:00
1aeb6136411ab7da012863ac27055dcf,afdbdd6ec103b8d9549f8ec395ed5671,delivered,2017-08-15 11:19:24,2017-08-15 11:45:20,2017-08-17 17:58:21,2017-08-25 23:42:22,2017-09-04 00:00:00
a90935cd3ef2041119e57ab117b352c1,2322c0f516a8bad266c770d1150e55a4,delivered,2017-09-06 21:18:14,2017-09-06 21:30:17,2017-09-12 22:09:19,2017-09-22 13:29:41,2017-09-29 00:00:00
9e6e385a88dfaa08cf6fc6987f695a1a,d387f932b91dbe6ac83a90dec1147081,delivered,2017-09-28 15:22:54,2017-09-29 15:35:15,2017-10-02 16:05:08,2017-10-10 17:55:38,2017-10-20 00:00:00
b0c79f808d274a5fb07f15350111d490,bad71f25ef760fa92b33c67339f3df60,delivered,2018-04-19 17:43:10,2018-04-19 18:11:47,2018-04-20 21:28:55,2018-04-28 12:20:46,2018-05-15 00:00:00
ad48ecb306503a2b1707a029cc13a76c,7210b6a8ebad1b8ecb637c72f1f482c2,delivered,2017-05-09 11:39:21,2017-05-10 02:42:46,2017-05-11 12:37:57,2017-05-25 14:37:40,2017-06-08 00:00:00
cddea1bd1a4801af96fb84aab51b00fa,92edd14dcd6f01f12fd2796ef22c2cca,delivered,2018-04-05 20:42:57,2018-04-05 21:49:16,2018-04-07 01:16:27,2018-04-19 00:34:41,2018-05-03 00:00:00
7badee5c2f143381b7002bfbba9037b8,7a95f1b494f0062025b63b3193421690,delivered,2017-06-14 13:40:50,2017-06-15 03:10:43,2017-06-16 14:38:42,2017-06-22 17:33:26,2017-07-07 00:00:00
36e78e784a4d494d933d65b28b7bca99,e713a9c8fd99c412865d2d3746b769d9,delivered,2018-06-26 09:43:53,2018-06-29 02:53:27,2018-07-02 12:17:00,2018-07-06 15:18:30,2018-07-11 00:00:00
59969aa08998ef1dda379be25f84a6bf,666b6fa78c58b89047e516058ffaab77,delivered,2017-04-09 13:47:43,2017-04-09 14:04:57,2017-04-10 13:29:28,2017-04-17 19:03:15,2017-05-02 00:00:00
baa236e595125eae9865b38b2f1b7240,b660db37d14a783ec1dd53491cdcfca3,delivered,2017-03-05 17:56:53,2017-03-05 18:05:15,2017-03-07 08:44:53,2017-03-10 06:47:42,2017-03-28 00:00:00
8055553b2ae501c44c4bf92a642bc14e,6cfb890091b47dfe00a2346e23a1db20,delivered,2017-06-21 14:29:10,2017-06-21 14:43:45,2017-06-23 11:57:58,2017-06-26 17:57:26,2017-07-05 00:00:00
2e2cbb3249517eed43f1192508daa71a,f2a1d75b74d9ec748af88e894cd87597,delivered,2017-08-28 23:13:30,2017-08-28 23:25:42,2017-08-29 19:57:29,2017-09-08 20:41:48,2017-10-17 00:00:00
408bba49e507e2efa9fbb77966ca4697,7ec34e03cfead59804e2ae99d09014a6,delivered,2017-09-29 20:34:06,2017-09-29 20:49:25,2017-10-04 11:07:14,2017-10-10 22:33:42,2017-10-31 00:00:00
93d16f5ff7e2ae4320139a6faf1a2716,99d9e376b9df229d383187e990a7c87a,delivered,2018-06-08 00:23:11,2018-06-09 01:31:35,2018-06-11 08:24:00,2018-06-12 23:04:10,2018-06-26 00:00:00
a1a904e8b9bcacd940d9e8f476467cce,e74cccae44bbcbe44359bc665e6caa19,delivered,2017-07-10 09:41:36,2017-07-10 09:55:14,2017-07-10 18:14:50,2017-07-18 18:53:53,2017-08-09 00:00:00
26bd26a21d87b4594128d26b3b24e8d8,630c5fcf5e565c1c985cd334317eb33c,delivered,2017-10-31 13:51:13,2017-11-01 14:31:32,2017-11-03 20:55:48,2017-11-17 20:32:46,2017-11-22 00:00:00
e470c6e4248f6c0e6b0c0567de82123f,e7aff9e12a7ac16af1b0c2dd61de3578,delivered,2018-04-23 10:59:47,2018-04-24 18:35:56,2018-04-25 00:04:00,2018-05-02 16:59:20,2018-05-16 00:00:00
885cf064fa6aacca6acb757119e01287,1195059ff946475e0a67380b989ebd21,delivered,2018-02-14 19:38:45,2018-02-14 19:50:22,2018-02-16 15:09:13,2018-02-27 19:28:39,2018-03-07 00:00:00
159da9914b51de617fe80162939965c5,02611d7a9e40004ce72c2006dca2d7a9,delivered,2018-07-04 23:13:49,2018-07-05 16:40:26,2018-07-05 14:59:00,2018-07-13 14:04:50,2018-07-24 00:00:00
4748c7d66bbedbf52de84b3bc4cbc482,59e42a0f4ed79508f022aca1f2f87e25,unavailable,2017-05-25 21:45:54,2017-05-25 21:55:08,,,2017-06-08 00:00:00
0b941db180b52d77ad40655b465e6632,30bc4543eddb2d5677f3ef3245826c2f,delivered,2018-01-08 15:11:51,2018-01-08 15:19:26,2018-01-08 22:56:54,2018-01-11 16:28:56,2018-02-05 00:00:00
932da4ab5c1239381360b912976ef417,e4b702a6340fe28a885500871b9d13a8,delivered,2018-06-20 11:46:06,2018-06-20 12:05:58,2018-06-20 12:36:00,2018-06-28 19:37:51,2018-07-13 00:00:00
720e866ff68ce671cb5b7d04eaeac897,6003f6ddce876108eaed4aec0167e894,delivered,2017-11-24 01:44:28,2017-11-24 23:00:59,2017-11-28 18:51:59,2017-12-02 15:11:20,2017-12-26 00:00:00
ff54c442f3e9f50941a09dcf4e061e6f,c761ebec64b4f7a47b094442b3dbfe0d,delivered,2017-02-08 14:42:14,2017-02-09 03:03:23,2017-02-20 07:35:07,2017-02-25 05:57:53,2017-03-27 00:00:00
bdff7ea7134364dda401ab2e8ded48f0,9716fb9e3002825717c2fd41b423be17,delivered,2018-05-16 22:13:57,2018-05-16 22:34:46,2018-05-17 14:10:00,2018-05-22 18:38:49,2018-06-21 00:00:00
6b0b9168bf15f093a0153ef4d51f60b4,849b9aa0efddff750a8993d9451ef611,delivered,2018-06-14 10:59:13,2018-06-14 11:24:07,2018-06-14 13:59:00,2018-06-21 17:33:44,2018-07-13 00:00:00
e19a16df2a341d8b50812fe1ae800366,d81f8aa1254e807ac4701bcf6f71fe6c,delivered,2017-07-03 23:03:25,2017-07-05 03:03:49,2017-07-07 19:12:56,2017-07-21 18:07:52,2017-07-25 00:00:00
b765555cab4620de41a7714fe7359249,1b393c9084db305931984dec8e6d952f,delivered,2017-03-25 10:49:55,2017-03-25 11:02:42,2017-03-27 11:15:23,2017-04-01 13:18:37,2017-04-13 00:00:00
f61c1d32076f07bcd286065a88a11619,0bbae5720eecc2f859556a5bbc43466b,delivered,2018-07-04 16:36:37,2018-07-05 16:21:29,2018-07-06 11:27:00,2018-07-11 21:06:33,2018-07-17 00:00:00
32b88a9584e3facf4a7eda6c22b11219,e9a09c7c5f699f95b7bae10f94cac398,delivered,2017-12-05 15:26:00,2017-12-05 16:30:58,2017-12-06 14:57:06,2017-12-18 23:23:54,2018-01-05 00:00:00
81b1ecf11d38a0654a13192ce0fc2e5f,810741878a633d09a01e832247d4d31e,delivered,2017-11-23 21:16:35,2017-11-23 21:28:17,2017-11-29 16:48:56,2017-12-07 22:14:00,2017-12-13 00:00:00
62b134f6580231f5bf280f239b6f8ec7,ec935ccb698e597b61d34c15ff136313,delivered,2018-06-24 15:02:52,2018-06-24 15:19:08,2018-06-25 14:43:00,2018-06-26 21:19:32,2018-07-13 00:00:00
4fd59975900e997c6785ec9da06787aa,1dabbf0fce6d1d0256d0c7e0d779663c,delivered,2018-06-24 10:01:06,2018-06-25 19:54:11,2018-06-28 07:59:00,2018-07-03 04:28:50,2018-07-26 00:00:00
43d0adacfa785ccb9e7544f2c82c5566,8f1de240be482620d362ae4f2c6998e2,delivered,2018-02-13 19:16:22,2018-02-13 19:27:23,2018-02-15 23:29:05,2018-02-20 16:58:25,2018-03-15 00:00:00
bc0e143be142c22547b69235dd63a5ad,28f8e2e0788530456f50b2ca615b409d,delivered,2018-03-04 20:22:48,2018-03-04 21:00:33,2018-03-05 19:53:14,2018-03-07 14:19:55,2018-03-15 00:00:00
ed399d00352208424bcb1d007f75038e,cd33017db30cfb1c69a3789662b5ceba,delivered,2017-03-13 23:13:57,2017-03-13 23:13:57,2017-03-14 14:54:03,2017-03-20 15:08:06,2017-04-13 00:00:00
3f3e01f29d25bb2e62be81659113d44e,7843aa39f0f40f21f3ef45e89053c7ce,delivered,2017-02-06 14:02:03,2017-02-06 14:10:16,2017-03-08 15:34:12,2017-03-13 10:52:40,2017-03-13 00:00:00
ccefed81ada949952e76166b19f2b723,4ac279df237d79f58d8b70addc6e5d4d,delivered,2017-05-28 23:57:50,2017-05-29 01:10:25,2017-05-30 14:33:27,2017-06-07 16:05:27,2017-06-23 00:00:00
56203ab8c919f019d69bac51794e296d,4313e91cf5448328e880ae6455fabd3b,delivered,2017-11-23 21:52:43,2017-11-23 22:20:02,2017-11-30 21:04:10,2017-12-20 21:57:13,2017-12-14 00:00:00
58535c8942c191304a6b7c1b33c33b4f,15f88a36771492e2122d4550716862ea,delivered,2017-06-10 00:43:02,2017-06-10 01:22:44,2017-06-19 07:44:01,2017-06-27 16:09:34,2017-07-10 00:00:00
90a2ae3a8c450a4b8baba2fc8eb0fa59,f6b5c1255d74840ea920104295a66d0a,delivered,2017-04-19 11:32:09,2017-04-19 11:45:07,2017-04-27 10:33:46,2017-05-04 14:33:58,2017-05-23 00:00:00
954992d55d1d6251c24b9ccc3121ac1d,a1f05275483aa467edf3f2fac97de790,delivered,2017-12-14 10:13:08,2017-12-15 02:16:04,2017-12-15 19:18:39,2017-12-30 16:07:40,2018-01-15 00:00:00
794716f9607ee04ab236761fa34073a3,cb0c7e89135c416bc612ef8911d63222,delivered,2017-12-10 14:21:21,2017-12-10 14:33:34,2017-12-11 17:04:56,2017-12-19 19:58:54,2018-01-09 00:00:00
297a6cbb707aabf7bf2fd71dca333168,bb035eefe21037da91dd8e47f284dd39,shipped,2018-01-25 09:44:05,2018-01-25 09:52:59,2018-01-25 18:12:27,,2018-02-20 00:00:00
1264bdfa22a4cca2beb66c1f542e7f5c,54c196a036b31e7af51aa30178be083e,delivered,2017-09-19 23:12:15,2017-09-19 23:25:35,2017-09-25 20:37:42,2017-09-26 10:52:12,2017-09-29 00:00:00
8fce31c913563c7a93802d8c2cf758b2,1769a3ebdaadccc529c9e90afd139850,delivered,2017-02-03 21:44:34,2017-02-03 21:55:19,2017-02-10 13:44:10,2017-02-14 14:41:56,2017-03-07 00:00:00
ecafc1df29c0622f331e455f148fe404,ff2e6691c5ace08c9c5c3109f6b4afa4,delivered,2018-08-07 14:18:27,2018-08-07 15:00:09,2018-08-07 16:32:00,2018-08-10 14:35:43,2018-08-15 00:00:00
05646cef8f5791776e224b7967607b4f,e3d26d1fe9b0926a8a306b11179bbd00,delivered,2018-04-15 16:50:27,2018-04-17 06:11:32,2018-04-17 21:36:35,2018-04-25 21:46:45,2018-05-15 00:00:00
c6bab3474f095311c68ed0f0285749f6,8c538bb5d1cd0d2ede1b3c5a8ca0abcb,delivered,2018-08-17 21:45:54,2018-08-17 22:09:46,2018-08-20 07:37:00,2018-08-24 17:07:38,2018-09-05 00:00:00
a9240cc919cc42178e1f3f9e15e79d23,0a924ae136218f3bbed75d78458c8589,delivered,2018-02-28 01:26:11,2018-02-28 01:48:09,2018-03-01 09:47:17,2018-03-15 18:11:51,2018-03-23 00:00:00
ba7618e8de91dc98cc72046465932960,1e9ab936549ab0a87fdb451b9c0d26ab,delivered,2018-03-29 13:01:51,2018-03-29 13:40:09,2018-04-06 00:05:13,2018-04-20 21:38:31,2018-04-24 00:00:00
04158f13c5f4533ee32baa89521cf9ba,6c84ea1d496954fa658db8f7f20467d5,delivered,2018-08-15 09:48:31,2018-08-15 10:04:07,2018-08-16 14:23:00,2018-08-28 22:08:33,2018-09-06 00:00:00
8a9cce19aa49e055f2babb81d5a71c40,f2676ef361959c938b35ecd32321adce,canceled,2018-02-01 10:04:20,2018-02-03 02:52:42,2018-02-05 20:41:28,,2018-02-23 00:00:00
c575345e0d439db28e378a552b8d4110,0ec60d83bb2743741cbb96d398a0e505,delivered,2017-11-26 09:32:58,2017-11-26 09:54:19,2017-11-30 18:33:54,2017-12-05 15:15:20,2017-12-20 00:00:00
e72598a24e84f85f6b47b99c7fcb32fb,f5daceec98cca88eaaec8c148a16d726,delivered,2017-12-21 11:27:57,2017-12-21 11:50:00,2017-12-22 22:59:04,2017-12-27 15:13:14,2018-01-10 00:00:00
d6612c0b5c2faff1e61d05c65f643f2d,c51149c8c797129a3b95a29b17390323,delivered,2018-02-14 13:48:55,2018-02-15 17:10:30,2018-02-19 23:52:35,2018-02-28 18:47:41,2018-03-14 00:00:00
b88ab07fb8df9a5215f630bc0da356f8,33b637b65158f77c5944eace3237c3f2,delivered,2018-02-19 21:30:49,2018-02-19 22:36:04,2018-02-20 22:42:49,2018-02-28 01:00:18,2018-03-09 00:00:00
51eb3e42940efb2afe2e7546e8bf2f5d,88066642a5d1d72635324e65fade6905,delivered,2017-02-08 06:48:03,2017-02-08 06:55:12,2017-02-08 10:44:36,2017-02-22 15:12:35,2017-03-17 00:00:00
fdde45331586a2e1145f846f3787feef,c43c23b9be9dd58496515530e4cd5f8c,delivered,2018-01-09 14:25:50,2018-01-09 14:32:48,2018-01-15 19:51:58,2018-01-28 13:51:47,2018-02-23 00:00:00
baf34be6cfe3f776452debc5836c7c4f,31ce3b7266c8ced7fd910aa284887fe9,delivered,2017-07-28 13:10:53,2017-07-28 13:25:17,2017-08-07 20:32:34,2017-08-14 16:22:34,2017-08-25 00:00:00
9109f2cca26d92ac4e064bb93da37c74,b5f2a4924544faeb20cb0c0b658cac45,delivered,2018-07-22 20:05:18,2018-07-27 23:31:15,2018-07-24 14:01:00,2018-07-31 21:28:59,2018-08-21 00:00:00
ef7c5d4791639dc1862b7bb3bacb3d48,f3e31afdae80581be48ce94e7b0f3366,delivered,2018-08-06 11:32:42,2018-08-06 11:45:14,2018-08-09 14:44:00,2018-08-13 20:18:42,2018-09-03 00:00:00
43f8e020752c67130ddf027e0297291a,964343a3f8a65e01ffad1b9bfaa7d7e9,delivered,2017-01-26 17:40:03,2017-01-26 17:50:13,2017-01-27 17:34:52,2017-03-10 05:41:43,2017-02-22 00:00:00
19253d0cbd6ac2d70e7d7171308b2426,b8f2418875e2a7defe72582767d67bbd,delivered,2018-07-12 20:36:15,2018-07-12 20:45:15,2018-07-16 08:53:00,2018-07-25 15:14:56,2018-08-07 00:00:00
54889af87c9d52034e56647c18e0fc8d,8a90ed699497824a81e94d090da7e70b,delivered,2017-11-25 08:10:50,2017-11-25 08:55:23,2017-11-28 22:13:37,2017-12-18 19:57:20,2017-12-27 00:00:00
a8e925972920153be4f6c40a5bcd630f,5996c022bd9200b294c361121cf19d6a,delivered,2018-01-16 16:56:12,2018-01-16 17:10:06,2018-01-17 17:09:45,2018-01-23 20:13:44,2018-02-14 00:00:00
d4d225097cf7faefa475ca4af70f7fc4,ed9339b395f5aad0302afac0f30a0c6f,delivered,2018-04-16 13:05:56,2018-04-18 03:30:11,2018-04-19 13:26:31,2018-04-23 20:24:53,2018-05-09 00:00:00
9bf093d4cb20c8d9351da44b0faf5d8d,9af7f9690b3c3c46417a9829a7a02068,delivered,2018-03-19 23:40:11,2018-03-20 00:31:28,2018-03-22 22:54:48,2018-03-26 16:49:05,2018-04-02 00:00:00
f6951204d4c5a8b9721e0039ed0c894a,4569e4a32c5ee64dab507e8ecfa0f142,delivered,2017-11-25 21:51:29,2017-11-25 22:33:50,2017-11-27 17:52:54,2017-11-29 18:18:50,2017-12-11 00:00:00
ff834ecc7838d679d1cbd96ad32cee27,5cbb774b043be6439aa9c5a51efea395,delivered,2017-06-27 14:17:09,2017-06-27 14:30:19,2017-06-28 14:37:51,2017-07-06 14:52:01,2017-07-21 00:00:00
1b1cfac7fddb9f3b9f9021fd182a557b,09fb2d2b184e3e8fc038bb62208006ef,delivered,2018-02-23 19:55:38,2018-02-23 20:10:28,2018-02-27 18:32:59,2018-03-26 23:08:57,2018-03-20 00:00:00
2b32434b3f10a1b43c3e150614a63934,0d53840309a3d05e83f35ff1afb396d3,delivered,2017-07-23 12:59:47,2017-07-25 06:43:09,2017-07-31 21:23:49,2017-08-04 12:16:10,2017-08-18 00:00:00
c7cfea0c153e6382e32e84c2a9dd7d2e,a8c2e32aed3234b2ee687d8ec36adb20,delivered,2017-10-03 11:54:15,2017-10-03 12:07:18,2017-10-04 17:17:42,2017-10-20 21:13:30,2017-10-27 00:00:00
fa9149f35155659eb319081d8e6f74af,0829a7f317e4c74aaf5651b578c781fd,delivered,2018-07-25 22:41:51,2018-07-25 22:55:19,2018-07-30 15:18:00,2018-08-06 23:08:35,2018-08-15 00:00:00
ea844c92cf978ea23321fa7fe5871761,6ddc45ad08e6a2c885ca2255fc52d6df,canceled,2018-09-13 09:56:12,,,,2018-09-27 00:00:00
8cf199d4f67bb071f1256279824fafd6,2133061e42f4c0fe531449160879159c,delivered,2017-12-12 14:41:34,2017-12-12 14:52:26,2017-12-14 22:55:09,2017-12-22 16:15:04,2018-01-05 00:00:00
19f0b0e6659d4be20f4325ad739ffac6,b580a709dda9827ce092d89b3f8c01b6,delivered,2018-07-31 00:16:31,2018-08-01 03:31:49,2018-08-03 12:26:00,2018-08-16 16:18:24,2018-08-22 00:00:00
a5931d87676f8226c1157c5d68be6969,f19594245ba83aaf403455a6c1bc5814,delivered,2017-07-15 17:29:04,2017-07-15 17:43:46,2017-07-26 10:44:21,2017-08-03 20:25:27,2017-08-16 00:00:00
6bc3888289830fea0d2ed7c54501fbea,d7cca737c794c3efad350217fce55d6c,delivered,2017-04-08 23:05:55,2017-04-11 04:02:17,2017-04-19 14:53:49,2017-05-11 09:41:29,2017-05-05 00:00:00
e5ceeb853f293840691322fbb8f532e0,1ce5970476d44fcc425a9070d8fa8679,delivered,2017-08-09 17:08:30,2017-08-09 17:25:16,2017-08-11 20:37:49,2017-08-18 20:12:30,2017-08-29 00:00:00
06afc1144eb9f51ef2aa90ec9223c7f4,e8be078dee76002545a9c5f10b7d7c4e,delivered,2018-08-15 17:13:07,2018-08-15 17:25:20,2018-08-16 14:44:00,2018-08-24 22:54:42,2018-09-20 00:00:00
17536125bc0b2189e30b5fa945a8773a,3ce2aed29f86a6e0051d5dbe89c0306c,delivered,2018-04-30 13:32:47,2018-04-30 13:52:24,2018-05-04 15:53:00,2018-05-07 19:22:37,2018-05-14 00:00:00
f4f6ec218c3835f1f37fd926a6f6124b,1dd87680282666e5a52fd7f3a8abfe19,delivered,2018-01-10 20:50:19,2018-01-10 21:08:58,2018-01-13 01:25:23,2018-02-01 01:41:32,2018-02-21 00:00:00
22e9617c26ec9b8bd09c75095067a631,7f11dfabe073952b7e6ef2ed28eb3260,delivered,2018-01-22 22:26:08,2018-01-22 22:37:24,2018-01-23 16:38:57,2018-02-07 12:07:57,2018-02-19 00:00:00
b68158eed8887928a1dea62a3d9fc407,6fc2f5ad517b6d8f74b12e58397f6615,delivered,2018-02-09 13:48:50,2018-02-10 02:49:30,2018-02-15 19:37:13,2018-03-06 11:37:48,2018-03-23 00:00:00
869548743b57fc4906baa944c448a644,787ee066fc58aaa400883d9f5abf7b67,delivered,2017-09-30 09:20:02,2017-09-30 10:00:10,2017-10-04 19:56:50,2017-10-11 23:22:28,2017-10-27 00:00:00
5ee7b62e53d3ff1201ab0f826ce413db,72adcf6a1e2e058550157b9ee9e202d8,delivered,2017-05-24 15:41:46,2017-05-24 15:55:10,2017-05-30 08:38:18,2017-06-02 16:22:08,2017-06-20 00:00:00
24226bb79f1be40c60396cd457ada96e,0c4193409d3d33915a701485f8d6e0e8,delivered,2018-05-20 12:10:07,2018-05-20 12:30:36,2018-05-21 18:27:00,2018-06-12 14:38:41,2018-06-07 00:00:00
376fa786ca009c39d2d78a87ecd0d4af,46e753fafc19f9fccaf24a44d0aa38d1,delivered,2017-07-29 21:09:26,2017-07-29 21:26:32,2017-07-31 22:17:00,2017-08-07 14:24:43,2017-08-18 00:00:00
14f90c3a16f99d432faf1ed9edde1379,5ae9750560eff787bef03f127c5db246,delivered,2018-03-21 12:06:28,2018-03-21 12:47:37,2018-03-22 19:09:06,2018-04-05 16:52:21,2018-04-17 00:00:00
666ee8dddb0138c7703e3e2a8bb8919f,c94505e1ef376d9df87e5c35a2c5dc2d,delivered,2018-05-01 22:42:32,2018-05-02 23:30:27,2018-05-03 09:48:00,2018-05-15 19:26:36,2018-05-25 00:00:00
2372e039a79fcd32009462cf86c2616f,b462db54c81d851ffb3aa793cb6dc33f,delivered,2017-08-08 15:14:17,2017-08-09 15:10:20,2017-08-10 20:09:59,2017-09-19 15:54:47,2017-09-04 00:00:00
e3071b7624445af6e4f3a1b23718667d,0bf8bf19944a7f8b40ba86fef778ca7c,delivered,2017-09-05 22:14:52,2017-09-05 22:30:56,2017-09-06 15:26:12,2017-09-11 13:27:49,2017-09-22 00:00:00
87a5b73c9ee4b5b6148d301393dd72b2,6f7157ebeee120bb8fbfd559c07d275e,delivered,2018-02-23 17:19:08,2018-02-24 02:35:23,2018-03-12 20:08:50,2018-03-19 20:43:33,2018-03-19 00:00:00
6480dffdb7765afb3bbb91cfdd9c569f,c38f349ec38ba57cc2e541b1e481f451,delivered,2018-01-18 20:30:36,2018-01-19 20:29:52,2018-01-22 23:56:30,2018-01-29 18:24:55,2018-02-02 00:00:00
d2fee637306555bfacf7b885044cbaff,23318be45d9aeca4f5a236541ab36490,delivered,2018-05-04 22:48:55,2018-05-07 17:29:37,2018-05-10 13:54:00,2018-05-16 16:18:58,2018-05-23 00:00:00
41cb9d97fc1bb4dd341d2f383972d178,69d8640e3ec57652bd4f2a6ecc8755eb,delivered,2017-10-19 17:15:44,2017-10-19 17:28:31,2017-10-20 18:05:19,2017-11-09 23:36:49,2017-11-10 00:00:00
b0cb5e1b222437d8ee177f463fbcf464,52e79890db8c8221861c635f6b460b1d,delivered,2018-01-23 12:41:06,2018-01-23 13:01:30,2018-01-24 13:54:22,2018-01-31 15:48:46,2018-02-21 00:00:00
fb8e4428d340ab5bfa482ef6fc97efbc,6058d310d497d1af90c0f2058955efdc,delivered,2017-09-03 08:23:32,2017-09-03 08:44:16,2017-09-04 19:49:56,2017-09-06 21:43:33,2017-09-21 00:00:00
a1b33a82ce718e7ad4704992b3c01624,23ecd7f57e750c54d6f770677c00caa3,delivered,2018-01-13 16:47:31,2018-01-13 16:58:26,2018-01-17 23:19:29,2018-01-23 19:26:46,2018-02-16 00:00:00
e267e6d5b54bdbcd941f9c8bc4eadb82,63b392cf71e7448dd8060bd98d3ad4f2,delivered,2018-07-12 00:07:11,2018-07-12 00:26:07,2018-07-16 13:02:00,2018-08-03 19:14:43,2018-08-10 00:00:00
ab3049853be314c3dcc3721cea4438e1,5c19afd44aa5b737ea4459ab0080193b,delivered,2017-09-15 08:28:52,2017-09-15 08:44:08,2017-09-18 13:15:00,2017-09-29 18:51:38,2017-10-03 00:00:00
a25311696c11be42fd840360f1d36669,ab8697128803dbf22b675b30fd74fafc,delivered,2018-01-29 13:52:14,2018-01-30 05:31:30,2018-02-05 15:22:10,2018-02-08 17:34:13,2018-02-14 00:00:00
4154d7944db36e9140645486ce34027f,3fc34478cb8f0427d63b362dfad74f51,delivered,2018-07-25 23:21:47,2018-07-25 23:30:13,2018-07-27 06:16:00,2018-07-30 18:42:42,2018-08-10 00:00:00
aea5a3457f531f97bc2b4a7cccbc1275,72e52fa2842a1f436977fd4a332dc199,delivered,2018-08-17 19:10:14,2018-08-17 19:30:10,2018-08-20 14:31:00,2018-08-27 15:29:03,2018-09-06 00:00:00
c7e54cda763ff9e557ac3bc3032a99c6,cf7bc9b2f63708aefa618dae3b178be3,delivered,2018-04-07 12:05:46,2018-04-10 04:10:34,2018-04-10 18:03:06,2018-04-16 16:28:33,2018-05-10 00:00:00
0b273b3e899144ab36619eda910cc72a,af605ee4741b701d7e3369192f200a40,delivered,2017-11-24 16:27:29,2017-11-28 03:32:42,2017-12-04 23:41:50,2017-12-12 16:03:55,2017-12-14 00:00:00
344b189b705831ff56d313993ebdd789,dc1ae3bf413691963904df3c6ef69076,delivered,2017-07-26 17:46:02,2017-07-27 17:55:13,2017-07-28 17:36:00,2017-08-01 19:10:09,2017-08-17 00:00:00
1e9a325806cd4eeb04256f2f843e6815,d65b84d54acd781b90b6ca1310c7ab70,delivered,2018-03-14 14:55:08,2018-03-14 15:49:09,2018-03-15 21:58:51,2018-03-21 14:02:34,2018-03-26 00:00:00
2031a1b41c54dd437f56e81eacb22e7a,34ce7c651143c0ee4ef50835e5f141b0,delivered,2017-12-06 08:27:00,2017-12-06 08:36:21,2017-12-08 02:43:11,2017-12-19 20:53:13,2018-01-08 00:00:00
a9451e0c97199724d8edfc301ea8ca65,27c3972178e2db6a0a769e1aae07628b,delivered,2017-07-30 22:57:22,2017-07-30 23:40:15,2017-08-10 20:38:10,2017-08-14 13:16:47,2017-08-21 00:00:00
47e4c8c9420d2f409428aa0249dd2704,b3704e8df70918133ae666dd83d8ed87,delivered,2017-12-19 21:19:38,2017-12-19 22:18:26,2017-12-28 20:59:14,2018-01-15 15:37:21,2018-01-29 00:00:00
3ab06142761c8a779015c0f3ec16c276,d370b5ca9d89f669acb7f1ebb46e38b9,delivered,2017-10-12 14:49:04,2017-10-12 15:27:48,2017-10-16 13:36:08,2017-10-23 18:00:08,2017-10-31 00:00:00
a2c7b8f8a4fe1bc4a8f4e30a5311861d,519fe7375966b917ba9d1f8b7a8784eb,delivered,2017-01-23 07:33:11,2017-01-25 02:42:30,2017-01-27 13:55:40,2017-02-07 17:22:15,2017-03-02 00:00:00
5766618ba4b6f3761f15ffb639a89aac,0b4442cad8eab4b19f6f4bd2132846a0,delivered,2017-12-21 11:35:22,2017-12-21 13:49:56,2017-12-22 17:52:07,2017-12-29 20:47:22,2018-01-10 00:00:00
270c25da086ad763f34a2cd66c6aae7a,12a9b33607c2fec94977963045396299,delivered,2018-01-02 16:02:11,2018-01-02 16:09:11,2018-01-08 23:15:28,2018-01-17 20:36:35,2018-01-31 00:00:00
72b02234375680d174bc9fecfb0fd9fe,3c97c51a472647f2bbee4b45c1e6c761,delivered,2018-05-28 16:15:22,2018-05-29 16:12:23,2018-05-30 11:06:00,2018-06-02 12:24:21,2018-06-20 00:00:00
363f10f9a33417de0135b77187a5222b,aeb580cdb23cf46633b27190611d7844,delivered,2017-11-12 20:32:49,2017-11-12 20:46:22,2017-11-14 21:38:58,2017-11-28 23:33:04,2017-12-11 00:00:00
ae09ebb82b7283effd23c7a5017498a1,8c49acfb0572260243fb807b44f94200,delivered,2018-07-31 14:01:47,2018-07-31 14:31:31,2018-08-03 12:07:00,2018-08-13 23:08:45,2018-08-21 00:00:00
ef39e8a01edeec8664b6fa8ebc5f3b9f,79a4b9f824dbec2f1a4a832b48b9ba24,delivered,2018-03-10 16:43:11,2018-03-10 16:50:29,2018-03-12 22:56:41,2018-03-20 00:24:43,2018-04-03 00:00:00
35f069c19a16b1ef6a4c4fda664db415,1af81a97080e5f84ff8390118b0e991f,delivered,2018-03-19 19:51:05,2018-03-19 20:08:44,2018-03-20 23:12:15,2018-04-04 13:57:42,2018-04-13 00:00:00
b26d171d404f1e506b8d41c6f70c4426,3a5c33915bd8a049355d05d61e6c4650,delivered,2017-09-25 13:51:01,2017-09-25 14:06:02,2017-09-29 16:16:07,2017-10-10 17:08:24,2017-10-20 00:00:00
9d1cb025d19b5ad3a5bbd1fd6bda4aa5,3ce6cd85b3aba2bdb4c1aecf14f5ac60,delivered,2018-06-27 18:24:27,2018-06-27 18:35:13,2018-06-29 14:52:00,2018-07-10 17:18:25,2018-07-26 00:00:00
bc0feb6a96ad7552648f4183cb6ecb63,d52952f17a55695f6713b15d38c9af52,delivered,2017-02-23 10:06:46,2017-02-23 10:33:11,2017-02-23 11:42:33,2017-03-13 03:04:12,2017-03-28 00:00:00
bec6fff5a33e4074bf4e32a7f142b39d,36fbc4c15c4091e773c854faa9713ff5,delivered,2018-02-23 14:29:49,2018-02-24 02:50:40,2018-03-10 17:21:49,2018-04-11 16:48:55,2018-04-16 00:00:00
b6fbeeba8ce77342619aa0311aff42d3,960743aba9d66c28f95d9a35155f79eb,delivered,2018-04-15 17:27:03,2018-04-15 17:50:53,2018-04-16 23:05:33,2018-05-01 17:28:44,2018-05-23 00:00:00
b1417ba6ab7c47ce85dd05e068e2afe1,2d1dc0adf607e9d8955024090a9c6a8b,delivered,2017-08-25 20:57:41,2017-08-25 21:10:42,2017-08-28 19:32:38,2017-09-08 11:08:18,2017-09-20 00:00:00
6172c4e124342a72597bf383245b9e15,9be4c248c54c3cbb40d2dfd23461cab9,delivered,2017-06-27 10:58:32,2017-06-27 11:25:42,2017-06-30 12:15:34,2017-07-15 14:21:18,2017-07-31 00:00:00
be85a93eeefbad9670c7b2d84dfb7502,ae08d99064f67ee7565351349be1ddd2,delivered,2017-06-17 22:17:36,2017-06-17 22:25:13,2017-06-19 20:03:34,2017-07-03 13:21:30,2017-07-21 00:00:00
2bdda5cf39975296883f9b09394d0dd2,2a5bfbf7cca5146d4d4032d11ed49556,delivered,2018-05-17 21:13:16,2018-05-19 03:15:28,2018-05-21 16:02:00,2018-05-22 11:44:33,2018-05-29 00:00:00
830c29e153b8851069e85be33116ac1c,77da57fc4d1c3f144250271fe00ac924,delivered,2018-01-19 13:13:25,2018-01-20 09:08:37,2018-01-23 19:24:31,2018-01-29 15:37:38,2018-02-09 00:00:00
e358b1e356a4242ef1e60c1a8e8068a8,7c5aa65f196613f9635005324fe91048,delivered,2018-02-14 21:52:16,2018-02-15 00:31:34,2018-02-16 03:13:36,2018-03-03 08:59:06,2018-03-13 00:00:00
4a202f407d179ddfd8b58bba11a48809,f7094a02fa3e369765c0c35f09c6eb5d,delivered,2018-06-26 10:52:43,2018-06-26 11:18:13,2018-06-27 13:03:00,2018-07-04 16:08:47,2018-07-25 00:00:00
ddfc5bfeb3554462248798b6670835a9,300ce7fc3fb7ffda8794cd2f97b2f826,delivered,2017-10-13 10:57:56,2017-10-13 20:07:10,2017-10-16 14:28:39,2017-10-31 17:43:38,2017-11-01 00:00:00
561cdd2accb4b96049e2f85972d8bffe,6ed3ba51865085a8de8bb730cefc8a32,delivered,2018-06-06 13:36:53,2018-06-06 13:53:52,2018-06-07 13:49:00,2018-06-25 19:29:45,2018-07-20 00:00:00
0da2f53b590353e40a328c2d8c3dd010,9d79b3c159727a1fccf44acd17ccd2a5,delivered,2018-08-16 12:15:39,2018-08-16 12:25:19,2018-08-17 16:49:00,2018-08-23 00:03:03,2018-09-13 00:00:00
b399edffb45924aa34e06ccfab7513bf,be5b2407d2c040ac93d987080f64fcec,delivered,2017-11-16 12:08:03,2017-11-17 03:50:39,2017-11-17 23:11:55,2017-11-24 17:32:16,2017-12-06 00:00:00
4fbef147dd3264b3b8764ea9ecdc462f,42cabe59c2d8dedc4cac7e52a2eeb731,delivered,2018-06-27 10:15:36,2018-06-29 02:53:19,2018-07-06 08:39:00,2018-07-10 19:41:29,2018-07-26 00:00:00
090353bbd0b20f65c374b389aa15dcf4,975b4155ac0320833dc30e150b1d5ce0,delivered,2018-07-24 19:26:30,2018-07-25 02:50:16,2018-07-26 16:03:00,2018-08-03 15:02:13,2018-08-15 00:00:00
a5a9f45d795fafe0077043697f62fd4f,666042f9936326aaee21b02eedeedc79,delivered,2018-07-04 14:45:20,2018-07-05 16:30:50,2018-07-04 13:41:00,2018-07-11 23:08:32,2018-08-01 00:00:00
e3e81ec82803ad01f1d0569485ea0b75,4b18fb110efbfff3ebecb22c9127f816,delivered,2018-02-16 12:57:20,2018-02-16 13:07:03,2018-02-21 20:23:30,2018-03-02 14:35:53,2018-03-12 00:00:00
53db88291e76734a879285c628cf2ce1,80bdf2f0a0f516837cd3387d82fdf5c5,delivered,2017-12-29 11:47:28,2017-12-29 11:58:22,2018-01-03 16:28:39,2018-01-09 18:08:20,2018-01-29 00:00:00
f58a410869583fc8b7c47aca74ef43c5,f147125795a7a02f3c99864c16f99fbd,delivered,2017-05-23 16:32:06,2017-05-23 16:45:28,2017-05-24 15:21:41,2017-05-29 07:44:02,2017-06-26 00:00:00
e4805728ef2799ec455a63ddd08aa52e,71f94b6f47acb3bd2047fd4d1800d2e1,delivered,2017-11-24 10:19:23,2017-11-24 10:32:38,2017-11-29 17:32:40,2017-12-20 21:53:43,2017-12-27 00:00:00
f14a4d4319ffc65a920a962e0532907d,cbd8e50ddd632c2457b5b6340498e211,delivered,2018-04-05 20:15:38,2018-04-05 20:29:13,2018-04-07 01:14:38,2018-04-14 18:05:07,2018-04-30 00:00:00
d48af423b2e9d7e208f37ba365eebc1a,4babb868246b861f9f4acb33650d5505,delivered,2017-07-07 09:14:09,2017-07-07 09:25:20,2017-07-07 18:17:25,2017-07-19 21:33:35,2017-08-11 00:00:00
55ded7b9e61d1c3f566b5bd78d2705a7,0b9a8afe0b1b0528e5f71368e7554722,delivered,2017-08-28 18:19:32,2017-08-28 18:35:06,2017-08-30 12:17:48,2017-08-31 13:27:17,2017-09-11 00:00:00
7837962c3d0968b066e6e54738c2f307,d8f2b7c4dca5dbd34d5e86fbb6f905c8,delivered,2018-01-13 20:42:27,2018-01-13 20:50:25,2018-01-22 20:28:40,2018-01-27 00:12:18,2018-03-07 00:00:00
d21ea1f0cfac8642b1a98b71ac53e32f,0812b360195c1929d1c73e9ff946522a,delivered,2017-08-20 20:11:55,2017-08-20 20:30:15,2017-08-24 21:23:59,2017-08-28 21:14:45,2017-09-18 00:00:00
63020d26ebaf7d3f0b7b2a79b9f76124,ea31a5b1fb564b6b82cd8f5a3a51c12e,delivered,2017-07-30 10:01:10,2017-07-30 10:15:18,2017-07-31 17:07:56,2017-08-03 19:42:10,2017-08-18 00:00:00
a5a315fbb356c78710a6c0c4129525d0,601e4637ee77e342cd967dab2de46cab,delivered,2017-07-26 07:54:12,2017-07-26 08:10:07,2017-07-26 15:09:59,2017-08-04 18:57:30,2017-08-21 00:00:00
2ac8b5ea56aeef62ecdcdc509cb1efaf,68d295367a8abcda02105da98b108bc5,delivered,2018-02-10 13:18:14,2018-02-11 13:15:45,2018-02-15 22:35:51,2018-03-06 21:58:22,2018-03-14 00:00:00
100cd7893daf3992dc9d95b595c713c5,d6ede6797029d41ae9844c7f86e65b3e,delivered,2017-12-23 22:03:24,2017-12-23 22:14:20,2017-12-26 23:33:14,2018-01-09 16:34:45,2018-01-29 00:00:00
3b80f5f8f9c4664e52e228a8ce5752f9,b62c66b99dc904ade0b5568a95fe904d,delivered,2018-02-27 22:34:44,2018-02-27 22:50:52,2018-03-16 00:37:36,2018-03-19 15:26:30,2018-03-13 00:00:00
96a2ebaf09ce36a4370b97e9fd0d5a85,a7874da00f871ce4c4110dd1f66b9c2f,delivered,2017-06-16 21:09:41,2017-06-16 21:23:06,2017-06-20 12:22:34,2017-06-21 18:12:37,2017-07-03 00:00:00
d4206a5584f401730e7680e4b9cd696d,ca8e057b7011f4a2fd41ba32463984e5,delivered,2018-03-23 13:40:32,2018-03-24 02:11:00,2018-04-10 22:44:30,2018-04-11 14:31:50,2018-04-20 00:00:00
60d13096e69ace88a0c5b8c3805010ca,54bd7edf8250e9e67794e9df507e3720,delivered,2017-11-06 13:48:10,2017-11-07 07:30:35,2017-11-10 14:24:33,2017-11-18 12:21:41,2017-11-28 00:00:00
1bf6db71e147c950fe9925e0be89ec4b,ec26ff9b46af83d9c60691c89bf24895,delivered,2017-01-26 15:37:27,2017-01-26 15:50:18,2017-01-30 13:32:39,2017-02-08 13:08:37,2017-03-02 00:00:00
30d5a8ce8a4195b742a8342c739efe91,d5c1cc3d673b9f1e655ffba6b3aab893,delivered,2018-07-28 13:09:32,2018-07-28 13:24:10,2018-07-31 09:24:00,2018-08-03 12:48:42,2018-08-14 00:00:00
6b026a0a382ef161c512318a3b1edbe1,13fcc139e9162c05fb256d3bd6fa16f8,delivered,2017-12-24 19:23:28,2017-12-24 19:30:26,2017-12-28 18:48:58,2017-12-29 14:22:51,2018-01-15 00:00:00
1b2d622f7ebb8e65f7de3e389f052540,0dc0162bbe9965694a426d8c6f1a56fb,delivered,2016-10-06 11:05:43,2016-10-06 15:51:13,2016-10-10 15:51:13,2016-10-27 08:14:36,2016-11-28 00:00:00
d839ea07a528e914f89702508023da37,eee74b2a9aa0989243d2793c1a90fbf6,delivered,2017-10-11 14:49:49,2017-10-11 15:08:32,2017-10-13 21:09:03,2017-10-17 21:56:01,2017-11-03 00:00:00
cb4c7b5c4ba9391a068afd96cdd155c6,57bfbfc924e39a173f599ad0b9337a0f,delivered,2018-03-20 13:20:53,2018-03-20 13:35:38,2018-03-21 19:06:43,2018-03-29 14:28:55,2018-04-06 00:00:00
c4755deb9ed712009d8442d24e290118,d3755d05f292176d47f9135f4309f9b7,delivered,2017-06-11 11:50:32,2017-06-13 04:45:20,2017-06-14 15:53:10,2017-06-28 11:24:21,2017-07-20 00:00:00
e87eae32b47767da815139559a6ec52e,412557c43340a382c45cb5729dde3e98,delivered,2018-03-27 11:13:28,2018-03-27 11:27:43,2018-04-02 18:33:04,2018-04-06 21:12:26,2018-04-13 00:00:00
b7d39e237d3fb31726e02fe2b8fe03f5,bfd7b93c28335b4b8cce03a5133c0114,delivered,2018-08-08 13:33:11,2018-08-08 13:45:11,2018-08-08 14:45:00,2018-08-15 00:44:41,2018-08-21 00:00:00
50dfd1d8502e5ef282d85dd49cee6db5,1bb8a6a63536e49d6f1a9fd8fffbe4a7,delivered,2018-07-20 16:38:35,2018-07-20 17:44:27,2018-07-30 15:47:00,2018-08-03 18:43:46,2018-07-31 00:00:00
db19ee032409eb975bc529b906bb8298,38070926ee91423bdc82e914a72429de,delivered,2018-07-14 18:23:39,2018-07-14 18:35:24,2018-07-16 13:51:00,2018-07-31 02:32:47,2018-08-02 00:00:00
6cd62576e07ee4e0d114e65358f5d503,adedcf3136a3eef7b9c2a65d778c72c2,delivered,2018-02-14 11:40:41,2018-02-14 11:55:23,2018-02-21 20:58:58,2018-02-22 21:10:00,2018-03-01 00:00:00
b7efa2aa3802e7ec91a5dd59edc36488,ab106a7ee6bdc144f6c299da92e94a42,delivered,2018-06-05 12:18:01,2018-06-05 14:31:52,2018-06-07 11:45:00,2018-06-12 19:02:58,2018-07-18 00:00:00
6bdd3d39bb6fb16ef69ef3141a3b13f6,0a2883594e4e7a4a978b205dd7bcf909,delivered,2018-03-24 00:58:46,2018-03-24 01:48:15,2018-03-27 03:04:44,2018-04-04 17:54:48,2018-04-12 00:00:00
e4309eeca1cfe3c6df5a187c38817a5c,165b192629cbe02272e51f15c51408ae,delivered,2018-06-08 09:11:49,2018-06-08 09:35:35,2018-06-08 15:17:00,2018-07-20 18:51:20,2018-07-03 00:00:00
00042b26cf59d7ce69dfabb4e55b4fd9,58dbd0b2d70206bf40e62cd34e84d795,delivered,2017-02-04 13:57:51,2017-02-04 14:10:13,2017-02-16 09:46:09,2017-03-01 16:42:31,2017-03-17 00:00:00
ed20372f93978f02adb6424088ddb730,b23c436d080c30100d9e7572b6be1406,delivered,2018-08-07 12:53:53,2018-08-07 13:05:19,2018-08-07 14:54:00,2018-08-10 15:28:50,2018-08-28 00:00:00
711093a34ef24a1588096dbf21f605af,6f7cef913f994cf692d34ff3b459d4dd,delivered,2017-05-29 11:26:22,2017-05-30 04:25:13,2017-05-30 12:22:14,2017-06-02 17:55:48,2017-06-23 00:00:00
9983e8877acbaeb33947e420587cb3df,c1f1f90164cd5b2b06886d2c982afd8a,delivered,2018-06-13 22:13:13,2018-06-13 22:39:23,2018-06-19 14:23:00,2018-06-23 00:51:11,2018-06-28 00:00:00
f2ec8bd7dc2b9af258766fe469a5931e,2ab885f5c189c548b974c71966554173,delivered,2017-08-09 21:49:32,2017-08-10 03:25:53,2017-08-10 20:22:56,2017-08-14 20:34:56,2017-08-22 00:00:00
44be4d9e90301dc9a8eb965d2004f321,858b97964d9da7c19d78ae9529dd683e,delivered,2018-07-31 22:29:45,2018-07-31 22:44:04,2018-08-02 14:49:00,2018-08-09 00:12:02,2018-08-21 00:00:00
b1d0fc0b53c9fe10e6b7c7f589c0a171,55ca353ee53173476849d5e2325d42f5,delivered,2018-03-02 08:46:17,2018-03-02 08:56:14,2018-03-02 22:00:09,2018-03-13 15:06:47,2018-03-23 00:00:00
dfc9bc36d5db98182f4b1dc41fe8e258,39c9dc82d5f60eb1ee8bc4fe4aa29dc6,delivered,2017-09-21 13:22:26,2017-09-21 13:35:21,2017-09-22 16:23:59,2017-09-25 22:53:41,2017-10-06 00:00:00
93abdbce647cddc77973a6d8c25643b8,2f766899da1a4ed5aeac6aad33b901b2,delivered,2017-03-04 19:32:47,2017-03-04 19:45:19,2017-03-10 09:36:01,2017-03-27 13:56:17,2017-03-27 00:00:00
6222f10321c7b098c4d165139993de63,e116cc872d298c958010d6d0b888682d,delivered,2017-04-25 19:30:13,2017-04-26 09:34:57,2017-04-27 11:24:46,2017-05-17 14:54:46,2017-05-22 00:00:00
422040395c164b8b5c0255af3c710646,3680a273ddb333253fa2edc7d3f8a3f2,delivered,2018-05-14 10:33:04,2018-05-14 10:52:36,2018-05-15 12:00:00,2018-05-19 10:47:43,2018-05-29 00:00:00
5181858c29858ceca3dd9e548a42b2b5,2eaf159c93d99b57a33a06a905515928,delivered,2018-02-11 15:36:19,2018-02-11 15:47:44,2018-02-16 23:08:02,2018-02-23 22:21:35,2018-03-23 00:00:00
a5b16df50e965748a0f8406dd415f23c,9e0b227113c81f8f7091ab121ac98796,delivered,2018-05-14 16:47:26,2018-05-14 17:18:42,2018-05-15 11:38:00,2018-05-17 04:53:21,2018-05-25 00:00:00
fb9dfd220475cb09f9902b297309db9b,a068602cedd0771887f43fce7f02b536,delivered,2018-02-14 21:13:12,2018-02-15 03:51:03,2018-02-16 11:05:40,2018-02-19 21:04:16,2018-03-01 00:00:00
7b9783133bb4a92b0c131b1b4f7657ea,42db1aa24e501b47e6dfca5bb3bb0dad,delivered,2018-08-09 12:44:07,2018-08-10 03:05:10,2018-08-10 15:02:00,2018-08-15 22:34:43,2018-08-24 00:00:00
d6d5256fd785237c4ace6b84392b2e28,6c623f1b4503c2dbf54682681e0052c8,delivered,2018-05-22 11:32:20,2018-05-22 11:54:04,2018-05-23 14:15:00,2018-06-05 22:14:34,2018-06-07 00:00:00
0983f1f175846f974bff91862731fa68,43828af3e880066850c0cf0fc0f5e56a,delivered,2018-04-22 19:36:08,2018-04-24 17:55:38,2018-04-23 23:12:14,2018-05-03 00:21:29,2018-05-23 00:00:00
62686dac3e596036e72fe0beb571e45e,c5bc17c73ffd41f07795aa3f5a5d1170,delivered,2017-10-13 13:10:42,2017-10-13 13:26:51,2017-10-16 22:49:02,2017-10-26 21:23:42,2017-11-27 00:00:00
df5c9b471c8cb2bf4fd5d986d8811ed1,eef9f64c72e64a8b3cb14ac0a1a83161,delivered,2017-09-13 22:21:07,2017-09-13 22:30:17,2017-09-25 21:13:10,2017-10-06 21:42:11,2017-10-05 00:00:00
c1b3a881aed70415ec2c1cd40d217d5d,cf97ee37711c253f86497974524d479b,delivered,2018-02-28 14:42:53,2018-03-02 02:10:02,2018-03-02 23:46:03,2018-03-14 20:06:31,2018-03-22 00:00:00
cb2dcd0d679928c3c5d29e5479982901,a48133e2358b288d04447786a3eb902b,delivered,2018-07-30 07:00:26,2018-07-30 07:15:07,2018-08-10 14:00:00,2018-08-20 15:06:34,2018-08-27 00:00:00
58bb1a30c2cb9520d5de66b39ed7cc0e,86a1b4e2bb98478774726fae917521e2,delivered,2018-04-24 18:39:22,2018-04-24 19:24:01,2018-04-26 09:41:00,2018-05-03 18:02:53,2018-05-18 00:00:00
a9ae6eca3010b51cb0a83c46e7c3ed4e,9379746d16b07564085e98f254ed562c,delivered,2018-06-16 13:50:09,2018-06-16 14:17:54,2018-06-22 15:17:00,2018-06-30 06:37:38,2018-07-18 00:00:00
954945beeb5990c532ac06d464edf931,893c3461da11001c1a1d9bf9afd13aa5,delivered,2017-11-05 21:29:37,2017-11-05 21:50:56,2017-11-06 19:47:04,2017-11-16 20:58:40,2017-12-04 00:00:00
f8ff5b18bc19c8bf59c91bf6cda39f38,12086658a24c5d25b21a4712a3caa85b,delivered,2017-09-18 10:27:36,2017-09-18 10:44:19,2017-09-18 16:22:08,2017-09-25 20:02:22,2017-10-09 00:00:00
357d14cbf3b59ba6e6ddb0b402b3d171,9c3b462284d39b618ac5e63df6badf6d,delivered,2018-08-15 22:03:02,2018-08-15 22:45:07,2018-08-16 14:10:00,2018-08-24 21:39:50,2018-08-27 00:00:00
87f48ad03a575830fd30137520ef411b,e65bb7ea45b4d422fb0c5229bf8e0e48,delivered,2017-02-01 23:33:27,2017-02-01 23:45:16,2017-02-09 07:37:27,2017-02-14 14:49:01,2017-03-10 00:00:00
b467baaa7d5fb3f77eed1cda6438100e,072c4dcd0f16b2e0d13dc2dd1549d17a,delivered,2018-01-07 14:49:19,2018-01-07 15:07:13,2018-01-09 18:28:45,2018-01-11 16:37:25,2018-01-31 00:00:00
e28e3a2634cfaa83736d5dfd494f3640,bdd0815262a2321eef5cd84a7846b0fc,delivered,2017-03-29 15:06:02,2017-03-30 15:55:19,2017-03-31 17:33:04,2017-04-12 16:22:24,2017-04-25 00:00:00
06c94a45382f44abb2968a87bcee9bcf,79566318b6a66b5ea84699122114a934,delivered,2017-12-10 13:55:22,2017-12-10 14:10:33,2017-12-11 16:58:18,2017-12-20 12:03:41,2018-01-05 00:00:00
036cec7829a9824855ee4c751a430313,6e1cc706f1e28392811d300080f12b31,delivered,2017-08-04 09:00:00,2017-08-05 02:55:22,2017-08-07 15:38:12,2017-08-08 18:17:00,2017-08-17 00:00:00
432dda62103eec3ce47848ef832768a0,8db78eda876f02c5113ae17697ec1dd4,delivered,2018-08-17 21:54:26,2018-08-21 06:09:57,2018-08-22 14:47:00,2018-08-29 11:22:42,2018-09-05 00:00:00
48758b2dd346fef45549ec77da5bc6ae,99824dd9a495542e08c9bc94be3742af,delivered,2017-08-24 19:19:05,2017-08-25 02:50:46,2017-08-25 19:15:40,2017-08-30 15:27:58,2017-09-18 00:00:00
f7b92e474008eb1405436c0e326d0f2a,27d48e22b8c8fe2d1c170758aa7315dc,delivered,2018-02-01 13:41:36,2018-02-01 13:50:31,2018-02-03 08:51:50,2018-02-03 15:36:27,2018-02-19 00:00:00
3fd0d04de88c8b59a53bc56703895c20,e6a2d06772c6da35a68f8a3456c5c1a2,delivered,2018-08-16 10:27:30,2018-08-16 10:44:13,2018-08-17 13:54:00,2018-08-20 21:46:28,2018-08-21 00:00:00
b3e51e0ed55ecfc735545f286635be5a,a98b68ff42eb2e456dcdc006983514a7,delivered,2017-10-13 11:07:59,2017-10-13 11:26:46,2017-10-16 20:40:00,2017-10-21 11:51:53,2017-11-01 00:00:00
40ec2cf5cb1eb0bf1ea2b117552fecb5,c9de938da00c05ca53a91f3c9b958abc,delivered,2017-11-09 08:55:21,2017-11-09 09:06:35,2017-11-09 17:37:07,2017-11-21 00:12:15,2017-12-05 00:00:00
06eda05597492635e3b91e00aa434332,0d50609a16197a4158052601ce51d830,delivered,2017-05-22 23:20:39,2017-05-24 03:05:27,2017-05-24 10:07:21,2017-06-01 12:51:31,2017-06-13 00:00:00
474e08f4d1c9fa11a89dd4b8042cb54c,c6abdd60ec2989429e4fe559248e0089,delivered,2018-01-15 23:32:05,2018-01-15 23:52:16,2018-01-18 20:31:16,2018-01-24 17:18:12,2018-02-09 00:00:00
5fb90fed46dfc44305e1c3ecb5f16a2d,9b242aab6db41736d33c4b915c3b5d06,delivered,2018-04-24 23:00:56,2018-04-24 23:15:19,2018-04-30 06:16:00,2018-05-04 20:42:15,2018-05-16 00:00:00
8f62b43c005fef494fe6d25e46006652,50e144a731c36643ddae31575baa5c6e,delivered,2018-02-19 12:23:34,2018-02-19 12:35:37,2018-02-21 00:07:15,2018-03-08 00:22:15,2018-03-16 00:00:00
5b686ee96f05cb6987dda1919ebf2bdf,d5d24a76ecdfa98e6eb0eded76fa1e8c,delivered,2018-08-15 15:26:10,2018-08-16 10:10:28,2018-08-17 14:48:00,2018-08-20 20:46:51,2018-08-22 00:00:00
6f11dab101ebb707fcdf02f89d524482,862fff42e0e51660a3d140ee46ca9747,delivered,2017-02-24 10:17:12,2017-02-24 10:30:11,2017-02-24 13:18:07,2017-03-08 12:01:28,2017-03-21 00:00:00
971dae4156d63b465b28ce4e45afc849,ba28f5e789469764b295ecdb66470d9b,delivered,2018-05-07 12:39:10,2018-05-08 04:55:15,2018-05-10 18:29:00,2018-05-17 19:38:39,2018-06-04 00:00:00
a769126f033474696dd593d143b450d4,f104b5445c31fb5895fac27d95a3293b,delivered,2017-11-24 23:51:56,2017-11-25 02:33:18,2017-11-27 22:25:40,2017-12-01 17:29:02,2017-12-21 00:00:00
f27fd91fafee87eccffe0df85538c795,74493089cad5208903209e997a8eb9af,delivered,2017-06-14 15:39:33,2017-06-14 16:02:40,2017-06-16 15:36:02,2017-06-28 16:46:03,2017-07-17 00:00:00
d4421539677ce8da70f3abf867adf15c,01a0d45a369a4356ac4652584652109a,delivered,2017-01-25 11:45:19,2017-01-25 12:03:07,2017-01-26 14:59:13,2017-01-28 08:23:45,2017-02-20 00:00:00
70786de34f40ec53c3e3d31460dfb880,c84d204933f28e79f84d0f00c8b5f7f9,delivered,2017-11-24 14:18:04,2017-11-24 16:32:38,2017-11-27 21:12:35,2017-12-05 12:28:33,2017-12-20 00:00:00
8a723730400b508cbf47fbef4a76ec8e,f19376e0c54da9409485f7ef9556d367,delivered,2018-02-18 12:41:01,2018-02-18 13:46:36,2018-02-19 20:26:45,2018-03-03 02:48:53,2018-03-14 00:00:00
98177e77e8e13fdf6cf26a7e98d86f02,70a67f9fe1f69b4920cb3c1092feb3c7,delivered,2018-08-14 15:45:12,2018-08-14 15:55:30,2018-08-21 14:39:00,2018-08-27 17:57:22,2018-09-05 00:00:00
9e22fb4a47d29059ef9689ca8b26d8b3,dc7dc47999d1b3c4c2f6a085a1a76eef,delivered,2018-02-17 01:22:20,2018-02-17 02:07:45,2018-02-19 15:48:39,2018-03-12 22:05:09,2018-03-19 00:00:00
2da5750fca320dddda4ce9b8c7e08f42,ab85c1abaa5e143a652cb4f298fa5776,delivered,2018-03-09 00:37:23,2018-03-10 15:48:39,2018-03-14 19:58:32,2018-03-22 23:16:51,2018-04-05 00:00:00
ec807fe5bae575f10d2ea7ea344c4ab2,d84d2c8f4e9116c3265621f8a196d93f,delivered,2018-01-29 20:44:23,2018-01-31 13:32:25,2018-02-05 20:29:01,2018-02-21 22:12:27,2018-03-05 00:00:00
061b74bca735bb2c1953e40bc098101d,0c8050459705eab48d6faf4b118109be,delivered,2017-11-22 20:40:31,2017-11-22 20:48:26,2017-11-24 17:14:40,2017-11-27 13:47:17,2017-12-07 00:00:00
05147da86ae779803eaa2a5480010af9,83a4c167271d0e1fd401e9f18a66d7c7,delivered,2018-06-09 01:44:40,2018-06-09 01:55:12,2018-06-11 14:56:00,2018-06-12 20:50:42,2018-06-20 00:00:00
304d09edb1e5147a08dde21e0efc3443,f6ad977a249563a1b6f614caa83909dc,delivered,2017-08-23 14:18:28,2017-08-23 14:55:25,2017-08-24 17:53:56,2017-08-25 12:00:13,2017-09-05 00:00:00
79563470c891926bb9507d1ad1ff661d,27fc1e85ea154f4ad91805cf8ce1fb55,unavailable,2017-07-05 13:51:35,2017-07-05 17:39:16,,,2017-07-27 00:00:00
6c7b7abbea636930355172ccc20e3ee5,48e3a9de59a791697c8face0fb3d439c,delivered,2017-07-16 19:11:28,2017-07-16 19:25:15,2017-07-17 19:12:20,2017-07-31 21:03:46,2017-08-16 00:00:00
475222e589bbaeac43093fcf2c855301,5df9d74d1d062721c63f353c1fa4eec0,delivered,2018-07-30 12:48:54,2018-08-01 03:31:53,2018-08-10 13:16:00,2018-08-15 20:32:34,2018-08-24 00:00:00
d1a10e07647c7845b8590cec57d589c1,7d8f985a0701cade02a5bae6f2d6e00e,delivered,2017-09-14 20:27:07,2017-09-14 20:35:14,2017-09-15 20:57:34,2017-09-27 14:45:12,2017-10-03 00:00:00
1a3a7d56968e2833fcbb6d4f6885c1cf,2f364a588ce20ad014cafdedbd623310,delivered,2018-08-14 07:44:12,2018-08-14 07:55:09,2018-08-14 15:10:00,2018-08-17 21:42:41,2018-08-31 00:00:00
a1567768e86bf73e0df3f99f8c570017,bf4ffb93deb3209078a57ff4cb6d1ba8,delivered,2017-09-16 19:00:20,2017-09-19 03:45:35,2017-09-20 13:35:15,2017-10-03 19:47:10,2017-10-04 00:00:00
ff37040ee7efbb9709c2b4389c4c0fc4,7ae52499270f3ed60225e78f0e0edb02,delivered,2018-02-27 12:30:35,2018-02-27 13:30:26,2018-02-27 22:32:36,2018-03-08 20:44:32,2018-03-22 00:00:00
35ca13a1178f68d06aeb72c659c67caf,532ba8d37f21feb6c733fe3847aae08c,delivered,2018-05-14 17:21:38,2018-05-16 03:33:49,2018-05-16 14:45:00,2018-05-22 16:32:45,2018-06-01 00:00:00
2d87139784a415f78f9735efcf693157,4335b568a53f4f44d1c91f4ba2f45785,shipped,2017-09-13 00:33:15,2017-09-13 00:50:53,2017-09-14 21:44:24,,2017-10-02 00:00:00
b2ae55d11609779855c398bc2bd74fd4,c9f8da8278a23eb777ede2591b9ad3ee,delivered,2017-05-27 16:15:38,2017-05-27 16:25:09,2017-05-29 13:09:24,2017-06-08 12:03:23,2017-06-29 00:00:00
119c9e36858ecf81f6a55cf7f7b327d2,ed4faf80f9e7b4f76a1cda3fd3f677c3,delivered,2017-10-03 21:28:22,2017-10-04 21:35:17,2017-10-06 18:43:52,2017-10-10 18:42:48,2017-10-25 00:00:00
74322a01b770c2ea38b56ed4c96071df,6ce02ad1cf761c5d0dfe8a6c1c023433,delivered,2018-07-19 09:22:39,2018-07-19 09:35:19,2018-07-19 13:06:00,2018-07-26 14:38:34,2018-08-13 00:00:00
dba36613ffc9294e2d9f72d3c33770fe,c05f7e2878efaa870798f749be8e8fb0,delivered,2017-12-06 19:02:05,2017-12-06 19:13:36,2017-12-13 16:48:51,2017-12-17 13:08:40,2018-01-10 00:00:00
7b80eb102c74259844e5a4fc17cc7c26,1bb7acd4379665fc66db106260c38b0e,delivered,2017-10-19 10:33:51,2017-10-19 10:46:25,2017-10-23 21:10:04,2017-11-13 23:41:56,2017-11-21 00:00:00
7cce12147e61d695697db09de514a27f,5953d643fe7d27d544a2dbc0bb1517d9,delivered,2017-12-23 13:44:46,2017-12-24 13:35:26,2018-01-04 23:13:39,2018-01-23 21:29:06,2018-01-22 00:00:00
5837e636f693fdd5742b60106640886b,f7ac2fea33182bef4f8d0abd7257baac,delivered,2017-07-18 19:01:54,2017-07-18 19:15:19,2017-07-19 19:12:02,2017-07-27 17:44:31,2017-08-15 00:00:00
38ee0413fc5a49c0c2eab6864776bf2b,6093facc8a1c13bd8499e221125e9d59,delivered,2017-06-13 12:22:32,2017-06-13 12:35:54,2017-06-13 15:42:07,2017-06-22 15:27:10,2017-07-11 00:00:00
6aa38fd3d451d8aec32d57d833b04083,e3380ebaac614946396a5252ef205f6b,delivered,2017-11-27 14:53:37,2017-11-28 03:19:51,2017-11-28 21:13:37,2017-12-15 00:07:50,2017-12-22 00:00:00
c5f9505b4bf9db0433b371002f7be6ff,d7837537f0fbe29cade1ee024539bbbc,delivered,2017-04-23 18:02:49,2017-04-23 18:10:16,2017-04-24 13:21:59,2017-04-27 12:30:21,2017-05-11 00:00:00
a47d6503b097b0a27377d57e6d5feaf9,c55d3842970157843ed8114b7ec76153,delivered,2017-11-17 19:53:32,2017-11-17 21:10:37,2017-11-22 11:58:20,2017-11-23 18:02:41,2017-12-01 00:00:00
e04abd8149ef81b95221e88f6ed9ab6a,2127dc6603ac33544953ef05ec155771,delivered,2017-02-18 14:40:00,,2017-02-23 12:04:47,2017-03-01 13:25:33,2017-03-17 00:00:00
8493585c508f9c5e56d34538219d415d,33d6613da0f9891f7a978ed75b647f34,delivered,2018-01-08 22:32:31,2018-01-10 10:32:22,2018-01-13 00:05:32,2018-01-29 21:37:57,2018-02-07 00:00:00
47bfd5091e67cf36c5d7d5e6ca97db53,f1db37fa9a45df4db594466b460e647e,delivered,2017-08-11 18:11:14,2017-08-11 18:25:17,2017-08-16 19:43:59,2017-08-25 18:42:52,2017-09-18 00:00:00
fdc4c75dff7c1545dd19c597436d6f1e,48dd4a1dcc42559b8035a9fe8d55f108,delivered,2017-09-14 08:02:31,2017-09-14 08:15:11,2017-09-14 19:24:52,2017-10-11 21:34:25,2017-10-02 00:00:00
fd52368d8373ad4158396078bf5ad004,d71895cdbafc0cc4630e3470733292ca,delivered,2017-05-28 19:17:48,2017-05-30 04:45:24,2017-05-30 15:59:33,2017-06-08 11:32:45,2017-06-22 00:00:00
84cee5c1b66cfc2dcb7c7834e7169246,11dda77241f7f71d51f1c55688fd1c62,shipped,2017-03-08 17:42:59,2017-03-08 17:42:59,2017-03-09 10:34:11,,2017-04-06 00:00:00
abd313023a7b029da2e5e4b6a4e49095,e019d63b966a3bfe6a48c383e6a1a006,delivered,2018-03-29 11:27:48,2018-03-29 11:35:16,2018-03-29 20:51:32,2018-04-06 00:12:33,2018-04-20 00:00:00
1d637e7a91e7c3e0e94a91cdf693855e,58eac1322f421c65176db804697c9bf4,delivered,2017-11-26 16:41:58,2017-11-26 16:52:30,2017-11-29 22:03:05,2017-12-13 22:16:05,2017-12-20 00:00:00
84175e8a851461c4c7c49e278b6c0b24,26797d457f3fcf876b80c511f637784c,delivered,2018-04-06 21:05:52,2018-04-10 03:49:39,2018-04-10 19:24:30,2018-04-11 19:54:32,2018-04-18 00:00:00
180fb4e6556687774c55bc255a5f7d8a,4dce0f6722869e478f0ae39024fc5948,delivered,2018-08-01 21:16:43,2018-08-01 21:25:20,2018-08-02 15:16:00,2018-08-07 16:03:22,2018-08-21 00:00:00
ac89e7344d2cb5597d862e338301ef8d,33b8c73c9e6bb0e7156ddebafb5dba57,delivered,2018-07-16 18:21:13,2018-07-16 18:35:09,2018-07-18 15:44:00,2018-07-25 23:57:38,2018-08-08 00:00:00
2e9ac33fbda5666e258ed040a2def5d6,ac7fdccf1cc317b11daa5bca630c91f4,delivered,2018-07-17 17:57:28,2018-07-17 18:10:26,2018-07-20 13:21:00,2018-07-24 23:46:25,2018-08-02 00:00:00
c679466a1ba6a8bdedcb2396f9e1dcbd,d27cc8323ccff05b970998013b39e597,delivered,2018-02-25 20:41:55,2018-02-25 20:50:24,2018-02-27 17:39:11,2018-05-21 12:18:22,2018-03-16 00:00:00
0f1e7bf8658039bb445eae8393801c9c,a08364b857475227d6659db0c604ac14,delivered,2018-01-09 21:25:42,2018-01-10 10:31:49,2018-01-11 11:55:27,2018-01-24 21:22:33,2018-02-09 00:00:00
6191c14b9afcc6173831a7275f92c55b,98fac5b1b0a7bf94429c38d93a8c88c0,delivered,2018-02-24 17:59:00,2018-02-24 18:10:28,2018-02-26 21:18:08,2018-02-27 21:09:06,2018-03-19 00:00:00
b58dafbcb3b0430b897644a9ec3063ba,322c37bc69abd0720940c927446fb734,delivered,2017-11-13 11:43:43,2017-11-13 11:55:51,2017-11-14 22:37:34,2017-11-21 20:13:59,2017-12-06 00:00:00
db97652cf517d2cd03db63dec489ca62,a02f66c3af7b16eec19ddcd98b645fe3,delivered,2017-10-01 08:57:03,2017-10-01 09:14:07,2017-10-02 19:32:57,2017-10-03 14:23:50,2017-10-18 00:00:00
70b35acffdf851e782ebf6fbc35eb620,8e8ee9b08afb49b080d193f98b0505af,delivered,2018-03-22 17:23:21,2018-03-22 18:05:36,2018-03-23 18:03:03,2018-03-25 17:22:41,2018-04-04 00:00:00
5b81d7f0f897982fce8bd000471c973a,532b34ab6e14da3ebbc775ba61bffc5c,delivered,2017-05-02 07:08:01,2017-05-03 11:22:51,2017-05-05 13:46:59,2017-05-09 11:09:43,2017-05-29 00:00:00
9be3c9722389548409bf4cb39d07e347,259a69df1ae08bfa31e849741233d520,unavailable,2017-11-17 13:12:46,2017-11-17 13:50:33,,,2017-12-11 00:00:00
70b9629a764d2247cf5995014b7204d2,2351d4314775fcbef54ecdf9c93ad410,delivered,2017-10-22 13:39:48,2017-10-22 13:49:28,2017-10-24 18:57:52,2017-11-01 21:52:00,2017-11-17 00:00:00
86d54b4e93f8e68d4aa40c56ea046c5a,2af07cbe0f50599955921a42c0455d97,delivered,2018-05-16 15:21:50,2018-05-16 15:35:51,2018-05-18 08:30:00,2018-05-21 14:22:45,2018-05-28 00:00:00
07629443859f99dfac4443b102f31ead,62a8b4a0d10a8fa0f5c34059b7758859,delivered,2018-08-20 18:55:21,2018-08-20 19:29:52,2018-08-22 06:06:00,2018-08-27 18:42:05,2018-09-11 00:00:00
f41b642bbc6b114869453f29da96d041,9eab014e2646490a4e86bf382c50f4bc,delivered,2017-09-07 21:52:13,2017-09-09 05:15:19,2017-09-12 21:08:43,2017-09-23 14:32:42,2017-10-05 00:00:00
e8ab363cd45a4e68e65455199d62b45a,3b1c9e911722f3a2afa426394cae0ddd,delivered,2017-12-23 13:37:52,2017-12-23 13:50:39,2017-12-26 17:52:43,2017-12-28 15:28:46,2018-01-16 00:00:00
8bde999dc4ad8ff2e39ca01c02a81119,af8eca1095bc8382cfab2c15ebc02893,delivered,2017-12-22 00:50:48,2017-12-22 01:09:41,2017-12-27 17:00:31,2018-01-12 22:07:04,2018-01-22 00:00:00
ab86581e77285de292e93cb8d740c088,248df208f5f2b43913897e9789bb4ea9,delivered,2017-11-03 00:18:41,2017-11-03 00:30:40,2017-11-03 18:03:51,2017-11-11 16:51:25,2017-11-29 00:00:00
b95b6670f71063249d81bebc3607e5d8,18a7c9329fb1cb4141652cccf84dad25,delivered,2018-05-07 23:01:29,2018-05-07 23:12:36,2018-05-11 17:25:00,2018-05-14 15:52:54,2018-05-18 00:00:00
be624b5788e2a4d4dfb9414c378c20c6,53c756c5593a91a5f091245c9248ba8e,delivered,2018-03-12 10:59:12,2018-03-13 04:30:33,2018-03-14 18:24:42,2018-03-20 19:49:27,2018-04-02 00:00:00
d61195546c8c9629c764caa807cda4b3,24f356c2e7de022f4b835936a717c55c,delivered,2018-03-31 09:47:28,2018-03-31 10:20:07,2018-04-02 22:38:38,2018-04-11 19:57:36,2018-04-23 00:00:00
a1b442b97cb70e7207abe3f32a01e3d0,127220f5fd65f325977f3c96d2538ea7,delivered,2018-08-01 00:29:18,2018-08-01 00:44:06,2018-08-01 11:06:00,2018-08-03 13:41:00,2018-08-06 00:00:00
07bebe0626c8053ad425381fe0882655,a7077f133d9d048e55dc77a59d97c83e,delivered,2017-09-22 11:16:39,2017-09-26 04:07:12,2017-09-29 22:33:53,2017-10-05 21:07:46,2017-10-19 00:00:00
c141e82dd061bbbebac085233c86b4c5,80447be02d8f3f3f309c7df938a08501,delivered,2018-01-26 13:47:09,2018-01-26 13:54:23,2018-01-29 16:11:38,2018-02-06 18:12:58,2018-02-23 00:00:00
4bd17c85bd06ed500f1619f6692ea8af,04a8bd329a1b13af8d394f37c6214ab8,delivered,2018-07-20 17:46:35,2018-07-20 17:55:15,2018-07-23 13:27:00,2018-07-31 20:42:02,2018-08-03 00:00:00
28618be7d166aad45ab14e9bca43cc19,0bb1934e205755a2bdf69b04687d6673,delivered,2017-11-23 21:49:37,2017-11-23 22:07:54,2017-11-24 16:59:10,2017-11-25 17:09:09,2017-12-07 00:00:00
669680ec0096baf96bb966401209e3f3,541b98cb6ebd8e11ee8508bb7e6fedb9,delivered,2018-07-26 17:49:11,2018-07-26 18:24:00,2018-07-27 09:49:00,2018-08-02 00:42:52,2018-08-17 00:00:00
9a259797098595401e84f676d0c57320,7770ccf71966b4049b6d62d1eb8173ef,delivered,2018-03-19 19:37:39,2018-03-21 09:48:05,2018-03-21 21:54:31,2018-03-23 18:04:12,2018-04-03 00:00:00
5c69ba235cf7367ca4d4c38d8492ffc3,8e0d53f24ac9d60553a339b27c9276e2,delivered,2017-12-03 23:51:39,2017-12-04 00:01:26,2017-12-04 22:39:55,2017-12-06 19:51:51,2017-12-20 00:00:00
a9e82e27071377dd0aeea6b3f4352cd1,667e983972ff288d808315f519970c0c,delivered,2017-07-01 09:34:04,2017-07-04 04:10:28,2017-07-06 15:29:25,2017-07-26 17:57:50,2017-07-27 00:00:00
d4da0eae97584a51df1e150a105e4f20,d40a1ebd5fb73cb6fc9950aabd029157,delivered,2018-04-25 11:30:10,2018-04-25 11:51:50,2018-04-25 13:31:00,2018-05-02 22:28:40,2018-05-16 00:00:00
1f4b51173e5abe491422314a94e7363c,028d8c05f2fa9d1b4923352586e800ba,delivered,2018-04-15 22:48:48,2018-04-15 23:10:05,2018-04-20 15:36:26,2018-04-25 14:22:03,2018-05-14 00:00:00
1c05b5c04855d3158e6e53760add7386,69ef16c37c5321b59e8872d780ffb5b3,delivered,2017-08-20 21:37:23,2017-08-23 12:30:22,2017-08-23 18:53:17,2017-08-28 19:22:59,2017-09-25 00:00:00
18d577e5bde66709509e694e7c6b6b17,820b092204a360812250a1e1d6d53f20,delivered,2017-05-31 19:37:02,2017-05-31 19:45:18,2017-06-01 13:54:03,2017-06-19 20:02:32,2017-06-23 00:00:00
afa610ea863dee3d85954aa87a22ba6f,2677c0511411111041b6e98a5d74c5c0,delivered,2017-09-05 19:16:50,2017-09-05 19:25:18,2017-09-08 15:29:00,2017-09-12 20:57:30,2017-09-27 00:00:00
3f78fdb829925037b11baf136f99980b,64404ce00502bd5bde8b635a0e328260,delivered,2017-11-28 12:34:35,2017-11-29 02:20:26,2017-12-01 19:32:54,2017-12-11 20:19:04,2017-12-19 00:00:00
8ea0b79c236245df6eee59b3ff482763,0b7d758a3562abc14d8d39a2b66afdfb,delivered,2017-08-10 17:25:40,2017-08-10 17:43:43,2017-08-14 19:45:04,2017-08-22 15:22:19,2017-09-11 00:00:00
c608c480ac442c0ee8203c097fca5f3c,6c4b70fd370ce3e7ecf666586a605d8e,delivered,2017-06-25 13:54:11,2017-06-25 14:05:13,2017-06-27 13:28:07,2017-07-11 21:14:37,2017-07-20 00:00:00
01f80c40f143af17e50622fe26ca76c4,6909938bdfdc79e0e6a5eeeb781566ab,delivered,2018-05-20 14:26:45,2018-05-20 14:59:28,2018-05-21 12:42:00,2018-06-02 12:27:35,2018-06-19 00:00:00
a853b6bff6aa5aa6ab496c76492858b8,9c79620850f924db64e54c2b12e415eb,delivered,2017-03-10 09:52:21,2017-03-10 09:52:21,2017-03-13 08:07:16,2017-03-17 12:43:48,2017-04-10 00:00:00
25111bc563785719a24be862c28c1b4d,e466c39be83e8b1103216577d7afccd4,delivered,2018-05-20 17:07:44,2018-05-22 07:55:14,2018-05-23 13:01:00,2018-06-04 16:46:53,2018-06-22 00:00:00
7b5781a478434239a4f7a1d32292b159,56e40c6941d4143c3e969ac344ea0b8f,delivered,2018-03-04 19:53:56,2018-03-04 20:09:33,2018-03-06 01:19:30,2018-03-21 00:26:36,2018-04-03 00:00:00
d9117cec0a7a5bee29c4f45cf820b930,ac9650ff78fe1d4b99796c5caa216ad7,delivered,2018-03-27 12:43:20,2018-03-27 12:55:25,2018-03-27 22:32:27,2018-04-02 14:44:37,2018-04-19 00:00:00
0f20a3721e8997ae2f771ec8cf0c4d3d,4629c64a048bf8a64632d31b9df84293,delivered,2018-06-22 12:06:16,2018-06-23 02:20:15,2018-06-29 14:48:00,2018-07-02 15:48:03,2018-07-16 00:00:00
14f38e83e237f237348b97dd9f228d40,5f8529d3f9d41718127f8ed44d471c6e,delivered,2018-01-31 09:49:33,2018-01-31 14:10:58,2018-01-31 22:53:22,2018-02-16 22:18:58,2018-02-16 00:00:00
4db13e29abf6d3e8e492111088e60d9b,9c197102aa91a3b2cc7070559ee4ec06,delivered,2018-07-25 20:51:07,2018-07-26 03:10:20,2018-07-26 17:22:00,2018-07-28 10:03:44,2018-08-02 00:00:00
8c9210b604388d38e4ecc5eea3c06b12,7cbe12f98b9e452381c138a3632330a0,delivered,2018-02-03 08:34:52,2018-02-03 08:49:59,2018-02-06 22:48:29,2018-02-14 17:59:04,2018-02-22 00:00:00
cdb4c1d38fee4e877cf3102aa0c5b814,89740b265a19250949dea0e212b9c92e,delivered,2018-05-16 01:42:58,2018-05-16 01:55:13,2018-05-17 12:49:00,2018-05-21 19:46:37,2018-06-01 00:00:00
4008367095a0de1a3a388f38e53172c7,5514e4c07a9b3b5e5d715985d1b80942,delivered,2018-05-07 14:21:03,2018-05-09 02:54:05,2018-05-11 14:23:00,2018-05-17 12:51:09,2018-05-28 00:00:00
a3aa23c77d6830dd5cb7ad473c8df492,2ca0ca2b7b63b62a682e006a9f55942a,delivered,2017-05-06 14:12:27,2017-05-06 14:22:19,2017-05-09 07:55:54,2017-05-17 15:27:47,2017-06-06 00:00:00
c2320c404179d2b8805c42b8b8de9668,6b9961cd2c203b4154482e717236a58e,delivered,2018-07-04 19:19:21,2018-07-05 16:22:03,2018-07-05 15:53:00,2018-07-11 18:07:42,2018-08-01 00:00:00
812f4de54953468bf13530e434f7de0f,9058d1725a0f910092c35f6da4a11464,delivered,2017-08-17 22:02:13,2017-08-17 23:15:21,2017-08-18 16:36:07,2017-08-24 20:13:46,2017-09-06 00:00:00
62310e6941dd333f0a8bfde5ec77d8c6,c589f4254d0f10621024209aaa1368da,delivered,2018-07-07 08:46:56,2018-07-07 10:15:26,2018-07-13 13:54:00,2018-07-17 21:48:51,2018-07-31 00:00:00
1b60d2efd91abb75b6a78ba9041a3f15,22db58570a862e5c0f00125981ddf293,delivered,2017-11-06 14:17:00,2017-11-06 15:31:06,2017-11-08 20:26:48,2017-11-24 23:27:54,2017-12-01 00:00:00
3cb62f32aa39070417cd9515cee4bae7,864230d00ad7a1903713fd184d13cfc9,delivered,2018-01-15 12:36:28,2018-01-15 12:50:45,2018-01-16 22:29:02,2018-01-23 00:14:32,2018-02-07 00:00:00
86a0962f08397e9524a60256d2bce32d,89cddf8225b03803734da0551fd9ebf3,delivered,2018-03-12 11:55:42,2018-03-12 12:10:34,2018-03-13 20:37:23,2018-04-05 18:38:51,2018-04-04 00:00:00
27572d0c11af71f78423d11722b2503b,9efd0db5d0d6d9c6559907be1e6bb288,delivered,2018-07-10 16:31:45,2018-07-10 20:31:23,2018-07-11 15:11:00,2018-07-16 15:52:30,2018-07-26 00:00:00
1e2751c3d3ccebf99f0de90d7fd2b279,4d076b22079be9bc624fa921a1b6b7f2,delivered,2018-05-08 20:28:49,2018-05-08 21:11:32,2018-05-10 19:07:00,2018-05-11 17:06:31,2018-05-25 00:00:00
52e6988a13f9dd7d567b0816dba52a03,8dd4c93bfbebe2a77657d46ef959a7ac,delivered,2017-07-06 14:51:37,2017-07-08 03:25:29,2017-07-13 16:03:58,2017-07-14 15:44:00,2017-07-28 00:00:00
72cf143276433584d0f80bc348571c69,9955ed1a34b90186a17b885d97f9aef9,delivered,2018-03-13 21:15:56,2018-03-14 11:20:28,2018-03-20 21:11:00,2018-03-21 13:27:24,2018-03-23 00:00:00
98a7b32414a076898c3312acac6f80e0,9621ad3882c6b846b19f27afc86f7e37,delivered,2018-04-05 17:27:01,2018-04-05 17:35:29,2018-04-07 01:20:52,2018-04-08 15:38:21,2018-04-17 00:00:00
2c1ac2ae4cb9b2b35618143ca66d8f74,98d8fb04ea8af6ab860458818ad53bd3,delivered,2018-08-12 16:08:03,2018-08-12 16:24:26,2018-08-13 15:26:00,2018-08-16 17:06:56,2018-08-27 00:00:00
2bd2198690a2c150fe5fdc4e064ba521,01288d72df4b2a4fb61182da4113ceab,delivered,2018-02-18 11:02:12,2018-02-18 11:15:31,2018-02-20 21:49:23,2018-03-20 23:34:54,2018-03-19 00:00:00
e3d239a9418e145764e6f99cc02d00b0,462dc285a81ff498ec5e0a1925711c19,delivered,2018-02-05 20:31:24,2018-02-06 20:31:22,2018-02-09 21:46:35,2018-02-27 16:52:57,2018-03-20 00:00:00
9c8ffc9afe14108def96d0b1a3678eec,7f59e76c0aa7ffa96374216e3fa5a4d5,delivered,2017-04-05 22:29:43,2017-04-05 22:42:43,2017-04-10 10:03:28,2017-04-21 10:22:41,2017-05-03 00:00:00
35df3b4dd9ccd07b51ef412f243e1483,5982de3ff1079d1226895b3b7efe1988,delivered,2018-06-13 19:00:01,2018-06-13 19:23:06,2018-06-14 14:29:00,2018-06-18 17:33:09,2018-07-05 00:00:00
15324bb6dca4436f40c1c599fdc0da06,191ba5e82034dafb08271e64f2c4b9d6,delivered,2017-02-14 15:39:32,2017-02-14 15:50:16,2017-02-15 15:03:38,2017-02-20 12:31:39,2017-03-15 00:00:00
9fa2ad63a061c20fb72179b9d79bafd3,5e239e1081ebc4189ad528308bcc5444,delivered,2018-08-25 11:00:52,2018-08-25 11:15:12,2018-08-27 15:38:00,2018-08-29 12:54:42,2018-08-30 00:00:00
0b461bff8323f6fec51ec6254a81d562,3225c076223e4cf8512be1779e066df8,delivered,2018-06-22 12:48:41,2018-06-23 02:20:20,2018-06-27 18:51:00,2018-07-05 19:54:39,2018-07-11 00:00:00
eb1d71600650b42be71f555e11a2a470,c031d16bef68d49702691e07ceb849ce,delivered,2018-02-09 21:38:41,2018-02-09 21:50:21,2018-02-14 21:59:09,2018-02-15 21:08:02,2018-02-23 00:00:00
231a870fbf37ed286dd61a582fcd03c7,8f0cfb786bfa2f508a5e1564f7f0a1ea,delivered,2017-04-17 16:00:20,2017-04-19 02:50:35,2017-04-20 14:16:17,2017-05-09 09:32:07,2017-05-11 00:00:00
6c6b9c17b42386d2ebd32f39c03104ad,e8622c7e2a8a737d4df78990ff347918,delivered,2017-11-07 12:31:49,2017-11-07 12:50:51,2017-11-09 19:49:23,2017-11-16 18:22:46,2017-11-27 00:00:00
73cc50f6da428df1584e69d6e07c7884,031a4751690cb362510c7b55428f7fff,delivered,2018-03-21 21:44:40,2018-03-21 22:08:40,2018-03-23 19:52:04,2018-04-16 20:38:53,2018-04-12 00:00:00
8053ea64c064df7d22ccf2099906d406,9f629b86cfcb063c2d2d714c7dc9f376,delivered,2018-08-07 11:56:01,2018-08-08 03:10:37,2018-08-13 11:29:00,2018-08-14 17:48:36,2018-08-16 00:00:00
44f77123c08b319dff9a40cb561a6169,06f3d542cb24b273ea871ad404adcf71,delivered,2018-06-20 02:49:42,2018-06-21 06:18:31,2018-06-21 14:27:00,2018-06-27 16:46:38,2018-07-16 00:00:00
066a60f7b0700a942ba22b627ebff13b,643c75fed93c5f43541eaf9c6c8b4828,delivered,2018-07-17 22:44:42,2018-07-17 23:01:44,2018-07-19 14:59:00,2018-07-31 18:02:57,2018-08-08 00:00:00
0dd85c67684153e61d0c14bf865103da,1ece1ad22029bdc9810c4d93cba3e11d,delivered,2018-06-18 15:20:40,2018-06-18 15:39:31,2018-06-20 14:24:00,2018-06-28 20:29:35,2018-07-18 00:00:00
82b2bf2d9e9ffb8c7689adacce888528,8a26de3460b4a7b524412245d37b5f15,delivered,2017-11-24 15:42:02,2017-11-24 19:12:00,2017-12-01 14:47:34,2017-12-11 23:45:03,2017-12-15 00:00:00
eb20fd7b3bccf8d4f41a18760a129045,131543adb30a089bacc9f8025d1d1a4c,delivered,2018-06-25 18:04:43,2018-06-25 18:15:18,2018-06-27 06:02:00,2018-07-03 23:05:57,2018-07-18 00:00:00
0a32c98faaa09357e357a60d02704a3c,e4b0c4c6ec684f615278f2dd9d7e0bbd,delivered,2017-12-14 09:36:10,2017-12-15 02:19:42,2017-12-15 19:58:10,2017-12-20 12:43:24,2018-01-03 00:00:00
17dbae84c2ba2203d7ba788c85e75b45,890bbb1c24b778301acaeddd4eb61afe,delivered,2018-04-18 20:42:34,2018-04-18 20:55:25,2018-04-19 22:48:26,2018-04-25 12:55:43,2018-05-15 00:00:00
3dc3b1441a6356bd23b21ac507bd38d6,44ecc84cbb68a3b1cd5015298222b71a,delivered,2018-03-28 12:27:21,2018-03-28 12:47:38,2018-03-29 22:38:30,2018-04-02 22:04:29,2018-04-10 00:00:00
18e3a35aeb0cef53ac06a61f65c1f76b,451cb85396e597ae3bf87cfa3fd14f9d,delivered,2018-02-13 01:52:28,2018-02-15 04:07:45,2018-02-15 21:45:17,2018-03-11 15:18:23,2018-03-07 00:00:00
1a7689d4e2cd47f45a8101e04ab03d51,44fa06633b8386107116fb58c5f35327,delivered,2018-05-03 13:49:39,2018-05-04 13:50:54,2018-05-04 18:32:00,2018-05-05 12:19:39,2018-05-18 00:00:00
e1bee8e7f813a2a119a1296c6fafdad7,eebe66e9677e5c306fa35ea0980fe430,delivered,2018-07-24 18:52:42,2018-07-24 19:05:11,2018-07-25 13:58:00,2018-07-30 22:12:05,2018-08-28 00:00:00
ebaf4b1faa0a7038125461afa5810651,b952cebf2ed1323e49c7e74b60326345,delivered,2018-05-13 14:53:33,2018-05-13 15:11:55,2018-05-15 15:46:00,2018-05-24 18:18:34,2018-06-01 00:00:00
0ebe4171b26283e6f9f3679033d3645e,052342bf498e2b4c567acdace49e23f6,delivered,2018-06-12 21:07:05,2018-06-12 21:42:58,2018-06-13 10:28:00,2018-06-15 20:12:28,2018-07-05 00:00:00
58729d1779fe85020c40886d6bb99fa4,7f63e5417cd76d48e30a31d9669b04f0,delivered,2017-10-21 18:47:03,2017-10-21 18:56:19,2017-10-23 19:19:05,2017-10-30 18:47:00,2017-11-17 00:00:00
31a5ceecee11538790f99ae1081e5c25,851406b866022c60fdb8a6e862808933,delivered,2017-07-25 20:20:26,2017-07-25 20:30:21,2017-07-26 18:19:37,2017-08-02 18:25:51,2017-08-17 00:00:00
9413addabc2268ea995d4e968a185ab3,e806123c621f001a180cc16fc4683424,delivered,2017-08-14 19:45:18,2017-08-16 03:30:17,2017-08-18 15:34:43,2017-09-05 12:55:24,2017-09-05 00:00:00
75b7d764765f4cf3a5f03e7f3f35319f,f680ea76654a400d48f8ca6d16a20442,delivered,2018-01-22 15:54:09,2018-01-23 03:52:57,2018-01-23 19:47:44,2018-02-01 10:57:52,2018-02-19 00:00:00
11aa678fe753b76d14deeb477735998f,d925369aaf494a6797ef53c9f8cb6c30,delivered,2017-11-18 14:42:28,2017-11-18 14:55:29,2017-11-21 22:38:52,2017-11-30 23:32:42,2017-12-07 00:00:00
88cc318193d85451e28059b4b52b7477,a4630be1b30135bc9a0f6059f1f7a0c8,delivered,2018-08-13 13:33:06,2018-08-14 04:15:23,2018-08-14 10:22:00,2018-08-20 13:32:02,2018-09-11 00:00:00
9b0f7f462c34c45144ec11e414eccab1,99a50e0d375610b72d2347ba456f3217,delivered,2017-10-23 11:33:12,2017-10-24 06:34:50,2017-10-30 20:26:46,2017-11-13 18:32:54,2017-11-14 00:00:00
0ff328dbe0ea4ad27a1176bbf8d88ecb,77c5006ed05e572e4171897c5a473611,delivered,2017-09-06 22:12:52,2017-09-06 22:23:48,2017-09-08 20:12:42,2017-09-18 21:18:38,2017-09-29 00:00:00
eeb5a5b729f6a175765204cb5c364ee5,788bac7c5c5f205ccd71fcc1033cc29f,delivered,2018-06-16 16:02:47,2018-06-19 06:35:46,2018-06-19 13:06:00,2018-06-22 23:03:29,2018-07-11 00:00:00
bbe5ef975154a7473c4c595fa3385edc,00f6217307f712298d8e47215f0bf2ad,delivered,2017-11-28 22:46:02,2017-11-28 22:57:11,2017-11-29 17:02:44,2017-12-08 19:10:11,2017-12-19 00:00:00
b0ddd4ac01604bb4ae094a307a06ccc9,43529a18cfef19147c8ef9b56d310f01,delivered,2018-07-04 17:03:12,2018-07-05 16:14:54,2018-07-05 12:12:00,2018-07-10 22:48:43,2018-07-23 00:00:00
b49280601245b2027c099b20ab2b72c0,ece07da878a806beaccf7692e518fa7c,delivered,2017-06-04 20:04:31,2017-06-04 20:15:16,2017-06-08 14:11:29,2017-06-23 12:32:59,2017-07-06 00:00:00
34de5f7952fbd04a9a1e5d7001b014b5,c49d4daab284e5d3dfcfb28a797edc70,delivered,2018-02-24 12:43:45,2018-02-24 12:56:09,2018-02-27 22:36:57,2018-03-08 21:18:31,2018-03-16 00:00:00
85e05c3c9aa9834518f35d4f286014be,1d07a80a15700b40cb15ff5870ee8b48,canceled,2018-08-28 08:18:22,,,,2018-10-10 00:00:00
ee7b9fca242afe884ce1daf3f17ae656,aafa66416bb386613deb6a1b9c9ff082,delivered,2017-04-29 20:57:27,2017-04-29 21:10:16,2017-05-04 05:52:42,2017-05-11 11:27:39,2017-05-29 00:00:00
a812412fc83a2f622db5e6f89e46d979,8366ef5ee3127dea6fa06c3cad27f165,delivered,2018-05-10 13:49:40,2018-05-12 03:35:19,2018-05-18 17:20:00,2018-05-24 14:42:52,2018-05-29 00:00:00
38b74d37b6bb4886a9b460ef8d4ba2d7,aa85716e1df710e8779a526d83d034da,delivered,2018-01-18 09:02:48,2018-01-18 09:12:29,2018-01-19 03:05:30,2018-01-25 19:28:53,2018-02-08 00:00:00
be128a58459554e47e89d3bc200ba5cc,71bd8523dd55e7b5228f2564fbcbc5ea,delivered,2017-12-11 23:19:47,2017-12-12 00:14:14,2017-12-12 18:36:58,2017-12-27 21:23:59,2018-01-12 00:00:00
405c8e4015fb343f974080958db8bc52,271a0d7c235fdd059546ec15d285d448,delivered,2018-02-03 00:34:36,2018-02-03 15:50:25,2018-02-06 22:28:58,2018-03-08 20:38:29,2018-03-09 00:00:00
7e73a37d2876badd7341bc42b0c1ac42,8098f5c7290a32e67f211defcc47528c,delivered,2018-04-25 08:38:18,2018-04-25 08:52:11,2018-04-25 19:05:00,2018-04-26 22:58:36,2018-05-04 00:00:00
55d599a99424bf5a0293a84f8f65a13f,19c5d024d9c26d7b38d74a6237081a02,delivered,2017-11-19 16:20:52,2017-11-19 16:30:44,2017-11-20 19:41:10,2017-12-01 23:38:37,2017-12-14 00:00:00
935879cc26cb79cd663525d2425c57dc,66fcf4c049ee4116d1701ab0d985f7ce,delivered,2017-09-15 18:18:35,2017-09-15 18:25:39,2017-09-18 19:02:37,2017-09-25 21:03:35,2017-10-06 00:00:00
86a54631f4fccf168dd48ffc58ad64de,8d117567c56145436df4b0472ddffa62,delivered,2017-11-17 13:00:14,2017-11-17 13:35:33,2017-11-21 20:48:49,2017-11-23 14:29:02,2017-12-01 00:00:00
4f1a1c6f6fbca0d084e77e3f74b37cf6,086f2e7a1b67f590d6440b35b2e7246e,delivered,2018-07-31 14:08:48,2018-08-01 02:35:12,2018-08-09 15:40:00,2018-08-17 21:18:44,2018-09-12 00:00:00
addee0cbf3361fd2ad627432082aa096,621daa25ec4cdc7fe2c0eb0e250b158e,delivered,2017-08-15 14:51:31,2017-08-15 15:55:22,2017-08-16 18:03:57,2017-08-21 20:51:56,2017-09-06 00:00:00
1d14bb358f43b14725c70bdc035ce24e,178910ef515adef6afbf89b143d5e25d,delivered,2018-03-02 23:51:51,2018-03-03 00:09:29,2018-03-08 19:28:20,2018-03-28 21:22:43,2018-03-27 00:00:00
899a5ec4b50c53b46fc876182c9cecab,fd97c6b3bee292fe6f661fb73964f786,delivered,2017-11-25 12:31:59,2017-11-25 12:53:26,2017-12-01 18:44:39,2017-12-12 18:34:58,2017-12-20 00:00:00
20e8735e683506f2f09e1a0e00f8114a,84906f555c4fa2c9333684c4de459bfe,delivered,2018-02-01 17:56:29,2018-02-02 02:55:56,2018-02-08 19:37:39,2018-02-20 18:42:14,2018-03-02 00:00:00
e35b8d9f66d207952c74878ee321a213,26280c295879b204d2d3c0452e0fed88,delivered,2017-08-10 12:44:46,2017-08-12 02:45:30,2017-08-15 19:31:14,2017-08-24 20:05:52,2017-09-08 00:00:00
10ac3b593f06e0dd6b38a53821c1d497,80463b3160eb97d89c576a54700a0e91,shipped,2017-01-29 11:18:22,2017-01-29 11:31:25,2017-01-30 09:38:35,,2017-03-09 00:00:00
c1049eef89915c6beb3604bf3d6588d7,ed16865bcadcea1a00a928bf418a74bf,canceled,2018-02-05 23:08:11,2018-02-05 23:29:26,2018-02-09 22:13:01,,2018-03-07 00:00:00
05b3b36808b4c685d4a2753ad6fec9a3,9beaa860baba91e8b22a41bf8d013023,delivered,2017-11-08 22:54:00,2017-11-08 23:11:11,2017-11-09 19:16:43,2017-11-21 18:58:47,2017-11-30 00:00:00
f7c82561ae5213f3564251a07c475d1e,d50f3acc865789f7e54e26595c5574d1,delivered,2017-07-21 21:42:21,2017-07-21 21:55:11,2017-07-24 20:17:18,2017-07-31 17:50:00,2017-08-10 00:00:00
09249f4625a56408772a45322aadd544,9d4454db8535593c2a2f165869f30bc5,delivered,2018-08-07 10:19:43,2018-08-07 10:35:16,2018-08-13 15:25:00,2018-08-16 21:12:39,2018-08-23 00:00:00
b1674ac203b25f2cc27d68eea3e81efa,dcafbfbc1eea5df012f963003813261b,delivered,2017-07-12 19:58:21,2017-07-12 21:05:15,2017-07-13 18:32:58,2017-07-24 15:29:58,2017-08-07 00:00:00
7de9003e4d20b7332efe832b5ca8c15c,07d3587462cbe5dd7c951b59f783121e,delivered,2018-03-05 19:12:05,2018-03-06 12:56:01,2018-03-09 13:37:25,2018-04-02 23:41:40,2018-04-09 00:00:00
61ec926d48941b3edbd4b5d4aaed5356,0a378886758498633ec55eaa83c8ed35,delivered,2017-04-04 12:20:47,2017-04-05 13:06:57,2017-04-06 11:58:57,2017-04-12 10:43:21,2017-04-27 00:00:00
d9ed186abc625ccae42014887b7af04d,f2a7cb551d698023215eb95ed489ccb6,delivered,2018-07-31 13:23:40,2018-07-31 14:31:37,2018-08-10 14:13:00,2018-08-16 15:33:00,2018-08-20 00:00:00
168823ad1b77477540db78ab357f18b5,d0b3bccd5ab7d4920b0a8318ce9d997b,canceled,2018-07-17 11:16:54,2018-07-17 11:30:31,,,2018-08-17 00:00:00
8374f35f0981af1a2b2ebc5cc5ac9859,8df816d91d225a9a6ab57c030278eb80,delivered,2018-02-12 14:44:15,2018-02-15 04:07:49,2018-02-21 10:29:07,2018-03-01 22:38:36,2018-03-09 00:00:00
c2038cc607e5462400ad6606b091ceca,f034510b61dadeded57a79a657d3e3d9,delivered,2017-11-02 22:41:18,2017-11-03 00:35:49,2017-11-08 15:07:52,2017-11-24 21:16:58,2017-12-01 00:00:00
fd40f3722deb0b1b640cdac8e3afd293,797cb7ef7b00f30747b3b1eb2c135125,delivered,2018-05-17 16:44:40,2018-05-18 13:55:09,2018-05-22 06:18:00,2018-06-04 18:11:57,2018-06-07 00:00:00
59934ef5e174b490aacecbbe4f381155,21541c3afc8571eea3457e009fe50782,delivered,2018-05-25 23:05:27,2018-05-25 23:37:30,2018-05-29 13:09:00,2018-06-04 14:08:39,2018-07-11 00:00:00
a509a0a8522e394f8a140c7e3046731d,b93f595ad6dd63fa50be0cd3cf9dd0cc,delivered,2017-07-09 21:08:20,2017-07-09 21:23:18,2017-07-13 16:49:51,2017-07-18 15:33:36,2017-08-03 00:00:00
9802f29cdc084663b66ba9bd453b6eb7,35a1fa4715a6340f6df32dcff582f826,delivered,2017-06-25 21:33:03,2017-06-25 21:45:19,2017-06-27 17:48:49,2017-07-18 16:07:51,2017-08-07 00:00:00
8366b292b2a97497953e0897d8fdec25,3b58dc51a9c854c2740b6d65ce88dbd1,delivered,2017-10-25 13:44:05,2017-10-27 03:15:21,2017-10-31 18:32:36,2017-11-09 17:41:46,2017-11-27 00:00:00
caad8650d057e45848943e18ad94ad73,fcdcb8ba740481a72da7da0bc6e61d20,delivered,2018-03-28 14:17:43,2018-03-28 14:30:23,2018-03-29 16:12:54,2018-04-02 14:56:35,2018-04-10 00:00:00
957b63dfa485e69821fcd7cc5320c064,be93311d52df47140bbfc588540e88c4,delivered,2018-04-24 15:55:40,2018-04-25 08:51:54,2018-04-27 14:36:00,2018-05-03 23:19:40,2018-05-22 00:00:00
502f9fab8b6ef318e23a5700a237ef1b,514c03e2461d472afce7f786187178de,delivered,2018-04-08 11:23:06,2018-04-08 11:49:55,2018-04-09 20:04:20,2018-04-13 22:22:25,2018-05-02 00:00:00
d905856c062516e1bd43377034e5c615,5f174de9b3c05f164681fb0f3e47f453,delivered,2017-09-20 18:34:24,2017-09-20 18:45:41,2017-09-21 17:34:06,2017-11-03 12:32:33,2017-10-11 00:00:00
295a69ea65900e96a9a890cf2825b289,6b61468276b9c266cd3aba7d46fa6f4d,delivered,2018-05-11 16:15:55,2018-05-11 16:31:35,2018-05-14 15:51:00,2018-05-19 15:03:38,2018-06-11 00:00:00
a8d99215828518af1468d99834d91e9f,c206e6f4294cc8497a079fc15e27cc31,delivered,2017-05-09 22:14:40,2017-05-09 22:25:10,2017-05-18 10:00:28,2017-05-23 10:58:42,2017-06-06 00:00:00
347d4f4caa9013e50f10654675fa35ef,401bfcb03a1c454c6418067ff1622432,delivered,2018-05-11 21:59:22,2018-05-11 22:17:04,2018-05-17 14:39:00,2018-06-01 16:36:33,2018-06-01 00:00:00
3ec6117e5d156dbc0eba20cf16eac9f3,c310be8c551f841b3cfd2f74f91941f3,delivered,2017-11-24 10:42:23,2017-11-24 12:15:04,2017-11-30 23:48:48,2017-12-02 11:48:32,2017-12-08 00:00:00
d401e4eb313c624cb7c140e43e38192e,6d765526989aaae489cdb8d1afafbb15,delivered,2017-07-09 16:34:23,2017-07-09 16:45:15,2017-07-12 10:16:37,2017-07-17 20:51:16,2017-08-07 00:00:00
0da63cb667e372bedd322ccfd284afbc,229df96d7616076a0723025289fbdc84,delivered,2018-03-21 13:04:09,2018-03-21 13:15:29,2018-03-23 18:56:37,2018-03-29 16:52:25,2018-04-16 00:00:00
34e43b05d79a814bd90a43250ff10094,2f008bc4e4cb2b5e4aaafbe427468c07,delivered,2017-12-05 09:51:38,2017-12-05 11:12:10,2017-12-07 18:37:21,2017-12-19 20:18:59,2017-12-28 00:00:00
54e21f5480d90336080ff89ec1ba503e,41240c469a32412fe0910763161f878a,delivered,2018-08-03 07:39:47,2018-08-07 04:45:15,2018-08-07 15:20:00,2018-08-09 23:32:43,2018-08-14 00:00:00
de810c5a4d708e92e61170e20a7dc100,f5f3337ca4f2551b44b66ecff52225c5,delivered,2017-11-25 22:02:58,2017-11-27 22:17:39,2017-12-09 00:52:11,2017-12-15 19:48:55,2018-01-02 00:00:00
511ec73b8104809938ca0ee00706c0ca,ff4b5d3b660b635bcbdb988ca60eafbe,delivered,2018-06-11 11:31:17,2018-06-11 11:57:32,2018-06-12 14:22:00,2018-06-13 15:38:01,2018-06-20 00:00:00
cf223cd5f53b6a5986f1ef788d3e9e83,8f9340b62f517e2dc87d56dd70d54a98,delivered,2018-02-17 11:16:54,2018-02-17 11:30:28,2018-02-19 23:58:55,2018-02-20 15:53:19,2018-03-06 00:00:00
853eb57e7109781f60bfaec58c70c258,fac697cc750bbd1acf6dc02ccfd6adb7,invoiced,2017-04-23 13:25:43,2017-04-23 13:35:18,,,2017-05-26 00:00:00
2de8870a0b861a9ff5ccb128784abf2e,3d6c5d2b414180c36624a70e6884e9c8,delivered,2017-09-01 00:18:40,2017-09-02 00:25:43,2017-09-06 21:10:14,2017-09-12 18:46:42,2017-09-20 00:00:00
a9fff775c01f5c2af9b79817fab57cd3,ffb145238917df668b2d40bf9532e6c8,delivered,2018-06-29 06:53:08,2018-06-29 07:10:17,2018-06-29 16:00:00,2018-07-04 16:18:57,2018-07-19 00:00:00
0cf34928cb98d81a295f478ebf553c84,e1a7cfb92cade4aedd22ea4860bb848c,delivered,2018-03-02 14:16:43,2018-03-02 14:35:36,2018-03-06 23:28:37,2018-03-08 01:18:57,2018-03-14 00:00:00
6db98cef3c7058f05f604483aadd2f14,fa5ed72712ff7a576ba7596a5ca74b58,delivered,2018-01-09 18:30:27,2018-01-10 10:32:36,2018-01-11 18:39:03,2018-01-17 21:28:41,2018-02-07 00:00:00
e1edd95bfd88243a6d6b774d8aefe535,5f7d5048f92d15f0ee1ff49d63175577,delivered,2018-04-01 14:44:33,2018-04-02 17:49:17,2018-04-05 00:16:48,2018-04-17 22:34:45,2018-04-27 00:00:00
4635218e99d9201bb178dca09cf1acda,2aba72f16ec519abfd9c2f5be6136e9e,delivered,2018-04-11 10:45:08,2018-04-11 11:10:28,2018-04-13 17:31:42,2018-04-18 14:32:58,2018-05-04 00:00:00
0a8d9ed968d08daf5ef8a5cbf0bbe833,031d6ed886ccf5805f9da926fbe0fba1,delivered,2018-03-28 12:37:51,2018-03-30 03:15:46,2018-04-02 20:05:21,2018-04-12 00:22:35,2018-04-18 00:00:00
15ea2ff54aafb487d482a527b120464b,2005627c4cb9a95f4babe067d2c37f8a,delivered,2018-07-12 17:59:14,2018-07-14 02:45:11,2018-07-17 13:46:00,2018-07-25 17:46:48,2018-08-07 00:00:00
0c6715b2f888887f2ab9c7d6e099d38b,fb0ae2ee2f5c745390ef3a22158cd253,delivered,2017-11-05 18:34:14,2017-11-07 07:30:33,2017-11-08 17:58:57,2017-11-14 16:12:23,2017-11-30 00:00:00
df6e092f573f96d98483fdcb900e05aa,4275fb04d6cdfc2fbec3b5876f12b5d4,delivered,2018-02-12 07:28:18,2018-02-13 07:27:02,2018-02-14 17:35:34,2018-02-22 04:24:58,2018-03-06 00:00:00
9862758b968333823975113b6a970ee8,1929bb2034a92f2dfd0d359dd69d02b1,delivered,2018-05-16 13:08:01,2018-05-17 02:15:27,2018-05-17 15:31:00,2018-05-21 23:33:05,2018-06-01 00:00:00
d65ec1b28617b16c0747b22c49a979a6,e1ba80d5d49d251337ef5275b6550336,delivered,2017-07-11 10:37:24,2017-07-11 10:50:26,2017-07-12 17:42:03,2017-07-22 15:44:32,2017-08-11 00:00:00
341f18e07d530efb44d8dc6753c10400,b5e8f9d5c96ed06fc4ee7132f45b45cd,delivered,2017-05-05 11:11:25,2017-05-05 11:25:11,2017-05-11 14:29:02,2017-05-15 13:43:27,2017-05-30 00:00:00
539dddb1ac06e5b2d492d27c95d05504,43bd79aef01361fa6eae728bf2919215,delivered,2018-02-07 14:16:13,2018-02-07 14:32:10,2018-02-09 20:58:45,2018-02-27 23:19:28,2018-03-16 00:00:00
94b35c859940ae8a53643992ee1ae7a0,b8d01a6da6524e16108fd83dcf98aca3,delivered,2017-05-26 09:19:13,2017-05-27 02:50:17,2017-05-29 15:50:44,2017-06-05 14:47:51,2017-06-20 00:00:00
af42bbea9252f168ff8d25072a1b9fb1,22a6db51b1357ce5f7a02fc19e677390,delivered,2018-01-08 20:16:33,2018-01-09 07:24:11,2018-01-09 23:04:49,2018-01-15 19:04:29,2018-01-31 00:00:00
ae78d443f07cc7da4cb961f34f1bc6a8,aa4c5b95810a5d4b1bf2cc56e7d76cd6,delivered,2017-08-31 20:47:58,2017-09-01 22:33:01,2017-09-06 23:42:13,2017-10-02 11:04:04,2017-09-27 00:00:00
e6c7c9a857844647e04396cb131c3b6d,5b96458c206829b9ccb7c7d27eabac68,delivered,2017-04-29 17:19:05,2017-04-29 17:30:16,2017-05-03 12:33:04,2017-05-05 12:18:13,2017-05-29 00:00:00
e2172f6d6406600e974895aa52e47b45,f4c3c108453bbf266180bac30e6c3a02,delivered,2017-05-06 21:09:38,2017-05-06 21:22:16,2017-05-10 09:54:39,2017-05-17 18:26:02,2017-05-30 00:00:00
152e3e1d1cd5a952b1f4049ff29ab695,729be0ad11a9af7df71af2e9697e513f,delivered,2018-04-24 18:40:22,2018-04-25 08:51:56,2018-04-30 06:23:00,2018-05-04 20:08:41,2018-05-25 00:00:00
71e22e2d99081d6dc07d9627bb85969e,0b6c2ee27dbe0bcbffd424f2ddedd222,delivered,2018-01-24 22:46:55,2018-01-24 22:56:25,2018-01-25 15:32:52,2018-01-29 16:58:48,2018-02-19 00:00:00
7888c674da87585ee031e3b68a377499,2456ee41820a5bbca27406a2105c4341,delivered,2017-10-12 19:00:46,2017-10-12 20:10:46,2017-10-13 16:03:49,2017-10-24 20:12:14,2017-11-08 00:00:00
6401cfe160d72392195bd6e311a582cd,8ba270702525761a8e15b588882f92a2,delivered,2018-02-24 17:49:16,2018-02-24 18:07:24,2018-03-13 01:12:04,2018-03-24 17:02:43,2018-03-16 00:00:00
b4a1c1abe13b0e2adafb21da024cef98,81aef10a9af8f93cbfbf20e884277260,delivered,2017-10-02 21:11:56,2017-10-02 21:28:27,2017-10-04 01:02:54,2017-10-09 16:50:20,2017-10-24 00:00:00
b654b7344f08cc73e20ed2c4f5855bd6,c9cb57b640e67ea0437a79903e2d2fcb,delivered,2017-09-06 13:08:36,2017-09-07 02:50:13,2017-09-08 16:28:44,2017-09-09 13:06:45,2017-09-19 00:00:00
7a45994c67017557c12bf0ef5061325f,1616db95afa279b3d462ab5a8ce7bc1d,delivered,2017-11-13 21:29:03,2017-11-13 21:47:19,2017-11-16 19:28:56,2017-11-23 20:32:55,2017-11-27 00:00:00
92a40ff0f53b250065933f8b42431911,04c81659bc6756aec0dea8a3fe320d7b,delivered,2017-05-24 21:02:39,2017-05-24 21:10:19,2017-05-25 14:00:45,2017-06-09 09:27:33,2017-06-16 00:00:00
fc4c7a86a9b56a2af04f2bb99cba3fe3,d1fd59e3414732c09402cb5aa70be0dd,delivered,2018-08-12 17:08:45,2018-08-12 17:24:29,2018-08-13 13:09:00,2018-08-16 20:48:31,2018-08-23 00:00:00
885935156ba43094f3ae95f3c14e0381,3885c59916b2b261205c303fe0a10abf,canceled,2018-02-02 16:06:44,2018-02-06 04:32:39,2018-02-07 20:48:31,,2018-03-08 00:00:00
c19e19a8551bdd68c5a4d75fb4c6f4fa,1c2f4342582fd039e9914d710576234f,delivered,2018-01-24 17:53:23,2018-01-25 02:57:32,2018-01-30 15:16:50,2018-02-08 16:18:52,2018-02-23 00:00:00
310436570f7bf5ca58ec0500d633aea8,1f05354f6eaada5453b292bee372b797,delivered,2018-03-17 15:49:23,2018-03-17 16:09:22,2018-03-20 18:40:48,2018-04-03 23:21:33,2018-04-19 00:00:00
1d6d061efdb6cb19fd5b0805b95624f5,74b53dcf048a885b1ecf63efc42acf54,delivered,2017-12-05 10:29:44,2017-12-06 02:35:42,2017-12-12 22:23:32,2017-12-14 18:51:09,2017-12-21 00:00:00
b91c737fed536d40ce17d84edd88fac7,c87ff79f95188fd3ca370993eaf04d7e,delivered,2017-08-21 12:52:36,2017-08-22 04:06:33,2017-08-25 13:41:48,2017-08-31 21:32:27,2017-09-13 00:00:00
97406fbd0681b611192617f872175edb,1f1af3c6a318a42d87f7ed888b090147,delivered,2018-04-27 01:10:50,2018-04-27 01:31:09,2018-04-27 14:22:00,2018-05-02 20:54:39,2018-05-17 00:00:00
a99d889887e1de4ac286fc3847455a97,f4b0f6dde0d7b89d73275a20797ab712,delivered,2018-07-04 12:51:22,2018-07-05 16:26:40,2018-07-04 14:43:00,2018-07-06 18:48:29,2018-07-27 00:00:00
3757a57cc9b1a53aef763138d192f7d4,3bb999062e7f14c42c2392ccf3e30e6c,delivered,2018-06-25 07:38:14,2018-06-25 07:58:13,2018-06-26 11:55:00,2018-07-10 19:50:39,2018-07-23 00:00:00
32032cfe80a0e36537d611ea2b9342e0,1400d3c9230622c965679dc35bf3d886,delivered,2018-04-30 21:19:21,2018-05-01 21:15:20,2018-05-02 15:58:00,2018-05-07 18:22:59,2018-05-22 00:00:00
38a86eb53c2309d6234fc9bad96331ac,82d98198f7fb1687858e03a5322e1621,canceled,2018-08-18 12:39:31,,,,2018-08-29 00:00:00
81896eba4fe92a3bb71bcf392296f77f,8d7f1f15ecebe2d314c4b8ad2121b697,delivered,2017-11-26 23:47:31,2017-11-26 23:56:24,2017-12-01 18:52:48,2017-12-22 17:17:59,2017-12-20 00:00:00
295f4fcdd903a38a61769f73799049c7,c61e8ab4b99e5f7ad74aa7d8bccd25e4,delivered,2018-06-28 21:05:58,2018-06-28 21:15:10,2018-06-29 14:07:00,2018-07-06 20:48:30,2018-07-27 00:00:00
eb331761cad75951ae1b5c9dd275cd22,596476030ef36305e6dc6d82812d9ea0,delivered,2018-01-19 19:23:27,2018-01-19 19:37:14,2018-01-20 17:54:48,2018-01-26 22:19:07,2018-02-09 00:00:00
ec7d41a108fc32e99d2826b74617bfcf,f264c34e0fdf350f49230e34796a997b,delivered,2017-11-26 18:01:54,2017-11-26 18:13:09,2017-12-05 00:39:01,2017-12-09 15:44:45,2017-12-15 00:00:00
c504f1f5fd54cc8398d57dc0da49de01,f5294fd3bc349e076861698912675c2e,canceled,2017-07-09 09:18:56,2017-07-09 09:30:10,,,2017-08-10 00:00:00
833fc6ff01b52b440d9aff75caf2caf7,8a7211caed65d95327c162a2b3504e95,delivered,2017-11-24 20:19:02,2017-11-24 23:32:39,2017-11-27 17:22:00,2017-12-07 23:08:52,2017-12-14 00:00:00
7c3797b7f047e4358a5b2f9b9cf2e927,2612be9fa1c54d759c1f40d7927d9bfb,delivered,2018-07-25 10:04:44,2018-07-25 10:24:28,2018-07-25 14:44:00,2018-07-27 17:15:45,2018-08-09 00:00:00
80a02feb35f630ff84f1c40179f58bf7,b2ea611fe31cd36edad1b142cea0a9ab,delivered,2018-01-28 09:53:36,2018-01-28 10:10:30,2018-01-29 17:18:57,2018-02-05 21:56:54,2018-02-21 00:00:00
0e8f35f2fcf52b21069856048a64a929,a3b59440d5de8981d49606ac1bc8a89c,delivered,2018-07-03 14:07:10,2018-07-05 16:21:00,2018-07-04 15:31:00,2018-07-09 19:32:25,2018-07-31 00:00:00
70eaa52116958c2e734172d6ed51015e,ab3e2234cc7f0a87910d05b6dfe9a70e,delivered,2018-03-15 14:17:38,2018-03-16 14:10:58,2018-03-17 00:33:04,2018-03-27 18:26:42,2018-03-27 00:00:00
bf955c3062582fe37befbfd4b0e4b820,9df53ace643387dad918d4a85f961eb1,delivered,2018-04-23 14:36:17,2018-04-24 18:51:31,2018-04-25 12:55:00,2018-05-02 16:08:46,2018-05-25 00:00:00
23de168770a4c66841ecb6f89ee67a37,c816e4e3436cb415372f7d43d2256b1d,delivered,2017-12-11 17:06:43,2017-12-11 17:17:33,2017-12-12 22:47:09,2017-12-14 19:27:30,2017-12-28 00:00:00
f67653f770ab2bb3b64ee6f3a863f37d,0a8063db2632efe502814c8917d7b4a6,delivered,2018-04-02 20:34:22,2018-04-02 20:49:57,2018-04-04 21:08:27,2018-04-17 18:32:31,2018-04-27 00:00:00
0b1652557b7b9bf7c885236e4798dd91,d12b97844cdb418736b09a98bd775fc3,delivered,2017-04-07 18:08:31,2017-04-07 18:22:52,2017-04-11 06:08:13,2017-04-19 14:21:48,2017-06-07 00:00:00
43831dba8cf4791c11ab2d6febf989e4,b4e58d7a8196ffe7232f0ee83cfb57f4,delivered,2018-01-04 19:32:27,2018-01-04 20:31:46,2018-01-18 21:18:43,2018-01-23 19:39:11,2018-02-02 00:00:00
884dd22244240995c8a18169c32be54d,746704bb5f6ca629195b6a5195014c50,delivered,2017-09-28 13:32:31,2017-09-28 13:49:19,2017-10-05 21:00:00,2017-10-10 22:38:03,2017-10-23 00:00:00
654c5ae02ab59fb154d128fc5d5418e4,28c6129715163112501f1ae6b4255df3,delivered,2018-07-10 11:08:51,2018-07-10 13:15:18,2018-07-10 15:36:00,2018-07-14 00:33:04,2018-07-19 00:00:00
88bf34949a5bb708a123dd12e80ed24d,7dc85f58cadcc624d2f05f6a2049dc04,delivered,2018-07-03 23:02:42,2018-07-05 16:26:57,2018-07-04 11:03:00,2018-07-06 13:18:35,2018-07-27 00:00:00
792d05bf62b6d307527fcda2643411f9,dfa6887fbd2d987e02484f94f47707a0,delivered,2017-08-17 14:09:53,2017-08-18 14:15:25,2017-08-22 10:33:44,2017-08-24 13:43:04,2017-09-04 00:00:00
8ef91ddbf590a5498f274ed05040950d,20bfe2a66f1d96324f86cc7b436ebe60,delivered,2017-11-29 10:12:19,2017-11-29 10:30:28,2017-11-30 16:59:21,2017-12-02 11:56:48,2017-12-13 00:00:00
52c41e4882172d2311d038615bf36d46,9805434ec0ad1e8f656a4a7b3fdda315,delivered,2017-11-19 09:13:08,2017-11-19 09:30:26,2017-11-22 21:28:37,2017-11-28 01:09:26,2017-12-08 00:00:00
a1706a33c76bfd77c2fa337f882b31b2,35b0436d8811d628c6cc361c0cacd2f9,delivered,2017-08-19 14:49:51,2017-08-19 15:05:07,2017-08-21 22:09:01,2017-08-28 16:10:09,2017-09-25 00:00:00
e2f9342700902ec06e33f82cf4d279d8,f2c6bafb2b716742adc5f365bd7b94e7,delivered,2017-02-15 09:50:18,2017-02-15 10:03:30,2017-02-22 07:51:48,2017-02-24 14:36:18,2017-04-27 00:00:00
ec2273b08115c75a986b4ac62ef029d5,c28eadd882fe42e52643083b54ad44bf,delivered,2018-06-11 11:17:23,2018-06-11 11:40:12,2018-06-11 15:23:00,2018-06-18 15:28:30,2018-07-12 00:00:00
cfb88f9053ce059b4de5d506ca4a2c5f,04acb20e159d994a8fffcea71f751785,delivered,2017-11-24 10:38:00,2017-11-24 12:13:09,2017-11-28 20:51:37,2017-12-19 16:48:39,2017-12-20 00:00:00
7fc4e29ecbfc8b635f7ffebeb5e68228,d4fd73b5eb04da7927786173ddbbea0a,delivered,2017-09-19 15:14:08,2017-09-19 15:25:17,2017-09-20 17:09:01,2017-09-29 01:48:44,2017-10-05 00:00:00
6611a632dd160c4990e284877626223d,c7c0e37ec67378f2ebf1512797ebc2d3,delivered,2018-03-07 16:10:11,2018-03-07 16:29:30,2018-03-08 17:38:27,2018-03-20 18:28:56,2018-04-06 00:00:00
0547acbb31f582333f75c3fca2652969,dbd72a02438012f5b026b90630aa8bbb,delivered,2017-12-02 20:45:44,2017-12-02 20:56:33,2017-12-05 22:35:42,2017-12-12 21:35:19,2017-12-27 00:00:00
0a0185b8b72cbf2290c3e4218300a61c,b9ad88365f35c931dbbbeab892857006,delivered,2017-03-14 22:08:50,2017-03-14 22:08:50,2017-03-22 08:17:40,2017-03-24 16:07:44,2017-04-12 00:00:00
74d428b82c929f4d7d307093206f3ddc,8943a94fe1ac9fb40704c0015b2db105,delivered,2018-01-27 06:38:11,2018-01-29 16:10:52,2018-01-31 00:48:37,2018-02-02 00:06:03,2018-02-14 00:00:00
62f6e27aa9ff86022436c5bdfabc33e6,208a7903419114bd010ef2f516d19b4d,delivered,2018-07-20 16:35:57,2018-07-21 04:05:21,2018-07-25 14:49:00,2018-07-30 16:34:33,2018-08-17 00:00:00
09ced678dfa43843d2f38c410def94aa,7ddf54360177b27382331360ba87ec83,delivered,2018-08-05 20:58:28,2018-08-05 21:10:18,2018-08-06 10:45:00,2018-08-09 11:14:46,2018-08-22 00:00:00
25005bc2e7ea41ec988bdd233a251703,f474f7edece022a5d767559d939fa0f1,delivered,2017-08-17 12:04:48,2017-08-19 02:15:32,2017-08-22 20:12:41,2017-08-29 15:38:16,2017-09-11 00:00:00
79a9149e58ce62bd439a996268d1c8f1,03203e8daf33389fbd94c31ce3161d6a,delivered,2017-04-28 00:12:06,2017-04-28 11:41:18,2017-04-28 08:37:28,2017-05-10 11:23:35,2017-05-24 00:00:00
9089ae7edd24a60e79f8bd277e3c654d,e74dabd665393795b170d61e57db6f92,delivered,2018-01-02 16:15:29,2018-01-02 16:30:20,2018-01-04 15:07:20,2018-01-11 21:18:52,2018-02-05 00:00:00
fe2a11e8a3b98effc469854cd38fafec,dd085b75561b10ccba395d6069f4d5ad,delivered,2017-07-30 22:16:09,2017-07-30 22:30:18,2017-08-02 16:51:52,2017-08-15 18:13:33,2017-08-18 00:00:00
f26c56be47dddb43c5b028ae9844d407,48197ad034682abaeaf6f049cefd1c36,delivered,2018-08-20 21:50:59,2018-08-20 22:10:23,2018-08-21 15:17:00,2018-08-23 23:18:54,2018-08-31 00:00:00
d3e50ea4c86a1cfb30aa36e3e388d021,d2e63fd501db865b3ecb38ad833375ff,delivered,2018-07-04 07:14:25,2018-07-05 16:21:01,2018-07-04 08:21:00,2018-07-13 00:27:40,2018-08-16 00:00:00
4a335c9b6c47353962fc6f0b1911eb03,fb6b2ffbd90d13121790ece0d783211d,delivered,2017-06-18 13:02:08,2017-06-18 13:15:26,2017-06-20 10:32:09,2017-06-28 12:13:49,2017-07-11 00:00:00
fee5a1127dde04aca98c3dd84e96d471,fba07e232b15cccc3eacff2e597905e9,delivered,2017-09-29 11:08:33,2017-09-30 11:14:21,2017-10-04 20:52:11,2017-10-11 19:45:09,2017-10-23 00:00:00
e0519f85bba56ba4bd2ec14a3c2c9d92,11fea740df095db33a9ced60fc8dd2d1,delivered,2017-10-27 12:18:37,2017-10-27 12:30:07,2017-10-30 18:44:10,2017-10-31 18:43:58,2017-11-06 00:00:00
229d0231b531443ecfe2a09572108c7b,fad73d5dfe5f793e62bf5a9035bbc5ba,delivered,2018-08-01 22:14:52,2018-08-01 22:30:09,2018-08-02 14:44:00,2018-08-07 18:06:10,2018-08-15 00:00:00
565db683020d918f5bf0a745784b44fb,43d8604045badbfc2adfcb39d4b20df4,delivered,2018-02-24 08:53:44,2018-02-24 09:07:52,2018-02-26 15:38:47,2018-03-02 18:48:59,2018-03-21 00:00:00
f40d3749a6d621bb95be74a8ce79e06f,3689abfed7e332a5cf585915310c0056,delivered,2017-02-08 12:53:38,2017-02-08 13:15:10,2017-02-13 08:17:32,2017-02-21 12:34:16,2017-03-16 00:00:00
a4c7457da912c852dfb94cca5f35603a,3dbe6001de7536eba33cf52dd52f8baa,delivered,2018-02-12 10:07:11,2018-02-16 07:55:34,2018-02-16 18:00:08,2018-03-19 19:04:18,2018-03-09 00:00:00
9b683f7f0507153adfb34ea74f6fb19c,5baf161a86ace9dd4f26c0183b4c99b5,delivered,2018-06-19 14:39:44,2018-06-19 14:57:33,2018-06-20 14:44:00,2018-06-26 20:06:23,2018-07-11 00:00:00
dbb7c264b7caf9353bda0d1eafc4322c,27804bad8cee21a69133c3f2535c792a,delivered,2018-07-12 09:03:03,2018-07-12 09:15:17,2018-07-18 12:31:00,2018-08-02 22:31:34,2018-08-16 00:00:00
a9c3f5f3721d134e94565756f8a60ef0,8ee32f5a8a3a795ac11b2100b4558dba,delivered,2018-04-20 15:31:00,2018-04-24 18:41:22,2018-04-25 13:38:00,2018-05-02 23:32:20,2018-05-22 00:00:00
bb82d1c94323c38a3d8124414a6a5ca5,3aac1b9595d8ad08680f3d00d5afc432,shipped,2017-07-30 17:09:00,2017-08-02 02:34:10,2017-08-07 12:32:08,,2017-08-30 00:00:00
54e5e62447690f816827f631866b0e4b,0e02c0e8cf169452961509c4425d3fec,delivered,2017-07-18 17:20:53,2017-07-19 03:55:37,2017-07-19 17:27:22,2017-07-20 19:04:38,2017-07-31 00:00:00
55128fafaf26a1f0fbf789f5e9fbb831,f9d405f30bf0a93bcf5de8eabf0fc4d2,delivered,2018-04-02 19:37:23,2018-04-02 19:48:17,2018-04-03 19:16:31,2018-04-11 21:12:15,2018-05-10 00:00:00
bea241908521f6f54df027602db8b967,7959c2921753d98c175c34e873e46b86,delivered,2018-01-06 09:26:03,2018-01-06 09:36:20,2018-01-10 21:04:27,2018-01-15 19:49:06,2018-01-31 00:00:00
e26c49bee8a495cdc21b67ab5b2d413e,a589bb2fc41fa5787691857cded23b5d,delivered,2017-08-03 22:50:55,2017-08-05 02:55:31,2017-08-08 19:17:00,2017-08-15 18:56:27,2017-08-29 00:00:00
02564f320004c61ebf621191f06365a9,29880b59222c463f415962d277f449df,delivered,2018-02-18 17:02:17,2018-02-18 18:06:57,2018-02-22 12:59:14,2018-03-02 17:03:55,2018-03-09 00:00:00
59b7819f031f8bb56e21aa5659649954,0ddd4e372a303683e410887a30e45d0b,delivered,2018-01-31 09:54:19,2018-01-31 13:48:19,2018-02-02 16:27:13,2018-02-16 23:23:34,2018-03-02 00:00:00
ef9a774a63ac7a8f256cd7dc7a52f03c,6432a068bc0de5b41b579c8c4c4b364d,delivered,2018-01-04 21:00:25,2018-01-04 21:09:43,2018-01-05 21:22:19,2018-01-08 18:45:21,2018-01-22 00:00:00
b60b122b336eaee3323565272f117bec,00146ad30454993879adaa91c518f68c,delivered,2018-01-08 20:40:57,2018-01-08 20:48:33,2018-01-09 23:39:15,2018-01-16 22:33:07,2018-02-01 00:00:00
9dfae5aba4d323439c2b9fa23b716259,19b32aff7804c35e85c7c26b2f51d7e7,delivered,2018-05-07 08:55:18,2018-05-07 16:33:35,2018-05-08 10:54:00,2018-05-14 15:13:50,2018-05-24 00:00:00
3c2b7c318c6f9e50ae7845af21566a14,8c1f31645750fe00183ca50e5ae0a3cc,delivered,2017-09-29 08:52:41,2017-09-30 02:36:24,2017-10-02 18:32:14,2017-10-18 20:18:56,2017-10-26 00:00:00
dec8174d065c241bf96331b867fe47ad,fa463b9aa6e30ba66238689fd0e2b1f6,delivered,2017-09-28 19:40:53,2017-09-28 19:56:16,2017-09-29 18:04:15,2017-10-06 23:36:36,2017-10-25 00:00:00
2e6e6de992c5567f41aa94497d505e77,e27c13a71b8c090c5df94f96471e7994,delivered,2018-08-06 02:58:06,2018-08-06 03:10:08,2018-08-06 15:43:00,2018-08-13 21:41:52,2018-08-17 00:00:00
cc8304651e8857627e56aca5207db748,5081063a33c7f6495635c86acf14c90d,delivered,2018-02-06 22:52:39,2018-02-08 07:49:37,2018-02-09 22:38:20,2018-03-05 20:13:08,2018-03-12 00:00:00
6f88df04acbbbb0f5c98ef28271d27ea,8801d26b088a761ce801a813bbe1c124,delivered,2018-03-16 14:10:00,2018-03-16 14:28:55,2018-03-22 11:18:40,2018-04-02 13:36:38,2018-04-06 00:00:00
72c43226251f106407afcfe2b2f2e247,acd83049e45a80aed321d7e6755669c6,delivered,2017-10-10 22:17:59,2017-10-10 22:28:55,2017-10-11 22:29:32,2017-10-23 18:13:45,2017-10-30 00:00:00
ff1581e08b3011021e7c7de592ddc81e,0f3c16514be9fe9bdb840983701d2ce6,delivered,2018-03-21 22:37:09,2018-03-21 22:50:25,2018-03-22 22:03:29,2018-03-24 00:52:29,2018-04-03 00:00:00
e2ba84b9fda1f36c6b2ae25097ef72e0,97de1f2c8777fcb7d6000cda55786124,delivered,2018-02-27 15:23:07,2018-02-27 15:35:29,2018-03-02 20:04:59,2018-03-07 23:03:54,2018-03-29 00:00:00
3755e498bba48053cdac758b05dfef7c,7c39396dbe338aaea1f5b19d509fc099,delivered,2018-01-18 19:59:07,2018-01-19 08:32:32,2018-01-19 21:38:44,2018-01-20 17:46:42,2018-02-02 00:00:00
e1da6a380c23eec0e20231c7b695f47e,225c6e6a5627029ce77a11c6d501eb6a,delivered,2018-02-26 14:12:39,2018-02-28 09:29:16,2018-03-08 20:41:33,2018-04-11 20:18:23,2018-03-23 00:00:00
159d78305b59e6a845e515f3a9e3f02f,f00a4a474cefac1bccc66ff62b005775,delivered,2017-12-02 00:25:01,2017-12-02 00:36:38,2017-12-04 19:07:18,2017-12-07 00:37:48,2017-12-20 00:00:00
d8e084f74fa06f591e326975ca18a905,1de6fba12e5abd0cc6bf19f9cb96a59c,delivered,2018-07-22 20:33:06,2018-07-27 23:30:45,2018-07-25 14:14:00,2018-07-31 17:37:38,2018-08-23 00:00:00
abed2a2ecd907630587f0062063d3df7,ff423802c40cadf7c338845c137fe304,delivered,2018-06-22 17:42:02,2018-06-22 17:59:01,2018-06-25 15:42:00,2018-07-02 21:05:41,2018-07-05 00:00:00
4aa95ac048b026918957d83319f5eca6,52a10e6a657afbd2032734f1e9af8428,delivered,2017-02-07 21:24:48,2017-02-07 21:31:25,2017-02-09 08:38:19,2017-02-16 12:12:17,2017-03-08 00:00:00
3284ccb8e44c6d500facdde27e67a175,5c1a9561b992127f29940b8a24a98cc4,delivered,2017-11-26 17:34:14,2017-11-26 17:54:28,2017-11-29 17:29:08,2017-12-03 14:04:25,2017-12-15 00:00:00
701b8d796304d25d93346f4f62a7eebc,556ab1ee7c3634931dbf4d769b6f6e6d,delivered,2018-01-23 20:45:31,2018-01-24 15:57:37,2018-01-25 20:33:32,2018-02-02 19:14:49,2018-02-19 00:00:00
8abad7f94ac09beb87ae2286a4964e7e,0abb39b16686366b86f96d6c014146cc,delivered,2018-08-07 20:19:14,2018-08-07 20:30:18,2018-08-08 16:37:00,2018-08-10 17:20:53,2018-08-16 00:00:00
18e82a9a005e7ca6f3811d4a46e1567d,16a31f43fe0b331d2e7a4d76574257eb,delivered,2018-07-07 14:45:56,2018-07-07 14:55:24,2018-07-10 12:38:00,2018-07-21 14:05:50,2018-07-26 00:00:00
4ab88da80ca7e44f4ef0a97cc756619c,fe52371de2f4b439db8a13ce74a64bc6,delivered,2018-02-06 09:20:04,2018-02-06 09:35:27,2018-02-07 15:19:06,2018-02-15 19:32:40,2018-03-13 00:00:00
f5f5e7dc064892b36f19ed8c2b40e1a9,46b9f01312b49da953d7cd077aa394ff,delivered,2018-08-07 16:35:40,2018-08-07 16:45:31,2018-08-21 05:37:00,2018-08-29 20:38:48,2018-09-06 00:00:00
c52b847a710480721b6c4def72048468,8345586f08b3fede926a66b367857e3e,delivered,2017-12-13 19:56:25,2017-12-13 20:08:21,2017-12-15 12:27:56,2017-12-17 18:55:56,2018-01-02 00:00:00
46184b89fda9079331dc0f7dceb061c6,44640723e9d720f96a002f2e671e79dc,delivered,2017-07-06 11:12:41,2017-07-06 11:25:23,2017-07-06 14:57:34,2017-07-11 20:36:41,2017-08-03 00:00:00
ce36799829f380bb23aa467649d173c5,9c4d6870133ed18936397f495df246c6,delivered,2018-05-24 19:04:17,2018-05-25 03:17:58,2018-05-28 13:05:00,2018-06-07 16:28:39,2018-06-19 00:00:00
b92195016ab44aa92f58ccdc17cf496c,031004fe0f92b09190fc8462ad2b4688,delivered,2018-05-14 12:47:30,2018-05-14 13:16:52,2018-05-18 15:12:00,2018-05-22 11:48:32,2018-05-30 00:00:00
5907e332dfb01556b0eff58839cc2f75,86c74e1a7c642fe8eb9e3c57c6b95c8d,delivered,2018-01-05 23:22:48,2018-01-05 23:35:25,2018-01-08 23:47:29,2018-01-29 20:22:49,2018-02-08 00:00:00
eb8871f7b0a4b2678e414a280b52349b,623de6c1e2801c6702b4f1d70b72777f,delivered,2018-03-18 19:47:29,2018-03-18 20:07:33,2018-03-21 21:05:13,2018-03-24 17:34:35,2018-03-29 00:00:00
b49fb5d1cf86975cf5a295431c278a33,919898139ad85605b36f05302f908a95,delivered,2018-06-11 18:18:36,2018-06-12 18:46:06,2018-06-15 14:27:00,2018-06-20 15:45:20,2018-06-28 00:00:00
58076d990830fefdf892853e25db27c8,cf7cf1913cabcd7ec3db1e6e9d02197e,delivered,2018-01-05 17:07:07,2018-01-05 17:16:35,2018-01-08 21:54:11,2018-01-23 13:43:10,2018-02-02 00:00:00
8a7096900fa8a063219b9edd1a9e5431,a0f578fe552521788131d5e9cb728e0b,delivered,2018-06-19 17:00:22,2018-06-19 17:26:53,2018-06-20 13:08:00,2018-06-25 20:41:12,2018-07-17 00:00:00
f01557208e34bd6c092c907754981421,a3a29adf6701f67bcd871855b7a739da,delivered,2018-01-18 23:40:46,2018-01-18 23:56:21,2018-01-19 23:07:40,2018-01-22 19:38:47,2018-02-02 00:00:00
9783d3dd1819fa6e14a26427b1989137,e79d2e40f41f804d567988796efc3c59,delivered,2017-07-13 11:23:11,2017-07-13 11:35:08,2017-07-14 16:22:53,2017-07-18 19:53:41,2017-08-09 00:00:00
346b2fb1fdc9e25b67e293bbd5fe9ec7,8e069736cdd121d166b7224578f3c332,delivered,2018-06-24 17:49:20,2018-06-24 18:15:05,2018-06-25 14:13:00,2018-07-02 19:41:59,2018-08-07 00:00:00
7d86c611496883136ac017bd88ffa64e,574128bafa81107ef762bae0b192168f,delivered,2018-05-14 12:37:33,2018-05-14 12:52:36,2018-05-15 11:51:00,2018-05-21 16:14:28,2018-06-04 00:00:00
13d45a0fb42d1b8691a1824859519e4e,63ac9058c1f1f1ec7f174e8d80d36ae9,delivered,2017-09-22 11:08:46,2017-09-26 04:07:17,2017-09-29 17:43:43,2017-10-17 20:12:55,2017-10-19 00:00:00
e77d85bec584c36b9558adc732947c76,117b1c66b1089ece5c2254144f37cfe6,delivered,2017-03-02 21:58:35,2017-03-04 02:25:22,2017-03-07 10:09:07,2017-03-29 15:22:38,2017-03-29 00:00:00
bcb0343717a9e0265e156e34c25c3dc0,40272bfc2f46fc530bb6eb75977b5a07,delivered,2017-08-05 14:55:19,2017-08-05 15:10:14,2017-08-09 18:03:22,2017-08-11 17:57:50,2017-09-14 00:00:00
4c52d492645b303b645e4d59b2f2af95,d1c2ecfce662c720c6fdd9d1ba419deb,delivered,2017-04-12 20:14:58,2017-04-12 20:25:14,2017-04-13 15:48:02,2017-04-18 15:17:41,2017-05-04 00:00:00
604970dd9342c16efde4207c42f38f2d,003e45472805afa1ee701d83284fa22b,delivered,2017-06-11 20:50:58,2017-06-13 04:02:47,2017-06-19 12:46:07,2017-06-22 15:38:17,2017-07-07 00:00:00
e5cc1da4553871faa7c23e0f4b4844b2,4fb4db0a6cdb200db3d8144c5cc328d3,delivered,2017-06-04 10:37:20,2017-06-04 13:02:29,2017-06-05 12:11:07,2017-06-26 17:35:57,2017-06-28 00:00:00
65c89cbb9f1da66608c81d78485e3cdc,1c44c6f25779bb001d8cb8eb362b58d8,delivered,2017-07-24 22:30:19,2017-07-24 22:43:02,2017-07-28 14:26:40,2017-08-04 19:02:45,2017-08-15 00:00:00
ce101239d4d3c22d02503fc803c73be6,dffad848e20daa8fddd888a94af8f71f,delivered,2018-04-18 11:06:48,2018-04-19 02:15:14,2018-04-19 22:26:00,2018-05-23 13:48:41,2018-05-14 00:00:00
dfbd932bdc2738f490b6969edb6f6919,aa820e5e82c2724e39fd639644077197,delivered,2018-04-14 16:20:24,2018-04-14 16:31:28,2018-04-20 00:59:26,2018-04-20 17:42:33,2018-05-03 00:00:00
d3d77ac289fa018592f73d730cbbdcd4,e3019141b5011bee27cabff1d47b8b8c,delivered,2017-05-02 13:43:15,2017-05-02 13:55:13,2017-05-04 12:32:01,2017-05-22 11:32:48,2017-06-02 00:00:00
d247ca22fce9ccacbc4adb556e4083f7,0a4ed5474727fc500c7ceced05c84129,delivered,2017-11-13 23:36:32,2017-11-13 23:46:40,2017-11-30 22:56:46,2017-12-10 10:41:44,2017-12-01 00:00:00
3e1e8c1cf1dfdbec245dc1d04ab27e38,f8213934e14cc83d7fc89f6397d4a058,delivered,2018-04-02 12:30:02,2018-04-02 12:48:39,2018-04-04 19:12:04,2018-04-06 18:42:00,2018-04-18 00:00:00
0a72bb193c65199cdd69574aac533a83,b885ff39577dedbe1fcf4682be87619e,delivered,2018-05-21 13:54:10,2018-05-23 02:38:31,2018-05-23 14:08:00,2018-06-08 23:39:39,2018-06-12 00:00:00
3ad6c429e788f917fc200d21941bcb36,9359da8be4a6070e86b408edc5b5ee6d,delivered,2018-07-21 14:43:45,2018-07-21 14:55:18,2018-07-24 15:32:00,2018-07-26 18:41:39,2018-08-01 00:00:00
585b27112176e2d9ca8a1fdbaa247c22,1832698a30f8a7d0e248204f4818ef51,delivered,2017-07-19 17:27:37,2017-07-20 06:43:17,2017-07-20 18:14:36,2017-08-03 21:43:03,2017-08-10 00:00:00
fe0054f00109b15deef50f097a792678,fb5050c5a9ca2923caaf504fce94ba0c,delivered,2017-11-21 11:04:31,2017-11-23 02:53:23,2017-11-28 15:58:55,2017-12-04 22:19:24,2017-12-11 00:00:00
7063584ebd960be71a883b756429f2e4,276bafdc3963a89aa3471c3d83a9db4e,delivered,2017-08-30 10:46:15,2017-08-30 11:04:24,2017-09-01 15:14:36,2017-09-15 19:31:38,2017-09-21 00:00:00
d37b53698d3839a94cb33273bb8c0241,e5a30eeaa4e287b87b1354d3d3fd4779,delivered,2018-02-22 09:43:00,2018-02-22 10:15:42,2018-02-23 18:19:17,2018-03-06 19:24:25,2018-03-23 00:00:00
6982e573fae66449ecdcb3381c5c75f9,fc4f8b704f1187abca2fbd5fabeec8dd,delivered,2017-03-21 21:40:41,2017-03-21 21:40:41,2017-03-27 12:07:24,2017-04-06 07:12:46,2017-04-13 00:00:00
63a529c7538a58649327440872ef8b2d,c634752b39f45cf4ea21793800be5de2,delivered,2017-12-18 18:37:30,2017-12-18 20:30:32,2017-12-20 19:23:12,2017-12-27 19:22:28,2018-01-16 00:00:00
ac5ff205bf10a5b08e09e552d693cf4c,d7f16c15e8f7db3c67cabac56e57ffea,delivered,2017-02-27 19:54:25,2017-02-27 20:05:12,2017-03-02 07:35:26,2017-03-07 10:11:42,2017-03-22 00:00:00
a9ef87f686349168d7b25621bac29d5e,0df186e89fa6f0d7724df6839ad18fe5,delivered,2018-01-09 10:47:10,2018-01-10 10:49:26,2018-01-22 20:58:49,2018-01-31 02:18:33,2018-01-26 00:00:00
a50e5978ea225733e3885163fe1d81bc,83360574567ca6b0026ea20ff0ab52c4,delivered,2017-07-19 15:14:19,2017-07-19 15:25:16,2017-07-20 20:29:13,2017-07-26 10:30:11,2017-08-10 00:00:00
b2a9ead363294c50ba001adc7b811756,91afedb8e47673f4190946478dcb74c2,delivered,2017-04-19 16:38:00,2017-04-19 16:45:15,2017-04-20 08:39:40,2017-05-02 17:43:07,2017-05-15 00:00:00
acdbc7396e191931c263db11af241d62,816fa7cf00e01aaf19c7ad215b049c9b,delivered,2017-11-05 19:54:45,2017-11-07 07:30:48,2017-11-08 16:22:45,2017-12-04 21:04:22,2017-12-14 00:00:00
1a0a41acfcd4a351ae9f002b942dce2c,365681813ec00a0106fd91f8e5cf5488,delivered,2017-08-04 21:01:53,2017-08-04 21:15:15,2017-08-15 21:42:21,2017-08-22 22:33:40,2017-09-05 00:00:00
c23b3b6e42c2d0fe2d6fad69e2b1f34f,ff0da136fbd35fb34d88d49e88dbff2a,delivered,2018-01-21 14:29:50,2018-01-22 13:51:02,2018-01-23 22:18:05,2018-01-31 16:42:56,2018-03-01 00:00:00
0713f1dd3cdb0f62e71d9a1f01c2bc0b,e1e49b430a59e70670e977664c8f2f8f,delivered,2017-08-01 07:31:32,2017-08-03 16:50:08,2017-08-04 19:19:47,2017-08-10 19:44:26,2017-08-24 00:00:00
e4a664fb766c91a75ec091362183c42f,cc3972519bcbe5e8a1ea0cb1c23a99de,delivered,2017-11-26 17:09:48,2017-11-26 17:32:26,2017-11-27 18:38:55,2017-11-30 01:38:43,2017-12-11 00:00:00
889f4a91a6dd40de2cff5139cf2da1e6,6bf3d65c15bc4af3f6d4415216be6cac,delivered,2017-11-20 11:45:29,2017-11-20 11:57:18,2017-12-01 19:27:54,2017-12-20 00:43:25,2017-12-15 00:00:00
e0abc00799a9dd05b315c62dd2573724,48baae4b0e2d00b9523c8753ce7d1eba,delivered,2017-11-29 12:24:45,2017-12-01 11:31:41,2017-12-04 18:38:43,2017-12-12 17:44:31,2017-12-28 00:00:00
be352bbad6d37a556d8ed5fc593bf248,4cad15d0f25fe2fee5f6b3dee45b8d4c,delivered,2018-05-30 18:01:22,2018-05-31 03:36:12,2018-06-07 14:23:00,2018-06-13 17:51:38,2018-07-16 00:00:00
c5a468ae781ffb0ec6d36ae89fe512b0,ed7ef682569428c1afaf73b39a2f602b,canceled,2017-01-13 11:06:56,,,,2017-02-13 00:00:00
917fa8f40024e6e7bd1533221767ff65,52c69dd752aab223542b1528dbe334ff,delivered,2017-07-16 13:01:17,2017-07-16 13:10:15,2017-07-17 18:12:02,2017-07-23 15:55:57,2017-08-01 00:00:00
5bebe39740e4434a58d1fead1a4d854d,caf13309f13b92c0b4e19259a74566fd,delivered,2018-05-02 11:09:22,2018-05-02 11:34:21,2018-05-02 14:39:00,2018-05-18 15:49:00,2018-05-30 00:00:00
e7c984c7684388a750178a7187b29cc4,46a6f3ff9a9f8c8786c705af91edcbb7,delivered,2017-07-25 17:26:12,2017-07-25 17:42:50,2017-07-26 17:19:58,2017-07-31 21:24:36,2017-08-16 00:00:00
8e2fa0b77725b0b8d060123e347344fd,9e3928ae9bc7270d367853ee9c9d546a,delivered,2017-09-08 09:22:24,2017-09-08 09:35:20,2017-09-08 16:57:38,2017-09-14 21:14:19,2017-09-27 00:00:00
71ea8340051d1eb026b7f104899eafe9,90c57a956687efce976e3a57c514e2c3,delivered,2017-05-15 13:34:32,2017-05-17 04:10:28,2017-05-17 16:25:57,2017-05-22 12:52:07,2017-06-09 00:00:00
8672c44699294d90098cc4ba2441d317,0cba07be7f89557dbdf43a0e58663ff9,delivered,2018-06-16 10:02:52,2018-06-16 10:17:16,2018-06-18 14:15:00,2018-06-22 18:38:32,2018-07-13 00:00:00
f49c0fbc31a71d739df8b7c13dd6ffd8,8c3bb1ec148b8d1c603c47a15c41faa9,delivered,2018-02-15 16:26:48,2018-02-15 16:46:42,2018-02-16 18:07:12,2018-02-23 20:48:57,2018-03-07 00:00:00
02dcfbe3274b16820a9fca74c156dc9a,568582be60824f5a39353bf7aafcffae,delivered,2017-11-20 13:53:01,2017-11-21 04:07:05,2017-11-30 00:17:04,2017-12-05 18:09:12,2017-12-12 00:00:00
61587185bfde7d7fc6a93030ddf4a57c,2befd838f726c482b5281c5f849b3cad,delivered,2018-03-02 23:19:40,2018-03-06 03:49:22,2018-03-07 20:33:03,2018-03-20 21:21:53,2018-04-05 00:00:00
d2a0cfdf8f3b718afce8a4b9d943614a,9c0b57c0b36a9d3ad9eef00e104a174a,delivered,2018-03-26 14:55:06,2018-03-26 15:10:26,2018-03-27 20:04:55,2018-04-05 18:18:39,2018-04-16 00:00:00
eadb5d6bcbc31439d1d6706a39dba007,a0dfdd6ee456f770e2055649347bab2a,delivered,2017-03-29 00:42:28,2017-03-29 01:15:48,2017-03-30 08:48:25,2017-04-17 08:43:21,2017-05-09 00:00:00
076d991923ee938761994a4255f5c5da,9a22acb51c785b2f42ec2fe871ea3bd2,delivered,2017-12-11 09:13:27,2017-12-11 09:30:01,2017-12-14 18:59:51,2017-12-29 21:39:02,2018-01-08 00:00:00
c19151387b76297886c53149367cac4d,d359f457faaab88afbd4ba5df49bb13d,delivered,2017-11-09 00:27:43,2017-11-09 02:30:59,2017-11-09 22:42:53,2017-11-22 21:41:11,2017-11-29 00:00:00
5427a9679337de4d57c9c59275f5336f,6ae72afe4d8eb041cfa5a2cffa052a44,delivered,2017-10-21 21:53:48,2017-10-21 22:05:43,2017-10-23 22:13:04,2017-11-01 18:03:17,2017-11-13 00:00:00
18c48366114e65c415b2c19448f7c146,a7bfe37a3126d9f69b7388135be12f1e,delivered,2017-09-21 20:55:09,2017-09-21 22:45:32,2017-09-25 18:25:55,2017-10-03 17:58:53,2017-10-24 00:00:00
957ba0861ba82e4446aa2f105b7f794b,7092109e11d8fc05620830ac48b5c8a1,delivered,2018-08-16 11:28:46,2018-08-16 11:43:50,2018-08-17 12:40:00,2018-08-24 09:41:35,2018-08-31 00:00:00
53366f56110f65cb92e10f720b3679a5,fd7272ee66a9a2d9dd0f622d17a1c665,delivered,2017-11-24 15:08:20,2017-11-24 17:54:16,2017-11-27 16:32:53,2017-12-07 22:34:41,2017-12-14 00:00:00
f9a4431b06162517b2bc2fbaf8f9645a,c18b64a465c9f5309872862fe7e84ca6,delivered,2018-06-02 11:03:09,2018-06-02 11:15:16,2018-06-11 14:08:00,2018-06-14 19:08:51,2018-07-17 00:00:00
3243b3ca1a31c24c748cf2227dc29eb5,3fa60642dafff211589344025adaf9a8,delivered,2018-03-02 09:39:07,2018-03-03 02:49:29,2018-03-15 17:55:42,2018-03-21 18:19:40,2018-04-10 00:00:00
f2f949c0ccde761a4485b5535eae0467,7955dc8ce73a68fe390f4e5c54e855ba,delivered,2017-11-13 21:54:11,2017-11-13 22:10:41,2017-11-16 13:21:55,2017-11-24 20:32:03,2017-12-06 00:00:00
03171e00c28f7c3e5c779c2c1009a458,7c08087045374bb1d3d72120ba4f1cc6,delivered,2017-08-10 14:54:28,2017-08-10 15:10:25,2017-08-23 18:17:03,2017-08-25 16:41:46,2017-09-01 00:00:00
ee0ad0da72450479a221d3130c63afd1,6d636ad9408d138208ac81d6107fe6a5,delivered,2017-11-24 21:22:30,2017-11-25 00:18:32,2017-11-27 18:58:33,2017-12-20 23:29:11,2017-12-20 00:00:00
6353efc1d0d95c4b6b631151651307d3,e799ee9277f49b60fdf907d4535a9203,delivered,2017-07-30 08:44:33,2017-07-30 09:03:01,2017-08-01 17:03:22,2017-08-08 19:48:40,2017-08-30 00:00:00
b4a53c6fa9bc78adf59983a160f5470f,cd0ea36f631ecc18f4a781beb4799b43,delivered,2018-05-03 19:06:37,2018-05-03 19:15:24,2018-05-09 15:48:00,2018-05-29 15:14:40,2018-05-28 00:00:00
5855ed67c59c23f410f190aabae43591,cb85674de3108f718d4b6b608ee2f0da,delivered,2017-09-08 12:55:46,2017-09-08 13:05:18,2017-09-11 22:42:27,2017-09-15 21:55:41,2017-10-02 00:00:00
d184a50b5e40af5b04c71ea71a0f6637,bdccda5ccefdbb3e41596cd2577e26ce,delivered,2017-02-12 15:12:12,2017-02-12 15:22:57,2017-02-13 14:05:21,2017-02-22 14:21:31,2017-03-20 00:00:00
cd2e4d6d0b853db1cad25cd418d04ae3,a12c7d650184df118001b3cebaf3b150,delivered,2018-02-03 16:17:54,2018-02-03 16:29:52,2018-02-07 21:16:47,2018-02-14 18:05:53,2018-03-01 00:00:00
09d062f6e1122b61b5ebf287cfd6be11,aa3d6e1aec530b8994b66bb129ac2bf3,delivered,2017-10-17 10:42:30,2017-10-18 03:06:02,2017-10-18 19:52:01,2017-10-24 18:09:51,2017-11-10 00:00:00
6391ac0460dbc859a6788e18dc821698,08be5d1f213ea37487f2698ca4b2be07,delivered,2017-06-27 23:44:39,2017-06-29 02:45:36,2017-06-29 14:13:31,2017-07-04 15:47:50,2017-07-24 00:00:00
ffc184f2119c6fd4140dcfb518bf4734,6f87e0dbbc2f842ebfe72a589cef6e9e,delivered,2017-10-22 18:50:04,2017-10-22 19:07:18,2017-10-24 16:36:37,2017-10-26 19:35:32,2017-11-03 00:00:00
e644e459ff4f578d335168f365b77e6c,a8baa0000f9a034bef9676f8e5572817,delivered,2018-04-29 13:15:47,2018-04-29 13:34:00,2018-05-02 08:33:00,2018-05-08 18:03:37,2018-05-29 00:00:00
29b179123b9eda65690278842d2c364b,3529b1799213dbe52624799994675efe,delivered,2018-08-11 19:01:04,2018-08-11 19:10:19,2018-08-13 15:03:00,2018-08-18 13:41:52,2018-08-30 00:00:00
6e18b903d38ac38420a6d094ebaebb50,98a788a392a4d1018115c93781479b8c,delivered,2018-03-28 15:42:20,2018-03-30 03:26:58,2018-04-02 18:58:39,2018-04-09 20:51:01,2018-04-18 00:00:00
06a05e46d787299f6277bfcb590f2ef5,4c05603dd6bd8a1afa59f2684620ffd4,delivered,2018-01-10 23:47:40,2018-01-10 23:55:31,2018-01-16 19:38:52,2018-02-03 15:18:59,2018-01-29 00:00:00
307593389c72a7dc51e1c7a57565a0b3,e470e314e6a0a2c4047969fe6e787eed,delivered,2017-05-13 15:28:28,2017-05-13 15:35:16,2017-05-16 16:02:15,2017-05-25 10:24:53,2017-06-07 00:00:00
00fdb72e467da6f3b000b19b368a6cf6,299735fa1daa3e83ee1048309d22f9da,delivered,2017-10-24 21:31:18,2017-10-24 21:49:17,2017-10-27 20:47:46,2017-10-31 22:18:43,2017-11-24 00:00:00
63b0abee9c82e79c3b6e860d070f2c62,b51ecad2f840841fc7f24a4aca209f01,delivered,2017-08-28 21:45:52,2017-08-28 21:55:23,2017-08-31 19:26:53,2017-09-09 17:05:24,2017-09-19 00:00:00
a393492a87f42dc60b9b63b4ec2f6480,1dd36c847541e6a8d0017dd3113eb201,delivered,2018-01-09 20:28:04,2018-01-09 21:32:24,2018-01-13 02:07:00,2018-01-22 22:25:11,2018-02-02 00:00:00
0c892a79e462e31570b88739be67f32d,946f35bd37b2438f7f2d68da8ed3b963,delivered,2017-03-24 15:02:41,2017-03-24 15:15:11,2017-03-27 14:04:43,2017-04-04 05:49:54,2017-04-17 00:00:00
93bc6f18eba5e96c71ba3d04e1e8f5d4,a8a04bb88243eb391fc0964aaaf1d79d,delivered,2018-03-12 20:55:08,2018-03-14 03:48:18,2018-03-15 20:18:19,2018-04-06 17:20:46,2018-04-02 00:00:00
6e8762ed90dc2ba796c568273539cd77,f704f5612200fcc94627abfc094464bf,delivered,2018-03-20 21:32:13,2018-03-20 21:48:47,2018-03-21 22:11:50,2018-04-11 21:19:20,2018-04-13 00:00:00
768828d19a7b67c4c5aa1e38def296dc,0bd1e9072528aad3d346e72102bee4f5,delivered,2017-03-04 18:33:44,2017-03-04 18:45:16,2017-03-07 07:37:39,2017-03-10 15:12:53,2017-03-30 00:00:00
6a3c03b4d8dd9b6cf04b7c09c5cf6627,a31ddccc8903093ba9f48791e0733d7b,delivered,2017-12-05 08:48:23,2017-12-05 11:03:43,2017-12-19 22:28:38,2018-01-10 19:57:08,2018-01-02 00:00:00
dc281ba54d58f3a819966dc9c879241b,4e513a51bf088b776864a966b91fd79c,delivered,2017-11-18 18:52:08,2017-11-18 19:06:52,2017-11-20 14:36:50,2017-11-21 19:41:43,2017-12-01 00:00:00
57e27e0f4ce02fc858627e4c46e51e9d,0277bd798b42071cb092b1795dbae947,delivered,2018-04-03 19:04:17,2018-04-03 19:15:24,2018-04-04 20:39:35,2018-04-12 20:58:59,2018-05-11 00:00:00
aab068ce8be8648dba3e07ee803db1d8,bc3c6f4b68fb4a5115f293e428469a6d,delivered,2017-12-07 16:17:15,2017-12-07 16:34:24,2017-12-08 19:24:40,2017-12-09 17:09:31,2017-12-26 00:00:00
a028a53499d56225d417f0561ea2c1a8,a4d021990afaaa8e7c8c41f9fe72d7ed,delivered,2018-01-19 16:33:57,2018-01-19 16:59:44,2018-01-23 12:13:57,2018-02-02 13:09:37,2018-02-14 00:00:00
5d025adca7f94a2bdfd06c914a9bc601,16b792424429f7c1c708a83acba00014,delivered,2017-10-12 02:31:17,2017-10-12 03:20:13,2017-10-13 22:53:40,2017-10-17 18:28:45,2017-10-25 00:00:00
148eb002be64ecda1789c28234f82c49,c17683cfec7fd02fa5928ac868ee233d,delivered,2018-03-22 09:28:29,2018-03-24 02:11:09,2018-03-26 21:08:42,2018-04-03 19:04:25,2018-04-20 00:00:00
a5b93054fbbf75a89a10d7fddb18afe7,02b5dad4111669d799b6697ddbbfcf3b,delivered,2017-04-06 10:52:51,2017-04-06 11:05:16,2017-04-07 14:58:17,2017-05-08 12:02:00,2017-05-10 00:00:00
d2ed05c6bf17b1e0dc17dde0cc4768a8,daefa855bea4e5eac9ccfa3267b10b34,delivered,2018-02-01 11:42:23,2018-02-01 11:55:51,2018-02-02 19:18:29,2018-02-05 19:14:48,2018-02-19 00:00:00
a601d022409232a8c75200e448dfb843,6b77feae2a3a39a0b0385e67ff194277,delivered,2017-08-09 13:27:11,2017-08-09 13:44:11,2017-08-10 16:59:38,2017-08-21 21:57:41,2017-10-03 00:00:00
b033a34245ae159e80dd599b3c5cb92f,cd9844b06a03c881a223281b601ed8eb,delivered,2017-01-30 19:25:23,2017-01-30 20:33:57,2017-02-09 15:38:02,2017-02-13 10:15:34,2017-03-17 00:00:00
cb6a022cd5d0c3242f698327ac4bcd97,899b712f06e7b29eecd343b85cfe9136,delivered,2017-11-25 18:33:58,2017-11-25 18:51:50,2017-11-28 20:18:51,2017-12-14 15:16:42,2017-12-19 00:00:00
c88921a6cbda2e9973f9cfbd4e771d20,dc29649b0a10811a1a7e96a23c537999,delivered,2017-03-24 15:02:23,2017-03-24 15:15:12,2017-03-28 08:33:19,2017-04-04 15:52:26,2017-04-12 00:00:00
e538294b03594e142f0d6a209bd662c0,46416291de65eb2dd91cda1ca214cc5e,delivered,2018-04-06 14:11:27,2018-04-10 03:55:21,2018-04-10 20:32:22,2018-04-18 21:02:59,2018-04-30 00:00:00
f91eb2806b28dec82d98c3973af406c5,f5610a33e73e71de93a930d78aa9084d,delivered,2018-06-21 16:29:41,2018-06-21 17:58:17,2018-06-22 15:20:00,2018-06-28 13:47:43,2018-07-17 00:00:00
6045586df3b03485018e77a6a16bf689,236ba35fd1ff094313a131337c5141b0,delivered,2018-03-18 17:34:34,2018-03-18 17:50:33,2018-03-21 21:09:23,2018-04-04 18:23:45,2018-04-17 00:00:00
2ee77ee9cd8288db14b7af33ba98c163,196f17bb795d8e0ce677230cc1781059,delivered,2017-10-20 13:15:37,2017-10-20 13:28:07,2017-10-20 20:22:37,2017-10-21 15:43:44,2017-11-01 00:00:00
7e2680945c22bf90f075339750b45ce2,7b33f0adecab294ca2fa60029f662a5a,delivered,2017-11-25 12:01:33,2017-11-25 12:13:40,2017-11-29 20:36:55,2017-12-20 17:58:47,2017-12-20 00:00:00
2343345152ce9ee61f54b2dae18561c1,59cb919cf0144e77dc645ec6d6d1c803,delivered,2018-06-20 10:57:19,2018-06-20 11:26:04,2018-06-20 13:51:00,2018-06-27 13:38:39,2018-07-20 00:00:00
38ece426df6061a1672fecbd2cd3001f,ae71451a12e82001865a77949127781d,delivered,2018-01-27 19:06:52,2018-01-30 03:47:51,2018-01-31 00:55:41,2018-02-08 17:58:31,2018-03-02 00:00:00
2f921a8c1d6f7937df5c7fb0468f6f07,0576e04c11f1cca61cc2975f5fd83179,delivered,2018-02-07 11:21:56,2018-02-07 11:32:23,2018-02-07 21:18:52,2018-02-08 19:30:02,2018-02-23 00:00:00
02e440cd2d735b66f2c859ecd1ec44bd,b88b46011ba920177266af7a03a3496e,delivered,2017-11-24 00:07:16,2017-11-24 00:56:34,2017-12-05 02:04:37,2017-12-14 12:48:31,2017-12-14 00:00:00
03a579c0699b16c6fc6d5db022a6e85a,649107d090eab6138e15dcd83260d2f1,delivered,2017-11-30 19:56:14,2017-12-01 09:31:04,2017-12-04 12:39:03,2017-12-05 19:32:13,2017-12-18 00:00:00
4119f9ae0b1ceaaa966616d6a3ba616b,93c3f15b475d3800c0c2e1606edb0d97,delivered,2018-07-30 14:00:47,2018-07-31 06:35:17,2018-07-31 19:02:00,2018-08-02 00:38:37,2018-08-03 00:00:00
123a6b2b8763ca40782c8252e63fdbca,2f3d217d111ad7e1c8e3cb02145d7000,delivered,2017-05-15 17:13:19,2017-05-17 04:02:30,2017-05-22 15:49:45,2017-05-30 15:27:46,2017-06-06 00:00:00
a6840c3c8bb056af9cce2e2ea459769a,49c62562aa524f7e52c41008a9f187d3,delivered,2018-03-08 16:21:08,2018-03-09 03:00:35,2018-03-14 01:28:26,2018-03-16 20:02:49,2018-03-26 00:00:00
c0b2c20ed167622980ba4586d4f60168,39d06b1f324058984a562362a55f9b1f,delivered,2018-03-22 20:38:37,2018-03-22 20:50:24,2018-03-23 17:48:26,2018-05-07 12:31:03,2018-04-23 00:00:00
1e041fe00fff13b851ee7e11516481fe,246ddb2dd49eae53ce1695190d61fc24,delivered,2017-06-19 08:15:40,2017-06-20 11:30:25,2017-06-22 15:16:57,2017-06-30 07:33:24,2017-07-13 00:00:00
d036b12f69efa48855cbfa30a2db23c6,6f92b4743d86893a143f00c26ed3ad3b,delivered,2017-07-28 05:34:42,2017-07-28 06:40:41,2017-07-28 17:45:36,2017-07-29 14:53:38,2017-08-10 00:00:00
730e2dc2bec23dbf9b0594dc01b26ec3,8105703f93b22552cc54833b05568660,delivered,2018-08-12 14:52:42,2018-08-12 15:05:16,2018-08-14 16:53:00,2018-08-22 00:48:49,2018-08-20 00:00:00
fc0b65a691066447aa542589d2b3566d,d94b953a8b998d55e2adb0edfdb6302a,delivered,2018-01-10 19:19:51,2018-01-10 19:34:33,2018-01-15 16:51:58,2018-01-24 22:58:47,2018-02-08 00:00:00
4412d97cb2093633afa85f11db46316c,71901689c5f3e5adc27b1dd16b33f0b8,delivered,2018-05-22 13:43:23,2018-05-23 02:55:11,2018-05-23 12:50:00,2018-06-06 20:11:26,2018-07-13 00:00:00
73925631ba33c322f310fa0a01283e76,bdeebe7a66f7c942b84dc2d2a5daa9e3,delivered,2018-08-09 19:36:11,2018-08-09 19:45:18,2018-08-10 13:07:00,2018-08-14 22:22:47,2018-08-15 00:00:00
cd2d1270c05b7eea6c1be319b78ce73f,57c68f8620a15638c2f55a4b44e11a86,delivered,2017-09-08 16:59:15,2017-09-08 17:15:15,2017-09-12 17:46:36,2017-09-20 14:34:14,2017-10-04 00:00:00
4b2b77264527954aba5aa02bd8afe5a4,075b3879780bd73864fd08b5ac8ebe93,delivered,2018-02-21 11:43:10,2018-02-21 12:28:12,2018-02-23 01:13:38,2018-02-28 00:37:10,2018-03-07 00:00:00
9e8039eae702d759bca1fe0fcd1209b0,aea25e66618809a200e86b82ab569218,delivered,2018-08-08 14:40:51,2018-08-08 14:50:19,2018-08-09 10:01:00,2018-08-15 17:46:51,2018-08-22 00:00:00
37a5c08042eaea80dc32392059927a0b,ae4945beb3e981428eab8092d246360b,delivered,2018-07-04 20:58:14,2018-07-05 16:30:53,2018-07-10 15:42:00,2018-07-12 18:11:50,2018-07-23 00:00:00
8dcdf2ba21745811aaad2fd3ebfc0360,a380a86d2b46332db9750f4d27e2e44b,delivered,2018-07-04 03:04:34,2018-07-05 16:08:45,2018-07-05 13:43:00,2018-07-30 15:03:55,2018-08-16 00:00:00
b1ecd983532111f5d15d7181158aa6a2,4880cb1a078711d62ada178adf0defb7,delivered,2017-11-29 10:07:56,2017-11-29 10:18:35,2017-11-29 20:19:05,2017-12-02 19:09:06,2017-12-13 00:00:00
e9edb54bb4120f4f69c7b036cedbc5a6,e954ac715512f2a20e640cedf80486b5,delivered,2018-06-08 08:26:57,2018-06-09 02:57:15,2018-06-13 15:44:00,2018-06-19 01:25:31,2018-07-17 00:00:00
30fe7e22e29acb5403700c7834e57677,7dc011917bd7a6da7bc0756a34ad7c73,delivered,2018-02-19 23:10:30,2018-02-20 00:15:32,2018-02-20 23:06:26,2018-02-27 17:48:47,2018-03-12 00:00:00
1bd5bd49d4ceee72802ca053b906c640,a1b77a1ac055c9f9393f4d0fb36cba85,delivered,2017-08-15 21:23:38,2017-08-15 23:24:43,2017-08-17 14:44:38,2017-08-21 18:54:02,2017-09-04 00:00:00
cf76d482b013f8af6dc046a3001c1c4f,04eafb40a16989307464f27f1fed8907,delivered,2018-07-04 13:08:27,2018-07-05 16:25:13,2018-07-06 09:09:00,2018-07-12 20:26:34,2018-08-06 00:00:00
8aedd66eae5f4f4537a5eb29f68c2dfa,7dbec27f30126b986adc8caa927f7e76,delivered,2017-11-24 21:32:21,2017-11-25 00:19:41,2017-11-27 16:09:08,2017-11-30 20:27:53,2017-12-08 00:00:00
9d859f31704188d939d713b4fe19550d,a64531a31e0a79a337b2d6611160ca76,delivered,2018-05-16 13:24:11,2018-05-16 13:59:11,2018-05-21 14:49:00,2018-05-22 19:25:30,2018-05-28 00:00:00
34348b2239b330ce8b290422982e54dd,310c955156a6bd3565e12e49c4d2444c,delivered,2018-04-11 12:56:01,2018-04-13 02:11:20,2018-04-19 20:56:49,2018-04-20 21:11:42,2018-04-30 00:00:00
603e15b90edc4dbafc68def34a24d4a7,50a60363567e35381870faeee394c06d,delivered,2017-02-03 11:05:08,2017-02-03 11:21:47,2017-02-06 10:16:05,2017-02-23 10:18:45,2017-03-06 00:00:00
a77e640490c0930838454624780038b5,5a788e14ce834cd141d015eff188781d,delivered,2017-11-06 11:53:36,2017-11-07 07:30:34,2017-11-08 20:48:51,2017-11-30 23:07:04,2017-12-04 00:00:00
8d74231228bdbc2e89fc0125abfc1c87,7fbd8c5e77db87df8cac3b514a39b16b,delivered,2017-08-06 03:21:58,2017-08-06 04:20:07,2017-08-07 13:27:53,2017-08-10 22:08:41,2017-08-29 00:00:00
c8285f7942cfcfb6542f0d7b54b36359,d99da7c51eda5585210a61d54fd1994c,delivered,2017-11-23 22:16:20,2017-11-23 22:28:26,2017-11-30 19:39:57,2017-12-13 22:42:50,2017-12-22 00:00:00
9bc7a53b5ab2e7a8e227e321292e5b61,28e8368c2fc3fe3745b999054ec07212,delivered,2017-03-03 18:23:39,2017-03-04 02:24:10,2017-03-06 08:43:42,2017-03-14 10:19:18,2017-03-24 00:00:00
4865bde237624673cb82058b4d23327d,86e12fd59aa9f06ed8c9fd7b1e36c139,delivered,2017-08-30 14:19:37,2017-08-30 14:30:23,2017-08-31 19:04:03,2017-09-05 23:51:35,2017-09-18 00:00:00
ac61010b8d348d62726ebfe687b026f6,c84b87889fc766cdf27534805e07f502,invoiced,2017-05-26 15:26:26,2017-05-26 15:42:26,,,2017-06-19 00:00:00
7cfbcf0f0e692bccbf7d7a4c997e80fd,65c9e0808cb89c7417c7ed4ad2d78fe3,delivered,2017-09-15 21:27:45,2017-09-15 21:44:24,2017-09-19 18:04:27,2017-09-25 19:42:27,2017-10-05 00:00:00
547e498e91ae72271cccb2278a3b28d7,5cc63059ba2d74d18396284cbef18014,delivered,2017-10-12 10:06:07,2017-10-12 10:21:18,2017-10-26 20:33:22,2017-10-31 23:23:47,2017-11-07 00:00:00
05e8a1fd3d354369a3de6e7230a3651f,6fc1bac3e55ec9c69f1f65253026ffdb,unavailable,2018-02-16 16:54:07,2018-02-16 17:10:47,,,2018-03-12 00:00:00
f22592e01ddc0711e6794f900fa5e787,78e0bd1572a022c1bd703a141a5257c5,delivered,2018-03-25 16:19:04,2018-03-25 16:35:28,2018-04-02 23:22:14,2018-04-20 00:58:19,2018-04-25 00:00:00
90d730c8aa5c3196dbffefecf4f5202d,4d6db368ed8b18835ba4c89edaeaac6b,delivered,2018-07-19 14:16:16,2018-07-19 14:25:13,2018-07-20 12:16:00,2018-07-26 19:48:33,2018-08-09 00:00:00
179b8db66f5362945c237b68bc358a77,a1344b860cab384242be3c0ba0a5e4cd,delivered,2017-01-30 20:26:28,2017-01-30 21:35:52,2017-01-31 09:39:41,2017-02-13 17:19:34,2017-03-09 00:00:00
80a2138300fc2c1c5101d5bb2252973b,167f719870c8451d651436b6e8cd3f97,delivered,2017-12-11 09:10:20,2017-12-11 09:18:20,2017-12-16 01:07:55,2017-12-19 19:58:45,2018-01-02 00:00:00
bc9a4a9c385277a723b04b122fe58e0c,2b628f30ef83c278e5a911d9d78293ef,delivered,2018-07-14 18:14:12,2018-07-17 04:32:36,2018-07-17 11:18:00,2018-07-23 17:58:48,2018-08-20 00:00:00
d3310038bbf991ce02501a51022f5283,5db1604d37be97a2b413c219be3b8c0e,delivered,2018-07-30 14:26:27,2018-07-30 14:44:46,2018-08-21 13:03:00,2018-08-28 01:07:29,2018-08-23 00:00:00
2dd5bcfb8c66b22a80ffe45078eb2a99,eb55392e91ca4fb066e8c3d099400dd1,unavailable,2017-03-06 21:31:42,2017-03-06 21:45:13,,,2017-03-29 00:00:00
e66785759d87e2a80e8cc70ddd861f36,4b5dadfae21195ed5199f650ebc1fb36,delivered,2018-07-31 11:38:56,2018-07-31 12:31:22,2018-08-01 09:39:00,2018-08-06 14:43:33,2018-08-13 00:00:00
a54f35a6dfb350a13c6410aa276e52d8,b9d66a7e824f738db300bab9fb4f5ee0,delivered,2017-11-10 10:35:05,2017-11-10 10:47:20,2017-11-14 16:38:34,2017-11-18 17:06:27,2017-11-30 00:00:00
4340cfd191c9dc16061684e4575fb151,55761211ed951c99bab19617dad3e33b,delivered,2018-04-19 22:27:41,2018-04-19 22:53:58,2018-04-24 17:16:35,2018-05-05 01:34:48,2018-05-21 00:00:00
29d0a6fb5e4342bc5bd0cd7ac3bb98f3,2dee80b74900bb89a1ecc3e97bcda6b3,delivered,2017-11-30 10:18:49,2017-12-01 11:31:27,2017-12-11 23:21:34,2018-01-12 21:07:22,2018-01-02 00:00:00
013a98b3a668bcef05b98898177f6923,60c23b4f05e926f24472f5ae2ec6b89c,delivered,2018-08-11 23:17:37,2018-08-11 23:30:11,2018-08-13 14:06:00,2018-08-17 14:38:36,2018-09-17 00:00:00
b403900b01526c3787b22a9485d9e493,fe4ead29b81e8ee884cf0660c17fde40,delivered,2017-06-06 13:17:50,2017-06-06 13:45:30,2017-06-07 15:21:39,2017-06-12 15:34:45,2017-06-20 00:00:00
d1b4fc9a8c1207433519a8ec52e2d03f,f9a6bf8bc89af704ecd48975eff11800,canceled,2018-05-08 10:05:26,2018-05-08 10:31:28,,,2018-05-16 00:00:00
41699eafe0014fb781dbe9c918179979,f83ce896b3dc52b9fa77aa1110cd90d6,delivered,2017-12-09 18:48:27,2017-12-09 18:55:28,2017-12-12 00:53:14,2017-12-13 12:33:01,2017-12-28 00:00:00
1bc4cbfa417cbf64682ad0f639f9e58c,d7c47b2b00ac1ab4163de1707a3b3ae3,delivered,2018-06-25 09:02:57,2018-06-27 07:55:36,2018-06-29 16:04:00,2018-07-04 15:38:47,2018-07-18 00:00:00
e9df66519c360c741bedc488149685e9,813d879c483a0aba3c6aa0c9622c585c,delivered,2018-03-16 09:13:59,2018-03-17 02:40:26,2018-03-29 01:11:46,2018-04-10 19:58:48,2018-04-05 00:00:00
bbf8658c763a5e7e4d2be2e05b39fd42,42a809e06ea3d25526dc83a485d31d38,delivered,2018-06-29 19:37:28,2018-06-29 19:50:31,2018-07-02 11:06:00,2018-07-20 15:48:38,2018-07-26 00:00:00
74a11d53ff594d7838a43abf53f0bd32,30c5050c8a97268851a49140d59f68a9,delivered,2018-04-10 08:13:03,2018-04-11 05:50:43,2018-04-13 21:04:24,2018-04-20 20:48:49,2018-05-16 00:00:00
430227c0d7f4c842813ccd5e0801e17d,2d5d432f3d019335618910f2def0fbb8,delivered,2018-05-11 13:30:58,2018-05-15 04:52:38,2018-05-16 14:29:00,2018-05-23 21:33:59,2018-06-12 00:00:00
904194f416371c5ccc2bf141308220ab,9eda2878f66c83472193962f437167b6,delivered,2018-04-28 18:51:34,2018-05-01 06:13:25,2018-05-03 04:36:00,2018-05-03 17:48:41,2018-05-14 00:00:00
98826cd8a97e41725b525e492a8d7571,4415b9cc1e718722dd4bf4a79ccb08e0,delivered,2017-05-20 15:38:28,2017-05-20 15:50:08,2017-05-24 12:37:01,2017-05-29 14:48:12,2017-06-13 00:00:00
ec5a2741ddf2c8ff2c0b076c8743dd19,ca8b8f1ad4393c8be0507096d49bfdd8,delivered,2018-07-28 19:55:25,2018-07-28 20:10:08,2018-07-30 12:33:00,2018-08-06 16:37:56,2018-08-20 00:00:00
0188ca1fe398161f0f310fec985ac155,c2b33cff8fe4c4d8eb300547e5e5208e,delivered,2018-06-28 10:56:25,2018-06-30 02:52:29,2018-07-03 11:06:00,2018-07-06 20:58:34,2018-07-19 00:00:00
ee4f89a4d2cea2a4910f24c491696af1,31c3c57318baea8904c0855e7b05e955,delivered,2018-04-02 12:49:12,2018-04-04 03:29:27,2018-04-04 18:11:11,2018-04-27 18:36:42,2018-04-24 00:00:00
990c6c497b9bf2f36f61e2e51eb007a6,eafb79051e59ba4934b1ca0452fc6720,delivered,2017-04-24 16:45:43,2017-04-26 09:36:55,2017-05-03 12:33:07,2017-05-10 16:25:45,2017-05-15 00:00:00
57f7d38e9b80b8fdd307367f7c212311,53f9dd88885b2ae949d68db6810f64f9,delivered,2017-06-19 12:15:39,2017-06-21 02:32:29,2017-06-22 14:51:46,2017-06-28 11:49:53,2017-07-13 00:00:00
a51e2c85edcbee98d40ffd0bb3af875e,b75e423743f56708f69a46829cf28ee2,delivered,2018-03-23 09:52:45,2018-03-27 04:08:29,2018-03-28 00:38:48,2018-03-28 17:29:46,2018-04-05 00:00:00
0d24d62857c1f2d00801a3512dce5d1f,4eba4e54a08ee98d9031561c10c499c5,delivered,2018-07-19 10:49:10,2018-07-20 04:55:24,2018-07-20 10:26:00,2018-07-26 12:46:54,2018-08-10 00:00:00
66810815fe0a68f5501d8cbe1472779d,c7ec40da7b433a48b43ed2c2db0101e8,delivered,2018-01-12 23:31:09,2018-01-13 00:31:22,2018-01-15 23:19:11,2018-01-26 23:46:36,2018-02-07 00:00:00
f24e66cdbbf1d7e24f946efbc3b47bb3,11e6a06de4b661603476106fa2903210,delivered,2018-01-29 21:34:59,2018-01-29 21:51:36,2018-02-05 19:22:25,2018-02-17 15:48:24,2018-03-12 00:00:00
f7247b9bfe84eb166ffc3c5fce94be54,e5fc30927b884e68ac195810ca12597a,delivered,2017-10-17 22:15:35,2017-10-19 02:49:20,2017-10-20 19:53:37,2017-11-01 16:52:38,2017-11-09 00:00:00
a0241e2ae203d766eea6aeed90b91cf3,d6d9d6597150c9bfe2d6c2e8df580169,delivered,2018-03-04 20:20:27,2018-03-04 20:30:50,2018-03-09 23:03:42,2018-03-28 18:46:06,2018-04-09 00:00:00
d70442bc5e3cb7438da497cc6a210f80,10a79ef2783cae3d8d678e85fde235ac,delivered,2018-08-29 10:22:35,2018-08-29 10:35:16,2018-08-29 19:57:00,2018-08-30 16:03:19,2018-09-04 00:00:00
83351d37493926bef518c18c8ece3a9f,bb2fe4792c031d30447e25a2f70bbdd8,delivered,2018-07-22 18:57:35,2018-07-23 12:32:24,2018-07-23 15:44:00,2018-08-01 18:58:24,2018-08-06 00:00:00
f70e76f6dd9c492ad50ec1a3ce4e46a2,39119bb2242505507abf7a9d42f89401,delivered,2018-01-28 23:13:55,2018-01-28 23:30:32,2018-01-31 00:04:02,2018-02-05 14:34:33,2018-02-23 00:00:00
6baa74b5e9e0e10bd29d85347ff1c226,60ac1fbce4541493ab02d9a8b10871c9,delivered,2017-05-07 19:46:39,2017-05-07 20:02:07,2017-05-10 17:05:05,2017-05-23 17:56:40,2017-06-14 00:00:00
36b7b9c89099230dbecdcde16e84c1cd,03e454af33e93cda33e1b22175ab8361,delivered,2018-03-27 18:22:21,2018-03-27 18:35:18,2018-03-28 21:51:52,2018-04-03 14:51:18,2018-04-27 00:00:00
c14191a30c0d8aae8951561cd85a7485,8cca079a61c78c1cc7a1a9ef4a6121e5,delivered,2018-08-19 22:10:49,2018-08-20 13:30:39,2018-08-21 14:40:00,2018-08-23 03:14:47,2018-08-30 00:00:00
d43e09377465273d9e75ee7a51a6445a,2d1cc6fa6d845ab8b3389a26d9c63b29,delivered,2017-05-25 16:20:36,2017-05-25 16:30:15,2017-05-26 14:28:14,2017-06-05 12:18:50,2017-06-19 00:00:00
1147614ede9ce51acd3fc449b86114e3,726f28d51b162c746e14553241df9de8,delivered,2018-07-23 15:46:11,2018-07-23 16:46:05,2018-07-24 09:05:00,2018-07-27 19:12:37,2018-08-08 00:00:00
2377613b828f1d12f44e8ee282dcd85d,053145877b75927544b098ed35dde2e7,delivered,2017-10-12 01:05:34,2017-10-12 01:26:16,2017-10-19 22:15:43,2017-10-31 18:04:55,2017-11-17 00:00:00
4e8ccb7e52d788ba5787160a8bf84b60,9a7a96ae72427d119a20b935bb0cdc1b,delivered,2017-02-10 09:20:49,2017-02-10 09:30:17,2017-02-10 09:58:56,2017-02-24 13:53:56,2017-03-23 00:00:00
4c4590c53b8582812e4bf510d3e55e58,8943a36516635e4916eb25668432071e,delivered,2017-07-16 22:47:11,2017-07-16 23:03:39,2017-07-18 20:12:54,2017-08-17 18:55:07,2017-08-18 00:00:00
3bc59ba58cb8e8524859be6a6f4159ad,d29e34e0b9e141455f908dc011d564af,delivered,2017-03-13 17:47:09,2017-03-13 17:47:09,2017-03-15 15:08:15,2017-03-21 08:22:07,2017-04-05 00:00:00
440210629ba4e9e0358429778cefe8b0,3d8d6040155a88249b41c00fde1e7629,delivered,2018-05-10 08:48:18,2018-05-11 12:17:05,2018-05-21 23:10:00,2018-05-25 21:18:48,2018-05-22 00:00:00
eb752d7dd31fae34db80457d17e72ad0,acf35fc5626ae167e8e2089a15cc517b,delivered,2018-06-06 04:14:51,2018-06-06 04:30:13,2018-06-11 13:34:00,2018-06-18 23:23:33,2018-07-12 00:00:00
d02a0111cedc20a548cb065955e04968,6f9bb1cf1aa360acd1a96aadeb478989,delivered,2017-11-14 09:22:00,2017-11-14 09:35:27,2017-11-24 22:51:20,2017-12-01 22:10:26,2017-12-13 00:00:00
af7845bf2d70a696a4f4f31b4e6c5a81,8abaaa8223a3e5974fdd567bb01088f4,delivered,2018-04-08 14:03:56,2018-04-08 14:15:11,2018-04-09 19:22:44,2018-04-10 20:34:41,2018-04-19 00:00:00
dfda82f701815b8d9306b1343ca3e2bd,eb48ab464500f361c68e031087e573cd,delivered,2018-05-15 11:33:28,2018-05-15 12:15:09,2018-05-15 14:20:00,2018-05-18 15:05:38,2018-06-08 00:00:00
dd129706fb900252b1e9193815d80970,33c6aa3b05c08606ea259d5adf89f296,delivered,2017-02-22 09:47:07,2017-02-23 02:42:32,2017-02-24 09:52:25,2017-03-06 12:38:58,2017-03-22 00:00:00
fd3c2f37b535d300e61e63b029edfd20,20994cde97d1b4009a539595342ce5e5,delivered,2017-09-07 22:30:39,2017-09-08 22:35:15,2017-09-12 18:07:36,2017-09-19 19:08:02,2017-10-03 00:00:00
43f6604e77ce6433e7d68dd86db73b45,ff1201e402a4b1a1bfae1d0abf857014,delivered,2018-05-11 18:25:34,2018-05-11 18:35:22,2018-05-18 17:21:00,2018-06-13 14:28:34,2018-06-06 00:00:00
0645ff0009ebb4d475c7e9d30520dd21,087f9b43add509b918c1152191f2d243,delivered,2017-11-10 20:39:54,2017-11-10 20:50:33,2017-11-14 16:24:13,2017-11-18 16:33:51,2017-12-01 00:00:00
c8682e224367b603f0ac144e77fabe14,af1d8655ed6152d15b718ceb2f7c397c,delivered,2018-06-11 11:03:55,2018-06-11 11:15:40,2018-06-11 14:59:00,2018-06-12 18:47:21,2018-06-20 00:00:00
e1bf461767c45a8f0abf0a641e6bd449,965d83ab80a4b9913126a2856bb81e3c,delivered,2017-05-15 16:02:25,2017-05-15 16:10:17,2017-05-17 11:20:03,2017-05-24 14:18:50,2017-06-08 00:00:00
23e66af5124d410917df9e4afff7ed82,7946266bbd22c1ad0a83eb65059b7fd6,delivered,2017-10-12 10:35:26,2017-10-12 11:20:11,2017-10-13 20:36:54,2017-10-17 21:17:40,2017-10-31 00:00:00
6ed4a347a81d5ceb3f8da510c318b5ec,02033fca76b4af0eda65418e673b5a57,delivered,2018-01-26 10:59:39,2018-01-26 11:14:03,2018-02-01 00:56:53,2018-02-02 17:52:16,2018-02-14 00:00:00
bfff22b563631e997a4a22dd4b87abc2,c4781eecc0840edcc02c29277533004c,delivered,2018-04-02 14:08:53,2018-04-02 14:30:50,2018-04-03 20:05:22,2018-04-09 20:32:13,2018-04-19 00:00:00
aba2813708fd104d3fa9f14fde9cd30f,a7e1b44cb7bae930f068ee314e172ef9,delivered,2018-02-05 01:06:09,2018-02-05 01:29:23,2018-02-06 17:13:20,2018-02-14 19:46:42,2018-03-01 00:00:00
69379af9891c9ba98d3262eb100ea809,d788b6fd55fac4cb266bb00e519c4b87,delivered,2018-03-10 11:24:11,2018-03-13 03:55:35,2018-03-14 22:58:42,2018-04-03 01:51:12,2018-03-28 00:00:00
bbe32ce108f0fa16e209fbaee6005f2b,9fd4ec1d165657c3cd5ea945678c0686,delivered,2018-01-06 13:40:59,2018-01-06 13:48:40,2018-02-08 13:22:28,2018-02-17 16:33:05,2018-03-13 00:00:00
cef3c3045c93eee043b5f3df78466d5b,00daf19c19d0fa15a86284fa7293b5ac,delivered,2018-06-10 15:01:09,2018-06-10 15:15:11,2018-06-12 14:10:00,2018-06-19 20:32:50,2018-07-04 00:00:00
afb41fa922afaed3105a1700fed64c35,f6bb64a35eee41a5e4ab974cb8de2ff4,delivered,2017-09-26 17:20:07,2017-09-27 10:07:30,2017-09-27 16:19:42,2017-10-04 20:27:46,2017-10-18 00:00:00
2812dbf450ac5dd26b952cfc6db60529,8dd74bc7874323d7948b25debd8488c4,delivered,2018-08-27 17:24:25,2018-08-27 17:35:22,2018-08-28 10:13:00,2018-08-29 14:18:46,2018-09-05 00:00:00
733f26eccfda637ff829bb51444ac13b,23c9a4af50b6e7ca6d5843acb4632f71,delivered,2017-12-27 16:02:37,2017-12-29 02:08:39,2018-01-02 17:49:09,2018-01-10 17:40:21,2018-02-02 00:00:00
537f17846f5373310e18e7bcc734c39d,3afc233bc5275efc139bd46d8bc5e30c,delivered,2018-03-20 10:20:27,2018-03-21 02:48:19,2018-03-21 20:44:28,2018-03-28 21:11:04,2018-04-06 00:00:00
343348b1e29e9fa9e7b6ab1027f9177d,017395cf7b4c0be4fa72650f0a8184ed,delivered,2017-02-21 17:11:24,2017-02-21 17:25:12,2017-02-24 13:29:51,2017-03-09 10:36:00,2017-03-28 00:00:00
768697bea3da93c033aa064d821579e2,fea8050983c42f7907b0150e1a2751da,delivered,2017-09-04 09:26:19,2017-09-06 02:55:27,2017-09-06 13:29:52,2017-09-15 16:02:57,2017-09-27 00:00:00
148a81c053082ad749e6ab0997a0f25a,46fc1f33e4e97ab4be79119b48a4e910,delivered,2018-06-21 15:13:26,2018-06-26 04:59:02,2018-06-27 13:03:00,2018-06-30 21:10:00,2018-07-13 00:00:00
6ece326e25f193d084e3dc092bbdd93b,3f63878c497f2703038d3eb23f8516b0,delivered,2016-10-06 20:15:20,2016-10-06 20:50:33,2016-10-21 16:17:54,2016-10-24 16:17:54,2016-11-30 00:00:00
d651bd9a58b10af4a1a7fe2873ef8058,d6148957a1cd01ebafb44c1f9a5ef949,delivered,2017-11-25 23:17:35,2017-11-25 23:33:32,2017-11-27 21:11:00,2017-11-29 21:55:00,2017-12-21 00:00:00
e21bb5b2af087339bd3614d77a0053a1,0495900bb9a59da4d1b972ff829fb60d,delivered,2018-07-20 01:00:51,2018-07-20 01:10:11,2018-07-20 14:03:00,2018-07-25 21:55:42,2018-08-07 00:00:00
df23e811bccb321eb67f120f96955445,412ef0bba96a560e2811cda36c9cc55e,delivered,2017-11-24 10:28:38,2017-11-24 12:34:45,2017-11-24 21:54:55,2017-12-05 18:46:58,2017-12-19 00:00:00
a71cbf13e7dfa5a074740c8a1efc5a9a,dfb27a0b09b7c683f49366048c42f62e,delivered,2017-04-05 14:29:43,2017-04-06 02:43:01,2017-04-06 15:07:18,2017-04-08 01:18:26,2017-04-26 00:00:00
e3c93a72c954974ce7fb82a5f97d8b89,7b9c3a194ea44dca8cbf2148b8185ed5,delivered,2017-02-17 22:34:14,2017-02-17 22:45:08,2017-02-20 13:40:49,2017-02-23 14:54:51,2017-03-16 00:00:00
5935b70a1cae39b66d05db3bcfa4a144,5ec74474854dde59f02205d0bd68abc1,delivered,2018-04-05 08:41:21,2018-04-05 08:55:20,2018-04-05 19:08:49,2018-04-07 17:22:40,2018-04-27 00:00:00
9c63f9900d02e4981d36f0a782075043,26c8098256a9f305d2d7238204f5642f,delivered,2018-06-07 08:36:30,2018-06-09 03:13:26,2018-06-12 14:09:00,2018-06-19 19:12:17,2018-07-27 00:00:00
7af07887f8840085ae4b65cb52f4af29,5dafa582b0cccfe3f6e80a91ef94a083,delivered,2018-07-08 11:10:22,2018-07-10 17:05:42,2018-07-11 18:01:00,2018-07-23 21:44:40,2018-07-27 00:00:00
c61956e742b7b9e644a1f4ed0f6f941d,f2f5754aa54743f8b50ad65876ebffc7,delivered,2017-06-05 16:53:50,2017-06-05 17:05:12,2017-06-06 11:52:55,2017-06-09 12:18:29,2017-06-29 00:00:00
0b8a99d7c60d2f4d09e094e974261cb2,c56653683d08517b6f91a3309c03542b,delivered,2018-07-16 17:00:45,2018-07-17 04:41:01,2018-07-17 13:52:00,2018-07-24 20:16:52,2018-08-08 00:00:00
308a27c02747a7b997944034c014302d,38e584a08f477bf894151834aad7cdc6,delivered,2017-05-02 21:57:18,2017-05-03 15:31:51,2017-05-09 09:06:27,2017-05-15 15:08:04,2017-05-29 00:00:00
df1b3a108a46e8bea6a2469a6dd24863,e59c7666a82f1475981e22547a7f6c9f,delivered,2017-12-19 12:35:11,2017-12-19 12:48:46,2017-12-26 18:23:25,2018-01-03 14:24:06,2018-01-12 00:00:00
ac710ab76d5651200cb6082f2c294d29,978d898c9286d9d5dc9dbfcc0e0128a7,delivered,2018-02-23 05:29:01,2018-02-23 05:48:05,2018-02-24 01:13:11,2018-03-07 19:51:34,2018-03-16 00:00:00
5a1d6c279780f202dc9a64d0ebbf1097,b82342c1221c839ac1f7ba340ab90063,delivered,2018-01-31 13:32:39,2018-02-02 02:35:34,2018-02-03 07:55:52,2018-02-05 16:08:47,2018-02-16 00:00:00
6a1ac461a015123f2d4daef591933747,b19151cf03d1ee88b38e392fac8acc62,delivered,2017-12-07 15:57:15,2017-12-08 02:53:39,2017-12-18 13:06:33,2017-12-28 19:52:18,2018-01-12 00:00:00
c458e938207913709f5c0cedb195defd,227a79ef99a0af837f323596c76bcac2,delivered,2017-09-03 13:39:06,2017-09-06 08:45:07,2017-09-06 16:38:02,2017-09-14 23:19:05,2017-09-21 00:00:00
86c8daa5f37e9b3e6b4cd745c6ed0a61,d78b8b875530da5becdcfbdcbf78293b,delivered,2018-01-24 14:23:34,2018-01-24 15:38:43,2018-01-30 03:03:38,2018-02-06 21:47:45,2018-02-16 00:00:00
ab4b37a7cd1397e63f4b25586d5bfe9f,668d9e858c63aa58d80b8edcf3ffd9c5,delivered,2018-08-06 16:59:58,2018-08-08 04:35:12,2018-08-08 14:53:00,2018-08-14 18:58:54,2018-08-15 00:00:00
740878f3c8a802a2617e3879ea2d4f86,be4f0ebdda2ce97a95f0f2b9a6a28c76,delivered,2017-02-28 18:47:03,2017-02-28 19:19:56,2017-03-03 18:51:53,2017-03-15 12:51:42,2017-03-22 00:00:00
722d538cc82ebbe96084de19ed6f7fad,041f3b81b454fafa2803d20e5c79372f,delivered,2018-01-15 13:56:58,2018-01-16 13:50:51,2018-01-20 00:32:39,2018-01-31 16:44:08,2018-02-14 00:00:00
059cd34e948c8025e660c89c0de2d792,4d73737f27246fd7094751652d0ee963,delivered,2018-03-07 19:01:13,2018-03-07 19:15:28,2018-03-08 21:27:24,2018-03-21 15:48:47,2018-03-28 00:00:00
3c7bbd575f4e18f9fb416be0cb30840b,492465ef3d63cce9b19ee76f52ac8037,delivered,2018-03-23 22:20:08,2018-03-23 22:30:31,2018-03-27 00:06:38,2018-03-29 20:03:15,2018-04-11 00:00:00
82ba6dcd4e23b3992eecd5bcae999c30,a725b21d848e46f074496c1c791c8fda,delivered,2018-01-31 00:08:55,2018-01-31 12:31:08,2018-01-31 21:38:36,2018-02-05 21:48:30,2018-02-22 00:00:00
fab521689278ba031dbcb0dadb19207e,cadc94710615d9314120ae1c88de0cc8,shipped,2018-02-11 10:30:45,2018-02-11 10:48:21,2018-02-14 19:16:04,,2018-03-06 00:00:00
6846e1d90448721938d666c3a9e66bdd,3de66df13ed430902d7e393832a5b25e,delivered,2017-12-07 00:03:21,2017-12-07 00:31:04,2017-12-07 21:12:40,2017-12-10 15:12:05,2017-12-26 00:00:00
35b6b0272ca66bd5fef6d110463c40cc,f3d0d413e08a7ccc43e6ca09a8d79cdd,delivered,2018-05-09 12:24:30,2018-05-09 12:35:20,2018-05-16 13:44:00,2018-06-09 17:28:36,2018-06-01 00:00:00
6720f247b0f2c3d495cc9da6001abdd7,d2916272dda3cfb2e305349c2b106213,delivered,2018-03-30 15:47:50,2018-04-03 05:10:25,2018-04-11 16:04:43,2018-04-19 16:03:42,2018-04-18 00:00:00
340e1daf0ffd056453544ca71b501098,41629f77198c3f777c7704b91f5effe4,delivered,2017-03-25 20:39:11,2017-03-25 20:50:17,2017-03-27 14:15:22,2017-03-31 14:12:21,2017-04-18 00:00:00
0b5588f04551d90ee148462bb65dfddf,48c6a2ca13657875d84b5c3b2271fdba,delivered,2018-07-18 00:08:34,2018-07-18 00:21:44,2018-07-23 13:18:00,2018-08-03 14:54:50,2018-08-09 00:00:00
23b757203bd90a6deafcd069bdcb1fde,a5e1ac55465102e83e7ab0fa7e6b777a,delivered,2017-10-07 10:55:54,2017-10-10 03:56:15,2017-10-10 17:39:58,2017-10-13 19:24:46,2017-10-25 00:00:00
61450e6c8f56d52e46a198e57df7d731,3c86b40ba68ad7d3be35a10ae5696954,delivered,2017-11-29 07:40:23,2017-11-29 07:50:25,2017-11-29 17:17:55,2017-12-15 20:26:48,2017-12-26 00:00:00
008819c6d5f6da6fa5cd9d50ca927cf4,f453853c7750dfea2b35f2a89382003e,delivered,2018-08-04 21:40:35,2018-08-04 21:50:11,2018-08-06 13:34:00,2018-08-07 20:12:22,2018-08-09 00:00:00
efac22dd2be7399535968466224f162d,996ff76de5c41d5364a85263137689da,delivered,2018-05-01 19:14:15,2018-05-01 19:33:50,2018-05-02 13:43:00,2018-06-08 12:58:40,2018-05-24 00:00:00
b526245df7becef98d5b08c6350cc53e,c2928a50aecf1bc4776082b13225e4da,delivered,2018-01-15 18:00:35,2018-01-15 18:11:23,2018-01-17 13:09:20,2018-01-24 21:48:45,2018-02-05 00:00:00
8193af9e3c0361af46d8c6665c838753,61b73212382d130d7e2abe6a92e72339,delivered,2017-08-02 11:31:34,2017-08-02 11:45:10,2017-08-02 18:07:29,2017-08-10 17:17:48,2017-08-28 00:00:00
88f2694778564f2ef3f8dadb6b3584f4,831ec4e836ed0a619b75fc0646a9a9e5,delivered,2018-04-11 07:47:55,2018-04-12 07:29:19,2018-04-13 19:20:36,2018-05-04 10:22:20,2018-05-11 00:00:00
92b4d74d8984ddfd468fba03281fec49,7282e7e28bca4c8d52bee1bef2b4dcd4,delivered,2018-04-16 11:52:47,2018-04-17 12:30:20,2018-04-17 21:43:40,2018-05-03 21:49:52,2018-05-14 00:00:00
f313336cf2b038a3ef433d8e48aec4d5,632fb46531120e455250be499e52ae03,delivered,2018-05-18 19:17:14,2018-05-19 03:12:54,2018-05-22 06:21:00,2018-05-23 17:32:00,2018-06-01 00:00:00
cba3ba41fc11892527457b4be8d57308,278e24ee5b70133385be317b0b070d0d,delivered,2017-05-28 22:52:54,2017-05-30 04:50:26,2017-05-31 08:17:12,2017-06-02 13:29:50,2017-07-05 00:00:00
3783fa21a4b027e3da0b6b3db6e1dc3f,b4ed1c11c23a299162324b493730eb52,delivered,2018-06-19 17:32:14,2018-06-19 18:03:59,2018-06-25 13:57:00,2018-06-26 20:27:34,2018-07-04 00:00:00
98a82341c3a895d022fd7ba18f16e7a2,1d99b48c0fe6d0bc50feebecdc88cbc2,delivered,2017-05-28 14:44:20,2017-05-28 14:55:18,2017-06-05 15:56:29,2017-06-07 13:54:30,2017-06-20 00:00:00
b10b1c5fd2464a235e121d6ff79280d1,b43fe7987e4423b1b85f21e29d9a12d6,delivered,2018-08-21 20:18:31,2018-08-21 20:30:16,2018-08-22 08:09:00,2018-08-28 08:08:27,2018-09-11 00:00:00
c8519a6f2d214cfedb5803e64f8dab15,b053f034b9a230fabfaace6e7cdec183,delivered,2018-08-08 15:04:25,2018-08-09 03:44:49,2018-08-09 16:08:00,2018-08-15 17:42:48,2018-08-28 00:00:00
bc235dc48cca3cbf2b7de10a83341903,252b958390acc3aba9cea6278deab103,delivered,2018-02-08 07:40:22,2018-02-08 07:55:33,2018-02-09 00:15:06,2018-02-22 22:34:20,2018-03-12 00:00:00
13ab17b37091a5b804cd161a52292c05,b2292c9e56f5a986542be6214034ee2f,delivered,2018-01-23 14:54:28,2018-01-23 15:12:50,2018-01-26 16:21:57,2018-01-29 12:12:22,2018-02-07 00:00:00
f025be07a93a64e2f8fa6c84849f4d48,48fffb192bb8e8fa44be4e821bc2ef35,delivered,2018-07-12 16:56:22,2018-07-12 17:10:14,2018-07-18 14:29:00,2018-07-23 19:22:23,2018-07-27 00:00:00
97e22a7b438827d5a86bc1a9f92d8c83,cfed44a643330d0984539ec92412055f,delivered,2018-01-12 20:00:28,2018-01-12 20:08:25,2018-01-15 18:27:01,2018-01-31 19:13:06,2018-02-16 00:00:00
a2a0ebaf8a4f82631541cb03b5363bf8,3c9e44b8d3fb692a1d44e273f3e7fec3,delivered,2018-08-14 11:31:09,2018-08-14 11:45:21,2018-08-15 13:28:00,2018-08-20 12:48:49,2018-08-27 00:00:00
27b3b422cdb2f9f358214ae1b74c1365,cdd36e03e9beb7bf2acb965044e3c3a3,delivered,2018-07-23 13:26:43,2018-07-23 15:32:10,2018-07-24 14:01:00,2018-07-31 09:38:22,2018-08-21 00:00:00
088f428b537f8a80e52118e3e409ed50,5013591eb92232185ff3486218d55057,delivered,2017-08-27 21:04:23,2017-08-27 21:10:22,2017-08-28 19:42:35,2017-09-01 14:28:17,2017-09-19 00:00:00
21265f499055fc933501ce3a66c1ef9a,0e0baf7742b23bc2ca9d12425f4d5928,delivered,2017-10-01 14:39:43,2017-10-01 14:56:07,2017-10-02 18:31:49,2017-10-05 19:48:34,2017-10-24 00:00:00
9b951f6f81b73f9ee291b9735e6fe993,8c709144446a29976affde2dcfe063af,delivered,2017-09-28 17:34:38,2017-09-29 02:14:28,2017-09-29 17:33:11,2017-10-20 18:02:46,2017-11-03 00:00:00
4cfaef0e608d086a42b2ab2d089419fb,4f928b8251b656808a61dc113d912888,delivered,2017-11-28 19:24:34,2017-11-28 19:35:48,2017-12-06 12:09:34,2017-12-21 15:03:31,2017-12-21 00:00:00
299924bc222337ced037752aa8327ea7,800b8e27cc9f087414d14c84561a6ef6,delivered,2017-11-16 21:48:09,2017-11-16 22:13:22,2017-11-21 15:12:26,2017-11-30 00:38:35,2017-12-05 00:00:00
c5012f56f488e3d08eb8140afb31342c,a496197b052f8c9228c351cb52a2a402,delivered,2018-08-19 14:10:29,2018-08-20 12:09:50,2018-08-20 16:35:00,2018-08-21 15:56:41,2018-08-30 00:00:00
b2c72ea40cb81ddf115a20b5e8fd1618,349d5c55df18e3153b8f38dadf34204c,shipped,2017-06-20 16:13:13,2017-06-20 16:25:18,2017-06-21 18:22:17,,2017-07-12 00:00:00
b89d9a223208fad0bb7f6e161b4d43c9,9a2abd31e22fe634141b8aad28fbe154,delivered,2018-08-13 12:43:23,2018-08-14 13:04:02,2018-08-15 14:09:00,2018-08-17 20:51:20,2018-08-30 00:00:00
d2f452ea9e0c96f9005879a9fe3e3cba,3ae25ab4ec3b54812811a7b61c4c4649,delivered,2017-10-04 10:56:57,2017-10-06 02:14:27,2017-10-06 17:52:29,2017-10-17 15:03:35,2017-11-06 00:00:00
f0078813a9228a17d09c7ff50fcf7d96,edd2787d516e0d0b6a61d132fa2d6f4e,delivered,2018-04-20 14:18:56,2018-04-24 19:26:33,2018-04-25 10:46:56,2018-04-27 20:32:48,2018-05-18 00:00:00
217f784e30b599df959cb81522d68f73,61ca21aafb7110bf6cd2078f01d7a6e5,delivered,2017-12-18 21:38:35,2017-12-22 12:11:48,2017-12-26 16:54:55,2018-01-03 18:29:04,2018-01-12 00:00:00
f354616598afd38e38fd8535d22a79f6,db359b7948ea66f46655176af4214978,delivered,2018-02-02 20:15:41,2018-02-02 20:30:33,2018-02-05 16:38:39,2018-02-06 21:28:55,2018-02-26 00:00:00
da877e58cc1ec4929dd9f252bb5bdc82,52d21531d72b0c08474f9d7c92bbb12d,delivered,2018-06-10 20:02:09,2018-06-10 20:17:49,2018-06-11 12:32:00,2018-06-19 13:44:38,2018-07-03 00:00:00
f4660b7c97cbe88dc80816c67548c5ee,910e75746f7d748a58424e3c66dde8ab,delivered,2017-09-19 16:44:34,2017-09-19 16:55:18,2017-09-20 20:44:53,2017-09-22 15:08:09,2017-10-09 00:00:00
e58f5be3f92e03a392967e08cd6647cd,27f95d7b4a63f96982ee5301a310333d,delivered,2018-04-13 08:27:25,2018-04-13 08:50:57,2018-04-19 14:19:10,2018-05-08 00:48:44,2018-05-14 00:00:00
7cc49d0a2e133481a59d0980dce7680e,bc15d2c3779a64b89af7055528ec55c7,delivered,2017-10-26 21:52:33,2017-10-26 22:06:38,2017-11-01 19:13:55,2017-11-07 21:47:29,2017-11-16 00:00:00
5051a95bc31ec72f803d5df48c2a695b,eb285763921cb3b806e3d925bf3ca94d,delivered,2018-06-13 18:06:38,2018-06-13 18:24:14,2018-06-14 14:00:00,2018-07-03 18:04:02,2018-08-02 00:00:00
56c68bdc0271f13c3037a5bb26d520ad,28b19e4aa3b8984663064c407ca727ff,delivered,2017-06-22 22:44:21,2017-06-22 22:55:12,2017-06-26 08:49:32,2017-07-02 10:07:46,2017-07-12 00:00:00
7b048e5d7912932ce90120efc3f332ac,929f29371db3b343d53e200d3f2d2fd6,delivered,2018-06-20 22:36:01,2018-06-21 01:17:14,2018-06-21 14:27:00,2018-06-22 21:53:44,2018-07-03 00:00:00
7dd12269fb63d70af90a488dc5e90876,7906f3450eef90b1c63e50b38e0a7862,delivered,2018-04-07 18:51:17,2018-04-07 19:08:32,2018-04-09 20:36:49,2018-04-17 02:46:26,2018-05-04 00:00:00
e9ef734824864148c2c98d40fa9dcc7f,0bd601a41ab5cd6262b57cbb2bcf0f2e,delivered,2018-05-01 10:57:57,2018-05-01 11:17:41,2018-05-03 14:41:00,2018-05-09 19:12:43,2018-05-28 00:00:00
65f72c812ba4ca1ebb3c3558c69d5693,b9e05b51f388a0fbeee7caa11813f044,delivered,2017-03-06 08:02:11,2017-03-06 08:10:16,2017-03-07 07:37:39,2017-03-09 10:12:26,2017-03-28 00:00:00
cf511b6f35ecd9bc09d2c35ae9d0cfc7,fbd3895c5f12c58d91cfb71241f3f5cc,delivered,2018-06-21 19:41:25,2018-06-21 19:58:44,2018-06-25 09:17:00,2018-06-30 12:37:42,2018-07-24 00:00:00
905bd749100612f28936959483361129,95fa98658683be343be03b8135d89ce2,delivered,2017-11-26 12:40:46,2017-11-28 03:38:44,2017-12-01 01:24:40,2017-12-12 22:47:35,2017-12-20 00:00:00
773ecfb47260922193611c913a702942,345c52fd455ccfd8077644b600840ad7,delivered,2018-01-22 12:45:55,2018-01-22 14:54:24,2018-01-23 18:48:41,2018-01-30 12:00:00,2018-02-15 00:00:00
e0f5cf952d89f08c137a437a70f1a561,4a200e2fddc4d6a7f398610e59cc47c8,delivered,2018-06-22 19:21:40,2018-06-25 10:55:35,2018-06-25 13:28:00,2018-07-12 14:41:50,2018-07-24 00:00:00
5f259af82fc248ddda092d4abe371ff1,45c20449fa0e246600a384e74176e43d,delivered,2017-06-30 21:48:50,2017-06-30 22:03:29,2017-07-04 15:26:28,2017-07-11 17:13:41,2017-07-24 00:00:00
0ab7fb08086d4af9141453c91878ed7a,000379cdec625522490c315e70c7a9fb,delivered,2018-04-02 13:42:17,2018-04-04 03:10:19,2018-04-04 18:11:09,2018-04-13 20:21:08,2018-04-18 00:00:00
dab23a46abb860b6b4816df41eacd610,52239878c74211b0fd1a56a264763761,delivered,2018-08-08 15:42:27,2018-08-08 15:55:11,2018-08-08 14:56:00,2018-08-11 17:04:47,2018-08-17 00:00:00
03a85a6adb776ffefc4a8d7f845b10a4,641f77a2bb1d1380cff2e60afd691c07,delivered,2018-06-12 00:41:26,2018-06-12 11:00:45,2018-06-22 14:10:00,2018-07-04 19:12:10,2018-07-27 00:00:00
454004e3ce41f39124b8d2fc835a9117,c59c75806862d36137d6aaf84f2a5679,delivered,2018-04-04 22:46:43,2018-04-04 23:09:04,2018-04-07 01:27:41,2018-04-20 18:28:40,2018-05-08 00:00:00
ed5d7387a2587321c48d376aaea806d3,e8394ccdbf6a65e416cfdda573a8dda1,delivered,2018-08-06 13:52:52,2018-08-06 14:05:26,2018-08-10 19:54:00,2018-08-13 23:38:46,2018-08-30 00:00:00
ac49c1eb805c27f524f4798a3142d439,f679fa8e9a81de8ac956abac047e5a20,delivered,2018-06-18 08:28:44,2018-06-18 09:01:13,2018-06-19 12:28:00,2018-06-22 22:51:23,2018-07-12 00:00:00
6b06756efe3332c1b68920df3c2d5864,25b18c96dd859f9163ddfaf961cbb476,delivered,2018-07-26 16:16:52,2018-07-26 16:30:49,2018-07-27 10:26:00,2018-07-31 17:08:38,2018-08-24 00:00:00
55b2169192a2e853a9d21b2b4cd05cd0,b53b8224d279e3ab3d92983481d81b31,delivered,2018-03-20 15:12:50,2018-03-21 02:51:03,2018-03-21 19:04:39,2018-03-26 14:46:29,2018-04-06 00:00:00
3c6f2c25e0bc1279d17395ec365ea14c,4da838ac0a5e78523963ae590a05ef43,delivered,2017-01-27 10:52:15,2017-01-31 04:32:54,2017-01-31 10:19:47,2017-02-02 16:57:54,2017-02-21 00:00:00
7c1bc8447c240b37b3ce9222a1daf420,2b397d1f1e5a1bbdd4471805066a0cc5,delivered,2017-11-07 15:52:19,2017-11-07 16:07:58,2017-11-09 19:07:48,2017-11-20 17:28:31,2017-12-06 00:00:00
bcc74496281fa806f6939a8d8f80f232,7d891db7cb060922fcc19a04f6a90a72,delivered,2018-04-20 14:27:30,2018-04-24 19:02:28,2018-04-23 19:13:46,2018-04-25 20:24:48,2018-05-18 00:00:00
dcfdf4c257739648a81742a5ea7f8a07,264cfae73963c9e7444cd4ecb6bf63fe,delivered,2018-04-19 23:24:21,2018-04-24 18:22:33,2018-04-24 11:06:37,2018-04-28 11:36:49,2018-06-08 00:00:00
3641f9fa33b23a96ddef8d28f440d8db,cdf31148c659090167c2868425d2a72f,delivered,2018-03-27 08:10:06,2018-03-27 08:25:56,2018-03-27 21:59:56,2018-04-19 21:42:49,2018-04-23 00:00:00
8d7e588f9edf5e801cf455bf1961cffb,4f828355a45997653584184482dd1c2a,delivered,2018-06-19 14:01:34,2018-06-19 14:17:44,2018-06-21 13:01:00,2018-06-29 21:08:28,2018-07-13 00:00:00
1e7bb5d072b8543a1c42507c4b5583eb,daac60ed0587e8455cbfa9799d658f27,delivered,2018-01-26 16:47:34,2018-01-26 17:22:24,2018-01-29 23:29:12,2018-01-31 19:59:25,2018-02-09 00:00:00
dde3f065ba9416ef2eb1e9987a28ac59,944539610a067aa2b23935a72f94c768,delivered,2018-03-26 18:21:01,2018-03-27 03:55:45,2018-04-04 21:44:50,2018-04-09 20:56:37,2018-04-12 00:00:00
fe850e3531d2e102d8d58b4403fe8069,4abd79f956c83d2c78b65fab142c9d39,delivered,2018-07-25 09:36:25,2018-07-26 05:35:16,2018-07-26 11:06:00,2018-08-01 18:02:05,2018-08-13 00:00:00
cc999e83cbddd8f4961651258b551003,7b49c9e88dd17d69f6604c5bab0f1291,delivered,2018-02-23 12:20:20,2018-02-23 12:35:37,2018-02-26 22:19:11,2018-02-28 14:08:55,2018-03-15 00:00:00
e04d6a25eb8f61739c0ab02a8dd7b188,6e2fa0e671b3cac0d560309dd68d43fd,delivered,2018-04-29 22:56:30,2018-04-29 23:10:20,2018-04-30 11:04:00,2018-05-09 19:31:50,2018-05-24 00:00:00
4acc7f665ca9273b5848f19cde62b6d8,d31d061fd03b0640264b81e82fd163bd,delivered,2018-06-12 22:21:34,2018-06-12 23:41:27,2018-06-14 13:31:00,2018-06-22 18:38:58,2018-07-13 00:00:00
28339865523dbb50062d7e3a07aeb27c,c4514503f0b309217a1aad0eaa9ea965,delivered,2017-11-10 17:54:06,2017-11-10 18:07:58,2017-11-14 21:48:55,2017-11-23 18:17:44,2017-12-12 00:00:00
c000c9de28e2436553f200d0faf8eb97,e1bad92b722b5c4d529acd7eaedae6e9,delivered,2017-11-05 22:21:01,2017-11-05 22:30:51,2017-11-07 21:03:26,2017-11-21 23:21:21,2017-12-05 00:00:00
4f5045d7a7d322ba928da791f6d5c9f4,af51c0b5fcb9ff4bdc3e48e8d73446d4,delivered,2017-07-05 20:55:17,2017-07-05 21:05:13,2017-07-07 13:31:55,2017-07-11 17:12:39,2017-07-25 00:00:00
173cd9df6006351e8e5151ea0f400bd3,1ca3ceea5509315ab830a64aaf0f3a62,delivered,2018-01-02 17:33:07,2018-01-02 17:49:31,2018-01-04 14:55:27,2018-01-09 16:45:17,2018-01-18 00:00:00
48ad27781313137346ab40ec8685194a,91536449b9940d1e7af89bc3857369f4,delivered,2017-08-16 10:08:13,2017-08-16 10:30:10,2017-08-17 13:47:29,2017-08-28 12:24:32,2017-09-08 00:00:00
088833da9e3a3578817cee729d4e0a97,9a69f3a16bd6b1a50dfdbccd74e97757,delivered,2017-12-26 14:14:14,2017-12-26 14:28:57,2017-12-27 19:39:17,2018-01-03 19:33:17,2018-01-19 00:00:00
5642f00882c2ab59e001778dc483135f,6d3daf88dad3c59f48f9ec367fc43a78,delivered,2018-02-09 21:41:44,2018-02-09 21:50:28,2018-02-16 21:04:08,2018-03-23 20:34:34,2018-03-07 00:00:00
509f828e4a4b823e3b6d282400e52add,63ac3cb0a6469bc8d6d2f635a01e2f59,delivered,2017-04-24 13:03:55,2017-04-24 13:22:10,2017-04-24 16:24:10,2017-05-17 15:22:35,2017-05-15 00:00:00
2640b5421e2a450c8276a27da5ea7d2f,f8b6903b805687276fb7542e9416a3ba,delivered,2017-08-27 20:47:17,2017-08-29 09:25:40,2017-09-01 17:04:05,2017-09-12 17:55:45,2017-09-26 00:00:00
cec79ef92819a9f1f2009e1d8cf26db8,84e58051c35730ef23c796204fe91d08,delivered,2017-09-13 12:24:18,2017-09-13 12:35:16,2017-09-14 18:22:09,2017-09-20 19:29:11,2017-10-09 00:00:00
45ea696753b4d93fb0cffe87c816a064,9285b668f2790b3dd021861390bbc676,delivered,2018-08-12 21:19:11,2018-08-12 21:30:19,2018-08-15 14:31:00,2018-08-20 17:12:23,2018-09-18 00:00:00
32934ee250c2eb4a72f61dd37e4f5a81,796790170a4dcafd7af4dc575f28aa73,delivered,2018-06-11 15:05:05,2018-06-11 15:20:35,2018-06-15 13:36:00,2018-06-16 18:08:29,2018-06-25 00:00:00
203a378a78cc26ef2e1bfd90a6d48a29,7076e8afd996949ee319e1a6f2f8d5b4,delivered,2017-09-28 20:19:26,2017-09-28 20:28:25,2017-09-29 21:24:57,2017-10-07 11:37:39,2017-10-20 00:00:00
5933eca8bf39eb9b770be4f92e295796,2ab7b208d37e7ab8d90ec19522e2cf48,delivered,2017-12-17 13:11:36,2017-12-19 13:32:47,2017-12-19 22:54:47,2018-01-25 23:06:00,2018-01-17 00:00:00
e8fe7a9b7a9155171dbcc7e3728950b9,f0aba5723a12e77d8cf791532e415151,delivered,2018-05-10 09:32:44,2018-05-11 03:50:28,2018-05-11 14:17:00,2018-05-23 18:42:44,2018-06-04 00:00:00
4e9cb71601575577f2208d3aedf933cc,41c7fdc3e0906b20e2da08c152c397f6,delivered,2018-07-10 20:36:54,2018-07-10 20:50:18,2018-07-18 13:01:00,2018-07-26 21:44:59,2018-08-17 00:00:00
7b4dfba3da6058deea685e1475eee769,40c400e1b92a5e4b7186354235e6397f,delivered,2018-02-06 20:51:02,2018-02-06 21:10:27,2018-02-07 20:12:52,2018-02-08 17:58:57,2018-02-22 00:00:00
bae6f9f2cc261de0a62c483184fde7f4,c6fef243fbcf36131ef6e6fdc4d42a2f,delivered,2018-02-16 17:05:29,2018-02-16 17:15:28,2018-02-21 18:58:55,2018-03-08 18:13:23,2018-03-08 00:00:00
8f858c47e49820f3f6c7a8bf4d68d490,add16938f937555f63ef16e52371d3ff,delivered,2018-07-16 16:23:02,2018-07-16 16:35:15,2018-07-18 17:04:00,2018-07-23 13:20:53,2018-08-06 00:00:00
521b27020c398e2a652901b3414c2f26,cebb25bccadd1098bb5f90c345cf3125,delivered,2017-11-27 12:10:10,2017-11-28 03:43:01,2017-11-29 20:09:07,2017-12-05 20:58:49,2017-12-11 00:00:00
4f8c4fa99a873ffb8452acc0e0c9c515,6ab61c668f2cc0bf964afc5666bf4cc3,delivered,2017-10-30 20:39:50,2017-10-31 03:55:28,2017-10-31 18:15:00,2017-11-10 16:19:39,2017-11-17 00:00:00
f4c87e038db78ef275deab58f19e5bd2,083106a67c25249c79074ab4459fc8c5,delivered,2018-08-06 17:54:58,2018-08-06 18:10:17,2018-08-08 12:29:00,2018-08-13 19:44:37,2018-08-15 00:00:00
cc4687e4e102c1c8c606a5a0a8e475db,079e85f42f5af80c74240b97b7a4dee1,delivered,2017-10-31 20:13:41,2017-11-01 20:25:18,2017-11-03 22:25:53,2017-11-16 19:37:04,2017-12-06 00:00:00
4c69caaf7766dffd15ca30055af00da3,63ddcbd0ffc6bcc1b74065b95cb10548,delivered,2018-04-03 17:24:44,2018-04-03 17:35:15,2018-04-05 21:18:30,2018-04-06 19:47:50,2018-04-13 00:00:00
ef8a28cbda55a7be3821379b081e419e,058f7261062495732fb3c35b0dc6e662,delivered,2018-05-10 12:31:24,2018-05-10 12:56:00,2018-05-28 11:11:00,2018-05-29 12:08:33,2018-06-04 00:00:00
c6b325de61bc1dce75b9b7f1f1501dcf,842fa7ff89518c879323a772d0dbd3ce,delivered,2017-05-31 09:19:17,2017-05-31 09:30:16,2017-05-31 09:54:57,2017-06-01 13:27:34,2017-06-13 00:00:00
4e94d143ec7303c9e8095b6432bb3859,7db89c45b494054165b374d2b7510731,delivered,2018-01-14 17:17:56,2018-01-16 03:38:43,2018-01-16 19:15:31,2018-01-30 19:21:30,2018-02-20 00:00:00
6e970ac8488781fb447ff2c2859168bf,eb033b491e53ad18899061e9e19f25b2,delivered,2018-01-22 10:12:17,2018-01-22 14:53:33,2018-01-24 14:36:30,2018-01-26 17:22:06,2018-02-06 00:00:00
abb281f6fc9e025d48c27cbe5ae13c24,ea1875bf521c8ae175fbf16abd1298dc,delivered,2018-06-16 20:11:37,2018-06-16 20:36:18,2018-06-18 07:47:00,2018-06-20 17:28:32,2018-07-05 00:00:00
ec3bdf0a23bf186cbcc4708cbd0245b2,80c5a8a72a0e717fbf9633153eb9e3df,delivered,2018-02-28 12:50:34,2018-03-01 12:55:57,2018-03-02 01:09:40,2018-03-15 23:13:28,2018-03-21 00:00:00
cf13217e932cace18f417b9d0a7564f8,c57e02ddca9c4621fedcf5727ac8743f,delivered,2017-04-03 21:40:05,2017-04-03 21:50:10,2017-04-12 11:55:57,2017-04-20 09:39:41,2017-04-28 00:00:00
8d032d2c8478f7aedda32fc2d5014954,36a1b010890ea2e12107fe6ff24cb7bb,delivered,2017-10-12 10:40:18,2017-10-12 10:56:11,2017-10-19 17:28:25,2017-10-23 18:04:11,2017-11-03 00:00:00
6ac9e7249ef5df977218e8251e151355,030be3271231e6f5df0157331c60f0e9,delivered,2017-10-16 13:01:48,2017-10-16 13:14:45,2017-10-17 14:24:01,2017-10-19 20:21:36,2017-10-27 00:00:00
979ec1f1f7bc95046f69f31d87b948d6,cb3a230ca25e27dfc3e5209786bd29a9,delivered,2018-01-16 13:15:36,2018-01-16 13:30:15,2018-01-16 21:22:33,2018-01-19 19:08:55,2018-02-06 00:00:00
511d690ed216be4320cc7ad3174a2292,106f3a5c822e52bc9578d692032ad772,shipped,2017-12-14 11:51:34,2017-12-15 15:35:20,2017-12-18 18:21:52,,2018-01-09 00:00:00
3a73856e2f2c866a815c475a95832765,09e2826379ca2fed821563c9049a0a77,delivered,2018-04-12 18:06:48,2018-04-14 02:15:19,2018-04-16 19:08:40,2018-04-24 18:59:40,2018-05-10 00:00:00
6c589cce00692bb7fbd49d0eac280b17,fcf170ce0cbc74bfbc925f787a53940e,delivered,2017-08-07 14:11:20,2017-08-09 02:55:22,2017-08-11 20:19:53,2017-08-17 18:30:13,2017-08-31 00:00:00
49cb71f6609cd6b341acb1cb3ea392b1,4244638de4f86270a82f7210afd70d0a,delivered,2017-10-22 21:02:25,2017-10-22 21:14:47,2017-10-27 18:53:54,2017-10-31 14:55:49,2017-11-10 00:00:00
b8edc6668eb315d1b730348cac5e9520,491c7eaffec418db9bead95dffa95df8,delivered,2018-02-16 17:15:53,2018-02-16 17:31:23,2018-02-19 23:56:57,2018-02-28 19:39:04,2018-03-14 00:00:00
6644b958e462843a07ad11798437125f,ccc28b057579c48422b6181c30dfe12c,delivered,2017-12-20 19:06:19,2017-12-20 19:15:28,2017-12-22 14:13:02,2017-12-27 14:03:49,2018-01-15 00:00:00
cfe5649887c20d8a27d7a9a2302a9d9b,7c9e2de99b4d853ad2849bf211810bcf,delivered,2017-12-04 15:12:16,2017-12-04 17:22:41,2017-12-12 00:25:34,2017-12-26 22:25:27,2018-01-04 00:00:00
b85004b6486df47906bcc088f0be3092,f8e0c380e596aec3ed26012824a1aa93,delivered,2017-03-26 20:55:07,2017-03-26 21:05:19,2017-03-28 12:33:25,2017-04-03 18:17:41,2017-04-13 00:00:00
adf1d1f9f725c103056bae5f78d77513,e7aa8f71ce6a66684f90103ab313cfd1,delivered,2017-10-13 15:32:47,2017-10-17 03:56:32,2017-10-19 15:48:57,2017-10-25 21:04:41,2017-10-31 00:00:00
6509ed1f01a321d9ae4958d09ef2038e,9a7d77512acc59e1d535fad1db9e3f85,delivered,2017-08-19 23:35:44,2017-08-22 04:27:30,2017-08-22 20:23:02,2017-08-24 18:52:28,2017-09-11 00:00:00
2d99133897553f4c8ac31ec3ab36fe67,a3eac38bfaffe2975cd0e424ec86a556,delivered,2017-08-06 19:22:51,2017-08-06 19:35:19,2017-08-07 15:17:46,2017-08-14 22:56:49,2017-08-25 00:00:00
27bee06c27de3976958f786390f2d31f,43214f27fade5559699e2b5687236333,delivered,2018-03-15 12:33:14,2018-03-15 12:49:21,2018-03-19 22:05:16,2018-03-20 23:11:26,2018-03-27 00:00:00
30cd92bf673cad5ee8cbc69432e5b951,0a31417edc59c78d19a6553b5a6328a7,shipped,2017-10-21 14:06:50,2017-10-21 14:25:58,2017-10-23 22:34:07,,2017-11-14 00:00:00
d43198c2d47efb581c5c8c0e2676a7de,7abae3fa545cee17000026ebfca8eabc,delivered,2018-02-11 13:27:52,2018-02-11 13:40:32,2018-02-21 23:07:46,2018-03-14 21:53:42,2018-03-15 00:00:00
456be31c2b2f9d2c2af2e828084a8511,534a35b633f86d450cc51643df986b20,delivered,2018-05-07 14:48:57,2018-05-07 16:53:12,2018-05-08 16:51:00,2018-05-10 23:48:44,2018-05-18 00:00:00
b70e6b353379423761497f0d95376da2,ab9a07d930e7adf06ad5602f6aa8c35f,delivered,2017-08-08 18:41:32,2017-08-09 07:10:14,2017-08-10 14:03:10,2017-08-16 16:37:52,2017-08-28 00:00:00
0df7ce137bbb12afe0a4e2643c6c43ee,38938c4aa7efccf83e6679291c4d1004,delivered,2018-01-12 09:24:46,2018-01-12 09:35:19,2018-01-12 22:27:51,2018-01-24 15:09:32,2018-02-06 00:00:00
a3b0b8da6ce0a4eea99959dcc1924395,0d8011db3d6ba2c418b5b9884dc6feb4,delivered,2017-06-08 20:32:53,2017-06-10 02:45:25,2017-06-12 15:53:29,2017-06-19 16:21:55,2017-07-03 00:00:00
8a16ff3cd34e92ae56b0bdcb66dc56e3,596c43277318c607391f4e4124fe579e,delivered,2018-07-18 10:05:02,2018-07-18 10:22:10,2018-07-19 19:15:00,2018-07-20 23:04:32,2018-07-27 00:00:00
943f6c7b262e40ec0526ff87156fb401,6588dbadeec34a7c4372ab86dc7dec94,delivered,2018-08-04 17:00:12,2018-08-06 21:04:35,2018-08-10 14:36:00,2018-08-20 13:54:34,2018-08-27 00:00:00
3d07c92da0c50282dac7ad3bcf564679,a074fea93d83172d9a71ffca68feea12,delivered,2017-08-17 01:47:44,2017-08-19 02:26:26,2017-08-22 09:10:18,2017-09-04 22:04:18,2017-09-15 00:00:00
645d89884725deda9a632a1cd0658149,3ae18fc6a0dc28c2f6d1529288fed153,delivered,2017-07-29 13:21:34,2017-07-29 13:36:08,2017-07-31 19:12:59,2017-08-02 23:56:42,2017-08-22 00:00:00
8b45f2717caaaa9636af55943f235b33,184d1cab9ddaf65a2f455daf134e9c01,delivered,2018-08-09 11:21:58,2018-08-10 17:25:10,2018-08-13 15:19:00,2018-08-24 21:46:58,2018-08-28 00:00:00
daf610999defe00407d9c3178f42b819,064e2cb3bff15053eb0e4afc471e7f2c,delivered,2018-02-01 17:45:05,2018-02-01 18:31:03,2018-02-06 22:17:05,2018-02-07 20:44:03,2018-02-23 00:00:00
554ecc3c2cd2aa5e836523bcf915260a,74ae1af0e124761bfd3049f666889ca3,delivered,2017-03-10 10:01:13,2017-03-10 10:01:13,2017-03-14 03:52:21,2017-03-22 14:44:32,2017-03-31 00:00:00
5ab209cc906b44b6ba9238171f46f263,48a07f5ffeff2244f934f7ee1c414100,delivered,2017-09-14 08:57:12,2017-09-14 09:05:42,2017-09-14 17:54:04,2017-09-19 18:49:55,2017-10-03 00:00:00
ffbcdac3da2c2f23b699666818b0d38c,fe67d071eefb7f48949cbe89515cd672,delivered,2018-06-19 18:38:34,2018-06-19 18:56:49,2018-06-20 10:46:00,2018-06-28 17:36:31,2018-07-19 00:00:00
371a9794bafb1204f585018715ed6065,8b4ffff3de1d179a7bce3dfcf4f1c910,delivered,2017-08-23 05:29:43,2017-08-23 05:45:37,2017-08-23 20:03:38,2017-08-25 19:37:25,2017-09-15 00:00:00
64b30be5c86952908e3b2ab4de5c7770,ced7ebd9a7c49bef8dd5506fb0b8647a,delivered,2018-07-18 22:05:49,2018-07-18 22:22:33,2018-07-19 11:50:00,2018-07-24 21:36:42,2018-08-03 00:00:00
2be4ffd7d4cce421234db66149a7f749,0bf1d9ed15689a889e24bfa49096a1ef,delivered,2017-08-16 16:24:17,2017-08-16 17:44:47,2017-08-18 13:15:51,2017-08-19 12:08:45,2017-08-29 00:00:00
083dcb43c3410ea112ed46dc5e8f6674,b76530b7e66b27cd664ee26efcb0c7dd,delivered,2017-12-01 20:51:43,2017-12-01 21:24:09,2017-12-04 18:17:12,2017-12-14 22:15:08,2018-01-04 00:00:00
4c309580256bd11b9a9135a26a1a966b,83f80dacec9b7214a86e64d568bc76d1,delivered,2018-01-12 11:32:01,2018-01-12 11:48:28,2018-01-16 16:13:04,2018-01-22 17:21:48,2018-02-07 00:00:00
d79151b701d6eba29bef6aceabc6ada9,6740924d90598652d4d7fa400dc6cb9a,delivered,2018-03-24 17:18:28,2018-03-24 17:30:54,2018-03-26 19:31:05,2018-03-28 23:28:28,2018-04-26 00:00:00
8ab67a33f5086c5971aca4569c4067a9,e4ff0e986267ae80bf791de3896f9b4e,delivered,2018-01-20 23:34:50,2018-01-23 03:37:49,2018-01-23 23:44:35,2018-02-21 20:54:37,2018-02-21 00:00:00
4fad81538268bbfafe6e20730ec0c4fb,e0768121fd873c695316861281d5dc40,delivered,2018-04-10 10:34:29,2018-04-10 10:50:36,2018-04-11 19:46:24,2018-04-17 17:32:29,2018-04-26 00:00:00
44c6a1e50425d53433d3d47e8026f4a6,45bb6f326b5ac217492d09cea88bf4e6,delivered,2018-05-05 19:24:27,2018-05-05 19:35:17,2018-05-11 08:43:00,2018-05-19 10:56:23,2018-06-05 00:00:00
af4d478ab583f7d5a1c2eb0313ae763d,d75654891902c3b820abd3545048c592,delivered,2018-05-08 17:22:49,2018-05-08 17:35:41,2018-05-09 15:23:00,2018-05-10 23:46:42,2018-05-17 00:00:00
5627e8c82351e621a4f63476e69f3103,4732a17fe217bd7bf543a5b668b27de2,delivered,2017-05-18 12:41:57,2017-05-18 13:10:24,2017-05-18 13:39:17,2017-05-29 16:46:35,2017-06-09 00:00:00
0982c70ab125dee2e64f27e5aa2b4fb8,79c672ef1735d58585e076fb896276b3,delivered,2018-02-15 18:26:46,2018-02-17 03:47:47,2018-02-20 10:39:10,2018-02-21 21:24:58,2018-03-02 00:00:00
46aed1a9166babaebbe7af749841b024,7ee49fee1a5d3c3c30f39ca51b1b367e,delivered,2017-12-04 21:01:36,2017-12-05 08:30:50,2017-12-05 22:57:06,2017-12-12 22:09:37,2018-01-02 00:00:00
5cd1e199b5a1a3c27407766b2788851c,446e5d4f61445564a962e11953a4d5ec,delivered,2018-06-14 19:21:17,2018-06-14 19:37:58,2018-06-21 05:31:00,2018-06-27 17:52:47,2018-07-18 00:00:00
bdf1e2d7d2e18e7b0a623550d2202ea7,e314b1b0829d37e817b515fd2a5e194b,delivered,2018-05-13 15:27:19,2018-05-13 15:52:07,2018-05-15 07:49:00,2018-05-23 11:42:04,2018-06-13 00:00:00
22ce839b4cf363dd05a5cde6a91e53de,7638ebb9a062fb69f8646c668dd5e3d6,delivered,2018-06-20 15:27:17,2018-06-20 16:01:17,2018-06-21 12:05:00,2018-06-26 19:41:56,2018-07-13 00:00:00
088858a852d62de0c175c9cc4bc0ddb6,c49ddc57f4de85a5c7694bf37f9b525d,delivered,2018-05-13 13:35:03,2018-05-13 13:52:16,2018-05-15 09:06:00,2018-05-17 21:19:51,2018-05-28 00:00:00
281f583b66b67f63c1917c691644c22a,5feb8ef6c9e1b2ccd51d363f014c491d,delivered,2018-04-02 19:57:02,2018-04-02 20:10:22,2018-04-04 02:41:02,2018-04-17 12:24:55,2018-04-25 00:00:00
6af5a09bae161896af1bd1d4a83a39ce,765c5a44d2bee479336e965c39e85f13,delivered,2018-06-12 15:01:11,2018-06-12 15:46:53,2018-06-15 09:14:00,2018-06-21 12:26:37,2018-07-16 00:00:00
eab1323931616e5f3e93993cdc621291,01a2c54f25845c02bff35dbbb7d32c77,delivered,2017-04-26 21:02:59,2017-04-26 21:15:14,2017-04-28 14:01:43,2017-05-08 16:13:33,2017-06-06 00:00:00
b552f6623b3b474d4cff0a44146cd120,bf16ebb1ed47bce228a5b9f57fd4ff82,delivered,2018-01-16 22:08:15,2018-01-18 02:11:31,2018-01-19 21:32:34,2018-01-24 20:09:46,2018-02-06 00:00:00
c7a9de0ea61229818bdab21f76b0e804,21f377bcfd473f018492b826540d36ef,shipped,2017-11-25 19:48:52,2017-11-25 19:56:30,2017-11-27 23:20:55,,2017-12-19 00:00:00
e102b2494339fab55c3daf18187409a6,91202e3985d66cef5918e07b66764944,delivered,2017-07-20 13:35:29,2017-07-20 13:50:11,2017-07-26 19:20:19,2017-08-18 18:46:44,2017-08-11 00:00:00
55b2e390d5d80ada31ad1b795ebeb087,055e117cce871c681f903f52d7a866d4,delivered,2017-01-26 00:20:23,2017-01-26 00:30:24,2017-01-26 11:53:42,2017-02-07 16:31:33,2017-03-14 00:00:00
16244699615d84f02399e1b0e88468b2,da94b6d4f10776be847cd1869a2c677d,delivered,2017-04-01 17:11:03,2017-04-01 17:22:42,2017-04-07 13:22:59,2017-04-19 14:45:08,2017-04-26 00:00:00
bee6725f139fe39335cd3462ac55ffd8,7c3458230604625116a1504a7de10094,delivered,2017-12-01 18:40:44,2017-12-02 02:51:26,2017-12-13 17:35:09,2017-12-22 17:39:03,2018-01-04 00:00:00
ecc4c3f49c7e63c6fc8b2036fd78a185,f975bf6848e2b14caf976bece4dac690,delivered,2018-02-01 22:12:14,2018-02-01 22:29:12,2018-02-03 00:41:54,2018-02-03 14:48:35,2018-02-19 00:00:00
73435a60acd2fe1260eb7bb6587465ed,d5eb02a8c975623581be64cdfc05d1ce,delivered,2017-03-01 22:05:27,2017-03-01 22:22:03,2017-03-02 10:25:10,2017-03-08 15:31:45,2017-03-27 00:00:00
a7ddbf4f5ef6befd9d3569b1c34a9605,21c8877e6b8dde1b62754d08036ffd1d,delivered,2017-02-20 20:20:06,2017-02-20 21:25:15,2017-02-21 09:19:14,2017-03-06 12:38:55,2017-03-29 00:00:00
087c44ddc65697d4a3a2af9234c5a22b,75de575b1ac67f10d725383d4ae0b0ae,delivered,2018-04-08 20:12:30,2018-04-08 20:30:04,2018-04-10 14:48:44,2018-04-19 13:14:48,2018-05-08 00:00:00
c3a151fc45138447691e8231ffbca189,86538da58e1e43ea22d93b6fc3c8ac1f,delivered,2018-03-03 21:12:51,2018-03-06 03:55:51,2018-03-07 17:37:35,2018-04-06 19:42:40,2018-03-22 00:00:00
a4f3a3f57f483a605280e1e66a6bb18b,2cc496cd354395bb7a0ecf7aa14f19c4,delivered,2018-07-10 16:08:55,2018-07-10 16:25:49,2018-07-11 13:27:00,2018-07-18 17:08:31,2018-07-27 00:00:00
43af81df32df17ce535226c78d5a135c,76bf17a27388e84a9e6176b47fbb2961,delivered,2018-05-11 21:01:40,2018-05-11 21:10:57,2018-05-14 12:43:00,2018-05-15 15:52:04,2018-05-21 00:00:00
0d76cf23189a0ba8c00a570e0021d527,90e210b134f06595fe4b6a70d1187eef,delivered,2017-09-19 00:19:17,2017-09-19 00:30:14,2017-09-21 19:19:02,2017-09-29 21:31:54,2017-10-17 00:00:00
1bba442e5f19a30cd1ee9b84af924df5,6391769f901ff8f65f74db78000e7f77,delivered,2017-11-23 10:22:04,2017-11-23 10:30:21,2017-11-24 19:57:51,2017-12-04 17:52:58,2017-12-20 00:00:00
101fb6bec0516b433cb73c6833f34cc1,20e99db8db1906af30940982aa3f9836,delivered,2017-07-12 15:17:36,2017-07-13 15:15:09,2017-07-14 15:41:42,2017-07-17 18:13:04,2017-08-01 00:00:00
04e4230edda7cee2d7656643461d47e7,f5dae6958e7424376b81b4a16284b98b,delivered,2017-05-31 17:35:20,2017-05-31 17:45:13,2017-06-01 16:12:20,2017-06-05 13:43:48,2017-06-23 00:00:00
87cbf27ac970c7423f11157c2ef6ec26,eeee9d1c48539af62348268fab136e2e,delivered,2018-01-21 18:34:51,2018-01-22 13:56:45,2018-01-26 19:49:25,2018-02-08 12:04:57,2018-02-20 00:00:00
9a0ae735d5d850fd068bab6f0922f206,40797962636b8f583ef5f5079bb1dae4,delivered,2017-11-23 15:42:05,2017-11-23 15:51:26,2017-11-24 23:33:59,2017-12-04 22:38:49,2017-12-21 00:00:00
d4113b34b5912aa49875798a65d88613,2e668e8d5ccc335c292ade2a90506ba0,delivered,2018-05-06 15:46:21,2018-05-08 03:55:24,2018-05-14 14:59:00,2018-05-16 00:19:18,2018-05-22 00:00:00
e129e9f89489497f919cd582bf75a0e7,463a0b50898821692fae99d0da500044,delivered,2018-03-13 10:10:43,2018-03-13 10:47:53,2018-03-13 20:26:21,2018-03-26 20:59:25,2018-04-09 00:00:00
96ed110f6c91b349ff7ab376c8fa9400,67ca8a588d64d60990648ca5e2e61c73,delivered,2017-06-10 22:04:51,2017-06-10 22:15:22,2017-06-20 09:59:19,2017-07-03 16:32:18,2017-07-19 00:00:00
20dd46ec82721cbf25cc9ef228943bf5,0d25047b8fa2245d9bd6b2901623460e,delivered,2018-06-22 15:59:42,2018-06-23 10:58:52,2018-06-25 14:58:00,2018-06-30 13:02:42,2018-07-20 00:00:00
cd7872c2e8a4aedd31e308e5005b220d,76fdb94e980edf0a4a7b1aae1abf57b0,delivered,2018-04-19 11:13:34,2018-04-19 12:33:52,2018-04-20 18:14:33,2018-05-09 01:48:30,2018-05-17 00:00:00
38c5c2886f2aab75bb1ae3f79a3f300d,6676a459c2b773481c9dacde3c44c680,delivered,2016-10-08 08:25:32,2016-10-08 09:10:46,2016-10-12 09:10:47,2016-10-26 12:05:38,2016-11-30 00:00:00
b4180badf3ac49892e23d6e0276f1e84,815f25ed71c02df6cf2d51943aff8e54,delivered,2018-04-26 14:44:05,2018-04-26 14:55:14,2018-04-26 13:51:00,2018-05-03 00:14:44,2018-06-06 00:00:00
80c4ad268f53ce7cf84d89479e4e6701,254b82ac8dd89a1059e20cd786965b5b,delivered,2017-10-19 15:08:03,2017-10-19 15:14:26,2017-10-20 19:22:22,2017-10-26 20:18:39,2017-11-17 00:00:00
9a58ef14cb28c0d8eb1772e86f0ac133,49dec313b020bccb6110accca0e8a7fa,delivered,2018-01-14 11:54:03,2018-01-14 12:08:44,2018-01-18 12:14:40,2018-01-22 14:53:16,2018-01-30 00:00:00
f2dd5f15184c73c0d45c02941c7c23d1,4b60b3ade055c6ad88a00758c8e8a162,delivered,2017-01-05 22:52:33,2017-01-05 23:05:27,2017-01-06 16:08:45,2017-01-13 17:06:48,2017-02-23 00:00:00
f25f0fc51351ac9fc1dac7f8fbe59470,15d98045d8ed309eda8c6dd3f63d807c,delivered,2018-06-23 22:16:38,2018-06-23 22:35:02,2018-06-25 14:00:00,2018-06-26 22:06:55,2018-07-05 00:00:00
745eef172f0256cfaf464e7723693fe0,b1fdee92f68361d797b80f10f3f3a1c4,delivered,2017-04-09 09:52:05,2017-04-09 11:05:17,2017-04-19 07:37:57,2017-04-27 14:45:43,2017-05-16 00:00:00
fecb65750b4fe05b8257f650b2e114a2,6a3291b42c375fa31e806398dd9a6f28,delivered,2017-11-03 12:45:33,2017-11-03 13:07:18,2017-11-04 13:41:40,2017-11-07 17:52:53,2017-11-24 00:00:00
a878ec01610f77e9f5ddd8bbc33b4468,319804ffc63eb8b4270a8818135a3865,delivered,2017-12-15 09:08:24,2017-12-15 09:16:23,2017-12-18 20:18:49,2017-12-21 20:36:41,2018-01-16 00:00:00
a4696d525de3823f56b75195dce92da5,9a6d50bbc02c9af78cd8dc33440ebc6f,delivered,2018-08-05 14:07:28,2018-08-06 08:44:40,2018-08-07 19:17:00,2018-08-08 22:32:17,2018-08-13 00:00:00
105b31400017ca4a848d48ec5df78257,88b39890f0163934fb46680f5c6073ec,delivered,2018-03-19 13:20:23,2018-03-19 13:35:32,2018-03-23 15:52:04,2018-04-10 20:08:28,2018-04-20 00:00:00
9f9337d4e1debd68a43a89ee594a732c,4a448fac9d75ee6ea42d3f9d8f27b41e,delivered,2018-08-23 00:53:00,2018-08-23 01:10:08,2018-08-23 13:55:00,2018-08-29 16:26:40,2018-09-10 00:00:00
c05a5defefe139269bfc13a22fbe8543,5b44eea88fb939f313c15cb15583094c,delivered,2018-07-05 18:57:13,2018-07-06 18:55:13,2018-07-09 15:01:00,2018-07-11 16:57:16,2018-07-27 00:00:00
0fa05bb83efc10205ac8f4224f10c336,3298a35f24f353765e2570b3648550f4,delivered,2018-04-26 12:47:48,2018-04-26 16:52:49,2018-04-30 11:59:00,2018-05-14 17:52:36,2018-06-13 00:00:00
e8f1a30189522698bfce82adf60472e7,945080eedd200e670d94e8b707422871,delivered,2017-07-05 11:58:33,2017-07-05 17:38:31,2017-07-06 11:04:07,2017-07-07 20:44:41,2017-07-18 00:00:00
fde5931c072d09a2a89da86b20ab0451,029a95a46e81be7eb7b4f875e160528d,delivered,2017-03-15 18:53:36,2017-03-15 18:53:36,2017-03-16 10:34:29,2017-03-24 19:04:03,2017-04-04 00:00:00
4b8ff73a4dec02960c8a7783bcf9596b,b9f4bf1ea5af001921e2060048cc6d98,delivered,2017-12-11 13:19:49,2017-12-11 13:30:53,2017-12-14 00:09:56,2017-12-26 20:04:39,2018-01-04 00:00:00
18fbfa7be165a2404fcf5ab2d071d80e,50bcce86319ecdf2df1edeae7272a38e,delivered,2017-11-24 11:41:52,2017-11-24 13:35:30,2017-11-27 23:37:28,2017-12-05 17:32:51,2017-12-18 00:00:00
6de64652050e3690c7bcc8ad746b90df,cde1b71f4b37b969e44a3381e9ebf736,delivered,2017-11-03 10:58:53,2017-11-07 06:32:07,2017-11-09 08:46:35,2017-11-20 17:51:49,2017-11-27 00:00:00
013d92e415d1de7bf3b3b706f1b6d292,898107309c7e33b88d7141ebde723c17,delivered,2018-01-25 13:53:06,2018-01-26 14:22:15,2018-01-29 15:52:48,2018-02-20 20:52:57,2018-03-02 00:00:00
15c0a0d5bd5e9c58f17414d100104093,e72be6eccbec3edc6e5dc148a9794efc,delivered,2018-03-01 10:55:06,2018-03-02 02:15:35,2018-03-03 00:49:22,2018-03-21 20:58:45,2018-03-26 00:00:00
8c698ded819cb4d7c0fa6be003d08768,126745c81418c66a077ae0d117f5266a,delivered,2018-03-29 19:12:52,2018-03-29 19:27:53,2018-04-04 18:21:59,2018-04-10 17:58:01,2018-04-24 00:00:00
745f8e8e54805aa546f8083a70649d82,b504fe42a7d664cad29f108299f51629,delivered,2017-10-20 17:20:37,2017-10-21 03:07:20,2017-11-01 23:40:08,2017-11-10 19:14:51,2017-11-24 00:00:00
ee6a5eda1f6348ce77dd734f59499ac0,f79245b624a620d893d14760d3df8b6c,delivered,2017-07-12 15:11:49,2017-07-13 02:55:54,2017-07-18 18:17:29,2017-07-24 21:50:14,2017-08-09 00:00:00
39dab0c9ea1c7c66a1a516423f50c97a,33f7e823808ce786ac284e32b07cf6e4,delivered,2017-05-08 17:51:05,2017-05-09 09:45:19,2017-05-12 14:17:02,2017-05-22 14:33:18,2017-06-12 00:00:00
13b4a241ec0a12dc277733bf73327633,923de483ea3d978b748fe8b4cba86955,delivered,2018-03-29 13:43:22,2018-03-29 13:55:14,2018-04-02 22:52:12,2018-04-03 15:29:03,2018-04-11 00:00:00
41b0e2a8a395c2cce94ad53fca46cf23,b365c8052f1cb95b4abac396e5022ad0,delivered,2018-06-18 17:35:29,2018-06-18 18:02:44,2018-06-22 13:01:00,2018-07-05 19:47:26,2018-07-30 00:00:00
3961a71512408632c7b76c129c0272c6,6d0732decec87771a46125abbeeaa9b8,delivered,2018-01-28 22:52:05,2018-01-28 23:18:17,2018-01-31 23:59:31,2018-02-06 21:03:49,2018-02-21 00:00:00
a05b04bda10e20bffc7a561007f07f4c,a63ec0e33508ff6ddf030bbeb647f7f0,delivered,2018-04-24 09:58:31,2018-04-24 18:15:45,2018-04-25 13:22:00,2018-05-10 20:36:42,2018-05-22 00:00:00
c3d70740928cd09c703cb7cc29537cb6,d92c4eb4cfeca0de7c933dcf36d2f7ea,delivered,2018-03-13 22:45:45,2018-03-13 22:55:28,2018-03-17 00:04:18,2018-03-19 13:48:44,2018-03-23 00:00:00
8a9424899aac432d80d8e580932b5ee9,0297d4246fd48c7ed31b81c7f99776eb,delivered,2018-07-11 18:19:48,2018-07-11 18:35:17,2018-07-12 11:30:00,2018-07-24 16:11:44,2018-08-06 00:00:00
214026e389020b815048174316597274,d4028850672d0f7f8158b06d9d381247,delivered,2018-01-15 12:02:56,2018-01-15 15:50:50,2018-01-15 22:58:34,2018-01-19 18:27:53,2018-02-05 00:00:00
d5aa77f5eed8acdd598a687ccc27cfa8,846ebdc9aa938e421601375cc2c28279,delivered,2017-10-06 15:45:54,2017-10-06 15:56:21,2017-10-30 17:54:10,2017-10-31 12:15:06,2017-10-24 00:00:00
9d0815da498bdbe17d13752e2d3c991f,209aa0c72b1d9f4c58d1236435ba739d,delivered,2018-08-22 10:48:47,2018-08-22 11:04:35,2018-08-23 14:00:00,2018-08-28 18:16:43,2018-09-03 00:00:00
0d8d74c25da3888411cba598d37dac61,42cc85da1ad5c10f4f0f859d1630b429,delivered,2017-10-04 10:53:54,2017-10-04 11:07:18,2017-10-04 22:29:47,2017-10-17 23:18:29,2017-10-31 00:00:00
5ac82ecaa1e3713f2684dece00141c68,1b6bc7c185f0cafc76e200d2acc66992,delivered,2018-06-09 16:27:22,2018-06-09 16:35:20,2018-06-13 14:55:00,2018-06-20 21:44:46,2018-07-11 00:00:00
ae8590e2d258155cb303eaac1325e099,4a7e7ed4a4e7db8f6b0548fdf02b49a8,delivered,2017-09-22 20:43:04,2017-09-22 20:50:18,2017-09-25 19:28:54,2017-09-29 18:40:07,2017-10-19 00:00:00
36750bfd3e70a5f8f95edf2e28f1d60e,352960fe6741c7944bd2007d8d1d3f64,delivered,2018-06-22 21:30:06,2018-06-22 21:58:42,2018-06-27 12:04:00,2018-07-03 01:58:38,2018-07-23 00:00:00
5ddee063fdf0f2a5c828b499fb857e85,980898af1af67d2ccfe240a6f105c535,delivered,2018-08-16 10:25:24,2018-08-16 10:44:02,2018-08-16 14:28:00,2018-08-17 20:12:17,2018-08-24 00:00:00
2d1bec8cfa830e47e6267b4e3c329dbd,4ffd321d13d0deb41947ce6d939c8e10,delivered,2018-02-28 02:46:13,2018-03-01 06:48:38,2018-03-01 22:08:11,2018-03-20 19:38:48,2018-03-19 00:00:00
043c74b543e990bd18b14ef1e4344031,145b7ecf2c0aa47c15bbe20d6bd26a90,delivered,2017-08-15 09:02:19,2017-08-15 09:23:58,2017-08-31 21:12:17,2017-09-04 21:40:00,2017-09-11 00:00:00
251b17268a3a756c257de7aff90dc882,a923843252d5090aadd4b233b3ba66b5,delivered,2017-06-25 19:19:17,2017-06-25 19:30:22,2017-06-26 12:35:33,2017-06-27 11:37:41,2017-07-07 00:00:00
e0f95c3628b0822fc14e8e2436f0da4b,deca2d5050103f7094d493ae01a5163d,delivered,2018-02-18 19:21:55,2018-02-18 20:26:59,2018-02-21 20:33:39,2018-02-25 20:33:57,2018-03-06 00:00:00
9b8aaa74d468897a211fb359950937e5,873dfc3de3c07eb7b9d6430e07e7d154,delivered,2018-07-26 12:10:31,2018-07-26 12:25:18,2018-07-26 14:16:00,2018-08-02 19:09:41,2018-08-16 00:00:00
139f1705692cf6f0ea124350e5ac47de,d482c96cc23e02b643f79768912442c2,delivered,2018-06-01 18:57:37,2018-06-01 19:12:59,2018-06-04 13:43:00,2018-06-05 17:55:02,2018-06-26 00:00:00
91fe2d042bdf1fb8d6f2fc33f209ec04,ebcc16a6177788b667355688a7ab5ed6,delivered,2017-06-28 20:19:51,2017-06-29 20:25:08,2017-06-30 11:46:07,2017-07-28 19:52:01,2017-07-28 00:00:00
6ee28fa78f78388cf8ea12df0dde9f29,6202d4c7b36ec8b08584297d5eb22c8b,delivered,2017-12-06 09:16:12,2017-12-07 03:12:46,2017-12-09 00:09:37,2017-12-21 23:12:16,2017-12-29 00:00:00
df9082ea96a53aaf56d0cd5d42128b33,5bed810b9ae65c600ff9874dd61ffd21,delivered,2017-12-10 14:49:49,2017-12-10 14:58:19,2017-12-13 09:13:27,2018-01-06 15:07:51,2018-01-16 00:00:00
64aa2d5878fc863f40dc4698a4feff6e,85feca5dc10c670215b0bffa0a391ca4,delivered,2017-10-08 10:47:54,2017-10-10 03:35:44,2017-10-13 12:08:10,2017-10-16 22:44:27,2017-10-25 00:00:00
1776f9cc0f976e7aa0e8372a5325c41a,fa62a9ef95e703b49c4bf530ce1e4efb,delivered,2018-08-28 11:16:37,2018-08-28 11:30:12,2018-08-28 14:11:00,2018-08-29 22:03:15,2018-09-06 00:00:00
39d0091b5c98ab07188e4f18fd0d9d30,e45c351a7f66a73f14a7bd157a57f6f9,delivered,2018-03-30 20:14:37,2018-03-30 20:27:21,2018-04-03 18:48:24,2018-04-12 22:20:49,2018-05-04 00:00:00
788d6da30a84d084503d9e25fa8cee57,cdf8cdb2942f8f85dbd0449b7e66798b,delivered,2018-08-23 15:35:52,2018-08-24 03:10:20,2018-08-29 16:57:00,2018-08-30 13:34:42,2018-09-04 00:00:00
96304a015b3d99852d4e0e709a0adacb,80b5a39f1962bdc67b8ac0a96936a7b6,delivered,2018-05-16 15:01:37,2018-05-16 15:19:33,2018-05-18 08:03:00,2018-06-05 15:32:59,2018-06-05 00:00:00
3053d9278ac444ba8fa2ab0d7a4f6547,7b237a8cd6277accaae6679f485ff3db,delivered,2017-04-07 13:27:27,2017-04-07 14:02:51,2017-04-13 16:25:23,2017-04-27 14:19:08,2017-05-12 00:00:00
dcec2b3be8c3d53056fe63381b2a6cfe,6a561788c45be4acceb377783ad116be,delivered,2018-01-19 12:33:36,2018-01-19 12:56:22,2018-01-24 21:33:08,2018-01-31 02:32:16,2018-02-05 00:00:00
5d8d5f0c825880c16968246b192e6899,e288806bda09cca667d69ec51dded34e,delivered,2018-01-08 16:58:35,2018-01-10 10:32:50,2018-01-18 21:35:50,2018-01-22 23:09:05,2018-02-08 00:00:00
882c1e2076610adab15e5a68430d2180,97574aee35383afe8577dacb0e15a551,delivered,2017-01-22 17:43:23,2017-01-22 17:55:18,2017-01-24 11:43:54,2017-01-28 06:06:19,2017-03-06 00:00:00
588d8a3645cd2c4d3b9773d212a185e5,d0c8dedcb2e16a6245f6a9f836385068,delivered,2017-12-10 22:51:43,2017-12-10 23:08:55,2017-12-12 17:57:14,2017-12-26 11:35:05,2018-01-08 00:00:00
0af3a5d2e6e65075837ef5ceb5c167ab,831f214129035247f2db0f858077f010,delivered,2018-04-02 09:12:17,2018-04-02 09:28:33,2018-04-03 00:13:01,2018-04-11 19:47:41,2018-04-19 00:00:00
e5e12a01a9496a4f4768f75ec5292056,cbc2deff4c4449f952c6b6da0369826e,delivered,2018-07-13 17:22:47,2018-07-13 17:35:18,2018-07-19 14:47:00,2018-07-24 19:21:39,2018-08-08 00:00:00
c1674af37cefb68196b330a473e46d7d,bfb9b1d3eed11407245df8870eadecc6,delivered,2017-05-11 22:41:34,2017-05-13 03:05:29,2017-05-17 09:11:35,2017-05-18 06:45:30,2017-06-02 00:00:00
9e7b9ace0373fca44197f8f406bb0169,c33fea2ee6ecfce97805a9206d0b72ef,delivered,2017-08-17 14:18:05,2017-08-17 14:50:20,2017-08-21 18:25:55,2017-08-23 17:23:42,2017-09-11 00:00:00
82a6e2f5082bd48943674373f6a0fc9a,71fb1e77dbea93980c9f526db9534b70,delivered,2018-01-21 17:32:02,2018-01-22 13:55:19,2018-01-25 00:05:45,2018-03-08 14:36:54,2018-02-16 00:00:00
b5b17e32ff5821a918338446a51c6ce7,5d3f357bcae87e7099d31a769c2e4cc9,delivered,2018-08-16 14:46:01,2018-08-16 15:04:40,2018-08-17 11:30:00,2018-08-22 23:32:18,2018-08-29 00:00:00
7e6c914a43d0ae371a139537617c6d2f,17b7d8e62fd6abea6e869a06d83759e6,delivered,2018-02-09 00:04:33,2018-02-09 00:15:51,2018-02-14 19:43:43,2018-03-03 00:43:34,2018-03-06 00:00:00
b8d147e10dd65083377f242fe86dda7a,029c22b31758dbd1588d75557e73d920,delivered,2017-02-20 14:28:18,2017-02-21 05:07:59,2017-02-23 14:00:59,2017-03-17 09:47:53,2017-03-31 00:00:00
82a4587415d59443dce9ac6d0ce8720f,a0ae88a1f9e295befb3436f377b0746f,delivered,2017-05-04 20:37:29,2017-05-05 02:25:25,2017-05-05 19:00:02,2017-05-16 09:29:55,2017-06-08 00:00:00
79a76f3f9a47dd140f8085fc511c568f,9ccc26825eac35c8df111e432ac6f2a5,delivered,2018-01-04 16:29:18,2018-01-05 02:36:49,2018-01-08 19:10:12,2018-01-17 23:14:51,2018-02-05 00:00:00
6f36f6e788dc46d4b7ac92c2e2288e51,0583253f9630d34b20d3488b14b76349,delivered,2018-05-06 20:41:19,2018-05-07 18:35:02,2018-05-11 13:49:00,2018-05-16 19:16:47,2018-05-25 00:00:00
2112e59b69d2f316f9fe16796ca0db5e,d5cca9a06792efce47d8a9aaf94446ec,delivered,2017-07-02 00:25:04,2017-07-02 00:35:15,2017-07-07 11:44:53,2017-07-10 16:15:53,2017-07-14 00:00:00
5f783382a74cf95c03c789405c2fb161,1e5b699b9ff60486d8d641a538974d75,delivered,2017-04-13 08:45:32,2017-04-13 08:55:12,2017-04-13 12:22:06,2017-04-20 10:44:51,2017-05-09 00:00:00
9f80568a9aa61169822044e52e8e8a0d,a3537e15f3e4f88e07ab0bd9d61f4d7e,delivered,2018-05-08 12:28:18,2018-05-08 12:56:50,2018-05-11 14:10:00,2018-05-17 15:32:41,2018-06-05 00:00:00
360787554f41824600bdcba9687cd4f0,c1474a24d28e0702ff76d03b5fd3bbe6,invoiced,2018-03-23 19:39:46,2018-03-23 19:50:29,,,2018-04-16 00:00:00
325cfd48a71240cb16c9f50468478c92,6fae532749efd824d103f027b7bf7834,delivered,2018-07-02 14:43:25,2018-07-02 14:55:20,2018-07-03 15:31:00,2018-07-12 21:58:53,2018-07-16 00:00:00
19f876202a3c47556d275e9905d4400c,8aa9a84660c82df3ecd77c118b08b304,delivered,2018-03-06 09:51:22,2018-03-06 10:09:35,2018-03-10 17:08:47,2018-03-28 20:26:42,2018-03-23 00:00:00
894f6cd6c690b0d8d94011c8461f25f4,c433fb0b6aa40b097d05ae509137df95,delivered,2018-01-15 09:30:55,2018-01-15 09:49:56,2018-01-16 19:29:05,2018-01-27 14:55:48,2018-02-14 00:00:00
e28a4c66f1484567d1e42b3fab64d923,09c682ef897935e677a0996cfe2008f3,delivered,2017-05-19 21:20:54,2017-05-19 21:42:44,2017-05-22 14:47:40,2017-05-31 17:06:38,2017-06-23 00:00:00
3e59aa9edece49294543e724d5a16f5f,85f25f8a9e0763a80ceeb2b63a3ab27b,delivered,2018-08-14 21:22:46,2018-08-14 21:30:26,2018-08-15 15:07:00,2018-08-21 21:22:49,2018-08-28 00:00:00
86cd00e7c37e87a8a2204f3e3266e85b,0a6c498b077e72120f5bb62c3a1c2c0e,delivered,2018-04-02 18:48:47,2018-04-02 19:07:54,2018-04-04 17:36:43,2018-04-07 01:26:33,2018-04-12 00:00:00
19f52cca1f9f963eb3275ad1a2033c0d,6aba99b17a2fe71fa586921fb1271349,delivered,2018-08-06 08:58:00,2018-08-06 09:10:11,2018-08-07 15:26:00,2018-08-09 18:24:51,2018-08-09 00:00:00
6e41c1b023ea08cb4744bbe97eedb35c,27a88f58c6d8d6be880c80c424c16202,delivered,2018-06-28 18:50:51,2018-06-28 19:11:39,2018-06-29 14:21:00,2018-07-04 15:32:11,2018-07-25 00:00:00
8b0da5e289d763ef6aa842f3927d6421,e2120686ad347caa15e31d9fba78aade,delivered,2018-02-17 22:30:05,2018-02-17 22:46:57,2018-02-19 14:07:28,2018-02-22 18:29:10,2018-03-12 00:00:00
258cf5931c975cf407a296c710afe660,9bcdb996f5ba9d3b959e33b416825425,delivered,2018-02-02 17:52:04,2018-02-02 18:31:16,2018-02-06 22:35:40,2018-02-09 19:33:15,2018-02-26 00:00:00
cea7721ef82b51a0f124b20170c1e167,a3aa6ae41b113ea75c5ae9bd182671ab,delivered,2018-07-27 19:38:22,2018-07-28 16:30:50,2018-07-30 10:29:00,2018-08-04 18:22:35,2018-08-21 00:00:00
949042a6b24b4ba4b1376ee35f46e56c,cdd1331485525cee78e5fd1b7ea3b2e5,delivered,2017-03-16 12:39:35,2017-03-16 12:39:35,2017-03-17 15:44:14,2017-04-03 06:06:32,2017-04-06 00:00:00
a09801b9e15eb9aea012ad7d7f3257c4,514bebbebbdc4253ed06adf5ef6d3af9,delivered,2018-04-17 12:34:27,2018-04-17 12:53:41,2018-04-30 13:44:00,2018-05-07 18:58:41,2018-05-14 00:00:00
fc34e19a094e163bae6bb03c793150bf,7f0466d4f8a505205c5a0105ce59d3d2,delivered,2018-01-04 16:04:17,2018-01-04 16:14:20,2018-01-08 15:04:26,2018-01-18 14:10:06,2018-02-02 00:00:00
b987bb067d534c991de69cf0c67e9188,0755ba88bf7e1c270f5a94264b17c603,delivered,2018-07-18 08:41:45,2018-07-19 11:55:19,2018-07-20 08:32:00,2018-07-28 13:51:19,2018-08-01 00:00:00
b7c03d21bfaf98c81b21dd94e82d0391,0253a59a3f1b966f4ef92ee44336e585,delivered,2018-07-30 12:41:54,2018-07-30 12:50:20,2018-08-01 15:44:00,2018-08-06 18:22:38,2018-08-08 00:00:00
48b20e2450ca3aafee885610dadf7f1f,778cff46897ef1ea3369ce789960b2c3,delivered,2017-08-08 17:45:00,2017-08-10 03:25:33,2017-08-10 18:57:29,2017-08-16 20:37:56,2017-08-30 00:00:00
3dfb708634f7341447767f4ee59fce95,fd0e05528dd6037d245eee7d42ba837b,delivered,2017-08-30 21:21:00,2017-08-30 21:35:11,2017-09-01 22:37:19,2017-09-08 16:31:59,2017-09-18 00:00:00
585349a68c2e7d50092eb35c60f019da,5fabfc1789ef20d8cb091f4babae56a0,delivered,2018-05-15 22:28:10,2018-05-15 22:55:02,2018-05-21 16:32:00,2018-06-12 15:41:28,2018-06-07 00:00:00
a3cbfbf2c6364b1c16f1c0ce8f6fd306,879a6af489cc8b6017e5f920d4dc3194,delivered,2017-12-22 10:35:27,2017-12-27 04:32:09,2018-01-03 18:09:36,2018-01-29 19:48:57,2018-01-26 00:00:00
5d6a1a156fc92ced06a12c6d92e2c213,52408f5b63dfdc6b77f1c8414662e4a3,delivered,2017-03-14 13:12:20,2017-03-14 13:12:20,2017-03-15 15:05:54,2017-03-22 18:11:47,2017-04-06 00:00:00
30da20eacd71a5e8cac16c775ef72984,a291b9db0ab85d73c7f687f11ea290ad,delivered,2018-02-02 09:32:53,2018-02-03 13:49:36,2018-02-09 23:28:58,2018-03-13 00:32:50,2018-03-05 00:00:00
03ddab02775c66c855ad41424ae356e3,ed87333e69d2709d374534505818c9e2,delivered,2018-02-06 17:01:53,2018-02-06 17:15:39,2018-02-07 22:17:39,2018-02-19 18:11:40,2018-03-26 00:00:00
d12ab5d1454294ce820fd1ccc56d760e,0dd2a674a2b63f9fc54ca6cd83532728,delivered,2018-05-07 19:19:26,2018-05-08 09:15:29,2018-05-08 14:45:00,2018-05-22 18:36:51,2018-05-29 00:00:00
8ea1a1b5bb41e4093d30dbd5d3466b69,313fa2c08f52166a94c81cf9c4e870d9,delivered,2018-02-18 16:36:52,2018-02-18 17:46:39,2018-02-20 00:41:57,2018-02-25 11:58:47,2018-03-19 00:00:00
0193517cd10a54473b6fd8392b58313f,d5e5a632fc74499ef08cc40be28c8202,delivered,2018-06-15 20:02:54,2018-06-15 20:21:52,2018-06-18 15:18:00,2018-06-29 17:18:40,2018-07-20 00:00:00
bdf6784b56b3ef6aee2c4a042e095f62,3ca587fa5fa79ae10d6068beba867d43,delivered,2018-07-18 09:45:43,2018-07-18 10:01:56,2018-07-18 13:32:00,2018-07-24 01:04:53,2018-08-06 00:00:00
14755aa40518fc8bb089f3f11af8cbbb,14f3f9d94f9aeec7e25cd6bb2acab542,delivered,2017-12-12 12:04:43,2017-12-14 02:12:33,2017-12-18 11:19:08,2018-01-11 23:43:56,2018-01-11 00:00:00
2945fffb2526d91c5bcc9a256cc49bdd,fa4ba1f32aabc46cddb71d24157ac75e,delivered,2018-02-23 18:21:32,2018-02-24 07:07:46,2018-02-26 20:17:42,2018-03-16 18:26:41,2018-03-20 00:00:00
c4ba85cd686fc7f9d56edb6fa4471e91,56d9f6f165316566c76bb7779ceed1ca,delivered,2017-12-06 09:39:37,2017-12-06 10:13:54,2017-12-07 17:32:45,2017-12-15 01:23:10,2018-01-08 00:00:00
c40e2f36cb82dc5413567d994a7add93,116dae092a083d09e1afe3a9330c60ba,delivered,2018-02-01 23:08:48,2018-02-02 23:10:52,2018-02-03 17:16:41,2018-02-14 20:53:09,2018-02-26 00:00:00
6251ed6cc506e51952af1d0c230630e4,c7d1d9f32f2345da0127e63da4fe0fbe,delivered,2018-05-15 19:12:53,2018-05-15 19:36:21,2018-05-16 12:02:00,2018-05-23 18:42:02,2018-06-05 00:00:00
50ba48feadedab8aed970b1ed1d6e058,fbb95d9cb6b53d485fbc9872bb051068,delivered,2018-04-10 17:22:26,2018-04-10 17:32:18,2018-04-11 22:42:09,2018-04-17 20:33:50,2018-05-11 00:00:00
3866b953e5de590e02c32234abb1b5b4,98833a857b8be9f0b483e78ae235729b,delivered,2018-04-28 16:49:16,2018-04-28 17:11:11,2018-04-30 11:18:00,2018-05-02 20:58:45,2018-06-01 00:00:00
bdb4eaf05d279b03ac661a14b8c05557,8dbfed7e9a524dd4e20287bb29bad760,delivered,2018-02-13 14:35:34,2018-02-13 15:07:46,2018-02-14 23:13:01,2018-02-23 23:03:50,2018-03-09 00:00:00
94da085d2799047c766f7df765931c49,5de8dd029fb7e408888f5694443eb801,delivered,2018-08-10 08:01:54,2018-08-11 04:35:17,2018-08-13 15:46:00,2018-08-16 21:12:08,2018-08-29 00:00:00
6c6abb921625dd44d3d406ce4b890cac,d5961401e349bf22024305eef5fa9119,delivered,2018-05-02 00:13:29,2018-05-02 00:34:20,2018-05-03 16:51:00,2018-05-14 17:22:45,2018-06-01 00:00:00
4dab8f54cf0785f122d751e4c9010e0a,7dccb46b2bfa636224998740bfdfb07a,delivered,2017-05-08 21:40:05,2017-05-08 21:50:19,2017-05-10 10:54:37,2017-05-16 11:03:51,2017-06-02 00:00:00
bef761ad270a4c4eb98b46f8de712530,2e828d5622e1f2d3a22a9b021992af50,delivered,2017-02-01 20:48:26,2017-02-01 21:01:28,2017-02-03 08:58:34,2017-02-10 14:38:08,2017-03-08 00:00:00
58b87ea5983b516a65c22435901c83a5,88337e7259fff920f8bb11448c9ee2cd,processing,2017-12-16 13:48:46,2017-12-16 13:55:20,,,2018-01-26 00:00:00
62b0218b2b5a838f1aa7f1fcd11a59d4,f42b6317cd949a967e625c2e66c9fba7,delivered,2018-06-23 10:23:25,2018-06-23 10:35:14,2018-06-25 14:14:00,2018-07-04 20:11:39,2018-07-24 00:00:00
0b7808f7d1384e2ef75a3ea25df44bd4,a1b9378a25ca08a39d8018bb2294f956,delivered,2017-05-27 13:08:23,2017-05-27 13:22:14,2017-05-29 13:10:55,2017-06-05 16:46:37,2017-06-23 00:00:00
7ac13b045c748b7eef3f9011bd5683c9,1c18838e08ac38890f0562e339a03d8f,delivered,2017-05-17 17:38:51,2017-05-17 17:50:21,2017-05-18 08:40:07,2017-05-19 10:29:48,2017-06-08 00:00:00
bcdad86f44c780bf1aaf24b66dd97753,f3f955ae1cc137ab2ec810ee255b2662,canceled,2018-08-05 03:49:18,2018-08-05 04:04:24,,,2018-08-20 00:00:00
c05a69ea679c56b6437490f5d8eb7a77,8162c84c0c0b52ba588177cc17e384f0,delivered,2017-09-17 11:53:52,2017-09-18 11:51:28,2017-09-21 14:52:29,2017-10-02 14:05:59,2017-10-17 00:00:00
55e971c404515ffd6217ea31cd3acdc5,1c1a9f7236f1dee52e05e4411a43794c,delivered,2018-03-23 14:33:29,2018-03-27 04:08:29,2018-03-28 16:46:32,2018-04-03 01:54:29,2018-04-18 00:00:00
a245a32d07762c385b4620fd16bab160,60f4ced6ca8d204e23e981c7355750de,delivered,2018-01-02 08:33:33,2018-01-02 08:55:56,2018-01-02 19:27:08,2018-01-08 22:13:13,2018-01-31 00:00:00
b8fa6b76d00678e1781c0ff1ed4b55dd,8e131764f4e8f9dd9a7371c023d404a9,delivered,2017-06-29 15:59:14,2017-06-29 16:15:09,2017-06-30 15:08:32,2017-07-11 20:13:49,2017-07-25 00:00:00
10799b37b7755c4d8b315b4c0dfb187e,5f4e35ed62f6c34150683b41a8d2db29,delivered,2018-05-18 20:11:25,2018-05-18 20:34:37,2018-05-21 14:52:00,2018-05-22 16:07:40,2018-05-30 00:00:00
1871117e3b468a4dc29c82849099069b,1f567c8732fb5317d6ce391624d34cb2,delivered,2018-01-15 09:15:37,2018-01-16 03:39:58,2018-01-16 22:59:04,2018-01-23 20:38:45,2018-02-05 00:00:00
295925037780bbbf9d7a2294087693bc,c0499167445cc2f02c12c5270571dbea,delivered,2018-04-24 23:08:40,2018-04-24 23:29:42,2018-04-26 08:45:00,2018-05-04 22:52:26,2018-05-16 00:00:00
ced223d7a62d120ce4105b38eb399eb9,acdd7adf35380db2a7a3bf279f7f7753,delivered,2017-09-03 08:38:24,2017-09-03 08:50:18,2017-09-14 21:43:34,2017-09-20 23:00:09,2017-09-21 00:00:00
a5f8c36187658cd37c05515c06cdd941,119725bec6861ddc5104cf752a096e14,delivered,2018-08-02 21:23:50,2018-08-02 22:15:27,2018-08-06 16:46:00,2018-08-10 02:37:35,2018-08-07 00:00:00
59448c2e076491032bae1cb956f03ceb,065c7937ffd166df6521e1008403ffd0,delivered,2017-07-11 11:28:31,2017-07-11 11:45:20,2017-07-13 16:13:31,2017-07-18 02:37:29,2017-07-26 00:00:00
8cf11d602132cbba5e8cda3631ad5552,969f82ea6c0e993d213d162a61e53fa0,delivered,2017-11-18 13:16:48,2017-11-18 13:30:42,2017-11-22 19:52:08,2017-11-25 14:12:07,2017-12-01 00:00:00
88912e0bd143e89f4002fdbc3114587a,44f010e6ff5ff2aea3e6c823937c8008,delivered,2018-02-28 09:57:14,2018-02-28 10:40:59,2018-03-02 19:06:52,2018-03-05 16:34:52,2018-03-13 00:00:00
b8615aa7e6248212cab23e120279acf2,d18cd4e15b74421f0bedb7bc0db2ed2c,delivered,2018-06-07 21:49:18,2018-06-07 22:16:14,2018-06-08 14:40:00,2018-06-15 13:57:38,2018-07-13 00:00:00
903b9800ae4c27c2f80b83ea286fb0f8,ae20fd4e52e319ebabb9b44f48ba2c8e,delivered,2018-02-04 18:11:58,2018-02-04 18:29:48,2018-02-06 12:59:03,2018-02-09 15:26:09,2018-03-01 00:00:00
2f5112688e80d5d79344cac900d6bd0b,880f0ba5c07d5b9d97c38814323106d7,delivered,2018-07-19 13:03:38,2018-07-19 13:10:22,2018-07-20 13:05:00,2018-07-27 17:49:09,2018-08-22 00:00:00
5d4c85dc3fb9109333a5a7ef8fe717a4,016025d2b068f90498479376f9bfcca1,delivered,2017-09-29 13:19:51,2017-09-29 13:35:18,2017-10-04 21:17:39,2017-10-11 20:37:37,2017-10-24 00:00:00
ee8dfce1f9bd464688d3b8906b0a4c12,cb07e9c35f7a2f69616e3f98e53b4378,delivered,2018-03-20 21:48:22,2018-03-20 22:09:01,2018-03-21 19:29:30,2018-03-27 20:13:03,2018-04-06 00:00:00
21357c1f6313b781c9807522f57746cd,d386575005b06f165208d28d5fd7d344,delivered,2017-02-01 14:51:46,2017-02-01 15:05:38,2017-02-02 13:04:04,2017-02-07 11:15:01,2017-03-14 00:00:00
3b5351f5f99b46339212291661a9d226,4bd2a8ab135a7efb34b245717953ea6f,delivered,2018-03-23 08:27:52,2018-03-23 08:48:18,2018-03-23 19:34:40,2018-04-09 21:38:32,2018-04-18 00:00:00
37bb98f8367819c8871f98ab9aec4a92,dc4a85da9528dc8e58af9018f915b458,delivered,2017-08-28 14:33:14,2017-08-28 14:50:19,2017-08-29 15:53:29,2017-09-06 21:27:39,2017-09-20 00:00:00
01c156f67900e1f33d1234ce92cb18d9,3a8737f68201688c1513bf3fbdbcf631,delivered,2018-08-03 17:40:27,2018-08-03 17:50:18,2018-08-13 09:24:00,2018-08-17 13:21:59,2018-09-12 00:00:00
50a6fb3fc2465d6d820f5a569be4d566,06feba89747b8e9e2a482ca08e3b1c3b,delivered,2017-12-28 16:22:35,2017-12-28 17:29:45,2018-01-04 13:10:55,2018-01-15 16:05:27,2018-01-29 00:00:00
9c64b3536fb98572dd79bdaaab529f2f,ce667e4b89cd1137f40a8d799354b674,delivered,2018-08-09 11:22:34,2018-08-09 14:26:11,2018-08-10 13:04:00,2018-08-21 14:59:35,2018-08-22 00:00:00
7159e54dc429b82335398dcb355162f1,31bb23e87b9ced322c87a42677a4723a,delivered,2017-08-21 22:28:57,2017-08-21 22:45:31,2017-08-23 13:45:17,2017-08-28 18:45:04,2017-09-04 00:00:00
ef1003827eb818ccc2c41557e21b2aec,9171fc7bb0bc22de2b0af3699b125e11,delivered,2017-09-17 18:00:05,2017-09-19 04:06:14,2017-09-19 15:44:14,2017-09-22 20:25:49,2017-10-04 00:00:00
37e90cb2d9e287bd9333dfc45fbe4d2a,9e96cc167f107914dff240045ec850c8,delivered,2018-06-02 11:14:30,2018-06-05 04:31:03,2018-06-08 14:03:00,2018-06-12 13:54:41,2018-07-05 00:00:00
e0d2a8f85504cc90d52a2ca9a8e64f28,92bb62cc05b986e591f8c0c3dc76f844,delivered,2018-02-13 10:44:31,2018-02-13 11:06:59,2018-02-23 03:49:40,2018-03-10 17:58:43,2018-03-01 00:00:00
39045a22da5b2bdb795d2c53325bcd48,eb2cb9509bff6804f265905b5e9462c2,delivered,2017-03-10 22:43:47,2017-03-10 22:43:47,2017-03-13 12:13:30,2017-03-21 08:45:03,2017-04-07 00:00:00
ada302d82697f51b2373ac6da3131588,4fc5d73f2c72dc2ac18093c49be73a6a,delivered,2018-04-21 18:35:38,2018-04-24 18:21:31,2018-04-24 23:48:40,2018-05-28 17:23:05,2018-05-24 00:00:00
4b6d65eba5c9f94bda2a9874ab2f640f,be63b7813960daa0f3b2a094da8799d6,delivered,2017-09-28 20:08:41,2017-09-28 20:24:57,2017-09-29 19:24:58,2017-10-03 21:39:56,2017-10-16 00:00:00
8af6d93e9fcfcf7b686b0cf6d0d84239,ce189ff73aed087ab7393da0c12fa5d5,delivered,2018-07-21 20:26:41,2018-07-21 20:35:14,2018-07-23 22:24:00,2018-07-24 17:26:46,2018-08-02 00:00:00
10b26ae59835a2a63aa53e2da4ebefa9,ee5e2b6de40de307606e7b4941522281,shipped,2017-05-05 23:41:13,2017-05-05 23:50:14,2017-05-10 09:16:59,,2017-06-06 00:00:00
6120dca54b9adfd072f8fd9574161063,5744920f3a64d20c68264c46e5222276,delivered,2017-03-03 10:45:26,2017-03-07 04:10:25,2017-03-08 09:43:53,2017-03-13 13:34:37,2017-03-24 00:00:00
092ae6b690ac68b7ced1f67eaf5e37ff,3d980d06fcdf515c0b84481a74973986,delivered,2017-10-10 20:07:44,2017-10-11 12:56:27,2017-10-13 21:09:05,2017-10-27 18:56:37,2017-11-03 00:00:00
e61fcab8b96de0335adf7fd562ebb869,75e24b01d5409e9dad63427695e0ed0d,delivered,2018-06-13 09:39:17,2018-06-13 09:56:57,2018-06-21 09:02:00,2018-06-28 19:51:31,2018-07-05 00:00:00
0dc561ba424a8d639e1d4d7840c530c0,6cb3b8343477d519232f9c92bd2e6787,delivered,2017-11-06 16:59:28,2017-11-07 07:30:33,2017-11-07 15:42:08,2017-11-14 20:38:56,2017-11-29 00:00:00
5e2150868494c26407f39ac03c5de246,988440a77f06ef4a5885c7dd31833bf4,delivered,2017-12-19 09:33:24,2017-12-19 10:31:59,2017-12-20 19:52:06,2017-12-22 00:22:16,2018-01-08 00:00:00
cc4dc2d6667cba8c386c69eb4f76f0c3,4b56a0ddb5f1d77d435869636216210f,delivered,2017-03-16 13:08:05,2017-03-16 13:08:05,2017-03-20 10:53:08,2017-04-04 15:13:17,2017-04-19 00:00:00
bc9c2fb123725ad0d99fb76888543245,cfdde87e6da2810b6f71c86ca4a6647d,delivered,2018-06-13 15:04:36,2018-06-14 10:20:05,2018-08-02 14:16:00,2018-08-08 00:56:38,2018-07-24 00:00:00
c4644f8b9bfad66c5105dbfa8f74b65b,1e45cc438a2b5db671bdbc26caa232b3,delivered,2017-11-09 11:19:34,2017-11-09 11:31:06,2017-11-09 18:38:44,2017-11-17 21:52:57,2017-12-05 00:00:00
4247005e8db73363a92a6183698279e5,d904879012dbcdbce7526af1b341abd4,delivered,2018-02-05 23:05:18,2018-02-05 23:15:37,2018-02-06 23:23:51,2018-02-14 19:06:44,2018-03-05 00:00:00
5f2a70479467ace7fca14db6d059eea1,979ab3ae715ce2f980394580ddaab197,delivered,2017-08-28 11:44:24,2017-08-28 11:55:14,2017-08-28 21:19:51,2017-08-31 22:41:51,2017-09-15 00:00:00
2b2b7a9693cc4ebba06693c88e6989d4,2ed90ffb1b6c71daacbd9acd0cbb79b3,delivered,2017-02-08 07:47:47,2017-02-09 02:55:44,2017-02-10 09:48:37,2017-02-21 11:43:48,2017-03-21 00:00:00
34797e815a679fdaea88d3aa30dbf46c,2ada6f578b24b6034e1658a3ad15a4c2,delivered,2017-08-08 19:38:41,2017-08-08 19:50:15,2017-08-10 18:15:48,2017-08-18 12:46:35,2017-09-05 00:00:00
a56600c329635ec16de77fc6b2ed8ed5,db1fe2ae7820e9233b572700af9930b2,delivered,2018-03-15 16:24:11,2018-03-15 16:35:36,2018-03-22 21:33:47,2018-03-24 08:16:31,2018-03-27 00:00:00
92cac19c19596022d13902b2908896ac,0e428c743cae9f960517faed86fe7a0e,delivered,2018-02-05 17:32:12,2018-02-05 17:50:06,2018-02-06 21:03:38,2018-02-17 13:07:22,2018-03-06 00:00:00
89124696e3e799665a6b844c18325cf5,ec3bd935ef79fff4a1a5946347cf8e90,delivered,2018-04-03 15:29:57,2018-04-03 17:10:15,2018-04-04 19:48:44,2018-04-21 11:08:37,2018-04-27 00:00:00
b1600c1915c18f85050002d08b6274a3,340ca5d6edd1acd5f533cab61ac899f7,delivered,2018-05-12 06:33:05,2018-05-12 06:51:20,2018-05-14 06:05:00,2018-05-22 21:14:42,2018-06-07 00:00:00
1fed99a98b731643b3b81a56f08b4bfa,2437ed5f9121586c4399bce8f264e2e3,delivered,2018-07-08 18:13:14,2018-07-10 04:45:04,2018-07-10 13:55:00,2018-07-25 13:41:55,2018-08-03 00:00:00
3772c863e089768339269d261fadb421,6353fd2dcf4fd1323b0152156c37f4ef,delivered,2017-09-20 10:08:32,2017-09-21 10:26:11,2017-09-21 16:17:13,2017-10-03 21:23:59,2017-10-13 00:00:00
91d6d5752d41b6d8cbd20d30b7750459,57480b49909e35924da64989ac4f42bf,delivered,2017-08-06 10:29:08,2017-08-06 10:43:04,2017-08-08 21:05:41,2017-08-22 18:13:14,2017-08-29 00:00:00
866854be801db6f81ba03727c03615ed,1be6b7bf6e6dbf197e6018642ee2948b,delivered,2018-03-01 22:12:11,2018-03-03 02:51:34,2018-03-06 23:37:25,2018-04-09 17:41:59,2018-03-23 00:00:00
5071a087edad1389b255966ad38d6beb,2440a337424eeaebcd57c183f71287ab,delivered,2018-04-03 15:03:48,2018-04-03 17:10:28,2018-04-04 21:33:04,2018-04-09 20:51:36,2018-04-23 00:00:00
9bb1e0c9520585d21de5e8246f1663da,8d5d27b24515ac48a8886efb3e7006f0,delivered,2018-07-27 11:53:43,2018-07-27 12:40:06,2018-07-30 14:03:00,2018-08-02 23:56:40,2018-08-13 00:00:00
9a1608e06e7944465b6edfeca5d2ce7b,0f4680c4ae80eb5eb7a6aa6c436c840c,delivered,2017-09-14 12:32:50,2017-09-15 02:25:46,2017-09-15 20:52:23,2017-09-19 19:12:11,2017-09-26 00:00:00
1f48aeb449520a42d9d2e7e1783e5a55,564f0d69cba2da3f21f9017402d0dc06,delivered,2018-03-10 12:23:32,2018-03-10 12:30:35,2018-03-12 21:21:50,2018-03-15 23:48:41,2018-03-22 00:00:00
dd2af5e0a6f90f0641a196205bd16a1d,0e2878d61dd863e8248ad17dd98208a4,delivered,2018-03-29 16:15:11,2018-03-29 16:35:38,2018-04-03 15:56:41,2018-04-05 19:22:24,2018-04-11 00:00:00
dc35c2c8b79ef8d3bd5f7e67ebc94051,aa0d80b41be425e96ce61d7342d2a871,delivered,2018-06-08 15:49:27,2018-06-08 19:31:05,2018-06-11 11:18:00,2018-06-27 17:28:51,2018-07-03 00:00:00
e5aa5f4a57e17b84c24cd5d71905ebec,d183e2da606badf83bdc025a9030dd2d,delivered,2017-10-06 13:11:31,2017-10-06 13:24:31,2017-10-09 18:46:14,2017-10-20 21:55:20,2017-11-07 00:00:00
13831f5b4e64bcef58f4a1b4cc8748d4,53b477738eb3cef69bad14219f08ae6a,delivered,2018-06-24 13:41:54,2018-06-24 17:18:17,2018-06-26 15:16:00,2018-07-03 22:51:35,2018-07-23 00:00:00
e0578c04575c73456bf9891ae5db8c5a,8af238f91c4c0285f2b1179ebe3b8a45,delivered,2018-02-15 17:57:12,2018-02-15 18:10:31,2018-02-21 18:09:24,2018-03-02 21:28:48,2018-03-16 00:00:00
17df2cc060680fc1712991499b645cd2,4f1d87556cc2fdaee491b0cb9e05f155,delivered,2017-05-01 18:58:53,2017-05-01 19:05:17,2017-05-02 11:38:56,2017-05-09 20:57:44,2017-05-23 00:00:00
49ed07bff8d01accb7ead0923ee6d91d,79a0a48f090029fdb61ab96f1c7127b0,delivered,2018-06-04 13:25:25,2018-06-04 13:51:36,2018-06-04 13:27:00,2018-06-13 23:51:54,2018-07-20 00:00:00
6673a474ff268f074301ad3a47143765,da13d09c1f518e44de59f89ac25a48a1,delivered,2017-08-27 22:30:06,2017-08-27 22:45:06,2017-08-28 13:43:04,2017-09-05 18:24:04,2017-09-22 00:00:00
347f64f7117e953b9940c2e7cde190ba,d8926bd0921d716257b1879e8d4264ee,delivered,2018-03-02 21:29:29,2018-03-02 21:35:24,2018-03-06 17:54:24,2018-03-07 20:34:43,2018-03-14 00:00:00
c3fca467556ab95b1ac889ba3320b6e4,9c0636b7e25cf145b5815454d333e57f,delivered,2017-12-27 19:56:29,2017-12-27 20:07:25,2017-12-28 21:56:00,2018-01-06 01:25:17,2018-01-23 00:00:00
0098dbda25722a3f019fe252a0cd10b3,6ecb390e8056057a25a1b49c37206958,delivered,2017-09-19 18:05:34,2017-09-21 02:45:37,2017-09-22 14:18:53,2017-10-02 18:06:44,2017-10-11 00:00:00
0877034e4780ed6345f93f2c0e0d48ec,e3e78349eb9adb90eb3168e8bc30d029,delivered,2018-05-14 09:11:00,2018-05-14 09:32:22,2018-05-16 08:14:00,2018-05-22 20:22:10,2018-06-14 00:00:00
72ff1979d455cff2167fc2b48410118b,5df3deacf869d5d2099cf1e621df7073,delivered,2018-06-17 21:59:24,2018-06-17 22:19:03,2018-06-18 16:20:00,2018-06-20 16:58:44,2018-07-04 00:00:00
b8d23755d712f3990ab73d755d1d8cc6,6757b444241f1c6cf395f850f975fb52,delivered,2018-05-14 20:34:13,2018-05-15 20:33:27,2018-05-18 12:24:00,2018-05-22 12:53:08,2018-05-29 00:00:00
9dbaf3879dfddfc43171aaf9a9c0a82a,a36b51ac1817af488ecb95f6e8247cfb,delivered,2017-09-06 22:07:43,2017-09-09 05:15:59,2017-09-11 15:05:48,2017-09-12 12:19:11,2017-09-19 00:00:00
58e7140d9d368a70076dc999a7a7bf85,1a109d4469445a83961ebca889bc418c,delivered,2017-11-17 10:26:28,2017-11-22 02:58:37,2017-11-24 16:58:37,2017-11-27 13:06:14,2017-11-30 00:00:00
1c3a0c1d7e9d92523cfe3bfad809a439,730bc94d728719b06600f19d84e92584,delivered,2018-03-11 11:11:51,2018-03-11 12:09:59,2018-03-12 17:16:54,2018-03-28 22:12:56,2018-04-06 00:00:00
d2f43762a6f922b1bb1cc34a9563ad28,6095d10fab2c63413029ac0a1aa7c7d0,delivered,2017-09-09 08:26:26,2017-09-09 08:43:18,2017-09-11 14:09:28,2017-09-18 21:07:00,2017-10-04 00:00:00
22506d7db905f102e4049dfb41b969e3,8554edc6506352628829dc43454308f9,delivered,2018-01-08 16:44:57,2018-01-08 16:54:51,2018-01-09 16:25:24,2018-01-23 11:38:57,2018-02-05 00:00:00
5aa679d2c208fcb3b9f320f430345439,88b566aedeab6f04bb3e215db9ac9789,delivered,2017-06-18 21:01:07,2017-06-18 21:10:16,2017-06-22 14:53:58,2017-06-29 15:57:50,2017-07-11 00:00:00
39aeb187a9843573928fbb6d46181158,6530e623753f65cf28a4f0a5e289a600,delivered,2017-02-24 09:13:49,2017-02-24 09:22:24,2017-03-01 11:14:49,2017-03-03 11:13:41,2017-03-17 00:00:00
57e28ab5d639eeed2e739f7550fc7061,4e87e8db750b7abfc7b4835d0b1b2e5f,delivered,2018-05-19 16:18:48,2018-05-19 16:32:11,2018-05-21 14:52:00,2018-05-25 17:22:53,2018-06-06 00:00:00
6c70322204e946ff9b1bb988b305bc9c,3dbfa5555d41c7d7b407ef940e8f81e0,delivered,2018-05-04 23:31:40,2018-05-04 23:50:21,2018-05-07 14:01:00,2018-05-11 16:34:28,2018-05-25 00:00:00
4155cce59e4c6284e17f9143818b2906,9d098d2af436a0531e84635ee48f79e0,delivered,2018-08-15 21:08:32,2018-08-15 21:23:53,2018-08-23 14:23:00,2018-08-28 02:32:46,2018-09-03 00:00:00
3276afbd4fd6d9c1909717750fd3135e,f0d2b8ae25840fa9bc09e6a4288dea1e,delivered,2018-07-02 20:34:51,2018-07-02 20:50:17,2018-07-03 14:35:00,2018-07-09 18:46:37,2018-08-07 00:00:00
29ba75517c9ad2e541a05d0d3098dcd9,830098c74c4cb8d01c7eabbf10dbc76e,delivered,2018-02-27 16:17:02,2018-02-27 16:35:33,2018-02-28 19:51:33,2018-03-10 02:36:42,2018-03-20 00:00:00
3e8b6a918b978e2d97d2b3d2bb8f3b0b,c88c8e13b0c9229bfe8dce3f4daf504c,delivered,2018-04-29 10:56:37,2018-04-29 11:12:09,2018-05-02 14:33:00,2018-05-03 14:03:48,2018-05-18 00:00:00
06a77bcbebf5a85ba493f627e03980d6,c057b961b955945b62926b5feefaf070,delivered,2017-03-27 19:57:16,2017-03-27 20:05:39,2017-03-29 16:14:10,2017-04-07 15:42:31,2017-04-20 00:00:00
2e84df8fa5a2f0d5eab815d6c157b1f3,3b437bb9a2bdf74dc640da169e25a15b,delivered,2017-10-03 11:27:21,2017-10-04 11:40:21,2017-10-09 20:03:02,2017-10-24 10:38:37,2017-10-31 00:00:00
8574762135a91d4e44956dadbaacdd0c,ddd9ba384339304e7542dc13472cf7e9,delivered,2017-11-25 23:41:06,2017-11-25 23:50:29,2017-11-28 16:26:48,2017-12-09 13:18:54,2017-12-20 00:00:00
26ab105de6689a556ce3ab6932ee68e6,08ad76732d8c6428ac2fb9eea89ff342,delivered,2017-07-19 20:42:33,2017-07-19 20:55:09,2017-07-21 17:15:57,2017-07-24 20:42:49,2017-08-03 00:00:00
935c598f148a1706f87758194986b467,46bd97dc0dc3f7855d08dedf83367c76,delivered,2018-08-09 15:16:42,2018-08-09 17:24:49,2018-08-10 14:06:00,2018-08-20 20:48:46,2018-08-30 00:00:00
89d7caced0290837749c7a193da64478,d928fea3a166e8e35773f624c6c0acd5,delivered,2017-10-17 12:09:20,2017-10-17 12:30:12,2017-10-18 15:18:12,2017-10-26 17:56:39,2017-11-07 00:00:00
54afcb850639d95181bf3ee674f97c25,4919bff1d1c1d952eb806540d6a7d84c,delivered,2017-11-12 09:43:54,2017-11-12 09:55:30,2017-11-13 15:48:36,2017-11-21 20:10:08,2017-12-06 00:00:00
a732b8bd0437cccab9e945143ad0a775,d028416eafe3235c4d5816bf2203d27f,delivered,2017-10-23 15:35:33,2017-10-24 06:33:48,2017-10-24 19:42:29,2017-10-26 23:09:06,2017-11-03 00:00:00
f97bbed1ebd38ac39d7335b1ff49ab71,ba17aeb7e3c84810f9775b2ab1a3bf95,delivered,2017-07-31 08:08:14,2017-08-04 11:32:02,2017-08-07 18:43:57,2017-08-14 12:36:53,2017-08-22 00:00:00
dff4aec71a91a941a8b9d10f25c52cb4,6873745026477221e7f21405c21ffc01,delivered,2018-03-11 21:03:00,2018-03-11 21:10:34,2018-03-12 18:44:36,2018-03-29 18:03:20,2018-04-05 00:00:00
07711b948fc93b9294d8b5832d0f0a83,65f05162299b92d62d60d74b830dcc97,delivered,2018-02-15 12:21:20,2018-02-16 07:55:43,2018-02-20 01:08:11,2018-02-26 12:26:38,2018-03-12 00:00:00
a5c89a2b81869ebc3877b6a27a2892ca,78350701408e7391868458cfe89929db,delivered,2017-12-15 11:49:34,2017-12-15 11:58:25,2017-12-15 22:34:21,2017-12-28 17:12:58,2018-01-11 00:00:00
9f699b61466717356c395dfd79ec616e,90e8a15802c871cf927f0b4ce81e0947,delivered,2018-01-04 01:49:03,2018-01-04 04:55:29,2018-01-09 22:34:41,2018-01-11 20:34:09,2018-01-22 00:00:00
8fba9dc7c5f7b23ea9de62eba08dcfdf,4728e6e5731f670d79340da21b2e86d5,delivered,2018-05-31 20:15:27,2018-05-31 20:33:09,2018-06-04 13:42:00,2018-06-08 19:32:43,2018-07-04 00:00:00
a8f00328470170750a47056654893c08,f66c6c329416cc3e040dc0473cdb72a6,delivered,2017-07-08 11:58:18,2017-07-08 12:10:16,2017-07-10 18:31:57,2017-07-17 14:34:57,2017-08-01 00:00:00
1cf93eead4feac27cca0e9f08bc489a9,392255645b4374138db8341ef76a8de7,delivered,2017-11-10 20:03:05,2017-11-11 02:46:33,2017-11-14 17:27:33,2017-11-21 19:54:57,2017-11-24 00:00:00
cbfc44c5abbea29cf520df0f68a402d3,cc11a11d221f1461bf5d830a37e858dd,delivered,2017-09-27 14:51:02,2017-09-27 15:07:27,2017-09-28 20:12:23,2017-10-17 19:23:45,2017-10-26 00:00:00
958261a4492225848848d654759efa34,2125848757091180062121a8f622c44e,delivered,2017-07-12 17:40:52,2017-07-14 02:25:39,2017-07-14 13:33:28,2017-09-02 12:07:59,2017-08-07 00:00:00
41f22b2d038d74435fc732746de406d3,985047c40a948e9eaf3351f82f2b176e,delivered,2017-06-20 20:40:27,2017-06-20 20:50:23,2017-06-23 09:19:46,2017-06-29 15:35:37,2017-07-13 00:00:00
da6d090f46627439b85ff58686e17188,d8607ecca170f7c86ab6d37b1c2b9219,delivered,2017-11-03 17:44:50,2017-11-03 18:30:37,2017-11-07 22:07:00,2017-11-20 21:51:38,2017-11-29 00:00:00
dd85a2e16f897db080450d64a4a67628,2e340660b01e331114a2a9fa97851bf0,delivered,2018-08-01 13:56:24,2018-08-01 14:05:16,2018-08-03 10:01:00,2018-08-08 21:58:34,2018-08-27 00:00:00
b5d3a4b81af25c152a2b6938ed054942,1b866cf3a2f6c85e99d9b07c73951689,delivered,2018-04-24 10:47:56,2018-04-24 18:37:27,2018-04-24 22:54:20,2018-05-02 23:03:37,2018-05-22 00:00:00
aef435f2f2eacf2953e3f43710f594b8,5077fb20d8634ca6f8e48bec6d8b70df,delivered,2017-11-09 20:41:12,2017-11-09 20:56:00,2017-11-14 22:37:43,2017-11-20 14:14:30,2017-11-29 00:00:00
e160d11c70cf606ed89a6700da4e3454,7544e9c2b30e2b6541ba16b664011faf,delivered,2017-10-01 19:01:48,2017-10-01 19:14:15,2017-10-02 20:52:44,2017-10-10 13:37:49,2017-10-24 00:00:00
381e1d8755e821c57966725a4c690059,34a277f1b600dd8f5e95468cb8a10ce9,delivered,2017-04-01 13:38:23,2017-04-04 05:50:37,2017-04-05 14:34:29,2017-04-20 16:40:18,2017-05-03 00:00:00
8d2e2f8961edaf0d8c1af2217a872726,6bf466d8e7a502ba184f45d1977ce33e,delivered,2017-11-28 00:34:52,2017-11-28 01:36:26,2017-11-30 22:51:21,2017-12-27 21:42:13,2017-12-18 00:00:00
8b6746478f6b44e7b76097d1c2f4dbe6,82e75091956ca96dc8d1325295733386,delivered,2018-07-30 22:09:45,2018-07-30 22:44:16,2018-07-31 19:50:00,2018-08-01 23:55:45,2018-08-07 00:00:00
66a5d2a60170025d375d4540efed4e62,865faa061fe0302e8f2970479d04c3f1,delivered,2018-01-13 13:16:40,2018-01-13 13:29:27,2018-01-15 19:03:45,2018-01-24 23:41:28,2018-02-06 00:00:00
2901c587ddc2733afdf68e81b98d2c0f,f8632d63578cbb03bf05ac11ece8b238,delivered,2017-05-07 13:17:56,2017-05-08 13:10:20,2017-05-08 15:36:38,2017-05-18 14:57:38,2017-06-14 00:00:00
ec68d155d466ea0d763c7ae6b1f7b360,e760ef426201641ca25882152731d585,delivered,2017-09-19 23:40:58,2017-09-20 00:46:24,2017-09-20 18:05:52,2017-09-23 11:22:27,2017-10-05 00:00:00
726cc933b16bb8f0bda435963814e887,644f2701d0e0045679a3c1d38d8bd55c,delivered,2018-04-15 21:57:36,2018-04-15 22:12:01,2018-04-16 20:33:09,2018-04-23 20:14:53,2018-05-14 00:00:00
530e59f0f148ec0029b49a2cbc1ce2ce,af350704fe4d751c68a13bc1b3f7c67a,delivered,2017-02-14 20:57:52,2017-02-14 21:10:10,2017-02-15 16:15:29,2017-02-17 13:42:06,2017-03-13 00:00:00
c34abe4602727e23f7a3c265646d35ea,c0648371bbdd68b4b0b337d8f88885b4,delivered,2018-07-30 17:25:37,2018-07-30 19:31:59,2018-07-31 16:07:00,2018-08-01 20:02:03,2018-08-03 00:00:00
7dfc0c4ee8e0efa633fe97c0409da2ea,2595d4fb8660dcb8cbb4e78b0a8f40ce,delivered,2017-11-24 14:05:22,2017-11-24 16:14:34,2017-11-30 22:48:38,2017-12-20 21:10:29,2017-12-18 00:00:00
db17cc060cb420c7dbea80f797f010ae,39f3cc584d0f9352ad69561b60cc89de,delivered,2018-07-01 13:03:50,2018-07-05 16:02:39,2018-07-05 14:32:00,2018-07-11 00:32:11,2018-07-25 00:00:00
8661d034c37aca81ad2a118217c354bb,cb1d0195fb95cef5d3227a964c936f8d,delivered,2018-07-30 01:03:18,2018-07-30 01:15:08,2018-07-31 12:30:00,2018-08-01 15:06:32,2018-08-13 00:00:00
d3b7594cc1a07125979df784dbec5c5e,5480e407b32d927bc0df17224470f889,delivered,2018-07-30 17:38:07,2018-07-30 18:31:06,2018-08-14 14:32:00,2018-08-15 20:56:34,2018-08-03 00:00:00
cf0279ca08c3174b3d12ac64091f859a,4dbc3878aa327e629769b79bfa465bd5,delivered,2018-03-01 08:47:19,2018-03-01 09:09:16,2018-03-02 00:04:10,2018-03-11 12:38:27,2018-03-20 00:00:00
aa98499b630b3786439f705c72a74552,9f102e6f6cb706fd6d34f95050a312d6,delivered,2018-01-31 23:14:12,2018-02-01 02:35:32,2018-02-02 01:32:11,2018-02-19 17:27:02,2018-03-06 00:00:00
2d6e7665b6e34b4c1531c9e06517b1f9,8133147c1bfe4c00340064eaa286d0b7,delivered,2017-12-04 16:28:25,2017-12-04 17:32:13,2017-12-07 22:37:07,2017-12-20 00:35:31,2017-12-27 00:00:00
3832c983d516d747e824818b16728006,088cf7b06af8d510c1280cc95ec3754b,delivered,2018-05-17 16:41:07,2018-05-19 03:12:46,2018-05-21 13:15:00,2018-06-09 12:32:34,2018-06-08 00:00:00
0257956857cf61994611a0a19f4bc247,bc54fa7f1166c358a2053f680ebb2ac9,delivered,2017-10-16 20:29:14,2017-10-16 20:49:09,2017-10-17 15:53:55,2017-10-24 14:34:44,2017-11-10 00:00:00
5ebe02af15e05f5558687283e799cb9b,2065bc3834225f512066523cbe850d26,delivered,2017-02-19 14:41:38,2017-02-19 14:50:55,2017-02-21 12:21:42,2017-03-02 16:42:10,2017-03-21 00:00:00
4bd03dd6a8e45ca2f88013cf71bd22f8,28010f664ab68f8a7a67b4d249f46291,delivered,2018-01-13 21:44:25,2018-01-16 03:34:48,2018-01-16 23:42:56,2018-01-25 16:12:16,2018-02-15 00:00:00
08edff712f0cd04883215bdb5b0d7c7f,230787cbf8da57cbd10d7c223cde6f1f,delivered,2016-10-08 13:54:03,2016-10-08 16:34:43,2016-10-12 16:34:44,2016-10-15 16:34:44,2016-11-30 00:00:00
bf4ad1a5f0eccfffdad0fa4efd493d2a,d990271a4a5aafef194d5cd0ea385bde,delivered,2017-12-30 17:49:20,2017-12-30 18:07:10,2018-01-05 00:43:52,2018-01-11 16:45:42,2018-01-24 00:00:00
a579c53c4adee6e93a6e48c8af61076d,f3a9dbc025b4143aa112f200912731cd,delivered,2018-02-26 08:51:17,2018-02-27 05:30:54,2018-03-02 17:28:55,2018-03-03 16:19:05,2018-03-13 00:00:00
ceffc136b56be2a9062d21d6b869a0a1,aae647d172ff2dc11ef066bd441e3bcd,delivered,2018-04-16 16:51:43,2018-04-16 18:14:57,2018-04-19 22:58:27,2018-04-24 22:19:12,2018-05-14 00:00:00
3660db6c1a7919853db1ef6f820a301e,605cfbc286f538c03e9f4c8ab66814a0,delivered,2017-12-14 09:48:36,2017-12-16 09:12:27,2017-12-18 23:17:20,2018-01-26 17:55:23,2018-01-10 00:00:00
4e8d225c6e153e6bcc6a160e4b687649,9c3dbbd6d3c8090df6b78ae9b2c0f6ce,delivered,2018-02-03 23:27:28,2018-02-03 23:49:34,2018-02-06 18:48:46,2018-02-08 00:52:11,2018-02-21 00:00:00
14fc11541ec454b0a370072e1e9f59a0,f873eea53c6efb9f7b57d7822b209e05,delivered,2018-02-08 10:50:20,2018-02-08 11:10:56,2018-02-08 23:25:04,2018-02-23 19:12:25,2018-03-14 00:00:00
2be8f3f9bfd6f4349d7c95dfaa619b21,eab78dd9dd163be36013d95fb82739a8,delivered,2018-07-22 22:04:24,2018-07-23 12:31:45,2018-07-24 12:35:00,2018-07-26 15:28:46,2018-08-03 00:00:00
b4c24344dd0972f479220d8479be6d34,8fdac518e736eec059a03fe727efd580,delivered,2017-02-02 09:23:41,2017-02-02 09:35:19,2017-02-03 17:09:05,2017-02-09 09:32:48,2017-03-01 00:00:00
b706405cf60251b5bc3c338db1418213,1872973af533906c6aa02988b965a676,delivered,2017-05-03 12:57:41,2017-05-04 10:30:28,2017-05-15 20:19:37,2017-05-25 12:14:46,2017-06-02 00:00:00
419c1fa500ceff6a8d5ee78cf19d2a6d,97aa9c5cc26befddd36f8a548e8ba0f0,delivered,2017-05-09 15:22:24,2017-05-09 15:30:24,2017-05-09 15:58:15,2017-05-16 23:57:18,2017-05-29 00:00:00
a9c199030066f7ca5241ce61d8eae23d,6a60270a2f63b9979e44f9e9519f40cb,delivered,2017-12-05 08:47:08,2017-12-05 11:03:41,2017-12-06 00:14:51,2017-12-07 20:33:39,2017-12-28 00:00:00
6bdd13c1e2758ecdfa89cf84fef532bd,b7241639a8593842c9d76ded4e2ee372,delivered,2018-07-30 10:29:46,2018-07-30 10:45:00,2018-08-02 12:52:00,2018-08-09 01:28:47,2018-08-07 00:00:00
e9a0ea38c9ccce5af1c178330ebdf3b3,b29bd54e3f696b788f8473826a68be4e,delivered,2017-11-21 19:54:27,2017-11-21 20:07:11,2017-11-22 19:10:00,2017-11-30 19:33:03,2017-12-07 00:00:00
fadb404d8fd1514e9ae53780ca9bab75,6a06ba0de1437770f6b5709314369ce5,delivered,2017-04-25 09:29:07,2017-04-25 09:42:15,2017-04-25 10:38:51,2017-05-04 16:42:46,2017-05-16 00:00:00
d1c8a4c31e8c7baecf7db50c988e5527,d29bf63857a4ba09729fdea095e6da9a,delivered,2018-07-23 09:31:16,2018-07-23 12:31:54,2018-08-07 14:04:00,2018-08-17 19:06:48,2018-08-17 00:00:00
c55cdae2f69a79de4fe44a6437391c64,77d32b8bff18dd1b1db49c6a11fe658c,delivered,2017-07-24 21:26:02,2017-07-24 21:35:17,2017-07-26 09:45:56,2017-07-26 14:25:39,2017-08-04 00:00:00
f8ba6b81969b53758b46333b85537e89,0cb10e3c2af21e14547d1bfda472a2fa,delivered,2018-05-15 10:46:28,2018-05-15 11:14:36,2018-05-15 13:34:00,2018-05-21 18:08:31,2018-05-30 00:00:00
96cf8493c8ad7d974bfd60128baff467,e174586749a453ebfddf5afd5cecde87,delivered,2018-01-09 08:50:14,2018-01-09 09:08:31,2018-01-10 12:26:11,2018-01-16 21:49:12,2018-02-01 00:00:00
9d8ad56c218b4b9bd6ece578c91c2321,5da5779c14e22cdcfed01160d6165476,delivered,2018-07-20 22:25:11,2018-07-20 22:43:53,2018-07-25 12:08:00,2018-07-26 14:46:36,2018-08-02 00:00:00
07adb4d17fca01935d0590d775e9569f,2f4bea643782bf139a849858c4a30e86,delivered,2017-05-21 08:00:01,2017-05-23 03:45:22,2017-05-30 11:23:49,2017-06-05 14:00:02,2017-06-16 00:00:00
2430ed6f30289e7500af6662d22f14c1,a5721a359e975fa760eed74e21cc4bc1,delivered,2017-11-07 18:29:08,2017-11-07 18:46:36,2017-11-10 18:26:55,2017-11-23 19:12:06,2017-11-30 00:00:00
f9987d1807253fd86a6152d06bcc46a3,8534c8da1681eadb3523f889c78faa7d,delivered,2018-02-13 11:14:11,2018-02-13 12:26:57,2018-02-16 01:37:06,2018-02-26 21:04:46,2018-03-12 00:00:00
17f70d10c2acd50864b5dae4885894b5,bbc82b85b6867ca7bf1380c64f8447b9,delivered,2017-01-25 09:12:10,2017-01-25 09:22:27,2017-02-06 11:54:31,2017-02-14 11:14:54,2017-02-22 00:00:00
cfe4b206b7a8acf6ca84fb710d61f968,cc90501463fbb7bfd6a2e2687fefeb6a,delivered,2018-05-14 16:51:25,2018-05-14 17:18:52,2018-05-15 11:33:00,2018-05-18 18:31:13,2018-05-30 00:00:00
bd4ce88d696959198a72416bd32be0ca,d7e3800d834c7a104b669979e90b12d6,delivered,2018-01-04 09:15:20,2018-01-04 09:28:38,2018-01-05 01:43:40,2018-01-15 20:12:01,2018-01-30 00:00:00
2185076f7b4b543d3e791e2915db9abf,16449d795cd6755fe9fa40f758542da3,delivered,2018-05-09 07:35:06,2018-05-09 07:52:02,2018-05-15 15:38:00,2018-05-21 22:58:22,2018-05-28 00:00:00
5ddfb982c9a99a9702ef69513b2b3c57,da3a3394fe2d2e66e03a362996c4207d,delivered,2017-09-12 22:59:04,2017-09-13 21:45:15,2017-09-14 19:24:55,2017-09-21 19:38:00,2017-09-28 00:00:00
1e535b580b9c6e2e359da6d6202cbaac,13c64c249f9bb07ec019303bee51bbe9,delivered,2018-04-25 00:38:39,2018-04-27 03:10:32,2018-05-11 12:38:00,2018-05-17 11:03:53,2018-05-28 00:00:00
81b6015857004cedcfbc04ae95d7bfe5,e48db55564959abae4213119668090b8,invoiced,2018-03-10 09:52:29,2018-03-10 10:27:59,,,2018-03-28 00:00:00
40882c452ec4e7cc53c1a084173f79a5,04c615836bb9a3c93c57b2feb8b6e891,delivered,2017-10-19 11:42:22,2017-10-20 03:05:52,2017-10-20 20:42:09,2017-10-25 19:53:34,2017-11-08 00:00:00
61257b6e85787aa68052616d08656a24,0f0691e76cb1b43ed749218ecf0bda42,delivered,2018-01-12 10:21:33,2018-01-16 04:31:01,2018-01-16 21:26:32,2018-01-24 18:37:28,2018-02-08 00:00:00
4ec8686587a9b92422ae24861683958f,85656b4b0f9caf3178455f3abff2b142,delivered,2017-08-22 20:29:26,2017-08-22 20:45:52,2017-09-05 00:17:55,2017-09-12 19:42:46,2017-09-22 00:00:00
9d4e334ddde795cd4fbee24dc4b68cfe,63531fc8d878fe9a0ac4fd07a4d8a7b1,unavailable,2017-11-27 16:03:51,2017-11-29 16:22:32,,,2017-12-22 00:00:00
2bbd649e67b9a3708e563c6c08424bd8,57e517de95c05f0ea21bfe6d91e09f69,delivered,2017-04-24 14:37:49,2017-04-25 08:23:08,2017-04-27 05:04:40,2017-05-09 06:56:30,2017-05-11 00:00:00
76488d1a3fac0eda31bb3e5f9a31cc3a,8463f3149ad34f205ea17fd97caa66fd,delivered,2017-11-13 09:43:54,2017-11-14 04:16:07,2017-11-16 18:23:03,2017-12-21 15:54:41,2017-12-14 00:00:00
4fc44d78867142c627497b60a7e0228a,e494ff798e6549f9ba9747f00f5681c2,delivered,2018-07-04 20:34:57,2018-07-05 16:33:00,2018-07-05 15:55:00,2018-07-09 20:27:50,2018-07-23 00:00:00
4273d1dff20ccc8e3abbbb34e4a50b62,961d8f488fd6ef4865acedb34a9cecc4,delivered,2018-01-06 01:06:31,2018-01-06 01:15:29,2018-01-08 19:53:06,2018-01-16 12:42:44,2018-02-07 00:00:00
d342d7bad292d68d41d58ffb594cf431,64eb9409c29c87a0a90ee1e08ce05065,delivered,2018-04-23 09:55:46,2018-04-24 18:38:57,2018-04-24 18:32:41,2018-04-30 15:35:03,2018-05-15 00:00:00
93dacd550574d8a7b38362c2a6f040b8,b3390183a9a6422eff0ad8b0f17a6bec,delivered,2017-07-29 22:37:12,2017-07-29 22:50:12,2017-07-31 18:54:29,2017-08-04 19:52:21,2017-08-18 00:00:00
95b504e973b4c26f87861771fc0d31d1,9f92375d50ab60bcbfcf969aa156d455,delivered,2018-05-06 17:15:27,2018-05-07 09:13:43,2018-05-07 12:19:00,2018-05-19 01:21:24,2018-06-08 00:00:00
000229ec398224ef6ca0657da4fc703e,6489ae5e4333f3693df5ad4372dab6d3,delivered,2018-01-14 14:33:31,2018-01-14 14:48:30,2018-01-16 12:36:48,2018-01-22 13:19:16,2018-02-05 00:00:00
fd0ac58dfd0c4a3034ec2fe3e6200fce,d057d6f4efb78ec1c7e5f1b28f67493f,delivered,2018-02-27 22:18:18,2018-02-27 22:30:28,2018-03-02 01:41:53,2018-04-05 22:26:25,2018-03-21 00:00:00
05cdf90df5dcc062b68cd8b3803f6228,9ff742af578d72bce31bf2975d05ee87,delivered,2018-02-07 12:04:39,2018-02-07 12:31:11,2018-02-09 18:55:04,2018-02-19 18:49:16,2018-03-08 00:00:00
95d1a834e8bb4b9a9d0135c658fa9fd9,7c575b8659a41d814e8a76f4b91146fa,delivered,2018-04-01 20:02:29,2018-04-02 13:30:13,2018-04-04 18:28:40,2018-04-05 19:24:33,2018-04-12 00:00:00
fa612a1874826daa30fed5e3073b9d0d,b51db50e74624ee11ec905f6c8cb92c2,delivered,2018-02-23 07:23:09,2018-02-23 07:35:30,2018-02-27 15:13:08,2018-03-01 16:22:31,2018-03-15 00:00:00
c48ec7c034c645ae4c720e62205e993b,240f2bd361ee42f7570caf78cd615dc3,delivered,2017-11-27 12:29:25,2017-11-27 12:55:38,2017-11-27 20:38:35,2017-11-29 14:03:51,2017-12-11 00:00:00
c63f87e803b2bb102390ae4a77ece207,fd43cf6f5a149e13209556985159d216,delivered,2018-07-13 18:42:19,2018-07-13 19:20:11,2018-07-16 10:55:00,2018-07-26 12:43:43,2018-08-07 00:00:00
3f3e4083688c07129239450773e84282,25589ac02f7637b4dca14ce8d9c2fd8b,delivered,2018-02-07 09:52:44,2018-02-07 10:10:17,2018-02-07 21:33:09,2018-02-08 19:42:58,2018-02-23 00:00:00
b74bfb8cc19faa85573bff7a631e7c5f,e307089fd89327dede362fab6c2c9d70,delivered,2018-03-30 01:06:24,2018-03-30 01:50:10,2018-04-02 17:42:42,2018-04-05 23:28:34,2018-05-04 00:00:00
77c34615b2963e4bf4b48d59da0eb5e1,06b74967617d6e12688e779fdc1a580c,delivered,2017-01-18 17:44:05,2017-01-18 19:05:09,2017-01-20 11:45:44,2017-01-31 10:41:44,2017-02-16 00:00:00
bafb907417d324de4bc43390ccf3fbed,6f014635454b0038028f5228e69f50ed,delivered,2018-01-09 15:46:08,2018-01-12 12:28:40,2018-01-15 19:48:25,2018-01-25 23:49:00,2018-02-05 00:00:00
40397c42ea8f390af9afe9cc02cb2fdd,3ac8d3d63db74e05b7d046b8bd284487,delivered,2017-04-03 21:49:28,2017-04-03 22:02:53,2017-04-04 15:20:18,2017-04-28 13:05:30,2017-05-10 00:00:00
559e95307dd31619f52fde406925e840,e231c680c83114969e2b559abcc7de68,delivered,2018-07-30 23:54:39,2018-07-31 00:24:23,2018-07-31 13:52:00,2018-08-04 17:38:46,2018-08-14 00:00:00
a884af2f7dbc8bd1d474474ba8d0de90,c952b4091e6556025f82582019bce095,delivered,2017-06-13 22:33:24,2017-06-14 08:42:24,2017-06-16 15:21:51,2017-07-03 15:45:56,2017-07-18 00:00:00
f63be24880200ae32aa24f5b458a3dc3,a6954f48f5d8a0dcbad1a0921109cb56,unavailable,2017-01-27 13:39:53,2017-01-27 14:31:44,,,2017-03-16 00:00:00
315f7759c3f6557f50e47798ccd673a3,54e217beb4b07ffdebc14c428e3f240d,invoiced,2018-01-13 15:18:00,2018-01-15 10:11:08,,,2018-02-08 00:00:00
d6a90d67310c500286671d1aab32079f,2fba0d3535e03b92c457788233f615b6,delivered,2017-11-27 19:25:23,2017-11-27 19:39:09,2017-12-08 02:18:29,2017-12-18 13:52:08,2017-12-19 00:00:00
2d691a21ecbf955fc28064fbf5073db7,aac58f61ffa72e6955c30e0b2fad054d,delivered,2018-07-08 22:26:16,2018-07-11 03:35:24,2018-07-11 14:08:00,2018-07-12 19:58:28,2018-07-19 00:00:00
cb5fbb27c5009572818e03f9e690edf2,7db36170d6f4124ef2c2d65b5eb3ef25,delivered,2018-05-30 09:37:59,2018-05-30 09:50:16,2018-05-30 12:27:00,2018-06-07 18:08:38,2018-07-03 00:00:00
b3282c241dc25705fcb8802416a93929,2da902e5e574df9bd8946dc3ed153a65,delivered,2018-03-07 17:45:17,2018-03-07 18:10:08,2018-03-08 20:58:21,2018-03-14 12:11:03,2018-03-23 00:00:00
61b5e6d846c13e8107ec0d264d5abdf1,af76edabdbf253fecbc78beafb220e79,delivered,2018-04-05 21:40:34,2018-04-05 21:55:13,2018-04-10 17:09:44,2018-04-16 23:36:36,2018-04-27 00:00:00
69b00a66e2558dd57ba062f782995941,9ab2076d57685d708c6df2b209407b7a,delivered,2018-02-08 16:10:45,2018-02-08 17:06:04,2018-02-09 21:36:15,2018-03-05 16:38:47,2018-03-12 00:00:00
18668c1a8328478efec728fc614c3b55,6d547f62fd060718fd2a268a4fa2a1fa,delivered,2017-05-04 15:06:03,2017-05-04 15:22:30,2017-05-05 12:00:40,2017-05-23 11:12:49,2017-05-25 00:00:00
e8dbfb34a57fe34db02546aa50b56f10,2eba59cbdb86a8a535076c9178c8dc3f,delivered,2018-05-16 15:01:23,2018-05-16 15:19:35,2018-05-18 07:13:00,2018-05-21 18:12:18,2018-05-30 00:00:00
f716dffba1232aaef7c899fb8c14db97,cf5112cc5129776cc69c956dc265a5f7,delivered,2016-10-07 15:12:40,2016-10-07 15:59:25,2016-10-11 15:59:26,2016-10-14 15:59:26,2016-11-25 00:00:00
8d3231deb8132bece4a6afd9ed60f5c2,1dca8025c540764cee00698bcaf7b776,delivered,2018-02-15 23:17:02,2018-02-16 14:32:35,2018-02-16 21:53:59,2018-02-22 01:52:02,2018-03-02 00:00:00
228eaa337912a2f2896d8d5c63147229,e661fdca5ba0b3e7dfd2aa9c3a081083,delivered,2018-02-07 13:47:03,2018-02-09 10:11:37,2018-02-10 01:41:43,2018-02-21 20:24:05,2018-03-23 00:00:00
5eca574faaba7961b0e3f7147f20b658,48d46fabd9154d485aa7e409d07ad65f,delivered,2017-09-30 15:56:56,2017-09-30 16:14:11,2017-10-02 20:42:08,2017-10-09 21:22:45,2017-10-24 00:00:00
2e5dd9e8e3633461dfc2c443001e2623,ab46103abc25cb3dd1a256b455dd9eaa,delivered,2017-05-18 09:34:55,2017-05-18 09:45:13,2017-05-18 12:01:28,2017-05-24 10:45:50,2017-06-13 00:00:00
172d924daf19043deff749396e9eebf3,7582ce1690e126ec9b177e0770efc74e,delivered,2017-07-26 10:20:16,2017-07-27 18:35:34,2017-08-02 18:07:05,2017-08-07 20:47:57,2017-08-21 00:00:00
4f95977893357c1a4a9ab91107e78cf5,799cceabf612fcd4a2ffaf0df8da6b44,delivered,2017-02-02 09:48:03,2017-02-02 10:01:18,2017-02-06 11:52:56,2017-02-10 08:14:47,2017-03-20 00:00:00
be13978ecac5e754184c77063ea75e2f,e52e913e489901da20259b227f4fe4c8,delivered,2018-08-20 14:56:58,2018-08-21 05:09:36,2018-08-21 12:07:00,2018-08-29 18:32:16,2018-08-29 00:00:00
5abb6c1ea24afdc6e26076bfaa7539cb,e4f8c8ade9b6bd86452130dcb763e63d,delivered,2018-02-17 09:35:29,2018-02-17 09:50:22,2018-02-19 21:59:01,2018-02-22 00:42:52,2018-03-09 00:00:00
5f5fda6bb6bf0aa8f49f50506b1584ca,ea879c7522f49b51ad3de1cc7aa066ec,delivered,2017-11-06 13:59:41,2017-11-06 15:31:41,2017-11-09 17:32:30,2017-11-20 17:51:53,2017-11-29 00:00:00
0d7126386fcf52bdffdf1d9b3e61ddca,49cbff3b820f73efd9e54048433d7f3b,delivered,2018-03-01 20:06:34,2018-03-01 20:15:39,2018-03-02 17:09:42,2018-03-08 22:03:35,2018-03-23 00:00:00
af1ffd059ac0a5f3996b4fe6c2863116,db30a18da5bfe0905408bc1cd8904997,delivered,2018-03-26 07:03:11,2018-03-26 07:15:22,2018-03-26 23:39:06,2018-03-28 19:05:10,2018-04-18 00:00:00
b7dd21d38a31885f78f70ed3704bff62,3707357d878ff449b2ccf59b03acd9d2,delivered,2018-05-14 12:07:02,2018-05-16 15:34:48,2018-05-17 13:37:00,2018-05-22 15:03:38,2018-06-21 00:00:00
59f0c755f151fc512bfc8a38e3b192ba,fbce2588012ce30bd9bf1b3ffb412cfa,delivered,2017-10-08 12:05:08,2017-10-08 12:14:22,2017-10-09 18:03:06,2017-10-16 12:59:17,2017-11-03 00:00:00
5b908ef05527e15afdc4a901b502d54a,e1bc7c21e15d464f4664aecaeb550948,delivered,2018-04-09 18:09:53,2018-04-10 07:35:24,2018-04-10 20:26:31,2018-04-25 18:12:06,2018-05-04 00:00:00
ddc3af0538e1279d548f8e4f6cbcc9de,875a1e0d9fa0e8aaa253208331a4a3fe,delivered,2018-08-10 19:45:23,2018-08-11 02:44:37,2018-08-13 15:03:00,2018-08-21 15:18:31,2018-08-23 00:00:00
77dc1b33326d12cbce03cfda27efafda,4254dc9d904d27a48d0a82cad2c4b26a,delivered,2017-06-13 14:09:06,2017-06-15 02:45:22,2017-06-16 14:09:43,2017-06-28 17:26:40,2017-07-06 00:00:00
fd3099e9b0848ad9cc6e82c2dacb1bbe,886dcd8a6d9fcebe7ef5fca57d474259,delivered,2017-11-23 05:40:52,2017-11-23 06:07:26,2017-11-24 09:43:04,2017-11-30 01:53:20,2017-12-13 00:00:00
b8739e2347eff7c8473c5b9568fbb221,c1fe1c69bb47a45673e0f246bcb2bc98,delivered,2018-07-02 16:50:03,2018-07-05 16:35:32,2018-07-04 15:41:00,2018-07-11 16:53:43,2018-07-20 00:00:00
da2e621d3cabde14d60f75af174c6c2d,b7dc9308cd65279de60ccc7f47ec1e16,delivered,2018-05-10 13:01:23,2018-05-11 03:37:39,2018-05-17 14:03:00,2018-05-22 00:37:39,2018-06-04 00:00:00
b6a436279ea452f98a14c6e144d96473,b6584685f7a07e238a5fa241112d669a,delivered,2017-12-18 21:03:25,2017-12-18 21:14:22,2017-12-21 20:36:48,2018-01-08 22:55:05,2018-01-17 00:00:00
32805b94a882eabc129b1d2fd5bd2dfa,f0192cc928752150fe62a0bcae291e5d,delivered,2018-04-09 19:26:29,2018-04-09 19:50:41,2018-04-19 16:24:35,2018-04-21 01:33:01,2018-04-20 00:00:00
a2392ac22d661d26d7facf9ea5d6a5b8,558db5ecbdc2c47fa8b3f8ae3b8a0453,delivered,2018-02-07 10:06:39,2018-02-07 10:32:14,2018-02-09 22:18:01,2018-03-04 18:41:29,2018-03-14 00:00:00
2da52e987f62fa65e50c6fd5dd8994d1,782da07dd1b66f0a3ece989a671ecb8c,delivered,2018-01-15 13:38:02,2018-01-15 13:49:58,2018-01-17 22:21:25,2018-01-23 17:47:33,2018-02-08 00:00:00
5bbf247f8a09d52540eac6e2cddd62a7,8d3fb6d1e271f8f2202136ec4c95a266,delivered,2017-03-30 00:18:32,2017-03-30 01:15:39,2017-03-30 12:09:58,2017-04-11 14:26:42,2017-04-24 00:00:00
314fc0121ed16cbe4f7979e96f3768ef,9b1c0b706b8991152859ed64739367f8,delivered,2018-04-24 22:09:09,2018-04-24 22:32:43,2018-04-27 08:12:00,2018-05-02 18:37:38,2018-05-15 00:00:00
f07ac180675b94d4fe8f697eb2f87d12,dfa72a0a96072c02965f24972c7efbcb,delivered,2017-11-24 11:10:54,2017-11-24 13:14:02,2017-11-30 19:05:13,2017-12-13 22:10:04,2017-12-20 00:00:00
2beef95c5b98fdfefddc581a17f27b82,acff1dd156a7586a29ca75cb9ede443b,delivered,2017-12-11 14:52:04,2017-12-11 14:59:23,2017-12-16 01:13:28,2018-01-03 23:38:33,2018-01-16 00:00:00
6f3428447439d9e2de6274149281dae6,03975ce1698b187029146eeefa04f5f2,delivered,2018-04-22 16:27:11,2018-04-24 17:14:36,2018-04-24 16:04:52,2018-05-04 16:52:50,2018-05-22 00:00:00
cf8ed2e1892b687d2ab983835459a604,ffd1de7d1aaba96f625807ae058cda15,delivered,2018-05-08 13:08:34,2018-05-09 03:55:23,2018-05-09 13:02:00,2018-06-07 19:20:54,2018-05-25 00:00:00
68233f255c4f267082b2fc19f6449977,4f16e4f7467c532048801d636774945f,delivered,2017-04-19 01:02:20,2017-04-20 02:50:26,2017-04-24 10:42:04,2017-05-15 14:04:05,2017-05-11 00:00:00
7c3028f340bf35d728e7c42b911f30b9,fafed7d5750e87b22e2c499e8f9599b6,delivered,2018-08-17 11:25:04,2018-08-17 11:35:15,2018-08-17 12:46:00,2018-08-29 01:50:58,2018-08-31 00:00:00
e937de71316fb3186e4113977cb96741,9f5436553717cfa4a0ea9296e309b856,delivered,2018-02-10 21:57:04,2018-02-10 22:40:22,2018-02-14 22:32:58,2018-03-12 14:51:29,2018-03-20 00:00:00
4076407d388d4127cf7edc12c2782ed8,35acd266353bf5c3f4cfbbf2af784790,delivered,2018-08-03 00:21:01,2018-08-03 00:30:19,2018-08-03 15:10:00,2018-08-10 16:16:43,2018-08-13 00:00:00
2bb02fdf5637a68cd5d13c78c37c3376,8c468917b274857623298a1627369866,canceled,2018-08-09 10:55:10,,,,2018-08-17 00:00:00
29743080b6ab006d94b00399ab7b47f0,ba67a2ef88a5d6b25536515bdfd1e8b8,delivered,2017-11-30 14:47:28,2017-11-30 14:57:24,2017-12-02 05:02:14,2017-12-05 20:28:39,2017-12-18 00:00:00
df6d3b62b959d520809f53e136e27883,be821c14c82b18f7d37cb67cd51c58ed,delivered,2017-02-23 07:45:03,2017-02-24 02:50:24,2017-02-24 11:04:11,2017-03-07 14:18:22,2017-03-22 00:00:00
d269e3209c8a86e588a93e573cb97002,4516d783f8261f0816e12c0be45cffc6,delivered,2018-07-21 08:41:25,2018-07-24 11:32:31,2018-07-26 14:23:00,2018-08-09 12:19:00,2018-08-23 00:00:00
318b5b7c3a2a999cc4f3403e9afd3eb4,e9e9f929686355e47cb979fa510b9e94,delivered,2017-06-10 09:26:58,2017-06-13 05:05:26,2017-06-14 12:48:10,2017-06-23 13:11:16,2017-07-17 00:00:00
ca6c5ad670e608ffff583b9ae9de0eaf,f59ce365bf34e682beb1ebcbac349dbf,delivered,2018-03-15 09:02:22,2018-03-17 02:45:38,2018-03-19 15:17:37,2018-03-29 11:14:58,2018-04-03 00:00:00
a9a6410866011c623a3ff44ef92be1ab,34841093a29dfdd41748b1df314e6580,delivered,2018-06-30 14:22:17,2018-06-30 14:35:11,2018-07-03 11:50:00,2018-07-07 12:42:13,2018-07-24 00:00:00
ac67d8fc34e7d40fe10f3f99609eea60,74dd658e3cc47fad8588e6f48f6a6075,delivered,2017-09-25 15:31:13,2017-09-25 15:44:22,2017-09-26 14:28:17,2017-10-10 19:42:25,2017-10-26 00:00:00
deee3a40a4669f004603111e55387280,7a599dba82fb26f7c6647b863dfc500d,delivered,2017-08-11 13:32:11,2017-08-11 13:45:17,2017-08-15 20:07:25,2017-08-21 15:43:49,2017-08-31 00:00:00
25c9e543b6963d52aae26badeed1e26c,be246b1f8d2a015d41e35f5af9d166cd,delivered,2017-11-01 09:18:31,2017-11-01 12:45:49,2017-11-01 18:59:44,2017-11-13 20:32:35,2017-12-01 00:00:00
3cf90d04a286c1ea16f5700dbc764fff,dceefd13308771abe30e2d60b31d8036,delivered,2018-04-22 17:47:38,2018-04-24 18:34:12,2018-04-25 08:57:00,2018-04-26 15:42:10,2018-05-10 00:00:00
6a1fa0e6aaa492df09c581af143879a8,25a4bcfa932944bb97757fc28eb68d48,delivered,2017-12-06 01:49:07,2017-12-06 02:09:32,2017-12-06 19:13:19,2017-12-17 14:42:22,2017-12-22 00:00:00
2771a9b2fefbbaee6eb0924c73b0b32e,bfd48619370e956879b4698e2cd623c2,delivered,2017-08-21 13:51:03,2017-08-21 14:05:30,2017-08-21 20:22:12,2017-09-01 17:22:35,2017-09-19 00:00:00
5b7f6445ca01d94adfe256eaa9a37ada,202a41667703e8c0c94f0055968f5645,delivered,2017-09-19 20:18:47,2017-09-19 20:30:12,2017-09-26 15:23:32,2017-10-10 18:23:13,2017-10-16 00:00:00
ab49dd6d45dbe9600acdb124bf5f7acc,d700ad60dc928758888d00f63e0785e0,delivered,2018-02-21 14:38:29,2018-02-21 14:55:40,2018-02-23 04:42:27,2018-03-01 23:47:32,2018-03-14 00:00:00
69c3c3c160e3c97d69fc07a52b4d98d2,9a1f57c8665b8cfe232da92bfc983b82,delivered,2018-04-10 11:36:41,2018-04-10 11:50:20,2018-04-10 23:38:50,2018-04-16 13:45:06,2018-05-03 00:00:00
48ad3f692af89318f508cd0b50f68b41,1c5c0870a06762e283d8939e79241a4c,delivered,2017-03-26 17:05:31,2017-03-26 17:15:15,2017-03-28 12:28:14,2017-04-03 16:51:59,2017-04-13 00:00:00
7869f99f3acbb8cf623402053f1dddfb,5c094cdf9dea2e827167554212743014,delivered,2018-02-27 18:29:30,2018-02-27 18:48:18,2018-03-01 21:46:15,2018-03-02 21:58:30,2018-03-13 00:00:00
3f0f2949423ea4caec394b9d09f075dd,d401d40e203390378e43c27046395eb5,delivered,2017-05-05 15:30:07,2017-05-05 15:45:18,2017-05-09 17:13:51,2017-05-22 09:42:08,2017-05-30 00:00:00
7482f12f16a862671e5e3951ef33d2c1,7b80289db6e09a0b45fd8b4e79f84733,delivered,2017-05-21 22:38:54,2017-05-23 04:22:29,2017-05-26 16:03:57,2017-07-06 09:47:41,2017-06-22 00:00:00
5a583547086c7958be6668ef932708cd,a6df8d7ce4d964e64ad1103730ffbc4c,delivered,2017-06-08 09:18:19,2017-06-08 09:30:17,2017-06-08 14:08:35,2017-06-19 14:27:46,2017-07-03 00:00:00
57a10b4e5b1a9982b487b6e33d8cc0bf,87fd801845c8b9564e51859fd8496b15,delivered,2018-04-23 09:57:40,2018-04-24 17:58:01,2018-04-24 21:26:21,2018-04-28 13:56:40,2018-05-21 00:00:00
7c9b63669cf62dd8d1ed4d40d5bf953a,a6c424c5f57e7085560010f2082121ec,delivered,2018-07-01 12:21:19,2018-07-01 12:35:14,2018-07-04 08:23:00,2018-07-11 17:14:48,2018-07-24 00:00:00
5c08ed25ee3f139b35a21c0c12944802,f999d69f765c22961155f7c9347b3292,delivered,2018-02-07 12:03:51,2018-02-07 12:15:29,2018-02-08 18:50:49,2018-02-19 17:03:52,2018-03-07 00:00:00
10d9a4341b71723e4e9f55a51d649207,c8bac4c256aa6962488d6ea634e803d9,delivered,2018-04-27 16:30:00,2018-04-27 16:53:18,2018-05-03 16:35:00,2018-05-14 19:28:36,2018-05-29 00:00:00
6d633f7b64b5aadd2d278944717b8585,ee6c24cb9e80aaba1ff6b0846a1bd914,delivered,2017-06-27 10:55:49,2017-06-27 11:25:44,2017-06-28 11:50:09,2017-07-10 19:16:00,2017-07-19 00:00:00
c5ae2cb51bc67b191845d3b2f0175a52,265486a0a94451b877236b8d77e5135c,delivered,2017-12-06 11:16:53,2017-12-07 03:14:04,2017-12-07 16:57:14,2017-12-19 21:09:51,2018-01-04 00:00:00
97c62fe0812570f61cb83cce52b4884e,607dd59480435054b322d1dfe2728446,delivered,2018-01-23 22:05:33,2018-01-23 22:17:26,2018-01-24 18:09:23,2018-01-30 13:28:03,2018-02-15 00:00:00
fd5f4a26279e437735f4d5da152f5295,ceefb0b07a8b7a9f0272d3e2d4861506,delivered,2017-12-13 20:30:12,2017-12-15 10:33:43,2017-12-18 17:59:20,2018-01-03 21:47:24,2018-01-09 00:00:00
3a387dc3695f56c6398029754d6d3ce6,b2ead4f767f2b56f696399c48e760df9,delivered,2018-05-07 11:24:18,2018-05-08 11:35:08,2018-05-09 13:22:00,2018-05-14 20:41:15,2018-05-29 00:00:00
4ce830b077b717252c8d9ca0dc8885bf,80f28b0ec74ffaa1da8ac89d35898d0f,delivered,2018-02-07 12:53:10,2018-02-08 07:35:46,2018-02-08 21:06:06,2018-02-20 20:13:20,2018-03-02 00:00:00
2cbfb1f20f907bcb72718d2aee607df0,5ada8309f16872ff8299682461e7ee57,delivered,2018-07-23 15:34:16,2018-07-24 11:32:05,2018-07-24 13:50:00,2018-08-07 03:09:42,2018-08-17 00:00:00
11c3a6a4df79c35fcbb2c1ff0dc10e37,201b02837037e61221e9d5af486474f9,delivered,2017-07-31 16:17:40,2017-08-02 08:45:12,2017-08-02 15:51:59,2017-08-07 21:53:53,2017-08-22 00:00:00
a11f86f65cf0246aa8d08f7a6b60973d,f346dcb9b736098f8d16d6c7b70f921b,delivered,2018-03-13 10:43:31,2018-03-13 11:47:52,2018-03-14 20:10:57,2018-05-03 20:52:32,2018-04-05 00:00:00
ec7c488b7a5f5ddda87415ba0256abbd,e76e56cd7068829d040f83bf2362eebd,delivered,2017-10-29 14:00:53,2017-10-29 14:10:13,2017-10-30 18:58:39,2017-11-01 14:26:53,2017-11-13 00:00:00
1fcbf9da01b8072e053902e28b52ac9f,29d0d05595458932c0188df9b64c02ca,delivered,2017-11-08 13:04:45,2017-11-08 13:30:44,2017-11-10 20:44:59,2017-11-22 21:51:12,2017-11-28 00:00:00
a57f808603e51f06955b782799093b5b,264f0c7b9b379cc7cef751679ba5fc37,delivered,2018-04-18 11:34:03,2018-04-18 14:10:09,2018-04-25 19:05:00,2018-04-26 14:37:49,2018-04-30 00:00:00
10f69c462a2c700cf1b141b9874af717,641d5bf17c23bb54add76ce8e47c1bd2,delivered,2018-07-18 16:32:10,2018-07-18 16:42:33,2018-07-20 15:06:00,2018-07-23 19:32:29,2018-07-31 00:00:00
5457406dbf85b294f6c7ee639c9b0248,67ba65da5a0b42080de0e05b65a30710,delivered,2017-09-30 21:31:19,2017-09-30 21:50:30,2017-10-02 12:18:08,2017-10-10 17:22:34,2017-10-24 00:00:00
91415c7eb3a9313812484623efc7ee27,ad7d1dec89146bb2a687f98dd2f9d227,delivered,2017-03-05 15:27:03,2017-03-05 15:35:18,2017-03-06 11:41:54,2017-04-11 14:03:40,2017-03-27 00:00:00
bf76016e244b3edad48d42375a25e8e8,4a5e11f8a1c196d34b989b738a70ebaf,delivered,2017-09-22 23:11:52,2017-09-22 23:24:39,2017-09-25 19:03:39,2017-09-26 19:13:35,2017-10-09 00:00:00
e830930ccc3850213c092565ba5b99ff,ac5b39607960365bc17913eb15af207e,delivered,2018-07-02 14:00:47,2018-07-02 14:10:50,2018-07-03 14:56:00,2018-07-04 22:20:47,2018-07-19 00:00:00
6cdb9c6dd8a5888b4dfc2ca57c8fb500,c96136313df64c4c19f3b9cf172f6b88,delivered,2017-09-15 23:02:56,2017-09-19 03:45:14,2017-09-19 17:55:54,2017-09-22 12:58:03,2017-10-03 00:00:00
205d5db88d0a8b3736d1afa2f6a329c5,397cee5da1a7fdfbbf0c6164d591246c,delivered,2017-05-29 13:57:10,2017-05-30 05:05:12,2017-05-31 13:41:57,2017-06-07 14:15:08,2017-06-21 00:00:00
e5ccd8b1ea09c33c4fc4f38dd671cd15,53853c7961bb58825edcc1c9d3e890b7,delivered,2017-06-15 12:09:58,2017-06-15 12:23:40,2017-06-16 12:11:59,2017-06-23 12:03:54,2017-07-06 00:00:00
23e7bb857c480aa4791ff2f7f2a5e151,bea5832c9431c2d2088697935c46a9c8,delivered,2017-09-18 20:49:22,2017-09-18 21:04:21,2017-09-20 20:50:00,2017-09-23 13:49:53,2017-10-04 00:00:00
bc3b41b122d09bb7f293e287bb496235,8dca32263f9981caeed36ea29320bbda,delivered,2017-08-18 00:33:44,2017-08-18 00:50:25,2017-08-18 21:44:52,2017-08-21 21:54:44,2017-09-06 00:00:00
304979f072f7041aca154907e01172c4,ce0e1633afe65432677c653bac938c20,delivered,2018-04-01 10:04:18,2018-04-02 07:50:10,2018-04-03 03:03:44,2018-04-10 14:03:55,2018-04-18 00:00:00
7534ce179e1751acc26f743ab22ace56,c10365a2d64f63953a17620a113352e9,delivered,2017-06-07 10:04:14,2017-06-08 02:45:27,2017-06-08 13:44:58,2017-06-19 19:37:34,2017-07-06 00:00:00
39cde8f6f6f076f3983c33a3743b8267,f7bdc949cf6af9b52db6480abef6a001,delivered,2018-04-27 19:32:43,2018-04-28 03:33:07,2018-04-30 14:23:00,2018-05-08 16:52:13,2018-05-23 00:00:00
4b5e7707371fb7f696930fc47efff1f0,2558577bf1246b4a3cc846fc1fef3bbb,delivered,2017-10-16 22:52:33,2017-10-16 23:14:13,2017-10-17 20:54:48,2017-10-24 19:10:27,2017-11-13 00:00:00
4a2d2e4b9b76f135b1e266f10d8de0ac,3db596facb2a04fe0a166da9b0dd148f,delivered,2018-02-04 22:28:21,2018-02-04 22:49:57,2018-03-05 23:32:29,2018-03-13 20:48:39,2018-03-05 00:00:00
26a8b70dd60471873b430431e691d222,9a46b6d481ab33d2f3f90472f526f210,delivered,2017-11-20 19:08:54,2017-11-20 19:28:31,2017-11-21 20:12:10,2017-11-22 20:21:59,2017-12-01 00:00:00
cafaa2f3a1466caa4be0de187d9a228a,7b04db5fc2871791e746a62523da9dbb,delivered,2018-02-20 10:29:36,2018-02-20 10:47:27,2018-02-21 21:29:02,2018-03-14 20:22:06,2018-03-15 00:00:00
fb037b16fa0ee4985e3ad5590d817f62,a5b586e0806638420b6429ce3637a212,delivered,2017-10-24 12:24:43,2017-10-25 02:08:31,2017-10-26 12:39:40,2017-10-31 21:31:55,2017-11-17 00:00:00
6c9b54dfc2bd3e8b9dc0ac5032502cf1,cde19d7bc4cb68d2dd096c813ca524f2,delivered,2018-04-22 15:09:28,2018-04-24 18:14:36,2018-04-24 21:49:47,2018-05-02 15:12:30,2018-05-17 00:00:00
340faabdffbbb1609243e82b523fd315,d8bdc2a6c71dbe6ceb8ed6715b82f0f6,delivered,2017-12-20 08:08:38,2017-12-22 02:50:51,2017-12-27 19:22:59,2018-01-04 20:28:48,2018-01-16 00:00:00
55b8090225e782a06895d20d302d5630,223811124c361fc5d4ace04e579229c8,delivered,2018-05-23 08:22:02,2018-05-23 09:36:37,2018-05-25 13:23:00,2018-05-28 21:17:36,2018-06-01 00:00:00
611dbbe94f5a41ae2520035297b02b3a,ae8c522659d1a11ca866cf201172abcb,delivered,2018-06-24 18:01:51,2018-06-25 15:18:56,2018-06-26 15:10:00,2018-06-28 16:32:42,2018-07-05 00:00:00
71d01b8be202039f218a6f2eb61e16ee,d73af0494d5b899002c1c39c750a6bf3,delivered,2017-08-27 18:35:06,2017-08-28 18:45:15,2017-08-29 14:28:03,2017-09-06 19:29:46,2017-09-15 00:00:00
f826855672324b0ba0f50c0d67d00ac6,4d3e17b60933d39260acc684f049f3db,delivered,2018-01-04 18:10:14,2018-01-04 18:28:01,2018-01-08 21:00:53,2018-01-09 22:44:48,2018-01-22 00:00:00
2345b8390d7bd4e3dd2bdd0dd7ab89cb,f5ad57eee2447ed6501b391610f7bd9d,delivered,2018-05-11 14:18:17,2018-05-11 14:30:56,2018-05-29 15:26:00,2018-06-07 13:18:33,2018-06-08 00:00:00
88d55d6258872b31bf45ce51a6675c2b,37deb7c0c365cbec914968988aad92f6,delivered,2018-07-03 14:56:16,2018-07-05 16:21:00,2018-07-04 14:24:00,2018-07-09 19:24:47,2018-07-25 00:00:00
f254096e9b44caa1eeb5852c743cbcdc,126d965f905af0ac785cb558e7761687,delivered,2018-06-26 16:00:19,2018-06-26 16:16:41,2018-07-03 07:12:00,2018-07-09 17:52:32,2018-07-26 00:00:00
e3b590488d25f7c5f71f63d2bfea59c6,46a03952cfd0f2d4f7c9bdaf6921d7fd,delivered,2017-06-12 22:09:27,2017-06-12 22:23:17,2017-06-16 11:55:25,2017-06-19 18:48:45,2017-07-17 00:00:00
19c0c76962278b152cc44fc63ffd5e48,2d5831cb2dff7cdefba62e950ae3dc7b,delivered,2018-04-18 09:42:53,2018-04-18 09:55:17,2018-04-20 18:52:39,2018-05-17 20:19:49,2018-05-18 00:00:00
ab9dddcfaf2bfc259fdeb299d2ed6d7a,1f9c514e935c014542b018d90b237a4f,delivered,2018-05-22 14:37:19,2018-05-23 15:35:21,2018-05-25 13:06:00,2018-06-01 19:42:31,2018-06-04 00:00:00
7fa9efca67559f2f13c0656e55967397,420b67c85ceff09ec8d61df18ee62125,delivered,2018-01-31 22:18:04,2018-01-31 22:30:41,2018-02-06 17:15:06,2018-02-07 15:09:34,2018-02-16 00:00:00
302ba220a9388d22b3f036a1b9919b3f,1bb24fe0dc7571ac3c3846460c93edff,delivered,2017-12-04 19:12:17,2017-12-06 12:30:43,2017-12-05 23:47:32,2018-01-23 00:52:54,2018-01-02 00:00:00
36fab5ed597c9dca017dfa0711e84687,18bf97f433229e973e41658016d9459b,delivered,2018-06-12 21:44:42,2018-06-12 22:21:38,2018-06-14 15:07:00,2018-06-26 21:34:32,2018-07-18 00:00:00
c8a943770fb49db56e8f9621794fcf23,174bebd111b0736cfd4b53e1060b5388,delivered,2018-02-18 20:19:45,2018-02-18 21:26:49,2018-02-27 02:40:01,2018-03-09 19:54:42,2018-03-16 00:00:00
2b0a7970a6bf2282bd4f9af0e2bf073e,8aca94ea09a67c091d51e4433f7d89ba,delivered,2017-07-14 12:52:26,2017-07-14 13:05:21,2017-07-17 21:46:47,2017-07-20 19:29:54,2017-08-03 00:00:00
dd31111df3c5c93d9be367bb8de6d3ed,80262844f63a61c4641efa98338fe8a4,delivered,2018-06-18 17:45:18,2018-06-19 03:36:34,2018-06-19 14:15:00,2018-06-22 17:41:47,2018-07-12 00:00:00
e9fa39cdd3ac7f2e20e908d54ad932c6,a8d4d1b130e1ea35c634a6cd16d52cc8,delivered,2017-06-04 10:12:15,2017-06-04 10:25:11,2017-06-06 11:00:28,2017-06-07 08:37:39,2017-06-19 00:00:00
b741ced31205b787eebdd0cc7f220b0a,84bbde28c3ea5a89111357183bd40edc,processing,2017-02-20 19:58:47,2017-02-20 21:25:20,,,2017-04-17 00:00:00
2e87cd077eb729dac6f6035112105f51,2ab287664f47af4b8998ec02158469be,delivered,2017-07-22 17:55:15,2017-07-22 18:10:11,2017-07-24 22:34:03,2017-08-01 20:37:05,2017-08-16 00:00:00
80b5b891e5c825112137c3ee080e5db6,82a781c07728515614b37ed49101b063,delivered,2018-07-25 10:50:41,2018-07-25 11:04:59,2018-07-26 12:41:00,2018-08-04 18:57:39,2018-08-07 00:00:00
6d37c6659de0183777f4035151bd508a,73910c380c76a4dca24e4e6bfdad16e2,shipped,2018-03-15 20:43:34,2018-03-15 20:56:01,2018-03-16 20:37:48,,2018-04-17 00:00:00
7133406d1bd96132730da545d3bec6f9,3d69958f34ccb5531b6ad0d8db7636e9,delivered,2017-06-15 15:00:43,2017-06-17 03:47:08,2017-06-21 18:19:35,2017-06-28 14:41:25,2017-07-10 00:00:00
0b8dbb26699a171be239666299d2174f,c5761e080ba22e9bb19972bd1d3901a3,delivered,2017-03-09 20:48:23,2017-03-09 20:48:23,2017-03-13 14:16:18,2017-03-28 14:20:11,2017-04-07 00:00:00
1c4f77cb28067456e266e0660dd20bdb,60840dcf2701955cedc2aff564f80c3e,delivered,2018-06-30 10:19:31,2018-06-30 10:30:18,2018-07-04 13:07:00,2018-07-10 16:31:49,2018-07-25 00:00:00
a1abeb653a4d4cd1e142ccb8c82cd069,5f50465da00b7fed5dd1239f4ecf6e2c,delivered,2017-07-20 11:20:52,2017-07-21 06:43:14,2017-07-28 16:57:58,2017-07-25 19:32:56,2017-08-14 00:00:00
818cf91c7ef144fce0787e97d81199ad,8ada7c18012c71ed6bcca881c7d5852c,delivered,2018-02-25 00:36:59,2018-02-25 00:50:26,2018-02-28 23:04:31,2018-03-21 20:58:47,2018-03-22 00:00:00
61a029ab4f9a513d4ed1c5b3a5d4f125,dfcac2db95fccbb746eb05650547ed2b,delivered,2017-03-15 14:36:25,2017-03-15 14:36:25,2017-03-16 11:43:10,2017-03-27 15:18:21,2017-04-18 00:00:00
031f32fc546699a954d6d89cfe9ca029,ac718fb7c27a55fdf5d8b0070a9ca602,delivered,2018-05-07 16:05:05,2018-05-07 17:30:34,2018-05-09 15:14:00,2018-05-10 19:42:09,2018-05-17 00:00:00
22014e568766c4f4d4faf4f8ee12c606,6a32c358e5138b23bed44fe9d409c496,delivered,2018-07-04 17:37:50,2018-07-06 03:11:21,2018-07-09 13:16:00,2018-07-14 01:40:49,2018-07-31 00:00:00
c36fb6428310de9e2e53d78caee5baf1,386422af32d8e4d7a812f33933603e50,delivered,2018-08-15 15:51:11,2018-08-15 16:05:19,2018-08-16 15:41:00,2018-08-21 18:44:48,2018-08-28 00:00:00
bae1791d3987fa528b382adcc1de4db1,c82db19ec1f02359a3ba17d5dca4290a,delivered,2017-09-17 12:50:31,2017-09-19 03:38:09,2017-09-20 17:55:23,2017-09-22 16:38:43,2017-10-04 00:00:00
976dcbc03eb11fbed9a4a2fd6d2bdb22,00d7e038b53f4b3ed3036d2d016e51c4,delivered,2018-03-31 12:33:27,2018-04-03 05:30:35,2018-04-04 08:19:19,2018-04-10 01:07:50,2018-04-23 00:00:00
48aa8c19814f76592f8bd0e7b8f604c8,e12a0ae4edb2165eaa6f32b8b3b863d2,shipped,2017-08-24 15:42:04,2017-08-25 02:56:09,2017-08-28 19:17:30,,2017-09-18 00:00:00
8134e15d81f56adef78090ac6a366f2c,67fe05c7d790985c34d16dd76d2a60f5,delivered,2017-05-23 13:54:36,2017-05-23 14:03:20,2017-05-26 09:50:01,2017-05-29 13:22:56,2017-06-08 00:00:00
405b7a0bffb459dbc7646665024a2665,719f9d5899f3d358cb2c624ca2bb18e8,delivered,2018-08-03 21:42:33,2018-08-03 21:55:21,2018-08-06 11:55:00,2018-08-16 20:29:33,2018-09-06 00:00:00
56030114e560e8093abc06e38626e871,37ba17a9768cccc0eefcb06a5319755b,delivered,2017-10-17 20:46:55,2017-10-17 20:56:36,2017-11-21 21:11:51,2017-11-30 21:04:02,2017-11-23 00:00:00
382a2285603c57524f1b44601ade85c3,1d44df4d54c74b1b8944e7c8816c1ec5,delivered,2017-09-09 09:08:15,2017-09-09 09:23:52,2017-09-12 16:43:51,2017-09-18 20:36:20,2017-09-28 00:00:00
c1744d99c590086c1965ea4e382e850f,0a3b87d87696c62cbe1d03d58d2021d3,delivered,2018-08-11 13:09:33,2018-08-14 04:25:07,2018-08-14 18:12:00,2018-08-22 00:03:01,2018-08-24 00:00:00
6f91e4738284a9312089fd89f0d61648,506ad507afe195802c80197c61b37ebe,processing,2017-12-26 14:03:42,2017-12-27 04:12:34,,,2018-01-19 00:00:00
5adb5eb1fe82008e15f6eca420111c7b,b459eb1f407840a2a6538926d141687c,delivered,2018-03-31 20:20:07,2018-03-31 20:35:10,2018-04-03 00:51:51,2018-04-24 21:04:09,2018-04-18 00:00:00
08d8f90d77d9280c2e00ee3d749c22ae,1e61e36af8fe328f476f84c356416d74,delivered,2018-04-27 07:43:53,2018-04-27 08:12:19,2018-04-30 07:35:00,2018-05-08 01:42:43,2018-05-21 00:00:00
01e9b3d727e46edf036b0bd549c38bb4,14615837f83937b2dea94361cfb6770d,delivered,2018-01-20 21:14:48,2018-01-20 21:41:15,2018-01-22 18:09:22,2018-02-05 21:37:03,2018-02-19 00:00:00
f907037403c50e681d45e8e55ba27420,7584654111d3b877adfda731735f602a,delivered,2017-12-01 17:57:21,2017-12-01 18:10:12,2017-12-06 03:43:03,2017-12-21 20:56:53,2017-12-28 00:00:00
540c5ef7f6c23f2547a73029172643da,9da0a4eaab687888548003b3c4e35830,delivered,2018-01-24 17:31:53,2018-01-24 17:59:10,2018-01-26 16:52:27,2018-02-14 17:22:52,2018-02-26 00:00:00
b54fa43051fefab27d1f06b71938062c,26d83ef24dcb5f6327739302b80139ee,delivered,2018-06-06 12:33:03,2018-06-06 12:53:16,2018-06-06 14:04:00,2018-06-12 14:42:29,2018-07-12 00:00:00
b5fee65bd894e490f09a8b389cce552e,5bed8bf593c7bb615573667c79311ca3,delivered,2017-10-18 00:04:13,2017-10-18 00:14:27,2017-10-20 18:59:57,2017-11-03 21:27:38,2017-11-10 00:00:00
24299ef78eb1c1ba5e7288e3b1a90c85,6cc63a4574fb5c9d1eb42ad05cb18244,delivered,2018-08-11 07:42:15,2018-08-11 07:55:08,2018-08-13 15:03:00,2018-08-17 20:16:38,2018-08-24 00:00:00
fcfafe875071744d2798813304dd6076,8f5ead3c699b48e6e15fbc1c6a630e5a,delivered,2017-05-15 10:17:58,2017-05-16 03:15:18,2017-05-16 10:50:22,2017-05-22 10:22:41,2017-06-02 00:00:00
656a18a8006d264fcc120edf67a4e98c,d44a9172caee8869d7a292346bd11070,delivered,2018-08-22 09:16:14,2018-08-23 03:04:33,2018-08-23 13:13:00,2018-08-27 20:51:48,2018-09-05 00:00:00
a7b6b0d33a2814dff897167e737b22c8,288456cc4ddbce6d17383ab66199b78a,delivered,2017-02-10 11:48:43,2017-02-10 12:31:55,2017-02-13 08:58:37,2017-02-20 09:33:04,2017-03-16 00:00:00
d9aefa5d4ccd369c783f5121e069a470,1d4cdfbfb460efee13d334b446b54bdd,delivered,2018-04-24 22:42:01,2018-04-24 22:55:19,2018-04-26 08:45:00,2018-05-10 18:19:33,2018-05-18 00:00:00
50c148a26a1b15414632c64a2942374a,8dd004e002cffd59133bc9db7f3a9b1a,delivered,2018-03-11 12:25:17,2018-03-11 12:35:53,2018-03-12 18:26:25,2018-03-15 21:27:23,2018-03-22 00:00:00
58b67f446540a1c1819147153c99297c,4b275d19c7abd9fc3d9904b0607d169a,delivered,2018-02-11 13:41:56,2018-02-11 13:55:20,2018-02-16 19:57:06,2018-03-04 18:36:26,2018-03-06 00:00:00
465bf2bd806ec5b47ff89a62e4c44071,55bc795c4aa5be0c07116dcadad77766,delivered,2017-11-05 11:05:06,2017-11-07 07:30:50,2017-11-08 19:04:00,2017-11-14 18:16:08,2017-11-30 00:00:00
2f294840fea106bd571d9753ef8decb0,dbf9221b8ed4b2042260f464822823bf,delivered,2018-01-17 17:57:05,2018-01-17 18:11:16,2018-01-19 21:52:13,2018-01-31 22:58:55,2018-02-20 00:00:00
d41e97a225fbac25a0a54dda976cd7b7,03b5e9c6d19a9bcc8015ec2660ae1936,delivered,2018-06-25 16:39:59,2018-06-25 16:55:28,2018-06-26 14:44:00,2018-06-29 19:02:52,2018-07-23 00:00:00
8ff20d37027a8cfec2d000bef37ec50e,460dcc55d5e844747e459af4e09d747a,delivered,2017-11-26 17:37:18,2017-11-28 17:36:34,2017-11-30 21:16:00,2017-12-29 13:17:06,2017-12-19 00:00:00
75cbdf50ad99f2f1770fca4ef27142fe,29e8d9d0bc3e0cee2bc77305cc2cb94e,delivered,2017-11-24 08:43:41,2017-11-25 04:30:39,2017-11-27 11:38:23,2017-12-19 18:11:42,2017-12-22 00:00:00
6d7bfd3551f91299c7e4b7f0922e9e75,cf82926706d6fb674a9ec6b60677b2f6,delivered,2017-09-02 11:02:38,2017-09-04 12:24:03,2017-09-04 20:37:59,2017-09-08 15:36:41,2017-09-21 00:00:00
dc46190997992f32077f47f637ea4878,69dd22c7b556c8d08883f66a918f63e9,delivered,2017-05-04 19:13:41,2017-05-04 19:25:14,2017-05-05 14:22:10,2017-05-29 09:58:04,2017-06-20 00:00:00
e72da0a92e7a0a236b5a2e8fabf5ceba,43c4a08eb84b6bed526e4caab06ce546,delivered,2017-05-07 22:51:39,2017-05-07 23:05:16,2017-05-09 07:34:33,2017-05-12 18:39:53,2017-05-26 00:00:00
3cabe471faa982a15a1e8a9e4b71559e,57af4c2463496f3aeb26502d9532c4e1,delivered,2017-11-24 04:09:33,2017-11-24 04:28:29,2017-12-04 22:06:53,2017-12-15 21:46:32,2017-12-15 00:00:00
9175e3d0958ce6f5f907c1c9a723e0a5,e42c98dea7e9fb9aa5bf66882fb2722a,delivered,2018-02-15 09:19:26,2018-02-16 09:35:27,2018-02-20 19:38:45,2018-03-12 17:19:32,2018-03-12 00:00:00
303ee5296914e7240620a31df874be35,c9118083d11b71877d8d42aa421ab73e,delivered,2018-05-25 22:04:28,2018-05-25 22:17:36,2018-05-28 12:27:00,2018-06-08 15:42:03,2018-07-04 00:00:00
fd489f6002a8893e03f9b3994f341148,47525985b7fa15cc541c509e04fd10b5,delivered,2018-06-11 13:44:18,2018-06-11 16:31:45,2018-06-13 03:33:00,2018-06-25 16:50:55,2018-07-03 00:00:00
b1791785e507945110408ae91ef3fa18,178049c612998e8e479d038c4cc6424b,delivered,2017-11-24 13:37:18,2017-11-24 16:14:45,2017-11-28 19:13:24,2018-01-04 21:53:14,2017-12-18 00:00:00
f4d52c8679d7de408090a7c7ec487cf3,69f17a4b73fc71cfe47dca090919130f,delivered,2017-09-12 12:09:27,2017-09-13 03:26:15,2017-09-13 19:15:44,2017-09-14 16:33:09,2017-09-22 00:00:00
5ab34a3449b54e0fff6d7ba20781a655,59545351b3f53fd18987ed9bc7a8d2bf,delivered,2018-08-03 14:48:36,2018-08-03 15:04:09,2018-08-06 12:39:00,2018-08-13 17:40:37,2018-08-14 00:00:00
e08878ad70acad81d0e90f59e56ce9a6,a42c2f542fb5838777737cc684c5b4d4,delivered,2017-12-04 01:17:51,2017-12-04 01:30:27,2017-12-11 16:09:24,2017-12-12 21:06:10,2017-12-20 00:00:00
56474ed1d027aa1916357d337c62ec41,ecbf9f24157e7fe4361b3782010b78ac,delivered,2018-07-26 16:13:09,2018-07-26 16:30:10,2018-07-27 15:16:00,2018-08-02 20:05:38,2018-08-20 00:00:00
5adb95fe0aa8a0d29d029194724df6b7,189a9545272771a0c7b0d302f8361b3f,delivered,2017-09-10 19:08:15,2017-09-10 19:23:30,2017-09-12 19:56:33,2017-10-17 22:23:20,2017-10-16 00:00:00
26d7357adcc99525a7f5133dd2b459ad,bf118bd2d59773d6eecacafa07c25f86,delivered,2017-11-30 16:16:20,2017-11-30 16:40:03,2017-12-11 14:19:07,2017-12-15 13:52:37,2017-12-27 00:00:00
a7f4bdd6d19c92879d484c48ada14fa9,4d3d0cd7d346e05a0173d4e6fa0df254,delivered,2018-05-09 21:54:45,2018-05-09 22:14:38,2018-05-10 11:24:00,2018-05-14 18:53:24,2018-06-01 00:00:00
647b9b6ca86146f9f4c6cc9cc9778bfe,ef79151153598571dff6765453790512,delivered,2017-07-27 23:20:35,2017-07-29 02:23:33,2017-07-31 18:09:46,2017-08-15 19:29:56,2017-09-01 00:00:00
e38aa5befb2c16e6a029d9935d82cf89,90daa300b7b5d19096191c22d3d2f024,delivered,2018-01-09 09:19:46,2018-01-09 09:29:59,2018-01-11 20:56:03,2018-01-24 18:06:43,2018-02-06 00:00:00
71617b4d63e4b160210fb3461bff7591,fdcca2167b501b67547f21062a009568,delivered,2017-11-10 20:14:16,2017-11-10 20:30:49,2017-11-14 11:07:55,2017-11-21 19:38:50,2017-11-30 00:00:00
61527d1d8e32b98b5c185fd4f23a7876,9ac3db974bf3b1f393ad46eb82c1adfb,delivered,2018-07-03 09:06:08,2018-07-05 16:32:38,2018-07-03 12:51:00,2018-07-05 20:56:32,2018-07-25 00:00:00
d1145062aaf9a31027f9fdd20e8bf0c9,837bffa34c99bc9aed29abf1b5bdd886,delivered,2017-12-07 17:49:20,2017-12-07 18:20:32,2017-12-09 15:22:42,2017-12-13 21:48:44,2017-12-26 00:00:00
1fb42df5f777c1b9bf5790d888e15075,a7c23222a85de41cffd488ed80857a19,delivered,2018-06-21 12:26:37,2018-06-21 14:00:26,2018-06-21 13:09:00,2018-07-02 19:07:45,2018-07-20 00:00:00
432c5d90dae98b9496ac75c5108c530a,13d1ebce1606cc152181e65978d1e7f5,delivered,2018-02-10 22:17:58,2018-02-10 23:29:40,2018-02-14 20:45:14,2018-02-25 10:48:59,2018-03-08 00:00:00
6f791d3c2f75ec3ec0e97decd281b0f3,ae1dc7e4bcf38cb45707bbb5d7e17242,delivered,2018-07-21 11:54:16,2018-07-21 12:05:09,2018-07-25 14:19:00,2018-07-28 17:54:39,2018-08-08 00:00:00
57cf4d744c7a883ddf948f733a52da42,7be17616cf223e232e7737f79b6c46b3,delivered,2017-04-29 15:34:34,2017-04-29 15:45:20,2017-05-02 09:34:37,2017-05-07 11:24:52,2017-06-06 00:00:00
39025116fcaa7e80f47dfc0cd2bb4207,8fe59b3b2e5dead9e2d37708a0ee20c9,delivered,2018-04-18 06:38:16,2018-04-18 08:36:04,2018-04-19 21:26:15,2018-05-04 19:42:17,2018-05-18 00:00:00
9021fdebb45ac827a6033d6969d5c2e3,7fdeb74955a334e7a83f3bb365c07727,delivered,2017-01-05 19:52:28,2017-01-07 03:35:30,2017-01-09 16:55:33,2017-01-13 12:27:45,2017-02-07 00:00:00
b0583ba2feafe957830cec120a4dbfd4,082ad395df0ed72a64f71b70fffafd5b,delivered,2018-06-15 13:45:49,2018-06-15 14:04:40,2018-06-15 15:03:00,2018-06-26 01:18:25,2018-07-16 00:00:00
4c1cb5347e5cb2d9787834ae859c60b6,daf9d3ac77b9b0540ad7bf5825a39c1b,delivered,2017-02-16 02:03:30,2017-02-17 02:23:31,2017-02-21 13:47:14,2017-03-17 05:38:53,2017-03-29 00:00:00
ace8653b9b01a6d0347aa993f8e9b0a5,e479ecf0b485cfa096b3a7f1bb4cd99d,delivered,2017-03-28 11:33:47,2017-03-28 11:42:59,2017-04-07 12:43:23,2017-04-13 15:34:25,2017-04-27 00:00:00
e389f1491d9b728672f73f3d7be14533,6e4f0d7296e92b7fc6a639314de3badf,delivered,2017-12-27 13:16:37,2017-12-27 13:28:23,2017-12-28 18:09:11,2018-01-08 22:20:36,2018-01-22 00:00:00
3762c0ef92b5bc397671e6d7e6d5672f,39bb2424304a318278cf4516500c657c,delivered,2017-08-15 21:32:14,2017-08-15 23:30:19,2017-08-17 18:47:31,2017-08-22 22:42:13,2017-09-12 00:00:00
0eb7be028002e3ece83dc67396d6568b,093cca7e01540e70298ae25557502932,delivered,2017-07-13 18:56:38,2017-07-15 03:35:52,2017-07-18 12:34:04,2017-07-21 20:17:48,2017-08-04 00:00:00
07ae1be141672315e599bc7ebf23c5f5,937d932e4f3d619420748f0f4a86a74e,delivered,2017-10-05 01:47:35,2017-10-05 02:03:16,2017-10-05 19:05:01,2017-10-07 00:16:52,2017-10-24 00:00:00
23012529620559c40578e18d7746f3ff,6beb76e88e25d922fa3724dc7af3a92c,delivered,2018-05-01 16:18:19,2018-05-03 09:55:21,2018-05-04 13:25:00,2018-05-11 19:56:49,2018-05-23 00:00:00
4ab19a6809950d1e5cd7ad49ce3c47f6,3eba378718d805d744a2f507aa9dd2e2,delivered,2018-05-13 12:14:06,2018-05-15 03:35:15,2018-05-15 15:03:00,2018-05-18 18:05:07,2018-06-01 00:00:00
3d570969ca912ed5d24b3d9fee30b739,4f24e59afa7758f83c982b1186a14ccc,delivered,2018-03-19 14:01:34,2018-03-21 13:28:00,2018-03-23 20:26:55,2018-03-26 21:23:42,2018-03-29 00:00:00
78a921fe4bd6b5ca34e29ea5749bce4f,45569f4a317a065a12c2b2cea83cf75e,delivered,2018-05-04 11:52:31,2018-05-04 12:12:00,2018-05-09 13:42:00,2018-05-25 12:14:41,2018-06-11 00:00:00
614ac345b8ae4fb04e145cb26a089760,28e804a0bb410951414f16c56d93d80e,delivered,2018-03-15 14:01:17,2018-03-15 14:15:52,2018-03-16 22:42:02,2018-04-05 13:05:30,2018-04-06 00:00:00
87ec13ef07cdf6f1e35508ad1057947e,4c8a94c60cf3e590dd5123e0aa95f5c1,delivered,2018-03-01 22:34:02,2018-03-02 17:35:41,2018-03-07 15:37:53,2018-04-04 15:26:49,2018-03-26 00:00:00
b0e27a07c49f580ee1a2c6418cd7a5cf,30e340f9b4d036a1cd6b39ae26aa301e,delivered,2018-07-01 18:16:52,2018-07-01 18:30:23,2018-07-10 08:26:00,2018-07-13 19:23:54,2018-07-26 00:00:00
c07ddbce3f94a335544e744012c52f0f,ea2ecf4a8368958eee851ed4f09dfcc1,delivered,2018-06-16 11:21:25,2018-06-16 11:37:54,2018-06-19 14:14:00,2018-06-20 21:04:42,2018-06-28 00:00:00
1642e31bb76f2a24c290180af7199534,16af046c6e12d45c217d2b4640a8059b,delivered,2017-06-07 17:22:21,2017-06-09 02:15:18,2017-06-09 16:13:21,2017-06-22 15:56:50,2017-07-04 00:00:00
9d71dfb3ebb4e219c2d5b658c31cc476,530a7c06fbc78da973f9244e585c5997,delivered,2017-07-10 11:15:04,2017-07-10 11:25:24,2017-07-14 16:04:46,2017-07-27 17:37:38,2017-08-01 00:00:00
df3094913bc127b3b866783f3a915565,b9faa890d41931860c709ddbb9a2ebc8,delivered,2018-01-22 19:11:45,2018-01-22 19:19:31,2018-01-23 22:48:04,2018-01-26 21:59:02,2018-02-14 00:00:00
7dfdd7eb79e2cc6f2fd2e5c400050a84,30119e3989513937a4c0e9e2a92f8767,delivered,2017-09-07 17:57:13,2017-09-07 18:05:48,2017-09-08 17:10:14,2017-09-11 20:13:37,2017-09-20 00:00:00
ecd8062fbfcffa53761ca8b8a5f9b01d,ceb884f66ec83a3d90578d492c89a137,delivered,2017-11-11 20:39:43,2017-11-11 20:50:31,2017-11-17 20:58:21,2017-11-24 17:24:43,2017-12-11 00:00:00
7884a405695cfa1ef341433ff3bed5e8,d5e903e57b44bacc475bf7f008fa2f1b,delivered,2018-03-26 14:19:32,2018-03-27 03:51:17,2018-03-27 19:18:44,2018-03-29 22:13:05,2018-04-13 00:00:00
d474ba46ee8562bcbefd8076c3e0a6bc,2bea8d10a33e90cfa74d5ad0bc41c28c,delivered,2017-12-19 16:59:37,2017-12-19 17:30:26,2017-12-20 17:23:21,2018-01-02 10:10:35,2018-01-18 00:00:00
85c6b7c4a9bd682b29898b2ebbcf2e4d,572c8a1823ba227d8ffd3be6a6711a86,delivered,2018-07-16 22:56:49,2018-07-16 23:10:13,2018-07-19 13:35:00,2018-08-01 00:03:33,2018-08-07 00:00:00
2d7fab68acf33daf2ba5fc66a9435377,8e5d0adde31e653546790a303a88efbd,delivered,2018-08-10 00:39:14,2018-08-14 04:10:21,2018-08-15 11:53:00,2018-08-28 13:47:30,2018-08-31 00:00:00
88b3b4d2f2d10a6dafd468832fc6962f,07fdeb5b5682468f0f01328957c62ade,delivered,2017-03-09 11:43:07,2017-03-09 11:43:07,2017-03-16 10:14:39,2017-03-22 12:48:30,2017-03-30 00:00:00
f4038334bfbc2eaa6d1f3bfece21aa4b,28d96ae4cad002111e2ff13d60458c86,delivered,2017-05-12 21:31:59,2017-05-12 23:02:34,2017-05-17 17:17:54,2017-05-23 11:57:42,2017-06-01 00:00:00
88ed80694131b1822708424297e13908,e8e4bcc30c03e247b55776f9cbe69b2d,delivered,2018-01-18 22:48:53,2018-01-19 22:55:57,2018-01-22 23:18:43,2018-02-06 18:52:40,2018-02-20 00:00:00
1e0f40bbfe787796d0c56e3795dc94d8,df1e522fe10d104e337d07d3ba3ff108,invoiced,2018-08-06 20:17:25,2018-08-06 20:30:10,,,2018-08-09 00:00:00
6552ae78f1de31bcde1fc2cfcab0d25d,ccb212cf6faf1356d9b5509259de0940,delivered,2018-05-17 14:05:28,2018-05-18 02:14:44,2018-05-23 12:44:00,2018-06-18 20:34:58,2018-06-07 00:00:00
016a938f2b34aa5ef05027fc83f5b81b,ba7cb70dd18aadd6f7f72c60d08df953,delivered,2018-01-23 21:47:21,2018-01-23 21:59:51,2018-01-24 18:09:25,2018-01-30 14:28:48,2018-02-16 00:00:00
1d855e8c92028241ca7037420e529185,6534e598b0d2df4ae408c8b114b97618,delivered,2018-01-12 00:31:57,2018-01-12 00:47:54,2018-01-12 23:39:27,2018-01-14 13:59:56,2018-01-29 00:00:00
adb8036d8a5a923d533101a9a7397523,25f08a1d68e45786faabcd178d5e074b,delivered,2018-08-15 22:30:47,2018-08-17 03:10:16,2018-08-27 15:21:00,2018-08-28 18:32:11,2018-08-21 00:00:00
11de50ab7226b408f3a6b59c12e11c9b,4532cf6e69b7306956fae228565175eb,delivered,2017-11-09 18:19:38,2017-11-09 18:30:21,2017-11-10 17:38:47,2017-11-17 19:38:35,2017-12-06 00:00:00
820349ed7a25bbfa196bb4f9a28442f2,687f63c64f1b99fbd97d3d1e940c781a,delivered,2017-11-04 09:35:15,2017-11-04 09:50:25,2017-11-16 21:58:55,2017-11-27 18:32:27,2017-11-29 00:00:00
21bdc97768bc2e7a3e428d0ede7deb85,b632584c672b004257be4b2e5ae4907e,delivered,2018-03-01 15:16:55,2018-03-03 02:35:44,2018-03-23 19:16:37,2018-04-06 19:20:49,2018-04-03 00:00:00
850bdb83409632771907268b16c60bb7,35130a8e95ead79c61cd466073b8a711,delivered,2017-07-23 09:46:05,2017-07-23 09:55:14,2017-07-25 12:24:20,2017-07-28 21:17:46,2017-08-11 00:00:00
60dd1f3b513374229c549a9a31475a54,254aa137bcf168bc40b94ea8953dda19,delivered,2017-09-10 22:50:14,2017-09-10 23:04:50,2017-09-11 21:24:53,2017-09-26 21:30:04,2017-10-09 00:00:00
b22fe8539dd76cacfc5337279db388b9,20091e2dd1dcc3a5a32cec435515a68e,delivered,2017-10-02 10:32:25,2017-10-02 18:35:18,2017-10-03 21:27:59,2017-10-11 20:18:02,2017-11-01 00:00:00
8ef9773bd9ab2847c59fa02239ab6b43,345eeee76c17d84aa898e125faaa016a,delivered,2018-01-05 12:44:31,2018-01-05 12:51:22,2018-01-09 20:15:40,2018-02-08 11:56:46,2018-02-08 00:00:00
c679e1baef76a7cf123dc697fe11c7ad,aa33d697a2f5ee04aae5e9a8227e913e,delivered,2017-08-19 20:44:22,2017-08-19 21:04:26,2017-08-23 15:16:34,2017-09-05 17:18:03,2017-09-13 00:00:00
f3c99890a23a7a4c9998c133ab700a10,5775b7b3418e77dcd619b9a0214cf265,delivered,2018-05-03 14:29:44,2018-05-03 14:55:03,2018-05-03 15:16:00,2018-05-09 17:49:01,2018-05-24 00:00:00
c8613f1f2b834e72422ddd76442f677c,4720c66c135564981e9f6f641d711e68,delivered,2017-12-07 13:30:57,2017-12-08 02:35:21,2017-12-08 19:27:10,2017-12-28 04:14:23,2018-01-04 00:00:00
3d24c492f9555a79d4d6fd3a22fbee1f,6333aca7e61257c54c206cecc84559ce,delivered,2017-02-07 10:05:43,2017-02-08 10:15:10,2017-02-08 11:45:34,2017-02-13 16:37:38,2017-03-02 00:00:00
2e83b15e672c7df0e3f0b25365aeaade,c093e30af6e1fbbe83fd938054ee096a,delivered,2018-05-18 00:31:27,2018-05-19 02:35:13,2018-05-21 15:16:00,2018-05-23 19:02:40,2018-05-29 00:00:00
b2474e46a04ca0a4e74efac9384ea7cd,6224f84913cf9bb9fd55488797e2da0f,delivered,2018-05-02 19:43:27,2018-05-03 04:32:58,2018-05-03 15:16:00,2018-05-04 20:45:43,2018-05-15 00:00:00
2fa0de151b7f1f86d97df7c2a0e11626,e6b50a185ecfa9d9e3b20205b455f729,delivered,2018-06-07 10:01:24,2018-06-07 10:15:17,2018-06-14 19:18:00,2018-06-18 18:08:40,2018-07-04 00:00:00
4fa9d0878410252bb7108bfba1b99ac8,4ea968eaa250fba63516f27fdb73eb7f,delivered,2017-05-30 15:08:01,2017-05-30 15:23:10,2017-05-31 15:26:58,2017-06-05 17:02:57,2017-06-22 00:00:00
242e24b7eaa9f48cde9d679f8591124d,3197648bc591f89b9b15d647c1ee1c0e,delivered,2018-04-11 12:25:04,2018-04-11 12:50:54,2018-04-12 00:08:32,2018-05-11 15:54:56,2018-05-25 00:00:00
18edb9e5b61f525f0da899c852534893,0d475ec1ce439eb41eef87f144b30d3f,delivered,2017-08-29 00:12:32,2017-08-30 02:16:14,2017-09-05 20:02:54,2017-09-06 18:13:22,2017-09-13 00:00:00
8c300dccf86d2468e58d252d1c7377e5,5ddcfafb3cafa6989a43aa72ea1d348f,delivered,2018-02-05 09:02:02,2018-02-05 09:10:29,2018-02-07 19:33:37,2018-02-16 21:59:02,2018-03-02 00:00:00
5156f62d18510bbdc946ebbe9846a6d4,e59ea0ab16e4c5d4e49442b7ad210ef0,delivered,2017-08-07 00:18:41,2017-08-08 03:55:47,2017-08-08 19:51:18,2017-08-17 20:47:52,2017-08-29 00:00:00
43581787775b8fbac5c4d6dfb76ee984,be6645038a9412d0d4ca9261f268b11c,delivered,2018-04-17 23:08:45,2018-04-19 02:35:11,2018-04-20 19:42:48,2018-04-24 16:35:05,2018-05-14 00:00:00
87c8e3ac05f5f884b03609437857cec4,297cfd6e0d647b3f27687bd95d0ed5ad,delivered,2018-04-14 18:19:52,2018-04-14 18:31:25,2018-04-17 22:21:50,2018-04-24 21:08:50,2018-05-09 00:00:00
a785f992778e63bfb3b2288b684217a2,3902d933b5018c132ea3fb1db8d8762e,delivered,2017-10-22 14:46:44,2017-10-22 14:56:18,2017-10-23 14:44:12,2017-10-30 19:29:35,2017-11-09 00:00:00
43f637f4ddf1f51c9a9ab9a34856d259,fbb505a3f8346cc167d1ffaadeadc22f,delivered,2018-02-11 23:34:20,2018-02-11 23:50:36,2018-02-16 18:25:36,2018-02-19 20:17:36,2018-02-26 00:00:00
e05baad10996981eaa39afb7caa38517,22ca2a10366d24ad46bac7314dd6aee0,delivered,2018-03-17 19:21:13,2018-03-18 19:15:24,2018-03-20 21:22:28,2018-03-27 23:34:58,2018-04-05 00:00:00
693baf16595f02138e24e30ba2f1925e,31f2247461c783f2fc3c7f88a675c818,delivered,2017-05-17 19:14:22,2017-05-19 02:30:29,2017-05-25 09:21:37,2017-06-03 09:55:36,2017-06-06 00:00:00
d82b18538d54e63389c7a2a8bf8a875d,110d1ee2a64ac0d58f0e1161569b6ae4,delivered,2017-07-19 23:00:06,2017-07-21 06:43:17,2017-07-28 18:53:43,2017-08-07 21:07:54,2017-08-17 00:00:00
355ab384aa99e2354527c4defcfbab72,dfdce5cbb3a1a1cd9e49ea9af8aeea02,delivered,2018-05-21 23:09:53,2018-05-22 23:17:45,2018-05-23 14:31:00,2018-05-25 15:20:52,2018-06-01 00:00:00
278b7931248401487747dd5edf32a710,b2f009e2540dd1f41f2cd6550330fc8e,delivered,2018-02-14 13:38:33,2018-02-15 09:55:45,2018-02-19 22:08:55,2018-03-07 22:48:42,2018-03-13 00:00:00
714e87e589c74ad0e8ddb6b9c9706abf,bb57625bfea720d058af92852a0bb303,delivered,2017-02-13 10:26:59,2017-02-13 12:30:27,2017-02-14 04:47:54,2017-02-17 11:34:51,2017-03-14 00:00:00
12f2f3174deba94de2aa43ad4adf6d3e,cc4fef4299b231a913af5205feed5e36,delivered,2017-10-11 09:50:15,2017-10-13 21:26:18,2017-10-17 20:14:11,2017-10-30 20:16:38,2017-11-16 00:00:00
6c187a778a170f2bc6beac3979e3a81c,e37623a7c983c5174d5aea2aad30a080,delivered,2018-03-19 12:56:50,2018-03-21 02:51:11,2018-03-21 22:13:37,2018-04-16 18:14:28,2018-04-11 00:00:00
ced1ad511f0040ea9b8eb5008d7d1344,d4bbb88f4bd83fc93e2ff050e48e9fb8,delivered,2017-11-08 11:56:58,2017-11-08 12:30:58,2017-11-09 17:18:51,2017-11-10 20:11:47,2017-11-22 00:00:00
fc570e267c5c6bd72f926b1e075e9840,4adfaba43ed62faa6b513a4b7623ebec,delivered,2017-09-09 14:40:50,2017-09-09 14:50:19,2017-09-12 13:18:12,2017-09-14 18:53:30,2017-10-02 00:00:00
7748e0d22cb39dacfbbe50ab2cb768fa,6a933d575369fd2e59732c81a51ab189,delivered,2017-11-28 09:10:12,2017-11-28 09:34:19,2017-12-01 21:52:37,2017-12-05 20:17:54,2017-12-12 00:00:00
e87cef857d6e092b7352e1fb48a82de1,9aa30d6b55543291e602cefe6f3810f2,delivered,2017-08-12 23:18:08,2017-08-15 03:25:22,2017-08-18 17:27:36,2017-08-21 12:42:05,2017-08-25 00:00:00
2d8589819360cb6c6603825b50230ba4,4213680dae0d52274e4bdaeaa7f048c0,delivered,2017-10-03 17:41:15,2017-10-04 03:07:22,2017-10-10 18:18:07,2017-10-19 20:23:48,2017-10-31 00:00:00
d00beb3dc9b2e213d9ea5ee30b0541f3,0d41b93aa65d7ebb7b8b1f091ef6644c,delivered,2018-05-07 20:40:33,2018-05-07 20:55:35,2018-05-09 15:47:00,2018-05-12 15:31:56,2018-05-30 00:00:00
7ceb3c8bbf48eaa776064d56012afbc1,d1716127507963cc4ee83fea7669bb82,delivered,2018-03-05 20:13:00,2018-03-05 20:28:52,2018-03-08 00:06:55,2018-03-13 00:24:29,2018-03-21 00:00:00
cf68d1708492cb14a50e5aeb9b7abe1e,841fe4f39338e188364eff57c38f2768,delivered,2017-11-10 13:28:24,2017-11-10 13:47:02,2017-11-14 16:36:19,2017-11-23 19:03:23,2017-11-30 00:00:00
b51513f98ab50006e3b2b4a888cdec14,0ec6fdf01517d4e03821ee8f2adeafe9,delivered,2017-07-20 11:39:45,2017-07-20 11:50:25,2017-07-20 17:16:03,2017-07-21 18:49:31,2017-08-02 00:00:00
808309c9098aa7aeb4c69b09249329ee,9cf0decfac03955d30e6a5b6f4329140,delivered,2018-01-16 16:48:17,2018-01-16 16:55:37,2018-01-17 18:21:31,2018-01-24 19:09:40,2018-02-08 00:00:00
cd9ef363164449df0bf374f87fa1b1de,b5465de2043513d45163ffec2620e4bf,delivered,2017-05-22 16:29:35,2017-05-22 16:45:17,2017-05-25 06:13:19,2017-05-26 13:43:44,2017-06-13 00:00:00
38af22d4eecd88f7cbeab4a7a8fde9ca,ee2f5465569df604e9c75c8d7b744331,delivered,2018-07-17 18:06:11,2018-07-17 18:15:22,2018-07-20 11:19:00,2018-07-24 19:32:58,2018-08-02 00:00:00
971255ac71ca5ab5eccc94b177e081c5,974809ed2f12441c5c99e5ab636c2af4,delivered,2018-05-07 18:56:36,2018-05-08 18:55:20,2018-05-10 21:03:00,2018-05-14 17:58:39,2018-05-29 00:00:00
7a15f77a2e493fe39b2cafd081785e63,75671f1507d40188c0cdc8c21a5d1cb4,delivered,2018-04-03 14:25:24,2018-04-03 14:49:05,2018-04-05 21:17:47,2018-04-17 18:47:45,2018-04-23 00:00:00
2aeccc79ee65865edc103faeb5c519c8,fdaa2462e375d8c6e2a00da969ac30c5,delivered,2017-08-24 18:20:38,2017-08-24 18:35:09,2017-08-25 16:31:39,2017-08-29 17:52:04,2017-09-06 00:00:00
8d6a24500da2c0b69d6e7fa5c28e9c09,63523bbb461dd0b8fffa47e82833533c,delivered,2018-08-18 15:41:34,2018-08-18 15:55:22,2018-08-20 15:35:00,2018-08-23 18:16:51,2018-09-06 00:00:00
84e17e421d31fb16afd5c58db7c40265,3c3011c54725dff74a33c25c8d79aab6,delivered,2017-02-08 17:32:55,2017-02-08 17:45:17,2017-02-09 09:44:27,2017-02-20 12:41:21,2017-03-15 00:00:00
5df3e4bdf3b11255c6c73bd401826bae,f1c4f32e47264ad79b39838b82e281e0,delivered,2017-10-03 12:53:26,2017-10-03 13:07:24,2017-10-05 17:05:53,2017-10-13 19:12:52,2017-10-26 00:00:00
c72c794309b49932e42cf11c75b22c45,258b5a6816fdca7a218868c01b0e6bef,delivered,2017-09-11 07:12:41,2017-09-12 04:44:59,2017-09-13 17:46:49,2017-09-15 17:13:16,2017-09-21 00:00:00
11b28c422dbc36022d126532c681bc14,243907f3216ccf9f3202f7d779dc5d98,delivered,2018-05-16 13:20:18,2018-05-16 13:35:12,2018-05-17 15:06:00,2018-06-01 11:48:56,2018-06-05 00:00:00
f2307c6c281dc9e69cee79495692066a,e177da54a5ae8634501dfb4adde619b1,delivered,2018-08-15 19:42:43,2018-08-16 03:24:23,2018-08-16 11:23:00,2018-08-29 12:56:54,2018-09-13 00:00:00
04915529f622f4b069fb4501085fd905,9112f67cff437f03c7617e0b7a72846c,delivered,2017-05-09 18:59:16,2017-05-10 15:02:30,2017-05-12 14:30:26,2017-05-13 10:22:04,2017-05-17 00:00:00
e26feee700e28b2867a3e8d6f2b644b3,cdeae9bb83dc9049458f53e9d69251ec,delivered,2017-03-02 18:00:16,2017-03-03 17:55:22,2017-03-09 15:23:31,2017-03-21 05:28:41,2017-03-31 00:00:00
0020262c8a370bd5a174ea6a2a267321,9ec353f970bdf785f6568724d9ea19aa,delivered,2017-11-28 09:32:49,2017-11-28 09:58:07,2017-11-29 00:09:20,2017-12-02 12:27:33,2017-12-22 00:00:00
cab82738404ec4bf9389ddd56a7aa784,06656bf78bcb39c3852e16abd900c1f2,delivered,2017-07-31 23:07:50,2017-08-01 00:45:21,2017-08-01 18:19:26,2017-08-02 21:07:37,2017-08-11 00:00:00
a759a1bd0f615de8c57f2af26ee39703,cba5baeab255524c13c3fbd18373be8f,delivered,2017-02-15 11:00:31,2017-02-16 02:25:42,2017-02-17 10:58:32,2017-03-01 11:22:54,2017-03-27 00:00:00
20c93204065c1cc43ac91fe4358f8983,d53782279acdd8fad99e3908be8bbcf1,delivered,2017-04-09 15:38:44,2017-04-09 15:50:12,2017-04-13 13:57:36,2017-04-20 11:25:58,2017-05-08 00:00:00
7cefff4bf786909dba88110841d3b39c,a62fd2d56ef4e1960269fee7e58d6c0d,delivered,2017-11-22 12:17:55,2017-11-22 12:28:28,2017-11-30 20:40:08,2017-12-18 14:35:37,2017-12-08 00:00:00
42b076368392e0adade05ddd266b8d90,3a236a7bec957eb557d66d11c1ac216e,delivered,2018-03-29 10:05:43,2018-03-29 10:27:59,2018-03-29 20:08:42,2018-04-06 22:41:37,2018-04-27 00:00:00
e0e5807a5f4aac90220ad176d501cd7a,e5430f3513a54f0a1eea6e02e3e9c6aa,delivered,2018-05-10 20:10:23,2018-05-10 20:31:04,2018-05-15 15:06:00,2018-05-17 17:49:50,2018-05-28 00:00:00
95d1d57cd27cd0857ef85f53ad2ed3b8,d47db9098abd035789999ed3185fb607,delivered,2017-09-25 13:01:16,2017-09-27 02:49:27,2017-09-27 19:53:26,2017-10-04 04:10:36,2017-10-10 00:00:00
377f567515463777ac90f1bf75084eed,07c7a0b82302514ec1c6135dc7dec4cf,delivered,2018-05-12 11:53:29,2018-05-12 12:12:33,2018-05-15 14:53:00,2018-05-22 18:41:32,2018-07-02 00:00:00
e14eb5b6674a1436f94afd67ea14ac19,cb0e9523a4cddb0655e0eecf1dcef2d0,delivered,2017-10-10 21:02:09,2017-10-10 21:14:35,2017-10-11 21:56:41,2017-10-16 21:29:55,2017-10-24 00:00:00
2591f6277be80b0c25627c745ec900c4,614e4a9149f6119fc5e8780ddfeaedfd,delivered,2018-08-04 16:55:24,2018-08-04 17:10:08,2018-08-08 12:22:00,2018-09-03 15:24:34,2018-08-14 00:00:00
3253dbc37317420bcb7b0f5aa1c571c1,cb7c2f382492f4ed45a0267ca1da9e35,delivered,2018-01-05 14:14:35,2018-01-06 02:27:51,2018-01-09 22:06:41,2018-01-16 21:19:48,2018-01-30 00:00:00
1b6f2f7f803e2c324492721f9e83211d,e2a5b7496e1b7f7852b00fafbcd3bb52,delivered,2017-12-07 16:53:03,2017-12-08 15:52:54,2017-12-11 18:18:41,2017-12-20 20:17:21,2018-01-04 00:00:00
bee8e1ed5119e2f2a4bfb408ab6ab177,95702279f83f435c44baffc96007cfea,delivered,2018-05-27 22:26:57,2018-05-27 22:55:50,2018-05-28 13:56:00,2018-06-11 17:12:32,2018-06-28 00:00:00
26a6cb1654ddb8cd23a0b67cf5dad223,e16d90c4a9c27e82cf3fe238ec3ea836,delivered,2017-12-13 17:16:26,2017-12-13 17:31:26,2017-12-21 16:09:21,2018-01-04 14:38:52,2018-01-05 00:00:00
1cc0c55f59f96405e1b29fbd9bb91c01,6931756abfcdeb52082dc175f8ca0fdd,delivered,2018-05-07 01:02:43,2018-05-07 16:34:06,2018-05-09 13:55:00,2018-05-18 15:41:56,2018-06-14 00:00:00
688caf637d0fff2abbdcc0303cd47b1e,b9a97a1bf65615341a2c052368e650fb,delivered,2017-10-15 22:41:59,2017-10-15 22:56:17,2017-10-16 21:49:34,2017-10-26 21:17:59,2017-11-10 00:00:00
c33847415203d145000463a6976952b6,453319763d53187bead0d2aa6575ef15,delivered,2017-09-14 13:18:21,2017-09-14 13:30:22,2017-09-15 20:26:59,2017-09-27 19:28:47,2017-10-13 00:00:00
361ec4bb805dbba76f0c4af3b4d7804e,62c10a2e490b6fff0d3b216c365f6da4,delivered,2017-08-27 17:35:37,2017-08-27 17:50:18,2017-08-30 20:28:03,2017-09-04 17:51:53,2017-09-18 00:00:00
ad8adc3413ef931f82e9cc0e6c1ca009,0b3266fa3a88c132be21f0cc1ab9a113,delivered,2017-04-28 23:17:03,2017-04-29 13:50:21,2017-05-05 11:32:45,2017-05-19 18:32:19,2017-05-29 00:00:00
2f98fa03385c6020590b479aa12b8073,adbe032ae548ad0ea9f5af1e8fb564eb,delivered,2018-08-19 02:22:53,2018-08-20 14:30:27,2018-08-21 12:25:00,2018-08-27 23:45:57,2018-09-05 00:00:00
1467273f73290140b548eeefa70dca8b,db5df2109cf7f549cbd44e3b02d6a320,delivered,2018-07-19 19:17:20,2018-07-19 19:50:08,2018-07-25 14:22:00,2018-07-30 16:54:44,2018-08-16 00:00:00
37dd0a597befd18b4e172e00487e4c46,e0cf8f143b22051b37718627c8580554,delivered,2018-01-02 20:28:32,2018-01-02 20:50:13,2018-01-12 20:23:46,2018-01-20 14:52:36,2018-01-31 00:00:00
dfe927ca4859176d7377a7543078d4b1,d6880369dd3f36a3f15b849edc8ab8d3,delivered,2018-08-06 21:10:43,2018-08-06 21:25:21,2018-08-08 14:25:00,2018-08-17 20:36:39,2018-08-23 00:00:00
b842e9225252d13f6af62ff4508d7c43,d9a4b5aa53433b592bdea6b33f44a8e8,unavailable,2017-08-02 22:17:16,2017-08-02 22:30:14,,,2017-08-15 00:00:00
e4df6dfaef8b7e7cc89edb8a6efe60c2,27b748850fafeabfd7f089e4969744b2,delivered,2018-06-11 17:39:24,2018-06-11 18:00:12,2018-06-12 16:12:00,2018-06-14 14:22:44,2018-06-28 00:00:00
e6e5658805bb34a4ba873cb271def02c,d2e827a0183c03e5696c076aa6db30b9,delivered,2017-08-15 20:46:28,2017-08-17 02:50:35,2017-08-18 19:27:34,2017-09-04 20:13:07,2017-09-06 00:00:00
997aa6af22dd08ccfc5064a112a22aac,bb6f9466bf5441cce5105434c83f9297,delivered,2018-05-22 10:31:02,2018-05-22 17:15:06,2018-05-22 15:43:00,2018-05-24 12:50:34,2018-05-30 00:00:00
f2a335c81aebf64a9a4309436e7af4a8,cca8b12b9e669afd8a28ff57fd5c5e75,unavailable,2017-06-05 17:16:12,2017-06-05 17:30:06,,,2017-06-28 00:00:00
53d67d7e562650461c0068ff08a53bbb,42eb20c7af6139c9b3c52be6d46a46a5,delivered,2018-01-08 12:13:26,2018-01-08 12:27:56,2018-01-13 01:23:00,2018-01-22 20:21:32,2018-02-07 00:00:00
95fb0a173e3c0b9389ab50a9eb673b58,54a604b7c13eda31a4723072fa459ef6,delivered,2018-04-19 14:49:55,2018-04-19 15:11:23,2018-04-21 00:12:09,2018-04-25 22:14:36,2018-05-24 00:00:00
cce396b7de9158adfd7556936f8ba267,ae1b14ddfdde090ddee628da4ac485b8,delivered,2017-02-23 10:36:35,2017-02-24 02:42:23,2017-02-24 12:37:53,2017-03-02 14:18:07,2017-03-23 00:00:00
438dad6fa6e9ce3c50e4497b4232c7ce,7bf292ff5a207037c946ce46a12e8d7b,delivered,2018-04-19 16:11:59,2018-04-19 16:58:08,2018-04-20 20:03:36,2018-04-26 18:12:34,2018-05-18 00:00:00
d202554195e58c33ec744226022191f1,674698501fcd2236a40169c72c802d12,delivered,2018-02-19 13:16:33,2018-02-19 14:20:52,2018-02-21 19:39:03,2018-03-07 19:09:39,2018-03-27 00:00:00
1b90f9331b9a9fa6f2563ea6a3bacf1b,3a488b62b5f838611ddd622f945fdf0e,delivered,2017-07-27 18:53:08,2017-07-27 19:05:18,2017-08-04 19:12:21,2017-08-14 19:32:47,2017-09-05 00:00:00
fc06766875a10376c5a1f0b4c0320dac,0feaa9666d68f76e57167ccbc45723fa,delivered,2017-06-03 12:46:36,2017-06-03 13:10:11,2017-06-07 17:17:03,2017-06-28 14:09:18,2017-06-26 00:00:00
8ca35ef9366e216446621215448b381a,d67a578455299dcc8de18bdce1a70aa4,delivered,2017-02-05 19:46:40,2017-02-05 20:02:28,2017-02-06 11:50:53,2017-02-16 13:18:53,2017-03-01 00:00:00
74bbd58cddb2228b26c9c73ea8b4d9e7,8e622647124e45bc3c29ce3d7c9cdf25,delivered,2017-03-21 22:50:11,2017-03-21 22:50:11,2017-03-23 10:28:46,2017-03-29 14:37:58,2017-04-11 00:00:00
8ed420bf335aa8deb040bf292d3e86d5,8cbce72a04e9eaafcd9d4a0363356a36,delivered,2017-11-15 17:49:24,2017-11-15 18:07:36,2017-11-16 18:26:38,2017-11-28 22:31:54,2017-12-13 00:00:00
816fd1f12f703f9825eb7c4c307388b5,ba225d2770cc7c6f31a43e73472f7d6e,delivered,2018-05-30 17:50:08,2018-05-30 18:15:38,2018-06-22 18:42:00,2018-06-27 00:54:22,2018-07-03 00:00:00
2033b71596a6d101bc6d429c6a811455,aab03c72dd20ff4aab68f24c8fd6ea57,delivered,2017-06-23 20:37:03,2017-06-23 20:50:13,2017-06-26 14:56:36,2017-07-04 13:29:47,2017-07-17 00:00:00
a9119eb77d6200811953803a7b6539e1,469634941c27cd844170935a3cf60b95,delivered,2018-03-12 13:07:03,2018-03-12 13:15:28,2018-03-13 22:12:18,2018-03-22 18:28:55,2018-03-29 00:00:00
ed65a83531a2a39519f7fd6fbb0fe12c,a30245e6236757c2e9958195138fff85,delivered,2017-11-30 23:36:03,2017-12-01 10:31:12,2017-12-05 15:39:16,2018-01-03 20:07:05,2018-01-04 00:00:00
8b2c286fa36b36c8144eca3a464b09ae,2450929be329d0da6417baad9c0ec763,delivered,2017-08-30 17:52:32,2017-09-01 02:24:50,2017-09-05 21:11:02,2017-09-18 17:54:34,2017-09-29 00:00:00
b8c3dd0f9bb856afe6bc212d407d20f1,25e70c9cdd059bec28d09cd19fe0a8ed,delivered,2018-06-11 13:59:10,2018-06-11 14:18:32,2018-06-11 16:16:00,2018-06-20 18:51:37,2018-07-11 00:00:00
f939f0226d610aad8bc41cb7433e5f70,4898298d72e64f88fc72c75881bb26d6,delivered,2017-11-19 01:23:23,2017-11-19 03:07:58,2017-11-22 21:40:44,2017-12-05 18:58:48,2017-12-08 00:00:00
2cdefa55b6451e99ea05e363761f87fa,01f9be48b48de8870e94f9744bd6ed7b,delivered,2018-02-15 11:07:38,2018-02-15 11:30:33,2018-02-15 20:56:13,2018-03-07 16:58:38,2018-03-15 00:00:00
6ef48857a65c0db78e1cd9e0accbd55b,54946c90d1f2903802bcbf8c5d161782,delivered,2017-05-24 15:26:48,2017-05-25 02:35:11,2017-05-29 09:58:04,2017-06-02 18:12:58,2017-06-20 00:00:00
7b763f13bd97f02732ac755160e29497,8be927d8fb3b9fa474e1afcac281cdcb,delivered,2018-07-19 22:26:57,2018-07-20 09:15:14,2018-07-20 10:28:00,2018-07-30 14:31:52,2018-08-14 00:00:00
c7fda56679ce4368d59d2d9511b3c19d,6565af20feeebef7ba6555d673c9b418,delivered,2018-08-06 20:11:35,2018-08-06 20:24:35,2018-08-07 11:50:00,2018-08-16 20:25:36,2018-08-29 00:00:00
23d42019f5dad56f22fc05644f13b3fb,61d9efa8dc12c7bc61c2a3a7ae74fdf6,delivered,2018-02-21 15:23:21,2018-02-22 02:10:38,2018-02-23 22:32:15,2018-03-08 10:24:53,2018-03-19 00:00:00
7305de8d799425df87d0f0c07d7ca63d,2f28f35b1daac701a19117b36b98c634,delivered,2018-01-25 19:47:09,2018-01-25 19:58:27,2018-01-26 21:09:35,2018-02-06 19:33:16,2018-02-20 00:00:00
adfb9e0fb02034c05e4cdf3395bba600,d7f20de008f6b1c94290f25cc2631d79,delivered,2018-06-11 13:54:33,2018-06-11 16:31:48,2018-06-11 16:16:00,2018-06-16 16:44:39,2018-07-05 00:00:00
1a3232d9cd3dd8dee9115e3c9a4668d1,8a48d765503bb8a8053e646e1f08b3d6,delivered,2017-12-03 00:31:45,2017-12-03 01:55:40,2017-12-20 00:22:18,2018-01-08 19:06:11,2018-01-24 00:00:00
605b7b4cb3154a3b313acb10f1f0f6cd,f10bbdc89537115c957937dd50a20ca7,delivered,2017-12-03 21:11:45,2017-12-03 21:31:06,2017-12-07 14:52:16,2017-12-20 14:17:11,2017-12-29 00:00:00
5d4b951a36d28b50e981ff69e62e2414,f7cff8f8b5ad72782c2d8ade091d3878,delivered,2018-08-02 12:07:37,2018-08-02 13:10:14,2018-08-03 13:05:00,2018-08-07 21:22:09,2018-08-14 00:00:00
ff8ac98b246381dba3eb9d51e77faf6c,2f5f1572415e02d8955c27c1f5b462b5,delivered,2017-03-08 15:15:06,2017-03-08 15:15:06,2017-03-09 09:18:24,2017-03-14 15:21:59,2017-03-30 00:00:00
67c98a67dc2ac210412c20b401357163,01c21b9e3aaa1a629149d34fe682ce0f,delivered,2017-06-23 13:29:06,2017-06-23 13:44:14,2017-06-29 12:51:00,2017-06-30 15:57:52,2017-07-06 00:00:00
296a93c03580ee2cd6d1c20346191d6b,598f6ea65e0d55d010f88b0093381db5,delivered,2018-02-14 11:37:43,2018-02-14 11:50:30,2018-02-14 22:33:20,2018-02-27 11:22:54,2018-03-13 00:00:00
81f15a8caa9410d3483393a17f7e1745,1d36a6923296de7a040b2f392cf7ebe0,delivered,2017-09-22 11:58:32,2017-09-22 12:10:23,2017-09-25 16:13:25,2017-10-10 17:24:02,2017-10-17 00:00:00
dc839b5e01c6cbfab1c06a366e70e9e6,8a0c1872f6356d10f9f7ce1fb44333c9,delivered,2018-01-19 16:09:13,2018-01-20 09:09:09,2018-01-25 21:22:15,2018-01-29 22:38:52,2018-02-09 00:00:00
fa0fef4aa9fe35b6b22d0637fb559072,12d8ecae91bb3a4934b09c2576e87357,delivered,2018-03-30 20:23:15,2018-03-30 21:10:15,2018-04-03 22:54:26,2018-04-09 22:48:39,2018-04-18 00:00:00
dc03cba6a1d6cf5c28d1fde5dab9a0bd,f00870f85b77deccee72bf3ee280785f,delivered,2017-07-18 09:22:02,2017-07-19 06:42:50,2017-08-10 20:53:06,2017-08-18 20:32:08,2017-08-09 00:00:00
f8d1f879af678ff6582adada493313f6,eccf3f47e4cc5767bd2798d21a88bc93,delivered,2017-11-26 14:52:30,2017-11-28 03:43:17,2017-12-08 23:56:59,2017-12-15 17:56:50,2017-12-18 00:00:00
5b4858f2dcf69731f2285a38829bfa7c,c8223f76047e09bea798462f2f46ffa9,canceled,2018-02-15 20:53:17,2018-02-15 21:06:43,2018-02-16 16:52:52,,2018-03-16 00:00:00
80f1a60aab67dd9a56cc211cf8874382,4b8217e87c8c8e243512a752fa2f1da6,delivered,2018-04-15 22:44:08,2018-04-15 22:55:20,2018-04-19 18:40:00,2018-05-03 00:51:29,2018-05-10 00:00:00
bf866aa88acb3c2595d0627c7a6bedf7,0b15496cbc114f48fa133a72bb4ab7b1,delivered,2018-04-02 09:28:24,2018-04-04 09:48:37,2018-04-04 21:56:23,2018-05-03 15:11:54,2018-04-25 00:00:00
eb4067cedddfc4c3f7e9616456fc70af,1f52ff2844a8fe02f1c3f21881920751,delivered,2018-06-18 20:31:19,2018-06-20 20:37:41,2018-06-22 12:26:00,2018-06-28 19:41:42,2018-07-17 00:00:00
e71f305bd634aa47b14ee018ec8f6f38,e08996212ffc6d1038bfb49aed58310d,delivered,2017-10-12 18:29:00,2017-10-12 18:36:24,2017-10-16 16:25:47,2017-10-24 01:51:46,2017-11-03 00:00:00
bbeeae69169758cd2d24b78df914a56a,7d496c6a7b00221ba195bb0304657b19,delivered,2017-11-15 15:26:40,2017-11-17 10:51:10,2017-11-21 16:11:57,2017-11-30 18:33:47,2017-12-08 00:00:00
8755ff039d17ea91d56589e906fefc9b,e0dbd977cd107f73ab95d0891194cc47,delivered,2018-01-16 19:18:58,2018-01-16 19:31:20,2018-01-20 00:08:50,2018-01-24 23:17:38,2018-02-07 00:00:00
31d5120f144d73ba1e5aa4e747a328e9,9de9dcccd336d99f63eb24c980e60c78,delivered,2018-03-20 22:33:50,2018-03-20 22:50:33,2018-03-21 20:48:28,2018-03-28 22:03:40,2018-04-06 00:00:00
fb975e889b11a08705d3b2734b626916,c7e79ac0034b4accdb78aa403ba6f68c,delivered,2017-01-27 09:51:08,2017-01-27 10:10:14,2017-02-06 11:54:28,2017-02-20 12:07:48,2017-02-27 00:00:00
5a5a4a1319679a5e560257abd2fa1273,a01af4c0ae53b2c6a91b40b6e2dfe766,delivered,2017-11-15 19:09:39,2017-11-15 19:26:14,2017-11-16 15:16:48,2017-11-28 15:11:38,2017-12-11 00:00:00
5e38951c465ac4f3d14da15694710a74,7cb12564a9542047740d530211e07bd4,delivered,2018-06-19 07:05:54,2018-06-19 07:15:43,2018-06-19 13:17:00,2018-06-26 11:14:54,2018-07-20 00:00:00
f92af4956f690ebc9200d25029ce7c06,132f29096d4013afb1d1b8e1a91e0ec0,delivered,2018-05-13 16:39:19,2018-05-13 16:53:43,2018-05-14 12:59:00,2018-05-17 13:07:38,2018-06-06 00:00:00
d11d7966d8fcd073e0d78a137e4c96e3,4fc88d5e8e4bfcb2ee658f51f59cad4c,delivered,2017-05-21 17:14:20,2017-05-21 17:25:11,2017-05-22 16:37:50,2017-06-01 15:40:08,2017-06-22 00:00:00
af88a4bca5075cdda8da09cc6c55635f,8dda2c8532448b7a942c8ffc3800b0ed,delivered,2017-11-24 19:18:57,2017-11-24 22:36:27,2017-12-01 15:58:51,2017-12-19 21:14:32,2017-12-15 00:00:00
7037dc9fa53f82379589ef255fbfd0d8,7ba33d3a46ce7a2be646df5ea992b773,delivered,2018-05-13 12:47:54,2018-05-13 13:11:49,2018-05-15 14:05:00,2018-05-21 19:56:51,2018-05-30 00:00:00
c6843402edbaf2d6f740e48c20599396,5357ad0a6bff8952e5326bb9be330842,delivered,2018-02-27 14:57:26,2018-02-28 09:35:56,2018-02-28 20:06:14,2018-03-16 19:58:59,2018-03-20 00:00:00
b9e44ee22f3a341743c10307b601b363,29439576f6804f546a9d1b4f749ded69,delivered,2017-03-07 17:44:19,2017-03-07 17:55:18,2017-03-08 14:59:57,2017-03-14 13:09:49,2017-03-28 00:00:00
4bea538b29c975028b7af11cf3bf97f1,39516e62a628430ac4b0f96a8df20dad,delivered,2017-11-24 10:40:29,2017-11-24 12:52:25,2017-11-27 21:40:09,2017-12-09 14:45:09,2017-12-14 00:00:00
f6aad304ac6a3281e219e202367f6feb,be56352600249a5778ff7e8eed8c27e0,delivered,2017-07-27 08:49:46,2017-07-28 08:35:19,2017-08-03 19:38:59,2017-08-16 20:12:40,2017-08-24 00:00:00
448795135b904d057254f5fd0d5a6a4c,b44a5b9979f7323c0db890a4f33020c3,delivered,2017-07-29 10:47:22,2017-07-29 10:55:16,2017-07-31 16:05:43,2017-08-02 20:34:52,2017-08-18 00:00:00
76279ee78a4924f44a3a83ef23b169b8,1568d0cf27776d57552118a63aec65e1,delivered,2017-02-09 20:18:20,2017-02-09 20:30:16,2017-03-01 11:34:30,2017-04-05 19:32:59,2017-03-17 00:00:00
48ae434efdce6ee8ed43531400f53bb6,98d2898e432505920432cba9b38b72cd,delivered,2017-11-28 11:14:20,2017-11-28 12:07:28,2017-11-29 18:12:04,2017-12-05 19:09:26,2017-12-19 00:00:00
579a374cc762b45a6cd7ed81c484648c,10ae73e50835a14b4a281d2eb1792ac8,delivered,2017-08-14 15:53:30,2017-08-14 16:10:10,2017-08-15 21:42:24,2017-08-18 17:14:03,2017-09-01 00:00:00
ab89bb4480224d68ca99f20929ab77ac,1e3dbed8d904cb9febfcf254f39eaec6,delivered,2017-12-09 23:09:14,2017-12-09 23:18:36,2017-12-12 21:32:41,2018-01-02 12:34:04,2017-12-29 00:00:00
36826a38055b8ac7c996807317982824,9cf5b32e547430279bc8711ae7faf241,delivered,2017-09-18 21:16:42,2017-09-18 21:30:12,2017-09-19 17:03:43,2017-09-25 19:06:29,2017-10-11 00:00:00
dff2aa79a32615789218574e63fe8829,927099d031ca08f824f627cef70dad80,delivered,2018-03-11 15:13:10,2018-03-11 15:28:03,2018-03-12 19:08:30,2018-03-17 14:02:15,2018-04-06 00:00:00
6d96df9c3708428cc5c9b8f2aca02055,2cabba24d1e9226dbe67553850e725ed,delivered,2018-08-08 13:03:35,2018-08-08 13:15:21,2018-08-09 14:13:00,2018-08-10 20:07:25,2018-08-13 00:00:00
e852ff3390a09b155f3e73343bcfcbe2,ea7bc69d71655c61474870d7a7f8ec47,delivered,2017-11-04 14:04:06,2017-11-04 14:15:50,2017-11-06 20:15:01,2017-11-16 19:35:57,2017-11-28 00:00:00
7e844a0812d948cb6f3a7ffa97bde8dd,d0219f095cf2adce221c9a7dafcc66f6,delivered,2017-11-12 18:42:51,2017-11-12 18:50:34,2017-11-13 19:44:30,2017-11-21 18:48:05,2017-12-04 00:00:00
243204e250173084280239fb8ac74bef,3d7eb40920458b74f2ca6f56785205dc,delivered,2018-01-02 15:38:56,2018-01-02 15:49:27,2018-01-03 21:29:01,2018-01-08 22:51:37,2018-01-26 00:00:00
d31122a9dce1042519a69fd29fc249de,d3e3005d486334fc20aac8234e1ff764,delivered,2018-02-16 10:31:31,2018-02-16 10:50:23,2018-02-19 12:42:36,2018-03-13 21:26:49,2018-03-13 00:00:00
40e0f6a96881e259b2be8697beab436c,a9788f35d5509bcac1bbb6f98b384d88,delivered,2018-01-03 10:12:17,2018-01-03 10:26:56,2018-01-11 22:34:26,2018-01-12 22:45:12,2018-01-19 00:00:00
28f3f76a069124ea37b2e0c43408ae47,b6512881dd355fcce280ea6f92284193,delivered,2017-09-05 23:06:45,2017-09-05 23:15:10,2017-09-06 18:49:45,2017-09-19 18:23:52,2017-09-26 00:00:00
9cc64bcad125a311c53a26c9e1b20983,4ee340fb8a6d20217eeafae55ec62796,delivered,2017-09-30 13:51:25,2017-09-30 14:07:13,2017-10-02 13:58:04,2017-10-11 01:42:03,2017-10-18 00:00:00
9c5bc3c2933ce8e4660ec888ffb28748,082a5f831fc0b3835fcb0d6f1c196ce3,delivered,2017-09-14 11:32:32,2017-09-15 02:24:48,2017-09-18 22:22:33,2017-09-21 19:06:08,2017-10-04 00:00:00
5d5bb894cb86c2b5aff1513531e63055,466f25f318b9280d1422a5c4e9a491bf,delivered,2018-04-24 18:34:02,2018-04-25 04:10:51,2018-04-25 11:38:00,2018-05-02 22:03:55,2018-05-17 00:00:00
e1537d977f8eea8a916d62da2c6f1423,d585539a86025f3c784d6fe2edbd8f11,delivered,2017-11-16 14:08:29,2017-11-17 10:10:22,2017-11-21 20:26:52,2017-11-23 14:23:02,2017-11-30 00:00:00
41948e7b013201d8f4f7da938bfa7fd6,994e7d02dc2f02ca85fa9e819f2c4d85,delivered,2018-07-30 16:12:47,2018-07-30 19:31:37,2018-08-01 13:51:00,2018-08-07 00:52:39,2018-08-15 00:00:00
9d7296b5a0946ad6e54e36059405a951,7803785a8434033aa05bb601f9a83e5b,delivered,2018-05-16 14:25:30,2018-05-17 10:38:37,2018-05-17 15:01:00,2018-06-05 19:58:51,2018-06-07 00:00:00
755a429b14b766d9804739faa9ff4783,453cabb96a2b3a938cb8400ffdaf668b,delivered,2017-05-10 08:06:25,2017-05-12 02:45:05,2017-05-12 09:21:42,2017-05-17 17:14:27,2017-05-30 00:00:00
84bd1040859c31fc8d677a25de8093a5,7fa7fb0a38647397f437a002ddde15fc,delivered,2017-10-08 23:50:17,2017-10-09 00:17:56,2017-10-09 18:28:40,2017-10-14 01:38:47,2017-11-03 00:00:00
470149d85d7b770af90504d4a5d06f38,9b73d9ee51b34cc2814a383998b51413,shipped,2018-04-06 15:18:21,2018-04-09 14:10:26,2018-04-11 18:44:37,,2018-05-04 00:00:00
e272f86bb4c1d56d70adae79bdee0839,59e7255fe3af8f6fb94283c78489081b,delivered,2017-06-09 11:21:48,2017-06-09 11:43:06,2017-06-14 15:32:26,2017-06-23 12:49:46,2017-07-06 00:00:00
e3c291c9bddfedee62c613abb89f859e,7256634bc293062e6fb1ca1d6fb68705,delivered,2017-11-25 16:58:14,2017-11-25 17:13:31,2017-11-28 21:33:19,2017-12-05 11:52:06,2017-12-19 00:00:00
5b0ee19a3125fc083348baa76d816ed0,97e5ea711c00ba54392bf866a7d5f1e0,canceled,2018-03-05 13:56:34,2018-03-05 14:40:27,,,2018-03-15 00:00:00
d16112398f9c83cdef02abee328caadb,8ce18cd05ef1610b491f53cc8faf9b7b,delivered,2017-05-24 18:49:11,2017-05-25 22:25:09,2017-05-29 09:06:46,2017-06-08 14:14:43,2017-06-28 00:00:00
2c007d9ae26859112a7d67f993163e5a,f4757f24b9f9a170299f8369b2468b38,delivered,2017-11-09 17:17:29,2017-11-09 17:28:02,2017-11-10 22:52:49,2017-11-17 16:23:03,2017-12-04 00:00:00
71d8ad12c759cd9f8f9083bc6a540007,16356f40e7be1ae2120278046fd3f16d,delivered,2017-10-29 12:24:09,2017-10-29 14:05:55,2017-10-31 15:23:08,2017-11-08 17:29:06,2017-11-24 00:00:00
ca1aeded94b48bff9b434a7512cee7ce,8e2f6ac5748f3612e7b6662b99f7a7c3,delivered,2017-06-07 16:36:57,2017-06-07 16:45:17,2017-06-13 14:22:39,2017-07-07 19:09:46,2017-07-14 00:00:00
c4cf43b89935546ea1f1e3ecebe02478,a8eb0998c3d6af8fef2e6c696d07a821,delivered,2017-12-27 22:33:58,2017-12-29 02:08:47,2017-12-29 21:48:52,2018-01-03 18:07:03,2018-01-16 00:00:00
0c7df2bc14e31b205f7f8f91f8311ba6,86588ef341dcd262707edd4dc5f043a2,delivered,2017-05-29 10:28:42,2017-05-29 10:35:26,2017-05-30 10:35:27,2017-06-07 12:55:34,2017-06-29 00:00:00
c62b195fb9db263acc11dc29fcb87fb2,058f217e8e5a5e459882e9a74f9353b6,delivered,2017-11-24 23:36:02,2017-11-25 02:32:34,2017-11-28 21:38:49,2017-12-14 14:47:04,2017-12-22 00:00:00
736b93bbe948337faa55abda812ce249,7186038cf7f3f1ef5ca7a48750c00256,delivered,2018-05-11 13:36:41,2018-05-11 13:50:56,2018-05-15 13:38:00,2018-05-22 16:48:46,2018-06-01 00:00:00
84e18f4b5b541150af97e94f3cc0b2a7,b9e8d20467df2fd1b1ca8bb650a87dcc,delivered,2017-10-11 13:15:42,2017-10-11 13:28:26,2017-10-13 20:08:18,2017-11-06 21:09:20,2017-11-01 00:00:00
342b802870cffb4cca6f8b612e121300,a1f2fe00ae439dcb254252a38dd4e286,delivered,2018-05-29 22:20:47,2018-05-29 22:35:14,2018-05-30 11:22:00,2018-06-04 18:31:41,2018-06-29 00:00:00
c02f449466eb42e245b4ec9287aeb987,7543ff80325e1ca05504561b28bb8ac0,delivered,2017-09-15 17:40:08,2017-09-16 02:55:32,2017-09-18 15:53:47,2017-09-24 13:09:43,2017-10-05 00:00:00
dac5565e9e4cc5f3bd66470ed608c95c,043d7293671e5f243dd648d9e5d1f396,delivered,2018-04-24 21:50:03,2018-04-24 22:10:14,2018-04-26 13:45:00,2018-05-08 16:12:20,2018-05-25 00:00:00
945b63b1a39c18a01b5c023ac4abddbc,a33c22f4c46b18dcd37f2349e9ebe24b,delivered,2018-07-17 09:04:53,2018-07-17 09:21:10,2018-07-17 14:28:00,2018-07-23 12:18:41,2018-07-31 00:00:00
42a60584c802a173573c19e570e896d6,aee92425a62e153c1e6d022715674da9,delivered,2017-03-30 17:24:38,2017-03-30 17:35:18,2017-03-31 12:26:16,2017-04-11 12:53:37,2017-04-19 00:00:00
05c5e3014f8ec516123fd4c74f49b051,9378e75380f137233cad33bcc7f0fe0a,delivered,2017-12-01 11:14:08,2017-12-01 12:31:27,2017-12-01 19:11:57,2017-12-19 00:28:23,2017-12-26 00:00:00
be1693153a2546fb409f9520c6e83703,3145725f02c04d05467d9f3f8bd2424a,delivered,2018-02-15 12:05:22,2018-02-16 07:55:48,2018-02-22 21:10:39,2018-03-27 22:08:50,2018-03-15 00:00:00
ead37570583efe55df28edc4f2470bd2,c9dbe3e1a4c214c3108f070b12699783,delivered,2017-03-26 17:12:37,2017-03-28 03:50:24,2017-03-31 15:09:02,2017-04-04 07:05:49,2017-04-20 00:00:00
d6ffe2b49a34a724f0b9bd6bb80529d2,9fc4f47ca4f9a1f988bfc3bc6037dbe7,delivered,2018-06-17 23:40:00,2018-06-19 04:17:09,2018-06-19 10:53:00,2018-08-08 12:21:53,2018-07-17 00:00:00
bd48b93e5bd7c6e99a8b886f5add78c6,1520ada4ef0f3468a966dddf893f16ff,delivered,2017-11-11 21:46:08,2017-11-11 21:55:28,2017-11-16 20:03:08,2017-11-22 19:12:08,2017-12-11 00:00:00
dfc311b4185eab2d5db5e8bb9425f079,d59a7bc82c39a881cf9e2b5709c5245a,delivered,2017-07-20 12:13:46,2017-07-20 12:23:26,2017-07-21 18:49:32,2017-07-28 21:19:47,2017-08-11 00:00:00
1a1aa9714d0f88e8a2b20b0c7c037d0b,1776cf3f62cb1daafb56c4010920c910,delivered,2017-09-21 22:46:26,2017-09-23 02:25:59,2017-09-26 19:58:52,2017-10-02 19:03:08,2017-10-20 00:00:00
05606ddf8218cebe483228af6f9031ba,1cc017a5604ae9c2f6928e6130fb9be3,delivered,2017-10-11 17:12:28,2017-10-12 02:30:28,2017-10-17 18:49:43,2017-10-19 00:31:40,2017-10-24 00:00:00
8ceb7c40345d31112e63e0f4624e39b0,f35c962d2a595858dae3c015705f0b55,delivered,2018-07-23 14:20:59,2018-07-23 15:40:17,2018-07-25 12:27:00,2018-07-26 12:28:51,2018-08-02 00:00:00
a526b3be214b1d691e5400d86689e83e,d45f8333c8aa989e25029e9e0cadcf7a,delivered,2017-03-24 07:22:04,2017-03-24 07:30:13,2017-03-24 15:21:32,2017-04-05 15:35:51,2017-04-17 00:00:00
fdd5c1089ba5eeffbe95fd36269b6d5e,a3857fb1a0c5b32bc51f7011fafaff8c,delivered,2018-02-20 15:50:21,2018-02-20 16:08:49,2018-02-27 13:27:29,2018-03-16 23:10:04,2018-03-16 00:00:00
63fb6b4d90b3558d5fd5e3b4ddd1a2fe,64be2340e952f10ca10afdc59a83d754,delivered,2018-05-16 20:58:35,2018-05-17 16:34:37,2018-05-18 11:50:00,2018-05-22 01:04:48,2018-05-28 00:00:00
b93a19a84516997a69f59da9b871d109,7a29b4042f8b37bb8115c65ff414b808,delivered,2018-07-05 23:42:31,2018-07-05 23:55:09,2018-07-06 10:19:00,2018-07-10 22:31:53,2018-07-24 00:00:00
2353193a857232c5eb9a7604fc505089,1d815f3ad9b2017b6da2c4f1cbb1180b,delivered,2017-11-28 18:51:49,2017-11-28 19:53:27,2017-12-04 20:27:37,2018-01-04 19:39:25,2017-12-21 00:00:00
e1a2c11d0c4c0ecbced319c04d688255,2830a528b71c2a35aed1b9e3b74b59c2,delivered,2018-01-25 12:54:56,2018-01-26 03:16:07,2018-01-26 22:05:10,2018-02-16 23:51:48,2018-03-02 00:00:00
db2c7430f7ab0de1860b953f210f67c5,549ef037d5530887209688c8bb62d4c2,delivered,2018-03-01 13:42:27,2018-03-01 13:55:30,2018-03-02 21:05:28,2018-03-28 01:04:45,2018-03-21 00:00:00
cc82b75db7d018c137b470d668b91996,107162b6fab1a3e94e15ac9a48207ca3,delivered,2017-12-14 19:11:00,2017-12-14 19:33:04,2017-12-15 17:33:03,2017-12-18 21:47:03,2018-01-11 00:00:00
db13164f731aed80a46ac81466df051d,9e6f75fc261ed4b61aaa7074d5dafab1,delivered,2018-08-09 00:53:03,2018-08-09 01:05:26,2018-08-09 14:41:00,2018-08-10 23:11:17,2018-08-14 00:00:00
daa4b4ce7bfba46a0325467bc139ee66,ee81a7cdb3e7d9cc610a17b7715bcc1f,delivered,2018-04-23 18:09:44,2018-04-25 03:55:31,2018-04-25 13:53:00,2018-05-07 22:31:45,2018-05-21 00:00:00
0b43acd81f6d3f30136133517a13b72f,dee7ac1315330a02d049ad3b108c7ad4,invoiced,2017-12-03 17:15:08,2017-12-03 17:34:28,,,2017-12-27 00:00:00
4f9b8c1bedc66f4bd34725cfdee6833b,e09c21241771690bb28899cf1dc646ed,delivered,2017-10-22 12:16:54,2017-10-22 12:28:20,2017-10-24 16:07:44,2017-10-28 15:43:32,2017-11-09 00:00:00
7091b998662c89051acb6bcb57cb43a2,800f7efdbdb09e3def3f707c4ab7d906,delivered,2018-07-07 19:11:56,2018-07-07 19:25:47,2018-07-10 15:40:00,2018-07-27 21:20:43,2018-08-09 00:00:00
a23f7ba42e3c12b58d1e24b1b7615d05,a52ac5698f152302297a3445e62efc97,delivered,2017-12-11 13:06:51,2017-12-11 13:19:23,2017-12-11 22:38:10,2017-12-19 18:16:53,2018-01-11 00:00:00
aaa3852a53f716761fff6b45173f223e,b84d3d35ec76f19c7eeadc496e823390,delivered,2018-02-03 12:14:10,2018-02-06 05:31:55,2018-02-17 01:48:43,2018-03-06 18:37:09,2018-03-16 00:00:00
12e1495369c542f003eb3ca480f924e3,6dd345003a66b6fb3f18301af8c6cd0c,canceled,2017-09-12 19:17:03,2017-09-12 19:30:24,,,2017-09-25 00:00:00
4d71a2a0282a7080b9b93eef2dfed23e,abc76bd6b8d093fd8ba7b96aec7751bf,delivered,2017-08-21 13:12:47,2017-08-23 02:55:17,2017-08-23 20:38:10,2017-08-25 19:13:40,2017-09-13 00:00:00
0f127f53a526c20902f9966a2a38846f,02b7bcd5dd0bbe4057aa6fb0c280a06b,delivered,2017-12-01 12:26:53,2017-12-02 02:37:06,2017-12-13 19:35:14,2017-12-22 18:12:35,2018-01-09 00:00:00
946595d73c65c5757b418d371d32822e,645e1750385a917efa7cacbce9dce896,delivered,2017-08-16 11:22:32,2017-08-16 12:10:15,2017-08-18 19:51:56,2017-08-28 23:46:55,2017-09-12 00:00:00
b319de7e29d9ec96df9f75a1558c8ea7,3deafc0474a41927e9249b78564a3257,delivered,2018-02-27 14:20:49,2018-02-27 14:35:35,2018-03-01 02:22:56,2018-03-10 17:22:50,2018-03-19 00:00:00
46e83a906c61d93dd185c95c01dff0a3,c9d89595ece63415fb02056061ce191e,delivered,2018-02-05 16:12:30,2018-02-05 16:31:14,2018-02-07 15:18:26,2018-02-16 21:19:03,2018-03-07 00:00:00
1356895abd31f89419c71d5f73a5c1e2,a36cf1455b895227d63f128aeb3d45af,delivered,2018-02-24 08:04:36,2018-02-24 08:15:30,2018-02-27 23:04:31,2018-03-05 16:10:17,2018-03-20 00:00:00
3ad46243d0ff8b18130628555fee1f68,d2ef50bf0fa3bb13424cf40e2ed30700,delivered,2018-02-16 12:57:29,2018-02-16 14:00:37,2018-02-21 21:28:46,2018-03-18 15:05:05,2018-03-14 00:00:00
9a044d2530e1f6bc5ee6f8d1d6a6a330,0ff4f778eb2da8e8e1b1157e75f3d0ff,delivered,2017-10-27 00:32:28,2017-10-27 00:47:24,2017-10-31 16:58:17,2017-11-01 18:33:26,2017-11-17 00:00:00
fb4717856a1a4e0a10b9230a1f4b7e51,1636332b9a64a599200ece387bfb69ad,delivered,2018-08-10 16:28:54,2018-08-10 16:44:29,2018-08-14 12:24:00,2018-08-16 18:51:00,2018-08-23 00:00:00
9b7c2d54410a0d2f6c4b658f00f0ec42,5ae30953c0bf57b6db6b49fa3ca37f09,delivered,2018-04-07 14:56:02,2018-04-07 15:08:11,2018-04-12 17:18:23,2018-04-22 13:19:34,2018-04-27 00:00:00
80d49171762a51f500bf6b774aa24617,97dd9c6923b3237b650f1f4f3f2145ad,delivered,2018-05-31 21:05:55,2018-05-31 21:29:59,2018-06-01 14:00:00,2018-06-06 19:43:01,2018-07-05 00:00:00
c37699d5260dd482b08d717de0b06cd7,b5cbf43f42281920a175fc99650c91d6,delivered,2017-07-30 23:39:11,2017-07-30 23:50:19,2017-07-31 13:13:10,2017-08-10 21:25:56,2017-08-22 00:00:00
1edf98fefd6006f56d46ffb5ce962831,db23fd2de7d425a680845285a7c4c040,delivered,2017-12-10 22:33:28,2017-12-10 23:08:50,2017-12-14 22:46:12,2018-01-19 01:46:29,2018-01-08 00:00:00
443ea0d00a4dd357d8b2c193cfd8a17c,7249040078291bec6d05caa991b1dc01,delivered,2017-05-17 09:18:35,2017-05-18 17:05:19,2017-05-30 09:30:14,2017-06-02 16:57:48,2017-06-07 00:00:00
87498922d23ddd027a9015ab6fafa886,5de65163f16a334e41782b7db3144ae2,delivered,2018-06-18 08:45:11,2018-06-18 09:01:29,2018-06-19 14:25:00,2018-06-25 14:22:08,2018-07-11 00:00:00
50428fc6ef58fd5cebf433ef7f06be0d,7dab920e35ce0d5b1139e8999423fcc1,unavailable,2017-12-04 23:10:03,2017-12-05 10:30:43,,,2017-12-27 00:00:00
cd3b8574c82b42fc8129f6d502690c3e,7812fcebfc5e8065d31e1bb5f0017dae,delivered,2016-10-03 22:31:31,2016-10-04 10:19:23,2016-10-08 10:34:01,2016-10-14 16:08:00,2016-11-23 00:00:00
bf30a3536883051dca847b3f007a9963,2c9f92e1d9657eb346ec0688113e556f,delivered,2017-08-09 09:52:45,2017-08-09 10:05:42,2017-08-09 15:22:29,2017-08-21 14:28:10,2017-08-29 00:00:00
e760839bf2e95526c08cd98abaa16804,f9b066c171fb7629d7c1e494010e245c,delivered,2018-08-13 16:34:43,2018-08-14 04:50:20,2018-08-20 13:40:00,2018-08-21 14:10:53,2018-08-22 00:00:00
8d6eaa2fc5ee20e42dffdaf355b260df,6c9787272e638f3b015c87576858e044,delivered,2018-05-04 18:35:55,2018-05-04 18:53:56,2018-05-07 13:55:00,2018-05-08 16:47:01,2018-05-23 00:00:00
cf1d0b87e826698d649f105224d60d8f,95b1d607aee48796e6913f15e78fe1b6,delivered,2017-11-13 21:42:51,2017-11-13 21:55:23,2017-11-16 17:46:58,2017-11-22 17:47:32,2017-12-08 00:00:00
d2b37f806be7546de2ce1d2bbd5cacee,4a1bc15d1237a794eb2d89f1516fae88,delivered,2018-06-14 21:18:33,2018-06-14 21:37:00,2018-06-15 19:02:00,2018-06-20 19:22:15,2018-07-11 00:00:00
5d95f889ee0308db432f259eb63f4c43,7dbd34b8d5bab8828456693434b15135,delivered,2017-12-27 11:43:47,2017-12-27 13:56:23,2018-01-02 18:48:56,2018-01-11 21:07:09,2018-01-29 00:00:00
c1c7631c24af4189464f9bc75189fb55,770b54376073ab9fb3ece8772dfcb16e,delivered,2017-02-11 19:40:36,2017-02-11 19:50:14,2017-02-15 02:58:21,2017-02-21 12:53:47,2017-03-10 00:00:00
b2345f8f3b34a4c0c28296057f032fb9,64049775f28b87ca247912183223bdd2,delivered,2017-03-02 01:37:02,2017-03-02 01:50:16,2017-03-03 09:49:03,2017-03-20 09:37:27,2017-04-07 00:00:00
aaab909ba45f8f27f46401f49a92b9e9,51527dec6b3afb9c1054ac492a368c3c,delivered,2018-04-25 16:15:33,2018-04-25 17:12:49,2018-05-02 14:39:00,2018-05-07 13:38:46,2018-05-08 00:00:00
faf590b30d6a5dd0430cf8713a6455c2,5304d2aa57725ce435b8abea817b7946,delivered,2018-06-05 17:10:10,2018-06-06 02:54:06,2018-06-06 14:01:00,2018-06-09 16:28:45,2018-07-25 00:00:00
52b5d9c64618868f5f1367c7934dbf1f,8a45f7d2b87f16a273fd86e9d5efc35a,delivered,2017-10-18 13:27:19,2017-10-18 13:36:10,2017-10-19 00:03:39,2017-10-31 00:25:09,2017-12-01 00:00:00
47ea87f2edc83b2d8da91f354ed05d63,f2861e3de3138b106780d63e73262b89,delivered,2017-02-13 16:25:07,2017-02-14 16:30:11,2017-02-21 09:05:27,2017-03-13 15:05:18,2017-04-04 00:00:00
048fc26beee4f076edae01e578a13fc8,de03ab6aea61b6836c69336629f2a101,delivered,2018-02-12 09:16:15,2018-02-12 09:48:47,2018-02-14 22:07:27,2018-02-15 21:33:48,2018-02-26 00:00:00
8225d8c9d91972ec1fbddf159ec4cd7c,8fb771ea8cc3adecc84b66616b1a0435,delivered,2018-01-13 10:34:44,2018-01-15 10:11:13,2018-02-08 20:43:44,2018-02-15 18:23:59,2018-02-07 00:00:00
62c6faba9a84c2ac9babd4395fa2345c,c66395e32fb06d62ba3a31cd46456c2a,delivered,2018-01-21 09:11:53,2018-01-23 03:37:25,2018-01-23 18:51:36,2018-02-07 23:34:00,2018-03-02 00:00:00
5c79fa2db9227db840a45f20c3ce4833,2b2579545226dbc47bbae14b3e983e10,delivered,2017-09-01 18:04:55,2017-09-05 04:45:48,2017-09-06 17:43:36,2017-09-08 22:34:48,2017-09-14 00:00:00
d9d77046564ed9aee6cce6ae2d9197d9,dae10c0f760f9a82914492c93da3de4e,delivered,2018-05-14 13:53:49,2018-05-15 03:35:17,2018-05-15 12:00:00,2018-05-23 14:04:05,2018-05-30 00:00:00
04e16f3c151ad9fb3100eda6ac3a61b7,112f9ea59ac9a9565c76c2152490fe30,delivered,2017-04-04 18:01:45,2017-04-04 18:15:25,2017-04-05 14:39:48,2017-04-12 16:22:10,2017-04-27 00:00:00
1c22db314685946243787baefb41a355,780ff6bc7942587a2155f1edaed26661,delivered,2018-01-17 21:06:28,2018-01-17 21:17:32,2018-01-18 20:46:32,2018-01-30 19:43:40,2018-02-07 00:00:00
ceea38b31a5a6c55d09d5c190aade249,e48aea5936bdbf8147c56a0bb25b74a6,delivered,2018-08-11 16:30:15,2018-08-11 16:45:09,2018-08-13 14:12:00,2018-08-14 21:54:47,2018-08-24 00:00:00
dce981ab14f4becc124df8d2039fa44d,90ddc5fe7fbba1f3aa75d88412b0917f,delivered,2017-10-06 19:16:59,2017-10-10 06:34:19,2017-10-10 19:03:55,2017-10-17 21:33:49,2017-11-10 00:00:00
dfafca185f2fc62924f857e85569b923,9b45fdfe7e8439a4e7d2814b3eb6894c,delivered,2017-09-24 08:07:14,2017-09-24 08:24:17,2017-09-27 20:08:09,2017-10-03 19:17:47,2017-10-23 00:00:00
4f40407d8eaef9c3cd83ce9357826a6b,ca98df741e6648abb616265ec95567b2,delivered,2018-04-06 07:59:23,2018-04-07 02:48:14,2018-04-10 23:04:14,2018-04-27 16:03:02,2018-05-10 00:00:00
d77a9259e9093fb83b20b95fd4bbcb5e,92798cd0eead887b1731526180775beb,delivered,2018-07-11 01:56:33,2018-07-11 02:10:08,2018-07-11 13:21:00,2018-07-13 01:27:40,2018-07-19 00:00:00
d27d803d3a838c539ffe76e3b74a5f41,75f4c47dc2249c41ece095b0022f6be6,delivered,2018-03-06 01:39:41,2018-03-06 01:50:26,2018-03-07 00:51:26,2018-03-14 20:03:06,2018-03-23 00:00:00
fe25e6ae3200a0fd420ba45277d19fc5,cc691ea8c232416f0347dbf33005bf72,delivered,2017-09-05 13:48:17,2017-09-05 14:04:13,2017-09-08 22:05:00,2017-09-15 19:12:38,2017-10-04 00:00:00
563374a910b848445e9d0d50a0d65bc7,13d270a62ccf028c0adf913af6be714f,delivered,2018-06-06 12:17:10,2018-06-06 12:32:33,2018-06-07 11:57:00,2018-06-27 13:21:33,2018-07-16 00:00:00
0af905b4a536b95528b4eb5dd2c192da,bdd71d1ed3a12a4878d61d011209c2da,delivered,2018-03-09 13:50:15,2018-03-09 17:28:46,2018-03-13 23:11:40,2018-03-20 15:54:59,2018-05-03 00:00:00
72e57d0b326731ddd25d0d44212a42cb,d82ced55e620b6568183a611fb3b71d1,delivered,2018-08-17 15:55:36,2018-08-17 16:10:18,2018-08-20 12:28:00,2018-08-28 20:29:32,2018-09-14 00:00:00
9c07c610bb722338cd517ec940417b40,700192c9b13d404047e50147fed3b544,delivered,2018-04-29 11:44:43,2018-04-29 12:13:01,2018-04-30 10:18:00,2018-05-16 20:33:38,2018-05-28 00:00:00
8cbb3a1d2a0c2642541aa2a03e2fdeda,8dcac248a1ca0ea58fff86c10dababd3,delivered,2018-01-14 18:51:21,2018-01-15 10:10:57,2018-01-16 20:03:42,2018-01-22 14:43:25,2018-02-07 00:00:00
fe97f3949cbc37b9ab48ac5769514cbe,45e844a084390520feb827c2b1728440,delivered,2017-11-27 13:42:45,2017-11-29 13:39:28,2017-11-30 16:14:33,2017-12-18 13:13:34,2017-12-18 00:00:00
8a20e2954602a0738f264299255fd5af,36ecc6ff2c4a59fd150e9524b12b9259,unavailable,2017-12-27 22:41:49,2017-12-27 23:30:57,,,2018-01-22 00:00:00
6b4fe75bdf8d4a467678bc8f2132c06a,cc6acd0ad91aaeff9d3a67fd55b57196,delivered,2017-11-24 09:21:47,2017-11-24 09:34:26,2017-11-24 15:55:53,2017-12-12 19:23:26,2017-12-19 00:00:00
4433ebc14c69e56090cb4e96d574d9c3,690f0d89fd8b50197bc81fb97fd89241,delivered,2018-04-25 10:00:40,2018-04-25 10:15:18,2018-04-25 15:09:00,2018-05-14 15:42:09,2018-05-24 00:00:00
75917ea91a5cbdec384278689bdbe142,cb51b7eaec381b2f35b42e3565f5e401,delivered,2018-03-23 15:28:04,2018-03-23 15:48:23,2018-03-26 22:38:50,2018-03-27 15:58:51,2018-04-05 00:00:00
362cdbf5a3b5f297257f6e67be534a27,82a8363331889ef3b94f20ffc543284f,delivered,2017-09-11 13:16:22,2017-09-11 13:30:17,2017-09-13 21:35:09,2017-09-21 20:44:08,2017-09-28 00:00:00
87fdbf51d1ca05cd443a8cbc44c1f5ee,743bc779e6e72beb5274f072e7c4516e,delivered,2017-10-23 18:09:12,2017-10-23 18:21:26,2017-10-26 21:15:59,2017-11-27 19:51:43,2017-11-14 00:00:00
195194e3dbfe59a81261af1a6ffe7c47,61ff2315be831a0ef27a4e5a3fac4cee,delivered,2017-12-26 15:04:57,2017-12-26 15:14:33,2017-12-27 15:29:08,2018-01-03 15:57:09,2018-01-15 00:00:00
8c232e13890c404488a860c3beecc9b0,b506a01bec389f79735376c45e4425bf,delivered,2017-08-22 15:18:18,2017-08-23 02:47:52,2017-08-25 19:32:47,2017-08-28 15:03:04,2017-09-14 00:00:00
e03178527556af2aeb2b29af558de49d,ffb5eaca500a57b7dd52256fcfc82e12,delivered,2018-08-10 14:19:40,2018-08-10 14:30:18,2018-08-14 14:14:00,2018-08-22 16:09:04,2018-09-17 00:00:00
f680dfd841b53bc32168823c6b82e1be,651680b4a7eb935f91d7ddf46e60893e,delivered,2017-10-31 09:45:41,2017-11-01 03:10:26,2017-11-07 15:55:03,2017-11-17 20:09:32,2017-11-30 00:00:00
0e3ebfb7eba3e1653e21e5931f7720a2,3b392bd77b49c85730de003f5c324e10,delivered,2017-07-28 10:05:46,2017-07-28 10:23:44,2017-07-31 15:36:40,2017-08-04 10:59:52,2017-08-23 00:00:00
275322de6426ec5071b219b77fba6a65,ad970b9bf9eb36c6faa345affe1cf138,delivered,2018-01-16 23:21:40,2018-01-16 23:29:47,2018-01-17 21:54:38,2018-01-25 11:58:52,2018-02-15 00:00:00
4269e9f98b1e74f0732bc93de6aaca6f,a9eb0a1529c5219cec4f13899a5a58b3,delivered,2017-01-23 10:21:21,2017-01-23 10:30:10,2017-01-24 09:53:37,2017-01-30 13:32:34,2017-03-06 00:00:00
3ca5fa29d024e3690f532e492d590cc1,711bf057d7e1ddf725fd731adb9f4a47,delivered,2017-09-11 12:58:44,2017-09-11 13:10:20,2017-09-13 17:30:01,2017-10-03 21:18:26,2017-09-27 00:00:00
c79900d1005d1a8fdaa9f25cd94e5110,3d881d50f2933937fcaa85328d3e0af0,delivered,2018-02-23 14:15:52,2018-02-23 14:50:49,2018-03-09 02:38:32,2018-03-23 17:17:23,2018-03-20 00:00:00
2fa1143e47aa3e9c10a97d47174aabb2,51436e563c50b518d0ca230003396172,delivered,2018-02-28 19:54:11,2018-02-28 20:10:33,2018-03-02 19:51:33,2018-03-27 18:12:04,2018-04-03 00:00:00
6f38fec8657ada8f58c577f4a4d772f9,b4409dbd2d70f0b3b1405b231855283a,delivered,2018-08-05 17:47:16,2018-08-05 18:04:18,2018-08-08 15:24:00,2018-08-15 10:08:36,2018-08-22 00:00:00
6ad7cdd50237385fec54699a2834eda3,2e0d77f644907523f5bc77ae90791cc2,delivered,2018-03-16 17:28:29,2018-03-16 17:49:48,2018-03-21 22:46:52,2018-04-01 16:32:37,2018-04-10 00:00:00
608582593b18710bb42b20dab9dc9b06,6a83af9332194f84c136dcc01d261cc5,delivered,2018-05-11 11:52:31,2018-05-12 11:54:55,2018-05-15 13:55:00,2018-05-18 20:17:51,2018-06-01 00:00:00
287d2118fca00b6778f059045ad3f610,acff3378fce5e9f4446d7c07c87fd282,delivered,2018-01-10 23:12:49,2018-01-11 23:07:23,2018-01-13 01:33:45,2018-01-23 19:33:52,2018-02-08 00:00:00
41fda677249a97ed31645dd2680b147c,56a3ee7d981e822f36b37b1426f256af,delivered,2017-08-31 12:27:35,2017-08-31 12:44:36,2017-09-01 19:16:04,2017-09-08 19:54:50,2017-09-19 00:00:00
c6b349edc99be6b983f26587f770f23d,6f1c4cb92372672fc31a3a960b7890a4,delivered,2018-05-15 20:51:01,2018-05-15 21:13:36,2018-05-17 13:56:00,2018-05-22 14:53:10,2018-06-06 00:00:00
4ce01eeaa0d476f2aebfe6caae88d946,f8abf1a6df82267ba181287aa57e0ff1,delivered,2017-08-26 10:48:39,2017-08-29 04:35:53,2017-09-04 19:42:33,2017-09-15 19:22:24,2017-10-04 00:00:00
5cd63812f35304841de07758daef7b4c,642617f021b0ee34f6df1962377c4b0c,delivered,2017-07-27 22:35:29,2017-07-27 22:50:11,2017-08-03 17:33:12,2017-08-09 22:03:48,2017-08-18 00:00:00
e51478e7e277a83743b6f9991dbfa3fb,659ded3e9b43aaf51cf9586d03033b46,delivered,2018-05-18 18:20:45,2018-05-18 18:35:28,2018-05-19 09:27:00,2018-05-22 14:58:47,2018-06-07 00:00:00
6512f99fc2b658abc017f8090e3d1bc9,c40a08638e25d9ff9932fbf1fec9f155,delivered,2017-11-30 10:17:54,2017-11-30 17:32:23,2017-12-01 18:41:58,2017-12-19 00:42:02,2018-01-15 00:00:00
b934d5a120aad44cdd919ef7252f9b0f,eb04e3326a06d50f227469eee29fdd3b,delivered,2018-08-05 21:17:09,2018-08-05 21:30:14,2018-08-07 12:25:00,2018-08-13 17:56:25,2018-08-30 00:00:00
ab3dffe6fdcd9b7b7896d000abeefc4d,4f3917403e70753c86947d454697fb91,delivered,2017-10-05 22:11:35,2017-10-05 22:24:45,2017-10-06 20:39:41,2017-10-11 21:43:25,2017-10-27 00:00:00
a21eacf4f3cbf9db2541da1ecb2e6cf0,250a4d001740ff863694848d179ae512,delivered,2018-03-17 11:04:51,2018-03-17 11:28:42,2018-03-20 00:50:53,2018-04-04 18:34:32,2018-04-05 00:00:00
f608221528bad521bf876430ca3a830a,abf1b838d267dedd4f05c4d2436d0848,delivered,2018-03-25 11:40:53,2018-03-25 11:50:26,2018-03-27 22:24:51,2018-04-09 20:15:35,2018-04-13 00:00:00
4a111e830982efaa7fcd45ff081543ec,b99848d1213931d9f3caebaed06b8111,delivered,2017-09-15 13:21:22,2017-09-15 13:35:20,2017-09-19 15:17:18,2017-09-22 20:31:55,2017-10-05 00:00:00
7f058780efeab68414ecad1c0c43d0c0,4adeaee8338a42ef0c002aece4261177,delivered,2018-01-16 17:56:59,2018-01-17 17:50:45,2018-01-23 01:45:00,2018-02-02 16:32:39,2018-02-15 00:00:00
b0824d7e22fb8f487be1f22753268ce2,e35f79caa4703bd0fcdf2ac0a9b0a23e,delivered,2018-01-20 23:58:24,2018-01-21 05:09:51,2018-01-23 11:02:37,2018-02-22 21:13:44,2018-02-22 00:00:00
deab5b501cae4f6475a45bb4eaf79b61,d3a1c4e76fdb0eb4754a16e174d77f3a,delivered,2017-12-11 12:48:04,2017-12-11 12:58:26,2017-12-20 00:21:42,2018-01-05 01:35:14,2018-01-15 00:00:00
6507d11b47f03730a0014e69a270b438,05d50eaf6b9450a3f9cf19180b293261,delivered,2017-07-20 21:50:05,2017-07-20 22:03:25,2017-07-25 21:47:46,2017-07-31 19:49:43,2017-08-11 00:00:00
0c3722131f9ebd9c4949a2dd31fb2402,f4deb293ecb5fa8cb4c4c344eced1eee,delivered,2018-02-28 23:57:55,2018-03-01 00:10:26,2018-03-01 18:16:46,2018-03-17 15:48:38,2018-03-22 00:00:00
6f1099a755a7a1fb6efd638fd5627930,f2213dc017c6992a43bc3c74b3de2570,delivered,2018-02-05 21:13:40,2018-02-05 21:30:10,2018-02-06 15:23:28,2018-02-20 19:27:59,2018-03-12 00:00:00
6022868452d819974c3e98f769a70944,fd10cada9af2bb1877d4aab47eea4f59,delivered,2017-08-15 12:43:02,2017-08-16 03:15:41,2017-08-17 13:03:26,2017-08-29 20:12:57,2017-09-06 00:00:00
a46177e85f66471bb30ef25db0461233,b92f3a12fb6bfa44bda7894e6a4c45be,delivered,2018-01-20 10:42:30,2018-01-20 10:53:18,2018-01-23 00:44:37,2018-02-02 23:02:45,2018-02-16 00:00:00
5f5d440ddcc70a0ba6f17804435ec791,898c1761bbffa916c3449f48099bdc32,delivered,2017-06-07 15:37:09,2017-06-07 15:50:14,2017-06-08 13:42:53,2017-06-15 09:16:41,2017-06-28 00:00:00
c78634fb21ecbb54b2b2498a660082ac,7c72a0cfc64d38509b262a4e85c84d9a,delivered,2016-10-07 16:56:35,2016-10-07 17:32:43,2016-10-21 11:47:21,2016-10-26 15:27:35,2016-11-29 00:00:00
2e24f57cfbde9ac54cad13561f686405,7ddbef6570ce49a2e88b2f9ccf3447e3,delivered,2018-03-20 07:18:03,2018-03-20 07:30:24,2018-03-20 21:07:01,2018-04-04 02:49:03,2018-04-25 00:00:00
61e77ed77c68e38c1aa62a278004d84a,5816fca433ad77009526448784035891,delivered,2017-12-12 09:53:59,2017-12-12 10:10:01,2017-12-19 09:37:08,2018-01-08 20:41:20,2018-01-09 00:00:00
dfa6eead1006319e9774de25417757a7,1b6d9168534fafc4d2bab71ae7641bc9,delivered,2018-05-16 15:48:09,2018-05-17 08:36:20,2018-05-18 13:09:00,2018-06-20 15:12:04,2018-06-07 00:00:00
e8c2e13dbaea9f65abb449dc65d6e883,a15c67482d2f013c666533a2ea5bfdd1,delivered,2017-12-19 02:07:06,2017-12-20 06:53:35,2017-12-21 21:56:45,2018-01-11 00:24:25,2018-01-17 00:00:00
553901a853048dcd33ec8de19f90c5d0,2388aa012998ef93f125d6879d212988,delivered,2018-03-20 12:07:02,2018-03-20 12:28:41,2018-03-21 19:06:54,2018-04-05 18:06:49,2018-04-11 00:00:00
dcb965b6963d2375946c5b2eeb316e6a,d14d3c023b1b86bb3dea4f86a1605550,delivered,2018-05-10 10:24:31,2018-05-10 10:35:26,2018-05-17 12:41:00,2018-05-26 14:05:22,2018-05-30 00:00:00
0bb961fd58668c43ce2c6f3a77d2a8fb,177b9f223bb2b6492afde4edf469cd42,delivered,2017-05-07 13:05:07,2017-05-07 13:15:19,2017-05-17 11:56:30,2017-05-22 15:12:49,2017-05-31 00:00:00
ed58e77f9c5a53fc829b4baee5a51176,073a7ec0949bf6ffd2bb83c37d21bc7e,delivered,2017-09-01 16:30:59,2017-09-01 16:45:13,2017-09-04 19:12:21,2017-09-08 20:33:04,2017-09-25 00:00:00
5790dbdc91eb7734cb388aff90dae5ec,40fc910474450a1bc510f13c815fbe6c,delivered,2017-06-29 20:05:48,2017-07-01 04:55:28,2017-07-04 15:23:31,2017-07-12 18:41:42,2017-07-21 00:00:00
d990526f202ea1d06ad6499335471813,43cf5c021101b95e957e82e284dc2324,delivered,2018-02-26 12:53:38,2018-02-26 13:10:57,2018-03-08 21:04:22,2018-03-14 21:16:38,2018-03-20 00:00:00
74131c82f1f2851457118d475695b53e,46f4551612ffa07681d156331f499870,delivered,2017-06-19 17:58:40,2017-06-20 10:45:10,2017-06-21 18:17:50,2017-06-30 09:33:01,2017-07-07 00:00:00
9e90d3417febc765dab430e5b13eba4a,615ae03628ffbaa1528e224c110de32d,delivered,2018-03-23 22:15:02,2018-03-27 03:35:17,2018-03-27 21:34:35,2018-03-28 22:48:52,2018-04-05 00:00:00
b21f839962bbc030f2dbab44e96b92bb,78031c6c49962368cd106970d99989c8,delivered,2017-10-12 17:21:12,2017-10-12 17:36:07,2017-10-17 16:42:20,2017-10-19 18:12:21,2017-10-30 00:00:00
e277b1138569691c38391eeb121f3176,428560ef08acf12593e57465e2601458,delivered,2018-05-14 11:53:39,2018-05-14 12:17:12,2018-05-18 07:20:00,2018-06-12 15:37:49,2018-06-05 00:00:00
ee2f263ecb1aa5eb20d84c8411acd9e6,87697468fc283a0368b9ccd45855c897,delivered,2017-12-02 17:26:05,2017-12-02 17:38:25,2017-12-05 22:58:47,2017-12-11 19:14:27,2017-12-20 00:00:00
5f9a36af29314160716f48be9b146d03,61a91e87a49f40f2f34a13132bf8262a,delivered,2018-06-12 16:02:59,2018-06-13 08:34:31,2018-06-13 15:11:00,2018-06-21 14:26:43,2018-07-18 00:00:00
8ae0da24fb052b94dbf0d5c1527cda13,7c4b99c0b7dc418cdd03b6b5977f8a1c,delivered,2018-03-18 18:52:10,2018-03-18 19:05:26,2018-03-21 21:05:10,2018-04-26 16:48:30,2018-04-19 00:00:00
593823b9588a494c8015438b207ee60a,41271485815b01707d141062315f16a8,delivered,2017-12-11 15:00:24,2017-12-11 15:10:51,2017-12-12 20:23:17,2018-01-15 23:52:08,2018-01-12 00:00:00
9ee8bdfa62948fb9721333d914c9a090,237090dc5fb5212fc44befee2ac8ce3e,delivered,2018-05-24 15:25:04,2018-05-24 15:53:28,2018-05-25 14:45:00,2018-06-04 21:24:27,2018-06-21 00:00:00
2a54e112de618e1603bfc032d05b0828,5cfe4fd9c19847b1ca6e3654d1f2e23c,delivered,2017-06-05 22:54:29,2017-06-05 23:05:21,2017-06-06 14:12:32,2017-06-14 17:30:13,2017-07-06 00:00:00
5908b5d4980d0d7dc2af4e0b324080b8,884dc0362088b9f64d64ae88bd7c0b56,delivered,2017-11-09 22:46:03,2017-11-09 23:07:03,2017-11-10 20:08:58,2017-11-20 21:41:22,2017-12-01 00:00:00
4fe73718f01ee4a8a5edb8f5c72d1994,051eca5824715d378df187a46e1005e5,delivered,2017-08-21 22:49:20,2017-08-21 23:05:30,2017-08-24 22:05:02,2017-09-01 20:52:00,2017-09-25 00:00:00
dcd9141cf681c0a831e8988b32156d3c,7558e6beb7efdd069ac43b97f4f8e67d,delivered,2018-05-28 11:35:37,2018-05-28 11:54:32,2018-05-28 14:09:00,2018-06-08 18:20:14,2018-07-03 00:00:00
95e97906186d7174caa3a682de6d7653,2ef0049219fc82f93b6745d96514752f,delivered,2017-07-16 15:43:59,2017-07-16 15:55:11,2017-07-19 01:12:26,2017-07-24 19:13:53,2017-08-04 00:00:00
03a8aa5d0860898d421c46247011c686,36be0c3653ce387a9c5918cfdae9b053,canceled,2017-05-31 19:02:28,2017-05-31 19:15:20,,,2017-06-21 00:00:00
65b89d1e2082d73e4d6a75335726a26f,f9accb2d97dc33b75ccc658df7e89236,delivered,2017-03-28 16:31:00,2017-03-28 16:45:16,2017-03-29 09:03:43,2017-04-05 13:33:46,2017-04-19 00:00:00
22deced3dedb44ec0bb55c504cc4f062,7c17b9b121e044da69d1d40e004c3d23,delivered,2018-07-20 18:39:50,2018-07-20 18:50:18,2018-07-27 13:41:00,2018-08-02 21:11:46,2018-08-16 00:00:00
9f358b9edd5ae6ebf530277dfefa73a0,666d0c042d5be46b54fd2ed19d7e8402,delivered,2017-11-21 17:36:50,2017-11-21 17:47:08,2017-11-27 16:16:44,2017-12-10 14:19:18,2017-12-15 00:00:00
02d273267575a29864f552b2de598580,fb6895f16f2b933e56af615dbcecf0aa,delivered,2018-05-28 17:31:20,2018-05-28 17:55:50,2018-05-30 07:59:00,2018-06-13 15:04:52,2018-06-29 00:00:00
e06ca49e4892725cc2a5425f4d39048a,be8e1d862fb63fadec701434deb1b148,delivered,2018-06-13 15:53:35,2018-06-13 16:19:40,2018-06-14 12:53:00,2018-06-25 21:42:25,2018-07-19 00:00:00
24f17834d1edff2ec50e2fb099896d80,acf07b411528c13274e71b7263974253,delivered,2017-08-26 18:31:19,2017-08-26 18:44:28,2017-08-29 18:22:45,2017-09-06 18:07:03,2017-09-20 00:00:00
8d1156c96377d15036fe5866d7c2b1c9,17f815b13cf89817bfd90065eb1b69b4,delivered,2017-05-05 13:42:09,2017-05-05 13:55:23,2017-05-11 09:23:59,2017-05-16 11:47:01,2017-06-01 00:00:00
c771950ab68648b121a30c7de076dbf8,b27858324d445bc99dc2942997658556,delivered,2017-11-14 00:28:51,2017-11-14 00:50:26,2017-11-25 02:24:52,2017-11-25 20:11:49,2017-11-28 00:00:00
ca8abc474e7636166e173909fa9973ce,8443f32ce8f32007d1bb7beca8f386da,delivered,2018-04-29 18:45:34,2018-05-01 06:12:49,2018-05-02 10:02:00,2018-05-08 20:22:30,2018-05-24 00:00:00
ad7d812f43f6308a7105fecab91fe3c1,3743de9608dba0325a5534fff7c367d6,delivered,2017-05-02 16:01:55,2017-05-04 02:51:00,2017-05-09 12:17:33,2017-05-22 18:03:52,2017-06-16 00:00:00
27de70aab873d2512659020719964c2a,3de38d0a33d028dfbcf7579f55303287,delivered,2018-05-17 16:37:29,2018-05-18 00:14:46,2018-05-18 09:54:00,2018-06-09 14:22:02,2018-06-22 00:00:00
837b75362f8a7c08c85182dfd16cb72d,fb12883b50e7a807962b3f0acd743169,delivered,2018-08-06 17:41:49,2018-08-07 04:15:33,2018-08-10 19:52:00,2018-08-15 01:38:58,2018-08-09 00:00:00
74fa746e5f8f120282d292d136d7eb8d,b5d1c63873b83d5f19219f4c99c4f957,delivered,2017-11-28 18:37:29,2017-11-28 18:56:57,2017-11-30 00:13:25,2017-12-13 16:16:59,2017-12-19 00:00:00
33ca67f12b946d8830eb3805cc63761b,18e8c826c91f467ecc07f9e1447b8860,delivered,2017-08-21 13:10:55,2017-08-21 13:25:11,2017-08-22 19:17:04,2017-08-31 19:49:58,2017-09-15 00:00:00
e7b2fd1afe0ea1687d1766b2b4f2d197,1e343e03e0136219d697f62fb5d9b962,delivered,2018-05-14 14:34:21,2018-05-14 14:51:20,2018-05-25 13:06:00,2018-06-05 18:38:46,2018-06-19 00:00:00
d32e51406daab72e2dceefb08b096e13,7139a35b7933e0fb709bb8b33a28e408,delivered,2018-07-03 13:39:25,2018-07-05 16:26:40,2018-07-04 11:36:00,2018-07-13 14:08:44,2018-08-06 00:00:00
58c3b9078e5980f72acd38350898f93d,d3cb6584f820e1ade0b4c054fe5b0e1c,delivered,2018-01-22 12:07:05,2018-01-22 14:54:24,2018-01-31 20:36:58,2018-02-16 13:32:04,2018-02-16 00:00:00
4810bc72b32b9b06d7962b3c645faea2,7f2b3135700ee34aabe5bb580cd04ddd,delivered,2018-03-26 18:36:31,2018-03-26 18:47:25,2018-03-28 17:18:26,2018-04-13 21:26:51,2018-04-24 00:00:00
9c5921e983142d2f7a3416864c6e64bf,324c9f379509b9746f28abfb4b235b72,delivered,2018-06-19 10:33:38,2018-06-19 10:55:58,2018-06-20 13:38:00,2018-06-26 18:15:29,2018-07-26 00:00:00
b1b6f4555a67701822ee36e2d35d7043,f9e7b0ff9161b2eab0a9b8b1d71052f5,delivered,2018-06-29 16:22:54,2018-06-29 16:35:19,2018-07-04 11:55:00,2018-07-06 17:18:21,2018-07-23 00:00:00
e80857672c0e282974edfbb1540c4193,8e3564ee2cad977c82e283237ac1ada5,delivered,2017-11-13 08:08:12,2017-11-13 08:26:25,2017-11-17 21:27:28,2017-11-28 22:38:56,2017-12-07 00:00:00
44e608f2db00c74a1fe329de44416a4e,a81ebb9b32f102298c0c89635b4b3154,delivered,2018-02-28 11:15:41,2018-02-28 11:32:42,2018-03-01 20:09:30,2018-03-16 19:02:51,2018-03-26 00:00:00
623d9c7205ead428a68b210b93e69148,7d7fc89ea76913eeb562675ed70cb77f,delivered,2018-03-19 09:34:03,2018-03-20 03:35:47,2018-03-21 21:27:47,2018-03-24 18:08:32,2018-03-29 00:00:00
27e664e45fbc72051ec6482958367303,f7ac3766e4ab47dfe7a63adaceb81f00,delivered,2018-01-08 23:19:44,2018-01-08 23:35:17,2018-01-13 01:41:52,2018-01-18 19:13:34,2018-01-31 00:00:00
2a2ef9160ab84c882e54ed20bf50d860,be9eeada72fc848dd43a78665d8fba1c,delivered,2018-05-14 15:15:56,2018-05-14 15:33:40,2018-05-15 13:59:00,2018-05-22 12:54:47,2018-06-05 00:00:00
28fca12474d528012be6d7def6e7bc20,2385fa7e4de2b07ebe7891dcf18d1305,delivered,2018-07-16 12:14:09,2018-07-16 12:25:13,2018-07-16 13:52:00,2018-07-18 11:50:41,2018-07-30 00:00:00
d0269d8e6e340202e519f59cefeb094d,661ab54307d752dcc15fd85d731c0999,delivered,2017-09-18 10:42:04,2017-09-18 10:55:49,2017-09-25 18:04:21,2017-10-05 17:48:03,2017-09-28 00:00:00
c506776ed3d58a361a80072d7f97aaa5,2177e258ac5a20cb7353b00cf46cf86e,delivered,2018-08-12 20:01:15,2018-08-12 20:15:15,2018-08-15 12:12:00,2018-08-21 00:16:54,2018-09-10 00:00:00
99dc6d9fbacb076c3843ffdc647b3c11,83ebae14081d4c34019e8c1811df86f7,delivered,2018-06-16 22:52:32,2018-06-16 23:15:51,2018-06-18 13:54:00,2018-07-06 00:42:52,2018-07-24 00:00:00
89fd0af8914b1f149a531f98a183a860,7dbd2b1c0d210755360a6c81be88abb5,delivered,2017-02-27 23:20:38,2017-02-27 23:33:51,2017-03-01 13:48:55,2017-03-14 08:04:13,2017-04-03 00:00:00
1c5e3d274e2a344cf83867e03db6968a,37a9571e984375971977606cb55bb504,delivered,2018-07-09 20:56:10,2018-07-09 21:05:55,2018-07-10 10:03:00,2018-07-12 20:10:58,2018-07-24 00:00:00
64f166c3f77ffed0b8f2eedba778c745,587f185c63635af73e29e532a6713e2c,delivered,2017-12-16 17:38:32,2017-12-16 17:51:25,2017-12-18 17:42:49,2017-12-23 11:48:56,2018-01-12 00:00:00
ee325c04d0f6f16a001026ea4d5f4b13,eca67133f1e8256d6f6894e49ad2a5ab,delivered,2018-08-08 11:46:42,2018-08-08 12:05:06,2018-08-09 12:51:00,2018-08-14 21:28:36,2018-08-15 00:00:00
6d54b2636a61d610eb2adc5784fbe99e,cf2eb83b0b6636d455c57e6c048e2df3,delivered,2017-03-19 19:05:15,2017-03-19 19:05:15,2017-03-21 10:37:05,2017-03-27 14:33:07,2017-04-10 00:00:00
2de47e473306065fb0cd0322d8d9952b,fcba0880d404156b4c9d6361b68f16af,unavailable,2017-10-25 13:15:01,2017-10-25 13:29:04,,,2017-11-16 00:00:00
9c8b8ff59ab268b976e66d35464ac79b,f221dd968c17b94730bd38fd6fdd37ea,delivered,2017-09-01 21:50:49,2017-09-01 22:25:32,2017-09-04 20:43:12,2017-09-12 15:22:52,2017-09-21 00:00:00
962acb5668d26068e35cc8c6f7f65e73,88e07c0e266bebbd0e4867ff1bdbffbe,delivered,2017-03-24 15:09:44,2017-03-25 02:16:12,2017-03-27 17:50:18,2017-03-29 12:58:01,2017-04-13 00:00:00
bee12e8653a04e76786e8891cfb6330a,448945bc713d98b6726e82eda6249b9e,delivered,2018-08-29 08:46:11,2018-08-29 09:04:10,2018-08-29 13:03:00,2018-08-30 21:54:45,2018-09-11 00:00:00
359352820ef7acbc4def738b048f2d6c,2815da103e2929fd06a7b2129153fedc,delivered,2017-05-02 10:18:30,2017-05-04 10:35:17,2017-05-04 17:18:48,2017-05-29 13:49:21,2017-06-06 00:00:00
3fbc3af8ff8fea319d3a050846cfe092,907abd9d16df0ca30fc8c855031da045,delivered,2017-12-11 15:58:13,2017-12-11 16:43:06,2017-12-22 17:32:42,2018-01-05 20:19:29,2018-01-26 00:00:00
cad07bb1dea448e4277d6bb42be1c1af,1043c3cb23bfc3503414f94be4130220,delivered,2017-11-27 00:07:01,2017-11-27 00:19:26,2017-12-15 00:09:34,2017-12-28 19:17:58,2017-12-22 00:00:00
a082ee10e419cde2da809dae1c4a47ae,6d10e0ce7d75bda911b1e2f5f99d8843,delivered,2017-09-15 14:17:12,2017-09-15 14:25:20,2017-09-21 11:58:14,2017-10-06 17:50:27,2017-10-16 00:00:00
bd47e5f8eaab83d29f99b4079683de37,f153799162eb778d9f56031c0b4b8817,delivered,2017-09-24 14:02:27,2017-09-24 14:24:14,2017-09-28 13:50:01,2017-10-09 22:53:32,2017-10-20 00:00:00
5b5474feb28b0c13b0da3b019883a9c2,b66df3d8c09687e66b43c966f7d6e718,delivered,2017-11-13 13:44:39,2017-11-13 14:07:13,2017-11-16 21:51:15,2017-11-21 20:54:03,2017-11-27 00:00:00
d8871dabf991b93f323970274f492e85,87135d156578200c9b003917ce3cdc4e,delivered,2017-12-05 13:56:10,2017-12-05 14:30:55,2017-12-11 20:32:16,2018-01-11 21:37:05,2017-12-29 00:00:00
8fc923d372690f0c1bfe010787d3400e,466aad6120bc9aa6be20d8dc0e9b6e1b,delivered,2017-04-23 12:16:52,2017-04-23 12:30:22,2017-04-25 09:53:45,2017-05-09 11:23:15,2017-05-23 00:00:00
f97ceada945c2f47998a4005f87f475d,1295c00ce6a0b5d21e8e2efe0540dd01,delivered,2018-02-03 12:11:03,2018-02-03 12:27:16,2018-02-05 22:14:25,2018-02-28 16:49:02,2018-03-06 00:00:00
9a03b3e45e1da9f1e9855278e52b147a,5d7e41996aae2db6784ec77ee6fd6f6b,delivered,2018-07-20 23:02:49,2018-07-21 18:04:05,2018-07-23 11:39:00,2018-07-24 18:28:52,2018-07-30 00:00:00
9a9d4d2b13aef65ec14f49dcf366f12f,618f4fb2d1875c43b1821d6280d6e5e2,delivered,2018-07-23 14:13:15,2018-07-24 11:32:28,2018-07-25 14:00:00,2018-07-30 23:15:47,2018-08-09 00:00:00
357d703c2617fae0640c2831d1418993,c86d591880da35f17546e2be58e66660,delivered,2018-01-17 19:59:51,2018-01-17 20:11:28,2018-01-18 16:46:46,2018-01-23 16:19:06,2018-02-09 00:00:00
241592e5920372dd08fcb5c8c6fbac75,7899fbccf8693b0b8eb6bf29ea1fa6c8,delivered,2017-08-27 18:28:26,2017-08-29 04:35:51,2017-08-31 21:09:49,2017-09-12 12:15:37,2017-09-18 00:00:00
28b219f462742fe93f57a52d18b67612,7ea93403888146228962dbe5e238a903,shipped,2017-09-28 12:19:33,2017-09-30 02:28:31,2017-10-04 22:46:27,,2017-10-26 00:00:00
2be69b19c3402f7c2ac375f252022d70,7f7b5099d28accf45603fbc7a9fda452,delivered,2018-04-23 15:37:59,2018-04-24 17:12:45,2018-04-24 23:37:41,2018-05-14 19:13:44,2018-05-17 00:00:00
6de5cb2a6bbde83681d778ff903220e2,e121c88ab9ef77fb3ee49328781bb5c9,delivered,2017-12-26 19:22:56,2017-12-26 20:31:00,2018-01-02 17:58:05,2018-01-04 21:32:24,2018-01-15 00:00:00
669d4be1c2a2cab7e5ec040bf54c5d91,f7fd335725f778c5e85be886b3ac21ee,delivered,2018-04-15 18:05:33,2018-04-15 18:30:46,2018-04-16 15:14:41,2018-04-26 17:58:30,2018-05-23 00:00:00
f4a613f13687a59ba108a5ad756d73e6,e6cd6ca84cc5b5890a35a19c1efab9e7,delivered,2017-11-28 11:22:27,2017-11-28 11:41:20,2017-11-29 16:17:57,2017-12-11 18:52:45,2017-12-18 00:00:00
ef2570b7f7f75c08b117f1d8db2a030e,306a3c60e7ec65507ec50047f66b01f9,delivered,2018-06-18 12:18:58,2018-06-18 12:37:30,2018-06-18 14:06:00,2018-06-29 19:47:33,2018-07-30 00:00:00
2fd35ca971609b8f8f878d87262e6fbd,df4d74be9d8b7c457835b674c08a1360,delivered,2017-07-26 10:05:30,2017-07-27 10:22:47,2017-07-27 20:28:59,2017-08-04 17:57:36,2017-08-17 00:00:00
febcb6742e4652312e996b6bc7fbcdd8,414473afb9a8e920051c8ecd9e3a59a3,delivered,2018-03-06 15:28:00,2018-03-07 02:49:05,2018-03-30 01:32:33,2018-04-13 22:46:35,2018-03-27 00:00:00
333836c2e85611f0f64e5c36e9a475e9,478405e8df3b9abb7f2bd5c8fd77df89,delivered,2018-05-24 07:54:51,2018-05-24 08:19:39,2018-05-24 10:03:00,2018-06-02 15:47:21,2018-06-20 00:00:00
f1b8058b666097152bfa8495286f8c61,6cd52f4d9b9cbbb03ec1e32184fa50d3,delivered,2018-08-07 00:35:20,2018-08-07 00:45:12,2018-08-07 06:24:00,2018-08-09 14:45:33,2018-08-15 00:00:00
eca263405c1efe4ad165ef533868620f,b433290fdbd7a32a08cc233d445c4692,delivered,2017-08-11 21:08:04,2017-08-11 21:50:15,2017-08-14 20:53:47,2017-08-25 18:51:59,2017-09-06 00:00:00
ac5f6eb714ea7a0e9fc48eaa34d3eab8,8172842da78a488cb74d25ea99c0b656,delivered,2018-02-24 13:31:40,2018-02-24 13:47:38,2018-02-27 14:19:15,2018-03-27 13:21:22,2018-04-02 00:00:00
8fc3842e23d0010bd7f86eed9c0b3c78,af1a1b36e6fec8d5e9afb04504ceefd6,delivered,2018-08-04 19:06:19,2018-08-04 19:15:19,2018-08-07 12:33:00,2018-08-13 17:38:44,2018-08-22 00:00:00
c0e1cfdba23aaae17319b780a91978af,abcabc7d0046930c04f966c3d8d5d9d4,delivered,2017-11-24 17:28:24,2017-11-28 02:51:28,2017-11-28 21:31:49,2017-12-04 20:23:14,2017-12-15 00:00:00
14fda766f6a1e0a37886b3e8fcf8bde1,0e1cf9332ab9b502f469458da2a5e7e9,delivered,2018-04-01 22:38:52,2018-04-01 22:50:16,2018-04-04 22:10:53,2018-04-11 14:48:22,2018-05-04 00:00:00
808ee3e83e953036fd17d57aaa3d6a88,6ac34ca71b338a6c6f2a929bb5da5d5f,delivered,2018-05-15 20:24:24,2018-05-15 20:55:50,2018-05-29 14:59:00,2018-06-04 14:42:09,2018-06-18 00:00:00
8ea18c94420645b8bd579dac65636c1d,b31c763b3d3b41630c903bc99fbca4fc,delivered,2017-11-24 14:41:26,2017-11-24 16:52:56,2017-11-28 17:56:45,2017-12-16 16:05:16,2017-12-28 00:00:00
57d9af1de34ab593d3ecb3c06abfc12a,ac89ebd5f9c1ee754571497f4834218c,delivered,2018-03-07 19:22:03,2018-03-09 02:31:12,2018-03-09 21:34:35,2018-04-11 11:25:48,2018-04-09 00:00:00
109ff01cec6b68a8e70ed431552b9be0,43c9df3440bc8c9934f5aabc6a51f0eb,delivered,2017-10-02 20:17:41,2017-10-02 20:35:22,2017-10-05 19:44:49,2017-10-20 18:02:36,2017-10-27 00:00:00
d4ab24f781df0efaa8d664c145241296,0d7f715445e008343eee592c11f0fb12,delivered,2018-08-07 21:37:09,2018-08-07 21:45:18,2018-08-15 06:31:00,2018-08-18 02:27:43,2018-08-27 00:00:00
56cdfcbf34dbccee2a6ee43ac8382ec1,3e3fa4f86f34eef3b2eb0211c5657bf6,delivered,2017-07-20 15:55:45,2017-07-20 16:05:27,2017-07-24 12:41:43,2017-07-28 19:48:28,2017-08-11 00:00:00
e62912b263a0f5d857c4bc391a058bd7,e5d894674c4196c5e5bec079f7bf333d,delivered,2017-07-10 23:21:48,2017-07-11 00:43:32,2017-07-11 18:56:30,2017-08-02 19:40:23,2017-08-03 00:00:00
a631c77f946e5131c16618c1d0453970,22a8e041ede8a10e2606780b45b30ae3,delivered,2017-11-24 00:26:01,2017-11-24 00:56:29,2017-11-27 22:11:54,2017-12-04 23:58:56,2017-12-14 00:00:00
4f1792824612bbcd94a21516822b86c6,0e25751aed3867969ec7663ecaf9f9e9,delivered,2017-06-24 17:20:04,2017-06-24 17:35:14,2017-06-26 15:25:06,2017-07-04 17:17:52,2017-07-17 00:00:00
9fbbd9e1516b7cbce439d5f07dd07f98,3db589c1c823079b172751f6330c5fd5,delivered,2018-04-12 18:47:28,2018-04-12 19:13:25,2018-04-14 00:04:07,2018-04-16 21:26:21,2018-04-30 00:00:00
b5f7524b957bdf9bba63541b933c1fa9,73b78086ff774603121ae9c25de7056c,delivered,2018-04-18 10:46:28,2018-04-18 10:55:20,2018-04-19 00:22:32,2018-04-24 23:22:34,2018-05-08 00:00:00
a0726e4fe3c5c989d0f89d5432c905b1,0899ee3a7b3e045cb930b5f394293736,delivered,2017-02-21 15:32:27,2017-02-21 15:42:29,2017-02-23 14:36:13,2017-03-01 05:59:03,2017-03-20 00:00:00
0068fb0e223115e911d362627e8b8800,f0bc088c671f31458f73cc1a6a347842,delivered,2018-07-18 10:46:09,2018-07-19 02:50:11,2018-07-19 12:50:00,2018-07-25 21:04:16,2018-08-15 00:00:00
2b4dd5231bfa1c6ad0442c5f1964044c,0984d27d6583310ddaad418a2854ebb7,delivered,2017-04-02 08:45:42,2017-04-02 09:22:38,2017-04-03 14:41:12,2017-04-07 19:41:41,2017-04-24 00:00:00
7c785ca029b3cd40a7f840e44231789e,918fdddfd2af4b0037a357ec2af96e8e,delivered,2018-05-31 17:01:30,2018-06-02 03:31:43,2018-06-11 09:44:00,2018-06-12 19:48:48,2018-06-26 00:00:00
554647072788557163baf06383119edb,6d886a0cde31871321a66ae2d5efebf4,delivered,2018-06-25 15:27:32,2018-06-25 15:57:55,2018-06-26 13:23:00,2018-06-27 17:08:50,2018-07-05 00:00:00
6af80e57f1bc2293fff7058c7c583d46,45bc65e83bcb89103f2e5bbe2e429510,delivered,2017-08-10 22:52:11,2017-08-10 23:05:39,2017-08-11 13:24:58,2017-08-14 15:22:35,2017-08-23 00:00:00
786cae661e4ef4209fe7721d5b85cc7e,b10f39e5294484ce6a4982575ef56570,delivered,2018-05-10 07:12:19,2018-05-10 07:36:28,2018-05-10 07:39:00,2018-05-16 21:31:48,2018-06-12 00:00:00
de28971a284d4d1aef005e7f16b36a52,da16a9b6d9f5be7c2266a76de19516e3,delivered,2018-02-01 14:49:34,2018-02-01 15:10:22,2018-02-02 20:19:08,2018-02-05 20:28:59,2018-02-23 00:00:00
bedc87ce363e6bf8c8868b96b2213ae4,88a98577c0d60c958eaaab2bf1e57f2b,delivered,2018-02-24 22:09:13,2018-02-27 04:31:10,2018-02-28 17:49:01,2018-03-09 00:58:29,2018-03-23 00:00:00
257ed982e3ae46f669bcc0f8bcbbac26,3d912a1278304423ac4bf9805123825e,delivered,2017-09-19 10:30:53,2017-09-20 02:11:25,2017-09-20 21:13:53,2017-09-28 20:25:16,2017-10-19 00:00:00
8c2f915441bbfbd7a7b3ace56058f799,dee3552c1fc38b7497a491fdf5e76c4b,delivered,2018-02-06 13:32:02,2018-02-06 15:55:47,2018-02-08 20:21:36,2018-02-15 16:18:51,2018-03-08 00:00:00
f3fc3c963c2854345aac9d080936f879,fdecaebc4cd45fb928ea5b6a009f13bf,delivered,2017-03-30 17:48:08,2017-03-30 18:02:15,2017-04-05 16:18:05,2017-04-13 13:03:47,2017-04-19 00:00:00
aaa01262ebed3a3f92e3f65995b83fe2,df8ac4f435671909cf15a66d06670f2f,delivered,2018-02-05 20:57:35,2018-02-05 21:10:59,2018-02-06 21:48:59,2018-02-15 15:23:58,2018-03-07 00:00:00
042649285cd08ef7c546445419b43407,8e4a0eaf18400c5715796fc724708d00,delivered,2018-03-13 15:24:32,2018-03-13 15:35:36,2018-03-15 23:07:58,2018-03-16 23:32:59,2018-04-16 00:00:00
e09b153d0bad5b30851a6bbdb7ee0cec,32f81dfde34db2ecce57cd3307ebe910,delivered,2017-11-19 10:04:04,2017-11-20 10:15:41,2017-11-21 21:58:01,2017-11-28 20:53:05,2017-12-12 00:00:00
d684202253f5f00621b0afd578646f3d,8955e83ade1ca402f273a2941920a343,delivered,2017-10-02 13:21:22,2017-10-02 13:28:23,2017-10-04 19:36:51,2017-10-10 20:21:31,2017-10-25 00:00:00
473ab4c505ede7fd6b8de460fb374905,f1014868705620b875d3956e154ac5b1,delivered,2018-03-12 21:26:31,2018-03-12 21:35:32,2018-03-19 17:18:28,2018-03-29 12:28:50,2018-04-04 00:00:00
9d70ddf4f9027ee7e5f0851c480d3fbe,3ededc1f808f7482c3a034e1aa27e494,delivered,2017-11-22 15:36:42,2017-11-22 15:47:29,2017-11-23 18:27:12,2017-11-25 00:25:53,2017-12-04 00:00:00
5fe8c7141808af2ac47d98ff8a006ac5,3b74aecc92a9ddce62caa3abf0af14ed,delivered,2018-02-02 17:40:16,2018-02-03 02:52:46,2018-02-06 01:04:07,2018-02-19 17:33:49,2018-03-07 00:00:00
ba59ccae9b527b6fef4bd4418c91f70b,1bb460027f7333d51cc602eb692f1b8d,delivered,2017-06-11 18:01:24,2017-06-11 18:10:17,2017-06-12 17:10:53,2017-06-13 14:33:55,2017-06-29 00:00:00
a01f80b1c91dc99c91af4f252c072052,af2fbb84d88e6790325d8e566bff63b5,delivered,2018-01-13 13:45:38,2018-01-16 06:29:39,2018-01-16 17:27:52,2018-01-29 12:22:30,2018-02-16 00:00:00
f6159858215d35950f9f4270d7828c88,c1811682bcf67e76e41b49d217e69704,delivered,2018-06-28 09:49:26,2018-06-28 10:11:20,2018-06-29 09:22:00,2018-07-04 00:26:37,2018-07-18 00:00:00
d2b7e676fa9c3fde36377fc977f3c91b,2b3348bd84b2220c0bda4e4c9df8bf14,delivered,2018-03-31 15:52:54,2018-03-31 16:09:40,2018-04-02 17:31:19,2018-04-11 12:52:39,2018-04-30 00:00:00
fcb25cc2887d15b5373673a0630ad13a,3379c7a16d562a9dbdf4b6a3d55754b3,delivered,2017-09-03 17:20:56,2017-09-03 17:30:19,2017-09-05 20:40:00,2017-09-14 18:13:25,2017-09-21 00:00:00
ffecd5a79a0084f6a592288c67e3c298,8afa5a415d65a08e3a68b1d7f9ddd8a5,delivered,2018-02-27 20:00:25,2018-02-27 20:15:27,2018-02-28 20:54:52,2018-03-29 14:37:05,2018-03-22 00:00:00
ce3a36c0bcc4edf5c49a0a29b3da3963,b3af3ecddf3c4588121357ab183019b8,delivered,2018-03-02 20:37:29,2018-03-03 02:35:44,2018-03-06 21:16:58,2018-05-09 23:08:44,2018-03-22 00:00:00
7f05df42e3ae8f2e28d17d9be08995fb,8a0dace88e77177a26f71af2fd395f89,delivered,2018-02-26 09:52:56,2018-02-26 10:11:13,2018-02-27 20:55:12,2018-03-15 22:11:37,2018-03-16 00:00:00
fa2506002832d12e73c2ce6a100bfc93,99e449385ee6826cf1c1fa828896ac55,delivered,2018-01-13 21:52:26,2018-01-16 03:38:28,2018-01-17 15:33:23,2018-01-19 17:47:28,2018-02-02 00:00:00
f738c825ba638593b393a2c227db6fc7,c27dde1de4fba311ef762fadffb4a93b,delivered,2018-01-10 15:33:42,2018-01-10 15:48:49,2018-01-11 22:29:06,2018-01-25 17:28:42,2018-02-02 00:00:00
1eccd8d84c7f560cd79c788b091d42a7,6069f4c02e379b61ef014ef0b2fa3b26,delivered,2017-06-11 15:11:14,2017-06-11 15:35:16,2017-06-13 15:23:59,2017-06-28 15:05:37,2017-07-03 00:00:00
9027566b6cf8f9cb1b45a9cd0ae2ae4e,b9561d2c56cea4a34708b9ff796a6d59,delivered,2018-01-08 10:01:33,2018-01-08 10:09:22,2018-01-09 17:59:12,2018-01-17 19:24:37,2018-02-01 00:00:00
982f203457d0f597a575b40512d66b1d,ba58818419b9defea2521f95ed2d82ee,delivered,2018-02-20 19:07:20,2018-02-20 19:28:34,2018-02-21 19:33:30,2018-03-08 18:10:46,2018-03-16 00:00:00
de264356ec25b31b60efe9b940bf2253,ccb5fdddd38dc475e9d6f382728ba2c4,delivered,2017-02-15 00:17:46,2017-02-15 01:05:35,2017-02-17 15:34:37,2017-03-20 11:39:28,2017-03-24 00:00:00
4a778bf83b14e5f0f74e35bf9dea4a7c,1067b68fcbcce6d777e098d24117941e,delivered,2018-02-18 18:06:55,2018-02-18 18:26:44,2018-02-20 16:09:01,2018-02-22 19:43:36,2018-03-06 00:00:00
25e23f5fbf3139c628fe56c126c97391,d127686ff1441587369d5bf73ab50e92,delivered,2018-05-15 09:51:46,2018-05-15 10:38:34,2018-05-17 18:51:00,2018-05-18 19:21:45,2018-05-24 00:00:00
0e3ce0f00c0714004ef73e0b334ce130,caa66860ae0cc53f31d70c304a4d630a,delivered,2018-03-31 20:16:25,2018-04-03 05:15:36,2018-04-04 17:36:36,2018-04-18 16:13:06,2018-04-19 00:00:00
0f4100ceeb7e6c856edfbb660c06757d,88804b4c3da363a0429636e65591ed68,delivered,2017-09-20 09:25:49,2017-09-20 09:35:19,2017-09-26 15:02:51,2017-09-29 19:58:56,2017-10-06 00:00:00
f6b579d3cdf2be4e94886491e5756f5c,75049e113d5db07507bd6ac4cc33f46a,delivered,2017-08-07 13:18:05,2017-08-07 13:35:06,2017-08-08 18:23:52,2017-08-19 13:29:41,2017-09-08 00:00:00
f778c1525f995ec52f0dacbef2b17b20,fd6563e034512a86655944116e76199b,delivered,2018-07-28 13:10:19,2018-07-28 14:30:34,2018-07-30 13:17:00,2018-08-03 20:22:37,2018-08-14 00:00:00
3a0b1b5c52367a68f9deab55f3464a14,35162935be1761d5f1fe05a66870794e,unavailable,2018-03-19 16:22:05,2018-03-19 17:29:41,,,2018-05-10 00:00:00
6808371a9f147369fa0db5ebc9cecc26,908b9f5f225602abc9631245385ed5ee,delivered,2017-09-08 14:47:40,2017-09-08 15:03:25,2017-09-12 19:33:15,2017-09-21 15:00:07,2017-10-02 00:00:00
c5ddf6be2ae50588b29222f7b1fd84aa,a5440d1ba68ac00e8bec4120bff7a801,delivered,2018-08-16 22:12:44,2018-08-16 22:29:32,2018-08-17 12:12:00,2018-08-25 12:45:44,2018-09-10 00:00:00
5b33244d158adb23abb0d481fa052af8,b21ddd04ac484e7699022c699ec0b566,delivered,2018-06-15 14:26:18,2018-06-16 14:38:58,2018-06-18 13:12:00,2018-06-19 22:09:55,2018-07-03 00:00:00
958c6a70e60365b576dd696ad29bbca2,5e0f7317756669ff7b384444dbb81fa3,delivered,2018-06-12 00:22:18,2018-06-12 01:35:10,2018-06-13 14:13:00,2018-06-14 14:58:59,2018-06-21 00:00:00
b6d2a4da6b5b41064470dd14e2bcce18,d2accb931caad49a23dde54389796d21,delivered,2018-05-16 14:34:02,2018-05-16 15:59:15,2018-05-17 14:31:00,2018-06-02 15:03:16,2018-06-07 00:00:00
e339db2b9261f6f0d9d9f1c41b629050,4a233d3ddaec6844f5298c10fbde19b3,delivered,2018-02-16 17:15:38,2018-02-17 03:35:34,2018-02-19 17:05:59,2018-03-15 19:56:38,2018-03-13 00:00:00
0ee8c7c12be480dcd65c633d4a1c5ae0,0c828b1b8e436e8a4bbc26e8debd2895,delivered,2017-06-05 19:49:01,2017-06-05 20:02:00,2017-06-06 16:31:03,2017-06-16 17:17:54,2017-06-28 00:00:00
b7052b027c0d0f9034f466378c59248d,add5785e010249251e3af691ab7341b9,delivered,2018-06-10 00:17:39,2018-06-10 10:57:56,2018-06-12 14:22:00,2018-06-26 18:58:32,2018-06-21 00:00:00
cd204f2c023b810c30b9d94d83549c84,60316082457ca4288ed89e75c9f9d50f,delivered,2018-03-04 10:13:05,2018-03-06 03:55:46,2018-03-08 01:24:35,2018-03-29 22:14:22,2018-04-06 00:00:00
1355bd6c7fa80ea43bdecab48ff8052c,934a9204aacc7279a9db0896b83eb42e,delivered,2017-11-27 01:29:11,2017-11-27 01:37:23,2017-11-27 18:40:07,2017-12-04 20:49:08,2017-12-22 00:00:00
89243c8b1f29ba7a225bdad8061fb473,7c8dba54b348b5f16f4e74a3042136c9,delivered,2018-08-04 13:54:21,2018-08-04 14:10:14,2018-08-07 12:10:00,2018-09-03 23:37:44,2018-08-21 00:00:00
3d0e84aa6695f156f958a00ca2a2745b,3cea18522d4d87f0397edbbbc5ce28e0,delivered,2018-01-24 21:31:57,2018-01-24 21:39:24,2018-01-29 17:56:51,2018-02-15 00:31:47,2018-03-05 00:00:00
6e86dd87eb30b6b70932e528415ff5c3,c0a1f831e9bc121e3d53685f89955059,delivered,2018-06-24 16:36:52,2018-06-26 05:13:09,2018-07-06 11:01:00,2018-07-11 19:57:26,2018-07-18 00:00:00
d1a82e2009b5e83098aa37edae34c7c1,614cbde307d19568eece2a7529586d0d,delivered,2018-08-19 09:08:14,2018-08-20 11:10:32,2018-08-20 13:29:00,2018-08-21 21:03:16,2018-08-24 00:00:00
07fa3b6d7ec7fa27de9d00bdc93d36cf,9e4424cc993d9e0c8042f150f89a0a9a,delivered,2018-07-21 17:22:06,2018-07-21 17:30:20,2018-07-26 14:38:00,2018-07-30 22:31:17,2018-08-08 00:00:00
d4de0ad9ddefd13e60191fbc49925dc5,7ca3b9ef13b93f0aeea91fc136aa9d18,delivered,2018-07-13 12:49:07,2018-07-17 04:32:27,2018-07-17 13:19:00,2018-07-25 19:52:13,2018-08-23 00:00:00
1800f4a4362310d7eb38281634f6dfd1,40790a4297b4613ae3d984e5851426d3,delivered,2017-11-27 22:35:44,2017-11-27 22:56:32,2017-12-11 17:25:07,2017-12-22 19:49:01,2017-12-29 00:00:00
a0bba9f8b36a29b7ee6af6df702b309d,4426e551bb8f71cd39ea13d731b82f0e,delivered,2017-04-05 01:11:04,2017-04-05 01:22:47,2017-04-07 11:14:20,2017-05-31 04:33:46,2017-05-04 00:00:00
7ba811c4f38e665e7d51975915932651,d7b5bbb43bdc6bb9bab1b8c665b147b2,delivered,2017-02-24 22:00:25,2017-02-24 23:02:32,2017-03-01 14:57:51,2017-03-07 09:03:55,2017-03-23 00:00:00
759fc48b9360c6710317b337b9e8a974,539758b1f5c9ed62617d6e9cc64c4bc3,delivered,2018-04-13 16:18:11,2018-04-13 16:35:34,2018-04-16 23:16:39,2018-04-18 15:02:57,2018-05-02 00:00:00
63b0cebdee19b42e809d4b45866eb42e,7fa1bd17bee66bdda615d4edf6cf068b,delivered,2018-03-06 14:44:37,2018-03-06 14:56:00,2018-03-06 23:48:57,2018-03-08 19:54:24,2018-03-16 00:00:00
8ce09fabe89667119f813bcaa531e675,86a86095c835b9ad8633982e96fd84bf,delivered,2018-08-04 17:54:31,2018-08-04 18:15:12,2018-08-15 11:18:00,2018-08-16 19:34:23,2018-08-09 00:00:00
189ce876121fdc47b810933fb0b4f4bd,f75ab93151297d3750ec2c9e9f9bb45d,delivered,2017-11-24 17:00:46,2017-11-24 20:37:28,2017-11-28 21:36:01,2017-12-04 20:09:09,2017-12-15 00:00:00
40eca6a07bc5b53e520eb20f2d83997c,b81d8b14294e58ac9ec8fdf6a11e9da0,delivered,2017-05-15 12:07:03,2017-05-15 13:04:43,2017-05-15 15:33:33,2017-05-19 08:14:45,2017-06-08 00:00:00
4ac122e6ce71a07175e5bf2551f02c40,7277b6486e43ef6b8756caa0be68fc6b,delivered,2018-07-22 21:23:58,2018-07-23 12:31:58,2018-07-24 13:26:00,2018-07-26 00:03:10,2018-08-02 00:00:00
0c9b9834c09d4fbf6bbadf2b3fba9828,2a7650b65bcb266e812c0408d2bc2414,delivered,2017-11-25 18:24:33,2017-11-28 03:19:09,2017-12-01 21:51:56,2017-12-10 18:03:29,2017-12-15 00:00:00
163cbb0efa54de4c35c11766fedead72,6467ee8747385358f942ed9322f8071d,delivered,2017-11-10 22:13:14,2017-11-14 04:06:56,2017-11-16 23:41:49,2017-11-21 23:31:41,2017-11-30 00:00:00
6a5664e1fb811235e24050acd7c68688,5804bbbaa7d649033a0587b33b6d76a1,delivered,2017-11-25 08:38:03,2017-11-25 08:55:24,2017-11-27 18:17:04,2017-12-06 17:12:07,2017-12-18 00:00:00
684e88bdcc27e51aacd939bb710c5282,537b84e67dbd62e82198816b3e41404d,delivered,2018-01-26 14:51:46,2018-01-27 02:40:44,2018-01-31 01:27:47,2018-02-07 20:51:50,2018-02-21 00:00:00
a4652eb1954cd0c3121a95ba49122673,5b7ad66e4a9c19ef5ddceae95d05e46e,delivered,2018-08-19 21:37:17,2018-08-20 13:30:48,2018-08-20 12:54:00,2018-08-30 09:24:55,2018-09-04 00:00:00
a38c0e50b66c0d87a55e783e07f8b1aa,6c9c056a7b831022a3456383b3750269,delivered,2017-09-13 17:05:00,2017-09-14 17:04:16,2017-09-22 18:13:25,2017-09-27 22:49:58,2017-11-14 00:00:00
b905896f4348c158b97acce3bd7d97b5,473514ce458d8b07b22c6f4f7da18330,delivered,2018-05-02 04:02:18,2018-05-03 04:32:54,2018-05-09 16:20:00,2018-05-16 14:03:34,2018-05-28 00:00:00
00995d799817ecc3bd2abd8fbe59c430,266636baec3cfa8d854713f0b465a2cb,delivered,2018-07-26 11:25:18,2018-07-26 11:45:13,2018-08-01 14:05:00,2018-08-02 18:56:52,2018-08-08 00:00:00
2d656749f55e9781665b9c467e55764a,cbe5be475ea71afedf8d26de3ee7fe85,delivered,2017-11-15 09:18:31,2017-11-15 09:30:29,2017-11-16 20:48:23,2017-11-24 19:41:22,2017-12-07 00:00:00
1b76802b72eb5517c97481ee2f7b7037,85ac32af92e4e38adeaeb0653a085dfd,shipped,2017-02-08 08:48:43,2017-02-08 08:55:11,2017-03-14 11:00:52,,2017-03-10 00:00:00
6a4d031d68d8f41c14ee7cd194023800,ba76714c4894372325ea2d044823344a,delivered,2017-05-15 08:58:47,2017-05-15 09:10:17,2017-05-15 11:08:02,2017-05-22 22:44:44,2017-06-06 00:00:00
93ad4e26ffd4ddd84ce5656128ecfefc,f6ded025d711870700bc8fca5ea69ae8,delivered,2018-06-28 16:01:37,2018-06-28 16:15:11,2018-06-29 12:18:00,2018-07-03 16:56:42,2018-07-12 00:00:00
f23155f5fa9b826631c5b8e038b38393,21a99191298d34fb6dd0b088e821591c,delivered,2017-09-20 12:19:12,2017-09-21 02:45:30,2017-09-26 19:22:57,2017-10-02 21:43:57,2017-10-13 00:00:00
1a8c6cac549a7eb5b432c5617fe21ff3,04fc2ecbb192c71163629f423d57a13d,delivered,2017-11-02 17:35:55,2017-11-02 18:34:06,2017-11-06 20:22:49,2017-11-13 16:14:12,2017-11-23 00:00:00
50506303ce9b440d995694aedde271b7,c58612b6d9ddfca2992f01f5afa04e91,delivered,2018-05-05 23:23:23,2018-05-08 03:52:25,2018-05-08 13:43:00,2018-05-15 00:14:42,2018-05-24 00:00:00
34f4ce3bb9241340ddc295c470512cf2,67445a48f81187ae4ea90c6b72d68264,delivered,2018-07-12 17:40:30,2018-07-12 17:50:22,2018-07-19 14:19:00,2018-07-23 17:32:01,2018-08-14 00:00:00
354025795ae5d3d171988505159a7843,436d3faf6f9b9df23510f8f9c5dd6680,delivered,2017-09-24 08:07:01,2017-09-26 03:35:37,2017-09-27 20:14:48,2017-10-02 18:54:27,2017-10-23 00:00:00
d9494fe15b74723b8b3b97835ab05246,b93a09d7bed0875933bab5ae8f928e89,delivered,2018-08-11 18:04:36,2018-08-14 04:25:23,2018-08-14 14:31:00,2018-08-17 20:24:44,2018-08-27 00:00:00
ad69edd5c027bb8d8647e5ad00cd2857,d088b310a3657f194fa1e5e61ad66587,delivered,2017-10-02 23:11:37,2017-10-03 12:28:19,2017-10-06 22:28:55,2017-10-17 18:45:03,2017-11-03 00:00:00
7a3d6ddc737bc4e0f556c9c47f15e7a6,7420514db819d2580b17eab4e66fd1c1,delivered,2018-08-05 10:50:50,2018-08-05 11:04:19,2018-08-06 15:13:00,2018-08-10 18:18:31,2018-08-15 00:00:00
abb4105be6a56ad64b74e4e74d5fe4f4,ee9b9518c67cadb4b0a8790b57f209bc,delivered,2017-12-04 14:25:44,2017-12-04 16:48:47,2017-12-07 12:07:51,2017-12-13 21:18:32,2017-12-28 00:00:00
2e4c4387b32b9c80b5006fc2db046dca,c0d816efaa1ae8616fddfaab7bf18c76,delivered,2018-07-28 14:44:16,2018-07-30 18:30:54,2018-08-01 09:12:00,2018-08-07 15:51:42,2018-08-23 00:00:00
f7b744e4829a9d37480c48ecbbfc078b,66d54f0c4b597dbc5ae55f45bf4354cf,delivered,2018-05-22 13:54:05,2018-05-23 15:56:46,2018-05-24 13:50:00,2018-06-06 16:07:56,2018-06-11 00:00:00
c030404e3a79412c88d5c331fc95ba20,83a7d95a92656e2033852b2a8bb37e70,delivered,2017-08-18 10:21:00,2017-08-18 14:15:10,2017-08-22 17:30:05,2017-08-23 16:28:16,2017-08-31 00:00:00
93f4ce61700a0916098fb57089063bbf,28e1c9fe318b354a59df509689129512,delivered,2017-11-26 14:21:40,2017-11-26 14:35:45,2017-11-30 22:44:54,2017-12-22 17:16:07,2017-12-28 00:00:00
a242b157f059b58578956fe8e3b35812,97d14673ff6d319aa5548768e577ce0b,delivered,2018-06-09 00:48:52,2018-06-12 05:16:16,2018-06-12 15:22:00,2018-06-18 18:22:25,2018-06-28 00:00:00
bd5c96897aa0d348c89df8ebc8f13c3d,82452ba1984cdfcfb649c4628a41190c,delivered,2017-08-15 15:41:57,2017-08-15 17:35:20,2017-08-18 15:43:58,2017-08-31 19:27:43,2017-09-06 00:00:00
02a4b1835e0a493657a4d3281ca249bb,264d206dde5b28c82a52d2ce11d765f0,delivered,2018-03-03 17:22:36,2018-03-03 17:35:25,2018-03-06 21:45:33,2018-03-14 16:06:21,2018-03-23 00:00:00
910801da909d448f4d5751766b14ceda,6f329bf7590de3b4dcd5717e936ada67,delivered,2017-03-15 10:52:36,2017-03-15 10:52:36,2017-03-20 12:05:45,2017-03-23 16:54:09,2017-04-05 00:00:00
fba896b434960b7968da1f24e5fd1d01,a3363bd3c7b12049e9faaa17e4a6f1ac,delivered,2017-03-28 09:06:06,2017-03-28 09:22:43,2017-03-29 11:50:09,2017-03-31 13:06:14,2017-04-19 00:00:00
0ee38d8cb24b76282ac30b971bc020ba,1d2ac5fe3c5d435969d1c325bc7c3885,delivered,2017-08-06 16:01:31,2017-08-06 16:15:19,2017-08-07 21:24:01,2017-08-10 20:03:11,2017-08-29 00:00:00
5af5ca095ad252181b2d59519e3714db,a7da8fbe6f9c9db6d9847a36126ecfd8,delivered,2017-05-16 08:54:42,2017-05-16 09:05:17,2017-05-17 10:16:44,2017-05-18 08:16:45,2017-05-29 00:00:00
c2cf7a378143a3cc8bcd7c1cacbc3f8c,048728006344013aa9fb44395800d50f,delivered,2017-09-21 21:58:08,2017-09-22 04:16:30,2017-09-22 16:44:05,2017-10-16 20:39:31,2017-10-27 00:00:00
dbabdffb9ca50a2b51c3501d849e311b,48a9965057e1c75ed3a4d511714be18b,delivered,2017-06-11 17:20:01,2017-06-11 17:45:15,2017-06-13 09:18:58,2017-06-19 14:42:00,2017-07-03 00:00:00
d44d3aabe5fd82754ca3b4696cdc90e7,dd502b57abd7ac93f33959fd9cc88348,delivered,2018-04-11 11:59:18,2018-04-11 12:10:43,2018-04-19 21:35:44,2018-04-27 21:18:55,2018-06-06 00:00:00
c2fb2be28249222077a2d3b586195433,e141589a49c9b47c23e8c232a391438d,delivered,2018-07-18 11:51:00,2018-07-18 12:02:08,2018-07-20 08:42:00,2018-07-26 20:22:51,2018-08-09 00:00:00
70d9761fe23def5bb4a068aaeafd7e82,500ae07bb835661a89af13841afc2e44,delivered,2018-04-27 11:07:33,2018-04-27 11:31:19,2018-04-27 13:39:00,2018-05-03 20:57:35,2018-05-24 00:00:00
71c467da99c1f688a401a10d9ba6814d,0546c71e7b8f6ea44bc1324beefa72ea,delivered,2018-08-14 16:21:35,2018-08-14 16:35:14,2018-08-15 12:53:00,2018-08-23 00:18:28,2018-08-24 00:00:00
4fffddeaf14b2a486b47dd30c6f6f480,6aa0192705e0672a4606cccff89f68d1,delivered,2018-05-09 19:29:45,2018-05-09 19:52:26,2018-05-10 16:07:00,2018-05-22 00:08:43,2018-06-05 00:00:00
337fc25996a2eefd2a075d5967670799,c447116826ca6ca27aac58b94426417e,delivered,2018-01-25 17:42:22,2018-01-26 03:16:39,2018-01-29 18:53:55,2018-02-08 16:58:59,2018-02-23 00:00:00
214f01607529c68623e62bcf73e8397f,fb65e7429ceb4c0bce607da14ff61422,delivered,2017-10-20 14:08:15,2017-10-21 02:56:28,2017-10-24 06:17:29,2017-10-25 18:53:36,2017-11-01 00:00:00
fc20ac5baf4bb79d4af12aac8c0f52c1,71021247bc034fcbe7c1f1a35244638d,delivered,2017-06-05 21:13:03,2017-06-05 21:25:20,2017-06-06 11:29:24,2017-06-13 13:45:10,2017-06-29 00:00:00
ad5f36b2517f60b9ec2f04f80503566d,7f8974f5f4703cf2425f054b9a4dd6fb,delivered,2018-07-04 20:09:40,2018-07-05 16:32:42,2018-07-05 10:46:00,2018-07-10 16:32:19,2018-07-25 00:00:00
a87b2dc5f3c007dfa3f6ba803e332261,ad812ff30018174233b1f32d8f12349a,delivered,2018-07-23 21:02:26,2018-07-24 10:31:38,2018-07-24 13:46:00,2018-07-30 18:51:37,2018-08-09 00:00:00
9524a52b2633d2f96da98b947c60a4de,eabf770240659f7a6d09b11f12f10f89,delivered,2017-11-08 12:41:52,2017-11-08 13:30:46,2017-11-14 16:08:53,2017-11-21 18:57:38,2017-12-14 00:00:00
1a33d98b92df9498c2574ac50784c3ba,ddd2e92650a004610e674c04546bf74b,delivered,2018-04-25 09:54:33,2018-04-26 03:51:26,2018-04-27 14:26:00,2018-05-02 13:04:47,2018-05-09 00:00:00
8f0a30876e1febd0d9d5743b349c8e26,c8e317a22b6d32b49ecad7cc6c08977e,delivered,2017-09-21 23:15:23,2017-09-21 23:25:35,2017-09-25 10:34:15,2017-11-09 17:59:02,2017-10-24 00:00:00
1ae207d919424c0be708422e3f833170,4f7bafbdad9cf619d3edfed649ff0f26,delivered,2018-02-24 14:09:15,2018-02-26 09:35:56,2018-03-01 22:59:05,2018-03-05 23:19:43,2018-03-19 00:00:00
6c7162d7eb88ca4c936d4fd6ee5ed5ef,0543a4072ee6393ab6b0c48639a0499b,delivered,2018-08-15 06:36:37,2018-08-15 06:50:13,2018-08-15 15:32:00,2018-08-20 18:07:30,2018-08-24 00:00:00
46e8348ff73e64f24843a7d2fad9fcfd,2a6f4afc6cfdd2096f8b3002dfb30db1,delivered,2017-03-08 08:58:11,2017-03-08 09:10:18,2017-03-10 13:18:00,2017-03-13 10:51:50,2017-04-07 00:00:00
f2f591903d71a4f49366f35ccd0017d3,5402fa00ec8cbb42d265854d2cb9841f,delivered,2018-07-27 15:41:39,2018-07-27 15:55:10,2018-07-30 08:21:00,2018-08-03 19:11:20,2018-08-31 00:00:00
98bc29e10634daaf3f5aff29eea45be6,1fd40e733da9e17e23bbfb5793a7f9cb,delivered,2018-07-28 16:00:09,2018-07-28 16:15:15,2018-07-30 13:48:00,2018-08-08 21:35:51,2018-08-22 00:00:00
37050b29f1b62a5025ae49d6a51e5d4b,3e73488fe75f49acfd906700d531d8fa,delivered,2018-06-04 19:39:42,2018-06-04 19:53:24,2018-06-06 13:26:00,2018-06-11 20:34:38,2018-07-05 00:00:00
22b6314011ec44222f024670a2c91929,2f59c2057337694cfaab7576c1d05bd7,delivered,2017-09-24 08:27:16,2017-09-24 08:43:55,2017-09-27 20:08:13,2017-10-05 23:09:56,2017-10-19 00:00:00
45234e26d8f4a497d57ba385398874f8,fa6b7d959dd8416e151eee8db7a008c6,delivered,2017-05-09 22:22:40,2017-05-11 04:05:22,2017-05-11 09:44:54,2017-05-16 12:14:08,2017-06-08 00:00:00
c2ce0c4ec17fc536b85fb3363853bb17,4505e98fe9949c3bcba1d416ee3f9bfb,delivered,2018-02-05 16:41:52,2018-02-06 13:47:56,2018-02-08 19:21:53,2018-03-02 22:27:27,2018-03-02 00:00:00
70c135d2f6154ca40b2384cbdc39e913,abbe9ebd806d700895ea6f9d987c3200,delivered,2018-01-31 22:58:20,2018-02-02 02:53:43,2018-02-03 03:12:55,2018-02-14 17:28:50,2018-03-06 00:00:00
b547355b98adcc9a318e3c1c386fc737,d35089bfbf0f2268fe911190d655cbc5,delivered,2017-11-12 20:19:55,2017-11-12 20:35:36,2017-11-17 20:58:22,2017-12-14 15:10:12,2017-12-05 00:00:00
c5437b7b7a52d4dd0ed6fc0a1f18f7b7,f03e031295605d558ec6e88c413fe4b2,delivered,2018-06-26 12:37:12,2018-06-26 12:56:48,2018-06-29 14:16:00,2018-07-03 20:24:29,2018-07-11 00:00:00
f1a65ff2fd9cc2759b0f9a3b78ac033a,4cb7699cf045e230d2a942055c88a0e1,delivered,2017-12-08 14:09:38,2017-12-08 14:33:53,2017-12-08 22:54:31,2017-12-18 21:24:57,2018-01-03 00:00:00
a9b1166b05c95760685adca729c66a40,66c5a61c8971f955bf22b0786fbf71ab,delivered,2017-02-05 21:46:05,2017-02-05 22:02:04,2017-02-08 13:24:26,2017-02-13 06:28:38,2017-03-15 00:00:00
46216bad82195f8dec79cfde98c57acd,1a79125e3c27596d608c700c90818a2a,delivered,2018-01-17 14:42:14,2018-01-17 14:52:28,2018-01-18 22:03:47,2018-01-25 23:27:03,2018-02-08 00:00:00
68a78b552ddca86cb9bb2725c390b28c,e89c6f31f747c7f49146a76efe687984,delivered,2018-01-14 22:37:17,2018-01-14 22:49:41,2018-01-16 19:05:32,2018-02-25 16:22:28,2018-02-16 00:00:00
aa06ee45fd9abfa1aceccdf308434387,dc8dddbedf94214063c457cd4074ebba,delivered,2017-10-26 12:50:09,2017-10-26 13:07:46,2017-10-31 20:51:57,2017-11-07 19:34:55,2017-11-14 00:00:00
219666cede8138c78fdfd946ba487cd1,56e6bda6f8f777b2f416c69ae6884a46,delivered,2018-02-08 00:34:17,2018-02-09 10:55:52,2018-02-16 16:43:31,2018-03-01 14:08:06,2018-03-14 00:00:00
1ad9cd62e34f5b8ebdeb700282f0168c,337777c42930fdd4a72cad8616a3e36d,delivered,2017-04-14 20:31:38,2017-04-14 20:42:09,2017-04-18 16:34:51,2017-05-08 11:42:55,2017-05-10 00:00:00
7ec1a2c6522b9fcb54c68a4f8ff6f331,42c4b5ddf0da0094426dcd5a1f889d33,delivered,2018-07-19 20:26:50,2018-07-19 20:35:16,2018-07-20 14:25:00,2018-07-24 19:46:30,2018-08-07 00:00:00
de92a2b76032cad82c67bdeda8f8b8de,81dd06147dde9b3e5537100b7b73f9fd,delivered,2017-11-28 16:55:47,2017-11-28 17:15:09,2017-11-30 18:12:23,2017-12-19 20:34:27,2017-12-18 00:00:00
8fc274ece82e47a7664b5bea315acf02,c6d57fed4192267fd705afee9e521290,delivered,2017-12-07 12:05:53,2017-12-09 13:36:20,2017-12-11 17:27:38,2017-12-30 16:17:53,2018-01-05 00:00:00
00b7174ea52bb811ebe2663add51afc0,2ff1efea5cf92067b167101227abb467,delivered,2018-05-16 09:57:53,2018-05-16 10:12:48,2018-05-17 14:40:00,2018-05-21 16:11:43,2018-06-08 00:00:00
1a62fd2d470da1ce51e2d26cea9a44ff,81a9409f95b016ac318a250b96465548,delivered,2018-04-22 18:09:13,2018-04-24 18:57:03,2018-04-23 21:33:13,2018-04-26 22:22:58,2018-05-10 00:00:00
e910fb096edc468fd26534cb846e182e,a98e6344e3e2c0c8d612f390e428b824,delivered,2017-10-26 18:44:54,2017-10-26 18:55:18,2017-10-30 20:45:45,2017-11-14 16:07:42,2017-11-23 00:00:00
f61feb20afb6d78848447eda7f01eebd,edb29f00abd3103f835162c26b941cf2,delivered,2018-04-21 20:11:03,2018-04-24 19:24:52,2018-05-03 07:04:00,2018-05-08 23:12:23,2018-05-25 00:00:00
a646e30f512cd6a45275f8808e6bc676,79f31725d7341127ad5283a7768da232,delivered,2017-09-02 19:24:31,2017-09-02 19:35:09,2017-09-04 20:34:56,2017-09-06 21:57:51,2017-09-25 00:00:00
9f9163244dc37358223b3534a4013807,07ed792e0e0ee1cfe088126d6914f279,delivered,2018-06-27 17:28:42,2018-06-27 17:51:07,2018-06-28 16:26:00,2018-07-03 16:48:58,2018-07-23 00:00:00
dceb8e88274c6f42a88a76ed979eb817,702b62324327ccba20f1be3465426437,delivered,2018-03-26 12:04:55,2018-03-26 12:15:37,2018-03-27 00:54:33,2018-03-28 19:27:01,2018-04-12 00:00:00
ee249867fcd2a7c11bfe5fb64f3bbc67,e04eadea44fe5a15a476ee93f08f4348,delivered,2018-07-12 08:47:53,2018-07-12 08:55:27,2018-07-18 12:50:00,2018-07-21 01:12:55,2018-07-25 00:00:00
dec8f082d09a6365bc6ea5a9eb542827,84b17b0dfec4e699ae79397b69a3aaac,delivered,2017-10-17 13:53:20,2017-10-18 03:15:55,2017-10-18 18:55:00,2017-10-23 19:47:42,2017-11-03 00:00:00
5fba7c57daf631028d2a584c52799e24,41eabd16d108e59071ea592448dc2ee5,delivered,2017-08-04 15:24:44,2017-08-05 03:03:27,2017-08-09 17:14:30,2017-08-15 20:18:43,2017-08-31 00:00:00
bcbead00f0c2dfabaf82fa4af5611f71,4810aaf21cbaf4e6a887e42cae0039e0,delivered,2017-12-01 16:45:57,2017-12-01 17:19:05,2017-12-05 13:09:00,2017-12-20 17:44:03,2017-12-27 00:00:00
3bd0bb2ff89d41d457919c9734c2a1a5,4ca73986cd53bab1a0667f59c368eb5b,delivered,2017-12-04 19:18:27,2017-12-05 04:15:26,2017-12-05 22:44:50,2017-12-07 18:57:46,2017-12-20 00:00:00
e407655a139ac261ec2f43315ea354d9,145ab3eb2ae5caaed9ce924fd138cd48,delivered,2018-02-21 11:05:24,2018-02-21 12:05:22,2018-02-21 21:53:13,2018-03-06 18:21:56,2018-03-19 00:00:00
c161187ab4f2133d752f8a028b51f74e,44132e7916e05d731a6e73ee520262f1,delivered,2018-08-06 19:48:32,2018-08-06 20:04:44,2018-08-10 14:31:00,2018-08-13 19:41:15,2018-08-17 00:00:00
0bed480c1f9245de6f38a5c738dfc5f3,6035d3c24dd718208f1868e2fc96b7bb,delivered,2018-02-22 09:28:29,2018-02-23 02:31:12,2018-02-24 20:36:37,2018-03-01 21:15:23,2018-03-14 00:00:00
55d314f638b1b911d957c44db2ccafce,396e24b18e1e98d8e72f4f7dd7cde83e,delivered,2017-12-13 10:59:10,2017-12-13 11:11:34,2017-12-13 23:24:46,2017-12-22 15:09:54,2018-01-08 00:00:00
6898fdd117fe6ca4f9b01eb03005d9a9,cc3cd505183c2dbf100bfe8658b56cc4,delivered,2017-04-29 22:39:02,2017-04-29 22:50:14,2017-05-05 18:33:10,2017-05-12 11:10:10,2017-06-02 00:00:00
610da347c1ec97cef18a2720c7ccc74f,f198690cf821feee68602db6f7972d07,delivered,2017-11-29 02:13:00,2017-11-29 02:40:12,2017-11-30 22:37:34,2017-12-08 20:56:58,2017-12-26 00:00:00
fa86f95c2bce5958b1d9236da9f96926,5ea44b3b5592c68a1433101d7ef26639,delivered,2018-02-25 20:29:29,2018-02-25 20:45:24,2018-02-27 17:39:13,2018-04-09 23:38:51,2018-03-16 00:00:00
9ff5836df74adba6c5a5cabcfe59bb51,2a86c1a30d287827d8d6be37e0df9071,delivered,2018-07-31 09:39:06,2018-08-01 02:44:21,2018-08-01 13:17:00,2018-08-03 21:08:40,2018-08-07 00:00:00
fe2f8677aaa66d2344481c0925170245,222e1556b86ff309b9ee3f03a826567a,delivered,2018-01-13 15:40:44,2018-01-13 15:51:30,2018-01-16 00:18:07,2018-01-19 18:38:30,2018-02-05 00:00:00
cde7b249a25f9dc499c58e5ff1ca7dcc,4b1509222d997779d7131527999165a5,delivered,2018-03-19 14:45:47,2018-03-19 14:55:37,2018-03-20 00:23:31,2018-03-26 14:42:34,2018-04-05 00:00:00
487bc162200365d5717baea84761d214,19548f739f2fefdc573882b1ad7d63b4,delivered,2018-08-25 17:17:58,2018-08-25 17:30:16,2018-08-29 13:35:00,2018-08-30 20:03:14,2018-09-04 00:00:00
9191865443d830e0d137457428b3d432,4455aff0861d62487a2466894d2ed2df,delivered,2018-03-01 17:38:42,2018-03-01 18:49:08,2018-03-02 18:23:32,2018-03-06 18:58:34,2018-03-19 00:00:00
6241cda1675cb9e42e0a934f7c71812a,8b28d65024bde74b024ae8c9326adf50,delivered,2017-08-03 12:52:45,2017-08-03 14:50:15,2017-08-08 21:47:32,2017-08-23 01:23:37,2017-08-25 00:00:00
1ddbb173ad5dee4433a9825491aa8f97,5c23fa18c25e09e15eb83f2569a914f7,delivered,2017-12-05 11:03:48,2017-12-05 11:30:44,2017-12-06 19:37:26,2017-12-13 11:38:54,2018-01-05 00:00:00
12e6f847bdf86df79a51931bbd0798b9,0ca135c2d4b81bb0234b5db12d9b7a8f,delivered,2017-07-16 21:37:40,2017-07-16 21:50:16,2017-07-17 16:37:26,2017-07-25 02:39:38,2017-08-10 00:00:00
76fdd96b734e602ecb2dbeab4a03a865,bf235eb38efe6ac9b8dbebf6d1ee5fb6,delivered,2017-08-03 22:05:22,2017-08-03 22:23:35,2017-08-07 16:41:41,2017-08-17 21:56:25,2017-08-25 00:00:00
c9c47f859e747812a921562c2f874229,6425d1369b270b096dfcbce176e3c59c,delivered,2018-05-14 17:04:59,2018-05-14 17:30:12,2018-05-16 14:49:00,2018-05-21 18:12:17,2018-06-01 00:00:00
1ea8467d56c1db8b43fed9a458d425d8,6d63d75568e8061a5042fd3066d81903,delivered,2017-09-13 15:19:17,2017-09-13 15:33:08,2017-09-14 13:17:35,2017-09-21 20:39:08,2017-10-04 00:00:00
8ba312c27b6123e1c49276f0d9b84598,4804ee8e95d9abf3796b8f3824ea9b90,delivered,2017-07-22 10:04:24,2017-07-22 16:45:14,2017-07-25 11:04:00,2017-08-04 23:43:44,2017-08-17 00:00:00
9f26e4473c7822a5f7b02dd62ea0519c,5df9b76bc23ade55793d79e024ca0871,delivered,2017-11-10 15:51:22,2017-11-11 02:46:47,2017-11-14 23:12:22,2017-11-21 20:38:45,2017-11-30 00:00:00
00a3a334aec7455a6d3319981499a3da,73bcbe6adbf53dee67bec4399c32b98b,delivered,2017-10-25 11:00:28,2017-10-26 21:30:44,2017-10-30 20:55:30,2017-11-04 15:53:38,2017-11-13 00:00:00
be0d2b44b80b01ebe58d57028bc5bcd6,a78dbe709d090a217ee4cd255a883277,delivered,2017-04-17 13:20:28,2017-04-17 13:30:10,2017-04-20 10:34:47,2017-05-03 12:46:03,2017-05-11 00:00:00
36916e0f43f5ad1dd22a95d872a634ea,cdf8889ca31eac7fb11e9181738cb465,delivered,2017-09-21 12:15:26,2017-09-21 12:30:21,2017-09-26 17:30:06,2017-09-30 12:23:44,2017-10-20 00:00:00
0b446830af3811ef0d7c2e0db238af50,c180879e74d4c16ff6a311d185440de6,delivered,2017-09-02 15:44:30,2017-09-02 15:55:12,2017-09-05 15:47:58,2017-09-11 17:42:21,2017-09-21 00:00:00
58199a8d18062ab7c3fee55f16366d45,b6b70c77dbd33d427f330cbd6296002d,delivered,2017-06-26 09:29:20,2017-06-26 10:34:21,2017-06-27 09:30:06,2017-07-04 16:05:37,2017-07-14 00:00:00
45f8bc3f8278f2b2a3e6c843a798763a,1740e3a23255d4382a29eb7421b7605f,delivered,2018-05-09 17:12:01,2018-05-09 17:36:21,2018-05-10 14:02:00,2018-05-16 12:51:53,2018-05-28 00:00:00
1500d5e4b3cb0312a231c2d9bd30d8f3,5c287b027e8b08cb118ff3a2e36066f6,delivered,2017-12-02 22:26:43,2017-12-02 22:54:00,2017-12-04 22:14:06,2017-12-26 21:05:45,2018-01-02 00:00:00
5f5b1d126944364934b16114e999b59c,24e9b6c1d7a610e818bcf83e97558689,delivered,2018-01-03 17:33:26,2018-01-04 05:20:11,2018-01-08 16:35:44,2018-01-09 19:05:38,2018-02-01 00:00:00
bb3e2a4f3e37bb94bb72fbc8a2fc7981,b278ba8c68b29b49e4164e3b79182978,delivered,2017-05-03 08:19:20,2017-05-04 06:35:19,2017-05-10 15:26:21,2017-05-19 15:23:56,2017-05-26 00:00:00
49935c2c36ceb474c290a1987bbb941e,4e96e84ace5bca3a2f1f8c6ccc622781,delivered,2018-07-12 15:04:13,2018-07-12 15:15:15,2018-07-18 13:13:00,2018-07-23 17:41:29,2018-08-01 00:00:00
462e396988fb7c71401846696de2fca7,1b236b4675c2748987e0058cc0515fb1,delivered,2017-05-05 09:56:53,2017-05-05 10:05:15,2017-05-05 15:39:55,2017-05-15 15:34:32,2017-05-30 00:00:00
d1a22a39de10a881fa47a509a1a9073b,8a3083e3f5500b50d6f4f3003604df87,delivered,2017-11-24 17:16:46,2017-11-24 20:53:47,2017-11-27 16:15:46,2017-12-06 22:48:41,2017-12-15 00:00:00
1aa06061f2abdc063d3ab58ff9e86cde,7fe9ea575758e6ab4e34b67eb1015c48,delivered,2018-03-07 21:39:17,2018-03-07 22:20:26,2018-03-08 19:54:29,2018-03-09 20:51:13,2018-03-19 00:00:00
9ef5ae9f2a3b5c7cd4858cf4ffdc1b9c,e1c82b0432b0162d308a62e6d707129d,delivered,2017-12-03 01:19:02,2017-12-03 01:51:20,2017-12-05 22:43:00,2018-01-16 15:11:45,2018-01-04 00:00:00
f834cf7fd494d64498ec7054a72e947f,3307c2dabe1e3c6987cc5780520efe79,delivered,2018-05-29 22:36:19,2018-05-29 22:54:32,2018-06-01 08:25:00,2018-06-04 15:51:23,2018-06-21 00:00:00
39baace8de9b107b79dfc029e19e3562,3a41290b6441f80d71976201a0ad614c,delivered,2018-04-09 18:35:08,2018-04-09 18:50:16,2018-04-13 20:41:37,2018-04-18 18:37:23,2018-05-02 00:00:00
bf88003f2580db7589007ec44bc85695,e7b9bc73f30f476a29a9a805d3817504,delivered,2017-01-28 20:55:38,2017-01-31 04:35:20,2017-02-01 10:45:57,2017-02-06 08:12:00,2017-03-10 00:00:00
85e84e0247a114a9d610cb0a24710ad3,f264bdfb7c3df6a08e11ce81b8dd22ed,delivered,2018-08-01 08:22:05,2018-08-02 03:05:21,2018-08-02 11:33:00,2018-08-06 17:05:37,2018-08-20 00:00:00
6f20546433de334abe46b79336ead4b8,ff6c3212b27c4cdb484f84345be9c79e,delivered,2017-07-01 14:16:38,2017-07-04 04:45:17,2017-07-10 22:52:02,2017-07-24 15:42:17,2017-07-25 00:00:00
0132d77609dd6e1867515ec57d898c10,6d3be2594860b9675c102aa88d71992e,delivered,2017-09-27 01:15:38,2017-09-27 01:28:14,2017-09-28 18:05:27,2017-10-09 18:33:37,2017-10-24 00:00:00
93be546e44a3791eed28fb2e62d9c319,d504ed48289a486011aa8d8bb07f049c,delivered,2017-05-20 17:37:50,2017-05-20 17:50:29,2017-05-22 09:15:40,2017-05-25 12:43:00,2017-06-14 00:00:00
97a982d424741dfe24bc1ca5d943ad70,c7e92b25149aedfc40b8f3c297e44f47,delivered,2017-11-27 15:32:57,2017-11-27 15:58:20,2017-12-02 17:09:44,2018-01-09 22:04:15,2017-12-26 00:00:00
2049616726f9272f1d1456285ad13cf5,1be1e18ee366e895f5db41178d3b6a4b,delivered,2018-02-09 11:38:37,2018-02-09 16:10:36,2018-02-14 15:12:14,2018-03-22 20:12:57,2018-03-13 00:00:00
3ab7017ae596ec8fae78b7232580a0a8,c93cde10296df75c3bd18bdce1cbfffc,delivered,2018-01-08 15:05:57,2018-01-08 15:12:31,2018-01-09 18:37:27,2018-01-11 17:25:46,2018-01-24 00:00:00
aee682982e18eb4714ce9f97b15af5e2,8858442ea4d5dc5bb9e118e8f728095d,delivered,2018-07-09 18:46:28,2018-07-11 03:45:45,2018-07-11 15:01:00,2018-07-12 18:14:35,2018-07-18 00:00:00
289745e1222668d6792ce3ccbb27356f,1a5f1ecec258984cc83d3dde079bfffc,delivered,2018-06-01 19:38:14,2018-06-01 19:51:51,2018-06-02 08:45:00,2018-06-05 14:05:54,2018-07-05 00:00:00
1b36920ded6f3aa566e53f04957af0e7,9ec979fd2f55c5949806b0cefd2a5e14,delivered,2018-08-06 10:37:09,2018-08-06 10:50:22,2018-08-06 14:28:00,2018-08-10 13:18:31,2018-08-16 00:00:00
4eb71835d8c9c5ecc87678a05e24a3a4,4581caa53057ba6b2bd2bf8b4ee52909,delivered,2017-10-26 09:44:43,2017-10-26 09:56:24,2017-10-31 18:28:47,2017-11-06 11:33:08,2017-11-21 00:00:00
2df5ebb637dfe6f39497c081655a0275,44305c726f079031aa4dec593ec9cd37,delivered,2018-01-31 00:46:48,2018-02-01 02:10:33,2018-02-03 15:08:33,2018-02-23 22:04:55,2018-03-02 00:00:00
061f31c732cb84a989d5b62660212ecc,c4f94b1fd815671d9c73e9bb730f2075,delivered,2017-12-29 20:42:06,2017-12-29 21:31:43,2018-01-05 21:54:52,2018-01-20 13:06:25,2018-01-31 00:00:00
0e5f3862d95c44aabc9b2a0f703f9f75,573e026da782d51277f320fc94a8d4e8,delivered,2018-02-11 23:30:57,2018-02-11 23:50:30,2018-02-14 22:42:23,2018-02-23 00:43:15,2018-03-09 00:00:00
ef8ad84adcf1d4c437f165f437e238f6,b043505be4918bfce20906a28b3216ab,delivered,2018-08-05 22:17:22,2018-08-05 22:25:12,2018-08-08 15:00:00,2018-08-17 14:41:17,2018-08-29 00:00:00
424082e645209b3418f1b60266c28976,afe97eb3575cafc84e1ff22d42df1a6c,delivered,2018-02-15 10:09:54,2018-02-15 10:27:25,2018-02-19 15:57:00,2018-03-14 00:42:38,2018-03-21 00:00:00
76429a385b1ef120be9119d0be5117a0,2774b6023c768c91e636297a121be209,delivered,2018-04-17 19:59:17,2018-04-17 20:15:11,2018-04-23 17:56:54,2018-04-25 19:44:41,2018-05-03 00:00:00
b8c503a5f3008e2e698409cfd9b51538,ed3b4bf8fe2ca7ef257fb7f7c856f2be,delivered,2017-07-07 00:35:53,2017-07-07 00:50:08,2017-07-07 16:53:44,2017-07-11 17:32:26,2017-07-31 00:00:00
c4220782cdca8899ad32dea8cbced154,0b7257e23cc2059f03898ef2efe234ce,delivered,2018-03-25 17:32:47,2018-03-25 17:47:44,2018-03-30 01:38:37,2018-04-04 20:42:21,2018-04-09 00:00:00
afef35dc39fc444cf0a4eb5ef26ed61c,b2ab620b53e3b69f07728d9645134285,delivered,2018-01-10 21:49:48,2018-01-12 02:37:35,2018-01-16 21:45:20,2018-01-26 20:03:32,2018-02-07 00:00:00
0f8e3095c3090d9cad1011fb6368b7e3,53f6dc92ef4059ea6cd863b0f69f0923,delivered,2017-08-06 11:41:22,2017-08-06 11:55:16,2017-08-07 18:47:36,2017-08-11 19:07:56,2017-09-13 00:00:00
4198c92e06d92792e49f119f659e723e,968229662999151cbdbaa3ee0460b448,delivered,2018-07-23 20:37:29,2018-07-24 10:31:30,2018-07-25 13:43:00,2018-07-30 17:15:30,2018-08-09 00:00:00
15821a9a831a9a665df5d5e1568da975,ba7414163652126c43ce52deef540a4a,delivered,2017-09-10 15:42:58,2017-09-10 15:55:19,2017-09-12 21:23:34,2017-09-13 13:23:39,2017-09-21 00:00:00
e5cf005255a551709fd938c0c57e3d6a,a35a1b563beadc6e07728160500da9eb,delivered,2018-03-20 12:05:40,2018-03-20 12:15:48,2018-03-21 19:23:37,2018-03-22 21:47:47,2018-04-02 00:00:00
6699f3e7d674b95aa5f02c60e3312022,d734ea4ad80213d54fc4325c5094c955,delivered,2017-04-26 18:30:51,2017-04-28 19:55:11,2017-05-02 12:16:22,2017-05-10 20:47:37,2017-05-30 00:00:00
99777bf515a44dca96a60ac384e333d9,b9e9bab1de28c72a9a14806830cc81c8,delivered,2018-04-08 21:20:13,2018-04-08 21:30:25,2018-04-11 22:22:57,2018-04-13 15:12:44,2018-04-24 00:00:00
6734f3eaa326f5b3cfa889862a67c418,d1bbabb3e3423611877e48e9ee631bfe,delivered,2018-05-14 08:59:51,2018-05-14 09:14:04,2018-05-14 14:49:00,2018-05-15 17:21:23,2018-05-25 00:00:00
15f906fde6e6b48fc2f10c413d4bef8b,cffc421e3853c93e511c2d6abc520e12,delivered,2018-05-29 12:04:25,2018-05-29 13:31:13,2018-05-30 13:46:00,2018-06-11 19:38:50,2018-07-16 00:00:00
97cc8153b2e7c816783e0ba60083ea67,5a17549a68364d8fe0c4af22e7c83adc,delivered,2018-06-28 21:41:03,2018-06-28 21:51:12,2018-06-29 14:06:00,2018-07-04 18:50:47,2018-07-25 00:00:00
9e1bb7fd856652c37c6af562e2036a5d,fb358480bf1bf13bbffe9f7c722da679,delivered,2017-06-11 10:51:07,2017-06-11 11:05:11,2017-06-13 14:38:40,2017-06-19 18:06:30,2017-07-07 00:00:00
adedc5c6c400a03abc3701e0bb8015d7,fd9c3aec3b78b92e89a8887c2643e1ea,delivered,2017-11-25 15:30:59,2017-11-25 15:51:52,2017-12-01 21:53:24,2017-12-05 20:24:58,2017-12-11 00:00:00
7f1a619240cf71f520b13b660753f8c7,94d7782cb0c66411c4500df77bb6e3f1,delivered,2018-05-22 22:36:54,2018-05-22 22:56:06,2018-05-30 15:14:00,2018-06-06 20:58:47,2018-06-08 00:00:00
7e131886d59cb8a02c847ed61228fd8c,9915051c0eb60afd11c7a49cb9ea8f8e,delivered,2017-03-20 18:25:04,2017-03-20 18:25:04,2017-03-21 08:26:42,2017-04-10 14:55:49,2017-04-06 00:00:00
ea2a094b786d1184a3b3cf0e5f549d04,67bc584f10fed53edd399d3c4cec5736,delivered,2018-06-29 02:03:03,2018-06-29 02:15:07,2018-07-03 06:23:00,2018-07-05 16:28:51,2018-07-27 00:00:00
a31768d1614db23dfc711f738b2b774f,774aa06c60fb3845b46b5d97508521f3,delivered,2017-12-01 21:25:52,2017-12-01 21:37:31,2017-12-04 16:54:59,2017-12-11 18:52:46,2017-12-26 00:00:00
613f10bcb5cd9cfdd584832662fa9a67,fa37dcb4d90c6a824b2f3083df176469,delivered,2017-06-25 19:51:10,2017-06-25 20:02:55,2017-06-26 15:41:40,2017-07-01 08:11:55,2017-07-25 00:00:00
c5deff88f21d751ba6d6ad06ac464cbe,112b6151a6891cb6ca8f008e6db47d39,delivered,2018-02-07 22:52:02,2018-02-07 23:55:28,2018-02-15 14:32:55,2018-02-23 23:11:40,2018-03-07 00:00:00
1726f2ec844770ea9f94c7a3f2651a8b,9de5333b7f7457741de90f4cf5f0b3f9,delivered,2018-07-31 19:32:14,2018-08-01 02:44:18,2018-08-01 16:49:00,2018-08-06 21:21:08,2018-08-17 00:00:00
e22a05fe5e9468a3bc9527967feeb3c9,64b50c71949e0d5f9d0dc5c6b67947be,delivered,2017-08-23 10:16:26,2017-08-23 10:32:12,2017-09-06 21:35:00,2017-09-20 18:49:23,2017-09-15 00:00:00
aa00b2ae7dc9fb5471ecb331f2fa656a,59708a99d49307860464ec56e13cf909,delivered,2018-03-12 16:43:08,2018-03-12 17:20:24,2018-03-14 18:57:17,2018-04-21 17:48:50,2018-03-29 00:00:00
8d812dbf931bbd85b3b5b528b75ef9bb,498ace7478636fb1bea4357fb62a30c6,delivered,2017-07-11 09:29:14,2017-07-11 09:43:10,2017-07-12 12:42:59,2017-07-18 21:10:11,2017-08-10 00:00:00
09a93e48d7e84fa082320df90b072c7b,769cd0409e08aeb0a4338253ae2deb1d,delivered,2018-08-03 11:11:37,2018-08-07 04:24:44,2018-08-07 11:27:00,2018-08-14 17:55:37,2018-08-15 00:00:00
e29908a97f47e204d0782ecc9ca903e6,29199a7483bff54678c7a6205b5db5ad,delivered,2018-07-27 15:02:44,2018-07-27 15:15:18,2018-07-30 10:34:00,2018-07-31 23:16:36,2018-08-01 00:00:00
e8e5d972d73d38807a474519f2f23658,b493a1308f58d9eb8fa552240de6514a,delivered,2017-10-10 10:55:57,2017-10-10 11:07:34,2017-10-11 23:47:28,2017-10-16 23:17:44,2017-10-30 00:00:00
dc32acbe8d41196887e5d7ac6c2972bd,1fcb9f10321dfd890dd7153a7dfcc890,delivered,2018-03-07 15:24:48,2018-03-09 02:10:25,2018-03-09 20:58:30,2018-04-12 20:52:41,2018-04-03 00:00:00
10b4216867b2f0551badfa193a48c213,3a90ae83f2fea1e8e2b2d3fe4e487631,delivered,2018-08-10 12:30:45,2018-08-10 12:44:55,2018-08-14 15:00:00,2018-08-30 20:42:32,2018-09-19 00:00:00
f125b6371382cc34b5bcdd6405152d86,3c6764e3907fcdeaff4dc57c74c05a24,delivered,2017-02-07 13:27:56,2017-02-07 13:42:29,2017-02-08 12:38:57,2017-02-11 04:32:35,2017-03-06 00:00:00
fdb1650647bf87804d19ec387bd4304b,c43d99763db3d440eedf3efb8fedb524,delivered,2018-02-20 12:14:22,2018-02-20 12:28:35,2018-02-20 23:52:48,2018-03-15 00:18:57,2018-03-14 00:00:00
87a2d83c67c7bdc791e7e5869b035ae4,1d6ed38c8b6ab482c59215aac29ed59f,delivered,2018-04-19 07:59:55,2018-04-19 08:12:47,2018-04-19 18:08:27,2018-05-03 17:38:48,2018-05-22 00:00:00
052b102ad85bbd141261bbb4ad13edfc,1307e6db6ed2a5ec850aba32a6a90bdc,delivered,2017-06-14 23:43:18,2017-06-17 03:50:16,2017-06-19 10:09:46,2017-06-27 15:47:42,2017-07-07 00:00:00
fe8d684a306224786c4e05733a48129a,97258762b7e0b0334f68a577c7aa3e66,delivered,2017-07-27 19:34:53,2017-07-27 19:50:17,2017-08-01 00:37:36,2017-08-04 20:41:48,2017-08-18 00:00:00
bd81ffff0f0fbc533b7f763812cecf34,a59bf64f7d48f64246eecc6d4bcc51ce,delivered,2018-05-13 20:04:39,2018-05-13 20:32:09,2018-05-14 08:58:00,2018-05-17 17:38:30,2018-05-29 00:00:00
028df34320b87c04ef6de145db2e8444,053577e4537e6b6b68b9f0e929f27d32,delivered,2018-08-04 15:07:49,2018-08-04 15:24:05,2018-08-07 09:38:00,2018-08-11 00:26:38,2018-08-15 00:00:00
14de412ae0efc05d642771ab3bff5da6,b5983676b44fc48efb58264d12ffce30,delivered,2018-04-23 14:23:32,2018-04-24 18:46:37,2018-04-24 19:36:43,2018-04-25 19:57:32,2018-05-02 00:00:00
f3ffd9ec327bd9faf3498430d92a86a9,e0bdb2f487b5dc9eebcce9f98423608f,delivered,2018-05-13 10:09:30,2018-05-13 10:37:22,2018-05-15 09:40:00,2018-05-18 16:08:40,2018-06-08 00:00:00
86e2444fc896c9fa2eb5bc9d8a15e111,c78b68b5d559dc40d89a72c5399e60b8,delivered,2017-03-20 21:53:24,2017-03-20 21:53:24,2017-03-21 18:35:20,2017-03-23 17:29:51,2017-04-13 00:00:00
c9e3d29ede6d60999c59c8626757ec6c,167524bd5f4974df32a4917d03574398,delivered,2018-06-26 22:27:41,2018-06-26 23:10:12,2018-07-05 15:57:00,2018-07-09 16:02:27,2018-08-08 00:00:00
8c8ab4a6c61aaea6eccaed2958c36231,4b4466ba57ada97066e473b023c99db9,delivered,2018-08-15 09:27:37,2018-08-17 03:10:22,2018-08-18 08:54:00,2018-08-25 00:11:48,2018-08-30 00:00:00
19c0af454c941dda72860095edd2639e,82472d8c652d50e858f86803c99db65a,delivered,2017-12-14 02:29:21,2017-12-14 02:38:23,2017-12-14 16:22:33,2017-12-27 22:40:58,2018-01-10 00:00:00
b0ea6041ac66a83e6a8508f3954edf91,a85f4461b4976515bf01ad76776638f9,delivered,2018-02-23 20:55:33,2018-02-23 21:47:48,2018-02-27 14:19:08,2018-03-23 18:56:50,2018-03-22 00:00:00
55a77a7dd079d592581f4cba1659ad33,bb2989af92f629b7a640c4132c679033,delivered,2017-06-06 11:27:10,2017-06-06 11:35:11,2017-06-08 07:49:58,2017-06-19 13:05:49,2017-07-13 00:00:00
d9644b981a4d023c5392dd06bfc8cdc0,5a0dc6805a195218a4e448653dee4740,delivered,2017-05-27 04:22:55,2017-05-30 04:30:27,2017-06-01 13:32:39,2017-06-22 18:34:35,2017-07-12 00:00:00
1a759afeff9fdaa432f1bed1c6f1b86a,d001995debbd9286892642f5efb1aefb,delivered,2017-06-27 11:12:50,2017-06-28 02:10:26,2017-06-29 07:12:14,2017-07-06 15:16:07,2017-07-21 00:00:00
45e79fa69b23419e19016e668732bd03,68850f3e1d2031818cf0afe5c87b1de9,delivered,2018-02-13 19:52:29,2018-02-13 20:07:44,2018-02-15 21:44:02,2018-02-19 14:11:51,2018-03-07 00:00:00
c9fc6a8e6b1fe646f9358b9ea7b1a446,57bebcfe34e11956f3252325dd271c1d,delivered,2018-01-24 10:58:32,2018-01-26 13:39:30,2018-01-30 18:45:03,2018-02-21 20:18:36,2018-03-02 00:00:00
4d4d7ad98b37eef086b111e3db16257d,3226948d9970bd5ebc7f8dd841d4d5f6,delivered,2018-01-10 16:11:13,2018-01-10 16:40:28,2018-01-11 17:52:27,2018-01-13 00:24:44,2018-01-29 00:00:00
a42545a6644c3109108b573210cd4550,798a7291a7526cec80d9b76593e9d722,delivered,2017-09-04 14:28:20,2017-09-05 14:35:11,2017-09-13 00:02:46,2017-09-15 21:13:48,2017-09-15 00:00:00
7f52fe36580dffc15fb684d226b12f32,9af15d3746688c85fe8c47cc68caf0f0,delivered,2017-09-12 17:33:41,2017-09-12 17:45:23,2017-09-13 23:33:41,2017-09-22 16:34:59,2017-09-29 00:00:00
785f211a578f2b593e6ecaa4db29fdfb,d00ec1c4fbbdafc41f42d22e67099ca0,delivered,2018-04-22 16:50:28,2018-04-24 17:30:09,2018-04-23 19:17:28,2018-05-05 14:34:43,2018-05-24 00:00:00
4dca9eeee0f0444664e0bb2522fea8c9,ef9ef05d74ccfb0d256e22fcfce20a03,delivered,2018-06-17 22:34:48,2018-06-17 22:58:53,2018-06-18 10:55:00,2018-07-03 17:05:11,2018-07-18 00:00:00
f5b3d7bf340b33e9fac5e7f314525614,41962ce20305839bcc2461247cd5c40d,delivered,2017-09-26 22:33:50,2017-09-26 22:44:32,2017-09-27 14:09:16,2017-10-03 18:06:24,2017-10-19 00:00:00
5da33f2ec794bb55994fc59563a04107,983946c69566f5620dd3e943b936cbd3,delivered,2018-03-23 09:42:44,2018-03-24 02:15:56,2018-03-30 01:36:29,2018-04-09 18:28:49,2018-04-13 00:00:00
b908238158de71c7143c6284de581ce1,44c880d8fd29bf9ead60d49adfa11c25,delivered,2018-04-09 23:40:06,2018-04-10 00:49:39,2018-04-10 18:21:45,2018-04-30 18:41:06,2018-04-30 00:00:00
6c903ab037ef7aebdda6d9a9aa9d6851,4b2a0b2b3353645e4ce664ee28ad51d0,delivered,2018-06-20 12:37:33,2018-06-20 13:21:13,2018-06-21 10:36:00,2018-06-26 21:54:34,2018-07-26 00:00:00
5c2049caca936695cfa43805ebe7d8e3,427be35f79110d97b5624f9791d8714d,delivered,2018-02-05 19:25:42,2018-02-05 19:50:04,2018-02-07 19:28:58,2018-03-20 18:18:31,2018-03-15 00:00:00
371dbb83f599fc061ccd8558b577499d,4734f4333bded5aa9666a99377672440,delivered,2017-11-18 18:56:44,2017-11-18 19:06:25,2017-11-20 22:27:00,2017-11-29 18:48:54,2017-12-12 00:00:00
fc504e55e65297119164294412b4635a,357e87b35149a16a798b9fc374d3a22b,delivered,2018-07-18 19:52:34,2018-07-20 05:05:16,2018-07-20 15:43:00,2018-07-30 21:33:36,2018-08-06 00:00:00
53b28c9fd34d5fa0747bfc3032b0a8e7,405caa28d9c6401723a5a6a42af30545,delivered,2017-06-04 22:40:48,2017-06-04 22:50:17,2017-06-07 15:53:09,2017-06-12 11:24:36,2017-07-10 00:00:00
8dad738545d7c669904af09b97e10c1c,f1bca6ca3ffb26937669c3bc18d20ce7,delivered,2018-08-20 10:58:06,2018-08-20 15:10:50,2018-08-21 14:38:00,2018-08-25 15:18:35,2018-08-29 00:00:00
744bb613bca97aa5b1e31acbe8d2215b,a812d9a36cdcf09a31b8ef2be22654f5,delivered,2017-12-17 15:52:59,2017-12-17 17:30:27,2017-12-20 14:43:06,2017-12-29 20:49:11,2018-01-11 00:00:00
978ffd045ad7d5a208393ca5bae978a6,7d612ccc0b2f698ac19966fff0b767db,delivered,2018-03-23 17:04:27,2018-03-24 17:07:59,2018-03-26 23:03:57,2018-04-04 22:16:28,2018-04-11 00:00:00
36e05888e17fa68e55b13477d9b53d3e,9ddc922f98cefe9475e1635d31155761,delivered,2017-10-18 19:13:05,2017-10-18 19:28:36,2017-10-19 17:20:08,2017-10-23 18:27:40,2017-10-30 00:00:00
1d71f1b40262fac8b20f5d792b1d1af2,256275249fa68a977dc44e1d73b94e4d,delivered,2018-06-05 17:54:43,2018-06-05 19:15:22,2018-06-07 11:07:00,2018-06-14 19:04:45,2018-07-16 00:00:00
4409a8e68e232a6718d156e93a58f3ec,194bfa6e3a7191e554f24e92d2651ce4,delivered,2017-11-28 14:09:58,2017-11-28 14:20:19,2017-11-29 18:52:14,2017-12-01 20:32:37,2017-12-12 00:00:00
730e8542d6a067a6025be7f39a6d30ec,6fe7fb835a08e22e47c1b37a65c19246,delivered,2018-01-27 00:07:38,2018-01-27 00:40:17,2018-01-29 21:12:50,2018-02-06 01:43:10,2018-02-14 00:00:00
91cc93a882b7f96a25e4a0c32dd6ad36,74a241616d7f1187025acb5410989dfa,delivered,2018-07-30 23:54:48,2018-08-01 03:32:21,2018-08-01 16:22:00,2018-08-08 23:06:42,2018-08-10 00:00:00
48a9fe940572375f2eb135b1e0ca0829,6f85f92f8b1e665f2ac9a08f17861ea5,delivered,2018-04-25 10:09:20,2018-04-25 10:30:47,2018-04-27 15:04:00,2018-05-11 22:15:01,2018-05-18 00:00:00
826a3cbec0990cbd6cd78c4418f7e092,35e3a5dda4333827ca85ea5178b30243,delivered,2017-11-24 15:58:19,2017-11-24 22:59:47,2017-11-27 21:25:01,2017-12-19 20:36:42,2017-12-27 00:00:00
6f04a69509e62866b1837e6a4f22c47f,a20d6adbad4402ec49b426fb65e5700a,unavailable,2017-06-12 12:04:09,2017-06-13 04:30:37,,,2017-07-05 00:00:00
a6e88e8981bb9dbb574107cfd606e4ba,d31acfce2bfa2a4ed0fb7fb1159c2114,delivered,2017-12-13 20:05:31,2017-12-13 20:17:28,2017-12-15 15:19:34,2018-01-21 14:42:49,2018-01-10 00:00:00
c03d00add5dc4b9abb8e3cf45991da96,36f9825c8553ba409fdc1d564b7adcf0,delivered,2017-11-10 11:24:12,2017-11-10 11:35:54,2017-11-22 15:56:53,2017-11-30 22:29:11,2017-11-30 00:00:00
7ae3cbb87abc73c3e51b59a579c95c3d,bd0da5acc435e2b0fcee8dfa11170ee1,delivered,2018-01-17 14:03:33,2018-01-18 16:57:39,2018-01-19 16:28:54,2018-01-24 15:54:42,2018-02-08 00:00:00
5e85554ed83f05cbe7f092ba18b17e5c,4a5a3ac487d4f2e8bbe182573395a3ec,delivered,2017-09-25 09:34:02,2017-09-26 09:49:18,2017-09-26 15:16:49,2017-10-09 20:18:29,2017-10-20 00:00:00
bf3f150adb6cc38e1f3e6517534b24f6,1dbe345b9da3939b2dda6ebc336b570d,delivered,2017-10-08 10:33:01,2017-10-08 10:49:23,2017-10-13 19:35:51,2017-10-26 23:34:38,2017-11-09 00:00:00
d5beaa273a2549c34c6660bb0fb23543,f297e171b9421ec5af62706faef3c620,delivered,2018-04-26 21:31:32,2018-04-26 22:51:08,2018-04-27 10:39:00,2018-05-19 11:12:30,2018-05-28 00:00:00
19367a2c7e1dce7c26afa959e0581da2,06757e2a216429d601d7cda36642769d,delivered,2018-01-28 17:56:18,2018-01-30 04:31:07,2018-01-31 00:28:39,2018-02-05 22:53:12,2018-02-20 00:00:00
952b0fbb4e6916733377e53f96398051,1aaa1acb23a33441fc718d54cae7dc13,delivered,2018-06-13 21:26:38,2018-06-13 21:58:47,2018-06-14 16:05:00,2018-07-10 13:06:42,2018-07-19 00:00:00
70dd5f686e8253ebd42e92a545757a86,6c5c5d2e12d767275b124baf4a619093,delivered,2018-03-05 09:16:43,2018-03-06 07:08:29,2018-03-06 19:13:44,2018-03-13 21:38:49,2018-03-27 00:00:00
bf9567549d60532065bb1d8563a8dff4,fbc9cae9491fdb57ad460f1282a36bd8,delivered,2018-05-01 11:42:22,2018-05-01 11:59:16,2018-05-03 06:31:00,2018-06-01 22:31:45,2018-06-14 00:00:00
94be3df49130338a06b3ec80bd606771,c74004aa7d4bf3fff88c56081df5a48e,delivered,2018-04-25 07:27:40,2018-04-25 07:51:17,2018-05-09 08:14:00,2018-05-17 22:41:38,2018-05-29 00:00:00
50b5066885d2ef4b7501586bcfb8d2d0,27825339ee68f66f6b35790ece4052fa,delivered,2017-05-16 17:01:17,2017-05-16 17:15:10,2017-05-18 16:33:17,2017-05-22 07:25:38,2017-06-05 00:00:00
232208723745063b04b8e45bba7fb6bd,3a2ede63f97972a4ad1afc847cdc2ba3,delivered,2017-06-26 14:01:39,2017-06-27 14:10:15,2017-06-28 15:12:14,2017-07-06 16:24:31,2017-07-21 00:00:00
8c8c25cdbcc71e7662522da80f4d7569,e9b8bb8714a36c154bc9763594dcb9e9,delivered,2018-02-04 13:52:54,2018-02-04 14:10:26,2018-02-06 20:07:20,2018-02-21 00:07:13,2018-03-06 00:00:00
45af143724bdd26ce96b34fbb2d98f0c,404947e4bfbf5a96d84e4451a22e4012,delivered,2017-10-21 17:12:48,2017-10-23 11:32:28,2017-10-24 14:38:33,2017-10-31 21:39:37,2017-11-09 00:00:00
fd0bc348f5162c5aa0fa41a9fef61c3b,2a9383dc7b74510d78fe5208adbc3fd9,delivered,2017-11-29 19:15:51,2017-11-29 19:30:26,2017-11-30 17:23:28,2017-12-08 22:43:45,2017-12-21 00:00:00
6cdc6614473c4e81f86feff55e54d964,06d2794bd8c6d90db6889d6c5f2d83ea,delivered,2018-06-18 16:09:17,2018-06-18 17:01:02,2018-06-20 16:57:00,2018-06-28 21:41:58,2018-07-18 00:00:00
5e421beb5e031bdd0634b7aa80ec82f0,bfb9e0b57932df93aa902959ce601a1e,delivered,2017-04-04 18:40:10,2017-04-05 02:35:20,2017-04-05 14:48:02,2017-04-17 15:08:01,2017-05-12 00:00:00
b9d26681b32d996d60d1d1d5a4f49683,87aae16d452e159ed7e0a92c97d0139a,delivered,2018-07-05 17:02:28,2018-07-05 17:15:19,2018-07-06 11:05:00,2018-07-10 16:18:42,2018-07-18 00:00:00
ab5e70933adc821b7fa1ab45759ab54a,338f2f9c29d8a0cd3259e32034ac7c67,delivered,2017-05-10 21:31:45,2017-05-10 21:45:12,2017-05-24 16:44:28,2017-05-29 11:24:42,2017-06-09 00:00:00
4aa4c6a8e7b2646986b65117bf36e67f,1071f60a122fafae2746391921fb8fe1,delivered,2018-02-03 15:30:09,2018-02-03 15:50:20,2018-02-07 19:09:03,2018-02-15 14:14:59,2018-03-12 00:00:00
186f1e57fee9e20849f58439056655a8,9895eb12f68a5bd705616b6c4920b6ff,delivered,2018-08-02 20:53:28,2018-08-02 21:31:28,2018-08-03 14:13:00,2018-08-06 14:09:39,2018-08-09 00:00:00
1f88908218a0ba8238b5260fe399ea69,2362d6c81a8ec7b43435a72ed9e0f89e,delivered,2018-08-19 17:37:48,2018-08-20 12:30:18,2018-08-22 12:53:00,2018-08-27 21:58:40,2018-08-30 00:00:00
222ccb8e509c847b803197da483b3933,3a96ce85a2c19cf08a3f256738830cfe,delivered,2018-03-31 16:21:51,2018-03-31 16:35:20,2018-04-04 16:04:24,2018-04-09 23:06:32,2018-04-19 00:00:00
7f1308d4daa38317363931054a0358f3,b86d1b04dd3e814da042931b64c86c83,delivered,2018-02-12 10:18:49,2018-02-12 10:30:43,2018-02-14 18:38:21,2018-03-15 18:54:48,2018-03-14 00:00:00
5fdd5b25e739dbf9a0a25e518836420b,2eb9038b531be9b9ac85640a6f60e4d2,delivered,2018-07-08 18:58:14,2018-07-08 19:10:16,2018-07-10 12:58:00,2018-07-16 15:18:31,2018-07-25 00:00:00
74b142d6556fcd693f9151d041d3ef3d,dc646ed8ea82e23f30bcf1ebb19c03d4,delivered,2017-12-04 23:06:51,2017-12-05 10:30:44,2017-12-05 19:22:11,2017-12-14 15:19:03,2017-12-29 00:00:00
163679b19841bb6d73176f4a5a80a0d6,f06e0c84401adbe76296e185fbb8e82e,delivered,2018-04-21 22:09:47,2018-04-24 17:16:50,2018-04-23 23:17:42,2018-05-07 19:04:15,2018-05-23 00:00:00
5137f8c3662122707504625d55882d56,54a061e849f9c537b53eedcdac2d407e,delivered,2017-12-02 19:08:57,2017-12-02 19:36:23,2017-12-05 22:55:38,2017-12-12 15:27:52,2017-12-28 00:00:00
9b070beae484bb1c36b85f9e8398c067,fcb9486693f7475aa9cf8de91745815b,delivered,2018-04-22 12:41:34,2018-04-24 18:04:23,2018-04-25 14:02:00,2018-04-28 17:29:36,2018-05-18 00:00:00
c6c5b304ff33e7fa4af88598e30ff11b,488628bdb90ea8c05e4c99a67502bcc6,delivered,2018-02-13 23:35:35,2018-02-16 07:50:51,2018-02-20 09:48:58,2018-02-21 21:07:28,2018-03-01 00:00:00
8d2277f13f62b13b16b95ad41120decc,9216338e390b878babc5ff9b0ebb10de,delivered,2018-05-15 15:41:46,2018-05-15 15:56:18,2018-05-17 08:25:00,2018-06-04 13:48:28,2018-06-04 00:00:00
40e1718e2f960a6ef0a449a2d62c8684,8f16dcb04fed5055e6002c49bb51f883,delivered,2018-06-26 20:30:14,2018-06-26 20:47:21,2018-06-27 10:50:00,2018-07-04 22:48:34,2018-07-24 00:00:00
08e92ad91f0ce4572b374d35637140ec,12d1b4294fef21016c9614eb31e55e15,delivered,2018-03-12 14:56:48,2018-03-12 16:15:46,2018-03-14 23:04:03,2018-04-02 18:58:25,2018-04-11 00:00:00
de58aa6aa9aa113673a7aaa27271b7e0,5674e6bce4035097d9ea3f8f66c41025,delivered,2018-03-16 09:05:28,2018-03-16 09:15:48,2018-03-21 14:12:13,2018-04-09 19:08:50,2018-04-10 00:00:00
89f3db58a5290d65a2f5a8ac62089da4,c0b62ded4a9a252d4cae2c4c735cd797,delivered,2018-04-28 17:01:03,2018-04-28 17:15:15,2018-04-30 13:14:00,2018-05-26 16:54:34,2018-06-07 00:00:00
976e9ab712a374c4dad3d2d0e7e1001e,38686e092acad12241973beb4965ac66,delivered,2018-01-29 12:24:04,2018-01-29 12:52:08,2018-01-30 00:16:46,2018-02-05 22:37:21,2018-03-05 00:00:00
e51ec609bcc1f3b43e5b77285c4cfaf1,fb05451a1c6125780177727eff8bb5bc,delivered,2018-05-21 08:18:52,2018-05-21 08:31:01,2018-05-21 13:55:00,2018-06-05 17:56:44,2018-06-13 00:00:00
e29877e3cc2991e3842d677d5e865a09,c2e04c9314ff425fc0ba2743298505fa,delivered,2017-11-19 10:31:56,2017-11-19 10:46:44,2017-11-20 21:48:11,2017-11-21 21:39:42,2017-12-01 00:00:00
60648fdf5b85f552e8aed95a6173d6b6,b6bd3fcbd152d2e1fc27c93ae688d091,delivered,2018-03-12 09:39:27,2018-03-12 09:55:41,2018-03-16 19:45:00,2018-04-18 02:32:02,2018-04-06 00:00:00
bba7c6470fa795050201991980a930ec,748d48a0393bfbd14043a5f0b2aae4bd,delivered,2018-01-23 15:30:40,2018-01-24 15:58:00,2018-01-29 16:22:09,2018-02-20 22:48:38,2018-02-22 00:00:00
3429eb57b35d94a5a9cddd40f94692a2,7811c6e410793a76c61b846888298138,delivered,2017-04-05 20:21:32,2017-04-05 20:35:17,2017-04-06 15:33:09,2017-04-12 15:07:41,2017-05-03 00:00:00
ed10c6b029547356822a9f7fca15ffde,875c452eae89cbbf07ef33d9e27d52e0,delivered,2017-05-07 14:30:08,2017-05-07 14:41:57,2017-05-09 07:47:58,2017-05-15 14:54:41,2017-05-31 00:00:00
8df707012e98bba020753efdaca3fef4,58d3967487a56405f5588620eb0da3a9,delivered,2018-01-31 12:20:01,2018-01-31 13:50:01,2018-02-01 00:24:47,2018-02-15 00:45:05,2018-03-01 00:00:00
bf0d67707bc87fa3fe2cf74a1c2c693f,185e9b45f2f0219b52c196c4e066ee0a,delivered,2018-07-17 14:41:06,2018-07-17 14:50:28,2018-07-23 14:28:00,2018-07-26 20:40:46,2018-08-17 00:00:00
ab1161359286ca8f902755fd4fcc9727,959d2405325e6475dc36c18f9df03248,delivered,2017-12-15 12:33:18,2017-12-15 12:51:49,2017-12-15 21:48:40,2017-12-30 00:17:58,2018-01-18 00:00:00
2777d11affc76c7163a6c3e0e739aa56,da134898266eacd500b876754de64a37,delivered,2018-04-26 10:48:06,2018-04-28 02:51:39,2018-05-09 12:12:00,2018-05-15 17:48:52,2018-05-21 00:00:00
a56e517e3e85ada615daf2270c2a9c48,1f0a0fbffbc7ced5304f208ee2e5b0cf,delivered,2018-06-09 14:04:31,2018-06-09 14:18:37,2018-06-14 12:25:00,2018-06-18 19:58:34,2018-06-29 00:00:00
92295e7114a22f7180b04673e44cda17,26d638f7504d7e7fbd443c2dde9dc070,delivered,2018-01-11 21:09:45,2018-01-11 21:19:24,2018-01-13 02:32:50,2018-01-24 16:18:48,2018-02-01 00:00:00
5226f1a731e8a1215da5e1bea64e2130,3489fb03bfa99335c385df8b863a701b,canceled,2016-10-10 09:51:13,2016-10-18 15:19:11,,,2016-11-18 00:00:00
3d8e9d3181857e64419e3f61f40f9645,ada5afd2b1b1258fd60f507e92a63472,delivered,2017-07-21 12:17:26,2017-07-25 03:30:25,2017-07-26 09:45:58,2017-08-01 20:27:33,2017-08-14 00:00:00
de95c0af6d85e644eed2ee08c4766606,74565521a1debbacbe9b111bac3ecbfa,delivered,2017-09-22 23:26:12,2017-09-26 06:34:37,2017-09-26 15:15:50,2017-10-03 18:03:50,2017-10-16 00:00:00
0a0b0479c9e05814f250c7bea5b1a95c,bcce684969990851024216985d1a9b5c,delivered,2018-06-14 21:10:57,2018-06-14 21:36:48,2018-06-15 12:43:00,2018-06-21 19:52:01,2018-07-16 00:00:00
6308938677b016004e5c35f0d86fd8aa,359a6a601e39e02fa99b31f11f104594,delivered,2018-01-26 14:22:27,2018-01-27 02:40:39,2018-01-29 16:32:06,2018-02-05 13:02:46,2018-02-22 00:00:00
79e0593968bbc9f0599883ee0266dcde,a033ed469111e80059fb0dd8a8e30808,delivered,2018-07-02 16:44:43,2018-07-02 16:55:24,2018-07-03 12:26:00,2018-07-11 00:31:48,2018-07-26 00:00:00
263ab9a25494623c1dff19c7cb1e3fa4,ed0ed78f84c1d1b36bf51c3475bc5748,delivered,2017-03-21 17:15:38,2017-03-26 23:32:31,2017-03-31 18:22:52,2017-04-03 15:24:07,2017-04-07 00:00:00
7e460703dd3adb450213b20170a237f6,b79d85bfccc2df403dc6610e85d2ab71,delivered,2018-03-04 12:49:38,2018-03-04 13:29:23,2018-03-05 20:44:30,2018-03-08 17:19:08,2018-03-21 00:00:00
d4174eb830aa8dc92a23395da7d5012b,703cd2dc00359d094d521dfb00186250,delivered,2017-06-18 11:00:03,2017-06-18 11:15:18,2017-06-21 19:03:09,2017-07-03 12:37:46,2017-07-21 00:00:00
ddb7a8a2786d0021954b09fd87426bec,7fd5700d6532954dbf9b58b34e222a9c,delivered,2018-03-31 15:01:43,2018-03-31 15:47:48,2018-04-03 19:42:34,2018-04-04 20:55:22,2018-04-12 00:00:00
09da806d72011e816e9242e6d24164eb,c3c89e607f1280b715319f19745beb27,delivered,2018-02-23 10:49:24,2018-02-23 11:10:39,2018-02-26 19:06:33,2018-03-05 11:22:35,2018-03-19 00:00:00
989788f1c17a087572e29eb4fc130983,ea307d84349255edf7b95f7a6f53dc98,delivered,2017-02-05 11:09:50,2017-02-05 11:30:12,2017-02-07 15:20:54,2017-02-13 18:40:11,2017-03-01 00:00:00
329e18d5b045ab9481f0cfda10bece3a,f061fb5b66f322f1c707facc636f1b10,delivered,2018-03-12 15:51:19,2018-03-13 15:48:28,2018-03-14 19:05:22,2018-03-20 18:35:32,2018-04-13 00:00:00
84163f7d458a14345eac02a371e544de,85b6851fbe8e4dfc453218f96df34eb1,delivered,2017-08-28 13:46:10,2017-08-28 13:55:23,2017-08-30 00:08:56,2017-09-05 14:30:24,2017-09-15 00:00:00
1cbcd6f5fd482df88073ad0e5a411b39,8697c05aef3093605f0667354b8c7769,delivered,2017-03-22 11:40:21,2017-03-22 11:40:21,2017-03-23 11:08:55,2017-03-28 14:06:52,2017-04-12 00:00:00
93fa3ccf2f8069af481c6634299a29f1,2af84732e74d89e649775e66958a325a,delivered,2017-12-13 11:58:29,2017-12-15 02:19:23,2017-12-18 22:29:16,2017-12-20 18:15:11,2018-01-02 00:00:00
3453b206c6aec2e9dcb09d2cea15e7cb,cc12cc40c551d10e0122e34d2f0e1342,delivered,2017-08-10 10:41:54,2017-08-10 10:50:21,2017-08-14 14:37:52,2017-08-15 22:04:15,2017-08-25 00:00:00
606f74161b904d7a1bd3ac18746368a6,e190b8172936245229e18611c7f908bf,delivered,2017-08-16 23:23:48,2017-08-17 01:05:34,2017-08-17 21:11:22,2017-08-25 22:09:48,2017-09-08 00:00:00
f3a43dc5179e476ea1fd032caaed2d9b,284f683869caa2ae4fcbdee78c971871,delivered,2017-06-14 21:18:03,2017-06-17 03:44:19,2017-06-19 16:40:09,2017-06-30 14:28:46,2017-07-17 00:00:00
d01f0aba52a4d7b2cca8d7623538a434,da41f8be4acae374b2c5bfe8f9659e7e,delivered,2016-10-10 07:03:07,2016-10-10 12:02:02,2016-10-24 17:17:51,2016-11-10 10:59:01,2016-12-12 00:00:00
46578f80407b94504c78f7702292e789,ef4644f13feb2fb9cfab80d8cab06784,delivered,2018-08-10 21:34:11,2018-08-10 21:50:14,2018-08-15 15:19:00,2018-08-21 15:12:11,2018-09-21 00:00:00
e924fd08e03d8ac96fb7bf1291eb7c9f,79a4c16fed29a84462e7b5c831464cca,delivered,2017-06-11 09:33:54,2017-06-13 04:33:32,2017-06-14 15:06:59,2017-06-30 15:59:45,2017-07-07 00:00:00
c7a07ddd52bbe18b61da49a8d89853d3,1107a610c5e1caae0ff024795cdefb73,delivered,2018-07-13 10:33:48,2018-07-13 10:45:11,2018-07-26 11:49:00,2018-07-31 22:48:52,2018-08-15 00:00:00
c8e84603674d71b14595773f1374773d,9f8c461ecca6766fec8d1824048d91dc,delivered,2018-08-09 22:31:12,2018-08-11 02:50:29,2018-08-14 07:54:00,2018-08-25 00:47:50,2018-08-21 00:00:00
9585516ea4b52ce53a27458526947e5b,21469c09446626a2d1bb517020812781,delivered,2018-04-26 11:23:03,2018-04-27 03:30:44,2018-05-03 16:35:00,2018-05-10 01:56:32,2018-05-30 00:00:00
1432d48030ced821a4afaabcfc2a8b0f,6a909b62463d9c6cc4126cea7af3ad59,delivered,2018-06-05 20:26:51,2018-06-05 20:52:12,2018-06-08 16:20:00,2018-06-11 16:48:40,2018-07-05 00:00:00
e8e6d889f4d8a89fdcae9bdd473117d7,6361b9f3b85d41860bfa28292e052bde,delivered,2017-08-09 20:09:55,2017-08-10 19:50:26,2017-08-11 20:03:04,2017-09-01 18:53:08,2017-09-06 00:00:00
bd26f79807cb5e17e470195232bf67d7,edd443dc2ba51f8df49168af5ca2b24f,delivered,2018-04-19 20:52:31,2018-04-19 21:10:11,2018-04-20 18:29:00,2018-04-27 16:46:50,2018-05-10 00:00:00
11e6a7d393dd5ce464e500e3f7264c05,1ea72d07bfd7017be87178fbfc30ac7c,delivered,2018-02-19 16:33:05,2018-02-19 17:47:34,2018-02-26 16:23:47,2018-02-27 16:08:03,2018-03-06 00:00:00
274f33c3b4d5612a37e3a223a2d9bc5a,7bf63211707f2c328795bf65a0a7b7eb,delivered,2018-07-17 20:27:32,2018-07-17 20:41:41,2018-07-19 13:21:00,2018-07-24 20:14:47,2018-08-06 00:00:00
3d2ae8d0689cf068897dd68fee46311f,60ef63560298d3cab95ca41de8141437,delivered,2018-05-15 21:41:59,2018-05-15 21:55:22,2018-05-16 13:11:00,2018-05-22 00:44:45,2018-06-11 00:00:00
b8a939e0425262884b50cbd95032f71b,35b18529904d8a54f3a02555e7fb80be,delivered,2017-09-26 17:05:47,2017-09-28 17:25:16,2017-09-29 21:53:50,2017-10-11 14:02:50,2017-10-19 00:00:00
1ce8d14cbfa55d85f3009438ecbd792b,ec39af6d947e4c0aa1181ff5fd68253f,delivered,2018-07-24 22:27:24,2018-07-24 22:35:16,2018-07-25 14:49:00,2018-08-01 08:43:25,2018-08-13 00:00:00
2d9d08ceba6f2cac03cbd9b35da1a89e,88e2fe2357ed65903d27a6bae151b108,delivered,2017-12-27 18:34:29,2017-12-27 18:47:23,2017-12-28 21:39:16,2017-12-29 22:48:53,2018-01-16 00:00:00
9ddffc0194a79dd25662255b87eb9e09,6ff4191488e14530d6a698f7420a769d,delivered,2017-11-24 00:27:59,2017-11-24 00:56:37,2017-11-24 16:04:45,2017-12-04 19:07:26,2017-12-14 00:00:00
33dc68ee07456f6fa5da352d9cca5d93,81375b1d0de1916253f403aafdc810a7,delivered,2018-05-14 09:22:27,2018-05-14 09:35:19,2018-05-14 13:43:00,2018-05-22 16:57:00,2018-06-05 00:00:00
e527fadf4133cb83320eba9c12a0db68,77c5ac582cd8d2dbccc1c5faf6971de3,delivered,2017-09-09 18:31:38,2017-09-09 18:50:14,2017-09-13 19:39:37,2017-09-19 17:33:22,2017-09-27 00:00:00
f683cdbdf58d83a900ba15a1df6351b2,c24b4d591a1c544d8f3c2d065e2fa2ee,delivered,2018-06-06 08:06:18,2018-06-06 08:30:33,2018-06-11 15:57:00,2018-06-14 22:11:52,2018-07-13 00:00:00
9dff95e63c4bf04ca285c9e2252f75fb,3978ee377ac60d71cf524dd470686e26,delivered,2018-07-25 21:00:11,2018-07-25 21:10:18,2018-08-01 16:27:00,2018-08-06 22:06:49,2018-08-27 00:00:00
7cb37a7683b730111ec9b816a16e9f18,a6b898cd2dc459cd58e6f53d1d3e4f96,delivered,2017-08-20 12:22:14,2017-08-20 12:44:25,2017-08-21 19:42:16,2017-08-24 18:55:42,2017-09-14 00:00:00
1778390c079b0ec4b78c82d39b9d2e3e,a0d327f07730fe86d1fdc9f640ad89fc,delivered,2017-04-24 13:31:19,2017-04-24 13:45:14,2017-04-25 10:51:23,2017-05-15 15:52:18,2017-05-19 00:00:00
1207b88243115c9eafb9931bc2d0b59d,08430efea96cbab3b50290167b85454e,delivered,2017-02-06 13:29:00,2017-02-06 13:42:17,2017-02-06 15:34:58,2017-02-16 09:43:51,2017-03-07 00:00:00
085c1b501f2aed6dc60955055e9567bd,59f6187de64fd84e5f7110fb0f8ad502,delivered,2018-03-23 20:43:35,2018-03-23 20:55:54,2018-03-27 01:14:30,2018-04-09 14:38:51,2018-04-23 00:00:00
c3d82084f95e12ecd6cc271e0c225175,641cc3ed9b805233ffd9d29dba7f7370,delivered,2018-07-29 18:17:11,2018-07-29 18:30:32,2018-08-06 16:49:00,2018-08-10 01:51:58,2018-08-27 00:00:00
3d914e4ae3cf881174ce6e0d85d64e94,6cb6aa75c0aa013bca1f54103eeebb67,delivered,2017-03-18 08:29:05,2017-03-18 08:29:05,2017-03-20 10:15:21,2017-03-23 14:37:54,2017-04-06 00:00:00
9a241cf50d0939eefbc81c1b084cec0a,839d333b48319d322360e011c1d31c75,delivered,2017-07-06 14:15:06,2017-07-06 14:25:23,2017-07-07 15:43:50,2017-07-10 17:07:26,2017-07-19 00:00:00
6521177c6adb61f7659569227b09b8a9,77e89036b2a12446043ebf90f5b3c048,delivered,2017-05-29 22:38:17,2017-05-29 22:50:18,2017-05-30 15:32:39,2017-06-08 16:52:59,2017-06-29 00:00:00
a967b2911a10315ea9e93191515fad0c,e65cbda166eab6494bd038552411332e,delivered,2018-01-14 20:14:00,2018-01-15 09:55:29,2018-01-18 23:43:48,2018-01-26 21:41:44,2018-02-05 00:00:00
7403666e15b97d6e987f597066711845,0b29b46052f69080a341a49dcd982955,delivered,2018-06-08 09:43:47,2018-06-09 02:57:16,2018-06-14 14:37:00,2018-06-19 13:29:55,2018-07-04 00:00:00
2b104b4033a0f544dd3ec21ceedf5849,9dad09c213d73f615489a75962aeb1ba,delivered,2017-11-22 21:22:11,2017-11-22 21:31:33,2017-11-24 20:38:02,2017-11-27 17:09:42,2017-12-08 00:00:00
f75d04d7bf218d0026ebdbd703d70fa0,1aeb1588530c8d12fbea98e9c6b102d3,delivered,2018-07-03 20:43:12,2018-07-05 16:34:57,2018-07-04 11:44:00,2018-07-13 16:41:32,2018-08-21 00:00:00
6aa222e4b2f1f711130f9d7f805f9162,6ccd912fc9bba583a8094f2251dcffe8,delivered,2018-02-12 13:16:37,2018-02-12 14:00:50,2018-02-15 21:42:46,2018-02-25 17:21:51,2018-03-09 00:00:00
19a3924da2b67dee34bf1f76a7689459,294016bb7e7262d41b7430f4124989af,delivered,2018-07-23 12:33:47,2018-07-23 15:32:30,2018-07-24 08:53:00,2018-07-27 19:50:51,2018-08-08 00:00:00
2e1bbcd435bc99b41a07959ef2c3965e,273a44129c251f678de4a9fe152d9ed4,delivered,2017-04-19 17:13:11,2017-04-19 17:22:43,2017-04-20 15:44:36,2017-04-27 10:28:11,2017-05-12 00:00:00
0b36b5725c37564b933ec5845f63b635,cddb7c930b86c98185caad9fa6cd65c0,delivered,2017-10-10 11:34:06,2017-10-10 14:35:22,2017-10-11 15:27:53,2017-10-17 21:04:12,2017-11-09 00:00:00
fbeb9a1d7b4452fcc36651a7c0b42400,d8c73320ebdaf88a04e9c8a560fa4f53,delivered,2018-05-14 22:04:30,2018-05-14 22:15:21,2018-05-15 14:52:00,2018-05-18 19:03:37,2018-05-28 00:00:00
32a4cb38a96677e6bbab3a8ea1c2aa87,ae9c29cf5f633b86427154bdd3f55c8f,delivered,2018-04-26 09:48:57,2018-04-27 03:31:18,2018-04-27 12:32:00,2018-05-02 21:49:43,2018-06-04 00:00:00
e912fe377f77944ec68b3650ead100bf,159f7183e121d412169e30a10a7a4c63,delivered,2017-03-07 22:46:32,2017-03-09 02:55:17,2017-03-13 09:31:18,2017-03-17 14:14:10,2017-04-04 00:00:00
07946e40cd8c6b2ab27f0fe14f21f7dd,72b154a83078118969daf89bbe7fe225,delivered,2018-06-22 19:57:24,2018-06-22 20:37:25,2018-06-25 17:26:00,2018-07-02 13:03:19,2018-07-24 00:00:00
be0c42b7b7e9edd961e7d70426720a0d,b72b2adcbe29bf290dce6043f04298a8,delivered,2018-07-03 17:28:51,2018-07-05 16:33:20,2018-07-04 10:48:00,2018-07-09 16:52:37,2018-08-03 00:00:00
cfa5771f3bebddd9dac8172a9305b820,2d7b5f5327f8cf3db264666071175ddf,delivered,2018-08-10 13:43:58,2018-08-10 13:55:20,2018-08-10 13:58:00,2018-08-15 14:52:40,2018-08-20 00:00:00
bb4b102d5638ad779ed3316a3a537680,34608b6fe316137687ea50346aafff1c,delivered,2017-07-03 13:09:58,2017-07-03 13:23:41,2017-07-06 15:46:58,2017-07-18 20:04:58,2017-07-25 00:00:00
e64e0f28c8abfe6f9a018e383c11c428,49e05f2af69a82336288d752bbb9cd4f,delivered,2018-03-26 07:51:24,2018-03-28 02:47:26,2018-03-28 17:51:42,2018-05-09 21:24:36,2018-04-17 00:00:00
1b27133663a6ff5c26254c7f8f99a4d4,a842a362a7fd195daa06e2d9ba915df8,delivered,2017-06-20 08:51:27,2017-06-20 09:03:57,2017-06-20 13:48:42,2017-06-23 13:15:54,2017-07-12 00:00:00
b190ee7e167e9e3a721577353fdeea4c,3d6d74a1f99619787221c1cad08e8a6e,delivered,2018-04-09 20:09:29,2018-04-11 08:55:20,2018-04-12 15:09:00,2018-04-16 21:24:36,2018-05-02 00:00:00
2e2695c2615765b352acb9d315f84ff2,cf7d20e60394e903ad75612446634110,delivered,2018-02-16 15:41:12,2018-02-17 15:35:39,2018-02-20 00:48:36,2018-02-21 18:58:22,2018-03-02 00:00:00
644da1e3e4fb089d2404596574225c60,c98a7b0279f19defb3869b3ec67bd1a8,delivered,2018-04-15 13:28:28,2018-04-15 13:51:11,2018-04-17 23:19:11,2018-04-25 22:52:49,2018-05-14 00:00:00
7989e2c3bb311324f824d365b87fa0cf,1d74c4004d50d7e81bf1a1643676a024,delivered,2017-09-12 21:46:02,2017-09-14 02:43:52,2017-09-15 21:11:57,2017-10-10 17:54:19,2017-10-03 00:00:00
773f350ab7f485f0d4aa1a095820fedd,c5dff493e5eafe9b431f2a5565786f06,delivered,2017-12-24 14:21:22,2017-12-27 04:07:00,2017-12-28 18:28:24,2018-01-10 21:46:45,2018-01-26 00:00:00
fd658d6eaf9ef94d3418ddc48ff508b1,9bde12d0341ecdbea6ec186534c5c50b,delivered,2018-04-24 10:12:44,2018-04-25 04:15:21,2018-04-25 14:09:00,2018-05-14 14:08:44,2018-05-22 00:00:00
e78008ab9ec891077c0b9e1bb4cc9f29,dac2a878acbf2187202983aa998b1a0b,delivered,2017-10-16 18:18:55,2017-10-17 03:45:47,2017-10-17 14:14:06,2017-10-19 20:29:26,2017-10-26 00:00:00
20b4a1345c31cae5591e4faccbba51e6,b97a4000762981a7e2de5fa1afae8113,delivered,2018-05-02 18:41:06,2018-05-02 19:15:29,2018-05-08 11:06:00,2018-05-21 15:56:45,2018-06-04 00:00:00
aaa4edcd1e7753b97a9216234d93e1bc,60cb365d3ede11cd97f1d411b0c609cf,delivered,2018-06-20 16:55:30,2018-06-20 17:21:27,2018-07-05 13:58:00,2018-07-10 14:16:38,2018-07-26 00:00:00
be9b4aa61bbe31e9d0191e3bfe51723d,70e9bf3b922f78fb3b684ddecba9c2e3,delivered,2018-08-11 17:13:35,2018-08-11 17:25:15,2018-08-13 14:50:00,2018-08-16 18:32:41,2018-08-29 00:00:00
96d921e9bfe801df7426999a566a8aeb,bf814c71e0db62efbaa06968cc9c6763,delivered,2018-07-16 20:48:51,2018-07-16 21:05:12,2018-07-17 14:28:00,2018-07-26 16:49:01,2018-08-01 00:00:00
adfb144a67fa41dcd8a2b7685e40605b,488dd91f70d8404b2aa677cdc8a0de68,delivered,2017-09-13 14:55:27,2017-09-13 15:05:43,2017-09-19 19:32:25,2017-09-25 20:12:20,2017-10-11 00:00:00
772af06ac77da4c6588ea39bf6a8f1b6,d88417bc3b9707f2220383d7020ec888,delivered,2018-01-19 21:00:08,2018-01-19 21:12:27,2018-01-22 17:03:12,2018-01-30 23:04:34,2018-02-20 00:00:00
57899333b5e286632bd2599d3f7864ce,0338fb809c86eb60e7c6ad3b69a8a33b,delivered,2018-03-16 19:16:56,2018-03-16 19:30:33,2018-03-21 14:11:16,2018-04-05 20:51:24,2018-04-05 00:00:00
99b224dfda8cffb18398d17cfcba756b,124996b6e8865af35cf5b0bd01462f5b,delivered,2017-08-19 13:21:34,2017-08-22 04:11:03,2017-08-22 18:07:52,2017-09-01 16:48:40,2017-09-13 00:00:00
ebb2b88a94eaea3dc431c26a7d21bacc,4b98719a17e513d97fe6d782d6e93f25,delivered,2017-11-24 07:56:56,2017-11-24 08:09:52,2017-11-29 23:18:51,2017-12-07 20:51:49,2017-12-18 00:00:00
b94c9b93a7c4fcbaaf011f1962301aa1,668b5ef22a61ad57c21992f9edb121a4,delivered,2017-06-01 12:58:16,2017-06-02 04:22:55,2017-06-09 15:39:19,2017-06-22 16:29:43,2017-06-28 00:00:00
9d4be303e6a9cebfccda2d29624ca472,2b9bd261eabeaf1563fa5b33e1a15174,delivered,2017-07-27 09:31:23,2017-07-27 09:55:18,2017-07-27 20:52:20,2017-08-03 16:09:08,2017-08-18 00:00:00
570a37e6dd991a6c2c6b032f41487e04,12591d8c5871d885c6e6d8f2814df84f,delivered,2018-01-27 19:58:43,2018-01-27 20:11:30,2018-01-29 23:39:44,2018-02-10 18:33:49,2018-02-21 00:00:00
19c8b1118ececa4c6ae36077944717d6,1af33836f8f47b2949a85f6f83e8faff,delivered,2018-05-01 17:05:02,2018-05-01 17:15:21,2018-05-03 06:22:00,2018-05-05 17:52:53,2018-05-21 00:00:00
b06fc03b191f5e9941e47a486b766d35,e40e7edfb1c1a656dce58946a597df29,delivered,2017-06-14 11:59:31,2017-06-14 12:10:27,2017-06-16 05:51:28,2017-06-22 17:12:27,2017-07-07 00:00:00
85ca753c76c79d8eed79b7a31660be3a,eb744ed77ced9d7b54a6f212098e644b,delivered,2017-06-30 12:20:48,2017-06-30 12:30:15,2017-07-03 18:22:11,2017-07-12 18:19:48,2017-08-03 00:00:00
94d402dc4fcc5e6ba5e95e4d7b777238,02d6d0f47ae7ef004d1106cd4743b553,delivered,2018-05-21 13:21:15,2018-05-21 15:58:46,2018-05-22 14:00:00,2018-06-05 20:32:36,2018-06-06 00:00:00
2e612a3508e4bce75344e6bfb68f28e0,06deea7d56068efd37c65f8daff0e03b,delivered,2018-02-11 21:38:24,2018-02-11 21:50:27,2018-02-14 15:56:50,2018-02-22 20:33:28,2018-03-07 00:00:00
1be202b145a6722b8e2b08f60b288994,5c41ba9c90e008cd79328fd5fca8e502,delivered,2018-08-23 20:27:42,2018-08-23 20:55:33,2018-08-24 12:09:00,2018-08-29 14:08:37,2018-09-05 00:00:00
c369bdd04f3897a7c27ea9f5aeaeba4b,656feadbac2d82190053bb9047e70f11,delivered,2018-06-27 13:12:12,2018-06-28 09:10:31,2018-06-28 15:12:00,2018-07-04 17:05:06,2018-07-26 00:00:00
250587cf0cafce7892b56a47a1697833,8ef068a69681113e7a8d59ce98f23c24,delivered,2018-02-15 17:42:18,2018-02-15 17:50:37,2018-02-21 23:29:05,2018-02-22 23:36:37,2018-03-08 00:00:00
4ab2f2ac4c50d1a98dab6d9541a633ee,383c957ec162c9147f9aab26161af5c6,shipped,2018-04-05 18:08:37,2018-04-05 18:50:14,2018-04-10 19:28:36,,2018-05-17 00:00:00
289d1ce30c672184ba3722d783df7628,f23c940b811f63b4520de56d87da449c,delivered,2018-02-07 19:31:22,2018-02-08 19:28:40,2018-02-09 22:14:39,2018-02-25 17:32:48,2018-03-05 00:00:00
17110a49ae77577b41dea127fe1df35c,1e95463853727c90d45021184b65fce0,delivered,2017-12-02 17:41:43,2017-12-02 17:50:40,2017-12-05 00:58:35,2017-12-06 00:13:21,2017-12-21 00:00:00
2d03316beff80dbbbe594433f865b7d9,d48ef437009058c792d57ad342b4c8fb,delivered,2017-12-03 16:57:47,2017-12-05 16:56:36,2017-12-07 19:09:51,2017-12-08 17:21:24,2017-12-20 00:00:00
3ef6bcdda6193f8657168ba7e8b3e948,46d0766284023a432d1066a1b97234ef,delivered,2017-11-11 00:45:49,2017-11-11 00:56:06,2017-11-27 16:48:46,2017-12-11 20:38:51,2017-12-05 00:00:00
a6415b99aa04b9eef071655317c75cfe,e0ae53a479573a7f685b4f94c16cf85e,delivered,2017-10-23 22:40:41,2017-10-24 03:15:00,2017-10-24 20:58:49,2017-10-30 12:24:13,2017-11-09 00:00:00
793e6ea3191b9d6ead7fc77523efd898,fda22da528e2ea3d3ab92fc76b64a014,delivered,2018-01-22 21:34:59,2018-01-22 21:53:05,2018-01-25 21:13:14,2018-01-26 10:58:40,2018-02-07 00:00:00
a7fdfd7d7ae7a53a8232d6d0d7db215b,da0d4d9bc4bb9a14e826417ca7659005,delivered,2018-06-22 15:56:33,2018-06-26 07:13:02,2018-07-10 11:32:00,2018-07-11 14:26:34,2018-07-23 00:00:00
e6f4802ce2213981609f7384568b3a1d,25766e8a0df0553dc9010f3eca6dfacd,delivered,2017-08-24 10:08:04,2017-08-24 10:24:32,2017-09-13 16:17:00,2017-09-20 20:15:48,2017-09-18 00:00:00
23726774d1a868c3e1b13c0fa85d1308,ccb676d14091faf285f5cc8e28bfec92,delivered,2017-12-05 10:11:21,2017-12-05 11:06:56,2017-12-06 01:58:45,2017-12-14 16:08:01,2018-01-09 00:00:00
df2fc7ba1ed5d8b9defb1d67ded57fb5,9ef127d5e1160289c0629d156a39c648,delivered,2017-05-17 16:05:12,2017-05-19 02:35:14,2017-05-19 10:18:50,2017-05-22 11:22:03,2017-05-30 00:00:00
f6e6d4ea8fa36e20a36c71352a2422b3,d0d189669fc6b10d726e12172c8996f0,delivered,2018-07-25 12:53:12,2018-07-26 03:15:22,2018-07-26 12:32:00,2018-08-02 19:56:51,2018-08-10 00:00:00
d3f1b8077e7df43a610e3e850d369349,3d2c79eca9a85888b5b3e6c35bcf3935,delivered,2018-01-11 00:40:46,2018-01-11 10:38:28,2018-01-11 19:39:23,2018-01-16 20:53:25,2018-02-06 00:00:00
2c082256a8471418c6cccd10c289051b,3b09d6915b73c37f8bb280cdeec605ec,delivered,2017-07-07 15:51:50,2017-07-07 16:05:24,2017-07-11 09:18:30,2017-08-04 16:17:44,2017-08-10 00:00:00
4c3c77b27f585da8c9e4629aba2f7817,5ea0534a9bd5f264c599847dc75007fa,processing,2017-11-07 15:47:40,2017-11-07 15:55:38,,,2017-12-06 00:00:00
893b8c5a9626a6c2f07bcf9d32b4d77f,866e86e72ee6ed3e942ee847c8439b31,delivered,2018-03-24 18:42:35,2018-03-24 18:55:33,2018-03-28 17:38:58,2018-04-05 23:39:42,2018-04-23 00:00:00
9489cf6af1217c413c18017749a398f8,c2591e2d32cd7bdb05a9474c594499ae,delivered,2018-01-23 11:51:03,2018-01-23 12:17:53,2018-01-24 17:15:42,2018-01-25 14:33:16,2018-02-07 00:00:00
9069cf8008a940efbe703ea943d271a5,6b1618d1c40a7f830a71f322a649b029,delivered,2018-05-13 01:36:43,2018-05-14 15:56:58,2018-05-15 14:15:00,2018-05-18 13:25:37,2018-05-25 00:00:00
fb4de3600d359f84927517e78ff9ba54,c33e62b6b6e872a818d2f85f632b5483,delivered,2018-04-19 22:05:52,2018-04-19 22:15:17,2018-04-20 20:22:05,2018-05-04 17:51:20,2018-05-16 00:00:00
2e5c056e25f127f8554fa6a2ee1336a9,e372f3a95dacdd4355d7b654310fd683,processing,2017-04-30 15:59:34,2017-05-03 11:40:13,,,2017-06-06 00:00:00
d56f099b822d5857e1d02f660db4a915,1db832261819c0a9f78efbc0dd77f2a3,delivered,2018-07-26 00:27:02,2018-07-26 00:50:12,2018-07-26 07:39:00,2018-07-31 21:21:06,2018-08-10 00:00:00
f211430c0952db7a012de2ee8cdcffa9,8b024a20889762278ad68ad57a73367a,delivered,2018-05-18 12:25:56,2018-05-18 13:27:14,2018-05-22 06:18:00,2018-05-23 22:16:50,2018-05-28 00:00:00
8e64c8a9ce934e47e871b0a4eaa973f6,57a6a7790c1e4ecbc477306abef69de6,delivered,2017-07-19 13:12:38,2017-07-19 13:30:12,2017-07-20 19:57:34,2017-07-27 17:29:44,2017-08-10 00:00:00
13f48b228960c77c8ebeef615e898f32,1a74e2a0ca031a067b39ec02f4beb618,delivered,2017-09-18 20:48:19,2017-09-18 21:04:27,2017-09-20 20:37:09,2017-09-21 19:29:19,2017-09-28 00:00:00
2b3d870a4d670c91f15668cea4fe3aa5,a897d52db6440afe445137c35a4add64,unavailable,2018-01-15 14:32:42,2018-01-15 14:50:13,,,2018-01-30 00:00:00
a47613180529472d74824b41a0564e3f,285b0ec7444dbba52a1a9395629c6697,delivered,2017-06-24 14:01:23,2017-06-24 14:15:22,2017-06-26 15:16:38,2017-07-03 11:11:39,2017-07-14 00:00:00
e8706a02ef9dacebd83ba8d93225d0f3,c1d73d8388eab6321d6346ec5571cad4,delivered,2018-07-28 22:43:54,2018-07-30 08:31:27,2018-07-30 11:59:00,2018-08-10 00:31:27,2018-09-04 00:00:00
989349701595e3faf7560eed7aabc830,8092c7b207c7dada91fc057f59fadeed,delivered,2017-07-03 19:24:45,2017-07-03 19:43:34,2017-07-04 10:15:24,2017-07-10 20:53:30,2017-07-21 00:00:00
ad6137b47c7f7c1c621f4de13c3d5bc9,a49a8d627171eeff10dc5601f2109971,delivered,2018-07-12 22:59:12,2018-07-13 22:55:17,2018-07-17 14:09:00,2018-07-20 19:03:04,2018-07-31 00:00:00
db8cc6752d073697a12e3998bfcd9a0d,e5fdd01320e46381aadc9a1491170cd3,delivered,2017-12-22 17:09:19,2017-12-22 17:31:32,2017-12-26 17:52:39,2017-12-28 21:51:47,2018-01-12 00:00:00
11cd24b7e4b9463f16ba03156c608cbd,198ce6d640d81b85713a4762e5cc5f07,delivered,2018-02-08 18:56:04,2018-02-09 02:50:11,2018-02-15 17:29:09,2018-02-23 16:23:02,2018-03-07 00:00:00
942560c0452cea75a56bf3d4736511f9,37be9be04f319e4c87fd455fb54f59d6,delivered,2018-05-09 09:11:51,2018-05-09 09:35:19,2018-05-11 14:31:00,2018-05-22 21:18:41,2018-06-04 00:00:00
6e150190fbe04c642a9cf0b80d83ee16,135a42a465867ff932f1222f71a3efb2,delivered,2017-06-24 16:33:35,2017-06-24 16:45:14,2017-06-29 16:08:40,2017-07-07 18:35:52,2017-07-31 00:00:00
54b803c77b3baa82c6541268b252cc0a,fef2e5a93a464f4daf5d2b2ab16a7753,delivered,2018-01-20 23:56:19,2018-01-21 04:55:43,2018-01-24 13:22:13,2018-01-26 22:29:48,2018-02-06 00:00:00
ae2268b7be14ac244c81a598e338a356,a322df321383c6c340fa14a4a87252da,delivered,2017-08-31 14:09:58,2017-09-01 22:33:06,2017-09-04 20:23:39,2017-10-04 18:22:42,2017-09-29 00:00:00
b0c1eb643cc230efdadc151753e940b5,8f55782365bb8e8ccad248e256ff0272,delivered,2018-06-12 21:41:42,2018-06-12 22:01:35,2018-06-15 13:57:00,2018-06-26 20:21:52,2018-07-03 00:00:00
76df775e41e31a9af3a69d5bcd3575d7,d1c636aea71dee50a1d879c036575675,delivered,2017-07-28 22:34:20,2017-07-28 22:45:17,2017-08-01 17:53:06,2017-08-17 21:06:02,2017-08-23 00:00:00
7d76335e7e80375e28928a33bc942ebc,71faaf972f231660f00732bc7c103241,delivered,2017-06-05 11:38:20,2017-06-05 11:50:11,2017-06-08 15:26:20,2017-06-19 16:09:44,2017-06-26 00:00:00
2536e0f8936553b5d7c7de59d0dc4b0e,c1526791a147accd570e84fab7e3b522,delivered,2018-06-08 11:22:55,2018-06-09 11:38:38,2018-06-11 10:56:00,2018-06-25 17:41:32,2018-07-23 00:00:00
85d32072051813056a0a92fdef601cbb,487583258b019590638622dd1f4d6e14,delivered,2018-04-02 19:35:17,2018-04-04 03:29:22,2018-04-10 00:02:57,2018-05-07 20:37:59,2018-04-27 00:00:00
e38f48f35b9cec88386035b2ff883527,75889c226b97b6d3d51302ad295ec61d,delivered,2018-02-04 19:18:45,2018-02-04 19:30:22,2018-02-05 20:26:55,2018-03-07 20:32:28,2018-03-06 00:00:00
1f92ee0cb5a486074e52ffcecaa1dbd0,e12c68dd4db32c03ad19a62b5c3da912,delivered,2018-01-07 00:12:45,2018-01-09 07:17:42,2018-01-09 18:07:39,2018-01-16 18:46:40,2018-01-31 00:00:00
2e90d155b85776a842b3b1c59aa4b340,dc0f64fb88e567f9d8ff195dcc36f332,invoiced,2017-05-06 19:09:33,2017-05-06 19:22:04,,,2017-06-09 00:00:00
b829a9df2bfb08f7e2a0e9854656fdfd,af494a72a0ff8e7ccc03fc96250fccb1,delivered,2018-07-12 10:38:07,2018-07-12 10:50:16,2018-07-12 16:05:00,2018-07-21 12:28:24,2018-07-26 00:00:00
d4732fc61490420e42d4dbdce8c3c6bf,b1889da1a2d08df1a9d506efbf11784c,delivered,2017-09-10 16:28:07,2017-09-12 07:45:07,2017-09-12 19:43:43,2017-09-23 13:40:05,2017-09-29 00:00:00
930299b3cc193996df76f2ba8c82a916,e1c05be92c14fdfdf526f81df3d5066f,delivered,2018-04-13 12:07:23,2018-04-14 02:15:26,2018-04-17 12:17:34,2018-04-23 20:32:39,2018-05-11 00:00:00
aaf8c4fd10324c24379e08159ce8489e,0a9901c032c4007854dfe4f67b42ab68,delivered,2018-05-15 10:54:37,2018-05-16 02:55:18,2018-05-16 13:15:00,2018-05-18 14:33:32,2018-05-23 00:00:00
65f4f976c2281eb3c5f69547ca21893d,775e5b39bea2cf3e7080071ddbf9d708,delivered,2017-04-09 09:52:05,2017-04-09 11:05:17,2017-04-10 15:56:25,2017-04-18 10:50:10,2017-05-03 00:00:00
422bf65831c607c9ec72b1d2c1967465,4d407711d03a415fa3b435f84ea4ec94,delivered,2017-04-23 00:17:47,2017-04-23 00:58:42,2017-04-25 15:34:13,2017-05-04 15:34:14,2017-05-26 00:00:00
21ecf6c28bbb0f0ff48c5e1299cdfcc3,9aca2769d327cddf07d1af8f330bc7b7,delivered,2018-04-21 08:18:07,2018-04-24 18:59:52,2018-04-26 06:40:00,2018-04-30 19:21:42,2018-05-16 00:00:00
418648b0abc882677f47aa3d23e275bc,61ff530e3f5e6fba4c0c4a6bcf7e735a,delivered,2018-01-09 17:24:13,2018-01-10 10:32:38,2018-01-11 12:16:13,2018-01-25 13:14:57,2018-02-07 00:00:00
39a2c5163845188e0148f36a05ff7ac7,8f7c043d717386cdc50669c78a43f85a,delivered,2017-08-16 20:38:37,2017-08-18 02:30:07,2017-08-21 14:44:03,2017-08-30 17:32:21,2017-09-08 00:00:00
236d48ee787db9dbdc37e40df613cc92,6c0350311722febe32a77819ca5f6197,delivered,2017-11-28 10:28:28,2017-11-29 02:20:45,2017-11-30 22:13:24,2017-12-11 15:25:07,2017-12-19 00:00:00
c4cf72ea58abebc4b3fa344363bb750a,635e6841727c22cbb3926856fd4b9ac5,delivered,2018-02-07 14:32:58,2018-02-07 14:49:29,2018-02-08 18:47:48,2018-02-22 13:38:51,2018-03-12 00:00:00
8abe9f445c2794a43728dd2b37938528,aad6727aba2d94ce372e38769c3930ea,delivered,2018-01-13 09:07:57,2018-01-13 09:17:22,2018-01-18 12:18:16,2018-01-25 00:22:46,2018-02-08 00:00:00
829105b927ac0fb2b0b47fdd3ea440ac,f39c0bea10fec4cdc3138816747386fe,delivered,2017-12-14 17:59:17,2017-12-14 18:12:09,2017-12-15 18:04:28,2017-12-22 14:13:24,2018-01-03 00:00:00
3d7376c0f2e3ca72f4bd82000af41d7d,38de4863516ed79e91284a6cad6d3ec3,delivered,2018-02-02 19:53:35,2018-02-02 20:12:04,2018-02-05 20:11:49,2018-02-14 19:52:31,2018-03-08 00:00:00
f8433ba8190dc8137e3409d466cf90ef,e25c5deefe6b7e4740265442544e59f5,delivered,2018-06-06 21:41:54,2018-06-06 21:55:15,2018-06-07 12:52:00,2018-06-14 17:17:36,2018-07-16 00:00:00
deecb63e53b1551c384f3b95913c1396,15af9668596b9358f3c13ece3af9aba1,delivered,2018-06-08 01:02:40,2018-06-08 01:15:09,2018-06-08 13:48:00,2018-06-14 19:44:40,2018-07-04 00:00:00
4e11f2c19781a078792e270995343e17,42ec03572c4d7d90d58197c94a22876d,delivered,2018-04-15 22:08:38,2018-04-15 22:30:08,2018-04-17 22:44:18,2018-04-18 14:52:37,2018-05-03 00:00:00
9d293efd4c6752aacbe03668f1d197e8,ac4b2869f3f9c161a9dd4a4610b43c92,delivered,2017-11-20 10:59:08,2017-11-20 11:27:18,2017-11-22 20:51:20,2017-11-28 20:11:01,2017-12-08 00:00:00
b62ced5bbcbad01b30fd58926d727b21,9ec29e8efb334fe1167d47ad3f355071,delivered,2018-05-02 00:41:45,2018-05-02 00:56:47,2018-05-03 11:56:00,2018-05-24 10:24:48,2018-06-05 00:00:00
e31526204c93b55b21e55ef3e5a45f36,d0dac49a8ce4e5ba67f9ad0a2aac7eb6,delivered,2017-08-04 15:12:38,2017-08-04 15:25:23,2017-08-14 15:46:53,2017-08-21 19:48:53,2017-08-28 00:00:00
97b4d83323a5917d5df6ff4581daaaec,7f89f97dcd89a2822583cfb3ab874788,delivered,2018-02-28 10:35:28,2018-02-28 10:55:37,2018-02-28 22:58:47,2018-03-07 21:07:55,2018-03-23 00:00:00
c566380dcbb4c99de2a70b58da3db979,4c5fddd41ec35898a6476a8048079ced,delivered,2017-06-25 16:38:14,2017-06-25 16:50:17,2017-06-27 17:03:31,2017-06-28 12:24:53,2017-07-07 00:00:00
b03c3813b79abede0217026999c4fd66,edcb0d489e8bf0601ab2ca4ebde3bed1,delivered,2018-03-03 20:45:49,2018-03-03 20:56:04,2018-03-06 00:36:55,2018-03-20 22:53:44,2018-03-22 00:00:00
2291ee4be39fe350accf088e1b57a5d1,2c1d9cb5468d2428f8e95a5c084396a8,delivered,2018-07-19 21:43:16,2018-07-20 05:03:25,2018-07-20 11:36:00,2018-08-01 20:42:31,2018-08-07 00:00:00
4fb7f38042d214ada4d81cc23d228cc8,92da31c4d9d81552801e3c1a6194b796,delivered,2016-10-10 00:01:50,2016-10-11 10:44:13,2016-10-14 18:00:00,2016-11-16 17:17:53,2016-12-14 00:00:00
37792549e9a1606a574bb4a8aa76136e,35f840b076d79718e004c0951fe0f435,delivered,2017-11-29 10:23:22,2017-12-01 11:30:59,2017-12-01 20:24:48,2017-12-04 20:17:16,2017-12-19 00:00:00
d1e15a79329ed78d7982521b3b3b2a8f,ae3f264a566530ebaeb52b2cc1559b5e,delivered,2017-07-19 23:37:44,2017-07-19 23:50:10,2017-07-25 18:38:32,2017-08-08 17:03:04,2017-08-22 00:00:00
17c42a761def4a50753277a24c772328,e41c3765c3f376d55ff3f32aa4409d20,delivered,2017-12-18 14:00:47,2017-12-20 06:55:32,2017-12-21 15:07:31,2017-12-23 02:13:57,2018-01-05 00:00:00
debb76d62f02e0ea42769534a3d58286,3dfbf844abeffee1631f66fced77dbef,delivered,2018-07-29 21:45:01,2018-07-29 21:55:12,2018-08-01 15:25:00,2018-08-06 17:09:29,2018-08-07 00:00:00
de922556bfd4f7734677ececcaa615b9,cb1c0127db43599374c82c6f00560466,delivered,2017-11-27 16:29:39,2017-11-27 16:39:52,2017-11-30 22:13:44,2017-12-07 22:48:39,2017-12-15 00:00:00
295d49e8efc4fcc47de84a52d74d37a3,15fac012004dcb19b9c9b0c83cf76d63,shipped,2017-03-28 15:18:27,2017-03-28 18:05:29,2017-03-29 09:33:34,,2017-04-20 00:00:00
551ac5ff66bff1f852bc0b36eb22e162,2a50e9151ecf1b477d053cc68820a5a4,delivered,2018-08-18 11:09:38,2018-08-21 06:09:51,2018-08-21 13:23:00,2018-08-27 16:07:00,2018-08-30 00:00:00
94fba1bfb7cfc7150d1b2a902bb4f14a,4e6c31afea698a7bceaecc399e3ba478,delivered,2018-05-08 10:59:08,2018-05-08 11:15:14,2018-05-10 19:07:00,2018-05-11 23:05:23,2018-05-16 00:00:00
9506bf16f764e91707db1ffebc90b494,06ea7023e66ec49c0e13b05e477ed514,delivered,2018-05-02 20:38:12,2018-05-04 03:12:18,2018-05-04 14:58:00,2018-05-14 21:50:48,2018-05-24 00:00:00
042f96d01e1471ebf86650ae185a0746,19cb592037881e4aa0efebc16087ab69,delivered,2018-06-17 01:28:58,2018-06-17 01:55:26,2018-06-18 12:03:00,2018-06-19 18:03:59,2018-06-28 00:00:00
8f7f000c35c951ac51ce055b965ef2c9,f31ab086c3d9d2f24bfbc27e6a7dc672,delivered,2018-03-15 08:08:09,2018-03-15 08:29:30,2018-03-16 22:28:46,2018-04-11 19:48:48,2018-04-06 00:00:00
e4a4be9057b0723c5014f56c6d4ba6ca,70866865cfb7a386f82220cc07856c8a,delivered,2017-09-18 12:16:24,2017-09-18 12:30:18,2017-09-18 21:12:40,2017-09-20 18:25:57,2017-09-28 00:00:00
d0a13158f5857572b99f8f9c6be9cfa5,5cc6e86b63af4573b013fead9c1e087b,delivered,2018-02-27 06:05:48,2018-02-27 06:15:29,2018-02-27 17:56:26,2018-04-30 19:14:43,2018-03-26 00:00:00
2b1d7ce076791a6c43b897382a7b7ab1,88d99e45257c1705ee90afc9f2736dab,delivered,2017-09-02 21:37:18,2017-09-02 21:50:20,2017-09-05 15:47:59,2017-09-08 19:12:39,2017-09-21 00:00:00
ea5eae45d22308768d97e85db1d51269,338b64a7cce0259c5062aa03b2537597,delivered,2018-01-25 09:29:13,2018-01-27 02:46:33,2018-01-30 02:11:48,2018-02-15 00:27:09,2018-02-23 00:00:00
8f6d8ee78537f5977e5b70a12761403b,fce48cdc0473d52a614efabbb7820add,shipped,2017-06-04 12:58:18,2017-06-04 13:05:23,2017-06-06 10:23:53,,2017-06-19 00:00:00
bb8b0de6aab45a9395bd46092865b6ef,d50dcc264b92c899c1a4f0f1c99cb67c,delivered,2017-10-30 23:03:42,2017-10-31 19:50:13,2017-11-03 11:27:59,2017-11-16 22:56:39,2017-11-22 00:00:00
d592b9dfd1c2dba8bbf5f398c6aaa65b,f35fa6adf39cccbce5d32a9e10ccde88,delivered,2017-09-19 12:45:18,2017-09-19 13:15:15,2017-09-21 19:27:41,2017-10-11 20:47:49,2017-10-06 00:00:00
8fc77c04dfa38df89a157e9e81a75ac4,bb43f4e424e0b7d24c5acd2d662bb9a6,delivered,2018-08-19 20:26:26,2018-08-21 04:10:49,2018-08-21 12:36:00,2018-08-27 19:16:20,2018-09-12 00:00:00
4ea66e940d723646064604059b99f32a,3dc1961b98eea618825274f92e26bbc5,delivered,2017-03-30 15:44:47,2017-03-30 15:55:19,2017-04-03 08:22:38,2017-04-07 11:40:08,2017-05-04 00:00:00
02f4dd90ba0feb8ec394cac05862d2b5,df6d93efba53a613bf2365f7945febb0,delivered,2018-05-29 16:04:49,2018-05-29 16:15:29,2018-06-06 14:31:00,2018-06-26 04:32:57,2018-08-09 00:00:00
6b9c8c185575db6251ea1e2c699cddd5,c5bc9b19d037a1e48cb6b6c11c9a2bdf,delivered,2018-01-31 10:15:48,2018-02-01 02:56:03,2018-02-03 00:48:37,2018-02-19 16:37:12,2018-03-02 00:00:00
b3dca2e199b13ddabab4ed77d79ee9f6,f127cfb44a80615cabe7a815ba206286,delivered,2018-05-16 16:49:42,2018-05-16 17:21:25,2018-05-17 14:35:00,2018-06-02 12:08:23,2018-06-06 00:00:00
e3be8e7970afa286e942ea4273061bae,7258ea0b59cf99de570d9c32c8c88560,delivered,2018-07-04 13:08:42,2018-07-05 16:10:41,2018-07-05 14:45:00,2018-07-10 21:24:51,2018-08-08 00:00:00
a60cfae2bca27cb006f446f1f04cb730,faa9d2f851f2d1d8bbce6c4df3a9a5f9,delivered,2018-04-04 16:19:09,2018-04-04 16:30:42,2018-04-05 19:38:40,2018-04-06 18:06:45,2018-04-20 00:00:00
8ec03a8bf91f7efde7eb3ecc6c6b2b03,d90c5c65d840d9daea637a6f04d7832f,delivered,2018-04-29 11:12:03,2018-04-29 11:33:05,2018-04-30 13:52:00,2018-05-07 22:21:30,2018-05-21 00:00:00
b34d30e8a140c9f9013790b80ef922ca,51f0f56c7923494196915675ed694705,delivered,2018-01-08 15:16:33,2018-01-08 15:27:54,2018-01-11 13:19:22,2018-01-24 14:55:06,2018-02-01 00:00:00
524e1be52afa977f77d263a35041c19f,338de346d6930edcf0808e2d45d13652,delivered,2017-10-06 18:07:40,2017-10-06 18:28:34,2017-10-11 19:02:26,2017-10-13 23:46:30,2017-10-24 00:00:00
2df811835cc5c23687c33228fcf4a32f,c4a93cfdaea28da30e798101a9495198,delivered,2018-02-23 00:28:12,2018-02-23 00:47:51,2018-02-23 22:33:16,2018-03-07 18:09:10,2018-03-19 00:00:00
661daf8e46d57f5f1b916c80f4129049,5480317bcd36fbf6258cf6cace8142cc,delivered,2018-02-22 09:53:19,2018-02-22 10:09:47,2018-02-23 22:28:42,2018-03-15 00:17:29,2018-03-29 00:00:00
3b2d986d88e983cc12154191391193ad,7806ee8ce58a419a70fafe0e2400befd,delivered,2018-07-03 15:33:00,2018-07-05 16:05:54,2018-07-04 15:11:00,2018-07-11 05:21:03,2018-08-01 00:00:00
b5359909123fa03c50bdb0cfed07f098,438449d4af8980d107bf04571413a8e7,created,2017-12-05 01:07:52,,,,2018-01-11 00:00:00
644ca3f19fe705ecb307dbface5a2bae,dd21c73372c68be83309b2d11c994807,delivered,2018-01-08 20:12:53,2018-01-08 20:27:42,2018-01-10 19:47:33,2018-01-22 18:47:02,2018-01-31 00:00:00
7110bcab44594321876407867f1fc66e,7605f444e5bcf26b5f70de8d62094a8b,delivered,2018-01-21 23:47:05,2018-01-22 14:05:03,2018-01-25 16:25:04,2018-01-31 22:16:29,2018-02-14 00:00:00
684f9c4ae83a486291f6214c56ee450c,5a0d42c9bf8e601108379c15bb808c37,delivered,2018-04-25 08:45:43,2018-04-25 08:55:36,2018-04-25 14:46:00,2018-04-26 20:02:23,2018-05-09 00:00:00
1e5b9ba96bdd2f8c7836f6fb5c7f9712,e0f38b37c6f511a9d6219102bb2e932d,delivered,2017-12-18 12:49:54,2017-12-18 14:11:27,2017-12-20 00:13:41,2017-12-26 19:54:07,2018-01-15 00:00:00
599647f3b1e2a0c0f0d2471bf9e9e353,9a493d06db3cccbef739e29498c2b176,delivered,2017-05-18 08:42:35,2017-05-19 02:15:18,2017-05-22 07:52:02,2017-06-28 15:38:47,2017-06-22 00:00:00
fc8cfb0445794a015aae85ee6bdcf12b,b1456aef554ace51083ee1a97fcbdade,delivered,2017-07-15 13:10:41,2017-07-15 13:25:19,2017-07-18 18:38:52,2017-07-26 10:24:06,2017-08-08 00:00:00
473f6fac1db5ed68ee9f1ad1e7c14aae,7c4adda4554d84672595ee1b9fb62c09,delivered,2017-03-28 17:24:45,2017-03-29 02:22:50,2017-03-29 09:46:51,2017-03-31 13:30:46,2017-04-17 00:00:00
6dd32235fbbc3ec781f875dcfd801a1a,af37cc29fd6e4080c427108093205a1e,delivered,2017-03-15 12:34:11,2017-03-15 12:34:11,2017-03-16 15:05:17,2017-04-07 20:57:52,2017-04-25 00:00:00
372e98d371f1e5e9d60496c1b57e64c0,cc5b37630621e353ba3b40e345f4cee5,delivered,2018-08-05 13:30:55,2018-08-05 13:45:11,2018-08-08 18:00:00,2018-08-09 23:41:43,2018-08-15 00:00:00
d066f04ddf4c2a5e300dffe36209bccd,0d87ea75d155cea0ca57c0330ccbfa68,delivered,2017-02-21 17:08:23,2017-02-21 17:22:30,2017-02-22 10:46:48,2017-03-10 03:15:09,2017-03-28 00:00:00
f3b3c5a3c5223b95a6cffe4f2108375b,245100aafd9804af7306b43e763be87a,delivered,2017-11-30 19:18:52,2017-12-01 09:30:48,2017-12-06 16:52:26,2017-12-12 18:39:19,2017-12-26 00:00:00
aa4eb242ce9038844369a880da5ceb5e,540e52299d869bd74c555a17a5c6696d,delivered,2018-02-22 18:24:20,2018-02-24 02:35:47,2018-02-27 15:53:03,2018-03-06 19:15:37,2018-03-14 00:00:00
e1c58cc2bf1f241d4ab2e557f7ab52a6,b2f309350aa5ab290783442c219a4248,delivered,2017-09-13 11:07:38,2017-09-14 02:43:53,2017-09-14 18:41:30,2017-09-19 14:53:39,2017-09-29 00:00:00
4122be7db111cfff4ce3ca4b4da19907,0b3295ce662be865aa56d5c7f78601ef,delivered,2017-08-31 18:13:10,2017-08-31 18:25:30,2017-09-01 19:41:21,2017-09-08 18:58:58,2017-09-20 00:00:00
e71c628cbad616783246ac09faf8f11d,11244cf8d874c6d68a233bb20d738c53,delivered,2018-06-15 00:03:52,2018-06-15 00:19:14,2018-06-15 09:13:00,2018-06-19 20:48:24,2018-07-27 00:00:00
731adfc56466bffeb31938efd036b0c6,e621a673a410de599ca8ee99a6910973,delivered,2017-08-14 18:56:03,2017-08-14 19:44:21,2017-08-24 22:32:39,2017-08-26 15:56:53,2017-08-31 00:00:00
76f73aa1ed8a90212ad2c15403e265aa,5bc6605ac9db578bcb4c39f796294377,delivered,2017-11-21 02:39:45,2017-11-21 02:51:20,2017-11-23 22:02:48,2017-12-12 20:07:57,2017-12-13 00:00:00
1ebebc0614bb48f5dd4d5be590f3b5b5,5a019775080020843a5283f96d4c805c,delivered,2017-12-06 20:16:40,2017-12-06 21:03:10,2017-12-08 00:06:22,2018-01-05 20:18:27,2018-01-08 00:00:00
8f4b23c6040b8a6b6e1621f378e220ee,83602dd01f4224d880dd8e51d053e967,delivered,2017-02-25 19:12:57,2017-02-26 02:10:16,2017-03-01 10:56:05,2017-03-11 08:44:50,2017-03-20 00:00:00
38f84a21226e448e6ca37b3c45144994,e91d6e2c6d965a4d07ff782ce5bde6db,delivered,2018-02-09 13:46:39,2018-02-09 14:15:45,2018-02-14 21:52:48,2018-02-16 20:41:52,2018-02-23 00:00:00
5c48604208ff2a0458a13f33a4c7ef1e,1ec4d570acab4c499a5b92cb5d2f8967,delivered,2018-03-15 18:35:33,2018-03-16 18:30:39,2018-03-19 23:04:59,2018-03-26 23:26:34,2018-04-09 00:00:00
4454ffbb919a4763ae6aead697473b73,48eb77d5891b5b6fd70571920161aeec,delivered,2018-08-10 14:31:15,2018-08-10 14:44:42,2018-08-13 12:17:00,2018-08-20 21:11:32,2018-08-30 00:00:00
9380c59012c11f49c549ef8dffef1367,07838708499d3eb9da748cb10b8ddf0a,canceled,2018-08-15 11:05:44,,,,2018-09-21 00:00:00
6cbb7541cec244760660574cd04791c8,74e5dd0462887a0d6b683b422c6b1b3c,delivered,2017-12-11 11:37:37,2017-12-11 11:51:04,2017-12-12 19:21:47,2017-12-18 18:07:02,2018-01-10 00:00:00
3bf8bde9ea71a7f34051c164fa01b939,c7476de76eb960cc6784c92cd37b0c9b,delivered,2017-10-15 23:37:59,2017-10-15 23:49:17,2017-10-17 19:10:21,2017-10-27 14:32:40,2017-11-01 00:00:00
64afc403cfab22312fa1fac557a7cf20,e17c430a1d0915470406bb0e65bb6d83,delivered,2018-06-29 10:51:45,2018-06-30 10:50:20,2018-07-02 12:49:00,2018-07-11 21:08:32,2018-07-19 00:00:00
16656bc6faba3fd5740dd2305e5a9a94,ce88f748efb459730857f1a6513d1ae5,delivered,2017-07-14 19:23:44,2017-07-15 03:35:35,2017-07-17 19:13:03,2017-07-24 18:13:39,2017-08-09 00:00:00
ddd7e1f8c4e3b5f791b57bd791f38eef,d3b82693817c2ccf2cb92fc2673abffe,delivered,2018-05-20 20:18:30,2018-05-20 20:30:09,2018-05-21 12:14:00,2018-06-05 15:37:48,2018-06-05 00:00:00
1cd10971ff4d2e932ea34f379401a2b4,a1565d85ce76a84d838e6ecc4f71119b,delivered,2018-04-25 21:36:51,2018-04-25 21:51:20,2018-05-03 12:33:00,2018-05-07 19:32:12,2018-06-04 00:00:00
d131625abf3dd1daa6fd04443cbc6729,69fada07e6300f17c8c5bdb778f566a2,delivered,2017-12-04 09:14:24,2017-12-06 02:49:56,2017-12-09 16:42:24,2017-12-28 22:28:20,2018-01-03 00:00:00
5cf7c6f44cabbd8c1c348873022e395d,7e9d84c132a1ec9fa03cb751b0b36a3f,delivered,2017-10-05 19:24:25,2017-10-05 19:49:16,2017-10-06 14:04:35,2017-10-30 19:48:05,2017-11-09 00:00:00
1a3fba90ea359c9da001520adf13fa7e,a06cecaf0e4ef892030e9938afddebbf,delivered,2018-01-26 14:18:17,2018-01-26 14:34:10,2018-01-29 14:04:16,2018-02-01 18:22:54,2018-02-19 00:00:00
f3b45fb2ad431864b1a6db900cb05e52,ac48242372dc17d1613f0b3c232d8a43,delivered,2018-05-24 14:29:32,2018-05-24 14:59:54,2018-05-28 12:55:00,2018-06-01 20:02:43,2018-06-14 00:00:00
bf5c20ebc5a7b05e2efd6ecb0e4f7b62,4a99cb79e450374c3345ca7c91138b24,delivered,2018-01-14 16:04:40,2018-01-14 16:13:22,2018-01-15 18:46:56,2018-01-16 14:40:18,2018-01-30 00:00:00
a59e5a3085765eccf13872b4529fba3c,c368fab675f0635bef29b452b5b5cff3,delivered,2017-08-17 01:03:05,2017-08-18 02:30:28,2017-08-18 17:12:16,2017-08-19 15:52:05,2017-08-30 00:00:00
73d5596cd40ea2ece8accb9b4e5fc938,e3249491f80e1cdd4afbaf3bcc428862,delivered,2017-10-25 13:54:04,2017-10-26 03:08:51,2017-10-26 20:42:31,2017-11-01 20:16:47,2017-11-24 00:00:00
13b8bebe558b8424a4ccf23df4c01f77,cfabc333204cd9e25417b1561ffbec21,delivered,2017-10-29 19:29:22,2017-10-29 19:45:27,2017-11-03 18:59:11,2017-11-23 23:17:56,2017-11-23 00:00:00
8fccc7922426ac1c14efd13857e57bff,32834f417c58e990729ae8a42aee0a1a,delivered,2017-03-19 17:02:45,2017-03-19 17:02:45,2017-03-24 10:07:35,2017-03-29 09:56:14,2017-04-10 00:00:00
85c8b9409449608b5f5c6c0a66c9146a,d659428755680b7c518a5409d40bf90e,delivered,2018-08-04 09:25:18,2018-08-04 09:45:13,2018-08-06 13:24:00,2018-08-14 18:11:35,2018-08-21 00:00:00
323dad8c483c7f8b818a825d257f4aa0,021833e9737a1145b5a6e3053f0f4329,delivered,2016-10-06 20:05:04,2016-10-07 10:16:03,2016-10-11 10:16:04,2016-10-14 10:16:04,2016-11-28 00:00:00
65626f06410c787b69aac226e3f0f6e8,fd9890dba101b87205b412bb2a8fa2eb,delivered,2018-03-10 13:59:54,2018-03-13 04:15:48,2018-03-13 20:37:21,2018-03-26 21:00:07,2018-03-29 00:00:00
743d02b8213067631ae00120303b4ab0,f14d5c39cf968c9f2dfeded06d3e84be,delivered,2018-03-31 13:31:29,2018-03-31 14:15:16,2018-04-02 20:07:46,2018-04-14 15:58:33,2018-04-19 00:00:00
caf07fcb4e0d35fb5e9f6e3eeb294ada,bc94fe53f5ac2303375e8030edfed971,delivered,2017-08-19 18:42:16,2017-08-19 19:04:04,2017-08-21 14:56:50,2017-08-28 17:36:37,2017-09-13 00:00:00
25f7cfff1655b5febaab715d36d2cee8,4734aa9452fd42498c835eb1a71caf69,delivered,2018-06-09 07:39:20,2018-06-09 08:21:37,2018-06-11 14:21:00,2018-06-20 18:38:56,2018-07-18 00:00:00
55531bd6b11adf2791aeca35f0305e65,c0081bc30aa145f28ed9b2e364453f8a,delivered,2018-06-14 13:55:51,2018-06-14 14:23:09,2018-06-14 15:45:00,2018-06-22 23:08:53,2018-07-16 00:00:00
01500f2503fa84279982d9d87750021a,084064d0e425f87b49643992a88c2b43,delivered,2017-09-09 20:02:13,2017-09-09 20:10:20,2017-09-11 19:52:42,2017-09-14 22:12:47,2017-09-27 00:00:00
da7e4fe598c5bcd3fb94f8f32456a6a3,248ba3fc89dc032bfabfe8a552ce8781,delivered,2018-08-23 19:03:09,2018-08-23 19:15:19,2018-08-24 09:17:00,2018-08-28 21:52:33,2018-09-06 00:00:00
0bf738ff836108e7a308061b6d77342d,e5d04a29bc0d884192af129acb7199ea,delivered,2018-04-05 21:32:36,2018-04-05 21:49:09,2018-04-07 00:51:24,2018-04-13 19:03:17,2018-04-30 00:00:00
c14f5bd7031c66dd87c105d99a362601,6199f0c831c304b3f10a4b25c3a18ca0,delivered,2017-03-30 13:24:57,2017-03-30 13:35:18,2017-03-30 14:02:48,2017-04-10 08:41:33,2017-04-19 00:00:00
69e1614e5770f92d02af5b0f875c11b4,8600ee513f6bb72822838f8ed78de657,delivered,2018-06-12 14:31:03,2018-06-12 15:05:54,2018-06-12 14:47:00,2018-06-26 00:28:22,2018-07-18 00:00:00
b35a771164a9defa3b4767f1b66918b1,db72b1bc11dfa3a7d4dc04332a77b651,delivered,2018-07-23 00:49:15,2018-07-25 02:50:18,2018-07-25 13:32:00,2018-08-03 10:03:31,2018-07-31 00:00:00
150fb6d066c66925d51a48782deafdfe,c07897b63ee92b706019d87969a92a6c,delivered,2018-06-03 11:03:37,2018-06-03 11:15:16,2018-06-05 08:53:00,2018-06-13 22:38:38,2018-07-25 00:00:00
03af60619b8abd880dd136ed837be800,a93bacd3a4ee650966803e7bbe89bc33,delivered,2018-03-19 16:49:08,2018-03-19 17:09:46,2018-03-21 19:51:44,2018-05-08 19:02:19,2018-04-06 00:00:00
821a1e7c9755a640a28554e2d777df92,ceee5f652721c614474008d744d8bfdc,delivered,2018-06-03 09:15:40,2018-06-03 09:51:03,2018-06-11 15:19:00,2018-06-16 16:41:50,2018-07-17 00:00:00
813a6507f352e877ba58291463df42a7,3933c4433fb20dd22767844f7b3106f8,delivered,2017-12-04 07:44:33,2017-12-04 07:54:49,2017-12-14 21:45:56,2017-12-23 17:55:44,2018-01-04 00:00:00
0bfc01cee9ffff85b714520ca97f4b21,5ddfa3a772a75f7369ce2fc4446be805,delivered,2018-07-27 20:36:45,2018-07-27 20:45:13,2018-07-30 13:59:00,2018-08-02 13:43:51,2018-08-10 00:00:00
0d06a5815afe53875fb7bf4b7437fe8b,1dcc60dd188374880a488973252e96f7,delivered,2017-11-24 14:16:11,2017-11-24 16:19:06,2017-11-24 22:36:42,2017-12-07 16:29:39,2017-12-15 00:00:00
c711d7f26c4563f427379e7ed3bfdc51,1adf1bdaabeefd1a481a848c62b455af,delivered,2018-03-17 11:07:24,2018-03-17 11:28:43,2018-03-24 15:57:30,2018-05-11 21:34:22,2018-04-18 00:00:00
a41147091da0a907ca54accc4bf5b231,753f641683edcc68123ea7591628d6cb,delivered,2017-11-01 20:40:05,2017-11-01 20:50:35,2017-11-09 12:28:57,2017-12-07 22:11:18,2017-11-22 00:00:00
1e69dcdcbc094d39d6ba64248af906fb,0d1c2dc5009dfaf9722bc97439e6d82b,delivered,2017-01-24 17:09:24,2017-01-24 17:22:06,2017-01-26 09:47:51,2017-02-02 16:23:52,2017-03-01 00:00:00
b5ce2ab79c7923ac899f38c6f48ade42,8da4c2f6272f4a9218d9dda0f025495c,delivered,2017-09-06 12:59:56,2017-09-11 13:55:50,2017-09-29 19:51:11,2017-10-16 14:52:01,2017-09-28 00:00:00
b784702b3377c4b93c2159512fbf937e,8761873ad35020140800f12b4a4140be,delivered,2017-02-10 19:17:03,2017-02-10 19:25:18,2017-02-14 09:44:50,2017-02-20 10:33:58,2017-03-09 00:00:00
36d2de07c140425e7bd617c3665b5f80,ece45a6aeed26e33111358b94199ded3,delivered,2017-10-23 10:55:49,2017-10-23 11:10:31,2017-10-23 19:41:53,2017-10-24 22:54:02,2017-11-03 00:00:00
7727f2b370c8c7e236872c980d69968f,623edf812b63d58f3d26804f200f4aab,delivered,2018-04-14 14:23:32,2018-04-14 14:51:55,2018-04-17 17:41:48,2018-04-25 01:11:20,2018-05-30 00:00:00
bb6cd225b42f502ec8d67ffa892087f9,5b3095e55f991741adb3a487bef844df,delivered,2017-04-27 13:59:04,2017-04-27 14:10:45,2017-05-04 07:12:46,2017-05-08 20:33:35,2017-06-06 00:00:00
63a4d488f28716c95af9ef41eaddca19,ab3b895e66966156a88c076c6c6666e3,delivered,2017-12-06 20:33:42,2017-12-06 20:51:22,2017-12-08 15:12:10,2017-12-14 17:26:23,2018-01-15 00:00:00
659dfd7d8ea316d3da0073a13118244c,63630724ba26b8373204cb3bdcd55c6c,delivered,2018-01-29 10:10:22,2018-01-29 10:39:08,2018-01-30 22:04:13,2018-02-14 23:26:22,2018-03-01 00:00:00
08915d73ff742886f0b4c9429af3c959,cd1e26832990fe789ebf64b0bd3de6c1,delivered,2018-04-22 21:23:13,2018-04-24 17:11:29,2018-04-26 07:49:00,2018-04-27 13:27:37,2018-05-11 00:00:00
300b0559d2d523ea8e5ba8f3f61ade92,ad2470a2b3c43797cfc4ddf238ca8929,delivered,2018-07-23 20:49:21,2018-07-24 10:31:28,2018-07-25 11:12:00,2018-07-26 22:08:48,2018-08-01 00:00:00
0a6003474a7471ca13dbdb23b2c04ec6,1b83402c2a0902c482f5ff935ca097b5,delivered,2018-02-02 12:43:53,2018-02-06 04:33:27,2018-02-07 20:39:41,2018-02-19 23:59:18,2018-03-05 00:00:00
4618ea1ec695ec1707fcf8cc21a52b0d,6c5d7b586d03a0049e4d1d794279a490,delivered,2018-08-14 16:47:13,2018-08-14 16:55:27,2018-08-15 12:53:00,2018-08-28 21:04:10,2018-08-31 00:00:00
cc38d740da287b3c64f4d1f3d4ee4f86,b4b0c0b0e3f72d82a595495c1c8b5ecf,delivered,2018-07-20 11:18:25,2018-07-20 11:30:16,2018-07-20 12:10:00,2018-07-31 12:46:45,2018-08-09 00:00:00
2b18686c9329e1cd201d6d4015268ca9,35a4e68b2dc968a52a8ec8f87f9d6501,delivered,2017-08-08 09:13:34,2017-08-08 09:43:11,2017-08-08 19:44:02,2017-08-11 23:44:32,2017-08-28 00:00:00
44bf13cf98a0e117856628ee258cd58c,b76f6b4b7545d1a23bfc4caece1d6ddc,delivered,2018-02-16 11:06:46,2018-02-20 12:10:39,2018-02-22 01:52:48,2018-03-06 21:33:41,2018-03-09 00:00:00
39deb3539d110b3b863fe3c055395969,abcbf882876e9f017a6055061a92b48d,delivered,2018-03-24 17:14:27,2018-03-24 17:27:55,2018-03-29 04:48:31,2018-04-12 11:14:23,2018-04-27 00:00:00
ae25aaffc9b89e8519bb9b5aa59cc8ef,e5245a61cf63870720b6559bad5d35e8,delivered,2017-01-24 12:18:07,2017-01-24 12:25:27,2017-01-26 10:34:58,2017-02-08 15:15:04,2017-03-03 00:00:00
17afedb7e5fad837f54bacf5c66c99f8,ad4950aded55c2ea376be59506456d68,delivered,2017-10-01 11:21:12,2017-10-01 11:35:13,2017-10-03 20:53:07,2017-10-10 21:52:04,2017-10-24 00:00:00
2793a15df4b2130bcdbe0f125eee15ea,620b70aca29bc1d6c4189c3f33a8667e,delivered,2018-03-05 10:51:31,2018-03-05 11:15:39,2018-03-06 20:57:38,2018-03-10 00:52:20,2018-03-23 00:00:00
41b57867809d384e30064b7b36656b0e,7afdcc5588cb048e9f8cee953fca36e2,delivered,2017-07-12 22:07:13,2017-07-12 22:23:40,2017-07-13 17:07:29,2017-07-18 19:41:40,2017-08-02 00:00:00
f7181480c46ca65d102f4e43f01ee2d1,3ec302e1fc6e2541ce59d066cf38bd71,delivered,2017-07-21 14:37:04,2017-07-21 14:50:19,2017-07-21 19:41:26,2017-07-26 00:45:49,2017-08-14 00:00:00
3c2e431d91a598f87200aaa0dcda0104,07117462d9483029c4ee6c907a3f3ebe,delivered,2017-12-19 16:50:12,2017-12-19 17:56:06,2017-12-21 21:26:52,2018-01-10 17:55:26,2018-01-17 00:00:00
54df3693869c9e8423b07e0287194059,b7e86ff5028fe8cbcdff42b0421fdb79,delivered,2017-09-22 23:46:36,2017-09-23 00:06:26,2017-09-25 16:00:34,2017-09-28 19:33:53,2017-10-16 00:00:00
0580cfd05da4901cede805697f39a632,827a42e41fca052da4378e08dde4d5a9,delivered,2018-03-10 16:31:22,2018-03-10 16:48:10,2018-03-13 20:17:29,2018-03-16 22:24:49,2018-03-22 00:00:00
d9091cd1d6e36cfcebc8b01aab81eff8,f58997d56b1cf164d4fb0518c0574422,unavailable,2018-01-04 11:30:24,2018-01-04 11:39:32,,,2018-02-02 00:00:00
69f3b65d77cf7451092f74b61e3bad45,576558fffc8182ee864220eadbb01541,delivered,2018-04-03 16:13:53,2018-04-05 02:15:20,2018-04-05 21:08:47,2018-04-08 18:08:40,2018-04-24 00:00:00
b7a777ac7cdff9cbd2da4b89b39d1758,032d6bd82e311f4161259e489edbc6c4,delivered,2017-04-02 23:30:49,2017-04-02 23:42:57,2017-04-04 13:25:08,2017-04-18 12:03:24,2017-04-27 00:00:00
706c158ac8d8096858c505dadcee23b8,c9bd05e87a980d0197e1ac3b7cad5501,delivered,2017-07-24 13:52:33,2017-07-24 14:05:26,2017-07-26 11:28:03,2017-07-31 20:42:06,2017-08-21 00:00:00
9a4548c22d6c0cd6f1c9786e656fe257,9816186e9870b50a311b2c06da8853a1,delivered,2018-03-31 11:04:02,2018-03-31 11:48:07,2018-04-02 20:22:45,2018-04-10 15:51:55,2018-04-23 00:00:00
b6b88bb7090445219baad4d67eda6ce6,3e27365a6edfc3cbb04903981b4d9460,delivered,2017-05-02 14:07:29,2017-05-02 14:22:41,2017-05-03 08:37:32,2017-05-15 12:42:09,2017-06-12 00:00:00
9b932dca249f9971b86dde2f2d7ad412,882b44646ab3f186597b1622a9443ff9,unavailable,2017-11-20 17:08:43,2017-11-20 17:26:54,,,2017-12-07 00:00:00
b0fcac33c0908170958a5ac0d2f5c60f,cc8f3ef9071478290745b2460abfe9b7,delivered,2017-05-15 22:40:37,2017-05-15 22:55:06,2017-05-17 11:50:03,2017-06-01 14:11:57,2017-06-20 00:00:00
e636e64e725aeff4955e397f34162049,ca41515a2969625ffefbdf96099bbb85,delivered,2018-05-08 10:52:41,2018-05-10 03:49:54,2018-05-11 15:31:00,2018-05-16 18:28:49,2018-05-25 00:00:00
f5dd84cbffe918310aecf4e40fcfa506,0cfc1b56e94c89b54751e54d295e2088,delivered,2017-04-16 12:16:18,2017-04-16 13:05:14,2017-04-17 08:49:38,2017-05-15 11:33:51,2017-05-25 00:00:00
f9af5101cce51c66f85d9e1f5f0fb877,bb9ad7f657fa725f471c30a40bbac79b,delivered,2017-06-06 19:29:43,2017-06-06 19:42:11,2017-06-09 11:13:32,2017-06-21 16:39:50,2017-06-29 00:00:00
c6318a262b5020f830c5355ef73f09be,7f7894ea9b9c70e9970539ed86a56367,delivered,2017-11-24 22:10:32,2017-11-25 01:13:41,2017-11-28 20:26:54,2017-12-11 21:43:22,2017-12-15 00:00:00
ef2cace7e3c2895b51eae5d230ea336b,bc89f041be2dc15c73aa301e97b0f7e7,delivered,2017-11-26 16:34:12,2017-11-26 16:51:04,2017-11-27 19:35:15,2017-12-05 20:18:33,2017-12-20 00:00:00
f1693d9efbf6b7da21de720cbc7d6d54,199e8647aea028002d817f8aee8b0570,delivered,2017-03-12 12:50:52,2017-03-12 12:50:52,2017-03-15 11:29:55,2017-03-17 12:38:02,2017-04-03 00:00:00
dfee9d960da703c1db1d2e9d32792dfb,a5ac60f79c5855ce336d0e9822d9f4b4,delivered,2017-07-26 11:19:12,2017-07-26 11:42:51,2017-07-26 21:57:41,2017-08-02 13:17:48,2017-08-17 00:00:00
66994eeab784295199193619ce33b765,1c305cddd035850b3626d869b313050e,delivered,2018-04-05 08:07:55,2018-04-05 08:28:57,2018-04-05 18:14:37,2018-04-11 01:18:34,2018-04-24 00:00:00
ca32e37618d388555627885cae8a34d5,1182014e15085488488a16a15078d230,delivered,2018-08-19 20:01:06,2018-08-20 13:09:56,2018-08-21 14:46:00,2018-08-24 21:11:55,2018-08-30 00:00:00
f99f5bffbe97d450126f330cd970c5e9,5e4a6deb288ee0d277260ff584e7c2b2,delivered,2018-02-16 16:18:59,2018-02-16 16:30:37,2018-02-21 10:49:56,2018-03-07 20:08:20,2018-03-13 00:00:00
e905fcbedf011d18698d529c885b7802,eb89e120efb5e33a086de740a4781360,delivered,2018-07-04 22:07:48,2018-07-05 16:31:08,2018-07-05 12:23:00,2018-07-06 14:58:41,2018-07-18 00:00:00
671671623167a42e49d7edfb4fb5f687,3ba35ac5e5254aef087324d19b05e37f,delivered,2018-02-24 17:17:20,2018-02-24 17:27:19,2018-02-26 18:19:14,2018-03-07 14:56:51,2018-03-21 00:00:00
b26727a63ae58f7a0f901dd4f2653cd0,a2a2f4426885e3ee4df54503d1ea80c8,delivered,2017-05-09 14:21:21,2017-05-09 14:30:16,2017-05-12 11:49:57,2017-05-27 10:17:35,2017-06-12 00:00:00
e00b5f39679d81b059686536c1bac133,8ea4888827e2faaf03bd888fbff4b2ee,delivered,2017-11-15 11:49:32,2017-11-15 12:06:24,2017-11-20 15:04:49,2017-11-30 21:22:56,2017-12-08 00:00:00
7bb14a2a67cb178e16ef288143ea56b1,b522b6012e8d874cdf42d6db41585ed6,delivered,2017-03-12 19:54:15,2017-03-12 19:54:15,2017-03-13 12:36:09,2017-03-16 16:22:44,2017-04-03 00:00:00
d9f89fa3c42508045a71a54f39f1b789,fc5858c9e7908b3a59fb1b5d7ad09650,delivered,2017-07-26 16:10:14,2017-07-27 16:15:24,2017-07-28 18:14:53,2017-08-15 12:42:26,2017-08-25 00:00:00
aaf493c617a22ed7648c239a820ab74c,dbda5f37a1f989b254539aea7f0dac61,delivered,2018-06-29 18:41:28,2018-06-29 18:50:26,2018-07-03 14:12:00,2018-07-09 22:32:15,2018-07-24 00:00:00
f7975233cce5d29114cc23919f1cc8d4,32479f82a2d9369832b89ffd4d5194f0,delivered,2018-04-09 16:12:20,2018-04-09 16:31:24,2018-04-11 12:31:24,2018-04-18 13:32:35,2018-05-10 00:00:00
a965f9a56bd7e9a365d2cb5818934cad,4d1369e49a544143b943aa756b04a306,delivered,2018-08-02 15:01:17,2018-08-02 15:10:18,2018-08-06 09:32:00,2018-08-14 19:35:13,2018-08-27 00:00:00
31ca199ff8e0748b9d065f1bfa90450b,f8a3f90054427bb63eed0ec42ed00e70,delivered,2017-08-03 11:55:05,2017-08-05 02:50:11,2017-08-07 12:18:49,2017-08-12 16:27:29,2017-08-29 00:00:00
babc205f9c18c546dd707728767237dd,0f7233f40c633aae998597e065b1d371,delivered,2018-04-19 16:22:55,2018-04-19 16:35:13,2018-04-20 00:48:27,2018-05-02 23:41:09,2018-05-17 00:00:00
c8f7d209a3462eb5d43a328d824c0b0d,ab16c123e2a4a42f9d3227c3d141c7c5,delivered,2018-01-08 15:34:47,2018-01-08 15:41:27,2018-01-09 16:49:19,2018-01-10 19:37:21,2018-01-24 00:00:00
4da4840a1f38aad712a0857596e24b44,c11f2358b2ff06ac8283b334b97b4f40,delivered,2018-07-22 20:26:42,2018-07-23 12:31:46,2018-07-25 15:52:00,2018-07-30 15:46:55,2018-08-14 00:00:00
943c8463c068840f3d3b804d7ac955db,511a9e1e2abb59c41ecf892a74945c01,delivered,2018-08-24 21:31:39,2018-08-24 21:44:20,2018-08-29 16:57:00,2018-08-30 23:38:44,2018-09-05 00:00:00
7892d0d80149359046441dc6f4ae4794,84303db2453b7c19bef47a0c3e16a71c,delivered,2017-02-22 14:26:31,2017-02-22 14:35:22,2017-02-24 15:39:12,2017-03-13 07:59:35,2017-04-25 00:00:00
be9cb960ebc9760ede83876149977438,e977199e30c9e733409b106408d80514,delivered,2018-08-21 16:49:10,2018-08-23 02:55:19,2018-08-23 13:09:00,2018-08-24 19:24:50,2018-08-28 00:00:00
fc672e550fbf1531d3d83ee024aaeb16,02973b8aeee94890bbf4607d739eb695,delivered,2017-11-20 11:46:11,2017-11-21 03:56:28,2017-11-22 20:48:33,2017-11-30 21:14:36,2017-12-15 00:00:00
5050bad26c6099dce48e97368a53f149,f341549b5b28a46a5b4db2f4372e36a2,delivered,2017-05-13 15:39:44,2017-05-13 15:50:16,2017-05-19 10:10:28,2017-05-23 15:38:02,2017-05-24 00:00:00
8eea47916641c4c869d6cf2b20d7de6c,c5e373b646a140a5c8c0b8b67d41578c,delivered,2017-07-31 08:08:37,2017-08-02 08:34:50,2017-08-04 20:37:39,2017-08-14 17:35:29,2017-08-24 00:00:00
ce7da3c96f70e4febad6c91b835784d8,2542745ac649a2a8e9d27da530a80d3f,delivered,2018-08-21 21:43:35,2018-08-22 04:04:23,2018-08-22 14:59:00,2018-08-23 23:05:38,2018-08-28 00:00:00
2dc34deb58220e9ba1220d4a4f16c954,bf2f9034680f8cc0f9007aa0a23e2aed,delivered,2018-05-13 11:48:45,2018-05-13 12:13:12,2018-05-14 14:23:00,2018-05-15 18:43:17,2018-05-22 00:00:00
69fd81b0cd556f5da5000c1ed874ed19,6ad71323c11ba8a83737ccc3ea31fbc3,delivered,2017-09-25 10:53:40,2017-09-25 11:05:35,2017-09-25 18:06:56,2017-09-28 18:53:14,2017-10-19 00:00:00
a8ecb8c3d0aca9e0740521256a9a9d74,93c25770ff52717c14a54f59222a23f4,delivered,2018-01-05 09:13:55,2018-01-05 09:27:25,2018-01-11 18:23:46,2018-01-19 15:52:54,2018-02-02 00:00:00
e0429c361ab5500f38ecdc7a37f99955,cb8ad14b9b725d00b8071c6de8b8edc5,delivered,2018-03-30 01:04:04,2018-03-30 01:47:41,2018-04-12 23:36:30,2018-04-23 19:16:49,2018-04-19 00:00:00
555905de95610046be84df6313b3328e,76777c242d016fa5ec12e8d4d450a59f,delivered,2017-11-02 14:15:50,2017-11-02 14:30:28,2017-11-04 00:22:07,2017-11-08 22:11:29,2017-11-23 00:00:00
c0fce14fbbfc6d14305f78a28d145c4b,8cefff339e8656166d7bc46b696a986b,delivered,2018-04-04 11:25:43,2018-04-06 03:15:39,2018-04-07 01:16:49,2018-04-21 01:37:28,2018-04-27 00:00:00
65f8a599904103180833575eb6a08702,f3f86239cc639970d8a81f403e70ffcb,delivered,2018-08-14 23:21:54,2018-08-14 23:35:25,2018-08-15 12:51:00,2018-08-22 19:02:16,2018-09-10 00:00:00
3e452a4a4bd5289e081ae210352500bd,4233f25ca89c268e03b0f3b87f767f9e,delivered,2017-11-24 01:43:41,2017-11-24 13:11:46,2017-11-29 13:27:03,2017-12-11 23:35:23,2017-12-08 00:00:00
de7ee6becf8148c0952776a49f980c19,5cbf1c7456d9789a9c0955daffca1546,delivered,2018-04-02 13:59:15,2018-04-02 14:11:38,2018-04-03 22:28:45,2018-04-04 15:06:09,2018-04-12 00:00:00
88abc7f56b29139888abe397ab368518,34348d655bdb46337f636994764b7ee7,delivered,2017-12-08 22:54:44,2017-12-12 03:50:24,2017-12-14 17:52:29,2018-01-23 18:13:49,2018-01-09 00:00:00
f585ab48a4d0027744dd2912cb42a2cb,133d446a88638f9aa5aac7f8c5e5164b,delivered,2017-10-08 18:04:57,2017-10-09 09:49:34,2017-10-16 18:35:55,2017-10-23 20:53:58,2017-11-03 00:00:00
a1368e51da9e4e5405710600bbaf7c3e,08724baa3d9128d270080acf34f2a5fd,delivered,2018-01-12 00:49:36,2018-01-12 01:27:20,2018-01-15 18:43:13,2018-01-22 16:48:57,2018-02-07 00:00:00
66621d845162fdab12e4ba918411eb97,ba6d7660aeee1f85045003b1c0c8b5b1,delivered,2017-11-24 15:41:03,2017-11-28 03:43:37,2017-12-07 00:14:13,2017-12-15 21:29:04,2017-12-18 00:00:00
f1b4852f185fc393a2dd79d83f079119,de4c6d1ed7169e53de42d5897f6e0c60,delivered,2017-06-18 17:15:05,2017-06-18 17:30:14,2017-06-20 10:54:03,2017-06-27 17:32:18,2017-07-21 00:00:00
bd158f500dead88056547802d8fba362,939b209dd2a56cc6fed22e0a40b805fe,delivered,2018-08-19 19:09:07,2018-08-20 19:10:23,2018-08-21 14:04:00,2018-08-24 23:21:30,2018-09-14 00:00:00
394df480397a29f485fe13255593a2ec,37a66c3b722186efc524fc70636c2e66,delivered,2017-05-18 13:31:00,2017-05-19 02:35:11,2017-05-22 11:33:34,2017-05-26 13:56:40,2017-06-14 00:00:00
96f2c3b92eb876c71d228377a641c6e2,96a2add2cba046f553e5326dd46d010f,delivered,2018-06-21 13:18:11,2018-06-21 13:39:41,2018-06-21 15:30:00,2018-06-25 16:08:28,2018-07-23 00:00:00
64ee68a4358c84c40eb6b5c911e4ee5c,68deb897879fe4817292b0a3d1a62fa2,delivered,2018-08-20 12:26:37,2018-08-20 15:35:42,2018-08-22 19:09:00,2018-08-24 20:42:54,2018-08-28 00:00:00
a30c457db31be821e75d2d690067559e,4f1f2b13805c2ab2ce70a6cad8001b18,delivered,2018-02-04 07:44:16,2018-02-04 07:55:27,2018-02-05 19:37:35,2018-02-09 20:27:51,2018-03-06 00:00:00
2c953e7c7611317da6160774e2129d64,bbd0f1190b3b255c5f24d8a952e27f08,delivered,2018-06-30 16:08:40,2018-06-30 16:50:06,2018-07-03 13:30:00,2018-07-16 15:22:34,2018-08-01 00:00:00
c1e057b24816b20c350825a55dcfb11b,c22e0dfc0429df0b3e8b44adf101614a,delivered,2018-01-15 21:59:26,2018-01-15 22:11:31,2018-01-30 22:33:36,2018-02-06 18:56:39,2018-02-15 00:00:00
b14b0dde0afd46bc7023f812bccb6abe,b371150a5f99910091a68eda2d4c6d9d,delivered,2018-06-07 21:04:21,2018-06-08 13:16:09,2018-06-08 14:32:00,2018-06-13 19:12:15,2018-07-18 00:00:00
02f2f6063eb01b5e6e29bda347635389,92ac4160874c75b187c8222aec92e1a6,delivered,2018-03-19 19:36:41,2018-03-20 03:10:37,2018-03-20 19:12:46,2018-03-24 00:38:35,2018-03-29 00:00:00
bdc9432bcb0ae280a4c907798cc1234e,949773df91bb741e9dcbd5a0a1849c0a,delivered,2018-03-29 16:00:06,2018-03-29 16:15:28,2018-04-04 23:51:42,2018-04-13 16:08:51,2018-04-20 00:00:00
710b84dc1017489e8e2cb948c9addae2,f703e548d8e7c6087b2d1982670cfcfc,delivered,2018-07-30 21:47:38,2018-07-30 22:31:31,2018-08-02 08:46:00,2018-08-03 19:55:45,2018-08-07 00:00:00
3cfca66bbbea0964771309c7e33f849d,9f6ea62fddf2ac05fb82db13aecc13fe,delivered,2017-02-26 14:56:42,2017-02-26 15:05:18,2017-03-01 10:38:30,2017-03-09 16:28:10,2017-04-03 00:00:00
aebdb2fcb57815c39468a17e0baacbef,1b615df6fc92797dbfa396ace412c32e,delivered,2017-08-04 18:17:27,2017-08-04 18:30:16,2017-08-08 19:05:48,2017-08-28 19:57:55,2017-09-08 00:00:00
2a5509f085830eb1ed8de4678769c2ab,6253abaa7f49a14ed55f0b1c0e1e9455,shipped,2017-08-24 12:23:11,2017-08-24 12:30:19,2017-08-24 17:52:18,,2017-09-06 00:00:00
737b63f784a8e20dbc2a9abd527f3923,3463ac00dc2de6d13c26ace2d43fc34d,delivered,2017-03-22 12:58:27,2017-03-22 12:58:27,2017-03-23 16:09:06,2017-03-27 12:39:06,2017-04-10 00:00:00
09956a4d0066f2ef4e70f7ae51e2c9f3,3c10da268c72de9078aff090328e7e4e,delivered,2017-10-21 08:42:20,2017-10-21 08:56:24,2017-10-27 13:19:03,2017-10-31 20:51:21,2017-11-27 00:00:00
b22331e9a36bc5d09bc4d29486765554,4cbd19ddd6ecabff61817a1dc560ee7d,delivered,2018-06-13 19:17:49,2018-06-13 19:42:00,2018-06-14 14:21:00,2018-06-18 22:08:58,2018-07-20 00:00:00
8841e13f182213322043988dd67f3780,a7d532b2593c5577a4f831bcf6605208,delivered,2018-01-30 18:19:57,2018-01-30 18:49:58,2018-02-01 00:34:13,2018-02-07 20:29:29,2018-03-02 00:00:00
9b6e3ef2773d4b24ea724e1c50e21390,eb102e24279347038b73f2da2e8d1bdf,delivered,2017-11-15 17:07:32,2017-11-17 03:46:30,2017-11-17 17:41:17,2017-12-01 18:58:58,2017-12-06 00:00:00
02b939dcd55f2b17680e10690deb08b5,2826ed4f0eb787f543924575bbe8dfdd,delivered,2017-08-06 11:16:03,2017-08-06 11:30:16,2017-08-07 20:34:53,2017-08-08 19:05:48,2017-08-21 00:00:00
03515a836bb855b03f7df9dee520a8fc,153e6d880db3cac30ecfeb13e0047841,delivered,2018-01-19 13:24:38,2018-01-19 13:36:01,2018-01-19 21:47:56,2018-02-05 14:33:00,2018-03-01 00:00:00
0d309f0a9fa6f85b5f37ec7e95da3b65,a2667acb77009a458f3cbe8b70db4041,delivered,2018-04-18 17:58:23,2018-04-18 18:34:46,2018-04-25 12:32:00,2018-04-30 15:12:41,2018-05-15 00:00:00
31b82ff746d73aeab9bc070c10156273,a5e9bf539b43985bf77dc7c57783c639,shipped,2018-05-09 15:28:19,2018-05-09 15:51:25,2018-05-10 12:07:00,,2018-05-17 00:00:00
01e515b157491fa28d3b56e7ef342573,e8cf85adfbc68653c831f02159ec04c3,delivered,2018-04-26 07:27:33,2018-04-26 07:52:26,2018-04-26 10:39:00,2018-05-03 20:42:53,2018-05-21 00:00:00
1a0b81380bc0d5b206b3e4ed62cf1791,eb1c2d959542df8e9fa930335150f27d,delivered,2018-02-22 17:22:43,2018-02-22 18:00:20,2018-02-26 23:42:21,2018-03-01 16:39:50,2018-03-15 00:00:00
15da85d19161f01ef880f55143598cdc,2b8eaeb809e73b1033fbf57a8633efcc,delivered,2017-09-02 19:28:43,2017-09-05 14:10:15,2017-09-06 13:12:40,2017-09-13 15:10:34,2017-09-27 00:00:00
5076401c4f2f4895fceef67a44144242,3d3e09db2a444096ee052f4bbe7fcaed,delivered,2018-06-25 19:12:17,2018-06-27 08:53:55,2018-06-29 12:29:00,2018-07-06 10:58:44,2018-07-31 00:00:00
b7c3dc0093239be66c61081692c5ead2,80bf208c0f8342186645e3ca04fdb2fa,delivered,2017-12-11 17:14:39,2017-12-11 17:32:19,2017-12-12 21:37:00,2017-12-16 00:09:31,2017-12-28 00:00:00
36be18e3150e2d20d92f20b5c11863ac,df3fbc6a0db543e327ce87dc8b689b4f,delivered,2017-10-17 16:43:56,2017-10-17 17:11:09,2017-10-18 19:49:58,2017-10-19 20:09:24,2017-10-27 00:00:00
ec7c6bfed4adf361322a0b6d6e5bfc51,a687e5a5834b405de80b7b7e23839e05,delivered,2018-02-27 15:21:59,2018-02-27 15:35:34,2018-02-28 20:54:51,2018-03-07 18:45:30,2018-03-22 00:00:00
5cba90f4426ae8c12848639992997edf,d3e96567e2456d033de617c74776e7b2,delivered,2017-12-01 15:18:25,2017-12-02 02:37:11,2017-12-06 00:52:05,2017-12-22 15:54:34,2018-01-10 00:00:00
6a0bbf8742492e0b34832f585d27b875,7e9d7278a7851fd27e0fb9a1d014e2c4,delivered,2017-06-03 12:11:13,2017-06-03 13:05:25,2017-06-05 14:52:52,2017-06-16 18:37:37,2017-06-28 00:00:00
f2ab21913f1fad01052d3a92b5be2b71,65cc644f2f12e8c6b77193b2c667a4ba,delivered,2017-12-03 11:04:55,2017-12-05 04:12:40,2017-12-06 13:32:32,2017-12-18 23:25:50,2018-01-04 00:00:00
6e884f04511bd82a28b97aab89dd3637,828b1f980ab3c12cc2c1d661a5e9ae5d,delivered,2017-11-29 08:11:48,2017-11-29 08:30:45,2017-11-30 19:42:23,2017-12-06 14:53:06,2017-12-19 00:00:00
1c0b35b038ee803f39a777029e93e417,ba59bafdda58b9cfa207d9a6a5c6a043,delivered,2018-01-14 13:45:59,2018-01-14 13:52:29,2018-01-16 13:06:54,2018-01-18 12:26:44,2018-01-30 00:00:00
1f308a202c015c950d2a8562bcad7903,2cb4d66bf2f62a5cd981b4960c1afbea,delivered,2017-03-10 16:51:40,2017-03-10 16:51:40,2017-03-16 06:14:54,2017-03-22 17:38:53,2017-04-06 00:00:00
6c2332524797ccf47797e85207250b4a,f6d7beb5565be70662041ee72f57d9f9,delivered,2017-05-16 13:13:37,2017-05-16 13:25:15,2017-05-16 15:51:08,2017-05-23 10:45:56,2017-06-07 00:00:00
a190028f649b28fd7a98cee4d7e947c8,05d1db7c45febbfa36a7a412f087fda6,delivered,2017-03-17 10:44:10,2017-03-17 10:44:10,2017-03-30 17:24:54,2017-04-04 15:49:46,2017-04-18 00:00:00
4561cf6b4b4f741552d9b994141419e4,a9c9705c8059a3dc99fa74cd40e65fa0,delivered,2018-07-27 12:51:41,2018-07-27 13:04:23,2018-08-02 08:46:00,2018-08-08 16:18:34,2018-08-16 00:00:00
5de6387107c3165295d2f19ab2db7be5,0c43610fd930ed4eee8f18b6a89a1755,delivered,2017-12-05 08:36:28,2017-12-05 11:03:33,2017-12-06 23:53:07,2017-12-10 15:21:38,2017-12-21 00:00:00
61a5f701b5030c61c54f06c4c406ff7d,218a907051398c4288718c166c9ddf72,delivered,2017-09-26 18:54:19,2017-09-26 19:07:09,2017-09-27 18:00:47,2017-10-02 20:42:14,2017-10-19 00:00:00
ab64dd52ffac216882def99c2768daec,80c33f6cbd2a66817b9961bfb0f13be9,delivered,2018-01-22 10:18:40,2018-01-22 14:53:06,2018-01-23 23:37:45,2018-01-25 19:08:50,2018-02-19 00:00:00
9b75e748f5f63a3cdd0c302b591c7507,36da7c51f19174ae1a925ae5ec0e0a3d,delivered,2017-12-18 15:21:12,2017-12-19 09:37:32,2017-12-20 23:14:55,2018-01-03 16:17:27,2018-01-11 00:00:00
dbbdec1218213282780fe3c38f786e5e,953f3e71ac48c5be1925cfdb3ff767bf,delivered,2018-01-09 12:41:33,2018-01-10 12:35:22,2018-01-16 17:32:14,2018-01-22 19:22:26,2018-01-26 00:00:00
e5500d517e53a1e40c556dea51c7a2fa,70c183bec9f84db4c9557658c6801ef8,delivered,2018-07-14 23:17:45,2018-07-14 23:30:14,2018-07-17 14:11:00,2018-07-25 18:56:43,2018-08-07 00:00:00
bd414233109bf4490d08e418ca8b3226,61caae246c83572d81548bf9c2bd3c6d,delivered,2018-01-30 08:10:00,2018-01-30 09:09:36,2018-01-31 16:58:46,2018-02-24 00:43:13,2018-02-22 00:00:00
964937fd838e5fb7488cf417d7b60747,1ea95ad24c86534af3ded05ee2d7aefe,delivered,2017-03-10 17:55:34,2017-03-10 17:55:34,2017-03-13 10:19:05,2017-03-21 15:03:32,2017-04-06 00:00:00
1388a23b57206bf7673819fd3a30d4de,ab5925f86dedb8bf8ee88416ce4004d5,delivered,2018-06-11 11:06:11,2018-06-11 11:15:24,2018-06-13 14:18:00,2018-06-21 17:31:56,2018-07-16 00:00:00
0f4e0cf683934cf2cc6b45a24b386a14,d9d9ef18adcedc759515809d67e54744,delivered,2018-05-23 13:19:29,2018-05-23 14:14:27,2018-05-24 10:04:00,2018-06-03 12:22:31,2018-06-14 00:00:00
ed9bbe818219ab13fd2023dc0d984706,3cccf91e55e4c81c8e4db9a9ebb4eef0,delivered,2017-07-31 10:50:23,2017-07-31 11:05:14,2017-07-31 20:07:45,2017-08-07 16:53:17,2017-08-22 00:00:00
dd787ad9c97e5504d6ea0bd294906902,c4f27e4018dec8c1bb82c0e2ce63d47e,delivered,2018-08-14 17:02:40,2018-08-14 17:15:32,2018-08-31 15:09:00,2018-09-05 22:22:01,2018-08-29 00:00:00
9edbb64717f62b49b516e6d66f31edc0,11147dfd33524c5852f092830e8fb6fe,delivered,2017-04-27 09:34:25,2017-04-27 09:45:17,2017-04-27 13:35:26,2017-05-09 06:37:09,2017-06-06 00:00:00
82ef901bddb0b3a57a8f2639cba398c2,93da64eecd5d94c7e93a29fe5842064e,delivered,2017-03-17 00:30:35,2017-03-17 00:30:35,2017-03-21 17:38:40,2017-04-19 12:29:33,2017-04-17 00:00:00
a9b0a7015644d713589e4836e2621897,caed27153d7dcb652fa5d30fa4a08930,delivered,2018-03-18 23:27:23,2018-03-18 23:47:51,2018-03-19 21:09:59,2018-03-23 20:13:35,2018-04-05 00:00:00
d7ae32c7a5b1f93a80e672ce4fe7d7f5,d46aea7d994240c85603f747ae3375e2,delivered,2017-05-14 13:56:56,2017-05-14 14:10:15,2017-05-15 11:32:17,2017-05-23 14:05:16,2017-06-19 00:00:00
d83268beec893067aeef7a062622d721,a455490139153fd29e94b52dd5eb1fce,delivered,2018-07-26 13:21:49,2018-07-27 02:24:09,2018-07-27 14:24:00,2018-08-02 23:08:48,2018-08-13 00:00:00
c147383caa0d8a6b1d8c213e60851483,32fb1374cdbf02da8a9bfc4e2fd3c510,delivered,2017-03-27 17:12:23,2017-03-27 17:25:09,2017-03-29 07:06:57,2017-04-06 13:09:13,2017-04-19 00:00:00
1586faea8b5e622028bb4d1e296d5b2d,6a7226012081a4b8e11a39c4e09b64f2,delivered,2017-02-15 18:16:38,2017-02-15 18:25:20,2017-02-17 14:22:11,2017-02-23 14:43:00,2017-03-20 00:00:00
5525ea8ee9e6150faa9b41dfc4024552,08528824266cd0720658ff01df662b6a,delivered,2018-08-20 21:33:48,2018-08-20 21:49:32,2018-08-21 11:33:00,2018-08-29 18:59:45,2018-09-03 00:00:00
b795d09b919a4a470aa20cf886186273,9a6d0ce1676b1f90807d3fa4ffe34081,delivered,2017-11-25 09:18:19,2017-11-25 09:33:37,2017-11-28 21:51:28,2017-11-30 15:29:11,2017-12-11 00:00:00
c1784064d438058cfda657db328c5057,19110a5c18063902313c6ee2727757ff,delivered,2017-06-30 15:08:23,2017-06-30 15:23:17,2017-07-04 15:23:31,2017-07-10 11:22:45,2017-07-24 00:00:00
f75f6ef2200a609b9a11d7650ae623f2,fc2db1c27756efd293d1c982c540445a,delivered,2017-12-07 16:06:36,2017-12-09 16:10:09,2017-12-12 23:25:03,2017-12-26 23:22:52,2018-01-05 00:00:00
098a986ddd350e605574040b04554267,9feb947affcba60e3865d3df152ff086,delivered,2018-01-10 13:21:34,2018-01-10 13:29:29,2018-01-10 21:24:47,2018-02-03 03:17:23,2018-02-09 00:00:00
6aef284c51f971e11cffc4e49caea7af,962035fb0c0ccd8650d59f5d5ee43f62,delivered,2017-12-03 04:52:30,2017-12-05 04:13:56,2017-12-05 18:13:43,2017-12-06 16:26:55,2017-12-20 00:00:00
8ca0531483ac1ada96d124f6d42c5080,b71f77353b8fbd3465a46d282ad28c29,delivered,2017-04-26 19:37:53,2017-04-26 19:45:18,2017-04-27 13:47:35,2017-05-08 10:57:54,2017-05-26 00:00:00
497557705ed42b9e7678b808d1f21dbb,4865a687f12295ad322d56809c3973bf,delivered,2017-09-08 15:00:33,2017-09-08 15:10:22,2017-09-11 23:34:56,2017-09-19 20:58:46,2017-09-29 00:00:00
1fd9bf8cb665b63ec460f8a425e4d404,90375cdb2ffb6381f35042caac83a65d,delivered,2017-08-03 15:54:52,2017-08-03 16:25:18,2017-08-07 20:57:25,2017-08-11 19:37:50,2017-08-30 00:00:00
c24b8b41e6857d59a27f2b150bb669d9,b84ee32cfcdb1695b4638a90864e9f96,unavailable,2018-03-14 08:45:03,2018-03-15 03:16:17,,,2018-04-06 00:00:00
7b5677c6b812459afed4f29edef9debc,4d0e9b3bcd26f786359607c9bbcea9f4,delivered,2017-09-12 08:38:09,2017-09-13 03:31:18,2017-09-14 15:33:34,2017-09-16 04:54:42,2017-09-25 00:00:00
70c21c50383160e57e3c3de7d4c43d7d,496f9977a929fa1e77e912f0d70c08d2,delivered,2018-07-18 10:29:01,2018-07-18 10:42:12,2018-07-18 14:58:00,2018-07-24 20:14:49,2018-08-16 00:00:00
3313dc446abbe2a29ae4ae064320b334,46f13d4403a64d1ef75101d62a10ba84,delivered,2017-12-08 12:52:47,2017-12-08 13:12:21,2017-12-12 23:09:11,2017-12-28 19:42:06,2018-01-11 00:00:00
0123a055aa66357326dd6db066592a7d,993d78fad972fb03a64f3126d934160a,delivered,2018-04-24 14:11:16,2018-04-26 03:55:16,2018-04-26 15:01:00,2018-04-30 15:47:00,2018-05-11 00:00:00
fe6823abc970a4bad1c216e78e92dbe3,c2ade416c91ab14bf4d12834873b8d7c,delivered,2018-08-21 20:30:56,2018-08-21 20:44:11,2018-08-22 14:55:00,2018-08-23 18:34:48,2018-08-27 00:00:00
87b7af5cc8f6f865e983f16cf559393d,b4a943b76adacfbeb0d25b686e2b4e28,delivered,2018-03-18 21:19:19,2018-03-18 21:30:28,2018-03-19 19:04:53,2018-03-20 20:22:45,2018-03-29 00:00:00
80dfedb6d17bf23539beeef3c768f4d7,926b6a6fb8b6081e00b335edaf578d35,delivered,2017-04-18 20:37:26,2017-04-18 20:50:13,2017-04-25 14:08:56,2017-05-04 14:13:36,2017-05-16 00:00:00
2451d3b73d97bb4483eedd2472a822a7,3fba3725205e47ca70f225c3ba8dcc2e,delivered,2017-11-24 12:00:59,2017-11-24 13:54:15,2017-11-28 18:12:51,2017-11-29 22:13:35,2017-12-08 00:00:00
db8bf3de5a5697bde575853b0e9d7fec,6bc10e2de3cadab0a0e0e96a880fae5e,delivered,2018-05-29 09:23:00,2018-05-31 03:36:04,2018-06-01 11:10:00,2018-06-15 20:58:58,2018-07-12 00:00:00
4ce9d69b3090e93c33e18de78c029403,c25041ba8c87b6ea6fa4181d168dcbe3,delivered,2017-07-30 07:27:12,2017-07-30 07:43:09,2017-08-01 17:42:45,2017-08-08 15:19:13,2017-08-30 00:00:00
be1d612da3d925938a4706d808b7ef53,916022b684a43cb980350c4557eb0f1e,delivered,2017-05-21 18:23:37,2017-05-21 18:35:11,2017-05-22 11:41:51,2017-05-23 13:36:35,2017-06-02 00:00:00
4831c3fa6b2f1e1d7e0a30ad0eede36d,df029a1ad9ce28416d161601fac3e950,delivered,2017-09-29 20:52:39,2017-09-29 21:07:15,2017-10-03 13:49:25,2017-10-05 19:41:06,2017-10-23 00:00:00
aa955ed3185cc397197e640ec84c5031,a87e87281451528d812b9ad2d9d82abe,delivered,2018-05-06 21:33:38,2018-05-07 16:53:20,2018-05-08 15:32:00,2018-05-15 16:58:27,2018-06-04 00:00:00
4410e1e1a7c649cdf56641353c74efb3,d5f26a2b6936a0e02839c31d0cdc526a,delivered,2018-01-10 23:33:34,2018-01-10 23:48:30,2018-01-13 02:07:54,2018-01-15 17:52:20,2018-01-29 00:00:00
f7170cc8836bcba4bd4022ce5a009524,2006dabf8b27fe5151809cae6ade5801,delivered,2017-05-22 20:12:54,2017-05-22 20:25:09,2017-05-25 09:52:21,2017-05-30 10:52:43,2017-06-26 00:00:00
f6f6df74cf34d7d0fc516e28dc2573c7,d2cbea7421afe6f57a279a300714603e,delivered,2017-10-09 16:20:03,2017-10-10 17:07:54,2017-10-20 20:27:36,2017-10-25 20:14:18,2017-10-27 00:00:00
4b4d023762cb66a4517f22ec1497ee17,b1ee4fbe44dc61d64d62717783b66164,delivered,2018-02-25 16:57:33,2018-02-25 17:10:22,2018-02-27 19:10:26,2018-03-01 20:56:49,2018-03-12 00:00:00
ca68bb718c53d348a0428fa415efae79,733ddf468262208b642fce0e991d5ea3,delivered,2017-12-05 02:45:45,2017-12-05 09:53:44,2017-12-06 20:52:19,2017-12-08 16:17:41,2017-12-21 00:00:00
561a3b9c8e282502bd86b6504b17544b,1d61cc31551519c757aacc3c90629167,delivered,2018-07-23 18:09:50,2018-07-24 10:32:37,2018-07-25 10:03:00,2018-07-30 14:08:44,2018-08-09 00:00:00
589afae8e1396e2a2dc24a1c68223809,4c5d706daadd48268ca4b0b435b01ae6,delivered,2018-06-13 20:47:10,2018-06-13 20:59:55,2018-06-15 11:44:00,2018-06-19 19:46:32,2018-07-05 00:00:00
43b257905849ae34c59c666d143f50c6,f805a7663e3825629cf714aba2e60295,delivered,2018-04-26 16:18:48,2018-04-26 17:10:18,2018-04-30 14:44:00,2018-05-02 18:18:31,2018-05-09 00:00:00
7a11a4388ec8fa8d1f52220d47de5a58,40b998e8c24e6641b7476c461741ceca,delivered,2017-04-08 17:17:30,2017-04-08 17:30:18,2017-04-10 13:17:43,2017-04-12 07:27:36,2017-05-02 00:00:00
d39a64bdd75efa842f23e443912321f8,a52ec7711669c58e970afdfb9ee74bb5,delivered,2018-02-24 13:18:25,2018-02-27 04:31:14,2018-02-28 23:44:52,2018-03-14 21:26:29,2018-03-16 00:00:00
cf1d456a58d288fdbbb0a7f28b0b3aaf,ec47504d187378fcc2ce3e08423c5883,delivered,2018-01-23 13:09:23,2018-01-24 02:35:23,2018-01-29 20:29:03,2018-02-07 12:53:21,2018-02-20 00:00:00
a65ee79ac9ef387d53a86a7195403fcd,cf9df4b26b449f217680aed3ca61277d,delivered,2017-10-08 17:49:48,2017-10-08 18:30:30,2017-10-13 20:56:01,2017-10-20 18:11:44,2017-11-03 00:00:00
84ddeab730355e225a171d7d4249217a,a089bfdb23ffc911e6b8ca837314b355,delivered,2017-11-16 14:17:53,2017-11-16 14:30:23,2017-11-17 23:07:59,2017-12-01 16:57:06,2017-12-13 00:00:00
b17edd32e0d8b5d4a23e4b72cc4b90b4,92f6a212f24d45405feafb6c093f7c69,delivered,2017-02-19 19:20:56,2017-02-19 19:32:02,2017-02-22 03:38:51,2017-03-09 16:48:07,2017-04-10 00:00:00
d1ea55f7318ed68dab3622af81e15141,7882d91898341a59ddd07cc20b613d40,delivered,2017-08-26 19:57:52,2017-08-26 20:10:20,2017-08-28 18:10:57,2017-08-31 14:32:17,2017-09-20 00:00:00
3502e8bea8fdd4b3d742891e1a1b8d90,610ca70ed9e25f55a7cfdebd6e77b53e,delivered,2018-07-18 13:27:06,2018-07-20 04:35:13,2018-07-20 14:41:00,2018-07-23 10:38:48,2018-07-27 00:00:00
85eef2d342b0de363c45c1bc324729c5,e67261dd807f298949d63fa4b1262eb8,delivered,2018-05-04 12:41:25,2018-05-04 14:12:55,2018-05-07 15:10:00,2018-05-11 23:36:34,2018-05-23 00:00:00
b2bcb2ca559e7f7cec2188a6ae542e87,446886f236863df587be219f66eb15bf,delivered,2018-04-14 16:54:01,2018-04-14 17:10:32,2018-04-16 21:28:36,2018-04-24 20:42:50,2018-05-14 00:00:00
93e85b947c8fbaef6206e8f282ec28f6,0d5f0d55d8ac2ec02aee9ae6cb96b15e,delivered,2018-04-17 16:36:08,2018-04-18 02:11:17,2018-04-23 19:34:48,2018-05-04 20:40:44,2018-05-16 00:00:00
0c5a9096edbc36c60badeda355d91e19,d36f1dfb696d5602bc33a3562e3f2d70,shipped,2017-11-22 12:19:17,2017-11-24 03:09:52,2017-11-30 16:45:41,,2017-12-13 00:00:00
94963fb95efdf20c69b7b19e44928363,d3f77bd405ced67ebdc5485771892a40,delivered,2018-05-20 10:48:46,2018-05-20 11:11:01,2018-05-24 13:43:00,2018-06-07 20:04:14,2018-06-13 00:00:00
b37380488594eee7d40572dfe9218120,1f643377fc027364be3ffbc29cd8e109,delivered,2018-03-23 13:12:41,2018-03-23 13:28:26,2018-03-27 01:49:42,2018-04-04 16:41:47,2018-04-18 00:00:00
b0b4242ea30f1052f0ab645adc53e415,2db53092fc4dd9c063d54cf52c0d68b8,delivered,2018-04-01 16:39:31,2018-04-01 17:28:12,2018-04-03 16:18:25,2018-04-30 14:47:24,2018-04-19 00:00:00
8200c0f5298c25d0c51f66b1c63b6ebc,4f42120987cd3d3714c29f7050bd96a4,delivered,2018-01-23 23:40:21,2018-01-23 23:54:37,2018-01-29 23:54:54,2018-01-31 20:12:17,2018-02-20 00:00:00
f0eaecfa7f4a74e4227e177eb23ed299,c5edf8edb0b0818c314c063cb8445e79,delivered,2017-12-19 20:54:58,2017-12-20 20:49:11,2017-12-21 20:16:55,2018-01-22 22:14:54,2018-01-16 00:00:00
30195b7c75a04ab7dcea9f845891703b,386a154107b3c7ab3af887ab9bc980cf,delivered,2017-09-11 23:24:59,2017-09-11 23:35:16,2017-09-12 17:43:28,2017-09-27 16:42:09,2017-10-05 00:00:00
35dc5c3a87f9e9cf93676b98d4bc35a2,be59c56551fe3cef6d7019c7ab1fddb0,unavailable,2017-02-14 14:26:02,2017-02-14 14:35:22,,,2017-03-15 00:00:00
0d91eecd335defba92a82bc3f062225a,5b4409c0035f6db6b178b2d5b7e30ba3,delivered,2018-08-01 18:33:19,2018-08-01 19:03:54,2018-08-17 15:09:00,2018-08-22 04:18:27,2018-08-22 00:00:00
56977f88a655bfbcd1e8f20a20959f5b,671d195fc506d85dbf66c878175df9e5,delivered,2018-07-24 14:47:59,2018-07-24 15:04:37,2018-07-25 12:06:00,2018-07-31 15:32:30,2018-08-17 00:00:00
5fd01511f0ac02261addc2116f223d5c,783c221ed907e2d60e3e9f7e4b0b5017,delivered,2017-05-18 20:45:33,2017-05-19 02:35:10,2017-05-29 16:33:20,2017-05-31 16:27:58,2017-05-31 00:00:00
0ec20e561e76d49aa3ca434872643de2,4f98668ad1d46cba77e45d3cc23121a9,delivered,2017-10-24 10:24:30,2017-10-25 11:07:09,2017-10-26 19:48:06,2017-10-27 15:57:10,2017-11-09 00:00:00
ec7ce26488a251a1c6043533e11c1bdc,a5895176fa92a5df2669d7575bdd1292,delivered,2017-11-29 22:12:21,2017-11-29 22:39:52,2017-11-30 15:05:03,2017-12-07 15:19:07,2017-12-29 00:00:00
fb973be52c6622812266932dc2152017,652809adfb5055cf87dd32aca5a8b760,delivered,2017-08-29 16:07:08,2017-08-29 16:27:19,2017-08-31 19:37:05,2017-09-08 20:55:54,2017-09-20 00:00:00
526e5c7b86409498289e780020805f70,677ea793bab5253b52c7f73f0e120b74,delivered,2017-11-28 12:00:16,2017-11-29 02:20:25,2017-12-01 22:41:53,2017-12-05 22:04:17,2017-12-12 00:00:00
6e2da070f43077174091a78e68313684,d54215e9d0698a25e80048a37fe10f9f,delivered,2018-07-30 10:11:36,2018-07-30 18:31:02,2018-07-31 15:54:00,2018-08-03 16:46:35,2018-08-08 00:00:00
b48a3d26eeef8f09cc2bde23ab930234,ab7afd365252d4948e7c65f64e3eee3d,delivered,2017-05-24 16:04:13,2017-05-24 16:15:14,2017-05-25 08:33:32,2017-05-29 07:03:14,2017-06-26 00:00:00
fc22b5be95b78b75981e0941fde2d34c,5ea2072bf6d8282cf452c471506c54a3,delivered,2017-07-15 11:56:44,2017-07-16 12:02:50,2017-07-24 17:51:58,2017-08-02 19:52:06,2017-08-14 00:00:00
6f118f6a730ce35b230974f295f743f9,bd5519f537ebad36bee36923313d8198,delivered,2018-01-20 17:53:36,2018-01-22 13:55:25,2018-01-26 18:34:27,2018-02-07 22:08:23,2018-02-14 00:00:00
b74092206cd29b62907516d95e927fd6,4298e6097bda6445b0533e89c00eb465,delivered,2018-08-14 11:28:54,2018-08-14 11:44:12,2018-08-15 12:07:00,2018-08-25 13:31:41,2018-09-10 00:00:00
5f4ce8a8082f8fbaf311743998d20573,63f330a63ce29d44c782f04d7dfe397a,delivered,2018-04-23 16:04:01,2018-04-24 17:30:09,2018-04-25 15:39:00,2018-04-26 15:28:52,2018-05-03 00:00:00
ca674a7cd949c98c9e02bc4c5922836d,5a6ae5b68fd27c687c4fe130b679691b,delivered,2017-02-09 20:19:47,2017-02-09 20:30:17,2017-02-21 11:40:42,2017-03-03 15:52:06,2017-03-10 00:00:00
23b9942cd2a096775ed2ac048559bec2,6a7faf5dfbea3a3385aaa496629eb0b3,delivered,2018-03-17 13:24:07,2018-03-17 13:35:37,2018-03-20 22:06:43,2018-04-03 19:18:32,2018-04-12 00:00:00
96ccc8ebc4372c98b2d7e7fca1a3fc36,bd2a2e0bb6c012fc813a03698fb78ef4,delivered,2018-02-20 18:18:06,2018-02-21 18:15:39,2018-02-23 22:19:18,2018-03-02 22:52:35,2018-03-15 00:00:00
285c2e15bebd4ac83635ccc563dc71f4,b246eeed30b362c09d867b9e598bee51,delivered,2017-12-08 12:00:04,2017-12-09 11:55:17,2017-12-11 18:42:21,2017-12-21 16:33:10,2018-01-03 00:00:00
dc0c0161a3b0a9692bc78a52ebfd1356,e883746cca2af594a80cff75d60febe1,delivered,2017-12-18 16:11:03,2017-12-18 17:13:31,2017-12-19 20:08:53,2017-12-23 15:28:55,2018-01-05 00:00:00
eb28e3c93a2ce51b1e6a9a92b3f032bf,20a91cc566729229f1ab38edb706469a,delivered,2018-02-26 19:18:43,2018-02-26 19:30:54,2018-02-27 20:23:39,2018-02-28 12:19:56,2018-03-27 00:00:00
aa0c9cd6b1097927c4caae58b28e5361,71dd334c636c45c9b8da25979f0a6891,delivered,2017-11-18 21:28:57,2017-11-18 21:46:07,2017-11-24 16:57:56,2017-12-08 15:32:24,2017-12-22 00:00:00
3c39766b1734266956963c99f23bbb5a,32f40bc615cdc7d02b1df9f6541e769b,delivered,2017-11-25 11:23:00,2017-11-25 11:35:29,2017-11-27 21:05:11,2017-12-06 20:16:38,2017-12-19 00:00:00
b6054dd0191c75f47635c7b3512b780c,245e4aadffccfee106ea93f35677a9af,delivered,2018-06-07 13:55:19,2018-06-07 14:20:33,2018-06-15 16:35:00,2018-06-25 15:32:54,2018-07-11 00:00:00
f530e66c74816309f2bf8eb5a619b3ab,5d473f16412277eca74166ff9fb8aee8,delivered,2017-07-04 11:04:54,2017-07-04 11:15:13,2017-07-04 15:27:39,2017-08-24 16:08:03,2017-08-07 00:00:00
b97ba3fb5b212d01ef75f4f4131c1207,6573d9e5a363a91f158ecbc52ad1e72c,delivered,2018-06-17 21:40:34,2018-06-17 21:55:11,2018-06-18 10:03:00,2018-06-19 21:13:34,2018-06-28 00:00:00
41e9d5f1e8d3bdaf6500baba3502970f,bd20b84718a1ccc794a08bbaf28d989b,delivered,2018-02-26 20:38:54,2018-02-26 20:50:38,2018-02-28 18:57:53,2018-03-06 13:38:53,2018-03-23 00:00:00
79c25882bf9157a3e38e7edb7c3a7286,28ec421c2e511974913b1f90aa0d1c22,delivered,2018-07-04 16:28:49,2018-07-05 16:33:13,2018-07-05 15:44:00,2018-07-09 14:44:36,2018-07-30 00:00:00
4ec9ed3418359adf8fe6a74b288ee659,4567341a3ba630a541ee3c2bd0959303,delivered,2018-05-07 16:19:21,2018-05-07 17:56:22,2018-05-10 09:30:00,2018-05-21 16:02:26,2018-05-29 00:00:00
8381ea8128b59fa52e0bc4470c52ff35,3797eea608b59349323470314c214947,delivered,2018-03-26 22:24:59,2018-03-26 22:35:12,2018-03-27 18:16:48,2018-04-09 14:32:32,2018-04-16 00:00:00
f9d426c3a20cfd9036440039c5430b7b,f4f6702a748d7ed6fe0dfbabd8990248,delivered,2018-03-29 12:47:53,2018-03-29 13:07:34,2018-03-30 01:12:53,2018-04-10 11:51:21,2018-04-24 00:00:00
1a292836ced1aa222199c34c883f404e,e4ad62cc426be44161ee35617233d7e6,delivered,2018-03-19 12:37:40,2018-03-19 13:29:10,2018-03-20 22:16:37,2018-04-12 19:27:35,2018-04-05 00:00:00
494e5e7faa93467e7da809ca3b59c74b,f9007ee30213220b3ff3e9905081521b,delivered,2017-08-13 18:35:00,2017-08-13 19:20:13,2017-08-14 15:53:48,2017-08-18 15:19:37,2017-09-01 00:00:00
89ee991b2ae330d7b2d7b4d81006765e,db5dc8cf7cfb2c69fcd619e1b291af2c,delivered,2017-03-09 19:15:34,2017-03-09 19:15:34,2017-03-14 06:08:12,2017-03-21 14:48:10,2017-04-04 00:00:00
17dc275426dc4430d983cdd5280e9414,779a4dbe2c7972c54b324e89494644a3,delivered,2017-03-20 19:52:56,2017-03-20 19:52:56,2017-03-21 12:12:59,2017-03-24 14:33:24,2017-04-10 00:00:00
d574338f566ca28dd67820f48ec1f1d8,d0715495890791e60e858ffc2b414cf9,delivered,2017-12-12 21:22:07,2017-12-12 22:31:51,2017-12-18 16:33:13,2017-12-29 15:44:55,2018-01-17 00:00:00
3bce4193e30b36d4d3284df3fa96d77f,0f4ca29d9d412ff338eeb6ab3716b71a,delivered,2017-10-17 11:54:07,2017-10-17 12:07:35,2017-10-17 18:42:57,2017-10-20 14:16:58,2017-11-03 00:00:00
004157daafa0bc8672e01f00e4f0c04f,42090a79268b92ced0c591a8e63d57c2,delivered,2017-05-21 13:13:54,2017-05-21 13:25:15,2017-05-25 12:05:10,2017-06-02 14:57:49,2017-06-26 00:00:00
2fcae632b06e40088d1800fc1cfc3e69,b9543736a1c64efd425d1fbfeb613771,delivered,2018-02-07 10:03:37,2018-02-08 09:55:30,2018-02-08 22:12:12,2018-02-23 17:45:01,2018-03-06 00:00:00
a544402adb66ebc329117c687bd975a2,c33166e65d7f6c5d21dc3ee1afa2aea0,delivered,2017-06-05 18:23:47,2017-06-05 18:45:44,2017-06-14 15:38:13,2017-06-19 15:03:09,2017-07-06 00:00:00
c62a1e40bd0ccc29edbef8925947bb37,39b59b462888c0b541d1550612718ea0,delivered,2017-12-20 19:03:32,2017-12-20 19:15:24,2017-12-21 21:37:23,2018-01-10 15:39:14,2018-01-26 00:00:00
6bff7d9bba4b524abc4cc68ecff23c43,472a60102b712260191100bc3f41c070,delivered,2017-08-04 20:41:38,2017-08-04 20:55:15,2017-08-09 20:08:04,2017-08-14 22:47:40,2017-08-31 00:00:00
1f7d17608a000d5ba90ed31a6faa231e,dbedebeadaa26df1fda41f9b3387ce4f,delivered,2017-12-07 13:45:56,2017-12-07 15:06:07,2017-12-12 02:04:21,2018-01-09 23:07:28,2018-01-08 00:00:00
cca3b312005f0dffaaa7a243953da501,fa13a66883870e318eaf825f103d95b2,delivered,2018-02-17 11:28:45,2018-02-17 11:35:38,2018-02-19 22:41:40,2018-02-22 00:38:58,2018-03-05 00:00:00
bd2aa26e4f7a6a33b7971cfc04a07c56,cb239c775ed18e6c80506625d452c869,delivered,2018-05-08 09:29:32,2018-05-10 02:57:22,2018-05-10 14:02:00,2018-05-15 21:47:23,2018-05-29 00:00:00
b27819c290321f10bc14dcf5deeab059,2761d1130c32fd116c9d5254f89ceb74,delivered,2018-01-14 21:42:46,2018-01-15 21:35:30,2018-01-18 23:46:37,2018-02-17 13:33:23,2018-02-21 00:00:00
332406cc34a6bcc1ade93cae9e11ab06,0f9de5340f8ca84a67a3fc4e971965cb,delivered,2018-07-07 14:02:43,2018-07-10 08:45:18,2018-07-10 17:39:00,2018-07-12 17:04:27,2018-07-19 00:00:00
28d4024932be7f224bb14773707287e4,18f9d57ab19248ecf1fe195bde575380,delivered,2018-02-06 13:56:40,2018-02-07 02:56:01,2018-02-07 22:42:02,2018-02-15 11:04:14,2018-02-22 00:00:00
a38e4cbdd87e8c456ad46a0c668a5c19,835f0839de5bb6a2928f7343a9293245,delivered,2018-06-09 18:54:50,2018-06-09 19:11:02,2018-06-11 14:15:00,2018-06-15 22:28:40,2018-07-05 00:00:00
0989631de28d3313632d2c5f34a71f57,e05a84797d611a433339232b499f6222,delivered,2017-08-01 20:25:36,2017-08-02 02:33:52,2017-08-03 17:33:43,2017-08-07 21:16:56,2017-08-14 00:00:00
6aa12b7bccdfe9396d5feb50030e1b3f,cc21c72d5fd4f9dead0e01129cf6d9da,delivered,2017-10-06 11:49:47,2017-10-06 12:07:17,2017-10-09 22:04:11,2017-10-11 13:35:08,2017-10-30 00:00:00
e0e2d0124d957b3ee9272b673f7e6e2d,9cd9908817c0c07c4de221e72a128838,delivered,2018-01-28 11:18:09,2018-01-28 11:30:22,2018-01-29 21:12:36,2018-02-14 18:26:42,2018-02-21 00:00:00
6332974400757d231760e7348850edba,a6cb9d818b2720e5248f79923502b583,delivered,2018-02-01 18:23:11,2018-02-01 18:35:32,2018-02-02 19:58:43,2018-02-08 22:44:34,2018-02-26 00:00:00
d5f7fa751e79c6327ae63759c262813a,d58dd61e00d60216394bfb05cdd36499,delivered,2017-05-03 13:11:43,2017-05-04 10:05:36,2017-05-04 11:19:54,2017-05-15 11:38:05,2017-05-26 00:00:00
b1170faa12a2f134d1c75c7494c64eaa,20b9c1c22b268584d60d38d65e92f10f,delivered,2017-06-02 20:47:40,2017-06-02 21:02:51,2017-06-05 14:05:55,2017-06-09 16:16:54,2017-06-20 00:00:00
0b5fac54294af7123ee72a58d00c4b97,7927dfaf0bee1bf23b4e9203355497c0,delivered,2017-06-20 14:26:20,2017-06-20 15:30:34,2017-06-23 11:35:29,2017-07-05 13:24:30,2017-07-20 00:00:00
c7da1b57f7d2251252370bc7d94168fe,b8758ed99c2b800a287f19fb1a3ea52c,delivered,2017-01-27 21:27:17,2017-01-28 02:32:16,2017-01-30 13:16:45,2017-02-09 13:21:35,2017-03-15 00:00:00
ec108f8c96f1037449cfb5e118d9a008,88916d770ca6dcded91cec7ba0bb7406,delivered,2017-09-09 18:04:27,2017-09-09 18:30:38,2017-09-12 20:36:51,2017-09-24 14:47:39,2017-09-28 00:00:00
7fd5673bbb6ae883ca5b930dd0150b80,0a17774e2dd7d6ac0358feaf1d4c1513,delivered,2017-10-13 22:11:18,2017-10-13 22:25:58,2017-10-16 18:44:57,2017-10-17 19:17:33,2017-10-25 00:00:00
b4c8c7add8acbdb1bebcae219ab6c141,69e8a7d6f9013e098e740ee6cf11650f,delivered,2018-02-06 10:09:22,2018-02-06 10:30:12,2018-02-19 22:04:58,2018-04-27 22:28:41,2018-03-19 00:00:00
f7e889d34a2cae92d50c09d7689dabe7,71af6d983a2fb43c053adc08a3cee580,delivered,2017-09-18 15:21:00,2017-09-19 04:05:41,2017-09-20 17:04:41,2017-09-21 16:48:01,2017-10-03 00:00:00
fc8c929edfce9cac492eaf36ee0968b4,9b2551bcade88f33a240d4435ff33634,delivered,2017-06-04 10:16:12,2017-06-06 13:35:37,2017-06-07 11:45:04,2017-06-27 08:11:16,2017-06-19 00:00:00
21b966a378471db65c18fa4ca20d6800,f253cdb921536ec2a9ff9a11cab13aea,delivered,2018-08-21 20:34:12,2018-08-21 20:50:15,2018-08-22 15:21:00,2018-08-27 17:32:06,2018-09-05 00:00:00
36889515282d4ef83999a8332ef9f4cb,e18efe132d22a0596439bf40ad9f73d6,delivered,2017-11-19 21:16:12,2017-11-19 21:26:50,2017-11-24 15:53:12,2017-12-01 20:40:52,2017-12-18 00:00:00
00d1289d5125017a90e528b5a7cee91f,ba0ff1667f88b3a0da55d80dff50b0fb,delivered,2018-03-15 11:11:52,2018-03-15 11:29:14,2018-03-16 22:12:16,2018-06-19 18:42:26,2018-04-06 00:00:00
fc5a67aa2d57b1764a89718edf876006,8e9822c8af9cbf8b5ea51a9ce0ca9eb1,delivered,2017-12-02 12:02:12,2017-12-02 12:20:30,2017-12-05 03:10:52,2017-12-08 21:03:21,2017-12-27 00:00:00
2825848807f070485f0f0ef3829758f4,b30a4d09f171b5da553bab49a0a61764,delivered,2016-10-09 22:36:44,2016-10-10 11:03:15,2016-10-14 11:03:19,2016-10-17 12:03:19,2016-11-30 00:00:00
0ab5ed0d546ae59a2b1f18acd5b6ec9c,d6303f0e40b15317d394f57e76fe782c,delivered,2017-11-11 10:38:49,2017-11-12 10:35:21,2017-11-20 14:34:32,2017-11-27 23:18:36,2017-12-06 00:00:00
87d92a7867789e52a3397ad14dfd206e,e021d431195cfde9324b373bfab4ffd7,delivered,2017-12-10 12:06:55,2017-12-10 12:19:28,2017-12-14 22:34:24,2017-12-27 21:48:08,2018-01-16 00:00:00
e2d0923acc7f5586db9f45b5adaa91c8,4d34c9e542ce59c69e76a9a4faa40595,delivered,2017-05-03 20:18:51,2017-05-03 20:30:13,2017-05-04 13:49:01,2017-05-16 08:29:46,2017-06-01 00:00:00
df9713218005fcf6790bd6f58d395bac,14e39b4c856a96807b70e37b4fe8980f,delivered,2017-06-10 16:37:49,2017-06-10 16:50:20,2017-06-19 20:19:41,2017-06-27 14:28:51,2017-07-03 00:00:00
57e06a77c76af39efecf2153bb43ee33,5af548de5ac9e4c548c8ace80d97833d,delivered,2017-05-05 14:21:17,2017-05-06 02:23:04,2017-05-09 16:18:04,2017-05-15 14:03:34,2017-05-30 00:00:00
922162cabb84e44a2efa143dd96ef464,9374b51947c71dfbc0cad487a541df5a,delivered,2017-08-25 18:45:23,2017-08-25 19:06:02,2017-08-28 16:53:23,2017-09-19 16:32:51,2017-09-08 00:00:00
6de5437cdbba19ca175eee90e9eb42c0,18d0f54e66d1afa5e154eb1ae2a463c4,delivered,2017-02-16 23:15:22,2017-02-16 23:30:20,2017-02-17 10:53:46,2017-03-07 05:22:24,2017-03-29 00:00:00
0d10abc3bc3707c914cf5197ed2eb31e,c36b6c328033cca3190e0e45ee61b010,delivered,2017-08-19 09:10:45,2017-08-19 09:25:11,2017-08-23 17:17:44,2017-09-04 20:43:47,2017-09-19 00:00:00
c4424d72047fd2f2046fb0ebc5ae246b,869fd63d218533821c02e7eb6efb1165,delivered,2017-09-04 23:23:25,2017-09-06 02:50:36,2017-09-12 21:48:52,2017-10-02 18:43:58,2017-10-06 00:00:00
860987b7f135e286997817fdee3c2f7e,90b547bb9844f23258d4bb7421d2b28f,delivered,2017-11-06 16:26:56,2017-11-06 23:31:35,2017-11-07 18:58:42,2017-11-11 14:19:05,2017-11-24 00:00:00
329daaca8f5a3ab07c97b99a0fe5f23c,86b86704b0fc270bdeb45b216b40c305,delivered,2018-01-30 17:58:36,2018-01-30 18:15:31,2018-02-02 01:41:00,2018-02-07 21:57:42,2018-02-15 00:00:00
bb760e550e3f6ddfa92ed74bfb364751,3e4fcf75544e17b1320aedf7f8dab937,delivered,2017-08-04 09:37:47,2017-08-05 03:03:22,2017-08-07 14:22:49,2017-08-15 18:00:14,2017-08-24 00:00:00
353c2d280644bb6bf788b0591a162373,a97737b9de902fa65599e2a440b9b8e8,delivered,2018-04-11 17:00:49,2018-04-12 07:11:55,2018-04-13 19:44:26,2018-04-14 11:09:31,2018-04-24 00:00:00
4825259a3bd87ab7c288fc72ef4d3067,b3a8edbe3d4e629117a5a9458aa6cfc5,delivered,2017-06-29 20:41:24,2017-06-29 20:55:12,2017-06-30 14:10:10,2017-07-08 14:24:44,2017-07-13 00:00:00
4e55f642a3b11a6cfcec80a9aebbb513,ed9d67265a581b5d39c4bbcf337f6a51,delivered,2018-08-05 22:33:13,2018-08-05 22:45:10,2018-08-07 16:37:00,2018-08-11 18:14:44,2018-08-15 00:00:00
c65663c54cab532e8fe1f805471cfa60,d5e7f7762bce7b93716310b8218d6e14,delivered,2018-04-23 12:11:20,2018-04-24 17:13:50,2018-04-26 08:51:00,2018-04-30 13:39:35,2018-05-08 00:00:00
4daff85e0d1a3a189c1303c9ade1c4ab,058121c925d509639cff976bf1742b82,delivered,2018-05-15 19:02:48,2018-05-16 02:53:53,2018-05-16 14:21:00,2018-06-01 17:18:40,2018-06-13 00:00:00
0d2d1445891e7aba669fa2069d695601,739ee2d2d5960609ad780937fd9fa282,delivered,2017-10-09 19:54:18,2017-10-11 03:49:33,2017-10-11 18:28:36,2017-10-16 16:46:59,2017-10-26 00:00:00
a7c15b0c36e82951ecee0ed6d850ebb0,1a859c233e18bedde49604e9c61c3883,delivered,2017-11-09 09:45:40,2017-11-09 10:06:41,2017-11-09 19:38:25,2017-11-14 19:59:06,2017-11-29 00:00:00
5d28e7e8ae4794ffa06b352990f78234,e0883b000f22acea52d0256b5a866968,delivered,2018-08-12 23:29:24,2018-08-12 23:45:08,2018-08-14 16:00:00,2018-08-21 23:28:26,2018-08-30 00:00:00
338ad3e0a9c500b0d203752e0ad58299,ef53338ffc87b2163afd65ce21aac4d5,delivered,2018-01-15 00:50:51,2018-01-15 01:09:48,2018-01-16 17:19:56,2018-01-17 20:00:00,2018-01-30 00:00:00
129f71206f00d7fa856e19aa56618068,e3a182605f44b8088ba5b79806785e67,delivered,2018-08-03 23:12:06,2018-08-07 04:55:32,2018-08-08 12:28:00,2018-08-14 17:21:24,2018-08-27 00:00:00
1e90f6912f47b660fa57730f3885af08,993a8c810083ae41ff595aa595cf2dba,delivered,2018-03-23 13:27:45,2018-03-23 13:33:53,2018-03-26 15:03:16,2018-03-27 18:54:42,2018-04-05 00:00:00
718593593597aface80adeaf98433b07,b9a2d8954b869df9efe2e97b6ef302a3,delivered,2018-02-15 14:15:18,2018-02-16 14:10:30,2018-02-22 02:38:38,2018-02-28 19:41:52,2018-03-12 00:00:00
6a713ce5b2cfc769104c39775b662625,0198441fd94fedf81ba98683f6449a1e,delivered,2018-04-25 08:01:36,2018-04-25 08:10:49,2018-04-26 07:09:00,2018-05-03 19:06:33,2018-05-18 00:00:00
deb65bf7b9297aaa6cb47853deed4e0b,cd019d6344ea7dcda9bad9fe966a3951,delivered,2018-01-14 14:40:10,2018-01-14 14:50:23,2018-01-17 15:08:07,2018-01-22 20:43:24,2018-02-05 00:00:00
f9114a9615fd4c8a09fa0768afb4a8f6,5656c0f19d8894f19e73e8a285136a1c,delivered,2018-02-26 17:51:06,2018-02-28 09:51:12,2018-02-28 19:23:52,2018-03-21 19:07:40,2018-04-02 00:00:00
2fc4ba497db1306b9048aceaf0f7e5a9,3ebebafcab1829291818288df19d4def,delivered,2017-09-22 11:41:58,2017-09-23 02:30:13,2017-09-27 18:17:09,2017-10-03 22:40:12,2017-10-19 00:00:00
d38dcb503cd4ddc6ce7702552918bd8f,b0a3a02fe893d9a9385a98db1348244b,delivered,2017-06-04 17:44:18,2017-06-04 17:55:13,2017-06-05 16:13:33,2017-06-14 16:38:11,2017-07-05 00:00:00
87999cc2deff757e5f5db42eb840675f,f0eda054baec5a04999e62430c34e1a5,delivered,2018-08-08 17:31:13,2018-08-08 17:45:25,2018-08-09 12:30:00,2018-08-15 21:05:02,2018-08-14 00:00:00
36fb716af0b33abaac585787ccd0c0af,589b394c269c9debfc7c47e5ed514dc9,delivered,2018-05-27 12:20:21,2018-05-27 12:35:13,2018-06-02 09:05:00,2018-06-06 23:42:05,2018-06-20 00:00:00
eeb4d23ba9fb9cb0897472f49f332505,295ef8fc4d7b27b8cbe6154b704b0003,delivered,2017-12-20 15:45:02,2017-12-20 15:58:36,2017-12-20 23:49:03,2018-01-03 23:42:39,2018-01-22 00:00:00
c8897b5891a3195ee9cecf410341b589,c5ad44e41c6bb1195a7cbe476af25449,delivered,2017-10-17 01:24:28,2017-10-17 01:49:13,2017-10-17 20:28:50,2017-10-19 21:39:45,2017-10-27 00:00:00
86c0e519ffee48220503670fac236e1b,39bd0c72a4f0228e5add65a911458495,delivered,2017-03-22 17:40:51,2017-03-24 02:44:09,2017-03-29 17:24:54,2017-04-04 15:41:38,2017-04-25 00:00:00
08ccf73c206d15fd2668cdb6f32b5e04,1594134c6e1a9a422f7e7a41da116cc1,delivered,2018-01-15 12:50:15,2018-01-15 12:58:22,2018-01-17 23:33:20,2018-01-30 22:51:51,2018-02-09 00:00:00
d6fb74265802d3b7f2c16ebb97cbe900,22e6c1c1596acb84232aa16b3a1f6618,delivered,2017-05-12 08:59:53,2017-05-12 09:10:15,2017-05-12 15:18:40,2017-05-29 15:23:51,2017-06-09 00:00:00
d0654bfcd7000854a697aaee3ff7c5aa,01c3c12496a8c26348d92873da95448b,delivered,2018-07-04 11:09:45,2018-07-05 16:27:45,2018-07-04 14:30:00,2018-07-09 18:12:24,2018-07-24 00:00:00
2606fd314bc04c4e20265d5c09750f67,065c7a8b3b3dddc203172b872a313275,delivered,2017-08-11 22:13:14,2017-08-11 22:30:14,2017-08-15 10:05:46,2017-09-07 15:12:41,2017-09-19 00:00:00
cc2bc03e269a96d61ae2718d55e19350,6762de40b1337dcc0b8f076f81b44290,delivered,2018-03-10 13:03:32,2018-03-10 13:15:27,2018-03-13 01:34:28,2018-03-19 19:28:48,2018-03-22 00:00:00
cd3b365e8b6d4010dcbd635c071632b9,326f21ca375fd20981036e147b65ac6d,delivered,2018-05-10 21:55:55,2018-05-10 22:16:56,2018-05-11 14:21:00,2018-05-17 16:58:53,2018-05-29 00:00:00
189c5481e0ff2e96da113dfe289b88bd,cd083682e8c764991ab00ad9dc7748b8,delivered,2018-04-27 18:04:15,2018-04-27 18:15:22,2018-05-04 15:54:00,2018-05-11 21:48:43,2018-05-28 00:00:00
183e4a13a7a22a57bfd471656ec573b9,07250205a8861bb7532fea6297a2d4be,delivered,2018-03-27 10:08:44,2018-03-29 03:10:18,2018-04-03 22:54:46,2018-04-10 23:41:37,2018-04-13 00:00:00
057cb6913750cc04b72dbeb174afb208,f1c04a5116870e8c079ce3087c795450,delivered,2018-08-18 09:08:48,2018-08-18 09:29:13,2018-08-20 14:09:00,2018-08-23 12:18:55,2018-08-27 00:00:00
d11450f714cbee2ff7df6b663fb79781,5210bfac9f1dab420c3283b13afa8fa9,delivered,2018-02-12 20:11:13,2018-02-12 20:47:29,2018-02-14 17:29:41,2018-02-28 21:17:42,2018-03-08 00:00:00
cf229e9a3df6543d25bd826262a12a8a,95bd4d151ed873edafbdd0046e091152,delivered,2017-07-31 16:07:13,2017-07-31 16:23:33,2017-08-01 20:53:37,2017-08-14 20:02:43,2017-09-08 00:00:00
3b4d27a1da06e8be667bfe9e86a33804,b41fd3073c40d1445c9bd861f4d2a57c,delivered,2018-03-23 18:40:25,2018-03-23 19:27:43,2018-03-27 17:54:26,2018-04-03 04:23:37,2018-04-11 00:00:00
404840d41d032edfc533e78d6e6ee416,47cf37afa96e700fad25a6f97a4299b4,delivered,2017-05-19 15:56:06,2017-05-19 16:05:30,2017-05-22 11:05:03,2017-05-25 17:12:03,2017-06-12 00:00:00
5e666f31a774ff904141886e1ef4e3d3,58ed7744a942602df913a5b6eed945c5,delivered,2017-05-30 18:19:31,2017-05-30 18:30:15,2017-05-31 10:38:50,2017-06-08 16:23:07,2017-06-30 00:00:00
0c00ee38c8f26756069a581a5fae12f6,044d79868bec993e35df7044c8644943,delivered,2017-02-26 04:02:42,2017-02-26 04:10:15,2017-03-01 09:43:38,2017-03-20 10:37:55,2017-03-30 00:00:00
23e1bad4a8ef314a7fe34fa71082d429,3147cab2fca689824166e1119213b575,delivered,2018-04-20 14:28:20,2018-04-25 04:11:22,2018-04-26 14:56:00,2018-05-04 01:08:50,2018-05-09 00:00:00
89632ab0ec088829b4e3338a772f80b4,edc518b9867f838e84d508ad4980d733,delivered,2018-04-08 22:28:54,2018-04-10 04:10:51,2018-04-11 00:54:29,2018-04-21 01:26:39,2018-04-25 00:00:00
dab991912deff0b6f34c2ac665fd566f,5e8c1583955ff6508606f33a2ff0066f,delivered,2017-06-27 11:36:25,2017-06-28 02:10:21,2017-06-28 14:11:13,2017-07-05 11:33:06,2017-07-31 00:00:00
7b8cdadf6b13903fc09049ba85f5ecb3,4615d07e73e4c684ccc9cb865c0388ca,delivered,2018-06-02 10:47:36,2018-06-02 11:10:56,2018-06-04 13:40:00,2018-06-05 16:36:25,2018-06-20 00:00:00
17fbfab064eabf65283e3987776af914,cd74cb774a55549b0ec77a9cdd7d37bf,delivered,2017-12-12 18:42:29,2017-12-13 02:50:52,2017-12-14 22:54:33,2017-12-18 17:41:24,2018-01-05 00:00:00
37073d851c3f30deebe598e5a586bdbd,2128bfdcc221a8085d953289385d3015,delivered,2018-05-14 21:17:34,2018-05-15 08:35:20,2018-05-15 15:12:00,2018-06-15 16:42:30,2018-06-06 00:00:00
717650ea3d3e58b21de8c7205ce480cf,72819a9cc7032acbfb6c3fd6dcdc26d0,delivered,2017-12-23 19:44:17,2017-12-23 20:31:11,2017-12-28 20:19:03,2018-01-31 23:45:08,2018-02-16 00:00:00
266c95f5f0f4b6f72882cd57117141b4,d863aecdda7c5c55ee0f24aa71817046,delivered,2018-08-14 00:04:22,2018-08-14 01:05:08,2018-08-15 16:09:00,2018-08-20 15:08:44,2018-08-23 00:00:00
510c373425eabae593ad4cb8953d60f0,6668327c4285ae69687ecc0b3cd7c888,delivered,2017-05-20 19:45:02,2017-05-23 04:10:29,2017-05-23 13:10:31,2017-05-27 05:37:40,2017-06-13 00:00:00
41fc2cc719b1c2fa7b4b621fe7de9ad5,1540e4ec28796daa76fae1a4eec53a0a,delivered,2018-04-09 11:51:00,2018-04-11 06:10:22,2018-04-11 18:58:26,2018-05-03 00:51:01,2018-05-02 00:00:00
541580e54869907a0f5753026ba5298b,3531374f19bb8c7b141d63401042cbe2,delivered,2017-06-05 13:16:58,2017-06-05 13:25:19,2017-06-08 09:50:11,2017-06-16 15:01:34,2017-06-30 00:00:00
fd0342fda6ba083712b6ed0d4e6ac483,1d3e643209846ffadac771cc5dc1ed4b,delivered,2018-07-23 16:24:27,2018-07-23 17:21:07,2018-07-24 15:28:00,2018-08-01 23:46:21,2018-08-14 00:00:00
0b29027a3a98807aea23a764ab594bbd,3375758b2fb28058dece1e3036b24900,delivered,2017-06-08 13:23:59,2017-06-09 02:30:11,2017-06-09 13:56:06,2017-06-30 06:56:39,2017-07-10 00:00:00
afa82d070bcac12eae0dd2f73d9debc8,9a848372d820cd8ddd356f35110c24f7,delivered,2017-09-24 21:01:26,2017-09-24 21:15:09,2017-09-28 17:29:14,2017-10-05 08:38:40,2017-10-17 00:00:00
11d1d2c41d418db52862561ad533739a,4a8767e3ddb2511930c15cfcf6dff50f,delivered,2018-02-09 13:48:09,2018-02-09 14:09:03,2018-02-15 20:07:54,2018-02-21 23:39:08,2018-03-06 00:00:00
db5a41f8a08f620920c7c413e91a4438,df4c4273ca572a5dccb721c358e92c8d,delivered,2017-10-14 10:17:15,2017-10-17 04:25:08,2017-10-17 21:22:34,2017-10-26 22:46:11,2017-11-10 00:00:00
50d6f8533f3af9e65b8f22694ecd96c5,8f9248922bff527fc6d83c24c9dd17b8,delivered,2017-06-12 10:06:50,2017-06-14 02:35:14,2017-06-14 10:53:30,2017-07-10 14:41:58,2017-07-05 00:00:00
e05b2ef0e6f68745846dba198590cb80,3404fbd3964c5abd6fe76ae239b0bd29,delivered,2017-12-11 09:28:15,2017-12-11 09:35:27,2017-12-14 17:37:17,2017-12-18 19:55:44,2018-01-11 00:00:00
f6a07e6a18874c03db78033d90a50648,6d0f452f154628992e07aa608810f082,delivered,2018-02-04 08:17:12,2018-02-04 08:30:22,2018-02-06 16:24:52,2018-02-14 19:22:07,2018-02-21 00:00:00
05aac5a18dcd77932007f57de8650622,d63781bc2b6553205f2670580b30f9aa,delivered,2017-08-18 15:33:26,2017-08-19 13:55:18,2017-08-21 20:13:46,2017-08-25 13:09:54,2017-09-19 00:00:00
0015ebb40fb17286bea51d4607c4733c,da43a556bf5c36a1104c473cff77de6c,delivered,2018-01-14 09:01:36,2018-01-14 09:11:24,2018-01-17 22:56:36,2018-02-01 20:29:51,2018-02-15 00:00:00
08dd64e78f26024b266515d5262be17f,b0a04bc50dbacef330e5b369a90220e6,delivered,2017-05-07 22:18:47,2017-05-07 22:30:17,2017-05-15 14:04:02,2017-05-30 08:12:20,2017-06-12 00:00:00
efd8fbb5584dbe0c69cc120e0a1e1a35,5868fe13603cf87143789d68152b7e67,delivered,2018-04-03 19:00:55,2018-04-03 19:10:19,2018-04-07 01:16:56,2018-04-23 22:42:40,2018-04-19 00:00:00
d448de8241268ed4ffd2e0fd2c3c49b2,162c1ac48f856c0862ca4772ea5eaf78,delivered,2018-08-16 19:32:56,2018-08-16 19:49:30,2018-08-20 14:27:00,2018-08-23 03:51:50,2018-08-29 00:00:00
0ffcc7c4e90436e138f698340e3d0e25,24541b677bb53f2a9ce4c5f8adb74284,delivered,2017-11-25 10:02:21,2017-11-25 10:14:58,2017-12-15 18:59:24,2017-12-29 21:29:33,2017-12-15 00:00:00
a1ec5525a1aa69f0b16cc94e94b421ad,d89ef56a7fd560eead9560b3304e4c2b,delivered,2017-08-14 20:04:27,2017-08-14 20:30:24,2017-08-15 12:22:33,2017-09-06 15:47:49,2017-09-18 00:00:00
1a02b5e9d03ba5e359d175f5185555b3,3214f3b852b728fb06fdea03db0e6bdf,delivered,2018-06-14 10:51:59,2018-06-14 17:58:13,2018-06-25 13:46:00,2018-06-28 14:58:40,2018-07-17 00:00:00
f83d61ff63b249ebaf932dc3e7e2532a,2efe3acbefcdd642ecce2d33d878fb40,delivered,2018-06-20 19:42:06,2018-06-20 19:58:10,2018-06-21 13:14:00,2018-06-28 16:03:52,2018-07-24 00:00:00
c9732ac3b2d1e7666e024148430d70cf,3be8b07b476cf5a8705f9258a217f936,delivered,2017-08-30 20:12:09,2017-08-30 20:25:11,2017-08-31 19:37:47,2017-09-15 17:14:05,2017-09-28 00:00:00
83d500e46a95c23dd67eb3cadbd1bd13,c70141a09d453bc56c7365eafc37d38d,delivered,2017-09-24 01:25:32,2017-09-24 01:35:07,2017-09-26 19:49:47,2017-10-14 16:48:57,2017-11-09 00:00:00
8ac76b2c458e279fd79101768998c836,cae79cc581bb77505c1524de21a58759,delivered,2018-03-07 12:58:47,2018-03-07 13:40:22,2018-03-10 01:17:46,2018-04-02 20:28:27,2018-03-27 00:00:00
58f1c10f00a2c9c563d537758641a714,696ad1fdeacbc4ca39233fce7daa7986,delivered,2018-05-22 19:45:11,2018-05-23 02:54:59,2018-05-23 11:38:00,2018-05-24 22:08:18,2018-05-30 00:00:00
90c9aa0e4721db1de14e8528707b21a2,32ebbfb86919756caf044b0ccca5e316,delivered,2017-05-19 12:41:28,2017-05-19 12:55:28,2017-05-22 10:47:44,2017-05-24 15:04:15,2017-06-01 00:00:00
09903d25ea3d162aeb40057420caa5bb,e4caff66029e8290ad28fab525631c74,delivered,2017-11-24 13:26:15,2017-11-24 15:34:54,2017-11-27 11:13:13,2017-12-26 21:33:40,2017-12-21 00:00:00
59eaa904b3f0dbde2785ac1b27eccd18,3e90b5882ce0e665b837de00a2a8625c,delivered,2018-08-20 10:19:46,2018-08-20 14:55:28,2018-08-21 12:37:00,2018-08-24 16:09:34,2018-09-18 00:00:00
406a59cb4b044ee714963cd2c70fbb6e,5ec25f4ab37a355fab56c7f7b2fbbf55,delivered,2017-10-13 13:17:09,2017-10-13 13:28:16,2017-10-16 18:33:11,2017-10-24 19:20:00,2017-11-09 00:00:00
b1e45a9d2437f4116c3ff5de92d2a527,adac4d8a949f5d6da185e384a4140b18,delivered,2018-02-09 23:56:01,2018-02-10 00:10:32,2018-02-14 21:38:57,2018-03-12 22:18:31,2018-03-15 00:00:00
71b725ecf0efc07cbfb6fbc0d5f894af,1d23076b85bfc61ed3777d9286c75d98,delivered,2018-06-23 16:00:55,2018-06-23 16:19:37,2018-06-25 14:49:00,2018-07-06 16:32:39,2018-07-23 00:00:00
e67084522c92fecab73ff064333c4d62,71c5de0f94eacd6a175c1359ffb7f10c,delivered,2017-05-15 10:14:17,2017-05-16 03:42:35,2017-05-17 14:33:28,2017-05-30 13:08:06,2017-06-14 00:00:00
e9e17d3f50c94ed095960540ab67270f,5c38a435f3613cd83e32cc50043f326a,delivered,2018-06-09 20:47:38,2018-06-09 20:59:41,2018-06-11 12:12:00,2018-06-14 15:32:37,2018-06-28 00:00:00
3b6d25fd68816e26589206485ce69735,f70e63c8c3c0d30ccaf0de8628ead84e,delivered,2017-10-09 21:51:21,2017-10-09 22:07:26,2017-10-10 19:19:12,2017-10-23 19:12:40,2017-10-31 00:00:00
2c8166a4f7d0752f25e70f45565db8b9,0eeb2b8314d2094d0125f61eae1b8029,delivered,2017-08-14 23:35:39,2017-08-15 00:25:21,2017-08-16 20:20:03,2017-08-21 18:14:16,2017-09-14 00:00:00
75b10195b29fe2a89b781edc42f52485,d3dea56be797770f8c942f9fa49877b7,delivered,2018-02-10 21:03:33,2018-02-10 21:35:25,2018-02-15 22:23:16,2018-02-16 21:56:30,2018-02-26 00:00:00
afa91e78effcc9fbc392951b0184f11a,1a16295b6d8a8c0e6dbc56641012558d,delivered,2017-06-04 12:37:28,2017-06-04 13:02:27,2017-06-06 15:12:22,2017-06-14 14:12:33,2017-06-28 00:00:00
ec9ddd49d01dfcfe7794a593be6400b3,5439cd634b1b5e988138fc3f9a791e5a,delivered,2018-03-28 11:26:02,2018-03-29 03:28:42,2018-04-03 20:50:55,2018-04-11 22:11:47,2018-04-26 00:00:00
53ee14bdd0a25171e9c541d97c325cda,1de1fc1813e5760f0a431f334f559e9b,delivered,2018-07-20 14:30:51,2018-07-20 14:45:19,2018-07-24 13:37:00,2018-07-30 12:50:51,2018-08-16 00:00:00
7789aa644b371ea2081e308da732c567,a88ea39144e99debb7c0faee1da6ee51,delivered,2018-06-24 23:22:22,2018-06-24 23:35:15,2018-06-25 13:34:00,2018-06-30 12:51:39,2018-07-27 00:00:00
22085bab9022ec0c41db7a6698de93ae,4fb7cbd1728fe3e7909ca36668074cdd,delivered,2018-05-20 16:28:42,2018-05-20 16:59:20,2018-05-21 13:53:00,2018-06-04 16:12:26,2018-06-11 00:00:00
3653a619f7a0b6e676d9dab8755581aa,454b4ba4ae47ea08a0a94cece37090d9,delivered,2018-04-29 23:53:46,2018-04-30 00:25:22,2018-04-30 11:05:00,2018-05-10 19:07:55,2018-05-25 00:00:00
d61c0e8066e7a5a2e6071533b9efdd95,7981495344f1ca4aad199e996ce20b54,delivered,2018-03-15 14:14:53,2018-03-17 02:40:27,2018-03-20 17:28:32,2018-04-09 23:58:35,2018-04-03 00:00:00
38ca4b9ca59f1a7df492ff59834aaa42,ad6290b75f7f056d101d5193c8a9014c,delivered,2018-04-04 00:02:48,2018-04-05 00:09:25,2018-04-05 19:03:15,2018-04-07 02:19:12,2018-04-23 00:00:00
79ddb52cd14394521548e6550ca75d19,0fd297f407f1cf3551f8c79040a68f4c,delivered,2018-05-04 23:03:45,2018-05-04 23:15:20,2018-05-10 09:14:00,2018-05-14 19:42:35,2018-05-18 00:00:00
5a6cd6b1857e91f2e14f76af61a7ec07,c3d67352aefac1d2bd3bb47b12571c29,delivered,2018-08-14 23:20:35,2018-08-14 23:35:24,2018-08-16 13:04:00,2018-08-17 17:38:56,2018-08-20 00:00:00
cfb94976becda338ad4171c3c072561c,5f3e95d3aa812f28f4d065e24aae40ce,delivered,2018-05-26 21:35:28,2018-05-26 21:50:11,2018-05-28 13:05:00,2018-06-08 23:22:53,2018-06-28 00:00:00
71b4480b617e5a0468d7362efb7c4b3d,2a7cfceba822a5cb1e74455166e4a977,delivered,2018-08-28 07:51:19,2018-08-28 08:05:14,2018-08-28 14:54:00,2018-08-29 20:41:25,2018-09-05 00:00:00
1d63bc71f05d7d540663b4314f166b92,0cd75fa65bd3e702e9c0ed57e9569c67,delivered,2018-04-20 12:24:23,2018-04-24 19:23:55,2018-04-25 14:02:00,2018-04-30 13:19:48,2018-05-18 00:00:00
61059985a6fc0ad64e95d9944caacdad,89bca1b7e71b59a7d206d9d1da65c1f6,delivered,2018-08-13 15:43:16,2018-08-13 15:55:24,2018-08-17 08:40:00,2018-08-28 12:58:16,2018-08-30 00:00:00
41738c6711aba76aa0f4f07640600772,f28f26eb918e84f08cc0934f23d08ff1,delivered,2017-11-14 09:17:29,2017-11-14 09:30:45,2017-11-16 19:41:26,2017-11-22 01:07:20,2017-12-06 00:00:00
1a21e73a0315ba67c5e45cbcd1abd95d,b6debdaf65d20e037db74e2d1c66e22b,delivered,2018-03-29 14:24:24,2018-03-29 14:35:14,2018-04-03 00:38:38,2018-04-14 12:58:32,2018-04-24 00:00:00
107184b32040eb4fb9bfad381805d105,dc64cafc0368f3afe3581fa195275935,delivered,2018-06-25 20:11:07,2018-06-25 20:34:14,2018-07-05 09:40:00,2018-07-12 21:34:46,2018-07-27 00:00:00
905f7a43f18905597465564ae6deb958,cad72c6ad6d5b6d95ce0056e1e7948a8,delivered,2018-08-10 22:59:49,2018-08-14 04:45:20,2018-08-15 05:41:00,2018-08-28 21:41:40,2018-08-30 00:00:00
1eb7606f2ad568b8303fb24c8ab1e2cd,bac56672aefaf3167d4d46c1ed0fdc92,delivered,2018-08-01 13:39:53,2018-08-01 13:50:14,2018-08-03 16:11:00,2018-08-07 20:28:46,2018-08-13 00:00:00
3e264051f522e1ac4d07e648a9080784,05714f8e1d0dd41cfe8b94b23166f793,delivered,2018-08-12 18:23:47,2018-08-12 18:35:19,2018-08-13 15:36:00,2018-08-20 23:32:53,2018-09-12 00:00:00
15a8c5377a1ec81646e364e8b6aabf90,8b3030e1f68b2913007ec34c76b6514a,delivered,2018-06-04 18:26:47,2018-06-06 03:11:15,2018-06-06 13:35:00,2018-06-07 16:54:31,2018-06-28 00:00:00
94a01dd9a6fd7d30b879bd61b85a1c00,ea330b398b2ea97bf0ce6b3d36fa0698,delivered,2017-05-21 09:58:15,2017-05-21 10:10:17,2017-05-24 12:14:23,2017-05-30 07:19:46,2017-06-14 00:00:00
99a12301d30f34d260111f258570bbfc,13d21f0e70fdbeea58a5dfb183f2f086,delivered,2018-05-17 09:57:40,2018-05-19 02:58:45,2018-05-21 16:43:00,2018-05-24 18:18:23,2018-06-06 00:00:00
df8bb1c5e34a83edbd547f2fa290801c,49514292b7c96900328c314056e19641,delivered,2018-02-26 10:49:26,2018-02-26 11:10:05,2018-02-27 18:36:10,2018-03-06 14:14:05,2018-03-21 00:00:00
777bf4670edce6de8fa9aa0b68b57b28,b9b977b5750b820d527dd864ed74c4c1,delivered,2017-07-10 21:20:01,2017-07-10 21:45:16,2017-07-12 21:33:13,2017-07-21 19:52:15,2017-08-01 00:00:00
5e42950b6aa90d698e75af4e41641386,c9fe1c67c4d2d851dd6d1a81751636a2,delivered,2017-05-11 16:21:10,2017-05-11 16:35:09,2017-05-16 15:29:09,2017-06-27 09:32:09,2017-06-14 00:00:00
1a2a468a88fbd60a59aae3fc94bcf40d,5f0b7da5a7b0c5db24d34ab68757c129,delivered,2018-05-15 09:45:26,2018-05-15 11:14:35,2018-05-18 11:24:00,2018-05-29 21:33:00,2018-05-23 00:00:00
d0f2eab6dd80aa594023f8ed3bd024be,e2fe3fe92da7cfb1115664a4f48446b9,delivered,2018-08-21 23:24:29,2018-08-21 23:35:15,2018-08-22 14:22:00,2018-08-28 20:44:46,2018-09-17 00:00:00
882e8af23c36f8930312f88cacde187b,39956a419d1d92294fa20b02d3ba8664,delivered,2017-08-22 09:59:09,2017-08-25 10:30:25,2017-09-01 20:44:49,2017-09-14 20:05:40,2017-09-20 00:00:00
24bb994d197981b7ea2d6838f535c190,09a9ef35990d77c960763ec0c5a269d3,delivered,2017-05-03 15:55:07,2017-05-03 16:05:20,2017-05-04 13:49:01,2017-05-13 09:27:44,2017-05-24 00:00:00
0d799dd97f4ffcecba2864882585f677,969490358923f64400791dfecc39ad28,delivered,2018-04-05 14:56:55,2018-04-07 13:48:00,2018-04-09 18:22:41,2018-04-12 12:48:40,2018-04-25 00:00:00
028e37ed7cdd54ad41506f61df708cf9,5bbc72ac56e6c2d61f23a8a91a6ceac6,delivered,2018-04-10 16:44:54,2018-04-10 16:55:40,2018-04-11 18:08:43,2018-04-12 18:37:36,2018-04-25 00:00:00
91df6f3cf26d70ab6a918d29d0a0b906,d99d4916f321d6691a8aee32b3d09b95,delivered,2018-03-22 16:15:09,2018-03-23 02:15:51,2018-03-23 18:36:29,2018-04-11 19:47:48,2018-04-13 00:00:00
93d3f82c12e9b949a4aaa4ebe4602fd0,7643b43de9e212cd2a0205a0ab34586b,delivered,2018-01-24 21:53:15,2018-01-24 22:12:28,2018-01-25 17:28:29,2018-02-22 00:21:15,2018-02-23 00:00:00
99f0135f704042736be706684c4aaac3,452cb05b9c1a46b6cc490b03122044af,delivered,2017-04-07 15:09:26,2017-04-08 02:45:42,2017-04-11 10:07:09,2017-04-12 15:43:57,2017-04-28 00:00:00
e3ece21d7c72cb7ccac97cf62de62891,87fb98f4e2e75710737171902c080422,delivered,2017-10-19 02:12:45,2017-10-19 02:28:14,2017-10-23 22:27:39,2017-10-26 23:11:58,2017-11-27 00:00:00
ea2885f040ff7729e3d94488802e2917,667851f75c78e125a443fece275f310b,delivered,2018-05-12 17:27:38,2018-05-13 17:33:36,2018-05-14 13:57:00,2018-05-17 17:18:48,2018-06-19 00:00:00
cba168048c28675b998a0b46d19a672f,817b5694bac6be4b10006aa850f8e38b,delivered,2017-10-20 17:28:24,2017-10-20 17:35:27,2017-10-21 14:38:06,2017-11-01 17:17:47,2017-11-13 00:00:00
2d7a8c97e529d66fad6f5eef0f44d6a4,e827d6d66034a4a1dd0cdff18f7c372c,delivered,2018-04-19 22:37:19,2018-04-24 17:53:00,2018-04-23 18:46:52,2018-05-07 23:03:35,2018-05-14 00:00:00
20efd9f000215e0bbefcf087e8cf3d61,e007ccb7fb0cf68447eb8258465d68c6,delivered,2017-06-06 23:09:17,2017-06-07 14:25:18,2017-06-08 13:03:35,2017-06-16 14:09:49,2017-06-30 00:00:00
6e4aa96643864493bb291057da474fbc,dcfca4b1f0b7341e8810ed4b9ebe1b6d,delivered,2017-05-07 14:06:36,2017-05-07 14:15:20,2017-05-12 10:28:36,2017-05-20 09:11:12,2017-05-31 00:00:00
0db1291d4169060a3cd5b83f61c2904a,8179ac0bb632704ff51d60a196e441a4,delivered,2018-02-12 14:05:30,2018-02-12 14:15:46,2018-02-14 18:48:07,2018-02-16 02:16:09,2018-02-26 00:00:00
0c3da4384feb21f0def324b1b7d6f082,8d08e007413e1b44d81c1af9f916dab4,delivered,2017-11-09 12:22:48,2017-11-09 12:35:35,2017-11-27 20:35:46,2017-12-04 23:22:38,2017-12-01 00:00:00
8003e1099872d27581e211a7cf5422cf,3085208ef72d0f6c9ae2c1d7872609db,delivered,2018-03-18 20:29:14,2018-03-18 20:47:51,2018-03-20 01:55:26,2018-03-29 22:11:27,2018-04-06 00:00:00
51443d57f4db8cd4a58620d7b9a8c723,605ebe3184dc4b42aa2329b78b416ce6,delivered,2018-07-31 08:21:53,2018-07-31 09:30:31,2018-08-01 11:21:00,2018-08-08 21:20:04,2018-08-22 00:00:00
b6c8fc239ffabf4952f94605278ef226,f75b1f70d9e9686eb2dfcaf128f1a747,delivered,2018-02-11 07:28:44,2018-02-15 04:07:25,2018-02-16 21:07:30,2018-03-01 20:35:08,2018-03-16 00:00:00
1d0cb4b170fe0f5f20475c4ec3ec4f06,89d3acddfe3e52705206aeb30a6a7217,delivered,2017-05-17 18:14:31,2017-05-17 18:25:11,2017-05-19 14:49:11,2017-05-25 12:05:18,2017-06-14 00:00:00
0374e57efce00e3004e93acd6310c58f,ee5b048a2bbbcaa49900bb4e0fa515c9,delivered,2017-12-16 12:25:18,2017-12-16 12:32:22,2017-12-19 00:34:07,2017-12-20 20:03:15,2018-01-05 00:00:00
134fc3d70972d3de090dec9bae0c7918,05782799bb7c222ea760230ec20c8ff4,delivered,2018-02-21 14:37:00,2018-02-21 14:50:33,2018-02-22 17:53:05,2018-02-23 21:34:47,2018-03-07 00:00:00
89369c30d40142dde7d12c55b1c67bdb,e7f39eb0a7438c0965cf243a0cbe7e91,delivered,2017-07-27 16:40:14,2017-07-27 16:55:13,2017-08-01 15:26:42,2017-08-16 20:07:44,2017-08-28 00:00:00
adc288e02bde1d4f1f86ebcee288aa59,a7056034bcc7c12cd4140957ee3c342a,delivered,2017-05-23 12:22:02,2017-05-23 13:05:47,2017-05-24 09:38:50,2017-05-29 11:07:54,2017-06-12 00:00:00
3b132068223649635448d659e7826d12,44ffbbe638352715960ef277769549e2,delivered,2017-11-17 13:00:45,2017-11-17 13:55:26,2017-11-17 21:54:57,2017-11-23 17:52:59,2017-12-07 00:00:00
e634ef64a41599a3ddcd8bcef955e364,e54f507ec1ad92aaaded5565f48f1a19,delivered,2017-05-04 13:24:53,2017-05-04 13:35:22,2017-05-08 15:38:03,2017-05-23 20:09:43,2017-05-25 00:00:00
d45eb8b423190d51b78089dfaccc95a2,c43869269cc00035fa78becf648d99a3,delivered,2017-04-08 12:54:43,2017-04-09 13:03:52,2017-04-20 12:00:30,2017-05-15 11:38:11,2017-05-23 00:00:00
1a46eb0d470ee3c0017de58bf9a988d9,732bd2b22741579df7ac77d1be10e389,delivered,2018-02-24 13:31:27,2018-02-27 03:31:09,2018-03-01 23:04:59,2018-03-05 21:51:53,2018-03-12 00:00:00
90b22de691552b213f33c2a25c74c413,fed93511fb2472a401433bf486958f60,delivered,2017-05-16 11:26:30,2017-05-18 02:23:00,2017-05-18 09:59:01,2017-06-05 18:19:34,2017-05-29 00:00:00
cbf3948b0c5e72fc6ae9b3decce90451,88d7e0cd6f4210086384abf54a6bfbb2,delivered,2018-02-02 18:07:49,2018-02-02 19:02:59,2018-02-05 23:18:30,2018-02-27 18:13:19,2018-03-02 00:00:00
4882f3ba2955233931dbfa02945db130,2b9f077c74b850eb1b3e6c5750233baa,delivered,2017-11-25 23:05:03,2017-11-25 23:16:28,2017-11-28 22:28:27,2017-12-30 01:42:10,2017-12-19 00:00:00
ca7e19e74d65b16d67b264b37172cb1a,692192e25c5a64eb1bb79a61f5e6b236,delivered,2018-05-11 14:48:08,2018-05-11 15:12:11,2018-05-14 14:04:00,2018-05-23 00:12:57,2018-06-01 00:00:00
662dd9cfb9338f3ac5ef63af393d7e32,4954f22f577505c7efaa1117e9c014f4,delivered,2017-08-25 19:20:35,2017-08-25 19:35:16,2017-08-28 16:08:56,2017-09-08 20:12:07,2017-09-13 00:00:00
5c5a8c9c0e8a30b697d7cea5123db572,3951726c606aecacde87770d968bfcbf,delivered,2018-07-22 12:31:20,2018-07-23 11:32:08,2018-07-23 10:12:00,2018-07-26 16:19:51,2018-08-10 00:00:00
4fe4120d5ff847b658ad80188256cb99,6d0e46867a3f2b90a1e26bda0b1af118,delivered,2017-04-27 00:12:04,2017-04-27 01:15:14,2017-04-28 15:44:12,2017-05-09 09:55:03,2017-05-26 00:00:00
0f3d2ca532c34901392f4d86e4a1e5ba,a7d13418ff9eec5defb8034d9eb8771c,delivered,2017-10-02 14:28:59,2017-10-02 14:49:14,2017-10-03 16:34:32,2017-10-10 13:00:29,2017-10-27 00:00:00
db06ef65b157c381358ccccdfa3d1aea,908a70e8720a4968e76fbf0a721c78c1,delivered,2018-01-19 09:19:07,2018-01-19 09:35:53,2018-01-23 19:39:12,2018-01-25 00:28:10,2018-02-06 00:00:00
a915d736d392c278f5220c55f8275393,6ca4dcf487355859b92e1dbdb1d3238b,delivered,2017-07-21 22:12:35,2017-07-21 22:25:21,2017-07-28 18:54:55,2017-07-31 18:47:40,2017-08-07 00:00:00
35ebf843a8ae15a2ec5e2467f811c593,b9c971c49e30ccad3566cf4e76d61c7c,delivered,2017-08-22 17:25:15,2017-08-23 02:46:57,2017-08-23 14:13:30,2017-09-02 13:30:12,2017-09-22 00:00:00
93ae3ec4b92402eb33c04034d5e70d2a,76b10e7807773c14873820db20ae1b56,delivered,2018-02-07 14:46:59,2018-02-07 15:11:07,2018-02-08 18:48:55,2018-02-23 13:12:36,2018-03-12 00:00:00
a4841e5f06a8d3ab2f2bea2ad95c38e7,cecd159026043bcaaf53374f0682ed9f,delivered,2018-06-26 20:25:26,2018-06-26 20:35:14,2018-06-27 09:40:00,2018-06-29 16:29:34,2018-07-19 00:00:00
2ccca1fe20c84ea4cb95b191e260cf16,4242d8b3a868764dc68d8fa1aa611192,delivered,2018-02-25 11:31:41,2018-02-27 04:31:10,2018-02-27 18:06:47,2018-03-05 19:19:04,2018-03-16 00:00:00
b2b7813f1cf4afc8e5728398618bbd7e,0b1e0ce6b033ff2e254f452222ac14f3,delivered,2017-09-24 04:07:16,2017-09-24 04:25:05,2017-09-25 19:09:29,2017-10-07 13:30:12,2017-10-20 00:00:00
0cbe8449b3c0fac35f49a95db13cbda9,04e60b8790c932207bff0db5c8887a31,delivered,2018-02-12 18:36:53,2018-02-12 19:20:19,2018-02-15 15:38:42,2018-02-21 19:08:08,2018-03-09 00:00:00
497382d2dc606112bc69b5cf182f15b6,a9434e011c74b3cfe8649aafc303c441,delivered,2018-02-09 19:46:52,2018-02-10 12:10:24,2018-02-14 19:36:55,2018-03-05 22:09:45,2018-03-16 00:00:00
0152de20f6e09fb1133847df8babd490,cc427818670e1a876ce1a0c989d92f68,delivered,2018-08-07 22:42:13,2018-08-07 22:50:19,2018-08-08 16:00:00,2018-08-14 21:17:37,2018-08-16 00:00:00
37da265b43b0eabb4777f9be4ee0daf1,4a6799c4adf050033f0e5d578141a407,delivered,2018-04-11 07:38:12,2018-04-11 09:11:56,2018-04-12 16:52:38,2018-04-20 15:51:34,2018-05-08 00:00:00
85a3602f48becf78584dbd58d22f85b7,68f0712983fb37ab0fcd7723ae3738fe,delivered,2017-10-01 19:35:20,2017-10-01 19:49:40,2017-10-02 15:03:50,2017-10-04 15:48:11,2017-10-19 00:00:00
eb4d305848989350701a75e1cb3c0a93,00e200fe66bc8553bd83681887d6176f,delivered,2017-04-20 09:57:34,2017-04-20 10:05:45,2017-04-20 16:15:47,2017-05-02 14:33:30,2017-05-24 00:00:00
1de11af0216efe10b1cbe006026cf569,48b2b8eb61d2ae8ff26cc726f4a48894,delivered,2017-10-13 14:02:38,2017-10-13 14:14:48,2017-10-16 22:14:58,2017-10-25 17:48:10,2017-11-06 00:00:00
5b5144a746963b5eff535ab86fd72942,89afdab8a63d03ceb3c40cf168755471,delivered,2018-05-09 22:06:14,2018-05-09 22:15:22,2018-05-10 16:37:00,2018-05-11 18:41:28,2018-05-17 00:00:00
9b871ac52352fe5c58010cad01550b6c,38a4682d6d079b67682fa6e895fbc980,delivered,2018-08-06 09:41:09,2018-08-06 09:50:24,2018-08-06 12:55:00,2018-08-07 18:50:50,2018-08-09 00:00:00
6164f657084f27df744b7ba94beee2e1,640c8795259e57d4b730211f3da2271a,delivered,2017-07-05 12:03:14,2017-07-05 17:42:58,2017-07-06 15:57:38,2017-07-11 18:33:27,2017-08-08 00:00:00
c361406c8d2eccd0d8ba53309bca045e,0086b541a59fa554e7953e2d3c285285,delivered,2018-07-26 16:26:56,2018-07-26 16:44:19,2018-07-27 14:00:00,2018-08-03 19:08:33,2018-08-17 00:00:00
97d6279a91ffe03ed63041acff508488,4100069ffa623d7dc3ae8f1dfd4bec10,delivered,2018-05-07 15:47:59,2018-05-07 17:30:06,2018-05-08 15:55:00,2018-05-18 19:47:01,2018-06-14 00:00:00
2e32dea8a4d1ae5499a67674b387bc6a,7fd973e7865ee210512c6222d387e7aa,delivered,2016-10-06 02:53:39,2016-10-06 15:53:39,2016-10-21 16:32:48,2016-10-27 14:02:34,2016-11-28 00:00:00
536e67ebddde7719b68c4fbb35aac905,3ab8ad6d20715cb0ee1036d31ed67029,delivered,2017-11-24 11:15:40,2017-11-24 13:15:27,2017-11-28 23:12:21,2017-12-01 22:10:47,2017-12-14 00:00:00
4b73f2ad2d258e45ad46b02fa9125f74,56da5174c744af709d2e87b3b2d1fac4,delivered,2018-05-16 14:25:43,2018-05-16 15:34:45,2018-05-18 19:00:00,2018-05-21 22:04:04,2018-05-29 00:00:00
f464bdc3b17c2085e54b66d8e5ae1695,59cac1762d59c78c991fbd9e3cd06bdf,delivered,2017-05-25 11:07:58,2017-05-25 11:22:46,2017-05-29 09:04:01,2017-05-30 11:11:59,2017-06-07 00:00:00
1ee4815d0b4638b47727ce58ef0fbc5d,f9f127bc68d9b0bceaa2759929d6048b,delivered,2018-08-18 09:57:54,2018-08-18 10:10:09,2018-08-20 14:38:00,2018-08-27 16:50:55,2018-09-13 00:00:00
2671fbea1d23cb4415ae5e3902961d61,707820300c6625542265b552fbdb4700,delivered,2018-01-25 16:24:17,2018-01-25 16:34:56,2018-01-29 19:58:47,2018-02-06 21:53:37,2018-02-22 00:00:00
5f910336c1739df9cd23f555a50f5914,c4ac325fd53cbbb5fefd94260aef1c04,delivered,2018-02-06 15:53:48,2018-02-06 16:11:45,2018-02-14 15:42:33,2018-02-27 18:50:10,2018-03-09 00:00:00
db9f2956d5aa9406afedc858c51c2f5f,545b3f9dcf5aebe2020cbdcc23c06101,delivered,2018-03-12 21:31:27,2018-03-12 21:48:12,2018-03-14 00:24:25,2018-04-03 23:08:34,2018-04-12 00:00:00
591776df8fe679d1406cdf74040ba972,9135d15b2375bb7ae359911c404bf841,delivered,2018-06-22 21:50:08,2018-06-22 22:17:42,2018-06-25 12:55:00,2018-06-26 15:31:59,2018-07-05 00:00:00
2aecd29fc36d9e1ca2ea9f74ef4c7c05,0578b89ec329601c10e1f39edb7280f2,delivered,2018-02-22 18:41:17,2018-02-22 19:20:19,2018-02-26 20:17:45,2018-03-03 13:16:56,2018-03-08 00:00:00
c562f2bc6c997a43b59465ebec4e8d9d,7382e15ba41c27a6daf688404b5709ea,delivered,2018-03-17 11:42:58,2018-03-17 11:55:30,2018-03-20 19:38:53,2018-03-22 22:19:47,2018-03-29 00:00:00
7ecb4d4ceeb5476acf1552bc276b37c5,136880fade3bb7ad3d803f7a7a7506c5,delivered,2017-06-24 22:33:58,2017-06-24 22:42:50,2017-06-26 12:36:00,2017-07-04 12:44:51,2017-07-18 00:00:00
a55bc0ec4a744ea57652f24a183894dd,2abce617f1be14e5f789fc9c2f5c91d1,delivered,2018-02-28 19:25:17,2018-02-28 19:36:03,2018-03-01 20:37:07,2018-03-10 18:03:01,2018-03-20 00:00:00
f340220668141a9755810a13d31f95ad,17a86a3ce7de4116e732b36c8b8f628e,delivered,2018-03-20 20:47:29,2018-03-20 20:56:05,2018-03-23 01:08:41,2018-04-07 02:14:46,2018-04-10 00:00:00
60df90a3bd98ae3fd3048b19403d33f8,a243a93608e91d8da574d337c015a6e3,delivered,2017-06-22 21:08:39,2017-06-22 21:22:48,2017-06-26 09:58:48,2017-06-30 14:46:26,2017-07-05 00:00:00
93d7e1f0c5415c1a0679635187700f1d,1288df1d9da5e124c94b06a6ba3ca50b,delivered,2018-08-28 16:33:22,2018-08-28 16:50:08,2018-08-29 16:08:00,2018-08-30 20:58:42,2018-08-31 00:00:00
4f3d4a1f5d64be803fb322242a968047,a718a6a2ef929d33b05173db47e11080,delivered,2018-04-03 17:40:11,2018-04-03 17:50:18,2018-04-04 21:28:51,2018-04-13 14:08:36,2018-04-27 00:00:00
07677527dea7bbe02d91875f7764c6cd,69a7c2c293e83fd36e2fd81a7bcb74b3,delivered,2017-06-05 09:11:38,2017-06-07 02:50:11,2017-06-14 15:19:49,2017-06-29 17:57:50,2017-07-06 00:00:00
746b06a44d14deca5f655b036a47ed0f,bef5c0e0b094f0abf4f9bc96e9e546dd,delivered,2018-02-15 10:28:39,2018-02-15 10:47:51,2018-02-22 20:19:08,2018-02-23 23:28:54,2018-03-02 00:00:00
7cf0a314b3b759a5b27f4a0348de6556,ba6a79846e82d93b8e30f35a1f89ae36,delivered,2017-06-10 16:44:21,2017-06-10 16:55:19,2017-06-13 10:09:08,2017-06-14 12:34:23,2017-06-29 00:00:00
d34e369fbc5cb753012079961b615121,c651c585480832aaefbec136aebe2afd,delivered,2017-01-23 14:58:00,2017-01-24 03:50:56,2017-01-24 13:10:27,2017-02-03 09:32:10,2017-03-02 00:00:00
43ac8d91a0749b176f9c311545881aa7,f6eb8f504aabaa9ff9bfe57d5200dbe6,delivered,2017-12-25 22:27:52,2017-12-25 22:36:29,2018-01-03 14:22:49,2018-02-01 16:12:12,2018-01-19 00:00:00
3a17199c5f4688279c69a931b1950c86,138729be4db081ad246847b0e3b899a5,delivered,2018-03-22 14:18:16,2018-03-22 14:30:31,2018-03-26 21:56:26,2018-04-04 22:05:27,2018-04-10 00:00:00
c89faf2acf424fe14db2131b5b6ae379,26e9cd515e13709e836352c5c9c462be,delivered,2018-03-15 22:54:14,2018-03-15 23:11:04,2018-03-21 14:12:14,2018-04-06 19:50:54,2018-04-06 00:00:00
93e856badcb505cba97cd4dc34a64f06,22114b7e1101d29dc4b9071a9b6b5bd0,delivered,2018-01-03 21:39:45,2018-01-03 21:47:25,2018-01-05 00:10:06,2018-01-13 00:44:56,2018-02-01 00:00:00
977b31c8455f33c500fbd18a7770be82,55797a8a69854e4fc1e636937f0c05eb,delivered,2018-07-29 20:17:40,2018-07-29 20:35:24,2018-07-31 11:46:00,2018-08-01 16:41:52,2018-08-02 00:00:00
59dd30ed66bb5ab4c41d8333eb272b8e,1e44951cea9cac0d305ae89e6b2247ee,delivered,2018-05-13 21:26:05,2018-05-13 21:35:14,2018-05-17 13:29:00,2018-05-24 15:32:50,2018-06-06 00:00:00
270f5a5025de7523edbc65d690647f33,44c1de7065467e83835227adbd8af943,delivered,2017-10-18 15:59:04,2017-10-19 10:14:11,2017-10-20 18:57:44,2017-10-26 20:32:25,2017-11-17 00:00:00
016495aaab3fb481dc9decab2b4fdbfb,bd1b4c23a6f9365b44d99b2c7905cea2,delivered,2017-11-19 17:51:15,2017-11-21 03:48:25,2017-11-21 17:11:54,2017-11-22 17:52:46,2017-12-01 00:00:00
2dc5ca4f77839266648dbc98c8c13142,e1301cc68b82ab74180bc970f3e6c81b,delivered,2017-07-31 23:06:46,2017-07-31 23:25:30,2017-08-03 14:12:29,2017-08-08 20:47:24,2017-08-28 00:00:00
7597c7c4c83261b22f9e17126dd703e3,734618dbd23f573007a52fa66895ce42,delivered,2017-07-01 07:07:56,2017-07-01 07:23:40,2017-07-04 13:07:24,2017-07-07 19:17:28,2017-07-18 00:00:00
0cb2b99573bb73a8e2228ffda426dd9f,fe897037e8018ae4e35bee4ea067420a,delivered,2018-04-03 12:59:40,2018-04-04 12:50:27,2018-04-04 22:58:59,2018-04-17 21:36:29,2018-05-02 00:00:00
8b308e477ac0136cd944e507c62edace,4d91a0aeb419c5f2629c4a2a00c08dac,delivered,2017-12-12 22:40:14,2017-12-12 22:50:56,2017-12-13 23:46:14,2017-12-19 16:04:54,2018-01-05 00:00:00
7321b3d6dabc180e041d57f60a5b838c,685eb37a9cadabd8f2ad2259cca7ed97,delivered,2017-07-27 08:45:45,2017-07-27 09:35:26,2017-07-27 19:22:43,2017-08-01 18:29:53,2017-08-23 00:00:00
edf1dea9f76f933cb288087ed17474cf,a77a9a2473d3fb4e562bdd4aeba44229,delivered,2017-10-28 16:36:47,2017-10-28 17:21:30,2017-10-30 17:52:11,2017-11-11 16:24:41,2017-11-27 00:00:00
f9af40e68463ab36441bae99e215e3e0,4f1b55a9a3ff88770c4e6623b5d701c6,delivered,2018-06-18 11:42:48,2018-06-18 12:37:17,2018-06-22 15:17:00,2018-07-04 19:19:00,2018-07-17 00:00:00
b5c372b6166768fd040afdb4f18a4b4a,320567e24f1b4c7c15f405f9f4923715,delivered,2018-02-14 17:42:43,2018-02-14 17:56:10,2018-02-16 12:35:36,2018-02-26 19:24:05,2018-03-06 00:00:00
085364fbac51681978eace38694d4683,52785c19610440b44c7ebbbe7b009b6c,delivered,2018-04-19 18:12:15,2018-04-19 18:32:04,2018-04-23 20:12:22,2018-05-10 23:28:34,2018-05-16 00:00:00
bef875448d5a4f703555d2dd5f8382b5,4a6f6cd7b3fa8d3f9a370adfdad0fa97,canceled,2018-01-23 09:48:56,2018-01-23 10:20:10,2018-01-24 21:04:56,,2018-02-22 00:00:00
c3282d67d6e224add80f8bc4b9edc1a7,b3db3ccf1c90f66819682692e2c30858,delivered,2017-10-27 10:55:30,2017-10-27 11:05:19,2017-10-27 18:58:40,2017-11-06 23:05:18,2017-11-28 00:00:00
1e6025fd19451c74352d0bbf6a218bf6,115159a20c6d95890cbf83916b57b07c,delivered,2017-01-27 21:23:00,2017-01-28 10:33:49,2017-01-30 11:17:50,2017-02-09 11:07:43,2017-03-17 00:00:00
489f6e3f33b0c5303c7f0c83f3ea8db5,4f53572a0b69b4bcb158ce76062be4cf,delivered,2018-04-02 14:06:57,2018-04-03 14:09:55,2018-04-05 21:45:49,2018-04-11 21:21:58,2018-04-23 00:00:00
842e1880e0859a810c436d8576aab76b,992ff4367edf788b631d051cfd336b61,delivered,2018-05-01 12:07:08,2018-05-01 12:34:20,2018-05-03 06:31:00,2018-05-04 21:38:52,2018-05-15 00:00:00
9fce4af6a15c3fa67e2ee1b52839d6dc,7e4b0829dda8a60be1eaeece2b9dbe51,delivered,2018-08-16 00:54:09,2018-08-16 16:40:48,2018-08-20 13:45:00,2018-08-28 21:11:37,2018-09-03 00:00:00
747cce3ab1f2a36846e013700b93f0ba,07dc646e60f43f27c97c26888b7445b6,delivered,2017-10-09 23:27:36,2017-10-09 23:49:39,2017-10-11 15:34:20,2017-10-18 17:59:04,2017-10-30 00:00:00
5d4aa068372bd9c8e056357446f19e6b,80f1da109c3348abf3ad13821c6d962a,delivered,2018-04-11 23:00:38,2018-04-13 12:35:29,2018-04-16 19:03:57,2018-04-17 18:36:50,2018-04-27 00:00:00
985d0c0ccec26ad02366fa0039af6fb3,2aa2f3c52c5c2cd6473b38b6cfaa2708,delivered,2017-07-30 00:34:47,2017-07-30 00:45:09,2017-08-01 20:52:27,2017-08-14 21:43:47,2017-08-30 00:00:00
d71ce9a8dfdd7b011e375b0d3b172e6d,aaddcd6d96a67efcc7a4f5121141a518,delivered,2017-09-14 09:25:59,2017-09-14 09:35:20,2017-09-14 15:37:37,2017-09-26 18:36:05,2017-10-10 00:00:00
8bf8a39f0859c5d00da3d27e8ef39d7f,68456c68418d85d923e94603959e8bc2,delivered,2018-04-29 17:11:58,2018-05-01 05:13:57,2018-05-04 14:29:00,2018-05-14 22:34:48,2018-05-23 00:00:00
482c3ed0fe2eb68b316507e78faa6783,1ea6e83f3f7e635b07ff88693fb6e2b1,delivered,2018-01-13 09:45:34,2018-01-13 09:55:30,2018-01-15 19:28:48,2018-01-25 15:52:37,2018-02-15 00:00:00
2459bca272ccc6f981f72bed1634255b,096b3232e0ebbd72be401f1ef095e159,delivered,2018-04-28 23:02:40,2018-04-28 23:15:14,2018-05-02 14:51:00,2018-05-04 17:12:02,2018-05-09 00:00:00
183d37c4e4e642bb223c42532298c6f0,d7f9a21f975d9f10081a6ba5ca621954,delivered,2017-07-13 09:08:31,2017-07-14 16:05:12,2017-07-19 20:09:40,2017-07-31 17:45:32,2017-08-24 00:00:00
3b618bc550d4cdea4c9737ee75b61287,476d38de4beb6fa4eb5790c87aebcde3,delivered,2017-03-16 14:05:59,2017-03-16 14:05:59,2017-03-17 12:21:59,2017-03-29 13:22:15,2017-04-07 00:00:00
bb6366371ed9745cc3f7efea6940cf6e,0999d46493c50913867f47b39d5a1114,delivered,2017-08-30 23:18:43,2017-08-30 23:35:14,2017-08-31 20:23:36,2017-09-06 18:37:04,2017-09-20 00:00:00
d566543182412210d24ad79aa1b4330d,f7f2f01ba77fa1b1466c30aed84e66fe,delivered,2017-09-20 13:27:33,2017-09-20 13:44:18,2017-09-21 17:08:58,2017-10-03 21:13:17,2017-10-17 00:00:00
281bcc5174ebdbddcfcdc68322ee9527,7120f37eddaf23118bf763914cf31fa6,delivered,2018-04-05 18:54:25,2018-04-05 19:09:31,2018-04-07 01:42:30,2018-04-18 19:05:59,2018-04-25 00:00:00
04198c2c90b3fcfaec75a836841dafe2,06a2924116558070913fd36d2b01039c,delivered,2018-08-19 20:31:49,2018-08-20 13:10:01,2018-08-21 14:50:00,2018-08-27 18:22:47,2018-09-05 00:00:00
b2a25b6f671017afa5190546ca5b89e9,1520225ce891e1d6768c68b12052d208,delivered,2018-08-21 14:52:52,2018-08-21 15:10:43,2018-08-22 14:28:00,2018-08-23 21:44:39,2018-08-27 00:00:00
19ed69d3a61ae0fccfc6680129b94f10,a595f578686ca68144b97b847b289d2a,delivered,2018-03-12 16:30:22,2018-03-12 16:40:43,2018-03-13 17:26:21,2018-04-07 17:20:47,2018-04-03 00:00:00
d0ec19bf3a898ff42bbe48cdc06bb7fe,b66cd04aca983b1bd853a326273d0481,delivered,2018-05-21 19:12:26,2018-05-21 20:35:21,2018-05-22 14:25:00,2018-05-23 17:51:51,2018-06-07 00:00:00
4000f82f3395a0f2a5ad6a4e32060a66,d487aa340a91e854f5108e5477f210b9,delivered,2018-04-27 09:40:53,2018-04-27 09:55:17,2018-04-30 11:18:00,2018-05-08 16:17:40,2018-05-22 00:00:00
0d0665d64b4dd1dae2ed97fa92509144,831f66f86273e58c41a61f27987bbc13,invoiced,2018-04-24 09:19:11,2018-04-24 17:53:10,,,2018-05-16 00:00:00
f1c7b00587039ff67fbfd21282067083,e3ebc2b191de8d9bc323e94f6f41eaff,delivered,2018-08-18 03:48:35,2018-08-18 04:09:31,2018-08-23 15:14:00,2018-08-25 15:46:25,2018-08-29 00:00:00
f73e50c9dd2f26840757a746b2c8cb15,0eac9f4329a924e1289b5451e1a0f683,delivered,2017-10-01 13:07:36,2017-10-03 04:28:27,2017-10-04 15:13:20,2017-10-09 20:55:10,2017-10-24 00:00:00
d374b00ca864bcf61a03638e73cb744e,24e69f16d58f72c3cf950598399a16a5,delivered,2017-06-22 11:54:35,2017-06-22 12:05:47,2017-06-23 11:49:08,2017-07-03 15:27:48,2017-07-18 00:00:00
08b4c64d698b84d3446b4198b9f27ef2,4fe1f12184b1d22b91608c08757d5f2e,delivered,2018-05-15 12:19:39,2018-05-15 12:34:54,2018-05-29 09:51:00,2018-06-05 22:58:29,2018-06-28 00:00:00
d184b9c3e16c01c0507923c0ae50d1b3,e118e14ed443bc9e2ea96b5bbe09ab14,delivered,2017-08-01 12:50:41,2017-08-01 13:05:48,2017-08-02 18:04:37,2017-08-08 21:17:28,2017-08-23 00:00:00
ca0b30de0e60967b91fd5366743ba643,fcdd6eb28f7ee1db301d1175f0a7b392,delivered,2017-10-31 11:15:17,2017-10-31 11:30:41,2017-11-01 19:12:23,2017-11-07 17:44:04,2017-11-08 00:00:00
a966954fa1c451757b4d6c77946f9863,2f54fe23880698b37d980be4da8af756,delivered,2018-08-27 19:59:06,2018-08-27 20:10:21,2018-08-28 20:35:00,2018-08-29 18:48:50,2018-09-06 00:00:00
700629e7c6ce5bf5a7a467f595d46b16,093d8d33d1d80c01f9bae154fc35488b,delivered,2017-09-14 10:57:49,2017-09-14 11:05:46,2017-09-15 20:07:55,2017-10-04 18:00:16,2017-10-13 00:00:00
2ab2159c05ced98c935040d34ba5840c,751dbc90791ddaeead2e309fcca2f009,delivered,2017-12-01 17:22:12,2017-12-01 17:31:24,2017-12-08 14:57:04,2017-12-21 19:43:41,2017-12-28 00:00:00
74d0656bd03c432ae4011b6c1dc97c09,11747a292c140f3903ae179efdc9b5cd,delivered,2018-02-08 14:50:47,2018-02-10 02:49:36,2018-02-14 17:05:53,2018-02-21 21:45:25,2018-03-12 00:00:00
bddbca2d48a961d74fe81de8febf9a73,0c90e2e49b87f3b84262ad7f6f7b11af,delivered,2018-03-22 09:15:32,2018-03-22 09:30:34,2018-03-22 19:41:48,2018-03-27 18:09:02,2018-04-16 00:00:00
8da93bf6304b1fbbb6ab15bb7644394e,da41a6aa006587987cde84876b62a097,delivered,2017-11-24 19:34:56,2017-11-24 22:57:13,2017-11-27 15:05:02,2017-12-19 00:22:15,2017-12-28 00:00:00
299ae4512f5e613ac6ee6904cdd7daad,1a807507e8d4ea58f9937e4320aeb40f,delivered,2017-11-12 22:00:51,2017-11-14 03:35:52,2017-11-14 22:18:55,2017-12-04 18:08:08,2017-12-15 00:00:00
30cdf125a8d4f89d00dee4b9af9194ee,91923b65b54ca037b3bb73ea40de36dd,unavailable,2017-12-08 15:34:33,2017-12-08 15:52:48,,,2018-01-12 00:00:00
2eb826451c12016e8f5b7bb87060a39f,cefe068f60cf3cc1bee35207c6e0e876,delivered,2018-05-15 19:09:04,2018-05-15 19:36:01,2018-05-16 13:36:00,2018-06-02 13:13:51,2018-06-08 00:00:00
4634ad13b4414c83524f5efb0ef21a0b,7ef89752008fa8f8088ab2429ad7c17c,delivered,2018-07-21 23:21:15,2018-07-23 10:33:14,2018-07-23 12:39:00,2018-07-30 18:28:34,2018-08-14 00:00:00
5fb81ae5bda9580ad705d1ce97a6fa49,179b972815353a352428a0ebb6872793,delivered,2018-07-27 21:02:05,2018-07-27 21:15:13,2018-07-31 14:05:00,2018-08-03 17:03:32,2018-08-14 00:00:00
24ab08aa37bdb1c03a90c988d368b850,a87042dd0e4de5e6ea62369bc379c88f,delivered,2018-03-20 17:42:39,2018-03-22 02:55:52,2018-03-23 17:57:03,2018-03-27 21:32:40,2018-04-03 00:00:00
5151440ea2132efaa3964222d023b19c,6b79d860f52c6cc1b74140f8f7e790c0,delivered,2017-12-06 08:53:30,2017-12-06 09:12:27,2017-12-06 17:59:26,2017-12-16 14:21:58,2018-01-02 00:00:00
c5012c7f101ca64cdb27a97dd7790af8,0eb39f4f40a683dd63f028cea7c9ff92,delivered,2018-04-02 14:47:05,2018-04-02 15:11:20,2018-04-04 02:58:28,2018-04-14 13:58:36,2018-04-20 00:00:00
4fba4b6ba715a2a3c0c0d0f9cd561640,74395fb4810519fdb972dab7d83b97d2,delivered,2017-03-16 00:22:04,2017-03-16 00:22:04,2017-03-17 13:27:53,2017-03-30 15:00:10,2017-04-11 00:00:00
4a686b47e7eecbd136617bf8ae7c9af4,a5fe7ca5fb58c324b70067c651d35c87,delivered,2017-09-06 14:13:12,2017-09-06 14:24:56,2017-09-08 20:42:19,2017-09-18 18:47:32,2017-10-03 00:00:00
75979ee68f846e2cb2439240380d5291,31a1c5b7de452ef4df17b68fc97ef3f0,delivered,2018-06-26 01:04:08,2018-06-29 02:53:19,2018-07-04 14:58:00,2018-07-10 22:58:54,2018-07-31 00:00:00
e5a58d1234244beda4f172c2e3711d11,2b8f9ecce7e141f30e103903e172c021,delivered,2018-04-13 09:38:21,2018-04-13 09:52:07,2018-04-13 22:21:23,2018-04-23 18:51:56,2018-05-09 00:00:00
63a7f803612d7247f296ef6007668c5b,a717d4cccf6200ea92a5047cb00364db,delivered,2018-06-21 11:24:33,2018-06-26 05:37:26,2018-06-26 14:19:00,2018-06-28 17:22:46,2018-07-11 00:00:00
29d81f9fcfa8f77ad68afa83d9fbf83b,6da05f4c39571b239acb72979c20bd71,delivered,2017-07-07 11:58:48,2017-07-07 12:10:14,2017-07-07 19:37:52,2017-07-18 21:09:12,2017-08-09 00:00:00
965e8f78c89b04c028a6713e589c06d2,5a92af0269b42d98e7343508638245ed,delivered,2018-01-04 21:40:58,2018-01-04 21:49:25,2018-01-05 23:53:39,2018-01-10 11:59:00,2018-01-30 00:00:00
153b30f1bd286fb374792b9121ba0218,f800714187560129219abdd0c3e1ba54,delivered,2018-03-16 16:20:11,2018-03-16 16:35:29,2018-03-21 01:05:20,2018-03-23 22:14:31,2018-04-05 00:00:00
5fb62412231e7d147e00141ae5aa520d,e0cded978eee791030f8a3fcf22c7aa8,delivered,2017-06-08 23:53:09,2017-06-09 01:22:35,2017-06-13 05:44:28,2017-06-26 12:35:30,2017-07-07 00:00:00
a914054902523db41cb44dd114ef17ae,e9897d7b26b4ceaa2b3f07a0e4cddd98,delivered,2018-07-11 17:42:36,2018-07-11 17:50:15,2018-07-27 13:42:00,2018-08-07 22:33:48,2018-08-08 00:00:00
e6bd0a7a4674d02e56b7a0515c991cc9,15bc7cbb1170241d34ff27230c88f023,delivered,2018-02-09 11:58:45,2018-02-10 03:31:21,2018-02-14 16:45:14,2018-02-26 18:18:55,2018-03-13 00:00:00
3a448a9bf5f166e9b374a1c9c30ee28c,9ee66854c0b8de8ad7b9b60da9f5fdf5,delivered,2018-07-12 21:14:28,2018-07-12 21:25:29,2018-07-13 16:02:00,2018-07-16 15:11:38,2018-07-20 00:00:00
4317fe882d992cda2fb3d51baeb2751c,fe3a61bdb29c2b230185ba088ac71486,unavailable,2017-10-07 11:51:46,2017-10-07 12:07:44,,,2017-11-08 00:00:00
89e02379eee525e09813dc8e5ba99213,dceda171b3a9fcb7eef3e274f6f2ac94,delivered,2018-03-02 16:18:46,2018-03-03 02:51:09,2018-03-06 00:23:05,2018-04-04 02:49:02,2018-03-23 00:00:00
af6ed18f03a877659659ed9467c7cd9e,7ef43c3eb0d94e1f5e0a49b2f3bc34a9,delivered,2017-02-27 23:24:34,2017-02-27 23:32:42,2017-03-02 08:09:03,2017-03-21 05:25:31,2017-03-20 00:00:00
9f3094cb22de642bf0c70a450cdffbf3,313b4ca0c1c07a7dd244e0c9285aecac,delivered,2018-04-23 19:13:08,2018-04-24 17:12:18,2018-04-25 08:59:00,2018-04-30 23:56:39,2018-05-15 00:00:00
ab6c2b531e877fad84a31aa845bc9345,2d22c3443b414e440199863946b77c05,delivered,2018-02-07 13:14:43,2018-02-07 13:30:12,2018-02-21 02:48:50,2018-03-11 18:42:37,2018-03-08 00:00:00
0b01066982af6f2681ea9b0169f0d987,b6468b4d8c27698cc09468fa3efa39d8,delivered,2018-03-19 16:06:01,2018-03-19 16:27:19,2018-03-20 17:32:04,2018-04-13 16:47:01,2018-04-06 00:00:00
024554aeb0da84476f1c31a711e0990c,ed5ec5a2659505eb7eb931b0ca57a870,delivered,2018-04-18 14:22:18,2018-04-18 14:35:14,2018-04-19 18:58:27,2018-05-04 17:11:41,2018-05-14 00:00:00
b012f20bfa8d71028da47251f0201d6d,4c77d8983049548558beb913d9de38ba,delivered,2018-03-26 11:53:31,2018-03-26 12:10:39,2018-03-27 00:19:52,2018-03-28 10:29:01,2018-04-06 00:00:00
28af310ca56736384bc8833117dd048a,17d5188e44e02cae416bb7b537d6b2d8,delivered,2017-10-21 09:57:12,2017-10-21 10:14:17,2017-10-25 00:55:02,2017-11-03 20:47:32,2017-11-23 00:00:00
6637722870b88cebb4ab988aefcd1115,82483eb0f6d24111bdc5a57ccde9219c,delivered,2018-06-15 15:53:06,2018-06-15 16:19:32,2018-06-18 12:59:00,2018-06-20 15:33:17,2018-07-03 00:00:00
a5f588c27a89f3717988ca093e02ba3d,3d548ea6abcd37bef66b58e1360ff8d5,delivered,2017-12-04 16:29:28,2017-12-04 17:50:53,2017-12-09 00:04:15,2018-01-13 01:13:42,2018-01-08 00:00:00
b30a6793df66beef3870b532c09dee15,b2629c666c20730e5adbb121d2b95d3a,delivered,2018-04-12 22:27:23,2018-04-13 22:29:55,2018-04-19 17:47:22,2018-04-28 01:16:47,2018-05-08 00:00:00
655d3e557522f80b4384eebaaaae9cda,7632846a8baca18618e6ff9782b01d15,delivered,2018-05-03 10:39:55,2018-05-04 08:31:01,2018-05-03 14:30:00,2018-05-07 23:18:41,2018-05-21 00:00:00
49b54766a6cd815e2922e7be61248254,f860b285bf81969c1666f94b03d1c697,delivered,2017-08-02 09:49:20,2017-08-02 10:05:24,2017-08-02 19:40:21,2017-08-10 15:28:03,2017-08-22 00:00:00
191988c24e4be4ee259d26b443408e3f,12e5b6a1bdfead70fa5896471f3e2878,delivered,2018-02-05 13:14:03,2018-02-05 13:31:01,2018-02-06 22:58:20,2018-02-15 17:25:25,2018-03-01 00:00:00
d07c50c53231a42008862d777b261ff2,22d1ef39066f0ba1bace4f31e209d5e7,delivered,2018-03-23 17:32:32,2018-03-23 17:50:35,2018-03-27 05:02:47,2018-03-29 16:38:41,2018-04-12 00:00:00
c6b0cd5c0d74a8a96dfa152ec3159de4,ab4c36291b60116e8ecf34ffd666efaf,delivered,2017-10-13 14:31:57,2017-10-13 14:51:12,2017-10-16 16:14:55,2017-10-25 18:37:11,2017-11-03 00:00:00
f815bf37321904e2cda00a23ff393755,6acd2975c9703705ef8376ddda961d3c,delivered,2017-12-03 12:22:57,2017-12-03 12:33:15,2017-12-05 00:08:59,2017-12-26 22:35:32,2017-12-29 00:00:00
482a1889c0ee222f26401810f8b09c4e,5882971fcbfa7d9140525ded90c57806,delivered,2018-02-05 20:00:59,2018-02-06 05:31:43,2018-02-07 00:15:36,2018-02-14 20:54:43,2018-03-01 00:00:00
43f08913407cac4e74a898d968e58c1a,fff7466a253c0e59499ea943462c10f9,delivered,2018-02-14 13:22:12,2018-02-15 04:11:01,2018-02-15 18:55:13,2018-02-19 19:44:52,2018-03-07 00:00:00
66c1172ab0ddb605d4012ce1d4339ffb,beeca1dc645ce7cd996e0db5978cab77,delivered,2018-07-21 11:05:03,2018-07-21 11:24:00,2018-07-23 10:43:00,2018-07-30 22:18:47,2018-08-13 00:00:00
e897baf305827e390802ae23c1109c78,e0f84836f98cb164d886dadb9d924f1e,delivered,2017-12-30 14:59:23,2017-12-30 15:09:19,2018-01-02 16:49:01,2018-01-17 15:28:51,2018-02-01 00:00:00
6a152f5684d235853de99a54ee7e8065,5d40512265ba0d0674b70be65b892a1f,delivered,2018-04-16 20:15:53,2018-04-16 20:51:35,2018-04-18 22:18:34,2018-04-24 22:32:28,2018-05-14 00:00:00
19cfcf45fc399af9d3e9d1d98638997b,a1611dd64649bd4c6ff1de1b4b5fdfd7,delivered,2017-12-18 13:51:17,2017-12-18 14:16:17,2017-12-19 20:37:06,2017-12-28 20:18:41,2018-01-16 00:00:00
a7abe735fa002a72636ab38fcac70330,10ad09201fcc1c82d181ff7234bcdb3b,delivered,2017-07-21 01:12:34,2017-07-25 03:45:30,2017-07-28 18:07:39,2017-08-08 22:16:44,2017-08-24 00:00:00
f556110e0144ed7b7aac2a78e2c12000,0e880625f64ca2e55ff575a237241203,delivered,2017-12-11 15:53:54,2017-12-11 16:12:31,2017-12-12 16:17:12,2017-12-27 20:03:12,2018-01-04 00:00:00
461b8a4cb347a9be3d42546de69edbb9,b755e5e8fbe50646f3967c491bbd9c62,delivered,2018-08-20 22:29:55,2018-08-21 19:25:13,2018-08-22 14:38:00,2018-08-23 20:53:44,2018-08-23 00:00:00
6737b4702ad9d1cbf37d635bc06bf77f,7831574abe9d10729b37f90b4593a12f,delivered,2018-01-03 12:37:22,2018-01-03 12:47:13,2018-01-03 21:54:16,2018-01-05 17:59:31,2018-01-19 00:00:00
9e4e44e1a6c68a8d59b97d5e6c241974,4397fbbf97a324dc3b0616f4b67ce757,delivered,2018-02-20 13:10:09,2018-02-20 13:48:17,2018-02-21 18:34:19,2018-03-01 20:42:25,2018-03-28 00:00:00
c6f44ba4b2b07a646635d107f3b88100,eaae32a3d066609f7783b36861c7a133,delivered,2017-11-27 21:24:09,2017-11-29 02:22:34,2017-11-29 16:51:58,2017-12-12 19:51:50,2017-12-20 00:00:00
03b31f549c27d03bed25fc42ddb46138,cd1822306d5e43d356c576efdc0eadf1,delivered,2018-06-12 10:17:58,2018-06-12 10:40:22,2018-06-12 11:17:00,2018-06-14 19:22:05,2018-07-03 00:00:00
fce0844e8548aed6d329fd798f4937a9,1a2c73ee774d8e6701caa7e397236023,delivered,2017-03-10 13:15:23,2017-03-10 13:15:23,2017-03-15 12:27:59,2017-03-21 14:37:45,2017-04-06 00:00:00
19d1809c243d4f58dff4ffbc74edecb8,0d6d2c90ade77f539cef9aa4f28dc45f,delivered,2017-09-03 10:19:35,2017-09-03 10:30:12,2017-09-04 19:12:19,2017-09-11 18:06:45,2017-09-22 00:00:00
8385fe258f97a33bb6ef40c70db6a4a7,7bac7a7b4852a237a367c40a9042437e,delivered,2018-02-02 13:53:43,2018-02-03 02:54:09,2018-02-07 23:55:29,2018-02-27 15:19:23,2018-03-05 00:00:00
af93e16ddf586c99d807b5b6a68903ac,e4382ec62fc7e2f00f5728c2a5395c11,delivered,2018-01-04 14:37:29,2018-01-04 14:49:26,2018-01-08 16:45:04,2018-01-12 23:02:54,2018-01-29 00:00:00
e21f9ce5061dd5af2d7ba49338c286da,d3d7b1d2f4b9cf8721881aa0476a9e3b,delivered,2017-08-30 13:04:48,2017-08-30 13:15:23,2017-09-05 19:04:50,2017-09-12 21:54:48,2017-10-13 00:00:00
71c8043c2b2900e423ad544aa00bbd8b,5601b281beccd2bf675238c59d20a7ad,delivered,2017-10-08 15:43:04,2017-10-08 15:56:17,2017-10-09 14:53:22,2017-10-17 18:02:27,2017-11-08 00:00:00
32751a5c3421cf9ebf41c8b2d0d07634,91bc4ec703dd6f90ae1da3258f10fe6a,delivered,2017-08-21 10:26:18,2017-08-23 02:51:04,2017-08-24 16:29:54,2017-08-30 18:15:09,2017-09-27 00:00:00
9cfff951160cff8164e3eb826dd83dd8,1dfa1a2723edcb1ad5acd5f9f9d52e8d,delivered,2017-05-05 13:26:31,2017-05-05 13:35:12,2017-05-11 09:58:47,2017-05-12 15:03:27,2017-05-26 00:00:00
194a26fbbb1b4e83fa0b65aaf22d99c0,76a7939eae2e618a29876360ad42fe97,delivered,2018-07-30 12:58:51,2018-07-30 13:10:15,2018-08-01 13:36:00,2018-08-02 22:52:42,2018-08-07 00:00:00
f3696a8355ea6d1732f4265a3383b707,57ff3f79dcde1202fed030360942eeef,delivered,2017-10-27 11:46:30,2017-10-27 11:55:26,2017-10-27 20:23:14,2017-10-30 17:54:47,2017-11-06 00:00:00
1d309784fd7cb2fc8c74ef03c942426c,5bf6f88da53b511b378e287c0d50b94c,delivered,2018-01-27 10:24:36,2018-01-27 10:36:23,2018-01-29 23:54:57,2018-01-31 21:12:07,2018-02-14 00:00:00
7c95572fd6e7e0ab8b88b00fd8c70716,418af5f91d6a47660e62a208385edac5,delivered,2018-05-25 21:31:30,2018-05-26 02:32:06,2018-05-28 12:35:00,2018-06-05 17:02:56,2018-06-19 00:00:00
30e92ef45b77af51660f221fbb2b94e3,4797bfa237248c34496edfc436487fd0,delivered,2018-01-12 15:25:13,2018-01-12 15:36:35,2018-01-15 18:46:48,2018-02-08 22:44:32,2018-02-14 00:00:00
a75f9d41f99d675f35ab8b90b2dc9b2f,2299f339f282db1423e54ad4155e00e3,delivered,2018-05-27 20:45:09,2018-05-27 20:55:11,2018-05-29 13:28:00,2018-06-14 14:51:12,2018-07-16 00:00:00
b34e44cdbd34bb4655d2cfe52d3f31e7,9da68c26e694013eb8889cd0a24e3729,delivered,2017-10-19 09:54:51,2017-10-19 10:14:10,2017-10-20 15:08:44,2017-10-24 18:57:05,2017-11-08 00:00:00
2d23b7b75beee56569dff3df10d61495,e7a2035a508f9bddf360fb884b9538de,delivered,2018-01-22 23:34:00,2018-01-22 23:53:06,2018-01-24 22:36:37,2018-02-06 01:35:52,2018-02-19 00:00:00
db6c3bec472f764bd426b77171342ce6,417c7df70d52762bbbf1907911c901cc,delivered,2018-08-22 14:08:43,2018-08-22 14:24:38,2018-08-23 14:02:00,2018-08-24 13:53:45,2018-08-29 00:00:00
88e06e052985636ec90e5e7337150b62,1fce339685dd69089aa782acc947f328,delivered,2018-05-07 22:09:15,2018-05-07 22:34:27,2018-05-29 13:28:00,2018-06-12 18:09:24,2018-05-30 00:00:00
9f18089ba7e24ef00e1c99eabd999fc3,2829a3dd603908f41a39329a5f5daa9d,delivered,2018-05-31 10:45:51,2018-06-01 10:52:18,2018-06-01 11:50:00,2018-06-11 23:28:47,2018-07-16 00:00:00
0d6c779c3d8bec09f198a52ff310ae7b,c0c3f5f994889fc0cc3c69fcd8695cba,delivered,2017-05-21 11:36:14,2017-05-21 11:45:10,2017-05-22 15:45:23,2017-05-25 12:52:38,2017-06-14 00:00:00
967ed7a1aa1d6b190c903a3daa815f02,058abae409b8feebc30f284da465a1ff,delivered,2017-03-05 15:51:55,2017-03-05 16:05:12,2017-03-06 14:41:12,2017-03-27 14:12:33,2017-03-30 00:00:00
47252c5b9ec88c714460e3e34fb08d5d,e8f957324bc3abb0d6af1642f06d3476,delivered,2018-06-11 12:48:52,2018-06-12 09:37:25,2018-06-11 14:49:00,2018-06-22 19:48:30,2018-06-28 00:00:00
fbd8e4b53b733986be42e401224bd99f,26f58d252e67e195ac5c4cda3c7c065f,delivered,2017-11-11 16:16:37,2017-11-11 16:48:41,2017-11-17 20:58:24,2017-11-24 21:56:46,2017-12-08 00:00:00
b0f7f772e95fb0f8845c40700290a813,0123eb191c6ac1d113dd16c4638cba8a,shipped,2018-03-16 19:19:49,2018-03-16 19:30:35,2018-03-20 23:16:18,,2018-04-09 00:00:00
29acb175de2a4da2b456200329d0f5ca,830fada6ce508f4799c9c927fed6acd0,delivered,2018-03-31 18:26:48,2018-03-31 18:47:21,2018-04-02 16:52:12,2018-04-09 18:47:55,2018-05-11 00:00:00
dfcdf23e1d25c70a86ce04d0659e85b0,0a53171e0b4c26a01456fa4defeac4d5,delivered,2018-03-15 14:16:20,2018-03-15 14:29:52,2018-03-21 02:49:49,2018-04-06 18:32:20,2018-04-06 00:00:00
797537628c3c851dcbc329039f6a37f3,be85413da1f0a4162e820af847044451,delivered,2017-03-03 22:06:49,2017-03-03 22:15:16,2017-03-08 13:39:20,2017-03-14 12:04:00,2017-03-28 00:00:00
58dfbee60e4d1073dcfe6f7a9d8f6043,fb5984b299eb1ae66a2f6725317a495c,delivered,2017-08-29 14:29:07,2017-08-30 02:11:20,2017-08-31 15:18:29,2017-09-06 22:21:26,2017-09-19 00:00:00
a9d9773efe0a981195d2861250cff4d9,2c013df1a8a89121941f3a943467ed1b,delivered,2017-08-21 09:43:30,2017-08-21 09:55:12,2017-08-21 19:50:01,2017-08-29 18:17:56,2017-09-19 00:00:00
d58096e42e1aaf58b8521e8f8b4c20dc,39684b5ab3bb61a36e8b8df9ddbc8fdc,delivered,2018-08-15 00:00:48,2018-08-16 03:30:19,2018-08-16 08:12:00,2018-08-21 21:59:41,2018-09-10 00:00:00
7a242c07bdf25150ab522513760d6b8b,9b2989700b8108d4c0715892fdf6c5f1,delivered,2017-10-12 18:21:03,2017-10-12 19:00:09,2017-10-13 18:33:04,2017-10-20 19:38:34,2017-11-06 00:00:00
66d105a8f0f6727acbe752b4da6f29ef,218053c7c5774b41b40b5a9060b32ae6,delivered,2018-08-21 09:12:03,2018-08-21 09:29:46,2018-08-21 13:38:00,2018-08-22 23:38:15,2018-08-29 00:00:00
940531f218fb31bd68ef02fff1ff1ba3,47a7c258eb660fe125450609908df44e,delivered,2017-09-13 18:42:38,2017-09-13 18:55:12,2017-09-14 20:57:37,2017-09-20 17:27:10,2017-10-06 00:00:00
0d249476ca7de9b29cfa25d9bb8f3e05,8b2d170dbcd7c021894363e06a537ded,delivered,2017-07-17 19:23:32,2017-07-18 06:15:30,2017-07-18 18:42:05,2017-07-24 21:42:42,2017-08-08 00:00:00
3712671af76fe8fa80631e4407cc6ab1,4ada596bb18a812d50553dc2ecdda9c2,delivered,2018-04-07 17:55:10,2018-04-07 18:08:19,2018-04-11 18:48:24,2018-04-13 19:25:36,2018-04-19 00:00:00
4a7c656f502a83b8faeb608f3f1f9f46,255c041f7b60aaa59082d0cada63327b,delivered,2018-08-21 15:53:53,2018-08-21 16:10:38,2018-08-22 13:52:00,2018-08-24 22:17:46,2018-08-29 00:00:00
986581ef421476a1ff5edb2d73327d66,57c3c8f5054eb2f22d20d24b9152686d,delivered,2018-02-21 09:37:53,2018-02-22 02:15:45,2018-02-22 20:07:30,2018-03-09 20:02:49,2018-03-15 00:00:00
2200d7d4069cfe22127c053c75a26c17,395bd5caae43625482932bc5d721e0b4,delivered,2018-03-16 23:02:34,2018-03-16 23:10:24,2018-03-19 22:14:29,2018-03-29 00:05:01,2018-04-09 00:00:00
a5803df1ae0cd16429a109eb0514ddca,a1f1dc35609214187b96314cb20398a2,delivered,2018-01-23 09:53:11,2018-01-24 02:53:08,2018-01-25 18:39:09,2018-01-30 18:11:31,2018-02-16 00:00:00
7a301f27a543e77e6176456966c66e2c,af0e6274ccd5c8e86d40f945841f0cd7,delivered,2018-03-14 17:41:52,2018-03-15 03:31:31,2018-03-17 02:16:46,2018-04-05 15:18:33,2018-04-02 00:00:00
0f3f49e2316b72f49e23fea6ffaa2371,f5785e549589eeb67c8b89fd0702e09b,delivered,2018-05-12 18:07:23,2018-05-12 18:35:55,2018-05-15 15:34:00,2018-05-17 09:09:24,2018-05-24 00:00:00
6d0ee01ab8a73e07883af627b8cbdff5,3e030b5583bf176a11742af18c4f545f,delivered,2018-01-12 09:57:45,2018-01-13 09:50:24,2018-01-20 01:23:04,2018-01-30 19:51:52,2018-02-16 00:00:00
6593a7ca55b089cc240f79d582e3300a,eeaaac21f40da9814f3b09b3829fb4e9,delivered,2018-04-22 13:43:01,2018-04-24 19:24:33,2018-04-25 02:24:27,2018-05-03 18:43:50,2018-05-24 00:00:00
fd4c1cc6d742f00dee7633f6a72cbe60,bb5815831c084a7c145611052d8063b5,delivered,2018-04-06 08:25:45,2018-04-06 08:35:16,2018-04-07 01:25:41,2018-04-20 17:14:36,2018-05-08 00:00:00
0df040f84e5295f7894177ffe53850b8,42b174e403eafb280aa18324cf21ca5e,delivered,2017-02-05 23:05:28,2017-02-05 23:15:11,2017-02-08 11:05:19,2017-02-14 17:05:24,2017-03-15 00:00:00
282c9fe1ed7aba574f1c0e75ca7fff30,7142a9aefd6e1611ce523421b1a2b807,delivered,2018-03-25 23:44:42,2018-03-25 23:55:32,2018-03-26 21:58:48,2018-04-04 12:17:30,2018-04-12 00:00:00
e8f1e6bc58ce50eb224d5ea7408a88c0,455af6f8ed15501f63e2ca8dbe6f37a0,delivered,2018-04-27 11:16:21,2018-04-28 03:11:21,2018-04-30 12:42:00,2018-06-11 09:46:28,2018-06-04 00:00:00
83b3ec68c2f23b553f392eab2bbcc07c,264309a71b792b40150ec69524c25603,delivered,2017-06-30 15:28:08,2017-06-30 15:35:13,2017-07-06 15:22:20,2017-07-11 22:09:41,2017-07-20 00:00:00
ccf15697e8a9c460dd3bab4f04270c9b,32599113e562d6ae53ad21e37b74e748,delivered,2017-02-06 23:01:32,2017-02-06 23:15:09,2017-02-16 09:37:13,2017-02-21 05:51:46,2017-03-03 00:00:00
e32049d31df0d952f7a6f6d8243b554a,020781297fe6482b10c41bd7a105d508,delivered,2018-08-19 22:34:18,2018-08-21 05:09:40,2018-08-24 06:38:00,2018-08-27 19:18:57,2018-09-11 00:00:00
dd17bd5a29df3e2c3ce7e66feaa2a323,88c7c3fe6f1048147fbeac2c26cce3d0,delivered,2018-01-19 15:17:20,2018-01-19 16:06:30,2018-01-22 19:13:43,2018-01-24 13:09:48,2018-02-05 00:00:00
970a49012cfe41d81bfd4593b83ce4a5,9f58c2264554208dac8a1f913c9e723a,delivered,2018-08-15 15:12:34,2018-08-17 03:29:49,2018-08-22 13:58:00,2018-08-28 22:32:27,2018-09-04 00:00:00
ed95597d2fd96ad370b62bbfc4b6127b,e19a899f07d511c22b9f865432a6316b,delivered,2017-03-21 15:16:17,2017-03-21 15:16:17,2017-03-23 10:04:29,2017-03-31 11:13:30,2017-04-13 00:00:00
622997993a84db3955ea0b62e26dbbe0,ace2905b64ec3b4a329b06bd8e7f5c7f,delivered,2018-08-16 21:27:43,2018-08-16 21:49:08,2018-08-17 14:46:00,2018-08-22 21:14:38,2018-09-03 00:00:00
bf970de78f9812577f8bc51197b05942,94ac84bc898f972e862ef42c86ee39ea,delivered,2018-01-08 14:23:33,2018-01-08 14:35:24,2018-01-22 19:06:13,2018-01-26 16:33:28,2018-01-31 00:00:00
942818fe0196e1b31017bffb40c048ba,40505a7ba5cb60766eb5fc4d8f696e45,delivered,2017-11-11 05:58:30,2017-11-14 03:47:11,2017-11-14 16:46:54,2017-12-05 15:48:41,2017-12-08 00:00:00
909ce3d871943ce8d15d444c69c3139e,227026e1df8b4b1b33c013b861963c0c,delivered,2017-11-21 08:25:04,2017-11-21 08:32:24,2017-11-23 21:28:52,2017-11-30 21:53:01,2017-12-07 00:00:00
eb4a0e0fa996c4a0815f6ac1347235d0,1d8f3c5d0759db03afe25fa508ba5f26,delivered,2018-08-19 10:23:19,2018-08-21 05:09:40,2018-08-21 13:44:00,2018-08-25 16:24:32,2018-09-03 00:00:00
38d1046513a150583e3f00f86212d3c9,7061d2e62a73ce636ed693a6a3acb65f,delivered,2017-12-12 20:58:29,2017-12-12 21:11:31,2017-12-14 22:19:32,2018-01-11 22:49:18,2018-01-09 00:00:00
fc3aa05d6850a6420531377b15473f98,6ba6cff11767c3af78bebf58fe6e6cba,delivered,2017-08-28 19:47:20,2017-08-28 19:55:25,2017-08-29 16:58:14,2017-08-30 22:16:50,2017-09-08 00:00:00
49bd813b3976d7df68484922185f646d,1e963b5f838512cd33a77e603b7098fe,delivered,2017-07-04 07:43:46,2017-07-05 07:43:39,2017-07-06 15:06:51,2017-07-24 20:17:34,2017-08-07 00:00:00
f6605c7ac6582925cf6ccd0456d96600,6ca2c0135ddb8728d2864aecd22b4d79,delivered,2017-03-25 01:33:49,2017-03-25 01:45:12,2017-03-29 06:43:03,2017-04-03 16:20:20,2017-04-13 00:00:00
9ff4440ee0d71eac7b46592220856401,4b8718a47c281689b7cbb3cd0d606321,delivered,2018-07-16 12:44:25,2018-07-16 12:55:28,2018-07-16 14:29:00,2018-07-25 00:02:13,2018-08-07 00:00:00
6f95997d009a6c89f18029f779a6de56,d0059e82d12bd59f23e4e09b322e8d57,delivered,2018-02-05 10:16:36,2018-02-05 10:35:36,2018-02-05 20:12:25,2018-03-18 16:19:43,2018-03-06 00:00:00
8fb030b413de395dcbb7cb1a3c9b256e,b097036ec194b8151f619fe933161b3e,processing,2017-02-12 00:02:36,2017-02-12 00:17:20,,,2017-03-24 00:00:00
783853100b128eb725caacc60409e475,ed8dfaef8250037ed52b478b91870815,delivered,2017-11-21 20:25:27,2017-11-22 20:29:20,2017-11-24 22:13:09,2017-12-04 20:34:50,2017-12-12 00:00:00
e2bd28bec2c4b78b6b39dd0cda08c177,621be08f9f1ed3b58ff3cf357bd45b5b,delivered,2018-05-10 11:12:01,2018-05-10 13:15:22,2018-05-10 15:00:00,2018-06-07 14:08:39,2018-06-05 00:00:00
7e90eaf88da7fea3fb251e0979bfc22a,b61abf2a73a3ef96dc65602e59d7f51e,delivered,2018-08-08 20:27:07,2018-08-08 20:44:53,2018-08-14 15:03:00,2018-08-20 13:09:47,2018-09-06 00:00:00
7658df283ca8d2e1a258dfc456fd4e74,33a67985c1fbd0aecd11cf44128a27fa,delivered,2017-07-06 11:05:31,2017-07-07 11:15:21,2017-07-11 17:22:20,2017-08-02 22:19:35,2017-08-07 00:00:00
95c5d1b9ef8c0cfe5851a7e8130b66db,80f248b141558614b2049ce6d47a13d6,delivered,2017-10-22 15:57:15,2017-10-22 16:14:45,2017-10-25 19:52:29,2017-10-31 18:54:42,2017-11-10 00:00:00
cf0e7f7b96ea1d2939d084ae7b99f10a,f844205b357197a0a7a2f6937527d33b,delivered,2018-05-08 02:09:32,2018-05-08 02:32:01,2018-05-15 08:28:00,2018-05-16 12:18:32,2018-05-23 00:00:00
22f963cdff9b03259d2eaeb9a023a526,8312052fb72da6debe8ca86d2c34d29b,delivered,2018-06-20 16:52:18,2018-06-20 17:21:17,2018-06-22 12:48:00,2018-07-06 15:18:20,2018-08-14 00:00:00
7246a71d326111872bfdfd34f495dc4f,dd0363c540365a85947c570c8780864d,delivered,2017-03-01 11:52:50,2017-03-01 12:10:25,2017-03-03 07:32:23,2017-03-13 17:03:41,2017-03-24 00:00:00
da7b8d3f7de2b64a8d4f6d59b36159a7,cb98a3bff07a4b78b45ad0fe5a17fb1d,delivered,2018-08-04 16:32:43,2018-08-04 16:45:09,2018-08-06 11:56:00,2018-08-08 17:36:39,2018-08-10 00:00:00
94bd479cfab3bad689dc1f08ce0b9b55,22d5be61dafc3c329faaeb1867dee132,delivered,2018-04-01 22:16:25,2018-04-01 23:08:33,2018-04-04 23:41:26,2018-04-05 15:54:31,2018-04-13 00:00:00
f2933e4d8f850da97ab10a79953c0c8b,0da23baa8866f63cd877a5c1e231f346,delivered,2018-05-06 06:44:41,2018-05-06 07:10:04,2018-05-10 14:00:00,2018-05-28 19:52:24,2018-05-29 00:00:00
2d2ce74a9a75fd5144160b74f0d536cc,bace2486c82812b65455b41d7a8788d5,delivered,2018-07-29 18:32:14,2018-07-29 18:44:12,2018-07-30 14:08:00,2018-08-06 10:47:44,2018-08-29 00:00:00
fc3d33c41b8d6238db849297f3e51555,65b3f761eb01cbddcecd17bed07b5a19,delivered,2017-05-16 15:18:56,2017-05-16 15:30:21,2017-05-17 10:59:50,2017-05-22 13:07:49,2017-06-06 00:00:00
bf1972c220f071324a3032cb351479b2,787f528eec3152f3e24739e172fcffad,delivered,2018-02-07 14:42:31,2018-02-07 14:55:42,2018-02-07 23:33:58,2018-02-20 22:23:21,2018-03-05 00:00:00
df93ef458b1b9c8a6776d6ffec19af83,0d5b3bca30f3aa04407711c35f13fe33,delivered,2018-04-30 17:31:01,2018-05-01 02:53:07,2018-05-02 14:45:00,2018-05-28 18:42:13,2018-05-29 00:00:00
c09cb6b791048075a9d5047f8c5abe16,219796db1b487128494df4beee7542d4,delivered,2018-02-09 10:27:38,2018-02-10 02:36:05,2018-02-14 16:37:10,2018-02-23 23:13:27,2018-03-08 00:00:00
5c60e286915180fdddc17760d914fc1d,e10ac2ae672e997ee64303b7f1befd1e,delivered,2018-08-01 12:57:54,2018-08-03 02:35:21,2018-08-03 12:26:00,2018-08-08 21:32:34,2018-08-15 00:00:00
72153affaac51d3697982e86191a88c4,76ca9e3d6e9b7f936c583be10089b971,delivered,2018-08-04 11:56:08,2018-08-07 07:35:10,2018-08-07 14:32:00,2018-08-10 23:08:30,2018-08-14 00:00:00
5e4e76184590078f03b12505677f1946,a708ee61a5e9384b3764b326f158c04a,delivered,2018-03-21 08:55:12,2018-03-23 02:10:50,2018-03-23 23:12:35,2018-04-07 00:42:34,2018-04-24 00:00:00
6c5d1e03493316b72304f07834a03325,96ac279e2c00c0a8f5a80347699674ab,delivered,2018-06-12 13:56:41,2018-06-12 14:27:00,2018-06-12 13:06:00,2018-07-17 16:32:20,2018-07-11 00:00:00
d3ff3601d2d9a1dacaf3a6fe53a8d7b7,d11a88116d125a3d9cbf04bb40ccb85a,delivered,2018-01-04 15:25:36,2018-01-06 02:27:48,2018-01-11 17:35:49,2018-01-23 15:34:02,2018-02-01 00:00:00
4bcbcf602dabf7e71c109b2590ff3209,2f080fcf1234802c0a5fe69322892309,delivered,2018-05-14 09:29:00,2018-05-14 09:54:40,2018-05-14 14:59:00,2018-05-23 21:06:03,2018-06-05 00:00:00
2f6c35e9b4743c491ac7319d36bd3ca6,c820e5fcc664ef713b284e5856955802,delivered,2018-04-19 10:09:55,2018-04-19 10:34:37,2018-04-20 00:21:36,2018-04-30 20:48:36,2018-05-09 00:00:00
09179a93a7f4f710051cefde1d2f7ceb,fe485abf913542028cce88ddd0abbfb3,delivered,2017-11-09 19:43:34,2017-11-09 19:55:29,2017-11-10 22:14:02,2017-11-22 23:07:38,2017-12-08 00:00:00
cce13fe134ba73a890b0d0b98c97e02a,724ba5bf1f7a5034fdaed4d802fdcc1f,delivered,2018-06-27 20:34:01,2018-06-28 02:15:50,2018-06-28 10:37:00,2018-06-29 23:46:30,2018-07-12 00:00:00
a915738f85206d05281dba3e9aa80688,cbeb90c1da68fb56a32f60273a914415,delivered,2017-07-18 08:34:46,2017-07-18 08:45:14,2017-07-18 17:10:10,2017-07-27 20:49:51,2017-07-31 00:00:00
ab34dab91f92a58e3dace8a2d099b0af,4754486e1645ad01f55a464712ab4965,delivered,2017-06-28 21:29:42,2017-06-28 21:43:18,2017-07-03 09:39:30,2017-07-10 16:27:57,2017-07-18 00:00:00
1d496c62bf852e069018c2b038064949,5ab2d7b7f6367cc87d0987b752db4f65,delivered,2017-11-25 20:39:58,2017-11-25 20:51:55,2018-01-04 21:33:30,2018-01-13 15:38:14,2017-12-19 00:00:00
76508d4ee45c06841c22c67906a6bd71,b78d867ad941805df6bc294c46c1f04a,delivered,2018-05-03 19:17:08,2018-05-03 19:33:56,2018-05-04 12:02:00,2018-05-09 02:51:48,2018-05-25 00:00:00
03a0b96d81d76a3214b7b49ec31e6eb7,b9816399341dbf1063afeaf923a1860b,delivered,2018-06-12 16:16:57,2018-06-14 02:39:33,2018-06-14 14:50:00,2018-06-20 16:09:00,2018-07-20 00:00:00
b80fc28f62c785fe351b7e4d70185334,b8f158565d343db2594050418aaf54a1,delivered,2017-08-23 21:45:08,2017-08-25 02:56:04,2017-08-29 18:53:47,2017-09-04 17:25:27,2017-09-20 00:00:00
9fcbf999818b2fdac16197fe22bd2bd1,082805d32249e17183cfb56ccb67b5cf,delivered,2017-12-05 10:44:44,2017-12-06 02:37:01,2017-12-06 23:16:58,2017-12-15 19:24:42,2017-12-28 00:00:00
ca232f56f19ba1b6db4b6cfea0d514a2,15bfdceb03d6b5ef90c02a14a9bf7ea2,delivered,2017-10-16 14:05:49,2017-10-18 02:53:37,2017-10-20 18:37:48,2017-10-26 14:50:04,2017-11-10 00:00:00
4a9c9be798acfc1e1539c75f2477b9b3,83bb6f200a22a5d13ba06eb2968ab899,delivered,2017-12-14 10:21:55,2017-12-14 10:33:31,2017-12-15 15:30:11,2017-12-23 13:53:25,2018-01-18 00:00:00
90ae645ceacd8832133a491224beb6b1,76b0b0d45ded0384e888e728833170f4,delivered,2017-11-27 08:28:55,2017-11-27 08:38:21,2017-11-27 20:38:34,2017-12-21 14:06:38,2017-12-18 00:00:00
99413574b19fb9d3b4230abbc5dff970,c534087dbd39994baf9ebcf2e9fd9ade,delivered,2018-03-13 19:59:48,2018-03-14 02:48:17,2018-03-15 12:12:43,2018-03-23 00:51:54,2018-04-09 00:00:00
eef06779a3b6d4c50bb9dd92796a9782,1e26d5d9c7f4fea38f023d1cd7e7f0ee,delivered,2017-09-08 08:08:56,2017-09-08 08:24:26,2017-09-08 18:33:14,2017-09-11 20:50:01,2017-09-20 00:00:00
f9650437902417384641bfcee466b737,b2f8b8f308351377e216ebffbe468d4b,delivered,2017-10-24 21:20:58,2017-10-24 21:28:25,2017-10-25 16:47:38,2017-11-07 15:35:50,2017-11-29 00:00:00
169f444739d294d19e4103e460d963d4,8f0f359a835944478c1c46f14fb5f2c3,delivered,2018-01-21 21:25:43,2018-01-22 14:00:22,2018-01-23 20:54:43,2018-01-30 14:29:05,2018-02-22 00:00:00
fa54be41eb7ceaa9e9909bb015372f49,f515f199e6cc8569f3ab0ebf2905b3cc,delivered,2017-12-27 12:36:41,2017-12-27 12:48:36,2017-12-27 21:14:21,2018-01-10 20:10:19,2018-01-23 00:00:00
77670d903936f910039e218bb3ea400d,1efc9d3e28764888317beabc11686b06,delivered,2017-11-26 14:00:32,2017-11-26 14:12:32,2017-11-27 22:17:12,2017-12-05 15:03:20,2017-12-18 00:00:00
a80ae3246c6abb0feb814b27027266fa,ee8c2ad8aa9e18e8b13406489b276eb4,delivered,2018-05-09 17:57:09,2018-05-09 20:53:51,2018-05-10 14:12:00,2018-05-17 11:46:54,2018-06-01 00:00:00
ae8a569660d9208ffed48d06824629a3,1201779af32273e7d0a14ab05164ab0b,delivered,2018-07-26 20:08:59,2018-07-26 20:24:24,2018-07-27 10:53:00,2018-08-07 18:34:42,2018-08-09 00:00:00
393f9b061ec569fc6025870b559afdb0,20e9fe9a523d7eef6d961f9a6c7e40eb,delivered,2018-01-15 18:54:55,2018-01-15 19:09:46,2018-01-17 22:17:11,2018-01-24 16:21:46,2018-02-05 00:00:00
8988ef6f1858c7a5aa1615b42f874193,3c69b83927e10699539e3747cc22976d,delivered,2018-01-11 14:17:19,2018-01-11 14:27:40,2018-01-12 23:10:30,2018-02-01 00:05:14,2018-02-05 00:00:00
0c6ec1022958b35c45335231ea396ad2,14e7871569ad7387e9fc4e84d92dce91,delivered,2018-08-21 21:09:59,2018-08-21 21:24:16,2018-08-23 14:17:00,2018-08-27 22:18:26,2018-08-31 00:00:00
9164c2999fd5f15945a702f4f9a321a4,6b635e6c379f66519085bb6d86dcfcd4,delivered,2018-05-05 12:44:34,2018-05-05 12:55:33,2018-05-07 13:31:00,2018-05-08 16:12:33,2018-05-23 00:00:00
ae6ef9d73ed303060dc1a61a9ab01424,add0ae8f46fe4d29a6654d578c0774cf,delivered,2018-05-24 16:39:36,2018-05-24 18:38:16,2018-05-28 12:30:00,2018-06-12 14:05:39,2018-06-28 00:00:00
430bd310105f069ac72ef7758f40299b,815e5251945f96c68c05d5c3500ab291,delivered,2017-09-04 18:09:28,2017-09-04 18:24:00,2017-09-05 21:34:13,2017-09-12 19:02:48,2017-09-26 00:00:00
7a0439e9354ab55ab4181d4824eb98f2,f1aed94e73d48532524dfdbe76c0cd81,delivered,2017-06-26 13:06:15,2017-06-26 13:15:21,2017-06-28 13:11:54,2017-07-03 13:47:42,2017-07-14 00:00:00
d6af9770d6d713b4c3a4cd6267e9d2ea,97ae6ff94a9195cc5e2d8fb995619619,delivered,2018-01-14 21:10:49,2018-01-16 03:38:42,2018-01-16 22:51:53,2018-01-30 22:15:13,2018-02-08 00:00:00
d8f9df1fea3171b46193d6a185d1fec9,8f08be4bff90a008ab13026acdcfc338,delivered,2018-04-04 23:35:19,2018-04-04 23:50:17,2018-04-06 03:06:30,2018-04-11 18:19:10,2018-04-26 00:00:00
17d82f62662a0c13d876815569fa10a2,9e33910c9241f43c1025acf365a377e0,delivered,2017-11-27 16:11:20,2017-11-27 16:39:08,2017-11-28 18:08:09,2017-12-05 21:49:45,2017-12-21 00:00:00
2f5521a15f1ab0eb646209fa271d9de4,8253eb6666e74b699841a5ad240bfcda,delivered,2018-08-13 10:19:13,2018-08-14 05:35:17,2018-08-20 13:44:00,2018-08-23 19:22:29,2018-09-04 00:00:00
8375044308874af1c50719ecaee3786d,8dbd9a596460b3b76fd42b13a7d77382,delivered,2017-12-15 11:44:37,2017-12-19 09:57:27,2017-12-19 19:47:41,2018-01-17 22:12:51,2018-01-10 00:00:00
d5e6b060ecc28faa0d97b0202f739106,be927eee70bf4eeb40e6a9fda9e4e196,delivered,2018-05-22 09:48:24,2018-05-22 17:14:34,2018-05-23 09:50:00,2018-06-07 20:52:01,2018-06-19 00:00:00
88498659c4bfb68808d6b49a57a6ed17,9c6ea4e6fbcff50e788a14bd67a29022,delivered,2018-03-01 17:10:26,2018-03-01 17:30:31,2018-03-02 18:57:51,2018-04-05 18:51:13,2018-03-21 00:00:00
241de5ef157f84bf8aa6c7ec7cc6f113,0f864a38c06696957ebd1c557264a1f3,delivered,2017-12-03 11:44:10,2017-12-03 11:56:27,2017-12-06 21:41:50,2017-12-27 20:15:31,2018-01-04 00:00:00
b62fe464ca4c4f53cf71198504f3bb05,37759c40b80fbd8d2a23a7828107bf7b,delivered,2017-10-30 08:58:08,2017-10-30 09:10:25,2017-11-03 15:52:00,2017-11-14 17:54:55,2017-11-27 00:00:00
581df21026c7ba80ffbaa5c3c21a6788,436b199887f7e81fb5c2e059904ed20a,delivered,2017-07-31 00:26:33,2017-07-31 00:43:01,2017-07-31 15:37:18,2017-08-07 16:23:18,2017-08-31 00:00:00
25543b7ffda86344f6aed4e83816cb42,c97658ec34c8c1d412efeb77863aada8,delivered,2017-10-27 13:56:45,2017-10-27 14:10:33,2017-10-31 21:04:34,2017-11-03 15:23:45,2017-11-06 00:00:00
9bc4eab3ced75ae76b392b55c39d03c5,ad99fe7621be4c8dbf7250115e086f44,delivered,2018-01-04 22:45:07,2018-01-06 02:31:42,2018-01-26 16:26:02,2018-02-06 20:06:22,2018-02-09 00:00:00
8a07b35d95d1b115d6a09d0e58a95feb,2b40c614f845a0ff9b821036f5371d27,delivered,2017-08-06 00:57:43,2017-08-06 01:10:11,2017-08-07 12:50:10,2017-08-28 12:31:59,2017-08-29 00:00:00
7ec0ce5aa3f5d3a29537f1eec975ac26,60455200cb4beb4dbd68d4a390f472a5,delivered,2017-02-18 18:28:46,2017-02-18 18:42:35,2017-02-20 16:32:25,2017-02-22 09:45:05,2017-04-19 00:00:00
6f5a4883cdf5054788a32b5c8b36a8ed,162b229af6f23334ecdc569ee3a84640,delivered,2018-03-16 16:49:16,2018-03-19 07:50:33,2018-03-20 17:19:01,2018-03-25 13:41:34,2018-04-10 00:00:00
54df475b621101259545a784f1bdfcf8,9563f0aff8ddc568e70a2814455598c6,delivered,2017-05-06 22:22:58,2017-05-06 23:30:20,2017-05-16 13:54:02,2017-05-26 10:19:39,2017-05-29 00:00:00
6a97b56ec57985053347f44878894e79,90b1c0370ada0b3588310782fbc3deab,delivered,2018-04-05 14:35:40,2018-04-05 14:50:22,2018-04-11 08:12:04,2018-04-30 19:22:37,2018-05-08 00:00:00
57a71dc8e0df243b9c6c26ffb4cdaea4,a4e27dbd112a5a68a254876b90b4d5d9,shipped,2017-11-19 20:18:54,2017-11-21 04:06:22,2017-11-22 17:44:49,,2017-12-19 00:00:00
465cfd7016202e455adf9b1a83736c86,3ae208c673c9a1bd78c2dc73fdcd1121,delivered,2017-11-30 10:09:11,2017-11-30 10:32:42,2017-12-07 23:04:51,2018-02-06 15:58:54,2017-12-27 00:00:00
2d88faf08d61205e21df03548b98d88b,7afbe2a19af0e783ebc30e16983924ed,delivered,2018-01-31 23:12:26,2018-02-01 02:55:54,2018-02-06 22:42:50,2018-02-23 13:00:14,2018-03-05 00:00:00
5fe6f70927bdb4accb737c56c5602f4e,88ef0e2bfc7ec1662601694e3c90b584,delivered,2017-10-09 15:08:45,2017-10-09 15:32:01,2017-10-11 21:18:05,2017-10-19 15:24:51,2017-10-31 00:00:00
249ab511be189cb15af6bd65592d5c59,9101d3eeae4d7f78fed3fb9a05e55ecd,delivered,2017-12-09 23:04:11,2017-12-09 23:13:27,2017-12-11 23:20:13,2017-12-16 15:13:22,2018-01-04 00:00:00
72fb560d115ecf3b15de9b853c02e505,d90af5c00814430fc3e212e8163bf2b8,delivered,2018-04-19 14:04:23,2018-04-19 14:34:54,2018-04-23 09:57:00,2018-06-06 20:32:22,2018-06-01 00:00:00
0c2cbbfae44e4f2bd7c747a2c2b05bbe,a4bb40b4e438a106bb16b7724273e120,delivered,2018-07-24 18:50:07,2018-07-24 19:04:23,2018-07-25 13:27:00,2018-07-26 16:32:43,2018-08-01 00:00:00
ef05a858213da36683cc0f24157732cd,e344b637bf62ce9eec36f4b532fd9fef,delivered,2017-04-14 18:10:08,2017-04-14 18:22:14,2017-04-19 07:15:22,2017-05-02 14:25:31,2017-06-07 00:00:00
7d98d7ac622f747b35c24b1214dbee80,d828aa60b62d1ef598c2f7c75e7dfe0b,delivered,2017-12-24 11:05:04,2017-12-27 04:07:39,2017-12-28 17:16:58,2017-12-29 18:52:16,2018-01-16 00:00:00
f36c1228bd06f0ffe6595b5b4bcc4bdd,b2debe4651838a3396be94a0471a5912,delivered,2017-08-12 15:32:09,2017-08-14 14:10:23,2017-08-17 18:49:46,2017-08-22 18:38:13,2017-09-01 00:00:00
a6da74b3d9ae7e102985630416034486,7a1df13f94accb7df88adc51682d29f4,delivered,2017-02-12 09:21:56,2017-02-12 09:31:43,2017-02-16 09:47:37,2017-03-01 08:35:34,2017-03-21 00:00:00
bbf6a647ecc68aa5e79d2cd75ef44c68,8d13b315c8e8e3d9011c9e9267cb8a70,delivered,2017-09-01 10:33:16,2017-09-02 10:45:16,2017-09-05 12:33:20,2017-09-13 18:53:49,2017-09-22 00:00:00
d9701308650d6bb282d0f1875addfb16,ab097b93486e3595da8fc998b6a23b97,delivered,2018-05-10 16:37:44,2018-05-10 16:58:46,2018-05-14 08:54:00,2018-05-22 08:47:32,2018-06-04 00:00:00
5eba2c8978f62793868d93d38ea70269,223bafebacbf7dc8c04c5d889bd3bc79,delivered,2017-08-11 11:54:54,2017-08-15 03:50:13,2017-08-17 19:13:24,2017-08-24 17:36:21,2017-09-18 00:00:00
dc2249cafaf7687c5b9d86fd2a3198eb,9a25fac300e359f41f45bd2b4b120ff2,delivered,2018-04-03 12:50:07,2018-04-04 03:29:36,2018-04-04 18:12:27,2018-04-06 17:36:35,2018-04-19 00:00:00
3e53d7fbc6342fe8c6ac3b64df14d3eb,2a8b1640932137497bd86e83df558d64,delivered,2017-05-21 07:58:02,2017-05-23 07:55:15,2017-05-23 15:37:20,2017-05-31 08:27:53,2017-06-13 00:00:00
056857abb03503b756f596e42d86e10b,713ac4139fc3aab8b2e00bd5644295fc,delivered,2017-10-05 13:04:05,2017-10-06 02:28:39,2017-10-11 20:58:01,2017-10-13 21:20:43,2017-10-24 00:00:00
f904e1484a374e9378ae90b2f10c8639,917c39bcf95bb9f97a6c0f8379314ef0,delivered,2018-06-19 15:38:25,2018-06-19 16:25:31,2018-06-20 13:55:00,2018-06-21 19:36:28,2018-06-29 00:00:00
72a200617f45c76ab4e2c202a681958f,dc395448cf404b7c1c9782e475b1aeef,delivered,2017-10-30 13:19:45,2017-10-30 13:31:18,2017-11-06 21:02:51,2017-11-07 12:38:00,2017-11-10 00:00:00
a7d88dd59dbc3b0239f9284e1d72ff84,1f04655ec759bb5e1eaa3abd2ddae1a2,delivered,2018-03-10 21:53:11,2018-03-10 23:08:01,2018-03-13 23:12:34,2018-04-10 23:11:32,2018-04-04 00:00:00
535c8ce792ddc4f50d7d860ae069049d,23ed492e160b38c5bcb03bea5477b35e,delivered,2017-12-11 15:26:51,2017-12-13 02:49:53,2017-12-13 22:33:31,2017-12-22 15:41:53,2018-01-18 00:00:00
6f0a7a4f82b93cb505c3434e16a1d984,6ae108a103903506b207a3168689f13b,delivered,2018-03-29 22:24:34,2018-03-29 22:35:13,2018-04-02 22:13:10,2018-04-12 02:48:45,2018-05-04 00:00:00
d8cb2573a32f3089690e573f7adfba54,ce91506113fa0e838414655b4a2cd79c,delivered,2018-04-05 12:50:54,2018-04-05 13:08:50,2018-04-07 01:28:39,2018-04-20 16:31:59,2018-05-08 00:00:00
f964ec281f9f4098870fff22b6b74fec,ab4b0bfd313365452ffda5e09d7d9419,delivered,2017-03-02 12:35:51,2017-03-02 14:30:29,2017-03-03 12:30:28,2017-03-09 09:41:51,2017-03-23 00:00:00
7c9c86e000d63d474d4e1f17d1b06fd8,986bc7d65bbaf513d338a4459f4cacec,delivered,2017-12-13 00:46:58,2017-12-13 00:54:34,2017-12-15 14:04:20,2017-12-27 16:41:33,2018-01-09 00:00:00
fddc48d507d16f1418ec7477274c2e06,aeaa3e7664211a50657bc516db596887,delivered,2017-06-01 15:40:16,2017-06-02 02:15:07,2017-06-02 11:49:57,2017-06-05 17:57:58,2017-06-14 00:00:00
7d5c1320ac55581cd5de4d8f83c99731,079fe6f48dda3d0e11ad3a7d66c86d21,delivered,2018-03-27 14:43:48,2018-03-29 03:29:04,2018-04-07 01:16:42,2018-04-18 00:34:36,2018-04-18 00:00:00
68993f27a34bd02e3b2c2ebb5c41b9ec,e69c1b17ce033060c97375f5f1d06885,delivered,2017-03-10 18:17:36,2017-03-10 18:17:36,2017-03-14 12:39:19,2017-03-21 07:55:03,2017-04-05 00:00:00
d0af04d05d7d5f1b5e65ae9b6278f57f,52bc04288c98dbdc884680df3110b4f4,delivered,2017-07-02 13:51:16,2017-07-02 14:05:10,2017-07-06 16:23:31,2017-07-07 14:47:22,2017-07-18 00:00:00
91c506e966d7f684b4fa307b02341fcc,8c74c34cf929d1ad8a11acc45acd8417,delivered,2017-12-15 16:08:15,2017-12-15 17:01:08,2017-12-19 00:37:22,2018-01-05 18:19:42,2018-01-19 00:00:00
b32bea08665333132796458ad00833b9,511c58590688ebf8dc5356bab438f8c3,delivered,2018-01-22 19:41:14,2018-01-22 19:53:36,2018-01-24 16:19:03,2018-02-03 17:32:43,2018-02-14 00:00:00
06544096bb7077c0f701d0d6f660e11f,51993c208e83ddc0d8bf2423fae35e87,delivered,2017-03-30 17:07:08,2017-03-30 17:15:23,2017-04-05 07:10:07,2017-04-10 15:05:14,2017-04-24 00:00:00
b98e8b817c1d851dfd3c4f36e5713c3c,4d9f290eb3cf09fbd0248c98fb32c296,delivered,2018-03-09 13:34:12,2018-03-09 13:48:14,2018-03-09 23:44:34,2018-03-23 19:04:28,2018-04-02 00:00:00
013e9c654a339d80b53513da3c1ea437,9391729f79cd9e5fd7ca884ca030f579,canceled,2017-06-18 13:48:48,2017-06-18 13:55:18,,,2017-07-07 00:00:00
1e42f2b8223f9f659d11ea4de0524e57,edd688bedbae9130ccbc99b6826b2381,delivered,2018-03-30 14:39:38,2018-03-30 15:27:32,2018-04-02 17:31:19,2018-04-09 18:20:34,2018-05-08 00:00:00
2f9e3156d784ec07c5e1b8075263562f,4fafc71715e80054ae90f1b3eb0a9110,delivered,2018-05-28 10:40:18,2018-05-30 02:31:53,2018-05-30 14:11:00,2018-06-18 16:08:46,2018-07-04 00:00:00
09c636e254bb18eeef943452017249f4,52f69439fe573ea3f687e0e66470b28f,delivered,2017-10-27 17:03:40,2017-10-30 15:31:19,2017-10-31 16:39:51,2017-11-25 13:12:08,2018-02-02 00:00:00
f0a2783007ba2c431132d38c7642d5c9,24348bd43207b8fa492c929ab6cb1fb9,shipped,2018-04-17 11:10:00,2018-04-17 12:15:22,2018-04-18 14:08:41,,2018-05-15 00:00:00
7df81d6dcc2ba63195a6197f6362c4bb,c1be695b994bf4b1ce2619f6e5212541,delivered,2018-04-03 17:55:34,2018-04-03 18:10:20,2018-04-04 23:36:32,2018-04-06 22:47:33,2018-04-13 00:00:00
c8111f39ce798f7761d4f6e8f0c3a665,76fdaa48984220f3067ba4a59725a18f,delivered,2017-05-05 00:16:57,2017-05-06 02:22:56,2017-05-08 11:44:03,2017-05-22 16:32:50,2017-06-09 00:00:00
41bdeaa82c72b91de63ad6853ec75046,c5b4db0f1c047efb43be95b887fa4f0d,delivered,2017-11-24 20:42:43,2017-11-24 23:53:32,2017-11-27 16:42:56,2017-12-13 00:14:26,2017-12-27 00:00:00
f85ae34425864282006a444408820201,adc6d63bf57021ef1e4c89ea22a34f77,delivered,2018-05-17 21:59:08,2018-05-18 02:54:29,2018-05-21 14:18:00,2018-05-24 21:38:42,2018-06-01 00:00:00
1ecf4482aed348ce31d720182b3d2164,7d5225f8f75f892ce7d428368b6d3a6c,delivered,2018-01-27 00:08:20,2018-01-27 00:16:21,2018-01-30 00:03:44,2018-02-06 18:38:24,2018-02-23 00:00:00
6a346767428dbe844fc5dc660510bc45,3eb766c4e42f04deff042edb442998cb,delivered,2017-03-13 15:43:36,2017-03-13 15:43:36,2017-03-15 09:48:42,2017-03-20 07:53:45,2017-04-07 00:00:00
2e7080c8c24e4a977925ca08b6a7d917,88360ef90cb374eabac610c6cef1c054,delivered,2017-12-25 22:19:18,2017-12-25 22:30:19,2017-12-27 22:10:37,2018-01-05 12:23:08,2018-01-23 00:00:00
87c9a177bd8b6546136bc14128ac1d3b,4f93dc7eaca0dd47d8f458a8d26159f0,delivered,2017-09-29 18:18:59,2017-09-29 18:35:16,2017-10-04 20:35:42,2017-10-09 21:52:31,2017-10-26 00:00:00
43704b87832e6d18cbfc465c207f11f1,a2635cad2b4d6831509d2aa37a8fe658,delivered,2018-06-04 23:22:57,2018-06-04 23:35:21,2018-06-11 14:23:00,2018-06-13 22:36:24,2018-07-24 00:00:00
f386ab31f2ffcafd65304e199111d3c2,3fe7926825b25dda1761bd01bbb4d44c,delivered,2017-03-22 22:43:36,2017-03-22 22:43:36,2017-03-24 14:19:47,2017-03-29 16:17:42,2017-04-10 00:00:00
8cf69a287dd56e6cfef977b40928a949,d94798aca29a07f34830885775aa2b06,delivered,2018-05-14 05:59:07,2018-05-15 05:32:33,2018-05-16 08:15:00,2018-05-17 19:31:20,2018-05-30 00:00:00
6c509b69d13782c154a9e4ab698f5605,6f1d018964cfbd92f7b155ad2b03717a,delivered,2018-06-28 15:14:00,2018-06-28 15:30:49,2018-06-29 09:00:00,2018-07-05 14:41:28,2018-07-18 00:00:00
d3dda8df7e8aa849ce52346514bdb885,34a989f546130d326970d7f3f160e9ea,delivered,2017-08-14 17:42:03,2017-08-14 17:55:24,2017-08-16 17:12:47,2017-08-17 20:23:55,2017-08-30 00:00:00
1f39bca81bb7accc56f053aa773a89ad,2a91703cad4c9fec97e104c5977a050c,delivered,2018-06-29 07:39:33,2018-06-29 07:50:14,2018-06-29 08:56:00,2018-07-06 12:03:13,2018-07-24 00:00:00
e09d6bfb53d7cc90231d15261f2c6a34,17439b79ab52a0080e3c2b8d17288f35,delivered,2017-11-29 09:39:04,2017-12-01 11:31:42,2017-12-01 19:52:59,2017-12-11 20:21:36,2018-01-02 00:00:00
e8a4c2a62df8fb5701fa66bc2bb4f4d7,ba6c4b82b2df4cff54c92b0c474e2473,delivered,2017-02-24 17:32:02,2017-02-24 17:42:21,2017-03-02 09:44:04,2017-03-07 12:22:55,2017-03-30 00:00:00
90696d1e7b8e43d93e6585765c6087db,71164518db05f451f57dbcc0d7b2aae7,delivered,2017-08-18 07:50:10,2017-08-22 04:15:21,2017-08-22 19:12:23,2017-08-26 15:40:02,2017-08-31 00:00:00
38b9365bb512e4746d21b59d3eaaa146,8c4a739a0897f0706505e419d7f1e4ac,delivered,2017-11-24 19:25:32,2017-11-24 22:55:20,2017-11-25 13:07:16,2017-12-05 18:15:43,2017-12-26 00:00:00
853fdd4f5504e5f2c286e302f0047f4f,ad8253ef7c6f22fc841eb44387c73450,delivered,2018-04-30 19:44:19,2018-05-01 02:38:04,2018-05-04 14:59:00,2018-06-05 22:11:53,2018-05-29 00:00:00
54c4c0c7e9a1d272defcf15ea985bef7,8775e739d61b9dfb7a1076e45839b1da,delivered,2017-11-20 11:00:54,2017-11-20 12:30:43,2017-11-22 15:09:21,2017-12-11 20:03:09,2017-12-13 00:00:00
e23e45778ae735856e12dd12750e2b14,a7f15daeb4efe57cd37eb6ad2a78c0e6,delivered,2017-09-03 13:14:37,2017-09-03 13:25:18,2017-09-05 18:18:04,2017-09-08 16:22:41,2017-09-25 00:00:00
ffc97f5975c4aa1b3c9754d83050c73d,2713513e2014d3d6181fd3ed037d4a80,delivered,2018-06-22 00:13:26,2018-06-23 01:40:06,2018-06-27 11:45:00,2018-07-11 23:08:37,2018-08-06 00:00:00
7d556b158b276636f710b97e13e2a2c3,a74236a4dbbe4c74be4081b8ebc2daa8,delivered,2018-03-04 23:24:49,2018-03-04 23:35:29,2018-03-05 17:28:45,2018-03-12 21:09:41,2018-03-27 00:00:00
3a0ad73a22a4ca1af66f3f7ee5c6c3fd,91530372f9c5ba8c930edc3dbea6f2c3,delivered,2017-09-07 15:38:49,2017-09-07 15:45:21,2017-09-13 15:00:10,2017-09-21 14:07:43,2017-09-20 00:00:00
6ada1dc97a94d735582a110165f0a0c6,86e6e37908c65b70f0216acfe7c737c9,delivered,2017-11-27 11:22:24,2017-11-27 11:35:52,2017-11-27 20:51:24,2018-01-02 17:55:05,2018-01-03 00:00:00
cf57d12f25beeb760bd30983c67f21cd,10066d6eb46dff8e73177532e722e60a,delivered,2018-07-26 21:48:22,2018-07-26 22:04:45,2018-07-27 14:08:00,2018-08-13 16:52:19,2018-08-24 00:00:00
8478b4434093333a55c3fb43d137e54e,e657db636d43515b039c54c424b1e51d,delivered,2017-05-24 08:28:28,2017-05-25 03:10:20,2017-05-26 10:04:46,2017-05-31 12:23:42,2017-06-22 00:00:00
ac9c24587cf6cf6fc0276576b9e95cc6,495ce07cde671e06c6cb9ddde646d7ee,delivered,2017-08-02 13:06:10,2017-08-02 13:23:15,2017-08-04 15:32:32,2017-09-19 15:00:51,2017-08-25 00:00:00
98acbe0ec0c00e9baa6eb51e7c9f85cf,ab16e16ba3e5b87a82a2dba791f53f35,delivered,2017-08-16 18:06:38,2017-08-16 20:35:22,2017-08-18 22:21:09,2017-08-31 20:07:36,2017-09-14 00:00:00
bf013ab8da2ddc44737310fb1f58361e,9b3ed5485c93de1b23d2ad381283fd9d,delivered,2017-06-10 13:45:16,2017-06-10 14:02:22,2017-06-12 16:46:42,2017-06-19 21:39:28,2017-07-05 00:00:00
07f5b36b83b8a405657140cc50c0a1f9,75cebdffc30ea87f6b90465318eb7968,delivered,2018-04-11 12:14:12,2018-04-11 13:30:38,2018-04-13 16:05:46,2018-04-16 21:57:41,2018-05-03 00:00:00
f9ea74a0ba3d0e01f8f3a2c98bb35b9b,b9ee77187e4553b357c44c062399270c,delivered,2017-11-08 14:48:30,2017-11-09 05:31:39,2017-11-10 17:21:48,2017-11-21 16:48:57,2017-12-06 00:00:00
6a40b826639898f295c28154b2adf921,c38d55780eb6ab54ade6029dfbac6ddb,delivered,2017-03-22 18:39:20,2017-03-22 18:39:20,2017-03-23 11:40:41,2017-03-27 10:16:43,2017-04-11 00:00:00
81e04a215f5131c83423eb5d8d21a9a1,d869706e82cd0867bd5620c1fe7c4d73,delivered,2017-11-19 17:17:36,2017-11-22 02:50:23,2017-11-23 18:52:02,2017-12-08 23:48:37,2017-12-12 00:00:00
5c8250700f5fff8bf98e46213e830850,4f3c08c0de859d7614059bc83bce94e0,delivered,2017-08-21 07:23:21,2017-08-25 20:46:07,2017-08-28 18:12:29,2017-09-05 18:25:06,2017-09-13 00:00:00
3a28b975c176565c52fc1af2b84197cf,b1579afc7974300db655f47a85f69135,delivered,2017-10-13 19:14:08,2017-10-13 19:28:20,2017-10-16 21:17:30,2017-10-20 12:58:06,2017-10-31 00:00:00
7aec0be67a2ae4e49ebf19b44bd43b51,f1b3152055c1dec4a3d1eb8c3a7ac929,delivered,2017-11-26 10:42:17,2017-11-26 10:54:25,2017-11-30 17:52:00,2018-01-05 20:37:11,2017-12-18 00:00:00
d42c0ebb65d63fd42b509a1573c281aa,20956707b97a897f9bde96e8614a5922,delivered,2018-07-12 22:34:54,2018-07-12 22:45:15,2018-07-17 13:13:00,2018-07-20 17:03:21,2018-08-01 00:00:00
11d6810af0b0d8982e3d67b4dae4374a,cb51b2fbaabd9799feab4820422b270a,delivered,2017-04-04 16:33:35,2017-04-04 16:45:21,2017-04-05 10:41:27,2017-04-10 10:43:43,2017-05-05 00:00:00
dca5f2eb158a0d0ad2f5596084f13fc9,09b70cd516d511b2a068df752a517985,delivered,2017-07-18 12:58:13,2017-07-18 13:10:19,2017-07-18 20:29:42,2017-07-20 18:23:29,2017-08-09 00:00:00
b269b36952900c5cb25de4f0ee866aba,ec2c3728634c6ae1276ce8f32f410849,delivered,2018-04-24 15:46:24,2018-04-24 18:53:43,2018-04-25 13:07:00,2018-05-14 17:32:38,2018-05-28 00:00:00
5dfc09b12e05c4364cd6534f29844dc2,81772c512e346e43fbd7cc81f60b7af6,delivered,2018-04-08 20:20:09,2018-04-08 20:30:18,2018-04-10 00:06:36,2018-04-10 16:50:55,2018-04-25 00:00:00
17b374e5c126d99970336dd8a72bcb91,027711a554ce14c4bebd4af3bb803101,delivered,2018-06-07 22:47:32,2018-06-07 23:13:49,2018-06-12 11:13:00,2018-06-16 16:28:48,2018-06-29 00:00:00
b3eec4d06f4ce8853c30510575513c07,0b9f46b80e07d06f5a0d1135de59b31f,delivered,2018-06-10 01:13:53,2018-06-10 10:58:16,2018-06-11 08:22:00,2018-06-16 11:08:46,2018-07-17 00:00:00
6811f439ad8873c28f8e1138e02229a5,51f2243a8dd72cbaa606deaa06b984b8,delivered,2017-12-10 11:22:29,2017-12-10 11:31:27,2017-12-11 20:44:48,2017-12-19 16:58:07,2018-01-12 00:00:00
2d47336f7253464c839935f712a4d4d0,2458476c6c4f01b4ce4fdf4c006c599b,delivered,2018-06-11 22:48:36,2018-06-11 23:18:22,2018-06-12 09:02:00,2018-06-21 18:54:52,2018-07-17 00:00:00
cab86f1b8802835f13e9fee67ae7ee13,29956a2d27615abad8aeb1a74d4968d6,delivered,2018-02-05 21:19:07,2018-02-05 21:30:13,2018-02-08 01:16:25,2018-02-28 19:19:04,2018-03-06 00:00:00
218078d00b6b6ad56df0e38236ed62a7,43ee577ee14b2c4137d7a3d2945947a9,delivered,2017-12-07 08:39:36,2017-12-09 10:59:33,2017-12-15 16:55:07,2018-01-08 20:48:38,2018-01-22 00:00:00
c16e485cad605e6180b08e988e5b5bbb,017dd3798ef0f401392abdbc129d78a0,delivered,2018-06-01 20:57:27,2018-06-01 21:11:29,2018-06-04 13:54:00,2018-06-07 01:34:34,2018-06-26 00:00:00
83d8f70418eefd96f37b483dff430305,b2d1536598b73a9abd18e0d75d92f0a3,delivered,2017-09-09 09:54:57,2017-09-09 10:10:17,2017-09-12 12:42:43,2017-09-20 20:23:34,2017-10-02 00:00:00
196bcd18b3770c231567c0f27b0b16fb,cd8cc6c5fec2c2caddc3e96619c2f136,delivered,2017-11-07 22:28:02,2017-11-08 22:35:47,2017-11-09 20:42:18,2017-11-23 12:41:41,2017-11-21 00:00:00
5850461d2bc7d1529169bafae36a1165,e933c6179317541b4db832474621281f,delivered,2017-04-20 18:59:16,2017-04-20 19:05:19,2017-04-27 11:17:19,2017-05-02 15:09:03,2017-05-25 00:00:00
4c23c4164a5456caf473aa274df8b8b9,264962f8c8f5289ab19f1275c25b321d,delivered,2018-06-20 15:02:35,2018-06-21 04:36:18,2018-06-22 16:02:00,2018-06-27 14:47:41,2018-07-16 00:00:00
2e9d5ee7d598619b69bba815527c91ed,994f168b1d27da378b7171109ad4709e,delivered,2018-07-25 14:33:23,2018-07-25 14:45:26,2018-07-26 07:24:00,2018-07-30 17:22:10,2018-08-09 00:00:00
b80ad2b6c5b351d9e15b84a8008a7d87,8abea2586885adbb1203c365be1518f1,delivered,2018-08-13 22:36:41,2018-08-13 22:50:11,2018-08-14 14:14:00,2018-08-17 18:22:34,2018-08-27 00:00:00
991ad9e2eba74e98ccaba2c2f4a74e58,171c4bb61896632119ea73893f7157f5,delivered,2017-09-15 20:50:36,2017-09-15 21:05:38,2017-09-18 15:20:05,2017-09-26 19:19:34,2017-10-06 00:00:00
3e33843f7f12a11466eaa521cad5f864,1d81897f8575a3eaab41b9363a1e2e0a,delivered,2018-06-05 11:15:41,2018-06-05 14:31:32,2018-06-05 15:09:00,2018-06-08 21:54:32,2018-07-11 00:00:00
03229ded9d99164ee8bac7116050dd23,2de625a93dd01b073d58b2b253926e28,delivered,2017-06-03 10:35:15,2017-06-03 10:45:10,2017-06-05 15:13:20,2017-06-09 12:47:44,2017-06-28 00:00:00
c1f2b0dab3c67d4cb4eb6bddf1f6a531,7ed89b87166df84e69d929542a0852d2,delivered,2018-03-17 16:43:28,2018-03-17 16:56:09,2018-03-19 22:52:26,2018-04-06 22:06:55,2018-04-10 00:00:00
ba1c50f3276668478a6d911c6a085a3d,9254b2bcbb8cae395cb71104015219e1,delivered,2018-02-26 13:20:31,2018-02-28 09:55:58,2018-03-06 18:44:27,2018-04-18 20:48:19,2018-03-21 00:00:00
7011940c8a7bd25b77832ee761371882,a0a58fd4b0d0667a2ad8657ec8ea9371,delivered,2017-09-11 21:17:54,2017-09-11 21:30:16,2017-09-12 15:38:04,2017-09-14 15:42:53,2017-09-21 00:00:00
dd5440d0c678a3437186c8b73d4e195d,11328c35a950a33d1c0759f809806384,delivered,2018-04-25 20:37:10,2018-04-25 20:50:34,2018-04-26 15:11:00,2018-05-16 12:03:25,2018-05-16 00:00:00
fb123940cf8a433a0e596edf92995089,66a5bf9dc03c0365992c47c132b40c0b,delivered,2018-02-25 09:44:30,2018-02-25 10:08:37,2018-02-27 02:09:19,2018-03-05 20:05:07,2018-03-20 00:00:00
8f6d779c78b777b6e9c03cd848b87acd,5e268a2b106c3c6a1e57dbcaa12a4013,delivered,2017-09-15 17:15:08,2017-09-15 17:30:30,2017-09-18 19:57:42,2017-10-02 18:35:51,2017-10-16 00:00:00
473827dcccc5dc6888a85e17f4965ed4,705b9e5a5d27aaed4a3b4702e876d1d4,delivered,2018-05-17 21:40:35,2018-05-18 02:54:26,2018-05-21 10:15:00,2018-05-22 18:32:00,2018-05-28 00:00:00
842f178d66acea853df70a9be4cec244,9a428744db0dfed3d2f8692667442f65,delivered,2017-12-15 14:34:17,2017-12-15 14:52:55,2017-12-21 18:23:23,2018-01-03 20:09:20,2018-01-16 00:00:00
0bde826daa0bd10393e958cf5d69dd26,dc9e4413d260758a6e889a0f87aefa7d,unavailable,2017-02-04 10:28:25,2017-02-07 04:10:23,,,2017-03-01 00:00:00
663f5bad78ee236c44c5f31fc8c280cd,194022ce695cffb81d8a6aea3c050fbf,delivered,2018-08-09 23:10:58,2018-08-09 23:25:12,2018-08-13 12:46:00,2018-08-28 16:36:53,2018-08-27 00:00:00
c1fb4a4e7d3bf856bf229e9077dbd64c,a4df8535c2af229a6efe1f2b28909912,delivered,2018-04-03 09:31:18,2018-04-04 09:31:21,2018-04-09 13:39:47,2018-04-13 01:48:24,2018-04-24 00:00:00
fd1cfd1076dd551e6bb1c4567e5a1b31,ba30b0a551ddef6057b752431dc4abeb,delivered,2017-11-23 21:44:38,2017-11-25 22:34:26,2017-11-30 16:33:34,2017-12-11 17:58:56,2017-12-20 00:00:00
4d6951fdb1a472a77ce1422ca656c2b8,1d7a786540a0105d734010e8d88a6a53,delivered,2017-05-24 17:12:33,2017-05-24 17:22:46,2017-05-29 08:34:38,2017-05-29 17:17:31,2017-07-05 00:00:00
d7592b4ac974639ed08f1484f6b649e5,4b31d9b572c261b14a4fb3cd1514f8c7,delivered,2017-08-18 09:55:29,2017-08-18 10:10:19,2017-08-21 20:24:55,2017-08-25 13:53:51,2017-09-12 00:00:00
3c5edc9665595ab8ab9bdd6c5c4a961a,bfc72b25d90e16298aa5735c248d08f8,delivered,2017-02-03 10:09:40,2017-02-04 02:22:23,2017-02-07 12:14:49,2017-02-10 09:26:22,2017-02-23 00:00:00
5d97051b2fbe2d850d8c195e054735b4,ab65a308e13faaef39b0370e82dd6fdb,delivered,2017-01-28 09:49:10,2017-01-28 10:32:22,2017-01-30 13:32:37,2017-02-06 14:43:49,2017-03-06 00:00:00
1f27e2d6350fa9e6b5c41407098c025e,d017e0531b5e64f5364e5720c74a81dc,delivered,2018-06-18 13:07:18,2018-06-18 13:39:33,2018-06-20 14:47:00,2018-06-26 13:28:59,2018-07-20 00:00:00
1a9543c90f188e2e4fb14327ad4a9c9b,b7c889215de76857c7967c1011125d2d,delivered,2018-01-30 15:28:21,2018-01-31 15:30:30,2018-02-16 16:28:33,2018-03-16 20:03:53,2018-03-13 00:00:00
e715706f59e1a868d0a2e36af571a899,a7d4c8adee1bdc53d350c9df14819237,delivered,2018-04-15 22:16:32,2018-04-16 11:15:20,2018-04-17 12:03:31,2018-04-30 16:26:27,2018-05-04 00:00:00
672ab3776d5b25e586521469609ae774,8c8b3a28c07f67148f86f297604b9875,canceled,2017-05-10 11:52:51,,,,2017-05-26 00:00:00
2c1580970bae47b697ca0ee56495f27e,3b92b8167f3fd564dff0a3d4e50454c3,delivered,2018-04-23 12:28:28,2018-04-25 04:11:00,2018-04-26 15:41:00,2018-05-19 16:38:33,2018-05-18 00:00:00
cb1fa6d103d46946a84deca659f7385b,66b297a7865ab5c2392828ffdabc91c7,delivered,2017-12-25 20:52:03,2017-12-26 20:47:24,2017-12-27 18:42:48,2018-01-08 18:47:55,2018-02-05 00:00:00
ea2f3998dc7f04567c3addb938e148f2,e1ecd9067948f47eb91b3adcf198c878,delivered,2018-06-28 22:50:55,2018-06-30 02:35:14,2018-07-03 11:11:00,2018-07-10 12:14:25,2018-07-25 00:00:00
828c70c1568ca1b635a1b59baa592bb8,b0a8c1196847d5ed16bbd89d46c5a2d0,delivered,2017-11-25 15:08:42,2017-11-28 03:31:23,2017-11-29 21:37:53,2018-01-12 22:19:13,2017-12-26 00:00:00
56cbdf3f7e3f535682a007e0e3370e18,4ee379d29187f22407bcf61804aa07a2,delivered,2017-06-10 22:50:40,2017-06-10 23:05:20,2017-06-12 15:04:54,2017-06-23 12:33:55,2017-07-05 00:00:00
339fa9425f5d4dbf7cff350b0b7a4847,69b39aaba0e39657681ceadb18c433a4,delivered,2017-12-17 17:22:11,2017-12-17 18:18:31,2017-12-18 19:08:35,2018-01-06 12:48:26,2018-01-15 00:00:00
3a213fcdfe7d98be74ea0dc05a8b31ae,91f92cfee46b79581b05aa974dd57ce5,delivered,2018-01-11 10:03:39,2018-01-13 02:11:05,2018-01-15 22:51:59,2018-01-22 19:51:44,2018-02-05 00:00:00
ac6e61336e852cdc45fe59ada3763a66,e1f09167be22498491232558d51453d3,delivered,2018-02-06 12:16:52,2018-02-06 12:30:44,2018-02-07 17:56:37,2018-02-14 14:03:40,2018-03-06 00:00:00
e59e6aedb9b4f115de215d276a5166cf,0555bacaf4d4560a75e796a6e2c1e00d,delivered,2018-03-04 21:03:07,2018-03-04 21:40:27,2018-03-06 03:22:41,2018-03-16 01:41:53,2018-03-26 00:00:00
2d0da8435c6493de84783c21578638aa,c5c571939091a3ed365ad5d8d89602d2,delivered,2017-08-07 08:56:15,2017-08-07 09:10:18,2017-08-10 15:13:21,2017-08-22 19:38:16,2017-08-29 00:00:00
66a9f793833f66aba55e3b6a54a08acf,767b09e5fa23303a2f8b5e26f06c2f18,delivered,2017-05-19 15:52:45,2017-05-19 16:02:53,2017-05-23 12:32:30,2017-05-31 11:54:38,2017-06-14 00:00:00
179643231d5131dc81e54ce16437972f,5afb5f268ff16842dc87548c7bcb4690,delivered,2017-03-03 20:55:16,2017-03-03 21:10:16,2017-04-07 14:20:14,2017-04-12 09:58:12,2017-04-07 00:00:00
d3643399509c4df2d897ac4321bd6339,0d411936b4da908edc171b0ab99589c5,shipped,2018-03-27 16:28:50,2018-03-28 15:47:12,2018-03-29 23:14:19,,2018-04-20 00:00:00
213387d0c127ddbc06eda8fcfe0c6603,01b365dec7627509427c5503e029464f,delivered,2018-07-31 23:02:24,2018-07-31 23:31:03,2018-08-01 13:17:00,2018-08-06 19:27:37,2018-08-08 00:00:00
868848b4871ab271d735d67e64584f81,372c809b0a64a795234e537135754dc6,delivered,2018-02-13 21:08:28,2018-02-13 21:30:36,2018-02-14 21:54:44,2018-03-26 21:42:07,2018-03-06 00:00:00
2b62c1f2514954fe162667774af50ba0,c32f268299ec4b883be4ec249446f0e5,delivered,2018-06-27 15:45:49,2018-06-27 16:13:13,2018-06-28 14:12:00,2018-07-03 18:56:50,2018-07-26 00:00:00
07083f97580544bb7ba3372759150f49,181726b449c55cd7f8338b5d4609c2dc,delivered,2018-03-27 16:11:29,2018-03-27 16:29:14,2018-03-29 02:18:37,2018-04-04 23:12:26,2018-04-25 00:00:00
e95a9cf427d600b905017685d47e21cb,541890f42357b79536aacad8678d0d14,delivered,2018-08-13 21:31:01,2018-08-13 21:45:11,2018-08-14 10:51:00,2018-08-21 17:22:08,2018-09-14 00:00:00
fae47c33ced01bcd86b7152ca8c6d803,807d86956a0db3499694b126595bf311,delivered,2017-02-17 23:07:09,2017-02-17 23:22:39,2017-02-20 11:23:41,2017-02-24 10:47:47,2017-03-20 00:00:00
676e40056867189a1b3599f3e646f421,1f9d7eb9953ad379f11be30ae9dda416,canceled,2017-04-07 21:12:31,2017-04-07 21:25:08,,,2017-05-03 00:00:00
f556aa150eb96f399701cc908b91bb7f,b0b4ce3ece3e118c4125c0f8ddf82b85,delivered,2017-04-07 19:24:58,2017-04-07 19:35:11,2017-04-11 08:57:53,2017-04-28 13:37:52,2017-05-15 00:00:00
f8b96fd393ba501c08394f9f84e8f077,617fc8fd035377d90276d2ce8cebfa6f,delivered,2018-02-16 12:56:45,2018-02-16 13:10:48,2018-02-20 00:23:19,2018-03-02 21:18:36,2018-03-08 00:00:00
7a4fcf4968eae315c36ea7fd2f67ad34,15e47cc863e1dd92b3d1d5da4ee1b08f,delivered,2017-08-29 08:34:57,2017-08-29 08:45:28,2017-08-29 16:48:02,2017-09-01 15:05:12,2017-09-20 00:00:00
14d9ad6e33d9a98a2d7a935937895645,ffa2a08d3078f20abd8556015923cfce,delivered,2018-07-27 16:23:10,2018-07-28 02:50:09,2018-07-30 13:44:00,2018-08-06 22:34:45,2018-08-20 00:00:00
d7c3bde68818e4f4c44f0641f25c0092,3d4eee9068aa08122a8e652c21727998,delivered,2017-04-27 16:24:28,2017-04-27 16:35:18,2017-05-04 11:43:12,2017-05-09 16:38:59,2017-06-05 00:00:00
b54e7e86152b2e409b6cc7080eddc990,21198f061f21cabd2e87f995dcf50599,delivered,2018-03-18 15:53:18,2018-03-18 16:05:32,2018-03-19 16:41:40,2018-03-21 18:48:49,2018-03-29 00:00:00
ccbffb63e772cd3ec727b371925c25e1,6bc21afb3c97cb2a3464918abd404576,delivered,2018-08-08 17:21:10,2018-08-08 17:35:15,2018-08-09 15:22:00,2018-08-14 19:42:35,2018-08-29 00:00:00
8e07c114644753d4ec048f065197db8e,75ca43872d52b1b5edefa39295d893ee,delivered,2018-01-15 17:40:06,2018-01-15 17:50:57,2018-01-17 20:22:07,2018-01-23 23:22:59,2018-02-08 00:00:00
f4b91a4e2130d850b29e9a6cf4fd9eed,aafa4d2f21382110f2ddf3ce2efe1328,delivered,2017-08-08 18:35:12,2017-08-08 18:50:23,2017-08-09 15:10:20,2017-08-12 14:26:37,2017-08-28 00:00:00
3f57a1ad072ee53003ec220f50445342,fd354b19b1fd11c045837f4beda41f6a,delivered,2018-01-12 09:05:41,2018-01-12 09:18:00,2018-01-24 11:04:02,2018-01-30 22:21:33,2018-03-26 00:00:00
89516fb171dee556ef586436687315ff,3288ae263b202f45dc5d0468cc81a348,delivered,2018-06-12 10:00:27,2018-06-12 10:21:21,2018-06-12 13:30:00,2018-06-15 18:46:46,2018-06-29 00:00:00
b4eeb5f8b01e30cfea0247dfbee0d054,1747f9c28aa67f867b8b885a67f820c0,delivered,2018-07-03 14:40:57,2018-07-05 16:17:32,2018-07-04 11:19:00,2018-07-09 20:18:44,2018-07-20 00:00:00
017c16deefc1868a33a5966485ea4721,e7e0438494f6fd05d28210e8c6bd02a6,delivered,2017-11-18 20:23:35,2017-11-18 20:46:08,2017-11-22 17:38:40,2017-12-01 22:26:43,2017-12-19 00:00:00
53a9030f4c378093408080aa3809e214,a421f8306b6226a35378a093950a438e,delivered,2018-02-08 19:02:20,2018-02-08 19:15:28,2018-02-09 18:58:51,2018-02-20 19:16:55,2018-03-06 00:00:00
3ff3ef2712ca7c33e82afe0697183621,dfad35428d73fb161f37a7b844ab4cc5,delivered,2018-04-09 15:05:45,2018-04-11 05:50:47,2018-04-12 00:22:49,2018-04-19 22:58:42,2018-05-03 00:00:00
def0457f3544c33499ba8f27f14c937c,b3b47c386e3a14a186562d573e983f72,delivered,2017-07-29 12:44:12,2017-08-02 08:34:48,2017-08-01 12:08:02,2017-08-02 18:49:38,2017-08-18 00:00:00
c39256279451486ab6eed803a7c5b094,c0c28584291e1c711bb2028a4c85b7d7,delivered,2018-03-16 19:19:07,2018-03-16 19:30:30,2018-03-22 18:56:51,2018-03-28 18:16:44,2018-04-04 00:00:00
ed638b613c111b199c3550cb29fd6bfa,aee6316af49a9075ee0cce8c83a90866,delivered,2018-02-25 12:35:01,2018-02-25 12:49:08,2018-03-06 22:09:18,2018-04-10 20:45:25,2018-04-12 00:00:00
e3c4e25333597368379529a91b6970a1,df9f496fcdb19beb6351d619c29b875c,delivered,2018-08-01 13:42:49,2018-08-01 13:55:13,2018-08-01 19:40:00,2018-08-02 19:18:29,2018-08-08 00:00:00
a6c5f5ee344a95643f3dae437286ed87,f41a6064178975f498d982bbf755f7ed,delivered,2017-09-20 12:46:40,2017-09-20 12:55:18,2017-09-20 20:27:50,2017-09-28 14:02:38,2017-10-17 00:00:00
68bb4de546513f8cdd2c1d21fc3bc114,2a340b549b324ad89196ca8bf908addb,delivered,2018-01-09 15:45:45,2018-01-09 15:54:32,2018-01-11 18:18:18,2018-01-19 03:06:45,2018-02-07 00:00:00
49ccb99fe3aaec6e4926dfd025cd9d0f,0d1c9bf3e851a0db291a9edd754e46a7,delivered,2017-10-17 11:24:51,2017-10-17 11:45:20,2017-10-17 20:57:32,2017-11-08 19:41:06,2017-11-29 00:00:00
2aa83d9dae401c1373417afddd15fc5c,5587073a673239e340006c2ee9e215d2,delivered,2017-06-20 09:55:57,2017-06-23 09:50:13,2017-06-26 18:47:57,2017-07-05 14:43:53,2017-07-12 00:00:00
9855472e23a51c2e8b310d215c717511,5bd633b3448d980bd8ef8f7c93ccd570,delivered,2017-09-09 20:32:30,2017-09-09 20:43:30,2017-09-11 21:39:44,2017-09-15 15:26:48,2017-09-27 00:00:00
e4137bb83c0ad1410a2c9efd9e87fc1a,e301532f8aa72255419037c06de5903e,delivered,2018-03-28 09:34:42,2018-03-29 03:29:09,2018-03-29 23:12:27,2018-04-11 18:51:40,2018-04-17 00:00:00
2ad6c6594bf0917a25ff8b8918d4b7b0,b413f8147ffaf8ad8f92fe4a60d59ed0,delivered,2017-06-11 23:41:58,2017-06-11 23:55:13,2017-06-12 09:08:43,2017-06-22 12:47:54,2017-07-07 00:00:00
56b0badd7be47d6b03b5b4a692791495,2d144557245fd98dfdec25bdcafdba76,delivered,2017-12-01 23:14:02,2017-12-01 23:32:07,2017-12-07 22:21:26,2017-12-15 00:04:10,2017-12-27 00:00:00
77ca6260968df56621a018444bec0e59,072d324b57768cb953eb7f70c04d25c6,delivered,2018-04-04 16:32:31,2018-04-05 02:28:23,2018-04-07 01:16:49,2018-04-14 18:21:47,2018-04-26 00:00:00
7666bec3cfaed721d5fe9f2159f61575,80ae28c4554af2188467f02733411c07,delivered,2018-07-06 19:23:26,2018-07-06 19:35:14,2018-07-10 14:33:00,2018-07-13 23:40:49,2018-07-25 00:00:00
5d136bf14df35a987ca6ee6264518d08,4074326e0b2d0dc6cdf1f059c4e5249b,delivered,2017-07-19 20:54:38,2017-07-21 02:50:34,2017-07-26 19:06:14,2017-07-28 18:53:03,2017-08-08 00:00:00
0da1e80855b93d954fd8f95c571cb191,55dacd547a813a182aa5c6033382abf8,delivered,2018-02-14 10:14:46,2018-02-14 10:27:19,2018-02-15 17:45:55,2018-03-20 18:56:24,2018-03-12 00:00:00
61792c6272346d7f4b7c5b1747df7b1a,6d6221343635319264386c8f977b01de,canceled,2017-03-08 11:51:41,2017-03-08 12:33:15,,,2017-04-10 00:00:00
67d76fc5a4545e99be9b1e6f9e90cfc5,b2dd3429b9c80e9f1d519af8a7705833,delivered,2018-04-26 14:33:47,2018-04-26 14:51:46,2018-04-27 13:51:00,2018-05-10 19:16:47,2018-05-15 00:00:00
8413ebc651b8c647366e0e2c61dd63dd,743c5104f424516afb18f53533e4d11b,delivered,2018-03-21 20:34:05,2018-03-21 20:47:55,2018-03-23 18:16:28,2018-04-13 13:11:47,2018-04-18 00:00:00
6299bb8e855289b411394e216495f96f,9851deda7779662b5efe8b5242911c9f,delivered,2018-07-05 17:52:32,2018-07-05 21:15:19,2018-07-10 09:44:00,2018-07-17 00:41:09,2018-08-08 00:00:00
ae15b2781b5af9c409f1c064b3c78d43,6d06e4f402231c40950574cee48500a0,delivered,2017-08-02 10:57:35,2017-08-02 11:10:08,2017-08-03 18:33:31,2017-08-07 16:53:58,2017-08-15 00:00:00
3b054a3ac007432a7f620b16c35182f9,2977d5699f7c47ace1ccad7e22e95f8c,delivered,2018-03-07 10:56:55,2018-03-07 11:15:35,2018-03-08 19:58:27,2018-03-26 15:47:06,2018-03-28 00:00:00
012bea13f9a355c983efb59a3f23583a,71cd7e5e11ae80ed42c6c57ff51a347d,delivered,2017-11-24 16:17:39,2017-11-26 17:15:51,2017-11-27 17:19:16,2017-12-15 15:09:58,2017-12-27 00:00:00
bf73701b5b5b3896c9530b11ec89e8d9,688c9939a7383c04b43657f6238927de,delivered,2018-06-11 21:17:39,2018-06-11 21:40:59,2018-06-12 14:10:00,2018-06-22 18:08:50,2018-07-05 00:00:00
eea28d6b80e09bfb00dc1f0640d2de47,3696afd6fae4a1f36fcbc3db8f3d6640,delivered,2018-08-09 08:55:38,2018-08-09 09:05:12,2018-08-09 15:57:00,2018-08-15 17:31:48,2018-08-24 00:00:00
210c6ed248d1932c050be6413765f0c7,1b71afbf0f5262d87eb73d5165b0e45b,delivered,2017-04-28 08:04:17,2017-04-28 15:15:12,2017-05-02 15:21:03,2017-05-22 16:28:41,2017-05-31 00:00:00
cc09da6c606c28d227e63092534166fd,3a1312f3b271aa1bb0c95afc4e1c7144,delivered,2018-08-08 01:57:45,2018-08-08 02:10:09,2018-08-08 14:33:00,2018-08-13 23:29:32,2018-08-20 00:00:00
524a77411e47956b583e344545abf653,53c009899356b1d516fce2ccc4831a6c,delivered,2018-04-03 16:14:10,2018-04-03 17:10:43,2018-04-09 18:31:01,2018-04-16 19:22:51,2018-04-25 00:00:00
cdaa6abaa1e05e0d89480265def8ff69,9f49952c08746f493bed576ba464262f,delivered,2018-07-22 16:02:50,2018-07-23 12:32:40,2018-07-23 13:07:00,2018-07-27 18:11:16,2018-08-06 00:00:00
a6b00255fe9735f580be26621936de80,bb1eb76deae42911446b07fa4fcfcd10,delivered,2017-12-09 13:44:34,2017-12-09 13:55:24,2017-12-13 18:19:00,2017-12-14 16:28:50,2018-01-05 00:00:00
add917dceddf24259c12174aba0159f2,8649595b9d01b639788a38ecf1a1ce06,delivered,2017-12-20 11:20:14,2017-12-20 11:51:46,2017-12-21 21:19:07,2018-01-04 20:39:00,2018-01-22 00:00:00
cb9055a03715c49c0d9aa0d1d2161e9c,cc7f0346618c7ea95cf78d9df10e9711,delivered,2018-04-30 07:04:12,2018-04-30 07:15:11,2018-04-30 13:48:00,2018-05-07 18:27:33,2018-05-17 00:00:00
7dd0ef49824aabc4264669d087b1f8a7,08181bc3f3c2efdef8dca2720d20b874,delivered,2017-06-04 18:53:47,2017-06-04 19:05:18,2017-06-05 19:13:55,2017-06-16 15:51:55,2017-07-10 00:00:00
273177c9b2d2eb2a68a77ee39e726b52,8fe693b836b15ebda5ba1b71fe254a75,delivered,2017-03-01 15:02:59,2017-03-01 15:10:24,2017-03-02 14:23:45,2017-03-10 06:09:10,2017-03-31 00:00:00
f0ef4a7e953d49418b658852e46ae239,a514686ba42450bf705222bd5ffacc70,delivered,2018-08-08 19:07:27,2018-08-08 19:15:15,2018-08-09 12:51:00,2018-08-13 19:12:46,2018-08-21 00:00:00
011f9dff2545a2cf8ac1809faed3ec88,fd10113c54f4f4bfcaacbd1c2d188a77,delivered,2017-08-01 19:00:07,2017-08-01 19:10:21,2017-08-03 12:41:48,2017-08-09 21:04:42,2017-08-23 00:00:00
e8f5f9fb65db20f08e707adec28407c9,784901d3f22212ba0ea67576d2c41ffd,delivered,2018-06-24 20:08:48,2018-06-25 10:55:35,2018-06-28 14:47:00,2018-07-05 22:04:55,2018-07-27 00:00:00
d6a5b1dabb71e6af751ca35e7ecbcae2,84a18469ae1de12043370666d2807e6a,delivered,2018-05-29 15:03:29,2018-05-29 15:32:23,2018-06-01 14:04:00,2018-06-08 20:32:30,2018-07-05 00:00:00
73840bb583b69b1d181d54f3f755a4e2,525fe4903a5cea320f17dcf74c2a1534,delivered,2018-05-29 13:28:56,2018-05-29 13:57:57,2018-05-30 13:46:00,2018-06-18 20:44:45,2018-07-17 00:00:00
6262db458a330005c5c5de9806d09584,6fc30afbaa8c92e5d4af80945d59793b,delivered,2018-05-18 21:20:36,2018-05-20 00:30:53,2018-05-23 14:54:00,2018-05-24 17:09:44,2018-05-29 00:00:00
2577b7a27e96dbad77db32d34b57351d,6fa63b4b3cdf930c98e8371069c66ca8,delivered,2018-03-12 15:01:55,2018-03-12 15:40:31,2018-03-13 23:34:29,2018-03-15 16:37:47,2018-03-22 00:00:00
ce4c50f30197a0330b034d27da7f5ed6,264e5e9f32e548e54a26fd718c707553,delivered,2018-08-06 11:31:03,2018-08-06 11:44:29,2018-08-07 13:33:00,2018-08-15 14:03:27,2018-08-30 00:00:00
4139faf4f621fe4b49e3e0d71bce665c,c459a3e01cf597d97c9b5c1795852405,delivered,2017-09-10 16:14:45,2017-09-10 16:25:16,2017-09-13 17:42:09,2017-09-16 14:27:54,2017-09-22 00:00:00
a01e45fb2acf54e98e2b1269ce639ddb,5bfac31979b433764b7a939b6b46fdc6,delivered,2018-01-29 16:54:25,2018-01-29 17:17:50,2018-01-30 17:53:25,2018-02-17 00:56:35,2018-03-09 00:00:00
afd30106ec5fcdc91936dc9e8bdac2bb,81e6dcb18ef7a826576876d2f21756ab,delivered,2018-08-16 10:02:10,2018-08-16 10:15:17,2018-08-16 13:19:00,2018-08-24 19:22:01,2018-09-11 00:00:00
f62e1cc968992b573558a1406edc8ccc,1442bed704b202edf2871f6797bf4b20,delivered,2018-01-03 20:18:19,2018-01-05 02:33:39,2018-01-08 14:49:11,2018-01-22 17:30:15,2018-01-30 00:00:00
5f2a1ec22eca170ab81c30ad2ba13a23,e762c1890611291154089b0ca74c0010,delivered,2018-02-14 12:04:23,2018-02-14 12:40:21,2018-02-14 21:54:44,2018-03-06 02:18:03,2018-03-08 00:00:00
bc549579fe8b9728bac120abd8c20174,2f10dc6ea31f47d7ce69dcc713ca6e07,delivered,2018-05-08 04:37:15,2018-05-09 03:35:09,2018-05-10 12:55:00,2018-05-15 16:45:07,2018-05-17 00:00:00
814f83a0c457db5d3220e5e7367a944d,0d45bdea2b7f24d31d6d7da7a8c12d0d,delivered,2017-05-09 17:54:17,2017-05-09 18:10:09,2017-05-11 12:28:34,2017-05-17 06:51:59,2017-05-29 00:00:00
d40dd8018a5302969efb31bd21744cab,0470c47f1dd7a91d0f3b8a420589e0f7,delivered,2017-03-23 22:59:21,2017-03-23 23:10:30,2017-03-25 09:26:22,2017-04-06 16:33:45,2017-04-13 00:00:00
178d4631e2d802e398e7ad53d76744db,8af58cdc47baf577a7b6ff7fd64a0164,delivered,2018-03-06 19:06:20,2018-03-07 19:09:53,2018-03-09 17:45:32,2018-03-28 21:21:43,2018-03-27 00:00:00
de1f63780a06d4800d094e9875c89ac5,3c664b374699a72e45de3edd4adfd360,delivered,2018-03-10 10:04:03,2018-03-10 10:15:30,2018-03-15 00:58:40,2018-03-21 17:41:58,2018-04-12 00:00:00
22b4202b17bc3ba77ee0b82dce7640f4,e62524b785aae220dbeb9997d9e34312,delivered,2017-10-31 15:18:20,2017-11-01 03:10:32,2017-11-08 21:57:40,2017-11-24 21:17:58,2017-11-23 00:00:00
b96a1d2c7e7e18ae3bfbdfc43366a42d,ede1d05d53f82a21a82e22a89aaf01c3,delivered,2017-12-10 19:31:51,2017-12-10 19:38:21,2017-12-12 17:46:53,2017-12-29 17:49:44,2018-01-05 00:00:00
20176fe1ddb4756918024acdffd0cb05,1cf7dea919ba9ca8bb252c4da7cb2aed,delivered,2017-10-19 03:08:03,2017-10-19 03:27:40,2017-10-19 13:29:50,2017-10-24 17:46:18,2017-11-07 00:00:00
aa04ee4542e835a3e6f4da876dc654c6,dc49e0412ba3a24e9555f34f15e715ad,delivered,2017-12-12 15:27:05,2017-12-12 15:50:48,2017-12-13 21:37:20,2017-12-14 19:56:56,2017-12-29 00:00:00
b2426a12223a693246063d6236b3010e,cd47325ca955deebec5548b6247d6b3f,delivered,2017-04-12 10:18:30,2017-04-12 10:42:24,2017-04-12 15:21:03,2017-04-17 08:27:48,2017-05-11 00:00:00
885a241064b41183a985510330cd9aae,1d6509f7241d41656e3dd4b9980a3a0f,delivered,2017-06-23 12:41:07,2017-06-23 12:55:31,2017-06-23 13:34:46,2017-06-28 10:59:01,2017-07-13 00:00:00
7f4fc954dc46f105335b49a80acb1f7c,95936ba8a9ea372f3b9b0aea6aa2165f,delivered,2017-11-21 00:17:44,2017-11-21 00:26:53,2017-11-21 17:41:26,2017-11-27 20:51:32,2017-12-13 00:00:00
5cb1ebf7fc3436167b8c37a78ceed6a1,e0bdc76109fff228c2f4a5f09b47f3ea,delivered,2018-01-18 19:10:45,2018-01-18 19:33:37,2018-01-19 18:08:36,2018-02-07 23:48:51,2018-02-08 00:00:00
c66c3d7b42dbd139f921139df1eeb31c,4eb63dae024202dc0114b95b5429c0b1,delivered,2017-09-13 12:43:43,2017-09-13 12:50:20,2017-09-28 19:11:44,2017-10-03 12:43:08,2017-10-10 00:00:00
4b944ced0a85068eda08572e1c5e890f,8bb9675b99a1bfa9d37b5100fafb64d4,delivered,2017-12-27 23:08:41,2017-12-27 23:19:25,2017-12-28 18:32:36,2018-01-09 13:57:24,2018-01-26 00:00:00
bab8a3c77d39678185f390e2317418dd,7f858b13b6bc5add18230f1efbd7b6e9,delivered,2017-03-21 16:13:29,2017-03-21 16:13:29,2017-03-22 12:36:46,2017-03-27 12:15:40,2017-04-24 00:00:00
1801452e1cca8ab335fa5730426ebe75,edfe96f0a10e2b8cdd3dc777150c2fa0,delivered,2018-01-17 18:09:50,2018-01-17 18:17:38,2018-01-19 19:53:12,2018-01-22 16:18:16,2018-02-02 00:00:00
43ebb44129e36dee79fef2ff7343a806,5d96f7ec0aa0498407850bd38017cf44,delivered,2017-07-07 16:25:41,2017-07-07 16:43:36,2017-07-08 13:07:44,2017-07-14 18:03:09,2017-07-31 00:00:00
0f7f3eba54c53b72342a72c2a266c9a3,f1e78d2897482442795269df65b50a47,delivered,2017-05-19 14:25:52,2017-05-20 04:25:24,2017-05-23 11:16:00,2017-05-29 15:32:39,2017-06-12 00:00:00
043cdeaa13251e7dd736f65b9ef6498f,a1a2959e5c770a17d96e3d2e29fe2e80,delivered,2018-04-21 22:06:04,2018-04-24 19:25:28,2018-04-24 22:03:41,2018-05-02 15:16:59,2018-05-28 00:00:00
e80668d1356f3b4f4c77cbdb452adb7b,193067f31282f22e08758beef998c9b0,delivered,2017-10-24 12:56:06,2017-10-24 13:07:26,2017-10-26 20:52:50,2017-11-01 20:35:52,2017-11-14 00:00:00
23776c3e7fc4d5e5185cb19abb53e653,1265125ec446b88b4079ce368f6e9595,delivered,2017-11-29 08:52:21,2017-11-29 09:10:38,2017-12-01 20:19:03,2017-12-11 21:04:16,2017-12-21 00:00:00
11b1470a79108e6d6dde223c40bf2c4d,825f58ca9af74f7fed6d0e24f5e12fe2,delivered,2018-07-05 03:38:19,2018-07-06 02:51:16,2018-07-06 09:20:00,2018-07-11 14:18:45,2018-07-27 00:00:00
cdc1504eb9521a2941c00363ee8288d2,87e3b43896edfc6786a0d8ab36a14202,delivered,2017-09-05 16:05:43,2017-09-07 02:55:57,2017-09-15 23:13:04,2017-09-27 17:47:56,2017-10-04 00:00:00
f49b0d1c77d2f8b37c7579f4cbc8264e,60084b7d470df61a877bc270cae7f70f,delivered,2018-05-22 11:04:25,2018-05-22 11:37:11,2018-05-23 12:51:00,2018-06-02 15:51:22,2018-06-06 00:00:00
60cea07de0865aeead1984c1c97dee57,e31cc7a1dbedf7b8118bf23028475df4,delivered,2017-05-29 15:07:16,2017-05-29 15:22:43,2017-06-01 10:56:44,2017-06-05 12:14:26,2017-06-09 00:00:00
fecadea4b60522702bd322933da20c9e,52949927b7bca40124954b070e2ccd44,delivered,2017-12-01 12:57:58,2017-12-02 02:51:04,2017-12-06 00:07:16,2017-12-11 19:51:47,2017-12-28 00:00:00
9694aa09499321709cdb542840ebbbb2,18cf90f4d4f765bd1ca02c2af5e214ea,delivered,2018-05-01 00:02:11,2018-05-01 03:53:50,2018-05-03 12:31:00,2018-05-08 19:18:47,2018-06-01 00:00:00
6d95f56851f4a4c72764429b174d2757,5bc405425b97198b8eb4ac336d490ebd,delivered,2018-07-21 04:52:51,2018-07-21 05:05:08,2018-07-30 14:17:00,2018-08-03 19:22:03,2018-08-23 00:00:00
9126ef9bac580112777f7cc8735b9317,8bbecefdad74647734aac4e73e3047f2,delivered,2018-06-11 14:12:17,2018-06-11 16:31:31,2018-06-12 14:05:00,2018-06-18 22:58:24,2018-06-21 00:00:00
68bdebfec71378badc0a09b44e8344cd,a613363dc0778bfec55c8cf8ddd311c6,delivered,2017-05-27 11:15:45,2017-05-27 11:25:19,2017-06-08 06:26:41,2017-07-05 11:46:32,2017-07-03 00:00:00
6f30b59ca40f5851d931d146ef6868d0,25cd69ec3b9ed53e0dffdc108ae9094f,delivered,2018-07-01 18:43:37,2018-07-01 19:09:47,2018-07-10 13:33:00,2018-08-07 19:18:43,2018-08-22 00:00:00
287b0bab443f35ac8aaeef8efdbc3a74,ca428a8967c35219bc97f4080b3c2fa5,delivered,2017-10-30 21:42:35,2017-10-30 22:32:06,2017-11-03 15:57:53,2017-11-14 19:59:02,2017-11-16 00:00:00
85155db432ac11f95d0c59fac9f4974b,107def0a7b2abbe0805a5f19d9d358a0,delivered,2017-06-10 16:30:10,2017-06-13 04:02:44,2017-06-14 10:37:38,2017-06-19 17:46:49,2017-07-12 00:00:00
ab2830d9aa052d7aee54359bc3f61d0c,47c86af221a1224eefc71b9f9600ef02,delivered,2018-07-03 19:11:43,2018-07-05 16:27:04,2018-07-04 13:55:00,2018-07-13 19:16:38,2018-07-26 00:00:00
e2cbd2d1481ec11ea5c4b7060296548f,d1926a6e8068d2bb5d6439d80a52c8df,delivered,2018-03-12 11:05:17,2018-03-12 11:15:33,2018-03-13 16:44:37,2018-03-20 18:28:35,2018-04-05 00:00:00
eda613a4e8989dac08362e3326431eaa,ff1566bb6758a1a457e922cd7affcb2e,delivered,2018-01-19 08:02:06,2018-01-19 08:15:41,2018-01-22 18:59:39,2018-02-02 15:42:37,2018-02-16 00:00:00
64c8d713a96944349d954eb4bd62e6d5,da6cb7e84bfcd07e870786f37895b6d2,delivered,2018-08-10 17:01:31,2018-08-11 11:30:06,2018-08-13 15:25:00,2018-08-22 23:08:27,2018-09-04 00:00:00
6e90d9d1208b1fd1a03e262aa7d54115,ba5d9b2f351aa1537e733555144c88e5,delivered,2017-11-03 10:22:00,2017-11-03 10:35:27,2017-11-07 16:09:17,2017-11-14 17:05:17,2017-11-28 00:00:00
8342cb0cdd4fa7bd6ff3a6f7444d1d63,a1725c06c50122eded9e3c2289ce7d49,delivered,2018-03-20 22:54:39,2018-03-22 02:50:58,2018-03-23 01:06:54,2018-04-06 21:24:48,2018-04-13 00:00:00
8e65dc9111065511a3429687624b4fd2,3511ee1e32ffd8cef320d91f1904a7db,delivered,2017-04-12 13:45:31,2017-04-12 13:55:18,2017-04-13 13:54:44,2017-04-24 12:34:30,2017-05-08 00:00:00
bd6a18e7a7310602453f4fa2a74ccdb4,7c9cd3cca2b9e21c63bf307f7b284685,delivered,2017-04-25 08:06:05,2017-04-26 09:36:46,2017-04-26 21:07:21,2017-05-02 11:56:54,2017-05-12 00:00:00
4b1db8a28fba39bb791eaf6f2d287d5a,ed4134290a6458712e109a4c68171571,delivered,2018-03-28 13:23:14,2018-03-29 13:28:44,2018-04-02 17:44:58,2018-04-20 22:42:39,2018-04-23 00:00:00
1c020d85d867e13a69a2864fdd50e1f6,c2f9727e28c5a4b924388415883459fa,delivered,2017-11-07 19:32:53,2017-11-07 19:50:58,2017-11-08 20:18:47,2017-11-16 20:37:41,2017-11-27 00:00:00
1747c5b6d79e2facdab870f3ba6c6839,cc3220c1a94e94ea654389fef37e18a4,delivered,2017-10-05 13:39:21,2017-10-05 13:49:33,2017-10-05 20:11:55,2017-10-11 18:51:57,2017-11-08 00:00:00
312e1512a754a9cb5cf0c02208e818e3,3c22246ee0164d6c28f5320a69dd4059,delivered,2017-04-11 23:53:51,2017-04-12 01:25:33,2017-04-12 10:29:16,2017-04-25 12:20:46,2017-05-08 00:00:00
43633b4950869ad500817fb5326e1864,69b9d91ba59311c2c23231ae34d2faa5,delivered,2017-07-27 14:02:07,2017-07-27 14:15:12,2017-08-03 17:41:16,2017-08-11 17:53:38,2017-08-30 00:00:00
656eb4f0ee4385fd32f5eb22d296be75,8ce33cffd2b351f19bad2152103596a3,delivered,2017-12-14 23:49:27,2017-12-14 23:57:38,2017-12-18 19:23:42,2017-12-26 12:38:49,2018-01-09 00:00:00
dc7566bfe3895fb2cdd629c28afede86,51eb7663bd61a5973720f98b62097595,delivered,2017-04-07 15:21:10,2017-04-08 02:43:31,2017-04-11 11:35:14,2017-04-17 18:18:14,2017-05-08 00:00:00
ce720cfa1cadab0ab4c19a956254d382,08420efd8b1c0be27393032e21a993ee,delivered,2017-05-25 22:33:25,2017-05-25 22:45:08,2017-06-01 14:04:47,2017-06-17 10:38:02,2017-07-03 00:00:00
efa1af2a8dfff552767e96fda9a44370,4937c7e96833e9f634ed8ca35c03eda2,delivered,2017-12-02 12:01:05,2017-12-02 12:20:27,2017-12-07 01:58:44,2017-12-18 11:32:52,2017-12-27 00:00:00
61d5f1dcdf9b023ea7622b65d2362e4f,bb465a223e03add1dea0f9b32822f59c,delivered,2018-03-30 09:27:22,2018-03-30 10:10:10,2018-04-02 19:59:04,2018-04-11 16:59:55,2018-04-18 00:00:00
cbfe43d4a7e8df6def7f9247e1c6120e,a5025dca34865983e2a8276422abde37,delivered,2017-07-02 19:33:39,2017-07-04 04:25:19,2017-07-06 13:44:24,2017-07-10 18:16:46,2017-07-21 00:00:00
223be4c8588a9c2a4957d1f36b1dd632,db02d96473e42ab62448e2d44a79e3e4,delivered,2018-01-30 09:42:12,2018-01-30 11:15:42,2018-01-31 18:48:39,2018-02-07 00:57:40,2018-02-15 00:00:00
8dcedca18bb1b1f7a5db3ebb636f372e,5ec3bf2d6dcee4f176783567eb78cc11,delivered,2018-02-26 21:46:40,2018-02-26 21:55:28,2018-02-27 20:09:27,2018-03-25 10:44:37,2018-03-16 00:00:00
31e50461be6957a749166e97af082d0a,a95f4bbcf95262b073e4afa481b59ff8,delivered,2018-02-09 14:43:53,2018-02-09 16:50:06,2018-02-10 15:04:51,2018-02-16 17:02:38,2018-03-02 00:00:00
c070197fda7a26801e76cbaa59b9298a,8e3cb75915296ca5a6ba89fae7c2566b,delivered,2018-02-25 20:30:05,2018-02-27 04:31:05,2018-02-28 19:21:37,2018-03-09 18:22:57,2018-03-12 00:00:00
ba5bea3d3350015cf0511a06893b7617,f9f54decdc00f222d23da880105b1078,delivered,2018-06-07 19:45:22,2018-06-07 20:15:02,2018-06-08 08:33:00,2018-06-14 19:06:17,2018-07-12 00:00:00
47a59571eaf621fe16f74c18e25fa329,78a1c372926a7a74192f675703215b39,delivered,2018-02-22 18:48:27,2018-02-22 19:08:25,2018-02-27 20:12:45,2018-03-16 22:32:58,2018-03-14 00:00:00
37c5e874cd21d8a572111e7fe0bab749,1132036fb26760e31485647c6c6b3e27,delivered,2017-11-05 21:55:51,2017-11-05 22:06:44,2017-11-06 20:48:43,2017-11-16 17:52:47,2017-12-06 00:00:00
d04aa7a56c20579debaf2cd69ce4dd73,d5f0e4db4039669c25d1d1fe428c8bcb,delivered,2017-03-05 20:49:57,2017-03-05 21:02:48,2017-03-08 10:40:40,2017-03-21 10:27:45,2017-03-31 00:00:00
578b634977ea194b887ef0cee6d501d1,fce502dc054ac3e83ff0e46624e8b145,delivered,2017-11-11 17:11:07,2017-11-11 17:26:17,2017-11-14 16:35:17,2017-11-29 16:07:00,2017-12-05 00:00:00
2da6ebf3d4e564ca7ed21893aa78d820,d4e7cb01d336245a67f8d43b21c82269,delivered,2017-09-29 09:18:47,2017-09-29 09:28:16,2017-09-29 14:36:01,2017-10-10 21:13:39,2017-10-26 00:00:00
8bd569b6ef081e577038e2c73038b191,2d01686621b1dedd7c5dbd0d4f8686ee,delivered,2018-06-09 14:08:25,2018-06-09 14:31:58,2018-06-11 14:41:00,2018-06-20 23:12:12,2018-07-13 00:00:00
94bde44a48f191d7175f67eb93b9ed67,7e8eda96b7924f789c4b65855af3e187,canceled,2017-02-01 17:31:17,2017-02-09 14:43:11,,,2017-03-16 00:00:00
2d372207e6e6c38c19f44bf5a7e07e66,dd4f9db38b8a3f03ff4dd5f159dfe50a,invoiced,2018-03-15 16:34:31,2018-03-15 17:10:11,,,2018-04-06 00:00:00
b871405a198da4b2817206ce2a13de0b,12ef94446bb39eb7506941f858526d29,delivered,2018-06-18 11:25:56,2018-06-18 12:19:01,2018-06-18 14:10:00,2018-06-25 13:23:13,2018-07-18 00:00:00
8fa6f30389819ea6543a643faf9ad7e3,50da54149c28a6b981ba9041bae4f547,delivered,2018-07-15 22:51:54,2018-07-16 23:31:33,2018-07-17 16:01:00,2018-07-23 19:28:46,2018-07-30 00:00:00
448a8d1f2ea019c4016c1e6f75d01dc7,e4746f45c535eb374011aa4cf48f0a42,delivered,2017-11-29 11:10:26,2017-11-30 13:31:20,2017-12-01 22:32:18,2017-12-08 22:38:30,2017-12-18 00:00:00
233d68955f53ddc70fdd403f7032c093,395dcb266e4b2dd47562e938d8495a88,delivered,2017-05-21 10:32:54,2017-05-21 10:45:16,2017-05-23 10:05:30,2017-05-29 04:22:00,2017-06-13 00:00:00
18f15d3fbb7850283b527597c8f58704,5c0207e0f15556dca4a404a60936ec64,delivered,2018-08-13 10:39:36,2018-08-15 03:15:52,2018-08-17 15:21:00,2018-08-21 21:15:00,2018-08-24 00:00:00
e93d4bbea9f3bfbce59cc83e6a663437,97cf999f275f1388e6ecb91f4b0d6e98,delivered,2017-08-29 11:40:02,2017-08-30 02:05:28,2017-08-31 18:22:46,2017-09-08 21:33:55,2017-09-22 00:00:00
4f5b17a084374aefa986a762eb8a7de2,7622d1fc55809b6109b7decf63dd8529,delivered,2017-04-24 10:02:13,2017-04-25 08:05:17,2017-05-03 16:12:40,2017-05-11 10:39:42,2017-05-17 00:00:00
7701acffdc4a67fac70f9ba0d45cdf41,2c3e6d34925ae17def03b796b63e8dfe,delivered,2017-03-28 21:45:33,2017-03-28 21:55:20,2017-03-29 15:47:41,2017-04-04 17:36:29,2017-04-17 00:00:00
79f3f1e756924f3c4f2e8de5b726ccff,f3258f0909cb8d6bed43289901375714,delivered,2017-11-24 16:36:22,2017-11-24 20:32:37,2017-11-28 18:11:41,2017-12-03 18:53:09,2017-12-20 00:00:00
f68bf4a4d690be2a9ba9402b0862ad34,b0f499373858acb08d14307f9969da01,delivered,2017-11-02 21:32:55,2017-11-02 21:46:57,2017-11-10 21:12:13,2017-11-14 19:12:29,2017-12-05 00:00:00
07883f86dff5e5622fe054225f176aa7,b5024012e2eb8cefcc0a866047341d47,delivered,2018-05-18 20:27:58,2018-05-18 20:35:17,2018-05-22 14:28:00,2018-06-06 21:38:41,2018-06-11 00:00:00
92f21edc7e69a84e3e521e9adc7c83b8,4e5625bd8071649b275dcce5f9aaec1c,delivered,2018-07-20 21:21:06,2018-07-20 21:30:14,2018-07-24 12:33:00,2018-07-27 14:32:57,2018-08-17 00:00:00
515c58930f7c49f1a0d9756e12491e63,744d7d775d60a6152affb2f46976ef2a,delivered,2018-08-16 18:51:26,2018-08-18 02:50:13,2018-08-20 14:44:00,2018-08-23 19:16:52,2018-08-28 00:00:00
c7792e68d2b059a30e1393cf164f9adf,d26ca867b1550906d9277386f53216aa,delivered,2017-12-02 18:50:34,2017-12-05 06:51:40,2017-12-07 14:07:02,2017-12-14 21:06:37,2018-01-03 00:00:00
dda49ab2822cbc8fa455bd3f699b39c3,d30f32b756dbc49536884f962233a2ba,delivered,2017-09-23 15:28:09,2017-09-23 15:44:34,2017-09-25 16:43:10,2017-10-04 20:38:16,2017-10-24 00:00:00
0eca09e82535e22a903c3653b2c7eae4,cf28b3b37de0d44466168e557645c5f4,delivered,2018-06-03 17:15:21,2018-06-03 17:30:24,2018-06-04 13:30:00,2018-06-12 23:48:43,2018-07-27 00:00:00
ac4cac02127ebb55852c9b87cf67d58d,17deb423f4b91d5f4bee1506901ab904,delivered,2018-08-10 09:18:07,2018-08-10 09:30:19,2018-08-10 15:12:00,2018-08-21 00:25:40,2018-09-05 00:00:00
ef93be4e062f4f0f65f6d5251fe0ea40,e56decd9a37f6d32ecbf12d3ce1801b1,delivered,2017-05-08 18:46:53,2017-05-08 19:02:18,2017-05-09 09:22:48,2017-05-16 15:39:51,2017-05-30 00:00:00
0c532a9c46c5090a74edf2c28388699a,467292e9b683d78fd3c115882633effa,delivered,2018-07-11 18:33:35,2018-07-13 02:43:56,2018-07-13 12:10:00,2018-07-23 14:44:29,2018-07-27 00:00:00
57eede1060c3e289d5be82560b4874b7,1969139e7199fb5279310e0cb26c66c6,delivered,2017-10-27 11:33:04,2017-10-27 11:48:28,2017-10-30 18:44:38,2017-11-08 21:05:14,2017-11-24 00:00:00
f9418673303e682d25b8e8a57bb7c4d8,a3f51ba06f92eea012aee0148689488b,delivered,2018-08-01 08:06:08,2018-08-02 05:05:17,2018-08-07 15:48:00,2018-08-14 18:44:41,2018-08-17 00:00:00
aa4e05bcd5346709bd52562b68ae92be,a0a01be5465eb34d2a159440ffca23e4,delivered,2017-06-19 23:00:24,2017-06-19 23:10:19,2017-06-22 15:43:24,2017-07-04 13:59:52,2017-07-13 00:00:00
11c8a3b7adc8c5c3f5ae4f0257c5e953,003536ce5e18f1d12b9bf76932f8a6b1,delivered,2017-10-16 19:17:54,2017-10-16 19:35:17,2017-10-17 20:17:46,2017-10-19 16:14:55,2017-10-26 00:00:00
65480799a0ea99cc43f86d3af16e9d1c,ee4207b3a04cdbfdbd567e3e34748851,delivered,2018-08-05 20:30:35,2018-08-05 20:44:33,2018-08-07 14:25:00,2018-08-10 14:32:37,2018-08-22 00:00:00
27d168c6a89ffc87604d2e42c7761956,01e466f5fd2937b4ea4a18eb9963f9ea,delivered,2018-08-15 19:33:36,2018-08-15 19:45:14,2018-08-17 11:23:00,2018-08-29 17:31:48,2018-08-30 00:00:00
80606b26965c5ed21e85a085e0667b63,9e241a9965210ac822859a94c0f33162,delivered,2016-10-04 11:03:14,2016-10-06 07:46:47,2016-11-17 11:21:15,2016-11-17 19:14:41,2016-12-08 00:00:00
19025d18b19c3708839cb8d53432255a,cf781d70e640e40bbda23421b23da094,delivered,2017-07-11 13:48:22,2017-07-11 14:03:28,2017-07-11 19:07:31,2017-07-15 14:07:59,2017-07-24 00:00:00
811c07cfc688fdcbdc6802617db18822,f96d2f985715f67004e13c4a5f126ad1,delivered,2018-05-28 11:14:09,2018-05-28 11:33:10,2018-05-28 13:58:00,2018-06-11 19:05:15,2018-07-04 00:00:00
af2bf9b846ff40006f0b5b856151f468,0d9078a58e9b0292d4304f64ffa945c6,delivered,2018-03-28 08:27:32,2018-03-30 03:08:51,2018-04-02 17:17:06,2018-04-17 21:06:51,2018-04-23 00:00:00
c1eab54ad584ff7acf4b8f5e4020c005,3be4ac356c3f5f24bfac0a0a60ad48d0,delivered,2018-07-19 18:49:17,2018-07-19 19:03:16,2018-07-20 15:58:00,2018-07-25 20:33:42,2018-08-07 00:00:00
eefe21a13ea7838a575a4e488d607511,700d1a0f07ccb59ca2e228321d9a1904,delivered,2018-05-15 19:07:17,2018-05-15 19:36:09,2018-05-16 14:34:00,2018-05-18 16:57:26,2018-05-29 00:00:00
73cbd9a357e885c9034b3df9d50482bb,46e0d12aabd5f68050e1fde28849e8df,delivered,2017-11-17 19:42:29,2017-11-17 21:10:28,2017-11-22 17:32:25,2017-11-28 23:32:15,2017-12-07 00:00:00
d9842672b8cb5ecfbbd067d497f8958e,690ac6352bb46041d9e45639b236c655,delivered,2018-07-17 19:23:14,2018-07-17 19:35:22,2018-07-19 13:29:00,2018-07-23 21:29:59,2018-08-17 00:00:00
e95c17e37b96427efd69412b0cc4a881,ec7ec1275ebdd28f29b049a22925adf9,delivered,2017-04-23 12:45:18,2017-04-25 08:15:29,2017-04-25 08:45:25,2017-05-06 10:55:35,2017-05-12 00:00:00
3818ab6e31e399088ce955019f85f7d9,38803fa65ceeb31eb375eb4a021a643f,delivered,2018-07-10 14:37:30,2018-07-10 14:50:21,2018-07-17 14:33:00,2018-07-21 00:12:30,2018-07-23 00:00:00
3dc2e037b872ca03f5b91028710abae5,d86db9ba23e719eb8c1ef6ce74c512a6,delivered,2018-06-18 16:23:56,2018-06-18 17:01:18,2018-06-19 13:25:00,2018-06-22 14:34:35,2018-07-17 00:00:00
2fcb6263976614e8dda6b72f13366a6d,941b4ea1de6f56f25540741793bf1e07,delivered,2017-10-24 20:39:54,2017-10-25 02:26:17,2017-10-25 20:22:30,2017-10-30 19:34:52,2017-11-14 00:00:00
4ecddf4ce273e32faaf71a4a8ed4676e,1224bdfd619a078b06b63b6178979f41,shipped,2018-06-16 19:17:47,2018-06-16 19:37:23,2018-06-26 14:34:00,,2018-07-20 00:00:00
32cfd413ea0c915a211233c47b4e4de6,a5365057820af88a289d8dba9dd64e5f,delivered,2018-04-20 15:12:47,2018-04-24 19:04:19,2018-04-25 00:59:27,2018-04-30 22:12:31,2018-05-17 00:00:00
67edec8e43c1b29a3121679657069073,bab006f240ef438b5e724e3df1aefeea,delivered,2018-05-12 20:13:34,2018-05-12 20:35:54,2018-05-15 19:03:00,2018-05-17 19:06:55,2018-05-23 00:00:00
ee972a8714e62c729101427fc247d37e,062d455086a1666bca3aa1c7d6ba7a66,delivered,2018-01-18 14:09:59,2018-01-18 14:33:01,2018-01-23 23:18:58,2018-01-31 00:41:45,2018-02-02 00:00:00
9249cf14297c83223160c1b38b95642f,44e3a4d56bff0ee1e71df577e741b7a7,delivered,2017-08-18 10:48:00,2017-08-19 02:26:21,2017-08-21 16:45:53,2017-08-29 19:08:09,2017-09-12 00:00:00
bec25025b8d0b7db00c510720053761e,806e9984a49a008bbb424f31641d62db,delivered,2017-01-25 12:21:10,2017-01-26 02:10:16,2017-01-26 11:06:21,2017-01-30 14:14:00,2017-03-02 00:00:00
117c08edcd4cf5c43118fefa4e0dab79,f2b943227eae28a0440b448b53e30a07,delivered,2018-08-08 10:28:00,2018-08-08 10:45:38,2018-08-14 16:04:00,2018-08-22 23:09:40,2018-09-17 00:00:00
490294e04b1fcabc9f9984ac22820566,52e0af9a017d2ae5c1f107b1e38ffc5f,delivered,2017-05-27 13:38:26,2017-05-27 13:50:14,2017-06-01 15:53:17,2017-06-08 10:52:17,2017-06-23 00:00:00
7eba0b6b5cb480d65416e26e2528d250,7b27139522c36a37118d6eb8402f1d85,delivered,2017-11-30 09:38:21,2017-12-02 02:51:31,2017-12-05 21:48:34,2017-12-15 23:09:59,2017-12-22 00:00:00
562076d60c251c77097429565cbec0de,57779073c7aca208b56979cc2280c5ca,delivered,2018-02-26 21:53:05,2018-02-26 22:08:50,2018-03-05 19:14:22,2018-03-17 16:55:41,2018-03-21 00:00:00
0e3338b5499d77ae55c16c4e1c9f30e9,2a51c71933c7ab32a41cf66b2c797882,delivered,2018-06-01 13:30:13,2018-06-05 04:31:10,2018-06-05 12:07:00,2018-06-12 21:19:47,2018-07-05 00:00:00
0f7bc9011b887a3d145db483b0d8c25f,e8db87c66310eeba72ccc5f05b5920f7,delivered,2017-11-17 00:50:26,2017-11-17 01:06:57,2017-11-17 21:52:54,2017-12-15 01:22:27,2017-12-13 00:00:00
7659a1c749ab19031d8e957692aa114d,c928b72c35f8bc9e32b8c6eea3160af2,delivered,2018-05-06 10:32:39,2018-05-06 10:53:04,2018-05-08 19:02:00,2018-05-09 23:25:34,2018-05-21 00:00:00
ef4f4e96809e911e8a0aa7f8c412aed2,17c409b1b344d18246c102be4419c73b,delivered,2018-07-26 01:28:39,2018-07-26 01:44:32,2018-07-26 11:03:00,2018-07-30 12:06:12,2018-08-23 00:00:00
61af446d4e7b09c62e2f43501be438f1,d37b54414ccb747beefbd36764b29bbf,delivered,2018-08-14 09:08:46,2018-08-14 09:24:14,2018-08-16 13:27:00,2018-08-22 23:55:27,2018-08-30 00:00:00
bc2f1a3431b797d84f8589884a357ba8,59cd85e2ee958a5bec765f2f07861395,delivered,2017-11-24 12:12:36,2017-11-25 03:32:35,2017-11-28 17:11:26,2017-12-15 18:08:57,2017-12-20 00:00:00
b0aa6adc10b3bd14eae812d2f50cd2f1,73c2d0df55f8431aa5ec63d4e3b7bb63,delivered,2017-11-24 17:54:35,2017-11-26 17:55:28,2017-11-27 19:02:40,2017-12-28 12:19:09,2017-12-21 00:00:00
59a7ff272ffc5a0a705f006f9b2db1b9,eba68a8f1cd93e0e51da4bd8003dc878,delivered,2018-04-06 12:54:18,2018-04-06 13:09:11,2018-04-10 01:03:37,2018-04-17 17:18:32,2018-05-17 00:00:00
9d5cb46eb8b0851d32e0a86b6dea782c,59f2334998439940f49385494fb8ff54,delivered,2018-05-10 15:26:30,2018-05-10 15:41:40,2018-05-11 07:22:00,2018-05-30 16:06:45,2018-06-04 00:00:00
064314e503e36ce3869a9901434fc6f4,2177ae4f97aa63b6f445ba3a05a3f7d3,delivered,2018-08-16 13:39:30,2018-08-17 03:31:06,2018-08-21 07:50:00,2018-08-23 02:17:57,2018-08-22 00:00:00
647e3ad9b6723741ff6fcbad12c61abf,c0e9093c6f0868ffd6d85dd67094eeb6,delivered,2017-11-15 10:03:47,2017-11-15 10:15:24,2017-11-16 20:47:00,2017-11-21 20:27:46,2017-12-07 00:00:00
2279a1470dc48f765e758fbd6a9cdce1,e8d643d5a300509924e52300a3d007f1,delivered,2018-03-17 17:21:31,2018-03-17 17:35:50,2018-03-20 22:12:48,2018-04-06 21:13:46,2018-04-11 00:00:00
0745201fea5d6f4aabd42e92a7d3b3b6,9b72c30ea879e3e2b599dfbd4e8f71c2,delivered,2017-08-21 11:19:48,2017-08-21 11:35:37,2017-08-21 19:17:43,2017-09-01 16:39:56,2017-09-13 00:00:00
02cb14245fd2ce5926afb2225f28b002,fc9e3765628a8e2f65090b2d28e70555,delivered,2018-02-20 19:41:41,2018-02-20 19:55:48,2018-02-22 22:22:54,2018-02-27 22:09:30,2018-03-22 00:00:00
96a75e828fbc9c621023e65e7e8dd946,19a5bafbf7f95813571c00ad39534345,delivered,2017-09-19 11:19:05,2017-09-19 11:45:08,2017-09-20 19:34:12,2017-09-26 20:46:59,2017-10-10 00:00:00
23fd20c606c0ae3b6876eb309909e9ac,99dd7595c6318adb72fb9ad507b5a3bb,delivered,2017-09-24 18:43:15,2017-09-24 18:55:19,2017-09-27 20:42:35,2017-10-10 18:55:25,2017-10-24 00:00:00
1f4010e63b5ac13defa48305766a912a,816cad5b6c83e24c31f8f68063b060c9,delivered,2018-01-19 08:58:05,2018-01-19 09:19:19,2018-01-22 18:09:23,2018-02-06 20:51:50,2018-02-19 00:00:00
fa6b736da07e6fab64807d4d37d8062d,4f259c289190fa3fe4f22ce16b175022,delivered,2018-08-01 16:54:09,2018-08-01 17:24:03,2018-08-03 14:53:00,2018-08-08 22:51:38,2018-08-16 00:00:00
738f5dc0019111cfef2d7ba48c2c6368,2b834a626df3c2ecb913874033a11213,delivered,2017-11-24 10:52:32,2017-11-24 12:34:43,2017-11-30 00:28:38,2017-12-07 14:58:26,2017-12-26 00:00:00
35c3b3b2f196293240304eb8601b3d8c,d8c4d97b33c9868248a9fb5f1f4df2eb,delivered,2017-11-11 21:39:55,2017-11-11 21:50:26,2017-11-13 14:38:53,2017-12-29 21:09:48,2017-12-05 00:00:00
a8018f7036b3dcfcc01cc763547c475e,38eec21ce5683a077b66e9167dc49b7f,delivered,2018-03-27 09:38:25,2018-03-27 09:55:16,2018-03-29 18:27:23,2018-04-02 17:42:44,2018-04-09 00:00:00
a6ecc069c60805396f6a256b7b8e0883,b5d9ce675f121542dfb501ee50a8aa42,delivered,2018-04-27 09:41:26,2018-04-27 09:55:24,2018-04-27 12:33:00,2018-05-18 15:09:01,2018-06-01 00:00:00
18c643cade587cd125b3a56377985cac,f24ec14ebe3c7e4a7dfa39e1e95fd316,delivered,2018-02-26 16:54:20,2018-02-26 17:15:44,2018-02-27 23:33:16,2018-03-23 22:56:38,2018-03-16 00:00:00
428b0c23ea7abb869b72f5a6d12ec4d5,97bdaa7714daa17db09478ae047d40fe,delivered,2018-04-10 11:35:25,2018-04-10 11:50:22,2018-04-11 23:46:34,2018-04-23 20:42:54,2018-05-04 00:00:00
607b372f8dbe0c08c14588e6468addbf,c238091b1481de3a96e6a5c3b331e403,delivered,2018-02-06 14:20:46,2018-02-06 15:56:01,2018-02-09 21:42:37,2018-02-15 19:32:02,2018-02-23 00:00:00
c5eb69f42fab03c99f0c0465a6e14723,ae30f82c73c8836ae857f7a58739c813,delivered,2018-08-03 08:36:51,2018-08-04 12:15:19,2018-08-06 14:25:00,2018-08-09 17:32:11,2018-08-14 00:00:00
27c60cfbe4965270943d7cdab0989038,5f0da02ddc5814e24c420575d2280df1,delivered,2018-07-30 12:10:23,2018-07-30 12:30:16,2018-07-31 14:06:00,2018-08-04 00:42:50,2018-08-16 00:00:00
3438960569bf3e42fa63f8e7bab0ac03,521896033ed628472193e3adccf722e4,unavailable,2018-08-02 15:28:32,2018-08-02 15:43:56,,,2018-08-10 00:00:00
69bff117da8229936027f2bb1024866b,7178515b43cdb7c58637ea981401ab1a,delivered,2018-07-01 21:01:21,2018-07-01 21:10:15,2018-07-03 12:28:00,2018-07-06 20:58:23,2018-07-25 00:00:00
f7641c0de17b431a84de1c1b1cc508fd,c031bf880215d40a217accde86199086,delivered,2017-10-12 13:14:36,2017-10-12 13:28:14,2017-10-13 18:12:08,2017-10-16 22:44:21,2017-10-25 00:00:00
0b3b6b78bd15a0e28176f25fab4eb472,2b6d4b2b966c8aa7413190f4b5dee130,delivered,2017-10-19 23:49:16,2017-10-20 00:06:04,2017-10-20 18:13:12,2017-10-27 21:41:25,2017-11-08 00:00:00
20a2e132c352b08f18529a9478c011c1,a2258343416fd06f65ea824cf277279d,delivered,2017-10-09 16:55:51,2017-10-09 17:09:48,2017-10-11 21:38:43,2017-10-17 21:40:07,2017-10-31 00:00:00
023af4b88d12c9f3f56bcb55da0450c5,96b3ea36ae6536e8d46ac247b72b9364,delivered,2017-12-09 17:31:45,2017-12-09 17:50:26,2017-12-14 22:21:44,2018-01-08 23:12:49,2018-01-09 00:00:00
04ad6306c963b60d59a354f6cb9a3e13,1f20251f6c6f041933cb5b7d996795d6,delivered,2018-03-19 13:21:27,2018-03-19 13:35:35,2018-03-21 23:29:06,2018-04-03 19:22:57,2018-04-09 00:00:00
9c3580e890d4e5c7a6f8ca754b9aff45,9b8ea202f406114ad504c7a3147cffd4,delivered,2018-07-31 10:44:07,2018-08-01 03:31:45,2018-08-06 16:32:00,2018-08-14 22:58:34,2018-08-22 00:00:00
aad1aadc97a6cf012005f7a069df5005,94629b2a49ceac2dfe138f01a3bf17aa,delivered,2018-01-09 19:32:16,2018-01-10 10:32:00,2018-01-10 19:37:36,2018-01-11 21:26:01,2018-01-26 00:00:00
e780dd8de5b1d2e678c7cac395f0382b,e6ac83a21d39a2e035df2c63aec86318,delivered,2018-03-28 12:09:58,2018-03-29 03:28:34,2018-04-02 15:43:01,2018-04-13 20:02:50,2018-04-16 00:00:00
41d9fff5e0bfa8712b28b761fa2f6bee,5d6235d00d8bf6288320b2d69f1378ad,delivered,2017-02-08 10:42:58,2017-02-10 02:45:22,2017-02-10 13:27:48,2017-02-13 10:04:47,2017-03-07 00:00:00
aea359f913e18f3bda3eb24a268b28f2,50a508b93dfcf522952784286ef87d6a,delivered,2017-06-20 14:01:10,2017-06-20 14:15:13,2017-06-22 12:49:40,2017-06-26 16:06:51,2017-07-14 00:00:00
3170de33866d3923448fa787230ef7d1,acb850d4b3d1f49d7c90ba88e74c4c78,delivered,2018-06-12 20:43:08,2018-06-14 02:39:21,2018-06-14 12:04:00,2018-06-23 10:33:49,2018-07-04 00:00:00
6714f3ccd1250580cfa7ab9c1aeb23f9,59b114ec578b82807589114ebaa6e354,delivered,2018-08-23 10:43:59,2018-08-23 11:05:55,2018-08-23 14:29:00,2018-08-27 23:24:24,2018-09-11 00:00:00
dabbf294451b5516e2249d502af6a45d,72f8edf9440d0b002a8c5a83884d879f,delivered,2018-02-19 17:22:40,2018-02-20 07:10:55,2018-02-21 18:57:51,2018-03-07 20:03:51,2018-03-16 00:00:00
c0665ed2f7f0863ace91af2cd95bd4b3,a418173c5e8cb1f6e3f38d7485ae3f7c,delivered,2017-06-15 11:12:45,2017-06-15 11:25:06,2017-06-16 16:24:35,2017-06-27 09:03:34,2017-07-18 00:00:00
81278969652e49f0c09910275f10fdba,0932888e76c226d0cd327bddfe0654af,delivered,2018-08-06 14:18:36,2018-08-07 04:55:32,2018-08-10 11:36:00,2018-08-13 16:17:31,2018-08-09 00:00:00
6b052b133c8573e0bc02a8c9ebd5829b,7b148cdb1e2ddd4530a9b2fbbde329c2,delivered,2018-03-30 22:36:50,2018-03-30 22:50:17,2018-04-03 21:33:02,2018-04-14 15:11:58,2018-04-23 00:00:00
f4137fa658be7e7bbc2e17e4da6806bc,231cc8ddeed34bea09ff1cdb2390946b,delivered,2017-09-11 18:36:10,2017-09-11 18:45:17,2017-09-12 18:26:51,2017-09-23 18:28:40,2017-09-29 00:00:00
fa782135148e65b22650c993a922eb41,6cf17b20e9bc7e78eae2ef9880dcd811,delivered,2018-06-25 13:41:15,2018-06-25 13:58:40,2018-06-29 09:42:00,2018-07-04 21:18:32,2018-07-31 00:00:00
db9b55d97dbfb1c7cc31a62b7983597d,e38fc72476b1098255d854f952857147,delivered,2017-07-25 22:27:08,2017-07-27 11:45:10,2017-07-31 14:17:48,2017-08-08 18:32:52,2017-08-23 00:00:00
94b90e43b3cec4251776edad146a8538,274f733b44442179c0372bcb387ad203,delivered,2018-01-22 00:10:59,2018-01-22 14:04:59,2018-01-24 16:14:57,2018-02-05 21:35:17,2018-02-19 00:00:00
d4eff8d7652db5a92efaf867550013ca,798dea2aaefb3885972c1a1d262ca636,delivered,2018-02-06 18:54:43,2018-02-06 19:10:55,2018-02-07 23:27:26,2018-02-16 17:27:52,2018-03-08 00:00:00
6233c53ce8bfd732fc643c0443741c5b,6ccce4e10da6d4a5f2ccfe737da95442,delivered,2018-06-21 09:17:40,2018-06-21 09:43:02,2018-06-21 14:39:00,2018-06-27 13:32:21,2018-07-20 00:00:00
42c64cc151114d60842f051a943f89f9,edbb3244742b7421e1701ef5a9ceb173,delivered,2018-04-24 20:24:42,2018-04-24 20:35:23,2018-05-08 14:12:00,2018-05-15 18:29:53,2018-05-25 00:00:00
4a520a26516a2fba9ae35945ac6a2229,41c4298bad8ddcba7c752f4b8defb6a9,delivered,2017-11-05 19:51:43,2017-11-07 04:31:16,2017-11-09 20:56:51,2017-11-16 18:58:28,2017-11-27 00:00:00
de1a0e5b80f69f235671980dc449d278,9c4532dd54ac03bf8a6a3ce7a0680e2f,delivered,2018-01-16 16:10:55,2018-01-16 16:30:04,2018-01-24 22:26:34,2018-02-20 19:27:06,2018-02-21 00:00:00
2de8cabf193c1a1753f62d87ac8499bb,d27c4b391a768fbd66b80ffaa2ea4306,delivered,2018-06-12 08:42:06,2018-06-12 09:02:12,2018-06-12 10:08:00,2018-06-20 22:08:57,2018-07-04 00:00:00
aff8085aa67afd7180c91552d939a4dd,aac4712a1869e7e6c81ad015c0f098aa,delivered,2017-05-29 13:06:03,2017-05-30 04:30:30,2017-05-31 09:07:44,2017-06-13 11:53:57,2017-06-27 00:00:00
e4b96fef250adf4067371705b2289e3c,380a297fb7a3cd503a90e5cc21b3a89b,delivered,2017-08-17 16:52:27,2017-08-19 02:30:15,2017-08-22 20:39:34,2017-08-23 15:16:36,2017-09-11 00:00:00
7142b298b22a79a285d2ce792dc533a2,d2fac3a405031b2adb1739b20cae646a,canceled,2017-02-10 00:58:01,2017-02-10 01:05:27,,,2017-03-13 00:00:00
8976f0f957d91336b107083faff9dc3a,1ef0a8d805b7c34de9821125560831b0,delivered,2017-06-27 20:32:54,2017-06-27 20:45:15,2017-06-29 15:42:47,2017-07-06 11:51:20,2017-07-19 00:00:00
9c290246355e5c4ece97651b258c9d06,22a86440ff9e8f2847a8bfc95c9f90be,delivered,2017-11-26 22:38:12,2017-11-26 22:53:11,2017-11-28 23:42:13,2017-12-04 22:15:01,2017-12-29 00:00:00
8836e9da58524060994ead4403874ad3,f5cf81823d77e9206d28f3017b819aa5,delivered,2018-01-08 19:25:35,2018-01-10 10:32:47,2018-01-11 22:53:51,2018-01-23 14:51:37,2018-02-02 00:00:00
f5245f2d90f66a49a3eb0b86380ef720,a82d475cf83d24abbed6d4db136efedc,delivered,2017-05-24 08:14:50,2017-05-25 02:45:24,2017-05-25 10:49:44,2017-05-31 10:07:26,2017-06-13 00:00:00
36afb06434ab81a7645257e4cf980c2c,a9de7c719db4d3179ca1c4ede5cb4ac5,delivered,2017-07-27 08:45:34,2017-07-27 09:42:48,2017-07-28 17:12:27,2017-08-03 18:33:28,2017-08-16 00:00:00
8d9c0dc8d5a2ce804f6b925d8f8e6c1d,8c65f37a2cb3d0bedced14e105742bae,delivered,2018-03-19 13:40:14,2018-03-19 13:55:33,2018-03-20 00:28:42,2018-04-10 23:28:27,2018-04-10 00:00:00
8a566c8bc5098ea48be7ea4929c5993a,7595868948ca311517e89487d6815151,delivered,2017-05-22 17:19:19,2017-05-22 17:30:22,2017-05-23 15:22:22,2017-05-25 18:14:14,2017-06-02 00:00:00
facbf3a7042565f608ce5dd2f5ca7c9b,6ae9cb4e2e02cb4f01f7a3c6edff58aa,delivered,2018-07-14 21:17:33,2018-07-15 21:15:18,2018-07-16 18:34:00,2018-07-26 20:45:50,2018-08-06 00:00:00
04467aceefd2346ed54c7fd9e40721a6,8cbe6c3bbaaae2aa9f5d97827a7968d0,delivered,2018-01-25 16:21:03,2018-01-25 16:34:51,2018-01-30 16:03:48,2018-02-05 22:46:29,2018-02-20 00:00:00
f87e6a448c7194cbe50fa937efad03ba,fc8d128a358eb85b316708c1a0fe0cd7,delivered,2018-03-30 14:45:24,2018-03-30 15:27:40,2018-04-03 00:38:39,2018-04-18 19:51:06,2018-04-30 00:00:00
8ef7cdda4799cf4e4c6081e39a541b26,53c24bb7be42c7387a2396d66822b9e4,delivered,2018-04-16 11:13:38,2018-04-16 12:32:38,2018-04-18 22:26:25,2018-05-15 23:54:49,2018-05-22 00:00:00
59fba17dea01f4ca170645397ca73e8b,a736734cb89d5f365d332246ce185a10,delivered,2018-05-23 13:31:23,2018-05-24 09:39:46,2018-05-24 14:06:00,2018-06-05 20:28:49,2018-06-14 00:00:00
bdf02f71cb1446f5b21d51a329dfa261,9b00f9e555698bf946d1c124e9d252f0,delivered,2017-11-10 18:13:05,2017-11-13 10:07:05,2017-11-16 19:36:04,2017-11-20 19:46:59,2017-11-24 00:00:00
96ddb703f0673d920cf28984cdcf0139,54c8406a725de19ce9b10728beaaa822,delivered,2017-02-24 11:13:35,2017-03-03 02:25:32,2017-03-03 14:53:11,2017-03-09 10:36:02,2017-03-23 00:00:00
771a363b396b10de7dd9984f3204a7a5,e76048f3dbbfee5a87fc4abca8c12e1c,delivered,2018-01-02 22:09:27,2018-01-02 22:19:34,2018-01-03 23:43:28,2018-01-11 17:18:37,2018-01-29 00:00:00
5a8f325f70adcaee7b80d649a1f28876,c05f28559c8e384f6a00edf36d6846a1,delivered,2018-02-24 10:04:26,2018-02-27 03:31:03,2018-02-28 23:57:57,2018-03-28 23:17:36,2018-03-26 00:00:00
860a85f2302ba666cd8d6a696430c97a,3dbd92855d83a915f3bbf865329003f9,delivered,2018-01-10 13:33:47,2018-01-12 02:35:42,2018-01-13 01:21:56,2018-02-01 18:32:09,2018-02-14 00:00:00
b465dc60a138cc55216607ef27065acc,1e7f2e27d15bd03b384838645a84ebed,delivered,2017-03-20 10:24:23,2017-03-20 10:24:23,2017-03-20 11:57:44,2017-03-28 15:09:24,2017-04-10 00:00:00
570ddeb3f301dec9fc28d95add0e825b,d3615124d6ba7e16770f12ceb2bba992,delivered,2018-05-04 03:59:20,2018-05-08 04:32:29,2018-05-08 15:16:00,2018-05-09 21:36:58,2018-05-23 00:00:00
ea70e5a90428412625a4e4167b83a370,fe19be377c1df017aa462f3d54970253,delivered,2017-09-26 14:00:06,2017-09-26 14:14:16,2017-10-02 17:42:53,2017-10-10 19:53:42,2017-10-19 00:00:00
e6d7920ba4f7a2673a980bd60d46cb53,b7bec5d1581b731f6404c0cb57a70631,invoiced,2018-07-31 14:15:30,2018-08-02 05:05:13,,,2018-08-17 00:00:00
d11fc5b9e5bf7a0c4ce41b04a59f0154,e7614d4b134b3e8aebda0938a84d9878,delivered,2017-12-15 10:43:20,2017-12-15 10:51:29,2017-12-19 16:34:16,2017-12-21 18:53:28,2018-01-10 00:00:00
35bc592a16d6706d14d29f07ed1d13c1,b88a511344b8b49a02bca030ace61ef6,delivered,2018-08-11 15:41:42,2018-08-11 15:55:15,2018-08-15 10:17:00,2018-08-22 17:18:51,2018-08-28 00:00:00
c6fd86af2bbfc7aa0cc902eff1ead5e4,f316bdbd553c081a873eb697e8f98be1,delivered,2017-12-28 12:01:05,2017-12-28 12:10:26,2017-12-28 19:19:22,2018-01-08 18:32:52,2018-01-23 00:00:00
ad7d7321653c0e39e1563ff97f273341,9bc5bb42034600fb2893a25919005ebd,delivered,2017-07-16 11:58:10,2017-07-18 17:30:17,2017-07-19 20:12:47,2017-08-02 16:21:48,2017-08-08 00:00:00
2be6e5724bc6705448e72ac1b13141c4,cb2c06446ac914ce396dd4ef8561a4f5,delivered,2017-12-18 12:10:47,2017-12-18 12:19:24,2017-12-23 00:15:01,2018-01-29 13:12:44,2018-01-22 00:00:00
e57d9d7eca079892fe0aee2b0cf96311,7a73e4ce8425974dce8ff8bc9178acc1,delivered,2018-02-18 10:17:06,2018-02-18 11:26:44,2018-02-21 21:05:04,2018-03-02 00:47:03,2018-03-13 00:00:00
368a043a6f85a5f28260b822823c5e89,54625670736c5b35ce1fe87e01d3f662,delivered,2018-01-12 13:44:02,2018-01-15 10:10:53,2018-01-16 21:28:58,2018-01-31 20:41:26,2018-02-07 00:00:00
3d6639fefdeff87974b80dc3da00bbec,4b5024c158d2e12d3868baa977c6f181,delivered,2017-09-04 20:41:08,2017-09-04 20:50:18,2017-09-05 19:08:02,2017-09-13 14:02:55,2017-09-21 00:00:00
7aeba3591c40b6adabbaa598d84ea144,37c16b1cea3444073ad6d3ad77dccae7,delivered,2017-11-19 19:35:01,2017-11-19 19:46:18,2017-11-21 14:03:23,2017-11-25 19:02:48,2017-12-14 00:00:00
ea87e1e6046149ed0257414f5021caa4,6b9c6a63939e89c62a3f22a12cc4d59f,delivered,2017-10-06 19:49:17,2017-10-06 20:06:00,2017-10-20 16:42:22,2017-10-30 21:40:01,2017-11-10 00:00:00
36342aa6ddb0a6fed1dd9ec53a6074ed,96b14b16558d19aa27f0392bac41fd43,delivered,2017-08-15 08:05:05,2017-08-15 08:23:57,2017-08-21 18:38:59,2017-08-28 21:10:00,2017-09-06 00:00:00
70e51d3f5d7998b5e5dc66bf35d31425,50117c5a5e5835462f0b883c2deca4e6,delivered,2017-05-03 13:06:02,2017-05-04 10:30:39,2017-05-08 15:28:51,2017-05-16 09:49:40,2017-06-02 00:00:00
4d9e1d72435984adb22e59511ff36b7c,3667f0d546bcd4cf355c6b54195854e8,delivered,2017-07-13 13:31:52,2017-07-13 13:43:57,2017-07-13 18:25:31,2017-07-19 18:27:40,2017-08-02 00:00:00
d45ccf00bbb028620024ed708518f15a,07758f1bf119e252473eb668448c656f,delivered,2017-09-04 19:04:37,2017-09-05 04:30:59,2017-09-05 20:39:47,2017-09-14 19:43:33,2017-09-22 00:00:00
cb5d26cc320462a7e5d9e14a9a6b0dfb,c8a189cddac41c349280ee9339d31237,delivered,2018-01-04 14:16:56,2018-01-06 02:08:06,2018-01-08 14:34:36,2018-01-17 17:49:09,2018-02-08 00:00:00
3e27524d3fd47ae21dd03342be78a94f,6a352f86204a7bf57c6d049267508794,delivered,2018-02-23 11:16:55,2018-02-23 11:31:07,2018-02-28 17:37:12,2018-03-01 19:12:16,2018-03-12 00:00:00
e11acf37c1371426d8e6ff3c89f952f8,214d26dce59d63570d86bc2110d1e59b,delivered,2018-02-21 06:20:36,2018-02-21 07:15:08,2018-02-21 22:42:32,2018-02-24 16:55:41,2018-03-07 00:00:00
576560b37e7f23e3dfc9d154b23bc614,a5129a7fe7dfdade527c8787705421e5,delivered,2017-06-05 15:30:52,2017-06-05 15:42:20,2017-06-07 09:32:36,2017-06-08 16:32:34,2017-06-19 00:00:00
3828ca6e6450e317619b87f49eca6492,20d2a92bbd6fd5f58eabbf0a645639d5,delivered,2018-08-02 16:57:06,2018-08-02 18:55:14,2018-08-06 14:29:00,2018-08-09 20:58:50,2018-08-09 00:00:00
b29f6f52b330f04b5f1f4fb369b32cd8,8c0bab5a25230a9d6500f31081041e21,delivered,2018-07-13 12:01:24,2018-07-13 12:10:20,2018-07-13 14:52:00,2018-07-23 21:59:33,2018-08-01 00:00:00
d871c26f47ac69e5afda955147ed598f,39bf238fc743eb92bdd3525dd72f4126,delivered,2018-05-15 11:43:48,2018-05-16 03:33:57,2018-05-16 14:13:00,2018-05-21 14:18:41,2018-06-05 00:00:00
193dce17420e5a1662145bdba0605cd6,5caa22731be0c213512d14d62bbd1275,delivered,2018-01-08 16:50:39,2018-01-09 16:52:49,2018-01-15 16:44:57,2018-01-20 00:08:52,2018-02-01 00:00:00
6cf5d7a6b6eb9cad292da0b65d6c010e,964dff9f3a81c5f1815798c10f503aba,delivered,2017-01-22 17:43:58,2017-01-22 17:55:17,2017-01-23 11:52:29,2017-02-06 14:37:13,2017-03-14 00:00:00
dc2baa3641cdc63b2e1dece21f66c8b5,b91bd4717478c562a867b19421f13631,delivered,2018-06-18 08:09:15,2018-06-18 08:31:37,2018-06-18 13:25:00,2018-06-19 17:22:49,2018-06-28 00:00:00
4a30a8067bca018fab5817eb471ac44f,42d4f90ed6572c940c19400a3ff467eb,delivered,2018-02-22 14:25:14,2018-02-23 09:35:39,2018-02-26 20:05:36,2018-03-22 22:12:09,2018-03-26 00:00:00
d3f58dcb7705f30c2257940517740287,cbcfae7b60710216bbea3d587a83af2e,delivered,2017-05-02 03:48:26,2017-05-02 04:02:33,2017-05-02 14:48:05,2017-05-05 16:43:38,2017-05-29 00:00:00
9af6f205c7247ac28685a350094ce865,9a29bf9ecfdbd9acf4088d680a19fca1,delivered,2017-11-24 17:20:26,2017-11-24 20:55:56,2017-11-29 18:23:44,2018-01-08 15:19:06,2017-12-22 00:00:00
913d2a315c656c7a2f0edc9315a842b3,ba42d1dadd7f454d073d1fb0277f446f,delivered,2017-08-16 10:44:24,2017-08-16 11:15:19,2017-08-16 21:30:00,2017-08-22 20:11:39,2017-09-08 00:00:00
ed3d575bd3358123b063ee64cdecdef5,7591ab894fb4a47debe5beef968b6804,delivered,2016-10-08 16:02:07,2016-10-08 20:38:25,2016-10-12 20:38:26,2016-10-15 20:38:26,2016-11-30 00:00:00
1a1ef8dc595adbce0e5d75d806d69286,6828f49c4fe2b5f50f12e6120d5ffb78,delivered,2018-05-23 08:18:35,2018-05-24 08:19:41,2018-05-29 17:31:00,2018-06-07 11:58:50,2018-06-13 00:00:00
7a1cfc5a41ee6890e553de7276ffebfd,91fb75a0603ea4cc7f91810bf32782a9,delivered,2018-08-06 09:56:36,2018-08-06 10:10:20,2018-08-07 12:51:00,2018-08-13 17:37:29,2018-08-16 00:00:00
4f0b86c3487e56b6e9594e9dfdb5d70c,89fc2ea4c9fe75920b11289d16083e2d,delivered,2018-03-03 12:13:08,2018-03-03 12:29:12,2018-03-07 00:52:00,2018-04-17 19:16:35,2018-03-26 00:00:00
31b4e29d481ffee1ab729d2864f96173,d1431ab18d0b3986a70188adf3bb9f37,delivered,2018-06-06 10:29:49,2018-06-06 10:54:51,2018-06-08 07:11:00,2018-06-18 19:18:27,2018-07-18 00:00:00
ec24df57adb2447e6ca1ba83cd5be42d,edb21a9333f16c165cd1c1d5010cc0cc,delivered,2017-04-29 18:24:10,2017-04-29 18:35:19,2017-05-05 16:08:29,2017-05-19 13:16:51,2017-05-23 00:00:00
31a10d7f77b91046e15fcb519bad27e1,11d983fbbe99a7f4d98590596bdd225f,delivered,2018-06-01 11:31:36,2018-06-01 11:51:48,2018-06-01 14:06:00,2018-06-03 12:21:06,2018-06-26 00:00:00
038f8b45fafa1130d2557e5b8dfd5d71,6e0c97ca8a1946aecc4adefc3517997c,delivered,2018-07-22 13:00:04,2018-07-23 11:31:28,2018-07-23 11:11:00,2018-07-24 19:06:39,2018-08-01 00:00:00
43bf8ef114cb9b805735d15447abbc94,dc83ffd29dd6cea0fa7b7cca9eeede05,delivered,2018-06-01 21:48:43,2018-06-01 22:11:02,2018-06-11 13:49:00,2018-06-14 21:21:40,2018-07-20 00:00:00
39735cad3fa0e9f2ea20c536b26ac87c,fc6bab6bb079768258dd4385b9e5d7bb,delivered,2018-08-01 18:38:31,2018-08-02 03:10:15,2018-08-02 18:37:00,2018-08-06 19:02:20,2018-08-08 00:00:00
6a2cf11a0f3d4670de5674e795196f14,bb0d1df0a5c7b32669347c443e29f845,delivered,2018-03-15 00:35:54,2018-03-15 00:50:27,2018-03-15 17:56:27,2018-03-19 17:02:21,2018-03-27 00:00:00
2f722ee8f3d3db0d19cee8ebea6fa69e,174db9ba66f0e37b60919b93076844e2,delivered,2017-08-16 17:13:40,2017-08-16 18:45:20,2017-08-18 20:34:54,2017-08-28 19:03:20,2017-09-08 00:00:00
7e7a5dadf32ff1f176b693244059fb8c,7cf011f302f46ab7b5e69b6461b32d8b,delivered,2018-04-08 21:29:33,2018-04-08 21:49:35,2018-04-09 19:41:36,2018-04-12 22:27:21,2018-05-04 00:00:00
7740302185d9a8ce925a25e6dd023f59,1802643fd59a005de6b9876d5aeb5d28,delivered,2017-11-19 16:53:09,2017-11-19 17:06:36,2017-11-20 21:03:53,2017-11-23 14:03:21,2017-12-07 00:00:00
0911bde30c594a8d02279916da2ece61,9610f21b66c3938400ad9f39014bf93b,delivered,2017-10-25 14:38:14,2017-10-25 15:33:00,2017-10-26 20:09:14,2017-11-01 20:25:43,2017-11-17 00:00:00
6a75f9aed5e4fd6946ec8e3984c77e9f,24a2f517ef51c0cad5a6ded2a67ec232,delivered,2018-08-01 21:26:22,2018-08-01 22:31:28,2018-08-02 14:24:00,2018-08-07 17:42:08,2018-08-21 00:00:00
d8482b605eb845605365aeb8cc0fbe2d,789dce6da8f8db240c09464fa2f76ac0,delivered,2017-11-28 11:26:05,2017-11-30 02:25:26,2017-12-01 20:38:49,2017-12-11 14:23:52,2017-12-18 00:00:00
afead4c57004d9ef3e766086c1a57f81,9510fbb891f1fa9abf8ee97dba8c7b54,delivered,2018-07-23 16:43:23,2018-07-24 08:31:38,2018-07-27 14:12:00,2018-08-03 21:21:55,2018-08-15 00:00:00
d28adc2e98b0adf1d9f65347488600e7,a7e3a7783c74a7e8330b461232f99e1b,delivered,2018-03-23 18:38:45,2018-03-23 19:27:34,2018-03-26 23:03:57,2018-04-10 22:12:23,2018-04-13 00:00:00
f9981828f2a400a48939ca9ec5233c91,9811b728e00c182da55cd9601dbe968a,delivered,2018-03-07 15:14:38,2018-03-07 15:32:09,2018-03-13 21:32:59,2018-03-28 15:37:51,2018-03-28 00:00:00
1a36898abaa63533a009c410d9947357,6d015d1d0375a05e8fdb9b0a20ca34ee,delivered,2018-04-25 14:57:57,2018-04-25 15:12:12,2018-04-27 15:02:00,2018-05-03 19:49:02,2018-05-18 00:00:00
6dcf745ce57950a1212195d3559b1a85,09542e37fe5058b83524a4ee128f5bf6,delivered,2018-03-07 10:57:34,2018-03-08 02:35:55,2018-03-12 13:58:25,2018-04-03 20:24:54,2018-03-26 00:00:00
12e5a909c18964acada1ce9a760d9afe,bb70ba0acc9ac14d6ba0356f598f4bb0,unavailable,2017-03-23 23:41:40,2017-03-24 15:05:33,,,2017-04-12 00:00:00
7cae50310da9b9ad218aa7ca236e41ad,29725405796059b5e43a6d8d547d21d1,delivered,2018-02-24 10:48:01,2018-02-24 11:08:38,2018-03-13 02:42:48,2018-03-19 19:57:35,2018-03-23 00:00:00
fa28c489b6e2a232b8d4512a06ac44f0,dfc2e5ba198bff36ab53800fd43e0644,delivered,2018-07-01 20:45:27,2018-07-02 09:30:37,2018-07-03 13:44:00,2018-07-06 14:21:59,2018-07-24 00:00:00
5d01a533e7f1331b73d8ff83450b5944,5aabe54fe4656cb4bd808f1f54cb0165,delivered,2018-08-09 10:36:05,2018-08-09 15:25:09,2018-08-10 09:17:00,2018-08-17 10:18:27,2018-08-31 00:00:00
73612117a85e3e65d7ac69f7e5df1540,3902c3ceae6fd5eb42741d8ea50cd0c1,delivered,2017-05-11 11:20:45,2017-05-11 11:35:15,2017-05-15 06:55:57,2017-05-19 15:18:04,2017-05-31 00:00:00
362cd36939c1c4638bad780d01b3fd68,7037578e0e5aa0e33f533957c4c16742,delivered,2018-06-25 23:00:42,2018-06-27 08:53:50,2018-06-29 14:16:00,2018-07-02 21:05:36,2018-07-05 00:00:00
2d2bd0487565c23b4bcc0b29a41da55a,34f852cdb25124b22f5b451449f3a91c,delivered,2017-01-30 17:36:05,2017-01-31 04:36:58,2017-02-03 17:52:37,2017-02-08 10:12:28,2017-03-16 00:00:00
b6c8f27c95a4bcee39ea806f4e059ce9,5dd942894bdbcdaa6721a9f078741749,delivered,2017-12-15 09:06:25,2017-12-19 09:33:30,2017-12-27 21:03:24,2018-01-08 20:57:35,2018-01-18 00:00:00
6eef2bd233930b2b589daae3b4563eb2,8a59d93d89b0d508a01401a07b2d3f36,delivered,2017-09-28 17:36:05,2017-09-28 17:49:26,2017-10-04 11:13:57,2017-10-17 19:16:55,2017-10-24 00:00:00
8f4c2a460cb59272ca055d4203b0f440,dc1242da4fdbf51c141e366ee416d458,delivered,2018-02-24 14:22:18,2018-02-24 14:35:36,2018-02-28 18:53:40,2018-04-03 22:48:44,2018-03-21 00:00:00
23575ff1c8a0669132c47e895a24b5fb,1486be6e2635c0fc6343893dab2f560a,delivered,2017-07-18 21:05:12,2017-07-18 21:15:23,2017-07-24 19:34:33,2017-07-31 23:12:07,2017-08-09 00:00:00
f2cb3992c58b20c12ab229c53eba0df9,7b26d67196d749959cb7aee13b4f4de1,delivered,2018-03-15 10:52:58,2018-03-16 03:25:14,2018-03-19 20:04:06,2018-03-24 02:32:19,2018-04-03 00:00:00
42ed2aeb956c92e3c3bb6933ecea1d89,7e176ddb04e521f4e57421aa4ab5d5a2,delivered,2017-07-25 10:34:54,2017-07-25 10:50:16,2017-07-26 14:53:36,2017-08-03 22:13:02,2017-08-24 00:00:00
bbcde37a6b3008557c47e31e37523380,77e9e85fb8ec04f63baa5f60b5bd87be,delivered,2017-10-19 12:26:39,2017-10-20 02:45:50,2017-10-24 16:41:52,2017-11-01 21:12:11,2017-11-23 00:00:00
ccddd1bb47228d484521b1d3613e7b28,7101f942d0e6b416445c4486971164cb,delivered,2018-05-04 18:57:52,2018-05-05 03:15:11,2018-05-07 15:03:00,2018-05-08 16:28:54,2018-05-16 00:00:00
521fac667299475d5d3de647d23c681b,d8eaea841567412b155813300cfa7083,delivered,2018-04-11 11:03:27,2018-04-11 11:15:12,2018-04-17 12:44:51,2018-05-10 14:22:15,2018-05-17 00:00:00
c8e51524cf9ae78ec9f421b1054378ff,735910d408209bc94a6b5cba4985425f,delivered,2017-10-08 12:40:00,2017-10-08 12:56:23,2017-10-13 22:39:12,2017-10-24 17:11:42,2017-11-09 00:00:00
52038f72e03466900807aa5ec042d3ed,cb6250837d190f8c91e749dbe05e7095,delivered,2017-11-27 16:41:31,2017-11-27 16:50:45,2017-11-28 21:39:02,2017-12-03 15:18:35,2017-12-12 00:00:00
ec6323fa839b3c031b3bd782ddc15d6b,f2d7ef7f86d1ad58863453789ac79985,delivered,2018-07-17 23:01:37,2018-07-17 23:15:09,2018-07-18 13:40:00,2018-07-24 16:58:50,2018-08-16 00:00:00
bc3648a9f94d2f9137c188a3140a9c7e,c0c563d66d3d0182b86b18db6eecda05,delivered,2018-03-08 15:59:22,2018-03-09 02:15:47,2018-03-09 17:36:27,2018-03-23 13:19:04,2018-04-02 00:00:00
d9f44613b4dc08ecd6baa55f2fd5aeed,750107a0e6064f10d67a844bc34c56a0,delivered,2018-04-19 12:56:38,2018-04-24 19:06:01,2018-04-24 22:13:02,2018-04-30 18:26:12,2018-05-14 00:00:00
610d2254a191363a1f87185789c63231,78ff015a8c2dee2e054b33ac52bac13f,delivered,2018-04-30 00:58:50,2018-05-03 04:52:36,2018-05-03 14:40:00,2018-05-10 21:38:49,2018-05-21 00:00:00
f93e43e1c7ad8105d4644ca79c6ffe21,5d07a551ce2ce8238665f00d1562ccce,delivered,2018-03-30 20:22:57,2018-03-30 21:07:34,2018-04-03 18:51:28,2018-04-12 13:11:29,2018-05-08 00:00:00
66528ad3bb480c8959bb478cc37becdd,ec2c194abaf8d7be12b7f215e2128d0a,delivered,2017-10-04 20:11:47,2017-10-04 20:28:11,2017-10-05 20:57:42,2017-10-09 16:50:11,2017-10-23 00:00:00
6a0725621168540d5200cba214d6ebe7,09033cfedb9bab5c54a33f339fd94ad0,delivered,2018-08-07 20:21:41,2018-08-08 03:25:14,2018-08-09 14:59:00,2018-08-10 15:18:39,2018-08-14 00:00:00
033cf810fd3523203bbbf2ff579a7a4c,108baa424c2526d8f34a01a2a16004fa,delivered,2017-12-03 23:13:23,2017-12-03 23:31:38,2017-12-07 00:22:35,2017-12-11 20:43:35,2017-12-20 00:00:00
37b1281795f5155c913abe0c05f43b4a,8fbd5b048cd28151d592f67319423ae8,delivered,2018-04-02 20:19:13,2018-04-02 20:30:39,2018-04-03 19:51:40,2018-05-04 17:08:46,2018-04-30 00:00:00
5873a59a3969d04a260ce297ee1b3ce3,df56b790a5c58d941f96283941ad0c42,delivered,2017-11-16 01:00:28,2017-11-16 01:10:37,2017-11-16 20:33:19,2017-12-04 17:51:50,2017-12-13 00:00:00
4ff5089ec54ccbbccc7334916e882e00,4d301748886972e3ff4b8f930eeea153,delivered,2017-09-21 08:17:13,2017-09-22 11:45:22,2017-09-22 17:17:51,2017-09-25 19:23:27,2017-10-23 00:00:00
90861ef1f4e7a006095e1d5dd38f2195,49a5cb9469b39dffb92314ebff1efd28,invoiced,2017-04-25 20:38:07,2017-04-25 20:50:20,,,2017-05-12 00:00:00
97ce9044c88c7c3bd44f55e78116af2d,e4f83c2e0670d9857f2f19c2b5dff6b3,delivered,2017-11-12 23:51:38,2017-11-14 03:35:30,2017-11-14 13:36:39,2017-12-08 14:32:16,2017-12-12 00:00:00
9ca6d17660064ab8bbc4a8089397afb1,581092512111b45075e21541e61092f8,delivered,2017-11-10 12:22:11,2017-11-10 12:36:04,2017-11-14 19:44:52,2017-11-16 16:55:49,2017-11-24 00:00:00
9fce3cd33d8928808f389d86ea7556e6,41756d493deef8b61c61dd340806f16e,delivered,2018-08-21 13:37:56,2018-08-21 13:51:12,2018-08-27 09:41:00,2018-08-28 19:14:39,2018-08-27 00:00:00
77304ef3716289811c5b5c9c3fe0e4e8,add3d3a4d039ba16f2afc1376c490ccb,delivered,2018-06-16 20:34:02,2018-06-16 20:58:10,2018-06-19 08:17:00,2018-06-22 21:08:42,2018-07-16 00:00:00
7243abbcc141cf4109c70f6bfbd736ca,3a2d07de34135938e89b2cb6264df57e,delivered,2018-07-25 08:50:58,2018-07-25 09:04:28,2018-07-26 09:06:00,2018-07-27 21:42:35,2018-08-07 00:00:00
f24bbebc2c8ba687b65f1be751dd8982,541884ec125bd7f617b86a0f92b8e3b7,delivered,2018-02-20 18:27:39,2018-02-21 18:31:57,2018-02-24 00:51:34,2018-04-19 16:49:31,2018-03-14 00:00:00
494ccc8cd99c1f8293512733b50d1658,8d401266c416fe74129569742199d75f,delivered,2018-02-09 10:47:02,2018-02-09 10:55:53,2018-02-09 21:13:43,2018-02-20 20:34:57,2018-03-05 00:00:00
44a2fb6a4520b17de57affbab761dfcc,04ba9496f04b0eaa070def5b5ab662ac,delivered,2017-05-27 18:42:41,2017-05-30 04:25:29,2017-05-30 10:36:46,2017-06-05 08:29:37,2017-06-09 00:00:00
43d3cc829a59f03af73f2a7fc9542ee6,b790f6cf634604f558fc6b9bf5f976be,delivered,2017-05-03 21:31:55,2017-05-03 21:42:23,2017-05-05 14:12:40,2017-05-23 13:39:44,2017-05-29 00:00:00
6e5fc24bede0e47389f2042dc5f8473f,dbeabfe949d48f1d7e102d7df651ec8e,delivered,2018-04-25 23:43:18,2018-04-25 23:55:15,2018-04-26 14:33:00,2018-05-18 13:04:57,2018-05-28 00:00:00
9792283e8d46d73ee4a3d91fc3264a50,e97eb53515b9fd98a3db45f4be5e70a2,delivered,2018-04-04 10:43:29,2018-04-04 10:55:21,2018-04-05 23:47:24,2018-04-13 00:12:49,2018-04-26 00:00:00
c2a4a8b4f1957c5d03b3ffb311d90c14,265c1fa3e3dcafc3bd75bdfaf43dec86,delivered,2017-08-01 19:34:51,2017-08-01 20:27:29,2017-08-02 19:33:24,2017-08-03 17:17:46,2017-08-16 00:00:00
c1e01caa64164c2b4c54633ef42d032b,ea9d1a8e7a07a876deed9c4a822df5da,delivered,2017-03-24 22:00:38,2017-03-25 02:15:16,2017-03-27 11:25:28,2017-04-04 07:22:15,2017-04-17 00:00:00
c12dc1b88c47c377eecc9384a4b1c7bb,f6a4a4a7fcddcb80f6852853efee923d,delivered,2018-06-24 23:35:31,2018-06-24 23:57:47,2018-06-25 14:39:00,2018-06-26 18:52:46,2018-07-11 00:00:00
a536641274ad7eca34443ef56220524d,bd3d00157a2f03689b894d550ce54489,delivered,2018-07-06 20:55:07,2018-07-06 21:10:58,2018-07-10 12:58:00,2018-07-14 11:07:42,2018-07-25 00:00:00
b8c3b775f90a4df059eb8bd419bdcf54,8ee0ca9f187191efb735694272f236cf,delivered,2017-05-12 20:43:44,2017-05-12 21:22:53,2017-05-16 08:47:35,2017-05-18 18:26:15,2017-05-30 00:00:00
6416f07d133c720705c402021f612b58,5abbebd3409e7e53552e7611993dd9c0,delivered,2017-11-25 19:38:33,2017-11-25 19:54:49,2017-12-01 14:37:10,2017-12-16 00:13:43,2017-12-19 00:00:00
45acb6840b062e10dd63454b19ce5212,7b2ff9be0c86252de722d6287c6d9668,delivered,2018-07-03 18:36:57,2018-07-05 16:21:01,2018-07-05 12:46:00,2018-07-11 20:03:42,2018-07-31 00:00:00
eea6beb3e8f3a7eafaf03ea844ae6021,584ca487fd08f3d048ec266f3842ffcc,delivered,2018-06-13 08:33:38,2018-06-15 02:58:48,2018-06-18 09:23:00,2018-08-09 22:26:47,2018-07-05 00:00:00
5494d7febdfd2f93ebdb691782d56f02,b09ff235742f48bfa743f3e9474d36ef,delivered,2018-07-09 20:06:06,2018-07-10 04:25:24,2018-07-12 19:02:00,2018-07-13 21:51:52,2018-07-18 00:00:00
7e70cd9bcce25088247e249026c96fa5,ed35271185aa3ecf2e421970e47e473f,delivered,2018-02-03 18:34:16,2018-02-04 00:09:41,2018-02-05 22:27:43,2018-02-17 13:08:13,2018-03-01 00:00:00
d896771c13346a1152e08d268514f544,b389f7017be2f4770ebe90fbfec9ac88,delivered,2018-07-01 17:36:53,2018-07-01 17:50:02,2018-07-04 15:17:00,2018-07-07 14:32:43,2018-07-27 00:00:00
06e15cff14f4bc72fac07dd6e6518113,af532e72149b808e9930096c343b5cee,delivered,2017-12-21 00:13:17,2017-12-21 00:31:46,2017-12-21 20:48:00,2017-12-26 19:58:50,2018-01-17 00:00:00
672240472a9a48838f902ff436aab4bd,e9dd877c0c235b753643d392b9a124e1,delivered,2018-08-13 00:05:06,2018-08-13 00:26:34,2018-08-13 15:06:00,2018-08-18 10:27:25,2018-08-28 00:00:00
ba1edaa5e640ca7da4c97fe92382eaaa,e1276a078b5016e0b3a037d9194f097e,delivered,2017-03-25 10:18:50,2017-03-25 10:30:14,2017-03-27 14:01:16,2017-03-31 10:44:39,2017-04-26 00:00:00
1fd9362a40211b8ab54154b0f8f7a657,777db3a2a4f052af7bbaafbc2c31e35e,delivered,2017-09-05 18:29:33,2017-09-06 02:55:13,2017-09-14 21:21:37,2017-09-19 17:23:29,2017-09-26 00:00:00
5fb2e82d4258afcb90c79e2e6f0ac185,db0ce16f1da5ed3902c23e6ab85b4c75,delivered,2017-03-30 11:41:08,2017-03-30 11:50:11,2017-03-31 11:48:57,2017-04-10 13:22:18,2017-04-26 00:00:00
cbec497198427d28e8c84e2ccaffb6e3,69f645ccc229773483d2432687142f71,delivered,2018-02-24 12:22:08,2018-02-24 13:00:30,2018-02-26 22:25:40,2018-04-20 00:24:49,2018-03-23 00:00:00
1109a323a5e20da772a2f7b3cb0f9af7,892d0f0cbb0f1575faf3563f15bcfba0,delivered,2018-07-22 20:03:44,2018-07-23 12:32:03,2018-07-24 15:02:00,2018-07-30 13:31:45,2018-08-07 00:00:00
29fc23bcd9e04ac6a5919350404eb36c,a2463c771cdc164e80078fd3d5e12ee0,delivered,2018-03-03 21:52:44,2018-03-03 22:08:45,2018-03-14 19:03:51,2018-04-04 16:37:00,2018-04-04 00:00:00
33e7761758c09be48d777723b0c32648,ba29afcdd2ecc1363849bbf404d281c9,delivered,2017-11-23 13:12:05,2017-11-23 13:19:26,2017-11-30 00:49:32,2017-12-09 17:19:05,2017-12-13 00:00:00
8ef90bbfd83a3525620bc52b758b655d,704458c6514db60176c4eb59bae24d30,delivered,2017-11-28 13:43:30,2017-11-28 13:55:27,2017-11-29 23:28:37,2017-12-15 19:21:50,2017-12-21 00:00:00
62a2786bc58bb6ccba3e93b2d9664045,c568bdd5a6d9b5aab1a7a94b1bf1de3a,delivered,2017-10-23 14:41:59,2017-10-23 14:56:36,2017-10-24 21:29:49,2017-11-03 19:12:05,2017-11-21 00:00:00
4ef2dc299b0885933a8773c1aa3656ae,a494436a326035256c3f7fde2825f011,delivered,2017-10-04 11:47:07,2017-10-05 03:04:33,2017-10-09 22:03:09,2017-10-21 15:18:35,2017-11-09 00:00:00
dcb0beba69129b3cb15757a33bc9dce9,813e3fa26f6fe35d81bdc9fa82c0111a,delivered,2018-05-27 07:45:28,2018-05-27 07:55:40,2018-06-08 13:45:00,2018-06-11 19:38:32,2018-06-20 00:00:00
12127db748d62b92c43f9564d6c7ccde,bda72cd5abc354f915a0151cbbf93dfb,delivered,2018-02-22 20:00:12,2018-02-22 20:10:48,2018-02-23 21:22:09,2018-03-02 19:51:37,2018-03-14 00:00:00
227f6b7df58413c52832b11ec24b30a1,ada4af8902da278c18ba8834a1c1faf4,delivered,2018-05-30 22:27:55,2018-05-30 22:55:19,2018-06-01 06:42:00,2018-06-19 16:34:55,2018-07-16 00:00:00
2923b36af2aa3dcb5925e03a21fc2da1,1f68d6125d83e05c0c6b1d34d4f7c30e,delivered,2017-09-05 11:56:29,2017-09-05 12:10:30,2017-09-05 19:14:49,2017-09-12 21:47:43,2017-09-27 00:00:00
eb2d13a05138994cbcc09986aabdb9b3,0254fef29444edf8ad023adf1baac1bd,delivered,2018-03-03 02:21:56,2018-03-04 02:30:49,2018-03-06 19:38:59,2018-03-27 21:56:54,2018-04-20 00:00:00
5570d1c57d34b326bef85dc8ddf0c986,921e63f8a1c12143c2f814dcfc517100,delivered,2018-06-24 09:48:14,2018-06-24 10:15:28,2018-06-25 15:26:00,2018-06-28 22:58:26,2018-07-19 00:00:00
3cc9d3f8dca39fc7c29d082e1197b488,1733bd74b2d3aee8edc1ace540ac52ba,delivered,2018-07-02 20:19:58,2018-07-02 20:30:59,2018-07-03 13:34:00,2018-07-11 22:08:47,2018-07-30 00:00:00
3810ddb734405f64afc7638fd96c9cb5,db424c2dcde1c67aec5681756060f0a8,delivered,2017-03-29 23:48:57,2017-03-31 02:15:19,2017-04-03 17:00:21,2017-04-06 13:28:49,2017-04-18 00:00:00
8bd7f80baa0df162306e95be03bb7b16,75d859264ad4be4c88057781a915628e,delivered,2017-10-14 12:32:29,2017-10-14 12:49:20,2017-10-16 16:50:08,2017-10-21 00:22:14,2017-11-10 00:00:00
cfed781f36b83cd848a78200091e54d1,833f560a4b6ee7d4fc17357b04378e59,delivered,2017-05-26 16:15:49,2017-05-26 16:25:22,2017-05-29 12:03:11,2017-06-13 13:30:08,2017-06-30 00:00:00
cdb1c73916a0078aba40629cf9f26cff,5a7f3db2ad4bcbc2c044cda44f7194e2,delivered,2018-01-23 16:20:50,2018-01-25 02:57:47,2018-01-25 14:58:31,2018-02-02 22:04:03,2018-02-26 00:00:00
31cb8821ab778cd23ebb6ce6f9e2bce0,b3ff37db557452c87c756f90457fe7b1,delivered,2017-02-05 19:35:10,2017-02-05 19:45:18,2017-02-06 12:15:02,2017-02-10 07:37:46,2017-03-03 00:00:00
9af5f003f0da353f6c32a5c5e0c83b39,2129cc3d2764d1f9c4618f6c06f40f65,delivered,2018-01-31 09:52:29,2018-01-31 14:10:58,2018-02-02 16:27:15,2018-02-03 15:07:04,2018-02-20 00:00:00
a68c330c22c204ef5283a562bed75b97,6d6335349686a400eac6839dd1d060c3,delivered,2018-02-20 16:06:21,2018-02-20 16:15:30,2018-02-28 00:42:56,2018-03-05 18:18:56,2018-03-13 00:00:00
b49738aaa4978ffb2dd4efeb676c9de4,d2c85fae92bd98554669494394a47f01,delivered,2017-12-18 21:45:10,2017-12-19 09:33:25,2017-12-20 16:23:24,2018-01-04 01:03:33,2018-01-18 00:00:00
e5f0930c94fb39ce2c9b43625e7467c6,9ba3b410b27f27958b0bdf1dd43f8d51,delivered,2018-08-17 11:17:42,2018-08-17 11:30:41,2018-08-20 15:17:00,2018-08-22 19:28:53,2018-08-24 00:00:00
65d8aca563e1335c68eed05a33bc99dd,8d9813443f924294eea9930def4e9d33,delivered,2018-02-22 09:22:10,2018-02-23 09:29:27,2018-02-24 00:21:48,2018-03-15 20:05:44,2018-03-16 00:00:00
04210d64e3bdb5a0cd44eb156294991e,72c1a2258eaf9420206a0a13cb760b99,delivered,2017-08-04 11:05:40,2017-08-05 03:03:14,2017-08-11 17:19:59,2017-08-24 17:38:29,2017-09-11 00:00:00
1d2d07309f231879bd8097c707d4ad8c,e4479538a52c85752fca6f79078ed387,delivered,2018-02-09 13:47:22,2018-02-09 14:15:36,2018-02-16 15:18:08,2018-02-23 22:52:48,2018-03-05 00:00:00
5dd21baa3b88bf3e97bcc80aa1b0b52a,a96336755f2a6f45496391ac601274fc,delivered,2018-05-28 09:07:47,2018-05-28 10:04:55,2018-05-29 14:11:00,2018-06-05 17:54:22,2018-07-04 00:00:00
81ad0542f902d06936247fe96fb102f8,7da197a421555f9d5858c2a35ec19f2f,invoiced,2017-11-08 10:52:52,2017-11-08 11:06:41,,,2017-12-01 00:00:00
a7e689c27f1d23e34aa301cb76b36d3b,36e350b874ae0ff21fa49492008293e1,delivered,2018-04-30 13:43:45,2018-04-30 14:14:27,2018-05-02 14:16:00,2018-05-03 18:32:08,2018-05-15 00:00:00
ae58081c0be4ca730f53473f8f5d5df7,6a0ce72a507b9ca7bdf5ab4f1a875a46,delivered,2018-04-13 18:45:26,2018-04-13 18:55:20,2018-04-17 18:20:55,2018-04-18 19:14:24,2018-04-30 00:00:00
bfbf45695ada6f6c2b2bbf14d224aeb1,911f537925bba457f30e1d49322c649b,delivered,2017-10-05 11:55:04,2017-10-06 02:35:29,2017-10-06 17:55:21,2017-10-11 21:14:03,2017-10-30 00:00:00
253acea42a5068757ac2cd3e49f8f13d,e2aa79699984ce034e4b174b6f530803,delivered,2018-01-13 20:58:46,2018-01-13 21:10:17,2018-01-17 19:49:53,2018-01-30 17:04:04,2018-02-20 00:00:00
15d19cc3fdb1b3bdea39f23b8f3a7a11,29241f966f58fcd5d7cd10977fa26190,delivered,2018-07-25 10:47:35,2018-07-25 11:04:57,2018-07-26 12:47:00,2018-07-27 23:40:58,2018-08-02 00:00:00
6221ed781ae09ecc0882f02db01e49f9,d357b3b8cfab071e2d3bcc009f24b3bf,delivered,2017-12-03 13:21:44,2017-12-03 13:33:14,2017-12-07 00:14:15,2017-12-14 22:28:00,2017-12-20 00:00:00
72de948f7d91e80fb80be59dce8f9322,b12ec60d2b2d72228b9c194764f944b0,delivered,2017-12-04 09:56:53,2017-12-05 11:25:06,2017-12-06 20:52:15,2018-01-04 20:43:30,2018-01-02 00:00:00
9a0e3af5d24c8ff2a65b4fe715ca4618,7f245302e780e8ebdf21176e6417e77e,delivered,2018-06-25 09:53:40,2018-06-25 10:14:12,2018-06-29 15:48:00,2018-07-03 17:17:05,2018-07-24 00:00:00
296718c4d86a4e84c6bfd2e1fecfcb60,5f973aee835a2530aa1e1dd3bc7e3a52,delivered,2017-05-09 20:49:48,2017-05-10 02:45:35,2017-05-11 08:58:22,2017-05-31 08:34:18,2017-06-08 00:00:00
bcf8ce1cea8935dbbf537c9caf248f46,c9263e1cc3eea092007c49ea6bf5d40e,delivered,2017-08-29 20:44:50,2017-08-31 02:45:01,2017-08-31 13:07:58,2017-09-05 17:44:37,2017-09-15 00:00:00
c4045d70da44ecbef2afb4407592fe90,9be4488544e1d864a50f80fcfec66efd,delivered,2018-05-10 17:53:13,2018-05-11 14:16:17,2018-05-11 13:26:00,2018-05-18 22:04:46,2018-06-07 00:00:00
7958f96c87dcc4edd752ef1a39e75cd9,1a2b664eb54cde10af894071aff52d9b,delivered,2018-04-19 07:58:35,2018-04-19 08:30:25,2018-04-19 19:20:45,2018-04-27 19:28:45,2018-05-04 00:00:00
b3feb3846bb0a8d68cd328138324bea4,4696c1f1c98537de03619ea8972564b7,delivered,2018-01-03 17:03:45,2018-01-05 02:33:38,2018-01-11 18:23:51,2018-02-09 20:07:20,2018-01-26 00:00:00
ff79282c8f4c58df02fde009ad02d009,e7ae0379ea4e32f9eafe151d5147cd7b,delivered,2018-04-19 12:29:54,2018-04-19 12:53:28,2018-04-20 19:48:27,2018-04-30 22:12:02,2018-05-15 00:00:00
a4ca2ef2db84bd36005b60249c9600d7,ddac89832685bb48ae7c04d0079da1ea,delivered,2018-07-14 20:21:30,2018-07-14 20:30:32,2018-08-02 07:17:00,2018-08-08 23:50:47,2018-08-06 00:00:00
f53340ca014b3ee6d71eaca8c0262828,b7050d0df94080891fcc78ce49294a1e,delivered,2018-02-23 16:51:05,2018-02-23 17:10:09,2018-02-26 22:39:46,2018-03-06 17:38:53,2018-03-15 00:00:00
967c49716bb3079dd0f2e8cc27301f92,7fa0ece685214f548326f60d4e038b8d,delivered,2018-04-25 22:39:35,2018-04-26 11:31:02,2018-04-26 13:17:00,2018-05-08 22:55:28,2018-05-25 00:00:00
bd8b880cb77c8814dfce61086015fe1b,b66c4427aabee52ef52dc915d25faba7,delivered,2017-12-01 17:13:56,2017-12-01 17:30:27,2017-12-04 22:28:58,2017-12-22 18:34:59,2018-01-10 00:00:00
5c38655d217f80fb8ad2c39a7c0a816b,c390e7a5039a39f6f61077081d2cdfe8,delivered,2018-08-13 15:36:49,2018-08-13 15:50:14,2018-08-14 13:36:00,2018-08-17 20:03:29,2018-08-30 00:00:00
22aa0b4e8c7855fd8d534a7692579a36,9e1d60f744e20177e6c2b1062af5c97c,delivered,2017-01-20 11:12:25,2017-01-20 11:25:15,2017-01-20 14:18:57,2017-01-30 13:05:04,2017-03-02 00:00:00
92cadc3e20edf9c11602105c344a717f,d3a2623a3fa9bc2041ea7b6aae6789bc,delivered,2017-10-27 07:57:17,2017-10-27 08:10:07,2017-10-27 15:34:55,2017-11-03 15:53:00,2017-11-28 00:00:00
cfac974a41d4273d522456d2840dc2a6,a0b828674053768d72daefb412b43410,delivered,2018-06-18 17:11:59,2018-06-19 06:56:58,2018-06-19 16:19:00,2018-06-21 16:11:40,2018-06-28 00:00:00
80cb2770ef2f75c1c0824d9b1c9c79e0,202234d67b3c6de086dee7ed4bf9c1ef,delivered,2017-10-19 10:24:48,2017-10-20 10:26:02,2017-10-20 18:45:03,2017-10-25 17:17:58,2017-11-07 00:00:00
5687ad45d33870c742b2cdacaf758353,c68c27e929bf3a5f6d15d6101a7bd890,canceled,2018-05-21 22:53:49,2018-05-22 02:15:44,,,2018-05-29 00:00:00
1c50f4dd80606ab3cc6b7675ec22b647,1b15834bfed64f5f839895896a2b4b0d,delivered,2018-04-26 08:34:44,2018-04-26 08:50:12,2018-04-27 14:06:00,2018-05-08 14:08:49,2018-05-25 00:00:00
f875abf3cc68933b94d08b4ca51726d0,7a506893701d28bd57d183384f4cb225,delivered,2018-04-30 22:09:26,2018-05-02 09:33:13,2018-05-02 15:20:00,2018-05-14 13:03:59,2018-06-04 00:00:00
087a1c1dfd41b68ab6a6cd8551147bb2,027173ae64ea4eb32139b3205e7e02c0,delivered,2018-07-30 14:06:15,2018-07-30 14:44:42,2018-07-31 13:12:00,2018-08-13 16:38:26,2018-08-07 00:00:00
07c066e1f4929584a77a8be911a0997f,5d1fad5801ed92a83f407f90977d08c3,delivered,2017-08-07 11:53:47,2017-08-07 12:40:11,2017-08-10 18:42:18,2017-08-14 13:51:18,2017-09-01 00:00:00
a9950bcd6b7e01fcf110c44611fbdf2e,93e1ebe21d58e74d7426b3e8d5e94c5e,delivered,2018-06-07 08:28:48,2018-06-07 08:54:40,2018-06-08 19:00:00,2018-06-11 18:34:54,2018-07-04 00:00:00
adc4970778889732db1a1b721b12a4b9,aa220a15ac7d760f8a1ba2ecda5c592a,delivered,2017-11-24 22:17:00,2017-11-25 01:16:11,2017-11-30 21:38:37,2017-12-04 19:27:49,2017-12-14 00:00:00
84d48347cdbfce0a17da7b6b9cd90492,9695ed0844ddd2e94315f39ed1828058,delivered,2018-02-24 12:34:36,2018-02-24 12:50:24,2018-02-26 21:08:12,2018-03-01 14:33:08,2018-03-13 00:00:00
370ea9c16345a128a6c6b8b76a475d74,698e47900576a48d6407ce5b61a17542,delivered,2018-01-26 13:53:17,2018-01-26 14:22:02,2018-02-01 00:28:50,2018-02-26 19:53:06,2018-02-21 00:00:00
6e9b8fca06fec084296f7dc0e43461cd,c7128f460704b9a96f77b698bc521be2,delivered,2018-01-09 19:41:56,2018-01-11 02:33:27,2018-01-12 23:48:17,2018-01-24 22:51:28,2018-02-08 00:00:00
4de5beb49e4389e91971200bacf4e024,ffdd80d8f3655192a9d2a38d5b18732c,delivered,2017-11-24 14:06:24,2017-11-28 03:43:46,2017-12-01 23:19:39,2017-12-19 20:32:25,2017-12-14 00:00:00
03477f5f6bd5656e0e847d3a17e67efa,7358e2ec1027c49bb741aa65885ee324,delivered,2018-04-13 14:44:50,2018-04-13 14:55:16,2018-04-13 23:28:20,2018-04-18 21:16:44,2018-05-23 00:00:00
b46c295d27c87441788cfd92b75b1a3d,35af9db017c64c3410a255c75375b15f,delivered,2017-06-29 22:43:49,2017-06-29 22:55:11,2017-06-30 14:41:37,2017-07-03 08:26:40,2017-07-21 00:00:00
1896e8b8fd196151559b02e31e98ce89,1a2a799fe374131d470b9ad84e43b4cc,delivered,2018-03-09 19:09:47,2018-03-09 19:48:09,2018-03-12 23:18:22,2018-04-09 20:48:34,2018-05-02 00:00:00
17bfbacddb5eaccbb988fe17e60da5f8,4f5fc821e352eeee7b5cad75b1d95078,delivered,2018-04-11 10:47:21,2018-04-11 11:10:29,2018-04-12 19:52:51,2018-04-17 17:39:39,2018-05-10 00:00:00
f52849f04dabb7e33d5ac651293386e9,f1eecbba10e1689e4fddaae036b8a85e,delivered,2017-05-07 18:34:36,2017-05-07 18:45:17,2017-05-09 08:12:28,2017-05-30 12:23:17,2017-06-08 00:00:00
a58bc23722e4f1f8f2299766dcad762e,643bf09ef6456d014d184adcef520b40,delivered,2018-05-02 23:46:50,2018-05-03 00:13:21,2018-05-03 10:58:00,2018-05-10 21:26:37,2018-05-21 00:00:00
55dc0b4a0f13a05eb36a095553d4de55,b40c7e70e08d955b06856703a33ea2a4,delivered,2018-01-16 19:42:38,2018-01-16 19:55:19,2018-01-17 17:22:29,2018-01-29 15:51:59,2018-02-15 00:00:00
449a5c83325ac51d98c821405c503183,744472d5342f14d99da7aac037d88721,delivered,2018-01-22 23:09:08,2018-01-22 23:18:29,2018-01-23 20:51:43,2018-02-03 07:23:05,2018-02-20 00:00:00
1cbee9a2dd4b2a7e2c95a4b9ef21bd0a,4ef856387129b1a15b95c15e91768007,delivered,2018-03-07 20:55:23,2018-03-07 21:10:30,2018-03-15 01:44:32,2018-03-31 13:36:48,2018-03-23 00:00:00
aa964845f1de8125410aea8b73e9e1ec,d990663a73af8129834fca277b4743ca,delivered,2018-08-10 07:43:34,2018-08-10 07:55:14,2018-08-10 15:02:00,2018-08-14 18:47:33,2018-08-17 00:00:00
942bfba61040fe93e3038099eb60fe31,d83be21cf2ad5d2997d771d69411cf68,delivered,2018-08-21 09:52:42,2018-08-22 03:44:19,2018-08-23 07:33:00,2018-08-28 14:03:31,2018-09-12 00:00:00
5ba2ed250b6f47416b0a787bd4deba63,8c28edb50beda68d7be316b7bfd1fcac,delivered,2017-07-01 19:13:55,2017-07-01 19:25:20,2017-07-04 11:23:32,2017-07-27 12:18:57,2017-08-04 00:00:00
c0a5ad81be45e1a04365870aab5cfb4f,1bb9aec4f2cee2853d9083e747f00db4,delivered,2017-09-26 12:57:49,2017-09-27 02:49:14,2017-10-02 10:12:58,2017-10-03 15:03:21,2017-10-11 00:00:00
96afce615acfe22de83ca7f0ddcc27c4,dc04bfb55313bb15d71cc9c26f7cf6d2,delivered,2017-08-06 01:43:21,2017-08-06 01:55:07,2017-08-07 20:44:55,2017-08-14 19:16:05,2017-08-29 00:00:00
897ed337ed4c3fba920924b9143c2ea0,7e0ccb80f03547847437a81f88b7e7ad,delivered,2017-01-27 17:31:45,2017-01-28 05:31:36,2017-01-31 06:43:58,2017-02-06 11:42:34,2017-03-27 00:00:00
b4262fe5b2e37af43a440bcfbf4737b6,508650ca307b9b68ded0c252abeb0cb1,delivered,2018-04-03 17:33:32,2018-04-03 17:49:38,2018-04-04 17:21:16,2018-04-10 00:19:20,2018-04-27 00:00:00
09cbc615350e91dae35a37b78994c91f,fa336269827b24251d7e6c26e09ee32d,delivered,2018-02-14 20:26:13,2018-02-14 20:35:35,2018-02-16 23:19:08,2018-02-27 18:10:08,2018-03-06 00:00:00
a3fa2b20c0df9c8279c4441905471140,e012ec724eb09748bfe4dc58facabfff,delivered,2017-08-03 18:05:05,2017-08-04 15:50:20,2017-08-09 14:53:01,2017-08-21 21:03:18,2017-08-31 00:00:00
ab1e451ac61a9e1ed83028e67458d722,1f02ba98e5ac2c5d7e3561429733c129,delivered,2018-01-08 21:39:41,2018-01-08 21:48:44,2018-01-09 21:48:20,2018-02-07 17:08:25,2018-02-07 00:00:00
e25282d3cadf7b4c3a491dfb533dfdb0,589cd95dd75d0bcd4eb5739b1b3fb1e8,delivered,2017-09-29 21:35:33,2017-09-29 21:49:20,2017-10-02 17:20:02,2017-10-06 19:13:20,2017-10-23 00:00:00
3318317aee1cd3dfc1929272dd05b517,3b1ab3eb135bf65a29d6f9045e1cd02f,delivered,2017-11-23 15:36:00,2017-11-23 15:49:14,2017-11-24 17:56:02,2017-12-05 21:55:45,2017-12-18 00:00:00
8f702c6eea5985c8768010eebd2a6891,e8632f3af3c7b0bd08f3b57413087db0,delivered,2018-02-03 17:46:18,2018-02-06 05:31:55,2018-02-08 01:44:15,2018-02-22 18:07:42,2018-03-13 00:00:00
d916bc63daa29deee391ab3e479e2923,0abfaf23dee18e9e25cac561ed01e909,delivered,2018-04-24 17:09:20,2018-04-26 03:51:39,2018-04-26 13:22:00,2018-05-10 22:38:23,2018-05-25 00:00:00
ae9e63d9e351f66eb5f9032397bcddfd,63f68ffa0f446541d46ab78adc2c1a20,delivered,2018-01-18 18:30:47,2018-01-18 18:39:28,2018-01-31 11:24:53,2018-03-01 20:22:34,2018-03-21 00:00:00
e9393662026f1973d6330fb33ef1ffa5,3aae38c3c1a19888da691519a2a42b18,delivered,2018-08-15 21:02:06,2018-08-15 21:25:09,2018-08-16 14:13:00,2018-08-21 14:23:05,2018-09-05 00:00:00
c1b478f170d1ec5c4ff6ea07039fb276,da00258ab409403dc860fae6c62b58fa,delivered,2018-03-20 21:39:19,2018-03-20 21:50:25,2018-03-23 15:47:24,2018-04-03 14:14:50,2018-04-06 00:00:00
c228fb80043a1ebf0ab361c676972a34,753bcbb77173dfa6ebba16f4dedc2eb2,delivered,2017-11-23 21:55:07,2017-11-23 22:06:27,2017-11-28 17:59:02,2017-12-05 15:38:59,2017-12-13 00:00:00
387a1dd847da1460222bebfcd7c2c7ba,090d99c55a1c0f65175855a782df9537,delivered,2017-09-12 11:54:37,2017-09-13 12:04:28,2017-09-13 19:27:22,2017-09-22 17:07:35,2017-09-29 00:00:00
274c7b7da7ae1faaf4a98f2e39902b7f,23bd00261a796afefd758f975351b815,delivered,2018-03-31 08:04:22,2018-03-31 08:15:14,2018-04-04 23:54:48,2018-04-20 22:32:51,2018-05-04 00:00:00
75d064d09b807b1fe4b662a0b7611f8b,f4d9d59405e120b89dbc731ec632ae1f,delivered,2018-07-04 09:33:56,2018-07-05 16:34:36,2018-07-17 16:35:00,2018-07-27 14:51:57,2018-08-02 00:00:00
e7c4f491f1fcc1d15480115f1b7afa57,4b71f2dc18503c0dae19a58bfe99c593,delivered,2017-11-22 14:14:41,2017-11-23 02:57:31,2017-11-24 22:26:43,2017-12-01 20:44:32,2017-12-12 00:00:00
cc9d4603ef1ef80d4a7627ddc4552312,910923ada8c97c7a8e1b5c17c6a986d8,delivered,2018-04-10 14:10:12,2018-04-10 14:30:12,2018-04-11 19:32:17,2018-04-17 17:34:37,2018-05-03 00:00:00
6940c4da07984a3f1986bff00cc21ef2,c4901130ab96b74c16bb4f4988e26824,delivered,2018-08-20 14:38:06,2018-08-22 04:05:09,2018-08-22 13:48:00,2018-08-28 16:57:46,2018-09-14 00:00:00
48e72584a72dfd3dcb2ed3a6c5ea07ce,ca0dd0a80b91f5df4f5da217c25ed722,delivered,2018-08-05 21:01:43,2018-08-05 21:15:25,2018-08-08 15:01:00,2018-08-15 22:03:58,2018-08-17 00:00:00
be8ab651d9a385206918a02d21d0cc33,6be433092c73f7f3f76422d333f87818,delivered,2018-03-30 13:43:51,2018-04-03 05:48:48,2018-04-05 18:04:42,2018-04-20 16:40:59,2018-04-19 00:00:00
feeafa1686889fcf9d24e97b81c34f63,3684b9a021a6b089ef00ff9c9b07446e,delivered,2017-09-18 19:18:35,2017-09-18 19:30:16,2017-09-19 15:37:36,2017-09-27 16:48:21,2017-10-13 00:00:00
cb5a90448282b7b65850b10544dbb22a,3d34a26e48d1a4c625b3fe98ad99bf7b,delivered,2017-07-17 15:22:59,2017-07-17 15:35:09,2017-07-26 17:59:36,2017-08-01 21:35:28,2017-08-14 00:00:00
b1cc2415253bed6a394cec36a9280797,94d9e024dd9410315d34dd683d0dd657,delivered,2018-02-09 22:49:43,2018-02-15 03:56:07,2018-02-21 17:28:41,2018-03-15 00:11:10,2018-04-04 00:00:00
b4987fffa27206403cb8ac9072a6f9de,6b1c69ef9ca42acffa9885fc1122a006,delivered,2018-03-24 14:51:18,2018-03-24 15:07:56,2018-03-27 02:08:58,2018-04-13 02:21:55,2018-04-24 00:00:00
f1ae9201c5fbf85324c872859f799ac2,c01488babd469ff145c80085b71f2334,delivered,2017-12-06 21:42:47,2017-12-06 21:52:54,2017-12-07 17:21:32,2017-12-18 20:39:51,2018-01-08 00:00:00
29c6b96c5e696a196f1506078a1346cf,a871b98f29f12889ac15859d049e289d,delivered,2017-09-02 19:53:33,2017-09-05 04:36:00,2017-09-06 22:07:38,2017-09-11 18:45:26,2017-09-22 00:00:00
5cfc24193d53d6dc86c639606c31b5f6,cb2c6606e660a6aca65c6a004f851270,delivered,2017-11-25 08:40:18,2017-11-25 08:55:37,2017-11-30 19:19:06,2017-12-20 19:20:04,2017-12-26 00:00:00
dc2098287a90d976b893165c71dfa020,db691e513b00588d4422c37c5e9e2dbf,delivered,2018-08-14 13:27:56,2018-08-14 13:44:23,2018-08-15 14:15:00,2018-08-20 20:50:36,2018-08-22 00:00:00
291db83cebe0c7179310b62e0a7e2714,86484b39e159b80d85758985c1463d6d,delivered,2018-05-06 20:53:32,2018-05-08 19:34:35,2018-05-16 13:44:00,2018-06-07 19:51:56,2018-05-29 00:00:00
ad0f5b61c49281e7ccac5a986968f347,2c0eaa1df8f0066e0d344cf609f8fc9b,unavailable,2018-07-24 09:26:34,2018-07-25 04:10:09,,,2018-08-03 00:00:00
26d5ab0752e2de19eee25118f25ccb74,7b3a2b1682c37d9df9e836d397b963a1,delivered,2017-11-21 23:41:35,2017-11-21 23:52:26,2017-11-27 22:15:31,2017-11-29 22:10:57,2017-12-01 00:00:00
f174b7bb70b31bea3dbfdf7cf9719ce5,fa02a9d0399654a2a97b861ec8ef7897,delivered,2018-01-26 22:44:20,2018-01-26 22:52:21,2018-01-29 18:13:04,2018-02-01 22:38:59,2018-03-05 00:00:00
d24ea9296a5de338db8128bf4a6b9c48,b2bfb3977ba27bdab4a1202b4407ca06,delivered,2018-05-01 23:48:26,2018-05-02 00:16:25,2018-05-11 10:41:00,2018-05-14 22:57:35,2018-05-15 00:00:00
8f9cd54929c1607124f4742a7425dfc6,7e59a54426372c0e0c445ad13c033826,delivered,2017-04-02 22:07:03,2017-04-02 22:22:34,2017-04-03 13:47:04,2017-04-10 15:06:25,2017-04-28 00:00:00
f013cb01232922e713ffadcfa3b52368,3a3caef69b01f16c9eb102c28168564f,delivered,2017-06-07 15:04:13,2017-06-07 15:15:16,2017-06-08 14:33:14,2017-06-21 15:33:28,2017-07-04 00:00:00
f0306b5ed43b47782c4f72497dc5e97b,1d40bf2da4a31578ce877c16addb89ac,delivered,2017-10-19 10:36:34,2017-10-20 20:49:37,2017-11-01 23:06:41,2017-11-09 15:48:56,2017-11-24 00:00:00
8a8d4f2c50daf68104823637fbb01111,359cb0d7499e2a6703e7e59a397e0101,delivered,2018-04-02 16:57:27,2018-04-02 17:49:05,2018-04-04 18:41:42,2018-04-10 01:57:23,2018-04-24 00:00:00
f89a86148310b5d6a02fbab8f1c9fb77,cecb0cabf6394829a7de181e95a08ad6,delivered,2017-09-08 17:21:34,2017-09-12 04:25:52,2017-09-12 19:51:45,2017-10-16 21:18:15,2017-09-27 00:00:00
85f8ffb0071e850ecba540ba938f32a9,f388da80d7f9a29735dd482be3995dc2,delivered,2017-03-16 20:04:07,2017-03-16 20:04:07,2017-03-17 09:15:30,2017-03-22 19:48:52,2017-04-06 00:00:00
a87ef9e0075f9e9636d1b1f3162aff06,86dbfdbce3774efc9cbbec339ad6233d,shipped,2018-02-06 18:55:22,2018-02-07 03:10:06,2018-02-09 16:56:52,,2018-02-22 00:00:00
dbaaebf6a6e547abe2187a376dfc80cb,1bd39c947fcc7819aaf31c7f37b6d740,delivered,2017-07-30 11:41:46,2017-07-30 11:50:14,2017-08-02 19:19:56,2017-08-10 21:10:15,2017-08-22 00:00:00
27eebc49f55d8e9b8192f11c2570d6f1,55cd7bfe95dcd698acf176278e14888e,delivered,2017-10-29 20:28:51,2017-10-29 20:35:22,2017-10-31 15:37:39,2017-11-01 22:15:56,2017-11-10 00:00:00
ec9f9865708006552e26ff7a0e56738b,ceab1b83992b155eb6d4dc4f94156c3e,delivered,2017-09-22 13:43:56,2017-09-22 14:42:11,2017-09-25 20:25:05,2017-10-04 23:37:52,2017-10-23 00:00:00
dabf2b0e35b423f94618bf965fcb7514,5cdec0bb8cbdf53ffc8fdc212cd247c6,canceled,2016-10-09 00:56:52,2016-10-09 13:36:58,2016-10-13 13:36:59,2016-10-16 14:36:59,2016-11-30 00:00:00
bfd279d30475171e707bc248cffdc615,0138300525351148ae5c0bfe11efe43c,delivered,2018-07-26 19:51:54,2018-07-26 20:04:17,2018-07-31 15:37:00,2018-08-02 20:46:28,2018-08-13 00:00:00
9ba5b74f4d7d84f76cfb1644b6eee3a9,fe5f081eb56748482abe3a5f13f7fc43,delivered,2018-02-26 12:51:04,2018-02-26 13:10:44,2018-02-27 19:48:48,2018-03-22 20:56:46,2018-03-22 00:00:00
1b506ab4d2fae3d70d95f8d0a4d8d094,366dc85996a888a01cd43864949768c2,delivered,2017-09-04 23:35:15,2017-09-04 23:45:12,2017-09-08 17:35:59,2017-10-10 20:52:36,2017-09-26 00:00:00
4500a7cbeb73995b57988b9a3954cc50,9af20565ab6628277ab244d811547727,delivered,2018-03-13 08:30:55,2018-03-15 03:29:30,2018-03-16 14:51:28,2018-04-03 01:55:51,2018-04-04 00:00:00
4277cbafe32b1c895956bfca7cbdcc69,b99e908d272da937657210cfb830ea6f,delivered,2017-06-24 13:25:58,2017-06-27 04:23:11,2017-06-30 16:05:37,2017-07-12 20:03:35,2017-07-20 00:00:00
4503d7de448cb75c09c539a1f407c7eb,aee6125cb5bde8bf58b7a0dc231f8c51,delivered,2018-05-14 12:07:43,2018-05-14 12:17:38,2018-05-15 19:25:00,2018-05-16 20:30:40,2018-05-22 00:00:00
708cb5e8cac7d35e5acd85d630125653,69ee6fd73d273e7a165ec5a3634af120,delivered,2017-10-21 17:04:11,2017-10-24 03:25:56,2017-10-24 19:59:20,2017-10-31 20:21:24,2017-11-17 00:00:00
2c0e90a2bdcffa59af23fe752aa40541,8dc0322817620f287ac81305111678af,delivered,2018-04-28 21:31:30,2018-05-01 06:12:53,2018-05-02 16:58:00,2018-06-15 16:08:49,2018-05-28 00:00:00
60b7a154dfbcedf1c0b7b294d0cfae7b,66637c0e4a801a4cd3ba72818e7b5b11,delivered,2018-02-05 16:11:25,2018-02-06 04:33:10,2018-02-07 23:04:31,2018-03-16 01:33:01,2018-03-27 00:00:00
9f93d6d806ea3735add613d07df54266,02e86093158ca5dc555cd7674b753274,delivered,2018-04-18 17:05:48,2018-04-19 08:15:22,2018-04-20 01:47:41,2018-05-05 00:34:44,2018-05-23 00:00:00
8c88168ecddc30a5a4a4b899720a9d66,b93bde3d977538b891c36a8da5fb4963,delivered,2017-03-27 13:48:42,2017-03-27 14:02:39,2017-03-27 14:25:02,2017-04-05 09:33:17,2017-04-20 00:00:00
61ab6abf759291229bc1d2ad09a7c3f1,86b794305d0f1621562027fb00fd32c9,delivered,2017-11-17 13:10:58,2017-11-17 13:55:24,2017-11-21 22:09:46,2017-12-01 17:46:52,2017-12-13 00:00:00
18cc6945eeb0fac797b1e48e96bb7ad7,14b49d162cc1a8333aec3853db1812f5,delivered,2018-01-15 15:38:06,2018-01-15 15:50:53,2018-01-30 12:44:48,2018-02-01 17:35:42,2018-02-16 00:00:00
bcdac90f7e0226cd65358da9bc6ead9a,ef0bee024200ff71b3a534c5db157e06,delivered,2018-01-28 00:28:36,2018-01-30 04:31:06,2018-01-31 22:19:08,2018-02-16 20:51:38,2018-02-23 00:00:00
54761f5e42ab5a33268fe64804e92448,ca0448b0e38ea07c04f29cc6e1705a3e,delivered,2017-12-26 11:36:36,2017-12-26 11:48:47,2018-01-12 20:41:36,2018-01-26 20:09:51,2018-02-02 00:00:00
78219cc6b17d2b84d847bbf8b470316c,1c0f0ab71b8207131776a38cc59cd4bd,delivered,2018-07-13 20:08:35,2018-07-13 20:23:54,2018-07-14 08:31:00,2018-07-20 18:03:30,2018-07-27 00:00:00
0eb6a12eb37ee53379b86cb351fc1139,78c8b909a304dd7148abb9341c894a75,delivered,2018-03-09 15:30:05,2018-03-09 15:49:44,2018-03-10 00:51:22,2018-03-20 00:58:46,2018-03-27 00:00:00
707d2a86b1e20b0fdcd7a45446d4b8fd,3b5011d2e09ff6ce6e2ff1576e3acff2,delivered,2018-07-23 22:18:15,2018-07-24 10:31:14,2018-07-24 13:44:00,2018-07-30 20:43:42,2018-08-10 00:00:00
16910be50855e4675b6417d183309ea4,74e5e0b3e3545d5a18aacd0ffc82138b,delivered,2018-05-06 21:49:23,2018-05-08 20:31:54,2018-05-10 14:31:00,2018-05-15 17:52:26,2018-05-29 00:00:00
bdd163683d4bc75b0b2b7a8d9e1ccd26,bc6a4c47275544bc66dd45d83a367d27,delivered,2018-01-10 11:54:00,2018-01-10 12:08:59,2018-01-11 23:05:11,2018-01-30 23:32:04,2018-02-20 00:00:00
fb5ea894786347722a854ef8fbad3e78,5433d4e11f595ca00bd7d798b156e009,delivered,2018-05-04 16:44:14,2018-05-04 17:10:04,2018-05-09 13:12:00,2018-05-14 16:07:36,2018-06-01 00:00:00
cb503219f1a73d8a4dfe8561be373c99,921822ed81e9c094d7908db16164a270,shipped,2017-11-25 11:22:09,2017-11-25 11:35:20,2018-01-04 21:41:39,,2017-12-21 00:00:00
13a23ee952fb9cd769f00a73d9dadfc3,e6b2757b757b80cd6c7c33c329e9afdf,delivered,2018-03-03 10:11:38,2018-03-03 10:28:37,2018-03-08 17:25:18,2018-03-12 15:42:18,2018-03-22 00:00:00
a67eb7e1e345d47ea191f88d20b02f48,7e526dd26eefd38eaf8e3aaffa569ddc,delivered,2018-06-04 10:00:29,2018-06-04 10:10:35,2018-06-04 15:15:00,2018-06-05 18:45:33,2018-06-28 00:00:00
534ea80843e1a5eb1ccebfea5d52258e,37d31448db0f51f0e9489a81ddc53bdc,delivered,2018-01-24 11:21:27,2018-01-24 15:16:13,2018-01-26 16:22:43,2018-02-05 16:18:31,2018-02-16 00:00:00
456f9f06a58b9d22e98d54aeae391575,8f1b2512b7fa877db77f4bb3fcbc5c1d,delivered,2018-08-08 19:19:54,2018-08-08 19:35:14,2018-08-09 11:24:00,2018-08-14 17:14:33,2018-08-21 00:00:00
9f024956eb1ae4922177f88ee162e251,82b3ba19327bc589f081bb65da00ef6a,delivered,2018-01-19 13:20:49,2018-01-19 13:35:56,2018-01-25 20:38:36,2018-02-03 17:25:04,2018-02-23 00:00:00
6cbe1e11a1d2be3cada894fcdcbb020e,a2a0af54fdc9de410b95d6e643232349,delivered,2018-08-19 20:45:58,2018-08-20 13:15:35,2018-08-21 14:25:00,2018-08-27 15:48:45,2018-08-31 00:00:00
204c3a076103a93b98207df2faeb6b4c,c908a3e881a6b1e45aba3336b478f445,delivered,2017-05-21 08:00:00,2017-05-21 09:10:28,2017-05-23 15:53:43,2017-06-07 12:44:59,2017-06-21 00:00:00
7b3dfd5f6a78e3b430e083bf1a909da0,9fb22afe5a91a9c5f42a502ac18cb629,delivered,2017-05-08 22:39:37,2017-05-08 22:50:11,2017-05-17 14:04:55,2017-05-24 12:18:02,2017-06-08 00:00:00
497dd86000dbe348d33b6fa239f2521b,540414af4996cfdbb392622b3c082294,delivered,2018-06-21 13:57:12,2018-06-21 14:22:16,2018-06-22 15:52:00,2018-06-26 01:40:32,2018-07-12 00:00:00
284f45ebbf2b9dae5ad6699417798e08,d4ba90ce0c49bffcd1b221f4bd2e9741,delivered,2017-07-01 15:09:06,2017-07-01 15:24:00,2017-07-06 15:45:57,2017-07-18 16:44:11,2017-07-25 00:00:00
6992111da90e1d0b60209bcfe296f214,5094b2ab4ab45dae312e6ab507e29c03,delivered,2017-03-27 14:45:25,2017-03-27 15:02:14,2017-03-28 13:15:13,2017-04-03 22:15:51,2017-04-28 00:00:00
5f8f11858f0aa38dd3dac7d851aced95,503f0e722a93ef93328c4f358b7c0c92,delivered,2017-10-11 15:12:34,2017-10-12 15:27:52,2017-10-16 19:48:00,2017-11-14 19:05:08,2017-11-09 00:00:00
70a3acb4b096f675be6a2e03e2fb67bd,3d67ed4465f06c12893998418e08fac8,delivered,2018-07-12 17:48:52,2018-07-12 18:03:58,2018-08-02 13:05:00,2018-08-09 15:56:16,2018-08-13 00:00:00
e94daa2288ba121cae2bf863fe3c7875,10850253accfd1ee47d065a7373498a3,delivered,2018-04-29 16:10:03,2018-04-30 20:49:43,2018-05-02 16:33:00,2018-05-08 18:56:31,2018-06-04 00:00:00
518f635a71b22cd5e588f9ba98f6204a,1b6dfb571cde0e7d73312c4ac876ee42,delivered,2017-11-17 15:28:09,2017-11-17 15:51:06,2017-11-17 22:26:46,2017-12-05 12:27:14,2017-11-30 00:00:00
bedff73fa5a137527ba9314cac93b7b3,78e1490a885fe6e9680acc9efc7af380,delivered,2018-07-18 12:00:35,2018-07-18 12:22:20,2018-07-18 14:35:00,2018-07-20 15:53:41,2018-07-31 00:00:00
7d211ad04e2a788e75109de959ce3171,4a1e8b88c644fe53641843b68f745160,delivered,2018-05-29 21:55:48,2018-05-29 22:13:54,2018-06-05 13:07:00,2018-06-06 12:55:09,2018-07-17 00:00:00
05c60320bb28437325f2d6d67467d93c,b875d47d3b0b0bba9fa77d410a584927,delivered,2017-11-28 16:07:15,2017-11-28 16:18:36,2017-11-29 18:41:52,2017-12-27 02:51:41,2017-12-20 00:00:00
e9a85222994b1065ed4e23c6426b64a9,2093d27c791c109d890d8ee08bfeb997,delivered,2018-07-29 18:18:15,2018-07-31 04:10:13,2018-07-31 15:06:00,2018-08-07 22:41:48,2018-08-14 00:00:00
3460241a070156e726e901d0824db74d,d527d0a021db41ebb855384f3f4cb5ef,delivered,2017-11-18 19:55:46,2017-11-18 20:06:55,2017-11-21 22:54:45,2017-11-28 22:44:36,2017-12-14 00:00:00
23e9f8ff4531eef8fbeb21efcf4ca260,194db5a5d58e5c923d6c2ef8c41e1234,delivered,2017-12-09 10:52:15,2017-12-09 12:54:52,2017-12-11 18:54:21,2017-12-18 15:12:21,2018-01-08 00:00:00
4a1c3a5476f1ec2b160b6ccd4e8d8719,00c36dc4ec485e2500e9a669d6ea63d6,delivered,2017-09-21 09:33:23,2017-09-21 09:50:24,2017-10-04 17:33:24,2017-10-19 16:04:23,2017-10-30 00:00:00
a57913442118de617c1687f936b0a986,b2816e7811a78ca273c766bc022033ff,delivered,2018-02-26 13:20:05,2018-02-26 13:35:28,2018-03-02 20:12:36,2018-03-06 20:55:46,2018-03-16 00:00:00
8d7bd36f24580dd73c1adff3062b7f5b,082fce44f8c254bf6dc2c4e7bae58467,processing,2017-12-07 10:29:18,2017-12-07 10:52:38,,,2018-01-09 00:00:00
7a8aa142cba05fb6a982d779ded4b72f,0e7f46dcb6a1a1a69248d18aff27ac23,delivered,2017-07-14 17:38:09,2017-07-14 17:50:23,2017-07-17 17:19:57,2017-07-21 21:24:47,2017-08-08 00:00:00
3f7a6450c7d9e47a7132abfb18aac99a,2bbabbf597ca99ac722589475da05e71,delivered,2018-05-05 21:43:43,2018-05-05 21:55:16,2018-05-07 13:16:00,2018-06-07 14:03:35,2018-06-01 00:00:00
11e930fd8da276f30361256c23d58196,e4d86d1da4dc444b482115d7aeb1cc3f,delivered,2018-08-08 11:14:31,2018-08-08 11:30:12,2018-08-09 13:38:00,2018-08-17 00:38:47,2018-08-29 00:00:00
984113eb4e16cb43f949afb74298dac8,72d5bcd92b9e55444e84cccf4d9d4abf,delivered,2018-01-23 19:07:35,2018-01-23 19:23:19,2018-01-30 01:59:34,2018-02-15 00:41:56,2018-02-16 00:00:00
d1b60751a74a563a60ea5a1ab1ac6969,9f3328357ea81872a61a105b20f2167e,delivered,2017-09-01 13:23:36,2017-09-01 13:30:18,2017-09-02 16:09:28,2017-09-08 23:53:58,2017-09-20 00:00:00
fefeb61b51f4a30efa5d44a833e3a797,29e994be5ff2076a7a75bf09f73a9735,delivered,2017-11-27 23:32:29,2017-11-27 23:49:49,2017-12-04 18:37:51,2017-12-09 16:17:34,2017-12-11 00:00:00
9bd15327c342acae1656642f80c408a9,e85fd7939acd7537326a0aae9a9ca00a,delivered,2018-02-27 21:57:30,2018-02-28 21:50:35,2018-03-02 20:56:56,2018-03-14 09:16:35,2018-04-02 00:00:00
206d1a13596872a713dba14504fdf699,58c5eb8e7844d1ecd85128e663f49e04,delivered,2018-07-29 20:50:22,2018-07-30 18:31:13,2018-08-01 15:24:00,2018-08-06 18:36:46,2018-08-15 00:00:00
cf8e0bf248046a2be2b5ed74b01f98b2,5a5d8dc362bb1a87be5052f2dd82d4d8,delivered,2017-11-23 12:17:53,2017-11-25 03:37:25,2017-12-12 14:40:10,2017-12-19 13:51:57,2017-12-29 00:00:00
762f2fa4b2d95d9b9d1f8ad0dfaf6ef8,046da9eb71f72a1d1f4722fdd0f6614b,delivered,2018-03-10 10:45:39,2018-03-10 11:08:16,2018-03-14 12:28:51,2018-04-20 20:22:09,2018-04-18 00:00:00
8006b152280a7ed38378fc8eaa989a7c,2de44491346ab7fcc2819ddd069a54e4,delivered,2018-08-03 14:20:29,2018-08-03 14:30:14,2018-08-03 14:53:00,2018-08-06 19:18:48,2018-08-13 00:00:00
7a7479ce34e70289b2545041300044a6,2b62d4b90a5c620b13bd4968b7e2e1b5,delivered,2017-08-28 01:27:10,2017-08-28 01:44:53,2017-08-29 17:49:12,2017-09-11 18:11:36,2017-09-26 00:00:00
7b072cb297a1526bf0dcd28d61c6004d,cda5f27136ac1f174e1ba59d0bfea170,delivered,2018-03-18 13:46:51,2018-03-18 14:08:43,2018-03-19 20:51:40,2018-04-24 20:28:45,2018-04-19 00:00:00
61ce184c1c73abf33b18c98b0dff1229,7a704fc433bd27f103e167b4898c831d,delivered,2018-07-04 19:48:39,2018-07-05 16:21:59,2018-07-05 15:17:00,2018-07-11 20:28:44,2018-07-31 00:00:00
1299a512fc464f808332d44a0e73f367,03607aa94cc886c288008326808df435,delivered,2017-03-19 15:21:25,2017-03-19 15:21:25,2017-03-24 13:38:41,2017-04-01 10:53:57,2017-04-20 00:00:00
b6133255f440562f2b6d004d1b24743d,3ca973130cd813782697a76c95a6c480,delivered,2017-12-31 11:38:28,2018-01-03 04:29:36,2018-01-03 21:38:34,2018-01-05 18:55:46,2018-01-18 00:00:00
84c69d27ead593a1dbdd1f6b4590f404,616064d1372d7f9f99c4603f0a51956a,delivered,2017-11-27 16:39:32,2017-11-29 17:30:51,2017-11-30 15:19:01,2017-12-12 18:44:50,2017-12-20 00:00:00
2cc92a4a1c8307a85983633c7e8c832f,117be93d150d3776c7c1762c972ec02f,delivered,2018-01-15 13:32:29,2018-01-16 03:34:36,2018-01-17 16:15:12,2018-01-31 21:48:14,2018-02-05 00:00:00
58435d6ff97216c2ca1eab87aba77dff,c91ba72845d597a3ff42d1d45c28d1b1,delivered,2018-07-13 10:16:54,2018-07-13 10:30:13,2018-07-16 14:02:00,2018-07-24 00:08:38,2018-08-14 00:00:00
2a53c58e80c62fc4215302f6fc4d3a4b,d6309d77be1f4211bef63bcf2bb1a10f,delivered,2018-06-22 20:17:53,2018-06-22 20:37:41,2018-06-25 11:02:00,2018-07-03 17:38:39,2018-07-24 00:00:00
5b30ad24f4e7ba20015ff2f3c2c30aa5,dee57da8651049f63370bb487fed6615,delivered,2017-11-08 23:00:54,2017-11-08 23:12:12,2017-11-10 18:07:44,2017-11-16 18:41:57,2017-11-29 00:00:00
1de9d329321f8409b42988e45098e13e,041c262f0425215f79dbd9ff70e9347f,delivered,2018-02-15 09:06:06,2018-02-15 09:27:43,2018-02-15 19:08:45,2018-02-23 19:13:36,2018-03-07 00:00:00
69cf676c0ee712f46af49c4b353f639a,60ef7ef7db1d379cfea450489691e884,delivered,2018-05-17 16:55:05,2018-05-18 00:55:34,2018-05-18 15:07:00,2018-05-21 18:16:36,2018-05-30 00:00:00
5ac35c7287e56c2444bcdc43f142c0e2,1338eb27e1ca6073259a6dbe2ec2dbcd,delivered,2017-11-25 00:24:40,2017-11-25 03:14:23,2017-11-27 21:05:08,2017-12-04 22:42:35,2017-12-18 00:00:00
c54d822dcfd0f7c672574a607c9403b3,9c55979e022c8dc16611eed6a1c61a97,delivered,2018-05-28 10:48:10,2018-05-28 11:13:41,2018-05-28 11:59:00,2018-06-05 01:22:47,2018-06-28 00:00:00
6e2c325b5837ea4f4f30dfbf27afbb4d,12025777799372620b9f7fa8e4426d1e,delivered,2018-01-17 08:21:49,2018-01-17 08:32:19,2018-01-22 23:52:49,2018-02-05 23:13:14,2018-02-23 00:00:00
575d1ab8d021ded6ab9bd7340d7b7b42,f7a1760cb5d8ea758cf8acc50942535e,delivered,2018-08-07 21:18:38,2018-08-07 21:30:47,2018-08-09 15:13:00,2018-08-13 21:08:20,2018-08-14 00:00:00
bc3551dbac6e56b70347f161a1c0e434,2b8a2569bb942d6448c531e427cc2193,delivered,2018-04-15 13:38:26,2018-04-15 13:51:16,2018-04-16 18:32:38,2018-04-19 18:16:48,2018-05-11 00:00:00
4cf60bd5860098be664ba92156f05393,4ce6643769113bdc9e222407b9f81c63,delivered,2017-12-04 18:01:31,2017-12-04 19:30:45,2017-12-07 00:43:10,2017-12-12 12:09:00,2017-12-29 00:00:00
6c936253ed9ab81f5293da5081ba8a9a,7bd91fc37caa0e8981ede1e43b09bb3b,delivered,2017-12-15 01:02:45,2017-12-19 09:35:33,2017-12-26 23:51:41,2018-01-08 19:16:54,2018-01-11 00:00:00
2e7b6fd2d14510c3828fa09dc0b9c082,35bc79a6752a082a4494248f3ef790f9,delivered,2018-01-08 18:50:44,2018-01-08 19:08:08,2018-01-16 01:51:51,2018-01-29 17:52:40,2018-02-09 00:00:00
ad75a75804c52a803e00d71216cf46b6,13ff24cdf0f2387256f8f193b6e1bdaf,delivered,2017-06-01 23:10:52,2017-06-03 02:10:20,2017-06-06 14:34:38,2017-06-13 13:14:54,2017-06-22 00:00:00
d2e6941d5f639394550cee8291b1ecef,8165ad99aa3f293fd8c487e18e8c1d68,delivered,2018-04-08 13:00:54,2018-04-10 03:55:37,2018-04-11 15:15:36,2018-04-16 22:04:08,2018-05-02 00:00:00
2c1c4a8d435d8080c8e01dae4d7a5af3,c8c4e5f83e41a1c32b287793785cf3f7,delivered,2017-08-03 22:43:12,2017-08-03 22:55:16,2017-08-09 07:22:00,2017-08-18 17:56:40,2017-09-04 00:00:00
558fa371b24282233214767214895e95,069540ac78a5bed2d5f836e7bf6b2c0b,delivered,2018-05-10 14:37:54,2018-05-10 14:57:01,2018-05-11 12:46:00,2018-05-18 23:42:30,2018-05-28 00:00:00
7c94a691cda1b50778849a3e52d45dfc,8b3b03fef783fb837ca0b86a72b2e202,delivered,2017-11-27 15:06:38,2017-11-27 15:19:13,2017-11-30 17:48:07,2017-12-26 22:57:37,2017-12-19 00:00:00
0cf51cb385fece307e53a5c7ec808896,27e2ceef372b20fbe0d5ba59a14a18ea,delivered,2017-08-10 03:15:47,2017-08-11 04:24:32,2017-08-11 18:57:54,2017-08-23 19:11:04,2017-09-05 00:00:00
43aacfeefda02bc2a69ce66910a2d4cf,67f5c51956b20d8572f8f24d897941ac,delivered,2018-04-13 08:10:55,2018-04-13 13:15:23,2018-04-13 22:12:00,2018-04-20 21:37:47,2018-05-04 00:00:00
b94f8c4cf21758ae29b895f3edc412d6,a6c49eaa9ed575df1a3476b20668ab3b,delivered,2018-01-02 16:06:06,2018-01-04 05:12:18,2018-01-08 11:53:10,2018-01-18 17:07:01,2018-01-30 00:00:00
c5e417f82763fcdbdef58ade220bf526,e94e099c269517826645689c2455f3ef,delivered,2017-11-24 14:59:30,2017-11-24 17:19:32,2017-12-01 22:21:37,2017-12-08 22:41:29,2017-12-22 00:00:00
21125c1038dbbf5d44ff98a121c79d4f,b46c283a16cf4f0b2533514b549c66f9,delivered,2018-04-13 12:30:56,2018-04-13 13:30:22,2018-04-13 22:22:57,2018-04-26 20:38:40,2018-05-08 00:00:00
63ef87838c81c2c4bdd5ce96b88e8aad,b09db5227bc901e39033c0dc59c6d661,delivered,2017-12-02 23:15:19,2017-12-02 23:45:55,2017-12-04 18:51:30,2017-12-12 18:43:35,2018-01-04 00:00:00
c00772d47f0092f6245f81d4fd328657,8b887c8011957810df7aac10a8019e02,delivered,2018-03-04 15:02:20,2018-03-04 15:30:45,2018-03-06 15:44:59,2018-03-15 20:38:32,2018-03-28 00:00:00
b0afae22d864d70e1af1d87a017c71d0,f489398e8dfad1028b7e94874dc9fa29,delivered,2018-03-06 01:05:27,2018-03-06 01:48:39,2018-03-08 16:11:55,2018-03-29 21:18:31,2018-04-03 00:00:00
9052568e67f195d6a8c6cd878d3eba7a,fd47a4d249984bb3ab537cffbb62a1d9,delivered,2017-10-09 22:21:16,2017-10-09 22:35:22,2017-10-11 17:43:11,2017-10-17 23:10:09,2017-11-01 00:00:00
2affd5996127141118380e30fdd8964a,5baeeac9513c0478f71f435889656e69,delivered,2017-12-12 12:00:29,2017-12-14 02:10:56,2017-12-15 17:48:53,2017-12-27 19:17:48,2018-01-16 00:00:00
0f1ad3e736d40f6157b993abb098f7f5,d39d8f36219f61231613b314a4212971,delivered,2018-04-09 14:51:48,2018-04-09 15:10:18,2018-04-10 19:34:18,2018-04-13 20:57:43,2018-05-07 00:00:00
1d771c735d9b9bb916e1dce8ef5c6c08,e5f1edf021dcc6c1eb3c135fb48f17d5,delivered,2018-07-25 12:58:46,2018-07-25 15:15:13,2018-07-27 10:34:00,2018-08-02 01:38:33,2018-08-17 00:00:00
dafb5cbb5a0e7ff890bd9f8db676b51b,9ccb1a83b45a82fde633de4af9fbd099,delivered,2018-02-27 17:32:19,2018-02-28 10:29:48,2018-02-28 22:09:11,2018-03-19 20:52:36,2018-03-23 00:00:00
bace36fac7a5dc678fe74da327ffb295,acb90fc3f8c6dea937542c6bbd92aaed,delivered,2017-12-04 21:10:09,2017-12-06 02:50:19,2017-12-06 16:13:55,2018-01-04 23:35:32,2018-01-02 00:00:00
a2f11c7013b28222f6c33526257ce2bf,54028447d41dddae4b150bdd29df1b8a,delivered,2018-07-20 15:30:49,2018-07-20 15:45:16,2018-07-23 11:21:00,2018-07-27 23:11:41,2018-08-07 00:00:00
a37623c5552b35a449842d70d3f0922a,f3378abf11c5e60a9d1a6aacd6504ae7,delivered,2017-11-25 01:52:13,2017-11-25 04:14:25,2017-11-30 00:29:54,2017-12-15 21:21:41,2017-12-21 00:00:00
a34db9935aad747acfecadbba0bf451f,d42ad001693a3239001399f3a61987a4,shipped,2018-01-05 15:30:15,2018-01-05 16:13:28,2018-01-09 15:44:04,,2018-02-06 00:00:00
daf2a6548710139ae39eec18beb70a17,3832b0345716cf35407858cc6a08ea17,delivered,2017-09-20 21:48:39,2017-09-20 22:04:44,2017-09-22 18:27:56,2017-09-25 14:50:02,2017-10-09 00:00:00
e19721a12bc1caeb2095db14d8d6fc4e,2c98452bdf306ac1a6055b52c9132067,delivered,2017-01-29 11:10:23,2017-01-29 12:32:32,2017-02-01 15:59:45,2017-02-14 16:53:43,2017-03-17 00:00:00
612122563fa653c20d2ee959472a96c9,69fefa069cdf2bb5dd1201c9bbe8172e,delivered,2017-10-14 11:09:55,2017-10-14 11:28:11,2017-10-16 22:22:27,2017-10-24 23:48:06,2017-11-07 00:00:00
6853ae5670c85a2bff0f46a53ab4c966,34ac286fd0dbab7de29fe00a6d6e2df0,delivered,2018-06-21 14:17:09,2018-06-21 14:37:35,2018-06-22 12:41:00,2018-06-29 20:14:36,2018-07-19 00:00:00
e169b880e5f68fbd4500941ac7107168,d003364cdc8beb1c87e73780d7fc9d13,delivered,2017-09-11 13:19:46,2017-09-11 13:37:57,2017-09-12 18:13:58,2017-09-26 20:38:09,2017-09-27 00:00:00
e375ee2412dcd70587fba05eb33d1f1e,5f26f263200a3e5d58f8dbbaac21cde2,delivered,2018-06-13 19:35:23,2018-06-13 19:59:26,2018-06-14 11:22:00,2018-06-29 02:03:13,2018-07-20 00:00:00
3d4369dcce579868d4629c19b96260c9,e98b6caaa9a23d78a283f65cec39e73f,delivered,2017-07-14 19:52:29,2017-07-14 20:05:21,2017-07-18 13:16:30,2017-07-26 19:16:47,2017-07-27 00:00:00
a1015a6d1a3f742c8de8c7a3d0356f86,fd8829011be77456f79d753bc9723257,delivered,2017-10-02 19:14:28,2017-10-04 03:04:11,2017-10-05 19:07:51,2017-10-22 17:22:54,2017-11-06 00:00:00
a7c778535820b8a189eafd6bd2fb3cf0,3f0caf7179c9f0b17ba16415f888b4f6,delivered,2018-03-26 11:10:30,2018-03-28 02:50:16,2018-03-28 20:03:13,2018-04-09 15:02:36,2018-04-16 00:00:00
13ca8b0d0c4f16e99ce917e1ffc06622,7614056b20ca8846312c5a3d9df2c7c4,delivered,2017-07-12 10:04:07,2017-07-14 02:24:31,2017-07-21 17:17:57,2017-07-31 18:35:47,2017-08-09 00:00:00
7f63edf3281cca532d74319ce66fdd6c,b9e87794761e14b51c94a8cc96a834e8,delivered,2018-05-01 20:06:17,2018-05-01 20:45:13,2018-05-03 13:19:00,2018-05-09 23:44:41,2018-06-04 00:00:00
6d4dd79bee1e2a93f09c9501c2ff87e7,08226425318d264796a7b7e32b9a1bf3,delivered,2017-11-24 12:47:44,2017-11-24 15:14:34,2017-11-29 23:12:16,2017-12-29 17:56:26,2017-12-14 00:00:00
41b939b480e02f40d24e6a2d5429f5c0,bbc107d4027ea5f2da6b11ae65c335cb,delivered,2018-02-13 10:27:00,2018-02-13 11:00:22,2018-02-14 19:54:57,2018-02-21 13:33:50,2018-03-07 00:00:00
1297e99de06a5ee4ea9c4b403fa8831b,5d5f4314bd3d8f1d64addd338404fa61,delivered,2017-02-07 19:44:09,2017-02-09 02:42:54,2017-02-09 12:24:57,2017-02-20 15:05:10,2017-03-15 00:00:00
e34b841641aa07f65aedb6b71194a2e2,6f7135b7c84d9b96feb393ee3052000e,delivered,2018-04-12 15:49:40,2018-04-12 16:09:28,2018-04-14 01:12:38,2018-04-19 14:28:54,2018-05-04 00:00:00
515aaa95a8dd7d681d27df00e71a311b,cfa1bf7979ca765e0012d58ddfeb6333,delivered,2017-11-28 11:37:28,2017-11-28 12:27:22,2017-12-07 09:54:38,2017-12-16 00:42:05,2017-12-21 00:00:00
1265cc7a9988226b4abf1885582ceade,81158f4b6c7e435523e87b28358dd55f,delivered,2018-08-06 17:01:24,2018-08-06 17:30:17,2018-08-10 12:34:00,2018-08-13 15:47:40,2018-08-13 00:00:00
d54ad227d3a2a78d0be3e553d1512c63,69a0653c8d8642a01a4b09a155c1d3d0,delivered,2018-05-22 20:09:41,2018-05-22 21:18:36,2018-05-23 14:11:00,2018-06-07 17:56:25,2018-06-22 00:00:00
0f75a37d009ad9d4a48e51e7cd1dff46,f721a744762d4dd9f24a20ebc548dfbf,delivered,2018-07-02 20:28:05,2018-07-02 20:50:25,2018-07-03 13:19:00,2018-07-09 11:55:37,2018-07-26 00:00:00
f9c47932f5342ee9c86d3492bc4e50f5,f611df88d00e8e4af77ac41a1b22e4ae,delivered,2017-12-06 07:57:14,2017-12-08 02:36:41,2017-12-19 22:28:32,2018-01-19 15:57:53,2018-01-04 00:00:00
c202b43b446af71cf281f8d5e0bab42e,6bece35cd8a5c807a7046aa864977e83,delivered,2017-10-07 11:23:17,2017-10-10 06:34:15,2017-10-11 19:44:01,2017-10-18 20:39:58,2017-11-07 00:00:00
f5ef1b1dc8aed14279eeb0f4b745d887,8d17dadd38588a5614269486646477dd,delivered,2018-01-19 16:14:35,2018-01-19 17:26:08,2018-01-22 17:19:52,2018-01-31 22:09:43,2018-02-19 00:00:00
99835a9f07d63f83120175303229a57e,5efdf84ed5c48021ba94801310a6514a,delivered,2018-08-08 23:05:02,2018-08-10 03:24:39,2018-08-13 15:11:00,2018-08-15 04:08:39,2018-08-21 00:00:00
f37f4d49c3bec3fe208ac7f86a58a97d,81d496ec70b5cbfdd088b86d39d9f078,delivered,2017-11-26 23:02:08,2017-11-26 23:14:27,2017-11-28 00:18:53,2017-12-15 21:55:23,2017-12-22 00:00:00
2a7f6f7d1d01dcffbddff5e6e3ad791f,fb9bfdd81da81e42e604a4be97092130,delivered,2018-03-18 14:44:29,2018-03-18 15:07:59,2018-03-20 19:25:32,2018-04-09 18:03:17,2018-04-17 00:00:00
2a02dbd2e676fcfb7ee4d2bffdc4b378,92e886206d327b4998f959511fa1c392,delivered,2018-04-05 11:10:17,2018-04-05 11:28:08,2018-04-07 01:10:59,2018-04-17 15:57:27,2018-05-02 00:00:00
07b683def65270f286578e5208c5adc0,42e4121e8de37d7ce019530aadae9f3d,delivered,2018-05-11 21:06:40,2018-05-11 21:15:14,2018-05-14 13:56:00,2018-05-17 22:34:49,2018-05-23 00:00:00
7dcd8e1e0e64211c270809e7ed46a766,c244b3b62032ca664b49ee1c7e696b84,delivered,2017-10-15 22:39:25,2017-10-15 22:56:15,2017-10-19 18:55:33,2017-10-30 21:26:50,2017-11-09 00:00:00
05a6f444527fc90e28da6088b1707b20,0539a1d77e38f808299c0f1f44280ab7,delivered,2018-08-03 12:20:34,2018-08-03 12:35:14,2018-08-14 07:02:00,2018-08-20 16:09:05,2018-08-23 00:00:00
266a128ffe5eacefb46101fc59cc1303,b530602df3f48aef3e77fbd04fb331a0,delivered,2017-08-11 18:13:45,2017-08-12 02:51:04,2017-08-17 19:30:08,2017-08-24 17:36:48,2017-09-04 00:00:00
dc96fd43377b13532b1d09c7321fb5cb,d5a05105ca56c78f891ac602bc7d7f07,delivered,2017-08-04 08:53:39,2017-08-05 02:55:41,2017-08-07 20:13:38,2017-08-08 18:20:10,2017-08-17 00:00:00
148f8d19f8fe2f191e43e9289ee17d70,98430909496d03e7612968ffa53ac27c,delivered,2017-06-19 09:55:06,2017-06-20 10:30:25,2017-06-20 13:48:47,2017-06-23 10:57:44,2017-07-07 00:00:00
19ed81a2cfda88a47b2d66b801fc22e8,228c59498b2c59fbb8da02a05fa8d24a,delivered,2017-11-24 23:36:43,2017-11-28 03:46:31,2017-11-29 19:32:31,2017-12-11 15:10:31,2017-12-28 00:00:00
05200ccb21bae81c6c32914d7c3bb778,749cd3ddb1d89cb71726ab0bee1013fb,delivered,2017-12-17 15:34:23,2017-12-19 14:32:27,2017-12-20 21:25:54,2017-12-22 22:39:58,2018-01-12 00:00:00
e5467d4750f397c79149b122be02fb1e,b54a3497f7d74ec5e0ba9e086a06260b,delivered,2017-06-15 19:25:50,2017-06-15 19:35:34,2017-06-20 10:32:09,2017-06-30 16:07:37,2017-07-12 00:00:00
93c781a8790c89bac596f6ff7d924c73,a23d6020f4bb2913acca5668e20c1e8b,delivered,2018-07-03 09:52:19,2018-07-05 16:31:10,2018-07-04 11:06:00,2018-07-10 20:11:08,2018-07-30 00:00:00
1b147191d6c1f8ce8f2cf5d52f3e9c49,84f4d00f0e0abcb7c517b950857b4728,delivered,2017-06-20 10:53:15,2017-06-21 06:35:12,2017-06-27 16:32:41,2017-07-27 16:08:40,2017-07-18 00:00:00
8bc81ec47c8188753c5c4170dff3e36f,9c17b4e52f51c650577d07f55b93f91a,delivered,2018-03-27 20:37:07,2018-03-27 20:47:17,2018-03-28 20:52:51,2018-04-07 01:03:58,2018-04-13 00:00:00
39b8dcf4238242e14fdd2b3f8b9517a3,5470981043d0ae32fa50b3ae035f3569,delivered,2018-07-26 08:56:12,2018-07-26 09:15:12,2018-07-27 19:43:00,2018-07-30 17:42:00,2018-08-03 00:00:00
220e48b13b356b314da2cbc5f1dbfccf,7cbed7bf515e961b7f7dab842f9c1627,delivered,2018-01-14 20:01:54,2018-01-16 03:35:39,2018-01-17 14:53:08,2018-01-24 23:23:07,2018-02-09 00:00:00
ffe8851012fcdaf83de7b595fd5154b3,decaeb61687071ee0fb5a7863b398032,delivered,2018-02-11 18:48:28,2018-02-11 19:07:46,2018-02-14 21:24:10,2018-02-27 02:13:48,2018-03-09 00:00:00
b8123985fb1ec3e10334d5a94e077c10,08a78c4efe1c16dd148de52f13905aca,delivered,2018-03-08 22:15:07,2018-03-08 23:38:35,2018-03-09 18:18:44,2018-03-23 17:41:57,2018-04-03 00:00:00
f90b95dfcaa71f50e751857095d0cea0,fb6b9551c464929e23f2b8061f5ca7e6,delivered,2017-11-17 10:23:57,2017-11-17 10:51:02,2017-11-20 14:28:57,2017-11-27 22:41:47,2017-12-11 00:00:00
39db15b857037f94db98481f8031d488,f53047edac47a0bc04d84fb773292701,delivered,2018-01-29 09:20:33,2018-01-29 09:58:33,2018-02-01 00:19:42,2018-02-07 21:08:21,2018-02-21 00:00:00
8c7ece8da5896cd96a7b9a10a7c96082,9f39b6862ac5f5265331ac7a25f296bc,delivered,2017-07-13 22:45:36,2017-07-13 22:55:20,2017-07-14 20:21:23,2017-07-25 22:14:31,2017-08-02 00:00:00
baecab6aa46c7e85eef3615a18859e23,2e360b57e1114f727efafd74b37816f4,delivered,2018-04-09 22:19:56,2018-04-10 07:35:28,2018-04-10 19:51:02,2018-04-17 19:34:41,2018-05-07 00:00:00
7428195653ad7e05d37c801977ea152b,250a79044424d2bec1392a050b14c109,delivered,2018-03-05 15:07:36,2018-03-05 16:15:48,2018-03-07 19:43:11,2018-03-27 22:03:56,2018-03-22 00:00:00
588744e58324f97535572e7444a87001,e4bdb95a9e32a17f0ca8a022a9c4c426,delivered,2017-10-12 21:47:12,2017-10-12 22:11:03,2017-10-17 16:42:20,2017-10-18 22:32:10,2017-10-30 00:00:00
224a802cf146cefcba3907e02acce34e,82239de58e13a902a1dd2ac7ceccddf8,delivered,2017-07-22 05:51:41,2017-07-22 06:05:22,2017-07-26 11:09:42,2017-07-27 12:48:40,2017-08-11 00:00:00
ec3d016217751432b67659200ab0da7d,4c0af8aa7452a733517e695e7979b8ec,delivered,2018-01-29 11:48:34,2018-01-30 05:31:34,2018-02-02 00:33:01,2018-02-09 17:59:53,2018-03-12 00:00:00
33964439e94ceb7523367db344eb3dba,9ce39eb0e924347c9cdbb0ca184886a9,delivered,2018-03-11 16:48:30,2018-03-11 17:10:31,2018-03-14 12:06:58,2018-03-20 20:51:48,2018-04-10 00:00:00
3ef98a7dfdde28d2929c12fc089811b2,bf4e90bc274cf6d318ec55a1e6e12317,delivered,2018-01-20 19:00:52,2018-01-20 19:20:37,2018-01-24 21:41:23,2018-01-26 16:05:16,2018-02-06 00:00:00
ee566492cc1da11a68b09dae37eb73ce,347d4275f796c983a8a4088b06572f98,delivered,2018-04-13 05:38:45,2018-04-13 13:15:26,2018-04-16 18:26:45,2018-04-23 17:06:23,2018-05-16 00:00:00
991703c45ec0cba840f6623e6912b2ce,e2118da5dede84095fa3d95920c68836,delivered,2018-06-30 09:36:04,2018-06-30 10:15:09,2018-07-02 14:35:00,2018-07-31 15:57:49,2018-08-03 00:00:00
5dd475df54a16b721167533c01080103,e3bb1927f5b7938af5e80c2d5af36ca8,delivered,2017-08-02 17:12:27,2017-08-02 17:35:22,2017-08-03 19:37:35,2017-08-11 15:03:12,2017-08-22 00:00:00
8745becbbbd36c57276dc93fed8bbe1c,e9987c23dd2a5898f664c89329981d77,delivered,2018-02-12 14:14:43,2018-02-12 15:00:26,2018-02-14 20:07:04,2018-02-16 10:22:35,2018-03-01 00:00:00
dcc391b80d70c66575fd8864b3ac56c3,7b94d40f0c7081bad6479daa01ef73f6,delivered,2018-08-23 17:02:12,2018-08-24 03:24:26,2018-08-24 14:51:00,2018-08-27 20:38:28,2018-08-30 00:00:00
112fa58c8aaa3064d45fca374120fd7e,47c04e171bb34f9c39b130197c06a2d2,delivered,2018-06-09 13:26:20,2018-06-09 13:51:26,2018-06-11 14:31:00,2018-06-18 18:34:59,2018-07-26 00:00:00
1b0bc086985717610dbca11d3324771c,fbeb150ba4aab5ae80d426ce53e71fa4,delivered,2017-10-22 14:12:23,2017-10-22 14:21:18,2017-10-23 15:33:06,2017-10-25 20:00:10,2017-11-10 00:00:00
27d7ae4ad298e3686566ac8e9ff928e5,47ae8245cfea34ac0c57a04fb956a80a,delivered,2017-08-24 13:41:22,2017-08-24 13:50:17,2017-09-13 21:39:46,2017-09-29 17:48:31,2017-10-03 00:00:00
a5705c0ba22fcdfeeeaf4b2ae485b791,dfb6e825e171551578e57036f73f2190,delivered,2017-05-07 12:42:56,2017-05-07 13:10:36,2017-05-09 07:33:14,2017-05-19 10:07:41,2017-06-01 00:00:00
1121eace8f44a76b9fea9b1d67d87aef,cb1464f824efabfa180464dce2bef689,delivered,2018-08-21 14:57:19,2018-08-21 15:10:32,2018-08-22 13:13:00,2018-08-24 20:56:03,2018-08-28 00:00:00
acbaf2e843c77c9749c79030163c8b81,82c4ae9f59304faecc7ea3ef42b253f4,delivered,2018-03-02 17:47:38,2018-03-03 14:10:37,2018-03-07 20:59:09,2018-04-17 20:08:43,2018-03-22 00:00:00
5a962ab275ff0511438ef6b791d5d31b,f0c86121ca6c4e73fcb22877d2a0d35a,delivered,2017-10-22 11:20:45,2017-10-22 11:35:18,2017-10-24 18:37:38,2017-11-01 16:38:47,2017-11-29 00:00:00
7f8345ecf528aa9b47423c9cc5ab3986,e7be4b005fa54d1d294039b73a6f2ba2,delivered,2017-07-23 17:37:35,2017-07-23 17:45:13,2017-08-03 21:11:00,2017-08-04 19:09:39,2017-08-15 00:00:00
d794ed99dd97ec2131fc626c62291b38,f29f8abedce2ea9f5a357b0f33082e4e,delivered,2017-05-30 14:31:52,2017-05-31 14:42:46,2017-06-01 10:50:04,2017-06-13 12:30:14,2017-06-26 00:00:00
6b4691b98b476dcd37e1dbade28ab62c,9d5624c559f9227e5c189106774bb567,delivered,2018-05-02 11:22:31,2018-05-02 11:35:19,2018-05-04 11:25:00,2018-05-07 21:04:08,2018-05-17 00:00:00
fce3aaaad786e05cb7386b9274f5aa17,63b6d17991185fced5b5dc0dcab5b739,delivered,2018-06-08 00:58:37,2018-06-08 01:13:20,2018-06-11 12:17:00,2018-06-14 20:42:52,2018-07-04 00:00:00
59e965eb9a8f7f341a003466fbe14229,8713f2c76cceb801594317bc39ef35bd,delivered,2017-12-28 20:17:58,2017-12-28 20:29:25,2018-01-02 20:32:15,2018-01-11 15:14:16,2018-01-23 00:00:00
e893f8f38397c526df32b5b1add8fda5,8d12ec295bad10a8a19b8f63ba002bb1,delivered,2018-05-08 20:19:02,2018-05-08 20:54:58,2018-05-09 16:21:00,2018-05-16 13:28:39,2018-05-25 00:00:00
d0d4207173277bb279959dc8b2c35b2f,a45d045d2c2dc711b783689a3815b34f,delivered,2017-10-16 21:27:35,2017-10-16 21:49:51,2017-10-17 18:39:51,2017-10-20 19:45:18,2017-11-01 00:00:00
1ffb3c1929b16d9c1aec1958e11b3e9b,15e65458c1de2332a93656f2272c808e,delivered,2018-06-30 13:37:47,2018-07-05 16:27:01,2018-07-03 14:13:00,2018-07-09 20:41:43,2018-07-25 00:00:00
ae27a50cb9ab15aabfe66ad3b4020a91,c770815b9523cc958ee5ba09819fcbc0,delivered,2017-02-21 21:19:19,2017-02-23 02:45:30,2017-02-23 18:07:02,2017-03-03 10:16:15,2017-03-22 00:00:00
f2d63838fe6815651b76e2152f1a02ee,7e37c4691de2262c9faaa4096d2d8c5a,delivered,2017-11-12 12:03:33,2017-11-14 04:10:21,2017-11-14 23:03:23,2017-11-20 20:24:39,2017-12-04 00:00:00
80850824446cd379f755548b967c61b9,16da76d46d02d0123e095f79ee3532ad,delivered,2017-09-18 15:56:23,2017-09-19 04:04:01,2017-09-19 17:17:46,2017-09-21 16:45:51,2017-09-28 00:00:00
ef53ed0382d7f4a3ce54b8e4a0ba7143,4593fdf052a39ca08a8102843c136840,delivered,2017-05-17 14:33:51,2017-05-19 02:24:20,2017-05-19 12:06:08,2017-05-24 10:44:53,2017-06-07 00:00:00
8435644661a27a84e873e6382328468f,d0fe702369bd948993145ebd7feb8d83,delivered,2018-01-20 20:26:40,2018-01-20 20:41:07,2018-01-22 22:52:44,2018-01-28 11:44:29,2018-04-02 00:00:00
72350c18f769b53bf1ae2519359092e5,652bebc636b04ff76896479e77c7ec18,delivered,2018-07-16 22:35:02,2018-07-16 22:45:14,2018-07-17 13:56:00,2018-07-25 19:19:36,2018-08-07 00:00:00
664ccdc7ecf83eace639850f9f6d6d6a,d65ebc2c999988c9cc3064c01b4fb4de,delivered,2017-04-07 19:21:43,2017-04-07 19:35:10,2017-04-10 12:42:00,2017-04-12 16:47:42,2017-04-28 00:00:00
a573cb4336fd3982959f7ddd2ec8724b,838eac29ae41a93183c71d6acf722bc1,delivered,2018-02-25 21:03:03,2018-02-25 21:15:25,2018-02-28 19:25:12,2018-03-07 23:56:35,2018-03-19 00:00:00
cf55d16f64505cb0732aeb401f30b591,5696f122abe18d1161913125dadd6fe2,delivered,2017-07-26 09:59:26,2017-07-26 10:10:17,2017-07-28 19:02:59,2017-08-07 21:03:45,2017-08-23 00:00:00
9b04a2f1de8fce6edf0761c34dd825c7,e7923ce10d3bca0edcec4e3f20723fcb,delivered,2018-02-21 20:11:39,2018-02-21 20:28:34,2018-02-23 21:12:36,2018-03-07 23:48:59,2018-03-15 00:00:00
3c861124656eab16c456bc59cf05a0da,3dbc334ec47672ba4d0a7231e5c217b5,delivered,2018-08-16 19:54:11,2018-08-16 20:09:36,2018-08-17 17:11:00,2018-08-20 17:03:34,2018-09-14 00:00:00
d4e47f54a1b18883138da71a1f9d5855,d6184e6a56d0baf7b891bee8f43c5066,delivered,2018-02-07 21:50:03,2018-02-08 07:35:44,2018-02-08 18:42:42,2018-02-16 13:55:02,2018-03-05 00:00:00
5037eaa70390c5b3b4073d0aaac80c15,aa24b652d2ac301e4370aaf58869ae38,delivered,2018-06-08 17:18:08,2018-06-08 20:32:12,2018-06-13 14:53:00,2018-06-25 20:21:31,2018-06-28 00:00:00
c37e8a90411ad06bb2624d9a478de279,464f37f47dbc98222cf250140a6cdc11,delivered,2018-02-10 14:13:17,2018-02-10 14:27:41,2018-02-14 11:42:59,2018-03-05 18:33:15,2018-03-09 00:00:00
8733317e2e5debfd2f5d513f545ba3b0,ab15b42d1e768457521c97019caa9918,delivered,2018-08-01 23:27:57,2018-08-01 23:45:08,2018-08-02 12:35:00,2018-08-06 15:46:45,2018-08-16 00:00:00
b879d0ee2d4d508e13888fbc78ef8694,60e397eb2327299e7e71c56e305cf7e3,delivered,2018-06-17 17:28:29,2018-06-17 17:53:32,2018-06-18 18:57:00,2018-06-21 21:42:19,2018-07-05 00:00:00
743cc56ca44d32e3e125c74c98044997,ac4803ab1d19fb7799da3fb6f333d4c7,delivered,2017-01-11 00:13:51,2017-01-11 00:25:47,2017-01-12 11:51:05,2017-01-17 13:03:03,2017-02-21 00:00:00
016f868b096c236312e8bcb818ccd11d,1dd56893d8735089534b232e039b831c,delivered,2018-01-27 19:24:57,2018-01-27 19:33:22,2018-01-29 17:51:39,2018-02-01 21:50:59,2018-02-14 00:00:00
96e080e0b5e48d6beb4a7faeb056f5ac,2f7928483e82e3e5c79c091d974985d5,delivered,2018-06-18 22:57:51,2018-06-18 23:16:40,2018-06-20 14:42:00,2018-06-25 19:06:12,2018-07-12 00:00:00
6be743a80035d24c59907106942ee7f5,aecedf23e6fcbb6daf4dfd741ab51f2e,delivered,2017-11-25 17:52:30,2017-11-25 18:12:31,2017-11-30 20:51:20,2018-01-11 19:45:54,2017-12-18 00:00:00
2fa04cf2e7effc77c6c4355cd4401bcc,f621630ee96392cbf8826fe3e6f381a4,delivered,2018-03-20 16:42:07,2018-03-21 16:35:30,2018-03-22 20:49:44,2018-04-05 17:18:38,2018-04-12 00:00:00
afb0a9ca2d10fcfae200f36535c3f94a,4181340c6436c39fa866cba891f8e7a6,delivered,2018-04-08 21:55:51,2018-04-08 22:10:13,2018-04-09 22:32:35,2018-04-13 00:17:47,2018-04-25 00:00:00
61665389f0cccf5ec8135e3b05efc714,ffd14a431366fce43a5e77826b9f2ffa,delivered,2017-11-25 18:11:13,2017-11-28 03:31:16,2017-12-05 20:13:49,2017-12-11 22:16:51,2017-12-19 00:00:00
92a410c4261cd2c3a4d1a865ef3ba431,45ea79a029209282acc846917f494b27,delivered,2018-02-18 13:36:57,2018-02-18 14:35:34,2018-02-21 00:27:17,2018-02-27 01:22:30,2018-03-09 00:00:00
17e8b55480433d174982a3eea0454a8b,628050a7e00a84944c5f80747d9e05ab,delivered,2018-02-18 15:12:43,2018-02-19 10:07:49,2018-02-20 21:12:32,2018-02-26 23:26:52,2018-03-09 00:00:00
ca2cb714eb2ebdd28590f2ce998c2043,6a84d4ea5f6214063dea34e32a6bd3a2,delivered,2018-05-15 07:18:59,2018-05-15 07:55:11,2018-05-15 14:12:00,2018-05-16 16:51:33,2018-05-25 00:00:00
c93b7187ba63d7094c9ca0ad7c094f0c,ed23404f53a6f7754c6d8e51539eff7f,delivered,2018-02-24 09:31:44,2018-02-27 03:31:09,2018-02-28 18:26:04,2018-03-07 16:30:46,2018-03-23 00:00:00
49c3293b870ffc5fcd1f11ca77eb841f,a0984e8d6bd840b4a63a18fb2be49008,delivered,2017-05-06 09:26:55,2017-05-06 09:42:06,2017-05-09 13:13:26,2017-05-15 14:58:16,2017-05-31 00:00:00
0bb9b595a2eb418ccff2dc89ff7cc58f,5e02b87345f6fe10a41606943f568ded,delivered,2018-03-02 11:06:45,2018-03-03 11:08:49,2018-03-06 00:36:45,2018-03-09 14:40:28,2018-03-14 00:00:00
d82f458128cce1940c20471a5664179d,3805b1ce76c57fdfe5753f197c762200,delivered,2018-07-18 20:36:28,2018-07-18 21:02:24,2018-07-19 19:26:00,2018-07-20 23:06:49,2018-07-26 00:00:00
7bea83629cbad77571dcccb181fc2a6f,ebd6d28907731a8fec0f1c594c8bfc3b,delivered,2018-02-11 11:49:10,2018-02-11 12:09:01,2018-02-16 23:08:01,2018-02-26 19:37:15,2018-03-26 00:00:00
4497ba9d409157ae7bc8aaf8fd113307,a3b7f155a78c8d463ba072cb1a11a3ed,delivered,2018-08-07 20:19:43,2018-08-07 20:35:14,2018-08-08 13:33:00,2018-08-13 18:51:49,2018-08-14 00:00:00
e8aae0a8c069453ead56360bfdf31d76,887ee2fb1f315de3bae3937191851612,delivered,2018-02-23 10:21:19,2018-02-23 10:35:50,2018-02-26 21:25:19,2018-04-20 23:03:39,2018-03-23 00:00:00
2567acdbfc6fa8d47fce09510677b955,7aa727f0ae96b4d38965f1688af0a10d,delivered,2018-03-02 14:15:34,2018-03-02 14:29:57,2018-03-06 22:28:54,2018-04-07 17:30:49,2018-03-26 00:00:00
29387d1a6575cfba53d5b7ec40c4a338,30ef3c7edfd9e0291574de45b6d59021,delivered,2017-08-15 11:30:23,2017-08-17 02:50:17,2017-08-17 16:40:38,2017-08-29 20:53:50,2017-09-06 00:00:00
dff8b1ccb6e61a785f9fad1cd48df4af,5b4dd015f14d47ede684c5cd40c338b2,delivered,2017-11-11 16:13:40,2017-11-11 16:30:50,2017-11-21 18:54:44,2017-11-29 16:18:55,2017-12-07 00:00:00
80d83b7a6c9a79612f4957850ec91be4,af589f330821cdeba520d83f6db139da,shipped,2018-03-09 16:54:10,2018-03-09 17:11:01,2018-03-13 20:51:56,,2018-04-19 00:00:00
6f6471df0c58534cf3912656d77d46dd,3309389d570651c38b9de3c4df4e667c,delivered,2018-06-17 10:36:37,2018-06-17 11:01:06,2018-06-18 14:18:00,2018-06-22 22:57:31,2018-07-12 00:00:00
a3c0d5a734ba53e42a0ec23ff32b2e99,0c65e9ad8407c5104f5a8b48dd3d737a,delivered,2018-04-09 15:36:43,2018-04-09 15:51:15,2018-04-10 22:11:43,2018-05-12 00:28:43,2018-05-07 00:00:00
36a9a3f459c7b3416f1caddf4d238f03,53b5ae38193aa5f2df276a47fe5a044b,delivered,2018-04-05 22:48:17,2018-04-05 23:08:49,2018-04-06 23:57:35,2018-04-24 22:36:51,2018-05-02 00:00:00
8493710d4f0b7559f92171df102ea693,3376235680921bde7c149c5793c6124f,delivered,2018-08-10 15:21:47,2018-08-10 15:30:25,2018-08-13 14:24:00,2018-08-16 16:18:49,2018-08-29 00:00:00
b2f9e7490c9752bd0a3d8433208a5b50,43b6ba59314156204be0e74d2bdeec84,delivered,2018-02-22 23:51:23,2018-02-23 00:40:24,2018-02-23 23:09:37,2018-03-15 21:42:24,2018-03-15 00:00:00
586079f2888accc928fd49fed7e8243f,67ad8b9b8544c5ef14502d44df099430,delivered,2018-02-12 14:55:30,2018-02-12 15:07:59,2018-02-16 05:37:26,2018-02-16 21:32:33,2018-03-02 00:00:00
42560dfc8d7863a190293678f01f6bbd,0f3a81be69f12da7e2979fd1833e923d,delivered,2017-10-22 01:39:47,2017-10-22 01:49:12,2017-10-23 14:07:54,2017-10-24 17:09:24,2017-11-06 00:00:00
ecc81531d82fb15b1c8fe8bb6ddfb02b,2d9e2413671ad73707ac2f425871eb3f,delivered,2018-03-21 10:15:05,2018-03-21 10:28:32,2018-03-22 19:52:50,2018-04-04 15:47:45,2018-04-17 00:00:00
a00afe395584af6a6a6fcddd256c8c7f,0e9a2b2a97e3ff16020d7c166ef1c0db,delivered,2018-01-06 23:28:20,2018-01-06 23:37:25,2018-01-10 17:00:36,2018-01-11 18:28:55,2018-01-26 00:00:00
cf9d814ad8673ebdaec52528c1f7a7ca,6478395c7e1bcbf3c7ee65a18ddcbbc0,delivered,2018-01-10 19:28:54,2018-01-10 19:48:21,2018-01-15 15:14:19,2018-01-29 14:13:14,2018-02-06 00:00:00
3af3547c5f6433e64110be073e271fe5,7bbb405be147711ade88df14d7318dcf,delivered,2017-06-16 14:48:06,2017-06-16 15:43:29,2017-06-16 16:46:06,2017-06-27 18:13:28,2017-07-10 00:00:00
1fd6c29ecb9dd8b65359f54c969105d3,a3c2feb8dfaf13b0cba5dae5b6cadb38,delivered,2017-05-22 12:15:02,2017-05-22 13:06:16,2017-05-23 14:27:16,2017-05-24 08:13:48,2017-06-02 00:00:00
b715538d616fd676c472be1a3a10d05c,e1b6f3e6ab3c7616f2e5d2531e192747,delivered,2018-01-05 11:50:44,2018-01-06 02:08:00,2018-01-10 00:46:58,2018-01-20 00:23:21,2018-02-07 00:00:00
8bc3152ee315178b8a67ad565033f9c4,930bad6ba843cfae6c6f9ec4d673f276,delivered,2017-11-03 14:25:13,2017-11-04 05:15:24,2017-11-07 16:57:10,2017-11-23 20:32:32,2017-11-24 00:00:00
dea797c7c316b451316f16073995a03e,84ac9077d6f033eefa1fdcfc5550b586,delivered,2017-12-01 17:33:04,2017-12-03 17:34:25,2017-12-05 00:32:36,2018-01-04 20:17:34,2018-01-05 00:00:00
6f8f0e3ba6fb99d979b8db8728b6a385,b598787044dad3948915e892ae113022,delivered,2017-06-29 19:19:48,2017-06-30 03:10:22,2017-06-30 13:47:51,2017-07-24 14:22:52,2017-07-19 00:00:00
a65123674e1b3ffde2fff9af8c009f30,4f5e4ae2ccce7e66aeeae545bf12fd41,delivered,2018-01-07 21:45:04,2018-01-07 21:57:23,2018-01-09 22:44:45,2018-01-30 20:51:42,2018-02-07 00:00:00
8d9c47d02bd99ae8d7dd151ededa9281,e3c7e245a96d7fa339fe6c16f8da4e90,delivered,2017-10-15 17:12:19,2017-10-15 17:56:24,2017-10-17 21:05:06,2017-10-23 22:04:54,2017-11-01 00:00:00
b436eb981676e54c0bc9bcade0e079c4,9f0b591bc0110c16bb95fdcb47878544,delivered,2018-08-06 09:29:23,2018-08-06 09:50:21,2018-08-06 16:16:00,2018-08-09 18:08:29,2018-08-29 00:00:00
bc11204edaf5b5bc0e1dc6cf8a44e400,5b37b9c7a01fb7203b3fa19364ebd350,delivered,2017-09-28 19:48:39,2017-09-28 20:05:23,2017-09-29 10:53:28,2017-10-09 19:59:06,2017-10-23 00:00:00
a95424d8e778a0353400a1215b82210d,516a27a4dc653cd1b3a7ffce1adf93c1,delivered,2017-09-20 21:05:01,2017-09-22 00:34:09,2017-09-22 18:50:05,2017-10-05 19:47:42,2017-10-20 00:00:00
5e863f29e65de81c292dea95ec7782f2,f98f9e7fb7ce031373a8f438d3c40a7d,delivered,2017-08-29 09:05:24,2017-08-29 09:15:11,2017-08-30 19:42:51,2017-09-11 21:22:45,2017-09-28 00:00:00
f0bd83bfb957e7a5536e388fd49f85da,037a833a583b557bd93ce21c263c265c,delivered,2017-10-27 17:53:58,2017-10-27 18:05:52,2017-10-30 16:11:52,2017-11-03 20:13:41,2017-11-09 00:00:00
d383788a5c4be0b02e2ea3ae682de7d8,ac3fbd5c32d374ded966a98ad7ed07e6,delivered,2018-01-25 15:39:56,2018-01-26 03:17:29,2018-01-30 14:42:25,2018-02-03 13:58:42,2018-02-09 00:00:00
596b168ac4fd56e69b35087afaa8ae59,926cdee969671f2f6453b01ad04c5067,delivered,2018-06-01 15:51:55,2018-06-01 16:11:43,2018-06-04 14:14:00,2018-06-12 21:04:27,2018-07-05 00:00:00
c04beb0786efb4f86b8222cd3d3d84fd,92ae0c9a35caff18cdc09aaea576ec91,delivered,2017-11-28 09:34:19,2017-11-28 09:58:22,2017-11-28 17:29:06,2017-12-06 12:52:02,2017-12-21 00:00:00
5ebde480e2defdfbc67474e5a8fb8520,75d185d54b0d5071d2d87b078bdf3dbf,delivered,2017-08-13 22:56:58,2017-08-13 23:10:23,2017-08-15 17:36:08,2017-08-21 19:28:11,2017-09-01 00:00:00
76a34d13a444dc9e514d59482291ba07,ac5fce3f511bfbc2099eeed240a1194d,delivered,2017-12-15 18:51:54,2017-12-15 19:21:37,2017-12-19 19:30:10,2017-12-22 18:44:47,2018-01-15 00:00:00
73b8060641cefc66b17b6c97f5901a96,9cc6240f66fc4d57f431a5f7820635db,delivered,2018-01-02 21:30:21,2018-01-04 05:16:57,2018-01-09 20:39:04,2018-01-11 18:53:21,2018-01-18 00:00:00
1201a29eba6a0210ac935c2e926f58ae,b7e7f7b5b4f8ec4f9b31f8578b02c226,delivered,2018-02-09 17:37:51,2018-02-15 03:51:35,2018-02-15 19:28:34,2018-02-26 15:18:49,2018-03-08 00:00:00
7edc3ed94401904fd169923dd2ba3ecb,9733f3332e2c91eb2270b54c9bbf7685,delivered,2018-02-14 20:22:15,2018-02-14 20:30:37,2018-02-16 01:35:22,2018-02-20 19:52:15,2018-03-08 00:00:00
b48cb919226eab68275c008f1c5057b8,f8396c2772c6c3ce84355de60ecc3b06,delivered,2018-03-10 20:20:28,2018-03-10 20:30:30,2018-03-13 22:03:45,2018-03-24 14:18:18,2018-04-13 00:00:00
e32090de3a5936c84fa211a2b22342ad,297f627663a7f77e536fbbccbd449596,delivered,2017-09-03 22:31:16,2017-09-05 04:10:39,2017-09-05 18:43:04,2017-09-17 16:06:22,2017-09-28 00:00:00
68bdbd5c98c370cdfd33a08a591fb660,b115955f333cd97a8f4ca448caf47e45,delivered,2017-09-05 12:26:30,2017-09-05 12:43:37,2017-09-12 01:04:47,2017-09-20 23:07:41,2017-09-25 00:00:00
18424f62e6457228cde82092ec2252df,2264bfe104fae1c05829148aabac2f81,delivered,2017-09-13 00:46:59,2017-09-13 01:04:05,2017-09-13 21:35:08,2017-09-14 18:32:29,2017-09-25 00:00:00
55ecd90110224e06df49c5cd8a6d3901,33fc37ecfda5df3cfaea8cb17c634e06,delivered,2017-02-22 09:19:58,2017-02-22 09:31:32,2017-02-22 10:36:49,2017-03-01 08:27:48,2017-03-23 00:00:00
6275954c6646fe2a6fcc3b1f7771de04,724dd97cb4813b4be4c1599f6baf15ca,delivered,2017-11-24 15:10:38,2017-11-24 17:37:49,2017-11-28 21:15:22,2017-12-18 19:34:14,2017-12-15 00:00:00
27feef8b6702f1d6ccdffd697e7f4334,5a5ba707171db1cfa955d1cafe4a347c,delivered,2017-10-04 12:49:02,2017-10-04 13:03:35,2017-10-06 13:05:10,2017-10-10 22:42:13,2017-10-23 00:00:00
b022357c03da2d91ba22d886af2c83a5,c1a69ca2899b3cc961dabdbcaeaecdab,delivered,2017-09-26 23:19:50,2017-09-28 03:36:04,2017-09-29 19:55:47,2017-10-10 15:10:08,2017-11-03 00:00:00
2b669d60912d3d0f9ab639002e8883f0,56fe4db72648a5eeb98017348323cf51,delivered,2017-05-15 21:24:52,2017-05-15 21:35:12,2017-05-23 17:44:01,2017-05-31 09:39:55,2017-07-05 00:00:00
22e93d4515387496e3bd3cf6e8eca396,ae5471f99c6164664f3227292f7c78b2,delivered,2018-08-07 20:02:11,2018-08-07 20:15:25,2018-08-08 14:33:00,2018-08-15 00:32:35,2018-08-14 00:00:00
0412781fb7b094ddbd06503035a2964c,0d3a23c5c5b8ee8da146658a6b607d05,delivered,2018-08-20 21:49:25,2018-08-20 22:10:15,2018-08-21 12:51:00,2018-08-24 23:18:43,2018-09-03 00:00:00
a69a40da9add4ab2edf07d939ebfb7df,d2f49302a19fe5eb90d76e10870e334b,delivered,2017-06-19 13:00:36,2017-06-19 13:10:11,2017-06-20 11:09:22,2017-07-05 16:28:06,2017-07-19 00:00:00
ab8f1ef255154fa7b14908195c1a0a3e,71f002d46efc5fdc94c7dc9095800075,delivered,2017-05-30 07:59:07,2017-05-30 08:10:13,2017-05-30 11:28:12,2017-06-19 19:14:52,2017-06-28 00:00:00
ce02b2c6e70d5b2fe24d103952d389bf,ce187ff9eaa89051f4c4fba7e99561f7,delivered,2017-07-30 13:33:40,2017-07-30 13:45:11,2017-07-31 17:53:51,2017-08-04 22:40:00,2017-08-18 00:00:00
59f4e4ce854640a74dcae6d0c3fa1ea6,d75e6448f501f078f4e475870facaa79,delivered,2017-03-16 11:12:22,2017-03-16 11:12:22,2017-03-17 15:34:47,2017-03-23 16:36:32,2017-04-05 00:00:00
e339c040755b354d17a122b68617cb4f,511a4d0fd15ef186a3103e38ef910563,delivered,2018-08-16 11:54:27,2018-08-16 12:10:13,2018-08-20 13:49:00,2018-08-28 00:12:31,2018-09-18 00:00:00
cdbbf42ba3892a989ca5b644ee43db7f,d147a2516941f9b1fa511da01902a86b,delivered,2018-08-03 10:42:40,2018-08-03 11:04:21,2018-08-03 12:57:00,2018-08-13 18:22:21,2018-08-29 00:00:00
b1829b9fc61d2f28d8668cd5bde29e3f,bd371cfbb78aa6bd8d2ad4dc52565d8f,delivered,2018-07-20 01:38:27,2018-07-20 01:50:13,2018-07-20 21:43:00,2018-07-28 15:26:43,2018-07-30 00:00:00
49b40d0575b7f9b42d51d5faa0aab91a,993d0439436ad1ef23ad62dc6f66cfe2,delivered,2017-02-09 14:47:33,2017-02-09 15:05:08,2017-02-10 07:11:30,2017-02-16 11:49:24,2017-03-15 00:00:00
2d16bf1b00214008228bd3b4cf16d256,fc215214c5e93ea60189282e63286806,delivered,2017-04-01 18:33:06,2017-04-01 18:45:18,2017-04-03 15:07:44,2017-04-13 17:37:15,2017-05-11 00:00:00
8859c918dd929c59f8e0e8811b83f02a,ca17558c17d7eb0f3333914471df1b33,delivered,2018-03-09 16:13:12,2018-03-09 16:49:45,2018-03-13 02:51:28,2018-03-19 19:38:37,2018-03-27 00:00:00
2446a642fca6873ebfd22332c6657732,7e5563984d6291832da8b9fc279af3f9,delivered,2018-08-02 12:07:08,2018-08-02 13:10:28,2018-08-03 12:59:00,2018-08-09 20:46:37,2018-08-22 00:00:00
5b0ae07059a9f7a0b52fd3b131c7dc73,a2fc5dce5ecd2193e8a448946f10683c,delivered,2018-05-10 12:07:32,2018-05-11 09:10:27,2018-05-16 14:39:00,2018-06-05 15:33:03,2018-06-05 00:00:00
85c1196c9210adc4d2a1b1685b1d0404,164616bf979d4cf2295c1627010df2ef,delivered,2018-08-14 14:42:14,2018-08-14 14:55:21,2018-08-16 13:17:00,2018-08-21 18:26:56,2018-08-29 00:00:00
a1991f23b5a551188b16f0cc2105441a,fad797b0dde8fcfab613f0f3e86c3304,delivered,2018-02-20 14:39:30,2018-02-21 14:35:41,2018-02-26 20:37:37,2018-03-12 17:26:32,2018-03-16 00:00:00
142c07328adba2427b3029a2b5a1f503,bb57526f1e8fe74f92c4c7e4ced09303,delivered,2018-01-16 10:48:40,2018-01-16 11:10:53,2018-01-17 15:48:07,2018-01-23 18:17:05,2018-02-06 00:00:00
3c8cf4a64088009cadc132d10d0ae7f4,9e9cab5f8089dbfb465b14561a59606b,delivered,2018-08-02 15:57:13,2018-08-02 16:30:58,2018-08-06 06:36:00,2018-08-07 21:42:53,2018-08-17 00:00:00
6d9c9cea658be290a4d3c6ee16858ea9,f1eece538627fa853a59e6ebe3aa005e,delivered,2017-12-31 16:37:29,2017-12-31 16:47:17,2018-01-04 12:16:44,2018-01-25 18:43:18,2018-02-02 00:00:00
f6bf536c581306c6334e82ca15d7bea5,26088294bb55860ca38501a1182dce6b,delivered,2018-08-07 23:40:20,2018-08-09 03:35:18,2018-08-13 15:11:00,2018-08-14 19:36:36,2018-08-17 00:00:00
43e36c98d04ca621f851d768059e74e6,a57eb930af5fed1e5d05a2f9e836c246,delivered,2018-02-06 14:29:47,2018-02-07 14:32:06,2018-02-08 23:22:48,2018-02-09 21:44:41,2018-02-22 00:00:00
e283c10328ca0fb0f25e39ba74921bb4,a59963e5779a42b59dc63a3ca0bd417c,delivered,2018-05-15 22:18:51,2018-05-15 22:34:09,2018-05-17 11:56:00,2018-05-21 20:18:38,2018-06-05 00:00:00
f2ec7f6dc805433a2e8552ab56ef33bc,35e42ff7aa123e24e46282f1ad57e517,delivered,2018-07-03 14:15:30,2018-07-05 16:33:01,2018-07-04 13:01:00,2018-07-11 18:32:25,2018-07-30 00:00:00
0dd15079372ce401518ac26321947143,faa5236e556d27003bb3e013a8d72795,delivered,2018-07-04 12:57:55,2018-07-05 16:31:11,2018-07-09 10:13:00,2018-07-14 13:02:09,2018-07-24 00:00:00
bfd8b65b23bbf044e7ae60f3682bc225,0b9d5b8ca1d0aee387d35522fcf8785c,delivered,2018-08-01 14:59:16,2018-08-01 15:31:03,2018-08-02 14:25:00,2018-08-03 20:44:41,2018-08-06 00:00:00
337ace5c193fb745fca018fd1e542c9c,040eba6a84cd4b4eb4ec87a825439c72,delivered,2018-02-07 00:57:03,2018-02-08 01:49:44,2018-02-09 22:09:13,2018-03-12 14:18:53,2018-03-15 00:00:00
dbf5aec766985e6f34f73cc4560a5123,b4c985152cb9f2646a7f671a52c2ac09,delivered,2018-07-21 21:20:02,2018-07-21 22:05:16,2018-07-24 13:14:00,2018-07-27 19:32:21,2018-08-08 00:00:00
e8910c9e1de2c3b04e8ff423159d895a,5bd4f07bafa8c390e6e4d58acd4be947,delivered,2017-05-18 17:25:34,2017-05-20 04:22:48,2017-05-22 07:55:29,2017-05-29 04:44:52,2017-06-16 00:00:00
3f905b9ea57c91684a194b1815fb513b,787d9805335b637a51aab2934f89a4c0,delivered,2018-04-26 07:45:47,2018-04-26 08:15:16,2018-04-27 10:08:00,2018-05-03 17:58:34,2018-05-22 00:00:00
67bc7ad5678269583e9bb44b18c5083b,e0637f97be0d22957f59eb9b70a32ebd,delivered,2018-02-13 00:21:01,2018-02-16 08:07:09,2018-02-20 18:54:58,2018-03-05 22:28:46,2018-03-12 00:00:00
2f66b4903890f8fcc8bccfd80510dae9,d75b9db917b3486c58876ce6ebe25746,delivered,2018-04-23 21:25:00,2018-04-24 18:24:18,2018-04-24 18:04:46,2018-05-11 11:39:27,2018-05-24 00:00:00
44bfe9e18e3f1f25344d2bf7243bf2f1,e07a6553644addb188f2aeaa5f273348,delivered,2018-02-23 18:53:29,2018-02-23 19:08:07,2018-02-26 23:27:05,2018-03-01 16:43:44,2018-03-09 00:00:00
ba3cb1f2bc2a8f69d175320c1ce21274,4c61ff94fd292ee9fb6e810ce986f5b7,delivered,2018-03-29 12:48:18,2018-04-03 05:28:02,2018-04-04 19:02:24,2018-04-10 02:08:53,2018-04-20 00:00:00
c2734bdbfb8421d4b553df66c3f60d8e,fdaa01ac8d468391bbe7024f7700c43a,delivered,2018-04-25 21:53:30,2018-04-26 16:15:37,2018-04-27 13:12:00,2018-05-02 18:16:48,2018-05-16 00:00:00
6640f4ae940f8fe977395633d7dd05f8,9940cbdd25ceb1df05d4c96d33ead9e4,delivered,2018-08-10 22:55:07,2018-08-10 23:24:23,2018-08-11 09:12:00,2018-08-16 19:46:55,2018-08-24 00:00:00
dddc545a77663ef26d16778d03ef3bcd,5bb40f4d5a4371842ecc05e3b4475dc1,delivered,2018-02-06 11:34:34,2018-02-06 11:49:49,2018-02-06 21:42:29,2018-02-10 14:33:09,2018-03-09 00:00:00
75d278b14adb72b5112387226023b7b7,15f5674c91e03e49a75e34dc7cd338ab,delivered,2018-03-31 17:31:47,2018-03-31 17:47:41,2018-04-03 03:03:00,2018-04-07 13:14:22,2018-04-19 00:00:00
139566ca96ac60204ca4fc24f52d8c83,e2116c1275cd10d59e6a0e0562b711d1,delivered,2017-11-25 16:02:08,2017-11-25 16:14:29,2017-11-30 19:12:39,2017-12-18 21:33:38,2017-12-22 00:00:00
9290f6ce796b33b287cc5e48674cdbb7,b39ccea8ca81e9f09796e152770f6e62,delivered,2018-06-25 22:17:08,2018-06-25 23:12:33,2018-06-26 14:43:00,2018-07-10 20:04:02,2018-07-19 00:00:00
15cd24278cb6a373aa6bb2ca34837e16,61a5483d57f486f4177687846c31bcff,delivered,2018-01-28 22:17:22,2018-01-30 05:31:45,2018-01-30 15:49:00,2018-02-19 13:26:56,2018-03-01 00:00:00
6b65667bbce24262a05f9272420c2dce,e26029bc77a880721394cc291ab5c04f,delivered,2018-01-06 20:12:23,2018-01-09 07:17:51,2018-01-09 17:44:06,2018-01-24 19:34:55,2018-02-02 00:00:00
127f8f54e84665683a3c9bde5b3e768c,1396bd8f880391136e575e2176f68157,unavailable,2018-02-08 18:26:32,2018-02-08 19:01:40,,,2018-03-06 00:00:00
9b623f617ee8289775f3fa94ee0e41ee,4f422869868682aaeb796bfdc8b7e68c,delivered,2017-11-24 21:48:32,2017-11-28 03:46:44,2017-12-04 20:52:21,2017-12-12 18:48:44,2017-12-21 00:00:00
9faf745260884e1db917c4716491d1dd,c82bfd5208bae1e2d79618327033a22e,delivered,2018-01-10 21:41:08,2018-01-10 21:49:07,2018-01-11 15:26:06,2018-02-01 13:18:03,2018-02-14 00:00:00
f754fc05a50c00a7a04eb9da5e97c646,1f949db3dfccc9c0ca44d38df3748db1,delivered,2017-12-26 10:21:02,2017-12-27 04:14:40,2017-12-27 19:49:58,2017-12-28 15:09:41,2018-01-15 00:00:00
563a70a03f09f2174bde139fdcbd8772,d38ab5feaeb102e5990e4a27c69c2da2,delivered,2018-03-01 21:16:08,2018-03-01 21:30:52,2018-03-07 18:39:18,2018-03-21 22:03:54,2018-03-28 00:00:00
f04ef4843992cd6ef01922a4649f3859,e151ebcb2f9ac48199efede5c799091c,shipped,2017-04-17 22:30:51,2017-04-17 22:45:15,2017-04-18 15:06:35,,2017-05-16 00:00:00
59cd790c5f7a727afff6c7032bf26f90,d1f1aa9eb76e6164001d6eeff00ecbcb,delivered,2017-05-02 22:19:11,2017-05-03 11:33:25,2017-05-12 10:22:06,2017-05-18 11:07:45,2017-05-26 00:00:00
774593a70fbb54cd0a56eb0db24145a0,44f7d61f4662b0eb66c35226a7f1fc0c,delivered,2018-03-02 16:25:11,2018-03-03 13:48:45,2018-03-14 16:34:42,2018-03-29 04:26:32,2018-04-11 00:00:00
78d2db6fea6e971731e4b1b858f4435c,76e6b0c2cdee810995e06c74fafbba2f,delivered,2017-04-18 12:16:21,2017-04-18 12:25:35,2017-04-19 09:45:14,2017-05-09 10:41:32,2017-05-11 00:00:00
98d7e0d168a393093a391519c1ee1e8e,16c44b4965467cb77db8cdb4c306a54d,delivered,2017-11-13 07:38:06,2017-11-14 03:55:34,2017-11-20 20:12:22,2017-12-18 20:51:40,2017-12-11 00:00:00
af5bd9a6ec17e248b6a9ad2c0f528acc,0e0ad90f0fe129ed348defc9dd234105,delivered,2017-10-07 23:26:03,2017-10-07 23:42:11,2017-10-09 15:33:10,2017-10-20 15:55:53,2017-11-01 00:00:00
4d7a50dd7785d456154efdc27f2154b8,7ac030d8127ff4ab19987a3981d53deb,delivered,2017-09-20 22:48:10,2017-09-22 04:16:42,2017-09-22 20:59:04,2017-09-28 16:02:41,2017-10-16 00:00:00
8091fd1d6a5797a012ae44f1dd06cd6b,f27e56c54dfcb67aa9237eba08636bb9,delivered,2017-06-19 19:50:44,2017-06-19 20:03:22,2017-06-20 14:45:42,2017-06-30 14:55:34,2017-07-11 00:00:00
5f6499a6a16dcde4cd6fc183a2b26046,f167e230efed08918e1bf37427f87a29,delivered,2018-06-18 16:41:15,2018-06-19 18:23:06,2018-06-20 14:32:00,2018-06-21 17:53:08,2018-06-29 00:00:00
f73d73f08d9e97a496861a69bf371880,f803bdb9a0886ce56d18b62ace9f58ac,delivered,2017-02-20 01:10:19,2017-02-21 04:35:20,2017-03-24 11:13:49,2017-03-29 09:37:12,2017-03-21 00:00:00
8b684bf930252b4bf12586346b4ebbba,07e7f8e9c1d7da19613688c978f10c4f,delivered,2018-05-14 19:36:35,2018-05-14 19:57:59,2018-05-16 08:14:00,2018-06-08 20:51:49,2018-06-05 00:00:00
aeda3634e9cb15b0f339f34392a15b45,0b749bca20d46dd7bcdd5a94fe54117e,delivered,2018-07-29 01:31:27,2018-07-29 01:45:06,2018-07-30 15:16:00,2018-08-01 22:42:30,2018-08-03 00:00:00
071d86b8fc66cad2d0bb93775be89392,1b1aa6b965239711ee0033be972f7f65,delivered,2017-12-28 20:45:13,2017-12-28 22:32:29,2018-01-02 22:07:52,2018-01-11 17:39:38,2018-02-05 00:00:00
82984749eb983f9f558a003b3fc693f7,17f4da960385fc28aabff33e739e314b,delivered,2017-08-28 22:40:14,2017-08-30 02:11:01,2017-08-31 15:35:07,2017-09-11 18:54:51,2017-09-20 00:00:00
fa67f37b0eb6114117c4c0412aeaaf2d,93bbd148ee409937dec05943e6c27573,delivered,2017-04-05 22:18:04,2017-04-05 22:30:17,2017-04-06 08:48:05,2017-04-17 17:42:46,2017-05-05 00:00:00
af7b1f7080ed76cd6d266c0ce5a13044,cce1f6220c57f2f73f32ab3929e2df07,delivered,2018-07-17 14:01:16,2018-07-18 02:55:22,2018-07-19 06:33:00,2018-07-25 19:32:18,2018-08-08 00:00:00
8dea586c46b239e29ba83efef7e28ec2,cd57a601749f3336f7ddb02cc028bfbb,delivered,2017-07-03 20:50:49,2017-07-03 21:03:44,2017-07-10 17:13:59,2017-07-20 20:21:30,2017-07-26 00:00:00
6eac9b191502f0f4d373dbbad5aa7253,34beea970220d74027a3daece88c07b2,delivered,2018-06-21 18:32:08,2018-06-21 18:57:06,2018-06-22 13:06:00,2018-06-25 13:49:47,2018-07-04 00:00:00
bc76bb0ff492abd2cfc722349f3d62a2,54af9d31eb26ac435fa7bc914d9a30bf,delivered,2017-10-10 14:03:03,2017-10-10 14:29:52,2017-10-10 20:52:05,2017-10-13 21:52:00,2017-10-27 00:00:00
0f4f07de4a8aaaa5b16fef24f10b1d1d,a5d2b093ce49ccdc64bedb68b856ac5e,delivered,2018-01-06 11:36:52,2018-01-06 11:48:30,2018-01-08 14:54:59,2018-01-19 14:33:09,2018-02-09 00:00:00
dca954560c94725cbb8402714b1dc7bd,af189c7154bf7cd83ae87e7c7c43a6b9,delivered,2018-01-09 21:59:13,2018-01-10 10:32:14,2018-01-11 22:56:00,2018-01-22 18:58:25,2018-01-26 00:00:00
c8a2a495848f547a4a4a26597ca9190b,886406e39c7527f64f34223f444bd4c4,delivered,2017-12-29 11:29:05,2017-12-29 14:37:31,2018-01-02 21:28:41,2018-01-08 23:23:38,2018-01-18 00:00:00
c07e1447e2887a9588ca8fbbe9d3c549,0d573cb6681904906ea6b9ea47662c99,delivered,2018-08-06 08:58:30,2018-08-06 09:10:14,2018-08-06 16:46:00,2018-08-10 11:02:44,2018-08-22 00:00:00
612f068f7f21e8eb30c2747b98f5cd5d,d2d75b50904ca9ca9d2bb319fdce4781,delivered,2017-08-03 12:36:55,2017-08-03 14:45:23,2017-08-08 20:48:47,2017-08-16 18:26:42,2017-09-08 00:00:00
a3a97bc6e236d5351537c8f466c34dad,c80bf3b981ce1e2f80110fe042e3e372,delivered,2018-05-09 15:08:44,2018-05-09 15:36:45,2018-05-15 13:47:00,2018-05-23 17:52:41,2018-05-28 00:00:00
6b7f286d1c41eb87f19bc62c31043740,a74b3f14183cc1bcbcad43ae2dc89bd2,delivered,2017-10-25 20:24:11,2017-10-25 20:35:23,2017-10-26 19:28:28,2017-11-01 14:35:54,2017-11-24 00:00:00
400067025519f050d696583e2e6df305,1ad59cfff88d9a65f56e359d53cef06a,delivered,2018-07-22 21:19:11,2018-07-23 12:31:43,2018-07-24 15:42:00,2018-07-31 17:41:38,2018-08-09 00:00:00
2d9196aaddb5713a576a0f4acdf102a0,e1009ae00e0fe8f7212a66210478c6c3,delivered,2018-07-25 21:04:40,2018-07-25 21:24:49,2018-07-26 13:08:00,2018-07-27 20:10:33,2018-08-02 00:00:00
6ededbb85df3190d91b4eaf3d08b4606,c60951b71e9cb1a72adc769d5aaaafeb,delivered,2017-06-18 17:10:10,2017-06-20 10:55:20,2017-06-20 13:48:42,2017-06-23 11:23:46,2017-06-30 00:00:00
1cb838bbf91e8e446a3fc49d56973c9a,6510bf0824930d09246d3b8cefe42363,delivered,2017-04-02 19:25:43,2017-04-02 19:35:21,2017-04-10 07:48:01,2017-04-17 08:48:52,2017-04-28 00:00:00
67ec1ff2fc90decdce72e2299a384ee1,50f6c271b53735b0b626548afb4e50c4,delivered,2017-10-14 11:30:47,2017-10-17 04:09:42,2017-10-20 17:05:55,2017-11-13 16:24:55,2017-11-09 00:00:00
2e54a200a6bb88a705239b059efa8fd7,e68eea004762425de1b42e922bb1a29c,delivered,2018-01-10 18:54:16,2018-01-12 10:28:13,2018-01-17 18:41:30,2018-02-09 21:38:32,2018-02-16 00:00:00
1ea11b975aea60ca92fa0559184d3d34,0d1679b303ad5d2c0cb3e51bc9c9f643,delivered,2017-03-30 23:04:33,2017-03-30 23:22:38,2017-05-17 11:23:54,2017-05-20 09:32:55,2017-05-31 00:00:00
4310dee37e09d3d73cf8c9a63f7b61fc,ed8015d79ac87082198750d415abd7b5,delivered,2017-08-03 12:17:18,2017-08-04 06:45:15,2017-08-04 17:34:09,2017-08-10 19:22:32,2017-08-23 00:00:00
0f44fd64ee902f504aefed510fbcb8e7,90bee84ba315cec820fc30e0a7e52fff,delivered,2018-08-10 22:19:16,2018-08-10 22:30:11,2018-08-14 16:12:00,2018-08-20 11:02:28,2018-08-20 00:00:00
b0d7c6fe6331dbed458f4be7e65240aa,500e735e23e3e9a2406249a2e2ebaac1,delivered,2017-05-04 20:12:50,2017-05-05 20:22:27,2017-05-10 10:17:41,2017-05-18 06:52:11,2017-05-25 00:00:00
d200a7526c6d29e8c2742a0bff8cff14,ce976f549c104536bfe1468454154b35,unavailable,2017-05-04 15:19:42,2017-05-06 02:15:13,,,2017-05-29 00:00:00
ca2d86fb163d5e6c45cd1eeaf6c76a43,0902dbbca4ab2c81851859e7a1624a8a,delivered,2017-12-23 22:42:51,2017-12-23 22:49:21,2017-12-27 20:23:22,2018-01-13 16:06:51,2018-01-26 00:00:00
20f98e86c9187ac61473d4637f5b0c1f,a4b296c2ec5ff873f8c83fa0d92c24c4,delivered,2017-09-29 16:41:06,2017-09-29 16:56:25,2017-10-02 16:38:39,2017-10-14 01:54:47,2017-10-23 00:00:00
90dd995b31d5fdf734e55fab036c4690,832d1e7af4f01f2f3d9573ca629db080,delivered,2017-04-07 17:45:54,2017-04-07 18:02:28,2017-04-12 11:55:55,2017-04-27 12:49:09,2017-05-09 00:00:00
3dc1f7f4445977c3aab08a1398b06fd2,f4db3c45bb179f36429fb704d9554ccf,delivered,2017-04-28 21:01:41,2017-04-28 21:15:14,2017-05-02 18:47:44,2017-05-16 13:58:01,2017-06-05 00:00:00
92544b942c20882ed536fca30fbaf86a,b6f870f9091efa3e437de8afdbbea8dc,delivered,2017-09-14 20:57:31,2017-09-16 02:50:33,2017-09-18 19:29:01,2017-09-25 22:05:55,2017-10-05 00:00:00
cff0989119cf4c7e05ff4e35210f9869,4e2e0a4987e850cf36488148cd7a8fc5,delivered,2017-11-16 12:53:04,2017-11-17 04:10:33,2017-11-17 19:18:55,2017-11-26 16:52:14,2017-12-13 00:00:00
15e4f54bacc1f99c567ae071a016fa9b,21ed3e5a4e346b598ca00f8a849e0fd4,delivered,2017-08-01 10:28:27,2017-08-01 10:43:59,2017-08-02 19:25:57,2017-08-14 21:00:01,2017-09-04 00:00:00
96495a19c4e2919e467d2eb2de240ed3,6d4591283381946b102e850533271b72,delivered,2018-06-10 22:46:43,2018-06-10 23:10:52,2018-06-11 13:49:00,2018-06-18 15:48:25,2018-07-03 00:00:00
6c7eda5a953efb5c1b6214592902069a,af306b1897ac49ae472e6fdadb1d5ab0,delivered,2017-09-06 21:01:16,2017-09-06 21:10:15,2017-09-08 20:09:38,2017-09-14 16:00:03,2017-09-25 00:00:00
de742d420af4a6abd06276acde083ae5,b9e6a4f0a7ee0e84bd7c4d275789f2a9,delivered,2017-12-05 11:45:50,2017-12-05 11:58:27,2017-12-08 19:47:10,2017-12-14 22:39:05,2017-12-28 00:00:00
a4dffcd8f52c47996a8b9b2243e2cacc,7659b77c8e8536224e0f03176075ebb5,delivered,2017-07-13 09:32:12,2017-07-14 02:30:19,2017-07-14 19:07:36,2017-07-27 21:39:42,2017-08-10 00:00:00
420fb4457bf13ecb615ef8bd9dacdc03,904ea0c8109e23dacc599034d6c1e4c8,delivered,2018-08-03 20:48:39,2018-08-03 21:04:07,2018-08-13 11:13:00,2018-08-22 00:51:39,2018-08-29 00:00:00
a8fabca91cde3202401e6078441f1cd2,7afed877f51f362443ba1bdb49d9577e,delivered,2018-07-13 00:33:18,2018-07-14 02:35:17,2018-08-03 15:50:00,2018-08-09 18:04:53,2018-08-16 00:00:00
ebea8104943b8d26ee8aa3dd8f705241,a239350b8a8912cefcf04b590811cee2,delivered,2018-01-21 00:14:18,2018-01-22 00:54:15,2018-01-24 01:27:39,2018-01-25 20:32:59,2018-02-08 00:00:00
f9c50aff44ed91808d5b511bd49106ec,7beb7eb7d52421653db44718ee4e3e04,delivered,2017-08-17 13:34:55,2017-08-17 15:50:16,2017-08-21 16:16:52,2017-08-23 20:31:48,2017-09-01 00:00:00
92ade7cf39eb31a8f81a75277c14f9d6,9a4c2301f22f861dfc57e361eaf98b99,delivered,2018-05-19 18:08:37,2018-05-19 18:32:22,2018-05-21 14:33:00,2018-05-25 14:26:48,2018-06-07 00:00:00
bc52ee2d28a015510123067432c70c17,834518d4594b0bcb116acbe814f1bc03,shipped,2017-07-29 19:08:08,2017-07-29 19:23:36,2017-07-31 20:07:06,,2017-08-30 00:00:00
f44109a5bdeb8222bc76288fe1751d35,7bd8d51ba8a18440e8c429e2acc34dbf,delivered,2018-06-09 19:24:53,2018-06-09 19:38:38,2018-06-11 12:56:00,2018-06-18 15:50:50,2018-07-12 00:00:00
7267e79548a97a01f870d9554ecbf645,da7e8bf45b833573fe1076e763befd95,delivered,2017-11-28 21:55:46,2017-12-01 10:31:31,2017-12-01 22:28:59,2017-12-18 20:04:13,2017-12-18 00:00:00
84725ed03be12141b53a435b57fbd336,f64cdee66599119324ce57a97e43700d,delivered,2017-09-11 16:51:05,2017-09-12 04:44:45,2017-09-15 14:33:20,2017-09-18 21:39:58,2017-09-28 00:00:00
5bb6be5ac31d6ab742083dec19b729c8,1cec7c8d274ea8b2a9e49cf962e759d2,delivered,2018-07-24 12:59:07,2018-07-25 02:50:19,2018-07-25 14:17:00,2018-08-01 13:16:31,2018-08-21 00:00:00
ae2f85b0fa227d6ecf5ebe62dba5c91d,6fe8635d5b006d0000c01d85a66ddf0c,delivered,2018-03-13 19:58:12,2018-03-13 20:10:53,2018-03-15 16:22:23,2018-03-21 15:56:43,2018-03-23 00:00:00
7036c2b99dc75cd8d088a8e4475e2658,76d4cba49c7c7f3cafcc7ca48d81d03d,delivered,2018-06-20 14:33:25,2018-06-22 02:37:02,2018-06-22 14:35:00,2018-06-30 19:18:53,2018-08-09 00:00:00
4456ddfcb3350b652f0318df9b7f3cde,e2dc2f3f58380b125a1e88fc86dffe4f,delivered,2017-02-20 12:16:48,2017-02-20 12:30:23,2017-03-15 14:44:48,2017-03-21 17:33:21,2017-03-17 00:00:00
ddecef40fd6080d8aeb6d69f92bb1a8b,1635ed936c289f9729f2541bffbb6fd1,shipped,2018-04-03 19:19:56,2018-04-04 09:48:40,2018-04-06 00:48:28,,2018-04-27 00:00:00
7b76996a441de2788a09b987c34e477e,209b9fd06716ec99fdebc11662f4c6af,delivered,2017-03-14 12:56:50,2017-03-14 12:56:50,2017-03-22 09:25:32,2017-03-27 12:56:00,2017-03-31 00:00:00
b1dcafc7eaf9eea48e000a122aa70a3b,d929d368c14ab052551effdb50d34c6e,delivered,2017-11-28 19:38:05,2017-11-28 19:51:51,2017-11-29 17:16:54,2017-12-05 18:26:52,2017-12-12 00:00:00
d60a89ab9bc1e68834465ae630c3343e,036aac46214f6843a9e8e0ca702e335e,delivered,2018-04-16 09:45:05,2018-04-16 09:55:26,2018-04-17 22:44:23,2018-04-25 13:56:48,2018-05-10 00:00:00
638cad2c050551138562aaae90afbb6c,f3457b8fdac18622de498551383ae1cc,delivered,2017-09-13 18:49:50,2017-09-13 19:04:18,2017-09-15 21:05:01,2017-09-23 15:35:57,2017-10-11 00:00:00
976c9f4a0b6d3158f01dcd00b625756c,4c2ce84551ecffe29ecdc34876746c5d,delivered,2018-05-10 11:28:36,2018-05-10 11:51:48,2018-05-10 15:17:00,2018-05-16 12:53:08,2018-05-30 00:00:00
b7261927790781e114d3a12f39ef44c0,0883816eb4425537f417d5d63553ab8c,delivered,2018-03-19 11:10:14,2018-03-19 11:31:18,2018-03-21 19:06:43,2018-04-02 12:16:51,2018-04-11 00:00:00
0bda9df0ce80203b668f46f41abf0c5b,4cb9c064b0da6dad9fd6d95af264b2a4,delivered,2017-12-20 19:27:45,2017-12-20 19:51:40,2017-12-21 16:17:32,2017-12-28 19:49:14,2018-01-17 00:00:00
ece40b3b3194bb3891929f52bf260749,386f601f94c87464e1720292a738b9ff,delivered,2018-05-23 11:06:28,2018-05-24 02:34:50,2018-05-24 14:07:00,2018-06-09 17:37:36,2018-06-14 00:00:00
68530478f47eb6016655d590a05fa853,fbac16c6734df62b9a470f3a5c8d7128,delivered,2018-03-08 23:14:39,2018-03-09 00:31:45,2018-03-09 17:46:46,2018-03-27 00:16:42,2018-04-04 00:00:00
49c89a2aba7f8f079681f6967d846465,480aee92a572792a7a5043f486656da8,delivered,2017-01-25 13:33:37,2017-01-27 11:50:20,2017-01-27 16:30:26,2017-02-06 11:21:46,2017-03-08 00:00:00
268270567c35e07af0d2f8c8cc978410,4487ca94364334677a4a0d66975cb980,delivered,2017-08-28 22:13:47,2017-08-29 05:32:18,2017-08-29 20:20:06,2017-08-30 20:16:38,2017-09-11 00:00:00
cae717bb5d2448081dd91756a3842833,c8e83cefa49633dd155e77b07f46896a,delivered,2018-07-10 08:07:26,2018-07-12 03:10:11,2018-07-17 13:35:00,2018-07-20 18:18:40,2018-08-01 00:00:00
1dc1a1e530ccf4da96b6b27494cd652f,0c0a6ca52091617f1f287b4565b8ff0f,delivered,2018-06-24 23:45:47,2018-06-25 00:14:32,2018-06-28 10:49:00,2018-06-29 13:54:51,2018-08-02 00:00:00
fb83309baace638203791fe6688ac3ca,c3bb3dcd5ab97143e278f40cb0eb15f8,delivered,2018-02-07 18:56:06,2018-02-07 19:10:31,2018-02-08 20:49:22,2018-02-23 18:05:41,2018-03-05 00:00:00
6fb61aa0a0b7b2095b397d85d36693c5,6476f290769184b3ee9d2666d7178073,delivered,2018-02-26 10:03:54,2018-02-26 11:21:40,2018-02-28 10:42:17,2018-03-08 18:57:34,2018-03-21 00:00:00
4d31272d8cb07c4ab84562c8ae2e0fdb,6d8b84bc65ad63bb703b96c994e3f18d,delivered,2017-07-10 17:56:02,2017-07-11 06:43:42,2017-07-11 21:47:59,2017-07-25 19:28:50,2017-08-03 00:00:00
852b442a5bc38e624ea9f60305418cea,2cadd739d6836feeb65364203eb87e68,delivered,2017-07-22 20:07:24,2017-07-22 20:23:18,2017-08-02 19:53:46,2017-08-07 17:25:00,2017-08-24 00:00:00
73558fe683b9ce228381cf2ca678d322,7f5f6d402a23a76d2efc737bbd3d7d1e,delivered,2017-01-21 22:41:08,2017-01-21 22:50:18,2017-01-23 11:54:09,2017-02-09 12:08:54,2017-03-16 00:00:00
a60a240af8f52dfc1ca0fc4c20e0d0c4,ad3c8c89d8f960a1b93ff517215ef5dc,delivered,2017-11-16 22:25:07,2017-11-16 22:37:31,2017-11-17 16:49:26,2017-11-28 23:59:01,2017-12-18 00:00:00
4698210068ff4fe55a812e51e337a80a,6b5c0295e0d10b1a80a1faa5f41d410d,delivered,2018-05-07 16:06:15,2018-05-07 17:31:08,2018-05-09 16:36:00,2018-05-10 20:08:54,2018-05-15 00:00:00
d0735172d1bc5aae5bd8abb3675e6556,07ce73dda1f76ae4d7828e4b8a352431,delivered,2017-03-04 08:14:46,2017-03-04 09:23:01,2017-03-11 02:19:09,2017-03-28 14:03:54,2017-03-31 00:00:00
39f71ba799c87ce196465bad51c55d0d,7a7d6b506791478fbec785458412fd17,delivered,2018-08-07 12:37:44,2018-08-07 12:50:20,2018-08-08 13:07:00,2018-08-16 16:48:27,2018-08-16 00:00:00
1b9411e11370aedecc0bb2daa7f41501,300b04fccf49393ab58606cdf2c4ce52,delivered,2018-08-17 16:11:01,2018-08-17 16:29:56,2018-08-23 14:08:00,2018-08-27 17:19:02,2018-09-06 00:00:00
6f028ccb7d612af251aa442a1fb8b5d0,3a0a5fd64eaf4a5c0e60300434ec496e,shipped,2018-08-05 07:21:56,2018-08-05 07:35:08,2018-08-06 13:21:00,,2018-08-09 00:00:00
8913cd2b52dc823cb5bd0dbcfc666799,fbf7664ee05f798a110063e888e28ad5,delivered,2018-08-08 00:53:24,2018-08-08 01:05:09,2018-08-09 14:18:00,2018-08-13 22:31:19,2018-08-15 00:00:00
31c6c41e2949f1a20c6f8e60ac17d4fe,86c608f34ba6e73337c7fb6bb4db336b,unavailable,2017-03-21 23:15:29,2017-03-21 23:15:29,,,2017-04-10 00:00:00
1bc2604f66282211f5aba0bf67ca3dff,b4f105f920d24596b9d6176136919fcc,delivered,2017-11-04 09:43:19,2017-11-04 09:55:20,2017-11-06 21:49:51,2017-11-14 19:39:03,2017-12-01 00:00:00
a9aef39ca580c8bf9b2bc2e2927ee47f,cee7402478a8ecfc0f5e69d34c9d5f19,delivered,2018-06-17 11:17:40,2018-06-17 11:39:24,2018-06-20 14:59:00,2018-06-21 18:52:06,2018-06-28 00:00:00
98088a1ebcfd4dc68d3fc0bbc0d2868d,a725b2c98789502697eea419bb58c498,delivered,2017-12-19 10:00:55,2017-12-19 10:11:33,2017-12-19 21:13:11,2017-12-26 22:34:50,2018-01-16 00:00:00
0a3bc687e8cb91f08d67838494a0e396,9235e3ab22f834a8777bf3b0ddc34b04,delivered,2018-03-14 10:58:09,2018-03-14 11:15:40,2018-03-15 20:36:49,2018-04-09 19:08:51,2018-04-10 00:00:00
bda372c8f4f99cac883f9f8462f5fdfd,490f3d8fb78a8b5b1d9fd5ab8b4855d1,delivered,2018-01-15 20:19:56,2018-01-15 20:30:47,2018-01-19 21:03:28,2018-01-29 17:42:45,2018-02-07 00:00:00
f548b0d880ad07026110a7acc47f77c7,87b15cf61000299cb68aeb0a05e45a7e,delivered,2017-07-08 23:04:19,2017-07-11 04:04:14,2017-07-12 13:06:05,2017-07-18 16:22:21,2017-08-02 00:00:00
d4cc7ecf339a0fb8549f1227d0b29de9,c1084efcc6de82cedf00f4d15aece375,delivered,2018-01-19 22:17:22,2018-01-19 22:30:55,2018-01-22 15:58:46,2018-02-05 21:28:39,2018-02-16 00:00:00
484041967269ab057b79f27c33a68f52,3d616ed54a57fb940105f20155809c98,delivered,2017-10-09 10:34:56,2017-10-09 10:49:41,2017-10-10 16:50:14,2017-10-17 20:14:17,2017-11-06 00:00:00
9200d381e7e305ff1079ef9b1d9d975c,9f58c564d66cb668a955aadb89ef6580,delivered,2017-11-21 14:24:08,2017-11-23 03:08:26,2017-12-05 23:46:48,2017-12-07 13:17:47,2017-12-14 00:00:00
4d0b787622daa9bd782364f14583ce5a,66a597c062ebee2684c57b26d28fc551,delivered,2018-04-17 09:03:35,2018-04-17 09:10:18,2018-04-17 20:24:36,2018-04-18 20:41:45,2018-05-04 00:00:00
cb9f1593718b376b364bf688ce11d3b6,a0786c581c57c96420d8dffd0cc5f4c6,delivered,2018-03-02 11:28:57,2018-03-02 11:50:45,2018-03-08 16:29:48,2018-03-20 14:57:37,2018-03-23 00:00:00
7e995d171de63fd99a1c9d42ddb0c1c0,bbc160254f556c214299211d347e912e,delivered,2018-05-17 16:36:08,2018-05-18 02:14:43,2018-05-18 15:57:00,2018-05-22 17:56:54,2018-06-11 00:00:00
4817db123f2751c4c12805d5715a51c5,3b1b170d99927389f0705dd404d95083,delivered,2018-04-16 20:42:25,2018-04-18 07:11:31,2018-04-18 19:16:54,2018-04-19 19:42:48,2018-05-03 00:00:00
bd50e1e10ed8a1e38db7af2e76a1986f,34327f03d06c475e8579bc13c6283116,delivered,2017-09-20 11:03:00,2017-09-21 11:10:30,2017-09-21 16:39:14,2017-09-25 22:57:34,2017-10-17 00:00:00
54baa7c04860efe0a5d56eb15e18b406,367537806bf94a7b8bc3941789d41247,delivered,2017-02-16 16:26:26,2017-02-16 16:35:15,2017-02-17 14:41:00,2017-03-06 10:07:39,2017-03-20 00:00:00
c54e182c8f67aed244820428d9ca9085,d72ad2046c192203ab313451dc0d9109,delivered,2018-05-04 11:19:02,2018-05-04 11:51:45,2018-05-09 15:48:00,2018-05-18 16:53:02,2018-05-30 00:00:00
ae022df91338bf0b68f5d5f179ad8492,508437bb0cca48a51e05222a64a2b432,delivered,2018-08-03 15:48:08,2018-08-03 16:04:13,2018-08-06 12:47:00,2018-08-13 18:41:44,2018-08-30 00:00:00
f35eb369cd2607e2157e8b1a7376befd,ac909d4d7eea34a00a8655edd9073c81,delivered,2018-03-07 17:34:21,2018-03-07 18:20:31,2018-03-08 20:46:33,2018-03-27 21:59:03,2018-04-04 00:00:00
3982b25019d6a59e9e887607e489e3d5,f7b9908a78475b247396f5ba42dd409e,delivered,2018-01-26 09:32:41,2018-01-30 05:31:40,2018-01-31 23:59:34,2018-02-07 21:33:53,2018-02-19 00:00:00
f2a5336cc1662ad56b16f4ed6e4b2de5,b0b27c44f7e3d2c6e45d506cbd4a5627,delivered,2017-01-15 17:55:56,2017-01-15 18:05:14,2017-01-16 12:25:16,2017-01-25 10:56:03,2017-03-02 00:00:00
8ce6770545bab77f107a0b67da55fe7f,ef8a5aad3ebe3ec27cfd69d5617c5c1a,delivered,2018-01-15 10:48:10,2018-01-15 10:57:19,2018-01-16 00:57:52,2018-01-19 19:12:09,2018-02-07 00:00:00
648637c544f762334d4ce9bbe88ebe21,9df7ac1b5662e707e172cdb698820360,unavailable,2017-11-09 22:40:17,2017-11-09 22:50:29,,,2017-11-29 00:00:00
228f12f010b1363cba76e442bd378e53,c105db9a70cec07612fdea08fc14513d,delivered,2017-03-09 15:37:50,2017-03-09 15:37:50,2017-03-13 14:12:40,2017-03-16 08:39:02,2017-03-31 00:00:00
5d1e025052895991d3f50688be8f626e,c16c09ea771d1b0231309f1320ebb264,delivered,2018-01-28 11:07:48,2018-01-28 11:20:11,2018-01-29 19:52:58,2018-03-14 19:19:29,2018-03-08 00:00:00
ceb9ba23c2692423f47bd10e0f86bcc5,eae4e8c76c678d2054addcc4618bc713,delivered,2018-08-21 10:22:31,2018-08-21 10:35:15,2018-08-21 12:58:00,2018-08-28 20:03:05,2018-08-31 00:00:00
53e73aeaae3e1e18a47d623632bd11c8,422fc2b8f738a1147597dda4a46e32b0,delivered,2018-02-10 15:26:54,2018-02-10 15:48:23,2018-02-21 11:53:19,2018-02-27 21:29:48,2018-03-14 00:00:00
0c82a229fc22597c2361656cba8d3230,9ae4bf2bb990fa503baa7e1feaf6f60e,delivered,2018-05-15 16:10:38,2018-05-15 16:35:56,2018-05-16 13:20:00,2018-05-17 14:51:28,2018-06-01 00:00:00
6926348e098b0414d25d5d773475a8fd,4b572aa69b7cd61833fd18ca5a21d84f,delivered,2017-08-28 15:31:00,2017-08-28 15:45:35,2017-08-30 14:51:58,2017-09-06 19:37:49,2017-09-14 00:00:00
f13b9cfd03f5555ece664b0bec8d2bf8,a562ab1e728449e3461829dfe2e36f73,delivered,2018-01-29 21:53:47,2018-01-31 13:32:04,2018-02-01 00:34:16,2018-02-08 19:49:39,2018-02-26 00:00:00
3e555ab59108cb3d4ec66fc204bcb22c,ccddd0a09c1e1253472fb86f210c83e3,delivered,2017-11-06 12:47:11,2017-11-07 07:31:15,2017-11-07 19:38:36,2017-11-08 16:16:28,2017-11-17 00:00:00
654a7709a6364f1f2225033be8993d31,54f6cbc1087187d1603082eb0594d47c,delivered,2018-06-13 15:02:54,2018-06-13 15:28:57,2018-06-14 13:59:00,2018-06-15 17:31:30,2018-06-29 00:00:00
ac1436b9efc2d8508c1abf9e4dca5709,9cae1ebde4a8d7f03a92da657abdb51c,delivered,2017-03-15 14:28:24,2017-03-15 14:28:24,2017-03-17 14:10:48,2017-04-07 15:23:01,2017-04-18 00:00:00
709048ea34ffaec8f1c3ed2799296ba5,b4701cd1bb99456ea8df0ebaa9ad4ca2,delivered,2017-09-15 21:36:29,2017-09-15 21:45:34,2017-09-19 20:32:59,2017-10-07 22:27:15,2017-10-16 00:00:00
d27e502287dfd6690077b513380b7fbd,bf08885e81c08228779ba7da3beb7e2f,delivered,2017-12-09 14:35:29,2017-12-09 15:30:50,2017-12-12 21:08:53,2017-12-13 19:03:33,2017-12-28 00:00:00
6ea4cd6f1ec3ef5b3dfeb0c90093a5d0,8c214c704bfb4f7a9044b714ea19dfca,delivered,2018-08-22 17:40:17,2018-08-24 03:25:29,2018-08-28 15:17:00,2018-08-30 21:28:47,2018-08-30 00:00:00
bbabf4c6280e517a671f1c96efcd524b,f85fa404ef2cab37a355480109ffe9f9,delivered,2018-03-25 14:21:52,2018-03-25 14:30:43,2018-03-26 19:14:40,2018-04-03 17:06:09,2018-04-16 00:00:00
c488a16bc2a85f7f72b6d05b6556c279,97e17c94edf715be814f6c0874177f19,delivered,2018-02-20 15:22:53,2018-02-20 16:00:20,2018-02-28 19:33:59,2018-03-16 02:13:37,2018-03-12 00:00:00
bf0b6e46855aa361a0dab877c439ef93,23a238394ed31f0893206aac055f6dcb,delivered,2018-01-15 16:51:35,2018-01-15 16:58:23,2018-01-16 20:59:05,2018-01-22 15:22:33,2018-02-05 00:00:00
a037897ffc90e9b89c16d0b6c55e9a0d,a1a53a206a8e0b78b9787416f9614ebe,delivered,2017-07-06 11:24:40,2017-07-06 11:43:35,2017-07-07 18:32:20,2017-08-02 15:37:51,2017-08-09 00:00:00
024d4903890a56c2e98df63a32206bd9,a1aca6bcf003c08a08097758ff8cf96c,delivered,2017-11-04 09:51:58,2017-11-05 09:50:38,2017-11-07 10:26:51,2017-11-14 20:57:41,2017-11-28 00:00:00
d0b378f9d33cbf6b21c01295494a9ef1,9414468f4e33a5759920691717151c14,delivered,2017-08-03 15:36:26,2017-08-03 16:50:15,2017-08-04 18:59:04,2017-08-11 21:47:51,2017-08-25 00:00:00
23580e0d424218b71b67ce569d22a7da,c261db649b0612a59b601008fc05082b,delivered,2017-06-29 16:24:52,2017-06-29 16:35:50,2017-06-30 15:46:48,2017-07-06 12:42:06,2017-07-19 00:00:00
c101853f695b94e64c34f41941ff1048,15943304541965ce9e0c9ec3a9891818,delivered,2017-07-27 20:51:43,2017-07-28 08:30:21,2017-08-02 18:45:43,2017-08-10 20:08:33,2017-08-22 00:00:00
f4f43841ba1acc0c428e6d7c73658531,7b04dd77487b6f8e2c13846684b2d742,delivered,2018-02-19 21:22:19,2018-02-19 22:27:06,2018-02-20 22:19:19,2018-02-27 00:06:24,2018-03-15 00:00:00
95eff09285b23ea3424139fc2c71c692,f07f0809fb48849ea645fcadc72e4ab2,delivered,2018-05-01 16:23:52,2018-05-01 16:35:21,2018-05-04 13:17:00,2018-05-09 20:39:21,2018-05-23 00:00:00
6cc62a2c76cd0e02344dd2b2486178e2,28e649122a91a9a3b2fb6ca0dcce1d22,delivered,2017-06-08 14:04:48,2017-06-09 02:30:37,2017-06-09 10:24:21,2017-06-19 15:51:29,2017-06-29 00:00:00
365a8708db2878154916b372f72e17ef,6816cc08a7c9ef50ff5bde38948ea97a,delivered,2017-05-04 19:35:21,2017-05-06 02:15:56,2017-05-09 16:53:19,2017-05-15 15:48:06,2017-06-07 00:00:00
0e717e310af82d130a1d253cd5fe8c7c,bd66d303f3c88fec12d78e527e6935b6,delivered,2018-03-11 14:54:00,2018-03-11 15:08:02,2018-03-12 23:08:35,2018-03-16 17:38:48,2018-03-22 00:00:00
d3c8fb7435390e64e1e0aeea689d5876,5a11898c695e0fd87e5af9d759ae78e1,delivered,2018-05-30 15:03:06,2018-05-30 15:15:17,2018-06-07 14:07:00,2018-06-21 16:12:44,2018-07-13 00:00:00
baa60bd5c28b34fbce8e0ceb1e43e154,8fd0f22cca078db07247ba138cdd1ab7,delivered,2017-06-02 09:40:36,2017-06-02 09:50:12,2017-06-07 13:09:08,2017-06-08 14:42:15,2017-06-23 00:00:00
bddeec8b20313e26adb47e0293e54a7d,c28158c6e8952017875396edd0720724,delivered,2017-07-12 15:12:09,2017-07-12 15:25:17,2017-07-14 16:23:42,2017-07-17 22:54:45,2017-07-27 00:00:00
9fa682b62c67e0a25f6231443434828e,3ba828ed485ab7cfb7dbfa9a9d4be1ab,delivered,2018-02-01 17:56:01,2018-02-01 18:43:45,2018-02-02 20:38:53,2018-02-06 17:15:05,2018-02-20 00:00:00
2767b7408c48c599a9a6c170ca651252,bc7f652274b9ac7633e16f1f0b4f4576,delivered,2017-05-06 12:16:26,2017-05-06 13:01:37,2017-05-09 08:27:40,2017-05-16 20:30:13,2017-05-31 00:00:00
8e1a80be84042594d3341864e0f2b082,dc03f3a2dfbf8db2eaf8e4ef491d1449,delivered,2017-06-16 17:35:24,2017-06-16 17:50:10,2017-06-19 19:04:24,2017-06-28 17:08:34,2017-07-06 00:00:00
6c3808960b526766ea7a00ae22c020ab,30475771653cbc88a01817e3af381214,delivered,2018-05-16 09:39:07,2018-05-16 09:57:16,2018-05-21 08:34:00,2018-06-09 15:03:18,2018-06-26 00:00:00
5e8752fb422500b68d03de8db7555dc6,17946ac9a78c1ae62d8f86ba535769e8,delivered,2017-08-10 15:08:04,2017-08-11 04:24:42,2017-08-11 16:17:37,2017-08-30 12:17:06,2017-09-12 00:00:00
b20687804070fdfcbb7a183e9dd0cc1b,8255e4eaf811ff690f6b153f4a127f0e,delivered,2018-03-20 16:13:06,2018-03-21 09:48:13,2018-03-22 21:29:04,2018-03-24 00:32:48,2018-04-02 00:00:00
60456855835ba53877a944c0ae15357f,88ff09efad1b2b4b8df9b54487ebbdae,delivered,2017-08-17 15:40:04,2017-08-17 16:55:22,2017-08-18 19:23:36,2017-08-21 15:24:02,2017-08-30 00:00:00
93404003d3192d8a2d781361faa129dc,c8728a6ecadbec957fde55e78ca8d03d,delivered,2018-08-24 16:01:28,2018-08-24 16:10:53,2018-08-27 15:18:00,2018-08-29 13:04:25,2018-09-05 00:00:00
38a5a268ed9f84995c960ba876ab6952,81aa7cc874954b14415ae4f6da25ede9,delivered,2017-04-11 16:21:07,2017-04-12 16:25:23,2017-04-13 10:41:50,2017-05-06 10:37:14,2017-05-11 00:00:00
cacd9b95a18d1b88b7f52fc53c2fdfc9,b351081a9a2105dd6cf855adcd7783c9,delivered,2018-03-25 10:27:10,2018-03-25 10:47:47,2018-03-28 20:21:52,2018-04-02 20:06:42,2018-04-12 00:00:00
82f71912ce7c7eab50c463a9bc595af6,7e873842536f3366356828354739dbce,shipped,2018-04-18 15:28:42,2018-04-18 15:53:32,2018-04-23 20:42:47,,2018-05-18 00:00:00
8d48de810012d2cb59c59d5c4e0442a3,c72f55c752ec2f83a27201eadbb210c9,delivered,2018-05-17 16:54:04,2018-05-18 00:37:31,2018-05-18 13:57:00,2018-06-07 19:46:20,2018-06-08 00:00:00
e01f636edc7155ddecc78f311b1f2cd0,604478c777eb4011f1f1d6c1eea29daa,delivered,2017-07-01 20:28:03,2017-07-01 20:44:02,2017-07-03 14:14:48,2017-07-06 10:19:46,2017-07-25 00:00:00
dba5062fbda3af4fb6c33b1e040ca38f,964a6df3d9bdf60fe3e7b8bb69ed893a,created,2018-02-09 17:21:04,,,,2018-03-07 00:00:00
1cd6899e0a2e42420d74de5c4371fa83,d494e80c75a3f57c7e9519c5566e7e6c,delivered,2017-03-24 00:45:32,2017-03-24 01:23:25,2017-03-30 16:22:46,2017-04-03 11:22:07,2017-04-20 00:00:00
60bdf7e8da96474e3d6d9da649ec0141,3a8c5027496b3d2bcc95372e18440c41,delivered,2018-03-16 19:36:22,2018-03-16 19:50:47,2018-03-23 02:33:12,2018-03-27 06:36:42,2018-04-04 00:00:00
a0ce71729271d271406d1b34bdb1567e,8b0a65f9fafa46ce4ae899a58b1a10ae,delivered,2017-08-20 08:17:52,2017-08-20 08:25:09,2017-08-22 21:03:13,2017-09-02 18:20:58,2017-09-13 00:00:00
a816f03325c6f977257fa2cf3608de6c,8afa8dff7b454f8577539ac25691558b,delivered,2017-11-27 16:40:46,2017-11-27 16:52:36,2017-11-30 15:58:21,2017-12-04 21:04:27,2017-12-15 00:00:00
275705caa614c75dffeaf1844c1f6db9,fabdbe658d8f6191a286dcf7bd6fb212,delivered,2018-03-08 16:20:10,2018-03-08 17:24:31,2018-03-09 19:06:24,2018-03-12 23:51:41,2018-03-20 00:00:00
27ad3cde457631774a337c7d7bad4285,bc0f4c2538125d909fe157f49492cfd3,delivered,2018-05-11 20:07:49,2018-05-11 20:30:27,2018-05-16 15:14:00,2018-05-19 13:42:03,2018-05-23 00:00:00
84388531e60d278c958e9ee95c61332f,4598009be484e3c31b4fc19a208d1873,delivered,2017-09-30 10:32:16,2017-09-30 10:51:15,2017-10-02 14:46:52,2017-10-09 21:04:19,2017-10-24 00:00:00
1917bf5f0515555c75e933ad9ff2fff4,7571dcec09a46dd321b8339ea64f7d48,delivered,2018-05-08 09:22:03,2018-05-08 09:36:09,2018-05-08 15:41:00,2018-05-11 22:06:33,2018-06-08 00:00:00
459753b1d2402ab3f8eab4f908129043,8fab651496bcc30fd97ec67048600c27,delivered,2017-11-24 13:41:16,2017-11-24 15:53:59,2017-11-28 17:57:08,2017-12-12 23:34:11,2017-12-15 00:00:00
8a91fd6aba27185220ed37dd535b3169,7a20a239de1fd2588a4d0397c54f0b77,delivered,2017-05-24 21:02:43,2017-05-24 21:10:20,2017-05-25 14:30:08,2017-06-02 10:48:14,2017-06-21 00:00:00
0e5b8fedcf80d4264e236fc26e004068,4e0dd7ffa7e59c722552a3c1b895cdcd,delivered,2017-11-21 13:57:33,2017-11-21 14:07:46,2017-11-22 22:04:45,2017-12-08 20:34:50,2017-12-07 00:00:00
a7ceb2c5f4181d15cd8566927f5180ae,9d64a2ad8bc1c7e6679a0646442c96e8,delivered,2018-02-02 19:20:13,2018-02-02 20:03:57,2018-02-08 22:16:35,2018-03-01 16:29:14,2018-03-05 00:00:00
3a23294a91e71ba11196b90c9e51d44d,ed8f8a87bb796cbcb23eac0300635d62,delivered,2017-06-07 13:22:27,2017-06-07 13:35:18,2017-06-13 10:27:46,2017-06-19 11:34:49,2017-06-30 00:00:00
e75a94d6e8bdba1aa2a9946c3837a636,dc0a596a36f033e89eeecbbbaa5603e9,delivered,2017-09-01 10:26:06,2017-09-01 10:35:15,2017-09-01 19:12:29,2017-09-08 19:07:34,2017-09-21 00:00:00
dbb6cbbc98dbc65229f1377c7f0408c7,389443bd63b73ccc36bdc8a8cc810b9f,delivered,2017-08-07 14:22:44,2017-08-08 05:20:15,2017-08-09 14:36:58,2017-08-15 21:06:48,2017-08-29 00:00:00
fb1ff5a3430d6e656729b29ddb15a0ab,1a2ca44429aad2d0351da1b43d8050b3,delivered,2017-10-25 14:39:37,2017-10-27 03:07:29,2017-10-27 18:10:18,2017-11-03 18:41:45,2017-11-13 00:00:00
76ce04fb3a0994fef44ec461d940f026,9293900075a031646a28dd6dae3c8081,delivered,2018-05-13 00:09:15,2018-05-13 00:35:05,2018-05-15 14:53:00,2018-05-21 13:48:18,2018-06-19 00:00:00
d4612a92684490006e3edc89c89a7a2b,f8bf72976f888a5dd8c8fbd580eb0e6e,delivered,2018-06-05 20:33:20,2018-06-05 20:52:20,2018-06-06 14:17:00,2018-06-11 21:08:44,2018-07-11 00:00:00
0e4672661531addf3fa0f55961e55242,9753c2c195f620cc509d22e390197c02,delivered,2017-06-25 08:11:23,2017-06-27 04:03:18,2017-07-07 19:34:05,2017-07-28 19:25:43,2017-08-08 00:00:00
43ca87695e0cf9d879038197a3f9f4c9,34c64a1419d05c418e0b79430d90f6b9,delivered,2018-01-23 11:26:24,2018-01-23 11:38:36,2018-01-24 18:59:20,2018-02-07 18:58:41,2018-02-22 00:00:00
536e606dcf8c48bf1813fe03c14cb6c5,cef9f7f2097c5fa6d84c0fada349b301,delivered,2018-01-25 22:45:57,2018-01-27 11:34:33,2018-01-31 21:32:25,2018-02-17 12:04:25,2018-02-26 00:00:00
696a92d8c4f0b9ad34106f5caa0813f6,72a8edc8e8a114c2ac359da8623154d3,delivered,2017-10-29 18:15:33,2017-10-30 19:31:44,2017-11-03 22:38:54,2017-11-11 18:58:53,2017-11-17 00:00:00
fa2fd7d7b1621c17e9a3e934e8e2f5a8,96e2d32c707893b312fabc1c8bf98086,delivered,2018-01-14 20:22:46,2018-01-14 20:31:30,2018-01-15 17:33:50,2018-01-16 20:32:22,2018-01-30 00:00:00
3e1a73eb054c586cb259149ffdfd13ba,ed0ba95dfc7b898777db974cf116f552,delivered,2018-03-12 14:41:24,2018-03-12 15:37:48,2018-03-13 19:57:38,2018-03-14 21:22:07,2018-03-22 00:00:00
7fe938a0f8240a6154b0bb4b588ed606,0145c94f89448a156864199db4c3b826,delivered,2017-06-08 21:32:05,2017-06-08 21:45:16,2017-06-09 11:03:39,2017-06-23 10:57:47,2017-07-04 00:00:00
508692b097f28d849a080d75cfcc2ef1,1173ec1c9a13bf9c879db707701d6f51,delivered,2017-12-06 09:50:08,2017-12-06 10:13:00,2017-12-07 20:21:24,2018-01-05 22:37:06,2018-01-02 00:00:00
bd37ed9b5ef9fcebdc422b5aa9686ae8,b4c2a9be4714f35f06547a07293e022a,delivered,2018-05-24 00:04:51,2018-05-24 00:34:21,2018-05-25 15:04:00,2018-06-05 14:14:47,2018-06-19 00:00:00
dd822b10da74cb1d429d84daaa0d47a3,f90ba41dcf61401814d49cd7323d0dd7,delivered,2018-02-20 22:55:31,2018-02-20 23:10:24,2018-02-22 19:04:31,2018-03-02 21:09:42,2018-03-16 00:00:00
74dd97481e0ded0e137cdd411fbeb2ad,1e1049eabf1b27be66c8f4c92b2e27ae,delivered,2018-01-29 19:55:20,2018-01-29 20:12:11,2018-01-30 20:39:45,2018-02-01 18:12:25,2018-02-14 00:00:00
7a84719435249bba3212f78aafb8ffdd,ab94295af203770365849a7b5fc9958c,delivered,2017-10-26 21:33:01,2017-10-27 02:55:27,2017-10-27 17:09:52,2017-11-03 22:21:30,2017-11-16 00:00:00
8c9e6ed4aa9e011a36594abdd88d96cf,c532e4017ffa45363d421b91515e2d36,delivered,2018-02-06 23:21:49,2018-02-07 11:55:53,2018-02-14 22:22:56,2018-02-27 10:29:14,2018-03-13 00:00:00
073fa4be4665f397a289842b1053229c,a6647fe1eda9d07ff6f8084860cc890f,delivered,2018-01-12 16:19:27,2018-01-12 16:29:42,2018-01-17 18:32:05,2018-01-23 22:17:59,2018-02-09 00:00:00
ff0d5a38b85fbd18f685047969739467,e048275f9fddd7f0c183cc921274bc62,delivered,2017-09-30 16:37:19,2017-09-30 16:49:23,2017-10-09 17:13:27,2017-10-11 19:31:54,2017-11-06 00:00:00
4189fe8c734261c2d73d1d42be33b3e4,a2804a5315ad861866e3d3b39295ee40,delivered,2017-07-04 14:07:49,2017-07-05 03:04:11,2017-07-10 19:37:41,2017-07-17 20:12:34,2017-07-26 00:00:00
623d0f3703e6f2ff3e4c041302d92807,ef081a4e9303189b05889884658025ad,delivered,2018-05-19 16:08:26,2018-05-19 16:32:04,2018-05-22 11:05:00,2018-05-24 22:36:35,2018-06-01 00:00:00
057a97c066cbaf1feaba87f5422ce04a,dc1c0469d96faaa29225d6a91f47dba8,delivered,2017-06-05 18:53:21,2017-06-06 18:55:16,2017-06-09 16:24:57,2017-06-13 14:50:16,2017-07-06 00:00:00
ef5025f48c69b9d957744cd6d6f9b662,1cd53452b9fbe5e67eb6d89448ed09f9,delivered,2017-11-24 14:41:23,2017-11-24 16:52:55,2017-11-30 16:39:02,2017-12-19 12:03:22,2017-12-22 00:00:00
f5209f8e33eb54e373ad757623d2934c,c0d6de5a1a3a46e7e24a9661c2fe9f9f,delivered,2017-08-30 09:02:19,2017-08-30 09:15:17,2017-09-01 18:53:26,2017-09-15 20:53:44,2017-10-05 00:00:00
63cd4c6c97737eb374e4b09ed5c1379a,bd503113c9696cd633021943b3d161b1,delivered,2018-07-24 21:46:29,2018-07-24 22:04:18,2018-07-30 14:17:00,2018-08-07 16:41:41,2018-08-22 00:00:00
0a92b722c3355980ef37fd1fee068c6c,9fc3f91e6cf5a681040dfcf82a66e016,delivered,2018-04-08 19:50:03,2018-04-10 04:11:11,2018-04-17 00:16:48,2018-05-14 17:42:02,2018-04-27 00:00:00
fa1d2f55776a28be054d1b1b3c12bb51,655c2888fe0422dbdcc2559caa57d60a,delivered,2017-03-21 13:50:46,2017-03-21 13:50:46,2017-03-22 10:44:32,2017-03-28 14:35:12,2017-04-07 00:00:00
8e41a4552a7f51874a72a22b403160b8,cb9e924bdc43e5388cd12af920059d4c,delivered,2017-11-24 14:29:21,2017-11-24 16:33:50,2017-11-27 18:53:27,2017-12-05 19:52:04,2017-12-19 00:00:00
9a29901dd783afb25b9daca2a52ae1e8,9cd5dc9af35a13cdb631b0899b32387e,delivered,2017-09-22 01:40:53,2017-09-22 01:55:09,2017-09-25 16:48:22,2017-09-26 16:34:53,2017-10-09 00:00:00
d072721a35666a6441234e765e92e205,2b111f3294213fd0a9f42c2af5f292df,delivered,2017-09-23 16:08:14,2017-09-23 16:15:23,2017-09-28 21:17:15,2017-10-04 21:32:00,2017-10-20 00:00:00
cc947927fd992637599f2b7f487adc7e,64403449ad39bc259393a53633275196,delivered,2017-09-11 21:45:03,2017-09-11 22:03:54,2017-09-12 16:35:18,2017-09-15 19:46:47,2017-10-02 00:00:00
032a688c9db451501788d95c7f794ed6,3881d142f5438ea09b6ffb21f0fd1ed6,delivered,2017-09-18 21:18:37,2017-09-18 21:30:18,2017-09-19 17:55:54,2017-10-10 19:30:42,2017-10-06 00:00:00
e75f1bbf23dbdb449cd179f07abb8eaf,4cd4385c6ceedefe721666249895d5b7,delivered,2017-12-05 17:16:48,2017-12-07 16:31:41,2017-12-12 01:48:46,2018-01-13 02:09:58,2017-12-29 00:00:00
600da00a0c6505a2831ecb9b7ca18c7e,352d9d94c26ab1aa2a06d5eabd10f020,delivered,2018-05-07 19:58:23,2018-05-07 20:11:14,2018-05-11 13:30:00,2018-05-21 13:42:33,2018-06-01 00:00:00
1222dd8e203987d55f99c5552d41746e,b4d9bdccef2f565308b2564514eba827,delivered,2017-09-11 15:36:42,2017-09-11 15:50:53,2017-09-25 12:23:57,2017-10-03 18:51:27,2017-10-09 00:00:00
bf8569849cf96423f89a59792c83184e,46bcc20ccc04bf316305ef8aa6f59d4d,delivered,2018-08-03 10:13:57,2018-08-03 10:30:15,2018-08-03 16:11:00,2018-08-07 16:16:54,2018-08-15 00:00:00
5df5b6ce88b311095393f226e4366bcf,d3a9e9011a910ed8c3b29086a2eae256,delivered,2017-07-19 18:44:39,2017-07-20 18:50:22,2017-07-26 00:14:37,2017-08-07 17:56:51,2017-08-22 00:00:00
2b544b8241dd8fff06e4585c901d885e,9a26a1c5188c5c8ca9c88f140e0a8697,delivered,2017-08-03 14:05:45,2017-08-03 15:15:11,2017-08-09 20:08:46,2017-08-14 18:53:43,2017-08-25 00:00:00
385ee684756196285e5450358ecf30d3,77f22f7becdc5a932cf8a050b28ce70d,delivered,2018-06-12 18:14:33,2018-06-12 18:46:40,2018-06-13 12:24:00,2018-06-15 23:29:41,2018-07-03 00:00:00
96ce8bad186d048ce238079d1022fc6c,6e8c8dc2d1380ee7a963e31ec01885fe,delivered,2018-04-04 16:55:14,2018-04-04 17:09:46,2018-04-05 22:11:34,2018-04-06 20:37:31,2018-04-20 00:00:00
830812ac2a32f5c5af831649af03c820,2f184454010f915745b02cccee5dde00,delivered,2018-01-17 07:17:53,2018-01-17 07:29:53,2018-01-18 20:46:36,2018-01-23 19:48:07,2018-02-07 00:00:00
155ef0fdd47407446e4fd43d34997bbb,c02762b6375491d033f3ac249342ee05,delivered,2018-07-19 15:35:29,2018-07-19 15:45:20,2018-08-07 17:16:00,2018-08-09 14:42:27,2018-08-14 00:00:00
ccfc23e8a089afcb9b3e98ad1eadb5fc,7517dfb47f94b65d6cfd8b50ee0eaaa4,delivered,2017-09-04 22:55:23,2017-09-04 23:10:09,2017-09-06 22:12:50,2017-09-18 18:43:01,2017-09-27 00:00:00
ea79e277f80d026f510af11d7813c6d9,cfe2274c73c9048dae0c6708138ddb47,delivered,2017-04-23 11:57:02,2017-04-23 12:05:42,2017-04-28 16:52:51,2017-05-09 13:04:00,2017-05-29 00:00:00
424c7f648ec1a188ab3f51a67cbd2e12,95684bf2d7b6a3587ddacaa82a3f5ee6,delivered,2017-11-02 22:46:46,2017-11-02 22:55:28,2017-11-07 19:57:13,2017-11-16 17:38:52,2017-12-05 00:00:00
d57972b73a27f652ccf86430761823d9,f20d883c319a6547c3fd39d25c8e0c54,delivered,2018-04-02 18:00:26,2018-04-02 18:10:18,2018-04-06 23:49:47,2018-04-12 01:03:19,2018-05-03 00:00:00
b7705b2fe11703e8b7e9cf02ddea50f9,d5e9a2e59b5f17096a12822f556ac07a,delivered,2018-06-20 23:39:24,2018-06-21 01:17:14,2018-06-21 16:08:00,2018-06-25 12:21:08,2018-07-13 00:00:00
6cc24bf6c628c261d2f9f0f7eef52a93,2ea3c1a8474fbd79dc4862f7ccf26ced,delivered,2018-02-22 21:58:26,2018-02-22 22:10:34,2018-03-01 18:46:59,2018-03-27 16:32:36,2018-03-27 00:00:00
74307d89ea137d75c1300106f5aec9a9,5a55d3e6c1dba9bf959f949dd7b91095,delivered,2017-05-25 11:43:12,2017-05-25 11:55:24,2017-05-26 04:55:37,2017-06-01 16:46:40,2017-06-19 00:00:00
73d0ad16085b5c415b4bb7ec496ac0c3,db7456b6b398f8dd62fd7bb6c28d59b3,delivered,2018-03-17 16:29:08,2018-03-17 16:49:33,2018-03-19 22:48:43,2018-03-21 00:14:49,2018-03-29 00:00:00
c66aaca1cdf9bf8776f676b7398f8feb,fa087843ff42cf337317d1f3f62fb18b,delivered,2018-01-27 10:40:48,2018-01-27 10:55:07,2018-01-30 14:26:09,2018-02-05 20:52:09,2018-02-20 00:00:00
7b1ac4e60f6fa1bcc21cbd258f6ea1bd,828ad019f5604b99cdc428b0cb245e11,delivered,2018-06-06 11:53:02,2018-06-06 12:12:53,2018-06-08 14:02:00,2018-06-14 16:58:43,2018-07-12 00:00:00
953924bfb9b567973c9f02020eb17eab,55c46824828ced3be243bdac63ab61b3,delivered,2018-05-13 21:46:24,2018-05-13 22:13:44,2018-05-15 14:27:00,2018-06-07 19:56:31,2018-06-08 00:00:00
30f787b535ed54e933946a6da76246fd,6318d5dbc7a0bcd4f0d7433daba1dcba,delivered,2018-04-27 15:42:37,2018-04-27 15:55:23,2018-05-03 15:12:00,2018-05-04 21:04:05,2018-05-10 00:00:00
8b2f6212e3a5681805601bad0a43905c,8f939afa25f8867ec54f75175da0af11,delivered,2017-03-08 13:19:21,2017-03-08 13:30:09,2017-03-09 09:40:27,2017-03-13 12:21:55,2017-03-30 00:00:00
cf3c9d37ec74339e66e6fe4daa089fe4,0079368290cd7f161d62e7df9377d8ce,delivered,2017-03-13 14:39:34,2017-03-13 14:39:34,2017-03-15 14:55:14,2017-03-20 14:51:28,2017-04-03 00:00:00
e53a8a6728d3ba5c3662929455d7a6d3,f2620c7f70e8cf8c8c53de4ad4a80ff1,delivered,2018-08-16 22:03:02,2018-08-18 02:50:59,2018-08-21 15:11:00,2018-08-27 22:18:43,2018-09-03 00:00:00
d4501b76dceffd5cb10f4d720e6c3ff2,be78a8397ca3f5cded7a58282e947d14,delivered,2018-05-08 20:08:50,2018-05-08 20:54:53,2018-05-16 13:44:00,2018-05-25 01:18:22,2018-05-22 00:00:00
21938ab3a8cc42a797d428700bcf04ee,e20180b079f2d5685df5563e2483450b,delivered,2018-01-21 21:10:31,2018-01-22 14:00:17,2018-01-31 10:53:25,2018-03-06 21:49:32,2018-03-16 00:00:00
cf0c47c42ff868bcd8e038ee2945c1b1,faec088f82ee22f671f583451ad4849b,delivered,2018-01-27 12:41:10,2018-01-27 12:53:31,2018-02-01 16:50:56,2018-02-17 14:08:59,2018-02-20 00:00:00
1476819dd3e3d7fc87ee304b36af52bb,220a5e8e54c1b22d364f575732551774,delivered,2018-02-27 15:19:43,2018-02-27 15:35:33,2018-02-28 22:54:40,2018-04-17 15:51:35,2018-03-28 00:00:00
01b241fa1421c8284e8c1029a503360f,fd3aaca05dc7738e405ff6669a5bf7f0,delivered,2017-11-29 23:32:52,2017-11-30 00:25:28,2017-12-05 21:41:24,2018-01-15 16:18:34,2017-12-29 00:00:00
84b8aa364340ac5264c756bf7cb88c7e,eb33101eb2d193da1fb3cd894ec44544,delivered,2018-03-13 18:20:46,2018-03-13 18:35:29,2018-03-14 20:27:34,2018-03-22 13:42:36,2018-04-11 00:00:00
221ec4c4f942cf32d965d9a70a188b75,63726785895b4f00d302a0ad74d6fbab,delivered,2018-02-28 22:39:26,2018-02-28 22:50:27,2018-03-08 18:17:05,2018-03-12 16:32:29,2018-03-13 00:00:00
3272770f15ff5da42dc4973b1b179552,e4eb839347c15a4998942e6ee3a032a2,delivered,2018-06-20 14:44:03,2018-06-21 03:38:42,2018-06-21 12:20:00,2018-07-03 16:41:19,2018-07-24 00:00:00
fff6b8ca971f8e3ec822e99d0f2d3d21,2aec499f94f5e82786629a84b816ffb9,delivered,2017-09-15 11:44:46,2017-09-15 12:04:29,2017-09-18 16:47:13,2017-09-21 19:34:19,2017-10-04 00:00:00
386e1d515c86ae0c848135e34e109c6d,3a66c9f9a3d8b6ad570575d6222e02e1,delivered,2017-11-24 13:03:34,2017-11-24 15:14:24,2017-11-28 14:17:46,2017-12-04 19:11:59,2017-12-19 00:00:00
d93d9db59fc92ea85f60e36901b0d20b,9cb14de38fcd859ae0dabd86c173f38b,delivered,2018-02-16 16:30:42,2018-02-17 03:50:30,2018-02-20 18:51:46,2018-02-28 21:56:45,2018-03-12 00:00:00
91d2f27275e4aa9d45bca67efd2db2eb,38bcbbaec8a2b792bbe4b14bd5451fe7,delivered,2018-05-19 10:17:44,2018-05-19 10:30:50,2018-05-22 07:29:00,2018-05-23 22:51:53,2018-05-29 00:00:00
d34e326c0b15c4b4a481ba1376687e75,4eef378ad98a010b62ff45bf2f9bdcfc,delivered,2018-03-25 11:05:58,2018-03-25 11:30:28,2018-03-26 21:12:02,2018-04-05 20:38:36,2018-04-13 00:00:00
e63f16fab229756ce58f86d40747944e,0c8fca0ebf003ce1352d04675da28d70,invoiced,2017-12-11 12:22:24,2017-12-11 12:31:01,,,2018-01-12 00:00:00
d1ac79e195d42ffecfe5abe8428c6535,a43b9483961041642fa607e74f87b912,delivered,2017-11-27 08:11:49,2017-11-29 08:16:44,2017-12-06 10:15:43,2017-12-23 18:22:19,2017-12-22 00:00:00
512ba2efae3409f37660ce26199b32aa,f760951c8c3d425beffe0ef8369dd880,delivered,2017-11-28 10:14:23,2017-11-28 10:40:39,2017-12-04 15:22:16,2017-12-28 00:54:59,2017-12-21 00:00:00
45076151b8ea416cffebd82f5013905d,0b5ba46cf03cfbe33cb831c793b78614,delivered,2018-05-20 16:07:46,2018-05-21 08:17:38,2018-05-21 15:10:00,2018-05-30 18:51:34,2018-06-08 00:00:00
3f5e0a232057280398c649839e3fc4c7,51fa33cd27ea50e70804ba9599ea32fa,delivered,2017-07-14 19:56:13,2017-07-14 20:10:13,2017-07-18 16:49:09,2017-07-21 19:37:36,2017-08-14 00:00:00
18b3b5404f523379b23e3eed42639acc,ddce5ee9d690ebebadef1680436cbfc9,delivered,2018-03-07 09:07:24,2018-03-07 09:28:46,2018-03-08 21:08:37,2018-03-23 00:14:25,2018-03-29 00:00:00
bd0ece9767b9088d339d9f68ed6a4738,baf6ad0e2d1f7703ffa952b94ace7f81,delivered,2017-10-07 19:25:21,2017-10-07 19:49:59,2017-10-10 18:08:13,2017-10-20 20:33:48,2017-11-08 00:00:00
ce4cd882c938dbabdfdb5637c78cc088,cb6284bbdb4fcc704700310867efc4b3,delivered,2018-04-05 11:51:59,2018-04-05 12:09:34,2018-04-10 19:13:46,2018-04-18 18:03:36,2018-05-11 00:00:00
c51937c0ea3f397cbf08be8fbdce3730,68809414f9e0cf7bce8d8b29b23a319e,delivered,2018-07-12 15:03:20,2018-07-12 15:15:19,2018-07-18 16:23:00,2018-07-23 19:56:28,2018-08-09 00:00:00
fcba992b4475ba26d07f17a27a23096a,fde66b3c6ed3cf7f551ff6db24a580d1,delivered,2017-10-20 01:40:52,2017-10-20 01:56:12,2017-10-20 18:09:18,2017-11-06 23:28:50,2017-11-17 00:00:00
1591f1de66fc6657c009d107db35c4d2,04361b218639fa1eea85ab84aebcab7f,delivered,2018-02-08 19:43:13,2018-02-08 19:55:26,2018-02-14 15:30:44,2018-02-24 13:53:26,2018-03-07 00:00:00
acb4c1925f0ff9c7cd6467f5606048d3,93fceba85d3875c64e2f3c742ee72e06,delivered,2017-03-18 17:09:49,2017-03-18 17:09:49,2017-03-21 15:03:34,2017-03-24 11:44:49,2017-04-06 00:00:00
7c8582fc7ce51a091fe83cb5efa4e84e,78b2c378bfab658007bb6c5ae2b09829,delivered,2018-01-12 14:57:31,2018-01-13 14:52:30,2018-01-15 17:24:46,2018-01-17 22:23:33,2018-01-31 00:00:00
496879e6aacb9458a76bff96eed3c201,8e3760cfa61e9800fe663c7ff9f43ec5,delivered,2018-05-18 10:12:23,2018-05-18 12:31:40,2018-05-22 13:27:00,2018-06-01 17:32:39,2018-06-07 00:00:00
822439c9a01bc64ce644063229f3edd1,1878256be6b16ab5f7759b1c7d7f4903,delivered,2018-05-29 16:48:42,2018-05-29 17:18:04,2018-06-04 11:01:00,2018-06-13 16:06:36,2018-07-04 00:00:00
620ea07d40c8834b597d0eba70441dc5,9bda75a1455bb02fcd35736974cd9b5b,delivered,2017-04-14 09:40:26,2017-04-14 09:50:12,2017-04-20 16:24:25,2017-04-29 08:47:52,2017-05-17 00:00:00
9171d836da11db31ce6c50f2ebbbac3e,a1cd7aead5b4948681cfcf303b3b5845,delivered,2018-04-04 15:04:00,2018-04-05 02:08:33,2018-04-10 00:42:40,2018-04-13 02:58:27,2018-04-24 00:00:00
e7f43c9d5f7368426c44a239394c88c1,208f0d8197eebd27794e170ae03baeab,delivered,2018-01-10 18:23:37,2018-01-12 02:35:25,2018-01-13 02:11:33,2018-01-18 21:06:02,2018-02-02 00:00:00
441ea67107244e89c39b195d9837f13c,4821b2cbe033263dc2acf2746d26e4ea,delivered,2018-04-05 19:10:04,2018-04-05 19:29:46,2018-04-07 01:30:52,2018-04-11 18:56:42,2018-04-24 00:00:00
d9f834b712ac280bbbbcd7a3114c240c,01268a9cd062a41dbaebe24bd8b07cbf,delivered,2017-12-03 17:28:22,2017-12-05 17:34:05,2017-12-06 21:09:20,2017-12-07 18:56:43,2017-12-20 00:00:00
ac9d3c6f71261fcb42ebbc4e4c217158,1d8e6f4864a4020b702ea9c27919395c,delivered,2018-04-11 07:16:27,2018-04-13 02:15:26,2018-04-16 18:41:31,2018-04-30 16:38:30,2018-05-07 00:00:00
48ea816d75222e26e37782d2ebe2ea5b,f352c906cb7fc6cd2a5c6418dae23102,delivered,2018-08-08 17:42:25,2018-08-08 17:55:09,2018-08-09 16:08:00,2018-08-15 21:51:19,2018-08-20 00:00:00
36f66ebfbd144aa6fb39338bd87b0bf9,31d62517aee3298dee0ace2f38dc8bb4,canceled,2018-02-26 00:11:02,2018-02-27 04:31:24,,,2018-06-13 00:00:00
3f003568147c785083d014edfba38c48,72d90899884781ae2fc19e49cc102fc0,delivered,2018-06-18 16:58:12,2018-06-18 17:20:37,2018-06-26 15:27:00,2018-07-02 22:49:09,2018-07-17 00:00:00
38aa97b92f4bf145ebb05ef8fac968ce,4e989a498f4bbc6d8ebea20b82dcd07e,delivered,2018-06-26 09:51:24,2018-06-26 10:18:03,2018-06-26 15:10:00,2018-07-05 19:32:15,2018-07-27 00:00:00
d33a52afa37dd9de6958cedae3be455e,11fa2de1bb5510a94dc0f632cda6dcd8,delivered,2018-05-20 21:01:14,2018-05-20 21:15:12,2018-05-23 14:57:00,2018-06-06 21:42:41,2018-06-12 00:00:00
5038506ec2dd435985c9a1b5a092c82a,14c1bf6fe65bb17158b3cf732d2f1030,delivered,2018-06-12 00:09:55,2018-06-12 00:40:02,2018-06-12 10:04:00,2018-06-18 19:40:55,2018-07-30 00:00:00
3e6cebc1c7e80e0a04824f7bf40eb239,afc7e7baf3a9a8ca3e8bc623ceb4c7bb,delivered,2017-04-30 21:06:42,2017-05-03 14:25:47,2017-05-04 12:29:58,2017-05-10 09:13:56,2017-06-07 00:00:00
dcf51b3ba4cb3e45b46d4700e9d2d372,ace4afd0542aa350c02e981fef5b7e85,delivered,2018-02-06 13:57:42,2018-02-06 15:55:44,2018-02-09 00:26:42,2018-02-19 23:53:09,2018-03-05 00:00:00
a3d151c2ee996bb54d0d9f7cc83c5746,4ad3ae9fff4c9785fc6f64119e984dd5,delivered,2018-04-11 10:48:10,2018-04-13 13:29:44,2018-04-17 14:32:56,2018-04-23 20:56:57,2018-05-08 00:00:00
bbfcb9e2e2d656df90c1e837f5f47c09,8445a2ff04289c3f6c1d70dc60374f4c,delivered,2018-04-24 16:28:48,2018-04-24 19:10:24,2018-04-26 13:25:00,2018-05-09 14:46:41,2018-05-25 00:00:00
8a39418f537f1331c452e7aea5bffb87,a5c7b19053987167d1b44ebe65e5dbe7,delivered,2017-09-12 07:50:04,2017-09-12 08:05:37,2017-09-12 19:47:52,2017-09-15 12:16:57,2017-10-06 00:00:00
44ce4717fa02c8f0fb032b88cf45b8a3,52cb889b339c853bb6476e5601de2e58,delivered,2017-05-26 22:34:37,2017-05-26 22:50:14,2017-05-29 08:58:32,2017-06-01 16:24:58,2017-06-20 00:00:00
80341e701b91f4e9f068a3ec40fb0440,006d300ffcb82917c9866dd5a507dbe6,delivered,2017-02-16 15:53:00,2017-02-17 02:25:15,2017-02-20 15:17:35,2017-02-24 16:07:25,2017-03-24 00:00:00
3c16692a1dd481962d06a7f55598d8c1,0ca3dcec8d4eb3a6c7a7759fe9a74b82,delivered,2018-01-21 13:32:32,2018-01-22 13:50:13,2018-01-23 16:54:38,2018-02-23 22:26:41,2018-03-02 00:00:00
2b80bbe860a78a5c399ce50fd730c376,2d3af39a7671478e882a9e390007f6c0,delivered,2018-01-31 12:39:32,2018-01-31 13:46:59,2018-02-09 00:49:08,2018-03-03 18:39:04,2018-02-23 00:00:00
d2fee8629e0a482149dd28013ac6dbe5,d94dd892998e1f07d4a84e9475d6c05e,delivered,2017-08-03 13:04:46,2017-08-03 15:25:20,2017-08-09 19:23:49,2017-08-16 19:34:26,2017-08-25 00:00:00
e8677219f75f7697fa8f9fdb8ee8497b,b4b0ca9e4baf76925883b0f33924c74d,delivered,2017-12-13 18:25:19,2017-12-13 18:32:27,2017-12-14 19:18:55,2017-12-22 21:02:50,2018-01-08 00:00:00
6f6b240506c5b26a3ef1bd743b8b5d37,dbc848ab648ff35d09fab22b07d525de,delivered,2018-01-28 17:51:28,2018-01-28 17:59:39,2018-01-31 20:21:19,2018-02-10 00:18:34,2018-02-22 00:00:00
8837cc02b9f2696152b7c99ea0c1b39e,328625c1a96603950042ecbc70c6806d,delivered,2017-10-04 10:23:30,2017-10-05 03:04:12,2017-10-06 21:37:44,2017-10-11 23:09:29,2017-10-26 00:00:00
b047dac5341ea96271595f661f547ede,6ec6484eddf235f3a0e07223fbdf2d4e,delivered,2017-11-21 08:24:21,2017-11-22 02:56:31,2017-11-23 01:26:50,2017-12-07 19:49:54,2017-12-07 00:00:00
df2887ca6744389b31fc5749e30a6efb,234de0249c0d24e311ce8652294385c1,delivered,2018-04-09 19:47:31,2018-04-10 19:49:56,2018-04-11 18:58:46,2018-04-17 01:36:31,2018-04-19 00:00:00
cfed34f41af534e5a559e99136d02ba5,ae3462b3c800713251a4735764c7f4bf,delivered,2017-12-04 21:12:17,2017-12-05 08:30:42,2017-12-05 21:35:58,2017-12-08 01:22:41,2017-12-20 00:00:00
e00ed9d20c3479f9f0e9727ca9d60946,9eed0427964fdb6119f95015282a94b2,delivered,2017-12-17 10:50:19,2017-12-17 11:14:09,2017-12-20 20:09:35,2017-12-21 17:39:59,2018-01-05 00:00:00
16b234c91594ce8b1ebcee5e422610f1,85a033dca01f74927fd9b30bcd7351f7,delivered,2017-11-27 00:05:09,2017-11-27 00:19:38,2017-11-27 16:43:06,2017-12-04 19:12:28,2017-12-18 00:00:00
80856e464d96ed6573219f5d65fc7f3e,a65586b39286f01b1a697f36d7364add,delivered,2017-06-22 17:39:58,2017-06-22 17:55:11,2017-06-28 14:45:06,2017-06-29 17:59:47,2017-07-05 00:00:00
6ab7569ca759f8bc38432f315743fcd3,46402f6f38e465b425db684e5987718c,delivered,2017-10-25 11:12:59,2017-10-25 11:28:44,2017-10-26 18:12:51,2017-10-27 14:42:28,2017-11-07 00:00:00
a94ac257ec55877ef187acca90a312d5,d4b49904ad9b69fcdff1dd8dff926eed,delivered,2017-11-23 12:58:25,2017-11-23 13:09:13,2017-11-24 14:28:48,2017-12-05 23:56:49,2017-12-13 00:00:00
6d3387429df1d01b1fd17ffe1b631d31,f72799af1d2b8d7b0df5179db6c85128,delivered,2017-08-30 10:24:57,2017-08-30 10:35:10,2017-08-31 22:42:46,2017-09-06 19:57:46,2017-09-20 00:00:00
241adc087f5732067fc042dceb9cc6da,8bac337f299a513e8c90b9fe96b12dd1,delivered,2018-02-07 11:48:20,2018-02-19 09:06:52,2018-03-02 17:23:28,2018-03-06 01:05:18,2018-03-13 00:00:00
94efba2960b135b735b57b7da59cab23,dec279f41d4f2631279947edf78abb3e,delivered,2018-03-18 17:17:42,2018-03-18 17:30:51,2018-03-19 22:36:26,2018-04-16 20:24:23,2018-04-06 00:00:00
cc8412c7495b3d013e638dae26f04c9a,c58d940e46fef3a1ccee5f0839fb5442,delivered,2017-08-22 12:06:26,2017-08-22 12:26:32,2017-08-23 20:56:05,2017-08-24 15:28:14,2017-09-04 00:00:00
3d5651800efaa81c9c96808ded6f145e,2a882786bc3a3af530ed3405b171b09b,delivered,2017-09-16 19:36:06,2017-09-16 19:45:39,2017-09-18 21:51:46,2017-09-22 18:02:43,2017-10-05 00:00:00
848cde78cd7e1fb3095502b79217a7ce,01ea69b195809e2a8a932de44d8c0f73,delivered,2018-08-09 15:53:34,2018-08-10 03:24:50,2018-08-10 14:54:00,2018-08-20 15:15:00,2018-08-27 00:00:00
ab7bbcf90a1c2d1b7cf184cc23e18af8,6d7f7138d2c8c74549dd30dc4e2d56e6,delivered,2017-11-29 14:40:33,2017-11-29 14:58:45,2017-11-30 20:13:27,2017-12-02 15:08:47,2017-12-13 00:00:00
08119452a05228b9c7e379abf9622dab,e2422f56e6dd19624c27b58c1d622d42,delivered,2018-06-07 21:35:52,2018-06-07 21:54:39,2018-06-08 12:29:00,2018-06-14 18:44:59,2018-07-03 00:00:00
f7c5c5ff5045e13c98901bbbf8e871d4,1d5f7303f8a2248f42cf919af8d77cc3,delivered,2017-07-26 18:22:31,2017-07-26 18:38:51,2017-07-28 17:35:33,2017-08-07 19:22:24,2017-08-18 00:00:00
55a1bd51649b05cde9220959adebef9b,76775cae519ccd4bba3182a88f444379,delivered,2018-07-20 10:01:05,2018-07-20 10:10:20,2018-07-30 14:17:00,2018-08-03 20:40:41,2018-08-23 00:00:00
b52297c2962cf13981238d8a35c0f62c,3ee60392c784c837894f3391360004a8,delivered,2017-05-30 19:27:49,2017-05-31 19:35:22,2017-06-09 13:34:05,2017-07-12 21:56:51,2017-07-06 00:00:00
38b1f1d241fb8a17915d58514c912418,a615fb4a888b6c54964306a7e6f9d745,shipped,2018-03-08 21:43:11,2018-03-10 11:48:30,2018-03-12 22:54:52,,2018-03-29 00:00:00
45f794057f395c0410ffb2c1cb716d0d,995f438f2c0e4a674739dabf0399ee4a,delivered,2017-08-19 12:23:15,2017-08-19 13:04:26,2017-08-22 09:10:18,2017-09-09 16:52:11,2017-09-27 00:00:00
2214cc5b55271606e0beb67cc2d09eef,9af79b39675d49c918269e2888361ed9,delivered,2018-04-25 17:16:10,2018-04-27 03:51:18,2018-04-27 10:05:00,2018-05-14 13:26:55,2018-05-28 00:00:00
c985ae8fdce216ddf62df687c3504ecb,9393ea60acdf05a4004483c3b7c24d77,delivered,2018-05-11 13:08:50,2018-05-12 03:32:28,2018-05-14 14:28:00,2018-05-17 22:51:04,2018-05-29 00:00:00
db33c2c3cc0b7e95e31b9ea491ece2a9,2366c641ff953db5f1f6b3d7ec2f8765,delivered,2018-08-13 11:51:12,2018-08-14 04:35:13,2018-08-16 14:23:00,2018-08-24 23:18:47,2018-09-03 00:00:00
df1673f73c6ab875ce62808a1e5e460b,e58233586c7ac3988d6484934d492028,delivered,2017-07-04 20:36:40,2017-07-05 17:42:26,2017-07-06 13:54:36,2017-08-09 15:35:42,2017-08-07 00:00:00
206936fdf08a1d23122f1d36c4e0e064,810c7bae3b3fe36cbc666dec01471292,delivered,2017-06-29 20:46:04,2017-07-01 05:04:00,2017-07-03 14:53:44,2017-07-08 14:31:58,2017-07-24 00:00:00
816c0409fb7624265037bcbadc488c2b,ce84bc58b9f9dfb7fcb0b5da67c99087,delivered,2018-04-24 18:55:28,2018-04-25 18:32:10,2018-04-27 11:19:00,2018-05-03 15:22:18,2018-05-15 00:00:00
ac1dce035adc8c31bd95b3042286e137,e8b60775fce3a9380e7621fa3d89124c,delivered,2017-04-01 10:21:49,2017-04-01 10:35:19,2017-04-03 15:27:55,2017-04-06 16:38:20,2017-04-26 00:00:00
ffbf724743bab15cd008f066b4cf0031,cafddfff0e5702e30d987bfea1a4b837,delivered,2017-12-15 00:09:12,2017-12-17 00:51:50,2017-12-19 15:47:05,2018-01-03 21:59:12,2018-01-10 00:00:00
7d265b674601988f57e127c10abba93a,0f3c6edd9f58c263db53fdb1783a249d,delivered,2018-03-27 09:06:00,2018-03-27 09:15:24,2018-03-28 19:36:41,2018-04-06 01:50:38,2018-04-17 00:00:00
471af150dabb3b168af660f139fe01db,0cc966a6d82b632386cec199fba352a2,delivered,2018-02-24 10:10:11,2018-02-24 10:27:48,2018-03-01 12:31:52,2018-03-02 22:59:43,2018-03-12 00:00:00
edc39c747837ab7258f382372e798824,2017aa1d9a2706825014b8d3aece07d6,delivered,2018-02-26 09:24:33,2018-02-26 09:50:01,2018-02-26 21:22:06,2018-04-23 15:17:35,2018-03-26 00:00:00
07a95f982477a213f498dba6bd405372,08e5ed5ac7e17524347b55e9db5e8692,delivered,2018-05-11 10:18:31,2018-05-12 03:15:09,2018-05-14 14:44:00,2018-05-18 15:32:18,2018-05-21 00:00:00
486fd37a365a65189747be8c6c4f05af,32b231f4bb38d9d9670c5512f7409b34,delivered,2017-11-24 15:05:45,2017-11-24 17:19:44,2017-11-27 17:18:46,2017-12-08 13:14:50,2017-12-21 00:00:00
b63e40d0cb9e669bd347c6a060033299,7ebd893a2bbd6d8ee6cc10e19ce6904f,delivered,2018-03-06 00:42:20,2018-03-06 00:55:51,2018-03-07 20:42:19,2018-03-16 15:04:11,2018-03-29 00:00:00
e706d614326b76f48f24d82f86c0b2ed,6fd87c3e71f1826c38e560951b6f459c,delivered,2017-02-14 18:12:12,2017-02-14 18:25:13,2017-02-17 14:18:53,2017-03-03 14:03:32,2017-03-23 00:00:00
27a940efdd448db29463b53ea0cfa2f4,3b3a94e8869494140c9338cf3034a920,delivered,2017-05-01 23:09:52,2017-05-03 14:10:15,2017-05-04 14:42:30,2017-05-23 17:16:57,2017-05-26 00:00:00
e1e993f6e8b2761005ba148892c3af85,26e3f149ebb280f754d415146ab0ca52,delivered,2018-05-13 00:06:18,2018-05-13 00:15:22,2018-05-14 15:16:00,2018-05-15 14:23:40,2018-05-23 00:00:00
84749c48c0418e2fadb637818cd967e2,8979fb8cbd57e87fad18c4fd0f1ca487,delivered,2018-05-14 17:50:03,2018-05-14 18:10:13,2018-05-15 11:34:00,2018-05-22 13:54:40,2018-06-06 00:00:00
71d85c2db870a3606e1ef292aec2d5b0,7c81a72e2604e2e4d33c3d3757596c44,delivered,2017-02-07 17:24:22,2017-02-07 17:30:14,2017-02-08 10:42:47,2017-02-21 11:26:10,2017-03-30 00:00:00
9d75c13a38478759d01d70c2dd49d06f,34701efe715e4df96dfd1663574d4377,delivered,2017-08-26 11:30:13,2017-08-26 11:44:36,2017-08-28 17:45:54,2017-08-29 22:13:52,2017-09-08 00:00:00
398fd6b442d547df72d50856acac5722,eeefdd738a57bdbadf9eec64a5a5dec9,delivered,2018-01-14 12:23:28,2018-01-14 12:35:31,2018-01-15 16:10:17,2018-01-22 20:58:25,2018-02-08 00:00:00
650ffb197b3906c90c24293d86fd0dd7,bb41053c4c1907770d38f32a38187d2b,delivered,2017-08-31 21:23:03,2017-08-31 21:35:20,2017-09-01 18:54:30,2017-09-12 22:56:48,2017-09-19 00:00:00
4069c489933782af79afcd3a0e4d693c,5d6ddc4e70e7d06e3b32e2ebd658de6c,delivered,2017-07-02 21:10:38,2017-07-02 21:25:15,2017-07-03 15:21:42,2017-07-13 19:19:52,2017-07-27 00:00:00
ab1430e26162f925a945d18941057aee,af03e2ac913ef5553ca0b772fd0757bc,delivered,2017-05-18 15:32:21,2017-05-18 15:42:34,2017-05-22 17:12:50,2017-05-30 09:07:45,2017-06-07 00:00:00
02a98752595ee9d94c570ad3e18055b4,7bb5b53c7d838d8ca7e94ce809b7d784,delivered,2018-08-02 12:05:59,2018-08-02 13:04:18,2018-08-03 16:15:00,2018-08-07 18:18:30,2018-08-07 00:00:00
2e240f743fe9574f3e0ae4bf33e43a70,d2981083143557099c192fc3f7935610,delivered,2018-07-10 20:11:43,2018-07-10 20:25:51,2018-07-13 11:55:00,2018-07-24 10:41:46,2018-08-08 00:00:00
a47f10b58f94c3040d5db5e91ba8b4ef,59ba19787a301a48bee9f11ee4dc8a4e,delivered,2017-12-22 09:59:43,2017-12-22 10:10:59,2017-12-22 21:49:56,2017-12-28 14:59:21,2018-01-18 00:00:00
8e52a68d565e91ac8c01ec9c8e39c77e,055969db327a781fd3d88472468519fd,delivered,2017-12-28 03:42:44,2017-12-28 03:54:18,2018-01-03 20:46:47,2018-01-08 22:21:06,2018-01-23 00:00:00
b12e06af2feaab15941320b70896b799,249e03e6bd09c9043273de4e6532aa76,delivered,2018-08-08 12:17:57,2018-08-08 12:30:15,2018-08-08 16:13:00,2018-08-13 14:51:37,2018-08-17 00:00:00
54484ffea00a1f43881bfaeeeaf0dfb8,0586163eeeb604b6a6da218de418c829,delivered,2017-11-25 20:25:18,2017-11-25 20:36:25,2017-11-28 21:18:45,2017-12-14 00:14:15,2017-12-18 00:00:00
0fbfebae9c3d582b0057288e551a8c0e,0e0dcbc635c9b39a3b686f7f0b73525c,delivered,2017-08-22 21:50:40,2017-08-22 22:10:34,2017-08-24 17:17:56,2017-08-28 23:12:18,2017-09-12 00:00:00
4c9f5051d30feb2d3b0f1aad23e86de9,65da2ee1179a1a7554df6d23f679351b,delivered,2017-06-13 22:28:55,2017-06-13 22:55:39,2017-06-14 15:20:03,2017-06-21 16:15:53,2017-07-06 00:00:00
5eca045fa695f7cf941f1c96d8a96a78,d6623ead5d1e80efb36ce52ce9f2d83f,delivered,2018-06-24 01:46:43,2018-06-24 02:19:10,2018-06-25 14:43:00,2018-07-02 19:32:02,2018-08-06 00:00:00
50a444b891ba3221c5b7c4b48a194ed4,1e871ee754202374f077f3fda15025f8,delivered,2017-10-19 17:59:01,2017-10-19 18:14:11,2017-10-20 16:42:30,2017-11-03 20:56:38,2017-11-17 00:00:00
219046aca72bc42ff943222cfa12d616,a0352e4aa2fdae6ed07559c88e1a1c00,delivered,2017-08-22 13:06:35,2017-08-22 13:36:05,2017-08-23 20:22:43,2017-08-28 19:15:37,2017-09-14 00:00:00
1932b344119786d8f945d699f339ee91,821d7f1ff453454fd61a5d19111a0303,delivered,2017-10-27 10:05:46,2017-10-27 10:31:04,2017-10-31 17:06:04,2017-11-10 23:06:29,2017-12-08 00:00:00
76fa5b8de9baa31b68062dbb6e708dc8,7643af47cba4130f3aff4ea2ebb3caf3,delivered,2017-12-07 13:30:40,2017-12-08 02:53:49,2017-12-13 19:42:43,2018-01-03 22:57:53,2018-01-09 00:00:00
77ae1cf0361cb41c1637cc79e170c9c1,19f497f0945c930df0d41ff9c0fd1f87,delivered,2017-07-28 11:51:38,2017-07-28 12:05:28,2017-07-28 17:43:40,2017-08-03 20:19:34,2017-08-17 00:00:00
e6a2252129858aee352dc9c99712afa9,93d0371714cd516009e4971d0ce6d2d2,delivered,2017-07-31 11:18:21,2017-07-31 11:32:11,2017-07-31 20:53:42,2017-08-03 20:09:43,2017-08-18 00:00:00
ebdbaab00236fa0a72e234467f0d86c5,16d24890f698c4a886800af32fe96dc8,delivered,2018-02-17 01:24:40,2018-02-17 02:07:51,2018-02-19 19:52:27,2018-02-25 15:13:02,2018-03-19 00:00:00
a8bbc485329f055ce3addabfbf8d4f86,2e661a1348e46a3a18291240f6e1fa8e,delivered,2018-02-14 12:23:07,2018-02-14 12:35:31,2018-02-14 21:41:43,2018-03-02 20:52:28,2018-03-15 00:00:00
ed00da1e5d293d3fda249e4df6036035,7b96dee726547b301a45154e0eacde00,delivered,2018-07-09 23:30:18,2018-07-09 23:45:13,2018-07-17 13:46:00,2018-07-25 15:41:40,2018-08-01 00:00:00
9fcf372852e7c46001a305a781628069,cb6a4950e6710f3b8b3857fe72dea465,delivered,2017-08-12 12:39:39,2017-08-15 03:35:22,2017-08-15 17:52:42,2017-09-08 20:22:32,2017-09-05 00:00:00
f7292417c8df8e1099b2604c9a1c5d8d,33d629185fb29367c3549bed6893f545,delivered,2018-01-04 11:22:53,2018-01-06 02:08:56,2018-01-08 19:49:10,2018-01-15 17:15:02,2018-01-30 00:00:00
29da327955bc0e7d3be1b98d93d0903e,cda14d3d288eb8e572f473dac6f879c6,delivered,2018-08-05 20:19:14,2018-08-07 04:50:32,2018-08-20 14:20:00,2018-08-24 19:46:49,2018-08-30 00:00:00
284a65b124f634fdf426aa8e768fe8ab,24e2fbf2466ea2ac4ba5541f92c4ef8b,delivered,2017-12-02 21:24:09,2017-12-02 21:40:52,2017-12-05 22:33:23,2018-01-22 21:07:44,2018-01-05 00:00:00
85b1f22218c7215d7cfc05e2a3800d83,0558772fcc9a355ef299a96a5d5531f7,delivered,2018-02-20 09:50:21,2018-02-20 10:07:52,2018-02-21 19:29:01,2018-02-23 22:59:04,2018-03-06 00:00:00
298fcdf1f73eb413e4d26d01b25bc1cd,a24e6f72471e9dbafcb292bc318f4859,delivered,2018-05-07 13:20:41,2018-05-07 15:31:14,2018-05-10 13:35:00,2018-05-14 19:02:54,2018-05-23 00:00:00
27819e1adc36766f4de3e79fa3b8c04d,0b425602b5219a3697993d0d8595e414,delivered,2017-11-24 23:54:05,2017-11-25 02:53:03,2017-11-28 17:58:57,2018-01-08 10:42:53,2017-12-20 00:00:00
10010d54b0ddcd2c4ef9076ac5b16e2c,2f4f35d3e9256161a7ccd6f561707b69,delivered,2017-12-07 01:05:38,2017-12-07 01:15:26,2017-12-07 21:06:44,2017-12-16 17:55:41,2017-12-26 00:00:00
97bc7ca0c3993c893f4fd5199e2ae2e8,f4a71d716969f02d7762087de2b32ed1,delivered,2018-01-29 18:42:57,2018-01-29 18:55:29,2018-02-02 17:35:06,2018-02-05 16:59:09,2018-02-14 00:00:00
cf196f76ab79db89d7a714a242256df1,3cb3b1b0f1de5faea9b536f2c28f66dd,delivered,2017-11-07 22:51:11,2017-11-07 23:06:19,2017-11-16 16:44:30,2017-11-21 21:18:59,2017-11-27 00:00:00
98106dc1817ee224a51dc63feb059126,91407787d7bd9fb66491183a8dee3188,delivered,2018-07-01 17:27:54,2018-07-01 17:50:04,2018-07-03 12:28:00,2018-07-05 23:00:50,2018-07-25 00:00:00
cf8d72f2d5f3f85c3b72a64842862842,74e3e0cdfd168eacecf2e86a6b2b5723,delivered,2017-11-19 21:34:58,2017-11-21 03:46:12,2017-11-21 18:24:35,2017-11-29 22:02:42,2017-12-08 00:00:00
5be3afe5bff7f589f89e10c9d3951b3d,f962e5b6318fac20a6411784bf08c750,delivered,2017-10-13 07:03:19,2017-10-13 07:14:14,2017-10-13 20:36:58,2017-10-28 16:16:44,2017-10-31 00:00:00
1afe384f199748cff7a42c9902065560,df646960391593c3f41cd448d84800c7,delivered,2018-08-21 01:45:43,2018-08-21 02:09:37,2018-08-22 15:32:00,2018-08-23 12:38:45,2018-09-19 00:00:00
2bcf4e578cdef71f59c90c4c50ce5853,f73b6df60b63caa14659aa88829dc12a,delivered,2017-10-29 16:15:19,2017-10-29 16:31:44,2017-10-30 15:27:03,2017-10-31 20:24:53,2017-11-10 00:00:00
7a506b988de5fc1e95e780a6d3282a73,a75a97cfc2467469a68696f39f22b866,delivered,2018-04-06 17:22:37,2018-04-06 17:35:21,2018-04-13 22:02:38,2018-04-18 19:50:47,2018-04-30 00:00:00
c4589f9bf514a6f65302fdb08ae87b6b,b201351377dd577182a072e880c2c7ae,delivered,2017-07-22 22:38:47,2017-07-22 22:50:19,2017-07-24 16:33:53,2017-07-26 10:44:29,2017-08-08 00:00:00
13430fd38aeb09240481e4aade4a19fc,e4d96528111f82e5722146c2cc482105,delivered,2017-11-21 23:10:09,2017-11-21 23:16:25,2017-11-22 18:31:50,2017-11-30 11:32:18,2017-12-12 00:00:00
3af2a81272fcd0c650bd44f53f7e61ef,e9b6f1e10bd93558fd9891138fd98158,delivered,2017-11-30 15:40:35,2017-11-30 15:53:19,2017-12-05 01:28:53,2017-12-11 18:49:09,2018-01-02 00:00:00
42c58d1a5434d2675b7835a9e8a26dda,2316633184c54853747f4eba40532234,delivered,2018-05-02 11:32:17,2018-05-02 11:54:03,2018-05-02 14:19:00,2018-05-08 23:58:48,2018-05-25 00:00:00
ddee5c5feeb0bf3d7d713fb1192977a8,9dff903e11569e3f1c326a0adcd2d746,delivered,2018-08-20 15:37:16,2018-08-20 16:49:53,2018-08-22 15:32:00,2018-08-27 22:14:22,2018-08-30 00:00:00
71a66d4b2c8ce258f1034acd58c75226,d8078628ee496926fd629603a9a92064,delivered,2018-04-29 15:48:37,2018-04-29 16:15:13,2018-05-02 15:15:00,2018-05-08 15:48:34,2018-05-23 00:00:00
068b7fef63e846d22b1080f9c99f2bd4,a60b68f552d029c7bbbd88d9d876112f,delivered,2018-01-08 10:00:42,2018-01-08 10:08:39,2018-01-09 23:15:17,2018-01-25 16:38:56,2018-02-08 00:00:00
f374cd1f554940d83076f51951f456ac,3b3383604f69a2f6b09b4459e0420109,delivered,2018-06-28 19:24:45,2018-06-28 19:35:10,2018-06-29 07:38:00,2018-07-06 12:25:50,2018-07-24 00:00:00
928c5b1abd62c91a35df8614b271d05e,e15b9252f5d59b7d2ad00f01909ad1ae,delivered,2018-08-08 23:24:43,2018-08-10 03:05:25,2018-08-10 14:27:00,2018-08-17 18:18:51,2018-08-23 00:00:00
213035a57f21a80992c9c577de9e5484,942e958857fd86d6a3ee59668ea1cdf8,delivered,2017-08-09 11:32:33,2017-08-09 11:45:13,2017-08-09 17:49:40,2017-08-14 21:21:32,2017-09-04 00:00:00
69cfaf72cc14e5d3ade9e5f121f74c19,398999978297b981626b0f4524a66dfe,delivered,2018-08-05 10:23:22,2018-08-05 10:35:19,2018-08-06 21:04:00,2018-08-08 10:22:03,2018-08-21 00:00:00
3c2c60ec97f726dbfe5aef326056585f,91b11e2acc1422c03b7aa04534c3bb47,delivered,2017-08-02 18:58:48,2017-08-02 19:10:24,2017-08-07 20:22:52,2017-08-14 15:44:37,2017-08-24 00:00:00
4f3d999a0ae0716dc5695cf3fa630f34,babf1ac5ad2b84176d68be5045ac8c78,delivered,2018-01-31 18:54:19,2018-01-31 19:11:15,2018-02-02 19:04:50,2018-02-09 19:08:34,2018-03-01 00:00:00
2f27666cd55189220c3d790d263cf425,8086d53298aaeed911f410a81eb3b9b7,delivered,2018-04-10 22:32:53,2018-04-10 22:52:39,2018-04-12 22:27:42,2018-04-13 22:32:35,2018-04-26 00:00:00
0a82501b7148667eaff8dc8811a58f06,c0971253b7225c85c559bfa40dae5303,delivered,2017-10-20 20:46:27,2017-10-20 20:56:13,2017-10-24 16:16:08,2017-10-27 15:18:04,2017-11-21 00:00:00
7269a891ee583a35232c78643d422342,4efe086525361180013334e3fb689dc3,delivered,2017-04-29 13:26:37,2017-04-29 13:42:57,2017-05-02 13:08:27,2017-05-10 16:28:01,2017-05-25 00:00:00
6fe56ea74b5cf6242766596550cd2d0c,75b4bac0d49ed3e3717aeb79f80ffc97,delivered,2017-07-18 00:28:15,2017-07-18 00:45:13,2017-07-18 21:43:59,2017-07-28 18:57:37,2017-08-23 00:00:00
74cc459333ff2b04776fcdc6cf77c528,bf623f05377fb0a53548f51e46ec101b,delivered,2018-05-22 20:55:00,2018-05-22 21:18:20,2018-05-28 10:41:00,2018-06-07 16:47:24,2018-06-20 00:00:00
fd71c77a71b5d5d3107284571ec2e894,5dddd4fb5ac360cc2ad914d015f96a49,delivered,2017-02-02 10:28:52,2017-02-03 03:35:12,2017-02-03 12:36:35,2017-03-17 15:16:38,2017-03-13 00:00:00
24750706d247c4d573cae75ee4372c59,35fd70b44c6c7abfd28a469e9a85f0cd,delivered,2017-06-06 16:12:20,2017-06-06 16:25:37,2017-06-12 15:03:57,2017-06-13 12:50:09,2017-06-20 00:00:00
f8bebca5df46ac3fa480fef8376fb24b,bb4fbeef783542784ff2f38a4f81ddb0,delivered,2018-02-13 11:08:51,2018-02-15 03:56:00,2018-02-19 17:32:47,2018-02-27 21:08:08,2018-03-08 00:00:00
9ad858a48fa48c6d0cf0e7d8e3024d2d,f274a0e24f357993f121fd9f41956f31,delivered,2017-10-30 23:31:49,2017-10-30 23:46:10,2017-11-01 19:36:09,2017-11-07 22:39:00,2017-11-13 00:00:00
002955b0acc63d04f6724a31967e82bd,accb4b4ad075d07a833eacca116071c7,delivered,2017-12-18 13:43:54,2017-12-18 15:51:31,2017-12-19 17:51:40,2017-12-26 18:28:29,2018-01-16 00:00:00
413cde030a614ac044fdc905c6849453,fa5bc8f480c2de2027c6f8f1e0e7c392,delivered,2017-10-30 16:34:47,2017-10-30 17:31:34,2017-10-31 21:59:30,2017-11-06 22:46:53,2017-11-17 00:00:00
6fb5ce6f25d4074eb5a3e0b2ea99899f,12611da2a76afa74430801e7421f22ba,delivered,2017-09-17 16:26:59,2017-09-17 16:44:00,2017-09-19 18:54:07,2017-09-21 15:14:20,2017-09-28 00:00:00
a8913a7a82fc8acaeb44c6e9909944e0,99dd4efeee255127aab6b84d50e1dda8,delivered,2018-05-11 16:20:01,2018-05-11 16:31:37,2018-05-14 15:06:00,2018-05-24 17:12:40,2018-06-06 00:00:00
6c573838baa815157de3db3fafbd60a5,ed55195e5f7b431131890fa5ea06eaa8,delivered,2017-08-03 22:42:11,2017-08-03 22:55:19,2017-08-10 19:34:07,2017-08-11 13:03:21,2017-08-23 00:00:00
ce494340c13f9d32e146542913726ce2,75a5eec268100626448740524990a0e1,delivered,2018-03-22 19:29:33,2018-03-22 19:48:10,2018-03-27 01:13:32,2018-04-05 00:09:31,2018-04-10 00:00:00
f50b9192b9705d537f9593b595da132f,79750c3cad14c77601081df00c553dd9,shipped,2018-07-16 14:46:04,2018-07-17 06:41:03,2018-07-18 15:48:00,,2018-07-26 00:00:00
6f7ba3220bb8de6edb65083fa352ebae,d668b4669c35ad98b21bfb74d346f79c,delivered,2017-09-29 14:18:25,2017-09-29 14:39:00,2017-10-02 21:07:11,2017-10-10 22:54:08,2017-10-23 00:00:00
86fc1ff8e36ed9aa98ba49bca26d44c3,86ae4eeeebc064f8fe03f829735ed7ca,delivered,2018-03-02 14:33:10,2018-03-02 15:12:15,2018-03-07 01:13:29,2018-04-18 21:08:30,2018-04-04 00:00:00
0036757472ece3dde52fd4bfd929c90e,ea477083e770db0655938e79149f8c24,delivered,2018-07-19 14:58:59,2018-07-19 15:10:11,2018-08-07 07:45:00,2018-08-09 14:33:40,2018-08-20 00:00:00
46300fb44bc5e5cc05d54d33cbc243fc,56e48a07ed300dcb0e37986fde979433,delivered,2018-02-20 11:06:39,2018-02-21 06:10:29,2018-02-23 00:53:24,2018-03-01 01:11:58,2018-03-13 00:00:00
e7a90091a5751ae67d5c457f53bda1fc,0a6a12cfdcffefaf2c8d346a7fae26fa,delivered,2017-08-28 09:59:03,2017-08-28 10:10:11,2017-08-28 16:32:42,2017-08-29 16:18:06,2017-09-08 00:00:00
c17a014d90b55789c507dcd5f28441a7,56873aac5d1189f69b7ff7cd5cde465e,delivered,2018-03-28 10:38:19,2018-03-28 10:50:24,2018-04-03 18:46:23,2018-04-16 18:29:50,2018-04-23 00:00:00
3394ec2a7a1a88bffa56fb92311d8134,cc47c20437a014d9a61422d37359408e,delivered,2018-05-31 15:27:31,2018-05-31 15:51:47,2018-06-06 12:20:00,2018-06-11 20:53:36,2018-07-04 00:00:00
3c0b25021f8a09b27020c445b8c9036a,aa0c59490b4fbee45095c10f93afbebd,delivered,2017-11-17 19:57:14,2017-11-17 20:55:54,2017-11-20 20:12:47,2017-11-30 20:03:55,2017-12-11 00:00:00
8ee8450594de505503ee786c1a401800,08e47e3be967b5e1881a587720b8a005,delivered,2017-06-04 17:42:46,2017-06-04 17:55:12,2017-06-07 15:06:12,2017-06-08 12:13:11,2017-06-19 00:00:00
37aad43a35469ffb431732b5df426faa,2acdf2f6aadbbfede01eccc71529cdb1,delivered,2017-10-14 20:08:40,2017-10-14 20:28:20,2017-10-16 15:03:35,2017-10-25 17:36:45,2017-11-17 00:00:00
2c898efc01eadc9d297ade3fd9fe540d,cefa00948b23355e8ec172176abe28fd,delivered,2018-01-06 21:22:25,2018-01-06 21:31:27,2018-01-08 16:55:00,2018-01-17 21:07:58,2018-02-05 00:00:00
40965a3a15814c97fdf1c615b2bb939f,370229d420ad45925025e146e0e6376d,delivered,2017-08-08 11:48:30,2017-08-09 03:04:20,2017-08-15 11:04:50,2017-08-23 18:24:59,2017-08-30 00:00:00
12464d1f4f0401e086966a5333ae812a,7d2cbb8bc15c08b4cfd6099706d53b89,delivered,2018-07-04 12:48:50,2018-07-05 16:33:22,2018-07-05 11:47:00,2018-07-06 16:32:31,2018-07-18 00:00:00
e1c8db2b171d2ae308661565de58f1ca,a36a9e92d1a188e899ac2c70f7b60b54,delivered,2018-03-05 21:05:36,2018-03-05 21:28:52,2018-03-09 23:25:27,2018-03-20 23:42:29,2018-04-09 00:00:00
741d4024ced714e4b92ccf04f55ff986,78ebe16d2d68f0635d718e7956935eb2,delivered,2018-03-16 13:21:13,2018-03-16 13:35:36,2018-03-16 22:25:31,2018-03-27 22:44:28,2018-04-04 00:00:00
386566ace975071b7888fe4ef940d582,82a84647c8a0b823e43329e50966c0f9,delivered,2018-07-17 21:37:47,2018-07-17 21:50:18,2018-07-18 10:04:00,2018-07-25 13:08:52,2018-08-03 00:00:00
cba47f17b35cccac068f7f6cec4d99d7,d227a2f7a4da44f504e9b7e8e97784e3,delivered,2018-08-10 17:43:20,2018-08-10 17:55:11,2018-08-15 12:41:00,2018-08-21 16:16:38,2018-08-22 00:00:00
5d63bb487d989ba0efdbe1ff166bd38b,29e4db23d4fe543537f8335c807563ad,delivered,2017-08-30 18:13:53,2017-08-30 18:30:14,2017-08-31 21:57:43,2017-09-04 12:04:29,2017-09-18 00:00:00
4dbf5de576e0e8d18ad0932e1ed8e89d,6585b54dd5ac7f69a3ea0b4c6d6ed130,delivered,2018-06-10 13:20:20,2018-06-10 13:37:06,2018-06-12 13:58:00,2018-06-18 21:18:40,2018-07-11 00:00:00
aeef04fa986be504dfc33b096ac921df,552e5dad0a117d4b2f536700db6cb60f,delivered,2017-11-06 21:00:16,2017-11-07 04:31:33,2017-11-08 16:46:59,2017-11-13 22:53:02,2017-11-27 00:00:00
2d85bf60e590af3f33286c0cf7375f1a,0aa65c8a7017c2e258a2f342fc9de96c,delivered,2017-04-15 12:27:08,2017-04-15 12:35:22,2017-04-17 09:43:05,2017-04-18 16:40:28,2017-05-08 00:00:00
b91d854aba08883a55d43af8856e90d8,59558840be0788c25246ef726bf466d5,delivered,2017-08-22 15:55:30,2017-08-22 16:10:30,2017-08-28 19:06:33,2017-08-30 18:20:10,2017-09-14 00:00:00
b1c868aa288ab0e4006db84876398e68,8f8a5f4584c7229510e983d6326e61c0,delivered,2018-08-01 19:40:51,2018-08-01 20:25:16,2018-08-02 14:12:00,2018-08-03 20:04:10,2018-08-07 00:00:00
7b1ae58b5229a97d804f2275f3cbd3ed,d4821ee155d89b0b1b5b3460c88fafb1,delivered,2018-05-22 22:39:03,2018-05-22 22:56:06,2018-05-24 13:27:00,2018-05-28 17:08:54,2018-06-11 00:00:00
e0258e674c59ea50961e9ec45f97b08e,f7bbe0a44247e925c49a54a15a6a9287,delivered,2017-11-25 17:21:10,2017-11-27 17:21:04,2017-12-01 20:49:06,2017-12-08 21:17:03,2017-12-22 00:00:00
e6e5431f5c825cde6802af0f30bd8eaf,a53162939b980ef55cadd612aecdbed6,delivered,2018-01-13 17:08:06,2018-01-14 17:08:31,2018-01-15 23:56:49,2018-01-18 11:43:53,2018-02-05 00:00:00
60d10864996df64e9b7789d51ba03da9,8d4d9c0d24e15be31a852a8f0630156d,delivered,2018-05-13 15:59:43,2018-05-13 16:13:42,2018-05-14 14:58:00,2018-05-19 13:21:56,2018-06-05 00:00:00
a4c100660bd4f8af58cf90ef7641d5e6,86b054247fca7d67660e38d08900d129,delivered,2018-06-30 10:38:34,2018-06-30 10:50:19,2018-07-02 15:24:00,2018-07-04 21:08:54,2018-07-16 00:00:00
b3dbda02f0861fee4f3d609a22e904d6,59b5b2d3fb1c8928920f6f3ff243e3c9,delivered,2018-01-13 23:32:48,2018-01-13 23:49:28,2018-01-16 18:54:37,2018-02-02 01:42:36,2018-02-09 00:00:00
d53fe820dc149e739012c03f9409f67a,256e039b35d85e185b152ef63cab9877,delivered,2018-07-30 21:58:33,2018-07-31 21:50:20,2018-08-03 15:45:00,2018-08-08 19:45:33,2018-08-07 00:00:00
9905ce059e67949360fa1d140a67df29,54afe74ec92102d6a2b9e4ff135c1f21,delivered,2018-05-09 21:00:07,2018-05-09 21:15:35,2018-05-11 10:05:00,2018-05-16 16:28:38,2018-06-12 00:00:00
7c74884b55b2ef0862e578cc630dfb3d,f3089c3aa82840398d566605b79546cd,delivered,2018-04-30 19:40:57,2018-05-03 03:53:09,2018-05-04 15:19:00,2018-05-11 17:58:59,2018-05-29 00:00:00
6a7a8e304ef95be2494384f8d2557845,672e326393f31d8250830a45a7995cb0,delivered,2017-05-18 20:46:41,2017-05-19 06:42:32,2017-05-23 13:20:08,2017-05-29 16:33:59,2017-06-07 00:00:00
c6a73b421eb3e92ce86dbfbbd3530a8f,7df4315a9fdab8e44d6096f553838f4d,delivered,2018-03-01 22:45:34,2018-03-01 23:09:37,2018-03-06 14:41:39,2018-03-13 17:13:17,2018-03-19 00:00:00
e6aa8f1226387a88bdcb5b2f0a9f95eb,f3f77b531814d6223e76a751da84c545,delivered,2017-10-18 16:53:04,2017-10-18 17:07:38,2017-10-19 19:28:05,2017-10-27 21:12:24,2017-11-09 00:00:00
5f0a629aeece4974825fe52949c74603,5c56a85aede459bf2e96c47af573ca04,delivered,2018-08-15 08:56:34,2018-08-15 09:10:15,2018-08-21 14:13:00,2018-08-29 22:18:25,2018-09-05 00:00:00
49f3e0aebd23234fa195ebbcb8687171,3fbd93b9223e3186094f4d633ddf6da1,delivered,2017-09-11 01:47:33,2017-09-11 01:55:08,2017-09-12 18:32:32,2017-09-13 21:41:09,2017-09-22 00:00:00
47c3ce4efeeff5eae692f5d31ef009e3,cfc5c8672fd109e453982d27a4678e62,delivered,2017-07-02 19:07:13,2017-07-04 04:05:23,2017-07-05 14:09:42,2017-07-14 16:37:57,2017-08-03 00:00:00
5040757d4e06a4be96d3827b860b4e7c,0db6ca6d0557c5b2358816e1ed450384,delivered,2017-10-20 23:02:08,2017-10-20 23:14:10,2017-10-27 22:22:26,2017-11-06 22:24:38,2017-11-21 00:00:00
97c3de93ada0e07c7a8e01f130462293,051b93f9447590b31046a9a2971d67ed,delivered,2017-08-17 12:19:00,2017-08-17 12:44:22,2017-08-21 19:58:41,2017-08-31 19:32:06,2017-09-12 00:00:00
f6d56532c36ea6f092b4ebec8ab97a54,e4e88f4d8ac24e6c0ded3af81c0fad18,delivered,2018-07-24 07:10:02,2018-07-24 11:23:27,2018-07-24 13:35:00,2018-08-02 02:04:24,2018-08-22 00:00:00
d0ee2ae87e093d006aed295d79e325f4,ce82d28a01b3ba1c92a46900b9cb3710,delivered,2017-07-05 22:36:56,2017-07-05 22:50:07,2017-07-07 11:26:54,2017-07-12 18:09:34,2017-07-31 00:00:00
57426323a177f099d4842f4ac12619e5,0e0d9a5fb1c1611ad0c226eb668c4b2a,delivered,2018-05-18 07:27:01,2018-05-18 07:56:10,2018-05-18 13:23:00,2018-05-21 19:49:54,2018-06-06 00:00:00
37f608e16132f4a7f091cdb29fcd084d,590209466c98479a726e530d9efab37f,delivered,2018-05-06 18:15:02,2018-05-07 09:35:19,2018-05-08 14:07:00,2018-05-15 12:33:14,2018-05-28 00:00:00
2ba6e26fe85d1d6a13cc4d830c88c1ea,2dd8d26839864f021bc1ef8a05091680,delivered,2018-01-08 10:00:43,2018-01-08 10:09:24,2018-01-09 19:27:05,2018-01-17 15:25:12,2018-01-31 00:00:00
5ae27cc40da0652f19685c5b8352c979,3ecdd7c90e5fd549474281af8f9e0bbc,delivered,2018-05-01 23:03:40,2018-05-01 23:15:21,2018-05-09 15:48:00,2018-05-23 13:46:56,2018-06-05 00:00:00
45dbfcedafb7b44504dfb439ae973db0,f1fe2ea8c27448f0ffd2ecc33db10897,delivered,2018-06-24 11:35:54,2018-06-26 05:12:59,2018-06-26 11:59:00,2018-06-28 14:07:36,2018-07-20 00:00:00
cebe9a3966a2fc8ffd1a3c5996678283,29151ff994496b7c0ba04e6dfc65005e,delivered,2018-06-15 00:15:15,2018-06-15 09:37:51,2018-06-15 10:28:00,2018-06-21 14:18:41,2018-07-16 00:00:00
dd3fe5e02ede895e3b2c8290d2fb7d3e,bf4f36435b3455724b722f62bfd07991,delivered,2018-04-14 19:49:49,2018-04-14 20:10:14,2018-04-20 20:03:07,2018-04-26 17:48:51,2018-05-09 00:00:00
ad2c67f915af1e2fe2e13bed8abb9108,a7a72fdf8bebfecc166fa99ad92069a7,delivered,2018-06-29 07:51:46,2018-06-29 20:10:22,2018-07-03 15:44:00,2018-07-11 20:44:47,2018-08-09 00:00:00
29dba01f92da927e611d340bc135f679,11eb7497f0981fd5b7cb235f4118c034,delivered,2018-04-18 18:08:00,2018-04-19 08:12:45,2018-04-19 19:06:35,2018-04-27 20:12:48,2018-05-15 00:00:00
62b7574be0b7a8465822312be8cb07b8,fd946ecdd7c1eab8dbed2c8f330cf2e7,processing,2017-07-19 16:44:13,2017-07-20 02:16:02,,,2017-08-29 00:00:00
f2c6ff67de86de120cd2f5ac181e9fd5,012614499e669f2afb78750ab13273c9,delivered,2017-10-23 09:24:00,2017-10-23 09:35:32,2017-10-23 18:33:24,2017-10-24 21:57:57,2017-11-03 00:00:00
49b25de91ca7ebe3b4b740b332b5e0a0,00bd25230af840df218e6902df6ac894,delivered,2018-01-29 10:15:59,2018-02-03 23:31:46,2018-02-01 13:35:49,2018-02-23 21:09:56,2018-03-02 00:00:00
7ed3c93013239ad16de7ae81826a2afc,7285d15435fa94f928c3038f8dc075c9,delivered,2017-06-06 11:18:31,2017-06-08 02:55:22,2017-06-09 08:35:22,2017-06-21 15:41:18,2017-07-04 00:00:00
bcaa7f7240deb32b0410ee6cc085d9b4,829d3ea58fe45816348ab857d059a6ae,delivered,2018-08-12 10:33:18,2018-08-13 10:30:19,2018-08-13 15:28:00,2018-08-14 21:48:58,2018-08-20 00:00:00
8a4f504a9826004fb1b0957a12aad33a,8d4fbbdcabdfc2f9b1f52cd523ea5865,delivered,2018-08-20 16:26:49,2018-08-21 16:35:26,2018-08-23 13:51:00,2018-08-29 21:38:52,2018-09-25 00:00:00
adc4e509a9b11c13575e75e6defef283,dcacd076b56aad562162f9093d7698fa,delivered,2017-07-06 00:45:29,2017-07-07 02:44:22,2017-07-13 20:33:02,2017-07-22 15:11:58,2017-08-03 00:00:00
c1bffb64e9e46207fa132a9a4f4e1307,71ca5688e1e8f466f488a7d948b29511,delivered,2017-03-03 16:39:10,2017-03-03 16:50:17,2017-03-07 08:44:14,2017-03-22 10:19:15,2017-04-03 00:00:00
982210beec2a93bef93d48a68cd2c184,9819d55438153c623012720055dc9f54,delivered,2018-07-07 18:56:27,2018-07-07 19:05:49,2018-07-10 15:25:00,2018-07-11 21:56:28,2018-07-19 00:00:00
afaa845a7a044d65051e77109d5b6ac2,2870e9dcbc1692371b93d7e47f378311,delivered,2018-08-04 04:46:48,2018-08-04 05:04:10,2018-08-06 11:07:00,2018-08-10 20:32:44,2018-08-17 00:00:00
97bf8b75ec5d43d2959e1bcc0c9b1fce,164564545470a6e0df300b2a9cd236aa,delivered,2018-07-18 09:22:07,2018-07-18 09:35:17,2018-07-19 12:29:00,2018-07-20 19:15:44,2018-07-27 00:00:00
86cf7f20f784187597f7a3f34ea1403d,e39af7797ef9fc32e6a07806a9562437,delivered,2017-02-12 18:43:37,2017-02-12 18:50:19,2017-02-17 03:55:35,2017-03-14 16:34:05,2017-03-20 00:00:00
86da41fac2d3f448976995f9b78c335f,fa4e2d7ab39f97bb7b7b0f59200391d2,delivered,2017-02-16 14:56:07,2017-02-16 15:05:14,2017-02-17 14:22:11,2017-02-24 14:14:09,2017-03-17 00:00:00
06911dcbbf2310bd9da4156fd3abb632,5af132d142a96d5bb2bdeedf3a1835b6,delivered,2017-09-27 16:54:54,2017-09-29 02:14:38,2017-09-29 18:57:01,2017-10-05 22:40:00,2017-10-19 00:00:00
fe6bd37400a094832d8f91ed5ed3856e,f8c20f233bfd0ae5da33f5c8ec5ac192,delivered,2017-11-10 08:55:43,2017-11-10 09:07:27,2017-11-10 20:41:21,2017-11-22 22:09:03,2017-12-06 00:00:00
bba3165de0a4f708a3fd065a5365e508,a34baf5c13401a3ba19b85216ddd906e,delivered,2017-08-29 20:15:51,2017-08-29 20:30:25,2017-08-30 23:39:52,2017-09-05 19:42:33,2017-09-15 00:00:00
84302358218242307763b9b0be1cd978,80d29fdf8b12b59215138e07bcd01310,delivered,2017-11-18 10:41:07,2017-11-18 10:55:26,2017-11-22 23:14:25,2017-11-30 17:54:26,2017-12-11 00:00:00
c07faaf3f296c268a798470bb6008a4e,32498dd8fbe8b752805dba1536f2950b,delivered,2018-02-06 23:45:27,2018-02-06 23:55:24,2018-02-08 20:19:55,2018-02-22 22:35:22,2018-03-05 00:00:00
8c5bec484409e70154e14d68bef784da,ccfd6c83ab3b2f74a9e88c90e4a52375,delivered,2017-09-15 15:08:16,2017-09-15 15:26:53,2017-09-20 21:22:11,2017-09-27 20:54:59,2017-10-03 00:00:00
9c49745cc1196b647f7257f91f7fcbc6,fd3348decc9f430e0ac4fe8f6e295b2c,delivered,2017-11-13 22:29:18,2017-11-13 22:50:41,2017-11-14 16:48:59,2017-11-20 13:07:52,2017-11-27 00:00:00
fa9b3f5a0eef7954729a194715780e1b,c5deddc906bcc15553a70ffec42806c0,delivered,2017-05-17 10:19:05,2017-05-17 10:30:28,2017-05-18 11:25:00,2017-05-29 12:48:00,2017-06-16 00:00:00
76f8fb142cced489b53c34f1a4a4e23a,ea8468e1d8105f78251e09dbd384f524,delivered,2017-05-03 09:56:04,2017-05-05 02:40:18,2017-05-05 15:37:46,2017-05-30 08:53:01,2017-06-08 00:00:00
3ba2a040080e83d936f7121ae9cc993d,cd81681e520d4adf01f08d9ddda810f5,delivered,2017-10-15 23:50:11,2017-10-16 00:49:08,2017-10-16 22:17:05,2017-10-18 17:07:36,2017-11-10 00:00:00
ee5f9143bf6915bc96a42c0034fd46ca,0f5f122c8655a2a18a653ffb083cc15a,delivered,2017-12-12 16:07:26,2017-12-13 02:50:56,2017-12-14 22:35:14,2017-12-15 21:09:25,2018-01-02 00:00:00
e2d5b94a4565c77d5c35af59bb8eea79,099786bcc7ebf2f323ecf03a9f54b02d,delivered,2018-07-24 15:47:23,2018-07-25 02:55:25,2018-07-25 14:26:00,2018-08-06 17:12:38,2018-08-14 00:00:00
802f8e559e63150e5bec0fb62c036754,a0c76001a113f542536f1f6754adcb4d,delivered,2018-04-17 20:59:11,2018-04-17 21:10:15,2018-04-20 20:28:55,2018-04-30 15:28:57,2018-05-15 00:00:00
b88bf712c7aa1192376b4dc5bfadb916,6892e11557ed2d2d37330dd4ecfa6cd7,delivered,2017-03-27 21:46:00,2017-03-27 22:03:31,2017-03-30 16:04:09,2017-04-04 09:32:55,2017-04-13 00:00:00
30772e8067a521b283ee42a65370a040,f07b4ecc1fd5b9d86e247df2fa58e2c1,delivered,2017-09-14 18:20:59,2017-09-16 09:04:19,2017-09-21 14:41:44,2017-09-25 17:22:50,2017-10-04 00:00:00
73eba298beda4ec4a20b9f2cf082a422,d1e7b1c048065debe2f1cc08ab2f6488,delivered,2017-11-28 16:43:18,2017-11-28 16:58:43,2017-11-29 15:52:58,2017-12-01 03:03:17,2017-12-12 00:00:00
97e3bf34d95ce7f035c0262f89a2f9d3,591b41c77b5d4d9ee155605984b3ec48,delivered,2018-03-21 09:39:02,2018-03-22 02:51:07,2018-03-28 20:52:07,2018-04-20 17:12:33,2018-04-09 00:00:00
3004f445a284f236acf5d61bf2756364,92beb79b41e627ae95ec5379b248ba82,delivered,2017-12-09 17:42:14,2017-12-12 04:09:03,2017-12-15 20:10:07,2017-12-17 12:02:21,2018-01-08 00:00:00
383aa8b2724fe452d9ccd9934a8c628b,b1cb2f9d7a19480f3749e248db14d58f,delivered,2017-07-02 20:58:43,2017-07-02 21:10:20,2017-07-07 17:22:41,2017-07-06 14:27:51,2017-07-21 00:00:00
e46fb157c9df5118079c85e308464b1a,7f2011dbb83122994db8ff4540901a54,delivered,2017-11-10 13:57:34,2017-11-11 03:06:45,2017-11-16 19:39:04,2017-11-28 21:02:54,2017-12-04 00:00:00
1c81f9f4689604517458a9438caaca30,135faf5be3b5e8705cc07b77df127bbb,delivered,2018-04-30 13:17:30,2018-04-30 14:04:33,2018-05-03 16:18:00,2018-05-08 11:59:50,2018-05-23 00:00:00
796e3c109c8740eea3d4321a8ad5ca5c,a7669839a9034fe81cbc46797f0b4f61,delivered,2018-05-11 10:12:40,2018-05-11 10:29:50,2018-05-15 13:16:00,2018-05-22 13:52:10,2018-06-01 00:00:00
f99194329617b84446bef86322b39b74,0fd30fd57ed5a3df87af7a769f901f46,delivered,2018-06-23 20:57:42,2018-06-23 21:15:58,2018-06-26 14:48:00,2018-07-04 16:02:58,2018-07-17 00:00:00
f988dc242c742c1dfde32b24032b8fb3,00788705370da606e9f8390258b9e977,delivered,2018-01-06 10:38:43,2018-01-09 07:20:02,2018-01-09 17:29:34,2018-01-16 23:23:13,2018-01-31 00:00:00
6dc5cd36ae0ca772e70e387e25f032e9,96b643bb9f71e44bd5c1a6681f7cc81d,delivered,2018-06-16 18:56:43,2018-06-16 19:18:04,2018-06-18 15:04:00,2018-06-20 12:04:37,2018-07-11 00:00:00
336e6ecb9664903e2d582f1203e5b1ba,cf56bdf905c1e3b759e4c0fd0ec64037,delivered,2018-05-21 19:01:41,2018-05-22 16:57:55,2018-05-25 16:37:00,2018-05-28 21:21:39,2018-06-07 00:00:00
db66dca329373cf37340222e240340b6,466dcf5fcdc7c7a8a4bfebc7ce59b281,delivered,2018-08-17 16:07:20,2018-08-18 16:15:13,2018-08-24 14:21:00,2018-08-28 19:28:43,2018-09-19 00:00:00
9d812ac753da7008021863feabbd291a,865564d43efdb4ace7fee99697e74e7e,delivered,2017-12-03 19:47:05,2017-12-03 19:57:24,2017-12-04 23:41:49,2017-12-11 18:48:48,2017-12-27 00:00:00
a72b3f5d99f2dc2642d7f7ff5691a2b5,0eaeaa7cd1d73d8b59c4dbe6ce922263,delivered,2018-05-18 13:35:01,2018-05-18 13:55:25,2018-05-21 13:59:00,2018-05-24 18:08:57,2018-06-04 00:00:00
4a34ebaf9dad918de4b5201d02bd7289,00c120d7afbe4803d4771a8f3696ec85,delivered,2017-12-03 23:08:06,2017-12-03 23:31:35,2017-12-04 19:53:50,2017-12-07 00:41:14,2017-12-20 00:00:00
84a7061cdc4f24ab1aa024c9bd595b6f,c1958053622fd0bc2f0b7c06fa4ba179,delivered,2018-04-15 03:08:14,2018-04-15 03:32:11,2018-04-18 18:50:57,2018-04-28 17:58:34,2018-05-10 00:00:00
33f49de8c93f34764335c37dd65f63ad,deac618bef015ae93fd7f18244546243,delivered,2017-12-22 09:50:16,2017-12-22 11:54:32,2017-12-26 21:22:20,2018-01-13 18:09:51,2018-02-01 00:00:00
199bd4c4070dcd4d99f63896213e032f,96ad9d4b9f1ff026aae839d65dcd64ff,delivered,2017-07-25 17:25:58,2017-07-25 17:42:50,2017-07-27 19:03:26,2017-08-03 18:05:28,2017-08-16 00:00:00
628430cb4db23766c1cc5c9d232cf985,79824f9b32c6fee859ff6da207934602,delivered,2017-12-16 00:02:18,2017-12-19 09:55:36,2017-12-20 16:49:37,2018-01-20 19:14:28,2018-01-18 00:00:00
2cf60e81bd122e58c99e87fa99fd24cb,e3866f2f23d3f1f9c3e11b31191be3aa,delivered,2017-08-22 21:16:51,2017-08-22 21:30:10,2017-08-31 15:25:01,2017-09-13 19:52:21,2017-09-28 00:00:00
e866dc21d680405383a1dcad4821f2df,8eba5d36d26af896fb5a068bdb7980ad,delivered,2017-10-09 19:57:02,2017-10-10 20:06:19,2017-10-11 15:47:54,2017-10-19 23:17:42,2017-10-31 00:00:00
7af55e090c72474dfc02e91b82ed8c25,8f597bdfaf0d7cb30b46b1fe99552774,delivered,2017-11-20 15:24:53,2017-11-20 15:33:19,2017-11-21 10:46:47,2017-11-23 16:44:59,2017-12-01 00:00:00
93da2265260e364c8e81f490b7d92e07,0c755365dae19da070419dd40041098c,delivered,2017-02-28 19:37:04,2017-02-28 19:45:12,2017-03-20 15:25:14,2017-03-24 16:51:47,2017-03-20 00:00:00
6597009cc04bb23ff7d1958a705cdcbb,18155dea618d40641bafcfbcf74856df,delivered,2017-11-09 12:19:38,2017-11-09 13:26:45,2017-11-16 22:38:42,2017-11-21 22:34:42,2017-11-30 00:00:00
8e8da7dbcb4ce9a740af330846eafb90,ed6a6ca7d256b473798ada23ed7424d1,delivered,2018-03-21 19:36:39,2018-03-21 19:47:59,2018-03-23 15:14:48,2018-03-29 13:14:33,2018-04-09 00:00:00
d0467704fe947b94f1fee589531cb69f,21d1189cd9766771ab056ac9a29b9dde,delivered,2018-01-05 17:38:15,2018-01-05 17:48:10,2018-01-08 19:27:07,2018-01-11 00:19:11,2018-01-31 00:00:00
2a2c817d3486dcf48f6289ee56c11c39,bb25584a0afe4f08a6e72f332142aa26,delivered,2017-12-04 11:34:01,2017-12-04 16:32:51,2017-12-06 20:14:48,2017-12-22 20:34:16,2017-12-27 00:00:00
bb50a28145ecd1a42277631daa877711,39d88d9deb2cbd4dac8469627360099f,delivered,2018-08-14 15:21:52,2018-08-15 03:10:32,2018-08-17 13:53:00,2018-08-27 17:41:21,2018-08-31 00:00:00
f6db57e68ebbac1c6281a7baf178df17,f8c868506ea46f20c7d16abd83d88279,delivered,2018-07-04 21:06:27,2018-07-05 16:07:29,2018-07-05 12:30:00,2018-07-10 20:28:19,2018-07-24 00:00:00
ec6afcdb2047e9e168d4c9233299c06f,09381117614f37b1b775bca7c3fe2bd8,delivered,2017-06-01 18:51:45,2017-06-03 02:22:35,2017-06-05 14:05:09,2017-07-04 13:05:58,2017-07-06 00:00:00
fc32248629afaea92d59f7086de552d3,0ea67385838ca5b2819a5422c7004a40,processing,2017-11-20 11:45:27,2017-11-22 02:46:53,,,2017-12-01 00:00:00
45030898b4361255cbd03efa424707bc,201186d03a3403e775c0acdd6d718f70,delivered,2017-11-14 17:22:29,2017-11-16 17:37:46,2017-11-22 16:29:09,2017-11-24 22:27:46,2017-12-04 00:00:00
076e07cd8d9c8b47dfc2fbb22c58e895,b71abc1975c1da212faaa913da950924,delivered,2017-10-18 09:29:12,2017-10-18 09:49:14,2017-10-18 16:40:22,2017-11-03 20:52:13,2017-11-16 00:00:00
7e308fe1aed001a0b8ba1e7f017cafa8,60c51086268f90d369e02f41f53ebd90,delivered,2017-08-09 20:00:01,2017-08-09 20:15:09,2017-08-10 20:51:22,2017-08-25 19:05:00,2017-09-04 00:00:00
6d56dcd34118baee5c013a25cd6caa97,9c30127c57d0fc44f0a61c2bd3748018,delivered,2018-03-03 12:36:47,2018-03-03 12:55:51,2018-03-05 23:58:27,2018-04-07 12:42:52,2018-03-27 00:00:00
c37588362e2c244b0994c310bcf37393,d34fc5073a7c0a01cefde2d790236131,delivered,2017-12-10 12:20:13,2017-12-10 12:30:20,2017-12-11 21:09:14,2017-12-15 20:46:14,2018-01-04 00:00:00
1ca0741e454cd1c5368c964217a34795,6fe0ed61f60066c154faf2c05e765e35,delivered,2018-03-03 13:02:39,2018-03-03 13:15:31,2018-03-06 16:49:09,2018-04-06 19:32:33,2018-03-26 00:00:00
a12258b681fd853343742c997b082ca1,98286135e8d1415dc79e87231cfdfaca,delivered,2017-11-20 13:00:52,2017-11-20 13:26:19,2017-11-28 11:43:08,2017-12-29 21:37:55,2018-01-03 00:00:00
a916a97323dee3f33707e4a752c22c9e,d106e0cf032240aa997b079d58974bfd,delivered,2017-07-03 09:25:59,2017-07-03 09:35:21,2017-07-03 16:29:58,2017-07-04 14:35:52,2017-07-14 00:00:00
71bbd7731c71cbe0218ebf8e079efc2e,802606e1f9c01a6a675d8c73f3dc5fe4,delivered,2017-11-26 14:18:47,2017-11-29 13:12:31,2017-12-04 16:19:20,2017-12-21 23:28:44,2017-12-15 00:00:00
316de33d2305716d16f6fba75d609f9e,ed5b017546d07a40296b3def8fa27e0d,delivered,2018-03-07 10:30:58,2018-03-08 02:29:28,2018-03-20 00:28:40,2018-03-20 16:42:03,2018-04-04 00:00:00
8832a55faa17956aab37de69db1f357e,dc4439b8ebadab2076752021c165476b,delivered,2017-11-25 22:37:32,2017-11-25 22:53:50,2017-11-30 15:41:34,2017-12-19 16:51:54,2017-12-18 00:00:00
c03349d196d2c2e31e41e29d06396cbf,4cd4cf2921175976eeaece9ff1d03958,delivered,2017-09-20 15:00:42,2017-09-20 15:10:32,2017-09-21 18:03:32,2017-09-22 12:43:21,2017-09-29 00:00:00
739554bca7c0f1d20cf28779b6e37aa4,77455d55caf7492ef02147a2bd543b2a,delivered,2018-07-30 17:47:56,2018-07-30 18:30:49,2018-08-01 09:28:00,2018-08-06 16:14:27,2018-08-03 00:00:00
0923cc4965fb98b0adcc8a7c6ee32f7c,f7adc1671125754d305c2d29d2bbd075,delivered,2018-02-21 07:09:21,2018-02-21 08:05:33,2018-02-21 19:26:41,2018-03-20 20:38:53,2018-03-23 00:00:00
95f22356d1b50c62ee512369a0d54967,58a8751ff71711afcc0c9ef64235b948,delivered,2018-02-20 15:19:56,2018-02-20 15:35:37,2018-02-27 17:13:56,2018-03-07 22:27:00,2018-03-12 00:00:00
14282bc70be9bdda515182fb1ce62af4,19cecb194f54e614b70d971306a9931b,delivered,2018-04-18 14:18:09,2018-04-19 02:52:02,2018-04-20 00:47:44,2018-04-26 16:26:38,2018-05-11 00:00:00
5800503b12aaf2c73a545e028a91030b,d53c357ca22783adfd97f569d61a8e1b,delivered,2018-06-19 14:21:11,2018-06-21 03:38:45,2018-06-25 09:25:00,2018-07-03 15:29:36,2018-07-25 00:00:00
f6b1ad0a4ea2f3e475942e5c854c091b,db21452b8ef7aa80cc62ff96bdcdf9c9,delivered,2018-03-20 09:19:15,2018-03-20 09:35:36,2018-03-21 19:26:48,2018-03-22 21:08:33,2018-04-16 00:00:00
1d5da6a7254f9d8a759db4c8d457e630,076eddad7b3de780b619cd4faae6168b,delivered,2018-07-19 10:39:06,2018-07-19 11:05:13,2018-07-19 15:57:00,2018-07-27 20:41:00,2018-08-09 00:00:00
8d3c15519d40227c3bcca13bb5bbf6d2,b367e7f1a5b42e9bcd14d91190ff9db4,delivered,2017-10-03 13:09:28,2017-10-03 13:24:27,2017-10-04 18:11:35,2017-10-18 19:42:11,2017-10-26 00:00:00
5a8c964d59cf60933991dc8ebb88bfa2,d17803f0a15f9db0388bb5c274ec1e2c,delivered,2018-07-22 18:59:01,2018-07-23 12:31:33,2018-07-23 11:11:00,2018-07-30 17:42:06,2018-08-13 00:00:00
f1dd11aa9f95d84fd072504f9e6e2f11,a7f8e23edfe4f626606aa4ea905ae93b,delivered,2017-05-04 08:25:50,2017-05-06 02:22:46,2017-05-10 16:59:55,2017-05-22 13:58:01,2017-05-26 00:00:00
d0efbb6a217254d95a9e6adf0e0454af,87289025b9dd8bb0640e26b99f49d114,delivered,2017-11-21 16:05:13,2017-11-22 16:12:18,2017-11-25 11:03:34,2017-12-04 21:07:06,2017-12-14 00:00:00
3be3bae6f665380f803dc59c9053cf26,03eaeeab9883ef63043d7f0e0325a370,processing,2017-08-06 14:18:45,2017-08-08 04:10:13,,,2017-08-31 00:00:00
cc8f800afe212c5d7220f86d3a8468d1,ce7388c949c8766b3b5c80704b371c16,delivered,2018-01-12 11:51:48,2018-01-13 04:54:45,2018-01-15 23:52:31,2018-01-16 19:57:41,2018-01-29 00:00:00
38953e88e1f6d075c453cc7c7808fd74,733f9b4333309e31dd4e6c88f04937a1,delivered,2017-08-06 22:53:21,2017-08-06 23:10:11,2017-08-09 14:40:07,2017-08-19 12:12:21,2017-08-29 00:00:00
982b8f41e38f544803f6acd22729a910,28cf804bd58d5a3962909e35d3f7a797,delivered,2018-04-21 18:38:11,2018-04-24 19:02:25,2018-04-24 23:28:44,2018-05-02 23:46:28,2018-05-15 00:00:00
0fcb17f553e4ac7cd19be95d11a1669f,d39dc030d8881866a3061535c0b22c1e,delivered,2018-05-10 14:51:36,2018-05-10 15:11:39,2018-05-10 14:54:00,2018-05-12 00:21:55,2018-05-23 00:00:00
9e40c7c987e4491a52592d5fe7f6e50b,7037d11107e5d6d4afb8d4b7bbc780bf,delivered,2017-06-10 12:02:53,2017-06-10 13:01:47,2017-06-12 13:05:18,2017-06-13 15:35:12,2017-06-26 00:00:00
9ac6d546ec51d8d707fc69e65a54e418,ee88732c377e0bfe78e70b7e42cfbc26,delivered,2017-08-10 18:44:08,2017-08-11 06:44:03,2017-08-11 16:34:11,2017-08-21 19:12:31,2017-09-01 00:00:00
b4d298d0232cfc779cbfdfcf795e7934,33bb176ec7ddc12556932a616a98f9d7,delivered,2018-03-22 06:29:38,2018-03-22 06:48:44,2018-03-23 04:33:15,2018-04-16 16:50:55,2018-04-25 00:00:00
41c7307fb0238baabade48573331cb55,8949f0cd8b98cdd06e590de6dcc661e1,delivered,2017-08-17 11:25:04,2017-08-17 11:44:13,2017-08-23 21:42:16,2017-09-01 20:34:30,2017-09-13 00:00:00
ac1bc75d5621c5b8a9ce8d494de07cdf,81bdd95cad25db8438c8fdc9d4ed1ca1,delivered,2017-05-24 18:59:10,2017-05-25 03:02:34,2017-05-26 09:58:33,2017-06-07 13:51:09,2017-06-14 00:00:00
739bb836f89badf6feddbbb049eef241,4f45750d162d7f0bed9188422896ecdc,delivered,2017-10-29 22:50:59,2017-10-29 23:05:56,2017-10-31 15:03:43,2017-11-10 18:28:29,2017-11-28 00:00:00
027e4543814c3b3509bbe890c569a841,e27201cb2a28267142162d8a9d0585bd,delivered,2018-04-14 14:53:43,2018-04-14 15:10:30,2018-04-18 20:24:33,2018-04-25 19:51:40,2018-05-16 00:00:00
77b062be7c5bd21712905feb8e1cfeed,b2bed119388167a954382cca36c4777f,delivered,2017-06-14 18:31:54,2017-06-15 18:43:04,2017-06-22 08:11:38,2017-07-07 20:32:47,2017-07-07 00:00:00
d6d47a77da8f82d0d6d55be296afce73,140056b97d230e9f8eca95f76c766e48,delivered,2017-03-26 11:27:56,2017-03-28 03:55:56,2017-03-28 11:41:46,2017-05-02 15:22:35,2017-04-28 00:00:00
a21d86f981f1cbf2c5f96971c6a6800d,b32b3f4b527cf062f07794f0aa0c5998,delivered,2017-05-06 21:08:35,2017-05-06 21:22:15,2017-05-09 08:06:01,2017-05-10 11:53:46,2017-05-29 00:00:00
8ec26dd02af502c1a8210efc0bb02c0a,07cea6722ef8b8da55cd10460f04bcbe,delivered,2018-07-29 21:34:26,2018-07-29 21:45:40,2018-07-31 15:40:00,2018-08-03 20:38:52,2018-08-09 00:00:00
6ec0422123f3eee03ea0f73c0e377915,1187135b2d9abed46948c2f42710c622,delivered,2018-07-26 19:28:06,2018-07-26 19:35:19,2018-07-27 13:37:00,2018-08-09 18:06:48,2018-08-14 00:00:00
c72ab77b36e73ef2e5f95a0c2f9fa739,abdf6cc37ffadac78377e096c2d298f0,delivered,2018-07-30 14:56:43,2018-07-31 15:31:49,2018-08-01 14:33:00,2018-08-08 18:48:37,2018-08-14 00:00:00
d14da316939ad2245cd4bb898bc45a62,372f7f836207b31b28bf19651ed09d6e,delivered,2018-07-18 22:24:06,2018-07-18 22:35:24,2018-07-20 12:06:00,2018-07-25 14:04:07,2018-08-15 00:00:00
47f545499e9ca5a70d3ec65e4e70adfd,a8fcf3c59c8a2f8f63406e1404dea784,delivered,2018-04-07 18:25:28,2018-04-10 03:55:37,2018-04-16 22:36:28,2018-04-20 22:40:54,2018-05-02 00:00:00
70756ed8114e7ea9fa7f220897cf934c,d0f1feb68180c9a4e966a461523271b9,delivered,2018-06-08 13:43:22,2018-06-08 14:53:58,2018-06-11 13:22:00,2018-06-14 16:36:27,2018-07-03 00:00:00
e122415106f4ed9ba92695a54bca9889,c2d5fb9a087c1037c2d97f1494722beb,delivered,2017-11-01 23:43:51,2017-11-04 06:10:21,2017-11-07 20:04:39,2017-11-25 17:29:47,2017-12-08 00:00:00
8167783184672ac51f523d827def5b07,226aea6f95cf4f76040cb386647ad290,delivered,2017-08-18 17:08:38,2017-08-18 17:45:08,2017-08-22 17:03:48,2017-08-28 17:12:31,2017-09-19 00:00:00
63c0c13581a5bb9483b698f6bda9fce2,429fca1f0c86d8e8e7974c121da7ae32,delivered,2018-04-05 20:17:12,2018-04-05 20:30:20,2018-04-06 23:48:26,2018-04-09 22:28:21,2018-04-19 00:00:00
48c8c4c032915f7f1d6c34979e7f703e,cd2f035e9ccd56e316021d9add4fffb7,delivered,2017-10-04 10:53:33,2017-10-05 02:49:26,2017-10-06 19:52:33,2017-10-11 15:50:04,2017-10-27 00:00:00
efcf9a4a8186ce8d7f785efc572a0db3,463ebb2bb8608b2f8f3e3b04351601d1,delivered,2018-03-17 08:56:12,2018-03-17 09:10:25,2018-03-19 17:46:26,2018-03-21 19:37:38,2018-04-02 00:00:00
9ba1d15b07227b24bacaa5bfc9e39b66,7719d6673acd0a17faf6c9a9f5f49dda,delivered,2018-03-31 23:39:52,2018-04-01 00:31:20,2018-04-02 19:08:49,2018-04-09 12:38:34,2018-04-27 00:00:00
02fc75303e2529f036cb819168fa21a0,a09beb0c78d884b69948b7a340fe9e68,delivered,2018-07-17 20:10:33,2018-07-17 20:22:01,2018-07-18 14:45:00,2018-07-24 11:58:30,2018-08-03 00:00:00
479c68f635b21bcb61385058d99b9b6c,9c61e2bf0f481877bbf50d600fe373e4,delivered,2018-02-04 02:37:17,2018-02-06 04:32:49,2018-02-07 21:56:31,2018-03-12 18:43:52,2018-03-15 00:00:00
697c79c16c63d9a81a331219b49243e8,b698dd2f2e777032c13190334b683b0f,delivered,2018-05-31 13:17:34,2018-06-01 08:51:57,2018-06-01 14:08:00,2018-06-02 18:08:29,2018-06-26 00:00:00
2eb63f75718e0a133e1a6c7d14375025,1712b3a131430bc9e53dcba7adcfc282,delivered,2018-05-29 10:46:58,2018-05-29 17:57:24,2018-05-30 11:06:00,2018-06-02 12:36:43,2018-06-21 00:00:00
f351ab7501d0f1d1874843df793c2fa6,39ca314818a8fcf7275bdd62444be657,invoiced,2017-10-10 20:54:00,2017-10-10 21:07:14,,,2017-11-14 00:00:00
d40cae317472956cd556dacb126e481c,d31d9ee6ccc7152f0782b24bc5570add,delivered,2018-07-27 10:40:34,2018-07-27 10:55:16,2018-08-09 07:51:00,2018-08-14 13:00:00,2018-08-24 00:00:00
248c46bb0e95b62198fe84442400b7f4,c7f0d256e0f8039292b3ce5fc27ab310,delivered,2018-08-11 13:16:54,2018-08-11 13:30:16,2018-08-13 15:26:00,2018-08-16 16:02:43,2018-08-28 00:00:00
be90f928191efcd737bf75b53a1a8374,b05b1fd9c1286fb36afa6b757c8607ba,delivered,2017-10-01 19:09:29,2017-10-02 14:07:24,2017-10-04 17:48:24,2017-10-16 20:44:05,2017-10-31 00:00:00
6413bab2628f99100c492390a5a54231,28b6a58f9e82d9982327e7776bff2e47,delivered,2017-08-11 11:14:27,2017-08-11 11:30:15,2017-08-15 20:48:43,2017-08-17 17:33:04,2017-09-08 00:00:00
37b680c6aa8ce81441e0e86dcb6d7822,92d10040d479c14fdb924ce85bb788c5,delivered,2018-02-24 09:33:05,2018-02-24 09:55:30,2018-02-26 17:47:54,2018-03-04 19:08:56,2018-03-20 00:00:00
28058755b955447f48e26d3f939a1df5,8a024ccdffed5439470bfa7198f73076,delivered,2017-07-13 20:52:45,2017-07-13 21:05:17,2017-07-14 21:23:32,2017-07-27 18:16:26,2017-08-14 00:00:00
d7c9e609272d05de1d13cbe04eaa1a13,84e0cd2b28135e32fc916fc5c8d3c4de,delivered,2018-05-19 15:07:25,2018-05-21 20:55:21,2018-05-22 13:59:00,2018-06-04 15:42:10,2018-06-12 00:00:00
487ebdc91b499c9442c96f81d71dcf7d,323fb14f29f27f4f2f321e3b6e4f1dbb,delivered,2018-02-16 22:00:49,2018-02-17 21:55:34,2018-02-20 20:42:05,2018-03-05 16:22:54,2018-03-15 00:00:00
fd5f72be11f7a4426a3cc9778f643272,f12e6b52ea56e2cd7e96cad489976ff5,delivered,2018-06-25 13:37:13,2018-06-27 08:30:50,2018-06-27 10:52:00,2018-07-03 05:08:07,2018-08-02 00:00:00
92c3b57fce4cf8057ae90e02accd7fd4,7c9bc8d79415d32a5cba4114cbe607c0,delivered,2018-01-20 09:38:35,2018-01-20 09:54:21,2018-01-22 14:25:01,2018-01-29 22:10:31,2018-02-15 00:00:00
73e08c12d3981af1a3cf6580a9253fb1,261c8817697d0a60fea72f6cca043535,delivered,2018-05-07 14:28:20,2018-05-07 16:33:35,2018-05-08 07:01:00,2018-05-15 15:42:52,2018-06-13 00:00:00
326fa4ef13e06290f3b142da7663d4af,f72799a69d843f37e38236f68deb0bb0,delivered,2018-08-06 09:33:48,2018-08-11 23:31:58,2018-08-06 12:33:00,2018-08-17 20:35:24,2018-08-23 00:00:00
a61379db8a77b3c23fd2f0f60a5bd564,71aaca101e760b339740798f91ff6283,delivered,2018-02-06 11:24:59,2018-02-07 11:55:55,2018-02-07 23:04:38,2018-02-08 21:28:58,2018-02-22 00:00:00
ede6a833580744e002b0ee65323a3006,02307143f7dce7b43056056566b8e987,delivered,2018-08-17 15:11:53,2018-08-17 15:29:26,2018-08-17 14:07:00,2018-08-22 19:28:52,2018-09-12 00:00:00
da64839e98b51a0daa6d368e9f593a4b,e9490b645b17d03cfde928d84d38a916,delivered,2018-02-05 20:10:30,2018-02-05 20:29:53,2018-02-06 20:53:13,2018-02-19 15:38:51,2018-03-07 00:00:00
ea2a61e3a57414402f9c6dae7b04cddd,06fbbb4b3c723e6f7023671729bdbb4e,delivered,2017-08-11 11:21:31,2017-08-12 02:55:38,2017-08-15 19:52:00,2017-08-17 17:23:53,2017-08-31 00:00:00
ea1c943b92b11b5d15ba43481b4e3ab8,bc4317b200fdce5449bf64bfb17cdcf7,delivered,2018-05-15 12:10:21,2018-05-15 14:35:08,2018-05-15 13:49:00,2018-05-21 20:36:49,2018-06-01 00:00:00
4aaf9b9778e313ecfcfe11ba5673b136,a0af680b53dd9ddc1df27ee4a01fe25e,delivered,2018-03-24 15:11:38,2018-03-25 15:10:24,2018-03-26 19:31:01,2018-06-07 13:28:40,2018-04-27 00:00:00
622b9d86199a98a59cded9f26507efce,0dda46eaed5bee4363ebcf8e92346c10,delivered,2018-08-21 16:50:51,2018-08-21 17:08:59,2018-08-22 10:26:00,2018-08-27 18:04:49,2018-09-13 00:00:00
9dc248d86471fa08839eb2dc39e3a3d1,ed7814adc6ccc7f303edd1c2bf9fc0e5,delivered,2018-02-02 19:54:57,2018-02-03 02:52:38,2018-02-08 01:17:29,2018-02-15 21:47:00,2018-02-26 00:00:00
e0ba857017cfa40b224928b7534b6298,ad396c3affc7d4d16f45dd6d39137080,delivered,2018-04-09 16:57:00,2018-04-11 06:10:25,2018-04-13 21:41:31,2018-04-25 20:03:57,2018-05-14 00:00:00
2ed2cecbd0a129265173791a944b3a43,440449ac8128b5cdf337acb522b7bcd8,delivered,2017-11-05 19:15:31,2017-11-07 07:30:34,2017-11-08 23:07:02,2017-11-17 00:26:45,2017-11-28 00:00:00
1534266375dc7e304dd7e81942cb25cd,b00080f3c4006f00249fcd2bb7998fe4,delivered,2018-07-04 14:05:12,2018-07-06 03:11:23,2018-07-06 11:09:00,2018-07-11 20:38:48,2018-08-08 00:00:00
ff027db47fd74b1bcf2dd6c24f0b809e,951cca7b29b84f6f11fa7856a19544ed,delivered,2017-08-18 22:10:07,2017-08-18 22:25:21,2017-08-22 13:40:07,2017-08-31 19:20:50,2017-09-13 00:00:00
c2673706bb89f4fa18b1837c6dd088e1,b1cd5fb9df0c995339f00947da09aa8c,delivered,2018-03-23 21:56:30,2018-03-27 04:08:22,2018-03-29 22:28:49,2018-04-19 17:37:34,2018-04-13 00:00:00
f0296e2322376fd2e7922b8deca72695,c7b836aefea27efb7e0bf4c70c129aff,delivered,2018-01-14 11:09:13,2018-01-16 03:40:08,2018-01-22 12:09:57,2018-02-05 18:11:42,2018-02-14 00:00:00
c919149cd022b45a249fb326d2ee89ab,f2339aa70330d8cacd37cacad89e1dda,delivered,2018-07-30 20:22:55,2018-07-30 21:00:16,2018-07-31 07:38:00,2018-08-07 22:32:26,2018-08-15 00:00:00
2cb13a60aa8162ece6fbc46f608f56b5,fa232cd4a5e0461181170ea18c902e3e,delivered,2017-08-23 07:04:54,2017-08-23 07:15:46,2017-08-28 21:37:04,2017-09-05 22:13:56,2017-09-13 00:00:00
42f588ddba9adc3d28e2f48face444fc,5f607465fa3e0b7cd83633f56e81ad8c,delivered,2018-04-24 10:15:21,2018-04-24 18:23:09,2018-04-26 11:06:00,2018-05-03 19:37:42,2018-05-21 00:00:00
7be3bc8a993254a45f536cd9b418f275,e2ccd88ee72187cef52de491449cd034,delivered,2018-07-27 12:18:25,2018-07-28 02:45:21,2018-07-30 13:42:00,2018-08-02 19:48:39,2018-08-06 00:00:00
66144189f7b5fbb4eb76eb513ac33a17,642f858f2d65c052cfa9058e21181a88,delivered,2017-01-31 00:53:39,2017-01-31 01:31:05,2017-02-02 09:53:30,2017-02-06 15:15:01,2017-03-28 00:00:00
974fdfd3a71b3695ec8d020318ec2f32,a3bcec319037c6aa55d2962c478cbd11,delivered,2017-11-10 09:57:50,2017-11-11 02:46:55,2017-11-13 18:52:54,2017-11-25 17:28:54,2017-12-01 00:00:00
9e631c9b66b8485a8b8a42fce40ed307,dd9061c2a5a1c0283e6a28971e82590b,delivered,2017-02-01 15:42:59,2017-02-02 02:45:16,2017-02-24 06:54:51,2017-03-02 16:22:29,2017-03-06 00:00:00
75eb720aba307ea0205d0e869196784f,978fa5a467a746e14b62c2cbab1a261a,delivered,2018-04-24 22:10:26,2018-04-24 22:32:49,2018-05-02 13:59:00,2018-05-09 23:21:45,2018-05-23 00:00:00
91d8a0827f2be0aa95d271328dbb930f,dd9fd7139e2f57b063f3ac0d911b9b6e,delivered,2018-06-10 15:41:21,2018-06-12 16:09:03,2018-06-12 16:13:00,2018-06-15 23:35:31,2018-07-05 00:00:00
982fdef4d624e5de5ab3906bee28fba6,b936b2777040ab52822e140e4f2d4773,shipped,2017-06-23 13:00:47,2017-06-24 14:55:21,2017-06-26 14:56:37,,2017-07-06 00:00:00
2a1ea1abb383ce92d9806ad031fec425,e4edc402dc77c6f89d5862a0c7a8d77f,delivered,2018-02-15 14:04:24,2018-02-15 14:40:24,2018-02-19 16:38:53,2018-02-26 20:54:12,2018-03-13 00:00:00
6c47b95ad53fe1aae994040c6de9ed16,6a25b32f0edab513097c8c8b0103c609,delivered,2017-09-14 11:41:51,2017-09-14 11:55:26,2017-09-14 20:51:51,2017-09-20 21:42:24,2017-10-19 00:00:00
c9c021b86955fcf0e69e300f5358bf1b,c191a55a19c3f512274d17d3e7dba91d,delivered,2018-04-08 17:03:39,2018-04-08 17:29:52,2018-04-09 23:51:56,2018-04-12 18:28:25,2018-05-02 00:00:00
294d16591b8d224412320d2053d48623,4748537243b6dd724560fe319c0d0b3e,delivered,2017-06-30 10:48:02,2017-06-30 11:03:58,2017-07-04 11:55:37,2017-07-27 16:03:17,2017-07-13 00:00:00
16b1ca4005cd15dce41f3431902ba314,b8f8bff5816a15d1951795b05a919cce,delivered,2017-06-13 22:30:27,2017-06-13 22:55:19,2017-06-14 15:21:21,2017-06-23 11:37:31,2017-07-18 00:00:00
b5f0cb5b67b735c6b00f7f9b92e0e59f,e5a00cebc56db6889c138d626886461b,delivered,2018-03-21 22:52:43,2018-03-21 23:08:15,2018-03-22 18:57:47,2018-03-26 23:17:47,2018-04-03 00:00:00
a7b8a73bcc7bf3850dc9f4907c5ee6f2,956346db615f7adb9ea991c5e4648c55,delivered,2018-06-18 08:14:02,2018-06-19 03:36:38,2018-06-22 16:48:00,2018-06-29 15:12:38,2018-07-17 00:00:00
1227f9af3b2ddb0b95060aab8e5b3dc7,53c9811a9eed9e84d267b8a929840882,delivered,2018-05-10 14:48:29,2018-05-10 15:11:25,2018-05-10 14:00:00,2018-05-18 16:21:53,2018-06-07 00:00:00
7106ae47c0242d76f336f5430d3ae0fc,6f37e3eb32985e5f552592b7e7173a33,canceled,2017-12-13 12:55:38,2017-12-13 13:11:58,,,2018-01-02 00:00:00
6310ac6315a8fa1c78101c9e73ed00d1,3d6419e75afcdbc766919734c32832dc,delivered,2017-12-14 12:09:44,2017-12-14 12:17:19,2017-12-14 21:12:27,2017-12-15 20:22:40,2018-01-03 00:00:00
0f63ff1c10a2177f98f649312e587b9a,ca741dc70e1b166cd577ba7050158cfa,delivered,2017-03-14 06:11:59,2017-03-14 06:11:59,2017-03-14 10:33:48,2017-03-22 13:53:32,2017-03-31 00:00:00
b9f5ca0dd8ac07db0b02705dc2be4d21,927e550cffb5caa83ce9afd6ec0d886e,delivered,2018-04-23 11:12:58,2018-04-24 18:52:59,2018-04-24 16:48:51,2018-05-04 02:12:41,2018-05-16 00:00:00
bdaf7db41d38e3478e18b7ba3bad26f9,b8be6ddd050b11ea467195e411ecd113,delivered,2017-12-14 21:00:03,2017-12-16 02:51:37,2017-12-20 21:38:55,2018-01-04 15:56:59,2018-01-15 00:00:00
b77a901ce2de1a59489f51df38987132,d0c290abc509f5f994f9ece9e856769c,delivered,2017-10-12 22:01:07,2017-10-12 22:14:26,2017-10-16 22:06:44,2017-10-27 20:33:37,2017-11-21 00:00:00
929a697354ed9cd384aadaaa0721ac4c,9d8d2230d9692d3d0ac5a99fa5a0f9c1,delivered,2018-01-17 20:03:34,2018-01-17 20:11:28,2018-01-22 21:59:19,2018-01-26 18:48:56,2018-02-08 00:00:00
5c966af20bdad2fc92140be537e76912,f6b6b5ca3111887288b23cdeb52d28b6,delivered,2017-08-17 08:04:24,2017-08-18 02:35:29,2017-08-24 21:13:29,2017-09-06 21:56:56,2017-09-15 00:00:00
2d5e1b7c770f4e9023c6cc6921ca6241,82060ef3e1a400c3176bcf87717e1685,delivered,2017-12-26 16:41:55,2017-12-26 16:50:31,2017-12-27 15:23:26,2018-01-03 15:26:02,2018-01-22 00:00:00
8ec27c1530740271e94117b9b0168384,e2a6c60309057c889ff6c32fabca6b5e,delivered,2018-04-12 09:41:01,2018-04-12 09:52:32,2018-04-13 21:46:48,2018-04-23 18:22:12,2018-05-10 00:00:00
a251837e3fdaf53bc31e35e612cf58be,7d72110cefac7bd86151630c0c56be2c,shipped,2018-01-30 22:38:22,2018-01-30 22:52:50,2018-02-01 18:47:42,,2018-02-23 00:00:00
d871dddcb611a31e705345b5c37d7a72,1fc6b3289b080e774c436bacf707eeb7,delivered,2018-05-18 10:33:52,2018-05-18 13:31:15,2018-05-22 07:20:00,2018-06-05 20:41:28,2018-06-11 00:00:00
db145d39d51668d2934a47dbae8e5e66,8bcd806bfdc8aec049be3a61872fb021,delivered,2018-03-19 14:29:39,2018-03-20 03:48:59,2018-03-20 21:22:07,2018-04-11 12:36:42,2018-04-12 00:00:00
00c8be06a8029e300dabd52c7d4c6ad2,5508ab552ed2d4da9d21e777849034d0,delivered,2018-02-11 00:36:56,2018-02-11 01:48:42,2018-02-14 18:23:20,2018-02-27 21:08:12,2018-03-09 00:00:00
51bb13153af861b1c5967b91c735bb8a,8502294d1cabcb2da925a36a5aa25876,delivered,2017-09-11 20:58:23,2017-09-12 21:10:14,2017-09-15 21:29:55,2017-09-18 18:30:05,2017-09-21 00:00:00
3853bb442103dd1f77271b7750bd3202,b663fad935d54a48a276dad2482e5732,delivered,2017-11-24 09:19:02,2017-11-24 09:38:31,2017-11-29 22:48:43,2018-01-03 18:52:37,2017-12-19 00:00:00
df78dad0e4ef0211f5622cc26f335900,88938507407fa22c7077d8fa933aedbd,delivered,2018-06-25 08:04:30,2018-06-25 08:38:26,2018-06-25 13:13:00,2018-07-04 22:12:31,2018-07-19 00:00:00
5e1b4875a5df5a3743b84762d92d5268,d48405717974e57f6a2037b675eda74d,delivered,2017-08-09 13:17:28,2017-08-10 14:30:09,2017-08-11 18:37:54,2017-08-28 20:55:43,2017-09-04 00:00:00
eb54c63c566516c6052fa30db3558c17,9b3f8363f2ee84afcec10865308f0687,delivered,2018-03-03 22:15:38,2018-03-06 03:55:38,2018-03-12 14:02:09,2018-03-16 01:41:10,2018-03-15 00:00:00
9c8922b42eceb3b3bffa3b3e098eecc4,081ecee4228a97b36aa3b2cbd1bbc1ba,delivered,2018-08-03 07:36:53,2018-08-03 07:45:14,2018-08-06 14:49:00,2018-08-09 14:49:05,2018-08-16 00:00:00
76ed9741ef1e5ae8641e9c885d775c82,b22aa5776c204aea80c90573c6cb428a,delivered,2018-05-10 00:29:11,2018-05-10 00:57:05,2018-05-11 05:35:00,2018-05-18 13:34:43,2018-06-05 00:00:00
1194afa31e54aeee123be8df42e3f573,b383a778278d061c8b275a611c26ca8a,delivered,2018-06-05 16:56:38,2018-06-05 17:15:38,2018-06-07 08:38:00,2018-06-13 18:48:54,2018-07-11 00:00:00
8347204e1ae41b2ad30899fa41a0a889,67e68659e454ee97821ddb96f4b91c11,unavailable,2017-03-03 23:49:03,2017-03-04 01:33:07,,,2017-03-22 00:00:00
69741f6be661e32356395ea391cdca5d,ec8b4c21b7b12f71327c523fd81cba91,delivered,2018-03-27 12:48:41,2018-03-27 13:07:32,2018-04-09 23:23:24,2018-05-11 19:19:14,2018-04-20 00:00:00
cd0b9d874096dca1dd609209e76ce7bb,4f482d46c6fe5e13d6993f6c06c1c0ce,delivered,2017-06-04 19:58:38,2017-06-04 20:05:14,2017-06-05 14:55:31,2017-06-06 16:07:34,2017-06-19 00:00:00
7716937e9e5ce7dbc5b9209c3f30afe1,2c5b91b72d3c94c751474461c6ea717e,delivered,2017-07-25 12:25:18,2017-07-25 12:43:23,2017-07-26 19:24:21,2017-08-01 20:27:33,2017-08-14 00:00:00
e67af1fcf53dc5b886f382743f8e4e6a,63fe8f45dc9825a764d7be70ec84dbc9,delivered,2018-03-18 19:52:48,2018-03-18 20:07:40,2018-03-21 18:44:38,2018-03-23 23:12:19,2018-03-29 00:00:00
27a90e8052f7030cbb1c892d8e59542e,c56940eec5b36f84fda82f05aa520e7f,delivered,2018-06-09 18:07:31,2018-06-09 18:19:02,2018-06-11 14:31:00,2018-06-12 21:24:45,2018-06-29 00:00:00
6278b210eed972794a1824a444ed2efe,707d97395daf1db01ea1fe98ba748879,delivered,2018-07-04 18:28:19,2018-07-06 03:11:22,2018-07-12 11:38:00,2018-07-14 13:58:45,2018-07-26 00:00:00
9cd2255ff41cdabee2e24bd9ec5b2084,3e97e4616acb3774ea13062109392ecb,delivered,2018-05-10 16:06:01,2018-05-10 16:31:24,2018-05-11 14:06:00,2018-05-18 19:48:39,2018-05-28 00:00:00
153b80864a22f0638fef4339488a2cf3,3465815678642fddd150c74f20f98f0e,delivered,2017-11-15 00:16:15,2017-11-16 00:10:50,2017-11-16 21:14:41,2017-11-28 19:33:58,2017-12-13 00:00:00
bbb1b6d02445bc2786f24be1f048612f,3854e2234eed2d10978e229b5ba9d738,shipped,2017-05-29 12:07:06,2017-05-30 02:05:08,2017-05-31 10:39:52,,2017-06-19 00:00:00
4caaf61b274c02f48a293f31001a0c01,823b016f05d9078ff1956dc216da4e07,delivered,2018-01-31 12:27:34,2018-01-31 14:10:02,2018-02-02 19:33:23,2018-02-15 17:42:00,2018-03-01 00:00:00
16ac52984591a32873cdec7382495c2c,6575ac03728dba8daf9423c92e8cbd29,delivered,2018-07-10 12:46:06,2018-07-10 12:55:32,2018-07-11 14:11:00,2018-07-12 19:06:49,2018-07-18 00:00:00
c29a7cc498263621590164d96d2953aa,6d4dd822defb49587337ca2fef0d24d3,delivered,2017-08-14 13:18:06,2017-08-14 13:55:10,2017-08-16 19:32:31,2017-08-22 17:52:30,2017-09-08 00:00:00
fdc88692da135d28b85f197ab75a1a53,fa5b2ac95603afa5cb70babb2747b6dc,delivered,2018-06-01 18:33:23,2018-06-01 19:51:37,2018-06-04 12:31:00,2018-06-15 16:22:01,2018-07-17 00:00:00
359a6c8d5dfa54332e03367d0da42034,d256ef21afa8f4a7280825bb2dec1c24,delivered,2017-11-08 21:58:21,2017-11-08 22:11:06,2017-11-09 19:38:25,2017-11-20 18:42:45,2017-11-30 00:00:00
40e79cd4423c5d7e9a34fcd1f8b9a76a,a7c4132a484a334588a688bc25a1fe3b,delivered,2017-11-24 18:19:49,2017-11-25 04:30:35,2017-11-27 20:06:30,2017-12-01 22:55:06,2017-12-14 00:00:00
6e0a05c8cd1585c08cbd95f7e1e783cf,0e56c80b5f34d298fafed268f0780424,delivered,2017-12-13 07:51:49,2017-12-13 08:09:13,2017-12-13 17:22:13,2017-12-19 17:52:04,2018-01-11 00:00:00
65d304f392228e0b497f19d67ac76d90,73ee8ac995e6714d70adec2abb1c6459,delivered,2018-05-19 16:47:00,2018-05-19 17:11:31,2018-05-21 14:41:00,2018-06-04 18:18:49,2018-06-06 00:00:00
c3303e89dcbc08a6ba79213095eca5f0,ecd50c4716898b92a83b18ff630ff265,delivered,2018-01-24 16:52:57,2018-01-25 02:58:15,2018-01-25 16:35:49,2018-02-02 14:32:43,2018-02-26 00:00:00
73a366d399bf1947b6d62c2a4e648f27,01950e4d4d0f0f8561e721ad5c8b0f9a,invoiced,2017-02-09 11:41:40,2017-02-09 11:55:13,,,2017-03-21 00:00:00
2b0c5e8ea478e2c617ff8717b4356bac,6698e1f5add40d916c67e21b13139b5f,delivered,2017-12-07 09:52:28,2017-12-07 09:58:23,2017-12-11 19:59:46,2017-12-20 21:33:10,2018-01-02 00:00:00
b8dbf67f537e4897a9d5d6569fd7ea01,4b31542172377edc9084ac0e82055a61,delivered,2018-08-10 18:50:46,2018-08-10 19:04:28,2018-08-13 11:57:00,2018-08-30 17:41:32,2018-09-10 00:00:00
01156b662f3f47b249b5a8881d205f08,ac7787b04da7c05fe6037343bd8bf577,delivered,2017-09-13 20:36:57,2017-09-13 20:50:11,2017-09-18 21:07:30,2017-09-27 19:20:08,2017-10-03 00:00:00
52cbc18ba1a5171e8b511f49c561c9b4,525918becb62c229ad455b82c0cfc343,delivered,2018-01-04 10:49:38,2018-01-04 11:09:05,2018-01-09 20:27:15,2018-01-10 23:09:22,2018-01-23 00:00:00
903def626d7780d9943cfe4b85f11ce6,d98e266a02206952ffc32553039b5795,delivered,2018-02-04 17:11:46,2018-02-04 17:29:31,2018-02-06 18:44:51,2018-02-08 00:37:53,2018-02-21 00:00:00
2f5d70ed755cd9161500d10f19737dce,97258b1b770e304d93ac981548ddfaa2,delivered,2018-06-06 21:50:06,2018-06-06 22:12:19,2018-06-13 13:41:00,2018-06-14 21:32:20,2018-07-20 00:00:00
e929082d2d58e7c69ca9d06715ef551f,654e52bcecd9ed256edf1278b7a27eeb,delivered,2017-09-21 16:40:04,2017-09-21 16:56:07,2017-09-22 22:25:03,2017-09-29 18:48:46,2017-10-31 00:00:00
fa9afc1d64be50bf4d2d1bb2d63cc6da,01dea2b11c15fd0f99bfc256d288410f,delivered,2018-02-05 14:35:21,2018-02-05 14:48:29,2018-02-06 16:24:51,2018-02-26 16:05:06,2018-03-12 00:00:00
2625837a3a5e1335d606929a3cf154a8,53170878264b262f67dd44eae6f6998d,delivered,2018-01-17 02:18:29,2018-01-18 02:31:00,2018-01-18 23:48:39,2018-01-25 17:28:41,2018-02-07 00:00:00
63d6b7bc7b40bda892a917e735970c67,858b146159ac030801e72d01ceecfb45,delivered,2017-10-09 19:07:28,2017-10-10 13:49:25,2017-10-11 01:33:35,2017-10-16 20:49:56,2017-11-01 00:00:00
fe3ed37f8447cf637b8433c92451513a,f6c59ee84a5d75eb10e75d2df12d67f0,delivered,2018-05-12 12:43:44,2018-05-12 12:55:28,2018-05-18 15:12:00,2018-06-13 19:26:38,2018-06-04 00:00:00
15c27084788815475d3d73afe7dc2330,56d173fa525c87c279927cc4a62eba2f,delivered,2018-07-29 19:42:00,2018-07-30 20:30:55,2018-07-31 14:05:00,2018-08-06 17:23:52,2018-08-09 00:00:00
a29af77084743dcf5b484cd0c19daa9b,38c7187bbd781f3cb903117648bfa3ca,delivered,2017-10-06 16:05:51,2017-10-06 16:14:29,2017-10-10 18:51:39,2017-10-18 01:04:02,2017-11-09 00:00:00
b3e86749e6dd7b4df4f345abbd329912,9cc7a2a2047164790f51e316659268f7,delivered,2018-03-10 14:10:28,2018-03-10 15:08:06,2018-03-12 20:58:20,2018-04-19 20:44:32,2018-04-16 00:00:00
c1b0aef054d96bbc7d6c28478af21483,dbc778788a25fd96ca5e9e77ca52cccd,delivered,2017-11-16 17:03:33,2017-11-16 17:15:59,2017-11-22 22:02:57,2017-12-19 16:18:38,2017-11-29 00:00:00
bbcfe3479e69a4b7b0883bedf8ffdc65,0ce067e01bd19c82859f719f1e091883,delivered,2017-12-16 10:25:12,2017-12-16 10:34:27,2017-12-20 00:26:49,2018-01-03 21:05:42,2018-01-15 00:00:00
aadd7193594d4613a0aa92401c30234b,b9ef1929c0f7c27c2610fdbc2f2b5c40,delivered,2018-06-02 11:33:43,2018-06-02 11:50:35,2018-06-04 14:47:00,2018-06-07 18:02:23,2018-07-13 00:00:00
d4a961a670c1caabf81268139c1bb131,82883b04e133c829127d3a45aeeb598c,delivered,2017-08-20 12:23:42,2017-08-20 12:35:20,2017-08-21 19:17:47,2017-09-04 17:24:09,2017-09-21 00:00:00
87035570c6fd0cc3421349131411fdfe,848a74f166dd8555ddff084687ccf394,delivered,2018-06-22 22:39:55,2018-06-23 01:40:00,2018-06-25 08:05:00,2018-06-28 22:14:32,2018-07-16 00:00:00
617d980a730141906f5899331ad6db06,194c01d852a6b29b0a9b4df40ff3a4eb,delivered,2018-04-04 14:11:18,2018-04-04 14:29:04,2018-04-07 01:42:33,2018-04-16 19:24:45,2018-04-27 00:00:00
e66c28c44f4a12382611f0de3e522478,9fc65745d2e6f175da441de056d4777a,delivered,2018-07-20 17:40:31,2018-07-20 17:50:21,2018-07-24 14:21:00,2018-07-28 16:40:43,2018-08-22 00:00:00
e9b40dee488f04d79f264cfc3d8a2f0a,cf21bb8a7e2d6feef9d4bc23da7d679b,delivered,2018-05-16 13:26:20,2018-05-16 13:59:08,2018-05-18 14:29:00,2018-05-21 15:42:25,2018-06-04 00:00:00
74ef6fad7ff108e20c28937b7e1b7c3c,ca796f0554b7f816f58ae0417a9f6fa0,delivered,2018-03-20 16:56:19,2018-03-22 02:56:23,2018-03-23 13:11:59,2018-03-29 20:03:49,2018-04-06 00:00:00
dfda6b8e30bc9ac258d2835f931c28f0,6b4a545e81c747a0f12ec50d9f725d63,delivered,2018-01-08 11:23:52,2018-01-08 11:35:30,2018-01-12 21:22:38,2018-01-18 20:58:50,2018-01-31 00:00:00
29e40d80fb76f5da9cf2a104f960790c,40340056dc055b0ae321a36383a232b5,delivered,2018-02-18 08:39:30,2018-02-18 09:46:24,2018-02-19 21:13:10,2018-03-21 23:41:05,2018-03-20 00:00:00
2e429ae793d0065e4efbe7040c5e3203,ce3557b2b0bf9b7cb6c54af4a2d0babd,delivered,2018-05-10 21:18:31,2018-05-12 03:32:36,2018-05-16 15:30:00,2018-06-05 13:54:25,2018-05-29 00:00:00
a113213b73eab23b8cc9744a43f7f65c,ee806731e5bd1922c73da9af10468819,delivered,2017-12-20 07:04:15,2017-12-21 02:12:48,2017-12-22 16:14:59,2017-12-29 19:32:41,2018-01-18 00:00:00
d02810c489d42d7e54dd19b8d7c9d91a,c21b4101c44c6030ad3784ece35e04cd,delivered,2018-03-13 14:16:30,2018-03-13 14:28:38,2018-03-14 17:12:14,2018-03-23 23:41:36,2018-04-03 00:00:00
f4f92c0415cf3360dbf1209032bba08d,b6e702e4d94020dffb7772f5511c3265,delivered,2017-03-10 13:18:07,2017-03-10 13:18:07,2017-03-13 14:12:52,2017-03-16 08:47:44,2017-04-03 00:00:00
f0107a10578d0418c07ddd6bbec0f94c,be10f8d6a8eaf7abc4b481e668f080ce,delivered,2017-07-04 10:48:43,2017-07-04 10:55:17,2017-07-10 19:39:44,2017-07-24 18:12:36,2017-07-24 00:00:00
a7144d3b7979d21c288cab0a459f7bf0,6250c0be552393dae4324dff902a56a0,delivered,2017-04-07 18:41:20,2017-04-07 18:50:17,2017-04-12 08:05:25,2017-04-19 12:53:40,2017-05-08 00:00:00
abe45c6183ce8438e33286caf45374b4,6b6eea107c6bf3987e5d11da2f503e0a,delivered,2017-06-03 12:36:33,2017-06-06 13:25:20,2017-06-16 12:44:50,2017-06-27 12:48:40,2017-07-04 00:00:00
fe51db9ff7a67edc7468c14e0a2e9aa1,7247106f634d1730b57da177148bbc0f,delivered,2017-02-06 17:10:51,2017-02-06 17:25:17,2017-02-20 16:34:13,2017-02-23 17:27:35,2017-03-15 00:00:00
4624ea7637e72baa8c19beb97398173d,038aa59fda83ef09082edd0718cd97ff,delivered,2017-06-30 18:12:15,2017-07-03 09:55:16,2017-07-07 18:49:35,2017-07-20 18:29:31,2017-08-03 00:00:00
2eb6d51ef9ae3ae319b31ce4e4ec0097,723a9dbaa319e03aec1287b768125c53,delivered,2017-06-02 13:14:46,2017-06-02 13:30:19,2017-06-05 17:08:24,2017-06-12 08:27:54,2017-06-27 00:00:00
56817b6a13a54aa268c6fb5cb044f84a,4ccfe8b4a000b269973930e647994535,delivered,2018-02-01 21:10:39,2018-02-02 21:10:27,2018-02-08 00:46:50,2018-02-16 20:45:22,2018-02-26 00:00:00
91d4539b388eaa6cdb58342954c42c5a,4ddb850103e6736b88bb8c5161b97dad,delivered,2018-04-05 16:52:50,2018-04-05 17:09:50,2018-04-07 01:28:40,2018-04-17 00:32:12,2018-04-27 00:00:00
2ce205c58fef8abc5963b6da38e4b2fe,8fbfdbacdc92ddd984f024f09e62408e,delivered,2018-08-06 22:04:22,2018-08-06 22:15:18,2018-08-07 14:06:00,2018-08-14 14:46:43,2018-08-20 00:00:00
025fe62703ce31742dc8bbe8b1a99b56,fc217359526d7fceb4f1b3b7756dcd56,delivered,2017-12-16 12:44:51,2017-12-19 10:10:44,2017-12-19 23:04:47,2017-12-20 20:43:43,2018-01-05 00:00:00
1c1c151fd9d7a589bffa44635f4f1310,0a133589395921bf74897e05ec96f1f0,delivered,2018-07-30 21:38:40,2018-07-30 22:31:37,2018-08-01 15:56:00,2018-08-03 22:17:30,2018-08-02 00:00:00
49843e531464ed9b7fd3024c336faed8,d77394ad560e9f49d8951a6a3546fed9,delivered,2018-03-06 15:30:55,2018-03-07 02:49:15,2018-03-08 14:19:35,2018-03-14 23:18:53,2018-03-23 00:00:00
d1e49fad76dfd4ed8f5488500011e45f,25d440b7b000d8bea79037e4a382d558,delivered,2018-05-23 10:16:23,2018-05-23 10:36:09,2018-05-25 06:18:00,2018-06-05 15:54:57,2018-06-18 00:00:00
3c38b53bb7d6f3c9f00d993a80f8cdd5,ec8c80a5a5e99b6c7c4ddaed8d8bdd4c,delivered,2017-10-18 16:02:42,2017-10-18 16:14:43,2017-10-19 16:52:49,2017-10-20 17:12:34,2017-11-01 00:00:00
cf9bb4d37d0b4a4df8b2d95bc83a1539,92f3760b26938983b3698e6d2559764a,delivered,2018-07-15 21:48:23,2018-07-17 04:31:58,2018-07-17 14:26:00,2018-07-28 11:17:38,2018-08-08 00:00:00
29eaa93d33fc632871bee1c846c6c7ce,9e070cb2730a7ad3880a66468a48233e,delivered,2018-04-23 12:36:30,2018-04-24 17:41:49,2018-04-24 23:07:46,2018-05-03 00:19:24,2018-05-23 00:00:00
da1e438a39bc8b47403207e4c043594d,524e35fe63be323cf7c7d761aac5d34d,delivered,2017-05-08 23:20:58,2017-05-08 23:30:14,2017-05-15 07:09:50,2017-06-05 16:29:16,2017-05-31 00:00:00
a83bbd7210fc35296b93c16a48be49b8,1a760c39f66b1b47fe6812876b945e48,delivered,2017-07-11 00:39:48,2017-07-11 00:50:14,2017-07-12 16:44:26,2017-07-17 19:07:27,2017-08-08 00:00:00
994401fd01721847793a72da7050c935,80c1314f5c6dc8009710aaaaa644475f,delivered,2017-04-09 20:45:27,2017-04-09 20:55:09,2017-04-13 15:58:07,2017-04-28 15:47:50,2017-05-16 00:00:00
d3cefa3b994d2662eba354f826cd64a7,6cd0ab1128ac257e65a2ff5e7b8da810,delivered,2017-11-06 20:37:19,2017-11-07 07:30:43,2017-11-28 09:24:45,2017-11-30 23:53:00,2017-12-05 00:00:00
2ce4f2ad6400bcf53505cb29f228755a,84d03da5b419db76b30b4f5d8ccb6450,delivered,2018-05-15 20:11:10,2018-05-16 02:55:09,2018-05-16 08:34:00,2018-05-24 17:13:07,2018-06-05 00:00:00
621e3ac1e934f773b4db54dbaa49edab,19d52c17ee7447aefa1782d6fd9d580f,delivered,2018-03-16 18:47:04,2018-03-20 03:48:46,2018-03-20 22:38:45,2018-04-20 18:12:50,2018-04-17 00:00:00
a5a3c295445dd23736b0a5c49bf376dd,b26b334a381075fcf9f0b0354c4a453b,delivered,2018-04-29 15:50:17,2018-04-29 16:15:16,2018-04-30 11:46:00,2018-05-04 16:28:30,2018-05-17 00:00:00
a42e9f17e34277db56eae85c479c8426,a9fa62170275bae9e87b228bad3ba33c,delivered,2018-06-12 09:04:48,2018-06-12 09:40:27,2018-06-12 15:06:00,2018-06-13 21:41:14,2018-06-21 00:00:00
061aa244b31dd240e079ad7a7ce3f32f,49d060225cea4efaab0882a62cc3997a,delivered,2017-09-22 15:37:18,2017-09-22 15:45:45,2017-09-22 20:38:53,2017-09-26 18:27:53,2017-10-09 00:00:00
9dc960f739dffe11a498162d0d26c103,a21318b1cf4bb2e728275bb44c2829b5,delivered,2018-02-01 10:13:27,2018-02-03 02:53:59,2018-02-08 00:53:09,2018-02-09 22:16:37,2018-02-19 00:00:00
4780df3ccba2421e8403792f2a8a0d67,74756ce04db42d46a954f2f687b7686d,delivered,2018-03-01 10:48:09,2018-03-01 11:14:34,2018-03-02 18:07:22,2018-04-04 12:53:42,2018-03-19 00:00:00
b09c70ad14e8113f2aabaee95aff25fb,fa701810e6591470f5b1d0cb54d113d6,delivered,2018-01-19 14:32:01,2018-01-19 14:57:13,2018-01-23 10:42:12,2018-01-29 21:59:10,2018-02-16 00:00:00
d11d6ab0c7df16a66c726f6f83ef51d1,dfcfd4bcff0fc8ed438d9bbb40c9bc05,delivered,2017-09-03 22:08:27,2017-09-03 22:24:19,2017-09-04 20:20:37,2017-09-12 20:29:43,2017-09-27 00:00:00
f3da0d205fb8a689ba773b74194ad85c,b4d59456cf6d20c530c51c65e749c5cc,delivered,2018-01-04 08:41:09,2018-01-05 02:36:44,2018-01-08 19:06:57,2018-01-17 22:07:11,2018-01-30 00:00:00
c27c10569c789ec6293df7ef9f4caaa1,c4f6b0c6b4edc8bf67467bb6bf1077fe,delivered,2017-03-31 15:41:39,2017-03-31 15:55:20,2017-04-11 16:38:07,2017-04-18 19:29:06,2017-05-09 00:00:00
b4f32b99da22c8263a0cf99ddd7cb55f,0ea326425f455ed155649f875ca7a168,delivered,2017-05-19 13:05:48,2017-05-19 13:22:27,2017-05-19 14:56:07,2017-05-26 10:07:59,2017-06-13 00:00:00
0ab0adc81c98426d2cde86ab2ba52bc3,4ddafff707b98c2f941aca4da98b3044,delivered,2017-04-20 12:57:14,2017-04-20 13:10:51,2017-04-24 14:43:02,2017-04-29 10:13:13,2017-05-12 00:00:00
0413fe9eb0eb4aee51ef3065e9c91aa3,022d2a2e532b92556bf7cd39107fd780,delivered,2017-06-30 11:27:34,2017-06-30 11:43:10,2017-07-03 13:25:33,2017-07-11 23:27:59,2017-07-26 00:00:00
5ad7d897998f9bab0176a1c82b7437ea,d998224127a8d4a8ca5ddf2a59006bb6,delivered,2017-08-28 20:17:51,2017-08-28 20:25:37,2017-08-30 12:59:57,2017-09-14 22:22:31,2017-09-18 00:00:00
1f52e650514a6e3621994f4a48e264fa,7c4b2901f3f6fc349e2709110ee34e3d,delivered,2017-12-15 21:38:09,2017-12-15 21:51:25,2017-12-18 19:35:08,2018-01-04 18:19:10,2018-01-17 00:00:00
efd8d1b981913fbc82d5cb85e7e0373f,85dca883efd5ad7d71213fefa8528d7e,delivered,2017-08-18 15:30:49,2017-08-18 16:04:28,2017-08-21 19:57:33,2017-08-22 19:55:58,2017-08-31 00:00:00
88e55fde09f2f11df0bb4890ba3ee879,b25714cbd8cbea548e9a868c2a8dce1e,delivered,2017-09-14 08:47:02,2017-09-14 09:04:07,2017-09-18 21:22:12,2017-09-29 18:37:30,2017-10-05 00:00:00
94c75dfeee3285793c49e131f730a73c,3944b82e37ee5e185759759a68c555a6,delivered,2018-01-23 20:53:56,2018-01-23 21:20:18,2018-01-25 20:09:51,2018-01-31 15:54:06,2018-02-15 00:00:00
a4fa719430167664811c30680941ec40,a240ccd156413c662c6b890586035887,delivered,2018-08-06 20:56:23,2018-08-06 21:05:18,2018-08-09 15:07:00,2018-08-16 19:38:25,2018-08-21 00:00:00
4e64cd773156febbf0e105d0b4aeaad0,2a6380a3c3cfcc8fc84783942f7c5ada,delivered,2018-03-16 00:21:49,2018-03-16 01:55:25,2018-03-29 20:33:22,2018-04-03 04:20:57,2018-04-13 00:00:00
c0bd1839e07d2c2eb2f047b50da39f2e,310509e891b9c8d01507a2acd753324c,delivered,2018-02-26 09:41:18,2018-02-27 04:41:14,2018-03-05 20:53:34,2018-03-15 01:31:00,2018-04-05 00:00:00
e7357fe4a77b19d99e8916f8e8af7b69,c6ecebe7894f7de1fbe05d97dc57f3c9,delivered,2018-01-04 13:40:05,2018-01-04 13:52:23,2018-01-05 19:49:18,2018-01-11 17:22:48,2018-01-30 00:00:00
09023a853a37b3ccb3ca46372068748b,2c197ea326b24a3dd7ae5cd7febd4599,delivered,2018-01-30 15:40:06,2018-01-30 15:55:31,2018-02-05 16:32:08,2018-02-21 17:38:05,2018-02-26 00:00:00
782c3666584e68ee1fe25859e30cfbe8,950aed4cf173ac2b9b4985377039adcf,delivered,2017-07-26 16:04:07,2017-07-26 16:15:21,2017-07-27 18:21:51,2017-08-03 18:49:24,2017-08-17 00:00:00
9de76ec033b835610e97e8b8b78011d1,15a15490641145429be8cdd6ce872d68,delivered,2017-04-11 13:00:12,2017-04-11 13:10:17,2017-04-17 17:20:24,2017-04-28 11:42:45,2017-05-08 00:00:00
cdd077f14d312b2490a97e9b1fc0caab,b1ed30407bcc491702594654edf43c48,delivered,2018-04-19 19:07:09,2018-04-20 08:10:28,2018-04-20 20:38:37,2018-05-11 20:35:52,2018-05-14 00:00:00
1431b547a5eddb3dbc9adaef89b9e5f9,fe91e175a31617a8a51b8097e2c53dbe,delivered,2017-05-17 09:03:36,2017-05-18 02:25:42,2017-05-19 10:57:43,2017-05-29 12:23:54,2017-06-12 00:00:00
9376d48a8f0dfe09122a2e197aee2436,b24e76ff960c3a5cf88ce8852d6e9fe8,delivered,2017-04-02 12:37:46,2017-04-02 13:05:51,2017-04-03 15:27:41,2017-04-05 19:03:53,2017-04-24 00:00:00
d2651bbfae1f2a0814488eea7ff6165d,0f4fa1eb4a17044d57731292c86838fd,delivered,2018-08-14 22:48:48,2018-08-14 23:04:35,2018-08-15 15:07:00,2018-08-23 00:36:45,2018-09-10 00:00:00
f6aed65c2ae30760c5c950f95d1c124f,e99e1e11fa176e28f882fc339aeba6d3,delivered,2017-05-15 12:07:20,2017-05-15 13:04:43,2017-05-17 17:20:23,2017-05-24 12:00:34,2017-06-14 00:00:00
a298b9d499a8e4ba3c0fe83ac59a4f7d,a1d58b815a7e373d01a92cfa65fa60fc,delivered,2018-04-01 06:04:03,2018-04-01 06:15:08,2018-04-02 23:28:26,2018-04-04 01:03:25,2018-04-12 00:00:00
b5ce347cd62af1116c46cef624970cba,516e38aca1a40d1e169eeeaf0379ca4f,delivered,2018-05-18 17:24:11,2018-05-18 17:55:38,2018-05-21 15:48:00,2018-06-05 15:38:26,2018-06-11 00:00:00
4a17b2645f4598da6cdcd43f785b9b1f,83ced71889769885f9a06748fc0364fd,delivered,2018-08-22 13:06:17,2018-08-23 02:44:25,2018-08-23 09:32:00,2018-08-24 18:49:41,2018-08-27 00:00:00
edd378f5237218b9ab0d7cfb2f9fbe12,114587c7c5ddfc7863796a843fa2a415,delivered,2018-01-31 15:33:18,2018-01-31 15:53:35,2018-02-02 01:33:36,2018-02-14 17:26:52,2018-03-06 00:00:00
e8204ce4727e0579d7cebd304236bcc3,7673829d261bae4cab2db2e831d038af,delivered,2017-04-06 10:50:06,2017-04-06 11:02:57,2017-04-07 16:28:03,2017-04-12 12:55:07,2017-05-02 00:00:00
fb532c8404467100e3f75ab03b3faae4,d5179a97980d69d1b4bb8f77a21e4785,delivered,2017-06-14 19:06:02,2017-06-14 19:40:06,2017-06-16 16:15:12,2017-06-29 12:44:46,2017-07-05 00:00:00
6c28b1d1bade1e274dc893aaf8b0535d,14cfb847ede5c34c45673456203da884,delivered,2018-05-12 20:43:03,2018-05-12 20:55:25,2018-05-14 08:00:00,2018-05-17 18:16:45,2018-06-04 00:00:00
90141430d83cd8c4e59b6a4cc206daae,03cdd9e78baf4d26f27d09cc8a29e774,delivered,2018-04-26 10:17:31,2018-04-26 11:32:22,2018-04-27 17:30:00,2018-04-30 17:22:08,2018-05-18 00:00:00
517defb33f093024e769619f4e9a0d5f,4e47c14e81dde330ac14adc0adf296fb,delivered,2018-02-28 11:25:33,2018-02-28 11:50:32,2018-03-02 00:15:08,2018-03-14 22:13:26,2018-03-19 00:00:00
9aa39c76674f9f645b97303b4c2e3cc4,79c5eed952e748a096abe752f04b6478,delivered,2018-07-05 06:46:44,2018-07-05 16:23:36,2018-07-05 11:56:00,2018-07-12 17:38:29,2018-08-01 00:00:00
66b487875c37a9310b7dd7cccf6372fc,948ed6b58c6d978c9cee8648a7377ee8,delivered,2018-01-20 11:08:55,2018-01-20 11:19:34,2018-01-23 20:24:14,2018-02-01 19:18:43,2018-02-16 00:00:00
d14f57164c76dc1c2abe706a1bf71153,4d724ca7f32d3adc6ab49b2395c07a92,delivered,2017-08-02 10:13:10,2017-08-03 03:04:53,2017-08-04 19:49:40,2017-08-21 20:13:39,2017-09-01 00:00:00
00b47ee856118583dbec7d1f9b18d847,7f6a163f7d28e407e5eaa735bf7014c5,delivered,2018-03-26 19:58:48,2018-03-26 20:10:20,2018-03-27 22:45:50,2018-04-09 18:52:28,2018-04-13 00:00:00
5d3d12685107807b3d265fc3e4742597,e47037c2cdd1ccb54bc894d96a02ea0a,delivered,2017-09-09 14:36:15,2017-09-09 14:50:16,2017-09-12 12:33:54,2017-09-22 23:54:51,2017-09-28 00:00:00
6f64e74ecd4ed3196bd31cf14d1967bd,3c336086cc950f61a01bfb180833186b,delivered,2017-04-01 22:10:50,2017-04-01 22:23:00,2017-04-04 11:51:08,2017-04-14 11:43:02,2017-04-26 00:00:00
55d4004744368f5571d1f590031933e4,fcc7b1caafe3b77fd587bab964c4d1fb,delivered,2018-03-18 09:52:19,2018-03-18 10:08:04,2018-03-19 23:51:29,2018-03-21 17:44:08,2018-04-06 00:00:00
ccb8ce3ffe5d4fcd8e6ce36276f9512a,d0c548cc5664b5ad134df221fcd036cb,delivered,2017-04-12 08:31:16,2017-04-13 08:41:58,2017-04-17 12:35:21,2017-04-19 16:18:53,2017-05-08 00:00:00
3c4ec7795b9ef9b762cb33214c19c80c,ff924ed193229e3be86706a86806e4e0,delivered,2018-05-14 09:26:01,2018-05-15 09:33:14,2018-05-17 13:29:00,2018-05-18 16:56:32,2018-05-28 00:00:00
47f038767a6187d148818c7b79dfcf2c,3be06401e94d4beb5eb886b419811db6,delivered,2017-08-11 16:28:13,2017-08-11 16:43:57,2017-08-14 19:57:50,2017-08-15 18:07:46,2017-08-24 00:00:00
639940742b8990ac13f8f953e11d35cc,527f724d7eec1a2dacf814c3d9b7cc70,delivered,2017-12-11 23:17:36,2017-12-11 23:35:57,2017-12-12 17:35:07,2017-12-18 17:23:43,2018-01-09 00:00:00
90832f698bb7128cd0138d5ceb042379,d35a4c322a7babfd1615d34f8df16b1b,delivered,2018-01-22 11:29:34,2018-01-22 14:22:49,2018-01-24 21:28:47,2018-01-31 15:22:53,2018-03-05 00:00:00
ad37eddb1c31a48b3a6677488593b984,b31acd57a019f00da1fa8b6dae5b740f,delivered,2017-08-14 20:09:08,2017-08-14 20:44:02,2017-08-16 17:12:46,2017-08-21 19:36:32,2017-09-05 00:00:00
374bd3371c572eff1218edb0eb68cb96,17df09c17e859d9c328292bf6444ba9c,canceled,2018-02-14 03:35:04,2018-02-14 03:50:30,,,2018-03-14 00:00:00
b0d99560d7b147f5cbc4a4961bce663c,bccdbf6cda813e78a4bd5fcf7f8c09dc,delivered,2018-03-18 01:40:19,2018-03-18 01:50:31,2018-03-20 19:26:28,2018-03-28 22:38:36,2018-04-05 00:00:00
b6b01d3d01c6df1ff950084e0f9ec7f4,9c2fc7e2f1765c15b18e8c25c08eedf3,delivered,2017-07-24 21:05:02,2017-07-26 02:15:13,2017-07-27 17:47:43,2017-08-07 17:22:54,2017-08-11 00:00:00
cc2462dfe3164edb93bf14003c301c3a,b27682bd2c95905f9733e5af679c3688,delivered,2018-01-27 07:56:43,2018-01-27 08:10:41,2018-01-29 22:54:57,2018-02-07 14:58:08,2018-02-23 00:00:00
946f9c80195609dbdd3258b549d8fe16,1096853e9f9a4dd0071b983a7d0501bd,delivered,2017-04-26 13:34:20,2017-05-01 22:33:50,2017-05-24 15:15:10,2017-06-02 14:18:10,2017-05-19 00:00:00
c9b045114b2a561d952e2b7a3e7593b3,6439a106087fb08855efa02ecc62900a,delivered,2017-08-18 13:59:26,2017-08-18 14:15:21,2017-08-21 21:42:38,2017-08-25 20:09:19,2017-09-12 00:00:00
a430c3923f187d00e67e7fef037109d3,9d4d8a6556530ce85b30147f9ecb799c,delivered,2017-12-20 08:57:56,2017-12-20 09:11:45,2017-12-21 21:28:30,2018-01-07 14:49:30,2018-01-15 00:00:00
e3ad77f2683cf57ced740ece64eea3b7,ea665ac5a97f1a3987a5f9629be6e9c0,delivered,2017-07-29 22:17:46,2017-07-29 22:25:10,2017-07-31 20:17:53,2017-08-05 18:27:52,2017-08-18 00:00:00
9eb146a54fbc603233dfeee6842ebae6,99750744559bca1f62c527b1a7781167,delivered,2017-03-20 16:41:25,2017-03-20 16:41:25,2017-03-24 18:37:31,2017-03-31 14:04:24,2017-04-17 00:00:00
af92012b9c9ebac7f18b1a219e2474fc,beb1179c24f5eb219e9906c440fc59ff,delivered,2017-04-20 15:12:24,2017-04-25 07:55:44,2017-04-27 15:33:36,2017-05-07 12:03:09,2017-05-26 00:00:00
c546a6c20db2388cfdf1f72285456a3f,db147afc51da134594884b8ad4364d35,delivered,2018-02-02 14:23:39,2018-02-02 15:31:21,2018-02-03 01:03:53,2018-02-17 13:57:48,2018-03-07 00:00:00
0bd8de09c6bb3ea2457b00aef3b682d1,54a70f1262862600d627f401a9f9e072,delivered,2018-05-10 01:53:35,2018-05-10 02:16:11,2018-05-10 10:54:00,2018-05-14 11:08:44,2018-05-30 00:00:00
faa72e2db68f17d71fa5c725cafc53ad,a6a0a62ce165053b536f84be26fd22c7,delivered,2018-04-15 18:34:32,2018-04-16 08:51:12,2018-04-16 18:56:48,2018-04-20 20:28:56,2018-05-16 00:00:00
30a12d3b9e19a16ac0298cc7bcb5a322,019f698e086a468627af26baa7babf16,delivered,2017-08-26 15:05:10,2017-08-26 15:24:44,2017-08-31 09:43:18,2017-09-08 15:22:00,2017-09-19 00:00:00
e9541359c8913cd9c5a99703b92f84fc,04f3fed63b02610ccf63aea0874d9b19,delivered,2018-04-20 16:28:14,2018-04-24 19:26:30,2018-04-24 18:58:49,2018-05-02 11:06:31,2018-05-14 00:00:00
0b90ac9175a39196661a45b34be587e4,6ae6c7c1f89f7151c85245068c11d633,delivered,2018-08-03 09:54:45,2018-08-04 04:05:57,2018-08-07 09:48:00,2018-08-11 14:28:26,2018-08-15 00:00:00
ae4bc56b9c680b24575df3867986d5f3,7dc49bfa56ba15da4f212899ac74f19f,delivered,2018-03-31 01:29:22,2018-03-31 02:00:06,2018-04-05 23:44:41,2018-05-07 23:18:34,2018-04-27 00:00:00
d3c03dbaa329d4cc4c2c13d982a94438,efc4607fbb8ac874c7f80b692b9fcf0c,delivered,2017-04-03 18:56:53,2017-04-03 19:05:12,2017-04-13 18:28:16,2017-04-18 13:37:43,2017-05-10 00:00:00
ad0e8e3c3cda723a11733875aea3ec64,62a247c8f915012b83470a5e6f1c458b,delivered,2018-08-15 16:27:39,2018-08-15 16:44:08,2018-08-16 14:14:00,2018-08-17 22:04:10,2018-08-21 00:00:00
27428009109805ea69e0638806aa97ef,b81d67e79a5c8f8960c71c26ff7763d0,delivered,2017-08-20 18:36:02,2017-08-20 18:50:15,2017-08-22 20:28:02,2017-08-23 19:50:04,2017-09-01 00:00:00
84dd66bcbf849a7cbc4f484e83152ec5,c4f85e8efc551ef14fe98c72a3c76bd8,delivered,2017-08-10 20:50:07,2017-08-11 16:55:07,2017-08-15 15:33:15,2017-09-20 18:57:18,2017-09-06 00:00:00
317c2c773295f70b67e5511ccd55f81c,1a87ac7d56c7f9d337a271a7c157184c,delivered,2017-08-01 00:03:15,2017-08-01 00:43:11,2017-08-03 16:29:43,2017-08-09 16:14:51,2017-08-21 00:00:00
4e4d30e5b9a5366b48373c359fde8863,f7b0e3274560f0e30a49e996d5e45554,delivered,2018-04-23 22:32:31,2018-04-24 18:58:57,2018-04-25 13:42:00,2018-04-27 00:51:36,2018-05-10 00:00:00
65419e669552c3526937c367f1edd754,51c2d801c9abf8e543afa3fb64f1dee5,delivered,2018-05-30 10:54:47,2018-05-30 11:10:07,2018-06-01 12:53:00,2018-06-08 21:08:35,2018-07-03 00:00:00
1d671f4aa75c57086215073b775c7f41,98b71ff28f7ea89054def4aba7f8225b,delivered,2018-06-13 02:32:34,2018-06-13 02:59:33,2018-06-13 11:13:00,2018-06-16 14:36:49,2018-07-16 00:00:00
82acff152625d343c9ef91512401c210,9c2429c51db5ad82c78f48935d39dafe,delivered,2018-02-27 18:05:39,2018-02-27 18:15:33,2018-02-28 19:32:49,2018-03-06 22:22:29,2018-03-20 00:00:00
fd18144a7f23df9342113fdc1f130213,f20a6d4cb03a77f8819ab4b0a55a0685,delivered,2018-08-17 09:34:31,2018-08-17 09:49:52,2018-08-17 12:12:00,2018-08-24 02:03:08,2018-08-29 00:00:00
9fc6ad47ea55766ef9dc9dd7d2fcf14d,9e9870b09d19b1a033d376d3f383f362,delivered,2018-04-01 14:55:12,2018-04-01 15:47:52,2018-04-04 19:14:53,2018-04-21 18:56:41,2018-04-27 00:00:00
4bef799000dee0ad92c4b0397f9d16ed,fc26e26d0f0a0ff9e0e1962f6899af3f,delivered,2018-07-20 18:40:07,2018-07-20 18:50:16,2018-07-24 10:37:00,2018-08-06 12:38:32,2018-08-07 00:00:00
6b63433212c602eeba6a683bdc5e6b4b,0a3c4740cee6181eb4673dd7fca3410d,delivered,2017-03-16 18:39:54,2017-03-16 18:39:54,2017-04-11 13:35:21,2017-04-17 12:51:55,2017-04-04 00:00:00
4718e26e21843ffdf11aec010a344436,87b150746eb224eed45e54ee31dac9f0,delivered,2018-07-27 07:57:16,2018-07-27 08:10:14,2018-07-27 14:40:00,2018-08-02 21:16:57,2018-08-17 00:00:00
44820bce2c8acaec4817ffc156cca3db,96ac810815088c988ee333614f60ae67,delivered,2017-09-05 18:46:20,2017-09-07 02:44:09,2017-09-08 19:51:58,2017-09-18 18:16:55,2017-10-04 00:00:00
d8874b1e052a1771375e5b95b0b739ca,3852f0cadc9868aa0d1ba38cff30371b,delivered,2017-11-25 14:33:02,2017-11-25 14:39:26,2017-11-29 21:05:00,2017-12-19 21:38:30,2017-12-18 00:00:00
ad703ca6534f1d88a4b1f42a63b44413,42c38d746d678fa66ec2a2fdb9c84d8f,delivered,2018-02-14 14:50:08,2018-02-14 15:08:19,2018-02-19 20:05:17,2018-02-26 14:47:11,2018-03-07 00:00:00
5531c5191d84b148fedae149af1971ad,916c5130e9ec5d647ac9cba87c906fea,delivered,2017-08-23 09:21:57,2017-08-24 03:05:56,2017-08-24 18:15:35,2017-08-31 20:12:56,2017-09-28 00:00:00
87992a0761a3c7c023b54a5e2ce752cf,88d2a817b27a601ab30de378e260db81,delivered,2017-11-24 00:28:24,2017-11-24 00:56:25,2017-11-27 20:33:51,2017-11-30 17:58:56,2017-12-14 00:00:00
3da7fcd2d00d6f81453fba8a93e079c5,b82b741535cb05a2dd990dc926db9a17,delivered,2018-03-29 13:38:29,2018-03-29 13:54:10,2018-04-02 18:59:48,2018-04-03 21:09:00,2018-04-13 00:00:00
24d52353931e776449868f02026e7e52,4f82808559a055256519a591e63b776f,delivered,2017-11-13 10:28:49,2017-11-13 10:46:45,2017-11-24 16:47:07,2017-12-08 22:35:02,2017-12-12 00:00:00
76a49c5fef54cb6ca3491709fbb1690e,308e6d942164441583fd42189b7c87f0,delivered,2018-04-02 11:41:45,2018-04-02 12:55:40,2018-04-03 17:18:24,2018-04-20 12:18:36,2018-04-24 00:00:00
044cd7ffb6a41e6e5513c6595a2893ca,ee5b60a884b4165fa4264e66968b4abb,delivered,2017-10-29 10:15:00,2017-10-31 04:10:20,2017-11-03 20:15:39,2017-11-15 16:05:43,2017-11-24 00:00:00
14a51ed90079fbc00365d6848d837ff3,1d9dc42c96752b27f0fd8ec4a07059c7,delivered,2018-05-08 13:53:51,2018-05-10 02:57:22,2018-05-14 13:13:00,2018-05-30 13:48:51,2018-06-18 00:00:00
72cbfe19815431911a3cd015972b7796,f12fb80e59c2ca56a62d8883c7fdba26,delivered,2018-07-27 15:07:38,2018-07-27 15:44:16,2018-07-30 11:35:00,2018-07-31 17:12:30,2018-08-03 00:00:00
82a9e8fe2ac3a3bba14bf07d4c56813a,a79c1acf6c236100fc4a14f67e90f69d,delivered,2017-11-05 10:58:05,2017-11-07 07:30:38,2017-11-08 18:03:57,2017-11-17 19:18:55,2017-11-24 00:00:00
44e5526a372b341ea535cb50b86eb7f1,45fee17cffb3963103972ea429d0d28b,delivered,2017-12-23 18:43:15,2017-12-27 04:14:52,2018-01-03 21:07:00,2018-01-04 16:04:38,2018-01-15 00:00:00
04d551f13024f132b86b2fdb707664ed,e7dce3335777ad9f70242b444c1ce42d,shipped,2017-05-27 00:14:22,2017-05-27 01:15:22,2017-06-06 13:36:34,,2017-06-21 00:00:00
8137fd8e2d2ea9b9da44f6dde3c35125,0d61067906824e48b86d1e9c3aa7e62f,delivered,2017-04-23 12:46:53,2017-04-23 13:02:14,2017-04-25 13:54:30,2017-05-09 08:53:41,2017-05-11 00:00:00
6091d0277963e5390a17a2eb5763ad1b,e3de7ffaa6c906a8a61b69ff20591e84,delivered,2018-06-04 17:52:53,2018-06-04 18:10:31,2018-06-05 14:18:00,2018-06-16 13:28:43,2018-07-20 00:00:00
64ed08a8d552c869c508c5fb48663ece,74a5f021f6b7287c7c7928937d5c378b,delivered,2018-01-30 12:17:24,2018-01-30 12:35:24,2018-01-30 22:16:47,2018-03-07 22:10:20,2018-03-02 00:00:00
fe88495263d9d9e9d2cc17b4815a6dfa,36782456de7dde717a84a07d7448ff61,delivered,2018-07-28 05:08:36,2018-07-28 05:44:18,2018-07-30 13:50:00,2018-08-01 00:28:34,2018-08-06 00:00:00
c8dc34e23d7065c2f4e1788710a65ecc,a1e05611bf75b7ea6a72a3651aa1e947,delivered,2017-10-03 19:57:22,2017-10-03 20:14:10,2017-10-05 10:23:53,2017-10-28 00:22:58,2017-11-03 00:00:00
814c31e68db7274e410dd3f8dbe3c6c3,957356191e0be5a6ca4bd5e19c1c35d6,delivered,2018-03-07 21:06:16,2018-03-07 21:29:32,2018-03-16 19:05:44,2018-03-22 22:04:01,2018-04-10 00:00:00
d0032af1034824fb3c4616830075fcb1,2ab7f76aa0731fa533ab18348ccea54f,delivered,2017-08-03 17:26:49,2017-08-03 17:43:23,2017-08-08 18:32:19,2017-08-09 16:41:42,2017-08-16 00:00:00
9afd8793167c97876e93424de3f01498,7d2b61cc089a1692568ad66cd27c8cbc,delivered,2017-08-07 09:50:16,2017-08-08 04:04:41,2017-08-08 18:04:26,2017-08-14 18:55:59,2017-08-29 00:00:00
49dbdabc3eb0076fb65f6594c8c46837,307835b787d85b528d5106f05fc74c9d,delivered,2018-01-13 10:45:30,2018-01-13 10:56:25,2018-01-17 01:08:16,2018-01-29 21:05:18,2018-02-15 00:00:00
69727f8e9f934f9177e36f31d1865c2a,b1f3cd39358d18f19a2893ad3c3bcf1f,delivered,2018-04-09 12:41:50,2018-04-10 04:10:18,2018-04-11 23:56:53,2018-04-13 16:49:31,2018-04-27 00:00:00
bc3053323265f6f77fe8744affba5e8e,253fcc56484689f306e6ffb99c99f540,delivered,2018-08-16 20:19:38,2018-08-18 09:29:14,2018-08-20 09:36:00,2018-08-28 18:03:38,2018-09-12 00:00:00
9b8f6a6ca0b17d35ff480e9a2ad8b7ed,1e271efc20f4dcb7df3d3a8908c0b3eb,delivered,2017-04-22 22:21:10,2017-04-22 22:35:11,2017-04-25 13:47:40,2017-05-03 09:57:59,2017-05-15 00:00:00
fa8161b19b784110a75dfd84c5c63b1a,5c5ca003c071d601217cee768b2a4b28,delivered,2017-05-07 12:01:10,2017-05-07 13:05:42,2017-05-09 07:46:00,2017-05-13 11:56:58,2017-06-02 00:00:00
14a3a4001dfbf5f1315c3fea8d0600ea,b19902c08cddd929447e2b0532505859,delivered,2018-02-03 12:53:32,2018-02-03 13:11:58,2018-02-19 18:17:13,2018-03-03 14:52:03,2018-03-16 00:00:00
7bb49ae162145b926eb697dbd5821f6a,9de53ca9aea90277fbdebd00a9dbbdc2,delivered,2017-08-05 10:21:38,2017-08-05 10:35:20,2017-08-16 19:17:33,2017-08-23 11:36:17,2017-08-29 00:00:00
9547cf4fe1b6c195402362f33448186a,f2bf47b246beb9ade08ed9fa3775e416,delivered,2017-08-31 13:02:59,2017-08-31 13:10:22,2017-08-31 19:18:22,2017-09-11 19:44:52,2017-09-22 00:00:00
20109f40b1a81ce4ec90a30f1e625046,ce5e2dbebc82fdeb89bb35dfaddd56e2,delivered,2017-07-21 09:22:49,2017-07-21 09:35:18,2017-08-08 13:56:51,2017-08-14 14:55:07,2017-08-24 00:00:00
d58a97df18921f02601bdd77a932282c,98c7401612b2e37d03037dc339d3ebc1,delivered,2018-02-12 12:00:57,2018-02-12 12:10:40,2018-02-14 19:27:05,2018-02-19 21:48:51,2018-03-16 00:00:00
018cb6a10649393055c272ba2984e8bb,169c3ca987a830baef97320592292dae,delivered,2018-04-03 18:28:35,2018-04-03 18:49:48,2018-04-04 19:12:41,2018-04-25 17:42:07,2018-04-30 00:00:00
84a4e538df041790d785fef8def30d62,f4649f301f987ad66440033b88f4e927,delivered,2018-04-04 14:09:12,2018-04-06 03:28:46,2018-04-10 20:58:43,2018-04-27 21:20:42,2018-04-26 00:00:00
aa21334313579b3bf1d6e8a10de215af,fee356a6202f0d1a5b2933afa5d55306,delivered,2018-07-18 13:19:10,2018-07-18 13:30:18,2018-07-31 13:50:00,2018-08-04 18:11:46,2018-08-23 00:00:00
e27b496ee62de9d46e3f1ed56c2c49c3,fd4333e53f43e1531b94d8d3f020c27f,delivered,2018-08-13 11:29:07,2018-08-13 11:45:11,2018-08-14 11:23:00,2018-08-20 13:42:36,2018-08-31 00:00:00
17b13ec883d7ff8ef2c2882644854aa5,dc0dff8cd3ed15ad2039e0bbe4982e42,delivered,2017-08-04 12:49:03,2017-08-04 13:03:10,2017-08-05 11:25:53,2017-08-07 19:22:38,2017-08-17 00:00:00
0c7ac4325ae837f28df12a94a51cf375,57a3f8414e6e936ee0d8026db6f83715,delivered,2018-08-11 07:22:12,2018-08-13 10:10:22,2018-08-13 13:50:00,2018-08-21 20:41:52,2018-08-30 00:00:00
92c735f4e752b94e7ba2fbebda5f4027,c042e442014d7c8c275bc42cff722a85,delivered,2018-08-22 14:00:26,2018-08-22 14:10:20,2018-08-23 13:05:00,2018-08-24 17:58:38,2018-08-27 00:00:00
846c2255d0eedb2043aa0b3dc470f32b,ed98a909fd98395ebe321b80d93bd150,delivered,2018-02-05 20:21:51,2018-02-05 20:35:26,2018-02-06 18:09:04,2018-02-20 21:12:19,2018-03-09 00:00:00
7965b290cc7fe4790d45eaeded895967,3f11d1b5ece70ee5d68c4648f3e4eaa8,delivered,2017-12-01 12:48:21,2017-12-01 13:18:24,2017-12-11 19:13:06,2017-12-22 15:49:14,2017-12-26 00:00:00
045b201c094804e3fa5e542994c79f09,5adb0951ee1644e69835635d77f51e27,delivered,2017-12-07 09:02:57,2017-12-12 03:55:39,2017-12-13 23:58:52,2018-01-03 21:27:41,2018-01-12 00:00:00
a8f8aa4f2a60b06f49e39b10fb1972c5,3002bbb1389e209104f5ab9d42d8b0e2,delivered,2017-05-29 20:54:28,2017-05-29 21:05:21,2017-06-02 10:59:16,2017-06-07 15:33:38,2017-06-21 00:00:00
121c021cac6c38526b5867627eadcb0c,db6121751fb4132346cdcd62d3761641,delivered,2018-04-27 19:29:18,2018-04-27 19:52:08,2018-04-30 16:36:00,2018-05-07 20:03:32,2018-05-25 00:00:00
d064d4d070d914984df25775004fce96,897d0a8c75b989370dca7f88b4572e17,delivered,2018-05-08 21:46:45,2018-05-09 19:33:50,2018-05-11 08:40:00,2018-06-06 22:04:34,2018-06-06 00:00:00
709e43f97cb2a47fa749503419163710,3428aeaf91a64e697144aee8178f8cb9,canceled,2017-04-26 21:43:55,2017-04-27 16:22:52,,,2017-06-05 00:00:00
9f0c24c74a6da307a862a27b63886f1c,69106e84f9e49d21518884e45fe7c2a9,delivered,2018-01-13 00:38:54,2018-01-13 01:01:13,2018-01-16 02:06:43,2018-01-18 14:52:44,2018-02-08 00:00:00
d21a08b18679aca2a35ed7fe46c513d1,de32174352c348ed54ee768145fe72d6,delivered,2017-06-19 12:16:05,2017-06-19 12:30:22,2017-06-20 10:08:26,2017-06-23 08:27:35,2017-06-30 00:00:00
c1e31d7c0b816af8539eaeee20379889,bf4786deca0a046ee35f4ce5c1514c89,shipped,2018-05-24 13:19:53,2018-05-25 18:58:30,2018-05-29 12:09:00,,2018-06-26 00:00:00
7e491390b96f345321d7c43a4acfcc40,3030516cce1e4a728413a9737fc3528f,delivered,2018-02-08 13:29:13,2018-02-08 13:48:17,2018-02-08 22:44:56,2018-02-19 22:42:52,2018-03-06 00:00:00
5d7e30ce84d0d3813b10a6d0ffb7884f,06b0824dfbfaad0e7df1a9dbb38a321f,delivered,2017-11-09 08:27:57,2017-11-09 08:46:37,2017-11-09 19:16:37,2017-11-21 22:07:44,2017-11-29 00:00:00
ee793c80c58a6de488444dbb4e63374f,86254a9e6537ee8ae084ea9a5b5a1b6e,delivered,2017-02-04 17:33:35,2017-02-04 17:45:13,2017-02-14 10:51:32,2017-02-22 15:05:00,2017-03-21 00:00:00
90583aeed06ff85179fe55dc956ce115,dca709ad400345810b356d3f0287e439,delivered,2018-08-04 22:12:48,2018-08-07 04:15:28,2018-08-07 15:18:00,2018-08-14 20:17:38,2018-08-17 00:00:00
bba8e34d12ba008b7eb35407029a9ef2,7b07663149d3f7a359896a2bd6437175,delivered,2018-05-08 14:13:23,2018-05-08 14:30:12,2018-05-10 12:38:00,2018-05-15 23:31:42,2018-05-17 00:00:00
3fe3f4119f1e2838cb036e3a0d27cf30,1e43307258f5a07b28b93426cbf1f8ef,delivered,2018-02-03 11:54:59,2018-02-03 12:14:52,2018-02-08 22:21:44,2018-02-14 19:49:47,2018-03-01 00:00:00
49865c5eeb869113155c217d234a777e,7a4a0eeb4a633231c3fa6fd854513193,delivered,2017-05-06 13:58:00,2017-05-06 14:10:17,2017-05-09 17:22:36,2017-05-17 06:55:43,2017-06-02 00:00:00
28ad66aa146c8f2837d1046948e3efa0,9b29e84de608f8ddd59de9f1f500fdb9,delivered,2017-11-14 12:58:20,2017-11-17 04:15:37,2017-11-17 20:38:45,2017-11-27 17:17:18,2017-12-13 00:00:00
bfdfa2b4742c41cf4853fd72cf7c9815,d4b37af0b62dd34cc01809550abe9c83,delivered,2017-09-18 15:16:11,2017-09-19 19:25:24,2017-09-21 19:25:13,2017-10-13 16:57:44,2017-10-09 00:00:00
01cbdb2a8c075eaf248af643b3389f73,7fbb5f4108715c74461dfab031ea62bc,delivered,2017-07-09 21:20:44,2017-07-09 21:30:16,2017-07-10 17:40:01,2017-08-24 23:18:12,2017-08-09 00:00:00
5795641bab8a44216bb7f551187af034,0f0d67fa1a4dbe0aeee78a2092dc9810,delivered,2018-01-05 14:56:40,2018-01-05 15:54:24,2018-01-15 21:38:59,2018-01-24 22:05:31,2018-02-16 00:00:00
dfee867c0e46410af48a712d2a4fa179,e06b5eac4efd083342ea205ec68fa5ba,processing,2017-05-20 19:09:21,2017-05-21 09:31:55,,,2017-06-13 00:00:00
964d26975fc593c3862d2478025f51cf,ee9d09cb5441f9ec5f795502ab00acd2,delivered,2018-08-05 13:08:10,2018-08-06 13:05:13,2018-08-10 08:24:00,2018-08-14 01:04:52,2018-08-13 00:00:00
2cf6d5c8b5d68450841cfcc272ec3cee,4e0099decd80b62c892ff42e844baae0,delivered,2018-08-02 17:34:34,2018-08-02 18:04:56,2018-08-06 13:03:00,2018-08-21 19:52:47,2018-09-03 00:00:00
7827425b5eac9f9df63f65d9bb7f6a25,f8ece9a141740ea9b168b8065755d734,delivered,2017-11-16 18:03:02,2017-11-16 18:15:46,2017-11-21 16:22:18,2017-11-30 16:57:02,2017-12-14 00:00:00
8209537dd24f5c7e5cd13be3928312d5,a821480782a5b10ee7d736b9c60e8db5,delivered,2018-01-26 17:10:17,2018-01-26 17:22:59,2018-01-30 14:06:08,2018-01-31 20:57:03,2018-02-09 00:00:00
ec3c3d2c60257d3b6a6c4ff3644f4fd8,b847a09bbbeb93c30e6702537242b8e0,delivered,2018-08-01 10:03:19,2018-08-01 10:40:15,2018-08-01 13:46:00,2018-08-08 12:58:24,2018-08-17 00:00:00
9ec184faa31b594424cec063d4e4b4d4,a83d3226787a965d5bde45d281ac42f4,delivered,2018-06-19 16:27:42,2018-06-21 03:17:54,2018-06-26 13:50:00,2018-06-29 20:42:45,2018-07-19 00:00:00
fe4033b5e6c7a364a7c3e22083414f85,355248ba118c86731d82f41ffff42725,delivered,2017-12-21 17:22:57,2017-12-21 18:31:06,2017-12-22 17:49:06,2017-12-28 17:32:54,2018-01-22 00:00:00
6c04e18419b0d30c6ba8401b3edd95a3,8c92de21a4029a14942ad31bc5422050,delivered,2017-11-28 19:28:02,2017-11-28 19:38:32,2017-12-06 23:17:42,2018-01-09 18:37:14,2017-12-20 00:00:00
914b9f8c467264d57ba0df4ee274dd0e,cc5eb0cc159057a89bf808454eab21ca,delivered,2018-01-29 09:34:13,2018-01-31 13:32:25,2018-02-03 00:39:41,2018-02-11 18:03:53,2018-02-14 00:00:00
94852b0703b31b852e6c4f73896aa247,b7de4f270639c0be7a1d7acad731e1a2,delivered,2017-12-04 10:33:36,2017-12-04 16:30:46,2017-12-06 23:22:35,2017-12-12 17:43:22,2017-12-29 00:00:00
4a0f8f97e0cf162aee2d786a0182b3a3,9c0888f92e054b135451a09f6ea08f3b,delivered,2018-04-16 20:26:50,2018-04-17 05:50:35,2018-04-18 23:21:40,2018-05-23 17:23:37,2018-05-10 00:00:00
443116e07cc2239474704eeca0f80694,9fc36e91a2c1861c95f1b15bd89a77c6,delivered,2017-06-07 23:50:23,2017-06-08 01:25:19,2017-06-08 08:15:05,2017-06-23 13:12:02,2017-06-30 00:00:00
d912af00829984e706d3907a63594e9f,8b674eaa0c9604f3443197fef9fdc93b,delivered,2018-01-22 17:28:17,2018-01-22 18:06:49,2018-01-23 16:38:59,2018-02-01 00:04:20,2018-02-14 00:00:00
6448006dfb006e20493015dc6358de41,04f257b05acbafc20d4886c8b12d0244,delivered,2017-06-05 02:27:32,2017-06-05 02:35:09,2017-06-07 05:39:59,2017-06-22 16:25:03,2017-07-04 00:00:00
c571e33a662a6379681a73ca764dc4e4,e0f4b0b83c7a96648a38e1f0820ce120,delivered,2018-08-17 12:16:27,2018-08-17 12:30:29,2018-08-20 14:30:00,2018-08-29 23:06:27,2018-10-01 00:00:00
42a8e0f928664b27f631001fbddf0f26,235dd3ad25bc8b3cc4b559a1f835866f,delivered,2017-07-25 10:08:22,2017-07-26 02:23:30,2017-08-01 19:03:11,2017-08-08 20:36:48,2017-08-18 00:00:00
258dc8334fda68e1474385c00298c877,653e79d5d3fa5884c8c8c5d0ca18cdf5,delivered,2017-07-31 15:00:07,2017-08-02 02:55:30,2017-08-03 18:03:37,2017-08-17 18:43:08,2017-08-22 00:00:00
244483646327ebef66c8377c1184c598,fa3a2b347e43b877f030d5fbdb2a1a8c,delivered,2018-05-14 11:38:57,2018-05-14 11:58:32,2018-05-18 15:08:00,2018-06-08 21:36:28,2018-06-13 00:00:00
9fd07681f43c9216956e0a1ee8f8775d,766d8c95b0b9445ca63f3cfae64fa55f,delivered,2018-06-06 17:44:31,2018-06-06 17:55:25,2018-06-07 12:31:00,2018-06-12 19:38:45,2018-07-27 00:00:00
acbe0e9a86dd97bd3819b870a4a60567,fb3220f2343c5358b84b3335d60a3a4f,delivered,2017-12-15 10:09:40,2017-12-15 10:33:38,2017-12-18 18:08:05,2017-12-21 19:04:23,2018-01-05 00:00:00
b2c44751a00a7b126b9abf0c2fcd8ce0,7607eed601e08dec1c2df6f584bab898,delivered,2017-02-27 14:39:11,2017-02-28 14:45:16,2017-03-06 10:31:27,2017-04-03 13:13:07,2017-03-22 00:00:00
3ade9a2011fb5fa0ccbb3b75598cbb6e,436d8d2e5fe73615769631a44e78e06b,delivered,2017-12-08 19:35:29,2017-12-08 20:31:57,2017-12-13 16:52:11,2018-01-03 20:30:02,2018-01-08 00:00:00
4af95e06a7850779479ce55a62000dac,6a243b7980f667529db0ebc6abb6ff01,delivered,2018-02-15 12:26:49,2018-02-17 03:35:57,2018-02-19 22:03:49,2018-03-06 20:14:37,2018-03-13 00:00:00
0ea9a0ba0b616d087150d5db5f31fc6e,81593938cf7e6d2bd4a440fa02911be7,delivered,2018-04-18 22:12:22,2018-04-18 22:31:18,2018-04-19 22:18:31,2018-04-24 22:05:25,2018-05-14 00:00:00
a398b15be909c43559294ae5899c8e27,29371226af5d2d25bf3fa7354ed7f382,delivered,2017-12-05 02:03:24,2017-12-05 09:44:32,2017-12-05 17:52:02,2017-12-15 21:38:58,2018-01-03 00:00:00
0b23ff20645a72c0c1183b6b8ba15719,3033498ec1047e6944f31409dfcdd579,delivered,2018-02-01 16:13:57,2018-02-02 16:10:28,2018-02-09 19:42:36,2018-02-21 22:04:33,2018-03-12 00:00:00
4797a73f61aa08ea719cddf0337af350,f771d9c0bb8328bbe1a7492c7efc0654,delivered,2018-02-14 09:45:19,2018-02-14 10:47:22,2018-02-14 19:07:47,2018-02-23 18:22:17,2018-03-06 00:00:00
2626e09d49a63af0b7c21ef2635a3e4e,9d542a8821d0d62a8e1a21d61781b90b,delivered,2017-11-03 12:26:01,2017-11-03 12:35:59,2017-11-07 20:58:42,2017-11-17 23:34:33,2017-11-23 00:00:00
38aae594eaee5a2935d397fd93ca43c9,147a838b712f1218a8cf543c171d548f,delivered,2018-01-02 15:23:19,2018-01-02 15:30:25,2018-01-03 16:52:44,2018-01-29 18:18:51,2018-02-02 00:00:00
662bf5e7e6b6350fd9e93fb5793f5c98,ad530f0385e180b5b52ffe8cb9658bca,delivered,2017-12-15 19:09:40,2017-12-15 19:16:30,2017-12-18 18:55:00,2018-01-02 09:02:38,2018-01-29 00:00:00
317ec820fae6ec9ca71bd677229fcb78,e4142014a0a938c8b826a6c1cecdd46c,delivered,2017-02-18 15:02:01,2017-02-18 15:15:17,2017-02-20 12:00:27,2017-03-10 13:39:17,2017-03-17 00:00:00
2dbb903e7d79a86620562da87b5ecce7,a9d2cabee2f5635cc509f78b1b48ce47,delivered,2018-04-05 14:00:36,2018-04-05 14:10:25,2018-04-07 01:14:52,2018-04-10 17:21:33,2018-04-24 00:00:00
8464065239cc8397a5e71c0669d924ab,8481365a5e88849d8ea15a7295c7d257,delivered,2017-08-02 16:29:09,2017-08-04 02:25:34,2017-08-04 18:52:07,2017-08-18 18:35:11,2017-08-28 00:00:00
be604de4ce5e2e8658c03895db0621a9,7df479fc612c759bcdda62339fbf65dd,delivered,2018-08-20 10:18:24,2018-08-20 14:55:33,2018-08-21 13:36:00,2018-08-31 14:41:58,2018-08-23 00:00:00
46484009102069e531f34a424a500982,c5a54a265ffa05e5bd698a976d9fd9ed,delivered,2018-06-19 08:58:11,2018-06-20 02:37:46,2018-06-22 16:48:00,2018-07-06 18:22:11,2018-07-20 00:00:00
c33a8aa2dd5053d9fc89793f94229ab4,91484f301a554c45af42817457a14e2b,delivered,2017-03-30 12:16:30,2017-03-31 02:10:27,2017-03-31 18:12:21,2017-04-03 08:27:02,2017-04-19 00:00:00
13c4458bd01775ea4f9050a041c1fd96,b873918db61e889c411d5f027e87145c,delivered,2017-05-25 01:04:34,2017-05-25 16:30:15,2017-05-29 08:26:40,2017-06-05 13:29:49,2017-07-04 00:00:00
f9dacb87560bf2a37dfc69ef1c0d4e08,3b7cbe850f69093ae053c3e6a009e727,delivered,2017-12-09 13:51:24,2017-12-12 13:52:13,2017-12-19 17:10:00,2018-01-17 18:26:38,2018-01-04 00:00:00
ae92c15a8c95d6f23e9fa43b0f3c0c43,2a60c86a0f370e71921436d238e148bf,delivered,2017-06-05 14:48:21,2017-06-07 02:25:08,2017-06-07 18:40:08,2017-06-12 12:15:28,2017-06-28 00:00:00
957d3d3a63d9662641f1b2f6d01561ff,f517420b84edb19f3a8ce6f60edcac12,delivered,2018-01-30 19:23:29,2018-01-30 19:35:31,2018-02-02 00:38:36,2018-02-05 23:46:33,2018-02-15 00:00:00
b54861ba91f988d9f961bdcd1a9a2026,efe9fcb063deef55ade34b4d7b6df704,canceled,2018-05-14 19:05:40,2018-05-14 19:18:12,,,2018-06-08 00:00:00
d23bad02674f52678ad46e2ada237286,5208bc819705e0534b2fed7c71f2a27a,delivered,2018-05-24 21:30:11,2018-05-24 21:58:57,2018-05-25 12:08:00,2018-06-04 19:08:51,2018-06-18 00:00:00
4185d8c314ae4ed44a3b41814c04cec4,9ea89970b67c49baca8fe32d6f30ba7c,delivered,2017-08-27 14:29:01,2017-08-27 14:45:08,2017-08-28 18:51:31,2017-09-04 21:26:43,2017-09-19 00:00:00
425aa81e7d43b94ca27a169bee385b8f,008d7d751e72ae684c0d31bc988b36fb,delivered,2018-03-29 16:22:18,2018-03-29 17:30:58,2018-04-04 18:32:32,2018-04-23 17:12:05,2018-04-25 00:00:00
56fd30fe7e19a6994ac586c1408d95bc,f2c6c566169c1553efc8f55c43a6691b,delivered,2018-05-09 13:54:21,2018-05-09 14:15:22,2018-05-10 09:50:00,2018-05-15 17:06:35,2018-06-05 00:00:00
6b34444470c3f9256eb504e61edcd608,33ecb8be5f6e1620440c60711fc34c02,delivered,2018-07-06 21:44:03,2018-07-07 04:35:13,2018-07-12 15:14:00,2018-07-13 23:41:06,2018-07-19 00:00:00
acc5c9844167d3c176f5f31fb0b06bce,4ff7f668c597d7e4538c5ec4d4fe7b65,delivered,2017-11-09 17:16:38,2017-11-09 17:31:12,2017-11-16 14:13:50,2017-11-23 20:45:24,2017-12-01 00:00:00
9ee10ef09a0e3471a1b8ccfc901f843d,7d99c524066bfef7bc42e78e16df00cc,delivered,2017-04-13 10:32:13,2017-04-14 02:45:35,2017-04-17 10:44:11,2017-05-08 14:07:11,2017-05-09 00:00:00
297dfeab4cdd5749b9d6485e13e89877,d76652de2b233fa0a59667e8ec3b871c,delivered,2017-08-18 23:34:56,2017-08-19 23:45:25,2017-08-22 14:00:33,2017-08-23 22:27:00,2017-08-31 00:00:00
140d5c0a692987d62971b1e5f8c02397,8daa0cbca8c06a53c19cdabc1361e0a5,delivered,2017-10-02 21:10:39,2017-10-02 21:24:56,2017-10-04 14:10:59,2017-10-09 18:36:55,2017-10-24 00:00:00
7712b67443279dfd94a4e64f55b624d4,9c039979984059520e88d6eeb991b977,delivered,2018-08-13 10:31:49,2018-08-13 10:45:14,2018-08-14 13:42:00,2018-08-20 17:03:28,2018-09-18 00:00:00
66dc3f697ad3da4fb292a49184f88aa4,8f719c97057011cf41342446c0a61999,delivered,2017-12-06 15:13:54,2017-12-09 09:52:02,2017-12-11 18:27:09,2017-12-20 21:22:49,2018-01-15 00:00:00
b348277bfdf1d3e3248fbc41616f8b2e,fd7338eb61d3bcf7a748f756e37b8bd6,delivered,2018-04-17 07:09:39,2018-04-17 07:31:50,2018-04-17 21:38:52,2018-04-25 22:21:11,2018-05-15 00:00:00
fea523ebb7e205d346f445544e0a18fd,fbf15dd7058613351fcd0f821a222933,delivered,2018-08-17 12:46:57,2018-08-17 14:15:18,2018-08-17 13:35:00,2018-08-24 22:12:54,2018-09-05 00:00:00
a3631f17471dd636e4886ce7c7f49e04,02c88401b4de00301504d6113cdb6cb7,delivered,2018-05-18 20:27:43,2018-05-19 02:59:00,2018-05-22 15:29:00,2018-06-02 11:21:42,2018-06-04 00:00:00
6fb1d503fbeaca8539b2682dfe04d56b,c06ff073c8e5f6d97a3291553e8b9938,delivered,2017-03-10 23:18:42,2017-03-10 23:18:42,2017-03-13 09:56:05,2017-03-21 07:37:58,2017-03-31 00:00:00
22f1a8a78f878617578f463a25b239e8,859c72fb1cd174463f39647bdd6547f9,delivered,2017-06-16 19:09:13,2017-06-20 10:30:13,2017-06-20 15:21:24,2017-06-30 11:45:57,2017-07-18 00:00:00
20addc4c26c3dff0ea76ca5704d102d5,617e1944b266fe4d06e91d9c2cf8a900,delivered,2017-08-10 19:34:55,2017-08-11 06:44:03,2017-08-14 20:53:52,2017-09-01 20:22:09,2017-09-14 00:00:00
2d8d686ea253f4d2cdfc519f2840fea3,04884745364ffe39a89379b80a2c2919,delivered,2017-12-28 21:52:29,2017-12-29 02:31:49,2017-12-29 17:30:10,2018-01-04 15:03:05,2018-01-24 00:00:00
c8c07db73aea73f15237a4eb11867551,b177b85f1efece7e6e46386b9e86699d,delivered,2018-01-07 20:49:57,2018-01-09 07:17:49,2018-01-09 17:28:47,2018-01-22 18:22:04,2018-02-02 00:00:00
87ae60ef8b08ae0e5f903cacb53a6904,fea4d57ed3a45455f89c25ef3dae8ee8,canceled,2018-09-11 16:45:54,,,,2018-09-26 00:00:00
ca3e0f1e4ed59d1d4462cc278dbc3130,cebb8a4ff4704077050296f186150b25,delivered,2018-04-25 06:36:32,2018-04-25 06:50:09,2018-04-25 09:47:00,2018-05-04 17:03:20,2018-05-25 00:00:00
ab0bb51a710692e96d316072209e1c75,5b170a1fa36d54e1a28fa50d6dca899f,delivered,2018-03-25 20:34:39,2018-03-25 20:48:22,2018-03-26 18:11:58,2018-04-03 16:52:46,2018-04-11 00:00:00
b98c5a8bd8fcbb53d6d1189d07279780,624aca1ca85903e1ddc3f825552925d1,delivered,2018-03-25 10:50:20,2018-03-27 04:08:47,2018-03-27 23:52:55,2018-04-14 14:57:27,2018-04-13 00:00:00
4f80c4f6e510fb8a22b31c912541de1a,7a29ee3459ade6a5112dcc40b2efd10f,delivered,2018-01-02 16:14:58,2018-01-02 16:30:31,2018-01-04 21:12:48,2018-01-17 15:53:35,2018-02-02 00:00:00
27bd0e32b42b06dfeb902f485bd89788,a2bb61c52d834fda04108c9f088f7275,delivered,2018-04-18 14:37:49,2018-04-18 14:51:25,2018-04-19 22:48:24,2018-04-25 21:52:01,2018-05-11 00:00:00
fa261f64fd3982351db812235fd682aa,5a27c4b3d09df0195d99628b576c621f,delivered,2017-12-06 17:30:05,2017-12-07 03:11:18,2017-12-07 18:29:09,2017-12-13 19:27:49,2018-01-02 00:00:00
9e1cc8d31c00bfb769e00998a4b665c9,c9b7848f3a59efb83e4b34507faa7c63,delivered,2018-01-24 12:13:16,2018-01-25 02:58:02,2018-01-26 21:50:49,2018-01-31 14:29:13,2018-02-16 00:00:00
f32b46f63471c9a573595d47b94af9f6,344a6ef322ccd7229833acc93868bb9f,delivered,2017-06-01 17:00:55,2017-06-03 02:30:12,2017-06-06 14:38:08,2017-06-16 15:57:47,2017-06-28 00:00:00
2af5542876588b6d1e2d52ec6bf14a41,f1d66a803249da047ccb57bee22beea6,delivered,2018-07-08 12:29:21,2018-07-08 12:45:34,2018-07-10 11:12:00,2018-07-11 17:04:59,2018-07-19 00:00:00
a49eb42293ae3b9a95fec7071eec16f8,bb5ac18a2f77c3d7e78c2b3bb7171c63,delivered,2018-02-01 14:19:56,2018-02-02 02:54:21,2018-02-03 10:52:46,2018-02-19 12:59:09,2018-03-09 00:00:00
d1b3c3d319347abd31b56c3d894b2b2d,9193319e644f22f5306aac9f1100f6a9,delivered,2018-05-02 20:14:01,2018-05-02 20:53:26,2018-05-04 14:01:00,2018-05-08 20:18:36,2018-05-25 00:00:00
f8a32dccc15ddefd099b9c9f3e943595,57dcd382f9873095dae27d8b23e00d53,delivered,2017-03-16 15:21:40,2017-03-16 15:21:40,2017-03-20 09:41:27,2017-04-26 08:52:50,2017-04-17 00:00:00
021397df4601b61a8bd063be9b5c54a0,6a9314555839080b4a67cab05e532105,delivered,2017-11-16 17:53:31,2017-11-16 18:15:46,2017-11-17 20:54:57,2017-11-19 12:32:48,2017-11-29 00:00:00
c6db4893805db548fa7965bcaf7e778f,c4110d021edfb4f1a994c81a500dbaff,delivered,2018-05-17 16:39:40,2018-05-18 04:36:00,2018-05-18 14:08:00,2018-05-28 19:16:30,2018-06-01 00:00:00
aa0596266302830741057cd61bdc2194,9984bc05a4cd3660c382bcefcc3d6add,delivered,2017-07-18 13:35:38,2017-07-18 13:50:12,2017-07-19 16:05:00,2017-07-24 17:02:51,2017-08-07 00:00:00
01b6d15407d425529cbf0ec96258cb84,7ef73b34b0a8614d82a0756d9ca33f12,delivered,2018-03-12 21:47:09,2018-03-13 15:35:37,2018-03-14 18:27:40,2018-04-06 17:54:31,2018-03-28 00:00:00
e2a97d88537ca889f9faa4c14d5106c2,440a012333fbf98bc85a2120cebdbd87,delivered,2018-03-28 10:13:14,2018-03-28 10:28:49,2018-04-02 21:12:34,2018-04-29 12:37:33,2018-04-24 00:00:00
5e434db83bb70a40ee87ceafd1164700,f70f9a6ee135ddbbf3aade75c81d8dfd,delivered,2018-06-06 08:22:08,2018-06-06 09:11:19,2018-06-06 12:49:00,2018-06-12 21:51:53,2018-07-13 00:00:00
651f02528e2e297f3d28dca2f4c09a51,72bb4b179b30a3befe3eb909174f2bce,delivered,2018-07-28 15:40:18,2018-07-30 19:32:07,2018-08-01 15:24:00,2018-08-07 22:05:54,2018-08-16 00:00:00
674f1f9e4afc192f4400bf65ae05df5b,4843357c686509ee6aa2c1ba02aff371,delivered,2018-04-25 23:08:51,2018-04-26 20:35:15,2018-04-27 14:08:00,2018-05-07 23:06:30,2018-05-18 00:00:00
b76914fad8489589b7eca037a01c7dc6,102d5f33c41586f432227d8206b4ba66,delivered,2018-06-28 11:39:51,2018-06-28 12:31:18,2018-06-29 13:20:00,2018-07-03 19:06:49,2018-07-24 00:00:00
0847e79b172a265faa7bd23222c56222,1bef529baa69f231b14112176ea31608,delivered,2018-06-14 20:48:50,2018-06-15 21:01:11,2018-06-18 11:22:00,2018-06-21 21:12:03,2018-07-26 00:00:00
a5d81ef92239f2dfe3b2aef1416077aa,5bc89bd3505b85768524d24edc6822b0,delivered,2017-12-01 09:53:57,2017-12-01 11:31:37,2017-12-04 20:42:41,2017-12-12 20:33:14,2018-01-08 00:00:00
62fc42cf39543a45aa577931a1665228,c5f89253313f856b87d324ca590172e7,delivered,2018-04-03 17:19:44,2018-04-03 17:35:10,2018-04-04 19:03:12,2018-04-05 11:20:05,2018-04-19 00:00:00
4bcb885df76e020744aa9357b997e5ea,9ad494e70597481a9f88df9037f1105b,delivered,2018-03-17 10:46:13,2018-03-18 10:47:58,2018-03-19 20:22:26,2018-05-10 19:48:37,2018-04-25 00:00:00
a1d50a1883814a31c8629adf354c1013,be956253bc37e2bd8664907d89f70dd6,delivered,2017-05-16 12:28:33,2017-05-16 13:10:15,2017-05-17 14:09:36,2017-05-22 16:52:23,2017-06-07 00:00:00
6a7110985cfd7662ad87789502fb7de3,319a82faf7395dfc64bc0fd158c34f11,delivered,2018-01-30 01:10:31,2018-02-01 02:56:09,2018-02-06 19:28:49,2018-02-09 22:38:33,2018-02-21 00:00:00
81b1fd6b50d083d07912773bb6c8095c,6e438314a83b16bf069789bea2ce4596,delivered,2017-11-24 23:00:33,2017-11-25 01:58:27,2017-11-28 18:19:48,2017-11-29 22:14:42,2017-12-14 00:00:00
904da7bf9d2b7b563a9aa28683a19455,1a3f26c6b49cb0170586ddce31301c78,delivered,2017-03-28 17:23:01,2017-03-28 17:35:18,2017-03-30 09:20:24,2017-04-05 13:04:30,2017-04-19 00:00:00
66fd661e991babfdd0cc2fc1ba977eb5,149cbc8bbc563ca6969fa8741f750fe4,delivered,2018-05-06 10:04:18,2018-05-08 03:52:36,2018-05-14 12:03:00,2018-05-15 17:24:52,2018-05-18 00:00:00
6e64502497aa34a598438ee5cdbcaea2,4756e87d8d06e75c6f6fea9b819d48f6,delivered,2018-06-06 18:13:21,2018-06-06 18:34:28,2018-06-07 14:43:00,2018-06-08 21:11:48,2018-07-03 00:00:00
9c462c053ec072efcaa5186110cf96b8,6fe805b1e977fdad24d70a3ddb2f32b2,delivered,2018-04-14 12:16:10,2018-04-14 12:31:54,2018-04-17 21:14:32,2018-04-23 18:58:48,2018-05-10 00:00:00
f97da0a16b75363e98debcd65fe1253a,203a0a75ae7e8fca0962b1913ef3a91a,delivered,2018-08-04 17:33:14,2018-08-04 17:45:13,2018-08-07 10:43:00,2018-08-14 17:59:18,2018-08-17 00:00:00
afd9fa0beb56962662a48ea1ac7c359c,370beb82ba0d76cd2e15e6fd9d252abe,delivered,2018-05-09 17:04:35,2018-05-09 17:35:59,2018-05-10 15:39:00,2018-05-15 22:48:59,2018-06-14 00:00:00
a8f1479dc87463da50972116b62b6cfd,2d1110f76aa34b415f10a7828c7647f6,delivered,2018-03-25 12:27:23,2018-03-27 03:51:10,2018-03-28 00:26:44,2018-04-11 13:30:41,2018-05-02 00:00:00
2ebae2ed985f7f0a3beb4fcb70fefa19,890c6e206d77271353668167a369a6e0,delivered,2017-12-04 19:43:40,2017-12-04 19:55:30,2017-12-06 00:08:30,2017-12-19 23:17:04,2017-12-22 00:00:00
a44895d095d7e0702b6a162fa2dbeced,000161a058600d5901f007fab4c27140,delivered,2017-07-16 09:40:32,2017-07-16 09:55:12,2017-07-19 19:09:37,2017-07-25 18:57:33,2017-08-04 00:00:00
f75eddeb8fc33239a2211c1a34f6911c,23cf16e10ad548a78ffd4dba478365da,delivered,2017-04-12 22:14:49,2017-04-12 22:25:12,2017-04-13 11:16:19,2017-04-18 15:48:20,2017-05-04 00:00:00
155bfeb20a3f085ab900c872c084dfe6,6c7a009150d757987ceb07114bf7e763,delivered,2017-11-29 10:08:58,2017-11-29 10:30:27,2017-12-04 21:48:49,2017-12-08 21:57:03,2017-12-28 00:00:00
eac67648168ca5875a655452939cf2d6,dd8554c8c748a675f913ea89a7b86b76,delivered,2017-07-27 08:49:32,2017-07-27 09:35:21,2017-07-31 18:35:47,2017-08-01 20:39:23,2017-08-14 00:00:00
6dd018ddbabb3e2395f292cb1f2b3ba8,d05d07aa90ccf1c30bf55f0cd34b28bb,delivered,2017-09-11 19:36:44,2017-09-13 03:35:22,2017-09-18 21:47:33,2017-10-06 13:42:35,2017-10-16 00:00:00
41baff5b293e1068640c4fd004b40972,060b98efde121ab42197e801840411d8,delivered,2017-11-03 10:27:36,2017-11-04 06:25:49,2017-11-16 15:03:18,2017-11-24 20:07:02,2017-12-04 00:00:00
da6f3c22dc38f6e133f8a8f14f5d3cdb,80a76c0a8a6700d1b4a7c5d0a0820b76,delivered,2017-09-18 17:53:53,2017-09-19 03:55:27,2017-09-19 19:32:41,2017-09-28 20:57:50,2017-10-06 00:00:00
28abd0d3d0785dc717255911c43882d6,471169e42b5af2855233dcada6ea5b9f,delivered,2018-03-30 22:08:47,2018-03-30 22:27:09,2018-04-02 23:58:26,2018-04-10 01:26:28,2018-04-19 00:00:00
f307eeea250efc6c6bdd863ae32162b5,e8704f70e4ec2f83cb3bc4d80f749dcf,delivered,2017-11-26 10:58:33,2017-11-26 11:15:23,2017-11-27 12:04:58,2017-12-10 15:54:53,2017-12-15 00:00:00
27f3ee911b46e671b6393093afebc222,c1f69ef3484dda2abe3bbe712c027f68,canceled,2017-04-23 12:01:53,2017-04-23 12:10:32,,,2017-05-15 00:00:00
6acb5effe9cc2542a70885f23bc58554,04b0bc5f7a9963bbca17c293037dbd2f,delivered,2017-08-14 14:23:21,2017-08-14 14:44:08,2017-08-15 13:46:29,2017-08-21 21:32:52,2017-09-05 00:00:00
a88a37e74e1ba099e646450f9f0d1762,f62fd19f3c7e6972bffc7ece723b39de,delivered,2018-06-28 11:24:23,2018-06-28 11:50:30,2018-06-28 12:30:00,2018-07-12 19:14:29,2018-07-18 00:00:00
4e4130337193dc0b97e9bbdcf262a965,2a8fbd9c4f1ef6d033fe449d055fa5fb,delivered,2018-02-21 01:47:29,2018-02-21 07:10:18,2018-02-21 22:09:00,2018-03-07 19:18:47,2018-03-20 00:00:00
88d8024d811be666f66e7199e27a830b,3875a06057658fadbb8715a4f25eeaba,delivered,2018-08-12 01:10:43,2018-08-12 01:25:10,2018-08-14 13:24:00,2018-08-18 16:52:48,2018-08-24 00:00:00
77acb3b32ab623aaf525b52006d0c142,9be907cf929fd53da43778102239bbaa,delivered,2018-01-23 16:29:22,2018-01-23 16:38:31,2018-01-30 18:11:32,2018-02-15 00:07:36,2018-03-01 00:00:00
276e586682c7afb8f69a92fb276dc884,8b9f55ee19f0356ba6b3f03485e6922d,delivered,2017-03-20 21:55:02,2017-03-20 21:55:02,2017-03-23 12:22:48,2017-03-30 13:57:07,2017-04-12 00:00:00
fa94f0487376b26326f5fa63d24c9a8b,564b304124ac90784fdcb34339c6aaf2,delivered,2017-11-08 07:52:53,2017-11-08 08:06:47,2017-11-09 13:56:21,2017-11-27 22:42:14,2017-12-06 00:00:00
b3aa45b7ba0f950a1b163a9f85f613de,ff4dfb2525a749384a0e31d68625443a,delivered,2016-10-09 13:31:57,2016-10-10 03:15:41,2016-10-15 12:41:12,2016-10-19 19:05:42,2016-11-30 00:00:00
463178e4788138aa93f2c30416626a53,65ea0275064d8137b41e097076e70415,delivered,2018-03-23 10:30:52,2018-03-23 10:48:23,2018-03-27 02:28:35,2018-04-09 23:51:25,2018-04-20 00:00:00
d4911279e8f92849f1685ed9436c2483,7c97749095a5b872b41a18ad3ab73c29,delivered,2017-08-03 14:19:17,2017-08-04 06:45:17,2017-08-04 19:51:58,2017-08-08 18:58:19,2017-08-23 00:00:00
c1c4e2a7fb7eb8066b69234d0b3fd446,3d5193e1aaa3ff45aa2b08f782b26709,delivered,2018-02-23 14:49:39,2018-02-23 15:16:13,2018-03-01 20:39:09,2018-04-02 14:12:50,2018-03-15 00:00:00
b17838c714aef16bc099010feb2261ba,b544075a6d77dcd06337afdb49927000,delivered,2018-06-14 14:53:37,2018-06-14 15:20:49,2018-06-15 13:00:00,2018-06-19 20:20:59,2018-06-28 00:00:00
88a78af246c6c2db88e72b384796c98c,5f927d5f455d787c64e69dbe0382c5fa,delivered,2018-05-26 18:18:03,2018-05-26 18:30:33,2018-05-28 13:22:00,2018-05-29 17:28:29,2018-06-20 00:00:00
5fcfb33c8c186d01f979db1bc99405e3,7291b031382aaae4c41a933608e03471,delivered,2017-10-10 11:42:47,2017-10-11 03:35:16,2017-10-11 21:12:54,2017-10-19 17:39:08,2017-10-30 00:00:00
2d2975aae2e55ee662ad28cb6fd145d1,41de90cec1dce38ebecc5879294e4041,delivered,2018-02-17 14:54:32,2018-02-17 15:10:21,2018-02-22 14:20:04,2018-02-26 22:43:26,2018-03-16 00:00:00
fd95e4b85ebbb81853d4a6be3d61432b,00fd2c64e6e3f94a81541196fc536f4f,delivered,2018-04-28 10:58:02,2018-04-28 11:10:31,2018-05-02 12:26:00,2018-05-11 20:09:30,2018-05-30 00:00:00
3a85e7db76d5fc41b9dadcb1d4e7a255,b4d1b74099bada9a8d7f3d5a95883f74,delivered,2018-03-06 19:21:52,2018-03-06 19:35:29,2018-03-07 19:09:24,2018-03-20 20:02:13,2018-04-30 00:00:00
0a8fa135a7aa265638024d7c4af050f7,996ec92b257a060a8a66ed7d14befba6,delivered,2018-04-25 21:40:21,2018-04-25 21:51:23,2018-04-26 13:34:00,2018-05-03 02:52:09,2018-05-21 00:00:00
ca3ccd05ecdf6c73297349c485e668c3,95c1dc49c01816d23f08c0aa2a89f85b,delivered,2017-10-11 20:28:09,2017-10-11 20:45:39,2017-10-13 18:10:07,2017-10-17 18:33:50,2017-10-31 00:00:00
75b96a3b1a4aa70f1b20c1e86020cfd3,46942ba3c793925cf51c0b5a72f4b811,delivered,2018-06-04 17:11:46,2018-06-04 17:32:32,2018-06-06 15:43:00,2018-06-11 21:06:55,2018-07-05 00:00:00
2c6b7c49452d044cc8dff84245e1f553,c5743b474a0a32457e5d1c4d7d010457,delivered,2018-08-25 20:13:35,2018-08-25 20:25:09,2018-08-27 12:43:00,2018-08-30 14:04:53,2018-09-12 00:00:00
2a1a1f086c448fa487f63805dcaf4974,13697976fe8ad222ab46eac52bc44fb7,delivered,2017-10-03 09:20:37,2017-10-03 09:35:14,2017-10-04 20:24:58,2017-10-13 19:08:00,2017-10-30 00:00:00
5bc488a3de801a774218a89c00b5db30,edc1c832f561d0817c454538fb98e89d,delivered,2018-06-14 21:09:11,2018-06-15 02:58:43,2018-06-18 16:43:00,2018-06-20 20:26:46,2018-07-11 00:00:00
ccafddb54a91c4cebc1ab1ba6fa5f68d,4b1e4c6aa9b00cc930f4ef5f7b622ba2,delivered,2018-03-01 16:47:48,2018-03-02 02:10:51,2018-03-07 21:26:33,2018-03-23 20:38:39,2018-03-28 00:00:00
2996234f359b5a3b99263b0f5b841d86,ba64b72b127eb80d74296a6ab97dfe16,delivered,2018-08-15 15:48:50,2018-08-15 16:05:12,2018-08-15 14:16:00,2018-08-22 22:34:27,2018-09-04 00:00:00
ebba22ddb17ae5e213971c8246de7a47,a82121a4a1690bf195b6e61b691b13eb,delivered,2018-05-18 16:05:27,2018-05-19 03:15:23,2018-05-22 13:40:00,2018-06-06 19:22:39,2018-06-11 00:00:00
f5469d54daa9f43486f2d4ab2b154406,cd7d7b4d8d652f2a44de11261fb5f749,delivered,2017-08-18 13:21:50,2017-08-22 04:07:08,2017-08-23 18:04:26,2017-09-18 22:27:02,2017-09-20 00:00:00
85e82878a7121ee2d2018b2299b7915e,43a020387d119fbe1f461e6473f3dfe5,delivered,2018-02-26 18:58:02,2018-02-27 18:50:32,2018-02-28 18:09:02,2018-05-08 15:40:58,2018-03-16 00:00:00
dc0026d5ff685eb725a42925ff3aa5eb,dd839293c72a7bb6ade8b5af293ad2d7,delivered,2017-09-01 13:13:18,2017-09-01 13:25:37,2017-09-04 19:12:18,2017-09-08 20:53:50,2017-09-20 00:00:00
ae181b10c96125c3d1bbe9d7dfc1e830,cdf22d44bff4f1fc02ef48a306038252,delivered,2018-04-15 16:04:21,2018-04-15 16:15:29,2018-04-16 13:36:35,2018-04-17 13:14:38,2018-04-27 00:00:00
49e6f3b6fe80dcb31aae574640bd3a8c,1bf6f19443d0486c3b72f74b7b4caa40,delivered,2018-02-05 20:24:40,2018-02-06 04:32:05,2018-02-06 21:04:17,2018-02-11 18:08:49,2018-03-02 00:00:00
484216e35682c86df2d5548a94d08cbb,fb0cfde85c52eae49fd2f0cf9a023844,delivered,2017-11-24 02:25:07,2017-11-24 02:37:28,2017-11-29 16:07:10,2017-12-07 14:03:04,2017-12-15 00:00:00
ae008476d71178d5dec116ecd90a9471,89db3891a4e41c9d5f4c20d46ced9ee8,delivered,2018-01-03 12:03:50,2018-01-03 12:13:20,2018-01-03 20:25:09,2018-01-23 20:23:01,2018-02-06 00:00:00
3ff79cc8f927df012dd6b1b823632745,ef6de34149793fbcbfff584a15926055,delivered,2018-02-17 21:06:22,2018-02-17 21:26:44,2018-02-19 09:59:03,2018-03-06 17:58:24,2018-03-13 00:00:00
99d4dd36318ceb97e9feda8baade3ce2,f77941001d3f0ca5fa211d79882c0cd1,delivered,2017-11-24 21:13:38,2017-11-24 23:57:38,2017-11-27 22:29:04,2017-11-30 12:14:06,2017-12-12 00:00:00
dcddaf0d2359e8b282ad24f1d84857bc,ffe6d825d8a60d5cca942bcc57e9d8e6,delivered,2017-05-05 18:34:34,2017-05-06 02:23:00,2017-06-08 14:34:07,2017-06-27 11:30:05,2017-06-07 00:00:00
c2e945f7388f760b0bd02c22a4f6993c,d884b47a242cd8e735d7c4501568dde8,delivered,2017-10-03 10:24:33,2017-10-03 10:50:52,2017-10-05 19:26:19,2017-10-18 22:18:58,2017-10-30 00:00:00
2c9f9957886293ce9bc43dee12fa1adb,86bff62b6eccfcbdeb17ed3cdf4a9ef0,delivered,2018-02-24 12:23:21,2018-02-24 12:35:34,2018-03-01 01:48:45,2018-03-07 23:26:48,2018-03-20 00:00:00
0178ff2480e2e8fb84d456dd3dc3d777,9658c223ca600a39c7c52d7087d0a598,delivered,2018-03-25 13:48:39,2018-03-27 04:08:18,2018-03-27 19:18:54,2018-03-28 20:14:38,2018-04-06 00:00:00
e27677cc62d6c8851e3b143c2e020291,6df5ddf7676013f56d630c2c02d6d51e,delivered,2017-07-24 22:51:53,2017-07-24 23:05:56,2017-07-27 19:39:55,2017-08-21 18:08:02,2017-08-16 00:00:00
54f53e031329f69ca101726cac52f86b,489b09be68ed44791c5b0eba7dc7eab3,delivered,2018-01-26 22:03:52,2018-01-26 22:12:18,2018-01-29 20:21:43,2018-02-06 22:16:52,2018-03-01 00:00:00
4d02fcbcbf4a19682c0c09fb8fc8005f,2d5c7d1250eefd0b786eaefdeaba91bd,delivered,2018-07-24 21:21:15,2018-07-24 21:30:17,2018-07-25 15:20:00,2018-07-26 18:52:52,2018-08-01 00:00:00
a73de8635a0cb0aee3da3736197f76b2,d1f24011654af00df1a8326c6cb8aac1,delivered,2017-10-02 22:45:12,2017-10-02 22:56:20,2017-10-04 21:03:48,2017-10-09 17:20:24,2017-10-25 00:00:00
8daaa9e99d60fbba579cc1c3e3bfae01,ad3027360ab7ff592efb16fb347d1e1f,delivered,2018-02-26 17:35:23,2018-02-26 17:50:30,2018-02-28 15:07:50,2018-03-02 17:35:37,2018-03-26 00:00:00
eeb1f86a9f9c08e3eb0bbb7186dccf60,92dc2362ac5619266eeed4ec88234e1c,delivered,2018-07-30 12:58:34,2018-07-30 19:32:03,2018-07-31 14:54:00,2018-08-01 19:28:27,2018-08-02 00:00:00
94b9fdffc1d9b49273c91598fc0dc5e6,6236a1fd73ab92114378e88fe16698ea,delivered,2017-02-03 21:36:05,2017-02-03 21:50:13,2017-02-07 15:43:38,2017-02-15 18:18:11,2017-03-30 00:00:00
0c986e5002868d137f566b34fb183827,56a65a21f846976ecbc7b7958ff32f74,delivered,2018-07-31 20:19:25,2018-08-01 02:35:21,2018-08-02 15:43:00,2018-08-03 14:26:27,2018-08-14 00:00:00
487cdbe6d900d62275117d1fd45674bf,1dc9dd1db9aebd0a3c03eefeb3f7ee1f,delivered,2018-03-07 12:27:29,2018-03-07 12:49:52,2018-03-08 08:44:45,2018-03-28 20:08:27,2018-03-27 00:00:00
809a282bbd5dbcabb6f2f724fca862ec,622e13439d6b5a0b486c435618b2679e,canceled,2016-09-13 15:24:19,2016-10-07 13:16:46,,,2016-09-30 00:00:00
c0cb4eb4f8b433eb1d73091276e12ebd,793206f0990570a0101ebb9558de79c3,delivered,2018-02-21 15:59:53,2018-02-21 16:15:59,2018-02-26 20:46:57,2018-03-14 12:12:19,2018-03-22 00:00:00
164f22d152f646ca5ebb5a2049e3adfd,b22ca1cb1efb9b7b3dadf51aae18d481,delivered,2017-08-11 13:06:48,2017-08-11 13:23:41,2017-08-11 19:13:23,2017-08-22 19:55:07,2017-09-04 00:00:00
b132b4c680aad57c36a5686db90d88d5,5f18a6b902ea6a8e5a30fe7e8b376533,delivered,2017-08-26 16:00:55,2017-08-26 17:10:13,2017-08-28 20:33:51,2017-09-01 13:53:20,2017-09-08 00:00:00
6d885151b431516792fbfc7d393c90cd,7122c24d3c0eff23bbea46f485fa0d66,delivered,2018-01-11 17:03:35,2018-01-11 17:16:30,2018-01-15 23:16:47,2018-02-07 22:12:42,2018-02-15 00:00:00
4ced342eaecfe9e29be64d5a93ce1379,10f53ef75f23e5a4d5ad2df4de7c6324,delivered,2018-02-13 20:17:29,2018-02-13 20:25:33,2018-02-14 18:07:42,2018-02-23 15:49:14,2018-03-09 00:00:00
acdcdde1b4bbffb38a57ec5992ab1934,aa69109c4c174abc3b890804f78d78fc,delivered,2018-04-17 07:38:17,2018-04-17 07:50:08,2018-04-17 17:54:36,2018-04-25 17:20:44,2018-05-15 00:00:00
ff3d961f941d0784936dbe5da739575e,13c63b62948447f955a98910800ca8f6,delivered,2018-03-07 18:00:44,2018-03-07 18:15:44,2018-03-09 20:08:31,2018-04-10 03:05:01,2018-03-28 00:00:00
3594036dc631b02c14cd17fd933d3068,dc1a71416c75d6b97cd81ae1d5505a7b,delivered,2017-10-17 10:29:28,2017-10-18 02:53:48,2017-10-23 22:41:57,2017-10-26 13:17:43,2017-10-30 00:00:00
ab98ab3726335315eb814d5ba24caba8,b68147b225261342f06c780cce2dd38d,delivered,2017-10-29 21:40:33,2017-10-29 21:50:15,2017-10-31 16:04:03,2017-11-13 20:54:39,2017-11-29 00:00:00
e9a879545f57cb4c1d3acbee8b436454,896d83a0aa63660580e188b137fe530e,delivered,2018-07-08 18:40:10,2018-07-09 18:45:10,2018-07-10 13:45:00,2018-07-25 21:39:50,2018-08-02 00:00:00
df2afb0d21253af8ac80fefed51bb52e,ed93f7feec62e5f10f7ec73d683e0f64,delivered,2018-02-14 20:38:27,2018-02-14 20:47:28,2018-02-16 02:54:56,2018-03-08 23:42:27,2018-03-19 00:00:00
425f411da928aab32cbb846990839737,0df3d5778dbd8d8aab957be806bb9be0,delivered,2018-01-17 21:39:29,2018-01-18 21:32:31,2018-01-23 00:22:38,2018-03-02 02:09:08,2018-02-14 00:00:00
0bb931d01ae91d63c98608e9125c1c1d,98bab3333501e5426408e5f68c63d972,delivered,2017-09-12 14:40:50,2017-09-12 14:55:21,2017-09-14 18:04:02,2017-09-19 14:07:38,2017-09-28 00:00:00
6cb2000475274ad7e94d1e64f840e907,f915ababf4710468c93ec2c9a3f64431,delivered,2018-06-19 16:45:50,2018-06-20 02:54:55,2018-06-20 14:17:00,2018-06-25 18:12:15,2018-07-13 00:00:00
99a50db34d17b1f845a8ea04de3e747d,075b39e18f6c41df500a6ae613a735da,delivered,2017-10-09 08:16:17,2017-10-09 08:28:19,2017-10-16 18:35:57,2017-10-24 13:32:58,2017-11-09 00:00:00
365929ae2a3877d3590589ad75b39d20,fae73a7c700511a73d47915d118e5ba6,delivered,2018-05-08 20:00:17,2018-05-08 20:54:48,2018-05-10 18:29:00,2018-05-16 13:09:45,2018-05-25 00:00:00
d3ba9cc2ed6bfcb179c9d654974de7f7,a8f2ce0853302c7f6d960aaf99b01a27,delivered,2018-07-22 22:54:11,2018-07-23 12:31:55,2018-07-24 15:44:00,2018-07-27 20:02:11,2018-08-13 00:00:00
32b25718a224529a972d40f00f06299d,8ea19bb36a76ba5761524ef17ba268e7,delivered,2018-02-28 16:21:16,2018-02-28 16:35:31,2018-03-01 20:52:03,2018-03-23 13:39:24,2018-03-21 00:00:00
5de9ecce32c65cf52b1602cdac27f7f2,93e19daf1a3340c5c85034557d66e6b2,delivered,2018-07-06 13:46:23,2018-07-06 14:11:06,2018-07-09 13:51:00,2018-07-10 18:25:27,2018-07-19 00:00:00
089b6875058f8f72ecbe2f5afe317910,2864542befa48f24fae06fee7de38b4e,delivered,2018-04-10 21:07:35,2018-04-10 21:30:45,2018-04-12 17:26:28,2018-04-13 17:25:33,2018-04-23 00:00:00
35ec908d0cff9e5ba33b44d2ad7850b7,9da1a95a9bcbab2eb1a244f4b15d6cdd,delivered,2018-03-25 21:50:37,2018-03-25 22:08:33,2018-03-26 19:58:49,2018-04-05 04:28:24,2018-04-18 00:00:00
7fadb5fea409b4722158492cd408177c,8e37355e9bb38531c7c64f24c9134fbb,delivered,2017-04-22 18:53:45,2017-04-22 19:05:12,2017-04-24 15:19:09,2017-05-02 14:45:52,2017-05-15 00:00:00
7f81a8a172eddc4f7afaf02eb94ab824,85191fae8e27da08a50395638532e838,delivered,2017-11-06 09:50:33,2017-11-07 09:46:24,2017-11-09 18:14:56,2017-12-18 11:38:57,2017-11-22 00:00:00
188ee57c8c41550345490675b44167be,91b9c73efce9cbe8c08f5211c1458761,delivered,2017-10-03 17:28:58,2017-10-04 17:35:22,2017-10-05 15:18:29,2017-10-13 11:03:01,2017-10-27 00:00:00
7289e899d9083d1c93469d36a42d1dea,0f5e161db26d065ff8926895975c0ca6,delivered,2018-07-04 15:15:27,2018-07-05 16:07:07,2018-07-06 11:29:00,2018-07-10 14:51:31,2018-07-25 00:00:00
76eb969a695f694952f79db129b24c46,297d3714675c007773d44da77d58f599,delivered,2017-10-09 08:59:59,2017-10-09 09:25:57,2017-10-10 17:10:27,2017-11-09 22:38:48,2017-11-17 00:00:00
1fbebbbba3149f89e410951ca531cae2,5b9e676ba4af242f149ba51d095d4f5d,delivered,2018-04-01 18:13:09,2018-04-03 05:50:26,2018-04-03 21:07:22,2018-04-13 23:06:30,2018-04-23 00:00:00
1c7348dbdae957a76d7886476cbc97e1,55255f1cffa7946e5db488f14ae61cfb,delivered,2018-08-14 08:45:16,2018-08-14 08:55:28,2018-08-14 15:11:00,2018-08-20 18:09:00,2018-08-28 00:00:00
b9d85f9487a067f470cf6def2889087c,80025915b2b4d9a7acee5bc82c6ff699,delivered,2017-10-12 12:01:58,2017-10-12 12:14:25,2017-10-24 01:02:54,2017-10-30 17:57:38,2017-11-10 00:00:00
55e71b9318bbe979e00a54045806114b,2060709885cf613153c4632e738c63ad,delivered,2017-08-09 16:13:51,2017-08-09 16:30:12,2017-08-14 12:49:56,2017-08-15 20:32:31,2017-08-22 00:00:00
be82634d36d47e922d16c1dc2c0291c4,749b4a27ab77ae603f9e260c945ce8bd,delivered,2018-03-06 15:36:00,2018-03-06 15:50:34,2018-03-07 23:33:53,2018-03-21 00:03:40,2018-03-27 00:00:00
814a3fa64843bab063063a18603efd53,56fc8604a22961b99dc13a188ced33d6,delivered,2017-06-30 11:21:24,2017-06-30 11:30:21,2017-07-04 16:45:49,2017-07-10 20:23:59,2017-07-24 00:00:00
547b3cfe3d9a94652532f7e8bfec4f0b,aefbe8e331d0976874cd871c3cc13e68,delivered,2018-06-11 12:33:08,2018-06-11 13:32:53,2018-06-12 15:10:00,2018-06-19 16:42:45,2018-07-04 00:00:00
57abb1f66732171fe6a0c44a796f747e,3f8814ad16cab376ba05899ce60ab113,delivered,2018-05-14 14:53:51,2018-05-14 15:17:38,2018-05-14 16:16:00,2018-05-17 19:03:16,2018-05-28 00:00:00
acd788596773fb4328703c9ea80a1913,696487dfa3e237407a7fc1e381da0a45,delivered,2017-09-26 10:30:40,2017-09-26 10:49:12,2017-09-27 22:45:59,2017-10-03 21:36:04,2017-10-23 00:00:00
86ddbf551a45045fda65a0b20745a6c4,27d2558ca362026e8924200781145922,delivered,2017-05-25 14:33:46,2017-05-26 02:25:15,2017-05-26 16:45:05,2017-06-16 14:53:39,2017-06-19 00:00:00
09e6dfb3a40d9c2e75458a76ff06e2d5,2ac05c2154577da9cf490951f1a0da84,delivered,2017-02-11 10:42:55,2017-02-11 10:55:16,2017-02-14 18:17:28,2017-02-16 07:08:53,2017-03-10 00:00:00
77e62c3d5d4bc9c33f9fbab23755728e,1442d92ced8acf903c78285fdfd5b368,delivered,2018-05-25 16:44:17,2018-05-26 02:32:43,2018-06-01 06:27:00,2018-06-04 22:46:25,2018-06-12 00:00:00
52c1dd5de2f994e2979bb421330763ad,fc6970358133b4ddd73d4fe57cfe6737,shipped,2017-11-24 19:36:27,2017-11-24 22:55:04,2017-12-01 12:42:21,,2017-12-19 00:00:00
6178d892fe5eef77fb756aed59b758bd,4d4200b96b8a9f6d9c8dabbc0e47e028,unavailable,2018-01-15 14:08:28,2018-01-15 14:19:28,,,2018-02-07 00:00:00
c0e194a5482be6d94f4dff49e935b811,6e285c210944dcf1f2ee784dfd24fa3e,delivered,2017-12-10 20:51:47,2017-12-10 21:13:15,2017-12-12 22:27:27,2017-12-22 19:35:00,2018-01-05 00:00:00
b1255ece61a04beee71a3dd933220a22,e616fde1bddf639eafbf05b1b944049f,delivered,2017-11-15 09:49:12,2017-11-15 10:07:09,2017-11-17 19:06:58,2017-11-26 20:20:03,2017-12-05 00:00:00
1ca1fb771325fde9ed2369cbda7f20e5,05caeca974b480263d5037c56d9cbcff,delivered,2018-04-10 14:39:00,2018-04-10 14:51:16,2018-04-11 17:26:25,2018-04-16 23:11:27,2018-05-03 00:00:00
74f2f26b7d6a438e241f9ad86133299c,35b58a7a83b62db8460d169eb633c1dd,delivered,2017-08-15 11:24:24,2017-08-15 11:50:10,2017-08-16 17:49:50,2017-08-21 19:10:09,2017-09-19 00:00:00
fa28bd97430eae2d2b4f9441a25749c1,0134ab2fb213ed322c3ae3b0e051582f,delivered,2017-04-15 03:21:22,2017-04-18 04:32:18,2017-04-18 15:56:06,2017-04-20 08:14:22,2017-05-17 00:00:00
86891f436de654a1481776e0263fc5d2,0a8c82c1e1a5288caa2071afdf447c87,delivered,2018-08-08 12:00:12,2018-08-08 12:10:15,2018-08-09 16:22:00,2018-08-13 21:52:40,2018-08-15 00:00:00
677b9097f2a4bd49d5110a761ebfd41c,3cbaa27bd79fa6a489b1678ac5fe787b,delivered,2017-09-15 13:47:40,2017-09-16 03:04:04,2017-09-18 18:02:32,2017-09-22 20:47:09,2017-10-03 00:00:00
15bbe82a70f5a2449ff1d54c54b508d0,1a60953344c67840f670ba07a1c453d3,delivered,2017-08-28 13:02:23,2017-08-28 13:15:18,2017-08-28 19:56:37,2017-09-05 20:38:46,2017-09-18 00:00:00
f52b64a627a310405cfd65e2a23acb23,0c0b4497d7324e5a4e31262c93fbc3c4,delivered,2018-02-12 18:58:50,2018-02-12 19:10:22,2018-02-21 21:55:20,2018-02-28 22:32:47,2018-03-06 00:00:00
7fa917593c3ed7bd80f35dcb6e1aefbb,e2e19682c430083481f5c6e0fc985e3e,delivered,2017-09-25 10:17:31,2017-09-25 10:30:19,2017-09-27 18:41:18,2017-10-02 17:59:17,2017-10-25 00:00:00
df5130410a20fcd7faec983640e48078,4ef22321e988e87dbb047cd96b9293fd,delivered,2017-08-28 23:38:47,2017-08-28 23:50:15,2017-08-29 18:04:21,2017-09-01 17:23:06,2017-09-14 00:00:00
5828df384b9044ee90d7ac11a042274d,4cb7ea6ea120acd8ad213beea31ef046,delivered,2017-12-10 16:13:21,2017-12-10 16:30:33,2017-12-11 21:24:26,2017-12-21 20:14:55,2018-01-11 00:00:00
109dfb5756c526e783783356f4384b4e,36221a58d1cd5b882b7dcec3e5f72408,delivered,2018-08-16 15:13:00,2018-08-16 15:30:14,2018-08-16 15:52:00,2018-08-21 20:06:19,2018-08-21 00:00:00
11bc240af3d9e1f77218715480a65b77,2ff113091fe089cc6bef22f38a9f3a07,delivered,2017-06-02 16:42:13,2017-06-02 16:55:12,2017-06-05 13:01:31,2017-06-07 15:57:52,2017-06-19 00:00:00
fbcac8a5f28ae481d3c3ebb74de5a7fd,eec86eb10f3bc01629ab99ffa32ea05a,delivered,2018-03-25 13:09:20,2018-03-25 13:27:46,2018-03-27 10:06:37,2018-04-06 00:33:44,2018-04-23 00:00:00
72169ffd15efc268ce012f931a368c4e,de0c4d984792eb5cc97509c7e1d6cb5d,delivered,2017-07-12 15:54:13,2017-07-12 16:05:25,2017-07-13 17:55:59,2017-07-17 21:33:30,2017-08-03 00:00:00
4fd754f42b2d84fcafd63991c1680329,418a04c8b80afd21264a413c8c9efd18,delivered,2017-12-20 23:43:23,2017-12-20 23:52:24,2017-12-26 14:52:29,2018-01-05 20:52:26,2018-01-24 00:00:00
f9924bb345cacfbf0fda3cca1dfffcd8,d31a25f9035f5c84a468c15f58256171,delivered,2018-03-20 23:53:18,2018-03-22 02:51:06,2018-03-26 23:09:07,2018-04-17 14:36:36,2018-04-11 00:00:00
f718877840944cfe1c386ba157a50d57,5914ae519b379dc8a931e79d66e3362a,delivered,2018-04-27 19:19:54,2018-04-27 19:31:48,2018-04-30 16:01:00,2018-05-07 13:17:49,2018-05-22 00:00:00
13f71b34070e465311be5e70a4b726ca,255ff8d111e16367aa2404897e198547,delivered,2018-06-09 10:48:40,2018-06-12 07:57:57,2018-06-13 15:12:00,2018-06-14 14:05:19,2018-06-26 00:00:00
eaa2404af4c709b5ed9127f802ee4eb8,474d5d500a35f32517fa588d587eff2c,delivered,2018-07-06 14:09:35,2018-07-07 14:05:41,2018-07-10 15:21:00,2018-07-13 17:12:32,2018-07-19 00:00:00
abf0f8d4869d920b5c42d4766c4e0712,f39fd913fb31275a65b0ef5f23988613,delivered,2018-06-20 07:42:30,2018-06-20 07:58:19,2018-06-27 10:13:00,2018-07-02 19:22:51,2018-07-16 00:00:00
2b8b7636f69e8dca87850024171a19fa,3f71fba37c2f425974e32151d8771e9c,delivered,2018-02-22 21:56:23,2018-02-22 22:08:21,2018-02-27 21:32:59,2018-03-13 18:39:25,2018-03-26 00:00:00
8dacd1da7c4dc40d5c59e7ddd93b3ac8,6ccedfba5919d72fcc8c51bfa982de62,delivered,2018-06-01 11:38:29,2018-06-02 03:31:41,2018-06-04 14:37:00,2018-06-12 22:34:44,2018-07-18 00:00:00
57ebffcbf30e5b8850f0e4c8713fd2dc,0244095ded2a29ca6b15d7942ef3ec93,delivered,2017-07-17 09:55:12,2017-07-17 10:15:10,2017-07-18 15:17:24,2017-07-26 00:57:53,2017-08-08 00:00:00
bf0b7464d227364486f59a79f335a212,0a4ab446b538fb896f729d901199c83d,delivered,2018-07-26 21:16:41,2018-07-26 21:30:20,2018-08-10 15:17:00,2018-08-15 16:42:35,2018-08-09 00:00:00
55cc5dd784c6da7dfe2e5408af3a58bd,7b6457d611a0a8400c8d53979ee5878f,delivered,2018-02-08 22:28:20,2018-02-08 22:50:31,2018-02-09 22:03:22,2018-02-15 20:23:07,2018-02-22 00:00:00
3eaa0a2e223ae1b2ed934e0274bdd0cb,fdc2ac3f84df51c5e19d183b4a11166c,delivered,2017-07-12 22:50:00,2017-07-12 23:03:40,2017-07-19 18:24:56,2017-08-03 20:15:37,2017-08-03 00:00:00
f2580bf652929f436d44764e3d41f1bf,253f6cc72b9101b65f671a1ffa586544,delivered,2018-04-20 08:25:08,2018-04-25 04:15:24,2018-04-25 14:12:00,2018-04-30 13:44:43,2018-05-14 00:00:00
80cf8a8487e5b2664cc0bacc1a57063f,b1790b3975230983ee9b9d6f3e5a9f62,delivered,2018-01-20 13:59:20,2018-01-20 14:31:03,2018-02-17 01:33:59,2018-02-20 10:55:00,2018-02-22 00:00:00
3b877e13f7c459f7a8f3015dd9bcc2ec,6034b1115c7ac9b6ced55a6d30d3b62d,delivered,2018-08-03 18:43:40,2018-08-03 19:30:41,2018-08-07 13:47:00,2018-08-13 22:27:44,2018-08-21 00:00:00
0a65d1c730fc9bce9b5d353ff4f81bbe,e217d3b3ea5e1ec89757847ba1e86e2a,delivered,2017-07-26 20:35:51,2017-07-26 20:45:41,2017-07-31 21:29:49,2017-08-08 16:47:45,2017-08-24 00:00:00
eadf1db71815b513cf62a49e9c6416fe,c99c4573f69475e34c281d72617283ed,delivered,2017-08-02 15:39:41,2017-08-03 16:34:11,2017-08-07 17:14:09,2017-08-18 20:12:40,2017-09-08 00:00:00
1ed6e841e1074b772338730aad5285bb,d068991076871fb85b421422d6b1a5ab,delivered,2017-10-07 20:43:38,2017-10-07 20:56:30,2017-10-11 19:05:25,2017-10-23 17:19:04,2017-11-08 00:00:00
eca9f43372e64e01322fd21afd0bb842,eb7ae45f608ab856445fcff54aa3567b,delivered,2018-07-19 15:26:54,2018-07-20 04:50:20,2018-07-24 15:19:00,2018-07-27 22:32:33,2018-08-14 00:00:00
3469cd5864fcd9a98df4399780a22cc0,707168aaa94f9870763d366f89c1cb1e,delivered,2018-01-31 20:00:11,2018-02-01 18:31:08,2018-02-02 19:14:20,2018-02-16 00:46:15,2018-02-19 00:00:00
2155f2ca8e14d8b4136fdc215fb53bb7,d07facc3fa6d72d9a93b98cd01e03d2c,delivered,2018-08-09 17:41:29,2018-08-09 17:55:20,2018-08-15 14:18:00,2018-08-17 15:54:32,2018-08-22 00:00:00
e936ad2dc09aa59fa1d6647ee72f1ead,74a7d1d3922d5c9d87683edf0be614f6,delivered,2017-11-09 10:22:36,2017-11-11 03:10:42,2017-11-14 16:48:06,2017-11-17 18:29:34,2017-11-23 00:00:00
f2006b46b9e70d59e442b6da97cd35fe,a64c4b3ab7406e717790566ebf570407,delivered,2018-02-10 11:07:40,2018-02-10 11:47:41,2018-02-16 18:52:02,2018-02-28 16:03:10,2018-03-12 00:00:00
a1ea1bd909502b5214a0b425746fca5c,abd06a060b1f19f33a3ffafbf6bba1fd,delivered,2017-10-03 07:38:50,2017-10-03 07:49:20,2017-10-09 21:18:56,2017-10-20 22:38:51,2017-11-08 00:00:00
24bef8d4a9207ed77584640383d81697,7eea78afe38c735b5beb638c0a2bdfcb,delivered,2017-11-12 09:40:15,2017-11-12 09:50:24,2017-11-17 16:53:54,2017-11-30 16:40:16,2017-12-11 00:00:00
40d3d467b60d085876c572510701fc47,8e7624ef906783b093a58207d95bf082,delivered,2018-04-05 16:17:21,2018-04-05 16:35:18,2018-04-07 00:04:12,2018-04-12 18:58:28,2018-05-03 00:00:00
51e5e08365469f68d9f281c619b2354f,4c6ee863183b6981c871a3e8b75bce29,delivered,2018-08-04 15:27:00,2018-08-07 04:45:21,2018-08-07 13:53:00,2018-08-14 12:36:58,2018-08-28 00:00:00
28da718adba0d004199488ce3106152a,b1c2b777ab4fcd4947514d99ddd9348a,delivered,2017-12-09 10:39:24,2017-12-09 12:30:13,2017-12-14 22:33:13,2018-01-09 00:37:52,2018-01-15 00:00:00
45eea7503e8d5e369d52ecc3cd27a3fa,02f6d24b58d8286f9e56fe9edafe719b,delivered,2018-07-26 08:39:56,2018-07-26 08:50:12,2018-08-02 15:25:00,2018-08-09 16:12:23,2018-08-22 00:00:00
44118a76298b0f15de5861da01b63f64,c5fe42e02849647dc3e28d290355a6f9,delivered,2017-09-18 12:42:53,2017-09-18 12:55:16,2017-09-18 20:42:46,2017-09-27 22:26:48,2017-10-05 00:00:00
1e98e92bd0537e1655291d3361217a87,43c25909e5bc84761daf594a893254dd,delivered,2018-03-13 21:29:15,2018-03-13 21:48:04,2018-03-16 17:42:16,2018-03-20 00:18:43,2018-03-29 00:00:00
bb6b4db9c25c8ad879c8e64055f89f93,ec057c0d855f5c15eec672021c9ccd55,delivered,2018-06-27 19:56:33,2018-06-27 20:11:53,2018-06-28 15:13:00,2018-06-29 17:52:14,2018-07-12 00:00:00
565b0bdb5bfef65df5a23890967586f6,afe9bcbd1543a6585a04356bb91fb5f7,delivered,2017-08-25 23:07:34,2017-08-25 23:15:15,2017-08-28 13:44:59,2017-09-04 15:20:32,2017-09-19 00:00:00
e81515594e8f430f4a7ee18f26777091,5c249c721eea202f6130a24ede66ebe7,delivered,2018-05-24 16:22:20,2018-05-24 18:23:15,2018-05-25 15:35:00,2018-06-09 10:58:50,2018-06-18 00:00:00
4a20c9e5a8d128dd0b48766a6790a2f3,5c7c8ac7d78822dc9505a8e2f1468e01,delivered,2018-01-12 19:54:52,2018-01-16 03:40:08,2018-01-20 16:03:13,2018-02-07 23:32:20,2018-02-07 00:00:00
d3baa30209aa87ddd816648e62d16cc4,808e72d7990fc975be7df4ce5dbed165,delivered,2018-03-30 13:10:11,2018-03-30 13:27:06,2018-04-03 18:32:44,2018-04-10 19:34:51,2018-04-24 00:00:00
488a3468338d9c4c6caa95bb4b536b90,39f19a26208db7920bc39686dac40970,delivered,2017-02-04 22:36:29,2017-02-04 22:45:14,2017-02-08 03:51:24,2017-02-12 04:33:42,2017-03-08 00:00:00
cf73d05412c13f66cf861de75a6f1035,d368886a76f81c673c6b7ff2ee6a5547,delivered,2017-12-27 17:05:59,2017-12-27 17:17:29,2017-12-28 18:08:15,2018-01-09 18:22:32,2018-01-22 00:00:00
fd2f3b1ef3f5448ff37c4e0fea64c1cd,4e0dd6abf0cc324056e94eac32086d3d,delivered,2018-06-12 11:52:26,2018-06-12 12:43:44,2018-06-12 15:15:00,2018-06-14 21:38:32,2018-06-21 00:00:00
59629349b860bb43899ea07bf4ec9633,7808ea4b58654518cfe762d80eda6cbe,delivered,2017-07-24 14:21:25,2017-07-24 14:35:17,2017-07-26 10:54:32,2017-07-27 13:23:10,2017-08-04 00:00:00
614bc59c7d5e038587336616e3198e33,ae03be1de0a5e3323b419b57d40d712e,delivered,2017-12-29 17:17:03,2017-12-29 17:27:24,2018-01-02 17:33:15,2018-01-04 20:51:53,2018-01-18 00:00:00
bad9804e1f16ed9115e1373a6d5fb3fd,ae60b5e3a634bdf188825c1576bed6df,delivered,2018-04-19 08:19:39,2018-04-19 08:30:25,2018-04-19 23:13:03,2018-05-03 23:21:49,2018-05-16 00:00:00
0dfb46f3a5506f1db29eaed5e2779daf,d0590fa31b692186ac9082cb51c3d771,delivered,2018-01-14 12:22:35,2018-01-14 12:29:21,2018-01-17 20:42:02,2018-01-30 20:12:55,2018-02-05 00:00:00
3910ae71e82730e3c560049e7637b3c2,572af72c0c050be9defa80e9d5051441,delivered,2018-04-22 23:13:59,2018-04-24 18:55:51,2018-04-23 23:40:58,2018-05-02 19:14:49,2018-05-17 00:00:00
651e513b1f4ca21be4f83de4c20285be,06a162c47cfda7cc5575ab732213ff11,delivered,2017-05-01 22:12:51,2017-05-03 11:15:36,2017-05-03 17:12:40,2017-05-08 08:46:00,2017-05-29 00:00:00
f591324def93e5e3d7450690f588022b,83bfec2b42fd4b848ad784bc32d82e25,delivered,2018-01-08 16:50:16,2018-01-09 07:26:34,2018-01-09 21:37:10,2018-01-11 19:33:39,2018-01-30 00:00:00
8eeb55cdf087b3ceec6ebdb6e2189dd7,d40595ee850219d00530ba2c43cccb73,delivered,2017-09-30 15:00:21,2017-09-30 15:14:27,2017-10-03 22:02:54,2017-10-09 14:52:23,2017-10-19 00:00:00
79bf1be9cc63325cf6a59d764513d522,14748dec58543ab418c603bfdc1168cc,delivered,2017-08-16 14:55:34,2017-08-16 15:15:23,2017-08-21 13:54:57,2017-08-26 12:53:43,2017-09-08 00:00:00
fde0e8ee133a1885475a0267bd879fc8,b438c24cfcda41551bffe94603b98c68,delivered,2017-11-24 18:57:45,2017-11-24 22:32:59,2017-11-29 19:24:33,2017-12-05 19:41:47,2017-12-14 00:00:00
624ae9036a4782219f00bb569c7e39e8,dbe5db95b3cd2db16b7f1c2bdbadaca8,delivered,2018-05-03 14:12:31,2018-05-03 14:32:38,2018-05-04 15:46:00,2018-05-10 17:08:52,2018-05-28 00:00:00
ce86fa5a5108884726a2244bcae51ae6,8fa33a3159dfc303b8aeccf859b9bee5,delivered,2017-01-05 13:29:03,2017-01-07 03:45:23,2017-01-11 15:35:54,2017-01-16 16:05:21,2017-02-01 00:00:00
0045e3085f083f0f38d24bb3f22e6593,eb729faa993caad20442243265804a7c,delivered,2017-08-10 16:13:36,2017-08-11 07:15:16,2017-08-16 18:27:40,2017-08-29 20:03:08,2017-08-30 00:00:00
feae5ecdf2cc16c1007741be785fe3cd,ca05f8b53b1ad2a64bf34baa8aa7f4f6,unavailable,2017-11-11 16:41:06,2017-11-11 16:56:15,,,2017-11-27 00:00:00
580ab1120013feff8019dae315cd8c9c,8d0e77d51648c856aab7b6f9d66223d8,delivered,2018-05-11 16:28:43,2018-05-12 16:41:10,2018-05-14 14:24:00,2018-06-09 16:59:52,2018-06-01 00:00:00
719b6b76d11e7e6f6e8113bbd4565b84,7041f895a2fb5dd4142139e99ce3ff9e,delivered,2018-02-27 14:48:46,2018-03-01 03:22:49,2018-03-01 22:13:45,2018-03-09 18:46:45,2018-03-20 00:00:00
651a89e11653d8df43a624a903fe0f5e,e536e3de6a1ac1c527acb004f4120d81,canceled,2017-06-06 20:31:46,,,,2017-06-29 00:00:00
39dbaa2c58bbe0be46bc4a525f24eda6,f5f3d53331563428fe4ab339f29757d1,delivered,2017-08-31 17:56:08,2017-08-31 18:05:23,2017-09-01 18:57:46,2017-09-15 21:52:08,2017-09-22 00:00:00
89d168052a4a2101c7fde7f4e82c3ef8,f8c5e148930307b3a36a6674e7001d6e,delivered,2017-06-22 14:30:45,2017-06-22 14:42:48,2017-06-23 11:18:01,2017-07-14 21:55:45,2017-07-12 00:00:00
189eace082b66e404c26e75f43bbccfc,c236d50da493842de9930c4627896ce4,delivered,2018-06-15 15:18:34,2018-06-15 15:37:47,2018-06-18 14:05:00,2018-06-25 18:50:41,2018-07-25 00:00:00
c8de7919d8d79c2bb4bb86e34697039d,2e7b4f074525b263aca75c020bd2bd34,delivered,2018-03-16 19:10:06,2018-03-16 19:28:24,2018-03-19 19:57:18,2018-04-09 17:50:41,2018-04-06 00:00:00
64c9b30f62ddf4148ca00c99529edbbb,a2c28eb4a55895e04b2e2e0b21f29232,delivered,2018-04-20 11:40:03,2018-04-25 03:51:29,2018-04-25 12:12:00,2018-05-02 18:08:25,2018-05-11 00:00:00
9e6fe339029ab5da038981a664daed02,d48bd10c0b0a05b1cc751f8894c32bcc,delivered,2018-01-09 18:48:22,2018-01-10 14:49:21,2018-01-11 21:39:03,2018-02-01 21:53:10,2018-02-02 00:00:00
d69c7c969d600368c5f533b188e402eb,f7591e0a88e56f0ae8d5e7329ec1fa71,delivered,2018-05-03 23:07:39,2018-05-05 03:10:29,2018-05-07 14:37:00,2018-05-28 17:43:03,2018-05-29 00:00:00
c367cabdade3f33ea6c9ffcb5878a356,7bd0b0240bb390c4fac14bf2802cbd69,delivered,2018-06-16 11:44:33,2018-06-16 12:00:24,2018-06-18 14:05:00,2018-06-28 19:36:52,2018-07-23 00:00:00
ce9924e409dde4b753e2893f0835ba62,34425af515e189a4aa18e67c29f44e38,delivered,2018-05-12 16:00:00,2018-05-15 04:35:00,2018-05-15 13:05:00,2018-05-21 23:16:45,2018-05-28 00:00:00
56c342adb8f074b20da098539a429d68,e481dbb0158aa5d89ece91768eb824f5,delivered,2018-08-07 09:01:15,2018-08-07 09:15:12,2018-08-07 12:56:00,2018-08-13 18:23:48,2018-08-20 00:00:00
9c0267b5762b2d323cb9685eed1d5cfa,66c15b77e666118d1fbbca1097c231b3,delivered,2018-04-17 09:58:46,2018-04-17 10:31:15,2018-04-18 21:50:54,2018-04-27 23:57:48,2018-05-11 00:00:00
8add64b3a0b9b64eba32b4274ca5fb8a,f488c8b5b5fd901ebbfc63b25c1e6162,delivered,2018-02-15 19:59:58,2018-02-15 20:10:25,2018-02-16 19:12:10,2018-02-27 23:21:42,2018-03-07 00:00:00
50b12be3bc56611c2bfcc398100bc07b,ecade4bf0c41319e2593fd5a10e7a5a1,delivered,2017-09-24 10:31:10,2017-09-24 11:03:36,2017-09-25 20:33:08,2017-10-02 22:07:39,2017-10-20 00:00:00
cc204c830046f86bf426b21e59e1e1da,e5c028d5061c588c7ab75a3b4fb9a69a,delivered,2018-01-22 13:26:44,2018-01-22 14:24:29,2018-01-23 18:33:52,2018-01-24 23:49:02,2018-02-06 00:00:00
81c8c50f5b81cee4d6dab16ff25f5884,08ae5f06d0fd2ab8acb2fd7263ac0c9d,delivered,2018-01-24 15:42:48,2018-01-24 15:58:11,2018-01-25 19:23:32,2018-01-31 15:58:12,2018-02-16 00:00:00
abdc9f9aa061ebb21dc2ff3e37000ea2,eea7a8672bb7ca8e500dc9d59b155d49,delivered,2018-03-02 15:27:34,2018-03-02 15:49:45,2018-03-06 01:58:39,2018-03-13 21:23:27,2018-03-26 00:00:00
0bbaf543aa84dd90baa21ed685d72605,aac099fe0a49d5c6bf65ca146a5df864,delivered,2017-11-05 14:18:00,2017-11-05 14:30:31,2017-11-07 19:06:34,2017-11-20 18:37:50,2017-11-28 00:00:00
9e6f9e919243ea6d70412f27d3e109f1,ae69b22e0c5f6e1327a91c284eb320c4,delivered,2018-03-09 23:16:28,2018-03-10 00:00:22,2018-03-19 22:58:52,2018-03-27 16:04:04,2018-04-12 00:00:00
b89f21041d3c9c9b84a3c6b65b7ffcdb,ef7d4b5c8d765528a471e7bfbf61c046,delivered,2018-02-26 15:50:21,2018-02-28 09:40:24,2018-03-02 18:12:14,2018-03-08 23:20:47,2018-03-19 00:00:00
9371281837c6362f41236d947e32710d,e8cf372c9434cdafa7390cf016302d74,delivered,2018-06-01 17:51:43,2018-06-01 18:11:14,2018-06-15 15:42:00,2018-06-20 14:18:54,2018-07-04 00:00:00
ef43d5664bd1ab24fd6b38b5a8ca3cf6,8d61ec6452053b7b174af0627f83d6ca,delivered,2017-11-21 23:07:23,2017-11-22 21:13:24,2017-11-28 13:21:27,2017-12-11 20:58:52,2017-12-08 00:00:00
39afaebde7eee782d3af7b62ead3e32d,b0568260a30c794a714aad19d7c887d6,delivered,2017-07-20 23:20:54,2017-07-20 23:35:20,2017-07-21 17:49:45,2017-07-28 18:55:51,2017-08-09 00:00:00
b9aa10598973e2e9a93a2922a2e17a43,5a462d8ff0df9dbdeb40c1298cdd7d6d,delivered,2018-02-02 21:18:08,2018-02-06 04:33:15,2018-02-07 20:33:07,2018-03-05 12:33:11,2018-03-08 00:00:00
dde57deff5c66be4e59c0da19696ea50,743033460f70e2683a86178ac4ef7351,delivered,2018-08-04 12:50:55,2018-08-04 13:05:14,2018-08-09 15:57:00,2018-08-20 14:18:56,2018-08-22 00:00:00
2c24e24f7dcf67f2f7d742eaab96d10e,26a47d0a1776a1260ce6e1c54c5c1b7c,delivered,2017-06-14 01:28:54,2017-06-14 01:42:37,2017-06-19 16:47:28,2017-06-21 20:35:48,2017-07-03 00:00:00
431a580839d1ebe61a5f614141596e60,7d9e3a7dceb52c6d24be927cedba83de,delivered,2017-06-01 16:08:01,2017-06-01 16:22:45,2017-06-02 14:04:05,2017-06-16 15:03:06,2017-06-30 00:00:00
718cb93721e3506215a31dae8d73074a,fb257c9f93cfef413f43afb0285a5819,delivered,2018-04-01 13:13:28,2018-04-01 13:30:13,2018-04-04 03:37:51,2018-04-24 19:42:42,2018-04-23 00:00:00
8b2747171304ba1b058713f5d64fc179,70fd1803205b1552d3a4ead3f6997b50,delivered,2018-02-16 20:24:06,2018-02-16 20:46:34,2018-02-20 15:37:54,2018-03-08 16:12:09,2018-03-15 00:00:00
741a069fc52eddb1d68654722abace52,f6ea5535ddd0dbbafb3da73cc293e392,delivered,2018-05-04 22:32:25,2018-05-04 22:53:42,2018-05-07 16:31:00,2018-05-16 17:22:42,2018-06-01 00:00:00
1c0ed0f1981e710449d7d5483d4ce8fe,68245dfbd8366b057c7abbd2cd1cecdd,delivered,2017-04-04 22:37:27,2017-04-06 02:50:24,2017-04-06 15:20:04,2017-04-13 14:32:34,2017-05-02 00:00:00
532ed5e14e24ae1f0d735b91524b98b9,4ef55bf80f711b372afebcb7c715344a,delivered,2018-05-18 10:25:53,2018-05-18 12:31:43,2018-05-23 14:05:00,2018-06-04 18:34:26,2018-06-07 00:00:00
68edca1fb518ddc5c9f8607eda598b58,d11000e29737a2d95309471c728f28cc,delivered,2018-08-16 22:31:19,2018-08-16 22:49:36,2018-08-17 15:41:00,2018-08-23 23:17:33,2018-08-30 00:00:00
aa0ad7208dfed775d5b4afb627cef397,1f13a041ac571f9f0499faff9b3875c2,delivered,2018-04-27 11:25:40,2018-04-27 11:52:08,2018-04-27 13:16:00,2018-04-30 19:42:08,2018-05-16 00:00:00
d2499c0f8dfc31c671a95be782256140,052bae46e09ab04f63c1c76c317be0c0,delivered,2017-11-20 14:14:01,2017-11-22 02:46:53,2017-11-22 17:39:07,2017-12-04 23:05:33,2017-12-14 00:00:00
6de5a0e5c8bf990d17c674d09fbaf1fb,aff2ea260ea09d68dc1ff576fa3738fa,delivered,2018-04-16 00:10:43,2018-04-17 00:11:49,2018-04-17 16:38:48,2018-04-23 23:18:34,2018-05-07 00:00:00
b3e77cf06c8d9e04fbbe2103aa4a7361,9bab43dad117cc83486b8026cb07317c,delivered,2018-04-25 10:36:53,2018-04-25 10:54:59,2018-04-25 13:38:00,2018-05-03 23:18:40,2018-06-05 00:00:00
42ae1967f68c90bb325783ac55d761ce,a7de5fdc43e51f84437e88b447da5fc2,delivered,2017-06-26 11:44:22,2017-06-26 11:55:25,2017-06-27 14:43:28,2017-07-02 11:37:22,2017-07-07 00:00:00
d178f14aa2410a12c09bfc8d10df51ad,be4b48d66cff1a9eaa83eaff55037d32,delivered,2018-01-03 07:47:45,2018-01-03 07:59:17,2018-01-03 17:32:53,2018-01-04 19:46:48,2018-01-26 00:00:00
b72a8622beb9d67af92564bfc0f39dc6,89269b0f9eb69a69021e34ede4483459,delivered,2017-12-14 08:59:42,2017-12-14 09:14:26,2017-12-15 17:43:02,2017-12-22 19:07:12,2018-01-03 00:00:00
3574fb0b39fffed3ab8ec66e6031b4a3,da6a0a54caaddc984f071918d9d30fb8,delivered,2018-02-18 13:59:04,2018-02-19 13:55:30,2018-02-21 21:22:15,2018-03-05 14:21:44,2018-03-13 00:00:00
7de03e8d15c7de252f740627b5f666a0,e0701a06701df9dcd6281071f33893e5,delivered,2017-07-26 15:19:37,2017-07-26 15:30:21,2017-07-27 17:39:42,2017-08-01 17:12:53,2017-08-15 00:00:00
9f4192784e044f54470b120662dfceae,7ccbf002a55b2816fc126cabf1c07987,delivered,2018-01-19 14:54:32,2018-01-19 15:12:59,2018-01-22 17:29:12,2018-01-25 16:58:47,2018-02-05 00:00:00
19d9d8655f9dc49d4a10954a7cee5bbc,b3c56127c49edf102af3ed7a80e74e84,delivered,2018-02-03 17:08:22,2018-02-03 17:30:03,2018-02-09 19:26:26,2018-03-06 07:14:36,2018-03-13 00:00:00
cc56a1a4acaf02f1c4732ca37b83ca9c,84e85061282f013a94d02fd9341bf527,delivered,2018-05-30 14:53:39,2018-05-31 03:35:47,2018-06-04 14:50:00,2018-06-06 18:28:35,2018-06-28 00:00:00
f7744593a02c3abf24ba7f017085c692,5964ccbc6b809c485a389c3663fa95e7,delivered,2018-03-08 18:05:20,2018-03-08 18:29:48,2018-03-13 23:16:28,2018-03-16 17:12:19,2018-04-10 00:00:00
4ca85f4678311f4f2ef6f29382fb7e65,fa822f9b627ee0d914a97ae7bfc3a1e6,delivered,2018-03-17 18:03:26,2018-03-17 18:15:30,2018-03-21 16:22:53,2018-04-05 23:18:24,2018-04-06 00:00:00
a5b431090739891ac76875d9ad9bff23,b769ee1c67d0e4f3c5b0abe1a1b958d4,delivered,2017-02-20 19:21:23,2017-02-20 19:35:09,2017-02-22 10:02:03,2017-02-24 08:08:06,2017-03-17 00:00:00
d8383347058bc8ff0edb2af23159641d,8653c76ecb6f3c713fc5fa756a7292ae,delivered,2018-03-20 13:07:50,2018-03-20 13:28:19,2018-03-22 20:31:13,2018-03-26 15:18:58,2018-04-23 00:00:00
48b760fc197c55acb4437518587e75ca,59e7ef2706c9ab5445958eaeab4246dd,delivered,2017-08-23 13:46:47,2017-08-23 14:36:32,2017-08-23 19:39:50,2017-08-30 18:58:13,2017-09-26 00:00:00
de94ca254bf9b37529386b685e498cdb,2dc08ea6c3c630859c8b7a3e13aa2b2b,delivered,2018-06-13 21:07:05,2018-06-13 21:37:44,2018-06-14 14:53:00,2018-06-21 18:54:27,2018-07-17 00:00:00
2e238e6200c0ad4183d34d99feac7321,84951734dd4aaf070bc468a035ccd794,delivered,2018-07-05 23:14:04,2018-07-07 04:48:30,2018-07-10 11:58:00,2018-07-11 21:55:32,2018-07-19 00:00:00
182603ac5f9e38b3108c8800a46406fc,cc1270d9df7e21475cff6a853c440e56,delivered,2017-11-21 23:23:27,2017-11-21 23:35:20,2017-11-23 13:42:41,2017-11-24 19:54:38,2017-12-07 00:00:00
89d0eb869dcc92ab2efe63169f5b65ce,f4769d117ddc1a77fac0bca65513614f,delivered,2018-04-18 10:52:22,2018-04-19 02:32:12,2018-04-24 09:51:36,2018-04-25 18:58:35,2018-05-04 00:00:00
227fa80844be0bd82d292dbfcb79dfe4,d67e9d887acaa9d486406b55332f1f70,delivered,2017-10-17 12:02:37,2017-10-18 03:06:19,2017-10-18 21:47:57,2017-10-19 21:35:24,2017-10-27 00:00:00
4506b1cbdeeb686eb19dd753a7a645ee,9fdf5a99891afb49c3d3abac0ca84adc,delivered,2018-08-07 13:57:31,2018-08-07 14:10:25,2018-08-08 13:52:00,2018-08-10 15:57:36,2018-08-15 00:00:00
3584549de22afd14085bbe571f04b456,6ac5d6f73012a423df8bf05e5eeecdf2,delivered,2017-06-18 14:40:55,2017-06-18 14:50:19,2017-06-19 16:07:59,2017-06-26 14:52:34,2017-07-07 00:00:00
10d6e6ff69ff215144be63f043568409,698ce68fcad36a397cc2bc59c4ed7369,delivered,2018-04-25 14:50:03,2018-04-26 07:11:41,2018-04-26 10:46:00,2018-05-04 11:23:00,2018-05-23 00:00:00
7caa123a15b319b74f7eb837012a8606,ad2d9edaf62f53df9a1a862ea02e3d93,delivered,2018-03-21 11:21:53,2018-03-21 11:35:26,2018-03-21 20:51:39,2018-04-05 20:08:43,2018-04-10 00:00:00
f3ab2cdf3ea55d54d480a91a967bb501,976382878bacda15dea36ccd2bfecd54,delivered,2018-08-12 12:57:32,2018-08-12 13:05:12,2018-08-13 12:04:00,2018-08-14 19:11:44,2018-08-20 00:00:00
5188f7ae18cdf7538841648a7e49bbbf,0be3b3c1bd5eb9d58a57b0bda7d72ec2,delivered,2017-09-14 11:16:49,2017-09-14 11:30:14,2017-09-14 18:22:15,2017-10-13 20:52:37,2017-10-06 00:00:00
fca08869e5ebde633b5183dfdbc8e1be,3abe005e945a20bc0eb53214c15bd8a1,delivered,2018-07-09 11:28:58,2018-07-09 11:45:13,2018-07-10 14:54:00,2018-07-12 23:15:34,2018-07-26 00:00:00
7004296aa0256632eaddc171edaf727f,3a7856f2a103364d279de7f72e18b7c4,delivered,2017-01-05 13:31:22,2017-01-07 03:44:29,2017-01-11 15:35:53,2017-01-16 16:05:21,2017-02-01 00:00:00
101d0c9df867a5f28ff3af69bb2a13d7,a710d6093cd4fcc25118db94fca740f2,delivered,2018-05-27 11:00:52,2018-05-27 11:36:01,2018-05-28 13:50:00,2018-05-30 15:48:58,2018-06-20 00:00:00
f5f3d42a187a504d4c574ba759ef3dbd,8dcd5de336c4e2f3696512b107ccdb12,delivered,2017-10-03 14:44:56,2017-10-05 02:49:21,2017-10-06 22:44:56,2017-10-11 19:07:45,2017-11-01 00:00:00
f93bdede82a36c75fddda9a509f2298b,c49045560f1f4c67e46520a8098e7492,delivered,2018-02-25 19:36:59,2018-02-25 21:00:20,2018-02-27 09:39:03,2018-04-29 21:48:58,2018-03-22 00:00:00
406c8182de18b2d9a20676f34b35ca6b,588fe1b8e94c0e3d692b360864bdbf75,delivered,2017-11-26 10:27:13,2017-11-26 10:36:05,2017-11-27 18:57:09,2017-12-11 15:10:26,2017-12-20 00:00:00
aa6bd33ba1853d846d3085a88ae37083,4f061e67c05a2736e7c07286ff3fa787,delivered,2018-08-10 21:36:37,2018-08-10 21:50:23,2018-08-13 15:18:00,2018-08-17 17:04:32,2018-08-23 00:00:00
6e5042f4099dedf7cc921269ffa0beac,986f579e98bbb0ae992a7263a1196d46,delivered,2018-08-22 00:03:22,2018-08-23 11:46:01,2018-08-27 14:42:00,2018-08-28 15:26:55,2018-08-28 00:00:00
d8aa6831ce562b75f8b1974395f3eb1d,8a0db2c14abe657a553f35959fdacbcc,delivered,2017-07-11 22:07:14,2017-07-12 00:45:17,2017-07-12 18:13:02,2017-08-08 15:26:04,2017-08-14 00:00:00
ca2e7093f56203c8fb07cc9c6590461d,57afd7dfb4e09c3321ba9be9f59d5102,delivered,2018-07-28 18:07:35,2018-07-28 18:24:12,2018-07-30 10:07:00,2018-08-03 21:26:49,2018-08-16 00:00:00
ee55d5ed8f8d07169b07321887d45eb9,f5f1a45652ef8956d1d63b7e39db3170,delivered,2018-04-08 20:08:47,2018-04-08 20:29:52,2018-04-10 19:19:09,2018-04-13 20:49:24,2018-04-30 00:00:00
8b2fb881ec8d04ffa5bc7a27833ad984,a5d4658c9339e6f25f8f2e7d9b5cbc24,delivered,2017-03-14 12:58:42,2017-03-14 12:58:42,2017-03-16 16:21:39,2017-03-21 09:25:00,2017-04-07 00:00:00
71148ac51efd65a856dbae23d6c5d0ea,ec9e2518c548afaa647355653f2f3f63,delivered,2017-09-15 20:58:34,2017-09-15 21:10:13,2017-09-20 18:51:53,2017-09-27 19:30:06,2017-10-03 00:00:00
27932651c2f4be4f8c84d53c8f27ee8c,828e90e7e1e22b6152b6b1c07ae4e518,delivered,2017-06-05 10:05:05,2017-06-05 10:15:23,2017-06-05 11:46:41,2017-06-14 12:16:41,2017-07-06 00:00:00
c27a115ea191ed9bad73dac2e0ce82bd,4cf5f0dfd3a202391d614d12d82d03ee,shipped,2017-04-19 12:17:30,2017-04-19 13:06:27,2017-04-19 14:56:02,,2017-05-11 00:00:00
c80e1c66163d4be1d052bd1788ace266,f6568bb3340cc8cd3d1c12eff4877891,delivered,2018-02-22 16:21:02,2018-02-22 16:35:28,2018-02-26 21:16:53,2018-03-13 17:49:44,2018-03-16 00:00:00
38dbe4fdcf6a44293b34ef7df983dd8d,0148732a691a6f017cca48bbffdb172f,delivered,2018-05-09 22:30:42,2018-05-09 22:53:43,2018-05-10 12:18:00,2018-05-15 19:51:57,2018-06-12 00:00:00
ae24b4bd36760cf8c026d52448d408f1,e17f21a7f5dfaa820286567ccd5c96be,delivered,2018-06-20 18:39:47,2018-06-20 19:00:42,2018-06-21 12:46:00,2018-06-27 11:52:00,2018-07-20 00:00:00
9dcd79fc27cfb2b56c614e91db69942a,6d9589fb7f441f2d354986ff1180c76e,delivered,2018-02-09 16:30:43,2018-02-09 16:50:06,2018-02-15 16:37:25,2018-02-26 20:48:51,2018-03-08 00:00:00
67604c69e12e3ff76b5a2379ba3abc51,3e4f8cbda256cae7b9772c5bbf951c34,delivered,2018-03-19 16:21:13,2018-03-20 03:50:30,2018-03-20 21:55:44,2018-04-04 20:22:36,2018-04-11 00:00:00
1cfce7466cb5b7c473426907c2cb148f,bfa1c30e404361ba4414a3c628341ba0,delivered,2017-11-29 14:06:39,2017-12-01 11:31:39,2017-12-15 00:24:49,2017-12-19 18:19:32,2018-01-02 00:00:00
85415bb7b40d0a71544ed9d6dc1d9d02,d0ed3026781ea98675bee30e3242bc9f,delivered,2017-07-17 19:13:02,2017-07-17 19:25:12,2017-07-18 20:15:53,2017-07-24 19:11:41,2017-08-08 00:00:00
79da3f5fe31ad1e454f06f95dc032ad5,7eefe1898dff66fa3b252fda68ff2ff2,delivered,2018-06-05 17:00:04,2018-06-05 17:15:45,2018-06-07 12:11:00,2018-06-13 18:05:05,2018-07-12 00:00:00
c0c2ece9e641c6fc11690ceafbc7469e,f1582c8c1c74eb4d57a2485b3e6efc51,delivered,2018-08-15 11:37:45,2018-08-16 18:30:10,2018-08-23 14:33:00,2018-08-27 21:07:51,2018-08-30 00:00:00
9a8825873c922111dc5beea1c27c2eea,17e3d3451874e15d619935aeed0182f6,delivered,2018-02-06 09:26:54,2018-02-06 09:35:37,2018-02-14 22:16:36,2018-02-17 11:51:49,2018-02-22 00:00:00
de951feb6c754b2c61f0ed3c66569f4a,99ef3b28b2ab64bf0a00c2a5c9bafadd,delivered,2017-09-09 21:01:34,2017-09-11 08:25:29,2017-09-22 19:28:03,2017-09-25 12:54:48,2017-10-02 00:00:00
5e7715473075848a1953230996ea3b3d,b08c2a9e3021776272b765210816f89a,delivered,2017-12-26 20:58:37,2017-12-26 21:09:26,2017-12-27 20:51:16,2018-01-06 12:18:52,2018-01-24 00:00:00
dfd392778e7a38df71de5abb039ed533,7dae2ffd13cb0f5596c2346fa7540796,delivered,2018-08-08 17:27:37,2018-08-08 17:45:05,2018-08-09 10:27:00,2018-08-21 22:11:49,2018-08-16 00:00:00
598805fcb7c6ca48181f09bc0b15a6cf,743d09c3410c2e7088407bbbe9765333,delivered,2018-02-09 09:57:11,2018-02-09 10:14:42,2018-02-16 18:42:55,2018-03-07 22:39:13,2018-03-08 00:00:00
e31d53f30f45a0aa76551abf55d14cae,dcd17fee6fbe550c0c9662308ef4d69c,delivered,2017-06-10 01:21:18,2017-06-10 01:42:44,2017-06-13 15:44:14,2017-07-03 11:25:36,2017-07-05 00:00:00
272e6f76eb38eeae926978ca915c5758,47f94098dc1adc156b6dcf02d3524a0c,delivered,2017-05-05 16:46:55,2017-05-05 16:55:16,2017-05-09 15:10:17,2017-05-29 13:47:45,2017-05-31 00:00:00
f97a4a857b9a91dd1e7989becaed02ea,8aba041e11a46d24fa2c97001444b8c9,delivered,2018-08-07 17:27:03,2018-08-08 03:10:21,2018-08-08 15:33:00,2018-08-14 21:28:41,2018-08-16 00:00:00
dc17a6461db14f3625728b10493ef332,8b446468b342f514b8dc401c8041cb6e,delivered,2018-07-15 23:07:38,2018-07-15 23:24:02,2018-07-16 15:32:00,2018-08-15 17:41:09,2018-07-24 00:00:00
07e2a9d486a8394f2700230396e8d5f0,0d0a49286a8610cff0b0ca481ac5d14b,delivered,2018-02-17 22:29:16,2018-02-17 22:46:57,2018-02-26 11:49:00,2018-04-02 22:32:10,2018-03-23 00:00:00
9ffbf165bfd976933256254ac8d7bb36,b743e951a7b32483ecc00e7b465b3335,delivered,2017-09-05 13:42:52,2017-09-06 02:55:44,2017-09-08 19:45:38,2017-09-11 22:43:01,2017-09-18 00:00:00
81277706855c514ff89aaaf67d45db24,4c48be8f6a938ef775ba2c4b4ecb64e1,delivered,2018-05-09 11:29:02,2018-05-09 11:51:21,2018-05-10 11:11:00,2018-05-17 14:04:27,2018-05-24 00:00:00
3f1a7cead33aa1b0af3f491ed618c946,c50ab133267839fbc99dd43faa20652d,delivered,2018-03-09 20:41:20,2018-03-09 20:56:11,2018-03-12 19:03:26,2018-03-26 19:51:16,2018-04-11 00:00:00
3dc9c05311ae7af444e03d31455642a7,2919f0d73e4f71a70056dfeac8b81278,delivered,2017-11-18 11:27:21,2017-11-22 02:39:40,2017-11-22 21:38:47,2017-11-29 23:52:53,2017-12-07 00:00:00
315c80dae5ee1a5febcce0b470a821a1,77713297dac60745b16c9a5e88c6eadb,delivered,2017-07-18 08:50:37,2017-07-19 04:03:59,2017-07-20 11:32:47,2017-08-04 16:11:53,2017-08-17 00:00:00
2471792dd93b34ffd37de5cdd632bf6e,d4e5076a5e782394e114161f444de088,delivered,2018-03-04 17:37:01,2018-03-04 17:50:25,2018-03-05 19:12:27,2018-04-03 21:58:27,2018-03-26 00:00:00
44a36c78aa2626a8bdd0bc7f18c821a4,0c95f1404cdef95cb34818ac3c9bf02e,delivered,2018-08-20 20:31:00,2018-08-21 04:10:14,2018-08-21 14:00:00,2018-08-27 17:30:23,2018-09-05 00:00:00
e7fbf44c317d9ac6b87b0330fed92f1b,6725a79a0ae85fed5b3a06610875fdf9,delivered,2017-08-15 20:44:02,2017-08-22 08:45:24,2017-08-23 14:45:05,2017-08-31 20:06:48,2017-09-19 00:00:00
fd1ddfeca967b94315642dfe5c7545f7,3a38b933c499fe2100b9b58a272cf9f8,delivered,2017-12-05 22:06:07,2017-12-07 22:10:32,2017-12-11 16:58:57,2018-01-22 13:44:54,2018-01-03 00:00:00
47cb4463bc05e404b98e743111a61378,a736f51ad0f016c8bdaacb9f62024424,delivered,2018-05-27 18:02:10,2018-05-27 18:15:15,2018-05-28 15:16:00,2018-06-11 19:31:34,2018-07-16 00:00:00
421f045237031e75f1def0c197c2a055,adc1b3424527ede1a4cb2a972527bc17,delivered,2018-04-29 18:19:09,2018-04-29 18:35:14,2018-05-03 11:09:00,2018-05-16 18:52:38,2018-06-07 00:00:00
ffde92ba447b33a47d1c04d203f10f41,502b5f99cc5ae83a33d23ec900e76a3d,delivered,2017-11-24 12:12:36,2017-11-24 14:13:18,2017-11-27 17:49:45,2017-12-05 17:56:55,2017-12-19 00:00:00
f204f70875d6c6b3ef8858487847fec4,e8197f1806f51f75f725632fe03007fc,delivered,2017-06-04 15:51:15,2017-06-04 17:05:09,2017-06-05 13:45:27,2017-06-14 18:28:02,2017-06-28 00:00:00
5ca6e3104943fbdece60227010cfd979,f7a330ac2902c08029c8d657193a1e5f,delivered,2018-05-02 13:36:30,2018-05-02 15:00:20,2018-05-03 13:24:00,2018-05-07 18:05:33,2018-05-22 00:00:00
017c9c82265e832840e4209750680e94,1ff23faa252154298c3e52a1e36c1cda,shipped,2018-03-05 18:13:17,2018-03-05 19:00:26,2018-03-08 01:26:56,,2018-03-26 00:00:00
d1322489f9218946b75ab9822e92157c,e039f33d0ff33668abede4459ebd395a,delivered,2018-05-01 18:57:18,2018-05-01 19:13:21,2018-05-02 15:15:00,2018-06-08 18:12:37,2018-06-07 00:00:00
324cf506bc49ac084606d586928ed389,791fffae1e2c666934af4ee21b790c0f,delivered,2017-09-20 17:18:51,2017-09-20 17:30:19,2017-09-22 17:57:34,2017-09-25 15:24:05,2017-10-16 00:00:00
7c204785100c09c72acb28ef9a1f2fe2,d8997170c547894068db41c30a3c574c,delivered,2018-06-14 10:45:17,2018-06-14 11:01:45,2018-06-20 17:36:00,2018-06-21 19:26:31,2018-07-04 00:00:00
322d561e43a3a0c5887b628a62cb69ab,bfc7e980a1b6d2e84bc6f304cfe3846f,delivered,2017-06-05 15:09:50,2017-06-06 15:15:10,2017-06-07 09:44:56,2017-06-13 11:19:50,2017-06-26 00:00:00
cb478ef8997c7e80eaf0bae4ccc02a6d,0f9a2e9dec451653a871da887dd6dd60,delivered,2017-11-27 21:00:14,2017-11-29 20:58:16,2017-12-05 02:49:50,2017-12-27 16:59:27,2017-12-26 00:00:00
444526825b5ea49c9405bd0d08fb8548,c04c34ebf85dbdc5d2d0054593e34bd8,delivered,2018-04-07 01:12:14,2018-04-07 01:28:13,2018-04-12 20:01:58,2018-04-17 17:09:01,2018-04-30 00:00:00
c79d89949e9c0c15257737ad928cd954,d6b45c7425b731223ebf03dd02b117a4,delivered,2018-06-07 17:50:53,2018-06-07 18:17:47,2018-06-08 10:33:00,2018-06-11 14:42:00,2018-06-25 00:00:00
6a6aab31a11f630e4907ec3bb0ac8958,586068537ced131bb1950d007e218c6f,delivered,2017-03-27 10:02:36,2017-03-28 03:45:10,2017-03-28 18:39:47,2017-04-12 15:14:31,2017-04-20 00:00:00
4171f8b589ce09c1ea19d8d625777989,3a80ca7483f8a0ac22a0e77a05973835,delivered,2017-04-26 07:45:00,2017-04-27 13:10:22,2017-05-03 15:37:33,2017-05-08 08:13:08,2017-05-16 00:00:00
5e0de5e6b42042ea6e00e3d07d4aef84,282cb5fd8f77b5adc7a04bbf77f8ae52,delivered,2017-11-25 00:54:17,2017-11-25 03:32:49,2017-11-30 00:36:53,2018-01-10 20:48:57,2017-12-20 00:00:00
68709f86fb9eba39721082ba8fcb7047,62eaff9c562f9d1b880ecb6be6054df7,delivered,2018-07-31 09:21:47,2018-07-31 09:35:18,2018-08-01 13:36:00,2018-08-09 02:16:35,2018-08-29 00:00:00
c4e980a1d822db426982878b3cfdda6e,88dc22aad9cf20898eb3780977173dc5,invoiced,2016-10-08 22:06:28,2016-10-09 15:15:10,,,2016-12-12 00:00:00
7713ab7b0cf6f5db39f126a99108de93,bd6500bb5d8bccf769477a7c5a0e67aa,delivered,2017-07-25 20:32:11,2017-07-27 11:15:16,2017-07-31 20:41:48,2017-08-21 15:09:41,2017-08-14 00:00:00
2645613a9e103fee7499d4f4016b9586,c769d261fe94fe9791db6a2ec569efd9,delivered,2018-06-01 00:39:55,2018-06-01 02:33:09,2018-06-01 14:33:00,2018-06-11 17:12:09,2018-07-04 00:00:00
4759a81f4e1a2f8f8a7fba72b1f29868,b6beb62d4844f17d1ef703d4e2e62a19,delivered,2017-12-06 11:18:55,2017-12-08 02:53:59,2017-12-13 16:28:35,2017-12-28 21:42:42,2017-12-29 00:00:00
88f183200120ee67658ffac046c2c078,d47b24ad0d00bb48276d1d0052a3dd3a,delivered,2018-05-21 11:36:47,2018-05-21 15:32:07,2018-05-25 14:03:00,2018-05-28 19:12:16,2018-06-06 00:00:00
abefedeaf61ad043302fe9d2837a9772,379f4366f5dab3fe232d02b8432360dc,delivered,2017-09-13 00:57:15,2017-09-14 01:05:42,2017-09-14 14:13:16,2017-09-22 15:20:32,2017-10-10 00:00:00
e3de39662852f46570f6ce5954866852,a163d651dedef4b747c9a5414d0bf6a3,delivered,2017-06-15 19:34:02,2017-06-15 19:45:12,2017-06-19 15:54:44,2017-06-22 14:28:45,2017-07-11 00:00:00
f24add37cc5868bcd2ffd5ba3c3715bc,05c225ea6a3c4ffe071654a922b0ec72,delivered,2018-05-20 20:40:54,2018-05-20 21:01:20,2018-05-23 14:05:00,2018-06-14 18:51:09,2018-06-05 00:00:00
14fa2006700382da7fdadaaf439c2840,e5e7d7273d1c70dff72674476e9492d4,delivered,2018-05-16 07:43:42,2018-05-17 02:15:28,2018-05-17 14:23:00,2018-06-05 20:18:50,2018-06-11 00:00:00
c5db0e83090bb51a4e80f3b323bdd9aa,65e05ae6ef38abca0b07edc37af14cbb,delivered,2018-08-04 17:45:51,2018-08-05 17:44:13,2018-08-06 15:13:00,2018-08-13 23:22:35,2018-08-14 00:00:00
c7fbf4fec3e516001a347b5b186d804a,e92d14ccc82701f029cb7e4da504eea2,delivered,2017-04-27 09:44:17,2017-04-27 10:03:07,2017-05-03 15:19:54,2017-05-15 10:56:32,2017-05-29 00:00:00
99d631c1611f52df83ba482fecde677a,d5143d9dd8fc114605c82fb8cb937361,delivered,2018-05-08 08:16:02,2018-05-08 08:30:10,2018-05-08 13:04:00,2018-05-15 12:07:00,2018-05-29 00:00:00
9b0159dd88a0319b71984d8d973472c2,da631d8690cf9ef15f9e3c113fb40fad,delivered,2018-08-06 20:01:30,2018-08-06 20:15:18,2018-08-07 14:00:00,2018-08-20 20:24:36,2018-09-03 00:00:00
693c2eee6fe7bb8843444fd444192659,c304cdcc07c5207c49126628cb358dc5,delivered,2017-12-17 18:40:32,2017-12-17 19:54:02,2017-12-18 20:03:11,2018-01-09 13:27:58,2018-01-11 00:00:00
1a82675c731e609f7adc4c93898a6321,e0e0469747218021e8f9b9a240ebb93e,delivered,2018-01-31 19:20:31,2018-01-31 19:30:47,2018-02-05 19:24:29,2018-02-08 20:58:57,2018-02-22 00:00:00
8b9fde773dec0dfd4be4beaa1ada46bf,423965f22b33357d0524d6942429cb0a,delivered,2017-05-09 17:16:41,2017-05-09 17:25:16,2017-05-16 11:26:50,2017-05-22 10:24:32,2017-05-17 00:00:00
9573457d2b8a69c0136508b580c7f1d3,ddeefd33f4b6428f43b0d522bee1696a,delivered,2017-12-01 21:15:54,2017-12-01 21:32:36,2017-12-04 18:12:19,2017-12-16 18:32:54,2018-01-03 00:00:00
22d58ab98a59a304fd61d116c625ec4a,e5b962ced77fc6700e93d437f45f4916,delivered,2017-10-27 12:48:53,2017-10-27 13:07:57,2017-10-28 00:47:42,2017-11-07 15:51:40,2017-11-23 00:00:00
874ebca0220c7586ef0eaf166bb83ea5,b28a014f45c0c421660918418a592cb7,delivered,2017-11-11 23:20:20,2017-11-11 23:30:38,2017-11-21 14:38:47,2017-12-09 17:42:27,2017-12-01 00:00:00
f495e955026183e7f6bbb3dac79b88e6,89f482330f47b52829093078d2d0aa92,delivered,2017-10-04 16:18:22,2017-10-04 16:35:24,2017-10-05 18:18:41,2017-10-13 23:52:26,2017-10-30 00:00:00
9c03be1087488bc61d88e75ede43d760,d8051e98cd49dacd880f4791189cd68b,delivered,2018-06-25 14:47:23,2018-06-25 15:18:24,2018-06-26 19:10:00,2018-06-27 14:51:11,2018-07-05 00:00:00
5c52bc8eeaca96c7b9ed2d47db358f43,7c95f786dfd0d418107a4c735f494e74,delivered,2018-08-07 11:21:27,2018-08-07 11:35:24,2018-08-07 15:13:00,2018-08-10 13:51:38,2018-08-28 00:00:00
a5ce51395d295fe2c816182f79c81866,389aaa3d9c15ccb07e3b2185c4a8273c,delivered,2018-08-06 23:48:28,2018-08-07 00:44:43,2018-08-10 19:12:00,2018-08-13 23:54:24,2018-08-09 00:00:00
ef82fc4c2d59e67b942de26791b617c9,b95d6599ce932fd42d83dc05faa50890,delivered,2017-09-22 06:08:45,2017-09-22 06:25:06,2017-09-25 15:58:13,2017-09-28 20:00:14,2017-10-20 00:00:00
05f5cfec67106e59d6280f62c4792d25,dae09add1fb0749dd2deb3555fb5ff52,delivered,2018-07-26 10:20:44,2018-07-26 10:35:16,2018-07-26 15:31:00,2018-07-30 20:32:15,2018-08-10 00:00:00
bff822e4659dd79ec5614a036a1e1b39,5f7891c8cd89880d1e0f6d2e8c66511a,delivered,2018-01-22 13:56:30,2018-01-22 14:32:53,2018-01-23 16:33:45,2018-01-29 20:21:49,2018-02-14 00:00:00
3e1ebea7add1c3a997a1a635b4978886,3298ab6fddfdd074bfc8d7e1f7f3da95,delivered,2017-04-05 01:12:35,2017-04-05 01:22:46,2017-04-05 13:34:53,2017-04-11 16:56:01,2017-05-03 00:00:00
8864a2d847bb201242e03cab4d54994c,2a0e37eeb82fffc259b9af79710fca97,delivered,2018-07-22 10:01:57,2018-07-23 11:32:10,2018-07-27 15:38:00,2018-08-01 20:27:08,2018-08-24 00:00:00
7d65ecd2eaff130dfa5beaec6aeb82d5,969bfe4cf327c55f3dedaf7ba053a310,delivered,2018-08-25 11:42:43,2018-08-25 11:55:11,2018-08-27 12:47:00,2018-08-30 20:49:55,2018-09-06 00:00:00
536f87431ee4a19ed39a8c419a4c5692,afd7ea9982d46a2379b043eaf99e3020,delivered,2017-08-07 16:18:34,2017-08-09 12:30:12,2017-08-09 20:09:52,2017-08-23 20:56:57,2017-08-31 00:00:00
c814416959bc909443b01caa4491593b,285760c6e34d73059a74585e3385c2d5,delivered,2017-06-01 08:17:13,2017-06-02 04:23:25,2017-06-02 14:17:48,2017-06-12 10:39:39,2017-07-10 00:00:00
ec3921c711c656d036c7316503867f69,0f3283b611e62dd24cc7877208ed3ca5,delivered,2017-02-28 19:50:36,2017-02-28 20:05:16,2017-03-02 06:57:29,2017-03-23 05:53:52,2017-03-27 00:00:00
2992972c3d2aff1e457a1b320c51e278,26274565e2cd51d9125dbc6569713355,delivered,2017-10-07 21:25:21,2017-10-07 21:44:31,2017-10-09 15:48:42,2017-10-14 00:12:06,2017-11-06 00:00:00
3e08eeb1c28dd17c084f4c0924104e20,efc57cff69d445d8be23b08e9da0b117,delivered,2018-07-04 01:10:05,2018-07-05 16:12:11,2018-07-04 10:13:00,2018-07-09 13:34:33,2018-07-24 00:00:00
4ec97b4065c679e4f09cc6eb9110045d,6a4dfc750d0362580e718a18e4039042,delivered,2017-06-30 14:56:23,2017-06-30 15:10:14,2017-07-06 13:52:55,2017-07-11 16:41:50,2017-07-24 00:00:00
c95614cc539582d4d37f7effd5aa7375,636ef8f8228cea2700e6fea673379421,delivered,2018-03-05 18:22:49,2018-03-07 03:20:36,2018-03-08 18:09:29,2018-03-29 13:07:50,2018-04-04 00:00:00
12231ecac809d329ff8a11fe2264697a,0edb1a9da9bdabaccde9a0551d8a56b7,delivered,2018-01-29 16:47:32,2018-01-31 13:32:28,2018-01-31 23:22:01,2018-02-02 23:57:10,2018-02-14 00:00:00
796033ffde6ba06e0abe387e36ee8fe0,62d3c457010afc957d955568318e6d78,delivered,2018-08-26 14:17:08,2018-08-26 14:25:15,2018-08-27 07:45:00,2018-08-29 18:48:44,2018-09-11 00:00:00
b058d10cd1c5819182e6071160eb23a0,d87f79130c738e4ef767863dde2fe283,delivered,2018-08-07 14:48:36,2018-08-07 15:05:20,2018-08-09 11:46:00,2018-08-13 16:57:05,2018-09-03 00:00:00
623a8e9b048078646d4f089d9a89acc6,72fc409d07e7a53e2bbde25b6520e178,delivered,2017-07-11 14:17:47,2017-07-11 14:30:18,2017-07-13 20:35:55,2017-07-27 20:33:46,2017-08-14 00:00:00
96874d51b07a419abc3260ea8e854fbc,271132bde8869ff73d30c2a9866aa824,delivered,2017-12-23 21:17:29,2017-12-23 21:30:03,2017-12-26 18:23:37,2018-01-05 00:33:17,2018-01-29 00:00:00
f199cd14cb3f15b4b30dd5b94dcb7cc1,f5db449b110e71d49c2d70fafdb26f36,delivered,2017-05-12 12:50:18,2017-05-12 13:11:02,2017-05-16 08:47:30,2017-05-22 12:03:03,2017-06-13 00:00:00
996316cf1b7d0bf4a95a9b5f81d7f22a,6db0a04691d445170c02d01966e8b083,unavailable,2017-09-25 21:50:25,2017-09-27 02:49:19,,,2017-10-10 00:00:00
b8356a9fd88d4ba362d50916835b033b,15358fde2314a46dd5ef643d81a88874,delivered,2017-11-15 19:51:30,2017-11-15 20:06:18,2017-11-21 20:45:51,2017-11-27 17:43:13,2017-12-13 00:00:00
84fb07b1184d14c73d4062470315b61b,b2d6caa5f3a72fa199a4815a4678c82a,delivered,2017-10-29 20:47:06,2017-10-29 21:04:56,2017-10-31 15:12:18,2017-11-01 21:32:57,2017-11-10 00:00:00
0756c3213eb9155bc1209caced66eb82,57aea3c0424ba421f4a819dbdd9fcb33,delivered,2017-12-21 23:01:24,2017-12-22 16:31:18,2017-12-27 17:58:14,2018-01-10 23:19:37,2018-01-23 00:00:00
bb035502fccf4c1225de9b023182a395,6309cfc30384e5a0002a9f1d3261cfb5,delivered,2017-12-05 11:40:04,2017-12-05 11:58:22,2017-12-06 22:00:03,2017-12-15 12:39:02,2018-01-03 00:00:00
155ae5022b395750b8b77ba1b6e99242,c4e9cde9ba2d7432bacf81d6b008ef78,delivered,2017-11-12 20:45:47,2017-11-13 08:30:28,2017-11-16 12:48:54,2017-11-17 17:32:29,2017-11-27 00:00:00
df3960b25c473ba593162240539f09cf,2f2e1f67c6b000fb99d28c5cfb79958f,delivered,2017-04-11 16:05:15,2017-04-11 16:15:12,2017-04-12 12:37:00,2017-04-18 13:20:33,2017-05-04 00:00:00
9edba4db56f4797983bd410419163414,cc932803d89b596be60618968c4cf2f7,delivered,2017-11-27 12:25:21,2017-11-27 12:35:03,2017-11-29 18:02:14,2017-11-30 22:03:56,2017-12-11 00:00:00
06588330ec63ae7132289b092c148ec8,7c8e2ee21d1aad5b2c33ee153b31192f,delivered,2018-01-23 18:28:59,2018-01-23 18:39:26,2018-01-24 22:13:00,2018-01-31 16:12:15,2018-02-20 00:00:00
3b6521c57fb29190883e68aaccc86cde,f42ccd297946628a53e061e56e6ae0ae,delivered,2017-12-13 17:49:36,2017-12-13 17:59:24,2017-12-16 00:35:12,2018-01-03 22:44:43,2018-01-23 00:00:00
d48c5a8ece8e3482630f42983dce073a,ab7d332dd43e59effe9d3880a1952cc0,delivered,2018-05-26 09:47:39,2018-05-26 10:19:09,2018-05-29 12:18:00,2018-06-21 21:39:02,2018-07-11 00:00:00
6dbcce18ba1c717a5f29d192415872ea,08e744cde3be00633719f04923825035,delivered,2018-01-08 16:17:29,2018-01-08 16:30:27,2018-01-12 22:05:30,2018-01-16 17:08:11,2018-02-06 00:00:00
634d0a0f8ec5eb8078eb64340dcd355b,1628f353cb4fee7be799eaae47575ed0,delivered,2017-10-30 20:22:33,2017-10-30 21:31:33,2017-10-31 20:38:39,2017-11-01 16:47:49,2017-11-07 00:00:00
1f631e0e2cea6a8604ce260aa970bb09,b2a819daa05de0f9eef4a08c85f0079f,delivered,2017-12-23 13:37:28,2017-12-23 13:50:39,2017-12-26 18:22:36,2018-01-12 22:33:34,2018-01-26 00:00:00
ef49c2479f411ef5d3b616443f51d62f,23e5941e6b3f8fc50b09b6a1d453fafa,delivered,2018-05-10 17:48:44,2018-05-10 18:17:56,2018-05-11 15:31:00,2018-05-16 17:14:34,2018-05-25 00:00:00
71400888e53ed1698734799716d213f8,54a57e9a3557ca4215104d9b58fe7df1,delivered,2017-09-07 15:58:04,2017-09-07 16:10:18,2017-09-08 18:39:57,2017-09-19 03:59:40,2017-10-02 00:00:00
40940dc8bce0d8f65258a5d2d293038b,b697190995396d442349aa728da58c9a,delivered,2018-03-01 02:35:23,2018-03-01 02:55:23,2018-03-14 17:06:37,2018-04-03 23:31:02,2018-04-04 00:00:00
79fc35987a8701e074d350a33925d818,e826ab6cbca3786b08adf710811a0e54,delivered,2017-07-27 11:07:17,2017-07-28 11:10:14,2017-08-02 16:57:38,2017-08-09 19:18:22,2017-08-18 00:00:00
32c5abfa9eb2480a7162f1ac2425680d,d264ddc7918ea2bd710b4f425719a70c,delivered,2018-08-05 07:41:33,2018-08-07 04:30:34,2018-08-10 12:56:00,2018-08-22 15:38:42,2018-08-31 00:00:00
34c2707d493d8e4ef72b5c8b9fcc76ee,360bddb0078f97dbd1e8938d56e1bcde,delivered,2018-05-07 14:15:24,2018-05-07 16:33:23,2018-05-09 15:48:00,2018-05-14 16:16:39,2018-05-25 00:00:00
41e296c991263f9ade5507299e38fe72,26414d88442f62fcbd8a39607b9211e4,delivered,2017-11-25 01:30:14,2017-11-25 03:58:34,2017-11-27 22:21:07,2017-12-05 01:24:41,2017-12-15 00:00:00
317d836ac628026b3639e69c710946b3,e2231800a5e5bbcb32cff22e6bb931c4,delivered,2017-10-30 15:11:39,2017-10-30 15:31:18,2017-10-31 18:33:47,2017-11-10 20:14:44,2017-11-24 00:00:00
4b431346a500d72d3ce468a29dd5b060,11888d3334232a1eb08db5826129c8df,delivered,2018-08-06 09:19:39,2018-08-07 21:45:21,2018-08-08 12:19:00,2018-08-21 11:42:44,2018-08-24 00:00:00
c1df7b442eae0851753ed884bdaacc02,040a6b33a803ef269d0bf0c285cb2390,delivered,2018-02-26 08:21:15,2018-02-27 07:55:30,2018-02-27 21:38:31,2018-03-07 18:06:06,2018-03-16 00:00:00
5074238c56f199449436a1260aead2fd,d4bb2e041f38325c883fb27e50d2b212,delivered,2017-11-25 10:00:53,2017-11-25 10:14:56,2017-11-25 18:32:04,2017-11-30 18:17:12,2017-12-11 00:00:00
1975dd8b555942e06089174b9f2a4928,d102cce7158552e3eacec7f2debadb1f,delivered,2018-03-01 19:39:04,2018-03-01 19:50:35,2018-03-02 20:07:51,2018-03-05 18:33:24,2018-03-14 00:00:00
e2fbbc5e799749941a23275230ee1d8b,9397159a057a8d56ca754a6e8ade5466,delivered,2018-03-03 15:25:40,2018-03-03 15:35:28,2018-03-05 22:15:22,2018-03-14 01:48:48,2018-03-21 00:00:00
25c0762610a416a21571e4ab3cf179b8,d489b58e4d66d84eddc981c68c83b4f4,delivered,2018-04-26 18:07:40,2018-04-26 18:31:57,2018-04-30 16:03:00,2018-05-02 16:42:34,2018-05-11 00:00:00
78f08da30e84bed8ec2f91fa7566d314,032ca2b9ba3cd98c0b7f814f2e156f2d,delivered,2017-07-25 21:31:01,2017-07-25 21:45:15,2017-07-26 14:27:49,2017-07-31 18:27:50,2017-08-16 00:00:00
de96b93d26af6d6a5c3aa622e245b86f,cd0879cb585fcbf74a2cf9417bda2362,delivered,2017-02-02 12:34:47,2017-02-02 13:01:34,2017-02-03 13:50:40,2017-02-06 14:55:28,2017-03-07 00:00:00
9c0bd8cd0fc8231ed50c066058917360,2896914daa531536d8c68d2d9bf15198,delivered,2018-05-15 02:12:21,2018-05-15 02:35:31,2018-05-15 13:22:00,2018-05-16 17:08:59,2018-05-25 00:00:00
3eef2a97c78803eb4ae9dfd2a5779e62,274d6a7e786ad9d69b87a414cd3f0e5b,delivered,2017-11-13 15:47:43,2017-11-13 16:08:21,2017-11-16 21:28:30,2017-11-24 14:47:01,2017-12-04 00:00:00
fa489b941eb1d4ccba665793c2dec608,8dae20a3591f5f9a7776506eeb4052f1,delivered,2018-04-11 20:14:14,2018-04-11 20:29:42,2018-04-12 19:58:47,2018-04-18 01:22:29,2018-05-11 00:00:00
d3a5c7e2fbe9a935e6a4a7454d4b8869,6be53640c1d4a90f0064be51c63bcebb,delivered,2017-09-01 13:55:07,2017-09-01 14:10:09,2017-09-01 19:42:11,2017-09-11 18:18:01,2017-09-26 00:00:00
4a8fccc87339f7fe555c652c9e5e7c97,1bf2f43d6cf4c045e9dcfd3b9a8cef53,delivered,2017-06-02 12:16:45,2017-06-02 13:05:43,2017-06-06 10:34:02,2017-06-12 13:47:24,2017-06-27 00:00:00
5c5c9fde60ffb741545cf2608e8c12ca,a5cd42f5d1eecbf955de47ff1245b5d6,delivered,2016-10-09 23:55:30,2016-10-10 11:02:16,2016-10-15 12:38:31,2016-10-19 11:47:52,2016-12-02 00:00:00
0658b7d98d204e0beefedd5e8c0fad45,4cd9e0172b581ae5abbe2812df386e57,delivered,2018-01-15 23:37:49,2018-01-15 23:52:21,2018-01-30 20:04:12,2018-02-01 18:09:58,2018-02-16 00:00:00
3602a80b09d914236f74c733631f3b8b,367000b9bd508db790e048df2f6d6af9,delivered,2018-01-31 20:38:38,2018-02-02 08:55:51,2018-02-02 18:48:35,2018-05-18 11:06:52,2018-03-19 00:00:00
731af685c0c3a53819519bbb93a9240d,3d47082a1d4fd8517bb39c2a9f749abd,delivered,2017-09-15 11:51:30,2017-09-15 12:05:42,2017-09-21 19:53:13,2017-09-29 19:10:02,2017-10-06 00:00:00
ab6ccded40dba2056dfa826368b5adf3,cfd12c4e955089834710685baa29f08c,delivered,2017-07-15 11:10:18,2017-07-18 06:03:34,2017-07-24 20:05:35,2017-07-27 21:24:37,2017-08-04 00:00:00
a81be81673bee4a384c6b5468a606478,511ccb3aafea18b48241f081b07dbba3,delivered,2017-11-07 21:46:04,2017-11-07 21:55:36,2017-11-08 20:34:58,2017-11-21 15:55:44,2017-11-30 00:00:00
a4eef12869fd791389fa4ffb732fce6f,0e19ca95673f2a74a96ae97319376760,delivered,2017-08-01 12:37:20,2017-08-02 12:43:36,2017-08-02 18:37:58,2017-08-21 20:50:00,2017-08-31 00:00:00
e8a4ded72862189ee71a1a102a072685,9664b6f0b225b1992508a18243987f72,delivered,2018-04-15 18:59:34,2018-04-15 19:15:14,2018-04-16 21:57:44,2018-04-19 14:04:04,2018-05-08 00:00:00
d75367da6a5ef6a395dd2657abee2602,93b142f17b2a53ae3629dc3e1c30b212,delivered,2018-08-09 14:36:43,2018-08-11 02:45:17,2018-08-13 13:20:00,2018-08-20 14:06:46,2018-08-28 00:00:00
efa967efa40217c320aa7aa2954ebe52,0a7ddabd98798908cf291b4186d1fc1a,delivered,2018-06-27 11:59:43,2018-06-27 12:10:09,2018-07-03 14:25:00,2018-07-11 23:17:41,2018-07-24 00:00:00
748f74ea0f5ee45bbcf3bc8121419da5,29f7d908a095256f97e65cb150e53d79,delivered,2018-06-09 22:25:06,2018-06-12 04:35:45,2018-06-13 13:54:00,2018-06-15 20:27:33,2018-06-21 00:00:00
347a523a41b9c5ff0194b0cbdff11fc7,42af8b51f3d4497557e7c085a23eec5b,delivered,2018-04-22 12:10:46,2018-04-24 17:22:07,2018-04-23 19:41:27,2018-04-26 20:46:37,2018-05-18 00:00:00
61d9b48d85b81cc207e948c13dbd633b,98c84ee0626307cc9c548753a33b7ad8,delivered,2018-03-18 14:24:34,2018-03-18 14:35:23,2018-03-19 23:52:28,2018-03-21 17:51:44,2018-03-29 00:00:00
66ed65fb801b44984e7a79b2d0496772,931aaba5cc8a31621a896209bef3bebf,delivered,2017-07-26 19:45:17,2017-07-27 19:55:20,2017-07-31 20:29:16,2017-08-11 14:48:29,2017-08-17 00:00:00
8e624e0474e10aa5431056ac96a88746,8a8fcdb7168f194dab62e62e66bdaed3,delivered,2018-05-02 14:20:38,2018-05-02 17:31:54,2018-05-03 15:22:00,2018-05-08 22:07:42,2018-05-16 00:00:00
702c89659fd2b244cf06f052e886bdf6,d334f19a29211c5abb837511f5179ae5,delivered,2017-04-11 21:19:07,2017-04-11 21:30:24,2017-04-18 12:35:26,2017-04-27 11:22:20,2017-05-08 00:00:00
66fda4a54fb43b9ec8ef4e032eaa7e54,9c27d07ecc859245e18c6d847afaadf7,delivered,2018-02-11 13:18:34,2018-02-16 07:55:58,2018-02-22 00:49:49,2018-03-19 16:24:45,2018-03-15 00:00:00
7fc19fa60f9bb0d99b980a47eee3ec28,642295dc37cb36a93c326b322fb9d6d4,delivered,2018-04-20 20:42:38,2018-04-24 19:26:07,2018-04-23 21:36:45,2018-05-07 17:32:14,2018-05-16 00:00:00
a118f629bb45d3d297600325e84504a3,113e46e208d4e04bc6ef60773696e631,delivered,2018-01-23 10:33:11,2018-01-23 10:59:11,2018-01-23 19:02:56,2018-01-24 16:10:34,2018-02-07 00:00:00
7c6517c41c557b7b9a6407d55badf4ee,401b951379e445bd4add4e01812038c2,delivered,2018-05-04 15:16:50,2018-05-04 15:33:34,2018-05-07 15:29:00,2018-05-09 21:38:28,2018-05-18 00:00:00
c356d4dbafd1289aa49e2b0ed1d2fce9,3d6c9156fb11bd1b6951e23dfb0485ef,delivered,2017-02-06 00:33:42,2017-02-07 04:10:31,2017-02-07 11:35:32,2017-02-14 10:34:48,2017-03-06 00:00:00
e744792a1abc89d92d36e086697eaf97,b3b41a1b2f4447baf0ff13137fb8d088,unavailable,2017-03-06 21:28:55,2017-03-08 03:30:17,,,2017-03-29 00:00:00
1f21b2507e0c3918ef90ef86cdb2d14c,0fc4dc350425b8337aa79c64ea30d617,delivered,2018-06-03 22:34:44,2018-06-03 22:50:13,2018-06-06 18:58:00,2018-06-07 22:33:09,2018-06-28 00:00:00
e1410714b40ecb7735ebc3f823d60745,672341d53a98728f79fb5b46a0fe859e,delivered,2018-08-09 20:57:18,2018-08-10 19:50:21,2018-08-14 10:56:00,2018-08-20 21:38:37,2018-08-20 00:00:00
eadea18809cd8803f101e64884658ead,507e66342aa581766f46fb52a4359dc0,delivered,2017-12-21 16:39:11,2017-12-21 17:30:53,2017-12-22 22:48:48,2018-01-08 20:27:56,2018-01-22 00:00:00
ff6c4756c64b5b474194ac300f8b45fd,23e72b8b41b689efef3628c1b1a2ada7,delivered,2018-04-16 10:07:11,2018-04-16 10:32:42,2018-04-17 22:32:13,2018-04-19 23:04:56,2018-05-17 00:00:00
5a854278109ac48d0a19b5a30590af27,823ddff9dd8959511a087d391e97a76d,delivered,2018-02-16 15:30:17,2018-02-16 15:47:00,2018-02-21 01:24:56,2018-02-23 12:42:10,2018-03-14 00:00:00
6a28a5e505dfe81886f90148b240b98e,6d44a24eacbfb20e36197b155875e09f,delivered,2017-10-24 10:09:56,2017-10-25 08:07:12,2017-10-25 14:23:20,2017-10-31 20:41:17,2017-11-10 00:00:00
6750058e05720fff77d640735d0802d4,af3ca90e850b7552dc08d42a09b8144a,delivered,2017-07-31 09:45:12,2017-08-01 09:55:09,2017-08-07 17:17:39,2017-08-14 16:18:08,2017-08-24 00:00:00
0a1830f41dcbe9b26dc35c0c71738796,a572792aa6ba6ead6491799c102b1b0e,delivered,2017-09-13 16:18:26,2017-09-13 16:30:21,2017-09-15 16:12:44,2017-09-29 20:23:38,2017-10-06 00:00:00
a0e78c0f47221ec7bb3ffee8fdd91239,8099fadb07a30a0edd0ddd7f6045724f,delivered,2017-11-25 01:01:29,2017-11-25 03:51:50,2017-11-28 22:41:32,2017-12-01 20:56:37,2017-12-19 00:00:00
46c28f7f09687bab32f7f99f6fb59ab7,2376fe4a486dcff46cb8045b1eb33f3d,delivered,2018-01-22 17:55:42,2018-01-22 18:16:37,2018-01-23 23:54:49,2018-02-06 22:57:35,2018-02-20 00:00:00
449d3d757b5497469456e89730d0641d,d34a9309d583ff9da2a8d725f4cae78b,delivered,2018-01-04 11:41:52,2018-01-04 11:49:22,2018-01-08 18:29:32,2018-01-26 23:25:47,2018-02-07 00:00:00
1126e3a4ac41a7be5c3cc650d36ccc54,5f798676abe9fe538e2242c8c07ae325,delivered,2018-08-01 13:30:33,2018-08-01 13:44:21,2018-08-03 12:27:00,2018-08-08 19:08:22,2018-08-22 00:00:00
80268610ed03b9b64fd7c84e4970b248,be7a919c0064c022b31b09cf9a854939,delivered,2017-03-20 23:42:55,2017-03-20 23:42:55,2017-03-23 09:27:18,2017-03-28 17:24:15,2017-04-17 00:00:00
f559ac2258ea5dd75bf9ba503e7bc6e3,39944720ced378393477c968a26e0402,delivered,2017-02-09 15:19:41,2017-02-10 06:50:18,2017-02-10 11:19:33,2017-02-22 08:56:00,2017-03-16 00:00:00
68ced379f65a3f59a88e81cbba9036cb,d4582b5fbe15b045dda9e2e12154913b,delivered,2017-12-10 23:12:06,2017-12-10 23:30:50,2017-12-12 22:36:55,2017-12-15 17:58:08,2018-01-04 00:00:00
e213fc2168e6a1892d02c54ead180c5f,9073bca4c1668e972703e3f963bcd565,delivered,2018-04-06 15:08:22,2018-04-06 15:30:04,2018-04-07 01:21:21,2018-04-13 18:32:28,2018-05-02 00:00:00
e465563161981f1e1ab4195bf3c1ad4d,06b4a03f2ff5cd08d0d823f845dff6fb,delivered,2018-07-09 20:23:34,2018-07-10 07:05:12,2018-07-10 15:04:00,2018-07-11 23:38:53,2018-07-18 00:00:00
d368ca1b5f6b46bdaf14b7c0cb5e40a1,2579e4414593b70a9859c330657e6120,delivered,2017-08-20 19:32:32,2017-08-21 19:35:35,2017-08-25 19:47:42,2017-09-02 15:29:02,2017-09-21 00:00:00
8b571b2408e46eda138c7d9f1761ba43,5d53bf7254a570bc800abdfaded5026a,delivered,2018-07-22 09:31:49,2018-07-23 11:32:16,2018-07-24 11:12:00,2018-07-30 18:06:29,2018-08-15 00:00:00
732c9ceb9786952e76768c9f913bca03,ee24608e86f735974b14388a6d14e969,delivered,2018-01-05 22:10:39,2018-01-06 22:07:25,2018-01-10 17:14:43,2018-01-23 02:25:19,2018-02-19 00:00:00
e38f9946fb20db4a597eed7547c59afc,936142b381374fdae2041552d1743af7,delivered,2017-01-22 13:49:37,2017-01-24 03:45:45,2017-01-26 14:58:03,2017-01-30 10:44:58,2017-02-20 00:00:00
7ea99d68cb579648ac731e90414707f0,602abe909c748c9f6cd73a3a4d66ed99,delivered,2017-06-17 13:09:55,2017-06-17 13:23:11,2017-06-21 09:58:45,2017-06-30 12:54:49,2017-07-13 00:00:00
1dc8e25fc6d06a7d72086374e54600e5,97dfc69daf6225986f2f10cc3a1a222e,delivered,2018-02-27 21:54:24,2018-02-27 22:08:23,2018-02-28 19:06:52,2018-03-01 20:58:30,2018-03-13 00:00:00
d9a60236d90a394c2ac8282b85dbed8f,e24d9a5b9711122e18b76a92e487b0f3,delivered,2017-08-23 16:17:59,2017-08-25 03:04:10,2017-08-25 15:42:18,2017-09-11 14:58:53,2017-09-18 00:00:00
9ea64f21920bb6b6972cadb024eabee6,eb53d828e9c699ddd7c2c0f35a7d6a33,delivered,2018-07-02 15:30:15,2018-07-05 16:18:56,2018-07-06 08:41:00,2018-07-16 13:56:21,2018-07-23 00:00:00
30c5c21cd33efa58229d345e77ec247a,ac7606bd855b5732dfd1a6550e394c07,delivered,2018-04-03 14:30:15,2018-04-03 15:09:12,2018-04-04 00:19:12,2018-05-07 20:26:24,2018-05-02 00:00:00
b0e444980dd42a83342cc26792e000bc,949e7c76aaf2d74dad40210f38667ade,shipped,2017-04-24 12:27:06,2017-04-24 12:35:26,2017-04-26 10:08:54,,2017-05-26 00:00:00
5175f15824e2cc42b048406820e7d7ce,548b752138038c6732385029fefe9166,delivered,2018-02-12 23:55:18,2018-02-13 00:08:10,2018-02-14 19:54:57,2018-02-26 22:37:06,2018-03-06 00:00:00
169bbd065798362db04a47a4f8abf551,2b242f218f7b5a466b6c01574da53cbe,delivered,2017-11-13 22:06:58,2017-11-14 17:10:05,2017-11-16 18:14:34,2017-11-17 17:28:46,2017-11-27 00:00:00
4de5e476244e0fced5eabc7d26c02dd9,c4dcbf01db308f71ac36429315b8f755,delivered,2018-05-23 15:16:47,2018-05-24 02:34:40,2018-05-25 15:00:00,2018-06-04 13:04:46,2018-06-22 00:00:00
d5a65462eaa47bd09f5ec817f2c9851c,6ab5cc7248cd5d55d91ded137fd01bfe,delivered,2017-10-09 10:41:42,2017-10-10 10:49:26,2017-10-20 20:41:18,2017-10-21 10:47:36,2017-10-25 00:00:00
c4e3b2e6f29f2e5ba28bd079aee75750,05f31c9645c6cd60123b1d035e274ee2,delivered,2017-12-27 14:20:01,2017-12-27 14:30:02,2017-12-28 17:44:55,2018-01-09 16:56:05,2018-01-26 00:00:00
cab13114944552c84f29e6f12aeeba5a,ee3f596fc0e83b4ad655322c7fca6bd0,delivered,2017-11-24 12:12:35,2017-11-24 14:13:21,2017-11-27 19:37:52,2017-12-07 18:09:14,2017-12-20 00:00:00
696e7a79f34c788e7b79e59e35756fdb,29c3dfdabea255ab06e66922a280d4ac,delivered,2017-08-21 00:04:43,2017-08-23 12:50:13,2017-08-28 18:37:35,2017-09-06 23:05:53,2017-09-22 00:00:00
5f56bb9578e8e67b832dec24bf5e0a59,5db494fdc1bee2108a9df63d580d304b,delivered,2018-02-27 20:48:54,2018-02-27 20:56:00,2018-03-02 12:38:34,2018-03-14 17:12:19,2018-03-23 00:00:00
c60a00eaa33b47afb951671b7f341ced,3cbdabb9ce0bc989f96da7864e8b5f67,delivered,2017-09-20 09:53:50,2017-09-21 02:55:28,2017-09-22 15:00:44,2017-09-28 11:24:46,2017-10-06 00:00:00
7d9a71f7ac9e3a44b7a1b07570b605b0,70fc0ba9b537837220a6b446bf9ef1dd,delivered,2018-08-02 23:06:59,2018-08-02 23:15:16,2018-08-03 14:02:00,2018-08-08 15:06:49,2018-08-15 00:00:00
c7024b0259d1e73df96b2f98d588b19c,f65fd8fe4095317b5aa176ee72300f02,delivered,2018-03-01 12:34:50,2018-03-03 02:51:13,2018-03-23 20:51:54,2018-03-28 18:05:07,2018-03-29 00:00:00
3c4329c91605952deb53464dc789ae79,173c0b0134313a7aac0a8397df34c070,delivered,2018-01-08 17:44:10,2018-01-08 17:55:19,2018-01-10 18:53:10,2018-01-23 20:47:11,2018-02-09 00:00:00
cda0a20d2df6b9c3f02aa5258c99af6f,cef102e266fd2812ecd629b5da0d4dc6,delivered,2017-11-30 21:17:58,2017-12-01 10:31:51,2017-12-01 20:29:53,2017-12-23 17:38:11,2018-01-02 00:00:00
755a4d6ab201a238e51bc1d1ab18365a,4ff06273ad2be01eeb93e0a2e4babc09,delivered,2018-08-12 22:59:28,2018-08-13 22:55:18,2018-08-14 15:48:00,2018-08-22 22:58:45,2018-09-10 00:00:00
16a8f7a8bbca3c9cc625c7f5e7b912e8,c5eca727a79f29737b93b7dbbf448083,delivered,2018-03-25 20:16:38,2018-03-25 20:31:48,2018-03-27 21:48:52,2018-04-03 15:32:48,2018-04-16 00:00:00
e3b81e11591d22a361bd292adad69ca7,43752fde94eac46ec10596d99027c9e3,delivered,2018-01-10 07:20:55,2018-01-10 16:49:40,2018-01-15 17:38:51,2018-01-26 19:21:39,2018-02-02 00:00:00
e2d4372ffb3a4fa7986212fbee364dc1,3381fb0c5b8d17961ef1413f3e3ae155,delivered,2018-03-09 10:23:05,2018-03-10 03:55:35,2018-03-12 19:02:14,2018-03-14 12:38:32,2018-03-21 00:00:00
2451b9756f310d4cff5c7987b393870d,2ca5a7b2dd62178ff3dda2b928a08f59,delivered,2017-07-18 13:02:38,2017-07-19 07:10:12,2017-07-20 14:07:29,2017-07-26 14:07:50,2017-08-09 00:00:00
1e27216416d628fcdc4528fe1cae4c0a,f390a84b4a9ed2f684bfe1f0add8b50d,delivered,2017-10-22 15:13:24,2017-10-22 15:28:19,2017-10-24 20:51:24,2017-10-26 18:27:57,2017-11-09 00:00:00
2c326cc8b2ff60f30ceb556f4581d7a4,ed88480ce4b4e55c28bcde629cd237a9,delivered,2018-02-23 11:30:35,2018-02-24 11:30:26,2018-02-27 18:36:05,2018-03-13 23:22:11,2018-03-21 00:00:00
6feefd64eb5b13184ac2bca3d0be98e9,44588f5aa861a8ec2758d39a6a00cab0,delivered,2018-07-13 12:24:37,2018-07-13 12:35:22,2018-07-16 12:55:00,2018-07-23 18:46:46,2018-08-02 00:00:00
5a1b8ce8aee70bd3445109304936c826,587c6261599b61d8089fab854cb753cd,delivered,2017-01-13 15:11:52,2017-01-13 15:25:23,2017-01-13 16:12:36,2017-01-26 14:27:27,2017-02-23 00:00:00
ea71f65fd226b76978bc09166ce655cf,b4f586d1cd98e9c486ba55b612237826,delivered,2017-11-27 21:41:08,2017-11-27 21:52:30,2017-11-30 20:57:00,2017-12-07 21:51:37,2017-12-18 00:00:00
d4360753aff7fa8fe8a6e83c65179c00,2d057e75b32e4dbdfa0488bd9dbbc845,delivered,2018-01-17 17:37:24,2018-01-17 17:50:47,2018-01-19 21:52:22,2018-01-31 00:05:37,2018-02-14 00:00:00
b61ef53b312800422111b08cd1619498,71979836244638c46cc9bb531c00e151,delivered,2018-02-10 14:50:42,2018-02-10 15:08:18,2018-02-14 15:27:44,2018-02-15 22:57:21,2018-02-26 00:00:00
60c903f5cb6055bf5a3b4f09ba288c9c,ff94ffbc7c413bbda6c825d3b7344065,delivered,2017-10-02 22:14:23,2017-10-02 22:28:20,2017-10-03 16:47:07,2017-10-16 20:43:44,2017-10-26 00:00:00
947e9c6bfd83a06953c420ef92d3da6e,2737211835d5ea370af15ee145f7840c,canceled,2018-08-15 15:13:32,,,,2018-08-28 00:00:00
fc024e7a7e5a5ac73800730c0b388063,dc568c24cf5f6ba6691a0514893967af,delivered,2017-07-08 16:31:24,2017-07-09 16:35:18,2017-07-10 17:21:55,2017-07-13 14:49:46,2017-08-03 00:00:00
11752bcab98894b1c72fac988ed11392,e4e8e3c54c6e50b494ddb7f274907659,delivered,2018-02-06 18:30:17,2018-02-06 18:55:36,2018-02-09 23:09:40,2018-03-10 18:21:09,2018-03-01 00:00:00
15c6ed2642d0ed7b492597fffca4d9a6,462cc5bc6b7fb4fd7a46a6def0dbc6b9,delivered,2017-12-23 12:39:01,2017-12-23 12:50:35,2017-12-26 16:05:10,2017-12-29 22:47:20,2018-01-22 00:00:00
714fbed2a4271e76143dfa95f89ae9b1,6a7041730ef9dcae33fed2a9356a6cd6,delivered,2017-11-18 17:17:34,2017-11-18 17:30:40,2017-11-21 23:07:48,2017-11-23 16:33:51,2017-12-01 00:00:00
c74e4862507efb811471cd922e6f3529,8ae65f29571ce43246ac73c8e8973623,delivered,2017-06-23 18:31:57,2017-06-23 18:45:17,2017-06-26 14:51:56,2017-07-11 18:17:30,2017-08-11 00:00:00
0282e83acfe3e7aaf60c871a4a9aca61,c1951203ece4074187b167b92d80f71c,delivered,2018-05-10 20:50:49,2018-05-11 20:57:02,2018-05-14 13:25:00,2018-05-17 17:35:33,2018-06-05 00:00:00
58790471f208e8351044c81d0b3e51b0,550343cf167935608a7c188aa6aa4100,delivered,2018-03-29 15:50:08,2018-03-31 09:15:10,2018-04-03 12:34:32,2018-04-11 00:02:38,2018-04-19 00:00:00
005b49de51a4e006055e8487a50ad8e4,366c88e3ee5ed365c8529a9639c8b91c,delivered,2017-04-09 13:35:38,2017-04-09 13:50:09,2017-04-10 11:18:09,2017-04-27 16:47:35,2017-05-04 00:00:00
f081d9c6f03801d55a6b730962b9620b,967da4a6fc14335c84934348089551fa,delivered,2018-01-19 15:54:00,2018-01-23 03:37:33,2018-01-23 23:33:12,2018-02-06 22:32:03,2018-02-19 00:00:00
0c55bc7181a82565bc9da1e2842c84c7,c471fdcc5656bf13d3224409ea35b159,delivered,2017-12-05 22:58:51,2017-12-05 23:16:36,2017-12-07 00:39:02,2017-12-23 13:05:25,2018-01-04 00:00:00
3762a969c4bee6842259e756e28a7467,fcbfa6020f72a36e85c273e1bc7c2780,delivered,2017-03-25 12:51:12,2017-03-26 06:35:21,2017-03-28 11:36:18,2017-04-04 21:32:43,2017-04-20 00:00:00
8138944aa954bbc7c286a30839130583,859b522550a8432a7d964344843e7753,delivered,2018-02-28 07:37:29,2018-03-01 07:35:44,2018-03-02 19:58:26,2018-04-03 21:17:28,2018-03-29 00:00:00
e08e2426828f29c00c09b91a4fd816cd,0a1ba4d9759b93977706a92fa5606873,delivered,2017-05-12 23:16:39,2017-05-16 03:25:18,2017-05-16 10:13:47,2017-05-23 12:45:26,2017-06-01 00:00:00
41fac1a841732b89d07857b5c7f4aa51,5d1c4d04f08622b4344a68886a030637,delivered,2017-08-21 00:03:35,2017-08-23 12:35:27,2017-08-24 18:48:31,2017-08-30 19:09:26,2017-09-13 00:00:00
0f5cbec89ff4ccb991c248075eb3131b,d08751add5d557541cd1cd0ab8c3f579,delivered,2017-09-22 01:26:18,2017-09-22 14:29:27,2017-09-25 14:33:35,2017-10-02 20:34:04,2017-10-18 00:00:00
380d50b5c05704dbe91b19b8003ea60b,a22b289372fa843cd698a5a641452436,delivered,2018-01-13 21:33:27,2018-01-13 21:49:18,2018-01-18 12:26:42,2018-01-24 16:13:42,2018-02-07 00:00:00
f2eabb23f8f91015f9478076d73ba8f2,688289582ad02e4b73a07f629d7ddd22,delivered,2017-06-27 23:21:05,2017-06-27 23:35:12,2017-06-28 11:19:00,2017-06-30 13:03:09,2017-07-10 00:00:00
172c16ad22d7fe8a23ac0873047d8f16,d2c43bfb223cdd91d21e77277cc0df6b,delivered,2018-04-23 15:36:28,2018-04-24 17:12:34,2018-04-25 14:47:00,2018-05-03 14:08:46,2018-05-16 00:00:00
454645a3375b0ecfa430922acc9dc990,620af7c2756e6781cc62555738216d00,delivered,2017-10-02 22:44:03,2017-10-02 22:56:21,2017-10-20 10:32:32,2017-10-27 18:21:57,2017-10-24 00:00:00
f2d6e146e252aff67545075d6bca048b,eb388285eed204334b4a33ed62357ed6,delivered,2018-08-08 00:23:12,2018-08-09 03:35:07,2018-08-09 10:18:00,2018-08-14 19:11:55,2018-08-17 00:00:00
fe99e32b74589b0377a2439cd3ecc51d,ae1f3ec36fc38bf9223db1c986bd74a7,delivered,2018-03-19 17:38:20,2018-03-21 03:30:55,2018-03-22 00:21:52,2018-03-26 22:51:40,2018-03-29 00:00:00
003f9bcc09427647c4b9d361a523545b,a1a6d4f18deef15fee3ad4b6f36a7ce0,delivered,2018-02-06 13:06:45,2018-02-06 13:15:37,2018-02-06 21:52:33,2018-02-08 19:06:53,2018-02-22 00:00:00
fbe94831a781d534fefb49c93499dd91,fbd1257ce46203fdf9a3c05deb04f947,delivered,2018-02-20 20:12:47,2018-02-20 20:27:09,2018-02-22 00:24:56,2018-03-01 17:57:02,2018-03-12 00:00:00
1702c32d41f309e6e1180ba330a5c8e5,4a56fcfcad4ee189e515c7066f9e8cfb,processing,2017-07-05 23:56:40,2017-07-07 08:45:16,,,2017-08-03 00:00:00
e1065a0d77c2e2f08c58c0d4dafccecd,708635792070de8a2e271645c2b504c2,delivered,2017-10-18 17:39:22,2017-10-19 17:50:43,2017-10-24 20:43:38,2017-11-01 14:33:30,2017-11-09 00:00:00
fe651d656936812bc74e091ac78fd844,70061eaa82d2b6fff7834940e5dfb6a2,delivered,2017-12-03 20:03:57,2017-12-03 20:13:46,2017-12-05 00:32:35,2017-12-15 18:28:05,2017-12-27 00:00:00
a430286ec021d453ea727f5801d105da,f1a28efaa4fe73df57cc4dd7b491adc6,delivered,2017-08-02 17:41:38,2017-08-02 18:03:45,2017-08-03 18:32:46,2017-08-09 19:22:42,2017-08-24 00:00:00
3d149bdb5aeabeaa605acc0cf58f1157,0a49cae060b40b5446c56ec40f7792c4,delivered,2017-05-29 17:46:09,2017-05-29 17:55:14,2017-05-30 10:35:25,2017-06-07 16:36:36,2017-06-21 00:00:00
e67d0ebb97f45f8b1236cdefef81e212,f9bdb9f083cbc8b7fc9b27a764c7d929,delivered,2018-05-05 22:47:27,2018-05-05 23:10:30,2018-05-12 09:05:00,2018-05-29 15:42:03,2018-06-05 00:00:00
c282161ce9696af2790e633f567dd179,452244dbda646faab3abb99c86d2b4c2,delivered,2018-08-11 18:20:45,2018-08-11 18:30:22,2018-08-13 14:37:00,2018-08-16 23:10:47,2018-08-22 00:00:00
cd0c854775bce057e6a7e27c79a58f00,4b11226427fb245d9d0cb91d0a339e81,delivered,2017-12-18 14:36:09,2017-12-20 11:50:46,2017-12-21 12:23:53,2018-01-09 19:52:09,2018-01-30 00:00:00
025a244ae3d5e6c53b7f9c902643f510,1e1ee4caf4aaf60c6f5e95263a294267,delivered,2017-08-15 14:37:16,2017-08-16 03:15:08,2017-08-21 15:09:47,2017-08-28 18:42:22,2017-09-11 00:00:00
fa4c59a94711decb9c0410a0e7f878bc,47a175c6a4a97dcd0b9fa05c862fe6c6,canceled,2018-07-31 21:45:27,2018-07-31 22:04:19,,,2018-08-08 00:00:00
2898d74d595f1564b2df34edb8c0cfc4,41ebc1df9d5af975ea8582f4be95f836,delivered,2018-05-04 16:54:41,2018-05-08 03:55:21,2018-05-14 13:52:00,2018-05-21 19:37:32,2018-05-30 00:00:00
989771e34a670ec77e1f406c05ce66b2,9307ff2c06e933b792862b5dc55d25ce,delivered,2017-08-29 18:20:51,2017-08-29 19:00:11,2017-09-13 16:43:47,2017-09-26 18:47:31,2017-09-21 00:00:00
a4a299d455f10745e482d45fa2627558,45df6242306cd509d9ed9ca4a3209fdb,delivered,2017-08-31 09:34:18,2017-08-31 10:04:27,2017-08-31 17:25:17,2017-09-04 23:43:56,2017-09-19 00:00:00
bdc6d13db4338777a27724c65a0248c6,600b187ea467a08adda99607af9d047f,delivered,2018-01-26 10:52:37,2018-01-26 11:13:57,2018-01-26 21:05:38,2018-03-19 21:26:48,2018-02-19 00:00:00
bf5d8018171eeb0788be7f1c871eb981,704fb26a9d85d9ad8fd8b167eee000fd,delivered,2017-07-26 00:34:16,2017-07-26 00:45:10,2017-07-26 19:13:52,2017-08-04 18:07:43,2017-08-17 00:00:00
cd3bbc3e4e64dc523b4c21512736e22c,038c6e4806a9d19fe170feae7825c2d6,delivered,2017-05-01 17:42:25,2017-05-01 17:55:16,2017-05-02 08:39:31,2017-05-15 08:12:33,2017-05-29 00:00:00
f45bdf2f89997a72c2f4c9cb37c284cd,86bc7b8a34a40c88ad0b7d0cb8de17b1,delivered,2018-02-11 23:54:10,2018-02-12 23:50:23,2018-02-15 20:58:55,2018-02-26 15:58:13,2018-03-08 00:00:00
aaa09ae14c8853145592cb8b452714f2,f6c91fb1016695135a32d3c11163887c,delivered,2017-03-20 19:08:08,2017-03-20 19:08:08,2017-03-22 09:30:19,2017-04-13 09:06:22,2017-04-26 00:00:00
9c7786ec8d2394cbee42bba833f7c537,9a935364cca30059364ef4469083e8f8,delivered,2017-04-27 23:45:10,2017-04-28 11:46:07,2017-04-28 10:57:41,2017-05-05 15:49:46,2017-05-30 00:00:00
05f3fc274d71ebbd552966d716c9039d,011671897080a38fa57f3c190a310d49,delivered,2018-05-11 18:36:13,2018-05-11 19:01:11,2018-05-15 13:58:00,2018-05-16 18:08:30,2018-05-22 00:00:00
9dd1d19c4558ecb8601dd0305c30cec0,50f2efb2a5ba41f1b0c67ddb1daf86eb,delivered,2017-10-07 19:27:08,2017-10-07 19:50:03,2017-10-09 18:52:56,2017-10-17 21:08:04,2017-11-08 00:00:00
f82a2055f59b4ccf07be7a6e9d52debd,48970007c61cc12f2624b1212e10419f,delivered,2017-10-05 13:56:51,2017-10-05 14:07:25,2017-10-06 21:03:09,2017-10-07 15:58:34,2017-10-24 00:00:00
0c4284c2b4798ef2f308a6748fa63dc3,d81fce5f1e831085b9d464bc6172ee7a,delivered,2018-06-11 21:53:36,2018-06-11 22:19:21,2018-06-12 14:15:00,2018-06-21 15:48:29,2018-07-11 00:00:00
bf122b1684abe6417e2e2eb2ababa7b9,aede53c41bbd7d79c62bba347fe8f36e,delivered,2018-03-28 11:03:18,2018-03-28 11:28:07,2018-03-29 23:41:52,2018-04-27 21:22:28,2018-04-19 00:00:00
379a935fe436be68e1c1e76ef0fa2c48,966be50d83ff1fea6ae8877708b48caf,delivered,2018-01-31 21:51:45,2018-02-02 02:54:15,2018-02-02 18:56:49,2018-02-09 17:36:51,2018-02-22 00:00:00
329865201ab68a53f3b26fb4f4fd43e4,6dbd16c2c45f442bda4e6dfd195d485d,delivered,2018-01-17 14:23:41,2018-01-18 02:13:11,2018-01-19 18:06:34,2018-02-07 23:12:04,2018-03-02 00:00:00
f8822b6085858dd513bb20e7e0c88e83,86f88f01dcc9599c9734faa1cb606a94,delivered,2018-05-06 10:51:36,2018-05-06 11:10:27,2018-05-08 13:35:00,2018-05-15 16:03:07,2018-05-23 00:00:00
bc22fea220f805df6f4e021a709e668d,68bf428bd03e9aef02dfbe4e8b437c60,delivered,2018-03-09 17:34:51,2018-03-10 18:08:26,2018-03-14 01:48:40,2018-03-27 01:32:17,2018-04-02 00:00:00
0312ecf90786def87f98aa19e0e0ce63,45cce495588388d074ab985f2f9b9bb4,delivered,2017-05-10 22:02:40,2017-05-11 00:31:33,2017-05-17 10:06:53,2017-05-18 17:09:46,2017-05-18 00:00:00
42889cba53a791dfa45f24d62019a521,a584daec24287b6e6760e3784d490d36,delivered,2017-11-27 19:19:43,2017-11-29 19:17:05,2017-12-01 13:31:52,2017-12-27 17:34:26,2017-12-20 00:00:00
a38aeb63e6290170677c4cf2ab4c0f7f,62e1860ef3884fd9e103e75783dca1c0,delivered,2018-03-26 10:14:31,2018-03-26 10:31:11,2018-03-26 22:12:20,2018-04-02 18:34:32,2018-04-17 00:00:00
0424f6bc3d0829eb2829bf77fb01e60f,ed88ab704ab0332923a0413acb453635,delivered,2018-01-30 17:08:44,2018-01-30 17:29:52,2018-02-01 02:42:25,2018-02-16 21:08:07,2018-02-21 00:00:00
78376bf275535930db73f00a985ef199,3c473ed8031b6f4e249ae5f13399bacf,delivered,2017-06-06 08:27:36,2017-06-06 08:35:19,2017-06-09 13:39:01,2017-06-14 13:58:05,2017-06-20 00:00:00
5e49f5d6df788d49b16273923cfcf7e2,b1077797856914c6ee3a4f54cef66eb1,delivered,2017-12-21 16:15:27,2017-12-21 16:30:14,2017-12-22 17:47:58,2017-12-29 20:37:24,2018-01-22 00:00:00
96c833757e09a989bb5c13d0470d7f2a,0034f7933de3ead6bd9ba49afe95f119,delivered,2018-04-06 09:25:10,2018-04-06 09:35:27,2018-04-10 22:57:41,2018-05-02 20:38:50,2018-05-04 00:00:00
5eea7c72a77d6f2129a92d2d82e79410,f3228497df62020d2bf9f20f74da7116,delivered,2018-07-02 10:03:47,2018-07-02 10:15:23,2018-07-06 10:39:00,2018-07-09 15:36:41,2018-07-18 00:00:00
a2c943e39eba3f96ca656df556454b97,8352b9acd7620d5a82aa132d4772a9ef,delivered,2017-04-09 21:04:04,2017-04-09 21:15:11,2017-04-10 09:10:44,2017-04-12 15:32:37,2017-05-04 00:00:00
b83dec1771b70a81dedd9db612fca052,b659e27b20373321f446da16aea776ce,delivered,2018-04-29 15:52:00,2018-05-01 05:32:40,2018-05-02 16:35:00,2018-05-08 18:12:12,2018-05-22 00:00:00
dc91dbf7defabdf37c52672a989bad1b,63b1c99583effeec017dd7546c6a97ae,delivered,2016-10-06 12:22:07,2016-10-06 16:00:13,2016-10-26 11:49:34,2016-10-27 05:38:36,2016-12-02 00:00:00
a147b97f47abbdb02f67ea00da442cd8,0681069ba05876a097555609e2496d1f,delivered,2018-08-06 08:44:23,2018-08-06 08:55:23,2018-08-07 10:01:00,2018-08-10 22:03:13,2018-08-15 00:00:00
54c77052884ae590135acfe304034a61,68723f1793c2874060110d3674f93633,delivered,2017-08-25 15:32:31,2017-08-26 15:44:20,2017-08-28 19:47:39,2017-09-19 10:56:01,2017-10-10 00:00:00
6df64cc2e8fbd99d2f72745f1388a760,f1ee2c9b4f6e06ac83e3fd39030131ec,delivered,2017-05-10 10:39:56,2017-05-10 10:50:13,2017-05-17 15:00:46,2017-05-23 16:55:57,2017-05-31 00:00:00
13e46245791ac3c971ba82ef45a1a280,e73fdd4cc3f5e747efe34d888c1505cb,delivered,2018-08-13 21:32:54,2018-08-13 21:45:10,2018-08-14 13:31:00,2018-08-21 17:21:25,2018-08-27 00:00:00
891e419a9019fb81b67212a708cb5f83,c5ebaeed3b49cd93b3c294547784f484,canceled,2017-07-07 12:15:50,2017-07-07 12:25:20,,,2017-08-03 00:00:00
d42ba61a59ac7b2af476d42dbe16f68e,64c67484fd19b32ee4c9d8f944b49a5d,delivered,2018-07-18 09:22:37,2018-07-18 09:30:13,2018-07-19 14:24:00,2018-07-24 22:29:36,2018-08-09 00:00:00
905564c4ef42ed11c74cc6f3d1919bcd,26177af1e6c1eb0bc6e2d9b0c180b50a,delivered,2018-04-09 16:52:34,2018-04-10 04:10:50,2018-04-10 19:12:21,2018-04-11 20:06:36,2018-04-25 00:00:00
c64f6838f531e7b3fcf588d76d60f9b4,b0427d63199cb18df25a51a0ade423e2,delivered,2018-06-22 10:19:59,2018-06-23 10:20:52,2018-06-25 15:25:00,2018-06-28 16:46:50,2018-07-05 00:00:00
f1b1a53088d15140959d9ed6d98c7107,877de6b09e86d78beb4236871620906c,delivered,2017-06-28 17:07:38,2017-06-28 17:32:42,2017-06-29 17:07:54,2017-07-10 20:02:52,2017-07-24 00:00:00
73e47be0498a4d9f19d88a0113af23fd,31ac6792817138d9e3f44b2999f57ae4,delivered,2018-08-17 15:11:32,2018-08-20 14:11:09,2018-08-21 14:17:00,2018-08-25 00:21:37,2018-08-28 00:00:00
89d6544684b9cbacd492feb38abe4fe7,69b38855459d81b0595cade99bc1706e,delivered,2018-07-01 11:51:47,2018-07-01 12:09:27,2018-07-03 14:15:00,2018-07-12 22:11:56,2018-08-01 00:00:00
3742e108eff3341dbaa5e22f6e2fd38b,44055fae77e1dfd38877dae25d55aff7,delivered,2017-07-01 17:52:50,2017-07-01 18:05:22,2017-07-05 15:33:15,2017-07-11 20:52:21,2017-07-27 00:00:00
20c452fc8f22663c6a11508ec8ca0726,8e910586d420ecaf395cafab6dce2b90,delivered,2018-06-04 20:31:08,2018-06-04 20:50:43,2018-06-05 12:29:00,2018-06-14 19:29:43,2018-07-18 00:00:00
fc45ae3c705f48a41cad9bf6aecfdd0c,f3d3a9c8877221d95577fc2cedb58821,delivered,2018-01-23 14:30:52,2018-01-23 14:39:33,2018-01-24 20:48:54,2018-02-05 16:13:22,2018-02-16 00:00:00
1b307ea4f5d5bdc7289afe051242dc2f,64371168bfc7897e0e911783d3de0a3c,delivered,2018-04-11 13:34:57,2018-04-11 13:50:43,2018-04-11 22:38:31,2018-04-13 15:26:53,2018-04-26 00:00:00
a4bea4b3e01b8dd36eaf6a9e27698404,47b6f31206c7f21a45ec5a79f68a81a9,delivered,2018-02-07 15:25:10,2018-02-07 15:52:19,2018-02-10 01:33:12,2018-02-20 18:49:04,2018-03-08 00:00:00
20fd43d1a1e8d1257044b8a17f3c7c5e,14723de10c5caea4f02a154f09f375ee,delivered,2017-04-04 01:35:58,2017-04-04 01:50:16,2017-04-05 06:39:57,2017-04-12 08:03:44,2017-04-25 00:00:00
926355ffa49be1cca35b492f916bb6ca,8db0d5efc870373f918d092930f8e762,delivered,2017-02-12 22:37:05,2017-02-12 22:45:10,2017-02-14 04:04:26,2017-02-16 20:32:10,2017-03-10 00:00:00
873d4128c75191d026aa58258ea7a5f8,ff67ab5e872384e9b7cbe4260e1daeeb,delivered,2018-03-24 11:51:17,2018-03-24 12:08:02,2018-03-29 00:28:49,2018-04-05 13:40:56,2018-04-20 00:00:00
b19cf86000f4fdfdf23b75a1f4fcec9c,4c2f43b071ab89f7b367b92ff19d564b,delivered,2017-07-05 16:23:55,2017-07-05 17:54:44,2017-07-07 19:09:46,2017-07-21 20:33:39,2017-08-09 00:00:00
090395e4f947097290d8bde7125fe883,35009b941a378f88e841eeb4535757d5,delivered,2018-02-04 10:27:10,2018-02-04 10:48:59,2018-02-07 19:18:59,2018-02-21 00:39:18,2018-03-06 00:00:00
f00444f4b3ac26cef3dcd0fba5d09ad8,3517f8cb54ea9365c0af466376685f1f,delivered,2017-07-25 13:18:39,2017-07-25 13:30:19,2017-07-28 19:17:38,2017-08-09 13:31:10,2017-08-18 00:00:00
e4b5604780e8b0ba35b9335194254b33,b8ae52eba45117ca56310b303a029ffb,delivered,2018-03-04 15:34:39,2018-03-04 15:48:21,2018-03-06 22:51:43,2018-04-07 00:08:31,2018-04-03 00:00:00
48c43415ea1c4af9afa92542183b6e55,5589151bd114970188a1141fbd5c8d25,delivered,2016-10-10 17:49:21,2016-10-10 18:02:22,2016-10-30 10:37:42,2016-11-01 14:14:46,2016-12-02 00:00:00
e44e0cbca34accde72251d80c7d08cfe,8d2acca6ee811590f42edb3d305d1228,delivered,2018-05-16 17:13:17,2018-05-18 05:16:43,2018-05-18 11:51:00,2018-05-22 18:55:49,2018-06-14 00:00:00
c8eff3c56ced8765918fd445d9c3cbd0,534e49c952f6dc9b644bbe55ffcac0d9,delivered,2018-01-25 08:55:45,2018-01-25 09:13:55,2018-01-30 00:58:58,2018-02-16 19:19:34,2018-02-26 00:00:00
0bb96548fdaf9fb98f6a72c4936a54d1,bd30c8ec7f7139af7195e1f7f031e131,delivered,2017-07-15 20:31:41,2017-07-18 05:55:30,2017-07-24 19:18:39,2017-08-03 20:12:41,2017-08-08 00:00:00
2cb5d5cb410ad0b66df87bacd021c021,98acca17d32ae965f9228c2ae9f71f83,delivered,2017-07-24 18:25:32,2017-07-24 18:35:22,2017-07-26 19:13:52,2017-07-27 16:56:12,2017-08-11 00:00:00
b4df3dcfa59f9958e993be5decfee5ce,e715cb45c738a868ab76fa204b6e44bd,delivered,2018-05-09 13:30:23,2018-05-09 13:51:11,2018-05-09 14:55:00,2018-05-23 16:38:41,2018-05-28 00:00:00
a6b961bbc6456602f652d926ee9ccd0a,925ec3754a8d9564f2c424924db3a937,delivered,2017-11-08 08:27:31,2017-11-08 08:46:14,2017-11-13 16:21:12,2017-11-16 16:09:44,2017-11-29 00:00:00
943c7cf052f446cc2fd06553458334be,be17bf103e918360ea58f53c213a67e1,delivered,2018-07-05 09:20:34,2018-07-05 16:31:30,2018-07-06 09:52:00,2018-07-12 14:52:42,2018-07-20 00:00:00
2929e8208718655c26082e7331ef49e4,57841269df64fd5c9ba421df2e89a4bb,delivered,2017-09-27 12:32:34,2017-09-27 12:49:41,2017-09-29 17:36:40,2017-11-07 22:31:47,2017-11-03 00:00:00
c21e59c9c618133611b4c96a9eefca19,aa9d97e174c1b58100d760c0fb2c0e52,delivered,2018-03-19 11:49:10,2018-03-20 11:49:53,2018-03-21 23:46:47,2018-04-10 21:08:42,2018-04-05 00:00:00
8912983ff47de54fb2cf774efebd8f09,02e04e4adf1a4ec2e262f8f942b4b315,delivered,2018-03-24 10:34:27,2018-03-24 11:48:18,2018-03-27 00:29:36,2018-03-29 20:27:53,2018-04-30 00:00:00
ef2694b6887c4448f5daa99866191d84,f61ea035ede911fc92ac92b1311f3a48,delivered,2018-03-25 22:07:30,2018-03-25 22:28:02,2018-03-26 23:18:40,2018-04-10 13:19:13,2018-04-19 00:00:00
68c499102625079201aa9bbcabd4108f,15dc744abac6f60f3b269e4d8dbcef38,delivered,2018-07-22 17:24:17,2018-07-23 12:32:17,2018-07-24 07:03:00,2018-07-25 19:43:53,2018-08-02 00:00:00
c974f0eb10f24498b3e0863a5195b748,4a65774f24ef2ba4478fd5b0ab3094f6,delivered,2018-08-15 12:12:46,2018-08-15 12:25:20,2018-08-15 14:44:00,2018-08-17 16:46:41,2018-08-22 00:00:00
864e3fdc082c07a108b48b135caf761d,b574ee4a89587d736036864a6838e61d,delivered,2018-07-05 13:09:10,2018-07-06 13:12:00,2018-07-10 19:29:00,2018-07-13 23:51:45,2018-07-26 00:00:00
d37e3c63571435625b73f8e231bdd738,46ed2ca2fb58e54e07f90a0d7cee462e,delivered,2018-05-21 11:09:52,2018-05-21 15:31:55,2018-05-22 09:40:00,2018-06-08 17:38:28,2018-06-20 00:00:00
913e9a5e8da11e9a318ab2d38a757d91,87b228334780912ba7554804dacc81e5,delivered,2018-05-05 20:31:04,2018-05-05 20:53:13,2018-05-07 12:47:00,2018-05-30 18:30:47,2018-06-06 00:00:00
cb7a163b5a7bfd95bdecd89f04bba256,d066f2a297ee3ce84bfa21874dbb35f8,delivered,2017-11-23 13:42:24,2017-11-23 13:50:30,2017-11-24 15:58:48,2017-12-01 21:15:05,2017-12-19 00:00:00
080480ad9ab2cde9dd7f580cc063ecc9,f14217ccfd1e2b7fc110ed55955ccbbf,delivered,2018-05-22 21:58:57,2018-05-22 22:16:00,2018-05-24 15:35:00,2018-05-29 22:52:23,2018-06-08 00:00:00
6a0ac163171ef70a5386eae45e6a799e,55b0fd9cdf955584decbf774489ef0be,delivered,2018-05-19 18:09:03,2018-05-20 15:39:09,2018-05-21 16:07:00,2018-06-12 09:22:54,2018-06-05 00:00:00
834780043eaf86f9e26f352161b6dfa8,293b54046b97ac0c171e5cb2dcd911f1,invoiced,2017-07-31 23:06:33,2017-08-02 02:55:25,,,2017-08-22 00:00:00
fd2b355e216e132b6c0f3f1b18828c95,4ea4d187c0472780eabbf029b425a2c7,delivered,2018-06-29 19:03:28,2018-06-29 19:15:13,2018-07-05 15:56:00,2018-07-12 16:36:30,2018-08-03 00:00:00
d01105351950ac50f4969205d5d249f9,890083f58744ffe8c341846f57c388b7,delivered,2018-08-16 09:37:32,2018-08-16 09:50:23,2018-08-17 16:04:00,2018-08-23 15:46:40,2018-08-27 00:00:00
2a0bb55de2144ca90f83868c97320be4,5cfc257d58f35e9fa502cfdbdae97b9e,delivered,2018-04-17 15:25:09,2018-04-17 15:35:15,2018-04-19 21:46:44,2018-05-03 12:08:32,2018-05-14 00:00:00
3062239cf5087db015afcb38eb79c5c1,a64008bce82dfa89bc3206a3f5d927a2,delivered,2018-05-12 09:42:46,2018-05-12 09:55:13,2018-05-16 13:52:00,2018-06-15 21:08:58,2018-06-08 00:00:00
b07365d2d0d22bc99d8ef5107e761a88,84ef5497383627f1b47471d44483df53,delivered,2017-09-12 14:46:19,2017-09-12 15:05:31,2017-09-19 18:37:35,2017-09-27 14:22:26,2017-10-05 00:00:00
fece1a5c7d5e72767ad76c233788b414,10d62dc8911877b49e7a2a0981b60a24,delivered,2017-10-20 18:30:39,2017-10-20 18:56:27,2017-10-24 11:47:45,2017-10-27 16:10:15,2017-11-13 00:00:00
05108247830e6abf604da38aff20907f,756f14b1558af7da091394b7abf48514,delivered,2018-04-19 12:22:46,2018-04-19 12:35:24,2018-04-24 18:40:55,2018-04-25 19:12:14,2018-05-08 00:00:00
1bc50e93f3ab76ab6677faad4dd5216b,11ccdef696a84d0671c602467bb81e2a,delivered,2018-06-04 15:20:54,2018-06-05 04:31:09,2018-06-05 13:02:00,2018-06-15 12:32:59,2018-07-17 00:00:00
7d7a6cf235917cb4b46fdce40d607758,5cc7fa8a319ba6b10b41096f5f45a6e3,delivered,2018-05-08 09:32:36,2018-05-08 09:50:55,2018-05-09 14:06:00,2018-05-18 21:12:58,2018-06-07 00:00:00
1187f5498f05e7604440a54cc0c9aa92,c4e7077f422f07fc99fcf2e215004ad3,delivered,2017-05-31 20:51:33,2017-05-31 21:05:09,2017-06-01 16:18:05,2017-06-07 12:16:28,2017-06-30 00:00:00
544a728e60ca6b18d9ed5fa2c87d223d,b1fc82d6dc640f992f317c0aa3c250af,delivered,2018-04-05 21:06:15,2018-04-05 21:29:06,2018-04-06 23:32:18,2018-04-12 15:58:45,2018-05-03 00:00:00
6eb550fffe44d869e8985452540345ff,3c6612419abd34435aa81f8a6a2214b5,delivered,2017-05-26 15:40:36,2017-05-26 15:50:19,2017-05-26 15:59:13,2017-06-02 14:34:52,2017-06-20 00:00:00
d9cd71920c37d3156a5f58e918812fe5,2de0a43d39289a6221b5d462bac9a400,delivered,2017-08-15 21:22:38,2017-08-15 23:24:42,2017-08-16 17:25:48,2017-08-24 18:23:55,2017-09-06 00:00:00
8b2ed16ccb403e3e784b6399b8650648,db1c38264b085163dfd19679ddaf733e,delivered,2017-04-29 10:45:16,2017-04-29 11:03:28,2017-05-02 07:23:35,2017-05-23 12:47:53,2017-06-02 00:00:00
ad7e012867d486bee881d0a10df0399c,ff5731378cb5629a451019021cc4cbbf,delivered,2017-10-10 18:10:44,2017-10-10 18:27:41,2017-10-16 19:33:58,2017-10-27 19:52:55,2017-11-03 00:00:00
f8ebdc391ba2950e41dfd4a8385418ae,22360d91bbd2e1673d0f44a9633b2f7d,delivered,2018-01-16 17:03:48,2018-01-16 17:14:31,2018-02-07 15:38:50,2018-02-11 20:45:16,2018-01-31 00:00:00
3ccf90ae3753b3d692dd5f400621502e,11b8d5bca945346e1096f142d0e423e0,delivered,2018-04-04 20:44:11,2018-04-04 20:55:27,2018-04-05 18:50:38,2018-04-27 01:09:28,2018-05-03 00:00:00
68ebdf4ab83f4db8218e13350dca6bcd,426a503cf56b0bfd194c370543f3d178,delivered,2018-06-18 00:06:17,2018-06-18 00:32:26,2018-06-19 12:28:00,2018-06-26 23:22:05,2018-07-25 00:00:00
16388d0b6852174384f06c9f1509d10c,90d65954aa6d433111f1bcad17e41240,delivered,2018-08-10 00:10:24,2018-08-10 15:50:17,2018-08-10 15:20:00,2018-08-15 19:32:42,2018-08-23 00:00:00
38a27bf1302ec6e1fb628e137bdbc690,297c866b3a4a12e7674abe2f890cb6a1,delivered,2018-06-02 16:06:24,2018-06-02 16:15:44,2018-06-04 14:14:00,2018-06-08 20:58:43,2018-06-28 00:00:00
bdfe267d7e21481ae5368d063e313f6a,a62629887d7ef9dfe2a8a23124af269f,delivered,2018-03-14 23:35:43,2018-03-14 23:50:20,2018-03-16 21:12:55,2018-04-10 21:12:33,2018-04-05 00:00:00
108c3238d247dead3fd7423cf8990c5b,2ce5691150e02ccb5c9035eec94c3194,delivered,2018-08-14 13:49:12,2018-08-14 14:04:33,2018-08-14 13:17:00,2018-08-23 16:06:36,2018-09-06 00:00:00
6c5eb0920626d3ff5588d03d6f2d4936,1b83beaaa59c8cdfe738f7ead2517da8,delivered,2018-03-15 15:22:28,2018-03-17 03:08:57,2018-03-19 21:14:58,2018-05-03 11:29:52,2018-04-30 00:00:00
cc15ef8448a7506bdcd6eb851c0aea1f,39d61eaa46637e677dd1eea3f732150f,delivered,2017-11-25 17:44:20,2017-11-27 17:38:28,2017-11-29 00:04:46,2017-12-29 20:22:21,2017-12-18 00:00:00
557de3912df820904b9204e0d1879256,686f78669a168af0b31d8a32ea06667f,delivered,2017-10-24 12:52:16,2017-10-24 13:07:20,2017-10-28 12:52:50,2017-11-07 19:57:44,2017-11-23 00:00:00
b97ca938c0a55ff9a5b2a89081b4b677,245218ed5faf26b2117f4edfb033ec80,delivered,2018-08-17 23:20:40,2018-08-17 23:30:12,2018-08-20 07:25:00,2018-08-23 23:56:40,2018-08-30 00:00:00
6f9ad3f2dd5e9af9e2469639e421f66a,4fbd85d024063c1f0ad130a3ddd6e01a,delivered,2017-12-19 16:03:33,2017-12-19 18:50:39,2017-12-26 21:22:10,2018-01-03 16:49:40,2018-01-17 00:00:00
9ea9ccc5a9e82d1226f860d5b191e77b,962448d9b81d2848fd389dd7ca4b55ee,delivered,2018-01-22 23:34:32,2018-01-22 23:53:05,2018-01-27 19:17:39,2018-01-31 16:27:55,2018-02-06 00:00:00
93a293363952d262c3942a3f9343e7e0,e98edcb3cd6a6922acee3d6dbe002525,delivered,2017-12-23 16:40:17,2017-12-23 16:49:21,2017-12-28 21:39:18,2018-01-04 15:29:05,2018-01-15 00:00:00
0daff24b7abb3accd3e2638a0d5be0a0,5a46fcfb9cb1aa7feef0014acace422c,delivered,2017-01-12 20:06:50,2017-01-12 20:15:17,2017-01-17 05:14:16,2017-01-20 10:57:34,2017-02-23 00:00:00
1769cdad44f0f8456b101d679f33c9f1,404e67122d00aaf4e82413c0355aca9d,shipped,2018-03-31 17:22:04,2018-03-31 17:35:08,2018-04-05 00:20:54,,2018-05-16 00:00:00
034fcc4584bd6b6ca0c0718acf969c79,a41415234479f516143bb51a90adf145,delivered,2017-04-05 20:10:40,2017-04-05 20:22:32,2017-04-06 15:24:47,2017-04-10 13:07:10,2017-04-27 00:00:00
277006d8d593850cce4c18ce1c9a136a,58e67afe5b8a9fa07e268e00776afbdc,delivered,2018-06-14 09:52:51,2018-06-14 10:20:05,2018-06-14 15:09:00,2018-06-15 21:21:09,2018-06-26 00:00:00
32fbf6c11887296b35662f212b378974,5d124218ed8294959f04ece9dfeaeef3,delivered,2018-04-07 11:49:45,2018-04-07 12:08:16,2018-04-10 19:34:22,2018-04-30 14:03:45,2018-05-07 00:00:00
b243fa91a6213ff97cc5ebdfb8e30a65,27e1ac8538b2c0b24d62cbfe0f1c69d4,delivered,2017-06-25 13:48:10,2017-06-25 14:04:53,2017-06-27 11:35:47,2017-07-11 19:34:38,2017-08-01 00:00:00
6f847f9ac6e3766bd689f8761043795a,d4f4fadb21d0971a79cbbbd9bb66cea5,delivered,2018-02-10 20:25:47,2018-02-10 20:40:47,2018-02-15 23:27:49,2018-03-15 22:24:39,2018-03-13 00:00:00
635c894d068ac37e6e03dc54eccb6189,7a34a8e890765ad6f90db76d003acb27,delivered,2017-04-15 15:37:38,2017-04-15 15:45:14,2017-04-27 16:06:59,2017-05-16 14:49:55,2017-05-18 00:00:00
532018822d75bf3fea57e49294393b07,1463c39e05cd384c4dfba57429cc311d,delivered,2017-11-25 18:49:51,2017-11-25 19:13:46,2017-11-29 12:47:43,2017-12-06 18:47:07,2017-12-20 00:00:00
91d9a72e928a84866b4d506c0398b723,ec2e54a792562c4c44e08612cfbf4327,delivered,2017-12-27 22:11:06,2017-12-29 02:09:23,2018-01-05 19:47:39,2018-01-11 23:50:54,2018-01-22 00:00:00
a74120d5c086c0961b39f42282094ab3,71c73f4ea57a0b2cc7905fd6c833e6ba,invoiced,2017-09-12 18:44:10,2017-09-12 18:55:13,,,2017-09-28 00:00:00
4ffaf2cdcc432ea3cd8ae0ab7a789cb0,d505c458ae00e3745b5fe126f21c4e25,unavailable,2018-01-30 10:25:41,2018-01-30 10:55:52,,,2018-02-20 00:00:00
4d5cefeb0501de96acd522c3742d3d04,60f940bfe3cbbe38b1f7fe69d303e768,delivered,2018-08-22 15:14:14,2018-08-22 15:25:18,2018-08-24 09:09:00,2018-08-29 20:21:53,2018-08-31 00:00:00
52b43c7c16aebb445e080760016d4350,9c7ecea05ad1df98c1b2d7e030ae5a0b,delivered,2017-10-26 13:44:28,2017-10-26 14:06:31,2017-10-26 20:54:51,2017-11-06 22:41:25,2017-11-24 00:00:00
dee73233d82a40f417f0e455c2684df0,9cd2cfee636cd4be91547c6158d2a099,delivered,2017-04-28 16:24:11,2017-04-28 16:35:39,2017-04-29 09:31:58,2017-05-19 14:14:46,2017-05-26 00:00:00
38fcd65b163e9fbd649c5135e629bfbb,84cf34a198e8a9fd8e7187e16dd4be33,delivered,2017-08-28 11:14:12,2017-08-28 11:25:30,2017-08-29 17:13:51,2017-08-30 17:13:15,2017-09-08 00:00:00
6981dcb7b07826f29c65ec408f8aaf05,ee92e58c6649ac95474430dab6fa47db,delivered,2018-08-17 12:32:54,2018-08-17 12:50:07,2018-08-21 15:36:00,2018-08-28 20:10:47,2018-09-03 00:00:00
808c4b75909ba91f23c1ef928f396822,9861f511b87644ae160dc9c9a0174596,delivered,2018-03-05 22:44:55,2018-03-05 22:55:33,2018-03-07 18:10:19,2018-04-10 19:58:44,2018-03-26 00:00:00
f6c8d57f0ca0ee7b2f2fd5d967ce4b4f,22cb1d75b185fb6f9b9c74e1033d4c87,delivered,2018-05-28 10:40:49,2018-05-30 02:32:06,2018-05-30 15:05:00,2018-06-04 12:09:38,2018-06-21 00:00:00
27314dd49dbc0ad19247637e181e7300,168928af643f9a9710fa8326f21ea2af,delivered,2018-07-16 18:58:58,2018-07-16 19:10:13,2018-07-20 11:36:00,2018-07-21 17:11:44,2018-07-26 00:00:00
a3a81e0b3771258744b5002e1ab03ee6,67755478d1f76b7e573bf3e70aaad22b,delivered,2017-04-13 00:27:41,2017-04-13 01:03:11,2017-04-13 14:56:40,2017-04-19 12:40:12,2017-05-09 00:00:00
958f10b7333a830595555f79d912d9ed,cd10bcfe736b79b143b73d75a63458ad,delivered,2018-02-11 18:58:47,2018-02-11 19:10:22,2018-02-20 01:07:36,2018-02-22 02:58:55,2018-02-26 00:00:00
79de12ad0d6a9e82e8f7bd4cb879a1a7,433ec07db94cb0bec531678bb93b8eaf,delivered,2017-03-16 22:26:33,2017-03-16 22:26:33,2017-03-22 15:00:16,2017-03-24 15:27:58,2017-04-06 00:00:00
a1119e009d1d91655405307f4c095818,f9059cdd98d27efa3952f1e0a42adb8e,delivered,2018-08-05 00:48:16,2018-08-05 00:55:27,2018-08-07 14:57:00,2018-08-16 22:22:48,2018-08-14 00:00:00
1c8e9b2af72bd475a280fe4e56ca4364,5abd71c24c8846922c08d60841d64791,delivered,2017-11-08 18:01:32,2017-11-09 04:31:07,2017-11-09 18:32:13,2017-11-14 21:04:58,2017-11-23 00:00:00
3fc22e5676244cf405146dd191909147,b4486bd4f78522e7a25d6e7b57f2800c,delivered,2018-04-06 12:48:10,2018-04-06 13:09:05,2018-04-10 00:38:41,2018-04-12 19:04:56,2018-04-23 00:00:00
b84a1e6e6311e6c40724fee7551a915b,5a586d62b6c78b4e174b51854c2e6912,delivered,2017-10-13 12:24:20,2017-10-13 12:45:19,2017-10-16 14:04:45,2017-10-20 17:33:41,2017-11-01 00:00:00
e47cf59b2f0c948b9520ccc50786f38d,3d38482ce9adfe02dd8a8760b81cc51e,delivered,2017-12-11 10:53:42,2017-12-11 11:11:20,2017-12-12 18:22:58,2017-12-28 16:32:59,2018-01-15 00:00:00
a4103c7de9d3906670a7ee8b5816788e,52749d51c74a23fd40b2d439d5c37857,delivered,2017-11-06 21:45:52,2017-11-07 05:31:35,2017-11-17 02:12:01,2017-12-01 16:36:07,2017-12-07 00:00:00
c509cd4cbd55c89e768d63aad28884c7,737b1298a317de65d412522aa016f2c2,delivered,2018-03-08 15:37:37,2018-03-08 16:20:29,2018-03-10 01:05:10,2018-03-16 01:36:37,2018-04-02 00:00:00
33fb6b947580ee29bd0c6babed6049c1,c3e417956cd7a0f2b6a77345cd4b682e,delivered,2018-02-06 17:20:56,2018-02-06 18:31:59,2018-02-08 19:17:33,2018-02-28 21:38:54,2018-03-14 00:00:00
3811f683228f7e91c35b0fd2a705af27,0cf6af50873c8ab4f2f4d4279c144860,delivered,2018-08-26 13:25:25,2018-08-26 13:44:08,2018-08-29 11:11:00,2018-08-30 20:04:52,2018-09-17 00:00:00
4d14cee530bddf889464f788f5cde498,8c0b305bd4a7d01a811b4ab3f1f72cd7,delivered,2018-08-13 14:44:16,2018-08-13 14:55:24,2018-08-15 12:49:00,2018-08-18 16:54:44,2018-08-20 00:00:00
bd9437912c7f33aee54e576b86b3a276,8a68185b204d777b24f90101c7f8fded,delivered,2018-08-08 22:32:21,2018-08-08 22:45:14,2018-08-15 13:00:00,2018-08-18 12:54:47,2018-08-27 00:00:00
5c28c78dd8f69a4e10a883d3e39c7ea3,bda761e43c2c1cb6d278e69acd0599bf,delivered,2017-04-23 20:26:50,2017-04-23 20:35:19,2017-04-25 08:13:13,2017-05-02 14:49:11,2017-05-11 00:00:00
ec13879c2b48a8a6baa9228be8899a26,8a5bce2cade5135eb087d5cbcfd469fe,delivered,2017-11-12 13:41:44,2017-11-12 13:50:29,2017-11-14 22:28:33,2017-11-21 19:21:31,2017-12-04 00:00:00
d029b3091a68a8ab2e4ed9cf13c5a1c7,93dc00b09dfe9b795707c31cfa9b05a5,delivered,2017-02-10 21:56:16,2017-02-10 22:10:14,2017-02-15 10:22:09,2017-03-01 10:49:12,2017-03-13 00:00:00
cb372bf76b5f494176aacb5496bf47af,0a2e444bd70cfacf79d005476d8936b5,delivered,2018-04-16 14:01:44,2018-04-16 14:32:36,2018-04-19 19:08:40,2018-04-20 19:42:15,2018-05-03 00:00:00
24016340d5156f96d37500c78a7fe591,23090a6b2fc85e04dcd36563dcfa1af5,delivered,2017-08-17 15:44:39,2017-08-25 09:30:19,2017-08-29 19:10:50,2017-08-31 20:36:03,2017-08-30 00:00:00
4091c3d8c6357f7a8b14001559887fb7,c9f18dccb20350c80e830a0f7850ca65,delivered,2018-04-26 15:44:14,2018-04-26 17:09:49,2018-04-27 15:10:00,2018-05-04 18:06:54,2018-05-16 00:00:00
d5d08730b15d0799c76800c15449af9f,fa1064684b5d941b46f92cc7429e13f7,delivered,2017-06-09 09:14:38,2017-06-09 09:30:12,2017-06-12 17:11:01,2017-06-25 11:38:05,2017-07-11 00:00:00
ae00cdde0e6aeef54ffc9a826d1af282,61a3618acdd8ed6782365c61daa8c0da,delivered,2018-08-24 11:17:45,2018-08-24 11:30:52,2018-08-27 14:35:00,2018-08-28 21:12:29,2018-09-04 00:00:00
da8e92c95f6211d869cc1ed980065ed0,b3d7539a250e20ae9c55ce217deb3fda,delivered,2018-04-30 21:09:25,2018-05-01 03:15:38,2018-05-04 14:16:00,2018-05-10 10:18:31,2018-05-30 00:00:00
a4e68ccc93701454c492e5c54e86c9a2,602d4393e0e91f3301fee354903df2f9,delivered,2018-02-28 14:45:36,2018-03-01 02:49:14,2018-03-01 20:34:06,2018-03-14 16:28:28,2018-03-26 00:00:00
a73bd3df7636cc65bc93f7a84d0ffb7f,da58212788fdcf3cef308aa916402b34,delivered,2017-10-07 20:58:11,2017-10-10 03:49:34,2017-10-20 16:29:30,2017-10-24 19:39:42,2017-10-25 00:00:00
6ea7e442800f9312afc0f2a43b3d0913,7680649ca55bb9b7db24eeebf055a87b,delivered,2018-01-06 12:37:10,2018-01-06 12:48:23,2018-01-11 00:52:28,2018-01-22 17:07:00,2018-02-09 00:00:00
248ed74704a24435e9ee328132047c41,50951904082363f9436bfc5e535194a8,delivered,2018-04-13 17:11:33,2018-04-13 17:31:44,2018-04-24 22:31:38,2018-05-04 21:46:33,2018-05-16 00:00:00
481cc1808e96be16f9a098544f03a680,d6dee31a8528d1a9f292823e9d5f1320,delivered,2018-08-06 11:28:05,2018-08-06 11:44:31,2018-08-07 13:12:00,2018-08-11 02:27:47,2018-08-16 00:00:00
45026cb636ca6934b7fa98e965f53d96,7071ae1d5f4717f7b02d13806ad39c11,delivered,2018-05-21 14:51:10,2018-05-23 02:55:02,2018-05-23 13:45:00,2018-06-04 14:28:48,2018-06-06 00:00:00
c9a4157fc325f9df022d812f02226d85,b0d0fce932ac7535729c50e497c93b21,delivered,2018-05-16 23:04:37,2018-05-17 00:17:54,2018-05-17 13:40:00,2018-06-14 14:08:43,2018-06-05 00:00:00
4694458ee0430378cac9d675e2a38d8d,c8b69e2ce6b4d203b357e85223698abd,delivered,2018-04-03 13:25:29,2018-04-03 13:48:50,2018-04-04 19:26:26,2018-04-09 18:50:59,2018-04-13 00:00:00
b02983703060845dbc7fe979ceaf2c3b,24e7a957667cacd36af3e168d90ef0e2,delivered,2017-03-24 21:46:40,2017-03-24 21:55:16,2017-03-29 11:44:11,2017-05-23 13:37:39,2017-04-25 00:00:00
a917fd220ca94e02920dba0ceb656a74,b9030b17321f785b2e724542980e9298,delivered,2017-03-15 23:15:28,2017-03-15 23:15:28,2017-03-30 14:08:05,2017-04-03 12:47:47,2017-04-28 00:00:00
08ae4b03138c7c51262c05f8f6e58b74,52ea385b266902d17ee55b5274787468,delivered,2018-05-14 20:42:43,2018-05-14 20:55:39,2018-05-15 14:28:00,2018-05-18 19:35:51,2018-05-28 00:00:00
4299be2dc8847aed47c08fea1f55e72b,1560565369c954453e3b159a3cb923f7,delivered,2018-06-07 17:21:27,2018-06-07 17:37:53,2018-06-08 15:13:00,2018-06-11 18:40:58,2018-06-25 00:00:00
faf1a9a55f20bf03661c87c19dae1d92,1118a63d07992f9327db7bf2e438d697,delivered,2018-03-13 12:54:08,2018-03-13 13:47:53,2018-03-14 18:21:20,2018-04-03 23:21:41,2018-04-13 00:00:00
e89b13d12a0a1f7d9e4c432de0363654,289a6b3181d1c9b33b780b4828887995,delivered,2017-08-17 22:17:09,2017-08-17 23:10:09,2017-08-18 14:14:59,2017-08-19 12:54:46,2017-08-30 00:00:00
e00d3f33450408f4b359426def9f3961,d6b7e7a65f2950210e2cf71bb27ef66c,delivered,2018-02-17 15:08:02,2018-02-20 07:27:21,2018-02-27 19:37:14,2018-03-06 21:57:23,2018-03-22 00:00:00
e20e66069c6d2f4cd62ea63b48bbaf4d,34110ec07969e8c17e77ad480149b4a0,delivered,2017-06-16 14:45:19,2017-06-16 14:55:11,2017-06-22 06:55:46,2017-07-04 12:28:46,2017-07-24 00:00:00
185f3c88eb92d5b40f579ab414bcad89,9ec61c16dff12967d7d5b87194ff59e1,delivered,2018-02-10 12:17:16,2018-02-10 12:30:27,2018-02-15 15:17:43,2018-02-23 22:19:19,2018-03-06 00:00:00
7ff67cebd15afdf4aa5e41c4e190ff74,2618045de24c23bdaa08835f094616e3,shipped,2018-03-27 15:43:32,2018-03-27 15:55:18,2018-03-28 20:28:58,,2018-04-23 00:00:00
36060588e66288fa7e3049a73519713d,c7dbe081294006397bf28311fcadac7f,delivered,2018-03-13 13:42:49,2018-03-13 14:28:19,2018-03-16 00:37:45,2018-04-05 21:38:27,2018-04-10 00:00:00
d8873bf094241e89baf8a0c73abe55d8,9d9cea6c5a4388d7800b29d5aa07c72c,delivered,2018-02-14 15:35:45,2018-02-14 15:50:41,2018-02-19 23:35:39,2018-03-01 23:14:41,2018-03-07 00:00:00
5eaf68e00853a2cdef0e961bcf5aeab4,35bf42c9aedfbb7735a9cd711296f57f,delivered,2017-11-24 13:30:59,2017-11-24 15:51:40,2017-11-27 17:48:03,2017-11-30 00:18:07,2017-12-08 00:00:00
0f4fb5e0b20cdd9ef2fe37b2627f2cfe,1f3d03a5979d8a4cb8858252df331d14,delivered,2018-05-16 22:06:09,2018-05-16 22:34:34,2018-05-17 14:33:00,2018-05-18 15:51:36,2018-05-28 00:00:00
8ee92f80d48a27d627bf77accdda8346,2da2f68d5ccedf627efc3a736744833b,delivered,2018-04-01 22:45:22,2018-04-01 23:30:22,2018-04-03 21:36:28,2018-05-03 23:22:13,2018-05-24 00:00:00
e347e50c95a9f11701dfa070189e7e57,6285ec69588c97e2f1ef51868222b3f7,delivered,2017-07-24 20:12:30,2017-07-24 20:25:12,2017-07-28 17:32:47,2017-08-02 21:34:02,2017-08-11 00:00:00
63eced9d22684a7634b9a451c38d1ee4,aed92fd59e0641ff1de13658f611bb16,delivered,2017-05-28 22:42:02,2017-05-28 22:55:10,2017-05-30 06:11:04,2017-06-16 16:55:09,2017-07-03 00:00:00
4ef546f6f1165d23cd5134e9c5ab83d7,381e2ee728da26e580677f26fe7a952c,delivered,2018-02-15 10:50:46,2018-02-15 11:07:48,2018-03-02 21:46:32,2018-04-09 23:08:36,2018-03-08 00:00:00
ecbab81179cbb13a351e75f9ba7e602d,f1507c57c4d52d7a4e7cac26d6f7bc5a,delivered,2018-07-24 11:54:43,2018-07-26 03:25:14,2018-07-27 15:01:00,2018-07-30 14:34:49,2018-08-01 00:00:00
08451f484ac3dba5140399d0b7e0a829,552215a43eb8963b5ea631bde3e63bc5,delivered,2018-01-02 10:32:22,2018-01-03 04:33:26,2018-01-08 19:42:58,2018-01-22 22:19:07,2018-02-14 00:00:00
39eb0a2c097fa14b378cc8a8005f4121,a4889ee4f068c80d6e5d5adc2f36de1e,delivered,2018-06-30 09:20:39,2018-06-30 09:30:32,2018-07-02 19:05:00,2018-07-07 14:21:26,2018-07-17 00:00:00
f964282723f7e8deef2e3054f5f790d4,f1c8bca25ab72158e4721761b51d7256,delivered,2018-03-23 17:45:48,2018-03-23 17:55:26,2018-04-10 02:03:01,2018-04-17 17:44:44,2018-05-02 00:00:00
48a57e0bc8bf84266cba1916fc7ed49c,2c00f48bd55a5b15e9cee392f6e5d313,delivered,2017-10-09 15:29:20,2017-10-09 15:49:24,2017-10-10 12:04:55,2017-10-11 18:42:26,2017-10-20 00:00:00
d7c6e4c4fa9ac28198cf5b26fc5bf685,6c99ffcafc9b80b9f599030731ac7d5b,delivered,2018-01-30 14:47:47,2018-01-30 15:11:19,2018-01-31 00:33:36,2018-02-22 19:04:59,2018-03-01 00:00:00
475affea61b7146f34458942fc4314b5,e6557efa505b53ac452221d438e7829d,delivered,2017-12-26 11:05:29,2017-12-26 11:13:29,2017-12-28 23:44:52,2018-01-11 02:23:31,2018-02-05 00:00:00
2739713764165279791b394484947e2d,05ba7b56ea0e3fb3b1af77cdae45d6f3,delivered,2017-05-06 17:54:59,2017-05-06 18:05:11,2017-05-09 09:55:04,2017-05-25 19:04:56,2017-05-31 00:00:00
785d9cc9690385fee964390cf2038b17,9032c3b04eb2b425e8fd7ca5fa908de7,delivered,2017-03-01 15:17:51,2017-03-01 15:30:21,2017-03-03 09:27:35,2017-03-13 08:51:53,2017-03-22 00:00:00
4fa3be02f276a2797e6ee60fc4688210,6cabfb7c68f8f61e3363df84fcdbc2fb,delivered,2017-08-12 15:43:18,2017-08-12 15:55:16,2017-08-14 16:26:33,2017-08-25 19:52:53,2017-09-12 00:00:00
e3e2cb00e99c9e726151683fe032019e,9ec2d4773fd2813b090ef1bd1ee9c2bb,delivered,2017-11-19 14:47:50,2017-11-19 15:06:08,2017-11-22 17:51:14,2017-12-17 17:58:35,2017-12-11 00:00:00
71e0f584a78d917d459abe222c67b1dd,febbd4e6ae909a20c180224056434c39,delivered,2017-10-24 09:32:14,2017-10-25 02:08:32,2017-10-30 14:45:19,2017-11-03 17:28:23,2017-11-10 00:00:00
8c499d28f56a1a121c303a65350537f6,f30d3e45f0c8c303e505c1e4156e6486,delivered,2017-08-04 08:01:02,2017-08-04 08:15:10,2017-08-07 11:59:59,2017-08-11 22:36:00,2017-09-05 00:00:00
77850ecb19783b9c81c2097568e6b4d3,933c5933d4324bed8e5a71e0d29aa42a,delivered,2017-11-29 23:50:48,2017-12-01 23:55:04,2017-12-05 00:41:40,2017-12-06 14:04:16,2017-12-15 00:00:00
c8a0e08123c9e8c38daf82bc0e696b1b,27f30fbacb7c9678aac1a25491cbdd20,delivered,2018-07-07 19:26:13,2018-07-11 03:45:39,2018-07-12 14:40:00,2018-07-14 14:21:42,2018-07-23 00:00:00
eddf262f362444dbd097ffd397117611,e2a24090f81ea85d218b542924f6b753,delivered,2017-07-15 17:03:24,2017-07-15 17:25:26,2017-07-17 20:07:44,2017-07-18 20:07:41,2017-08-03 00:00:00
ff900ee0dc181d9cce2b0305140b60ab,01d53422b075158678043b0c49b83d66,delivered,2017-06-04 23:03:35,2017-06-04 23:15:17,2017-06-05 15:17:34,2017-06-12 06:22:07,2017-06-26 00:00:00
ceb58b0818e117cb6dc6c1030b89d8ab,eb2e5efe8d015ff0f7cf26a838260d4c,delivered,2018-06-11 12:23:40,2018-06-11 12:38:37,2018-06-12 09:51:00,2018-06-20 00:16:41,2018-07-05 00:00:00
61fd474f23e735d729ba931e1c63b25d,0afb9f2fc0523d0e5463246808c31e1e,delivered,2017-11-07 20:44:38,2017-11-07 21:47:09,2017-11-09 21:24:39,2017-11-22 22:36:54,2017-12-01 00:00:00
4483bebac87f089540f2e5be0a6589f6,10b7134ae8b326cdb2d42aedd3093bc7,shipped,2017-08-18 18:38:54,2017-08-18 18:50:19,2017-08-21 14:13:59,,2017-09-12 00:00:00
e11f0b384abcb645f460256db2f8795a,71a019df9723b570800021d598d2b096,delivered,2017-07-09 11:36:53,2017-07-09 11:50:12,2017-07-11 15:57:27,2017-07-14 19:29:43,2017-07-28 00:00:00
1349bbe7ded8d9342526c249d9e6ceb6,f900e5d6db823cc54c95b9347c6a6f4e,delivered,2018-07-10 16:34:55,2018-07-13 10:31:22,2018-07-11 15:00:00,2018-07-17 22:03:41,2018-07-30 00:00:00
fda1b1848274ffb1bd6f0e53da874592,7f64bfeafe266456de1f197dbbebde61,delivered,2018-08-09 22:11:46,2018-08-09 22:25:09,2018-08-14 10:11:00,2018-08-21 22:32:27,2018-08-28 00:00:00
4c79c1a76f404601675c1fa508a3f839,2275e4f0a4a8c3ea216920d67a97c2d7,delivered,2017-08-08 17:29:15,2017-08-08 17:45:19,2017-08-09 18:36:24,2017-08-11 19:27:20,2017-08-28 00:00:00
aa6007edd65e5c1396560755e4eaa6da,d33f06026283e831380c5b17a3210a44,delivered,2018-05-15 08:21:10,2018-05-15 08:35:19,2018-05-15 13:24:00,2018-05-19 15:58:50,2018-06-01 00:00:00
d07d2fccd1924a3b646f886c6d351c06,3a94f062b0c8cff9cd7bf62c540bd732,delivered,2018-05-04 11:48:49,2018-05-04 12:11:51,2018-05-09 13:45:00,2018-05-10 12:49:46,2018-05-16 00:00:00
dc282855b102a2d5cffe41332d73c196,b03e5dbf77ad3ea29b898e6b6a36d047,delivered,2017-07-04 11:56:02,2017-07-04 12:10:17,2017-07-06 10:21:30,2017-07-10 21:17:49,2017-07-27 00:00:00
274dcad5cc91fe9d87df96510c093836,2e151d2ee9e56cfd97ecd26f3a894885,delivered,2018-01-20 20:18:18,2018-01-23 03:52:25,2018-01-24 00:52:45,2018-02-01 17:37:01,2018-02-20 00:00:00
022e34b10acb0f74f51f03b3bf8d996d,63f88c298f90fa0472a1c82af364fb5d,delivered,2018-01-11 16:15:43,2018-01-12 16:09:04,2018-01-15 19:24:58,2018-01-23 20:32:50,2018-02-07 00:00:00
0b125520b605185e07783ab4fe8a398b,762e2f87a2fa9988aca913d5c04fb0aa,delivered,2018-03-16 13:05:40,2018-03-16 13:15:39,2018-03-17 00:42:37,2018-03-27 18:22:58,2018-04-11 00:00:00
89a6888756b6a8bf9cf5c81f13deccdd,5329a9a9ebc6f31af46808012eebc04d,delivered,2018-06-23 16:12:48,2018-06-23 16:35:18,2018-06-27 10:54:00,2018-06-28 22:08:49,2018-07-16 00:00:00
793911a69e2f83d9811135650117d9f5,be7e19936f34b0b8cf804e43a24046a6,delivered,2018-07-20 09:12:19,2018-07-20 09:25:15,2018-07-26 13:15:00,2018-07-27 17:38:36,2018-08-07 00:00:00
17a70e83eb50e571bca31389d0d9cef8,c23d38d662b0fd1638d5ff51e9189677,delivered,2018-04-29 11:36:05,2018-04-29 11:52:06,2018-05-03 12:21:00,2018-05-10 21:04:37,2018-05-25 00:00:00
c7526406e8d22d3ce710861fd3d5633a,d83fd9f13deddc99b735c9ad5a7fc43d,delivered,2018-04-16 18:19:59,2018-04-16 19:11:37,2018-04-18 22:41:34,2018-04-30 19:14:46,2018-05-14 00:00:00
5732ff3d673577d9e4f61f10e8d62a13,cc621583a15446fe45b11377aaab3b58,delivered,2018-08-16 15:53:48,2018-08-17 03:30:02,2018-08-17 14:01:00,2018-08-24 17:38:27,2018-08-30 00:00:00
cdc25bb2425136a5dd3858f8563a7f4a,65574f7cf6170bfa5072b1637f578f59,delivered,2017-08-16 12:02:50,2017-08-16 12:44:32,2017-08-16 23:05:10,2017-08-22 17:05:41,2017-09-12 00:00:00
dae67e58d2770b3ab2c43c03b4e76280,c8e84260971a95adbfc161affa0ebc15,delivered,2017-08-07 15:59:11,2017-08-07 16:15:17,2017-08-09 21:32:31,2017-08-16 16:52:16,2017-08-25 00:00:00
5e703e05bcb502963f75e2a2a2eb7b73,35b6033213b51c89ca1e4e35de9a45e0,delivered,2018-07-01 14:01:27,2018-07-05 16:22:47,2018-07-04 08:51:00,2018-07-20 17:11:48,2018-07-27 00:00:00
7bac1567c0592387d6b83a189f7d25ef,4a5642b29f7d0885758928dc7ec35909,delivered,2018-02-14 17:25:43,2018-02-14 17:35:32,2018-02-21 20:27:15,2018-03-14 18:51:44,2018-03-16 00:00:00
3d899cef0274e49a294ab4ee8bd2f9a1,5d2fe2b9a5f9cdb004efc538341af56b,delivered,2017-05-23 21:23:37,2017-05-23 21:35:21,2017-05-26 15:55:13,2017-06-07 04:24:32,2017-06-23 00:00:00
47560f374d347c495abc671b0b17409c,bf5fcc59ce732658031a1e686d56c807,delivered,2018-01-06 14:07:26,2018-01-06 14:17:58,2018-01-09 18:44:37,2018-01-10 14:53:28,2018-01-24 00:00:00
2d444d5acef311b6209ba38a423d4761,b25246d63db3c169e8d3de60ae2fb30b,delivered,2018-03-27 09:59:19,2018-03-27 10:10:20,2018-03-29 00:42:05,2018-04-16 20:38:35,2018-04-20 00:00:00
0550f231a3ccfd0e87217ef2e816c7dc,990029922809a9b5c5324b370973f67c,delivered,2018-06-17 01:47:19,2018-06-17 02:19:05,2018-06-18 08:02:00,2018-06-26 06:54:36,2018-07-12 00:00:00
f4264d035517830fb75d4dfced48ceee,d812a9b5f458bcf0843f65dd9f5253ef,delivered,2018-05-04 06:41:25,2018-05-04 06:55:13,2018-05-04 14:15:00,2018-05-07 17:58:29,2018-05-16 00:00:00
2eaf8e099d871cd5c22b83b5ea8f6e0e,9d53af6298240d4573ca6e52bcfa6c63,delivered,2018-03-21 11:22:23,2018-03-21 11:35:27,2018-03-22 19:38:40,2018-03-28 02:11:10,2018-04-11 00:00:00
410ca3e085e39bc0b10867c729d02e68,fdaf145c35746d0e51ff9139edd04694,delivered,2018-03-28 23:27:18,2018-03-30 03:10:28,2018-04-03 00:04:32,2018-04-18 18:38:49,2018-04-20 00:00:00
907ed6a0400bc09e3982627921b633ef,e67e8a66cdd16a22e19c38d452e5f137,delivered,2017-05-30 11:54:04,2017-05-30 13:08:04,2017-05-31 10:52:36,2017-06-07 13:55:21,2017-06-26 00:00:00
0a97f36e62839a22eb00bcc9a9160e70,3b3a45b3d25deef9424d8d639366b795,delivered,2018-01-10 18:29:58,2018-01-10 18:39:24,2018-01-15 17:25:06,2018-01-30 21:16:57,2018-02-16 00:00:00
6954f8261ff8147d4f4570c7d65990bd,8f8125a2e985b03e517f0ae3aa5932bd,delivered,2018-01-10 01:03:19,2018-01-11 19:27:36,2018-01-13 03:03:17,2018-02-18 15:46:28,2018-02-08 00:00:00
010e04b5f879320f29a9bd6ca41abc94,e5475160d45b86c1272caa11513641ba,delivered,2018-02-17 12:50:20,2018-02-17 13:06:43,2018-02-21 21:29:11,2018-02-23 15:46:53,2018-03-05 00:00:00
837a0e421299d67b3016cf712813c6dc,171d0cbbe596c404ce5ad628a8d7996a,delivered,2017-12-19 11:43:10,2017-12-20 06:59:35,2017-12-21 20:37:06,2018-01-08 16:19:49,2018-01-19 00:00:00
7cedc87ca678cbe2ce928829cee6bf3e,bad45dc1592582ddf3b8c63693f5e1cd,delivered,2018-07-04 21:19:44,2018-07-06 03:11:16,2018-07-06 10:33:00,2018-07-13 15:02:46,2018-07-25 00:00:00
7e7c209ab4d09fe584822fd6c054023d,4427dd566bcfaa58251f2bc671d371d8,delivered,2018-02-16 15:56:36,2018-02-17 03:35:40,2018-02-22 00:06:13,2018-02-27 16:04:58,2018-03-08 00:00:00
ac81fb6face0af1b93e2a059ad7b9f23,56cc3d34a7e03f5035d397c713bf79f3,delivered,2018-07-04 21:54:37,2018-07-06 02:51:16,2018-07-06 08:21:00,2018-07-11 13:03:36,2018-08-03 00:00:00
d2029f1813972cb83dd49c3c27fcd304,abf6ab643b15647ff39d48cb4bfb1019,delivered,2018-02-28 16:44:48,2018-02-28 17:21:19,2018-03-07 23:26:48,2018-03-16 17:16:53,2018-03-19 00:00:00
df08ff51513e6a2f36ead7c4d31ea894,118422d80d1e1fab2fb5cd1df5a8281b,delivered,2018-07-21 16:14:41,2018-07-21 16:25:14,2018-07-24 14:09:00,2018-07-27 19:38:46,2018-08-08 00:00:00
ee549c8601bac7512958d585769c8efa,22002f231d543f0aed21cadaa588ee33,delivered,2018-03-30 18:22:43,2018-03-30 18:30:25,2018-04-05 17:03:09,2018-04-13 19:05:25,2018-04-18 00:00:00
b464ee1388a53045be479da40e2ac03b,45d3f926989da0ed4943a7c036639bdf,delivered,2018-05-10 18:27:34,2018-05-10 18:57:24,2018-05-15 12:01:00,2018-05-21 12:44:31,2018-06-06 00:00:00
6740c73dc204155d7ea39a1c893b48c2,08ec4e081721ef212d38b5fec3c38ccb,delivered,2018-03-27 19:48:12,2018-03-28 07:10:12,2018-03-29 19:58:56,2018-04-16 23:26:50,2018-04-25 00:00:00
860e7b15d9daf5ec2b4357fb6cb57f43,50b85c2fe47c58405db256ecd413375b,delivered,2018-05-31 14:33:01,2018-05-31 14:54:46,2018-06-05 13:19:00,2018-06-11 21:38:48,2018-07-25 00:00:00
8bfba2619f60a7fd6612a51fa261b8df,2ba155b4bcc22e2f85fe93adf1b26f94,delivered,2018-01-05 09:43:00,2018-01-05 09:50:27,2018-01-08 23:34:19,2018-01-19 00:16:41,2018-02-02 00:00:00
2ed48d726a289639aa011e94ad6dcf87,5fd575147a58aaf9a1913193e2fb10bb,delivered,2018-07-19 21:24:55,2018-07-19 21:35:13,2018-07-20 15:04:00,2018-07-24 01:58:31,2018-07-30 00:00:00
150f2572fbbbe11b5b9532523f76b0c5,e11b6fe01de40f2b7fadd6fb0c01985b,delivered,2018-07-25 23:51:16,2018-07-26 00:44:22,2018-07-27 18:03:00,2018-08-09 15:52:03,2018-08-20 00:00:00
d5bd1d1b6a86a7398fdaf030ab3a6376,b8f457236c3b42ffd180f607aca087f3,delivered,2017-06-01 13:39:16,2017-06-01 13:50:14,2017-06-05 10:34:35,2017-06-12 12:33:47,2017-06-28 00:00:00
b39662e0f09931c6e3d392e873207658,bfab3ce69efcd5ed27377833a86bd7e0,delivered,2017-08-28 13:38:01,2017-08-28 13:50:14,2017-08-29 18:38:08,2017-09-01 22:42:17,2017-09-08 00:00:00
ffc2638415f3ce34e88641eef792c1fc,cfd66b47b20e40dc4aef3c309508604e,delivered,2017-06-06 12:34:53,2017-06-06 13:42:35,2017-06-07 14:05:22,2017-06-16 17:23:49,2017-07-07 00:00:00
1c2bab4c18a97c3bba457866ee72bdbd,9f582ffae8aecd135ae3d11fcd508c26,delivered,2017-09-20 18:46:25,2017-09-20 19:04:05,2017-09-28 11:53:39,2017-10-04 18:15:17,2017-10-16 00:00:00
73641b2238d71494b912033b7fddf8c2,47a47d6f1660eda0a4e72c96c8f5f90c,delivered,2017-06-02 11:27:29,2017-06-02 11:35:17,2017-06-02 15:30:04,2017-06-09 14:42:48,2017-06-28 00:00:00
d6ee1daae35ffddf0e578b557bb67d2d,eb767df0326883ff913470b7890acd6b,delivered,2018-07-16 12:07:29,2018-07-16 12:20:11,2018-07-20 14:25:00,2018-07-26 02:51:35,2018-08-01 00:00:00
c6952ba78d5adfd24e93300fc30718c6,7c95b947fc79968aecb72978e321a306,delivered,2018-06-28 14:06:15,2018-06-30 12:10:26,2018-07-02 14:05:00,2018-07-10 16:11:51,2018-07-25 00:00:00
6b3283bced42ff1c70f94eb1736fdabc,cca89c1caa9494d6a314e6ac71d1b159,delivered,2018-06-06 17:17:31,2018-06-06 17:34:19,2018-06-13 09:34:00,2018-06-18 18:11:51,2018-07-20 00:00:00
3e170726582244699b156f1c7044223a,6269066e0832481ece633f6d7d408a84,canceled,2017-11-06 15:47:20,2017-11-07 07:30:29,,,2017-11-28 00:00:00
c233116df4c703a062081f5dcf4399a0,d70aa0042cb87d2816c64151d3f4239a,delivered,2018-07-21 19:55:20,2018-07-21 20:10:14,2018-07-23 07:02:00,2018-07-26 23:18:48,2018-08-06 00:00:00
4550a99f6056026fc76c5030f0f45fe6,53b6d45cb9684a4b93e0ba2030222456,delivered,2017-06-24 13:10:07,2017-06-24 13:23:15,2017-06-26 14:52:14,2017-08-16 15:36:05,2017-07-18 00:00:00
a70cbddbc05271b2103fdd63f37034a0,26f8c9d8b0bd55432273ac668938f020,delivered,2017-10-12 15:06:17,2017-10-12 15:28:01,2017-10-16 20:32:32,2017-10-27 18:49:50,2017-11-01 00:00:00
4b6ef1d41ce53f5304987adf5842578e,48c044cb2a969ea6fad27f27a645851f,delivered,2018-01-16 15:32:22,2018-01-16 15:50:38,2018-01-17 19:14:15,2018-01-30 01:48:46,2018-02-20 00:00:00
f3a72c603e97e42ea0d97763df16c64d,19a570d8cc2b68d16de1d983542cf5c4,delivered,2017-10-10 23:17:10,2017-10-10 23:28:18,2017-10-17 13:44:54,2017-10-30 19:52:38,2017-11-10 00:00:00
6f00a39a2a8139be075d362106da2450,c6abf566917bff29d29997f019b128e2,delivered,2017-09-20 11:54:05,2017-09-20 12:05:44,2017-09-20 18:57:06,2017-10-02 17:34:09,2017-10-17 00:00:00
1445b855fa0df69380dbc1c056659617,12a2a853ef3497b0e1e8a1f48c21a754,delivered,2017-10-17 09:01:44,2017-10-17 09:14:23,2017-10-18 18:20:07,2017-10-19 18:53:56,2017-10-27 00:00:00
5453176b9efe473b9cfa5066e6b19ecf,f74b8400e88e151a220bc4269612059f,delivered,2018-08-23 03:31:57,2018-08-23 03:45:07,2018-08-23 16:03:00,2018-08-27 23:58:39,2018-09-05 00:00:00
d7a1546121d90a9aaae7a851291d2ac6,f778aadf83ae85d8364c56f1daf01234,delivered,2017-11-15 13:36:21,2017-11-15 13:50:36,2017-11-20 11:38:40,2017-11-24 22:28:29,2017-12-06 00:00:00
8d5be7c8d0ffed4ce5f1b92cefbc35e1,2db14524ba78aa532180308c222eac5d,delivered,2018-02-09 14:39:01,2018-02-10 03:31:19,2018-02-15 01:54:29,2018-02-24 00:37:39,2018-03-05 00:00:00
24f5dc88cf8969a2b269177862050e09,d63df49e9894d350985eb9fa7a1b0481,delivered,2018-07-28 13:17:15,2018-07-28 13:44:32,2018-07-30 14:47:00,2018-08-04 00:18:38,2018-08-15 00:00:00
c56d2279b4db3e7028c3d647e709cee9,f83a98c3dabb2a63bebb8ed4302ecbe4,delivered,2018-04-22 15:36:47,2018-04-24 18:44:37,2018-04-24 16:18:34,2018-04-28 02:05:11,2018-05-16 00:00:00
89a7352733b3aeb0fc18bb034b52cc5d,7d82a13709e99b26885a188cf59d88cf,delivered,2018-07-17 17:39:51,2018-07-17 17:50:16,2018-07-18 15:54:00,2018-07-23 18:21:27,2018-07-31 00:00:00
3b765f9447a0beec30098534b2ebaafb,3f53d1d06edab0a2131193a1726e0d48,delivered,2018-03-15 23:08:46,2018-03-15 23:28:24,2018-03-16 18:27:43,2018-04-09 23:03:16,2018-04-11 00:00:00
541b54f009facbcd67def4fad5d0fce7,5614ed9607d5b54560ed4b3179b602f7,delivered,2018-08-01 14:11:25,2018-08-02 09:15:17,2018-08-02 11:42:00,2018-08-09 00:39:44,2018-08-27 00:00:00
dc2b293e65fec525f3c63286396e2b79,867a30b253f86ae579d823ef53ad5ace,delivered,2018-03-16 10:20:57,2018-03-20 03:28:48,2018-03-20 18:32:13,2018-03-22 21:41:41,2018-03-28 00:00:00
0a36782ef456fa3a812be422d9a3f8db,716cc4c139536f08fd1ebf0a8e6806d9,delivered,2018-03-30 19:20:52,2018-03-30 20:07:48,2018-04-02 21:24:29,2018-04-12 16:42:50,2018-04-25 00:00:00
87b732d9778eda3d298cbd97c22aba48,a0508b86d745112acd8e2ac4a1c3b02a,invoiced,2018-03-09 12:08:02,2018-03-10 03:35:43,,,2018-04-19 00:00:00
3f5fb1125ae84a342f0e9fd0ce2c2173,8ad4b31bad0fbff8537280aa3c22bed9,delivered,2018-01-02 10:51:45,2018-01-03 10:47:00,2018-01-10 10:46:23,2018-01-29 15:08:46,2018-02-01 00:00:00
045e9ebd4d41affc66333d58c3d107c1,359657fc25081d620ff7caa59068e261,delivered,2017-03-01 19:28:08,2017-03-01 19:42:17,2017-03-07 14:33:43,2017-03-13 13:05:17,2017-03-27 00:00:00
48db59db0fa80043cb67ca9990c96b4b,404077a979fd9f71e8faf8931fae497c,delivered,2018-07-17 15:01:30,2018-07-17 15:15:14,2018-07-27 12:46:00,2018-08-10 16:02:33,2018-08-07 00:00:00
0d56c8e03a50b02483786818f4e5927f,08c31cc9b1e1fd777d2c946298aa97b9,delivered,2018-06-04 21:50:38,2018-06-06 02:54:06,2018-06-06 10:00:00,2018-06-11 20:11:11,2018-07-05 00:00:00
54e7f1eb822580ef0e389f94a0500f3b,74dbd4c0c3f97452f1fa68bfe07b2485,delivered,2017-10-30 17:56:14,2017-10-30 19:31:42,2017-11-17 13:32:17,2017-11-29 17:09:17,2017-12-07 00:00:00
164dbb4002232a772ca7a4c9b51eec97,3cf85202261badd2a310a9add67b7cce,delivered,2017-11-08 22:53:22,2017-11-08 23:11:11,2017-11-13 16:21:50,2017-11-23 21:09:31,2017-11-28 00:00:00
046bc7c1d7122be13009a28d66977149,50a1e21aee11c07e29db5b8289876b9f,delivered,2018-05-29 21:46:28,2018-05-29 21:55:19,2018-05-30 14:40:00,2018-06-02 10:51:44,2018-06-21 00:00:00
7c0ff60ea08a0885a1404c299f7ed4f2,7b7ba461fc53c28a671aef86b651235d,delivered,2017-01-24 22:10:48,2017-01-24 22:22:10,2017-01-26 12:34:39,2017-02-03 15:07:45,2017-03-07 00:00:00
1f759fd184ad08e54531343b16330c03,00c23397b535962f65c89900d6a9ab22,delivered,2018-01-01 23:50:59,2018-01-02 00:07:19,2018-01-12 20:23:46,2018-01-15 19:15:10,2018-01-31 00:00:00
ccd6897360ebcf9ce2afc0406f25c49d,a7e0dd910fae801def20765c09b940cb,delivered,2017-12-08 08:41:48,2017-12-08 08:50:32,2017-12-11 21:13:30,2017-12-26 17:56:02,2018-01-04 00:00:00
d7b00090ed4c28c03afc316bc0a2ec17,421b26251df460215626e527be273792,delivered,2018-04-16 18:51:24,2018-04-17 05:50:39,2018-04-18 19:56:34,2018-04-20 20:41:31,2018-05-09 00:00:00
f1f053637dd55791fa3a8ae1df1f3605,fc0d9a9e8bf3d86e4162d3d417653265,delivered,2018-07-15 20:16:11,2018-07-15 20:25:32,2018-07-16 13:49:00,2018-07-27 13:06:55,2018-08-10 00:00:00
c97c5a964e8d8032ce2da2cbf89d2183,6c33cbd4386b1446b7402af88158ea72,delivered,2018-08-07 22:13:41,2018-08-07 23:00:06,2018-08-14 07:52:00,2018-08-15 19:03:34,2018-08-14 00:00:00
8bf34e270470d172db01882f498e9162,19ca718ca118d6c21c6b86e62cb17e38,delivered,2017-12-03 21:15:23,2017-12-05 04:12:21,2017-12-07 22:57:03,2018-01-05 13:05:46,2018-01-02 00:00:00
0c956783114b7ac9633e16c494c191ce,7556392e5dea50250680dc5e7674cc7d,delivered,2018-01-14 20:05:34,2018-01-14 20:14:25,2018-01-16 20:03:20,2018-02-06 01:43:56,2018-03-02 00:00:00
b42698338d2b2ccf0442a04266178a4d,fb11202eb711bfb022738e48d945e80d,delivered,2017-12-06 14:07:41,2017-12-08 14:09:43,2017-12-12 21:57:07,2017-12-23 15:04:09,2018-01-09 00:00:00
d2d2c59f5bbcae1692a65207383dfac7,d3e737a1ccfc3920c35aedef87728de0,delivered,2017-11-12 18:13:17,2017-11-12 18:30:19,2017-11-16 19:29:33,2017-11-18 11:58:57,2017-11-27 00:00:00
ff7400d904161b62b6e830b3988f5cbd,11eee0e62a0b905cf878ff13c8aec4a0,delivered,2018-03-27 15:37:03,2018-03-27 15:51:53,2018-04-11 01:05:20,2018-04-25 16:32:06,2018-05-07 00:00:00
a5844c6ba1c0c2464b56dc6fa879b9bd,e988c9a3c46e62ceec5ce41fb13c1e4e,delivered,2018-04-25 19:02:45,2018-04-25 20:35:15,2018-04-26 14:01:00,2018-04-27 19:15:34,2018-05-08 00:00:00
9be011772d473c8a8c87e86029ab511c,dff0bed5a61853afcd53c726122e74bb,delivered,2017-05-15 22:05:34,2017-05-15 22:15:12,2017-05-16 10:50:35,2017-05-17 08:26:42,2017-06-08 00:00:00
b9bf3ca35663e0a6418676757f04ada9,95c149336929694fcd5da2490558f63d,delivered,2017-09-24 15:40:19,2017-09-26 03:56:22,2017-10-03 14:23:22,2017-10-08 15:16:57,2017-10-17 00:00:00
db7c8964a4c3537e6c818b1648f93f7e,f32da284a97b168b4668161a97e26068,delivered,2018-02-13 17:47:24,2018-02-13 18:40:33,2018-02-22 20:35:51,2018-02-23 23:38:43,2018-03-01 00:00:00
ad950ca26cf8bcb793630d2d8652a562,c6f9b478f1fd8409f4220e7c2a0b35f0,shipped,2018-06-04 14:51:21,2018-06-04 15:11:14,2018-06-07 13:48:00,,2018-06-20 00:00:00
0029c5db35ef291ce99d1262012e7daa,2f08bf21468eccdf69598582d4b89fb5,delivered,2018-08-25 00:09:40,2018-08-28 03:50:23,2018-08-29 13:24:00,2018-08-30 18:34:37,2018-09-03 00:00:00
06a10466a6e3befcdcb37637948fea4a,e9c1cfe35390c67f7f399f9a89c32714,delivered,2017-12-07 15:26:51,2017-12-07 15:37:25,2017-12-08 22:36:33,2017-12-11 22:54:44,2017-12-28 00:00:00
d2f270487125ddc41fd134c4003ad1d7,cc803a2c412833101651d3f90ca7de24,delivered,2018-05-31 22:57:07,2018-06-02 19:50:18,2018-06-04 08:12:00,2018-06-05 20:42:09,2018-06-28 00:00:00
73d60420cd1a179b2d8887d538efe4c2,65d9213dfa004c17dc126503e106e4a3,delivered,2018-08-07 10:52:58,2018-08-07 11:05:18,2018-08-08 08:31:00,2018-08-22 17:02:23,2018-09-04 00:00:00
fd7614f4a4ea68c177055fed7fd72724,09a8b7bb892b1e1e1d6fe4ba1d727ce6,delivered,2017-11-24 22:28:29,2017-11-25 01:34:03,2017-11-30 19:42:04,2017-12-04 18:03:30,2017-12-19 00:00:00
bb8d02c6bd5c148f41176b66ee1ae726,2ab6da3352a583231f68a16897fff0c6,delivered,2018-08-02 12:07:08,2018-08-02 13:05:24,2018-08-09 14:39:00,2018-08-24 22:42:04,2018-08-24 00:00:00
26a0511a8dce1ef6bc00ba48435b7081,a01f0880ddd293fb2bb6c7fe8e27168f,delivered,2017-12-03 18:15:14,2017-12-03 18:32:20,2017-12-05 14:47:00,2017-12-07 18:58:16,2017-12-20 00:00:00
cf294fa94a0447972779fea6fc5516b5,ed340a6ffcb1840c39a8fd0e2315ca96,delivered,2017-06-12 08:37:43,2017-06-12 08:50:10,2017-06-14 06:39:52,2017-06-27 18:32:34,2017-07-10 00:00:00
8d1daca67652606d9d9f175aefdb81e4,797d1e3741fdfda577a9b02cab82cdbc,delivered,2018-04-28 19:52:09,2018-04-28 20:13:45,2018-04-30 14:53:00,2018-05-02 17:44:23,2018-05-17 00:00:00
292fa4655c8e30747b2b465a8f4d14f7,70a4565a0e2423f8bd3ba63125c901d1,delivered,2018-02-27 13:31:20,2018-02-27 13:48:42,2018-03-01 20:56:38,2018-03-02 21:24:42,2018-03-13 00:00:00
33b29e8bd147f9f03bccfbfb72aeb3ee,93afa747dda61094851bd7130fb7f10d,delivered,2018-04-18 19:40:39,2018-04-18 19:55:15,2018-04-19 20:24:52,2018-04-23 18:27:50,2018-05-07 00:00:00
57d81bf4762c3335d0c6f021fe001856,9b609409c2f5529b2611bf351bea54ac,delivered,2018-06-04 15:40:40,2018-06-04 15:52:17,2018-06-05 12:05:00,2018-06-12 18:04:49,2018-07-16 00:00:00
0c0b20eb744a9c5ec1611dfd81da6165,fe1cc174642276d82248a481bc4c083a,delivered,2017-05-16 20:39:33,2017-05-16 20:50:16,2017-05-19 10:59:16,2017-06-05 16:37:39,2017-06-21 00:00:00
7449c09ba5f15012c1927e8230c8fd07,0809e0b370690be39f2dc671c3862b78,delivered,2018-05-02 09:12:02,2018-05-02 09:33:07,2018-05-07 13:25:00,2018-05-10 20:24:28,2018-05-24 00:00:00
fe64ddc89b78b25109183dfb7fbc2629,2661ec0f4f32504deec828788a845b93,delivered,2018-06-30 17:07:08,2018-06-30 18:09:58,2018-07-02 14:34:00,2018-07-10 23:38:45,2018-07-24 00:00:00
fa4eeae144542e75599b6c80c63ddcf8,640291be50de1838bfab7d559813abc0,delivered,2017-06-02 21:44:20,2017-06-03 02:25:21,2017-06-06 13:51:16,2017-06-08 12:52:01,2017-06-27 00:00:00
472e314958770ffe7ae241a5af43fd93,bfd64aef91cadd13fb53d56829fe57ee,delivered,2018-03-01 09:28:42,2018-03-01 09:56:00,2018-03-02 23:38:30,2018-03-11 11:18:44,2018-03-19 00:00:00
f37d724af2a6e8663e5de52bc2f7acc3,bd547868155fdb22bd7f86e7c6c8e20d,delivered,2017-05-28 15:08:30,2017-05-28 15:15:16,2017-05-29 15:44:52,2017-06-08 15:07:30,2017-06-26 00:00:00
d6c071bb6550e03c4ec129f737acfc3d,53c76ca9d4881696c5887129d2fc0b4e,invoiced,2018-05-18 14:49:51,2018-05-18 15:15:16,,,2018-06-06 00:00:00
86910652898666a37fe407a7a92bc785,f2b2cad75b692e1090c1673804215cba,delivered,2018-02-14 22:24:28,2018-02-16 14:32:11,2018-02-16 22:37:17,2018-03-02 21:16:59,2018-03-12 00:00:00
e8b6cca7cbf957842422d0dca2d1e577,264a54d065d7a43fa179aac655c854e6,delivered,2018-06-18 19:51:14,2018-06-20 03:18:08,2018-06-20 14:21:00,2018-07-03 21:48:50,2018-07-20 00:00:00
53fa1584e9fc3d9b50f19da601874fd5,c348bc75888d19850f16cc205013a3af,delivered,2017-09-13 08:03:54,2017-09-13 08:24:41,2017-09-14 08:41:59,2017-09-16 13:57:36,2017-09-27 00:00:00
dc072bc7f25f21ccf376b9aa0150b114,dea7729c9566d17d0f701f1a4c5aa145,delivered,2018-01-27 21:39:41,2018-01-30 04:31:11,2018-02-01 14:48:34,2018-02-08 17:44:14,2018-02-21 00:00:00
d8491c56b44ec1c37341c6cc5c93ad39,9a96ff7d201877cb046061e56a131772,delivered,2017-06-14 14:05:18,2017-06-14 14:15:17,2017-06-16 14:37:52,2017-06-23 11:42:10,2017-07-07 00:00:00
7c65caaf993acf13ce6a8c0aba410801,ccc8cce5e9a3019affcd01b0371b3818,delivered,2018-01-03 15:19:57,2018-01-05 02:36:29,2018-01-08 20:16:08,2018-02-06 17:27:39,2018-02-01 00:00:00
3474ca488caa4b58cbe37399ee9d4230,c7d919ef7a82d071ba104aa44c17f548,delivered,2018-04-27 16:57:41,2018-04-27 17:51:31,2018-05-04 15:54:00,2018-05-14 16:06:52,2018-05-28 00:00:00
9446587feaf53c5f0050224c099c80e2,f1ef63497675a0ec947e46f017aaa8b6,delivered,2018-02-02 14:26:45,2018-02-03 02:53:51,2018-02-09 23:13:16,2018-02-10 12:56:02,2018-02-20 00:00:00
7c58dcf5d201ca2fd658c793e425c290,0633eae47988f27a0d5347dddcb736ab,delivered,2017-06-12 18:37:31,2017-06-12 19:05:18,2017-06-13 08:13:06,2017-06-19 21:04:46,2017-07-03 00:00:00
9f2940e7c87aa56f8dab37ac0be23138,7b29196772d29a64d56a75a9b3e8b5a7,delivered,2018-03-22 13:46:39,2018-03-22 14:09:14,2018-03-23 11:28:48,2018-03-26 22:16:54,2018-04-04 00:00:00
781a5363351ca70e29e1ee43c297255d,a68cb1476093497f63ecc0e8f8a700df,delivered,2017-11-26 18:45:34,2017-11-26 18:54:26,2017-11-28 03:04:15,2017-12-10 17:29:11,2017-12-15 00:00:00
bc5c3e5c0d461286c2e22f90ce022e3f,826b3d6dca34095b2a33738fee76bf21,delivered,2018-08-15 15:08:44,2018-08-15 20:27:05,2018-08-16 13:43:00,2018-08-24 19:03:31,2018-08-30 00:00:00
a0d5633fe92946ea39b59d2fd89d249c,2936a5186c34f7fa84440ad1a34d385a,delivered,2017-12-28 15:32:45,2017-12-28 15:47:35,2018-01-05 22:59:18,2018-01-16 22:13:29,2018-01-30 00:00:00
ce7be9c906c372368c7786881d6a6842,688d5dc30311f2b5c9deb3776842896a,delivered,2018-01-29 14:39:12,2018-01-29 14:51:18,2018-01-30 14:15:15,2018-02-08 16:26:46,2018-03-01 00:00:00
59d227c2a7283050197703ca057505d9,6b025dc026b0c04adcc72779f048826f,delivered,2018-03-06 12:29:50,2018-03-06 12:49:45,2018-03-07 23:18:54,2018-04-16 18:11:44,2018-04-02 00:00:00
5026ee6df4dbdda4bd738ab9943204c6,41c26b1d292218ff7bb631e05cebcb31,delivered,2017-08-26 19:08:13,2017-08-26 19:24:06,2017-08-29 18:43:00,2017-09-11 17:55:47,2017-09-25 00:00:00
3155d8e868068ec1a05318b9289b81e2,417d2b7edb0314e7f895d7ba3cab60cc,delivered,2017-10-20 11:53:25,2017-10-20 12:15:19,2017-10-21 14:38:05,2017-10-30 20:22:59,2017-11-09 00:00:00
9b623b8ed71c4e38c722cec8188768e3,a1804044f3a31ff4f8f6c010ab1af940,delivered,2018-05-25 09:12:56,2018-05-26 02:31:53,2018-06-04 12:58:00,2018-06-12 00:32:04,2018-06-26 00:00:00
6428d066760796cd8507fb537438172d,0a389ea18d794fc404c7bd3ae4b7cdfe,delivered,2018-04-03 13:22:38,2018-04-03 13:35:15,2018-04-05 00:46:49,2018-04-11 00:46:49,2018-04-27 00:00:00
9a46cdc990154fdd2ebac949bf7ebbfc,395069eda70baf27cf1253f86abfc22b,delivered,2017-07-25 09:06:22,2017-07-25 09:23:10,2017-07-27 13:04:28,2017-08-03 12:33:35,2017-08-16 00:00:00
55ef6f0a902bfd07ab9dc7b2e5906607,72b42984ec0c784fef6dd9f56948a4fb,delivered,2018-01-11 11:59:21,2018-01-11 12:08:56,2018-01-13 02:07:50,2018-01-17 15:45:18,2018-02-05 00:00:00
04770bff63a120fbf0eea1f62b84f8f0,830ed363f26a7624bd458c1931d348ea,unavailable,2017-02-01 21:07:12,2017-02-01 21:15:18,,,2017-03-10 00:00:00
69ff50d0173aad05585a5b5673d494c1,c84b575120e09c1ced166b272c960760,delivered,2018-03-04 20:09:47,2018-03-05 12:09:11,2018-03-07 21:17:07,2018-03-13 12:28:43,2018-03-29 00:00:00
35ed502e9353c59c2e4b347c901e2b25,55b8bcae96b7f292a286a258dbb3ce2a,delivered,2017-03-28 18:56:03,2017-03-29 02:22:47,2017-03-31 13:48:52,2017-04-05 11:56:23,2017-04-19 00:00:00
623c56e5c41b7214603a0fc7d3e7339d,5fa362aece79c1e57c8501bb3fedcc6c,delivered,2018-01-08 17:59:09,2018-01-08 18:06:28,2018-01-09 16:39:23,2018-01-20 16:09:27,2018-02-07 00:00:00
94d6a1da03f7ba05421efb67edc30cdf,8f7eee01eda928383638f39325f66b84,delivered,2018-05-13 01:04:51,2018-05-14 13:56:37,2018-05-15 13:36:00,2018-05-17 20:38:53,2018-05-29 00:00:00
66ecad7b5ce5c0df4e95f46d12076ed3,7553de5aa5baf90320a1430402ca931b,delivered,2017-12-19 13:20:41,2017-12-19 13:31:31,2017-12-28 20:30:02,2018-01-09 16:03:28,2018-01-19 00:00:00
d6a6d6c3e46448b6189d13089ab4cee8,892fcebefb372d07f764baa338babe36,delivered,2018-01-26 16:23:42,2018-01-27 02:40:40,2018-02-05 17:08:48,2018-02-10 16:42:32,2018-02-23 00:00:00
197be0df90e5b459a14669e32c8ce1ff,eb25918fe52d5eefd160d1cb5f574d7d,delivered,2017-12-01 10:07:12,2017-12-01 11:31:06,2017-12-04 12:10:00,2017-12-06 18:19:21,2017-12-26 00:00:00
231e08dd8d9fc8f16332da72a3375893,79d9a9799118ba3d40c7ffb9969e5d1d,delivered,2018-06-27 21:04:14,2018-06-27 21:31:45,2018-07-02 10:33:00,2018-08-01 20:41:57,2018-08-03 00:00:00
8bfcb216f3d8db5340f681b06b710f37,4448d246bfec54a2c2a36cf83cfc06f9,delivered,2018-08-20 22:54:11,2018-08-20 23:09:34,2018-08-22 13:16:00,2018-08-27 23:22:39,2018-08-29 00:00:00
0f924038b00d1f102e4d09bea4fa666a,e5df9583ddbe3f4f3857d9b667dfa609,delivered,2018-05-10 09:05:16,2018-05-10 09:35:07,2018-05-10 13:57:00,2018-05-15 17:48:53,2018-06-14 00:00:00
8ee5cab30019132affead27f19959ff2,9537f2addba8448428a3fd1a1add0656,delivered,2018-05-19 14:00:29,2018-05-21 08:17:49,2018-05-22 17:53:00,2018-06-02 13:21:30,2018-06-13 00:00:00
9615da76c321b025633e32cfface90e0,fa8799a9ec64801ba2f667ae83c9130a,delivered,2018-02-20 14:29:35,2018-02-20 14:48:15,2018-02-24 12:58:38,2018-03-05 19:13:56,2018-03-19 00:00:00
4efe746bf89c1976abde13a381aa452c,b7696f3033663a871d0663c2398861db,delivered,2018-08-13 13:08:25,2018-08-13 13:24:23,2018-08-13 15:56:00,2018-08-17 01:36:23,2018-08-23 00:00:00
5707d7b7dbb169114a7150ed635fd58a,6abd5e60b6594841f12fe05325396959,delivered,2018-05-14 19:08:11,2018-05-14 19:29:40,2018-05-17 12:45:00,2018-05-29 16:46:35,2018-07-12 00:00:00
068b0c2c80a022b71db91e7f44f5917a,18c93cf94b9ce20197cd914715d8258a,delivered,2017-03-03 19:15:35,2017-03-04 19:23:11,2017-03-14 16:45:40,2017-03-20 07:03:30,2017-03-24 00:00:00
ee29bed70e80a64a4f9536787477d196,b44ce4765f35926ee5c241c264ad05ab,delivered,2017-07-05 17:46:06,2017-07-06 06:45:20,2017-07-06 12:44:57,2017-07-14 17:57:42,2017-07-27 00:00:00
f7c507b533e4fabc5e2db5fc7884ab04,7ce384e154d68128080d1fed4af4be26,delivered,2018-03-22 16:10:48,2018-03-22 16:55:33,2018-03-23 22:46:32,2018-03-26 15:03:55,2018-04-06 00:00:00
b538c911276725b4521eb30417d2f4f2,f10a0728dd9a65395633cb333eead2b7,delivered,2018-04-07 16:26:45,2018-04-07 16:35:20,2018-04-10 18:53:56,2018-05-10 02:26:35,2018-05-14 00:00:00
a6ee9db107e8fd0fc14d99be85503396,5961519350384cda60159ca69ca3c8d2,delivered,2018-05-18 23:13:16,2018-05-18 23:38:21,2018-06-04 16:03:00,2018-06-05 20:04:41,2018-06-06 00:00:00
435db73adf48c7d649267db872d82a57,923d2d7b763040b969d0c05bbdbab3d6,delivered,2018-01-05 00:06:58,2018-01-05 00:13:22,2018-01-05 19:37:32,2018-01-12 23:35:27,2018-02-06 00:00:00
056a1317ffaefaa2dff2d9ecb54fc7bc,3c3cc3aa98327a4a14d761d165a30f32,delivered,2018-02-22 15:08:29,2018-02-22 16:00:34,2018-02-28 17:22:40,2018-03-08 16:29:41,2018-03-19 00:00:00
f06e135f2a783426a58b29014f2346b3,ca77bde16eec6e0f47598d105c08899c,delivered,2017-02-11 20:41:14,2017-02-13 11:43:14,2017-02-14 06:05:13,2017-03-02 15:15:25,2017-03-24 00:00:00
e359fd78a62541c3045c115073678c7b,769ced89f96c3883180bd5f0c360a366,delivered,2017-05-13 20:42:09,2017-05-16 03:31:00,2017-05-16 11:27:21,2017-05-19 09:22:07,2017-06-02 00:00:00
051b95df471b0bc57ac737b9d3057954,3c75d55fc69882d5c9e3a2b87c5fc54e,delivered,2018-05-14 21:19:49,2018-05-14 21:35:20,2018-05-15 10:42:00,2018-05-21 20:26:56,2018-05-29 00:00:00
c1298dde22013d58424f39ec4397f54d,c03d03f0137a4570806d8b2ba8c8afba,delivered,2017-12-01 17:53:35,2017-12-02 02:38:32,2017-12-04 20:56:50,2017-12-26 19:48:55,2018-01-04 00:00:00
f198fac7313547d738e4cce9fa0344ef,ac19b2774646d3b0b421c2bc58163874,delivered,2018-07-08 22:38:51,2018-07-08 22:50:21,2018-07-26 15:10:00,2018-07-30 14:43:08,2018-08-16 00:00:00
7f9452c3eadefff7f345a339489937ef,aa48045e1b356dad31ce9820e0170303,delivered,2018-06-24 17:42:15,2018-06-24 17:59:38,2018-06-25 09:10:00,2018-07-03 20:46:48,2018-07-20 00:00:00
6ccd16e549ce0ddb62d8a6ec81f50a8c,8a66ae446bb2be1a7f4d7fa00a7f3133,delivered,2017-06-12 10:10:17,2017-06-13 04:02:52,2017-06-14 13:07:53,2017-06-16 13:19:30,2017-06-27 00:00:00
8ef1c4b42bd6dd16b4793c1442342076,b57d239e0d3830c631f0fc60cb6fbc3c,delivered,2018-02-07 21:34:08,2018-02-09 02:50:35,2018-02-16 13:18:47,2018-02-19 23:12:57,2018-02-23 00:00:00
4d4810e2bd5834782a256daea7025330,e4f8c2a561051049fd962589006c062e,delivered,2017-08-13 13:26:47,2017-08-15 03:25:12,2017-08-15 18:22:52,2017-08-25 21:38:59,2017-09-05 00:00:00
2e2ae1b26bad0347f97312736a625b53,4f218b2a91896f429f5d39355ff421c5,delivered,2017-11-16 23:02:06,2017-11-18 02:29:40,2017-11-21 20:18:59,2017-11-27 17:13:02,2017-12-08 00:00:00
8a3d4b5cd5e2602d148ea8f0d12f0512,cc2442429887bd07a42a7481aa55efb6,delivered,2018-07-27 09:19:51,2018-07-27 09:31:19,2018-07-31 14:27:00,2018-08-07 18:08:38,2018-08-14 00:00:00
cbb8c3748ad61bcd4011720d8a58a3a0,a43feec22398d94452ebb06dba1ff80d,shipped,2018-08-17 13:11:13,2018-08-17 14:30:40,2018-08-20 13:41:00,,2018-08-29 00:00:00
ec65cd1d5b4b03d3d03e655f546d092a,ce516dd122ea7a60a3f1a76b6153e125,delivered,2018-02-14 16:44:29,2018-02-14 16:55:53,2018-02-19 19:21:50,2018-03-08 12:58:10,2018-03-13 00:00:00
259b2f71f29e6e67c6c737bb11e9b0a3,28e504d085ea728a2e15fb29b6d19533,delivered,2017-09-17 13:05:58,2017-09-17 13:25:13,2017-09-21 12:24:58,2017-09-28 22:30:13,2017-10-11 00:00:00
fd79fe34d2fd6389d56e726bfc0bff4f,6686fe53ca93846b096f9c1885fce063,delivered,2018-05-05 17:40:39,2018-05-08 04:35:34,2018-05-08 14:53:00,2018-05-09 19:48:40,2018-05-18 00:00:00
e0af6cabd937112402ed8cecb025d15d,e39da63e35dd7c9707e9870cba38e450,delivered,2017-02-23 15:46:42,2017-02-23 15:55:20,2017-02-24 09:47:32,2017-03-03 10:51:53,2017-03-16 00:00:00
37f4b362697f5c9826aee9c479b32bda,81147d80da983d1e3dfdb790f6060efc,delivered,2018-05-10 23:07:24,2018-05-10 23:15:23,2018-05-11 14:07:00,2018-05-18 17:19:59,2018-06-05 00:00:00
ad5538038b65b82a8d6b39d9dafde26d,cf6343c3fa71cf43abe9d4374d8d1f11,delivered,2017-11-25 10:01:43,2017-11-25 10:14:52,2017-11-27 22:23:00,2017-12-01 16:53:00,2017-12-21 00:00:00
5a528ee290cb0fa6e22acf467ea33c09,f09d58eff599c9908ddf3a4ea15e6348,delivered,2017-03-13 16:15:38,2017-03-13 16:15:38,2017-03-14 06:21:52,2017-03-21 16:15:16,2017-04-04 00:00:00
60f6dd1c9030b6132080d65599736d7f,c3eef4ca760d5f65dfa9f6aa4dbd4794,delivered,2018-08-03 19:21:12,2018-08-03 20:30:25,2018-08-06 13:11:00,2018-08-10 20:22:28,2018-08-15 00:00:00
19179eded4e54ba2c63655b3708f4fc0,3da491a8515480c29699a85b1c8f294e,delivered,2017-06-05 23:17:04,2017-06-05 23:30:16,2017-06-08 06:35:28,2017-06-19 13:34:41,2017-07-04 00:00:00
4d9600658f731503a9d1952aea2df44f,8f9ba4248de510aef617886c7caa8250,delivered,2018-08-18 09:20:28,2018-08-18 09:35:14,2018-08-20 16:08:00,2018-08-21 19:57:48,2018-08-27 00:00:00
e3bab59cbada81d5a3df124e0a95442e,7fda0b995d02b9df9f470da7c65729f5,delivered,2018-05-16 17:52:39,2018-05-17 20:51:58,2018-05-21 14:46:00,2018-06-04 15:34:50,2018-06-14 00:00:00
4ff9dbb3b682b9c1a8f93e22dce70106,8acb7867a1b2968030d945c538682170,delivered,2017-09-02 11:32:54,2017-09-02 11:45:22,2017-09-04 22:15:12,2017-09-12 18:37:37,2017-09-27 00:00:00
7325b4b6f6e7fecbd8450965f4bae948,641421e7a4129fa906e060ccdffd6cfc,delivered,2018-04-07 14:47:04,2018-04-07 15:08:03,2018-04-10 22:05:15,2018-04-13 15:19:37,2018-04-30 00:00:00
852908bf28a385d07db3148958c5a778,5081b7e78aaef36dc7407c9935fd6de1,delivered,2017-09-16 23:29:54,2017-09-17 01:10:36,2017-09-19 13:38:01,2017-10-02 18:22:31,2017-10-09 00:00:00
1116b4c0d6e3854854c9967dd1453113,31f86490c762d46b158dcee5e60bad98,delivered,2018-07-05 12:45:11,2018-07-05 16:21:06,2018-07-06 11:12:00,2018-07-12 17:54:44,2018-07-26 00:00:00
18987e54897a1baddde716aa4a01639c,c9abd721cd3e14892fc6c4144ab2744a,canceled,2017-03-14 09:27:08,2017-03-14 09:27:08,,,2017-04-10 00:00:00
9105267b46613c2a2957fc8fb48ba1b5,5694f481bcf5a3d6c1dedda7915d00c7,delivered,2018-06-04 16:12:21,2018-06-04 16:29:55,2018-06-05 10:15:00,2018-06-28 18:24:45,2018-07-12 00:00:00
a0f6c7ae15be8d8d8a0bb051bd84313c,86e38a0e0d9692b4d867a678af61ffa5,delivered,2018-02-18 11:42:38,2018-02-18 13:06:37,2018-02-22 23:17:07,2018-02-27 22:52:36,2018-03-15 00:00:00
d36a4e2b3b3896998031588f13c260d5,c64335028a4cef73ba5cda1786f497da,delivered,2017-06-23 18:26:25,2017-06-23 18:35:22,2017-06-26 11:22:57,2017-07-04 14:47:53,2017-07-17 00:00:00
a2d927607d821f3655717e2aa7eaa3f2,4322e859e67aa53741a70ac62ff35632,delivered,2018-02-18 21:06:15,2018-02-18 22:10:29,2018-02-28 23:22:37,2018-03-06 00:22:14,2018-03-21 00:00:00
d14e60d6698ad2394741f669a1b6c5ce,ca76bf6770afd75c6570ea8eed8544a5,delivered,2017-12-06 17:35:10,2017-12-06 17:52:58,2017-12-13 01:03:58,2017-12-18 17:39:06,2017-12-29 00:00:00
9e8de01f2fe105eaf6c6092b1ae4e86c,a22eab892e46faff3ec0ec311cd1f437,delivered,2017-06-01 19:33:44,2017-06-01 19:42:24,2017-06-02 15:55:28,2017-06-13 15:37:09,2017-06-27 00:00:00
31ce7a72b9fa6f054483ebecaf0aae60,60f7f8502847f8d1d87c90a5d8ef336c,delivered,2017-11-22 23:04:06,2017-11-22 23:13:30,2017-11-23 23:31:58,2017-11-28 17:47:55,2017-12-08 00:00:00
ca4c4373c93ec75ed15c1dbd97278ddb,3fce8cb477f908ca1fb25ec11ec0ca36,delivered,2018-02-20 00:47:08,2018-02-20 01:46:59,2018-02-21 18:54:58,2018-02-23 23:13:03,2018-03-06 00:00:00
748ba0fbe79f60119170501f3cba8b00,c5c5fb51c489561637f31ed6d8903056,delivered,2017-06-22 11:59:22,2017-06-22 12:10:46,2017-06-27 15:08:25,2017-07-05 14:32:11,2017-07-14 00:00:00
6794ab5374144f767116f479c562f7b4,0dbcd05590805375b6b0a913f2f7a876,delivered,2017-03-19 16:18:45,2017-03-19 16:18:45,2017-03-20 11:21:13,2017-03-22 06:54:59,2017-04-06 00:00:00
bcb1929cde2d1d71a630266c12337ae5,0c7281e55bdba7b1cd1fa2b1cc88101f,delivered,2018-01-24 10:47:56,2018-01-24 10:59:30,2018-01-25 20:49:47,2018-02-05 20:05:27,2018-02-22 00:00:00
10ccb4dc0cc0d605b71afdcf4584128e,e7a585d75baacb6b90108f280475324d,delivered,2018-01-19 14:06:44,2018-01-19 14:17:18,2018-01-23 01:58:34,2018-02-10 13:36:49,2018-02-09 00:00:00
a77c3672ed91bcc07448d37cfa69926c,b3fb9c5966693add36d343659bce6fec,delivered,2018-03-26 21:14:36,2018-03-26 21:30:10,2018-03-27 23:42:04,2018-03-29 18:09:28,2018-04-18 00:00:00
0150004d4d8eb63f9948de164da34e34,bca923b4bf0e608694abdc3e4f18c5b2,delivered,2018-05-15 15:13:06,2018-05-15 15:34:59,2018-05-15 14:58:00,2018-05-23 18:13:16,2018-06-07 00:00:00
2ac14ce16b95643b222e92188b0ddec5,89ee3b08086332a554ae83c810ef0517,delivered,2017-02-23 15:03:54,2017-02-23 15:15:16,2017-03-01 11:28:56,2017-03-13 13:07:55,2017-03-24 00:00:00
3a7029c0378a0b72c4be550c4e2dba69,6a62eecd03864fde7bcb252adcae7fb2,delivered,2018-03-02 11:01:32,2018-03-02 12:56:06,2018-03-05 23:33:34,2018-03-14 19:13:27,2018-03-20 00:00:00
6b956b34f99a7e528a43837f49924e51,aef26d1adcb6ff2f6028399cc3da4a8c,delivered,2017-03-23 22:58:35,2017-03-23 23:05:21,2017-03-24 12:34:09,2017-03-31 16:03:08,2017-04-17 00:00:00
c1bc9f391d11c8c81bc4dbe49a6a892e,745454cb92c05df2dac86352cdad7d65,delivered,2018-06-06 01:10:11,2018-06-06 01:32:58,2018-06-06 14:22:00,2018-06-20 18:03:46,2018-07-31 00:00:00
cb5945f4563c333d6e2c23de7b26af14,dad2b21e16e7936b4b84162eba89a991,delivered,2017-12-02 01:01:11,2017-12-02 01:14:24,2017-12-06 20:05:02,2017-12-08 23:42:19,2017-12-20 00:00:00
51d4a0d3885b80caea38806587b8fd0d,925a0eb9ac1cdfb35df44e25d9b2fa65,delivered,2017-04-26 13:51:45,2017-04-26 14:05:13,2017-05-04 13:53:49,2017-05-12 08:23:30,2017-05-31 00:00:00
74ebbb8c3eef6b29921c0022d89812f1,c05b6c7a545cce943ad58c96add11b1a,delivered,2017-04-26 21:24:28,2017-04-26 21:35:10,2017-05-05 19:56:43,2017-05-17 15:41:23,2017-06-02 00:00:00
7ba6a7d916b00e92079fab8874ab7cc0,967804e9c14eafdfbbc408e15636e4a0,delivered,2017-11-22 14:08:41,2017-11-22 15:07:29,2017-11-23 20:14:42,2017-11-30 22:39:05,2017-12-12 00:00:00
9ad9351ae71f76e5eba268bb2f667959,fcb084dadc25471f119e59cfe794aa99,delivered,2018-02-02 12:06:05,2018-02-02 13:12:56,2018-02-07 17:22:18,2018-02-14 21:05:06,2018-03-05 00:00:00
d2d05762a4554c9d93f8f26540eae8ad,5b43ef89a22571e7993b5179c5ab40a9,delivered,2017-02-14 12:58:05,2017-02-15 02:55:26,2017-02-24 06:49:07,2017-03-08 04:16:09,2017-03-21 00:00:00
d9f4579da734100b00a27235ccf86f4f,8e61477c30526515befee887d367217e,delivered,2017-11-22 22:38:17,2017-11-24 03:10:04,2017-11-24 19:04:33,2017-11-28 18:21:56,2017-12-07 00:00:00
feff6425f4657f07071d4e5c52cb97af,301ba01907a5eb0b500c272f8a7080c7,delivered,2017-11-13 17:36:45,2017-11-13 17:47:11,2017-11-14 18:58:06,2017-11-24 20:58:46,2017-12-01 00:00:00
ff4118746eaaed0d632211903070df50,dc8516f3d9bc99049e72ea4d386bc909,delivered,2017-07-07 18:07:10,2017-07-07 18:23:15,2017-07-12 18:39:55,2017-07-21 12:07:49,2017-08-02 00:00:00
539a1383b0bd9b963044945e607f1aca,3ae277cd8512be9edcf79c749218d3a0,delivered,2018-04-02 23:12:00,2018-04-02 23:28:03,2018-04-04 21:58:25,2018-04-13 23:08:48,2018-04-20 00:00:00
a6c422d2b642708cb8aabe049013a49e,77311c5e39497bf57a622362656e3c2c,delivered,2018-07-13 17:56:31,2018-07-13 18:05:15,2018-07-31 14:10:00,2018-08-20 20:12:46,2018-08-14 00:00:00
dc0265afb5f2ff28de815a866decb5ca,7038125d2dd44ff468225fbf448194f3,delivered,2017-11-27 18:57:50,2017-11-27 19:18:22,2017-12-01 19:27:06,2017-12-15 13:34:10,2017-12-12 00:00:00
1c1f19ca40392b67aa5f9627ad2d1029,2f66dd76c152cd335432a4f0a672d536,delivered,2018-01-22 17:42:03,2018-01-22 17:54:40,2018-01-23 18:26:44,2018-01-26 17:52:00,2018-02-14 00:00:00
a91fed0c79559403d648c1161a2d8500,d216a2192cf1da83e57ef65366823a04,unavailable,2017-10-30 11:46:41,2017-10-30 12:06:58,,,2017-11-10 00:00:00
0396488303af9f0a78feb9ffa7e48949,66966a2562fadcb3f9e3acbbfa9a4523,delivered,2018-07-19 08:11:02,2018-07-20 04:55:24,2018-07-24 14:40:00,2018-08-01 14:05:56,2018-08-16 00:00:00
ec0eba3b4fbad8fda2b94df042100196,23ac056687fd805b997f44076a13ba55,delivered,2017-11-26 13:20:03,2017-11-26 13:31:02,2017-11-28 12:59:11,2017-12-05 16:42:48,2017-12-15 00:00:00
309de5faf9baa8961fd068f3f4e44dcd,212faae3e5c3646879daad76a9f106b3,delivered,2018-01-31 00:05:22,2018-01-31 12:31:08,2018-01-31 20:46:45,2018-03-11 19:46:30,2018-03-07 00:00:00
0fe8b4edfb85dd0eb662345e71b30378,4ae24933ab2c07bc898c41418910a9ce,delivered,2017-12-27 14:29:52,2017-12-27 14:48:47,2017-12-28 21:41:36,2018-01-10 12:34:27,2018-01-26 00:00:00
34041ba8694b6808060aafda57f6075e,e98998055b4804137a020830903f93f2,delivered,2017-03-20 18:33:07,2017-03-20 18:33:07,2017-03-21 15:07:41,2017-03-23 15:56:26,2017-04-06 00:00:00
19cf1ad54fe41157e76ef5f1fc4eb56f,743196f54150c80a55c62d4f06f98f5c,delivered,2018-02-06 09:54:10,2018-02-06 10:11:45,2018-02-06 21:53:21,2018-02-19 14:37:19,2018-03-08 00:00:00
13d6f87da8ba3d0feb95e58ab304a9dd,6cd88d0226928a0dacf22cc590b5445e,delivered,2018-05-21 11:15:29,2018-05-24 17:33:05,2018-05-21 14:47:00,2018-06-12 00:03:33,2018-06-05 00:00:00
4b4b94ef72b5f4fe86ce88a01b54e7a7,ddb9c6f0cb74c12eb34320c2055fe311,delivered,2018-03-06 15:37:16,2018-03-06 15:50:34,2018-03-07 21:47:53,2018-04-06 00:06:27,2018-03-29 00:00:00
776cc854633798bbc35454ad5ca526fc,69d8787839797c188b245090d8241408,delivered,2017-11-11 19:08:16,2017-11-11 19:26:24,2017-11-14 11:22:39,2017-11-22 23:51:22,2017-12-05 00:00:00
06f39c67a9d68f76a8bfdb092852829f,8de55546e8d40ba8d5bda5aa4b70e955,delivered,2018-07-04 18:14:57,2018-07-05 16:32:57,2018-07-05 15:17:00,2018-07-09 21:33:12,2018-08-02 00:00:00
fbf6a5df377654baa14f40156140e563,6cd71f974e1d81ec38b53156b34621ad,delivered,2018-03-12 16:53:08,2018-03-14 02:55:26,2018-03-14 17:28:55,2018-03-21 18:03:18,2018-03-28 00:00:00
5b7aed674843fc9b20d1c4cef543a761,d53c6b90e37d56179bc7524f9570c4fa,delivered,2018-05-09 17:23:45,2018-05-11 03:50:17,2018-05-11 15:35:00,2018-05-18 20:18:47,2018-05-29 00:00:00
f0e12869508b76f983393f9207582cc0,9c025d5516aab09dd87d24084edc31aa,delivered,2018-08-01 23:32:19,2018-08-01 23:45:11,2018-08-15 13:42:00,2018-08-28 22:44:47,2018-08-27 00:00:00
d4c46523b1239f182b74fb0ea1c27f32,4f55f44c9af248a6ca6eaf50db58f480,delivered,2017-03-07 18:37:35,2017-03-07 18:50:21,2017-03-08 13:05:03,2017-03-14 11:17:30,2017-03-31 00:00:00
545c329642c609a7e1e3ab759eed9dc5,3c3c049325c77035023880ec5697cff5,delivered,2017-03-26 17:54:41,2017-03-27 18:02:53,2017-03-28 11:08:01,2017-04-17 12:57:44,2017-04-13 00:00:00
3124684fac5c06e0aa798a6c20b9413a,2ef489da4e9da946da422e562cd90860,delivered,2017-06-05 12:57:58,2017-06-05 13:10:21,2017-06-22 16:48:58,2017-06-28 15:19:39,2017-06-28 00:00:00
3dac54c0a4aff807cad8f1a56fc8e745,2bdae9a21abc7626c9a17dc8c6c3a940,delivered,2018-05-07 10:21:34,2018-05-07 17:30:11,2018-05-16 11:00:00,2018-05-23 17:03:31,2018-05-29 00:00:00
fba7187883a7973a78590253a251bd4d,efb23a9163bb0793cf158ad6934a9694,delivered,2017-07-31 13:40:31,2017-07-31 13:55:26,2017-08-01 20:22:45,2017-08-09 16:20:05,2017-08-30 00:00:00
a7c661b33cd26dc2d0fb5dd1fd34982e,c6beb736f4565ec28fa2fb77f7817686,delivered,2018-04-28 20:16:29,2018-04-28 20:30:54,2018-05-03 12:01:00,2018-05-07 19:11:52,2018-05-23 00:00:00
2cb453e2ea64689dceec47dc8f62369e,49125beca13f777065d0c12bed2053b8,delivered,2017-12-28 13:58:48,2017-12-28 14:07:13,2017-12-28 23:39:02,2018-01-08 15:59:38,2018-01-23 00:00:00
84db44d1e453bfa80871410a5a482793,1db709d59de22eef771af90c61190981,delivered,2017-08-26 23:56:37,2017-08-28 09:35:25,2017-08-28 19:53:44,2017-09-01 19:19:02,2017-09-14 00:00:00
bfcf79aaae774aa4030a0d2e2046c525,a27429e671f53ed883053fd2c9e33f1f,delivered,2017-08-10 13:44:51,2017-08-10 14:04:02,2017-08-17 16:52:37,2017-08-23 18:03:16,2017-09-05 00:00:00
ae64355e3524b8b5b283edd205cddf6b,fbe3a94442c03f51f582217691488b12,delivered,2017-05-15 14:09:21,2017-05-15 14:25:11,2017-05-16 10:58:00,2017-05-23 12:39:23,2017-07-12 00:00:00
cfc10f6abe847b1c43f9e440840dbf15,0e1359315cd319cb082a2c6fde718ff1,delivered,2017-11-28 12:01:25,2017-11-28 12:15:00,2017-12-04 18:53:22,2017-12-15 20:17:13,2017-12-29 00:00:00
cd0b902d14f0c8d23aa34f4d50bf7843,2b64781218424cfa0804acacae74a20d,delivered,2017-11-22 18:17:15,2017-11-22 18:29:54,2017-11-23 23:25:50,2018-01-11 21:59:32,2017-12-13 00:00:00
d1897146cbeab2b888285ca6264056a1,f07928d150a941fee3793cbfa6e62e1b,delivered,2017-09-06 11:57:49,2017-09-07 12:05:38,2017-09-11 12:23:46,2017-09-14 19:42:48,2017-10-02 00:00:00
4989d3c937d764f91bf6697dd572f524,9691ce8a708e7333d95a5b536021bfd7,shipped,2017-11-22 18:56:10,2017-11-23 11:37:53,2017-11-23 20:33:09,,2017-12-14 00:00:00
0381dc399ab9a6c55f83eca96907a034,a5802bdf6acdea92021a695149a8bbc2,delivered,2018-02-26 18:53:26,2018-02-28 10:15:47,2018-03-01 00:58:39,2018-03-15 23:48:50,2018-03-23 00:00:00
adeb87b732e8e3684863866c067aa9de,ad17aa4275b1b22d7add92a895a5d640,delivered,2018-08-21 10:50:17,2018-08-21 11:10:15,2018-08-22 14:19:00,2018-08-28 15:36:39,2018-08-31 00:00:00
25c8919c8c90673cb1774799b00f8fcc,20790af71322c268ea0a6cb7527ad8d6,delivered,2017-08-15 11:12:41,2017-08-15 11:44:00,2017-08-21 21:32:36,2017-08-23 20:13:16,2017-09-06 00:00:00
c7652e6a3ef3f4d2039957aec0fd766a,a579ad47e249a676a10c12e533a108f9,delivered,2018-02-05 20:05:51,2018-02-06 15:50:32,2018-02-07 17:52:58,2018-03-01 19:33:22,2018-03-13 00:00:00
749d73f14d7f582a7c7b12894d552da2,e265a180914056bc0152a2c2bf86721d,shipped,2018-02-14 13:28:09,2018-02-14 13:47:35,2018-02-15 21:34:42,,2018-03-07 00:00:00
97b22dcad89f4916db427544e655d1b2,a746c825432e5eaf2b8eeece33ca54b7,unavailable,2017-05-15 10:57:13,2017-05-17 04:02:11,,,2017-05-24 00:00:00
934c31cc6ed6a0aa597cf0ca07682dbb,751cfe7493f5c120bdee116e34ec8fc5,delivered,2018-05-12 09:09:31,2018-05-12 09:32:11,2018-05-14 11:55:00,2018-05-17 19:28:47,2018-05-29 00:00:00
594c301ae4607a70c9b289be38f66a4d,897be40d1ddae5f16951ff91789beebe,delivered,2017-05-21 20:12:33,2017-05-21 20:25:15,2017-05-22 12:17:29,2017-05-25 17:56:10,2017-06-19 00:00:00
d002eb4aca4f571c8be423868a738f93,600e4e92337a1567445b80030189ac49,delivered,2017-07-02 17:54:47,2017-07-02 18:05:23,2017-07-04 13:37:50,2017-07-19 16:15:22,2017-07-25 00:00:00
8530652c8cba532953c2736e8bd477ff,7c0916e6c811c2a6916d2ed0a2f1bf49,delivered,2018-08-14 17:28:12,2018-08-15 03:10:30,2018-08-15 12:53:00,2018-08-20 21:34:49,2018-08-27 00:00:00
a46dac4a7a15e660ad481ebac20f3d3b,2a55b31985ca766806f4be2033977429,delivered,2018-04-09 18:14:34,2018-04-13 12:34:24,2018-04-13 22:21:22,2018-04-19 19:24:52,2018-04-26 00:00:00
2650182d08952a9f43a4ead5a39630ad,b96e965aed0114174a389c1fa1b0bad1,delivered,2018-08-12 17:16:32,2018-08-13 17:15:40,2018-08-17 13:35:00,2018-08-20 19:28:49,2018-08-24 00:00:00
11ea58a620fd9de597a9f914ee52d9c9,d33318a9fa8aff8362757a45081c949e,delivered,2018-06-10 12:54:17,2018-06-10 13:11:38,2018-06-11 16:57:00,2018-06-19 18:36:49,2018-06-29 00:00:00
fe3c6e4834730e9f8d50983b1a47a13a,8da3f4e403993bca76f0e18b351f644c,delivered,2017-04-28 11:21:19,2017-04-28 12:00:47,2017-05-03 12:37:31,2017-05-08 20:37:34,2017-05-24 00:00:00
a2ac268c7f6bb42562090016bb6ffde1,76f1d2a2c6e86040dceadb280826855c,delivered,2018-07-31 14:00:46,2018-07-31 14:31:53,2018-08-01 06:40:00,2018-08-08 21:16:50,2018-08-21 00:00:00
ce385b0dc002b5dc50eb3e5faf0350b2,ef360e23b75ef84593c8811138651af3,delivered,2018-07-17 16:59:49,2018-07-17 17:15:10,2018-07-18 14:58:00,2018-07-23 14:06:37,2018-08-01 00:00:00
e6e659582f910de84f3b722cb6ac905c,be050d112c9ee1ef0568e37d42c304e2,delivered,2017-07-17 21:23:55,2017-07-17 21:43:18,2017-07-19 19:27:32,2017-07-25 18:57:32,2017-08-04 00:00:00
8faff12af96ce78eba0d5b1597d5baa9,4fa01e0af9f436cc5b6b2eb3fbbb6b1d,delivered,2018-08-11 22:51:13,2018-08-11 23:04:20,2018-08-13 14:50:00,2018-08-16 18:42:48,2018-08-28 00:00:00
22281a38dc31a9690f0a19ab47a45610,7f9572734bf4b2cebfe27eb8654806e4,delivered,2017-08-16 22:39:20,2017-08-18 02:46:09,2017-08-18 19:44:58,2017-08-31 21:51:35,2017-09-08 00:00:00
202eb2abbea8d44b14fc380afebe3ff3,b716a586d0c872c78094a69185aa8da3,delivered,2018-03-24 16:49:22,2018-03-24 17:08:04,2018-03-29 00:46:50,2018-04-03 19:31:54,2018-04-13 00:00:00
5c046e4039e459e61961dce13fdf1d7b,ac90434fffc6303325c5f0e3f7077131,delivered,2017-10-19 12:24:50,2017-10-19 12:35:17,2017-10-20 18:39:06,2017-10-31 18:48:51,2017-11-08 00:00:00
b466442834849de831692c9474402ba7,b0485a088a0c502c687f28d159d3c23c,delivered,2018-02-17 20:38:07,2018-02-17 20:50:34,2018-02-27 21:56:47,2018-03-05 22:47:25,2018-03-16 00:00:00
04791a70ae0e68a0fb50758b946b5195,6cc2669297113f79b91a3904a83c2da9,delivered,2018-01-23 22:06:04,2018-01-23 22:16:29,2018-01-26 16:12:54,2018-01-31 23:24:40,2018-02-15 00:00:00
bd939febd5fa2bc6fad46977e31c4257,d6f56dcbe9973301888241bf50ff4c50,delivered,2017-11-24 18:23:01,2017-11-24 21:36:01,2017-11-29 23:14:51,2017-12-12 09:32:14,2017-12-26 00:00:00
6a6a5e595e782a6d0de7abee5fab0b89,8f0b26345ceb1dd629eaecad15b37e45,delivered,2018-08-24 10:11:57,2018-08-24 10:36:08,2018-08-24 12:26:00,2018-08-29 16:51:28,2018-09-18 00:00:00
f52125f24dc9a5dd53c292410359460c,a1233b4436d4ce241f728d71cad69978,delivered,2017-02-13 23:08:19,2017-02-13 23:23:04,2017-02-16 14:29:14,2017-03-07 07:58:38,2017-03-28 00:00:00
da1a0dd3bf29adb14c8a77fca7388c11,68f3666fedabd658c5aae67697b67e61,delivered,2018-07-30 22:17:50,2018-07-30 22:31:32,2018-07-31 10:00:00,2018-08-06 22:39:20,2018-08-10 00:00:00
0cd4d3d4e2831e2089f43b6d7402c2c7,dff76d8f98864a042bde79ce48314dd9,delivered,2017-10-17 23:24:35,2017-10-17 23:49:10,2017-10-24 21:32:16,2017-10-27 20:50:07,2017-11-03 00:00:00
79ca165f6ef474ed0d3d2aee1ee1d095,e2a98952cebd52ecce28658d64153500,delivered,2017-12-16 15:51:16,2017-12-16 16:14:23,2017-12-18 21:34:46,2018-01-14 15:21:18,2018-01-16 00:00:00
a4736d7f64163c9072e4aaeeb18f3aa8,d3ba320dfb5cf664b1437a2c154aa2de,delivered,2018-01-29 22:48:04,2018-01-29 23:11:23,2018-01-31 16:18:28,2018-02-06 21:55:06,2018-03-01 00:00:00
ee43a8fc8d7293b0a446c29c3e913934,ebf7ad9ab29472ef86e651e2bbd582e7,delivered,2018-01-15 12:47:49,2018-01-15 12:58:21,2018-01-18 21:10:10,2018-01-27 01:48:44,2018-02-16 00:00:00
fd2a39a376a840fa97ed572777c2b0e3,cc764da4abdc404ac9519756af7149fd,delivered,2017-06-30 13:40:46,2017-06-30 13:50:23,2017-06-30 14:05:06,2017-07-10 18:32:19,2017-07-24 00:00:00
92108d9a563df7232a318d0736680ea5,6230e73c5f002546937e160fd6dcf9b3,delivered,2017-12-27 17:02:25,2017-12-27 17:11:21,2017-12-28 21:57:41,2018-01-05 22:58:54,2018-01-24 00:00:00
4850125b26ca8977d47c83f60df48401,172de855fb198a4dfe967b5ce2b21e34,delivered,2018-05-04 20:02:03,2018-05-04 20:15:21,2018-05-09 15:48:00,2018-05-14 09:29:04,2018-06-01 00:00:00
61f70a8bbfeb4e14d01039a3cb4140d1,c5daadc67f24429a77652eae92957c1d,delivered,2017-04-29 16:21:37,2017-05-03 11:42:45,2017-05-03 12:36:24,2017-05-12 15:27:40,2017-06-09 00:00:00
7201d0a0748fe3378ccb9ee146a4d0ed,27a5b0b6a1281ce3579c4f2f8f41761a,delivered,2018-01-17 13:49:47,2018-01-17 14:30:41,2018-01-18 21:47:33,2018-01-20 16:06:17,2018-02-01 00:00:00
4c62b34217c704b6986322911ea89c80,cecbb20844830d963fb3cfb5b2ea39d3,delivered,2017-10-17 14:09:47,2017-10-17 14:32:26,2017-10-19 11:53:34,2017-11-11 00:04:07,2017-11-22 00:00:00
0a1a904fb2f51218c9c7ce314190de36,30252efebc24559e1a26dbede516424c,delivered,2017-03-13 12:03:04,2017-03-13 12:03:04,2017-03-13 14:49:22,2017-03-16 09:22:08,2017-04-03 00:00:00
258d79062482663262a46174dc7d38f8,bfc6cd805c216b8daf35a8036a275c5a,delivered,2018-06-21 21:44:04,2018-06-21 21:58:49,2018-06-22 15:43:00,2018-06-28 18:34:47,2018-07-17 00:00:00
d228a9c137a2d23357ac9c661da7285e,5f119e53bce30c05dd6aa7e0365ed656,delivered,2017-07-25 21:25:34,2017-07-25 21:43:33,2017-07-27 19:45:31,2017-08-01 18:22:36,2017-08-14 00:00:00
960dbad4c14e64cd6b327fdccdb2d231,8fc9381fb48de46be39e00f9cac972fd,delivered,2017-11-23 16:06:57,2017-11-23 16:19:36,2017-11-24 20:18:23,2017-12-07 20:22:24,2017-12-20 00:00:00
8dae9d1421512248b0b7113ec0d7554a,49065351ab79ef2611f7737bd768a962,delivered,2018-05-12 10:23:13,2018-05-12 10:52:16,2018-05-14 13:57:00,2018-05-24 19:06:36,2018-06-07 00:00:00
7a166e4dcb1e2f424f8f7f0c76156759,193975bd76673bbfc641b872f90df6ce,delivered,2017-12-16 18:40:05,2017-12-16 18:54:13,2017-12-21 20:27:42,2017-12-27 16:22:32,2018-01-11 00:00:00
1f15c9ad9cbf840899fda2a63d4cc760,2656a50d0f9e0263c2b52c42716a4064,delivered,2017-09-17 14:14:19,2017-09-17 14:26:51,2017-09-20 20:13:57,2017-09-25 20:36:30,2017-10-04 00:00:00
e1a8489fda3f7a66e003134d7b4e6a59,ca691979fbbfdef74e179bf46526cf9c,delivered,2017-06-06 10:36:52,2017-06-06 10:50:16,2017-06-06 15:12:19,2017-06-22 15:19:46,2017-07-11 00:00:00
7c59d327d267a2ce386f84038c0035c5,ff567b222d32e3d5198771f4125b7b40,delivered,2018-04-20 12:56:37,2018-04-24 19:22:40,2018-05-21 14:20:00,2018-06-08 23:03:56,2018-05-15 00:00:00
3ce8c5cf3d6b4356d90656b6ac73ab9a,4c73c9714637b75675607a0714c0c139,delivered,2017-07-10 21:37:19,2017-07-10 21:55:18,2017-07-21 22:43:32,2017-07-25 19:36:41,2017-08-09 00:00:00
652ae40b48d62a6682c9f4a674f83621,4347e946a0dfe19aaa1490ef58367be6,delivered,2018-05-15 23:42:54,2018-05-15 23:55:14,2018-05-16 13:38:00,2018-05-18 21:58:44,2018-06-01 00:00:00
e4f9b25439f4bf809c79bb4d2ce089ed,64c73c9f628fa70ce46cdb3fd3adf264,delivered,2018-04-03 20:28:35,2018-04-03 20:49:06,2018-04-04 20:51:42,2018-04-11 22:45:33,2018-04-25 00:00:00
de68ff91737ba366892be2067a2cdfec,68b43c6c592465e9a13ed4c282d81e7e,delivered,2018-06-06 20:45:13,2018-06-07 20:55:07,2018-06-08 09:56:00,2018-06-15 20:42:18,2018-07-12 00:00:00
14bc69ea319de2d00a2d781ecf29df42,a92bd6e7f927b779c75918e540747576,delivered,2017-03-03 08:22:03,2017-03-03 08:30:18,2017-03-03 10:46:58,2017-03-13 09:37:55,2017-04-05 00:00:00
8bc7c04f8ea4ab1cfc2d0f8d836da43b,e4b139287dd53c041c52b2bc68a2c17f,delivered,2017-11-24 00:10:14,2017-11-24 00:37:40,2017-11-29 23:12:13,2017-12-14 21:59:09,2017-12-22 00:00:00
827a09bfc4897fbe516f911c82365ede,9e2f00304920e37258604c5ed901ef85,delivered,2017-12-11 12:11:02,2017-12-11 12:30:53,2017-12-11 22:48:58,2017-12-13 18:39:36,2017-12-28 00:00:00
148ee9d672f9101508eb05e1e7a677b4,ce8256b7d2de810a1f6b169c12b80e7a,delivered,2018-05-19 18:32:49,2018-05-19 18:58:33,2018-05-21 15:30:00,2018-05-23 19:24:54,2018-05-30 00:00:00
94dff3caa170068fc7d100943d21a8c8,912c7ba54080103b646215c09b914938,delivered,2018-05-12 13:40:52,2018-05-15 04:35:07,2018-05-15 13:25:00,2018-06-01 19:42:48,2018-06-04 00:00:00
c0f6d1b5bd7c7e2e418e077200b336d4,4a421d8ffe9d45d86fb36abe25c57013,delivered,2017-04-05 10:35:51,2017-04-05 10:45:19,2017-04-06 10:05:37,2017-04-12 16:23:53,2017-05-09 00:00:00
d16a738e823500d0eb7b3286b59b316f,78c832f4d6afa7dedd954f7fb04e35d8,delivered,2018-07-15 11:16:18,2018-07-16 11:15:26,2018-07-17 09:10:00,2018-07-24 17:26:47,2018-07-27 00:00:00
dc198e42fd1b02634e6215c5a60de234,bbf4de25155f25cc5559953548b3829e,delivered,2017-08-22 13:33:36,2017-08-22 13:46:28,2017-08-22 19:51:47,2017-09-04 21:07:40,2017-09-14 00:00:00
60c6ad4cefc764d607e14ca66de81444,1303acf77db8cb1ef32c56532c2127aa,delivered,2018-02-21 18:31:25,2018-02-21 18:48:39,2018-02-24 01:33:29,2018-03-09 15:26:17,2018-03-16 00:00:00
a605e090234561f97bea7da842220f0d,6349d65638d28f08b1119300c0273e14,delivered,2018-07-02 09:01:31,2018-07-05 16:21:51,2018-07-05 15:51:00,2018-07-11 16:54:17,2018-07-30 00:00:00
b81c2aa5803f123d1e472ddcbbbd17c3,06964eb3fa634f2cb61a6c454eb93a9f,delivered,2017-11-24 14:44:25,2017-11-24 16:52:40,2017-11-25 18:45:05,2017-11-30 17:37:51,2017-12-15 00:00:00
d74fca7ee2ce7587c45eefb0fea95ed8,694fe0bdcd5d601ee81dba97d4ec8cba,delivered,2017-11-28 09:34:06,2017-11-28 09:58:18,2017-12-08 21:38:40,2017-12-26 20:44:50,2018-01-10 00:00:00
41d2688e10edaa4f87b2dad7aada4865,33059e481807ac22890c53c0e553cf5c,delivered,2018-05-22 15:21:51,2018-05-22 15:36:47,2018-05-23 13:32:00,2018-05-24 21:38:41,2018-05-30 00:00:00
3ec5435a1c3bff282e994441ee5ee69d,11c261f43a86acaf623959e3dc1ae433,delivered,2018-08-09 11:45:34,2018-08-10 11:44:55,2018-08-15 15:19:00,2018-08-21 14:58:41,2018-08-31 00:00:00
18bab9568c4898babcda154767606442,9e6e4a7c6a872b507a377de47f42f583,delivered,2017-12-30 00:56:30,2017-12-30 01:08:06,2018-01-02 20:58:07,2018-01-06 15:07:53,2018-01-24 00:00:00
a5100983e1d05155dba01e669148c2f0,49d829532bcad51bd0551240515285d2,delivered,2017-08-25 21:49:15,2017-08-25 22:07:56,2017-08-28 22:05:21,2017-08-29 22:06:44,2017-09-08 00:00:00
2dd788ca81b01065600706161793b829,f21979943f93df161348fe55047ce42b,delivered,2018-05-16 19:20:50,2018-05-16 19:37:18,2018-05-17 13:32:00,2018-05-21 18:41:49,2018-06-18 00:00:00
797784ed0407046312c7f3c777583a0c,47cc5c8daaed49e3017f7277388402d6,delivered,2017-11-26 16:15:10,2017-11-26 16:35:58,2017-11-30 10:21:19,2017-12-14 01:56:55,2017-12-20 00:00:00
af168723acee7d4de0144ad5361f547d,9131a1850f115393903d24188eb2c1ab,delivered,2018-06-28 19:34:59,2018-06-28 19:55:13,2018-07-03 13:08:00,2018-07-06 15:13:05,2018-07-27 00:00:00
cf838b10d965c765a75c4f6f17bf645e,68db0252e5ad567234008980e8dab21c,delivered,2017-03-27 12:24:28,2017-03-28 06:42:27,2017-03-30 07:08:17,2017-04-04 16:42:43,2017-05-25 00:00:00
725c0e3b1689714b8acfa0b09022e600,79984707b6d7059f01e633f935b6f352,delivered,2017-08-12 01:33:50,2017-08-12 15:50:07,2017-08-15 10:04:14,2017-08-28 19:07:54,2017-09-14 00:00:00
1b7714170035431aeb7b711f2b09ec1e,d2b04b539a76356659d3e534c5a51ff5,delivered,2018-01-22 13:15:26,2018-01-22 14:54:58,2018-01-24 15:35:50,2018-01-30 19:35:57,2018-02-19 00:00:00
68126438e25973e9d716ab0e2485ae05,76456466e488ebe1a52338c4df13f15f,delivered,2018-04-12 18:12:25,2018-04-14 02:30:41,2018-04-18 01:24:38,2018-04-24 16:22:05,2018-05-07 00:00:00
7cdbe58528dd6084d383d0e2e891f3fa,dd06ec756fb54d70e970c932b652d9eb,delivered,2017-09-03 11:49:53,2017-09-03 12:04:00,2017-09-04 21:48:04,2017-09-16 00:22:47,2017-09-27 00:00:00
c14178abafd6865eecec624f9dcc8e4d,c9929583f20c42e36fe281cbd628d4e7,delivered,2018-08-18 14:27:28,2018-08-18 14:49:03,2018-08-22 13:50:00,2018-08-23 19:56:38,2018-08-28 00:00:00
d0e215fdf1bf6d103e4b0c309767afc3,bc0dc189dc8d26acdfb02dbc8535903c,delivered,2017-04-28 11:08:34,2017-04-28 13:01:33,2017-05-02 10:14:29,2017-05-10 09:46:50,2017-06-01 00:00:00
b0d58ac3e50ea081a58d56cc538f15cd,a52803a830c1641ba40537bc4e901532,delivered,2017-03-13 17:03:55,2017-03-13 17:03:55,2017-03-20 14:28:54,2017-03-22 09:14:45,2017-03-30 00:00:00
ba6e041bd3e8e33cf1c2f2db99db6673,fc2a9026566306914692682fc68e346a,delivered,2017-09-13 21:51:14,2017-09-14 22:07:56,2017-09-15 19:12:33,2017-09-29 18:37:51,2017-10-09 00:00:00
b02aff946bf246d61d7f3977e0d352c1,f0b35bb554d9d15794561e6e7c9d7ff5,delivered,2018-04-05 11:35:38,2018-04-07 02:48:25,2018-04-09 16:38:51,2018-04-24 00:23:39,2018-05-07 00:00:00
4556e8c7a1fb280f57f939007f33c799,b944c2dcd9aa58a6defedda9e0d72ea0,delivered,2017-12-10 09:18:07,2017-12-10 09:30:25,2017-12-13 20:22:56,2017-12-19 20:34:29,2017-12-28 00:00:00
f9d71ca22c3574cb50bd404950d12ff3,d2da057d4083d5150c6275d1d17b7070,delivered,2017-05-14 14:59:05,2017-05-14 15:10:15,2017-05-15 10:17:06,2017-05-23 10:34:57,2017-06-09 00:00:00
add8925a882ced65862ec18298e38f3e,fc378e1d9da68d6e4fa262d5cd5e2542,delivered,2018-02-22 22:56:20,2018-02-24 02:50:40,2018-02-27 23:48:40,2018-03-22 15:07:01,2018-03-15 00:00:00
c6ed8a05ecc79e1f32c89a71e67a070f,238e546530bf8c718e5c61c7256e2731,delivered,2017-10-20 21:31:17,2017-10-20 21:49:23,2017-10-24 14:33:59,2017-11-13 23:24:35,2017-11-22 00:00:00
8e75defef52610477f8662c16b16498a,3052550ac063656f49a00f2f6a177a4e,delivered,2018-06-18 22:40:38,2018-06-18 22:56:19,2018-06-20 14:43:00,2018-06-27 18:41:57,2018-07-19 00:00:00
0c9390d44c63041e5212e93ac2a5c930,5e168c76684ab783a8e1b4a8edd6548a,delivered,2017-02-16 08:20:11,2017-02-16 08:30:18,2017-02-16 14:42:52,2017-02-24 12:04:35,2017-03-15 00:00:00
0c4d9abe48221137e67e9d01a442df13,ccce3ac024e004b2607899abecc0d9fd,delivered,2017-12-04 13:35:13,2017-12-04 17:14:35,2017-12-05 21:58:43,2017-12-20 18:52:40,2017-12-20 00:00:00
c6ad7089d27e68a395de452a632cb54e,0a772b10ef12b6b87ccb345a44eab70e,delivered,2018-08-05 11:47:06,2018-08-06 15:25:14,2018-08-07 12:37:00,2018-08-13 12:38:42,2018-08-28 00:00:00
e022510764d42bb4573b6a4bc831f454,795d422b2ade245ce926a14fde928c6a,delivered,2017-08-15 22:07:12,2017-08-16 00:35:25,2017-08-17 17:23:05,2017-08-25 10:05:42,2017-09-06 00:00:00
2bba38e2a9893d1126b133f189ee66f3,1c90d2c27dabbe23f3e469b3776499be,delivered,2017-11-26 18:51:19,2017-11-26 19:12:22,2017-11-28 22:03:42,2017-12-08 20:51:42,2017-12-20 00:00:00
0323ff12c1df8a359930ac6b84a32653,bb3971094d7eb77b5347edf241a9f60e,delivered,2018-05-11 17:57:27,2018-05-15 03:55:59,2018-05-15 10:36:00,2018-06-01 18:12:44,2018-07-02 00:00:00
8fb50f9ba98ad9be38b8ffa2643a24e0,81e9bd827a271d51b86bd4f0099c652b,delivered,2018-07-31 20:33:48,2018-08-01 20:25:16,2018-08-03 13:55:00,2018-08-09 20:59:52,2018-08-13 00:00:00
c7aceffb9d1f53a16af318605ae8c460,73b6f637aee62f1c0ef5dbcf9c28634d,delivered,2018-02-18 14:36:36,2018-02-18 15:46:44,2018-02-20 13:42:03,2018-02-26 16:17:40,2018-03-15 00:00:00
e26cd342669df630e929534f52f9751a,3bf65193b71f8b81fcf6167cfc13df20,delivered,2018-03-12 13:09:15,2018-03-12 13:38:24,2018-03-14 00:26:51,2018-03-20 00:56:50,2018-04-06 00:00:00
d67d037cf424eb6cf603ae4e9d344542,c80756226463b72fc101a16fe4a0ec78,delivered,2017-08-07 08:57:43,2017-08-07 09:05:19,2017-08-09 12:48:46,2017-08-15 19:18:34,2017-08-30 00:00:00
9ee2b040a6fafeecf4003f3d173352fb,5d1be0a2d67e8bb132cdb86cb44a6c61,delivered,2018-07-04 18:57:41,2018-07-05 16:33:22,2018-07-11 14:12:00,2018-07-12 18:48:37,2018-07-19 00:00:00
bb49b2fac8a575f20a56392e3e3db294,64a11246814d265d2b9fbe7011f72a77,delivered,2017-09-12 10:44:39,2017-09-12 11:04:42,2017-09-13 19:13:43,2017-09-25 21:42:41,2017-09-28 00:00:00
538bd1762345b645639b118860b0cc81,3429e5cc7c1db7f03d5cf86f979e9577,delivered,2017-06-09 16:08:30,2017-06-10 02:43:11,2017-06-12 10:03:21,2017-06-13 13:20:23,2017-06-23 00:00:00
d70e47f7dfa6592aa7aef88a140b1b47,6ef5fef64ffcd935041b5b9a598ec16f,delivered,2018-03-13 20:15:19,2018-03-13 20:49:26,2018-03-16 17:43:00,2018-03-28 19:49:27,2018-05-04 00:00:00
51d7a5256a29ae35eeaa4d7bbf14931a,170fa80e9be57279b9ff58d86386806e,delivered,2018-01-16 21:44:39,2018-01-16 22:32:27,2018-01-22 22:34:13,2018-02-26 17:03:55,2018-02-09 00:00:00
d1084d0eb1f01efd194221baec7185a3,b239dd5384263e6ca4ee58b8d0a99802,delivered,2017-07-20 14:25:52,2017-07-22 02:15:28,2017-07-24 19:45:32,2017-08-01 19:27:37,2017-08-15 00:00:00
b3879e737eafcf76e10b3118e9b11f28,eb016e19debc9894e302fa6ef442479e,delivered,2017-05-08 15:09:43,2017-05-08 15:22:19,2017-05-10 13:23:27,2017-05-16 14:32:22,2017-06-02 00:00:00
7eb84fb181fe75a2b97152673283b52c,350de096e6fb65985ae0ee99cb2e68b2,delivered,2018-02-15 12:17:49,2018-02-15 12:30:54,2018-02-16 00:12:30,2018-02-22 20:37:54,2018-03-12 00:00:00
2856f5bacffc9ecb757a71b90bb42e85,ffe0aaaac429db7837e943b83ee6c385,delivered,2017-06-29 17:19:24,2017-06-29 17:30:19,2017-06-30 14:33:58,2017-07-13 21:07:52,2017-07-26 00:00:00
901d12b998346d8e026c82a862c15e07,60e7ad191809c84e2fa3c164e1a5b948,delivered,2017-10-24 21:56:58,2017-10-24 22:07:36,2017-10-25 20:50:06,2017-10-30 16:27:39,2017-11-10 00:00:00
a43e5a2d8f81c9ad4163651fe3b226c3,2114238aa3f579996cdb40cc16b54712,delivered,2018-01-03 14:53:35,2018-01-03 15:07:21,2018-01-08 20:46:17,2018-01-18 16:45:57,2018-02-05 00:00:00
4093a63e6c3fa6b277e0fe4b6347ed49,ccdc1fdb952df6ad0db18f1e7786777d,delivered,2017-12-27 21:26:26,2017-12-29 07:31:43,2018-01-04 20:32:15,2018-01-05 15:25:32,2018-01-16 00:00:00
cd383d7a5f926abfe7b2ee1b80078b45,37fccd2d756c8564ce539cef92358880,delivered,2017-02-09 22:05:38,2017-02-09 22:23:00,2017-02-20 09:32:08,2017-02-23 09:22:41,2017-03-10 00:00:00
abdd646748be1db80232f95e5f937154,4afafdf40ad6ca2dd0ec8c1ade8db795,delivered,2018-01-05 11:59:29,2018-01-05 12:10:21,2018-01-08 18:58:39,2018-01-12 14:16:37,2018-01-23 00:00:00
dcac490b5b3b967a6ca5d810dbca27d9,41d16e709049affc655eddffac70dfc4,delivered,2018-08-04 13:07:21,2018-08-04 13:44:03,2018-08-07 14:56:00,2018-08-11 18:49:56,2018-08-20 00:00:00
af29f3d2878958723720a759676814e7,3380dbe062b329f11a5e5de5552c5c34,delivered,2017-11-01 01:52:21,2017-11-01 13:31:20,2017-11-03 19:22:56,2017-11-16 20:18:32,2017-11-23 00:00:00
c23ef0b7332bb9b0b8e3ae45346a364f,611018ac0e01d2dbf307450bd9ffd29b,delivered,2018-06-24 09:57:00,2018-06-24 10:15:39,2018-06-25 14:45:00,2018-06-29 20:42:45,2018-07-26 00:00:00
040f27ad597191f7832612a806fa682f,1af1723f0cead011af0e8aafd98d8189,delivered,2017-12-22 14:43:34,2017-12-27 04:08:46,2017-12-27 18:57:50,2018-01-08 12:26:01,2018-01-18 00:00:00
f014aa85d8f495d824d120e9035faacb,045b31c2888ad0ee254e1387e410ee89,delivered,2018-04-07 12:07:04,2018-04-07 12:28:17,2018-04-09 23:08:47,2018-04-11 16:26:31,2018-04-19 00:00:00
af15b02bd22fa4485130964ab9c97f4d,90e0cca9678279db439534443b863dbd,delivered,2017-04-17 20:28:18,2017-04-19 02:55:38,2017-04-20 07:56:35,2017-05-01 09:46:03,2017-05-08 00:00:00
4b0c92c783fce531bb5b76d0bb2636ac,fc3fe781283a400950dd7702b8a4dc28,delivered,2018-06-19 08:36:42,2018-06-19 09:18:27,2018-06-19 15:06:00,2018-06-28 15:03:04,2018-07-24 00:00:00
34e52c9f5c9ec68a599473a73c06a782,62f7542360ee7d4be52633831421ca1a,delivered,2018-02-22 07:51:44,2018-02-22 08:08:13,2018-02-24 01:33:30,2018-03-08 19:58:20,2018-03-16 00:00:00
2f1a1f6835e7ea0d360901c632fc0cbf,12ffbbab2039d22b5c5bd4de2b0ffc78,delivered,2018-01-07 21:09:40,2018-01-09 07:20:00,2018-01-10 19:39:18,2018-01-16 22:06:04,2018-02-06 00:00:00
3b96533b1d556ba2db462f837d839dfa,62bca519972bb00e4d383b445f66f1e5,delivered,2017-08-08 16:40:58,2017-08-08 17:04:34,2017-08-09 20:08:47,2017-09-12 18:24:58,2017-09-12 00:00:00
a3f9696801e0ce6882756720d7580e17,52c1e413793f215faaa01a161adfbab9,delivered,2018-01-18 08:55:45,2018-01-18 09:10:37,2018-01-18 17:18:51,2018-02-02 17:53:05,2018-02-09 00:00:00
814e7ef832adbfc279ff3141fd3a93e0,9187590d44686abaa6362f69be5715a7,delivered,2018-07-04 21:30:59,2018-07-05 21:30:50,2018-07-10 14:30:00,2018-07-12 16:32:27,2018-07-19 00:00:00
83d4cdc8d1407f164545f19c29fda95f,33d55044ada18b94de8ae67b5d39b43c,delivered,2018-01-22 10:36:54,2018-01-23 03:37:26,2018-01-23 17:09:46,2018-02-03 13:56:54,2018-02-20 00:00:00
49b689eeebb45115d1a871b368692412,0638bb7d39fcccf22a07b88db6686785,delivered,2017-09-25 16:33:05,2017-09-26 03:49:12,2017-09-27 19:52:04,2017-10-19 21:13:38,2017-10-10 00:00:00
d908de4c1a0a5ef56f75e404abb7ee10,40344fc90bd43d22bf7cb4ef3be9e4ef,delivered,2018-03-05 20:04:42,2018-03-05 20:15:32,2018-03-08 14:06:31,2018-03-28 18:14:53,2018-03-21 00:00:00
af68048a682392b0cc14f22a8eef5b7e,656bc0e5a7c16980ad87811788a17acc,delivered,2018-04-22 22:25:07,2018-04-24 18:12:48,2018-04-23 21:12:06,2018-04-24 21:41:12,2018-05-10 00:00:00
01442602b15d4127a84ca6ac1507ee2d,5f816233eb2322dd00015934ff84693c,delivered,2018-07-29 14:13:19,2018-07-29 14:31:45,2018-07-30 18:05:00,2018-08-06 18:03:03,2018-08-21 00:00:00
ea4379fe06f33b88de9ffd4fcdddd6ba,d98a954d2c0d995688a33b6f8b73bb56,delivered,2017-12-31 00:30:41,2018-01-03 04:12:37,2018-01-04 20:32:15,2018-01-11 18:57:27,2018-01-18 00:00:00
ccc2fdf91b8602da839b8cc89ec47dbe,638737b0a93bc3480cce7a10b5ef5d7b,delivered,2017-11-23 12:38:16,2017-11-23 12:49:36,2017-11-28 23:51:29,2017-12-12 00:22:36,2017-12-20 00:00:00
f59af974d2e7a5dcdb1aabdefd024c2b,7dc15e58615110bb8e8aa5e2461b0b49,delivered,2017-07-22 20:49:01,2017-07-25 03:25:27,2017-07-26 10:42:09,2017-07-26 19:09:36,2017-08-04 00:00:00
c00ec2c5d2f145b694e4f478c71c5711,0c24eb9748620ef4c1a57fbcb77f5ff6,delivered,2018-01-15 13:33:36,2018-01-15 13:49:58,2018-01-16 21:45:18,2018-01-22 18:24:43,2018-02-05 00:00:00
90f902fb7be25c2c9903adae205a588d,ad8daf56a5a769d141a5bb25a1681f40,delivered,2018-04-09 23:02:29,2018-04-10 01:31:02,2018-04-10 22:30:47,2018-04-11 14:32:45,2018-04-26 00:00:00
4e01d932d5ce12858a7df7c7074e6d3a,f59baee36d1ea32dcc785062f5f55a77,shipped,2017-06-23 20:49:15,2017-06-27 04:03:14,2017-06-29 13:39:49,,2017-07-19 00:00:00
31f6ff8aa036e65dcd7e8c1e224a5b91,a535fd936692391bd5dee1bbd2391730,delivered,2018-08-16 19:56:46,2018-08-18 02:50:09,2018-08-20 07:25:00,2018-08-23 15:41:11,2018-08-29 00:00:00
4c530bbcde8e6cf59b58cfc811436362,10dd16991df7b09028004ea139cf0111,delivered,2018-01-11 00:08:09,2018-01-11 00:15:29,2018-01-12 21:13:30,2018-01-30 00:26:10,2018-02-22 00:00:00
3947f8b579143e1289ebaf01ff3dd6ad,e96059fccb7293fc18b1f7f8596488f6,delivered,2018-05-09 15:39:10,2018-05-10 09:11:43,2018-05-10 15:53:00,2018-05-16 20:48:30,2018-05-29 00:00:00
d9c97ab2098fe0b71eb51aa660f74fe2,45a918e53c2777929c7e00a148e6f4ab,delivered,2018-02-25 20:35:27,2018-02-26 20:28:49,2018-02-27 19:33:47,2018-04-02 22:50:03,2018-03-23 00:00:00
bc14a141bbb47b18a33d0a1747cab119,80cd6471cc015cdc037bb17791e1ccc6,delivered,2018-08-17 09:51:45,2018-08-21 04:55:38,2018-08-21 15:54:00,2018-08-24 17:33:37,2018-08-28 00:00:00
d86ec98154cea8b1c374cb343e2e0e4f,7393605d0effa0bc6bbc2b5026a1790e,delivered,2017-10-23 21:58:26,2017-10-25 02:14:23,2017-10-25 21:29:56,2017-11-10 02:51:48,2017-12-14 00:00:00
97352341e218f0089a070b1be89f47bf,71dfdf073dec8dd60727c8d8e3adb675,delivered,2018-06-14 08:38:14,2018-06-14 08:58:43,2018-06-14 14:13:00,2018-06-19 21:15:39,2018-07-11 00:00:00
90067425f10c56b57afe862b51284a29,829961c76df2892a3b50656daaa764ed,delivered,2018-06-16 13:41:35,2018-06-16 13:59:45,2018-06-18 13:27:00,2018-06-21 19:54:25,2018-07-11 00:00:00
cc6adfff0d6a6796585ca1d0901f0ea1,9a87ecffc7fa5774d977fa4630769a63,delivered,2018-01-10 22:36:31,2018-01-10 22:48:09,2018-01-12 21:46:15,2018-01-19 13:35:57,2018-01-31 00:00:00
9beb5e7d5f3259ffe94f61e9766cd478,ac9ed6d1f2b0169a9351d5ef3188ec66,delivered,2017-07-28 14:37:13,2017-07-28 14:50:18,2017-07-31 16:42:55,2017-08-16 21:14:07,2017-08-24 00:00:00
7fd4a54fa1cd70568f88704d03ce000e,6d46ccea7662ef27c31a9d2ba97d18b1,delivered,2018-04-15 20:06:25,2018-04-15 20:30:28,2018-04-16 19:51:41,2018-05-05 17:03:59,2018-05-29 00:00:00
d5c99387bb0975f7fd307eab0b02bd63,bd6015756d502c57af1d4f5ce8f7bb7d,delivered,2018-03-14 21:26:28,2018-03-16 03:25:13,2018-03-16 20:37:50,2018-04-30 18:16:55,2018-04-03 00:00:00
6ff2566f7d79cca0eedc19c912b314ec,9ba254f2f392363b1df13a0a97e0de9f,delivered,2017-11-11 18:42:13,2017-11-11 18:55:28,2017-11-16 19:07:38,2017-11-29 01:22:55,2017-12-08 00:00:00
c8f4027dbf44d9747152dca781b0cc37,60c1ae14f523c5e43ddf237644b7571a,delivered,2017-12-20 12:59:30,2017-12-20 13:13:50,2017-12-20 21:52:30,2018-01-05 18:19:07,2018-01-17 00:00:00
242800e82e3e3f0aca252d6e03e4564c,b1c28f9b72d07054b64d09e487b5021c,delivered,2017-06-02 09:19:00,2017-06-02 09:30:14,2017-06-28 12:02:56,2017-06-28 16:07:41,2017-06-28 00:00:00
19f60164db6130153f77c00960387648,b7b21112d947b9ee0f215306a1c21fa1,delivered,2018-01-06 18:32:13,2018-01-09 07:16:20,2018-01-10 19:46:59,2018-01-16 22:49:08,2018-01-31 00:00:00
b2904e4b8dc7f4317993cb7d645f1a85,6078d4d210247a79ca7559bff4d79ffe,delivered,2017-11-27 16:58:45,2017-11-27 17:20:06,2017-11-30 22:57:54,2018-01-09 01:15:25,2017-12-26 00:00:00
a4e77152901ecb44078648779dabf22d,facf852351837bd0ddf667c09c8b6dac,delivered,2017-06-19 17:36:14,2017-06-19 17:50:26,2017-06-20 14:02:28,2017-06-27 16:03:02,2017-07-11 00:00:00
94ed99124b4c0ee155fd9bb057a14c2e,63f4af09fb9173f543e2c340dd9aef85,delivered,2018-03-06 10:16:21,2018-03-06 10:29:57,2018-03-06 20:36:13,2018-04-11 21:32:03,2018-04-06 00:00:00
7a18fea05bb2617bc74ee0bd1009c0c7,8a561b232448590a2c52fb35de87d5fd,delivered,2017-09-28 19:50:59,2017-09-28 20:07:09,2017-10-02 21:32:24,2017-10-10 17:47:41,2017-10-20 00:00:00
870e6f0cd3ddbb87daf15ccd2926b142,d50cd744c2d765c48a532e083ee77746,delivered,2018-08-21 15:37:50,2018-08-21 15:50:35,2018-08-22 12:27:00,2018-08-27 10:12:21,2018-09-05 00:00:00
01d907b3e209269e120a365fc2b97524,d02cc92f5e33eb58d9ff4d5cce6ae901,delivered,2017-08-09 16:21:06,2017-08-10 10:25:08,2017-08-11 19:05:53,2017-08-16 22:34:11,2017-08-29 00:00:00
8177a0e0feb7c7686cc5f777083f1575,d92deb7c086f0854bbf7bb5d662727c2,delivered,2017-11-26 10:35:07,2017-11-28 08:11:28,2017-12-05 00:13:27,2017-12-05 22:32:48,2017-12-11 00:00:00
22021e0f490fa77f0ccb20d9e8b50f22,5c45631cfaa5711b78f3f1e24b125a7e,delivered,2017-07-14 23:32:47,2017-07-15 15:15:16,2017-07-18 13:36:04,2017-08-08 17:16:33,2017-08-21 00:00:00
d8d344285c3eb8fe24478102c93f6e94,0b367775717574e7412c7b73c8bde1e9,delivered,2017-11-11 16:59:22,2017-11-11 17:15:26,2017-11-16 20:11:49,2017-11-23 20:18:00,2017-12-04 00:00:00
0e6dbbc7484dc1ee0392c9ca801035c2,90f65e1539426f18ab1941841d728c72,canceled,2018-03-01 22:40:51,,,,2018-03-23 00:00:00
54c158b7244a2d0fcb90916d6b65ef61,0f117c111e7066f9c983a45fceeaa534,delivered,2017-02-05 23:31:24,2017-02-05 23:42:13,2017-02-07 16:15:00,2017-02-10 11:57:42,2017-03-03 00:00:00
a8bea4f26eec48abe4e6fb0e6a35f7ea,976098225a2a5d9ec2dbf9294b71efdd,delivered,2018-02-06 14:52:33,2018-02-06 15:56:03,2018-02-07 23:09:01,2018-02-19 22:05:54,2018-03-08 00:00:00
9e8852e4c12fac659173a62c643a74e8,3bb8e9113017288a6f496a7780c0f16e,delivered,2017-04-27 16:51:17,2017-04-28 11:41:21,2017-05-15 10:03:54,2017-05-25 10:35:39,2017-06-16 00:00:00
840d7cc10efae8ba460cc8ea84f1b6db,9f361e84f8bbbb7cb127f06f1f64cae2,delivered,2017-12-12 10:52:09,2017-12-12 11:12:18,2018-01-31 01:27:46,2018-01-31 08:22:47,2018-01-12 00:00:00
588867aa05bba47fba33fab42f8b43a7,ca19df90399889a1c179f9534a4fdaf4,delivered,2018-01-27 16:44:41,2018-01-27 16:55:50,2018-02-01 02:48:49,2018-02-15 19:28:57,2018-03-09 00:00:00
abbbf52551bc34cd52a7851c06dfca90,594ceaa56731ed8539ea1b5437d9e311,delivered,2017-01-26 23:20:31,2017-01-28 04:35:50,2017-03-17 09:45:32,2017-04-05 14:14:58,2017-03-14 00:00:00
aa0cb1c340fa8ff2e4a09780d829e118,400388ceff640aca4e6523b05d161bf6,delivered,2017-09-17 15:41:27,2017-09-18 22:45:48,2017-09-19 19:05:43,2017-09-26 20:09:22,2017-10-10 00:00:00
092166b50105729618cd1dfb1e7c650c,962be2aadd1d19b72b4c27cfe5e4ea37,delivered,2018-04-03 13:55:45,2018-04-05 11:48:37,2018-04-07 01:19:32,2018-04-09 16:42:27,2018-04-13 00:00:00
1dc23ddb9b0da103fa2b711855d60c76,feaad759d81ebdfbb1bb6d805eac5da1,delivered,2017-05-02 03:31:23,2017-05-03 11:10:18,2017-05-03 13:17:24,2017-05-19 11:11:51,2017-06-06 00:00:00
f0691f65edb8f6ee394ea69d4e199d0a,efa59d77e8708ed3ac9e0ae96e42c615,delivered,2017-10-02 21:40:05,2017-10-02 21:56:24,2017-10-04 21:22:19,2017-10-11 19:04:14,2017-11-03 00:00:00
c396875c8c74f02ac52d7c40caaa9497,9254fb742024e9e5a4db49460d6d6443,delivered,2018-03-06 20:20:40,2018-03-06 20:30:36,2018-03-10 18:02:43,2018-03-13 15:44:36,2018-03-20 00:00:00
8bb924ae0bc90959d7967c29dab3ec6e,53663004226cd1c60441cf095767ea66,delivered,2017-09-08 16:11:40,2017-09-08 16:25:13,2017-09-11 18:44:05,2017-09-12 15:27:41,2017-09-27 00:00:00
73596e67516934a7fe64cc6ca6d75545,347383eb85480a99e9df0bba4b129093,delivered,2018-06-14 20:09:31,2018-06-14 20:40:33,2018-06-15 08:02:00,2018-06-23 10:03:45,2018-07-13 00:00:00
71c1725420f3c980356bbdeea6abec9a,fdf90ea1ab409555dc79650e3e36fa01,delivered,2018-01-28 09:16:23,2018-01-28 09:30:27,2018-01-30 20:51:39,2018-02-16 17:38:38,2018-02-20 00:00:00
ecac9efb8edbf004c521a0cc86b0a167,12da06970997ea572ea9443cd23d28c8,delivered,2017-09-30 17:55:51,2017-10-03 06:35:24,2017-10-04 15:03:08,2017-10-09 21:41:09,2017-10-25 00:00:00
302b396fb7309dff006052b6e42d6257,c4d2d4dea880dd1076126ce7ab82c9dd,delivered,2017-03-22 17:23:19,2017-03-22 17:23:19,2017-03-23 15:26:04,2017-04-04 15:18:02,2017-04-27 00:00:00
04b3f8c1795246a5d14db7496d570bc9,c3c91f40e481639af088fcf9a9ffa1d0,delivered,2018-02-08 09:54:26,2018-02-08 10:10:35,2018-02-09 00:41:34,2018-02-20 13:52:02,2018-03-19 00:00:00
4f3f48cbedce0c316c688af6fc7e9c56,e50355d012ea4541a82a891e41429b8d,delivered,2018-01-26 12:00:35,2018-01-30 05:31:54,2018-02-19 17:18:48,2018-03-17 18:45:30,2018-03-08 00:00:00
8f65131225833fbebbca5422422026cf,babbb0bf37facbed1dc42de9e02d4ee2,delivered,2018-03-19 14:32:34,2018-03-19 14:49:45,2018-03-26 11:56:57,2018-04-13 14:54:26,2018-04-16 00:00:00
96cd7d516765eee5049d171debc21ebd,69e15a390ddbb4802714da5f52b14287,delivered,2017-11-20 11:27:15,2017-11-21 19:48:01,2017-11-23 21:48:24,2017-12-19 01:09:21,2017-12-21 00:00:00
cb7cdbc81a72944010981bb56fe37f54,e333a179b5ac600d294b441075d3de4c,delivered,2018-05-11 15:35:55,2018-05-11 16:18:32,2018-05-14 15:28:00,2018-05-16 14:19:36,2018-05-21 00:00:00
7af0cdfa3882b66c59014380a20ef7b6,2fbffc4b0be525d79262bcd945b22f10,delivered,2017-12-04 17:36:05,2017-12-05 04:17:38,2017-12-06 23:33:00,2017-12-07 21:06:52,2017-12-20 00:00:00
3b71ec8ef75f62e3cebce5c907d0919f,afeececd4c3a402d37337d7f8b73ba12,delivered,2018-05-09 21:36:00,2018-05-09 21:55:25,2018-05-10 10:57:00,2018-05-14 17:13:44,2018-05-25 00:00:00
574106974d37a1691293b7342fa3d799,e36413715a98d626cb2c8da6d70200e4,delivered,2017-03-30 13:21:20,2017-03-31 02:10:07,2017-04-03 10:34:32,2017-04-07 11:33:15,2017-04-25 00:00:00
bd0b9d39fa302d80d7c2e9fdd92c3a8a,5ca12aded26b353f1a7363f0b1ff7b49,delivered,2017-11-24 09:02:58,2017-11-24 09:33:34,2017-11-24 17:14:39,2017-12-05 19:27:05,2017-12-14 00:00:00
4a90fdde0d8f47bc83f32f3f39082f94,3d77e17344794d675894ff95646e5861,delivered,2017-12-02 13:03:26,2017-12-02 13:09:57,2017-12-06 00:41:28,2017-12-07 20:38:52,2017-12-20 00:00:00
3dc05c1c3ad454112c2ba597457029ed,efc09af87a17c5e3af68c5c2af9768ea,delivered,2018-06-17 21:50:12,2018-06-17 22:19:00,2018-06-18 14:25:00,2018-06-23 00:53:46,2018-07-16 00:00:00
a30b65719297f5afcb931bcad170cb7d,d2d82b8e87143477f9a27e005f4b87f3,delivered,2017-08-31 17:49:40,2017-08-31 18:05:11,2017-09-01 17:32:30,2017-09-06 18:33:03,2017-09-19 00:00:00
b3e5e9dcd613871dfe10a915545f2ddb,a4db1152c2cf540a438b7c91e55f2bdf,delivered,2018-04-17 11:53:59,2018-04-18 11:51:59,2018-04-18 22:46:45,2018-04-23 21:17:03,2018-05-10 00:00:00
3ba7ce85dc458d349b295ec9e55d2098,dfac6c0e38db3311d420fe33742f1412,delivered,2017-09-20 16:35:37,2017-09-22 04:15:58,2017-09-22 19:47:04,2017-10-11 18:34:10,2017-10-17 00:00:00
79c4bd6c466a226de3a2b9ee556a0116,05010516b844e532c5dde4da1f0269cc,delivered,2017-03-13 16:38:40,2017-03-13 16:38:40,2017-03-14 18:19:06,2017-03-29 17:25:01,2017-04-10 00:00:00
c666476105edefde7a138ed12ccb9910,bcd6cf41abb52c34fbc0c481bc144eb9,delivered,2017-09-25 22:10:11,2017-09-26 22:14:11,2017-09-27 20:25:11,2017-09-29 21:03:40,2017-10-18 00:00:00
19d7b8e60189f7bf1e3be29ec3aef2ad,0503583783b2b1cabcf45387f5f09468,delivered,2017-07-26 11:44:30,2017-07-26 14:25:21,2017-07-27 18:33:22,2017-08-08 19:42:09,2017-08-23 00:00:00
519ecd989dd22a72180f4334121c24ae,c344c11cd7a8b4700639c28d94348b82,delivered,2018-05-19 19:57:22,2018-05-20 00:41:42,2018-05-23 12:24:00,2018-06-04 21:05:55,2018-06-06 00:00:00
b77c6d3c0334b27a51f220038f0ef8ac,6b512ff5290c944376228994fdb4a2a8,delivered,2018-07-21 21:32:15,2018-07-21 21:50:15,2018-07-23 14:07:00,2018-07-30 23:37:36,2018-08-14 00:00:00
ce8690397f7d93704f8d39df619190fa,a1d1ecd237076de2d356d68e839faced,delivered,2018-03-07 22:41:40,2018-03-07 23:20:21,2018-03-09 19:22:08,2018-03-13 17:16:30,2018-03-20 00:00:00
12c66c45d332a69f08f11ceecf3dd8d4,a173943bbe482d9a4eea12d0767a38ad,delivered,2017-03-29 10:41:46,2017-03-30 02:05:11,2017-04-04 09:19:44,2017-04-13 16:05:13,2017-04-20 00:00:00
41b77be2144c06162d34e0a18f8f15ce,53af593135de84d2427c4439178400a2,delivered,2018-07-25 23:25:06,2018-07-25 23:35:15,2018-07-26 16:45:00,2018-07-30 23:24:51,2018-08-09 00:00:00
8f629e5e6b53ef4c1a6fecd77dea0b27,f66f4cc4de09b6b31a139274c34a287f,delivered,2017-10-14 23:02:25,2017-10-18 02:53:16,2017-10-20 19:17:49,2017-11-06 17:48:49,2017-11-13 00:00:00
d5321e92460be827bc174a460ee24e6a,60f018d77f575b756da78619e783ef22,delivered,2018-05-17 16:56:25,2018-05-18 00:55:34,2018-05-18 11:59:00,2018-06-08 00:36:43,2018-06-08 00:00:00
60d3a610dc0f2e4967d8d1fc1d5313c8,2893da487e09827a58fa7c559b9122cd,shipped,2018-03-23 18:31:49,2018-03-26 11:47:58,2018-03-28 22:59:52,,2018-04-17 00:00:00
972d6687f988a5383e3593ec28911400,764c697264e9c98080259f8640b5c49e,delivered,2017-11-24 23:56:33,2017-11-25 02:38:28,2017-12-06 17:07:21,2018-01-09 16:48:54,2017-12-15 00:00:00
d5cce452fb90a159a0b02988567a37bc,b53e89ac781f73f6720d8ac3a8d198ee,delivered,2018-08-27 23:31:47,2018-08-27 23:44:02,2018-08-28 18:55:00,2018-08-30 11:32:21,2018-09-03 00:00:00
e4e6269506ecfa4a94ac0188f2aa387c,9aad35717d9bc6ccafae1631ea8f0564,delivered,2018-06-15 20:18:12,2018-06-15 20:41:19,2018-06-16 08:03:00,2018-06-21 19:41:56,2018-07-13 00:00:00
8dae11cb6c1305e2756cef677ac2f4dc,8e5d467a031a1ff1a25f61d18a3315ed,delivered,2017-07-19 12:26:42,2017-07-19 12:43:46,2017-07-21 17:15:58,2017-08-01 20:12:09,2017-08-10 00:00:00
cd22ef4012ae92aa8729264045bee0eb,9d4b974d83fb824294f7dc65f90c621b,delivered,2017-12-17 10:50:19,2017-12-17 11:14:15,2017-12-19 22:52:23,2017-12-21 18:23:17,2018-01-10 00:00:00
b9ec77884b9b01c77b08f954cbc97fd4,4cca2bdc9a6f0f9238b80a80ff1b30e1,delivered,2017-07-26 16:38:46,2017-07-26 16:50:23,2017-08-02 22:32:29,2017-08-04 18:13:44,2017-08-08 00:00:00
fa0705d5bfc72c07badff6fcffd697f6,8355182f364d22c4bb1ed8e4e82f8f1a,delivered,2017-12-03 20:47:24,2017-12-03 20:59:27,2017-12-14 22:15:25,2018-01-03 21:53:23,2018-01-04 00:00:00
bb9f75d3c7f568993eeea270ef41e9d1,bf0cbcf1fa2c33f5f6ad5780da1deb04,delivered,2018-07-31 18:42:41,2018-07-31 19:43:54,2018-08-02 14:49:00,2018-08-09 00:14:40,2018-08-22 00:00:00
801486e590af3202e69113a4542ef133,8ba083e5c27b9530af7e5a3cd6955839,delivered,2018-04-12 18:49:01,2018-04-13 13:15:27,2018-04-16 18:52:35,2018-04-20 20:48:47,2018-05-07 00:00:00
a38ac9649bb7a8aaad0dd2d678036429,47ed094ea3f32bf1e3543f8eafc71cba,delivered,2018-08-01 14:50:39,2018-08-01 15:04:25,2018-08-02 14:19:00,2018-08-06 16:07:49,2018-08-20 00:00:00
cf5fbcc5962bb18037e4cc158c21c14e,b9740782710922e68364fcefd21c5646,delivered,2018-05-27 12:31:50,2018-05-28 07:15:12,2018-05-30 11:47:00,2018-06-13 20:17:43,2018-07-11 00:00:00
805117edd028d8e0455052681bbc7f3c,f22126834c0a46fd605d7d55c23f9ad7,delivered,2017-10-12 23:09:53,2017-10-12 23:28:11,2017-10-13 21:22:52,2017-10-16 21:14:04,2017-10-25 00:00:00
28c0015f84c9d8b6a4e58b0414ab80ab,871bbb7876617cfe857ea6d2ca7c8f4f,delivered,2018-07-11 18:01:04,2018-07-12 04:06:06,2018-07-23 10:37:00,2018-07-23 23:27:30,2018-07-19 00:00:00
672e1607b26c5a9e1ec3e1e537af3257,e6c88425cced764e5c72f44c9d8ef940,delivered,2017-06-03 20:16:31,2017-06-04 20:15:11,2017-06-06 14:18:05,2017-06-14 13:44:04,2017-06-30 00:00:00
2ab3b248aae3f6dc906f0192aadb5ecf,0f8ca88d5ab70cbd3cf45231a02a1921,delivered,2017-08-08 23:53:42,2017-08-09 00:50:11,2017-08-18 16:11:02,2017-08-24 19:57:51,2017-08-28 00:00:00
cc1b834e8d019a8c71e3c3b1a23edc61,f62e45f852ad657d07cdc9b96da1ff44,delivered,2018-01-14 22:48:28,2018-01-14 23:20:27,2018-01-15 21:01:09,2018-01-30 18:45:09,2018-02-16 00:00:00
a0325a9eb3a1eb5e4a83facd8937ebbe,c19dabbe1bbe7614a3cd3721dd3cb6f5,delivered,2018-07-01 23:32:48,2018-07-01 23:49:51,2018-07-03 13:40:00,2018-07-06 18:48:34,2018-07-25 00:00:00
b7f97dd69a3cbc5d267392f48834d602,eadd0095e6896e4e906faa7381d5f75e,delivered,2017-03-31 15:44:31,2017-03-31 15:55:19,2017-04-03 14:49:23,2017-04-07 15:43:43,2017-04-25 00:00:00
c432657bb18ddf7f48b7227db09048d4,e5bcb726405d10a80aaa80e36b66e50d,delivered,2017-12-12 00:29:08,2017-12-12 01:31:21,2017-12-12 21:21:52,2017-12-22 17:28:04,2018-01-11 00:00:00
d7a2d4a7a03831ac687a53e339593570,65a785a36616bb42c2ccc8af733fc72c,unavailable,2017-03-03 18:15:37,2017-03-03 18:25:18,,,2017-03-29 00:00:00
aef74ec8efdbc859026336c7110b4886,56e9a904b64114022e48cb90a7abe5ef,delivered,2017-12-26 21:16:24,2017-12-28 02:33:32,2017-12-28 22:17:47,2018-01-18 00:25:52,2018-01-24 00:00:00
dcb0be4c8bb586771c3adcbb3d1ced94,141dcd50f54247f41e00c927f3692cd9,delivered,2018-04-16 01:06:03,2018-04-17 05:51:13,2018-04-19 00:21:16,2018-04-19 16:11:46,2018-05-03 00:00:00
337defc271099cd06f2e7f29efd0dd87,d6dd34d1abed87b66c1d574e88f17828,delivered,2018-04-29 12:45:57,2018-04-29 13:10:54,2018-05-02 13:53:00,2018-05-04 01:32:47,2018-05-23 00:00:00
e48050e10ceca27e33d705b4f1adf5c3,6f5b84a7f123a98c50fccd2a46172a1a,delivered,2017-05-17 19:12:52,2017-05-17 19:22:07,2017-05-18 14:59:33,2017-05-25 07:06:50,2017-06-21 00:00:00
cdba3ddb2a93c5bb758212a2114cab97,3e33da5c9dfbfdc608a4d0e8b46eddac,delivered,2017-08-03 21:43:53,2017-08-03 22:03:21,2017-08-04 15:52:48,2017-08-11 18:22:50,2017-08-28 00:00:00
b187d8fad952a36e97e60b43eae77987,cbbc22c778fc1cfd0ea1262a6383c2dc,delivered,2018-02-10 11:15:00,2018-02-10 11:28:03,2018-02-15 14:56:57,2018-02-21 18:49:18,2018-03-06 00:00:00
b3b8133868458b6acf08ea6ffc22e3f2,c333f1bb63dcb3a4c67408e7337e30c8,delivered,2017-08-08 19:35:37,2017-08-08 20:20:06,2017-08-14 16:42:37,2017-08-18 15:12:53,2017-09-01 00:00:00
415c757c7bfdcb97055fb594b1672748,62c2c4e5b154ee57a365a112c97f9a65,delivered,2017-11-25 15:20:38,2017-11-25 15:34:42,2017-11-27 18:40:00,2017-11-29 04:43:34,2017-12-12 00:00:00
9419274d2366b746f60fce753c5a3618,905739b8ac0098bd3d323019d9cac69e,delivered,2018-07-22 22:00:38,2018-07-27 23:30:47,2018-07-24 13:08:00,2018-07-31 19:32:32,2018-08-13 00:00:00
062fb51d4257a8a7ef0bb5df1becde54,b24db387af945bdac7f0e3802cdf45a7,delivered,2018-01-12 13:14:51,2018-01-12 13:28:40,2018-01-17 19:21:47,2018-01-23 16:09:51,2018-02-09 00:00:00
2f23a9158502cad79609b5f062f56ca0,b4d853918c551623466de85298b74aa0,delivered,2017-09-06 10:19:12,2017-09-06 10:30:10,2017-09-12 21:23:36,2017-09-13 19:07:29,2017-09-19 00:00:00
926f43ab78d2296edaf16b2a06af3078,b5da2b9eed5cdc1ee96bb8ae16e0e19c,delivered,2018-06-25 19:36:04,2018-06-25 19:54:08,2018-06-26 09:43:00,2018-06-27 18:14:46,2018-07-05 00:00:00
67eb57181746afb1fab832cb7ebe5e51,a3c533904faf44cf25459facb55526f7,delivered,2018-03-23 11:37:21,2018-03-23 11:50:24,2018-03-23 23:29:36,2018-03-26 14:21:13,2018-04-05 00:00:00
8753234920fc250d95ea7dc9d517cef9,0f676b631c8e3fe6fa181071d0a6bcfd,delivered,2018-03-29 10:51:53,2018-03-29 11:09:00,2018-04-05 19:19:10,2018-04-09 17:36:28,2018-04-12 00:00:00
c38e0a7ecb6d609cc307eb449dbdc4de,359e378dbc46732027e95ff1a5d88bd7,delivered,2018-08-10 11:05:48,2018-08-10 11:24:57,2018-08-13 15:51:00,2018-08-20 18:26:46,2018-08-23 00:00:00
00335f75ea6a4455b524a8dd177067f5,32b84239e3f3904ac162d832454770c7,delivered,2018-04-25 21:47:26,2018-04-25 22:10:29,2018-04-27 14:49:00,2018-05-03 22:16:51,2018-05-28 00:00:00
56a5ec0d1965b1640462b08e95f028d7,08e662cad24727afdae090be490bacbc,delivered,2017-03-30 09:44:47,2017-03-30 09:55:26,2017-03-30 15:53:12,2017-04-11 11:46:05,2017-04-24 00:00:00
867b142c274783a46707af07874ac568,2efe619ed63c5be4a6a68c89cceabecb,delivered,2017-03-27 22:39:57,2017-03-28 03:43:51,2017-03-29 15:48:10,2017-04-06 10:33:17,2017-05-02 00:00:00
2504fffc2c378bdcd1a74f47fefd3a2b,1e8a678d7b018cde072ad5101c614e7d,delivered,2017-09-28 12:32:04,2017-09-28 12:49:12,2017-09-29 17:00:10,2017-10-02 20:21:47,2017-10-17 00:00:00
6566c554337e3c6eba49f0dff9103df7,e6d43a7376b7de701411a48b85d1375d,delivered,2018-02-01 22:40:16,2018-02-01 22:51:50,2018-02-05 19:08:35,2018-02-06 16:16:36,2018-02-19 00:00:00
d77d1461e81c281918bbfa4c878bdcc3,db8d5969bd8a72001e6f9e26caf31d6b,delivered,2018-06-11 07:03:41,2018-06-11 07:15:15,2018-06-11 14:08:00,2018-06-14 16:51:03,2018-07-05 00:00:00
3dbae011830ae15641138266abb3f3be,1e331e9effe37cc5bb06a638a9a9e077,delivered,2018-02-28 16:54:57,2018-03-01 03:09:30,2018-03-02 19:06:52,2018-03-07 21:08:23,2018-03-22 00:00:00
5491ab8eec3a104e7f0a3a4895c1621e,eb73b2df5594ed5948920669c8f25bd7,delivered,2018-06-17 21:41:22,2018-06-17 21:55:14,2018-06-18 15:36:00,2018-06-28 18:55:51,2018-07-24 00:00:00
414fe5cf5ccc8afed3c265aede6cc37d,cd35dd0b8e59b051825c99ff42983181,delivered,2018-01-10 19:34:02,2018-01-10 19:50:26,2018-01-11 19:10:06,2018-03-08 19:18:35,2018-02-14 00:00:00
d7703c6f32e51dde96ca41e281d4254e,f4ffcdc0d33805e200b19ab444f1649c,delivered,2018-04-06 09:23:43,2018-04-06 09:35:23,2018-04-07 01:22:16,2018-04-13 18:46:49,2018-04-25 00:00:00
c4fc1de96bdade6bff864108f4887d3d,53f5602be13a814f32672184120febca,delivered,2018-03-11 12:58:50,2018-03-13 04:30:36,2018-03-14 20:59:58,2018-03-30 00:52:36,2018-03-29 00:00:00
7bac1076797839872168be8c0e2b0f88,c353167c1b4445649a80d52e656eeebc,delivered,2017-03-28 20:29:38,2017-03-28 20:45:12,2017-03-30 14:05:20,2017-04-04 16:04:41,2017-04-26 00:00:00
228ad7bb45b5912a1c70a68be5d4b951,e21036e20cc865239db3bfda5face5dc,delivered,2017-05-21 19:39:28,2017-05-21 19:45:19,2017-05-22 11:57:32,2017-05-25 15:57:53,2017-06-20 00:00:00
bbf1da6f38b4bbebb7ecde7ce65cd47d,8a8d243de0512b01020a23288af87a67,delivered,2018-02-21 07:41:25,2018-02-21 08:30:33,2018-02-21 21:53:14,2018-02-27 22:26:59,2018-03-19 00:00:00
cae155b8d4bd6e84685e5ca5c0f8ecbb,da1b659cb552542387ac5a2d3d98d236,delivered,2017-05-31 22:42:05,2017-06-01 22:35:22,2017-06-05 13:21:43,2017-06-09 10:56:47,2017-06-13 00:00:00
c7e358703b2248a4ee0adf815936c2d3,365fade8f6d6113cafba55e06ab251ab,delivered,2018-01-05 00:47:54,2018-01-05 00:59:19,2018-01-08 18:55:16,2018-01-16 00:34:54,2018-02-05 00:00:00
5658cfc0ef9916f519d7619207a08379,f36d464468a0c3409cfe1e8e515bd6f7,delivered,2018-08-07 14:11:02,2018-08-07 20:45:09,2018-08-08 17:02:00,2018-08-09 17:32:45,2018-08-16 00:00:00
8f66c7fa9b811026d696fc619becd5df,72121723bc54405da6fd53fda50dac24,delivered,2017-08-07 21:11:29,2017-08-08 03:50:19,2017-08-08 18:15:00,2017-08-09 16:27:43,2017-08-18 00:00:00
1d03ab3055cbeb857235ddc26b6fc88a,efcff0dedc5aad0606ae815bbb9ccad7,delivered,2017-03-24 12:20:28,2017-03-24 13:07:25,2017-03-27 15:33:42,2017-03-31 11:44:46,2017-04-25 00:00:00
2ec398158cb686267b1f4b102129098e,fced842c7dad61e8ce47b49229659718,delivered,2018-04-28 12:23:26,2018-04-29 12:15:17,2018-05-02 12:19:00,2018-05-08 21:52:09,2018-05-30 00:00:00
7a76b222b6be79748cd291410b57c160,a0957b15b659dc70b6842d8393a0579d,delivered,2018-05-12 19:36:15,2018-05-12 19:56:47,2018-05-14 14:23:00,2018-05-15 18:37:38,2018-05-22 00:00:00
481010fdaf8e172cda436faedf27159d,5d1c37b8609924b2cf505b304ed075c6,delivered,2017-10-14 16:25:43,2017-10-14 16:35:20,2017-10-16 21:59:59,2017-10-17 16:49:56,2017-10-26 00:00:00
76c2392adf98db7d40886a6b4a584bd3,76c0fa129e051872153968790fd8b635,delivered,2017-09-18 13:26:47,2017-09-18 13:35:20,2017-09-20 19:38:48,2017-10-03 13:06:55,2017-10-09 00:00:00
5582d9b46edf97ccc2f3b993c39ace3e,28e414622d3770ff33c04a3151bb77fa,delivered,2017-01-25 11:58:33,2017-01-26 02:15:56,2017-01-27 11:05:12,2017-01-31 08:03:00,2017-02-22 00:00:00
676853ed85e0232da3407712d84ce83a,009ac0aeacb7e5c368452976385b7903,delivered,2017-09-15 22:24:55,2017-09-15 22:35:17,2017-09-25 19:03:32,2017-09-27 18:35:41,2017-10-04 00:00:00
861b17babeba7176fff231e7851a519f,c2bb55de66da47e9468a9c3922baee16,delivered,2017-11-09 12:51:32,2017-11-09 13:11:26,2017-11-10 21:59:44,2017-11-17 17:21:59,2017-11-29 00:00:00
629a524cbbd0a42a04f87ad39648d4ca,113ccf9504bda6180e498d862b8e9815,unavailable,2018-07-12 20:26:19,2018-07-13 20:25:14,,,2018-08-08 00:00:00
2ee902dff767d74cd5e5fa246475a600,aea377f8289e7ba26c9c749bcb2b32c1,delivered,2017-06-11 16:33:59,2017-06-11 16:45:16,2017-06-13 09:59:32,2017-06-21 16:57:31,2017-07-03 00:00:00
7af39c02428c4dfc3c4addfe65198837,e70a0538bbd5501339fee6675bec20ee,delivered,2018-02-04 19:45:54,2018-02-06 03:48:33,2018-02-08 21:19:41,2018-02-20 21:59:01,2018-03-20 00:00:00
1192d161975e75d0b5c3a018937df110,9936978839b9dcd4ae74bd2f82e37fad,delivered,2017-10-19 21:56:51,2017-10-21 02:56:08,2017-10-25 11:42:11,2017-11-08 11:07:50,2017-11-17 00:00:00
df3774a3a04f388e00a94784ecfdfaf0,164ef3880a5273a9deca07fd4080ccdd,delivered,2018-04-07 14:48:30,2018-04-07 15:08:10,2018-04-10 23:38:28,2018-04-13 15:54:34,2018-04-25 00:00:00
3e507cc659fafe5c803c770827df1df2,8905ce4cd443591d81324dcc4a2569ac,delivered,2017-05-25 07:35:01,2017-05-25 07:45:14,2017-05-30 07:03:34,2017-06-07 15:06:09,2017-06-19 00:00:00
9f62f8570f362ce8c44324f7cc9ca852,29275bb342aec7fb355b34909d4d77f3,delivered,2017-10-02 10:39:19,2017-10-02 10:49:45,2017-10-04 14:57:17,2017-10-06 21:14:03,2017-10-24 00:00:00
b48959225675859f01913fbd8cb4abe6,88a9b809cb9f14bee2a9756e44680552,delivered,2018-08-13 17:04:57,2018-08-13 17:15:19,2018-08-14 14:23:00,2018-08-15 23:42:27,2018-08-20 00:00:00
08632fe0bc1f85190f242268f3410561,d15040354179edf98a52370f7b427729,delivered,2017-07-12 09:56:39,2017-07-12 10:10:24,2017-07-13 17:06:04,2017-07-25 19:27:55,2017-08-14 00:00:00
338cd98c972c8d9b015759974ca7446c,58550909176303c05f37a9f3a3e913cd,delivered,2017-01-26 11:09:11,2017-01-27 11:50:23,2017-01-30 11:45:17,2017-02-02 14:58:07,2017-03-22 00:00:00
291595e7702bf69af75b873bc983601f,76dbc1556c66d771e8a6b60c35957e01,delivered,2017-10-13 17:26:44,2017-10-14 18:34:20,2017-10-19 12:11:17,2017-11-08 21:54:55,2017-11-13 00:00:00
540544251975ba4515aebe0ac8525067,09aa1b31dfac63e1e90d5ddf79560f86,delivered,2017-06-19 11:02:33,2017-06-19 11:10:18,2017-06-21 18:43:49,2017-06-30 14:27:57,2017-07-11 00:00:00
452bc83e1374a9bcd2592f008c2a441a,17b7d1cd0035be7cd937e1f6aad3d33e,delivered,2017-03-27 13:50:43,2017-03-27 14:02:41,2017-03-28 12:50:07,2017-04-07 21:55:54,2017-05-04 00:00:00
ef3564e02d4e2945236a1bacf894cc14,ab39d94556c66bc0ae68d7912dc296a5,delivered,2017-10-31 21:01:24,2017-10-31 21:15:13,2017-11-08 19:13:05,2017-11-14 22:28:42,2017-11-22 00:00:00
0cc25005d4c6ad2b8ca080644cee93d8,00694a1bf2da47e37b2bd3193eeae839,delivered,2017-11-24 09:58:46,2017-11-25 06:31:52,2017-11-30 16:42:52,2017-12-01 21:39:10,2017-12-08 00:00:00
6c36ce692e5f1eac162de71b7e369805,60ec3b210180753924a4b3028b1f6b72,delivered,2017-07-25 23:16:48,2017-07-25 23:25:12,2017-07-26 20:22:06,2017-08-16 05:11:46,2017-08-24 00:00:00
158263d44a3e5ae322126338c7776dea,182dc723d820aae1a351f75ab1f53451,delivered,2018-01-05 09:35:30,2018-01-05 09:48:28,2018-01-05 19:29:01,2018-01-10 14:20:05,2018-01-30 00:00:00
1eab72eb166f0f84fb07b37a5d044f56,c920352ccf11e554a9981c919c5f8cad,delivered,2017-12-06 10:46:30,2017-12-06 11:14:47,2017-12-07 20:03:07,2018-01-11 20:23:47,2018-01-04 00:00:00
caf2048fee4b72387d1a2903becb1e60,ae963c6d662c927f2ab70320da286610,delivered,2018-06-26 22:31:24,2018-06-29 02:55:15,2018-07-04 13:21:00,2018-07-07 19:53:42,2018-07-25 00:00:00
554798f223b7f6268362b7489f7514e1,a0d5a45b8ba1d0075371cae17473b317,delivered,2018-03-12 22:54:08,2018-03-12 23:08:28,2018-03-13 23:28:38,2018-03-27 00:54:23,2018-04-10 00:00:00
72002d46bebcafbe621c662f1ad3cc45,09164c039db9837e7eeeda0a0318973c,delivered,2018-03-31 01:37:20,2018-03-31 09:07:58,2018-04-04 18:41:52,2018-04-11 19:08:43,2018-04-20 00:00:00
cf6908e8b524d8fac0d70a5cc8bd749b,c85ab216eceb57e7059d16f16744b513,delivered,2017-08-29 13:58:48,2017-08-29 14:10:16,2017-08-31 19:37:26,2017-09-06 22:34:49,2017-09-20 00:00:00
cd5e56b5a3ac9bab0513602f1feb6d08,985f30bfa1eac3c9171f0140a9e0d666,delivered,2017-10-05 17:06:27,2017-10-05 17:25:32,2017-10-10 15:44:10,2017-10-23 18:57:45,2017-10-27 00:00:00
652e317bb6d649095346bf24ba207c15,0dfd748e5112348ddf2a33353ab7abda,delivered,2017-09-18 18:49:26,2017-09-18 19:03:29,2017-09-21 13:30:16,2017-10-10 21:27:51,2017-10-13 00:00:00
9883ff3bcb04d3bb8dd9874de9f97354,207d7a2d96b9eae326658c0d9f8a0f4c,delivered,2017-11-25 10:02:33,2017-11-28 03:31:33,2017-12-05 08:51:49,2017-12-07 21:34:08,2017-12-15 00:00:00
377ed239c64b69ab76ed4d18bdf76958,cb389847793403afc3326a7036bd58ec,delivered,2017-08-11 16:23:44,2017-08-11 16:35:18,2017-08-14 20:33:48,2017-08-16 21:42:16,2017-08-24 00:00:00
94fd9673a19164ebf42ba85826aff8b4,bd5a96b05e3979db414986300a0ca0a6,delivered,2018-05-24 10:43:56,2018-05-24 10:59:32,2018-05-24 14:24:00,2018-05-25 20:17:42,2018-06-11 00:00:00
fd633710bedbd308872a1389cde4bb8b,88dade7a54c9926e351172460ce57fec,delivered,2018-06-11 14:47:00,2018-06-11 15:03:07,2018-06-12 13:45:00,2018-06-25 20:26:23,2018-07-19 00:00:00
ef2bf4a6c31539b683224ca3ac767cad,673464437daac6d5e5da94bcc150fe05,delivered,2018-04-05 19:55:13,2018-04-05 20:08:59,2018-04-07 01:16:57,2018-04-13 18:41:49,2018-04-18 00:00:00
ba4cf91b35e26a694108bfd8eebb2cec,11349e424dae69088fac48186165161c,delivered,2018-08-10 07:31:31,2018-08-10 08:04:46,2018-08-10 15:42:00,2018-08-17 16:44:28,2018-08-23 00:00:00
ddb4b2115723295bbe34444bbcb2c1d5,382b155c9a94793ddbd99d8f8b0887f8,delivered,2018-08-10 23:54:45,2018-08-11 00:05:18,2018-08-21 14:07:00,2018-08-29 14:46:56,2018-09-20 00:00:00
a5e142b2b206377c9b2df6a871c1f284,59f2fedaa3cb8a6241388d001204440f,delivered,2017-07-18 11:29:07,2017-07-18 11:43:50,2017-07-18 18:47:48,2017-07-26 07:05:12,2017-08-11 00:00:00
2b8e4a06dca9d5c4071575613d7a5037,084a0e74918bd829d509441c2504135e,delivered,2018-04-23 15:07:49,2018-04-24 19:03:45,2018-04-30 13:31:00,2018-05-04 16:38:45,2018-05-16 00:00:00
5f5e8d13d1088bb941ae3b0ebff0feff,a775583c19646a68288f58bdfb1b90c7,delivered,2017-05-12 20:52:38,2017-05-13 02:50:27,2017-05-16 09:59:53,2017-05-18 16:34:07,2017-05-25 00:00:00
5f6c4fd8bf209354048c07f8e15d8a03,2e466eef21a5f1b6a3a0795478002ea8,delivered,2018-03-27 01:33:52,2018-03-27 02:15:10,2018-03-27 20:13:21,2018-04-05 01:32:19,2018-04-18 00:00:00
7e3db8d87e79e50d7a08312194e1cf01,15ff28a1c17f0fe90484f845261b81ff,delivered,2018-05-01 12:49:47,2018-05-01 13:36:11,2018-05-03 15:14:00,2018-05-04 21:17:22,2018-05-15 00:00:00
cacb3120dc73f355266cd22cbdadadd3,9bc097d18d2341d608b1a4c9fe33bda7,delivered,2018-07-19 16:14:29,2018-07-19 16:30:14,2018-07-20 14:25:00,2018-07-27 17:21:55,2018-08-03 00:00:00
93b94a19e5546ce4eac9c4eac62f5465,d7dd2b2a9644847e092a739891e4697e,delivered,2017-07-10 20:07:27,2017-07-11 06:43:43,2017-07-11 17:34:39,2017-08-10 20:17:55,2017-07-21 00:00:00
9c20d32da9901199ffd5a24288b6c259,9072c5068c1ae0867aa8ada4172cc59a,delivered,2017-04-12 17:19:48,2017-04-13 02:45:29,2017-04-13 18:35:44,2017-04-19 08:25:10,2017-05-15 00:00:00
51149ebc2ec1ecbf8a2503fd49753259,a7ef64352fb7fdebc2f7a65c0ad75325,delivered,2018-02-22 21:58:40,2018-02-22 22:10:29,2018-02-23 20:09:06,2018-03-11 21:56:40,2018-03-19 00:00:00
d51cbac21a49941976292ba004bf4165,59f12035213d81f852b68da15b39aff4,delivered,2018-01-16 11:56:07,2018-01-16 12:16:43,2018-01-17 16:51:59,2018-01-25 22:14:10,2018-02-06 00:00:00
9c2425da844157ef4e0ed799e4939978,b7755d902d0b95c0e4c8748c8d683f79,delivered,2017-12-01 21:37:16,2017-12-01 21:55:13,2017-12-04 18:16:58,2017-12-19 15:19:48,2017-12-26 00:00:00
7e8a488126f108bf5841a1bc1dd2c762,a1d97f3fb92d14746f2f68ce15c689bb,delivered,2017-11-24 17:19:25,2017-11-24 20:53:42,2017-11-28 19:58:52,2017-12-14 21:57:52,2017-12-15 00:00:00
8d2a68ca0ac61329c56e0b74695b04b4,0ce2e9b14cff24808d5d4aa835c7252e,delivered,2018-02-07 18:49:55,2018-02-07 19:10:13,2018-02-09 22:18:46,2018-02-14 21:29:12,2018-03-07 00:00:00
1e613bb0c5a8b4b9a311d131c2564731,a8a9eb2da818e0762d118ed75a228e0f,delivered,2017-11-19 12:13:56,2017-11-19 12:27:59,2017-11-20 21:34:44,2017-11-23 21:33:55,2017-12-11 00:00:00
39c5fa1323927c658f09038a61cca654,8566134257ddcec00b712f2bc23de7a4,delivered,2017-05-02 12:03:00,2017-05-04 02:55:32,2017-05-11 09:04:35,2017-05-15 10:36:25,2017-05-29 00:00:00
8ad5d435c052c47844228f04d9837ac8,58c4c5c61b6cce1d8a995cb065e6e38b,delivered,2017-05-21 19:35:12,2017-05-21 19:45:16,2017-05-22 11:05:01,2017-05-26 11:42:38,2017-06-13 00:00:00
f934b357bb58387aeb7f58a1b0100861,ad1f289fe0d5f0e66faa507b7dd26476,delivered,2018-01-09 07:51:15,2018-01-09 08:11:05,2018-01-13 02:37:48,2018-01-17 16:33:01,2018-01-26 00:00:00
19a870c81a3ab57258a090b0976ec5ee,fe5e5441853b0f7d6966a3d53aa13518,delivered,2018-07-03 10:12:47,2018-07-05 16:21:33,2018-07-04 13:44:00,2018-07-11 15:21:07,2018-07-25 00:00:00
b447563e8e07210bdadc8ffac30703da,4bb8165114328aab76daee192c23573d,delivered,2018-01-07 01:25:32,2018-01-07 01:37:23,2018-01-08 23:54:51,2018-01-12 12:59:14,2018-01-24 00:00:00
bd15e6a6eec338675a42659c3509da35,62b912715949a663b46270883e7bfc6b,delivered,2018-05-14 17:12:48,2018-05-15 17:15:18,2018-05-17 13:30:00,2018-05-21 16:36:48,2018-05-30 00:00:00
989172e27a340ec9718134cc629aa270,a8211e31a7f2b3f3615d0a84266be63b,delivered,2018-03-05 15:51:30,2018-03-05 16:29:16,2018-03-06 22:16:59,2018-03-15 00:33:08,2018-03-28 00:00:00
7c2d06820f2b145be3fb53b858618eb7,a974a3f25d0ae78b4e8a72714222c70b,delivered,2017-10-04 18:12:37,2017-10-04 18:28:19,2017-10-09 19:53:37,2017-10-16 20:41:56,2017-11-07 00:00:00
bf5bcd59f69c6840dc0f1d9732abf47d,87683e081018f56675eed5e992199b04,delivered,2018-03-11 22:13:55,2018-03-11 22:28:12,2018-03-26 22:31:13,2018-04-07 14:16:51,2018-04-17 00:00:00
4b084373ddadca63d02071a40596da80,79f38356c8c86dc2ef82f5609cfc0135,delivered,2017-12-01 15:49:57,2017-12-01 16:00:33,2017-12-06 23:17:03,2017-12-14 22:10:15,2017-12-27 00:00:00
cff47646caf0e301a4622b80cc415cb9,c8dddeefdb81daac2796e6dd3fd3a661,delivered,2018-04-15 13:02:02,2018-04-15 13:15:10,2018-04-16 22:57:48,2018-04-23 14:03:42,2018-05-10 00:00:00
2e8f6d00a2eaf2a625d99b8d0ec27627,d86b488d0a9dba21fbdf4786c30ddb5d,delivered,2017-06-06 19:02:52,2017-06-06 19:15:19,2017-06-08 17:24:02,2017-06-14 18:02:20,2017-06-27 00:00:00
55d4ac8ab9f932ba5badbf6088b9a1c3,5342683414d08cd3656392950ecd915b,delivered,2017-11-04 14:36:45,2017-11-04 14:50:24,2017-11-07 18:58:40,2017-11-13 11:21:35,2017-11-24 00:00:00
9da02db988be4c6560597e90391a4cdc,b51ef2f9b84214cc18a0c1b6e2860a7d,delivered,2017-04-01 13:40:12,2017-04-01 13:50:17,2017-04-05 08:58:00,2017-04-10 17:55:15,2017-04-24 00:00:00
c801ee070159af89f5ce2b8c03e9e032,2b9a2797c43df2c10dc963becef73f21,delivered,2018-02-22 16:06:29,2018-02-22 16:29:35,2018-02-26 21:47:06,2018-03-21 15:22:01,2018-03-15 00:00:00
6da8ea3c17482ba0eee27ffd63c2d591,4359f277297d4121b9077aa1e8142c8a,delivered,2017-11-25 22:12:25,2017-11-25 22:33:22,2017-11-27 13:51:50,2017-12-02 20:04:47,2017-12-29 00:00:00
3b9e43d6eba694f8a29c11ee67a04f2c,95586af7599c2494c788eb3fc596b4d8,delivered,2017-12-27 17:49:32,2017-12-27 17:59:31,2017-12-28 17:05:21,2018-01-03 21:25:42,2018-01-23 00:00:00
478c69b6c0107cf696d64c524286ff05,854f983619b24efc2aa702bd11f207c9,delivered,2018-07-29 19:09:02,2018-07-30 20:30:55,2018-07-31 14:32:00,2018-08-02 17:48:54,2018-08-17 00:00:00
a33d3f609143c6962ccbb58915505300,c61d47ff9a3b5b642fceb5acf80c6596,delivered,2018-03-26 09:36:53,2018-03-26 09:50:29,2018-03-27 00:11:02,2018-04-11 16:14:43,2018-04-17 00:00:00
74cfe3612876cb696af283e27298ebd7,32f26ad4e70e6d519b5bbeae883071e5,delivered,2018-06-15 20:34:58,2018-06-16 20:36:21,2018-06-19 14:13:00,2018-06-28 18:12:42,2018-07-12 00:00:00
43d6e5bfdbbfac022b7dad46056dfa64,6e87b43c60c9c1cb6d51732a3b238f95,delivered,2018-05-01 00:36:33,2018-05-01 03:53:54,2018-05-02 13:22:00,2018-05-07 20:58:36,2018-05-29 00:00:00
0714c5e5a4887535cbf5a60cbab73fe4,04cb06222199f8e9a1691ef028e88a28,delivered,2018-03-24 18:20:15,2018-03-24 18:30:37,2018-03-27 04:08:53,2018-03-27 12:49:39,2018-04-06 00:00:00
b2f828440883f9c47baa06729d2d9a15,4811dcb195171d9e345056099833351c,delivered,2017-05-08 14:57:58,2017-05-08 15:05:28,2017-05-12 17:19:38,2017-05-18 09:21:25,2017-05-31 00:00:00
72221bc9de65dc6a45b9156909d2b6c9,62ba6f8841829d032db206fd02c03406,delivered,2017-07-22 18:37:52,2017-07-25 03:35:09,2017-07-26 11:12:32,2017-07-31 19:19:59,2017-08-15 00:00:00
8ec58bc9d39789f8d32575cc5ce0cf0c,4d8fa2770548b38d5c9c1f2e18663429,delivered,2018-04-01 21:59:43,2018-04-01 22:10:36,2018-04-04 20:42:16,2018-04-10 20:21:09,2018-04-23 00:00:00
956e905489c92b9c9478e8bd23609261,0d76279b65c015e327c53010755bd67d,delivered,2017-07-07 01:32:08,2017-07-07 01:45:06,2017-07-10 20:00:00,2017-07-13 14:23:13,2017-07-27 00:00:00
33df60e3cdba3ece1009971fb2642792,a3ee40021295b82c14ad9934bc216bd8,delivered,2017-05-17 12:44:03,2017-05-17 13:11:25,2017-05-18 13:14:59,2017-05-23 13:03:43,2017-06-07 00:00:00
b71ba668b12da5320995cd74acecb2fb,ac708849f8add56b9c304bd26ffd4bee,delivered,2018-06-03 10:47:54,2018-06-03 11:10:36,2018-06-06 06:08:00,2018-06-07 23:17:23,2018-06-29 00:00:00
707c7403d5d131e75e3d557bdd0646c4,1e15ee73f855f62f18708ddae10c6fc7,delivered,2017-08-22 11:02:26,2017-08-22 11:15:13,2017-08-29 15:22:13,2017-08-31 16:58:04,2017-09-12 00:00:00
ade4397f52cb13f72b87939c8250e292,1b53291bea0d803ea8d9445552fc011c,delivered,2017-09-23 18:57:21,2017-09-26 06:33:12,2017-10-02 14:53:38,2017-10-12 13:29:09,2017-10-24 00:00:00
f854f7c57d83d7b4f97a9d5cfcd3ebbc,522b5607965ab3fff8aa344c5281de61,delivered,2018-01-03 18:39:54,2018-01-03 18:46:50,2018-01-05 19:43:37,2018-01-06 14:28:42,2018-01-19 00:00:00
0aaa4cd49d3624258b908c2abdf189cc,73ff91e90f718f4e4b183053504f0265,delivered,2017-12-02 14:18:40,2017-12-02 14:30:01,2017-12-05 19:14:41,2017-12-26 20:09:28,2018-01-04 00:00:00
da05f479ab5c7e23b066a396865bbfd7,2df4741faafcd475e4f033e1c827cb34,delivered,2018-07-18 07:01:18,2018-07-18 07:10:15,2018-07-18 13:28:00,2018-07-24 14:48:46,2018-08-14 00:00:00
984b006a1482a4e7916421a663b1e800,02d9a65b86f28f9bb487c30a493ad289,delivered,2017-01-30 23:40:40,2017-01-31 01:35:13,2017-02-03 12:20:09,2017-02-09 13:14:19,2017-03-17 00:00:00
05ad157e8f606d82b474fd05703b7610,6346f4f79b657f6256dcdf1e63a46992,delivered,2018-05-08 19:48:36,2018-05-09 19:52:30,2018-05-11 13:05:00,2018-05-20 11:52:38,2018-05-24 00:00:00
542dd8c7a80f7006b56c9cbb95e6433b,416d7934b96e1c5d46b332d32ee0e356,delivered,2018-07-20 17:53:08,2018-07-20 18:05:18,2018-07-24 09:39:00,2018-07-30 22:54:34,2018-08-08 00:00:00
ff130512369110d4190cde918edc039f,63602165063adb084016e19dde425ce7,delivered,2018-07-18 16:48:23,2018-07-18 17:55:26,2018-07-19 14:23:00,2018-07-23 17:29:02,2018-08-01 00:00:00
3495e966748a04cd5d7f4537a57fa3ef,227d70f3020b7eda1573401a7d5e1aff,delivered,2017-09-04 22:02:17,2017-09-04 22:15:15,2017-09-14 22:45:43,2017-09-20 23:27:54,2017-09-26 00:00:00
fcc46438879834c9c223c5fa0eb0ea51,445f187cc1cfea0edfd2865118e1b183,delivered,2017-08-02 19:44:50,2017-08-03 22:45:21,2017-08-07 17:59:50,2017-08-11 15:33:56,2017-08-15 00:00:00
c1b87c671fed6c43d7d20e5142646cee,31db78dd06030df56b20ca2bca5155d8,delivered,2017-10-22 01:14:40,2017-10-22 01:28:15,2017-10-23 19:13:37,2017-10-27 16:33:39,2017-11-14 00:00:00
2bd2241ff5bd59887a8a706c309c5938,adfc29e0c38c693aebe6ca25a7e5d72d,delivered,2018-01-10 19:38:12,2018-01-12 02:38:38,2018-01-17 00:47:54,2018-02-06 15:05:19,2018-01-29 00:00:00
d8e60d045809e16f66fdc3f775d0e870,ad6000ae0601cd20b0dab65dae6812f5,delivered,2018-01-24 22:14:15,2018-01-24 22:36:51,2018-01-26 22:22:21,2018-02-06 20:17:37,2018-02-16 00:00:00
72ff614713f98ab97ec35e4172bf2f91,473412ec97c341be490318ca778cf88b,delivered,2017-11-21 16:29:56,2017-11-21 16:51:07,2017-11-27 20:41:32,2017-12-06 13:22:27,2017-12-22 00:00:00
09c10d01ea598b37493ee93aa01cb066,f7e9bb341dd0e8c538dce497142a1bb2,delivered,2018-07-14 19:38:54,2018-07-14 19:50:17,2018-07-16 14:16:00,2018-07-26 18:56:41,2018-08-01 00:00:00
aa77e41fccfdbf35ae4acad0909a9618,662a98185dfb9aefcbd608bbf9e72f8c,delivered,2018-05-03 17:28:48,2018-05-03 17:54:18,2018-05-04 10:08:00,2018-05-24 16:58:26,2018-06-07 00:00:00
c4adb90544e7914c3148466f7ab31491,180fc8ef268490fce6b677eda443ef95,delivered,2017-04-16 23:55:43,2017-04-17 00:45:56,2017-04-26 11:49:56,2017-05-09 14:17:06,2017-05-08 00:00:00
3d2dcb01fbc5f4d34251dfc216cb2034,4a8901d60a3004ab988ef51c6c258764,delivered,2018-05-10 07:52:16,2018-05-11 03:37:41,2018-05-11 15:50:00,2018-05-22 00:28:21,2018-06-07 00:00:00
738580878981997bfadf04c4c2fbd013,544e78bf4c62c25f76e384103d1823d8,delivered,2018-07-29 18:14:00,2018-07-29 19:44:14,2018-07-30 14:16:00,2018-08-03 20:28:36,2018-08-08 00:00:00
96a0411828c1774771b1c912e8dd813c,e328b8959b9167b1106d4108c3ef0b92,delivered,2018-06-06 13:24:51,2018-06-06 13:35:21,2018-06-07 14:10:00,2018-06-12 00:42:50,2018-07-03 00:00:00
2f8dfe00cfcef172846d190906469686,df1f0fa2859c0463b3bd4c924afe9c88,delivered,2017-12-08 00:28:37,2017-12-09 02:36:21,2017-12-12 21:27:07,2017-12-17 14:47:55,2018-01-02 00:00:00
0a191803956e2748ef8dc1ed7ed5e991,6dbe848c6681efae10ede81c3f0c9ae5,delivered,2018-06-16 19:13:42,2018-06-16 19:37:19,2018-06-20 14:59:00,2018-06-21 17:28:53,2018-07-03 00:00:00
bedf0a24ebbb0d930f1849c2999c53b3,1e2c9f28b5796d861e2c7edccee8b25e,delivered,2018-02-06 21:51:53,2018-02-07 03:10:19,2018-02-09 00:03:20,2018-02-23 19:47:20,2018-03-07 00:00:00
f464100249386ed908422e3834b42607,1bdb528d7f95c7f3e4f46d7508653d71,delivered,2017-07-06 18:29:05,2017-07-06 18:45:10,2017-07-07 19:27:26,2017-07-11 15:05:40,2017-07-19 00:00:00
af4de21fc01c7d4570f5bcbbb28cbd75,00a40841820d0d2a51c5fc110eba37ed,shipped,2018-03-21 09:25:55,2018-03-22 02:50:58,2018-03-22 21:22:09,,2018-04-23 00:00:00
c9edc484b6cfdb0c807507e683a054b9,9c9a1211f0f69414e26c027daa0c0b7e,delivered,2018-06-11 14:58:16,2018-06-11 16:31:49,2018-06-12 14:24:00,2018-06-15 14:44:44,2018-06-28 00:00:00
9814faa42d794c0595af95705ab9c7a4,a304e4e04c9d21275b98859228fcf445,delivered,2017-12-14 12:18:48,2017-12-15 02:16:44,2017-12-18 19:58:38,2018-01-22 19:36:35,2018-01-09 00:00:00
ab2a998670fda3ed78ed05b73fa62ef9,6dde1019a8b279889cf5599591d096ce,delivered,2017-11-11 16:59:40,2017-11-11 17:15:32,2017-11-13 22:27:05,2017-11-21 16:22:22,2017-12-04 00:00:00
26d50e2b2072855e670311f1aa623f86,92bc8ba533fd5f3a2c5fb8c16f6f9611,delivered,2017-05-10 20:54:15,2017-05-10 21:05:10,2017-05-12 14:57:45,2017-05-25 12:34:28,2017-06-01 00:00:00
5282c7d82b95766f51be346c8fd9bcc6,18a174cd8c0062e289cafc8c156d4028,delivered,2017-11-03 09:28:57,2017-11-03 09:45:43,2017-11-08 21:14:43,2017-11-28 01:28:44,2017-11-29 00:00:00
bbf0608a4772666602f2fe57fe81742e,e1524dd0c685ee8f075fe01f661a4017,delivered,2017-01-26 21:07:27,2017-01-26 21:21:56,2017-01-27 10:50:36,2017-02-07 13:36:49,2017-02-24 00:00:00
5619f8b4b37f9ee0474d22b309272c62,ba9fa21d16fa22ad6a806358b58e2be0,delivered,2017-12-02 10:56:04,2017-12-02 11:10:34,2017-12-05 00:19:42,2017-12-05 15:15:20,2017-12-28 00:00:00
72f70be643bd8ca8da6be5b9e8435aa1,e103fb520157dd48c4828df29d466e50,delivered,2018-08-22 14:54:48,2018-08-22 15:24:26,2018-08-23 12:03:00,2018-08-28 10:18:37,2018-10-15 00:00:00
bb4355fedc9f43e7270f49187823b24b,2b044b601d13ee0c7e889361d9b3a54e,delivered,2018-02-19 17:02:12,2018-02-19 18:10:27,2018-02-20 18:56:56,2018-03-05 22:03:52,2018-03-19 00:00:00
92177caad9369822867c7931b5a04dfa,6394a6c9385a02ca95c7a68fa5e64c17,delivered,2017-10-16 18:51:27,2017-10-16 19:26:36,2017-10-17 21:07:02,2017-10-23 18:08:37,2017-11-22 00:00:00
ecf00baec9a9c525884afca18d5d3cad,345c8f1282bb1de3aab9a51095bcfd0e,delivered,2017-08-30 06:49:06,2017-08-30 07:04:03,2017-08-30 15:06:53,2017-09-05 20:34:58,2017-09-21 00:00:00
64e8072af36708bc51f7aa18eed8ea34,d237cbdc78b4a1f2b19ffc5874ded4b7,delivered,2018-07-18 10:40:17,2018-07-18 10:55:20,2018-07-21 09:04:00,2018-08-01 21:44:48,2018-08-07 00:00:00
a50f9f0c6dc14bdf95d5621a5bd6b80b,a50a163029fb5f7935f311cfd2f5c6f2,shipped,2018-02-15 12:10:37,2018-02-15 12:28:11,2018-02-16 16:58:57,,2018-03-09 00:00:00
40c4ddc2d5c871c28df2d3f804f02340,97a0936bd145e77b88c0a49c7d38add5,delivered,2017-07-24 09:04:36,2017-07-24 09:22:57,2017-07-27 14:28:49,2017-08-09 21:46:18,2017-08-15 00:00:00
9b2b20d1efc055576f23913a4c4c3641,387bff133d60a7a536bae7f670deaea0,delivered,2017-07-19 22:47:44,2017-07-19 22:55:21,2017-07-24 20:37:31,2017-07-28 18:48:14,2017-08-08 00:00:00
f8f4b67dd9b542e87eaa095b8224626b,b052bf1f8eca18f3961ef8038ae0a2fd,delivered,2018-03-19 14:41:53,2018-03-19 14:55:33,2018-03-27 00:57:35,2018-03-28 20:04:10,2018-04-04 00:00:00
42884f644248141406ffa0cedd173c69,405bdbf40a8beb8cf3492e96a2f9573c,delivered,2018-01-19 16:23:05,2018-01-19 16:36:23,2018-01-23 19:13:05,2018-01-29 14:54:58,2018-02-09 00:00:00
3f90c2a1df68590cf47b69f2c07ff0d2,4aebf51d7766f57fc3b9e0d324c20f33,delivered,2018-05-14 00:38:08,2018-05-15 03:35:17,2018-05-15 14:28:00,2018-05-19 10:03:50,2018-06-05 00:00:00
aa29fcf45dcd013f2668ede0eaf806ac,f55e41abb0f73a6211c59ff1af4cc189,delivered,2018-07-07 12:56:12,2018-07-07 16:05:50,2018-07-12 12:47:00,2018-07-16 15:07:03,2018-07-30 00:00:00
5f1b7704047e1c4de739797c27c6c45c,b7ef6615929779df90c8404205b319e0,delivered,2018-04-10 15:20:29,2018-04-10 15:35:18,2018-04-11 01:08:37,2018-04-17 00:10:51,2018-05-04 00:00:00
a78c0962e6a2425978965be2eabb31f8,c089255b3acfc822d731d4319a443d95,delivered,2018-07-23 13:20:40,2018-07-23 15:32:07,2018-07-27 15:43:00,2018-08-02 23:51:42,2018-08-16 00:00:00
8d64e424b042f023526817b2f765a442,64573453bdba984df0f2255736f776ba,delivered,2017-11-30 07:11:14,2017-11-30 07:33:06,2017-11-30 22:36:55,2017-12-03 14:28:33,2017-12-18 00:00:00
b1358540a7f7697e3f78ba88935ea3b6,dbf6ed4dc7bddf15511104f1c8cbf195,delivered,2018-03-21 13:55:54,2018-03-22 02:49:50,2018-03-28 18:16:44,2018-04-18 20:47:18,2018-04-12 00:00:00
aa1bc9f5fb6999f433bcbf6990661542,a85297ea32b3433cbeb17e475762c23e,delivered,2018-06-17 16:35:37,2018-06-18 09:13:52,2018-06-18 14:37:00,2018-06-22 00:57:27,2018-06-28 00:00:00
7497aef0a44235d9716819a06ae3d1b8,f2fb8a49fc3012aa30f76be7f47eaaad,delivered,2018-02-27 15:37:07,2018-02-27 16:50:03,2018-02-28 17:23:57,2018-03-12 13:32:03,2018-04-11 00:00:00
04767604594dae9050fbaf22bca08e6e,20b482fe0f494bf34e0aeda7e9c33fce,delivered,2017-05-21 21:55:51,2017-05-23 03:22:51,2017-05-23 13:55:40,2017-05-24 13:59:52,2017-06-02 00:00:00
26c8454aafb0fe89ed0c10eb509ad574,f40eebbe472debbdf4cfc36b99897a37,delivered,2018-05-19 16:26:50,2018-05-19 16:59:37,2018-05-22 06:15:00,2018-05-28 20:19:34,2018-06-01 00:00:00
bd0d8e38394d7cb075e6c93b3ebe1180,a0195318f72f8d70c69675aff4c48f60,delivered,2018-08-09 11:53:06,2018-08-10 03:05:12,2018-08-10 14:16:00,2018-08-13 18:35:27,2018-08-16 00:00:00
2a7dcb1d34aa5213ba51c0997b843fc3,29e4b6ae74ba2576f10c479863d02f8f,delivered,2017-11-06 19:40:33,2017-11-07 04:32:36,2017-11-07 15:55:08,2017-11-22 18:12:02,2017-11-24 00:00:00
0a53c1150d1019fb4e5e6224e887011f,26fc7e710ec9bba533f8967e60f2cc5d,delivered,2018-04-18 21:22:49,2018-04-18 21:50:50,2018-05-02 15:43:00,2018-05-04 15:22:06,2018-05-02 00:00:00
1fa3133aa187f5523ca99748f5b5578f,6eb2a1fc81674d4d2877d51a498375e1,delivered,2017-06-01 19:08:30,2017-06-01 19:22:56,2017-06-06 15:35:09,2017-06-07 07:32:52,2017-06-14 00:00:00
264af1175f2425bc604b8547920207a2,4839cfebf48d099e750ea7f2839043a8,delivered,2018-04-23 14:46:07,2018-04-24 18:59:21,2018-04-26 12:25:00,2018-05-12 18:52:54,2018-05-28 00:00:00
58ab53aab8ecabe6b411fa69f97b8be9,a6aa9543426b2f37964954cfc9ee474f,delivered,2018-06-07 20:45:20,2018-06-07 21:36:04,2018-06-08 14:18:00,2018-06-21 01:06:31,2018-07-04 00:00:00
c28678c5474dd180becafdd64fddac7d,0c2cbff091eeb8f51f5aff24dcf1e9a9,delivered,2018-02-21 16:11:56,2018-02-21 16:29:40,2018-02-22 23:17:26,2018-03-07 21:11:13,2018-03-13 00:00:00
f322d0eb62f5e70fa62f78ae2b6d5ee0,909ac9acd410bb73b02d3341ff0f9766,delivered,2018-02-06 12:49:15,2018-02-07 02:52:07,2018-02-08 00:39:52,2018-02-24 17:12:26,2018-03-05 00:00:00
dae94a5945b5feabdfe04e2ae8d3d3bf,d976b7f96ffd6afe91ee9f725d70ed19,delivered,2018-02-14 11:26:08,2018-02-14 11:47:34,2018-02-16 00:52:07,2018-03-02 23:14:22,2018-03-09 00:00:00
da3a18a5159dc21786d4f6726fcc51e5,8b036273a1a512da2329bca54afe3f95,delivered,2018-07-24 16:19:55,2018-07-24 16:30:21,2018-07-25 10:04:00,2018-08-04 01:52:42,2018-08-16 00:00:00
4895f8a5926847fbac7dd72661f60dd0,517fb4c38b2c35fd7c5b4eb8e8a37251,delivered,2018-07-30 16:39:18,2018-08-01 16:31:37,2018-07-31 14:05:00,2018-08-02 00:28:44,2018-08-08 00:00:00
01aa38b66d95377a4f276f78742aca15,3e92daf13094e2b667e2f2c38a4ce969,delivered,2018-03-01 13:16:25,2018-03-01 13:30:37,2018-03-02 16:57:14,2018-03-03 15:48:44,2018-03-13 00:00:00
571397819bd6b9fb6c481779d2159854,c99b24cb5ce51490cac3a1ff21d153bc,invoiced,2018-04-02 18:09:49,2018-04-02 18:29:55,,,2018-04-18 00:00:00
f9466c5c1ba729ca78ab94232fd4e8de,f296f88c13ab7f40770c56810e4fcfcb,delivered,2017-11-24 20:44:16,2017-11-24 23:53:26,2017-11-28 21:20:12,2017-12-06 18:30:10,2017-12-15 00:00:00
c8f940fbc25bac4ef4c6c97047d59899,e754c640c09779e1ada40ccad154f7c8,delivered,2018-06-24 15:56:08,2018-06-24 16:14:30,2018-06-25 09:40:00,2018-06-28 21:48:44,2018-07-17 00:00:00
42178905ca532298f19fe27009fff325,9769cf8e0cf29e8df3993c86c6eeceee,delivered,2017-11-23 11:13:16,2017-11-24 03:10:16,2017-11-30 22:04:13,2017-12-07 21:32:18,2017-12-20 00:00:00
558c1baea4d7455f7964d6fa4e4d4b96,4721d7c3cdf29bc7cb6ba13ffa40d73c,delivered,2018-04-05 13:17:12,2018-04-05 13:30:30,2018-04-11 20:28:45,2018-04-18 18:21:20,2018-05-04 00:00:00
8777f25a50cd8f37e46fc4c8a222bad6,ae1ef7a597902974fd63374c0293dba6,delivered,2017-11-01 09:40:48,2017-11-01 12:45:48,2017-11-03 22:25:51,2017-11-10 20:16:27,2017-11-22 00:00:00
1c7e4165f3f62e0f9ffe766a0ed93f57,8a01c6e4552c9d9f24fbd8db3e40536e,delivered,2017-11-12 12:00:11,2017-11-12 12:10:59,2017-11-14 22:34:43,2017-11-22 19:28:33,2017-12-06 00:00:00
f35ddefd9f69ce48e6a38a12b97ec26b,2ba0552c5032a5bd4164237204912231,delivered,2018-04-12 18:57:50,2018-04-14 02:30:45,2018-04-16 23:32:37,2018-04-23 16:03:09,2018-05-11 00:00:00
1d27a36f2b45a61e1fe2523a056c3561,0a44fa60c928c1db607ec5758d406560,delivered,2018-07-18 13:48:12,2018-07-18 14:02:23,2018-07-19 14:23:00,2018-07-25 16:21:55,2018-08-03 00:00:00
ba254174e8ca271319fbd168acd8684d,f60cc995a583dfd1e1dadf8ef6d7c573,delivered,2018-02-20 22:19:35,2018-02-20 22:30:29,2018-02-22 00:22:19,2018-03-13 21:12:15,2018-03-14 00:00:00
c704edad3eab2ddaaabdf3fc283d9b67,53df7fa71da6b6d159166381b1995d75,delivered,2018-08-13 08:33:31,2018-08-13 09:04:27,2018-08-13 15:10:00,2018-08-16 20:48:39,2018-08-28 00:00:00
2906d3aca5a5b9081616c592a8b9fb2f,1cb6cb3f6eb970146b2fc09a5f9101c5,delivered,2017-05-07 12:41:14,2017-05-07 13:10:36,2017-05-09 07:36:04,2017-05-19 10:32:28,2017-06-06 00:00:00
fa08d98c3578576e8ab56cb2bf8d94bd,9a18716ba4150ffb34ca9b4298cc0bd1,delivered,2017-12-29 11:38:04,2018-01-03 04:18:30,2018-01-03 20:06:37,2018-01-09 15:19:55,2018-01-24 00:00:00
5af3f71ad6e8363e3d3a3818899d2d61,a1eaf259693eec5fdf8a82d97c9b1fc4,delivered,2018-03-10 15:33:59,2018-03-10 15:48:39,2018-03-13 16:48:19,2018-03-28 15:03:11,2018-04-04 00:00:00
aec4f42c8ecc65ba995a4ebcd0e1de2d,efe0a27eb62f96985e74e196a386be40,delivered,2017-12-18 18:26:07,2017-12-20 15:31:27,2018-01-26 20:42:33,2018-02-05 12:55:06,2018-01-24 00:00:00
2839b4c58dc6f1ff77f8a662d6c392c6,59f02919719082978e302f9c366d2052,delivered,2017-11-28 11:16:46,2017-11-29 02:16:58,2017-11-29 19:08:59,2017-12-08 22:04:22,2017-12-19 00:00:00
9dece38ba34c2b0050efef28e85d7bde,db913a930f7150edd2c9d735b27df1b1,delivered,2018-05-13 19:02:14,2018-05-13 19:12:38,2018-05-14 13:44:00,2018-05-18 20:58:28,2018-06-06 00:00:00
731a8110be2ef91dd6967336a930b4e3,e77145a7d72368000b90adeabd26e719,delivered,2017-09-22 11:46:12,2017-09-22 12:04:14,2017-09-25 19:21:37,2017-10-02 22:58:45,2017-10-16 00:00:00
57e4399c47c85b49ab7fef194b4e14b7,7a79946ef2b486ef080e4051eb0b62fd,delivered,2018-02-21 22:43:55,2018-02-21 22:55:24,2018-02-26 14:07:05,2018-03-21 13:03:15,2018-03-14 00:00:00
a7e777244d28c9330d778b6626beb029,65a7f0e7610bce61fa21f68d27d43648,delivered,2018-05-14 18:38:17,2018-05-14 18:50:08,2018-05-16 06:19:00,2018-05-17 19:22:00,2018-05-22 00:00:00
42783d2d598dff8ebd48b70e401ca0d6,51decce3155b475fcf380e6ca4b44725,delivered,2018-01-31 10:54:28,2018-02-01 02:56:36,2018-02-03 02:52:37,2018-02-16 00:26:58,2018-02-26 00:00:00
7e6539e0940d836317038bdfe085f18f,7986869fd4dc73c4c77e1df2f8bac079,delivered,2017-03-16 21:56:12,2017-03-16 21:56:12,2017-03-20 13:13:39,2017-04-03 15:10:08,2017-04-17 00:00:00
b6373978185cedf353f7d890ae32240f,367cbe5576042219c5d0441b3d5c3cdb,delivered,2017-07-13 00:54:41,2017-07-13 01:05:16,2017-07-13 18:57:49,2017-07-19 19:21:35,2017-08-02 00:00:00
97e8d3eb8f48e3610beed991e5f32296,64df235a93b53bccd4f7189cec632e63,delivered,2017-11-15 17:34:37,2017-11-15 17:55:28,2017-11-21 20:16:07,2017-12-11 19:17:19,2017-12-07 00:00:00
44fd51f28b86bf431a4438f957259ea2,6e4bb9c63481c728b560cef60527169a,delivered,2017-10-09 10:36:49,2017-10-09 10:49:37,2017-10-10 17:10:28,2017-10-26 18:03:29,2017-11-09 00:00:00
b865bf62fce1552218ba53aaa950e1cc,0c65fbd1cc7175466e1bfd6d0978157b,delivered,2018-06-16 10:43:52,2018-06-16 10:57:03,2018-06-22 14:04:00,2018-06-30 01:08:43,2018-07-18 00:00:00
324cc372a5790222f0717f50a6816df1,5a5ea6a8215f199cf696944f1540ddf1,delivered,2017-11-24 22:39:38,2017-11-25 01:33:54,2017-11-27 14:38:22,2017-11-30 18:38:07,2017-12-08 00:00:00
222e2f45e2970908ca9c29309b7452c5,94022ff13dd60ec046554d25daf2a926,delivered,2018-03-12 22:49:15,2018-03-14 02:55:32,2018-03-19 17:37:05,2018-03-28 21:44:50,2018-04-05 00:00:00
e4d96e6ad34780ade40c4b6dc2745a04,f231cefbb88b5be18dbc7b6da2fa5366,delivered,2018-01-30 13:05:27,2018-01-30 13:15:35,2018-01-31 22:48:49,2018-02-01 23:08:38,2018-02-15 00:00:00
a65ca70a0647f6ec2e7b4a0a49d3a500,b9bc6f2fe88de6ce2ad5e8c28255fbb7,delivered,2018-02-09 07:14:01,2018-02-09 07:48:28,2018-02-10 00:41:38,2018-02-22 16:57:24,2018-03-21 00:00:00
7b74647ef95b9578401bd8a4f723b301,43ae0f58c3e63919119fa948c2efee95,delivered,2017-12-01 01:42:46,2017-12-02 02:37:19,2017-12-04 19:48:32,2018-01-05 19:27:54,2017-12-29 00:00:00
3f190e71518c682ad72ef9b6623a7231,d9e84848db3cf9bd9355887825249f9c,delivered,2018-01-08 08:06:06,2018-01-08 08:16:23,2018-01-09 18:07:43,2018-01-13 11:36:59,2018-02-14 00:00:00
34050aa3fee994fb448fd3d87028f094,0069f43bfc018147f03b7a0f64fa00bd,delivered,2018-07-19 15:51:58,2018-07-19 16:05:28,2018-07-20 13:16:00,2018-07-27 09:38:52,2018-08-13 00:00:00
a4423627568451619a53fb219d9ab5e9,f9d7fe8e98e56e91c5a8eb448df9e23d,invoiced,2018-05-18 15:10:08,2018-05-18 15:37:19,,,2018-06-06 00:00:00
a2358359fc0b73ef3eb32478f11d7ff9,6b861e03ff5e176b1c6f6c4dab109cb7,delivered,2017-11-25 14:01:20,2017-11-25 14:17:38,2017-11-27 22:17:16,2017-12-02 00:04:22,2017-12-11 00:00:00
3dbaee49e261c2196c0b7be676957e0e,266669cdbfadcab7f71322a8b102710c,delivered,2018-07-31 12:40:23,2018-07-31 13:20:08,2018-08-01 13:16:00,2018-08-03 19:22:32,2018-08-08 00:00:00
67652712ccb6d4a88f063a50b60a1073,48830334e3ad5e310ec8ccb250287fea,delivered,2018-05-08 08:36:58,2018-05-08 08:56:39,2018-05-08 14:12:00,2018-05-09 18:42:02,2018-05-17 00:00:00
4fa41cdbfb5a42afeb905dbc0dde893b,ce7cac55075d6a945deceabf09b8e50e,delivered,2018-06-21 00:32:30,2018-06-21 00:59:28,2018-06-21 14:02:00,2018-06-25 13:26:30,2018-07-17 00:00:00
7fcdbfd4e4f06b53cde3be46b3798147,d55de705b0cacd7818caa64cf65ed2ec,delivered,2018-02-23 16:47:13,2018-02-24 02:55:39,2018-03-12 15:14:14,2018-03-12 15:14:20,2018-03-20 00:00:00
efd626e6a12a82d76e456e34093f8356,da2bd16b131bc90653b87fe4d8fd266e,delivered,2017-12-07 20:33:24,2017-12-07 20:51:05,2017-12-08 18:12:34,2017-12-27 18:19:53,2018-01-08 00:00:00
727e04adb6e6b609138af7ad254da0ad,cba8b8645de00cff0b502040bc71c0c9,delivered,2017-11-25 19:54:16,2017-11-25 20:11:22,2017-12-01 00:33:59,2017-12-22 18:09:07,2017-12-20 00:00:00
fc3ff005fe8350241fc153d6828070c4,6a8230bceebe5870e91adfd929a31a45,delivered,2018-06-23 11:11:56,2018-06-23 11:40:48,2018-06-25 12:02:00,2018-06-29 14:12:13,2018-07-30 00:00:00
8d0fe5f8742be51a61db6ac620e4f032,3c13585a5ac14038367b2a957ff22f4c,processing,2017-10-16 11:43:58,2017-10-17 11:45:29,,,2017-11-23 00:00:00
b9eb9fbcca54dfce1d087c752d0f4b35,3824319059ed4febc68d625e63f29eee,delivered,2017-10-11 10:23:09,2017-10-12 03:00:12,2017-10-16 22:52:14,2017-10-25 17:13:05,2017-11-09 00:00:00
db6f1875969fbcc9c16ab67687385c24,4aa04cdd4cd1ef53723ce28e38a00ccf,delivered,2018-04-16 19:13:47,2018-04-18 10:35:18,2018-04-20 20:48:56,2018-04-27 22:12:01,2018-04-27 00:00:00
36307ab4d5c4b59fbc4034d2adb2cb77,27ed9299eff7fddbfdd20337369ccfc8,delivered,2018-05-10 11:05:59,2018-05-10 11:36:17,2018-05-10 15:18:00,2018-05-15 13:20:50,2018-05-29 00:00:00
71038e0d9a6cdb865f447e4609420028,b094e7ef2282d9ccadaf5d3967a7b382,delivered,2018-04-15 17:58:27,2018-04-15 18:15:08,2018-04-18 00:16:35,2018-04-28 14:46:45,2018-05-10 00:00:00
ab9e742195daf35a5169f1439b2706b4,b477f334a9885afca3b612c03e0d047d,delivered,2018-07-28 13:18:23,2018-07-28 14:24:06,2018-07-31 14:17:00,2018-08-02 19:03:45,2018-08-20 00:00:00
fe131be5a96c0e5194cfe0c33e5b1bb7,9b8a879e1ae208432919c6a17998088b,delivered,2018-08-22 21:33:00,2018-08-22 21:45:08,2018-08-23 13:47:00,2018-08-28 01:54:48,2018-08-31 00:00:00
9482ad48e95c5f12dcee48d3e142bb30,6688d1aa4df9444ff579176b40840638,delivered,2017-11-16 12:05:27,2017-11-16 12:35:38,2017-11-16 20:39:49,2017-11-28 18:48:47,2017-12-12 00:00:00
5136243abaa9e62eafe37f8a7e985930,9c49e901b9d95371916c3342a636e16c,delivered,2018-08-07 12:10:56,2018-08-08 03:05:09,2018-08-10 15:00:00,2018-08-22 21:51:33,2018-08-23 00:00:00
b53273dc08d42154a427ce58148a7664,ab4c9e7ca64df4b924904624092ddeb7,delivered,2017-11-17 06:22:23,2017-11-18 02:15:29,2017-11-20 16:36:39,2017-12-06 16:52:08,2017-12-11 00:00:00
b6ca9c178470e07c7797790e26c61bbc,cab8af339f1d290aade1fccc8f9c6b0f,delivered,2018-02-05 10:31:08,2018-02-05 10:50:31,2018-02-05 23:03:59,2018-02-20 00:37:02,2018-03-12 00:00:00
da1d283bca74140785d392cda010a77e,d0797888933f41d7d9ad060c08d6f316,delivered,2018-02-18 15:47:50,2018-02-18 16:50:21,2018-02-21 21:07:52,2018-03-17 11:32:56,2018-03-23 00:00:00
248deb3ef512379585029c544c063a3b,404f03b1642f9e710beb41b1013c2722,delivered,2017-07-13 09:43:56,2017-07-14 02:30:19,2017-07-17 12:32:54,2017-08-02 19:49:52,2017-08-14 00:00:00
9b7e94b15ccd427e75e425bd24133b2b,411e19e06beaa243091cb4ffda774bb4,delivered,2018-08-09 17:53:19,2018-08-09 18:05:19,2018-08-10 12:40:00,2018-08-16 20:04:40,2018-08-16 00:00:00
a0b86c319dde7542c0899dbd2a4905ef,4a042355a0a8443a7025f6826fa90366,delivered,2017-07-30 15:19:43,2017-07-30 15:35:06,2017-08-07 15:27:58,2017-08-15 18:02:58,2017-08-24 00:00:00
86bc0881e5fe366c66d6467b24bbac86,823cca9f6a419368142238f652f9717c,delivered,2018-04-23 17:07:27,2018-04-24 18:10:59,2018-04-24 21:34:47,2018-04-30 17:42:44,2018-05-15 00:00:00
0b4526b3cce3a48ec0506b923481cdfc,bfb2de23d4abe0eb20a7e63974fbfc23,delivered,2017-03-21 13:29:54,2017-03-21 13:29:54,2017-03-22 11:53:39,2017-03-27 15:18:10,2017-04-13 00:00:00
c34751f5d9af314e78959730157ff306,fa5e9e57a97929014972b48723035b76,delivered,2018-06-09 15:36:32,2018-06-09 15:50:23,2018-06-11 14:31:00,2018-06-20 16:41:43,2018-07-11 00:00:00
0725532304d0cfa92301860fe3075a28,3c6f2c53258e60f1475d52d320a3891c,delivered,2018-08-02 12:05:30,2018-08-02 12:35:18,2018-08-07 10:11:00,2018-08-08 23:52:00,2018-08-09 00:00:00
4d0f637afbd692c3e9fbffbc338de497,42c1788dfeabff14c5032eaa426b30c5,delivered,2018-08-21 15:43:35,2018-08-21 15:55:15,2018-08-22 14:29:00,2018-08-23 22:03:23,2018-08-24 00:00:00
0ec103f06387894b54be12b9ba367b4c,c1c0608c8f5b318ed1903b48726914d2,delivered,2017-10-20 10:00:43,2017-10-20 10:14:28,2017-10-23 20:17:49,2017-10-31 20:19:56,2017-11-13 00:00:00
6e3b6fda500c10221a01efe3ac910ac5,d399bb8c3a8a46533514b092a13652be,delivered,2018-05-07 15:43:05,2018-05-09 04:31:34,2018-05-09 14:25:00,2018-05-14 18:48:40,2018-05-29 00:00:00
7581fe5b727dc11254a7c1d17733e0c1,0892d30ed88aa706a05c81128fd6552d,delivered,2017-10-08 18:33:23,2017-10-08 19:28:19,2017-10-09 15:22:51,2017-10-16 18:41:37,2017-11-09 00:00:00
ca3ead5d3a8a5aa51de698e8a6f6f51f,489e0aa96f25d98e59fa81b16ab96789,delivered,2017-10-11 19:11:12,2017-10-11 19:25:50,2017-10-17 19:37:54,2017-10-20 15:50:09,2017-10-30 00:00:00
10b5d5c95177be116333e9a65a6fdea4,749ba37e1c007d00f214dc51dec300e0,delivered,2018-03-04 10:59:40,2018-03-04 11:10:54,2018-03-06 18:52:18,2018-03-13 22:59:29,2018-04-06 00:00:00
8a3a8c32194d18d075aa39c07015bf10,304fa891a107d45e1cd28801830aa4ff,delivered,2017-12-13 22:37:02,2017-12-13 22:50:08,2017-12-15 20:49:59,2017-12-26 17:33:41,2018-01-15 00:00:00
a5f76c8d3b285a86d564ee16eec3f013,8affd513e559520718cd89b902a8dab9,delivered,2017-07-19 15:34:34,2017-07-20 02:25:27,2017-07-24 15:44:16,2017-07-28 18:25:53,2017-08-10 00:00:00
9a1925c9ea26df1c4bf618fdd4ebc943,ecf69e0cf3882d637727d4708ad34d4e,delivered,2017-12-31 14:37:51,2017-12-31 14:47:29,2018-01-03 17:38:47,2018-01-05 20:10:41,2018-01-30 00:00:00
520563861deb0acf3b7ab8295ced6e01,d57859ffa4eb04b3847a118bcc5284ff,delivered,2018-01-14 16:11:18,2018-01-16 03:38:39,2018-01-18 12:52:07,2018-02-01 20:19:33,2018-02-15 00:00:00
c487823afa24762b847f2b24917b04b3,7e71fa9e4ac7e0ac91e9388f6297b1bc,delivered,2018-02-21 10:58:21,2018-02-21 12:27:46,2018-02-23 10:48:55,2018-03-15 00:48:44,2018-03-15 00:00:00
6f0d22f1ac98ca3892d88dd39842fc3f,9e744efa51f355e27e6dc37326b02e4c,delivered,2018-05-05 22:59:57,2018-05-05 23:10:43,2018-05-08 14:53:00,2018-05-09 22:18:36,2018-05-21 00:00:00
e91d77b27ccd3bac6b23a34a44ae3db1,3b24e072e212ab877ec93ab12054d5de,delivered,2017-09-03 11:38:54,2017-09-04 11:45:17,2017-09-05 21:52:07,2017-09-12 18:39:58,2017-09-22 00:00:00
0f3358d8ff329783796c1876bf8aa920,d8ea7d4341a28cff9a619aa4e785776f,delivered,2018-05-03 19:56:11,2018-05-03 20:12:53,2018-05-04 09:41:00,2018-05-11 21:59:31,2018-05-18 00:00:00
eb30ff356b044cdd6749167b9690434c,da71d587e9bfcb39ced7b8beb65e6bba,delivered,2018-08-06 11:34:22,2018-08-07 08:35:14,2018-08-23 15:11:00,2018-08-27 18:38:54,2018-09-13 00:00:00
8b9c81aba1637b7096d3d34fe6f880a6,ffca1cb088905d26dcee8b7d3aac4349,delivered,2017-12-11 15:53:29,2017-12-13 06:54:32,2017-12-13 22:53:33,2018-01-08 22:09:32,2018-01-09 00:00:00
6bc6eef38b5af8cc3669240983585814,117436669e184f4609199f7301fe4cd8,delivered,2017-12-05 10:54:29,2017-12-06 02:35:46,2017-12-07 19:32:46,2017-12-10 12:31:49,2017-12-28 00:00:00
44b24f94400635cc1f692121bc4ef110,a302b9b1e9bad4553e418417b0eb0e6f,delivered,2018-02-02 22:48:30,2018-02-02 23:10:55,2018-02-08 20:57:41,2018-02-17 17:18:38,2018-03-05 00:00:00
47b40429ed8cce3aee9199792275433f,cb2caaaead400c97350c37a3fc536867,delivered,2018-01-03 09:44:01,2018-01-03 10:31:15,2018-02-06 01:48:28,2018-07-13 20:51:31,2018-01-19 00:00:00
bb561bbe5bb54b2d9eed5f6af1a9a7e6,e270ecc5eca315d6e60925b03ce07705,delivered,2018-05-15 21:49:04,2018-05-15 22:15:38,2018-05-16 13:35:00,2018-05-22 14:54:49,2018-06-07 00:00:00
78c0b73c9ead9f3ec1b6fe898caac608,192c13edf7e555751c8746553b2eacec,delivered,2017-09-22 01:42:48,2017-09-22 01:55:10,2017-09-28 17:03:00,2017-10-05 21:42:37,2017-10-27 00:00:00
d40be4e6e8f30d5f4ca1f34d06268fab,fcaff47094a7a066b8ea51bac7eb2d88,delivered,2018-07-14 17:07:01,2018-07-14 17:30:08,2018-07-19 14:59:00,2018-07-24 18:58:33,2018-08-08 00:00:00
3311b1573fa138150d43e80f46c7d1cb,e4814f4661ea39bff3e049f5945706cb,delivered,2018-04-01 17:51:21,2018-04-01 18:08:30,2018-04-12 17:09:49,2018-04-14 01:11:53,2018-04-27 00:00:00
46c3d7a39e516332b81a4841a2fae891,01fa535b377b96fe00287149f6f01441,delivered,2018-06-08 21:35:30,2018-06-08 21:53:22,2018-06-12 12:45:00,2018-06-20 19:32:27,2018-07-04 00:00:00
cba3306126337d8de821145b22b9b0e0,7f93efdaacb4248f93bdfec0686d3a8d,delivered,2017-12-04 21:55:40,2017-12-05 10:30:54,2017-12-08 20:53:50,2017-12-11 14:53:33,2017-12-20 00:00:00
f9b40a110c92bdd1cd9c0ca5b73d9d51,1dd775750ce8919fc542b8d1430802db,delivered,2017-11-14 20:00:09,2017-11-14 20:16:11,2017-11-16 15:16:36,2017-11-26 15:58:56,2017-12-07 00:00:00
a11b617c5514af0a6b5181041a897b39,da1f466f842c43c7cca930e1edd5c618,delivered,2017-12-15 12:13:21,2017-12-15 12:32:45,2017-12-18 20:22:48,2017-12-22 18:34:19,2018-01-10 00:00:00
f6ed483455295c6e7544f141244cd981,2e4f4acf17b7ecd810c26c7fa2ea34c9,delivered,2017-03-01 12:25:22,2017-03-01 12:35:47,2017-03-02 10:26:32,2017-03-06 11:42:09,2017-03-22 00:00:00
90289a17e4361481e6880e751590f140,9e14ac0a443b8dbca65c6d5b535caeb1,delivered,2017-09-21 11:06:58,2017-09-22 08:25:14,2017-09-22 17:28:03,2017-09-25 14:53:53,2017-10-06 00:00:00
c2ded85cef2074d052162eb8f47520d7,472d1c3099357b69de912684ce58b4db,delivered,2017-06-01 13:20:14,2017-06-01 13:30:13,2017-06-01 14:11:30,2017-06-02 16:21:52,2017-06-22 00:00:00
26a3a890da3f4724d81df62f315000db,f9192e735e2937e8fe7f031eca0b3a7a,delivered,2017-10-03 19:57:42,2017-10-03 20:14:17,2017-10-05 17:07:52,2017-10-18 17:07:43,2017-10-30 00:00:00
d99c7464570fd548f9936438c57f394a,92d6832c5ec0be03b1bc69a3e9e60758,delivered,2018-07-23 11:31:36,2018-07-23 14:30:57,2018-07-24 13:30:00,2018-07-26 22:25:49,2018-08-13 00:00:00
77dd0936b9f8f4340353ccb7e6ba7922,5bf5aa95feae7e68aa9712ec50abd94d,delivered,2018-01-17 20:23:49,2018-01-17 20:35:22,2018-01-24 19:35:15,2018-02-02 00:37:51,2018-02-07 00:00:00
6856cad14147606a83cb29cb4feffce3,91dbee61cb4484fa7121b6101155933a,delivered,2018-04-08 12:08:24,2018-04-10 03:50:20,2018-04-11 22:42:26,2018-04-18 22:05:32,2018-05-09 00:00:00
f5caea85860d3a763e906f2562415517,c41f669511a8b8712e4fda835493d4b2,delivered,2018-04-29 23:41:14,2018-04-29 23:50:16,2018-05-02 08:00:00,2018-05-09 20:02:53,2018-05-25 00:00:00
19fce5bac49997d40974437bb7eccad7,d1bf3d444abdec0ed13480c00638b435,delivered,2018-05-14 10:23:32,2018-05-14 10:35:14,2018-05-16 07:43:00,2018-05-22 22:03:27,2018-06-08 00:00:00
6434ca73491ebf0b471702a2506eb871,7cca0ce64c6ab88bade8f65037eac121,delivered,2017-10-14 19:34:10,2017-10-14 20:20:13,2017-10-16 23:45:23,2017-10-20 21:41:52,2017-11-08 00:00:00
7db38640b175244483b5c37ac175566e,cb567aae66e06084ca13b05acf19692e,delivered,2017-05-24 00:06:25,2017-05-24 01:25:25,2017-05-24 15:39:50,2017-05-26 12:56:59,2017-06-14 00:00:00
e64772f0c75da6c3c6622cb989961c9e,f2bd2cabe7df5eb5e8330b464942277d,delivered,2017-02-27 21:33:10,2017-02-27 21:45:08,2017-03-01 14:44:05,2017-03-03 06:38:49,2017-03-22 00:00:00
af87d49b5a2696414bd17915b853c941,4cad2f3d895f2f6ad2de7e0054dd2e24,delivered,2017-11-24 10:26:28,2017-11-24 11:51:07,2017-11-25 00:18:53,2017-12-05 00:35:01,2017-12-26 00:00:00
1505c4fa89e5901e17d66f5653cfcc82,4be09f293c9253dbcb88709404a7477a,delivered,2017-11-17 22:41:30,2017-11-17 22:55:27,2017-11-22 18:17:05,2017-11-28 17:47:06,2017-12-07 00:00:00
42ef2961cdd7832eafb4962f136a89e8,5e8fb10b7dfa3d8ecfe7a35cecd17fb2,delivered,2018-01-25 20:48:28,2018-01-25 20:59:15,2018-01-30 17:12:26,2018-02-06 20:18:59,2018-02-19 00:00:00
31c97b9baf5fa7ec99a32d2e0f000937,13eb55f95d60ba5f35dc8dee498b3c7d,delivered,2018-03-28 15:12:18,2018-03-28 15:27:54,2018-03-29 17:22:17,2018-05-11 18:57:34,2018-05-04 00:00:00
7c3fe5194219d774a7d238f80d4c9919,c5ca55921eadae393812fad0ecb14c50,delivered,2018-04-10 11:10:46,2018-04-10 11:30:04,2018-04-18 13:36:40,2018-04-19 22:18:34,2018-04-26 00:00:00
3d04db36b662c14acf27ab0dc7057fef,f07050b4d39b333b0181b6dc9d01c593,delivered,2018-05-15 00:09:07,2018-05-15 00:36:51,2018-05-16 12:33:00,2018-06-05 20:52:54,2018-06-08 00:00:00
9c96fac210f67f329b80d898001fee09,95fe7fd63a5a404b2ab7e4cbb14de9d4,delivered,2017-11-21 11:37:06,2017-11-22 03:12:30,2017-11-22 19:48:33,2017-11-30 18:33:04,2017-12-11 00:00:00
da94973fbafcabffb6188856684f342c,f741f29bd8d93889055d286e667ea900,delivered,2017-07-21 16:17:27,2017-07-22 02:23:55,2017-07-25 22:11:34,2017-08-01 18:45:54,2017-08-17 00:00:00
112490cce29341aee638288316388fe4,3eb2cd642de0c9e7dcc7f14afabba6a6,delivered,2017-08-18 22:36:04,2017-08-18 22:50:16,2017-08-21 21:50:11,2017-08-25 18:56:56,2017-09-12 00:00:00
70ee631a6eb795832e5318331fdf56d3,44a03629944ecb00a4bd905084845f56,delivered,2018-07-31 14:20:47,2018-07-31 15:31:39,2018-08-17 15:08:00,2018-08-22 18:46:31,2018-08-31 00:00:00
a57c6259d5cafde1c31730d942b2d5de,8875cb0dbd8a850814b5d444b6c40499,delivered,2018-01-08 08:30:28,2018-01-10 10:32:53,2018-01-11 16:22:49,2018-01-15 21:13:34,2018-02-19 00:00:00
d406a26fc052b4d9907a40ee3a59e273,330082408728ef2455e41d8d17e0cca4,delivered,2017-06-19 10:22:57,2017-06-21 11:35:12,2017-06-26 15:52:04,2017-06-27 15:08:31,2017-07-07 00:00:00
f7521cadeda40e1f36018dcf7d082101,1f31730a98a4a284d44af847aaaa1e45,delivered,2017-11-24 14:13:26,2017-11-24 16:16:34,2017-11-24 23:35:04,2017-11-30 18:04:16,2017-12-14 00:00:00
a6e9d106235bcf1dda54253686d89e99,c9018293e2dc42b66344c493bc13546e,delivered,2017-07-03 20:49:32,2017-07-03 21:03:43,2017-07-06 16:23:31,2017-07-13 16:13:58,2017-07-25 00:00:00
e0fb4639f54bdaa580ed4511c8d7b778,679f235b5bc8e927fc1279ace1e97ab5,delivered,2018-04-16 18:14:33,2018-04-16 19:11:26,2018-04-25 00:44:55,2018-04-26 17:34:48,2018-05-04 00:00:00
41629262d3ae14dfef6c779e80b3adc3,aef01900b9de8f7091e94cf4c8a15f99,delivered,2017-11-15 19:03:17,2017-11-16 19:15:57,2017-11-17 16:16:27,2017-12-05 18:38:46,2017-12-11 00:00:00
769d812b1dd036eb0a69578537ff5320,e94869a739b5e8d08b2be671ce692628,delivered,2018-03-23 23:40:39,2018-03-24 01:32:03,2018-03-26 22:28:52,2018-03-28 17:31:53,2018-04-05 00:00:00
150f52d53dc64bc95bac1d22d50fdcb5,1e962f6745aa0b6926f1ff0561512454,delivered,2018-05-20 20:48:30,2018-05-20 21:10:26,2018-05-23 14:12:00,2018-06-06 15:12:35,2018-06-06 00:00:00
68ad0ebee3a67c4fac46dd25a0008850,7a0d24a923461137d9a823de95b5c102,delivered,2017-12-07 13:02:57,2017-12-07 15:10:12,2017-12-11 14:18:11,2017-12-20 22:52:41,2018-01-04 00:00:00
b019bc1c1d0c2021d1c4d8d8e94ed969,4e2b881285ffa8978c58a6fa37df124b,delivered,2018-04-02 13:15:39,2018-04-02 13:30:09,2018-04-05 19:58:40,2018-05-07 19:28:39,2018-05-04 00:00:00
922fbc61f8105abc09581252d38103c8,2eb58763b788cea769f25c07419885a0,delivered,2018-08-25 19:56:43,2018-08-25 20:10:12,2018-08-29 11:07:00,2018-08-30 13:32:14,2018-08-31 00:00:00
ceb206889bfdb174fa5455fee822c210,69c30a1fd6c353b5e4abb76568c6eb33,delivered,2018-07-23 16:07:37,2018-07-24 11:31:56,2018-07-30 13:23:00,2018-08-06 18:44:55,2018-08-23 00:00:00
51c86c4487b86a4e4cb8eeec8618de9c,273cba7d43266b9fb2737824de113e43,delivered,2018-04-05 21:43:44,2018-04-05 21:55:13,2018-04-07 00:32:39,2018-04-25 13:21:59,2018-05-03 00:00:00
785011ed7352847ae26ea2336ef45af9,4b263f66d13a0347d9f6e052ce1997f6,delivered,2017-10-30 10:58:54,2017-10-30 11:11:44,2017-10-30 22:57:46,2017-10-31 22:23:41,2017-11-10 00:00:00
60a87e6c088c81605a4425ceffb2a043,c26c3f3697726735dabd85bc09795511,delivered,2017-08-29 18:23:46,2017-08-29 18:35:09,2017-08-31 16:27:04,2017-09-14 20:42:04,2017-10-03 00:00:00
c943573ef15aaafe66bc4048d2aa6f35,72138187abb9ee2d708bc70e2130bdac,delivered,2018-08-21 23:41:36,2018-08-21 23:55:12,2018-08-22 13:31:00,2018-08-27 17:34:47,2018-08-29 00:00:00
455fa9dc182a1003b2d78824f8aaf8d5,2f8294655841bf02f2c48d24b18413c4,delivered,2018-08-04 10:08:19,2018-08-04 10:24:07,2018-08-06 13:02:00,2018-08-10 19:11:58,2018-08-16 00:00:00
c6d8f474e874648f28e2947840899635,8ee7f235aeeac5ee9f13a4e9739ee290,delivered,2017-11-01 11:29:30,2017-11-01 13:11:18,2017-11-08 15:46:33,2017-11-17 20:22:19,2017-11-27 00:00:00
9ec0d9c2347fc20153ba3d827f2be2be,415880a5310bbe791fbd3e05d8ada4be,delivered,2017-12-07 22:36:10,2017-12-07 22:50:35,2017-12-11 16:28:47,2017-12-13 19:27:28,2018-01-03 00:00:00
9b92d4432c1758cd4215f3fdb1d623a3,abcc88626b6df4cc183bd4cf459bd9f7,delivered,2018-02-09 11:35:54,2018-02-09 11:49:20,2018-02-09 23:06:02,2018-03-14 14:07:51,2018-03-14 00:00:00
ff3f2d5b004f8051849318f201add7c9,3935a46119fd8d69b602e645cedca908,delivered,2018-04-02 08:53:13,2018-04-03 07:55:18,2018-04-04 21:16:33,2018-05-02 17:46:40,2018-04-19 00:00:00
08b0cc275164eab92e5797432fa89770,5c197035dc0c05ebb42f00013fec810a,delivered,2018-07-16 08:50:17,2018-07-16 09:05:46,2018-07-31 14:25:00,2018-08-15 15:26:35,2018-08-14 00:00:00
925f43c2d4991e4360c5a7435c5431a3,51099d172d85ee8e5693acfcbbd0f0a9,delivered,2017-03-30 22:38:45,2017-03-30 22:50:19,2017-04-05 17:21:44,2017-04-10 16:32:01,2017-04-24 00:00:00
d20cc478dbe8fa50221ece6ddf0641b3,72a51180b0ade80c0b40250c91e4adc6,delivered,2017-12-18 22:14:57,2017-12-19 09:55:37,2017-12-26 23:38:49,2018-01-08 19:16:34,2018-01-12 00:00:00
ec88157ad03aa203c3fdfe7bace5ab6b,1642b8087a8ca0c8592becff7e183c98,delivered,2017-12-15 13:01:26,2017-12-15 13:13:11,2017-12-16 15:12:25,2017-12-21 00:32:46,2018-01-04 00:00:00
650877e1fc44c2f52a0b494da9c78020,122feef4cefe52aa67488fdc91f462d4,delivered,2017-07-18 09:02:16,2017-07-19 07:05:22,2017-07-21 19:04:06,2017-07-27 18:20:01,2017-07-31 00:00:00
995301b350aefb0f7d794060ed4dd187,073dbe1ed7b7fd9b511508761e1bca69,delivered,2018-03-13 12:23:51,2018-03-14 12:15:55,2018-03-16 14:18:33,2018-04-04 20:31:52,2018-04-02 00:00:00
3b7febf42292030e8a4466053c383fab,a30d1fca30923a4b621b888b3abb0365,delivered,2018-04-16 23:12:40,2018-04-18 04:32:05,2018-04-19 19:21:26,2018-04-24 01:18:32,2018-05-14 00:00:00
7aa518be998a5e4ae20ebc594ddc96e0,732fd821e30b8a31ff30c0650239eb99,delivered,2017-09-23 10:49:53,2017-09-23 11:04:29,2017-09-26 19:49:46,2017-10-21 13:07:55,2017-10-23 00:00:00
5ce4e99e06cd9dc47f1b5a5ab7a2caba,759a2f5567e0b82bc72872e942de5a2d,delivered,2017-11-20 17:03:42,2017-11-20 17:14:56,2017-11-22 17:59:04,2017-12-05 00:19:07,2017-12-12 00:00:00
8ddb4b28bb9d86ac2bfcc17f93c1161e,a0edccf84fb09993f9a6c7afc451be66,delivered,2017-06-08 21:58:07,2017-06-08 22:10:13,2017-06-09 14:09:43,2017-06-21 17:17:30,2017-07-03 00:00:00
c5f6d3ac0511ed9303df3767bd834100,db13963cff92288e8c6f6d454b394196,delivered,2017-10-28 09:14:38,2017-10-28 09:26:20,2017-11-07 22:41:17,2017-11-16 19:56:55,2017-12-06 00:00:00
8785e55bb98c01696f3773d9ed2fb851,06879ab94dea9160383cbca5dde64794,delivered,2017-03-01 17:47:29,2017-03-03 02:15:31,2017-03-03 11:15:37,2017-03-17 07:47:58,2017-03-22 00:00:00
85f76b65f934f5fb1d96eba0d53f6639,699852381e9f8e1fb5b5ae72e8aabda1,delivered,2018-05-05 18:31:58,2018-05-05 18:53:42,2018-05-08 15:55:00,2018-05-11 13:43:41,2018-05-30 00:00:00
cea9ccd3a54929b9d68abbcdc75daed9,270fe2e2b99558686ef8e9ad5aa45487,delivered,2018-04-15 22:28:24,2018-04-15 22:51:21,2018-04-19 22:13:33,2018-04-25 21:42:07,2018-05-11 00:00:00
b882b5c0534fa68c690e739dd788512a,51d40dd22a0e3ba720f812507548acb9,delivered,2017-08-29 23:29:43,2017-08-31 02:35:48,2017-08-31 20:44:17,2017-09-11 20:37:27,2017-09-20 00:00:00
cff1603c17c75c9240279e01bdff4b05,a5232c53beb2e7fbf6c5641525f0694f,delivered,2018-03-25 22:39:42,2018-03-26 22:35:11,2018-03-29 22:28:51,2018-04-13 18:34:51,2018-04-13 00:00:00
86788916a1e9d8582d4ebd46320c7fb5,d1d85b5b8fdcbb6f1bec2fe66df90f67,delivered,2017-03-07 18:12:40,2017-03-07 18:23:29,2017-03-08 14:23:04,2017-03-14 12:34:50,2017-03-24 00:00:00
8e9358bf838db65d965ffe0913252ac8,f3aa1c92c018f313579899999ea7ec40,delivered,2018-05-03 17:04:29,2018-05-03 17:15:26,2018-05-07 12:31:00,2018-05-18 05:47:40,2018-06-08 00:00:00
a3729d646cfea82533ffe6992fe17539,a03d1c4fb3ab197796f185ba5d5122b4,delivered,2018-08-01 18:24:45,2018-08-01 18:44:05,2018-08-02 13:40:00,2018-08-06 19:03:45,2018-08-27 00:00:00
17e1c5b449460e8f208adb9a2d0f368a,1732d59b7a9ad62357309d3abd4b46ee,delivered,2018-01-12 21:11:16,2018-01-15 15:12:28,2018-01-25 22:47:09,2018-01-31 20:58:38,2018-02-20 00:00:00
f582b7a7e9046f8c9b886bf10820fba4,3a798c1f103b0128f41d4d665b460135,delivered,2018-05-20 20:32:16,2018-05-20 21:01:13,2018-05-21 14:51:00,2018-06-08 20:26:38,2018-06-14 00:00:00
8d5af908ce8ffa721a9f665abb660200,f587020fb390d4db881c59e50b0ef9e9,delivered,2017-05-27 13:30:08,2017-05-27 13:42:19,2017-05-29 13:49:12,2017-06-02 16:03:22,2017-06-27 00:00:00
cd2457140ff84327d7d7030053b80fce,5508dabf6c08f39d67b8d1bd41b121f9,delivered,2018-08-04 15:45:19,2018-08-04 15:55:14,2018-08-07 05:28:00,2018-08-09 17:26:48,2018-08-15 00:00:00
d15db33a2ad3b0ec963a89d2809156ed,d3fda06d45564b2a30b99c8a476a3921,delivered,2017-02-26 21:07:49,2017-02-26 21:22:03,2017-03-03 10:50:39,2017-03-13 10:35:03,2017-04-12 00:00:00
c3b0ed046ed38a0d7cf59b4d651547b9,2ebb8dabaacb630827b8b823a0959ee9,delivered,2017-09-24 12:15:22,2017-09-25 14:30:16,2017-09-25 21:19:08,2017-09-26 20:28:54,2017-10-10 00:00:00
e3cd2c2657742a1f5c080b9be4dc7be4,e4aff8479afc40ac699648652054208e,delivered,2017-08-27 11:09:11,2017-08-27 11:24:29,2017-08-28 21:14:17,2017-09-05 21:51:39,2017-09-25 00:00:00
c81217ac6f729105708524c82fa37172,0322f341d1346fa8ce5c28ef835f2f67,delivered,2018-07-31 19:22:54,2018-07-31 20:20:10,2018-08-01 15:46:00,2018-08-08 22:12:38,2018-08-24 00:00:00
bda01d1992abcd24a7b25fcf1363e893,69e9a3d06551b6045a19d2e64b746473,delivered,2018-02-02 16:52:50,2018-02-02 17:43:18,2018-02-07 16:42:52,2018-02-28 00:25:11,2018-03-08 00:00:00
3b10c12d389da3bd306ab31f1867c754,979240bcaeb5925525728a666bbeaa33,delivered,2018-04-25 20:03:13,2018-04-25 20:31:14,2018-04-30 06:17:00,2018-05-08 21:46:46,2018-05-29 00:00:00
bac8ca7a0aea7f37457fb19140d2c5fb,fdfbe88380f4eec04babf18396a62e6a,unavailable,2018-01-04 11:42:53,2018-01-04 15:27:22,,,2018-01-22 00:00:00
6c11e4c7d9e5f7769c8090475602f54e,9c2ba98b81feb86a71ba30fbc3520f28,delivered,2018-08-22 23:20:54,2018-08-24 08:50:10,2018-08-24 13:58:00,2018-08-27 18:28:53,2018-08-29 00:00:00
676232c436e714d6dcfeae445f02fedd,71ad48df61327d880c5d6fbdbc971996,delivered,2018-01-12 17:37:31,2018-01-13 02:31:25,2018-01-17 20:34:34,2018-01-30 18:43:14,2018-02-22 00:00:00
741b9a72e9fd971d25772f8e3ea14205,263666cf14c8febb4752b6e2fe1702ee,delivered,2018-03-31 06:47:58,2018-03-31 07:08:47,2018-04-02 17:48:55,2018-04-04 12:07:53,2018-04-12 00:00:00
0143924743f240e1fdcd6a8918fbe147,3f979506b05475cf5da22aa8e6c36a6c,delivered,2017-07-18 17:52:06,2017-07-18 18:05:44,2017-07-19 19:22:35,2017-07-21 22:33:51,2017-07-31 00:00:00
88e825581ca2e13539ac075125443e30,9dfd7bab7b63728b2b2728981e664a27,delivered,2018-03-01 11:17:45,2018-03-03 02:50:40,2018-03-08 20:13:40,2018-03-21 21:03:55,2018-03-22 00:00:00
1139dcd182662d970264159024ad6384,bcbed60388f730775d8f88b0cba304e2,delivered,2017-05-24 14:55:40,2017-05-24 15:05:17,2017-05-24 15:27:08,2017-06-12 16:22:27,2017-06-29 00:00:00
9561fdb9089a36bb1e9c58c334053eda,aaf2642dd99945833bc3cd3531fc125e,delivered,2018-01-23 11:19:47,2018-01-25 02:38:21,2018-01-26 00:19:42,2018-03-06 14:56:46,2018-02-19 00:00:00
69c7a1e070c1759e15f7a5fd24c36e5b,6cbc69ef01df8d34bd134c6d828c1e53,delivered,2017-03-06 18:34:35,2017-03-06 18:45:08,2017-03-07 08:46:09,2017-05-29 09:42:44,2017-04-04 00:00:00
dff84ff9aec9a566fa61a67661110009,132b797cc20bcc44f3714dae996d8ddb,delivered,2017-12-01 11:52:34,2017-12-01 12:31:34,2017-12-05 19:39:07,2017-12-10 17:06:11,2017-12-20 00:00:00
0f6a05e51088bdf60e8f9b6d753234a9,c85f6a8bce5909206d682c9111404212,delivered,2018-04-07 20:21:45,2018-04-07 20:35:18,2018-04-13 23:28:38,2018-04-24 19:41:08,2018-04-26 00:00:00
2e4d78cc067d04eaaf791ecbfb2bc3ce,5234fd7181ad48cc892aeffb5cca652e,delivered,2018-04-14 09:18:34,2018-04-14 09:31:32,2018-04-16 15:19:27,2018-04-17 23:18:32,2018-04-26 00:00:00
ed0800d9508fd0139f95a3934a4802aa,a53aaa1356b97e696b9f30878fc26a3f,delivered,2018-08-20 13:31:30,2018-08-20 15:50:21,2018-08-21 12:27:00,2018-08-22 18:33:10,2018-08-28 00:00:00
d17c532b7b6e2aa56945b55f0757fee4,3d8d9151bf2d88584bbcef2e37bac787,delivered,2018-03-25 21:22:34,2018-03-25 21:35:25,2018-03-27 19:38:49,2018-04-06 17:18:42,2018-04-17 00:00:00
8b1dd2533fbec1b2a1db8a602791dfcd,2eedcb04a74d694298ff6588c5520cce,delivered,2017-07-31 13:52:04,2017-08-02 02:55:29,2017-08-02 20:52:09,2017-08-09 19:04:48,2017-08-25 00:00:00
f9d794ef7ae3d5df8951beb4029a7e93,4a89c746f44a934d1ed4ebbd64d52c16,delivered,2017-02-07 21:43:31,2017-02-09 02:50:48,2017-02-09 11:57:57,2017-02-20 12:47:47,2017-03-14 00:00:00
0307d42d9c781d32f86cdf1fa5c8670b,690cd79f4b00c6cc5a7ea781ca0961cb,delivered,2017-03-16 10:03:18,2017-03-16 10:03:18,2017-03-17 11:28:46,2017-03-21 11:38:49,2017-04-04 00:00:00
dddd54d8113f120fbbbbe593502a2d47,e11b9d7e63f6045c6007fcb39d771f2d,delivered,2018-03-02 20:20:44,2018-03-03 20:15:53,2018-03-20 17:17:29,2018-04-02 12:05:21,2018-03-23 00:00:00
df413c16994c6a7c1b17e28a775b3eb4,c0349359dea547c1ba76e703f8b3db6d,delivered,2017-05-04 16:40:36,2017-05-06 02:15:52,2017-05-10 10:21:56,2017-05-23 08:39:49,2017-06-13 00:00:00
0e137ff5dbbd948fb108877492be365c,fd709023690c423c8e83bab1d36cd8b1,delivered,2017-08-07 16:58:15,2017-08-07 17:23:07,2017-08-15 21:42:20,2017-08-23 16:55:38,2017-09-06 00:00:00
c0e02613bf15378f18d3498361a76c9d,c2f181778a12039532d79460d4ba59e2,delivered,2018-06-01 22:22:52,2018-06-05 04:51:55,2018-06-06 15:47:00,2018-06-22 18:31:59,2018-07-26 00:00:00
7ad41ea08a2c58430824670667219a6e,a424e1e6a6c44dd152dcb1c7c6f6e178,delivered,2017-04-10 12:47:28,2017-04-10 13:00:45,2017-04-11 12:09:41,2017-05-16 15:32:18,2017-05-16 00:00:00
701908713ef197558a29b03c00fa4ded,b37ad6b0aced822f5e42f446939fbb1c,delivered,2017-11-27 00:02:27,2017-11-29 01:31:24,2017-12-07 22:56:30,2017-12-18 18:28:43,2017-12-26 00:00:00
ecd485553265a2cc3ddf9727901541af,f5b0f4b5e6d149124be59ff0f5b3001f,delivered,2018-01-11 19:20:51,2018-01-11 19:27:50,2018-01-12 22:57:57,2018-01-19 00:38:56,2018-01-30 00:00:00
eda22ec044e1100ad6ac68b6a93afff3,83b30045e891ce55e307dd8b1e6140d3,delivered,2017-06-03 15:02:49,2017-06-03 15:15:08,2017-06-06 09:33:56,2017-06-19 19:53:44,2017-07-11 00:00:00
c113870dd01779aa1c5e09b070080503,a10542ca15d2b49040564f4e1b40675a,delivered,2017-09-20 18:52:52,2017-09-22 04:05:15,2017-09-27 17:37:00,2017-09-28 22:08:03,2017-10-11 00:00:00
2f11e52d9cc6298d5beeccc09e46778d,b874cb4de837705286fefdf01c56fd23,delivered,2018-08-16 12:28:08,2018-08-16 12:45:23,2018-08-17 16:51:00,2018-08-21 15:42:27,2018-08-24 00:00:00
70a053a779bb8147039a80214a0f5228,ba7243079ae1a34f57b4d15c4fd85892,delivered,2018-02-23 22:04:19,2018-02-23 22:15:23,2018-02-26 19:41:53,2018-03-13 00:04:15,2018-03-19 00:00:00
c835e0746829dbae8bb92fb818ba654d,36ae33f8b0c9cd10fbb63163756e7714,delivered,2017-09-29 11:07:53,2017-09-29 11:24:09,2017-10-04 15:48:58,2017-10-07 16:48:47,2017-10-23 00:00:00
5640c538d7b7c20a69fcc754ad83219d,6f0b1c3fef4ae96af6943005354d76ae,delivered,2018-05-01 17:07:56,2018-05-01 17:34:36,2018-05-03 14:36:00,2018-05-10 00:42:47,2018-05-28 00:00:00
9d33c379ff2539cb31da19fefc2c1d23,30eb033094de52a963d1812ed53a4c65,delivered,2017-05-20 17:21:50,2017-05-20 17:30:15,2017-05-22 10:38:55,2017-05-23 14:03:57,2017-06-02 00:00:00
451a322d957b2d9d6d0b763bcd03d0b4,aae651df85accd493745bd2cea16cb1d,delivered,2018-06-16 20:32:14,2018-06-16 20:58:10,2018-06-18 12:28:00,2018-06-21 18:03:03,2018-07-13 00:00:00
b52ef56ad1464ca1c7d392e6cbda28c8,21249ce919ebfa3728a482f7154fbe39,delivered,2017-12-21 09:06:02,2017-12-22 02:50:40,2017-12-22 18:03:09,2018-01-03 18:15:12,2018-01-16 00:00:00
e01ad9a69b8b245bbe1076417c1d3f44,c3ba1d23b2d90561dcef8d117731abdd,delivered,2017-09-11 13:52:14,2017-09-11 14:03:57,2017-09-15 14:53:42,2017-09-18 16:24:13,2017-09-21 00:00:00
b410cd41ac56f6a246e23dc5158f12d9,419dcee16dfb4b82102d0f441fa3397c,delivered,2017-04-08 17:19:02,2017-04-08 17:30:21,2017-04-11 07:48:05,2017-04-18 13:43:54,2017-05-08 00:00:00
7385b2941e1979e84fd27cc6706fa7d4,4577e4ca68d3865af703c2b1a260f0b7,delivered,2018-01-02 22:34:26,2018-01-02 22:48:45,2018-01-08 22:04:14,2018-01-17 18:32:17,2018-01-31 00:00:00
876fd8c751a56ed982b5a72dca56937f,bb465058eeef2697a5f4a9534e3750e6,delivered,2018-03-13 22:28:21,2018-03-14 22:29:49,2018-03-16 20:54:32,2018-03-22 12:50:36,2018-04-18 00:00:00
d9f046249ca6beb35e2d00f2eecece56,bd5dca788b04c05cb9f4aa5101a163bc,delivered,2018-07-20 12:14:10,2018-07-20 12:25:14,2018-07-20 12:46:00,2018-07-31 14:42:49,2018-09-03 00:00:00
60b276464a67309733a0662e758e9875,437bbefd8040aaa7dcde638396f63c1f,delivered,2017-02-14 16:07:08,2017-02-16 02:10:36,2017-02-16 15:39:17,2017-02-23 13:27:50,2017-03-15 00:00:00
746abc8ae9eb8c8f21a6c916527ff5ba,20bbdccca35dd35f04165cc34b5ec25d,delivered,2017-10-16 04:09:15,2017-10-17 03:56:21,2017-11-08 18:29:29,2017-12-04 19:17:15,2017-11-03 00:00:00
0b0bd9b754737f8954ee14d15c7acb85,f921671e530fb8699e967a93163e6f3a,delivered,2017-11-29 09:03:43,2017-12-01 11:31:36,2017-12-12 22:11:49,2017-12-26 14:42:51,2017-12-22 00:00:00
47c195b6b404c1fa22f04b99a37a0b29,4cc8f93215f8f609b50638d49aea3077,delivered,2018-06-27 07:35:53,2018-06-29 02:53:16,2018-06-29 15:44:00,2018-08-28 16:32:54,2018-07-30 00:00:00
f4a8925490afed995d0e987c48908d2c,26b73fb8069041c193a5001e01fcccfd,delivered,2018-08-28 09:18:17,2018-08-28 09:30:15,2018-08-28 13:52:00,2018-08-29 15:33:36,2018-08-31 00:00:00
1bf4871c57b8284ca1dfa1a02ad278c6,ef1cf638ea4788f89b4d2042d694db3a,delivered,2018-02-18 13:38:48,2018-02-18 14:46:42,2018-03-02 21:53:37,2018-03-22 01:41:34,2018-03-09 00:00:00
1fe7938fdd30309ca9b8628091e0dcc4,4f1e6c4e24277aeb870b2314b86224d9,delivered,2018-01-24 09:18:49,2018-01-24 09:36:06,2018-01-24 21:09:16,2018-01-25 18:49:52,2018-02-08 00:00:00
12281975d2de5af133e549f49a1b9093,0370d1c87da5bce39a913db0c94c146f,delivered,2017-10-16 20:06:28,2017-10-17 04:25:12,2017-10-18 16:44:16,2017-10-23 22:33:46,2017-11-08 00:00:00
f3d59d2aeafa9e69103f4dbad2b5ec46,27306514cd9087951ca356a49e98c4cb,delivered,2018-01-24 20:18:23,2018-01-24 20:37:36,2018-01-26 19:42:31,2018-01-29 15:57:47,2018-02-08 00:00:00
149eea3120f4f8ecee7a81fcd48f6d44,6b191a8aa869ef67263bddff1e7722ce,delivered,2018-01-08 22:39:14,2018-01-08 22:48:19,2018-01-11 19:24:22,2018-01-24 16:26:50,2018-02-06 00:00:00
14478695ea45a6076e05fb283a9cbdda,71193c50b73646f6a61379dfc2b25285,delivered,2017-11-16 20:23:13,2017-11-16 20:46:28,2017-11-17 20:44:41,2017-11-28 21:28:55,2017-12-05 00:00:00
ab6442c868ae3695e675d3c39aa616a2,5559bf647b4f700749b919fc782e10b3,delivered,2018-02-22 15:03:52,2018-02-22 15:15:28,2018-02-27 21:42:11,2018-04-16 17:46:27,2018-03-26 00:00:00
387ca56ee49ac7729110f669eeb9e3cf,f1c60a312bea019a3f8d4e38fd7f00aa,delivered,2018-06-21 21:54:29,2018-06-21 22:17:59,2018-06-22 13:51:00,2018-06-29 14:51:58,2018-07-16 00:00:00
1e2b316a698bd9c867c536b99355d37d,44577a2e8da07c1d57ac0f9e37a75dee,delivered,2018-01-07 13:12:29,2018-01-07 13:31:51,2018-01-08 23:49:05,2018-01-24 01:28:53,2018-02-02 00:00:00
7d8251f4917688913c97d1505d6f336d,885116304d63452ff9973b3f372f6018,delivered,2018-04-18 14:52:38,2018-04-18 15:11:13,2018-04-20 02:46:36,2018-04-30 21:46:40,2018-05-09 00:00:00
6ff9b38c8aa7da472c0047b2d4c82a19,9c6803ce255b707253c212649949c383,delivered,2017-11-28 14:31:16,2017-11-28 15:06:30,2017-11-29 16:51:49,2017-12-13 16:23:31,2017-12-21 00:00:00
682a559cf108e6f3762213dca3402805,d5d283ecd2ff8e6ade52ffd58cdcbf28,delivered,2017-08-21 21:06:36,2017-08-21 21:25:46,2017-08-22 20:42:40,2017-09-11 18:03:02,2017-09-25 00:00:00
d95ca1fcb72812383e41e2eb7ca65dc2,2fd14b072ea7ff170527396ceca430d0,delivered,2017-03-30 20:26:30,2017-03-30 20:42:21,2017-03-31 19:27:48,2017-04-18 13:48:12,2017-05-03 00:00:00
9f181d637fd06f6468cec70121b8e160,ecc2a221917a8ba5ae522a0cab14a8a4,delivered,2018-01-11 11:06:41,2018-01-11 11:31:42,2018-01-17 23:24:45,2018-01-24 01:49:03,2018-02-08 00:00:00
0259b4edb1ee1ebd0263f59bd790a938,bee393f2250bb90bd7431d95b7172566,delivered,2017-09-01 03:12:29,2017-09-01 03:25:08,2017-09-12 15:18:39,2017-09-19 17:00:12,2017-09-20 00:00:00
259ec9586950682cf8417030d1b4a6ac,c6f47e3e52b6c6a876a7fc768cedf071,delivered,2017-03-25 19:22:00,2017-03-25 19:35:20,2017-03-27 15:05:33,2017-03-30 15:57:59,2017-04-18 00:00:00
a81ac812819d3c3e98ff62b3a8e4e75d,37e7c79dd2b11c3d0fdc8fd3b4981bf8,delivered,2017-11-23 06:34:25,2017-11-23 06:47:27,2017-12-27 09:31:46,2017-12-27 16:18:37,2017-12-05 00:00:00
5ab13e692a7cbeb7e036c8d11e0d7e33,e8e084e344a5e508c8f00dc497780db9,delivered,2017-03-20 08:48:55,2017-03-20 08:48:55,2017-03-24 10:05:07,2017-04-05 12:54:44,2017-04-10 00:00:00
2c0f54723f8c8cc17f32514c2cce9449,428a06c273e1ad93a856ee33f7febd14,delivered,2018-08-19 16:28:17,2018-08-20 12:30:07,2018-08-23 14:38:00,2018-08-29 01:05:28,2018-09-04 00:00:00
00b2d2f2b5f7b98e6b1828764660134e,afc13494642f88d253be56a1e353e261,delivered,2018-08-09 08:27:54,2018-08-09 08:50:19,2018-08-10 17:15:00,2018-08-15 20:20:42,2018-08-30 00:00:00
2a76e895450a367a28355453685b1e21,dab6dcccd10af3d85fe6dc5df51911bb,delivered,2018-04-25 18:38:57,2018-04-25 18:50:27,2018-04-27 08:11:00,2018-05-03 19:00:05,2018-05-16 00:00:00
ea06b59475b47ae67676d47fbe54d29d,871730d6b51162eea53c867b5eee862e,delivered,2018-08-16 20:49:16,2018-08-16 21:09:37,2018-08-20 16:37:00,2018-08-23 16:22:34,2018-08-28 00:00:00
b5fa0328693adeb3be0c29b6912d483d,31ab1030eff8a98afc9a22f40a1a48ea,delivered,2018-03-20 22:07:36,2018-03-20 22:28:40,2018-03-21 19:32:24,2018-03-29 23:12:46,2018-04-06 00:00:00
707ce8d2f93336ab1524c11cdb659bec,79d1d82da7289f7cdd5f611d6c5df0af,delivered,2018-05-09 22:09:32,2018-05-11 03:37:36,2018-05-14 14:56:00,2018-05-21 17:28:41,2018-06-08 00:00:00
f31853a4f30d4851c847e4494663e749,ed7a6b3de20e5e5593996b3605307300,delivered,2016-10-06 12:21:47,2016-10-06 14:21:55,2016-10-15 12:52:21,2016-10-24 20:55:37,2016-11-30 00:00:00
db192ddb0ea5a4d7a0506e7d7ec92343,c21e33cbee939409efff8c2ef959a275,delivered,2018-04-17 17:03:28,2018-04-17 17:15:17,2018-04-18 21:50:42,2018-04-23 20:11:24,2018-05-07 00:00:00
db048ddab46bdb6a29c27f08073e29b2,89130e32fe11dc4bceeae5136bcb3a2e,delivered,2018-08-21 11:11:03,2018-08-21 11:31:19,2018-08-24 13:36:00,2018-08-25 11:37:49,2018-08-29 00:00:00
9f2d2d818cb0f29ab0912722b52dcb38,48ee0e49317e2b8e361ad068eec444ea,delivered,2017-11-06 16:54:08,2017-11-07 17:27:03,2017-11-08 20:09:38,2017-11-30 22:25:03,2017-12-06 00:00:00
9afc60b16d81f1421b53e9361273009c,65b807fbbad4c599dfc22b66484d093a,delivered,2018-07-23 16:40:38,2018-07-24 08:31:39,2018-07-24 09:14:00,2018-07-30 16:28:45,2018-08-06 00:00:00
90e0a69423a77f36e6c01b0fb27b5826,1914983150c51ae44d68f1734e3fb4df,delivered,2017-04-23 00:03:58,2017-04-25 08:05:31,2017-05-02 14:04:38,2017-05-10 06:46:24,2017-05-19 00:00:00
88981e5b92eb0fc6291a66ce7b892029,27a415e36764df78a83ce0f2570e348a,delivered,2017-11-01 08:58:39,2017-11-01 12:32:19,2017-11-06 16:28:30,2017-11-10 11:25:42,2017-11-24 00:00:00
1123c02a909fe1c0f87f086bb60dcc55,1d3fbcfc317d07fa4acde8ecf56c3dad,delivered,2018-01-13 15:09:33,2018-01-16 06:54:37,2018-01-17 17:53:38,2018-01-19 19:58:45,2018-02-01 00:00:00
7aaf9c17ae408e7a639faf0623c5cc73,b024b90032b9b633d8b0473610701dc9,delivered,2018-04-01 11:11:33,2018-04-03 05:27:47,2018-04-03 20:51:04,2018-04-04 14:26:48,2018-04-12 00:00:00
f9785d27ffea67339d5a4ba53294a3ea,bc0003d9194441325a51853874f8b0ee,delivered,2018-04-17 21:51:13,2018-04-17 22:12:14,2018-04-18 19:47:41,2018-04-24 19:42:23,2018-05-11 00:00:00
d9769d29d698f5f17838e97bcdd1ef07,b4c0cf1111f6a46eace44bf5d6433c49,delivered,2018-02-20 19:59:03,2018-02-22 02:28:37,2018-02-24 00:28:48,2018-03-09 20:12:00,2018-03-20 00:00:00
bfd2ea548fb820f759a902c9b04415e3,d23dbe35b79ea70cff4cc930c890ffc5,delivered,2018-03-09 20:23:20,2018-03-09 20:35:32,2018-03-12 23:57:47,2018-03-14 00:08:26,2018-03-21 00:00:00
fb34891f680ec3b5b3b0dd8d9f863d2a,0ecf71ef2f6132b279632dbc3d72e2fd,delivered,2017-11-04 17:16:38,2017-11-07 07:30:50,2017-11-07 19:28:57,2017-11-22 22:57:41,2017-12-07 00:00:00
8fda9273c38415c07bd4923de4cd82c8,f2bbc389bab7bc8962b59274eed01d09,delivered,2018-04-25 11:43:29,2018-04-25 11:55:17,2018-04-26 08:53:00,2018-05-02 16:36:45,2018-05-23 00:00:00
1c416205619eda99e9c883a9ca76ad75,e7e7963971d6cf0b45ddb9c6fbe9fdc9,delivered,2018-03-27 15:59:27,2018-03-29 03:15:27,2018-04-18 18:22:04,2018-04-23 17:12:19,2018-05-17 00:00:00
baf812fd23187188a77284f87589375a,0fbb4bf6434638f4153b294c47c87feb,delivered,2018-02-13 16:54:20,2018-02-13 17:05:34,2018-02-15 19:46:33,2018-02-16 20:03:48,2018-02-26 00:00:00
ecece91c3d1b87ff38070137b454c50c,8234f3b810971f0c280a3d0d7988fffe,delivered,2018-08-21 21:55:29,2018-08-23 02:50:25,2018-08-24 09:56:00,2018-08-31 07:31:51,2018-09-13 00:00:00
e399cbb0337c90fe1809b307fcbe5b36,733ec8547bf0e1fca5ff8c6ab2a7a5c3,delivered,2018-06-13 10:43:10,2018-06-14 02:39:34,2018-06-14 13:35:00,2018-06-21 17:26:14,2018-07-11 00:00:00
c473789225d03e3eae1a40d5402f1cca,d443fbb79c14a9b9208f7dc9a9390765,delivered,2018-07-19 20:22:42,2018-07-21 03:15:31,2018-07-23 15:44:00,2018-08-02 17:28:42,2018-08-09 00:00:00
f4dcd6f5120e9e46509a58be9e7462f2,c61f5ec2a237a476d50b5194f90af516,shipped,2018-08-02 16:04:26,2018-08-03 02:50:36,2018-08-03 14:34:00,,2018-08-15 00:00:00
6ba0683fc45576a6050dfba5f9c41bb1,0040a8417928d0d5abd5169cd7877181,delivered,2018-06-27 17:38:07,2018-06-27 17:51:07,2018-06-28 12:55:00,2018-07-03 07:41:41,2018-07-31 00:00:00
dba3d308cfb77b3fcc46a50e560080bb,f19f11ddfa4f4d61154a277408a98d0c,delivered,2018-01-07 22:41:05,2018-01-07 22:51:30,2018-01-08 18:22:30,2018-01-19 16:52:32,2018-02-14 00:00:00
5268a1e490656ed41fa8b107305fc319,87741719427bc441de713ce2c175bf9e,delivered,2017-08-29 15:50:51,2017-08-29 16:10:37,2017-08-30 14:52:36,2017-09-04 17:22:49,2017-09-19 00:00:00
2aae4e73f4fa9bac9378f94c794a47d9,85a75f2bdbdd30e9fbcfb56fdc387418,delivered,2017-07-21 10:24:33,2017-07-22 02:25:28,2017-07-26 11:21:44,2017-08-03 17:46:58,2017-08-17 00:00:00
86aa6c78e87b42b8e66d9d6a368bc846,61bdf0d6002786a74cafbc9844625ead,delivered,2018-01-02 11:49:03,2018-01-02 11:55:29,2018-01-05 17:18:59,2018-01-18 00:21:43,2018-01-31 00:00:00
847aa72b1ca97537af9c72ce7e99bf94,f0acd4906098739719f7507162c85942,delivered,2018-08-18 21:19:10,2018-08-18 21:30:14,2018-08-20 14:13:00,2018-08-23 01:03:47,2018-08-28 00:00:00
4c95b21e5d08a34a3a48839f2d007982,f9a232e21b669e5a1063711f040cd360,delivered,2018-02-23 20:43:58,2018-02-23 20:55:50,2018-02-26 19:06:43,2018-03-17 02:12:17,2018-03-27 00:00:00
4b0ad428488cc1b132333a293f9c1370,23adf3a4eefc7da9cccd2af02ad9f197,delivered,2017-07-28 13:38:25,2017-07-28 13:50:25,2017-07-31 16:52:14,2017-08-04 21:14:48,2017-08-28 00:00:00
7670be883e96403325723fe0629a8c7e,c538e5c2e48c6a255de59da12a3d8c69,delivered,2018-04-23 20:50:16,2018-04-24 18:04:29,2018-04-25 00:35:54,2018-05-02 17:21:56,2018-06-01 00:00:00
2bb5962dc45a9c428a888aa99d8deb46,99bde2b1ffd6565ce57e8c0bd634572f,delivered,2017-10-02 19:04:13,2017-10-04 03:03:49,2017-10-04 20:55:02,2017-10-26 01:58:25,2017-10-30 00:00:00
91292acc131c233256e9a15bee217c53,428db965aedf0c8c56f94d005539a9b0,delivered,2017-08-03 09:25:14,2017-08-03 09:43:41,2017-08-04 18:47:48,2017-08-09 13:09:38,2017-08-22 00:00:00
b148b0338ed3231c5dcc4564f81a7586,7dd168069dddee1868d6293874dbe38b,delivered,2018-05-11 14:43:47,2018-05-15 05:32:35,2018-05-15 11:28:00,2018-05-21 12:42:32,2018-05-28 00:00:00
1e2ff126f1e0eccce95474029d18617c,83daf1e45e755edc47296c7974660c47,delivered,2018-02-13 17:49:15,2018-02-15 17:46:28,2018-02-20 19:22:36,2018-03-05 15:22:28,2018-03-06 00:00:00
dec6267e55fe1ef26725cbd4c28d9a90,27fc8ade22ab29a37a27abddc4ecff02,delivered,2018-05-06 18:49:55,2018-05-07 09:15:24,2018-05-07 13:50:00,2018-05-16 16:08:58,2018-05-25 00:00:00
8421b46b3b3fa09ea64c5775ab548615,117e0eb0f33e6f97d50644712ab63969,delivered,2018-03-22 18:29:48,2018-03-22 18:47:29,2018-03-28 18:51:27,2018-04-11 23:41:21,2018-04-19 00:00:00
d5bd0af0e37b739b88fa363a30301220,c611a87152a511b73b2b6d639cea5034,delivered,2017-11-15 16:28:17,2017-11-15 16:46:15,2017-11-16 14:25:23,2017-11-25 13:57:58,2017-12-06 00:00:00
1a0c4417bf4f48e594a23d90d8d7581c,b9f89b65102ca979b94f4493af5973ee,delivered,2018-04-21 19:46:35,2018-04-24 18:57:00,2018-04-24 22:34:52,2018-04-30 19:08:48,2018-05-18 00:00:00
70eb3f78e36bed84a86e6570b0fb308b,2837406f4f7bea00a234ec60e9e9315f,delivered,2017-08-05 12:50:01,2017-08-08 04:05:40,2017-08-08 17:03:42,2017-08-14 17:23:15,2017-08-29 00:00:00
2f014917c80b1bf6576e1f3ce7a4bffd,767e9a5c0f4cd484bbf7b78479b7cc67,delivered,2017-09-05 20:41:37,2017-09-05 20:50:18,2017-09-08 17:26:49,2017-09-15 20:07:50,2017-09-29 00:00:00
7c689ae40b6502d8b9f54441709cbe76,03763b8972b5dc67dd9adbafa0256e16,delivered,2018-01-28 19:34:50,2018-01-28 19:59:13,2018-01-30 19:58:26,2018-02-06 16:13:02,2018-02-26 00:00:00
4fab84dd561f10bb9c98293f34d749fa,1c141ff3d234a4ea775feaf7d0024a59,delivered,2018-07-03 12:04:03,2018-07-05 16:32:43,2018-07-05 14:25:00,2018-07-11 15:24:32,2018-07-27 00:00:00
08dd806c9344c87a3f061a6540a65041,bfa964abc76d954af38e02158e4c7946,delivered,2018-05-22 19:25:04,2018-05-22 19:36:59,2018-05-29 07:16:00,2018-06-08 18:08:48,2018-06-22 00:00:00
709757992cd81f180be8b5555ea266f5,9f802ab5f514faec889b810d1bf187bf,shipped,2018-07-23 10:56:16,2018-07-25 04:05:19,2018-07-30 15:48:00,,2018-08-15 00:00:00
c1b946b2592023776151752222cd31e7,901be22d7ec9526031a2dc156992c306,delivered,2018-04-09 09:15:19,2018-04-09 09:31:05,2018-04-09 19:32:23,2018-04-16 19:22:38,2018-05-03 00:00:00
4b1c6eb00f599c2ea1d21e446cd60efa,1b337a877720669c2f18c277c5dbbf69,delivered,2017-12-01 16:26:45,2017-12-01 16:40:43,2017-12-04 21:28:29,2017-12-14 18:42:28,2017-12-27 00:00:00
7ec4063a8ed5b8e7ab1b7bdd7951ffa9,421c30a5daa9f8c2529a73e1f9152a71,delivered,2018-04-17 13:30:17,2018-04-17 13:51:13,2018-04-17 23:48:34,2018-04-19 00:08:27,2018-05-04 00:00:00
10ccabd86a31f6939bd6b0eb1bbb1c67,1183d7542b4266f421d6678da157fc09,delivered,2017-02-14 08:48:43,2017-02-14 09:02:58,2017-02-14 15:57:25,2017-03-07 13:54:22,2017-03-27 00:00:00
34c050abd228aa3084544460925c3534,ad83c0e942a04096b2ffbf144ec21bb8,delivered,2017-12-03 12:32:31,2017-12-03 12:53:17,2017-12-07 18:02:54,2017-12-19 19:47:10,2018-01-15 00:00:00
cccee2922028e95f2f29aa1fe0c766c0,ca93ab27127deaac3bee96b5bf04bc6b,delivered,2017-08-26 09:46:26,2017-08-27 07:04:03,2017-08-28 22:42:11,2017-09-06 20:27:57,2017-10-02 00:00:00
a28900d6db45f7fe7433f5fba72c30b8,4b5fe0f21a41c8f6cfea49a803855f87,delivered,2018-03-30 14:37:11,2018-03-30 14:50:13,2018-04-04 00:58:57,2018-04-13 18:28:32,2018-04-20 00:00:00
3ff1a97af462ca0dafa98d5914729e86,429337ca49b266234552f95edfed0f37,delivered,2018-03-28 10:12:52,2018-03-28 10:28:51,2018-03-28 21:12:14,2018-03-29 22:41:58,2018-04-10 00:00:00
d3764fd6a2c04354a8cbde8508cc0ba0,2df17a523b839dbca5cf6e2465f91817,delivered,2018-04-16 13:34:03,2018-04-17 13:32:44,2018-04-18 22:36:33,2018-05-10 14:37:37,2018-05-10 00:00:00
210ce7edbc6ef043f7af38724f3c2b5d,065e274ca8c7214e70710b6765578a05,delivered,2018-08-13 15:07:30,2018-08-13 15:24:28,2018-08-17 14:11:00,2018-08-23 22:03:37,2018-09-03 00:00:00
63e614097c434569e45f77e68b55f48f,f1b2e9e0835d494864e31b02de9d7bf1,delivered,2018-03-06 13:09:30,2018-03-06 13:50:03,2018-03-07 17:26:44,2018-03-24 16:12:29,2018-03-23 00:00:00
e8bbc1d69fee39eee4c72cb5c969e39d,184e8e8e48937145eb96c721ef1f0747,delivered,2017-09-13 19:13:20,2017-09-13 19:25:38,2017-09-15 17:43:43,2017-09-18 18:42:07,2017-09-26 00:00:00
30e20eed39fd29394a3adad92a43f3e2,b435676aab06e1a53ef42f979d671ce8,delivered,2017-12-10 16:42:30,2017-12-10 16:50:49,2017-12-11 19:57:00,2017-12-18 17:34:07,2018-01-04 00:00:00
8073689e990d7df74e9c53a005260b54,f2a8619b531ec9f3c3d56b86190aea94,delivered,2018-04-25 08:16:25,2018-04-25 08:31:20,2018-04-25 14:54:00,2018-04-26 18:28:35,2018-05-14 00:00:00
85eb2a6b95fb63038d835a7b235b47d0,f3c417aa727ef55b2a9eb68bda276dd9,delivered,2018-06-05 21:50:30,2018-06-05 22:11:37,2018-06-06 13:41:00,2018-06-11 20:20:48,2018-07-18 00:00:00
15565b9ff1ef637e3216ebf24bb05c31,af3ae1b886ed576265f3f71e5921ee95,delivered,2018-06-30 21:51:00,2018-06-30 22:10:08,2018-07-03 11:19:00,2018-07-04 17:09:03,2018-07-25 00:00:00
f2125ad278ab03d4779ded7001337ee1,f231bfa6a643f23fa187394cf9a8c98d,delivered,2017-12-01 16:51:00,2017-12-03 16:53:45,2017-12-06 18:17:03,2017-12-19 18:09:25,2018-01-08 00:00:00
3a27e0b9d5d118eeba13571803a2b08e,5bf3c6c1f06144a4ae5b815782732da7,delivered,2017-04-26 14:09:45,2017-04-26 14:22:15,2017-04-27 09:39:11,2017-05-03 14:37:42,2017-05-15 00:00:00
21b2689d22f457f04c68814cb269764d,e5b109875eefb9d243b353dfde8552a8,delivered,2018-08-02 12:05:18,2018-08-02 12:50:16,2018-08-03 12:26:00,2018-08-08 22:12:37,2018-08-15 00:00:00
8dc41fcd90a93e993a555bc984726ba8,9915a12fb4e8c933ede4c85fe9fc7cfd,delivered,2018-04-21 09:43:15,2018-04-24 19:24:14,2018-04-25 13:50:00,2018-05-02 22:08:58,2018-05-15 00:00:00
356ba836fa22451d49ef0c3eb18a3e09,c220ab170a166e41e97034894f1ff1e0,delivered,2018-08-13 16:17:10,2018-08-14 16:15:14,2018-08-15 14:40:00,2018-08-16 13:48:35,2018-08-16 00:00:00
d18615ef0019feab117532f76cb5953c,47fd46783327ac0d112d9a86085e06ec,delivered,2018-08-09 09:35:54,2018-08-09 09:45:18,2018-08-09 16:03:00,2018-08-16 18:16:56,2018-08-28 00:00:00
c042ea19a75b4c8fb9bc7479832297e6,f3649725d51b964e8708b6960b3a7bea,delivered,2017-05-21 17:28:49,2017-05-22 06:43:17,2017-05-22 13:31:57,2017-05-29 10:38:00,2017-06-13 00:00:00
5737a407d0873429dc88768c131fc671,c625cc68d7f0a27897f05eff2b3a6da0,delivered,2018-06-21 17:57:11,2018-06-21 18:40:23,2018-06-26 09:15:00,2018-07-03 22:19:59,2018-07-24 00:00:00
0c9f8646d592c21c2015b929996427af,493941e03992cc140b88be7a292808c9,delivered,2018-03-20 07:44:52,2018-03-21 02:50:35,2018-03-23 23:52:05,2018-04-06 23:16:42,2018-04-16 00:00:00
34de7c3ba61791996fc85a18104f8089,7dfdc9722ef41b3497667f302477a476,delivered,2017-12-09 08:59:58,2017-12-09 12:50:59,2017-12-11 22:09:26,2017-12-18 18:57:12,2018-01-12 00:00:00
4c9147aeea82dddeeff09c3a170a4820,a33874bb08defeec8118818eb3e91a90,delivered,2017-06-13 19:01:31,2017-06-15 02:55:27,2017-06-19 15:05:58,2017-07-11 19:25:52,2017-07-06 00:00:00
d1292ab43d93a1211d5e3f6589be78af,98ae784ea02599457d7cba659b4a4f0c,shipped,2018-02-22 18:00:12,2018-02-22 18:15:22,2018-02-26 21:22:16,,2018-03-14 00:00:00
fcb8a446d79e5b682882d9e73014526f,03c0cfb7f6859ea591f6969c8e9d0109,delivered,2018-05-11 00:34:12,2018-05-11 00:58:42,2018-05-19 06:14:00,2018-06-01 23:51:51,2018-06-04 00:00:00
4dc6971735661c059829d999ddfcd755,f9440bbd8a0bd64a574fbac679c54838,delivered,2017-06-16 22:53:16,2017-06-20 10:50:28,2017-06-21 14:08:25,2017-06-30 15:17:35,2017-07-06 00:00:00
e93a632da84685e95aea41808885e8ab,abe8ec6548b6351d3eef00aa566c4fe2,delivered,2018-08-10 20:21:24,2018-08-10 20:30:27,2018-08-13 10:56:00,2018-08-17 18:57:23,2018-08-28 00:00:00
7954d26fa0d387724ccb30d846ebbd9f,31d8da0f80697e347d7fcf21eac83d3d,delivered,2018-06-29 12:28:48,2018-06-30 12:30:03,2018-07-03 07:33:00,2018-07-13 20:41:34,2018-07-24 00:00:00
72e28e81cb034c772982da429eca530c,74fa527aca584a0843047d9ceb21d0e8,delivered,2017-11-18 08:49:34,2017-11-18 15:30:24,2017-11-21 18:48:30,2017-11-22 19:22:10,2017-12-01 00:00:00
f832a90e0e5f392aa29255b5716b012d,f63cb8460e0b173006fa7e7bf9cc71be,delivered,2018-04-26 16:22:34,2018-04-27 08:15:19,2018-04-30 07:02:00,2018-05-02 19:23:34,2018-05-10 00:00:00
c349e9d40b72c145d95e0da04f3e7076,96ff3fba0dd430cf13ed4a811c1291a5,delivered,2018-04-04 09:00:15,2018-04-04 09:10:16,2018-04-04 20:05:17,2018-04-16 19:42:43,2018-04-23 00:00:00
68664ce4c84bcf1e6682d90992c7504d,fdce8fd151f9263bb677e873409843dc,unavailable,2018-03-01 09:33:06,2018-03-01 09:56:03,,,2018-03-15 00:00:00
a58d3e59d65840491ea8914d54ba4693,c71404c91b71b88e6cf39286092af14e,delivered,2018-08-13 14:28:50,2018-08-15 06:55:14,2018-08-16 14:11:00,2018-08-27 18:16:33,2018-09-24 00:00:00
62afcaa7a01e4a51345e58ac350a9b78,bdae894741bd43f6aafbf5274e4369ea,delivered,2018-02-21 08:26:38,2018-02-21 11:56:40,2018-02-21 19:47:07,2018-02-27 21:06:41,2018-03-13 00:00:00
b89c3dccabd368d8a4b6778c1094df6b,1287bb4d651bd96d3b090a92997ae7ea,canceled,2017-03-20 14:44:16,2017-03-20 14:44:16,,,2017-04-12 00:00:00
eb7a5ea74eec27401237ac0c1a0a5e26,84f051c51e629d53a7ef7fda2cf5a325,delivered,2018-03-26 18:32:02,2018-03-27 04:08:34,2018-03-27 17:41:47,2018-03-28 19:37:27,2018-04-06 00:00:00
a013a9692edd311c7cd46675f807ab24,ff82e32ae70caa86b2e3232c9474fce4,delivered,2017-06-18 14:14:29,2017-06-18 14:25:16,2017-06-23 10:53:04,2017-06-29 14:33:52,2017-07-10 00:00:00
92e3415f60fec80f07ebca939434c3a7,85163f5cd854d552b1627f12e52721fc,delivered,2017-01-27 10:29:59,2017-01-27 10:41:54,2017-01-31 11:50:54,2017-02-02 17:43:58,2017-03-03 00:00:00
77baa217632fcbf3656de4ec4a66b0c4,0c32da3090365f1c34eaa407bd52778a,delivered,2018-05-03 09:42:53,2018-05-04 02:55:14,2018-05-10 18:29:00,2018-05-16 23:16:54,2018-05-29 00:00:00
78c4c41e23fce373ccb74d07aac38c44,abb5f1e317829843b87cefa88f6bfa08,delivered,2017-04-11 06:38:01,2017-04-12 02:45:41,2017-04-12 11:53:09,2017-04-17 10:55:29,2017-05-03 00:00:00
a9dfd8a8ec4fa0a848fb61986bdc153f,cf7956da5b322ee09795506d6fcb238f,delivered,2018-08-20 13:09:40,2018-08-20 15:50:16,2018-08-22 14:47:00,2018-08-29 18:32:58,2018-08-30 00:00:00
dc15c503e5d31267bef467c8c63476c4,bd845f13db0ebdbb3dbd88dbbe69848a,delivered,2018-08-25 13:21:23,2018-08-25 13:30:23,2018-08-27 14:13:00,2018-08-28 21:03:38,2018-09-14 00:00:00
e4e9fa1ceb459e9dfebba5e0b09849f3,6987c5a00c0bfdbb2a78d36822f82ebb,delivered,2017-03-08 15:55:56,2017-03-08 15:55:56,2017-03-10 16:25:19,2017-03-16 08:50:41,2017-03-27 00:00:00
b7a77aac1be341d2f9009b231cd3b4e8,e43558b2abdd406058436512ebe8b58c,delivered,2017-11-23 21:15:56,2017-11-23 21:27:42,2017-11-29 22:51:28,2018-01-05 17:23:22,2017-12-19 00:00:00
41e058d34a41343f01cdc9a6add38423,4e174aa8e13f63c3621881c51edc9b06,delivered,2017-12-18 16:20:18,2017-12-18 17:18:35,2017-12-19 17:26:53,2017-12-29 18:32:31,2018-01-11 00:00:00
a79f369e816d39951d6f26ef65842903,04fa073164f8aa2148c9c19d586fdbac,delivered,2018-01-29 16:31:12,2018-01-29 16:53:21,2018-02-07 21:13:05,2018-02-20 17:29:01,2018-02-26 00:00:00
fc619e7ba8b2f9ef5e03cb4782a4e121,aef57864f06392eefdf39d7904bbb2eb,delivered,2017-11-14 17:44:57,2017-11-14 17:55:29,2017-11-16 17:32:55,2017-11-22 19:04:49,2017-12-08 00:00:00
85588475c4907049ee50b41446b5cb90,bf532369897b190d91ddb2cea7491a54,delivered,2018-03-08 16:02:35,2018-03-08 16:32:22,2018-03-13 03:12:38,2018-04-03 00:22:25,2018-04-17 00:00:00
c6a45cf151fdf09625a38f65bddc3082,00bad631eaa8723983a6c7e2f910dfca,delivered,2018-08-14 19:30:11,2018-08-14 19:45:18,2018-08-16 14:58:00,2018-08-20 21:03:45,2018-08-22 00:00:00
e6d1b2275402fa4946ee8a3d37712c93,45ce7fad590507dc87dabf4b6989f7e5,delivered,2017-09-03 23:37:01,2017-09-03 23:50:08,2017-09-08 16:47:50,2017-09-16 12:02:53,2017-09-21 00:00:00
2b3c4e25e8edee43a664159df5afa3ea,557a197892a569cc513f0f016a7932d9,delivered,2018-07-29 18:51:50,2018-07-29 19:04:26,2018-07-30 12:24:00,2018-08-06 14:28:46,2018-08-14 00:00:00
9202a540dd3900ebeb2ff790e949a54e,778765c3508c03c80697308b8ba5aa3c,delivered,2018-01-22 08:05:13,2018-01-22 14:12:39,2018-01-22 22:35:47,2018-01-23 19:51:47,2018-02-06 00:00:00
b8cddbe53f3a227da27064bc722cffa3,c4d58f849d0a6d8fd0eb4c6743febc27,delivered,2017-09-03 10:58:40,2017-09-03 11:45:33,2017-09-12 17:14:58,2017-09-22 18:32:39,2017-09-27 00:00:00
532227f6cb279324fdf9b5e3b5e33fbe,9b11cdf7ed97f8277b5c067210c0b472,delivered,2018-03-21 13:13:28,2018-03-21 13:27:57,2018-03-22 20:38:29,2018-03-24 15:12:19,2018-04-03 00:00:00
eb11baac49ba71da35079fcbf17517a4,cc43755571b2b6b1622a65a334d5427c,delivered,2018-05-02 20:29:29,2018-05-02 20:53:47,2018-05-03 16:30:00,2018-05-22 19:17:42,2018-05-29 00:00:00
3b6017a55d7507badf113a558ebb9a62,a1a8805f28cf7ec73c2dd4e7296bbcbd,delivered,2018-05-02 15:15:59,2018-05-02 15:58:57,2018-05-03 16:30:00,2018-05-14 16:36:30,2018-05-30 00:00:00
493df4388d821e8fe154543cceafa20d,d1e855114cbb40986610c20743c4e067,delivered,2018-06-18 20:15:39,2018-06-18 20:36:41,2018-06-20 12:54:00,2018-06-21 16:38:31,2018-07-11 00:00:00
3323fd4055090e20288b12f59a77e9fb,e7b96e5c330f63125f06f075bd8ede22,delivered,2018-01-06 13:32:38,2018-01-07 13:27:17,2018-01-15 11:24:50,2018-02-20 22:42:53,2018-02-05 00:00:00
a2c583649d96b6b15a0385d0ef630f33,d8ddc91cbd5d3aa4c618b8620c57a9de,delivered,2017-05-02 10:52:39,2017-05-03 11:34:56,2017-05-08 15:40:14,2017-05-13 08:39:46,2017-06-01 00:00:00
f764bb28725fea66368cbd0a799ac39f,f9fb343d2ff0f50d1b0353f90692dbc2,delivered,2017-10-24 17:07:24,2017-10-24 17:29:41,2017-10-25 14:04:35,2017-11-06 18:12:09,2017-11-21 00:00:00
adcdccd191342caa54f60a1f3e6df547,6be5ed2df917c88bc0e3770ac3fb0fa1,delivered,2017-12-31 14:33:48,2017-12-31 14:47:29,2018-01-02 22:39:50,2018-01-08 17:57:37,2018-01-18 00:00:00
c9d520a482f52b364a05d0252cd45852,fab24554bc9a6b466c61b9f4c0f4b7d9,delivered,2018-08-05 20:33:28,2018-08-05 21:04:16,2018-08-08 14:03:00,2018-08-13 16:51:31,2018-08-16 00:00:00
c391989528d1e7049decd5a0e37bdd19,48e30bfb9ea502fd3f633322f09250c1,delivered,2017-11-15 22:51:19,2017-11-17 03:35:45,2017-11-20 14:07:57,2017-12-06 22:04:43,2017-12-15 00:00:00
d583f0fd2e3f3c20be3c87938bfcd21b,4d5537f96319cccd406227f42b444bb7,delivered,2018-07-30 11:51:06,2018-08-01 02:44:16,2018-08-01 15:17:00,2018-08-03 11:32:56,2018-08-08 00:00:00
b4422eb7a5a5d3ec5f0b8fbfb75f5184,bcd32c414b3287b2a0c5f4e3bf64afb7,delivered,2018-07-16 16:33:40,2018-07-16 16:45:16,2018-07-17 15:22:00,2018-07-24 16:24:40,2018-08-08 00:00:00
0fa772ed19bc4e0836a2b079059f529e,f06ebe91a8ef0795bdfa9f8cd148ca59,delivered,2018-01-30 21:50:42,2018-01-30 22:11:21,2018-02-02 00:38:39,2018-02-15 23:33:55,2018-03-02 00:00:00
7f2309408220014301685cdf123b4067,5a1c1e9fe3aa6fa5a2f1d9d86f2f9aeb,delivered,2018-06-09 18:45:40,2018-06-09 19:11:02,2018-06-11 14:08:00,2018-06-14 19:31:27,2018-07-03 00:00:00
d35c1cd70132b8215cbe4c943537d139,b1c2e425a3415a98a88e997b86bf3f67,delivered,2018-07-16 14:07:54,2018-07-16 14:20:16,2018-07-18 19:04:00,2018-07-27 18:24:26,2018-07-25 00:00:00
2ccde1e4676c20b9444e2bcbed36334c,a10c24a3a00d939852f086c7162e564d,delivered,2017-06-18 10:24:32,2017-06-18 10:42:56,2017-06-19 17:16:42,2017-06-24 12:02:48,2017-07-13 00:00:00
6fc4b5c7dea29fb5062b9fb57e3d958e,35651299baaef5a25ed8ec1021d12a12,delivered,2017-07-23 21:56:45,2017-07-23 22:10:13,2017-07-26 20:01:43,2017-08-15 13:52:11,2017-08-17 00:00:00
bd31b009e1dbc47fc7c250b1e2cf5440,2c23918ee23c1406b9cb5f78d4b2062a,delivered,2018-04-24 12:07:51,2018-04-25 03:51:18,2018-04-25 15:33:00,2018-05-08 22:24:49,2018-05-21 00:00:00
f6ec769c796ea963843da58718ada694,af9aa4e50115ed72395d60c9c79077e7,delivered,2018-04-18 12:46:02,2018-04-18 13:10:33,2018-04-23 22:28:57,2018-05-16 22:48:47,2018-05-15 00:00:00
1478e287c27b62fbae90329970302f1e,49683f92840dfb2f84377af13361d4c7,delivered,2018-04-29 21:16:30,2018-04-29 21:35:32,2018-05-02 12:38:00,2018-05-10 22:14:45,2018-05-22 00:00:00
ccf6899464ad94a5d61964bafc6a4f0a,92aa8377d76dce02451719d307524fe7,delivered,2017-10-24 21:14:02,2017-10-24 21:28:10,2017-10-25 18:27:15,2017-11-01 13:53:36,2017-11-16 00:00:00
936979ce0687947765e88fe5fe1b741e,d37f9472ef5b98a17bcf2716cfe87cfb,delivered,2018-06-22 23:34:28,2018-06-26 04:58:47,2018-06-28 14:11:00,2018-07-04 16:58:34,2018-07-18 00:00:00
5b49cb2d5b6c3ec3583118c9601ff6a4,423d188bbcaf056ef7f42052180d4363,delivered,2017-12-11 21:24:54,2017-12-13 16:55:49,2017-12-18 15:19:12,2018-01-02 18:51:42,2018-01-05 00:00:00
d7ae3c10c3a4c7a721e64ba401ee745b,8622c629a0890a4ca20d1e7016e1a613,delivered,2018-02-20 14:59:40,2018-02-20 15:10:43,2018-02-21 18:27:20,2018-03-03 17:42:36,2018-03-19 00:00:00
93a0e7a8ac210479d99b1726f697651c,240e00a1e0cd667e88c7939db917ac31,delivered,2017-09-13 11:04:08,2017-09-14 20:25:25,2017-09-15 16:32:23,2017-09-18 17:17:47,2017-09-25 00:00:00
55d40b74667b0d1f5331a4724b9efd69,d7cbd008cd16332e62efb358c1348056,delivered,2018-02-12 01:13:24,2018-02-15 05:00:33,2018-02-16 22:58:48,2018-02-23 22:43:07,2018-02-26 00:00:00
729c445f5f350f88d5c9a3911d6e9bc0,ec8475867514b71ceea3172f1312c533,delivered,2018-05-02 17:42:07,2018-05-02 18:32:33,2018-05-07 09:09:00,2018-05-09 12:56:30,2018-05-17 00:00:00
06d614f169d6f1a04c85b382d4bd462c,6e15807a5d74456cf5f90cf879bcd7f4,delivered,2017-11-24 08:25:10,2017-11-24 08:33:34,2017-11-24 15:39:30,2017-11-29 18:03:24,2017-12-19 00:00:00
97746144f29ff82670bcd8311e484a16,679606d5183722ee9820f8c94d596788,delivered,2018-03-06 00:01:09,2018-03-06 00:29:03,2018-03-07 22:23:44,2018-04-11 19:38:36,2018-04-06 00:00:00
5b4e981913377d776f83cb4ffd82ad31,396cf1a900c41fe4d63c5129d71ee407,delivered,2017-11-07 20:42:40,2017-11-07 21:47:21,2017-11-10 18:35:18,2017-11-21 13:54:52,2017-11-27 00:00:00
421cf19961f42317267a94c6ed066cf9,999788208f06927b5253b8251117bc44,delivered,2018-02-08 17:24:08,2018-02-08 18:32:21,2018-02-09 23:52:38,2018-02-23 22:25:11,2018-03-05 00:00:00
b75531d67f9616e9012cea103a187c8c,b671be06b16d469205a87c380a30a09c,delivered,2017-03-07 22:10:46,2017-03-07 22:23:29,2017-03-13 09:32:58,2017-03-23 08:35:59,2017-04-12 00:00:00
512669f049d27cb8c95c83eb6e268bfa,bf1b0c82d25e07c1c4ce59c3b6033648,delivered,2018-01-02 18:05:22,2018-01-02 18:13:20,2018-01-04 14:53:02,2018-01-10 18:42:50,2018-01-30 00:00:00
2728685c083a4749558ea7e44578a0c3,5c0c0a2f137f0ca32bc91f21cfa0344c,delivered,2017-08-30 14:57:52,2017-08-31 02:35:24,2017-09-05 22:36:06,2017-09-12 18:54:55,2017-10-05 00:00:00
946531fd5600174d45682f9a6c493e05,298d5160dfa09ed4cde46a9dd3518f6b,delivered,2018-03-01 18:39:21,2018-03-01 18:50:28,2018-03-02 17:47:44,2018-03-08 23:09:23,2018-03-13 00:00:00
065ac4b340bafd4f6bee041c63e10aef,9c29746c15ba972bc51e23fcdc498216,delivered,2017-06-02 12:37:27,2017-06-02 13:10:55,2017-06-03 09:38:18,2017-06-13 17:29:55,2017-06-27 00:00:00
41b58b6026bb03ba48125f0b42fd4b70,7fb48eba2763ac51b79391d0636a7c92,delivered,2018-05-29 02:50:57,2018-05-29 03:14:34,2018-05-29 13:44:00,2018-06-16 14:28:55,2018-07-20 00:00:00
04db86e3493b3724ac4bd3c9a397e23c,ad1e6b608a4dca0dd25bf862939cf3aa,delivered,2017-08-28 12:12:38,2017-08-30 02:15:23,2017-08-31 20:51:24,2017-09-11 19:20:02,2017-09-14 00:00:00
78b60b2b56698f828379188688d16396,41b872cbf76c296cc0f694d75505e22a,delivered,2017-05-26 12:11:09,2017-05-27 06:35:16,2017-05-29 11:51:59,2017-06-05 18:09:56,2017-06-22 00:00:00
b7e36ef3e482d9d0d18460e33a5258a8,894c7fe4f4e9dd2d89483067dac7437a,delivered,2018-01-11 09:38:50,2018-01-11 09:50:30,2018-01-11 18:27:38,2018-01-18 18:49:03,2018-02-05 00:00:00
e4fe84926e03b0030e643318464be6a7,ff3c583d80f698805bcda1e3059cb352,delivered,2017-10-02 21:14:34,2017-10-02 21:28:23,2017-10-04 15:34:18,2017-10-10 19:38:47,2017-10-25 00:00:00
426a9742b533fc6fed17d1fd6d143d7e,1afc82cd60e303ef09b4ef9837c9505c,delivered,2018-08-03 21:10:16,2018-08-06 14:24:28,2018-08-06 15:01:00,2018-08-08 22:51:57,2018-08-20 00:00:00
bc872fdadc90fb5e74184afcf627810a,376f23503d92d4b47a304738bb8f7870,delivered,2018-05-18 00:32:13,2018-05-22 07:54:01,2018-05-23 14:11:00,2018-06-09 13:22:15,2018-06-20 00:00:00
3a5fc5a4374b66b42bae2135cfcdf9e2,ab84a87c8967d65aa5109eba12a09761,delivered,2018-06-12 16:41:44,2018-06-12 17:13:25,2018-06-14 07:55:00,2018-06-18 21:18:42,2018-06-29 00:00:00
c41fcb90e5c4e310d014634135fb1279,f15502451cc5bdea5784089fec299f8b,delivered,2017-05-10 14:04:15,2017-05-12 02:45:12,2017-05-12 15:19:54,2017-05-23 11:12:35,2017-05-30 00:00:00
b9cc09d74b35b6e55620022d806066ec,792c82543cb5319c0747d9c97386863f,delivered,2017-09-02 13:04:14,2017-09-04 17:30:19,2017-09-06 20:56:57,2017-09-13 18:15:56,2017-09-15 00:00:00
2bcb4add2a785006005bcea7b61559aa,20c1fa8405b1796b15ae7852d73875e3,delivered,2018-03-05 13:06:29,2018-03-05 13:16:02,2018-03-07 17:24:50,2018-03-08 18:28:44,2018-03-29 00:00:00
d3582fd5ccccd9cb229a63dfb417c86f,a682769c4bc10fc6ef2101337a6c83c9,delivered,2018-08-20 19:14:26,2018-08-20 19:30:05,2018-08-21 15:11:00,2018-08-24 14:08:43,2018-09-04 00:00:00
9ecd7832d0c751777b4538c062126bc2,07eaacc0443dccf0e8ff42b5652a2949,delivered,2017-08-19 14:37:52,2017-08-20 14:35:08,2017-08-22 15:08:25,2017-09-04 18:19:30,2017-09-25 00:00:00
bb6a7f8cd819560d278d618a0673dd4b,17650d8fd018ca863381864aa56161fc,delivered,2017-09-19 10:33:10,2017-09-19 11:04:41,2017-09-21 19:43:23,2017-09-25 17:15:47,2017-10-05 00:00:00
e268013ab789100dfe3fbb989adc882e,171eb932f474693b8393a770d6b57040,delivered,2018-05-08 07:41:41,2018-05-08 07:55:13,2018-05-11 14:33:00,2018-05-17 18:56:56,2018-05-23 00:00:00
d18cf3749b7ca5680afdc5f0eb881f09,29546828335efebca3e173400d8553a7,delivered,2018-05-15 10:21:33,2018-05-15 10:54:38,2018-05-16 10:16:00,2018-05-21 17:57:33,2018-06-04 00:00:00
a5bb508b158c65e99f596d0e8a2bc08d,e9a2907489fbfbb679d37c262b6f4ca6,delivered,2018-04-04 11:07:21,2018-04-04 11:29:23,2018-04-05 22:13:31,2018-04-11 21:53:24,2018-04-30 00:00:00
dc0e878c900ba40571360f0890a14666,00d97ddbc2cafa83bc2412d11da98d88,delivered,2017-11-25 17:51:37,2017-11-25 17:59:24,2017-11-29 15:41:48,2017-12-06 00:54:44,2017-12-29 00:00:00
f53fee7428c6bc090f954df111b6e0f0,69898b8f33773019ae266bf85a55c934,delivered,2018-07-26 16:26:25,2018-07-26 16:44:22,2018-07-27 14:03:00,2018-08-06 21:44:38,2018-08-28 00:00:00
16180652c3b2890c8cc7a24b68663fc9,3bfd6087dc6d9b4982748af54b599117,delivered,2018-02-24 07:06:10,2018-02-24 07:15:23,2018-03-01 02:37:30,2018-03-05 21:07:24,2018-03-12 00:00:00
07ea296aee6d3fc7e722d3d2716448c9,72bda37cce8718fda2c702b1a23d4ac5,delivered,2018-05-01 12:57:12,2018-05-01 13:36:11,2018-05-02 15:44:00,2018-05-03 17:39:36,2018-05-14 00:00:00
bb85e4e4097ee2b3d34c22fbed913c42,ffbab84622e367ac800d8e9874fc48ad,delivered,2017-03-02 13:52:03,2017-03-02 20:05:15,2017-03-06 11:44:03,2017-03-07 12:36:17,2017-03-28 00:00:00
a77e9a2ec8b11b15d33fcdd305e718d3,8d93e2d1c38fc141ea216ea1be10f710,delivered,2018-06-10 20:29:24,2018-06-10 20:57:48,2018-06-11 12:37:00,2018-06-13 16:03:33,2018-06-29 00:00:00
605dd1e8229892fbac9c08a82693f888,6ba7254b16cf6bdbb63b792daa982d91,delivered,2018-01-11 10:14:35,2018-01-12 02:35:44,2018-01-13 01:45:42,2018-02-15 15:56:33,2018-02-09 00:00:00
06fef7fd666bfeff415e544f1648a7de,34b940a65cdafb66d26675441dad9284,delivered,2018-01-25 12:13:46,2018-01-26 03:15:58,2018-01-30 23:59:27,2018-02-06 12:41:16,2018-02-20 00:00:00
6bd5b651ad62255f0f308679544e9916,94c28cf6bbeb2f3ff67300b1d2dc0139,delivered,2018-02-26 11:29:03,2018-02-27 04:31:02,2018-02-27 19:55:32,2018-03-05 22:51:35,2018-03-16 00:00:00
2363f4be725c1746c141cfe7e8432910,5ced20bad39ba7915376770d8d933233,delivered,2017-01-26 18:33:10,2017-01-26 19:20:05,2017-01-27 15:24:41,2017-02-03 14:54:05,2017-03-08 00:00:00
c144b68c70e421786c9b664b23a13210,0f6ae9992fe5367634017e013374aee4,delivered,2018-07-03 12:56:03,2018-07-05 16:10:30,2018-07-06 07:24:00,2018-07-12 16:58:37,2018-07-27 00:00:00
687b6310118e5776dd599634c9dc51fc,3d5cd39f5aa33e0077c536f553f3038c,delivered,2018-01-05 16:53:04,2018-01-05 17:08:35,2018-01-08 19:19:24,2018-01-10 17:17:49,2018-01-26 00:00:00
e6c656a21310d32909eab8c157ccb639,f134e43f36bf18609624f3e587b3b328,delivered,2018-08-06 21:19:27,2018-08-06 21:30:30,2018-08-07 14:57:00,2018-08-14 15:42:51,2018-08-20 00:00:00
ec6285d8109f6fc29c8238ce52f20b47,3e362ee59665de4aac17202fc12e8788,delivered,2018-06-18 22:14:11,2018-06-18 22:37:10,2018-06-19 15:06:00,2018-06-29 18:41:31,2018-07-20 00:00:00
cbd400c51bb65a5b6b76f0d97a5a3547,bc6490c74448fdfce186eecf8cdbf50f,delivered,2018-03-29 21:39:51,2018-03-29 21:50:12,2018-04-02 21:38:50,2018-04-05 01:03:28,2018-04-11 00:00:00
440fd902b617080eeb9463a65ffae07a,e6c637d802f0845af423f47aa090b095,delivered,2018-01-18 00:19:41,2018-01-18 00:31:32,2018-01-25 16:39:01,2018-01-29 17:36:49,2018-02-09 00:00:00
f2e689a11a0a962aa271e7715b516ee2,37eb443380c8aba9174ef0dbe858fbe4,delivered,2018-08-06 20:19:36,2018-08-07 20:15:22,2018-08-08 13:43:00,2018-08-16 16:27:45,2018-08-31 00:00:00
35b6b206735a826adef009d685f69b16,e73f4aab3c918bbce64b1090c5802120,delivered,2018-03-05 19:53:08,2018-03-05 20:40:23,2018-03-09 00:35:23,2018-03-09 17:16:24,2018-03-15 00:00:00
c3ec01314640c6dbadbde5530b7f638e,86dc782593e50cf579660472db0c5a30,delivered,2017-06-06 19:49:09,2017-06-06 20:02:24,2017-06-07 12:11:13,2017-06-13 15:26:08,2017-07-03 00:00:00
0bece47d86c4c6000ca551001a15669d,cfd291abeecfeb65e06539b6fcf99b92,delivered,2017-10-11 11:04:43,2017-10-12 02:29:07,2017-10-13 18:56:35,2017-10-16 19:13:48,2017-10-24 00:00:00
a10ef4b2a1227735d11f3a48a5f5f4b5,9f1639a16ffd645e5dfe76a2794c037e,delivered,2018-08-18 09:52:35,2018-08-18 10:09:38,2018-08-21 13:04:00,2018-08-28 15:40:40,2018-09-05 00:00:00
4b011623f156eda7b6bf757d1a1cb78a,869e496dc7136ad068c0742cebe8ac46,delivered,2017-05-11 12:14:05,2017-05-12 02:45:21,2017-05-12 09:21:42,2017-05-15 19:37:29,2017-05-29 00:00:00
bf1884f9aca840a9b8738d4bef0945b0,d62f9d8739e6373565e73644f442f555,delivered,2018-08-02 12:54:36,2018-08-02 13:30:18,2018-08-03 07:55:00,2018-08-15 00:12:20,2018-08-07 00:00:00
064558d37369c187c5e1e37eb534ba4d,f8df2a75e0b9e1e6d0dcd77fa80010f5,delivered,2018-02-28 17:22:16,2018-03-01 17:15:46,2018-03-02 22:04:17,2018-03-06 21:47:39,2018-03-13 00:00:00
8e3944fa77034393e3a23b589af8e3ba,6fd3619d8a965e95354f90d106e9c08c,delivered,2017-10-16 23:38:27,2017-10-16 23:49:21,2017-10-19 18:03:33,2017-10-24 22:23:39,2017-11-01 00:00:00
ea33d2e32db7734d3c36091ea506493d,1d4e1d2283ec54d6b61c685d0f983374,delivered,2017-07-26 15:38:54,2017-07-26 15:50:17,2017-07-27 16:56:53,2017-07-28 18:35:46,2017-08-08 00:00:00
f6a14749cdfa97ee01f2fed27c0c8b3a,93efa40fb4ab15f038238252720a512a,delivered,2018-05-06 11:38:34,2018-05-06 11:50:29,2018-05-09 16:22:00,2018-05-15 23:17:42,2018-05-30 00:00:00
8691ef52aa97f8ba6d500780b5897e04,ce24092edd3791e3991bdabf0c09778f,delivered,2018-05-06 17:07:09,2018-05-07 09:13:53,2018-05-09 16:18:00,2018-05-18 10:22:54,2018-05-30 00:00:00
8681115ee9073763981721e9e4cadbe3,7e1485fc18aebbfb8dc5ec5008db0066,delivered,2018-02-27 22:02:41,2018-02-28 17:50:34,2018-03-01 20:58:53,2018-04-05 16:09:24,2018-03-19 00:00:00
19ad2d72d688eca2dc11bf19bc9ffcf2,de5d252d0ffeb5ded6a1bf99b6f7e443,delivered,2018-02-20 20:41:50,2018-02-20 20:55:52,2018-02-23 17:38:36,2018-03-03 16:04:27,2018-03-16 00:00:00
683eec123803850e3e35c40fb6d5dbf4,74ba954cb6ddb61646da9c8e94fc6477,delivered,2018-06-07 20:28:33,2018-06-08 07:54:32,2018-06-08 15:13:00,2018-06-14 23:29:41,2018-07-05 00:00:00
6e39e72b584a0a07924d364bf5f36941,92a3fbd12ae7c87def9b79895282af4d,delivered,2017-12-04 13:49:05,2017-12-04 16:47:39,2017-12-07 13:26:50,2017-12-20 13:42:32,2018-01-02 00:00:00
1ca3ed3e554cd5449cf32d2d7df42d1f,18536e4346f9ce92078c3ce96fb0cc79,delivered,2017-05-05 00:49:26,2017-05-06 02:23:03,2017-05-09 07:42:23,2017-05-16 06:07:58,2017-05-26 00:00:00
efc8b173642cd53d1dc2033b47dbe9f8,bbf257c74411e54169f2f91ce1b9aad9,delivered,2017-11-24 21:19:51,2017-11-24 23:59:45,2017-11-27 16:40:10,2017-12-21 21:42:04,2017-12-22 00:00:00
e3aabf962e916c57a335a4731d479c70,11b9d87705e14c4d101622c838fe9bbb,delivered,2017-12-01 13:58:41,2017-12-01 14:12:08,2017-12-02 12:17:35,2017-12-06 19:09:16,2017-12-19 00:00:00
4b4d5464625e478996dffcd761c4b9a2,b8ad74fa0f4c5b9fad84af6809c95105,delivered,2018-01-06 19:32:11,2018-01-06 19:46:37,2018-01-08 18:56:34,2018-01-11 19:38:56,2018-01-31 00:00:00
c3c21324197aea2e6d019d16a7cab5ef,b01464130e1c9d4bc0d5d018ccf34b0a,delivered,2017-10-24 18:43:25,2017-10-26 03:09:26,2017-10-26 19:37:08,2017-11-03 21:41:31,2017-11-21 00:00:00
0c67c33a0a66f1eb55919fb2e68a7a51,ab4d1e8f94270a845f887b71343b4814,delivered,2018-05-26 13:53:49,2018-05-26 14:18:24,2018-05-28 11:35:00,2018-06-05 16:08:47,2018-06-28 00:00:00
cf72398d0690f841271b695bbfda82d2,2b7fff075bda701552485ef3f0810257,delivered,2017-09-01 18:45:33,2017-09-13 22:04:39,2017-09-04 20:12:41,2017-09-11 14:15:02,2017-09-21 00:00:00
929d9422d03dbfb02de6876af6d57db9,d6a95b8b8fe7de0ae2610d32d1a43283,delivered,2018-02-09 10:22:15,2018-02-09 10:30:26,2018-02-09 23:13:00,2018-02-15 21:42:12,2018-02-23 00:00:00
572840084761674356f93543109c23c3,187cd3a0a52354dd3570a2957c753db5,delivered,2018-04-02 19:36:18,2018-04-02 19:48:19,2018-04-04 23:16:46,2018-04-05 15:28:50,2018-04-12 00:00:00
11433594967d07f9ed0b30827fd35385,50373f94972551a5992be3b0c536aef4,delivered,2018-04-20 15:36:47,2018-04-24 17:59:45,2018-04-23 19:12:56,2018-05-04 19:12:47,2018-05-18 00:00:00
e54493dea108e0cb48f3571e1249d418,446f3fb430933df5a26345961abf84a0,delivered,2017-02-07 16:47:27,2017-02-07 17:02:47,2017-02-09 07:25:55,2017-02-13 10:21:41,2017-03-06 00:00:00
5f7577cc4d04d08a6edae39a0b96e281,45d806ce5ead27ab0476dba78e3647f2,delivered,2017-08-04 17:14:16,2017-08-05 02:55:36,2017-08-08 13:33:51,2017-08-22 20:00:11,2017-08-29 00:00:00
bfda845524638cc2eb3e891b4f2ff603,d87b280bf2fbaf934442f9e05dfbfc94,delivered,2018-08-19 21:20:54,2018-08-20 13:15:34,2018-08-21 13:39:00,2018-08-28 23:54:40,2018-09-13 00:00:00
7978aa5d3192f689ad92bcb96ae2fef0,96ea9ef4efcf7c1f253d6203c56d88d2,delivered,2017-10-28 10:10:32,2017-10-28 10:26:16,2017-11-21 06:12:05,2017-12-09 16:09:04,2017-12-12 00:00:00
fe52ddd89601a213e982835b2e24e16f,89a9dfe145aa47ad5e572ed886e18ba6,delivered,2018-06-15 12:18:17,2018-06-18 15:56:50,2018-06-20 12:21:00,2018-07-03 20:38:49,2018-07-20 00:00:00
135cf1fc795c1f5d5bde462f3bc10c40,49728ab3ca97268c16b1bc1205212d04,shipped,2017-06-21 18:27:41,2017-06-21 19:31:56,2017-06-22 14:11:37,,2017-07-12 00:00:00
01c95de6d0852189b4d6b6d32a3c8e0c,12a9f04e1b2cad4b8f510168f31d5663,delivered,2017-08-03 23:13:48,2017-08-04 07:55:11,2017-08-07 12:52:11,2017-08-08 15:49:31,2017-08-16 00:00:00
0a10c45a73c3213a1499c3989973849b,7d8983250c2d0a3ee2e1deeb1bfd9523,delivered,2018-01-15 23:47:57,2018-01-17 03:35:27,2018-01-20 15:34:50,2018-01-23 19:55:53,2018-01-30 00:00:00
6a9c9e93c5bcd0e6b308ce42094a569f,9a17a2d857d5a38a7a959f5cd1d1d015,delivered,2017-12-21 13:25:14,2017-12-22 13:14:30,2017-12-27 18:04:45,2018-02-06 23:29:00,2018-01-31 00:00:00
a27942f622b629d0c6fcc5245689454e,2fee3bd742b24eac0910410fcb57085b,delivered,2018-05-01 20:30:54,2018-05-01 21:25:44,2018-05-02 14:15:00,2018-05-11 20:54:43,2018-06-01 00:00:00
77f479e3e239f3478fe743b319837eb5,a96c2c3cfaba640c3c396da506e3d8af,delivered,2018-01-30 10:32:19,2018-02-01 03:11:37,2018-02-02 01:43:55,2018-02-22 20:34:41,2018-03-05 00:00:00
4213713318b5b2f35bb219d5883c7de3,f33a2230f69e1e9b41921c41a56a964d,delivered,2017-12-16 09:01:56,2017-12-16 11:17:31,2017-12-18 19:33:27,2017-12-20 16:17:41,2018-01-05 00:00:00
cba45d3fa18d26bd7c6935fca4449feb,fd0cce75d1fde9e5c4a2fc87380efca2,delivered,2018-08-22 10:49:05,2018-08-22 11:04:38,2018-08-27 15:03:00,2018-08-28 20:43:43,2018-08-28 00:00:00
bbe56245f9be98b922ff6c35992ba2da,8d5de156173d208b9016b71852a670c3,delivered,2018-05-03 12:46:51,2018-05-03 13:11:48,2018-05-08 14:43:00,2018-05-11 16:39:59,2018-05-30 00:00:00
8840abe0158f5b148bae2172f8c24423,2a570033d6f9a2c38036de631298dd83,delivered,2018-07-17 16:08:37,2018-07-17 16:22:02,2018-07-19 13:36:00,2018-07-26 17:08:34,2018-08-02 00:00:00
a23f4025d60af6199b5eb5631b070e7f,c69a08ef1c07bde2bbcab44dce1bd0b6,delivered,2017-12-07 20:48:38,2017-12-09 16:31:19,2017-12-13 22:10:26,2017-12-22 13:52:15,2018-01-05 00:00:00
07b56b1c06dbdc14a4031c21261a7fec,956a8bb215a81b14bf7cf65d68d3c45a,delivered,2017-04-12 10:59:59,2017-04-12 11:15:15,2017-04-12 11:55:24,2017-04-28 08:13:35,2017-05-11 00:00:00
9010d348aa74847c4c49baf5e87c15ce,96d47208c2a4e444d386719140a0754e,delivered,2017-03-24 18:06:31,2017-03-24 18:23:09,2017-03-25 09:32:01,2017-04-04 15:06:13,2017-04-19 00:00:00
1f5d62970c5b3cfedc1b2a8d15ffe40d,0cd8afa06f9985eabdce1fc7b25c7de0,shipped,2017-01-25 09:21:45,2017-01-25 09:35:10,2017-01-25 17:10:19,,2017-02-23 00:00:00
4fee0b89c704a8bb6a4431a63025b6da,29a76ce04ca2385854757fd2c16facc7,delivered,2017-11-21 07:34:00,2017-11-21 07:53:32,2017-11-24 23:12:08,2017-12-06 18:18:54,2017-12-08 00:00:00
0f43f4cfe3c1717621349b811d2a85c1,640cb653663933010fbc3afad1e2fca0,delivered,2017-12-05 17:45:33,2017-12-07 03:16:06,2017-12-07 18:49:04,2017-12-11 16:42:25,2017-12-26 00:00:00
62ff6bca8b763c877dbbacc1d0230482,77359c721d0e91869ab2a4d2d963e89a,delivered,2017-06-13 23:51:50,2017-06-14 00:57:31,2017-06-16 06:12:06,2017-06-26 12:16:30,2017-07-19 00:00:00
045806c8806bca9909e23a1a79cfdd0c,fa7ff73c5d702b41dd2f88e18484a275,delivered,2017-12-10 20:49:32,2017-12-12 20:52:21,2017-12-18 22:18:59,2017-12-27 18:39:04,2018-01-04 00:00:00
0081ce648af7d6a7bac2a93b6035d1e3,21fac8ff24f5231ff8f105323fea28a7,delivered,2017-11-08 13:38:11,2017-11-09 05:31:39,2017-11-10 18:28:35,2017-11-22 19:33:00,2017-12-01 00:00:00
58911a5b99a60d9f2f64485528c69a84,b9db2ddfd2fb31580adadd54d2589d9d,delivered,2017-05-29 21:30:28,2017-05-29 21:45:09,2017-05-30 10:29:20,2017-06-05 23:43:58,2017-06-21 00:00:00
9d57c2295efd51a11106d2d8175c676a,09fb0a39eda61227d0a8c0627a01b9e9,delivered,2018-02-25 10:07:24,2018-02-25 10:28:47,2018-02-27 23:34:50,2018-04-10 13:38:30,2018-03-21 00:00:00
847bbf8a16e79d8128e4fc5f7554d919,aa22c58b4ed191ded6f3a6c1661a6a12,delivered,2017-12-05 16:24:20,2017-12-05 16:44:03,2017-12-12 19:55:45,2017-12-27 21:48:05,2018-01-10 00:00:00
482c052df6392e43296eba90754938fc,4aeab499f910ba9d5d5c8ae745546b7e,delivered,2017-03-23 22:45:46,2017-03-25 02:33:46,2017-03-28 12:28:16,2017-04-04 15:10:42,2017-04-12 00:00:00
09519116d7d66f8a0ed5c02048573c7d,7ff8e942a84a6cac114e1ef9c331242f,delivered,2018-04-05 22:47:52,2018-04-05 23:08:46,2018-04-07 01:42:37,2018-04-23 22:44:59,2018-05-10 00:00:00
673242a6057d4287cb24379d405cf5ac,0d7da1d5507a67dbb512b53744e775e9,delivered,2017-07-15 14:31:13,2017-07-15 14:43:29,2017-07-18 20:12:44,2017-07-28 18:32:36,2017-08-10 00:00:00
18c7a26dfefa3c4686770ca98c0819fb,7cd5270ebafd25ed42d608a9b2620eda,delivered,2018-02-01 22:36:16,2018-02-01 22:51:44,2018-02-08 18:09:32,2018-02-21 19:49:10,2018-03-02 00:00:00
20d442f17678c469edd1e02cd7da5e13,03dd937b72927cac2c5915a1b41fe012,delivered,2017-09-11 09:06:15,2017-09-11 09:24:06,2017-09-11 21:05:45,2017-09-15 20:37:43,2017-09-27 00:00:00
3bb7e15f832b43684ecf3640069145d2,efd8fc506b3614e1912ea2b6a5a50f47,delivered,2018-05-30 20:23:23,2018-05-31 03:36:12,2018-06-01 11:53:00,2018-06-06 19:58:37,2018-07-04 00:00:00
46b822b7e203850a10e485ed02abf2bb,2918c7b5c1e83c25f8d09760067a86ed,delivered,2018-08-02 18:09:55,2018-08-02 18:43:50,2018-08-10 15:46:00,2018-08-17 16:18:33,2018-08-21 00:00:00
d4ca24b86fdfe3b7d4d13f19974a2bce,d2c7c004e3bbc345edc9fea32d4d26c3,shipped,2017-07-11 21:06:53,2017-07-11 21:43:51,2017-07-18 12:42:41,,2017-08-02 00:00:00
3f7fd60d67674509240c45196f94cf0f,897e0d6c102b10089d7bb1a0f0b95e4b,delivered,2017-07-05 16:47:04,2017-07-06 16:03:55,2017-07-12 18:43:53,2017-07-13 18:32:38,2017-07-26 00:00:00
beb460eb01804a14aaee60f14c3247b5,f018c56ce8780824e560b3d4ce8486ac,delivered,2017-08-13 23:10:30,2017-08-13 23:25:12,2017-08-15 15:52:32,2017-08-21 21:04:08,2017-09-06 00:00:00
db0d1ecbd182db92c44e389118dbcbe7,a181d9739990ed390d7d9ab2565f93d1,delivered,2018-05-05 21:59:28,2018-05-08 04:15:41,2018-05-09 14:59:00,2018-05-22 21:52:37,2018-05-30 00:00:00
9ea091924b1229de50a0ab7dc63a797c,a25efea1e7000292dffe878497337430,delivered,2018-05-16 19:15:55,2018-05-16 19:37:00,2018-05-17 14:02:00,2018-05-18 16:31:37,2018-05-28 00:00:00
b5a38afc36fef9a2e97d2c96be884aea,117cc0a31fd289de32c16f4dc9bd5c04,delivered,2018-01-16 17:38:43,2018-01-18 02:12:55,2018-01-18 19:07:00,2018-02-02 19:42:17,2018-02-16 00:00:00
c63edca63dd5dca1b64cdb6576c9de37,9b38e97d68d9f6fb2f77f43e8645ccb1,delivered,2018-05-01 21:22:29,2018-05-03 04:13:07,2018-05-03 13:09:00,2018-05-09 18:21:56,2018-05-30 00:00:00
dd38e720f0dd8329b600d6395eb9a4df,3dea99f007f9b9a745a354fe201bf0e1,delivered,2018-06-22 11:10:34,2018-06-23 02:20:17,2018-06-25 12:59:00,2018-06-29 15:12:34,2018-07-25 00:00:00
40a9143b2c41f667d625190a5a1bf79d,050ad1d637ed92ecd404ce115736e73a,delivered,2018-08-19 14:51:31,2018-08-20 12:11:23,2018-08-21 14:00:00,2018-08-29 22:52:26,2018-09-04 00:00:00
d02bd10feab6b4f3bb9b00496ac5da1b,82259ff3376efc103845f4f1568e910e,delivered,2018-01-02 08:00:03,2018-01-02 08:17:14,2018-01-02 16:03:03,2018-01-04 19:44:45,2018-01-18 00:00:00
90c4d2e0d4fb3de2f573adb5140483e2,da537c09c693dc186a48a5fd18b448f8,delivered,2017-11-20 12:48:40,2017-11-20 13:08:20,2017-11-21 13:05:21,2017-11-28 11:44:57,2017-12-15 00:00:00
f71c2b6a8ea453e4e3f2d0e7c3691f5a,d9d8edcc72abf5000061a707eb7aac2d,delivered,2018-02-15 14:10:04,2018-02-15 14:27:17,2018-02-23 14:03:45,2018-03-12 17:33:17,2018-03-19 00:00:00
c5bdb2a2ef0973dbacf33ad45e0fd91f,9291e7976c7aa457a9fa441a5ca9d48d,delivered,2018-01-11 15:47:43,2018-01-11 15:57:25,2018-01-17 17:09:06,2018-01-23 19:35:03,2018-02-05 00:00:00
17e20d649f47e02e332aed60d2937038,5bcd10001c0ff75adb138f94243d3883,delivered,2017-06-06 19:37:25,2017-06-07 19:42:06,2017-06-12 11:13:21,2017-06-19 19:06:38,2017-06-27 00:00:00
dbc3ca1d6537663640e36dc83a097a68,37d273154d2b2213fb174d4ac3ba3afb,delivered,2017-06-01 13:23:40,2017-06-01 13:35:16,2017-06-02 13:41:33,2017-06-08 14:28:54,2017-06-22 00:00:00
ce6d150fb29ada17d2082f4847107665,d8acb46c718975948423dbf1b603b959,delivered,2018-01-25 11:17:02,2018-01-27 12:35:38,2018-01-29 18:32:40,2018-02-21 17:38:51,2018-03-08 00:00:00
c91819424b628993175c3629a8b4fdd6,68d0a58b2129554460a7b477ec8735e6,delivered,2017-07-07 16:46:44,2017-07-07 17:03:33,2017-07-12 18:48:01,2017-07-17 20:52:03,2017-07-27 00:00:00
06dc4c865466794eb744032dc81b2c3f,91fa40257e77a974dc662e0012ae90c4,delivered,2017-04-24 00:15:05,2017-04-25 07:56:14,2017-04-27 15:48:11,2017-05-04 16:11:52,2017-05-15 00:00:00
9f721c43752081baa0310ad5660e6033,6ca6a0afbb8df6facef50d4b7e5ee63c,delivered,2017-08-30 09:42:17,2017-08-31 09:50:15,2017-08-31 19:33:51,2017-09-06 21:34:02,2017-09-20 00:00:00
d7c09edf772a5c105d8ce1aaf0dde8cc,a1cb01f81d6e4aecf00bdd53b74ed3d2,delivered,2018-01-31 15:48:07,2018-01-31 15:55:48,2018-02-01 18:51:14,2018-02-02 19:51:52,2018-02-19 00:00:00
cbe1915d69c3828d0f5ab98b44fb8a99,99f0dabccfd9f65e7e791cb5387b56e9,delivered,2017-06-10 17:21:14,2017-06-10 17:35:07,2017-06-14 16:13:02,2017-06-24 09:37:21,2017-07-05 00:00:00
adcd0c83cc5c1885f8dfcf0f9db19481,4a4df909c2ef2c499e5be7d87d6349b6,delivered,2017-12-20 19:10:19,2017-12-20 19:30:26,2017-12-21 22:15:27,2018-01-03 18:13:28,2018-01-15 00:00:00
95549a3370d5fe86da9749cae8d5aa45,591056a6022efa0e68acb35c04aa2c2e,delivered,2018-08-11 18:37:26,2018-08-11 18:50:21,2018-08-13 06:13:00,2018-08-17 13:22:00,2018-08-27 00:00:00
44d9570957b8244670f565604344b98e,2b139a6842a26c3576fc0f5c940e1617,delivered,2018-07-14 14:55:43,2018-07-14 15:05:13,2018-08-01 13:10:00,2018-08-08 14:40:42,2018-08-13 00:00:00
4e4d84946730b8c3c319823ff039112c,7af94381749d6b8894bf335e62875505,delivered,2017-11-11 21:54:42,2017-11-14 03:55:37,2017-11-17 18:56:02,2017-11-27 16:43:03,2017-12-04 00:00:00
41ccd400a8ae7bb976125bc6c3053f77,fb31ed397fa5c984ed2b93ddf8d57701,delivered,2018-06-11 11:16:56,2018-06-11 11:40:10,2018-06-14 10:56:00,2018-07-03 22:08:37,2018-07-11 00:00:00
1f87ac3f856bae9e742538bc551bdf5b,2c32dba7a49f14ff6c477b91e8a7fb06,delivered,2017-10-27 12:38:18,2017-10-28 12:50:11,2017-11-10 00:06:49,2017-11-11 12:57:46,2017-11-13 00:00:00
eb909cbbd3171dfb60b6827c2b431309,8005f7ee9e4e94db8a679ef78edd9b7c,delivered,2018-06-03 18:54:53,2018-06-05 04:15:15,2018-06-05 15:33:00,2018-06-14 22:52:31,2018-07-12 00:00:00
d74d166d79f774ff367bfa387478155d,caef58b80b4d10cb35a11de8747584cb,delivered,2018-01-16 12:38:53,2018-01-16 12:52:47,2018-01-16 21:59:08,2018-01-19 20:11:51,2018-02-07 00:00:00
f9fcece01e53f6127dfe56deebac3329,5fd6b9027602772efd65c36c7caaa790,delivered,2018-06-05 15:29:48,2018-06-05 15:48:55,2018-06-06 15:02:00,2018-06-14 13:47:43,2018-07-26 00:00:00
5f766dfc65eff86be5b3015dbce0e2c6,f018b0b1208c22cf006962995d3caca8,delivered,2018-04-14 18:20:05,2018-04-14 18:31:18,2018-04-17 17:22:01,2018-04-24 01:04:53,2018-05-21 00:00:00
d31ccf5695e6ca12b39b5b1f2eb7f6a6,de74037ebc271b8781a9b7d703924ac3,delivered,2017-09-06 19:21:53,2017-09-06 20:00:39,2017-09-15 19:16:53,2017-09-26 15:27:48,2017-10-02 00:00:00
51cd5fcee08447be92f8eb9852235f45,18c3721ff948a8dfe377499f048a7bf5,delivered,2018-03-12 19:24:17,2018-03-12 19:35:38,2018-03-19 14:12:38,2018-03-26 23:18:01,2018-03-28 00:00:00
594ede9623d6ce9f955be5b0fd0f0baa,ec79f2106aae0f5720cc62400e567cbf,delivered,2018-01-15 14:21:22,2018-01-15 14:30:00,2018-01-17 02:45:02,2018-01-29 19:59:12,2018-01-31 00:00:00
845ac06e0873e12e221a7f8a5ad06477,0215ccbc95aee7344ac14c2bacf19d12,delivered,2018-03-02 14:42:43,2018-03-02 15:12:15,2018-03-06 17:59:01,2018-04-02 15:48:56,2018-03-23 00:00:00
7788769c8b180355458e5f838cc88e0e,779374a01158826a2cb8afa40ad327be,delivered,2018-06-05 21:56:09,2018-06-05 22:11:40,2018-06-06 15:28:00,2018-06-11 15:11:58,2018-07-16 00:00:00
f4bfb8dea9ecdb8ecff6f92691e8f45d,cd3cb8b79efc46cb1b80408d83834df1,delivered,2017-11-18 14:53:42,2017-11-18 15:15:25,2017-11-20 20:28:06,2017-11-24 19:36:54,2017-12-11 00:00:00
18a8340e8091e1cec53fad4f26e66a4f,b039caf6bb49c12d8794280c0e25cbd7,delivered,2018-08-02 12:07:03,2018-08-02 13:05:15,2018-08-09 12:42:00,2018-08-13 22:44:58,2018-08-14 00:00:00
a279303ffd9d8c583d887dbf8f5666b1,cefd7308cec89db955a4f0521d269f54,delivered,2018-02-26 16:30:54,2018-02-27 20:55:57,2018-03-01 19:49:06,2018-04-04 23:34:25,2018-03-23 00:00:00
20cfab9d640f9a76956b6a8ff459ee78,366b6bad3f0e22ec09924b4ec6217229,delivered,2018-02-01 18:31:00,2018-02-03 02:53:59,2018-02-06 18:38:50,2018-02-14 15:14:01,2018-03-05 00:00:00
ed0edd95111e6009c09c7bfc31be1e26,196a808de4f5e6cb35825efc47342a2c,delivered,2017-08-26 10:58:21,2017-08-26 11:10:19,2017-08-28 20:16:59,2017-09-01 18:47:00,2017-09-14 00:00:00
9b60f439beee2ca1fceaefc864222934,51dbae98361245927ba58cec4da1e66b,delivered,2017-08-18 03:25:34,2017-08-18 03:35:17,2017-08-18 19:25:43,2017-08-25 18:05:03,2017-09-08 00:00:00
64a34bd8faf1ed47e5d3fa8627431a3a,629be91302eb3245f142822c647712e2,delivered,2017-12-13 16:45:26,2017-12-13 16:53:24,2017-12-20 16:39:54,2018-01-04 18:20:29,2018-01-22 00:00:00
305c64156d718f215d3d7cdc8be8b39c,f5592494798503e1d31c80b43b00a62e,delivered,2018-04-24 10:58:24,2018-04-25 10:55:25,2018-04-26 15:23:00,2018-05-03 20:19:14,2018-05-29 00:00:00
3e084693979a8a6e556cf26d97e542fe,5d70f3f064b3f91857f03e8df646cfa5,delivered,2018-02-28 09:01:54,2018-02-28 10:11:28,2018-03-08 22:38:27,2018-03-19 13:42:51,2018-03-20 00:00:00
03a038679f94b33ae1fe8503c4e30203,ee8a924a530d3ed514d505a0d7324a4c,delivered,2017-11-17 19:49:49,2017-11-17 20:50:32,2017-11-20 20:34:30,2017-11-25 13:28:55,2017-12-06 00:00:00
70498ad5af42884a122355352f008c14,10e212c9f60b48ec641783c64c05b87b,delivered,2017-10-20 14:22:01,2017-10-20 14:35:16,2017-10-20 20:29:29,2017-11-06 21:24:42,2017-11-09 00:00:00
5b249d0d2a393d918ffae8d9de5dfb4c,15d6c1a012c2cdb6bb4d8e161bf4c855,delivered,2017-09-09 12:49:12,2017-09-09 13:05:09,2017-09-11 19:13:40,2017-09-25 18:52:10,2017-10-11 00:00:00
f85fb1941bed505cf25dd03fb4fc27b1,317dc9bbcfc6353ff09d5468ee56c91d,delivered,2018-08-11 19:56:49,2018-08-14 05:35:14,2018-08-21 19:40:00,2018-08-23 20:39:49,2018-08-31 00:00:00
50be1d483c83bc791be7bad19a5b2cfe,857a78938d4eadcbc110a9123dea490e,delivered,2017-02-14 10:44:33,2017-02-14 10:55:10,2017-02-14 11:14:22,2017-02-24 04:05:00,2017-03-15 00:00:00
0fdf3166230480d0c55e5d70a2da40c2,5d0c9457c263e1d0fa562f42e6d92f79,delivered,2018-01-26 18:43:05,2018-01-26 18:52:06,2018-02-01 20:04:08,2018-02-05 19:34:23,2018-03-05 00:00:00
48bdee388e83753abcdc2bb0c2e99ed0,c86225a2b8ddbcfa34725730f49ecf63,delivered,2018-04-22 21:42:37,2018-04-24 18:40:50,2018-04-24 22:37:28,2018-05-04 14:38:42,2018-05-23 00:00:00
45494452d88e4597bc50ae8584a54eef,4293a500bd3509394b698c1cee625695,delivered,2018-08-25 15:12:12,2018-08-26 15:10:10,2018-08-27 15:23:00,2018-08-29 22:22:37,2018-09-13 00:00:00
d0988bd14ea2e2c69217c3f0fe979c4e,44045468280808494791ffdb0df2d431,delivered,2018-03-04 22:17:47,2018-03-04 22:30:41,2018-03-05 23:35:35,2018-03-14 21:41:42,2018-03-21 00:00:00
d1703ba698d30bb04a48f0238c79c066,22b1ad8cd3406eff0192a04e1dc04e03,delivered,2018-01-18 01:14:50,2018-01-18 01:30:49,2018-01-19 01:58:54,2018-02-14 14:38:53,2018-02-15 00:00:00
e44dadf7087dc1b6f41e614db2362e05,7fdc2eaa95af7ee23782559451286547,delivered,2017-05-21 11:56:58,2017-05-21 12:15:39,2017-05-24 09:21:16,2017-06-05 16:24:50,2017-06-26 00:00:00
7eebf0a4be5859d04ca7da2ce039c044,0fd46c0cebabebbd5aeac39506cfe54c,delivered,2017-03-08 16:52:50,2017-03-08 16:52:50,2017-03-09 09:12:09,2017-03-21 18:39:02,2017-04-04 00:00:00
fc8c45d48a8d811ac01a5422e8cd9409,7fe2219b53a36a3ee066dd8fd13f2386,delivered,2018-01-18 18:22:22,2018-01-18 18:33:49,2018-01-19 18:22:13,2018-02-05 17:14:53,2018-02-14 00:00:00
001e7cf2ad6bef3ade12ebc56ceaf0f3,d1684ed69f8fd574b7c344de923f379a,delivered,2018-05-19 10:29:23,2018-05-19 10:59:50,2018-05-21 14:34:00,2018-06-04 18:08:23,2018-06-05 00:00:00
af267dd4b62acc26802a30eef78e7afb,39794e843253693e05251852876efc86,delivered,2018-06-13 11:40:00,2018-06-13 13:01:02,2018-06-13 15:12:00,2018-06-20 15:52:30,2018-07-25 00:00:00
cc4575ec6755d4f1d79ddd2f12b80b12,6e2c5c85fc9a79df79ed81223f74509a,delivered,2018-05-07 20:42:38,2018-05-07 20:55:30,2018-05-14 10:35:00,2018-06-02 10:06:23,2018-06-18 00:00:00
a6e164bcfe0ced3f1ce18e4c42202820,e0bd331052497cce876b637b6870f40e,delivered,2017-11-01 15:25:12,2017-11-01 16:31:05,2017-11-03 22:10:39,2017-11-09 18:31:39,2017-11-27 00:00:00
f2d961677bd1056db59d7beb47787e21,9ce4730c10d4cc17b1e32b5aa02ed56a,delivered,2018-08-08 15:30:51,2018-08-08 15:45:11,2018-08-09 11:59:00,2018-08-10 19:21:49,2018-08-16 00:00:00
c9bfc156368eb14aae98ebff0ee377da,ec8456833b489a30a289b163c2b296c7,delivered,2018-05-20 19:05:48,2018-05-22 08:16:14,2018-05-24 07:06:00,2018-06-05 19:38:47,2018-06-08 00:00:00
c124b224a2727ecb4e7c9a378a936d0d,257014a0267d8925a6084a6663ed056f,delivered,2018-08-03 15:43:19,2018-08-03 16:04:13,2018-08-07 08:43:00,2018-08-15 22:52:57,2018-08-29 00:00:00
e90eebea41d76d0c1dbc1253391ca5d3,99b3b3709b00a7b817833b1be4ff0729,delivered,2018-03-27 16:41:35,2018-03-27 16:55:20,2018-03-28 17:36:37,2018-03-31 17:44:27,2018-04-13 00:00:00
331d7364022bbc3e86770568b39e7683,48c7a67e456b520e7f307887187458f4,delivered,2017-06-11 10:32:14,2017-06-11 10:42:38,2017-06-14 14:14:30,2017-06-26 15:57:30,2017-07-05 00:00:00
a4d9bb727014ddee359b4bdd5c9791e7,aed96da3ee455d1f6663d8eb27989887,delivered,2018-03-08 10:47:40,2018-03-09 02:31:29,2018-03-09 17:11:32,2018-03-20 17:03:29,2018-03-27 00:00:00
ce7c7e5c6b73492e11c8155ed626416d,be42f75f109a91a62d487847c82d7eaa,delivered,2018-05-17 14:22:23,2018-05-18 00:37:32,2018-05-18 13:59:00,2018-06-06 12:55:12,2018-06-08 00:00:00
a3870b955884ebd4ac62ddb02b2ff255,d1aeaf4af6e5fba532e16458013a1b56,shipped,2018-06-26 15:19:32,2018-06-26 15:36:26,2018-06-27 11:05:00,,2018-07-24 00:00:00
d2ce3fa6247aeec43a75906e36600045,abd7ad911ae4873b985373889e5ba60a,delivered,2018-02-28 22:21:37,2018-02-28 22:30:45,2018-03-01 18:57:19,2018-03-09 23:56:54,2018-03-22 00:00:00
7f81d8bccb5531846cd177fd590ab260,312ec22f9f8df7a4d0d911a806e2357a,delivered,2018-07-11 19:46:18,2018-07-13 15:25:23,2018-07-23 15:07:00,2018-07-24 14:58:57,2018-07-27 00:00:00
6990a3eca014dfc85d026ccb49b4a9da,77966b1f338d75236f8405b71cacfa36,delivered,2017-05-22 11:08:57,2017-05-24 03:10:25,2017-05-24 10:45:00,2017-06-06 17:28:51,2017-06-13 00:00:00
9b3c2b8781519d1fe7fe363c5a0e573f,7b6b52357ea318f79f31e816bb6a98e9,delivered,2018-02-05 09:24:21,2018-02-05 09:35:29,2018-02-05 22:44:57,2018-02-21 20:25:58,2018-03-01 00:00:00
1ea9b7f6873a48576305dc42fae0e3da,b8c0da58ebf21a0ab35a3df2033adbcf,delivered,2017-05-22 12:27:46,2017-05-22 13:10:14,2017-05-23 05:55:38,2017-05-25 18:39:25,2017-06-02 00:00:00
2fb37826cdb8f506242e4dabb544e516,0cbe168a97e6c609efc3b68817fcc92f,delivered,2018-05-23 20:01:45,2018-05-24 17:36:41,2018-05-29 10:32:00,2018-06-04 22:38:32,2018-06-29 00:00:00
56b50d57e6b735968a48a170b8364893,b0964d76975dbc174b623b5a300973d5,delivered,2017-02-08 16:06:47,2017-02-09 02:55:45,2017-02-09 10:52:15,2017-02-21 17:08:42,2017-03-09 00:00:00
0675116b5556a78cf0413f70aa9f235e,9e2d9c6000d88cd4b51ab4dc2bc58ef9,delivered,2017-01-19 15:21:44,2017-01-19 15:30:17,2017-01-23 11:06:32,2017-01-26 16:52:29,2017-03-01 00:00:00
0cabc61e5deb17c32904e1b512204efd,13a094bf5c41e311945e058c7a2d8ef8,delivered,2017-07-02 12:01:17,2017-07-02 12:15:11,2017-07-04 15:32:43,2017-07-12 17:33:25,2017-07-25 00:00:00
93e66102f38a99ee0f9f24af6d0ce1d8,2decf78a79d783fb2baaede413ff35ab,delivered,2017-07-19 17:46:36,2017-07-19 18:03:30,2017-07-26 10:27:49,2017-08-04 15:29:16,2017-08-18 00:00:00
1e9c5ca232e1cdb290cb11b20d668c50,01980baf1c23e7437caf43ce20455d0d,shipped,2018-03-07 08:44:41,2018-03-07 08:55:48,2018-03-07 20:59:00,,2018-05-02 00:00:00
3180196d4f287c726e7ba95da8f56ebe,29094bc1b31756d584d3c3bb60e5db45,delivered,2017-09-05 21:30:59,2017-09-05 21:45:23,2017-09-06 20:48:31,2017-09-11 17:50:05,2017-09-22 00:00:00
30c47a84e4f1b12042a90134ab4640ad,240c1930c9d4769e7c3f8560e3d30bd1,delivered,2017-10-09 14:35:36,2017-10-09 14:47:27,2017-10-10 16:50:14,2017-10-17 14:49:01,2017-10-27 00:00:00
8db9d36f54086daa6e0757d6806cca07,38188778b0e63530364a79357c9703d6,delivered,2018-08-09 23:21:52,2018-08-09 23:35:11,2018-08-14 16:56:00,2018-08-22 16:24:25,2018-08-23 00:00:00
d77c5cb217e302146127b857e56ee27e,4de333800b45cf46559cc1966187a9d8,delivered,2017-04-09 13:59:57,2017-04-11 03:45:27,2017-04-12 10:26:04,2017-05-04 13:28:09,2017-05-23 00:00:00
9936b936a209fc553fd0d3790ea06978,8d4de376aaa31c5bb9a6c342708def1f,delivered,2018-08-05 14:20:40,2018-08-05 14:35:18,2018-08-09 07:20:00,2018-08-15 17:52:48,2018-08-21 00:00:00
a6d23aa5f1190c09129345b363de8e37,987195b161f45601493edb92ba2c831e,delivered,2018-04-10 17:34:43,2018-04-10 17:51:59,2018-04-11 22:38:43,2018-05-04 19:52:04,2018-05-16 00:00:00
824f7b83ad5c2c56384f4e6e8a8f2750,524ceccdf42a368fa7f770ebb76b902b,delivered,2017-11-10 09:49:49,2017-11-11 03:10:33,2017-11-14 22:06:03,2017-11-16 19:28:53,2017-11-24 00:00:00
4afc8ef1eb3b8f88a3b495823546ee02,30066327c824070883a9f955c6370033,delivered,2017-05-17 12:24:04,2017-05-19 02:24:19,2017-05-19 10:44:55,2017-05-24 08:41:30,2017-06-06 00:00:00
b7ef6e87085339d9ef7be05148b8ea74,1e09987320988d8b3261d401a5d2c2f8,delivered,2017-12-04 20:17:01,2017-12-04 20:35:11,2017-12-07 12:42:09,2017-12-09 15:28:27,2018-01-16 00:00:00
c6d1a5c57fad5bad0bbd84e39faa1d3d,7f1ade3c78f6fa7c27d75391359d5c39,delivered,2018-02-06 18:19:58,2018-02-08 07:55:33,2018-02-09 22:13:03,2018-02-17 11:23:31,2018-03-02 00:00:00
7fe6658f268e76d4af99ffc4e5d47541,188ce20a1f8d94228fb9aef6c25aad13,delivered,2018-04-13 21:50:49,2018-04-13 22:12:33,2018-04-16 17:23:35,2018-04-18 17:03:18,2018-05-07 00:00:00
450c4a4d9a4f339a59165241cfe113db,5d990cc9859982a2e6fd7e0da5c1134e,delivered,2018-07-09 11:39:27,2018-07-09 11:50:13,2018-07-10 14:35:00,2018-07-11 21:25:42,2018-07-20 00:00:00
483ad8e78dc16136316aded1f0602031,578caaf393f2b39426846f3b87066cb6,delivered,2018-01-22 21:16:20,2018-01-23 03:36:49,2018-02-19 15:24:50,2018-02-21 00:47:48,2018-02-23 00:00:00
fd6271b5137f0a12cac31ef41cbef0a2,85968af43705828acf7ef9fc0a61d1b3,delivered,2018-01-31 11:33:30,2018-01-31 14:23:51,2018-02-03 00:38:29,2018-02-09 17:49:54,2018-03-08 00:00:00
17aafa6538c13ff8fc19c1a54fefedf1,4d588fa9f415b28b57f7792812542da6,delivered,2018-06-07 15:59:31,2018-06-09 03:13:31,2018-06-19 15:12:00,2018-06-21 18:36:39,2018-06-18 00:00:00
ade94781f2b769ed36a08beb7085c82e,b7c96a69834d24b05005de5827a81246,delivered,2017-04-08 21:27:58,2017-04-08 21:42:24,2017-04-10 14:59:45,2017-04-20 11:11:13,2017-05-15 00:00:00
055e4873984d5da3b7d65dc86a3c4149,f4ba748d8b07e14ec640572f6f368e47,delivered,2017-11-20 12:47:41,2017-11-22 02:46:55,2017-11-23 18:22:58,2017-12-02 00:29:13,2017-12-11 00:00:00
acfa87544c19d596707d25cf2f7dab61,d5feeb223000c4c6dfdb7219b681e1d4,canceled,2018-08-17 00:55:54,2018-08-18 00:50:11,,,2018-08-22 00:00:00
231f7e18395c045198f74f63e3cad304,08e4aec0cb39467c0d89548c9e44e28b,delivered,2017-06-30 11:03:46,2017-07-04 04:45:10,2017-07-05 09:55:36,2017-07-06 15:53:32,2017-07-17 00:00:00
7570e5e9db9baf79a9d7d6df7bfbda19,11421a5d8282871dea01884e642d35fe,delivered,2017-11-28 14:42:38,2017-11-28 15:06:56,2017-11-30 00:16:49,2017-12-06 23:28:43,2017-12-21 00:00:00
161bd443fa0e2430261331e72cd6e166,b6a3374282d47f94690d08d2bd8a8b29,delivered,2018-03-16 14:40:05,2018-03-16 14:55:22,2018-03-19 16:41:42,2018-03-20 17:37:01,2018-03-28 00:00:00
e95da0c5222e85d118b3d1d3c7dba675,aea4269cb4936c3d89d77ca8407c2635,delivered,2017-11-06 07:59:11,2017-11-08 03:55:31,2017-11-08 15:57:39,2017-11-16 23:06:55,2017-11-28 00:00:00
151a3f0bc95fa85152c33fb906012832,7c911ec6b24c9a7080141f46e130a885,delivered,2017-11-29 12:33:35,2017-11-29 12:42:46,2017-11-29 21:37:50,2017-12-26 22:23:41,2017-12-22 00:00:00
0487b902149eab8ec30e844142ee3e3a,817bf570282659feeeea95bd68a6ce1d,delivered,2017-11-13 18:09:53,2017-11-13 18:30:41,2017-11-14 16:49:01,2017-11-17 18:12:35,2017-11-28 00:00:00
f41b9d67732ba2f147a193ec9d38fd69,9c04d2b53c321f9cdcc997ac84a7f7d9,delivered,2018-03-09 14:53:56,2018-03-09 15:10:49,2018-03-12 14:45:22,2018-03-14 17:21:03,2018-03-21 00:00:00
6cac054c444c98466bfa9af759df2f8a,8e1897b5129168a9f7c4ea4d3cc5f4ea,delivered,2018-07-03 09:49:30,2018-07-05 16:13:01,2018-07-05 12:26:00,2018-07-10 19:34:17,2018-08-01 00:00:00
617feb6ceb857d95ee0250e05f43e70e,6429359a6ecee86690028cf416a3b789,delivered,2017-07-17 21:36:30,2017-07-17 21:50:11,2017-07-20 17:09:26,2017-07-28 15:49:36,2017-08-14 00:00:00
05d4aa8f649013fe68b769fa43ba7646,aea3aff1832af58932ad32617b3333fa,delivered,2017-10-28 19:50:19,2017-10-31 04:06:39,2017-11-03 16:53:08,2017-11-04 13:22:17,2017-11-10 00:00:00
abf477397730e4da1404a016e901f543,c660c3abf6e4e1ad138d2118b7e442a0,delivered,2017-09-20 22:05:03,2017-09-20 22:15:20,2017-09-22 19:08:48,2017-09-29 19:59:47,2017-10-23 00:00:00
6c32bbf8f06e00eccc363629a0ec6383,83375fbd35401ea072dae5c4840878c7,delivered,2018-06-12 10:01:16,2018-06-12 10:21:23,2018-06-15 14:52:00,2018-06-18 19:26:22,2018-06-26 00:00:00
de5c6352db0b15363de90c22e79d322c,a85e53d95fcc45c8f0c1c8cc3e3995fd,delivered,2018-02-04 17:38:12,2018-02-04 17:50:26,2018-02-06 02:56:50,2018-02-06 17:04:29,2018-02-21 00:00:00
6181e544115300a8f280b66fb5867454,cf55b6d59f4f02472ed800305c7396d5,delivered,2017-10-01 15:13:39,2017-10-01 15:21:22,2017-10-04 19:36:43,2017-10-16 16:12:26,2017-10-31 00:00:00
c465c2b9e4a0112eb7f91383d2386390,a80e463f3d9852c7d74474ef9f1ded02,delivered,2017-12-27 16:13:33,2017-12-28 02:37:30,2018-01-03 21:19:20,2018-01-06 13:05:26,2018-01-22 00:00:00
016e4acfc34b9f2abc69795f47c92f0e,ab53dab22635ae74adb0baa0689afcc0,delivered,2017-09-15 13:53:55,2017-09-15 14:10:19,2017-09-15 20:02:46,2017-09-18 21:40:44,2017-09-27 00:00:00
fa4ab8250c20f75f121f9ebbfd0a915a,a1d87ae5a106ad3b35345b50f226cc8c,delivered,2017-05-24 18:20:47,2017-05-24 18:30:12,2017-05-25 09:44:39,2017-05-30 11:34:38,2017-06-16 00:00:00
4fa82fd6944531bec3422230e90cffc1,8d21ab372ced814e6463f1bdd60f4df3,delivered,2017-10-17 15:44:37,2017-10-17 15:56:45,2017-10-18 18:38:55,2017-10-25 19:27:35,2017-11-08 00:00:00
b168d329f34145f3b1bd2d09ba74f0a5,36ad893b6f3eda60c48afadbdff160d1,delivered,2017-12-08 13:01:50,2017-12-08 13:14:27,2017-12-12 21:03:31,2018-01-19 02:28:22,2018-01-04 00:00:00
f740a7d1b9dc7f4a02d2c008c913206f,6dc92136a3eb6dfa6434a9cb9c74fa1c,delivered,2017-05-29 09:08:56,2017-05-29 09:22:30,2017-05-29 19:32:30,2017-06-02 13:41:47,2017-06-09 00:00:00
4a08e5f6aea1c1f9b89d50c87a5f3d7a,f7a749df526f395b70ca5590213ef24f,delivered,2018-03-31 23:09:23,2018-04-01 23:08:48,2018-04-02 17:48:54,2018-04-09 20:22:37,2018-04-18 00:00:00
9e68e57b1d59b0b5e5f9c13701af153e,4c60ef474c1e9386bed37dc70cbb16c5,delivered,2018-06-14 00:01:24,2018-06-14 00:32:18,2018-06-14 12:47:00,2018-06-15 17:28:55,2018-06-26 00:00:00
4c7913ea20ceb4b0a837e48b8b29c4fe,fe7be3b080abb72b8a95935637da7aae,delivered,2018-01-20 23:30:17,2018-01-20 23:42:29,2018-01-23 17:38:51,2018-01-31 16:17:13,2018-02-06 00:00:00
b88655bfa5742903fa6b2162ee31ac87,2f74c0a1dd83ec75169070143a2f34fd,delivered,2018-05-10 00:39:06,2018-05-10 00:57:15,2018-05-11 14:38:00,2018-05-14 20:26:47,2018-05-21 00:00:00
a493ec96759efcf6c10e27b823f9f2c0,6d7ef6a9a812304e55d098a95c33ab66,delivered,2018-05-14 09:14:33,2018-05-15 05:14:48,2018-05-16 14:01:00,2018-06-01 19:37:33,2018-05-29 00:00:00
05e168bd339a82dc2739b847d4ca99f8,b069a3c6dd74a018f34884bbcd0cf0e2,delivered,2017-09-17 22:44:35,2017-09-17 23:20:51,2017-09-19 22:04:02,2017-09-26 19:48:53,2017-10-09 00:00:00
2776f1ccb5f02e632cfad6beddf14af8,be406ce36b2efbc9236b45307af60349,delivered,2018-04-05 08:17:07,2018-04-05 08:30:19,2018-04-07 01:16:31,2018-04-10 00:28:40,2018-04-23 00:00:00
93c16dd65eef73dbb7c6286bbacdb734,781d3eea2e1510a0ff9e137878ab178e,delivered,2018-07-28 19:11:28,2018-07-28 19:27:16,2018-07-31 09:20:00,2018-08-01 13:30:55,2018-08-06 00:00:00
92258ef4b52681cb4b474bc1ed6cd9ed,94d10d7e314f6e8440d7dea79a838106,delivered,2018-03-28 11:33:57,2018-03-28 11:50:19,2018-03-29 23:33:08,2018-04-04 17:37:02,2018-04-19 00:00:00
b57278e94a17f53f5a91bb0aab49c397,8c812604bb36f468870e6b5c50d70531,delivered,2017-02-20 21:56:46,2017-02-22 03:05:08,2017-02-24 07:12:45,2017-04-20 12:08:20,2017-04-04 00:00:00
11a796cad7c6b05637304fc15b8cb488,25b3d4b49c71c69c6066da8886cdb3b2,delivered,2017-10-07 14:34:55,2017-10-07 14:49:19,2017-10-10 22:13:59,2017-10-20 15:53:52,2017-11-01 00:00:00
d0b8fae6095efc549a71c97c8c6f4f73,453d9d279e4b526a5cc3b7520a883dab,delivered,2017-07-08 13:19:35,2017-07-08 13:30:17,2017-07-13 19:52:47,2017-07-18 19:58:39,2017-07-28 00:00:00
5fcbedfee2eec6f8ecdcac610148b4c3,5a9c6e20ad0f70fe45ae3bfe4cd8463b,delivered,2018-03-13 20:20:25,2018-03-13 20:35:24,2018-03-14 22:11:20,2018-03-20 13:37:03,2018-03-23 00:00:00
d4de6d0debe2df72c4ccf399d9a7acaf,a1e5248dbcbe64e29f9c09f723033a36,delivered,2017-03-06 09:08:46,2017-03-07 03:35:12,2017-03-07 08:46:01,2017-03-16 18:45:46,2017-03-31 00:00:00
ad98bfae2e5e9bad9d1010a3459712be,51be975a0c75d5215c87ab06d71faf21,delivered,2018-01-04 00:24:13,2018-01-04 01:32:43,2018-01-05 12:51:31,2018-01-16 23:04:43,2018-02-06 00:00:00
7596db1ba623b5cb1727772fc9bf8440,24b9b2ff23507a5805f354781ff2a847,delivered,2017-11-16 18:16:55,2017-11-16 18:35:39,2017-11-17 20:42:46,2017-11-22 14:36:25,2017-12-06 00:00:00
e512a1c0f56b158f913abc3cd64933d4,eee90f0c715e40bfb67ac537e8f192c5,delivered,2018-03-03 09:01:00,2018-03-03 09:10:29,2018-03-06 00:04:16,2018-03-19 20:46:49,2018-04-02 00:00:00
b1cc044d321053348a5e482ca7e6b2e3,d3286ca43aa21423c6045b2806ca8e56,delivered,2018-01-30 19:29:01,2018-01-30 19:54:04,2018-02-09 13:08:10,2018-03-16 01:41:08,2018-03-20 00:00:00
a5af18a4ca6fc19e882cc17b9a2a16db,bbc113e812188b9b803c293663389abb,delivered,2017-08-27 17:42:22,2017-08-29 05:33:08,2017-08-29 21:48:03,2017-09-04 20:26:44,2017-10-06 00:00:00
bbf99c13cca74b92b287695076073f09,4ba3acc57d02d5cf8b6a71c289dd06de,delivered,2018-06-19 23:30:03,2018-06-21 03:38:54,2018-06-21 13:30:00,2018-06-22 17:56:38,2018-06-29 00:00:00
79c697a71c6bfb37a4c83d238e695404,d02dd1853ff4c18315adcae9b9340446,delivered,2018-06-15 19:19:38,2018-06-15 19:42:29,2018-06-18 09:49:00,2018-06-22 21:21:55,2018-07-16 00:00:00
0d536196878234ebc112ee9c2cd160fd,f1322b65eb1a2b3aafb6a961d920ef60,delivered,2018-07-18 20:53:31,2018-07-18 21:05:16,2018-07-19 13:12:00,2018-07-25 13:42:30,2018-08-06 00:00:00
6c6f90f3d428175f9e09d7f0d4ac4ed5,eebb0de05cd24925e099c9105e231280,delivered,2018-02-06 13:05:21,2018-02-06 13:15:39,2018-02-07 21:51:28,2018-02-09 19:13:04,2018-02-22 00:00:00
a4890942006fbfab611850fe91fdcc43,4c857e8864a58b8a028f78637fc7f0ce,delivered,2018-04-18 01:48:47,2018-04-18 02:11:23,2018-04-19 18:09:32,2018-04-30 22:07:54,2018-05-15 00:00:00
3138d38716dc5218c15ef572927fa93e,08df78f80a35d0c06744bf5cb0c1402d,delivered,2017-10-26 16:03:37,2017-10-26 16:31:10,2017-10-27 20:17:05,2017-11-08 23:19:05,2017-11-23 00:00:00
cf0ace73210bae94d34fa3df6476e623,c732fe6581f798f69ed4f58a24ea3e24,delivered,2017-06-06 13:07:28,2017-06-06 13:43:06,2017-06-07 11:34:51,2017-06-19 17:16:20,2017-06-29 00:00:00
f46fb218fda36639dc39aa3025679a2b,4f1499a33d2d5ae89e66928df783e7ae,delivered,2018-05-28 20:40:23,2018-05-28 20:50:41,2018-05-29 14:11:00,2018-06-01 19:42:29,2018-06-29 00:00:00
52b1bc87daf8d1e471663a4715f59310,00d59ed5b36bbeac2deb4e7256a39fb4,delivered,2018-07-05 19:08:35,2018-07-07 04:48:31,2018-07-10 13:33:00,2018-07-13 20:08:41,2018-07-30 00:00:00
c01386219d1d09bb78eab2fc5347a149,83617c8843d329aa9e284869b0cb1926,delivered,2017-03-31 14:54:12,2017-03-31 15:05:10,2017-04-03 14:35:47,2017-04-19 16:08:36,2017-05-15 00:00:00
b0e3741786fa0967a1df53f4f0565013,290f50187878d65a9f8bb34374afc31c,delivered,2017-11-25 03:47:40,2017-11-25 04:54:52,2017-11-27 16:37:59,2017-12-07 20:25:36,2017-12-29 00:00:00
45c435e0e0b054549e2a9237da43853a,7a1aa3b46000539bded75c131c2a27c7,delivered,2017-08-03 11:25:32,2017-08-04 02:23:58,2017-08-04 19:42:52,2017-08-09 18:07:21,2017-08-23 00:00:00
f1db3b4ae1a3252075e1bcb338303e7f,53313245c173ce9077b0d33472014ccc,delivered,2018-01-22 17:05:18,2018-01-23 03:36:55,2018-02-19 17:36:35,2018-02-23 22:58:35,2018-02-14 00:00:00
c0834ece62641e0d8cf5da3a070f4195,0c89a9e6294064d33266e47d26e79f15,delivered,2018-05-21 08:53:05,2018-05-21 09:10:38,2018-05-22 09:40:00,2018-05-23 15:28:30,2018-05-29 00:00:00
6d9e993faed56b20fe3f762fd8bbf24f,e9ed9b2bcc5b3985d138e87418f5de3f,shipped,2018-05-14 10:20:53,2018-05-14 18:15:08,2018-05-15 12:00:00,,2018-06-05 00:00:00
05d30aafa32e3fedf6eafb2e75648eec,2142bf7ae61478494829dbaa1694eba2,delivered,2017-04-27 10:17:51,2017-04-27 10:30:10,2017-04-28 10:39:18,2017-05-08 08:23:55,2017-05-29 00:00:00
9821d27850f7b55f02538c472eaa79f1,a33404f8a18d725b2add46f136119952,delivered,2018-01-28 14:56:13,2018-01-28 15:21:17,2018-01-29 17:09:39,2018-01-30 14:54:08,2018-02-14 00:00:00
1777854e00599d581f88f45af1432949,dec9197cddc4a996a3eb89c1d5df30a0,delivered,2018-03-03 15:43:21,2018-03-04 15:48:15,2018-03-05 21:24:26,2018-04-30 18:51:20,2018-03-28 00:00:00
c306c87c6c9e528a77e95eae0ea575bf,b106252b35efc5f02b390bc3f6ff5433,delivered,2018-08-04 16:48:31,2018-08-07 04:35:14,2018-08-08 14:53:00,2018-08-13 14:12:09,2018-08-15 00:00:00
5f98eca70415773e1187c9309b38acda,028ec50772515edd2a7c7e6f212cc27f,delivered,2018-08-06 22:12:52,2018-08-07 22:10:22,2018-08-09 19:30:00,2018-08-14 17:56:59,2018-08-31 00:00:00
f2d16f462937b4496beecdb680e7e199,e6dc2d10891fc75c1336840c699d1d88,delivered,2017-04-02 20:17:31,2017-04-02 20:30:09,2017-04-04 15:03:57,2017-04-10 15:44:10,2017-04-26 00:00:00
4b88668564375e386936d591619a422c,ff4ead15d934b5b5896ca73904d07f66,delivered,2018-04-17 17:05:07,2018-04-17 17:15:18,2018-04-19 02:13:31,2018-04-20 19:28:50,2018-05-04 00:00:00
332c6742772f2df936696b6512b10edb,713b64f2b0813a55f85ad855aa1b6bad,delivered,2017-06-19 00:45:04,2017-06-19 01:03:08,2017-06-20 10:42:07,2017-06-27 06:45:30,2017-07-11 00:00:00
c303d8cc27dfd5c2ff42a652eb5a5e21,c3e759f8a4477786ad2034d2a6d21b3c,delivered,2017-08-14 23:18:10,2017-08-15 00:05:17,2017-08-15 15:44:43,2017-08-28 20:50:01,2017-09-14 00:00:00
87d00f7459555e68a3c90362d9855b03,0d0b9448ab3c8ce2a3fb0ace37b5ad6c,delivered,2017-06-22 14:37:04,2017-06-24 02:23:06,2017-06-26 12:38:35,2017-07-11 19:04:48,2017-07-18 00:00:00
683bf306149bb869980b68d48a1bd6ab,4ca9d029df38b5b513980f0508bed78e,delivered,2017-12-12 19:01:53,2017-12-12 19:10:32,2017-12-13 18:53:25,2018-01-15 22:35:36,2018-01-15 00:00:00
0c38c51b8a775bccbf8a0e340be3cece,1b8d4b28ab60427100f70a7232fdf094,delivered,2018-07-29 17:56:09,2018-07-29 18:05:11,2018-08-03 12:37:00,2018-09-01 00:34:24,2018-08-20 00:00:00
1c319576cde33909a59cb779cd50b2b1,3d568a09b7dd9de340acc65db8411388,delivered,2018-03-03 07:35:45,2018-03-03 07:50:26,2018-03-07 23:48:02,2018-03-29 18:54:47,2018-04-10 00:00:00
0e6cf8f20e333a20382f95ad56c9c676,9a24888390afa8d1f6cc10c4d342875d,delivered,2017-08-18 02:04:43,2017-08-18 02:45:40,2017-08-18 20:02:34,2017-08-29 19:29:56,2017-09-13 00:00:00
d59d424384cb6fa0956cec1af3f179ac,26f4715ada42676902af0e22a0b091b8,delivered,2017-04-21 13:25:21,2017-04-21 13:41:47,2017-04-24 12:09:19,2017-05-06 10:44:04,2017-05-11 00:00:00
0286c83491d80e29a5f16c150abb76b2,c9d83efae10ff5d47b75d591e2bbbffe,delivered,2017-10-29 16:45:18,2017-10-29 17:06:08,2017-10-30 19:03:52,2017-11-01 15:14:28,2017-11-10 00:00:00
e8e4b07d5ef7b47ef02076c4e41f3cb3,7c29bb0ef87e4fa0735b694fcf30d7e0,delivered,2018-05-09 16:24:35,2018-05-09 16:57:43,2018-05-11 14:37:00,2018-05-16 20:11:30,2018-06-04 00:00:00
0679f01b97036fd74d1ee72a23c45426,cbdff4a20dc832dde15dd8b704801e8a,delivered,2017-03-03 15:19:52,2017-03-03 15:30:22,2017-03-06 09:39:22,2017-03-14 11:11:56,2017-03-24 00:00:00
9990874dbb760114a8bcadec87b20b2d,626d58a0cc568a4f0e5fca51e22b7761,delivered,2018-04-08 13:07:51,2018-04-08 13:30:18,2018-04-10 09:39:01,2018-04-13 19:58:30,2018-05-02 00:00:00
ab97ff9b268ca7e6f9f741cd843363e3,6fa7a221fb6f0690ff40df40ceb7c786,delivered,2017-11-30 09:01:59,2017-11-30 09:12:19,2017-12-04 13:58:54,2017-12-06 19:47:04,2017-12-18 00:00:00
8bda067505e4a3f51647bbb470bf481a,d2004a3dd527c759eea2ca9571a9d966,delivered,2017-05-15 17:04:10,2017-05-16 06:35:25,2017-05-18 08:37:12,2017-05-23 13:31:12,2017-07-05 00:00:00
09f08a5ef3dbd9a7c895c647f30bb059,3aaee00fc9ce5f6dbbd2f378254f7f65,delivered,2018-01-24 11:40:54,2018-01-24 15:07:40,2018-01-29 18:07:10,2018-02-02 23:42:07,2018-02-08 00:00:00
72b3e44d921d5ac99bd4a388569be765,bc1d38df5dd1a4b4a8e859cf4458fd66,delivered,2017-09-15 16:36:05,2017-09-15 16:50:19,2017-09-18 16:09:53,2017-09-26 11:28:11,2017-10-04 00:00:00
6db79d3150cfe0cfaa09cc8e09acdca0,83584c4329669450ef4331e7482e13cf,delivered,2018-02-03 14:22:59,2018-02-03 14:35:34,2018-02-05 16:28:43,2018-02-07 20:08:44,2018-03-05 00:00:00
00858d03144cc35cfd1dd043647e7c88,54f0f481cc9257023435b76aa5e647db,delivered,2018-03-14 22:53:09,2018-03-14 23:09:38,2018-03-15 20:34:31,2018-03-22 23:45:59,2018-04-25 00:00:00
05a8c94a9361d5496501f6577cf82841,c62d3321fbc841fce665169b9f3218a7,delivered,2018-03-17 19:39:17,2018-03-17 19:50:31,2018-03-22 18:46:42,2018-05-04 22:12:27,2018-04-20 00:00:00
0a8fa6b5910d2d1326480e5837f6b51f,658edb643c1de24ab48d5fc95555001b,delivered,2017-08-23 20:41:56,2017-08-23 20:55:21,2017-08-24 19:53:35,2017-08-30 20:38:12,2017-09-15 00:00:00
18f924aff0390f3ff473127ddecc73a0,2f16b5574967005f60d394d874b205a9,delivered,2018-07-21 10:09:19,2018-07-21 10:23:56,2018-07-23 07:59:00,2018-07-27 15:38:47,2018-08-09 00:00:00
5ed3cdc2df4c7cb624fc3ac0f66d4a02,4a8ce9a8cb458c67086e351552936cd2,delivered,2018-06-07 22:36:58,2018-06-07 22:56:02,2018-06-11 18:22:00,2018-06-21 18:17:37,2018-07-16 00:00:00
72c3f657842e35f5d5279cc0fd06826b,2b807a72efe83313165d8483f02d95dd,delivered,2017-09-01 10:26:27,2017-09-01 10:44:48,2017-09-04 13:57:56,2017-09-11 18:52:51,2017-09-26 00:00:00
65365d9994a1ed9d758d858e432d74ef,2d5a180345702da26f3319ae19b7bddf,delivered,2017-08-16 14:03:37,2017-08-16 15:10:19,2017-08-17 20:22:36,2017-08-25 04:04:42,2017-09-08 00:00:00
d1b1a90a35eab67950b29a4a38f9a04c,8e899fa0db613636d5e7aaf46c221597,delivered,2017-11-24 17:56:30,2017-11-24 21:16:22,2017-12-05 17:53:04,2018-01-08 19:20:15,2017-12-26 00:00:00
2ca97597bd5b2e4c419dccd661439910,d8182d3b7072af3e484473ccf2b7a6ca,delivered,2017-08-29 23:01:58,2017-08-29 23:15:17,2017-08-31 20:02:57,2017-09-04 15:15:57,2017-09-25 00:00:00
8908c3c6b8591a4d779bc5a4abf4f951,00e13fc0014cb95fde8d8eb1d3d84195,delivered,2017-04-05 14:54:55,2017-04-06 15:03:08,2017-04-07 14:22:36,2017-04-11 14:25:22,2017-04-28 00:00:00
4eec0b5ff6aded761dc1f21134fe5e85,d9f9f09b7191b910ddaa29d8f57d4249,delivered,2018-02-20 10:25:52,2018-02-22 02:31:14,2018-02-22 19:08:42,2018-03-08 18:38:49,2018-03-26 00:00:00
ecb1a8e8b5c6316fe7891f7b556fee28,e14de304ff77ad69b22fc75b5e6c9e69,unavailable,2017-02-07 00:18:03,2017-02-08 03:25:31,,,2017-03-16 00:00:00
2226642559abeae5cfd2badcca397b6b,1c0e734d1feded71e62583d4c8161d14,delivered,2017-12-16 18:17:16,2017-12-16 18:31:04,2017-12-19 22:32:05,2018-01-10 19:28:24,2018-01-17 00:00:00
4c4ac3e2dfb16b17d057cf101265b24c,6fbe4775f3b882bef0f10d86a55ca4ae,delivered,2017-10-11 11:38:12,2017-10-11 11:56:09,2017-10-11 21:29:56,2017-10-23 19:43:58,2017-10-31 00:00:00
1b3536ddfe2299bbc8c552672462aefe,23fb04c3937f6575ffb5aec1eed1a1ca,delivered,2018-03-23 16:54:20,2018-03-26 10:27:28,2018-03-26 21:41:26,2018-04-04 22:19:14,2018-04-18 00:00:00
0260b4ed1d24feacffa9d9783016a467,b8cc30d4bb91f771891ae6aace4270b5,delivered,2017-03-21 17:14:02,2017-03-21 17:14:02,2017-03-22 10:26:58,2017-04-08 03:03:48,2017-04-11 00:00:00
6951c3fa48b145ff2b579b11554d8116,47377a11634958c58ce218a27af0854c,delivered,2017-11-20 20:02:06,2017-11-20 20:13:30,2017-11-22 18:38:59,2017-11-29 21:13:33,2017-12-11 00:00:00
bce2a9ffe2e596e54d92ad2a47a10a36,44a1ff0b539aa8b17c16cc9c98294420,delivered,2017-11-03 10:26:21,2017-11-06 23:32:02,2017-11-07 18:37:38,2017-11-16 21:38:59,2017-11-28 00:00:00
7b2a6419f77f1f76cb8ec21cb81c1da1,0f93a71fb111947502dffea3365f5861,delivered,2017-12-02 19:06:04,2017-12-02 19:16:24,2017-12-04 16:48:53,2017-12-11 10:49:03,2017-12-27 00:00:00
043332e857863b02677c1e075e3cc0cf,2b73a8fa9430b526be65472668b11004,delivered,2017-11-08 15:26:16,2017-11-08 15:47:14,2017-11-14 21:03:12,2017-11-21 17:41:37,2017-12-19 00:00:00
5a00cce1aa1bcbcfb4b1f88cc126afb2,b4fe49de4099d1696f0d7d6d00abda0f,delivered,2017-05-03 16:29:08,2017-05-04 02:55:40,2017-05-04 14:08:19,2017-05-18 08:47:29,2017-06-07 00:00:00
f3c0148d00a2ed7692358f4d849c7e46,3214df52832052e2ce7dba47e94dd267,delivered,2017-11-27 13:35:41,2017-11-27 13:51:51,2017-11-27 20:38:53,2017-11-30 17:19:11,2017-12-28 00:00:00
02c13bb9b84866055ea2074cc6a83a16,bc9802f1680047c23503920524d21e8b,delivered,2018-06-27 00:18:16,2018-06-27 02:55:42,2018-06-27 09:19:00,2018-07-10 18:31:54,2018-07-27 00:00:00
9baba2001be25ff76212cddad73139de,346a1210995a24e531bfeccd3d9d3684,delivered,2018-02-14 21:38:17,2018-02-14 21:50:26,2018-02-16 21:22:26,2018-03-29 21:06:03,2018-03-14 00:00:00
f244880fcf6548e9e5f1c2dccc19ed8f,c7f5f60f8e2e8d7528c25644f57c885a,delivered,2018-01-21 16:27:47,2018-01-23 03:36:55,2018-01-24 19:43:32,2018-01-26 22:14:24,2018-02-14 00:00:00
23c5dff7c1173d8220f26bb0e881e2c8,049393fef7b67922535cadda19054cae,delivered,2018-03-03 12:00:12,2018-03-03 12:15:37,2018-03-06 23:24:31,2018-03-14 19:49:39,2018-03-26 00:00:00
3d2919530aea3496b5773b143910145f,497a43267283462f5fd26a1438489edd,delivered,2018-08-14 09:35:14,2018-08-14 17:55:16,2018-08-15 14:33:00,2018-08-20 22:42:01,2018-08-20 00:00:00
708d3d7c0c996a92a48a8cf501f6fd8b,005196c65bab2861e397cc85bc7664bf,delivered,2018-01-17 14:35:51,2018-01-18 14:33:13,2018-01-19 18:42:16,2018-02-09 20:38:38,2018-02-08 00:00:00
86578f0c3f981f1375949e7239ae1adb,b08151cca67ea744b3acbe132491343f,delivered,2018-01-10 17:30:02,2018-01-10 17:37:27,2018-01-12 21:12:31,2018-01-31 00:33:37,2018-02-16 00:00:00
a92c33e0fb8e030045104ef9853b1d7c,9edcfe541bc9ae76fffdda458d4ac87e,delivered,2018-03-12 14:34:27,2018-03-13 04:08:13,2018-03-15 17:22:26,2018-03-20 00:03:37,2018-03-28 00:00:00
eea78051bcf00afa8b82cbc3a31008d6,a8d4a311043058ae3972469000b95017,delivered,2018-01-10 17:36:33,2018-01-10 17:49:15,2018-01-12 01:12:34,2018-01-19 18:12:30,2018-02-06 00:00:00
cd302cb2dc6786acab6add1e4867c38d,215ead536a59b4ba1a25dc2af4f7e53e,delivered,2017-12-05 20:56:51,2017-12-05 21:18:20,2017-12-07 22:56:59,2018-01-04 16:14:32,2017-12-29 00:00:00
6c983b6b465b11087129a008c89a4829,ac78af59b222aa3851820511b5c6ff67,delivered,2018-05-05 09:25:48,2018-05-08 04:55:33,2018-05-10 15:39:00,2018-05-15 14:26:52,2018-05-29 00:00:00
4dec20e5f3480964ccd41880b79b3863,8316cef1a2b38dc035e13601828dfb91,delivered,2017-12-07 09:22:06,2017-12-07 09:32:20,2017-12-11 13:14:20,2018-01-03 21:42:23,2018-01-03 00:00:00
53c54da97ef9aa777d1c6b1bdf469c92,822cee55c1cbc6a629ed328ae561ebbc,delivered,2017-12-21 20:16:54,2017-12-21 20:30:31,2017-12-26 14:17:39,2017-12-28 18:49:28,2018-01-17 00:00:00
3c0a8fee9785ffbf4381ff1eac0d220f,32b1d8089a0d72d4c54f9617d432ddbd,delivered,2017-10-15 12:28:54,2017-10-15 12:49:12,2017-10-17 13:19:47,2017-11-04 14:22:41,2017-11-10 00:00:00
aff4e35a92033577c37cf3a99f640cd9,ff98ff0b59431751c0e90ff8c77db92c,delivered,2018-03-20 22:36:58,2018-03-20 22:50:39,2018-03-23 21:52:33,2018-03-29 20:28:42,2018-04-16 00:00:00
0ff41d0741d36126966da6f95318918f,cf32c953e3f9c1fe1e99fca3d3dd56d1,delivered,2017-04-03 15:54:23,2017-04-04 05:45:27,2017-04-04 13:37:38,2017-04-17 10:14:46,2017-05-03 00:00:00
e1e968a372e80f44b16ab1dabcbca579,554533e5956bfe27940d1f0ef02dcd69,delivered,2017-11-15 10:09:38,2017-11-15 10:27:02,2017-11-16 18:26:37,2017-11-22 17:27:07,2017-12-05 00:00:00
db18c3a700202016c801626db03e7131,7cd5e2de48001275a79e17e6348c6a1a,delivered,2017-05-29 23:05:45,2017-05-30 23:15:13,2017-05-31 09:58:06,2017-06-22 00:32:00,2017-07-03 00:00:00
e41e11b6bbfb361583ab92eb18bc9018,186946421a317f7f97a34b24f2962f51,delivered,2018-03-20 19:16:00,2018-03-20 19:30:31,2018-03-23 00:47:53,2018-04-30 16:09:07,2018-04-20 00:00:00
b727ce8aa4bb6701e5aaa359ede7c6f6,bbe816e2a62258c7b4328b3cecc3caa3,delivered,2018-03-27 16:39:13,2018-03-28 02:47:45,2018-03-28 19:12:31,2018-04-04 15:19:23,2018-04-13 00:00:00
ae2d40bcce219afed2410275946c8eb3,59e890e32525bad97fccd7c24130134d,delivered,2018-06-01 23:08:25,2018-06-01 23:31:11,2018-06-08 11:41:00,2018-06-12 20:28:26,2018-06-26 00:00:00
988f13625d65d9a81777bb4d93d01e1b,5e314ae29121bbbcd0e1480d21211017,delivered,2017-11-25 09:55:39,2017-11-25 10:14:45,2017-11-29 22:52:03,2017-12-05 16:37:04,2017-12-27 00:00:00
d5bd25a973bf9ea4a5fb210e058ede88,7783f4e9ee759a514cf6cb3c1a069dde,delivered,2018-06-01 18:39:25,2018-06-05 04:52:00,2018-06-05 15:03:00,2018-06-11 17:24:45,2018-07-11 00:00:00
3859aef969659dcc5439967f8ffbbc07,8210d3d4c6ffbe4d7cbe7aa1f0e73f00,unavailable,2017-07-12 08:13:51,2017-07-13 07:23:36,,,2017-08-03 00:00:00
cf9541520b3cd1d4ae5ba9ac95d0d65b,12ae263ff39c5cdbe34be2f50d6f2b6d,delivered,2017-10-11 23:31:52,2017-10-12 23:28:24,2017-10-13 21:43:11,2017-10-23 17:53:47,2017-11-07 00:00:00
4667b0530b09d78c08bbbc0f8b6f899e,4f5228be61dda0c073c8e0aa01521fd7,delivered,2017-06-13 11:43:54,2017-06-13 12:08:00,2017-06-16 15:04:36,2017-06-30 14:32:22,2017-07-06 00:00:00
54a05520cf3e089ebf5dd8575f9ac38a,b960619287d45d12e27d0098a2969be8,delivered,2018-07-18 10:46:33,2018-07-18 11:02:00,2018-07-19 11:14:00,2018-07-24 20:07:43,2018-08-17 00:00:00
fd2abbf4e0f632ba709f0059c02da633,a464b0eca19ee9d50c583227d90941dc,delivered,2018-08-06 07:34:57,2018-08-07 04:10:16,2018-08-10 14:52:00,2018-08-15 18:21:53,2018-08-10 00:00:00
976a0661dde5bced1e33afea59986424,233e192ed835b34252d45fdcabedbece,delivered,2018-02-21 15:09:11,2018-02-21 15:29:58,2018-02-23 22:52:14,2018-03-02 15:15:01,2018-03-15 00:00:00
12cd98b885d11fa8260badce51a54ba0,26f4306360d0b8511d908e4647478b46,delivered,2017-03-19 15:23:31,2017-03-19 15:23:31,2017-03-21 10:58:07,2017-03-28 15:37:13,2017-04-06 00:00:00
5f42573c60286a6f9d6a3809352c86e0,4b17aa73ba6fa555940aab81c6dbe893,delivered,2018-05-26 19:36:13,2018-05-26 19:49:43,2018-05-28 13:45:00,2018-06-01 13:32:45,2018-07-18 00:00:00
4477f0fa7855f6d43e17f4b8e6612898,ab1b4c71bb887a820db3346f0af72b14,delivered,2017-05-08 22:37:02,2017-05-08 22:50:10,2017-05-09 14:19:21,2017-05-27 11:42:11,2017-06-01 00:00:00
5445045bb9472644788ac5e2d93ca2a0,8c71a37e7ed016cc6925f0c79487773f,delivered,2017-02-28 10:08:49,2017-03-02 06:45:11,2017-03-03 15:48:50,2017-03-10 08:03:59,2017-03-20 00:00:00
241decf89353e0c1f231b985214d8404,8a88023862079f7d48e367e090d5318d,delivered,2017-07-19 14:45:40,2017-07-21 02:45:22,2017-07-26 18:14:29,2017-08-01 19:32:35,2017-08-10 00:00:00
9ee391a01004a9f330f16ebf9f7f0966,9c2344a071565e12fbf3fae2abc986da,delivered,2017-01-27 15:28:18,2017-01-31 04:41:19,2017-02-03 14:25:25,2017-02-07 14:51:41,2017-03-15 00:00:00
59b931645b38766a41bef9244d4ee476,3fcc0d2a43e27e5cd14cb2d881434777,delivered,2018-02-07 18:58:16,2018-02-07 19:10:32,2018-02-09 23:04:42,2018-02-11 16:42:41,2018-02-23 00:00:00
75f377de08069316accd713c6f844f19,db4ffdc69a26c7e3fc8858bd647e157b,delivered,2018-06-02 23:36:30,2018-06-05 04:31:07,2018-06-05 10:17:00,2018-06-15 17:22:01,2018-07-24 00:00:00
a9196394f683e767c4c6f64dd7aeed82,906240da12be29400c2914d820793e4f,delivered,2018-05-02 22:13:15,2018-05-02 22:35:06,2018-05-04 12:12:00,2018-05-17 13:03:45,2018-05-28 00:00:00
0c2b241aa0c85f5e27ad334225793b87,eab17001b1d7cde27c1f1234af12d4e6,delivered,2018-04-02 15:21:10,2018-04-04 03:29:29,2018-04-18 22:28:34,2018-05-14 23:28:30,2018-05-18 00:00:00
7785a907a1eb9355527aa59cb42a8e5b,6cbfd3701bca0484c69f2996f1c5f930,delivered,2017-07-13 17:49:51,2017-07-13 18:04:41,2017-07-14 16:07:48,2017-07-24 16:42:31,2017-08-11 00:00:00
3f31568dd41d3ddbffcf00a0f0179dc9,3dfc3f11bf33974dc280bf3464219b85,delivered,2017-11-07 17:47:14,2017-11-07 17:56:08,2017-11-08 16:02:51,2017-11-22 22:51:06,2017-12-06 00:00:00
39948b49e7e68844f9f5a31d12a3c4c6,810d6e6ff6e67c94075b39488b77632c,delivered,2018-03-20 17:23:39,2018-03-22 02:50:09,2018-03-27 19:03:57,2018-03-28 20:06:36,2018-04-06 00:00:00
7b83e981cb83af28a12a1c35c81d13c2,e1344b199f8d28228c7d544e111493dd,delivered,2018-02-18 19:16:55,2018-02-18 20:27:05,2018-02-20 00:48:30,2018-03-02 23:09:39,2018-03-14 00:00:00
1e99772772632294dae0c56c2b83bb1f,8fcaa1386b9c1b73fdf89b7ee07d0571,delivered,2018-03-11 20:19:22,2018-03-11 20:30:29,2018-03-13 19:28:41,2018-03-19 20:34:50,2018-03-28 00:00:00
09dd119f5cafd6888b0e67ebcff86a45,084c08c188cff70f6cc25048290ffbae,delivered,2017-11-26 21:38:50,2017-11-26 21:54:12,2017-11-29 01:16:45,2017-12-22 14:04:16,2017-12-15 00:00:00
31ce9e3b5b94389a0b2597743083ff98,0cae7459bca371e0607a9c1580c6dfed,delivered,2018-05-23 07:42:43,2018-05-23 08:54:50,2018-05-23 14:03:00,2018-06-05 22:53:31,2018-06-07 00:00:00
d1158619ad4cc6e0de905250f28ade12,40cec67ca5cd920ec76d1516d45cf89b,delivered,2017-11-21 12:27:02,2017-11-21 12:46:50,2017-11-23 15:45:00,2017-12-27 20:49:02,2017-12-19 00:00:00
690ce80c28087f2dc808a71e7ea057fd,ea60b3dc0208675595c928338d86973e,delivered,2018-03-12 14:41:24,2018-03-12 15:00:47,2018-03-13 00:26:45,2018-03-15 17:57:22,2018-03-22 00:00:00
2ee31a66f128a2600acad318260c9e01,9b664da3a5e00d8fb61180a99fbba5ff,delivered,2018-02-26 08:38:32,2018-02-26 08:50:25,2018-02-26 20:24:36,2018-03-15 18:12:17,2018-03-28 00:00:00
4907acb41ae167489ddb03c61fb7c084,03ab2881558f2bf456eb10e4de32f380,delivered,2018-05-20 11:16:33,2018-05-20 11:38:17,2018-05-22 11:22:00,2018-06-02 17:28:46,2018-06-07 00:00:00
58c4df4904044782bb1361c5cb001538,c58bac169ebd138ddf0f18ff9a786ef4,delivered,2017-05-14 21:52:01,2017-05-15 22:02:47,2017-05-17 10:31:10,2017-05-18 08:07:38,2017-05-24 00:00:00
83ce09b55f29086739212db0e38aaca1,978ab92450ae467eee081d04e8b665bb,delivered,2018-01-22 12:26:53,2018-01-23 12:29:58,2018-01-24 14:26:37,2018-02-17 17:41:55,2018-02-19 00:00:00
9fcb5798168a0661c0dec96bf0682e92,78df7ce019cde6270c121fcd2287c576,delivered,2017-07-09 14:26:36,2017-07-09 14:35:10,2017-07-10 19:52:18,2017-07-28 10:09:35,2017-08-01 00:00:00
247775a3bf20c748cd22b1521899ffa7,872a7af223e657c4e5cc1c8262dd22db,delivered,2017-03-23 11:38:44,2017-03-24 03:33:05,2017-03-24 12:18:04,2017-04-05 09:47:39,2017-04-13 00:00:00
53f4d907417af64c33b736f1c53d9d1f,75e63d9dec3fd2f8113350b847aada4c,delivered,2018-03-07 12:02:57,2018-03-07 12:15:37,2018-03-07 22:38:38,2018-03-20 14:51:37,2018-04-03 00:00:00
d725a73ed0e99e678f0a6862e3d09539,431431bf5ddc49e07b516dacb7967b82,delivered,2018-02-21 20:16:54,2018-02-21 20:30:31,2018-02-22 20:58:59,2018-03-16 21:32:59,2018-03-15 00:00:00
a52afc640f675ddcbf056eb1e7967bc0,9fdb460823d003d8c9cee8a9fa8a6caa,delivered,2017-03-11 21:55:28,2017-03-11 21:55:28,2017-03-16 12:18:29,2017-03-24 14:33:17,2017-04-13 00:00:00
d472f8a450e5c7df3f9cfd6225af7243,ebaaed8f43aa1e32eeb972dc57d35840,delivered,2017-12-05 14:33:07,2017-12-05 15:21:25,2017-12-06 21:22:00,2017-12-28 20:19:22,2018-01-16 00:00:00
cd201e0f6a37139084fa4f76f87e684d,d51f51313fb0308cccef08b4cb4ba6ba,delivered,2018-07-17 19:09:24,2018-07-17 19:22:08,2018-07-18 13:11:00,2018-07-24 20:14:41,2018-08-13 00:00:00
9d62401a06bbb0dc190562ce8b24f0c7,ab95619729662c9ec3f0dc3c7642fe7d,delivered,2018-08-07 17:06:23,2018-08-07 17:15:14,2018-08-08 14:33:00,2018-08-16 17:04:39,2018-08-28 00:00:00
d5f143e9c159a5f1c33f7477c89db770,4f0da4955b04c7b24168eecf63581092,delivered,2017-12-26 18:37:30,2017-12-26 18:48:04,2018-01-02 22:23:21,2018-02-22 11:14:56,2018-02-01 00:00:00
df54015966b3fa00a42222b5a0e21348,a100558331df579cc459520c1e39fd0f,delivered,2017-09-11 16:11:41,2017-09-11 17:45:21,2017-09-12 22:13:27,2017-09-18 20:11:57,2017-09-27 00:00:00
84ea561a36501265e6a147837868f416,3a2165661e60e1228dcf99a3e2b3bd78,delivered,2017-10-26 14:26:14,2017-10-27 14:27:50,2017-10-28 14:19:55,2017-11-17 13:22:59,2017-11-16 00:00:00
1b68a09aef174135ac2b4a138c3a1eda,e60ebc9d994111d8e79b327cdd633ff5,delivered,2018-06-11 15:55:22,2018-06-11 16:52:05,2018-06-13 15:18:00,2018-06-20 17:12:33,2018-07-18 00:00:00
004ba47bb589cdbc485e6025bd6d3c81,ab30bf72cae845f3814c7baa50ca549a,delivered,2017-12-25 20:40:15,2017-12-25 20:48:10,2017-12-26 20:39:05,2017-12-29 20:24:23,2018-01-19 00:00:00
e49a75711850aedf4206b050286373a1,5f311527c9f99f7ee2789c2e8cc3b343,delivered,2017-10-25 16:29:06,2017-10-25 16:49:25,2017-10-25 22:46:48,2017-10-31 22:32:35,2017-11-16 00:00:00
91cad3260fc3d7cb677fe27010618ab1,e5665fe8abdc4826e0f15a3d8f113caa,delivered,2018-08-08 16:05:52,2018-08-08 16:15:21,2018-08-09 09:40:00,2018-08-17 16:06:28,2018-08-27 00:00:00
51f15a10614267de8d770ec0ec09febd,3452bc25e2ce8675c1e0731cf3933b33,delivered,2017-09-06 16:23:56,2017-09-06 16:37:28,2017-09-08 20:45:47,2017-09-21 18:44:52,2017-09-28 00:00:00
a18cb2293847a707b8ab9ccfa6445bbd,074fe3d7d1bfae730b41be9c647ff8c8,delivered,2017-02-08 11:55:59,2017-02-08 12:32:02,2017-02-09 13:43:16,2017-02-20 14:32:22,2017-03-09 00:00:00
9dad38398350a321d0965104dd7ab793,e70c671c60cdf3f27f162c296e5d7e0c,delivered,2018-05-13 00:27:05,2018-05-13 00:51:22,2018-05-14 13:09:00,2018-05-18 16:56:24,2018-06-06 00:00:00
5c9662fcebe9b346457f1a2b7465e1e6,4808f72c0758768e1055cd9becfbe4e9,delivered,2018-04-18 18:03:21,2018-04-18 18:50:11,2018-04-20 15:21:30,2018-04-23 21:32:34,2018-04-30 00:00:00
92acd9b1e9af0117eee9aa972e0a4841,e9be7eb31a9fc54d1ae7abc6c3595ac3,unavailable,2017-11-22 20:57:12,2017-11-22 21:07:31,,,2017-12-13 00:00:00
c4e1529b643ecfaa202d2805ee2d17fa,51cfd300bbc06c4c9de353b7c56c0dae,delivered,2018-05-03 10:00:21,2018-05-03 10:34:46,2018-05-03 14:25:00,2018-05-07 15:57:46,2018-06-14 00:00:00
9a3dd3cc9b84a29bcd07f44f82866ce7,b7f8ebb0fe3e37a0d1b43b7b565af0fa,delivered,2017-09-19 06:58:27,2017-09-19 07:10:15,2017-09-20 21:42:22,2017-09-26 22:44:53,2017-10-06 00:00:00
6f806fde47aba06190ac3c525cd901ed,c6e04ca05bff626899b98ac1e68a03d1,delivered,2018-01-08 18:41:51,2018-01-08 18:51:31,2018-01-09 19:27:31,2018-01-15 21:59:06,2018-02-02 00:00:00
76798592e95b1f75ed2b348e55ba742d,f31c345639891fdc347c83b03e2ca2b7,delivered,2018-05-16 16:47:20,2018-05-18 01:57:25,2018-05-18 09:17:00,2018-05-23 16:27:36,2018-05-30 00:00:00
02c9fa29186a8d00b3e73d3837ea40e5,caa73ab2b4679f1525c5d8281a7efe2d,delivered,2018-08-18 18:52:16,2018-08-18 19:09:45,2018-08-20 14:58:00,2018-08-23 18:47:36,2018-09-14 00:00:00
479765879ed1ad45202a56cd35a89e8f,759a607575ac0f83a8957bf7d3228083,delivered,2017-07-16 08:12:51,2017-07-16 08:25:07,2017-07-17 16:53:57,2017-07-31 17:42:29,2017-08-18 00:00:00
8a3ec851fda600089ac1c69ca40215c0,ab4d3930d2f105d8591fe814d9c44e2d,delivered,2018-06-06 15:45:33,2018-06-06 16:14:11,2018-06-28 15:18:00,2018-07-03 09:39:00,2018-07-12 00:00:00
0010b2e5201cc5f1ae7e9c6cc8f5bd00,57ef317d4818cb42680fc9dfd13867ce,delivered,2017-09-11 17:39:33,2017-09-11 18:04:37,2017-09-12 17:02:57,2017-09-23 13:21:21,2017-09-27 00:00:00
6e81be400198dabb3a353cc5c25f7fbf,e3641dea8a807c50682b13b2aead655a,delivered,2017-12-30 10:07:59,2018-01-03 04:16:43,2018-01-04 18:20:24,2018-01-08 17:19:31,2018-01-19 00:00:00
f205470bad958fb87ac74b7b8d50dc48,68eb80c7d573311b901842f7ba30347f,delivered,2017-11-27 08:51:00,2017-11-27 09:15:57,2017-11-29 17:45:44,2017-12-07 01:06:05,2017-12-15 00:00:00
477f4b85adba162dd1e74def115aefd1,7c5fd947724ac64e7da3c1c23dc613ea,delivered,2018-01-05 16:31:27,2018-01-05 16:47:54,2018-01-08 20:28:26,2018-01-18 13:19:46,2018-01-31 00:00:00
ab42eac47de85e36ba4622c26f9c9dcd,3fa34ec1800a5e12a373e3df9263e05f,delivered,2018-07-10 11:43:41,2018-07-10 11:55:13,2018-07-17 13:46:00,2018-07-25 16:31:42,2018-07-31 00:00:00
dde21840bf52f7327e815543b86afacc,3428f4c30457380e2fed1f1b46120813,delivered,2018-01-23 15:55:32,2018-01-25 02:57:31,2018-01-26 06:32:43,2018-02-01 11:22:44,2018-02-15 00:00:00
237b7387b0657475c4aea69a0fdd6ab4,a517c2e33d74166672a1c9424c27cc49,delivered,2017-07-04 22:16:43,2017-07-05 22:10:18,2017-07-06 13:58:10,2017-07-11 13:19:42,2017-07-26 00:00:00
3d12931b79aac8b5936c7845d6e997ef,3e90f772b0825fa105cc50b5b98fddfc,delivered,2017-05-12 07:18:05,2017-05-13 03:02:54,2017-05-15 12:13:09,2017-05-16 09:16:31,2017-06-09 00:00:00
d359e2c7de603d9b72bdfe2dc3840275,19dc2be7592f399eb8b754a5b44d847d,delivered,2018-06-05 22:33:06,2018-06-05 22:51:35,2018-06-06 08:37:00,2018-06-11 21:04:12,2018-08-03 00:00:00
d80dec5549fb36ee6d86d10494aa5d89,2847f7207c882cff92388c582150ae86,delivered,2017-11-28 22:25:53,2017-11-30 02:22:24,2017-12-01 19:21:44,2017-12-04 20:10:08,2017-12-12 00:00:00
da383ff6aa9558f3bd909b1d76789381,1e2805c0173170a09ce422b2dab60c30,delivered,2018-08-20 13:56:52,2018-08-20 16:11:39,2018-08-20 13:55:00,2018-08-27 23:32:23,2018-08-31 00:00:00
b2f5372efb1b2840cea18aead69e4e1a,53b5afd7f0cb54fc2713d4f2de898633,delivered,2018-03-19 11:23:39,2018-03-19 11:35:38,2018-03-20 13:42:26,2018-03-27 23:53:21,2018-04-10 00:00:00
b34ad58b81cd238099ff8a4bc5ff84de,6112dec9ae2e342f21cd2cc473258746,delivered,2018-06-28 02:12:31,2018-06-28 02:27:53,2018-06-28 11:57:00,2018-07-10 17:14:39,2018-07-30 00:00:00
a30c919a89ae0abb92170254dcf8ff02,0691838627fb0142895c23d5459bed3c,delivered,2017-06-08 10:17:53,2017-06-08 10:25:29,2017-06-08 16:35:50,2017-06-21 17:19:11,2017-07-11 00:00:00
9303669209932e3a6996a76e56620d5f,caf4b8fd7772079bf3589d844365e689,delivered,2018-06-12 11:48:26,2018-06-12 22:59:48,2018-06-13 18:58:00,2018-06-14 13:34:48,2018-06-21 00:00:00
788c740eb8e85e60ba673175e96f3a76,87e0d8c98901635a02de3d22ae4c2e84,delivered,2017-11-27 11:55:16,2017-11-27 12:14:48,2017-11-29 22:24:47,2017-12-01 17:42:57,2017-12-11 00:00:00
b10bb212c9f36af4c11fae51593de14d,e74c41931c0fa48e37c07bdf0aa5a8d1,delivered,2017-03-20 13:55:36,2017-03-20 13:55:36,2017-03-21 11:42:33,2017-03-27 11:12:24,2017-04-17 00:00:00
45fdccdd0ebed851dbf707b98ba5fef0,412f5c0b538eee4c424489926e281ed2,delivered,2017-03-17 21:48:51,2017-03-17 21:48:51,2017-03-27 15:22:37,2017-04-03 16:32:45,2017-04-12 00:00:00
46bbd69cb8d68f6c34fc754e569b4630,677dbf5ff3bed8560f9156c76f8d0a88,delivered,2018-06-26 08:30:04,2018-06-26 11:56:57,2018-06-26 10:51:00,2018-07-03 16:28:47,2018-07-19 00:00:00
efae23362f729d2c5bdf799f883d086b,954f29bc29678fa9c02de69cbdce3b29,delivered,2018-06-22 21:13:52,2018-06-23 04:18:36,2018-06-28 10:49:00,2018-07-02 19:50:57,2018-07-19 00:00:00
16bf4bebb63fe2842793fa1e3fbb83d9,55c9db9425ab8c9ee904753ebb3e9718,delivered,2017-09-26 18:38:52,2017-09-28 02:49:30,2017-09-28 19:03:13,2017-10-01 18:32:39,2017-10-13 00:00:00
32de90a35e2a57a276be3e36d3c51ed2,20d3e36b53a68bafc960d7af18c91d85,delivered,2018-04-01 18:05:00,2018-04-01 18:15:17,2018-04-04 18:54:45,2018-04-10 02:32:19,2018-04-30 00:00:00
2c6d7710827b473b87550d228500098d,b94afa1536154b937c32785ad8263141,delivered,2017-05-01 12:25:44,2017-05-01 13:05:26,2017-05-02 07:57:11,2017-05-25 12:42:22,2017-05-31 00:00:00
33cb48a8f9d0e5bf683cda9881aae15e,4a3efc742773d796e3e990b5de3e0616,delivered,2017-03-13 08:43:09,2017-03-13 08:43:09,2017-03-14 13:21:49,2017-04-05 12:11:00,2017-04-12 00:00:00
e7a494d4b7aa999d59f8f2e6809a5270,e105da24b204e15cbba1a45b382ec131,delivered,2017-06-06 15:55:45,2017-06-07 15:55:17,2017-06-09 10:05:06,2017-06-12 15:26:37,2017-07-06 00:00:00
a14d7576c8e4ff4378798287af2faffb,d8c88eafe65e8e7210a84872fd488edd,delivered,2018-06-10 13:34:49,2018-06-10 13:51:36,2018-06-11 06:47:00,2018-06-18 15:58:28,2018-07-26 00:00:00
9e59025992bd64bc26551391ed44a450,11f99e3f5828621c1a9930164eb85eb0,delivered,2017-05-13 21:52:30,2017-05-13 22:02:43,2017-05-15 09:53:14,2017-05-25 16:47:36,2017-06-05 00:00:00
371b049c9d62976cab18a153edf57963,f9d02ecfae118c9abd105ad3f91c307a,delivered,2017-07-19 12:24:45,2017-07-19 12:35:16,2017-07-19 20:00:01,2017-07-20 16:39:50,2017-08-01 00:00:00
f3cd1f125e0e08854ac5e58ab441cf67,00e6ef8a68edd7a3d2221bcf18656b7e,delivered,2018-06-28 14:38:53,2018-06-28 15:42:10,2018-06-29 12:13:00,2018-07-06 14:04:06,2018-07-30 00:00:00
11482cc48ea1ca80d6672a16eef373f3,ffe163d4aa503e6ea00db9eff31f3d76,delivered,2017-11-28 16:01:45,2017-11-28 16:18:26,2017-11-30 17:18:51,2017-12-12 13:23:03,2017-12-29 00:00:00
1ca552f5ea38aeab2f2c52a03fa32942,e423c0347c0e52135f96459b6fcffc61,delivered,2017-10-11 08:17:44,2017-10-11 08:28:19,2017-10-19 18:15:21,2017-10-20 18:05:21,2017-10-24 00:00:00
83c3246595fc5058c7c66a99cf9b74a9,a315fcfe43f26b429a9dc25518afa11c,delivered,2018-08-15 02:07:43,2018-08-15 16:45:14,2018-08-16 14:48:00,2018-08-20 18:08:36,2018-08-29 00:00:00
63d4d2ba9babefe5a2e6fc840e69a9ff,f3439323102e853085f8e9af435de8d3,delivered,2018-04-26 11:53:46,2018-04-27 03:35:21,2018-04-27 13:47:00,2018-05-02 20:43:52,2018-05-24 00:00:00
1777a8edd4a86d8162c65687bce598b4,6b3b47e89d4f0d5784fa3225a598f331,delivered,2017-07-09 18:21:19,2017-07-09 18:30:11,2017-07-13 21:47:30,2017-07-26 10:57:43,2017-08-03 00:00:00
e74d9198ddaddfc8e8090f5028697eaa,0373186c0d9c262cb4e09c6271e128b5,delivered,2018-04-29 20:42:30,2018-04-29 20:54:42,2018-05-07 14:51:00,2018-05-10 19:16:46,2018-05-29 00:00:00
83bb596248fd091d99fa8d5aadde8fa7,d108157033079e1a1a7ff80773654263,delivered,2018-06-20 00:40:49,2018-06-20 00:55:54,2018-06-20 10:29:00,2018-06-21 15:41:24,2018-07-11 00:00:00
bfaf2a2f0abc56602d3b0fcf99576126,0f0242e95194275e6fcb0660f728b7c3,delivered,2017-07-27 18:19:56,2017-07-29 02:23:32,2017-07-31 20:19:08,2017-08-25 20:05:52,2017-08-30 00:00:00
637433ce28e2f35eea8795cc19d36d95,9c0bc166e8946e321f74fc6020a0f6dc,delivered,2017-06-26 18:26:25,2017-06-26 18:43:24,2017-06-28 10:11:41,2017-07-06 17:12:13,2017-07-20 00:00:00
820dae5229a9c2f6d7cfcf9e327c46a7,467247d869b38526a64ed79e2b96211a,delivered,2018-04-29 15:18:48,2018-04-29 15:34:52,2018-04-30 15:13:00,2018-05-08 16:23:35,2018-05-22 00:00:00
f729e44f11c7a06db2838b465e8dd090,4a1bdb795a09dc4baecc328caa3e46e8,delivered,2018-03-08 10:39:48,2018-03-09 08:55:48,2018-03-12 21:29:31,2018-03-26 23:03:31,2018-04-05 00:00:00
d78f37563bb2b393bb33db35d835b390,7d50e349780d01d65771d942782b7349,delivered,2018-02-22 09:39:22,2018-02-22 09:50:33,2018-02-22 21:22:43,2018-02-23 15:48:55,2018-03-08 00:00:00
344b231153370562595043fd9747b922,b5c718dd1d2183428f7e6e2832958a64,delivered,2018-07-16 15:51:54,2018-07-16 16:00:24,2018-07-17 10:38:00,2018-07-20 15:02:55,2018-08-06 00:00:00
1bcee4703d916a7dead99492b946773e,1676edf55749e467544f15922750a231,delivered,2018-03-02 15:16:38,2018-03-02 15:30:28,2018-03-05 17:33:12,2018-03-22 16:33:44,2018-04-06 00:00:00
cf8565a85deb141e6113476f67622a70,80acb3276f8c1309c044141f104f85b9,delivered,2018-04-27 12:59:22,2018-04-27 13:40:51,2018-04-27 13:47:00,2018-05-04 21:24:55,2018-06-07 00:00:00
1446f87ab63443ca948c7faa3d7ef194,eb01d4ef6bd5691607289b7f83bbfd7e,delivered,2017-11-08 15:13:33,2017-11-08 15:26:56,2017-11-09 18:41:49,2017-11-14 23:18:56,2017-12-05 00:00:00
5b3d2b157ca74d2d34ad885558069f76,20b718f118c003df537023fc0f80cbe1,delivered,2018-04-08 11:34:22,2018-04-08 11:50:07,2018-04-10 23:19:19,2018-04-19 22:41:48,2018-05-02 00:00:00
78a4201f58af3463bdab842eea4bc801,d39c97549a412a82dacf30fe5f144cb0,delivered,2017-09-04 15:17:12,2017-09-05 15:24:13,2017-09-06 20:17:46,2017-09-20 22:24:03,2017-10-03 00:00:00
606a4d197c2fcc7ea1b91a89c0843f1e,3ba4c54a45fcf215d16b7c5fd916deaf,delivered,2017-11-16 17:02:47,2017-11-17 04:26:12,2017-11-23 18:29:09,2017-12-22 20:45:13,2017-12-14 00:00:00
c02ba990f9573a840c307babf93b3416,fac62f659b6e79c9004f4df20f81e56c,delivered,2017-09-03 18:42:46,2017-09-05 04:36:04,2017-09-06 22:59:07,2017-09-21 22:18:05,2017-09-27 00:00:00
ead9d718dbe26ebdb5a79beb5f31eff6,28eee84b2c56deabb471108afe34f05a,delivered,2018-04-19 11:13:02,2018-04-24 18:25:22,2018-04-24 00:15:12,2018-05-09 16:37:37,2018-05-17 00:00:00
113c27b79eb067ecd214d592db312190,d3f60e1e5172b9cde50298bb5bb0de2b,delivered,2018-01-16 14:09:55,2018-01-16 14:30:15,2018-01-17 19:28:58,2018-01-29 19:28:49,2018-02-09 00:00:00
382bd2a77ebdc4326381e5abe788a6e0,ffa5f79d25122d389eda319a07f2f713,delivered,2018-04-05 11:20:34,2018-04-05 11:30:14,2018-04-05 23:06:41,2018-04-28 11:58:40,2018-05-03 00:00:00
04287a84357d7a29361c0948ee9bb4b4,1a6619159ba150721453e7a7650ae0ab,delivered,2018-06-24 17:55:27,2018-06-24 18:15:19,2018-06-25 14:24:00,2018-06-30 15:28:25,2018-07-17 00:00:00
ffeeb911d070bea3dd20bd5fd01da5e8,c580ed6ed2fe3533df6af1dcb43bac94,delivered,2017-10-06 19:10:16,2017-10-06 19:25:54,2017-10-20 18:15:59,2017-10-25 18:17:06,2017-10-30 00:00:00
3bee2e950ef2b2811ae57c743f57002b,8e36e53f2e3e9edc6bb47c5bba41a4dd,delivered,2018-02-18 21:30:04,2018-02-19 10:15:32,2018-02-26 15:39:23,2018-03-01 00:48:38,2018-03-07 00:00:00
9aeff482efab96799fcef240b00a589e,a47435a823dad91fcca89385ec106e7f,delivered,2018-01-08 18:26:19,2018-01-08 18:36:21,2018-01-09 16:25:37,2018-01-22 14:56:25,2018-02-06 00:00:00
0dcbdac8c6463d75e774a3ba98d11561,c9785fad52a0529dc731d1c2444f0873,delivered,2017-10-09 17:34:15,2017-10-09 17:51:31,2017-10-10 19:20:13,2017-10-16 21:02:49,2017-10-20 00:00:00
fcceb7beda0bafc845956f10e4aebfd8,0143daf7466a5e7886eb9d1738d293b6,delivered,2017-07-19 20:41:36,2017-07-20 21:05:13,2017-07-21 16:22:27,2017-07-31 18:14:37,2017-08-18 00:00:00
855632576dae35f0e89fa6c955282642,edbb8ac50121765cfc23dc7691aaaad2,delivered,2017-06-15 12:25:39,2017-06-15 12:35:33,2017-06-16 14:09:40,2017-06-23 13:12:44,2017-06-29 00:00:00
8c99ded071cd4b62202e613d2335bc27,a4cc880564ad5a16d186f1b9e65fb61a,delivered,2018-04-09 18:26:35,2018-04-09 18:35:20,2018-04-10 19:08:51,2018-04-11 20:03:49,2018-04-25 00:00:00
842f46cb12e63f6ed6e5266efd2959ce,37b1637fce7efc4438e4e9345d781600,delivered,2018-04-09 13:36:03,2018-04-09 13:51:04,2018-04-11 17:52:45,2018-05-03 15:37:01,2018-05-04 00:00:00
647a878dc34645d35999b5dc9d506373,945c16aa5965b3a95580ce93421305cf,delivered,2018-05-13 12:19:44,2018-05-13 12:32:45,2018-05-15 14:12:00,2018-05-19 18:11:47,2018-05-29 00:00:00
607151a6fd6a09510f6ca248e8fe1bc3,5a6cb5527c25e5b4e0264f547a089635,delivered,2018-02-16 09:58:19,2018-02-16 10:10:25,2018-02-16 20:52:15,2018-03-06 18:58:37,2018-03-14 00:00:00
17524778aa49be21fc28936461d0c5ff,159399fa0233cdc4ace4dc9d61910804,delivered,2017-03-18 20:49:05,2017-03-18 20:49:05,2017-03-20 14:07:03,2017-03-23 16:44:07,2017-04-10 00:00:00
50aff4b82439e01c5e75e12dcecac8c6,efbbcc8484d169b9258bf1fae14a1d7c,delivered,2017-11-16 21:35:08,2017-11-16 21:53:21,2017-11-17 21:07:37,2017-11-21 22:17:28,2017-11-30 00:00:00
594be2ebade43b59e6b9a29886de1de2,3a5394905de8ec12896dce1ab2c8d1ab,delivered,2018-03-27 13:41:56,2018-03-27 13:55:09,2018-03-27 23:08:44,2018-04-10 18:49:19,2018-04-13 00:00:00
8752bda3e45c2207f9dc0f94146cd228,cdad404012d87f4b60979ab87a197661,delivered,2018-04-07 19:20:42,2018-04-07 19:30:17,2018-04-10 23:38:51,2018-05-05 17:43:01,2018-05-08 00:00:00
19c69edb627a5967124863535d497453,3fa5e2b281cc8eddbeb536357a9e5f2e,delivered,2018-05-18 08:49:05,2018-05-18 09:16:21,2018-05-22 12:43:00,2018-06-08 17:14:48,2018-06-12 00:00:00
3e9fee97691551e4a1444f095899d5f9,b3e3fe3971fb3b7c1776e69da97eacea,delivered,2017-09-01 11:49:24,2017-09-01 12:04:33,2017-09-05 15:43:30,2017-09-14 19:12:26,2017-09-21 00:00:00
2aa14f19125c2bff4127b08c872a8b59,24837e3e2c1cf723f71edc1a281e7bf2,delivered,2017-06-15 14:39:43,2017-06-15 14:55:06,2017-06-28 15:33:04,2017-07-11 16:41:51,2017-07-20 00:00:00
b44d57df8658ffbfb846852cee8d87d2,dc13d8f53bb887e4d6dde17d3a3299b0,delivered,2017-12-05 19:02:21,2017-12-06 07:13:50,2017-12-12 22:33:56,2017-12-28 18:18:08,2017-12-28 00:00:00
db0d6bd65ccfca6371985ebcc2227efe,f40ed29ddf8d56ce6055e1a37094ab0e,delivered,2017-03-15 08:17:32,2017-03-15 08:17:32,2017-03-15 10:34:06,2017-03-17 11:52:03,2017-04-03 00:00:00
7a5098bfacce471e5cec8583f0dfe4c6,05504b0007f99eaae8d5fbf8cd780798,delivered,2017-10-31 11:16:00,2017-10-31 11:30:33,2017-11-03 21:19:44,2017-11-08 17:28:43,2017-11-24 00:00:00
a3158596d75b867b743226ce715f340f,accdf10d0b06f66eed89b656dbec776b,delivered,2018-03-22 16:02:53,2018-03-22 16:50:35,2018-03-23 18:48:49,2018-04-03 17:07:33,2018-04-11 00:00:00
77a6d5a1a8e5b3e165b43761f761cb1b,fd07236975eca474cd2ecd2bbd7f8e7e,delivered,2018-08-11 20:33:13,2018-08-14 04:25:07,2018-08-14 14:31:00,2018-08-17 21:13:15,2018-08-24 00:00:00
e45956d693225b91e3cb777279bce585,d3c49195f47873af8ff680c4bf942c5c,delivered,2017-07-14 13:51:46,2017-07-14 14:05:54,2017-07-18 14:38:39,2017-07-26 19:39:39,2017-08-07 00:00:00
635f576ffd2031b8aba271d85a739949,aaaacadacc4a1f2d0df016ddd73609cb,delivered,2018-06-18 16:29:28,2018-06-19 09:18:23,2018-07-03 11:28:00,2018-07-06 17:41:00,2018-07-24 00:00:00
a376f17ec68dd516869482e28ba976b4,6fb54da47c0032684f348042cf61fd1d,delivered,2017-03-06 18:25:02,2017-03-08 06:35:36,2017-03-09 05:36:06,2017-03-17 13:48:04,2017-03-30 00:00:00
0903e0b7f189735c47cae28e5e5766f5,1bc16e02bedfd980cd935973425f1cd2,delivered,2017-08-28 21:35:08,2017-08-28 21:45:37,2017-08-29 15:50:09,2017-09-04 19:09:40,2017-09-15 00:00:00
f88acff83deba351d28bbe79c34eeeb8,830d879ff68fae5fef0930cbb6cb8799,delivered,2018-08-13 21:58:50,2018-08-13 22:05:17,2018-08-14 14:17:00,2018-08-16 19:08:43,2018-08-22 00:00:00
4a82a56f850507b43e8aceaed75a091b,ce592ad7925e24b891730859400babe3,delivered,2018-03-26 11:29:37,2018-03-26 13:08:34,2018-03-27 19:13:06,2018-04-13 01:22:37,2018-04-23 00:00:00
674ad026128b13d3d0c0bd4a6e0b66c6,553c9508cf896661953526c7a0d46e66,delivered,2018-08-16 20:55:38,2018-08-16 21:10:15,2018-08-17 14:53:00,2018-08-23 18:12:22,2018-08-28 00:00:00
f6315cf6215547825532e27ff0be9401,0acea968cdada6a3801218d72ba2f8ae,delivered,2018-03-19 17:39:48,2018-03-19 17:55:36,2018-03-20 19:12:13,2018-03-29 23:13:22,2018-04-13 00:00:00
b0c6259cdeba00d7ffe88f50be25f57e,880debca84176936aef2ede72ff166e8,delivered,2018-01-22 14:14:28,2018-01-22 14:33:10,2018-01-24 18:08:52,2018-02-15 20:47:02,2018-02-19 00:00:00
e619222dc1c471bc9cc8375cd448af63,f488d5cab7cc4def4a186af6a74722b1,delivered,2018-03-21 13:34:11,2018-03-21 13:48:14,2018-03-27 19:21:34,2018-04-06 23:47:55,2018-04-09 00:00:00
8dc67de08c1738a90e70f62f2920b432,7345796de7fb5b3566b3564b2b10f9d9,delivered,2017-01-25 01:29:42,2017-01-25 01:42:12,2017-01-25 09:22:00,2017-01-31 18:06:24,2017-03-08 00:00:00
521bbed0033539e0f0a361abacccc71e,46c8ce63c792dd00af67439dccb2a617,delivered,2017-10-26 23:16:28,2017-10-26 23:30:20,2017-10-30 14:14:10,2017-11-06 22:14:47,2017-11-14 00:00:00
79e2067169f58128a02eb6d4ea2a7372,552cbaf65982cd192f15260374cc0ea4,delivered,2017-07-14 15:51:29,2017-07-15 03:25:45,2017-07-17 14:05:27,2017-07-20 20:23:29,2017-07-31 00:00:00
2f7e28557591670c3bafadee171c72b0,26f9fd598531fc99fba0352f45cbbda4,delivered,2017-10-09 19:29:20,2017-10-09 19:42:18,2017-10-11 13:43:59,2017-10-24 17:59:42,2017-10-31 00:00:00
aff213550fc5337dae6c2409de97807e,b71c4219b9a9d3099bb874afb7a44df4,delivered,2018-01-17 10:45:45,2018-01-19 02:37:16,2018-01-20 12:24:23,2018-01-26 17:29:22,2018-02-07 00:00:00
0cc9e18508708774c1c956cd3ad9e910,a08e096b01b1231d0e7b11cb0cbe0fcc,delivered,2018-03-12 10:34:34,2018-03-13 04:40:28,2018-03-15 03:12:14,2018-04-03 17:38:10,2018-03-28 00:00:00
e21f1d324fae5b5f66b4f4347503fe40,2090ba0c4f3d786d822c4a4ceacea7f2,delivered,2018-04-30 08:42:58,2018-05-03 04:35:18,2018-05-03 12:36:00,2018-05-10 19:40:43,2018-05-29 00:00:00
8c007d0c7bfabe041dd7bc0514210ed9,e9a8ec739f5a59dece9f715ef4c8aa3d,delivered,2018-04-16 17:24:04,2018-04-16 18:55:26,2018-04-19 00:16:51,2018-05-10 19:51:27,2018-05-16 00:00:00
e0c8e19935331054195ca859f10e056a,9e9e461189e83078ae06674afdd94eb5,delivered,2017-10-16 12:28:39,2017-10-16 12:46:10,2017-10-18 18:53:28,2017-10-24 18:38:39,2017-11-01 00:00:00
71d81a35f1b361216ed02aab5d56325c,ba12c55c5bcba69b43a893e430f972dd,shipped,2018-01-19 02:49:33,2018-01-19 02:56:18,2018-01-20 00:48:31,,2018-02-09 00:00:00
94ab04bddd7b1b7e183c95cce062c3f5,eaa1126189a8602421bc4c206273ff41,delivered,2017-07-05 17:00:12,2017-07-08 00:10:26,2017-07-10 12:22:12,2017-07-26 17:36:55,2017-08-04 00:00:00
5f064781620790a450c0308f09adfd8d,28297d9e3d16e0239dba1fddf699137a,delivered,2018-01-14 16:01:56,2018-01-14 16:11:21,2018-02-07 18:34:14,2018-02-14 22:09:13,2018-02-05 00:00:00
b43df491e0d3baf726d66ac133ddc15e,0c71b597b4ce46a087162c4562843000,delivered,2017-10-06 12:24:56,2017-10-10 04:08:08,2017-10-20 22:34:40,2017-11-04 13:31:38,2017-10-31 00:00:00
e10cd38d4b2c2c6a369d7e4a15645aee,96da9677673906f17526f0e038e826dc,delivered,2018-03-07 13:05:03,2018-03-07 13:15:34,2018-03-09 05:21:23,2018-03-19 22:12:41,2018-03-23 00:00:00
0ff97226c07e92ca14cbb9d324c624a0,c8ece683fdd660e0bef8c967d4a275da,delivered,2018-03-18 03:25:48,2018-03-20 03:28:51,2018-03-23 20:37:34,2018-04-02 18:56:26,2018-04-10 00:00:00
8b811ce1136aa62076a39e8b8957dcd5,5c664af0ac60101f1ca9f331b338e66b,delivered,2018-05-10 08:41:04,2018-05-11 03:10:25,2018-05-16 14:39:00,2018-05-21 16:11:01,2018-05-25 00:00:00
88495a304ffc01e1af6d23769628f3b0,f5d424d732a0df26a3f0e85276ce7664,delivered,2017-04-16 20:08:33,2017-04-16 20:21:37,2017-04-18 10:18:27,2017-05-08 09:43:45,2017-05-22 00:00:00
7533138abe254f5d3856101e4a21e5f2,5164e21ce84142db5439f4ae25f579a5,unavailable,2017-11-17 19:42:36,2017-11-17 20:35:41,,,2017-11-30 00:00:00
f7f4ddbedac13a064aeb2fe0d513cabd,4772675e2dcf52a460be40d34c3d6d28,delivered,2017-11-19 13:21:52,2017-11-19 13:31:27,2017-12-05 18:26:32,2017-12-09 11:22:57,2017-12-19 00:00:00
7bac976651f930dc34309b61897ce46c,6142dbf032917a89d9fdd387b8258cc3,delivered,2017-06-28 20:08:40,2017-06-28 20:23:38,2017-06-29 12:57:28,2017-07-03 14:21:43,2017-07-18 00:00:00
a8ab159f82af4257ef7c239358b1221a,4ae0e56fdf4e50a702d17c18f46c1b4a,delivered,2018-05-11 14:29:45,2018-05-12 14:35:14,2018-05-14 14:49:00,2018-05-15 13:29:09,2018-05-24 00:00:00
6ca65e175a893a8e77348e059f44d6e7,b6821724e95a5a71d7eeea00d6572f33,delivered,2017-04-29 21:36:00,2017-04-29 21:45:10,2017-05-02 16:04:42,2017-05-24 05:19:48,2017-06-06 00:00:00
416947793fcfcfdb8304c26bc40fcb67,c386aa441b01ca7a484d2763114ab2a1,delivered,2018-06-09 10:52:31,2018-06-09 11:11:17,2018-06-11 13:54:00,2018-06-12 19:18:52,2018-06-25 00:00:00
b8fdf0a70040d5461adca8f95ba4171a,a56a99918e8686b7d35af612dd30e86e,delivered,2017-12-01 12:18:11,2017-12-02 02:38:25,2017-12-04 17:52:59,2018-01-05 17:06:15,2018-01-04 00:00:00
9d1e1148a27502fcc6fce14e7707a2a1,07318eaf837742e434a89c164e278d4d,delivered,2018-02-07 13:51:11,2018-02-07 14:10:03,2018-02-09 16:28:48,2018-02-19 16:25:04,2018-03-08 00:00:00
c1fad8c885084c5b05f3bd5e2dd56218,163d02fbf4c0a8c056d41c7a0862f596,delivered,2017-09-21 09:31:51,2017-09-21 09:44:54,2017-09-22 18:27:52,2017-09-27 19:06:30,2017-10-20 00:00:00
13b7cdafde78bebb404d4dc74c04fb82,07c9872dff5069c277abed8f425e133f,delivered,2018-02-15 15:34:46,2018-02-15 15:46:50,2018-02-21 23:37:05,2018-03-29 20:51:28,2018-03-14 00:00:00
992ceb46113db17e36d49903c2c31e12,c4017d1e1b7eeff63fa5f41373ab7527,delivered,2017-11-16 13:29:24,2017-11-16 13:49:52,2017-11-20 14:27:52,2017-11-30 21:43:23,2017-12-08 00:00:00
a7812cdb3ea9fe478b52292849c0c261,25c64139f2f78f45984425a76135b2e0,delivered,2018-08-21 15:22:16,2018-08-21 15:35:23,2018-08-22 12:48:00,2018-08-27 10:41:38,2018-09-19 00:00:00
6fbe92e0f9d5a728e3fd2be036b5ab05,b2e007cf7c50903380e2bda1c32ec398,delivered,2017-09-04 15:51:41,2017-09-04 16:04:37,2017-09-08 21:28:46,2017-09-12 16:12:32,2017-09-15 00:00:00
b9886766c7d03ad40eb4f341af209a88,773e44148a162cd665cec3f70a9f4fa2,delivered,2017-03-25 09:45:45,2017-03-25 09:55:19,2017-03-27 13:45:14,2017-04-03 15:43:56,2017-04-27 00:00:00
fbe00a3fcc28965ba29bbe674f7672e6,c18f79251c0fa3911b0dc69861eb8e9f,delivered,2017-08-25 11:14:44,2017-08-25 11:30:10,2017-08-29 18:33:34,2017-08-30 23:56:10,2017-09-08 00:00:00
9ae55f703836fe363393a3873c1b42b4,735df4af3d58741f56fe349cb94aa54e,delivered,2017-03-01 22:03:30,2017-03-03 02:15:13,2017-03-03 11:35:11,2017-03-13 11:52:43,2017-04-05 00:00:00
707b67c6036569d9eba912e2c8609ee4,111a2956d57d20d510a33b3e06281f02,delivered,2017-03-26 08:01:21,2017-03-26 08:40:07,2017-03-30 16:32:08,2017-04-05 13:53:06,2017-04-25 00:00:00
b73517c8c0f185cef5f704b9191f994d,83f9a2d3f4a98dcdbfb23e433998ec34,delivered,2017-10-20 20:55:17,2017-10-21 03:06:01,2017-10-23 23:33:41,2017-10-31 22:12:36,2017-11-09 00:00:00
34b630a20e82d7e009b8fd8347596cac,bf6c410fe2a50bb23239b57ee1fb8f26,delivered,2018-01-23 09:26:49,2018-01-25 02:38:12,2018-01-26 02:06:51,2018-01-29 20:27:39,2018-02-15 00:00:00
c111a2ee4155c4150716cf0e50311d06,05a87ac6766c8ae5ae93c0a249b5508d,delivered,2017-03-30 13:34:50,2017-03-30 13:45:15,2017-03-31 09:59:05,2017-04-15 13:22:36,2017-04-19 00:00:00
22ee2aa8eabfe51f0ed9d8b92824cd53,fde64bde51785db002967d3ead4b36de,delivered,2018-07-18 06:31:49,2018-07-18 07:01:33,2018-07-18 14:24:00,2018-07-27 14:17:27,2018-08-06 00:00:00
8dd157f9e9b6d962be4a88d78a5c1d45,7fc9c2205e1c413236bd7c1e4fb0f53f,delivered,2017-07-22 14:42:47,2017-07-22 14:55:14,2017-07-26 10:36:03,2017-07-31 19:38:00,2017-08-11 00:00:00
b67ec1ba150cc097d3ab518272e6cf3f,d383ffa554accda33e87d9d5df2d7bd7,delivered,2018-07-16 16:41:20,2018-07-16 16:50:19,2018-08-02 07:18:00,2018-08-10 17:16:53,2018-08-03 00:00:00
fef894b62a0f41d0511cdb289f554533,0769ab693e5378ff144663d3fb3eb792,delivered,2018-04-18 08:22:18,2018-04-19 02:15:23,2018-04-20 18:13:36,2018-04-24 16:07:43,2018-04-30 00:00:00
859baae7fe80b6ffdc2904cc16e16431,9a926a6d7f4cfc314e04fd9b4eed0672,delivered,2018-08-02 12:04:42,2018-08-02 13:30:53,2018-08-06 13:58:00,2018-08-07 10:58:40,2018-08-16 00:00:00
e7f8b6dad6d14bd7555e2bcff5790f33,fc79438f18212d55e578ffd235a6f95f,delivered,2017-11-09 16:05:46,2017-11-09 16:26:33,2017-11-14 21:59:27,2017-11-21 18:47:27,2017-12-05 00:00:00
3cb3f6f3260322db164ba9b44b6a07af,c98b7957f7c40a66e916512d00d46a2b,delivered,2018-03-12 18:10:59,2018-03-12 18:29:35,2018-03-13 21:48:31,2018-04-19 04:28:23,2018-04-06 00:00:00
ba1f6216a5c2428edf225c23708fb2a3,0677c160b8b19e0873a5096b5bdac0a5,delivered,2018-07-31 14:56:12,2018-07-31 15:44:33,2018-08-06 15:09:00,2018-08-09 19:03:08,2018-08-27 00:00:00
1fc96c24536a72f7707e0684d6886610,0e02bdf960198a4a18cde1eb87c230b3,delivered,2018-02-27 14:12:54,2018-02-27 14:29:13,2018-02-27 23:07:49,2018-03-19 23:34:33,2018-03-26 00:00:00
687360c3a0855ebff512cb8b6ccab95f,1b1dfc50053699ae79b11eb126c0bca2,delivered,2017-11-24 22:00:23,2017-11-25 00:35:19,2017-11-27 20:03:48,2017-12-04 21:42:23,2017-12-21 00:00:00
f2a981144e3633e7a6283e0dc92e62a7,593b02bb67c69b21a32bf4f28fe3fe6d,delivered,2017-11-16 14:39:39,2017-11-16 14:52:02,2017-11-21 09:38:31,2017-12-07 13:59:05,2017-12-13 00:00:00
715001949a42ea3ce6599c13f748dbb5,3cbb1f9baf4a4cc2e574a514091d9c6e,delivered,2018-05-02 10:47:01,2018-05-02 11:13:41,2018-05-09 12:44:00,2018-05-10 20:46:51,2018-05-17 00:00:00
fa3d745324c8a96e112e217b025689f1,ac1a389528fe61d073b809c5cd02d95a,delivered,2018-02-05 14:38:57,2018-02-06 15:56:02,2018-02-10 14:27:04,2018-02-19 16:04:36,2018-03-13 00:00:00
46d45c02db0c16939f8f1c45a9c8a344,56ef7b991567c06caa6eb5f470716ee3,delivered,2017-07-03 20:29:51,2017-07-03 20:45:12,2017-07-07 19:21:54,2017-08-15 11:47:30,2017-07-25 00:00:00
072916d00b6a53edec9ccdb3eba1bdf4,a4f138dbdd2ad412bc7173fedc0e0bfd,delivered,2017-09-14 16:21:19,2017-09-15 16:25:16,2017-09-19 19:36:11,2017-10-04 11:23:00,2017-10-11 00:00:00
108173215646e9b5697cc0da5140f13f,355670f34587eb802a40006a0fe3374f,delivered,2018-04-10 10:04:14,2018-04-10 10:15:13,2018-04-11 17:07:34,2018-04-12 17:36:43,2018-04-26 00:00:00
ce330ce003991988582d2fac28b901df,9145fc506c5f6bc8ba41754b1950da05,delivered,2018-05-04 15:44:40,2018-05-04 16:13:22,2018-05-09 15:13:00,2018-05-16 13:06:38,2018-05-22 00:00:00
60b17021cb20c803ad265dc1847f06a4,1435646705531d9d7ecba595d247bd50,delivered,2018-07-24 17:06:32,2018-07-24 17:24:18,2018-07-25 14:17:00,2018-07-27 15:38:32,2018-08-08 00:00:00
632d2d4329144ecd9b722a64e8756021,a0c9a96bddda514e326768ea17f07e3b,delivered,2018-01-31 10:00:15,2018-02-01 09:55:37,2018-02-05 19:59:00,2018-02-19 20:39:14,2018-03-01 00:00:00
e2d092db21e901d04985350bf0e748ac,08fbfcc1b6c48f73ddca8312c78f6f53,delivered,2017-01-18 20:11:57,2017-01-18 20:25:10,2017-01-22 21:41:59,2017-01-27 09:37:35,2017-02-28 00:00:00
96bd9c3ad7366522a8a0ef40301faeb5,889cd3474f77acd3ef0855d052106597,delivered,2018-02-26 12:30:46,2018-02-26 13:20:27,2018-02-27 23:56:42,2018-03-17 01:06:37,2018-03-19 00:00:00
5fb4ea19db61afd32a7c48b4200b9455,42d652cc2f5e6c9c6c553bcd3a9b55a5,delivered,2017-11-24 15:03:08,2017-11-24 17:20:35,2017-11-28 16:02:52,2017-12-13 18:17:09,2017-12-15 00:00:00
f89525a2a79be7efb2afb5844cf2652d,95b4a36f930a1f9f697ec131a1a20729,delivered,2018-01-24 11:18:06,2018-01-25 02:58:15,2018-02-01 00:58:40,2018-02-14 10:46:36,2018-03-01 00:00:00
ae9da8a9447f05b1310ecf197fca8bb5,f1442ab94c95e9913594b849c1e217fe,delivered,2018-04-08 07:57:38,2018-04-08 08:10:14,2018-04-09 22:19:46,2018-04-30 22:46:46,2018-05-08 00:00:00
3174b803120ff7406c6d04c542a80bfb,dcbedfb087496e64857829044630a2b2,delivered,2018-02-19 15:51:58,2018-02-19 16:55:51,2018-02-20 19:58:57,2018-03-07 17:48:45,2018-03-21 00:00:00
1babfee437780308ec561f18fe055a6f,60d789c27fc12b99518a66072e501ad7,delivered,2018-06-18 12:59:23,2018-06-19 04:16:40,2018-06-20 08:42:00,2018-06-21 20:36:36,2018-07-11 00:00:00
491796bba785a397014b993ef8006380,7ec2fa9e2ebba90c99f413e7b8c5f3cd,delivered,2018-01-26 12:03:26,2018-01-26 12:21:39,2018-01-31 17:34:03,2018-02-19 19:48:57,2018-03-12 00:00:00
3c79ec251c0c9e0831dcc2cf541c5dda,02f615f19af07c54a0d4653308f6674b,delivered,2018-01-25 23:41:44,2018-01-25 23:53:19,2018-01-26 14:24:32,2018-02-14 16:17:01,2018-02-21 00:00:00
3ffd7375839be4547d1c419c90403c27,b062e21ddddbe16aeb797c181e1781e1,delivered,2017-11-25 21:39:12,2017-11-25 22:16:48,2017-11-30 12:02:53,2017-12-11 19:22:33,2017-12-19 00:00:00
49410e2fb311cf8b70baeea98a3cdbf1,973d4d86f73cebd0e362b5e7b1ff21b6,delivered,2018-08-01 22:05:17,2018-08-01 22:23:53,2018-08-03 15:03:00,2018-08-13 12:03:53,2018-08-29 00:00:00
bec6392d5d6a42bfd3a09e8732127f0e,9e6b8ac2dc1c8ba93524d13cbb88eef2,delivered,2018-04-24 11:12:33,2018-04-24 18:56:35,2018-05-02 14:50:00,2018-05-03 22:03:59,2018-05-09 00:00:00
6c2dcfbb6b7343d1baeb186ccfc217f0,29ab6f0efa83bad4156309c2ca057e21,delivered,2018-03-21 12:06:36,2018-03-22 22:27:30,2018-03-26 21:00:14,2018-03-28 16:36:35,2018-04-10 00:00:00
6fa507b714ac24b88af01fdc92ccb77c,a0f6c55b4629fe861494feabd08f8e91,delivered,2018-01-28 12:14:09,2018-01-28 12:39:55,2018-01-30 02:36:45,2018-02-20 17:20:08,2018-02-21 00:00:00
bdc8e349078c5028fba22d1da1066974,29b4a67a15ed1f8e7a4927595c80363d,delivered,2018-07-31 23:25:20,2018-07-31 23:44:07,2018-08-01 19:33:00,2018-08-03 18:48:54,2018-08-03 00:00:00
33c97c0983409cce4352fd750138e556,5315024f901f933bd377d1bca7928057,delivered,2017-12-02 12:02:34,2017-12-02 12:20:26,2017-12-05 16:08:59,2017-12-15 18:47:22,2018-01-09 00:00:00
67e09c3ba79d3041e1653c7dbf03425f,bd930a85ef27d61b7f4b99458ada6956,delivered,2018-01-30 16:11:21,2018-01-30 16:34:56,2018-01-31 23:39:53,2018-02-21 00:57:43,2018-02-23 00:00:00
4bd99e53cba81bfc30dea95659b864e7,a5bfea387ffb4b85ef0e5f849d2ceee2,delivered,2018-04-16 15:03:22,2018-04-16 16:00:42,2018-04-19 01:50:54,2018-04-26 17:42:09,2018-05-11 00:00:00
8e238195658d4539944106a75adb0d60,2cb5c5492e971898f891f51efdf57042,delivered,2017-04-23 20:30:30,2017-04-23 20:42:15,2017-05-05 18:44:51,2017-05-15 15:08:41,2017-06-08 00:00:00
21fb27ca0d5674a275138792e721612a,1e2c638fa75913b65fe1dc2978620ac6,delivered,2017-10-29 12:41:22,2017-10-29 14:05:45,2017-10-30 21:43:46,2017-11-07 22:12:41,2017-11-24 00:00:00
6be0accbc7586ba7eb6b9d35bb2023f4,ec98c7a2e610280ce0d0c0c699f3ffe5,delivered,2017-03-07 17:48:51,2017-03-07 18:03:25,2017-03-09 14:39:15,2017-03-15 10:51:59,2017-03-24 00:00:00
694171d7d81744391df6d1b79dd82695,bdd0f17022455a9b45e7d5db47fb6598,delivered,2017-05-08 16:35:04,2017-05-08 16:50:14,2017-05-09 12:02:47,2017-05-16 14:57:47,2017-05-29 00:00:00
24ae0d766df69840feedaece7acfc653,c5caf3ba9c0bec1cb22624b0759839fb,delivered,2017-03-13 07:54:19,2017-03-13 07:54:19,2017-03-21 09:08:17,2017-04-13 16:42:26,2017-05-08 00:00:00
604d4d8f967d87d742da674124602dfe,d3f56203c997766f1acc7949ce48d1fa,delivered,2017-10-08 20:09:53,2017-10-08 20:25:01,2017-10-09 17:25:12,2017-10-17 15:47:58,2017-11-08 00:00:00
03fa3f4dec4b3647d00532079f723fec,b81c7ffaa716801ef032807a715af762,delivered,2018-02-26 14:18:54,2018-02-26 14:35:36,2018-03-09 22:05:48,2018-03-21 22:38:48,2018-03-29 00:00:00
eafad4b2586c3b611bd4091b1cd796eb,9740426f6754e2dc6ef38d65023ee4ee,delivered,2018-05-04 13:18:22,2018-05-04 13:33:19,2018-05-07 13:55:00,2018-05-12 19:03:57,2018-05-23 00:00:00
3eceaafe1639eb6b25f3cd604891c218,a9f4c806882b64a1a745053ae9f90d7b,delivered,2017-01-24 22:27:20,2017-01-24 22:42:04,2017-01-31 15:21:53,2017-02-06 10:55:55,2017-03-03 00:00:00
756a548a4e48d6c87648cfc577b08a86,fb416182d6b5de459541c674a8708107,delivered,2017-12-04 10:10:12,2017-12-05 11:23:47,2017-12-05 23:09:47,2017-12-19 21:11:35,2018-01-02 00:00:00
0d906917988b5c890f8a5d80c26f8f32,88cd6a53a7d139e711f3fcbb57675255,processing,2018-02-04 14:21:50,2018-02-04 14:35:32,,,2018-03-07 00:00:00
45f538a7067ec91ebf71a1bc95a63be4,5996053930f57df892c5c73d6d2ef325,delivered,2017-10-22 19:54:34,2017-10-22 20:07:14,2017-10-24 21:36:06,2017-10-31 22:51:41,2017-11-10 00:00:00
a770d696d001cb50c7ef69105c3e06f4,8bb43b5293f09bc087cedf01a2de7b47,delivered,2017-11-23 10:14:39,2017-11-23 10:28:28,2017-11-23 23:32:12,2017-12-20 19:29:09,2018-01-11 00:00:00
0ee55c31a39d19fd857c0c8a80b2001f,15de0ec010b2ebd460855dfffeaa9845,delivered,2018-04-14 10:50:26,2018-04-14 11:12:21,2018-04-16 17:58:29,2018-05-04 17:28:35,2018-05-08 00:00:00
7775905e7b5449352cb062950d854bed,5e93191479d3fd4ab6079da767193ad2,delivered,2017-12-02 21:54:18,2017-12-02 22:06:24,2017-12-04 21:42:16,2017-12-15 22:47:55,2018-01-05 00:00:00
ce6cb2b1ad992ad81325f7672d407696,ba0521336f7c439f03c46e2d99001345,delivered,2018-03-08 23:18:19,2018-03-09 01:27:35,2018-03-12 20:33:04,2018-03-21 23:33:20,2018-03-29 00:00:00
1ce624df940711ffea6e5176a18eee87,de5eeb7f22e90d51b4ed3d6d43905397,delivered,2018-07-12 10:40:34,2018-07-12 10:55:11,2018-07-24 13:21:00,2018-07-31 19:52:38,2018-08-10 00:00:00
a0561ee24fed493c610bc0c25d2ec9bb,ff8fb04f5d19bda82fe60888da7b0898,delivered,2018-01-16 21:31:29,2018-01-16 21:50:52,2018-01-25 23:23:02,2018-01-30 15:16:41,2018-02-14 00:00:00
911e92767c07ba9926268bae6b4362b3,93e2e45487cce23a08f3cd756a8f0bd8,delivered,2018-02-10 21:55:42,2018-02-10 22:08:58,2018-02-15 19:56:34,2018-02-22 23:03:56,2018-03-19 00:00:00
4b186efcda6f283e9c4a71332f6d3ad0,cb58cd7d199d31c8320261119c8eca20,delivered,2017-04-07 19:27:31,2017-04-07 19:43:04,2017-04-08 08:44:39,2017-04-18 13:46:56,2017-05-03 00:00:00
047d7bce997c4e73c6efe724711fd3b8,f0edfaa912ad71ab12fcb5495bdba415,delivered,2017-10-15 21:28:17,2017-10-17 03:56:21,2017-10-23 13:40:03,2017-11-01 20:47:49,2017-10-26 00:00:00
df88b0cc3e7f259f624f37b5a9c8eae9,f146209286bbd669b4dbdfe4ef50422e,delivered,2018-01-28 22:35:06,2018-01-28 22:54:24,2018-01-30 17:41:43,2018-02-05 16:28:56,2018-02-20 00:00:00
63cf2db4fe1c8f21a8a02023cef68212,f185bbcfd9e3dfabdda0f27cf2fb4364,delivered,2017-05-22 19:49:12,2017-05-24 10:02:25,2017-06-01 14:27:39,2017-06-13 14:12:24,2017-06-20 00:00:00
bff4ece9fb17abc1ce53f6fcaa7949d5,2758f5c95b77928e1a1b34ee48e6c8ff,delivered,2018-01-18 14:07:53,2018-01-18 14:18:26,2018-01-19 00:32:44,2018-01-19 22:09:00,2018-02-02 00:00:00
8564fe80e76566e25b05d31fca8a2393,0fe5a52d97e7498989f1c52b4abda1f5,delivered,2018-08-17 13:18:00,2018-08-17 14:30:40,2018-08-20 13:35:00,2018-08-23 16:44:51,2018-09-11 00:00:00
34d92634e60b8234ac42750fd4b76fec,09fbecf8830f7101507de86b623f24c2,delivered,2018-03-29 19:58:40,2018-03-29 20:15:16,2018-04-03 23:46:33,2018-04-10 00:32:24,2018-04-25 00:00:00
9d70bcdf379a446b3a834de708aa7781,47a50cd83d2890b1adddaa2ef6548670,delivered,2018-07-03 23:26:30,2018-07-05 16:17:23,2018-07-04 11:55:00,2018-07-07 13:14:44,2018-07-23 00:00:00
543208567174edffa48d4c3262b0343e,f5d02e908f5fe2c6c7f1207989c1b114,delivered,2017-07-03 14:52:37,2017-07-04 03:43:45,2017-07-05 12:04:09,2017-07-10 18:13:53,2017-07-31 00:00:00
17c7d18b95217b2fbbc15a88ef4f564f,5c84a8216347ecb5dd3f89878d453966,delivered,2018-05-29 20:20:20,2018-05-29 20:35:20,2018-06-04 08:00:00,2018-06-12 18:18:31,2018-07-24 00:00:00
0382a4a9c39917c21b842b7c15f4be23,3e15b2d3a5fac27b51a5d2dbd01d18ec,delivered,2018-08-14 18:17:36,2018-08-15 03:23:59,2018-08-15 11:57:00,2018-08-20 21:18:53,2018-08-23 00:00:00
26e3ef9735227d94c5e14a0a461d0ab5,ee0d30f65ed72f4041f9a5ced21e762f,delivered,2018-05-11 03:40:43,2018-05-11 03:50:36,2018-05-11 11:43:00,2018-05-17 16:12:25,2018-05-30 00:00:00
39088c337dc4bbb9ff7797fcfdeb6f3a,bdc88e3fd56ab201e8145c35184bbd86,delivered,2018-06-08 20:51:57,2018-06-08 21:15:18,2018-06-11 12:37:00,2018-06-18 19:35:49,2018-06-29 00:00:00
9d1eb64210d5032e71bfef36f9796c53,052b1f40f45996ad66092c6a6fd85877,delivered,2018-01-19 23:43:48,2018-01-19 23:50:21,2018-01-22 18:51:33,2018-01-25 18:04:21,2018-02-15 00:00:00
f3b26a8dbd85e93a90ae813f6d67b2a0,53225ce513466acef19da0494fa7a7c6,delivered,2017-11-24 14:54:11,2017-11-24 17:10:38,2017-11-27 16:49:59,2017-12-06 22:32:58,2017-12-26 00:00:00
6727a4e9eed7135cefc6d0f9de7f88a3,ce9c84a5a9d089aee9b8fa2a5fe5bf77,delivered,2018-07-23 08:06:43,2018-07-23 14:31:35,2018-07-24 08:11:00,2018-07-27 18:58:20,2018-08-06 00:00:00
cbfe74ef856d2073108d99d7c6407e80,8ec31207d29ab8044ced7bfbc6595c3f,delivered,2017-11-28 15:05:44,2017-11-28 15:19:21,2017-11-29 22:18:03,2017-12-02 00:32:50,2017-12-12 00:00:00
c4f9374ecfc61f98f4b58ea449f81087,b7d67bc07c5cf3009890399f81416a9a,delivered,2017-06-18 19:36:46,2017-06-18 19:45:21,2017-06-19 20:03:42,2017-06-26 10:06:59,2017-06-30 00:00:00
e351155ff64b9c7d91161289dc6e69c2,a2e02f003a155f5ca89a4fd48cfe2068,delivered,2018-01-04 20:17:29,2018-01-04 20:28:32,2018-01-05 20:38:46,2018-01-31 16:48:54,2018-02-23 00:00:00
a14df9fc5ca3766de545916e143acb06,4c64c0731b98ff02f7060fbad0d85c0d,delivered,2018-07-15 14:54:03,2018-07-15 15:10:10,2018-07-17 07:02:00,2018-07-23 17:11:48,2018-07-30 00:00:00
9d532b51b8f3d1f0103c34fc72fe1816,197db000773478f3cf1bbca20cdd20fa,delivered,2017-08-03 20:01:55,2017-08-03 20:15:20,2017-08-07 20:18:41,2017-08-19 12:07:53,2017-09-01 00:00:00
bbc6d3daf51cc53198aea4cf9950cfe2,994893639c0c67587064238a90e33a8e,delivered,2018-08-18 08:22:36,2018-08-18 08:35:11,2018-08-20 13:35:00,2018-08-24 17:33:05,2018-09-04 00:00:00
13c9b5d9c2ccb662b1d4e636b424de20,492275f120fd0402e55df89dafa24276,delivered,2017-11-24 08:49:04,2017-11-24 09:14:37,2017-11-27 20:36:53,2017-11-29 20:55:10,2017-12-08 00:00:00
a2d8aaf39efc96fe140eda3e8f2e337e,2c8f11d30a852df3dacc6f0ce6ed357c,delivered,2018-03-01 16:43:57,2018-03-01 16:55:57,2018-03-05 11:32:18,2018-03-17 10:08:29,2018-03-20 00:00:00
de3205739b43c0284c856d5bd725dc55,bd6292322eb6573fc98ac5931d04f5e3,delivered,2018-01-31 21:39:27,2018-01-31 22:09:43,2018-02-06 17:15:06,2018-02-07 23:22:55,2018-02-16 00:00:00
c977f4831578bc1ea3d13592827eb6fb,afad943e741ecb9987d3be8e8bf37b7a,delivered,2018-06-26 22:40:37,2018-06-27 08:12:16,2018-07-03 14:01:00,2018-07-06 20:26:34,2018-07-26 00:00:00
459be7860aaac045ee0b2f5a1fb8489e,a807a66ad2325ee7f76132fefb05ca95,delivered,2018-01-06 11:46:43,2018-01-06 11:57:52,2018-01-13 00:26:45,2018-01-19 15:24:21,2018-02-01 00:00:00
a966152e4fc6b7e1891aadd4406c7c4a,d339a723a489601e585d4f733a94bfe4,delivered,2018-04-02 21:10:31,2018-04-04 03:08:55,2018-04-11 02:32:39,2018-04-13 20:06:34,2018-04-23 00:00:00
82a11e82ea02c7e3381366e935c1126e,ff6b440b2465bfaef05c675efb48cd15,delivered,2018-05-23 09:07:46,2018-05-25 02:54:54,2018-05-25 12:11:00,2018-06-06 16:18:51,2018-06-07 00:00:00
c3fc148b164409876f756553d99a1e6a,25da2fe41a3784f15e6863b462af834e,delivered,2017-10-10 15:57:11,2017-10-10 16:08:55,2017-10-11 22:18:44,2017-10-26 17:19:55,2017-11-10 00:00:00
17aee91466443df022e04e60326597b7,0eb2609516b927fa417f07ad4aa38fc7,delivered,2017-12-02 18:31:53,2017-12-02 18:57:09,2017-12-04 19:16:47,2017-12-06 16:17:05,2017-12-20 00:00:00
87317718d67eda6146e87be5a4688d63,df6cad6f4f2bd25475d9c36db3c65331,delivered,2017-12-28 18:59:26,2017-12-28 19:07:39,2018-01-05 19:15:36,2018-01-24 00:09:48,2018-01-31 00:00:00
922587c6bf637f545a82eb3f9136ae30,dfd264259bc12c0eacb0fd8c51d6a09c,delivered,2017-08-18 10:58:15,2017-08-18 11:15:08,2017-08-22 19:45:34,2017-08-28 18:13:15,2017-09-22 00:00:00
200af1dfa6b1bbe29adcddac8ed2a00b,11a5f3092fc00cabdee343a56943d40b,delivered,2018-01-15 16:56:30,2018-01-16 04:31:01,2018-01-17 17:24:48,2018-01-31 21:06:53,2018-02-06 00:00:00
dc0c4c970ae6b97b389d2e44a500f931,c78ae6d35d08ea9b9fbbd180c70b0ba5,canceled,2018-05-05 15:04:54,2018-05-05 15:15:16,,,2018-05-17 00:00:00
07ac5d2775e382ce0fa8132f74330cb2,338e6042821357f927ba8e5bc128c832,delivered,2017-11-27 23:45:14,2017-11-27 23:56:21,2017-12-08 12:41:32,2018-01-07 11:22:18,2017-12-29 00:00:00
845f4b93a5d0c16feb325ed52d31799b,66b12893cb142f674e7af2e91f9ee2d7,delivered,2017-03-29 02:52:55,2017-03-29 03:02:36,2017-03-30 16:09:41,2017-04-11 13:23:05,2017-05-03 00:00:00
d809ddde66fee6223df16b11231491f9,ec512aec44574fceef73903803b3b382,delivered,2017-01-07 17:20:56,2017-01-07 17:30:21,2017-01-12 10:17:41,2017-01-25 10:14:08,2017-02-17 00:00:00
b7cae694c780d4c511f348d882008f63,f789ba37b1655d236b536758e073e0fb,delivered,2017-11-24 01:27:23,2017-11-24 01:38:47,2017-11-24 17:19:11,2017-11-26 12:14:01,2017-12-08 00:00:00
13badfaf0fa0a80d7dc85eee772ffc98,0cffa37771adf197371fc9f829c6573d,delivered,2018-03-18 23:01:00,2018-03-18 23:10:34,2018-03-20 14:17:21,2018-04-04 20:28:38,2018-04-12 00:00:00
d9a773e7df6786848cdbd6049d1ce793,4bdb4fcbc7298ab2366b361cc088d5cf,delivered,2018-03-11 20:26:20,2018-03-11 20:35:38,2018-03-12 23:48:27,2018-03-26 14:22:56,2018-04-09 00:00:00
03708181cb41c558287d1feff6df5cb6,7a2a4f108f5de77e0e1ed87dc208a267,delivered,2017-12-12 19:01:39,2017-12-12 19:29:53,2017-12-15 17:12:55,2018-01-03 18:24:47,2018-01-12 00:00:00
7bcd0046dcddeefcc87ed07ba748966b,04aac1179f493ca4027fdb822789e857,delivered,2018-02-27 15:39:48,2018-02-27 15:55:26,2018-03-17 00:08:25,2018-03-19 22:11:02,2018-03-13 00:00:00
0b17b204a1785111272edfadb2aa9e94,0db0eb41bc86fb464a6e175e06304992,delivered,2018-08-01 21:33:30,2018-08-01 22:04:00,2018-08-03 10:03:00,2018-08-08 13:04:42,2018-08-23 00:00:00
41b0453ab02025f52af28600854f3682,efab8c8d0fb7ce695fb7321e851fd0a5,delivered,2018-05-05 07:12:07,2018-05-05 07:33:40,2018-05-08 13:25:00,2018-05-11 23:04:39,2018-06-06 00:00:00
265e89a62092ab36c7e1852464cdb377,d9099622aba33ba41b04642e07aaec3f,delivered,2017-05-02 20:55:58,2017-05-03 16:03:00,2017-05-11 15:42:52,2017-05-19 12:53:59,2017-06-09 00:00:00
18ea31163ebdbdd5972db7345aca7ae5,51adcd5d6087dc721c98bf88ed9769d5,delivered,2018-02-25 22:49:17,2018-02-27 04:31:04,2018-02-27 22:28:56,2018-04-07 18:54:33,2018-03-22 00:00:00
df1a358e7d663001a78f5c0d0ef374cd,54dec9fabb23500ae9c39aa042629cad,delivered,2018-02-05 19:15:27,2018-02-06 19:11:02,2018-02-07 18:38:49,2018-02-09 00:35:33,2018-02-21 00:00:00
df5c6aca62db71fbe451c0408bde2817,0db3d540da7eb431e5c5969fca57ca07,delivered,2018-05-31 11:58:13,2018-05-31 12:14:45,2018-06-04 10:57:00,2018-06-12 19:41:28,2018-07-19 00:00:00
e0e7a5ed15876cb23ebbdbf2879c76d1,0852c9fc981f16e491aaa5a66a0b4de3,delivered,2017-11-14 16:23:41,2017-11-14 17:04:15,2017-11-16 16:21:23,2017-11-25 16:19:00,2017-12-05 00:00:00
9fcf88bff4cc7f181009e179831e31e5,8192d45a95ffb68fa65b27e08522eeb9,delivered,2018-02-07 14:33:40,2018-02-08 07:50:32,2018-02-08 16:07:38,2018-02-16 21:37:12,2018-03-08 00:00:00
e72e22dce48aaee824371b8e02641f15,d1ea8164411774eb6b46718f894eaace,delivered,2017-10-16 10:31:44,2017-10-16 10:49:22,2017-10-19 20:37:46,2017-10-25 21:37:54,2017-11-03 00:00:00
9b087af1d905d8987ae126797c9d15b1,3ac536aa3b70068437132144e3a1e1ea,delivered,2018-08-01 13:47:04,2018-08-01 14:04:26,2018-08-01 13:31:00,2018-08-08 13:35:29,2018-08-15 00:00:00
db7ba1651fa9b12357f71dd1606ec722,7a0080167c446b9791171a3d8114cdbb,delivered,2017-12-02 18:25:16,2017-12-05 04:17:24,2017-12-05 22:18:51,2017-12-18 23:04:00,2017-12-28 00:00:00
01c2c8708930c4fb8ed278dfe7ec93c7,bd5367862812e14c7400da5cd1e1b135,delivered,2017-11-26 20:19:15,2017-11-26 20:33:04,2017-11-27 19:21:33,2017-11-30 23:29:01,2017-12-19 00:00:00
3a168e53eaf8e5ae8414ebfa6ae255fa,96005b4abb11afe06d571867a50c9816,delivered,2018-04-16 21:12:30,2018-04-17 05:50:42,2018-04-18 03:32:53,2018-04-25 11:17:00,2018-05-08 00:00:00
da9f0f35a47f2c08810250876af67d90,deca74811eafebd0f6bf28394e96b935,delivered,2017-04-06 21:40:58,2017-04-06 21:50:22,2017-04-10 16:32:03,2017-04-18 12:21:27,2017-05-03 00:00:00
03faedb6f3c4299c7cd934f5242b194c,88624d7d20ec8bcd35a8dbc1ca51085c,delivered,2018-05-04 09:39:39,2018-05-04 09:55:17,2018-05-04 14:52:00,2018-05-11 20:21:35,2018-06-08 00:00:00
194c72d466120c8e1241d610c72cc5e9,4b363e6fce789d1f4e9b86c41fb88c5b,delivered,2018-02-06 13:25:41,2018-02-08 07:35:56,2018-02-09 00:42:51,2018-02-26 19:39:07,2018-03-14 00:00:00
29f49e25d09d4c903d8b17278b5e59bf,134c4f058da5373cdb64f3b4d0c2f90a,delivered,2018-01-29 17:44:02,2018-02-03 23:31:44,2018-02-01 10:42:12,2018-02-16 18:56:33,2018-02-20 00:00:00
9c402f04e5ead60c0a79746ecaa35aa8,eb23a78ca4ccf2c917d46875fc553c59,delivered,2017-12-19 20:57:04,2017-12-21 02:11:56,2017-12-21 22:13:31,2018-01-08 18:15:40,2018-01-16 00:00:00
ab2e482aff4baa52ec6da817af85b981,3fec546fda08f460b090f82fb63bda6c,canceled,2018-06-26 11:43:42,2018-06-26 11:57:05,,,2018-07-19 00:00:00
9a1e4b3e892b5ea975db9c5ab5b97b62,351576a5d351dc7c259a97495e9eb075,delivered,2018-03-08 20:11:35,2018-03-08 20:29:09,2018-03-12 21:18:34,2018-04-16 21:16:54,2018-03-26 00:00:00
63fe772cad8908ac3cccd51f4b9c7318,18ad9aebfcebb839003218074d82f1ff,delivered,2018-01-04 19:43:26,2018-01-04 19:50:55,2018-01-18 13:18:39,2018-01-26 19:19:05,2018-02-20 00:00:00
b0aa40cb4d3896dc362952db107dd27a,c963a11c36f0bc769bcf6ae11d514fb6,delivered,2017-05-11 12:17:31,2017-05-11 13:05:43,2017-05-12 12:09:05,2017-05-23 10:12:16,2017-06-02 00:00:00
f22553f3a2c04eb65ee8f4f8f7371e22,263267862278a76cfe279454cc9c8886,shipped,2018-07-15 16:39:41,2018-07-15 16:50:12,2018-07-16 14:47:00,,2018-08-10 00:00:00
22a0afb00de21962e96bef9ec5b51223,b75c34f04848fcc6c5e61d1a44bbb67b,delivered,2018-08-07 22:32:02,2018-08-07 22:45:22,2018-08-09 14:17:00,2018-08-13 20:02:33,2018-08-10 00:00:00
17c8db71a75ad66669e25fc85341e6a1,417b3de6d7ba51583c7d1d9be3e002ff,delivered,2018-07-24 15:29:32,2018-07-24 16:35:13,2018-07-25 13:25:00,2018-07-30 18:04:11,2018-08-09 00:00:00
5d246b537802d7ec7fbcf84ba7e43199,e2f21fbbc2e620c9aa5e3a4b418095db,delivered,2017-05-01 20:47:54,2017-05-01 21:02:39,2017-05-03 10:48:06,2017-05-09 08:16:12,2017-05-29 00:00:00
ab478182632e0212e5edd04806d1238c,4b89ec593a026897dbe7c9e2b3d37894,delivered,2018-07-02 11:41:29,2018-07-05 16:03:57,2018-07-04 11:36:00,2018-07-10 22:36:42,2018-07-20 00:00:00
d4db24d5b411e01abda8e9dc3d1f858b,2860ca56e5fb60bf979dbea037d34871,delivered,2017-12-05 16:37:53,2017-12-05 16:56:26,2017-12-08 14:46:56,2017-12-17 17:04:28,2018-01-03 00:00:00
aef85868b291058edac07999dfc93307,14899a7f295c6833b50bc7950eb054dd,delivered,2017-11-17 19:40:58,2017-11-17 20:31:47,2017-11-22 20:58:40,2017-11-23 20:28:00,2017-12-01 00:00:00
afde4304cb6e11145784b6ea2126bb33,2a632e9d40a3a80a44f559f341a36892,delivered,2017-05-26 07:37:49,2017-05-26 07:50:15,2017-05-26 11:26:55,2017-05-31 13:59:53,2017-06-16 00:00:00
4edd97a383a190e45e83c16cd6460d63,c3b7eeb9e7073945a7935edf7d6f8343,delivered,2018-02-19 10:15:49,2018-02-20 07:27:28,2018-02-23 01:36:56,2018-03-10 00:03:11,2018-03-12 00:00:00
e6af218ec05996c969d34aa4e2dca436,8e513dc76bfa7aab62352652794c038e,delivered,2018-04-16 23:49:35,2018-04-17 00:11:42,2018-04-18 16:32:24,2018-04-24 14:38:46,2018-05-07 00:00:00
94c1ff18eed8c1bcedb78b7e0c27da55,8f7f98641f858a2af6090fde6ac4786b,delivered,2018-06-25 18:41:08,2018-06-25 19:02:36,2018-06-26 14:36:00,2018-06-28 23:23:20,2018-07-16 00:00:00
521a5e451c66c756246637be9f54f0ff,6e7be51fe3f3ee26ba10ae6f5e687346,delivered,2018-03-17 23:16:00,2018-03-17 23:28:51,2018-03-20 00:04:08,2018-03-23 15:08:37,2018-04-05 00:00:00
1d84d00f6d2334d63f35ba528cd0d99d,488f8793429e555fbc1204d10bf0f5f9,delivered,2018-02-10 16:50:42,2018-02-16 07:56:27,2018-02-16 22:38:54,2018-02-21 01:26:56,2018-02-26 00:00:00
c27185a2e9d628b1626fcff8538c876d,bfae4dcb0371d8a5a961d6f2658defc5,delivered,2017-08-11 19:18:12,2017-08-11 19:30:20,2017-08-14 20:25:02,2017-09-06 19:25:10,2017-09-15 00:00:00
251541a25df1711d076ab99d854e23d3,e1aeac227ee1fbff8eb722e14d52b080,delivered,2018-03-21 12:05:37,2018-03-21 12:15:27,2018-03-27 00:40:48,2018-04-12 16:38:37,2018-04-16 00:00:00
fe64170e936bc5f6a6a41def260984b9,30cd9604d86792fe87c3b31912998520,delivered,2018-04-28 17:18:07,2018-04-28 17:33:39,2018-05-02 14:24:00,2018-05-03 19:11:31,2018-05-22 00:00:00
766f2ea906854dba48165692221f51ce,d9dbc1673f25911995d69582277aed40,delivered,2018-05-26 13:11:35,2018-05-26 13:38:12,2018-05-28 13:27:00,2018-06-18 23:58:53,2018-07-19 00:00:00
c11faa9e69b3bc1dcafb2d5238ca7a89,ffa78a5bd171f26facc78c0409e86d3f,delivered,2017-11-03 16:19:56,2017-11-04 05:45:54,2017-11-07 18:52:03,2017-11-21 17:03:15,2017-11-29 00:00:00
b6e190ca29f9376b0743c8e68506a565,10a0f629db265627fe8db34cea5b118f,delivered,2018-07-25 12:20:12,2018-07-25 12:30:18,2018-07-26 14:24:00,2018-08-03 14:11:49,2018-08-23 00:00:00
164eb359d3649dc1dd4bc6adcb1bb0a8,d724f5ee880fb45b583a2eec850b4e14,delivered,2017-05-12 11:42:40,2017-05-12 11:55:11,2017-05-15 13:51:26,2017-05-19 20:07:47,2017-05-30 00:00:00
87aade85679539a3976169c4ffba9019,26634f5bae862fe171d429a8d632fc36,delivered,2017-10-05 18:46:15,2017-10-05 18:56:16,2017-10-06 19:34:01,2017-10-09 18:24:02,2017-10-23 00:00:00
fc44e7440e7fc16100498d1cc7d9c550,e4dff965f4c79eab64e4865936e2dfdc,delivered,2018-06-14 06:39:33,2018-06-14 06:55:56,2018-06-14 13:10:00,2018-06-27 18:51:45,2018-07-26 00:00:00
eb0786ebf8a32df3392caaf0727e7bbd,4ea4534f03b9bec97d923dc02b404656,delivered,2017-12-23 21:25:59,2017-12-27 04:08:44,2017-12-28 16:52:23,2018-01-08 22:25:05,2018-01-22 00:00:00
95bdac6e96f88756554972d72c5d9591,57ae8be4f9aabcffb5c7cc4d3b9ff87b,delivered,2018-04-19 20:25:20,2018-04-20 07:15:24,2018-04-26 14:31:00,2018-05-29 20:33:11,2018-05-21 00:00:00
9fcae628ca1ff23cc32e259e9335fa1e,98abca6196373abc2f6d0b12939b3db0,delivered,2018-01-12 20:09:02,2018-01-12 20:18:21,2018-01-15 23:58:55,2018-01-17 16:10:26,2018-02-01 00:00:00
16a182d2e328e5f0b3252d367e17bc14,7c89c189dfacb2f7ab36db6a13414178,delivered,2018-04-24 20:19:16,2018-04-24 20:33:31,2018-04-27 09:23:00,2018-05-01 03:04:20,2018-05-10 00:00:00
ee5739d57984e7039be92482245df99c,14346935674e0ec87b7c11e2af681833,delivered,2018-01-18 09:36:14,2018-01-18 09:50:19,2018-01-20 01:27:37,2018-02-01 19:28:31,2018-02-14 00:00:00
4b50fac9970bd5d46f41eab7855101a8,b7e5bee0c729f6d947ea3b7c6cd7ef0b,delivered,2018-07-19 20:03:11,2018-07-21 03:10:14,2018-07-24 11:38:00,2018-07-30 23:33:44,2018-08-10 00:00:00
4cb7d866ce5acba93c58383df3081469,d2d0c24e073cb688382000972536c1e2,delivered,2017-05-24 11:48:57,2017-05-26 02:30:29,2017-05-26 10:31:56,2017-06-09 18:29:30,2017-06-26 00:00:00
fc66187b5a6947e39a23ae1e6034913a,a841fb9010543883845d5cc513cac85f,delivered,2018-04-16 21:41:20,2018-04-16 22:32:32,2018-04-19 00:03:52,2018-04-30 19:38:38,2018-05-18 00:00:00
178ad6d5050011f2f0e7b7e66d6f02c8,9877fcd27590eefc7315fa5469dfe2f3,delivered,2017-08-07 20:16:02,2017-08-08 20:25:18,2017-08-12 10:48:51,2017-08-18 18:53:47,2017-09-08 00:00:00
fd3634dbb2f578420b7b7dc1633766ce,2b02213d249d2abc717cc1c6bb4e9cb0,delivered,2017-06-30 14:03:15,2017-06-30 14:15:12,2017-07-03 14:32:37,2017-07-19 18:27:22,2017-07-28 00:00:00
e49d0607832db7c3b1343764225d8df6,f8e05a045de09e7855c9df3bb8815e0e,delivered,2018-05-14 12:12:45,2018-05-14 12:40:00,2018-05-15 14:04:00,2018-05-17 11:35:59,2018-05-23 00:00:00
62a5349df8243987456fdd17fbe3b823,7fa5b19815a0b5e211dcf4d287f60e14,delivered,2018-03-10 17:10:12,2018-03-13 04:08:24,2018-03-15 21:32:07,2018-03-16 21:50:38,2018-03-22 00:00:00
482ef538799136578c9ae6ffc2d93252,4d698df81acf0709e8e4390d821431f9,delivered,2018-08-02 15:08:34,2018-08-02 15:25:48,2018-08-06 14:17:00,2018-08-08 14:04:44,2018-08-14 00:00:00
fb3cf8c9eb2412b0edc0a00a8f43a869,94595ccee21b11325952776b516a0345,delivered,2018-05-29 14:07:25,2018-05-29 14:39:27,2018-05-29 13:58:00,2018-06-05 21:46:32,2018-07-20 00:00:00
f4b046c0db54b6435a13f37ccdaf5fda,746e58d3571eec10e15051f3bfddc921,delivered,2017-11-17 22:20:59,2017-11-17 22:35:27,2017-11-20 19:15:04,2017-12-01 15:52:24,2017-12-13 00:00:00
5c98b0371ccabb3658a8094d57525994,e83fedad0cfc9a0c1bfbfd79463419c6,delivered,2018-02-20 11:22:05,2018-02-20 12:00:22,2018-02-21 17:51:43,2018-03-01 20:06:33,2018-03-14 00:00:00
abb76549f54fa02e04e1d3da5e8f3cce,84f8e654b54b0c3a65c2ff7f08ac14e1,delivered,2017-11-07 11:34:11,2017-11-09 04:31:05,2017-11-09 16:22:04,2017-11-14 23:03:35,2017-12-06 00:00:00
f6c07510a39cbc557247e18f069d38a3,ff55e4b1163819f09cb71434a8e72bff,delivered,2018-08-19 13:12:04,2018-08-20 11:49:44,2018-08-21 14:52:00,2018-08-29 16:48:49,2018-09-26 00:00:00
1a6d8f9122fec35f3e394f0b47abfdef,3f97fed1e37bd0bf66b6edf820af2cf1,delivered,2018-04-08 10:59:17,2018-04-08 11:15:08,2018-04-10 15:41:43,2018-04-13 17:08:38,2018-05-16 00:00:00
4f54cd2c8e8986790a962e3657390e1d,909fda33beae7afc1c2a8944810fb1b1,shipped,2018-06-13 11:47:50,2018-06-13 12:19:53,2018-06-13 14:05:00,,2018-07-03 00:00:00
70e381b75e694797015e96006a8b78cd,d99d6299a14c16bb64f4ea364c5f85c3,delivered,2017-10-02 10:49:05,2017-10-02 11:04:04,2017-10-02 19:44:55,2017-10-06 15:27:50,2017-10-24 00:00:00
a2941bd059891a9336409a22149acf24,4ac22b1186fc5ac2711abbb5ab167f0f,delivered,2017-11-21 15:26:29,2017-11-22 03:06:59,2017-11-24 18:49:02,2017-12-05 22:15:16,2017-12-07 00:00:00
ff280fe8985905ec69a41d6510cdcbe4,e63ff7ae3729eaf3129add7373322482,delivered,2018-01-30 20:36:55,2018-02-04 23:31:36,2018-01-31 21:15:01,2018-02-06 18:56:42,2018-02-15 00:00:00
1354bddf21d7082f73e70872571f55ed,20eca38e2ac0e9eb29a3f670b053389f,delivered,2018-01-20 17:53:37,2018-01-22 13:55:20,2018-01-24 18:59:22,2018-02-14 14:48:45,2018-02-20 00:00:00
4f7a5a0f703ed480db529b81affc0c46,eb32e0270f64f6fcbb667df6fc8dda84,delivered,2017-04-26 10:40:08,2017-04-26 10:50:23,2017-04-27 15:32:17,2017-05-15 15:57:44,2017-05-15 00:00:00
ee24cd508ad57fcffb82c94f9839b7cb,23f79341ad1ec38bd2395329a90d30e8,delivered,2018-08-10 00:40:57,2018-08-10 00:55:22,2018-08-14 10:12:00,2018-08-17 19:56:45,2018-08-22 00:00:00
5f32fe4a0180fa919a3a01ec75e5ba12,6364e6758c586ecffceded7d3a988efb,delivered,2017-11-15 18:44:53,2017-11-15 18:55:35,2017-11-16 17:51:04,2017-11-17 22:32:13,2017-11-29 00:00:00
ea9a48e8b350731ae78378381394a086,8c3d04e424d330c628d1c1f62342915b,delivered,2018-03-14 08:52:55,2018-03-14 09:48:27,2018-03-15 12:16:53,2018-03-16 21:17:50,2018-04-03 00:00:00
8fad1f3654133d30218cd4b6fae827ee,9111c8e96c761096f6fbe14a3a539f5d,delivered,2017-06-18 11:37:07,2017-06-18 11:45:18,2017-06-19 16:42:20,2017-06-22 15:34:10,2017-07-07 00:00:00
beb1c748e3742c97274d107f109c6298,a6f72f557361a8486bc61d508d44c31c,delivered,2017-11-04 20:04:11,2017-11-04 20:25:56,2017-11-07 19:32:43,2017-11-16 23:09:00,2017-12-06 00:00:00
d19c0ba4c4755afe2a5c8de1c4d52035,4c4c4602b30c46cb420caa46cbf33578,delivered,2018-06-14 12:12:21,2018-06-14 12:41:31,2018-06-15 09:51:00,2018-06-21 15:51:15,2018-07-04 00:00:00
ef800505ac201cb58850d693b4de0512,7a0a0dff83aeefda89b6ee6d372382b9,delivered,2017-07-21 15:44:37,2017-07-21 16:05:38,2017-07-24 19:22:48,2017-07-28 18:06:04,2017-08-16 00:00:00
489e65ffa771589cb1326dcc34f310f2,58b0c4899e2fd8a41bedef6542290bf1,delivered,2017-08-21 16:57:17,2017-08-22 04:27:25,2017-08-25 15:47:33,2017-08-30 22:56:42,2017-09-13 00:00:00
0ba9cadd4c71572ad9f78e7d3967b323,7db1a1c96774d32cbe8d8a8cc2686211,delivered,2017-05-10 22:44:15,2017-05-10 23:02:36,2017-05-11 10:26:42,2017-05-15 10:51:43,2017-05-30 00:00:00
ab12a70fb1db89901f89c16464249395,a9686bd14c5592e4a7ada5df264afcff,delivered,2017-08-13 17:22:39,2017-08-14 17:30:22,2017-08-15 20:07:25,2017-08-28 20:29:40,2017-09-05 00:00:00
eac1cf6cb1ee09ff44506b3bde3a847d,056e379e7b68ebed81da9a22a795aafc,delivered,2018-05-04 22:28:44,2018-05-04 22:53:34,2018-05-07 14:23:00,2018-05-11 17:02:45,2018-05-29 00:00:00
b3f1a526de73a85b4e83ac77cd483a05,c70b3ad842d741da256c02ef08a7159d,canceled,2018-07-02 22:04:07,2018-07-02 22:15:19,,,2018-08-20 00:00:00
39a8a29adbacd6bb73e50c85e4e69888,0d6e110921c992217068a9abc6053f91,delivered,2018-01-09 17:11:41,2018-01-10 10:32:27,2018-01-13 02:07:30,2018-01-23 18:48:10,2018-02-01 00:00:00
b885d5e857bb433aa2d6c530a08e5e44,3696a85a2220475b954ef5bcd6a1f91f,delivered,2018-03-22 17:50:39,2018-03-22 18:00:36,2018-03-24 01:21:05,2018-04-11 18:03:24,2018-04-18 00:00:00
db655922543a6cebb4a48f8290405a60,26c94ffc59144c1c520e561a857ebbc1,delivered,2018-06-14 18:41:13,2018-06-14 18:58:09,2018-06-15 14:44:00,2018-06-22 17:42:16,2018-07-13 00:00:00
18827f4a6a534ed3eae539fe6f17a1b1,b121d308b7867f7c0aeba9ce025a08d3,delivered,2018-01-14 14:33:35,2018-01-14 14:48:28,2018-01-16 22:34:17,2018-01-24 19:33:28,2018-02-07 00:00:00
607cf95d7f8a8c1590f421fecdf0d95c,b1f66681b5134dc6670fc734a832e94c,unavailable,2017-11-15 18:34:26,2017-11-15 18:50:35,,,2017-12-12 00:00:00
bd2b27e7b86e92bf9533282715b8de2a,780bc009c04d4dc9256dac9b2b5a5f5e,delivered,2018-01-21 22:43:27,2018-01-23 03:52:20,2018-02-08 20:29:03,2018-02-20 18:52:51,2018-02-14 00:00:00
03c939fd7fd3b38f8485a0f95798f1f6,2a35ad9f439dfc62d35a0202e71d6c66,delivered,2018-02-25 21:01:08,2018-02-26 09:35:46,2018-02-26 22:46:40,2018-03-19 21:48:52,2018-04-02 00:00:00
d98fa029a1d4f7a477678c66f0a5d780,a62e891e73a1412941a1ec16d02e1bf6,delivered,2018-04-17 15:07:31,2018-04-18 15:11:25,2018-04-20 02:26:40,2018-04-25 17:28:22,2018-05-10 00:00:00
b6ec749459197dc03576375a5b65f5a4,e636fc15d9392987ffb13a9b25bd16c7,delivered,2017-05-15 19:56:03,2017-05-17 04:10:16,2017-05-24 14:39:46,2017-06-01 10:52:10,2017-06-19 00:00:00
722d169b73fb0bc2bb0e38ff703e9621,715eaf0bb188893370ffd5fae46a37c0,delivered,2017-11-24 14:21:45,2017-11-24 16:33:36,2017-11-30 16:42:06,2017-12-08 22:17:57,2017-12-14 00:00:00
5de467fc62321ccf52146c24a059da7b,018c66db66454034193517ab79423f70,delivered,2017-07-15 13:49:34,2017-07-15 14:02:55,2017-07-17 19:13:03,2017-07-18 19:16:02,2017-07-28 00:00:00
b313fc60227234f6c73ab4f2585b5365,7bf92820488d5d5d8ec42c1251b90679,delivered,2018-05-14 15:26:16,2018-05-14 15:35:25,2018-05-15 13:25:00,2018-06-05 18:54:28,2018-06-13 00:00:00
31f2497110f1ac4723c65060cd81dd92,18a4c896676ed4abae6395f7b521ab38,delivered,2018-05-11 20:27:51,2018-05-11 20:56:59,2018-05-14 06:25:00,2018-05-16 14:54:01,2018-05-25 00:00:00
bde70300820015633b5e34e0bda10360,b1d878bd985be25da3e8661e49f79319,delivered,2017-10-15 18:44:10,2017-10-16 19:26:49,2017-10-17 20:48:42,2017-10-20 22:11:55,2017-11-01 00:00:00
c87de2d1aece481642a24bae4b964b07,e91409937a0fd26a57310548858d1762,canceled,2017-04-24 09:51:21,2017-04-25 08:03:06,,,2017-05-15 00:00:00
9b9c3840374552c853105b583849a4f9,f0b166f8352e65d1abc1567cf3d79873,delivered,2017-04-23 17:25:48,2017-04-24 06:35:19,2017-04-25 12:35:38,2017-05-02 13:35:18,2017-05-11 00:00:00
25ef8d6057a60c24d6ccd6fe6c5a8633,4f8260c7e20264779c7be6a507d28a87,delivered,2018-04-16 16:44:16,2018-04-16 17:34:16,2018-04-18 15:33:03,2018-04-23 22:24:51,2018-05-14 00:00:00
19642ea4acfa0cbb8b9a990449873396,0c7c88c4e8d60c782527fa7bb1a669cd,delivered,2017-12-01 23:50:48,2017-12-02 00:14:06,2017-12-07 19:33:24,2017-12-20 18:48:58,2017-12-29 00:00:00
baf84f7968a36e1c25ec1794330d5cbf,cf4e22300ecebe89b5ec81718544627a,delivered,2017-09-21 16:14:20,2017-09-21 16:25:58,2017-09-22 18:43:58,2017-10-03 22:53:47,2017-10-17 00:00:00
0084209c576daad6ff4534902fcb4892,7bfe2d37d3643c4bd9fe6fd5c4228d0e,delivered,2017-07-05 13:14:26,2017-07-05 17:41:17,2017-07-06 15:29:25,2017-07-18 12:34:02,2017-07-27 00:00:00
681a682245f1fd55f98d1be23c2ffbe1,e94493a605537b89d0973dbdc45c9a7c,delivered,2017-08-28 20:31:23,2017-08-28 20:45:39,2017-08-30 13:30:27,2017-09-05 19:11:38,2017-09-19 00:00:00
f5cf1e80b882f8dea8efe57b398c7e38,384c6619249e0c05f0d6378ad0e36b5e,delivered,2018-03-09 14:24:40,2018-03-09 14:35:28,2018-03-12 20:46:29,2018-04-04 22:03:38,2018-04-05 00:00:00
4572e35be0f6c21676fce75fcc79162d,eded77ccac4e612686688d987ea8f1b0,delivered,2017-06-22 11:57:32,2017-06-23 06:42:59,2017-06-23 13:21:52,2017-07-10 20:45:42,2017-07-20 00:00:00
039330ccdc3eeb07d44541457391fcae,701fcbed6495802efae87463e532954e,delivered,2017-10-20 16:51:47,2017-10-24 03:49:21,2017-10-25 12:48:51,2017-10-31 22:33:06,2017-11-10 00:00:00
c52e91d0960446c0624a5a984188ffba,98532992427099604afabf482a6e476c,delivered,2017-06-19 09:59:58,2017-06-20 10:05:14,2017-07-12 14:52:55,2017-07-28 19:21:43,2017-07-19 00:00:00
8f56d95ba4712b40163a057ba5ab89ac,0c5acfd4c2e4abe79d500e8340cf81da,delivered,2017-12-01 19:50:54,2017-12-01 20:09:32,2017-12-04 20:00:07,2017-12-12 18:52:49,2018-01-02 00:00:00
88f79e3079458600cacd188c2550d463,f67b277edbb085ff4a97216ad088b804,delivered,2017-04-05 09:11:21,2017-04-05 09:22:50,2017-04-11 10:06:03,2017-04-18 11:08:44,2017-04-26 00:00:00
79f87452881d9d524d6b06c3541f6e2c,e93530ef9ecbc8bc987f9a8fd1752a4c,delivered,2017-05-02 15:19:21,2017-05-02 15:30:23,2017-05-04 13:22:04,2017-05-11 23:33:00,2017-05-29 00:00:00
fb30f702a40235635b55552094ce6f88,e1f20ecfeac4826af6cc57666a2707b0,delivered,2017-05-07 14:22:11,2017-05-09 09:25:16,2017-05-15 13:32:24,2017-05-22 20:51:14,2017-06-16 00:00:00
e21e08b6eee6cda8f5cc69981707fa71,308d20f143f513753219bce6d5493022,delivered,2017-11-22 19:04:36,2017-11-22 19:10:28,2017-11-23 16:33:45,2017-12-05 20:22:13,2017-12-13 00:00:00
21403027f4ab40334345e1c8626a6a3c,5b6a981e53b05732cee5c921d502378b,delivered,2017-11-25 23:09:01,2017-11-25 23:15:35,2017-11-28 14:45:49,2018-01-06 14:52:44,2017-12-21 00:00:00
bfaa65d09b9fd34aa36a23ad90fa7db3,507995dcca9f6ea93714661891d5306e,delivered,2018-06-23 21:46:51,2018-06-23 22:18:36,2018-06-25 13:13:00,2018-06-28 18:07:34,2018-07-19 00:00:00
49bb32cab29be3bbe1a0ae27978edb48,213083b940361e8f479171420a9a71eb,delivered,2018-03-25 13:44:33,2018-03-27 12:30:18,2018-04-11 22:08:38,2018-05-03 18:21:47,2018-04-13 00:00:00
45daa18f4e3e34c727128f6a775fff95,3aecaefcdaecb42530fd1efe4becc883,unavailable,2018-01-07 13:49:11,2018-01-07 13:57:21,,,2018-02-05 00:00:00
df6e0cd0f23b4735b02cb6d9279bb310,ac77fc096334bb131cc25f7c6471566e,delivered,2017-01-16 21:18:10,2017-01-16 21:30:23,2017-01-17 15:18:10,2017-01-24 19:16:47,2017-02-14 00:00:00
7c70f1c05b2c170358a1765511517175,328bb667dcb2db6801de1b493bb9ffdc,shipped,2017-09-14 14:36:00,2017-09-14 14:50:10,2017-09-15 15:09:26,,2017-10-11 00:00:00
5b4bb0879cfe7c5a182da9ee3783811c,46346022a137b3fd23b37cba944ec11a,delivered,2017-10-02 17:54:59,2017-10-02 18:07:26,2017-10-05 19:07:46,2017-10-16 23:32:14,2017-11-03 00:00:00
8645ac05f10c6b2651a6a9a1772de311,df0cb92cbc0d300d1ff9b68b6ed1e985,delivered,2017-09-01 10:33:59,2017-09-05 04:35:51,2017-09-05 17:49:55,2017-09-08 15:32:29,2017-09-21 00:00:00
e1c49aeb40d4ab159a18912ea48266d0,d68dcc45ad596ee9462fa6287c79134e,processing,2017-08-11 11:42:45,2017-08-11 11:50:20,,,2017-09-05 00:00:00
e87746786779edef45938a6bc4572c0b,817a3322ad71f73a2bd444f27583b4e6,delivered,2018-02-03 23:17:59,2018-02-03 23:30:29,2018-02-06 23:04:58,2018-02-26 20:48:58,2018-03-06 00:00:00
c45c354aed442407610326035c6c44d6,98153d5b1cde47994c69ad02de498d26,delivered,2017-01-28 21:22:15,2017-01-28 21:31:40,2017-01-30 13:14:59,2017-02-13 08:08:59,2017-03-09 00:00:00
c2efd7dd7ea9e5bad9dffbb89653491d,30f0b55f10d0ee3b0b63d9111350e27c,delivered,2017-05-15 17:41:58,2017-05-15 17:55:17,2017-05-18 12:12:43,2017-06-06 21:34:28,2017-06-12 00:00:00
e4a25d24b8ace6dee14556ace31e9ff2,8ed1e5eaac63359e30d68a40a4734fd8,delivered,2018-03-26 14:51:05,2018-03-26 15:08:49,2018-03-28 18:54:58,2018-04-11 16:08:56,2018-04-26 00:00:00
7e0b49133404be992e9cca3788b195c7,32333436d083cbc8fbb4cca333f306bd,delivered,2017-03-21 16:44:25,2017-03-21 16:44:25,2017-03-23 12:13:11,2017-03-29 12:26:56,2017-04-07 00:00:00
f638d34835b2bcc16d7c6880954bc00f,abcd1cb598dce7c73f3d819b7dfedbef,delivered,2018-07-01 10:39:54,2018-07-01 10:50:14,2018-07-02 14:42:00,2018-07-05 20:07:49,2018-07-20 00:00:00
a02dc27653c8ef244fd7d8c4d5bc81f5,36215c1129f4b3642a7cd36350c00d44,delivered,2018-08-02 18:38:57,2018-08-02 18:50:20,2018-08-03 13:57:00,2018-08-21 02:52:26,2018-08-24 00:00:00
7aa1e182024c0f58b54dfc730b58780e,96d3e1ee7a247b85e2b282afc4eeaf5e,delivered,2017-05-08 17:33:47,2017-05-09 17:35:17,2017-05-10 11:23:44,2017-05-17 17:06:23,2017-06-02 00:00:00
672e3b14b73975f3339583e7eff6091a,6662991993e535704cf68b4931ffd7be,delivered,2018-01-19 23:45:41,2018-01-20 00:17:31,2018-01-25 18:33:49,2018-02-01 14:48:36,2018-02-20 00:00:00
55404f7c33f7e16a818555a8aafeadc6,2994be4afff3d620830bf66448ab08ff,delivered,2017-05-30 11:13:49,2017-05-30 11:25:27,2017-05-31 08:13:57,2017-06-06 11:10:00,2017-06-26 00:00:00
5dc381c7b65e21b5912100c620d09615,f5bff9c30853ac89a583738f8fa7dd86,delivered,2018-06-07 10:10:16,2018-06-07 10:34:25,2018-06-07 14:27:00,2018-06-15 15:21:35,2018-07-19 00:00:00
3d6de6859857d943fc208268b533c0a9,10c56b290bcf8ac9e21b5365b7ed55a0,delivered,2017-08-25 18:14:51,2017-08-25 18:33:09,2017-08-29 19:39:56,2017-09-04 18:04:45,2017-09-19 00:00:00
541c0eac677c2bba8a6417b7e9d8667f,56f8e10d9247aeeb8a1dc16ee66dd917,delivered,2017-05-26 14:11:19,2017-05-27 03:10:17,2017-05-29 12:42:40,2017-06-06 16:20:20,2017-06-20 00:00:00
5cc09f9c0de29bf3a52fb5f7108c4cbf,8d096e5cdbd25cc368feccce3b1d94d7,delivered,2017-11-27 13:49:33,2017-11-27 13:56:37,2017-12-15 16:16:37,2017-12-18 20:08:13,2017-12-21 00:00:00
1b55d5825b9f0ea76d9f105222eb6910,7230de3e56839c3629d3f5112470b85a,delivered,2018-02-22 22:46:46,2018-02-22 23:28:08,2018-02-23 23:28:50,2018-02-26 19:55:42,2018-03-08 00:00:00
ee3e4667c7774f7a6b61e1990ec78cf4,ad21195ebbb59e7ee06a5f4a769037c2,delivered,2018-01-09 15:31:14,2018-01-09 16:32:35,2018-01-11 22:10:46,2018-01-12 21:56:11,2018-01-26 00:00:00
c936c86815bcba6aef0825e37ea215f9,e5b8bec42a996dde88d734fe7d1a4f8b,delivered,2018-05-15 22:41:38,2018-05-15 22:55:27,2018-05-16 14:08:00,2018-05-29 19:03:52,2018-06-07 00:00:00
3358a4c41e5feb5bb73829eb6cf42ba4,606adeb1561d4d6a7c6632eb4f0fb7b7,delivered,2017-09-27 16:00:07,2017-09-27 16:14:18,2017-10-03 17:54:56,2017-10-09 19:37:55,2017-10-31 00:00:00
711f88786eb588f0a5925cbc8282f3e8,25a4d8c5a24540395cda3d9a9d258c4f,delivered,2017-09-28 00:20:50,2017-09-28 00:49:13,2017-09-28 22:04:01,2017-10-05 21:46:50,2017-10-20 00:00:00
3d405e0a87373212241dce93b31909ad,4e0cfad7fa27ffa947ecec52cf0bfc20,delivered,2017-10-29 16:16:06,2017-10-31 03:50:28,2017-10-31 16:45:31,2017-11-07 20:58:32,2017-11-17 00:00:00
8be6c4274ca6e725ec732002b95ccab5,2a488b993ba9794cb757436f398489d8,delivered,2018-03-05 21:23:10,2018-03-05 21:30:36,2018-03-06 20:13:33,2018-03-09 23:58:53,2018-03-29 00:00:00
2f714aaa644b07c24034a4bcd08f14bb,859150e2ecae6575ce16e1c6b0ea78fe,delivered,2017-11-07 16:41:36,2017-11-07 16:50:47,2017-11-10 17:56:42,2017-11-20 20:09:26,2017-11-27 00:00:00
ccb5c19912ff449794d696899012aa3c,aa29463de3a2b83553ee6fd9efd7ef74,delivered,2018-08-19 16:57:32,2018-08-20 12:30:11,2018-08-21 15:22:00,2018-08-23 18:07:02,2018-08-29 00:00:00
66bf8e132d14cff2d0ae1145e3f70795,12263c794936bb8d261c59e7a5edb234,delivered,2018-08-05 19:29:25,2018-08-07 04:25:23,2018-08-10 14:36:00,2018-08-16 18:02:26,2018-08-21 00:00:00
45cabff7376f8c028274aea4f717966a,7e3e2bba2553232583eb9e5907adc6b7,delivered,2018-02-12 17:56:55,2018-02-14 09:50:28,2018-02-15 22:08:08,2018-02-24 12:07:17,2018-03-20 00:00:00
47eb4e8c8baad88de8c4eec4c107c698,f34578af93a5e63ae03ebcb41e05e7eb,delivered,2018-01-14 17:39:10,2018-01-16 16:32:36,2018-01-17 22:56:39,2018-01-19 18:06:36,2018-01-30 00:00:00
1638195b2d78db679e9469a879279212,9601347c41eb3f6dddb9b60f35e3007f,delivered,2017-11-30 11:06:14,2017-11-30 11:14:26,2017-12-05 22:54:53,2017-12-11 17:42:08,2017-12-27 00:00:00
1c35f8855d403c849e5923441dcb9f71,f5661c49c959f34c5054a42ca1e59dab,delivered,2018-04-19 17:28:52,2018-04-19 18:30:46,2018-04-20 20:32:59,2018-04-25 19:28:29,2018-05-14 00:00:00
c95a42645e0fec7c31dbde889e43cd71,5275da994b65c2c904c9d609d245c51e,delivered,2018-04-12 15:02:05,2018-04-13 02:11:09,2018-04-13 21:24:33,2018-04-16 18:42:49,2018-05-10 00:00:00
bbdf47a1093584db5d4cd4e557c07183,81eaa0c0dfb54f5f9d7d11734f162e65,delivered,2017-09-21 14:47:58,2017-09-21 15:04:34,2017-09-22 19:22:02,2017-10-09 20:03:21,2017-10-19 00:00:00
672d0085da7d96c6350cb54170e4b944,cf544342dbae7bd5aeec9184995191d5,delivered,2017-07-28 19:12:29,2017-07-28 19:25:13,2017-08-01 20:42:40,2017-08-02 18:33:57,2017-08-23 00:00:00
fca06e65bcfd3b76fda84c5aa02fe908,99445650caf90f9e752ca490641e3528,delivered,2017-11-25 08:55:08,2017-11-25 09:11:33,2017-11-27 19:48:30,2017-12-07 17:23:03,2017-12-26 00:00:00
9dda75f3a1a15b58eadee893d4d4263a,bed92abe099aacedbaf421dc231f0e82,delivered,2017-07-06 22:35:10,2017-07-06 22:45:18,2017-07-07 17:53:18,2017-07-13 17:33:05,2017-07-31 00:00:00
a7ff25f0e4f6914216004204460f5797,65855f1523c77cf7936981daba756ae6,delivered,2018-08-13 20:22:33,2018-08-13 20:30:16,2018-08-22 15:52:00,2018-08-28 19:35:52,2018-08-27 00:00:00
ea61446163797d406b8af3569fbad43f,539a6c4707fc9cac00b1f5bb6af8cf33,delivered,2018-08-17 15:49:08,2018-08-17 16:09:45,2018-08-17 18:11:00,2018-08-18 16:58:50,2018-08-27 00:00:00
dee78f5da82e27d7d397d61769012fe9,4823dd520ba3df9205403d2d51e241d0,delivered,2018-02-13 18:52:50,2018-02-13 19:10:33,2018-02-15 16:47:53,2018-02-21 22:45:11,2018-03-06 00:00:00
0fbcdf8a6cf235b555a916e0ade5ef07,2087b0fe8fca281f98a37e5423a9a659,delivered,2018-02-15 16:16:35,2018-02-16 07:50:53,2018-02-19 21:42:33,2018-02-21 15:13:25,2018-03-02 00:00:00
0347e77ba3ffb1d21339231e1f882b5c,d98cc303c53b826e8a2187c4f04c100e,delivered,2018-02-05 17:50:42,2018-02-05 18:11:27,2018-02-06 23:23:55,2018-02-15 20:12:13,2018-03-09 00:00:00
1bfde5e32fa7b177c2c0f313c67ee333,dc60e1b5792573348c43cf1ef5048d19,delivered,2017-10-30 08:15:05,2017-10-30 08:31:05,2017-11-01 20:30:01,2017-11-13 20:52:40,2017-11-23 00:00:00
b23eb2ef586c84a977eb1bf118ddc81b,649fd102478f2df9972510dfa46c40c2,delivered,2017-03-22 22:00:20,2017-03-22 22:00:20,2017-03-23 11:36:08,2017-04-13 10:12:57,2017-04-20 00:00:00
ce361366b38e58d923fe2e3cc60521f9,dd2806a552e8e9bdb0a8196c0f192dd9,delivered,2017-08-31 21:21:18,2017-08-31 21:32:19,2017-09-04 21:03:04,2017-09-09 12:58:14,2017-09-19 00:00:00
c639d319e7a759b47c407201b57d5522,e3b3735a02b529ea7dd29c622dfb8678,delivered,2018-01-18 19:27:58,2018-01-18 20:14:08,2018-01-19 16:03:22,2018-01-29 19:56:47,2018-02-09 00:00:00
594bad57a253656f86d8282c5365be89,2f58bb32416886045970ba0c48719094,delivered,2017-01-27 22:01:41,2017-01-31 04:33:42,2017-01-31 19:32:20,2017-02-10 20:42:16,2017-03-16 00:00:00
7019458b7daa836337aa0601b272dffa,84cea6b19cac55bcaf22004efc66e2a9,delivered,2017-04-19 18:25:19,2017-04-20 02:55:40,2017-04-27 06:53:57,2017-05-10 12:08:02,2017-05-11 00:00:00
40703c6f5fddd57d70b483c063a53c24,0689717ef06f65d8a5c53038dfdef222,delivered,2017-05-06 18:20:55,2017-05-06 18:35:16,2017-05-08 11:44:41,2017-05-22 14:33:57,2017-06-13 00:00:00
4f917f92cc24478eff10b08c7a8d0d3c,e94bc388ebb638442a3002cb89b303f8,delivered,2018-08-14 06:25:24,2018-08-15 03:05:25,2018-08-15 08:52:00,2018-08-27 20:41:47,2018-09-06 00:00:00
7743f1958c77de9ebc175860fd1773a6,3e31d1fcad9240d892e34d9a50157d1c,delivered,2017-03-09 17:35:46,2017-03-09 17:35:46,2017-03-14 00:08:27,2017-03-20 15:18:12,2017-04-03 00:00:00
6edc82aed8285a03faae5a51ed36eb0e,bb10386818dda2842a580048ccb08fe2,delivered,2017-05-05 00:01:41,2017-05-05 01:25:29,2017-05-05 18:09:44,2017-05-17 13:49:59,2017-06-02 00:00:00
14276b4f803d028dd9b569f6c22a27ca,b6f4ab34c080a9fdfb070a6630cd65d9,delivered,2017-11-14 09:05:04,2017-11-15 02:35:48,2017-11-16 21:34:35,2017-11-21 20:51:40,2017-12-11 00:00:00
2c9412a5ce9b92f719fe2dbd54f6a16e,47698e7bb509cbcb0c50324686373b8b,delivered,2018-04-16 20:03:14,2018-04-17 14:11:37,2018-04-19 22:05:00,2018-05-03 05:26:26,2018-05-15 00:00:00
9a4127f371426e180aaf7e0f4bf1b4fb,50be62f7ec43c7363188a381ac10757b,delivered,2017-11-14 09:41:41,2017-11-14 10:48:18,2017-11-22 17:17:31,2017-11-23 17:18:10,2017-11-28 00:00:00
adadbd25a12e0e924896b366cdf22f70,fd4f4401b76a6faf81ce84220002bdcb,delivered,2017-03-27 19:27:00,2017-03-27 19:35:20,2017-03-29 14:46:46,2017-04-06 16:15:28,2017-04-28 00:00:00
3591b137120676965cee41e9cdb29cd0,b20d566928943834c831f5db761cae5e,delivered,2017-11-20 10:59:31,2017-11-20 12:15:23,2017-11-22 21:32:55,2017-11-30 21:34:38,2017-12-14 00:00:00
cfa1591318ed6c901b0c80debfd4b811,a18c450e6894a2463743b1136a8ef609,delivered,2018-03-19 15:00:57,2018-03-19 15:17:41,2018-03-23 21:34:31,2018-03-28 19:33:14,2018-04-06 00:00:00
b2b4ad3f3df69da791d642a9bfc387e6,30810a37ce547250cbb4f6be12dd8e36,delivered,2017-07-02 15:47:45,2017-07-02 16:03:29,2017-07-04 09:12:31,2017-07-06 10:32:31,2017-07-21 00:00:00
3c0a028d6a294443cc9ca066194db51d,bdc5f50689f6e9b7e3234eb7e5c808d5,delivered,2018-05-15 18:24:27,2018-05-15 18:59:04,2018-05-16 13:25:00,2018-05-23 12:52:48,2018-06-06 00:00:00
aec60126960aee6d77661b2358b6cea5,02ec1c4b32120c4399b8f52a36dd651c,delivered,2017-10-18 20:14:03,2017-10-20 09:49:43,2017-10-24 23:47:56,2017-11-03 20:22:20,2017-11-22 00:00:00
98a2a4cca9f2d2ff187a6b456abb7c74,9ceae1d64cf028a9a55f4c0bc3971d24,delivered,2018-03-17 23:55:37,2018-03-18 00:11:13,2018-03-21 22:41:46,2018-03-26 19:12:00,2018-04-05 00:00:00
aa7e3a2bfaf2aa8869ba241172c7ee1a,5f5147e3ab165c9bd8caa7c7beb0231c,delivered,2018-01-28 20:46:15,2018-01-28 20:53:22,2018-02-02 23:08:37,2018-02-16 23:14:51,2018-02-21 00:00:00
53595a8aa421790cc9d2e85db64cb3c1,ae08c85c944806edb02d28ad32e03fa4,delivered,2018-07-23 17:45:45,2018-07-24 10:31:27,2018-07-24 13:40:00,2018-08-10 23:02:55,2018-08-13 00:00:00
520b343a3cfee76d9517d96e84b03277,37ee9d51ad9968848aa06f86185d8d42,delivered,2018-05-05 14:51:00,2018-05-05 15:10:42,2018-05-07 12:08:00,2018-05-16 19:25:36,2018-05-30 00:00:00
3e77cb3c65a1bac64d0516085c2dda55,6d60475ef70dcd117852c6910243e357,delivered,2017-07-28 22:38:52,2017-08-02 08:35:21,2017-08-02 14:52:18,2017-09-12 22:27:23,2017-09-01 00:00:00
40ef39d72e573867de1282d22b03b6be,74167fa986badc6600b60439162a8619,delivered,2018-02-13 14:40:56,2018-02-13 15:07:55,2018-02-19 17:51:26,2018-02-26 21:57:48,2018-03-06 00:00:00
fc8b139247ab8779064899bfa03b2b80,57e1efa13077a20f5043d6f810814fe6,delivered,2017-10-04 18:40:47,2017-10-05 02:44:14,2017-10-16 22:34:14,2017-10-23 20:34:46,2017-11-08 00:00:00
7b20d43785c16252f51ca77bceaa5ea0,4e925410d560e1beb3420e0dc2424526,delivered,2017-07-28 19:53:33,2017-08-02 02:36:30,2017-08-07 17:57:53,2017-08-11 19:47:48,2017-08-21 00:00:00
63a58b050ce1af7f294f4d612c28c0d9,23f25c57cabe3d0b2bb6c26448abd410,delivered,2018-03-22 18:28:41,2018-03-23 18:30:44,2018-03-27 16:46:32,2018-04-02 20:26:43,2018-04-10 00:00:00
f6d9a259f1d0e93273707909a8e59fc6,30fcc8d14dbfeb74241a95b353c42cb1,delivered,2017-11-20 18:09:45,2017-11-20 18:26:33,2017-11-21 18:46:46,2017-12-04 16:23:40,2017-12-07 00:00:00
fce2da39dc4a45bf9c9703d01026f106,c7c4407db1030942d44f3460b5355efc,delivered,2017-12-29 09:53:22,2017-12-30 09:06:41,2018-01-02 19:26:43,2018-01-17 16:29:26,2018-01-31 00:00:00
35546dd6349a2065ed8ac6ffbd2b7aba,32c6009661db53f56c198466fab06e9d,delivered,2018-03-06 10:35:46,2018-03-07 02:40:30,2018-03-08 23:46:25,2018-04-24 20:54:57,2018-03-29 00:00:00
4cfc21861f949b1bb4f23340193a2138,882d74a40dd3c00c4bf5e3b6ba55798e,delivered,2018-05-04 10:59:29,2018-05-05 02:35:11,2018-05-10 15:40:00,2018-06-04 18:33:59,2018-06-04 00:00:00
f679a32d796c71a12390e0f05fbba42d,8840ec1b326ad96d0418daace601c0b3,delivered,2017-09-26 12:49:18,2017-09-28 02:50:05,2017-10-02 19:14:07,2017-10-05 20:48:32,2017-10-23 00:00:00
93b35affb86435b71ca01a6dd1eab2b1,3db635076c27c1d6a8618bc5a6e70ad2,delivered,2018-02-15 11:40:57,2018-02-15 12:40:28,2018-02-16 00:07:53,2018-02-27 19:23:00,2018-03-13 00:00:00
44eebc94f0d68e1da78cc8e088db945a,36ecf4d5a749ed21354fabce2886b933,delivered,2018-01-29 22:29:17,2018-01-29 22:53:32,2018-02-05 10:22:56,2018-02-20 03:09:08,2018-02-23 00:00:00
1175cf55b833823e2478956d6bb6e43c,6d0c650bd30f4160b84c3634dd05b509,delivered,2017-06-23 07:15:39,2017-06-23 07:25:15,2017-06-27 17:04:03,2017-07-04 15:51:59,2017-07-18 00:00:00
c4de71df747f541f59a618d019281366,aaefbb85ab9583c7912ddb3d9b5e6238,delivered,2018-05-29 18:09:36,2018-05-29 18:36:47,2018-06-04 12:02:00,2018-06-06 17:32:54,2018-06-21 00:00:00
f37110e24979533292f678ff6decd468,be6ebc8e1b9d59877654e5e4493976a3,delivered,2018-01-07 16:12:14,2018-01-07 16:24:24,2018-01-09 18:03:56,2018-01-26 17:48:51,2018-02-08 00:00:00
d79f59ff4de7f665a1e43990736db137,eab1cdfce786eb82b2b9888030c504d1,delivered,2018-04-02 22:31:19,2018-04-02 22:48:09,2018-04-03 22:39:13,2018-04-05 00:26:57,2018-04-12 00:00:00
7e41bd90616fbe90fba3dd8989d91af4,b32fd4cf133d634bf41e5bbb7d09febb,delivered,2018-07-21 08:09:08,2018-07-21 08:15:12,2018-07-23 12:39:00,2018-07-26 17:08:49,2018-08-08 00:00:00
89aaf44e5c7771fbdeacb9baa428988b,c4bd81441055a6cff67831bd36c17c3e,delivered,2018-03-17 10:59:34,2018-03-20 03:15:44,2018-03-20 19:41:56,2018-05-23 22:47:50,2018-04-13 00:00:00
2e0238ae6a7887fa19d5b34a3f932d8d,695cb0412616b61cb92fda362d19440f,delivered,2017-05-22 22:49:30,2017-05-22 23:02:54,2017-05-24 11:54:15,2017-06-02 14:57:48,2017-06-13 00:00:00
c2b4140e1e7ac4f534dfc6713cd6b93a,e5e5488b77590813f1267ef08a895f86,delivered,2017-12-04 13:09:20,2017-12-04 16:33:30,2017-12-05 17:34:02,2017-12-16 12:18:41,2018-01-05 00:00:00
4c8ffc819023190c92509d65b409baa8,8acfdf64be495eac336a26d800d6a976,delivered,2018-02-19 14:58:06,2018-02-20 07:15:47,2018-02-22 17:33:03,2018-03-17 01:07:23,2018-03-13 00:00:00
cebd81d91393b014d64df92a97a7f80c,862d78ca89647c96068b98673b2de19d,delivered,2018-07-30 16:17:23,2018-07-30 20:30:57,2018-07-31 15:18:00,2018-08-01 11:06:34,2018-08-02 00:00:00
8d3882299a9f08603a9617dad43be00c,8a17cb16f66088fba12d9e061b0526b5,delivered,2017-11-11 19:09:17,2017-11-11 19:26:24,2017-11-16 12:28:52,2017-11-23 17:17:50,2017-12-06 00:00:00
9e9d4673d9d0f8c0d68a48c13638c606,8d36aeb3b2106d94058949c699d9077c,delivered,2018-01-08 20:49:35,2018-01-10 10:31:37,2018-01-11 18:27:23,2018-02-07 20:38:47,2018-02-01 00:00:00
688f9f7bf06856abf4f9bd73e57cb5a4,5f93f330ff0dc45aed4db06da679d7dc,delivered,2017-12-28 11:20:27,2017-12-28 12:16:32,2018-01-04 23:32:49,2018-02-07 01:06:34,2018-01-30 00:00:00
ad0e80cb90ad456f01f1533e4cdc1f0d,38a210aed00016125db0e5206d6f300f,delivered,2018-02-07 08:18:53,2018-02-08 14:10:44,2018-02-09 18:58:59,2018-03-01 23:59:05,2018-03-21 00:00:00
9deec776b35252a1660b2439abeb9e38,70a8c394877add5aef4577770c71acf2,delivered,2018-06-03 14:57:09,2018-06-03 15:11:10,2018-06-04 10:54:00,2018-06-20 18:58:48,2018-07-24 00:00:00
54497c0e9ae7aa2ffe4bbb29883d59cb,a0c82d6b1c8f5afa2744d37b9bab1082,delivered,2017-08-03 21:30:20,2017-08-03 21:45:16,2017-08-04 20:05:57,2017-08-07 16:42:07,2017-08-29 00:00:00
c0e1586eda89047d683b2bc7d902037c,0266506e68e7eac1c7f726da057c28a9,delivered,2017-12-12 23:35:51,2017-12-12 23:49:55,2017-12-13 20:03:34,2017-12-18 21:18:56,2017-12-29 00:00:00
09868b0eb512bfbbe98900f16d79d055,09b383911c9df8366e4c4ecff5220f2a,delivered,2017-03-21 16:04:32,2017-03-21 16:04:32,2017-03-22 09:12:28,2017-03-29 14:06:16,2017-04-11 00:00:00
18c3c1366ee83a4162a2eefe7bb66f23,79b14a47cb76b8a85cbb4fccf73a1b2b,delivered,2018-03-21 21:42:56,2018-03-22 15:35:35,2018-03-23 21:51:45,2018-04-03 20:06:32,2018-04-11 00:00:00
d858299446e4d2e4a686d1dcf9a93359,6ec162d7f7fafad0e98a7a8527f9a0fc,delivered,2018-01-07 10:18:32,2018-01-07 10:27:13,2018-01-09 23:39:14,2018-01-16 22:41:40,2018-02-02 00:00:00
3d99e7d777a95ec05932b38e114a14d3,95c977354da77e673421a2bf0f4871ab,delivered,2018-04-27 10:24:06,2018-04-27 10:35:56,2018-05-04 15:54:00,2018-05-11 20:21:18,2018-05-28 00:00:00
a90f2cf8d5c323e4a3de7437de1ff1b7,db67f7fdcc6e85b2d040459c6fab854f,delivered,2017-07-11 22:11:02,2017-07-12 00:45:15,2017-07-14 14:39:42,2017-07-18 08:56:09,2017-07-24 00:00:00
b85614e04ee9ee71f2632faf63ff3ac9,e0228d0d1af80aa872001373c79171df,delivered,2017-02-07 10:43:31,2017-02-07 10:55:22,2017-02-07 15:34:08,2017-02-14 14:05:13,2017-03-09 00:00:00
e2fca022373f1b683cf49d41e76ec1e8,e6428b88ea8513d718bb4199f280cd77,delivered,2018-04-01 21:29:34,2018-04-02 21:28:58,2018-04-03 20:58:26,2018-04-05 23:18:46,2018-04-26 00:00:00
acbcf9f01dae9955841ae74fa15840fc,ab3f362c25285fc675fce6743239026b,delivered,2017-12-06 10:42:54,2017-12-06 11:31:04,2017-12-12 17:57:46,2017-12-28 15:53:38,2018-01-03 00:00:00
2953829633f43edf7636a856d6f3555a,199a46cca959e77280f20e3a5211fe73,delivered,2018-02-05 09:21:30,2018-02-05 09:35:23,2018-02-05 18:06:55,2018-02-15 17:17:09,2018-03-02 00:00:00
41159ff064a2cebfc663d0eda2a35d32,b5046b474af449caec29ccf426c8fb73,delivered,2018-07-05 14:24:57,2018-07-07 04:48:32,2018-07-11 13:54:00,2018-07-23 21:42:08,2018-08-03 00:00:00
dc5542aeff4f9a938c0de66cd4384080,dd6b2f437b15fbcc9cf035ee3032270a,delivered,2018-07-19 14:25:22,2018-07-19 14:35:15,2018-07-20 11:34:00,2018-07-27 20:38:37,2018-08-14 00:00:00
3f1d84cdd6ee41fd2908f52f5f0bbcd0,4c2e10872d85a8372d2997ad653d8ba1,delivered,2018-07-10 14:56:42,2018-07-10 15:10:13,2018-07-16 14:02:00,2018-07-24 20:18:01,2018-07-24 00:00:00
a604a2a16f8f4829f66b913199557243,11d57245f97c362a3fbf65cd5c8fdd6f,delivered,2018-02-18 09:36:01,2018-02-18 10:46:26,2018-02-20 16:08:59,2018-03-14 17:12:28,2018-03-22 00:00:00
abc95e6defdc8798b2f646d23e3ffcf9,0a3ece42f8e175de4bf4776a4955d61e,delivered,2017-10-13 10:32:31,2017-10-13 10:49:36,2017-10-16 15:10:44,2017-10-25 19:18:00,2017-11-14 00:00:00
0bf20dbe580a4ca2a717523e7bf6c610,076ef990626d218176fa27d3d6e2773f,delivered,2018-01-22 18:30:11,2018-01-22 18:37:27,2018-01-24 01:53:11,2018-02-04 13:37:40,2018-02-06 00:00:00
35572bdee2c8dfe1085aa9f6fd8ac60d,1170fc66040cf84306fddb7b7db48b3b,delivered,2018-05-15 22:52:30,2018-05-15 23:14:07,2018-05-17 10:16:00,2018-05-22 17:22:32,2018-06-05 00:00:00
0df6d3734fc28f15c08eb4a9f931e3a8,4758f24482bbff3b42a2bd920df9a615,delivered,2018-02-05 15:00:28,2018-02-05 15:15:50,2018-02-05 22:58:55,2018-02-16 21:47:35,2018-02-21 00:00:00
31c9a3f10eb368b62e102608adbec724,0be2b81be62adccc0f01bd6dffb0dad4,delivered,2018-07-17 11:26:43,2018-07-17 11:41:16,2018-07-19 13:30:00,2018-07-26 19:57:36,2018-08-14 00:00:00
42f16bb187fd5584e599c7c2e74aa39e,da24c1873842ce03c2cddfc31479a720,delivered,2017-07-17 14:45:25,2017-07-19 03:55:35,2017-07-19 21:46:34,2017-07-31 21:17:41,2017-08-16 00:00:00
bb11bd84ba7a993e4e1bb28321f8e573,f2c1deb58ec5364f5d4b8b0c8f78bc88,delivered,2018-08-12 23:46:51,2018-08-13 00:05:38,2018-08-13 14:26:00,2018-08-14 21:34:46,2018-08-17 00:00:00
c76a6443089b04febab166dd0156c5f0,c116c6d91212370ed7f5ee7313986c5e,delivered,2017-11-11 14:10:29,2017-11-11 14:27:34,2017-11-14 21:51:38,2017-11-24 23:46:34,2017-12-12 00:00:00
404056a6129e2c8e668b8ea4d5a98297,2875e22397256efcea0111baf6ee3d19,delivered,2017-04-03 16:28:28,2017-04-03 22:50:19,2017-04-05 13:48:09,2017-04-18 13:55:12,2017-05-09 00:00:00
e23b12899aef6772719cbdb98dd5bf8c,bc19d307573bfbeb957808cf9b4cbdaf,delivered,2018-07-24 15:41:01,2018-07-25 02:44:22,2018-07-25 15:27:00,2018-08-01 18:54:36,2018-08-23 00:00:00
bde4e874383e1817284c013ec6a2d72e,73cc6855993434b678f45020e7389ff8,delivered,2018-02-07 23:24:06,2018-02-08 01:35:26,2018-02-15 11:29:00,2018-02-26 15:52:45,2018-03-08 00:00:00
ac0f0875604883bfc9fa15344f01a207,514fd56e2405925fdaf25f9431b38e6a,delivered,2018-07-22 21:09:37,2018-07-23 12:32:14,2018-07-23 14:44:00,2018-07-26 17:42:59,2018-07-31 00:00:00
b54d41998c16a54f3d93eda0940d1cb8,0547440e828d7b3fc00dc7cd355b9fba,delivered,2018-08-22 23:52:12,2018-08-23 00:05:16,2018-08-23 14:10:00,2018-08-29 16:48:50,2018-09-05 00:00:00
7c6a400b3bbaff6cff070e8c6cdd17aa,0e6dc68c45be8a533f75d733eeaaad1f,delivered,2018-05-09 09:51:16,2018-05-10 03:36:58,2018-05-17 13:52:00,2018-06-13 20:41:55,2018-06-04 00:00:00
6c714ec645881d7a96e3193eb2fb10f3,0e4c745efdd0bf2b7dc380ef27da4844,delivered,2017-04-25 00:15:22,2017-04-25 00:42:18,2017-04-28 07:17:52,2017-05-23 23:42:10,2017-05-26 00:00:00
a523c396a29386423aa594fe448ca713,e2431d4ec21d4a66b411af4e65c4cb1b,delivered,2017-11-29 15:49:41,2017-11-29 17:30:55,2017-12-04 20:39:11,2018-01-04 23:48:54,2017-12-28 00:00:00
a8837bf09c5bd183b8c83204744e5a98,e66d8346bd198b15fe6432ef72beaba8,delivered,2018-02-27 10:08:49,2018-02-27 10:28:53,2018-02-28 16:47:44,2018-03-05 18:48:34,2018-03-19 00:00:00
1840aa65dea7f5258483a49b4558417d,278f8c368289d78d344c85126efdd50b,delivered,2018-08-15 08:44:39,2018-08-15 08:55:27,2018-08-16 11:17:00,2018-08-22 23:21:23,2018-09-05 00:00:00
d3ab179ddd49a5edc0540beb88baa168,ab1b249b05fa46a44b900919ab2b0884,delivered,2018-01-11 13:54:11,2018-01-11 14:31:55,2018-01-13 01:58:27,2018-01-16 13:18:59,2018-01-30 00:00:00
55b853b7f8c102926b63840137c88ff6,c1f49f7ab9fd8f8de7db240eb3748324,delivered,2018-04-27 10:59:01,2018-04-27 11:15:26,2018-05-03 12:09:00,2018-05-08 00:52:29,2018-05-21 00:00:00
8119174bd1dd63d869875de9844752a8,3a5cad64482bcecb235e7542db8448f1,delivered,2017-10-27 17:57:33,2017-10-27 18:05:35,2017-11-07 20:51:47,2017-11-29 17:09:24,2017-11-29 00:00:00
74a821d17475458a217623b9464147eb,06a3bbda6d96de922ebe82f3416f8c3b,delivered,2018-03-19 17:51:18,2018-03-19 18:15:43,2018-03-20 19:48:31,2018-03-28 22:12:57,2018-04-16 00:00:00
42837323a59d9927261e3ba712300341,22ec1fb693e521c560cbeb62f9f46cdf,delivered,2018-07-26 11:19:45,2018-07-27 02:10:17,2018-08-01 15:07:00,2018-08-06 17:12:35,2018-08-21 00:00:00
148946b469e7c2af2231c7c2ba0c5681,475a8fb3ecf9ce05d2ee1b6944d1a04e,delivered,2017-07-06 14:42:13,2017-07-06 14:55:24,2017-07-11 14:06:31,2017-07-14 16:54:02,2017-08-01 00:00:00
520ec98515a0d6965012dfffa92f9e27,7ec9ea9d385e8c923d17aa2871c020dd,delivered,2017-02-06 23:05:26,2017-02-07 23:10:20,2017-02-08 10:28:04,2017-02-15 14:33:54,2017-03-03 00:00:00
566919db57e507da7ace615456eeba3a,d87f631065d2fcf938c7baedf2299bda,delivered,2018-02-02 23:02:49,2018-02-02 23:15:25,2018-02-06 02:07:59,2018-02-24 14:59:01,2018-03-02 00:00:00
0256530d814cde05587fcd8e1b992bc8,023d1d56f9187c91230a4e8b50ab6fb3,delivered,2017-09-28 23:57:42,2017-09-29 13:56:12,2017-10-02 16:10:19,2017-10-16 19:42:30,2017-10-26 00:00:00
fe8f6e9edccb4f8712d0fc92f9b5e88e,96a516cf5e43184f7684798019140793,delivered,2017-12-20 07:43:29,2017-12-20 07:52:22,2017-12-21 02:12:57,2017-12-22 20:51:41,2018-01-09 00:00:00
758ad4ad8206be158e3d67c55c82e9d5,c7fd3571ba905f15ab33cc108103bef5,delivered,2018-01-02 13:26:14,2018-01-02 13:37:22,2018-01-03 17:49:07,2018-01-08 17:45:09,2018-01-26 00:00:00
8102ed72fe93cfe6ff25c794e15233a1,f456228855b27815fdeae0ad96dc17ca,delivered,2017-09-06 11:59:05,2017-09-06 12:10:14,2017-09-06 19:26:43,2017-09-11 21:57:31,2017-09-19 00:00:00
c9cb31bb489f9ed567f42b13d15d8d28,d6f526d5e848625b6044aeada9bef7f9,delivered,2017-05-21 20:10:48,2017-05-21 20:25:15,2017-05-22 14:28:05,2017-05-31 16:32:52,2017-06-26 00:00:00
ab07b6c48672e9876b9f11c746d98d3e,b1d1ede48fb8245ecb50d744ecd46068,delivered,2018-02-06 17:15:04,2018-02-06 17:32:27,2018-02-09 16:28:47,2018-02-14 15:15:21,2018-03-05 00:00:00
de17623947aaed64e2babfa41a212a91,e7898529cfcb20848578459266c3c633,delivered,2018-03-23 22:30:39,2018-03-27 03:48:31,2018-03-29 00:18:51,2018-04-02 16:25:53,2018-04-26 00:00:00
99239be2fbdb186e7285b71a4bd782ac,90b44ffa2cd85107a062845135520fe6,delivered,2018-02-13 16:23:29,2018-02-15 06:35:45,2018-02-15 20:08:51,2018-03-05 16:33:35,2018-03-08 00:00:00
bb9ba5f4ae44424a81aa5d9e8d322835,b152769322266f9c1f34b91179e3071a,delivered,2017-11-07 22:25:49,2017-11-09 05:31:37,2017-11-09 19:41:39,2017-11-18 00:18:46,2017-12-04 00:00:00
4d9aeb0219e736ad9dd72af9f25b3f88,28783e4198a64a0285d35e5967d9956c,delivered,2017-01-12 00:06:12,2017-01-12 00:15:14,2017-01-12 16:53:43,2017-01-19 10:53:53,2017-02-20 00:00:00
6902f0d9d7309f56f50b8713c3b6a4de,7e563dc9d970b3b371715bdf1ad35f2b,delivered,2018-06-08 12:00:50,2018-06-09 02:57:22,2018-06-16 10:03:00,2018-06-26 18:37:34,2018-06-19 00:00:00
8482a6243b3e7ea5b3a26d6bdb586956,e6e2df36e311e956395ce969154bcce5,delivered,2017-06-01 13:26:32,2017-06-01 13:35:19,2017-06-07 10:57:47,2017-06-14 15:44:46,2017-07-03 00:00:00
118e7d34435b8eae298699b9bb66af98,3fdf7e0abd67bd9c56395d0cdcd7d63f,delivered,2017-12-10 20:15:54,2017-12-10 20:30:25,2017-12-11 23:59:04,2017-12-14 03:08:21,2017-12-28 00:00:00
3fb4d82a992d06f85994158787a76ff0,aa20ad2bfaa8f55b0ce4d1de0f27dcff,delivered,2018-03-07 15:28:38,2018-03-08 02:29:15,2018-03-08 18:18:34,2018-03-09 19:22:38,2018-03-23 00:00:00
649b01370e30b79f0df619bf8ebc9201,9dd3d654d1cc127f5b0689812509ebbd,delivered,2018-08-03 03:08:17,2018-08-03 03:24:02,2018-08-03 14:59:00,2018-08-11 15:43:11,2018-08-08 00:00:00
f340f140ae72544b6df944a32ccba7c0,18207bfa3ee93516926cc203d7558453,delivered,2017-08-16 15:51:03,2017-08-16 16:55:09,2017-08-17 19:29:37,2017-08-18 18:42:35,2017-09-01 00:00:00
f54121f8a2be85c0f0014bd1ea6c9136,1adcc89514838ce6dab7b1d17e3a721d,delivered,2017-09-19 18:31:39,2017-09-19 18:45:13,2017-09-22 17:56:26,2017-10-10 19:59:13,2017-10-26 00:00:00
097dcfb34c6a0d697daa747d943dc1e8,465b31d7c23135270135b437d3d15fdb,delivered,2018-03-18 17:44:13,2018-03-18 18:08:00,2018-03-19 20:38:10,2018-03-23 01:20:59,2018-04-02 00:00:00
e7d99cde4408565cb8aa944a642c61bd,0d82d1ebd453d1f27f89f3999edda575,delivered,2018-02-13 19:05:47,2018-02-14 10:27:16,2018-02-15 00:52:45,2018-02-28 21:13:42,2018-03-07 00:00:00
f11629e7c6c4597bf578e1f3ba39dd78,1dbeb177782cb653f0cb867e3a63e738,delivered,2017-09-14 08:13:47,2017-09-14 08:25:16,2017-09-15 17:57:47,2017-09-25 18:42:30,2017-10-03 00:00:00
c1218efc92c0cfa49a96b164b6bc49c7,60887cbf71e8f7b3729cfbebe22a0a01,delivered,2018-01-14 09:15:18,2018-01-14 09:29:59,2018-01-15 12:38:32,2018-01-24 16:16:55,2018-02-07 00:00:00
78f48d9a0bb09969516a9fb25e05311e,df17fef4f9d03187862b78f95ab3be15,delivered,2017-07-18 13:47:58,2017-07-18 14:05:33,2017-07-19 16:17:31,2017-07-25 22:36:00,2017-08-07 00:00:00
fbe41a4974e4a492e085d90e5be0b3e3,3afe7d56a3df6e202fc6b851b1cfce3b,delivered,2018-01-01 08:45:04,2018-01-01 08:55:31,2018-01-02 22:33:59,2018-01-05 14:18:41,2018-01-29 00:00:00
93551f1b5b26ad94ad36349d4a4ef81d,74d4c2d4ff3efbad79ab4b8c9f1e3675,delivered,2017-07-29 15:07:27,2017-07-29 15:25:13,2017-07-31 18:32:44,2017-08-04 17:34:15,2017-08-18 00:00:00
b5b103fe531168050d785d5b8de74174,c3ab6358d2556844d38ed5dbab0b41ce,delivered,2017-01-30 13:13:59,2017-01-31 13:33:25,2017-02-02 09:37:34,2017-02-21 12:01:26,2017-03-21 00:00:00
ee0b134993ab33ad14fbebf2da7e8b59,7e9f5d87ffd011fd1f5084329b4b7613,delivered,2017-07-11 21:40:26,2017-07-11 22:15:08,2017-07-13 15:12:46,2017-07-19 19:29:47,2017-07-31 00:00:00
8cfc6624adef5f59e3ddd7167bc07107,6a6cfe6083ae2b03b9b0cfd58d0f8c74,delivered,2018-02-05 10:26:45,2018-02-05 10:50:01,2018-02-06 22:43:00,2018-02-19 17:15:06,2018-03-02 00:00:00
9eca111d23db1c30d8fd90317ebc1354,c41e2f7d5ff0bb642601009cc50a0980,delivered,2017-08-21 15:50:49,2017-08-21 16:06:00,2017-08-23 14:31:25,2017-08-24 18:20:20,2017-09-06 00:00:00
40bc1f323f6bb2c5fb7d2cae41952a21,c9a85d631448cbcb9158f6aef1d2d853,delivered,2018-01-07 02:39:53,2018-01-08 16:52:29,2018-01-10 17:36:03,2018-01-15 18:08:45,2018-01-31 00:00:00
47d2d6e69a59ff6305ecb0b540e702c0,c8d8a6d906f9007f70b24c16e2e9d378,delivered,2017-11-25 10:53:05,2017-11-28 03:33:37,2017-11-30 20:23:10,2017-12-11 19:32:46,2017-12-20 00:00:00
bebbd96f5d06549b7788e07e613afaa1,3c9da03267ca6b753f243c2b23f461ad,delivered,2018-05-02 19:43:20,2018-05-02 20:38:40,2018-05-03 14:27:00,2018-05-08 15:16:41,2018-05-25 00:00:00
d6418b6fa2a27ebf8c1e2d4ca0d14492,e785a41a19890a8f11551aa3b026f253,delivered,2017-03-25 11:58:44,2017-03-25 12:10:47,2017-03-27 14:51:05,2017-03-29 19:52:23,2017-04-13 00:00:00
07d23ebd900562c310938c158c23d6be,eaf6adf12bafd0a65d373221cad2dacf,delivered,2018-04-21 18:07:17,2018-04-24 18:57:00,2018-04-25 00:24:23,2018-04-27 17:07:32,2018-05-16 00:00:00
ed3b1288663333783b30c22397f44b36,6a66c358fee2cf939437c490b2f408ef,delivered,2018-02-18 13:54:27,2018-02-18 14:55:30,2018-02-26 15:25:44,2018-03-02 02:13:57,2018-03-07 00:00:00
587c66847401b1ad23c2e9e6aa078b32,532df3d52ba1086890516792526b1d0f,delivered,2017-08-03 13:19:58,2017-08-03 14:30:11,2017-08-04 20:34:38,2017-08-11 17:13:44,2017-08-25 00:00:00
c24a00c414738de9ee6121f179ebba9c,1c40682a425bf050f6d2d827d4bf2c3a,delivered,2017-05-22 21:16:37,2017-05-24 02:55:28,2017-05-25 13:56:28,2017-06-01 10:33:44,2017-06-20 00:00:00
e5d8928be637c8681b509d5188b3d979,657bd5dd862e0780a9bbfa171110cd93,delivered,2018-02-17 01:29:27,2018-02-17 02:07:50,2018-02-19 16:34:51,2018-03-18 12:25:40,2018-03-09 00:00:00
0fb7e532c96ad6dbfc254b11e9ad816f,084f8b0a341a5654055220f513ebd14b,shipped,2018-03-08 23:02:32,2018-03-09 17:40:54,2018-03-14 00:51:42,,2018-04-02 00:00:00
edbcbc39d85acf83baebe618eb4afd4b,2e77a712d5203f4f849c1521ba1c87b9,delivered,2018-04-08 17:24:17,2018-04-08 17:35:11,2018-04-10 20:02:46,2018-04-17 18:56:55,2018-05-07 00:00:00
b3b286669378f5262f42a944d52ad221,99aea4c52a71ae690266086cfacccfd2,delivered,2018-02-26 18:19:17,2018-02-27 18:10:49,2018-02-28 22:17:53,2018-03-05 22:57:52,2018-03-19 00:00:00
fa0ceb77da58d23cad52bec9ee895d7a,32341088e570b208d83ec4bbad2281b0,delivered,2018-04-17 21:08:23,2018-04-19 02:32:21,2018-04-20 02:16:41,2018-05-03 18:12:34,2018-05-14 00:00:00
149e05c35b52f83ae401b6402b2bf7c8,443850769486436d23a770bec8803067,delivered,2018-08-08 10:08:47,2018-08-08 10:25:25,2018-08-09 08:12:00,2018-08-13 15:11:39,2018-08-24 00:00:00
0020a222f55eb79a372d0efee3cca688,0c45155afd8ff99622c40824057f9b34,delivered,2017-08-15 02:45:18,2017-08-15 03:03:44,2017-08-15 16:40:22,2017-08-24 19:19:56,2017-09-06 00:00:00
8c673a44c78e62473e4ca9e2a2e2f14b,7fd2ba66b45de1c0eeea4a725423204e,delivered,2017-11-24 12:08:06,2017-11-26 12:11:19,2017-11-27 16:47:03,2017-12-16 20:07:30,2017-12-27 00:00:00
a731b7db34fa6e6897216789ec1543bd,3a116aae86b766a271a6a389bc5eb3c1,delivered,2018-02-10 20:36:12,2018-02-10 21:08:31,2018-02-14 19:31:43,2018-02-22 14:55:50,2018-03-06 00:00:00
1d5182e38de4f122947727324f2870be,dc657a228881825237f4957775272d1a,delivered,2017-01-26 13:43:07,2017-01-28 02:32:25,2017-01-30 11:41:12,2017-02-22 13:08:33,2017-02-24 00:00:00
e2183a14b1ae4b679f96be80be081c1c,eac5cedd4ef3c39f81bde389889fef60,delivered,2018-04-14 17:38:24,2018-04-14 17:51:12,2018-04-17 22:21:21,2018-04-18 22:38:33,2018-05-03 00:00:00
b0818558532a035f032bf55d07371d16,7274039551abb48cd9780520a09e6254,delivered,2017-03-06 15:58:51,2017-03-06 16:05:38,2017-03-07 11:52:13,2017-03-10 10:47:48,2017-03-23 00:00:00
22f469f96aaa1fdd00d0ac66369a950f,3bd97ea24b16619feda927af48da9fca,delivered,2017-05-14 21:56:13,2017-05-14 22:10:16,2017-05-17 10:37:38,2017-05-24 15:28:04,2017-06-02 00:00:00
c1f3674061e410426560d52e7bf096c3,11939d73fbc698c56a82e59a34e2bc77,delivered,2018-01-10 11:15:06,2018-01-10 11:31:41,2018-01-16 14:17:39,2018-01-22 23:24:30,2018-02-02 00:00:00
d23f875f926f3aa507fece98b8e8d80a,93f774376458d072ab89decc29df4cb4,delivered,2017-10-16 18:24:13,2017-10-16 18:45:44,2017-10-18 22:05:56,2017-10-20 17:39:21,2017-11-03 00:00:00
338fbd3c36de682efeb03bf89d62ae95,c54724802874343ade44ba9e89f5d6d6,delivered,2017-11-20 23:27:27,2017-11-20 23:34:44,2017-11-22 21:07:55,2017-11-23 14:41:51,2017-12-01 00:00:00
05fcd933547be81890bc4d62357fdf3f,a38a9ffb610562b589318c8b263e0d5b,delivered,2017-07-19 10:17:34,2017-07-19 10:30:13,2017-07-20 15:27:45,2017-07-26 13:45:35,2017-08-08 00:00:00
8264f3d37aec1e2076e41b2af5cd23ac,550928a8edc4e99aaf5e530c3e3759ce,delivered,2018-07-30 12:08:05,2018-07-30 19:31:48,2018-07-31 14:52:00,2018-08-03 17:38:51,2018-08-13 00:00:00
be8e4e9dbf3bf93f4165a1a14d1455ea,1abdc49c7bd22f2db9b6a05c45628561,delivered,2017-12-21 16:10:35,2017-12-21 16:30:16,2017-12-22 20:47:51,2018-01-03 20:53:15,2018-01-22 00:00:00
d02b32c3bcfb76481817b2222b990e84,749c63c19351b82200cd06b240518440,delivered,2018-08-25 12:13:10,2018-08-25 12:25:11,2018-08-27 09:50:00,2018-08-30 19:24:30,2018-09-10 00:00:00
9f9b0cf9d794e40cdf1c4cf909d65ca4,0f7e602a322f750f5d36451395bf2273,delivered,2017-11-27 10:05:44,2017-11-27 10:12:24,2017-12-01 20:49:49,2018-01-09 21:22:48,2017-12-22 00:00:00
3957b45bce42070cac232014ad4d001b,16f5cf0023d5d11a905dabc8ffe04c02,delivered,2017-10-13 23:59:12,2017-10-14 00:56:25,2017-10-18 15:34:34,2017-10-23 21:44:56,2017-10-31 00:00:00
9052b9e9831316aa74d32b45bbcee6c8,1ead7fec449a8822f1cc825c23e798a0,delivered,2018-07-31 21:53:26,2018-07-31 22:24:13,2018-08-02 13:09:00,2018-08-14 22:31:39,2018-08-17 00:00:00
2571a6c25fdc11a26075a9258d73618e,33588571175c9bfb3f6c7798bbbd0914,delivered,2017-08-21 15:11:36,2017-08-21 15:27:05,2017-08-22 20:06:57,2017-08-23 14:36:46,2017-09-13 00:00:00
d4a16ee6be0a801a99aa5746b2eb169a,8baa94c8eb84e7efd1fc8d0dc61c2f20,delivered,2017-11-15 20:17:32,2017-11-15 20:31:00,2017-11-17 19:36:50,2017-11-27 17:09:47,2017-12-07 00:00:00
a31b5fae4fbd29cc31b52b48e467e607,c6d5fa62a0889f8466ef3df2398cac5a,delivered,2018-02-19 22:45:44,2018-02-19 23:47:28,2018-02-22 00:27:57,2018-02-23 19:59:05,2018-03-05 00:00:00
f3bfd148f6fdc632cf76d4b4e443c34e,133eee4cb72bfa75495f89f416d7aa36,delivered,2017-11-14 16:24:47,2017-11-15 16:30:36,2017-11-16 16:08:53,2017-11-22 22:06:33,2017-12-07 00:00:00
4cdbab26daf6a0dd8c5c0eb2acdd0e96,a136ac4f4161fa13190fe9bb6f7402c4,delivered,2017-11-26 19:22:32,2017-11-26 20:31:51,2017-12-01 22:44:42,2018-01-09 20:50:30,2018-01-04 00:00:00
bfb7ce007bc3f08b946a9c620bbf344e,af77f7950abbc218e7256a09728e3486,delivered,2017-07-13 14:07:48,2017-07-14 14:15:12,2017-07-20 18:34:59,2017-07-26 18:59:48,2017-08-07 00:00:00
1904f9d81f67036679dca4b431f11a46,5471f9f34bf3592903ece0d8ca56c0b6,delivered,2018-03-28 22:01:11,2018-03-28 22:10:23,2018-04-03 00:41:21,2018-04-12 21:17:39,2018-04-23 00:00:00
fb6343faebbbee8c21d59d4ae59477a8,2bf5aa399d0bd03761889addf677d650,delivered,2018-07-04 11:27:08,2018-07-05 16:33:04,2018-07-05 15:51:00,2018-07-11 19:26:27,2018-08-06 00:00:00
fa9b8a7442683f57d43860dbf63676dd,d7e4ce8d1926df9a37737109b521defb,delivered,2017-10-19 14:58:39,2017-10-19 16:07:41,2017-10-20 16:18:21,2017-10-24 19:27:55,2017-11-09 00:00:00
5d1af85a51beb3a9787bdbe3152a024b,16b5fd683d2eaa014db25dce0960a3a0,delivered,2018-06-25 13:42:39,2018-06-26 09:55:23,2018-06-26 14:59:00,2018-06-27 17:34:27,2018-07-05 00:00:00
e29f025b0eed4d3bdcbe5acc0f18954e,e63af99cef4e0622dbc0aed92c867c94,delivered,2017-04-12 18:49:59,2017-04-12 19:02:23,2017-04-13 14:25:09,2017-04-18 09:03:57,2017-05-04 00:00:00
0ec153c68d6e5b0dfe5128a34ffe6490,e2d7302d9765c89609899067c37f4722,delivered,2017-12-17 19:36:19,2017-12-17 20:50:04,2017-12-18 19:38:57,2017-12-26 14:13:22,2018-01-18 00:00:00
31228e47008f9cc210b5e033723dad1d,73d09ca227c5225e02b98e99f20d0ebc,delivered,2017-12-01 18:00:53,2017-12-01 18:12:24,2017-12-05 00:26:07,2017-12-14 12:53:14,2018-01-03 00:00:00
1131e3e4aa9fba7bbfbb2acb07718ea1,62ebd1175fa5b4e5529ceabb27f72b1a,delivered,2018-01-07 00:18:27,2018-01-07 00:26:58,2018-01-09 19:55:25,2018-01-12 00:26:00,2018-02-06 00:00:00
4eff3ad36f5e69d4d33d9798ecf22bf6,79d91f6e603cd745fc42fd6c57e005a3,delivered,2017-07-15 13:14:41,2017-07-15 13:25:18,2017-07-17 21:09:10,2017-07-24 19:45:50,2017-08-11 00:00:00
ff69de2237431040b7e8d1fcd79c0a7a,b4a1c1ee2dddacc1e25bd59637f0b4b1,delivered,2018-01-08 22:16:01,2018-01-08 22:28:48,2018-01-10 12:30:07,2018-01-15 19:36:58,2018-01-31 00:00:00
8b12069891e5fff6b77a312c835e3904,e5972b54acc71c33416ba4c2211f6cc2,delivered,2018-02-06 09:52:54,2018-02-08 07:49:54,2018-02-08 18:57:47,2018-02-10 00:59:42,2018-02-22 00:00:00
59f87094523d9fdf75be312f4dc19303,7a49b5bd9eedd0959226f6b7efd43d0f,delivered,2018-06-26 21:07:21,2018-06-26 21:15:19,2018-06-27 10:41:00,2018-07-07 14:15:46,2018-08-02 00:00:00
b7325b56293265df2689c15145274dfa,df70c9bae41a54346a85344839a3cfc2,delivered,2017-09-12 11:23:04,2017-09-12 11:38:33,2017-09-14 18:17:56,2017-09-20 19:25:20,2017-10-04 00:00:00
255f9f53c24c0cf657d03d7a4b67c1d6,86467331d8e19c403ada1856447f6645,delivered,2018-08-02 13:07:42,2018-08-02 13:30:28,2018-08-03 09:02:00,2018-08-13 19:18:25,2018-08-14 00:00:00
b9cc63896ef69b7d771e5ab5ffdc5388,fce904facc2ae9feb164ae30cd7e9a0b,delivered,2017-12-24 03:44:33,2017-12-24 03:56:26,2017-12-27 16:58:11,2017-12-30 14:29:20,2018-01-19 00:00:00
f3f48b527972908a9a5c7f5593eea307,01a1579cd07b292799675eeef1e9561c,delivered,2017-11-24 23:01:29,2017-11-25 01:58:27,2017-11-30 18:15:33,2017-12-11 18:14:54,2018-01-02 00:00:00
5b04f0ecb275afdd0e5d3f09ac07453c,feee0f137be45ee89865eeef68f652f2,delivered,2017-07-04 17:45:29,2017-07-06 03:23:50,2017-07-06 13:38:02,2017-07-21 16:27:39,2017-08-07 00:00:00
9afbd107ffa1b363cbdc3e81895dbdbb,0c049e412a34041312b948a94570d51c,delivered,2017-09-15 12:14:09,2017-09-15 12:35:08,2017-09-15 20:02:44,2017-09-21 19:37:58,2017-10-03 00:00:00
7085eaa515a6aed1d7f7e9f86080db97,ed3410f81a985621cf17806ecbba8a9f,delivered,2018-02-18 15:37:14,2018-02-18 16:35:31,2018-02-19 21:19:01,2018-03-19 22:38:33,2018-03-12 00:00:00
b112f026e8295ce7ec84e17bb8ab3988,be298cfd3f9415e4914f1d44329ebf6d,delivered,2017-10-22 12:50:27,2017-10-22 13:14:24,2017-10-26 18:04:15,2017-11-06 18:51:45,2017-11-22 00:00:00
2ccc09c6c27e9be6d9723883f81ffeef,3618f2bd35ae410130b218c9a8966946,delivered,2018-04-17 21:27:24,2018-04-17 21:51:58,2018-04-19 19:50:55,2018-04-26 20:04:02,2018-05-22 00:00:00
ce0e053019fe2441df8363b9bf4208a7,eb0e5e03030a71a038d3e71bdbe82d86,delivered,2017-12-04 20:15:28,2017-12-04 20:35:14,2017-12-06 12:16:59,2017-12-14 17:26:49,2018-01-02 00:00:00
08f6cddc0499702a4dbbd26f2b04b986,8ba3070c820fce3edee16917b2ef6de9,delivered,2018-07-23 16:16:37,2018-07-25 02:50:16,2018-07-25 08:49:00,2018-07-31 21:12:26,2018-08-14 00:00:00
c96eb9c4da11e7df402259beeb330f15,e36a9aa169049e117a9f775f945bc6ca,delivered,2017-02-06 18:57:19,2017-02-06 19:05:21,2017-02-07 11:06:24,2017-02-09 09:13:58,2017-03-01 00:00:00
e913fc58681b70f1a0fd48176d9b0763,1abebf6a7dfb10754a6ca0230df8aa02,delivered,2018-04-24 09:04:54,2018-04-24 17:44:17,2018-04-25 16:55:00,2018-05-03 15:33:25,2018-05-21 00:00:00
1d64a3cb77efc4437f3799929de08008,900bc7fb2642d0770cf287e75b7a525d,delivered,2017-09-03 14:00:03,2017-09-05 04:24:43,2017-09-05 19:33:12,2017-09-11 19:52:05,2017-09-28 00:00:00
56609bbe4e49470d654680a5c0a03c85,9f72d50077337c7f7b8e507da76a6426,delivered,2018-05-07 17:53:48,2018-05-09 02:35:10,2018-05-09 15:42:00,2018-05-14 18:37:29,2018-05-29 00:00:00
fa68c8eaee429c95ac88e1034d583057,5a18e9547d424e7d7085c7065bb48686,delivered,2017-09-01 10:06:03,2017-09-01 10:25:16,2017-09-11 18:25:49,2017-09-12 20:27:23,2017-09-15 00:00:00
9422152046de1f3e7d41b2f047227067,b2395512cb17391a8a51715873f50b93,delivered,2017-11-19 18:29:01,2017-11-19 18:46:09,2017-11-22 17:37:00,2017-11-23 23:32:38,2017-12-01 00:00:00
6cfe6353d8643785eeccb1f3378ba401,baf986694ca78eadb2db3922ea0d2e4b,delivered,2017-12-17 21:56:40,2017-12-17 22:58:27,2017-12-27 19:27:11,2018-01-16 20:45:15,2018-01-26 00:00:00
a05955b3170a4c7a3e758f164a61376d,44b63b4dcaf4535c4f5f2fab7262fcc7,delivered,2017-12-10 10:48:31,2017-12-10 10:57:27,2017-12-11 20:35:25,2018-01-09 22:59:04,2018-01-05 00:00:00
5f9f4bf8ef5d9068d9753c5964f5b50c,6de0157fcf255d9cc9f4e6115403eae8,delivered,2018-01-06 23:11:54,2018-01-06 23:27:01,2018-01-12 20:13:25,2018-01-21 12:03:22,2018-02-14 00:00:00
b8bbc0cd7d3fd77fba9ddba23261efc8,e5a1150e2739b284aef951df6179a8da,delivered,2017-07-14 17:24:44,2017-07-14 17:35:16,2017-07-17 17:51:11,2017-07-20 15:22:05,2017-08-09 00:00:00
6d1a52060faffae010ab6d691f913b7f,e911b98a78cc611363070276582bb7ce,delivered,2018-06-19 16:58:12,2018-06-19 17:26:40,2018-06-20 15:51:00,2018-06-25 21:04:04,2018-07-24 00:00:00
a241bea87dcdd0160ca94ebdba5bdbb9,b031d0752ca02dd1a780af8278140571,delivered,2016-10-06 09:22:35,2016-10-06 16:03:06,2016-10-10 16:03:06,2016-10-13 16:03:06,2016-11-28 00:00:00
9b496783c3754fac34c3f4ac1eee7d9e,4dfc75675487dc043a8db9ed96bf7422,delivered,2018-02-23 15:38:27,2018-02-23 15:54:40,2018-02-26 22:46:36,2018-03-22 21:16:36,2018-04-09 00:00:00
a9f6ce91a31d7e8dc4af0d3c847a5639,53bdf757344da65bdfff7e0b2b23a020,delivered,2018-02-06 12:28:51,2018-02-06 12:52:03,2018-02-06 20:25:48,2018-02-16 00:59:58,2018-03-06 00:00:00
d7d09bb28b0aaf12389e3109664c1377,66ff55b6d499c819ee2ab54d7b7e198e,delivered,2017-05-28 14:09:26,2017-05-28 14:25:10,2017-05-29 13:58:12,2017-06-09 15:53:11,2017-06-29 00:00:00
deb8ce115f74e504ae38e7db9bdd42e6,a8a702b6be013bb059beb57f4f555800,delivered,2018-06-26 14:22:38,2018-06-27 14:32:13,2018-06-29 14:21:00,2018-07-10 21:27:36,2018-08-08 00:00:00
8b5f626276db26826fa773137035309c,e5520637c495446fe29714a809c6e72e,delivered,2018-01-11 19:26:03,2018-01-11 19:34:30,2018-01-12 20:21:51,2018-01-18 14:04:12,2018-02-05 00:00:00
a824faec1bb9e0196ae712df257ab203,9932c83505a04f3a77be0d19a98230b7,delivered,2017-11-27 18:40:21,2017-11-27 19:12:02,2017-11-29 21:37:13,2017-12-04 15:37:47,2017-12-11 00:00:00
f19a5ffad88bd1aa13a80debd778bf2a,e72c69e2209bb33f8e2d8ca3e9bb056c,delivered,2018-05-07 12:03:24,2018-05-09 03:11:41,2018-05-09 15:50:00,2018-05-16 16:18:41,2018-06-05 00:00:00
946d0f6c2be5f68f7a11380b3b2ad702,d9f9425a078997c63496609bbd812501,delivered,2017-05-13 11:20:10,2017-05-16 03:35:36,2017-05-18 13:55:38,2017-05-26 11:05:23,2017-06-12 00:00:00
5047f709b6661ac4e79c4818271ee799,db1053780ab8c64a8fa659eb40e14e3e,delivered,2017-02-16 13:35:44,2017-02-16 13:45:19,2017-02-17 12:38:18,2017-03-06 14:13:59,2017-03-17 00:00:00
a2c9ce528c29a470d38bc5085ca59584,95ebc0d133b10d276e056a4b7f7141e7,delivered,2018-07-22 21:10:10,2018-07-23 12:31:58,2018-07-24 14:16:00,2018-08-07 21:18:23,2018-08-22 00:00:00
57dd83bf1021dc5613a4e19544a99915,953685e0b65f9e97278a0c2caea55e1c,delivered,2018-04-16 21:18:45,2018-04-17 21:10:19,2018-04-19 21:28:40,2018-05-14 14:52:38,2018-05-15 00:00:00
631634972c0899ddea4c90cc4d0f186d,bf1765ef1bb549921272f93e804cfe9e,delivered,2017-03-26 21:28:40,2017-03-26 21:42:18,2017-03-27 14:27:28,2017-03-31 11:42:09,2017-04-18 00:00:00
100db0fb5000a9f02f0d3ee2470c85c1,44548d1fd6761aa2423f6713c0d8ca75,delivered,2018-03-18 08:50:06,2018-03-18 09:08:01,2018-03-21 21:25:44,2018-04-09 18:08:35,2018-04-05 00:00:00
35cd360339571c02b1d4974ac1807d9c,1dc263ed63c9e97d12f3541f9c1e69dc,delivered,2018-08-13 12:30:06,2018-08-13 12:44:29,2018-08-22 14:19:00,2018-08-27 23:11:58,2018-09-11 00:00:00
300998e3030b6188e511f183f94a5068,ba4169c960af5964c480e2059170bb9b,delivered,2018-01-16 15:47:41,2018-01-18 02:11:43,2018-01-20 00:47:42,2018-02-15 22:24:54,2018-02-15 00:00:00
57ccf855a2dcef1cf0583b5c649a5c75,e8ea47ee27f388f989f2dcb0957d97cc,delivered,2017-04-01 18:47:27,2017-04-01 19:02:35,2017-04-04 15:10:41,2017-04-11 12:18:26,2017-04-25 00:00:00
592399454ab1293dd375db727ddb5947,f4070dd9e6712ce1432f11b759975fc2,delivered,2017-09-28 20:54:00,2017-09-29 21:07:18,2017-10-04 15:12:35,2017-10-11 19:33:50,2017-11-01 00:00:00
36b12d9500838b05b9b9e8e3e13d2745,4ae7383665c0c6ee6b30906220a3ce79,delivered,2018-07-28 16:48:39,2018-07-28 17:04:32,2018-07-30 15:19:00,2018-08-06 22:04:36,2018-08-15 00:00:00
e2dac37a89ee550da5d7008a6fae1335,9967e7656abecb71be5e607f33221570,delivered,2017-10-12 22:36:29,2017-10-12 22:49:51,2017-10-13 19:03:01,2017-10-23 19:54:59,2017-11-01 00:00:00
37291588c0c8db280d64f1921165d811,230f02d405eb62c87ccf953090671e60,delivered,2017-03-18 13:48:43,2017-03-18 13:48:43,2017-03-21 09:35:16,2017-03-27 14:48:48,2017-04-10 00:00:00
7209ee6fd6e98942079c767741b71e3b,7e3454d387158c5f9a9c2a112ae4d265,delivered,2017-08-24 11:27:20,2017-08-24 11:44:33,2017-08-25 19:27:23,2017-08-28 14:53:35,2017-09-20 00:00:00
fd965a5e6e0a6b5d4e631551ecd45b9c,0166c4ebd26a021fe864a0b91761f50f,delivered,2018-05-12 17:59:06,2018-05-13 17:55:11,2018-05-14 10:10:00,2018-05-17 17:41:10,2018-05-29 00:00:00
64c8df7b4890817fdc2023304306f58f,f33a18deacf7ae36ae065eca09113bf1,delivered,2017-07-09 13:44:10,2017-07-11 03:55:46,2017-07-13 17:55:46,2017-07-26 03:17:32,2017-08-01 00:00:00
fa8eced9ca9993bda37ff154b012998c,e1f370ce20fd1d078f33338c1da89c49,delivered,2018-02-25 11:04:29,2018-02-26 11:10:03,2018-02-27 15:28:22,2018-03-12 22:41:11,2018-03-22 00:00:00
44003ab575a9154a1560d283e5bfaab9,15a5151fa4345e946b0528df9d8707e4,delivered,2018-05-21 09:27:06,2018-05-22 09:14:29,2018-05-22 15:00:00,2018-05-23 15:58:54,2018-05-29 00:00:00
ff6f1daf334ab85e84a3aa32c8afe179,432f78b4077cf2df78714cb592e66c1b,delivered,2018-04-14 10:21:41,2018-04-17 04:11:49,2018-04-17 19:36:36,2018-05-07 22:12:12,2018-05-16 00:00:00
19428d94d47ebaa715faa60f63186de6,35305c48e57a6259af306e3f2c9fb553,delivered,2018-01-29 11:30:46,2018-01-29 12:00:23,2018-01-31 21:13:23,2018-03-02 19:07:20,2018-03-13 00:00:00
770be1c6a043c4e99e830bee3f5eb024,a46f748a19e1184d21a589f764a055e2,delivered,2017-05-01 23:51:42,2017-05-02 01:03:02,2017-05-02 16:47:37,2017-05-11 09:53:07,2017-06-01 00:00:00
49123f75e5d9507cec9455b2ed989913,5cfe32da5d3a6c6cc7c169d74da8e100,delivered,2017-03-31 08:48:59,2017-03-31 09:02:08,2017-04-04 16:01:58,2017-04-10 11:36:16,2017-04-25 00:00:00
d83c6337cdf106c0818f7cd984240f59,fa4564a01977f94480c920221fc48f1e,delivered,2018-06-18 22:31:27,2018-06-19 06:56:57,2018-06-21 14:18:00,2018-06-22 21:11:32,2018-06-28 00:00:00
a10d28a5b468b2812345d39efa239454,90d4df218c97c907b52ed814f88a90bd,delivered,2017-11-29 18:10:01,2017-11-29 18:31:06,2017-11-30 19:03:43,2017-12-01 16:22:01,2017-12-13 00:00:00
c2fc568bac1a8c9f99c41a918cfbc6b0,6c83be548d91172d26144f4b00363c47,delivered,2017-12-13 16:16:13,2017-12-13 16:30:52,2017-12-15 21:26:45,2017-12-18 18:08:56,2018-01-02 00:00:00
7efedf2c0bfaa6cae462a2d447584503,a857959cc4db4edd934295addd68971c,delivered,2018-01-02 12:34:29,2018-01-04 05:12:31,2018-01-05 18:34:37,2018-01-16 22:39:00,2018-02-02 00:00:00
e19a1b398beea6784e6dc219eb0a6a89,a4c4409161fb97bc07935f38eb966479,delivered,2017-02-01 22:29:34,2017-02-01 22:41:29,2017-02-03 11:07:53,2017-02-07 12:05:41,2017-03-14 00:00:00
721b6eed5d18982b6869d2b1440e0fb2,e8c4c210ad973d32a51464962e2b81b1,delivered,2018-04-21 10:13:19,2018-04-24 17:27:06,2018-04-23 18:22:02,2018-04-26 03:12:03,2018-05-08 00:00:00
f58228001d45c09c8447ef1f2fa6a2df,2169bbd3d372562128f8af6eb7b9317e,delivered,2018-01-17 14:09:31,2018-01-17 14:15:31,2018-01-20 00:52:42,2018-01-26 10:47:54,2018-02-23 00:00:00
0712d5a2573948df98ba556ab362ef06,d5e9eb9208e37c9f39e6f19c0941b675,delivered,2018-08-22 16:52:17,2018-08-24 03:10:18,2018-08-24 12:26:00,2018-08-30 18:51:56,2018-09-06 00:00:00
245edde3bd6cdd0590cdfba00d88234f,7997f044ffbdd14949dfd8c786c051f8,delivered,2017-09-11 16:51:37,2017-09-11 17:24:29,2017-09-13 20:42:49,2017-09-22 18:06:08,2017-09-27 00:00:00
61195bf75f057881046ec1ee19f80037,6b389e2ed2c71985c9a40be057537959,delivered,2018-05-05 17:53:11,2018-05-05 18:13:39,2018-05-07 19:09:00,2018-05-08 20:12:05,2018-05-18 00:00:00
ca4b9f3ce6fc19e8533501cf8c6b832e,8e54a1f4e992629b3c41f7905d6b46c3,delivered,2018-07-30 17:46:46,2018-07-30 18:40:10,2018-07-31 14:03:00,2018-08-03 19:26:49,2018-08-10 00:00:00
0bf01f26ad0f401b182bd0491ee79d34,cdb061c59e7ce1676b3246012919cde2,delivered,2017-05-05 13:46:32,2017-05-05 13:55:23,2017-05-05 15:53:57,2017-05-15 18:37:24,2017-06-02 00:00:00
7921190dc054e6839a4cfc253a578377,07bb08bd7097f09f2468ea420756160f,delivered,2017-10-11 12:01:42,2017-10-11 12:14:13,2017-10-11 20:20:00,2017-10-17 15:37:03,2017-10-24 00:00:00
e62ce8112cc3ca14e60e08b4766480fa,54a906f745636ed9b7472cfd352309b4,delivered,2018-06-07 20:40:02,2018-06-09 02:57:13,2018-06-12 07:49:00,2018-06-20 20:08:21,2018-07-03 00:00:00
beaf95465b542dea76df78b2fb86a97a,d14930bf3da4e0ba5a02cc8d6ac80f6e,delivered,2018-04-19 10:12:12,2018-04-19 10:34:35,2018-04-19 19:26:57,2018-04-25 17:58:54,2018-05-15 00:00:00
83497c05dd75dfe740fb8b0c5482da3b,0660653f7367d760f49c8430de9c6263,delivered,2018-04-08 21:54:08,2018-04-10 04:15:42,2018-04-12 00:22:48,2018-04-16 22:42:32,2018-05-11 00:00:00
bedbf618cd67567fa8f4c27729ffc9f1,66f831483a864aa7e889cc4ccd46315d,delivered,2018-02-09 17:53:34,2018-02-10 17:50:24,2018-02-15 18:38:32,2018-02-28 14:37:14,2018-03-07 00:00:00
2fbf5b0affccbe063b648b85eb6480a8,3f6b4e845db4701bdc25130263904e6c,delivered,2017-06-27 21:35:25,2017-06-27 21:45:21,2017-07-05 17:34:38,2017-07-12 19:53:45,2017-07-17 00:00:00
7de128de4c6d4ec918618030361c8e3e,e14ec92a8ec13dc650f6da92178142a8,delivered,2017-11-10 19:05:29,2017-11-10 19:27:18,2017-11-14 21:44:55,2017-11-23 23:11:40,2017-12-06 00:00:00
26afe95380acef2da970a89cc128ebe4,fe827c1dbce8d1b8e4d12beb310efdc4,delivered,2017-07-14 12:28:30,2017-07-14 12:43:51,2017-07-20 16:57:28,2017-08-02 19:49:52,2017-08-09 00:00:00
b3da12fe6af5c45b08a663e62d282487,1b9e248f63ade22b53e22b3e4140e6c5,delivered,2017-09-09 21:18:15,2017-09-09 21:30:23,2017-09-13 16:28:48,2017-09-16 15:03:57,2017-09-27 00:00:00
2af07ef80eaeea49803f4f6a3dd99280,8e0d5257ac46d3f8ef385707ee27fd0e,delivered,2018-01-30 19:01:59,2018-01-30 19:14:47,2018-01-31 21:28:38,2018-02-14 21:33:22,2018-03-01 00:00:00
f036b00e17fcaef60868e806043a66d3,1c960186a40f56265429edb6f3f60407,delivered,2018-02-26 12:39:17,2018-02-26 12:50:29,2018-02-27 18:42:53,2018-03-15 01:18:24,2018-03-28 00:00:00
653fb84a9e7359c05777a5332a48a876,f8ccd744c489a7cf8929be838c81c635,delivered,2017-07-21 06:06:25,2017-07-25 03:43:51,2017-07-26 10:32:28,2017-07-31 18:45:37,2017-08-14 00:00:00
f83a57cc6e5cab20740d40eaa72dff00,f07b4d8af7bc9621789136d1a3082cc3,delivered,2018-01-03 09:11:36,2018-01-03 09:26:48,2018-01-10 21:37:49,2018-01-19 12:58:30,2018-01-26 00:00:00
055148178e6fef1a7c02a3a04b6ef6e2,6159a210523abcf7fa166f7cc088bab3,delivered,2017-11-10 02:02:37,2017-11-14 03:50:38,2017-11-14 22:51:20,2017-11-27 16:32:51,2017-12-08 00:00:00
af7ae6bafcf0885e40e8c5fd1ef4c745,88d9941d5993f28e7017bc9d2f540a24,delivered,2017-03-19 15:20:25,2017-03-19 15:20:25,2017-03-21 09:17:46,2017-03-29 12:35:34,2017-04-10 00:00:00
c1ce7c20699d83bcfb424c8e800a1788,2b0a5b85deac8b6d317d15ac41b14734,delivered,2018-05-14 15:39:50,2018-05-14 15:56:58,2018-05-15 13:32:00,2018-07-24 18:28:27,2018-06-07 00:00:00
ec02fe36bde29efb02d86ad842b6f512,285c8d64abdb53be68b4daa9f580327b,delivered,2017-12-22 12:16:14,2017-12-22 12:33:26,2017-12-22 22:22:15,2018-01-04 14:53:56,2018-01-12 00:00:00
759f94e96d5f349e21653a23e4104bf9,3cddce665511ae4a0a9dab14c29a0486,delivered,2017-12-24 19:46:42,2017-12-27 04:09:30,2017-12-27 18:32:33,2018-01-08 18:49:19,2018-01-16 00:00:00
8f649220cbd4ddee3bb61401b5c230a7,710051874af08b3bffde8e19cd95733c,delivered,2018-01-16 12:23:35,2018-01-17 03:37:31,2018-01-17 20:22:22,2018-01-19 23:06:24,2018-01-31 00:00:00
4beacb05ac875340b9874e53f3f4bbbb,945de19aa8e05f7328c1de8f7a7a048b,delivered,2017-12-15 12:13:42,2017-12-15 15:13:25,2017-12-18 21:51:52,2017-12-28 13:21:40,2018-01-22 00:00:00
f494d83d0d79852364e3128ec6cc44a1,73de2219957260ffbaaf0ea5bcc4e208,delivered,2018-04-03 10:41:06,2018-04-05 02:27:56,2018-04-05 20:03:58,2018-04-13 20:48:29,2018-04-26 00:00:00
0b8c6aefe987f59ab3cea15927aedc8e,42ed4ae976789164a88e41d1526a5c3a,delivered,2017-12-19 20:39:43,2017-12-20 16:11:26,2017-12-21 21:56:47,2017-12-28 13:13:48,2018-01-16 00:00:00
0da25668cbbfcf7a7b42a0bfe2c0b17a,90f6906ac49a9c660fbe41ba45800bb2,delivered,2018-01-06 22:30:05,2018-01-06 22:37:22,2018-01-08 17:30:05,2018-01-16 19:27:47,2018-02-02 00:00:00
40ea2ea8a722cafe20d875802ea20dd7,d5f6d8f3425f5f505c5662c51ef396f3,delivered,2017-10-21 15:44:17,2017-10-21 15:56:21,2017-10-24 22:51:57,2017-10-31 19:42:55,2017-11-10 00:00:00
a372a7d11ca9ccad9fae880a4a79cbfc,c44d3ca3ce519c558527cf785a72011d,delivered,2018-07-22 21:39:44,2018-07-23 12:31:44,2018-07-24 13:11:00,2018-07-31 16:54:54,2018-08-20 00:00:00
36e898331478ec7492555a7f46d4e9af,ce3eadd4150c6ebc41296a9003b36f41,delivered,2018-02-15 19:54:14,2018-02-15 20:10:22,2018-02-16 18:07:14,2018-02-27 22:52:45,2018-03-07 00:00:00
66d55d4156f12c0517474cdbf5589c56,f646e0b3a9bd8785aa85b0b2b0ed9b38,delivered,2018-04-01 14:43:51,2018-04-01 15:08:33,2018-04-04 11:43:29,2018-04-17 20:32:36,2018-04-25 00:00:00
78f36af48bdfeb73392e3250be7a9b47,4b5776d05ded0f5a435b56193b33003b,delivered,2017-05-05 20:33:28,2017-05-05 20:45:12,2017-05-09 14:19:21,2017-05-19 14:09:51,2017-06-02 00:00:00
be87dfb4eb3793dbb2bf37443ab1e239,1dadf2ecc748cb4a42716535a239593e,delivered,2017-12-20 15:41:13,2017-12-22 02:50:56,2017-12-22 17:24:47,2017-12-28 12:15:03,2018-01-15 00:00:00
ec7b08d39b75ac7d28c6fda42d3847b1,a6428eedd97ea9606d58e6baf716223e,delivered,2017-11-24 13:30:31,2017-11-25 04:54:03,2017-11-27 16:54:00,2017-12-05 01:06:38,2017-12-18 00:00:00
3233701bc7c9824c3d7d3e474cc7addc,78aa9e1540d2348c8f58f6ae5e359ce8,delivered,2017-11-24 22:06:20,2017-11-25 00:36:22,2017-11-28 17:32:17,2017-12-22 19:24:19,2017-12-15 00:00:00
35ae6fcf66dba4f6760a20b921867b2b,21c15e55f2358a82a62bab48ff52c772,delivered,2018-07-21 14:51:28,2018-07-21 15:04:14,2018-07-23 13:20:00,2018-07-30 12:03:59,2018-08-17 00:00:00
ddcdf215808306b8919f3cab54d88247,c1b6deabce3d7c0dd9a3b178c424d618,delivered,2018-03-09 09:39:04,2018-03-09 09:55:39,2018-03-12 19:02:23,2018-04-06 19:19:15,2018-04-02 00:00:00
fc94dbb82eb02d7913d9f0c02eb547da,c80b6c4747849e18370b9ed8581cadcd,delivered,2017-10-12 19:45:22,2017-10-12 20:49:38,2017-10-14 14:52:23,2017-10-20 16:38:54,2017-11-07 00:00:00
ce4c70f737d1a9edba23290f6031d076,3e4b0745edd000022ba7bbeb4918104c,delivered,2018-04-04 10:39:30,2018-04-05 02:28:06,2018-04-06 02:46:29,2018-04-10 16:37:57,2018-04-26 00:00:00
c6d5501e88e1bdffbc13792a7f4dadda,0581c965ce68e0b4be312e116c15a31a,delivered,2018-05-10 15:47:59,2018-05-10 16:20:36,2018-05-11 12:37:00,2018-05-15 18:24:54,2018-05-28 00:00:00
6338011716bfe53b960847be47479662,74671791c2cc61942ae043b7da20b07c,unavailable,2017-11-16 12:28:25,2017-11-16 12:56:02,,,2017-11-29 00:00:00
42fdf880ba16b47b59251dd489d4441a,15fd6fb8f8312dbb4674e4518d6fa3b3,delivered,2018-05-21 13:59:17,2018-05-21 16:14:41,2018-05-22 11:46:00,2018-06-01 21:44:53,2018-06-13 00:00:00
80abbc325d8a084990586d706a61d534,6f4184a789e441d13698cb3e51a2f4d6,delivered,2018-06-03 10:59:51,2018-06-03 11:10:48,2018-06-04 15:12:00,2018-06-06 17:52:03,2018-06-28 00:00:00
f69fdefb076eab898275116d3af13742,0763c0d40237127124928fd4bfbcb690,delivered,2017-11-24 19:14:06,2017-11-24 22:39:31,2017-11-29 20:36:28,2017-12-01 15:22:23,2017-12-08 00:00:00
c7e64567d07503e82847c129519ea90c,718ed7b0762650c7764a7190183c79a3,delivered,2017-02-12 14:25:19,2017-02-13 14:30:18,2017-02-14 12:12:13,2017-02-21 17:17:45,2017-03-15 00:00:00
da10ccdda2c75ef56689e000a5ef9e1f,577f96503bd03b26bb18ab20abf41c1d,delivered,2017-05-06 10:58:50,2017-05-09 09:50:19,2017-05-10 08:44:48,2017-05-11 13:25:46,2017-05-29 00:00:00
a07190c439d2e3c83b6a6952ae53ce6e,9d861a511b20ac6c0e95d9683fd6a657,delivered,2018-05-27 15:23:47,2018-05-27 15:35:31,2018-06-04 13:36:00,2018-06-09 14:13:37,2018-07-16 00:00:00
c628feb26c9b967296fcee33fbdf2fd1,74d2e177ebcab90583b1b652554a24fd,delivered,2017-03-17 14:12:21,2017-03-17 14:12:21,2017-03-24 10:34:22,2017-04-04 21:12:50,2017-04-12 00:00:00
a8d3b917ee2d31e05a2b76df5f9694a5,99b713d753764b3169c1cae913d89f73,delivered,2017-12-12 13:55:04,2017-12-14 13:54:09,2017-12-14 23:18:32,2017-12-22 10:14:46,2018-01-05 00:00:00
64397bf4c493c0fa84f413977e87da93,801cf4cbead385894fce01a5edc979ff,delivered,2018-03-16 12:59:25,2018-03-16 13:10:51,2018-03-16 21:59:35,2018-05-03 20:16:39,2018-04-09 00:00:00
11bc84df322a800171eefbc060d1b69f,48032b5aac0bde21fd3d1a919f36bc7b,delivered,2017-09-11 14:30:41,2017-09-11 14:45:22,2017-09-13 16:07:04,2017-09-15 21:41:51,2017-09-27 00:00:00
621b8e90f6fd06a792af8bdbbaf64a92,71aa01cc47a448e60c96835dadd9fa8d,delivered,2017-10-08 00:33:01,2017-10-08 00:49:15,2017-10-09 19:44:00,2017-10-23 19:56:40,2017-11-09 00:00:00
cbd72908cd519d4501d42b94604a313a,dc731b7b1ea79314929ca4e222ded652,delivered,2018-03-25 18:29:27,2018-03-26 18:35:23,2018-03-28 00:38:55,2018-04-17 20:58:32,2018-04-23 00:00:00
5a311f01535e27f8bcdade4c7834bdab,863fdd89fb0a41659f0a837fba06c45a,delivered,2018-04-24 19:19:41,2018-04-24 19:30:17,2018-04-26 14:04:00,2018-05-02 21:51:59,2018-05-04 00:00:00
ea10db65e0559d69b56effcfed6a41c1,2c3bd36048f62f4a89633435b5e2a094,delivered,2017-12-04 08:24:13,2017-12-06 02:35:46,2017-12-06 21:48:57,2017-12-18 15:52:52,2017-12-28 00:00:00
f3e5c962f3e54c9eb2148bcdfebef26c,9ad093e3c09e370f0f79dd573a9b2f34,delivered,2017-11-24 05:26:52,2017-11-24 05:38:20,2017-11-30 18:29:14,2017-12-26 16:48:38,2017-12-14 00:00:00
a6a07a5ae4af92b749d3265d6f459dd3,0ef5b253d785cfc72f6a7c4d28787983,delivered,2017-08-02 11:48:46,2017-08-03 13:45:11,2017-08-07 14:56:55,2017-08-11 16:43:38,2017-08-28 00:00:00
fee5caa0bafc2ce76161488d400a7c12,a3428826c15d1fa3148d20ab899e569e,delivered,2018-04-01 21:11:45,2018-04-01 21:27:53,2018-04-02 21:42:15,2018-04-07 17:12:20,2018-04-25 00:00:00
778c4b126dadc4564077343c319a97e7,dfc367771a8b31b609450bf80083a03c,delivered,2018-05-15 15:10:31,2018-05-16 02:55:09,2018-05-18 12:33:00,2018-06-09 19:03:18,2018-06-04 00:00:00
318d20803b9e970fb4d7138c443ba472,7e3f0b82fa1fe7ad7646c76393490c88,delivered,2017-12-15 19:16:36,2017-12-19 09:33:31,2017-12-20 20:18:44,2017-12-27 14:05:52,2018-01-11 00:00:00
390f7b0eca6e233bfe1584c54f97c39e,154019d49417fd66f52109220b1c6e43,delivered,2017-05-17 21:21:13,2017-05-19 02:23:44,2017-05-19 14:41:50,2017-05-29 09:09:40,2017-06-08 00:00:00
e737af03de32cf2b9d013f5831754def,cb6ee48440ab278231e74bc2a55835b8,delivered,2017-06-11 17:09:52,2017-06-11 17:25:10,2017-06-13 15:24:09,2017-06-19 19:58:24,2017-07-03 00:00:00
6719ad7e3fe40d976c5db31f716bb5ec,07d91ab1cc12928c32ff2120bdf6b6d1,delivered,2018-03-17 11:48:28,2018-03-17 12:09:04,2018-03-19 22:41:15,2018-03-20 14:59:21,2018-03-29 00:00:00
7b00b75d81cf399870662223f3a8cc62,2bd2e5383324dceb79bfd76eb580e1bb,delivered,2018-03-30 22:34:05,2018-03-30 23:15:11,2018-04-11 00:52:07,2018-04-16 23:33:04,2018-05-07 00:00:00
c8690529d708337d1fdafbe5cc2e6e7a,8b3d7bf9cdbc9c94481c2a0782e849bd,delivered,2017-11-25 22:56:23,2017-11-25 23:11:47,2017-11-29 19:06:55,2017-12-13 18:05:01,2017-12-28 00:00:00
c913d38589fa350791d4d89dec949c4a,096e87e7d0425ddc6bfe0e3473ed43e4,delivered,2017-05-09 23:31:05,2017-05-09 23:42:32,2017-05-11 10:22:21,2017-05-15 11:54:07,2017-05-25 00:00:00
88619b87b77a72ba17043ae30bd6378e,603b593ecf6cab6b621a15778354688b,delivered,2017-12-06 18:03:50,2017-12-06 18:16:28,2017-12-12 22:11:54,2017-12-14 18:27:08,2017-12-22 00:00:00
93f1a4071d3c96b7aa72f3fa4d5be36b,f15411e1a358276f492adda4038eb839,delivered,2018-08-09 12:06:24,2018-08-09 14:26:11,2018-08-10 12:26:00,2018-08-16 15:16:51,2018-08-27 00:00:00
3ffa506c19577dce30f9dbce07028c38,42990531f1c563abd40f0a87b783c0c1,delivered,2018-08-15 21:09:19,2018-08-15 21:23:53,2018-08-17 14:36:00,2018-08-22 21:32:02,2018-08-31 00:00:00
75102f3276e78ab1bcf13aef73b4ab37,a130d7c624db60ba317639698e7831b3,delivered,2018-01-18 10:27:40,2018-01-18 10:36:24,2018-01-23 19:59:14,2018-01-29 16:18:30,2018-02-08 00:00:00
aebab300abbae798a2b725d92a3f6132,fc06f51927d8d0f9efbe01a62030de1c,delivered,2017-12-11 10:06:21,2017-12-12 03:53:25,2017-12-12 23:08:46,2017-12-27 13:38:09,2018-01-12 00:00:00
a5274036a39a838ac50a4efaf8d0d66d,00b2fdba41164ba7de5052652fb86231,delivered,2018-07-22 16:13:00,2018-07-23 12:32:20,2018-07-23 15:05:00,2018-07-25 12:57:26,2018-07-31 00:00:00
478b98b4c7442950e6911539465abc95,0cd004313277890ddd43f33d5b81a266,delivered,2018-04-21 00:33:15,2018-04-24 19:27:57,2018-04-24 18:19:48,2018-04-30 21:57:49,2018-05-18 00:00:00
db91650415685ed0ea57e9d3e47bf887,bd2282f117ffd3465fb7047d92002806,delivered,2017-03-20 19:08:46,2017-03-20 19:08:46,2017-03-21 09:46:06,2017-04-11 10:30:13,2017-04-10 00:00:00
7b88910a9e8c55290806a85af1b796a6,4d7709e05925f067a311701de16c59b6,delivered,2018-03-14 11:19:21,2018-03-14 12:20:30,2018-03-15 20:23:25,2018-03-27 21:44:45,2018-04-05 00:00:00
af4de5572edcf4dac89b10578b09c496,f618a0c08e27e7ef7b4761e39d3ba6ee,delivered,2018-02-26 19:07:19,2018-02-26 19:15:40,2018-03-02 20:04:22,2018-03-05 19:04:55,2018-03-13 00:00:00
85514951847547917a4f611d605a9085,750f14ea5e0f226e42bd9d77d4af541d,delivered,2018-08-20 14:39:22,2018-08-20 16:31:37,2018-08-21 13:16:00,2018-08-23 21:34:58,2018-08-24 00:00:00
fceed72ef6fde5b43c8bcefbdb223edc,c8a712693691a5b46fd2d942540b36c2,shipped,2018-03-29 12:27:47,2018-03-29 12:48:58,2018-04-02 15:29:45,,2018-05-07 00:00:00
da16683d5e9f82e544d3c87d79a74a4a,8eb90c8fee300fde9364d8128df008fc,delivered,2017-11-24 11:01:15,2017-11-24 13:14:40,2017-11-24 20:38:47,2017-12-04 19:38:56,2017-12-15 00:00:00
bced2783b02e37169d1ab308b2d5eda4,3a0fcae5af99cf4253c74d5ace0eb30f,delivered,2017-07-30 19:30:59,2017-07-30 19:45:13,2017-08-02 13:32:10,2017-08-10 16:44:24,2017-08-22 00:00:00
ba708502fb9111dc0e00caca9c386b21,b39defc25f6136cf6c7ebac94e4ba2b8,delivered,2018-04-11 13:05:11,2018-04-13 08:31:55,2018-04-16 19:29:04,2018-04-18 20:14:55,2018-04-23 00:00:00
5dc60558e06256f411fff50ee8e785ca,c677745cc868786f19c18ce55363ae6c,delivered,2017-08-26 22:17:51,2017-08-26 22:30:17,2017-08-28 19:37:45,2017-09-08 19:57:55,2017-09-19 00:00:00
2a8cb6405aee52f3b246ccae8bd4fe11,6c12ba0696cdfa81f4d7427d78dc91dd,delivered,2017-11-30 21:25:45,2017-12-01 10:31:15,2017-12-01 22:56:55,2017-12-15 16:35:08,2018-01-04 00:00:00
895b3de213f9fd7efb2f3896bf21babf,d3d6ddc97ece6d0ba9cec858f5db221f,delivered,2018-03-23 12:13:44,2018-03-23 12:29:14,2018-03-23 22:54:43,2018-04-06 22:22:53,2018-04-27 00:00:00
e80c013ed85f10721afbdeb2808bf4b7,c36f59caf7733f320200dc0ef73e450c,delivered,2018-05-10 16:06:17,2018-05-10 16:20:59,2018-05-14 06:35:00,2018-05-18 21:33:09,2018-06-12 00:00:00
03af220bbd928b7dac065e6febed1c5e,3dc408efa49b52c61d521247efe4a270,delivered,2018-02-19 22:08:23,2018-02-19 23:07:33,2018-02-23 22:25:14,2018-03-02 12:48:58,2018-03-13 00:00:00
8a3b0656569be8cae2c31bd2718b3f63,7bc83bfe8058b1bdefa4a84bcfc8af0b,delivered,2018-02-27 21:50:36,2018-02-27 22:35:24,2018-03-02 00:52:09,2018-03-07 20:36:51,2018-03-22 00:00:00
7a411701d358d7be1e457ec66ceb4731,69a802e5bb4b4ae5ccded0cda1d0e40b,delivered,2017-11-30 19:27:38,2017-12-01 09:30:48,2017-12-04 16:12:06,2017-12-30 00:10:30,2017-12-26 00:00:00
fba03bf5e3db2585caab95fb6ef71c45,16324800ab15f5fd4d14eaacf6925e90,delivered,2018-04-22 01:19:36,2018-04-24 18:59:06,2018-04-23 19:22:54,2018-04-30 14:51:56,2018-05-16 00:00:00
ad679e9379f7d33db28625c0c859114f,bca8a4550d2cbe049461040480f57b7e,delivered,2017-07-24 20:49:03,2017-07-24 21:03:14,2017-07-28 18:22:08,2017-08-03 21:51:27,2017-08-11 00:00:00
46936461f0c4e3c80b9289ce5fc1682a,f6295486d5e27c0de0101b3f1b63b6d1,shipped,2017-01-08 19:27:22,2017-01-08 19:45:02,2017-01-11 09:34:18,,2017-02-21 00:00:00
1de8f07a2c99c2a100504ee992d3f40c,d26369eedad84bda287c3a7c457c2190,delivered,2018-04-26 10:37:38,2018-04-26 16:35:18,2018-04-27 11:35:00,2018-05-04 19:05:09,2018-05-23 00:00:00
eeba1dfa84dff855a9bcedcb487549dd,40c7d59d0ca882ee31615c188ee54593,delivered,2017-11-06 10:32:23,2017-11-07 07:30:33,2017-11-09 20:48:43,2017-11-16 18:42:16,2017-11-24 00:00:00
75ad3bc2c20ac416220546b2268066dc,810eaa5351d02199e8f4b53de15008df,delivered,2018-01-23 11:03:58,2018-01-23 11:15:21,2018-01-26 17:09:22,2018-02-27 22:41:44,2018-02-21 00:00:00
04ffe2f01e4967bb8dd86f8d1db29d89,449baad385972ba0072cbf4dbfc18e34,delivered,2017-06-26 15:25:02,2017-06-27 03:45:07,2017-06-30 11:42:26,2017-07-02 08:26:32,2017-07-07 00:00:00
4f017431bb604b83864ddacd57e505e4,bbbbb2b0c3acafd69a8ce2c286802458,delivered,2018-04-22 12:33:15,2018-04-24 18:40:18,2018-04-24 19:32:45,2018-04-30 17:12:17,2018-05-16 00:00:00
d6fac5cc8d7f57c8716d70da38b27d3f,f78ba3d51a74f062acca983c2face18c,delivered,2017-04-06 23:17:59,2017-04-07 23:22:37,2017-04-08 08:44:35,2017-04-13 12:22:41,2017-05-02 00:00:00
9a50b650295303f506477ad430996e9d,83393704da3eacab2980fb5c41db4fab,delivered,2018-03-09 03:53:22,2018-03-09 04:05:24,2018-03-09 23:28:24,2018-03-13 21:12:23,2018-03-21 00:00:00
32d264c87f67556abfb9ddeb89d4277b,a83fff8f9329c20467c26695d2be23ad,delivered,2018-07-22 13:14:39,2018-07-23 11:31:40,2018-07-23 14:18:00,2018-07-27 16:28:23,2018-08-07 00:00:00
5a349f273f2b09f31ea9e761ae655586,0e077e2c9e518b1443382b33e00ba95c,delivered,2017-12-29 07:36:46,2017-12-29 07:48:33,2018-01-08 19:07:43,2018-01-13 01:29:02,2018-01-18 00:00:00
4af03386addb99dc44451b81b470a609,58e1ef40232ef2763c4a770d2cff4b49,delivered,2018-03-09 11:32:48,2018-03-09 11:55:44,2018-03-09 23:57:02,2018-03-11 14:06:26,2018-03-21 00:00:00
1e48885ebbfefb5b48f97437f0104855,e150e46dae622d09f19b64a34f9387df,delivered,2017-11-10 20:37:46,2017-11-10 20:50:39,2017-11-14 19:41:23,2017-11-28 15:39:18,2017-12-05 00:00:00
180c9fcf056bcb72bbf79029ddfa0132,6292bb80d44fd214eacb6928310b1812,delivered,2018-05-07 11:19:05,2018-05-07 17:56:51,2018-05-12 08:14:00,2018-06-05 00:08:55,2018-05-30 00:00:00
ee2c523648f8d3fddba9f09bc16a6490,22d503cfcbf60af5fbe6a0dea1b48102,delivered,2018-04-22 03:25:16,2018-04-24 18:59:39,2018-04-23 18:51:29,2018-04-26 10:48:46,2018-05-10 00:00:00
88ff50ec153428aa5372c0276c7dd75f,623750c8ee9b83640f13062371538e18,delivered,2017-10-26 11:15:43,2017-10-26 11:28:38,2017-11-01 15:18:54,2017-11-07 22:28:52,2017-11-16 00:00:00
2292c00843a93f0cff36af4ad5791098,39660be50b511acaa1d93b9ecca96ff9,delivered,2018-07-31 17:19:49,2018-08-01 21:15:18,2018-08-07 15:49:00,2018-08-23 10:34:45,2018-08-20 00:00:00
96713ebe8541837da0ea44778dd6f2e5,ca37e3d5cd0eac978ea74d8c46ad4ca4,delivered,2017-04-22 15:23:53,2017-04-22 15:35:10,2017-04-24 06:45:53,2017-04-26 13:30:33,2017-05-15 00:00:00
d23b1afea718882b7c22f47dbb27a482,a7d1cae474ef2486db64b48d04514278,delivered,2017-09-24 11:49:35,2017-09-24 12:04:19,2017-09-27 19:03:04,2017-10-10 15:10:08,2017-10-26 00:00:00
1a597bd140cc8bacc4af88ba909da8d7,a205ba469f164f3a289aeef5e303f1fa,delivered,2018-01-05 00:29:14,2018-01-05 19:15:24,2018-01-09 16:20:03,2018-01-16 13:55:53,2018-02-06 00:00:00
9e62fc0a630c85e43bfdc26218538c5e,96dbb9d7776265abffc80eb7dd111a18,delivered,2017-12-01 23:27:17,2017-12-01 23:37:24,2017-12-05 00:12:03,2017-12-13 14:34:59,2017-12-26 00:00:00
0eef7e4ed65516867584806c217bd0f4,aaf3349aea48a03e9d7f4900f02b4592,delivered,2018-07-07 13:21:57,2018-07-07 13:35:13,2018-07-26 15:11:00,2018-08-01 22:02:41,2018-08-10 00:00:00
a60241fca336b3f14485dff30a172cab,2a3caad976ff659d519660a7c9357122,delivered,2018-07-27 22:05:26,2018-07-27 22:24:21,2018-07-30 09:15:00,2018-08-02 13:45:01,2018-08-20 00:00:00
8273d2fc0ec9b9e27e2f3998daebb8ed,ec3a243dd7e47824066db2ecbf683723,delivered,2018-01-24 17:02:52,2018-01-25 02:57:56,2018-02-21 22:19:21,2018-03-03 00:38:48,2018-03-05 00:00:00
7286bf3202c0810432f147c3ba4a5475,af20635d133ba319a23244c17b35b008,delivered,2017-08-15 08:28:02,2017-08-15 08:43:56,2017-08-15 19:27:22,2017-08-24 21:43:45,2017-09-06 00:00:00
21f088502aca17fa9e009f1fefdf6e21,4d9205387c3f51e4de2547ed1ba62a52,delivered,2017-05-19 14:05:32,2017-05-19 14:22:44,2017-05-19 16:21:39,2017-05-22 10:04:20,2017-06-12 00:00:00
d302e003dde44567f42e14c42b2c48be,9b19eff415dc894c44e32ab97355c506,delivered,2018-01-06 20:59:11,2018-01-07 20:51:31,2018-01-18 22:39:11,2018-01-23 14:26:57,2018-01-26 00:00:00
feeca366b9564e8753ab062807da307f,cdbb6829962e9f8e21779475a2f21dfb,delivered,2018-01-14 20:05:44,2018-01-14 20:15:29,2018-01-20 01:06:35,2018-01-31 19:04:18,2018-02-09 00:00:00
cbe7720057164f59152cf8d2baab0722,786657bbcd04e4eb9321494bad1e4842,delivered,2017-05-24 10:08:51,2017-05-24 10:22:48,2017-05-24 13:51:45,2017-05-26 10:52:16,2017-06-14 00:00:00
65e5dec6096c490c59b838a21727807a,ace2dcf6d9830137bedf84a0d50e2656,delivered,2018-03-21 16:55:51,2018-03-23 02:07:36,2018-03-27 18:06:43,2018-04-10 17:04:19,2018-04-19 00:00:00
075a544c5f4ed4bb75f82b160465fe76,8c0a260a33c95286a9a851fe8bf42797,delivered,2018-02-22 15:17:38,2018-02-22 15:35:27,2018-02-27 19:23:49,2018-03-05 20:58:53,2018-03-20 00:00:00
5dbc20fb1b96be418fe609dd113655a8,1e04f6c665111394a7c7b9fa99e4d66f,delivered,2017-11-22 12:58:17,2017-11-22 13:07:31,2017-11-22 21:36:57,2017-11-23 21:13:41,2017-12-04 00:00:00
2ec795cf2d2eb7925def2e207f6f648c,ebbe0203a019049e4f025a9ae4c9bc5e,delivered,2018-02-04 18:28:57,2018-02-04 18:49:00,2018-02-06 14:58:51,2018-02-16 17:12:20,2018-03-01 00:00:00
f79bd0b3bacc5142f90f81a15b4a602c,49b099ab9bd4ef041b24a864b39167d5,delivered,2017-04-22 13:55:16,2017-04-22 14:05:16,2017-05-04 18:42:45,2017-05-12 13:55:55,2017-05-18 00:00:00
f15da8ecf7448df2333a470d2637bffc,b94d4638ba49563832d89026674e1faa,delivered,2017-09-10 19:50:02,2017-09-12 04:44:55,2017-09-12 18:43:50,2017-09-19 14:10:30,2017-10-11 00:00:00
29bd9da0c830f4911275d768a70079ab,2569c9cdd69b64dabbe2ce31fdcb1d9b,delivered,2018-07-30 17:02:36,2018-07-30 19:31:47,2018-08-01 12:43:00,2018-08-08 17:48:54,2018-08-22 00:00:00
278d8871aa19200fc6947eaaeaba473f,aa86e8a287d4668dfd4665eb022c0c03,delivered,2017-05-09 21:27:28,2017-05-09 21:42:39,2017-05-10 10:55:11,2017-05-16 13:58:54,2017-06-07 00:00:00
e6c7306ef73b84f65ebd6c37dba05b6e,c956323b52824a4e15cdf08d452f68d5,delivered,2017-11-15 22:09:08,2017-11-15 22:26:34,2017-11-17 17:21:39,2017-11-30 18:48:34,2017-12-14 00:00:00
e91651e27c97f458eb35e67d8cee206b,e1f0628e6af27a0bc119d2e597c619bb,delivered,2018-08-23 12:08:51,2018-08-23 12:25:17,2018-08-24 15:16:00,2018-08-27 19:58:38,2018-08-29 00:00:00
201691efe89d4d71f36e5ea279a8759a,41f7392232f044ac07529df63336f9bc,delivered,2018-02-21 14:18:43,2018-02-21 14:31:06,2018-02-26 15:57:12,2018-03-13 15:18:26,2018-03-15 00:00:00
5029ba60b47d5397fdfe41f9923b7b8b,ba652878434f2ef707743bdf9444b46d,delivered,2017-07-27 22:01:22,2017-07-27 22:15:15,2017-07-28 17:56:27,2017-08-03 15:23:32,2017-08-16 00:00:00
b647577bafd629cca1b1c3b7aed598ed,1f1fab4313a5a8c7382720ba5f28acdd,delivered,2018-05-02 10:47:00,2018-05-04 03:31:53,2018-05-04 13:39:00,2018-05-10 20:17:49,2018-05-29 00:00:00
069d921a767dfeb76fb4a7f39bc4217c,5eecda6ad529c01c64a0dc71cfc02f17,delivered,2018-07-05 15:49:02,2018-07-05 16:35:33,2018-07-06 09:00:00,2018-07-11 18:03:10,2018-07-18 00:00:00
72a055afec5322997eace70e9f743482,54da5dbc494349153af7466f6e030d7d,delivered,2018-02-24 20:04:09,2018-02-24 20:15:27,2018-02-27 22:09:30,2018-03-21 23:52:38,2018-03-16 00:00:00
edc9fcd5f5ab3aa69901aa991026ee0c,07c457249ec4f7f19f0244025b671ccc,delivered,2017-06-03 11:55:09,2017-06-03 13:05:18,2017-06-05 08:52:20,2017-06-14 15:38:09,2017-06-28 00:00:00
a6055e208086fe169c0a0f191b43445c,28a8b3e9e93103e57dfbe8df0cdbce5f,delivered,2018-05-04 18:44:15,2018-05-04 19:10:01,2018-05-07 17:14:00,2018-05-08 20:12:09,2018-05-17 00:00:00
0cf80be143500050973f324c3e068196,d45cfb2ed69ddf56d6fadc0c3e8b2767,delivered,2018-07-26 14:33:26,2018-07-26 14:45:08,2018-07-26 13:32:00,2018-07-30 22:22:08,2018-08-15 00:00:00
97a23886ea66e6988046edef6bbedf19,5165d466a49c784db618c53d61743091,delivered,2017-10-09 14:55:15,2017-10-09 15:14:10,2017-10-13 13:50:37,2017-10-18 23:13:32,2017-10-30 00:00:00
97a3784af9d034ddf29b8a15f7a2faa9,c84171fac5ca03383b6bc51d043c14a8,delivered,2018-08-13 16:52:45,2018-08-13 17:04:37,2018-08-14 17:16:00,2018-08-17 17:08:31,2018-08-23 00:00:00
0f016423033058b7bef153a01ff9100b,3ace70c2a53c63bdd0f8b12c02b1e4d6,delivered,2018-02-24 09:02:10,2018-02-24 09:15:27,2018-02-28 23:13:20,2018-05-03 11:46:32,2018-03-26 00:00:00
f81d11112171f1ea416d591f864d960f,2f4e25590a0019db4998de8bd7cc498e,delivered,2018-01-18 09:12:58,2018-01-18 09:37:01,2018-01-18 22:19:21,2018-01-23 21:32:47,2018-02-08 00:00:00
33d89aec64b61f0dbd880fa8d8dbec5f,5833a641a3ec9e804da73d17e57ebca5,delivered,2017-08-30 11:45:20,2017-09-01 02:24:31,2017-09-01 19:03:55,2017-09-05 21:42:36,2017-09-12 00:00:00
4041bc9d1b1fce0b58abecb8060fab29,58803ced08e52f5e3b028ef81d8c9563,shipped,2018-03-05 03:47:11,2018-03-05 04:15:24,2018-03-05 23:23:36,,2018-04-03 00:00:00
13f0a8913015ac1227a6b09f518c475d,c6a61ca0eb08e3c60bdcb638c921691a,delivered,2018-04-02 12:24:41,2018-04-02 13:35:21,2018-04-03 17:56:37,2018-04-14 12:11:34,2018-04-19 00:00:00
4baf66d022680c163d31c85a42b6bbd6,c58715ca3ace911c2dca3f824abc8b8d,delivered,2017-08-23 20:08:27,2017-08-23 20:15:12,2017-08-26 11:23:51,2017-08-31 20:09:05,2017-09-05 00:00:00
38173930252d680d26301b01fbc43de4,90dbcbd73383508c89e1140a3c4d65a9,delivered,2017-03-28 16:04:16,2017-03-28 16:15:12,2017-03-29 15:39:53,2017-04-03 15:23:42,2017-04-17 00:00:00
1069874467b6a425853288c450f68fc9,cee53b7d3dd56da687a4fa61c6ce8d32,delivered,2016-10-07 22:51:32,2016-10-07 23:13:46,2016-10-11 23:13:46,2016-10-28 13:51:23,2016-11-29 00:00:00
1c8898140458c37fbbf0be37d47193b9,175dd7b2bfca46e0ff5cbca65b9c6e7b,delivered,2018-04-01 05:03:10,2018-04-01 05:15:16,2018-04-05 00:19:13,2018-04-26 22:16:26,2018-05-04 00:00:00
c2915f1e4570dc14bb429295f925507f,7aa99a903d05793582d4b4b678f55300,delivered,2018-02-12 17:10:02,2018-02-12 17:28:24,2018-02-15 22:17:04,2018-02-26 17:17:48,2018-03-08 00:00:00
45a6db7c0c90c420e4659ae681f7e761,37ae206bb3c1fb4f09b26efdfea782a6,delivered,2017-05-09 22:05:09,2017-05-09 22:22:48,2017-05-10 15:30:08,2017-05-15 11:24:41,2017-05-26 00:00:00
b63a4baa025f1db7cd7f3bd5f4336c11,0713f33e5e39aab4a6ceba626f05b914,delivered,2018-02-02 23:15:07,2018-02-02 23:30:28,2018-02-08 23:54:33,2018-02-23 18:29:12,2018-03-12 00:00:00
3b91f4d4c8c900e3cbca45d17a5c2cfb,039b0a43d31bd90051298c4c41a277ea,delivered,2017-11-02 21:48:41,2017-11-02 22:06:31,2017-11-08 20:19:39,2017-11-22 02:06:36,2017-11-29 00:00:00
eb9467fb82e562d5d44ece6d6b8a42d0,b0cd3f867f1b5e1b8d41c7712c19a889,delivered,2018-03-06 16:23:19,2018-03-06 16:36:25,2018-03-08 22:29:34,2018-03-28 01:38:44,2018-03-23 00:00:00
c2a550cc5f966506b717532441c221e5,fc99aeadad12e8925f558305956a08aa,delivered,2018-01-12 15:38:34,2018-01-13 15:33:31,2018-01-15 15:46:55,2018-05-23 20:56:25,2018-02-08 00:00:00
8c760e278dae85ccf9365fa1653bf04e,00efae0d386ce3132b63e35b3aa79ec6,delivered,2017-06-29 23:22:27,2017-06-29 23:35:20,2017-07-03 14:32:21,2017-07-13 20:25:53,2017-07-21 00:00:00
076b2c2ebef1ce8600aec810d3bf6286,7969565285115f37d943df3f762ca81a,delivered,2018-02-06 13:50:32,2018-02-06 14:15:49,2018-02-09 00:38:48,2018-02-26 17:26:01,2018-03-13 00:00:00
201ad03a4a02b4aafe81bcfdb0e71627,8ea3b6bb64805e8007638d84577686ea,delivered,2018-05-21 19:23:46,2018-05-21 20:55:05,2018-05-29 09:26:00,2018-06-06 18:42:18,2018-06-18 00:00:00
f8a93d345f9735b3e95c7d307b80bbe9,e319a29c050e39145b04672558a1c559,delivered,2018-05-12 16:55:49,2018-05-12 17:17:37,2018-05-14 13:01:00,2018-05-17 12:17:30,2018-05-30 00:00:00
6ac559b49cbb0d6d7c3eb071891785c7,16cc3f64905e653b68d869cb6f63ba25,delivered,2018-04-16 18:58:04,2018-04-16 19:51:47,2018-04-20 20:04:39,2018-04-25 19:48:32,2018-05-11 00:00:00
16c9dc0ba34547f2eb228bcb2971815f,b73be6f00df5391f3b315935ec0341ef,delivered,2017-04-07 13:22:40,2017-04-07 13:35:11,2017-04-10 09:10:38,2017-04-18 14:54:36,2017-05-03 00:00:00
f232f2ea81a3f61313f6bb0f759e624d,d1b373f540c9e9081095b729cb55e953,delivered,2017-06-13 18:15:36,2017-06-13 18:25:36,2017-06-14 16:04:11,2017-06-19 18:32:15,2017-07-06 00:00:00
f7200ad3e68f02597521f8c0864de400,b7d9cfc07534e3fa839cd6c4bbb8f29a,delivered,2018-05-11 08:27:06,2018-05-12 03:35:16,2018-05-14 13:18:00,2018-05-18 21:12:11,2018-05-30 00:00:00
c37e2b2752a33b18419055e591329f5b,2e18d81f24d69a3d10e46a230bb466d9,delivered,2018-04-16 00:25:51,2018-04-16 00:35:31,2018-04-19 16:08:53,2018-04-20 16:41:59,2018-04-26 00:00:00
f604358c0baff3de069eed26f7a923d5,de956ad243196560aa9e66ca05681f65,delivered,2018-03-15 12:15:07,2018-03-15 12:30:22,2018-03-15 23:14:57,2018-03-27 15:33:05,2018-04-03 00:00:00
3ff5709e1eed2f4bf1cfdccaf65c6337,9e7a0c5b509890c8ed65fde7d8a3302c,delivered,2018-03-01 10:08:45,2018-03-03 02:51:32,2018-03-05 21:37:50,2018-03-16 21:41:48,2018-03-27 00:00:00
b218243f33a7a07db609c34312c95c96,c03bc660c6d5ae4ff54845c3d7917686,delivered,2018-08-05 15:05:43,2018-08-05 15:15:13,2018-08-06 14:09:00,2018-08-08 22:28:29,2018-08-14 00:00:00
7955a52aeb9d87cd04d970f6cc22c98e,b7dc27ac1b54155804e7550da93aaa01,delivered,2017-06-22 11:14:21,2017-06-23 02:30:46,2017-06-26 14:52:14,2017-07-19 16:35:41,2017-07-14 00:00:00
60cbc2a85ecd535c911397c150d60627,910636a4f7f8671c368176ea6dbb4277,delivered,2018-08-11 11:27:17,2018-08-11 11:35:19,2018-08-17 15:41:00,2018-08-24 14:34:46,2018-08-29 00:00:00
f7203d9ccdf6519081031222d1f49788,78a3b5cdc93c178a8dcc9580a504a7fa,delivered,2017-11-18 13:32:20,2017-11-21 03:46:13,2017-11-24 18:24:47,2017-12-15 17:55:26,2017-12-13 00:00:00
3032417cfacc8603eb6cec97030060b2,03be246c6a30b0be83a6de87cc6afdf3,delivered,2018-07-30 11:55:51,2018-07-30 12:30:54,2018-07-30 14:50:00,2018-08-02 18:16:52,2018-08-13 00:00:00
f57d1c0df61322155f9afd92596de339,1eff2b97ea85a4a43eb612a29a2c169f,delivered,2017-09-09 15:07:43,2017-09-09 15:30:22,2017-09-11 18:10:50,2017-09-20 22:47:00,2017-09-27 00:00:00
600d041553eb72147b8e475e08156864,0c4a0b8d4ec522828d3c1cb06797222d,delivered,2018-04-09 11:17:40,2018-04-09 12:00:09,2018-04-10 21:48:54,2018-04-26 21:14:53,2018-05-02 00:00:00
ec69be9fc7fbfea191b1252ccfad7732,c470b8a12dfb575e2e9427903d02af4c,delivered,2017-12-08 15:51:52,2017-12-08 16:11:43,2017-12-11 23:58:28,2018-01-13 02:22:05,2018-01-15 00:00:00
4abc7b5330425bcf9c2f7f48151a88c0,d1568f1104d2015dc70bdf7d9ab88dd2,delivered,2018-07-31 21:05:49,2018-07-31 21:40:18,2018-08-01 16:00:00,2018-08-07 23:56:48,2018-08-17 00:00:00
5c07b7c36b41a0b6a841fa9a8bd26ca7,d18a3edaf7f0a96519805924ea52d3d1,delivered,2018-02-27 22:37:13,2018-02-28 22:35:30,2018-03-02 14:36:05,2018-03-09 20:37:47,2018-03-22 00:00:00
4cfe0eee95cf16affb0b1b647b379e51,ba73e78b0ba65ced564cd836853e7fce,delivered,2018-01-19 21:04:41,2018-01-19 21:14:17,2018-01-22 19:46:41,2018-01-24 13:39:38,2018-02-05 00:00:00
15f51fa174f4b9b412e245aa5d723db8,9139413a8af28cd2c28e150c393b8f7a,delivered,2017-11-23 22:00:33,2017-11-23 23:12:29,2017-11-27 22:26:39,2017-12-14 21:03:27,2017-12-20 00:00:00
e751df080556bc6d287bfb067be23393,249f741b40d98efc8b5cc7bc2d8f3b1a,delivered,2017-11-15 17:34:03,2017-11-17 04:06:24,2017-11-17 21:36:56,2017-12-05 18:58:52,2017-12-08 00:00:00
07bd0c7e13ac7c3a408dd3bc8f18fc78,6888824f6a0a78173ad41847d2dac2f0,delivered,2018-01-30 15:18:07,2018-02-06 17:15:32,2018-02-09 22:05:05,2018-02-14 23:06:46,2018-02-22 00:00:00
1a7c68f8b0d5a140d89aa6ab7f7b4409,f3aba96f3eceba3cdf6bd72d2bccb867,delivered,2018-06-26 10:48:18,2018-06-26 11:18:07,2018-07-03 14:41:00,2018-07-07 16:18:27,2018-07-30 00:00:00
bb1d4525338473e108ecf58d9cd57a6b,40d6f365c521be62b2d8d1eb59cb075e,delivered,2018-03-28 18:14:55,2018-03-29 18:11:01,2018-04-02 21:24:30,2018-04-20 15:11:43,2018-04-27 00:00:00
00337fe25a3780b3424d9ad7c5a4b35e,4b1b5c848616a4b5fa9d76cb1d12067b,delivered,2017-09-25 17:39:29,2017-09-25 17:50:16,2017-09-26 22:31:51,2017-09-27 16:52:40,2017-10-10 00:00:00
70303c8f09c18171b0c0b226b699436e,12c0a2ff9cb14a1215dd2b9b8616ce06,delivered,2017-11-25 10:31:33,2017-11-28 03:40:14,2017-11-29 01:46:35,2017-11-30 20:04:24,2017-12-11 00:00:00
2c23f1e95bc8b5a7a891d3d4a7651c3d,a47edaa032738bb960410036a140f2e4,delivered,2018-08-01 11:04:47,2018-08-01 12:30:27,2018-08-03 15:45:00,2018-08-06 17:46:34,2018-08-10 00:00:00
78319eed3d0e14a32693dcb23db4c0d6,c8312397127d7b1cf18e77a37efcbe01,delivered,2018-04-12 15:21:23,2018-04-12 15:35:25,2018-04-14 03:11:08,2018-04-18 17:32:31,2018-05-04 00:00:00
30828ec5d05237d99e2ffd4d77e5b492,7cdc15c0092dd54a106da374009fc73b,delivered,2018-08-17 12:13:41,2018-08-17 12:30:12,2018-08-22 16:07:00,2018-08-24 23:22:34,2018-09-19 00:00:00
1e6e729cbdd94df526b317598aaaaf62,9452bc0fd2c071a21ea6fd2373fe0c23,delivered,2017-05-02 12:10:15,2017-05-03 15:32:12,2017-05-04 14:46:14,2017-05-19 08:12:19,2017-06-02 00:00:00
0985a44f5d8e8bf1d6a48717584cec06,f82b51953c5ce4b803faaf7e95e1c858,delivered,2017-05-04 19:14:54,2017-05-04 19:25:13,2017-05-05 09:26:02,2017-05-10 08:52:54,2017-05-25 00:00:00
ab1f91e3f37cb07da2a18c32782ad717,157475701b1e42fd2f2aa734881452c4,delivered,2017-06-13 18:26:21,2017-06-13 18:36:09,2017-06-26 14:32:57,2017-06-30 15:12:59,2017-07-17 00:00:00
6a117de68e34eca0b676d6813e59b48b,8ba554a112ffc1d5fa1b0127f12fbaf1,delivered,2017-10-26 19:00:04,2017-10-26 19:15:09,2017-10-27 20:03:59,2017-11-03 21:25:43,2017-11-16 00:00:00
eeee28417bb0a24c511c9b96a03fb29b,e8435133133d4eab7ded41332934b2d6,delivered,2017-09-07 23:18:04,2017-09-07 23:30:18,2017-09-08 19:57:48,2017-09-13 17:55:51,2017-09-20 00:00:00
3a340d73b238bb50736793ddb808d21b,8c5954d084c86eef965e4e4800f4becf,delivered,2017-05-28 23:01:27,2017-05-28 23:10:16,2017-05-31 14:29:36,2017-06-14 14:44:08,2017-07-03 00:00:00
b13b0fdb62f3213d2d55a93da49c72a4,693150edb86213500719059c108a7ca4,delivered,2018-03-21 08:05:26,2018-03-21 16:48:21,2018-03-22 20:47:27,2018-04-17 16:59:35,2018-04-13 00:00:00
9cff260db4eb043dedd6f2f62286c602,8fea6ef2e4738eaf898ed6973c9a1153,delivered,2017-07-23 10:49:55,2017-07-23 11:05:09,2017-07-25 19:14:16,2017-08-09 17:54:11,2017-08-25 00:00:00
90e258ad907d8401c4f1107ea9e55f1b,358a7b26ad67e3a183c191ed367e64b3,unavailable,2017-09-25 16:03:27,2017-09-25 16:15:19,,,2017-10-31 00:00:00
fc1095da158f0fc66f917a4f7a257183,2996ce648d9a96c6db31d26d4fcf4824,shipped,2018-03-29 13:03:45,2018-03-30 03:26:51,2018-04-03 17:58:40,,2018-04-17 00:00:00
d955112528af770639e476af3ad63f45,9597ad6c62f26f85a58cc2ae70586c2c,delivered,2017-05-29 10:34:41,2017-05-29 10:50:13,2017-05-31 12:40:20,2017-06-05 11:07:56,2017-06-21 00:00:00
69e42c96a24341d71f2e4a4bd04ec4ef,db2da0a7e8fe9eff4dca9a362ce81f2d,delivered,2018-06-22 12:36:53,2018-06-23 01:40:07,2018-06-25 11:40:00,2018-07-03 19:32:50,2018-07-23 00:00:00
5285adf1727ffbee7efefc81c465393f,be170bc588de8c9e15587dc0d6ba25d0,delivered,2018-06-20 15:21:13,2018-06-21 07:16:35,2018-06-22 13:34:00,2018-06-29 14:25:29,2018-07-19 00:00:00
0fdcadc1ea2d7ca9f59b5085aad894ad,1b1ef9257b656045dfd12d3daf77826c,delivered,2018-01-16 18:33:14,2018-01-16 18:51:09,2018-01-17 19:58:55,2018-01-23 09:07:05,2018-02-06 00:00:00
2ed947abad5777127c51b3c509163ec2,2f62c5faeae4b39d3765b0fbda32f249,delivered,2017-07-25 17:06:12,2017-07-25 17:23:20,2017-07-26 23:21:37,2017-08-01 20:04:30,2017-08-28 00:00:00
cf32d57010a44f75a008544d13445ad9,7b962215806a3c1e6bdb02a9489ec486,shipped,2018-04-07 13:12:24,2018-04-07 13:28:24,2018-04-10 21:33:25,,2018-04-24 00:00:00
495df6b807cb718b99cf24a4609fd323,b4280f8c7c3c49fda3cb526f0bd5d568,delivered,2018-08-06 08:20:59,2018-08-07 08:35:16,2018-08-09 14:16:00,2018-08-13 12:51:27,2018-08-14 00:00:00
245b2a09d0f787df368d4a370a63eb58,024dad8e71332c433bc9a494565b9c49,delivered,2017-12-06 19:26:02,2017-12-06 19:33:19,2017-12-11 22:55:03,2018-01-10 20:45:23,2018-01-11 00:00:00
182979a3f93e0a1c87b891184ae126cd,7ba2998eb6ac06bf80e1c14a7f249f4e,delivered,2018-04-26 23:29:55,2018-04-26 23:49:41,2018-04-27 13:50:00,2018-05-03 14:09:46,2018-05-17 00:00:00
6257920a3e9d55dde77fe023d8a24979,8d5c51c33a0c3ac2c2a285ab3f5d7f51,delivered,2018-03-12 10:07:06,2018-03-13 04:08:19,2018-03-13 22:22:08,2018-03-22 19:04:27,2018-04-03 00:00:00
36543b4a82c2c12ec60edfe8b5f67e3c,10f89eb78b39c530ee01136e32381f1a,processing,2017-10-30 14:48:41,2017-10-30 15:06:50,,,2017-11-17 00:00:00
2c6fd1ff4fd89ac1fed1ca1d12af7e26,d2bdc208cc30305a66f5b03a3392c9bb,delivered,2017-07-23 12:23:05,2017-07-24 22:30:08,2017-07-25 19:14:58,2017-07-31 19:15:53,2017-08-15 00:00:00
02119fc90b970a6b0f5f554659843ab4,247eb12909a8db3cc579b1260c3061e6,delivered,2017-06-28 12:47:50,2017-06-29 02:45:31,2017-06-30 08:11:54,2017-07-20 15:49:38,2017-08-01 00:00:00
c2e3454f93d7b6dfdf292ec8c7ed9f99,cf5a949abba8b491211250ecbcc634e3,delivered,2017-10-22 17:18:07,2017-10-22 17:28:19,2017-10-23 21:07:59,2017-10-24 19:06:00,2017-11-03 00:00:00
275bdc3d32ed65dee689eecaa10e7a80,b2ac8556d487da9ab904b45d97e5e779,delivered,2018-06-25 12:34:17,2018-06-25 12:54:25,2018-06-27 11:41:00,2018-07-03 22:32:54,2018-07-20 00:00:00
fc96b98d9e8a75af45c0d41844b50f35,889a1cac67c44cdf76924df5b1fd3bc8,delivered,2017-07-28 18:42:32,2017-07-28 18:55:21,2017-08-03 17:55:06,2017-08-08 20:12:55,2017-08-24 00:00:00
774b04fe6502917d1952476fd1f3dd60,514dd9fb6e10790e3e4ff173318d67e3,delivered,2017-04-24 20:06:41,2017-04-24 20:22:24,2017-04-27 05:37:04,2017-05-05 10:22:27,2017-05-25 00:00:00
db2471b04ede0dfe4af0853853885267,55007379dd2d99a14efabde99644dbb9,delivered,2017-11-26 11:07:17,2017-11-26 11:18:29,2017-11-29 17:29:13,2017-11-30 14:15:00,2017-12-11 00:00:00
e1291e09e6eacd07121773233376f025,3f45162d0e6bf5444b4ccfac3bde919e,delivered,2018-07-11 08:53:14,2018-07-11 09:06:00,2018-07-11 15:07:00,2018-07-12 17:37:37,2018-07-20 00:00:00
e6e29c88d11adad7615c63b147dd55d2,96394ffdc6e79741b4b319e7651c4434,delivered,2018-01-15 23:13:09,2018-01-15 23:29:53,2018-01-19 18:19:28,2018-01-26 12:28:06,2018-02-14 00:00:00
f6118c73253ff6218a76c8b2df6a05b6,7c9499f653ff26514a950815136dd35a,delivered,2018-04-04 06:33:47,2018-04-04 06:48:56,2018-04-04 22:42:56,2018-04-06 22:20:49,2018-04-16 00:00:00
eec93f9fe0cc92067ebff02639cfd67d,c4625d593149bc87239dba55f73c14a5,delivered,2018-08-07 23:54:36,2018-08-08 00:05:08,2018-08-09 12:18:00,2018-08-17 20:51:52,2018-08-28 00:00:00
1f0ab4d9a83fe935e1e0bf1061890186,a28729cebaa2360d1450dfc0b3b3a12c,delivered,2018-03-19 21:52:58,2018-03-19 22:10:22,2018-03-20 22:24:43,2018-03-24 12:11:53,2018-04-05 00:00:00
a9e69217c4501f0f3f8159a6f262f80a,14c720f7ac4e21376dd311697d40175a,delivered,2017-07-20 15:09:58,2017-07-20 15:30:20,2017-07-20 21:18:36,2017-07-30 18:32:20,2017-08-11 00:00:00
832e5f3e2e98919a84d3e224bd9c21ed,afd033936eeee492f12832e2fdda2e6a,delivered,2017-05-29 22:34:56,2017-05-29 22:46:01,2017-06-08 11:43:44,2017-06-16 14:12:34,2017-06-28 00:00:00
8fc32fd1d663bcad34398d254fcce471,90d23f29955fce59c41212f0614a388d,delivered,2018-06-25 19:21:51,2018-06-25 19:42:23,2018-06-27 10:43:00,2018-07-04 16:51:47,2018-07-30 00:00:00
dd12f57a8bc06b6105b3e8c0c1bdbabd,315205cda3082eddd7f02842f2849062,delivered,2018-07-27 05:39:01,2018-07-27 05:50:11,2018-07-27 13:45:00,2018-08-08 16:44:43,2018-08-15 00:00:00
48ba3085b546be02a30dc763f2e3215e,80eb352548a102a3cf822da58237ce6b,delivered,2018-01-27 20:03:57,2018-01-27 20:11:29,2018-02-01 01:17:48,2018-02-05 18:12:47,2018-02-20 00:00:00
1498068c608b11a2902e212d4d65d62c,ea26c56ff6442484745579ed30526f01,delivered,2017-10-20 16:32:59,2017-10-20 16:49:11,2017-10-25 20:15:36,2017-10-30 15:22:47,2017-11-09 00:00:00
4ffd41fadb59bd398d869be78f1b2be3,cb3f24783eb4c4a37cfd6e35b41f3e4c,unavailable,2018-03-26 09:37:59,2018-03-26 21:47:35,,,2018-04-10 00:00:00
92ae7ea2c6f759b8aa53b32b59e0d142,0b0744596a26951c22c400dcf85c6e96,delivered,2018-08-05 14:50:19,2018-08-05 15:05:17,2018-08-09 14:04:00,2018-08-13 16:18:27,2018-09-06 00:00:00
dea1c68b20fccbaec97b0d385e91d0a2,1f5e6def6c9ec048f09bdd632e0a3f13,delivered,2017-07-27 20:47:16,2017-07-27 21:03:11,2017-07-28 15:33:57,2017-08-15 15:33:44,2017-08-18 00:00:00
6ee3801dff06972f74e0b9a290699475,b3d1ab2d4c786d2883b07de6f13d9323,delivered,2017-03-27 22:16:34,2017-03-27 22:30:16,2017-03-30 16:47:53,2017-04-05 14:28:55,2017-04-20 00:00:00
ac28921ef185c0a4f81b4fbbdf4d645e,023a2dda10505c5b757b7f9887f5c41f,delivered,2017-10-28 16:36:44,2017-10-30 22:31:39,2017-11-07 17:08:46,2017-12-05 04:10:01,2017-12-08 00:00:00
d8a72b506828f3aed76e36c3f4fd47bc,bffdf95e4245d60c87bf158396ce1005,delivered,2017-09-21 13:59:28,2017-09-21 14:10:18,2017-09-26 16:41:50,2017-10-17 23:02:44,2017-10-19 00:00:00
845af9472cc76e66fbf445931b511755,f129d18d11f1018ce2e6d436f24649fa,delivered,2017-12-13 09:15:58,2017-12-13 09:30:52,2017-12-13 17:51:35,2017-12-22 15:53:50,2018-01-10 00:00:00
8d69a304424d2948038f16d6a73209ae,2289a9558ea36b40edd3c8a83194f701,delivered,2018-04-14 13:14:33,2018-04-14 13:31:41,2018-04-17 16:03:23,2018-04-25 00:58:57,2018-05-11 00:00:00
15dd36b746e48dfec9824dcebef22b7f,4bcc54d7aaf19f0ab804101e8aab291d,delivered,2018-07-04 09:53:34,2018-07-05 16:33:13,2018-07-06 08:32:00,2018-07-11 01:10:47,2018-08-08 00:00:00
aa1a6dd9036736db780b2cd007f68a52,0d443e5f5c30261d76551bd8f689a8a7,delivered,2017-12-13 10:20:03,2017-12-13 10:30:34,2017-12-14 23:33:22,2018-01-03 15:39:00,2018-01-08 00:00:00
39444c4357a54def3a087956dbb17e62,8c1c6531da36aa724b50271c55a29ecf,delivered,2017-08-17 20:09:29,2017-08-19 02:30:17,2017-08-22 18:27:57,2017-09-15 16:24:43,2017-09-13 00:00:00
787ae1110521f3a8bc19a7ac93b8c914,06d59aa5dcec13f7cb753276300a499b,delivered,2018-03-11 19:24:31,2018-03-11 19:35:50,2018-03-12 22:32:22,2018-04-03 21:28:49,2018-03-29 00:00:00
6c06e4f4212e106eaa318b8330944588,0eb95372a58d93d987ae574866f866c8,delivered,2018-01-01 22:30:08,2018-01-01 23:36:58,2018-01-02 18:51:32,2018-01-05 16:36:07,2018-01-24 00:00:00
aa0bc25a48a3d53cc009df13ed116b23,629abd181c1d9ef4bb09740b75ad1cbc,delivered,2018-03-19 09:32:37,2018-03-19 10:07:24,2018-03-19 21:06:00,2018-03-29 18:23:06,2018-03-29 00:00:00
2ea63ebcda77acab196880c1dfb295d1,09d0dde3c6bfdc1a27a4ce32c54b6599,delivered,2017-06-09 18:52:57,2017-06-09 19:05:16,2017-06-12 15:53:29,2017-06-21 17:59:25,2017-07-14 00:00:00
db6fc36ce2a94f3e7af05707163314d4,2adc5a6e729b462802e8443f719d9255,delivered,2018-01-09 06:05:58,2018-01-09 07:16:05,2018-02-05 15:51:57,2018-02-15 23:35:32,2018-03-07 00:00:00
2a93ea3d6dc877b7e20d51aa102aae6a,4c976ada6cc4aea853a93f97d0120e31,delivered,2017-05-02 16:27:09,2017-05-03 16:35:18,2017-05-05 15:19:04,2017-05-22 15:56:14,2017-05-25 00:00:00
6d15a355fd35494ccd207bec6a3a04d4,da8904f0f0d5fb9bd191b004bac41757,delivered,2018-05-20 15:40:23,2018-05-20 15:50:25,2018-05-23 16:52:00,2018-06-02 00:18:55,2018-06-06 00:00:00
99beb0ca1e257ea579db2f8e68d0165c,b9d25a78c4295ec207824ac5dc4d327b,delivered,2017-03-14 11:32:40,2017-03-14 11:32:40,2017-03-14 15:31:03,2017-03-23 10:52:06,2017-04-06 00:00:00
0582e17dbb2d3c6052b964ab8e62dff5,87a86ccfba74e1253a8866e5c7b1de2c,delivered,2017-11-23 18:52:49,2017-11-25 04:56:25,2017-11-27 14:59:17,2017-12-12 23:44:30,2017-12-19 00:00:00
9ff880794dc0a00ad4856e0de2c912f2,b27bb08f277571e3c41d44e9826df158,delivered,2018-05-29 05:07:54,2018-05-29 05:30:38,2018-06-04 16:03:00,2018-06-18 23:44:33,2018-08-06 00:00:00
8f6467bcaef44e076b48a04fa38557f3,94ac0b7d1d98d01b218caf186fb00d1a,delivered,2017-10-02 15:27:18,2017-10-02 15:35:23,2017-10-03 18:23:24,2017-10-07 16:15:45,2017-10-24 00:00:00
60c6581ec5ed9187370902a251501b8c,79561349b5e45232d00d360ce0f1d4fa,delivered,2018-01-04 17:16:49,2018-01-04 17:28:42,2018-01-08 19:19:48,2018-01-17 15:28:04,2018-02-01 00:00:00
adf684f287283640cb375a2e8ada8c82,738ebe48e12040500665dd143aa28cdc,delivered,2017-01-31 23:18:22,2017-01-31 23:30:12,2017-02-03 16:04:04,2017-02-16 11:49:01,2017-03-09 00:00:00
62492d216bd7ca39cab1f24109b6bfd7,0eeef532854817bddb1fe6fea6c20b6b,unavailable,2017-11-05 08:26:50,2017-11-09 16:07:14,,,2017-11-30 00:00:00
b9ec9404685b3beb2a2eb3d2c57ce666,60c4d9c8c56613fc699cd65274408f31,delivered,2018-05-14 14:38:14,2018-05-15 05:14:56,2018-05-15 14:20:00,2018-05-16 18:13:59,2018-05-30 00:00:00
89ed66ec9a5952690d30aeb514f46dc7,2635b90e29bd6245ddc5051be501cdbb,delivered,2017-02-23 17:50:02,2017-02-23 18:05:11,2017-02-24 06:51:29,2017-03-03 16:45:54,2017-04-10 00:00:00
0ce9a24111d850192a933fcaab6fbad3,5bb8de60ca2ca8b01a5ce471802fe10b,delivered,2017-11-24 01:40:48,2017-11-24 01:49:34,2017-12-06 15:19:09,2017-12-13 00:28:44,2017-12-19 00:00:00
6660a709a26684b66ea12d604ddf0579,4356b8d02549aef5b23be49c9824ce56,delivered,2017-09-23 12:10:18,2017-09-23 12:30:16,2017-09-25 19:08:00,2017-09-27 19:25:34,2017-10-10 00:00:00
8b69e25aaf296391c63e1158984ed9ce,d6a0262aa7ea8989db06e29f944eee82,delivered,2017-11-11 11:48:16,2017-11-11 12:06:43,2017-11-13 15:22:02,2017-11-21 15:06:36,2017-12-08 00:00:00
10b6352081cd9c4b594e4be0c491ee62,863b6381550660b774a6f43d857d2b0f,delivered,2017-01-24 11:16:26,2017-01-24 11:25:20,2017-01-27 10:14:38,2017-02-02 13:34:19,2017-03-01 00:00:00
824ed066dde5116b8bcf4d75381e056d,22c6b0b3951f5b1c04627cb184f1d220,delivered,2018-04-05 11:24:37,2018-04-05 11:35:27,2018-04-10 00:38:40,2018-04-12 02:14:30,2018-04-23 00:00:00
f3730b23378f3e3415e54360e5a7c844,d43e617665b9a99e6e9b0ca80101867c,delivered,2017-11-23 22:55:19,2017-11-23 23:08:24,2017-11-25 17:58:41,2017-11-29 20:42:40,2017-12-07 00:00:00
ad23fcc73cd109e39f5e7d073311668b,a2b0b2f705c2fe6a887a7d478cadeeb7,delivered,2018-02-01 09:23:11,2018-02-01 09:35:31,2018-02-01 20:11:29,2018-02-19 12:38:44,2018-02-23 00:00:00
c435a12c69420ebee5a5e0f5cfded1e0,d8f36d0b4ad0276f450d447c5e9d5fdd,delivered,2018-01-25 13:11:59,2018-01-25 13:38:45,2018-01-29 23:07:54,2018-02-16 19:26:40,2018-03-02 00:00:00
b56797ea631520e4e802653f5b16f58f,42e12c826887f33a3399c76584879494,delivered,2017-10-24 10:16:27,2017-10-24 10:35:18,2017-10-27 19:13:22,2017-11-03 18:57:40,2017-11-10 00:00:00
14f75c9606fc12baa607bebe380d7237,38e7bc65880a2256fd6496257dd42ae8,delivered,2017-08-10 18:04:32,2017-08-10 18:15:19,2017-08-14 14:16:01,2017-08-25 20:26:41,2017-09-01 00:00:00
41901ef295b6a4e15de7843558af4ebe,66ba6a98a3d5bbde6d5c665d1f4a8749,delivered,2018-02-20 08:28:27,2018-02-20 08:56:17,2018-02-23 00:15:09,2018-02-23 19:06:43,2018-03-06 00:00:00
77f2e7e62b82f2c771bde410b1b3e086,ef2552ba67c885431531f4276bc8c187,delivered,2017-12-05 11:56:43,2017-12-05 12:08:50,2017-12-08 14:46:57,2017-12-19 19:52:38,2017-12-21 00:00:00
455c8cc6fcb8015c8fa06b087cf373b1,aedcc029d706666f925832dbece29f27,delivered,2018-08-06 19:27:20,2018-08-06 19:44:28,2018-08-07 10:12:00,2018-08-09 16:21:51,2018-08-09 00:00:00
dfa1e5a290276c05629e2d4180ce6aff,1cb19e72dbe69d9091b464032caebb40,delivered,2017-03-13 14:17:40,2017-03-13 14:17:40,2017-03-14 15:05:58,2017-03-17 17:51:45,2017-04-06 00:00:00
657e64a0e86917e93318c0c3159bec13,e9b278eff4b7b9f79537436311b2009b,delivered,2018-03-15 09:06:34,2018-03-16 03:45:21,2018-03-19 19:22:25,2018-03-24 01:22:07,2018-04-11 00:00:00
1b729e56124765cedd186f2e66605e67,db088f7ba499667ca71c3e4c92b4e4cd,delivered,2017-11-11 22:28:30,2017-11-11 22:46:35,2017-11-17 19:28:55,2017-11-24 20:12:18,2017-12-08 00:00:00
4035b52134bcb1bdaf305b4671495372,c590510c46287c15188b2263bd0bdc1c,delivered,2017-12-03 20:37:09,2017-12-03 20:55:19,2017-12-05 20:48:48,2017-12-13 20:09:37,2017-12-26 00:00:00
509b3c9816121d1f5ac14d58ca482170,ba47d58ee731ce8d729dc0fcccfb2739,delivered,2017-12-31 00:57:27,2017-12-31 01:07:23,2018-01-02 18:35:39,2018-01-09 15:22:41,2018-01-24 00:00:00
9475f5241a5ee6260ce4aee70f4e7ca5,91fd468b0c6209286b3a9331612136a2,delivered,2017-03-16 21:08:13,2017-03-16 21:08:13,2017-03-20 08:02:09,2017-03-30 12:15:43,2017-04-05 00:00:00
45ab99a963685fce8c888625858abc02,5d82379a7d66ddb784de681c9138b002,delivered,2018-01-04 19:08:46,2018-01-04 19:17:19,2018-01-10 17:15:39,2018-01-22 22:23:55,2018-02-14 00:00:00
c729462935fadd2c85ec76f13e0421f2,6685161064744cb72ce07973f240814b,delivered,2018-04-09 17:46:23,2018-04-09 18:10:14,2018-04-11 18:34:32,2018-04-12 19:08:39,2018-04-19 00:00:00
51bc785c184f3d80c5f0505a63712fa1,f84175c9fb5800838c57a1676f9d9e29,delivered,2017-08-10 11:36:24,2017-08-10 11:45:16,2017-08-15 15:33:45,2017-08-16 18:53:48,2017-08-23 00:00:00
0b850781696042f7d33b6246dc49bd31,1eb1747994dbcb25f83cfc9490e833f6,delivered,2018-03-17 10:37:48,2018-03-17 10:50:26,2018-03-22 20:52:44,2018-03-28 21:08:41,2018-04-24 00:00:00
5481cc369cb2fe41d87a0eb98c512166,5d442e2ce67bda00693d989b8ee6232d,delivered,2018-02-26 15:06:05,2018-02-26 15:15:53,2018-02-27 15:09:12,2018-02-28 15:42:12,2018-03-12 00:00:00
03f9705f9135ccb809e74e902f19b2e8,22fdc6255f0b1dd9fb663cbf1e8f9db9,delivered,2017-04-25 21:15:01,2017-04-25 21:25:13,2017-04-26 15:28:53,2017-05-06 09:24:06,2017-05-19 00:00:00
7ad7466bf5dc89ce001a735997506fcb,f542b8c433c24036f7c50b5857b8f72c,delivered,2017-11-25 11:46:39,2017-11-28 03:46:59,2017-11-29 22:22:20,2017-12-05 01:17:51,2017-12-21 00:00:00
800b8ee7ba7b89e615910b52e4b2f4f0,4abaaf9e868ffb8524297684c31430e2,delivered,2018-02-06 15:04:24,2018-02-06 15:28:36,2018-02-07 22:42:38,2018-02-19 20:16:47,2018-03-05 00:00:00
3d9b5cf13225583103d0ce6b29cad9c4,daf42eb505435407c0998961d3434c3e,delivered,2017-03-20 02:06:43,2017-03-20 02:06:43,2017-03-21 15:31:39,2017-04-06 10:34:35,2017-04-20 00:00:00
119b654c77fbffcad6cdb07398506c93,a1674724305cdde2e900f8f50583f764,delivered,2017-04-20 13:07:05,2017-04-20 13:22:00,2017-04-20 15:44:29,2017-04-26 08:56:43,2017-05-12 00:00:00
369d7f9f1c7cf25b5b840af3ddcc105b,0763f7a445bf21f1abd367c516f468f8,delivered,2018-05-10 23:12:31,2018-05-10 23:37:08,2018-05-11 13:47:00,2018-05-17 17:44:00,2018-06-04 00:00:00
e78b67e290369f9663f14d37b7f64c52,8891c02b39e08c241fd6c4372c689d60,delivered,2017-07-21 09:26:18,2017-07-25 03:30:35,2017-07-28 19:25:45,2017-07-31 14:09:22,2017-08-15 00:00:00
591c776946bf5814d5438574a5b42327,2e6ae98da5c04efadf7992e149fd1155,delivered,2018-07-31 15:48:32,2018-07-31 16:44:09,2018-08-02 15:29:00,2018-08-06 21:46:42,2018-08-15 00:00:00
2fd12ee976f68370d5397cffb377b4b5,e8f59674641779a204cefacfc83107c3,delivered,2018-04-10 18:41:37,2018-04-10 18:55:14,2018-04-11 20:34:27,2018-04-12 21:04:05,2018-04-26 00:00:00
dce5adb99dbd09afb1a7b9a402df9f98,217fd8f56b30bdad4ee2d74dc623ee13,shipped,2018-03-21 13:50:42,2018-03-23 02:10:53,2018-03-23 21:43:54,,2018-04-17 00:00:00
444444b7f836b844b14afe3e0fc9929f,df05a8b6699cafd41f8a5ca0d2eb7e03,delivered,2018-07-22 12:31:00,2018-07-23 11:31:25,2018-07-23 16:55:00,2018-07-26 17:03:13,2018-07-31 00:00:00
8efea0c3d02c48c7c99f50109fa108f6,4032c0b1b0ed2cd232a2e9c57520e889,delivered,2017-02-04 14:16:17,2017-02-04 14:25:17,2017-02-06 10:32:16,2017-03-02 10:27:58,2017-03-03 00:00:00
cf83caae8eba6306ab83c98f7ce4f063,3087955b73b6ad787e47adb991c57cb4,delivered,2017-11-18 13:14:16,2017-11-18 13:30:44,2017-11-21 13:51:32,2017-12-04 20:33:57,2017-12-14 00:00:00
49d611a6db43f09965cd45ac828fc656,d7425df47f8b1f5432216fc66056e270,delivered,2018-05-06 11:23:15,2018-05-06 11:35:19,2018-05-08 15:03:00,2018-05-15 21:17:41,2018-05-29 00:00:00
4e5fc24885f6bdf62a3179c0b6fd302e,1c5a18f7ecfa0ac0afbf4560a89f7dd9,delivered,2017-11-06 23:09:55,2017-11-07 23:10:56,2017-11-08 20:41:44,2017-11-16 17:12:58,2017-12-01 00:00:00
2027c6ba8a58df2e69194531ff9abfa8,df2cd9d9af76f334696a190d35cc6687,delivered,2018-08-12 16:21:57,2018-08-14 04:25:11,2018-08-14 12:47:00,2018-08-15 18:44:35,2018-08-20 00:00:00
45ee8ea280c9b83f9ca39f76dfe23919,e6a6fd39cceb8406bee8db3c4d4708da,delivered,2018-03-07 22:02:28,2018-03-08 21:55:43,2018-03-16 21:38:39,2018-04-10 01:14:51,2018-03-29 00:00:00
4e8462f123da7fae9cd5d28500ba601d,53e8ccb24280ca4f6faa80b23d081f40,delivered,2018-06-11 12:37:05,2018-06-11 12:58:00,2018-06-11 14:16:00,2018-06-21 21:12:14,2018-07-03 00:00:00
d9d6c371c6721e2fb73fc7ed7b5cc856,5d3820cc56ad55f3fc4b58c32119e21a,processing,2017-08-25 17:50:50,2017-08-25 18:08:20,,,2017-09-26 00:00:00
8a0164c3828be538fd5a402c8bcca508,8024af9135f058848c0c8400a9de55a2,delivered,2017-07-25 12:31:12,2017-07-25 14:25:22,2017-08-02 22:32:30,2017-08-10 15:08:01,2017-08-16 00:00:00
5520cb02f3be1a666c327b7357e7da18,f49404bab9efcd0823303fce9072098b,delivered,2017-05-16 13:32:01,2017-05-17 03:50:30,2017-05-18 16:23:09,2017-05-30 09:38:32,2017-06-20 00:00:00
3db932725b90f4f388d2e361b0f1247e,fc34108ccfb5cd9c569ae7531fe9435c,delivered,2017-08-01 19:11:08,2017-08-01 19:53:53,2017-08-03 17:29:24,2017-08-14 18:16:09,2017-08-23 00:00:00
dbe6677f2b80aadfa0b4b87ed71e7619,d344b8b2d5520c01fed185f5d0cd972b,delivered,2018-04-07 18:23:26,2018-04-07 18:35:20,2018-04-10 00:31:21,2018-04-21 00:52:21,2018-05-15 00:00:00
49339749b24288f34c827ba8f470a1e2,1e25825127b762cf429607fb83d14e32,delivered,2017-11-24 20:26:33,2017-11-24 23:32:50,2017-11-27 21:35:08,2018-01-08 20:59:33,2017-12-19 00:00:00
71cd324a1b352121198937e95b18f4f4,c96a23bfabccf9d49a7315fb4a36a4d0,delivered,2018-03-12 14:48:56,2018-03-12 15:01:18,2018-03-13 22:04:05,2018-03-15 15:32:34,2018-03-22 00:00:00
eea3254200d621b24b7741950693e956,717745a08d23a23e66d92be837d3719a,delivered,2018-07-26 07:16:24,2018-07-28 02:45:09,2018-07-30 14:26:00,2018-07-31 16:16:34,2018-08-03 00:00:00
c9af6b168a81fd8a714317ee3d7daca1,0fc8a32d72f15950f51b7d5b66b79825,delivered,2018-05-14 15:04:28,2018-05-14 15:33:27,2018-05-17 10:16:00,2018-06-01 22:17:43,2018-06-05 00:00:00
d62dee82fbbff8937958215d8eddf5dd,0131193f8b1b149f85f1326ac337effb,delivered,2017-07-09 08:58:27,2017-07-10 09:05:18,2017-07-12 20:03:36,2017-07-21 12:44:38,2017-07-28 00:00:00
67f45b915d20c7c02c711e0fbf871a3a,3198dc1ea5691b70e1e47975503664bf,delivered,2017-09-07 18:21:49,2017-09-07 18:35:11,2017-09-08 19:36:23,2017-09-23 16:20:14,2017-09-26 00:00:00
ff3d74e7a6f632103cf96ffeb8ee9a99,f1cf04d23b4eb09ac829c8504b6a4e1c,delivered,2018-07-12 22:14:53,2018-07-12 22:30:11,2018-07-24 16:07:00,2018-07-25 20:44:32,2018-07-30 00:00:00
3d76808da6242e8c7476a606fb6b5935,1a2c6469954e0f56da59bf0ac75007ed,delivered,2017-08-07 13:01:04,2017-08-08 04:04:48,2017-08-09 12:20:03,2017-08-15 17:27:37,2017-09-08 00:00:00
e1a818b056b700bd7b25f1089d897239,90e8c848cdfd95e64ea46179d33443e4,delivered,2018-07-31 22:45:09,2018-08-01 22:44:01,2018-08-02 14:13:00,2018-08-08 19:27:30,2018-08-17 00:00:00
54b73f808b0ff25da4276773c30ac269,e154e499a4edf9f98c29f41476f96d1c,delivered,2017-05-27 16:31:57,2017-05-27 16:45:17,2017-05-29 15:44:53,2017-06-02 16:03:41,2017-06-22 00:00:00
75d3527e66e8fc1d5f941e849c0de41f,58ffeb6d4f1b69883968cd8c383eaa0f,delivered,2018-01-20 19:20:06,2018-01-20 19:40:02,2018-01-22 23:38:40,2018-01-23 20:26:42,2018-02-06 00:00:00
6f1a5c9e21e2e48b21bbe4519b8cafc9,20e5e35459943649df4ba95019a7e60f,delivered,2018-04-13 11:37:51,2018-04-13 12:34:07,2018-04-18 14:33:33,2018-04-26 15:07:50,2018-05-10 00:00:00
22186fa7212dbcf34309042f929b7c00,9ce31d55971db15e0c3f851de4d9fd24,delivered,2018-05-14 10:43:32,2018-05-14 10:55:12,2018-05-14 13:44:00,2018-05-21 18:03:58,2018-06-04 00:00:00
7fe630fd69c00ef54c9124d78e124256,a3c0a165194392d6f1feeaea3e8437ef,delivered,2017-07-07 11:51:03,2017-07-07 12:05:22,2017-07-11 21:59:47,2017-07-24 22:39:39,2017-08-11 00:00:00
37e63825a987137ad373f0f248f538b8,e4210fedf32208730477bf8fee9d663b,delivered,2018-03-12 22:52:44,2018-03-12 23:28:28,2018-03-13 23:18:55,2018-03-22 03:13:32,2018-04-11 00:00:00
cc809786d515550e76739eda2f98973e,055b119daa2b0c88aa10a4e00a2dd728,delivered,2018-04-28 16:17:34,2018-04-28 16:30:42,2018-04-30 12:35:00,2018-05-04 16:18:00,2018-05-29 00:00:00
96d307dc05503506515055b86a580e86,cc4f268918146f839fd6d93f92f20141,delivered,2017-12-12 01:18:43,2017-12-12 02:03:49,2017-12-13 19:53:55,2018-01-18 12:30:23,2018-01-16 00:00:00
aa6e1f3a2b645a2b22e70084a30d2cd0,9ebb135e8db1fb56993ab9b2486c7aea,delivered,2018-08-02 18:29:03,2018-08-02 18:43:56,2018-08-03 08:00:00,2018-08-08 23:32:43,2018-08-21 00:00:00
dd65c324819cce121f105ad9d9afa866,b829fddbce42cead675773ee8daaa179,delivered,2017-04-15 12:12:15,2017-04-18 03:50:58,2017-04-19 14:51:55,2017-04-27 16:30:30,2017-05-19 00:00:00
2636a02ee7de9590df86a4c24b739c49,1fd1e40209824b4d0782d64047b915fb,unavailable,2017-06-29 09:10:37,2017-06-30 09:23:08,,,2017-07-27 00:00:00
bece5e930ddaed72094b5818d4e1e0bc,2c60943e5f008960cde115632694d93e,delivered,2017-08-15 16:17:41,2017-08-15 17:26:12,2017-08-16 18:18:03,2017-08-30 21:10:55,2017-09-19 00:00:00
9ba2ade828138782788e9a94fe1b2770,e65635fcd41c888f45a237efca197c20,delivered,2017-09-22 20:48:35,2017-09-22 20:55:19,2017-09-25 17:16:50,2017-09-29 11:05:23,2017-10-09 00:00:00
f88037e9ca23f94718a8360aa4840734,d44ab03c3323d22400a0f5bd6943d9a6,delivered,2017-11-24 08:05:07,2017-11-25 04:30:44,2017-11-29 20:27:51,2017-11-30 17:13:02,2017-12-08 00:00:00
ff08bd71c0a7128029fa586e4a8efc0c,9df66a391248164f3e286f6d5b84002b,delivered,2017-10-31 16:32:24,2017-10-31 17:32:16,2017-11-08 19:03:14,2017-11-13 21:32:08,2017-11-17 00:00:00
8aa1b241d97b02dbdb9a617b54added8,32e9cd29933427903b9a2a0f2d6812fe,delivered,2018-02-22 09:40:07,2018-02-24 02:35:49,2018-02-26 15:59:01,2018-03-01 01:13:45,2018-03-08 00:00:00
d95cb2dcbf2eb01c15e4633df807d2e4,b61c63aace73cb64dcc63b841463dc11,delivered,2018-06-04 11:59:52,2018-06-04 12:10:44,2018-06-05 10:15:00,2018-06-13 19:32:11,2018-07-25 00:00:00
cdeefca5ad0ec35c4d7c5b48ab52e85c,190e6fd65f805d63c39c25217e4acac0,delivered,2018-08-12 08:16:04,2018-08-12 08:25:09,2018-08-14 13:03:00,2018-08-15 17:46:56,2018-08-20 00:00:00
e1cb06b1ce820a025fed0669adf9a7f9,c7d01474e137ab202e9d31f379d6ad02,delivered,2017-05-14 23:34:25,2017-05-14 23:45:10,2017-05-16 12:34:01,2017-05-17 09:52:18,2017-05-24 00:00:00
e03c816c5df8276cc2e317550963663a,736dd0d4650ac60d526cf4d878feb562,delivered,2018-01-16 21:46:52,2018-01-17 03:35:46,2018-01-19 20:42:44,2018-01-31 12:58:03,2018-02-14 00:00:00
c5625e0deb904fd1ae3c6c4a3a4a55d5,264bb2e28d33a8ab98b8c8e1907d7754,delivered,2018-07-26 14:11:55,2018-07-27 02:05:11,2018-07-30 13:20:00,2018-07-31 17:18:42,2018-08-13 00:00:00
ba063008dcde6cd0ecb0c72f82a4542d,1fa51f227dca1a772254a612a2f5e834,delivered,2018-08-07 08:08:47,2018-08-07 08:44:50,2018-08-08 13:06:00,2018-08-13 17:36:41,2018-08-24 00:00:00
1aae876e8a8dcd3f41f6ec9aae3de9e3,adf8954ffb6abeb41d3ca91f01451710,delivered,2018-01-09 13:04:37,2018-01-10 10:35:34,2018-01-11 22:34:16,2018-01-22 19:22:33,2018-01-30 00:00:00
8fdc71858c110d23e8af0fa7baab541f,c359ce92d4c60f27d024a1660068fbd3,delivered,2017-11-15 09:53:36,2017-11-16 09:46:53,2017-11-17 16:00:43,2017-11-23 22:03:05,2017-12-05 00:00:00
aefefdda7b7a272ca35c44b82b643104,fd129ee6af6e2c7043f8029e814a7ad9,delivered,2017-10-01 00:15:12,2017-10-03 04:05:06,2017-10-04 10:18:15,2017-10-09 17:48:09,2017-11-01 00:00:00
36e138bc060bf5e8b34ff5a25cdef48c,4d31a630dc3cd14ed82fe2930834841b,delivered,2017-04-02 15:25:31,2017-04-04 05:55:27,2017-04-04 17:32:29,2017-04-12 18:09:07,2017-05-12 00:00:00
f25c779f3e424ad932e6ce1e984e2247,c3b02f862370ca59d28f738fdaf73d5b,delivered,2018-07-15 07:56:27,2018-07-15 08:05:08,2018-07-16 14:25:00,2018-08-01 22:26:39,2018-08-08 00:00:00
2abced8dfd803bbf4dc2347d1123cd6a,53732b9a535954d2f6ab24f8a181fbc2,delivered,2018-02-19 11:20:04,2018-02-21 06:20:06,2018-02-22 20:22:49,2018-03-01 12:29:40,2018-03-16 00:00:00
2c8bf07fcf5c57d898ff1797efa33379,3fd171b35b40e2251a46796b89d4466e,delivered,2018-07-27 19:05:14,2018-07-27 19:24:12,2018-08-06 11:50:00,2018-08-08 23:30:52,2018-08-15 00:00:00
50703a5cdfb2b550cebacccaef68c958,6ce5f54807e3a5677425dcb53f151734,delivered,2018-07-25 01:00:29,2018-07-25 01:10:09,2018-07-25 15:07:00,2018-07-28 13:53:32,2018-08-02 00:00:00
7a685062c7fb83498153b46a3abd21e0,3781c04595192f3e9104d3a3c262f8f7,delivered,2018-04-25 09:24:56,2018-04-25 09:49:59,2018-04-25 12:18:00,2018-05-07 18:16:58,2018-05-23 00:00:00
2904c252504167d25044631cfa95a558,d858c8a1bd7dca425c880be55b01a581,delivered,2017-11-04 14:51:41,2017-11-07 07:30:38,2017-11-08 21:43:46,2017-11-15 18:59:18,2017-11-30 00:00:00
6c6e45db63667bd55633d47a10d77607,901aacf1c5d565bed32a8e095c72996b,delivered,2017-10-17 20:10:25,2017-10-17 20:24:57,2017-10-18 19:19:48,2017-10-25 03:49:17,2017-11-08 00:00:00
16e6eb900110dfb1f423bfc65820ff87,b453edb9fb0a8f0fa061a9f7b28f0ea4,delivered,2017-11-24 19:34:33,2017-11-25 17:13:16,2017-11-28 15:59:53,2017-12-07 17:32:23,2017-12-15 00:00:00
e29802498c81638fb4377d7c7137031e,95ea5897e2fc6140471671f079a3e6d0,delivered,2017-11-24 12:40:26,2017-11-24 14:53:57,2017-11-28 21:09:09,2017-12-01 19:58:38,2017-12-14 00:00:00
378f58a3d4b989b3517b56488dc4e3cf,de0403a67561b363c7c6f66fe6d21779,delivered,2018-03-13 07:30:48,2018-03-14 02:55:30,2018-03-15 22:57:31,2018-04-02 16:54:27,2018-04-16 00:00:00
a35238675f91b99761c23af5c842d5ef,ef7dee73560f32c17dd064b78716ded6,delivered,2017-10-19 18:43:03,2017-10-19 18:56:30,2017-10-23 19:12:18,2017-10-26 20:36:44,2017-11-09 00:00:00
649caa9b6696d9b2bca095239ecaa00f,ff7d7815195c6869f62b1066a1032773,delivered,2018-01-29 16:51:03,2018-01-29 17:17:52,2018-01-30 18:33:20,2018-02-04 11:02:36,2018-02-26 00:00:00
b560ced1765e243b3ebf765d80a8873d,13a0d7f2b07e2198b22ae011b5ff6acd,delivered,2018-07-19 12:27:17,2018-07-20 04:45:07,2018-07-20 14:37:00,2018-07-25 18:28:33,2018-08-06 00:00:00
32b72e8b9ce039ddb7a5d884d7b4d30b,c807ea41bde178a5ec5a855a6c7105dd,delivered,2018-06-10 16:10:57,2018-06-11 17:01:43,2018-06-12 17:05:00,2018-06-18 23:48:27,2018-06-28 00:00:00
56c31c03a2fc4a10abafed9320733788,8c847a3d8d8f7b7fde182ad0f4857b83,delivered,2017-11-20 11:27:55,2017-11-20 11:46:26,2017-11-21 23:12:25,2017-11-22 22:46:46,2017-12-01 00:00:00
663918d7ceace41e4d29388d75162e8b,fac1698c524c18637b8557cb95b2677c,delivered,2017-10-10 20:56:54,2017-10-10 21:14:15,2017-10-11 17:56:42,2017-10-13 17:47:01,2017-10-23 00:00:00
1824eec8dca4bdc04b3bb13cb7451e0a,0e1f0feb7a225bb2d8780b3ea5087297,delivered,2018-04-29 15:48:33,2018-04-29 16:15:19,2018-05-03 14:47:00,2018-05-15 23:03:48,2018-05-25 00:00:00
677d1a451e724a484b806dcad91e266e,96593bfdf740ec98f80d3514e2c017f1,delivered,2017-09-16 21:58:40,2017-09-16 22:10:14,2017-09-18 14:27:55,2017-09-27 21:56:04,2017-10-05 00:00:00
cac00f6d5c47ea72c4a8f62a307edcda,edf56c9b71642c3f73252ca6f3653c36,delivered,2018-03-30 22:22:40,2018-03-30 22:30:24,2018-04-03 02:03:28,2018-04-06 19:58:47,2018-04-25 00:00:00
bad9f9185410578b6c9c9aa9d544d0b2,5b6a2c2aa5f266b09ac1be50bacff2ca,delivered,2017-10-16 00:29:46,2017-10-16 00:49:24,2017-10-16 22:11:20,2017-10-19 18:44:10,2017-11-01 00:00:00
d7bcd768f38943877c3298667ecdfbdb,bce98ac8bc5881286baf132ea18db46c,delivered,2018-05-08 09:22:36,2018-05-08 09:36:10,2018-05-08 15:41:00,2018-05-22 18:31:09,2018-06-12 00:00:00
4a71e2b3cccb7dba085c8961c746578f,7de868d6c387e60f129e85ddaf6de179,delivered,2018-02-22 15:23:48,2018-02-23 02:15:48,2018-02-27 19:28:38,2018-03-09 03:08:22,2018-03-19 00:00:00
a19b529d70b6aa8addb01c2721350ba3,9c6ddba61e8aaf823ff96b25337238c7,delivered,2017-05-21 19:07:08,2017-05-21 19:15:24,2017-05-22 13:22:04,2017-05-25 10:08:09,2017-06-13 00:00:00
2e59ddc3574c1fcaf87f89f7b0a9eac5,f2f034384d1385b0c0443d495384a777,delivered,2017-04-19 15:42:32,2017-04-19 16:22:08,2017-04-20 14:04:12,2017-05-03 12:13:02,2017-05-16 00:00:00
3a572776650593b33c1a7bb4e7f8f650,326d8a01743aa13fc9b17fe87f13d784,delivered,2018-08-03 15:31:53,2018-08-03 15:45:20,2018-08-07 14:48:00,2018-08-09 15:36:51,2018-08-17 00:00:00
423e9363ad13622c0deb3615c736eb0c,df7e5dc6c512398a722860afe9548e18,delivered,2017-06-11 09:07:21,2017-06-13 04:50:31,2017-06-13 13:11:30,2017-06-30 14:42:31,2017-07-17 00:00:00
c09eea5faf2f865d54fac5b97b961a75,1e34ef28ff6a12d56dcd123746e11367,delivered,2018-01-14 19:35:10,2018-01-16 03:51:04,2018-01-16 19:17:19,2018-02-08 17:06:45,2018-02-15 00:00:00
73421a5bdd55f86529569549055d9e82,633bca8614f7a9f458a5e0d222515aa8,delivered,2018-08-02 12:05:28,2018-08-03 12:04:33,2018-08-06 15:39:00,2018-08-09 22:24:35,2018-08-17 00:00:00
1f7200706718ab1994100352fce22015,7795ad64f8c82d9dc38060df2f3ceab2,delivered,2017-06-11 15:25:31,2017-06-11 15:35:19,2017-06-12 17:04:12,2017-06-19 21:44:26,2017-07-03 00:00:00
7eec39760bfb41ecc9d7fd0ad9d6dd09,bee4fda0042266fc0d05b2a3dc7e1955,delivered,2018-05-24 17:25:47,2018-05-24 18:38:42,2018-05-25 14:30:00,2018-06-02 19:02:52,2018-06-13 00:00:00
4f9b9fd2455e28c59c7b35969692bfe8,0e897a74275d2bd19eb0317a04f228c0,delivered,2017-06-11 14:25:41,2017-06-11 14:35:20,2017-06-16 10:27:57,2017-06-26 16:04:37,2017-07-07 00:00:00
17e8552f435a2ecca2d7a06c1e7fd085,d52d0c11bb53eb1d4258f54ea1b1f004,delivered,2018-08-10 09:49:54,2018-08-10 10:04:55,2018-08-13 15:42:00,2018-08-20 14:05:16,2018-08-24 00:00:00
9a4742a473129e5a7814d5319bae3092,bef22d3d96d9fde94ddcb3e94bd692c5,delivered,2017-10-11 15:51:34,2017-10-11 16:07:15,2017-10-16 16:25:45,2017-10-31 17:25:47,2017-11-10 00:00:00
6a4331f30cfdb92d9f0485ced1fc0878,5f5bb7191d447708ef7e924a91a676ac,delivered,2017-12-10 17:32:24,2017-12-10 17:50:33,2017-12-11 17:17:11,2017-12-20 18:53:55,2018-01-10 00:00:00
14320a05ad27fce607fa0c0c8304cb9d,76f2067f49c7969f0f3186d23c13d6e1,delivered,2018-06-14 18:36:45,2018-06-16 15:59:19,2018-06-18 15:10:00,2018-06-21 18:34:45,2018-07-05 00:00:00
9800ab70491d72cc23404e99a34986ba,23ba08671cfa9af47bf10ff731afb507,delivered,2018-05-08 08:13:57,2018-05-09 02:54:15,2018-05-10 18:29:00,2018-05-21 16:08:47,2018-06-01 00:00:00
2fcaf8d9c9070537c1c42e1e159fbd8b,21745c90452f6b949ca4be4112d7de47,delivered,2018-02-13 11:31:49,2018-02-13 12:35:29,2018-02-14 18:48:45,2018-02-26 18:53:10,2018-03-06 00:00:00
f1b7d9797859f45fcdf77b86d09e1bd4,f6ed395f32c2fa65da08bcb5b7cc61f4,delivered,2017-06-13 08:55:04,2017-06-13 09:05:19,2017-06-13 12:31:33,2017-06-19 13:27:49,2017-07-04 00:00:00
9e73c8381ca5e26d2859ff9f6479028d,5a95d8f2ca0a97bc79d89871c02456ac,delivered,2017-11-26 23:13:27,2017-11-26 23:32:44,2017-11-28 21:36:06,2017-12-20 22:58:11,2017-12-19 00:00:00
c707bf13a0edadf77e273f5e862b4b95,1f8813bff74260e6276531269a297620,delivered,2018-03-09 01:32:41,2018-03-13 04:10:59,2018-03-13 16:12:38,2018-03-23 17:21:56,2018-04-05 00:00:00
b23fef1fa296cd791a57b465a3dc3827,ddd6194380aba67e254f45356dffa800,delivered,2018-06-05 18:22:13,2018-06-05 18:35:12,2018-06-12 08:16:00,2018-06-14 14:47:49,2018-06-29 00:00:00
2b86248935bc0815bedf6857267be978,cc099984022170d3d95fbdaf568e7637,delivered,2018-08-21 16:40:15,2018-08-21 17:08:45,2018-08-22 15:15:00,2018-08-27 11:37:30,2018-08-31 00:00:00
362e782b3f0873199d38f62772c2c882,1db1cf9ec037c7b4d6f48b33a9cad90a,delivered,2018-05-02 23:06:44,2018-05-03 00:12:56,2018-05-03 15:34:00,2018-05-07 17:53:02,2018-05-24 00:00:00
1a358c4ef8c7d066e7e526670d486f3e,4e99533d9f44d1f5a66cae1bb9e42ba4,delivered,2017-11-22 08:01:01,2017-11-22 08:11:22,2017-11-23 23:15:51,2018-01-03 20:58:48,2017-12-15 00:00:00
2d1532a0e5de7237f34903019cf8f3d3,af17ae87ef93470274e600086e3949bc,delivered,2017-05-07 21:35:30,2017-05-07 21:45:16,2017-05-11 13:44:57,2017-05-19 13:44:14,2017-06-02 00:00:00
70263f30f6180c7ca277e4dc6c4c19c8,c22ee415b6474778375b4a8bac4e6054,delivered,2018-07-21 19:35:05,2018-07-21 19:45:14,2018-07-23 11:39:00,2018-07-26 02:12:18,2018-07-31 00:00:00
31339e08b23bc094968740000fba12f0,e3cce53d395f9c39230a95b77cee5595,delivered,2017-04-03 22:57:24,2017-04-03 23:05:09,2017-04-05 13:53:09,2017-04-11 04:48:03,2017-05-02 00:00:00
f046d54c32beae04f22c7f3232425f54,88a9bef2169cc0595576e122ff55c20d,delivered,2017-11-07 16:09:29,2017-11-07 16:21:15,2017-11-08 20:19:46,2017-11-25 15:54:45,2017-12-07 00:00:00
fee41f55534a71ad5fd16ac61bc5281c,96b846b2e764efc19d7e33e7a482a603,delivered,2017-12-18 19:36:46,2017-12-20 06:57:38,2017-12-20 18:29:28,2018-01-06 18:04:13,2018-01-16 00:00:00
0918eb0a00743c2cfeb69cce4fe4fe1e,8568c1a8472b76f6399440bdf4578f1b,delivered,2018-07-10 10:33:17,2018-07-10 10:45:32,2018-07-11 15:07:00,2018-07-12 21:12:49,2018-07-18 00:00:00
552c8124ce312cfc961d6ea0ca4387e2,814ef258c4e3cf5d8687d5a6d13d5b13,delivered,2018-06-27 18:03:46,2018-06-27 18:31:41,2018-06-28 13:13:00,2018-07-03 14:44:30,2018-07-24 00:00:00
4fb986c500500ba4b2c0cd7704d4124b,c72da0fce5a6a57c138f06fbceb1d21f,delivered,2017-04-20 21:42:39,2017-04-20 21:55:17,2017-04-24 12:53:14,2017-05-09 10:41:35,2017-05-17 00:00:00
d89d67960e5c163e8afc1d83cf53db77,9c586f7527698db490c7be46d493a751,delivered,2018-02-08 12:48:55,2018-02-08 13:09:04,2018-02-09 18:27:37,2018-03-14 19:48:38,2018-03-07 00:00:00
163653bc8aa631e85ac4af4a4f6f3535,191057ac1a2c11230cd526aedff60212,delivered,2017-11-24 13:04:08,2017-11-24 15:33:21,2017-11-27 14:26:36,2017-12-05 00:22:29,2017-12-14 00:00:00
d1574473ad1d4a427f66f0d1d6bf7985,e1848973a1112ee837932651fd29470f,delivered,2018-01-14 16:43:17,2018-01-16 13:55:39,2018-01-17 12:53:34,2018-01-30 00:35:11,2018-02-09 00:00:00
15cc05afae8fa894c83b39ac8d46c9d5,5e80a3343a853add61ea8d1c192cbfed,delivered,2017-05-12 17:03:42,2017-05-12 17:15:12,2017-05-13 08:02:40,2017-05-22 15:14:07,2017-05-22 00:00:00
078d2f79c229fd2c2759339ac97242f4,8c476a43d105e52524d6a1fa3fd51d13,delivered,2018-07-26 07:47:36,2018-07-26 08:04:32,2018-07-26 14:41:00,2018-07-31 16:06:58,2018-08-15 00:00:00
4c0e7658ee833bf5d9523ef57e6c202f,1c20529edb5645a924ca04b00315f515,delivered,2017-07-24 12:35:14,2017-07-24 12:45:12,2017-07-24 20:17:18,2017-08-18 13:17:22,2017-08-21 00:00:00
8b1f6556b4b14ed4fb238e3a2128c592,7fc03d07013bfd7488ce444fc270cb83,delivered,2018-08-09 14:20:29,2018-08-09 15:05:34,2018-08-21 15:00:00,2018-08-24 14:44:36,2018-08-23 00:00:00
c45cea88d8d8a8e752ffd0b274b25aa6,817050e4884521334171a7eb35f07a6b,delivered,2017-12-20 17:51:45,2017-12-20 18:10:56,2017-12-21 16:43:34,2017-12-30 10:26:09,2018-01-15 00:00:00
88130f20a472f28fcca9dd5d50358820,8eff66e5b7c425dfbbe9a2cbf0f3883f,delivered,2016-10-04 21:35:54,2016-10-06 15:44:28,2016-10-15 10:29:52,2016-10-18 22:57:42,2016-11-28 00:00:00
2c113cbb0811cf0b32479bd0bce3379b,078e99036000210bb0d5abb62fdeecee,delivered,2018-08-12 18:24:04,2018-08-14 04:24:16,2018-08-22 08:46:00,2018-08-27 17:21:49,2018-08-29 00:00:00
b7664cfd894b776f4c7743e5e2fb917b,aced25f43b03cc78fa8bcb93c7113d25,delivered,2017-03-13 22:07:04,2017-03-13 22:07:04,2017-03-14 15:09:35,2017-04-04 14:27:55,2017-04-05 00:00:00
5f7d84d0a7cea1633979f2b458c740b6,8dc52e5ad5b73b2c4f559a80c7bee085,delivered,2018-04-18 10:23:16,2018-04-20 07:11:00,2018-04-21 00:33:41,2018-04-26 16:13:00,2018-05-09 00:00:00
d5a71b64c3592b5ca24b856cba608940,376c9debfe03d0575c0126e4803feb8f,delivered,2017-07-31 16:24:06,2017-07-31 16:43:29,2017-08-02 18:36:00,2017-08-04 17:54:44,2017-08-22 00:00:00
bbd8f1074f27019f9acf680f5fbab20f,4325c54ed368291d45bb4e42dc2a15dd,delivered,2017-08-22 12:03:53,2017-08-22 12:15:20,2017-08-28 18:27:58,2017-08-31 19:32:04,2017-09-18 00:00:00
b4b6e2f2f9dd2c4cfe524993ff72f49d,13fe07f5797fee846b2064d426ca4b71,delivered,2018-06-03 14:10:52,2018-06-03 14:31:08,2018-06-05 14:45:00,2018-06-19 18:59:48,2018-07-05 00:00:00
03e53a3c2ea313a49e89aee8f8c44970,af80fb37305133fe068ba9c0eecc7955,delivered,2017-06-15 15:24:45,2017-06-15 15:35:09,2017-06-19 19:32:29,2017-06-30 13:18:03,2017-07-20 00:00:00
34c2e5cfc0bbfadbe4ed3e527e38e17e,306ffddde392e35b10426da5eb197e26,delivered,2017-12-04 21:45:23,2017-12-05 08:41:18,2017-12-05 21:42:33,2017-12-11 16:41:56,2017-12-20 00:00:00
61eb36486085131ba4b25409a0366ef3,42827ccfc64d84025ca7d1438f031d51,delivered,2017-08-18 15:43:09,2017-08-19 15:44:15,2017-08-22 18:09:19,2017-09-19 17:32:21,2017-09-08 00:00:00
953b6636ab2347a8ba37a16770db47f9,9aa80598793253cb8a7783ac17cc9c60,delivered,2017-12-21 16:29:51,2017-12-22 17:31:30,2017-12-26 18:23:14,2018-01-05 18:04:31,2018-01-17 00:00:00
3ddc60b196555a5b9632e7b59f655dc4,4a45bbc350fbd889367ab6607e247830,delivered,2017-05-04 21:25:53,2017-05-04 21:35:21,2017-05-05 13:30:52,2017-05-15 10:32:22,2017-05-29 00:00:00
50bc1ac9db5f38b0982adba11e35b948,71ca22f53f754920cd75ffae69cf2343,delivered,2017-10-13 14:30:14,2017-10-14 03:56:28,2017-10-16 19:42:24,2017-11-06 14:42:01,2017-11-06 00:00:00
707a334be449a3283d0312d4290d8077,5ae4cf7d782d80c9c6a74d92f332d6ec,delivered,2018-07-10 15:07:15,2018-07-12 03:26:02,2018-07-12 14:24:00,2018-07-13 19:14:24,2018-07-19 00:00:00
550e1d4daa21983f7bac6b2f83c40365,a2525dd8bdfff742ec033935e24d66ec,delivered,2017-03-05 20:49:55,2017-03-05 21:02:47,2017-03-14 11:21:55,2017-03-21 12:27:54,2017-03-27 00:00:00
233dd5ff8fcf29748ef3f96a24750ea8,714297caf60e50119e701dba79157c9c,delivered,2018-07-31 14:56:15,2018-07-31 15:44:31,2018-08-01 12:12:00,2018-08-07 17:24:03,2018-08-21 00:00:00
20c87f647466d582c7f188b6dc4c6b14,6442504c76c94895e7a26f621fa42b8f,delivered,2017-08-18 22:28:41,2017-08-18 22:44:23,2017-08-24 19:25:31,2017-09-04 18:35:35,2017-09-14 00:00:00
af006979017f225d80e49985aed847b3,76cfe843e966f172cf2c2ec811e9da4b,delivered,2017-03-29 16:53:32,2017-03-30 02:11:01,2017-03-31 18:23:55,2017-04-20 10:09:24,2017-05-09 00:00:00
260e68b2fc1a2d642a00af60af19b0aa,cba53db1f015658c808d275f18db5607,delivered,2018-08-19 09:51:24,2018-08-21 04:50:06,2018-08-21 15:24:00,2018-08-22 21:20:45,2018-08-27 00:00:00
1004139d05100b9f27b8eda1b40b516a,e6738c77845097c64b4aeb5839286755,delivered,2018-06-27 10:33:01,2018-06-27 11:16:06,2018-06-28 14:52:00,2018-06-29 10:29:36,2018-07-12 00:00:00
1749aa0c3e963525049e36964941cee5,517a6168cf0a6fd2b59beece3b70b9dc,delivered,2018-01-26 20:29:27,2018-01-26 20:37:25,2018-01-30 19:53:47,2018-02-22 21:46:51,2018-02-21 00:00:00
1b4cabee44fbb9bb7a27f9748bc71fab,1e9eb73e80e3c263a07ff3f7eb7b4e05,delivered,2018-05-15 22:30:44,2018-05-17 02:37:20,2018-05-17 12:01:00,2018-06-06 15:52:17,2018-06-06 00:00:00
480eaa4ce1cc7cf344ad094e326f373c,4af472ab3d969ee3066c37f7a11b7f62,delivered,2018-03-09 12:40:46,2018-03-09 12:50:27,2018-03-12 20:46:29,2018-03-23 19:16:29,2018-03-29 00:00:00
4a8fe18e8771bd810821df6dcf3428e2,ac5bb07473c4f65c7de7b65c1374a734,delivered,2017-06-29 15:09:34,2017-06-29 15:23:50,2017-06-29 15:33:38,2017-07-04 15:25:40,2017-07-19 00:00:00
91e0d368c8f5eafada0d1ad09395698b,2dfe1da1d0d6c244dd20a0dd41d88516,delivered,2018-02-14 19:50:41,2018-02-14 20:07:21,2018-02-16 19:42:03,2018-02-19 20:43:06,2018-02-26 00:00:00
4be9e4b74b98f6f4ef1fc829e2a41148,ba91d8d4f43c684f071274292c2aee5d,delivered,2018-02-18 12:55:10,2018-02-18 14:06:35,2018-02-19 20:23:59,2018-03-05 16:13:21,2018-03-22 00:00:00
c58bd581144192869f091dd6fbabceea,3ff05485c0ca23db85b36f0496d71d5b,delivered,2018-01-29 13:35:39,2018-01-29 14:38:24,2018-02-09 19:13:00,2018-02-10 16:30:26,2018-03-02 00:00:00
6053ecddcbc1052ab24f7bc72341544f,700804a891a8c97c36fba2386520bd61,delivered,2018-04-04 22:06:47,2018-04-04 22:28:40,2018-04-10 21:14:32,2018-04-16 20:18:29,2018-04-24 00:00:00
fd117d65267f58ad33d914a3cc317543,f7c89da122bf0065f6157a4c19bfe24e,delivered,2018-03-19 15:53:24,2018-03-19 16:13:55,2018-03-20 18:53:39,2018-03-23 16:32:23,2018-04-06 00:00:00
c43de9faa95d5014569aa1ec9ac83554,ab3f65f2a61ccb5569a2af3c163330ec,delivered,2018-07-11 08:57:31,2018-07-11 09:10:15,2018-07-18 13:31:00,2018-07-27 21:14:43,2018-08-02 00:00:00
c344961ac6be05910dfb619e443ca671,a0aefa53e4e63806160cb3b94eccd85d,delivered,2018-01-22 15:31:11,2018-01-22 15:52:47,2018-01-24 01:06:49,2018-01-29 20:33:38,2018-02-20 00:00:00
f0680fed8d1da7afd02cc656cb6d57e9,c8aca2f8d04ca121e88c26b61d3823a8,delivered,2018-02-16 11:29:55,2018-02-17 11:26:51,2018-02-19 20:52:55,2018-03-28 22:48:44,2018-03-27 00:00:00
6ac28bc08c8053bb1c00241b19daea2b,6ec0f068eeb7a1906252032ef310d39f,delivered,2017-11-25 15:03:17,2017-11-25 15:14:31,2017-11-27 17:32:46,2018-01-03 20:46:38,2017-12-20 00:00:00
9bf093b4e3a4940de879b4d0fa32f8db,bafb31305e910acb4e6750ae4c40f547,delivered,2017-12-30 19:51:40,2017-12-31 19:46:50,2018-01-02 21:49:09,2018-01-05 20:27:13,2018-01-19 00:00:00
26fb29a5260c65b791f11eb219d2d019,80e0bf8407fae789e9ddecd01e40625c,delivered,2018-04-19 12:07:02,2018-04-19 13:10:59,2018-04-20 19:07:48,2018-04-24 16:16:54,2018-05-08 00:00:00
9d0ad9e3a6c8ade53a107a1008214396,e31bf09ec8e356fb6f8786901433631f,delivered,2017-09-07 23:09:05,2017-09-09 05:15:18,2017-09-11 20:37:00,2017-10-13 21:17:41,2017-10-02 00:00:00
b9a089706e16d5490f7a2feb363e32e9,4c05711e49e74253cb18247213e9d6cf,delivered,2017-09-25 17:57:28,2017-09-26 06:33:42,2017-09-27 19:03:48,2017-09-29 18:48:02,2017-10-17 00:00:00
1e0c8f775100348bb1d30910f43b7f75,447e4628e73ca8c7d2ec808ea4e366f6,delivered,2018-03-18 22:23:16,2018-03-19 22:28:03,2018-03-27 15:27:53,2018-04-09 11:32:11,2018-04-17 00:00:00
66cbb0cde3699c5813d4ed8c9576a966,04ecafc940e602c4fd1fe544506c766d,delivered,2017-12-04 13:44:41,2017-12-04 16:47:43,2017-12-12 22:43:20,2017-12-19 20:13:53,2017-12-29 00:00:00
ec99cf3ef9a84993f1e55aa4fc615c42,d9318914bd9ab813e68a255c4127fa11,delivered,2018-08-07 11:29:30,2018-08-07 11:44:46,2018-08-10 15:29:00,2018-08-17 16:51:27,2018-08-28 00:00:00
cf32e5a0f188cc90992084bec043a9c2,b765b8c3307726d36d7b3f2d24bf1e18,delivered,2017-11-05 07:40:50,2017-11-05 07:55:26,2017-11-07 00:09:19,2017-11-18 12:15:26,2017-11-27 00:00:00
efeaeef213e3c173e91d9ffe670ba677,d0128f8d239e6045e358579e174accc8,delivered,2018-03-04 21:25:15,2018-03-04 21:48:59,2018-03-09 23:58:44,2018-04-17 23:31:54,2018-04-02 00:00:00
48dc9da96439abcac0c2f2b7fb9ca3aa,1f82cfb74094dab5d6590e2288ac79ee,delivered,2017-10-10 20:56:12,2017-10-14 18:35:12,2017-10-17 17:37:54,2017-10-24 20:16:59,2017-11-08 00:00:00
45577a64b622828ac871fc4ed9366548,1066f617a4306bb8ed3589fd5cd8f8a5,delivered,2018-02-06 17:04:31,2018-02-07 02:52:34,2018-02-07 22:19:41,2018-02-20 19:33:19,2018-03-02 00:00:00
ef817249ab50122bb09c57770019b1a7,f12306737df3c62af03422d9ac2705e3,delivered,2018-07-17 21:05:06,2018-07-18 21:02:31,2018-07-19 11:27:00,2018-08-01 23:34:24,2018-08-07 00:00:00
49fa096844c2241fc5db183cc11bd550,668719742fade470e60fa657269c7784,delivered,2018-02-15 17:24:18,2018-02-15 17:35:27,2018-02-17 01:33:29,2018-02-22 13:48:50,2018-02-26 00:00:00
ac9ec0af6e2e654e5b2b88f0ee326b4c,95d79a8ccca128b750566cb18e316ad1,delivered,2017-08-01 14:34:44,2017-08-02 02:36:19,2017-08-04 17:06:03,2017-08-17 18:44:30,2017-08-23 00:00:00
3e6c47c1a5871e1a0280ff8bf3a236c2,f1705bc97af56d046b5cb6fc66f21c5e,delivered,2018-03-17 21:30:38,2018-03-20 03:48:52,2018-03-20 17:16:31,2018-04-03 21:32:51,2018-04-18 00:00:00
170cdbf7e3806693dce1451299ee4ff7,684c373513ceb1c2ccf7ff48a72905ca,delivered,2017-09-02 10:26:03,2017-09-02 10:35:17,2017-09-06 21:33:08,2017-09-14 20:59:48,2017-10-03 00:00:00
186d3cd768be1890d832106f914ba37c,07b0857255ede98368d11c60ae263bfa,canceled,2017-06-09 10:16:21,,,,2017-07-05 00:00:00
3ea37e479ca4fb57227d43b806c98174,4ec9fdf2038cbe32c118593bb6ad7d16,delivered,2017-06-09 12:11:58,2017-06-09 13:05:41,2017-06-09 14:37:40,2017-06-14 14:15:57,2017-07-03 00:00:00
3a5c53b7345f82b31c0d656d63f3b8fb,cc5182b642198e3b0390fd6244faac1b,delivered,2018-08-08 20:13:05,2018-08-10 03:15:21,2018-08-10 12:16:00,2018-08-13 18:32:15,2018-08-13 00:00:00
c589bcc1414f7d7d949f353b1d1a45d9,fcf20d66055eec63cd40b5c41e1af520,delivered,2017-12-30 13:21:54,2017-12-30 13:33:22,2018-01-05 19:55:14,2018-02-24 15:04:49,2018-02-02 00:00:00
ddbcecddeac25c47d0e7fe54d81640fd,6c6ecb0678cda04c3ff926b0d091cc1a,delivered,2018-06-15 19:16:33,2018-06-15 19:42:21,2018-06-20 13:29:00,2018-06-24 14:56:49,2018-07-11 00:00:00
dd61367732ec07075b1e42b8772b1517,422b2ec0d521061638cb428548edb1ed,delivered,2017-12-17 11:59:58,2017-12-19 09:30:58,2017-12-20 21:47:10,2018-01-08 19:38:59,2018-01-17 00:00:00
3d320afe6c5a89ea025c81254ecfdfae,07d974be948a5520179bb45d799fa0d1,delivered,2018-02-25 10:41:14,2018-02-27 04:30:55,2018-02-27 17:33:00,2018-03-13 22:59:42,2018-03-23 00:00:00
e6d97bc4704949a17341d5c9aa85a050,a4b335b12eb32aaa328358a6e279deb1,delivered,2018-08-08 14:33:34,2018-08-08 14:45:16,2018-08-10 10:06:00,2018-08-21 21:44:33,2018-09-13 00:00:00
02e275a40a23c32f81e13045c84b5a19,47acf38bb484855c8e70a956e4807145,delivered,2017-11-10 21:49:33,2017-11-10 22:06:55,2017-11-23 00:57:49,2017-11-27 22:42:10,2017-11-30 00:00:00
39010dbe92bbbfaf08e8d13f7c9bb118,8054f5d9f52b925f4e23a53ed959010e,delivered,2017-07-05 15:59:34,2017-07-05 17:54:19,2017-07-07 13:34:37,2017-07-10 16:04:32,2017-07-25 00:00:00
a85de20f557d7c93da92888cde9b7aef,0c82057d8f7095f51c7b46cbe30229a6,delivered,2018-04-08 20:44:56,2018-04-09 15:51:46,2018-04-10 22:28:30,2018-05-03 22:32:49,2018-04-27 00:00:00
31afbc557a75e6fa50e0a81391004fb7,152bc5fc51c6d387319a9c653c2ffbe3,delivered,2017-05-10 16:04:38,2017-05-10 16:22:42,2017-05-11 09:16:20,2017-05-17 16:25:59,2017-06-02 00:00:00
6a493ef26bfda3fa2b546080e17a7903,42954d34b6eb63fab01f7d08f90713bc,delivered,2018-05-21 14:43:44,2018-05-22 09:15:15,2018-05-22 14:52:00,2018-05-23 13:11:55,2018-05-29 00:00:00
88d29e2e31284a2d643ca7a77458675d,d2ad5766873874573486b1af06c74dd8,delivered,2017-12-07 19:29:52,2017-12-07 20:32:01,2017-12-08 21:38:50,2017-12-17 13:49:31,2018-01-08 00:00:00
c49d07f9806a006e5b310764f661e911,1018405e6c2d86a48cd8ea8f2ca0ebaf,delivered,2017-04-27 18:10:14,2017-04-27 18:25:09,2017-05-02 13:27:42,2017-05-10 10:04:37,2017-06-09 00:00:00
79ef4ff8ef06547d209ceae576bf9f52,59ee1a82b5aa6bdbc05816e55414b562,delivered,2018-06-17 20:07:20,2018-06-17 20:17:56,2018-06-18 14:55:00,2018-06-19 18:28:30,2018-06-28 00:00:00
d581955a73c95a699d134ef77bf6b768,0b59665de8b9b2f0a3dd51fd1466300a,delivered,2017-06-03 12:03:16,2017-06-03 13:05:20,2017-06-08 13:03:37,2017-06-10 05:49:38,2017-06-28 00:00:00
e8ddd60abf2ceeee18ebd986311f3630,e031764f2e443bb3e7d8c54c3421a5f2,delivered,2018-08-27 11:57:38,2018-08-27 12:10:18,2018-08-27 19:43:00,2018-08-28 17:32:44,2018-08-31 00:00:00
50a04b6bf216061cb0f7d4a120d6a85a,23157f439f941d147f552ac180d68323,delivered,2017-10-09 23:26:55,2017-10-09 23:49:23,2017-10-16 16:12:32,2017-10-18 18:19:04,2017-10-20 00:00:00
fb8d6e92e3a08fe6485d4fb08d23ae0e,a7a6317157ed158a0e6fbf682b64a578,delivered,2018-06-23 12:08:46,2018-06-23 12:34:52,2018-06-27 06:22:00,2018-06-28 17:21:40,2018-07-05 00:00:00
08ab4cd4d921b31bd7719eec989aee97,7e2fc634b12c4c3779cdcbe1e8c9bbc4,delivered,2018-02-24 18:22:14,2018-02-27 04:31:10,2018-02-27 18:18:32,2018-03-01 21:04:43,2018-03-12 00:00:00
7b7b366f9d788aefadee50f44974b9d9,0a80c615ad59007c4745f7b74a9759c5,delivered,2017-11-11 14:47:09,2017-11-11 15:06:37,2017-11-14 21:28:46,2017-11-16 18:33:07,2017-11-27 00:00:00
04ca915235b56ef2ce81703cdaa6a24b,63adaee377092616c26dd4b26b4cc633,delivered,2018-07-04 20:46:09,2018-07-05 16:20:57,2018-07-05 11:14:00,2018-07-10 20:38:39,2018-07-27 00:00:00
6b10bcc45d0801d7ceaabf248641a3a1,c3061bec9f31ab432ff4085ac347df7e,delivered,2017-04-25 18:06:07,2017-04-30 20:31:27,2017-05-04 06:53:27,2017-05-08 12:13:14,2017-05-12 00:00:00
6bdee91009b22f7138ff28b4b3650ace,6a2641f4a76f73594fed753d6d74aad0,delivered,2017-09-18 19:12:20,2017-09-19 15:15:21,2017-09-20 17:20:27,2017-09-25 17:58:34,2017-10-10 00:00:00
88b6c7abc4434ef05f56d22ada8f957a,c4249444a5efa8be73918ae172b93c17,delivered,2017-10-13 20:45:20,2017-10-13 20:56:27,2017-10-17 17:56:56,2017-10-24 18:13:01,2017-11-22 00:00:00
21799a54bd487cd78f616aac588377de,5f939670e359f53676cdbdee12e5e2dd,delivered,2018-08-23 10:22:59,2018-08-23 10:45:36,2018-08-24 13:52:00,2018-08-30 21:36:39,2018-09-06 00:00:00
60787bfeaae0862411713fa2071d87db,3a6968ced25621f86fc2ad61f2eb90e8,delivered,2018-03-28 09:09:21,2018-03-28 09:27:46,2018-03-29 20:33:49,2018-04-10 14:06:25,2018-04-17 00:00:00
e916d25bf69bed22eaf192830220fee3,0721e1c4b91bc6ded6579edace8659d3,delivered,2017-10-12 00:23:00,2017-10-13 16:49:53,2017-10-16 14:55:05,2017-10-24 21:18:04,2017-11-07 00:00:00
0739104e30e20de6c0956c0889a9b9dc,066a9e746ce5eead40d2afa9bccd3d7d,delivered,2018-08-17 19:00:16,2018-08-17 19:10:44,2018-08-21 06:04:00,2018-08-27 16:02:46,2018-08-31 00:00:00
6ceabf34d230c31f161988dd2ff8fa92,4f6f5e2d1fabd46160eaf3c2e71c9cc6,delivered,2017-10-10 20:21:13,2017-10-10 20:35:17,2017-10-11 18:23:35,2017-10-31 19:47:24,2017-11-10 00:00:00
9b5038dbc6702b00b24b9d493c82c371,593b8fb1133c71b53bac24805aa13d06,delivered,2018-07-05 08:52:07,2018-07-05 16:10:18,2018-07-05 10:44:00,2018-07-11 21:04:54,2018-07-24 00:00:00
5b431846416d0c400a970fee0d33b654,b05bd08872af166cba7eba25b0bfa580,delivered,2018-04-21 19:04:31,2018-04-24 17:43:39,2018-04-23 19:03:11,2018-04-27 21:25:38,2018-05-16 00:00:00
7088b5b4d20474ffa19951ece4248621,71f9bdb4f628bd0fac32dc9b10599daa,delivered,2017-11-17 20:18:22,2017-11-21 03:48:23,2017-11-22 20:51:24,2017-12-07 22:47:08,2017-12-15 00:00:00
af37018fa60dd6b208ca5c88052cffee,5e4f709a4a624c0ebc1c53a2e3ba7c80,delivered,2018-02-01 21:50:26,2018-02-02 16:09:01,2018-02-05 18:48:28,2018-02-16 19:36:51,2018-03-16 00:00:00
acce8f40fcce1d7eb0d4211d183fe9bc,e0b13e789ef1ccb8c2622aae521803f4,delivered,2018-04-19 17:50:07,2018-04-24 18:53:31,2018-04-24 23:07:48,2018-04-27 15:48:53,2018-05-14 00:00:00
59be4c2310298e01725dd55622c4f038,bb5b450ce69fa8c16e0e26a68e04f56e,delivered,2017-09-23 13:53:09,2017-09-23 14:10:16,2017-10-06 17:33:56,2017-10-11 19:04:01,2017-11-30 00:00:00
c1eee1544b567f58a25bad708d0d41bb,da31d17d88b6d4134d2c955c60b92ce8,delivered,2018-04-23 14:49:20,2018-04-24 19:24:32,2018-04-24 18:02:25,2018-05-02 19:38:28,2018-05-17 00:00:00
432ca501b6803f37fe26134bedda2972,f85cc0ce9a08512570a38e27d2322a32,delivered,2017-10-08 09:52:27,2017-10-08 10:07:14,2017-10-09 19:38:29,2017-10-11 21:27:54,2017-10-27 00:00:00
f0dd7f3ebe1b0ce1db4e4da55000d43a,6997c3deb214030818b1fd735ebe2581,delivered,2018-05-07 13:26:02,2018-05-07 15:31:43,2018-05-08 11:52:00,2018-05-17 15:22:42,2018-05-29 00:00:00
5883da330a000a37d4929a4a68247c91,fca30e1c331e32b968a89eec1770ba7a,delivered,2018-02-17 20:06:21,2018-02-20 07:15:36,2018-02-28 19:34:59,2018-03-16 20:03:19,2018-03-12 00:00:00
9f5bd892aa4c461b116e5c163f16b40a,92baa75758b3a5fa0c403aa0b44e76c0,delivered,2018-02-20 21:00:39,2018-02-20 21:15:43,2018-02-22 20:37:22,2018-03-16 10:38:40,2018-03-12 00:00:00
3312588178a16638759fca54495ef50d,08b0db04ac8d73532750572156241d88,delivered,2017-01-16 18:36:49,2017-01-16 18:50:16,2017-01-18 15:49:05,2017-01-25 13:58:39,2017-02-28 00:00:00
9bfbec629efb859b1f49fcdc59e6fec4,3342f871d6f35dbde61a00ef890f6f4c,delivered,2017-10-13 19:11:45,2017-10-18 03:27:12,2017-10-18 14:49:06,2017-10-19 19:52:30,2017-10-25 00:00:00
ea6ffb995c7f69175be7e15ed631b15d,b92426d90dbe2a340cba7eb1ff4d500a,delivered,2017-03-30 21:09:23,2017-03-30 21:22:33,2017-03-31 20:00:08,2017-04-05 14:39:50,2017-04-20 00:00:00
29899d145a05801c8075dfdfccf5c475,ac26dbc47d6b5293504ec66e77d40822,delivered,2017-11-19 17:05:31,2017-11-19 17:15:32,2017-11-21 19:11:47,2017-11-24 19:22:39,2017-12-11 00:00:00
f4ee4273538924bda6212f5948e80fde,8871d0db2013a98a58576b50ff9a1c1d,delivered,2018-06-12 08:59:54,2018-06-12 09:18:15,2018-06-15 16:36:00,2018-06-25 16:08:40,2018-07-13 00:00:00
5372b6093d8cd9a8bd5b2f82743ad081,fb2a5ffc3d8318211cf1c878d8ef3013,delivered,2017-08-18 09:35:01,2017-08-18 09:50:22,2017-08-21 21:50:08,2017-08-25 19:32:58,2017-09-08 00:00:00
3f76c80c72931658268f24765a09ebae,adc505e7e2e015260f92b0b2aabc3e0f,delivered,2018-01-31 23:30:07,2018-02-01 03:12:23,2018-02-01 20:44:52,2018-02-02 21:42:09,2018-02-16 00:00:00
d5126e0c4988c70a3808041792214dcc,aca9f3d4889f7141d94840387c9e3d5a,delivered,2017-04-30 19:14:32,2017-04-30 19:25:10,2017-05-02 12:26:35,2017-05-15 16:28:14,2017-05-23 00:00:00
cf1748350d5972bde01008c436083c4b,b3a9a8efc10d7d2ef76bc4645c0b3c5b,delivered,2018-07-03 09:08:15,2018-07-05 16:08:04,2018-07-05 10:44:00,2018-07-10 15:22:09,2018-07-27 00:00:00
989829039549b9b62b547646ee72c034,c947bd7320af6ca068c7ef4389693173,delivered,2018-02-17 19:34:10,2018-02-17 19:50:25,2018-02-21 22:05:26,2018-02-22 13:49:08,2018-03-06 00:00:00
3d80b910459d47a70e18d444514005cf,0bd683b7ceca26b5bba4e327682275c5,delivered,2017-10-28 20:16:56,2017-10-29 20:10:22,2017-10-30 18:02:49,2017-11-14 18:07:49,2017-11-27 00:00:00
17c70949f9ee364f767f1f54395597c9,1711a649a717aa2a1de1664bb40cc2ba,delivered,2017-07-17 14:27:24,2017-07-18 06:05:47,2017-07-18 19:44:52,2017-07-26 16:59:54,2017-08-14 00:00:00
6d4376b400a766f89e562e40696dc4e0,1b47e01868a3afb430c5b11dd4a64c19,delivered,2018-08-05 23:40:40,2018-08-05 23:50:17,2018-08-06 11:50:00,2018-08-10 18:03:05,2018-08-23 00:00:00
7d9a11d31b7df7db17e3378158f465d2,941928ba996c6599f39b5e4b9f1c1b51,delivered,2018-04-06 12:50:56,2018-04-06 13:09:10,2018-04-10 00:08:26,2018-04-10 16:26:50,2018-04-18 00:00:00
3ed26cafd58917f71e9044701fe9e7cb,6238908ec39a972e1bb80c6fadec03fe,delivered,2017-08-31 18:54:14,2017-08-31 19:05:38,2017-09-01 15:14:34,2017-09-05 11:13:30,2017-09-19 00:00:00
01fba151a6fa8315ff6dc6f29fe2f2d4,414aa2fa7df5bb8836e17bfe8e2a0658,delivered,2017-07-10 14:06:20,2017-07-10 14:23:25,2017-07-11 12:12:25,2017-07-13 14:15:46,2017-07-26 00:00:00
dc939566a9c408333e76222972bcc0a3,8a309deb4ab26233b41e32cf441781a8,delivered,2017-03-14 11:14:06,2017-03-14 11:14:06,2017-03-15 10:03:31,2017-03-21 11:58:39,2017-03-31 00:00:00
8603de8fb5551ed7faf81d2a31b8bf0e,0037d14e53af1d555a582504a4058f4c,unavailable,2017-06-11 17:40:22,2017-06-11 17:55:17,,,2017-07-05 00:00:00
16d24a8a330d9b6c2f6da0affce94de9,5bf991bebb6a7053340479fe6ab89f40,delivered,2018-01-24 13:36:55,2018-01-26 03:18:33,2018-01-26 22:09:21,2018-01-30 15:42:53,2018-02-20 00:00:00
44905b3e611d2f738de87a2cca4961b2,93a705448fbbe8d2c10f151c0510cd0c,delivered,2017-08-06 21:03:00,2017-08-06 21:15:17,2017-08-07 15:12:13,2017-08-14 19:36:05,2017-08-29 00:00:00
8c4e6faa1d8e601c6d90c6ac2ad3c1db,056827462dbbffcc91782f742346c169,delivered,2018-01-26 17:16:34,2018-01-26 17:39:18,2018-01-29 22:19:08,2018-02-03 03:49:26,2018-02-14 00:00:00
b1b69f51bb6761e529b47d528ba4470e,673c61d5732c61eb711c2826cc621e6c,delivered,2018-07-13 16:55:50,2018-07-17 04:31:56,2018-07-17 13:46:00,2018-08-02 23:43:44,2018-08-07 00:00:00
b456b02d6e30be4958f9d83b68ddaa8b,25fc569426903a40f2cb2867dcff43a7,delivered,2018-01-18 16:43:05,2018-01-18 16:57:53,2018-01-23 01:27:07,2018-02-08 18:49:07,2018-02-20 00:00:00
0fd20b806c512adae3aba82a69847513,601beb3c893f54bed47fbe73369cb1e3,delivered,2017-11-28 13:56:44,2017-11-28 14:20:01,2017-11-30 17:03:24,2017-12-04 13:32:44,2017-12-18 00:00:00
ef08f51be577a5bafb5749e93f102591,98b755cc59f5c55c1c131cf354ddbff5,delivered,2017-03-18 12:17:37,2017-03-18 12:17:37,2017-03-20 09:06:06,2017-03-27 12:14:11,2017-04-10 00:00:00
c367f22647d3051bba338f9026973607,6e726e39318dcf12b4fd82367b0315b9,delivered,2018-07-28 19:11:07,2018-07-28 19:27:42,2018-07-30 12:26:00,2018-08-06 16:32:28,2018-08-20 00:00:00
0216b8a71f44f126ac083fa5d639fe47,6721f296aee89a6caef0bf53c7547103,delivered,2018-08-19 00:17:45,2018-08-20 10:55:11,2018-08-23 12:56:00,2018-08-24 18:42:37,2018-08-29 00:00:00
eac1f51413723e3cd22fd297ecb65306,aca95283388edd82420431b36ac4812a,delivered,2018-01-06 13:03:51,2018-01-06 13:16:25,2018-02-09 12:43:30,2018-03-01 14:53:45,2018-03-13 00:00:00
bde5891c6b5d690163ceae7143c288f4,c4cdce4f982f9bb93096b4ba5cda6e5f,delivered,2017-11-08 12:42:07,2017-11-08 12:56:53,2017-11-09 15:16:51,2017-11-16 19:27:43,2017-12-01 00:00:00
30f610db02d0880c9687dd1edd8b8710,38fc30b75b381342c67d25e2f11ccec0,delivered,2018-06-03 18:46:18,2018-06-03 18:55:12,2018-06-04 13:35:00,2018-06-14 19:56:43,2018-07-18 00:00:00
1cb9066744dad3ef7abc18134fd8b4cd,8a9ed51eb58548e99f250b99d1df6940,delivered,2018-08-10 14:12:57,2018-08-10 14:25:14,2018-08-10 14:55:00,2018-08-11 15:21:32,2018-08-15 00:00:00
1f453524ca7946b73a175299b82a66c0,6ddef3de281b5bba1e7d35085374f54f,delivered,2018-05-18 09:55:02,2018-05-18 10:46:27,2018-05-21 14:36:00,2018-06-07 20:47:24,2018-06-11 00:00:00
febc913d8a07693e87fe06bdd4afb232,0153b54842840a90cf35a8cd645c6732,delivered,2017-12-12 18:55:29,2017-12-12 19:09:57,2017-12-13 17:08:04,2017-12-29 21:37:41,2018-01-09 00:00:00
bfd5bdc455dcaf5b1d5e9fd8a75c2715,496bfb4137a46ba9abfe3f4897bf3b4d,delivered,2018-04-04 15:06:05,2018-04-05 02:08:36,2018-04-06 20:49:35,2018-04-13 23:02:21,2018-05-11 00:00:00
2b33526ad18e84975c07ed2d5e513b3c,3054d43d379c9c52f4053d52fa9bebb1,delivered,2018-08-10 20:02:10,2018-08-10 20:10:18,2018-08-13 15:06:00,2018-08-18 20:21:25,2018-08-16 00:00:00
16651b7711b8c360e79e0ac07fc8a1a9,ac38ab1550dde747564ff2f7c70d8648,delivered,2018-04-19 13:16:47,2018-04-24 17:43:05,2018-04-21 00:03:26,2018-05-02 22:58:44,2018-05-21 00:00:00
78992d027a6b96141150b632f446ff18,b6edd5d18e1065259987dab494973de3,delivered,2017-09-21 07:47:54,2017-09-21 08:04:35,2017-09-25 19:23:25,2017-10-06 17:55:24,2017-10-24 00:00:00
93a804dadb1564950a0aa38cfb23def6,9589ed0f9953ec9c48be54a2249c44c9,delivered,2018-03-03 09:19:32,2018-03-06 03:55:46,2018-03-07 20:48:41,2018-03-17 00:08:30,2018-03-22 00:00:00
7de9ba0e3bb1b03706d71286a15a2945,fb824ff5ee20dda91c3f4aa7154a5040,delivered,2018-01-05 01:02:03,2018-01-06 02:08:49,2018-01-08 22:44:34,2018-01-19 00:13:27,2018-02-06 00:00:00
1fa81aa109831fb7e6dc3d039ea82df9,48467c18118feadad27c77882da17008,delivered,2018-04-27 22:25:33,2018-04-27 22:50:15,2018-05-03 14:16:00,2018-05-07 13:05:24,2018-05-16 00:00:00
1105262adc6ab25e5b789a33ea9e977b,beb5a969035bb9ca6105f525935b04cf,delivered,2018-07-03 13:46:03,2018-07-05 16:20:54,2018-07-05 16:56:00,2018-07-11 18:22:23,2018-07-20 00:00:00
3d782e9c655f398bd57fc44d3f02b515,7ae2e03f758deff7b5066b9314da5ed7,delivered,2017-09-12 13:49:33,2017-09-13 22:05:44,2017-09-15 15:12:50,2017-09-20 19:48:10,2017-09-28 00:00:00
c2fdaa1b60c55ac8d318c4adb4b26373,589e0b5121a9d32dfd142a439c735d73,delivered,2018-08-05 11:17:42,2018-08-05 11:25:13,2018-08-13 10:44:00,2018-08-14 18:48:48,2018-08-21 00:00:00
0db053a048333680c09114ac4f231a79,483bee82533502236b68f79d985e327c,delivered,2018-02-26 19:25:21,2018-02-26 19:35:24,2018-03-01 18:22:22,2018-04-18 20:24:31,2018-03-23 00:00:00
4856100f6860747b156ecf6405386b7b,a7961e607552d0cebcc486ef283b4c47,delivered,2018-07-18 10:52:14,2018-07-19 02:50:21,2018-07-20 15:59:00,2018-07-24 18:40:46,2018-08-10 00:00:00
49fd5cd566e1e24b0c403afb8996728a,01156d307fdee5870c27d63afb938bd9,delivered,2018-07-09 13:42:05,2018-07-10 04:30:23,2018-07-10 11:41:00,2018-07-13 21:08:41,2018-07-24 00:00:00
cb459c6af32347f6dd511553117bd080,7b0b3ff8c45390829d0e80dcc2a0079b,delivered,2017-03-01 09:56:20,2017-03-01 10:05:20,2017-03-01 10:17:03,2017-03-08 14:54:01,2017-03-24 00:00:00
61b40f2b303f6b312a3563e508baafb7,4209c2248f1d9e2a244d179a52053ffa,delivered,2018-02-22 08:04:09,2018-02-22 08:40:20,2018-02-23 21:53:02,2018-03-01 02:52:53,2018-03-16 00:00:00
395286e0dd44e422c5f292567f0f694c,4ea3538201e62ed2557920fa99bca632,delivered,2018-03-16 17:04:27,2018-03-17 03:08:54,2018-03-19 18:38:36,2018-03-27 21:22:10,2018-04-10 00:00:00
25cacb44fe990ecc6911866d487796f1,74c39eda7e8265336e999388c86236ab,delivered,2018-04-30 16:38:52,2018-05-01 05:15:18,2018-05-03 13:28:00,2018-05-07 21:16:43,2018-05-15 00:00:00
421d08636eed6cd2041826b40405c194,52c7b6cbdef65469b3e42ada5bda15bd,delivered,2018-07-05 13:45:51,2018-07-05 16:07:14,2018-07-06 10:50:00,2018-07-07 14:17:27,2018-07-18 00:00:00
f6f1f2a565bc0c1d761799e42d923401,410416e1364a0c589538c2c856ec97a9,delivered,2017-11-05 23:10:41,2017-11-05 23:27:09,2017-11-07 19:03:19,2017-11-18 16:22:52,2017-11-28 00:00:00
23f99f3d6a5974cd50c00ebb3d6540a1,6bb27f3a855cdd5add35978c61c8fb1b,delivered,2018-08-07 20:49:21,2018-08-07 21:05:12,2018-08-08 15:01:00,2018-08-20 16:56:36,2018-08-24 00:00:00
07161bfb5748163ca6d0478bda1b0a5a,863464634cc4fc94f9d67cd9da10cbfe,delivered,2017-03-31 21:18:25,2017-04-01 10:02:32,2017-04-03 16:34:08,2017-04-10 06:23:49,2017-04-26 00:00:00
a698eb7ffd8072c3664a4950b259ff0b,0f086b70ff8bfcbba5e47b378242231a,delivered,2017-12-06 12:16:43,2017-12-07 03:12:02,2017-12-07 19:41:23,2017-12-11 18:37:39,2017-12-22 00:00:00
05b7b6d543fe8045020d831080945bfd,bb463a696f34481aedd8de6488bdc959,processing,2017-12-03 17:30:49,2017-12-03 17:38:26,,,2017-12-27 00:00:00
08d862895d238cb8405dffe9b981df25,83e1602374f1c008027bbf8828fc785b,delivered,2018-06-01 19:57:06,2018-06-01 20:11:26,2018-06-05 14:15:00,2018-06-14 19:38:41,2018-07-05 00:00:00
6345437ab1ffa04f5a791c668934e196,24b6516fc43836e57e9292a1d919ed3e,delivered,2017-08-22 11:03:51,2017-08-22 11:15:12,2017-08-25 17:42:47,2017-08-28 18:14:24,2017-09-04 00:00:00
9ddf4a39b3954edb7d4d84471f3229ea,069a724b11ade79937f258ebc58c74ef,shipped,2017-10-22 13:52:32,2017-10-22 14:14:15,2017-10-23 21:19:53,,2017-11-09 00:00:00
5e414a0babe7104b8c528527c3ca4dca,3823d695c3047ad1fb0e48322d6c926c,delivered,2018-04-26 23:31:23,2018-04-26 23:49:42,2018-05-03 15:41:00,2018-05-12 15:32:50,2018-06-01 00:00:00
372eb74837659ae6a3bc25f662bfa2ff,7e266e112c63aab2643a15c21f8bc1f1,delivered,2018-07-29 13:19:43,2018-07-30 19:31:42,2018-07-31 14:30:00,2018-08-09 19:37:59,2018-08-27 00:00:00
18744489f4f9774fa36be74698e7bc8f,f030c21560cd53689aeb6089340bff9f,delivered,2018-01-19 19:15:06,2018-01-19 19:37:07,2018-01-25 22:29:21,2018-02-27 22:08:20,2018-02-23 00:00:00
f418cfdbf862af4c22c4484651aabcb1,274c6ab8594fe49c5dc5b48e5479329d,delivered,2018-03-14 11:55:40,2018-03-14 12:08:57,2018-03-14 22:26:56,2018-03-16 15:51:44,2018-03-26 00:00:00
98974b076b01553d49ee6467905675a7,dc7cdb748679fb6f280f66d7582c5e59,delivered,2016-10-04 15:44:44,2016-10-06 15:57:59,2016-11-11 15:29:15,2016-11-17 08:38:57,2016-11-24 00:00:00
95d8d3c4c0f3ac475f40696807344776,27f70c74b4da9a594a8eb1624cf5bc03,delivered,2018-07-05 17:55:26,2018-07-05 18:10:50,2018-07-06 15:10:00,2018-07-11 16:11:02,2018-07-30 00:00:00
ae168dfba236919411fe08f336fefa44,63572a1269de35c881dc1ca268e20fa0,delivered,2018-02-27 09:10:07,2018-02-27 09:30:27,2018-03-07 22:07:22,2018-03-16 23:56:32,2018-03-22 00:00:00
e384d0296a755e6bdb36620e29841159,82d45624329bcc06635f6400bfc2f150,delivered,2018-04-13 21:20:00,2018-04-13 21:32:39,2018-04-16 13:38:27,2018-05-05 19:03:46,2018-05-08 00:00:00
b7d87e06832b932da4cd4ae7dee2974f,4832ff6e69065ec24c80254d54e3f6e0,delivered,2018-04-30 17:16:27,2018-05-01 05:54:25,2018-05-03 13:36:00,2018-05-07 13:31:51,2018-05-25 00:00:00
be05142bba741bcf0fde07b5c9c40f48,96cb3c4020c63988bb978621e267e156,delivered,2017-11-02 14:40:11,2017-11-04 13:30:23,2017-11-07 18:55:33,2017-11-23 15:17:28,2017-11-23 00:00:00
79ecc3e68b2d54e056223964de8bca98,568d5759e341018b8a9fb7d0aa2d4c25,delivered,2017-09-04 01:18:42,2017-09-04 01:30:13,2017-09-05 18:33:27,2017-09-11 19:13:32,2017-09-27 00:00:00
155b201ebf7d8510e7cba0659dc01ecb,b0ea0c1d77d78cb378c95626fadcffd4,delivered,2018-05-08 20:10:20,2018-05-08 20:55:05,2018-05-10 18:29:00,2018-05-16 22:56:41,2018-05-25 00:00:00
0b4bc06ede46442d11b5b22710cefcf4,fa1925cfe642740f5d758dcd83696629,delivered,2017-10-15 21:00:40,2017-10-18 03:27:32,2017-10-18 18:07:47,2017-11-10 20:21:30,2017-11-14 00:00:00
bc50c4b649fb077defd8c5b6f1337468,31edfd4653cfea85babbf961ec4ca923,processing,2017-10-10 11:49:24,2017-10-11 03:49:26,,,2017-10-27 00:00:00
db3da16505a1f133612db0c345dfaf4a,1c13acd171a7c659b2130dde04e6947f,delivered,2018-06-06 17:07:01,2018-06-06 17:33:57,2018-06-11 14:39:00,2018-06-15 16:35:32,2018-07-27 00:00:00
a5b36a263c9692d52e2243b9ef05c6d6,7f25ffaada2024d3e809765b76d3507a,delivered,2018-06-20 12:34:14,2018-06-20 12:58:07,2018-06-21 10:05:00,2018-06-25 14:26:38,2018-07-16 00:00:00
fa501c06e7a60e98b43e678fd5205c37,be930903506aa698f5dabbb2c0ca2c9b,delivered,2018-08-01 12:31:30,2018-08-01 13:24:12,2018-08-02 13:56:00,2018-08-07 14:18:34,2018-08-22 00:00:00
1d88068495a8986f241f769664ac98de,31efef58795097e1299b55a30bb57f45,delivered,2018-07-28 09:29:12,2018-07-31 06:35:18,2018-08-09 14:41:00,2018-08-13 21:54:25,2018-08-21 00:00:00
19fe6cd13dca5943f17abd2c37c46abd,ee2cb1f148f1e7ac8293287c6c8b1d0a,delivered,2017-09-09 08:41:10,2017-09-12 04:46:01,2017-09-13 12:48:09,2017-09-14 11:39:50,2017-09-25 00:00:00
d0317266c850466c6599360d6c376200,e806a2e7d1f1f49eeb93379e66389e6e,delivered,2018-04-08 16:26:49,2018-04-09 08:09:31,2018-04-13 00:44:31,2018-04-18 23:11:54,2018-05-17 00:00:00
cfd085695f8aa8900050cd7b077f412c,18bc08c026ac77856ace97552760e768,delivered,2017-11-26 21:30:43,2017-11-26 21:53:40,2017-11-27 17:49:00,2017-12-04 19:48:49,2017-12-15 00:00:00
6fd8bc9e42591f17f566b1fba8bb912a,14ed3e209d3c30fa876e039840c8c515,delivered,2018-06-14 19:05:05,2018-06-14 19:19:25,2018-06-15 13:46:00,2018-06-29 15:02:57,2018-07-17 00:00:00
67ce91ca34609ef6434a9c3050ebb71b,ab330800338fa26477bf10f6773f538b,delivered,2018-04-14 16:48:42,2018-04-14 17:10:35,2018-04-17 18:51:47,2018-04-18 19:03:10,2018-05-03 00:00:00
f5ffe8d91be29c41069321b0704e1a06,ee6607298affc3b56c7105a97e0fb218,delivered,2017-02-06 13:36:33,2017-02-06 13:50:15,2017-02-06 14:25:32,2017-02-13 17:18:55,2017-03-01 00:00:00
dfc7b55ee482374556356b94afc9b841,486ac3fc1555e83b7b8d8853f4d82941,delivered,2018-07-19 15:39:14,2018-07-19 15:50:11,2018-07-20 11:10:00,2018-07-23 15:29:02,2018-08-10 00:00:00
23e3e258cb0914459e129f704d04733f,ad1d759ac34436287fef54f18ba06157,delivered,2017-09-13 21:29:13,2017-09-13 21:44:43,2017-09-14 17:12:53,2017-09-24 16:33:36,2017-10-04 00:00:00
b890678ef6e89550a3a5bc432c3ce744,732fecf2db4d419a69a38f2763246dc4,delivered,2017-08-28 20:36:01,2017-08-28 20:50:20,2017-09-01 18:02:44,2017-09-15 15:44:30,2017-09-18 00:00:00
afe8d7e9dde448bad109d536c3dba7c7,c0e6a15a6ebe6629df053fd185f729d4,delivered,2017-07-18 20:14:37,2017-07-18 20:25:30,2017-07-19 17:42:38,2017-07-20 14:37:50,2017-07-31 00:00:00
561dd928c7f7e63277e02e6662bcce48,73635479fad73f30aaa47cff4accb763,delivered,2017-11-06 08:53:06,2017-11-08 03:46:17,2017-11-10 22:50:54,2017-11-27 18:02:43,2017-11-28 00:00:00
498964d3c3eddfc0d670e6be2ea2d5b2,72d97c01c1b9497a30172c51f3f4072b,delivered,2018-05-10 11:35:55,2018-05-10 11:55:21,2018-05-16 11:00:00,2018-05-30 14:48:43,2018-06-04 00:00:00
9e12d0b2e230c41566ece579e1e88bbe,bc427c5ef4bbafe2a17c72da491147ae,delivered,2018-08-13 15:47:13,2018-08-13 16:05:05,2018-08-14 12:56:00,2018-08-27 23:54:43,2018-09-10 00:00:00
cdd61af8ec58bfe7f1fe17f86bf64a28,a6a2d1fbfade42858509916078837b0b,delivered,2018-07-16 15:50:26,2018-07-17 08:15:17,2018-07-17 15:44:00,2018-07-28 20:34:29,2018-08-06 00:00:00
044cbf8cf2b8839acd8f0fbc6faeeabd,51af2e3b06f7854a87c08f4e957f168a,delivered,2018-08-16 01:14:12,2018-08-16 01:25:17,2018-08-16 14:39:00,2018-08-20 21:03:57,2018-08-21 00:00:00
c853154a864decd8d273d8c6aa17ee60,614fed65a3bda07d6dd3cd3b47dae585,delivered,2018-04-13 15:09:55,2018-04-13 15:33:19,2018-04-17 00:41:52,2018-05-03 00:32:37,2018-05-10 00:00:00
adc9f082768884dcb46b8b3d26851ca0,cae68961658812a8ad198ed27fb51200,delivered,2017-08-17 12:51:48,2017-08-17 15:50:14,2017-08-21 18:08:10,2017-08-22 22:21:40,2017-09-01 00:00:00
9864e42f543cd23bd3854610732d94b4,68d7fa1466056bfa867ade66120b4042,delivered,2018-01-09 11:21:46,2018-01-09 11:32:43,2018-01-22 21:13:18,2018-02-10 03:42:30,2018-02-15 00:00:00
608423eb49f078b0c2095dbdbe03c210,c01b3c4d988ecf7508a87bd501efca2e,delivered,2018-04-16 15:28:06,2018-04-16 15:53:13,2018-04-18 22:48:39,2018-04-24 22:11:51,2018-05-11 00:00:00
239f74c0158f39fe889ec4ee537aa964,c6ef676541ec035096f50604b5d0670d,delivered,2017-10-26 14:51:19,2017-10-26 15:08:06,2017-10-31 17:05:59,2017-11-06 21:07:03,2017-11-23 00:00:00
943f2c6249d63bbe967734f5ebaf0a07,b1da6f6f3e921af6587405ee904b8a44,delivered,2017-09-23 09:45:33,2017-09-23 10:04:03,2017-09-25 19:12:52,2017-09-29 12:57:38,2017-10-23 00:00:00
c1459f8c6638b835a54df0c0246ce486,3a7e244f1f8ffef81a86d8d5d69a3c4d,delivered,2017-06-12 14:07:14,2017-06-14 02:30:22,2017-06-19 21:03:16,2017-07-10 19:03:10,2017-07-05 00:00:00
e112dc2744c9e024795bee7be6ff73de,7f39dac97083a76136cecfcc6fe71b73,delivered,2018-07-02 10:19:49,2018-07-02 10:30:12,2018-07-03 07:33:00,2018-07-09 19:12:27,2018-07-30 00:00:00
d708807b9e8f75432049fff5ef066483,aaf16f8cf836474409bb5c539b3e3c30,delivered,2017-08-25 15:16:28,2017-08-26 02:24:54,2017-08-28 19:07:51,2017-09-08 18:03:26,2017-09-19 00:00:00
ac9e4245e041d3da53604ad5c2e352ef,803e5221686e0b2a516700acdf8cfb8b,delivered,2017-02-14 12:56:01,2017-02-14 13:05:52,2017-02-16 04:14:20,2017-03-01 10:03:12,2017-03-23 00:00:00
cf38f096dc6fb592f56dd68bb588e84c,66ec8d0fb367fcad9f43c50264036a4d,delivered,2017-10-25 18:14:07,2017-10-27 03:15:23,2017-10-30 20:45:48,2017-11-06 22:18:45,2017-11-14 00:00:00
e147eb86ed23b0e106ce62cec5c6df6a,9c701fa0ca8a580d86ec245af013d65b,delivered,2018-06-03 11:28:20,2018-06-04 15:55:24,2018-06-06 12:01:00,2018-06-19 17:48:43,2018-07-20 00:00:00
10221b5ef57cb66fe37a3b1e594918d1,fdff81b769f15aac39439e70eb1f72a0,delivered,2017-01-11 22:36:59,2017-01-11 22:45:12,2017-01-12 15:33:47,2017-01-19 16:41:31,2017-02-21 00:00:00
20059d45d5d6464cbf4fa0515c3830a4,f0bfb0e899e6c59163c3d76819d87128,delivered,2017-12-12 11:58:48,2017-12-13 02:33:31,2017-12-19 18:29:01,2017-12-29 19:29:07,2018-01-08 00:00:00
0d1125edf803ac46b5804fc0d29730c3,e36484b4a238d86345cbcf71330493ce,delivered,2017-02-27 20:00:10,2017-02-28 20:05:15,2017-03-01 12:53:50,2017-03-07 07:57:57,2017-03-22 00:00:00
2f126b65184ad1af3f36fcbf07ae078c,dfa2bf31dd8d1c1a393ee8420947334d,delivered,2017-10-08 16:45:51,2017-10-08 16:56:27,2017-10-10 16:50:16,2017-10-11 18:29:14,2017-10-27 00:00:00
a092499a9f4bcd992aadbcdc2d5f7843,53b750baea96bc81ee0579b3823f14bb,delivered,2018-07-04 13:35:35,2018-07-05 16:34:40,2018-07-10 11:12:00,2018-07-25 10:47:22,2018-08-03 00:00:00
4e71869ac934be7c5510f1d24c0c8672,60afb58891e76ebf543ce66cf692e8f7,delivered,2017-11-24 10:15:06,2017-11-24 13:13:38,2017-11-29 21:32:24,2017-12-06 20:53:53,2017-12-14 00:00:00
0e4fb9a4cd0c097933625d17613d1191,553454dbd62af3359355d126150993b4,delivered,2018-01-11 20:04:59,2018-01-11 20:16:19,2018-01-12 20:21:59,2018-01-18 01:22:19,2018-02-05 00:00:00
b58c3c4c4ccd814cbec253fd380d3939,e8a5e2706d9416db43d9816bef925724,delivered,2018-02-08 15:14:27,2018-02-08 15:29:21,2018-02-09 18:22:08,2018-02-20 17:25:07,2018-03-06 00:00:00
9f0b93157ce9331253cad4298ce6af61,31d5d04d4657892a68bc9f5deff51709,delivered,2018-05-27 15:26:14,2018-05-29 03:31:15,2018-06-05 15:05:00,2018-06-08 15:43:49,2018-07-05 00:00:00
ad027a119833cf7571f234523b2c5522,ad33089f3dc319f48cc1877a5d4f8a48,delivered,2017-07-26 14:36:38,2017-07-26 14:50:16,2017-07-27 21:27:50,2017-08-04 20:23:04,2017-08-17 00:00:00
643440e9eec13f7a1e08f634486e931b,ab802882cb2d0e3c351e08bac43e5e34,delivered,2018-02-13 17:33:07,2018-02-13 17:47:54,2018-02-16 16:12:08,2018-02-28 20:23:34,2018-03-09 00:00:00
11a6156f787eb963fb211db50db44d99,ee517d3a38e003aabc2dc2b08a0bc6fb,delivered,2018-05-11 20:26:43,2018-05-11 20:57:13,2018-05-14 12:56:00,2018-06-07 00:08:47,2018-06-04 00:00:00
a6a81ef0cba0e11e230b4d19a6e8c559,d3734b07069f813524d5e7b0787b3a3c,delivered,2018-07-12 01:27:52,2018-07-12 01:46:00,2018-07-13 08:54:00,2018-08-06 19:12:26,2018-07-24 00:00:00
b34f46c28be69a2d65c7f3f3c01c3673,d59dcf5325c3705b89e66b28aec164e1,delivered,2017-05-19 09:11:06,2017-05-19 09:25:17,2017-05-23 14:42:15,2017-05-30 12:37:55,2017-06-12 00:00:00
50345d40b0f9c76464f67c9971bf823e,f2500b54d9a34de6420a501b60d17a06,delivered,2017-07-11 19:33:04,2017-07-11 19:43:47,2017-07-13 19:36:11,2017-07-18 22:55:04,2017-07-31 00:00:00
2227a4ee1734c34fcc4a327f6fe0e3de,1d9e62aa7f57d92badc22e5d83510f77,delivered,2018-04-19 22:10:58,2018-04-19 22:29:33,2018-04-20 21:42:37,2018-04-23 19:34:58,2018-05-08 00:00:00
1ec0f6dd4813ff79c33a11b6c372cfb8,880d3d3c4199a399b6303b5417a8990f,delivered,2017-05-14 10:15:33,2017-05-14 10:25:10,2017-05-15 11:43:46,2017-05-25 09:46:54,2017-06-02 00:00:00
0e8d721c4684c9d5ea89f2815bafc708,ad7444d174fcfbc99c827d57b8d85fa8,delivered,2017-05-29 13:38:48,2017-05-29 13:50:17,2017-05-30 12:27:36,2017-06-05 08:57:31,2017-06-19 00:00:00
c2d227e33004969c49215bb63c53cc67,0abfc3708de5203597a8e7a5c14aa2ec,delivered,2018-08-04 15:16:09,2018-08-07 04:50:34,2018-08-07 11:55:00,2018-08-10 17:48:54,2018-08-17 00:00:00
34cb76e87d8ca6d4a5df7732d583a7eb,5a121801b68d4c196fe4d066e63e9f22,delivered,2018-04-12 11:54:27,2018-04-13 12:34:43,2018-04-19 14:58:49,2018-04-20 23:51:33,2018-04-24 00:00:00
5b93109649fd0855758bb61ef5fc3d37,90a58b8dfd590f9303aab89bfb08a33b,delivered,2018-04-10 17:50:13,2018-04-10 18:09:12,2018-04-11 17:03:27,2018-04-25 22:37:27,2018-05-07 00:00:00
741c75a2bee4e666de0415b10cd0cad7,5439c0705e236fe55615eea778047fbc,delivered,2018-06-04 22:07:21,2018-06-04 22:31:45,2018-06-05 13:21:00,2018-06-09 18:38:32,2018-07-05 00:00:00
8d4a13b4aa372bfa76ea05bd687eb2e2,0d1c6d3ab7a00dfdb6f5eed84d51d543,delivered,2018-02-19 14:52:19,2018-02-19 15:50:38,2018-02-21 17:51:43,2018-02-22 18:21:30,2018-03-05 00:00:00
34d4a23b2feef52646bade360b2b5557,f4fdaa7dd25d23ceb2b4d11491c09c67,delivered,2017-06-04 10:29:25,2017-06-04 10:45:05,2017-06-05 13:00:47,2017-06-06 13:50:46,2017-06-20 00:00:00
4b887b761d172d69c3e9f5b51936d646,1234d11db7afbb4f3e12e7eb15ba911e,delivered,2018-04-22 21:28:26,2018-04-24 17:41:34,2018-04-27 12:26:00,2018-05-09 23:42:45,2018-05-29 00:00:00
a8881d1aba506278afbbafb1aca58b5e,47acac1e16bf1f2bf6ad556aba1e4e86,delivered,2017-12-17 18:17:33,2017-12-17 19:29:50,2017-12-22 23:13:43,2018-01-08 15:55:35,2018-01-11 00:00:00
9532b1405815b30b0817164c1da6440e,c4e7d5a63e02521c1cf83e348cbc8bf3,delivered,2017-05-15 10:25:23,2017-05-17 04:10:22,2017-05-17 08:56:47,2017-05-26 06:10:12,2017-06-06 00:00:00
e163e5d0bd1d8d33300401819c279e06,2bc5c92da6f86fad8ec9dfdd63a2b8f2,delivered,2017-09-24 20:00:32,2017-09-24 20:15:12,2017-10-04 14:06:13,2017-10-09 20:36:58,2017-10-27 00:00:00
c087855fe6f303205c09558f7f8103c8,5d0c6c3c37720178553332f2509b2568,delivered,2017-05-19 21:20:54,2017-05-19 21:35:16,2017-05-22 13:20:39,2017-06-01 18:05:18,2017-06-12 00:00:00
e6acd035a11603d3f61a37185f681a5c,018d3918d60c2e821b654b8eb4cfde55,delivered,2018-05-17 16:36:13,2018-05-17 23:18:10,2018-05-18 12:45:00,2018-06-11 23:48:41,2018-06-08 00:00:00
862f4500d51d135cb73915f0fd89bdbb,0945ed78b149ffbae1b0b91ccc34f1e4,delivered,2017-06-04 16:07:45,2017-06-04 16:22:11,2017-06-05 15:28:16,2017-06-13 15:10:13,2017-06-28 00:00:00
5d8d75278e117304f2e8c3df4ce3c41c,585efd953bdf0c0feed085f3a757c9d0,delivered,2018-04-05 12:28:28,2018-04-07 02:50:24,2018-04-12 19:28:35,2018-04-20 19:21:21,2018-05-10 00:00:00
a9c59a24db1cb3aee329ebd6dff06156,8972d832ae26a312a894f6c2093913a5,delivered,2018-01-06 10:12:32,2018-01-09 07:24:37,2018-01-09 21:48:50,2018-01-19 19:12:55,2018-02-09 00:00:00
5f9023a84ef9e64c87bc7c1970da5680,6ae24eb8875716251130b7156d33e7ae,delivered,2017-09-12 13:31:54,2017-09-12 15:55:47,2017-09-13 18:47:59,2017-09-25 18:29:55,2017-10-24 00:00:00
651e1fca4fb4f7aa369b38ffbf204a62,adf36c1b48383058709109a2e2ffa700,delivered,2018-04-18 21:04:44,2018-04-18 21:15:13,2018-04-20 01:47:40,2018-04-26 00:06:45,2018-05-10 00:00:00
2f4597354cca1be196ca6b609711c109,7539ebe53893b272e154928429cdbce4,delivered,2018-02-02 15:06:48,2018-02-02 15:27:28,2018-02-05 21:08:04,2018-02-14 20:41:44,2018-03-05 00:00:00
8cfda98bcf56276214f825ebb636de75,f5955da49db5a0445eadb9dca28c1098,delivered,2018-05-15 22:07:28,2018-05-15 22:33:51,2018-05-18 12:04:00,2018-05-28 17:18:25,2018-06-01 00:00:00
f09bc0ed04e322d111f6df0db249d65f,96f7ea776daa0aaa7973638cd54e8a17,delivered,2018-04-25 15:51:26,2018-04-27 03:30:42,2018-04-27 11:30:00,2018-05-09 00:24:53,2018-05-23 00:00:00
ed965f5b2d371fefa5afc3ded3835a0e,37a35978aab474b5f6ca6b43cf03c19a,delivered,2018-02-15 15:37:41,2018-02-17 03:47:42,2018-02-19 23:16:49,2018-02-21 17:07:36,2018-03-01 00:00:00
7e24e731800bb0c5a1c85658bd140da6,2ecabe3ee2fdf7a80ecd4c0a8121649e,delivered,2018-05-13 22:35:53,2018-05-13 22:54:02,2018-05-16 11:07:00,2018-05-28 16:28:33,2018-06-04 00:00:00
15c371c7aa7f65f363f03818e30090ad,bdff986fd1c3b55217d54d9cee4b49d2,delivered,2017-11-25 20:15:32,2017-11-25 20:34:42,2017-11-27 22:32:50,2017-12-29 16:39:54,2017-12-26 00:00:00
f3d73893c5b2bd8aed47d188dd5484ae,10bd0e79bb50988c58efb453331c88cf,delivered,2018-07-22 15:49:31,2018-07-24 10:32:15,2018-07-31 14:59:00,2018-08-07 20:05:37,2018-08-16 00:00:00
7f40591eeef659da2bc93d2735fa9476,e98d4459ce911f6ae3aa3c9c0f3d94bd,delivered,2018-01-22 23:27:48,2018-01-22 23:38:23,2018-01-23 21:15:40,2018-01-25 23:46:54,2018-02-06 00:00:00
30df106d8b4158732fbd567a8a81b08d,dac63a8c4ccb25d6bb1500bd5159f4f6,delivered,2018-05-17 11:25:17,2018-05-18 13:31:19,2018-05-21 08:36:00,2018-06-05 18:44:28,2018-06-06 00:00:00
86d98161e71a519565b571ca0e1ed87e,246cf7075108c701caac778132a2a9fc,delivered,2017-06-19 10:01:51,2017-06-19 10:10:21,2017-06-19 20:22:46,2017-07-03 12:41:16,2017-07-11 00:00:00
668cc6e441f0a986cf09c787ff80463d,e0b7c97d75cf1fe355964ae5820b1b11,delivered,2018-05-21 23:36:23,2018-05-22 03:15:23,2018-05-22 15:08:00,2018-06-07 19:52:41,2018-06-07 00:00:00
9a5c80e67090c3a500008823e3dd8eb8,3da872e0be6b82cf0de436807999fc40,delivered,2018-05-13 20:35:01,2018-05-13 20:53:18,2018-05-15 14:20:00,2018-06-05 22:45:29,2018-06-04 00:00:00
3ca2a1e3c54b928f8ff41213afc6b9bc,a9d39f7dc9e3d40779ef2a528dc8ff7a,delivered,2018-03-03 20:47:02,2018-03-03 21:08:48,2018-03-08 13:17:46,2018-03-18 14:19:33,2018-03-22 00:00:00
7d9648a2cdd2164cead7a7f126262c0c,a298546d62e795b9cbe36b4aa04fa18d,delivered,2017-12-22 13:57:43,2017-12-23 09:48:20,2017-12-26 18:09:26,2018-01-13 02:13:33,2018-01-23 00:00:00
0791c9a8e89bfcc422ab718dd43f2dca,d3957fb48561ebaa908d640c7452f8dc,delivered,2017-07-02 18:08:33,2017-07-04 03:43:26,2017-07-04 13:43:46,2017-07-11 19:03:39,2017-07-25 00:00:00
8deb9479ea624f4faf5bcbf20f4499d8,0a9c8e9d3d60525baec492c633d55282,delivered,2018-05-26 15:10:08,2018-05-26 15:38:14,2018-05-28 14:31:00,2018-06-18 12:52:32,2018-07-11 00:00:00
d51efba225d758550821c63b23bcf48b,976f4427a843637b2c00d0bf94055f49,delivered,2018-08-22 23:21:20,2018-08-24 03:05:20,2018-08-25 09:00:00,2018-08-29 16:48:34,2018-09-05 00:00:00
6c62b87c92fad9d97f686af40cb5bfd1,d26850649dd913b91764020587e48f43,delivered,2018-01-22 23:37:23,2018-01-23 23:34:10,2018-01-26 21:12:50,2018-02-02 22:37:07,2018-02-19 00:00:00
35e3f3cac84a02e430e53ca318ce9791,b76b87175551ebd3a0402fc8e593571d,delivered,2018-01-30 17:07:26,2018-01-30 17:29:54,2018-02-06 23:41:12,2018-03-15 20:41:20,2018-02-21 00:00:00
52b45c2b5d96bbc9c9a6f79c406884e2,8cd7f0ed495e8f7f39ed6c305c1c7250,delivered,2017-11-24 01:02:05,2017-11-24 01:19:26,2017-11-27 17:27:08,2017-12-11 19:07:20,2017-12-19 00:00:00
8e273b415f677580d23c68ac51bcc470,ce5a5964cd6cf4305cb68f14f2df4b62,delivered,2017-07-30 03:53:07,2017-07-30 04:43:11,2017-08-03 19:39:00,2017-08-07 17:53:46,2017-08-28 00:00:00
870939e9577d3981c107477c5a27b7f8,ff898eb678319bd6f600449bb0713f87,delivered,2018-03-02 22:46:57,2018-03-02 22:55:39,2018-03-09 00:37:24,2018-03-22 19:48:32,2018-03-22 00:00:00
496c7edde87a9059e9887b3f1fc62523,0ec94dc37e4e44d1b7a9eddf4a8a3da9,delivered,2017-03-07 12:38:40,2017-03-07 13:04:09,2017-03-08 12:10:03,2017-03-09 13:48:02,2017-04-04 00:00:00
a6f980db92567852107fe54fa64726f2,f7e9bfeb793e02ca1a2fbadb9e1f4a69,unavailable,2017-10-28 10:33:24,2017-10-28 10:45:51,,,2017-11-24 00:00:00
9a5052c5b35166324a4fb52e3ccd37d3,93e2f379660ee23d726cb11877c73bf0,delivered,2018-03-14 20:04:34,2018-03-14 20:28:27,2018-03-15 21:11:42,2018-03-17 13:03:15,2018-03-26 00:00:00
f8e14f9760ef6679d468a83bc48d8de4,559b04c66cad9ea2999fdcf15549b780,delivered,2018-04-07 13:48:36,2018-04-07 14:08:24,2018-04-16 18:26:05,2018-04-19 18:15:31,2018-04-25 00:00:00
ced1aea35f3b1e1474390a452a02d750,5a60c7fb98639f84e7b3779748fe0ac0,delivered,2018-06-26 22:24:02,2018-06-26 23:07:48,2018-06-28 12:56:00,2018-07-04 15:11:58,2018-07-23 00:00:00
03f3ce5c73e3eaab0bdef61d0713ca0b,7bdb92316a87205522ada80a430b87dd,delivered,2018-03-11 21:02:02,2018-03-11 21:40:28,2018-03-13 00:03:34,2018-03-19 16:39:44,2018-04-09 00:00:00
9cd4ed9a91b520c126c71e7f898b24dc,3ff029303975ebb929236a6ab8c85311,delivered,2018-03-20 17:08:42,2018-03-20 17:28:21,2018-03-22 20:38:38,2018-03-29 22:06:40,2018-04-17 00:00:00
410a396b1c7bbf059e3f2d028342177b,9a05001f24b3be9b63a671530944fdfb,delivered,2018-05-16 17:49:57,2018-05-16 18:16:16,2018-05-17 14:41:00,2018-05-23 17:24:32,2018-05-30 00:00:00
1bf58291ea0f8500caa766193e776307,70710a1c05d85f29a67c7641e376daf5,delivered,2017-07-27 21:12:52,2017-07-29 02:23:43,2017-08-01 21:19:25,2017-08-07 21:13:09,2017-08-16 00:00:00
34f18b550eaf850333060c58ac00261c,38e7616c61cbacf4cdece5605db687c1,delivered,2017-11-12 22:07:39,2017-11-12 22:26:33,2017-11-16 21:32:34,2017-11-21 15:04:36,2017-11-27 00:00:00
20f124e5fc78bf859173b67e02ae2671,fb50abded81d6b84b281463eb0cfc7f3,delivered,2017-08-03 18:36:41,2017-08-03 18:55:07,2017-08-04 16:05:42,2017-08-11 20:23:11,2017-09-06 00:00:00
fb12e9f8e4aa61f0bce6b3afc7694dcf,33ce94762a05c3a8bb9c97487c94b2d1,delivered,2017-12-04 19:56:20,2017-12-04 20:10:25,2017-12-06 23:28:06,2017-12-18 16:55:07,2017-12-27 00:00:00
37d089b7d517ada3881ba31935310e4f,afd8a87f50245eae509882b78dfc038c,delivered,2017-08-06 16:35:54,2017-08-06 16:50:07,2017-08-07 18:07:06,2017-08-17 18:42:50,2017-08-29 00:00:00
8fa4922556e8eec12e5679c289fccf51,75b29daf32c9b550b77a836d3223959c,delivered,2017-05-22 14:04:15,2017-05-22 14:15:09,2017-05-23 09:46:07,2017-05-25 09:16:48,2017-06-16 00:00:00
e9b6e40d2bb6586f7be9c87170ceaacf,24e316e6677cf2d79c36e9d56314926a,delivered,2017-11-27 20:04:48,2017-11-27 20:19:35,2017-12-06 14:03:53,2017-12-20 17:47:00,2017-12-18 00:00:00
15f90e8c1633db2288d96c9338c302b6,4f22f1b3c2bf5957b9bc6465b4902444,delivered,2018-03-19 22:16:30,2018-03-19 22:28:02,2018-03-23 00:03:48,2018-03-27 22:12:07,2018-04-11 00:00:00
0ae42629f60238674d1b98c5651c8d68,52bb5fa693affe0c16d28988440ce8e1,delivered,2018-03-04 22:13:31,2018-03-04 22:49:10,2018-03-05 18:05:08,2018-03-22 17:06:36,2018-03-29 00:00:00
a19b1e8a877c19f80257b15207bd186f,02f8e44a560ff53db97e57913234593b,delivered,2017-08-04 22:51:08,2017-08-04 23:05:26,2017-08-07 21:14:54,2017-08-21 10:45:47,2017-09-01 00:00:00
b9968318b0149a5239e1b401ffb54ace,eb6e86744bdbcb48c0f9129bc8cfb9c5,delivered,2018-03-07 01:02:51,2018-03-07 01:10:22,2018-03-09 20:03:44,2018-03-13 17:24:22,2018-03-19 00:00:00
8798b3a8e3d4a597bcde0dab8ad1de17,1a55eb1f27ee730a8fb638821c22a4c9,delivered,2018-04-04 12:18:48,2018-04-04 13:10:03,2018-04-10 19:18:37,2018-04-13 13:52:50,2018-04-24 00:00:00
8219ae90c37589227838ee62848266ca,54b10e6a0f0385f3d3dd3e6f126043da,delivered,2017-03-25 16:27:41,2017-03-25 16:42:37,2017-03-28 11:36:20,2017-03-30 12:49:57,2017-04-20 00:00:00
1e8653b2cbcdd39e513300acd653dd60,ac578952e6d0be848f907f8c4f4ac86a,delivered,2017-05-23 21:17:18,2017-05-25 02:45:28,2017-05-25 11:54:14,2017-05-31 08:33:39,2017-06-29 00:00:00
19bf277fd1836e749b4c150b1d2ebea2,b4241348c529551cb7ed00edc970540d,delivered,2017-09-08 23:28:34,2017-09-08 23:45:15,2017-09-12 18:59:32,2017-09-19 16:02:47,2017-09-27 00:00:00
024bee763e8abbf0cd46fa7f440c41ea,110da78c3da35776c00e4ddee0646997,delivered,2017-08-06 22:47:20,2017-08-07 15:45:30,2017-08-11 18:42:19,2017-08-17 18:12:46,2017-08-31 00:00:00
bf99c65e08505b49813ebded6969d109,c860a72a0da1a25ed1b3b3f4d2fe7691,delivered,2018-06-22 11:29:13,2018-06-22 11:56:42,2018-06-27 08:39:00,2018-07-03 21:47:04,2018-07-27 00:00:00
7311286f78c8201da664e23a95803967,ca6885a75616ff8f29a452e4283642e0,delivered,2018-05-25 09:06:12,2018-05-25 09:16:28,2018-06-01 14:42:00,2018-06-07 19:31:49,2018-06-20 00:00:00
6a795efb2654a56729bd429117198807,54a79df16c4a4820e618925fbb7b741e,delivered,2017-11-11 19:29:52,2017-11-11 19:50:29,2017-11-14 17:04:50,2017-11-22 19:49:36,2017-12-12 00:00:00
c0fd44a850f90e4e1276d407876e28a8,bebf020dfc5b251bcb6015307462aaa4,delivered,2017-07-26 16:45:44,2017-07-26 16:55:16,2017-07-28 15:33:57,2017-08-09 17:28:25,2017-08-25 00:00:00
e3960d3d8d627408b6715b07daa508a0,044e0f4d0ae3c40e9e66fcb49a4b5cd0,delivered,2017-07-07 12:59:24,2017-07-07 13:10:25,2017-07-14 19:12:14,2017-07-24 16:35:30,2017-08-14 00:00:00
a2bdc6e2bf658b3187d81eb953ab1689,d1a5085fd6ed8845fc5c42791329cb32,delivered,2017-07-15 10:12:14,2017-07-15 10:25:08,2017-07-17 17:27:52,2017-08-03 22:21:59,2017-08-18 00:00:00
6e0e5e93c12213702b1bdac5a742b828,6a5f12dd53b794b45d03b7ab7c98aab5,delivered,2017-12-28 20:50:29,2017-12-28 20:59:22,2018-01-02 21:18:44,2018-01-04 17:13:50,2018-01-17 00:00:00
b307b953816cd44203e46c6216934790,7a09c60239d9f623cd85ab571d9880d7,delivered,2017-02-15 20:49:15,2017-02-17 02:10:49,2017-02-17 14:59:03,2017-02-22 14:48:52,2017-03-14 00:00:00
81808049a8014d165b0ea6e1d2fd2c27,7ada717d4b7b270ffa1f2c9dfe585e18,delivered,2017-11-24 21:43:56,2017-11-25 01:31:48,2017-11-29 21:23:00,2017-12-11 17:48:26,2017-12-19 00:00:00
2645cc89531b7de88149e18d83a13263,bffbcf07c00f5346d8ba5ad4b5cc3019,delivered,2018-08-12 00:16:39,2018-08-12 00:30:11,2018-08-13 14:04:00,2018-08-20 10:41:49,2018-08-23 00:00:00
ab2dca30f9aa2566e582854315d22d95,207b2bd9ffdda81bdc8af0c03f5e3807,delivered,2018-02-07 11:53:51,2018-02-07 12:10:39,2018-02-07 22:12:13,2018-02-23 17:52:15,2018-03-06 00:00:00
ceba50755e5b8a3009945798f45ead9f,a36cd0a7689f87db4dae036352fb2f1b,delivered,2018-03-14 13:51:36,2018-03-16 13:35:38,2018-03-20 20:56:21,2018-03-21 21:47:33,2018-03-26 00:00:00
f83bf700fd487b12bd7eb71e578575a3,4460221f20575ff95cc9c3997f5170a1,delivered,2017-02-12 22:51:56,2017-02-14 22:50:11,2017-02-15 12:05:54,2017-03-01 11:07:59,2017-03-22 00:00:00
6dd0712b5d9d31ab2b006f7b510e8720,f0c4303cda50a26c785fb217713ebd0b,delivered,2018-06-20 07:52:05,2018-06-20 08:16:52,2018-06-20 12:36:00,2018-06-22 21:52:28,2018-07-12 00:00:00
5dacd5be3242e33184345b90ae5ef770,cd7f3a5aad9d5c00db3b02a051df14c4,delivered,2017-12-29 00:49:20,2018-01-03 04:32:29,2018-01-04 22:35:20,2018-01-24 19:33:59,2018-02-06 00:00:00
87fc097f0342e12e5eeb4e772b40a96a,da06926e9e4d41c662c606df13c08f33,delivered,2018-02-07 11:32:09,2018-02-09 10:11:24,2018-02-28 19:26:50,2018-03-16 19:07:13,2018-03-15 00:00:00
c5d63349822280ab188ac2cb0966668c,43e8636f132b4e9a972b5bf396b1acd5,delivered,2018-08-07 11:24:59,2018-08-07 11:35:27,2018-08-07 16:52:00,2018-08-08 12:06:35,2018-08-14 00:00:00
4be113099bb298f6c81d468e7232cd0f,7d2671576061ef532adec03d895eab6d,delivered,2018-05-20 19:38:12,2018-05-20 19:50:39,2018-05-21 16:43:00,2018-06-04 17:51:27,2018-06-12 00:00:00
023a60303ff8d9e08b99e7474f7416ce,3570b59a7408f4a3aaa95d2c0485f243,delivered,2017-06-12 21:16:00,2017-06-14 02:15:17,2017-06-19 11:52:44,2017-06-28 14:27:54,2017-07-07 00:00:00
f5c7fcc9933ae8861462ee79735d9993,d70e1d82169a6e535f36694a6f1aa3f8,delivered,2017-11-24 12:36:02,2017-11-24 14:56:37,2017-11-29 20:28:49,2018-01-04 18:19:53,2017-12-22 00:00:00
d245d1728ad7cc2081cb50838d7d6fcb,49d1638db99abf0e8d8c03b9c15e869b,delivered,2018-06-01 08:19:07,2018-06-01 08:32:24,2018-06-01 14:28:00,2018-06-05 21:33:58,2018-07-11 00:00:00
d4a07b48835f3637cdf8baeab13c8a9a,17b48c3c14659979aca9d9bb5e057dee,delivered,2017-10-07 14:59:47,2017-10-07 15:14:13,2017-10-11 22:46:28,2017-10-20 19:36:36,2017-11-07 00:00:00
843fae0263cbfc12d1126522fb216aa7,17bbadf6276485131a966dde427de51e,delivered,2018-03-27 10:03:17,2018-03-27 10:15:21,2018-03-29 17:45:02,2018-04-02 16:12:24,2018-04-09 00:00:00
62556744f37b7cf57d9128e264b4b733,c323fba17fa4817ccde3421f15ddb84c,delivered,2017-11-25 11:31:54,2017-11-25 11:51:31,2017-11-27 20:58:42,2017-12-16 00:33:46,2017-12-20 00:00:00
d93ef0caa7a160caec60b4d6833415a6,6fa5afc4dfe6e55bf4117e62425122ed,canceled,2018-06-25 16:20:24,2018-06-25 16:38:27,,,2018-07-23 00:00:00
45a560d32442de061369b53f158fc828,439bc92927a921a224859030eb519c31,delivered,2017-05-17 04:45:44,2017-05-17 04:55:07,2017-05-18 06:46:56,2017-05-22 17:33:47,2017-06-06 00:00:00
46944b54ffc20e22cd2792f7b7b12a82,0240a546849fb56346f3f602aac8e04c,delivered,2018-05-31 13:47:07,2018-06-05 04:12:28,2018-06-08 15:55:00,2018-06-11 23:27:21,2018-06-26 00:00:00
af08253b9001685eb1df111e7134a4c3,3ac551c3da30b01bb5284211fc704d8e,delivered,2018-07-04 21:47:20,2018-07-05 16:17:49,2018-07-13 11:06:00,2018-07-19 00:18:27,2018-08-02 00:00:00
437af138254343c9da834bb2a8eaf540,09effcd6d3327e6cf34133be919506c1,delivered,2018-06-19 19:48:57,2018-06-19 20:16:09,2018-06-21 12:41:00,2018-07-15 14:28:41,2018-07-18 00:00:00
4fb9c9ddfd0e850bd7523714d7e90d7a,65b480f423126b4869b4f8a2e6f8c5a6,delivered,2018-01-04 13:33:42,2018-01-05 02:38:05,2018-01-05 14:57:09,2018-01-09 19:49:09,2018-01-23 00:00:00
3fc0be2b864e9efc63373bcbafbb16ea,e189c894a1fb377f16d96b3ecbab9829,delivered,2018-08-03 16:57:59,2018-08-07 04:25:15,2018-08-07 15:23:00,2018-08-08 15:18:52,2018-08-08 00:00:00
0e7ce95d19235a4bed2b0bfd4e9111db,5147543c7fba3cd0cdade7d54a1101bf,delivered,2018-04-16 09:48:48,2018-04-16 10:10:47,2018-04-17 14:32:51,2018-05-10 03:03:01,2018-05-16 00:00:00
71a41b640ae7a650cef9587dd0f3cc86,2fffab1b015baa38f20ed1e3a73e3936,delivered,2018-01-16 22:32:22,2018-01-17 22:29:53,2018-01-18 18:05:31,2018-01-24 14:12:46,2018-02-07 00:00:00
423bacebe695187f7c0f4c416adf5a37,63d9ab3860865d1ca636bae0f5480d6d,delivered,2017-12-01 16:01:06,2017-12-01 16:11:24,2017-12-04 22:37:37,2017-12-14 17:02:48,2018-01-04 00:00:00
2d4f87cbbe8820ed575c631218efb06d,63dbef7ec1d45a732e855e839d7c3e31,delivered,2018-06-30 21:47:38,2018-06-30 21:55:14,2018-07-03 06:08:00,2018-07-10 19:06:46,2018-08-01 00:00:00
208edba34ba9cf8d8f603672e1966b75,41b48c909c686ce16083f7912ba43196,unavailable,2017-05-08 17:41:44,2017-05-13 20:32:52,,,2017-06-06 00:00:00
a5396462aef45aa15381d92b777b7cfb,6381ff1e268f6d25f9100f30d333f60b,delivered,2018-05-05 09:39:00,2018-05-05 09:55:24,2018-05-07 08:20:00,2018-05-15 00:11:47,2018-05-24 00:00:00
0e387099da9e67758ef1bee4f17095d3,30cfa2d8b4d06d31dc4caab4d3364e08,delivered,2018-05-09 08:09:31,2018-05-09 09:00:52,2018-05-10 10:52:00,2018-05-16 20:08:53,2018-06-04 00:00:00
a0fb1c238c7bcff487ee3095d577be86,cdc7e49dd029bf91db3bd652c2353ffb,delivered,2018-02-21 18:12:18,2018-02-21 18:32:19,2018-02-22 20:03:49,2018-03-05 22:35:10,2018-03-13 00:00:00
dede3c730917196be4447afe5e985528,9fb2a50e1626149875659631f35851a3,delivered,2017-11-07 22:51:12,2017-11-07 23:06:18,2017-11-09 21:51:11,2017-11-10 18:48:44,2017-11-23 00:00:00
c1aee3898c27b4b86706a7a0259efd19,eb2a5bfb253eddfafaf07ae743a90b05,delivered,2017-11-21 10:29:16,2017-11-23 02:47:36,2017-11-28 20:59:17,2017-12-20 12:47:02,2017-12-06 00:00:00
2c7f30a5aa9213081d9b5fd15877ebf9,7c298b47184d0cd18d4bf469bb5e1328,delivered,2018-02-08 19:18:16,2018-02-08 19:30:39,2018-02-09 20:07:18,2018-02-23 00:52:51,2018-03-08 00:00:00
0e8dad04a1195ace383f6a2392ead013,6c1ccc08a44926bbfcf90f475942e84a,delivered,2018-01-02 12:30:15,2018-01-02 12:48:48,2018-01-02 20:36:56,2018-01-22 11:44:00,2018-01-30 00:00:00
4a3798db024e5f7ec925bd803ec5567c,810a5491fe59470da18d8c7c65f867e5,delivered,2018-07-08 21:59:51,2018-07-08 22:10:09,2018-07-25 15:52:00,2018-07-28 11:20:45,2018-08-14 00:00:00
f2fd4e0fc194bc29e11d7d3f83151996,69af39aa7ea31fa28a84d12409e4a019,delivered,2017-12-23 18:17:06,2017-12-23 18:29:08,2017-12-26 17:32:27,2018-01-04 21:41:37,2018-01-24 00:00:00
8b834cd52afbdf1c2837ce5b7e9c6f21,aeaf1fb7be72ad24e2d1402992ca1712,delivered,2018-06-28 09:16:08,2018-06-29 02:53:16,2018-06-29 15:01:00,2018-07-04 23:06:51,2018-07-25 00:00:00
a56e37d8a5dac95d919eaff11259c597,fd88b35ff441b1536cdb975e1f804480,delivered,2018-04-16 10:31:31,2018-04-16 10:50:48,2018-04-30 16:11:00,2018-05-28 22:20:51,2018-05-22 00:00:00
21ab5b80c7c152432a699cde9af9a04c,eb1a2b4ca1a86cb1a0416b30997add33,delivered,2017-05-22 22:05:40,2017-05-22 22:23:23,2017-05-23 15:48:53,2017-05-31 17:35:25,2017-06-14 00:00:00
8c2ce0a5a34c3f1e1a56aee2283a45d4,e43ba73efbce0b4dd005c5d76a88629d,delivered,2017-05-19 08:48:02,2017-05-19 09:02:31,2017-05-19 14:55:19,2017-05-25 15:41:35,2017-06-12 00:00:00
5714245e554b639710146cab5708287a,8c0e2e1b5fdff3b779b6db5f1742b033,delivered,2018-05-02 21:17:31,2018-05-02 22:35:05,2018-05-03 14:47:00,2018-05-11 16:36:53,2018-05-29 00:00:00
e4c09ee4522daa0f32bd2e6b2f5ed048,cccd5136fc9518bcbf7eea735c6c2ae1,delivered,2018-08-04 22:22:59,2018-08-04 22:35:14,2018-08-08 09:48:00,2018-08-11 16:21:54,2018-08-16 00:00:00
6a587a7eb18089ffa1628bb4eb427c19,4baf3238c64c1f21f51229d522f83906,delivered,2018-01-14 17:34:15,2018-01-14 17:48:53,2018-01-16 16:09:23,2018-01-18 16:23:25,2018-02-06 00:00:00
7ef7d4f03d667e9166770e61047606f3,080d63b6675be4326b6dd60b6fc912dd,delivered,2017-06-09 23:53:11,2017-06-10 00:11:07,2017-06-12 09:09:35,2017-06-23 10:59:32,2017-07-14 00:00:00
29c5f9828f58dd08c018601e91da6759,884f41c5da7d2fb4260c07ac2107fd72,delivered,2018-05-17 11:04:50,2018-05-18 13:31:15,2018-05-21 08:45:00,2018-06-04 22:32:47,2018-06-07 00:00:00
4041c1aa491fe06e3fd3fd402f24af61,92a90349b67754dfe260e8f6a79505fd,delivered,2017-12-29 10:57:42,2017-12-29 11:10:23,2018-01-02 18:09:55,2018-01-17 15:25:05,2018-01-29 00:00:00
f233e323b22b8b7b4e522b3506ee34b7,64c2d3cd8c008e1c280cdad555b2970f,delivered,2018-05-07 22:51:08,2018-05-09 03:51:45,2018-05-10 18:29:00,2018-05-17 19:58:50,2018-05-24 00:00:00
035b790fa740b68de2d6f1a74f9b2098,30a09a314fcba2f8ddb8334844953702,invoiced,2018-03-25 18:27:09,2018-03-25 18:48:01,,,2018-04-06 00:00:00
f8ff4b3861d957e056ce454bffbb4ff0,011263a2375678dc8d8fcda1c3e11cd9,delivered,2017-03-23 12:27:39,2017-03-23 13:06:14,2017-03-24 14:47:12,2017-04-04 15:17:57,2017-04-27 00:00:00
c0677fabaec4a0491225d78c6ee269f5,11e9bbf2b2029587516b04cafb81a3fc,delivered,2017-07-08 23:07:10,2017-07-08 23:15:19,2017-07-14 19:12:14,2017-07-31 15:02:45,2017-08-15 00:00:00
02d3eba685e8150e0e3abacd9c230642,0ec44d686aef3c798a6e8d336cb3a2c8,delivered,2018-05-29 13:55:57,2018-05-29 14:11:48,2018-06-06 14:57:00,2018-06-07 17:35:58,2018-06-21 00:00:00
03caa2c082116e1d31e67e9ae3700499,1617b1357756262bfa56ab541c47bc16,delivered,2017-09-29 15:24:52,2017-10-02 15:28:20,2017-10-10 15:43:17,2017-10-17 18:22:29,2017-10-23 00:00:00
1477de0726169d2ad17e417783d332e7,b7b53a71a9f9b0cd9d4646976261afe2,delivered,2018-01-08 11:30:09,2018-01-08 11:39:31,2018-01-08 20:33:56,2018-01-21 19:08:54,2018-02-05 00:00:00
4709e1e06850115eafef3681e478ca3d,1870e7a8977c45de3b3972efcc6ea9a8,delivered,2018-04-03 23:04:28,2018-04-03 23:15:15,2018-04-04 23:27:37,2018-05-03 14:47:58,2018-05-09 00:00:00
e12e00057650090fead5dc4e44cdbd0b,a3ec634b294a29ac054260888614fd40,delivered,2017-04-25 02:42:23,2017-04-25 02:55:10,2017-04-27 15:48:08,2017-05-09 09:51:41,2017-05-12 00:00:00
9fe7878dd156cead30e4d3005fb93de7,072def7c90aeabad0f75ca64f1f5c093,delivered,2017-08-16 09:28:07,2017-08-18 02:26:04,2017-08-18 18:39:45,2017-08-23 18:53:02,2017-09-05 00:00:00
54ac92ea720b2574ecf18f372f41ea71,4a2a55eb047e3c1aa195fb12627d11cc,delivered,2017-05-22 19:56:10,2017-05-22 20:05:18,2017-05-24 15:23:11,2017-05-30 11:37:07,2017-06-13 00:00:00
0a6e242b5cf18e140304453da637866b,e11c517db05b111d2682bcb3ab61e327,delivered,2017-12-10 10:15:54,2017-12-12 03:38:24,2017-12-12 21:03:32,2017-12-27 10:07:19,2018-01-23 00:00:00
abc7580b562d8de4d5471356c6c25aef,94dd77782ae0b4fb8c816bc1eab33f6c,delivered,2017-02-26 20:47:27,2017-03-02 04:02:28,2017-03-03 08:50:26,2017-03-09 14:24:45,2017-03-22 00:00:00
a1ad04708ac63bf780235612020e647e,2a7538a3a9b5de992de6fda7e4338624,delivered,2017-04-30 18:48:05,2017-04-30 19:03:24,2017-05-04 08:39:40,2017-05-23 05:12:03,2017-06-06 00:00:00
d022bdad33a575ca5edb8c4d51e44310,403ac22a4f570846d684cdc9e0d47eb0,delivered,2018-01-14 18:58:26,2018-01-16 03:50:49,2018-01-17 00:29:05,2018-02-02 15:48:34,2018-02-07 00:00:00
19d18829a26fa8fcf9fa728de1112893,7ff34226960dc48e31bf5bf5188201ac,delivered,2018-07-16 13:53:53,2018-07-17 03:35:08,2018-07-17 13:26:00,2018-07-24 21:38:41,2018-08-13 00:00:00
8fbcb92faf1aa60361f61ed7ae721a7e,6059aa1741543dc3611f547d6c21917b,delivered,2017-12-23 19:22:18,2017-12-23 19:31:40,2017-12-26 16:24:19,2018-01-05 20:39:30,2018-01-22 00:00:00
b4ef3881b4bce051c6ffcacae8ff12f6,a0b769031a6f66c3f6cc9a799127c120,delivered,2017-11-01 23:32:29,2017-11-04 04:56:19,2017-11-06 23:09:37,2017-11-13 18:13:01,2017-11-23 00:00:00
50cb20f783b26639e858a27798b315b6,f39a5467ddf0e94e79e09672905b50d0,delivered,2018-08-11 13:00:33,2018-08-11 13:10:12,2018-08-14 08:30:00,2018-08-21 20:58:32,2018-08-30 00:00:00
28fb57d39d543fade1e8fa4804f7483e,b4e80468d1f6c1fd97421d658e28febf,delivered,2018-06-07 14:47:17,2018-06-07 15:18:51,2018-06-07 14:09:00,2018-06-20 11:28:36,2018-07-11 00:00:00
5be7f054903b5a91262819cf4fd538d9,6c03dce7254dd203f7e975c4df32a7d8,delivered,2018-02-05 11:32:06,2018-02-06 11:35:28,2018-02-16 16:48:36,2018-02-19 17:42:13,2018-03-05 00:00:00
766d4eed8b0acec143fd1f1206a8daaf,7628fc111b9085fb727f1851445623a4,delivered,2017-02-20 08:30:20,2017-02-20 08:42:21,2017-03-02 04:55:33,2017-03-08 10:34:48,2017-03-17 00:00:00
166db3218dd1e8c6d6be4c37d21b5045,622e8e95f8aaf172b44761f5f6b5ac2c,delivered,2017-12-05 21:34:43,2017-12-05 21:58:36,2017-12-10 23:59:13,2017-12-28 17:46:51,2017-12-29 00:00:00
d8b57220afe3f1416bb889cc0e61aa67,69eb26a67cff49ff2040a3817602061c,delivered,2018-03-12 17:23:56,2018-03-12 17:35:56,2018-03-13 22:48:38,2018-04-06 23:51:04,2018-04-04 00:00:00
e82a0445876919a068e9a6101a00b14f,fe5354f706b809fd278ab2bd1bed05c1,delivered,2018-02-17 12:11:03,2018-02-20 07:06:53,2018-02-23 00:42:42,2018-03-03 09:59:04,2018-03-13 00:00:00
1a993d55960f4e94f4ab432458e08e39,9cb4fce9998c3765ef9e7a4eeb9a16c3,delivered,2017-12-26 21:39:23,2017-12-27 04:12:31,2017-12-27 21:54:53,2017-12-29 18:42:14,2018-01-15 00:00:00
b15dd5ea3b0c1ceb4ae30ed323a24c9a,d18c5bce9efcdbc323f5fb3cc9b395a6,delivered,2017-11-16 13:17:03,2017-11-16 13:31:03,2017-11-21 21:03:33,2017-12-02 15:12:14,2017-12-06 00:00:00
45239cd99e3e244465ad2d2ef26c56b9,985a2a3366fedff76c0a01d1204cae8f,delivered,2018-05-23 15:54:43,2018-05-23 16:16:13,2018-05-24 14:07:00,2018-05-28 16:38:57,2018-06-08 00:00:00
4cc5e8564e986df9c0189d125236a10a,278eac70c1cc3f8814d1ce319b0937f3,delivered,2018-07-22 11:48:27,2018-07-23 11:31:42,2018-07-23 15:05:00,2018-07-26 19:48:28,2018-08-09 00:00:00
061ba2e2d7544790b6ed6b5b4dd9278c,45a5c55de4dd108a83c8f746bec3ef2b,delivered,2018-05-03 22:56:36,2018-05-03 23:10:46,2018-05-09 15:48:00,2018-05-23 10:33:08,2018-06-04 00:00:00
6e5cff6677f960e7b16b2bae2b941c9d,ff3aa468b3a7f789f855f858cc6a2438,delivered,2018-08-11 09:21:01,2018-08-11 09:30:11,2018-08-13 15:24:00,2018-08-16 19:56:40,2018-08-27 00:00:00
211635839640ec89714ed4410c5d9eea,39ea5fecfa8dd33f8dc7abb45fb29d82,delivered,2018-05-27 16:00:16,2018-05-27 16:15:05,2018-06-04 13:45:00,2018-06-05 18:28:36,2018-06-20 00:00:00
21068b8eb0d85fa340b2cfaecaec42a8,99e39303c6136e74340a46d9b858b3de,delivered,2018-06-14 22:43:46,2018-06-14 22:57:01,2018-06-15 07:00:00,2018-06-27 17:08:43,2018-07-30 00:00:00
4a74e1934860e224f8750db3cbc1e991,ade739c544405b3c2ddc9c52677be125,delivered,2017-08-28 14:01:06,2017-08-28 14:15:21,2017-08-29 19:38:02,2017-09-05 20:26:02,2017-09-18 00:00:00
7ecd6da80b57a803fc59819f59bcdc4b,db31c70471654ee86b2d2d33de44052c,delivered,2017-10-27 11:43:49,2017-10-27 11:55:22,2017-11-01 20:42:09,2017-11-08 16:51:50,2017-12-05 00:00:00
882d0ad1f2cb3bb80acfb9e6667be1a7,0095298db7c70d082c2584d4eb496654,delivered,2017-09-13 18:37:01,2017-09-13 18:50:14,2017-09-14 21:27:49,2017-09-25 19:52:45,2017-10-04 00:00:00
7d88ea8967e298bd75f4872d79973c81,26d65fc97a624b5c2599d93eccbe58b3,delivered,2017-05-25 14:07:02,2017-05-26 02:42:36,2017-06-01 14:48:28,2017-06-06 13:26:39,2017-06-16 00:00:00
ab85079cf6e3ab3495bdb5dc789f8b63,42530e1c510f7b7f83885351568619ba,delivered,2018-01-25 19:36:19,2018-01-25 19:52:35,2018-01-29 20:03:41,2018-02-02 17:32:40,2018-02-19 00:00:00
dd45d98300be58b78e0294efbe19d1d0,180831157f2fd84ffe435ec095d55ce3,delivered,2018-01-17 07:52:32,2018-01-17 08:11:19,2018-01-17 19:12:57,2018-02-02 15:47:45,2018-02-20 00:00:00
462972b78b68d10c722c8ba3f5ba4cfd,91f4aa4ff5d3ddf68322f4df3ed44212,delivered,2018-01-14 16:03:51,2018-01-14 16:12:24,2018-01-17 20:29:02,2018-02-07 18:23:05,2018-02-20 00:00:00
723941d77928846a4b2ec4612303bd25,a1922ec4d4717efb23f7175f5de9a9b6,delivered,2018-06-13 09:34:53,2018-06-14 02:17:34,2018-07-03 13:34:00,2018-07-29 14:57:36,2018-07-12 00:00:00
c760d54a108adc3592bbdb55b83f2208,d2849e2b3c0729a10bec542165219dc5,delivered,2018-05-14 11:15:07,2018-05-14 11:34:48,2018-05-14 13:13:00,2018-05-21 19:03:08,2018-06-06 00:00:00
798e8ae05dcd7821a15f79ae8e6503fd,7ffa51ecfefb0fd06f8d129402ff5df7,delivered,2017-11-17 19:49:47,2017-11-17 21:06:20,2017-11-21 18:22:19,2017-11-28 18:03:28,2017-12-11 00:00:00
cc37a61fa8201c91170d102918162eec,2d6177d6c4d2effc7541364dd210d5ff,delivered,2018-08-19 23:20:49,2018-08-20 13:50:26,2018-08-20 15:07:00,2018-08-21 18:34:59,2018-08-23 00:00:00
b951958a518d9186c1b3196e445ccb08,dd15d636cbf48f2cbf86149ebf9556c0,delivered,2018-01-26 10:03:01,2018-01-26 10:19:15,2018-01-29 21:58:30,2018-02-14 11:38:54,2018-02-21 00:00:00
5102eb8dd13b0cc9991a7686a229e96f,3f83e3f0ea569bd71cf9e9ae64704fff,delivered,2017-02-07 23:35:02,2017-02-07 23:45:16,2017-02-09 12:31:03,2017-02-13 06:34:05,2017-03-06 00:00:00
7bd43b920b9c4ff98cf316ad9fd43b93,0483f71fdde66e16477095fe7d310375,delivered,2017-11-26 18:31:43,2017-11-26 18:54:31,2017-11-27 17:58:46,2017-12-06 16:07:14,2017-12-15 00:00:00
c038b4c610ae79ae8e3d191f7293fbae,f678799cf04c0c8c731552419b6a03cb,unavailable,2017-02-01 13:56:13,2017-02-02 02:41:20,,,2017-03-01 00:00:00
53f4a393eb9126386cfc207f1aa6ac34,e2b04b6f3c6db2cc2233107af21b8b7b,delivered,2017-07-10 20:18:33,2017-07-11 20:35:10,2017-07-12 16:52:17,2017-07-20 19:07:27,2017-08-01 00:00:00
2148d1d6458e2aed4af9ddd978c48ac3,862619252ab047cfee12fbe748562b50,delivered,2018-01-29 11:01:51,2018-01-29 11:21:14,2018-01-29 20:09:08,2018-03-07 00:28:54,2018-03-08 00:00:00
bd6a23b926eaaee84f90244b9bcb12ac,e92e2b7d6b397c76ae6dbbc5b351e9cf,delivered,2018-08-10 10:10:06,2018-08-10 10:25:17,2018-08-14 14:24:00,2018-08-21 14:58:42,2018-08-28 00:00:00
669b9b0a3650913de5b761ff980d8c06,29f5c33a86e4c8f7a5a429a4cea50b5c,delivered,2017-06-09 17:15:38,2017-06-09 17:30:30,2017-06-14 12:28:53,2017-06-23 10:28:39,2017-07-17 00:00:00
b8827e3fbdce70200068de321b62f11c,ae4776734a6c3d0a014d64732168ade4,delivered,2018-05-10 06:47:13,2018-05-10 07:09:43,2018-05-10 12:35:00,2018-05-12 17:28:26,2018-05-30 00:00:00
bdd088a2478c856bd6e60baeff782f8e,bf3591893cc76c60754a3537bb053ee5,delivered,2017-04-23 15:03:19,2017-04-23 15:10:18,2017-04-24 14:12:52,2017-05-03 13:28:05,2017-05-22 00:00:00
bfd31e74ca682f18d424329f90be0c0b,dc1d5b5f79066d5d533a3a964290f56e,delivered,2018-06-12 17:39:08,2018-06-12 18:27:23,2018-06-18 11:55:00,2018-06-19 18:29:42,2018-07-03 00:00:00
57e4d66f6a96e23b22aa96ab91040275,045af42c1cdb848f5364dece77e9e08b,delivered,2017-07-28 17:38:57,2017-07-28 17:50:23,2017-08-03 16:34:41,2017-08-11 19:14:19,2017-08-23 00:00:00
37e2f07d315a41d5a272a4bb61fa0b01,e17af9a9943121826e8b03d00d7e8839,delivered,2017-10-18 07:44:18,2017-10-18 07:56:17,2017-10-18 19:12:36,2017-10-23 20:43:55,2017-11-09 00:00:00
da1b656d5535a2420f9010ab910d1fa5,44421231c1294bbe465099950bf80bc5,delivered,2018-01-04 18:01:00,2018-01-04 18:13:17,2018-01-10 09:57:18,2018-01-17 16:33:50,2018-01-30 00:00:00
3eb9ce2fdb2296e4f0e24e3b55792c3e,6dc14e18b3576cd71226e1b59c1d223b,delivered,2018-08-10 18:47:53,2018-08-10 19:04:31,2018-08-15 13:50:00,2018-08-17 20:39:44,2018-09-10 00:00:00
65555c6b04142c5f409c5d29398671f2,efe49ce98eaccdc026066a40579cc862,delivered,2018-05-31 13:11:44,2018-05-31 13:35:19,2018-06-01 14:48:00,2018-06-05 21:21:56,2018-07-03 00:00:00
9aef5cb54685c53c5dd0b28727ff1203,9307cfa073da17b120a650f7b2361afb,delivered,2018-03-04 15:21:49,2018-03-04 15:35:29,2018-03-06 16:30:05,2018-03-13 10:32:21,2018-04-02 00:00:00
87276b621cf05e7f2afee8be6c9721b6,7e44a2ca0368138091e7d001d33b1adf,delivered,2018-01-10 12:19:11,2018-01-10 13:29:09,2018-01-11 15:32:41,2018-01-16 15:37:27,2018-01-24 00:00:00
caa54c0c98a40fedc7ee2dfbae713846,065b47f0ea2d91cf34ff11a1cae7eb8a,delivered,2018-01-12 06:56:37,2018-01-12 07:08:20,2018-01-12 14:32:41,2018-01-28 17:18:05,2018-02-14 00:00:00
3e10fb31e08ba1bc6103b56c474610a6,541e9e847262fc7a495e3e595195d693,delivered,2017-04-02 20:13:33,2017-04-02 20:25:11,2017-04-03 09:41:33,2017-04-06 15:03:33,2017-04-26 00:00:00
d29601cbe18ae8190a14e560a413b890,8de5fd2a823d3738c14291b302a72054,delivered,2017-10-21 20:59:53,2017-10-21 21:14:50,2017-10-23 22:25:58,2017-10-30 17:50:20,2017-11-10 00:00:00
a7798126c7238a769777af04c3d19e71,4213d56a7812724b33d83ec2c5bc169c,delivered,2018-02-14 08:50:48,2018-02-14 09:07:52,2018-02-16 00:11:59,2018-02-27 21:04:35,2018-03-08 00:00:00
d6b1ddf39835687468c4477c1aa9cba0,e9b52538b701f2947aa6fc2f788ab9bc,delivered,2017-04-09 17:50:35,2017-04-11 03:50:21,2017-04-13 16:16:16,2017-04-18 15:28:27,2017-05-02 00:00:00
dbb763c04b5beadac2bbd9d8560f8728,e8eca07ef914ed5dc59f011540237b2e,delivered,2017-05-31 20:24:40,2017-06-01 20:23:11,2017-06-02 14:20:00,2017-06-13 16:27:43,2017-07-05 00:00:00
76ca2de6bcacf629bbc125255becc15b,fd4c34140faf2931bdb3856d379019cf,delivered,2018-05-01 10:18:06,2018-05-03 04:13:01,2018-05-04 12:09:00,2018-05-16 20:51:41,2018-05-28 00:00:00
5f673b3f9980fdd744937e959c80dcbd,a79a5a422868c5d292c0e0a4af915e7b,delivered,2018-03-21 13:09:40,2018-03-21 13:27:57,2018-03-22 19:43:41,2018-04-05 16:08:53,2018-04-17 00:00:00
93ab2952953f8810d320c99c1ddead0f,dc5fce1603613e44124062e1b7d3df25,delivered,2018-06-02 12:04:57,2018-06-02 12:15:12,2018-06-05 07:52:00,2018-06-15 16:30:04,2018-07-11 00:00:00
022cb45264ced2571bbbd8e231838100,aafd4a30b4fc87b9ce204df17db5196d,delivered,2018-06-03 00:21:24,2018-06-03 00:30:19,2018-06-05 08:45:00,2018-06-12 16:09:02,2018-06-28 00:00:00
e74ec53d6094ebeeefe46e785d0eb197,ce34a9292c0c51ddf8171b9b333aa625,delivered,2018-02-02 15:12:10,2018-02-02 20:31:28,2018-02-05 21:35:42,2018-02-22 06:12:14,2018-03-20 00:00:00
052b35671e2bdd45aa889c5fa09e2809,29509a171c5d01602fbd7afb4ecbfa06,delivered,2017-12-21 17:21:44,2017-12-21 17:31:08,2017-12-26 17:55:10,2017-12-27 21:32:58,2018-01-11 00:00:00
644da50308e4b34f47ea4a9c82557863,f55f28031bc974b2749c7cda16af0492,delivered,2017-03-04 19:44:37,2017-03-04 23:25:11,2017-03-07 09:04:32,2017-03-14 18:05:09,2017-03-23 00:00:00
d7455c47afd27f9cc57ca0cc96b9cdd1,4f6ffb9b1a647de61af14aa4a7186945,delivered,2018-03-24 17:40:59,2018-03-24 17:50:30,2018-03-29 20:55:40,2018-04-03 21:48:33,2018-04-16 00:00:00
41b8a729842b63f68d70c04c7f250f09,1afb15b3e9553523d6eccae1c42ac169,delivered,2018-04-02 11:09:02,2018-04-02 11:29:25,2018-04-12 20:44:49,2018-04-19 19:21:34,2018-05-03 00:00:00
1cc1ac3bb7e6e9a7049ee81d4888dc4a,711464e4c54565256d2a20f481a8eead,delivered,2017-12-14 14:39:52,2017-12-14 14:50:42,2017-12-19 17:13:31,2017-12-22 16:16:53,2018-01-09 00:00:00
b86aa640f28555eb00a59fe9766eff4a,c5c7643873cf761b588d741cfce6c331,delivered,2018-01-03 22:25:41,2018-01-03 22:35:28,2018-01-04 17:42:46,2018-01-24 20:46:57,2018-02-05 00:00:00
21a550eeac28a30d4b59a0fd91c9cc8d,ace63d531dc37c74d62c8263d161f8f8,delivered,2017-11-10 20:31:29,2017-11-10 20:46:36,2017-11-16 14:08:58,2017-11-27 23:58:30,2017-12-05 00:00:00
7168a9782b83f485331f93c31922bea3,ab23e42942c8611fa3d2b25e29bfbb32,delivered,2018-02-21 07:04:56,2018-02-21 07:50:20,2018-02-26 20:17:58,2018-03-16 19:27:01,2018-03-16 00:00:00
6409da66534414b64138b8202ac53bc7,a80352353b462d86640b2ff29d16a7db,processing,2017-03-28 16:59:13,2017-03-29 02:05:15,,,2017-04-19 00:00:00
713638fce61820946eea7e0773d1df84,f72803d7329ae3529dd2dff0b97410cb,delivered,2017-09-13 14:43:01,2017-09-13 14:55:24,2017-09-14 18:25:08,2017-10-17 21:30:03,2017-10-06 00:00:00
5b1c6bad461d722c0e428b2ad4e5cafe,fba40866bbdb9966b507e565aba87490,delivered,2017-03-25 20:21:56,2017-03-28 03:51:19,2017-03-29 12:08:25,2017-04-03 13:44:33,2017-04-13 00:00:00
e28239311822ec827e9fbadde0649f3b,1ab643f32a4d584b7a56a9de6779228c,delivered,2018-03-07 14:59:13,2018-03-07 15:15:43,2018-03-08 00:09:53,2018-03-12 23:18:26,2018-04-02 00:00:00
6df6c9c9af6ef75b4f06f8a7b9f47e9c,2e1a3155fdbee565b7ad55cb75ce8f78,delivered,2018-07-23 08:50:48,2018-07-28 23:31:06,2018-07-24 14:47:00,2018-07-26 17:03:43,2018-07-31 00:00:00
aede175d9f89edb69b1a98b4d80470ed,028ef41231e80887d8be309e5a28aaf2,delivered,2017-12-30 10:35:36,2017-12-30 10:47:08,2018-01-04 22:56:58,2018-01-11 14:57:02,2018-01-24 00:00:00
b0b89f2837ca16ee790c20e55c95ea4a,9a7f90d818c30f76c42ba0959c16161b,delivered,2018-03-23 15:46:24,2018-03-24 02:28:43,2018-03-29 17:32:00,2018-04-11 21:54:27,2018-04-17 00:00:00
2f0d70560615459213d3ea85549554a6,28df59294c71a63c40ff8ab5f97d2d84,delivered,2018-02-04 18:56:06,2018-02-04 19:10:28,2018-02-06 20:07:24,2018-02-07 18:45:51,2018-02-21 00:00:00
4172088f591c8a42cad3f5ee56f678c8,727d0eda3f67ce09cd6062748b414523,delivered,2017-10-16 16:47:23,2017-10-16 17:10:19,2017-10-18 13:36:32,2017-10-20 13:59:59,2017-11-01 00:00:00
3eaa049d12010ae119bb075092d421d8,d5c9fcc1352a2294717d4a849e6cac53,delivered,2018-07-19 16:47:11,2018-07-19 17:04:01,2018-07-20 12:52:00,2018-07-25 13:17:42,2018-08-02 00:00:00
d2a1c1e78726b6c25a324476d86f57ed,0c1d9404907345641777e5dbf8062c09,delivered,2017-05-06 17:25:41,2017-05-06 17:42:08,2017-05-09 08:06:00,2017-05-22 08:30:48,2017-05-31 00:00:00
d8d0488eb1aa33a391551c5bbe00e93f,7f4802bd5d7365cd23b2dab76a07fae8,delivered,2017-04-25 16:33:17,2017-04-26 09:35:18,2017-04-26 09:44:29,2017-05-04 11:52:06,2017-05-16 00:00:00
172eb17b2fa12d49f274ad27404ad1b9,d5c5cfa0d8946f798c28c55c5e78b55d,delivered,2018-02-22 16:48:54,2018-02-22 17:10:45,2018-02-23 23:08:37,2018-03-09 18:35:24,2018-03-19 00:00:00
da6c1b5c9a1106ebca4a15148d062c0f,3bc2fc702019bd075e33a4ee86cbfbef,delivered,2018-01-25 15:32:04,2018-01-27 02:41:26,2018-01-29 22:26:41,2018-01-31 18:27:14,2018-02-09 00:00:00
25727c3a1c2ebe88d357a3ad2450c1ef,5705d595d97d36adae65ac02d74fdbed,delivered,2018-08-17 18:49:24,2018-08-17 19:10:32,2018-08-20 10:50:00,2018-08-28 02:09:42,2018-09-10 00:00:00
300f22cf9178ce8ef0db12b477f29e8f,75a392a3473036889864df63812e830f,delivered,2017-04-24 01:53:11,2017-04-26 09:33:34,2017-04-26 12:14:04,2017-05-05 12:26:41,2017-05-11 00:00:00
ccfa6e3822b06cf58321331e07db2a2a,94633c1543af42cafa3898371bc650f8,delivered,2018-05-16 10:00:09,2018-05-16 10:15:15,2018-05-18 11:02:00,2018-06-04 18:52:47,2018-06-08 00:00:00
4172384c4b3c2ef103c55f5dc3086b9e,760119a92dd09c116c57f97d1d1bf346,delivered,2017-11-05 22:45:45,2017-11-07 06:31:22,2017-11-08 22:24:37,2017-11-09 19:06:57,2017-11-17 00:00:00
70f6f2f587c842e64ec959f749d50af5,9d8197b0ebed82e5333d2d01a7f808cd,delivered,2018-05-16 20:18:16,2018-05-16 20:35:20,2018-05-17 12:50:00,2018-05-22 20:36:51,2018-06-01 00:00:00
bd2f31f2548344a9d1f4ea1c03625e93,1f763783a93e0c559a0c7dc847b31eef,delivered,2018-05-17 16:37:22,2018-05-18 00:14:47,2018-05-18 07:13:00,2018-06-05 18:16:34,2018-06-22 00:00:00
511812fa8f384ecf987128b77cdfbc18,87f95f9915fdd883e0246ac6103b7176,delivered,2017-02-06 00:37:19,2017-02-06 01:05:38,2017-02-07 08:49:01,2017-02-09 15:25:01,2017-03-08 00:00:00
cb1134f9010d242e9515ad1c78ec0c39,2fd33ac77677bd214b1882868317eeed,delivered,2017-07-16 12:35:34,2017-07-18 06:03:50,2017-07-20 19:22:02,2017-07-19 14:13:28,2017-08-08 00:00:00
d821c07a40e746ac3f4ae3799b19ddee,ed678437e137359ba38a1f1b55dea52c,delivered,2018-02-23 06:14:54,2018-02-23 06:30:43,2018-02-27 01:04:31,2018-03-14 17:58:18,2018-03-15 00:00:00
51cb8de840f89dc3988470b2ee262f1f,c8db658e8d844bb647932fa9f1d4dcdc,delivered,2018-06-10 10:59:10,2018-06-11 10:58:56,2018-06-11 15:42:00,2018-06-14 20:05:27,2018-06-28 00:00:00
9272fabd5bfa9acee9ae3fd87af61a0a,41740b03cf7ce275a840cc38f1ab04e0,delivered,2018-03-28 09:21:11,2018-03-29 03:10:13,2018-04-02 14:40:43,2018-04-12 20:02:24,2018-04-16 00:00:00
5abfc2c21926dd42e4e2a94abd87e23e,702c309288b89d7dffc52be2907d7530,delivered,2017-09-06 11:42:49,2017-09-07 10:33:33,2017-09-08 15:10:13,2017-09-11 18:57:39,2017-09-19 00:00:00
0ff4f1ed797bbfac9a16714dfa5162aa,0e7292b365653509f4f2f1953fdd2ced,delivered,2018-02-26 12:58:20,2018-02-27 12:55:37,2018-02-28 19:06:22,2018-03-09 01:35:30,2018-03-23 00:00:00
bb4eb0196897c20281a61f75ce23211c,c7d65abc07da65a413738fc854d8112a,delivered,2017-07-24 14:36:16,2017-07-24 14:50:11,2017-07-26 20:22:05,2017-08-03 17:37:42,2017-08-15 00:00:00
a588785e8399e5c1a0416e1101ef85b3,01389f4d25fdacc049ce7dfe96c259e3,delivered,2017-11-25 22:27:12,2017-11-25 22:34:25,2017-11-29 20:41:43,2017-12-16 16:52:22,2017-12-20 00:00:00
bb9312c3f3c390fba4d05856798016ac,a7ba79339a4c302e1cdeda58e60e7733,delivered,2018-01-08 13:27:02,2018-01-10 10:32:31,2018-01-10 20:48:29,2018-02-02 15:42:23,2018-02-01 00:00:00
281962853c1f4b3b4ea3bed6e4647759,091d88b3729e671ad17a6c41aaf7c44d,delivered,2017-03-01 16:40:27,2017-03-03 02:10:38,2017-03-03 15:21:11,2017-03-17 10:17:36,2017-03-31 00:00:00
afe9b142aa12b2e05162e32e1e25fd95,a0362a2d1b45a45174f4159cb281a473,delivered,2017-11-24 18:30:43,2017-11-24 21:39:32,2017-12-01 19:18:51,2017-12-07 15:09:47,2017-12-14 00:00:00
30eee244a7d32cac1de9617e4b9ae312,0e87f7e6262f9b3ad93cb19a32bd4a1f,delivered,2018-08-16 08:17:15,2018-08-16 08:35:18,2018-08-16 14:03:00,2018-08-30 21:32:40,2018-09-12 00:00:00
164e64521973407e1e6e44d1e2262176,3fb036e3e6bd42588cf0490ee88dfff0,delivered,2018-02-23 05:23:56,2018-02-23 06:00:19,2018-03-01 00:39:06,2018-03-13 21:48:46,2018-03-16 00:00:00
879a6ffe6389453946ddcaf7bde51975,4c2e38f82eb2b66258218c1c2393f5f9,delivered,2018-05-15 07:11:08,2018-05-16 03:54:59,2018-05-18 14:42:00,2018-05-24 00:04:33,2018-05-30 00:00:00
3d3bf2f6415d93b07c9b1fa798a19239,c728a9ca56cbf45a1d9332d0ecb0a409,delivered,2017-07-12 10:35:49,2017-07-12 10:50:16,2017-07-13 21:37:37,2017-07-19 13:41:20,2017-08-07 00:00:00
cf0df64aec6d7f8bf60b0552a954b3b8,fa20d3825267b677fca67a5f6fda32f5,invoiced,2017-08-27 17:13:46,2017-08-29 05:32:04,,,2017-09-14 00:00:00
53d2ed65a0e7a0761bd6000d5dada878,40d09f4385972836121ca581b33f89d5,delivered,2018-06-06 14:19:52,2018-06-06 14:35:36,2018-06-08 14:23:00,2018-06-25 14:51:36,2018-07-17 00:00:00
e5cefdab54d9844f44c6d68f3611f145,abb8d12e5424bc6094f8e78adf29aaf7,delivered,2018-05-09 10:59:15,2018-05-09 11:11:40,2018-05-10 19:07:00,2018-05-11 13:26:59,2018-05-17 00:00:00
a92334f188d0def0f230671c7dec9b0e,4e495cb383a251b2a0b73491294268b6,delivered,2017-09-11 10:44:28,2017-09-11 10:55:32,2017-09-11 20:59:37,2017-09-14 17:58:32,2017-10-05 00:00:00
c8c288995f09b4167f89687f7535c75a,ec7067023c9bf1a4a44aea980e45bb21,delivered,2018-01-28 21:22:11,2018-01-30 05:31:33,2018-02-05 09:45:38,2018-02-14 17:35:43,2018-02-22 00:00:00
53f4c1e58cffdfc604925afb8d8537c5,5e819d27ab1c45603c984f7c2a1b2254,delivered,2017-06-06 23:34:50,2017-06-06 23:45:15,2017-06-08 16:16:47,2017-06-10 09:09:35,2017-06-20 00:00:00
06d7e8a85f5cfef576c5303ed7d7f2e5,57108de6e1cf238dfd0ed00e3d878096,delivered,2016-10-07 12:06:30,2016-10-07 12:36:07,2016-10-15 12:33:48,2016-10-19 18:51:24,2016-12-01 00:00:00
b6007bc0214a24634dff19daab40bf21,468a18f15d1d03df1552394fd2551441,delivered,2017-11-11 13:02:47,2017-11-14 04:06:43,2017-11-16 19:12:12,2017-11-22 18:16:54,2017-12-01 00:00:00
2dce4900da65c78bfeb7b56efa0dd59e,9e67b70448804fa0543cab844e3f3f45,delivered,2018-07-17 16:48:33,2018-07-17 17:01:37,2018-07-23 14:28:00,2018-07-24 14:37:57,2018-07-27 00:00:00
b170989c8ac091e327b7ce5b07e72f4d,102f564fbe8648d75733d8903cdcac2f,delivered,2017-12-11 23:18:12,2017-12-12 00:05:07,2017-12-22 15:28:55,2017-12-28 15:42:24,2018-01-04 00:00:00
109f6898323e99a194948043ea99cdd8,b2db54577f76360c6fee00282c4fc10e,delivered,2017-06-05 14:30:00,2017-06-05 14:42:08,2017-06-08 12:46:48,2017-06-09 09:13:43,2017-06-19 00:00:00
2850436e0937a8f3408d9b9929a455dc,88bd3bf7091b8694cc99610181ffb91b,delivered,2018-04-27 16:58:21,2018-05-01 05:32:46,2018-05-02 14:37:00,2018-05-03 17:17:39,2018-05-11 00:00:00
f17c68f902fd50e36d9c37ccf4c85870,7f6a3aaafc26964ec75650f5b487de99,delivered,2017-11-27 20:47:54,2017-11-27 22:37:24,2017-11-29 17:12:38,2017-12-03 13:18:35,2017-12-18 00:00:00
4faae91a65b5f993113cb0c78ca14a61,75f2aa057dcfd5d621262193e3db1d34,delivered,2017-12-04 17:48:47,2017-12-04 18:30:29,2017-12-07 18:18:53,2018-01-12 20:27:54,2018-01-12 00:00:00
11a9988a43e7b48ed7012619bc6720b3,13f03b81a68102e4ce9b666ea26b7ecb,delivered,2017-09-25 16:05:50,2017-09-26 03:49:29,2017-09-26 18:35:06,2017-09-28 23:00:15,2017-10-19 00:00:00
789eec4aa6c40d54f13b10fda63ed34e,9aba3f44aa5e37e14cb9a0a4ec14a1d9,delivered,2017-08-06 15:06:19,2017-08-06 15:43:06,2017-08-16 10:14:00,2017-08-21 19:15:18,2017-09-05 00:00:00
79ad637a926169cb9163785096512c03,cde54701b36d75afdffb70b5e471f804,delivered,2017-07-24 16:11:34,2017-07-24 16:25:12,2017-07-26 14:32:53,2017-08-02 17:06:01,2017-08-24 00:00:00
08d3b6ee17b7cb32e530f4488c3f6abf,1a954bbd169e7813291d468aff07267d,delivered,2018-07-27 14:32:05,2018-07-27 14:45:08,2018-07-31 14:47:00,2018-08-03 14:06:49,2018-08-10 00:00:00
f17562c57401466801e6a378f504a6d0,4dda91288c4169e5208ad102eb7f16d7,delivered,2017-10-10 16:27:48,2017-10-12 03:00:19,2017-10-19 18:25:46,2017-10-20 18:44:11,2017-10-23 00:00:00
ec62b3973b3cc7a8d4d94daeb883b9d9,917d3161154899b08b3b1a58bd6637c7,delivered,2017-08-28 16:34:35,2017-08-30 02:10:19,2017-08-30 18:00:03,2017-09-04 19:57:35,2017-09-14 00:00:00
2af130bb551b499de50516b1cd687d0c,3f3c8874a3892a68229b6a07ba06a0a2,delivered,2018-08-10 10:03:27,2018-08-10 10:15:16,2018-08-10 11:53:00,2018-08-21 16:51:02,2018-08-24 00:00:00
1efcc6ba75b519535a510c53153a9256,27a878219114302047d41366ffeeba1e,delivered,2018-06-20 21:40:18,2018-06-20 22:20:21,2018-06-22 15:23:00,2018-06-26 20:06:25,2018-07-17 00:00:00
48fe5083b6d757cea683f2f5f35e6703,04128fa0eb7d1b35ff952cfc5a0fa971,delivered,2017-08-27 10:26:05,2017-08-29 04:26:02,2017-09-04 19:39:13,2017-09-05 22:39:45,2017-09-11 00:00:00
9244c5e7b61a5ec0c86191bb1a727ed2,59ba651277a43bd5a948a7613b731907,delivered,2018-07-22 11:56:07,2018-07-23 11:31:28,2018-07-23 13:53:00,2018-07-27 23:42:33,2018-08-09 00:00:00
866aba819ecb20582614f90f9889da26,f4b4667587b2dfb3a171da98b30fedbc,delivered,2018-01-12 08:35:32,2018-01-12 08:47:58,2018-01-30 19:58:57,2018-02-07 14:58:32,2018-02-02 00:00:00
72ee7eb0e76d4ca92b2cbb5fbab792a5,545d5bb570b4c8a58357fcdbe124e0bb,delivered,2018-01-04 14:11:25,2018-01-04 14:28:20,2018-01-05 16:08:38,2018-01-16 20:51:32,2018-02-05 00:00:00
a05d9f0572c423875de7dd4d2c24e34a,35a27dd031233d1d0f5080ef6d09198f,delivered,2018-03-03 18:15:25,2018-03-03 18:35:31,2018-03-06 17:51:57,2018-03-21 22:28:46,2018-03-21 00:00:00
14e741c1e9b28bfb6dbfcd4f9910a0f2,c2c1acd921ffbfaa638922d1ce015711,delivered,2018-04-16 10:38:17,2018-04-16 10:51:01,2018-04-18 00:38:36,2018-04-27 17:42:02,2018-05-24 00:00:00
7f126ce314da7b5c37034cc7b24873a5,4b9966a134d8d1dc47d327095a63ece9,delivered,2018-03-13 01:17:45,2018-03-15 03:15:51,2018-03-16 01:18:44,2018-03-16 17:27:33,2018-04-13 00:00:00
e47bfd40dd32463a27120cccaaf5aad9,2037fabeb61ec611127657814c6a8a00,delivered,2017-12-12 17:48:18,2017-12-12 18:10:46,2017-12-13 21:53:00,2017-12-19 13:48:50,2017-12-29 00:00:00
8a7c3a3a48dbc1c76fb4e7e5844d5584,5f3e50e8dc4c51b4bfafd5f7039a65c9,delivered,2018-07-25 13:00:01,2018-07-25 13:10:17,2018-08-14 14:39:00,2018-08-15 14:57:10,2018-08-16 00:00:00
6768cb78210385f2578f95a1329fe903,3c278b64635e0f03e12d2dc862f49e72,delivered,2017-12-12 21:08:28,2017-12-12 21:31:16,2017-12-14 16:43:40,2018-01-04 17:09:58,2018-01-10 00:00:00
05e52cc535bf067c2eb8337443ca0fc0,15a5a319296eccdc3073c103ab791b84,delivered,2017-05-21 16:55:28,2017-05-22 17:03:20,2017-05-23 12:08:05,2017-06-01 14:05:57,2017-06-26 00:00:00
578e93018456eabf67495ce86d6e6315,bfb4818d76854787283fd72c7b5f84f8,delivered,2017-02-08 21:53:29,2017-02-08 22:05:14,2017-02-10 07:05:18,2017-02-21 08:13:55,2017-03-09 00:00:00
46010c67bec146f0c9db27f42149c5d2,6929b4205121245fcddb29a451082a69,canceled,2017-05-30 11:43:14,2017-05-30 13:08:11,,,2017-06-26 00:00:00
f62eb25e3aa165fefd61b028961ced6b,c039cd6122748ec8473ee84299db469e,delivered,2018-05-14 08:18:21,2018-05-15 08:12:43,2018-05-15 12:37:00,2018-05-21 20:09:52,2018-06-07 00:00:00
631e74e14da293fc4c6a8f02253aac6e,12ea59d011e70de7c80a1c8078036a11,delivered,2018-08-26 11:23:04,2018-08-26 11:35:19,2018-08-27 15:33:00,2018-08-31 03:11:38,2018-09-13 00:00:00
ebdaf57f968f138db2203c944dafd49a,01287ad2456ffbd365f2e955dbbcebc7,delivered,2017-09-11 19:54:38,2017-09-13 03:36:05,2017-09-21 15:59:22,2017-09-27 17:15:40,2017-09-28 00:00:00
3388fa275fc1b344e275af704e8d3156,6da78d4e5ce1e5cefc6974eeb54563f8,canceled,2017-12-11 09:25:26,2017-12-11 09:33:21,,,2017-12-28 00:00:00
ede7067a4e876ebdf35794ae96c23876,8eb0e0af25f96786aee5d91f687443e9,delivered,2018-04-09 09:05:42,2018-04-09 09:30:41,2018-04-09 20:08:49,2018-04-10 12:34:31,2018-04-30 00:00:00
932e09a4eba5fe1c7b8333f5b0d83d99,f0b52c0c57960c784ea298c65ec826d6,delivered,2018-06-12 19:14:34,2018-06-12 19:46:07,2018-06-13 15:16:00,2018-06-14 19:21:55,2018-06-21 00:00:00
0978a75c5390506e56614f327e7fa342,0a11e66468367c652e30429655d26fc5,delivered,2017-05-26 16:33:34,2017-05-26 16:45:16,2017-06-01 16:52:12,2017-06-05 09:17:44,2017-06-20 00:00:00
8ed33ce2fa4294f5f8d8967467a26b23,afe9351b7f4c24f7a4fd4f621681be02,delivered,2018-03-29 12:41:26,2018-03-29 12:56:03,2018-04-04 19:58:41,2018-04-05 21:04:11,2018-04-11 00:00:00
7b177fcb9ffb753496f019d4ca317479,deb908d63b07cd65667ac2e526243abf,delivered,2017-02-04 07:58:07,2017-02-04 08:10:08,2017-02-21 13:56:18,2017-03-07 13:16:19,2017-03-31 00:00:00
117c312b89fc4ef46fca3f4b0c53829b,bdb8bc0a87a7105abf20423b8a616104,delivered,2018-01-20 16:40:34,2018-01-20 17:01:07,2018-01-22 20:05:05,2018-01-23 16:26:47,2018-02-06 00:00:00
695eed4f6656d10f32a49760523169de,a11b36966cf39cc44a686c7c6a085375,delivered,2017-02-14 19:54:06,2017-02-14 20:05:12,2017-03-13 15:31:32,2017-03-22 04:04:15,2017-03-13 00:00:00
e5ddbd23174123100cd4e3eb36be5b2b,27b24ce83b670fb79213398c6944d09f,delivered,2017-09-23 21:26:33,2017-09-26 03:35:42,2017-09-26 19:12:22,2017-09-29 23:32:19,2017-10-17 00:00:00
b91b89682b68b44b95f65cd872c65b59,2af7929f6d6289798a0836e5b350d77f,delivered,2017-10-24 23:12:43,2017-10-24 23:28:09,2017-10-26 20:52:46,2017-10-30 20:45:52,2017-11-28 00:00:00
7aa50aad959e4345b45b9732bc346a6e,f0426deff141dffab4da4832186f4a36,delivered,2017-03-01 02:16:01,2017-03-02 04:03:43,2017-03-03 14:01:24,2017-03-06 15:34:28,2017-03-28 00:00:00
16292a9c0445a1d618c28b154f1a6fbe,94b0aab2e79d1fba20520b2cef320dc5,delivered,2018-05-31 13:18:45,2018-05-31 13:35:19,2018-06-12 13:53:00,2018-06-22 01:05:59,2018-07-11 00:00:00
3dcab1487bcd1dbcc6c968fdfe0511fb,fbbd7759305c446d285fa335394e4809,delivered,2018-02-04 21:19:44,2018-02-04 21:35:23,2018-02-05 21:33:42,2018-02-06 15:42:58,2018-03-01 00:00:00
24197cf765af52797f30b528ab2af7ea,5d83fb6702300aee684f3e30a1682754,delivered,2017-03-31 16:18:40,2017-03-31 16:30:16,2017-04-03 09:41:33,2017-04-06 14:54:32,2017-04-20 00:00:00
f9721d8a3f37d470af43db1d74cc9f78,9ac5e9b962006e33f3ec6d079b721b1e,delivered,2017-10-08 21:40:15,2017-10-08 21:49:28,2017-10-09 17:54:54,2017-10-18 23:08:53,2017-10-31 00:00:00
9c9e682bee9157ebdd3875801b35e626,64c576ffa455a2dbeb018c35fc167916,delivered,2017-05-11 14:47:29,2017-05-11 14:55:19,2017-05-12 10:41:18,2017-05-15 06:53:47,2017-05-19 00:00:00
54359cee0d9645cef070695ce5539d7c,b388b2797830d21dcad966b748af7a9a,delivered,2017-11-25 00:32:14,2017-11-25 02:52:55,2017-11-30 18:53:48,2017-12-03 11:09:03,2017-12-11 00:00:00
b94d017913e0b697201de9ec22c23f46,cf48656f8158483ef39e8c31b49d7033,delivered,2018-08-16 10:11:23,2018-08-17 03:31:08,2018-08-17 14:50:00,2018-08-20 19:54:35,2018-08-22 00:00:00
01422b2c3c27fa3bc464e72eaed9676b,f864bce0fe28292472d76696b4c4639d,delivered,2018-04-09 10:11:17,2018-04-09 10:30:30,2018-04-09 23:36:54,2018-04-19 00:41:22,2018-05-03 00:00:00
114cc5b2956361cfc8f63709a9e453d7,106f1678c5c49be2647e906dde7dbd71,delivered,2017-05-06 12:16:19,2017-05-06 13:01:37,2017-05-09 15:17:25,2017-05-18 12:27:50,2017-05-29 00:00:00
cc5a504c7761122bceafca452e63c2de,dde349ab91bfc0a8136adadc4d994d5c,delivered,2017-09-16 12:08:34,2017-09-16 12:24:23,2017-09-18 19:42:05,2017-09-27 13:06:41,2017-10-17 00:00:00
35011b1b3211ea7c58a699e4b8bfe93d,9c9da709db4d73a4b732e11026252c3c,delivered,2017-06-22 15:00:45,2017-06-22 15:10:20,2017-06-26 15:39:44,2017-07-03 16:54:58,2017-07-05 00:00:00
e7491f08b57bef17828a270bbf0354bd,e3073ba30dd23de0248225e53d120b08,delivered,2018-03-15 13:14:27,2018-03-15 15:29:26,2018-03-20 18:16:43,2018-03-27 02:16:33,2018-04-03 00:00:00
69644a0087c6fefeb4f90eeadc03e80e,7eb4dea79d49dbcba6ff501c2d408774,delivered,2018-03-18 09:30:05,2018-03-18 09:47:54,2018-03-19 22:41:54,2018-03-23 03:33:20,2018-04-16 00:00:00
ba09602fc04f661e829787eb7ac331e7,ca78e91b282bb706105233eb5762441d,delivered,2017-04-11 14:27:51,2017-04-11 14:42:32,2017-04-13 11:22:33,2017-04-19 11:10:39,2017-05-05 00:00:00
44c279ea1dfb53fe8e70511726cddece,d60f34d94e5b6efff0551f21abbd191e,delivered,2017-07-12 11:49:20,2017-07-14 02:26:08,2017-07-17 18:32:20,2017-07-27 19:23:42,2017-08-03 00:00:00
3282bc9c548b4d233a43f5c6d96fade8,da9c8d08ff43e0e3f90bdb93eaded55f,delivered,2018-01-23 09:36:08,2018-01-23 09:52:16,2018-01-24 12:52:51,2018-01-27 12:23:06,2018-02-19 00:00:00
507884ae55f4e205891f59bf60e22b71,0d71c0379d76db8625afcb70e9a1e519,delivered,2018-03-07 09:16:05,2018-03-07 09:30:35,2018-03-09 23:08:26,2018-03-12 21:04:37,2018-03-19 00:00:00
9406240a4e41945ba492020a2702f757,8b11a6a651a679c460d857345bb7dade,delivered,2018-02-27 10:55:44,2018-02-27 11:09:56,2018-02-27 23:56:46,2018-03-13 21:32:23,2018-03-29 00:00:00
e077480e5c55c37d64833e295eab9b3b,d9ea749aa16d62d68ba87384a95091cc,delivered,2017-07-21 15:24:08,2017-07-21 16:05:34,2017-07-26 10:34:52,2017-07-28 18:22:39,2017-08-10 00:00:00
7c2a808149a46c168db73bc877f73cb8,ed6b560e8ba78cdb7670a08005b61f85,delivered,2017-06-23 11:17:39,2017-06-23 11:30:19,2017-06-27 16:04:20,2017-07-07 19:49:37,2017-07-20 00:00:00
7ba156322cab03ab9b1d3ecc8cd31d33,c2a9cd46541874a32b92b152f093c098,delivered,2017-08-28 19:01:06,2017-08-30 06:44:53,2017-09-04 21:25:54,2017-09-12 17:55:33,2017-10-02 00:00:00
64fdcfcc36e4054c0854fc86a7415de5,16f982c42f0e5baa7b9763bf266ecf1e,delivered,2017-05-07 12:08:13,2017-05-09 09:30:29,2017-05-09 11:29:49,2017-05-22 12:40:09,2017-06-02 00:00:00
182fb1824c0cd548ce120c6108630e37,53e36864f1b9213f02300d3ca6c72523,delivered,2018-02-01 15:20:40,2018-02-01 15:35:15,2018-02-05 12:42:37,2018-02-20 20:42:34,2018-03-06 00:00:00
3c49ac24936ce58ff09050d9878c2130,e92cab1b223966170902cdc2fab8c41c,delivered,2018-08-16 01:10:07,2018-08-16 01:25:14,2018-08-16 08:52:00,2018-08-17 18:02:29,2018-08-30 00:00:00
dcb29bfbbef4b1df25a15c4e182e8dd4,ee393ae9eb936e1c6b67cf63937a1c19,delivered,2018-07-18 09:37:45,2018-07-19 09:30:20,2018-07-19 13:05:00,2018-07-26 20:59:44,2018-08-06 00:00:00
3a554e98b0dc0cef33a8df6e1b687a04,533271407b61719b4d9ab43efb207650,delivered,2018-06-07 10:43:15,2018-06-07 11:15:45,2018-06-11 19:10:00,2018-06-12 22:18:23,2018-07-04 00:00:00
9bc38db4ef1d6f4fd1844e03b30b843e,edb1c5c35746b4a1d65ad8a98fa84570,delivered,2017-12-04 13:44:44,2017-12-04 16:47:31,2017-12-06 20:57:30,2017-12-08 23:34:16,2017-12-21 00:00:00
53183a96aacc31f11503c049f49905a3,67260c60edf9d4c22831ad47718a0e5e,delivered,2017-12-04 12:42:38,2017-12-04 16:33:37,2017-12-06 00:57:09,2017-12-24 14:58:31,2018-01-02 00:00:00
d7adae346e57bdec9293128a1130a183,1edfcdc4a172cc6fc9e97a8e42ca5071,delivered,2017-02-06 16:00:46,2017-02-08 03:23:20,2017-02-13 16:13:05,2017-03-02 15:15:26,2017-03-20 00:00:00
ee7e0b3ff2c214d195f4dc6f9ae0d060,b4ba976c2d0a72877d597f4344c7513f,delivered,2017-11-03 09:26:13,2017-11-03 09:45:28,2017-11-06 22:10:46,2017-11-13 22:32:31,2017-12-04 00:00:00
d06353378a1ff1ae9d69e21e97c78906,d58f01135270a218552f603d0ea56103,delivered,2018-07-04 09:16:49,2018-07-05 16:33:24,2018-07-06 08:30:00,2018-07-12 17:34:49,2018-08-01 00:00:00
a0cedd10b5dd769809832f5b1cfddeaa,91e4d048963e92e24b9376fdb5fd421a,delivered,2017-05-16 19:55:13,2017-05-16 20:05:24,2017-05-17 10:21:14,2017-05-21 10:47:58,2017-05-29 00:00:00
ceb00469647175837056a5f7104b5fa6,f88328e12496a0c34f6d208a280f3b3f,delivered,2018-06-08 18:52:13,2018-06-08 20:43:59,2018-06-11 14:54:00,2018-06-14 16:21:45,2018-06-21 00:00:00
560cd8ba09ed1425cee6fec9ded348cb,b533bfd5e9b9ae57a20ba6fc4bece106,delivered,2017-11-30 13:30:58,2017-11-30 13:56:30,2017-12-04 23:03:34,2017-12-16 00:38:52,2017-12-26 00:00:00
12767fe9ec8d9dcab0b972043cffb8d3,08fee29b9ac63d1bf53d160c88714bb1,delivered,2017-10-10 19:11:18,2017-10-10 19:28:50,2017-10-11 18:22:30,2017-10-14 17:58:30,2017-10-23 00:00:00
d4ff9293d6a76a8bcc5fc1fbbbda35e5,ef1192e27b5de61a028229cd14aec176,delivered,2018-04-11 00:10:07,2018-04-11 00:31:47,2018-04-11 23:04:57,2018-04-16 20:43:35,2018-05-07 00:00:00
c6326ae8b5f5ff46ff030d8bba995cb7,a99b14b9f830058b2f3b5dad85b43559,delivered,2017-02-25 08:39:09,2017-02-25 08:50:11,2017-03-01 08:22:27,2017-03-03 08:53:58,2017-03-24 00:00:00
f942f4561527e662c38b37acfc493464,5668bcba2e56a2b470fb15e7bdd92021,delivered,2018-02-26 10:13:23,2018-02-26 10:32:26,2018-02-26 20:22:56,2018-03-04 15:22:54,2018-03-16 00:00:00
f6974499820661b92dd1922750d6f0d0,2b2d33994e74b6958e20bae94221c036,delivered,2017-09-09 17:13:09,2017-09-10 17:23:39,2017-09-11 21:46:53,2017-09-12 18:11:12,2017-09-21 00:00:00
74ce493078c5a7c96f4854875b85581d,fdce567416b7b96de1c0621e6a88a7d3,delivered,2017-09-10 10:49:33,2017-09-10 11:03:28,2017-09-12 15:36:54,2017-09-14 22:05:33,2017-09-27 00:00:00
32c028ae9ea23ed2b32e239ed6b672ee,8144d579d4e4aeb84033488716fcea97,delivered,2018-04-01 18:27:04,2018-04-02 18:29:56,2018-04-05 00:57:23,2018-04-05 17:18:39,2018-04-12 00:00:00
5d5d392da798eba40e212a051377510a,4173be7a55f2bb64ffa1cf94e6a96bf3,delivered,2018-08-13 20:25:15,2018-08-13 20:44:26,2018-08-21 14:14:00,2018-08-25 16:58:28,2018-09-14 00:00:00
bab98c05fd4887a8b9f9bfae0fa0ac3f,8820a10be480ab58c6cccaaeb887c15b,delivered,2017-08-25 11:49:25,2017-08-25 12:04:46,2017-08-29 16:58:12,2017-09-04 18:55:33,2017-09-19 00:00:00
a9f74494ac9e8a4bf8aa69188be50c97,4bd7d9bda2306bd1bea06503212e6aba,delivered,2018-01-18 22:23:16,2018-01-18 22:37:16,2018-01-19 22:58:01,2018-01-22 18:33:03,2018-02-05 00:00:00
d1f4276166cee5a37d01beb15e2426fc,4eadcffca4cbd545ee337b830acd0b6d,canceled,2018-02-26 06:37:45,2018-02-27 04:30:59,,,2018-03-12 00:00:00
d4005327f11da579bc626fa9c21518f3,da1f894df056e60dd4853cce505a13fc,delivered,2018-03-23 16:08:25,2018-03-27 04:08:34,2018-03-29 22:38:37,2018-04-15 16:51:46,2018-04-12 00:00:00
0eddcb4ff71cbdcd60daa73534248d92,dd8f0b8565c4c31e908402ef0885e4c8,delivered,2018-05-18 20:50:46,2018-05-22 08:33:42,2018-05-22 13:28:00,2018-05-23 22:58:19,2018-05-30 00:00:00
ef1fd60487d3a1c1bb971b4e46ca6271,fe33c34eacec600bf102a2cec69327bd,delivered,2017-05-31 17:45:37,2017-05-31 18:02:28,2017-06-07 16:58:53,2017-06-08 08:42:42,2017-06-13 00:00:00
5495e34062773c6ae356fda1b241901b,ab6c37442d76cc4a7f3da53183720e43,delivered,2018-05-08 10:52:16,2018-05-08 11:09:49,2018-05-11 14:38:00,2018-05-18 00:12:57,2018-05-25 00:00:00
a9c6522843143edb2599748ae6aef2ea,56283bef437a7c418696a496c73b9a89,delivered,2018-06-21 14:31:17,2018-06-21 14:59:57,2018-06-29 15:24:00,2018-07-06 18:44:37,2018-07-31 00:00:00
26285799693768c960e1c2c70e017654,bf88f522fe7bc3e2f0d89a24b73b7626,delivered,2017-09-27 18:47:40,2017-09-28 02:56:15,2017-09-29 20:29:51,2017-10-09 21:57:50,2017-10-25 00:00:00
20cebe1097b0f1c09cc5f22570566d1a,4264cfb1465f313419a9c2dad9e511d8,delivered,2018-02-04 23:32:38,2018-02-04 23:49:50,2018-02-05 16:42:15,2018-02-27 20:47:57,2018-03-09 00:00:00
57cf6eb1706dddd95bd2f102339400a1,507bd98ffee3ec255833c4233bccfb5b,delivered,2017-08-28 17:01:45,2017-08-29 05:32:16,2017-08-29 19:51:24,2017-09-02 13:28:13,2017-09-15 00:00:00
1e694578c3bfb0d61227a5261822af1b,53ab1397818d9580f807df23f41084d6,delivered,2018-03-29 08:51:58,2018-03-29 09:07:42,2018-03-29 20:08:42,2018-04-13 16:44:25,2018-04-27 00:00:00
6a3d65da103828be4fcd1d381ff863e4,8805608b298001962c13dfa81a96229f,delivered,2017-04-04 22:28:42,2017-04-04 22:42:27,2017-04-10 13:35:46,2017-04-17 14:55:14,2017-05-03 00:00:00
61d158e103c596593eb48b325c8fe035,fd3b44dd13dab141361b58172c65b84d,delivered,2017-11-26 01:04:33,2017-11-26 01:13:22,2017-11-30 13:38:22,2017-12-28 21:12:56,2018-01-03 00:00:00
9ccbbf2108a513e80caafbde31524683,1274bc4ae8d810e5ac7da7a8df2690db,delivered,2018-02-23 16:03:19,2018-02-23 16:15:32,2018-02-27 00:33:35,2018-03-06 01:42:20,2018-03-21 00:00:00
5f0d307ca60a8b9329b9e6ea49a17190,5b743ffbe37cb532ea15866fd0e5d572,delivered,2017-01-30 15:44:00,2017-02-01 04:35:12,2017-02-02 10:06:00,2017-02-13 18:25:42,2017-03-22 00:00:00
83ef226cf3b661d1cc190b0a983e2619,a5cddf2c05cdef8335fc89d9dccceab7,delivered,2017-11-24 11:08:53,2017-11-24 13:57:36,2017-11-27 19:18:14,2017-11-30 23:28:32,2017-12-19 00:00:00
fda462df0b5a0cf1f8316eabeb9525b5,6e4240128fc3c9e110f429b72a92822f,delivered,2018-04-25 09:28:02,2018-04-25 09:35:31,2018-05-02 14:51:00,2018-05-03 18:48:23,2018-05-09 00:00:00
1996623a04f4179e755f57dbcb67d5b3,df04a2262d2069204573b761b298526a,delivered,2018-05-07 17:39:18,2018-05-07 18:10:41,2018-05-08 13:04:00,2018-05-14 16:12:47,2018-05-22 00:00:00
c1a5798b5aeecb07fef65a224caab385,4254ed4fe146233db997e3f4ba6d8183,delivered,2018-01-30 15:24:11,2018-01-30 15:35:37,2018-02-03 00:22:48,2018-02-06 13:44:38,2018-02-15 00:00:00
442f0e41adb26151ced75873822b96c6,1f12e0cb311968524fae60d08bc8c265,delivered,2018-05-31 09:30:16,2018-05-31 09:51:08,2018-06-01 11:20:00,2018-06-13 17:24:26,2018-07-05 00:00:00
3aa779fc4b813797c16ac4f02fe808ec,8d17a0679312b6c68213eb0c197b3c48,delivered,2017-01-13 22:21:41,2017-01-13 22:30:11,2017-01-16 14:22:07,2017-01-26 12:24:38,2017-03-01 00:00:00
556c0a42a8e9e57a6e411701908f0fd3,caf48213c41ea6497001587eb1456a4d,delivered,2018-07-09 03:40:22,2018-07-09 03:50:07,2018-07-18 15:04:00,2018-07-23 13:08:31,2018-07-27 00:00:00
34ae480fe2cec3fa921d33b72b32572a,696519087c698748e61374ff4f3f2624,delivered,2018-08-17 11:15:25,2018-08-18 02:50:04,2018-08-20 15:54:00,2018-08-27 18:07:35,2018-09-24 00:00:00
0110688c40ff035d672af3aac1f38f10,f66684cd226d7d5cbbc43491ac08390a,delivered,2018-02-01 14:20:22,2018-02-01 14:35:32,2018-02-02 20:03:15,2018-02-27 23:34:13,2018-03-01 00:00:00
a512132380fbd3ae24feca8ee9512efa,3a9686af66e7ba1291b19d2e41d584ce,delivered,2017-11-05 10:22:05,2017-11-05 10:30:32,2017-11-08 19:11:31,2017-11-21 14:42:21,2017-12-04 00:00:00
3637d99e5d76dd27c46e8c423c4c58c9,42367ae6454e6a4acf379215806a9957,delivered,2018-04-15 18:38:05,2018-04-15 18:50:59,2018-04-17 14:32:56,2018-04-26 13:03:02,2018-05-09 00:00:00
0de4d95a869f06b9c637cb46e463d261,0ecbac9608e740d7d0a60756a0c4e8f1,delivered,2018-05-23 15:57:28,2018-05-24 09:39:46,2018-05-25 11:13:00,2018-06-05 19:54:38,2018-06-21 00:00:00
f7d991e51703014752000a5a1dabc152,69ce5cae4fcba2d8952984eed57c7c02,delivered,2018-07-25 08:56:28,2018-07-25 22:30:21,2018-08-15 15:41:00,2018-08-24 20:59:02,2018-09-05 00:00:00
dddfec61fb1cf6bbba0c10703db126ae,e735c49ded59e8315bb578c4663e6b56,delivered,2017-12-26 13:53:29,2017-12-26 14:08:47,2017-12-27 23:07:23,2018-01-10 20:28:50,2018-01-23 00:00:00
e158d5c24705aa1915440227823e4573,db8ffe8f3248ea6b4fc7c6ca1d9481fa,delivered,2017-08-02 20:30:31,2017-08-02 20:45:15,2017-08-03 13:33:56,2017-08-10 20:18:39,2017-08-24 00:00:00
4c5db134eb6b1acaccc406e82f34b09f,357c3f43a28dfb459f87e0ddd599f0bb,delivered,2018-01-26 01:08:39,2018-01-26 01:19:23,2018-02-07 16:52:49,2018-02-16 21:25:10,2018-03-13 00:00:00
ae5956d043fe24a8f03be1b0a327621f,cfd454834198153cde18325c94106b81,delivered,2018-06-14 22:09:26,2018-06-15 09:37:53,2018-06-15 14:07:00,2018-07-05 22:48:23,2018-07-13 00:00:00
31593a3048f6d0e061a4101a6e5fe24f,b6623d5bf68c77aaaa0033d082ef2e96,delivered,2017-10-05 09:53:37,2017-10-05 10:07:21,2017-10-05 17:49:01,2017-10-16 19:15:44,2017-11-03 00:00:00
2ba2becdde8cc656098cdc16496a90c6,a90e9e085253a28c9206dc0580944a06,delivered,2018-02-21 20:55:23,2018-02-23 02:31:04,2018-02-24 01:18:37,2018-04-13 21:54:28,2018-03-15 00:00:00
6e821c1f2504ac8ae2e154ab1e4f933e,f6191786cb5b551812e61a8c45ba8a44,delivered,2017-09-06 10:54:12,2017-09-12 07:35:19,2017-09-12 20:32:24,2017-09-26 18:07:35,2017-09-29 00:00:00
90352487a09548f7ab71f4b1cedcf818,2ecde8027255d1d2be3a6df838cded70,delivered,2018-03-06 10:19:27,2018-03-07 02:15:53,2018-03-07 22:43:03,2018-03-21 01:28:28,2018-03-22 00:00:00
40789dad22231468ebb1cc58cc892d6b,683c9c1fe268212d92bf51fa976d136a,delivered,2017-10-07 23:05:39,2017-10-07 23:14:25,2017-10-09 19:30:17,2017-10-16 19:52:45,2017-10-31 00:00:00
015975a1ff4fdab8ae6f42eaaffd39fb,5f3f5e9d45914b3cecccafe39f3f3028,delivered,2018-01-09 20:58:34,2018-01-10 10:32:12,2018-01-15 16:42:02,2018-02-02 18:51:52,2018-02-20 00:00:00
b5a5f8ac4bb761fbe9b16518c8107543,da13ef53fdf32f2f00c598010e003e87,invoiced,2017-11-28 14:39:06,2017-11-28 15:06:42,,,2018-01-03 00:00:00
d14f47d31b1e3717cd25c3876b276523,d95a7bb0052789198699953acc4c64ce,delivered,2018-07-19 20:21:23,2018-07-19 20:30:16,2018-07-23 14:30:00,2018-07-28 19:21:51,2018-08-10 00:00:00
6fc7f8b453f5c366762afbf392ef9b37,b0731302b2c38aa2a3846e95b4e0e7a8,delivered,2018-07-03 18:18:28,2018-07-05 16:07:14,2018-07-16 09:35:00,2018-07-27 16:29:27,2018-08-03 00:00:00
3be113c6f46b175e08325d580637fa4a,fea395b0430e0a53e6981c8e13179c48,delivered,2018-08-17 08:57:16,2018-08-17 09:10:13,2018-08-20 13:40:00,2018-08-21 21:03:18,2018-08-24 00:00:00
338f1fcf8a4a0adce13c69c7c8a342bf,569c1a1374856d156162de1421ad9f59,delivered,2017-11-24 10:48:36,2017-11-24 12:32:48,2017-11-28 00:05:08,2017-11-30 21:52:58,2017-12-08 00:00:00
8568864766afc1fb05611b15e7f7f83e,406300dc1b41b134fd12bedb592bd894,delivered,2017-11-06 21:32:10,2017-11-07 05:31:35,2017-11-07 18:57:37,2017-11-23 18:26:58,2017-12-11 00:00:00
8eac09785112ead8f11813bff461fa91,ab4d83dd19d7e9c82d5b9aa764685a1a,delivered,2018-04-19 15:43:08,2018-04-19 15:55:18,2018-04-25 02:24:28,2018-04-27 20:38:44,2018-05-14 00:00:00
785ceb77eb42e247a85b8e65c7724ac8,ae83036a02bba05dd6b35f2d1b236b97,delivered,2018-05-30 22:30:34,2018-05-30 22:55:25,2018-06-04 06:21:00,2018-06-18 18:12:02,2018-07-11 00:00:00
7ada2c142f3ce316bba23245026e5807,575ad488a2bd96a02ed94e13da1baa2c,delivered,2018-06-19 11:21:56,2018-06-19 11:35:24,2018-06-20 14:10:00,2018-06-21 18:28:47,2018-06-29 00:00:00
bb07507a35cae0089d4c6d94ed9476ca,21ff3e20f59960be865825e412190684,delivered,2017-07-18 15:49:25,2017-07-18 16:03:42,2017-07-20 13:13:25,2017-08-03 20:03:59,2017-08-11 00:00:00
4f887591abea8a000c18b3837a1f505f,ec0f3f17fefb4dbf276256fc07115b18,delivered,2018-06-22 18:34:49,2018-06-22 18:58:20,2018-06-25 17:50:00,2018-06-29 19:52:31,2018-07-16 00:00:00
6ed2b496c2636a4506578ba1ff462672,29f6bd1b03efb0a649ed019fc4157ca3,delivered,2018-05-13 14:25:24,2018-05-13 14:35:23,2018-05-18 14:11:00,2018-06-06 22:18:57,2018-06-07 00:00:00
708e29e2e9ba7ec969db5cf4cf84e9fd,a052a810841e4bf122808475ee9c4ca0,delivered,2018-05-05 21:11:24,2018-05-07 17:29:58,2018-05-08 13:57:00,2018-05-15 20:10:53,2018-06-08 00:00:00
64c62ba0c1c347994fbc56da00ce2dae,60d76c8b07dee343a0916bbc6ca1d6f9,delivered,2017-03-16 11:41:41,2017-03-16 11:41:41,2017-03-21 15:54:30,2017-04-10 10:33:02,2017-04-04 00:00:00
931eb9b18a6471d1f635ff15fcbde0ca,0574cae13bbc7aa1bf0ea2f16ebc138f,delivered,2018-05-16 11:50:30,2018-05-16 12:13:46,2018-05-21 08:52:00,2018-05-22 17:52:21,2018-06-04 00:00:00
8e210b98003eece014e3e650fc111c72,ccace14c820966d438707dc902d208f7,delivered,2018-01-14 18:05:37,2018-01-16 03:40:17,2018-01-19 22:26:24,2018-02-14 17:22:51,2018-02-14 00:00:00
65b76eab1b7bef2a037efa6611e3b021,59c3542c299825b59916fc5f4a59799a,delivered,2018-06-20 21:24:50,2018-06-20 21:38:28,2018-06-25 13:31:00,2018-07-03 20:10:14,2018-07-20 00:00:00
a8d0b508b8328e380a5bf1ddc810b911,bd9dab220a858d41057ab2a01737851e,delivered,2017-10-24 11:17:01,2017-10-25 15:27:38,2017-10-26 17:13:28,2017-11-10 12:55:32,2017-11-29 00:00:00
edaa372913b1dc07209e39b2f15f605c,d4016388ffade93a5b1fbcd19803e107,delivered,2018-07-03 08:54:06,2018-07-05 16:40:34,2018-07-04 11:28:00,2018-07-10 16:56:45,2018-07-31 00:00:00
35b8e54d765e6b217e2dc5ab34f6b323,1aaa5eaa9dd9bafb385aadc1930ef8e4,invoiced,2016-10-06 12:23:07,2016-10-07 03:10:10,,,2016-11-30 00:00:00
143b864e7d873503cfa334367580b6b7,dcaa7435fbdd07d674a8ea6269f6fd95,delivered,2018-06-10 11:54:10,2018-06-10 12:17:26,2018-06-11 12:30:00,2018-06-25 21:08:49,2018-06-29 00:00:00
518407e9cd288a59d32297bc40aebfaf,827903260f8591b58cd908ddc82ba639,delivered,2017-10-22 13:08:52,2017-10-24 03:15:02,2017-10-24 14:38:34,2017-10-30 20:41:35,2017-11-16 00:00:00
1bfae7c85ceb412925413891786a6216,c70c4c18079a085fd17ba3f91f3687f4,delivered,2017-12-22 11:55:01,2017-12-22 12:11:50,2017-12-26 21:23:41,2018-01-05 19:10:17,2018-01-12 00:00:00
80a26b4ee1a6aff31f37986403491366,d948634c15b10fd34979b0d2d27ddfeb,delivered,2018-07-31 12:52:57,2018-08-01 03:32:07,2018-08-21 15:41:00,2018-08-23 01:07:55,2018-08-17 00:00:00
261894b972bbc843c4c694b4bc74e892,b25802942d9e7b44d46886163ad42d9f,delivered,2017-06-16 11:32:58,2017-06-17 03:22:57,2017-06-21 18:11:57,2017-07-04 18:14:38,2017-07-18 00:00:00
d8fce10541af787a5946afd52056e8ec,60b8cd2121a9f39630be3a3a123d27fd,delivered,2017-09-13 09:41:55,2017-09-13 10:07:12,2017-09-13 21:16:57,2017-09-14 18:13:13,2017-09-25 00:00:00
286ad679e2559b24b6a621c4908a4511,a51f6a6882b34bee79a605dedb9100d2,delivered,2018-02-23 10:41:23,2018-02-24 02:55:28,2018-02-27 12:39:12,2018-03-06 15:14:23,2018-03-26 00:00:00
723f99b0beda55330ece6bebc46b3d5b,a6815e1388c9b1d8815d1f9e2de59ca9,delivered,2017-11-29 10:09:18,2017-11-29 10:30:24,2017-11-30 20:58:41,2017-12-12 17:24:11,2017-12-22 00:00:00
f655ae6fff7b523b34ac845cd918b87f,ec0710f70b0a66de2e21b51a29b9850f,delivered,2018-06-27 11:54:37,2018-06-28 02:15:40,2018-06-28 14:12:00,2018-07-02 19:07:36,2018-07-18 00:00:00
e880c960b083af6aae64e809acf0693c,7c5df4a2ffa11a657198a578c83fd58f,delivered,2017-07-14 00:08:37,2017-07-14 00:23:56,2017-07-14 18:29:50,2017-07-28 21:07:30,2017-08-09 00:00:00
edf0c87086ae34eca8a6f72c8b31eeae,c5a4107bca600a202e2de778a540464a,delivered,2018-04-25 23:33:01,2018-04-25 23:51:43,2018-04-26 13:32:00,2018-05-03 20:25:36,2018-05-16 00:00:00
a66a0d868cc06abee5b71f206da03f4f,e9c505b4b9d21fde74008d694abd9bb2,delivered,2018-06-16 10:57:55,2018-06-16 11:50:33,2018-06-19 11:32:00,2018-07-03 15:22:52,2018-07-05 00:00:00
6a2fc7eef1fbf09f3c5cfae4aaff3bb5,8ac42b41138a86c0053beaea5a83bb16,delivered,2017-06-08 19:21:56,2017-06-08 19:35:06,2017-06-09 13:42:29,2017-06-21 17:32:24,2017-07-05 00:00:00
5f870d202957d203f0394b9699446bab,a1b26ac54f5a3c6aa1a0e6c70222e491,delivered,2018-01-09 06:43:33,2018-01-09 07:27:45,2018-01-09 20:18:25,2018-01-16 00:11:30,2018-02-08 00:00:00
f4862945a4aa6be4ddc6473ea51970b4,be458a0bf361768909f847b9bd54c8ab,delivered,2018-06-26 15:58:17,2018-06-26 16:16:45,2018-06-27 11:31:00,2018-07-02 23:18:50,2018-07-17 00:00:00
236636425340d1fcd5ba19f6b9a38319,7f0159ff5eb1228f2805de20fc5b6c25,delivered,2017-06-01 16:10:08,2017-06-01 16:25:19,2017-06-05 13:52:09,2017-06-09 16:12:46,2017-06-30 00:00:00
b7c91c3a97f9089e9b438320b5b34f37,feb79df2e42094b3e696c11cfa7ae70e,delivered,2017-12-04 22:50:48,2017-12-06 22:49:39,2017-12-07 23:14:47,2017-12-23 11:49:10,2018-01-05 00:00:00
9ac562006aa17a79364b32560651dd5b,5d8712db3109f5c3b2b82ba5051220e0,delivered,2017-11-08 20:35:32,2017-11-08 20:46:19,2017-11-09 16:18:42,2017-11-22 14:07:18,2017-11-22 00:00:00
5b181a5480a2873bf4689add4630e731,820bf18651a64c92a919cf664e31635c,delivered,2017-12-04 17:24:58,2017-12-04 18:30:40,2017-12-05 22:42:17,2018-01-04 21:32:52,2017-12-27 00:00:00
208215ef3138230b69b97f3fb415e9bc,7623c50c3ce45f453c6e25d930dda2e0,delivered,2018-05-12 21:13:56,2018-05-12 21:30:23,2018-05-14 14:04:00,2018-05-23 21:36:53,2018-06-08 00:00:00
d8dbb44d7c5b1fd8e7f41b49e27053d7,4fdbaab85bcb2657b6b6c9fea1b0ccb6,delivered,2018-05-07 20:03:32,2018-05-07 20:15:15,2018-05-08 13:08:00,2018-08-20 17:14:55,2018-05-16 00:00:00
a7922e61977e317eaf72be813781b955,4771e65bd54db3a078d3f03e1f468115,delivered,2018-04-19 08:30:20,2018-04-20 07:10:53,2018-04-20 20:36:49,2018-05-02 12:34:43,2018-05-16 00:00:00
e7ffbd51295367d5f8a78ba036ac2b49,7fff937af7bcc6951ef56ecce816f62c,delivered,2017-08-20 17:17:25,2017-08-20 17:30:10,2017-08-23 16:03:15,2017-08-24 20:06:05,2017-09-05 00:00:00
e823ca8c2818557c5f8afc10f1e2cf2d,1040d4f84edfeacc8484bd46011c6aac,delivered,2018-02-17 15:49:54,2018-02-19 10:10:40,2018-02-21 20:08:31,2018-03-13 18:52:41,2018-03-16 00:00:00
4db34232e511af6c285aad652d4e5367,a82c45df031c9225b534ee1b02f9917a,delivered,2018-03-23 17:28:26,2018-03-23 17:50:36,2018-03-27 17:46:56,2018-04-06 00:35:42,2018-04-13 00:00:00
ddcd959778bf4fcb56c41d1656f1e0a8,76601667f2d7598d3974f15b2b13b6ed,delivered,2017-05-07 14:04:26,2017-05-07 14:15:20,2017-05-09 07:40:04,2017-05-12 12:27:56,2017-06-02 00:00:00
896be850be41b2bb0343240c4f3dce35,3bfc56d74bd9034653df36bb0de5cdf0,delivered,2017-02-18 21:21:58,2017-02-18 21:30:13,2017-02-20 08:15:18,2017-03-14 11:47:28,2017-03-31 00:00:00
03e2511c3ad8af9188ef59218b1e8a2c,ab6c292f7ffe934c4f9d7d7529e7ce2c,delivered,2018-07-13 00:12:56,2018-07-14 03:05:12,2018-07-24 16:07:00,2018-08-07 16:07:28,2018-08-08 00:00:00
4ec30ce1f0c742448a0b1a4343c4b671,df0ec86a6c614ee79015aca7cb821316,delivered,2018-03-16 17:14:12,2018-03-16 17:28:54,2018-03-19 18:34:24,2018-03-23 16:44:42,2018-04-05 00:00:00
ad6e2d7ca4c63441edb8d4ca6d5c2b21,dc381fd6cdba3fb87094ccaa10e6fe00,delivered,2017-05-21 20:31:43,2017-05-21 20:45:12,2017-05-22 10:03:00,2017-05-26 10:58:03,2017-06-13 00:00:00
c3514d46a6cc5789769fd473b39ba599,7e88f83778a1c613bfa02955686b07e0,delivered,2017-03-31 21:36:53,2017-03-31 21:55:19,2017-04-03 09:36:46,2017-04-05 12:07:04,2017-04-20 00:00:00
d04051e8bfce56a92e0834faa72d7a7a,14c371217da5521396b475dd7a0ac8ce,delivered,2017-12-06 08:24:57,2017-12-06 08:36:22,2017-12-11 17:12:46,2017-12-27 17:34:59,2018-01-08 00:00:00
b8684227da189137e8ecfd39564f85e1,8c76a7242d91d55fc0d21204466c748b,delivered,2018-04-22 22:23:40,2018-04-24 18:11:28,2018-04-23 17:07:40,2018-04-26 18:08:49,2018-05-10 00:00:00
8201710c8abafe9ee0d51cd25fdaedde,c6b5c23bb384412d4f9c7b21acbcc2aa,delivered,2017-11-24 18:04:25,2017-11-24 21:16:43,2017-11-27 22:59:05,2017-12-05 01:18:38,2017-12-15 00:00:00
a526e882f6671f5be8f287590852f7f5,2faab7139b1701f7cd97532be51b6480,delivered,2018-01-22 13:30:33,2018-01-24 02:35:42,2018-01-30 21:58:53,2018-02-07 16:48:34,2018-02-16 00:00:00
5d5a1fdc7da7731796374082a2d8d1e0,75c0bf886809c6971760439a7a71a89c,delivered,2017-02-24 01:31:56,2017-02-25 02:10:29,2017-03-01 13:01:08,2017-03-08 09:07:56,2017-03-21 00:00:00
e13722c0887b5fecfbcf9771b23ddf36,21bc5deff554165a2c5c8c7ff3b99b0a,delivered,2018-02-17 13:47:34,2018-02-17 14:07:51,2018-02-20 16:24:52,2018-03-08 19:54:24,2018-03-15 00:00:00
a8af9679f12573cf207aed249bdabd09,9690ae359573ddb7eb6ccb02ba8ec568,delivered,2018-01-06 15:10:44,2018-01-09 07:22:21,2018-01-09 18:43:14,2018-01-10 21:38:14,2018-01-24 00:00:00
f12e95396a91baaadc20348d68728946,a4281c769d0b18874653319a49618bbe,delivered,2018-08-05 18:44:29,2018-08-05 18:55:16,2018-08-06 11:50:00,2018-08-08 21:38:41,2018-08-09 00:00:00
886a55792a14cb019feabb58baa814c7,0f8bd0c5f640add890a66bf230c31929,delivered,2018-04-17 04:58:02,2018-04-18 08:33:33,2018-04-20 19:42:40,2018-04-28 16:48:27,2018-05-11 00:00:00
3fe9e1771e3c0ddc3de0af1b15850664,68e5402f252403e82e5b759009377b08,delivered,2018-03-01 23:47:36,2018-03-02 00:09:39,2018-03-06 03:45:09,2018-03-27 17:41:12,2018-03-19 00:00:00
049bad09d9281445edb6dd1d6ece7395,95ef10c6dea554e64f436a44e8fd723f,delivered,2017-07-14 11:36:41,2017-07-14 11:45:20,2017-07-18 14:47:35,2017-07-26 11:22:08,2017-07-27 00:00:00
67e2b633b65efc08fed5fb68e325761b,bbeef4c749841c05d99c16fbc63a89ea,delivered,2018-08-12 23:05:02,2018-08-13 23:04:10,2018-08-16 13:00:00,2018-08-23 23:32:43,2018-08-30 00:00:00
a4b276bd4a9eba543ec90cdf29a67308,9d20953453325b0f8badf470f570f98c,delivered,2017-06-15 08:53:26,2017-06-15 09:05:08,2017-06-23 13:33:00,2017-06-27 13:59:39,2017-07-05 00:00:00
1a62946a1ba2a18532e900bc385e972f,d16bcf0555e8a602f65c56993ee91b51,delivered,2017-10-21 10:57:12,2017-10-24 03:15:07,2017-10-25 19:17:35,2017-11-08 21:54:51,2017-11-22 00:00:00
815bed818302adfd6b04958662e7bbad,1a668d4900615c78f8091304850dea1a,delivered,2018-05-21 13:16:22,2018-05-22 07:55:07,2018-06-04 16:03:00,2018-06-19 14:38:42,2018-06-19 00:00:00
b7500da4a02eac89b7dcbeaf4efaf00b,9b1f58aaf85fa158888a1f21ef45d26a,delivered,2018-01-13 15:14:06,2018-01-13 15:28:49,2018-01-15 19:59:02,2018-01-30 16:22:47,2018-02-16 00:00:00
783a40d000d79fb04de5aaf89cf7f69f,81481335ea9181565d978b1943ce5f4f,delivered,2018-01-14 17:27:16,2018-01-14 17:36:37,2018-01-15 23:35:06,2018-01-30 19:43:05,2018-02-07 00:00:00
b6f0a8d06c025c6aed95229f1bb0421f,537e341fa7460c3734d91fc0b65cbdd0,delivered,2018-06-11 21:55:13,2018-06-11 22:19:17,2018-06-18 11:55:00,2018-06-19 18:46:31,2018-06-29 00:00:00
4662119a5b84b9a8bf3b4c50e8c868dd,64cdffaf30a5eb5ac081ee4ebf582547,delivered,2018-02-04 22:26:26,2018-02-04 22:49:54,2018-02-06 20:45:10,2018-02-14 15:52:41,2018-03-01 00:00:00
1016b48b6d8c68e73002bdeb36e3deb1,5f33ba7aaab09fdf7bf51782068e7895,delivered,2018-02-04 00:31:37,2018-02-06 04:32:10,2018-02-07 00:43:54,2018-02-22 21:12:32,2018-03-02 00:00:00
03705afa0a4aabe1a734ddb11c1df3f0,e165d4c6a0d945a813e8a3bf42faa500,delivered,2017-09-27 08:42:08,2017-09-27 08:49:34,2017-09-29 19:55:50,2017-10-06 20:39:46,2017-10-26 00:00:00
6d17ce9c5d7c673c218ff5b2c8aeb9d2,cd72c28d6c68a8535de92733f591b331,delivered,2018-01-10 23:42:15,2018-01-12 02:35:46,2018-01-13 00:12:31,2018-01-23 16:32:46,2018-02-05 00:00:00
2ebedf24a4ee36078226242023978247,27ae6db6c6302444d88b728297180dac,delivered,2017-12-05 10:40:02,2017-12-05 11:23:08,2017-12-07 18:28:06,2018-01-10 22:58:58,2018-01-03 00:00:00
3d7c4455b009850d0c83c70fae3df22b,cc1e52b3e5a11fb575ca9d9d6f97a77e,delivered,2018-07-14 20:57:13,2018-07-17 04:31:40,2018-07-17 14:28:00,2018-07-25 18:34:35,2018-08-14 00:00:00
76af817018cd5fa5b739a3c2ba34ee70,c8b57f80f80e9d624179e71107b48c40,delivered,2018-03-08 15:37:42,2018-03-09 02:10:24,2018-03-09 22:31:57,2018-03-20 23:31:58,2018-04-05 00:00:00
8849f02bf66502f56ce8c5173bb954df,905d0f8557f4baccd218a45692ec9d68,delivered,2018-07-29 15:49:54,2018-07-31 04:31:36,2018-07-31 12:58:00,2018-08-06 18:41:33,2018-09-10 00:00:00
b8b9d7046c083150cb5360b83a8ebb51,ec271753df25bad1135a375ed6d7f113,delivered,2016-10-06 12:51:54,2016-10-06 16:05:19,2016-10-15 12:24:17,2016-10-18 13:24:17,2016-11-28 00:00:00
41413d39ecc484efad18a45e9d06d53d,2911e5c9438cd8fe00adcd7966bb1ee3,delivered,2018-01-29 22:08:10,2018-01-29 22:15:34,2018-01-30 17:18:43,2018-01-31 23:26:48,2018-02-14 00:00:00
8fabd912f4e4dd0372ada8ca6633a738,887193b0e6d96de4991ec1858cf75220,delivered,2018-07-18 20:57:45,2018-07-18 21:05:19,2018-07-19 10:22:00,2018-07-26 12:08:52,2018-08-03 00:00:00
ab9244e30226615cfb558ec7b5815ed1,c98e22879c4e41d132a2487a2cc6513d,delivered,2017-07-13 23:35:09,2017-07-13 23:50:14,2017-07-14 18:34:26,2017-07-31 21:14:14,2017-08-16 00:00:00
8eebf60f909df07356a7d8110dc9946a,a3a647c9ff79e6354b9d49b7ddb86a00,delivered,2018-01-03 21:21:00,2018-01-03 21:28:24,2018-01-08 14:17:22,2018-01-12 21:14:03,2018-01-26 00:00:00
b1e0eb7a7bfee5485a404147109a9189,7e53786f8b01ca25f30bc6afaaa09046,delivered,2018-01-30 14:03:19,2018-01-30 14:15:35,2018-01-31 21:35:55,2018-02-07 09:33:55,2018-02-22 00:00:00
834bdbbdc1729b2ae17520e7a32397fb,0f3cff4437692098bc1a61b7539d5ab5,delivered,2018-03-31 13:05:33,2018-03-31 13:15:18,2018-04-04 18:54:48,2018-04-10 18:38:35,2018-04-18 00:00:00
ca907d8c04d50f8377a1a77a216d334c,50d5bc15e0f7e9ccf5b8d151c555c062,delivered,2018-05-20 22:04:41,2018-05-20 22:18:39,2018-05-24 13:20:00,2018-05-25 15:44:28,2018-05-30 00:00:00
2e3cadd5483e3ed34ee082b1e099fbe2,c4ff23fb1fd220525bda9c4470402c9d,delivered,2017-12-16 11:24:46,2017-12-19 09:58:33,2017-12-20 08:55:29,2018-01-08 23:08:38,2018-01-16 00:00:00
0921e6115b1fcc24d5dcf35570b68933,214270a60aed81931980eaed78e631f4,delivered,2018-04-04 10:40:04,2018-04-04 10:55:17,2018-04-05 22:32:39,2018-05-07 13:35:47,2018-04-26 00:00:00
a31641e9fb81890172b8a92348a5da1f,be36cb7552303ca526f4b7177d6b5b14,delivered,2018-02-06 22:31:03,2018-02-06 22:49:49,2018-02-07 22:38:48,2018-03-09 23:11:56,2018-03-13 00:00:00
3d60cbc30fe424ccaa1b75c0c2e1cd90,adc067863a867fe26b2313ab479df918,delivered,2017-08-20 14:46:04,2017-08-22 03:45:25,2017-08-22 18:07:06,2017-08-30 16:06:06,2017-09-25 00:00:00
669eb4808ac7fe964a716a368943ddfa,0c562074c5f964adc5bcfa39d647a834,delivered,2018-04-10 18:32:57,2018-04-12 04:55:24,2018-04-16 21:04:15,2018-04-30 16:28:31,2018-05-15 00:00:00
c1d91e3480554147fdc3523ddd32409b,2d5687839cca196b8929cd9430c3821a,delivered,2017-07-18 15:17:40,2017-07-19 03:45:35,2017-07-19 18:44:38,2017-07-26 20:04:18,2017-08-23 00:00:00
332cccabf2107750bda6430e1696198d,71b53f38663e8be6c14b3fb0e498e4b8,delivered,2018-07-23 23:59:54,2018-07-24 10:31:07,2018-07-24 11:01:00,2018-07-30 18:21:52,2018-08-14 00:00:00
d6cae08d072e981cb8ff02592b04985b,69ba3a372c54f057939e1d3045d8e653,delivered,2017-02-13 20:16:42,2017-02-13 20:30:19,2017-02-15 18:18:52,2017-02-17 08:25:57,2017-03-14 00:00:00
fa8532f1342354a78b42f2072b1d6dea,6605f055f23f5ea379920ccf7b35255f,delivered,2017-09-10 19:56:58,2017-09-10 20:05:26,2017-09-11 19:38:05,2017-09-17 18:39:56,2017-10-02 00:00:00
fa4f63175b284248b89a46c3b7e7bc12,7c2abab8ee489e71b5c91a03f49baab3,delivered,2017-04-09 17:31:56,2017-04-09 17:45:15,2017-04-10 15:35:11,2017-04-12 15:30:00,2017-05-04 00:00:00
b3219f865b978d4397a10c20e399ecef,5dd0ee33fbd7733740ddb4ea0d55855c,delivered,2018-05-04 19:16:41,2018-05-04 19:34:23,2018-05-07 15:28:00,2018-05-10 13:06:44,2018-05-24 00:00:00
5d155d6d17992a253e6ad3586f7739d9,3ce0a1f76b4518e1cd3caa673f6a5856,delivered,2017-06-03 18:16:51,2017-06-03 18:30:08,2017-06-06 10:23:52,2017-06-16 17:04:43,2017-06-19 00:00:00
bf593abe2928b23b60cee1ff3471a4dd,9deff18f168c804c9ef00f47ccb2f6c4,delivered,2017-06-08 23:17:57,2017-06-08 23:25:16,2017-06-09 11:18:16,2017-06-16 12:51:59,2017-07-06 00:00:00
2f3efd5594cd02b721bf3a23bdd52aeb,1ccbbc8bf31f3641a48c52432bc44c61,delivered,2017-07-08 16:19:41,2017-07-08 16:30:19,2017-07-10 13:47:31,2017-07-17 20:49:50,2017-08-01 00:00:00
7d69596773fda163751de780f18ad9f3,54e147bce661da8b3f594449d801c871,delivered,2018-03-16 14:39:56,2018-03-16 14:55:24,2018-03-22 11:06:47,2018-03-28 22:26:39,2018-04-12 00:00:00
f6ab013773ba1820dc3239e7388ab5f1,ba502bf0939a37587917bb56a38081cc,delivered,2018-01-25 15:58:23,2018-01-27 02:42:26,2018-01-29 18:09:04,2018-02-28 16:22:45,2018-03-06 00:00:00
8238976658bee9703e39aad674ee1fab,381203b231c4d8177a36dde3cf607251,delivered,2018-01-15 21:48:07,2018-01-15 21:59:22,2018-01-19 23:58:40,2018-02-23 12:53:07,2018-02-05 00:00:00
00fb278a99144cc1004b3ed1452ff5e1,7a186a2e9b7fb35a7d158a5a43447b3d,delivered,2017-03-05 09:31:07,2017-03-06 09:35:22,2017-03-06 11:41:52,2017-03-10 11:38:00,2017-03-23 00:00:00
7db0ac143ad1d1fdb64f9ddf710979f2,acfbf192b064509688d3264cb5bd8a37,delivered,2018-07-24 17:22:46,2018-07-24 17:35:17,2018-07-25 13:55:00,2018-07-30 23:59:16,2018-08-10 00:00:00
3cfd0a41e3256e003a751ae76649b197,b1e0de67cae65d9701fecebbeef6ee1d,shipped,2017-08-19 11:32:04,2017-08-22 04:25:56,2017-08-22 15:08:16,,2017-09-13 00:00:00
8a3faec8dc9fc14969c3ec8dc757abdd,20117e36945a163031abca6cc3cfff84,delivered,2017-02-28 11:27:39,2017-02-28 11:37:39,2017-03-02 15:35:22,2017-03-06 17:48:36,2017-03-22 00:00:00
01c0514b1f2a7375948323b959cc5682,10e63f80462d8c370b091205b8f6d005,delivered,2017-07-25 20:38:52,2017-07-25 20:50:19,2017-07-27 14:17:35,2017-08-11 20:18:02,2017-08-28 00:00:00
e90521e4a0c9bf0152ce919b11442d99,0a609dd8db7a72373f02ac17f3202516,delivered,2017-06-24 22:33:38,2017-06-24 22:42:50,2017-06-26 16:54:57,2017-07-03 08:12:00,2017-07-27 00:00:00
2d7312746088a0bd8d60f8db6c6fcb46,370da8bc336d0b2d5bc884e65bff4c68,delivered,2017-03-31 17:02:20,2017-03-31 17:10:16,2017-04-03 15:50:12,2017-04-22 06:14:36,2017-04-25 00:00:00
79cbf4d951de5535d9b05fd415ebe9ef,f1c0c55b64e90f509f8c8fe78d25bc71,delivered,2017-06-24 11:50:23,2017-06-24 12:34:59,2017-06-26 17:03:39,2017-07-12 21:26:36,2017-07-24 00:00:00
7dc42eb6de5f2be1c800534aa6f8a778,75468b1556d284aae0e3b57fb4eab7df,delivered,2017-12-29 08:09:27,2017-12-29 08:27:34,2018-01-05 21:03:58,2018-01-19 23:48:59,2018-01-26 00:00:00
15f87e8764a5e47beae5ebd7eb815397,011ec289931a2dddb4a0e40191748b3c,delivered,2018-02-28 20:29:52,2018-03-01 02:48:54,2018-03-02 21:56:50,2018-03-05 12:13:34,2018-03-13 00:00:00
2276cb7758bd76c104cd5a3971f47e9e,9891fa5f230a468c896c05e09509b451,delivered,2018-04-09 15:00:57,2018-04-09 15:15:21,2018-04-10 18:22:38,2018-04-16 17:48:22,2018-05-10 00:00:00
2a9acc818cc4e94fd11325509013b433,563c88d60cdaa237cb6e9eb0e291bbd6,delivered,2018-08-14 08:34:50,2018-08-14 08:45:18,2018-08-14 16:37:00,2018-08-18 13:46:50,2018-08-28 00:00:00
a33e332399ed231007a28d4fdac21158,8e5cf16a327fd2551d1a7ce0a5bd9f30,delivered,2017-10-10 11:37:45,2017-10-10 11:49:35,2017-10-11 19:54:05,2017-10-18 00:08:06,2017-10-27 00:00:00
4511808da5e0e3085995a9734ea693a6,f87daeee183d98a74622d6f901f5aba1,delivered,2018-01-06 19:11:04,2018-01-06 19:19:21,2018-01-11 01:06:04,2018-01-17 16:52:03,2018-02-01 00:00:00
efd4b23521a036f85f700bc5cb8fe971,29faa8c473b12f62ab8f783c18fca3a9,delivered,2018-04-22 19:50:09,2018-04-24 18:14:36,2018-04-23 21:56:43,2018-04-30 19:54:50,2018-05-08 00:00:00
61e23a6264d97339d6e7f3d113582713,e07317728c676686faedfe41304c7fbd,delivered,2018-08-18 01:02:33,2018-08-21 04:10:38,2018-08-21 14:20:00,2018-08-28 17:21:15,2018-09-11 00:00:00
b2ff3ece711737a6009cbb7513ab9ac4,2ff94475324cba16890704450f6eabc9,delivered,2018-06-26 00:05:15,2018-06-26 00:57:40,2018-06-27 09:32:00,2018-07-03 02:27:52,2018-07-26 00:00:00
a90afb6b2b3258b9dfc870b1b8e8acf9,405ba2f314130555564c47a8e72c5488,delivered,2018-01-14 19:56:58,2018-01-16 17:13:34,2018-01-17 17:22:27,2018-01-30 21:28:55,2018-02-16 00:00:00
d79acd725bc4a0f28c6b42a9471d783e,2fbc8b0a61f041665380a5a931b321a5,delivered,2018-04-02 12:09:49,2018-04-02 12:28:37,2018-04-03 19:47:15,2018-04-06 21:04:23,2018-04-18 00:00:00
d802b8adcfb2cc03772c0645c9257a4a,79ebb74bcfcaf62a7231989dc05cf593,delivered,2018-08-06 11:28:35,2018-08-06 11:44:24,2018-08-07 10:58:00,2018-08-16 16:41:47,2018-08-30 00:00:00
299a083b6bd82294402dfa7d0df9980c,8b86ea1169fb96d2658eac99258284f2,delivered,2018-03-21 10:01:08,2018-03-21 10:10:37,2018-03-22 23:25:52,2018-04-04 18:48:47,2018-04-12 00:00:00
d0c2b14d5be05ca86f4863c0b0d3a987,30896c84e8d1a0305ed954baf6d7bf77,delivered,2017-05-18 12:48:39,2017-05-19 02:30:38,2017-05-19 15:37:09,2017-05-22 17:51:56,2017-05-31 00:00:00
a2cc46310eb1cf60d0032c6c78443368,63f7aa07b0f29e88dcc81b0b18853618,delivered,2017-12-03 11:30:36,2017-12-03 11:37:31,2017-12-04 10:53:27,2017-12-11 22:44:53,2017-12-27 00:00:00
4dcd791c3c9b8f462aafe31901e34826,b10e79e34f69dcc8f2c85d5cd6873795,delivered,2017-05-07 18:46:03,2017-05-07 19:01:53,2017-05-09 07:56:46,2017-05-12 12:46:49,2017-05-22 00:00:00
cf46aedfff0210c6a74eb6252fe3a631,57cc2720e045bc7e62abdfcb9f23f643,delivered,2018-01-14 19:37:17,2018-01-16 03:39:57,2018-01-22 14:17:25,2018-01-23 18:51:40,2018-01-30 00:00:00
30c03e784f1c82b58bdbdf321132067f,e1892c28d1493eb6be3661e8daea168f,shipped,2017-07-16 14:44:13,2017-07-16 14:55:07,2017-07-20 18:03:13,,2017-08-08 00:00:00
f5b3403a61cf8a308100863929f376a9,382ed284feca2ca4dc88196d0fb6b420,delivered,2018-07-10 13:20:17,2018-07-11 03:30:28,2018-07-11 15:31:00,2018-07-16 10:32:01,2018-07-31 00:00:00
97bfa91db4bea5977d7f4d5802d186b1,5e772b004f705143cc7b1930de75284b,delivered,2017-05-04 23:31:24,2017-05-04 23:45:07,2017-05-05 11:37:50,2017-05-15 15:41:39,2017-05-29 00:00:00
eb51a3baab302140a62ffd510647c546,69f3d5d216d99079f72ead4326908012,delivered,2018-02-25 10:43:07,2018-02-25 11:20:23,2018-02-27 16:33:16,2018-03-13 14:22:17,2018-03-19 00:00:00
230cb5ffb43a10662e4b64e7d02cd171,5f2f8ba9528293da66c5f14a559cdaa6,canceled,2018-07-31 14:24:39,2018-07-31 15:04:25,,,2018-08-08 00:00:00
8c7202d3273d8e64094815668d97a374,c6a3988a6cbcf5cc9c593b5151b7788f,delivered,2017-02-08 14:04:09,2017-02-10 02:43:19,2017-02-13 10:25:02,2017-02-20 10:34:00,2017-03-07 00:00:00
4918be3d76a4285405505a705b49d8c8,3421bd7491b7d9ddb3bc8c8e9261cc50,delivered,2017-12-24 23:38:23,2017-12-24 23:46:30,2017-12-27 00:35:17,2018-01-08 22:15:50,2018-01-26 00:00:00
c101cfbed640cb03705a030acd1153de,b768e81b4204142272b0a8a1d66bb322,delivered,2017-11-24 08:47:09,2017-11-24 09:51:57,2017-11-27 18:18:14,2017-12-12 18:59:06,2017-12-15 00:00:00
9dcd7a1aafd5c28e17364a7f52ede762,656a9fd1bef518174034482b2af7fa50,delivered,2018-05-04 08:42:28,2018-05-04 08:55:20,2018-05-04 14:12:00,2018-05-08 20:18:57,2018-05-25 00:00:00
90b3ad8bf9574cb0d847fca8a31bdb75,537d5750de69a9a4f8d1cbe5652bdd17,delivered,2018-06-11 11:11:00,2018-06-11 11:39:44,2018-06-11 14:56:00,2018-07-01 16:32:53,2018-07-04 00:00:00
284d6741506f9b2791aacfb14b53c525,1ba27dd3d21d68e40a49916af05cafef,delivered,2017-06-24 13:43:54,2017-06-24 13:55:15,2017-06-26 15:16:38,2017-07-10 18:54:43,2017-07-20 00:00:00
76a999805013581d028d7f8f8202dfb0,876f9a6c202666e676262ce4e5225dd1,delivered,2018-03-13 13:31:24,2018-03-13 13:48:30,2018-03-13 23:18:45,2018-03-17 01:48:46,2018-03-23 00:00:00
5077d279a7a371e5e70eae983cb3bccf,bd07f957967b0f67e147585478c3f2c0,delivered,2018-04-25 06:11:28,2018-04-25 06:30:56,2018-04-25 13:48:00,2018-05-05 01:08:34,2018-05-17 00:00:00
256d7c10e54af14e81340da966349b3f,066e5acdd1a429b05b4bcb0c8f8273d3,delivered,2018-05-13 21:50:26,2018-05-13 22:13:35,2018-05-15 10:44:00,2018-05-21 20:04:53,2018-06-04 00:00:00
0629771ee9bc4f49e6d2fb6d637f00a7,b425056573e43472de6a94a4327f3cc4,delivered,2018-04-12 19:30:55,2018-04-13 13:14:23,2018-04-13 22:06:56,2018-04-20 22:03:03,2018-05-08 00:00:00
64a6930359fc275c86dcadea2086895c,01de8fdab9ccb256665253dab73c1509,delivered,2017-03-27 19:22:16,2017-03-27 19:35:23,2017-03-28 14:35:32,2017-04-07 14:25:35,2017-04-26 00:00:00
319ccdc182a8c5d60b228310a6432460,f9e8bac3b69529d543bf179ce64ca6d7,delivered,2017-01-22 16:03:50,2017-01-22 16:15:20,2017-01-26 12:06:47,2017-02-01 12:32:27,2017-02-20 00:00:00
541bb2ccd254b84fbaabf01e82324cb0,51b1df4fa4d7ae06535610dbf5e2176a,delivered,2017-10-06 16:09:48,2017-10-06 16:26:23,2017-10-09 19:13:32,2017-11-07 17:02:28,2017-11-07 00:00:00
940e9dfa68e117c7227f0f20cb1bd2af,de9bdaac8c69af8c5b5be278f8b69b93,delivered,2018-08-13 10:58:55,2018-08-13 11:10:10,2018-08-14 14:16:00,2018-08-17 16:48:26,2018-08-24 00:00:00
cd16f813564f0f00a030ac0b273958ec,30b882d792e7c674b96146e7a4854316,delivered,2017-08-10 01:03:27,2017-08-10 01:34:12,2017-08-10 20:03:08,2017-08-18 21:51:20,2017-09-01 00:00:00
bd7311457afeb962da1655881b558a1e,382052b8a8ad938d68c48bf1685b9d67,delivered,2018-02-17 23:05:57,2018-02-17 23:15:44,2018-02-21 00:35:13,2018-03-07 15:07:15,2018-03-19 00:00:00
ebdf9151853ce53a5b0606bcaecfa496,3693addb34dbece0338f511bf16bb99f,delivered,2018-02-11 16:39:25,2018-02-15 04:10:57,2018-02-15 22:41:44,2018-02-21 18:34:14,2018-03-05 00:00:00
24856b1405c00060240a744e82838266,0ba31c6990ca00aca5d0818cd491013c,delivered,2018-03-26 15:35:45,2018-03-26 15:48:27,2018-03-28 12:19:09,2018-04-05 17:44:23,2018-04-17 00:00:00
d3476282f08ffd2be3c9a7aeae6086b2,dce7853078903a15951e0eaa64fd7359,delivered,2018-02-19 21:38:38,2018-02-20 21:30:28,2018-02-22 22:13:31,2018-03-09 20:57:45,2018-03-12 00:00:00
36171c1a53103b4062540c678efb379b,7fa203a025a78fcfa280dde33ca994cc,delivered,2018-01-25 12:18:27,2018-01-26 03:16:45,2018-01-26 20:58:47,2018-01-28 12:47:51,2018-02-09 00:00:00
b01d2b10f2ee7aa7aad90c41c372e2b2,cdd6b7850934e9ef0662f077d0d94671,delivered,2017-10-22 12:00:02,2017-10-23 12:14:11,2017-10-30 20:22:19,2017-11-03 18:22:45,2017-11-09 00:00:00
778ecbd9f15071b1fdcb6047e26a6acd,84d90b451172327d44d8f0873241e853,delivered,2018-07-19 16:55:50,2018-07-19 17:05:30,2018-07-20 14:42:00,2018-07-23 18:51:01,2018-08-02 00:00:00
400d97d7e7ea05ffb7cbe05507ceee5a,d30fcd6765345deae1e9bfb00cfc1068,delivered,2018-06-27 19:02:30,2018-06-27 19:11:58,2018-06-28 12:14:00,2018-06-29 17:03:43,2018-07-12 00:00:00
22a4e269c7e62e9aab7536d9f1180d09,4d132450980ea1d6d7d7ba282e4c7626,delivered,2018-06-11 08:33:53,2018-06-11 08:58:13,2018-06-12 15:24:00,2018-06-21 16:26:49,2018-06-29 00:00:00
e73c844f36e48f6d0cc8ae6b97a6176a,eb306b242f7bf44f262523b29c0f5883,delivered,2017-04-04 14:49:25,2017-04-04 15:05:15,2017-04-05 14:13:08,2017-04-17 13:58:03,2017-05-02 00:00:00
1f32e76e92fc0ebf756639dad26ebaa9,f4dd96cb420c457ddfe5059609035b9f,delivered,2017-07-05 13:39:22,2017-07-07 02:46:03,2017-07-07 17:59:52,2017-07-10 19:57:28,2017-07-19 00:00:00
d9374184c685550085112ae190d8f9c0,681e1722bde7781f6fba4cb385af0ba5,delivered,2017-06-14 15:29:08,2017-06-15 15:25:10,2017-07-07 16:09:32,2017-07-31 18:22:54,2017-07-17 00:00:00
95aea1bd0c0c6fc2b84567b86c270a3d,b6d19ed0a631e2f208333b2deb9e792c,delivered,2017-07-30 20:00:48,2017-07-30 20:23:33,2017-08-01 15:37:35,2017-08-07 20:39:53,2017-09-01 00:00:00
d2709c18f4c1ab5ff4663b1e5a2ea477,549892b83bc7e46e003b80a50affc103,delivered,2018-01-19 07:58:46,2018-01-19 08:15:41,2018-01-23 00:12:15,2018-01-29 17:24:57,2018-02-20 00:00:00
f1a325f15bbf16509adf17167330a905,6b6250301e22444b703a4d0c5c9c099c,delivered,2017-09-23 12:30:56,2017-09-23 15:15:14,2017-09-26 00:11:43,2017-10-05 18:43:04,2017-10-18 00:00:00
2276cb38c742033aac3f4a4d67b57ab3,39ecef3d8a542ee6b91e7bfd7e9a6b87,delivered,2016-10-06 17:42:49,2016-10-06 18:11:59,2016-10-30 11:38:48,2016-10-31 11:38:48,2016-11-30 00:00:00
0b3457e0c4ca3f53aed80917d932b787,b59e5cd1348f825f57941afe947635dd,delivered,2018-04-04 08:17:28,2018-04-06 03:15:38,2018-04-07 00:56:33,2018-04-14 17:12:20,2018-04-27 00:00:00
b6de63fa8c62aeba6eb781539030a825,ef2c16de41a7b62247246cf07d66616e,delivered,2018-02-23 17:28:36,2018-02-23 17:49:30,2018-02-27 16:42:56,2018-03-28 18:34:53,2018-03-16 00:00:00
91c52e15672343c61768b4d10597eea8,56d6226f23b849ac14f6386041dc492e,delivered,2017-01-29 18:35:23,2017-01-29 19:31:06,2017-02-02 13:56:33,2017-02-08 11:32:48,2017-03-17 00:00:00
9f23214f021883350f10518588c2ad74,f2dd08d67a0f435788ea8ed3e5225590,delivered,2018-03-28 00:32:25,2018-03-29 18:35:47,2018-04-04 11:44:47,2018-05-03 21:04:09,2018-05-09 00:00:00
d8711cd641288f4e2e1a84dc3c6ade21,2136055ed9bb96ae2c2a47e727f791ae,delivered,2017-07-25 16:39:25,2017-07-25 16:50:19,2017-07-28 20:39:45,2017-07-31 20:32:58,2017-08-09 00:00:00
cd7af87d109a2d47a87bdfc23a259052,f420ea368e90d1796c8a75c5a65f431e,delivered,2017-12-09 19:15:30,2017-12-11 10:31:44,2017-12-15 00:14:47,2018-01-15 15:49:05,2018-01-12 00:00:00
061abe3150d5be34c25d2d6055a88575,49ac285378c4259393ffdde8471df62f,delivered,2017-07-30 19:43:25,2017-07-31 19:35:14,2017-08-03 15:36:44,2017-08-16 19:13:26,2017-09-01 00:00:00
4596e478534478a8bf0c5f7ca972aa1a,dc1834da069ea08c451cbb03961ee644,delivered,2017-04-28 20:43:59,2017-04-28 20:55:19,2017-05-04 13:08:14,2017-05-09 15:52:24,2017-05-24 00:00:00
ab7668e66b0f2053a4ba0baec415d511,9a19695e6d81c0eddda784a2026b70cb,delivered,2017-10-05 09:45:38,2017-10-07 02:25:08,2017-10-10 21:33:56,2017-10-21 14:53:37,2017-11-06 00:00:00
8571f5b695cac36f5124691c0e102b41,2d83c00c8752a076653bf562c2530ac8,delivered,2017-08-23 15:51:20,2017-08-23 16:07:39,2017-08-24 21:44:56,2017-08-28 16:52:21,2017-09-05 00:00:00
b030a71673f17a9eebed29d9a7dfa2d8,276d837f05f017a708409066dff401a8,delivered,2017-10-11 19:36:31,2017-10-11 19:49:12,2017-10-13 14:27:55,2017-10-16 12:37:56,2017-10-24 00:00:00
9c62704f17ec0709183bec5c8695f34a,e17515c60c24f140cad7e6bf1f818e77,delivered,2018-01-17 19:29:49,2018-01-17 19:49:51,2018-01-18 22:48:40,2018-01-20 16:57:48,2018-02-07 00:00:00
c5732e63477fd9b1c12f62ad4472fc6c,3dfe77e7e9e11249eab5f54ff0c8e26d,delivered,2018-01-18 01:16:32,2018-01-18 01:30:54,2018-01-19 20:46:50,2018-02-16 17:47:06,2018-03-12 00:00:00
15575c6a363e9f5da19a7b7f364976a1,779b194af1ede0fd0747dcadd6de76d8,delivered,2017-11-20 22:20:55,2017-11-20 22:33:49,2017-11-22 21:38:35,2017-11-30 22:41:39,2017-12-19 00:00:00
3304c0c857a9c77a201a551f5a3cacb8,5a47dac0d86df8b85578ff714c28b4f3,delivered,2017-05-04 12:57:21,2017-05-04 13:10:46,2017-05-05 11:50:12,2017-05-08 10:27:31,2017-05-25 00:00:00
3282779fe3b8973d9139f7b8fd8e22c0,43cb5af4ad1ccd528624f1a67ed52d50,delivered,2018-08-15 17:34:38,2018-08-15 17:45:24,2018-08-17 16:47:00,2018-08-21 01:22:56,2018-08-23 00:00:00
34d981c2cff2bb39afd6bb3f424c2173,d3775d8d2c341f2d6d1e52ec4218b607,shipped,2018-06-04 19:34:00,2018-06-05 14:31:47,2018-06-06 15:47:00,,2018-07-19 00:00:00
c456339d894d329ad45d39e3d6796b90,7fb62e47282b83f023cf1fef8d8309c9,delivered,2017-10-17 21:50:00,2017-10-17 22:05:18,2017-10-18 22:03:58,2017-10-19 11:57:46,2017-10-27 00:00:00
9f2092eca1ec4584dd2b7ccea8fdf0b4,f8dbb4dbff56646bce76b5929e83cc7c,delivered,2017-12-06 13:36:17,2017-12-06 13:50:46,2017-12-07 00:04:57,2017-12-14 22:52:31,2017-12-29 00:00:00
9065f0f184de06fb424d560a65588041,cabbd0a88757abe83b169e538a0075a0,delivered,2017-06-22 15:53:28,2017-06-22 16:05:25,2017-06-23 12:05:45,2017-06-27 12:32:32,2017-07-05 00:00:00
77f1ce3b8d86fff49b9c811f00f4dc13,7df771c7ffd3c5162105a5255e625d8a,delivered,2018-02-22 12:33:43,2018-02-22 12:48:40,2018-02-23 17:27:16,2018-05-30 23:50:44,2018-03-21 00:00:00
77ef3216467887c78ddec18de86a58b9,15e8864e8fee53b6d9741f1a084a1007,delivered,2018-07-18 18:25:54,2018-07-20 05:05:08,2018-07-20 15:02:00,2018-07-31 21:54:43,2018-08-03 00:00:00
f9343167f98d74b2f82a3cfb3d6b880d,2716c83697c166617d8844a4bcde50e3,delivered,2018-06-02 18:03:22,2018-06-05 04:15:11,2018-06-05 12:34:00,2018-06-11 19:13:18,2018-07-05 00:00:00
a74e20d8cad4ae7bedf7ec5e8dd55c75,3d5ec0c227f2ed9de5fa6d9ac438d350,delivered,2018-06-11 17:45:17,2018-06-12 18:08:09,2018-06-13 14:29:00,2018-06-22 13:27:38,2018-06-28 00:00:00
dd43808dd9194cb01cc2f50bef6092a4,7a0512170b6b35f50a4a604cba1f5ed0,delivered,2018-07-26 12:43:57,2018-07-26 13:04:17,2018-07-30 10:35:00,2018-08-09 16:12:52,2018-08-22 00:00:00
63e6d960f6bda4b21e30d30c6fb975d8,92783a547d933b2fcce1f331d369d324,delivered,2018-03-19 13:23:15,2018-03-19 13:35:36,2018-03-20 20:33:14,2018-03-26 20:42:20,2018-04-10 00:00:00
918c8964de139753f073e73843b677af,11e53b58a98a3808507765f001e0b972,delivered,2018-03-15 08:30:32,2018-03-16 03:50:18,2018-03-16 19:54:36,2018-03-22 21:36:34,2018-04-05 00:00:00
081857a1fe99545a55e83b3b1e8a8ce0,3f942b4762a240bbefcc1ab22b83bfcc,delivered,2018-04-19 23:10:25,2018-04-20 04:51:39,2018-04-20 19:07:42,2018-05-02 18:47:39,2018-05-25 00:00:00
fba03e479515f8c1325bb25a8704418c,b6d487c7ca055e980a212615f456ece3,delivered,2017-12-14 00:27:33,2017-12-14 00:35:30,2017-12-14 17:18:57,2017-12-27 16:42:20,2018-01-11 00:00:00
e2c9f858f7f4d4291add68fd7fcf8090,250d070dccc06bf15a6e4e2f2b1b5870,delivered,2017-10-27 23:57:47,2017-10-30 16:31:54,2017-11-06 11:51:08,2017-11-09 18:46:30,2017-12-08 00:00:00
b00122d54463704c33f4768470c6db03,0cd43fdae479c385b043dcbe71f99bbf,delivered,2018-01-03 19:00:56,2018-01-04 16:50:29,2018-01-05 22:58:09,2018-01-16 01:22:16,2018-02-01 00:00:00
0352646a95973b0e19127d2b6a6fb6db,964774f215ba0b9375ea15b85fe87f3e,delivered,2017-12-27 20:12:02,2017-12-27 20:19:25,2018-01-17 20:28:11,2018-01-31 23:36:43,2018-02-05 00:00:00
87649d1e24dd22384132f1deb135940e,35b76a23094463a80bd6f5ad1f2eb8d8,delivered,2018-02-07 09:19:05,2018-02-07 09:31:35,2018-02-07 18:16:34,2018-02-22 17:35:50,2018-03-14 00:00:00
a5049397ce179d0a0b31a46211fad358,a84d957fb58ef44bf240ab360e917fb8,delivered,2018-01-13 10:56:27,2018-01-14 10:49:43,2018-01-15 17:42:36,2018-01-16 20:43:39,2018-01-30 00:00:00
24b53730781f4921d543c4683b26c072,d71c1740fb0546da670a5c92e4aa0feb,delivered,2017-11-05 19:07:02,2017-11-05 19:26:10,2017-11-06 21:06:30,2017-11-14 19:12:02,2017-11-29 00:00:00
4d3acbe72723c00c24fdbf452160d13b,3bf56fc92ac737837d5f7975c335e01c,delivered,2017-05-19 15:09:17,2017-05-19 15:22:32,2017-05-25 08:43:23,2017-05-29 15:49:58,2017-06-14 00:00:00
d7d8ca5f25aac4f5efce2a0dc6133672,8a19df887008d330bdd7aad269118f79,delivered,2017-02-03 18:43:37,2017-02-03 18:55:11,2017-02-06 13:29:48,2017-02-20 12:53:50,2017-03-20 00:00:00
de8f6de451fff81802c07436b095e52e,b1f1678b3d52d09769d35a9a3c1b200d,delivered,2017-10-17 23:36:08,2017-10-19 02:49:45,2017-10-19 18:48:09,2017-10-31 21:37:46,2017-11-08 00:00:00
4ae41a4932898dbf49f39d10745ba16f,82f7651d498a901c651f2aea61b7262e,delivered,2018-08-17 19:58:50,2018-08-17 20:10:14,2018-08-20 14:46:00,2018-08-21 17:21:06,2018-08-28 00:00:00
9a2e51589ecc5ce80f0403a55a8f789c,b36a279ac785c46a2207c976a283040b,delivered,2018-07-30 08:49:33,2018-07-30 18:31:02,2018-07-31 08:40:00,2018-08-07 15:03:17,2018-08-16 00:00:00
e30a7c7a102b26de0c86e424f9eada78,c21ba0e1437939ee2572b055ac33a307,delivered,2017-09-24 18:37:18,2017-09-24 18:50:10,2017-09-26 11:44:31,2017-10-05 18:58:48,2017-10-17 00:00:00
a9cd27fff067ca1c5289e063ba082022,9a75daee12fce99fae956e8ae373e99c,delivered,2018-07-17 21:38:55,2018-07-18 21:35:24,2018-07-19 11:29:00,2018-07-21 00:22:27,2018-07-27 00:00:00
72ef7195413663ba7dbe40abbdf02617,c2fde72b6ea882174c3b30c61bd65ebd,delivered,2017-04-12 18:02:52,2017-04-12 18:15:09,2017-04-17 14:47:12,2017-04-20 12:36:55,2017-05-04 00:00:00
40037fd9de94c4d8a594844dd35b52c2,a9cf2d516b52eff855210976c7fd1772,delivered,2017-03-22 19:07:16,2017-03-24 02:43:59,2017-03-24 12:52:24,2017-03-31 20:13:55,2017-04-12 00:00:00
f2664c7a8066f3a82b36c7c8f916eab4,ad5f23d9b1bace5cd40bb06d67f0f58f,delivered,2017-08-04 20:50:47,2017-08-04 21:05:18,2017-08-07 20:32:47,2017-08-23 18:57:39,2017-09-01 00:00:00
adf57a7b23c7c3f88e98a2fe2c22fcef,0ee5ffdc9a611f0100258012cb35ffef,delivered,2018-06-12 21:24:00,2018-06-12 21:43:15,2018-06-14 15:12:00,2018-06-19 17:58:43,2018-07-11 00:00:00
3867580ea8e69d938d45ac7203bf6a61,7ab0fb5974a66f9941487996e432d728,delivered,2018-04-30 19:42:26,2018-05-01 02:37:59,2018-05-02 16:03:00,2018-05-18 01:58:27,2018-06-01 00:00:00
c31f5afc2aa6a048ea1d0f84afd0b762,c79d43c929338d5bbc433d57acc3d456,delivered,2017-10-11 11:41:40,2017-10-12 11:49:18,2017-10-16 21:21:42,2017-10-17 16:27:31,2017-10-24 00:00:00
19862cd4c12c9f52dce9cdb8df1af979,c873e267df51084e4778687cdad0c774,delivered,2018-05-05 21:37:55,2018-05-05 21:50:50,2018-05-08 10:21:00,2018-05-09 17:48:52,2018-05-18 00:00:00
2452a055c236acef27397590cf35f737,dc08b3b53ce8c2f1740f64b4c560f4ac,delivered,2018-06-13 18:15:46,2018-06-14 02:17:36,2018-06-14 14:15:00,2018-06-15 17:51:09,2018-06-25 00:00:00
fb48412e17956a7f4696c7724d60f330,872a25f014b99c4c17341cd9ad0d468f,delivered,2017-07-09 17:49:06,2017-07-09 18:03:12,2017-07-11 12:59:36,2017-07-17 18:13:44,2017-07-28 00:00:00
19e985f2f060675c813b7c9d094cbe07,899adc6970ba5932f40b7e42b465d933,delivered,2017-03-08 09:48:14,2017-03-09 09:44:10,2017-03-17 14:58:02,2017-04-05 16:10:06,2017-04-13 00:00:00
1ff2e9584155b7fe38ee7718f5cd6ed7,fdf56ce840be0fb884b3b02c6f6e7ebc,delivered,2018-01-19 11:13:14,2018-01-19 11:36:12,2018-01-23 23:39:06,2018-02-07 21:05:50,2018-02-21 00:00:00
933824572e25f2482e2b59e73b1c9858,0f5a50334bda1f5cd66df24f8c4787ab,delivered,2018-07-04 22:45:03,2018-07-05 16:13:04,2018-07-05 10:21:00,2018-07-11 19:08:27,2018-08-06 00:00:00
6b2db6289d13d627596a319150551fe2,bd466b03300d3a0d924ecd7c7121a784,delivered,2018-07-02 21:45:27,2018-07-02 22:10:35,2018-07-03 08:01:00,2018-07-11 22:31:58,2018-07-24 00:00:00
4faa39a0be8eecc06da4367b6ed2757e,ace99095377fd73ab9b5e642fcdae97f,delivered,2017-12-06 12:31:22,2017-12-06 12:38:31,2017-12-06 23:42:00,2017-12-14 22:42:19,2018-01-09 00:00:00
a247dd396d56ff49f7b4f4b8f9139f5c,478e996ead8acef6cd1116876dc60d14,delivered,2018-02-25 09:25:40,2018-02-25 09:48:24,2018-03-15 21:51:19,2018-03-18 20:19:30,2018-03-26 00:00:00
b8e11074d7fd4b6123ebcc4af964381c,deec229612812deca98cf48ee50e5922,delivered,2018-08-14 22:51:23,2018-08-15 03:35:22,2018-08-20 11:39:00,2018-08-23 16:24:48,2018-08-28 00:00:00
09ff9d4a5ba285dcea027de9e7c3adba,a883d37662d991238399a99208034bf2,delivered,2017-07-04 10:38:22,2017-07-04 10:50:17,2017-07-04 15:28:26,2017-07-07 18:33:21,2017-07-24 00:00:00
5cd1f67d76b653cb354391539321edf4,3bf2b91d6c9c0933d394da0b929d6226,delivered,2018-08-26 18:28:36,2018-08-27 11:25:11,2018-08-27 12:05:00,2018-08-28 21:46:48,2018-08-31 00:00:00
d7b9c4908a586d159712be1c7142903b,d9fa3536203bde0f33d22c61326df332,delivered,2017-12-22 04:29:08,2017-12-23 02:15:22,2018-01-15 16:33:31,2018-01-24 15:13:36,2018-02-15 00:00:00
dc7997edb72a765e7b39dbb9be3a63a2,ef3a66154372e62de501a93651f293da,delivered,2018-05-05 15:16:04,2018-05-05 15:33:15,2018-05-07 15:22:00,2018-05-08 20:28:49,2018-05-18 00:00:00
4fcde2536e61edddfbf8d3be91b70eec,579b9c047a10c44f35aa4486c0536bbe,delivered,2017-07-19 12:07:16,2017-07-19 12:23:13,2017-07-20 15:57:35,2017-08-14 19:45:50,2017-08-18 00:00:00
e1e5a84a3748808d3ff0dcb4b58ac5dd,070571ebd72c8abf80e793aa0faa32f8,delivered,2018-05-19 20:40:42,2018-05-20 00:23:31,2018-05-21 13:57:00,2018-05-22 13:58:45,2018-06-13 00:00:00
eea61355af8b855cb3b052efc66b588c,16954e328eb60c928b51850c43b50066,delivered,2018-08-07 16:28:00,2018-08-07 16:44:53,2018-08-09 16:12:00,2018-08-10 13:26:44,2018-08-14 00:00:00
0bfdd5142412ff5070415391f78d3cf9,22daf6df7eb403c07f9185ca3851a9b7,delivered,2017-04-14 17:03:06,2017-04-14 17:15:15,2017-04-17 14:28:13,2017-05-04 16:25:44,2017-05-10 00:00:00
1221c36a98cc5135bd2a4933f8512c47,b67ea8e4735c05c260e626faa70ad340,delivered,2017-03-09 16:02:27,2017-03-09 16:02:27,2017-03-13 09:55:16,2017-03-22 15:36:19,2017-03-30 00:00:00
6e68d4f670783e41ced4e82d14debce9,6d4771e7b12516d2f6b98a6efcd88fc7,delivered,2017-01-31 17:15:33,2017-02-02 17:10:21,2017-02-06 09:38:07,2017-02-10 14:53:49,2017-03-03 00:00:00
1b20ddca2df7b609d3847389ab9dae74,6fcf97197c5a7f107a6057e93247bff0,delivered,2018-02-14 14:37:42,2018-02-14 14:48:00,2018-02-19 16:14:13,2018-03-02 14:16:47,2018-03-09 00:00:00
615e1dea1409a7cbeae7afc1bf75c305,84033f39d35b5c80c734e62cf0e7b586,delivered,2018-04-19 14:14:48,2018-04-20 07:10:51,2018-04-20 21:04:27,2018-05-11 21:37:26,2018-05-24 00:00:00
8bb46e03bff515e6fceb90c2185880a9,4593a3eea21017c68c24e20ccb25f38a,delivered,2018-04-03 14:02:35,2018-04-03 14:15:24,2018-04-04 18:42:15,2018-04-05 19:48:28,2018-04-18 00:00:00
b198ccd6b70f2462922861e8c5a571cf,2f0aebcd82ba332e4031d14fab704ed9,delivered,2018-08-10 11:48:43,2018-08-11 14:55:20,2018-08-13 20:07:00,2018-08-17 18:16:53,2018-08-27 00:00:00
ee8901b336ba6d83efea88efc3aeca49,cae6796042db16178715255a22500a32,delivered,2017-09-26 13:23:57,2017-09-26 13:35:22,2017-09-29 18:15:19,2017-10-06 20:08:58,2017-10-26 00:00:00
38ac62af1b354671501c9bbfc55bf187,d14a98aaff22268ebdcbcd6acb7161be,delivered,2018-02-02 12:15:33,2018-02-03 02:53:24,2018-02-27 22:51:34,2018-03-06 19:35:44,2018-03-23 00:00:00
7797a381b974bc0ac41437132b2cb19f,a63df53f5e6b3799d5f2b9782387d564,shipped,2018-04-17 00:37:46,2018-04-17 00:50:20,2018-04-20 01:18:30,,2018-06-01 00:00:00
170dcd772ea4f51c3a859f9beef5d297,49173fd28a263996bc1d69b301aad528,delivered,2017-09-04 20:39:06,2017-09-06 15:55:16,2017-09-11 19:38:52,2017-09-18 20:44:28,2017-09-26 00:00:00
b1442c6b35c5a2551a41ac13f2624b10,8edb5fc64d0164779ea9fdc298113cf7,delivered,2018-01-18 00:40:53,2018-01-18 00:51:11,2018-01-20 00:12:47,2018-02-06 15:04:43,2018-02-15 00:00:00
53bc886b1ad60443b3169542b7947f3b,81d8e3b6ba54d1dcc3f78a4099d2a192,delivered,2018-07-26 16:08:40,2018-07-27 02:10:47,2018-07-27 13:45:00,2018-08-03 19:34:29,2018-08-13 00:00:00
e9fd118cfbbc3ee32e556d653625271f,5f870c404cc888022b6366af6219fbb7,delivered,2018-03-29 21:53:28,2018-03-31 14:27:20,2018-04-02 16:13:36,2018-04-03 18:52:52,2018-04-18 00:00:00
ee001aa82afcebbc4d2cdc1214cf276b,ff867639e5f7ca1f857b05dd3aaac021,delivered,2017-12-07 14:11:04,2017-12-07 15:29:30,2017-12-11 13:10:19,2017-12-13 15:58:43,2017-12-26 00:00:00
126e645df0c526ccbc4b5561c91feb56,b5653ab4c41ba71e717a95be08dc31dd,delivered,2017-08-25 14:53:14,2017-08-26 15:04:21,2017-08-28 18:16:30,2017-08-31 19:53:07,2017-09-19 00:00:00
3b0e2a09a2ba5ae468fee216d5cd1a22,afac7ff50ffd18212de3818f997d9f63,delivered,2017-04-08 20:44:36,2017-04-11 04:02:01,2017-04-18 17:00:03,2017-05-06 06:49:57,2017-05-15 00:00:00
6b8dd07cb17dc25d9b06936cea822e90,d8c7a6e8f9e10ebb4c1fd2d31ffd485b,delivered,2017-04-11 15:59:58,2017-04-13 02:42:40,2017-04-13 13:42:49,2017-04-27 09:34:59,2017-05-05 00:00:00
3438da19facb0815f531bc3352447e29,d01595735e3e3c4d5fc7e3479c147c26,delivered,2018-04-15 20:59:12,2018-04-15 21:15:09,2018-04-17 20:06:24,2018-04-24 18:42:32,2018-05-09 00:00:00
0d41469b51221ce43524f07c73a94878,bdd18a912896b89d0d760816f8d09a4c,delivered,2018-04-16 12:18:43,2018-04-16 12:35:31,2018-04-20 14:45:39,2018-05-09 15:26:56,2018-05-23 00:00:00
beff862ded25ef1ad1087c93317e89f1,6c65e02bed0847d1ba27fc06e4032d5d,delivered,2018-05-05 18:07:13,2018-05-05 18:15:19,2018-05-08 12:27:00,2018-06-07 14:41:24,2018-05-29 00:00:00
d14639e8e6808119a16fde091d30b2d2,f9e5de2b9cdd6adc08fcf8a858a0c1a1,delivered,2017-06-11 13:29:42,2017-06-11 13:42:32,2017-06-13 15:02:02,2017-06-21 15:48:45,2017-07-11 00:00:00
6ff77ab4a4fe200c8684302532f8e2e0,5a7deacbb289cf8c806204f6b02fc0e5,delivered,2017-11-27 20:53:18,2017-11-27 21:04:23,2017-12-07 16:39:47,2017-12-28 11:28:50,2017-12-28 00:00:00
f50e54b63f3aef3514497d67977256f5,c6806b56d02b81f94a7579c5a8ed9363,delivered,2018-08-05 12:28:36,2018-08-05 12:44:15,2018-08-06 11:47:00,2018-08-07 17:35:18,2018-08-10 00:00:00
de74cb2fd733e35659ccfebf498ca02b,004937d0f9d6ce15c2830c00c2f482e5,delivered,2018-01-27 17:01:48,2018-01-27 17:17:10,2018-01-30 22:14:37,2018-02-21 12:08:56,2018-02-20 00:00:00
c5a6b3f14e7ccc01bd3cec98d73b7c42,ae741f089a165f8bb8b0737a6b903c33,invoiced,2017-11-20 18:19:04,2017-11-20 18:27:02,,,2017-12-12 00:00:00
830b06516f47e7336e2cb585284dfeda,83379feb9c6a054d1019e9a079775a3d,delivered,2018-06-20 10:05:55,2018-06-20 10:21:53,2018-07-05 15:03:00,2018-07-07 11:52:51,2018-07-13 00:00:00
2fb340dbc607498b2929f3f6b2a29fb4,3fbc35a0bb3ff10f1e36f7ed1a1da121,delivered,2017-07-02 02:26:30,2017-07-02 02:44:09,2017-07-03 14:32:38,2017-07-04 16:25:55,2017-07-14 00:00:00
9f451cb2b129195fb4006bfe9f9882ee,871055bd7d5ce8c492d02ad3ed010793,delivered,2018-02-13 00:19:51,2018-02-15 03:47:36,2018-02-15 22:05:14,2018-02-23 23:14:45,2018-03-09 00:00:00
97a1a97ba78cf7a92dcd42d2d9a7dd6c,9724f043fd2a731796ad831fdc95471c,delivered,2018-03-21 12:59:12,2018-03-21 13:10:33,2018-04-17 17:32:31,2018-04-18 17:26:37,2018-04-04 00:00:00
6711d32f6b3652ef28afeb71bcf586f3,3e9076ccb5adcbd5279603dd989c2f70,delivered,2018-08-05 11:59:59,2018-08-05 12:10:26,2018-08-13 11:53:00,2018-08-17 16:32:31,2018-08-31 00:00:00
7489466aa2aad065d81a6b70e516a562,8bcad790cb9a45f7cb07be9ed4765cd9,delivered,2017-02-01 11:42:15,2017-02-01 11:50:25,2017-02-03 11:06:16,2017-02-15 15:14:57,2017-03-10 00:00:00
e3234cd6072b07fce570475325d2ca5f,5d8ec993e080395927c305ceed2ca621,delivered,2018-05-04 10:36:42,2018-05-05 03:33:40,2018-05-07 14:28:00,2018-05-29 20:28:48,2018-06-01 00:00:00
070a62ae87136bfbe6ef6d0e2883cda5,6957a0b44d49ff48e3bb939fe3432f41,delivered,2018-06-23 19:34:03,2018-06-26 05:37:28,2018-07-23 14:05:00,2018-08-04 00:08:26,2018-08-09 00:00:00
3d7bbb0855485cbe41eca68eb774caeb,4232d226aaa704e6fbeba6ab06ca578e,delivered,2018-06-16 18:23:13,2018-06-16 18:37:24,2018-06-18 14:35:00,2018-06-25 17:31:21,2018-07-13 00:00:00
d5785b236c4f065f0ce6432814eee6d8,7afdc9c18520131dea27905ddd17695e,delivered,2018-02-09 13:48:29,2018-02-09 14:15:33,2018-02-16 13:45:19,2018-02-25 20:21:55,2018-03-06 00:00:00
0d0b7c65e71700ed5fe8ae8d2baac37b,ca1acfe5e122fab31e4609bbfd711b67,delivered,2018-02-04 22:14:40,2018-02-05 22:10:33,2018-02-06 21:45:47,2018-02-19 23:43:42,2018-03-07 00:00:00
1662797f04736ea5acb5de67d5672fcc,c82367a413b58dcccbad4eb8a50e8945,delivered,2018-03-16 19:39:14,2018-03-16 19:55:22,2018-03-19 19:51:55,2018-04-05 20:59:37,2018-04-05 00:00:00
4765a33a4ab50002a81f461694f64563,d50f7f68a99fb83deefa52745bc76961,delivered,2018-07-31 20:53:59,2018-07-31 21:31:32,2018-08-01 09:14:00,2018-08-06 19:37:46,2018-08-13 00:00:00
759ceb2a861358153b8c0727e3552c65,5f9c259ba6cfe5bc61908671c4455f70,delivered,2018-08-03 17:17:12,2018-08-03 18:00:07,2018-08-08 12:58:00,2018-08-13 17:18:49,2018-08-21 00:00:00
ff2af9c3633c70f37990bb59b0bed378,867fc3f851326da797d03c31e93717e9,delivered,2018-04-03 19:40:38,2018-04-03 19:50:18,2018-04-04 20:58:48,2018-04-05 21:58:55,2018-04-13 00:00:00
50d4fe343ec872ddb397502ccd3afeed,94779eaed3b9e3b1b2789fc6c1e0022a,delivered,2018-07-05 15:41:33,2018-07-05 16:35:31,2018-07-06 11:18:00,2018-07-12 12:03:01,2018-07-27 00:00:00
c439a063d60f29fa2a257b40cef5c379,fec991b4de20b2284f4c441df760a6ed,delivered,2017-09-26 22:22:38,2017-09-26 22:35:17,2017-09-27 12:52:15,2017-10-18 21:37:57,2017-11-07 00:00:00
1bd0359d89e511c3c49753133e831bb8,f75bc4f44ca718dcc8eff4ea5ab8e7ee,delivered,2017-10-14 10:58:20,2017-10-14 11:14:35,2017-10-17 10:55:10,2017-10-25 17:37:51,2017-11-29 00:00:00
4ecaa89890ac8e7f9735c36fa6663dea,9127563d037bc55fcab2dab414304436,delivered,2018-05-22 17:44:18,2018-05-22 18:37:08,2018-05-23 06:46:00,2018-06-06 19:58:26,2018-06-11 00:00:00
5a5896dc84244c4c26d3b06c22167422,bde0289b3e5c6b604b8367b261152c44,delivered,2018-04-29 00:53:51,2018-05-01 06:12:51,2018-05-02 15:21:00,2018-05-09 18:58:50,2018-06-01 00:00:00
72da473ce9c065b6b7120da52ad4ac02,927ed0be87912a8b3a9a1cf70e159219,delivered,2017-03-02 19:08:58,2017-03-02 19:22:06,2017-03-03 13:51:28,2017-03-07 16:00:43,2017-04-06 00:00:00
9d7df8739e1e4f14bec5bc3d090e1ab6,bf5ed97bec9672df528c128bc44f28ea,delivered,2017-12-13 19:30:39,2017-12-15 19:31:16,2017-12-18 21:07:16,2017-12-28 19:12:37,2018-01-11 00:00:00
d1ccf9110e914e714e76f6434142710f,ae43fa31e3049afec30101c2c05cf2fd,delivered,2018-05-03 17:36:45,2018-05-03 18:14:52,2018-05-04 09:17:00,2018-05-14 19:48:48,2018-06-05 00:00:00
9baa1fea77be1dc7d5ef2ad847110a14,cb32fe2aeb8e53ae62644d5afc5b2bc9,delivered,2017-08-05 13:31:17,2017-08-05 13:45:16,2017-08-10 17:48:07,2017-08-21 19:18:42,2017-09-18 00:00:00
294b367987f073eb316ecef17f1078a0,b2faeb7f4e8636d79e2059983c5e6cd0,unavailable,2017-09-22 10:00:20,2017-09-22 10:15:10,,,2017-10-19 00:00:00
473b38a35912884a11231cd5d0bfa5b0,b973f4a7f7d846d2a1d8d0ea0793e219,delivered,2017-12-02 17:29:19,2017-12-02 17:38:26,2017-12-06 22:22:18,2017-12-07 20:18:54,2017-12-21 00:00:00
e0bb8d950282b26db2d1090b296244fe,8defe1397196855efc5abc7f4a806bcb,delivered,2017-09-16 17:57:35,2017-09-16 18:10:16,2017-09-18 16:57:52,2017-09-25 18:23:32,2017-10-17 00:00:00
a66196d313e431749d0ac48fe827ab1b,ec9a7d378b0d04898043ca0bbd08da11,delivered,2018-08-18 19:00:55,2018-08-18 19:10:09,2018-08-27 11:37:00,2018-08-30 17:57:34,2018-09-19 00:00:00
d39cd8aec30c3829bad1c1b4194b4fd8,87c10876090200b63f130ffb699b2e82,delivered,2017-08-25 14:34:50,2017-08-25 14:45:50,2017-08-28 16:13:19,2017-09-05 22:37:39,2017-09-21 00:00:00
a768049a2510d97366b9493ac06571a3,bf0aad41259a64a31d5c0ad70cb7d664,delivered,2017-12-13 12:56:38,2017-12-13 13:12:06,2017-12-14 00:03:29,2017-12-19 00:43:25,2018-01-02 00:00:00
34dedd5cb5e0f12df565171392540a8f,ca501f1553445b00533c1596108fbc32,delivered,2018-01-12 17:31:07,2018-01-12 17:49:42,2018-01-15 20:36:45,2018-01-19 21:08:57,2018-02-09 00:00:00
789f80b9a080ec60edf11f458b268b01,14df7c5740124d76b693cda86ce46b86,delivered,2018-02-25 18:57:26,2018-02-25 19:27:46,2018-02-27 16:55:52,2018-03-01 19:05:02,2018-03-12 00:00:00
e6f4552718815a4804aec218dce78af3,6ebcc946fecf3e62b0af4168f99a5e9c,delivered,2018-08-03 10:00:14,2018-08-04 04:10:30,2018-08-04 09:11:00,2018-08-07 14:16:34,2018-08-13 00:00:00
4e83394be5549984fa381766d2e989da,e054ddeabd063a5f32a0f0ed5909deb0,delivered,2018-08-20 21:11:22,2018-08-21 04:10:25,2018-08-21 14:26:00,2018-08-22 21:08:30,2018-08-23 00:00:00
8288bb5ead7afd8740aab37dbc902214,dfa240e72bee78c1527a3b8165685fc2,delivered,2017-09-11 19:52:46,2017-09-11 20:05:20,2017-09-12 23:29:08,2017-09-18 12:18:41,2017-09-28 00:00:00
8193580d95dea97d43937711060b2846,4227cf6df4208d3ff1ce0aaa14e265a9,delivered,2017-11-09 11:20:34,2017-11-10 02:55:59,2017-11-14 21:22:54,2017-11-23 23:09:52,2017-12-05 00:00:00
27305b6f34b0b06a5323934d520c62b4,3bf731f03ad7f0f5dde64a331ff40354,delivered,2018-02-06 00:36:22,2018-02-06 00:50:05,2018-02-06 23:58:27,2018-02-28 12:37:06,2018-03-14 00:00:00
0700ebb6d2f93a025b6ba09074cb57c2,b28df93f277b995d67fd7b31e40a932e,delivered,2017-04-12 13:07:44,2017-04-12 13:22:38,2017-04-18 14:45:52,2017-04-27 06:51:34,2017-05-08 00:00:00
7e22f51e3776fdeb688dfb2af5bc7147,39183ddffd0caeebdcd53dcfd486e000,delivered,2018-04-23 22:57:05,2018-04-24 19:06:38,2018-04-25 16:15:00,2018-05-04 15:21:56,2018-05-21 00:00:00
1ec5c99642df4c4c2469179b48e0343b,1f052326d77ddba70bf6747a402e683a,delivered,2018-03-07 20:42:01,2018-03-08 14:29:00,2018-03-09 21:04:15,2018-03-20 20:48:33,2018-04-03 00:00:00
eabf14d3801fb19197cd5305f40fe8c7,273c6f662c38f1ede258db91b1a53f46,delivered,2018-01-28 15:48:58,2018-01-28 15:58:50,2018-01-29 20:29:01,2018-02-05 17:03:09,2018-02-22 00:00:00
2c293bd3c9f41735731112a36cbcaf81,b42845800e932aa00790fd8ef2bcfa57,delivered,2017-10-14 13:22:39,2017-10-14 13:49:26,2017-10-17 17:19:48,2017-10-23 20:27:44,2017-11-08 00:00:00
5946778f2ee1bc2f6514f8e1cad43971,eb6e09be276c91d873889d2868595748,delivered,2018-04-30 14:27:22,2018-04-30 14:54:50,2018-05-02 12:31:00,2018-05-03 18:42:51,2018-05-09 00:00:00
f283f9e890416ffcfd4d5d86821cfd46,bada0d55f95ceaf4f6744c5987501c90,delivered,2017-12-22 14:12:35,2017-12-22 14:31:44,2017-12-26 18:48:03,2018-01-04 17:09:04,2018-01-19 00:00:00
486624a60deed853a5e30a50fd5df762,80255b4d66957ab58626ef18f9c5f16e,delivered,2018-06-28 12:04:03,2018-06-28 12:15:19,2018-06-29 14:03:00,2018-07-04 00:38:37,2018-07-19 00:00:00
7c2ee08449e6b8b55158e518778dbe83,58456fe345a47eddb73e11a8c91a1b69,delivered,2017-06-12 17:14:01,2017-06-12 17:25:22,2017-06-13 14:43:51,2017-06-14 15:17:00,2017-06-30 00:00:00
b1d6b79bb981ccf6f6d824232cfc3884,d6123842c48302be7a8d2d21e0512d7e,delivered,2018-02-04 09:50:38,2018-02-04 10:10:08,2018-02-05 17:44:12,2018-02-06 23:18:43,2018-03-01 00:00:00
74df7f96ed0e23d9290b02f3534eb597,89faec4c34040789ece5e71144d0c4ca,delivered,2018-08-05 14:52:28,2018-08-05 15:05:13,2018-08-06 08:15:00,2018-08-17 18:26:38,2018-08-14 00:00:00
b54fae7a3880a8421f9f38a8aba5e745,28a45e2875e825355a024a856016bc2b,delivered,2018-05-07 10:45:23,2018-05-07 17:56:10,2018-05-08 14:11:00,2018-05-17 20:40:40,2018-06-01 00:00:00
4d2997398817763e25ae074190f98a32,a02db36cdd670da64c5e7c941dd95f29,delivered,2018-07-19 11:44:03,2018-07-19 11:55:23,2018-07-19 12:53:00,2018-07-23 17:18:57,2018-08-07 00:00:00
71cc257b20c7f9b439b625fa41c3fb36,c609385ba193036d6348ba274c22fe7d,delivered,2018-01-03 23:07:36,2018-01-04 00:56:53,2018-01-04 20:54:42,2018-01-11 21:13:04,2018-02-02 00:00:00
e80816e94dec73e777b4951533d8f50c,6a22bc47f4e4d19f68ea3691bc6a49fe,delivered,2018-01-11 07:36:59,2018-01-12 03:32:29,2018-01-20 00:04:26,2018-02-05 19:43:10,2018-02-16 00:00:00
735ad119a24ea4a9d6fbfcd9f296920a,424ca0007f462e65164136500127e8f3,canceled,2017-07-24 11:38:43,2017-07-24 11:50:18,,,2017-08-07 00:00:00
eb92f6fdb8dcd9a9ab21c341b4a3ca5f,78a0a4fe355394a8f2ab9efd5fa38206,delivered,2018-02-09 02:14:32,2018-02-10 02:10:23,2018-02-14 18:38:23,2018-02-22 14:37:50,2018-02-23 00:00:00
17f7971d77f3b781ed3a2846c5d41946,7fc7c15105f0df0bf815b5b149eb04e6,delivered,2018-04-15 00:15:32,2018-04-17 05:50:39,2018-04-17 20:07:33,2018-05-04 18:21:23,2018-05-23 00:00:00
878697957b3d5ed7b037b0dbd7b8af8c,36c540c5c82e28dd7b58e34234911285,delivered,2018-03-20 17:10:00,2018-03-21 17:08:53,2018-03-27 18:42:54,2018-03-28 20:14:37,2018-04-02 00:00:00
a69aaa894f707814637e9794aa556f0f,ec27f1360f5b6f250aadf778bce052d7,delivered,2018-05-05 20:56:40,2018-05-05 21:10:36,2018-05-07 12:11:00,2018-05-11 13:09:03,2018-06-05 00:00:00
786e854dd138995a512da0678ef48241,a2efb37fbb4d500fa86997d70eb49938,delivered,2018-04-11 07:16:59,2018-04-11 09:11:46,2018-04-11 22:42:07,2018-04-13 22:41:40,2018-04-27 00:00:00
a4ce473749f3d49434d83a58607881b6,cbaf352110520ce35f32c8e4e22028ac,delivered,2017-09-11 15:09:42,2017-09-11 15:30:27,2017-09-12 19:14:34,2017-09-13 21:42:03,2017-09-21 00:00:00
116f5088fd9393bef556fc932533e3dc,ea5cb9da00ef93de9dc60b6b4286589e,delivered,2018-08-07 23:02:24,2018-08-07 23:15:16,2018-08-09 12:37:00,2018-08-16 23:41:10,2018-08-30 00:00:00
027d2a0c2a94018f57fd1b15f32a18a3,96fde6eddc46595a15abddb41f62af9e,delivered,2018-01-04 16:52:07,2018-01-05 16:48:03,2018-01-10 13:22:48,2018-01-15 21:03:35,2018-01-29 00:00:00
dc87bada73c00ce3e2e2c2b985c9c647,9f8a7c7f427769d962c96e719c332bef,delivered,2018-04-13 09:53:32,2018-04-13 10:11:20,2018-04-16 22:58:59,2018-04-20 16:58:39,2018-05-08 00:00:00
116debdd5705aaa51630c3e292565d06,eff65eeeea88dd72b5d427f2071b3751,delivered,2017-08-04 15:56:10,2017-08-04 16:10:21,2017-08-07 12:50:09,2017-08-16 18:44:09,2017-09-08 00:00:00
afbb859246fee92c1850a6e8bf1a9854,7cbabbc325ead8aff30d16680d346c0e,delivered,2017-11-16 12:33:17,2017-11-16 12:56:21,2017-11-17 16:16:27,2017-11-27 19:56:45,2017-12-07 00:00:00
a9a01a2ee8432d4acf4e023f5259211c,6eea3177ef3d1e93fd00e05ce4fa1c70,delivered,2017-10-27 10:35:04,2017-10-28 03:07:51,2017-11-06 16:45:24,2017-11-10 21:34:33,2017-11-21 00:00:00
28cc666d3c85564ac6854085a36582fb,9bad93b17d6f93ac3ec4f63c2fc3b7dc,delivered,2018-02-23 13:08:12,2018-02-24 02:35:46,2018-02-28 19:05:03,2018-03-01 21:05:04,2018-03-16 00:00:00
72a052a9ab8a74244365ab1abf627bf3,3af9ceb92649140512cebf7ae5c3b8f2,delivered,2017-11-05 11:03:50,2017-11-05 11:10:26,2017-11-06 19:28:53,2017-11-07 16:43:19,2017-11-17 00:00:00
4bd68cb4a5f7a692f05af3eb298c4039,737e7f52d173df59ee17f5f0c6e86db2,delivered,2017-07-31 16:33:37,2017-08-02 02:35:05,2017-08-08 14:48:37,2017-08-14 11:54:03,2017-08-11 00:00:00
103ccf024ec97c46c81001a91c2faf01,49a3c4e0ed2d5e1d35a1b81b1e6cbe10,delivered,2018-02-20 15:27:42,2018-02-22 02:28:38,2018-02-26 19:06:50,2018-03-23 17:49:38,2018-03-22 00:00:00
731369a05548c07e8406df981f3fbef0,e9c7016df4cc90649c235d90f55ecc2c,delivered,2018-04-04 21:53:53,2018-04-04 22:09:11,2018-04-10 22:48:40,2018-04-11 23:46:37,2018-04-16 00:00:00
ea8458d25568c5313d501ba2b21c68f0,897ed9ba7466250d5fbe3a8e6bc311a1,delivered,2018-02-14 14:41:04,2018-02-14 15:08:10,2018-02-15 20:37:08,2018-02-17 18:08:04,2018-03-01 00:00:00
5716624efc4b08c1811ea65d40e31427,0d9eca4e834f2d5266531df950fcb6b8,delivered,2017-07-04 18:01:08,2017-07-05 17:40:42,2017-07-06 15:35:40,2017-07-14 17:39:41,2017-07-26 00:00:00
55d03c0ad1a4743f9845da6d9444beaa,b6a13d442a0f608803b016b15f09bbc8,delivered,2018-07-07 13:27:57,2018-07-08 13:25:26,2018-07-10 14:16:00,2018-07-16 12:20:54,2018-07-25 00:00:00
4a0ecd7c37432ea5916a1f36f7c402de,4d65fbe8c330d7b0f616d38fb9e46efe,delivered,2018-03-18 23:47:19,2018-03-19 00:50:21,2018-03-22 19:09:07,2018-03-26 23:36:54,2018-03-29 00:00:00
cc80e8ed42d1d4ac3dbe8e800672d01c,9553d51cd9913b2976ba7c1ccc4e4f09,delivered,2017-06-06 15:01:03,2017-06-06 15:15:18,2017-06-08 16:58:11,2017-06-14 13:55:00,2017-06-29 00:00:00
09d557bf440b6c3b40cacfbb24fd5e28,c95fd5ec9cb15e99cbd4b8a9ff814ff6,delivered,2017-01-11 20:12:38,2017-01-11 20:25:06,2017-01-12 10:07:12,2017-01-19 16:32:01,2017-02-27 00:00:00
820f61277104e987fc722e2e02ddeccf,0c9ac93ad6076cff6698e19b74bda63d,delivered,2017-09-18 17:27:14,2017-09-19 03:38:19,2017-09-19 22:29:39,2017-09-26 22:57:54,2017-10-13 00:00:00
be3522915c149522eb45df8854a71155,258409af397c249e483779937a4621d8,delivered,2018-05-22 12:51:11,2018-05-22 13:14:05,2018-05-23 12:26:00,2018-05-24 14:57:18,2018-06-04 00:00:00
aebe4edc785354fcde0254c24c2d8e72,ae4bd86dee7a02e33ab573f70f141ee6,delivered,2017-05-01 13:01:41,2017-05-01 13:10:21,2017-05-02 11:25:38,2017-05-05 15:20:17,2017-06-01 00:00:00
30b7a7da48765c0f01627fe593e88358,cf8f5aa07d29c71ffbfeb95f3ac3f39e,delivered,2017-05-22 18:18:09,2017-05-23 08:22:48,2017-05-24 07:56:17,2017-05-31 14:24:45,2017-06-16 00:00:00
5f2b11a0394b442df7e5f4419d5f9f2c,289fb34f7ddd8341499fa6d01022c84a,delivered,2018-03-08 16:52:11,2018-03-08 17:10:43,2018-03-12 23:16:28,2018-04-11 00:38:19,2018-04-02 00:00:00
87362ced3e155e82485e17f95f7f79c6,cdc8a72f10450759bd9aafd76c7a11b5,delivered,2018-03-28 11:29:56,2018-03-29 03:29:24,2018-04-04 13:58:55,2018-04-05 15:07:51,2018-04-10 00:00:00
3e238891b4618a7a2224ea32becc04d2,89f529003f346f0440f42bedcc152771,delivered,2018-07-23 22:31:30,2018-07-24 10:31:06,2018-07-24 12:32:00,2018-07-27 20:18:31,2018-08-08 00:00:00
6192897f85cb2aff6dd1fca56fddb45e,f77559535865a660bd328db79a177749,delivered,2018-07-18 13:34:22,2018-07-18 13:50:12,2018-07-18 11:33:00,2018-07-26 15:02:53,2018-08-03 00:00:00
56286095ef8730771df8d223978236ed,a3b126a3b563ea3548afd53d78b7807b,delivered,2018-04-19 16:33:33,2018-04-19 17:07:37,2018-04-20 21:04:01,2018-04-27 20:02:50,2018-05-17 00:00:00
206b14014dd486bb4ca7b21e6927f5c8,f3ab792588cfcc343d4c21098e34706c,delivered,2018-01-30 10:24:58,2018-01-30 10:55:54,2018-01-30 22:42:44,2018-02-01 21:18:28,2018-02-20 00:00:00
1d4eedab93656360bfea837a37784384,303f7461bb2ffddd93a3b9d26f6b5048,delivered,2018-05-16 20:42:25,2018-05-18 04:54:25,2018-05-18 14:39:00,2018-05-25 21:36:48,2018-06-05 00:00:00
2e61fdb90c06ee4a04c2ed31a1092574,4f9bbd7e6a8d672cd4cc69e09ffee46f,delivered,2018-03-22 23:28:21,2018-03-22 23:47:32,2018-03-26 22:41:25,2018-04-11 13:38:51,2018-04-12 00:00:00
4243bef9583d689a9c8fe6f055cef332,b2a6600fd626ac2b80a6dd5f98223029,delivered,2017-04-24 12:34:03,2017-04-24 12:46:00,2017-04-26 09:57:54,2017-05-05 08:44:34,2017-05-11 00:00:00
06d991e11738ba4a916a39cafdc75bff,93374fd993a5d1fdd8ced26018a7625f,delivered,2018-02-28 12:07:29,2018-03-01 12:40:21,2018-03-02 21:41:29,2018-03-20 01:21:44,2018-03-29 00:00:00
2ef81da37176cfe633d519636052f2dd,cb209afb7b4b522a2f22a76c0865aaa1,delivered,2018-03-18 15:50:21,2018-03-18 16:05:33,2018-03-21 16:33:19,2018-03-24 13:41:58,2018-04-03 00:00:00
d1139f6bff6d301aca5bed7bfe9e7574,30bf53ce083c9ae5e77f2e9c7b3dfb3d,delivered,2018-01-08 16:07:42,2018-01-08 16:18:27,2018-01-09 21:53:58,2018-01-11 19:39:32,2018-01-24 00:00:00
dd8895e91847869a1317a8ef7313e241,ff8b98236a695505512aa2ea79e17c98,delivered,2017-09-25 22:12:33,2017-09-25 22:29:19,2017-09-27 13:18:15,2017-10-06 17:48:07,2017-10-17 00:00:00
a57ec1ab15e32bbd96dc388716a9193d,f74078b8c7665e05f5192f8c7bd95046,delivered,2018-07-17 20:04:35,2018-07-17 20:15:12,2018-07-18 10:09:00,2018-07-24 17:21:23,2018-08-10 00:00:00
6912f9577b4156d72ee607f78328ed11,9c2203adbf4d1a125282d868ee0df322,delivered,2018-08-26 19:39:08,2018-08-26 19:50:14,2018-08-27 13:34:00,2018-08-28 20:34:32,2018-08-30 00:00:00
955905cdf6d624f57f4eed64285077da,26233a1c81079a34ea562cc3af21c754,delivered,2018-07-22 21:07:56,2018-07-23 12:31:46,2018-07-24 12:42:00,2018-07-30 18:51:13,2018-08-06 00:00:00
f6952ea226398c9ef2809ed39031f768,def9aaea0b18418bc3f64d5a8139906f,delivered,2018-01-05 12:33:56,2018-01-06 02:08:25,2018-01-09 21:19:50,2018-01-26 20:11:47,2018-02-05 00:00:00
b945375051aa88d28c30fb42485897d6,33158e40adca9e94c660c997333e8b28,delivered,2018-06-13 13:35:02,2018-06-14 02:57:10,2018-06-14 15:14:00,2018-06-15 19:07:39,2018-06-25 00:00:00
b2b9d8d0e06e619181a4436475ca7943,dd98d05326633211a367269840504010,delivered,2017-10-18 11:34:50,2017-10-19 02:56:33,2017-10-26 20:33:20,2017-11-06 21:51:14,2017-11-10 00:00:00
25247d0d0e85887c565090cc16ff0255,6cb393c4edd43586fc9eb664579e6622,delivered,2017-12-11 00:04:29,2017-12-11 00:15:24,2017-12-13 15:49:07,2017-12-18 17:17:05,2018-01-04 00:00:00
139f77f83936e3fed4788e6675c1a64a,3123f2ece46a6a1aefbb82dbea259cd2,delivered,2017-03-03 17:42:10,2017-03-03 17:50:24,2017-03-07 10:15:12,2017-03-17 11:55:05,2017-04-07 00:00:00
69b3f018d682534a4f1d07ff49042957,665e87f87540962c2ee6844b7b4e2d05,delivered,2018-02-08 15:33:53,2018-02-08 16:59:16,2018-02-15 00:22:31,2018-03-07 17:12:21,2018-03-08 00:00:00
acaa91b87fbd9e2ff9171781226f73e9,645f164621ad4a048163ff95076755fb,delivered,2017-12-27 20:52:43,2017-12-27 20:59:30,2018-01-04 21:03:52,2018-01-05 21:52:30,2018-01-16 00:00:00
03d9d682de9c41158e00e17ee26d9070,bbfe9dba014344feb9e3714b0b541885,delivered,2018-08-11 01:10:24,2018-08-11 01:24:25,2018-08-11 08:51:00,2018-08-15 01:12:39,2018-08-21 00:00:00
a887a98a44fd41090859072971661ece,1909e865c04d42c1e5e5295c9890a779,delivered,2018-08-02 12:06:09,2018-08-02 13:04:12,2018-08-02 16:30:00,2018-08-03 14:45:00,2018-08-08 00:00:00
1788d3cfde665564a327c52dd1bcb7c3,4685b8cfb7cdc5093ae2d972b5d0ba05,delivered,2018-08-08 18:31:54,2018-08-08 18:44:54,2018-08-09 14:12:00,2018-08-10 22:28:36,2018-08-13 00:00:00
bbff6155059675574b04a09d10cbb76c,919f7e4b0905fe7efc81ebe88359031c,delivered,2018-05-28 22:31:13,2018-05-28 22:50:39,2018-05-29 13:44:00,2018-06-15 17:03:48,2018-07-16 00:00:00
15b5cb72b88eef3759d55a8d7cbf0a6c,912c39e31c96d11b74a4711d64c6740d,delivered,2018-03-20 14:27:40,2018-03-20 14:49:27,2018-03-23 00:38:41,2018-04-02 23:31:54,2018-04-09 00:00:00
d1b78e9aa448923bc97828d395174fb6,b6182b95308bd0134f350c2ca015d155,delivered,2018-02-19 22:41:32,2018-02-19 23:47:26,2018-02-23 15:07:58,2018-03-01 22:25:42,2018-03-14 00:00:00
9d3086bce114e0c19770559e454cee69,7340e81f47c6ff6704d2e7b9631f9680,delivered,2017-11-24 16:56:28,2017-11-24 20:37:45,2017-11-27 18:13:06,2017-12-06 18:27:46,2017-12-19 00:00:00
eed6f74a190f23b5a8ac54a8b86aa79d,1c9d47c53485b0745f9b85d21a13581d,delivered,2017-10-12 12:08:21,2017-10-12 12:26:33,2017-10-17 19:37:52,2017-10-27 18:53:47,2017-10-31 00:00:00
4c90c0f02994da677a91bd21fda04461,4036b2b89fc1fbbbe40175b8bef92bd6,delivered,2018-01-05 05:53:49,2018-01-06 02:08:00,2018-01-09 11:56:27,2018-01-24 20:22:44,2018-02-01 00:00:00
07a394899e1b5de598df8ff3ea5edf37,10cb32f6df39982b4a0205a5c7bfd8d0,delivered,2018-08-09 19:37:47,2018-08-11 02:35:13,2018-08-13 13:02:00,2018-08-17 20:38:44,2018-08-21 00:00:00
58b82716262632e133356566b8a5e10e,ba6b908db045e2700baef18f408166bc,delivered,2018-01-03 19:48:29,2018-01-03 19:59:37,2018-01-04 21:54:53,2018-01-15 19:33:10,2018-02-01 00:00:00
a42e0d143aa73cfc5268d6756f36e7cf,7eb37bd5885d04ea620b7b832152e1f2,delivered,2018-01-08 20:49:43,2018-01-10 10:32:43,2018-01-10 20:56:33,2018-01-17 20:58:47,2018-02-05 00:00:00
42b6b03433736aa4bf2d0c5861b17879,8c3ffcc8a92c7cf23426b0b9fbde5fc8,delivered,2018-01-19 23:08:48,2018-01-19 23:18:27,2018-01-22 14:35:08,2018-02-21 13:15:05,2018-02-16 00:00:00
17635bd7488306e5da70e0c945e5fe83,2fdcc8d5431fe439ecf804319253377f,delivered,2018-08-09 17:01:54,2018-08-09 17:45:10,2018-08-10 13:33:00,2018-08-14 18:58:49,2018-08-14 00:00:00
a5e7b733ac9f9e3d9bafeacd10b5aff9,4ae745c1702dfdb655e2c1147289887a,delivered,2018-08-21 21:44:04,2018-08-23 02:44:30,2018-08-24 16:06:00,2018-08-27 16:54:45,2018-08-24 00:00:00
7c921161980003eac272f619f2fa5776,c155fc0c74e24ef74f2f62258b8c4bbc,delivered,2017-08-10 00:17:45,2017-08-10 00:30:16,2017-08-15 21:15:53,2017-08-26 14:19:59,2017-09-11 00:00:00
a1fbfc9aab174eae636440b4c8930479,b97fbf4bac9d15cbe025fc985e559c55,delivered,2018-07-14 00:37:21,2018-07-14 00:50:21,2018-07-17 14:42:00,2018-07-20 19:41:54,2018-07-31 00:00:00
7a36ddcacbdd80a7dd8771aa4c6e465e,e988b94fc82408ecac8299c744959c58,delivered,2018-08-06 06:42:46,2018-08-06 06:50:13,2018-08-07 07:38:00,2018-08-16 19:25:28,2018-08-27 00:00:00
c4923e01d78f318874e4a7752eab5dd9,cd478939cf2d29034aef4926535ac730,delivered,2017-02-16 10:51:45,2017-02-16 11:05:18,2017-02-16 15:16:51,2017-02-20 13:15:28,2017-03-15 00:00:00
3d3796e51ab31becaee3237763ecd690,6c552aa46fd3bfd27ef17d473f90fe70,delivered,2018-08-08 14:28:38,2018-08-08 14:45:09,2018-08-09 14:47:00,2018-08-17 18:14:38,2018-08-22 00:00:00
71ee60584962dede5dd9685e8bf397f0,b1a053d99f314f3641d2d09f356b5701,delivered,2018-01-26 20:17:07,2018-01-26 20:37:19,2018-01-29 13:29:48,2018-02-01 01:22:17,2018-02-14 00:00:00
b1060e1be953d38ce9cdf6140c7d27a7,daef48eca627cd84e93d4168615f7ee4,delivered,2018-08-22 13:57:22,2018-08-22 14:05:10,2018-08-23 16:28:00,2018-08-29 17:51:40,2018-09-17 00:00:00
8b86d33f9f1ddd6dd357b35d1670bc29,a158a8ccc50c09ac24b651ce59561d27,delivered,2018-07-19 15:53:53,2018-07-19 16:05:25,2018-07-20 15:22:00,2018-07-24 22:03:48,2018-08-06 00:00:00
ebcb685bc1704615fc22e5a0b73f2dc7,a4747f37f033452617ad330896f582c6,unavailable,2017-05-24 19:10:03,2017-05-26 02:35:26,,,2017-06-13 00:00:00
c6a9e39db5f61068d017ee903b277478,a44a037a63d6afc0e4e241e95abc4fc0,delivered,2017-08-09 10:22:04,2017-08-09 10:35:13,2017-08-11 13:36:55,2017-08-16 21:21:57,2017-08-31 00:00:00
2c78914d7d6e6d7a648d2fcdd67e8c3c,d2af3edd6b796f2a252e76b0ecce3fc8,shipped,2017-07-13 09:57:08,2017-07-13 10:05:13,2017-07-14 18:38:53,,2017-08-10 00:00:00
6fa1dd5611d4b380144fbe44fa788ad9,e3f70a618d0f9b0d7c21d43b5abc463f,delivered,2017-12-01 13:29:07,2017-12-02 02:38:05,2017-12-05 01:06:51,2017-12-12 23:37:41,2018-01-05 00:00:00
bbc82e918e96057462aa6983e7035fe5,79c719bd423a3670aad59272146350d7,delivered,2018-03-17 16:05:06,2018-03-17 16:36:27,2018-03-19 19:24:51,2018-03-28 22:18:24,2018-04-11 00:00:00
f9dd9a8cfc84d41422b687402ab4619b,b4f0cbcbbb88bbb7db67ae08a77973b5,delivered,2018-07-23 06:57:36,2018-07-25 02:45:12,2018-07-25 15:46:00,2018-07-26 21:12:40,2018-08-01 00:00:00
e5f642cd02cde85e17b08c8c1534801e,0f24a3bab61713ae6326c93112b0b368,delivered,2017-11-06 17:33:18,2017-11-07 17:48:07,2017-11-08 12:48:36,2017-11-16 21:47:36,2017-11-30 00:00:00
676ad3c00d76971326e0e1a03f976e2c,e4817c123974b4d71409d4b74f05c6bd,delivered,2017-12-24 13:30:03,2017-12-24 13:38:19,2017-12-27 21:59:26,2017-12-30 18:58:53,2018-01-15 00:00:00
13917780488fcc5fa2f9fa3c45549c80,b4593b19fb4a0179fea1ea466613b3e4,delivered,2018-08-07 00:25:55,2018-08-07 00:44:42,2018-08-09 00:28:00,2018-08-14 16:51:55,2018-08-13 00:00:00
9e844ac3fb9440b1393bf80ab5b59860,b5e540c572020f7fbe4801e8f0a807ad,delivered,2017-11-03 22:18:57,2017-11-03 22:31:32,2017-11-07 20:21:15,2017-11-21 16:38:45,2017-11-28 00:00:00
56203d7ad8ce86a53281778d2dd2c9b7,3c12346ea1f05ce151ba3029c1cbf60d,delivered,2017-04-03 17:52:36,2017-04-03 18:02:58,2017-04-04 14:34:53,2017-04-19 14:46:09,2017-05-09 00:00:00
3b97562c3aee8bdedcb5c2e45a50d5e1,065d53860347d845788e041c0dae53e7,delivered,2017-04-14 22:21:54,2017-04-15 22:30:19,2017-04-17 09:08:52,2017-05-17 10:52:15,2017-05-18 00:00:00
2b413cbffec6d32139cb697b20560b04,54f6f3113f4bdb3f6ff66441550e1ab3,delivered,2017-11-25 20:39:55,2017-11-25 20:51:52,2017-11-27 14:17:41,2017-12-05 22:14:33,2017-12-22 00:00:00
d19b8c6b433223ffd798af28489ccc02,66bf5445b228f0426252659775544d3b,delivered,2017-09-09 13:04:18,2017-09-12 04:55:11,2017-09-12 16:35:43,2017-09-18 16:03:53,2017-09-27 00:00:00
37e1410b5454961bcf08c55ba72613e7,120fefe7ea516ca694e3fc027e0600ed,delivered,2017-06-05 13:54:42,2017-06-05 14:05:20,2017-06-06 11:40:27,2017-06-13 17:16:16,2017-06-28 00:00:00
2078512e84c5104a45f4a1b80cce3ed1,94d5f4cb359028e2e43c3c240f4d5c81,delivered,2018-08-06 18:01:54,2018-08-07 04:24:38,2018-08-07 15:55:00,2018-08-17 22:48:43,2018-08-20 00:00:00
243a969145fd8c5e4b6789857fc5d877,5db6c3bfaa53d6ed2ecfabae96c8039f,delivered,2017-07-07 21:46:44,2017-07-11 03:55:31,2017-07-11 21:14:04,2017-07-13 20:42:38,2017-07-24 00:00:00
0fb2bd6c42efa12c5f32ee37e5f9fd34,832a01736d438b4fec97d9c2b098274c,delivered,2018-01-26 15:01:14,2018-01-26 15:15:05,2018-01-29 17:28:29,2018-02-03 12:51:30,2018-02-19 00:00:00
28e7148abde825a20fa617db02f92c99,89a4039536234dda76270ebb007d3d6b,delivered,2018-05-13 20:23:19,2018-05-13 21:35:21,2018-05-14 14:57:00,2018-05-16 01:22:39,2018-05-22 00:00:00
e47a63ad65b54953702eae37cb14632b,d4393ba8ed1362c5f26246aa6a2676fd,delivered,2018-07-13 13:10:25,2018-07-13 13:25:22,2018-07-18 10:26:00,2018-07-24 20:48:42,2018-08-03 00:00:00
810a275a39d5f6934c225713d5aa9568,8e45de2e73431d2fb731feb8112bd110,delivered,2017-12-07 09:21:27,2017-12-07 09:34:34,2017-12-11 22:26:47,2017-12-14 16:07:09,2017-12-26 00:00:00
17313705481d054edde23cd5c42a0819,0efffa0f614cc54997bd7401a60fdcf6,delivered,2018-01-08 21:43:53,2018-01-08 21:55:19,2018-01-09 20:47:08,2018-01-18 20:06:21,2018-02-01 00:00:00
00119ff934e539cf26f92b9ef0cdfed8,7dd2e283f47deac853cf70f3b63c8d86,delivered,2017-08-06 00:42:49,2017-08-07 00:35:12,2017-08-07 21:12:34,2017-08-16 17:29:59,2017-08-31 00:00:00
37a17c5250faaeed1cd077f903e08994,1339f8ef4694fe3903a7591c5e890c22,delivered,2017-05-29 18:08:51,2017-05-29 18:22:49,2017-05-30 08:25:25,2017-06-09 13:23:56,2017-06-29 00:00:00
7599f0394aa4e7aea57ca87897378014,b3d94a7947f1b122459d6494760708e8,delivered,2017-07-20 13:34:43,2017-07-20 13:45:16,2017-07-22 14:14:45,2017-07-25 19:33:08,2017-08-04 00:00:00
ac8a707fb4b1197afa70e75fa66f187d,2132a8bd65234b13e7550a593315e747,delivered,2018-08-03 09:04:28,2018-08-03 09:31:14,2018-08-03 17:04:00,2018-08-06 19:31:49,2018-08-08 00:00:00
ed4681677f54e700fbd94ae70f1a85c6,91c66f98e2690e4f7957e24809a03266,delivered,2018-01-09 14:19:44,2018-01-09 14:30:23,2018-01-11 23:22:55,2018-01-17 19:17:12,2018-02-06 00:00:00
a00d80133807b3fcebee86be41116908,de4c540fcac301e3bf0dd6a9ffcfaa8a,delivered,2018-04-22 17:44:50,2018-04-24 18:35:49,2018-04-23 22:37:31,2018-04-25 22:56:48,2018-05-08 00:00:00
81923dfc527e6776a83b7e7d7b2c8dc4,1f22b24610582cb3c91d898e137f9ee3,delivered,2018-05-04 20:47:16,2018-05-05 02:55:14,2018-05-07 16:05:00,2018-05-16 20:02:08,2018-06-01 00:00:00
88407c8c6e12493ff6e845df39540112,e902cb9d9992a69a267f69dec57aa3a3,delivered,2017-08-15 02:03:01,2017-08-15 02:15:13,2017-08-16 15:52:29,2017-08-25 21:59:26,2017-08-28 00:00:00
efc7c29e1816bb3d30c1e8c207bf87ca,7d455392cb88ae54b111bc3a6c90c721,canceled,2017-06-23 01:15:59,2017-06-23 01:30:08,,,2017-07-17 00:00:00
6d2d513c85c6b40a59a24c477959acdc,ba6690c4e90188834da0273f567afe0b,delivered,2017-10-04 23:16:47,2017-10-04 23:35:09,2017-10-06 21:18:31,2017-10-16 16:45:32,2017-10-23 00:00:00
0e85c36b701220fa1147e7e7012974dc,c861e6d97d36e0ffd13a5671a8a06fee,delivered,2017-11-24 22:34:03,2017-11-25 01:37:21,2017-11-28 18:09:33,2017-12-08 17:52:41,2017-12-18 00:00:00
fe9dfb5a8e406ad9ebccdae758e0bdaa,0eede221140cc1e3830add38c6338870,delivered,2017-07-25 19:42:51,2017-07-25 19:55:16,2017-07-26 18:49:43,2017-08-02 21:57:53,2017-08-16 00:00:00
f37a42c45897de143426b05fa30298aa,601cd8ec28f2fa70e88703d1263cb7e3,delivered,2018-05-24 19:05:16,2018-05-26 02:31:46,2018-05-30 15:44:00,2018-07-04 18:36:34,2018-07-04 00:00:00
91efb21be6a9b69ab5e7f13f7dd74b3a,3b50ec863517ca1ed754cfd466fde4cf,delivered,2018-06-27 13:14:27,2018-06-28 09:10:39,2018-06-28 16:16:00,2018-07-11 23:08:25,2018-07-25 00:00:00
8a03e73a80b701470a167fc0291836b7,4ddab76c82c365030cacb12a8e953dc4,delivered,2018-04-06 08:52:45,2018-04-07 09:08:08,2018-04-09 22:51:06,2018-04-13 18:06:54,2018-04-25 00:00:00
9caec5f70676fea541e3dbcd2ff307e0,ed64b2141d2f8060d0ba07dd068d1d09,delivered,2018-01-18 13:25:36,2018-01-18 13:34:55,2018-01-19 22:29:11,2018-01-25 17:22:50,2018-02-08 00:00:00
c14cb154425639c9d91bd601bd5afe89,cc651839aaf53eb034cd0c8066e266d5,delivered,2017-07-13 10:36:40,2017-07-13 10:50:23,2017-07-18 19:04:00,2017-07-22 15:33:22,2017-08-02 00:00:00
5b30af3b150295616c6564e91b8ec214,d0a0d79eda588379e44274ebe88f9b0a,delivered,2017-07-22 16:49:50,2017-07-25 03:50:20,2017-07-25 21:47:42,2017-08-04 18:39:44,2017-08-11 00:00:00
c7b067d8096220dcce7d81962a34f8ea,d5db5be412dcda8e69115414c61042a3,delivered,2017-03-17 21:50:50,2017-03-17 21:50:50,2017-03-20 09:49:08,2017-04-12 10:06:12,2017-04-20 00:00:00
e12ba59fec6cde9a2cf1af5c0772185c,7944aa925503f8784ff4d2edaafacf9f,processing,2017-02-19 11:03:43,2017-02-19 11:15:10,,,2017-03-23 00:00:00
88c8805f126160713535daf5badbd485,19eef015d1a30b6ef039a81c30ca3ef0,delivered,2018-01-28 11:43:37,2018-01-28 12:00:29,2018-01-30 18:33:07,2018-02-06 15:17:33,2018-02-20 00:00:00
d2feb2f430d7d97b41873672953fe944,e771c277cf012c1eb07d5986a5409137,canceled,2017-08-16 16:15:31,2017-08-18 02:16:03,,,2017-08-29 00:00:00
544317d6ff28d37495220e2bf024a1ae,fdcfb97fe3dda03be89b37e04d333e73,delivered,2017-02-22 18:04:01,2017-02-22 18:15:16,2017-02-24 09:07:36,2017-03-02 10:52:23,2017-03-23 00:00:00
d2485e80a65cd94cd4a4755e0934bf47,74eeb796ef7b6f78ccfb0602376bc8d3,delivered,2018-05-28 14:37:22,2018-05-28 14:50:37,2018-05-29 14:22:00,2018-06-04 13:38:43,2018-06-20 00:00:00
bca32e22d44a9179359d3ee73a26ce49,e998acff98f91507e5d00ca8b10e76e2,delivered,2018-08-12 16:14:44,2018-08-13 16:10:12,2018-08-16 15:18:00,2018-08-21 21:20:38,2018-08-28 00:00:00
39be447fc734f6f66df4cf138f6582dc,551a7e7fcf65c22ba1253ea5cbce639e,delivered,2017-04-27 22:05:13,2017-04-28 12:53:51,2017-05-02 11:57:51,2017-05-11 10:04:22,2017-06-07 00:00:00
ba657defc0b541ac3a861fa8827f1866,7e4e6696dd707bdf75a3cf6bf63b0e8d,delivered,2017-07-30 23:01:37,2017-07-30 23:15:09,2017-08-01 13:29:52,2017-08-07 17:02:24,2017-08-22 00:00:00
dfd5946b221179472e8f929f1d7b41ce,d91f4781cb2fa1f5845b9ea420dd7eb0,delivered,2017-08-15 16:20:02,2017-08-16 17:15:14,2017-08-17 18:38:56,2017-08-30 21:04:13,2017-09-20 00:00:00
6155f621f8b443117634830dbf1ecd62,a9b523c9e67b3f3b12eab77b21122aa6,delivered,2017-07-03 18:31:22,2017-07-03 18:45:19,2017-07-11 18:22:54,2017-07-21 10:54:02,2017-08-08 00:00:00
093e88889ed876560de2968023715771,cc8f009a3720198ffbe68014fb567cfc,delivered,2018-04-04 11:30:28,2018-04-04 11:49:22,2018-04-05 18:32:09,2018-04-11 19:38:28,2018-04-27 00:00:00
0eb90012b8c41dfd386552415c3b1760,6f380f1105060ce0abf373c93619c6ee,delivered,2018-05-08 09:03:53,2018-05-08 09:15:19,2018-05-14 09:30:00,2018-05-24 21:21:29,2018-06-08 00:00:00
b1069dbe8202837514af3badecb431ab,562d3c3ceba1345be4057a414b9b1de8,delivered,2017-03-13 22:19:52,2017-03-13 22:19:52,2017-03-14 11:47:16,2017-03-17 12:58:12,2017-03-30 00:00:00
14f71e03c472d2b37384b55708ac8354,4c218eca2a721ce320b45f9cd190d7b5,delivered,2018-07-19 15:44:59,2018-07-20 05:03:25,2018-07-20 10:08:00,2018-07-25 20:48:43,2018-08-09 00:00:00
c3038ab3b07ac682ba60729b1d74b24b,ab8238abc2ffe92f45b9c14b9f7f33f8,delivered,2017-05-07 22:49:19,2017-05-07 23:02:12,2017-05-09 14:19:30,2017-05-22 07:02:49,2017-06-13 00:00:00
c05fcf75b5890915b93e39b636ec81be,f3c2a020a7e0f738d511f27c3db860f9,delivered,2018-01-26 10:42:46,2018-01-26 11:00:56,2018-01-30 22:21:38,2018-02-09 00:14:17,2018-02-21 00:00:00
17b8a04ba7a415fb05b7f8cf67b27255,ffa6685e943cc587dcc80d8de8e9ddcc,delivered,2018-05-09 16:54:46,2018-05-09 17:36:07,2018-05-10 15:04:00,2018-05-18 20:03:11,2018-06-13 00:00:00
e69a5e21c8b1ef4923a65be7357b67f5,689b6c41f6bd5339d3cb70b71ebc2f28,delivered,2018-04-15 19:42:06,2018-04-15 19:55:22,2018-04-19 14:21:33,2018-04-20 23:40:38,2018-04-26 00:00:00
f232d1da0838df24b1d767072fb6ad31,34113dc1804eb1c698d17556347b8d03,delivered,2017-09-16 12:19:44,2017-09-16 12:25:14,2017-09-21 16:38:12,2017-09-26 22:22:24,2017-09-29 00:00:00
6cb37002aac9e0a0d9391f62e860dd7e,f09077c150a6709d8fece7e4907b1653,delivered,2018-01-08 11:44:08,2018-01-08 11:53:28,2018-01-10 17:59:30,2018-01-25 00:15:00,2018-02-16 00:00:00
e23ad32d5c15d9ad308baddc6262afea,a4413edae691fd0d28bd04b8a38b259d,delivered,2017-12-01 09:30:36,2017-12-02 15:50:49,2017-12-13 19:41:21,2017-12-27 17:22:30,2018-01-09 00:00:00
99c33bf1ceb89684e74a6438a277eef0,c53de8d7e9d4a9efbe33225951ffe8e3,delivered,2017-11-26 00:47:36,2017-11-26 00:57:32,2017-11-30 17:17:07,2018-01-10 17:06:59,2017-12-28 00:00:00
f097f3fe42fc73b4c2aa07e3cd149f0a,9175d54249e3be30456ba3e4ef216af8,delivered,2018-04-10 20:13:05,2018-04-10 20:29:48,2018-04-13 23:14:40,2018-04-23 11:54:44,2018-04-24 00:00:00
af5135a5de31b24d91e4e3b75b44b896,77d9b095e49c4e2e9dc30044047e4295,delivered,2018-03-06 14:35:51,2018-03-06 14:55:47,2018-03-08 18:09:29,2018-03-22 11:58:22,2018-04-10 00:00:00
c0d74e15535e242afea299f2edb23394,a0b2014ff906d045328fe8c8e01bd452,delivered,2018-03-11 18:38:33,2018-03-11 19:20:20,2018-03-14 18:38:35,2018-04-05 18:06:49,2018-04-06 00:00:00
d5da3d3e9a68ba109b6f8f0d2ad567cf,28fb236e49de5398f663ca126533b457,delivered,2018-07-04 07:56:23,2018-07-05 17:35:17,2018-07-06 09:20:00,2018-08-17 21:22:01,2018-07-30 00:00:00
21d4d409001930a8266042afbc040039,85767455bb630bfef897cb4e78647be6,invoiced,2017-11-08 12:38:38,2017-11-09 04:31:08,,,2017-12-05 00:00:00
ced5db30352d0862742574c70723c843,bdc8a19ad9ffdc542bd7ab318a3317fb,delivered,2017-09-20 13:00:51,2017-09-20 13:15:15,2017-09-21 16:38:49,2017-09-22 15:53:11,2017-10-05 00:00:00
fc8a722f0277169552e46a0e91d7f0b3,3718162f0a9e4fbd9569501905e5817c,delivered,2018-06-04 23:34:33,2018-06-04 23:50:21,2018-06-05 08:39:00,2018-06-13 18:08:58,2018-07-11 00:00:00
ca7a1fb7f48340db25ca883063be2891,faaa03ee62ec3acff02581d11b3c3ac3,delivered,2018-04-17 13:46:11,2018-04-17 13:55:22,2018-04-18 16:54:44,2018-04-24 15:58:25,2018-05-09 00:00:00
be9352379a16b3dbe8ef3a66a85b656f,256641e5b8e16b8004b8e6ce550e9a86,delivered,2017-12-05 09:55:18,2017-12-05 11:28:12,2017-12-06 22:35:17,2017-12-17 16:53:13,2018-01-19 00:00:00
a36a813c74f1991b48c5e3403bcebba5,0a3bc6054705cbcbc069154c83ab3df4,delivered,2018-05-08 16:06:32,2018-05-10 03:36:53,2018-05-29 13:18:00,2018-06-04 20:51:52,2018-05-30 00:00:00
bd7ed28cedb8147c71f09e3ab23c369f,7b57816eb86d27beaec4487edb99a0b8,delivered,2017-06-19 23:24:58,2017-06-19 23:35:23,2017-06-20 09:47:30,2017-06-26 14:32:56,2017-07-20 00:00:00
b767b52e7ad7f246f18d851bf051eed2,b253f8a8c5e468678030c70c065393e7,delivered,2018-04-16 15:23:08,2018-04-16 15:35:18,2018-04-17 22:56:34,2018-05-02 18:34:47,2018-05-09 00:00:00
71f52dc8aed2976ea632b8888e4c18b8,5a8b618b284eec058d5f85960fb7509b,delivered,2017-07-31 10:33:10,2017-07-31 10:50:18,2017-08-02 19:46:14,2017-08-10 16:47:39,2017-08-22 00:00:00
4876a2f1355adc2345aac33e913f3939,8acf16482c568e6913258237828de442,delivered,2017-12-26 18:57:45,2017-12-27 04:07:27,2017-12-28 18:28:04,2017-12-29 19:48:47,2018-01-15 00:00:00
53022bc7203c0c8ce655a82521c8867c,1343e92bc9b2136df6dc8172d1b5b6e8,delivered,2017-09-26 15:00:41,2017-09-26 15:14:17,2017-09-28 11:53:42,2017-10-06 18:12:17,2017-10-18 00:00:00
469dba1d869ad7ac257e09c9f8947b4e,25b117fcdbc20023b2bd7b6ae0b04535,delivered,2018-07-15 17:29:25,2018-07-15 17:45:16,2018-07-16 14:19:00,2018-07-20 16:57:49,2018-07-31 00:00:00
5260625f881ed6e315cd3eb3f4bc2d42,7296759d3f62aaa038c223494740137c,delivered,2017-04-07 12:03:36,2017-04-07 13:06:05,2017-04-13 12:33:05,2017-04-19 06:34:27,2017-05-19 00:00:00
57b25dbf1f14d444551d5e3c67eb33e1,342edd62bf443f87606934280617cbc8,delivered,2017-12-28 16:49:51,2017-12-28 16:59:43,2018-01-05 00:58:47,2018-01-05 19:28:55,2018-01-17 00:00:00
48deb2ad89d3685d28a6afd89dea6733,8a2ef78157619b780f710183a85346ed,delivered,2018-01-04 16:55:54,2018-01-06 02:08:32,2018-01-08 21:39:02,2018-01-18 22:19:56,2018-01-31 00:00:00
d3e393e0070015bc43d8c9973d2403e6,aca1aabcf3fd1d0efb08cc866cc5da77,delivered,2018-05-19 12:03:47,2018-05-20 11:55:17,2018-05-23 14:28:00,2018-05-25 21:07:03,2018-06-12 00:00:00
83ed7c4e0711f817afe5a101582b8a6e,cb2dab511d7694847187ce7efa1343c6,delivered,2018-05-10 08:51:09,2018-05-10 09:11:42,2018-05-14 16:28:00,2018-05-15 15:28:41,2018-05-29 00:00:00
019ccfeea1ea9afbebdad57d65f2e36f,7b46de2ef0b70225f5ead1ebcb2954ac,delivered,2017-11-27 15:31:56,2017-11-27 15:58:17,2017-11-30 20:56:43,2017-12-07 21:12:30,2017-12-20 00:00:00
a1ebec3b404746545a11186a23a88baa,b42a98271ac6f75bed2e975df1bb375b,delivered,2018-08-07 09:25:23,2018-08-07 09:35:12,2018-08-08 11:05:00,2018-08-10 17:21:30,2018-08-22 00:00:00
e13713108caa1e5a2604672467aa9d8a,d634d6e1af671a92e9a459b53eb37afa,shipped,2018-03-05 19:45:44,2018-03-05 20:09:09,2018-03-10 02:18:24,,2018-04-02 00:00:00
6f1651e4c1a0b1e952c2510138563e47,59dd4b1b3258f572d837fac05401ec3d,delivered,2018-05-15 14:31:21,2018-05-15 14:55:20,2018-05-16 13:45:00,2018-05-18 15:40:16,2018-05-23 00:00:00
a713bcbeca6421f5c01ea32964ac2b94,f452a1351e76f144ffc4ca01bef3bc44,delivered,2017-09-30 15:56:36,2017-09-30 16:24:36,2017-10-02 20:19:59,2017-10-05 18:07:49,2017-10-25 00:00:00
7c0fd982d3023d25cbdf1f8f1fe7407c,8abb94e8442d2461166a3e7dd5116aa6,delivered,2018-03-16 23:54:52,2018-03-17 00:49:22,2018-03-20 00:25:37,2018-03-23 14:11:13,2018-04-04 00:00:00
ab7903b95175ea31f7bd33718a583e88,4f23f4877a66047ba1190befacdca13c,delivered,2018-03-20 10:01:57,2018-03-20 10:15:34,2018-03-22 14:18:43,2018-05-03 02:04:11,2018-04-10 00:00:00
9b32795311e821b3314911f55bb8a327,d9946163c70bfc5dccb45abf8786ef0d,delivered,2017-06-09 13:52:07,2017-06-10 02:50:38,2017-06-14 07:37:02,2017-06-19 11:53:36,2017-07-10 00:00:00
168d3552147af1da6282c46975968c45,5f009a508f2a4bff928bae59151e9587,delivered,2017-07-17 15:14:19,2017-07-17 16:15:53,2017-07-20 18:27:42,2017-07-21 15:47:21,2017-08-04 00:00:00
38187389c2f33340aa62db07a30a5c89,59d79f98f34e1e8efd46e293382a8de1,delivered,2017-09-27 20:42:00,2017-09-27 20:49:27,2017-09-29 12:51:27,2017-10-05 18:37:40,2017-10-31 00:00:00
3d65ef7325cb471f8095e1c0f4537f48,cd7d6a1bf49894528c2506b3ed5c9d13,delivered,2018-01-16 16:56:35,2018-01-16 17:10:12,2018-01-17 17:51:39,2018-01-31 19:52:52,2018-02-06 00:00:00
80f206a25c4f2cfb8f12febcb3c3baba,fa84e29eeeb4975e87f5247804cba2b4,delivered,2018-07-12 19:09:18,2018-07-12 19:23:58,2018-07-13 14:01:00,2018-07-24 00:27:29,2018-08-06 00:00:00
d2975b514d409e2944d8d63ec7156292,ede73651e88f588294ea758d2145d22f,delivered,2017-12-12 14:49:05,2017-12-12 14:58:24,2017-12-13 18:44:29,2018-01-09 20:44:53,2018-01-08 00:00:00
6a1a1bf2fd36dee014df573300dc3ac0,36175e3da7afbfa75d52b672702c36ca,delivered,2018-07-06 09:07:58,2018-07-06 09:31:27,2018-07-09 05:41:00,2018-07-23 17:04:36,2018-07-30 00:00:00
70e6329357c33a4f1c54d27e53a38231,988d6a25b8787e321e18ec0cede4acba,delivered,2017-03-24 17:36:09,2017-03-28 03:50:31,2017-03-28 13:01:02,2017-04-08 02:30:15,2017-04-27 00:00:00
2372d0c3ea71f023b269f1c1ba34f675,a01515e4086971d3bdd9b13283c6c5b1,delivered,2018-08-08 17:42:30,2018-08-08 17:55:10,2018-08-09 14:32:00,2018-08-13 18:19:37,2018-08-21 00:00:00
8e075f06285446d7a9e69956e64309ec,60228c33dfb376c26f079c73e5a39ea5,delivered,2017-08-26 21:53:54,2017-08-26 22:16:12,2017-08-28 18:56:07,2017-09-08 22:42:27,2017-09-22 00:00:00
67b2796561ac2c941f6daf9881b510ae,e9624a808ce6214efe9b4b0e15d50dd1,delivered,2017-02-14 21:00:15,2017-02-15 02:45:42,2017-02-16 03:37:44,2017-02-24 08:53:48,2017-03-13 00:00:00
b26d21b6d1c33dd959e1ece6cbcce322,e996e13b2036d27c07ee1c861426d7de,delivered,2018-05-16 17:04:10,2018-05-18 05:16:45,2018-05-18 13:45:00,2018-06-05 20:23:33,2018-06-07 00:00:00
a4131292599279a50b734fb7fbf83c0c,1e0f911566b6b2b5f3baa386b315d2d6,delivered,2017-02-28 14:46:06,2017-02-28 15:01:34,2017-03-01 14:15:02,2017-03-08 09:54:03,2017-03-23 00:00:00
8acf6bb5ec0d534f95eb4048e9270f6e,cb4a25628c79aab4a0f96c836c960eb8,delivered,2018-03-11 18:22:45,2018-03-11 18:35:30,2018-03-13 00:28:25,2018-03-16 02:28:21,2018-04-05 00:00:00
49bbb428c234dcf31c4d66d4e8e1c04c,4c36169fa0fb2131640c936269b87ea5,delivered,2018-05-01 13:31:21,2018-05-01 13:50:38,2018-05-02 13:39:00,2018-05-05 16:08:41,2018-05-14 00:00:00
aecfda74ec8e7c93765ba62e09a995d2,dc3f176f60d9cb50f4c72657dedd9824,shipped,2017-05-29 18:59:38,2017-05-29 19:15:12,2017-05-30 11:39:31,,2017-06-23 00:00:00
eb3def506468a28e922792bce17156b0,adfafa26756e071b2715e7ca34d235ce,delivered,2018-07-01 13:07:10,2018-07-01 13:15:19,2018-07-02 14:24:00,2018-07-05 18:27:39,2018-07-27 00:00:00
45f14ab2b316bbd9eec1c8af6458e2c9,f540872f1ed8eea80a8e40d1a424cb2a,delivered,2017-10-31 14:30:08,2017-10-31 15:31:21,2017-11-07 18:36:52,2017-11-14 14:47:10,2017-11-23 00:00:00
749309f96df588c96621963117e9530f,7cbca7bfacc12d22b0c5ec54733013d0,canceled,2018-08-14 17:57:15,2018-08-14 18:25:19,,,2018-08-17 00:00:00
60229238a1d7386617d6f8352e246cbf,b42b9d560b787688809b95ff0f48bfdc,delivered,2017-07-19 19:46:54,2017-07-19 20:03:08,2017-07-20 16:43:52,2017-07-25 19:21:30,2017-08-10 00:00:00
104a64ec4b4a7f18e2427f0ec5faf401,0a986427b1138350ebc9779dca1e4993,delivered,2018-05-20 17:31:30,2018-05-20 17:55:06,2018-05-21 20:06:00,2018-05-22 13:52:12,2018-06-05 00:00:00
b1873e7f1c0220c132db2642ecf2bf1b,389efb68674e38efb4ce37a9b72ca36f,delivered,2018-07-16 18:55:19,2018-07-16 19:10:16,2018-07-18 14:02:00,2018-08-07 11:20:45,2018-08-22 00:00:00
59668dbabb7fd2151ea6d80d1ea0f251,3c9792a69423a23cb1fba107c5079981,delivered,2018-03-02 11:20:41,2018-03-02 11:30:44,2018-03-03 00:17:30,2018-03-08 21:06:26,2018-04-02 00:00:00
64e827a2a04dc6dd5adcb685b1d26ed1,f4c527f30d0af8124485642436b910c1,delivered,2017-07-02 12:18:48,2017-07-02 12:30:12,2017-07-03 15:21:15,2017-07-11 18:19:34,2017-07-25 00:00:00
9f1cdc0e091b90e61836ddc009a60ef2,9a6fb2784ae4acd6acca8b15eae329e3,delivered,2018-03-14 10:11:42,2018-03-14 10:28:10,2018-03-14 23:21:07,2018-04-11 21:36:50,2018-04-06 00:00:00
502e5055c2b73646d58038d1ece95cf1,6a0da511a676532c35e86ca579164242,delivered,2018-04-22 18:37:24,2018-04-24 19:06:42,2018-04-25 11:58:00,2018-05-14 21:16:49,2018-05-21 00:00:00
a0fd8189420447a19f96862d4e128d57,4c36e9c525a942e63ece24d3656244de,delivered,2017-08-07 10:36:36,2017-08-07 10:50:19,2017-08-09 12:20:06,2017-08-16 18:28:55,2017-08-31 00:00:00
8da21fa53a570d0624c7a5d0c14c617a,df7338a04458506a3b2f23056c466e88,shipped,2017-06-07 17:02:27,2017-06-07 17:10:20,2017-06-09 12:03:00,,2017-06-28 00:00:00
d025ee065bc1ef9e329d049e64d06ca8,8c0dee2ed4dd58189790ce7c7e378502,delivered,2017-10-30 00:45:12,2017-10-30 01:06:00,2017-10-30 20:13:54,2017-11-16 17:32:53,2017-11-28 00:00:00
8f4af0beb1760e835b5a30e97e8920f5,c25e0f563bb2655bc1328ec49a60b540,delivered,2017-12-14 15:44:30,2017-12-14 16:11:51,2017-12-18 19:29:00,2017-12-30 14:38:08,2018-01-16 00:00:00
8b43a48f7c3254d79efa87d9d4b68578,7b43541b68a832baf60802c3119dfe80,delivered,2018-01-22 23:53:16,2018-01-23 01:24:51,2018-01-24 00:38:26,2018-01-26 17:29:07,2018-02-14 00:00:00
38e2829123a2bd1cbe111564824d0abb,4d27341acd30a36bca39008ee9bb9050,delivered,2017-01-26 11:14:58,2017-01-26 11:25:21,2017-01-27 12:19:14,2017-02-09 12:15:20,2017-02-22 00:00:00
90ce0511d1c55fdb081fc064ff96ecd9,e12983aa0f1b9040ca5facb911f07600,delivered,2017-07-13 12:34:30,2017-07-13 12:50:11,2017-07-14 20:03:02,2017-07-17 15:22:42,2017-07-26 00:00:00
a73c3ddde7053504491569e480840e6d,e5fb6cd64fec5359007cd7aaba77ec82,delivered,2018-03-19 21:01:43,2018-03-19 21:28:32,2018-03-21 18:48:36,2018-04-11 17:52:30,2018-04-10 00:00:00
a3e2d1518e63601f43da9b2ed1ac900e,82782a8ab4c15acf2e65f35f6ac6237d,delivered,2018-04-14 19:37:38,2018-04-14 19:51:36,2018-04-16 15:39:50,2018-04-25 23:08:21,2018-05-08 00:00:00
b7baf4f0b6c65476ea5e4bf388710a09,3efd90addf25f86498def3d8aed02174,delivered,2018-01-02 20:21:06,2018-01-04 08:58:57,2018-01-04 16:30:14,2018-01-05 19:09:34,2018-01-18 00:00:00
ef3cb4aad45c5799a70caabb84e7b62a,88e7f69e0084b4abd65fe6f19be36871,delivered,2017-05-18 18:01:52,2017-05-18 18:10:18,2017-05-25 07:10:00,2017-05-26 09:25:40,2017-05-31 00:00:00
f84774cb3dcbf3aa3ce51aa77d0f5ddd,60ce2ffc10359a9d9bbbf106440230de,delivered,2017-06-11 13:25:41,2017-06-11 13:35:19,2017-06-14 10:10:00,2017-06-19 14:52:23,2017-07-06 00:00:00
01b02139ac5f79a5de2c56284af7bb3e,58ee8c095bfa7fab72d5ab65d411c975,delivered,2018-04-24 18:27:38,2018-04-26 04:15:24,2018-04-27 17:48:00,2018-05-02 13:44:24,2018-05-10 00:00:00
1886d25a5ec0c9494c99ef246359cde6,447d75dd121db27fade133f7cec0e721,delivered,2018-07-15 21:50:53,2018-07-15 22:04:12,2018-07-17 11:34:00,2018-07-24 22:51:46,2018-07-30 00:00:00
5c424723e6c31ecf7f61cf7b048c11d5,3363c6dd97eaf38cf514fde1ba912b66,delivered,2018-01-23 14:50:23,2018-01-23 14:59:24,2018-01-24 17:37:00,2018-01-25 15:07:03,2018-02-07 00:00:00
48c35042cb072a8ed4da07c418f0b125,aec46c70ee4de5fa0bbd56a89a301ae8,delivered,2018-03-21 12:57:24,2018-03-21 13:47:56,2018-03-27 17:07:49,2018-03-28 18:26:47,2018-04-03 00:00:00
97d2d4d4e4016a1ea008f1e3a3e35ea5,8e5e71fc2fc91792644214a1cfd64bae,delivered,2018-08-15 20:57:36,2018-08-15 21:10:17,2018-08-16 14:13:00,2018-08-22 22:29:40,2018-09-03 00:00:00
de63e691acb3231890dcb063f627657b,018ffb868962388b3ac93b203a8dcbe0,delivered,2017-08-04 19:17:37,2017-08-08 04:24:38,2017-08-08 18:32:29,2017-08-15 17:44:13,2017-08-28 00:00:00
515ff4f26a0c57c5011d891e45f3ed2f,5225567e83a39dbc0e509585158c7571,delivered,2017-12-19 14:31:31,2017-12-19 15:54:28,2017-12-20 21:42:40,2017-12-28 18:02:55,2018-01-12 00:00:00
f82c97fae29a4711ae4800dadd3487b1,9ca7ead018eac070d9bd5e5604e51d20,delivered,2017-11-24 17:47:26,2017-11-24 21:13:02,2017-11-27 15:28:49,2017-12-07 19:11:49,2017-12-19 00:00:00
f71e06568edf59fbeb7f65cb4cec3215,8d3ea4ce4db4c0149f00a88699022ebf,delivered,2018-06-28 13:06:53,2018-06-28 13:31:26,2018-07-04 09:26:00,2018-07-05 16:28:42,2018-07-18 00:00:00
2972bf7609b0a30508f2a31d49bc6f84,923d0e3c2ccf0e2a6b23bbad552934dc,delivered,2018-01-12 12:12:02,2018-01-12 12:19:32,2018-01-16 18:16:58,2018-01-19 02:19:17,2018-03-08 00:00:00
e1fa2787ce8e0bf4ddf128a263acad6c,d1bf39dbe7edffd63bd0b06407b12446,delivered,2018-08-09 12:17:42,2018-08-09 14:26:21,2018-08-10 14:24:00,2018-08-16 19:50:57,2018-09-04 00:00:00
d8eada63874f4ad83911e6c388521ba9,f7e31a326f42d4b02b94795a2d3aee77,delivered,2018-05-14 18:04:13,2018-05-14 18:37:16,2018-05-15 08:36:00,2018-05-22 09:31:56,2018-06-18 00:00:00
4ad67779ba72ded4178661f3872b91da,68a75be7ad2d974aa966c9b0a9ed89e5,delivered,2017-06-07 13:47:35,2017-06-09 02:35:20,2017-06-09 13:02:52,2017-06-19 16:18:48,2017-07-06 00:00:00
163b53e265c530cded6553a3b5d485cd,7b92d2af2f3ce0611b68dfbc5db7870f,delivered,2017-08-12 15:07:19,2017-08-12 15:23:52,2017-08-14 16:22:59,2017-08-15 14:52:17,2017-09-01 00:00:00
44b87222a39cf1f615e23599913b099d,ac959e22b0cd67aec6bdc0e3e4aa2ad1,delivered,2018-08-16 13:02:09,2018-08-17 03:29:52,2018-08-17 15:02:00,2018-08-20 13:34:46,2018-08-21 00:00:00
3bf55ff583973c0c06914babcbb30891,8a6d71ee4abd5374542ced36a5c53e40,delivered,2018-01-15 20:35:23,2018-01-15 20:50:45,2018-01-19 01:10:09,2018-01-22 18:52:01,2018-02-07 00:00:00
68d6a88ad21deaa5a9e4ae18d4099432,4f4cd251d75704c981b55116cf3f7ee7,delivered,2018-05-06 16:30:40,2018-05-07 09:13:27,2018-05-07 13:08:00,2018-05-15 17:32:08,2018-06-07 00:00:00
7edf26c8a1e67ce26c2d1457302bd03e,62500b6c311fa15e3014b4a13391258d,delivered,2017-05-04 09:16:16,2017-05-04 09:30:09,2017-05-09 07:19:56,2017-05-22 11:06:51,2017-05-29 00:00:00
aa7de25bfe161881a47a6e8b62ee4dcd,c8b2ae2852e70c98109dc79300214954,delivered,2018-06-08 22:27:24,2018-06-08 22:57:14,2018-06-11 14:05:00,2018-06-15 01:06:27,2018-06-28 00:00:00
7f78e1965c91c6922ecca587c78b4a2d,82ec000ce5e9a86a39ae08553c9fbd13,delivered,2018-06-11 14:16:37,2018-06-11 14:38:38,2018-06-12 11:50:00,2018-06-18 13:39:30,2018-07-11 00:00:00
bca88b3b35d1223abd0d2a29ddc7166e,eb914f782da6a9bb3aeeabfd71c3966b,delivered,2017-12-28 20:05:33,2017-12-29 16:13:29,2018-01-04 21:52:13,2018-01-05 22:35:34,2018-01-17 00:00:00
300e2dfe7d37393693973f78426a0807,9890637cbb5c311fb67564a3f6b09ed4,delivered,2017-08-11 13:05:16,2017-08-11 13:23:43,2017-08-14 19:12:35,2017-08-15 17:25:02,2017-08-24 00:00:00
8915744dea1061d8cdfed128c6c7b546,fd296940ea15b437d576eb81a265d3ad,delivered,2018-03-07 07:22:40,2018-03-07 08:00:25,2018-03-07 19:09:37,2018-03-27 20:18:39,2018-03-29 00:00:00
862510fc0a355d6cfe5c4add63ae9566,a83105a7f769fb04c0209dca18f3d17c,delivered,2018-08-07 16:05:28,2018-08-07 16:15:21,2018-08-08 14:59:00,2018-08-20 19:25:25,2018-08-27 00:00:00
ec01061fb5f4ee5c6f97b1f7a53f9d0a,b1c4bde077e0f4f75f8ea179373ab393,delivered,2018-03-18 22:15:47,2018-03-18 22:30:34,2018-03-19 19:58:58,2018-03-23 00:38:48,2018-04-16 00:00:00
4107a5429304c314c4b73f29822ba268,0f9fc4ae62bfcdbcf167260cbf33695e,delivered,2018-01-23 20:14:35,2018-01-23 20:38:52,2018-01-24 15:52:10,2018-02-05 12:15:19,2018-02-26 00:00:00
c7c28a159a907d1d0ff580856daffa72,167be5b45cbb0ea5a6ef63a599c16c8d,delivered,2017-04-20 11:56:40,2017-04-20 13:05:29,2017-04-20 13:37:53,2017-05-16 15:36:43,2017-05-11 00:00:00
6fd39a1adde54d0a5e6fe5ddc6c8784a,4e364c106217fcf45f21a4db793866bb,delivered,2018-04-01 19:57:10,2018-04-02 21:28:58,2018-04-13 01:51:10,2018-04-19 16:04:20,2018-04-27 00:00:00
9beb8f36f52444f84ec529e84439522e,0c3dd62fda9b8c9acd32576cdb189057,delivered,2017-10-08 16:50:45,2017-10-08 17:07:15,2017-10-09 17:28:16,2017-10-18 20:22:40,2017-11-10 00:00:00
75132ec71e262337d5239bf757ce228f,e1e500758ecfd8eae3ac31f50644d393,delivered,2017-12-07 16:25:37,2017-12-07 16:34:25,2017-12-08 18:24:45,2017-12-12 17:33:12,2017-12-26 00:00:00
3da480f0b570c286f15f34efa2cbb2d5,8652ac0dcc743b8038987ef63a522ce4,delivered,2018-03-04 16:17:16,2018-03-04 17:20:26,2018-03-16 00:52:43,2018-03-20 15:34:39,2018-04-02 00:00:00
ff3e501f56dcf0752578d86df833558f,fd3a4a98872b8a7531de4db63bece852,delivered,2017-10-16 11:52:30,2017-10-16 21:14:33,2017-10-17 16:28:55,2017-10-31 21:51:23,2017-11-23 00:00:00
0c1426109d8295a688ee4182016bba59,d5114ea20c2a52447a40aa1e87bfd5cd,delivered,2017-11-24 21:24:29,2017-12-07 09:50:08,2017-12-08 18:15:14,2017-12-14 19:48:30,2017-12-21 00:00:00
803e822a03730624352b85d6bb2727c3,71a1cb321823bfbc0f0665edca5b63e5,delivered,2018-01-08 15:09:19,2018-01-08 15:17:20,2018-01-09 17:27:33,2018-01-26 21:14:25,2018-02-02 00:00:00
c884d72c3ddc5b65c6eb6c37f2d14578,16a3b1c043fac7263aff62e7cb65fad5,delivered,2017-07-16 22:01:32,2017-07-16 22:15:12,2017-07-18 18:26:39,2017-07-27 19:57:33,2017-08-10 00:00:00
91c4fb2a013280c780ea608101fcac7c,6ed78cba5e474a9a429c802ff901218c,delivered,2017-10-30 21:50:04,2017-10-30 23:31:09,2017-11-01 20:39:39,2017-11-18 14:38:35,2017-11-17 00:00:00
a850819097762e4dd825ae3d911f5861,ff06c41711731780b94fb5b060a45893,delivered,2018-07-22 12:16:24,2018-07-23 11:31:42,2018-07-23 11:21:00,2018-07-31 16:10:37,2018-08-13 00:00:00
8b3c2785144e72ccba9b0213f0f1cd1e,e6138dce24962a66623898c89db41ef7,delivered,2017-08-30 06:22:57,2017-08-30 07:00:05,2017-08-30 20:43:45,2017-09-06 20:27:43,2017-09-26 00:00:00
d87739e1a489341831ec68b0876174f0,d221d7e0deaaaa2353d2128ec942ba0f,delivered,2018-08-21 10:43:37,2018-08-21 10:55:22,2018-08-22 11:24:00,2018-08-23 19:11:01,2018-08-28 00:00:00
bd3b1eb371dd6c8ca77447b363de08cd,cb42e9b62886938ce8d9bd209bc68d09,delivered,2018-05-11 23:03:20,2018-05-11 23:36:26,2018-05-16 13:18:00,2018-05-23 16:36:51,2018-06-04 00:00:00
5077287aeb4c2ee7662411de334235ab,c970514793f89e388fee0d848a07ff05,delivered,2017-12-04 12:25:33,2017-12-04 16:30:40,2017-12-08 17:38:35,2018-01-07 12:53:38,2018-01-05 00:00:00
2e82ec02fd250aec723a595b1970500e,12adcfa1159b10e015efd87a682e579c,delivered,2017-11-15 10:00:44,2017-11-17 04:26:11,2017-11-17 23:12:08,2017-11-24 18:14:47,2017-12-14 00:00:00
c813c8ce58b2cb2f903c4e6a3aac9f5f,040cdacd2e48d9702c0f6a9347f414da,delivered,2018-03-01 22:20:35,2018-03-01 22:30:32,2018-03-02 17:33:54,2018-03-14 21:26:26,2018-03-26 00:00:00
d6cd6f2a2537414f83cadc49e6e02e3f,03d68326e3785e49748a00805e89e61c,delivered,2018-01-18 00:25:51,2018-01-18 01:30:54,2018-01-22 22:37:02,2018-01-30 15:41:58,2018-02-16 00:00:00
ba3dfe274b92578ad6af3b17d141033c,7d3b9525b38ede555351e75caf596b4d,delivered,2018-03-01 14:32:59,2018-03-02 14:35:34,2018-03-06 19:08:16,2018-03-26 23:21:06,2018-04-02 00:00:00
98ffbd84c7dcfaca87f6a248719b9bb7,e09c9ad5a286eb60a8782f205629b53b,delivered,2017-02-19 19:14:47,2017-02-19 19:25:13,2017-02-23 03:09:13,2017-03-07 13:03:37,2017-04-06 00:00:00
3ea870dceaaf86d0d1f024d34139d5a5,54f83d1beac65b66bc24f2f0d72d52d4,delivered,2017-02-05 15:34:17,2017-02-05 15:45:18,2017-02-06 10:16:16,2017-02-09 09:32:06,2017-03-13 00:00:00
6b1f68a2d5c9524f453ea9e273baf918,d465b125655487b477f02c1e613f5c80,delivered,2017-09-29 10:43:17,2017-10-03 04:23:50,2017-10-06 20:59:50,2017-10-16 22:34:09,2017-10-26 00:00:00
6e3febfbf4c5231d475e996a192c7076,46edcf2abf681a6c54768fee4a68f795,delivered,2018-03-16 10:13:27,2018-03-16 10:28:07,2018-03-16 21:48:25,2018-04-10 21:32:13,2018-04-05 00:00:00
3703de7642fa764089c3bf77e41870d7,1128a133c281106fc866773b4a79888c,delivered,2018-06-26 19:58:54,2018-06-26 20:10:17,2018-06-29 14:08:00,2018-07-04 21:38:40,2018-07-30 00:00:00
739e2bbb1a8b8d9d27c37a0b9d16d0a2,4f90b60d6c2988dc9b2842809df82e2f,delivered,2017-09-12 20:46:24,2017-09-12 20:55:14,2017-09-15 20:27:00,2017-09-27 18:53:51,2017-10-06 00:00:00
f916cacb752116d552d42759c8da0cca,8d4093a730c51098399f993544697e73,delivered,2018-03-05 18:12:15,2018-03-05 18:30:41,2018-03-08 00:58:00,2018-05-04 20:28:41,2018-03-28 00:00:00
4cd9b9d1035b07b0439d6d3e934a75b7,91e69f300d02ffb32f57621542b728c7,delivered,2017-06-25 13:24:01,2017-06-25 13:35:09,2017-06-28 14:57:27,2017-07-13 18:09:50,2017-07-14 00:00:00
1032cdde705c24776a43441b77855fe6,d03e957168b70cdef000379fa0aab72b,delivered,2017-11-24 18:40:50,2017-11-24 21:55:56,2017-11-27 19:04:51,2017-12-04 15:49:00,2017-12-18 00:00:00
5d1e5995e3ceddeeb9883bb9e449bd5f,6346d7fdaba4e9058e9c62d4424e391b,delivered,2017-11-11 10:47:58,2017-11-11 11:06:48,2017-11-16 15:48:29,2017-11-23 21:27:28,2017-12-05 00:00:00
cccd9de9d481ae418dd03dde0ca78106,acbb93f4802582a3ecc54a0934a8ab2e,delivered,2017-11-07 21:02:20,2017-11-07 21:51:41,2017-11-09 17:07:00,2017-11-10 21:09:14,2017-11-21 00:00:00
c5f72d97d28261afcce1192481123758,fc4082499edb3980c3d510943cebbd8b,delivered,2017-11-06 12:38:32,2017-11-06 13:32:04,2017-11-10 18:14:44,2017-11-22 20:32:07,2017-12-08 00:00:00
e4792daf8d9ddb74de6985c5d6980409,f26ab0f57449753ea2109ca8b35d1034,delivered,2017-04-27 14:00:44,2017-05-02 23:32:29,2017-05-05 12:23:45,2017-05-15 09:07:51,2017-05-29 00:00:00
83770d60d218596bb63572242c2a2a26,9b19611cde9d30a2bab502ee94b70643,delivered,2018-03-16 22:23:48,2018-03-16 22:35:35,2018-03-21 18:41:38,2018-04-06 23:16:31,2018-04-09 00:00:00
bb39dce934e697a81c9dd50236b8d8cd,5aa3cd667f15ab59d08f0467df70f7ae,delivered,2018-01-21 15:44:24,2018-01-22 13:52:42,2018-01-23 22:38:44,2018-02-01 22:57:45,2018-02-15 00:00:00
67769a73846d87e262821ff4761545d4,f158fc2fa2ef6499597207f4dcc7a6ed,delivered,2017-04-25 16:33:00,2017-04-25 16:45:16,2017-04-26 12:18:13,2017-05-02 11:14:41,2017-05-30 00:00:00
6893c39daa6589e577917e3325ec2eec,a51c207dcb5aedd5e42697d95e5e34f5,delivered,2018-05-11 19:18:35,2018-05-12 19:16:28,2018-05-14 13:57:00,2018-05-18 15:08:57,2018-05-24 00:00:00
f6c39c67509d85f483f3bf334bd510e3,666ba9fb28db6b352c8cf2d0091164cb,delivered,2017-12-16 16:05:46,2017-12-16 16:14:29,2017-12-20 17:38:25,2018-01-09 19:35:51,2018-01-17 00:00:00
86f18e8bfc05ddce85ea8e1146eac6ee,fa4351ea18b92a5f0ae15a5207738302,delivered,2017-04-30 11:07:40,2017-05-03 11:35:54,2017-05-04 16:07:38,2017-05-23 11:31:40,2017-06-07 00:00:00
c12a024134a5c992b724942a160a99c6,800d77bc87900f401bd9109dad6f0d84,delivered,2018-03-19 08:56:43,2018-03-20 03:28:43,2018-03-21 21:05:17,2018-03-26 18:28:30,2018-03-29 00:00:00
b965255594edcff29330c2ce35e85585,55f7c133632005298327e54f1ebbf885,delivered,2017-10-31 12:58:38,2017-11-01 12:55:29,2017-11-06 18:38:05,2017-11-14 21:28:58,2017-11-16 00:00:00
1c67e99dc37224bf3ad220ae2368c068,f68313aa890cb1f32ea402439c6f1c4d,delivered,2017-06-08 22:00:07,2017-06-08 22:15:22,2017-06-12 09:38:14,2017-06-13 12:03:26,2017-06-23 00:00:00
220f16b082fb12df459a193b4bbf9dbf,31db7b9f58e06664aeb89a82f52240b8,delivered,2017-03-22 14:09:46,2017-03-22 14:09:46,2017-03-24 11:36:27,2017-03-31 11:12:55,2017-04-12 00:00:00
9e929678356c7476ba7a7f94d9715062,6e83cb3151777d36475c5b2dc6790e11,delivered,2018-03-27 22:15:44,2018-03-27 22:30:11,2018-04-02 19:40:57,2018-04-06 22:32:02,2018-04-20 00:00:00
f94445f68d1478fe6be0b1c7bea0e646,c264cdc70ef83d574f3060b9e83f0e23,delivered,2017-02-21 22:38:15,2017-02-21 22:50:11,2017-03-01 16:28:48,2017-03-06 10:09:17,2017-03-30 00:00:00
ea33aded94976ddb4b9ff4eda6c2eac9,32a81f532a1fbf51f944327bfbc52152,delivered,2017-11-21 17:34:43,2017-11-21 17:48:28,2017-11-22 17:48:42,2017-11-23 17:38:50,2017-12-01 00:00:00
2aedaa475bd0650b62bfadfdeaf83132,5477904d7453e761b2942548b8effcc5,delivered,2018-01-30 16:01:39,2018-01-30 16:15:36,2018-01-31 21:15:11,2018-02-05 21:41:53,2018-02-15 00:00:00
f8b5b03c257fa65413876c7417959439,add2a2eb1dfe0db6e56ef0edd97e9969,delivered,2018-07-09 22:27:39,2018-07-11 03:26:06,2018-07-12 10:47:00,2018-07-24 18:28:25,2018-08-03 00:00:00
e7eae9fb17a9b0cae9fdb0dad8afccdd,6201e25b347bf0769399c5767099278a,delivered,2018-07-31 19:28:02,2018-07-31 20:04:11,2018-08-02 17:46:00,2018-08-03 13:26:43,2018-08-07 00:00:00
6f51c1344ad020aefab85b67a98bebd1,4cb1a8448844265aa0e0265f8bba2d9f,delivered,2017-12-15 16:43:26,2017-12-15 16:53:25,2017-12-20 18:32:48,2017-12-27 18:48:40,2018-01-10 00:00:00
c76b75e541b06461ec9cf363fd962ee3,90df085f8a512665dce9ae9e923b0b83,delivered,2018-05-23 15:50:05,2018-05-23 16:16:01,2018-05-23 14:51:00,2018-06-07 19:31:51,2018-07-02 00:00:00
f6f02e9abb77e86bfac81d2912451366,06209669ef54abc607e5e6bc430676c6,delivered,2017-12-18 22:26:02,2017-12-18 23:30:14,2017-12-19 19:49:21,2017-12-27 17:24:42,2018-01-15 00:00:00
e11fec6c25945565c1ef4f14fc3c03b7,fdf0fe7cd1365ffdcbbc3b95273a20a5,delivered,2018-05-25 10:33:39,2018-05-26 09:10:31,2018-05-28 15:01:00,2018-05-29 17:29:47,2018-06-12 00:00:00
e0353eeedba2f065dcb285de34e49f03,eabb7326f27bf091ea64344244274c24,delivered,2018-06-13 09:32:06,2018-06-13 09:57:10,2018-06-21 14:02:00,2018-06-26 01:24:50,2018-07-13 00:00:00
444baeba76a46804ce48bc19d0d45453,ff7aac0fdcd478b2586a812fd44f3b67,delivered,2018-07-19 14:01:10,2018-07-19 14:10:18,2018-07-30 13:39:00,2018-08-02 17:05:00,2018-08-16 00:00:00
8163efda614023e2abc96657b804f15d,a6e5072e7e0797c72ee9a602f6ba2cdc,delivered,2018-07-05 18:10:54,2018-07-05 18:32:05,2018-07-06 11:14:00,2018-07-12 21:21:30,2018-08-02 00:00:00
d191ac7a9642a12d39419f26f43f800c,cca714a45e5835370a3da95bd5bc6b1f,delivered,2018-07-17 23:49:21,2018-07-18 00:05:19,2018-07-18 14:22:00,2018-07-23 16:33:07,2018-08-01 00:00:00
2f8691a66c1a37780996a2479e8bea62,5692fbc657396192e5fc13d68909c77a,delivered,2018-06-08 13:13:33,2018-06-08 14:30:49,2018-06-13 13:55:00,2018-06-25 19:36:40,2018-07-11 00:00:00
c577af5e9d5dbecf0ac65ff28cb8ad45,4877c8bc9b7438703b2e63ee5396335e,delivered,2018-08-09 20:25:54,2018-08-10 20:25:11,2018-08-14 15:54:00,2018-08-22 17:09:03,2018-09-05 00:00:00
3854d919f4a87c320706a32387a53c86,b3d7fac705120ac1aed5bae3a5abec4d,delivered,2017-05-17 18:34:39,2017-05-17 18:45:13,2017-05-18 08:29:30,2017-05-26 16:46:36,2017-06-08 00:00:00
b0b49de4bb38c36e7acd74d879631d6f,2bcb866f83a922fe129eee30d6657290,delivered,2018-02-20 18:15:43,2018-02-20 18:30:41,2018-02-21 21:23:57,2018-03-05 15:04:39,2018-03-12 00:00:00
6f0da4a159750a1e24884ed5b38a1ff4,d487aaf45b0fcddf9017e018a06d43d6,delivered,2018-04-17 13:57:32,2018-04-17 14:11:33,2018-04-17 23:35:43,2018-04-23 13:36:40,2018-05-04 00:00:00
c1bb430ee85802d59d07d0f769d32e2f,24eba626a3ecd25108018ea7b111e766,delivered,2018-05-23 10:49:50,2018-05-23 11:18:41,2018-05-24 11:42:00,2018-06-04 14:39:01,2018-06-21 00:00:00
3b8a3138cb95908731feea1a6e456ecc,895dc6310e03a3a99b01e8224e7086a5,delivered,2017-02-07 19:37:14,2017-02-07 20:42:19,2017-02-09 15:48:14,2017-02-16 10:57:31,2017-03-14 00:00:00
4e7c5bab2c0ee8406eb8aa8b2fd24d5d,5a5a2395b3f4e05559e4d319a85bb8f0,delivered,2017-08-10 17:55:22,2017-08-12 02:45:59,2017-08-16 19:42:22,2017-08-24 17:14:13,2017-09-08 00:00:00
8a83c8fd93adfaa18ac3977636afc8bc,f5fc92d4bf1733a6700f10d06756b5e5,delivered,2018-01-12 22:34:15,2018-01-12 23:16:27,2018-01-15 20:32:50,2018-01-18 15:42:20,2018-02-02 00:00:00
824417a658c64fabf08b55e981b184fe,38eb52ab52fb7853f347f9d2f8bbc2b5,delivered,2017-07-05 20:35:07,2017-07-05 20:50:07,2017-07-12 13:32:06,2017-07-17 15:14:47,2017-08-03 00:00:00
faa54bc5aa33bf46cfeb7574c19ee20f,095c3d551714febc24aaaf002f8efcc5,delivered,2017-06-01 16:04:37,2017-06-02 10:55:15,2017-06-05 18:06:44,2017-06-19 15:08:42,2017-06-30 00:00:00
67d53222525b2b5b1e913487b953e2db,a78a279f5cf0cf0f217505c4fe856432,delivered,2018-02-14 22:36:40,2018-02-16 14:29:50,2018-02-15 19:25:54,2018-02-28 23:58:37,2018-03-15 00:00:00
7b6f8f9952e11aa804c472ee11a298f2,587e813286f057988808033be2a63a4f,delivered,2017-11-27 08:48:59,2017-11-27 08:56:26,2017-11-30 16:06:37,2017-12-21 19:44:36,2017-12-19 00:00:00
510bff1cf06be1143d3b6698df2fd486,65e4681470e66fa92770a629a7ec0884,delivered,2018-02-20 19:24:41,2018-02-20 20:40:59,2018-02-21 22:49:18,2018-03-23 19:50:50,2018-03-14 00:00:00
7a6ff0df4e3355199375d34e7bb165c7,8608a90de2799297534401ce912e282f,delivered,2018-05-05 18:28:30,2018-05-08 04:14:31,2018-05-08 15:09:00,2018-05-09 20:45:38,2018-05-18 00:00:00
8549f693ac0aefd770eee2cdd7e18e08,b1b2221afa08f6c771c5974659000cda,delivered,2017-12-27 21:28:45,2017-12-27 21:35:27,2017-12-28 18:42:16,2018-01-11 15:57:42,2018-01-30 00:00:00
855f884557e71149b525fa5fd8bf8a30,87a4ee899da050ef80de6de979521e12,delivered,2017-07-03 20:05:19,2017-07-03 20:23:45,2017-07-04 14:45:27,2017-07-08 15:51:38,2017-07-25 00:00:00
00e054d0da011d5016f31011af488f4f,fe43b2f349c9ab46883ce0e02491432c,delivered,2018-03-11 19:46:58,2018-03-11 20:08:42,2018-04-27 17:50:00,2018-05-08 15:44:31,2018-03-28 00:00:00
2717f4c53530f00ede208ee51da3c3ee,1a73ff2c67c54afa2e31d620071f1156,delivered,2017-03-01 13:21:14,2017-03-01 13:30:20,2017-03-03 11:41:57,2017-03-07 05:17:30,2017-03-20 00:00:00
3681bab4effe9b62e6ad70e65a7637de,030f3b54dff06714de54aae2962cd461,delivered,2017-12-20 16:06:05,2017-12-21 02:11:59,2017-12-26 19:08:53,2018-01-08 16:20:06,2018-01-15 00:00:00
e3827a4f142b13b7ab9bf72aea5d2391,bd9db7149b2c40d17315958f3f21fc8e,delivered,2018-01-09 15:12:54,2018-01-09 15:29:40,2018-01-11 13:57:19,2018-01-17 22:08:53,2018-02-21 00:00:00
db738d19eb9fe6721be783d4e46f1c4d,adad0151d1c1f4c056b59dd6f9146d58,delivered,2018-01-24 08:06:36,2018-01-24 17:59:15,2018-01-29 16:28:14,2018-02-06 18:16:30,2018-02-23 00:00:00
0a0090ae69392fa38ee742006f8c0a90,5b39c82ffd108c049f679ceed482f7e2,delivered,2017-08-11 21:59:05,2017-08-11 22:25:10,2017-08-14 14:58:03,2017-08-22 18:05:55,2017-08-31 00:00:00
99ca85d0497f1b958fabcd12b46168e6,f61b744f032d3de6c01387227322b865,delivered,2017-10-15 14:31:50,2017-10-15 14:45:02,2017-10-18 21:58:53,2017-10-23 17:20:03,2017-11-10 00:00:00
1a66f333fc14fa09a218cbb11f00233d,0c34c6b2040903846896ec9e587e61d6,delivered,2017-08-04 11:33:53,2017-08-04 12:20:09,2017-08-04 18:13:40,2017-09-12 21:02:59,2017-09-08 00:00:00
f57f638b140f81ca2f2df180747bb46f,8b1ac7ae8682963fd0186940a8289a53,delivered,2017-11-24 12:26:09,2017-11-24 14:34:33,2017-11-24 22:43:25,2017-11-30 16:38:09,2017-12-14 00:00:00
f848632484a14e56ee4ae609d013b95d,92e02a38a2d6043f4b2d8dcc5859b766,delivered,2018-08-07 10:09:04,2018-08-07 10:24:53,2018-08-08 14:50:00,2018-08-16 21:48:40,2018-08-29 00:00:00
c9a54f6ed83e951ec2cbec315d2333cd,05fd3454ddf16d297616f9167700ab80,delivered,2017-02-09 14:00:53,2017-02-09 14:10:19,2017-02-21 06:19:47,2017-03-02 09:14:04,2017-03-15 00:00:00
13f68da1f137146006b4c0c34b6824e8,68b3d6ac0b851622aa7e60f808a8c38f,invoiced,2017-01-24 13:02:32,2017-01-24 13:15:20,,,2017-03-07 00:00:00
ba701392524db7f9964b35a87de91a03,400c20f2719430f4366f2619fdfc2d1d,delivered,2017-12-18 23:34:03,2017-12-19 02:50:36,2017-12-19 19:52:57,2018-01-08 20:15:25,2018-01-16 00:00:00
fc6e9a6cd6985d3d454cccfdfdf66931,bc24781aafb6ba52afdae67ebb4ba3f0,delivered,2018-01-25 19:50:58,2018-01-25 20:15:38,2018-01-29 20:12:52,2018-02-06 00:34:19,2018-02-19 00:00:00
bdef1c734c8b9acb8b68c7ca2e608a63,098dd85ba7d190a7ac3f80a3e6a12b93,delivered,2018-06-10 12:08:05,2018-06-10 12:31:33,2018-06-11 13:54:00,2018-06-20 23:56:44,2018-07-03 00:00:00
eaf817b1e9460ea656747c70aa8d9c6b,69fa5d6edaf3d036a97be94a97c172e4,delivered,2017-09-12 18:00:13,2017-09-12 18:15:10,2017-09-13 22:07:34,2017-09-18 18:22:12,2017-10-02 00:00:00
afde95a684781b6fa700b1e2fc79416c,ab23995b2f7c718cd8c3b812ffd4d2e5,delivered,2018-02-05 09:49:06,2018-02-07 03:10:19,2018-02-07 19:56:01,2018-02-22 18:28:15,2018-03-08 00:00:00
20b9ddb6d4a3df0ea06f860c983662b8,b4637a197cfe9186fd3fcebc55c596f2,delivered,2018-03-19 22:14:58,2018-03-19 22:28:05,2018-03-20 21:25:49,2018-04-11 12:07:56,2018-04-13 00:00:00
c70fef01838263b8faae59464fd721a3,f2fcceab5c13703768b77087d19d62ed,delivered,2017-11-02 10:12:54,2017-11-04 11:30:56,2017-11-04 21:27:48,2017-11-09 20:53:11,2017-11-27 00:00:00
c3ce4348607876c449622d8803771aa8,ce86000b63d23d299c139b9b50246e03,delivered,2018-02-22 09:55:25,2018-02-22 10:15:39,2018-03-14 21:48:38,2018-03-16 23:23:41,2018-03-08 00:00:00
3d2e1f644275225a005ba11e6add8b4d,af3fcb590355fa0b0a71e1e5feec7b2c,delivered,2017-06-24 09:20:30,2017-06-24 09:30:12,2017-06-27 12:33:34,2017-07-08 12:58:03,2017-07-20 00:00:00
85008a8fe3cde72dea5abbbc2be0a2f8,642ca6837fc987be7fb4c37628647b46,delivered,2017-09-26 19:39:16,2017-09-27 15:24:47,2017-09-28 17:26:11,2017-10-09 21:28:01,2017-10-23 00:00:00
0f9dcd718955037bf65c97edcee390ff,1b0a218005553bbb622b569970807457,delivered,2018-06-26 23:44:15,2018-06-27 01:35:26,2018-06-28 14:35:00,2018-07-03 20:16:46,2018-07-25 00:00:00
339c4a8fdff27916641be1118b71ddbe,e8734195811f8f934b1fc92f114f12c4,delivered,2017-11-09 18:41:09,2017-11-10 03:10:27,2017-11-10 13:32:02,2017-11-14 17:21:46,2017-12-04 00:00:00
5bab7c4dc62f5bae4f349ceb09639444,6318e5484de466af8092d9d252c3d6a2,delivered,2018-03-29 22:59:32,2018-03-29 23:15:11,2018-04-02 20:27:01,2018-04-27 18:37:52,2018-04-19 00:00:00
519848aec23e707e7000d416d01c5054,6f7603719ae4f4d0f8be78f8f266bf0a,delivered,2018-04-18 22:51:58,2018-04-18 23:11:17,2018-04-19 20:20:43,2018-04-23 18:24:44,2018-05-08 00:00:00
e9fc4383978e3a12dcb8a7f429d12a9d,8627b27e02dbf7c31fbd7f80bcf86f77,delivered,2018-02-28 20:08:29,2018-03-01 20:09:32,2018-03-02 22:07:22,2018-03-12 16:16:36,2018-03-20 00:00:00
6370ed5bf9fc597975726885bde6ccce,efcdbbccc08a32f714e032c13febff25,delivered,2018-08-21 09:10:09,2018-08-21 09:29:47,2018-08-21 14:58:00,2018-08-24 16:38:46,2018-09-03 00:00:00
bca5de0cd7c36e900e23525477c2a446,ca6cc391290f8c43d6c2355a7e99052f,delivered,2018-02-04 20:00:08,2018-02-04 20:24:18,2018-02-06 22:38:26,2018-02-16 23:07:59,2018-03-09 00:00:00
3a96902e49651bc6e89660a93d5c6f60,1ed444f5d0c06b8fe5c17d80f7400c4f,delivered,2017-10-06 11:10:38,2017-10-06 11:25:44,2017-10-09 15:37:23,2017-10-17 22:34:19,2017-11-07 00:00:00
ce5a9de9a8a2c2a47c627c3615f90700,ee2e42a5fcbe3dbf6fce1d07639c8121,delivered,2018-05-29 21:08:28,2018-05-29 21:35:04,2018-05-30 12:05:00,2018-06-05 18:41:39,2018-07-05 00:00:00
6260a1de134b2ed0e97c3763b0c28aee,b7195944c3ced9b70bb7476dee99984a,delivered,2017-05-16 20:09:16,2017-05-16 20:21:59,2017-05-18 08:15:51,2017-05-31 08:29:32,2017-06-22 00:00:00
0ae6247166276150abcb71aaa91b0498,6d7e3bca55ce37a6c791ee1e96f4e6bc,delivered,2017-05-24 16:21:26,2017-05-26 02:30:23,2017-05-26 11:37:30,2017-06-08 13:42:51,2017-06-28 00:00:00
16a73b59c868ed5c7152b96b0ebc7693,63e7a08af483dc834e72063957f82e52,delivered,2017-10-18 23:21:35,2017-10-19 23:28:21,2017-10-20 20:42:09,2017-11-01 17:49:38,2017-12-04 00:00:00
0e4d9bad6fdffcf00307782a4200ec64,cf7465a3698b4378c6f53566da7d8381,delivered,2017-10-27 12:47:03,2017-10-27 12:55:28,2017-11-06 19:54:38,2017-11-14 18:17:43,2017-11-16 00:00:00
8284b00d4745bed4c4823f738941718f,eefadc15137f7f3499538969c14ab29d,delivered,2018-08-24 15:40:41,2018-08-24 15:55:15,2018-08-27 14:46:00,2018-08-30 21:57:50,2018-09-20 00:00:00
58f999d3fc97ccaa6ce17d0488658cb5,9a4df08b3ba855822a7d5e8c8a4c4f9f,delivered,2018-06-14 11:33:06,2018-06-14 11:59:39,2018-06-15 12:03:00,2018-06-22 17:39:51,2018-07-13 00:00:00
318f17dd3da19e3c819d905940547755,57bcc7ac5cfaa00fe722919fa7a2eb02,delivered,2018-08-06 17:27:10,2018-08-06 17:44:39,2018-08-07 14:08:00,2018-08-13 20:12:42,2018-08-21 00:00:00
c05ad5099c122aacdc8f3c894c4d8648,c0af46300ca8b8f6cf17581e808854f4,delivered,2018-05-16 13:03:29,2018-05-17 03:34:51,2018-05-17 13:47:00,2018-05-30 17:10:45,2018-05-30 00:00:00
326c33839b23462fbe6d538942f54dec,0fcf5d619e3c4471fef24dec09cce351,delivered,2018-01-26 10:54:37,2018-01-26 11:13:58,2018-01-29 16:19:07,2018-02-14 20:48:38,2018-02-23 00:00:00
daf7924c5511a9ba51d2fccbf42305be,0ab15f44d01c48d43ada758313530fd8,delivered,2018-02-19 11:15:34,2018-02-20 07:40:24,2018-02-21 23:22:26,2018-02-28 17:06:33,2018-03-09 00:00:00
953e5c1feb295e2fc31bcc8ee7a9f58e,95bed2046015bdb70ca082d4457cde38,delivered,2017-03-05 20:18:30,2017-03-06 20:25:20,2017-03-07 11:02:07,2017-03-09 16:34:41,2017-03-27 00:00:00
6484880197398c11ca3f6a7709f60aad,9bca12f2eb7f971fea59d3dc857f81a5,delivered,2017-03-22 10:57:31,2017-03-22 10:57:31,2017-03-23 08:42:40,2017-04-04 12:38:16,2017-04-19 00:00:00
c503f01e35a4c24abaa34ddaa0c2b3ff,2580fc1a44544123dace69c650eb0f55,delivered,2017-07-28 09:31:59,2017-07-28 09:45:08,2017-07-28 19:58:40,2017-08-08 14:53:42,2017-08-23 00:00:00
aebaac58f78e552681094063704db84c,665ea0a2c6cf62926e2066a3beb07203,delivered,2017-09-13 23:31:50,2017-09-13 23:43:55,2017-09-14 16:12:37,2017-09-27 19:12:39,2017-10-03 00:00:00
2d56f831faff17de02fb49d2155fb2e5,796719bd21d5e64cb7a86d90781b9cbc,delivered,2018-07-24 09:55:40,2018-07-24 11:44:11,2018-08-02 14:07:00,2018-08-08 13:20:51,2018-08-22 00:00:00
c1dbad5d0fae5060e2be3adf8d36839c,6af16317a307b76ac9cd103aae0d064b,delivered,2017-07-09 23:22:35,2017-07-09 23:35:16,2017-07-14 18:56:32,2017-07-28 22:06:22,2017-08-15 00:00:00
567ca196ed2fefd9a66f852f8fd67058,3cef4d46fcd245e3fe6705607bd1d9ba,delivered,2017-11-06 12:10:05,2017-11-06 13:31:25,2017-11-08 17:58:49,2017-11-16 13:06:40,2017-11-24 00:00:00
a85b39b522ebdc78718abeca337444a5,b195bc90f08a925b3fcff60a27e14e45,delivered,2018-06-26 14:08:31,2018-06-26 14:33:59,2018-07-03 12:32:00,2018-07-04 18:41:55,2018-07-13 00:00:00
323e8735fee7a155e91c37cc2f66c19d,0a3a69ed8321984a63be9ae06d997c4a,delivered,2018-01-04 16:11:19,2018-01-04 16:28:09,2018-01-05 21:24:41,2018-01-09 14:11:12,2018-01-22 00:00:00
7219b463820695c30f441c2c3e33a393,aabf7f3dd34880c87118c7608e4a5bd6,delivered,2017-02-01 11:53:55,2017-02-01 12:07:02,2017-02-07 09:32:29,2017-02-16 10:54:34,2017-03-10 00:00:00
60bcba6747ee878b9007f61275f4cd1f,7835a6511365b268b2ec938703f716f0,delivered,2018-04-17 18:02:40,2018-04-18 17:58:45,2018-04-21 01:28:27,2018-04-23 22:54:04,2018-05-04 00:00:00
2e03cb2541b48c78aebca2dbfb2fc7b8,fbeb0b67308075646eceeaf2e071d729,shipped,2018-05-11 18:24:01,2018-05-11 18:35:20,2018-05-14 15:49:00,,2018-06-06 00:00:00
9a58639b7ba6a6e4983d68f50694f34f,2276bc8327dd51ddcadeb3e17b6a30bb,delivered,2018-08-24 10:49:21,2018-08-24 11:05:06,2018-08-24 14:33:00,2018-08-29 19:13:37,2018-09-04 00:00:00
56de333dae82ab3c1d1d123e55d882fc,c5e4bf46280130708fbd6190c1b50cf6,delivered,2018-05-11 21:01:04,2018-05-11 21:11:01,2018-05-15 09:08:00,2018-05-18 23:28:52,2018-05-30 00:00:00
250eed4e5a0d6ef2d21494b5f866ae58,6bef7aeee709b60763e7cf850e90db76,delivered,2018-05-07 21:14:37,2018-05-09 04:31:33,2018-05-11 14:30:00,2018-05-23 20:17:06,2018-06-01 00:00:00
51520d3bdef580c2ffd3b8fea209172a,c01cb514d2cdef5688096a4c372f31c5,delivered,2018-08-06 14:09:01,2018-08-07 14:05:16,2018-08-08 17:02:00,2018-08-09 18:41:25,2018-08-09 00:00:00
b0e40a3e61447dd4231b10489ab96b8e,0d81bc4671f67261b0e16c595da352cf,delivered,2017-07-24 22:55:48,2017-07-24 23:10:16,2017-07-26 15:23:50,2017-07-28 18:57:41,2017-08-11 00:00:00
3457b7151b16352dca4c597fb8b9bba3,68fe7e1f30525154073a3758b801ea9b,delivered,2017-09-10 21:12:36,2017-09-12 04:45:45,2017-09-12 20:32:24,2017-09-15 18:27:55,2017-09-28 00:00:00
93be45ffc4c8eaecb1eaf7654308acc1,ac1cbf83413f4663dd2b928f7a41976a,delivered,2018-07-20 15:37:33,2018-07-20 15:50:12,2018-07-23 13:32:00,2018-07-26 12:06:27,2018-08-10 00:00:00
4fb497a94478d176225d6cb62333e296,1384b3ab68397b7f0b67e1ed626c5736,delivered,2017-06-02 15:04:27,2017-06-02 15:22:49,2017-06-05 10:47:42,2017-06-14 13:59:59,2017-06-27 00:00:00
39774525e32164b147737bc4932ec02a,25349dd5f9f05ea1fbfddf1f5556d5fc,delivered,2018-04-02 16:58:20,2018-04-04 03:10:31,2018-04-04 20:16:46,2018-04-05 21:08:26,2018-04-12 00:00:00
ebb0572173c1ff1b9b126bf4d2ed9114,04a25a04ee81a4fd6a28bdfab5545fe1,delivered,2018-03-06 11:46:07,2018-03-06 12:10:12,2018-03-07 21:18:54,2018-04-11 00:03:59,2018-03-27 00:00:00
9ff8a9b56d0dc60ce426a0c27ad77953,6bf58f26436f3983d234ec06083d704a,delivered,2018-07-13 11:37:00,2018-07-13 11:45:15,2018-07-17 15:38:00,2018-07-20 17:54:43,2018-08-10 00:00:00
778b33a6ecdeb14d0fc40bdd972787bb,717c8184897190478e794b2f0a2ed22f,delivered,2018-02-06 21:31:25,2018-02-07 03:10:14,2018-02-07 22:29:54,2018-03-09 22:44:27,2018-03-02 00:00:00
339cfa1a6bf1f4f0c50db99c5255b714,3c3e4944db82d06e6413f8111e7a7a5c,delivered,2017-02-02 21:40:21,2017-02-02 21:55:14,2017-02-03 18:47:30,2017-02-16 15:27:45,2017-03-02 00:00:00
5ca70501fc222cd2653be2b9993e4a8d,e0823accb8c5a10158bdb45081c58d68,delivered,2018-03-12 09:56:01,2018-03-12 10:15:50,2018-03-16 19:05:59,2018-04-20 16:18:47,2018-04-02 00:00:00
e3095d728011efc529f2db0e0f4cba46,035aed905c76a63603e6ed5d1d21ae65,delivered,2018-05-26 13:36:22,2018-05-26 13:51:04,2018-05-29 13:40:00,2018-06-15 19:51:20,2018-07-04 00:00:00
f8269b176544d1f16f51e785046d1785,a04c1a8fb4d90f1acc305482daeba5c5,delivered,2018-06-19 21:08:40,2018-06-21 03:17:29,2018-06-21 15:40:00,2018-06-28 21:54:49,2018-07-20 00:00:00
bb0ef554fe35f069cb84d62115f885f0,80446c9ca01b14a65601abf14d15bf61,delivered,2017-01-29 17:38:09,2017-01-29 18:31:29,2017-01-30 14:16:19,2017-02-02 23:57:48,2017-03-16 00:00:00
9dd9df2aeed4645e230e7528a5b1d9ba,3f4446ccd6aee1d0a6ec1b50a93a2b45,delivered,2018-05-10 11:26:21,2018-05-11 02:57:38,2018-05-11 10:27:00,2018-05-16 16:08:57,2018-05-24 00:00:00
35084b4c2264dec95673bc5b657289c0,e1a68d9a0e7fbb2ab08a83dce5dd7b2d,delivered,2018-04-09 17:37:51,2018-04-09 17:51:35,2018-04-10 18:38:43,2018-04-17 18:04:22,2018-04-27 00:00:00
671f4219ec92ca6613eb41280aa6ff0d,8fbc0368fd1c18442dd99d4a048ce827,delivered,2017-11-23 16:33:54,2017-11-23 20:49:30,2017-11-24 17:37:06,2017-12-05 22:18:42,2017-12-14 00:00:00
abb27b3995f56205b2545e3dccf1aa16,d46f75768c1621316f8f22e70ce722df,delivered,2018-06-21 11:14:17,2018-06-21 11:41:25,2018-06-22 13:47:00,2018-07-06 14:32:45,2018-08-03 00:00:00
7aafb177131ac6a45ad8e3facf689f27,ee766a73c369b2e79200cfc2441c1292,delivered,2017-12-29 08:44:55,2017-12-29 08:51:23,2018-01-02 18:58:26,2018-01-08 21:43:58,2018-01-18 00:00:00
d0b9bcb0d474f6525456037afe12820f,2234c43d78384c202447f319adeba1c4,delivered,2017-09-02 13:20:52,2017-09-05 04:24:49,2017-09-15 15:17:29,2017-09-20 19:10:45,2017-09-22 00:00:00
628365400ec276cda9dbce783340e906,d1ab1355d889d31e0140106dead20579,delivered,2018-06-10 23:04:05,2018-06-10 23:15:18,2018-06-15 16:37:00,2018-06-29 20:55:08,2018-07-13 00:00:00
a85b0a5e87b520e0315a4aa50771e9f0,9db60441422191db18225cf1e58e561f,delivered,2018-06-10 12:51:50,2018-06-12 07:37:11,2018-06-14 12:30:00,2018-06-21 21:56:19,2018-07-11 00:00:00
d5c37bf9b766c837b99457b183fbe2e5,c7135d8480656a29036f329b46d36611,delivered,2018-02-22 21:24:00,2018-02-24 02:35:51,2018-02-27 18:02:59,2018-03-13 23:51:45,2018-03-20 00:00:00
0758eac62489b47a99c64b7d67c5ff18,ef75d5dbdc414838beb621629a99bad2,delivered,2017-12-09 21:05:10,2017-12-09 21:40:15,2017-12-11 19:55:50,2017-12-19 17:52:04,2018-01-11 00:00:00
29a5e96ed1133228a266d52f12bcba32,3f8ad8c7cf1b77d45a23ee2f646eb06b,delivered,2017-08-30 13:46:39,2017-08-31 04:31:29,2017-08-31 19:34:48,2017-09-14 21:44:00,2017-09-20 00:00:00
cf0e37f46e8d7069a7488a26233cbe8a,36a6a653181b375a3ebaadafe70f5fa4,delivered,2017-10-03 10:40:18,2017-10-03 10:51:48,2017-10-04 18:46:13,2017-10-11 11:12:06,2017-10-31 00:00:00
1924c6aa8ef1e715f7593d5b36bc596f,05551733f29422ff885d0a28f4f04186,delivered,2018-08-07 10:11:48,2018-08-07 10:24:48,2018-08-08 11:11:00,2018-08-16 11:12:47,2018-08-29 00:00:00
eafdf1e146bde4f014a36fe9312495c2,42cf7a27c6349fe903d03f309ab51e4b,delivered,2018-04-11 18:56:21,2018-04-11 19:11:10,2018-04-17 18:36:44,2018-04-26 18:21:01,2018-05-09 00:00:00
67801f243da7ba900390b8be2515605e,1805b89e07a3dab7e94b69b5b47be1bb,delivered,2018-06-24 15:37:09,2018-06-25 15:35:18,2018-06-26 15:48:00,2018-07-05 15:28:39,2018-07-19 00:00:00
f2b4e20a7eeef7fd7c9b088363bd6183,edac3e4408c2b26f0d0b3a9f9a2895eb,delivered,2017-10-09 20:10:04,2017-10-10 09:14:48,2017-10-13 15:58:13,2017-10-17 20:44:24,2017-10-27 00:00:00
5fb3f389f87dba24283f9926bddbf546,f27efac838b19c4a200edc175ecf4f38,delivered,2018-08-17 13:48:52,2018-08-17 14:35:30,2018-08-21 09:47:00,2018-08-27 19:51:31,2018-08-30 00:00:00
9dfd3a56fdb17e1806b96edf77f39fef,9ca0fa8b4167ba39b65483fc4e420675,delivered,2017-09-19 10:37:23,2017-09-19 11:20:17,2017-09-19 19:44:52,2017-09-29 21:36:53,2017-10-05 00:00:00
704374e26cb18a00afd45c327fe8d3ce,a1af09f3b94b902d137ebf59e75fc3df,delivered,2017-10-27 12:32:02,2017-10-28 02:55:33,2017-10-30 17:58:44,2017-11-08 19:02:16,2017-11-16 00:00:00
7bda50539ea6db7dbafdd8ef17ed726e,bca3ddf75837804729dcbdb02374b329,delivered,2017-09-18 14:33:15,2017-09-18 14:44:04,2017-09-19 15:57:44,2017-09-25 14:21:42,2017-09-29 00:00:00
963cb654293e98ba41a3c609d2c3ca4d,34c7072b051e4df2c2a048d2db72edaa,delivered,2018-01-23 18:58:56,2018-01-24 15:58:05,2018-02-01 01:21:15,2018-02-15 18:33:12,2018-02-20 00:00:00
9a2f7e3d9d90fc6b50f6f562541af986,b9cccb3fbc3d435d5886e2b614b6c8f5,delivered,2017-11-25 23:56:58,2017-11-26 00:19:44,2017-11-27 21:58:39,2017-12-13 11:42:40,2017-12-15 00:00:00
04aecd02392f7ec523e0e3f208d7e890,1b3a5726a67f0222890dc9c922f19809,delivered,2018-04-04 16:37:52,2018-04-04 16:49:52,2018-04-05 20:07:42,2018-04-10 18:44:30,2018-04-16 00:00:00
b194904b5bf02c6fc117d73c33cbb728,02bfeafb0e3047092c4191501c41d930,delivered,2017-05-10 00:37:53,2017-05-10 01:25:20,2017-05-10 14:33:47,2017-05-15 10:53:11,2017-05-29 00:00:00
2ff94b5adbd4735e19153ea5bcaf8ebe,00fb3db8be6fffc03c156297ff70c1b9,delivered,2017-05-07 18:44:18,2017-05-07 18:50:19,2017-05-12 17:19:38,2017-05-15 13:09:33,2017-05-19 00:00:00
bcfd690e502b1c8c81c587996c60db9e,362fb55878be69134ae94f39da032183,delivered,2017-12-30 11:09:12,2017-12-30 11:17:30,2018-01-03 21:34:33,2018-01-12 22:14:15,2018-01-30 00:00:00
e687c9cd3e2434f95fc04a1b0c6c14d0,a938c9d9100a63faa355d2286d204d7e,shipped,2018-04-18 09:28:00,2018-04-18 09:35:16,2018-04-18 21:56:43,,2018-05-21 00:00:00
82f9d29b3ba3f050c96ecc1fc879d58c,b0a59e1efebe412e0c594fdea8966fa2,delivered,2017-04-04 21:35:50,2017-04-04 21:45:15,2017-04-13 16:53:15,2017-05-02 15:49:20,2017-05-05 00:00:00
8a5df58ab18abdaa52f8f595c1af1197,0ac0031856fb81fc012fbd6abc872085,delivered,2017-11-24 23:17:51,2017-11-25 02:14:28,2017-12-01 00:23:03,2017-12-04 22:13:18,2017-12-15 00:00:00
79164f97a0f684659f0881551ed73a2e,f50f74cdbbcd7aa7c75b1674ae919c15,delivered,2018-02-14 17:39:50,2018-02-15 03:50:58,2018-02-15 20:21:41,2018-03-13 23:03:32,2018-03-13 00:00:00
b2f6d9c004d4df667af498c97106b8f1,1e43f63c1584c4703baf3b71577f0bc8,delivered,2017-07-21 10:49:31,2017-07-21 11:03:29,2017-07-21 17:36:48,2017-08-02 18:33:10,2017-08-16 00:00:00
e61eef70c6a825396525e3f3d9a82ec9,4388a78467a347df7bae385d0cdd93bd,delivered,2018-06-15 16:54:57,2018-06-15 18:21:32,2018-06-18 14:48:00,2018-06-19 11:12:09,2018-06-29 00:00:00
0191ee5deb2474bc1f4189fa709289b2,427193866d6c04a3fb307afdc2731b6e,delivered,2018-06-16 12:55:53,2018-06-18 12:37:26,2018-06-18 16:57:00,2018-06-26 21:21:48,2018-07-19 00:00:00
af19069eeb42e10ffc3f2eadee886c49,b635957da0091ef9421c4405050ca614,delivered,2017-11-26 22:11:05,2017-11-26 22:33:41,2017-11-28 22:03:59,2017-12-04 20:27:04,2017-12-18 00:00:00
b7bb38752b1d8e0b56a6a0633907e66f,465c85475574bd5c51ee1e4fc4d3ad64,shipped,2017-04-22 11:35:35,2017-04-24 16:45:13,2017-04-25 13:45:05,,2017-05-23 00:00:00
b2b34605d25df88c45e5330a376dc8b3,f1c9108faec06a72a4e597c922ef2622,delivered,2018-01-05 16:27:44,2018-01-05 16:35:34,2018-01-10 21:05:55,2018-01-11 22:58:33,2018-01-23 00:00:00
d322a3ba4223a4f30fb7c76c8202563d,2ccd7390eddb1ba50145dd9ac6e6284c,delivered,2017-10-10 13:29:51,2017-10-10 13:49:48,2017-10-19 19:42:47,2017-10-20 19:48:54,2017-10-23 00:00:00
93dbea6be0ad39924a14fe9360679560,001f35d9f262c558fd065346fbf5801d,delivered,2018-01-25 17:33:55,2018-01-26 17:39:23,2018-01-29 19:29:31,2018-02-21 01:23:27,2018-02-22 00:00:00
b819d4bf7ee713f4efbbf5328a3eeeaa,14f8cc584e623e4d3c92fd134fd9e8c4,delivered,2018-07-14 13:41:00,2018-07-14 13:55:12,2018-07-20 12:50:00,2018-07-25 18:52:04,2018-08-27 00:00:00
a5005eed826f3e8454d90b149ef8e6de,a17dd8395f84735ded00a43107b1b58d,delivered,2017-12-10 22:15:11,2017-12-10 23:12:29,2017-12-21 16:26:55,2017-12-26 15:52:06,2018-01-04 00:00:00
98e84c5fef5422dde7fa1927c43adab0,3f14386448ceda077f073218a95e855e,delivered,2017-12-07 10:46:21,2017-12-07 10:53:26,2017-12-19 22:59:29,2018-01-20 15:43:39,2018-01-05 00:00:00
deb21a069a630275a86d9f571e371d22,afd9ea67436a624c5430af8d663b6ddb,delivered,2017-06-23 00:24:20,2017-06-23 01:25:21,2017-06-26 09:17:30,2017-07-04 13:49:59,2017-07-19 00:00:00
27c6771e4bc936d8ef460989587acc1a,3f2e51e61d65ef449d876636ff3f1364,delivered,2017-12-14 15:16:42,2017-12-14 15:31:23,2017-12-15 00:05:03,2017-12-29 19:24:35,2018-01-10 00:00:00
0220b52f0b019739726d80c64bd4bf08,3f887ff09d642f0cfc712a5f6751c5c7,delivered,2017-12-20 08:36:49,2017-12-20 08:50:02,2017-12-21 02:12:55,2017-12-28 20:52:40,2018-01-23 00:00:00
673b85fc62a811fd9de6f499d5a4c9c4,7d5bb66a437018329f3c334e0b1d305a,delivered,2018-02-17 21:41:21,2018-02-17 21:50:30,2018-02-20 00:42:15,2018-02-27 18:52:56,2018-03-21 00:00:00
cf8c042aa438ebb1b961dac5a8b0b164,555992ee968f81e65d56e2884f103807,delivered,2018-03-28 10:13:44,2018-03-28 10:28:46,2018-03-29 12:55:52,2018-04-07 14:41:35,2018-04-16 00:00:00
dc8e7d66422ec37c6fa1cd4f6d29a85a,d457b3332a59dfd741d7bd9bb57b73c1,shipped,2018-07-15 14:03:37,2018-07-15 14:15:14,2018-07-16 15:52:00,,2018-08-02 00:00:00
2b7348f9efa4c873465d66aba3fa20a0,89c84aeb59d0a7ff9bbb7caf35ca29e6,delivered,2018-08-20 21:01:51,2018-08-20 21:15:07,2018-08-21 13:55:00,2018-08-27 20:47:36,2018-09-10 00:00:00
2d48e0823cd1b60fcd0653613d712e27,0a0cb67a965b9c7e35f5595053b79bd3,delivered,2017-12-01 14:16:47,2017-12-01 14:39:00,2017-12-04 20:13:35,2017-12-05 18:41:29,2017-12-19 00:00:00
7b8c32f57706909aaebed84fe68d191f,4f7d09d7800186530a64236919693655,delivered,2017-07-11 17:41:16,2017-07-11 17:55:26,2017-07-18 20:05:34,2017-07-24 19:07:34,2017-07-31 00:00:00
ad011a3e400b99be12aa7d90ceaba499,b9c45504891563b2ea4c08f027a8d7a8,delivered,2018-01-30 19:15:22,2018-01-30 19:29:03,2018-01-31 22:58:39,2018-02-25 18:23:32,2018-02-23 00:00:00
b67b6f2b2675c892382cac4ba30ef88d,79e35a8cf48a05893167fd04dbd226a8,delivered,2018-07-18 10:22:56,2018-07-19 02:42:48,2018-07-19 11:21:00,2018-07-25 15:52:44,2018-08-02 00:00:00
feb4e69949791cedc24d210212eb73ce,99a24036cf2d3673ae33a0c9399d4834,delivered,2017-08-23 18:31:06,2017-08-23 18:45:27,2017-08-24 18:39:08,2017-09-06 22:23:52,2017-09-27 00:00:00
4d88d13cc873bc02567931e0c1725dd0,4c5307b6e161dfcaef72525344e6d663,delivered,2018-03-26 12:15:39,2018-03-26 12:30:29,2018-03-27 17:24:50,2018-03-28 18:46:31,2018-04-11 00:00:00
14603d35d2aca640f2cf981ed98a991a,1ee137ba69656f5c76f861ff10702342,delivered,2018-04-19 18:22:55,2018-04-24 17:12:48,2018-04-24 21:52:02,2018-05-03 23:22:17,2018-05-17 00:00:00
dbeab9b9e1d8a9f391a133004bf1fee8,9c3e43a20a1448c10ac65af068550afe,delivered,2018-02-08 11:22:07,2018-02-10 02:49:29,2018-02-14 15:11:51,2018-02-23 22:23:41,2018-03-12 00:00:00
40a53ec6d0f15a6e4366a5e07c5f6ce2,7d58157ef9ab184d29d36f009c7ad786,delivered,2018-06-16 19:20:49,2018-06-17 19:15:14,2018-06-18 15:11:00,2018-06-20 19:56:40,2018-07-16 00:00:00
449701a6fe005e6ccd257c9096e85b3f,3c0562c182c693699c1c5e3cb4e455a3,delivered,2017-07-12 11:25:23,2017-07-14 02:30:20,2017-07-14 20:33:59,2017-07-31 20:45:32,2017-08-11 00:00:00
76fd5bb49ba9bda8891b61cf1b45f0f2,f8918ddf3473b27b6806714fd28f1df9,delivered,2018-04-11 15:27:25,2018-04-11 15:51:07,2018-04-12 19:35:03,2018-04-18 01:11:39,2018-05-07 00:00:00
f586a897746d5f33a2c16ba86ea730af,7b81be94772b2c08ef5e672ac3cfae55,delivered,2018-02-02 17:06:48,2018-02-02 17:15:29,2018-02-05 23:18:26,2018-02-15 22:49:05,2018-03-02 00:00:00
620f2b2f6cabdf0426262c47bf3a883c,3c84e38052e77f837c05363ad8a2b16b,delivered,2018-08-01 13:23:02,2018-08-01 14:00:13,2018-08-01 15:54:00,2018-08-03 20:52:42,2018-08-13 00:00:00
30912e56cd416bbcbd9d3282e643c27e,333a913545093913245d9bef9d363d4d,delivered,2018-07-26 13:19:41,2018-07-27 04:05:20,2018-07-27 14:31:00,2018-07-30 18:08:56,2018-08-10 00:00:00
d92658650a56cb92f81df5c404505eb5,200d118d9392a4687572a02f0a1cc6c8,delivered,2018-03-25 07:57:30,2018-03-27 04:10:25,2018-03-28 20:08:45,2018-03-29 12:29:35,2018-04-06 00:00:00
63a4d7a71c43e2f008340552233931ed,ffeac04ef924e20238b3ad2f9cecfbfa,delivered,2017-02-01 21:13:54,2017-02-01 21:25:17,2017-02-03 10:48:02,2017-02-08 12:15:36,2017-03-08 00:00:00
63d5822f37657544e6a446762e310267,62bfe1759d3600c7dadff0b3d0d389d0,delivered,2018-06-02 12:00:57,2018-06-02 12:11:39,2018-06-04 15:01:00,2018-06-19 00:42:05,2018-07-24 00:00:00
a92364d98a6fdd24699369e932fa1a4f,d4b78333966d7c8eeb85730b617edc3b,delivered,2017-06-28 10:57:43,2017-06-28 11:10:21,2017-07-10 16:03:48,2017-07-17 15:32:02,2017-07-20 00:00:00
9edec07b1f5b49856627e878dc1a41b0,d722f8014bdb3c165931ad14c62e02d3,delivered,2018-03-12 08:34:03,2018-03-12 08:48:59,2018-03-23 02:29:01,2018-03-29 18:04:01,2018-04-04 00:00:00
cd5be8f92135682a584bca7d11218aad,8a7636a8f5d5c27a5cb9aa255586a322,delivered,2017-11-25 17:46:11,2017-11-25 17:58:23,2017-11-28 18:10:11,2017-12-16 18:19:56,2017-12-26 00:00:00
399925b6edb5695cad0f5d06f861f726,8584492d0dab36e713b96246b0500d54,shipped,2018-03-11 21:21:10,2018-03-11 21:30:35,2018-03-13 12:14:09,,2018-04-06 00:00:00
36863ac8590d8776002418d844275735,11164408a37998c0a3000919109c2e28,shipped,2018-03-11 23:18:37,2018-03-12 23:10:21,2018-03-15 23:12:52,,2018-04-12 00:00:00
33c710d17ee5ae150eff517c42da2571,1b98db36725c927ec85d606746f4817a,delivered,2017-12-20 09:59:33,2017-12-20 10:12:26,2017-12-21 13:08:02,2018-01-09 18:19:41,2018-01-19 00:00:00
f30cdd89599d62694b4926d9e38ea3e7,bf4492055d844225c39468984e78f450,delivered,2018-01-15 15:56:53,2018-01-15 16:12:30,2018-01-15 23:09:48,2018-01-17 21:21:09,2018-01-30 00:00:00
9566b36fbba7756a79b5d2cba4e058d9,6c60cba0b553924964bcbf588c7fec36,unavailable,2017-07-10 16:47:00,2017-07-13 10:04:11,,,2017-07-21 00:00:00
7b6900f9a0d0ecc69d4ac5bdc8b3ffd3,4282ae54c83a5c20bc9b0c199964be41,delivered,2018-03-05 11:08:22,2018-03-06 11:15:35,2018-03-06 22:59:03,2018-03-17 17:28:39,2018-03-28 00:00:00
bcb1a89f854e5f014a0e07fe76c08539,a25d9c029c9a3458a9c8fc681e08a651,delivered,2018-04-08 13:32:41,2018-04-10 04:10:21,2018-04-10 21:08:47,2018-04-11 21:37:55,2018-04-25 00:00:00
eede469df41846bdb04500adce0d8120,f37333ebf81ab0b826f17eacd92f6c3b,delivered,2018-03-09 00:27:13,2018-03-10 03:55:35,2018-03-26 17:56:16,2018-04-12 19:03:15,2018-04-13 00:00:00
0fdb6f73fab7005c84d4a43d8a93682b,33c3a199bd245cf5ff352a8f4f84da57,delivered,2018-06-11 11:51:21,2018-06-11 12:22:21,2018-06-13 10:29:00,2018-06-27 18:41:32,2018-06-29 00:00:00
47e90f9c867597102381120afab2be4c,b991e9e7738b7e18b3c43e28c3d34039,delivered,2017-07-09 15:40:45,2017-07-10 15:35:21,2017-07-13 18:22:17,2017-07-21 17:22:13,2017-08-10 00:00:00
c4ce02b0d68f5bf60e5d6bac4701350d,313825356d816b54b2c6b55d2e934b02,delivered,2018-08-04 12:56:08,2018-08-04 13:05:15,2018-08-07 09:20:00,2018-08-13 18:02:49,2018-08-16 00:00:00
2df9e1004dbadccb93c8e2555f039053,2e1482ce4086b423493b5b5a488f17a0,delivered,2018-01-16 08:42:46,2018-01-16 08:55:03,2018-01-16 20:12:45,2018-01-23 11:13:55,2018-02-06 00:00:00
0b3e1c68302779e0c67d97c5b8ed17f7,e653a6824f067a75cfbc70b978d512b2,delivered,2018-08-01 14:22:28,2018-08-01 14:35:07,2018-08-03 15:16:00,2018-08-08 21:51:51,2018-08-21 00:00:00
572e5973c80ab933d719e73b89b29743,4c059976e75f2bfbcaea907a147e77c7,delivered,2017-06-11 10:47:28,2017-06-11 11:02:48,2017-06-12 15:45:03,2017-06-13 13:08:01,2017-06-26 00:00:00
bb9e3fdfc33f7fe56fd38f6adacf760f,36d29f1c80a81a79fbf6185b00b5ce3c,delivered,2017-12-26 14:45:54,2017-12-26 14:53:21,2017-12-27 17:54:42,2018-01-20 00:18:46,2018-01-29 00:00:00
37d4f4fa2c96f2b37291fbb0e85ff90e,bea4dd01f3c88de870e94eb9447bc0d7,delivered,2018-03-12 16:10:58,2018-03-12 16:27:57,2018-03-13 17:26:20,2018-03-22 22:04:11,2018-04-12 00:00:00
fb87b2f1cfc7b5cbab3f7bd911bab6ca,418a80c6d9f0765b153c7c1d42d0fbfb,delivered,2017-04-05 20:53:42,2017-04-05 21:05:13,2017-04-07 11:48:30,2017-04-11 08:26:41,2017-04-27 00:00:00
1b5a25c6c507c850755e92c42bc30359,69d393ea15389752f210177bf43b97e1,delivered,2018-05-04 16:04:30,2018-05-08 04:53:58,2018-05-09 14:59:00,2018-05-28 17:58:29,2018-05-30 00:00:00
24523db64c1af3f40f27cb4416fa5ea6,a6070315382f5f1e536be705f64ab209,delivered,2016-10-07 21:19:32,2016-10-07 21:32:41,2016-10-15 12:49:02,2016-10-20 00:47:34,2016-12-01 00:00:00
c832d3bb0e9e7f7eaead6a21ed509d83,8a93b11e28f4ac2bc7829a9a1cdcb4cf,delivered,2018-07-05 22:35:20,2018-07-07 04:50:12,2018-07-10 11:30:00,2018-07-11 23:18:25,2018-07-18 00:00:00
63a301cc49568c5b437aa940f1fbb388,e132dfb01ae495fcba5615e9945e233c,delivered,2017-04-03 00:14:44,2017-04-04 05:50:41,2017-04-06 15:27:55,2017-04-11 15:51:55,2017-04-26 00:00:00
1308f542d82d3b18c50659be0f12a323,1cb2963b96d7da644168b9282330a809,delivered,2017-02-01 18:22:02,2017-02-01 18:31:14,2017-02-02 08:06:33,2017-02-17 13:42:05,2017-03-22 00:00:00
1b808946f01b032c2ff882e814352ef5,206fad0e99ffd9e1aafde4f899bd097f,delivered,2017-09-13 09:19:54,2017-09-14 02:45:21,2017-09-15 14:47:33,2017-10-02 18:38:41,2017-10-09 00:00:00
498081e5523106ea57b698fb881fb1c8,d894f02e84fea96e3008412ccaa861d5,unavailable,2017-05-16 17:26:24,2017-05-16 17:35:18,,,2017-06-09 00:00:00
95209d82e56460c0324aefe008010b82,3e5cc15b21b9977057ff8c00b64be840,delivered,2017-10-22 16:02:36,2017-10-22 16:14:53,2017-10-27 19:42:32,2017-11-16 22:11:38,2017-11-09 00:00:00
8e2b743537ff14af3c1a7713b7d4241f,1eae560bcc8d88e8b8828be3e1483625,delivered,2018-06-23 14:01:30,2018-06-23 14:21:22,2018-06-27 08:50:00,2018-07-09 21:51:27,2018-07-30 00:00:00
31cd476a021f79cd3a1d23ac3321a0f8,318333879b57234a05a3f72094809c7a,delivered,2017-06-04 18:08:02,2017-06-04 18:22:24,2017-06-06 08:52:14,2017-06-13 12:24:18,2017-06-27 00:00:00
61685f5d646af5b5f7fbba31e885c7ec,e719dc400017e0177378ddef1c9c757f,delivered,2017-07-06 21:10:53,2017-07-06 21:23:38,2017-07-10 21:42:45,2017-07-18 14:32:16,2017-07-26 00:00:00
52d5bd7c9cfb54cf72f3c9ac55bbb0dc,316753cec5369bfd78e86ba7d93c3e67,delivered,2018-06-20 12:22:43,2018-06-20 12:41:13,2018-06-21 08:50:00,2018-06-26 15:31:57,2018-07-13 00:00:00
8afd15d26436c60441bf3ee71d2a91a8,65d631d0de3181168bc5699f5c766861,delivered,2017-08-29 23:59:19,2017-08-31 02:35:21,2017-09-29 21:04:02,2017-10-05 21:29:06,2017-09-26 00:00:00
035a721e5bfc1bc3f4e1ba0d7923cc84,fb701899863331f841d102ec35e0f4be,delivered,2018-08-10 11:16:45,2018-08-11 04:35:14,2018-08-13 14:53:00,2018-08-14 20:06:45,2018-08-15 00:00:00
65a922b4c66d6c7389088e16d37a85e9,7f6b2e3e2f12b066757ab8e9f5795d33,delivered,2017-06-02 10:14:17,2017-06-03 08:55:11,2017-06-05 16:13:15,2017-06-12 17:32:11,2017-06-29 00:00:00
1fc5c0bd6efc980c66dac929f708ab00,9908bb812211943141a3d2787e8106cf,delivered,2017-09-04 18:49:57,2017-09-04 19:50:43,2017-09-05 12:18:40,2017-09-13 19:06:45,2017-09-26 00:00:00
f01cedbfe57601b0145a8331f8289138,c239969d43647ffabd4ca8db135b7a87,delivered,2018-02-08 15:39:25,2018-02-08 16:59:20,2018-02-09 21:04:57,2018-02-19 22:04:33,2018-03-15 00:00:00
82e0f787cf4f5fb705f28869efa468d5,b7a1437787fc4b7ca69b14ca6e9a2ae1,delivered,2017-02-26 11:23:35,2017-02-26 11:35:12,2017-03-02 12:47:26,2017-03-04 11:34:06,2017-03-20 00:00:00
cc9760bf7b5d5b74c4d1eb1ab6405b50,e618ce61b7a6c510ada191f657306c68,delivered,2018-07-17 13:32:49,2018-07-18 04:35:13,2018-07-19 15:00:00,2018-07-23 18:20:48,2018-07-27 00:00:00
62c58d2be94d38380892b7e984d67bf1,c4bf56703094bfd42c04acc898184c2b,delivered,2018-07-18 16:48:57,2018-07-18 17:02:30,2018-07-19 11:28:00,2018-07-24 19:51:50,2018-08-06 00:00:00
79b7b2178c759fa227cafb377193cd83,2c5d8d5b0c34625a285c2a0380a0785c,delivered,2017-10-30 19:28:36,2017-10-31 19:34:37,2017-11-01 14:22:12,2017-11-03 16:42:26,2017-11-07 00:00:00
0f405243033441a7910849f7f26fec2b,a45f062b272abac9d99bbe7497247ba8,delivered,2018-04-27 14:14:17,2018-04-27 14:32:16,2018-04-30 18:48:00,2018-05-03 19:03:39,2018-05-11 00:00:00
6bbce7cdd358fd4f4864fc3270e02274,89286f5f8c322c87f4ce449f73759b26,delivered,2018-01-04 17:15:21,2018-01-04 17:28:38,2018-01-11 16:56:56,2018-01-19 15:58:44,2018-01-29 00:00:00
47d3b12983a4e86dee49b220a689f1c7,6ddc4f2f3bae9ea980c7cd0a84c1058e,delivered,2018-07-27 13:32:23,2018-07-27 13:45:14,2018-07-30 12:33:00,2018-08-08 16:05:01,2018-08-20 00:00:00
41f781868928a7895f5ca4595af616e1,b6b23dc32bc247d86e733510cb38b276,delivered,2017-11-28 22:57:16,2017-11-28 23:11:04,2017-12-04 21:22:45,2017-12-06 18:19:27,2017-12-22 00:00:00
88040d9d01657ab39bf19c2f0a90f6d3,3ff46fd67dbe9f158238070d47821cf4,delivered,2018-02-08 09:23:33,2018-02-08 09:35:26,2018-02-09 19:56:44,2018-02-15 18:21:35,2018-02-26 00:00:00
dcbb8d460d1c315bd4cdd96a4aaaf258,0f634b25f5a963fdf1072497e5027f91,delivered,2018-06-02 20:28:27,2018-06-02 20:51:50,2018-06-04 15:27:00,2018-06-07 18:24:48,2018-07-31 00:00:00
ff2fd424f5c50867458c35dc9a2daa69,6de64ef326df82caf572b9f9b164eb48,delivered,2017-05-12 16:58:31,2017-05-13 06:35:26,2017-05-15 07:38:45,2017-05-31 15:52:21,2017-06-19 00:00:00
9df7c08a42d7b4f7a2d7c743a14948f8,53909918b92227739927fd6d20127a69,delivered,2018-05-04 09:35:48,2018-05-05 03:50:25,2018-05-07 13:30:00,2018-05-14 17:10:24,2018-06-04 00:00:00
6ce893d804dc1a09876e09ef2537b8f4,18dff7c2afb1ce5fb0bcbad957ef233d,delivered,2017-11-24 12:59:43,2017-11-24 15:13:44,2017-11-28 20:57:02,2017-12-04 19:47:34,2017-12-14 00:00:00
4aa36d64bbdf0ebd46f1910fc4595373,9446db83b2d8316efff593c7af5672c1,delivered,2017-07-16 14:46:09,2017-07-18 05:55:22,2017-07-24 18:42:00,2017-07-27 19:36:02,2017-08-04 00:00:00
e64b1aa159a2f6c90c5968912370de44,53ccb9fddd51b9569ea4eed90c219193,delivered,2017-11-13 11:07:51,2017-11-13 11:15:38,2017-11-24 18:37:38,2017-11-27 20:46:51,2017-11-27 00:00:00
a9f99ebcef2a23dd06a0bd5ed649080e,5f427723d7897601d55d042eef16c3b3,delivered,2017-04-16 15:07:19,2017-04-16 15:21:58,2017-04-17 11:05:25,2017-04-20 12:41:36,2017-05-08 00:00:00
39b9e0d03c6b33e01332ca4c06c6aa2e,8f183eb14d2ba88e065081df43bf5d5b,delivered,2018-05-13 20:25:46,2018-05-13 20:35:12,2018-05-14 14:05:00,2018-05-22 13:08:00,2018-06-11 00:00:00
10d9871bed9fb8d0887d3b9022edd1ff,778d30bc8e6a57dac20217ae0838b95a,delivered,2017-07-18 16:17:23,2017-07-20 02:40:06,2017-07-21 11:59:28,2017-08-22 20:51:23,2017-08-22 00:00:00
1313a242a48f98101da4d48b310bf517,37779cec31bdca64306eafe2b5aa7e28,delivered,2017-10-16 15:39:02,2017-10-16 16:20:41,2017-10-17 19:25:34,2017-10-25 11:09:28,2017-11-08 00:00:00
b551afd1cbe632e6dd51f14132235d27,caf4321dcdc977aa376dfd9167a84ef0,delivered,2017-07-13 19:58:59,2017-07-13 20:15:10,2017-07-17 16:47:23,2017-07-26 19:27:49,2017-08-07 00:00:00
8aa3866b203e8d7afaf21d53331f716c,840bb79be81df04d60152060690d28ba,delivered,2018-07-14 12:27:30,2018-07-14 12:35:24,2018-07-17 07:02:00,2018-07-23 22:41:37,2018-08-14 00:00:00
494df7e03a951e947ea15c177503ef84,0bceac9cc152b61d82f0956d301a63d1,delivered,2017-05-28 14:36:08,2017-05-28 14:45:16,2017-05-29 20:57:49,2017-05-30 14:52:20,2017-06-09 00:00:00
18a157fb5a99a76e5819433e7df0b1a3,a98eadfbe8bf954e3d3f69c9e8daa428,delivered,2018-04-27 14:25:03,2018-04-27 14:52:27,2018-04-27 15:08:00,2018-05-05 11:55:33,2018-06-01 00:00:00
0c38244c47b653d8aa8052e9282c23f8,ec6fcecd3e931a460eb12b2c00a586f7,delivered,2017-11-24 19:33:10,2017-11-24 22:55:16,2017-12-14 15:05:05,2017-12-14 23:14:49,2017-12-27 00:00:00
44a04882ddb9f1358c4d11d83027bed3,5f62afdc1739c7386e50cb62d45c64db,delivered,2017-04-18 12:40:51,2017-04-18 12:55:29,2017-04-19 10:46:16,2017-04-29 08:36:49,2017-05-16 00:00:00
4f86e34b9a8a8f4a15b197277a880cd8,49230f693cd117ce90fc3bfd8a148ce3,delivered,2018-05-03 15:24:37,2018-05-03 15:35:36,2018-05-04 17:26:00,2018-05-11 13:35:44,2018-05-22 00:00:00
a3a0be41e7611973435cc81280f76bee,5d682c38b328e23a009a3e95cdd874c0,delivered,2017-11-29 19:21:32,2017-11-29 19:57:15,2017-11-30 20:38:34,2017-12-04 19:21:57,2017-12-15 00:00:00
888c5dc2b24b36d92619a1dbee973da3,aa5e99afaf6a4dce3da0dee9f41beac8,delivered,2018-05-01 19:06:48,2018-05-01 19:15:27,2018-05-03 16:45:00,2018-05-14 12:12:26,2018-05-23 00:00:00
0132158c30672a8c52997a2492613ec2,5a3f73cc3e52ab64478beb5ce8756f4b,delivered,2017-03-13 23:23:23,2017-03-13 23:23:23,2017-03-14 09:35:36,2017-03-15 09:27:54,2017-03-30 00:00:00
da03317cf4ac20f61db6a8c363cd4ea7,b85146a2e8b192329a2091efda55d171,delivered,2017-08-19 14:10:54,2017-08-20 07:04:49,2017-08-21 21:17:23,2017-08-25 13:52:43,2017-09-01 00:00:00
949c2f6937345ac501a7eab23b97bf06,952e1e91df6ac8e016c891075ec23aa0,delivered,2017-03-29 19:09:42,2017-03-29 19:22:34,2017-03-31 11:36:12,2017-04-09 05:39:35,2017-05-03 00:00:00
71f344dcca43baaa095dc61c9a998917,2dbe392b39bfc3fc6080a23ca79790bf,delivered,2017-06-28 11:19:15,2017-06-28 11:30:17,2017-06-28 16:49:31,2017-07-04 15:34:36,2017-07-24 00:00:00
0f8cf123486438ffdee527bf82ec87d4,48edd605f2b0aa7b701d54771e388335,delivered,2017-02-03 11:58:30,2017-02-03 12:05:32,2017-02-06 08:37:51,2017-02-17 09:54:03,2017-03-20 00:00:00
60fb7d6bc05727392e673b4035dfee7e,ae036209dfd6655f7acf9a485fd04dc6,delivered,2017-05-12 19:20:57,2017-05-12 19:30:11,2017-05-15 13:44:05,2017-06-01 12:32:56,2017-06-13 00:00:00
4d178c8435a1d6d81ded1bfde1083628,053b2e588e54bdf1d4892e8e96fd6f94,delivered,2017-05-13 22:51:29,2017-05-13 23:08:52,2017-05-17 09:55:27,2017-05-26 08:46:57,2017-06-08 00:00:00
d82845f8b7ebd4d9b7ebae995e0ff08b,7ee0a73367a6b31aead3fb9cac8cb1fa,delivered,2017-05-23 23:25:37,2017-05-23 23:42:44,2017-05-24 09:50:24,2017-05-28 02:48:50,2017-06-14 00:00:00
fb62aa29e367375132b9adaad39478c0,2999cc0c4e1eed40a05f564daa3a366b,delivered,2017-11-24 10:52:36,2017-11-24 12:32:44,2017-11-27 23:38:30,2017-12-09 17:17:17,2017-12-14 00:00:00
afa891fe2077e4e3301629891009a47d,6d6414a8eb7e7e516280747b41470e55,delivered,2018-06-21 19:07:44,2018-06-21 19:21:39,2018-06-22 12:26:00,2018-06-29 19:06:44,2018-07-25 00:00:00
25f43575fa101103e2246a97e03fb705,a14c53821824724db5ab1efc53be109b,delivered,2018-08-06 12:22:58,2018-08-07 04:35:22,2018-08-07 11:40:00,2018-08-14 11:47:42,2018-09-11 00:00:00
3e1298fc81396a1e3ad660c0cd0fab65,d45f5ececd49006ee69bd7e852bb26bd,delivered,2017-09-28 15:55:37,2017-09-28 16:07:10,2017-09-29 23:36:58,2017-10-05 17:40:08,2017-10-20 00:00:00
03c8468d3001db38cadd59ac670341cc,ecb809e65ff4dda823037481d5a64741,delivered,2018-07-22 16:21:23,2018-07-27 23:31:15,2018-07-24 14:02:00,2018-08-02 01:46:31,2018-08-07 00:00:00
5572d4ad6969040fe377a8d6be53c0bd,ee75c4c1d9856dcb231108038175ee7e,delivered,2017-09-24 15:36:10,2017-09-26 04:04:38,2017-09-26 14:28:18,2017-09-30 14:07:41,2017-10-19 00:00:00
0e3743eb1b447eb4747eaafc9221fb41,a0dd74c26f554c5ffd5bb25aab74fa1b,delivered,2017-12-16 14:20:01,2017-12-16 14:31:19,2017-12-20 19:36:21,2018-01-12 20:22:54,2018-01-19 00:00:00
810866331b08e6226337a3b29fd8c980,edf2cbbe8938f4db1da137cf67b56ac3,delivered,2017-11-06 15:49:24,2017-11-07 15:46:36,2017-11-08 20:07:40,2017-11-18 01:38:42,2017-11-30 00:00:00
ec149fdcafd89d783f2942078e182e1e,e72eaa64d93891becb7b33bcbb385b11,delivered,2018-03-15 22:45:30,2018-03-16 16:30:44,2018-03-24 12:46:43,2018-05-03 04:17:01,2018-04-06 00:00:00
e8c12bea30d2a23cd334b456cf469112,0613b148440366189657a47f27dd5c5f,delivered,2017-09-11 15:20:28,2017-09-11 15:45:38,2017-09-12 19:49:41,2017-09-19 16:04:17,2017-09-29 00:00:00
d8cbc79d1dd84f3c87cb2ca7663c930e,258dfc4e0ec8a8bfb253914f9550a544,delivered,2017-09-18 00:28:52,2017-09-19 00:35:21,2017-09-19 19:26:47,2017-10-06 15:37:47,2017-10-24 00:00:00
fdf8b612a318d48e808e069e22f8222d,8def39c0823160f446eb05a81d87ebad,delivered,2018-08-14 10:24:45,2018-08-15 03:15:36,2018-08-16 17:15:00,2018-08-27 10:42:28,2018-08-31 00:00:00
2e9d8db9e132a9b5e1236618b7e8ef4a,51c6f517f4492a9c2ab4153e998b018e,canceled,2018-08-09 18:42:38,,,,2018-09-04 00:00:00
303deafb916b70339ff5c11be8039888,6c1521328c187bc1606678a7dcfa955f,delivered,2017-11-25 11:51:25,2017-11-25 12:12:56,2017-11-28 20:33:41,2017-12-11 13:33:59,2017-12-20 00:00:00
82f73104c80fa2798cb0886231932bb7,01cca8f48e415e8612b70b1c5ee759af,delivered,2017-11-09 23:09:53,2017-11-11 02:51:00,2017-11-14 22:21:38,2017-11-22 18:15:00,2017-12-06 00:00:00
e029f708df3cc108b3264558771605c6,d2aa6bef2582c7482ab992fa89f965bd,delivered,2018-06-01 14:12:09,2018-06-01 14:32:30,2018-06-05 14:48:00,2018-06-12 19:41:53,2018-06-29 00:00:00
25be4c1614c609d9063279e155d7492b,c2b33b013ccfe4de377fa0e06c7f6ab3,delivered,2018-03-02 13:03:49,2018-03-02 13:15:37,2018-03-02 23:38:28,2018-04-17 17:21:46,2018-03-27 00:00:00
17f6265814025fb8df1b31db1d8545e2,35fe44c88688bcbca1ec3b92d7930e59,delivered,2017-12-07 17:07:06,2017-12-09 17:10:51,2017-12-12 00:38:33,2017-12-21 23:32:35,2018-01-11 00:00:00
8a6b15db7cea5a4cd260873d4489bfb0,d402764a7ce0b2bc443330e94523f26f,delivered,2017-09-03 22:09:54,2017-09-05 04:15:26,2017-09-05 20:17:44,2017-09-14 17:47:46,2017-09-21 00:00:00
5b10bae6d8bb45da2e1bb606f76b5032,098afef7287e209fa5ab0fcd6981a45d,delivered,2017-09-08 09:08:16,2017-09-12 04:15:22,2017-09-19 19:02:22,2017-09-25 21:21:42,2017-09-28 00:00:00
27ea1775a86c796168b08511e529d0a3,7a0c5469cba3eb88c664cbb7d680ee56,delivered,2018-02-27 11:11:21,2018-02-27 11:35:42,2018-03-07 23:32:55,2018-03-13 15:11:40,2018-03-13 00:00:00
55539e6edbbf2276dc9e2eab8af0fa8d,22798759bbc3bb723550e21d0ac52c70,delivered,2018-03-15 13:22:15,2018-03-16 03:45:30,2018-03-16 23:18:40,2018-03-22 15:34:57,2018-04-06 00:00:00
2f3af8ee559ca3311975ba1ee20e94bc,f7c5a26a8b89e451921dee86a56ff29c,shipped,2017-11-24 19:47:17,2017-11-24 22:59:07,2017-11-28 19:21:21,,2017-12-15 00:00:00
617b248faca8fe758da0640030f82f00,49fbaec7f8c365d12595c7b6cb6db285,delivered,2018-06-15 12:20:19,2018-06-15 12:45:55,2018-06-15 15:51:00,2018-06-21 16:21:59,2018-07-16 00:00:00
061b13cf87863db16e1a03178285ecfe,5bf28a338133045e3bef23bde5a55b4c,delivered,2018-08-11 13:33:50,2018-08-11 13:50:09,2018-08-13 13:27:00,2018-08-25 00:53:54,2018-08-29 00:00:00
90a6ce43261478f0aab250a72e3cdfce,f62f53a0df8676374de8c463dd8a9564,delivered,2018-08-26 19:04:40,2018-08-26 19:15:24,2018-08-27 13:55:00,2018-08-30 22:03:49,2018-09-12 00:00:00
dceb62e8fa94b46006c9554fed743df0,2721900eb4e0f1cc2c836dd7bc1b1e11,delivered,2017-07-20 20:58:05,2017-07-22 11:45:11,2017-08-01 18:23:30,2017-07-26 18:09:10,2017-08-11 00:00:00
a48183f8e066f2c15072a58ff763cccb,0f8de29544ff9f26453be9d5b3f730fa,delivered,2017-12-03 23:21:05,2017-12-03 23:33:26,2017-12-04 21:23:04,2017-12-20 23:52:51,2018-01-09 00:00:00
d70b7dce9b527096fbd9e4d0e54ab451,e3a899173e31bdf2f8f721a58cfbc0bf,delivered,2017-05-09 20:21:33,2017-05-11 03:56:10,2017-05-11 10:39:02,2017-06-05 15:32:42,2017-06-09 00:00:00
3ad7eae98c8f120f7a4e4cc64f4278e9,5164d5161dc1cb3e6ef5161f0e5c53bc,delivered,2018-03-06 17:43:49,2018-03-06 18:20:34,2018-03-07 23:07:46,2018-03-17 01:11:18,2018-03-26 00:00:00
33d3d6ef8e5cb45848d12d1a05bc1d1e,bad9465f854efad22cb4b4b376224b71,delivered,2018-05-03 01:54:33,2018-05-04 02:35:11,2018-05-07 11:09:00,2018-05-08 15:39:06,2018-05-15 00:00:00
4e27a3667aaa54029e7fbb736175a255,615728959216e5763f67a04b25d2c442,delivered,2017-06-10 15:22:55,2017-06-13 04:43:04,2017-06-16 13:47:13,2017-06-26 15:47:52,2017-07-07 00:00:00
f2d850d01efdfbf69fb172441527d824,082bd50faa2c013e9f07d018d1a627b5,delivered,2017-09-19 21:16:51,2017-09-19 21:30:18,2017-09-20 13:42:16,2017-09-29 19:45:32,2017-10-09 00:00:00
2f972348117659ed047953f60257c3cd,f3fb0bc387b5a0742130f65abeecb5a7,delivered,2017-09-11 22:03:59,2017-09-11 22:15:13,2017-09-13 21:59:42,2017-09-19 20:39:52,2017-09-28 00:00:00
497a5004e62efcb3e0bfc7606c4fd50d,726e584ace79aba2cbe1b1fb84ac40db,delivered,2018-08-13 19:26:48,2018-08-13 19:35:19,2018-08-14 10:55:00,2018-08-17 20:43:45,2018-08-22 00:00:00
35575d651196f286d8d73c2b92653aa1,11fed1c811bad9120464349fe781821a,delivered,2017-11-13 09:45:44,2017-11-13 10:07:05,2017-11-14 22:02:26,2017-11-23 12:14:55,2017-12-05 00:00:00
9653aa56f1bb2b338e77d1ea26a885f6,80157a9c83336266127e05e9fcfd4f97,delivered,2017-06-22 13:45:08,2017-06-22 13:55:17,2017-06-28 13:55:38,2017-07-04 12:29:45,2017-07-20 00:00:00
f21047183b971c406e3fb28df8e9d5a8,114ea8d0bbcf1c2c689ebe02cf3e8ec7,delivered,2017-05-15 13:04:41,2017-05-15 13:15:12,2017-05-17 10:36:46,2017-05-22 15:26:06,2017-05-24 00:00:00
ec91a58a83b62633311320a62097c129,6d3df1ec250077e1044d6aa6ce83abe2,delivered,2018-08-16 18:20:48,2018-08-16 18:35:24,2018-08-17 15:17:00,2018-08-22 17:30:02,2018-08-31 00:00:00
9199ef819b1eae5b4357b78419b8a92e,ea80930c3eb5464c51744bc92c51a0ae,delivered,2017-09-20 14:04:17,2017-09-20 14:15:28,2017-09-21 20:20:14,2017-10-02 15:37:54,2017-10-11 00:00:00
075a1f22c075396feebed8c71f5ccdb2,201aa779382d46a8f743d746f12e102c,delivered,2018-01-29 21:35:35,2018-01-30 21:31:37,2018-02-02 19:51:56,2018-02-27 14:48:56,2018-02-22 00:00:00
45f317168a53e2f24b57f004b6200f39,77868e0843a6b67636e8916c2d213f3f,delivered,2017-12-31 08:16:15,2017-12-31 08:27:34,2018-01-10 00:32:51,2018-01-31 21:28:36,2018-02-01 00:00:00
f206285a782792c515e2177dee4bc04f,8a59ced4559c4bf4e9149b92dbef97dc,delivered,2018-01-22 17:38:49,2018-01-24 02:53:34,2018-01-24 16:53:24,2018-01-30 20:28:43,2018-02-22 00:00:00
a5a854651cfe0d8da9f1669266fd4063,d9cb8278a776ac48ff885e81a08e93d7,delivered,2018-05-06 17:45:59,2018-05-07 22:52:27,2018-05-08 13:58:00,2018-05-15 02:38:43,2018-05-29 00:00:00
1f40ace91ba066aaaeb2a36066eb5391,a6cda32c8633809ee6f66fd93821005c,delivered,2017-07-02 21:49:22,2017-07-04 03:43:37,2017-07-04 16:03:56,2017-07-05 14:42:42,2017-07-14 00:00:00
4ecb7b84b78466108b99fb193e6898d5,cf1505cdc6d77f257483919755e7f0f4,delivered,2018-05-25 22:00:21,2018-05-25 22:17:38,2018-05-28 14:02:00,2018-06-09 16:06:27,2018-07-05 00:00:00
cc91ae24c277f0bfc31ff525577f8cd4,00a1edfeac0ce7adf9357b89c9659eb2,delivered,2017-10-25 16:47:49,2017-10-25 17:56:22,2017-10-26 14:47:38,2017-11-03 16:06:55,2017-11-21 00:00:00
a84f2bf7fd1e2c2f29199f76c46d5238,361b489a269ec4bfcd217ab600c15a48,delivered,2017-11-24 21:03:58,2017-11-24 23:59:25,2017-12-04 15:57:06,2017-12-22 19:38:50,2017-12-21 00:00:00
bb45d77c66b6a32f77813252457545a5,0b10808638c701826d8c83ed1a123fb1,delivered,2018-03-15 14:19:11,2018-03-15 14:35:19,2018-03-16 17:03:00,2018-03-21 00:11:47,2018-03-27 00:00:00
cb4fa9a6d95ef2b84743087f2cac2b17,5fb55a301ddbdc32411e1e40adaace7e,delivered,2018-08-20 13:38:57,2018-08-20 16:10:42,2018-08-22 11:24:00,2018-08-24 20:03:55,2018-08-27 00:00:00
f750e148543e798460383fda407de8be,c7432c6d237ffd6aa36a007b4237ec38,delivered,2018-06-03 23:55:46,2018-06-04 00:10:23,2018-06-05 07:24:00,2018-06-06 20:47:35,2018-06-20 00:00:00
d40934bd791cef9f61becafd56317f6f,6ada75a7b87d43058fa67bb52d07f2f8,delivered,2018-03-01 10:18:55,2018-03-01 11:23:06,2018-03-02 01:16:51,2018-03-16 13:19:55,2018-03-26 00:00:00
bb22b1f374b71ea416e466ba7ff99cea,93df0957b940e713f6615f72c9d0e76f,delivered,2017-10-25 11:06:35,2017-10-25 11:26:19,2017-10-26 20:59:01,2017-11-01 21:06:56,2017-11-21 00:00:00
a9235f1e4fe944ca268711a1e13195b0,02741679e7e1336202c883c695beea16,delivered,2017-11-23 23:46:57,2017-11-24 00:39:27,2017-11-29 14:57:03,2017-12-05 23:32:55,2017-12-07 00:00:00
f0fbc60d51bb40c156688d9ce008237f,224a8eb01d48f0126078cb3edf3d765f,delivered,2018-01-05 21:18:08,2018-01-05 21:29:27,2018-01-08 14:11:38,2018-02-02 03:39:12,2018-02-09 00:00:00
f0c00b0c02ed4f14f20fad7c26002b9c,67ada02dc1c10400e1bd19e1d84541ff,delivered,2018-03-06 09:06:58,2018-03-06 09:49:38,2018-03-15 23:35:37,2018-03-16 15:41:57,2018-03-27 00:00:00
35b8813b39f533c1ed224ab90b5cd609,e1cd039e2d370689b94de10d09e99ad9,delivered,2017-11-07 12:42:28,2017-11-07 12:57:12,2017-11-08 19:18:38,2017-11-10 18:54:46,2017-11-21 00:00:00
a7033e4a96abe52d0f74e9bd404a996d,c68309db6c0ca65f8828973a86524c6a,delivered,2017-08-08 13:37:37,2017-08-08 13:50:13,2017-08-10 17:18:12,2017-08-11 20:11:04,2017-08-23 00:00:00
148634e0774ce5a1273806a9e639bb93,9bb3cfdc72768948a96a5c5c3e663e66,delivered,2018-08-06 17:26:05,2018-08-06 17:44:39,2018-08-07 15:59:00,2018-08-10 23:14:26,2018-08-15 00:00:00
cfd5e54c14f22b62683cea7ed91caa24,553e55d7745de3a3f32d8d30914a3212,delivered,2017-01-31 17:36:56,2017-01-31 17:50:11,2017-02-02 10:52:36,2017-03-15 13:11:53,2017-03-09 00:00:00
a942adcbb3d69d5e7ec1d68a0786b52d,94e1d9d5d478d6c6ab184b542bffed78,delivered,2017-05-21 19:36:42,2017-05-21 19:45:18,2017-05-30 14:29:58,2017-06-03 10:05:41,2017-06-09 00:00:00
790e0b2139af1d5c7719c82db89f56d1,6d05f45a66bd81b14e17504d8c64f14c,delivered,2018-08-24 19:08:03,2018-08-24 19:24:23,2018-08-27 10:42:00,2018-08-28 20:32:25,2018-09-26 00:00:00
39ebbbb18aec8b7d8de948019c3298ab,3df5f3d6b4cbb719bc6d35ca6f601568,delivered,2018-05-14 14:42:21,2018-05-14 14:51:28,2018-05-15 13:45:00,2018-05-18 17:58:55,2018-06-06 00:00:00
b250f7cdd416f74eabbcd4036c479be4,1d3dbe6581f7349da12dcf287edf231c,delivered,2017-10-14 10:47:33,2017-10-14 10:56:20,2017-10-16 21:04:58,2017-10-17 21:49:43,2017-10-26 00:00:00
99496f27b38d83724e8dea944a320b44,13fb43880f01c5169ed9b4fedf122823,delivered,2018-07-23 10:26:53,2018-07-23 13:40:32,2018-07-24 13:38:00,2018-07-25 17:51:25,2018-07-31 00:00:00
cfd2fa043913decbf8554ea5ce59d723,4a0f043ab94c7e6b5abda776c02ee946,delivered,2018-05-26 21:43:54,2018-05-26 21:55:10,2018-05-28 15:36:00,2018-05-29 20:33:01,2018-06-20 00:00:00
a3d09160e24a1850b3ab0d86e6281ab1,fb2789665d5069bf4927ac9794065e3d,delivered,2018-07-25 15:41:42,2018-07-26 03:05:15,2018-07-26 09:33:00,2018-07-27 17:18:50,2018-08-02 00:00:00
3ba0099be6c2011cb3eb986b4e0a8efa,185f53539955ab85b3b2e5ff2c8fa7c7,delivered,2018-03-07 12:17:30,2018-03-07 12:35:39,2018-03-09 17:36:27,2018-03-20 16:42:39,2018-04-05 00:00:00
3c108bf0b4c9a78ebb9a049d90a9ceaf,c77631595ddabebc103077b4b96f77c3,delivered,2018-04-04 08:54:03,2018-04-05 02:15:08,2018-04-05 22:50:50,2018-04-06 21:07:54,2018-04-16 00:00:00
0214781b6f9215eb09fb1b78de35b07e,03fcc171d06123c951b373d1bf113748,delivered,2018-08-12 00:34:21,2018-08-12 01:04:13,2018-08-13 14:44:00,2018-08-14 21:22:45,2018-08-16 00:00:00
86fa33b8dc93e71a9aa76df6c0076c5e,b7579225852eabd84276dea92fc30daa,delivered,2018-04-11 15:09:43,2018-04-11 15:29:50,2018-04-13 02:11:50,2018-04-13 18:28:36,2018-04-25 00:00:00
d301e4651c2fb09b847fce76b3f73885,5bb539b873ec166dc8588ab1da327c03,delivered,2018-03-06 11:11:12,2018-03-06 11:49:52,2018-03-07 21:04:45,2018-03-08 13:04:58,2018-04-02 00:00:00
8e6e7d37d25c7e66e66f8be5a34da04d,bcb0cb957b42fb885cf27294430be992,delivered,2018-04-24 08:36:26,2018-04-24 17:25:59,2018-04-24 18:42:02,2018-05-03 18:59:34,2018-05-15 00:00:00
82e77a081a87b4df3966d2fce4962e3c,2edaf07ef089f710835c62966310c02e,delivered,2017-12-29 01:22:14,2017-12-29 01:33:18,2017-12-29 16:04:01,2018-01-23 19:51:52,2018-02-06 00:00:00
1415b17c0425330751b1b6770dc5db23,a8e569a5a0b98b1e496270dbaae45a27,delivered,2018-04-19 14:14:14,2018-04-19 14:34:54,2018-04-19 23:36:20,2018-04-24 13:53:05,2018-05-09 00:00:00
43ceb3a1cbff88e05eab7e0bea014063,42181d2a18624a4742ebf8c8c11d8b55,delivered,2018-05-23 07:59:31,2018-05-24 02:34:29,2018-05-24 14:17:00,2018-05-28 16:28:49,2018-06-06 00:00:00
9938a967279700714d16f4c8437390da,ca474de0f63d3e88b4b28185fe6ff714,delivered,2017-11-25 00:16:56,2017-11-25 02:32:29,2017-11-27 17:51:49,2017-12-01 18:48:51,2017-12-20 00:00:00
cf27162439419d0179b62ebc5a6dccd1,a0781e0c345c3b0ef05ea2ac86852fd9,delivered,2017-12-01 18:18:23,2017-12-01 18:38:32,2017-12-02 18:23:07,2017-12-06 18:57:20,2017-12-19 00:00:00
263c5916eca59eff23f65a1cab611380,57be70fcc02f8ed61c1216c07d4fa1a5,delivered,2018-03-20 01:47:44,2018-03-20 02:08:32,2018-03-20 20:33:03,2018-03-29 14:22:07,2018-04-03 00:00:00
88b0d1de10197395da81fd94176b7562,bbd28269922a1ffb57ffdb992adae636,delivered,2017-06-28 14:18:33,2017-06-28 14:30:20,2017-06-30 16:10:21,2017-07-12 22:24:37,2017-07-24 00:00:00
c10600160de02ce63a426cc0e410e7a7,7747be8246865477bfefa139eb888de3,delivered,2018-02-24 22:12:32,2018-02-24 22:30:39,2018-02-27 22:09:17,2018-03-21 13:51:04,2018-03-26 00:00:00
d1e4ea32fa9aa0cb1851fb7f6209f70b,6cd7a706016e9712540ec0eaee4dfecd,delivered,2017-09-20 18:00:29,2017-09-20 18:10:14,2017-09-21 17:50:22,2017-09-26 16:45:19,2017-10-11 00:00:00
73eedc4ca4a789813a63fe30856c805f,ae3066cd1bf4fa2aeae850db53d15c1f,delivered,2017-06-03 11:36:56,2017-06-06 13:06:05,2017-06-06 15:39:55,2017-06-19 19:17:57,2017-06-30 00:00:00
46cede2272077facfeb5aa257851d0c3,2299bcdc88bf79c9062fbd443899ae0e,delivered,2017-08-18 20:27:48,2017-08-18 20:44:31,2017-08-21 19:16:33,2017-08-22 18:34:27,2017-08-31 00:00:00
b9f14287907941850bc05380427903d0,19142c2d7d688a19328fc198adf625e9,delivered,2017-11-16 17:42:41,2017-11-17 09:55:23,2017-11-21 17:19:17,2017-11-24 16:54:46,2017-11-30 00:00:00
ea2b2e907341618980eb6f87436f1c4a,daf3eaa2eddf5bdf79f12d1702343fc5,delivered,2018-03-27 20:37:35,2018-03-27 20:47:14,2018-03-28 21:51:39,2018-03-29 22:46:50,2018-04-09 00:00:00
0928f756f49fcb66326d54f5d1bf7830,dc9840b87b465383f8bba501d6c07657,delivered,2017-08-15 14:16:57,2017-08-16 07:04:50,2017-08-17 14:16:41,2017-08-21 23:08:30,2017-09-11 00:00:00
4a110536f892fd4dd11c3c74dada0d1a,3b4045e6537d8e41d9c827d51a5f28e9,delivered,2017-03-01 16:21:50,2017-03-01 16:35:22,2017-03-02 09:41:26,2017-03-09 15:45:19,2017-03-24 00:00:00
3efbba59c62e36ad9b0463ebbb3ff6a5,01f619b964e6c75d7a6e529951848001,delivered,2018-04-30 19:35:39,2018-05-01 02:37:36,2018-05-02 14:09:00,2018-05-08 18:28:33,2018-05-25 00:00:00
35feb4a5e2fa951053a5bf703cd631ef,4a958cac8a69ccf43953b9309bf8b762,delivered,2018-08-08 14:13:58,2018-08-08 14:25:17,2018-08-08 15:47:00,2018-08-14 00:02:49,2018-08-27 00:00:00
a686da5114d82b27240c406fcb88823a,6ed07a89028c70e72899916c5ad3274d,delivered,2018-03-22 16:08:10,2018-03-22 16:50:33,2018-03-23 19:08:59,2018-03-30 00:38:35,2018-04-11 00:00:00
7a44fc15512ee942a70089553f28dccd,ee977261d6f914894ef5ac1a21968224,delivered,2017-09-23 15:34:57,2017-09-23 15:45:18,2017-09-26 15:12:46,2017-10-01 14:14:50,2017-10-17 00:00:00
2b02b803da2669d8124f759b338c3b4c,228f37a3380620e2ec5c239f5b7a245d,delivered,2017-09-02 22:22:40,2017-09-02 22:30:18,2017-09-06 18:16:45,2017-09-17 08:32:37,2017-09-27 00:00:00
0f75f2844ce21ea30f36b770fe2459c3,702642d82c455d0a5b156b8fc92f8f38,delivered,2018-07-03 22:46:47,2018-07-05 16:33:00,2018-07-05 10:22:00,2018-07-10 17:32:04,2018-08-01 00:00:00
84115cf79df5dc6736a1c4ce08daf081,5e08b0deb0e41e0e43823ddd9d33ef10,delivered,2017-03-11 15:57:43,2017-03-11 15:57:43,2017-03-13 13:11:24,2017-03-16 17:17:38,2017-04-03 00:00:00
f2aea068a8c3e1b4b9ec9dd781ee5bca,e36d98b48eb5d1b52eef30063bef6924,delivered,2018-08-01 13:51:58,2018-08-01 14:04:29,2018-08-07 15:11:00,2018-08-10 20:33:04,2018-08-22 00:00:00
c13e96ee541f8f115bf9a364d29a6169,6a6c7092d00c7aa351fc18cdb5a8e544,delivered,2018-06-23 11:12:17,2018-06-24 11:18:31,2018-06-25 14:06:00,2018-06-28 22:35:02,2018-07-17 00:00:00
7916e8283be68b0f8c475ec68cf0f333,00e4dd8d5ecaa00de8c6671679b58045,delivered,2018-07-03 10:52:13,2018-07-05 16:26:49,2018-07-05 14:13:00,2018-07-13 15:12:50,2018-07-27 00:00:00
2a84eca20d61a342eab0147df08293b6,179c7e1bce3651c078ea02b0289d6cdf,delivered,2017-05-01 22:35:50,2017-05-01 22:50:15,2017-05-02 09:34:33,2017-05-12 12:13:03,2017-06-06 00:00:00
77e925036de689ed484293229bf0f152,8639fc85191eb49fbbdabc2c17f71992,delivered,2017-05-15 17:16:53,2017-05-15 17:30:23,2017-05-19 10:37:46,2017-05-22 23:32:33,2017-05-26 00:00:00
b87c9466fb7a6b04a632222b07c1922d,f69987b9f125768a2cf3243679536a80,delivered,2017-09-15 11:59:48,2017-09-15 12:10:17,2017-10-10 19:39:53,2017-10-20 21:42:47,2017-10-04 00:00:00
feb1e26e42fcee9ab068a2a4c7334707,52dec4d958b13202f815736a98b4cae4,delivered,2017-11-16 23:06:43,2017-11-16 23:16:41,2017-11-17 22:32:24,2017-11-29 20:41:50,2017-12-08 00:00:00
3cbf332e7f3e5a7c73f6106f0ba94967,e57ef0c1f8cf325c4269702397720d09,delivered,2018-02-10 17:26:42,2018-02-10 17:45:45,2018-02-15 01:56:50,2018-02-27 21:49:08,2018-03-12 00:00:00
6561717586fb2d3ae85fce2964f600e1,8fab9aa39f21411bfb85a0fc581f9839,delivered,2018-02-28 13:40:34,2018-03-01 13:35:29,2018-03-02 00:55:09,2018-04-03 23:31:09,2018-03-28 00:00:00
cee1a87ab4ea96b3259a9e2d1f02589b,51ef2b9467ee634936c2f1ec126434c4,delivered,2018-06-13 01:26:29,2018-06-13 01:56:26,2018-06-14 15:02:00,2018-06-15 19:22:37,2018-06-28 00:00:00
655b20c809450d9f4e2d3b62d5b7f416,5fdc897ca5f1dfbeecfb4f55ceccd011,delivered,2017-04-01 21:10:08,2017-04-01 21:22:57,2017-04-05 17:29:49,2017-04-19 08:48:08,2017-05-08 00:00:00
deb08269080b64b8e69bcd06b808889a,2605d144097120a05a112c61bd1c4397,delivered,2016-10-08 15:47:56,2016-10-11 01:01:29,2016-10-14 18:00:00,2016-10-15 01:01:29,2016-11-30 00:00:00
cdcdd974adb1606df89687f10cf130eb,f2279bf6a0160ef6fbb64df126f5e42e,delivered,2017-11-26 15:32:11,2017-11-28 03:32:24,2017-11-29 17:16:49,2017-12-20 20:08:17,2017-12-18 00:00:00
b2d0debc1f9d4d6effd6bc476b949083,9e9d6b4d5b6cf2bb1c710a3be2f5afa0,delivered,2018-04-02 10:28:06,2018-04-02 11:30:22,2018-04-03 16:12:28,2018-04-05 02:37:33,2018-04-12 00:00:00
fb31bfd260ee565cb546aab5a4a28803,ab443ed768f8d61a0672c68b756c5d0f,delivered,2018-07-30 23:16:34,2018-07-30 23:31:43,2018-08-17 15:55:00,2018-08-27 19:07:41,2018-09-11 00:00:00
bfd78b312cc39789d717553c3e611abf,162580846012b5d598f38dd5039737a0,delivered,2017-07-13 16:42:17,2017-07-13 16:55:10,2017-07-19 18:26:56,2017-07-27 21:29:37,2017-08-04 00:00:00
9e9c1e31a65ea01ec87996c0369e8319,c0cf2215b00d08e71d80d9d353103fdc,delivered,2017-02-24 16:14:08,2017-02-25 02:22:39,2017-03-01 18:07:44,2017-03-07 12:17:57,2017-03-21 00:00:00
5d790fe3637a350e66c1f7f6d91f4c4e,af2ae43836ce7dc21710105ceddd1644,canceled,2017-07-03 09:43:13,2017-07-03 09:55:19,,,2017-07-21 00:00:00
8ce27cfd1cf723e54eb8a517a0f687af,d84fed1d60d32319a7006df034d24a34,delivered,2018-02-26 15:21:10,2018-02-26 15:35:38,2018-02-27 20:18:40,2018-03-05 21:26:53,2018-03-16 00:00:00
1fab4ac9d85079b3da72a11475ae1685,f831c1fa80308975ec2b58e4877328e0,delivered,2017-09-01 19:04:22,2017-09-13 22:06:11,2017-09-04 13:10:23,2017-09-08 20:13:03,2017-09-20 00:00:00
76aa4331248df0c7d222f16901a12597,66e822818cfda1db261d52e9e2a9f19e,delivered,2017-06-18 13:04:41,2017-06-20 10:25:11,2017-06-22 13:28:02,2017-07-04 14:09:52,2017-07-07 00:00:00
36a55da00696783d804dcef6c490cbf9,d6a517f605004a40b8a4c666e39456ca,delivered,2018-03-22 14:08:52,2018-03-22 14:15:42,2018-03-27 20:56:50,2018-04-19 17:35:53,2018-04-18 00:00:00
13100b3a31729e96b34e7eeaf3cadb2c,89d8adfeb3cbb0bcaf7431ed965d2182,delivered,2018-06-01 11:01:00,2018-06-01 11:15:09,2018-06-06 15:13:00,2018-06-12 01:12:19,2018-07-04 00:00:00
374624ffc15396737a3f35d464fa8ae5,6c0b2d544e2762cf83631d45fac693dd,delivered,2017-06-23 09:18:17,2017-06-23 09:30:18,2017-06-23 12:55:54,2017-06-30 16:37:42,2017-07-17 00:00:00
6ecdb27739986bd7ba9b2817c39159e9,1b293346430a8dbcd22f860a05a642f8,delivered,2018-02-28 01:19:42,2018-03-01 02:35:30,2018-03-08 19:46:31,2018-03-20 21:41:45,2018-03-21 00:00:00
9eedca0abb31d377cd420b89775a64a8,aae6057b8281efa34faf1d9cd3f7cbc7,delivered,2017-11-28 13:58:56,2017-11-29 02:23:15,2017-11-29 23:38:50,2017-12-08 23:28:28,2017-12-21 00:00:00
231acde8e06eda65e8b7d6b04bc7260b,7a47e4aad867b455906f7c4c5347d764,delivered,2017-07-03 21:31:45,2017-07-05 02:45:11,2017-07-12 19:32:48,2017-07-21 21:29:44,2017-07-25 00:00:00
25735b38f376510aa1e9762e25343124,bb514cf4c072f5b604be110df9585d95,delivered,2017-05-24 09:46:11,2017-05-24 10:02:31,2017-05-25 10:03:42,2017-05-26 16:13:44,2017-06-06 00:00:00
53639d3483b91d202af2934021b5e2fa,0309b2a47dddf69e60c888db00cb5858,delivered,2018-01-07 10:16:22,2018-01-08 10:11:22,2018-01-09 20:45:04,2018-01-13 01:03:35,2018-02-05 00:00:00
f7530604856bf59bca16e5110e476c59,8b828d6a4f94c2a33e7a705c2374199b,delivered,2017-05-15 22:48:37,2017-05-15 23:02:52,2017-05-19 13:22:35,2017-05-23 10:17:35,2017-06-13 00:00:00
662c204ba347d430c0fc3a5df267478f,1e3512ce753ab87c643855569b8b23e1,delivered,2018-03-30 19:08:13,2018-03-30 19:50:09,2018-04-13 17:42:12,2018-04-16 23:12:03,2018-04-27 00:00:00
d68b0945df8ef41eee78fc3a864742da,cbbf757deb261a38eaba0e76577ba73d,delivered,2018-01-28 13:54:01,2018-01-28 14:09:26,2018-01-29 22:17:41,2018-02-06 17:33:33,2018-02-23 00:00:00
8c2189f32103647dde2d19e9045c2a76,58db7d715512621026cea08f56d283b3,delivered,2018-07-18 10:31:28,2018-07-18 10:45:12,2018-07-20 12:59:00,2018-07-23 11:05:31,2018-08-06 00:00:00
9d3704763c7a62e8cc450c779bc811b3,3625ffefba6b5cea39effc685c016ef6,delivered,2017-12-01 12:43:52,2017-12-02 18:57:19,2017-12-05 03:10:51,2017-12-15 15:25:27,2017-12-28 00:00:00
aad035e568a4d856b8cfe95cd55907f2,8b771adc0441ac4fdbb0f3304f284d0a,delivered,2018-08-04 13:37:43,2018-08-04 13:50:22,2018-08-06 15:07:00,2018-08-13 21:28:48,2018-08-22 00:00:00
0d5ce32fbaa548555dac4bee840d7705,188aa21ac1cf80f11848cbcd18973315,delivered,2017-07-01 15:47:06,2017-07-01 16:03:36,2017-07-21 15:22:51,2017-08-24 18:35:30,2017-10-19 00:00:00
e39e5c5582fe3b14f62bfdf4f721b40f,0f0f0708cb128767fa11e1b6daefe426,delivered,2017-12-27 23:09:37,2017-12-29 02:09:49,2018-01-02 17:42:01,2018-01-09 20:44:05,2018-01-30 00:00:00
6b11e7b75e0feb0302e6054a2e65be71,fdf4c0a219286d7a9b9c69c6924cef5e,delivered,2017-11-24 23:47:36,2017-11-25 02:34:02,2017-11-30 15:25:14,2017-12-08 20:51:49,2017-12-14 00:00:00
54a33eb07a24da26f790d99fa2adfd7c,5c5020458933e2ca08b7aa21614a2c4c,invoiced,2018-08-06 23:23:11,2018-08-07 12:05:19,,,2018-08-23 00:00:00
b92fc3d1e14e2ff2051230fda1012db2,db24cde3f582d45c6be2809ff57d6598,delivered,2017-08-21 13:56:53,2017-08-21 14:10:22,2017-08-23 13:38:06,2017-08-24 18:09:08,2017-09-06 00:00:00
2ae4550cd93c502fcca8f1b07c6d1641,053fd2ab2e3ceca5d4aef650327d1689,delivered,2018-03-17 15:19:57,2018-03-17 15:30:45,2018-03-19 21:42:38,2018-04-10 20:03:51,2018-04-05 00:00:00
4abc781b3e88962a7e098bcb42ed44c6,dd9013b8f9a0b85bc923959071a8b800,delivered,2018-04-24 17:13:31,2018-04-25 14:51:43,2018-04-26 12:45:00,2018-05-09 21:06:10,2018-06-05 00:00:00
93f3ccc863d3ac17381f6505ccd752de,684c85fb35942a14af3a594427026a8d,delivered,2017-12-20 20:50:54,2017-12-20 20:58:28,2017-12-21 23:22:27,2018-01-09 15:09:15,2018-01-22 00:00:00
5d9e1e0e7084f2f9e90a7069e64cba61,5a0e3721a8ca7e273f07af1ead76605e,canceled,2017-11-05 13:58:19,,,,2017-11-17 00:00:00
45ce1b15635a07669cbb35c8607fbeeb,ce40e584f62a6cfebb0cc89047975163,delivered,2018-04-26 17:06:14,2018-04-26 17:31:47,2018-04-27 15:41:00,2018-04-30 16:32:35,2018-05-09 00:00:00
ecc6c5d76a4d38a9b95c0fe288b3f220,cfad1ce34667d10a9c81fc26061f0d6d,delivered,2017-04-09 17:24:08,2017-04-09 17:35:17,2017-04-13 08:19:41,2017-04-19 14:25:09,2017-05-16 00:00:00
8f3f26027859349e29776a53fcf17963,77678cf0733734587184d89b548c3517,delivered,2017-04-06 12:12:21,2017-04-06 13:05:36,2017-04-07 15:39:46,2017-04-13 07:39:05,2017-04-27 00:00:00
fca3ff759e8d69e522e5d0ceebb89059,ca67de53c6d54f8e8a64b09036387c0f,delivered,2017-04-30 10:40:52,2017-04-30 10:55:17,2017-05-03 10:02:35,2017-05-22 09:03:45,2017-05-25 00:00:00
fd6f101a1afb677198cf40cb3feb147d,ddf0bb11382100ff332835fbb45e8117,delivered,2017-04-02 14:07:23,2017-04-02 14:15:13,2017-04-05 16:09:58,2017-04-10 13:48:01,2017-04-24 00:00:00
186ac860f8928db64590e1fdd744c9f5,c4fb1c069ba21ade36983cf6ad7069c8,shipped,2018-03-08 16:10:21,2018-03-08 16:56:03,2018-03-12 19:48:36,,2018-03-28 00:00:00
c455e8ff84c22c9e3b3e1f5c8c8ef95c,19cb26eb0a9a6980367bc7952ee138ff,delivered,2017-05-30 08:13:45,2017-05-30 08:25:12,2017-05-30 14:01:53,2017-06-09 23:54:50,2017-07-04 00:00:00
414c2d0aa3ca7ba2ded1e645b3dc42d8,66e959a44387b5dfdd7e743181715998,delivered,2018-02-28 21:58:05,2018-02-28 22:30:57,2018-03-02 01:15:10,2018-03-10 14:12:17,2018-03-19 00:00:00
07172761566bda50929a3b449eae02ee,f1b39a3f57ab0e618b294bd1a9698ff6,delivered,2018-03-17 17:22:42,2018-03-17 17:36:20,2018-03-20 17:11:21,2018-03-29 22:31:16,2018-04-05 00:00:00
29ae62fd6471b0273901154265c09fd9,c1bf32b941087fc7379e2897279b3b40,delivered,2018-01-16 13:44:45,2018-01-16 13:56:05,2018-01-17 22:28:40,2018-01-25 21:08:45,2018-02-09 00:00:00
c912c210c22a9527553521d8fda44563,6eb257a208b7082dbd96413e6d139602,delivered,2018-04-23 09:19:59,2018-04-24 17:23:05,2018-04-25 12:31:00,2018-04-26 19:32:09,2018-05-08 00:00:00
9211ad9b7860612a689053307f1de3e7,6cad4a49ecca28f0e402acc2ffd1d67f,delivered,2018-04-14 14:13:39,2018-04-17 05:50:13,2018-04-18 23:44:55,2018-05-05 13:32:43,2018-05-10 00:00:00
0874cc8e3901cd3d61e47bd8041c2e8d,bff79ac2dd5a3735291910b86f6de25e,delivered,2017-08-18 18:55:02,2017-08-18 19:10:16,2017-08-30 18:37:56,2017-09-05 19:04:19,2017-09-20 00:00:00
7ee85d0975cba23862989df84a6e13f0,407f9b965b69734ec538ebde7febf251,delivered,2018-04-17 23:28:21,2018-04-18 23:15:20,2018-05-02 09:04:00,2018-05-16 19:18:43,2018-05-21 00:00:00
608f10c703cf4a52527bfe0ae0afbddc,91ab3a17f5312a32f85bf6d567488b94,delivered,2018-04-30 08:34:14,2018-05-01 06:13:06,2018-05-04 14:22:00,2018-05-07 13:21:05,2018-05-11 00:00:00
69933502bb7f9b4aaac818858f964553,8cab6013b5bb046a5b91c60f05208cba,delivered,2018-05-15 16:46:45,2018-05-15 17:38:08,2018-05-16 12:31:00,2018-05-30 12:02:53,2018-06-12 00:00:00
d68d5c93a1000f0278b511ffa6aeaa50,1b8cd2bc8b536be7634caf5929c70704,delivered,2018-08-06 12:11:14,2018-08-07 08:44:48,2018-08-10 18:11:00,2018-08-13 16:57:42,2018-08-13 00:00:00
71e46015f37d1839f5feacddea47add2,51632735d9435e3135faf0a7a51897cb,delivered,2017-02-25 21:33:16,2017-02-25 21:42:14,2017-03-01 10:22:16,2017-03-08 14:33:15,2017-03-22 00:00:00
b6cc7bff663bc68317b27e915be941ca,a964e30ab4f1b606fba4cd1f15806048,delivered,2018-05-14 07:37:20,2018-05-14 07:52:17,2018-05-14 13:00:00,2018-05-17 20:18:51,2018-05-29 00:00:00
6df5ccb6ecd13e123c2a9a0a5ed0ae9f,1266651e5dfcd12269d5242ab75b2064,delivered,2018-08-04 13:20:19,2018-08-04 14:00:09,2018-08-09 13:06:00,2018-08-10 16:38:35,2018-08-13 00:00:00
0556fe7a6dbdc95276ba0513ee5f0471,8e8ece09f913df64cbdcf2188e9a7d85,delivered,2017-11-25 19:14:14,2017-11-26 11:15:21,2017-11-29 22:41:43,2017-12-13 14:54:45,2017-12-15 00:00:00
d3f661b49e6bea433759048d761d2035,56a914c4b8d40096b2b7074f4c2f62ec,delivered,2018-07-05 00:07:41,2018-07-05 16:27:10,2018-07-06 06:32:00,2018-07-12 21:18:35,2018-07-25 00:00:00
cf236022e4e2a6dd53ae41f8c87ea653,c1c387df7d732899f30a909c8b084e56,delivered,2018-08-09 19:13:39,2018-08-09 19:24:50,2018-08-10 12:40:00,2018-08-13 19:37:57,2018-08-23 00:00:00
8207dc60d7f55f4ac2b9601f02eeff29,93d5fd8f7db0fa4ca0ed24b83f12505b,delivered,2018-06-02 19:52:07,2018-06-02 20:12:16,2018-06-04 14:02:00,2018-06-14 18:50:01,2018-07-24 00:00:00
e31ea4183de6b416446423888f5dc3d8,02c6b472654adef5ac65870849c73444,delivered,2018-05-07 13:51:40,2018-05-07 15:54:33,2018-05-07 16:17:00,2018-05-17 16:38:02,2018-05-24 00:00:00
f9df671328c983159e6f49c929679f5c,2f183950f835c2a00409f15423ed1ad5,delivered,2018-05-06 10:31:40,2018-05-06 10:52:54,2018-05-08 09:53:00,2018-05-10 18:51:52,2018-06-12 00:00:00
ea3c8982e2aaa8f92872beb90375f41a,ba1592ad9a1c31b32f80c80bbdf039c1,delivered,2017-07-18 16:55:02,2017-07-20 02:25:46,2017-07-24 20:13:35,2017-07-31 19:33:47,2017-08-16 00:00:00
ee23103ab94d84788e8fb686103c0954,4eee666d81e4820818ac51c38b46da8d,delivered,2018-02-04 19:23:01,2018-02-04 19:35:30,2018-02-06 01:03:42,2018-02-16 15:45:22,2018-03-07 00:00:00
9a09c8f0e971786c75d28809043dc55d,1c2d16e090fbe137760a0d66d2258c5b,delivered,2017-08-15 11:25:22,2017-08-16 12:10:17,2017-08-16 18:28:08,2017-08-22 22:14:35,2017-08-30 00:00:00
3977c54327b2593940b72e8c6b2c3605,c4fd732e1aec2b4dc65d4e3bc60c838e,delivered,2018-02-05 10:19:30,2018-02-05 10:35:39,2018-02-09 23:27:10,2018-02-24 14:53:20,2018-03-09 00:00:00
446461e627059dcc66c0d83df1d3fadf,a5501dd3eaffc14bb37c90c70a2099af,delivered,2018-05-07 22:48:45,2018-05-07 23:12:22,2018-05-08 08:08:00,2018-05-11 02:21:46,2018-05-21 00:00:00
1c4f7f07e974a6d951ac86cd8d4d450c,f746bee856810072fc78dfd15eef717d,delivered,2017-08-07 11:23:17,2017-08-08 03:50:42,2017-08-10 21:13:52,2017-08-23 20:42:14,2017-08-29 00:00:00
15fdda39515f8ebe0bc8d067fa136a83,1f91e5b12976cbf0cc92a143dda96e0f,delivered,2018-06-05 18:15:38,2018-06-05 18:35:26,2018-06-06 13:12:00,2018-06-19 23:29:49,2018-07-24 00:00:00
dec1d79085ef3e4503d07d746591a446,a0c07443440c1810d9fa7dbb31cf8a96,delivered,2018-02-28 19:25:26,2018-03-01 15:40:24,2018-03-02 21:37:21,2018-03-15 19:23:25,2018-03-22 00:00:00
0343fa2096b6d04743321f9b9f62c1e0,24a982bba67ae6828be5c20e4b24dbf7,delivered,2018-08-22 09:43:46,2018-08-22 09:55:13,2018-08-23 12:53:00,2018-08-24 22:18:35,2018-09-05 00:00:00
851ca56d98d52355e12410122fe07fa6,6e142629fc0c8f867cdf17fa378ca709,delivered,2018-07-19 08:46:03,2018-07-19 08:55:29,2018-07-24 14:37:00,2018-08-02 17:44:36,2018-07-31 00:00:00
e699db09ff2550edf641974c32caab55,1b2ab6eda1946a6ff386b1ae51431344,delivered,2017-11-24 10:41:43,2017-11-24 12:18:26,2017-12-08 16:46:58,2017-12-13 20:57:14,2017-12-15 00:00:00
6376db8b01455ca1b4a1c3d89ad69316,ad7544bc1e8bd63b6a36063a278b16b7,delivered,2018-02-16 01:51:04,2018-02-16 02:50:30,2018-02-16 18:18:34,2018-03-29 17:24:48,2018-03-12 00:00:00
4576ccc69bb4a9402048a8672467675b,d51a769f71cfbad7bed52a8e4b3d1ceb,delivered,2017-11-27 08:18:47,2017-11-27 08:36:53,2017-11-30 22:44:51,2017-12-03 15:33:25,2017-12-12 00:00:00
7416cd841f14bf1c92f1b57253035aef,38d924d151edb55aaa61217e9f319919,delivered,2018-04-18 16:56:06,2018-04-20 07:35:26,2018-04-23 10:44:19,2018-04-27 22:14:30,2018-05-22 00:00:00
a932657c2a8f532655a478c7170642b1,cd4d82ed08b7482d755adbdad4243dae,delivered,2018-07-11 15:28:16,2018-07-11 15:46:27,2018-07-12 15:07:00,2018-07-13 17:04:00,2018-07-19 00:00:00
a73a38a5eeac4ab94ef2bcbd90f92e43,1fb3df5efb074be6ef543b2ac76833e2,delivered,2017-01-27 19:55:05,2017-01-28 10:31:22,2017-02-01 10:04:37,2017-02-08 14:05:11,2017-03-07 00:00:00
e4042b31d83d0e39b199d1c5a0c48615,f784d05709f75b9b78af51b32dc4e26f,delivered,2017-12-29 14:31:47,2017-12-29 14:47:04,2018-01-03 17:13:21,2018-01-24 22:42:48,2018-02-01 00:00:00
96d44b6cb21fc7fdc07088201dc2230e,241876a1ed49df23861e46023dd726c3,delivered,2018-01-11 13:56:51,2018-01-11 14:31:51,2018-01-12 20:51:51,2018-01-25 21:05:06,2018-03-09 00:00:00
61a194ec0be86b956a275ea1fd86023f,1002cb40a48c938a607997948c187056,delivered,2018-02-07 09:19:21,2018-02-07 09:31:37,2018-02-09 19:53:28,2018-02-16 18:45:04,2018-02-23 00:00:00
982d82bc18646c6288463c134c89fc3e,37aa35bff555a25b9de984deaa0b514d,delivered,2018-07-26 22:05:42,2018-07-28 02:35:13,2018-07-30 12:15:00,2018-08-07 23:36:49,2018-08-13 00:00:00
d1bc18e9f697ab4e206197e4ee23494e,b3ab4dc624a32ef498c517285c6e1fb6,delivered,2018-07-20 14:34:08,2018-07-20 14:45:31,2018-07-20 16:30:00,2018-07-23 13:37:33,2018-07-31 00:00:00
4cd5aded458b2bb658108cfe0f705ab5,fed5b7561b589c773a4a7d7028d0ae9b,delivered,2018-02-05 15:18:14,2018-02-05 15:35:43,2018-02-06 23:51:23,2018-02-19 18:48:47,2018-03-12 00:00:00
819c95d80987748e1ce29b9b637cc920,92b9aa277769ef0bf861d4fdf17cf5bb,delivered,2018-07-20 16:53:27,2018-07-20 17:10:15,2018-07-24 06:57:00,2018-07-27 18:51:34,2018-08-22 00:00:00
92513c17b1e446ae2b162527361b595e,8fbbfd71536431f7d84abe07956a4608,shipped,2018-07-14 14:01:18,2018-07-14 14:15:09,2018-07-16 15:22:00,,2018-07-30 00:00:00
b8831de8421ce05d880cb13b8610f9c3,6624813688ccf41b6807e77a9f194c2b,delivered,2018-08-10 15:00:29,2018-08-10 15:10:22,2018-08-15 13:34:00,2018-08-17 14:45:01,2018-08-21 00:00:00
2c44ef48e157c9a43e9998da9a3248bd,1b38122bd6186b187d3af336471189e8,unavailable,2017-07-17 15:43:37,2017-07-18 06:35:14,,,2017-08-18 00:00:00
8bd98fd451da26c29d29a56507b168a4,3aca5bf74140f4549d0d2414606f554f,delivered,2017-04-23 16:41:17,2017-04-23 16:55:17,2017-04-24 13:47:26,2017-05-09 12:41:37,2017-05-25 00:00:00
77e18878827762954f8e0697901368de,974eb9367ca53bf145e7cb9b9a58171c,delivered,2018-06-06 15:15:53,2018-06-06 15:34:30,2018-06-08 13:45:00,2018-06-11 17:41:58,2018-07-03 00:00:00
d8ff993abef623e4c9956f245c4345e9,924a7950479b075b9605579a24456054,delivered,2018-08-04 04:59:37,2018-08-09 23:31:23,2018-08-06 18:18:00,2018-08-14 00:07:41,2018-08-16 00:00:00
9ae0dde43abc889af3f66f1408bd49fe,deb60000dabb838efb3cc3e9de7961c7,delivered,2018-03-26 23:31:51,2018-03-28 02:50:39,2018-03-28 20:16:51,2018-03-29 21:08:29,2018-04-06 00:00:00
a0f6d215b0e99072f27854fe0b1945b3,a0a26b048df822d9a1ac3c74f2418101,delivered,2018-07-19 19:49:29,2018-07-19 20:05:10,2018-07-20 14:30:00,2018-07-26 21:48:25,2018-08-06 00:00:00
abc7e319cb9e3bb886909c5ec18969a3,33c20edf6ed3d5c9784af0eeb91c665a,delivered,2018-03-29 09:11:53,2018-03-30 03:09:00,2018-04-03 00:57:45,2018-04-10 20:13:35,2018-04-20 00:00:00
82bdf2be6cd75f6a34999c235f18948f,315a9cfa0469acc52513edc34b1987ca,delivered,2018-02-01 09:29:16,2018-02-01 09:53:13,2018-02-07 17:33:39,2018-02-15 21:22:25,2018-03-01 00:00:00
2485cabe7d4efbfa58650ef56a0ce6aa,a521ab3b55dcdfd47152d5af2a0c9555,delivered,2018-03-26 11:13:03,2018-03-26 11:47:43,2018-03-27 18:16:51,2018-04-18 22:31:09,2018-04-26 00:00:00
8ecd4e086e06a6e3b98920c11b565fc8,76dfc9b4b9bce12fcd7523f8202f97f5,delivered,2017-12-14 01:05:06,2017-12-15 02:19:40,2017-12-20 00:39:08,2017-12-26 20:10:19,2018-01-17 00:00:00
e78a6ebf08a820b5ce4a82208d912130,3155d972f9e19ec1a465e5d8dda5c8d0,delivered,2017-07-28 23:38:46,2017-07-30 01:35:15,2017-08-01 18:42:13,2017-08-16 16:07:08,2017-08-30 00:00:00
08ff2ba0393c3492409f044754015f74,56068ca6fa66573a884fd01f7394ffe8,delivered,2018-04-27 10:42:14,2018-04-27 10:55:19,2018-04-30 14:02:00,2018-05-03 17:04:01,2018-05-11 00:00:00
876bcc47b24377b358f9f3e7f59b48da,255e3c4d9010ae035ddc3c962804bc83,delivered,2018-03-27 10:40:36,2018-03-27 10:55:25,2018-03-27 20:16:35,2018-04-04 17:07:04,2018-04-18 00:00:00
1e50081a481cd77d211e822a33a0f359,aaa5e08722a68431c83261503552ead9,delivered,2018-03-26 22:29:46,2018-03-26 22:47:26,2018-04-20 19:48:53,2018-04-30 22:11:59,2018-04-19 00:00:00
1d1db2493f621bd8ce091e28018ea24f,919032f506767422e7e288dfa4850c4a,delivered,2017-06-19 15:21:19,2017-06-19 15:30:27,2017-06-21 07:52:55,2017-06-27 11:39:56,2017-07-12 00:00:00
eb648c502f9756a959be78b19b069bc3,dcf29d92b5428a9fbcdff7b35442e1c2,delivered,2017-11-26 23:03:38,2017-11-28 03:31:16,2017-12-04 15:22:18,2017-12-12 16:22:50,2017-12-27 00:00:00
ec604748dfe7d284c0316cf22cac3b33,91bf684a5ca3e82ecc3519637197bfc8,delivered,2017-07-13 16:00:55,2017-07-14 02:24:58,2017-07-20 22:07:27,2017-07-22 16:12:18,2017-08-01 00:00:00
c71aa75fb0d0bd33c5bcc758608e7812,31f1c0fd8437c853ba570d7ba55f64b8,delivered,2018-02-09 12:24:45,2018-02-10 11:35:30,2018-02-14 20:21:40,2018-02-26 15:41:53,2018-03-07 00:00:00
ffe2b9e50ccbd9695f42c906f6d9010c,d8eaef18d54f26637bdd57fb1254bbb6,delivered,2018-03-16 12:02:38,2018-03-16 12:15:33,2018-03-19 12:47:54,2018-03-23 19:52:04,2018-04-10 00:00:00
c13a4b8b536a4584745b7d62ef958ee7,973a00fde4f53076b6eb120482a4a76a,delivered,2017-12-14 14:20:09,2017-12-14 14:33:03,2017-12-15 17:15:55,2017-12-18 15:42:45,2018-01-04 00:00:00
5bca8968c7bbe677fbb54e8d8b3d331e,ee7bae6bffd1ba8fe5fb033bc6dd4d74,delivered,2018-02-21 23:10:29,2018-02-23 02:10:34,2018-02-23 20:35:41,2018-03-07 23:28:46,2018-03-20 00:00:00
0e64b89242bbb62b8ea29c57fc8073fb,8383f6013f8c865be8aa873dce7f43a1,unavailable,2017-11-23 10:53:08,2017-11-23 11:08:21,,,2017-12-20 00:00:00
c6c76014b61dcf511dd9db142760ae34,3ed78738cbc1086f8dd31e456bc27fb2,delivered,2018-01-13 18:35:08,2018-01-13 18:49:46,2018-01-17 14:39:09,2018-01-26 23:05:41,2018-02-21 00:00:00
75ac959e92dad3a1807efc845e07e439,88589a4b7082d5090f4816f21f07a2b8,delivered,2018-04-28 14:55:05,2018-04-28 15:11:21,2018-05-04 14:39:00,2018-05-05 16:38:30,2018-05-17 00:00:00
c35c0040e09990a95e79c617fafe8c10,3d32aac5bce2d5bde5b0645ef8b319bc,delivered,2017-07-13 19:40:00,2017-07-13 19:50:20,2017-07-19 15:05:49,2017-07-26 01:36:42,2017-08-10 00:00:00
37a8e5d9b2e5863960037179b26da448,a53d0a93c43728928e650fa9594d5f61,delivered,2017-03-06 16:08:25,2017-03-06 16:22:52,2017-03-08 13:03:26,2017-03-15 10:53:51,2017-03-30 00:00:00
2ee460773e708be4e0208745a3864b8c,3bd12f7c1ad3a3908905785e43de8603,shipped,2017-06-22 22:34:26,2017-06-22 22:50:09,2017-06-28 15:17:48,,2017-08-07 00:00:00
8649e59f7e617fa93150e6f518d35006,7b33c58fc681f57e0b77b61f268771ff,delivered,2017-08-02 14:49:09,2017-08-02 15:03:30,2017-08-03 20:49:45,2017-08-08 19:03:41,2017-08-24 00:00:00
9bc5cf55f8c2f895c92856ca5a179139,41445dea0c353d122f5d5e6a88de7c83,delivered,2018-07-26 08:41:31,2018-07-26 08:55:21,2018-07-26 11:03:00,2018-08-03 13:58:57,2018-08-21 00:00:00
a3ad5f7522d495d4d61684337167bdf0,970d1d8e9561b6ca86619acdbb7ed338,delivered,2018-04-01 17:22:23,2018-04-01 17:35:09,2018-04-02 19:41:02,2018-04-11 23:15:18,2018-04-23 00:00:00
d8651642157a4517771c50eb1e699109,96f23010acf228a3e2c2effec8ae8337,delivered,2017-12-14 15:39:22,2017-12-15 02:31:40,2017-12-15 21:33:38,2017-12-20 13:58:47,2018-01-11 00:00:00
3c34298915dda196e053873162f24bf4,203787a9001501ba8c7a57471254a1f9,delivered,2017-09-26 08:02:09,2017-09-26 08:14:19,2017-09-26 20:22:20,2017-10-02 23:44:08,2017-10-24 00:00:00
dd57685b48de5c49dd9c140d48079aab,4f7ed4b389ad186dc3c13180b22cc69f,delivered,2017-07-03 20:36:21,2017-07-05 02:45:30,2017-07-06 15:06:51,2017-07-13 21:46:28,2017-07-21 00:00:00
491c5fb7589518eeceb842216e1b4441,6f7dfa99456b9ecdec0fa258ba7449f5,delivered,2018-03-14 14:37:15,2018-03-16 03:25:20,2018-03-16 16:58:27,2018-04-02 19:12:23,2018-04-05 00:00:00
bdd49e833a618b2e10096e4bd5725977,9edf4e2bfac35f5d2d41782e8c06f0b3,delivered,2018-03-14 22:19:41,2018-03-15 17:35:37,2018-03-19 18:38:47,2018-04-06 19:55:37,2018-04-02 00:00:00
2352f0c7b4fe903c071e032c9d6d6593,b115c9e03fe6ed4c0b0ad50733f1ae98,delivered,2018-04-13 08:15:49,2018-04-17 05:50:08,2018-04-17 22:46:21,2018-04-23 13:32:23,2018-05-18 00:00:00
39ea1041ff8ce5011a3032a46ccf30e3,61347faa162c1fbbcaf9020a7111a82b,delivered,2017-07-31 23:07:04,2017-07-31 23:25:24,2017-08-02 15:19:36,2017-08-03 17:25:55,2017-08-15 00:00:00
743f0286b8d819a10c071fdf2c1e2f5f,36f6485541648e3f97ef663f7ae83043,delivered,2018-05-31 17:08:38,2018-06-05 04:12:40,2018-06-05 12:06:00,2018-06-06 16:12:11,2018-06-26 00:00:00
465bd6cdd5535737b0839fe6b722c9fb,19faaa8953bbd5166298b6f2a3f84298,delivered,2018-05-04 00:25:23,2018-05-04 21:50:22,2018-05-07 14:08:00,2018-05-25 23:21:40,2018-06-27 00:00:00
a5f48911613f243e89209587f3d37aff,eaa4ae8e2814593f6ff4277e539a7874,delivered,2017-12-16 10:35:37,2017-12-16 10:55:07,2017-12-18 22:17:04,2017-12-19 20:28:26,2018-01-05 00:00:00
7c9956750739a47dba7a6928ba2f0245,b65dda35fa1e480e28ded92bd5efe474,delivered,2017-08-28 21:57:49,2017-08-29 05:33:05,2017-08-29 17:49:11,2017-09-08 15:56:52,2017-09-14 00:00:00
5dcc65f0f55ef1d3cfe2d7c90349e23c,7308c3369ae037a966d083e24201f698,delivered,2017-08-13 22:04:51,2017-08-15 03:43:53,2017-08-15 14:22:12,2017-08-24 17:39:49,2017-09-05 00:00:00
bfaefe509209a9477bd599fb0658f4ec,0cbc00da55924e1b714a2884440e8026,delivered,2018-03-02 13:55:22,2018-03-02 15:55:35,2018-03-06 17:08:14,2018-03-27 14:53:34,2018-03-23 00:00:00
2cfc79d9582e9135c0a9b61fa60e6b21,f530197ea86ced9488a03d055e118ebf,canceled,2018-02-19 17:11:34,2018-02-19 17:20:52,2018-02-20 18:58:43,,2018-03-15 00:00:00
05981a7bf1a18eb991af55a8a8dbdf83,888c9e6c1b81d921be22d597e458b16b,delivered,2017-11-24 16:03:41,2017-11-24 19:52:38,2017-11-30 23:56:57,2017-12-19 19:16:59,2017-12-14 00:00:00
b64e487c58e0790f34911fc9b7939827,1c78fda0fe9c74e5e305a729e2734c82,delivered,2018-06-21 17:33:53,2018-06-21 17:58:40,2018-06-25 14:58:00,2018-06-29 14:08:55,2018-07-19 00:00:00
27154322ce3aa2a60d8f005b929e9567,59b2f4f1611eb365ba738a5747caf5a6,delivered,2017-11-11 10:41:52,2017-11-11 10:55:27,2017-11-14 20:32:39,2017-11-16 18:09:28,2017-11-27 00:00:00
b3729cd1670144c7b451137853e3f46a,3ba877fb77cb9ece0df17fdad93f64cd,delivered,2017-07-25 18:48:04,2017-07-25 19:03:01,2017-07-27 20:27:55,2017-07-31 18:39:56,2017-08-21 00:00:00
ad15ae08ead6006cdba6fb5f19b055c8,1b337e561848c1abff24332c0eae028d,canceled,2017-10-14 10:36:31,2017-10-15 10:49:16,,,2017-11-10 00:00:00
72c215040979a13fe5e07708ae8b326c,7aa14025568b31b93e538fcb0a6931b0,delivered,2018-03-10 15:23:53,2018-03-10 15:35:31,2018-03-12 20:46:30,2018-03-20 13:54:50,2018-04-16 00:00:00
cfbf0360f6ea9dfe49992b49018f6ceb,d20bc6c62112b142b4644ae1420c97aa,delivered,2018-08-23 21:18:01,2018-08-23 21:35:09,2018-08-24 13:59:00,2018-08-28 03:28:31,2018-08-30 00:00:00
23656d2d2cc437bb9aa69984ee84d980,03f846ad03437d864a8d2a22976dcafe,delivered,2018-02-20 11:34:50,2018-02-20 11:47:43,2018-02-21 18:29:11,2018-02-22 19:11:38,2018-03-06 00:00:00
bbc796bc3e529de379f16c90fc437a82,278caff61fce8ced765f0d0e5662df07,delivered,2018-03-29 00:40:59,2018-03-29 00:55:28,2018-03-29 23:32:31,2018-05-02 19:57:23,2018-05-03 00:00:00
ca5a6a09733f353ede92562e5d858d88,cbb7249c2aa52f4846b369bd6ebc4ff9,delivered,2017-12-02 22:49:38,2017-12-02 23:23:31,2017-12-06 20:41:40,2018-01-10 17:28:30,2018-01-02 00:00:00
ddc3d480190a889acc51fb21d634c044,8ae23a65de42e37af02009f57d04ac19,delivered,2017-09-06 12:34:01,2017-09-06 12:45:22,2017-09-09 13:23:11,2017-09-16 16:46:00,2017-09-25 00:00:00
44579d02e209aa42e391a4af78ec74fe,ffa06e399e68881a89fa0f38f21c136b,delivered,2017-02-04 16:30:43,2017-02-04 16:41:46,2017-02-15 15:54:15,2017-02-23 12:47:38,2017-03-03 00:00:00
a12313a4de4327d266a444688c8e8add,bb8550dd2865e7d008d7a77ced99769c,delivered,2017-05-16 13:47:21,2017-05-16 14:02:37,2017-05-16 15:25:35,2017-05-25 10:40:00,2017-06-07 00:00:00
1b4dc1c360e958d57a893d4e5d9cd608,883c939afd787c8b502bf3e9006cf506,delivered,2018-02-17 23:00:07,2018-02-20 07:26:56,2018-02-20 19:39:03,2018-03-03 17:05:30,2018-03-13 00:00:00
76814cecb4b0b51bff1b1843f9ee45d4,be0948f5348ad6732797b8917737b441,delivered,2018-01-19 13:40:41,2018-01-19 13:53:59,2018-01-20 00:22:12,2018-01-29 20:33:24,2018-02-19 00:00:00
c6fe97ef4a94879e61bd71568ead79b0,3610566c1bd35ade63452acf27133f22,delivered,2017-02-20 13:23:36,2017-02-20 13:32:20,2017-02-21 08:16:03,2017-03-02 12:14:10,2017-03-17 00:00:00
3c8703b04f446890b1ba92cb79c3b37d,c80a28aee3a9a5f9b0df6a7ea442c385,delivered,2018-01-19 12:38:28,2018-01-20 09:09:20,2018-01-29 22:48:30,2018-01-31 18:48:55,2018-02-16 00:00:00
13bd28c9fb3f72368af23530f1231cb2,f6398ecd9c86a2280e6e4cf8e5bb9fcf,delivered,2018-06-17 12:58:12,2018-06-17 13:13:41,2018-06-19 13:40:00,2018-06-25 21:46:38,2018-07-12 00:00:00
edb87b920c0d70259a62d95cd4922c87,2a03419803b591a0c0f37ca997c84875,delivered,2018-07-06 10:19:18,2018-07-06 10:32:04,2018-07-10 08:09:00,2018-07-13 15:35:33,2018-08-01 00:00:00
305af4823119256511e64863ca221c60,c9c97a0dffedebf3619790954219437f,delivered,2018-05-13 14:56:49,2018-05-15 05:14:47,2018-05-15 15:05:00,2018-06-04 14:26:45,2018-06-20 00:00:00
655cd199cc9b3c52c523833837c1921b,5139dcd086c2e4427ead53c4e925d40f,delivered,2017-11-13 12:02:55,2017-11-13 12:15:45,2017-11-16 15:51:41,2017-11-18 13:33:00,2017-11-27 00:00:00
cf90a0857f3c111d3fcc73aea40c7d11,3888015de3760a1c1c74aca7e48eb4cb,delivered,2018-05-14 12:44:20,2018-05-14 12:55:34,2018-05-15 12:16:00,2018-05-21 22:40:45,2018-06-01 00:00:00
9e7137975355579bd52d6ad4e682f833,d7f9d42d9ed5c5d53824a2c8be1b64b5,delivered,2018-02-02 13:45:00,2018-02-02 14:51:46,2018-02-06 22:29:05,2018-02-07 21:22:59,2018-02-21 00:00:00
ffcbf9b4459704e9185c5c630d11b69c,1e7f26bfc1b72023a4e9b1800f281912,delivered,2017-02-25 07:53:03,2017-02-26 08:01:52,2017-03-02 14:35:13,2017-03-14 09:41:37,2017-03-30 00:00:00
482e2b33358915d170f8430d8094c0e8,4434bdcccd4c540f8d525f693f78b43e,delivered,2017-12-07 11:59:51,2017-12-07 14:52:54,2017-12-11 13:47:55,2017-12-29 19:40:45,2018-01-04 00:00:00
b14127bfb817fb9d5883aacd257bb447,b9269719481dedccccbd738332211605,delivered,2018-08-05 10:03:00,2018-08-05 10:24:14,2018-08-07 12:25:00,2018-08-16 21:24:46,2018-08-21 00:00:00
de0fbaf67bf0e605797e7ec002340869,f96edb3f641399cade279262e38fe02f,delivered,2017-07-18 09:29:10,2017-07-18 09:43:13,2017-07-18 19:19:26,2017-07-25 18:54:02,2017-08-07 00:00:00
c4af0542c4e80ac8948b90a8e681438a,c67a8cad742b0690b21e4f3dd47e5e36,delivered,2018-03-28 07:16:09,2018-03-29 07:07:06,2018-03-29 17:46:43,2018-04-03 01:36:54,2018-04-10 00:00:00
ba18b031056935e90cd1691ae9e6d065,49339eecd8a8cc71ca36ede96a05175b,delivered,2017-05-16 14:47:33,2017-05-16 15:02:13,2017-05-17 10:40:44,2017-05-22 22:32:58,2017-06-07 00:00:00
d03a0b22ce2d8c97001fb537aa6340b4,18a43505c6a3ac1bab80c3ec5ff3dfba,delivered,2017-04-05 08:53:24,2017-04-07 03:10:40,2017-04-11 11:56:45,2017-04-18 13:27:58,2017-04-28 00:00:00
cfeabbe55161aacebc485e4fed2ec234,9aa6c220e3046bb40fb8b625fa1237c5,delivered,2018-03-27 12:41:26,2018-03-27 12:55:21,2018-04-02 17:04:21,2018-04-10 12:17:36,2018-04-20 00:00:00
c4dea722964c1f4d4a32417dd68947b2,5c8b211080a8e9360eb536ab712f4993,delivered,2018-01-17 11:26:30,2018-01-18 02:11:32,2018-01-23 22:23:24,2018-02-05 16:57:40,2018-02-21 00:00:00
0b7d200784c21ea7b4f3484da9a4a484,dcff087012e7cf0b21e5aa1e83f12a20,delivered,2017-10-05 21:02:47,2017-10-05 21:15:21,2017-10-06 19:12:30,2017-10-07 14:18:21,2017-10-24 00:00:00
b34eea540a919377d376dccd30ce2ac8,f52cd6ef242b7b7a48f5823b7dbb5758,delivered,2017-11-14 18:25:42,2017-11-14 18:35:31,2017-11-23 22:10:31,2017-12-08 00:18:54,2017-12-14 00:00:00
1601df22ba2f78168443e6f729e74868,eba1b8c8550dbb4a9e8d60dc99291454,delivered,2017-08-21 18:36:21,2017-08-21 18:50:19,2017-08-25 19:33:57,2017-08-28 16:20:05,2017-09-06 00:00:00
04d73d34ddd1f5ebc0c603615093e2a1,1820fb81da1c085080a3620fc0383f72,delivered,2018-02-23 09:16:00,2018-02-23 09:29:36,2018-02-27 20:22:50,2018-03-09 19:42:47,2018-03-28 00:00:00
427a58275f0da4b6f1f58f4df099af34,2c690c890e30218c44b843a82ef614fc,delivered,2017-11-18 21:33:21,2017-11-18 21:46:11,2017-11-23 13:54:45,2017-11-27 16:43:03,2017-12-11 00:00:00
0deba00189593870535a63ad3e6d9ab9,c255713385e828168bbe09b0ef8daac6,delivered,2017-10-30 21:01:41,2017-10-30 22:31:36,2017-10-31 21:59:45,2017-11-17 19:46:38,2017-11-17 00:00:00
92b025d6e3f58997660214d172a8aacd,cbe980af58b127997844f9bd37f48598,delivered,2017-11-23 12:14:22,2017-11-23 12:29:28,2017-11-24 21:08:59,2017-11-29 17:38:48,2017-12-14 00:00:00
4405dd1dbfa6260371541a45422c0840,583c04eb909c371a1bb82915e0d57881,delivered,2017-08-27 19:52:34,2017-08-28 19:55:26,2017-08-30 19:42:09,2017-09-01 12:10:15,2017-09-08 00:00:00
419cedb4dcae30595f71c28370d1a7dc,5b1d8686db6be9b73f405abac870afef,delivered,2018-07-11 19:44:12,2018-07-11 19:55:20,2018-07-16 07:31:00,2018-07-25 15:46:50,2018-08-06 00:00:00
6c241acf57ed5ad34e75d73e49f80f0e,b514422efcf14bef34858a0829bef189,delivered,2017-12-28 04:31:58,2017-12-28 04:47:24,2017-12-28 17:59:29,2018-01-23 22:36:08,2018-01-30 00:00:00
6a7509b21939697564bb0b5aac2c8187,e6b780bb93376355d570c29b58b07f3f,delivered,2017-11-24 20:30:47,2017-11-25 00:18:54,2017-11-27 12:39:17,2017-12-07 01:42:07,2017-12-15 00:00:00
e32d08364176af6d650ccae2520230c0,5bfeda29575b8208d4413d168af49d02,delivered,2017-10-11 15:13:23,2017-10-14 03:46:42,2017-10-16 21:21:58,2017-10-18 21:44:52,2017-10-31 00:00:00
0b5de0076d26726a10d457e57b93ff25,ebddcc1c8f109e88a0f971a3c4aacfe6,delivered,2018-06-16 18:04:14,2018-06-16 18:21:10,2018-06-18 18:57:00,2018-06-28 15:24:45,2018-07-05 00:00:00
160e42cafe7b4cd5750459a45e25e307,1b4aa4d4bbcb6406462f503df14847a0,delivered,2017-04-23 20:30:07,2017-04-25 06:35:21,2017-04-25 14:12:08,2017-05-03 13:26:38,2017-05-17 00:00:00
8d4f2bc3695c3c45f37da3245b22a491,4eeb60f8e7ba516b503ea5ed5b1f8642,delivered,2017-09-07 19:13:55,2017-09-07 19:30:11,2017-09-08 19:53:00,2017-09-15 21:57:55,2017-09-28 00:00:00
32df6498467c68b5be43197a49d3d14c,9d27866ffbda2d34aa37bf94bd3dc641,delivered,2018-01-26 00:51:03,2018-01-26 00:59:30,2018-01-26 19:19:50,2018-02-05 11:45:20,2018-02-19 00:00:00
d451da9b109e1786f303924d04ed72a1,203b4eb5d710f7c355f91f14b51e4277,delivered,2017-05-17 17:06:24,2017-05-18 02:32:26,2017-05-18 13:21:47,2017-05-19 14:33:20,2017-06-01 00:00:00
e18101fc0fac0b563e1b8b3e99c93deb,e0794148a5ca03766b58cd89b81acb4b,delivered,2018-01-20 18:23:49,2018-01-20 18:31:12,2018-01-24 15:22:34,2018-01-26 17:49:11,2018-02-14 00:00:00
480bcd149d31afa20c3bc68c536e5e98,379c3e76fd8e9b835118c773be96ac2c,delivered,2017-04-25 12:34:09,2017-04-25 13:10:13,2017-04-27 13:37:21,2017-05-09 09:23:07,2017-05-23 00:00:00
a2dab3609509cbd5ea851ecd77d6097e,db226443fd1202670a8e85dead125d7f,delivered,2017-08-18 21:05:22,2017-08-18 21:44:16,2017-08-22 14:55:04,2017-09-02 15:49:53,2017-09-20 00:00:00
c895733b4c132c39372f228b48f4ee8c,2f5caf59c8111df78da9b842e756ae88,delivered,2017-11-03 08:48:02,2017-11-04 03:30:32,2017-11-08 19:15:01,2017-11-30 04:58:26,2017-12-06 00:00:00
93aa3771306828f17309cce989a90e5f,d73a7b09f610f81f5c49adb582aeccf6,delivered,2018-03-05 15:32:14,2018-03-05 15:49:36,2018-03-10 00:18:43,2018-05-02 21:42:47,2018-03-26 00:00:00
f7b3c2de1c7a37fd769278e67f5477d8,ed6a68560003ab03b059e3a7441be692,delivered,2017-05-15 11:32:16,2017-05-16 03:22:46,2017-05-17 11:55:19,2017-05-24 12:07:11,2017-06-02 00:00:00
d8a529e5911526f5848f48c0905166d2,81a788bcab6b11f15c3dce69b69d83fb,delivered,2018-04-06 11:05:47,2018-04-06 11:29:02,2018-04-09 21:46:23,2018-04-11 15:27:51,2018-04-23 00:00:00
20d048f3efacdd8763fa0ede14313a6d,2a889a766b7eac565df2ccec2c2d5fd3,delivered,2018-04-05 10:05:54,2018-04-05 10:28:53,2018-04-06 22:48:59,2018-04-09 23:12:02,2018-04-19 00:00:00
cb2932cadedc450a82a49823652f35f9,dea3439a6cd34a2a2642d0740ddae76a,delivered,2018-02-27 19:49:12,2018-03-01 02:50:49,2018-03-01 23:25:00,2018-03-15 12:37:50,2018-03-21 00:00:00
043ba86e4e3f73fe5cb856f225fd8aa4,d622044922797113496050e877560694,delivered,2017-11-24 00:24:00,2017-11-24 10:31:08,2017-11-28 23:25:42,2017-12-28 13:09:00,2017-12-26 00:00:00
c35fad70e651ed7c175cc85284d88d65,f238159a310de7dc70ec186f22d204b0,delivered,2018-03-09 19:11:24,2018-03-13 04:48:01,2018-03-27 23:18:53,2018-03-28 15:48:44,2018-04-06 00:00:00
d105b386fa5b4aab107c43ba2760f64b,10bb14670e48f06473415ea7433f7143,delivered,2018-06-04 10:38:55,2018-06-04 10:50:54,2018-06-07 13:30:00,2018-06-11 19:21:48,2018-06-28 00:00:00
69dd3667f61aa14581938cb3ba3e1058,79d0fe336622ba1795f8d172ece03758,delivered,2017-05-14 14:48:11,2017-05-14 14:55:12,2017-05-16 11:36:19,2017-05-18 06:59:38,2017-06-07 00:00:00
a84a154c67bdaf74f92aa059d7f84025,73c2e0c2c8637773386d8ef6cd938a43,delivered,2018-07-18 09:53:17,2018-07-18 10:05:20,2018-07-20 14:41:00,2018-07-23 12:54:53,2018-08-06 00:00:00
39b18d551e1accb764651ec6d8abd39f,b0cccb80f399ec0c307474e044791654,delivered,2018-04-16 15:07:16,2018-04-16 15:30:50,2018-04-18 17:12:41,2018-04-23 15:52:41,2018-04-27 00:00:00
2610d2bf99596ad39295eda07c7f6b01,1770a1b01f679a013b14e30f222910ed,delivered,2018-01-17 08:48:37,2018-01-17 08:59:21,2018-01-17 21:47:06,2018-01-23 18:43:39,2018-02-07 00:00:00
2f3e82f47fffb5e28d966cb7dde890e8,16c373333b2805831b9b08896f408126,delivered,2018-05-15 17:55:22,2018-05-16 02:54:02,2018-05-16 12:44:00,2018-05-21 19:28:48,2018-06-07 00:00:00
44036c03a555d7f9bb0b727b97f09d6d,15f206410c0905662708a12162a2f52e,delivered,2017-11-15 21:25:38,2017-11-15 21:46:43,2017-11-22 12:28:47,2017-11-29 22:02:49,2017-12-05 00:00:00
61472244e66c39a49da3b3ffb3d28f7a,57bf3690ab469dbd660d94f7e072d4a3,delivered,2018-07-22 10:38:18,2018-07-23 11:31:36,2018-07-23 15:00:00,2018-07-31 16:32:39,2018-08-08 00:00:00
28ea88a8bad588a92fdc8933affa2d09,2d9491955f2aaa6964262a95b669b034,delivered,2017-12-11 15:30:13,2017-12-12 03:54:27,2017-12-12 18:44:53,2017-12-18 18:24:51,2017-12-28 00:00:00
e4a15d634030ab198f2c262701ef1a43,2f32a98fe19fbf324593daea7c67fc39,delivered,2017-07-18 10:39:16,2017-07-20 02:15:13,2017-07-21 19:41:26,2017-07-22 12:11:59,2017-07-31 00:00:00
99441b33a55fabb1cf8b56dc883a29e9,cf6abcbcfab5116f3123f0310101b7da,delivered,2018-07-26 10:56:20,2018-07-26 21:05:13,2018-07-27 15:54:00,2018-08-02 16:26:44,2018-08-17 00:00:00
f0c8f501afe22bb7a23e3721bcc6221c,aca18b64dfc4ffb2db3fe697768b37b2,delivered,2018-01-23 12:22:00,2018-01-23 12:33:26,2018-01-24 22:24:49,2018-02-16 22:12:34,2018-02-16 00:00:00
a475f984a1a51c9e1f8a76e8a8e8b955,b66b3c9110b9c8bf6d402a76fdbfbc49,delivered,2017-12-29 11:36:45,2017-12-29 11:47:28,2018-01-02 23:38:46,2018-01-05 21:37:30,2018-01-19 00:00:00
82df1040816137c724988769a4370203,e6ce271e0434f689d364f931dc448a61,delivered,2017-10-19 21:10:03,2017-10-19 21:28:11,2017-10-20 15:51:31,2017-10-24 20:27:53,2017-11-07 00:00:00
a0f1211e31ceacafc826779466a6d82b,a25cc1f847939083e2562d39a02cf4be,delivered,2018-05-03 11:47:28,2018-05-04 11:51:44,2018-05-04 14:34:00,2018-05-11 02:06:58,2018-06-08 00:00:00
b01b7777b351f49d79288d7ea2f56ffb,715345015489c916a5622ef164e62fff,delivered,2017-09-20 07:44:21,2017-09-20 07:55:15,2017-09-20 20:52:17,2017-09-21 15:16:48,2017-10-02 00:00:00
c3045d518b2aca558afda924bec62be2,8900bb1e44ca6429bd3cb94995c4d99d,delivered,2017-08-20 20:50:18,2017-08-20 21:05:18,2017-08-21 16:04:13,2017-09-08 20:09:23,2017-09-19 00:00:00
2bd6b3624f76c45ee232f01f7fe6fb7f,ac6495ad2de6a74267e37884b2939608,delivered,2017-05-06 11:40:50,2017-05-06 11:50:17,2017-05-09 18:16:58,2017-05-18 07:35:49,2017-05-31 00:00:00
be5cae366c82f548c9a28b353ab44dd0,0d161cbc6e76ebb664969c45a8ef1862,delivered,2018-06-07 13:40:18,2018-06-07 13:57:39,2018-06-08 15:16:00,2018-06-18 15:08:53,2018-08-06 00:00:00
2562ccbc8b82dce043c308d63e884370,082bd75ec981a16dbc59f045c923e48d,delivered,2017-10-25 16:52:00,2017-10-26 03:09:46,2017-10-27 18:42:51,2017-11-07 18:24:39,2017-11-17 00:00:00
28f6e619a89b10d9c70bc35eb43adca1,771599593e37a3e2f6b20cbfd31bf90e,delivered,2018-08-18 21:12:42,2018-08-18 21:29:41,2018-08-21 13:52:00,2018-08-23 15:42:01,2018-09-04 00:00:00
1ab592bcd5d82491578a95e113886d3c,15ddd9dc07f311ce66b456ca3337c8bc,delivered,2018-03-03 19:47:08,2018-03-03 19:55:27,2018-03-07 23:42:13,2018-03-12 14:08:35,2018-03-21 00:00:00
21c4eaa80017bdc1e03506f96acd248a,14e3d8019a9d9d2dbb8cade45a30ed97,delivered,2017-10-09 22:26:15,2017-10-11 03:14:41,2017-10-11 22:22:41,2017-10-21 17:13:47,2017-11-08 00:00:00
fd7bc10be53abc6d0c38867a72503dd9,2dae2913aa62719cae8a623eb8cf2f25,delivered,2018-08-01 13:01:50,2018-08-02 05:30:47,2018-08-06 09:50:00,2018-08-17 17:16:54,2018-08-29 00:00:00
ba0f1e99132c6f69e4622597e9853599,4624a495981365fa48c8ac2ce5fc3b3d,canceled,2018-01-24 14:16:15,2018-01-24 15:15:57,2018-01-26 18:32:47,,2018-02-21 00:00:00
da3b31201f3eb351160956d5aa12deb6,3ab5ae0b0b6c2225b6072807d82fac8f,delivered,2018-07-30 12:45:54,2018-07-30 13:04:43,2018-07-30 14:59:00,2018-07-31 20:06:19,2018-08-02 00:00:00
bd4937d306741b31e9a738f0ad9da78f,bc03dcda353f7288cb3b96f09e3d1c04,delivered,2018-06-08 22:56:48,2018-06-08 23:13:59,2018-06-12 13:45:00,2018-06-19 13:28:46,2018-07-11 00:00:00
9a0a251a3ac90a0e31fe227f08520cb4,f60343ab919f4c92c6684d9fff0ed1ee,delivered,2018-04-27 13:33:36,2018-04-27 13:53:04,2018-04-30 08:22:00,2018-05-08 22:52:07,2018-05-24 00:00:00
158a05ea7d6a7268559ca2f97476ee0a,50132e9321ecf2c2c284e87fdedf1f72,delivered,2017-09-14 10:30:22,2017-09-14 10:45:10,2017-09-14 23:49:52,2017-09-25 21:22:25,2017-10-02 00:00:00
39a70e9e9b729b11dee34ac12478597f,20c678bfce3c8252288f70dd2bee5e51,delivered,2017-08-10 21:26:25,2017-08-10 21:44:13,2017-08-11 19:11:16,2017-08-22 16:45:00,2017-09-12 00:00:00
ed1a199d7a96763832c8e127a4f7736f,1c506b7ce767bed0b88f0861d9c4be89,delivered,2018-04-07 10:29:32,2018-04-07 10:47:50,2018-04-10 22:52:03,2018-04-11 23:18:34,2018-04-20 00:00:00
93f13382cc5261b3bb59d8f2edc52b73,0de84b359329591444e651ce02ee9ee9,delivered,2017-10-25 07:46:10,2017-10-25 07:56:10,2017-10-27 17:15:46,2017-11-01 15:26:59,2017-11-14 00:00:00
fe9ee959acb4aa3fd81440e75ccbe0cf,1cd692deef2d7185f844c03f3f29599f,delivered,2018-06-01 07:29:26,2018-06-01 08:22:46,2018-06-04 13:10:00,2018-06-08 17:42:24,2018-07-11 00:00:00
83b11638ea5fdb78656168614f8afdf2,b511725689f49bbfdf34541b28780926,delivered,2017-12-10 20:28:09,2017-12-10 20:35:22,2017-12-12 18:36:51,2017-12-23 17:18:48,2018-01-04 00:00:00
f5e82fd73a7ac75d9b2d34bcde06ed08,0cc5af9c8d63b5f7db48aa4e0085d256,delivered,2018-03-08 16:13:50,2018-03-08 16:55:48,2018-03-15 23:28:41,2018-03-19 14:27:38,2018-03-21 00:00:00
cc9c27c90afa88462b4d852d81b367fc,1d24d360e58d87eeccd278bc19057948,delivered,2018-01-28 15:09:08,2018-01-28 15:21:28,2018-01-29 23:51:34,2018-02-02 21:17:09,2018-02-26 00:00:00
da36e5a5930096aac1b8900a3c4cfe33,adb85ff55e0f765c156f8738957050d1,delivered,2018-01-31 08:22:31,2018-02-01 03:12:08,2018-02-03 00:57:28,2018-02-09 01:33:20,2018-02-16 00:00:00
9f7b080a95ae234fcd5614181167f158,1d27c6ba146cd92a1831a57346065da5,delivered,2018-02-18 11:06:13,2018-02-18 12:07:36,2018-02-19 17:22:13,2018-02-26 21:57:01,2018-03-12 00:00:00
6ddfbf514959b49b6410c01ad93054bb,48c4bc0a9a1ef619c41c102912dbf1a0,delivered,2017-11-23 15:10:22,2017-11-25 15:10:57,2017-11-28 23:33:02,2017-12-20 22:58:14,2017-12-22 00:00:00
5b46b8a8da766ab67735748a7d1542dd,a53a6b671ec4fc6c55839c50bfcaf3b5,delivered,2018-08-10 16:55:22,2018-08-10 17:05:17,2018-08-13 14:24:00,2018-08-17 16:47:41,2018-08-29 00:00:00
1f6cad97a0aa4e6f24ed24bcbf098a98,29897a8ad8b964a9103acfcd3a0b9372,delivered,2018-03-18 18:33:13,2018-03-18 18:47:41,2018-03-19 19:21:07,2018-03-27 21:17:26,2018-04-09 00:00:00
6cc1d2351291e69abe5a9ff91fcdd59f,707bf1f260715b8dab6999a5b3cbfb79,delivered,2018-04-11 19:20:07,2018-04-11 19:35:12,2018-04-16 17:32:07,2018-04-24 00:31:58,2018-05-09 00:00:00
e70aa4ace2e2d3140d4b09564030f5b9,722241da9dd0e3308f36d45e69d28de3,delivered,2018-08-01 21:56:59,2018-08-01 22:10:12,2018-08-10 16:57:00,2018-08-13 16:27:45,2018-08-08 00:00:00
3e83b4493a5781b84799b5516cb2667c,5b0c03df2a65f352813ff379d575b42b,delivered,2017-09-15 09:07:56,2017-09-15 09:25:16,2017-09-20 19:18:18,2017-09-26 20:57:43,2017-10-05 00:00:00
79d2ece798690d902556990b5c617be8,db7822800b949810547673c25902bca7,delivered,2018-01-28 18:55:36,2018-01-30 04:31:15,2018-01-30 16:22:52,2018-02-05 23:33:43,2018-02-26 00:00:00
6f51907687d51529d5d0a147cf761f0c,db2cd76dfa613aae8ec025a8bda2b3e3,delivered,2018-04-17 08:45:43,2018-04-17 08:55:36,2018-04-24 00:42:12,2018-04-27 18:07:52,2018-05-09 00:00:00
c4250307d08bb97eee63ea4bf7565329,0c851ae2a8765037fce6c6482ce93c8b,delivered,2017-11-27 14:20:47,2017-11-28 03:39:44,2017-11-29 14:19:03,2018-01-04 00:17:11,2018-01-12 00:00:00
d177b1b7ac6d0284008b2f610e461e54,2a4d574e68f62d469284d2b313fa5cdb,delivered,2018-01-18 12:24:35,2018-01-19 02:36:49,2018-01-19 21:19:05,2018-01-22 18:15:07,2018-02-02 00:00:00
a19b7b1cfd5954c32d0c1cf396c9c951,867ed182e8e455802fd97dc444f8d88d,delivered,2018-04-24 14:25:13,2018-04-24 18:05:54,2018-04-25 11:06:00,2018-05-04 16:14:54,2018-05-17 00:00:00
ec4dd77cb91b7689d123349c0e06f121,0535ae315864cfff5c19849a12720b7f,delivered,2018-02-05 08:19:45,2018-02-05 08:35:22,2018-02-06 21:21:45,2018-02-20 17:48:38,2018-03-05 00:00:00
5abf37ab57e23f69a9c8ab98c4800273,19a045432879d6ddb4fd5611a0e2ba5b,canceled,2018-01-28 00:25:15,2018-01-28 00:36:35,2018-02-01 20:07:57,,2018-02-20 00:00:00
3b3d9117cf5f394da380582b1c3a46f9,7c84df634f2eb14bf9149dcc122a0ca9,delivered,2017-11-24 00:47:25,2017-11-24 01:14:24,2017-11-24 21:07:54,2017-12-04 18:19:03,2017-12-15 00:00:00
ce57e26ac36a4383eded595d2e878000,648d3b4bd99e24a4572a85c71c39f681,delivered,2017-11-24 12:10:06,2017-11-25 05:10:57,2017-11-27 16:09:15,2017-12-02 00:22:41,2017-12-14 00:00:00
36f03c686bcee7c593f6227fb80b7109,f6e8c30f4b6a4708456c8a47279a22cd,delivered,2017-04-07 19:33:15,2017-04-07 19:45:11,2017-04-25 16:35:08,2017-05-12 12:13:00,2017-05-09 00:00:00
e6b945a54e2461068b09cdc3d465304d,0adbffeeef81b01449777e0ac65623bc,delivered,2018-05-08 22:49:39,2018-05-08 23:11:41,2018-05-30 13:57:00,2018-06-06 22:11:16,2018-06-25 00:00:00
b653d11a2d36e5f0ef423e03e28e7682,e9c74734e04f65160a26264b5524a3dc,delivered,2018-08-02 19:54:25,2018-08-04 04:23:58,2018-08-06 13:30:00,2018-08-09 20:28:23,2018-08-17 00:00:00
4072620bfe789dfeb38ae264e8e7fb35,9478ebf211e29b9ca87768444aaff35b,delivered,2017-07-11 21:01:13,2017-07-11 21:43:49,2017-07-18 12:15:59,2017-07-20 18:17:52,2017-07-31 00:00:00
897ef7424df8edd3139511b631ae8e94,d7109f11469a12c911531a1d40e078ed,delivered,2017-09-14 09:51:02,2017-09-16 02:55:45,2017-09-18 18:42:10,2017-09-26 17:05:39,2017-10-13 00:00:00
fa643944a0153ff767c0df7baeedb902,e9e1962df1b6d60d3b3046c0116df408,delivered,2017-08-17 11:57:03,2017-08-17 12:25:10,2017-08-18 17:03:43,2017-08-24 19:51:43,2017-08-30 00:00:00
bdbb8c171bf0fe78ba7607be04099506,2054ad4414cf4a7a70e5e33150efaa38,delivered,2017-03-02 22:09:37,2017-03-02 22:22:14,2017-03-03 14:05:34,2017-03-15 15:48:07,2017-03-24 00:00:00
92ef3140d9d92187a04b1bd643f32dc1,35852763df46e976c158536d6b99b982,delivered,2017-08-28 15:30:28,2017-08-28 15:45:40,2017-08-29 22:33:44,2017-08-30 17:13:56,2017-09-08 00:00:00
256aeafecb4d20915af4655d87085173,ff68e8842edcab65d1f8de4dfe4236ed,delivered,2018-07-06 23:38:02,2018-07-07 10:15:17,2018-07-09 15:12:00,2018-07-12 19:48:30,2018-07-25 00:00:00
033e33708df28579692a3d19492c6553,7d46ad28611679afbffbce56cfd2457b,delivered,2017-12-11 14:23:38,2017-12-11 15:32:12,2017-12-11 23:18:35,2017-12-18 20:19:07,2018-01-05 00:00:00
0897cfdc3612d0942f33b22a3dd9cd8c,3de54af5bcf3d0ec23cb153a187c9f3a,delivered,2018-07-13 22:05:44,2018-07-13 22:15:14,2018-07-16 10:53:00,2018-07-24 20:14:48,2018-08-02 00:00:00
4e8d00122c326964c257d9018bace447,05a76b868de36a1723b93d8879251186,delivered,2018-05-12 20:03:47,2018-05-12 20:35:46,2018-05-15 07:03:00,2018-05-17 18:49:48,2018-05-23 00:00:00
20488170c0793bc73f2b06d5b5457729,c33e83f45c633a4da0cefaf88bfc46e9,delivered,2018-05-17 16:59:40,2018-05-18 01:56:59,2018-05-21 11:58:00,2018-05-24 22:07:41,2018-06-05 00:00:00
88aa3c3fb095aabfed68ad9cfe82c151,7ae76f3a7ec39dfacbc944e1aea6fdd3,delivered,2018-03-27 18:06:07,2018-03-27 18:15:19,2018-03-29 01:04:04,2018-04-13 21:41:42,2018-04-09 00:00:00
2d69f30fc9b478ec8ed398d396218886,c238e28ef2f7743e9224d4a7db9b9d3c,delivered,2018-05-14 12:38:18,2018-05-14 12:52:43,2018-05-15 14:41:00,2018-05-16 18:35:47,2018-05-24 00:00:00
d3f5bfffaeea59a28e11e01a94a25fdf,2228ef28a177714112d1537f8b825301,delivered,2018-05-02 20:22:02,2018-05-02 20:53:42,2018-05-04 15:17:00,2018-05-09 20:03:43,2018-05-22 00:00:00
755cf67137ab32121faf4035cc4e97d0,4f68a907849fd57a95e09496b2373da3,delivered,2017-06-15 07:53:54,2017-06-17 03:48:55,2017-06-19 19:59:20,2017-06-21 16:51:57,2017-07-04 00:00:00
ed3c1f5d71f3d6ca31d19d9393eb950d,7ae4bb636de942d65a6f182cafb0b857,delivered,2017-07-18 16:52:16,2017-07-18 17:05:09,2017-07-19 17:39:50,2017-07-20 23:12:18,2017-08-02 00:00:00
9ac3e0dd6aeb10079e605b2e0f1cd7de,020c87503e1eeb262f17c9e7c0b556b5,delivered,2018-08-12 00:13:50,2018-08-12 00:25:12,2018-08-20 12:31:00,2018-08-24 15:16:37,2018-09-06 00:00:00
64efffeec4731f7a196d327531aa95a3,bb899c1c0f8263080ff9d6254c64cc94,delivered,2017-05-06 16:14:10,2017-05-06 16:25:14,2017-05-09 08:08:46,2017-05-24 10:04:59,2017-06-06 00:00:00
c66e28952e51a57ff70ac6b6d5a4d30c,14a4422e890f96a180784c552d7bab5e,delivered,2017-06-03 20:30:21,2017-06-03 22:25:12,2017-06-05 11:06:56,2017-06-13 16:23:14,2017-06-30 00:00:00
2cdb36d9bc19f7932741062731fa9371,b6783ebcec6ba698f8d70ee5be3dba5c,delivered,2018-03-26 18:12:36,2018-03-28 02:50:22,2018-03-29 22:03:44,2018-04-18 17:08:29,2018-04-12 00:00:00
c468889241b5b0b1e079f4ef8ff2b86a,7a4fbe21b63f57e0e6f3df6cf0d63f84,delivered,2017-12-26 09:40:09,2017-12-26 09:48:44,2017-12-26 20:28:52,2018-01-03 16:34:26,2018-01-26 00:00:00
8f69c5872bca5b495397ff0a5d681219,4c9c41a8c1965305e2e1978666bd6d09,delivered,2018-04-26 14:55:21,2018-04-26 15:11:16,2018-04-27 13:19:00,2018-04-30 15:22:08,2018-05-10 00:00:00
8c732378425fb2cff245875c583e5940,3b88328d97cf71ef65260850f89afb08,delivered,2017-11-03 21:56:38,2017-11-03 22:31:29,2017-11-09 15:39:23,2017-11-17 12:14:38,2017-11-30 00:00:00
9100fae7ed5a8787b6d4a9e50ffbf273,e2953f49e59522116ba3dcc05f65f2c4,delivered,2017-07-17 06:44:18,2017-07-17 06:55:20,2017-07-18 18:56:52,2017-07-25 21:59:46,2017-08-04 00:00:00
83b168c70ec0325445963b36cda1eef3,2dd3795ab63cdf3a8a43473456101b25,delivered,2018-04-21 23:25:36,2018-04-24 18:59:21,2018-04-23 21:11:20,2018-04-28 13:44:42,2018-05-18 00:00:00
a8a70200cb729aed9b87cf7a11c814ae,9aeb9ff1edd568a9d4f18a7e31c872c8,delivered,2017-10-20 17:20:32,2017-10-20 17:35:11,2017-10-23 16:43:20,2017-10-25 16:12:57,2017-11-09 00:00:00
c1d16d2238787555fb7bed98f8fbd99d,f5e7020383fc2140c6ecc783105bd4b3,delivered,2018-05-29 15:51:38,2018-05-30 02:32:16,2018-05-30 11:04:00,2018-06-04 17:38:26,2018-06-29 00:00:00
72378705715d65c4c66b78effc08aae8,96362ab13c5a9ef8d09e4b439e8cb416,delivered,2018-03-15 10:39:49,2018-03-17 02:50:49,2018-03-19 13:55:41,2018-03-28 18:21:17,2018-04-13 00:00:00
aa5b3183bf6d537dc1685ea84df0aed6,d8dd1f88f7fd02a5009a383f57e48006,delivered,2018-04-11 15:07:44,2018-04-13 02:15:43,2018-04-13 19:39:02,2018-04-19 18:01:47,2018-05-15 00:00:00
8bd34a173d34d6aa86d5e4a0627f7b97,8ef6bba5213cf13e716b0e72657c7118,delivered,2017-07-26 16:02:36,2017-07-26 16:15:25,2017-07-28 13:27:46,2017-08-04 20:25:47,2017-08-15 00:00:00
108f4fb029e55a72b96fac9b9f489c1e,0a9c7afd18d81b7b1c18257cb9888fee,delivered,2018-04-29 11:34:53,2018-04-29 11:52:08,2018-04-30 13:11:00,2018-05-03 20:58:56,2018-05-14 00:00:00
b28d5be82c0088c66d57a28686db4e39,e2f6148811e74952ae6014df0032018f,delivered,2018-01-31 14:00:34,2018-01-31 14:15:20,2018-02-02 00:22:55,2018-02-15 23:48:22,2018-02-23 00:00:00
197206acc133317e6322eaab5f8e6937,322a4545615d86184e5fc82a9f03486c,delivered,2017-08-05 16:50:38,2017-08-05 17:04:09,2017-08-07 20:39:30,2017-08-20 14:07:53,2017-09-11 00:00:00
4cb385f74038f0750930b7baa3aaa3fc,5127ea0ef8fa50726cca353b637500e6,delivered,2018-08-15 18:21:14,2018-08-15 18:35:13,2018-08-16 14:07:00,2018-08-24 15:48:54,2018-09-06 00:00:00
151dd2f1d99d17f6c210997e09d67506,9b44dad6f8b4374f3635844250e12cc5,delivered,2018-02-10 23:02:06,2018-02-11 00:15:27,2018-02-15 21:33:10,2018-02-25 11:52:38,2018-03-07 00:00:00
aa99d4d374a4defa38916e38322b1749,e98243b9c86d2b1f80a9186caa633023,delivered,2018-01-17 10:21:20,2018-01-17 10:31:22,2018-01-23 22:42:04,2018-02-10 00:08:34,2018-02-16 00:00:00
265ce9ee4cd51d2ebe4933dd49490f64,324fbcb28c091fcd80fd3d135a898012,delivered,2017-06-27 10:59:32,2017-06-27 11:55:29,2017-07-03 13:08:28,2017-07-10 19:46:08,2017-07-19 00:00:00
a235dd3be106ba5b2ea4610274402898,ff276f0cb2bfdd357bd5c9f717921b29,delivered,2017-11-03 18:34:16,2017-11-03 19:30:40,2017-11-06 20:51:42,2017-11-09 17:48:47,2017-11-16 00:00:00
beca5b5e9460824d84352c01cb89b421,18c39fea8fbb5612f4e5b8bbecf60d5b,delivered,2018-01-30 11:03:14,2018-01-30 11:15:52,2018-02-05 15:44:53,2018-02-21 17:53:31,2018-03-13 00:00:00
a788947482c8920713e5a3b4294559c2,eb163310f04fd3ff8bc51057d9664994,delivered,2018-05-17 14:20:08,2018-05-17 22:30:40,2018-05-18 14:09:00,2018-06-09 04:47:36,2018-06-07 00:00:00
13f13b57aacaec347d9d8f974528cf62,8a18c4c88b1fdab8df6d2b5af90694b9,delivered,2018-07-24 10:50:46,2018-07-25 02:45:09,2018-07-25 14:21:00,2018-07-30 15:27:42,2018-08-16 00:00:00
62019f35fab0f9f60e1f25a8b17de426,9b5f918a0c218ab567798a49c4b604e8,delivered,2018-08-21 21:32:17,2018-08-21 21:45:09,2018-08-22 15:10:00,2018-08-28 19:51:48,2018-08-31 00:00:00
cee43113ca0a71b50e899098ec4c5911,31819535fe8ef8d723716672b3abb4de,delivered,2018-04-07 18:22:27,2018-04-07 18:30:19,2018-04-13 21:48:55,2018-04-17 18:49:42,2018-04-19 00:00:00
a0f78194e157b1cd941207bc438c3af6,fc5897047dfcc11a5343e1d8eb25257d,delivered,2018-02-19 14:38:58,2018-02-21 06:10:27,2018-02-23 23:04:19,2018-04-04 17:11:18,2018-03-20 00:00:00
4b13014a5302b496d85822e47906556c,436dfa90e6b1c6ec640492f4b7a39ffe,delivered,2018-05-20 18:46:16,2018-05-20 19:10:28,2018-05-23 14:37:00,2018-06-08 15:56:43,2018-06-13 00:00:00
c43065765ea0096d728066fe48cc6249,988cb082e8a1d1668921753b1335d828,delivered,2017-08-06 17:49:08,2017-08-06 18:05:26,2017-08-07 22:09:29,2017-08-16 17:06:21,2017-09-11 00:00:00
7e37205095a33d75e22174f95e4d0ddd,0cfaa39c9decea286fe63edb1cf51507,delivered,2017-07-14 15:24:39,2017-07-14 15:35:13,2017-07-18 20:12:24,2017-07-26 10:05:05,2017-08-03 00:00:00
8b17d9b0ca1fcef1952990014a1e099f,60d3d696d3ad1aa3bc4e6727abea6824,delivered,2017-10-03 12:57:30,2017-10-05 02:49:16,2017-10-09 21:36:00,2017-10-18 20:11:51,2017-11-01 00:00:00
9843b547a4604774985b674a0876c87b,a4e810cf60c264b677fd0f5739af70d2,delivered,2017-03-23 14:28:37,2017-03-23 14:28:37,2017-03-24 07:56:40,2017-04-04 13:57:18,2017-05-03 00:00:00
7547e3b174d5790cf512240bf8a99bf2,5f413498abb3c1c25c379320bb68c342,delivered,2017-11-18 10:10:39,2017-11-18 10:27:04,2017-11-22 00:09:38,2017-11-23 16:58:54,2017-12-01 00:00:00
6f7bb8ed3fa820411a624a11677ddd9c,1d7e831db788682b2ed3a961e3c3ca8d,delivered,2018-02-02 18:30:42,2018-02-02 19:31:18,2018-02-07 22:27:47,2018-02-22 22:08:08,2018-03-05 00:00:00
b94cb06da9bf9f6f9b4324b294666f4d,d7be0f1f564375075f24872f6355b336,delivered,2018-01-26 10:23:43,2018-01-27 02:41:28,2018-01-29 23:18:56,2018-02-07 23:04:40,2018-02-22 00:00:00
a9f2178e0d196086f0124a23965d79f5,2484d57a9c4669c2db7c83d94b427c5d,delivered,2017-09-01 17:50:46,2017-09-01 22:31:29,2017-09-05 20:22:46,2017-09-12 18:27:47,2017-09-27 00:00:00
87ce6f9094188f36623b250901635869,6eb8d127e41e5d1de3049a6bc7bd912e,delivered,2018-08-27 14:54:22,2018-08-28 04:04:01,2018-08-28 14:39:00,2018-08-29 14:54:46,2018-08-31 00:00:00
601316c0f92a0da733702a7b89304189,07f96b6867d9a170014744b286362436,delivered,2018-08-06 01:53:32,2018-08-06 02:05:10,2018-08-08 13:52:00,2018-08-13 15:48:36,2018-08-29 00:00:00
65f2ded7b4a33849b967662492370923,a4b8d55efb639d9fa404ab1fbb1b722b,delivered,2018-03-21 12:17:32,2018-03-21 12:27:57,2018-03-22 17:32:41,2018-04-03 21:22:34,2018-04-11 00:00:00
eabc20c259ef6e04089307feb92aa0fb,65e65a6d8fd1db7166ba4811d3c5457c,delivered,2018-07-05 21:39:13,2018-07-06 21:30:54,2018-07-10 14:49:00,2018-07-12 15:34:37,2018-07-24 00:00:00
e0be013981866fa58c41c93cab57594a,ac2c4889c5a253bb3cd48204cf7c93ee,delivered,2018-03-01 16:36:58,2018-03-01 16:50:26,2018-03-08 02:16:44,2018-04-10 17:29:54,2018-03-22 00:00:00
048741d7885a7fded1de887eb956fff3,66f367ff21d8f67aa80a9cf3301fa4ca,delivered,2018-06-13 17:00:48,2018-06-13 17:20:44,2018-06-15 14:58:00,2018-06-20 17:37:30,2018-07-03 00:00:00
5a12e0695f758c08f1fa74925c3dc4dd,790de1ff689b80e2cbd3b7dd5e8730f4,delivered,2018-02-11 16:46:17,2018-02-11 16:56:08,2018-02-14 20:33:20,2018-02-27 22:16:34,2018-03-12 00:00:00
9f0a75259f61f692aadf8400a97e46a7,de70193bb084d0d3b180fe80e3aab2c1,delivered,2017-10-09 18:53:48,2017-10-09 19:14:25,2017-10-11 11:34:07,2017-10-16 16:17:55,2017-10-20 00:00:00
8df3b9ee87391ad43854a0ea83da2b93,c142a0c1cafdbc0cdd3a2f017aed7b27,delivered,2018-05-11 17:50:29,2018-05-11 18:16:40,2018-05-14 09:04:00,2018-05-19 20:42:39,2018-05-29 00:00:00
92af4923fa117b98bd7f151cead10c13,2ee68130c950ca450a8f1d6983b90de6,delivered,2017-11-18 15:38:54,2017-11-18 15:50:31,2017-11-20 12:18:55,2017-11-23 22:58:46,2017-12-07 00:00:00
ad36f179defc59af185b045c6e700ada,dd5e48c0ef4682875574ee7b9c6c2f81,delivered,2018-03-17 18:15:46,2018-03-17 18:28:33,2018-03-19 19:52:50,2018-04-02 22:31:11,2018-04-10 00:00:00
b34456bfbeeab3b57566ff099173e885,c7f1bd63e0681d50969d7f0eeb4b6dc4,delivered,2018-02-12 12:48:55,2018-02-12 13:08:10,2018-02-15 19:56:33,2018-02-27 16:33:09,2018-03-21 00:00:00
5226003c0580585a8fe4e9b6d2935c2a,1dbf434ac2c0271c0a5222be25c8fe62,delivered,2017-07-19 10:28:38,2017-07-21 02:45:08,2017-07-24 17:45:50,2017-08-08 18:23:52,2017-08-14 00:00:00
d19e65e88e48b013c91b0e77c852d06e,186225e3a0cbe611c2f5a992977ea60d,delivered,2018-06-08 16:40:18,2018-06-08 19:31:01,2018-06-08 15:31:00,2018-06-23 18:28:47,2018-07-18 00:00:00
26ef05ca1105e34d67dfaccab65e1100,8cb1af3bd886d07afd941b6dd5a73c95,delivered,2017-03-21 20:55:05,2017-03-21 20:55:05,2017-03-23 16:00:01,2017-03-29 08:22:18,2017-04-07 00:00:00
b8d94c2eac635cfb72f45c947793d1e0,2acd2f4e868c1f1c06d7c3b68e687489,delivered,2018-08-18 16:43:27,2018-08-18 16:55:29,2018-08-20 13:55:00,2018-08-28 18:58:26,2018-08-30 00:00:00
e46fb51d8715ef0a91c9e18e9d6f2470,938c90091f4f87dcd079af568de52375,delivered,2018-04-05 21:33:03,2018-04-05 21:49:08,2018-04-06 23:32:46,2018-04-20 23:08:50,2018-05-07 00:00:00
5b3a827693de8853bedacce89b3cc8cd,87ee77b8ae3545576881cd6327ba641a,delivered,2017-05-22 15:17:24,2017-05-22 15:25:20,2017-05-22 16:36:02,2017-06-01 14:11:03,2017-06-13 00:00:00
8dde8a7517f12da7ac022d2feac7db9a,0c494e7b47af78f1d766a4f5548f0c08,delivered,2017-10-05 07:35:06,2017-10-05 07:49:18,2017-10-06 12:57:46,2017-10-14 15:18:57,2017-10-31 00:00:00
b325a4afad33f2c09ba50df161457bdc,517eeef342ebffcc00ee0fa2fed5f6ef,delivered,2018-03-25 18:27:38,2018-03-25 18:48:00,2018-03-26 18:14:57,2018-03-27 21:32:43,2018-04-06 00:00:00
54e988b8e764a9967caeacfd27f8942b,0617ee0875e1a3b497bc892d82e38ad0,delivered,2017-11-16 22:18:50,2017-11-16 22:36:40,2017-11-17 20:03:53,2017-11-24 20:34:38,2017-12-08 00:00:00
ab4b599b4beedfa0477ae471de03ffa0,ec84a4abc8b1a0923ac19c6f28b85388,delivered,2017-06-22 17:45:24,2017-06-22 17:55:11,2017-06-29 17:43:03,2017-07-10 17:23:19,2017-08-03 00:00:00
953ee7496af2a4597b4a05df5ab44c1c,ae4f641ff7e13a5123a1ad793a18c040,delivered,2018-05-15 10:17:03,2018-05-16 10:15:32,2018-05-16 12:23:00,2018-05-17 16:53:40,2018-05-24 00:00:00
961b05ccde2a3c54534ec4a8cdca598f,947f6c194bfea2456cd57d447a64f2d0,delivered,2017-04-09 11:20:27,2017-04-10 11:25:14,2017-04-12 14:06:37,2017-05-04 14:48:17,2017-05-04 00:00:00
e696067860c4351d739a8fbf197d30b7,6e48d6ed38d6d0769ba557106d3a6fbe,delivered,2018-06-13 14:46:59,2018-06-13 15:24:18,2018-06-14 15:08:00,2018-06-20 13:54:22,2018-07-17 00:00:00
2701d162dabcb83a27f19ae30e8fea47,25bb25c747ecbfb534372b672a0e859b,canceled,2017-03-12 21:28:55,2017-03-12 21:28:55,,,2017-04-18 00:00:00
a4c94baa526c2e39251e807cda61c524,0c624662dad9870159b81a817fd1f147,delivered,2017-11-24 17:31:37,2017-11-24 20:57:31,2017-12-07 22:37:53,2017-12-13 17:43:56,2017-12-22 00:00:00
ee789d8c9f580179177f5445b0e92a1f,b53d492bd12be0c61763877147a919ed,delivered,2018-04-29 21:03:17,2018-04-29 21:15:15,2018-04-30 15:09:00,2018-05-03 18:55:25,2018-05-14 00:00:00
5f01dcad71ad545ba83a3bd4df58d6a1,8399720f623af70e646594b6364ebd7b,delivered,2017-08-12 15:29:22,2017-08-12 15:46:17,2017-08-15 19:13:43,2017-08-21 11:05:59,2017-09-01 00:00:00
77e0e2f3250d4f0ce9ec0e9b5c151355,16d73e261aea495e0711671d3d20c1d9,delivered,2018-03-04 20:30:49,2018-03-04 20:48:46,2018-03-05 18:39:08,2018-03-16 17:56:44,2018-04-04 00:00:00
16ee19fe4df0a090015e2fa16f3bf3e0,c9ecc0e06e2ac8485acc3a539d0ae727,delivered,2018-04-23 10:13:38,2018-04-24 18:39:58,2018-04-24 18:34:54,2018-05-02 19:33:37,2018-05-22 00:00:00
90f6254d7d1be81c8b501dec6668d86a,436ec82d0ad7e72aaa76582eecc47ad5,delivered,2017-11-08 23:28:18,2017-11-09 00:31:18,2017-11-09 21:14:31,2017-11-13 20:54:39,2017-11-30 00:00:00
2074522aabccf07984a2e77f7219ece5,c6a15026437250fd96680f784d665e01,delivered,2018-08-11 18:40:05,2018-08-11 18:50:19,2018-08-13 14:07:00,2018-08-17 21:48:29,2018-08-23 00:00:00
30f6b446907427d28df6c87fe5ef5947,1f2b38551248a3c7774f35b71e016ebe,delivered,2018-08-19 15:16:58,2018-08-20 12:11:00,2018-08-20 14:21:00,2018-08-28 22:21:25,2018-09-12 00:00:00
4ff9dba5338caad2754b1560f3b27c0d,8828c9fbfb4cd0052136708d8c7c1ff9,delivered,2018-04-03 18:44:13,2018-04-05 02:27:52,2018-04-09 19:11:32,2018-04-16 19:17:35,2018-05-02 00:00:00
185f9c92a4ee09b897dd441dd4c45a71,85a32fc38d734c835c333a0a19c66090,delivered,2017-12-14 14:11:01,2017-12-14 14:33:00,2017-12-15 17:34:17,2018-01-08 12:36:12,2018-01-16 00:00:00
61af896f4ec21290693a537f0671f6ae,d48c7551c86480a54488115cbe7385d1,delivered,2018-07-24 05:38:46,2018-07-24 11:20:38,2018-07-25 14:04:00,2018-07-30 20:12:28,2018-08-10 00:00:00
76020f0be1e0d6421959f71f724f5048,4a6fa365ca4f8199ec1bdb357c935d93,delivered,2017-06-13 20:13:52,2017-06-13 20:25:35,2017-06-14 13:07:53,2017-06-22 15:27:05,2017-07-07 00:00:00
0b8f73a9816cb775a1bf1492c3bca4e7,b9571bbf4f62e879a3c8dd9ecad479c9,delivered,2017-11-26 13:45:33,2017-11-26 13:55:58,2017-11-29 18:48:52,2017-11-30 16:00:09,2017-12-11 00:00:00
8facae71080d66f3601522b0f6e143bb,ffe642291d0c94528389d64c07ec8341,delivered,2017-07-02 11:53:10,2017-07-02 12:05:41,2017-07-04 12:29:44,2017-07-25 00:26:37,2017-08-02 00:00:00
203dbe40ec45996d84616718e573d60f,f537950a5a7658bf0ebb7a8bc04fd6a0,delivered,2017-07-23 21:53:09,2017-07-23 22:05:17,2017-07-24 19:57:41,2017-08-03 13:09:42,2017-08-17 00:00:00
3e191ce3f3742cbcfedc1d60b15254d2,6ed977477908860b2d486259c0d5eb0b,delivered,2017-11-01 14:27:51,2017-11-01 14:45:50,2017-11-03 16:25:42,2017-11-08 15:02:38,2017-11-23 00:00:00
e0518b3fd5b5df7c59529f4a7485ae71,9e0ac2866b34e103af7089323e2e8bda,delivered,2018-01-07 12:16:56,2018-01-07 12:27:07,2018-01-10 19:49:41,2018-01-15 20:52:54,2018-01-31 00:00:00
557e4ef52fd0e240cbb18bcee0cbaddd,45935e1e7dca816af4bf89f59978aed0,delivered,2017-11-27 16:33:31,2017-11-29 02:19:10,2017-12-15 16:21:30,2017-12-26 21:06:30,2018-01-08 00:00:00
612d5630822f4796875619b3a6a7b481,1651d9c8b1860f3af49d1a908b8b47c2,delivered,2018-05-03 10:55:03,2018-05-03 12:19:51,2018-05-03 15:28:00,2018-05-14 17:16:00,2018-05-25 00:00:00
290fd15a601791489cc89d22dd315800,ed6ddbf1b0e96956333f5dc10311d328,delivered,2018-03-13 10:55:36,2018-03-13 18:15:36,2018-03-16 18:04:00,2018-03-28 19:48:22,2018-04-06 00:00:00
93a686fc1054246c9ea31196b531abd7,c0739ec09fcfad6351356a7f70009802,delivered,2017-05-17 06:58:53,2017-05-18 07:05:09,2017-05-31 12:04:00,2017-06-02 14:48:02,2017-07-21 00:00:00
975f28e09eb89fa0ef85557c52aed6ec,a411c6e73040ee030a1a108fb226ae96,delivered,2018-06-30 16:29:33,2018-06-30 17:10:12,2018-07-02 12:51:00,2018-07-10 21:57:20,2018-07-27 00:00:00
c55e1514675dc10976509a057394e27f,4a96727d27c9457588c88b83ce91be1b,delivered,2017-09-15 22:24:56,2017-09-17 01:10:12,2017-09-18 21:18:35,2017-10-17 19:13:22,2017-10-11 00:00:00
76dafeb35f47c9cdb8aa7971022e0978,d219742971396623f8e4730e2e659dc9,delivered,2018-01-29 15:22:41,2018-01-29 15:32:26,2018-01-30 17:32:13,2018-02-06 12:57:56,2018-02-14 00:00:00
5e4ffcfc6e50a0ff6311ad87a727280f,2a3578db502c3ae037d92f70b089cd9b,delivered,2017-11-07 09:54:46,2017-11-07 10:10:47,2017-11-08 20:09:20,2017-11-14 12:44:29,2017-12-05 00:00:00
5577ca55c1ff01d19567de9f6ba00a7c,0353a6805a33d54bc0910b25653e9981,delivered,2018-08-26 16:53:09,2018-08-26 17:05:17,2018-08-27 08:41:00,2018-08-28 17:51:54,2018-08-30 00:00:00
9d57e7a9c3dae94772187f73e97d9854,7ebbd71d486f47070362e2e9be10898b,delivered,2017-01-26 13:51:54,2017-01-26 14:02:11,2017-01-27 08:43:07,2017-02-02 07:29:05,2017-03-08 00:00:00
10a154c430a23bb8a3ecb2ffc52bf81e,5e57094d1ada2e661c8181b09765e0b5,shipped,2018-01-16 11:54:50,2018-01-16 12:16:47,2018-01-17 21:38:42,,2018-02-07 00:00:00
eee7aef88b4727c5596766f256bb4267,2e52ccdd230e847b69e75252e2e193c6,delivered,2017-04-28 22:48:11,2017-04-28 22:55:07,2017-05-02 13:33:53,2017-05-08 07:09:27,2017-05-31 00:00:00
c18fb51b8721133cae9014ed7923385b,72238ef20039b25faf6a996475017e5b,delivered,2017-12-10 11:45:13,2017-12-10 11:55:29,2017-12-12 17:12:09,2017-12-28 17:14:22,2018-01-11 00:00:00
283e2ad0406e48e2857db0efc44b7945,9ee6c738d86f0cd73b44e943f099c17b,delivered,2018-02-10 19:00:49,2018-02-10 19:10:24,2018-02-20 20:43:53,2018-02-26 23:39:06,2018-03-08 00:00:00
aac634f35cf463dc4251abaa15e604e7,9953831663e9cea0823e292888b62b4e,delivered,2018-03-28 20:31:08,2018-03-28 20:47:22,2018-03-29 22:24:44,2018-05-02 15:18:39,2018-04-26 00:00:00
36e694cf4cbc2a4803200c35e84abdc4,fd826e7cf63160e536e0908c76c3f441,delivered,2018-02-19 14:38:35,2018-02-19 14:50:37,2018-02-20 00:03:39,2018-02-20 16:25:51,2018-03-05 00:00:00
bf99266f91395a536eec2caf09bad879,dc3228becc9cda34ba2ee67aec398f88,delivered,2018-01-25 09:49:02,2018-01-25 09:58:29,2018-02-01 13:04:51,2018-02-28 20:34:25,2018-02-23 00:00:00
7af964692dbab0c7e5f70ff30f03b7df,b2930651f79c65466a1bab5fb5baf7e5,delivered,2018-08-14 03:22:04,2018-08-14 03:30:08,2018-08-14 14:21:00,2018-08-17 22:41:13,2018-08-23 00:00:00
6fb4ab660fb3e6b8ec8a45e926d99933,d00cfef8ff754413ba08a56924d883e8,delivered,2017-11-30 13:30:08,2017-11-30 13:56:30,2017-12-05 15:35:11,2017-12-07 19:29:00,2017-12-26 00:00:00
fd61441ba2a7b57e6342862e779b10b0,e36917a47d5bf39bd3f38bcafb3d438f,delivered,2017-09-29 14:46:58,2017-09-29 15:04:28,2017-09-29 20:33:31,2017-10-13 13:50:07,2017-10-26 00:00:00
d894c56b9292fab569a34d58c6051772,53314596a7362597c8e6781b8f08d6f1,delivered,2017-05-22 14:15:23,2017-05-23 02:15:18,2017-05-26 06:36:35,2017-05-29 09:49:07,2017-06-13 00:00:00
7741a0c0ccbb42c74fb27c570c7e5354,07cbe547b6dec2535abda65b57733754,delivered,2018-03-04 13:00:43,2018-03-04 13:40:28,2018-03-14 19:21:21,2018-03-16 20:16:47,2018-04-02 00:00:00
430cd6b6d3066421a8bc48ce72541ba3,fdd862fcaef60c5198b49bcb033c906e,delivered,2018-07-01 14:58:48,2018-07-01 15:29:53,2018-07-03 06:30:00,2018-07-05 21:04:53,2018-07-20 00:00:00
3e83ca3523a68abaf07131a5ecab7319,c3d7323f3c6da4f6b1c1ab44328b2637,delivered,2018-02-22 19:06:44,2018-02-22 19:15:34,2018-02-23 22:41:35,2018-03-22 22:09:01,2018-03-21 00:00:00
6c29a1600608d3f50e40bb2543cc32e1,abd4cf567f36e6394e9d06147c4b125c,delivered,2017-09-06 17:38:59,2017-09-06 17:50:13,2017-09-12 15:18:42,2017-09-13 18:07:47,2017-09-21 00:00:00
93b32e4591668ac8577978faa21e1fb0,ca9ebbb2c3b294c7c01170289b73486c,delivered,2018-03-27 15:08:32,2018-03-29 07:35:11,2018-04-04 21:34:31,2018-04-06 20:48:51,2018-04-11 00:00:00
2d5300bba84cf82131127fb8661c095a,016b15d60fe523cbfb8bda340e0cd769,delivered,2018-05-30 16:00:47,2018-05-30 16:16:34,2018-06-01 14:00:00,2018-06-05 11:41:17,2018-07-04 00:00:00
2002527d89799a0cfb0adf6f4710bf95,0c19a1c2402dd9f603b519f1686b9e80,delivered,2017-10-10 17:02:45,2017-10-10 17:15:39,2017-10-11 16:15:09,2017-10-18 21:29:55,2017-11-01 00:00:00
aee9facfd58252a3edd95e9c3d6e7e1b,5916dbb1df93e4c648fbf7a263e0ac94,delivered,2017-12-02 13:11:00,2017-12-02 13:18:32,2017-12-05 20:34:05,2017-12-29 20:10:32,2018-01-09 00:00:00
1c366a6fab2801f8b19036b3fc66ef17,71021b16c54b62203d60e527aafc7095,delivered,2017-10-02 22:11:10,2017-10-02 22:28:16,2017-10-03 15:08:02,2017-10-10 11:54:13,2017-10-25 00:00:00
3b64ff25a4610fb5599e4fd09f907501,d1d259ce7187c9deb7e86de58e65a81e,delivered,2017-01-25 13:22:05,2017-01-25 13:35:19,2017-01-26 06:06:34,2017-01-30 14:36:32,2017-02-20 00:00:00
12b2eb7fee1eb7a195452bf2eff4028f,e3e3b4a3e519f39ff9f674ebf3d807bf,delivered,2018-01-19 11:09:02,2018-01-23 03:52:25,2018-01-24 15:48:46,2018-02-10 01:59:31,2018-02-21 00:00:00
61d430273ff1e88f2944acb53e99eab5,345a9015c65f954a3828232dce3a2d0e,delivered,2018-05-06 09:48:42,2018-05-09 17:35:59,2018-05-10 10:28:00,2018-06-05 12:09:51,2018-06-06 00:00:00
f05357e2049ed23ef3cd55f90ab5f714,feb21f1d9c67d7dc149e4739e2025991,delivered,2017-10-10 14:12:01,2017-10-10 14:46:33,2017-10-11 21:13:52,2017-10-18 18:23:18,2017-10-31 00:00:00
d054a3b4ad29e6dfbf833d1be8ac3779,f387af8fe303eae6417485949704b5ef,delivered,2017-07-03 15:01:01,2017-07-03 15:10:20,2017-07-06 09:24:36,2017-07-27 18:49:32,2017-07-27 00:00:00
5210991b886c9005de084d0d4fcff0c4,daeeb6112b6a95a19e34eb053141ad54,delivered,2017-12-29 19:52:03,2017-12-29 19:59:29,2018-01-05 21:19:30,2018-01-11 20:07:34,2018-02-07 00:00:00
99154e0d0a403c1c7dc3f38886f6776b,005596395ca3acd0433fe7d6f95a028e,delivered,2017-08-25 23:07:33,2017-08-25 23:15:18,2017-08-30 21:58:48,2017-09-06 15:52:23,2017-09-29 00:00:00
2a952f9ea7fad0c8238967a2c4df72b8,05a7b3e0ed7ab2ffe65411141fe27234,delivered,2018-02-24 07:55:10,2018-02-27 04:31:19,2018-02-27 23:52:49,2018-03-28 18:46:24,2018-03-21 00:00:00
429621553c84a98a8760c1aa822dbbfe,e33baaa91aa1ee5a0c4467f086d9d78c,delivered,2018-01-11 12:57:47,2018-01-11 13:10:36,2018-01-15 18:33:17,2018-02-08 21:36:39,2018-02-16 00:00:00
bb1d715aef7774629f3b397e11807b87,6ce505c51013373ffe38339fc149552b,delivered,2018-06-07 21:23:10,2018-06-07 21:36:25,2018-06-08 12:58:00,2018-06-13 21:07:48,2018-07-16 00:00:00
6d73ecf533649a9f6e32b3c803c76e57,f5f4bffea16feffa768852f147a1a15f,delivered,2017-09-15 22:36:50,2017-09-19 04:03:37,2017-09-25 20:27:49,2017-10-09 20:30:07,2017-10-03 00:00:00
0372d2e3d0ac2600aa8e08e6c46cb7dc,cf9d02b5881ac8b8c6c2c5d4be462589,delivered,2017-10-02 12:47:27,2017-10-02 13:24:27,2017-10-03 17:25:54,2017-10-06 18:42:10,2017-10-27 00:00:00
1171937d77aa6201e76bccec4b87d8a9,a0b649480ecd9fffec9bb37ecddc6de5,delivered,2018-04-11 23:53:59,2018-04-13 02:31:36,2018-04-13 20:28:33,2018-04-16 17:52:02,2018-04-23 00:00:00
3db2830b62dedb5fa0e6212cb1646106,6f5f6c8d2ef266f6e4f078f1d2fe5dfd,delivered,2018-06-11 23:15:25,2018-06-11 23:35:41,2018-06-12 09:02:00,2018-06-20 19:31:58,2018-07-05 00:00:00
e4962e485218f19e917d64b00c4afe7c,c573647876009a14fa4e58adfb2531d5,delivered,2018-02-24 19:51:41,2018-02-24 20:08:03,2018-02-26 18:14:42,2018-03-07 23:28:52,2018-03-16 00:00:00
6cc40732b6bc944a2b6cb8aca515bfe5,ba4eec713eeb24b401bd89b380363910,delivered,2017-08-14 20:02:20,2017-08-14 20:45:14,2017-08-16 19:03:48,2017-08-18 21:17:08,2017-09-06 00:00:00
712cb14ddeca38aaeb49dea61f811018,2407b981de425b0b444dda91186d0440,delivered,2018-02-27 15:22:01,2018-02-27 15:35:34,2018-03-01 17:13:07,2018-03-09 23:08:38,2018-04-02 00:00:00
00e1bdb3f1388c8ed222597ee4fa01e7,ddd97c5c66119bd2fe33f8709f77ab7b,delivered,2017-05-15 22:41:31,2017-05-17 04:10:29,2017-05-17 11:49:48,2017-05-24 05:57:57,2017-06-07 00:00:00
35a10c7737aa07bb2264cc0cabfbbfbd,7f333232c7cf28e0de2668caeaec42b5,delivered,2017-06-08 11:53:41,2017-06-08 22:32:04,2017-06-13 09:46:46,2017-06-19 10:32:18,2017-07-03 00:00:00
233d763b10db673443077fb3090dfb37,6aa0f075a2225b4dd35cabe869eb4dcc,delivered,2018-06-12 14:30:30,2018-06-12 15:05:54,2018-06-15 13:38:00,2018-06-20 18:52:34,2018-07-03 00:00:00
d38165ac0823af98c6668c357fe19b5c,4540228750c81072a5cdc5bdd36f9e5c,delivered,2017-12-10 13:56:27,2017-12-10 14:10:31,2017-12-15 14:28:52,2017-12-18 19:22:41,2017-12-28 00:00:00
3971a8d658593643c85790cb67105832,946cc8dd1a10dcc7cf3ee2750618dfa1,processing,2017-12-12 19:00:37,2017-12-12 19:10:05,,,2018-01-10 00:00:00
1315a48b9968c471921edaaf59d901d7,90a6d60d171dc59884c02ccb5156befd,delivered,2017-11-06 16:35:10,2017-11-08 03:36:15,2017-11-08 19:22:28,2017-11-13 20:41:57,2017-11-29 00:00:00
96391307abf5b25e205b1049789cf2ee,9a7ae4cc912dc4d2639cab8bc5c72fa0,delivered,2017-05-16 21:35:52,2017-05-16 21:50:09,2017-05-17 15:37:03,2017-05-25 10:05:53,2017-06-07 00:00:00
0e19aa2216bf89063fdd8849774aea19,ea1bd589cf74abf3eb075a399bad0b95,delivered,2017-12-04 15:28:18,2017-12-05 04:13:59,2017-12-06 20:15:00,2017-12-12 23:47:07,2017-12-28 00:00:00
87e81e96bb33e3163f7f8ed4123b6787,b56ad5c178c72dcbd9d36082b40acac8,delivered,2018-05-02 19:40:24,2018-05-04 04:01:26,2018-05-07 15:03:00,2018-05-17 16:56:30,2018-05-18 00:00:00
dfeb385531b47a17e24ab43992ebf15e,0d9c4b5c91997a61af84d12d72e91fc7,delivered,2018-07-12 21:38:26,2018-07-12 21:50:17,2018-07-13 13:32:00,2018-07-20 17:28:28,2018-08-03 00:00:00
2b4b69b119c4446626f617bd54ff3147,456664e611e20956682bafced4ecdb19,delivered,2017-09-05 18:28:30,2017-09-05 18:44:08,2017-09-06 17:06:54,2017-09-19 21:43:03,2017-09-26 00:00:00
f2d28c33d6ebb5cc6c33ccab50b0fa55,f6b3f6d16ddf81370e2d5147832316f5,delivered,2017-06-07 10:37:39,2017-06-07 10:45:31,2017-06-08 12:50:03,2017-06-15 11:56:06,2017-07-06 00:00:00
d719d2c72e0dfc9d994ee85c1d594861,bcfd3b40a37ce48e8658f339cc31665c,delivered,2017-11-24 16:06:14,2017-11-25 13:34:00,2017-11-29 02:07:43,2017-12-19 21:57:00,2017-12-19 00:00:00
c22857ca01052cca0c4dea70902c5a92,ac430a00fccee6f43a93836facc4eb8a,delivered,2018-01-17 22:20:43,2018-01-17 22:30:04,2018-01-22 21:47:53,2018-03-01 23:57:22,2018-02-16 00:00:00
364d9bdfd849c1092558945df309c280,6cda1d04141717b4d21a31c101d1414c,delivered,2017-05-09 20:24:50,2017-05-09 20:42:20,2017-05-10 13:23:01,2017-05-11 10:04:55,2017-05-17 00:00:00
741e8e0a228d10eeafd9ff29fbaae693,3285874377adbb5480c7730e0788e575,delivered,2017-02-27 17:25:10,2017-02-27 17:41:29,2017-03-03 14:24:03,2017-03-11 10:28:55,2017-03-20 00:00:00
58feb997b7e395036cd8d59980e85a94,ec70d161cd95ea2fb9be51c71807be76,delivered,2018-05-29 15:18:22,2018-05-29 15:32:35,2018-06-11 14:23:00,2018-07-04 12:05:17,2018-07-24 00:00:00
5ad674ed6e835a39a6a7d73bc989ce57,7df9914b5cd074d81dcb343a7107765b,delivered,2017-07-30 18:09:19,2017-07-30 18:23:08,2017-08-02 11:04:30,2017-08-04 19:45:51,2017-08-18 00:00:00
bc47e570a3968e7584d8b987f51ce04a,796ec2eaa4b2d7ec61a9519d05cfc4f6,delivered,2017-10-16 18:47:37,2017-10-16 19:40:13,2017-10-17 19:16:42,2017-11-03 18:55:53,2017-12-06 00:00:00
6b21d4143acd1caff8e127e69aba3881,b80e22125311f4027c9e8d27f0ff9c26,delivered,2017-03-03 18:29:14,2017-03-07 04:10:34,2017-03-07 12:38:14,2017-03-17 14:45:49,2017-03-23 00:00:00
daf7a55aa310de14e9b2409edfedc2b4,a9e6b6a8984c388507d841184655052b,delivered,2018-07-21 16:42:24,2018-07-21 16:55:24,2018-08-13 14:26:00,2018-08-21 15:08:33,2018-09-03 00:00:00
c6122e6a623a45c8dfc876f10733682f,bdee28f68e11d29d4fdc2766e00696af,delivered,2018-05-16 19:30:53,2018-05-16 19:54:36,2018-05-22 06:53:00,2018-06-02 00:20:44,2018-05-29 00:00:00
03e327642028582cff3316f1726a9f00,ec502d64c6fc7492e3957073459f1d00,delivered,2017-10-27 07:55:57,2017-10-27 08:10:08,2017-10-27 20:23:50,2017-11-06 19:22:51,2017-11-22 00:00:00
fa2e9a883be0ffdb96cd579ee1c935fa,3496529d577177be0fa71ee60b497e0f,delivered,2018-07-06 23:09:15,2018-07-06 23:30:10,2018-07-11 13:21:00,2018-07-16 14:48:29,2018-07-27 00:00:00
fe784ed3dfc728fd4de44fa9918fe1eb,534ae76adc5da4b4f9c7b505a756d59d,delivered,2018-07-31 18:24:05,2018-08-02 03:05:19,2018-08-02 15:22:00,2018-08-06 16:47:28,2018-08-22 00:00:00
66dff1d3b5b10688eb5f5404045bf561,fcd47b43cac861c981572131ac384b4d,delivered,2017-09-26 14:48:58,2017-09-26 15:04:43,2017-09-28 15:49:19,2017-10-02 20:27:49,2017-10-18 00:00:00
f861cd4fdb01ef5140e9a260279f0a26,950322a8be6e8e0e0e91516847779161,delivered,2017-05-29 09:58:04,2017-05-29 10:05:12,2017-05-30 07:29:33,2017-06-01 14:50:10,2017-06-21 00:00:00
a548bc6afbda383e174fdcfb79a92581,ef60712cc7d090f88ca4c0adef53e4d0,delivered,2018-07-12 00:46:31,2018-07-12 00:55:26,2018-07-12 11:31:00,2018-07-23 16:18:47,2018-08-06 00:00:00
41ba50bed1e26c9e103322822236a3f2,2278e9011d364b2ad3dfc2ca4b1eda17,delivered,2017-05-28 18:10:16,2017-05-28 18:25:08,2017-05-29 10:31:10,2017-06-05 08:32:39,2017-06-23 00:00:00
9415b8205e1a211b3a930ab130b9ce60,0d3f40d529b79a9caaa29f2c9dc08ede,delivered,2017-08-10 21:05:33,2017-08-10 21:24:10,2017-08-11 19:49:57,2017-08-23 21:22:31,2017-09-12 00:00:00
5519f6280de7d1712691ab0654fbd0c0,4b6cc748c9b98d12cef260aa6d33d5b7,delivered,2017-11-16 14:12:24,2017-11-16 14:27:08,2017-11-22 17:41:18,2017-11-27 19:42:45,2017-12-04 00:00:00
d6499996b16da6981a7bb82d562d6c4b,bc345481af806e7f82d41182101d563f,delivered,2018-04-23 19:50:31,2018-04-24 19:53:35,2018-04-25 15:18:00,2018-04-30 17:48:44,2018-05-11 00:00:00
923e0c030350975afcfa4ffbc70c0146,30499bd0b4374d37074cfabc399c9f85,delivered,2017-04-29 20:51:41,2017-04-29 21:05:17,2017-05-02 17:09:37,2017-05-04 17:12:10,2017-05-23 00:00:00
4603709e5e41c0247684e02398ef89ba,db722d5d0a94bf93c8a0a000a4dae533,delivered,2017-09-10 22:15:02,2017-09-10 22:25:20,2017-09-12 12:57:01,2017-09-21 20:13:29,2017-10-02 00:00:00
a63104c1bbc7fe65734b02c43c1e996c,54537c7b19c52766510964c6173013f8,delivered,2017-08-24 14:48:32,2017-08-25 02:55:46,2017-08-25 14:32:26,2017-09-12 19:04:42,2017-09-20 00:00:00
0c2989120592c0873f156da4204fbfb6,422b9136bcee509400f7e79feeb2df3c,delivered,2017-03-17 18:15:27,2017-03-17 18:15:27,2017-03-24 10:13:49,2017-03-29 16:13:19,2017-04-10 00:00:00
eaca2f45fbeb00cc1d069840f0f13990,a920cdc19a22af73b009c33354e5f442,delivered,2018-03-07 17:15:23,2018-03-08 10:08:59,2018-03-09 00:31:29,2018-03-19 22:56:18,2018-03-26 00:00:00
10271ddf4e66d7ebde86598c2447761d,f1b4e52c63caa18218f3d64e9f402638,invoiced,2017-01-30 12:15:14,2017-01-30 12:33:50,,,2017-03-17 00:00:00
225ce7a56330d0d477b097a8752b22cf,43eabd043baaab5f73193fae5eae4af9,delivered,2017-02-24 16:37:19,2017-02-24 16:50:15,2017-03-01 10:45:51,2017-03-30 14:23:58,2017-03-31 00:00:00
af6cf105471a4c8fc88ae0af594fde44,4804d03d9f6e3df5e2ca9f8cf6b07758,delivered,2017-06-30 14:49:14,2017-06-30 15:03:57,2017-07-03 12:35:47,2017-07-08 15:11:57,2017-07-26 00:00:00
48cf133bab6e70fec7896820b325dc9b,f6db95631c0bad789edde606121bca76,delivered,2017-11-27 16:38:04,2017-11-27 16:50:30,2017-11-28 19:18:51,2018-01-10 17:11:27,2017-12-21 00:00:00
d265c4938775151455ccd396e3261cf3,2dc3ac5aa15ab1f73e0a967eee09c436,delivered,2017-05-20 00:19:41,2017-05-20 01:22:47,2017-05-24 10:57:58,2017-06-01 15:09:42,2017-06-20 00:00:00
fc24b77521e400e8290a902026efcc85,66cc929741c3d1d277e05b4540bf9a8c,delivered,2017-08-01 15:14:40,2017-08-01 15:35:30,2017-08-04 19:49:40,2017-08-07 21:15:05,2017-08-23 00:00:00
5791377a72320ea9128214180b17c54f,e76321220dd8fd5186c478b2ad214265,delivered,2018-06-20 20:02:11,2018-06-22 02:58:39,2018-06-22 14:53:00,2018-06-25 20:54:39,2018-07-12 00:00:00
20ed4cb22ba9f7978081410cd6400ba7,4fa12f3ae394aa81c4ac1faaa5a52276,delivered,2017-04-02 22:06:05,2017-04-02 23:10:13,2017-04-04 13:35:39,2017-04-10 09:44:06,2017-04-24 00:00:00
e5277018d6ad784647a82c8d0f7f8dcd,0c7aa3b3d34237d58e07d8458c5683ba,delivered,2017-12-30 15:13:25,2017-12-30 15:27:18,2018-01-04 23:13:00,2018-01-16 21:03:12,2018-02-02 00:00:00
6219ece1f053a3ffa649340e87cd93d2,356e49e06716cab5d634234a371dba70,delivered,2017-01-20 15:08:05,2017-01-20 15:21:48,2017-01-23 10:17:42,2017-02-02 15:15:52,2017-03-08 00:00:00
2dceebebb97f2c0222194e9c24c28296,494fe6ed11aa9695f8fd1fddd3a5ba14,shipped,2017-10-23 21:44:35,2017-10-23 21:56:09,2017-10-24 16:33:55,,2017-11-03 00:00:00
b4d46147f1aaa1a984aa0ab1cd7b2e4c,685fc2b455c29d78ce11a7cf9fe57fbd,delivered,2017-11-28 21:31:37,2017-11-30 02:22:34,2017-11-30 23:17:31,2018-01-02 20:06:26,2017-12-28 00:00:00
45d6ca6a1aced4acda59dbae2035c8b0,e11ca2a0794a6a0fdabcace5ffe86ecf,delivered,2017-03-30 14:48:27,2017-03-30 14:55:18,2017-03-31 13:40:00,2017-04-11 10:29:00,2017-04-26 00:00:00
bc35165f6ff628a1090f8b0074929de9,0d2234a021135cfc68d38e08f7328544,delivered,2017-06-09 16:05:48,2017-06-13 04:35:17,2017-06-14 10:03:57,2017-06-19 17:24:48,2017-07-04 00:00:00
aa7565b87e9b5f1ecf8b8ea7f745899c,ac4a808a6356938bde38be82ee979826,delivered,2017-09-13 17:10:22,2017-09-13 17:27:55,2017-09-15 17:57:44,2017-09-18 13:24:34,2017-09-26 00:00:00
30fb0666d9729c95bc9923e57c0ff4f3,df9d58f5f99aaf04a5865261038e72eb,delivered,2018-04-14 14:35:01,2018-04-17 05:55:21,2018-04-17 17:28:36,2018-04-24 16:36:45,2018-05-11 00:00:00
157972ad87ad74e792dc1c49ead0f733,c062ee6149be02143c82725143e49438,delivered,2018-07-08 15:33:27,2018-07-08 15:50:14,2018-07-10 13:56:00,2018-07-12 23:08:29,2018-08-03 00:00:00
263f5778d1130e9c186958780172a107,7324ecb0ff143f561193d22bea7d63fb,canceled,2017-10-12 08:39:30,2017-10-12 09:06:26,,,2017-11-06 00:00:00
b6900b09afec4ea5ef8879a9b1e3881c,04065ecc8bc4cfd1228121cd5426e8db,delivered,2018-07-21 22:34:57,2018-07-21 22:45:14,2018-07-23 16:55:00,2018-08-05 17:35:27,2018-08-09 00:00:00
a5a4c85af7827f2a7ec7221ee9a5fc9f,98a122d3f5c1149f63abe85d539ffe44,delivered,2018-03-11 15:45:24,2018-03-11 15:55:29,2018-03-12 17:30:34,2018-03-25 09:26:51,2018-04-18 00:00:00
7199dc9a44c0b42b4341b93f376623e5,bb8d51f8ac80fa7cfa96dbe23914a31a,delivered,2017-06-08 17:55:10,2017-06-08 19:03:18,2017-06-09 14:02:53,2017-06-16 07:54:30,2017-07-07 00:00:00
c5f30bdd01bc931c09429dc3bba5ac58,ca6fe18d9474b6e6bd41278ca47b19cf,delivered,2018-05-28 21:38:55,2018-05-28 21:56:18,2018-05-30 06:37:00,2018-06-02 16:04:16,2018-06-13 00:00:00
82598d1412ae8a6ab0939b8d0d12e16d,c433eba178357789342c520620927b0e,delivered,2018-01-17 18:17:42,2018-01-19 02:37:45,2018-01-25 22:24:30,2018-02-23 01:03:42,2018-02-09 00:00:00
3a8120ab24d55fb6df380a431836a916,915324f5c372a16f2cba00005464110e,delivered,2018-05-13 21:23:10,2018-05-13 21:35:14,2018-05-15 10:46:00,2018-05-22 17:09:55,2018-06-11 00:00:00
8ba92873ddb8c69bb828989dd281f3fc,a3d8f7ad39bef6d2012736a8cb4fac7e,delivered,2017-08-27 20:35:18,2017-08-27 20:50:19,2017-08-28 19:28:31,2017-09-05 21:08:07,2017-09-15 00:00:00
f8976b3a54975401f39462dde83413a4,9bce3308d332422ae1c773b3c5a58882,delivered,2018-01-19 16:46:37,2018-01-20 09:08:40,2018-01-22 22:17:57,2018-01-31 19:30:18,2018-02-09 00:00:00
8d0e3776d347eaa9972bc7d4d37eafe9,932dc3b0da4e1489a9f2c57b2b1741be,delivered,2017-08-05 20:30:38,2017-08-05 21:03:31,2017-08-08 19:49:41,2017-08-10 21:07:19,2017-08-18 00:00:00
259755d38865ba5eb5781ad6e24e0be9,6613171b30e9521c4438732b3d0fe8ec,delivered,2018-06-17 11:31:55,2018-06-17 11:54:01,2018-06-18 14:14:00,2018-06-22 19:20:06,2018-07-13 00:00:00
c6b91873827689f33c1a45cd4bccd049,d21a68ee5ebdcbfb2ce1b22736e29f28,delivered,2018-07-16 20:35:18,2018-07-18 02:41:47,2018-07-18 16:57:00,2018-07-26 19:18:51,2018-07-24 00:00:00
df545fca1d6c9f96b0eeeb751a6f2650,f510b8376e50c3541d4f8b0276014635,delivered,2018-06-14 08:55:01,2018-06-15 02:36:55,2018-06-18 14:18:00,2018-06-29 22:26:49,2018-07-11 00:00:00
c7c9aa7dc61f395e914d6946cf62219b,087416058efed159681fcaf612d0d54f,delivered,2017-05-04 15:23:04,2017-05-04 15:35:12,2017-05-05 19:00:07,2017-05-15 13:28:32,2017-06-02 00:00:00
79fea4eca2e5b9c77d549cbcdc60c8be,84ef3db1e67c71e9f2631d3b69fb651b,delivered,2017-12-11 19:09:10,2017-12-11 19:30:51,2017-12-12 18:21:46,2017-12-18 17:58:47,2018-01-08 00:00:00
4a0f21a285e2769e21ddc01161c7a6bf,04d35bc9d1149697fc480f6fd6da8247,delivered,2017-05-29 09:37:09,2017-05-29 09:45:14,2017-06-02 16:08:09,2017-06-05 11:33:11,2017-06-09 00:00:00
f294b6c586ebebae6fcdd9818f7381ff,4ece58d95e06b994bfdd6006d710a4f7,delivered,2018-06-16 07:17:49,2018-06-19 03:57:13,2018-06-19 13:09:00,2018-06-25 21:12:01,2018-07-13 00:00:00
a10a8370fcfb9246aea821e3a4778863,48e6b0bcf07e875ac11d750a5ca6db37,delivered,2018-03-08 21:32:47,2018-03-09 21:28:36,2018-03-13 10:42:25,2018-03-15 21:34:28,2018-03-22 00:00:00
56f663cba1638e1a90a2fb8e4716a2db,1d68bd2a2634f0efc973f13b9ade0384,delivered,2018-02-13 16:43:33,2018-02-13 17:27:17,2018-02-15 15:23:14,2018-02-22 19:56:35,2018-03-07 00:00:00
e1bea0700731c9179b4e7e2e0183aa14,af69c0e9111bb4c346dcd2d74a37c02e,delivered,2018-08-03 15:37:48,2018-08-03 15:55:20,2018-08-03 15:09:00,2018-08-08 20:28:35,2018-08-15 00:00:00
0c92ac263657a43f18927cc6392e3816,1acfa2218cb27d4f3d8a50e94d01b7d6,delivered,2017-05-30 16:14:58,2017-05-30 16:25:17,2017-06-02 13:09:03,2017-06-06 11:49:51,2017-06-22 00:00:00
26f078c600b86ed6c916be331d3dc1b0,ae5b535b75ca9bfa696cbd865be253ec,delivered,2018-08-14 20:32:58,2018-08-14 20:45:21,2018-08-15 15:07:00,2018-08-17 18:18:50,2018-08-17 00:00:00
ac7735eec51a3fe9e31e51210ecbad34,96f2ac447244a8c35b76b180e8d7cf64,delivered,2017-02-05 02:16:12,2017-02-07 04:03:33,2017-02-07 15:26:46,2017-02-13 17:58:47,2017-03-27 00:00:00
586acfc7e057938293e006ece947648c,747a389f1dccc08597ac02849b08acc9,delivered,2018-03-31 18:18:07,2018-04-03 05:15:30,2018-04-03 21:48:43,2018-04-23 21:32:12,2018-04-18 00:00:00
f2337d9b4a21ea7114a3559a895cae9e,0fb2c6fb8cd166fd37f894932d1b744d,delivered,2018-07-31 16:48:16,2018-08-02 05:30:54,2018-08-07 12:31:00,2018-08-14 10:03:31,2018-08-22 00:00:00
ed329ebc4bca317d28016c839ecc714e,059dbf90df50f39161c4549cc35057bc,delivered,2018-04-19 00:00:45,2018-04-20 07:11:19,2018-04-23 19:06:36,2018-05-24 18:48:54,2018-06-05 00:00:00
47c5847c6d4b31c6ad25269c40be3ab3,de98b87b6e81417f1a3213dfd2c4c7ef,delivered,2017-12-05 21:59:46,2017-12-05 22:12:26,2017-12-15 00:14:18,2017-12-26 20:36:55,2018-01-05 00:00:00
84b3b056e8c005f680939ef08864292d,156a7210c6a717b04dbc076b8ff2c528,delivered,2018-08-07 19:13:52,2018-08-08 03:25:00,2018-08-08 12:40:00,2018-08-24 22:43:50,2018-08-20 00:00:00
bb4617e746ecc5f06f704eaafaecb955,0f80cddbde03d06405371ce5e0a6f07a,delivered,2018-05-12 09:38:36,2018-05-12 10:46:36,2018-05-15 16:48:00,2018-05-16 20:03:09,2018-05-24 00:00:00
95d01aa47c6ad56612e6c8e9057647bf,734061465fe7d5790e21853ba9721acc,delivered,2018-03-01 10:47:09,2018-03-01 11:14:28,2018-03-06 14:12:35,2018-03-11 17:54:38,2018-03-23 00:00:00
e32ca528936e670ce37f0404d59ff5a1,eb99a8170945eb338e6511d467d5694f,delivered,2018-05-09 10:18:27,2018-05-09 10:31:37,2018-05-11 07:35:00,2018-05-17 17:28:22,2018-05-30 00:00:00
3a162137f82297cdaf8349d510549616,113a889998deb4685ea30a7bda3bcafa,delivered,2017-08-22 13:30:45,2017-08-23 13:35:14,2017-08-23 19:42:44,2017-08-29 20:46:35,2017-09-22 00:00:00
a15a149fd87880e3377135d01822240f,620425296fc21800ec76b9dc986e27bf,delivered,2017-10-17 17:09:28,2017-10-19 02:49:34,2017-10-19 17:37:45,2017-10-28 15:14:40,2017-11-10 00:00:00
bcdbeb106ccaddd04d88f709dad0f169,56d732fd476e4dbe6a73a180fc3d5ea2,delivered,2017-12-06 20:10:13,2017-12-07 07:11:01,2017-12-14 19:35:00,2017-12-28 15:08:13,2018-01-30 00:00:00
f002422b59aa21ebc2c12136d1ab4019,752b76f403f16b021896686a71396435,delivered,2017-10-25 17:18:43,2017-10-27 02:55:18,2017-10-30 15:55:01,2017-11-06 18:32:00,2017-11-24 00:00:00
a5eaaae3cb498d839ed901303844db56,9c1381cbefb413e3b4f4be6fb53f5150,delivered,2018-02-01 13:10:00,2018-02-01 13:35:19,2018-02-02 20:13:30,2018-02-17 09:56:55,2018-03-01 00:00:00
afd45bab98f18c383881df9850a519fc,7870ab8f62d9d80cc37ff5482d6cb2b4,delivered,2018-06-19 13:26:42,2018-06-19 13:57:23,2018-07-03 14:45:00,2018-07-06 18:32:51,2018-07-27 00:00:00
e1ba0359337d59993c07c47f1d803681,922bab90749009d3f97eb23d2e29bb2c,delivered,2017-12-07 14:08:14,2017-12-08 02:54:11,2017-12-15 13:39:15,2017-12-27 23:35:19,2018-01-08 00:00:00
fd3d7abaecfb6a9be0b4b59e35e59f4e,22f687d3f54d8409933ee0623773b2bf,delivered,2017-12-21 12:32:30,2017-12-22 02:51:00,2018-01-17 14:22:14,2018-01-24 20:42:19,2018-02-22 00:00:00
578c276c17c1fe56c31270a2a20f9982,477d86c69046e0524d097ce4619f78c2,delivered,2018-05-30 16:06:32,2018-05-30 16:16:46,2018-06-01 13:36:00,2018-06-05 22:49:58,2018-07-12 00:00:00
e7a9a4e0aae16d3a2f05bf2e75cf678d,9b1890ee72453831390557c7431dc6b8,delivered,2018-08-21 12:22:51,2018-08-22 04:05:21,2018-08-23 14:25:00,2018-08-24 13:51:02,2018-08-27 00:00:00
9fc6440104c0af2d54ef7ff9e71703eb,fb773c7a9e646f63b60eb93ca7c12abb,delivered,2018-04-11 12:14:40,2018-04-11 13:30:38,2018-04-11 23:32:29,2018-04-25 23:08:45,2018-05-18 00:00:00
219fda9e83f9a3ac8e1baa10d6cc6366,9e7a24d6f6c9076bcb0fdc71fdf19299,delivered,2017-06-08 21:53:18,2017-06-10 02:50:38,2017-06-13 14:28:16,2017-06-14 15:18:20,2017-06-22 00:00:00
316c1fa727d9048a98c36aefbfd84e19,19cc846bb81d9669e98a8f410820fe0e,delivered,2017-04-03 13:52:26,2017-04-03 14:02:36,2017-04-05 15:05:21,2017-04-28 14:52:42,2017-05-09 00:00:00
196427c776696ff46b1edcaf8f000dbe,4005256fc4a95f24f61fb7dccb7d6b97,delivered,2018-04-10 08:17:31,2018-04-10 08:30:16,2018-04-12 17:12:16,2018-04-19 15:55:43,2018-05-08 00:00:00
90daf8a4be0209f5561c754e9461925f,51722798df7658e633810cc6e0fa40a1,delivered,2017-09-06 12:19:55,2017-09-06 12:35:18,2017-09-08 20:51:21,2017-09-21 22:18:00,2017-09-27 00:00:00
7687a7e01201cd5d9a13d6caaf17949e,dbfeff192be593c120aa3e9b4c8dab62,delivered,2018-07-23 17:32:49,2018-07-24 10:32:13,2018-07-25 11:24:00,2018-07-27 23:12:40,2018-08-07 00:00:00
78cb9a560d2efd85da4adc637aab727f,fb51887c8244b5ca1d8f1f9e1b3bf4e7,delivered,2017-06-03 10:16:52,2017-06-06 13:35:33,2017-06-07 13:27:48,2017-06-19 16:32:27,2017-06-30 00:00:00
a1b80d424c933786ee29fa4759d028cd,f86bc8b9c211984e6411e8fb3a4257b8,delivered,2017-04-22 13:35:46,2017-04-22 13:45:21,2017-04-24 17:06:15,2017-05-04 16:39:34,2017-05-17 00:00:00
073f64b0ac2c4ba51efd4327faca2d39,cf59457e10b5553577503d3039b1ad7f,delivered,2017-08-05 17:47:16,2017-08-05 18:03:29,2017-08-07 17:52:01,2017-08-16 19:45:42,2017-08-29 00:00:00
8185a97f66edcfa0f558a3c6623fd8a0,67bf978c2017afdd83d5787655b02d94,delivered,2017-03-04 10:34:34,2017-03-04 10:45:14,2017-03-06 08:43:41,2017-03-16 10:31:20,2017-04-06 00:00:00
55b8dc586cc360e553bf09d7f81ee36d,aa3f66cac5958025414f44650bf95ccb,delivered,2017-11-16 19:11:10,2017-11-16 19:34:51,2017-11-22 16:50:56,2017-12-15 00:16:52,2017-12-20 00:00:00
0ab3d92f71090c758d1df7ff889a9335,6eeb0d55dcc3c0d2973619f1362da7f5,delivered,2018-07-10 20:08:33,2018-07-10 20:35:11,2018-07-11 15:59:00,2018-07-12 19:41:21,2018-07-18 00:00:00
8a4c749f6b6350f68770c00405f8612a,1dd35f79f890a122b4d634d1855c026f,delivered,2017-12-02 11:13:19,2017-12-05 04:18:32,2017-12-06 19:17:02,2017-12-22 01:58:33,2017-12-28 00:00:00
7b186487147f406839316cb0a719d4b1,c87bdfa527f494e256901a8eaf082ec2,delivered,2018-08-04 13:18:33,2018-08-07 06:15:13,2018-08-08 10:30:00,2018-08-16 09:56:47,2018-08-28 00:00:00
5b5000f42c9f7a3bd25a2199e7f9d943,916ba025651123ee5d0e8443e16c6baf,delivered,2018-04-04 13:47:39,2018-04-04 14:10:19,2018-04-05 18:35:35,2018-04-06 15:18:32,2018-04-16 00:00:00
572060f1be47253575daf3b88019195d,79a44abc3163fc1830f6afd0dc9acfc7,delivered,2017-11-10 11:05:17,2017-11-10 11:27:15,2017-11-14 22:41:55,2017-11-16 13:34:29,2017-11-24 00:00:00
6af5d028aa14031c4afa3b5dd2d427ab,7388c946a76eef51eb68a9b11bd84efc,delivered,2018-05-11 13:24:45,2018-05-11 13:37:14,2018-05-11 17:09:00,2018-05-22 18:25:04,2018-06-01 00:00:00
a75dc59fb32aa2b2ba7db8573eabd774,2428a522e85ec8ffd6e3756fe7ddc782,delivered,2018-07-04 18:32:44,2018-07-05 16:30:53,2018-07-05 14:10:00,2018-07-09 17:48:53,2018-07-24 00:00:00
b5ffba2e8295cec77424fe5dc22f2dd7,245ee3cc4d7ff145c25ff1d7ffb6a27d,delivered,2018-06-10 15:02:54,2018-06-10 15:15:11,2018-06-14 12:00:00,2018-06-18 22:38:54,2018-07-12 00:00:00
566aa88269ebf1551f8e2da76e215e08,835aa892fe91f66be24db3a0c91208e6,delivered,2018-03-31 23:52:42,2018-04-01 00:35:07,2018-04-03 20:41:55,2018-05-21 18:43:24,2018-05-08 00:00:00
482b1368b99291637ea2882146292e37,c892c369241b3684e3c45864a2676648,delivered,2017-06-01 13:32:10,2017-06-01 13:42:26,2017-06-02 16:03:09,2017-06-12 14:17:35,2017-06-26 00:00:00
e9d187b8dc64f35026cf54590f38f6df,944a2a882a05e28038d5469d405badfa,delivered,2018-02-17 15:17:10,2018-02-20 07:46:10,2018-02-22 02:56:49,2018-03-14 20:24:55,2018-03-22 00:00:00
aa87c4af248b5041ab8aa98338210d88,38189f2abad60e8555889178b232b953,delivered,2018-05-22 20:40:08,2018-05-24 02:34:56,2018-05-29 14:06:00,2018-06-14 06:14:35,2018-06-25 00:00:00
88fee4747e42f5d4b4bdbf2a730d6e2a,d3d0223686600adaa14e86bbf6701f92,delivered,2017-12-29 20:20:52,2017-12-29 20:28:19,2018-01-03 18:54:55,2018-01-04 20:38:34,2018-01-18 00:00:00
8c80df0eb894f3154628aa231b9eca9a,ccfceced361a54b2400e5132d160c8d8,delivered,2017-09-05 21:04:35,2017-09-07 02:50:37,2017-09-11 21:48:37,2017-09-26 15:12:07,2017-10-05 00:00:00
1ab3bd545139c5b34144d589593b6755,0d40823f18a472145b6f7bc7e5e03134,delivered,2018-01-27 22:03:41,2018-01-27 22:16:17,2018-01-29 18:26:54,2018-01-30 15:42:51,2018-02-14 00:00:00
8d4b407022b632729179432fdecbc16e,d516b3d67e888a60101647dc1c73edad,delivered,2018-03-03 17:52:05,2018-03-03 18:08:58,2018-03-06 05:26:37,2018-04-11 16:46:37,2018-03-26 00:00:00
4c689245ea93c43c3bd76bda4dca1403,1d5049f05b24a406472459b56ee9502a,delivered,2017-05-06 13:45:58,2017-05-06 13:55:17,2017-05-09 07:38:06,2017-05-16 10:03:33,2017-06-07 00:00:00
a6711e454e2bbe3bb021ec7fcfd3c6ac,1fe4bb7f2ece4888bdb2a9d107cb9fbf,delivered,2017-09-11 21:04:03,2017-09-11 21:23:28,2017-09-15 21:32:35,2017-10-03 19:49:55,2017-09-28 00:00:00
71145a0b672202052255b5463b5ae691,a09b097486f73f4377dda587823a04a7,delivered,2018-05-14 16:06:14,2018-05-14 16:36:36,2018-05-16 08:13:00,2018-06-12 22:42:47,2018-06-11 00:00:00
292690a1c17b64307e5b90203f3adc84,1d456d2cad6541c5722961039c02ba09,delivered,2017-07-01 20:23:30,2017-07-01 20:35:14,2017-07-03 18:22:10,2017-07-10 17:44:03,2017-07-27 00:00:00
920681fdec081e8ec3281225dd17487c,428e53086b257c10986247109dbcdad9,delivered,2017-03-11 22:54:26,2017-03-11 22:54:26,2017-03-14 13:40:00,2017-03-22 16:35:32,2017-03-30 00:00:00
275e4e88329d7a94af4043495a8a1047,accc74ec6e22e46c2685fa8dc84b4335,delivered,2018-05-16 21:19:03,2018-05-16 21:36:09,2018-05-17 15:06:00,2018-06-04 16:12:31,2018-06-18 00:00:00
37b8c558c5edf11ec6b82f288bcdcf8c,bca6eaf28cd32203c825bfdf794b188d,delivered,2017-10-06 01:07:20,2017-10-06 01:24:58,2017-10-06 20:42:27,2017-10-09 19:40:14,2017-10-24 00:00:00
2f1722b42c42fe13229264df753dfbfd,401827e8f25b227f54075e36b6739463,delivered,2017-12-12 22:10:20,2017-12-12 22:32:26,2017-12-13 23:52:39,2018-01-09 21:35:47,2018-01-16 00:00:00
5b4251adca774e23a1d0d74ae856a44c,cbc5c2f15d8c9f82ff20cbc15f656b80,delivered,2018-04-20 11:04:07,2018-04-20 11:15:17,2018-04-23 17:28:49,2018-04-25 18:08:59,2018-05-10 00:00:00
deb805b3a0cb1a415c66ddda0f92e0a0,a0ff04ef67911eae8a588690b2149379,delivered,2018-03-02 16:37:13,2018-03-02 16:50:34,2018-03-06 01:08:25,2018-03-20 22:03:52,2018-03-20 00:00:00
2bf122032657da71d81f97a2e1e1ce66,84ccde4ae523c9ebc2eb42f7e6211e93,delivered,2017-12-27 20:54:09,2017-12-27 21:07:04,2018-01-02 18:51:46,2018-01-04 15:06:00,2018-01-22 00:00:00
634e84824a339bf4b256a2cc09a0b3d7,06814f4a12766195eeb2d31fd70ec87a,delivered,2017-11-29 18:10:52,2017-11-29 18:37:21,2017-11-30 20:28:52,2017-12-28 21:43:42,2018-01-02 00:00:00
5b4f00a35fd58a123ce23e316367c174,da10d7aedd0897e941cc1fbe49b9c89a,delivered,2018-03-21 12:27:19,2018-03-21 12:47:37,2018-03-23 22:18:54,2018-04-02 19:35:06,2018-04-09 00:00:00
b394c91714441e1146cc0091a94f99bd,7c401a6dc3bd9b73306079c94feb8e16,delivered,2018-07-18 21:56:16,2018-07-18 22:10:07,2018-07-19 13:25:00,2018-07-24 18:32:13,2018-08-06 00:00:00
430ebc81b5194447480aeaf0faf6c7a0,47d4c5b044b1b17904b1dfe28315fd4d,delivered,2017-12-04 09:44:24,2017-12-05 11:29:55,2017-12-08 16:24:56,2017-12-09 13:55:51,2017-12-20 00:00:00
983416e50ec1adc19bffa333e3dc5bdd,73d4bf798b5fb0949f37e05e44ce606b,delivered,2018-08-01 19:19:09,2018-08-01 19:31:25,2018-08-06 14:17:00,2018-08-07 21:13:53,2018-08-13 00:00:00
a4763f72a6a9ff012d96a0e2b4d4b1ea,87149a37f6af0099e38270936d08c938,delivered,2018-05-01 22:12:28,2018-05-01 22:31:25,2018-05-02 15:07:00,2018-05-21 19:46:32,2018-05-18 00:00:00
1712eb2031d48d8ea695b82d52759888,399c61a267a438e9b87d0e3eb7d322c7,delivered,2018-05-07 10:51:19,2018-05-07 17:56:10,2018-05-08 14:55:00,2018-05-09 20:06:45,2018-05-18 00:00:00
9451af299c7a1f4f25e00283ec35f778,1426c24b523a0802bf75b623ac310ba0,delivered,2018-07-12 08:42:08,2018-07-12 08:50:16,2018-07-17 14:16:00,2018-07-23 22:38:30,2018-08-17 00:00:00
57c8b21903ac8ad8de52488bbb4ada7b,dff7d214d0b7746cf254bddfb43add02,delivered,2017-11-25 08:13:21,2017-11-25 08:29:55,2017-12-07 23:48:51,2018-01-17 23:07:14,2017-12-20 00:00:00
fb0a1a5bc897d399e60669acf0063044,1a74f36a8fef5459af7347cd87e71794,delivered,2017-08-09 06:24:43,2017-08-09 06:43:33,2017-08-09 18:46:19,2017-08-16 19:04:57,2017-08-29 00:00:00
2cacbc4da6d979f44adb568674fe8763,369aebea9369c6003d6713c2432645f2,delivered,2018-05-07 20:15:59,2018-05-07 20:34:24,2018-05-09 15:48:00,2018-05-15 00:51:52,2018-05-24 00:00:00
e84f839667bdb61865f74a90bc11ec11,3d20577b680eba8c0f24f1012404171b,delivered,2018-07-24 20:45:59,2018-07-24 21:04:15,2018-07-25 13:04:00,2018-07-26 16:22:03,2018-08-06 00:00:00
048860a9cc82e1ab85c2d34174944cc8,98b76889a5a14021b4a1f8adf2f69665,delivered,2017-11-25 09:55:39,2017-11-28 03:19:34,2017-12-05 01:25:43,2017-12-11 12:05:16,2017-12-22 00:00:00
2e0f8d9b7a9374b8fe5ab2d24a44364a,d08b0eaa94f846b96666d81ac5233aa7,delivered,2017-06-01 10:56:37,2017-06-01 11:05:19,2017-06-02 11:42:32,2017-06-07 15:35:35,2017-07-04 00:00:00
186d853ccb29e4bc2470952ec61dbb39,68b3e1831221e63cd8e1ed2c2817c0d1,delivered,2018-07-13 14:29:51,2018-07-14 03:10:19,2018-07-16 14:52:00,2018-07-20 16:51:30,2018-08-02 00:00:00
c81eab32f3779536b6545c35604f70d3,173ea7007d1ac1d879e97fca6ef9312b,delivered,2018-04-12 15:49:12,2018-04-12 16:09:30,2018-04-13 20:10:53,2018-04-20 18:28:37,2018-05-08 00:00:00
917971c9015d85949419eee8f288ac07,384d4edc7045d76d87dedede481fb4c5,delivered,2017-11-12 17:50:32,2017-11-12 18:07:15,2017-11-21 16:46:03,2017-11-30 23:44:48,2017-12-08 00:00:00
055881c8e807f4d1147c2f075d51d604,e160fbbf934ea781f3f302118e931029,delivered,2018-04-26 23:38:08,2018-04-26 23:50:15,2018-04-27 15:06:00,2018-04-30 22:58:55,2018-05-10 00:00:00
551320e40e766057c633ff653094bf5f,38f43bd87473e4c3c9a068a8465b27cf,delivered,2018-02-06 14:49:32,2018-02-08 07:49:58,2018-02-19 19:12:52,2018-03-06 17:16:09,2018-03-22 00:00:00
b3a60e4531d82485b6ed7c49ba266c66,5844a62772b729f3f92ba756dc9411e5,invoiced,2017-01-28 22:54:48,2017-01-28 23:31:44,,,2017-03-17 00:00:00
e9e137d6138cddc86df8040508ba33e8,74a2c198ef667f0d4e2883108de0af74,delivered,2018-05-12 19:22:46,2018-05-12 19:35:22,2018-05-28 13:29:00,2018-06-04 22:09:42,2018-06-07 00:00:00
9b89cca19e5d0e3f239ba4f8cb120d99,e7e6ea19adcb62ed5c15c332177c7028,delivered,2018-03-19 15:54:43,2018-03-20 03:08:32,2018-03-22 20:22:14,2018-04-06 23:36:33,2018-04-09 00:00:00
1f448aec779fffc0060134f9c1c19370,b7bf1e5068f7f1f96b79256cf09a6f56,delivered,2017-11-24 15:56:20,2017-11-24 19:37:56,2017-11-28 20:37:09,2017-12-06 02:08:57,2017-12-14 00:00:00
75d87a7050b2959f4d5c51a28525e2d7,b69013f022544024af2ed8bf7fae976c,delivered,2018-01-08 20:04:04,2018-01-08 20:12:32,2018-01-10 18:45:17,2018-01-24 18:42:59,2018-02-02 00:00:00
8b030516b5067d6a711fad2df0bab663,81289e1391c93ec72b21c3ab59b5feee,delivered,2018-08-05 12:01:28,2018-08-05 12:15:23,2018-08-07 13:07:00,2018-08-21 16:03:14,2018-08-27 00:00:00
7d61ebcead33128e9bf98b49d336a1ff,8985b6d5bc22fc4a681e47ec3a5f3679,delivered,2017-10-14 07:31:28,2017-10-14 08:42:20,2017-10-16 20:09:55,2017-10-25 20:34:05,2017-11-07 00:00:00
232ed087a5c59841a1a56af1fe8d797d,e59077fac70edaa674a4967aa316e48d,delivered,2017-05-03 21:09:15,2017-05-03 21:22:28,2017-05-09 16:07:57,2017-05-23 10:47:57,2017-06-07 00:00:00
ca8ff03738f16d623d89e6d57e54715c,1755c0ab132e1558aa343d3c666ecff0,delivered,2018-03-20 12:24:39,2018-03-20 12:49:26,2018-03-21 20:03:58,2018-04-07 12:08:38,2018-04-10 00:00:00
5dc4353ecb73877d7222007f37958d82,b065dfae5c48e97372da9efe325b9bfb,delivered,2017-02-17 19:05:22,2017-02-17 19:23:02,2017-02-20 10:53:54,2017-03-01 10:05:09,2017-03-20 00:00:00
eeabc78605ac96ecbf5faa71117f660f,383073f9c52568d5a7dae0bc6c053b75,delivered,2018-06-16 19:40:23,2018-06-16 19:58:31,2018-06-19 15:37:00,2018-06-26 13:58:29,2018-07-26 00:00:00
9bd46627fb3249657cec3b1320aea004,a35d47ce1242f49f967829e717bdade4,delivered,2018-08-01 00:02:17,2018-08-01 00:30:38,2018-08-15 15:07:00,2018-08-16 19:34:30,2018-08-14 00:00:00
c30a8d6054a170a67ee0986a7f1843bf,e6a54ff64a0d3bfa1c9f6a906f6b246a,delivered,2018-04-11 11:47:34,2018-04-11 11:55:16,2018-04-13 17:41:57,2018-04-24 21:07:06,2018-05-09 00:00:00
9f7f0cc34b8ad3893948112ddffed4f8,4384adc463626cb85f6d66d6fd94b5ff,delivered,2018-01-07 15:40:11,2018-01-07 15:51:22,2018-01-09 15:57:31,2018-01-17 23:17:58,2018-02-06 00:00:00
41718e6c54168559662771564e0cbaa0,f7f2c35d4c8892196a55e000c538005f,delivered,2017-06-23 12:23:53,2017-06-24 02:23:09,2017-06-27 14:57:12,2017-07-06 15:03:59,2017-07-25 00:00:00
32e839df202e265a92fc882a73aca02f,68f99cdb70a1deda1e1e9b2c4f591987,delivered,2017-11-24 23:39:51,2017-11-28 03:33:23,2017-11-30 21:08:18,2017-12-07 15:22:23,2017-12-14 00:00:00
224bad763c3bcc7aea8ca8f87fce6608,994901274206b0378c729c1c2146e3c6,delivered,2018-01-10 17:48:48,2018-01-11 17:39:20,2018-01-12 21:41:42,2018-01-17 18:02:51,2018-01-31 00:00:00
600b6a5fc944f990a4163f99a9fa69c4,d76fd8ce78bd4ae0507c3e9d32c07f5b,delivered,2018-03-02 22:59:22,2018-03-02 23:10:34,2018-03-06 20:56:29,2018-03-15 16:36:55,2018-03-27 00:00:00
eefc2dca61d7ccab611eb2ef18eea94b,fef307b2eb12e7d5fb8aada30eae84f3,delivered,2018-01-07 23:08:30,2018-01-07 23:15:27,2018-01-09 21:37:18,2018-01-13 01:39:17,2018-01-31 00:00:00
0a8ab5666933ac4865f2c36c5e7b5a0c,5697cbe94d562410848751c5866649f6,delivered,2017-07-24 16:20:10,2017-07-24 16:30:18,2017-08-02 10:35:46,2017-08-09 17:23:08,2017-08-18 00:00:00
d9e4018a5f1071690492d2b2b8c20f08,fcdcf40bd237e50b456209e14fd10ce4,delivered,2017-08-26 20:10:00,2017-08-26 20:25:24,2017-08-29 20:27:37,2017-09-04 12:17:51,2017-09-18 00:00:00
f3da2b9ffe90fbc13a8edac78c5ed5a1,59324caceae2cc1a5b246483864d7a95,delivered,2017-11-25 15:31:09,2017-11-25 15:51:47,2017-11-30 00:10:56,2017-12-19 16:22:11,2017-12-19 00:00:00
bca2c019b40c204248a56707eabb2a2c,abd1cbc79c4a8e29986772e6ac493431,delivered,2017-03-29 20:06:38,2017-03-30 10:22:37,2017-03-30 18:46:09,2017-04-07 16:28:24,2017-04-20 00:00:00
9190e04b74994426c12aaf9723f5d959,734a65f3cae9b9996cb75bd89701f283,delivered,2018-08-09 12:24:54,2018-08-09 14:30:20,2018-08-13 15:27:00,2018-08-15 16:52:49,2018-08-16 00:00:00
62a67b702512a0fa8e5b70d26369bdd3,7d24a4f248c9d34b88eae8d6e120e49c,delivered,2018-07-07 13:42:50,2018-07-11 03:45:43,2018-07-12 14:53:00,2018-07-24 18:58:33,2018-08-10 00:00:00
9a3a5d9f44aaf3084676e57886d5c660,25f9e229977750c7c6d947171981014e,delivered,2017-06-02 15:58:47,2017-06-02 16:10:17,2017-06-03 08:03:06,2017-06-09 15:12:31,2017-06-29 00:00:00
f4acccb08d320d53aaec17225c6c7198,240c865a9f8ce153b1a4a0a3aed150b9,delivered,2017-07-14 22:42:19,2017-07-14 22:50:18,2017-07-17 18:04:00,2017-08-01 16:05:58,2017-08-17 00:00:00
96b0216db4b7f5a35e9b0c7639de9f54,e56e4a76b25bcdd63c4524800a06dbc7,delivered,2018-03-10 13:32:03,2018-03-10 14:27:51,2018-03-14 19:08:33,2018-03-22 23:04:47,2018-03-28 00:00:00
a24a47282e13a3896fb83d6f49403e95,fcf0a8e930625f8e0e76ee66eba88402,delivered,2018-07-12 09:40:48,2018-07-13 02:43:53,2018-07-13 12:47:00,2018-07-20 17:22:35,2018-08-01 00:00:00
a9d514cec7786e74cf3b22b24b5562f7,632f6a3130e170ad74c54618b0a52fa3,delivered,2017-05-09 15:59:45,2017-05-09 16:15:17,2017-05-12 10:39:47,2017-05-19 16:05:58,2017-05-29 00:00:00
c8899924318a9e94b6bb939c2e0413d6,482b479c313204de48a1ceb1c2f9bdd4,delivered,2018-02-27 09:47:35,2018-02-27 10:09:40,2018-02-27 19:58:45,2018-04-16 17:19:19,2018-03-27 00:00:00
19549a52bf4ab2fd2bab7f190e21a4c8,54bb3252daedb55292a31a3f4c18ba96,shipped,2018-06-09 20:18:40,2018-06-09 20:31:28,2018-06-12 12:16:00,,2018-07-12 00:00:00
ed9662408a3bd79535370790a55d14f3,059d7492e1202078ff3b15924d42f765,delivered,2017-06-11 04:37:14,2017-06-11 04:50:15,2017-06-12 12:22:06,2017-06-13 16:04:29,2017-06-26 00:00:00
9f2c1798fe24e69bf3317bc7b319c96c,150a3d642b9738fe8f8d6876a7168f96,delivered,2017-09-20 15:08:28,2017-09-21 03:04:47,2017-09-22 17:23:06,2017-10-04 19:46:33,2017-10-05 00:00:00
b154b6c273af25ad4864ee4dcf0e47b8,dd0ebe50a2f4bf520764807c1d5ab294,delivered,2017-09-18 02:23:36,2017-09-19 03:38:21,2017-09-20 17:02:46,2017-09-21 21:16:36,2017-09-28 00:00:00
ee1e5461125181b29a98058b3e16d26a,791e0f733f0569448daee59ca0573b4a,delivered,2017-09-10 18:30:54,2017-09-12 04:45:43,2017-09-12 13:42:39,2017-10-02 17:05:47,2017-10-06 00:00:00
3d15ff4099fc39d6eed5f8c1200521b7,f134b34785e8dac47c9ef048c49f0916,delivered,2018-08-05 19:38:18,2018-08-05 19:50:14,2018-08-08 13:55:00,2018-08-15 09:34:30,2018-08-21 00:00:00
ffe3153dcf1c03911848f64ed557764b,9e73c9ebfd2c3c58898f89e7d0409ea4,delivered,2017-04-10 18:36:47,2017-04-11 03:55:09,2017-04-13 07:56:06,2017-04-20 06:42:41,2017-05-08 00:00:00
79562db78b573c385bac088ede3973dc,e7b047f3e2c9bddb8f4dee625e0c0ce7,delivered,2017-04-26 09:43:36,2017-04-26 09:55:22,2017-04-27 14:08:03,2017-05-12 14:12:20,2017-05-17 00:00:00
d03db25190f9915dd3f9df74b394f63f,e6aae10414e072fc934b448c5e4aecb8,delivered,2017-07-10 07:59:30,2017-07-11 04:03:40,2017-07-12 19:53:32,2017-07-18 19:48:01,2017-07-28 00:00:00
6b58f3523e45f9838f702acbc21e2f51,ded54c534eae8f885d98e8a9dfa65b90,delivered,2018-05-07 16:17:00,2018-05-07 17:56:22,2018-05-08 13:54:00,2018-05-15 17:48:45,2018-05-28 00:00:00
814d6a3a7c0b32b2ad929ac6328124e9,fffecc9f79fd8c764f843e9951b11341,delivered,2018-03-29 16:59:26,2018-03-29 17:10:27,2018-03-31 14:29:38,2018-04-10 17:20:49,2018-04-27 00:00:00
3e02b2b05d2244a9fb8f748eaf4ab3ed,0df7ed475af4782bbba1363517a9ec16,delivered,2018-05-04 15:22:36,2018-05-04 15:35:14,2018-05-08 13:34:00,2018-05-11 23:28:43,2018-05-23 00:00:00
4b5fdd555b6aced1f150146b9c7a9e1d,bd5eec32a64e9b19766a2a9f9dfb2a77,delivered,2017-10-14 13:59:48,2017-10-17 03:56:19,2017-10-18 18:02:57,2017-10-31 18:08:02,2017-11-27 00:00:00
d9432bd8e6dd2eb13a3a1eb8b6f0aaf3,4a299ab1a7b9fe9a892f9d95a87faa4f,delivered,2018-03-24 18:47:50,2018-03-24 19:07:43,2018-03-28 14:48:55,2018-04-02 16:48:51,2018-04-12 00:00:00
d9824f21d1f1d7e95d054b0becab9790,8955805943d3a763a7f487f068a7f753,delivered,2017-12-26 20:25:27,2017-12-26 20:31:23,2017-12-27 21:03:23,2017-12-29 17:47:18,2018-01-15 00:00:00
defab1e640d2aed0c5c98b1465ceb7b7,9e4647d044b9cc509bafc345ce2fe5b0,delivered,2018-07-09 17:33:20,2018-07-09 17:45:15,2018-07-11 14:58:00,2018-07-12 20:15:25,2018-07-18 00:00:00
a201a3d5774c7b81c6a50dad1be5f488,f2d6a280d9aadd9fc04f2e1e4660e2b7,delivered,2017-07-06 22:50:32,2017-07-06 23:03:18,2017-07-07 16:37:40,2017-07-18 15:22:19,2017-08-07 00:00:00
a6943daaa93816310c2f34c75774e9e2,efa537b5cfd40d0e7205417f2269ad60,delivered,2017-05-16 15:04:15,2017-05-16 15:15:16,2017-05-19 21:54:27,2017-05-23 12:04:08,2017-05-30 00:00:00
b4e3e891ffa5bf190cd6ebce16e4482d,895f2539c30e6bac09c33029e98cfbbd,delivered,2018-01-21 10:11:55,2018-01-22 13:46:14,2018-01-24 20:04:37,2018-02-02 00:06:37,2018-02-15 00:00:00
2b4da54d791ba338407fa772e336b880,ea2196dc456ba36fe4f6b81dca4867d4,delivered,2017-10-06 08:37:41,2017-10-07 08:44:25,2017-10-09 18:44:06,2017-11-03 21:52:12,2017-11-07 00:00:00
b2d30dfaf7114de8ab3f737d062032fe,b498a2691a3bd3fcc7107cbdf3d5633a,delivered,2017-05-09 10:19:17,2017-05-10 02:50:18,2017-05-12 10:16:01,2017-05-24 15:04:42,2017-06-26 00:00:00
f0fc39347a86802c8df13bde9111b01a,ced8cf14f3a428194fe15bb151edec3d,delivered,2017-03-12 17:42:52,2017-03-12 17:42:52,2017-03-13 11:13:36,2017-03-16 14:34:11,2017-03-30 00:00:00
d53cd7a9ac75ec82c356f175ab8a848f,e169b3a3318da2c15bf0a83aa4e4da4d,delivered,2018-04-08 10:29:27,2018-04-08 10:49:54,2018-04-09 19:32:07,2018-04-10 21:21:26,2018-04-19 00:00:00
ce2b74275022f728e4d0c3302e07f13e,7737d8841ed827cfc36e025cd99b13d1,delivered,2018-05-19 22:28:49,2018-05-20 22:30:16,2018-05-21 15:51:00,2018-06-08 22:12:07,2018-06-08 00:00:00
3be0ae91dc77cae9d86932b984c9d5f3,f584335e7322d7ad8ad035031214458d,delivered,2018-06-15 18:56:17,2018-06-15 19:19:25,2018-06-20 16:57:00,2018-07-31 17:31:58,2018-07-17 00:00:00
fdda37c607e545cc35b20ab1eb1a057a,1d1c736115642f774623a24b4253bfdc,delivered,2018-05-10 22:08:11,2018-05-10 22:31:06,2018-05-11 13:41:00,2018-05-23 19:31:52,2018-06-01 00:00:00
a5da3a396df7ad64a8bba4f78773d557,905c292434c3a4f6e78a5bf3468a1488,delivered,2018-06-13 14:08:57,2018-06-15 02:37:27,2018-06-15 15:12:00,2018-06-20 16:56:57,2018-07-03 00:00:00
2336989704d5fa89aafab6b5a5132317,1869021f36753921537debb6357c18be,delivered,2017-11-17 13:11:12,2017-11-17 13:46:38,2017-11-22 15:55:30,2017-11-27 12:11:21,2017-12-06 00:00:00
a44e2259c6908814d76871d497766ae9,e93078b6816a4bf9e651abd16a29f9d0,delivered,2018-05-27 13:47:53,2018-05-28 13:54:40,2018-06-01 13:25:00,2018-06-13 19:41:17,2018-07-03 00:00:00
544d4de462a8ad0d9492999b6708ebcc,c6bd3c920258b9d27dc6d8766cfa0b90,delivered,2017-05-23 17:12:01,2017-05-23 17:23:09,2017-05-26 09:29:21,2017-05-30 05:47:59,2017-06-06 00:00:00
840abd3649abc9df0cb782947a823490,c30edba688f5e5116e3d8c77856fa165,delivered,2018-04-19 14:32:03,2018-04-19 14:55:56,2018-04-20 17:08:54,2018-04-25 16:23:48,2018-05-17 00:00:00
57ffea3f7ad916af235cdde3811edb6f,3612f0bb7c0079715d6202d9a84cbcfd,delivered,2018-01-03 14:26:16,2018-01-05 09:57:23,2018-01-05 22:24:52,2018-01-15 16:12:28,2018-01-29 00:00:00
0361f3d4648b016237d77833005e4cfc,65b9e6171c6a2d994dcb5a6305317066,delivered,2017-11-06 12:34:37,2017-11-06 13:30:56,2017-11-08 18:03:56,2017-11-13 20:13:08,2017-11-28 00:00:00
5fa78e91b5cb84b6a8ccc42733f95742,c15eed3881abc9e06763c989679c5094,delivered,2017-11-30 01:51:23,2017-12-08 16:33:14,2017-12-09 00:53:08,2017-12-13 20:52:32,2017-12-18 00:00:00
c32264206a3adeaf75964372f602b40a,54e1a362d386863805db2b1cef80cdd6,delivered,2017-11-24 10:52:28,2017-11-24 12:32:25,2017-11-28 20:15:10,2017-11-29 16:36:58,2017-12-11 00:00:00
cd6fd1a1cf8a16a344a25ea0947af231,ce0e04764d4d76bf1001bfd5dc5d8779,delivered,2018-04-20 10:41:21,2018-04-20 10:55:26,2018-04-30 16:45:00,2018-05-07 16:46:50,2018-05-15 00:00:00
f2773a0bd567f311e593f32952c57422,964f83e96d69b6e3c2a26da9e0fb42d2,delivered,2017-11-27 09:52:44,2017-11-27 10:11:42,2017-11-30 23:56:57,2017-12-04 13:27:48,2017-12-12 00:00:00
4e67f143b0c25b22aeab8e13b0dfba81,f070c29c9efc29501d6c7540ac317aa6,delivered,2017-09-26 22:17:09,2017-09-26 22:28:22,2017-09-28 18:12:59,2017-10-05 17:47:53,2017-10-13 00:00:00
ecdec61b6acfa5ba6f5050cb64d166aa,d98ddec43f47c6057e4fdac2264c768a,delivered,2018-06-29 09:01:23,2018-06-29 09:10:32,2018-06-30 06:25:00,2018-07-04 19:24:47,2018-07-19 00:00:00
538d5b9c472ee5e0f766651adc2e016d,6257a012a2882532b055d565322107ce,delivered,2017-10-27 14:40:36,2017-10-27 14:50:15,2017-11-01 15:18:52,2017-11-07 18:39:44,2017-11-10 00:00:00
9e1813e190e6bbc1b75385fc8c7d7202,af2737c9aae345ba99928fb67331c3c5,delivered,2018-01-28 11:13:47,2018-01-28 11:30:17,2018-02-01 00:33:07,2018-02-25 13:36:48,2018-03-02 00:00:00
ec53db0c1e77c52175b84c424d5f4ef7,b40548fc33e3fc04574918e88a8af0df,delivered,2018-02-24 23:49:37,2018-02-25 00:07:42,2018-02-27 23:09:28,2018-03-03 02:12:06,2018-03-16 00:00:00
8046a8ff5327aee0844fc04bbbdc2780,745b217bcdd43c77e53db795a8cce73e,delivered,2018-01-10 09:46:59,2018-01-10 10:31:48,2018-01-10 18:59:15,2018-01-19 19:46:52,2018-02-01 00:00:00
ace3b21c5c57456d2e2215452829073b,6eed6b5d8b1ded4577be75de1db03132,delivered,2018-07-19 08:44:59,2018-07-21 03:30:19,2018-07-23 08:21:00,2018-07-24 15:12:29,2018-07-27 00:00:00
e36285554df73e171f9f41dbcf487b50,50044df9ed4639e4027eb9568c64c0b2,delivered,2018-08-01 20:50:46,2018-08-02 05:30:46,2018-08-03 12:00:00,2018-08-06 21:38:34,2018-08-07 00:00:00
63d2c28920a6381ffb2fff191e6e0ff9,e3b811c775c529afa4bcffcad0a28c40,delivered,2018-02-27 20:02:55,2018-03-01 02:48:23,2018-03-02 01:24:53,2018-03-26 18:22:43,2018-04-02 00:00:00
ff96d596c25445650eee60b94fa62244,8e2558cb3ad7b7a9d7ba47481b78fa64,delivered,2018-04-27 14:01:01,2018-04-28 13:50:07,2018-04-30 15:32:00,2018-05-10 20:21:59,2018-05-16 00:00:00
9bc65ad3f5f3bf9731bb7c9d73ac3756,ae71b6eabceb10fc65bd4c7edb0b24a1,delivered,2018-01-03 11:17:39,2018-01-03 11:28:25,2018-01-04 14:39:25,2018-01-09 16:25:02,2018-01-26 00:00:00
7ed96ba7a198e5f00ff7c88f85ee2c17,dacd6ae2592c8f85f7e5e5c7d7846af1,delivered,2018-03-13 20:05:11,2018-03-13 21:00:27,2018-03-16 19:41:51,2018-04-19 16:36:37,2018-04-16 00:00:00
9587bc545d7f5e1b8687a14fb3d2f6a9,85b6ce716956cffdea26fe7feb2379be,delivered,2018-01-13 21:30:26,2018-01-16 03:36:34,2018-01-17 22:51:43,2018-01-20 15:12:18,2018-01-30 00:00:00
f9af701b20215d529fbc24a4884ccf73,d95597cf8fd578a1e0e09891c81afbd6,delivered,2018-01-15 14:27:12,2018-01-16 03:40:05,2018-01-17 17:13:19,2018-01-31 17:13:00,2018-02-14 00:00:00
6851ec30263a7e8975ca52c3e0772a00,2903d0c277c788ada0296a7370093152,delivered,2017-09-23 15:25:21,2017-09-23 15:35:13,2017-09-25 14:10:27,2017-10-16 23:09:37,2017-10-18 00:00:00
7d9bff34ab96999cbb7b18cfe622c731,f0b859bf10be8f9953db9e34fc3baca8,delivered,2018-03-01 23:45:15,2018-03-02 17:49:30,2018-03-06 02:42:14,2018-03-29 18:22:44,2018-03-26 00:00:00
49d37a348d815c6538b55ab71396e8c3,bc9a4eb297265a4ed697391e22fb3b32,delivered,2017-05-31 18:00:15,2017-05-31 18:10:12,2017-06-01 10:50:03,2017-06-06 10:13:50,2017-06-27 00:00:00
b1737a1ef657350ee5e90c4035ad2aeb,69d4bf26c29d3e86be7ab9126b9a7e4d,delivered,2018-07-25 22:53:40,2018-07-25 23:05:18,2018-07-27 08:55:00,2018-08-02 17:51:39,2018-08-30 00:00:00
765077a5aa4353d785afcdccc40cbfd9,ab1a448195bfd64f02c4114a20292032,delivered,2018-05-04 14:46:10,2018-05-04 15:10:04,2018-05-08 15:13:00,2018-05-14 16:43:44,2018-05-23 00:00:00
9d53272cfdce55bd62a920f66ad66e47,ade97eafe40137331349c0826bdaec00,delivered,2018-07-04 14:47:16,2018-07-05 16:32:52,2018-07-05 12:23:00,2018-07-09 23:07:19,2018-08-01 00:00:00
1bacdc28aad23d1396a3fd39fdaa6c4f,967afc6202a8b72db982bbd579fda7a7,delivered,2017-02-03 17:20:12,2017-02-03 17:30:16,2017-02-06 11:51:55,2017-02-09 09:51:35,2017-03-15 00:00:00
10e9f4b926adf55cefc13979e6b1d62b,cf96b5af1c0b18a84eb35a144c85f142,delivered,2017-02-11 16:42:22,2017-02-11 16:55:12,2017-02-13 09:59:57,2017-02-17 09:15:50,2017-03-16 00:00:00
a201df9049369ecb87e5c87029a23e1f,1c91bcd4142213a9d1926d24ed87c255,delivered,2017-11-24 19:09:02,2017-11-24 22:53:04,2017-11-27 21:49:05,2017-12-19 22:44:54,2017-12-21 00:00:00
f1e26a3e572b95d4a002309cc2ae18d7,2818329e7e6a36bf743c1ff39728cce7,delivered,2018-01-31 21:21:14,2018-01-31 21:35:28,2018-02-02 18:46:52,2018-02-21 20:43:11,2018-03-01 00:00:00
923d48cd8689f993193b111a78125607,6caa2fa96f87d55a2a2d987df5410a78,delivered,2018-02-16 15:00:11,2018-02-16 15:40:22,2018-02-22 15:39:04,2018-03-01 16:08:55,2018-03-14 00:00:00
6da21e87575fbed74117b812e9c31923,17283402d5531dc5425584148e479e22,delivered,2017-12-03 22:52:28,2017-12-05 04:13:48,2017-12-11 17:19:06,2017-12-29 21:18:42,2018-01-04 00:00:00
de398ddd3c112d03a83aacdb609def35,8541c88bbd489fe5593ab37fcca9f6bf,delivered,2017-08-16 20:52:44,2017-08-16 22:35:31,2017-08-17 18:20:10,2017-08-28 21:49:58,2017-09-08 00:00:00
dda0996054bec18cafa1ede0d62dd3cb,fee8071ecc5ad2f5b2831c4fbd9b3cdd,delivered,2018-08-03 18:54:39,2018-08-04 04:24:17,2018-08-06 13:49:00,2018-08-10 15:44:27,2018-09-11 00:00:00
c0902caa9df6e499f3aa6d5acb55f6c5,1b4c056dff354094ffee2ecf97ae4d46,delivered,2018-07-16 14:23:51,2018-07-16 14:40:11,2018-07-17 13:29:00,2018-08-13 13:21:55,2018-08-06 00:00:00
19eb6d9e0eec2ce9755aa5c2a0969eb2,d833ba377565bc8eb41c9d09e6068bdb,delivered,2018-07-27 10:09:56,2018-07-27 10:44:14,2018-07-30 11:31:00,2018-08-07 18:41:13,2018-08-21 00:00:00
5d1aca6ae03324b5398c241b3b402be7,b36aecddfe5ccb0971ba9de40729416e,delivered,2018-06-11 13:34:54,2018-06-11 14:02:11,2018-06-12 15:05:00,2018-06-13 19:59:46,2018-06-20 00:00:00
15209a5ea170d24d393e34f8bd52dbaf,c9211a09e264776a9be83b307ec11464,delivered,2018-06-07 16:12:03,2018-06-07 16:41:21,2018-06-12 15:11:00,2018-06-14 19:34:43,2018-06-25 00:00:00
a1ac1b3f6c83ff04fe882ec7f8bf8a1f,62f6fda250fc0df6e11095f86f4316bc,delivered,2017-03-31 13:32:04,2017-03-31 13:42:18,2017-04-04 08:32:13,2017-04-10 13:40:00,2017-04-20 00:00:00
31398ae05a544e53c4d51d3866f416c2,a8dba309b5d223816d3baa504542c819,delivered,2018-03-20 11:38:41,2018-03-20 11:55:28,2018-03-20 23:07:36,2018-04-04 21:24:40,2018-04-10 00:00:00
9ef93df3442de1d9dd3a6b71322c1c3e,acb2bc172e66ed2aef88e4663e734e39,delivered,2018-03-11 10:15:14,2018-03-11 11:00:25,2018-03-12 23:12:10,2018-04-18 12:23:39,2018-04-10 00:00:00
e0122dcea3d741a8fd7ab4cd7f770a63,f9f8a5b57c9a363b0251b3784c795423,delivered,2018-02-10 13:35:25,2018-02-15 03:56:22,2018-02-16 10:18:59,2018-03-01 16:11:48,2018-03-19 00:00:00
a00c2705f34c2a1714b0f36b80ba8fe1,e22b62ce9c894895e17576fc4c701103,delivered,2018-02-19 13:47:17,2018-02-19 14:07:31,2018-02-21 00:12:56,2018-03-05 18:12:26,2018-03-09 00:00:00
897f5080530ad6a04d3aedf0756706dd,91e455beff1f9658ba509cb45983fc19,delivered,2017-06-04 23:49:13,2017-06-05 01:05:12,2017-06-08 14:19:18,2017-06-19 13:55:57,2017-06-28 00:00:00
99daacedd8423e3b5169338429be0110,29cd5d64c1d683f8d652670417b62b8a,delivered,2018-05-29 19:12:11,2018-05-29 19:32:22,2018-05-30 07:56:00,2018-06-01 22:21:31,2018-06-29 00:00:00
1f7909465078f50556e6885d980da7fa,36da7d91971708e84091a9880562fbd0,delivered,2018-04-12 15:43:10,2018-04-13 02:32:07,2018-04-13 22:12:04,2018-04-17 19:39:51,2018-05-02 00:00:00
00fed9e582d5a3e38566872eec164ac6,8eafffbc006c6986450ed2a5e6f519c5,delivered,2017-09-26 14:49:01,2017-09-26 17:07:16,2017-10-04 08:33:14,2017-10-09 15:15:38,2017-10-24 00:00:00
200331f78002771b79409a9cf7962dfa,acca74d2a60c03b46a5256c02cef9244,delivered,2017-08-22 12:49:28,2017-08-22 13:07:26,2017-08-31 13:55:04,2017-09-05 18:40:50,2017-09-18 00:00:00
d2c1f29355ffc2e07756f267aa965c28,5d5bc8b660d3dabde0c61511bd38b93a,delivered,2018-08-07 12:27:58,2018-08-08 03:25:15,2018-08-17 13:59:00,2018-08-23 18:22:49,2018-08-27 00:00:00
66b7aa4a53c5c138ffe0aa7ac74dbea1,defdee1ccbcae0df479d0152602383a4,canceled,2017-10-26 21:33:43,2017-10-26 21:46:43,,,2017-11-14 00:00:00
d1ce1812e480013ad383372f2326fbb3,c9c174ab040e0d410c0c32e94582ef5d,delivered,2017-11-16 21:34:10,2017-11-18 02:29:13,2017-11-21 18:38:47,2017-11-23 18:47:42,2017-12-05 00:00:00
fa28b32a0c26a05aed07e5fec4c54b3a,6f7ed8a8514d8791f26e4b919cd28d4d,delivered,2018-08-01 10:27:42,2018-08-01 11:04:19,2018-08-02 11:54:00,2018-08-06 21:28:34,2018-08-10 00:00:00
04031f8b12339dcc12fa340fe96f00a6,dc61daf0c8964ce718ba769ac2755caa,delivered,2018-06-14 11:12:15,2018-06-14 11:42:36,2018-06-15 13:57:00,2018-06-23 17:34:44,2018-07-04 00:00:00
2d1442daed29bb41ee9c31649d1b76ac,b5a7f6291839bbd290df4731d46146b1,delivered,2018-07-16 22:03:18,2018-07-16 22:15:21,2018-07-20 14:26:00,2018-07-25 19:15:31,2018-08-01 00:00:00
2846eb8607ac61c072c49f8c3d928691,0a312ef8311e4d1c2a9855f3b192878d,delivered,2018-07-17 13:40:35,2018-07-18 02:41:46,2018-07-18 15:06:00,2018-07-30 13:48:30,2018-08-14 00:00:00
e6249cf2ec8f9ed63814e33eef1536bd,2437896c0fd2db6eab2c59f5e47be2ee,delivered,2018-05-17 16:37:14,2018-05-18 00:37:54,2018-05-18 13:05:00,2018-06-01 18:58:30,2018-06-18 00:00:00
d40dbedba7f8e8c83567c4096c8ab8c1,1212da3795e784371c8305d0e0dae7f8,delivered,2018-04-03 11:34:06,2018-04-03 11:49:04,2018-04-05 00:21:45,2018-04-11 00:47:42,2018-04-26 00:00:00
42a182a5a785313dbb216c2d68c8c50b,5df146d8b2e237a0282c5cc2f495c5a4,delivered,2017-11-12 21:23:39,2017-11-14 04:31:04,2017-11-17 16:47:00,2017-11-27 20:12:51,2017-12-11 00:00:00
0cee13b4c26d8a1508693a49a3859285,ebe05f984c0130e49c774ce2c9688835,delivered,2018-05-22 05:26:37,2018-05-22 17:14:49,2018-05-23 11:38:00,2018-06-06 13:26:33,2018-06-07 00:00:00
5b3a129d267d949715aa05716b21cc81,e5e1d1173b32986df5c489e8f192b6c2,delivered,2017-11-24 03:08:47,2017-11-24 03:30:19,2017-11-29 23:45:02,2017-12-07 20:59:50,2017-12-18 00:00:00
fb8704a67f800f55f7ae2d4e85e2782b,e39a1b2ef7580c7d050e6e2d941b1ceb,delivered,2017-08-21 14:19:29,2017-08-21 14:30:20,2017-08-22 18:24:11,2017-08-29 17:09:36,2017-09-13 00:00:00
8698d57db8a2ba613af09a41102498a0,d92de8b66a60b56ab289d8418f45946e,delivered,2018-04-10 12:35:41,2018-04-10 12:50:12,2018-04-11 14:34:47,2018-04-13 15:08:37,2018-05-03 00:00:00
feefeb75fc11328c8bd36a9e6a691cad,b7fcefc029ee36a5d424ce99e18647d9,delivered,2018-03-21 17:17:47,2018-03-21 18:09:29,2018-03-23 02:18:43,2018-04-02 17:16:54,2018-04-23 00:00:00
f8e766dd8b4fe03b6f897a862ce9240a,aa191250e4b72685f247d1f2ce7988ba,delivered,2018-05-02 17:34:45,2018-05-02 18:18:44,2018-05-08 15:03:00,2018-05-14 20:42:14,2018-05-29 00:00:00
8acc03c83b14de718a6f275727b3001d,cc0dc6660942e0b9ba94d4ef6e6a18ff,delivered,2017-05-17 18:29:03,2017-05-17 18:42:20,2017-05-24 11:17:48,2017-05-29 13:53:44,2017-06-08 00:00:00
485f9c30887ed3b1fb49d2f123ac3b08,a11e1fd66f38ab316781473a2fc2474c,delivered,2017-07-17 17:49:16,2017-07-17 18:23:21,2017-07-20 20:23:31,2017-07-21 17:03:45,2017-08-01 00:00:00
67ef29c9ba12b789eb12ac5ee9743826,f32407d844ff78bc0f0041b5fd29c1d6,delivered,2018-05-10 00:40:38,2018-05-11 00:58:33,2018-05-11 12:49:00,2018-05-14 19:31:36,2018-05-18 00:00:00
bb475ac6012993a0cca1bad5f52ee163,4f5fb5d2d93fc4cc7e43c29db4c0589b,delivered,2017-08-24 16:24:09,2017-08-25 02:50:12,2017-08-25 20:08:01,2017-09-05 17:36:35,2017-09-20 00:00:00
03330e2f4e93c51662a7c77d92a4e0fd,cc6a4635d81132a30bd989836fe9ff82,delivered,2017-09-17 10:15:49,2017-09-17 10:30:09,2017-09-19 16:46:56,2017-09-28 17:53:55,2017-10-10 00:00:00
0f884853f408247bc673050f33f2c5e5,652401990964326fac92dbdf8ebd673a,delivered,2017-08-11 14:40:12,2017-08-11 14:55:14,2017-08-14 19:53:40,2017-08-21 20:36:23,2017-09-04 00:00:00
974fd219891927f0d01b357f4400a622,a1938d6eb0dc6c5fdf04e33f6e7c74f8,delivered,2018-03-15 18:22:41,2018-03-15 18:35:34,2018-03-16 19:06:01,2018-04-14 09:34:45,2018-04-09 00:00:00
6dd1e9171ca5bf5283a7ba404d491d7f,e62e830af196c5e53f3d4f39677ddb04,delivered,2018-03-14 14:01:13,2018-03-14 14:40:20,2018-03-16 18:24:29,2018-03-21 18:27:36,2018-03-26 00:00:00
81a7125e95ebd20c40de58599400fa57,e72d423805669242172f8aa4355838ed,delivered,2017-03-11 17:00:35,2017-03-11 17:00:35,2017-03-15 11:29:52,2017-03-21 05:13:51,2017-03-30 00:00:00
7e0887f9493193dc6b5b76f352088c90,64070c5f2b01790e6eb66086e9cc852a,delivered,2017-12-28 21:35:44,2017-12-28 21:47:45,2017-12-29 22:38:51,2018-01-03 12:05:14,2018-01-17 00:00:00
a95678d13aa1133eda68827e63e5f769,1b49d294f87dff4d42dbe0a33b640e05,delivered,2018-04-29 23:56:01,2018-04-30 00:25:25,2018-05-08 15:07:00,2018-06-14 21:28:41,2018-06-01 00:00:00
29366ce497e0e082bda891ae3513f2ee,e815a1228ed484c069943e1fbcb2ec60,delivered,2018-08-16 21:55:21,2018-08-16 22:10:16,2018-08-17 12:22:00,2018-08-20 19:40:40,2018-08-23 00:00:00
ecbda892f221f0914a655563629cf183,10ab967a88ce7fb40204d2e291a101ad,delivered,2018-06-07 13:40:15,2018-06-07 13:57:36,2018-06-11 13:37:00,2018-06-13 17:51:38,2018-07-16 00:00:00
416f576fa91c3f4b9ea65b01c99928af,10806c478c2feed9f7e1638f26ac5de0,delivered,2018-02-05 13:50:59,2018-02-05 14:10:43,2018-02-14 22:36:29,2018-02-19 23:35:18,2018-03-02 00:00:00
60a492c2bbc08611ea853991c8cc8515,2a38d8241b0de1514aca7ac8f8114249,delivered,2018-01-17 20:07:34,2018-01-17 20:16:22,2018-01-18 23:52:45,2018-02-01 14:58:56,2018-03-02 00:00:00
ef0db33f981ff522a3a3ad0212e9148e,2a724c261acbe630a47763c5af9e119c,delivered,2017-04-23 17:25:09,2017-04-23 17:35:16,2017-04-24 14:55:45,2017-05-02 16:32:53,2017-05-15 00:00:00
4b90912a086907b087947c385e8d13b1,aa9ca3127430c2e14db047a199e3d591,canceled,2018-08-01 16:39:52,2018-08-03 02:45:36,,,2018-08-06 00:00:00
3d3047f50d4d6bee7d15f08de007146a,f4a6186958b0d272ad9a39b847891a87,delivered,2018-01-17 15:35:48,2018-01-17 15:48:36,2018-01-19 21:26:05,2018-01-26 14:18:27,2018-02-07 00:00:00
697705c05da5ef945de721dd31bf23c6,635104f101d5c2725e94b44eeb8b0327,canceled,2017-02-03 11:31:48,2017-02-03 11:45:09,,,2017-03-28 00:00:00
ef28bc8d9d1354d38bf6c60248bae866,54f1fc5436af44e9d4ba8a542f63ed52,delivered,2018-07-22 11:46:23,2018-07-23 11:32:09,2018-07-24 14:24:00,2018-07-25 21:12:21,2018-07-31 00:00:00
e995849d624de031646bce4313b6d2fd,ef7a6126dda7c82112244fd450181372,delivered,2018-06-11 21:29:44,2018-06-11 21:59:40,2018-06-12 15:16:00,2018-06-20 19:32:07,2018-07-18 00:00:00
b0fc04e9a0f041eda1412e119b4046b4,2e44d5cc3d54587575b3b5143b284cf9,delivered,2018-07-27 15:55:26,2018-07-31 04:31:56,2018-07-31 11:17:00,2018-08-07 18:33:01,2018-08-27 00:00:00
d3338a2d613211c38ed44d8e63bce9a6,889caa9673bf7234670693f70a8adb5a,delivered,2017-11-27 20:02:37,2017-11-29 02:17:30,2017-11-29 21:13:19,2017-12-04 14:46:41,2017-12-19 00:00:00
4a3c2e7b734aa3f1d81ab508964e0824,22f9ada7e24f7c3120649acbf2dfa44a,delivered,2018-03-02 18:19:29,2018-03-03 18:15:32,2018-03-07 19:31:37,2018-03-13 19:11:33,2018-03-28 00:00:00
256d312e964585fcdb955a8e8edb7081,22dd57dda1a7124a255bec1538c5668e,delivered,2018-03-24 10:29:26,2018-03-24 11:48:17,2018-03-26 22:16:50,2018-03-28 00:12:22,2018-04-06 00:00:00
716d6448e8cba0c1f833ff326041c66b,87ee52278f49510a6573beedd409e43c,delivered,2018-03-21 13:30:12,2018-03-21 13:48:02,2018-03-22 19:38:43,2018-04-10 13:29:53,2018-04-17 00:00:00
317c1b8ef01e3a3f2cf00c255bf96d5a,5333af7c373a807c80c7c4b10add41b1,delivered,2018-06-10 10:38:57,2018-06-12 05:16:28,2018-06-12 08:16:00,2018-06-18 12:49:46,2018-07-04 00:00:00
e854923cb2654b1949879cbf0d84c8f5,906e9dacc899d7bedf34e9e357eb029d,delivered,2018-05-01 11:07:23,2018-05-03 04:32:46,2018-05-03 12:23:00,2018-05-08 20:47:29,2018-05-29 00:00:00
b41cc5a0872a7fd886b2cb2e300dbe7a,0e7dc1a303c6c24a96103b216d443185,delivered,2018-07-16 10:53:45,2018-07-17 04:31:56,2018-07-23 14:28:00,2018-07-24 14:21:35,2018-07-26 00:00:00
48f9d17c83c033294536fa2933ca9324,c1e0bc20c20c0d70de759b3926524e38,delivered,2017-11-29 16:23:20,2017-11-29 17:24:50,2017-11-30 17:12:52,2017-12-12 21:33:19,2017-12-19 00:00:00
4c44a8ec249fe349a7e4edb44665bdd4,cc8584e8f2f63e26a6fb913173ae9425,delivered,2018-01-15 13:54:27,2018-01-16 13:57:43,2018-01-16 23:09:52,2018-01-23 00:17:49,2018-02-09 00:00:00
10988ba9421ea800479bf84c9e8ae1a0,bb11a0402a21bc1623466d259f60e763,delivered,2017-12-17 11:32:45,2017-12-17 11:54:25,2017-12-18 20:26:26,2017-12-21 21:09:08,2018-01-05 00:00:00
c0671cda25f7253fc814a9d6c9171583,6afa300ba4092c15e92ee6a1d6732310,delivered,2018-08-18 20:29:53,2018-08-18 20:49:46,2018-08-20 16:19:00,2018-08-24 23:03:11,2018-09-12 00:00:00
a885bfb7eeb7cadbafdbe6d2d40e2b29,ecd00d64f343a325711e5a5b1f189fa8,delivered,2018-02-27 22:01:08,2018-02-27 22:10:33,2018-02-28 20:37:59,2018-03-13 17:51:50,2018-03-22 00:00:00
d2a113300be1ad556e4d030e6b83a0e0,920cff83215b879c9ace7a9f450c5238,delivered,2017-12-23 14:04:47,2017-12-23 14:13:23,2017-12-28 16:19:15,2018-01-19 19:07:06,2018-02-09 00:00:00
3afe0a2538a748619bef413a2699533c,2b41897755f70536c8cb5d7b6123fbeb,delivered,2017-09-10 21:26:55,2017-09-11 21:35:22,2017-09-14 21:37:48,2017-09-25 20:12:29,2017-10-04 00:00:00
b7e0d9af89064d2bbc6b52c5dc4f6346,a701b36a1c16c14825fe0910734a9b31,delivered,2017-11-25 11:19:26,2017-11-27 19:58:21,2017-12-08 15:59:56,2017-12-10 18:57:02,2017-12-12 00:00:00
0c162a9eb881c1a8a2e5bcec41cd2cfd,0a431c57145b34aa4645a7c3b85bb149,delivered,2018-06-16 20:52:46,2018-06-16 21:16:50,2018-06-19 09:59:00,2018-06-25 22:26:48,2018-07-31 00:00:00
237ccef2c5ca5a50e534a668cbfa9bb5,b0a4a3a6fd78feba9c40a924067fcf25,delivered,2018-03-16 16:16:33,2018-03-16 16:30:44,2018-03-20 22:11:51,2018-04-11 02:51:18,2018-04-18 00:00:00
58b8116d6f22fbd86cdf016608ae5641,b18d7d5d2afb593e538fd52b74c3eba4,delivered,2017-06-08 09:01:10,2017-06-10 02:50:12,2017-06-22 14:40:33,2017-07-06 16:47:51,2017-07-07 00:00:00
a9748189a6d0793f59bc792194cf6e16,c3d92a27cd6ea267a7b86042bbcc9681,delivered,2018-03-22 14:48:14,2018-03-22 18:47:34,2018-04-03 20:13:13,2018-04-10 13:51:47,2018-04-23 00:00:00
24256430147a570d85ee2c83015eb905,46ff11393d08824c31df061cb7c785cf,delivered,2017-12-30 12:16:38,2017-12-31 12:11:27,2018-01-05 17:10:15,2018-01-25 18:05:40,2018-02-06 00:00:00
f6b99780deb1f264dee5f8b809a3a34f,adb5acf675d7aa2740ab319260930714,delivered,2018-05-30 23:55:46,2018-05-31 00:16:20,2018-06-05 19:03:00,2018-06-06 14:15:54,2018-06-26 00:00:00
c844ef91766997bb8837db54617f605c,c60e3aaf686d1977964fb0f7120b21e0,delivered,2018-03-19 10:39:22,2018-03-21 02:56:08,2018-03-23 01:58:38,2018-03-27 15:07:44,2018-04-10 00:00:00
cc2ffb3f5021c120c807461757f214fd,5bbaf8d6878b9390faf46766c2efbdfd,delivered,2018-06-19 10:48:43,2018-06-19 10:56:10,2018-06-25 18:12:00,2018-07-03 00:36:38,2018-07-17 00:00:00
d17028f98cba67bc45687d1ca54cae08,1e23fba784387afc6669c56204668830,delivered,2018-02-01 10:08:06,2018-02-01 10:31:36,2018-02-02 19:27:04,2018-02-14 19:47:45,2018-03-02 00:00:00
b86c548c0f0a5812048bcae563b28443,d26f8a26188ffeddf91658e6e911fb24,delivered,2018-06-12 12:08:12,2018-06-12 12:43:59,2018-06-13 14:58:00,2018-06-14 20:23:31,2018-06-21 00:00:00
ce457974a91b6bddfebdf60b46c71b45,e52568b154e5cdfbfa1f8cf33736dd56,delivered,2017-03-21 21:23:44,2017-03-21 21:23:44,2017-03-24 13:20:00,2017-03-28 17:52:27,2017-04-10 00:00:00
1962f977f7b7b5eb73a3c2c39bbc93b5,a154f40a53dbfc81340f0834f035e89e,delivered,2017-01-26 16:28:04,2017-01-27 10:41:55,2017-01-27 16:30:24,2017-01-31 07:05:00,2017-03-02 00:00:00
7729bd24067381622a58a0231d77fe2d,4c821ba0470f6b6f5e0bc7f230f8d143,delivered,2017-03-28 11:26:02,2017-03-28 11:35:23,2017-03-28 13:22:17,2017-04-04 15:27:54,2017-04-19 00:00:00
497e5e92e62cf84d974cd4345971f57a,7ca37e6a93a56f66b7752682d60ba176,delivered,2017-06-16 13:45:02,2017-06-20 10:50:29,2017-06-20 14:07:30,2017-07-11 21:06:38,2017-07-20 00:00:00
2fd13e188541306cd666e921f2f4dd4e,8fc482a4ca67de29baf10e76de6f1b4e,delivered,2017-08-08 16:13:36,2017-08-09 16:23:43,2017-08-11 15:57:36,2017-08-18 22:03:55,2017-09-08 00:00:00
cc7a01248e3779979631ce8dea5c8292,bafc01a86a63039112af25baf2791982,delivered,2018-02-26 09:47:27,2018-02-27 04:30:58,2018-03-03 15:24:32,2018-04-17 16:03:23,2018-03-20 00:00:00
e0e3cde1bd7f993b460771481843727f,c30def9299a42a45fc635a77f7aa8d10,delivered,2018-04-15 13:42:02,2018-04-15 13:55:19,2018-04-16 18:46:35,2018-04-24 18:32:48,2018-05-09 00:00:00
107c13bd61028594c5dd87a1acf92f45,b0a0e63ecef4a8b34f52679ca8f9f64d,delivered,2018-08-03 02:06:57,2018-08-03 02:23:54,2018-08-09 14:45:00,2018-08-18 14:36:26,2018-08-23 00:00:00
b399bf8460a4972b832cc6916c415454,9c155d8731e0b25e5e6e46908796ee52,delivered,2017-12-09 12:08:24,2017-12-09 13:11:44,2017-12-12 15:17:15,2017-12-26 22:09:18,2018-01-12 00:00:00
8515799bbeff7b1ede702dfeef295abe,871f061b7cf76e14d610d2b1408f925e,delivered,2018-02-25 14:16:29,2018-02-25 14:47:36,2018-03-01 20:12:10,2018-03-13 23:56:26,2018-03-20 00:00:00
fe99f8be754e8a75c4201c7156bd99ee,829bef4f2034240ba8baa923960704f5,delivered,2017-06-02 14:32:06,2017-06-02 14:43:00,2017-06-02 15:17:29,2017-06-09 17:22:45,2017-07-07 00:00:00
b808172914c4ad1d4c3b7917097b33ea,ba31215f5bab89b26ac8a363565af45e,delivered,2017-12-15 17:47:00,2017-12-19 09:34:33,2017-12-20 20:43:14,2017-12-27 20:16:35,2018-01-22 00:00:00
2779755b606fbe6d1b4b843771756dfe,74dfb907a60cfa132eb67a88446eea41,delivered,2017-06-23 11:56:55,2017-06-23 12:05:38,2017-06-27 14:51:56,2017-06-28 10:21:45,2017-07-06 00:00:00
7bafef951403e7a27d9f262007842004,9d72a071f26e369dfc41e8805ceb3c2f,delivered,2018-04-18 11:48:34,2018-04-18 12:10:23,2018-04-19 18:56:50,2018-04-27 18:14:46,2018-05-15 00:00:00
8d63ca46a0e069de89f99f9957fbe517,e47985eaac8e59b10c9fee59fa57ae92,delivered,2017-07-17 22:04:38,2017-07-17 22:15:22,2017-07-18 12:17:54,2017-07-24 17:52:51,2017-08-08 00:00:00
8809eb241de20bada1a2eedfa3c47504,b4d65a5315229c8b228ed56e5eaf3af6,delivered,2017-10-17 14:36:26,2017-10-17 14:49:38,2017-10-18 21:04:26,2017-10-27 19:28:50,2017-11-13 00:00:00
00fe20fc069833ab95021b46d6862646,ddb83a5b3161520fcd64863c1a266ec4,delivered,2018-04-25 21:35:14,2018-04-25 21:51:22,2018-04-26 14:43:00,2018-04-27 18:04:46,2018-05-28 00:00:00
59153dae34968fe90642c6a919d61c09,4b39f228d411b11780571eee7621b6f4,delivered,2018-04-22 10:21:29,2018-04-24 17:44:10,2018-04-24 20:11:02,2018-05-30 19:16:37,2018-05-15 00:00:00
a97db97f3de8482639f040b8e6a81be3,e07998356beee5173909c8a6df66b48b,delivered,2018-03-01 02:46:15,2018-03-01 02:55:29,2018-03-15 01:58:41,2018-03-27 19:27:43,2018-03-19 00:00:00
b9bb7dc5b3014d158c4d61d500c97a18,b34c248b00a925d02d3d4a1c5877e482,delivered,2018-06-20 23:03:42,2018-06-21 01:17:15,2018-06-21 13:25:00,2018-06-22 15:06:30,2018-07-03 00:00:00
5a94fd90d3f89448e9e870e7cec75c52,772c0cc8054e2559cd15a12f7e4116bb,delivered,2017-08-07 20:34:03,2017-08-07 21:30:17,2017-08-08 18:09:44,2017-08-10 19:07:12,2017-09-01 00:00:00
e5461a7d20e6f38be093afea98b3af5c,150ee9a5d40c5a45658e245b3e05bf65,delivered,2018-06-30 19:54:29,2018-06-30 20:10:12,2018-07-03 15:44:00,2018-07-04 20:41:52,2018-07-19 00:00:00
c79bdf061e22288609201ec60deb42fb,fe4176df564772c058286208c0daa2a8,processing,2017-05-01 18:58:54,2017-05-01 19:05:20,,,2017-06-06 00:00:00
89feba7ceb08111c23997213c7533474,5d43a0a7bc4fc42a39f0d83b643a76b6,delivered,2018-01-22 08:51:39,2018-01-22 14:13:16,2018-01-22 22:18:33,2018-01-24 16:44:58,2018-02-19 00:00:00
f776c57636792f1caf6b4611aa890464,4dd59a7d17b585dd01c57a0898e7ac37,delivered,2017-03-19 12:39:59,2017-03-19 12:39:59,2017-03-22 12:57:45,2017-03-28 13:52:37,2017-04-06 00:00:00
f265f016642c24f79e490f7d201b7e36,714a0994b31a6d165fadcc089827fdbf,delivered,2018-07-19 09:36:18,2018-07-21 03:25:13,2018-07-21 08:56:00,2018-08-01 19:19:03,2018-08-02 00:00:00
34cf44f59601c4ff2198022ce3dd8bf2,714ec4fb218c4a92ff8b5ae8f89395fc,delivered,2018-02-08 13:23:41,2018-02-09 10:11:24,2018-02-09 20:38:56,2018-03-07 18:38:42,2018-03-14 00:00:00
328992b5e36f5977542f8aa16b0ed161,40d7aa838f40cb4af3266f21abd232b0,delivered,2018-06-01 16:39:49,2018-06-01 16:51:20,2018-06-06 13:21:00,2018-06-14 16:38:25,2018-07-16 00:00:00
830f207231f6336678cc44594aa941d1,8cf9ef26c14f33abb31bc42e6446ab12,delivered,2017-02-08 12:05:04,2017-02-08 12:31:36,2017-02-09 11:52:14,2017-02-17 12:51:54,2017-03-13 00:00:00
a6859146a0ab98919db0eb3f48940ab8,ceb895511e0b3071a9dae1c936e9f218,delivered,2018-05-15 19:35:01,2018-05-15 19:53:13,2018-05-17 08:25:00,2018-05-21 15:08:45,2018-05-30 00:00:00
9476b4b16d22b40903f24895e4038590,e291006078a197e3e671f521e7a2da9b,delivered,2018-08-06 23:54:10,2018-08-07 00:05:33,2018-08-08 11:30:00,2018-08-13 21:16:34,2018-08-24 00:00:00
437f9569f80867dcf497500e087d8851,1a8e3bea3bf138835edea5f557354df3,delivered,2018-05-11 18:35:29,2018-05-11 19:01:21,2018-05-15 14:34:00,2018-05-21 13:36:46,2018-05-24 00:00:00
f5d449b4250520f5f0ff34a6e557f510,60d46256c7eb83cdabcddb33162392d3,delivered,2018-05-01 13:36:34,2018-05-01 13:50:32,2018-05-02 15:20:00,2018-05-21 18:22:10,2018-06-04 00:00:00
675796182079d67e4aa305e1e98e9eda,4d6fbcefdd7b6cdb4e2b7d45176fa670,delivered,2017-11-22 13:20:44,2017-11-22 13:29:01,2017-11-23 18:03:09,2017-12-01 00:42:10,2017-12-11 00:00:00
62bd1bdb09eaee292d99c84bb06ad4af,b8122cc4df7b9f954befa38e17b1f103,delivered,2018-06-12 15:58:39,2018-06-12 16:32:39,2018-06-14 12:03:00,2018-06-22 07:47:45,2018-06-21 00:00:00
9025b1ef6fa4866273bb59262b6ac2a7,fd1cbf66b9bd7955cc46ea70fcef8eb3,delivered,2018-02-16 10:02:31,2018-02-16 10:31:07,2018-02-21 20:58:46,2018-02-27 20:26:43,2018-03-09 00:00:00
8af6e63a87680604c9bb2098f866505b,e1acd257a377d00f70710a438c472cb5,delivered,2018-08-12 15:36:52,2018-08-14 04:55:25,2018-08-16 12:26:00,2018-08-20 18:04:28,2018-09-05 00:00:00
00a690becda145533fa5a54daa7b6ad5,2826dbfaa1d90ea2b97c93c35fc4cd92,delivered,2018-04-08 21:55:50,2018-04-08 22:09:40,2018-04-09 22:28:54,2018-04-24 12:57:05,2018-05-08 00:00:00
448153a49cab173332476ab64bc6f815,7fc236b7ae04cda8b15ed7d22e40b790,delivered,2018-05-09 19:09:53,2018-05-09 19:34:15,2018-05-17 13:52:00,2018-06-21 19:15:23,2018-06-04 00:00:00
892d14cfe4157476879d57275df6615f,8ec8f7e04ca4ce33fcf8fddd94bda3e0,delivered,2017-10-17 22:36:32,2017-10-17 22:49:54,2017-10-19 23:18:38,2017-11-09 21:49:40,2017-11-16 00:00:00
538e2ceda8430c002071a7f8f4bdae31,3f5b7fa73e86b9429183fcf404460935,delivered,2017-11-24 11:33:08,2017-11-24 13:32:53,2017-12-01 20:08:52,2017-12-07 15:48:29,2017-12-19 00:00:00
222c6bc1698aec767223c052bf66327d,f78f9e3b2e5a3060c957bf427cf94485,delivered,2017-05-22 21:53:14,2017-05-22 22:03:01,2017-05-23 14:27:19,2017-05-24 14:43:09,2017-06-02 00:00:00
2446d3b0814e1baa4253e67f59f9c509,32cec5605991647cfc79741f0aad7279,delivered,2018-02-05 21:05:31,2018-02-05 21:15:30,2018-02-06 22:48:34,2018-02-26 21:05:18,2018-03-02 00:00:00
f19d5645511d4cfda32b81bf9a99d98d,98f5db9fd1135993364b831199cccf69,delivered,2017-12-15 21:34:45,2017-12-17 22:33:01,2017-12-19 23:36:36,2017-12-28 16:44:14,2018-01-15 00:00:00
f76a4a871a67dc644379c09dc683c967,c1b119e6aba121f22bbc8c84b41dd47a,delivered,2017-09-22 00:12:54,2017-09-22 00:30:14,2017-09-27 19:52:49,2017-10-13 21:52:21,2017-10-18 00:00:00
8118912182c883b35f48b81b7f65bbf1,910698aa47722627838e6927a4ad45dc,delivered,2018-03-15 16:04:59,2018-03-17 02:40:30,2018-03-20 23:38:48,2018-03-24 13:26:22,2018-04-06 00:00:00
8057c793245dec5326e574b4c692e82b,0068b31b2dd799c334e7b6283333f84a,delivered,2017-12-22 18:18:06,2017-12-22 18:29:35,2017-12-27 20:32:16,2018-01-19 19:35:06,2018-01-22 00:00:00
abc61b624c9611e850c2f84c17acc0c3,f91986733d4a59b9fa58b33468548c70,delivered,2018-03-14 22:09:41,2018-03-14 22:29:48,2018-03-15 18:58:50,2018-04-03 13:58:23,2018-04-02 00:00:00
811acfa349a56222b8ca357b548123bb,213b3c211d63fb0852d95fc3b7a0a243,delivered,2017-11-24 21:33:21,2017-11-25 01:31:45,2017-11-29 19:33:24,2017-12-07 02:29:05,2017-12-18 00:00:00
e289e03a994a1caeb6035f1a6a7c3627,7fe8ad3da0eed925b63b9e35391c6770,delivered,2018-07-13 09:09:53,2018-07-13 09:26:16,2018-07-13 14:07:00,2018-07-25 18:18:41,2018-08-02 00:00:00
87f5459154d93c683a3c80852ca35dc7,470130101d8d9784d2a135c0f3b56b65,delivered,2017-11-28 15:57:03,2017-11-30 02:20:05,2017-12-06 16:52:21,2017-12-13 16:36:58,2017-12-26 00:00:00
3a9ddae8c6c9ec787ccf981dbbf34499,5b80475c957227ff5f0a5f256e9b0274,delivered,2018-03-29 10:06:59,2018-03-29 10:27:59,2018-04-05 12:08:42,2018-04-07 19:42:49,2018-04-11 00:00:00
e27d61d435972fe5632bbfcdee617adf,b829f33e3253c0c72d8079a19bc37a19,delivered,2018-02-28 21:37:09,2018-02-28 21:50:39,2018-03-01 19:41:52,2018-03-16 00:32:46,2018-03-13 00:00:00
cfa77ac0694c1a3fca0789c087b84411,83bca7f247f86f58f2361abf24b61726,delivered,2017-03-06 19:35:44,2017-03-06 19:50:20,2017-03-07 13:57:57,2017-03-13 11:18:09,2017-03-28 00:00:00
b3b2a51d0203c5d48964aeea04d9304f,ac9baec685205327bffcb02ff3164a98,delivered,2017-11-13 12:16:11,2017-11-14 03:55:24,2017-11-14 20:51:45,2017-11-24 18:41:25,2017-12-04 00:00:00
723e462ce1ee50e024887c0b403130f3,1353b6db7e448ecfad1a4cd13b95f832,delivered,2018-01-06 20:03:11,2018-01-06 20:17:25,2018-01-10 18:09:48,2018-01-22 23:18:57,2018-02-08 00:00:00
59b115dfb1007eca4cb7cd1a4cf2c790,c36218bce6a33d4814601c7744386d9e,delivered,2017-09-03 15:10:42,2017-09-03 15:23:49,2017-09-06 23:49:54,2017-09-12 22:15:44,2017-09-27 00:00:00
58d6b7ad12ad08c7c8031d623ea2219d,2202f25c6279be61c311a3af46157e32,delivered,2018-06-19 08:56:08,2018-06-19 09:18:25,2018-06-22 14:57:00,2018-06-28 13:03:56,2018-07-16 00:00:00
f0e01d6f2b6f8e6d1284230a837c26c1,5978229cd0ad3adfd6347768eceb13cb,delivered,2018-01-20 00:38:30,2018-01-20 01:07:36,2018-01-30 20:32:05,2018-02-16 19:29:13,2018-03-07 00:00:00
c6288a2ebaec7be15c86e33857a13533,b2989fe3a7b80cfcada834cba8c771e1,delivered,2018-04-05 19:05:13,2018-04-07 02:50:21,2018-04-10 21:19:14,2018-04-11 21:47:50,2018-04-20 00:00:00
9d525e537711d24dba959b750dd6fbbc,4bcfea5b436d2fce8a78497c515a56e4,delivered,2018-07-23 10:51:17,2018-07-23 13:24:29,2018-07-31 14:27:00,2018-08-07 18:33:02,2018-08-06 00:00:00
f4e3efa8e78dfe5fcf02d849dabe3869,01aed44f9b372a8b9a40201cf7c155a3,delivered,2018-07-31 17:46:53,2018-08-02 05:30:52,2018-08-02 10:20:00,2018-08-06 17:54:58,2018-08-09 00:00:00
39db680b351ff2d7cff66f66d73083d1,1f8a895c0b8586884d309779642266d4,delivered,2018-05-03 16:21:45,2018-05-03 16:35:29,2018-05-04 12:50:00,2018-05-14 20:37:25,2018-05-28 00:00:00
becc93b30e0f67e640b3a43ef08f396d,9fb1e1afbab6acc30878852fa9bb1f6f,delivered,2018-08-09 17:38:44,2018-08-09 17:55:18,2018-08-10 13:04:00,2018-08-21 17:27:33,2018-08-27 00:00:00
e4d61351ce186ccc134b684f991a3abd,d7a062140afd5082a93efc3115b6bb53,delivered,2017-11-30 13:52:30,2017-11-30 14:17:12,2017-12-05 01:16:37,2017-12-13 20:58:32,2018-01-03 00:00:00
7cb2307c0136a7780ba260708d733818,b557dd6908ccbfa7cf80582fa8c29421,delivered,2017-08-15 22:22:14,2017-08-16 00:45:12,2017-08-22 20:40:03,2017-08-28 16:58:51,2017-09-14 00:00:00
26a44b28ac942b09a771479c880882d9,5eb5db738b8f5ebe2a07fe4fd5af2b8c,delivered,2017-07-30 19:23:33,2017-07-30 19:35:18,2017-08-02 19:24:00,2017-08-09 17:37:26,2017-08-29 00:00:00
0605918e96aec0f42a10810d92b5e864,f97b261874e04437f1bf4586dbfa1f03,canceled,2017-02-22 10:45:45,2017-02-22 10:55:19,,,2017-03-23 00:00:00
261db23c1e364b89c28dc5605923c75d,e182e74f04b76814710d43aa2fe4c99b,delivered,2017-12-14 12:59:59,2017-12-14 13:12:13,2017-12-15 15:30:12,2017-12-19 19:14:36,2018-01-09 00:00:00
da4b750c427bc88754c6c019045f7536,3acc9474e20338145d7a9e31318152ea,delivered,2018-05-22 09:07:01,2018-05-23 01:18:05,2018-05-23 11:29:00,2018-06-06 20:58:28,2018-06-08 00:00:00
181728774174bd10684323a6cd0759b1,dd2fda0e298105194ad66353d757595b,delivered,2018-01-11 14:50:37,2018-01-12 12:31:30,2018-01-18 22:58:44,2018-01-26 14:12:36,2018-02-01 00:00:00
238652e39c5fdf89a8fd44776f532501,fc041ede47154c40f55455e20c1a1954,delivered,2018-07-25 09:15:28,2018-07-27 02:05:11,2018-07-27 13:49:00,2018-09-17 14:37:09,2018-08-10 00:00:00
92c3bd12618b0bd55aa74fb8b67f5a40,19a2ee3d69f67e18f7b27cb6ef3547c0,delivered,2017-09-04 11:54:33,2017-09-04 12:10:12,2017-09-12 13:14:06,2017-09-25 16:27:49,2017-10-04 00:00:00
ceff388a23c12ac5dce0b56dad25602a,cc991d49b1c85603387b0e1f16c57474,delivered,2018-02-19 14:02:29,2018-02-19 14:15:21,2018-02-23 17:29:05,2018-03-10 00:03:17,2018-03-19 00:00:00
420b8fd243de13ebf2c9096ce7a69750,689f272b532e7adc97c7b821db590437,delivered,2018-04-23 17:14:48,2018-04-24 18:15:24,2018-04-24 18:58:02,2018-04-27 20:53:37,2018-05-09 00:00:00
657092a7391a08ae27775a441765b3bc,4fbf0176a2c1388737959517e72c01fc,delivered,2018-06-09 10:48:27,2018-06-09 10:58:44,2018-06-11 14:19:00,2018-06-23 15:23:23,2018-07-16 00:00:00
f45fbe1612ac86ee79745d5cdd1ae56f,1778fcb0be86a03114cb65eb6dd45a71,delivered,2017-08-27 22:00:21,2017-08-29 04:44:39,2017-08-29 19:49:01,2017-08-30 19:44:48,2017-09-08 00:00:00
1206cebaf41495dd699545d37c1b3e64,950068271820c29cafe329a8ac678b9d,delivered,2018-07-05 10:13:48,2018-07-06 02:55:13,2018-07-06 09:25:00,2018-07-12 20:28:36,2018-07-24 00:00:00
a7ed41d2a370f87893bece4852f9404a,f980c1371e138aaeb734e4fecb343289,delivered,2018-03-09 15:21:39,2018-03-09 15:49:47,2018-03-13 00:06:38,2018-03-19 16:26:42,2018-04-03 00:00:00
d93de78534604415426f7206d1b8f641,0d6e79224f6c950f2fbf5642cec14cd7,delivered,2018-02-14 11:45:21,2018-02-14 11:55:30,2018-02-16 22:56:37,2018-02-28 20:11:31,2018-03-07 00:00:00
d81dff089ae648dacea746f77643f86e,5e6c17c1aac5a1acf6e38746eeebc11d,delivered,2017-01-24 22:16:05,2017-01-24 22:25:33,2017-01-26 10:19:05,2017-02-01 00:47:45,2017-02-17 00:00:00
b9cd12cbf3bc726135ede88877aca4bf,1555b4c59a0efad68a20978804cefdf3,delivered,2017-07-08 19:09:56,2017-07-08 19:25:11,2017-07-11 18:37:25,2017-07-17 21:18:17,2017-08-03 00:00:00
5dea3bf3570049323c58794169b7638c,1624ad809098f4d1504b6115b8073660,delivered,2018-02-05 09:38:08,2018-02-07 02:52:16,2018-02-21 02:35:48,2018-03-02 15:23:13,2018-03-02 00:00:00
3a391869ded1afe6a2b03e4205aa9a2c,2b9ce46a222ca88284736ce346d405e7,delivered,2017-04-08 16:15:42,2017-04-08 16:30:11,2017-04-11 10:51:53,2017-04-17 09:40:12,2017-05-04 00:00:00
dd416a83ddfde887da5021bae60bb919,eed9cec509f28fe1b2744f653789d7bf,delivered,2017-06-13 08:42:34,2017-06-13 08:55:17,2017-06-16 17:03:14,2017-06-30 14:07:55,2017-07-06 00:00:00
9d8b9a9cc92d7f5e907cf13a99a705e9,3a27d6401473a9ff4ab309448702d4f3,delivered,2017-04-08 21:07:21,2017-04-11 03:55:31,2017-04-12 17:04:17,2017-04-18 14:35:37,2017-05-04 00:00:00
c1a86ab051ab4567d31bd8ffc3feec55,035fdb541390672b9938ad46570dad75,delivered,2017-03-20 14:39:19,2017-03-20 14:39:19,2017-03-21 15:16:59,2017-04-15 09:12:20,2017-04-19 00:00:00
7a18a504c1a4b32d883e68de2e1a7db0,e6bee29442c761ff0dfb9a4414922a5c,delivered,2017-01-05 12:09:08,2017-01-07 03:44:08,2017-01-11 15:35:53,2017-01-16 15:43:29,2017-02-13 00:00:00
e71fb32bec49dd4112bcbcc19126d388,f6c383cc79b182ce1550bc57504941c3,delivered,2017-08-02 22:12:03,2017-08-02 22:25:18,2017-08-04 13:39:51,2017-08-08 17:56:12,2017-08-15 00:00:00
c239d27bdaa2e41d739d0497a59900a9,940c14f5ac010931aa658e14bb9c6cbb,delivered,2018-06-17 15:40:05,2018-06-17 15:55:17,2018-06-18 13:21:00,2018-06-19 20:04:11,2018-06-28 00:00:00
03286323ba721edf10e38e1abeb159be,fac3ea363fc5621bc4b66c92de5e94f0,delivered,2018-03-07 19:30:53,2018-03-07 19:49:27,2018-03-08 18:39:58,2018-03-15 19:12:20,2018-03-23 00:00:00
e95ff7994939eb1563b12008893b1576,be0518184bef64aec7295d3eb1076336,delivered,2018-05-21 15:07:01,2018-05-21 16:35:50,2018-05-23 12:46:00,2018-05-24 21:51:46,2018-06-01 00:00:00
8cf765eeef8f04ca929a1cf64ffa2584,b8fca18186053a557dba3904f6015856,delivered,2018-08-17 15:14:20,2018-08-17 15:29:37,2018-08-22 14:52:00,2018-08-27 16:04:29,2018-09-05 00:00:00
5544b752d8491d6ddeaa9297e18be42b,eebbee10df4f9ca1b74e4297ee600855,delivered,2017-05-29 11:39:07,2017-05-29 11:50:12,2017-05-31 15:04:39,2017-06-14 14:06:05,2017-06-23 00:00:00
898a1fd98d5540ee9b96e742c76877df,39ca60b69b27e7490c2b5ca631644269,delivered,2017-12-25 19:52:56,2017-12-25 20:08:56,2017-12-26 19:16:01,2018-01-03 22:36:30,2018-01-23 00:00:00
cc82a53fe1a3af9541b2ae5c8290262a,5aaefd5060b7dba8374c3d9f236a080d,delivered,2017-08-28 15:23:29,2017-08-28 15:30:22,2017-08-31 18:04:17,2017-09-01 19:17:07,2017-09-08 00:00:00
0abc76160f3b4b423ec1bcece0ade723,f166734c59f0606a6c1ab33ada902aa4,delivered,2018-01-12 15:10:08,2018-01-12 15:28:34,2018-01-17 18:53:26,2018-01-23 15:04:25,2018-02-06 00:00:00
f35ff8b8e2e627ad2a1ae6b89b4806e7,2894cb87675e5f72fd95259f0ca37eca,delivered,2017-12-01 13:49:11,2017-12-01 13:58:49,2017-12-04 19:38:36,2017-12-07 22:17:29,2017-12-26 00:00:00
7a944e7886782c8767505df5fcdc0604,3fca0642b898ffd08f363e33f3468de1,delivered,2018-07-26 08:44:57,2018-07-26 09:05:15,2018-07-27 14:49:00,2018-08-02 22:02:54,2018-08-20 00:00:00
27f4eecc66d136a3781f422342dfd424,3c91ba1942ac3625e57ca5c023ca2305,delivered,2018-06-05 11:23:40,2018-06-06 02:35:10,2018-06-07 09:38:00,2018-06-12 18:32:16,2018-07-11 00:00:00
f7a94ed5a5cf7c0680e0d3271163bb3f,efed398f3de8a78b7947750a5f1435ba,delivered,2018-06-27 00:36:23,2018-06-27 03:35:24,2018-06-28 12:48:00,2018-07-02 20:46:54,2018-07-20 00:00:00
16cdedbb1542ddfe411a0b979b43aa64,c5aad2d16788dbb223b0e53e18f9bfe8,delivered,2017-07-05 01:51:23,2017-07-05 17:41:05,2017-07-06 13:58:19,2017-07-12 19:38:40,2017-07-31 00:00:00
6739ec850ef337d6dd99504b01b4574b,7b92d7498d0b87efd760bb2ee0435662,delivered,2017-10-24 17:10:54,2017-10-25 02:08:07,2017-10-26 13:49:51,2017-10-31 21:21:58,2017-11-13 00:00:00
61c43e2be518cd9179a53918b43fba4e,1c28481d143e1a14d3943639f5b5340a,delivered,2018-04-03 20:12:50,2018-04-04 03:30:28,2018-04-06 23:21:33,2018-04-23 12:44:30,2018-04-25 00:00:00
660a6fbde01967fda369dc69c3d4b50a,5f15513fd19ab7f204e5f6b75375212b,delivered,2018-05-27 13:49:20,2018-05-29 03:31:15,2018-05-29 13:43:00,2018-06-08 13:36:46,2018-07-12 00:00:00
6b092965cc5bcd955107ed81c1acd489,303020d38fd6cf2ffae75ad54e1b7a8b,delivered,2018-07-20 10:39:19,2018-07-20 10:50:16,2018-07-20 13:19:00,2018-07-24 17:59:39,2018-08-03 00:00:00
3c7299e1335df876b15d9b4cd3858fa9,dd2da85964bbf3fb09d6c632445137a2,delivered,2017-08-09 21:50:54,2017-08-11 04:26:06,2017-08-11 16:58:33,2017-08-24 16:12:34,2017-09-06 00:00:00
e3cb83718e69525d753588e2975be0f7,15bf77d08db3e89f1ef88b843a5da8be,delivered,2017-11-22 17:20:48,2017-11-22 17:29:24,2017-11-24 16:12:04,2017-12-07 15:46:40,2017-12-13 00:00:00
6066fbcebeaf378770ad9fbe8e30d1f0,f341217aef1ab5b52f8ec77803e18219,delivered,2017-07-22 00:37:22,2017-07-22 00:50:15,2017-07-24 19:33:21,2017-07-26 01:05:45,2017-08-04 00:00:00
316c3d2d083fd55435c0ec00cae49716,6a8396ea8d5aa832f1358a3ff2357ed9,delivered,2018-05-03 20:48:44,2018-05-03 21:11:05,2018-05-09 15:13:00,2018-05-16 19:40:53,2018-05-22 00:00:00
21130e626fd68f2df9fa4eccd2eec25b,139221f20de9ea67cbcc20d1e1beec46,delivered,2018-06-15 13:55:34,2018-06-15 14:25:21,2018-06-18 09:27:00,2018-06-21 22:51:08,2018-07-17 00:00:00
4d176bbefbf167c712ff9ea39cd6f233,58e014fb44456ac35903d4996263087a,delivered,2017-03-14 18:00:11,2017-03-14 18:00:11,2017-03-16 06:43:33,2017-03-24 17:07:59,2017-04-05 00:00:00
c13a062c19003147450d2f42e7b7239b,4bcdec0da540bf66afbe39d36b87eab6,delivered,2018-07-04 23:39:56,2018-07-05 16:32:44,2018-07-05 14:15:00,2018-07-06 15:45:00,2018-07-17 00:00:00
920556e97c74a0f169a8e9b85a82e17a,246dade4c119fdc0bdca13e37fe88da8,delivered,2017-11-25 10:30:50,2017-11-25 10:54:10,2017-11-28 18:35:44,2017-12-04 15:12:03,2017-12-20 00:00:00
563f239c78985c49134eb52e6b06af35,e7c1ebf211a1f26de5a2a2f01672344f,delivered,2018-01-07 01:19:47,2018-01-07 01:28:21,2018-01-08 21:59:05,2018-01-15 20:09:08,2018-02-05 00:00:00
8c3b7db34a579c7e50cdd4c8146a43b8,efda60e3dad25250fb5de383b8ffb272,delivered,2018-02-08 21:56:53,2018-02-09 21:55:28,2018-02-14 19:34:01,2018-02-18 13:32:22,2018-02-22 00:00:00
5cd0bfe5f8c93fa85da717bcf8987fc5,d2f293555622eeddc13693f3e676f570,delivered,2017-10-01 14:21:47,2017-10-01 14:35:15,2017-10-03 17:38:12,2017-10-24 20:53:53,2017-11-06 00:00:00
049999b745ab7d4bc3ddf00181c39d56,5cab98a898f6810fe56ec4681fbe9607,delivered,2017-11-06 01:15:08,2017-11-06 01:26:19,2017-11-07 21:52:49,2017-11-08 18:55:05,2017-11-17 00:00:00
6800d99c79f85a09a82645ff194ba86e,c04d524b349a3ece930bf77e623cdbfd,delivered,2018-06-27 17:56:47,2018-06-27 18:12:49,2018-06-28 14:03:00,2018-07-03 17:18:48,2018-07-19 00:00:00
d10471750e335e783fff1bc755988a86,3c89cc8ee29eeafc70dc2d36cc523bda,delivered,2018-07-23 15:53:16,2018-07-23 16:46:14,2018-07-24 13:34:00,2018-07-25 17:38:55,2018-07-31 00:00:00
1b62de526ac8804be889b4b51c7dbef5,f2967db72dab04cdb80d1553ad75a7ad,delivered,2018-01-11 11:56:03,2018-01-11 12:48:23,2018-01-12 20:46:46,2018-01-15 19:15:10,2018-01-30 00:00:00
8a8c365841ef48982c95bbf95f9b7d02,d3f76c1e8931fc6ee2d5668ad9fa7c36,delivered,2018-05-09 14:40:37,2018-05-09 15:11:08,2018-05-10 12:56:00,2018-05-21 14:46:50,2018-05-30 00:00:00
df0a2eff6f0fc7262189d138f3defa0b,3325076d2bbc0b97e626ed18613f0e3b,delivered,2018-08-18 00:14:09,2018-08-18 00:30:07,2018-08-22 12:35:00,2018-08-28 21:51:46,2018-08-24 00:00:00
9a68458f7da8a7a7b0840286b638dec2,c6009ed886124053d438bda8e7e8e7ca,delivered,2018-04-01 10:46:51,2018-04-01 11:30:09,2018-04-03 19:47:14,2018-04-06 20:47:36,2018-04-19 00:00:00
399775d0638168dfd529422f995fcc41,532719903d588d324f360c02d3b1706f,delivered,2017-01-29 14:57:59,2017-01-31 04:35:34,2017-02-01 12:44:17,2017-02-08 15:32:40,2017-03-28 00:00:00
8d09a7e7d220830b7dee508ed8ae1e01,a867c68a9fd7aecc4b1be83aa18f36a7,delivered,2017-11-27 15:38:28,2017-11-27 15:58:33,2017-11-29 19:12:41,2017-12-20 15:14:11,2017-12-19 00:00:00
db7d019ce87ceb1539bd37353ab408ba,bd2c13f9aff19c6adfe232373946e6ea,delivered,2017-01-26 20:55:09,2017-01-26 21:05:20,2017-01-30 13:59:59,2017-02-07 08:12:06,2017-03-08 00:00:00
efade7725d5dfe59a8c281511cea69e2,d16c4d8784780fd06b8690d1dfd8b327,delivered,2018-03-25 13:53:10,2018-03-25 14:08:19,2018-03-26 19:58:51,2018-04-06 20:38:41,2018-04-23 00:00:00
f5936f84680ad3dbe5073acb9db493b7,fb3a1bc3a71559f316726f0538b0fee4,delivered,2018-03-01 21:23:52,2018-03-01 21:36:05,2018-03-03 16:56:54,2018-03-12 21:43:41,2018-03-19 00:00:00
80d42608ec46066a22bc8261471c7a21,5d2798ebf98673c2c2f53e27481ac195,delivered,2017-05-02 16:49:55,2017-05-03 14:45:34,2017-05-04 13:22:23,2017-05-10 13:44:29,2017-05-29 00:00:00
376cc9a8f827d17966ea7c4b182f4426,e9a5cb5d9783e1fc38e23730ff24c51d,delivered,2016-10-07 19:16:49,2016-10-07 19:28:39,2016-10-11 19:28:40,2016-10-14 19:28:40,2016-11-29 00:00:00
bee08350422327a5173380c04d5e9fbd,35ed0cf0ec1010aa0d339858b1648b33,delivered,2018-07-24 13:22:57,2018-07-24 13:35:19,2018-07-26 11:04:00,2018-08-02 18:58:52,2018-08-15 00:00:00
b459355536a8e3dcec10c0a4ea6f9f86,04544ddbd5e2606f1dd899339acdc9aa,delivered,2017-06-16 20:29:27,2017-06-17 20:25:17,2017-06-19 21:03:06,2017-06-21 17:32:49,2017-06-29 00:00:00
48d2c84bcaaa40dfb9f0cf5edcb614f8,6fdbdfbbdd322dd299234a3adb67f4b2,delivered,2017-10-14 19:52:37,2017-10-14 20:20:34,2017-10-16 21:00:19,2017-10-24 20:04:55,2017-11-06 00:00:00
16e8745a21790f6d7b84f8d8ea5f1038,6ce393b445eeaed7a97862eba6f25673,delivered,2018-03-03 18:09:45,2018-03-03 18:29:13,2018-03-06 19:12:55,2018-03-09 23:28:23,2018-03-21 00:00:00
78e175d0771c10c3288b4d4327ba2b57,469b0de15b3c3c4dc556c3383e72ed7c,delivered,2018-01-23 18:19:36,2018-01-23 18:38:40,2018-02-01 21:37:17,2018-02-08 00:28:48,2018-02-15 00:00:00
935f0d2ac8ce7ce29f5712d2637ddb33,347542b2d5ff3990248773f2c840801b,delivered,2018-02-08 16:33:49,2018-02-08 17:07:02,2018-02-09 17:05:48,2018-02-19 23:39:07,2018-03-02 00:00:00
4537d337a107a7bc0ea9212bd197d624,e7fb9bd5c18c3f79001879c77404b7fa,delivered,2018-08-18 15:06:20,2018-08-18 15:15:22,2018-08-20 15:25:00,2018-08-27 18:32:47,2018-09-04 00:00:00
133a94aa41cab8ad1d4cf02c2636b9cc,768eba0592dcb00cff1bd76eda466c96,delivered,2018-07-26 09:20:03,2018-07-26 09:30:11,2018-08-01 18:13:00,2018-08-06 19:42:34,2018-08-28 00:00:00
76705ff9a7f4bf78bb4f8918c2dc564f,83ec82bab2f3e88afecf438f7c7ed28f,delivered,2017-10-30 10:48:59,2017-10-30 11:10:10,2017-10-31 23:35:39,2017-11-06 21:28:28,2017-11-17 00:00:00
feafc8e3422f6e1f4c00bd29dd9c2921,e5ac0347cb35830f7d7a5df7fe08fa7e,delivered,2018-08-22 16:31:45,2018-08-22 16:45:17,2018-08-24 09:07:00,2018-08-30 13:28:51,2018-09-12 00:00:00
889e1d99762dd368ffbc599fca39bb91,a6213be5160f76ac6fa665067ecc8a82,delivered,2017-09-08 08:49:01,2017-09-08 09:03:33,2017-09-18 20:02:49,2017-09-25 17:46:29,2017-10-03 00:00:00
d5881d54a4846fd1b09414dc09de1b38,99b1bdda5abf7eb97c5f35afbadb1550,delivered,2018-06-09 10:34:20,2018-06-09 14:31:58,2018-06-12 12:41:00,2018-06-19 18:37:34,2018-06-21 00:00:00
777fcaf946b6f903bc6549785d3b3c2d,9253f3129e589ba0f06b50c306a2d2c8,delivered,2018-06-07 22:05:22,2018-06-07 22:16:28,2018-06-08 12:05:00,2018-06-15 23:32:27,2018-07-03 00:00:00
dbe715996d171c4b2877daa01c0d6aca,cab77812cc7fd13299f17d2c04b88654,delivered,2017-05-14 16:13:18,2017-05-16 03:25:26,2017-05-18 15:06:24,2017-05-23 14:19:27,2017-06-06 00:00:00
cadf799bab2fdd6d82d549d720595d8b,b723168ba52134973f10c2f1e2818faa,delivered,2018-08-14 18:04:59,2018-08-16 03:30:17,2018-08-21 13:52:00,2018-08-24 20:58:35,2018-08-22 00:00:00
0dad7d1ff2920dfb357bfda892dca601,e877254b340342db8d85627f235bec4f,delivered,2017-08-21 00:02:16,2017-08-21 01:33:27,2017-08-22 15:35:11,2017-08-28 21:03:38,2017-09-14 00:00:00
4c6f9b20086e811c15722d15f8becee1,1913c0c2889d3e40b654d65f9611b750,delivered,2018-07-25 19:00:24,2018-07-25 19:10:12,2018-07-26 12:57:00,2018-07-30 18:07:56,2018-08-08 00:00:00
34f44d3f393579e65a58c014b825cf81,c9c7b9fb75b1ab9f0bbcd37f1c77c4b1,delivered,2018-03-20 19:10:17,2018-03-20 19:30:24,2018-03-21 19:12:06,2018-04-04 00:12:51,2018-04-18 00:00:00
cf2c702bc3b60b945e5efb11e99c97ce,093f449ae2e959ed548c3a71c767f609,shipped,2018-06-15 16:35:58,2018-06-15 17:02:32,2018-06-18 16:04:00,,2018-07-13 00:00:00
5a34dfccd6fb223c870ad34652d64274,e9353d11c4dfb289a1ecb1ebf502c3c3,delivered,2018-02-14 20:44:25,2018-02-16 02:07:25,2018-02-17 15:38:53,2018-04-24 14:17:29,2018-03-06 00:00:00
b8834035b657b559585c6c1243e82f9b,cd8979d14712c57fc193aecac517da3a,delivered,2017-03-07 14:13:56,2017-03-07 14:25:10,2017-03-10 13:23:16,2017-03-20 05:06:55,2017-03-24 00:00:00
56f4ca489c9843f27c5550b57b70362e,483eaa3ad72e3ceb7e6e3105dcb8bbce,delivered,2018-01-22 22:32:56,2018-01-23 22:34:52,2018-01-29 20:33:34,2018-02-06 15:18:59,2018-02-14 00:00:00
aac83029cedfde867c3b10c7762d84cd,e0914eefae8c413678da6e1c5fbb1ca2,delivered,2017-10-03 23:55:15,2017-10-04 00:07:19,2017-10-05 15:58:13,2017-10-13 16:39:50,2017-10-31 00:00:00
01908071e35fdc75bc0d7764f153abc2,e30bdf332b6c38f5f22d50dec12282cb,delivered,2017-10-25 20:49:59,2017-10-27 02:55:19,2017-11-08 23:03:43,2017-11-13 20:19:05,2017-11-27 00:00:00
8b54ad5dd057cd34a1308553e2bba5dd,3ed790a63e61a86231274a97e1b27fd6,delivered,2017-10-20 09:10:06,2017-10-20 09:28:15,2017-10-24 15:33:35,2017-10-25 16:27:39,2017-11-01 00:00:00
b0a7ddfbe7525d29957d05b71bb977ca,012087f1c663428b54e53b0f69e700db,delivered,2017-06-04 21:23:31,2017-06-04 21:35:24,2017-06-05 14:18:06,2017-06-12 11:49:40,2017-06-28 00:00:00
a63dc2ae83b911134a651fb6fbef3f8a,84c808c10ed2620dd1829f47959d9835,delivered,2018-01-10 13:22:49,2018-01-10 16:35:56,2018-01-12 20:46:34,2018-02-01 20:11:49,2018-02-14 00:00:00
445d0f90bcb70f0d6c8edeb350b3dd19,2685bfd3f19974ad8447c6adc27b40af,delivered,2017-12-25 16:14:32,2017-12-25 16:29:18,2017-12-27 22:43:28,2017-12-29 18:27:28,2018-01-15 00:00:00
91bd70d2eea039bdce8aa710d69ad630,8e1e8844385685014f126c0d6c39c27d,delivered,2017-11-13 17:12:26,2017-11-13 17:27:21,2017-11-27 14:13:21,2017-12-30 15:43:26,2017-12-11 00:00:00
686b0cb3ce6ab944288b952ba880080d,357d4eb0ea92d81fd60cf51d9e6f05a3,delivered,2018-04-26 20:57:34,2018-04-26 21:10:15,2018-04-27 16:00:00,2018-05-15 00:51:05,2018-06-06 00:00:00
610cb5d8ac9938a7e80ee9e3b9c04be5,f2b7336ac3fe71e13b8232380cb34a07,delivered,2018-05-16 23:00:54,2018-05-18 05:16:19,2018-05-18 13:55:00,2018-06-06 18:29:51,2018-06-14 00:00:00
c926bd8d23b10840238793adf349b2e5,98b98ecd947a56dd51028c1d56ce0a95,delivered,2018-06-18 16:54:57,2018-06-18 17:20:34,2018-06-19 14:01:00,2018-06-25 15:38:29,2018-07-05 00:00:00
4ba72cb793dc362c1195e6237b2c936f,61bc2c21e6442ddfeec440244439068a,delivered,2018-04-17 21:21:49,2018-04-17 21:31:01,2018-04-19 22:41:17,2018-06-07 19:43:45,2018-05-16 00:00:00
995b5da66f9cd51fa907e9a10e91054b,73727f0fcabcafd666a604f7bf8323a0,delivered,2018-08-07 08:13:46,2018-08-08 03:30:26,2018-08-11 09:12:00,2018-08-16 19:26:31,2018-08-23 00:00:00
08cbb1d4cd574b126569b208fd4b26ea,51478fa6f626871ba9023c80585e4952,delivered,2017-10-15 19:25:02,2017-10-15 19:35:15,2017-10-18 20:25:56,2017-10-26 21:14:04,2017-11-07 00:00:00
35dbb412511cc6e271f4d44dc8195292,7f916f494039b6a9cb57a8a40a34750b,delivered,2017-05-27 08:33:55,2017-05-27 08:45:09,2017-05-31 05:08:06,2017-06-16 10:59:44,2017-06-29 00:00:00
9ff2778f635cf563342d87b8e53212de,4294e414ae0b067f21f15901eb54ece6,delivered,2018-03-07 20:12:33,2018-03-07 20:29:28,2018-03-08 15:23:01,2018-03-22 17:42:27,2018-03-29 00:00:00
24014414a15d7274cad8a2917fe1f040,41b3c5c585822fbdee3b0b136b9696c4,delivered,2017-05-11 17:30:39,2017-05-12 13:35:20,2017-05-15 08:46:01,2017-05-23 11:04:51,2017-05-31 00:00:00
31641d348e3b49cd143c3bd490c100b9,29667dd522207b9db84b2ae8bccc0069,delivered,2018-03-05 08:28:16,2018-03-06 03:49:02,2018-03-06 18:51:59,2018-03-22 02:07:11,2018-04-02 00:00:00
7f5a0ffdfa3894a89b8436bb48f66719,7c7378d8b1eabfe7416a90059bda99f2,delivered,2017-08-17 23:38:34,2017-08-18 00:25:38,2017-08-21 20:03:05,2017-08-30 14:34:49,2017-09-06 00:00:00
a103ca0d5926c0afb6a2892545f93a7c,9bee4741cacc6088a036a3068f485287,delivered,2018-05-16 14:37:16,2018-05-16 15:18:06,2018-05-16 14:05:00,2018-06-02 17:27:55,2018-06-07 00:00:00
cbfed865ebb274e534eed412710b225f,7d9203e4350d582ae26d254399c05e44,delivered,2018-01-25 10:21:10,2018-01-26 03:16:04,2018-01-26 18:59:17,2018-02-02 12:18:23,2018-02-20 00:00:00
81508881aee7b223104b4a5d4b28f786,8bbdac7ae491e490068af09085995b3b,delivered,2018-04-11 20:20:03,2018-04-11 20:35:15,2018-04-12 19:36:20,2018-04-20 18:18:37,2018-05-07 00:00:00
2d75634456c941f14be2f3f96e4b2bb7,2dd612c7a67990dd6bc16bf7be867fa6,delivered,2018-03-25 21:21:30,2018-03-25 21:35:22,2018-03-27 00:12:59,2018-04-10 14:44:29,2018-04-24 00:00:00
a7bc4bc04f601abb381b240812701777,40e7cb5ddc9d4a4b176615df6ec20877,delivered,2017-05-12 21:25:41,2017-05-12 21:35:17,2017-05-15 11:36:16,2017-06-06 17:22:18,2017-06-16 00:00:00
dd6080fd238b70c9ebb44a038b77c410,bc29931bb08306c3fe8dbaf4587ced16,delivered,2018-08-14 20:21:38,2018-08-16 03:30:15,2018-08-17 14:32:00,2018-08-29 20:16:31,2018-10-03 00:00:00
0412356b9ae3ad8db617e892afb02204,d8c75086006d46bf0e3f33b17a2404b9,delivered,2018-06-19 08:43:13,2018-06-20 02:55:01,2018-06-25 15:01:00,2018-06-29 20:18:33,2018-07-16 00:00:00
e8c1420ad4481bb6f18daf1e95ae97a1,53c22abafe0ae32720fac7aff5c9309b,delivered,2018-08-20 10:52:36,2018-08-20 15:10:31,2018-08-23 15:13:00,2018-08-25 18:03:27,2018-08-27 00:00:00
19bff24eb480b8d6bd8973c7deb1e116,93b01f9f8ba7c1fffb6b8b5763f9b06b,delivered,2018-04-11 20:45:38,2018-04-11 21:09:42,2018-04-17 19:23:45,2018-04-18 19:50:44,2018-04-30 00:00:00
79616b0bd8740197588c3825106037d0,96f7a9ae1b47e794058d0591ce2477bd,delivered,2017-11-26 23:09:28,2017-11-28 23:11:02,2017-12-01 14:47:04,2017-12-18 19:14:44,2017-12-26 00:00:00
189f6ebeadf450bb5abaff2b8a55ffd2,fe826d3b6cfb3ef2dcade4fdc9dcce4f,delivered,2017-12-01 14:12:58,2017-12-05 04:12:27,2017-12-06 00:12:47,2017-12-15 20:44:53,2017-12-29 00:00:00
9b8e74aa515dafc41a1485ea61c6c3bc,b77fe56b152475e858e79d35811bcbf2,delivered,2018-06-05 21:07:26,2018-06-05 21:31:38,2018-06-06 13:40:00,2018-06-19 19:03:26,2018-07-17 00:00:00
9770c3f4247444a2eee4669344bc4955,e71691d525acc2491f67ddcdf86ea428,delivered,2017-04-20 09:48:42,2017-04-25 08:23:10,2017-04-27 10:41:37,2017-05-09 08:38:06,2017-05-12 00:00:00
1cc1119de21902e3e78c9c2a217a9ad4,c9a8614ebfdc93d16a98274a78580318,delivered,2018-08-14 07:35:34,2018-08-14 08:10:16,2018-08-14 13:19:00,2018-08-15 20:21:42,2018-08-17 00:00:00
57d798526b7fee5ec54a74014382445d,527f4e8e7c8c239ceb7727ab49065217,delivered,2018-04-08 11:11:00,2018-04-08 11:30:12,2018-04-09 21:56:02,2018-04-15 14:32:19,2018-05-04 00:00:00
a8f6d89fa954e7d94c69fd13b6a71327,517d0c5ba97d755ff3401a0a4a1b9683,delivered,2018-05-03 01:31:49,2018-05-05 03:33:36,2018-05-08 11:51:00,2018-05-11 16:35:36,2018-05-24 00:00:00
34460fd86afdbe00b34351b5187d1519,9df1046f1b58fd8e2476e06ae75fae34,delivered,2018-02-19 17:06:57,2018-02-19 18:10:26,2018-02-20 19:36:53,2018-02-26 21:18:00,2018-03-16 00:00:00
08d2ae79008d5da4528a04f28c72f839,aee502ec5b607b81286852ef7009d3cd,delivered,2018-02-27 19:44:11,2018-02-28 10:10:58,2018-03-02 01:35:31,2018-03-06 18:41:39,2018-03-21 00:00:00
1479096c26c6fa5150e7b39fde03d5d4,52d954a9a78371248c768d562824c212,delivered,2017-03-13 22:11:59,2017-03-13 22:11:59,2017-03-20 12:05:42,2017-03-23 16:08:29,2017-03-30 00:00:00
ad7b0c3373368e658cc9cf31893c6413,162e0d0e69e279de6dae202082e45c63,delivered,2018-07-15 16:54:19,2018-07-15 17:10:11,2018-07-16 14:20:00,2018-07-20 17:14:44,2018-07-30 00:00:00
497d0bf310db54cf903becf62f8ac606,1bbcfdb8f367ab8f6de86459a62febb8,delivered,2018-06-23 02:38:42,2018-06-23 03:29:58,2018-06-27 09:33:00,2018-07-02 11:48:49,2018-07-27 00:00:00
b1290930402d6e29a52dbd6efcab1c3e,2b57de8fb59ff0a7c459161dcbac34d7,delivered,2017-03-26 11:30:41,2017-03-26 11:42:16,2017-03-28 13:02:16,2017-03-31 19:57:47,2017-04-13 00:00:00
6f37ff3b4769ed4a683eec4de7f38a5a,50bf56304211dfe00c06f3eef86f49fa,delivered,2017-09-18 22:32:39,2017-09-18 22:44:16,2017-09-20 20:37:39,2017-10-03 19:29:01,2017-10-16 00:00:00
2411cb047e826a4e70e9c23740e72a30,1849415f478cec50c87980583d582ceb,delivered,2017-12-12 23:33:25,2017-12-12 23:49:50,2017-12-14 00:10:03,2017-12-20 21:09:26,2018-01-05 00:00:00
0067c6030d65af0ff98790158ddb0020,a780c20430b67279f7a0b43cf94b1738,delivered,2018-04-27 21:36:27,2018-04-27 21:52:36,2018-05-02 14:41:00,2018-05-07 19:42:40,2018-05-16 00:00:00
721d20e34ddeec4f5e9f11d198e60de9,660642ba131f6e30f6c316449fb6f07c,delivered,2017-09-22 00:13:09,2017-09-22 00:30:13,2017-09-22 16:03:45,2017-09-27 17:34:51,2017-10-16 00:00:00
e151e57b4f9e794ebddd2ac390d0ba99,3c7b80343c2c11f71434110e462e3de1,delivered,2017-12-03 12:11:59,2017-12-05 12:08:47,2017-12-07 02:08:55,2018-01-04 17:49:34,2018-01-02 00:00:00
240c0f6bd7e77f416cff9b55d12d10c1,382b6d3cafebabe22fc619ce35aae804,delivered,2017-05-08 14:35:48,2017-05-08 14:50:15,2017-05-09 12:44:37,2017-05-24 07:37:55,2017-05-31 00:00:00
b4472226dccdf2b8b06bbc4256cf7b64,27a1881f4dd60525c887d0fc446513c3,delivered,2018-08-07 18:50:30,2018-08-08 03:10:35,2018-08-09 09:35:00,2018-08-14 14:39:36,2018-08-22 00:00:00
0896d006da3ad8dc1b39b408ea428eb0,328940eae1f0fc2517af314e26854533,delivered,2017-09-12 11:15:53,2017-09-13 11:25:21,2017-09-13 19:15:42,2017-09-22 17:19:50,2017-10-04 00:00:00
c7a4ffb79734f6b1d3c4d411593a445e,a958c07e4879ac130f8978fa1c1146b2,delivered,2017-11-16 13:21:17,2017-11-16 13:35:41,2017-11-17 21:18:52,2017-11-20 22:57:31,2017-11-30 00:00:00
2222dbaded2c9c8406d1cbdeae118948,b43982f5a660861f2c4896a53f2358be,delivered,2018-07-03 08:30:36,2018-07-05 16:32:56,2018-07-05 13:25:00,2018-07-10 17:52:28,2018-07-19 00:00:00
cbc1313784eb82530ebe4cfe63900601,c37e82d43dfbaaf6fc5f7d4afae8a197,delivered,2018-06-11 21:42:58,2018-06-13 02:18:46,2018-06-13 14:46:00,2018-06-18 21:43:36,2018-06-28 00:00:00
e387920071d53124f3db7d7b1a42c257,8759651d4fb2b9d5535aa90adf058d93,delivered,2018-03-22 20:44:45,2018-03-22 20:56:23,2018-03-26 19:06:40,2018-04-02 16:48:46,2018-04-19 00:00:00
2a3251c95a3d5c57ed230021faa588a0,d59025c30cdd8d747f2acfa5fdc2925a,delivered,2018-03-25 10:28:16,2018-03-25 10:47:51,2018-04-06 17:21:06,2018-04-18 23:28:43,2018-04-27 00:00:00
531a74ff9a6617b0cae88c4b67646988,177a576c3346d73fa4b179ee92d61dbd,delivered,2018-02-03 09:19:06,2018-02-03 09:30:19,2018-02-06 18:28:54,2018-02-19 15:33:49,2018-03-05 00:00:00
6a87a0371f263aa8c1779c2c115c1427,4dbe5e9eb8cc354eb79fa6e9971d0a3d,delivered,2017-11-25 15:51:01,2017-11-25 16:13:44,2017-11-27 23:38:43,2017-11-28 12:49:43,2017-12-11 00:00:00
7b552795a31c3247f5e0d3bc02addcfe,1c098ad91b1234eaf6148dd9f163b21a,delivered,2017-08-17 09:41:02,2017-08-18 09:50:18,2017-08-22 17:33:03,2017-08-25 14:07:02,2017-09-06 00:00:00
7a5472f7c8cecc2e1cf43d12271e4eca,2696ed45e2583bdcb7b6bfd0a8f0f2fe,delivered,2018-06-22 17:37:08,2018-06-22 18:58:37,2018-06-25 13:31:00,2018-06-29 20:41:57,2018-07-25 00:00:00
adfc15ddc7db115f9785cf9893d93031,665912947056efcc3f35f77e7f67cf9f,delivered,2018-06-12 18:16:03,2018-06-12 18:46:40,2018-06-13 15:26:00,2018-06-14 12:14:37,2018-06-25 00:00:00
4c103cf6b4ea5afded1030501ce5fb3f,31a6a86cc2b046308df43d046a46ff8e,delivered,2018-08-22 12:20:06,2018-08-22 12:30:21,2018-08-23 14:16:00,2018-08-27 18:14:50,2018-08-31 00:00:00
b76e9fd67cc3333ce3d289964a47fd0f,8caff5de8d8f2db8617ff4c04168439c,delivered,2017-12-08 23:08:21,2017-12-08 23:17:28,2017-12-09 16:31:27,2017-12-19 22:54:44,2018-01-03 00:00:00
6122108ba6a69151ca91c80d6ce5eb75,61238ee709250f8eba322d023775d9cb,delivered,2017-06-05 21:32:39,2017-06-05 21:45:16,2017-06-07 12:38:03,2017-06-19 14:16:52,2017-06-30 00:00:00
43776dfb549a4d0a2d069bfabfc4b134,93e860f59b9c3f64328ee86718f7612d,delivered,2018-02-05 07:13:25,2018-02-07 02:35:46,2018-02-08 15:05:08,2018-02-19 20:58:52,2018-03-01 00:00:00
ec98ce3407cb6d360ad1315044bfc774,304a41e167c190e1d39396426f0ba90a,delivered,2017-11-30 10:00:50,2017-11-30 10:22:04,2017-12-06 20:07:22,2017-12-08 16:04:45,2017-12-18 00:00:00
bdbe67b7e2faaeff27efc72ea1a1bf0b,346be88910055e5e31770b8278085af3,delivered,2017-07-13 14:18:01,2017-07-13 14:30:20,2017-07-14 00:27:56,2017-08-04 18:22:34,2017-08-16 00:00:00
e6a6d96ae279ae5a454516029a7c43f0,bdebf3864c17651e6fff4ef53f155b05,delivered,2018-07-12 16:53:30,2018-07-13 02:43:54,2018-07-13 15:11:00,2018-07-24 11:23:37,2018-08-01 00:00:00
fcad30a9bb90bebcdd23bb5e3aba00e6,762b4358bfc0776647150052efc68ff5,delivered,2017-05-05 14:56:48,2017-05-05 15:05:13,2017-05-17 07:53:58,2017-05-23 12:01:46,2017-06-05 00:00:00
78febd227f47ed46eff1966e2b0b9b97,388a43487598d630805ec56499bc6ddb,delivered,2017-10-19 19:21:26,2017-10-19 21:49:19,2017-10-20 20:45:36,2017-10-30 21:13:38,2017-11-10 00:00:00
7a8f4f62037bb98afd289fc2ee3da497,c486f733c3f7336536bd060b9937064a,delivered,2018-07-14 14:05:43,2018-07-14 14:24:00,2018-07-17 10:42:00,2018-07-23 18:36:28,2018-08-13 00:00:00
aeebf4abbcfb9bac43b6a31399a3e93c,500e98ff3cb33cf1f3095ac781234e29,delivered,2017-09-04 11:02:40,2017-09-04 11:15:18,2017-09-08 15:28:08,2017-11-18 13:32:09,2017-09-28 00:00:00
94289b7d9dbb9e497157dda056a90418,4024d0e498be8916e2aa071556abd2d1,delivered,2018-02-26 18:20:32,2018-02-26 18:35:37,2018-03-01 00:23:04,2018-03-02 18:33:18,2018-03-12 00:00:00
999dc37323684cefef388a9b58436118,321620138e47faf163d861b8dcd7119d,delivered,2018-03-04 10:30:46,2018-03-04 11:10:22,2018-03-06 23:43:28,2018-03-08 19:32:19,2018-03-15 00:00:00
48e44243f3ee11d238f75a74b76b8ef9,6393f087c75d6b206c035cb648d480b4,delivered,2018-04-25 14:30:02,2018-04-25 14:51:36,2018-05-02 14:59:00,2018-05-04 21:29:38,2018-05-09 00:00:00
e72f85f6fe5543d0e70e5ffc67976643,4d2219481428c1004c9275a686169e01,delivered,2018-08-01 12:16:08,2018-08-02 03:05:15,2018-08-03 13:23:00,2018-08-08 21:42:36,2018-08-23 00:00:00
4519ce49b67354e83892e20c66e45b65,d6c4d064035d547e04a19ce3ebcb4de5,delivered,2018-04-11 07:55:20,2018-04-13 02:15:20,2018-04-25 15:31:00,2018-04-26 22:58:49,2018-05-04 00:00:00
27a186a0cfc53be941fc115cc408bfbc,11ed1a861563b383cb85ee4dd5e2a3ed,delivered,2018-05-09 19:36:52,2018-05-09 19:52:38,2018-05-10 14:48:00,2018-05-15 17:56:42,2018-05-29 00:00:00
8d4defaad3d1206dde5189a813b794f2,76f918396bc39bf619c74a1342f31368,delivered,2018-02-24 16:03:38,2018-02-27 04:31:10,2018-03-02 00:56:49,2018-03-23 19:46:36,2018-03-21 00:00:00
248526cd316de31c949ea70859c1a229,93ce9a6cacc23c3350af92246db9ec67,delivered,2017-11-28 12:08:52,2017-11-29 02:21:31,2017-11-30 18:31:44,2017-12-14 19:35:08,2017-12-22 00:00:00
94111a59e0311e2720ce96b0b8327eee,0935c74ff02b70ca566f7252cc8fcca5,delivered,2017-10-02 15:52:50,2017-10-02 16:07:08,2017-10-03 16:18:14,2017-10-13 15:39:06,2017-10-27 00:00:00
f292c124b9885e687193451c4932a1fc,423b14adf6348b5958abf3dfef05fefc,delivered,2018-03-06 10:30:56,2018-03-06 11:29:50,2018-03-06 20:35:41,2018-03-24 21:27:35,2018-03-28 00:00:00
8469ed2398a6fba32a54609f9ffd20bf,0396f0569d196840d98d0337edb142f8,delivered,2018-02-12 11:10:45,2018-02-12 11:27:55,2018-02-15 17:55:19,2018-02-23 17:22:37,2018-03-09 00:00:00
92aac24381f1c7944500e5b66d70efa7,fea17bb8e53883e582765264d13f28b1,delivered,2017-12-14 22:30:58,2017-12-14 22:55:47,2017-12-15 20:13:20,2017-12-20 21:30:04,2018-01-08 00:00:00
82261ff3dcd4a370acb65149a5507506,199e7ab738d50c057c66a47000fb3fed,delivered,2018-03-04 15:00:51,2018-03-04 15:10:35,2018-03-07 17:07:14,2018-04-13 20:08:53,2018-04-03 00:00:00
fa3b5273908399cce287019297580550,6d3456dcfbcabb855d83191828c82113,delivered,2017-12-13 00:16:46,2017-12-13 00:30:29,2017-12-14 11:38:51,2017-12-21 23:06:56,2018-01-02 00:00:00
7945d0d21f1940b67932b2541985e179,5dc17bbd94322aabc8b47adab7db1f90,delivered,2017-10-12 22:32:15,2017-10-12 22:46:50,2017-10-16 22:10:12,2017-10-19 17:36:24,2017-10-25 00:00:00
14bc0695cb3e3a338887d250c7cfafb9,cdb128471a62ef514b60f6f40a15d35c,delivered,2018-01-15 17:43:06,2018-01-15 17:51:35,2018-01-16 23:17:24,2018-02-06 13:57:49,2018-02-05 00:00:00
281ed84706b4bd965fcc7e842394aaa4,895fcef12a75ffc54d655f9c1a58a49d,delivered,2018-05-14 12:24:03,2018-05-15 03:35:13,2018-05-15 11:33:00,2018-05-30 20:20:55,2018-05-30 00:00:00
182da967fecc5ce77f31cbdf8c33f95b,a04d6980f5f8afd4e337c7cba0014af3,delivered,2017-07-17 15:22:17,2017-07-17 15:35:09,2017-07-19 20:26:48,2017-07-27 23:39:01,2017-08-08 00:00:00
aaa67a6164a6f353f9da9ab91dcd2509,c5b17d08505dd3db2752fe8806022a13,delivered,2017-09-24 19:59:46,2017-09-24 20:10:14,2017-09-28 18:45:22,2017-09-29 19:03:09,2017-10-10 00:00:00
eb05475e3bda2bfe63d09299a231f42b,5b5aabbf6b9bbac09d76cd3b2f186584,delivered,2017-10-21 09:23:42,2017-10-21 09:35:15,2017-10-24 21:58:37,2017-10-27 21:19:56,2017-11-13 00:00:00
fa584838f0f64e25b892b5e883b2c606,05690e3a455d0a0ce461ba6f50b39fba,delivered,2017-12-04 02:45:49,2017-12-04 02:53:22,2017-12-05 00:56:58,2018-01-22 16:44:17,2017-12-29 00:00:00
cc7c5328fbf984cfac3d461dfb85de23,9050ff09700689cfe2d4ecab1008fd0b,delivered,2018-02-27 19:48:43,2018-02-27 20:09:35,2018-02-28 21:04:50,2018-03-14 18:42:22,2018-03-23 00:00:00
5fd641e5e16c3b056b1fb4dd6e429c43,4948d9d11ebcd4d241a0b291c15d5779,delivered,2018-01-07 22:59:25,2018-01-07 23:09:21,2018-01-10 20:17:19,2018-01-11 22:20:23,2018-01-24 00:00:00
6935b759d76562923a21746fce73fe75,a148f10ca6771ae483a760a535cd3f2e,delivered,2018-06-28 21:17:37,2018-06-29 02:53:15,2018-07-03 09:26:00,2018-07-09 19:22:09,2018-08-03 00:00:00
0ec373cccbb9d0a08243467c9d81a0c5,a5e6ac3a5ce38448f898c1d7f60ee6e1,delivered,2017-12-04 18:10:46,2017-12-06 02:35:26,2017-12-08 18:09:26,2017-12-21 18:08:07,2018-01-02 00:00:00
5cc643c866ee7077eea087b9a7bb60ac,c777c1f4d4d5760dae06502e966f7cca,delivered,2017-10-29 20:29:12,2017-10-29 20:45:11,2017-11-03 20:03:20,2017-11-14 12:18:48,2017-11-23 00:00:00
278f41386e50a73ab83b1253a6f98267,b5ded9bf40588418007caa3eec589c6b,delivered,2017-07-17 21:25:25,2017-07-17 21:43:13,2017-07-18 22:47:34,2017-07-26 11:14:18,2017-08-10 00:00:00
b6fa6ea37aeeb90c905eb2a488fc5dc5,e2dc0b0cef178179300195205e3788ef,delivered,2017-04-24 10:31:35,2017-04-25 08:02:25,2017-05-02 11:30:15,2017-05-22 16:07:20,2017-05-25 00:00:00
0f7384f686835a44a5051256f65b5b8e,50984928ebfb25a78ae17e6f74947d2f,delivered,2018-02-15 21:07:09,2018-02-16 11:50:29,2018-02-22 20:29:00,2018-03-07 17:08:41,2018-03-19 00:00:00
b1032e720a318564d740657f403230f7,1875ec73420a9c9239ecdeca65259cf2,delivered,2018-05-09 21:55:55,2018-05-10 21:51:20,2018-05-11 14:25:00,2018-06-01 19:57:42,2018-06-04 00:00:00
7ffed19d85558d51da23bf236eb944fc,81e968a75b2d12bccd71f79ed5490731,delivered,2018-05-15 22:09:04,2018-05-17 03:35:21,2018-05-21 15:26:00,2018-06-05 18:58:30,2018-06-01 00:00:00
0eee1a4b63289dc4fd740238702f8fe8,73b6a50630029d9ec4d6c63ea31d17a7,delivered,2017-04-11 21:22:09,2017-04-11 21:30:19,2017-04-12 18:39:53,2017-04-18 10:18:19,2017-05-05 00:00:00
bddfffe723d38edce40f64c4c4794249,04ccfcc900bf0d659f82f44c03001d53,delivered,2017-07-29 19:29:35,2017-07-29 19:43:49,2017-07-31 22:07:42,2017-08-07 19:42:04,2017-08-22 00:00:00
45b62a8b5201fc31f705344b2d9e55de,1e55ff6f2dd9f787bb907ce309a58715,delivered,2017-09-12 12:55:07,2017-09-12 13:06:03,2017-09-14 12:58:15,2017-09-29 16:08:02,2017-10-10 00:00:00
57a7b18332c1b9b26d96e35379af3a38,209e7cf8adaf4498f82df1fe2b8c25e7,shipped,2018-08-06 19:25:14,2018-08-08 04:35:15,2018-08-17 14:32:00,,2018-08-22 00:00:00
4dc11c34257c9f9048d839d56ee0a7c2,93ddf78c4c10e009a2b846d1d96e90e9,delivered,2017-05-16 02:35:50,2017-05-16 02:50:06,2017-05-16 21:25:48,2017-05-20 08:42:08,2017-06-05 00:00:00
7f95c99388c7aa1157d5992428f2e94c,8ceebf4d88625946ce9c0956401d575a,delivered,2017-09-10 14:02:32,2017-09-10 14:15:11,2017-09-12 18:44:34,2017-09-13 16:23:37,2017-09-21 00:00:00
5ca7bc597308f95f15a146dae930cb7a,a87b62ae912a22495d5f5bd919019b49,delivered,2017-12-21 13:43:16,2017-12-21 13:53:27,2017-12-22 22:22:04,2018-01-05 17:33:12,2018-01-19 00:00:00
bd088ca6ce1e557aa5a095aabc217990,0fa81b29772104f6ee52214772fce439,delivered,2018-04-27 00:11:19,2018-04-27 00:29:23,2018-04-27 14:15:00,2018-04-30 22:39:24,2018-05-10 00:00:00
8caf289ab5d7e3ec7b4522aa22dabbec,dca1d784fd6b8dd1f223bb76482fa053,canceled,2018-02-14 10:37:17,2018-02-14 10:50:27,2018-02-17 00:04:14,,2018-03-07 00:00:00
a95c742fa7426798396959c1bd1d6ab8,deccef8e76b297c735efd35686db0bf9,delivered,2018-02-05 23:57:56,2018-02-06 00:50:04,2018-02-06 17:19:10,2018-02-21 23:06:02,2018-03-08 00:00:00
453c644fedbe45275213438c93f3d0ce,d480546bdc6b03fca735f10fad331dcb,delivered,2017-09-07 19:56:30,2017-09-07 20:10:08,2017-09-08 18:56:50,2017-09-11 21:42:01,2017-09-26 00:00:00
cb1ba18d16a7bfa79c87de73dbfc46db,cf0543a398b016a8da85094ebe6eaaeb,delivered,2017-05-26 00:39:37,2017-05-26 01:22:36,2017-05-26 07:44:46,2017-06-01 13:18:47,2017-06-16 00:00:00
904fe483a657d106e1801556704da474,8e55628b82ea63dc22fef3bd6b2298a0,delivered,2018-02-27 20:13:13,2018-02-27 20:28:55,2018-02-28 18:36:42,2018-03-09 00:42:24,2018-03-13 00:00:00
8d6b1b6428e4c189d70db5930ccace74,68795255746d33fae2c9d3557d4e64d6,delivered,2017-11-19 11:15:29,2017-11-19 11:26:32,2017-11-23 21:16:49,2017-12-01 19:53:05,2017-12-19 00:00:00
3edb50273f0fec7a7e340030467076bc,fac377fcf30218090635992d2467f12e,delivered,2018-01-16 14:56:56,2018-01-17 14:51:26,2018-02-07 14:58:29,2018-02-09 20:16:37,2018-01-31 00:00:00
1092bd1c4047de3d8b0445f8539f4dc6,22705c3b9d99040b971bd4aeb236ecdc,delivered,2018-01-28 13:38:18,2018-01-28 14:00:14,2018-01-30 17:18:51,2018-02-08 17:13:05,2018-03-06 00:00:00
8892341ba39887f2133640516707066b,2f2b3604cde42f8268be1b41e0fe19f9,delivered,2017-07-10 12:45:06,2017-07-10 13:05:16,2017-07-11 14:44:28,2017-07-12 17:33:23,2017-07-21 00:00:00
8984f6ffbbd78890bbb841530b225041,cd4e634c58edf9148d05231458140fb6,delivered,2018-02-27 08:22:41,2018-02-27 08:35:26,2018-03-03 00:56:41,2018-03-15 21:18:54,2018-04-03 00:00:00
0e7a95096a126bd49633059c546f38c6,4c2cb3e121a25e566c2872b6d653291d,delivered,2017-08-31 08:57:17,2017-09-01 15:15:19,2017-09-01 21:06:10,2017-09-17 16:36:39,2017-09-26 00:00:00
077ba6845168434024e83698d3f8fcae,b7316a502ebd69f8b4def2170d89e5b7,delivered,2018-03-03 14:00:36,2018-03-03 14:15:27,2018-03-06 23:24:01,2018-03-28 02:55:41,2018-04-13 00:00:00
a5b39819520d7e72a834f69462af01f9,51941e2c687d5e10b048f5364c5ba157,delivered,2018-04-05 17:22:21,2018-04-05 17:35:24,2018-04-07 01:42:42,2018-04-13 11:58:49,2018-04-20 00:00:00
27d4565688530c96555c05e21f6740c1,33297d2af8f199cd9cc87abb71a3b8a6,delivered,2018-07-01 12:02:17,2018-07-01 12:15:13,2018-07-02 22:47:00,2018-07-04 21:23:37,2018-07-19 00:00:00
bd6a1bf9e611f39801013f5c1f0f14cc,11d40dac62f72f261e07972e70617fbd,delivered,2018-03-23 17:03:49,2018-03-23 17:15:26,2018-04-09 20:37:54,2018-04-12 14:15:19,2018-04-25 00:00:00
04164ec24abde688d0451ee982797344,6edfc5bd75a056281193727926d99a0a,delivered,2017-11-30 21:30:36,2017-12-01 10:31:57,2017-12-01 20:00:26,2017-12-07 00:51:40,2017-12-18 00:00:00
1df3e6364beb175319d6e20f502f550f,c5380b66e187b0eb17c05d632db8705f,delivered,2017-08-03 16:57:03,2017-08-03 17:25:22,2017-08-08 19:51:20,2017-08-11 18:51:32,2017-08-16 00:00:00
df3b978476e9f9edba154f427c2f4add,a28c4592ffac2cd667bcd6878dd111c2,delivered,2017-10-30 21:45:33,2017-10-30 22:31:41,2017-10-31 22:06:48,2017-11-14 18:14:34,2017-11-17 00:00:00
e7d88c2bc8575dcebb7cc0c72c2d22c2,92715e9c90e1d9542bd5a8a8b2959af4,delivered,2017-10-31 14:31:17,2017-11-02 02:46:30,2017-11-07 20:41:48,2017-11-17 18:15:55,2017-11-21 00:00:00
f8f19f291b784fe1e1bd40de20adf4bd,38045eab76ba7a85aa85f21a100f56a2,delivered,2017-08-27 18:32:46,2017-08-29 04:50:15,2017-08-29 18:43:10,2017-09-08 18:19:58,2017-09-18 00:00:00
aee7414ea78fbc7601f88ecb530038aa,b3e37f0c3d63bf5b5868aaf6feb3dba5,delivered,2018-02-07 17:47:48,2018-02-07 18:15:30,2018-02-08 18:50:50,2018-02-18 18:13:20,2018-03-06 00:00:00
abfba6cce1c9932387e102816c424f50,ec1296ed57da70c92b15ea79e73292bb,delivered,2017-06-08 16:37:08,2017-06-09 02:25:34,2017-06-09 14:09:42,2017-06-19 17:04:42,2017-07-06 00:00:00
964c1e8e56d744d63b0087e6f30692e6,30a041bb6eaeea6d6d9720d4467b692e,delivered,2017-05-11 08:58:23,2017-05-11 09:10:19,2017-05-11 12:26:17,2017-05-23 16:39:32,2017-06-02 00:00:00
d6f2b22f3f3a929ba65545667610d26e,0b4655859a571e68c65fdd20ba7777d6,delivered,2018-04-25 08:14:15,2018-04-25 08:31:20,2018-04-25 13:55:00,2018-05-11 00:41:03,2018-06-01 00:00:00
707c884622a611c1c2c7b247c01f0121,dcd522c6b3569f1e5b62b69a56a3b815,delivered,2018-07-05 14:48:43,2018-07-05 16:21:30,2018-07-12 13:17:00,2018-07-13 16:04:43,2018-07-20 00:00:00
37dbd3a9ef03223ca93bad0442fd91ba,671b584a1331d1828d621e2e45ce71d7,delivered,2017-11-18 21:28:56,2017-11-18 21:46:10,2017-11-20 19:12:09,2017-11-24 18:51:54,2017-12-08 00:00:00
10fef716a1d9fb11eb624a9625853eea,f4bc36ec33804416487b2a7051214db6,delivered,2018-04-25 09:33:30,2018-04-25 09:50:18,2018-04-26 06:30:00,2018-05-03 12:46:31,2018-05-18 00:00:00
b22a25c879419b2e54ca118ee3933dcc,ed9c2af7dc024cd1b8668296f64059e3,delivered,2018-01-15 17:24:34,2018-01-17 12:50:06,2018-01-18 16:29:40,2018-01-24 12:39:25,2018-02-05 00:00:00
56a70a9c3a1a43d7c820316f0d2ed67e,c259c8db30799313c68a6d56731821fb,delivered,2017-09-28 16:55:37,2017-09-28 17:07:26,2017-09-29 19:00:11,2017-10-05 18:27:47,2017-10-25 00:00:00
8c2228de3ce29abb8e11211b8fa27001,1a8f9797e26ad6be74e0ded9c94f727d,delivered,2018-06-05 00:05:17,2018-06-05 00:15:18,2018-06-05 13:21:00,2018-06-18 23:18:27,2018-07-23 00:00:00
7e54f2e2af1f04c407423998a9812c73,f87e7eafa193599180f8b7006aa01e51,delivered,2018-02-23 11:53:38,2018-02-23 12:10:30,2018-02-24 00:08:55,2018-03-04 15:33:46,2018-03-15 00:00:00
b8cab60cb755ff3798f7eda51e6634f8,773032786101d756fc62073bdb3fa505,delivered,2018-03-30 21:28:48,2018-03-30 21:47:09,2018-04-02 20:03:31,2018-04-03 12:18:35,2018-04-12 00:00:00
38303a6a61c69a067203b03e3e839e3e,bc4426e195e7702bf83343db924fdffa,delivered,2018-01-20 22:53:31,2018-01-20 23:20:13,2018-01-23 00:24:37,2018-01-26 14:22:09,2018-02-14 00:00:00
38d53048cadc43042f82188a761f6765,ccbd8555e574d889b4c79b3ec6f35fcd,delivered,2018-07-15 19:35:42,2018-07-16 19:31:19,2018-07-17 13:41:00,2018-07-27 19:11:56,2018-08-09 00:00:00
9c5e0415bc4c4c089aa772c9387e0f8e,62dee8b517273bba680eb604ffbb7726,delivered,2018-05-16 10:40:30,2018-05-16 10:54:21,2018-05-17 15:06:00,2018-05-22 02:22:50,2018-06-05 00:00:00
e2a5a9157ae607d38cdb1593f74c0686,f81114079f5dbe4fd576d9f5a0c243fc,unavailable,2017-11-24 13:40:14,2017-11-24 16:16:30,,,2017-12-13 00:00:00
1d1f85267347878da2291cbb1bf6ba84,d5b12b50bd73a2202321b2b094b80344,delivered,2018-07-01 18:14:07,2018-07-01 18:30:30,2018-07-04 13:34:00,2018-07-09 19:37:34,2018-07-25 00:00:00
150fae57c8b1d3015eb9f7147073cb81,ac71f82b7f95c8723da67b5a764ec9f7,delivered,2017-10-17 10:08:38,2017-10-17 10:28:03,2017-10-25 21:09:51,2017-11-03 14:03:20,2017-11-13 00:00:00
38aedddcea7705d2d202027e67a7ddd1,b4de78dfda376465ee40da9a83d2bb77,delivered,2018-05-07 15:32:41,2018-05-07 17:17:43,2018-05-08 15:26:00,2018-05-18 13:51:46,2018-05-25 00:00:00
8ad27f298f11ab1248784468b3fa24e0,a5b99bf549cd3aebde88c53e7fb9f70a,unavailable,2018-05-07 15:27:22,2018-05-09 04:31:31,,,2018-05-24 00:00:00
e11d12748e702fcf969bd107eb604d87,995a364de8b90858127c4c131f8aa442,delivered,2017-06-27 15:12:17,2017-06-27 15:24:01,2017-06-28 10:41:40,2017-07-13 16:03:30,2017-07-27 00:00:00
2d5179fa58ed22b21f86902df78f8584,1db08c206aef92f4f7727a98db210397,delivered,2017-10-14 19:03:05,2017-10-17 04:25:05,2017-10-18 22:28:39,2017-10-19 17:34:04,2017-10-26 00:00:00
fb37491ec3b44ae85c9911fe79cc0193,9e5d200ee3887ac5a25699b622bcaed8,delivered,2017-08-15 15:51:52,2017-08-15 16:45:02,2017-08-18 17:05:37,2017-08-24 16:13:38,2017-09-08 00:00:00
92e0e57ece13a66d7232aa795367d00b,d5a4979618ec6fe5b7f120ccb95821c6,delivered,2018-06-07 15:58:28,2018-06-07 16:21:09,2018-06-08 14:22:00,2018-06-11 17:12:13,2018-06-25 00:00:00
bf3a60e4735ec22f0cb309856fedfdf1,745ebc5319fd96d44439c0dc56a2fb62,delivered,2018-01-30 18:11:27,2018-01-31 16:15:22,2018-02-02 02:05:27,2018-02-16 15:21:47,2018-02-23 00:00:00
5a55b4fcb288fcd4e03766ee8dae6a41,bcc7823ae0dd5759454940c059428ce4,delivered,2018-03-29 09:27:04,2018-03-29 17:30:56,2018-04-03 19:22:58,2018-04-13 22:58:43,2018-04-25 00:00:00
135d65ad3e989409c7acf6ec3a27bd33,9bef49530eb680901891b024cb4cdde3,delivered,2017-04-24 13:26:15,2017-04-25 06:35:35,2017-04-25 11:39:39,2017-05-08 07:49:49,2017-05-17 00:00:00
c410d85093b93e495da87d8041af5ffa,f8578672384385a1888677c3bac69dfc,delivered,2018-07-21 12:19:00,2018-07-23 11:31:46,2018-07-26 13:39:00,2018-08-01 22:58:57,2018-08-16 00:00:00
41ce93449a43ac04521c49ec611fd11b,83e521ff7d17c21b4f80b173568ff06e,delivered,2017-09-17 21:55:13,2017-09-19 03:33:37,2017-09-19 16:22:57,2017-09-27 22:37:36,2017-10-13 00:00:00
09afbfa0da8baf5f4eb28c82f7209afd,a3986b549407adaa2cbef268e6e930ff,delivered,2018-01-20 16:17:30,2018-01-20 16:40:19,2018-01-23 12:15:42,2018-02-19 19:28:58,2018-03-02 00:00:00
82f4e36c3e5c7a517807137477657336,068e1b93e18127f5d03e95308211c438,delivered,2018-05-17 16:59:11,2018-05-18 00:55:33,2018-05-21 07:09:00,2018-05-25 16:43:47,2018-06-06 00:00:00
1361ed772d73c4ca679d9679c7266142,42f2079a590ca777d54f3ccad03c29f2,delivered,2018-02-02 13:36:05,2018-02-02 14:51:44,2018-02-06 00:17:20,2018-02-16 14:22:29,2018-02-26 00:00:00
dceea990c8cf652d8a6abcb265f27301,92186910fbcdfc07123e833e722bc41d,delivered,2017-11-16 13:38:50,2017-11-16 13:55:49,2017-11-22 17:26:45,2017-11-30 19:05:09,2017-11-29 00:00:00
8462f0be98b582991e37cc159d74781e,b76749d52476f8c463c2325f2b856ddb,delivered,2018-07-23 18:15:53,2018-07-24 10:32:37,2018-07-24 15:12:00,2018-07-25 19:06:45,2018-07-31 00:00:00
04a2349771026865337d7e70a2ae0af4,c99ecf7cf706ac542dd007e0cbbd0fcf,delivered,2017-08-14 23:42:48,2017-08-16 00:30:35,2017-08-17 20:51:50,2017-08-24 23:25:28,2017-09-05 00:00:00
eb3c78fe8b35f52d4369d69d383fc212,263f9cd6ec31b2a2f80e4e26cb235335,processing,2018-05-07 22:40:38,2018-05-07 22:52:41,,,2018-06-04 00:00:00
500102fcba02a3eebe20afee72de2f33,587813508c0cb2f73223f55ce3564a27,delivered,2017-06-23 17:37:14,2017-06-23 17:50:20,2017-06-26 16:45:58,2017-07-06 11:39:37,2017-07-17 00:00:00
4428ed14e5a837c99231835f3fde0b9d,d05b620139275e5bc703e935d448d598,delivered,2017-08-04 07:18:34,2017-08-04 07:30:10,2017-08-07 15:47:27,2017-08-13 14:13:26,2017-09-08 00:00:00
ad7d9326d258f80eb37b239345f12bab,9eac01273a3af8693258b4e2cba53b68,delivered,2017-10-23 00:05:04,2017-10-23 00:25:14,2017-10-23 19:09:09,2017-11-06 18:34:04,2017-11-16 00:00:00
4c0b506d42a6b9fe0951c6cc05419141,f225771a2f46c4efd6ab6967f5c23070,delivered,2018-03-08 22:38:54,2018-03-09 01:22:10,2018-03-09 21:58:38,2018-03-21 16:22:29,2018-04-06 00:00:00
da416b186e48cb56bf0036a91b66d8b0,2e017d08bf6e0a7b1af5d632f3bfd053,delivered,2018-01-18 01:13:29,2018-01-20 09:10:26,2018-01-24 22:38:43,2018-01-29 19:58:51,2018-02-08 00:00:00
352a453381020ddaabdb65237a187e9c,83b30ad928204e529d9df916d8e5539b,delivered,2018-04-29 12:58:37,2018-04-29 13:11:09,2018-04-30 13:59:00,2018-05-07 19:50:35,2018-06-08 00:00:00
f6b066fe810a20c879b7a4aa8ffd30af,a01b1970efe8b573e00c01cf5ef8b758,delivered,2017-05-21 19:59:32,2017-05-21 20:10:20,2017-05-22 13:47:07,2017-05-24 15:56:57,2017-06-09 00:00:00
1bc2c38cb1ae7c211bef71067808a22f,81f23b87c6d4f9f35623839be4c81a06,delivered,2018-08-19 17:20:11,2018-08-20 12:30:18,2018-08-21 14:25:00,2018-08-22 20:56:36,2018-08-28 00:00:00
654b59e70552dabe9932c36967607cfc,a8df01b4468008cc56f702a059a898e5,delivered,2017-07-25 23:32:39,2017-07-25 23:45:14,2017-07-26 18:09:30,2017-07-28 14:12:23,2017-08-10 00:00:00
136c6d8d429f92dcbc6876d47eb61b05,5c220bc37df60715575a60d3ec7b72a0,delivered,2018-05-10 11:32:29,2018-05-11 03:10:34,2018-05-11 15:03:00,2018-05-14 17:36:57,2018-05-23 00:00:00
1a0c96a409c1c324fd17fde3f76833cb,6117bf62437ab37582b8845a700f2836,delivered,2017-04-27 21:30:31,2017-04-28 11:46:01,2017-05-02 07:00:06,2017-05-12 15:03:54,2017-06-02 00:00:00
b8509b6824fafb1bd28f795de8bd0008,ea528d62fde66930f81e0a4f937347a1,delivered,2017-12-21 17:06:16,2017-12-23 02:13:30,2017-12-28 15:13:57,2018-01-04 21:29:59,2018-01-17 00:00:00
164bcbb466afa4e7b9eec1760f0d7096,f476fe54d688e5e018ed94d537d7c5fc,delivered,2017-01-25 12:49:36,2017-01-25 13:02:09,2017-01-26 10:40:10,2017-01-30 14:08:07,2017-03-06 00:00:00
e4629b63b30cf97fb793509e92dbe84f,a7d491d279e4dc3bcba9ffef195a1ce2,delivered,2017-05-26 13:21:11,2017-05-26 13:30:23,2017-05-26 14:29:29,2017-06-14 16:55:03,2017-06-27 00:00:00
010d15deea8cae96ae86ea8097917a17,bfab01097454f7cf7d2ba80d7af6125f,delivered,2018-04-05 15:04:05,2018-04-05 15:15:25,2018-04-10 19:12:18,2018-04-17 18:41:01,2018-05-07 00:00:00
6e4136c5ace9e2c496768e5f6e97abe5,76e74ccff5d76c6405eb8bb84e38bf1b,delivered,2017-06-18 16:14:06,2017-06-20 11:25:31,2017-06-26 17:35:36,2017-07-10 15:16:50,2017-07-27 00:00:00
cf95215a722f3ebf29e6bbab87a29e61,e2a8d07201639004b090670ce5efe355,delivered,2017-08-25 17:14:15,2017-08-25 17:30:13,2017-08-28 13:14:14,2017-09-04 20:13:06,2017-09-15 00:00:00
d0aeffcae647a9361f9d3fc33a2479f8,2cdbfef7526be4ced7b73926dbc61a59,delivered,2018-03-27 22:47:11,2018-03-27 23:07:10,2018-03-28 18:11:05,2018-04-06 21:25:59,2018-04-24 00:00:00
5c85debdfc8ce1c52ffca18216568be9,55eb63ec4c4a5e4146da6ff2ab13f62c,delivered,2018-06-30 20:06:44,2018-06-30 20:30:03,2018-07-05 14:55:00,2018-07-13 14:59:42,2018-07-24 00:00:00
5899e054139c0623eb7e33c47f32b68a,f34afe6fe7de01bd85eae362d9b8c20b,delivered,2017-06-12 14:57:01,2017-06-12 21:10:19,2017-06-13 13:38:34,2017-07-04 07:21:33,2017-07-06 00:00:00
27f34f7957260b0d9e561139a5752836,a047fd04d7b42d53c6f321e077c6a037,delivered,2018-06-05 17:18:36,2018-06-05 17:31:39,2018-06-06 09:13:00,2018-06-22 14:58:44,2018-07-20 00:00:00
8fa52fe9cf624cb965221608a8d178a4,6995b3a491bbb2ec972952afa7b8c684,delivered,2017-11-24 22:21:04,2017-11-25 01:17:31,2017-11-28 13:41:24,2017-11-30 14:43:11,2017-12-08 00:00:00
04b3135bf087618b410a00680576242f,cd49b1a9bdfab0fa34b0ab96a9696d98,canceled,2018-07-29 19:58:34,2018-07-29 20:10:14,,,2018-08-13 00:00:00
ed508ca755bf69c5c742f7cbc19f3ef5,ff1c9d04b609c1f86948a391c16e586b,delivered,2017-10-25 00:00:09,2017-10-26 02:56:26,2017-10-31 22:19:54,2017-11-06 18:48:39,2017-11-13 00:00:00
9f817d8c0e8b270ec0715cb1c5e1305c,e8d83f6d852a30443910d6da1bbcbb30,delivered,2018-02-12 11:32:30,2018-02-12 11:48:17,2018-02-15 20:53:13,2018-02-19 15:05:35,2018-03-07 00:00:00
cfcb1e7c684257721d28ca81c394714c,2635801cfab2ae4ff5d014de14d703c7,delivered,2017-02-14 07:59:57,2017-02-14 08:15:13,2017-02-14 11:14:34,2017-03-02 20:26:00,2017-03-21 00:00:00
4e1d97aa676ca543b36d9961958831cf,e04fd5d40b1f6994876783e748389097,delivered,2017-11-20 12:47:40,2017-11-20 13:07:08,2017-11-21 19:38:28,2017-11-24 19:07:47,2017-12-11 00:00:00
991822bb734dbc3bbda5554397c3d957,f55791b5a2b3a4f027ad2523dbdf7b2f,delivered,2018-06-21 22:14:25,2018-06-21 22:38:24,2018-06-22 14:08:00,2018-06-29 15:22:57,2018-07-18 00:00:00
794651af98ca9412aa91961e14c0a796,5f4d146ec198ef05d2582c0744068489,processing,2017-05-10 20:35:15,2017-05-12 02:50:26,,,2017-06-07 00:00:00
c43c85be1846e97fe6554a68837c9f75,54cea802a045d175aec6375889f82d4a,delivered,2017-12-15 23:17:43,2017-12-19 10:10:46,2017-12-20 17:07:59,2018-01-03 19:17:52,2018-03-12 00:00:00
6ed1103fd0fa6171c6ecfb3622fef9d2,a2ce605ad71565602e3af6adb8bd6ebf,delivered,2018-06-18 09:22:13,2018-06-18 09:41:18,2018-06-19 15:23:00,2018-06-20 22:03:37,2018-07-04 00:00:00
de6db4f3c511147d4ab0a44149a38960,1b27e7f38dac493a9d3c98d25a346edf,delivered,2018-05-15 17:40:40,2018-05-15 17:55:33,2018-05-17 14:44:00,2018-05-21 13:38:22,2018-05-24 00:00:00
efd5f6d335841ef212ce657580faf95d,51e1fc8a17cbfb73d2374b9606c77c3f,delivered,2017-03-03 08:05:16,2017-03-03 08:15:06,2017-03-06 14:15:01,2017-03-20 07:26:03,2017-04-05 00:00:00
1a7a8e3660a0903b0d7c43928700edb1,dae5221bda68a557972606b040facf0f,delivered,2018-04-01 15:27:20,2018-04-01 15:47:52,2018-04-03 19:58:42,2018-04-09 20:28:27,2018-04-18 00:00:00
6e25453a992842c74dad4997432fa104,76590fc86395e0ce669099e608aa3432,delivered,2018-08-15 14:18:13,2018-08-15 14:50:21,2018-08-15 14:55:00,2018-08-20 18:08:32,2018-08-20 00:00:00
03227bf7c543bbee4efa38bb6c6763c8,416d631088217221eb0b4c18b9b8992f,unavailable,2017-09-08 17:57:39,2017-09-08 18:15:20,,,2017-09-25 00:00:00
c7e5dcc08eec0d2beca3642ca762a0b7,8779b7dd61306e3fb566468b116c1289,delivered,2017-11-24 00:31:58,2017-11-24 01:09:57,2017-11-29 22:34:43,2017-12-19 20:19:15,2017-12-18 00:00:00
f57ef42b585d020c6a058a8334fae1e6,6c185ed34983b0d80f77402efb2453bc,delivered,2017-04-29 21:24:41,2017-05-03 11:45:09,2017-05-04 14:33:26,2017-05-19 10:24:50,2017-05-25 00:00:00
614c5cb06a982f6034ec63bb29030868,33be2c117b7d66949a335c3153d3bd9a,delivered,2017-09-18 12:37:24,2017-09-18 12:45:53,2017-09-18 21:18:35,2017-10-10 16:03:17,2017-10-05 00:00:00
483c0f7f44eec6fd0fbd90914d187226,0115fdf642d451174def967bd1d55350,delivered,2017-10-31 15:30:24,2017-10-31 16:31:15,2017-11-01 21:18:32,2017-11-21 17:08:57,2017-11-21 00:00:00
1b5c359c2188ceeab2777c0d27e7c343,2920fb46b9b54caf47e17d137ca38985,delivered,2017-12-25 06:44:48,2017-12-25 06:54:18,2017-12-26 20:19:34,2017-12-27 22:59:36,2018-01-15 00:00:00
fc046d7776171871436844218f817d7d,1458a88f3713f047a6d4a23a8ee0f3e5,delivered,2018-02-20 18:07:05,2018-02-20 18:20:44,2018-02-22 00:22:55,2018-03-19 14:34:39,2018-03-19 00:00:00
8c3fc6bc1bb3cd515f5e18c50935c472,81a82901839c23acc4de55eb6bd08a2f,delivered,2018-07-19 11:07:26,2018-07-19 11:23:01,2018-07-20 12:26:00,2018-07-31 21:10:52,2018-08-09 00:00:00
c8149ea29f0a2d421ed6f7a82b6ed188,8d09c9c7c87997b0394c545088aa024a,delivered,2017-10-07 12:55:32,2017-10-07 13:07:24,2017-10-10 16:22:30,2017-10-20 19:43:50,2017-10-31 00:00:00
dff3e288033f5ee1047beaeba16bf081,c444d6c8dca3873fa507af4a27a2b9eb,delivered,2018-03-22 22:58:20,2018-03-23 09:55:37,2018-03-23 20:12:48,2018-04-04 12:12:30,2018-04-17 00:00:00
f3e0072b748ae50d569e3cd2c1e3ea38,3c9f5d85b884965667dc59d90aa2df48,delivered,2018-07-20 12:25:50,2018-07-20 12:35:15,2018-07-20 13:43:00,2018-07-30 18:37:51,2018-08-07 00:00:00
f80bb64f9bb2ac4ced01632c44a67e0d,fbb704b2c1a3373c27c8a59d7d0d45f5,delivered,2017-02-01 13:01:34,2017-02-01 13:15:14,2017-02-20 11:04:57,2017-03-02 10:14:01,2017-04-11 00:00:00
356e20d37981e953b14b5116b92979ff,edd24957d66c8ce27cdf701398661cc0,delivered,2017-08-11 16:59:04,2017-08-15 03:45:23,2017-08-17 14:42:29,2017-08-28 19:43:10,2017-09-04 00:00:00
e309cad34ebb9d0ac6278ca36f3dd286,3831925c77c419ed9abd8dd139ead3f0,delivered,2018-01-09 22:55:21,2018-01-10 10:32:13,2018-01-10 18:10:54,2018-01-16 00:34:50,2018-01-31 00:00:00
2daeb63be09fd5dc894a806f32559eef,618574d8de4772230f589e9e6bc858c2,delivered,2017-11-27 17:46:48,2017-11-27 18:00:34,2017-11-29 19:38:47,2017-12-12 13:07:22,2017-12-11 00:00:00
ec038c4d9946cec9042787452aa18aea,4c2f1e6644d4970084340cd3a4032151,delivered,2017-07-05 15:39:42,2017-07-05 17:43:00,2017-07-10 18:16:09,2017-07-19 21:04:37,2017-08-02 00:00:00
ec50de155ee50e1816b6a6df4371c4f1,d086482636923b9b7bc961b6869950e9,delivered,2018-04-16 08:32:18,2018-04-16 08:51:15,2018-04-16 22:45:28,2018-04-17 22:42:33,2018-04-26 00:00:00
ace1fa00a0f5414248ce3e4c1ccc0c0f,d8a448d4a6c91ce90242692a8e5eb318,delivered,2018-04-08 10:02:46,2018-04-08 10:15:15,2018-04-09 20:33:00,2018-04-23 19:58:26,2018-05-07 00:00:00
88d482d263a239a1fa53ec9975895f8c,12f4edd6eb013fa0324c75df31cf42f5,delivered,2018-03-04 16:01:15,2018-03-04 16:15:26,2018-03-05 18:19:06,2018-03-18 14:52:51,2018-03-28 00:00:00
153a49ded28e0fe861f537fc2b881f93,151de0760cbd861ecf7f1916416da894,delivered,2018-06-13 14:34:17,2018-06-13 14:57:09,2018-06-14 11:45:00,2018-06-20 00:08:49,2018-07-18 00:00:00
b5247f083ab1483738dc1a173aac237a,f0e79a1f29a02c9c0af513d340f48e1b,delivered,2017-07-11 22:27:14,2017-07-12 00:25:14,2017-07-21 18:57:20,2017-07-31 17:26:45,2017-08-10 00:00:00
61bfed38f9921edce07bf34cbbacf25f,e2272ac8bf459f44d6c463d1b75afb8b,delivered,2017-08-03 11:45:23,2017-08-03 14:05:35,2017-08-04 18:31:46,2017-08-10 19:13:30,2017-08-25 00:00:00
469c998a970002ef15d7e16d4b716576,b9c6a2e20686e1df4f0e9b4def253369,delivered,2018-01-26 11:00:07,2018-01-30 04:31:21,2018-01-30 21:53:03,2018-02-06 19:00:02,2018-02-22 00:00:00
7a78a9a8b6fbd55b017d8d8da0e035ff,0ca1fee2b0a940d345f188b63061bae7,delivered,2018-02-16 12:50:17,2018-02-16 13:06:52,2018-02-20 12:38:39,2018-03-24 14:28:39,2018-03-20 00:00:00
f123bcb9f930077822decd40b6b633f3,86de6ff695c68ac67ab271db8074219f,delivered,2017-07-21 23:53:40,2017-07-22 00:42:44,2017-07-24 12:13:55,2017-08-03 18:31:34,2017-08-14 00:00:00
18d03c24d935b80a422c0f6ce80a2457,d16d0af538e904235b4e054ac80bbf91,delivered,2018-02-01 12:00:30,2018-02-01 12:15:42,2018-02-06 15:58:39,2018-02-20 20:21:44,2018-03-05 00:00:00
73af716749dce46fbbc5b2c4530ab2e9,9193190ad33400f55c47c4e780595bd9,delivered,2018-04-28 11:20:00,2018-05-01 06:12:49,2018-05-04 12:27:00,2018-05-12 18:42:43,2018-05-29 00:00:00
512c6d2dd9904e8ce639b106a7689949,ed9906094c482db4ff0708204f6165bd,delivered,2018-04-18 22:04:04,2018-04-19 02:10:51,2018-04-23 22:58:53,2018-05-15 02:08:46,2018-05-30 00:00:00
35df0cf1d7650c5c0ad88837c4dfde89,56d4e564c90c03ec7bdc5958321f3874,delivered,2018-07-04 11:02:43,2018-07-05 16:13:16,2018-07-05 14:05:00,2018-07-10 15:28:43,2018-07-24 00:00:00
9b17ed1512fbdda27807b8f2f5de6584,fae59c665a33d4343581973b75e1de5f,delivered,2017-07-10 23:50:38,2017-07-12 02:10:12,2017-07-13 19:06:06,2017-07-28 22:32:33,2017-08-02 00:00:00
f1f4f8ff819c5510c061520a5485a6b1,d47b5f967dc9b5c64333afcafaac1d61,delivered,2018-08-13 18:02:02,2018-08-13 18:15:11,2018-08-15 14:20:00,2018-08-18 17:19:54,2018-09-03 00:00:00
aeb42a43f79770a6814d16704d4e1f58,cc4806fd92b5bc52c76bd55c80641b06,delivered,2018-05-09 16:00:10,2018-05-09 16:17:06,2018-05-10 13:58:00,2018-05-23 16:22:21,2018-06-01 00:00:00
b5f3769de78cc3dcbfce6616de4e266c,861ac4d275be7ea89f9c1102a560fb6a,delivered,2018-06-21 16:58:27,2018-06-21 18:20:45,2018-06-22 13:47:00,2018-06-27 14:37:55,2018-07-27 00:00:00
66308a10b1b08b360f9a7378a2ff254a,c20242d9e3109c0f8db6b5786d6f9e15,delivered,2018-07-13 13:14:59,2018-07-13 13:30:10,2018-07-16 12:41:00,2018-07-24 22:36:52,2018-07-30 00:00:00
fac9ad2862283f6ebbb3c67abc842db6,edc71b62253484eedad052d49feca6a2,delivered,2017-02-07 12:25:03,2017-02-07 13:05:21,2017-02-08 05:35:00,2017-02-10 11:09:20,2017-03-02 00:00:00
4a6309669545b27a89528e2afcf76b6e,676d6d9a4865e261e3df7dc505e3383b,delivered,2017-07-06 09:07:17,2017-07-08 03:30:44,2017-07-14 17:51:37,2017-07-26 19:13:29,2017-08-08 00:00:00
fce7ca4f8fc4109d4988bd6de96da69b,58224fdd02a2366020f78dd65bf6c07d,delivered,2017-07-14 17:20:38,2017-07-18 05:50:38,2017-07-19 19:06:56,2017-07-28 19:04:45,2017-08-09 00:00:00
4474caba80193ac70c8175e131162240,d1708296fa2d1858568bac4e9ea907bf,delivered,2018-02-05 08:33:59,2018-02-05 08:50:23,2018-02-07 19:52:34,2018-02-19 16:03:50,2018-03-05 00:00:00
07d393eec6ab2c8c4a90dd4344b6abf9,c4d2b21d80e07bd6d1b8e170b9ae4d9d,delivered,2018-03-03 14:42:08,2018-03-06 03:55:46,2018-03-07 19:21:31,2018-03-21 21:33:35,2018-03-26 00:00:00
fa1ad0a29c6a88101f0eb2e1504eb9ba,ee999a46c24288f09a34987a6886ca1e,delivered,2017-09-18 13:48:16,2017-09-18 14:04:52,2017-09-19 20:35:43,2017-09-25 22:18:34,2017-10-09 00:00:00
8b7d20431612adc12a56218cbefaddb1,3ddb718532ca50ad1bc6895d5a9032ef,delivered,2017-05-02 21:15:15,2017-05-03 15:22:54,2017-05-04 13:44:06,2017-05-08 09:13:58,2017-05-25 00:00:00
2c5797ccf0b3bf61a051628659a6d535,33859246ea7a0167422de9864bdd65b7,delivered,2017-09-26 08:14:36,2017-09-26 08:28:12,2017-10-02 19:51:18,2017-10-10 20:23:36,2017-10-23 00:00:00
f5ccdd828561c205992f7e38be419560,78aabbf61cb7310258ff80e339d6d464,delivered,2017-09-27 16:20:41,2017-09-27 16:35:16,2017-09-28 19:43:34,2017-10-09 18:39:00,2017-10-25 00:00:00
2b1e4967ed6ca5b1edd58b616b4da7e8,b5c48451a5d396c3ce2a7bb9ecfd0113,delivered,2017-04-26 16:16:23,2017-04-26 16:30:14,2017-04-27 16:27:41,2017-05-03 08:16:34,2017-05-16 00:00:00
daa41ee15e241169ca681b61b93bae77,4264e24f36aa1ed42c41aa53c87e28a9,delivered,2018-06-10 19:59:30,2018-06-11 20:05:06,2018-06-13 12:02:00,2018-06-25 21:59:30,2018-07-17 00:00:00
93360105ca495a4a0a6f794ceb678ffa,3ce34bb8e367bf73269332c55df37764,delivered,2018-08-13 10:47:03,2018-08-13 11:05:06,2018-08-14 10:25:00,2018-08-20 22:45:55,2018-08-27 00:00:00
2b101e802b6712f2fc129966a2c518fd,91f514d2637f3d11c0394fd89807f69e,delivered,2017-09-19 15:49:02,2017-09-19 16:04:41,2017-09-26 17:09:03,2017-10-03 20:41:34,2017-10-11 00:00:00
c69c18eaa4efb1da1d0a89ae4e9ee485,a8c58a2803895dbfa679c57766ad69c4,delivered,2017-06-14 14:13:14,2017-06-14 14:22:55,2017-06-20 11:54:21,2017-06-26 14:47:55,2017-07-18 00:00:00
36d41a5b60875876ac9f3dea8d233a1f,9525e9588f32cbc9dd5eecd6c63da24b,delivered,2017-11-27 08:41:22,2017-11-27 08:50:53,2017-11-28 17:32:32,2017-12-18 23:08:06,2017-12-19 00:00:00
2e714c63b48a7f01b1bcd40c2621b813,608d1467c0aa3e122509bbe443173525,delivered,2018-01-22 13:11:52,2018-01-22 14:54:59,2018-01-26 21:58:41,2018-01-31 13:58:03,2018-02-06 00:00:00
31a9fc3107df7fca6d3e9d14f7b2da84,1d350be5c2a21f6aed74c0f3ecea8f45,delivered,2018-07-26 13:59:24,2018-07-26 14:40:05,2018-07-27 12:52:00,2018-07-30 18:08:01,2018-08-10 00:00:00
8cb5fe50fcb1a1155fa2f27857895eaf,6822b63b51497118744724b12cfef448,delivered,2017-12-14 10:15:47,2017-12-16 02:36:40,2018-01-09 17:14:52,2018-02-19 23:35:00,2018-01-19 00:00:00
059d893dde97f787f2f608d5a5d13e0b,e813177a243614efe9ee7d4b466011c3,delivered,2018-03-29 11:34:59,2018-03-29 16:46:06,2018-04-02 23:37:31,2018-04-06 18:31:24,2018-04-26 00:00:00
31b7099f02dfb1ef54bf9b3c44aaf417,48ccf3a1988ef7c484efc8142bd0a8ea,delivered,2017-07-06 19:35:07,2017-07-06 19:50:14,2017-07-07 18:59:36,2017-07-14 15:57:42,2017-07-26 00:00:00
719c1d51ad40a458c511ebcfcdd0ebda,674726e22be3793ff1ca03835381d770,delivered,2018-07-17 15:23:54,2018-07-17 15:35:16,2018-07-18 15:31:00,2018-07-21 14:56:39,2018-08-03 00:00:00
d3f188004b9a9be7084c1f771e594963,e6b4ac526bc0cffe935360815bf63a8d,delivered,2018-02-03 17:15:30,2018-02-03 17:30:03,2018-02-05 20:12:26,2018-02-07 01:07:59,2018-02-21 00:00:00
0132f39e8ad9b42ad2d41c847f44c0ed,a09467d10848ae399caa6f3fb072c6cd,delivered,2018-07-05 14:49:56,2018-07-05 16:22:32,2018-07-05 14:58:00,2018-07-06 21:09:08,2018-07-18 00:00:00
207899590ac0ec260af0446b68101b21,a890c03e9d0445e3f23f331a4fa21a1c,delivered,2018-02-25 21:43:00,2018-02-26 21:48:16,2018-02-27 23:53:00,2018-03-27 18:56:49,2018-04-12 00:00:00
5a79a5d66715f65b1d5da094777cf64c,76f6213a7062e68ac72d4d7ba53cb190,delivered,2018-04-19 19:25:33,2018-04-19 19:35:21,2018-04-20 15:41:35,2018-04-26 23:11:41,2018-05-17 00:00:00
2c8740f9df6d253c15dc035eba80ebed,5a073c41c1e7729b4538e4018a6cd170,canceled,2017-04-12 11:23:01,2017-04-12 11:30:25,,,2017-05-11 00:00:00
e5d30ef739b1ed6f89f11ff5fd9e285a,31bf991e13d77e9989c3ead0765bd1c2,delivered,2018-05-06 16:07:47,2018-05-07 08:33:16,2018-05-07 13:19:00,2018-05-18 23:36:48,2018-05-22 00:00:00
8e3e95c75ca8b9168011d70008721a8e,5ef06f93b1fbac078908745ddf166733,delivered,2018-06-09 10:09:59,2018-06-09 10:31:47,2018-06-11 06:47:00,2018-06-18 23:05:10,2018-07-04 00:00:00
81c53fd7fc60655da24e455974b880ce,b8829548983e5e22ebd65f1912aae3be,delivered,2018-05-07 13:03:38,2018-05-07 16:33:58,2018-05-08 09:09:00,2018-05-21 23:38:44,2018-05-25 00:00:00
44d8d6537512d2e5754fb6b3c19b602c,3302a1ea4704c28ed03c480d2adf369c,delivered,2017-09-12 12:25:13,2017-09-14 02:55:43,2017-09-19 20:03:44,2017-09-29 17:48:54,2017-10-09 00:00:00
7a1bca69f79d87467a917e1fdc8cda7e,5cf22a974923bb5a481327e3d2a0dbd3,delivered,2018-06-11 10:08:39,2018-06-11 10:32:19,2018-06-15 14:58:00,2018-06-19 18:18:49,2018-07-16 00:00:00
bcdc0a3ff14ce03999d56620cb4e1a01,69bf47236b3b6d2da24ec0a6df47e9f9,delivered,2018-07-25 10:19:30,2018-07-26 05:35:18,2018-07-27 14:09:00,2018-08-01 21:52:44,2018-08-10 00:00:00
5daa414749c292efd9d970aca5097a8e,75ea68485f36b8c728d852ba4fdeef28,delivered,2018-07-24 22:49:42,2018-07-24 23:04:22,2018-07-25 14:56:00,2018-07-26 17:38:56,2018-08-01 00:00:00
16a734cfaa6c702038169458cbe82e8d,bfd5bf632f6b9a12533562e4d41df443,delivered,2018-03-30 16:48:58,2018-03-30 17:30:15,2018-04-02 15:28:58,2018-04-04 02:05:25,2018-04-12 00:00:00
e179226f2bce4372c9425cf0a6948201,23e138f6446b78ec7e1ce525a6b58680,shipped,2017-12-12 16:59:08,2017-12-12 17:08:54,2017-12-13 22:38:40,,2018-01-08 00:00:00
7a04a9036cd32390e8f17eaccd2dcef4,53fb54e7d01b29d01ba8fc1e6bc911ab,delivered,2018-02-05 23:26:08,2018-02-06 23:29:58,2018-02-07 17:17:42,2018-02-19 23:17:56,2018-03-09 00:00:00
8e7f64e866bf825d3a947aceba789a11,23543bec99fb61d6e26e3c4b0e76943e,delivered,2017-12-19 02:46:32,2017-12-19 02:57:21,2017-12-19 20:42:37,2017-12-20 18:42:42,2018-01-08 00:00:00
e5121f24a3ef1cb4b742aba33736755e,eb43bbaadb2127e8e40ae1c3f5cb3d58,delivered,2018-07-13 06:04:56,2018-07-13 06:15:10,2018-07-13 14:14:00,2018-07-23 22:53:23,2018-08-02 00:00:00
cf0e03e1812c8c676e5f37237bd08af0,81d403f18add253c6ed54f5105cf07c1,delivered,2018-04-05 11:16:24,2018-04-05 11:30:15,2018-04-07 00:50:41,2018-05-05 14:41:56,2018-04-30 00:00:00
5e50a22ce9e50818a296f991c4035540,781db10a11a21cbfc43467e1104341d3,delivered,2018-05-14 16:09:54,2018-05-14 16:36:47,2018-05-15 15:17:00,2018-05-24 12:48:47,2018-05-30 00:00:00
ec3352dd1b10d126a76972b35d676210,e831ead649a497d0ca8bc035f8fbea7b,delivered,2017-06-12 09:43:41,2017-06-12 09:55:19,2017-06-16 15:13:19,2017-06-19 14:07:49,2017-06-28 00:00:00
f17168721437c520f0336574d898eacb,c46ec098607e9c34bf0489ef525d0b85,delivered,2017-06-23 16:31:54,2017-06-23 17:35:37,2017-06-29 09:12:02,2017-06-30 16:05:53,2017-07-06 00:00:00
3b43489e5e595593e63470f9e524d325,0f4e6706036eec942d3b94d1d00ba58f,delivered,2018-06-22 21:24:55,2018-06-22 21:58:37,2018-06-25 13:20:00,2018-07-24 14:41:46,2018-08-01 00:00:00
cae916a392d51a600dd6d7b5eb9b8106,1d266d86834dff1ab24930ccf69c2bcf,delivered,2017-11-25 12:46:12,2017-11-25 12:59:17,2017-11-27 19:10:11,2017-12-02 19:18:45,2017-12-18 00:00:00
d8315a97f7666b5ec33f0f34dabc7856,6536b7e35e2598371da42ea384a43ddb,delivered,2017-07-01 02:53:19,2017-07-01 03:03:34,2017-07-04 14:16:31,2017-07-10 17:12:24,2017-07-31 00:00:00
0561429ac3333cdeaff4cdd6bd1ebfb6,8d2707128b67193f8346e9568d4f16c6,delivered,2018-02-11 00:50:02,2018-02-15 04:11:08,2018-02-15 23:28:34,2018-03-07 00:09:34,2018-03-13 00:00:00
92e569b96881cdc062cc199bc7465002,6b50e8e8f944c111ed859a1df91e8138,delivered,2017-12-01 15:52:41,2017-12-01 16:10:20,2017-12-04 18:13:41,2017-12-13 00:09:36,2018-01-04 00:00:00
a48f45594f50b8ef8b1f29ca12a3d2e3,699b80206570f18885590c8bc671cd9a,delivered,2018-02-23 11:29:58,2018-02-23 11:49:36,2018-02-26 22:53:45,2018-03-01 16:18:14,2018-03-20 00:00:00
fcbd9f7c8203db7648e20538075ee96f,14e866d63b658a85948f6b785ea82d2f,delivered,2018-08-13 17:24:24,2018-08-14 17:24:03,2018-08-20 13:44:00,2018-08-28 21:41:36,2018-09-12 00:00:00
40bc2b2661f13c1a9888396ed56ba79a,9c223d53ab7486b96258509a886d7017,delivered,2018-04-23 20:23:04,2018-04-25 03:15:15,2018-04-26 11:43:00,2018-05-03 18:39:48,2018-05-17 00:00:00
ba410d3716d84da98d4c313d16b13bf4,b72f83ceb50b170acce9cf406fde5f00,delivered,2017-02-06 14:19:04,2017-02-07 04:10:34,2017-02-08 08:35:00,2017-02-15 13:43:56,2017-03-15 00:00:00
5b3e6244d63f344c1ec9663776e1ca97,cb5012c6bff7312d0e432b30c005a2ac,delivered,2018-01-18 18:20:45,2018-01-18 18:33:46,2018-01-20 17:25:26,2018-01-27 11:18:32,2018-02-15 00:00:00
906268a28f453b77e24e45f921af13b7,b48c81f358ef89322c24e2a5ef52f249,delivered,2018-03-08 09:42:27,2018-03-09 02:31:20,2018-03-09 20:06:44,2018-03-16 10:46:34,2018-03-26 00:00:00
ae825c311734d9ebfd9e6e67a8e3625e,9ed9fc5345920a68a9d9f08fb58e61bc,delivered,2018-03-01 00:09:51,2018-03-01 00:29:05,2018-03-06 23:06:34,2018-03-14 18:41:48,2018-03-19 00:00:00
429db7656bb9bd2a1fc038fcbc4fa159,0c72632077a893989155f0507aed5927,delivered,2018-03-04 23:59:33,2018-03-06 03:55:51,2018-03-07 20:07:50,2018-03-20 22:32:57,2018-03-29 00:00:00
7af818e6d3ff877a6fd091e86a17a285,4b1cd5f6a4b5face33e57509a38b3c57,delivered,2017-09-22 12:56:59,2017-09-26 04:14:13,2017-09-27 19:53:21,2017-09-29 14:52:18,2017-10-16 00:00:00
938c8cbe289e7aa04f8eb3221cf19574,24417cdc12fe255a7cdd87ff914a9af8,delivered,2017-04-19 17:01:47,2017-04-19 17:10:17,2017-04-20 08:35:44,2017-05-24 09:41:59,2017-05-11 00:00:00
d2ed4eefadea4e4e8294cca0006e39f7,2ac15321c365353c71bb07e03d5978f1,delivered,2018-03-25 09:32:40,2018-03-27 03:49:12,2018-03-27 23:42:03,2018-03-31 17:40:27,2018-04-18 00:00:00
83f40343811b7a7641af81d74e1a7875,9470c8136f65b36188e06ba951759b7c,delivered,2018-05-03 17:51:52,2018-05-03 18:14:55,2018-05-04 17:26:00,2018-05-05 10:56:27,2018-05-22 00:00:00
30b3bd0e05a2c3cb7022f019e9798a57,f6a7ff431d7ed9734bde2600bff37a2f,delivered,2018-07-02 21:17:58,2018-07-02 21:30:26,2018-07-03 14:16:00,2018-07-06 18:35:38,2018-07-25 00:00:00
a650c3b90a4fe07df3649652c1571200,c7d46d38693dda374be909b1fade2047,delivered,2017-12-06 07:41:06,2017-12-06 07:53:29,2017-12-07 00:12:28,2017-12-08 19:43:17,2017-12-29 00:00:00
cb81db8b34483bc0d7852c6d862fcff4,943bc4889db0a521065764e8787ecfa1,delivered,2017-11-29 18:09:33,2017-11-29 18:19:32,2017-11-30 14:58:53,2018-01-10 17:03:38,2017-12-28 00:00:00
f829f185f0ec92a117ee3d8c9e9ed19b,12658d23a028a4fd61c6ed1baddf98ad,delivered,2018-04-06 13:51:26,2018-04-06 14:10:22,2018-04-07 01:27:44,2018-04-09 16:32:55,2018-04-18 00:00:00
0da14a6f8cfe93767dae5dd80ffae245,acd2729e1d77ccc2761fe33480c72208,delivered,2018-03-27 09:56:19,2018-03-27 10:10:18,2018-03-27 20:12:29,2018-04-04 17:03:50,2018-04-19 00:00:00
e224d9d6fa66b26b8b86e73d2852136c,922955184e7e92d55ad006fbe9f14d74,delivered,2017-01-15 12:41:31,2017-01-17 12:41:57,2017-01-18 10:55:18,2017-01-27 12:13:56,2017-03-14 00:00:00
4ee98e5c36cdadbb40216412e0364478,a1c1b7bc5b4c7e44bd662900ea448b05,delivered,2018-03-06 14:40:32,2018-03-06 15:21:10,2018-03-14 06:38:41,2018-03-22 17:57:29,2018-03-26 00:00:00
ba6aaf63c5d2bf742be03bf21eaff7f3,0b6f61f6034f1009da19848463ad280c,delivered,2018-01-08 11:53:35,2018-01-08 12:08:41,2018-01-08 20:56:30,2018-01-18 22:43:06,2018-02-14 00:00:00
faf24d720d9868ca8f55193b656161e6,a7224d3689032ea4ce1a723a888f8d8d,delivered,2018-04-30 11:50:46,2018-04-30 12:15:36,2018-04-30 13:35:00,2018-05-08 20:21:16,2018-05-25 00:00:00
6393706cdc8de0c4a17854e747f0795c,e76a9bc6c11c6ce349ea66fbdcff4fe2,delivered,2017-11-16 12:50:24,2017-11-16 13:11:05,2017-11-20 18:41:34,2017-11-27 21:47:09,2017-12-12 00:00:00
2a6e8337ac5b1fdb4aa243c834525f66,5555fef9ff07b9b1368c78c29cabf396,delivered,2018-06-06 20:18:06,2018-06-06 20:34:21,2018-06-07 14:22:00,2018-06-15 22:46:48,2018-07-17 00:00:00
0b6e75056fea21ce5208e0a4d56a058f,bd835f90053d2e51c506a5a0d2ed9c68,delivered,2017-11-12 12:29:44,2017-11-12 12:46:46,2017-11-17 18:56:57,2017-12-05 23:29:06,2017-12-13 00:00:00
3b8b089bc022c76fdc8a31a7db000bb0,3afe0ffbdcb5358c7a908b96ac0b4d6d,delivered,2018-04-20 23:36:29,2018-04-24 19:05:10,2018-04-25 13:59:00,2018-05-07 20:58:50,2018-05-29 00:00:00
e5d242a2715fffa5cd81b14e3587b571,e1ac927df4788454117fefd0c765f80b,delivered,2018-05-10 11:34:01,2018-05-10 11:55:19,2018-05-11 09:14:00,2018-05-16 16:02:47,2018-05-30 00:00:00
2ffda1267c5facd329521f983872a4bd,507325082e0594483c3d905e6121171c,delivered,2018-04-02 11:02:07,2018-04-03 20:09:09,2018-04-04 22:16:31,2018-04-24 11:16:39,2018-04-26 00:00:00
d5b96096b282a551c36fc1d4a9bb2f75,a8c3aa97105dafd8f641edcb5cf6a341,delivered,2018-04-30 22:12:33,2018-05-01 03:32:37,2018-05-03 15:12:00,2018-05-15 15:28:57,2018-05-25 00:00:00
121272279b30a29c68123cd40843a040,3adda932fc75b073dbd12c842cb18f6c,delivered,2018-08-15 17:48:29,2018-08-16 03:25:24,2018-08-16 08:43:00,2018-08-21 23:13:34,2018-09-03 00:00:00
a729a5577a90047af954bb2210ebca66,0b3495408fdeebce89762ce64a9ae7f6,delivered,2018-07-23 10:52:58,2018-07-28 23:30:57,2018-07-25 14:12:00,2018-07-30 19:05:09,2018-08-02 00:00:00
512485d4e17f424aef2b67cb443172ca,b69172b3a131c3a94f90353e16441b19,delivered,2018-05-09 21:07:30,2018-05-11 03:50:19,2018-05-17 12:42:00,2018-06-12 23:36:40,2018-05-30 00:00:00
eb5daa33a38be17a7386908ce4561ae0,a668e9cf6bc4af7c7a6746f74b6be94f,delivered,2017-12-03 18:04:49,2017-12-03 18:15:26,2017-12-05 23:28:37,2017-12-29 17:43:46,2018-01-08 00:00:00
9f49bd16053df810384e793386312674,98ef9188ce9357bd77f60150a935c7fb,delivered,2018-07-29 11:41:33,2018-07-31 04:31:32,2018-07-31 13:40:00,2018-08-06 20:07:34,2018-08-22 00:00:00
3bc1ef297e5cc49434e331eea09faec4,153407ddd1d1805eea9f2ee7596630c4,delivered,2017-10-28 13:51:48,2017-10-30 22:31:42,2017-10-31 16:39:55,2017-11-03 14:48:44,2017-11-17 00:00:00
7cf4d6735272dc5678263c8d9c1144d4,90e6e01cd1fecee19196a73260c9f845,delivered,2017-09-27 21:30:35,2017-09-27 21:49:19,2017-10-02 14:46:28,2017-10-04 00:41:47,2017-10-17 00:00:00
bfe0ea9bbed24adc7b8264ebe10401e8,bca8bba0ea1eedec5c8490b408d6b97a,delivered,2018-07-30 14:36:29,2018-07-30 18:31:10,2018-08-03 13:15:00,2018-08-09 22:18:23,2018-08-16 00:00:00
3241db830366645e6a88f6384ee36cc7,439272beaa5c881ca48058d7c72109b8,delivered,2017-03-04 16:07:37,2017-03-04 16:15:23,2017-03-08 15:33:09,2017-03-14 13:34:39,2017-04-06 00:00:00
b5bccf69e002eae737904e21c79ad3e6,40ffe3a318a047641bda2ce07fb12b6a,delivered,2018-01-30 17:38:37,2018-01-30 17:58:02,2018-02-01 13:38:20,2018-02-09 15:12:26,2018-02-22 00:00:00
ff7afc3a494e5d28aab8559a5e1bb1b4,501369ec46283ac3440665496c7c1ddd,delivered,2017-05-14 08:39:56,2017-05-14 08:50:12,2017-05-18 13:41:49,2017-05-25 12:07:43,2017-06-05 00:00:00
f0f8ddca6e245aed05b58e2ad7986a0d,6e9fc33f111f0719202f45c24204acd0,delivered,2017-11-24 02:48:07,2017-11-24 02:57:20,2017-11-24 17:54:00,2017-12-04 15:34:04,2017-12-21 00:00:00
7cc3506c6d4d61a98dc64418c1026d0e,726a065bb91c9e5df726bfe805f2d1ff,delivered,2018-05-16 09:50:30,2018-05-16 10:12:32,2018-05-17 12:56:00,2018-06-27 17:45:45,2018-06-07 00:00:00
b3096cede7bf1dd20ff6607c7ee786e7,7bcb3207fc35ea99f2c4c2be2d9b8e00,delivered,2018-08-01 23:39:17,2018-08-02 00:44:02,2018-08-02 12:56:00,2018-08-07 09:36:39,2018-08-07 00:00:00
f5ac2f2da6f2f8228a83d6ee71909439,5cd3b70cb7cf755c4c87a1f9ebd19b0f,delivered,2018-02-01 17:53:21,2018-02-01 18:43:35,2018-02-06 03:24:54,2018-02-15 19:16:48,2018-02-26 00:00:00
019c4b64cf3d733807ef5bc8bcf6d123,48d85e07af2e0cf0dac271b518829138,delivered,2017-10-16 14:05:06,2017-10-16 14:27:29,2017-10-17 18:55:51,2017-10-23 20:50:08,2017-11-03 00:00:00
e9a22dcbd75fcabceb686e5d6745b07b,16ea6215d04210ee5847d91040024792,delivered,2017-12-01 13:35:32,2017-12-01 13:58:27,2017-12-04 21:42:57,2017-12-08 00:23:24,2017-12-29 00:00:00
4c48c455b847c7a5d291a519e1e42d28,8001a46c331af9144942c30dc5b12141,delivered,2017-12-04 18:58:06,2017-12-06 18:51:26,2017-12-11 23:35:35,2018-01-09 22:25:59,2018-01-04 00:00:00
af3b41ce890eefbd6ee273bf7df396dc,fcb443ac4ff760d0bfd548ba32abd938,delivered,2018-07-07 21:22:30,2018-07-08 21:15:19,2018-07-12 15:57:00,2018-07-23 11:04:34,2018-08-02 00:00:00
cde3a38426f2025992e76394bfed732c,15ea74654519544cdcbd136566f47a8e,delivered,2017-10-16 15:04:24,2017-10-17 04:14:15,2017-10-20 22:15:29,2017-10-31 17:46:07,2017-11-10 00:00:00
38df543e1956e91a0b4ee89c4a49dbf3,a51a285ffe58e0184d1a7879a179c996,delivered,2018-05-09 11:38:44,2018-05-09 11:55:14,2018-05-16 13:41:00,2018-06-05 19:43:41,2018-05-30 00:00:00
052d3bf6e40dd9000d1497f6f10db0b0,d8f6ead838ecc7e795a6b88a85d0d274,delivered,2018-03-16 12:11:18,2018-03-16 12:29:22,2018-03-16 23:04:10,2018-03-20 22:21:31,2018-03-28 00:00:00
d3eb95a405998c3aebc7350f2273bc24,3041378c1db16f083d4b3f9f6d38991b,delivered,2017-12-20 09:08:27,2017-12-20 09:30:00,2017-12-20 20:13:17,2017-12-28 22:09:20,2018-01-15 00:00:00
b5c7eca14b937c34c4eca801d71668fc,4907ba2deda6f3cf96409a181c097ef5,delivered,2018-04-17 16:12:04,2018-04-18 03:52:10,2018-04-18 20:04:06,2018-04-24 18:25:47,2018-05-11 00:00:00
823e4c9d908f5ec1cad58e1e3e7d716d,7602193faf4a04077a96dbc64e25e571,delivered,2018-08-22 21:56:07,2018-08-22 22:05:18,2018-08-23 14:38:00,2018-08-31 02:21:48,2018-08-31 00:00:00
e594644501ac2bce6c65b6c21b0c625d,50120b2e9525017c97134c87a2e04967,delivered,2018-07-26 16:51:49,2018-07-26 17:05:10,2018-07-27 15:10:00,2018-08-10 01:42:20,2018-08-22 00:00:00
501c116653eaf88cfccc776f8066c13f,68e2315bb68097a47af6f93db20473bc,delivered,2018-06-25 06:57:33,2018-06-25 07:17:37,2018-06-25 13:43:00,2018-06-27 21:04:59,2018-07-16 00:00:00
c0cb48c270009fc128318b2f9eda3bec,246295516c97fc54aa274c6fd2222602,delivered,2018-04-22 17:47:10,2018-04-24 18:34:06,2018-04-23 18:02:33,2018-05-04 18:17:35,2018-05-15 00:00:00
40b36d6345e694ab69d96b2fe390ac48,2625bfe2272090a61821551e909c2aae,delivered,2018-03-28 23:21:14,2018-03-29 07:50:22,2018-03-29 18:18:33,2018-04-12 23:02:31,2018-04-23 00:00:00
255f9d6c9f38ecc3ad31ef908b7a2e7b,13b9dffa5f31e11219f201acf338c7d6,delivered,2017-12-13 21:53:08,2017-12-13 22:09:59,2017-12-15 16:51:44,2017-12-28 20:27:30,2018-01-15 00:00:00
af805f1566d654b87cb6d3505fc15114,4fec8c71b53eec1e656cfe33c0767e0c,delivered,2017-09-27 20:39:16,2017-09-27 20:56:25,2017-09-29 19:45:45,2017-10-13 21:13:10,2017-10-25 00:00:00
aa0f5120dbd7776eb7289031e22a8329,26ab7fc41bcc634a71bf252e0f2e2009,delivered,2017-11-25 03:24:36,2017-11-25 04:29:58,2017-11-27 16:28:52,2017-12-04 23:56:57,2017-12-18 00:00:00
cd81ba816ce2aa9e8c681c321ddf0a22,a0f8f8226dd35e827719dfcac90e5193,delivered,2018-01-25 10:47:47,2018-01-25 11:11:53,2018-01-26 19:51:36,2018-02-06 17:42:51,2018-02-20 00:00:00
19d1e5344936559f5f7b21099fdadd0e,3b8977e6367e78587cb5751de37c2268,delivered,2018-07-02 16:41:22,2018-07-05 16:14:55,2018-07-04 10:59:00,2018-07-10 17:32:02,2018-07-30 00:00:00
80234ed83f65ba58f3424c43b86f8bd3,45fc0134bf9167eebcab224b104a6301,delivered,2018-08-22 13:19:37,2018-08-24 03:15:18,2018-08-24 12:29:00,2018-08-30 00:23:48,2018-09-20 00:00:00
6fc04dd62f16cf5d1986c91166a2125f,171cc8e936208ef130707982728df024,delivered,2017-10-04 15:09:06,2017-10-06 02:14:12,2017-10-10 17:41:52,2017-10-17 20:47:48,2017-10-27 00:00:00
5999d0076050549364f1df892e1aeaa5,28c0c209da1b812e1f01a311024a61c5,delivered,2018-03-22 10:14:00,2018-03-23 10:08:45,2018-03-28 01:52:15,2018-04-02 19:38:42,2018-04-13 00:00:00
9e0584f7d8ecc18347e6ce7eb7922628,819de07331adbd18c444712e08d51dc3,delivered,2018-07-15 13:52:04,2018-07-15 14:05:25,2018-07-17 09:31:00,2018-07-20 21:58:44,2018-07-30 00:00:00
c6ceea8c10c1521a2f993bc956800cf5,9a7965465aaa863ad7cdffc0b132741c,delivered,2018-03-01 22:48:38,2018-03-02 22:55:27,2018-03-07 00:07:12,2018-03-29 15:12:25,2018-03-22 00:00:00
63bde5725b228500f05caf98f74a4867,58edd19666d5d24a87f3d054f32aa52e,delivered,2017-12-06 19:41:16,2017-12-08 19:30:10,2017-12-12 21:18:56,2017-12-19 12:10:25,2018-01-02 00:00:00
02c9b2b746777e4dadcf72941e5a010d,b9c7a79a20537b1e943044225f0b0113,delivered,2017-04-14 18:09:37,2017-04-14 18:22:15,2017-04-17 14:41:43,2017-05-02 17:42:12,2017-05-25 00:00:00
7540c92bc2fd94372f074954677213c1,95487d0934f136c2742457652f607d7f,delivered,2018-02-02 12:33:55,2018-02-03 02:53:24,2018-02-06 19:04:31,2018-02-15 20:45:23,2018-02-20 00:00:00
80d9c03bcaef317e3d2ad8d6fe48538d,074de085ef6f81a46dd7118d6d8836f9,delivered,2018-04-02 13:32:16,2018-04-02 13:50:06,2018-04-07 01:28:34,2018-04-16 23:38:51,2018-04-27 00:00:00
86e15c44520932e049ca96660a60b776,13c2dbc76e00f0ef236e19d51354e90a,delivered,2018-06-01 21:24:10,2018-06-01 21:35:12,2018-06-04 15:30:00,2018-06-20 23:34:43,2018-07-27 00:00:00
ac4d3e658ac54a9c801b43b95c792fe6,178850fca63c022ac730d9836256d29d,delivered,2017-12-02 15:49:59,2017-12-05 04:12:28,2017-12-06 20:52:19,2017-12-13 19:17:01,2018-01-04 00:00:00
6354cc319780012d87e001f137f6a0a7,5966cf45badedcb1b2427510d42f3d11,delivered,2017-12-20 14:30:44,2017-12-20 14:39:24,2017-12-21 23:09:39,2017-12-26 15:09:00,2018-01-15 00:00:00
e0c83ad159e2cd8db050164ca8b9b9b5,1298e3220772cd4ec57add9b5a818e5b,delivered,2018-01-20 22:15:50,2018-01-20 22:41:09,2018-01-23 18:13:05,2018-01-29 21:37:55,2018-02-07 00:00:00
43caa2bfbf19b07993e7794248faec20,4de98243699a77c4e13518505c0cf598,delivered,2017-11-03 21:11:11,2017-11-03 21:31:19,2017-11-06 19:42:13,2017-11-27 16:05:48,2017-12-04 00:00:00
dba28a189fd1425d68f33018e1d88808,53202144475d0cf804633433eb184c46,delivered,2017-11-23 22:24:09,2017-11-25 06:17:42,2017-11-28 18:39:00,2017-12-11 18:12:59,2017-12-19 00:00:00
2075dec2fbf09cb75f0bfb8140aaea7a,6a4bf830ea406c25860d8ad8f6bfa0a5,delivered,2017-09-16 09:05:54,2017-09-19 03:30:47,2017-09-21 20:58:16,2017-09-25 17:29:05,2017-09-29 00:00:00
0519649fc6c78b0e228b6ea8e6767095,513fb11b4affcd68a42726ab18ffa6bf,delivered,2018-07-13 12:49:15,2018-07-14 03:04:13,2018-07-16 14:47:00,2018-07-24 18:36:31,2018-08-01 00:00:00
fbd05af8c1751b972fc6e19b1190990e,6df4246f1cf9de5292f78450941d26eb,delivered,2017-02-09 23:55:19,2017-02-10 01:05:19,2017-02-13 12:21:41,2017-02-21 15:47:51,2017-03-09 00:00:00
cc21ab75e3789696563aa9f32365c3ce,ce642ed845cd30776fbec8f959915f4b,delivered,2018-02-25 20:46:08,2018-02-26 20:48:12,2018-02-27 21:13:57,2018-03-02 23:56:32,2018-03-16 00:00:00
e1367e30165c3d215977f5caebcc299d,e8a2219b2fd553c95a488a4e041e3bb6,delivered,2017-11-09 16:40:00,2017-11-11 12:06:41,2017-11-14 16:22:06,2017-11-16 13:07:46,2017-11-23 00:00:00
29d3feafff91c156f661f3cfed630f1b,f54c7a8f5e41902e3b093cce09cb4831,delivered,2018-06-24 21:13:11,2018-06-24 21:33:57,2018-06-25 15:22:00,2018-07-13 18:18:51,2018-07-27 00:00:00
b1f7fb71499474d31b9352b2e91a5220,9a0093dfa08ee67348a6ac005135a2b6,delivered,2017-11-24 07:29:12,2017-11-25 05:17:30,2017-11-27 17:37:44,2017-12-03 13:59:51,2017-12-18 00:00:00
d116a9f838daeae6ab2e694cad2045f8,f67d9e12ea311010186ea6dd5b1748f7,delivered,2018-05-15 21:12:48,2018-05-15 21:35:24,2018-05-16 14:45:00,2018-05-19 17:46:39,2018-05-30 00:00:00
793c2f0661686b1d7e18efec8c4b43be,580414edf10e54926b0b40b5e9bbfdd0,delivered,2017-07-22 15:14:36,2017-07-22 15:30:13,2017-07-24 19:05:02,2017-08-01 17:51:53,2017-08-17 00:00:00
91994f8dcbbc13dc5c10dec21eb19d6f,94f03822b60737e31a4b49f336c96f13,delivered,2017-05-19 10:36:16,2017-05-19 10:55:12,2017-05-22 13:18:16,2017-05-31 07:57:50,2017-06-12 00:00:00
e9613fa6e02ff8ae45f37ca30b0468a1,86025340edc60ca36327c4169f070f8e,delivered,2017-12-20 12:04:33,2017-12-20 12:17:28,2017-12-20 23:09:30,2018-01-08 21:39:27,2018-01-24 00:00:00
9a623ce03254eb3cf475d659d0719319,96c128001eb80c129f9356e856f17446,delivered,2018-03-26 21:26:46,2018-03-28 02:55:21,2018-03-28 19:05:08,2018-04-06 23:03:23,2018-04-24 00:00:00
c43d9824271456d761379296996811fc,c2cfed40fa990f6204cd545804280291,delivered,2018-07-22 14:46:56,2018-07-23 12:32:44,2018-07-23 11:25:00,2018-07-26 18:46:42,2018-08-06 00:00:00
51712e0d3d1de647e512d95dccbe5a93,1fe167b007e7b6080ef8116d0f35cb3e,delivered,2018-01-31 22:30:30,2018-01-31 22:49:04,2018-02-02 17:09:08,2018-02-14 19:13:18,2018-02-22 00:00:00
b3a63f4fb89da65142691825fc1443dc,ea737b9e94df65f18bc22b67a2a852b3,delivered,2017-08-05 00:31:02,2017-08-05 00:43:17,2017-08-07 20:32:31,2017-08-19 16:04:21,2017-09-11 00:00:00
02de39953ce1cf1f7c6d46aac400ee82,7856aaac2fe87c5394fac93513ff254d,delivered,2018-07-23 13:01:19,2018-07-24 11:32:35,2018-07-25 11:55:00,2018-07-30 13:58:25,2018-08-10 00:00:00
c72727d29cde4cf870d569bf65edabfd,964253ff0e4e08180064764a450e521f,delivered,2017-02-07 18:01:15,2017-02-09 02:50:07,2017-02-10 05:32:55,2017-02-14 14:27:45,2017-07-04 00:00:00
009838529bb913846ab6670d22865381,062cc8c5ff387d407645b93970baee73,delivered,2018-06-14 09:08:47,2018-06-14 09:37:53,2018-06-18 13:56:00,2018-06-26 16:36:44,2018-07-17 00:00:00
e59e3805b6853ed31516f019ab44c3b1,fb54e4c6db413239a97873a13c366310,delivered,2018-01-28 22:52:59,2018-01-28 23:18:17,2018-01-29 19:39:11,2018-02-06 00:43:03,2018-02-23 00:00:00
041d5ff28cb7d9b107b7461064dd40e2,8f9415469618cb9fb859cacab18cc324,delivered,2018-05-16 19:30:19,2018-05-16 19:54:37,2018-05-17 14:24:00,2018-05-23 18:47:22,2018-06-14 00:00:00
1fbe0504bb91684a36cb3bc56b4f0171,c4149a9313bc56d51e34029d0a6b91e1,delivered,2018-07-20 09:21:40,2018-07-24 11:33:08,2018-07-25 13:37:00,2018-07-26 19:57:32,2018-07-30 00:00:00
dfb7ad2750d51f15a654d8734414a6f4,ea61c8208a16fc3b6e9aa23568000749,delivered,2018-03-17 20:00:51,2018-03-17 20:15:40,2018-03-20 01:07:36,2018-04-02 20:42:41,2018-03-29 00:00:00
8ed6a8a5676ec75090b339386c390967,7bd6207a5b003af1a97ba15f4184e979,delivered,2018-01-08 12:08:09,2018-01-08 12:29:27,2018-01-09 14:30:19,2018-01-22 15:35:21,2018-02-07 00:00:00
d181b55979f2c800ff80a62c71731826,70df2cacf9b7a4758836dbf814de2e86,delivered,2018-01-24 21:29:24,2018-01-26 03:16:45,2018-01-29 18:45:49,2018-02-10 00:52:13,2018-02-19 00:00:00
69bec49dcedcbf07e8333244796dd70a,621c23f2d651357cb0c13e71fec8e0aa,delivered,2018-05-22 22:16:29,2018-05-22 23:18:00,2018-05-23 14:33:00,2018-06-07 16:54:20,2018-06-25 00:00:00
bd61cca18344a303e8e6bef9861d64c5,640a26640208ad6b8098bca916463a8b,delivered,2018-08-02 12:05:29,2018-08-03 02:50:32,2018-08-07 14:22:00,2018-08-13 21:21:24,2018-08-21 00:00:00
0de9012381a06cf0b025e60e60c7dbc5,f6d97d3f2e16dc3b60bd0c61f0ec68ec,delivered,2018-07-02 21:47:23,2018-07-02 22:10:35,2018-07-04 13:50:00,2018-07-10 20:32:18,2018-07-20 00:00:00
7bc50ec93f941b5bdf5da2fa87d04131,f2a3918bbc082e10e605d547bbdf8042,delivered,2017-05-21 21:09:56,2017-05-21 21:25:13,2017-05-22 10:52:18,2017-05-26 10:22:08,2017-06-16 00:00:00
13745e40e031fc753b072545abbde8e9,9027b069d034d8d8f7cf1f9652ff702d,delivered,2017-08-12 22:00:15,2017-08-12 22:15:13,2017-08-15 14:27:55,2017-08-17 20:47:36,2017-09-05 00:00:00
c3e9d9951790c4e72c7c07eb6517ac6d,ea66c70e2b9d026070e602f959aecd6c,delivered,2017-11-29 18:05:59,2017-11-29 18:14:35,2017-12-04 18:38:41,2017-12-20 20:22:36,2017-12-27 00:00:00
20fb36f0bfaf10e2d33e99f55369f927,6b78b0252c9cab9a767514065abb61c4,delivered,2018-05-09 00:22:20,2018-05-11 03:37:41,2018-05-11 13:17:00,2018-05-15 18:04:59,2018-05-22 00:00:00
7f685e08cef9cb9c0d7dfff90ece93d9,c9f7f8c891c537fa25fd0456acd01b33,delivered,2018-05-12 10:20:03,2018-05-12 10:34:22,2018-05-14 13:58:00,2018-05-15 18:57:44,2018-05-25 00:00:00
34b08d44616ad558fbb0cc8e0f7226c5,6de6ec78a173f0c103d6f090751fee55,delivered,2017-06-13 11:12:52,2017-06-14 02:35:26,2017-06-14 15:38:05,2017-06-29 12:14:40,2017-07-06 00:00:00
2f547e1278ec9e38b722447379fa08b7,9d69752d450ccf0ae458ea055dbad6e2,delivered,2018-08-05 14:50:57,2018-08-05 15:05:14,2018-08-06 10:40:00,2018-08-09 02:38:29,2018-08-14 00:00:00
317cb7f3391660e97cfeaa2ca5927df0,60f1dec678126bd21045e15d68774953,delivered,2017-11-24 18:25:17,2017-11-24 21:36:59,2017-11-27 20:32:10,2017-12-02 12:22:47,2017-12-20 00:00:00
c4b7a58ef60f4839159cd08137d4a18d,a90c0553da200832991f1db0e9ca75dd,delivered,2017-07-31 19:55:17,2017-07-31 20:10:18,2017-08-02 16:59:20,2017-08-08 21:44:33,2017-08-22 00:00:00
61c371c97bc39650300c359853390644,c59a67c7f3942b4756a8e20e46ea5c8f,delivered,2017-09-11 16:29:02,2017-09-11 17:45:24,2017-09-15 22:52:52,2017-09-28 17:37:05,2017-10-02 00:00:00
d642656598ae928a250620315d19e87e,caff4f8a777982400b180beef136d4da,shipped,2018-03-07 10:43:39,2018-03-07 10:55:37,2018-03-12 18:20:57,,2018-04-09 00:00:00
a7196aa0b21ab34d46c246d361d6d4e7,840dff94e86cf9881a3e67d32abf9c27,delivered,2018-01-31 10:32:19,2018-01-31 14:06:37,2018-01-31 23:06:53,2018-02-06 21:04:19,2018-02-22 00:00:00
6da45c88a41888408e61bfe388d93f01,ea94754b4cd71085c914bf60e5a2dd56,invoiced,2017-10-03 01:38:04,2017-10-04 02:44:06,,,2017-10-24 00:00:00
151204eb9ce2aab5379ea84daffed8e2,7dbbf2eaef71edacbeab83c079cf2097,delivered,2018-01-25 22:10:39,2018-01-27 02:42:23,2018-01-30 23:51:49,2018-02-16 12:29:01,2018-02-23 00:00:00
f9e3b033a477076e2b9e014a852af668,e341b3f8d88fc48a56221bacbe1d7e55,delivered,2018-01-25 12:09:32,2018-01-25 12:19:09,2018-01-26 20:46:42,2018-02-08 15:23:10,2018-02-19 00:00:00
524373cdfe081410364850a83583b23f,ad93607713cebd330319c9fb27d33ab0,delivered,2018-01-15 18:08:12,2018-01-15 18:15:48,2018-01-17 20:30:56,2018-01-24 14:52:13,2018-02-08 00:00:00
9b2e5e7107f9b0d28873782803e01ecd,f528cd2e64c47c4d65c1355294c43323,delivered,2017-01-17 20:20:10,2017-01-17 20:32:51,2017-01-18 08:48:04,2017-01-26 06:15:39,2017-03-06 00:00:00
9ce8edfd64ca03e850463ed0b3d73de0,291db4200871af918813cb0a7667a505,delivered,2018-06-18 16:49:24,2018-06-18 17:20:28,2018-06-19 14:07:00,2018-06-28 19:14:34,2018-07-26 00:00:00
5fab3feaceb801a5aceee1ee42ded280,7b9cd72412faa5633a5bef6d7f6921fc,delivered,2018-05-02 22:52:54,2018-05-03 00:13:04,2018-05-03 09:21:00,2018-05-07 14:12:32,2018-05-24 00:00:00
b6db3da1ed3c1f5a82c7e5456e212d74,6ddb8747bdcad87a91ea5ce5c0c79a42,delivered,2017-10-03 13:20:57,2017-10-04 13:28:18,2017-10-04 20:42:15,2017-10-16 22:03:04,2017-11-07 00:00:00
d523e3017b5b43a3ce38bfc92347c050,d21097b4b1d179c559666ecf79db44b4,delivered,2017-11-18 17:01:33,2017-11-18 17:15:20,2017-11-22 22:03:05,2017-11-24 21:32:53,2017-12-01 00:00:00
f19b492f25812691633dffcf530146f6,00c1cef22f54b3d3935e1c145b0c6ec6,delivered,2018-02-03 13:54:47,2018-02-03 14:10:10,2018-02-05 21:21:32,2018-02-19 13:27:46,2018-03-14 00:00:00
45f11d8a4d2495c964276e1b076dfdd4,eb40cea0854ef03e33b8d95642ffabf7,delivered,2018-01-07 00:53:38,2018-01-07 01:07:05,2018-01-26 18:41:54,2018-02-05 18:08:58,2018-02-09 00:00:00
108e1d5b7a25ff07b49e500b1c7ae4b0,7d1fee2758dd8420cb44dc7f4fdec08f,delivered,2017-06-07 10:57:08,2017-06-07 11:10:13,2017-06-08 16:16:46,2017-06-21 16:19:44,2017-07-10 00:00:00
24ad99d678845d2757bd19e1eff877a8,8097a1c159df9f814f105cad7df336e3,delivered,2018-01-06 00:11:38,2018-01-06 00:31:51,2018-01-09 23:20:20,2018-01-15 18:59:07,2018-01-24 00:00:00
9be002bcd1377fbea7bbc30136885a64,a56934ac6ba4aefa2d26ee8bba42d883,delivered,2017-06-02 18:30:25,2017-06-02 18:42:46,2017-06-08 12:22:33,2017-06-19 16:02:32,2017-07-11 00:00:00
db5f0d2b31255bbf42582d67727f1588,aae1194a13036a24c766a265bd81a7a5,delivered,2017-12-04 21:59:19,2017-12-05 10:30:50,2017-12-06 18:53:09,2017-12-12 20:44:56,2018-01-08 00:00:00
971fb1014faca6be7799d127ba892f66,c3e47ef7bfd01c96e06d5c23791fe289,delivered,2018-01-10 19:14:05,2018-01-10 19:24:25,2018-01-12 22:35:22,2018-01-15 20:33:38,2018-01-30 00:00:00
d866a99eedddb2e64c1dc53d01c9ea15,2448ec629f325bf8416d7f2b5b412d9e,delivered,2018-04-09 10:52:39,2018-04-09 11:10:49,2018-04-10 19:58:57,2018-04-16 17:51:35,2018-04-27 00:00:00
2d8d50ea5c81b884a2dfac05b44f04b2,377adbb777636f7476c1389734ad896c,delivered,2018-02-21 14:37:41,2018-02-21 14:55:39,2018-02-24 13:23:55,2018-02-28 18:39:09,2018-03-07 00:00:00
9635ce9faca001ffd1c913c8e55deaed,4541fb6085235c60a37508989a808894,delivered,2017-11-24 10:12:09,2017-11-24 10:31:47,2017-11-24 18:57:07,2017-11-25 19:24:49,2017-12-12 00:00:00
a759ad28933493d22dbaf7c75445cbe5,ca29cf9562654bac7552283bd561bd48,delivered,2017-11-09 23:25:11,2017-11-09 23:36:05,2017-11-17 19:48:51,2017-11-20 14:56:48,2017-11-24 00:00:00
1f3508f1f78349b8223d5de8501b2518,dd1aebf2f6706096d60ff7ea13b5a78d,delivered,2018-03-28 14:44:50,2018-03-28 14:55:17,2018-03-29 22:03:43,2018-04-02 21:07:32,2018-04-16 00:00:00
445e35406984b81b3f9109de8994e197,5854eece0da8b269533797089c252832,delivered,2017-10-17 16:07:49,2017-10-17 16:30:04,2017-10-18 19:12:39,2017-10-25 14:53:09,2017-11-10 00:00:00
f3c19ec2622d12aafeb4c32621b951b2,ed8281fe17bd28cb00b79f98fba9c537,delivered,2017-12-13 12:58:59,2017-12-13 13:12:06,2017-12-15 18:34:57,2018-01-13 02:18:44,2018-01-10 00:00:00
8c6fd4e7cb09a08b5984934adba61c22,46b26f3f1422ec5f866ae49f1be87d4f,delivered,2018-04-19 22:37:24,2018-04-19 22:54:00,2018-04-20 18:56:47,2018-05-10 19:08:37,2018-05-18 00:00:00
44057a0c45f90ab0770ae9a42c7dc374,7c15762ae09383a4684b58647065c926,delivered,2018-01-07 16:34:21,2018-01-07 16:47:12,2018-01-11 01:06:09,2018-01-15 18:43:05,2018-01-31 00:00:00
b4cc15026eee314f397bdfe9767a0a9e,7b35ee727d8a06ebf3585b36583f11ad,delivered,2018-01-19 23:31:34,2018-01-19 23:38:30,2018-01-24 12:19:12,2018-01-31 14:28:45,2018-02-15 00:00:00
7faec2979809e2590815b95ff2d7c3ca,e25e6ee39ce79eeff6b4927b86571759,delivered,2017-02-07 15:46:53,2017-02-07 15:55:20,2017-02-08 16:14:05,2017-02-13 19:42:18,2017-03-14 00:00:00
6b38b67d834db1c3d56ddd487abd313d,f6e133f39ee37a47edf5772ae656baa8,shipped,2017-04-19 15:11:34,2017-04-19 16:22:02,2017-04-20 14:33:47,,2017-05-17 00:00:00
22c7d5e040008a3a92511cde8f592f06,cf67eba1075cf29bb068152ac8476d24,delivered,2018-04-19 23:11:27,2018-04-20 04:12:12,2018-04-24 18:33:32,2018-04-27 20:22:02,2018-05-22 00:00:00
2299befc86b7b31fc23dcba911582355,ae0417f3c2319e7c7ef0a65b63dbc7ea,delivered,2017-11-16 22:44:30,2017-11-16 23:00:46,2017-11-17 20:26:59,2017-11-23 20:38:35,2017-12-05 00:00:00
c9b70da85e0373973856f7a37dc6f5d4,edd31c1519304643775736e643962b95,delivered,2017-07-21 20:01:08,2017-07-22 09:15:17,2017-07-24 22:19:25,2017-08-01 21:54:47,2017-08-14 00:00:00
4a735f6373f45ecb870a1d4dbf3217ab,5bba532e8fdba927a88ba9f33713acc2,delivered,2018-04-18 12:02:16,2018-04-18 12:15:17,2018-04-18 22:41:37,2018-04-20 15:17:41,2018-05-08 00:00:00
6c38cc0437106405b2e22f6c3ada72e4,7018d75138497f39ef79e2f7d0fd53fe,delivered,2017-09-19 20:35:01,2017-09-19 21:43:45,2017-09-21 21:37:59,2017-09-28 16:35:48,2017-10-16 00:00:00
b575e62716d36f28049cdafc28bd9d99,c0ff1e29f4d781683beca18200983257,delivered,2018-08-10 11:23:48,2018-08-10 11:35:20,2018-08-14 15:06:00,2018-08-17 22:08:35,2018-08-22 00:00:00
049f68d642ed97629f4f13966b3082af,514c224360b5f3d898bc57052663ba38,delivered,2017-12-25 17:49:18,2017-12-27 04:14:47,2017-12-27 22:59:22,2018-01-12 10:54:29,2018-01-24 00:00:00
a9f75df1cef311cb1a83706ed6992b41,c84a6e2da1eeb1774d66c63160a82805,delivered,2018-01-19 17:49:59,2018-01-19 18:20:30,2018-01-23 12:28:33,2018-01-26 20:32:59,2018-02-09 00:00:00
bd1c5f97d14241d464813493f158ffe6,8cae9570f7b1e0f30b6a31ba75fd8314,delivered,2018-06-29 07:14:19,2018-06-29 07:30:35,2018-07-02 22:58:00,2018-07-06 18:58:51,2018-07-27 00:00:00
c0a8c5b9536ee81202e0c08ffd9abee4,9e9d917a4dcbc69e41a7772dbe236713,delivered,2018-06-29 11:28:18,2018-06-29 11:51:20,2018-06-29 15:34:00,2018-07-04 21:19:30,2018-08-06 00:00:00
d533465bbc7613d13d848d9ca34c2a21,6910b473b366f1f4d0560bffc6e85b97,delivered,2017-11-28 18:15:03,2017-11-28 18:32:32,2017-11-29 20:07:55,2017-12-07 17:54:12,2017-12-20 00:00:00
aa3a8549b44bdf1c12309c0f439f9964,b7496ea4b33eaf521ee4bd4a25ad477a,delivered,2017-05-19 16:39:10,2017-05-20 16:50:09,2017-05-23 12:31:42,2017-05-29 07:16:45,2017-06-13 00:00:00
8418f6b2abe992eedc0c136424fa139e,848ffdeb191369d63983e8391411cbc0,delivered,2017-10-11 13:14:45,2017-10-11 13:28:36,2017-10-23 21:55:36,2017-10-25 20:53:49,2017-10-30 00:00:00
9021245fa468408aa7111005cf498277,b05e470173dfb81aeaea55359fd35db9,delivered,2018-02-18 13:58:52,2018-02-18 15:06:43,2018-02-21 00:27:19,2018-02-26 18:18:55,2018-03-09 00:00:00
bda4a979b6d9a0a3993ea2ef51a41497,e467d6ea09ebf67931a3981f7ef5db84,delivered,2017-12-18 11:36:10,2017-12-18 12:37:35,2017-12-19 20:18:02,2017-12-21 15:12:19,2018-01-05 00:00:00
8829629b95d42763072cd54b7d7abf87,eec9bb4c6bf4c4d80492360075189f39,delivered,2017-11-21 15:01:00,2017-11-21 15:10:30,2017-11-23 19:02:37,2017-12-09 00:23:21,2017-12-12 00:00:00
6c06950ffc1acaa875164203a8334192,e67cfbdc86ca1f35d2c3e5d3e092f8c4,delivered,2017-10-24 16:33:43,2017-10-24 16:49:26,2017-10-25 15:16:08,2017-11-01 22:48:51,2017-11-17 00:00:00
66c6a58505e03067481f59a56fd5b362,b2b873cd5f2e39108cbd3527ddf9a861,delivered,2017-03-24 14:43:10,2017-03-24 14:55:12,2017-03-27 11:15:09,2017-04-04 10:52:47,2017-04-13 00:00:00
32efd401773730f7d0d1c5ae2b841465,2f9b8619efb59affa0046e1c0d708c96,delivered,2018-06-29 17:34:17,2018-06-29 18:30:37,2018-07-03 06:05:00,2018-07-04 17:08:55,2018-07-18 00:00:00
0de08476877eca848f61e9e236256b3a,681202b72de12353560c8d17de1187af,delivered,2018-06-20 11:08:14,2018-06-20 11:26:20,2018-06-20 14:50:00,2018-06-21 19:45:33,2018-07-03 00:00:00
fc23e88553b5a1dbbbc124972cc4534b,e3c41a81d6fb46980a44244fb90e8e84,delivered,2018-08-16 09:51:42,2018-08-16 10:10:22,2018-08-17 12:53:00,2018-08-21 02:34:41,2018-08-23 00:00:00
546f8ad06a534934fdf15a5b1b10b9f6,34fc1866586bd50cfde68e61ba2fed0d,delivered,2017-09-11 23:58:13,2017-09-12 23:55:17,2017-09-18 19:27:41,2017-09-25 18:07:45,2017-10-03 00:00:00
94854459746ccda5ed3c3440739bb202,85f5996744b30a3b1556a17b3c51ce18,delivered,2018-04-20 19:00:01,2018-04-24 18:35:04,2018-04-23 19:23:47,2018-04-26 20:14:49,2018-05-15 00:00:00
a396a3ced410ba6d02ebb907e5c34530,fcc915c201f58b20e92faf7fad1d9c35,delivered,2017-12-01 08:04:37,2017-12-02 02:51:15,2017-12-05 01:25:46,2017-12-28 17:04:01,2017-12-28 00:00:00
583778f2a1b6b016b054423277086598,e38c25fd0a93092fa341755e65cd3631,delivered,2017-12-30 18:24:49,2017-12-30 18:46:39,2018-01-05 22:11:03,2018-01-28 09:10:06,2018-01-31 00:00:00
f9c78e6e58306dc81efbbada1ac11f24,4740044a9390cc45b2c213e8714129e7,delivered,2017-09-01 22:26:18,2017-09-02 22:23:53,2017-09-05 12:08:46,2017-09-13 19:07:33,2017-09-21 00:00:00
fc8942567e69a0f7adf0f30d5f154bda,9118ed9ec042f365177a300a886cfb2e,delivered,2018-02-23 20:32:38,2018-02-27 04:31:23,2018-03-01 00:19:07,2018-03-06 19:05:45,2018-03-21 00:00:00
0f34156bfdc1f9ea431eebf0b9343d42,eb00367de725a3a5e7f6fa8367b65963,delivered,2018-07-01 17:21:29,2018-07-01 17:35:12,2018-07-03 15:38:00,2018-07-06 18:42:08,2018-08-03 00:00:00
0faf8d02fc7c032316ae70b90e6e1fec,7e2df1cd02b3bf50358cbd49758f3307,delivered,2018-07-31 23:30:17,2018-07-31 23:44:07,2018-08-02 14:18:00,2018-08-13 17:14:33,2018-08-28 00:00:00
5128bbf180434cd939884e273629de98,88b0bac2d79ffc97560b013de0f97f4e,delivered,2018-08-07 23:19:16,2018-08-07 23:35:13,2018-08-10 14:52:00,2018-08-13 22:21:43,2018-08-10 00:00:00
74af727a6c0d520a3943330d3cf93b42,8ffb408da9f0c62f9f071e319989f259,delivered,2018-08-17 22:52:29,2018-08-17 23:10:09,2018-08-20 14:35:00,2018-08-21 23:58:27,2018-08-23 00:00:00
c4b6e7386225d1998cf863991ed1e47f,29bdfd7cb1c6a9ef72c7ddddab1fa3c7,delivered,2017-11-09 12:24:44,2017-11-09 12:35:34,2017-11-10 15:28:42,2017-11-18 13:28:36,2017-11-30 00:00:00
d8fdce7c3ba072263bdf443e1d906778,0d597964dad5f9770e7922ae7a64a21f,delivered,2017-04-21 18:56:39,2017-04-21 19:10:13,2017-04-24 08:46:28,2017-05-05 15:53:32,2017-05-24 00:00:00
0ee24d5ae95ccf0552a2ef03dfadb924,62b36a6b0df7e45c871a49d9296a8c0a,delivered,2017-08-17 09:49:45,2017-08-19 02:24:38,2017-08-21 21:31:53,2017-09-06 20:04:07,2017-09-21 00:00:00
06a521049a08d59361b1ae229b3efcc7,76e0f58a2cb8ab2aeddd01ac2c97626b,delivered,2017-07-07 19:25:39,2017-07-07 19:43:02,2017-07-10 19:43:27,2017-07-13 17:12:07,2017-07-27 00:00:00
938c78d5c2b914b79fb0b344731a5b08,5237c68fcf7877ae3f92cef9c4878e03,delivered,2018-02-06 10:15:32,2018-02-07 02:56:11,2018-02-08 19:39:01,2018-02-16 16:33:44,2018-03-06 00:00:00
d6912f804ef9076f6172f0eee4207749,1d6a944bceeba3cdb4ad7a1fe2938fd4,delivered,2018-04-15 03:35:34,2018-04-16 08:51:10,2018-04-16 21:12:17,2018-04-23 11:07:31,2018-05-16 00:00:00
b1b42afa1e73f34f90872f5f1ec48391,cf0b077259962737e33cc1ac00e82769,delivered,2018-07-26 20:32:46,2018-07-26 21:10:16,2018-07-27 14:01:00,2018-08-03 12:27:13,2018-08-16 00:00:00
7b039bcfd98f73afd5973f8ba56c5987,2167f4b3d82d1519048c2a2d821765f2,delivered,2017-11-27 15:46:48,2017-11-27 15:58:53,2017-11-29 00:18:49,2017-12-19 19:50:13,2018-01-02 00:00:00
00a4d94df1c9757661679b2f4bd6d311,6fe655df4b9e1e4a3fc234cec27c55aa,delivered,2018-04-26 12:41:29,2018-04-27 03:30:47,2018-05-02 10:20:00,2018-05-07 20:28:56,2018-05-22 00:00:00
252788350f9dad30b31847845fe119fe,43c2e0c2bffdba58e569a9cf02d9b508,canceled,2017-04-23 14:58:37,,,,2017-05-23 00:00:00
164edfe5bd700da6195bc453f107dc17,1c493ec5d1ea416ebfad2dc2a28fe25d,delivered,2018-03-10 21:13:38,2018-03-10 22:00:33,2018-03-13 23:46:45,2018-03-15 16:52:31,2018-03-22 00:00:00
8c832bb62350baf5d5bf4138f91787e4,ef7b5936f5557d3a908845d80e43467c,delivered,2017-10-10 08:50:08,2017-10-10 09:14:11,2017-10-11 15:47:53,2017-10-25 19:23:44,2017-10-30 00:00:00
ce9ab4cfbb50936abf90ef14408b41c7,43310f2ccac055857c45f0158299a2e8,delivered,2017-05-01 13:11:44,2017-05-01 13:25:11,2017-05-05 14:36:50,2017-05-13 11:57:46,2017-05-30 00:00:00
39b4b4cec1024fa0cddfb5201edc78d2,942ddb99ad63510904cd5346781a9045,delivered,2018-02-09 20:40:29,2018-02-12 09:50:24,2018-02-14 22:18:32,2018-02-28 17:25:08,2018-03-16 00:00:00
a01074d070fb607d7e92d6a4a13de47a,66878a146ff0935a6889a7646958440b,delivered,2018-03-29 17:18:37,2018-03-30 03:26:56,2018-04-13 17:11:45,2018-04-15 14:58:49,2018-04-26 00:00:00
52fb3b22b5c78d0b753ffeb820ed01a1,12d6c8927ce18ddc37dc9e74ec9dec83,delivered,2018-04-14 14:06:55,2018-04-14 14:31:32,2018-04-19 21:06:58,2018-04-23 19:38:46,2018-05-03 00:00:00
589eac637e68da58add10ee5e6710bac,8bad98b4cfc0bec348b202ea08123680,delivered,2018-01-12 10:59:33,2018-01-13 04:54:59,2018-01-15 23:12:54,2018-01-24 00:12:33,2018-02-06 00:00:00
defc9635e736dc57770092284a0eeee0,fec9e0a6f9f777741e7f3d3b9693a734,delivered,2017-10-01 21:52:36,2017-10-01 22:07:26,2017-10-06 14:46:07,2017-10-13 20:52:07,2017-10-24 00:00:00
a1147112afc377c2361f5b27f17675f3,8d2fdef78ee20442bdfc5dca39b6562e,delivered,2018-03-23 20:32:53,2018-03-23 20:48:10,2018-03-26 22:12:06,2018-04-10 21:09:01,2018-04-17 00:00:00
027042c68ea5fac4428694e17ac50538,f753500e103533c0f47c35ca41d9923a,delivered,2017-12-12 15:23:37,2017-12-12 15:38:25,2017-12-15 19:29:11,2017-12-28 14:19:04,2018-01-10 00:00:00
dfb37d2ceed290c718d7778273ba8b4a,b154a09d611816a2bd59fa2582e5beb8,delivered,2017-08-22 20:05:07,2017-08-22 20:15:23,2017-08-23 21:33:02,2017-08-28 21:12:44,2017-09-20 00:00:00
158efe328e2ddf45e72017374145646e,af3fd22df097ba996e6a79ec214dce34,delivered,2018-01-30 16:55:06,2018-01-30 17:19:43,2018-02-01 01:16:32,2018-02-05 19:08:38,2018-02-15 00:00:00
a3e6b4dfa4c321071ce66af89c4903b8,1e226b035e0cf954ea0b6772d939b470,delivered,2018-04-04 08:12:18,2018-04-04 08:29:32,2018-04-05 17:51:32,2018-04-30 18:07:55,2018-05-14 00:00:00
609891a2ed5547ff8096ccb06022a826,020b5927efefde521078d6db7ef0317e,delivered,2017-11-02 00:52:37,2017-11-02 01:05:53,2017-11-04 18:02:45,2017-11-11 17:44:47,2017-11-23 00:00:00
2fd1f537efecf73f84bc7c24d966cff8,e478caf34618a0752f0924ca3847c0e0,delivered,2018-04-05 07:17:48,2018-04-06 03:15:29,2018-04-07 01:24:39,2018-04-10 00:18:37,2018-04-23 00:00:00
6cec1e2a7601ff15714a60b8cb6f3b43,243eeeec5f919489d72115136d4c2992,delivered,2018-05-09 11:44:59,2018-05-10 03:36:59,2018-05-11 14:38:00,2018-05-16 16:58:55,2018-05-25 00:00:00
cd5d896429fb41469e5414dd0b56cd01,b349d1bf2b2d11bd7d1d066bce229ce5,delivered,2018-08-06 20:29:06,2018-08-08 03:30:22,2018-08-08 14:10:00,2018-08-13 09:18:20,2018-08-15 00:00:00
a96197cd3594ecdabaeda0841d5a63fd,688dc55db881d83c92c6dca6ac9e6682,delivered,2017-04-02 18:43:05,2017-04-02 18:55:07,2017-04-28 05:37:51,2017-05-04 12:26:49,2017-05-31 00:00:00
0a66244c735378791bf14412b6c97df0,a3cc815958a0313f44694efc042434ea,delivered,2017-03-22 18:48:07,2017-03-22 18:48:07,2017-03-23 15:02:50,2017-03-28 14:00:27,2017-04-17 00:00:00
cd2079cf74c5ccc03fd848508b776152,016c54a71587052826a1ce53c8c6b1d5,delivered,2018-02-06 15:15:03,2018-02-06 16:11:34,2018-02-09 21:36:45,2018-02-14 21:22:22,2018-02-22 00:00:00
608570b95a49743971fb82089b960070,fcadbaa8e24272d377d3b8c08c6bc583,delivered,2017-10-09 15:28:45,2017-10-09 15:45:29,2017-10-10 19:27:53,2017-10-17 22:06:16,2017-10-31 00:00:00
86bc68d61da741ce223415cef6a13799,f9941bc637d95827dfe89343c28f1275,delivered,2018-08-22 22:53:19,2018-08-22 23:05:18,2018-08-23 10:38:00,2018-08-28 20:56:43,2018-09-05 00:00:00
83d75e259ccfb20c073dbf2a74dc8fb9,b83ddd8a3dc792e59a8dc90d05f6840b,delivered,2018-06-19 18:55:41,2018-06-19 19:19:04,2018-06-20 12:17:00,2018-06-23 17:34:27,2018-06-29 00:00:00
b52571bcd79c8d0e16272c548228a5a4,cf3772ed0c2c62f2411ec6bafa1be74c,delivered,2017-12-06 10:51:17,2017-12-06 11:14:49,2017-12-11 14:49:21,2017-12-26 20:49:01,2018-01-03 00:00:00
818682a31ca442be80d20a2ae4330156,9cbbd0d34efa93be40b726a803e21422,delivered,2018-07-30 13:22:12,2018-07-30 14:00:10,2018-07-30 19:39:00,2018-07-31 21:49:27,2018-08-09 00:00:00
2e6a1087eb563f7648142859dceb5d90,a738e734d60f6c8e29a2e892b52d6ba3,delivered,2018-02-04 12:26:27,2018-02-04 12:35:33,2018-02-05 17:44:11,2018-02-22 13:23:28,2018-03-15 00:00:00
b51858d1888f8dfa7ffe83f06fbcb3c3,3d55ce02def747007e481ed93b98388c,delivered,2018-06-14 18:53:42,2018-06-14 19:18:57,2018-06-15 14:16:00,2018-06-20 17:41:17,2018-07-04 00:00:00
6d482de66fa3ace9fc873ae40f19c4a6,010ebb5ce5da9367a59959153f083968,delivered,2018-07-20 19:40:40,2018-07-25 23:31:51,2018-07-24 15:31:00,2018-07-30 18:16:51,2018-07-31 00:00:00
65c103df35abbe57462ae508a41fe3a3,950f5ae7202ebb07431ee23e539e8b33,delivered,2018-07-03 18:38:29,2018-07-05 16:31:14,2018-07-05 15:51:00,2018-07-12 00:40:57,2018-08-02 00:00:00
116916cf522fb4386293fb7cfa886e7e,d78f6069da55a04e77ac324ab187c2aa,delivered,2017-08-25 23:55:43,2017-08-26 00:05:54,2017-08-28 20:16:55,2017-09-11 12:46:08,2017-10-02 00:00:00
30556d57d6a8a68bbfc00619bceaeedf,4d042e4dc301e869d325e4dd227beafb,delivered,2017-07-28 16:21:55,2017-07-29 02:23:34,2017-07-31 18:22:53,2017-08-08 13:28:03,2017-08-21 00:00:00
058af2b14bd6831bf3350cc96b0f4822,22e2382e2526b79392797774d529f259,delivered,2018-05-22 17:19:24,2018-05-24 02:34:26,2018-05-24 17:14:00,2018-05-25 18:44:49,2018-05-30 00:00:00
27240c0c08c0744d4070effa2394ba4c,07430e92e9f370ce78184e10a07b3493,delivered,2017-07-31 15:14:00,2017-08-01 15:30:18,2017-08-02 17:33:30,2017-08-15 17:08:14,2017-09-01 00:00:00
35837feff69c830a990c5ecae625bab5,ea4b4e3e3f339a13d491b41ded5bf3ef,delivered,2017-02-08 16:49:29,2017-02-08 17:03:03,2017-02-13 08:49:28,2017-02-15 09:38:01,2017-03-21 00:00:00
9aeecc9e1b5dc77872bddd35b141fd83,147bdb1d0e42e08333e0c2a3d960a3a5,delivered,2017-11-23 22:05:20,2017-11-23 22:28:31,2017-11-24 18:48:56,2017-11-27 21:23:24,2017-12-12 00:00:00
4f8bcc599bf25aa16aa67fd4ebf895dc,473c155bbf0e0ae803bd419e8b1e24eb,delivered,2018-06-03 10:38:07,2018-06-03 10:50:18,2018-06-04 16:08:00,2018-06-07 21:28:50,2018-07-12 00:00:00
226bdeb6252bfee90f63517f430be2e9,f344a641af9aeeb5dca01be9058eb92b,delivered,2018-02-21 12:09:19,2018-02-21 12:30:21,2018-02-23 18:18:54,2018-03-26 23:24:32,2018-03-15 00:00:00
c935e68603928d994d8a444c00f49bdd,4239e5e2e73c44d3112fc1f8216197d0,delivered,2017-11-28 04:24:53,2017-11-28 05:07:23,2017-11-30 16:38:52,2017-12-01 22:33:59,2017-12-12 00:00:00
294910a301fb69b5ed0b34e8cd946088,13791d6b3c4243f751729367e1f50e15,delivered,2017-10-16 11:39:58,2017-10-16 11:56:16,2017-10-23 18:04:03,2017-11-14 20:43:08,2017-11-27 00:00:00
64f1dbc00645c1bd7e70f69b19f95976,4774c5d956128e012215b1f667990658,delivered,2017-10-22 20:23:44,2017-10-22 20:35:22,2017-10-24 23:37:06,2017-11-01 01:13:14,2017-11-10 00:00:00
f83b35bc0a9c439bc1a4a6597f425432,43ea303acc944617d349869c998870f5,delivered,2018-01-12 22:44:11,2018-01-12 23:17:16,2018-01-15 17:09:45,2018-01-16 20:15:17,2018-01-31 00:00:00
d03ba703f83e314f2bad7505a1031522,44b0e19cde4e2cb4acf0dcd9f314f248,delivered,2018-02-07 21:33:54,2018-02-07 22:35:27,2018-02-08 19:35:25,2018-02-16 00:22:19,2018-03-12 00:00:00
bc2aaf9052c275755277fc017f9a496e,742897000a2fd0b865e0961386a0147f,delivered,2018-01-09 19:37:12,2018-01-10 10:32:19,2018-01-11 23:25:31,2018-01-17 13:42:38,2018-02-02 00:00:00
4e6e19799199fdb9bc1439118a8de912,a12dc90fd049ed5f92608ea917dc8c67,delivered,2018-08-10 15:14:56,2018-08-10 15:25:19,2018-08-15 14:15:00,2018-08-17 19:48:34,2018-08-24 00:00:00
52586b1b9916f51d8bf0d76295da9f6a,5976aae2978512e829135e2df9024756,delivered,2017-03-02 20:42:10,2017-03-02 20:55:13,2017-03-03 13:51:31,2017-03-08 10:03:34,2017-03-31 00:00:00
019d444bd00f1ccb4643de466f9a1525,44f5f5476eb92ebc9c4ab70c8b1bf189,delivered,2018-03-26 21:51:15,2018-03-26 22:07:13,2018-03-29 20:56:40,2018-05-11 17:36:40,2018-04-18 00:00:00
bfea0767c18bf1f63b7f334b42309ecb,7ac8e8b779cbb5c4d85744765dfc6168,delivered,2017-03-21 10:35:30,2017-03-21 10:35:30,2017-03-22 10:14:40,2017-04-04 13:28:48,2017-04-11 00:00:00
bab4194a4df4aac8d2cf6386c4979973,f1dd712d9b2488021a1b70d1eec1f51e,delivered,2018-05-16 11:28:56,2018-05-16 11:58:02,2018-05-17 19:11:00,2018-05-18 22:11:35,2018-05-29 00:00:00
08c21d8b98beec294f0dceb8b54cdfd5,c8601345ccaff528cbca46e04f74ff2b,delivered,2018-04-18 11:33:24,2018-04-18 11:51:54,2018-04-19 18:09:30,2018-04-27 19:18:29,2018-05-18 00:00:00
9c0cd6efd7dbee62cebd70b38bf5d5fd,f17f97efbc0e3f1bf2a253d12ba03c18,delivered,2018-06-19 12:32:33,2018-06-19 12:58:06,2018-06-25 14:57:00,2018-07-02 18:08:56,2018-08-02 00:00:00
25807a51c61f06771f0f60e39ca18c34,53e6fd18cdaab66e127c12ba469517cc,delivered,2018-04-18 15:07:12,2018-04-18 15:44:57,2018-04-19 22:19:45,2018-04-27 23:02:51,2018-05-16 00:00:00
6368194f43f0df34f328862f0e48ca56,2d82e56ba3ef22a5602c39d45c04794f,delivered,2017-10-07 14:29:09,2017-10-10 03:35:36,2017-10-11 22:56:33,2017-11-01 23:03:40,2017-11-06 00:00:00
ee49aa5583df0eaab10299357d126386,fe10de536606eabb822d6f46f125cf68,delivered,2018-06-28 17:09:52,2018-06-29 02:53:18,2018-07-03 09:26:00,2018-07-09 20:33:39,2018-07-25 00:00:00
14385cf799c6efba6a9a6d51ea9a1a36,732272e96e63085706cd8920ca92faf7,delivered,2017-12-08 22:48:37,2017-12-08 23:38:20,2017-12-12 00:36:43,2017-12-23 14:09:19,2018-01-03 00:00:00
9782739e52d8ca75167c63bcfd4db9bd,9c7d129ac472598117cec4e30387ea16,delivered,2018-01-11 15:27:15,2018-01-11 15:48:04,2018-01-15 20:32:51,2018-01-23 15:13:09,2018-02-09 00:00:00
cdb66326ea0bdac7baf24b38a67af09c,1d44cd7b03a23dfb895280df96602387,delivered,2017-05-20 15:56:23,2017-05-20 16:05:20,2017-05-23 09:52:01,2017-06-01 13:31:50,2017-06-13 00:00:00
2861bde48c258a06a5ded52e540dc6be,ae40128e05a84faf9da0fd8960c4c6a2,delivered,2018-02-14 01:42:20,2018-02-14 01:55:45,2018-02-15 19:04:16,2018-02-28 16:24:01,2018-03-14 00:00:00
cf4b34a6cd499c3d352d90cee37795ef,17be158b549a978345bc5fdc895815cd,delivered,2018-01-07 15:05:52,2018-01-07 15:14:19,2018-01-10 19:23:21,2018-01-24 17:38:50,2018-02-07 00:00:00
98b71d23b2914a171ca5c5824a1d38b1,4e8fcd57c9293bf3be7254e1ae469b57,delivered,2018-01-09 13:13:05,2018-01-09 13:29:10,2018-01-10 21:58:55,2018-01-19 00:58:38,2018-02-19 00:00:00
d06fe8d6f4bdfe9cd1992aa3322f2f47,592fa548b2b29cc92868b9d78d1a44c0,delivered,2018-06-07 08:44:39,2018-06-07 08:55:17,2018-06-07 11:39:00,2018-06-21 12:45:31,2018-07-16 00:00:00
d1b7637acd3a7a42101faf9066e7309c,a1b3147271766174415e8bed551f9dc1,shipped,2018-05-20 18:58:04,2018-05-20 19:10:36,2018-05-24 06:53:00,,2018-06-06 00:00:00
b041fef38844f3b487478d3c16c3ff90,f537468e5303911f11d30ba313007fc3,delivered,2017-11-04 16:30:20,2017-11-07 07:30:32,2017-11-09 23:51:14,2017-11-20 23:48:29,2017-11-28 00:00:00
9bb19b2b2a14bfd567fa37c747c6dc96,2b32ccfc1540d4e925f7b53084a26eb9,delivered,2017-10-19 16:38:12,2017-10-19 16:50:19,2017-10-20 22:43:49,2017-11-10 22:18:55,2017-11-09 00:00:00
7d70d52cfcf0813165763717e6d32609,12c49eaf0f0176c573586eaa52d234f7,delivered,2017-08-18 10:34:18,2017-08-19 02:31:31,2017-08-21 19:03:55,2017-08-28 12:08:00,2017-09-11 00:00:00
20db59f6705840a0ce5c76b77487ad03,930ae890c223dddbd81d9870d9701ec7,delivered,2018-08-28 19:31:41,2018-08-28 19:43:55,2018-08-29 10:22:00,2018-08-30 23:18:35,2018-09-03 00:00:00
db68ee136b9cb2c16d74fa11a7395e5d,de3e71eb1431eff5303930c2ddfefed8,delivered,2018-03-13 09:45:56,2018-03-14 03:08:32,2018-03-15 22:54:38,2018-03-19 13:26:46,2018-03-23 00:00:00
cd2774a60636ce7ebc1f7efa829bf729,ba3527d8903cfdae4166158ede7c9e8b,delivered,2018-03-12 03:12:59,2018-03-12 03:28:34,2018-03-13 21:21:54,2018-03-27 23:42:08,2018-04-09 00:00:00
2d13948675eb090c15d5f89f0a98145e,d040d9ddc1c5ab07441634fd6ebe0aa6,delivered,2017-04-07 01:04:34,2017-04-07 01:15:07,2017-04-07 15:03:42,2017-04-18 06:58:07,2017-05-02 00:00:00
c15a8fc276881ee3f43d709f3ab7792a,ac9bcfbca17d0dee80c0d80125d55b71,delivered,2017-07-31 13:50:04,2017-08-02 08:34:33,2017-08-03 18:23:17,2017-08-09 18:28:00,2017-08-22 00:00:00
9a209e12ca9ee385ad1ce1510ecfd6fc,1e4d36637a15225a983ee62a35fe577a,unavailable,2018-05-12 16:03:28,2018-05-15 04:15:20,,,2018-05-29 00:00:00
1b8dc892aec525e5b60529c26eab5a95,eeccf95c8da631f862a1fc8093b5816c,delivered,2018-03-13 19:07:41,2018-03-14 02:48:51,2018-03-14 22:58:43,2018-04-03 00:28:52,2018-03-29 00:00:00
faf1b809401b186ca28936c3e1cb07aa,44207bd279cce3ea4df67d246f816533,delivered,2018-05-13 19:17:06,2018-05-13 19:34:14,2018-05-15 13:09:00,2018-05-18 18:06:53,2018-05-28 00:00:00
9a8fb2a3a77dab1c301506cd5af2e845,bfdbe6cffc004496c3db4b194181d3d5,unavailable,2017-07-26 08:37:07,2017-07-26 08:50:16,,,2017-08-08 00:00:00
43db90131d20061d9a0f70d722c152c1,762430d281be0814b2eab736518f5354,delivered,2017-04-23 18:56:07,2017-04-23 19:05:33,2017-04-24 21:24:34,2017-05-02 16:21:25,2017-05-15 00:00:00
b4b74b67e8e09c1539e6f838e5eb8fa4,ef2cbe9cce4b8124e9bc080b429451a5,delivered,2018-02-05 16:39:36,2018-02-06 03:35:37,2018-02-06 17:13:19,2018-02-15 17:29:18,2018-03-08 00:00:00
839cdf42ef00fb4f5d66e449058b4d61,7baa0b7ec74d65b734e3e2ce04663146,delivered,2018-02-12 19:52:06,2018-02-12 20:47:22,2018-02-16 15:59:31,2018-02-26 20:26:45,2018-03-09 00:00:00
0be58fa3e26bcefe9530b3e5ec888b7e,c2435f2aefcb4a3b7fbfdfa47db46af5,delivered,2017-11-22 10:58:57,2017-11-22 11:11:24,2017-11-24 02:58:30,2017-11-28 19:57:08,2017-12-04 00:00:00
048cc42e03ca8d43c729adf6962cb348,12a2c614dfc8926e793516b1638c7471,delivered,2017-11-16 21:28:00,2017-11-17 21:35:39,2017-11-21 22:14:50,2017-11-23 15:39:38,2017-11-29 00:00:00
6b69ff282afcd40fc4dc7b4e429d5149,eeef3c3551de3434798cd90c092e620a,delivered,2018-07-28 16:45:10,2018-07-30 19:31:40,2018-07-31 20:04:00,2018-08-01 14:32:30,2018-08-02 00:00:00
635d6eda3af27d4cdcee17a82b7aca92,bdbe54565d106f2e7717db1c4334c6c6,delivered,2017-05-19 16:38:56,2017-05-19 16:50:15,2017-05-22 15:08:28,2017-05-26 17:23:09,2017-06-12 00:00:00
229d160ec07dca58dc7cacf74ccd54b6,77bb7694429ede1d9dd9a1cadc22755d,delivered,2018-01-04 20:32:46,2018-01-04 20:47:54,2018-01-11 17:16:54,2018-01-19 22:54:00,2018-01-29 00:00:00
24b581b458bd83feeea8ad6a179cba54,4ce1c3adcd33424fc2775a0c0bec355a,delivered,2018-05-15 13:35:04,2018-05-15 13:55:14,2018-05-17 12:43:00,2018-05-23 17:42:26,2018-06-06 00:00:00
b69246cbe19ece82f41f3343cb25999c,4485bea5c677bffda2227e876e8f4947,delivered,2017-11-05 13:52:08,2017-11-05 14:06:42,2017-11-07 19:32:02,2017-11-08 16:38:56,2017-11-23 00:00:00
385a6cde4031f6d16c0c80c96c702580,fec7eb5a3ebadfaf3ba391d8edf838bc,delivered,2018-04-27 19:44:10,2018-04-27 19:55:20,2018-05-02 12:26:00,2018-05-11 19:19:16,2018-05-22 00:00:00
643254f7c3b88cd268ca4524452c265c,c569b5657735d2c76bce703a382cbac6,delivered,2018-06-16 20:11:10,2018-06-19 03:57:05,2018-06-19 15:04:00,2018-06-21 16:39:40,2018-06-29 00:00:00
40943871fddded9badd0c7a30758807c,e7a6d5ec5bf53d5a915f9a24c0ec7ebb,delivered,2017-09-04 00:48:49,2017-09-05 04:44:13,2017-09-05 21:05:07,2017-09-11 22:25:38,2017-09-21 00:00:00
bd079e124423421864694666ae29277c,82bf9449be249defb5aefcf47ab81435,delivered,2017-07-20 21:21:53,2017-07-20 21:35:11,2017-07-21 19:12:17,2017-07-29 16:49:37,2017-08-15 00:00:00
f20029eae2937bfb674b22b89f0e876b,cdd7ca4b71dd8f94507266b6c29b3165,delivered,2018-02-18 20:34:47,2018-02-18 22:07:12,2018-02-22 00:23:25,2018-03-02 20:58:35,2018-03-12 00:00:00
da39b7bb959252bc4980dd9bc21d3415,56c8624d85aa10cce32e3e06fbffb34a,delivered,2017-09-12 13:54:19,2017-09-13 03:36:22,2017-09-14 13:32:56,2017-10-03 15:58:30,2017-10-09 00:00:00
21f27570ef536f54c3f27f4c9e9c9709,65c30277282c2dcc0d068061054f4260,delivered,2017-10-08 21:20:24,2017-10-08 21:35:27,2017-10-10 22:33:55,2017-10-17 19:16:38,2017-11-10 00:00:00
f05099a928d90c394963b1f0d8360149,511f8f1b15ae846f219dde14f0fbfd5f,delivered,2017-08-16 01:56:09,2017-08-16 02:45:10,2017-08-18 17:42:21,2017-08-21 22:12:20,2017-09-08 00:00:00
48d59c59c85665b1dd3b1f81d0f48016,71382913537508eefcfd40340460e9cd,delivered,2017-11-12 17:31:53,2017-11-14 10:27:38,2017-11-14 23:18:37,2017-11-28 18:09:11,2017-12-05 00:00:00
c5a304a759ea5ac20be4dbacd15696cb,03e82ff4feec050581d548f628bb4490,delivered,2018-02-02 08:15:32,2018-02-02 08:31:54,2018-02-03 02:52:47,2018-02-08 19:21:38,2018-03-07 00:00:00
da2b50d5837f2e4ffffe075865ca8b98,4ce9ca52dba093efebe5fcda0d986da5,delivered,2017-12-18 18:59:22,2017-12-19 09:59:41,2017-12-19 23:19:47,2017-12-27 00:52:43,2018-01-15 00:00:00
aa67be2025a314e506fb322c51d01d65,384fbbcdcf45c174ca6407d4ade90112,delivered,2018-06-06 12:22:24,2018-06-06 12:32:35,2018-06-08 13:21:00,2018-06-18 19:52:46,2018-07-18 00:00:00
722551f92737b15702800d3c63dcda10,0f5a932fd45302af276e4ad8cf0d9a19,delivered,2018-07-04 21:51:47,2018-07-05 16:23:18,2018-07-05 12:23:00,2018-07-11 20:35:39,2018-08-01 00:00:00
f7fad826bf8b035804bdbe1e8342fd21,1234c1f416fad22c1270638f069f1a46,delivered,2018-04-02 01:20:17,2018-04-02 01:35:15,2018-04-02 17:34:28,2018-04-03 19:58:38,2018-04-12 00:00:00
9773679828d39baca17c7cfd64090070,a71ca7819482e010ceeaf3c942577f94,delivered,2018-04-10 20:26:29,2018-04-12 02:11:03,2018-04-17 13:16:28,2018-04-20 14:26:39,2018-05-03 00:00:00
be58b0a79d3946b6497f5887f602b0bc,5625c1e57dba8ab0c217b9ed261a6a77,delivered,2017-06-27 10:41:10,2017-06-29 02:55:30,2017-06-29 14:28:59,2017-07-11 21:46:13,2017-07-21 00:00:00
028dc52e12ddda803ec1e35eb0b7b0d9,8c89a09d8fb33b6e5dc8a769d6b2bd63,delivered,2017-12-19 09:43:54,2017-12-19 10:53:22,2017-12-20 16:49:18,2017-12-21 14:22:56,2018-01-08 00:00:00
a9cc212b2e3530acd23bbe976dbdede5,45335c34e07f52e1a564973cc7c66165,delivered,2018-04-16 22:13:21,2018-04-16 22:32:18,2018-04-17 21:51:04,2018-04-27 12:28:37,2018-05-09 00:00:00
0680b3722414028009984ae5c04c5df0,a95bf627a6d55bc2194028e5648c0fdd,delivered,2017-06-06 13:42:46,2017-06-06 13:55:17,2017-06-07 17:36:23,2017-06-17 06:18:00,2017-06-20 00:00:00
6e49a3d8325755bd3e9d84d84bd8dbf2,917cbf45438cc596762f48ca009bbcff,delivered,2018-03-25 17:33:17,2018-03-25 17:47:46,2018-03-27 05:48:22,2018-05-03 15:46:14,2018-04-27 00:00:00
79fb3469650c71775d1b5cb29fb207ec,3613715ccf990eca10b1bb75ff9f01ab,delivered,2018-03-15 16:53:42,2018-03-15 17:10:20,2018-03-21 18:56:49,2018-04-02 21:53:07,2018-04-03 00:00:00
98aee9cbf5501420f76b8a290491f272,0e1fe033ad8a4dc4912bd1910d391e7a,delivered,2017-05-10 18:31:51,2017-05-10 18:45:13,2017-05-12 15:32:01,2017-05-22 21:12:58,2017-05-30 00:00:00
41223ff2c9f99053ad5379603589764b,6bef722b6f3ec6e2a8b802714ebdf200,delivered,2017-05-03 13:34:47,2017-05-03 14:02:36,2017-05-05 14:43:59,2017-05-12 13:41:50,2017-05-26 00:00:00
accbeaeaa58ec74bdebcb425e6336a38,08f09be7e8c38c8ea211c9455bce4897,delivered,2017-09-26 17:26:33,2017-09-26 17:35:31,2017-09-28 17:40:10,2017-10-17 21:42:32,2017-10-20 00:00:00
a56073f17e070c784c5eb0d85da530f5,ba1dc68a7f3a7a8aec8dae0a7242472e,delivered,2018-08-14 07:57:48,2018-08-14 08:10:23,2018-08-14 13:21:00,2018-08-17 20:36:35,2018-08-29 00:00:00
016c6bb57a9de6b4e8f938fa6dde61b3,f1d4911942d2bc40d520ae47013a7643,delivered,2017-11-27 09:27:08,2017-11-27 09:38:26,2017-11-28 23:58:36,2017-12-05 21:06:10,2017-12-28 00:00:00
c0603a22603d11f1236324c7e8da1478,3d721df95ee50e67024b60dc2f968ae9,delivered,2017-06-10 21:01:55,2017-06-10 21:10:14,2017-06-20 16:56:03,2017-06-25 12:09:06,2017-07-12 00:00:00
4ff8e28200e5a7a50b448cfaaf1f8ed3,174156b68563868e1ed48408117d6df4,delivered,2017-05-06 15:22:18,2017-05-06 19:22:05,2017-05-08 11:45:05,2017-05-09 20:40:02,2017-05-19 00:00:00
2bac4f3e8f31c3174e87367649517359,98f40e5cd4e7f5ff5d50b78baa32bece,delivered,2017-09-11 15:59:22,2017-09-11 16:43:58,2017-09-14 13:57:51,2017-09-19 21:42:42,2017-10-02 00:00:00
31148380343ee0a6d9c87f7e80e574ec,d3577e370718fc67f3a08197db533c12,delivered,2017-10-22 08:34:08,2017-10-23 08:46:01,2017-11-01 21:51:52,2017-11-17 22:48:29,2017-11-23 00:00:00
bf0143e772b21f9410ee818a9150d6c4,d7cba2f0fbc165d2ec78666bec4d9075,delivered,2018-02-18 10:27:38,2018-02-18 11:26:58,2018-02-19 22:19:05,2018-02-28 16:23:13,2018-03-15 00:00:00
74ee0534d7473bc5eb71392e31b7bdd5,5a23e1103363f76ce7595538bbbcd11b,delivered,2018-06-11 21:42:05,2018-06-11 22:00:10,2018-06-19 15:10:00,2018-06-25 17:55:39,2018-07-04 00:00:00
738a72a43a2a56d21dbe8874ffddd1af,89e0983a7d1dae20be198c11c8e0251d,delivered,2017-08-19 11:24:18,2017-08-19 11:45:07,2017-08-21 19:22:17,2017-08-24 22:03:10,2017-09-13 00:00:00
33ec97b423d769023dbd71f138aca94a,728b0d27ba5108af500fed741b7be449,delivered,2017-10-30 21:53:24,2017-10-30 22:31:44,2017-11-01 16:58:05,2017-11-08 16:14:03,2017-11-16 00:00:00
edc89efa4164df7e21f701a9fb88bc98,941dd76598eae1249d47b6036a19b3c6,delivered,2017-11-24 23:27:21,2017-11-25 01:34:26,2017-11-28 17:29:06,2017-12-12 14:38:42,2017-12-15 00:00:00
c0b51ee494d2b45a141887d2d007c915,f56ff455dcbb84c71aacf57d552a4f3b,delivered,2017-06-18 07:26:55,2017-06-18 07:42:34,2017-06-19 20:04:23,2017-06-27 16:32:08,2017-07-11 00:00:00
50a89bcd531ab8c27211eefcd4ae9871,ac80d6edc954b2359e2f6685653c7d2b,delivered,2017-05-30 08:45:11,2017-05-30 08:55:16,2017-05-30 16:04:57,2017-06-01 13:58:26,2017-06-12 00:00:00
9aa4615642ca1c84d5158a8281a919b7,5cd1bd59727e5fcecfc26a1042008134,delivered,2018-02-19 16:39:53,2018-02-19 17:47:34,2018-02-21 17:08:19,2018-03-07 16:55:39,2018-03-20 00:00:00
04d0a4d84d5dc9cc343ca4d0e4120a4d,8e31bcb3d20439f3d6c67160d9df093b,delivered,2017-05-20 18:34:35,2017-05-20 18:50:14,2017-05-24 09:52:43,2017-05-29 09:58:00,2017-06-13 00:00:00
4f405b650a39270ace3d575d308884d4,97ef4e6c5876d3a99800f0314cb2a717,delivered,2018-01-10 13:24:02,2018-01-10 13:36:24,2018-01-13 00:05:30,2018-01-24 21:29:11,2018-02-05 00:00:00
24c3a42d44d3abc0e029451a1d73342a,4fc4a9bfcab21c64c43f8475ff3a6e4b,delivered,2018-04-25 21:28:24,2018-04-26 04:10:47,2018-04-27 16:00:00,2018-05-02 13:56:36,2018-05-18 00:00:00
1bf68d6f3bd856a3f205fdd8767fad08,8b96783ff4d45cc3be95581b5eb0226a,delivered,2017-11-29 23:06:35,2017-11-29 23:31:27,2017-11-30 22:32:02,2018-01-09 18:50:06,2018-01-17 00:00:00
3237b9aee8b9f159aab615eac7b4038b,5e3480ed6c9ceb5dddb254cec813d651,delivered,2017-05-13 19:45:48,2017-05-16 03:30:49,2017-05-16 10:52:03,2017-06-02 10:44:48,2017-06-08 00:00:00
f0d233590ac45e46128b3300aee30db9,faf0dae677e3f41793027d0a8ee9e899,delivered,2017-11-19 18:41:04,2017-11-19 18:51:07,2017-11-20 22:41:18,2017-11-27 18:57:25,2017-12-19 00:00:00
d85e7bfbf3642aa30c49c490a914d140,75af5d2401d824fca5859ae2098a378f,delivered,2018-04-26 11:29:36,2018-04-26 11:52:47,2018-04-27 11:32:00,2018-04-30 21:22:17,2018-05-15 00:00:00
3510562077978706f02985af10562837,cd84c5397d4088ed306e9f4791624ba5,delivered,2018-03-07 14:33:33,2018-03-08 20:09:36,2018-03-12 21:29:26,2018-04-05 23:19:32,2018-04-05 00:00:00
a901e1670d92dc616c4f1a33b5c0ad42,877f1030d0bfa36ca291ba656804b3c0,delivered,2017-12-07 09:58:05,2017-12-07 10:12:28,2017-12-13 20:11:10,2017-12-26 22:04:54,2018-01-16 00:00:00
11ac4935b48d92b0e8d9b2176da04d80,4ef8b068568a613d1452d9cffa2686ec,shipped,2018-03-23 21:33:01,2018-03-23 21:47:29,2018-03-27 02:26:28,,2018-04-05 00:00:00
5a77e4bc8ac96edc52bed4bc00eaab7c,739a14488c57aa6fce0cf4d30a0c364d,delivered,2017-03-21 19:35:45,2017-03-26 23:32:34,2017-03-31 11:52:31,2017-04-04 13:36:16,2017-04-17 00:00:00
598d30ad864328c4254a68e141f9b67f,9476b5829487ea1909d3b3ce7f604685,delivered,2017-09-21 08:30:55,2017-09-21 08:44:29,2017-09-27 20:53:03,2017-10-20 12:51:33,2017-10-19 00:00:00
3d9b458bd64047cef13d3c849d378dfc,027add44cacfb209b0018c5aefbbcf02,delivered,2018-01-08 16:57:11,2018-01-08 17:06:26,2018-01-12 15:11:04,2018-01-31 20:16:34,2018-02-07 00:00:00
e7ab20977cf6ea5cc4a63b3ecf897dd3,0938950f35a397c0373882168b080808,delivered,2018-03-11 10:27:45,2018-03-11 10:48:55,2018-03-12 19:47:29,2018-04-13 15:36:40,2018-03-28 00:00:00
8d9e0e9b9c21b1aca2464bb5d5210831,96b2d23105c01cf8692c3d83914ad90d,delivered,2017-04-17 13:33:37,2017-04-18 19:55:32,2017-04-19 13:44:04,2017-05-09 11:42:57,2017-05-22 00:00:00
10a419c662c88c75ed796f78bc88d31b,42e4ba168ec81ad850d53a5cfd176cf2,delivered,2018-03-07 10:35:14,2018-03-08 02:15:57,2018-03-08 22:02:27,2018-03-23 02:25:30,2018-03-23 00:00:00
16be5e70ff2ab4fa7caf1f4350750711,1c4c32e3591a802adaf5bab2f8645097,delivered,2018-02-26 15:56:09,2018-02-26 16:15:41,2018-02-27 20:16:41,2018-03-23 16:46:52,2018-03-21 00:00:00
a0e058d95d9625fbb9a4bd69fd6d0996,1d46f6ccc4985ed63a309848cad48bd5,delivered,2017-08-01 17:18:33,2017-08-03 03:10:54,2017-08-03 18:51:42,2017-08-09 23:07:40,2017-08-21 00:00:00
154f1e943923c5957737382dcb0dc6dc,20f28dc53d568446389f15f46a540310,delivered,2018-03-22 22:21:41,2018-03-22 22:35:36,2018-03-23 17:48:26,2018-03-29 15:06:57,2018-04-11 00:00:00
8290b671acbc8848d4af959f24bdcc22,22a3b8485489afd3e3a24434e5b9ee01,delivered,2018-06-20 17:30:16,2018-06-22 02:58:15,2018-06-22 16:25:00,2018-07-09 12:03:16,2018-08-01 00:00:00
115a21a6b20efa52b4f92b81bfe0ef62,267894d0c4c7fa22ff3b7eefca26a46b,delivered,2017-11-25 21:44:49,2017-11-25 22:31:38,2017-11-29 13:09:56,2017-12-13 19:47:21,2017-12-18 00:00:00
a9539f1fbe0e0a9eed2c492f6ac40852,2921205fc9fe78f1556eac1ebc0fcef3,delivered,2018-01-12 21:48:47,2018-01-12 21:54:22,2018-01-16 00:04:15,2018-01-19 10:35:00,2018-02-01 00:00:00
b14efd202148432e14a98e3a78e4e7de,015aa1d1ff5524c58b9f0d06f60375a8,delivered,2017-06-06 11:23:59,2017-06-06 11:35:10,2017-06-07 21:02:55,2017-06-14 17:42:20,2017-06-27 00:00:00
60498cfabd11f25114990225793f3ea0,5faa2a48a9d5b17b0d8ab1efbaa39a42,delivered,2017-09-03 13:48:29,2017-09-03 14:04:22,2017-09-04 22:12:31,2017-09-08 17:37:55,2017-09-26 00:00:00
9e8b358ee10c7f0194a7a017f1334dfa,2edb1f5440fd7a15efecea507255273b,delivered,2018-07-23 15:52:49,2018-07-23 16:45:59,2018-07-25 13:43:00,2018-07-27 22:14:32,2018-08-09 00:00:00
a23c7a7d06f1f8e9f6e45f934c7e106b,799967dc41acc279321517694105ea40,delivered,2017-05-22 14:20:45,2017-05-24 03:05:24,2017-05-25 08:29:25,2017-05-29 08:04:44,2017-06-09 00:00:00
1a6b1c532300b42629e52ada22f26ccf,5b29fabaacf58cadba768cb44dc28089,delivered,2018-03-25 16:05:53,2018-03-25 16:15:32,2018-03-26 18:47:42,2018-04-03 16:37:42,2018-04-19 00:00:00
b73f0bb5877d41494ae4529efaf5474f,fa0ceb1ca8cf0c151487efbdd2ee774c,delivered,2017-11-14 11:29:17,2017-11-14 11:47:38,2017-11-17 14:02:28,2017-12-04 18:42:50,2017-11-29 00:00:00
4535637569cc3bf476edc02f8f9f1f8a,cee01ed444a976d0dddbd2c580704ba2,delivered,2017-12-19 06:44:58,2017-12-19 07:49:47,2017-12-19 19:33:50,2017-12-22 18:28:53,2018-01-08 00:00:00
d72a8a7f89ec91dd2f7d1436be8645a6,080ea580ebf890d1b95afdb8d7a5297e,delivered,2017-09-12 10:45:57,2017-09-12 11:05:15,2017-09-14 21:48:57,2017-09-20 19:15:17,2017-09-28 00:00:00
6a3c85b24c7f08b934356ece860e4439,8bbdaabf7966228de0c72193b2cde7d9,delivered,2018-01-22 13:53:31,2018-01-23 18:56:21,2018-01-24 17:18:10,2018-02-14 22:36:24,2018-02-16 00:00:00
1a925e694e87b358e9c3732e97146d9b,f664edc095e667896e8d27a238af0bb5,delivered,2018-03-26 10:14:31,2018-03-26 10:31:15,2018-03-26 22:34:28,2018-05-04 01:51:23,2018-04-20 00:00:00
beea13c1c08f647c1ec5b6f204002516,a46d952f745f149d417e3f21fe73a1b4,delivered,2018-06-25 19:28:02,2018-06-25 19:53:58,2018-06-26 11:14:00,2018-07-03 21:48:18,2018-07-23 00:00:00
121752685a1a4cf853bb87fb3b98f3af,b1d9e0fe53450b1be6afe138fce9dede,delivered,2017-04-14 14:16:59,2017-04-14 14:30:08,2017-04-19 16:55:03,2017-04-27 11:46:31,2017-05-11 00:00:00
009e11afa25aa95ae78e60a793995c9b,1b7c152aba1c7478309329cfec0bb5d1,delivered,2017-10-19 23:56:16,2017-10-20 00:15:00,2017-10-20 16:39:05,2017-10-31 23:22:56,2017-12-08 00:00:00
967cde7a2c0b8ea6e85560f633d3e704,14d33cc0fa27e2987dc450d5352e898b,delivered,2017-08-16 10:53:28,2017-08-16 11:05:15,2017-08-16 20:02:26,2017-08-18 16:43:26,2017-08-30 00:00:00
aee1ebae09f6d91ca6a459bf47b14072,07cc6026f1fba9869ce6efc681fd190d,delivered,2018-04-10 07:39:30,2018-04-11 09:11:51,2018-04-12 02:42:36,2018-04-17 16:58:28,2018-05-04 00:00:00
9dd30e0b12ab98208e3545d20d88e468,17ea3439e1b8cf03542a99b176b65330,delivered,2018-02-08 21:34:04,2018-02-08 21:47:57,2018-02-10 14:38:40,2018-02-20 01:35:06,2018-03-02 00:00:00
29c414cde56330f1621dfec4880ae552,7ef1e3b2623582caa5eeb84a79fb21a0,delivered,2017-11-22 18:33:30,2017-11-22 18:46:24,2017-11-23 15:51:37,2017-12-09 12:58:51,2017-12-12 00:00:00
4074c8247a20a28ee6bedaa09cd94d76,67e6f3a450dcc747043e42c94085f1d6,delivered,2018-02-28 21:14:19,2018-03-02 02:10:50,2018-03-02 15:33:38,2018-04-05 22:46:40,2018-04-03 00:00:00
7d941bda521698c6df74824010ddcb36,6d366ad79f5f14df9f838727285a6fde,delivered,2018-08-02 18:11:50,2018-08-02 18:25:35,2018-08-03 20:01:00,2018-08-04 16:54:47,2018-08-08 00:00:00
75c3bf5894efc8b022a84404ccd9f603,c8ac1861a313326c4a90b192ab27b8c1,delivered,2017-06-02 10:25:23,2017-06-06 13:10:39,2017-06-06 14:54:27,2017-06-07 11:57:21,2017-06-16 00:00:00
67d2ebed93c8cc0effe172a97762e0a7,d070b9f0b542ea7ae9e438e3c8a3fe99,delivered,2017-08-19 20:21:19,2017-08-20 07:04:42,2017-08-22 11:13:14,2017-08-23 14:42:37,2017-09-06 00:00:00
004eab0fd8f28adaf8d488976f77febe,c476ddfbabfa4624603e0b7f8e245057,delivered,2017-08-02 15:32:46,2017-08-02 15:45:17,2017-08-02 20:32:44,2017-08-03 18:17:47,2017-08-15 00:00:00
2eb11181a958eb5193fd521fd5110b5c,be00488d26c4fe225097e1756a6a663e,delivered,2017-07-06 14:03:28,2017-07-06 14:15:14,2017-07-06 15:13:52,2017-07-12 21:24:25,2017-07-26 00:00:00
386fb64833979f990b7d61cfa9619572,b4c66ce8761acbc57160f0226e108861,delivered,2017-11-27 01:46:56,2017-11-27 01:55:49,2017-11-28 00:41:33,2017-12-06 18:09:53,2017-12-15 00:00:00
4f4aab3539f49d375bf09c03c7f9fac1,b3804c2e5b95f6634ff9a52c4b0b80bd,delivered,2017-07-01 15:20:57,2017-07-01 15:35:17,2017-07-04 16:43:42,2017-07-12 10:53:45,2017-07-31 00:00:00
9fa4a5fa8da4a7ef50067bbbffdcf7a2,8f5669832169fa27323c99f919d7f4a2,delivered,2017-12-11 21:50:51,2017-12-11 23:17:54,2017-12-12 20:19:10,2018-01-04 23:24:39,2018-01-08 00:00:00
36dfa993df3e7d1f4907c93a45d880c0,c009b3f516a60de6aef081503ed5c7a1,delivered,2017-08-17 20:42:58,2017-08-17 21:30:12,2017-08-23 20:51:28,2017-08-25 19:34:18,2017-09-14 00:00:00
f6020d7ed890e28795ef0bca882cfdf1,1dd34a15a56b97022279d740f5a94e58,delivered,2017-02-28 10:15:13,2017-02-28 10:30:16,2017-03-01 14:05:28,2017-03-15 09:32:19,2017-04-03 00:00:00
036322082c079184f5bc9e0b338e1f1d,20200721e6df99558d4ab4bd85979be3,delivered,2018-04-12 21:44:53,2018-04-12 22:10:57,2018-04-13 17:12:57,2018-04-20 17:03:41,2018-05-10 00:00:00
2743f5c8d8d1bcee7337f51c781ee474,829109440c61bbde0e106f23fdf002f0,delivered,2018-08-07 12:08:53,2018-08-07 12:24:50,2018-08-11 08:48:00,2018-08-13 15:28:44,2018-08-13 00:00:00
7d593cfb475e1e80058d84bbba5aef55,4044c34776305b044569d12d0211b0d4,delivered,2017-11-26 09:28:58,2017-11-26 09:54:21,2017-11-30 19:37:07,2017-12-28 22:28:40,2017-12-20 00:00:00
091e624f9b7253204dee183a89950a4a,57f667c4bf3f497494e09c259668960e,delivered,2018-01-03 17:34:05,2018-01-03 17:46:54,2018-01-04 20:49:04,2018-01-09 20:17:40,2018-01-26 00:00:00
7144ca093cbdecfdfc3e76d49da6ffb9,712d8c838062bc45d0567f4ea808866c,delivered,2018-05-18 00:35:08,2018-05-18 04:14:33,2018-05-18 12:16:00,2018-05-22 21:05:48,2018-06-13 00:00:00
64958ed60e12bac04474ff739271a3b3,bf239a3d9e5fab72059537d02b201d37,delivered,2018-07-30 19:01:11,2018-07-30 20:20:16,2018-07-31 12:08:00,2018-08-01 20:14:32,2018-08-06 00:00:00
0029f17cf0e7640c5cb6825af681303f,687223424c00a708c168301ebb8d16ef,delivered,2018-05-02 11:59:06,2018-05-02 12:14:52,2018-05-03 12:12:00,2018-05-10 23:42:18,2018-05-22 00:00:00
dd42be32e12fb6ede27f5debb852e94a,6b0d003dfb0131daeecea514f9d4f3ce,delivered,2018-07-15 15:48:28,2018-07-15 16:04:00,2018-07-24 16:07:00,2018-07-25 19:41:52,2018-08-01 00:00:00
0b06c30e567314a9dd1c74fab08ad81f,bea2a34b3a4d3ce446b7108e1e8b0bc0,delivered,2018-06-14 21:33:38,2018-06-14 21:58:00,2018-06-15 14:12:00,2018-06-21 19:41:55,2018-07-19 00:00:00
357577189f4230e0d5fcda6ba4b8dec8,dfaf3ac9723fe17c44a1de7d797ff2e3,delivered,2018-07-13 16:04:37,2018-07-13 16:31:24,2018-07-16 12:29:00,2018-07-23 19:31:49,2018-08-06 00:00:00
f3e4a09f99041d910314f9d99b3fc80a,a021c3b18f730e1cb157976d999cba75,delivered,2018-08-02 20:14:29,2018-08-04 04:05:27,2018-08-06 14:42:00,2018-08-07 20:35:52,2018-08-09 00:00:00
6a414822703d8a6aacb01ee832683011,0f93791a30659ec73dce7d53b64fc8bb,delivered,2018-01-30 10:47:31,2018-01-30 11:40:21,2018-01-31 21:12:05,2018-02-15 19:28:47,2018-02-23 00:00:00
41d988f5ce84da983c265612abf2400a,f323f13bb7e95ad8c76e854936a12686,delivered,2017-10-04 15:38:08,2017-10-04 15:49:24,2017-10-05 20:08:47,2017-10-17 22:38:04,2017-11-06 00:00:00
57eec7aab1c162dfb0f60eac30907575,28da6d6b120a1ac64b7e1ed3a287c336,delivered,2018-02-21 17:37:19,2018-02-21 18:30:56,2018-02-23 17:49:23,2018-03-08 20:27:22,2018-03-16 00:00:00
0e974c8481f298f818310ac0e3dfd8d1,911446094ce29f50d97fc8f339650809,delivered,2017-12-10 22:21:54,2017-12-12 03:49:45,2017-12-13 11:46:51,2017-12-14 18:04:17,2017-12-28 00:00:00
5884e0cadffe0a4162c2bc9456de17f3,b741533955f92986d2f7cd6a241a889a,delivered,2018-02-04 21:42:07,2018-02-06 05:31:43,2018-02-07 00:52:05,2018-02-07 15:16:43,2018-02-21 00:00:00
2dde78819e886082885ebfd1c71d9c5a,c386ff8172f841547eabfa60b2f4aea5,delivered,2017-12-07 21:22:02,2017-12-07 21:32:18,2017-12-08 22:18:26,2017-12-18 19:13:06,2018-01-16 00:00:00
1250f8fc1f64f9c63ea3cd35c0a36a85,4129a074aa14aa3d7a5fea1f15ab73bb,delivered,2018-01-15 09:36:22,2018-01-15 09:50:03,2018-01-17 22:42:35,2018-02-10 00:58:41,2018-02-26 00:00:00
a8dcdaca6b71b71297497af76297b1d0,151ec907c9216e4686bdf942be11073b,delivered,2017-10-10 16:43:48,2017-10-10 16:56:27,2017-10-23 15:04:09,2017-11-21 12:58:40,2017-11-03 00:00:00
9d021928d872dccba86ce3e5358c29c1,70b4f517e70958ae78a7845ea5248d9d,delivered,2018-03-18 11:45:44,2018-03-18 11:55:37,2018-03-19 22:50:37,2018-03-28 17:48:42,2018-04-13 00:00:00
52550cee1dda83b2c06260891897dc60,93c015faf4f5b94d536b82655d7de06e,delivered,2018-08-06 12:35:39,2018-08-06 12:45:20,2018-08-28 12:58:00,2018-09-03 16:59:03,2018-08-29 00:00:00
77f0ae10c13cc7c78a5393b27d121044,9886b94f586c099a78095b85cbe86038,delivered,2017-10-05 18:43:21,2017-10-05 18:56:14,2017-10-06 19:57:01,2017-10-10 20:28:35,2017-11-06 00:00:00
4dea4753bef29a866f8cc4a9c7ccbf40,2fd3615b81c01c8b491c674f2c7020ce,delivered,2018-08-07 19:12:18,2018-08-07 19:24:59,2018-08-08 15:40:00,2018-08-13 17:56:54,2018-08-22 00:00:00
b15c7e972c74684414fb2e659fce916a,7d03bf20fa96e80468bbf678eebbcb3f,delivered,2017-05-10 15:05:47,2017-05-11 04:10:25,2017-05-11 13:36:23,2017-05-17 09:05:00,2017-05-30 00:00:00
edafb5849135e41d30dcb51fbaa78014,eccfa44833366691af19431333bdbfaa,invoiced,2018-02-27 11:04:33,2018-02-27 11:15:35,,,2018-03-20 00:00:00
1f4fa11d9dacb1139e8e79ea0cefef86,4a422428ff8372bc3413942eade34b96,delivered,2018-05-18 18:17:35,2018-05-19 18:18:59,2018-05-21 12:15:00,2018-06-09 00:38:42,2018-06-14 00:00:00
36b8c4e12c328ee0e0f34e9ef635852a,4dfa2a81b5f5b9adf8e59557d6aa77c4,delivered,2018-02-23 13:36:08,2018-02-27 04:31:13,2018-02-28 23:28:47,2018-03-05 15:33:11,2018-03-15 00:00:00
2c7030a7601b763ef0395501c6063ab3,9a1678c8e3deb80042e5562534fe7060,delivered,2018-07-30 12:26:44,2018-07-30 18:31:00,2018-07-31 15:07:00,2018-08-03 15:05:53,2018-08-09 00:00:00
0d831c5aa932379c1cf5b0b1b40b214b,c49bec5f74f0413130abdaed8e7621d0,delivered,2017-10-13 10:36:54,2017-10-13 10:49:47,2017-10-24 18:58:49,2017-11-01 15:34:37,2017-11-09 00:00:00
708e9dad5dc7867bc3c61cee01f1f311,37cbc41882dbe4751d21fdf7c13446a4,delivered,2018-08-21 16:35:30,2018-08-21 16:50:38,2018-08-22 14:55:00,2018-08-23 18:34:46,2018-08-28 00:00:00
4e9090d70e1791a51c8068f0365965cd,f43a0de8b76e7c7f656014f8b48dd11c,delivered,2018-02-01 23:04:07,2018-02-01 23:15:25,2018-02-05 19:38:59,2018-02-08 13:55:12,2018-02-23 00:00:00
fad1f2027ab155751ea0746b70f81921,a22d55a6ebd23e2239a3bc5de97c7036,delivered,2018-08-04 18:43:08,2018-08-04 18:55:19,2018-08-08 06:26:00,2018-08-13 19:41:33,2018-08-16 00:00:00
64752052885225751d162ea92222d953,58d224b8fe4396a04e4fa66f7a982941,delivered,2018-06-08 11:17:18,2018-06-09 11:15:19,2018-06-14 14:50:00,2018-06-22 16:12:29,2018-07-12 00:00:00
5bb65b26f2c6eb5d049658b9aa4b72d3,5ec665633ee56fe461ced28458080399,delivered,2017-03-07 19:19:19,2017-03-08 03:05:17,2017-03-09 12:27:52,2017-03-21 10:41:53,2017-04-03 00:00:00
b747a0c744a7eebf585965a27879a49f,e4d1366afd00882f55b08566ebab9792,delivered,2018-05-03 23:39:49,2018-05-03 23:55:09,2018-05-04 14:04:00,2018-05-15 23:42:19,2018-06-05 00:00:00
ce08f40b106df255b226e0cf2df6a11f,c9a2314ef1673617584d52322a94565e,delivered,2017-11-20 11:46:00,2017-11-20 12:07:34,2017-11-22 18:26:55,2017-11-24 23:57:43,2017-12-01 00:00:00
34ea00820ec035b5002e8c3b026a3db8,c9e5a8890bb428bf00f7c30e501d8387,delivered,2017-10-27 07:49:17,2017-10-27 08:10:06,2017-10-31 18:52:16,2017-11-08 20:58:45,2017-11-28 00:00:00
bcd05b48176dab8d00672b325de126de,b6d34ee4551cabdcd60be5390af46822,delivered,2018-02-03 15:09:12,2018-02-03 15:30:17,2018-02-06 19:11:31,2018-02-19 14:48:50,2018-03-08 00:00:00
363c3c7c87e46fc1262fbd46cf22daad,c0072e03c956b815b7ec125329939574,delivered,2018-08-02 14:50:44,2018-08-02 15:04:33,2018-08-10 11:31:00,2018-08-16 13:56:29,2018-08-20 00:00:00
9353617a6ed6c70e06f34d0adfe8e4b2,df009a16622ec931a13b2020e6e5a965,delivered,2018-05-17 14:20:39,2018-05-18 00:55:21,2018-05-21 11:04:00,2018-05-22 19:16:43,2018-06-05 00:00:00
6513d58f817f52bde8e49d1186c1f1f9,27d1dd1d45d890c2f1dde06e43ab06a3,delivered,2018-06-23 20:08:10,2018-06-23 20:36:07,2018-06-25 07:00:00,2018-07-06 13:13:04,2018-07-18 00:00:00
c8ad107bb7f36a8bbfd791d3650ca446,969b6256a32b5b38af652e5a35381a1b,delivered,2018-06-24 22:03:56,2018-06-25 22:16:54,2018-06-28 15:21:00,2018-07-03 15:58:43,2018-07-16 00:00:00
a14cb0a59ebadf133edc5ccb9ccfc0e7,f5798cfca279c6631c01420e1dffe011,delivered,2018-06-26 15:38:05,2018-06-26 15:56:48,2018-06-26 15:18:00,2018-06-28 21:38:33,2018-07-12 00:00:00
9656b5e1d47c547c84ed07f9da0fafdc,687a3b9cce610e5f1594d904e44394d1,delivered,2017-10-05 16:19:02,2017-10-05 16:35:50,2017-10-09 22:12:36,2017-10-18 19:13:43,2017-10-31 00:00:00
cdcc002fa2228704c9da0dcbebd8d56b,42510cf6f88a1b5a38b09f09867c1f8d,delivered,2017-11-22 20:34:11,2017-11-22 20:46:20,2017-11-23 19:51:51,2017-12-11 17:00:00,2017-12-12 00:00:00
5a071192a28951b76774e5a760c8c9b7,0d1e03686af173cf4faca7f25bcd822c,delivered,2018-02-01 23:18:06,2018-02-01 23:33:40,2018-02-02 19:27:53,2018-02-16 23:27:11,2018-03-02 00:00:00
bb0f9a40fce8ef9d9cc28a750e4eaa67,bf78cabdf0f3966868c551fb6d1b1127,delivered,2018-03-20 11:54:34,2018-03-20 12:15:38,2018-03-23 22:36:43,2018-03-26 23:48:39,2018-04-02 00:00:00
ef814f60d8d32909ecb19879c24c1f53,980847fe0ca85c2ea11845f1b1635a15,delivered,2018-06-23 17:45:15,2018-06-23 17:55:54,2018-06-27 15:31:00,2018-06-30 11:48:53,2018-07-23 00:00:00
4896842ba3beb75beaf555d335e3aa5a,242852cc6560a73920f58dcba47f63a6,delivered,2017-08-28 22:54:57,2017-08-30 02:15:56,2017-08-30 19:36:30,2017-09-09 17:02:46,2017-10-04 00:00:00
c770a2c821be1649e3bff529f0e97b7d,4fb0059557dcb01f28a1551fa175ba92,delivered,2017-07-27 08:45:38,2017-07-27 09:35:11,2017-07-28 15:16:59,2017-08-01 16:57:24,2017-08-22 00:00:00
5ed9945dd12f94f9b11d0bf198bf68e1,95a30d9bc844762418c8d8ecbdbebfe6,delivered,2017-10-24 22:35:35,2017-10-26 03:08:53,2017-10-31 18:22:50,2017-11-04 03:41:42,2017-11-08 00:00:00
4c393aa9849047431a6c20ff36adbfb7,84603bd89cf069b7b3c08401409858e7,delivered,2018-08-06 00:59:11,2018-08-06 01:10:12,2018-08-06 19:36:00,2018-08-14 22:46:56,2018-08-21 00:00:00
66eee0f0bae09aa30b023e20bc83ee80,22c60276d51cf85ff2c70610087ee91b,delivered,2017-10-30 23:10:31,2017-10-30 23:31:09,2017-11-01 21:53:46,2017-11-10 17:52:15,2017-11-14 00:00:00
9c893d6ab03661d6f07382306b4de688,258853ae0cc52bb282d4f52397e22040,delivered,2018-08-06 16:30:01,2018-08-07 08:35:19,2018-08-07 12:04:00,2018-08-11 13:46:28,2018-08-17 00:00:00
005f25968fc854ea16fb16f5bdbc87c7,837cf66598995d5f51efd00d99ced139,delivered,2018-03-04 14:40:35,2018-03-04 15:20:26,2018-03-08 17:27:24,2018-03-20 18:13:37,2018-03-23 00:00:00
fa4fc1143935747eb90d660a6fd01e72,7c6f41aab0d1dac58346151d5d7fe17a,delivered,2017-08-22 14:15:25,2017-08-24 03:06:30,2017-08-24 17:43:30,2017-08-25 16:44:25,2017-09-04 00:00:00
6fb6e809fba02aa50058be7a0e3ad532,9ebe376b5d3f517c3d18461079c1cc4f,delivered,2018-03-07 16:14:54,2018-03-07 16:30:44,2018-03-08 17:51:44,2018-03-21 20:26:33,2018-03-28 00:00:00
9dcb0d9383ad58ac986c6c8fe850be7b,8b3a35cf9a44a81b1856b082b3b7b40d,delivered,2017-10-16 22:05:29,2017-10-17 03:45:48,2017-10-24 16:56:29,2017-10-27 21:35:00,2017-11-17 00:00:00
0724cc371750e7fdfe769d2a8bdd5b92,650a73a3bd9b9aa96aa43406dd84fdab,delivered,2018-01-19 15:14:29,2018-01-19 15:36:57,2018-01-22 15:17:59,2018-02-03 13:18:40,2018-02-20 00:00:00
0b8b249ad3dde632e5f162167e0b9f07,0f487d3ee79935c828e5317b47c4c9a4,delivered,2017-07-31 18:34:50,2017-07-31 18:50:15,2017-08-02 18:49:56,2017-08-10 23:10:18,2017-08-24 00:00:00
1233c2a7be696e62a9196419365b5be8,beb0b22200844ff94eb65a9438f1a32e,delivered,2017-11-12 00:43:04,2017-11-12 00:55:51,2017-11-14 16:48:37,2017-11-24 19:29:27,2017-12-04 00:00:00
89d027af13df8cb1af1f0da1216481fe,c1858678c3bdfe0f9be8b47d28f3373d,delivered,2018-04-05 11:21:32,2018-04-05 11:35:22,2018-04-11 17:34:35,2018-04-12 10:02:53,2018-04-17 00:00:00
019636907d07b2433be000d9d6bed153,2653ffa2adf76d9827e1458918c125ef,delivered,2017-11-16 15:55:19,2017-11-16 16:08:57,2017-11-17 21:41:50,2017-11-23 23:38:51,2017-12-05 00:00:00
0766586a37a3ceaf9623fdedcb51240f,f911f42e1407bd2426dabcf3bad28a14,delivered,2018-04-26 00:39:22,2018-04-26 00:50:59,2018-04-26 11:36:00,2018-05-07 22:03:42,2018-05-18 00:00:00
bedbd4ec33763c46cc1043d118e96c27,d879bf41d591e8db2010ac61bf651ac1,delivered,2018-02-09 11:38:23,2018-02-10 02:36:04,2018-02-15 15:15:47,2018-02-16 14:42:04,2018-02-23 00:00:00
e29fb26d6a4f5223efae23c2b0bdc72b,3a5e81ccdd6a11b04200f1d660c6d15c,delivered,2017-04-18 15:27:38,2017-04-18 15:45:28,2017-04-19 15:05:45,2017-04-25 11:35:41,2017-05-12 00:00:00
a4e716425319a6fefa5bf8c58eeccfcd,e665ff378c7fbc9320f3a9507cd7bfd7,delivered,2017-05-30 09:27:49,2017-05-30 09:43:04,2017-05-31 14:50:01,2017-06-06 09:36:55,2017-06-22 00:00:00
a5b03179a6007c62d80e4be38d97d5df,44b0edb932c4fcf2954fca58eff4e2c6,delivered,2017-10-11 22:25:23,2017-10-11 22:35:14,2017-10-13 22:27:38,2017-10-17 17:17:07,2017-10-24 00:00:00
125f791fad1cb7d8545189f70f1be885,f0148bfce62fb7dc6af3415449aeb2b2,delivered,2018-04-24 15:30:24,2018-04-24 18:57:13,2018-04-25 13:39:00,2018-05-17 16:08:52,2018-05-18 00:00:00
8256c3697a7819795261df09b0554ae5,4c886773ea5e454373c74336b6b99086,delivered,2018-02-09 23:15:38,2018-02-11 00:07:44,2018-02-14 23:13:12,2018-02-22 17:16:47,2018-03-07 00:00:00
055a2893cb600bebc05a16d06e3de36f,424593758067a693edc0b912ae09add5,delivered,2017-07-28 09:14:22,2017-07-28 09:25:09,2017-07-28 14:57:43,2017-08-08 19:03:27,2017-08-21 00:00:00
55dac85c562ddd9e05ddeaffa7631a0b,2802f5d6829832960892bfd04d065e68,delivered,2018-04-18 12:01:13,2018-04-18 12:15:12,2018-04-18 23:56:14,2018-05-15 21:34:42,2018-05-11 00:00:00
5ab5ab13fd02495f204ffe2724aecf49,07402722a2b316e79dbd20301ba2b345,delivered,2017-07-21 15:26:07,2017-07-21 16:10:18,2017-07-25 19:17:31,2017-07-28 10:56:42,2017-08-14 00:00:00
fd83958bf029de1ca6903c3d8d9a9227,8ed7c74527fb99661525847f8f6fd96e,delivered,2017-09-05 14:50:58,2017-09-07 03:03:44,2017-09-12 21:17:57,2017-09-27 19:53:41,2017-10-03 00:00:00
fb38c57228176747d35f4ee92e751b94,d659a8c040d4fb6237d81ea5f3025aa4,delivered,2017-12-12 15:41:49,2017-12-14 02:16:36,2017-12-14 17:25:07,2017-12-21 21:26:49,2017-12-29 00:00:00
a8998c981964bf8bac216e296e00b309,8234b853cf9ba4cee25fea1fe9ab0f50,delivered,2018-06-12 21:07:58,2018-06-13 03:55:13,2018-06-14 14:38:00,2018-06-18 20:52:54,2018-07-04 00:00:00
7ebedb137cfa670cf57c380d94f8a499,68d54b0a5ecb0789396ffcb08b65da68,delivered,2017-12-15 16:08:36,2017-12-15 17:01:08,2017-12-22 22:22:17,2018-01-06 00:46:52,2018-01-15 00:00:00
cfb5c71374e62ce7dfd7688c5adcd0a9,8e1207f98d75cb9596e584860409c1d8,delivered,2018-01-05 15:19:59,2018-01-05 16:12:29,2018-01-06 11:33:10,2018-01-18 00:23:40,2018-02-08 00:00:00
99aa87bbe1515eb7af7c662a11e95436,79545b43c39d43c0535fdf3c2a982e55,delivered,2017-11-13 14:58:08,2017-11-14 04:26:53,2017-11-24 16:48:56,2017-12-12 00:08:58,2017-12-12 00:00:00
474a5a5d176b5d84afe62cdfa7d69dd9,aa75863809ddc7b14204b1040b6f79e8,delivered,2017-05-22 16:17:30,2017-05-24 07:42:38,2017-05-25 10:13:42,2017-06-05 15:37:29,2017-06-20 00:00:00
422c7b02842de5256c6ae63a6898a64f,91bfd6acaab7d4ee573d273bcdf0e21c,delivered,2017-09-11 19:47:47,2017-09-11 20:04:14,2017-09-14 18:33:32,2017-09-18 18:29:43,2017-09-28 00:00:00
16b4ac6ceeaa0dd48fcff2baebee690f,5b343191baac7b4011469793473a16dd,delivered,2017-06-24 19:51:29,2017-06-24 20:04:26,2017-06-26 08:17:47,2017-06-29 17:09:26,2017-07-17 00:00:00
a8d0bb7e040a27e689f81ab278d3cb89,01f2ee4cddbacc178ecf73bded88abab,delivered,2017-05-13 13:15:02,2017-05-16 03:25:37,2017-05-22 09:57:35,2017-06-07 12:35:00,2017-06-16 00:00:00
458d8f9336efffc85b1efa5dd18aa86f,9b581e0364d30b233f7653122203e387,delivered,2017-11-30 14:37:08,2017-11-30 14:56:46,2017-12-01 22:35:10,2017-12-20 01:17:00,2017-12-28 00:00:00
001b76dd48a5b1eee3e87778daa40df8,a62843b08086d1629415a203a7fd419d,delivered,2018-03-26 17:42:53,2018-03-26 17:50:17,2018-03-29 23:32:44,2018-04-06 18:36:23,2018-04-27 00:00:00
fbb4e83be54abdb39f7b0673acc6beb2,72017fb71ceef1860fa0053590ef62e4,delivered,2018-01-27 18:07:38,2018-01-27 18:17:43,2018-01-29 19:32:16,2018-02-16 11:29:18,2018-02-23 00:00:00
c1e00da044e0d7297a2f8cdd0a048fc9,0871641a188da31228226e3e25e5bd22,delivered,2017-03-28 15:15:32,2017-03-28 15:25:20,2017-04-03 16:04:31,2017-04-10 10:27:40,2017-04-19 00:00:00
4ed01120b6d2cbb2a2fe37897f9611f4,f96128959baa7c240dbfe33c4a2646b8,delivered,2017-01-28 23:41:13,2017-01-31 00:34:42,2017-01-31 15:49:39,2017-02-10 18:22:21,2017-03-27 00:00:00
2c6909e9d8d1f642b6c8126f985146d0,ec5070ce37f15962fdad5190d11a7f50,delivered,2017-09-15 13:26:45,2017-09-15 13:44:14,2017-09-22 20:37:08,2017-10-18 23:19:55,2017-10-11 00:00:00
c5d4547def055b1ec943673892380a0c,1fcce9fceb2f6c8a555ef9fd999086d6,delivered,2018-08-17 09:43:24,2018-08-18 03:09:32,2018-08-20 11:04:00,2018-08-27 16:11:28,2018-09-12 00:00:00
fa14c5abc51c6befd52768221284d435,6190a577623194a40b303c4259543aa8,delivered,2017-06-03 18:24:53,2017-06-03 18:35:13,2017-06-06 09:36:36,2017-06-14 14:29:49,2017-07-03 00:00:00
dcfabd43a5dcce53d1ca781b2efa47e3,dcc60efa738ec9300f4befe74b6cf82c,delivered,2018-06-14 15:12:21,2018-06-15 02:17:28,2018-06-20 12:27:00,2018-06-23 16:51:31,2018-07-05 00:00:00
9ec0c8947d973db4f4e8dcf1fbfa8f1b,e7b71a9017aa05c9a7fd292d714858e8,delivered,2018-04-04 08:20:22,2018-04-04 08:35:12,2018-04-05 18:42:35,2018-04-11 18:54:45,2018-04-20 00:00:00
1d0eb66672e5eff7b487f906f5a619ac,7517ff58135290e9df757c3cee7897e6,delivered,2017-09-24 22:18:40,2017-09-26 03:35:30,2017-09-27 17:20:14,2017-10-16 20:47:23,2017-10-31 00:00:00
d38cfff41619a58ae9fb4bb3be5cdfa6,17eb76b7c89a006386dc854560588172,delivered,2017-06-06 21:24:23,2017-06-06 21:35:17,2017-06-08 16:32:34,2017-08-11 19:25:55,2017-07-04 00:00:00
64bc4bb24614c33812ee58261e887145,a18a9be4bf49ccde0fbd6b0dd5748181,delivered,2017-04-24 14:27:24,2017-04-24 14:35:14,2017-04-25 11:53:42,2017-05-03 14:24:07,2017-05-19 00:00:00
0d8ac7eb8e52447e022b8e4a30ff6394,60eb53d519b8d5613ed602528bbf133d,delivered,2018-04-23 09:48:25,2018-04-24 18:38:54,2018-04-24 22:22:36,2018-05-02 15:29:23,2018-05-22 00:00:00
37f9c3b8666bdf2c00d8d6c0de58cd30,441dbe5aa34c7b614be5ceb842001a02,delivered,2018-02-13 15:58:32,2018-02-13 16:10:31,2018-02-15 18:10:08,2018-02-20 21:13:50,2018-03-07 00:00:00
da48c3a7c7a54b3a4fa8e4f0d0a0e49a,4fdf851814f8f40bdc1a2973b759566e,delivered,2017-02-26 01:05:37,2017-02-27 01:15:06,2017-03-02 17:39:35,2017-03-15 11:51:49,2017-04-03 00:00:00
b5938717f4a31095fc54c8b959e7b880,4db5d35daeae658397eb7fafe6801ace,delivered,2018-01-14 15:17:32,2018-01-16 04:31:01,2018-01-19 23:29:27,2018-01-29 20:18:45,2018-01-30 00:00:00
79ff1e2c4405dc4fb530bdaab48ad4bb,f7af1a7247b628687269ab2661ae1f79,delivered,2017-12-13 23:06:19,2017-12-13 23:15:33,2017-12-15 20:09:43,2017-12-18 16:43:44,2018-01-05 00:00:00
8fe62374fc90eef8870d0beed6ded1ae,89c46cb52627885f021d66d9af2b46fb,delivered,2018-05-18 18:35:01,2018-05-18 18:57:56,2018-05-21 08:41:00,2018-06-04 21:53:25,2018-06-19 00:00:00
01be2f7ca246adb9112cb75096af2ee0,9561fb5984d862e686beec844488550f,delivered,2018-02-12 17:47:45,2018-02-12 18:08:13,2018-02-16 01:54:59,2018-02-26 22:38:52,2018-03-06 00:00:00
f52da816a21114847a53ef2534f7e1fc,490239c4353f8f99109bf64353087f86,delivered,2018-03-13 20:12:34,2018-03-15 03:16:13,2018-03-15 23:55:33,2018-03-29 00:33:56,2018-04-05 00:00:00
5f30e7c17d977e49359a52eb6ea0f738,efdd6452a79503982f6a81742a33d2bb,delivered,2017-05-04 22:11:21,2017-05-04 22:25:16,2017-05-10 16:32:17,2017-05-29 13:55:31,2017-06-02 00:00:00
bbc23131aab4b505c48b17061d069db2,d3c09791fc7ede919353f0488a3375a6,delivered,2017-11-25 20:35:09,2017-11-25 20:51:53,2017-11-28 19:11:31,2017-12-11 18:33:32,2017-12-19 00:00:00
d0d830a8144f1cb10439b520ea3327cb,8a989db13a6d398c48444402df893c08,delivered,2017-12-03 23:07:16,2017-12-03 23:31:38,2017-12-06 00:19:04,2017-12-11 19:43:28,2018-01-04 00:00:00
12665915ce815ae60a756854e522fddf,807b33c3a6959d3e04dd76a8d299b583,delivered,2018-03-07 15:55:32,2018-03-07 16:15:32,2018-03-13 18:18:32,2018-04-11 20:28:18,2018-03-28 00:00:00
421af404edc91438b69dd2fa20a9f40b,03c23ab69d584dbbed60003db778135d,delivered,2017-11-24 21:33:07,2017-11-25 00:36:25,2017-11-29 02:11:23,2017-12-18 23:36:47,2017-12-27 00:00:00
9d4638d8518c454d2aa354edcce83182,2a30e5af7916ce1a063a7bc24eb8bff8,delivered,2017-10-17 11:15:51,2017-10-17 11:36:09,2017-10-17 16:47:43,2017-10-30 19:33:05,2017-11-13 00:00:00
e1b4ee0e390fbac1dec439d72b45a115,31f9366e8fbe2412ddbae2d9c49d8adf,delivered,2017-07-21 19:32:03,2017-07-21 19:45:12,2017-07-24 20:05:42,2017-07-28 19:26:44,2017-08-11 00:00:00
7c218bc00f2be6633548cd5ba71e2268,1546f5398ee3f774871361f723b31133,delivered,2018-08-14 14:07:34,2018-08-15 14:10:32,2018-08-16 14:11:00,2018-08-18 00:28:37,2018-08-21 00:00:00
07279e06272270e7cb604d1901a4f374,346f3247d517fffb206310b3e8ed6f81,delivered,2018-07-11 00:47:20,2018-07-11 00:55:22,2018-07-12 10:31:00,2018-07-20 16:46:34,2018-08-08 00:00:00
008c3a655c66f4d92370d0d422732f69,f9f9943ef9d29a86f10de3b43cd84356,delivered,2018-03-04 23:15:49,2018-03-06 04:08:25,2018-03-07 00:32:29,2018-03-09 20:27:41,2018-03-15 00:00:00
7b1e7ecf29040bd9581a1577a522548d,a7572127a87fabd47f018134f276d96a,delivered,2018-04-24 17:17:25,2018-04-24 19:19:09,2018-04-25 16:07:00,2018-05-02 21:13:00,2018-05-16 00:00:00
9226ec3974c021b8d68869985603b685,37ceee20c9b4157368fa41a2dfa0724b,delivered,2018-08-15 14:02:07,2018-08-17 15:50:21,2018-08-20 14:01:00,2018-08-21 11:33:33,2018-08-21 00:00:00
e1113bc148318e5f088060910693116b,e981a08085b8bbcbe96d89633f1c01f7,delivered,2017-07-20 11:04:41,2017-07-20 11:15:21,2017-07-26 11:12:30,2017-08-01 21:43:39,2017-08-15 00:00:00
ed99eda830e2097daecfceef436493d4,b472b3b1c7aee42abbbe34ec26549c8e,delivered,2017-10-11 19:50:54,2017-10-11 20:35:18,2017-10-13 19:00:15,2017-10-30 22:07:48,2017-10-31 00:00:00
4409219388d83b4e077e0537ac46ec0c,bc303aac3563316de8114c1bb12ac2db,delivered,2018-04-21 13:04:58,2018-04-24 18:05:45,2018-04-24 02:07:00,2018-05-11 23:11:38,2018-05-16 00:00:00
0191bbb5166d4b9a68df11797d5acfa9,62b59a64eb786a96516229b7f3612c72,delivered,2017-08-10 12:17:35,2017-08-10 12:30:15,2017-08-15 19:26:45,2017-08-24 18:15:16,2017-09-08 00:00:00
f398d472792fc7b60641d2811adbd93a,70e652de9a39b76185207d7996fcd947,delivered,2018-01-15 19:59:47,2018-01-15 20:11:21,2018-01-16 21:21:36,2018-01-22 23:03:36,2018-02-06 00:00:00
33526a04c7941ab386cc410962b171a0,abffa9acf0a8f4ae68488c204ba45304,delivered,2018-07-24 13:43:20,2018-07-24 13:55:23,2018-07-24 13:03:00,2018-07-30 12:26:29,2018-08-17 00:00:00
c24c7b464d5be50337dc32755b2da963,d85178bdd146b8648278ad6504206c68,delivered,2017-12-11 10:15:34,2017-12-11 10:31:33,2017-12-12 21:48:41,2017-12-18 20:42:12,2018-01-05 00:00:00
177b06f07f7d57b07c732247e5f3a179,77ba3722e956df4dcb1d7fe1e1eddc93,delivered,2018-01-28 21:51:04,2018-01-28 22:11:31,2018-01-29 19:04:33,2018-01-31 00:59:43,2018-02-14 00:00:00
28f746eeb91e247397a0eb18834a45a0,306a585046357d7895a655e98bce758b,shipped,2018-01-06 19:56:07,2018-01-06 20:07:19,2018-01-08 17:33:20,,2018-02-07 00:00:00
0a082979e13de340740a9883be061fcf,cc32707d2e2f7c92ab449f9b28154809,delivered,2017-11-19 08:43:10,2017-11-19 09:05:48,2017-11-20 19:24:26,2017-12-02 14:26:51,2017-12-18 00:00:00
fb73306df41afb7ed9222b25f9ebdfb4,41e82f26c88a900c85541441e25faf06,delivered,2018-08-07 21:22:51,2018-08-07 21:35:21,2018-08-21 05:37:00,2018-08-25 17:04:28,2018-08-28 00:00:00
21ed2fe3b38bb559c88f45cf6179f2cd,bfcf7dd426c5f7aac0d04a7aa7303c3a,delivered,2017-03-04 12:28:32,2017-03-05 06:45:13,2017-03-06 12:14:58,2017-04-04 10:35:05,2017-04-06 00:00:00
73deceb3150fdc9ade84ac49e7bbcb85,2fa2ceab7ce768b8a12761aad46f935a,delivered,2017-05-04 12:21:29,2017-05-05 06:35:20,2017-05-10 09:17:50,2017-05-11 07:25:46,2017-06-05 00:00:00
54a81cfa62c4fe0c6df7812ad83b9036,9713347440d60327275fc4124a09f8ab,delivered,2018-04-02 12:54:23,2018-04-03 05:50:26,2018-04-04 20:13:02,2018-04-06 19:32:41,2018-04-12 00:00:00
6f102b48a7f2f95443550bc4021439e3,a8a98428f2737557e14f0b085fa0d90f,delivered,2017-12-12 19:46:33,2017-12-12 19:55:26,2017-12-15 21:32:54,2017-12-22 15:07:19,2018-01-05 00:00:00
bcbd3afc999b3fa9dbd61efb370239dd,87394943aaa0bdfb58be8462b549eb95,delivered,2018-08-16 12:31:47,2018-08-18 02:50:15,2018-08-20 19:02:00,2018-08-23 04:13:29,2018-08-22 00:00:00
2d5acf84910c01604545f999c9188e5a,e37203fe90f4ea599df8375de9caa9dd,delivered,2018-08-19 10:30:35,2018-08-20 11:30:11,2018-08-21 10:25:00,2018-08-28 18:51:00,2018-09-10 00:00:00
6fcd9bd1d3dfdfc1490067e83d7bb63d,cffe921679977ecf1929b2cc52a3ae89,delivered,2018-08-14 00:20:52,2018-08-14 00:30:13,2018-08-14 14:33:00,2018-08-20 20:21:45,2018-08-27 00:00:00
e907255f506a65069535f14d89a5caaf,852109343137246de7cddbded7f4ba64,delivered,2017-03-22 06:15:52,2017-03-24 01:31:47,2017-03-24 12:59:54,2017-04-04 21:27:41,2017-04-12 00:00:00
28146871b31f87883ea5283892d4ff1d,8fee1426502fd108ed8b7cd85280d11f,delivered,2018-05-14 21:33:12,2018-05-16 10:37:40,2018-05-17 15:28:00,2018-05-22 19:48:45,2018-05-22 00:00:00
eec3e31d916bb57832b96272c5c5ca9e,58d2109e34ae1b206734bb932063bcbe,delivered,2018-05-04 15:11:36,2018-05-04 15:33:24,2018-05-07 14:23:00,2018-05-11 17:36:51,2018-05-25 00:00:00
5d3600123565a48b65ad1ae42b48ae9e,a7086654d09a3fadfc0ed962acba11d6,delivered,2018-06-03 18:16:27,2018-06-03 18:31:18,2018-06-04 14:34:00,2018-06-06 19:22:33,2018-06-28 00:00:00
ca3e4f02c7e6d10a27225305edaee9da,d5c0bbff8df7f8d50e94e5fab3272451,delivered,2017-07-27 10:16:16,2017-07-27 10:35:17,2017-07-28 14:49:54,2017-08-01 20:19:45,2017-08-28 00:00:00
22cf8f48bb76ab9ba483d585d5fbf098,e4225b65a7ba5fe21b285268584c2736,delivered,2017-11-24 20:27:54,2017-11-24 23:33:13,2017-11-29 20:28:25,2017-12-06 20:03:05,2017-12-19 00:00:00
5ab71d2f8c1457987d8674d6f6090483,926590482fd36ae22ba8bcc7a4bd720d,delivered,2017-10-09 22:45:36,2017-10-11 03:28:28,2017-10-13 20:09:01,2017-10-23 12:49:04,2017-10-27 00:00:00
736949a08413c4ce4af7e3f75291fb64,eff7fa81e883948703854337af2c2983,delivered,2018-06-26 09:26:55,2018-06-26 09:52:56,2018-06-28 14:19:00,2018-06-29 21:22:47,2018-07-13 00:00:00
b68a6db5c5def0ec7ba68639bf384c82,d245397e7bd8f475d82c38734377094e,delivered,2017-11-12 22:04:15,2017-11-12 22:15:31,2017-11-17 19:38:37,2017-11-24 20:32:47,2017-12-01 00:00:00
f0318f87816b50576e594e45121332b6,a648c69b66f223371753d5bf0fbfa4ad,delivered,2018-04-07 16:48:26,2018-04-10 03:35:20,2018-04-11 20:11:27,2018-04-18 18:39:51,2018-04-24 00:00:00
9117caf70eb0fe8d15d5a79da085be5a,be4be89d5a3ebddc9337dc5e8071b60d,delivered,2018-07-29 09:52:45,2018-07-30 09:45:21,2018-07-30 14:27:00,2018-08-03 01:04:54,2018-08-17 00:00:00
e0889e0656d981add4b6c940b595193a,5c70d6e3e98eb5c6f7dcbea674e6f836,delivered,2018-08-13 16:15:03,2018-08-13 16:25:18,2018-08-14 15:02:00,2018-08-15 11:18:46,2018-08-16 00:00:00
fd073f02f85b4b2631ee7f04c82c8004,d40dcad6444b925d32b4cdbe15dac05a,delivered,2018-05-30 15:49:15,2018-05-30 16:16:22,2018-06-01 15:10:00,2018-06-11 20:51:50,2018-07-11 00:00:00
b95a0a8bd30aece4e94e81f0591249d8,ff3c6d35b4927c9b965aa6a68dcf56e4,delivered,2017-01-05 12:01:20,2017-01-07 03:35:37,2017-01-11 16:22:53,2017-01-17 15:38:58,2017-02-13 00:00:00
61ead1968b0009a553a0cfd8043ac41b,cfa405d1ea008136eda709f547576dab,delivered,2017-05-14 09:14:06,2017-05-14 09:25:14,2017-05-15 16:21:06,2017-05-18 14:44:44,2017-05-31 00:00:00
dd38c566a34ff9deb93ff05d7bd6d0aa,35e8f2cff4eeed925cfa42f6731a4425,delivered,2018-05-01 17:31:41,2018-05-01 17:53:01,2018-05-02 15:04:00,2018-05-03 18:32:48,2018-05-15 00:00:00
392240bf6b91914830b77ae8572cc0b7,af90eb9009c119e7d3349fdf659a91b1,delivered,2017-09-05 00:40:31,2017-09-05 00:50:14,2017-09-05 21:53:43,2017-09-19 19:53:04,2017-09-28 00:00:00
fa630bc4aa5f6aa35485ddc68bb56edb,78003bdedb0e24f82a2027221622ed27,delivered,2018-08-22 18:20:05,2018-08-22 18:30:15,2018-08-23 15:45:00,2018-08-29 00:09:38,2018-08-30 00:00:00
809cadee53cde56e54180cf5d6631443,833cf609a6aec4b27901837d32aa7117,delivered,2017-12-15 11:38:53,2017-12-15 11:53:19,2017-12-20 11:13:48,2018-01-08 19:27:17,2018-01-17 00:00:00
155ff86a37e4becb60f238b3ee90775b,19dc731014eb8a2c51459dd57a5b6e34,shipped,2017-06-07 18:40:17,2017-06-07 19:22:20,2017-06-22 09:08:02,,2017-06-23 00:00:00
cdc8fc8cc642886abe16af26b0781daf,76e8d47b66ffe39b5573e790dc4b2afc,delivered,2017-04-06 15:57:13,2017-04-06 16:05:26,2017-04-07 09:32:40,2017-04-18 12:46:43,2017-05-04 00:00:00
44569e91b30111309ef6cdca8bfaaca9,36be2e21057fd071db7cb0db8c84a103,delivered,2018-04-02 21:44:34,2018-04-03 21:49:35,2018-04-04 22:16:31,2018-04-09 20:53:38,2018-04-18 00:00:00
6a4b27f33e33875ed99945d3e271698e,10dcfefeeb0f0dfe99880248167259f0,delivered,2017-03-02 18:58:10,2017-03-02 19:05:10,2017-03-08 12:16:39,2017-03-14 10:32:49,2017-03-27 00:00:00
92a22732300af8e83d6f973c1d000818,1ad2cb5445004208689e51589a5f5e90,delivered,2017-07-11 12:56:57,2017-07-11 13:10:30,2017-07-12 18:12:19,2017-07-22 02:49:36,2017-07-24 00:00:00
762daee2f96924ae9dd917fee13176a2,bb0edd59cf79a1b2d152639d6ef210a8,delivered,2017-06-13 12:43:56,2017-06-13 12:55:29,2017-06-14 14:58:08,2017-06-19 20:04:58,2017-07-06 00:00:00
4f2478354c7836ea575c7e2f38dd1d1d,5a1184a130531482314d389906afee6c,delivered,2018-02-20 14:13:30,2018-02-21 14:30:37,2018-02-27 04:42:16,2018-03-09 21:03:55,2018-03-19 00:00:00
aab6724caaf81418088249e2a0ea5d17,fbf7bc76c6c3f2fdd47489cc38542f64,delivered,2018-01-16 19:58:37,2018-01-16 20:10:37,2018-01-17 21:04:59,2018-01-23 17:24:24,2018-02-07 00:00:00
6f8c85df8511665fc02773d5eba0907b,9523328a28afcbb2b4e2e7e49d729bcb,delivered,2018-03-31 18:26:56,2018-03-31 18:47:23,2018-04-02 21:12:38,2018-04-06 23:08:37,2018-04-13 00:00:00
e456f27f17ba9259dac72d24dfecc1bb,9cd1d59f23418d24cebc58fef136e7ed,delivered,2018-06-10 11:12:06,2018-06-10 11:37:43,2018-06-11 09:54:00,2018-06-18 16:11:01,2018-07-12 00:00:00
c43d312cae83cf5e4a99152bf27be2ee,3d14c748bab7ae77e8dff7a9efb1bd38,delivered,2017-07-28 20:25:12,2017-07-28 20:43:31,2017-08-09 20:14:54,2017-08-15 18:37:36,2017-08-25 00:00:00
854b499ad9cdbb8d8945d8b0c0459455,7a40171d9866d44cdeb70537d2727fc6,delivered,2018-03-13 23:34:01,2018-03-14 09:35:23,2018-03-21 14:03:07,2018-04-10 19:12:41,2018-04-18 00:00:00
58a1b2dbc870bdafa3abfced8d5d9cc5,7e9090dbf2dd453786d83814eb0e5778,delivered,2018-05-29 09:50:51,2018-05-31 03:35:46,2018-06-04 14:38:00,2018-06-11 16:38:48,2018-07-12 00:00:00
629f3c74c9431149b83ae4f647484a38,7c54ea991f0aef5d9f42b1ffa63f3811,delivered,2018-03-28 10:34:47,2018-03-30 03:26:49,2018-04-04 19:12:31,2018-04-12 19:51:14,2018-04-19 00:00:00
38289de96763d9d81470f67583f4b2f0,ad6891a1937cb8723a2c08ba1ae59873,delivered,2018-08-22 11:49:11,2018-08-23 02:44:21,2018-08-23 12:39:00,2018-08-29 19:48:37,2018-08-27 00:00:00
1b3d029e5f088cea5910cccc6f480c33,410b9823d7bbf7f9758b5818cb434869,delivered,2018-08-15 17:00:42,2018-08-15 17:15:16,2018-08-17 14:35:00,2018-08-28 00:21:07,2018-09-17 00:00:00
f0b47dadd5f372c41ae2cab6c72877da,30bd2b14e08f78a92bce73780e871241,delivered,2018-05-07 08:42:33,2018-05-08 04:55:27,2018-05-08 15:20:00,2018-05-09 20:06:48,2018-05-21 00:00:00
74c7bfdb692393ddd530050d9e775b95,b2cf0c263573780cd1baf5cdbbbea26f,delivered,2018-08-17 10:00:56,2018-08-17 10:15:23,2018-08-17 14:11:00,2018-08-20 14:36:39,2018-08-22 00:00:00
3fc92f79759d64684c5d19448a12642f,5c630d7e047635a87090316b73975cc7,delivered,2018-05-16 13:59:05,2018-05-16 15:18:55,2018-05-17 12:58:00,2018-05-18 20:58:47,2018-05-24 00:00:00
b2b374adf21bf99c939e6fe72d186ec7,477ea158d9edd00d50b9fe31d9a9361e,delivered,2017-04-21 22:55:36,2017-04-21 23:10:11,2017-04-25 20:06:48,2017-05-10 16:34:46,2017-05-15 00:00:00
2b73fdaa269a7411454b64fea202acfe,025868b2a0b2c0cad5e68c7762074892,delivered,2017-06-17 13:45:51,2017-06-17 13:55:19,2017-06-19 16:49:40,2017-06-23 10:57:30,2017-07-07 00:00:00
70f2c5825ad1afe906cc0c4036a3593f,6a3e7d824a55ef5821a0e327c66cc979,delivered,2017-12-04 20:53:02,2017-12-04 23:30:57,2017-12-05 21:37:11,2017-12-19 19:32:59,2017-12-29 00:00:00
ef785af8a54d7e978562b94e0e20e6ae,9a96a59681d619f8617b0f4a6b414678,delivered,2018-07-14 19:31:09,2018-07-14 19:45:09,2018-07-19 13:53:00,2018-07-23 11:02:49,2018-08-01 00:00:00
24c087010167127767add9f02f8b2019,d2a90be3e7253852568d80763b2df91e,delivered,2018-03-19 00:06:31,2018-03-19 00:15:37,2018-03-19 19:24:50,2018-04-04 00:53:23,2018-04-09 00:00:00
5837a2c844decae8a778657425f6d664,31dd055624c66f291578297a551a6cdf,unavailable,2017-07-17 22:11:13,2017-07-17 22:23:46,,,2017-08-17 00:00:00
3ec9b11c0ebec3ab928940c1e051f802,c452f30b147e9125158215881568f2d9,delivered,2017-05-31 15:10:39,2017-05-31 15:43:02,2017-06-01 10:26:56,2017-06-08 16:04:15,2017-06-27 00:00:00
a9eee8decd3e1383ae72091607768f03,bc7ef7204c85eafbe7399a0325c66a4d,delivered,2018-07-21 16:48:08,2018-07-21 17:04:02,2018-07-24 13:58:00,2018-07-30 19:16:52,2018-09-03 00:00:00
74e3bb00b7a683932b6fddb70716b39f,612ee478008f38dc47a805970daa54fc,delivered,2018-07-18 23:10:28,2018-07-18 23:22:23,2018-07-19 11:22:00,2018-07-24 21:46:39,2018-08-06 00:00:00
ffe49171e120186dcc4c444b55691810,9be83b1a15980ed71eadb4dff917fa29,delivered,2017-03-29 02:00:08,2017-03-29 02:15:36,2017-04-04 14:09:49,2017-04-06 12:35:00,2017-04-18 00:00:00
7cb46c0eb2855e57112f72215ac78d47,6e61720c966581034cb3b2be8178a409,delivered,2017-11-22 08:33:09,2017-11-22 08:40:31,2017-11-22 20:47:31,2017-11-28 13:15:11,2017-12-04 00:00:00
83c21ad12bc2a9a586aabd1334ee4a22,e9f7bc9536bbc683f7b5b18425c48008,delivered,2018-07-08 01:07:10,2018-07-08 01:25:26,2018-07-16 13:48:00,2018-07-20 15:22:48,2018-08-03 00:00:00
d40b517fa96d195400e9b446117a13ab,c9ebaae32f477976f9a0f689ee0641fe,delivered,2017-07-03 15:12:19,2017-07-03 15:25:19,2017-07-04 14:51:52,2017-07-10 19:13:43,2017-07-14 00:00:00
2cc53a4aa9a5a0f2c0ff6559260fb1d4,330ada1157ac9512d0a23430c6b771a9,processing,2017-08-06 20:49:26,2017-08-06 21:05:10,,,2017-09-22 00:00:00
d744afed01f7a27ac2864f952a787ae0,2eb1a6686d8b3a677937ef0fb70ab984,delivered,2018-05-21 23:00:46,2018-05-22 02:15:41,2018-05-22 14:04:00,2018-06-07 16:24:32,2018-06-12 00:00:00
790301a78144d82c818df031f7c92c8f,d4145384ff2ca356124f91a503681aa1,delivered,2018-02-16 18:51:18,2018-02-17 15:10:22,2018-02-20 15:06:19,2018-02-21 16:47:11,2018-03-02 00:00:00
4b95fbb9125e0baff8527de2d1d0042b,407c1406c14156697eab85bf6bc2aa2e,delivered,2017-08-25 00:47:37,2017-08-26 07:05:08,2017-09-14 18:47:41,2017-09-20 18:47:19,2017-09-22 00:00:00
d673513c79ca55525c1a535452b4b6e4,a14be49c073e5fa0a9a4105c60e8ca8c,shipped,2018-04-18 22:14:34,2018-04-18 22:31:11,2018-04-19 17:51:14,,2018-05-22 00:00:00
0e4947dbfc032a9054b0526c61d37d1f,e29fe453e172399a65852e679b7a6131,delivered,2017-08-03 13:24:03,2017-08-04 02:23:56,2017-08-07 18:13:45,2017-08-14 14:12:28,2017-08-25 00:00:00
161e4f0fcbfb31c1e305d6d228c49345,3439a1eddf3e41206b58b14b812006c8,delivered,2017-07-22 22:18:52,2017-07-22 22:30:11,2017-07-28 20:51:36,2017-08-05 12:34:46,2017-08-10 00:00:00
bcd7dbf9f460ff7e9553592547797b95,b075a9da8504753b6be39fd18a41f032,delivered,2017-11-23 23:28:03,2017-11-23 23:37:22,2017-11-24 20:51:26,2017-12-01 20:06:19,2018-01-04 00:00:00
51ee2d580bfba3ac0ba884a8bb098468,2f997ad360d6cc2457e5ee787c24cfa1,delivered,2017-11-28 21:50:11,2017-11-28 21:59:29,2017-12-01 15:36:35,2017-12-20 18:10:43,2017-12-19 00:00:00
91151a1839749882e607fb8d0c0a2a71,007d1c8a4fe2a7d4233d5ad3ea74a29b,delivered,2018-01-10 21:48:42,2018-01-12 02:35:46,2018-01-16 19:06:37,2018-01-26 18:17:47,2018-01-31 00:00:00
229612638439ed12c6b5dcb6c3ac658d,6b86bf7b0271bb85a4c6ce7f1d0370b1,delivered,2018-04-23 15:58:53,2018-04-24 17:41:39,2018-04-24 19:47:41,2018-05-02 20:18:42,2018-05-17 00:00:00
4970ecf64d47def5d7c4c4b39b7ce8d1,0db0e828827cd9a0e1b73d846c4b346f,delivered,2018-06-08 21:41:29,2018-06-08 21:55:09,2018-06-12 19:36:00,2018-06-15 22:42:19,2018-06-25 00:00:00
e713d3a85b6b64756bc80519c7fb2832,422b9239316539ed8458859e1c8008e7,delivered,2017-09-16 09:29:23,2017-09-17 09:35:06,2017-09-19 23:24:36,2017-09-20 19:20:21,2017-10-02 00:00:00
2806d068f5d3e46b89e663cb5e53236d,664ee888b9b21c5ed9917c0325643074,delivered,2018-06-18 20:14:00,2018-06-19 03:36:42,2018-06-19 15:06:00,2018-07-01 18:14:52,2018-07-12 00:00:00
ad366003d331bb0eaa77c1efc5570657,d54371af4fe03138c67f7ad33c8986f2,delivered,2018-01-17 08:03:08,2018-01-18 02:11:30,2018-01-18 18:34:56,2018-01-22 21:23:03,2018-02-07 00:00:00
3857e06130e8d5979d9a92b2970b4862,79b62a9b5b7c37260d175fc99df3dbce,delivered,2018-03-09 13:54:11,2018-03-09 14:29:16,2018-03-12 21:33:19,2018-03-17 00:18:23,2018-04-02 00:00:00
a67834f7995c8979f0268a60dc5ddae4,6937b8b182ca7d01553e2eb0d8cbb429,delivered,2017-06-24 19:28:59,2017-06-26 11:09:52,2017-06-30 16:52:40,2017-07-20 23:11:50,2017-08-07 00:00:00
4b8f5652792df716a6e936ae0c78a935,a56b03f5e6015f1a502b9810309b98b7,delivered,2017-06-26 12:05:33,2017-07-01 21:33:24,2017-06-26 13:05:19,2017-07-12 19:47:28,2017-08-28 00:00:00
0f735e8998215a13c4ba2784eb49fc62,e76699fec544b3c510460f3f9a94604f,delivered,2018-01-04 09:17:17,2018-01-04 09:28:38,2018-01-05 00:53:38,2018-01-08 16:44:09,2018-01-29 00:00:00
3e46d4c127db26ad30843bd14fcb98f7,e74a6338773e24b2e8a94d82cab4ea45,delivered,2018-04-22 01:36:52,2018-04-25 03:55:26,2018-04-25 13:49:00,2018-04-30 17:17:45,2018-05-17 00:00:00
1d08b0ef8f21fe7710ecb1e433e25c0f,e0a064d0e84cf242e93460ee647aaed7,delivered,2017-08-11 21:39:53,2017-08-12 02:55:38,2017-08-15 21:08:07,2017-08-18 16:47:53,2017-08-31 00:00:00
f76db3311899c16f22f22a735377c6bf,3b56e7504b277a496c1d893d7e9ebac7,delivered,2017-08-07 09:32:28,2017-08-07 09:45:18,2017-08-08 19:49:41,2017-08-09 18:13:38,2017-08-18 00:00:00
a5e7e590a77dc838c0311d33e0c88abb,0a6860bf531cbda0c10e174657d4e375,delivered,2018-06-22 21:49:03,2018-06-22 22:17:32,2018-06-26 14:19:00,2018-07-02 16:03:38,2018-07-19 00:00:00
8681c22dbe2b9bc1d6a1c524d4ee4c4e,bda36a72c98054f5967c8fcf6aeeb910,delivered,2018-08-24 09:45:52,2018-08-24 12:15:12,2018-08-27 13:55:00,2018-08-30 21:33:39,2018-09-14 00:00:00
e98847f29202ef61b406a803d8b73240,e16397cf909a6918c0ebbf3c31daceb2,delivered,2018-05-16 14:17:42,2018-05-16 15:34:32,2018-05-17 12:30:00,2018-05-18 21:56:50,2018-05-24 00:00:00
73f768dd000b1341143872a8b7495ee6,aa1228b6ba1197b9df59d360bd056939,delivered,2018-02-25 21:13:42,2018-02-27 03:31:00,2018-02-28 17:08:19,2018-03-12 21:11:55,2018-03-28 00:00:00
1001037af2faeaa0440e04c4cf69413d,bd82f8b438e8a7f9559e2578f9d742dc,delivered,2017-09-17 13:47:09,2017-09-17 14:44:06,2017-09-18 22:53:50,2017-09-27 21:49:02,2017-10-04 00:00:00
dd0f4670de46d15e75e42d522cb73443,2c38a07bca4ddb34f992f6924dba095b,delivered,2018-07-08 12:07:13,2018-07-08 12:25:22,2018-07-10 15:24:00,2018-07-11 18:22:22,2018-07-19 00:00:00
b23dfa1c97d08f8d2017e85dbdc5b1aa,87b0f9495e8483a396c8722f9e5dd2ee,delivered,2017-01-28 17:05:18,2017-01-28 17:30:42,2017-01-30 13:15:01,2017-02-16 17:11:44,2017-03-10 00:00:00
d7bd54f86fb31296fb1517486f94d888,dde0aa483a06788c74c08f1e6ff6a0c1,delivered,2018-06-21 17:24:55,2018-06-23 01:15:45,2018-06-25 17:50:00,2018-07-02 11:30:44,2018-07-19 00:00:00
836410a2fc31591815fe79d66ec24f10,fd7aed3bd9f6c47d1f2db23d0c6eec3d,delivered,2018-07-20 17:36:10,2018-07-21 03:15:24,2018-08-03 14:22:00,2018-08-06 10:41:44,2018-08-16 00:00:00
ce8f27da5f6a86e0fc4f1846c0740a29,94ae1db4210886b1959b7a4852d08670,delivered,2017-12-04 00:12:37,2017-12-04 00:34:57,2017-12-08 21:37:16,2017-12-12 20:18:31,2017-12-20 00:00:00
2f476441218b4faaa8ee368db996f948,ec3b12041b27ac4f88929f9fcc10038c,delivered,2018-05-04 19:24:09,2018-05-04 19:35:15,2018-05-15 14:33:00,2018-05-28 15:33:12,2018-06-07 00:00:00
9edafa4c6dbc4a9dd05637c84bf96605,40dab28c1313cba6be3840cd5205ec79,delivered,2017-11-27 23:57:41,2017-11-28 00:31:46,2017-12-04 22:04:25,2018-01-16 18:54:34,2018-01-04 00:00:00
e0dbe64f00bd054951b1981f99a58f4b,a668337cdc7f3d920473a4b15c04f57a,delivered,2017-09-28 14:09:55,2017-09-28 14:25:50,2017-09-29 21:15:36,2017-10-11 18:40:06,2017-10-30 00:00:00
58ba43739da75a7d57d464e2adedb4e7,cf5116c8a3a4484640454565f54fefe6,delivered,2018-04-02 15:32:27,2018-04-02 15:49:19,2018-04-03 23:41:19,2018-04-11 17:02:46,2018-04-20 00:00:00
76f2f60af7758b8b6db01b8563727086,486f3821dff6f15c3b4c114b12ad1480,delivered,2018-02-16 11:13:33,2018-02-16 11:27:44,2018-02-22 03:44:33,2018-03-08 18:22:39,2018-03-12 00:00:00
d12102a0ff38b1b1707291c697da95b2,ad78c2c23fccddebab62b1bc114bd51b,delivered,2017-02-14 23:12:53,2017-02-14 23:25:21,2017-02-15 12:31:19,2017-03-06 11:37:52,2017-03-23 00:00:00
aabd0efcccfbadac5e162e9ba42b1f28,3a1bc624929fafebe9d31bbdec04deb2,delivered,2018-01-21 23:51:51,2018-01-22 14:04:41,2018-01-23 18:43:01,2018-02-02 02:45:04,2018-02-21 00:00:00
1a4514c5462bbdb806d15e6b241c7a70,b70daefdff79ef359e203f7cc2eff2fa,delivered,2018-07-18 15:22:25,2018-07-18 15:35:20,2018-07-19 13:19:00,2018-07-24 13:41:44,2018-08-02 00:00:00
fba2e820b816302cc910d1ea2980a21f,d090dff5ad4d844ba73aef3ba808c5f4,delivered,2017-10-25 18:31:28,2017-10-25 18:49:47,2017-10-26 14:40:09,2017-10-31 19:34:01,2017-11-21 00:00:00
72b129617546be2b0e88c7ccb961378e,a79df1f329aed9365b676532f1597740,delivered,2018-07-27 13:11:42,2018-07-27 13:25:11,2018-08-09 14:08:00,2018-08-17 18:07:33,2018-09-03 00:00:00
e84fc9bd9b30107feb50736a4763e483,5c1cfd3396dc73c155cbff6e8958c617,delivered,2018-03-09 16:14:16,2018-03-13 04:48:00,2018-03-19 17:58:39,2018-04-05 18:03:35,2018-03-27 00:00:00
070cc53897ed4829689c415f99d37c3e,e6fbb4cd7a63ea4863efc08e62db0186,delivered,2018-05-16 16:00:21,2018-05-17 03:34:49,2018-05-17 15:04:00,2018-05-21 12:21:53,2018-06-05 00:00:00
5b67d5593db6802b11d266e3c4d0e0b1,07eb1b14bb3ad0b4c5b5a5412d13eea1,delivered,2018-07-16 15:52:03,2018-07-16 16:05:09,2018-07-20 14:26:00,2018-07-24 18:46:35,2018-08-01 00:00:00
0b19db7ca9db8caff754ff63f59f67df,5d919c80e16c86df90faf8ea585a052b,delivered,2017-03-23 20:39:03,2017-03-23 20:39:03,2017-03-29 13:06:03,2017-04-07 15:32:52,2017-04-13 00:00:00
010061e3aa0c6ed5e393dda0652bbee8,1e427598ddcfbca80566d2bcd92dd995,delivered,2017-11-13 09:49:19,2017-11-14 03:35:34,2017-11-21 19:18:40,2017-11-24 00:58:40,2017-11-27 00:00:00
85d0c23b95880fa1aa38c08bac7848ca,bc39aff9201f44472ea957177264167f,delivered,2018-03-18 12:39:05,2018-03-18 12:50:29,2018-03-22 19:48:56,2018-03-24 07:17:41,2018-04-03 00:00:00
bf7035d2beda25b2a6b98c676ad04895,3d6fa8d293cda29a0c7ea033b07809d0,delivered,2018-07-22 22:47:43,2018-07-23 12:31:44,2018-07-23 15:02:00,2018-07-26 19:47:28,2018-08-20 00:00:00
3afadc6f2579cb7709b4f798bb4b97b6,7324ed1cb1b9ef48a99d8c9f8d4864db,delivered,2017-09-17 17:15:28,2017-09-17 17:25:16,2017-09-19 15:29:52,2017-09-20 21:14:38,2017-09-28 00:00:00
cc1cc1d6081f7f07a16cc1a3e4ba0b78,7117d38240c00f27406372087b55d1fc,delivered,2017-04-23 18:13:00,2017-04-23 18:25:10,2017-04-25 12:02:04,2017-04-30 12:22:17,2017-05-19 00:00:00
bdbe0f3ee1e78fdf85d1a60f200f411c,16a0ebe9c904c1ac4d2787699057b05c,delivered,2018-01-22 18:04:36,2018-01-22 18:16:53,2018-01-24 23:56:46,2018-02-01 19:11:39,2018-02-22 00:00:00
f2b65e04ebfd135c2194e2c36a9d821e,b436224260ee24be61a6183fba5886c9,delivered,2017-12-01 09:35:20,2017-12-01 11:30:56,2017-12-01 19:38:45,2017-12-11 13:52:36,2017-12-19 00:00:00
6b51309cb191abb919de57f626c06719,2b4f66c5ead58995d8097a8f3bef9833,delivered,2018-08-02 22:00:40,2018-08-02 22:15:12,2018-08-03 12:49:00,2018-08-08 10:58:47,2018-08-20 00:00:00
53892f0dd25da0289fbdb0053853bc34,aec95b447885dd28a6dd6bb4d8cb0aea,delivered,2017-07-14 13:12:09,2017-07-15 07:43:02,2017-07-17 18:53:06,2017-07-24 17:33:29,2017-08-03 00:00:00
7124bd2d49c395dc9b4c8ff94d6c919c,f5587866e99f9081654f4dbfa7757d28,delivered,2018-02-07 18:29:52,2018-02-07 18:50:10,2018-02-08 18:02:51,2018-02-22 10:36:52,2018-03-12 00:00:00
f1b69a785e2f47e44415f46f270f1545,ac689b1fabb72a1bb917134bbf6f0d23,delivered,2018-01-22 12:30:16,2018-01-24 02:35:31,2018-01-25 17:33:14,2018-02-15 13:48:50,2018-02-26 00:00:00
dc31605d33a65a68258480700bc6f87b,4d4c5aa4d23805530c7bca50641186c3,delivered,2018-06-29 18:44:37,2018-06-30 15:30:05,2018-07-03 14:01:00,2018-07-09 14:45:48,2018-08-03 00:00:00
0ffcdff33eb40b6ce4b6cef424e1c63f,7dacda3efc762f10146d7d824846c015,delivered,2018-06-13 12:37:27,2018-06-13 13:02:17,2018-06-14 07:42:00,2018-06-15 23:50:46,2018-07-18 00:00:00
87363623a5528338d66537070e85971d,ea1e5f694966f31b8c471264d333db3a,delivered,2018-02-10 16:02:30,2018-02-10 16:15:26,2018-02-14 18:14:28,2018-02-21 20:42:37,2018-03-06 00:00:00
ac699d120c768095409c6a373ed364de,82280d9f66eeb3ef6af2243ee764160e,delivered,2017-07-13 09:44:51,2017-07-14 02:25:31,2017-07-14 12:52:31,2017-07-20 18:46:34,2017-08-09 00:00:00
a43482a55cc8d11f47b25992831a794f,f4cbe58e364a58bb9e0ce73f92a8b37b,delivered,2017-10-12 10:56:25,2017-10-12 11:07:41,2017-10-17 20:37:05,2017-10-24 16:33:03,2017-11-03 00:00:00
327fed75f27dc1aa02c6e3d33ee29ea8,944bb32927c4abd9d6b4b526977583b1,delivered,2017-08-26 13:41:37,2017-08-26 13:55:08,2017-08-28 18:00:16,2017-09-01 22:04:15,2017-09-19 00:00:00
a31b5cba0164acdc91b6196825128128,b209a1643829776c9340b2fab705c225,delivered,2018-04-05 21:09:23,2018-04-05 21:29:06,2018-04-06 23:06:45,2018-04-18 22:54:30,2018-04-30 00:00:00
01dd7b32b57e2e5633984f61e456b046,48dc227fd17db8b6dacffb7d2be80886,delivered,2018-04-05 12:21:51,2018-04-05 12:35:20,2018-04-05 21:54:30,2018-04-09 19:51:43,2018-04-17 00:00:00
04911e590c1c5c9b8e750d3ac1344d54,6ee6a13ac4b3e616824015be6ddc5977,delivered,2017-08-02 15:03:37,2017-08-02 15:15:16,2017-08-04 19:49:40,2017-08-10 20:09:59,2017-08-22 00:00:00
2576b4cacdd8011f190642f9c42d1522,03ccf99bb960bd4a7a588e4ab472990d,delivered,2017-03-18 12:16:58,2017-03-18 12:16:58,2017-03-24 13:05:30,2017-03-29 14:18:47,2017-04-06 00:00:00
639081c9007c810d12b3f0b01afc7118,171437bfa7315ccc0aa4c38c44d2ff92,delivered,2018-06-02 20:49:21,2018-06-02 21:09:48,2018-06-04 14:38:00,2018-06-15 20:47:40,2018-07-31 00:00:00
a14159f8a3661833c7d9d030e2098861,0937307f79851ecf049744544c8633ae,delivered,2017-05-31 07:55:30,2017-05-31 08:10:11,2017-05-31 13:17:25,2017-06-08 12:57:22,2017-06-26 00:00:00
a25652096ac097b28b9a7f41d188c551,453f30c948afc44aecdf5cceec18f8be,delivered,2017-09-17 18:46:01,2017-09-19 04:04:12,2017-09-20 16:06:04,2017-10-03 18:53:05,2017-10-09 00:00:00
952da942e2586c7131de1381aba049a3,8abfeeb7b843cfbc0f5844addf3a4880,delivered,2017-10-31 17:32:22,2017-10-31 18:31:10,2017-11-14 21:19:02,2017-11-30 20:03:57,2017-11-16 00:00:00
84bf5dfd169eae55102346ea434177af,3f7e3f79b062e4250d7e193b4b8e64a9,delivered,2017-12-19 10:18:49,2017-12-19 10:31:33,2017-12-21 20:28:33,2018-01-03 20:38:50,2018-01-22 00:00:00
153d4e278c168447fd03d0f8494f7f03,8ec13e84557ac0dd85bf56728edbae63,delivered,2017-10-14 09:59:39,2017-10-14 10:14:13,2017-10-17 14:24:00,2017-10-19 20:34:27,2017-11-07 00:00:00
ee45dfe627ec3b1264901bd8b344389e,f3fddc133676aa10028545f367b319e3,delivered,2018-06-11 19:49:52,2018-06-11 20:22:19,2018-06-14 12:50:00,2018-07-09 18:18:54,2018-07-17 00:00:00
f9847bf9cc7336c6ba07fe2bdbb6cae1,c5a8686eefdcb86e4216dc46cec8b81f,delivered,2018-05-10 18:18:52,2018-05-10 18:30:50,2018-05-11 16:28:00,2018-05-22 23:24:32,2018-06-04 00:00:00
e0e83bdc2be394626d0f9177dcde0889,45e6b3e3126887fc3767adefb71c97d3,delivered,2018-04-02 15:11:28,2018-04-02 15:32:27,2018-04-05 20:02:56,2018-04-11 19:50:59,2018-04-18 00:00:00
c9b4d99b4e9c827fbf0a40d2aec43d89,ec5b5d7069348dd3284fbeaefc8aa2e4,delivered,2017-07-28 18:32:58,2017-07-28 18:45:18,2017-07-31 20:32:25,2017-08-03 19:23:50,2017-08-21 00:00:00
397ce3ace09621efd4266efa5a17129c,42028750c2c7004a93ba09849e521164,delivered,2018-06-14 20:24:08,2018-06-14 20:41:04,2018-06-15 15:01:00,2018-06-19 21:41:00,2018-06-26 00:00:00
07f375fa02d74b14cf7562276d6932f1,0c001e52f187db590c01e00cb5b8a1d2,delivered,2017-11-28 10:22:52,2017-11-28 10:40:49,2017-11-28 20:10:15,2017-12-15 19:49:24,2018-01-05 00:00:00
16e149da07062935e510ddb0f573299b,5b714684671e89795b942c4f37c5386e,delivered,2017-10-23 22:16:49,2017-10-23 22:28:28,2017-10-24 14:27:46,2017-11-01 22:32:38,2017-11-23 00:00:00
8f9b22316e1f46393055fe217699461a,a428e5191099df106128d583a47ebf9c,delivered,2017-07-23 11:50:40,2017-07-23 12:05:23,2017-07-26 18:53:36,2017-08-07 18:51:54,2017-08-15 00:00:00
055d978254ef5cedea2b841646d888f1,44b095b70f75bff71c680d045fbfdfa3,delivered,2018-02-12 13:18:13,2018-02-12 13:30:41,2018-02-14 19:12:30,2018-02-16 18:06:50,2018-02-21 00:00:00
6eec967cffa8ad455dbdf0d5b797f912,28494957ff65dc4c08e80f679f42b7f7,delivered,2018-05-23 18:31:30,2018-05-24 18:38:41,2018-05-29 15:40:00,2018-06-06 16:39:08,2018-06-22 00:00:00
02333096645cf1743050acd043b76e69,f9f3547648b8c4bce58da9e9ab677fb8,delivered,2018-08-09 16:22:59,2018-08-09 17:30:20,2018-08-10 11:09:00,2018-08-16 19:38:38,2018-08-27 00:00:00
bdbe430ba78a7cff2db4ac139372d5b5,04edcf9c41ea594087f93171236b28e2,delivered,2017-12-06 00:04:49,2017-12-06 00:12:42,2017-12-08 21:22:26,2017-12-27 21:25:03,2018-01-08 00:00:00
3372398865ef7f00841c6ddeed00230d,a4744f1897b52388a19a1a44fcbc251e,delivered,2018-04-05 08:14:23,2018-04-05 08:29:09,2018-04-05 22:40:41,2018-04-11 22:12:22,2018-04-25 00:00:00
43d8b54629756a38a418dfef248957c2,00e20d0af2000bc5415d945981b3bd31,delivered,2018-05-01 22:36:31,2018-05-01 22:55:25,2018-05-02 15:15:00,2018-05-08 13:43:52,2018-05-28 00:00:00
0a576c94e0a66f147bb4d6949602b85c,a948eaf66310b1a8fab566761234bd3a,delivered,2017-09-26 14:21:05,2017-09-26 14:36:07,2017-09-27 21:54:57,2017-10-04 22:23:04,2017-10-18 00:00:00
b0dd307838694a75cf71bf19c41a98cb,af66c0cabc4d69a28bec182d338cf46c,delivered,2017-07-26 09:45:18,2017-07-26 09:55:20,2017-07-28 13:08:02,2017-08-04 21:27:28,2017-08-17 00:00:00
a9726615eb24e9b1fa84fe7f8c9a5b54,8e294610f95b78e8de960a10bea8d515,delivered,2018-02-27 22:56:06,2018-02-27 23:10:34,2018-03-02 20:21:41,2018-04-09 22:53:01,2018-03-21 00:00:00
3c7f51d2d4719b8f3b5af55c167b2fb4,3c2c0a8240bf76896722b75881b676d1,delivered,2018-05-18 15:43:20,2018-05-19 12:31:41,2018-05-22 09:33:00,2018-06-08 14:55:34,2018-06-22 00:00:00
b776d14b6ced11d944e2a04f0fb06376,3ae8bf49490c1b673d3d86b06e6704cc,delivered,2018-07-19 22:43:26,2018-07-19 22:55:12,2018-07-20 13:28:00,2018-07-30 15:58:44,2018-08-08 00:00:00
3d257c464d0525772e3408c2b25a8c31,b73534f953f7c9cbad86f6bfe75ab43a,delivered,2018-05-22 11:13:31,2018-05-23 02:38:35,2018-05-25 14:38:00,2018-05-26 15:22:40,2018-06-01 00:00:00
468c8b5d4cee2be214b52f9602980779,452b4efdbe9336436e03596e054a65d7,delivered,2017-05-09 14:05:07,2017-05-11 04:05:24,2017-05-16 12:28:08,2017-05-22 09:37:50,2017-05-29 00:00:00
a90caee2f02cc59cf28469ec71681116,e50de73a50d0f161a8a40eee5e0faa94,delivered,2018-08-17 14:36:33,2018-08-17 18:10:16,2018-08-20 13:30:00,2018-08-27 16:28:31,2018-09-24 00:00:00
3cba7817e430400056f23107daafd6a9,14c584eec1ab0ec9dabee7741f6c075e,delivered,2017-11-26 18:59:14,2017-11-26 19:12:31,2017-11-27 17:44:27,2017-12-05 17:54:59,2017-12-29 00:00:00
71dab1155600756af6de79de92e712e3,8c20d9bfbc96c5d39025d77a3ba83d7f,delivered,2018-02-01 18:32:02,2018-02-01 19:37:42,2018-02-19 18:37:35,2018-03-12 18:58:21,2018-03-22 00:00:00
c4b41c36dd589e901f6879f25a74ec1d,4bb880cac21c7a9e1371ab1ebd601706,delivered,2016-10-04 12:53:17,2016-10-04 13:26:11,2016-11-07 16:21:26,2016-11-09 13:37:38,2016-11-24 00:00:00
dde8fc032fcad6d3247ce0f0e99472d0,0722f25bcff38c4412bde18b1f87076c,delivered,2018-02-07 13:26:08,2018-02-08 07:35:26,2018-02-10 01:33:14,2018-03-02 21:23:52,2018-03-14 00:00:00
3727244af1446bbfc36da7351cde0ed4,cb23f4f0078cfabcc4b4fad59e95c2a6,delivered,2018-03-18 19:27:35,2018-03-18 19:47:20,2018-03-19 21:52:23,2018-03-20 22:47:31,2018-03-29 00:00:00
89daf16ca38d1dca141ca4b225351c02,a38093df3976acaf05f45407739a8f16,delivered,2018-06-28 19:12:35,2018-06-29 08:35:15,2018-07-03 14:40:00,2018-07-06 18:38:43,2018-07-25 00:00:00
c5d249c736d0e3a5b29868b9c59e30fd,aa1f321662cf8026efb40a41051f68ba,delivered,2018-08-19 07:40:32,2018-08-20 11:10:31,2018-08-20 13:39:00,2018-08-25 17:58:44,2018-08-31 00:00:00
4bfddd9392014699ab2cbae22a27a574,a74615d4b64e4683f4a872ce9035c771,delivered,2018-01-23 11:34:49,2018-01-23 11:50:47,2018-02-03 10:22:52,2018-02-08 20:09:20,2018-02-20 00:00:00
901a41cac3b7aeb09b79bba006754192,5b8c12a0c8d2c8367265925a67d3fb87,delivered,2018-05-15 21:45:43,2018-05-17 03:16:08,2018-05-18 13:44:00,2018-05-23 18:32:40,2018-06-11 00:00:00
82e3a65003da8fad958036c94ad785d1,16cb62869f971957141c3cbde7bf3842,delivered,2018-06-24 21:12:23,2018-06-24 21:34:01,2018-06-25 11:41:00,2018-07-11 14:50:38,2018-07-26 00:00:00
4c27ea95884450945b1cb30e6fccdd71,3b144e19efcbef5c244929d2524d0b74,delivered,2017-08-21 12:54:51,2017-08-22 04:16:20,2017-08-23 21:45:25,2017-08-30 22:19:10,2017-09-13 00:00:00
fa962e76e50f3469ae2abfa54e6d5be0,aa80dff2d54c89d3bc5040a9dbe5108c,delivered,2018-07-22 13:07:02,2018-07-27 23:30:58,2018-07-24 14:38:00,2018-07-25 18:21:18,2018-07-31 00:00:00
00b4c651133c06fb175123a492f1cac3,965cef866a59a3cd6d1e92ba0ad2c779,delivered,2018-08-17 12:56:21,2018-08-17 14:27:21,2018-08-17 13:54:00,2018-08-23 13:22:44,2018-08-28 00:00:00
a518b0e2cc4f320f21cf76b615df9869,dc20dedafe13e7115406d0761505b778,delivered,2017-05-28 21:12:56,2017-05-28 23:05:14,2017-05-29 09:25:19,2017-06-07 15:59:22,2017-06-21 00:00:00
77af255581f9105559c089f67f770dc3,36dc6bb91bda12512a7e6c9734eec98d,delivered,2018-07-23 22:18:51,2018-07-24 10:31:07,2018-07-24 15:04:00,2018-07-30 17:21:44,2018-08-14 00:00:00
0a9c38d73482b8d81ae7f7ccc5d8796c,19af3b88c973b50b29266c10687fd137,delivered,2017-08-12 11:50:24,2017-08-14 06:25:08,2017-08-18 16:03:38,2017-09-04 21:40:13,2017-09-06 00:00:00
c1b677b6a491c2855ba8486d1f5343b9,a7e5bb9b535b732710a58761d75bc310,delivered,2018-05-19 21:37:22,2018-05-20 00:24:28,2018-05-21 17:42:00,2018-06-05 22:51:52,2018-06-20 00:00:00
be83e11958329610a35de1f743052c66,307f717eca0f4d202f1461f7c6fb290e,delivered,2018-07-09 09:06:51,2018-07-09 09:25:00,2018-07-09 15:14:00,2018-07-12 16:07:00,2018-08-06 00:00:00
b4892e6954a2c805cd6512033cc048ef,7a3a2727ecdcd4f135729a00eaab9834,delivered,2018-04-29 18:20:39,2018-05-01 05:32:30,2018-05-15 07:43:00,2018-06-05 22:38:34,2018-06-04 00:00:00
a0efff1e00b9e23eebde352c8808ce5a,8da3641c15464cd20c78bb4af6ba6c87,delivered,2018-05-06 18:52:25,2018-05-07 09:15:27,2018-05-08 13:58:00,2018-05-16 15:22:56,2018-06-08 00:00:00
4cc00a9ac85dee3a197d788b827da7e8,450f484b0a3d89d8728a50225c34cda2,delivered,2017-12-02 14:56:17,2017-12-02 15:10:41,2017-12-05 20:39:05,2018-01-09 20:17:59,2017-12-28 00:00:00
3462b9aa946649acaf4dbd05d3d61269,192020ae5b4ff52ca59614b0de8bac20,delivered,2017-04-28 20:32:27,2017-04-28 20:45:10,2017-05-02 10:34:46,2017-05-18 15:49:09,2017-05-30 00:00:00
d79f4264e783c7bfb5a7513f811a236a,468a33d90073632f3d419ec748c83fc8,delivered,2018-01-25 20:59:08,2018-01-25 21:12:33,2018-01-31 22:51:37,2018-02-09 23:29:11,2018-03-05 00:00:00
b456629690b371c6797ae5ff45d343b6,4bd1c4610c711c1d56bdeafd6e127eda,delivered,2018-03-12 01:28:13,2018-03-12 02:20:24,2018-03-14 00:46:45,2018-03-16 18:48:24,2018-03-22 00:00:00
64e32e79cb2d36bb6c9848e16fba6029,3582e2507041f4f95a243c5033699acb,delivered,2017-04-28 09:50:33,2017-05-03 11:42:39,2017-05-03 12:35:00,2017-05-17 11:38:25,2017-06-05 00:00:00
1ffa782d6d367937efeae11231132a6f,c20ef58701f7d633de740985bf553b3c,delivered,2018-06-28 21:24:51,2018-06-28 21:35:17,2018-07-02 14:12:00,2018-07-04 18:58:59,2018-07-13 00:00:00
ffe4b41e99d39f0b837a239110260530,08013618897a5ba0b56ecd80981470da,delivered,2017-08-31 21:15:02,2017-08-31 21:25:40,2017-09-01 15:47:26,2017-09-11 20:57:51,2017-09-22 00:00:00
7f64d5e4a277230448eebf7956e29706,2badfd9e28b8f021404cd1af9240f064,delivered,2017-07-26 18:42:37,2017-07-26 18:55:17,2017-07-28 10:53:27,2017-08-04 18:45:34,2017-08-17 00:00:00
d74c5191d69390293b9be9c2efaa8d38,4da745ace3f369d78086d6ddb358b532,delivered,2018-02-25 18:29:06,2018-02-25 19:07:15,2018-02-28 19:48:59,2018-03-26 19:58:59,2018-03-23 00:00:00
ee5cda8e001e5e116ecfadae037c5b1e,67ecc6b957ac04df1289cbb717919aa6,delivered,2018-04-23 12:27:19,2018-04-24 17:22:49,2018-04-25 16:07:00,2018-05-03 21:04:31,2018-05-17 00:00:00
fa527d564307b3b04c515651b1e1142f,e035b640fc55b9c4c1ea81e244a51ecb,delivered,2018-08-11 20:29:36,2018-08-14 04:35:19,2018-08-17 14:57:00,2018-08-29 16:22:19,2018-09-12 00:00:00
26e3e6e840c4d0af240749313bc6a508,f8ca8eb1bb4f5cc811b78d1a13d57b13,delivered,2018-02-05 21:16:13,2018-02-05 21:30:10,2018-02-06 21:56:36,2018-02-23 04:28:37,2018-03-02 00:00:00
bd35b677fd239386e9861d11ae98ab56,ad2eb5d02c0808bcd8743117f6383cf6,canceled,2018-09-17 17:21:16,,,,2018-10-01 00:00:00
98beb6d036255a151fd6d5000ad66da8,cb97139155fd2220668ff63d8e970c64,delivered,2016-10-07 14:42:07,2016-10-11 04:56:36,2016-10-15 04:56:37,2016-10-18 05:56:37,2016-12-01 00:00:00
3740acc7e5399d9f0dcce30f5a8fbcfd,94958d1089510b99c667c815f210ac3f,delivered,2018-01-18 23:16:10,2018-01-18 23:30:37,2018-01-19 22:29:10,2018-01-20 18:28:33,2018-02-02 00:00:00
9b1c817fd98473c0a0dab2a95b5979a6,1be70cd84bb8fdc5c77a52054d6250f8,delivered,2017-08-06 19:10:12,2017-08-06 19:25:17,2017-08-09 14:20:42,2017-08-22 14:16:23,2017-08-29 00:00:00
4d1e8e1f2a630776ccfc291515e610b8,84d24bedfabf04b1cb2a9214a7dffc72,delivered,2018-01-11 00:10:48,2018-01-13 04:55:21,2018-01-16 21:25:58,2018-01-24 16:28:49,2018-02-06 00:00:00
542a75015e9fb10f090ea35b36cb470d,f2dcf5cfd4494eb8a92205e95ac2b3ff,delivered,2018-03-26 08:51:40,2018-03-26 09:07:24,2018-03-27 20:10:49,2018-04-19 01:22:07,2018-04-19 00:00:00
0e6844f9954c0a475641b6490c3f9739,dea5d6374006a4aa182a73371da9f731,delivered,2018-06-05 03:52:26,2018-06-05 16:55:41,2018-06-06 14:36:00,2018-06-12 21:51:56,2018-07-18 00:00:00
c12b8710085638bf3b7deee3f4d14db9,b567379ff604724e8cd07c7ea01239c6,delivered,2017-05-17 19:00:56,2017-05-18 02:31:37,2017-05-18 10:24:39,2017-05-22 06:32:43,2017-06-08 00:00:00
352b9aec1e649ed93ea863e41dc39439,263177b24413a80ea6aa44edbb774020,delivered,2017-07-09 22:02:09,2017-07-11 04:03:36,2017-07-11 18:07:39,2017-07-12 17:27:50,2017-07-21 00:00:00
6fc020b0ec995fb761ee385f34df5a6a,41a657674484cf533a6cf683a1063ace,delivered,2017-09-13 16:59:00,2017-09-13 17:10:40,2017-09-14 21:20:03,2017-09-16 15:25:58,2017-09-25 00:00:00
4c4f5be51183d9cebf3ce5a81a43e38a,1ef627892521e8ab02bb728a2bb2bb65,delivered,2017-02-22 21:31:09,2017-02-22 21:45:13,2017-02-23 22:22:45,2017-03-02 08:15:40,2017-03-22 00:00:00
a15faf55395d2eb26441175d360c6646,22c9471e9da562d23be5f48914b7c3b1,delivered,2018-04-10 12:46:14,2018-04-10 12:55:40,2018-04-11 15:51:51,2018-04-17 21:51:00,2018-04-20 00:00:00
6f75ffc4f296c878f6d66178f5684825,51ad396d34dab6f8139ca3f03dc2b0a3,delivered,2018-01-31 09:30:15,2018-01-31 13:47:50,2018-02-01 16:34:42,2018-02-09 17:56:52,2018-03-02 00:00:00
1c1f0315904930fe04e649a6eb20c4e4,d05e102089074ece592f77a56e66d08e,delivered,2018-07-21 17:38:21,2018-07-21 17:50:19,2018-07-23 14:59:00,2018-08-03 11:52:40,2018-08-16 00:00:00
dcb3d94e55f894b0b78edd5c9a8032fb,4919f32743c45e43a452d499eb67ad1e,delivered,2018-04-08 11:33:28,2018-04-08 11:50:04,2018-04-09 19:02:44,2018-04-18 18:35:24,2018-05-09 00:00:00
e7b51cb01dc5e8dc9823805f84f98aba,624f018ed734d05a9eed7f8a4222258c,delivered,2018-06-22 16:45:36,2018-06-22 18:15:56,2018-06-26 10:51:00,2018-06-29 14:51:43,2018-07-23 00:00:00
e3e3076028a1d6f3e94d131d5ab69014,7711a3e3bfaa43b4a7031ea7915c496b,delivered,2017-12-13 18:14:25,2017-12-13 18:31:20,2017-12-14 20:32:53,2017-12-23 16:09:33,2018-01-10 00:00:00
67d7cb75f0cc86ef6b34e80b1b4f02dc,3558747b3ee96652d1c0f55f1e898682,delivered,2018-04-05 15:45:25,2018-04-06 03:10:16,2018-04-10 18:53:54,2018-04-25 18:36:41,2018-05-04 00:00:00
4b31647c78c9dd5484852a1c9f29a14f,8c3af92a2d4a22018ee148f83dd61296,delivered,2017-11-26 13:02:50,2017-11-26 13:14:58,2017-11-28 09:51:34,2017-12-06 20:32:35,2017-12-20 00:00:00
a18a772d7d1f17c95ee1689b669d3727,ea86242f8c6fc6365cee8cc371065560,delivered,2018-06-13 23:54:47,2018-06-14 01:58:13,2018-06-14 14:20:00,2018-06-19 15:12:16,2018-07-12 00:00:00
a859c431ae458dee74fe2e549bd8e287,0ca32b1a389a605851fe2da8b0e2420f,delivered,2018-03-09 12:33:56,2018-03-10 04:08:43,2018-03-12 20:04:33,2018-03-15 23:08:32,2018-04-02 00:00:00
f395e98fb5c1c6ce1306e80de2fe125b,17b84775b092425883616b88bc1bbba2,delivered,2017-04-10 23:12:09,2017-04-10 23:22:28,2017-04-12 14:40:23,2017-04-19 17:57:55,2017-05-11 00:00:00
7b7f464355b0fe4909df56cd8ac93d8d,a28730bf79d0b8a7bba0da57b026bf78,delivered,2017-11-19 14:42:35,2017-11-19 14:55:32,2017-11-23 22:06:49,2017-12-07 14:52:09,2017-12-12 00:00:00
8b83e402930da5b2e9bc93a69dbdf5ac,9b9adebba72d5785b4336e991ac4d847,delivered,2018-05-31 10:09:56,2018-05-31 10:30:40,2018-06-01 11:19:00,2018-07-04 17:44:40,2018-07-18 00:00:00
5108adf7c59ec5c88f7f272084921e91,05985e0f9bc3426aa52509638f5e7ed0,delivered,2017-12-06 10:53:34,2017-12-06 11:43:41,2017-12-07 14:58:42,2017-12-12 17:52:04,2018-01-03 00:00:00
ea884b5a25f86e605e1750bd936e0122,f58fc8280d4679f90ba28d39b64c61ca,delivered,2018-05-09 17:06:43,2018-05-11 03:37:43,2018-05-11 13:46:00,2018-05-16 19:48:54,2018-06-05 00:00:00
83f55f5d7e22a8596055a21842312edc,654f1f0c2cfec3d5c8c2da4b83db018f,delivered,2017-12-18 14:29:48,2017-12-20 06:57:41,2017-12-27 12:52:02,2018-01-05 16:22:16,2018-01-23 00:00:00
09b70d085a1bfb3b4b2ad8b7c7e43353,c1763055037cbee9f13fb9f115aea5a3,delivered,2017-05-20 17:04:34,2017-05-20 17:22:47,2017-05-22 17:07:45,2017-05-29 16:12:47,2017-06-13 00:00:00
06a31d324c43e3350e4a83fb663c151a,b80aae7fc5eeb4752b559061d404bc2d,delivered,2018-07-04 10:59:51,2018-07-06 02:51:21,2018-07-11 14:58:00,2018-07-24 16:51:44,2018-07-31 00:00:00
a9c12c3dbd383763a49141b30627fd5d,488119c700bb3cf6723a3216356f2e0c,delivered,2018-02-27 11:51:02,2018-02-27 12:09:22,2018-03-03 00:04:32,2018-03-21 21:32:40,2018-03-23 00:00:00
1d41ac5f5e6002b984d0c8609f0019e3,4126088d17550e0903988d5f07b65e9f,delivered,2018-04-01 11:08:04,2018-04-01 11:50:16,2018-04-05 21:18:40,2018-04-16 19:08:52,2018-05-02 00:00:00
1814d90928d9d47d2d43a4154827d649,09ab2c2de0ecac3c7cca42e6a9dea0c1,delivered,2018-03-28 10:09:02,2018-03-28 10:28:37,2018-03-29 23:56:31,2018-04-11 18:53:48,2018-04-24 00:00:00
b242b34edbc41ec738a3ff3cc4c0ae89,99194ab42c89146967b2403939935312,delivered,2018-02-09 12:03:09,2018-02-09 12:15:39,2018-02-09 22:12:09,2018-02-26 17:14:21,2018-03-01 00:00:00
f060da7770c69e820eb3a1765915c4b2,049c5780679a316a9155f71602ad1db9,delivered,2018-02-20 16:21:26,2018-02-20 16:31:14,2018-02-26 17:19:31,2018-03-15 18:29:47,2018-03-29 00:00:00
80012b4a007a0b502a4dd3c0d6224abd,11cc44380a8e2fa7c5e9d0d1cf4adaf0,delivered,2017-11-24 15:16:27,2017-11-24 17:37:56,2017-11-27 19:37:12,2017-12-05 20:22:29,2017-12-20 00:00:00
1ac738eda8e6f03f198f3cd185d60cb1,80982a05bcad06c7ff17a85f5684d05a,delivered,2017-12-06 08:51:01,2017-12-06 09:12:23,2017-12-19 23:09:21,2018-01-13 11:03:28,2018-01-09 00:00:00
e20301223addaf02a0ffb7025259e21d,448cc8ddc13987be1c7826486e187eb4,delivered,2017-03-17 13:12:05,2017-03-17 13:12:05,2017-03-20 11:32:46,2017-03-27 12:52:18,2017-04-11 00:00:00
4adf97ca6d3e14379dd9e26d2a6335e0,5a799d964e08de8aba5211f380a2d988,delivered,2018-03-18 18:21:20,2018-03-20 03:30:41,2018-03-26 15:14:41,2018-03-28 20:34:35,2018-03-29 00:00:00
ed6f828ab9f3f7383d3ba2115000bf34,003b595c764773e20e0949b6fba7b1dc,delivered,2018-04-14 08:18:05,2018-04-17 04:11:44,2018-04-23 15:56:48,2018-05-03 16:57:41,2018-05-09 00:00:00
d8b8d06e649832819245aebd5d4dd9be,4ba0407ef4897d6caad1f5f0afd828bd,delivered,2018-01-23 22:51:10,2018-01-23 22:58:27,2018-01-29 18:48:38,2018-02-03 14:15:15,2018-02-19 00:00:00
455f52f12a5c5e4dbb291823daafc2ab,d81067f5a2e50e54cb03a4a2e1294618,delivered,2018-04-10 08:12:04,2018-04-10 08:29:25,2018-04-11 17:42:55,2018-04-12 18:02:22,2018-04-20 00:00:00
64c9c64b12678438c07b5ec6cc785976,285c78651011aff5604aa51d533f034e,delivered,2017-08-18 20:49:19,2017-08-18 21:05:12,2017-08-22 20:02:48,2017-08-23 19:30:15,2017-08-31 00:00:00
1ed51c0babffeaa2c1c67f3202eb0042,98274d79719392f9234d98cd5ba12ea4,shipped,2018-05-10 22:06:24,2018-05-10 22:17:04,2018-05-15 12:37:00,,2018-05-29 00:00:00
134dd47f025f4b13cd82ce9e771800bb,ddfecd4bb5e482fca16929e5ece6574a,delivered,2017-03-02 23:17:18,2017-03-02 23:25:15,2017-03-06 07:31:55,2017-03-13 14:31:05,2017-03-27 00:00:00
8451a3ca4e5da55d9398b9a7bdd69ebf,861ecfdc2d94521ac18fa27618a5b71d,delivered,2017-08-30 12:37:15,2017-08-30 12:45:15,2017-08-30 19:24:58,2017-09-04 16:11:47,2017-09-20 00:00:00
1629176e313470cd1d1bc811b4695065,5a956bc385c532ba9d78bd4948e7f8e0,delivered,2018-03-14 15:47:48,2018-03-14 16:08:22,2018-03-20 21:17:48,2018-03-21 22:16:47,2018-03-26 00:00:00
4c3a834add3595c42eaefa65d28d6fbe,9d2b760186a269cef1fbac0a2e6e56f7,delivered,2018-08-13 22:17:40,2018-08-14 22:15:13,2018-08-16 15:08:00,2018-08-21 12:02:50,2018-08-27 00:00:00
93f2d84974e75f96b47844d03c29ad86,b1ce7c5c5dbebb1e606c6951bc7e39ca,delivered,2018-05-31 20:24:21,2018-06-01 08:51:50,2018-06-01 14:12:00,2018-06-06 22:22:07,2018-07-13 00:00:00
fb34958eef73f87fb9d50297c5cf14d9,ff0150596f14fb58ab4c45ed2abe04ff,delivered,2018-01-04 23:27:46,2018-01-04 23:38:32,2018-01-10 22:55:01,2018-01-30 23:51:43,2018-02-08 00:00:00
234cbb8d0d6f7eeb4e98ec3b67e2b228,8da3dcab0dbc48b3c72b777c51a5bdd8,delivered,2018-04-25 14:54:17,2018-04-25 15:12:08,2018-04-26 12:34:00,2018-04-27 21:39:01,2018-05-14 00:00:00
c2f4725573134736acc801bfc32b7e5b,8def1d776006a5e1e8f7f0c9297fba54,delivered,2018-03-13 14:07:07,2018-03-13 14:28:37,2018-03-22 20:29:45,2018-04-02 20:05:29,2018-04-11 00:00:00
6573d97e15833bfcf5f1b739d7a1206a,d9e6a03d7111f7c4e22f426a3b8adc10,delivered,2018-04-09 17:09:33,2018-04-09 17:29:18,2018-04-12 00:58:41,2018-04-20 14:53:44,2018-04-30 00:00:00
f553b61e2a7f6dc62c5f8de4ffb4a031,3651eda190f21d4aa9cdee8c5860dde1,delivered,2017-07-10 22:58:20,2017-07-10 23:10:18,2017-07-13 15:51:42,2017-07-28 21:17:58,2017-08-03 00:00:00
cde18b50957133eca08edb6d44b82575,55542e8fcf627ac213a34c15ad1632a7,delivered,2017-11-29 22:12:51,2017-11-29 22:39:57,2017-11-30 17:27:10,2017-12-07 18:52:54,2017-12-21 00:00:00
b7775ddf9a56a4bbabff3e2e84c08b07,c389715f8b1f89ba6f0160230cfd95a7,delivered,2017-10-27 18:19:14,2017-10-27 18:31:08,2017-11-01 15:47:24,2017-11-07 20:08:57,2017-11-29 00:00:00
7551853e324ae2235f75bdc6d843069a,ad4c683b0602c8844549f3dae4c59916,delivered,2017-07-27 16:24:12,2017-07-27 16:43:36,2017-07-28 16:02:44,2017-08-01 18:28:52,2017-08-18 00:00:00
c3e3277d66bf2f2038ae5a5ec155cb5f,57f5750cba88748f13624f2e51dafd21,delivered,2017-08-05 10:51:10,2017-08-05 11:05:14,2017-08-10 15:13:25,2017-08-28 20:22:11,2017-09-06 00:00:00
d3cb6dffcf96cec441e9f4bf3367d133,1dd1f1efccf6a33c8dc013fa534e8dd0,delivered,2018-02-19 13:26:43,2018-02-20 07:26:54,2018-02-20 19:15:21,2018-03-26 22:18:26,2018-03-20 00:00:00
ea5a4621227b0158f41da12e948e6267,6e9e87f482aa06c630751b6c0956d271,delivered,2018-01-11 19:22:42,2018-01-11 19:31:36,2018-01-13 02:51:32,2018-01-16 00:54:57,2018-01-30 00:00:00
6496c94097bf68ceb80535be2e73c766,580b87d0f8f2e58182b45b9bfaebb3e8,delivered,2017-11-03 12:01:15,2017-11-03 12:10:35,2017-11-08 15:16:45,2017-11-13 20:51:46,2017-11-29 00:00:00
7fd8bee2cb90a93904966af3fa39ff3a,ef514bcda50ae5f53d2cf47b150a2b52,delivered,2017-11-23 19:17:08,2017-11-25 19:14:36,2017-11-28 14:29:27,2017-12-01 19:48:45,2017-12-13 00:00:00
3dfb50022bb703d781966370133ed7a5,e0ef4d2528118e7e4798cfac790e0afe,delivered,2018-02-07 00:09:11,2018-02-07 00:30:42,2018-02-07 19:54:42,2018-02-27 02:52:21,2018-03-12 00:00:00
b88ddd9734df34b674aa16d26fc1367c,bd5d9b3038261c433d1423a644c36f9c,delivered,2018-04-19 06:43:15,2018-04-19 06:55:08,2018-04-20 20:26:38,2018-04-21 19:19:23,2018-05-07 00:00:00
0f6896ec061c74612b3a5ab4f2146d0e,ee185cc1e2f628edb1634c85c6a8cd20,delivered,2018-03-12 13:07:37,2018-03-13 09:51:09,2018-03-14 18:03:24,2018-04-24 22:11:57,2018-04-12 00:00:00
0eb9e3204a220fb573180f4e6cd1c63a,edf72e78284083f762b37a95cfc7a220,delivered,2018-08-08 17:52:59,2018-08-08 18:05:23,2018-08-10 15:40:00,2018-08-14 17:20:57,2018-08-17 00:00:00
e293272fdd6886bb17a35ba261ecd822,e016bb60e7c016659aff9f49c4e77d8b,delivered,2017-06-28 21:08:18,2017-06-28 21:15:26,2017-06-29 11:00:48,2017-07-05 16:13:44,2017-07-18 00:00:00
93a4103fd6a1562ec4442ddb02a38c5d,0ec7fc82a014f62c13bf934aa074185d,delivered,2018-01-30 08:34:27,2018-02-01 02:56:13,2018-02-01 17:54:52,2018-02-08 19:28:35,2018-02-21 00:00:00
10d68bf5b2b29ed413ad7b19c7c601de,9a6e18e7ee795e46395603eb78abf0a8,delivered,2018-08-20 16:50:24,2018-08-20 17:10:39,2018-08-27 13:25:00,2018-08-28 21:33:03,2018-08-27 00:00:00
bdb92d2b88b1514aebc54ba49ed0c20d,0808e1fd27de920368bc1c0b7bfc116d,delivered,2018-03-09 11:34:36,2018-03-10 03:49:28,2018-03-20 17:09:52,2018-03-22 20:23:02,2018-04-06 00:00:00
a482b7aa67b778d023b1907f6d755134,acd31301924a390d6dcd25fa5a4935a4,delivered,2018-05-07 11:52:21,2018-05-09 04:14:26,2018-05-09 14:45:00,2018-05-16 17:29:13,2018-05-30 00:00:00
38eec5bb3f0c72a0441c485a07bd99b5,9794742e512848cf1c6fc1a01f0d549e,delivered,2017-11-24 01:26:01,2017-11-24 01:38:45,2017-11-25 14:50:01,2017-12-02 16:30:03,2017-12-19 00:00:00
0d08cdedf9c8c3f61810976bd0ac294d,54bede416120c5f9378ae0cd22b58598,delivered,2018-04-17 22:29:03,2018-04-19 02:51:23,2018-04-19 22:54:54,2018-05-09 00:04:14,2018-05-18 00:00:00
f756f24c1fc9b46e384943ba538a23cd,20570aa103cfe5906c5fd29bad4a31c7,delivered,2017-11-28 16:43:45,2017-11-30 16:50:59,2017-12-01 21:29:37,2017-12-22 19:42:14,2017-12-20 00:00:00
af249ad76f0a378300eb8de655b82166,e72e967bc245b1b81bf29450b7e47e60,delivered,2018-07-18 22:20:06,2018-07-19 08:50:47,2018-07-19 14:19:00,2018-07-26 20:18:39,2018-08-13 00:00:00
9ac6fbee35025d21c5baed2768928e69,9d7a2bb8edc04ab8c0cb6f07c9bc703f,delivered,2017-06-05 14:25:41,2017-06-07 02:42:45,2017-06-14 16:02:28,2017-06-23 10:46:02,2017-06-29 00:00:00
2045198a6e7202ea847fd4816f7dde74,9d7e77ac76ddfb20e31bbda7cccf6f77,delivered,2018-06-18 21:21:57,2018-06-18 21:35:41,2018-06-19 14:12:00,2018-06-27 14:22:51,2018-07-23 00:00:00
094960a25bb327dca31de0e2b9a788f9,6bc095de9379a75fe58a5aff2570f2a8,delivered,2017-05-29 23:02:55,2017-05-29 23:15:11,2017-06-01 13:48:39,2017-06-05 15:58:04,2017-06-19 00:00:00
72a704e8fb6c499fad9b26bd8873bd39,91bd4ed51ee3835599963b967d9b9bbc,delivered,2017-12-25 20:54:42,2017-12-25 21:08:41,2017-12-27 19:15:17,2017-12-28 21:07:57,2018-01-15 00:00:00
bb464b973005de9d4a87e205925f5751,e4d71181686b734c0c6c10eb9a77e8d9,delivered,2018-04-10 19:59:28,2018-04-10 20:15:13,2018-04-12 01:38:42,2018-04-12 18:04:56,2018-04-26 00:00:00
355a4f037048ba07c6bc1b564d6a8448,929a408d132414093579c5a3156f0302,delivered,2017-07-05 20:49:31,2017-07-05 21:03:28,2017-07-06 13:27:06,2017-07-17 19:17:36,2017-08-04 00:00:00
190f1efcb8b7f7fdcf6690c0c3e78c39,0975b736f07ef1af2adb4e91cba4a035,delivered,2017-12-23 22:51:50,2017-12-23 23:08:39,2017-12-26 18:52:27,2018-01-11 22:34:10,2018-02-06 00:00:00
35bd296a8ad55ea37b88e2d4c04dca4e,0618ac28167d5d02f1135f98d3d4166c,delivered,2018-08-07 14:16:50,2018-08-07 15:00:06,2018-08-08 11:44:00,2018-08-13 17:51:24,2018-08-17 00:00:00
eccfa9494767cbb5849832af90431606,8f8bb707c5803bbdf5c57fb926b79156,delivered,2017-04-02 17:24:38,2017-04-04 06:05:36,2017-04-07 16:18:09,2017-04-23 14:05:14,2017-05-05 00:00:00
b642a3e08bfd10119c9b7e948c936e93,f623e071624706724ec88fbb991b6833,canceled,2017-02-03 01:03:44,,,,2017-03-06 00:00:00
a54247c75dbedef28cd7bef1314b5403,31c37978fdd6d7179196ca3a7937d1e8,delivered,2017-11-24 13:50:23,2017-11-24 15:57:39,2017-11-27 17:28:49,2017-12-14 22:39:40,2017-12-18 00:00:00
aeec431748740b82048a6041aaa69c5d,a3aece79030168b1da9bfc09a9d8e092,delivered,2018-03-09 17:23:29,2018-03-09 17:35:29,2018-03-12 21:21:53,2018-03-21 22:58:33,2018-03-21 00:00:00
37426c9050d76817b80ce7208f081fbd,a9104554c614b23afc445ac39a802173,delivered,2018-04-22 19:48:14,2018-04-24 18:09:44,2018-04-24 02:07:00,2018-04-25 19:26:35,2018-05-07 00:00:00
04093e1c2379ed67d202eb2914ded68f,dc65bea8cc50fddf15c1121ee9bd1666,delivered,2018-05-04 23:20:54,2018-05-05 23:15:16,2018-05-07 16:12:00,2018-05-14 20:28:50,2018-06-05 00:00:00
bbf6f71330cce4afde803651c4f05e54,4c932732dbaccc94a29104748b603548,delivered,2018-03-08 16:14:00,2018-03-08 16:56:03,2018-03-13 23:16:27,2018-03-27 17:03:17,2018-03-27 00:00:00
ec0dc4b572563095782c3e96a9f4d205,a5dbb47a11f753332945a2acdf6e84c8,delivered,2017-07-21 11:05:42,2017-07-21 11:15:22,2017-07-22 14:22:15,2017-07-27 17:41:12,2017-08-16 00:00:00
d9544a5262bc4ab34c701c37a69635c2,b12e23d0bf11297749d4ff141ad16040,delivered,2017-07-30 22:21:37,2017-08-04 11:33:20,2017-08-02 18:22:28,2017-08-14 16:45:09,2017-08-22 00:00:00
277de059a7365a4f74aa03167d68bcfd,b8a634625fa41f544ecd0fd73beb9dfe,delivered,2017-11-24 00:24:43,2017-11-24 00:54:51,2017-11-24 14:12:38,2017-12-02 00:26:45,2017-12-18 00:00:00
fdcf099f6b0c76b932c7edea455576d8,d66016b8ab0c0a775bba7b91598d053c,delivered,2017-09-25 10:10:53,2017-09-25 10:30:13,2017-09-29 17:42:58,2017-10-08 16:52:10,2017-10-10 00:00:00
c6772701a7cff60ffa313b5854c7d503,e52b71f689001defd2ddf659c41e7324,delivered,2018-08-08 13:44:54,2018-08-08 14:04:56,2018-08-10 19:12:00,2018-08-13 15:32:40,2018-08-16 00:00:00
e67aba456e4119812662af5c37e7b945,0fbe8d6603447c975e197c946e84aaa0,delivered,2017-04-04 12:06:24,2017-04-04 13:06:31,2017-04-05 12:29:03,2017-04-07 14:48:40,2017-04-25 00:00:00
3ebcb0405b37542a02c3ec916ff70b36,dc8db098922025f1c3f876c9705610e8,delivered,2018-02-10 15:44:55,2018-02-10 15:55:31,2018-02-14 21:31:26,2018-02-20 23:16:54,2018-03-07 00:00:00
5388e2708f398a221ce222e9ba8ef02f,31ecbbcca57a3f7ed2a50e429b6d0bf5,delivered,2018-06-12 01:06:41,2018-06-12 01:35:14,2018-06-12 10:17:00,2018-06-21 00:50:44,2018-07-13 00:00:00
62aa575eee0e9366d015bca35757379d,929c6bcd8432a26aaacd0246a356be27,delivered,2018-01-21 21:02:39,2018-01-22 13:59:28,2018-01-25 15:52:54,2018-02-07 20:32:53,2018-02-19 00:00:00
91b166cd6dd1eeedaae97f48691bf706,f034ceb6936919a215962d7a61080943,delivered,2018-06-06 13:21:07,2018-06-06 13:32:56,2018-06-07 07:39:00,2018-06-15 14:34:52,2018-07-13 00:00:00
48251a875839d15f52e7dcb61e93628a,cae0395b5740ffe6461b6950da7d0c6d,delivered,2018-01-20 15:42:47,2018-01-20 16:00:33,2018-01-23 13:26:54,2018-01-30 23:47:54,2018-02-22 00:00:00
4b4a19bd8b1065ce9a4f227eff142150,68e39b15a421a9bbc7df0dd39c3a2bff,delivered,2018-02-16 15:07:18,2018-02-16 15:26:52,2018-02-21 10:04:14,2018-03-14 20:36:23,2018-03-15 00:00:00
d37d89dd6d36e423ff7296dc9482c53e,67a28655b804d6a418964f3dd4e214bc,delivered,2018-01-23 18:47:39,2018-01-23 18:58:25,2018-01-31 17:19:04,2018-02-20 17:28:05,2018-02-19 00:00:00
5260ac84bdd23400bd774a4507093208,39d83180f85dee8f5a5ac4d58a8f4880,delivered,2018-02-27 12:23:58,2018-03-01 02:55:32,2018-03-08 13:37:52,2018-03-09 22:56:40,2018-03-28 00:00:00
a2a0c616802ddf184bbf68107f4a9827,e48eeae6ebf2b3fc656815c6cfbcc6fa,delivered,2018-03-05 21:45:05,2018-03-06 03:49:11,2018-03-06 19:08:14,2018-03-13 12:59:57,2018-03-29 00:00:00
47b0e0983b9239a0ac87843ffc19d0a5,7020e142bd2d3cbdaa532b65ac8fc35f,delivered,2017-03-15 13:31:52,2017-03-15 13:31:52,2017-03-17 07:51:52,2017-03-21 17:08:31,2017-04-03 00:00:00
518f64553f1bdccfe47ed290584a60a3,d42189413c7699ea8214e0ec9e0cd70d,delivered,2018-07-04 14:42:06,2018-07-05 16:35:08,2018-07-05 13:29:00,2018-07-07 12:42:00,2018-07-18 00:00:00
b3311a70844e97acd4e111dac452a341,0eb1f7243ce47d7b87fd0615123732b8,delivered,2017-03-22 15:13:20,2017-03-22 15:13:20,2017-03-22 16:19:27,2017-03-27 13:08:22,2017-04-12 00:00:00
b29379bd37fb3341ad28686c0878a7a4,86ef6f70541aecb8e52399900b2b1391,delivered,2017-09-21 19:55:51,2017-09-21 20:05:20,2017-09-25 20:23:28,2017-10-03 20:22:00,2017-10-18 00:00:00
6d67e84d12d1216ea08f95b805d1848a,8fb481b4f5b2ee031391617a491a3753,delivered,2018-03-17 09:27:55,2018-03-17 09:35:22,2018-03-21 19:15:47,2018-04-04 16:54:16,2018-04-09 00:00:00
104d88e666e2ec697eee4ce419862e5a,64c186d30231c7d4c0c20760bdcb092d,delivered,2018-05-15 13:37:27,2018-05-17 02:37:23,2018-05-30 14:03:00,2018-06-08 16:08:44,2018-06-26 00:00:00
f51e3c7f79d1e2c076acbb6af1588b95,3469ebe2f9aa5e08f1a85ecf20b549e0,delivered,2017-03-10 20:04:32,2017-03-10 20:04:32,2017-03-15 13:27:52,2017-03-17 15:28:13,2017-03-29 00:00:00
65eee6d1e2ff3fc9e0381565deb83b71,e9815153ada2825b5b32f1df33b44429,delivered,2018-03-21 23:56:23,2018-03-22 00:16:12,2018-03-23 00:18:39,2018-03-24 17:42:38,2018-04-04 00:00:00
cb9330eec7f496a4f3a7c9764843edce,f8a4799330b4414d1ef3ee5d5e7e9dc5,delivered,2018-02-02 15:26:32,2018-02-02 16:00:26,2018-02-05 21:53:12,2018-03-05 18:32:43,2018-03-07 00:00:00
47649a3165ce361837432d13074e8855,786746e271f583af426b9ae221ab207f,delivered,2018-03-29 21:59:53,2018-03-29 22:15:18,2018-04-03 23:46:39,2018-04-05 17:51:44,2018-04-11 00:00:00
6e293c815e8f107882d9a0671546697f,f57e646ab82ad4ec35eb06a5bd2a4fb8,delivered,2018-04-05 23:02:52,2018-04-06 22:55:22,2018-04-07 17:03:54,2018-04-11 18:19:24,2018-04-17 00:00:00
639d641103a2eb32e871e36bf3df366b,8d3800a0067972ea136a0ba0a17986ed,delivered,2017-05-08 22:42:49,2017-05-08 22:55:16,2017-05-10 13:23:07,2017-05-24 07:47:17,2017-06-02 00:00:00
5cd692d410145f2f1d7ac869a323707c,471e287a6db1907b68059d0e15a1c424,delivered,2017-05-30 15:43:46,2017-05-30 15:55:22,2017-06-02 13:06:05,2017-06-08 12:23:54,2017-06-22 00:00:00
5feed08e8f66735ba71592e68d15a602,ba26119ebc275d7342f7f7a400c0cfd8,delivered,2017-10-29 15:23:08,2017-10-29 15:35:09,2017-10-31 15:43:33,2017-11-03 14:32:30,2017-11-17 00:00:00
78be8a4c5a531df37c34de28d78a33be,d1447a4d85f6a575054747caa6a8af8e,delivered,2018-08-16 17:21:29,2018-08-16 17:35:20,2018-08-20 15:17:00,2018-08-21 22:32:16,2018-08-22 00:00:00
614aa8cf398f41bad8fdb0b0927c014a,ca6187373928f3f6a481bbfa1626b72a,delivered,2017-11-23 13:21:52,2017-11-23 13:33:05,2017-11-27 15:09:26,2017-12-02 13:16:54,2017-12-15 00:00:00
267bbad19472e684df4bf42472de57b0,dbfe1db80433dbb5886d4c7994ddd82b,delivered,2018-04-25 21:33:59,2018-04-26 17:31:48,2018-04-27 13:57:00,2018-05-07 17:23:50,2018-05-24 00:00:00
a4aa1f375705ffd3e164feb2d98f1a77,6e51797a641218295e6b67fb8f01d0b5,delivered,2017-05-10 22:08:52,2017-05-10 23:02:33,2017-05-11 09:44:51,2017-05-16 13:15:57,2017-05-26 00:00:00
29762256baa078e5ee816868b0224ae4,4ef60e9aedb2b170022f42d5a78248bc,delivered,2018-03-21 14:18:17,2018-03-22 02:56:07,2018-03-23 13:42:56,2018-04-12 17:13:05,2018-04-24 00:00:00
0df136a9938704f2ee4f14c0661ec032,64fa463ef0a19e25ed8a2aa16fc06de2,delivered,2017-03-23 09:57:53,2017-03-23 09:57:53,2017-03-23 15:24:39,2017-03-30 14:16:18,2017-04-18 00:00:00
86dc88ddd65ce09259b6fa9817363312,04756e2ee87fafa85f80184649453aaf,delivered,2017-06-05 13:52:48,2017-06-06 13:50:20,2017-06-06 15:01:14,2017-06-17 23:54:54,2017-06-29 00:00:00
eeee9fc265c35c747336ac03cee7cbdf,b87a8d457532d41ceedd4d6550600edf,delivered,2017-11-22 17:49:16,2017-11-22 17:59:32,2017-11-23 19:18:55,2017-11-25 13:13:15,2017-12-04 00:00:00
b28cf8bc138dae69d0c5ae801401a0a8,2a9fd9f567776619d9583920325d2377,delivered,2017-10-30 13:19:39,2017-10-30 13:31:17,2017-11-06 22:32:08,2017-11-13 22:42:37,2017-11-17 00:00:00
e99ad24ae882053c1748c15ce2fdb0d7,538f5ebabc8b42ab3d71536066a64ed2,delivered,2017-09-08 00:41:34,2017-09-08 02:34:04,2017-09-11 12:26:35,2017-09-14 21:16:23,2017-10-04 00:00:00
89561bab2f540ec47002eb8e0fbec2a8,0f627b6ab38a1e8e4f2bcacb521c20da,delivered,2017-10-15 20:56:39,2017-10-15 21:14:22,2017-10-16 20:17:56,2017-11-18 12:14:27,2017-10-26 00:00:00
61a8839369074944332ccfa0491f3d4e,629cfc9be4d3655d489d76eaa66606c8,delivered,2017-12-23 12:45:20,2017-12-23 12:54:51,2017-12-27 20:17:51,2018-01-15 18:47:57,2018-01-26 00:00:00
2a7829351028a2cb2ef2af86148cec49,ebf3d2ad1718503dfc694bb6bb83c74e,delivered,2018-06-26 18:06:49,2018-06-26 18:43:21,2018-06-28 14:48:00,2018-07-02 22:38:46,2018-07-17 00:00:00
82f4132e89e21a9294ff6bee8e6a9a3a,3dbac935fb077003b3cd7b6e9ae9ecb7,delivered,2017-04-01 11:23:53,2017-04-04 05:45:13,2017-04-04 13:14:38,2017-05-07 10:27:33,2017-05-12 00:00:00
b86ec88f5bffbf1f61fb5daed332e355,5daf8c734e89f88e5305f9283e7ca135,delivered,2018-01-24 15:15:26,2018-01-25 02:58:13,2018-01-29 16:56:49,2018-03-01 21:57:09,2018-02-14 00:00:00
5a72aaf4a78a5e2b0ba132b0e9c21fb1,6ee45baed0289293ba172055f0dd9011,delivered,2017-11-25 19:41:15,2017-11-27 19:39:43,2017-12-01 19:18:22,2017-12-21 17:03:15,2017-12-18 00:00:00
ac9dfcb098b29edba5d0cbd3b4febefd,6f9006bb7c969010f3b9a8252bf7a8fe,delivered,2018-05-04 22:51:30,2018-05-05 02:53:54,2018-05-08 12:36:00,2018-05-09 20:14:56,2018-05-21 00:00:00
eb76dacd087607fabfce4eb43d0f59d6,53c06831bb94ec9ce2eed089f5ac94c9,delivered,2018-02-19 10:05:51,2018-02-19 10:27:43,2018-02-20 16:25:43,2018-03-16 13:34:36,2018-03-09 00:00:00
b833c7dd492bcb53f2b6de8d0e081dc2,cce9122504ffe615a5971a2c761dbfcf,delivered,2018-02-06 10:55:07,2018-02-06 11:11:50,2018-02-07 21:42:23,2018-02-15 17:20:52,2018-03-06 00:00:00
2bb9ca1905f76e4e33fc5ae85351dbee,ba51602010a37a575ea1860756b5c356,delivered,2018-05-16 20:46:45,2018-05-16 21:14:03,2018-05-17 13:51:00,2018-05-24 22:21:55,2018-06-01 00:00:00
777f086f57e89ea16f5b49fbcb4a34a0,76b4852bd6798647a30878e64ddf59e3,delivered,2018-06-20 13:45:54,2018-06-20 14:18:13,2018-06-20 14:59:00,2018-06-21 21:36:36,2018-07-05 00:00:00
844cfd170bcdbf34353a0f09b860b61e,62f47d0e6762623abef35d72603bbc5b,delivered,2017-12-08 09:38:19,2017-12-12 03:49:47,2017-12-13 19:17:43,2017-12-26 18:56:03,2018-01-05 00:00:00
e40a14dbad08901c276df1547f261960,3c7a441eca1f6d15ac2bb0dca7ff073f,delivered,2018-02-13 17:40:22,2018-02-13 17:50:27,2018-02-14 20:22:40,2018-02-27 01:32:50,2018-03-12 00:00:00
d8253682886103126c169f93e8b46349,17cc65ff9ac50c525332662f3261a9bb,delivered,2017-11-03 09:02:50,2017-11-03 09:15:27,2017-11-06 20:09:21,2017-11-17 20:18:52,2017-11-27 00:00:00
1df2775799eecdf9dd85024255c611b7,1240c2e65c4601dd860e3a36703a362b,shipped,2017-07-13 11:03:05,2017-07-13 11:10:22,2017-07-18 18:17:30,,2017-08-14 00:00:00
5fed29bc3234f8a50dcdafe6754b62ce,137105b0420e2f6a83fe51bd237888b0,delivered,2017-05-30 17:36:49,2017-05-30 17:50:25,2017-05-31 23:32:44,2017-06-06 14:27:52,2017-06-20 00:00:00
dbb4e39f97a75cf8ffbcbd214f596b1a,b511d5f0d9d2f2fdcba72ba5f2853e61,delivered,2018-05-03 18:14:31,2018-05-03 18:34:20,2018-05-04 14:53:00,2018-05-07 22:39:40,2018-05-16 00:00:00
faa68fcba0ef1321e0c356db33de5293,e814ceee6c93933d5faab1e4beed3834,delivered,2017-11-24 11:20:08,2017-11-25 05:51:24,2017-12-11 18:06:59,2017-12-13 21:44:58,2017-12-11 00:00:00
62b86d4e40eb55d675e2ff8be00dd5e9,ec03908b046dc095ebb255624980a662,delivered,2017-03-09 18:15:38,2017-03-09 18:15:38,2017-03-16 11:27:58,2017-03-23 15:03:59,2017-04-04 00:00:00
fc9c5a8e296849292b4aa44da1911cd4,eaa3b132d1e0b5dde46a365869e7a5e0,delivered,2018-02-03 13:00:36,2018-02-03 13:15:25,2018-02-05 23:33:49,2018-02-09 15:42:30,2018-03-07 00:00:00
16e9aa07e3c0747d339a73bf9c1d275d,ea79db9c02e4bf4172f8cbbbc24fb0be,delivered,2018-04-17 22:36:19,2018-04-17 22:51:53,2018-04-18 19:41:21,2018-05-03 19:53:37,2018-05-21 00:00:00
fe751fb989fdd6ff6c21a0b708da0d13,caf69cb2c6e8252358df8fabdc9544f7,delivered,2017-12-28 23:14:50,2017-12-28 23:27:09,2018-01-02 19:35:12,2018-01-12 22:10:41,2018-01-29 00:00:00
5770d4a84c1a09336d4c93063323d21d,9b8959f26f86edc945df217520cbeaa2,delivered,2017-07-19 12:11:51,2017-07-20 12:15:15,2017-07-20 17:12:16,2017-07-27 14:34:23,2017-08-08 00:00:00
c5f0b9e8bd23e3d37855d76739573355,2d168556d327700dc590e84a3b12112d,delivered,2018-02-05 17:50:38,2018-02-05 18:50:35,2018-02-08 22:32:27,2018-02-20 21:55:22,2018-03-06 00:00:00
0d336209744bc116bc1a7accb463c189,8399381026e573d8385a57a5bcd56a3d,delivered,2018-04-18 16:19:52,2018-04-18 17:33:42,2018-04-19 02:04:48,2018-04-28 17:16:50,2018-05-16 00:00:00
a1b97f7eccbf23999b9ab8845ea122ca,c3e6ec183b30f552fdd43a367f096d4a,delivered,2018-04-28 21:01:16,2018-04-28 21:15:15,2018-05-03 15:41:00,2018-05-16 20:51:32,2018-05-29 00:00:00
6a096fcdddba23fd2ee58971dcd1654e,eb8a54dde52e8436241c322baa3f95c2,delivered,2018-05-22 11:20:15,2018-05-23 02:15:45,2018-05-23 14:10:00,2018-05-24 16:12:15,2018-06-01 00:00:00
5922f7c7645fe4c84b8074f7574dcacf,6c87ef9fb2c74c744c17fd3b3c766d80,delivered,2017-07-04 09:44:04,2017-07-04 09:55:23,2017-07-05 12:17:16,2017-07-10 19:43:46,2017-07-31 00:00:00
fcde2f7449493b4f207a23fae117b0fb,e66de6386879967a7fb922ddb088609f,delivered,2017-05-24 00:13:29,2017-05-24 01:25:28,2017-05-24 17:47:03,2017-06-01 12:52:47,2017-06-20 00:00:00
bb2481cfc7467d4d8ee14699270dd7e8,2a7b2b2d08b5bda4cdd784673a9c5fc0,delivered,2017-06-14 11:13:00,2017-06-14 11:23:15,2017-06-14 12:41:54,2017-06-26 17:22:21,2017-07-06 00:00:00
47912b9e87f6d0977dd948e2722435ee,b7e4bc42b98ab6bef3e09b78c085267c,delivered,2018-04-28 12:19:01,2018-04-28 12:30:31,2018-05-04 15:11:00,2018-05-10 19:26:40,2018-05-28 00:00:00
5dabb1e690a8366ee254e5ed03022359,5e0cc56654515ef0d944ea6d58a52f37,delivered,2018-08-13 14:12:39,2018-08-13 14:25:17,2018-08-15 14:26:00,2018-08-18 01:56:38,2018-08-22 00:00:00
16647da0639fd5db20f1e8de9305bc5c,0a28710d39c87618a19f30a66d3a70e4,delivered,2018-01-15 20:36:27,2018-01-15 20:50:43,2018-01-23 15:27:02,2018-02-05 22:33:41,2018-02-22 00:00:00
f3b7643e42ed973c3f506f7ba18a6723,a14924ce978973b7ad6127c0115d3aaa,delivered,2017-09-10 16:51:58,2017-09-10 17:04:32,2017-09-13 11:36:54,2017-09-15 17:37:48,2017-09-28 00:00:00
a47209f5c19200ebf7bb28427db5fc1a,fa93ce4834c0f048dfd4b15cb6542beb,delivered,2018-04-18 10:19:22,2018-04-18 10:35:10,2018-04-19 21:57:22,2018-05-02 21:31:58,2018-05-16 00:00:00
2cf35c553f356f26bf01262d9a4880fe,e50d75982d1fb2793e4f64c3dad738e7,delivered,2018-04-05 12:17:27,2018-04-05 12:30:22,2018-04-06 21:57:41,2018-04-09 20:32:38,2018-05-03 00:00:00
9125c1064ed28a581538a66da2a84750,e7fa14abbccc3cdab0705a9dc2fac2cc,delivered,2017-07-24 23:16:25,2017-07-26 02:24:11,2017-07-26 23:33:26,2017-08-02 22:23:20,2017-08-15 00:00:00
fc673f244cbed55f48d925a2f75e42ea,fa7256ca985236e438321af2f1128658,delivered,2018-07-31 16:32:47,2018-07-31 17:30:57,2018-08-01 13:41:00,2018-08-09 15:58:54,2018-08-24 00:00:00
72be45eab146087612b9ee932e825574,bc225b031d110d0b09ed6f25762f2e83,delivered,2018-04-12 15:23:19,2018-04-13 18:31:07,2018-04-17 17:24:52,2018-05-02 17:38:49,2018-05-10 00:00:00
e35fda43bb9963155d19ccc348e92845,afae2e90dfd0d2e98b0a3c5727682725,delivered,2018-06-21 17:53:24,2018-06-21 18:21:28,2018-06-25 09:15:00,2018-07-04 17:49:31,2018-07-27 00:00:00
0cafd6a7576a6aae0f891008a87f1546,c758396a502648cb2e77ef06e0807a00,unavailable,2017-01-20 10:31:53,2017-01-20 10:45:12,,,2017-02-22 00:00:00
87d43116721d5ee0c0748fd7d393cc9d,a7f4253f2a560d4035c330dcef235b74,delivered,2017-02-01 22:31:12,2017-02-01 22:41:28,2017-02-02 15:32:44,2017-02-09 19:32:37,2017-02-27 00:00:00
00d0ffd14774da775ac832ba8520510f,a2f3de2a0a84803cef018776a2e76c9b,canceled,2017-12-23 22:25:00,,,,2018-01-19 00:00:00
45c653bdeb327fde86e2a52bd3d33e89,477d25a94a52bc31e37ca4c2bd589cb0,delivered,2018-06-04 21:49:36,2018-06-04 22:11:14,2018-06-05 13:23:00,2018-06-11 16:18:38,2018-07-13 00:00:00
89344f70ec7aae1fdaa6dc1b338c5681,976742f809adb07d9fd01c857b74c176,delivered,2018-03-13 18:11:02,2018-03-13 18:29:22,2018-03-15 00:52:24,2018-03-19 16:12:12,2018-03-29 00:00:00
44b87ee6f37f915e2a218287d1acf1fa,e271b94a2dfb2eea947d8f70a27a6cef,delivered,2018-04-15 17:04:07,2018-04-15 17:15:09,2018-04-17 20:19:28,2018-04-24 18:47:03,2018-05-07 00:00:00
a32c1ae6b544c2e27c53db079e2a3af6,1f85f3a63d7486a6a223798bec7e9900,delivered,2017-06-27 12:24:08,2017-06-27 12:35:41,2017-06-27 15:33:40,2017-07-10 20:22:56,2017-08-03 00:00:00
52b1b3d6e18f1bf504f285c0a8f0d276,db09079896ba2bca8288a3a712e043ab,delivered,2018-06-06 10:54:03,2018-06-06 11:13:55,2018-06-08 16:55:00,2018-06-19 19:21:49,2018-07-24 00:00:00
f5c948dcc066017d10fd2dd3d01cea6d,9a742779321ef50e42cabb09ea58bfe7,delivered,2017-02-11 13:39:30,2017-02-11 13:50:17,2017-02-13 12:19:22,2017-02-20 11:22:10,2017-03-10 00:00:00
4bea5d6a48f99c6518dfc081ef04ba15,44d63d6f7f4bb07074143c02809dbe89,delivered,2018-01-18 22:51:17,2018-01-20 09:10:33,2018-01-22 19:38:31,2018-01-25 12:09:38,2018-02-09 00:00:00
e884a5f13002803a9e393c21d0c1b257,cb6967ba89bf0c0146e4cb9eeb5b440d,delivered,2017-08-16 13:10:41,2017-08-16 13:30:18,2017-08-18 13:44:40,2017-09-05 17:00:13,2017-09-18 00:00:00
d477ea450bb767cf9e8bea5fde7336d8,64e5b5b5abea3d62bf84acc78478f8d9,delivered,2017-04-26 03:54:32,2017-04-27 13:36:39,2017-04-27 10:59:36,2017-05-05 15:23:56,2017-05-15 00:00:00
2c9e182f7a193ad787c1e4dda16768c1,6724e5d010a374b2048e209baefe6784,delivered,2018-07-31 20:43:31,2018-07-31 21:20:09,2018-08-01 13:22:00,2018-08-06 19:02:49,2018-08-13 00:00:00
08a2535facf687274c238d2c9f59b7ce,679ffd2f67c23646db9095fa12b8052b,delivered,2018-01-12 09:15:42,2018-01-12 09:28:29,2018-01-13 01:38:12,2018-01-26 19:08:52,2018-02-08 00:00:00
1428d5591252000b5c73e00f91d4889a,df0cd48862bf18ac12632f80ea972fc0,delivered,2018-06-02 12:49:16,2018-06-02 13:10:05,2018-06-04 13:59:00,2018-06-05 16:57:52,2018-07-05 00:00:00
205b109336cc8efa4ff08f231919f4bc,469c87ba0d5db4884464ef9280f67efd,delivered,2017-07-05 21:24:46,2017-07-07 02:44:10,2017-07-07 19:14:52,2017-07-24 18:22:32,2017-07-27 00:00:00
78e9bbe6fc21f7945284233b6be94154,66e518ee99571f141d17fa60482fa47f,delivered,2018-02-07 17:45:51,2018-02-08 11:50:35,2018-02-08 23:07:22,2018-02-28 23:51:51,2018-03-05 00:00:00
e4fa46e65ad5c0c84cffc9dcd3176c66,2a29bb358054a0f3c574bd59d4c7f131,delivered,2018-03-04 13:42:37,2018-03-04 13:55:35,2018-03-07 23:08:46,2018-03-15 16:36:37,2018-04-02 00:00:00
7e6b93aa02b605ccc1e04939e172a759,bcf99814b3c0c71ad0fa75a2e7b72658,delivered,2018-03-27 08:11:21,2018-03-28 02:50:13,2018-04-03 22:50:49,2018-04-13 01:03:39,2018-04-13 00:00:00
1a4868eff22fe0b0291f69c37cd178be,b13cb2c9a106189cbaf07d47e2f34c35,delivered,2018-08-13 23:27:40,2018-08-13 23:35:13,2018-08-14 15:51:00,2018-08-20 20:41:41,2018-09-06 00:00:00
7c363fbfb4e41c26246ea6097cd275bf,3f2c91cf99f9896186902778e28051a9,delivered,2018-04-17 17:23:03,2018-04-17 18:32:30,2018-04-18 18:04:04,2018-06-13 12:23:48,2018-05-29 00:00:00
535f87c5f4a6b1a5201afdeb0103b2ab,f5de50704f1a1c6df7f9c6912c9a3678,delivered,2017-07-06 15:30:28,2017-07-07 02:45:55,2017-07-10 12:13:46,2017-07-13 16:09:08,2017-07-28 00:00:00
09722e140e3e1e92b67fd75e2b14b6fb,4f4f005f13bc7a3845163497199c2b00,delivered,2017-03-04 14:28:13,2017-03-04 14:42:57,2017-03-09 16:06:03,2017-03-14 11:22:10,2017-04-06 00:00:00
03167be79e12e9d70dc67d864eea2300,75ea3b206fb4890d3247a0afb3cd9f37,delivered,2017-12-07 21:32:35,2017-12-07 21:50:37,2017-12-11 18:33:30,2017-12-13 21:18:49,2017-12-28 00:00:00
312a52a4042d010e3532ebbf98ce183e,58fd94a421b1928202cbdafee6622d7a,delivered,2018-02-20 22:53:58,2018-02-20 23:07:40,2018-02-22 10:35:39,2018-03-08 19:38:29,2018-03-22 00:00:00
2d40988fab171a085f1d1359f4d47d36,aea3457b4cc68956a36f2024f6495fc3,delivered,2018-06-14 13:43:21,2018-06-15 14:03:47,2018-06-19 14:14:00,2018-06-20 20:23:37,2018-06-26 00:00:00
9b655375d54c9b7986a07f3e5a839545,2e875622b6aaeb04d2fda8393ca10738,delivered,2018-03-23 16:21:15,2018-03-23 16:30:42,2018-03-26 21:18:41,2018-03-27 15:02:29,2018-04-05 00:00:00
12fa50e9b3497a5f841d7d38ca388d76,6f6e6dbb9f7ed1d2df0645ada4f39565,delivered,2017-06-28 20:40:45,2017-06-28 20:50:18,2017-07-03 14:07:43,2017-07-05 15:24:25,2017-07-18 00:00:00
6dcacad3b7f099fe3502426b5abb9cc5,d759cacdfda91f5b445c1ce8e120fc35,delivered,2018-01-12 18:29:06,2018-01-12 18:36:21,2018-01-15 19:35:15,2018-01-18 22:47:50,2018-02-02 00:00:00
70623d7ff2e126f3688dba1042ec9531,fe5113a38e3575c04f5a3413100d4e48,delivered,2017-10-23 16:09:25,2017-10-23 16:38:36,2017-10-25 21:43:47,2017-10-31 15:30:04,2017-11-14 00:00:00
8c1b0b8e40f57cd4f9292d1fd328aad8,1100b96416e41cccd197eff3adb4ffc4,delivered,2018-06-14 10:05:20,2018-06-15 02:58:45,2018-06-15 11:58:00,2018-06-19 00:31:16,2018-06-26 00:00:00
aa19638830b7cc5740500c18ace611f6,976a0029f13e785119cba9b7f3328a50,delivered,2017-08-17 09:28:42,2017-08-18 02:25:25,2017-08-21 21:27:37,2017-09-06 20:53:03,2017-09-15 00:00:00
dd29c320fd584533a33b3e7dd1258611,808cf90643f7282eb9eb59a20c38ae0a,delivered,2018-06-18 08:54:45,2018-06-19 04:16:42,2018-06-19 12:54:00,2018-06-28 22:04:38,2018-07-17 00:00:00
8a9adc69528e1001fc68dd0aaebbb54a,4c1ccc74e00993733742a3c786dc3c1f,delivered,2017-02-18 12:45:31,,2017-02-23 09:01:52,2017-03-02 10:05:06,2017-03-21 00:00:00
7fe948b9f9dddf12e531b890540b10bf,6339b2f11863be5abec4f39d9052017a,delivered,2018-06-14 11:03:21,2018-06-14 11:23:21,2018-06-21 15:17:00,2018-06-26 14:37:29,2018-07-19 00:00:00
d567c76cfa5212048dd3be0f0595b358,487df359a91ee5a1c93455089b03dad5,delivered,2018-06-24 22:34:59,2018-06-24 22:53:43,2018-06-25 15:18:00,2018-06-26 19:27:30,2018-07-05 00:00:00
f205fe90f781292c4c7ea85ba300934b,6188e41fe52974b6d72ec2d69237513b,delivered,2018-04-22 19:10:39,2018-04-24 17:23:58,2018-04-27 15:02:00,2018-04-30 22:05:26,2018-05-11 00:00:00
c0f8ab6b8ca98ae53f4acc203b206e0d,a4758d80c0a920904ca586f86360849d,delivered,2017-11-12 11:35:14,2017-11-12 11:46:27,2017-11-20 13:27:42,2017-12-15 23:43:32,2017-12-12 00:00:00
56a171efe3f76940cb52b0d0c2f42525,fb916208c83ee30370323e3be83256a7,delivered,2017-12-25 13:09:24,2017-12-25 13:17:22,2017-12-27 14:14:50,2018-01-09 14:53:57,2018-01-29 00:00:00
0576b5ab3dda9404ab293d656e5faf66,52e670c39509247226b101a2cbbad245,delivered,2018-01-24 10:29:40,2018-01-24 10:57:12,2018-01-30 01:38:35,2018-02-03 14:33:47,2018-02-16 00:00:00
3bdf42bf290aa910a8df3ece52413067,24eb7fecd26f437d627bb3e13260e6b6,delivered,2018-06-11 03:26:45,2018-06-12 05:16:41,2018-06-12 11:16:00,2018-06-20 21:50:43,2018-07-05 00:00:00
371e27e3d55b474e52bbb9cb27bee200,8a35aff2d4f16bb6efa2b091d6f54719,delivered,2018-07-20 15:02:03,2018-07-20 15:15:20,2018-07-23 10:14:00,2018-07-26 15:08:55,2018-08-21 00:00:00
00c9f7d4b0e87781465e562dc109f6aa,cea80f9af87104810bd7fa9698f69d29,delivered,2017-05-21 19:21:32,2017-05-22 19:25:17,2017-05-24 13:28:02,2017-05-31 14:04:41,2017-06-20 00:00:00
6e23f1780ea332cff417e817aea1336d,e61c7b78eb77ce2e5f0706eb12899e5c,delivered,2017-07-20 19:19:04,2017-07-20 19:30:08,2017-07-24 13:48:41,2017-08-24 16:51:55,2017-08-23 00:00:00
5b491297893cc6ff027713e3b2023461,6b649f0117e2b3658720bce8190c51cc,delivered,2017-08-05 13:28:55,2017-08-05 13:45:15,2017-08-07 19:42:57,2017-08-23 21:06:56,2017-08-29 00:00:00
02a266b82c117c3bffd894e713438484,a3babdab81e0ed5d6e68bb564cc2eeaa,delivered,2017-07-15 19:19:53,2017-07-15 19:30:19,2017-07-17 18:12:02,2017-07-24 20:19:31,2017-08-14 00:00:00
cb76073dcac4855294787c458ec58b68,4d197bf789f1569ca9a4afb9fcc15faa,delivered,2017-05-18 14:17:01,2017-05-18 14:31:30,2017-05-19 13:09:01,2017-05-22 07:25:57,2017-05-31 00:00:00
d052020616d502036aa7b1303965ada6,e4f4675cbc4d3be5829c33ab5ebfbbab,delivered,2017-10-09 13:08:45,2017-10-09 13:28:07,2017-10-10 17:09:14,2017-10-18 20:22:20,2017-11-06 00:00:00
efd6f5a2a8e6c4dbd20bf8ff100342e0,e6ba3a0e166a0249bb57e6a3bd2b6e89,delivered,2018-02-14 00:47:38,2018-02-16 08:07:07,2018-02-16 17:56:54,2018-02-20 03:04:37,2018-03-12 00:00:00
e0e210a3f0dfc7642e0cbda856590eb3,6db0bd4890f3d24db9ce7db8c91db669,delivered,2018-05-28 16:30:36,2018-05-29 16:39:02,2018-06-07 12:55:00,2018-06-12 17:13:38,2018-07-05 00:00:00
ead42f8f41e34c480a4a9185ab74b37e,2648ef8cd82f3bb5f79d18def3549549,delivered,2017-10-14 00:48:58,2017-10-14 01:12:48,2017-10-19 18:55:33,2017-10-20 19:52:18,2017-10-30 00:00:00
acc028ad4ce403a338fe80aa3ffc635e,b55f02bb44519a8ac041fcc9c1f86d79,delivered,2018-03-18 20:06:59,2018-03-18 20:15:31,2018-03-21 19:12:42,2018-04-03 22:42:15,2018-04-20 00:00:00
e4b5eb77d6eca2730a7ed8e9abaf4db2,d5f38506981bee3520e42047411edf95,delivered,2017-02-04 10:33:24,2017-02-04 11:02:35,2017-02-07 07:22:28,2017-02-14 13:48:38,2017-03-07 00:00:00
aed5554747b457b11b6357881e378195,15893819842cca09b25e1a364cbc3c45,delivered,2018-02-06 11:51:31,2018-02-06 12:12:55,2018-02-07 20:24:56,2018-02-15 17:34:35,2018-03-05 00:00:00
3edc5a29ae818b61db4be022019ffdb5,81ecd7b8e6f4573f09fa46dab2354060,delivered,2018-03-04 19:02:50,2018-03-04 19:15:42,2018-03-05 11:11:47,2018-03-12 15:06:44,2018-04-02 00:00:00
2f54d4ac9b0df5774cfa7c1250c4750a,d08717fc91b18c634354b87fc2ded2f7,delivered,2017-05-09 23:09:43,2017-05-09 23:22:28,2017-05-15 14:04:22,2017-05-18 10:54:05,2017-05-29 00:00:00
ada32a7778f9bfa7e805008da5f02d50,a8c3f6a95f2ca292f8897f33ade0720f,delivered,2017-03-30 10:27:46,2017-03-30 10:42:18,2017-04-05 12:50:21,2017-04-14 11:33:04,2017-05-09 00:00:00
7cd48500c7fb8fb359e9b91fbb2a23e5,f272f062d84c339be94ffff26f582723,delivered,2017-07-10 20:27:30,2017-07-10 20:43:36,2017-07-12 15:54:26,2017-07-14 18:56:32,2017-07-28 00:00:00
607d3bb7a9446cd716e0fe3689dfcdaf,914fa7179e73f1d63eb0633c566217d7,delivered,2017-09-02 14:38:20,2017-09-03 14:45:15,2017-09-05 14:36:50,2017-09-13 19:54:50,2017-09-25 00:00:00
c25acd72d5c2eb2ec89c3c8d7cd7d1f2,1df78c923a7db9f4b3f8bf63edf7adc2,delivered,2017-09-08 12:04:02,2017-09-09 05:04:42,2017-09-11 21:46:54,2017-09-12 18:17:38,2017-09-20 00:00:00
dabf7d37b038c3cdc2fdc619a7dc9f63,0ce4bb6bb3b70f45dad963f27fa6ce5c,delivered,2018-03-19 10:31:06,2018-03-19 11:15:09,2018-03-19 20:16:38,2018-03-23 01:06:49,2018-03-29 00:00:00
6e80500cf8aa7894a6e56a436ee785d2,ff96b3b15e8f7a878bede85345e33f0c,delivered,2017-08-03 11:13:41,2017-08-03 13:55:12,2017-08-04 18:51:18,2017-08-09 16:27:51,2017-09-05 00:00:00
df75241689bd24e168f5796f7d7fc115,192f9b666d12fc469b74ea5ccd41bded,delivered,2018-08-03 08:30:29,2018-08-03 08:45:07,2018-08-03 10:57:00,2018-08-08 15:59:00,2018-08-16 00:00:00
d76365196bbcbd01da5825472503cf32,d601beb029e532aeff82426830730d49,delivered,2017-10-15 23:06:38,2017-10-15 23:27:10,2017-10-16 14:39:06,2017-10-21 13:08:50,2017-11-09 00:00:00
17be921f29e949506e88b6b6cda89f64,6ed6d62704239c4b7d93196611b6a021,delivered,2018-03-28 16:18:51,2018-03-28 16:30:27,2018-03-29 20:16:40,2018-04-05 15:42:41,2018-04-16 00:00:00
d24b94f575e098690a1587ca95319f53,61d9476f918bd29584995cad5e940dc8,delivered,2017-08-18 07:57:13,2017-08-18 08:10:15,2017-08-22 13:40:09,2017-09-04 20:23:40,2017-09-08 00:00:00
4a0401b9ac45b7c8c801fe5db8855bff,1850b26764c41f4bcbb60581eb918424,delivered,2017-02-07 13:15:29,2017-02-07 13:25:15,2017-02-08 15:53:45,2017-02-17 16:28:52,2017-03-06 00:00:00
b552e7e48327a9776efb1977f8a49a18,f2b16ed068625074fc2afe402df81384,delivered,2017-05-17 09:27:03,2017-05-17 10:02:05,2017-05-17 15:00:43,2017-05-22 09:46:41,2017-06-07 00:00:00
462713cbc1abe1d91797604551133abf,04861ff600ae6fcb9356b57355ed641c,delivered,2018-08-10 00:34:22,2018-08-10 00:50:09,2018-08-13 16:20:00,2018-08-17 17:51:28,2018-09-04 00:00:00
968131aa1cc12c6946df81b57984c6e0,44cf8f1f01554551026ddb45bb29d504,delivered,2018-02-22 14:31:49,2018-02-24 02:51:20,2018-02-28 23:04:27,2018-03-14 12:56:32,2018-03-20 00:00:00
5b33495590a02d7e9ce6fbdc52f143d9,b5fbe4b143d1ca0c98e44f346c36b63b,delivered,2018-07-17 09:38:48,2018-07-17 09:50:17,2018-07-18 12:06:00,2018-07-24 21:42:37,2018-07-31 00:00:00
610e831f41e8e6fe3214b767f41a17d5,ac99cdad0c5aed26a2c8caade867fe81,delivered,2018-03-09 09:38:06,2018-03-09 09:55:33,2018-03-09 19:21:22,2018-03-15 02:51:30,2018-03-27 00:00:00
a4058b92f127efc4a6eaa3d11d0b1432,37f07e12d03c9e5974c009fd8c73e9aa,delivered,2018-08-02 12:07:25,2018-08-03 02:44:29,2018-08-03 12:53:00,2018-08-08 21:05:53,2018-08-10 00:00:00
aad3ac94a8e516354a47dffbf53576c9,cb16d70208338e0a0b2b107a2f08df19,delivered,2017-12-15 20:34:00,2017-12-15 20:51:34,2017-12-18 18:35:17,2017-12-26 20:09:30,2018-01-18 00:00:00
c65f69d345be67d95161dfce89c2c1a1,a806dc661ec39dc85784ee8d92b1fc19,delivered,2018-04-10 20:45:02,2018-04-10 20:55:38,2018-04-13 23:32:15,2018-05-01 15:08:49,2018-05-17 00:00:00
0025c5d1a8ca53a240ec2634bb4492ea,2430ad4b1b6efb56cf3050b5d3cf5e54,delivered,2018-07-08 09:17:59,2018-07-08 09:30:09,2018-07-10 13:36:00,2018-07-31 10:51:58,2018-08-03 00:00:00
5d0ad02e43d4bb397662f816713655c2,18eaac5528b893d55513ab79c04577f0,delivered,2017-11-22 17:09:37,2017-11-22 17:19:27,2017-11-23 18:41:27,2017-11-24 18:49:04,2017-12-04 00:00:00
51cab0235fdd0e37f744024696d8e66a,8f790c93c1b95000754e8e1b554b6c98,delivered,2018-07-28 10:21:55,2018-07-28 10:30:36,2018-08-06 17:19:00,2018-08-14 19:02:46,2018-08-16 00:00:00
da33789924d00b4f90906b4b94e70fe4,6ec9aa5ef11a3ff482bff3e52558aaab,delivered,2017-05-12 22:03:54,2017-05-12 22:10:20,2017-05-15 13:39:42,2017-06-01 10:44:56,2017-05-22 00:00:00
9318f6ca4d567918c67845ec20774303,bb3edf2993d2101d1004787b868e17c2,delivered,2018-02-27 15:18:42,2018-02-27 15:35:30,2018-03-05 23:52:19,2018-04-10 13:35:21,2018-03-28 00:00:00
f938fa004452c776198a593e5fb9056d,707818185591ca532dfd8fff383f0103,delivered,2018-02-18 20:14:06,2018-02-18 21:26:46,2018-02-21 18:48:47,2018-03-31 11:58:26,2018-03-16 00:00:00
2a797f1dfd6274ca81b660f4c59d0269,cddeb067e97baf1b1a1a675490fa8ff8,delivered,2018-07-02 21:29:00,2018-07-05 16:09:39,2018-07-04 14:50:00,2018-07-11 20:18:31,2018-07-25 00:00:00
f160c3778d5bd8e90d2ca1e3ea6ad197,f611f307c3d457a89fe46c32e98e011a,delivered,2017-03-22 12:55:04,2017-03-22 12:55:04,2017-03-22 15:35:47,2017-04-03 12:13:26,2017-04-17 00:00:00
99429e46b13e11c4def7856e0d054e36,ecc1814219154e88ed93069e538daae8,delivered,2017-08-29 16:37:28,2017-08-29 16:50:48,2017-09-04 21:35:35,2017-09-15 21:53:34,2017-09-26 00:00:00
139cef5540861404dd35fe65000fda2e,65542d971c4643add951f515d873ebc3,delivered,2017-11-26 18:07:41,2017-11-26 18:18:49,2017-11-29 17:38:59,2018-01-04 23:58:53,2017-12-19 00:00:00
3bef345f66e6215315fa59acd680c863,ce641e2f9ffdece61389490656cf03d9,delivered,2018-07-04 10:52:31,2018-07-05 16:25:43,2018-07-05 14:03:00,2018-07-12 16:04:35,2018-07-27 00:00:00
c43931df9ddd31404539f4382479fae4,8ce176ffdf9acce55dd2f84721589692,delivered,2017-11-27 09:27:39,2017-11-27 09:36:28,2017-11-28 23:18:50,2017-12-15 23:12:04,2017-12-26 00:00:00
2763f1160bd67f35911edc254052a2d8,7c19bb90f09363da5490086de7b02cec,delivered,2017-10-09 14:36:54,2017-10-10 19:07:15,2017-10-17 16:55:27,2017-11-01 21:17:35,2017-11-09 00:00:00
e3ba5747e5730389e76a7d30694beeff,e170bf1dc82f7de10bead60842a74894,delivered,2018-05-21 19:48:55,2018-05-21 21:15:52,2018-05-23 13:06:00,2018-06-02 18:36:51,2018-06-11 00:00:00
49db7943d60b6805c3a41f5474772a09,9cff8d557e02418fe939f23fafe35735,shipped,2017-05-13 21:23:34,2017-05-14 02:10:09,2017-05-20 07:43:42,,2017-06-27 00:00:00
9984214090d1d769bc272b874c88ce4a,40e9b17f9465867e5a6a6d6b6326437b,delivered,2017-03-27 09:29:30,2017-03-27 09:42:20,2017-03-29 08:37:40,2017-04-03 22:46:59,2017-04-20 00:00:00
4506d7680f086c8be537a444b0f6dce0,ad29f17b84eef06fc014123231f95e70,delivered,2017-12-02 16:02:29,2017-12-02 16:17:33,2017-12-08 15:49:09,2017-12-29 19:10:25,2017-12-27 00:00:00
7cca5693742e71283e91fa168a88c0c1,f82f90e4f8e09dad6bbebe46b6fde923,delivered,2018-02-07 21:04:48,2018-02-07 21:15:32,2018-02-08 18:42:42,2018-02-14 23:54:58,2018-03-05 00:00:00
fe9a0726757d598dc0a613f04d33cf03,a94c3c62bf1716a24b78c55c48ee1198,delivered,2018-08-18 19:39:10,2018-08-18 19:50:11,2018-08-20 14:11:00,2018-08-23 13:48:54,2018-09-14 00:00:00
d2bc00da63cd350e641ae8a80b029316,cd15d7f3f4bd2c1f6f1f65fa7d0fa786,delivered,2017-08-02 15:38:39,2017-08-03 03:10:21,2017-08-03 19:29:30,2017-08-07 14:32:54,2017-08-24 00:00:00
79c44477796740e58ff73f236db33e19,e45c59f17af3880d9553cb84c2314eb9,delivered,2018-02-07 09:55:31,2018-02-07 10:10:13,2018-02-08 21:09:43,2018-02-15 19:26:30,2018-03-05 00:00:00
df173dfd3b854c43b8cb8b73c5dbcd15,3f3d6985591aaa8288b1975674698342,delivered,2018-03-18 00:23:20,2018-03-20 03:08:29,2018-03-21 19:04:08,2018-04-04 16:50:51,2018-04-05 00:00:00
fd42223038c59f7eed62a0bf87f80d89,7b5f58a7fde6b8752c6b5bb7d632081f,delivered,2017-12-06 10:34:24,2017-12-06 10:53:53,2017-12-06 22:15:36,2017-12-27 14:24:47,2018-01-04 00:00:00
a1e5d54e4ed39700c6c719e8d49869a3,d53fb7b713c6e34a7c69768003c82a59,delivered,2018-03-11 12:22:08,2018-03-11 13:00:24,2018-03-12 19:20:02,2018-03-23 02:25:38,2018-03-28 00:00:00
42aab2305332f1fc30ae6f03acfa1bad,739fbe922070edbf540133cb8a70f889,shipped,2018-04-08 11:56:41,2018-04-08 12:10:14,2018-04-09 21:36:50,,2018-05-03 00:00:00
c79a917805a59a652684b80b61a94840,d9dccc612e425a72407e2282054e1d06,delivered,2018-03-21 10:11:18,2018-03-21 10:28:23,2018-03-21 20:22:39,2018-04-16 19:12:17,2018-04-12 00:00:00
21cade19cb2ceb4f1e5c9f9aa0daa4a9,b32986c4d47912105f4a9cc6d0b3f631,delivered,2017-12-30 13:07:43,2017-12-30 13:18:30,2018-01-08 19:46:59,2018-01-18 20:44:42,2018-02-06 00:00:00
4bea5620ce57685aba59eec6ee1237d7,28290f0535157d1ffb43629e3a790c4c,delivered,2018-04-08 17:07:40,2018-04-10 04:11:00,2018-04-11 02:32:21,2018-04-27 00:54:32,2018-05-02 00:00:00
fee6682c7a195d411531745fdcd4d1db,36e3882c806ea8ab9c2b1981cb46c255,delivered,2018-07-16 23:01:20,2018-07-16 23:15:20,2018-07-18 12:05:00,2018-07-24 16:32:00,2018-08-10 00:00:00
ad1aeeb1a99c9f021e38a49865bb812c,6deeb4ffef6cf320ef5a642302f04104,delivered,2016-10-05 12:41:38,2016-10-07 02:49:06,2016-10-21 16:23:50,2016-10-26 13:31:53,2016-12-09 00:00:00
024f8681c73783017f7cd5d5b061be3a,c4dda7f2ec051e0b838519a511d05cc5,delivered,2017-09-12 13:10:18,2017-09-12 13:25:31,2017-09-13 20:50:02,2017-09-14 18:15:44,2017-09-22 00:00:00
a4ee9df6b5f93107253c0a18145b1e51,3f0c330a3f0a8a77a3faf9faae9e795f,delivered,2018-03-17 12:55:06,2018-03-19 07:50:51,2018-03-21 15:07:24,2018-04-05 14:13:45,2018-04-20 00:00:00
72ac5a7945d55c3fd45160f365353fae,d3b537c3d3aa59cebc6c56536f4a12f6,delivered,2018-08-05 22:49:54,2018-08-08 03:30:22,2018-08-08 18:21:00,2018-08-22 00:03:31,2018-08-16 00:00:00
c9a34c30282dc36d017bc912f8d8dc91,f1375b843314f00de278b414ac4c958a,delivered,2017-09-17 20:45:13,2017-09-17 20:55:19,2017-09-20 18:38:09,2017-09-25 15:32:41,2017-10-04 00:00:00
2a793a414091e9c1721f07d59a3b7c39,68551474e6c22db5ce39bb7a37a4157e,delivered,2017-08-05 18:37:13,2017-08-05 18:50:19,2017-08-09 13:58:31,2017-08-17 18:21:24,2017-08-29 00:00:00
190ce4e52f05189563942da003cbf332,33f34d9499aec9678333ba5f203a4d8d,delivered,2017-08-23 13:10:47,2017-08-25 02:50:21,2017-08-25 19:06:25,2017-09-04 17:16:02,2017-09-18 00:00:00
a92bb0beb3fd226d50671cf17587f289,0b42763d66e65a34f6e2978facaf93da,delivered,2018-07-26 14:26:07,2018-07-27 02:15:27,2018-07-27 14:26:00,2018-07-30 20:58:41,2018-08-07 00:00:00
080353b05fa842120b49deabe1613a37,02754b1e0a87a51622b4a49cdac7cadf,delivered,2017-07-03 15:48:48,2017-07-03 16:05:22,2017-07-04 15:44:45,2017-07-19 19:54:28,2017-08-04 00:00:00
b34fa044fec24bf9206a7b2b022dd92c,953e32cfaebff34e81c10e6cf53a5553,delivered,2018-05-16 11:46:49,2018-05-17 02:15:22,2018-05-17 14:09:00,2018-05-18 19:41:30,2018-05-28 00:00:00
ac2da4ffeb7023f0237c1f1418c78916,6442e224ab12e30d66b4fc31b1d363cd,delivered,2018-02-18 22:49:26,2018-02-18 23:50:27,2018-03-05 22:17:14,2018-03-27 22:04:55,2018-03-15 00:00:00
b55e03266fc482bd2d25a8116a8be42d,2cbf5763626df1af3fbe147aa470f2a6,delivered,2018-01-03 21:00:58,2018-01-05 02:38:07,2018-01-05 18:15:25,2018-01-12 21:21:53,2018-02-01 00:00:00
3affb32917f79ab66f26546e066fe5db,08dd337715b213da30e4f32bc49d8a07,delivered,2017-12-19 20:25:41,2017-12-19 21:31:06,2018-01-22 22:10:41,2018-02-08 13:15:25,2018-01-19 00:00:00
0268c75309d105bb28b7523f57f46a69,f4608a440b868f3f57f378c4b8cd643f,delivered,2018-03-31 17:15:42,2018-03-31 17:27:35,2018-04-03 16:18:25,2018-05-07 21:04:49,2018-04-26 00:00:00
9f754867538f26f99df2027b4a154740,7dc40753aea06d3bfa51f793fd839669,delivered,2017-04-28 19:11:41,2017-04-29 06:35:42,2017-05-02 19:23:49,2017-05-10 11:03:24,2017-05-24 00:00:00
31baa0ae964c43e70c451e1928483669,9636300545e4304a7c005b8a60e3985f,delivered,2018-08-23 10:13:22,2018-08-23 10:25:32,2018-08-23 08:54:00,2018-08-25 12:28:46,2018-09-13 00:00:00
2a8c1802fe3f40cb8c4d6c1c8f0834c1,1eb4e9e99a7e90ee262bbb995dc5b983,delivered,2018-02-18 12:59:53,2018-02-18 14:06:40,2018-02-20 16:13:02,2018-03-26 23:03:59,2018-03-13 00:00:00
2ae01dafe3790417726f148d9f1a90a4,43552e5bc02e24bd04469456c6a9c2b5,delivered,2018-08-23 17:22:42,2018-08-24 03:25:14,2018-08-24 12:55:00,2018-08-29 21:38:53,2018-09-13 00:00:00
51a7d7d26116c0eaee6bb35ea667dfda,35a7f7f18808a0d5ca9913a8bc0304c5,delivered,2017-04-25 08:12:22,2017-04-25 08:26:24,2017-04-25 11:44:06,2017-05-04 07:18:36,2017-05-18 00:00:00
1e136a71ad0fb15cc25cf79b84836e6a,52ec04e6d15e2d05cb145197657bb393,delivered,2017-02-13 11:52:25,2017-02-13 12:12:07,2017-02-14 05:51:34,2017-02-21 16:52:29,2017-03-15 00:00:00
a21f94aa35415aa7bd905a21f468e688,f8b6eb66343026ff22458094ba2faa45,delivered,2017-11-27 17:46:56,2017-11-29 19:16:56,2017-11-30 21:31:53,2018-01-15 22:09:09,2018-01-03 00:00:00
e02d907b159bf0b0f6efaf1e5ce7258f,e404803996f5ba5376d520781e7185b6,delivered,2017-03-23 21:19:25,2017-03-23 21:30:16,2017-03-24 14:09:25,2017-03-27 14:05:29,2017-04-11 00:00:00
6a30d0e1fc7dd7c00dc07bcba79c589f,b15640bf0c52f6451ef41c280895d0f1,delivered,2018-08-12 19:42:41,2018-08-13 19:35:20,2018-08-14 08:51:00,2018-08-21 12:18:46,2018-08-24 00:00:00
c785f1a060411564862b6a4d755f3de8,0195699b3388a65b55eab3dd04f48d1a,delivered,2018-02-25 22:12:08,2018-02-25 22:28:08,2018-02-27 23:06:54,2018-03-06 19:24:28,2018-03-22 00:00:00
293ce7e1d3220058be631162721ba82f,b9e06a1af0969890a829b391cc05cacb,delivered,2017-09-17 22:35:47,2017-09-17 23:20:41,2017-09-20 19:02:37,2017-10-02 22:56:36,2017-10-05 00:00:00
a4b2d7506db2672210d0411c4a08e8a3,e9cae96616b553c873ab3bafb1dd13a6,delivered,2017-07-02 17:01:39,2017-07-02 17:10:19,2017-07-07 14:07:26,2017-07-13 18:13:06,2017-07-21 00:00:00
3569dcadd0374718b87bead0d7241d6d,22639d78f0649eceeb30ebfc80c24cc6,delivered,2018-07-22 16:09:08,2018-07-23 12:32:35,2018-07-24 15:31:00,2018-07-26 17:18:34,2018-08-01 00:00:00
7b3a63734004e1615b3f06417de1fe09,7c890e1074247209ab7d32ff9a295ed1,delivered,2018-04-15 23:35:17,2018-04-15 23:49:54,2018-04-18 02:14:39,2018-04-23 17:07:31,2018-05-09 00:00:00
e037d33d32c17a7903d0b8132af49838,8b5a96c508604afcda1a65284875f3ae,delivered,2017-09-01 20:21:14,2017-09-05 04:25:53,2017-09-06 21:20:04,2017-09-12 20:17:42,2017-09-22 00:00:00
c576db01bdb6a7351250ecee8e7606b7,d58439461a8c763cda19617774b11037,delivered,2018-01-05 15:11:59,2018-01-05 16:12:21,2018-01-09 17:26:42,2018-01-12 23:13:50,2018-02-05 00:00:00
c642d222512a5f6e0b07d52ae97e8e68,8465aa32ef2e7d31bd38ff2a08bad46f,delivered,2017-11-24 22:08:18,2017-11-25 01:13:55,2017-11-28 16:56:51,2017-12-12 21:12:15,2017-12-14 00:00:00
666e488ce51569ca13755283bce0e7f0,989aea921d9f98b5c84312b62e061b66,delivered,2018-04-23 00:26:17,2018-04-24 19:04:44,2018-04-24 16:36:56,2018-05-17 13:47:25,2018-05-09 00:00:00
1189683a982566d32678589bafad61c8,4e2bbc22dba0f9166f5877a39d2265c4,delivered,2018-01-05 12:56:03,2018-01-05 13:07:42,2018-01-09 23:53:14,2018-01-10 20:23:02,2018-01-24 00:00:00
0fb5f1722ce814b29e3fb1a5286a7684,9dbbcb1bf333f98d688f0af44f2e8962,delivered,2017-08-06 16:56:13,2017-08-08 04:40:28,2017-08-11 22:34:57,2017-08-16 18:05:02,2017-08-18 00:00:00
00685d31ae12e47470ba5c18ba74f22c,eac2fb60d3f12675772fa03f9d8f8ddb,delivered,2017-08-27 21:41:16,2017-08-27 21:55:16,2017-08-29 19:46:04,2017-10-04 10:08:13,2017-09-26 00:00:00
9c40b23a90b1b14a52a437c385fdd2f5,1a221d573dcd10a28057c85e2929287d,delivered,2017-12-04 23:45:51,2017-12-05 09:42:58,2017-12-07 19:58:49,2017-12-11 18:17:17,2018-01-05 00:00:00
7954fe1680493c893c4ec14df43ebb73,a636253950bdabea9ceee877a4078586,delivered,2018-04-10 12:53:38,2018-04-10 13:10:37,2018-04-11 00:14:28,2018-04-30 20:06:35,2018-05-14 00:00:00
38144a7c1f1d4d5bffe36063d9fc7df6,f518bb43f82f8252efc3548d4a948581,delivered,2018-05-03 15:31:48,2018-05-03 16:30:26,2018-05-03 15:34:00,2018-05-09 19:58:29,2018-06-04 00:00:00
fc5fbd714a68c4cb0a3a927b2525109b,5425c3c66307418719d9c76eacae0d58,delivered,2018-04-06 20:08:36,2018-04-07 20:08:37,2018-04-11 20:11:25,2018-04-30 14:47:39,2018-05-09 00:00:00
f232ff45f991fa2386608fdab459e65f,54d0b980a4148a4392bef1bbe34b91dc,delivered,2017-12-08 20:01:16,2017-12-08 20:12:21,2017-12-11 23:58:51,2017-12-17 16:13:43,2018-01-04 00:00:00
82cbf149594e34184d05271343fc7818,5c6db700ac5cd8db09b7a4f2784b3b03,delivered,2018-01-28 12:00:52,2018-01-30 04:31:06,2018-01-31 21:24:05,2018-02-10 19:04:05,2018-02-26 00:00:00
1595ad12e30eb87fdcd5fc501f7f93e9,234e69a1ac608aade19020f5750b3b85,delivered,2017-12-01 09:20:34,2017-12-01 11:31:59,2017-12-04 21:19:05,2017-12-06 17:57:39,2017-12-19 00:00:00
7eb2b4aee9ff7ba835df2aed76fb9c4b,88d2a8be7a511a4fd75da5f7465b96fb,delivered,2018-01-24 22:53:51,2018-01-24 23:16:07,2018-01-25 21:35:55,2018-01-29 15:04:10,2018-02-08 00:00:00
8a7637d805be7b25b3124bf6aeb04c26,6efdefc87ef0d5271d966d614a835854,delivered,2017-09-06 13:45:06,2017-09-06 14:04:01,2017-09-08 15:00:10,2017-09-21 16:09:30,2017-10-04 00:00:00
2ddc0120a9ee5d965a08b68f6a3e2885,5820efa64bd8d85cb4c4e67eeb40a6b9,unavailable,2017-09-24 00:24:28,2017-09-26 03:28:33,,,2017-10-10 00:00:00
be69ded8b4b06a199c55fa74d7de978e,64ec93bbc386d22c3f10849c7352d319,delivered,2018-02-14 20:38:44,2018-02-14 20:55:48,2018-02-15 22:51:57,2018-02-16 22:22:01,2018-03-01 00:00:00
00d0ff2017f9ea13dd7eec7470ca473a,3341e65ccc3a083fcc8775020854154f,delivered,2018-06-18 11:12:41,2018-06-20 02:55:03,2018-06-22 14:13:00,2018-06-27 14:42:23,2018-07-18 00:00:00
43efdc225443ada11da1258aa555c24f,6245638cb1e630951f1707dc6960c31d,delivered,2018-01-20 10:05:09,2018-01-20 10:13:29,2018-01-23 23:26:43,2018-02-02 00:06:10,2018-02-20 00:00:00
12e5cfe0e4716b59afb0e0f4a3bd6570,041cd6848abb3d3ca45e83dc971488fd,delivered,2018-03-22 09:46:07,2018-03-23 09:48:20,2018-03-28 15:32:48,2018-04-26 16:38:53,2018-04-12 00:00:00
9ad25d16fe851c6e868769cec5d2882e,9bf6ae6fa1ba108c092ef3e6c4ed93e5,delivered,2017-10-08 00:21:50,2017-10-10 03:56:18,2017-10-20 22:34:40,2017-11-09 17:21:03,2017-11-13 00:00:00
8b388d845a3e8700444b971fa2bef902,00474d2582fd72663036795b7ab8cfc1,delivered,2016-10-04 22:33:44,2016-10-06 03:10:59,2016-10-28 13:28:35,2016-11-08 14:03:58,2016-12-06 00:00:00
5668f469a5a3e3d85c62791fddbb701f,29ec702fbfd66ef08607980f48a51da7,delivered,2017-11-24 10:43:47,2017-11-24 12:14:58,2017-11-28 13:22:20,2017-12-05 18:41:13,2017-12-15 00:00:00
68047069acb8883614bc980ad28ae9af,ad7cf2b9a1898e856ca5aa0e635a8bd1,delivered,2017-10-18 21:20:58,2017-10-18 21:56:26,2017-10-19 16:04:17,2017-10-31 20:49:35,2017-11-16 00:00:00
33168d284b0de378e726ed35e42c16d8,8e2c53145fab03ecf31eafc3a5eece05,delivered,2017-07-13 11:59:55,2017-07-13 12:15:15,2017-07-14 23:04:54,2017-07-26 15:41:30,2017-08-04 00:00:00
dce9a381febe6ed5e017df5f134a8980,79ef93ae53cf11433ff20305d4d04e2f,delivered,2018-07-25 17:54:29,2018-07-25 18:05:12,2018-07-26 10:00:00,2018-07-30 13:59:37,2018-08-08 00:00:00
fa745876d70141acf230265bccfb8666,03e2f2d2972f8618a721fa8447457c29,delivered,2017-08-26 18:02:17,2017-08-28 17:25:05,2017-08-30 10:38:04,2017-09-11 18:12:33,2017-09-21 00:00:00
722ca8c3ff8da3acca640833e79f8804,ff115ea880ba301e09b08f39f1aac7ca,delivered,2018-07-27 20:52:49,2018-07-31 03:55:19,2018-08-01 09:31:00,2018-08-07 22:03:57,2018-08-10 00:00:00
3e6cbccd0e3c5e4972f1f1f178b81b08,4b6525e692ac07e96bb6af495504f6fb,delivered,2018-04-28 20:38:32,2018-04-28 20:53:19,2018-05-02 12:45:00,2018-05-08 20:59:38,2018-05-28 00:00:00
038862523957395d9316afa8b8b70976,a08ee5910f78d3f2b79a0e861d0c6d6b,delivered,2018-05-29 23:02:46,2018-05-31 03:36:10,2018-06-04 15:41:00,2018-06-06 02:19:39,2018-06-18 00:00:00
674c79007110911b0f14e6c43ab64669,f698168406d73d68e0a9ed2ed6abe23f,delivered,2018-05-16 08:41:13,2018-05-16 08:55:39,2018-05-21 09:46:00,2018-06-07 20:48:31,2018-06-07 00:00:00
ce63c9b68df2841a944a62de0cd1bc0c,f40a4445ae3490e8b77a88ee04ba7c05,delivered,2018-02-13 17:58:15,2018-02-13 18:10:25,2018-02-20 18:48:58,2018-03-14 13:02:24,2018-03-12 00:00:00
15d2e898a322b9bbbe9ffff92db68af2,6d82bfae3937c26e1e7d7f97dd1a7d10,delivered,2017-12-05 11:29:49,2017-12-05 11:37:30,2017-12-06 18:22:29,2017-12-26 19:23:21,2017-12-29 00:00:00
30fad506e0a3f97390f19a636e08894e,6fa1cb97a275aa7fd38efa07f67cde71,delivered,2018-06-04 16:06:49,2018-06-04 16:29:47,2018-06-06 11:24:00,2018-06-20 21:04:10,2018-07-17 00:00:00
baeb826b97cb43645b7c6ccb5439b6ce,c344041f83a1dffd0664955eb1165f63,delivered,2018-01-08 12:27:59,2018-01-08 12:35:25,2018-01-08 19:48:48,2018-01-10 18:34:00,2018-01-24 00:00:00
3143dab57ae1317b6911e1330ebd4dac,3b163becc751c8b1988feab2f1a9c992,delivered,2018-07-13 13:03:16,2018-07-14 13:04:03,2018-07-17 15:26:00,2018-07-23 16:38:56,2018-08-22 00:00:00
d39e9ca8b53fe40e2f41cad1e5f09066,8110d60f8d49ab980e779037b5b57fb0,delivered,2018-05-09 17:30:35,2018-05-10 11:51:30,2018-05-17 12:41:00,2018-05-29 15:46:42,2018-06-01 00:00:00
23878b3366bb97c4877f944c685fc546,8ee18779cf374be7b2bebc957901b9cd,delivered,2018-08-23 10:23:31,2018-08-24 10:16:49,2018-08-24 15:08:00,2018-08-29 18:21:11,2018-08-31 00:00:00
15775cbae05fe929de188870848e4129,95a9c31d31d9b5e98eed870eb5c4fde1,delivered,2018-05-10 11:31:11,2018-05-10 11:51:48,2018-05-11 14:19:00,2018-05-24 18:15:20,2018-06-01 00:00:00
db974c12004fe92ab344e63e8e4b995f,b9259ee6253d68e0d106b527cd5530d8,delivered,2017-08-24 14:36:40,2017-08-24 14:50:16,2017-08-25 18:37:38,2017-09-01 18:47:02,2017-09-18 00:00:00
b155e2a8589d40bc9c0381ee48e3204f,157c08487d75e7d5d5dc3646d4ce05e5,delivered,2018-02-05 08:26:52,2018-02-07 02:52:07,2018-02-08 17:42:21,2018-02-16 23:39:14,2018-03-06 00:00:00
65a94ea3c1392f150ad232c92d64c3f8,8f0aafb785aced277e700059d4b9ace2,delivered,2017-10-08 23:29:17,2017-10-08 23:49:13,2017-10-11 15:44:56,2017-10-17 22:11:50,2017-10-31 00:00:00
dacb2204acffacf83274bceb72cf34c0,21169253f474db2ca62af7ae67eaba97,delivered,2017-07-12 15:32:27,2017-07-13 06:43:05,2017-07-13 18:32:59,2017-07-17 17:05:22,2017-08-11 00:00:00
8c72f52f7655510c1ec81f3b9019c638,b0cc6834f86d0440c119eb1fcd8413e1,delivered,2016-10-09 22:44:21,2016-10-10 11:03:33,2016-10-14 11:03:34,2016-10-17 12:03:34,2016-12-02 00:00:00
bc5e4a6b788f29265c3075648d98ef03,66599e5a9fc902f2dfff653f31ac2af1,delivered,2018-07-11 14:53:03,2018-07-12 03:35:11,2018-07-13 14:03:00,2018-07-14 18:10:13,2018-07-19 00:00:00
78e503838fe18fbfd57a901cbddd1769,b7f2420efe789b808ff326af97c7b8d1,delivered,2018-08-08 22:23:39,2018-08-09 03:35:18,2018-08-09 14:22:00,2018-08-11 13:17:21,2018-08-15 00:00:00
3c18b2ddaa9cdf16188ac0ca3ad8dee4,85f4e922a0f385268a765354f2d55a35,delivered,2018-08-10 16:25:13,2018-08-14 04:15:20,2018-08-14 13:39:00,2018-08-17 20:08:48,2018-09-04 00:00:00
6c92e3a213b3733918bcc93dd2224399,2e9120a1e2fc231f7d7f935e1ea43739,delivered,2017-03-27 09:07:28,2017-03-27 09:15:13,2017-03-27 14:04:43,2017-03-30 10:38:46,2017-04-18 00:00:00
76f77156abd99714db6250e5755fe9f7,2c98027a846a2249788f402218d2106b,delivered,2017-11-08 11:05:27,2017-11-08 11:15:30,2017-11-10 14:46:43,2017-11-21 16:02:22,2017-12-15 00:00:00
d45182d981794b5e86d5f433ed2d6e71,bc997030c44e17b4a0bf36ba9e128ed9,delivered,2018-03-21 18:27:30,2018-03-21 18:49:08,2018-03-22 22:03:30,2018-03-28 22:12:51,2018-04-23 00:00:00
7a728c0fe2dd475aabd244294168bc39,4ba1bde676ff918afcb0eb990047494c,delivered,2018-05-05 01:38:34,2018-05-07 16:12:33,2018-05-17 15:34:00,2018-06-08 21:18:39,2018-06-01 00:00:00
605c8d6c4fd713a7d4315efb447367ef,c8c2748acf09a4d9bde389cc2d54fa05,delivered,2017-07-03 10:25:36,2017-07-03 10:35:16,2017-07-03 16:40:52,2017-07-05 17:27:19,2017-07-18 00:00:00
36d5bd2a92fd8d42046d3fd105357dba,1c8651846645ce3e991bbb4ed39b1243,delivered,2017-06-13 10:01:28,2017-06-13 10:15:10,2017-06-14 07:28:02,2017-06-19 21:24:53,2017-07-06 00:00:00
fae07f01dfeea5a98b59ba06f1fa7bba,cc1105faac5ed298036666f8cfafc16d,delivered,2017-07-28 17:37:03,2017-07-28 17:50:15,2017-08-08 19:10:12,2017-08-17 19:37:54,2017-08-30 00:00:00
11660e2c0590a8f36299b868f3e95bed,635d1a5f9ddb3486e24e8333f85d3948,delivered,2018-03-02 16:23:11,2018-03-02 17:31:08,2018-03-05 17:58:37,2018-04-03 22:24:52,2018-03-22 00:00:00
bcc354647b3aa17143479db9c57f1ce9,78b9904267ee1f823cc8ae2d8e95cc8e,delivered,2017-11-12 19:14:43,2017-11-12 19:30:54,2017-11-17 13:44:58,2017-12-02 15:43:09,2017-12-06 00:00:00
a37a7ca4bfc323dd5c2466e609e4ae61,3f8aae0419248bd89751324f896ee2c8,delivered,2018-06-04 10:34:10,2018-06-04 10:50:52,2018-06-05 12:09:00,2018-06-15 19:26:47,2018-07-16 00:00:00
fee65893d04eea449ea85e69ddef8e1a,27a3e266eaf8507e23957d7b5ea35d6f,delivered,2018-06-26 12:39:48,2018-06-26 12:56:55,2018-06-26 13:19:00,2018-07-04 16:12:06,2018-07-30 00:00:00
a78b808171a7a24376688e39d3ada85c,d7e0da248b18797a956c511842bc4346,delivered,2018-03-03 11:38:17,2018-03-03 12:20:29,2018-03-06 22:49:05,2018-03-28 18:51:53,2018-03-26 00:00:00
e7b01e38e214dfdeaa5c9c98f911a7e4,03959f8a4aa2ffd6c471d797b3e95055,delivered,2018-02-07 07:24:08,2018-02-07 07:35:29,2018-02-07 19:56:01,2018-02-20 00:33:39,2018-03-13 00:00:00
a8017b769d03b3474d5869b0dacf5f7a,5c6008b96b0de7d864aeaeb2a2333a7b,delivered,2017-08-04 20:52:20,2017-08-04 21:05:14,2017-08-07 17:22:44,2017-08-16 17:07:50,2017-08-30 00:00:00
8e7067b0751f4e22d4e31728a9a8323e,4f7101886e76a0fa9285c654c92ef0c9,delivered,2018-01-23 22:21:53,2018-01-25 02:57:28,2018-01-25 21:38:26,2018-02-07 15:05:20,2018-02-20 00:00:00
2dc89150e25e0d36a6b80cea3c8a1290,0454038eb49c9d4f0fbe5f2c7896980b,delivered,2018-05-03 23:51:46,2018-05-04 00:52:55,2018-05-04 12:50:00,2018-05-09 20:18:25,2018-05-22 00:00:00
a8a52afd408a3023bafcd9ed3c0d2e15,bccacce2d37971951fd3e82965330b87,delivered,2017-08-30 22:43:57,2017-08-30 22:55:16,2017-09-01 20:07:41,2017-09-08 20:09:37,2017-09-19 00:00:00
93dac07d310a7f6ef301a01a2bd2e33d,44409872f7096ce7249629450da5e2a6,delivered,2017-11-30 10:41:53,2017-12-02 10:35:47,2017-12-05 22:09:45,2017-12-18 21:21:59,2017-12-26 00:00:00
44e57ef48e2045411c809567c0db5628,c8a48f24e0d3338f916385b4097526e9,delivered,2017-02-09 02:03:45,2017-02-11 02:03:02,2017-02-13 13:20:04,2017-02-17 11:22:07,2017-03-08 00:00:00
72e4ee7d458b36222813e2b9707d9d25,32c002400131fb12bb89799af9afebcc,delivered,2017-11-27 21:14:27,2017-11-27 21:38:01,2017-12-01 19:12:01,2017-12-29 18:22:27,2017-12-20 00:00:00
fdb64e7a41f724c8b968b87ad729c6ce,b4f0a4587f88d09521775a8b54b7f101,delivered,2017-09-13 16:30:36,2017-09-13 16:44:05,2017-09-15 17:40:09,2017-09-20 22:02:53,2017-10-04 00:00:00
e720d4d490cd3e990c85d1221441d4d1,7d2cc66889b3c713d431f1b6c63c5fba,delivered,2018-04-03 19:38:01,2018-04-03 19:50:20,2018-04-04 23:50:43,2018-04-10 23:03:34,2018-04-30 00:00:00
3f330c606a285a5bd1cf10b860dd6302,3dd397d7407cf9ab3713d1432a3759b6,delivered,2017-09-24 17:34:19,2017-09-24 17:45:23,2017-09-27 19:15:09,2017-09-29 19:22:25,2017-10-17 00:00:00
96690f8fbafc0eae928f18e8a344c31e,4f614c6f09ba481a66d79bd39081da60,delivered,2018-04-18 15:36:33,2018-04-20 07:32:10,2018-04-20 20:03:09,2018-05-03 19:31:30,2018-05-16 00:00:00
c2569709e6223a9854bd1eab69c150c2,f102e902856febddafcada7f7ce15d51,delivered,2017-09-13 02:05:30,2017-09-13 02:24:18,2017-09-19 17:09:29,2017-09-26 18:16:44,2017-10-10 00:00:00
4d3fd3b2bf5c3adc542718183a646bac,39f307e088da26dc5257b7d459d604d1,delivered,2018-04-22 15:59:16,2018-04-24 19:02:04,2018-04-23 19:14:24,2018-05-15 11:28:40,2018-06-04 00:00:00
eb4bfa31c0d54df31280baa9f95e4e78,d7f4f0aedcd8d6c306d8b54253e63259,delivered,2018-05-12 21:23:13,2018-05-12 21:35:21,2018-05-16 14:29:00,2018-05-18 20:32:42,2018-05-28 00:00:00
e5c270712fd21ebb7536fee6f08937d6,9dc2ad3665bc0cfff5b47d36822c215c,delivered,2017-11-27 11:21:06,2017-11-27 11:36:22,2017-11-28 12:58:59,2017-11-30 20:27:56,2017-12-11 00:00:00
b5ee9c8a7edd714067ee2db82c6da589,3cb367d10216cbaec82d09ff0ceefeba,delivered,2018-04-23 12:38:56,2018-04-24 17:28:58,2018-04-24 17:13:05,2018-04-30 21:34:25,2018-05-22 00:00:00
8ffd7451dcd8c7f8dad79450d7f4708b,8bc6fbf4d57f4c3dda3f16447e74f375,delivered,2018-06-24 22:09:28,2018-06-26 05:37:16,2018-06-28 14:50:00,2018-07-02 15:51:26,2018-07-24 00:00:00
7be2814aa6db9f9f8652edee423f5863,95f490510e66b8f0550570de2a366593,delivered,2018-07-03 09:49:11,2018-07-05 16:40:36,2018-07-03 15:16:00,2018-07-06 12:44:52,2018-07-20 00:00:00
88c70c44f3017d798257015df40ed787,a7f72d95e85d8537e4c642c4a3c6c25c,delivered,2018-01-21 11:20:04,2018-01-22 13:47:24,2018-01-23 21:36:40,2018-02-07 02:13:02,2018-02-23 00:00:00
7ffcdcd61ff7eb4f55adfcfe5940b9e2,6541bd474ebf13e7c24b38a89638260c,delivered,2018-08-01 21:48:09,2018-08-02 21:45:19,2018-08-03 15:13:00,2018-08-06 17:15:00,2018-08-06 00:00:00
271c268d4d21a60bfad6ddb92be3ba3b,6d2eff8b896317be39088c57f793c025,delivered,2018-01-11 22:16:27,2018-01-11 22:28:28,2018-01-20 02:04:07,2018-02-07 01:04:27,2018-02-15 00:00:00
9b050477d0faef8e239f8ab69bac935a,78cb929a776477495299dea1d696f7f8,delivered,2018-03-25 17:58:55,2018-03-25 18:10:22,2018-03-27 00:46:44,2018-04-04 14:48:57,2018-04-12 00:00:00
855c94f62a3a8d4d9a5829e7e293ebdd,6f8b4eeaba59ef3fac7b5cbddf1a8493,delivered,2018-03-24 13:34:36,2018-03-24 13:47:27,2018-03-26 14:02:57,2018-03-28 19:21:41,2018-04-17 00:00:00
458a9e03559c123f3ec5759e7d9cd4dc,e058e57a449fcc0b4d0347dc15c44e31,delivered,2018-04-16 15:20:29,2018-04-16 15:31:35,2018-04-18 20:16:42,2018-04-25 19:12:24,2018-05-28 00:00:00
e5ed4b3425c83c1de25b1072b775a59b,dfbf74617198d566a4a12a39ffbad5bb,delivered,2018-03-05 09:11:32,2018-03-05 10:40:40,2018-03-07 20:42:05,2018-03-23 18:12:53,2018-03-28 00:00:00
0229bc966620f05d9d8fc29c704aa6ff,48a01175afae9a275b3b57ccd21da366,delivered,2018-07-21 19:10:05,2018-07-23 16:00:16,2018-07-24 14:28:00,2018-07-28 00:26:43,2018-08-06 00:00:00
041fd411ba3cebfe101d1dadc0666ce6,f9744f196723a6eaf6810ba6b7432532,delivered,2018-02-12 21:47:28,2018-02-12 21:55:23,2018-02-15 00:32:56,2018-03-05 14:13:42,2018-03-14 00:00:00
09324a6d203673f8d0b62bd726f25a87,a368e7a5ecc4fbc5f7c9bbd5b809244d,delivered,2017-12-18 22:40:18,2017-12-18 23:51:35,2017-12-22 21:13:10,2018-01-03 20:42:33,2018-01-15 00:00:00
9d3a10d6a5aab8ca343a21580c404b69,3d52b62a0e6c8a3e9b649b070bbe291b,delivered,2017-09-04 15:38:31,2017-09-04 15:50:23,2017-09-18 20:19:55,2017-09-20 17:53:08,2017-09-26 00:00:00
9e8bf3ebc81cc29ee6e934d95370e5bc,bdfa40cb45d5c835665c9ac5a168451b,delivered,2017-07-10 12:19:10,2017-07-10 12:30:15,2017-07-12 12:16:46,2017-07-25 19:36:42,2017-08-01 00:00:00
5b829c37201779df841d79b1875ca7ef,e6aa3c4bea880edfc850c4647a575b5d,delivered,2017-11-27 19:57:02,2017-11-27 20:18:12,2017-11-30 02:21:57,2017-12-14 01:09:55,2018-01-05 00:00:00
a96417d157bd97f6b47643a7ffbcd8dc,32a0f9a935752b492144cefe01ec5da3,delivered,2017-03-24 15:37:08,2017-03-24 15:50:18,2017-03-27 14:56:58,2017-04-03 13:33:32,2017-04-17 00:00:00
db6b63568221b91ede8c733e175bcb0f,8bfde2e8ee1c470784cebf3888dc3368,delivered,2018-05-03 17:57:35,2018-05-03 18:15:25,2018-05-09 08:22:00,2018-05-14 14:42:50,2018-05-22 00:00:00
0c9b19430ea3cf0e01b6686df953ad6d,223b6f9fabe9237128ff072d99701307,delivered,2017-06-14 15:54:29,2017-06-17 03:21:10,2017-06-22 15:30:05,2017-06-26 20:21:38,2017-06-28 00:00:00
a3a334e8cd38b52f151585bfa1e22190,014a9fe1063cfc79c804affbe855a70f,delivered,2017-12-29 21:42:31,2018-01-03 04:29:41,2018-01-03 22:51:48,2018-01-17 20:55:23,2018-02-05 00:00:00
59e50342da3b55417e121c01aa5aa6ea,9785bdb5fcba28eacc5e1dec628fe07a,delivered,2017-03-06 19:21:45,2017-03-06 19:30:20,2017-03-07 12:06:49,2017-03-15 12:12:08,2017-03-27 00:00:00
60402252b419752cfe565a2a99f9cb55,172f539a0c9bfe31c70b898b31af1036,delivered,2017-12-27 09:21:16,2017-12-27 09:31:26,2017-12-27 20:56:37,2018-01-08 20:50:17,2018-01-30 00:00:00
d5a809a7a258b9196d2bde32e7b9546e,2614012fdc9b1fad7b301f25bc6da3c4,delivered,2018-06-28 16:08:26,2018-06-28 16:31:44,2018-07-03 14:13:00,2018-07-06 17:12:09,2018-07-20 00:00:00
aeef968fdf13e92d3b80306d114ed681,f4057fb491fa03913c1affbf370cf24f,unavailable,2017-03-02 13:39:49,2017-03-02 13:50:19,,,2017-03-21 00:00:00
90c611165eb937cb679e48c10aa23d9b,3e70b5626bfa65b0f2678059e45426ae,delivered,2018-05-14 15:18:24,2018-05-14 15:33:12,2018-05-17 15:31:00,2018-05-21 15:05:20,2018-06-05 00:00:00
ffb6e31ed469d2c780df6b9bb2264a30,237ffbbf597b3f69a3946b4de6864da4,delivered,2018-02-03 22:57:58,2018-02-03 23:09:58,2018-02-07 20:04:02,2018-02-14 23:28:35,2018-03-01 00:00:00
b7a13b515d99de69fe4db49507b7c1ec,13cec4294177df9c4d38db4e9d981230,delivered,2018-02-27 12:51:29,2018-02-27 13:09:47,2018-03-01 19:49:21,2018-03-29 22:14:58,2018-03-19 00:00:00
65c96731ae030b052acda14e142e2a3f,9559221419cf73261de39b024545b1b3,delivered,2018-02-26 14:21:09,2018-02-26 14:35:30,2018-02-27 20:24:52,2018-04-12 01:30:52,2018-03-22 00:00:00
7b0bb21c6157ceaf36546fe736cea57e,93d5c28a557158561f6ce4c7a5f7001a,delivered,2018-03-12 12:35:39,2018-03-13 04:28:08,2018-03-14 19:24:50,2018-03-22 12:16:46,2018-04-03 00:00:00
d043902d832951c993140ff02e9a74b6,a69fb81739a98f4292b9b5294396e3c3,delivered,2018-05-20 21:56:14,2018-05-20 22:18:37,2018-05-22 09:00:00,2018-05-23 17:32:04,2018-06-01 00:00:00
b786414cc7eca4f1a133aa2b3b4cd53a,8c368f5d7d10b203124dd10e280d78cf,delivered,2017-09-18 20:00:04,2017-09-18 20:10:17,2017-09-19 13:23:59,2017-10-06 20:43:50,2017-10-06 00:00:00
95d178d6496b60f86073770baf392c4c,0f7ef6c2fdb723b0ae2f59f371646d24,delivered,2017-11-29 18:10:35,2017-11-29 18:19:33,2017-12-01 17:48:37,2017-12-13 14:55:18,2017-12-21 00:00:00
34f1c51e8149819c0b990de491310370,2c220c1528cbe628de003c145cbae0d3,delivered,2018-05-01 10:23:41,2018-05-01 10:36:27,2018-05-03 09:25:00,2018-05-15 18:06:08,2018-05-30 00:00:00
a74e65b4ffd7effa5308ba01647ea4b2,b80b77aff9dc4c13a0b759c556742878,delivered,2017-08-05 10:42:34,2017-08-05 10:55:16,2017-08-07 19:47:50,2017-08-15 19:52:11,2017-08-29 00:00:00
ec4a3b39fc6ed8732cb8c0efc469d52d,79847517053935da221bdb9325ef20f5,delivered,2018-03-15 10:35:37,2018-03-15 10:50:27,2018-03-15 22:10:39,2018-03-24 02:37:24,2018-04-06 00:00:00
4eaf46d0d0e2afdb37847eaaed37d71a,c92dcdc19ddf619d3e18e6add2ffb398,delivered,2017-09-07 15:11:56,2017-09-08 20:55:06,2017-09-11 19:05:51,2017-09-15 20:32:34,2017-09-26 00:00:00
929d67c764704d96d97612a7516a1d2c,a920a916257e1e8ccefc035ddf442b24,delivered,2017-12-10 14:06:26,2017-12-10 14:14:24,2017-12-15 14:28:51,2017-12-26 19:48:59,2018-01-05 00:00:00
8520caa05adaca0f5c056629e9f17fe9,399ea879d045ade57e0a91c195b73aba,delivered,2017-10-25 21:01:36,2017-10-26 20:55:38,2017-10-27 15:23:38,2017-10-28 16:40:02,2017-11-07 00:00:00
3c86b332004353092d94fa2e5b66e398,f89096f96c07ec24f453a56a2135c6d2,delivered,2018-05-05 12:02:10,2018-05-05 12:15:17,2018-05-07 14:51:00,2018-05-11 18:09:32,2018-06-18 00:00:00
512995f2b2e1cec7b7857389582ecf07,c9fdcb6355112f78a8369a743fa58880,delivered,2018-04-27 16:27:43,2018-04-27 16:35:27,2018-04-30 11:06:00,2018-05-07 20:51:57,2018-05-28 00:00:00
0acba0d89b659e968c61996fce491be6,95489fc7d50bbf17640d3f87b6a8fabe,delivered,2018-04-30 11:01:18,2018-05-03 04:32:54,2018-05-03 18:54:00,2018-05-08 23:44:40,2018-06-06 00:00:00
1343e1f31a0f108d5102319b6624021b,529de59b3db538f52b46f5c3d0cf1877,delivered,2018-01-25 15:11:11,2018-01-25 15:20:29,2018-01-26 21:32:24,2018-02-20 16:58:13,2018-03-07 00:00:00
5f4da1a51f1cb709019272b1bb9b7c51,6e01c34b6f829b1ecfbb70987a25bfae,delivered,2018-01-23 22:43:38,2018-01-25 02:58:23,2018-01-30 01:07:47,2018-02-22 17:16:37,2018-02-23 00:00:00
ff93068c56794ba8c461ad31ffa31076,c7ee141f107fca51fbb68394f0b5d36a,delivered,2018-02-17 01:19:30,2018-02-17 02:07:36,2018-02-26 19:10:16,2018-03-08 18:38:48,2018-03-22 00:00:00
bb52ab55caf36f6ee5cdb4edacd82dcc,708e884443a55b66dbff16493d952441,delivered,2017-03-15 22:46:20,2017-03-15 22:46:20,2017-03-20 15:06:37,2017-04-01 12:13:16,2017-04-11 00:00:00
61b1a17bdd024a92f00d79097599f221,f378db927bde450be949d83d9ad0b751,delivered,2018-06-16 22:22:46,2018-06-19 03:57:10,2018-06-21 14:35:00,2018-06-28 21:39:02,2018-07-20 00:00:00
3d078f07196f735d7513cb6df317e1bd,13709817a93e72b8a9752298c2e00580,delivered,2018-03-18 12:22:33,2018-03-20 03:48:54,2018-03-20 18:17:29,2018-03-21 19:23:40,2018-03-29 00:00:00
510d5ab9d1299666e8dadb24d137209d,8ea0f24dde338f421c9526331050927e,delivered,2017-12-03 22:58:28,2017-12-05 22:53:30,2017-12-07 16:21:36,2017-12-11 16:49:52,2017-12-27 00:00:00
052121d17f8eab43c577497c9b1451e2,016187b76ffe3a8b7709732077de2fc2,delivered,2017-09-13 21:51:41,2017-09-13 22:05:50,2017-09-14 19:47:49,2017-09-20 21:02:34,2017-10-02 00:00:00
4a1469ade7319bd8ba134c98ee7f0c8f,f739519fdd001c8fd5db7e7afb9147c5,delivered,2018-02-04 20:00:23,2018-02-04 20:24:23,2018-02-06 20:37:49,2018-02-21 18:23:29,2018-03-14 00:00:00
18bfd88cce0908a86624e1fe45693ab5,b7fadbed2cafaf71c41450cb2ebe7013,delivered,2018-04-18 09:13:46,2018-04-18 09:30:37,2018-04-19 23:02:31,2018-05-04 00:22:55,2018-05-16 00:00:00
0d9df4f2f2ff31254428de406416328c,7780df2165ac312b97f275f0f5efddf1,delivered,2017-04-10 16:22:35,2017-04-10 16:35:09,2017-04-13 13:23:12,2017-04-20 15:00:06,2017-05-02 00:00:00
09ec142bfa34576d3914bdf8c19927c2,fff168ca1f8a1d2e8e2108b231a68a8c,delivered,2018-07-20 16:25:59,2018-07-20 16:44:13,2018-07-27 10:28:00,2018-07-30 18:26:39,2018-08-01 00:00:00
9191e958cc19129b8470df9d933f8e3c,fe0980d54ae62861faa5595968feedd2,invoiced,2017-11-30 19:12:28,2017-12-01 09:31:11,,,2017-12-20 00:00:00
635b1de13b56852d3dca9d359b7ed8dd,4a0ca65ee54229ed1da47b1f479b0a55,delivered,2018-02-22 13:19:57,2018-02-22 14:00:46,2018-02-22 22:57:00,2018-03-08 22:36:28,2018-03-19 00:00:00
519d0ef44ec0766bd5176b19ff8b47aa,bc7ff0e7c6d31fd59dbd5f70835b4696,delivered,2018-03-25 21:48:21,2018-03-25 22:08:26,2018-03-26 22:42:18,2018-04-03 10:48:50,2018-04-06 00:00:00
ed7200b041e08a9814ac30587b7e62bd,932f6944e8d50003e3bebd6030cd1c60,delivered,2017-12-08 20:01:45,2017-12-08 20:12:24,2017-12-12 22:35:33,2017-12-15 18:17:05,2017-12-27 00:00:00
33c72b5830923cd768fa76c738f6d402,3664970f078371fc4638701954f6f048,delivered,2018-06-26 09:10:21,2018-06-26 09:37:45,2018-07-03 12:55:00,2018-07-09 14:12:36,2018-07-23 00:00:00
7ca0c3d9f11c42ad17afe165a1e0df4f,b0d33167a84b75a35b3921e04f2a3a91,delivered,2017-09-17 18:27:12,2017-09-17 18:35:23,2017-09-18 18:22:27,2017-09-23 15:04:06,2017-10-04 00:00:00
804a79d234b0f9470b218e9abef45e7e,929f17c31bd7186f4a6ca3d7d8d0535e,delivered,2017-11-04 16:29:23,2017-11-04 16:45:39,2017-11-06 20:36:22,2017-11-10 15:36:39,2017-11-17 00:00:00
fddb3d597fc61e3f11ce9e3e8e7a3706,67aac83578d8da73ae7d09d981ce8487,delivered,2018-02-20 10:34:07,2018-02-20 10:50:35,2018-02-21 20:06:30,2018-03-20 20:38:56,2018-03-19 00:00:00
039ab3369f399f5a3ac25e99435a8251,b970eae734db9041c13ad2b9aacd5e09,delivered,2018-06-21 00:30:40,2018-06-22 02:58:52,2018-06-22 10:36:00,2018-07-03 16:39:00,2018-07-25 00:00:00
4308e12e9ffac5a442e69838bb90872d,a61b501908541d3087f220fe04b77800,delivered,2018-06-05 13:29:29,2018-06-05 14:31:59,2018-06-05 13:41:00,2018-06-13 01:22:16,2018-07-05 00:00:00
8a98b899923f5a4f37a74af5c8b1d774,37fb9cce079a4887c96b59bae2011d05,delivered,2017-02-05 14:54:08,2017-02-05 15:05:08,2017-02-08 15:18:41,2017-02-09 12:14:17,2017-03-03 00:00:00
491c5a96f47a083b2792f1a306a5fade,5a6a4a2e451c08ff810096ed0abbcfcc,delivered,2017-06-13 09:03:46,2017-06-14 02:05:13,2017-06-14 11:14:22,2017-06-23 11:12:41,2017-07-04 00:00:00
af56eb60e55129d75938b66adc629d24,cad7436e0e154e5c25656e550735d7af,delivered,2018-02-05 23:19:09,2018-02-07 02:52:36,2018-02-07 21:23:25,2018-02-22 22:45:15,2018-03-06 00:00:00
2a8ab6971e8d4c873f768a365a9ac617,9723ee0e006c0f3ddd9fa3759078a57f,delivered,2018-04-03 17:58:15,2018-04-04 17:55:10,2018-04-05 18:05:44,2018-04-12 18:17:34,2018-05-04 00:00:00
b3c763d35ce46cf0a205b217814323ee,ac760d51d374d2b60448efe5ba3c4a75,delivered,2018-08-02 12:20:01,2018-08-02 13:15:18,2018-08-09 14:44:00,2018-08-16 22:04:44,2018-09-05 00:00:00
714eab828e697b510a611bda04f0d167,d5d59c8731157b64e020bfcd71da00ab,delivered,2018-05-01 11:01:42,2018-05-01 11:36:09,2018-05-02 14:20:00,2018-05-08 18:19:05,2018-05-24 00:00:00
185115c917a05bf72dd42a9c369f207f,1a0bc7cbd12289b4c6429ca29e1b9b84,delivered,2017-08-27 14:59:43,2017-08-27 15:15:09,2017-08-30 19:22:18,2017-09-04 22:11:30,2017-09-18 00:00:00
1c2aa46c96849539758c97f7465669da,0811ef55e8d477a9a772121707761131,delivered,2017-12-04 14:47:16,2017-12-05 04:15:51,2017-12-11 19:57:22,2017-12-21 17:44:28,2017-12-27 00:00:00
aeb656e39cc0a83dd545f079f099d7e7,371e88339651f429491a4d74517cc8ad,delivered,2018-05-09 10:54:34,2018-05-09 11:11:47,2018-05-09 15:34:00,2018-05-18 13:23:47,2018-05-29 00:00:00
a63205aaf6fff889c9499f4cb08e3696,5222c1ba761c7d6b134da346188a0160,delivered,2017-02-14 23:07:34,2017-02-14 23:24:04,2017-02-15 12:53:15,2017-02-20 18:13:47,2017-03-15 00:00:00
2e22dc2fce65e5b9d73a11d717f41724,61293d3c42c2bfad777bcedcab7c3bd5,shipped,2017-01-21 20:53:19,2017-01-21 21:05:17,2017-02-09 14:28:33,,2017-03-14 00:00:00
627275b5ff757bdc2c6bc89946ac43d3,a127202dbd242f846641f8332bc9bbf5,delivered,2018-08-11 15:37:03,2018-08-11 15:45:17,2018-08-22 14:19:00,2018-08-27 19:51:57,2018-09-05 00:00:00
aa3ae718cc36bc728bd78c098dc84c24,b8a4fa624ac0e22818ed1dcaf5fcbf47,delivered,2018-03-01 11:27:43,2018-03-02 02:11:04,2018-03-05 19:39:00,2018-03-08 15:53:50,2018-03-20 00:00:00
35e8b6cc47f7c18667028737368a1d8e,b67c158e4b1be576ff5eec151ab5cdcc,delivered,2017-12-10 15:58:03,2017-12-10 16:09:18,2017-12-12 21:03:35,2017-12-26 13:52:15,2018-01-04 00:00:00
5fba11dd999d40df0cc6c2169f2babc2,74a29926ba27e36be1e441fa29951a99,delivered,2017-06-02 11:44:41,2017-06-02 11:55:13,2017-06-05 10:46:45,2017-06-08 16:33:33,2017-06-27 00:00:00
4e99d33f688f3a9af1feb6d2f50d7509,85b3cf7f68020f420f26122e3bb6febd,delivered,2018-01-02 09:33:31,2018-01-04 05:17:19,2018-01-12 20:51:40,2018-01-15 19:25:00,2018-01-30 00:00:00
356c676af9d2b3828c504330ea74ed73,422dfe12ed7978978abbedd5c706891f,delivered,2017-07-17 08:20:44,2017-07-17 08:30:45,2017-07-26 04:43:24,2017-07-28 22:27:50,2017-08-03 00:00:00
93f6802eddf412ddaece53aba01d1db3,817496a3a4e02e8f5e16b5a4247ace69,delivered,2017-05-02 13:44:27,2017-05-02 13:55:22,2017-05-02 18:31:59,2017-05-13 09:53:02,2017-05-30 00:00:00
db98938fd988c1be7290b8fda2801afa,8d6b89c0cd78938a832e751972e394f2,delivered,2018-04-18 23:34:48,2018-04-19 01:30:18,2018-04-19 19:58:49,2018-05-17 00:12:15,2018-05-23 00:00:00
0bfd90889de46373db5089b3bb941135,b2bbf530455f67fe10265197326aab8e,delivered,2018-06-05 20:08:08,2018-06-05 20:32:55,2018-06-06 14:45:00,2018-06-07 18:34:54,2018-06-29 00:00:00
3486059e0a7914ff9133784944751b3e,2c5d1e24fd62cc9711ec0b4461367477,delivered,2018-08-11 16:24:12,2018-08-11 16:35:15,2018-08-17 14:15:00,2018-08-21 16:32:00,2018-09-03 00:00:00
0b4379c15168b7275dd2ee52a06f4294,b8026bdf32e82bd41ae6f578f6aa0fb8,delivered,2017-10-04 13:05:06,2017-10-04 13:24:28,2017-10-05 16:48:15,2017-10-11 23:33:55,2017-10-30 00:00:00
53571e4877460790f5910534d81d533d,03021263578e74c1f2bd92697a37d93b,delivered,2018-07-04 20:41:02,2018-07-05 16:08:01,2018-07-05 18:55:00,2018-07-06 13:42:10,2018-07-19 00:00:00
02624f7cd7272b3e027320023dbdc99b,5cc48607521a18de6b6e2eeaace14501,delivered,2017-10-10 09:37:51,2017-10-12 02:31:56,2017-10-18 21:52:10,2017-10-25 17:44:06,2017-11-17 00:00:00
025884a2189930178d9ba3b1c6d0f9ba,23ff057c563ba09553c1a7d37520a43a,delivered,2018-03-20 09:29:26,2018-03-20 09:48:16,2018-03-21 21:36:35,2018-03-28 15:14:52,2018-04-16 00:00:00
96192a86ceeb753de81aacdd955288f8,ca2f8b1c52eece3f11bad7511418308b,delivered,2017-08-21 20:22:55,2017-08-21 20:35:30,2017-08-25 18:32:54,2017-10-01 12:30:03,2017-09-21 00:00:00
490a97982e956ca7dcafe2282467dccb,9256dd59d0efc6db3eb52db8aaa99a85,delivered,2018-07-12 17:42:10,2018-07-12 17:55:12,2018-07-13 07:27:00,2018-08-03 13:48:44,2018-08-13 00:00:00
47e6a0c0327dc37d68fe995d4d254885,95f0df1f2f6ec93cecb00ba84f424420,delivered,2017-11-24 20:17:44,2017-11-24 23:18:40,2017-11-28 23:03:33,2017-12-04 22:13:27,2017-12-14 00:00:00
03ba7e127b7a5243620b6c62c740d722,e70246c90e6f47e10fa5d8577d5beb17,delivered,2018-02-23 20:41:46,2018-02-23 20:50:32,2018-02-27 22:52:35,2018-03-12 11:26:32,2018-03-27 00:00:00
4dcbd5ebfc13eef35e0fcb0ca1c2807e,033be315f82e41697260be39939d3662,delivered,2017-10-22 16:39:09,2017-10-23 17:49:12,2017-10-24 21:03:32,2017-11-08 18:28:44,2017-11-16 00:00:00
bc803635394fe3d07b22474558c8509d,60ac5710c1bdce2a9a20a7e257137d5e,delivered,2018-03-06 10:57:45,2018-03-06 11:40:23,2018-03-07 21:08:44,2018-03-28 15:51:45,2018-03-26 00:00:00
d7bfe7ef14d1debee523b680ae421489,4e5aecb5ec6b900f8de063308bbc55cb,delivered,2018-05-01 22:43:44,2018-05-01 23:12:20,2018-05-03 16:10:00,2018-05-15 20:49:11,2018-05-28 00:00:00
629af6001c311533699b7c3a91557aa8,434dc66083e0ce3920a49a32c18181e6,delivered,2018-02-01 10:57:27,2018-02-01 11:12:30,2018-02-03 12:12:12,2018-03-07 12:43:04,2018-03-07 00:00:00
c2bd00a4ebada36e6e2b5457048020c2,11f5f5a4b5113ed59df85853b97156db,delivered,2017-07-19 20:03:19,2017-07-20 20:10:14,2017-07-22 13:29:23,2017-07-26 03:17:54,2017-08-03 00:00:00
e3411277abc85c0051b5e9a9f7e6d0cd,c985da49b4fd8417a7862fe111a70de3,delivered,2018-03-15 07:29:39,2018-03-15 07:49:32,2018-03-19 21:21:50,2018-04-02 16:08:34,2018-04-11 00:00:00
2e0a57a3d7b55da441c3d59bd020a100,b5f7c46d4c3f1a90f5c592441c30eba0,delivered,2018-07-30 12:13:58,2018-07-31 04:31:29,2018-08-01 13:36:00,2018-08-02 22:11:53,2018-08-03 00:00:00
1571408d523ba0bd850d9621252be53a,9eec05db89d3d8863da0018d2fac099d,delivered,2017-07-06 08:10:59,2017-07-06 11:55:07,2017-07-07 17:12:21,2017-07-19 15:57:32,2017-08-14 00:00:00
478f2ae691d27c91c581c47b8e9f61d4,c0f820d99d37773d9afcae7710a9aefa,delivered,2018-01-08 15:11:08,2018-01-10 10:32:31,2018-01-13 02:42:07,2018-01-18 20:51:35,2018-01-31 00:00:00
7d0880274edfcf151462bd2adbbdf6c5,ae46c180a00aba01fb17d3e2e26dbc28,delivered,2017-09-27 09:25:55,2017-09-29 02:14:48,2017-10-03 16:28:44,2017-10-09 19:32:57,2017-10-16 00:00:00
83b38224c814740db730aad1c72c7a3f,6a6e92b4be5eacb3d7abed3f73d20276,delivered,2018-08-07 10:19:28,2018-08-07 10:30:14,2018-08-08 14:06:00,2018-08-13 19:19:36,2018-08-22 00:00:00
bbf79c6b5be913c369b5855982d9208c,b774417f5519d50111815b41af44d0be,delivered,2018-02-10 17:01:42,2018-02-10 17:15:43,2018-02-14 19:33:27,2018-02-22 15:05:42,2018-03-13 00:00:00
fae7474cb4e9db46851ec394af4a04b8,94c7d5f342e959f15a7142dd17b1e7be,delivered,2017-11-17 13:14:21,2017-11-17 13:50:33,2017-11-24 16:22:04,2017-12-28 20:58:49,2017-12-13 00:00:00
67f30bce3a2dd23c894bae87e6391987,f498a3500157af76aa12d52120bca54b,delivered,2018-06-02 18:24:18,2018-06-02 18:35:09,2018-06-04 14:31:00,2018-06-08 18:18:52,2018-07-11 00:00:00
cccb57e7a01fe8d245ce2027974b455e,626dd88d2e464c154a8c0fa15f2e6636,delivered,2017-11-21 17:50:33,2017-11-21 17:58:25,2017-11-23 20:51:21,2017-12-27 17:51:50,2017-12-12 00:00:00
82c1f00b277333db6ce4f9eff5894903,44024df7d9bd0f986d18c27e73d39dd7,delivered,2017-11-24 21:51:21,2017-11-25 00:36:19,2017-11-25 12:58:51,2017-12-06 21:41:52,2017-12-14 00:00:00
e8295bee3fcc58cbd94f165f36c11f4b,d8c39b2be9b9bc058f016855e8718e54,delivered,2017-11-24 02:09:24,2017-11-24 02:29:20,2017-12-05 02:12:30,2017-12-18 17:43:42,2017-12-19 00:00:00
b91b97488347f484d82bd38acd8d0bbf,0f04f03513dd14f705add51e885ecfb7,delivered,2018-08-19 17:38:58,2018-08-20 12:35:43,2018-08-23 13:10:00,2018-08-30 00:04:26,2018-09-05 00:00:00
d8efc4afe919de73af09d4319b503f08,47edf084f7b21dff8cd49a49f6f9a041,delivered,2018-07-30 21:28:42,2018-07-30 22:04:23,2018-07-31 11:47:00,2018-08-07 23:38:42,2018-08-20 00:00:00
10bc94fc052750e8053c44b8a0cdab8d,74739c82729e0172c2449caa51f42122,delivered,2017-12-11 13:32:50,2017-12-11 13:50:16,2017-12-11 23:10:08,2017-12-26 19:52:23,2018-01-11 00:00:00
47d160e3b388f73aa2dfad3c508f4ca3,3328834615c63920c7aa70de65af963c,delivered,2018-08-05 09:35:33,2018-08-05 09:45:08,2018-08-06 15:36:00,2018-08-11 16:38:43,2018-08-20 00:00:00
771f66be24ca215d4d3415b63bae9d97,52501cba96d41957f1daa67592b41a74,delivered,2018-08-21 20:59:11,2018-08-21 21:15:16,2018-08-23 15:37:00,2018-08-29 18:04:59,2018-09-26 00:00:00
86955b2db2cfd164e4ba01d2f63d0906,5e25baa32999404a42889ee63ab584aa,delivered,2018-05-01 19:00:58,2018-05-01 19:13:27,2018-05-02 13:51:00,2018-05-03 18:02:52,2018-05-14 00:00:00
41e33d3c157e00a75938cd0345e207de,6303896fe7edb9feb7b93bbc17bafc09,delivered,2018-03-07 18:02:17,2018-03-09 02:15:43,2018-03-13 21:27:43,2018-04-11 22:22:05,2018-04-25 00:00:00
eafd5b12290f8412e02469ad8a4b0a8b,56d9806c89791bdb2c2a3158818c35e1,delivered,2018-02-10 23:50:47,2018-02-11 00:56:19,2018-02-14 20:15:23,2018-02-15 19:18:42,2018-02-26 00:00:00
5a359fd847978055438c2563b425d343,9355c14f322f84c4cb4e0bf6162dd714,delivered,2018-08-22 11:17:04,2018-08-23 11:25:30,2018-08-24 12:13:00,2018-08-29 02:24:36,2018-09-04 00:00:00
3f191c1edeb80678998ec0c8683cefcc,8840e68ca97a89b084ca61284b559d41,canceled,2018-02-20 20:34:23,2018-02-20 20:50:22,,,2018-03-21 00:00:00
3c39f4ac4b4520bfaaba2cee448cd823,01d259010afdcc421652fd14d9ea6d6c,delivered,2018-03-08 04:06:12,2018-03-08 04:29:18,2018-03-09 19:03:41,2018-04-28 16:26:44,2018-03-28 00:00:00
78613b7496cc589e1f192e4438f959aa,59623c6dbeed829264853d9539f0b9b5,delivered,2018-03-13 22:20:46,2018-03-13 22:35:32,2018-03-20 19:32:51,2018-04-17 19:21:39,2018-04-10 00:00:00
6afd8b64eabf9544f371b79bc6569bce,012938ae26ceaa758b735826636366f8,delivered,2018-04-14 14:48:19,2018-04-17 06:11:25,2018-04-17 22:02:54,2018-04-21 15:22:39,2018-05-03 00:00:00
de8e149a85e92c7cf24c1f7318f5f1a1,2443f76198478384b6147d593fc54b95,delivered,2017-11-11 17:24:45,2017-11-11 17:35:41,2017-11-17 00:12:17,2017-11-21 19:29:50,2017-12-07 00:00:00
5a3b1c29a49756e75f1ef513383c0c12,be1c4e52bb71e0c54b11a26b8e8d59f2,delivered,2017-10-17 13:06:29,2017-10-18 13:06:21,2017-10-20 19:09:07,2017-10-22 14:43:54,2017-11-03 00:00:00
3cd02e6bd648bb14fb1f20e140ee4e15,15e68126961e816a65de6b9d19285142,delivered,2017-08-02 17:59:47,2017-08-02 18:23:31,2017-08-04 18:58:03,2017-08-16 17:28:36,2017-09-01 00:00:00
6684083994ae824286f8b72945b60758,db3bbf11328750d53f41595e455cb030,delivered,2017-11-22 18:22:40,2017-11-22 18:30:24,2017-11-27 21:24:14,2017-12-11 16:33:03,2017-12-20 00:00:00
221d6c2816440c5e3102f2a6e78a90b5,907847e3370637548e83352f8fca7d7b,delivered,2017-11-03 12:49:57,2017-11-03 13:46:30,2017-11-07 18:36:52,2017-11-16 16:07:14,2017-11-28 00:00:00
55090b3dd39aed5a2019b57cce6b174d,8caa2b611962f72d9905feffb8501593,delivered,2017-01-27 09:33:01,2017-01-31 04:41:30,2017-01-31 10:57:58,2017-03-13 13:22:34,2017-03-17 00:00:00
543929b980aa17fb9d324f934440d131,7cbe2b9e9f7314b94db6cc9fc4af9709,delivered,2017-01-31 08:44:00,2017-02-01 04:34:59,2017-02-07 18:14:44,2017-02-15 04:27:48,2017-03-10 00:00:00
edefb541fcfe5090465267f6e2f3447d,6970a8970974078f439988337d74e100,delivered,2018-01-19 22:07:47,2018-01-20 22:22:27,2018-01-22 12:52:30,2018-01-29 13:44:00,2018-02-20 00:00:00
1a374d53303687a9eced1e981bc5cbfa,4f2796b2c59f9cbe969f0d575464c311,delivered,2017-04-23 18:41:07,2017-04-23 18:55:14,2017-04-24 13:24:33,2017-05-05 13:52:25,2017-05-26 00:00:00
7580acfb8ff8ddb8e8db732d87a5e5cb,4c9df146bdc5664d39360405fb74806e,delivered,2017-03-10 21:46:27,2017-03-10 21:46:27,2017-03-13 10:35:08,2017-03-21 16:43:47,2017-04-04 00:00:00
e80bb64fc4adf8e66ad79b258eb329da,7d764a28df8332970bb99fc81c466604,delivered,2017-08-01 21:33:33,2017-08-01 22:10:21,2017-08-03 19:02:48,2017-08-10 17:34:26,2017-08-23 00:00:00
e8b4a4b281582a6ea90afb7a0e7a0eb9,20c6ce7432acf52ce53dfd747c8f6de3,delivered,2018-05-22 17:57:02,2018-05-22 18:37:27,2018-05-23 15:06:00,2018-05-24 15:05:41,2018-05-30 00:00:00
18c9ffd31feb9e895c186827f10f53bf,5c2ceac1bbf7f59ea08a70dd69186752,delivered,2018-07-17 23:29:45,2018-07-17 23:41:44,2018-07-25 07:48:00,2018-07-30 10:51:43,2018-08-07 00:00:00
0fc3e31f16aa4bc4bff4d14fe1e169f8,6dfdf991a8e16e9846a86a6d2a3be7fe,delivered,2017-07-09 14:26:05,2017-07-09 14:35:11,2017-07-14 18:19:34,2017-07-21 21:30:00,2017-08-15 00:00:00
084d2c70d33f8b9a1e21393471844591,65b3d39ada427bd2eb9747ba626036a9,unavailable,2017-05-16 21:56:29,2017-05-16 22:05:12,,,2017-06-05 00:00:00
01a15ee6a1b9050e7678b72cb4c3b486,03a7750fc7a7bfbd7a84b2f4f26b92f1,delivered,2018-06-17 15:15:45,2018-06-17 15:40:49,2018-06-18 15:12:00,2018-06-25 23:55:28,2018-07-19 00:00:00
4aec55e14c04fce6d0faa0e1bebe3126,0b5b5dbba2cc3894c03bea1a9d74a5e8,delivered,2017-02-16 08:43:14,2017-02-16 08:50:18,2017-02-17 08:26:23,2017-03-01 15:52:06,2017-03-17 00:00:00
8fa15cb7c33ccdab600d84fac69635de,40ebddb7102f8aa9061e437795447122,delivered,2018-04-18 12:46:02,2018-04-19 02:31:38,2018-04-19 19:21:51,2018-05-09 19:42:52,2018-05-16 00:00:00
ca91c1dd2e25ae6e5f339efbfcd507ef,b1c82978d989848468a21a324831a282,delivered,2017-03-13 21:53:51,2017-03-13 21:53:51,2017-03-15 10:37:56,2017-03-22 04:51:23,2017-03-30 00:00:00
c71145d06b89602679deb5e8a297f10b,9fcecafb0c3710ed3c64e9ea175ce250,shipped,2018-04-05 19:38:05,2018-04-06 19:30:22,2018-04-09 17:41:52,,2018-04-27 00:00:00
3c0b55362db9e4d58bc57e08f27bc7f7,810a1114071535cd94e036517d4f95d7,delivered,2018-05-24 10:08:31,2018-05-24 10:33:05,2018-06-04 05:22:00,2018-07-11 15:54:47,2018-07-02 00:00:00
f49cb3a850901782817e96752ac7a6d9,3fe4aead2d8dd97cb9d07372418e9bfd,delivered,2017-11-26 10:44:15,2017-11-26 10:52:30,2017-11-27 18:13:29,2017-12-11 21:24:38,2017-12-19 00:00:00
1cfc85fa3b31428092f247f88bc965a8,a7af46f7721a579c72f24271a0d5bd81,delivered,2018-02-26 14:57:41,2018-02-26 15:15:37,2018-02-27 00:45:09,2018-03-08 23:28:28,2018-03-27 00:00:00
695c3388d5a2f10415110b5c099fa4f6,1f870ded4985cedbdf54b8f8bc932973,delivered,2017-06-01 17:19:26,2017-06-01 17:30:16,2017-06-02 08:31:58,2017-06-06 17:27:46,2017-06-26 00:00:00
6906bd8a0a797598110b2144ee1122bc,4252f678e8d0025161ad595e73a2ac65,delivered,2018-05-08 14:32:46,2018-05-08 14:55:53,2018-05-09 12:52:00,2018-05-14 22:22:32,2018-05-25 00:00:00
401490e646c3921eba7ae1d74f650c29,3ef7cb9f2abf21e315cfbd4b1e58279d,delivered,2018-01-29 16:16:46,2018-01-29 16:37:01,2018-01-30 19:57:11,2018-02-18 13:39:03,2018-03-02 00:00:00
dc8fb3af3f4e0969fc7dbc3128a836e0,b7a2802fc9d4f455062aae8a3ce98396,delivered,2018-06-08 12:06:05,2018-06-08 12:22:04,2018-06-11 12:57:00,2018-06-19 11:04:54,2018-07-13 00:00:00
3e40fd20e1f24da8d88521364c41136d,5ef96fa144b65e2a90bde1f64b2fd5b8,delivered,2018-06-16 22:09:12,2018-06-16 22:36:13,2018-06-18 15:13:00,2018-06-25 22:08:45,2018-07-17 00:00:00
28389b71d3f42441624656e3b733ca4e,1c973f73641c8efd98efd0eabf3a082e,delivered,2018-07-19 16:16:23,2018-07-21 03:23:53,2018-07-23 13:30:00,2018-07-31 00:06:38,2018-08-14 00:00:00
429f1a5343ef9fc8d6b142273c6d14d2,ecf406af63d8896d04b79672f2561375,delivered,2018-04-29 10:53:11,2018-04-29 11:12:08,2018-04-30 12:10:00,2018-05-10 15:57:03,2018-05-23 00:00:00
2fbdcda31c80ac239b8a4b7192416b25,957f96c43e293702121c80c5d366863a,delivered,2018-07-08 02:22:18,2018-07-08 02:35:08,2018-07-10 14:46:00,2018-07-20 19:02:55,2018-08-08 00:00:00
cd6f777c4734b77c8f01725d6a3500c0,aba0612f1bda6131d3058084c31511ca,delivered,2017-01-17 18:24:14,2017-01-17 18:30:11,2017-01-18 06:55:01,2017-01-27 13:32:35,2017-02-13 00:00:00
71c2f084ed7e2c16263645a8e9d81a7c,4081747bb8bcea89ad6a14e22c6baaaf,delivered,2018-04-03 17:23:52,2018-04-03 17:35:12,2018-04-04 19:54:31,2018-04-05 21:03:32,2018-04-13 00:00:00
e391abb7236a94efed4fc9ac3b2d4b32,248f175ac1f88046ad4910e7e3533736,delivered,2018-08-06 22:08:05,2018-08-06 22:24:47,2018-08-07 16:24:00,2018-08-10 21:32:52,2018-08-16 00:00:00
f38ae8b796d52858ed18b394908209d8,3e03b26920dd91486f3ef212fa8a0854,delivered,2018-02-01 17:43:27,2018-02-01 17:55:31,2018-02-07 22:33:02,2018-03-07 19:53:27,2018-03-01 00:00:00
a521f0f44c282118891a438c9e7cff9a,f6f48cf7301c450064d764e6d981de73,delivered,2018-04-29 19:43:56,2018-04-29 20:15:01,2018-04-30 11:37:00,2018-05-23 16:18:50,2018-05-22 00:00:00
1ae6cdc7484c3cf6f29144b09d68f360,c000bdc496eb94ca05f3ee07342973af,delivered,2018-03-21 20:36:49,2018-03-21 20:47:53,2018-03-23 23:44:35,2018-04-11 17:03:08,2018-04-13 00:00:00
5310cf324a1a27c9898c110e463fdd10,07943182709bb6fa495764dddc7a9e6c,delivered,2018-03-06 11:43:41,2018-03-07 02:10:43,2018-03-15 13:03:35,2018-03-27 14:33:34,2018-04-06 00:00:00
4a567b5979f126d93ca2a6729c7c7138,8bba8fd9ff6d3946b610e7d108ad8125,delivered,2018-04-04 19:26:58,2018-04-04 19:48:40,2018-04-10 16:25:32,2018-04-17 00:23:39,2018-04-25 00:00:00
92f626e07da597fcb22e29a0a5d9f2c3,f916f7f522319c33cbaed6092d12f085,delivered,2018-02-22 15:21:53,2018-02-22 15:35:29,2018-03-01 00:12:06,2018-03-12 21:56:30,2018-03-14 00:00:00
43ee68cd19f18fcf7dfc4ea167554e40,a5460ac48757705144a88316dd7fe9c6,delivered,2018-08-25 17:37:28,2018-08-25 17:50:10,2018-08-27 14:37:00,2018-08-28 16:03:38,2018-08-30 00:00:00
3e23457628bb06cc3328814e58a4f889,5cb95832b5a1636d643e01c44347c634,delivered,2018-01-30 19:15:23,2018-01-30 19:30:25,2018-02-02 00:22:03,2018-02-05 23:54:40,2018-02-16 00:00:00
0f4ac89389a25eb2b1d923e4ed43c0a6,da8c803de79c3cb9417419917fee0d5d,delivered,2018-07-04 12:11:44,2018-07-05 16:33:00,2018-07-05 13:41:00,2018-07-14 13:48:37,2018-07-26 00:00:00
401fb6dadb664eaebc2a116c4672147f,695b3f029f6e0a7658ea10df85afcb3b,delivered,2017-09-14 18:07:33,2017-09-15 02:15:24,2017-09-15 19:28:08,2017-09-25 18:47:56,2017-10-02 00:00:00
e56982c3ae61332bbf34639cf5362804,e00aa01b6ac59993f55498f7742a6902,delivered,2017-04-02 12:02:52,2017-04-02 13:05:30,2017-04-03 13:46:09,2017-04-07 15:28:45,2017-04-24 00:00:00
304dfaa2530a17749ec1638baeec82fe,1836d851e670ee7ededf596f67a8cbc3,delivered,2018-05-16 13:47:44,2018-05-16 15:59:46,2018-05-17 15:03:00,2018-05-18 21:14:55,2018-05-24 00:00:00
95ebea26504e0c4e028d5cdd035c6f7a,2d06aa2dfce404eda03c5950c4a35960,delivered,2017-09-30 11:35:01,2017-09-30 11:49:24,2017-10-02 16:38:00,2017-10-11 20:23:00,2017-10-31 00:00:00
ff9a99c60b18acf7c678d38e0549ca67,3e5790883654df1ddd1c1b29541206fe,delivered,2017-09-15 23:25:39,2017-09-15 23:43:58,2017-09-18 15:45:36,2017-09-25 19:05:39,2017-10-03 00:00:00
1bf5ad2a94cb784f7e27820ab656c398,14e618e8adb379c1d9727e4cfb189daa,delivered,2017-05-14 01:23:01,2017-05-14 01:30:19,2017-05-16 09:27:52,2017-05-24 11:48:06,2017-06-02 00:00:00
476d3802a2891d2a940eebb80d0b7f94,75058153de5d4e44095f12ffc094d34f,delivered,2017-08-01 10:22:51,2017-08-01 10:35:25,2017-08-02 19:12:13,2017-08-18 20:04:02,2017-09-04 00:00:00
3e5d9d4bd8c8fb94162c7aa9013240c9,2e9727b083f9dab08e56c61cd949c364,delivered,2018-08-10 17:09:53,2018-08-10 17:25:15,2018-08-15 13:35:00,2018-08-16 18:34:28,2018-08-27 00:00:00
3fb58632c1e4d2d12dda33688ba0a7fb,a030829716dd70362a03769595da8968,delivered,2018-01-19 15:46:36,2018-01-19 15:59:20,2018-01-22 12:46:38,2018-01-31 23:56:49,2018-02-14 00:00:00
d5b1124327e83f25ce12d9c48c9ecfe3,c44dee37ceb2eba1a4c21adb28eec6a8,delivered,2017-07-08 09:26:51,2017-07-08 09:43:27,2017-07-13 20:23:52,2017-07-21 17:52:15,2017-08-01 00:00:00
bb06496dc2000dff076b93ef592d0a7f,43d906d27e14ab387350f31222f9a3a4,delivered,2018-06-16 13:19:30,2018-06-16 13:37:57,2018-06-18 10:47:00,2018-06-20 01:42:18,2018-07-03 00:00:00
f0e979c2286c3db7279cfed49cf8f6f4,9de982a523b0a9891c739db375125971,delivered,2017-08-11 11:35:21,2017-08-12 02:45:44,2017-08-14 16:57:49,2017-08-21 22:03:11,2017-09-04 00:00:00
d2adc517116e216add8b6f5b45c3b84e,c0fe0fbc24994167dce810f83cb96890,delivered,2017-06-24 13:14:16,2017-06-24 13:25:20,2017-07-11 18:44:44,2017-07-19 18:59:36,2017-08-15 00:00:00
1315d21afe8cc17fff429dac7ed6370f,3366fb066ed37d6ed3d2156d0cf1af20,delivered,2018-08-03 18:18:35,2018-08-07 06:10:21,2018-08-07 12:56:00,2018-08-17 22:11:17,2018-09-05 00:00:00
336b67804498fdd240af35e1aa0fd4ff,a7a7c932f8e64caf09aa72bb303ac17e,delivered,2017-11-27 16:10:06,2017-11-27 16:19:24,2017-11-29 04:25:03,2017-12-11 14:04:06,2017-12-15 00:00:00
5869e8a5c993e83fd00128ca4c8478fc,a9e919d9b204e5c8aa0afac896fe64cb,delivered,2018-07-12 14:44:12,2018-07-12 15:50:16,2018-07-16 14:22:00,2018-07-25 16:29:06,2018-08-02 00:00:00
680aaa7e4dee86ef26f98829e4865b5d,249cd9bfba695e40ffb2fff9f9eb9d89,delivered,2018-03-14 19:19:47,2018-03-14 20:00:22,2018-03-20 23:16:34,2018-03-26 11:55:39,2018-04-02 00:00:00
a6145b6681d0b1556afbcf25131f2952,4aa5ea2a21bba03f84782a1b07679084,delivered,2018-07-14 11:45:19,2018-07-14 11:55:14,2018-07-24 14:13:00,2018-07-30 19:52:50,2018-08-09 00:00:00
feb78522c340542b5481b11a97a301e1,9e60e5e98fdb65ceb4af79ccb5bcf45c,delivered,2018-07-29 23:26:09,2018-07-30 18:31:05,2018-07-31 11:32:00,2018-08-02 19:48:37,2018-08-06 00:00:00
6030562117d20f7fd80843398b30eab9,f6303c53ed74970b484444018e552276,delivered,2018-04-22 17:28:54,2018-04-24 18:16:06,2018-04-24 21:14:33,2018-05-07 18:13:22,2018-06-01 00:00:00
06ba8c77c2419a72756b5660b04e3188,9967754eff98e1e791eb2ea767f3a648,delivered,2018-08-14 09:31:29,2018-08-15 03:05:22,2018-08-16 13:14:00,2018-08-29 17:06:22,2018-09-12 00:00:00
4a089edddf146578d90f7a7632e5a86e,7b39440a3ecc618d351ac8eec46f8ca7,delivered,2017-06-19 18:25:39,2017-06-19 18:35:18,2017-06-21 18:17:57,2017-06-30 13:44:43,2017-07-13 00:00:00
09478c1d9dbc168c8438aa90f1be13a9,a332da65750aa1c1ed6697071c478ed2,delivered,2017-04-03 15:06:02,2017-04-05 02:45:30,2017-04-05 11:03:45,2017-04-25 15:38:49,2017-05-03 00:00:00
5f6440a27e522ad37bba8b798bad3541,bca8ad7f587b14c4ad3e49017c5160a1,delivered,2017-12-16 23:20:03,2017-12-18 23:14:30,2017-12-20 20:21:54,2018-01-11 21:55:18,2018-01-22 00:00:00
4a7187a003cd08090bc8effb19765333,7d0e8b3cece66d111fc2d6921b068abd,delivered,2018-04-15 13:07:36,2018-04-15 13:30:29,2018-04-16 22:51:50,2018-04-20 15:36:36,2018-05-09 00:00:00
b68c27cf94ce13113c69bd86e640c41f,4fb0754d75e8871c0d64fc12772bf609,delivered,2017-10-29 22:31:45,2017-10-29 22:44:58,2017-11-03 11:12:09,2017-11-08 13:47:46,2017-11-17 00:00:00
0e23af08f3f379f749739b61bad2cf29,1adac62f7e73ae4953b42e6c63e1b569,delivered,2018-01-22 23:55:38,2018-01-23 00:15:12,2018-01-24 14:48:06,2018-02-02 19:13:14,2018-02-08 00:00:00
a8f801a1403d5a8903d000d45686cd91,c15d8b6d158a492f458d26e2f79dde04,delivered,2018-04-09 08:57:49,2018-04-09 09:10:10,2018-04-13 23:04:28,2018-04-25 09:58:55,2018-05-09 00:00:00
f4efba146388fcb18269422b1a903e86,b7164596fbd6190df097094046cd37ad,delivered,2018-02-28 12:04:20,2018-03-01 11:55:35,2018-03-02 00:15:04,2018-03-13 01:38:36,2018-03-28 00:00:00
7eb2a49dead413f2e396efbf089ad780,5c7fb423529f9178c69491bc92662a94,delivered,2017-05-18 10:58:08,2017-05-18 11:10:16,2017-05-19 15:12:00,2017-05-25 07:32:51,2017-06-07 00:00:00
de71edfe47563ab657846c3d3f028ac9,c65cc979e875a8613c71751052bf138a,delivered,2017-11-29 18:05:29,2017-11-29 18:12:45,2017-11-30 20:52:01,2017-12-07 13:48:57,2017-12-19 00:00:00
60260cf275316912451558bb743bbfc7,9bba7a44753204629a5884736b7d5c74,unavailable,2017-06-27 10:51:39,2017-06-27 11:11:16,,,2017-07-17 00:00:00
ab23407c84b934f452124bc5b5453123,e22c4672d1f7767da4ef71549feff7c8,delivered,2017-11-28 15:10:53,2017-11-28 15:19:38,2017-11-30 00:17:01,2017-12-22 22:22:01,2017-12-19 00:00:00
501f63846d45f483acca1c6e89398610,751dcae0c6e44f078f2da01763c93834,delivered,2017-04-25 02:22:19,2017-04-25 02:30:08,2017-04-25 14:13:27,2017-05-04 17:17:43,2017-05-24 00:00:00
330ef8edb124bf5c3b94880749245bc9,fdc6b4e1b72c9caa7ab4a9a5c89ba7ae,delivered,2017-03-21 22:18:57,2017-03-21 22:18:57,2017-03-23 11:46:03,2017-03-27 10:17:54,2017-04-18 00:00:00
cb7c837f8c5240816176dc115c21a746,d60805f01a84d8b2d5acae981e3c770f,delivered,2018-06-21 20:27:51,2018-06-26 04:58:46,2018-06-27 10:28:00,2018-07-04 19:04:37,2018-07-27 00:00:00
49c6bde44b077f985f0e3647916b6329,a12365591fbc4f0ad1deaec3bef23605,delivered,2018-02-10 21:03:56,2018-02-10 21:35:27,2018-02-17 01:26:59,2018-02-24 16:39:03,2018-03-09 00:00:00
bb0607616e290609d11b67e040b59c79,4feab9208df26bd57b2ffcff0d4dd9cf,delivered,2017-04-25 09:43:59,2017-04-25 09:55:17,2017-05-03 11:22:20,2017-05-10 09:19:50,2017-05-18 00:00:00
cce224811ba8fea016c049693c3e0402,919dc37f94a27a8b5cac7fd53291afd4,delivered,2018-02-28 12:30:39,2018-02-28 12:48:38,2018-03-02 18:11:39,2018-07-26 16:41:56,2018-03-22 00:00:00
07b9210fa8f57b996c79cb931e817393,fd53366df6136213ab393be0c5e2802f,shipped,2018-01-25 03:24:05,2018-01-26 03:16:50,2018-01-26 21:03:50,,2018-02-22 00:00:00
93274b931b5771bd02154c9b716168ba,0d6ea3b6f1bf6ef08e6b60ce23db077b,canceled,2018-05-08 10:13:06,2018-05-08 10:31:32,,,2018-05-25 00:00:00
2eae2166259acdfb17496cbcbf41959e,19a5c4ac80ca76b9e7c32e11eb398889,delivered,2018-05-06 14:27:12,2018-05-06 14:53:14,2018-05-07 15:09:00,2018-05-10 12:27:56,2018-05-25 00:00:00
336aa930110aba578d1a4471144a3271,2ea8cbe1f839c962bfb37e6a617c45a3,delivered,2017-07-09 10:02:44,2017-07-09 10:10:19,2017-07-13 20:47:33,2017-07-21 19:34:42,2017-08-17 00:00:00
ae9991942f891857b982c018af448696,ce29c5c31206878e5e352c5e1c63c50c,delivered,2017-02-15 21:12:40,2017-02-15 21:23:26,2017-02-16 09:34:17,2017-03-02 10:27:54,2017-03-20 00:00:00
b75458db61f87d5711fd6296f2a0ad94,8e297b0bf31b5e12c6d85e34b6aa2a9a,delivered,2018-03-20 13:08:06,2018-03-21 02:51:03,2018-03-21 19:38:51,2018-04-06 18:04:27,2018-04-11 00:00:00
9fcad3838e74690c9782fb51a4b1a19d,cf654cd7b6793d06de65d6e923f8311e,delivered,2018-04-06 03:23:39,2018-04-07 02:55:25,2018-04-09 23:32:12,2018-04-11 16:36:33,2018-04-23 00:00:00
487be7e48ff6a4d2bbd92f6a85006ece,97b272df0a3c59bb5e9a21a32d3efad0,delivered,2018-03-10 18:28:44,2018-03-10 18:48:21,2018-03-12 21:24:19,2018-04-04 22:51:34,2018-04-04 00:00:00
db1e72ae09a684d17ae47139345e9018,e3e15018bc86fcb22b899d6c9306c1ff,delivered,2018-03-21 16:55:16,2018-03-23 02:27:38,2018-03-23 23:09:42,2018-03-28 02:18:39,2018-04-10 00:00:00
75ce76d60bf52b60e058e5d03571b145,e08bd7c6e467d7c79f0db80d6a9c6d07,delivered,2018-03-19 21:46:23,2018-03-19 22:08:28,2018-03-20 16:51:34,2018-04-03 21:33:10,2018-04-19 00:00:00
e83d7904c216c3a03eb6c215d82b7fec,796e122145d49e4242c7f69df20f0aaa,delivered,2018-01-03 00:33:26,2018-01-05 02:34:02,2018-01-08 20:30:23,2018-01-15 18:16:54,2018-02-06 00:00:00
242dd739adc51a8a1f3c1bd7f2c3d0aa,615ffb2fba3a5152dc878c8e1eebd740,delivered,2018-02-02 16:41:21,2018-02-02 17:23:49,2018-02-06 16:18:35,2018-02-20 17:29:58,2018-03-08 00:00:00
3f156a4b06647bd900a87618d08a860e,42da09831872a4eccdffae262281876d,delivered,2018-07-25 21:29:05,2018-07-25 21:45:05,2018-07-26 19:35:00,2018-07-27 23:17:53,2018-08-02 00:00:00
b405825393f5c6c990926ccaf70d2fd9,81d317725cbfabb49d0858e3c70db52b,shipped,2017-06-05 22:17:37,2017-06-06 22:35:12,2017-06-09 12:27:24,,2017-06-26 00:00:00
df7cfd00c1cf356a025d85b77e1121bc,ec76cdd38f6d5f215d3e9b57a38dc3cf,delivered,2017-12-19 00:26:32,2017-12-19 01:53:23,2017-12-21 15:09:32,2018-01-20 13:52:52,2018-01-15 00:00:00
61fc26d9061aa8b8d2863403ac6f800c,a2f0a0db56b7214f6cef39dc952a76e5,delivered,2017-11-07 12:21:51,2017-11-07 12:46:16,2017-11-08 15:44:49,2017-11-16 22:58:39,2017-11-30 00:00:00
bfb88796b657bb5483be15669e9f3496,3760ea94d9fc7b3ecf5250afb8715418,delivered,2018-03-02 15:01:42,2018-03-02 15:15:39,2018-03-05 20:22:21,2018-03-16 19:03:29,2018-03-23 00:00:00
28c949172daaa2b250fc70ed64a45517,6074d24326b80e85de5d37536f93d9c5,delivered,2018-08-27 15:21:15,2018-08-27 15:35:20,2018-08-28 12:45:00,2018-08-29 21:41:42,2018-09-04 00:00:00
838539a55877b06f3f297a3a0b7f46ca,f40fb1a58c563f8e1581d3e93ce79507,delivered,2018-04-23 11:36:01,2018-04-24 19:00:48,2018-04-24 23:56:25,2018-05-06 14:05:03,2018-05-18 00:00:00
7cc694b62dcc67d5cf680cb035f217c9,b9340d29c2e363171c17c2b7704a09d6,delivered,2017-03-10 10:36:26,2017-03-10 10:36:26,2017-03-14 12:52:18,2017-03-23 16:08:03,2017-04-04 00:00:00
90fdc874aae30f20d38d3cf1cd9161fb,fa53ffc93cf481ff930973da9e244a6e,delivered,2017-12-04 17:04:43,2017-12-04 17:46:55,2017-12-07 23:57:38,2017-12-14 16:43:38,2018-01-04 00:00:00
899eb681966d4b5df1e1c9b21fc113ec,0fb8e92a020013a78360567a45d3b8b9,delivered,2017-05-05 11:56:57,2017-05-05 12:21:08,2017-05-05 16:02:37,2017-05-15 19:09:28,2017-05-30 00:00:00
461af692e9fc0636eab95d6a0460e703,e7825f66b8da48779c2230e611626f7c,delivered,2017-11-13 14:25:10,2017-11-14 11:47:22,2017-11-21 19:58:33,2017-12-05 17:33:59,2017-12-07 00:00:00
343289ff41523c04e591262e4af6a288,f953d665a4abd0d479297c34e1ac7390,delivered,2018-06-25 12:37:20,2018-06-25 12:54:24,2018-06-25 18:32:00,2018-07-03 18:38:46,2018-07-26 00:00:00
701f27990d1bec0c6210837db886ab90,898d30a29933c1c06832758b046109fe,delivered,2018-06-27 10:16:22,2018-06-27 11:06:50,2018-06-27 11:42:00,2018-06-28 17:51:42,2018-07-12 00:00:00
3eecd3453e629ed2251ece72779e4052,a32f47559c061e57874987531be05098,delivered,2017-11-14 22:36:34,2017-11-17 03:35:35,2017-11-21 22:05:39,2017-11-27 11:51:09,2017-12-08 00:00:00
3f1b0c2225f2dd5ac1856881d53a440f,13d374bd3347701b027ec82b3a72a309,delivered,2018-08-23 10:30:34,2018-08-24 03:15:17,2018-08-27 14:57:00,2018-08-29 20:17:45,2018-08-31 00:00:00
586992f50ed97898737b07970376d19c,101c8d91278c4de9001566d27033f673,delivered,2017-01-31 17:01:46,2017-01-31 17:15:15,2017-02-01 15:27:25,2017-02-03 09:47:22,2017-02-20 00:00:00
42bdbb46e62e202dd52f6691063aed2c,8d2869f414fd231d62dabc5d84858f66,delivered,2018-06-28 15:55:43,2018-06-28 16:10:40,2018-06-29 14:52:00,2018-06-30 14:07:13,2018-07-16 00:00:00
952c12cde7094bced1f5b1567d0db972,4aaf2e132ff894de3976a232d80ad20a,delivered,2017-11-11 15:11:29,2017-11-11 15:30:25,2017-11-21 16:22:55,2017-11-24 22:32:00,2017-12-08 00:00:00
b3ef4de1762699288ca5c55a1e574a12,6f967a810363042cfb1dde2417d70324,delivered,2017-07-06 20:02:50,2017-07-06 20:15:26,2017-07-07 15:54:35,2017-07-13 21:44:50,2017-08-01 00:00:00
69de6dd68bcaad14dda6d5e33e45bf98,29a1b419d1654af3dbf4618bc7609c2a,delivered,2017-06-01 00:05:38,2017-06-02 01:05:30,2017-06-02 10:31:40,2017-06-08 13:03:51,2017-06-28 00:00:00
27dfa7167b8ea894c7fdd9ed01338ce1,afdd96a697543b2f5503ec2ac4498377,delivered,2017-12-17 18:44:02,2017-12-17 18:55:31,2017-12-19 02:37:21,2018-01-03 22:16:54,2018-01-19 00:00:00
235bb7c712508e20bc5544e90c7195e9,f76b4c0c936ad61a931ba7e60e517e45,delivered,2018-06-20 20:58:06,2018-06-20 21:18:20,2018-06-22 14:18:00,2018-06-25 19:03:56,2018-07-11 00:00:00
2f9d4ee8ca77fe0951ebfe9064cad953,2d2037b93b52f5a7ac9e286e8bd69d15,delivered,2016-10-09 23:38:19,2016-10-11 12:03:02,2016-10-25 12:11:33,2016-10-29 06:53:49,2016-11-30 00:00:00
9e9388221b25d449765ae3b8b908c4dd,4582ea811933e676acb76d67d4805f76,delivered,2018-08-13 22:15:32,2018-08-15 14:10:19,2018-08-16 14:57:00,2018-08-17 20:41:38,2018-08-23 00:00:00
be9ea35dd2b7d3973f1f6e0f0cc6f39b,53d7f82516d4a6e86839d3bc7194b877,delivered,2018-01-07 08:53:53,2018-01-07 09:07:09,2018-01-09 18:44:11,2018-01-10 21:43:23,2018-01-24 00:00:00
fc44a585a233aa97fd6b95f25e97cc7b,3a25d5fa6ed987c3db36dfd46d303e0f,delivered,2018-08-19 17:06:05,2018-08-20 12:50:07,2018-08-21 14:45:00,2018-08-23 01:32:04,2018-08-24 00:00:00
911cd0cf037580ad6a00dfd5690bda12,da3c8b92f86c39d0d93fec729bbb61f9,delivered,2017-03-31 14:05:50,2017-03-31 14:15:22,2017-04-04 08:11:38,2017-04-12 12:55:52,2017-04-20 00:00:00
6e9583ad9400699e091e33534fa84aa4,89fe9585e0731c01f8c1db25a8e3d1bd,delivered,2018-01-07 14:53:25,2018-01-07 15:07:16,2018-01-16 21:58:47,2018-02-01 22:09:32,2018-02-02 00:00:00
29fbef181a9fb4263222cb6a7cc9938d,0657a45b970f96a857e7fb73053306ba,delivered,2017-11-25 14:17:31,2017-11-25 14:31:00,2017-11-29 17:03:21,2017-12-01 18:42:09,2017-12-11 00:00:00
2c2a19b5703863c908512d135aa6accc,0d93f21f3e8543a9d0d8ece01561f5b2,delivered,2017-10-09 20:45:45,2017-10-11 03:26:49,2017-10-11 21:14:36,2017-10-18 16:19:17,2017-10-27 00:00:00
f256f9e290a782032234f9bb030d2fb3,9323f13e6c2405265af9075dc4e23ddb,delivered,2018-06-01 09:38:06,2018-06-01 09:53:33,2018-06-01 11:53:00,2018-06-08 00:26:48,2018-07-04 00:00:00
93a0f08dc580109e5b1b94f73b728d60,302d2796548bbf823ac9bc950e33f960,delivered,2017-12-13 11:46:56,2017-12-13 11:54:31,2017-12-13 22:26:52,2017-12-20 19:32:30,2018-01-08 00:00:00
155581701d726e5261052c3e6fa83dfe,25afd4d88507d0c37245f8f2031c9c7d,delivered,2018-07-15 10:03:12,2018-07-15 10:15:12,2018-07-16 14:44:00,2018-07-28 08:59:41,2018-08-07 00:00:00
9c44a03c9f82cd2488ff7a09aafb7413,53dce88c8abafa618eca63d23ad175b2,delivered,2017-12-15 23:01:12,2017-12-16 08:38:22,2017-12-20 13:37:15,2018-01-08 22:49:11,2018-01-16 00:00:00
e14ffd08eda953986d92a6cf45978ad3,d9b26a5ba9f3034d33903344390460b9,delivered,2018-05-12 12:47:19,2018-05-12 13:14:29,2018-05-15 16:18:00,2018-05-23 15:27:34,2018-06-06 00:00:00
08ea65e91550ee222548404d16eb06b4,10991df83f792039271d758081a2aca8,unavailable,2017-11-14 23:59:15,2017-11-17 04:15:38,,,2017-12-04 00:00:00
a224640d67f0bb8360d291fbbf4491c3,23beef0385f944fcae5cb8d4ba23522c,delivered,2018-04-09 16:51:32,2018-04-09 17:13:54,2018-04-11 16:38:57,2018-04-20 00:41:35,2018-05-09 00:00:00
2c78c4a4e91fabadbe0e21df0b2d10ba,9ec085e37e00d2cb18450ddccce283e0,delivered,2017-06-07 09:59:42,2017-06-07 10:10:12,2017-06-07 15:03:27,2017-06-28 12:18:18,2017-07-11 00:00:00
1f6d786bb7720089e7d0356e1f77fdd0,7091487e9d654190e69d58970b214325,delivered,2018-01-17 11:42:31,2018-01-17 11:50:19,2018-01-22 17:39:04,2018-01-29 18:18:51,2018-02-08 00:00:00
aa9c455b2d9888927e1b006b22980c5e,7c6f26d1942cbc6f1d17d56e13285e7b,delivered,2018-08-12 19:14:56,2018-08-12 19:25:21,2018-08-14 13:31:00,2018-08-28 00:46:40,2018-08-27 00:00:00
1a4bb746c3efa60e5a9e2203b3a94eed,2b4e2dc025918f4ff3e42c12944b2649,delivered,2017-02-25 22:01:51,2017-02-25 22:22:16,2017-03-01 05:55:43,2017-03-09 10:10:17,2017-03-22 00:00:00
e09f44857c4f24c72e4a6efd07aef776,4134f91e373e10b21b922eec937f7bdc,delivered,2017-11-07 09:02:50,2017-11-08 03:55:30,2017-11-08 18:48:28,2017-11-17 19:28:48,2017-12-01 00:00:00
854135793f7e0c5c07d4f72b32125b92,627fbc501cb70151429b8c8c5d8aeabe,delivered,2017-11-24 18:14:27,2017-11-24 21:35:56,2017-11-29 23:54:42,2017-12-18 17:57:57,2017-12-26 00:00:00
8203c6a0f836ad28ea9043e6db95cb71,d85ddd3b595a5b568657ab3dd2d0e34f,delivered,2018-07-23 16:36:07,2018-07-23 17:25:15,2018-07-24 13:38:00,2018-07-30 13:38:36,2018-08-13 00:00:00
a5849d6f70582d4c5217bac6616a45fa,1373cf3dd7bd65ead85da26b09d4ac41,delivered,2018-08-14 10:03:50,2018-08-15 03:23:59,2018-08-15 08:25:00,2018-08-20 21:56:21,2018-08-31 00:00:00
7ddca388c2366f7f22d6908a12601a6b,6b6c6bc06b5b361692ef3059f0347063,delivered,2017-12-18 14:54:44,2017-12-18 15:33:18,2017-12-19 19:24:40,2017-12-29 19:52:32,2018-01-19 00:00:00
edd733119bc50e9804ce6c4cadce3334,6139e49bfb539c18b01ef2d7da91a863,delivered,2017-06-04 00:27:19,2017-06-04 01:22:10,2017-06-05 11:35:21,2017-06-08 17:33:44,2017-06-26 00:00:00
971e55ce6ef3eae4af8292bd71c8e27f,8a629de914739aa508711c4311abf537,delivered,2018-03-28 12:08:31,2018-03-28 12:15:23,2018-04-02 16:16:52,2018-04-18 19:48:27,2018-04-19 00:00:00
4ed72b48d55c5cb2ad3a63f2b96dca12,21f278eb70a67b20a0ef209cef3e47dc,delivered,2017-12-01 18:02:11,2017-12-03 17:56:33,2017-12-04 22:46:49,2017-12-09 14:16:57,2017-12-27 00:00:00
3ff16951afc463cf89f6a5baa0de8ca5,3fac5eda65c02a62e0fa2cffe70f5eb2,delivered,2017-12-11 13:32:08,2017-12-13 13:32:13,2017-12-14 16:22:33,2018-01-09 20:48:45,2018-01-12 00:00:00
21b040554a153e4deafd3f3faf6e9b60,b14eceec27bb314c39a1acf0b6440433,delivered,2018-03-05 19:16:15,2018-03-05 19:28:32,2018-03-06 21:32:37,2018-04-05 17:56:29,2018-03-26 00:00:00
4ba72d2e0a210b56b5635bbc33599cf2,9bc337d75d1f580b3a4a3af1090ec8f0,delivered,2017-05-22 14:58:57,2017-05-22 15:05:20,2017-05-24 14:11:35,2017-05-29 13:22:59,2017-06-13 00:00:00
a63e4b82c362c488802abe5a133440aa,5fbdd1b9e8e20339710a695b1806021c,delivered,2017-08-03 23:18:08,2017-08-03 23:30:13,2017-08-09 18:28:05,2017-08-11 19:34:37,2017-08-16 00:00:00
b8197dddd8d9e9a9789a8573d6f84d7e,6576f2b9e987bdbdae321940fdbcc296,shipped,2018-06-25 12:01:55,2018-06-25 12:13:42,2018-06-26 14:19:00,,2018-07-31 00:00:00
f47f765aa8145f17ab00798fa7db8c41,7aa1405659e935dd74d52e7232d8299a,delivered,2018-02-27 20:58:09,2018-02-27 21:31:43,2018-02-28 23:25:36,2018-03-05 15:52:03,2018-03-20 00:00:00
03e2b2c32adfd7016fbdf98a70a7077c,1ed1934ecae75619009545519aebab61,delivered,2018-05-13 18:33:05,2018-05-13 18:53:57,2018-05-15 09:40:00,2018-06-04 21:03:25,2018-06-13 00:00:00
2ceb6637c42b2ccc41b9949f731f995f,d5c3c53a147864a64bc701b14879753f,delivered,2017-05-20 19:07:02,2017-05-21 09:32:31,2017-05-25 06:03:14,2017-06-01 12:19:57,2017-06-23 00:00:00
a640ba87425649e9ade65bed151f3b30,7e6190337e2b2692cce976c62140a13e,delivered,2018-03-27 18:46:14,2018-03-27 19:07:55,2018-03-28 22:55:19,2018-04-02 15:13:08,2018-04-09 00:00:00
9e12ce8b0cbceeb026699832e5eb6a82,0427097a35c39f7f7863ba1c4d1479cf,delivered,2018-04-12 17:04:58,2018-04-12 17:29:24,2018-04-13 18:33:05,2018-04-19 16:32:20,2018-05-02 00:00:00
6bae400cefd788e2156ed4bfa090a986,8c0808d8499f18490444a09b7c54e9b5,delivered,2018-01-12 01:39:06,2018-01-12 01:49:41,2018-01-13 01:56:36,2018-01-18 21:08:34,2018-02-06 00:00:00
d7d7c211bef169faf83515ce6e8294ea,20ccc25c042d50c3a79e02f77d778171,delivered,2017-02-21 16:40:07,2017-02-22 03:15:42,2017-02-23 12:04:46,2017-03-02 14:05:52,2017-03-22 00:00:00
00ea33f994bec0bbfda582074083ae12,392569e210fa974c457c69cfdb400d1e,delivered,2018-06-23 04:04:48,2018-06-23 04:18:43,2018-06-26 14:50:00,2018-06-30 16:51:48,2018-07-16 00:00:00
82e070eba489c61a48344dcd12ecaada,44ae883b3de1b050ee56d3fb1fe974d6,delivered,2017-11-23 22:44:23,2017-11-23 22:54:37,2017-11-27 23:16:44,2017-12-12 19:04:39,2017-12-19 00:00:00
1376e45f46b5feb758e020fd9cc7608f,796b1e83d2357fa922a37e5d007f8923,delivered,2018-07-23 15:22:30,2018-07-23 16:20:28,2018-07-24 15:56:00,2018-07-30 18:22:53,2018-08-14 00:00:00
8fcba4aadf752a090bcb6f9bb70be752,d170df5f384dbacf5b4bdc322a41b966,delivered,2018-03-08 15:39:01,2018-03-09 02:15:46,2018-03-09 20:36:36,2018-03-30 00:22:44,2018-04-03 00:00:00
04fb47576993a3cb0c12d4b25eab6e4e,c158fb97a12041c9305718081a78b064,delivered,2017-05-25 12:53:25,2017-05-25 13:10:17,2017-05-26 10:13:23,2017-05-29 21:22:04,2017-06-07 00:00:00
0652543c9f8586d33500c3d0e4ddc6a6,eb20fef7768b67afc7386c89b07fc19b,delivered,2017-05-11 12:28:01,2017-05-11 13:05:52,2017-05-12 10:05:40,2017-05-18 09:59:34,2017-05-22 00:00:00
e93076a45234f2712bbd48cb819b0fb4,5e99ed9a54099501f2c12a412820fc51,delivered,2017-06-14 14:53:33,2017-06-14 21:35:14,2017-06-19 14:09:02,2017-06-26 13:07:27,2017-07-10 00:00:00
52e610639925945e4ec84cfb8fc75b7d,1701071c88baf591b7eb62903d3903a5,delivered,2017-11-27 18:30:30,2017-11-27 19:02:50,2017-11-28 18:08:11,2017-12-05 14:13:10,2017-12-20 00:00:00
13bc75256bad09f3273a88f49cff00e1,1601b57bba160dc36168915123bd9278,delivered,2018-08-13 21:50:00,2018-08-13 22:04:16,2018-08-14 13:10:00,2018-08-15 21:56:46,2018-08-16 00:00:00
2b70ebd5decca916c54070ce4d12c91f,6b279b8b23832fcf32b7e264479e84f2,delivered,2018-02-06 16:57:50,2018-02-06 17:15:31,2018-02-07 17:39:13,2018-02-14 13:36:34,2018-03-02 00:00:00
d266e87fb98640ecbbe91425c76e72f3,2b685398c61b72f24fce6c289aa1d810,delivered,2018-06-26 18:03:15,2018-06-26 18:18:44,2018-06-27 13:08:00,2018-06-29 16:44:51,2018-07-17 00:00:00
b115422b830bf2840fccf6f0d6678ab2,d0ed961c7140b7f191442b56f46aaf2b,delivered,2018-08-16 13:09:43,2018-08-16 13:23:56,2018-08-16 13:41:00,2018-08-22 19:20:40,2018-09-06 00:00:00
5e5e51997f0e3a46166b7f5dcc32dd35,6dc8989e7dd66019f9c1f24a61b092fe,delivered,2017-08-12 23:39:56,2017-08-12 23:55:17,2017-08-14 17:22:55,2017-08-17 21:10:51,2017-09-01 00:00:00
e2c5cdd2687cb2f0efe991ed155c8653,b686164fb97b8faf0c6acb1556838ed1,delivered,2018-05-07 18:23:49,2018-05-07 18:35:26,2018-05-10 17:02:00,2018-05-16 14:13:06,2018-05-29 00:00:00
a5ee069718f4fc72e7a0567f4a45ba53,d38d6629ae21f5962e9ab76b553360ca,delivered,2018-05-19 20:17:34,2018-05-20 00:30:08,2018-05-22 12:43:00,2018-06-02 00:38:45,2018-05-29 00:00:00
9da388551ea23281b9bb4cbf12376992,c2546f8bff100a73fc7a10b701dd1fc7,delivered,2018-08-01 23:13:47,2018-08-01 23:25:14,2018-08-03 15:10:00,2018-08-08 17:18:32,2018-08-10 00:00:00
934ef038209c91cc0ca47c0fb29e2f40,4778a939ea8fd1445e8eced0ce1b4b5b,delivered,2018-05-06 11:40:50,2018-05-06 12:20:22,2018-05-07 13:16:00,2018-05-09 22:53:49,2018-05-23 00:00:00
82acba16fc9b8ae5c09fc512b425ea04,c176ef68bc3812b4665d939ef7b10d92,delivered,2018-06-12 19:12:26,2018-06-12 19:46:06,2018-06-13 14:03:00,2018-06-14 18:48:37,2018-06-28 00:00:00
f94bda0cb228bd681dac3cce1fb69584,530a5864d09524daa4a7a03524554ae7,delivered,2017-06-28 11:58:45,2017-06-28 12:10:14,2017-06-30 12:32:24,2017-07-07 18:03:14,2017-07-20 00:00:00
96c36d3faf307d34e6087d144458450f,9481fb9f3f141917c9fb56bfd6315e4e,delivered,2018-01-02 21:41:45,2018-01-02 21:50:25,2018-01-03 17:52:08,2018-01-09 19:58:12,2018-01-31 00:00:00
4d076eecff1b24fa4d0e85a6a72f3db0,b4f8fefb383c44b7104bacfb59e5570a,delivered,2017-05-28 18:03:17,2017-05-30 05:02:38,2017-05-31 10:12:38,2017-06-21 18:29:51,2017-06-21 00:00:00
a367ad4d7ff8e706555cc31af6b40ecb,5f5f57c7939e7666aa92a4f421de907b,delivered,2017-09-27 12:34:35,2017-09-27 12:49:37,2017-10-02 23:24:01,2017-10-05 15:13:29,2017-10-26 00:00:00
832a53069ed415d634cb5924a4fcb3e0,f5bb966acf5166fe6e68d15cec3747e3,delivered,2018-06-28 13:41:55,2018-06-30 02:52:17,2018-07-02 11:06:00,2018-07-05 18:24:43,2018-07-19 00:00:00
657516e76af3d3776fa65ce47ce04d57,e3a8ed67bfc463e93bc727920b63a3f3,delivered,2018-08-18 16:29:53,2018-08-18 16:50:12,2018-08-20 14:31:00,2018-08-21 16:32:46,2018-08-24 00:00:00
dac5a3700ef52670797c5f68b64baa8f,10a21e43dbcd02549e9f07c7a2c985b9,delivered,2018-05-22 14:54:32,2018-05-22 15:15:00,2018-05-24 16:41:00,2018-06-04 18:34:28,2018-06-14 00:00:00
80c3c4405891ad9ae20692b3546aed20,17fa34113bb7197374bed266c6b35c05,delivered,2017-11-25 13:53:32,2017-11-28 03:41:19,2017-11-30 20:55:59,2017-12-07 21:44:44,2017-12-19 00:00:00
782656b57c879a8c0d6a326048331e91,cc105d22219939a0d681e14ce6e38791,delivered,2018-08-03 00:45:12,2018-08-03 00:55:25,2018-08-06 14:58:00,2018-08-16 17:24:57,2018-08-27 00:00:00
63802c52ced9ff923c962ecbf4b3a2a2,8424f98d9254ad85c24141f3cd2fe8c5,canceled,2017-12-03 11:32:32,,,,2017-12-26 00:00:00
823e959449ab09141875541d427a1581,11c897fd95b346aa239cb2b6401e73f3,delivered,2018-02-19 20:14:00,2018-02-20 20:10:25,2018-02-21 22:06:35,2018-03-03 00:08:20,2018-03-14 00:00:00
3b91f44850c174b8360b51fc60460cf9,7745c5ba808972838627034c63ab57a0,delivered,2018-05-13 00:44:12,2018-05-13 00:55:20,2018-05-16 08:14:00,2018-06-05 15:51:39,2018-06-22 00:00:00
5c4ddbfa718a93f4b6b964b9e19472df,406c04dcbb14cfc2efdfa97866b1f17d,delivered,2017-04-30 17:50:27,2017-04-30 18:03:06,2017-05-12 09:17:40,2017-05-16 08:29:43,2017-06-06 00:00:00
38b488d9104334d38fa658cdbcb1ed48,446e5eab95955965329401aa7fef9d9b,delivered,2018-04-03 23:52:25,2018-04-04 00:09:29,2018-04-04 18:36:31,2018-04-13 11:48:41,2018-04-24 00:00:00
ea4b86c8004a1dc893590cbe743dfd1c,eb010a285da993b0961374f518a3e676,delivered,2018-08-14 16:22:27,2018-08-16 03:10:15,2018-08-23 11:48:00,2018-08-24 16:41:47,2018-08-28 00:00:00
007c7cb12ef3567531307ca78d395758,b4c4af6dbbbbafcfd8d6863fa0fc6e61,delivered,2018-02-20 11:31:56,2018-02-20 11:47:38,2018-02-21 14:49:29,2018-03-12 20:52:30,2018-03-16 00:00:00
ed8e6636ff843d46e3b40fcd46743130,700cb2e278d3529c6ec72f823e51669f,delivered,2018-06-28 12:38:19,2018-06-28 12:50:37,2018-06-28 14:12:00,2018-07-13 17:16:50,2018-07-31 00:00:00
cc0c2816e800ee2d10ad0d51f37ab289,c2da460f1f7e4a5023452f6bfa2ae656,delivered,2018-07-17 15:36:30,2018-07-17 15:45:29,2018-07-26 11:05:00,2018-07-31 22:12:24,2018-08-10 00:00:00
3b79ab8b274076a431f241974efa49f7,a92c8bfa458db3ca83aa9c9a01fb4b69,delivered,2018-03-15 08:07:29,2018-03-15 08:29:40,2018-03-16 02:38:22,2018-03-20 18:12:24,2018-03-27 00:00:00
f0b1a6527c31052519575b2993cb52bc,7426de774112a1f918a42ab74e7597b3,delivered,2017-12-10 14:05:24,2017-12-10 14:14:21,2017-12-11 19:58:53,2017-12-22 16:07:06,2018-01-12 00:00:00
b4263e5939fdc4a2875947661ea8e7a6,5b66bf489a54ed20f6f3945bc460a03e,delivered,2018-01-09 22:06:35,2018-01-10 10:32:03,2018-01-10 18:58:44,2018-01-30 22:08:12,2018-02-05 00:00:00
220ecdab5fbfc0828024fa22d8a9acb2,c0fa0bcf52ed2ef5f06efde499b5fed1,delivered,2018-02-04 17:48:55,2018-02-06 04:32:25,2018-02-06 19:19:10,2018-02-08 15:58:33,2018-03-01 00:00:00
a663eb567d6e0db6362cc10977fef5a2,4cad8026a6d4456f6dca8c9c40e0f349,delivered,2017-10-13 08:57:11,2017-10-13 09:14:30,2017-10-16 16:25:41,2017-10-24 23:18:04,2017-11-10 00:00:00
6496d07172ae780e26a3e57539ca4e5f,e8b091784be223554c230661d199c8ac,delivered,2018-06-10 19:58:28,2018-06-11 09:11:56,2018-06-11 13:26:00,2018-06-30 15:23:36,2018-07-03 00:00:00
f192f2a33e97d3e6be3dcef144be89b0,2300ae9b753ceb97afd2947c1df471f8,delivered,2018-01-13 19:16:29,2018-01-13 19:29:44,2018-01-15 17:56:56,2018-01-24 18:59:04,2018-02-05 00:00:00
5f1c8f2e81ded8f245bc3e756524e2f7,cb726dee17ab5dae5abc420d80087d3f,delivered,2018-02-07 16:13:31,2018-02-07 16:49:12,2018-02-09 21:25:16,2018-02-16 20:51:55,2018-02-23 00:00:00
1ddf482b18254ebd8a07327e9e07aed6,e06958341af418a774b350e9832a0826,delivered,2018-02-05 18:41:35,2018-02-05 18:50:37,2018-02-08 23:48:45,2018-02-14 13:21:53,2018-03-21 00:00:00
17da1f6aa478edbbb6039871c31b40b8,888b16e7a19a04a88229722ce21673eb,delivered,2017-04-08 19:30:11,2017-04-11 03:45:24,2017-04-11 19:57:42,2017-04-18 16:53:54,2017-05-16 00:00:00
3f27ed06b2513b7e6cad3d148e049bac,37901da82354e25caf037388d8138674,delivered,2017-11-20 11:46:11,2017-11-20 12:09:21,2017-11-21 17:55:53,2017-11-22 11:51:41,2017-12-01 00:00:00
7515c1d8cfed88ade550c3fb589598f0,f315c4f97490c871a95658402cb49d73,delivered,2018-05-17 14:28:07,2018-05-18 05:16:19,2018-05-18 14:02:00,2018-06-06 15:22:22,2018-06-12 00:00:00
a82e3faddfd8b23dc37ae32f3ed93389,043074b1068b23092a45dd20f97ba65a,delivered,2017-11-25 16:41:57,2017-11-25 16:52:02,2017-11-27 16:41:58,2017-11-28 19:47:56,2017-12-11 00:00:00
62bffd187fdcb56c61d7980953e3ceb7,26e1fa61b30f55d0ad6603ce7dfa685a,delivered,2018-03-17 12:48:15,2018-03-17 13:08:59,2018-03-21 19:05:31,2018-04-27 15:38:59,2018-04-13 00:00:00
7feb540a28fa86db26a17648584a75d1,56f529dd0697875be243ebde725dfb89,delivered,2017-09-12 23:10:52,2017-09-12 23:24:16,2017-09-13 17:27:55,2017-09-14 14:22:02,2017-09-25 00:00:00
492d9d1a1eb3b5a079dff6d1eb3f4b67,bf32270a9d55407c068e29aa15429802,delivered,2017-10-02 09:26:26,2017-10-04 07:14:17,2017-10-04 15:53:04,2017-10-09 21:39:46,2017-10-30 00:00:00
75aed426d187c5f1099af12729834732,1a6c590aa0cb8a6970615c9f0a070453,delivered,2017-09-14 14:28:18,2017-09-14 14:37:32,2017-09-15 20:17:47,2017-09-20 20:32:40,2017-10-04 00:00:00
c6b82ae325fa2da7b9344f222b76908c,5718bacbca3da95ebc6d6a33e4a06ca7,delivered,2017-02-19 19:18:53,2017-02-19 19:25:13,2017-02-20 16:22:48,2017-03-27 15:03:50,2017-04-12 00:00:00
7c3b51d43ff0ed3ecf74550b124dde61,46eed518a1fa5b1e5f7f46fa7b4e46ff,delivered,2017-08-05 11:01:43,2017-08-08 03:50:29,2017-08-08 17:32:35,2017-08-15 09:15:05,2017-08-29 00:00:00
ba930d713b7bf3dca12e701703ff8eb5,9ebf9dcbefe59ec090b872231b9c9c4e,delivered,2017-08-24 02:38:05,2017-08-24 02:50:21,2017-08-24 13:48:04,2017-08-28 13:19:40,2017-09-18 00:00:00
05a971ae7a83a0b371ae1b5bfc45514e,c8b5cf65af25e599ec44662ffe565065,processing,2017-01-31 00:11:36,2017-02-01 04:32:09,,,2017-03-17 00:00:00
4c643df416c8fdc4033716fa0c058c81,8c47be12d1f4a42085de2455cb10724f,delivered,2017-12-10 21:18:44,2017-12-11 01:30:19,2017-12-11 23:52:23,2017-12-18 20:52:11,2018-01-04 00:00:00
99ece48d14ba148681f7f0db03a9e238,29d20cf2880f1d5a967c4425fc3ccfe1,delivered,2018-03-10 10:59:25,2018-03-10 11:10:35,2018-03-12 18:12:50,2018-03-15 20:52:47,2018-03-22 00:00:00
f989d3ba2acbcf3d6168a67eef142f3e,91aff227ee2a5b65210e8f03fd8f46fe,shipped,2018-07-21 20:00:37,2018-07-21 20:15:23,2018-07-23 07:53:00,,2018-07-31 00:00:00
1a46a59c4c13f2c52e453f8f490b7840,96b4bb6bce80210c56debbb88e44f8df,delivered,2018-07-31 13:27:22,2018-08-02 05:30:48,2018-08-06 14:49:00,2018-08-09 20:09:43,2018-08-09 00:00:00
4b14a51e5df694c654b9b82731f92a55,17e1aefbee8554b27f76fd3accc19e0d,delivered,2018-02-10 20:45:36,2018-02-10 20:55:47,2018-02-14 11:31:59,2018-02-22 22:27:11,2018-03-08 00:00:00
b602e9018426fcb5d4f616503de8057d,a587d66222fac536d25336045d7a4991,delivered,2017-08-21 10:44:46,2017-08-23 14:35:57,2017-08-24 19:05:12,2017-08-28 20:05:11,2017-09-11 00:00:00
19e33f0786885dcf62a875bf5fc1b3f3,64428c52652832ca97eda36bceffe1ef,delivered,2018-01-09 11:46:32,2018-01-09 11:57:24,2018-01-12 21:52:56,2018-01-15 19:43:14,2018-01-26 00:00:00
6b99ff92735c747557e84a5f5cd7a560,200bd4a027e1cfd139a0145bae69373d,delivered,2018-02-21 21:33:47,2018-02-21 21:55:29,2018-02-27 01:07:42,2018-04-09 20:04:34,2018-03-16 00:00:00
7c8b338f397fb38ef8936b1dc65f5bc0,23fddcaf369c3c044927cb9cef494bf1,delivered,2017-04-26 15:30:59,2017-04-26 15:42:30,2017-04-27 08:06:28,2017-05-08 12:30:01,2017-05-19 00:00:00
c870ef6a8e1d8eec841d79b42a6a20e4,5e2eb678bf7712ade6ed644acfd44f5e,delivered,2017-01-19 20:45:08,2017-01-21 03:10:43,2017-01-25 09:24:26,2017-01-30 19:47:59,2017-02-17 00:00:00
a0c1b0545665f839199e53177bc639f7,866945c325644a98b1356b2b50663c05,unavailable,2017-11-23 23:03:25,2017-11-24 00:09:29,,,2017-12-15 00:00:00
9b67fd3ee844d811949db406b78a4576,8340cea46fa8081f3ec1b9758caf0207,delivered,2017-07-11 19:00:04,2017-07-13 03:03:54,2017-07-18 14:18:09,2017-07-25 18:38:01,2017-07-31 00:00:00
b3fc7c7b9879880f51caa2db7de52834,d145e98eca6da1f9fcd85fe10c17eb13,delivered,2018-02-23 20:48:22,2018-02-23 21:08:13,2018-02-27 02:27:02,2018-04-25 22:15:36,2018-03-20 00:00:00
2614277cdd7148ffedbc0bc25278eac3,efbaae3495b126fbeeb4fedb5036fc2e,delivered,2018-05-18 13:35:18,2018-05-19 03:38:35,2018-05-21 15:51:00,2018-05-24 17:27:21,2018-06-07 00:00:00
0db67754b16d1c810f66a42f0f726359,f2c27ef5248a5235d79ed601b5840a50,delivered,2018-04-16 12:08:16,2018-04-16 13:11:25,2018-04-17 19:33:47,2018-05-02 20:32:03,2018-05-15 00:00:00
3fa0c4cad42dc3eee9fa4be7726f1bd7,c327466368ecf8aa5e1634da484aed5a,delivered,2017-11-24 23:00:47,2017-11-25 02:12:52,2017-11-28 17:17:00,2017-12-21 17:28:30,2017-12-27 00:00:00
7c32a0c8814b54f798f9359f20699633,0f7efdb333a017bc95a8e3c0a930a432,delivered,2018-07-14 14:47:19,2018-07-14 15:04:07,2018-07-17 16:25:00,2018-07-25 18:20:27,2018-08-09 00:00:00
51c064ec2d79d398b30db3f8e1de8ec8,91da5278c565f5d5d22b3724ec4839fd,delivered,2017-05-04 19:16:04,2017-05-05 02:25:24,2017-05-05 13:30:49,2017-05-10 09:17:54,2017-05-29 00:00:00
8c0ba0ee5bf1417ede40de0a3621f727,54ad906d580b519997fe18d8420acdd1,unavailable,2017-09-29 13:23:03,2017-09-29 13:35:21,,,2017-10-17 00:00:00
706f426a3e276fbc171e2d3aafbf2e1a,dc745d5f5de1082bd0aebd9d8aec53d8,delivered,2018-05-01 01:28:38,2018-05-01 03:53:59,2018-05-02 13:43:00,2018-05-07 21:58:22,2018-05-22 00:00:00
cd9b65ef397b95d0e1fa108caad89718,8826954c712aaf1b27d2212dfc9da1be,delivered,2018-02-14 11:08:25,2018-02-14 11:27:49,2018-02-19 18:22:40,2018-03-21 21:21:42,2018-03-08 00:00:00
322ab6e86e8e7fe738d8dc82ae1afb10,7ee2727255fb492c3bc059cfe72e01ed,delivered,2017-09-12 08:34:10,2017-09-13 03:44:56,2017-09-14 16:36:02,2017-09-19 18:03:49,2017-10-05 00:00:00
60cff1372b45d7f481adbab11476d143,8534d27412cfed8400cc328d24b76414,delivered,2017-12-06 15:26:56,2017-12-06 15:38:32,2017-12-08 23:48:24,2017-12-11 17:13:12,2017-12-22 00:00:00
bc54c3719175670ad9effca0e152ec38,74924863e8bb5386de754630ab017245,delivered,2018-01-31 14:27:27,2018-01-31 14:35:38,2018-02-06 18:38:48,2018-02-19 22:05:57,2018-03-01 00:00:00
610a60d9a69cdfd91aa5dd5a26d4ce95,9b50d244594b92d3fb3212e1fe203fb0,delivered,2017-02-02 17:05:27,2017-02-02 17:21:25,2017-02-03 17:51:39,2017-02-17 10:41:45,2017-03-13 00:00:00
2942de5b4c34fa90c38954a9e86f7fcd,7e0be6f31e2e49712e01d3ce5a29385c,delivered,2018-03-04 21:47:10,2018-03-04 22:28:39,2018-03-06 18:33:07,2018-03-09 22:28:44,2018-03-16 00:00:00
90b77bb520781c0fe42b426d4b9489c2,829fa1fd3a81b498646b1fdb4b98de4f,delivered,2018-05-20 16:00:38,2018-05-22 08:56:27,2018-05-25 05:44:00,2018-06-07 23:24:31,2018-06-11 00:00:00
6fe2b9f9ac8f2962d9278c7ab24d08c9,91f579c3e52918f49ae6b6dc561b3c5a,delivered,2017-03-03 13:14:46,2017-03-03 13:25:15,2017-03-06 06:47:12,2017-03-16 08:06:28,2017-04-10 00:00:00
60f6e33dc906f7b5b4f5096f979ab9f6,194210b93d80c9ed81d077596cbd8ffb,delivered,2018-05-09 08:06:14,2018-05-09 08:30:57,2018-05-09 11:00:00,2018-05-15 18:39:28,2018-05-28 00:00:00
61e9a85f2e6a0706d34fc63145418160,06d794c6d5ca7136fd073d1c0b7fe2fa,delivered,2018-04-25 16:07:43,2018-04-25 17:12:00,2018-04-27 21:04:00,2018-05-02 16:08:49,2018-05-09 00:00:00
7c9b23cecbb5797db15c8a34ef95616d,2d166c1a9716cb46b3c4f7362681709e,delivered,2017-12-04 00:06:23,2017-12-05 04:11:58,2017-12-12 21:57:07,2017-12-29 21:27:04,2018-01-10 00:00:00
2a45f09e63c6b3aadad03e534d9c5a1e,8b8d2b8db2dd30be0125ec43a76aeab1,delivered,2018-07-07 18:03:15,2018-07-07 18:15:10,2018-07-10 15:06:00,2018-07-11 14:51:02,2018-07-20 00:00:00
51e8b1751420d0520256aee3f5c81b9e,d7ffeb324db6174f478b9e3a95fc1007,delivered,2018-02-05 15:13:31,2018-02-05 15:30:05,2018-02-05 23:52:50,2018-02-21 02:37:40,2018-03-07 00:00:00
4e574601fa03ae371593a005d9cc7a32,415130aa0b0c6ea42bd6aa2fc43b503a,delivered,2018-02-28 16:07:02,2018-03-03 03:20:25,2018-03-06 18:49:06,2018-03-22 16:22:59,2018-04-02 00:00:00
d57a8498a051a1204ba403a8879e33b5,043d2b13ed6c916990adc99db8cc4e42,delivered,2017-09-19 00:03:56,2017-09-20 02:35:17,2017-09-20 16:07:41,2017-10-02 14:25:24,2017-10-05 00:00:00
0754d33c0d259d6851e811948048324a,5860b5d39dc0369205b146cbd32b50b6,delivered,2018-08-15 17:15:46,2018-08-15 17:25:21,2018-08-16 14:11:00,2018-08-17 21:47:48,2018-08-24 00:00:00
8e0aba4e9cd80e71b2cec14e22df868b,5a23a92261328e087c062a7c265b7862,delivered,2017-11-15 12:08:23,2017-11-15 12:26:27,2017-11-24 16:49:01,2017-12-05 20:23:37,2017-12-15 00:00:00
d1872a759d4c1e5437aa708d64ff592c,e4c5593923a15e857d120fab87609318,delivered,2017-08-02 21:20:58,2017-08-02 21:35:15,2017-08-18 19:44:58,2017-08-30 14:30:04,2017-08-22 00:00:00
22a2517a6ad37a1c94d5b7a646e3f168,8309fb4280b0ad191be5bef656794028,delivered,2018-03-20 14:13:19,2018-03-20 14:30:40,2018-03-21 19:23:36,2018-03-27 20:28:37,2018-04-12 00:00:00
23d0ca011ea2e7273f99c4875a80854f,3484006d8f49a3517029356d1d1cd215,delivered,2017-12-11 10:44:50,2017-12-11 10:53:25,2017-12-11 18:48:29,2017-12-20 20:07:28,2018-01-11 00:00:00
91bd30c2bb59d00a3f3710013e7c4365,e7200954367548f9dcd21e4bed6184d9,delivered,2018-08-20 17:01:54,2018-08-20 17:10:54,2018-08-21 10:29:00,2018-08-27 20:36:22,2018-08-30 00:00:00
69fe44146033a055ffc2ac0b670c4b11,478cd213f97a49b3e7d441c3b37014ed,delivered,2018-07-26 16:08:45,2018-07-26 16:50:13,2018-07-27 14:00:00,2018-07-31 16:36:52,2018-08-08 00:00:00
7ab8357ecb12f6b03ee66996c0250c6d,180eae39552bf810179a896b88693f79,delivered,2018-08-03 08:37:38,2018-08-03 08:50:20,2018-08-08 15:01:00,2018-08-13 19:21:08,2018-08-22 00:00:00
2c4b5d8af3d0c95e934891481c0a87fb,6b749659e420100652965c9690c82e91,delivered,2018-01-16 01:05:58,2018-01-17 00:57:19,2018-01-17 16:22:49,2018-02-20 22:55:04,2018-02-23 00:00:00
71c71007c0e6e119fd24da2a057a4cdc,9790a478a1806bc28829cc6767407bc9,delivered,2017-03-10 14:45:51,2017-03-10 14:45:51,2017-03-14 14:03:19,2017-03-21 08:17:43,2017-04-04 00:00:00
86bf271e1a69a73159db69b6b820d8e2,4591c167fa180b735541d04dadb15f93,delivered,2018-01-30 19:10:44,2018-01-30 19:29:04,2018-02-20 05:51:40,2018-03-07 21:56:46,2018-02-26 00:00:00
20512b4674a770930ecdcd3634e64cbe,1b96951f204d883b17e4d9cc323dc10a,delivered,2018-07-24 10:05:08,2018-07-26 05:35:10,2018-07-26 14:27:00,2018-08-10 18:18:29,2018-08-02 00:00:00
6c1973ec6c76306fce68764a46d33002,1197d0abae67f94b4ba55fd9eb382ab0,delivered,2018-06-01 15:06:18,2018-06-02 03:35:14,2018-06-04 14:33:00,2018-06-07 14:59:02,2018-07-12 00:00:00
a8eed0db5f225dedde3f0edcdf9ee3ed,eca7a7a7605b71a0a39b8aa40deaaefc,delivered,2017-09-30 07:44:48,2017-10-03 03:49:25,2017-10-06 20:33:42,2017-10-10 21:05:54,2017-10-18 00:00:00
5d8955bd4f20188cffeee997c68e0244,b29cd4b6b9a32a9071f8ef282588b18b,delivered,2017-11-25 06:48:16,2017-11-25 06:56:23,2017-12-06 16:49:28,2017-12-19 17:22:25,2017-12-18 00:00:00
27c40c2ef2f757ec0f8253c65e5b9abc,5ac62b164a59f52234b173613df39b5f,delivered,2017-12-05 14:14:49,2017-12-05 15:03:53,2017-12-07 00:13:50,2017-12-12 17:56:40,2018-01-09 00:00:00
6c7378154382f7378b82fa860f68c758,72edfa680cf8f4b104e145cbb2b0ec12,delivered,2017-11-27 20:50:39,2017-11-27 21:01:30,2017-11-30 01:18:42,2017-12-27 21:26:45,2017-12-18 00:00:00
943625151a5d8d00da80e96a90930e03,2953e41dea84f8fe69dc569138b6002f,canceled,2018-02-17 09:59:29,2018-02-17 10:10:26,2018-02-20 16:48:58,,2018-03-06 00:00:00
69a7665b6b95793900de223109addd68,0dbb87834555d5e0e2dabd0dfbd70246,delivered,2017-12-14 11:32:05,2017-12-14 11:59:27,2017-12-15 17:25:19,2017-12-29 20:43:35,2018-01-09 00:00:00
118490e73f5c7791e37c2f75d0338da5,440adaedab382e4434a33defa0fab268,delivered,2018-03-24 11:23:25,2018-03-24 11:35:38,2018-03-26 19:41:32,2018-03-27 22:54:26,2018-04-20 00:00:00
cbe59472268ccc3ada89c57c85b2c41d,7f87c533e44207528706ee80fe6fa0d5,delivered,2018-01-11 03:11:16,2018-01-11 08:48:43,2018-01-21 17:18:54,2018-02-03 02:56:29,2018-02-19 00:00:00
ba5c577357e3f0b4d142808039a7ada5,535aa52bc710cbd5df5872d2a3898efd,delivered,2018-08-11 15:18:51,2018-08-11 15:30:15,2018-08-17 08:40:00,2018-08-23 18:09:45,2018-08-24 00:00:00
e7541d63acc69eb0bffae073a401b6ea,36e4785e6af078e76b3bb38251b2b820,delivered,2018-06-07 12:04:29,2018-06-07 12:19:20,2018-06-07 15:16:00,2018-06-08 22:08:38,2018-06-25 00:00:00
0da06a931a4d76045f42c40211501383,7773ea1eca2e879eae21ac7d62ca7054,delivered,2017-11-16 12:35:19,2017-11-17 03:55:41,2017-11-21 10:15:37,2017-12-04 21:08:01,2017-12-05 00:00:00
788991fbee9d367d8b625d471c2d252f,3801c293e240318c5ad66216d15ffc58,delivered,2018-05-28 12:36:33,2018-05-29 03:31:16,2018-06-01 13:24:00,2018-06-15 09:34:30,2018-07-05 00:00:00
8a608b535d6218591ef223603060f3dc,66726c14972bab4af7b2b1a3b0cbfce9,delivered,2017-04-21 16:27:11,2017-04-25 08:15:07,2017-04-25 11:08:54,2017-05-02 14:22:59,2017-05-15 00:00:00
8e149b3d8483d3f623d3e6e0c9f824b6,c8cf892530797a54796ba8acf1209885,delivered,2017-10-13 19:43:26,2017-10-14 15:27:34,2017-10-16 21:36:23,2017-10-23 18:14:13,2017-11-03 00:00:00
24914fccbca3abf70528903ab2af4bf8,03071a983e944c48990031952443e211,delivered,2018-06-20 18:08:56,2018-06-20 18:39:02,2018-06-22 14:57:00,2018-06-29 17:02:58,2018-07-30 00:00:00
91735aed391322fa8924dbce615566b8,333fabf7199b33b48f411eea84ebd4b7,delivered,2017-02-05 22:13:20,2017-02-05 22:25:10,2017-02-08 11:05:27,2017-02-13 13:37:59,2017-03-20 00:00:00
f4cae1cef6439e6a8f3cdd16dff3d6a9,5582a1c42a6723f0fdbb6dccb54693ae,delivered,2017-04-27 10:54:51,2017-04-28 11:45:03,2017-04-28 15:32:19,2017-05-09 11:23:16,2017-05-29 00:00:00
6349ff9baef7d65886a841af28cf65e0,9994ee45bae579cf7fed6db8c45e0eff,delivered,2017-11-10 10:31:22,2017-11-10 10:46:54,2017-11-11 12:24:57,2017-11-16 15:41:36,2017-11-24 00:00:00
30eb73d30073a32e71dd71315e9660c9,cb96e80748675729d4d3857321cacb26,delivered,2017-12-09 02:25:26,2017-12-09 02:49:57,2017-12-14 19:33:15,2017-12-28 21:17:24,2018-01-11 00:00:00
873950bfe2dcc227baea5f82f8f2a438,b17c7301c206c221fb2ee6552862dd32,delivered,2017-11-11 12:36:42,2017-11-11 12:50:46,2017-11-13 17:55:05,2017-11-15 12:54:40,2017-11-27 00:00:00
1b3550f21eaa62e5626ebc18a3def944,d111e1e579cee0e145c32502540387af,delivered,2017-10-06 17:00:22,2017-10-10 03:28:14,2017-10-10 14:17:02,2017-10-31 17:33:11,2017-10-31 00:00:00
f1d050fd7d6e547eb0ac3bb1f776ffd4,de8c2741de6d730a8cfedb72a57c4d12,delivered,2018-07-31 11:30:56,2018-08-01 03:31:47,2018-08-06 12:15:00,2018-08-07 19:16:36,2018-08-06 00:00:00
966d900084ff48f38516ba0a9bd50cfe,42b41007d8b9166d15d2b8898e23e52d,delivered,2017-12-04 09:15:59,2017-12-05 10:30:56,2017-12-04 23:28:03,2017-12-15 00:53:24,2017-12-29 00:00:00
c6f9707802d8df093005d7b1e9e8f9ec,0e59f0cd0c6c20fd1420f27021796dfb,delivered,2018-04-10 00:09:42,2018-04-10 00:49:49,2018-04-10 20:21:28,2018-04-26 19:21:58,2018-05-11 00:00:00
017b84f6bee0e4287eb8a8c9f5df549e,931f171166895ae304d6e982ee54d197,delivered,2018-02-14 00:50:56,2018-02-14 01:07:40,2018-02-15 00:17:00,2018-03-07 00:12:50,2018-03-16 00:00:00
c94edffab2f10ec24645c62b40881e88,83e4193ef8adca21142f06ba078bf556,delivered,2018-08-25 14:05:07,2018-08-26 13:55:19,2018-08-27 14:36:00,2018-08-29 11:44:40,2018-09-11 00:00:00
c17ecfaa63fd9b920c822d5361a8dbb0,ba554ae31dd9a8ef1ce70911f861e40d,delivered,2018-07-26 10:26:23,2018-07-27 02:15:29,2018-07-27 14:49:00,2018-08-06 12:19:05,2018-08-17 00:00:00
e026debf36c73c4786cc6224498b58e9,e8fdbc8f55b8ff467615e6a68c9c2721,delivered,2018-05-08 23:57:25,2018-05-09 00:14:59,2018-05-10 14:47:00,2018-05-11 18:48:31,2018-05-22 00:00:00
a735bad6e096fa8051a92301a1543c6c,668e1c0569ea85ae6f6c2b46cc30fc8c,delivered,2018-08-22 18:36:40,2018-08-22 18:50:22,2018-08-24 14:17:00,2018-08-28 15:38:34,2018-08-30 00:00:00
19b6861ce084842fb4ec0cafc59deebe,78a11bb1fa72f556996b9a5b9bcd0629,delivered,2018-05-15 13:01:12,2018-05-15 13:30:44,2018-05-15 19:03:00,2018-05-18 16:44:32,2018-06-12 00:00:00
722e7452a1ac677a58f6ad6ed2a94420,e6562b43e71911e95374c2eea157c11e,delivered,2017-11-24 14:46:52,2017-11-26 15:54:37,2017-12-05 02:53:20,2017-12-14 00:57:41,2017-12-15 00:00:00
89b77a270c5efd38d612633fc759b752,8759f0e1690709a4a2cef84fa08aee63,delivered,2018-02-24 21:17:11,2018-02-24 21:28:24,2018-02-27 04:23:28,2018-03-13 19:02:59,2018-03-26 00:00:00
21803e14b4e860720b86788c8234ecd0,63da9210d7c5c8a472ad552135e0df2c,delivered,2018-05-08 05:11:02,2018-05-08 05:33:33,2018-05-08 15:32:00,2018-05-16 21:03:44,2018-05-28 00:00:00
adc51b6b60ec7fe71a757fdf57f0e3b2,fb7681ad22514aecc8cc75fd507b63da,delivered,2017-12-04 22:02:12,2017-12-05 10:30:40,2017-12-05 18:32:04,2017-12-29 18:13:33,2017-12-29 00:00:00
107de3a1a918ea939b7c03c588ad1e49,893e652824e5ecc31426614072578a0a,delivered,2018-01-20 00:27:17,2018-01-20 00:36:13,2018-01-20 17:28:50,2018-02-03 02:35:14,2018-03-05 00:00:00
c360d21b65fddc4ac8f8d4dabf8c946d,138e80e19b6bc2bf940a17b938a67295,delivered,2017-09-04 14:51:24,2017-09-04 15:10:11,2017-09-08 13:18:12,2017-09-19 19:33:36,2017-09-26 00:00:00
19431fe913eb8d2bd34af4f9bbec2d44,990b35fb87a1a6c60a1c676cbde1b901,delivered,2018-04-15 10:38:11,2018-04-15 10:51:24,2018-04-18 20:04:11,2018-04-24 19:41:41,2018-05-11 00:00:00
1429ead4eddb0eb9b28d692f0fbb7692,a44e13323a17ba1f64ba96c196bf845f,delivered,2018-04-06 11:37:12,2018-04-06 11:50:15,2018-04-10 20:08:39,2018-04-17 17:09:41,2018-04-27 00:00:00
e1e8e3bca903de27e9a1c72b5a5795e0,3ec8c253718f538974f4d7f65ccb2a1e,shipped,2017-04-16 06:31:08,2017-04-16 06:41:44,2017-04-17 08:27:46,,2017-05-11 00:00:00
1166ac5af4262300b61e079c496223c6,0d8cb40fe23920b0a6078753a31bb617,delivered,2018-08-14 20:44:23,2018-08-14 20:55:23,2018-08-15 12:22:00,2018-08-22 18:32:24,2018-08-31 00:00:00
14b8b8e32ed52dcf82a3e04d1881425d,a7f1430b91bc7526030c0cbd89af179e,delivered,2017-09-02 17:06:10,2017-09-02 17:24:30,2017-09-04 19:43:44,2017-09-11 16:57:55,2017-09-22 00:00:00
eb8f06a1cad454e1dd8dbb24de86a779,bab922f5ad51ce37bf37a4830268b5e7,delivered,2018-06-06 13:17:17,2018-06-06 13:32:59,2018-06-07 12:42:00,2018-06-08 19:28:48,2018-07-03 00:00:00
6a9521bbff3e1aebe4afb832cc7a23ba,a16703cdbada7b47755ce962a48bf6e3,delivered,2017-11-12 18:41:38,2017-11-12 18:50:38,2017-11-14 19:17:13,2017-12-01 13:58:36,2017-12-20 00:00:00
36a423301e22ec2c1911afa7e7c7c48c,ab0b16738479aa307cae8a80ed13fddd,delivered,2018-04-02 22:33:23,2018-04-02 22:48:17,2018-04-04 23:38:50,2018-04-06 00:27:28,2018-04-18 00:00:00
b203645fd73939945cecc062dcb496da,c065db66ef891186296d224da746f89a,delivered,2017-08-06 12:59:32,2017-08-06 13:15:10,2017-08-08 19:04:49,2017-08-18 21:13:12,2017-08-29 00:00:00
9f7b07e872a431807e81c38d6328502a,d8fb8c9aa1bcbcbb0b883be6c45f2ea1,delivered,2018-06-10 09:02:12,2018-06-12 07:37:09,2018-06-12 14:23:00,2018-06-18 13:48:23,2018-07-12 00:00:00
52b9aacc52af6fe2fa59c2f86e84a735,44b26067709f0e4966a16aa621ad73eb,delivered,2018-03-09 10:24:31,2018-03-09 11:00:23,2018-03-13 02:04:52,2018-04-12 20:06:39,2018-04-20 00:00:00
b853d0fe429d120944fac713bb879e9e,40c17557e54ccd8ccb7f592a2c1ce94f,delivered,2017-11-28 15:53:33,2017-11-28 16:17:38,2017-11-29 16:17:45,2017-12-02 16:05:11,2017-12-18 00:00:00
12212c72d1bc207ff5bb823d711dbe88,7b9ceeead56783d37ce8c18f1671dbda,delivered,2018-08-01 20:25:41,2018-08-01 20:44:02,2018-08-03 16:29:00,2018-08-10 17:41:55,2018-08-22 00:00:00
5c16fa790786ce85165190a91ebc6f85,9fa640b461197bf923b328f63ae4ac2b,delivered,2018-07-27 22:11:55,2018-07-27 22:25:07,2018-07-31 14:36:00,2018-08-08 17:28:44,2018-08-20 00:00:00
ad6b96778fa5ce98470d51c8159a36dc,e797451a7e6ac3ef0dc569b73e144aa0,delivered,2017-12-13 21:35:36,2017-12-13 21:49:01,2017-12-15 00:33:58,2017-12-18 20:13:47,2018-01-02 00:00:00
7312e901d22a5fa199104da9e0996c2d,a630b62b4be91e3f264e1da67f6ab181,delivered,2018-08-16 17:34:56,2018-08-16 17:49:21,2018-08-17 14:00:00,2018-08-22 23:47:25,2018-08-29 00:00:00
92c3a5b09e48e84587b55b833b901d81,1ec2b1b57e7e5a1b3819a846681dda5f,delivered,2017-06-19 10:08:07,2017-06-20 10:35:31,2017-06-22 15:47:49,2017-06-28 11:14:34,2017-07-13 00:00:00
4eeb7a26bd818dca75553383c9ef857c,77fed8a2652547ec05c05ad68f5f9efa,delivered,2018-01-23 21:07:18,2018-01-23 21:20:26,2018-01-24 20:24:26,2018-02-02 14:52:05,2018-02-15 00:00:00
456ed1919e7baeb18f95d9c1ab8d2cca,125a2560ed26caa1aaa75eebd3f97be1,delivered,2018-04-01 10:01:52,2018-04-03 05:50:29,2018-04-05 22:49:31,2018-04-10 21:37:40,2018-04-18 00:00:00
a5d9e405f08a2c4aa2e63301277b6761,300a497e422e43c63a4843dc07d23a69,delivered,2018-03-30 08:51:47,2018-04-03 05:10:23,2018-04-05 13:11:05,2018-04-12 13:52:54,2018-04-25 00:00:00
cde556d2719b7e857f50e3f235f0460a,0eed3ff172c60ed10c2c4eb3a08e29c4,delivered,2017-04-07 21:11:02,2017-04-07 21:25:13,2017-04-10 15:56:25,2017-04-27 06:06:42,2017-05-16 00:00:00
ba874dd7cf834e16c5bbf9c2c1b4eee7,2c68daca346558266eee9bf9539b7f24,delivered,2018-02-21 10:40:03,2018-02-21 12:27:50,2018-02-22 23:18:52,2018-03-12 20:48:25,2018-03-15 00:00:00
ace2f5e557f007a558a5ac18666e2a48,01fbee52c3fc5a8c9df089a6b48ec60e,delivered,2017-05-18 09:42:56,2017-05-18 09:55:18,2017-05-18 16:17:17,2017-05-26 10:03:38,2017-06-13 00:00:00
167817eea845fe951cd38865b1494af5,403e3939144e4e8f0d0bece178186f2a,delivered,2017-06-13 16:45:26,2017-06-13 16:55:31,2017-06-19 15:44:54,2017-06-28 17:03:12,2017-07-04 00:00:00
9eac9f926b73a4aa5eb116a1ad3222e1,f52a8bf8dadbcf2ee789f899595e2984,delivered,2018-01-09 14:18:50,2018-01-09 14:29:49,2018-01-11 01:09:55,2018-01-11 14:10:12,2018-01-23 00:00:00
e10b891b11ee700f47f7ce3284a25a17,a75d53fb0b1b6c0527f1b6c869f3e207,delivered,2018-06-13 18:55:43,2018-06-13 19:22:03,2018-06-14 14:39:00,2018-06-20 18:06:33,2018-07-04 00:00:00
b5b79bbbc8693953906951dad6a55f07,9c26028ea7bbef31e19e4569b2fc95c2,delivered,2018-07-03 12:56:35,2018-07-05 16:31:11,2018-07-05 15:37:00,2018-07-09 23:04:42,2018-08-01 00:00:00
e6fbfeadc1ab2b90921179e56bbc6e3d,3b0bdac23bbb55e39e39ba7299887cff,delivered,2018-06-19 10:25:58,2018-06-19 10:55:51,2018-06-19 15:35:00,2018-06-20 21:52:23,2018-06-29 00:00:00
a74cc8a52f06a253c4da2c17bad5795b,4bcc37ebec377d9568249fe87c94f00f,delivered,2017-02-13 23:26:51,2017-02-13 23:35:17,2017-02-22 09:35:04,2017-02-24 16:42:44,2017-03-16 00:00:00
b143da68f7399622e44dc8229e039413,19ca9a4d1dbb45addf4a02aca0c513ea,delivered,2018-02-13 21:30:54,2018-02-13 21:47:44,2018-02-14 23:55:07,2018-02-22 20:36:13,2018-03-07 00:00:00
d7aea8cc5c6d288a60d3cc1d0026bfcf,8083cba74c5a628eb084c96410daecca,delivered,2018-02-13 17:38:57,2018-02-13 17:55:31,2018-02-14 23:04:56,2018-02-26 19:44:57,2018-03-14 00:00:00
bd599758fe3b11d9164b0d6038ae9826,fb6c50436f75e967df02f4f9ffe4475e,delivered,2018-01-31 06:07:54,2018-01-31 13:42:57,2018-02-02 01:40:56,2018-02-14 15:48:44,2018-02-23 00:00:00
4aa353cc7496d36dad27d939dfdfe59e,2a8da2a879305eff063b850d75415039,invoiced,2018-03-26 00:13:51,2018-03-26 00:30:29,,,2018-04-06 00:00:00
43f65aac05e035a88e4479f89cf12ea5,5faa4eb65bc3e5199c572550c81bc7bd,delivered,2018-07-25 17:40:45,2018-07-27 02:15:21,2018-07-27 13:20:00,2018-08-01 23:41:55,2018-08-09 00:00:00
4bbdafbc757c7f5a88e6fea3d982fe90,ed105972a723ac27381b28a30286e859,delivered,2018-08-09 16:16:21,2018-08-09 17:25:23,2018-08-10 14:19:00,2018-08-15 13:34:50,2018-08-23 00:00:00
45522a6bce54dc165a36fb047fbdc12f,a2f1815ddf1ff479e2b3698ac4644b7d,delivered,2017-09-20 17:45:16,2017-09-20 18:05:55,2017-09-21 18:16:06,2017-09-25 20:32:33,2017-10-17 00:00:00
7c7730a9be0a2cd5d43285e6e53476d8,a7daba5883cf6ca3236db2b589f66391,delivered,2018-08-05 14:01:35,2018-08-05 14:15:13,2018-08-07 12:33:00,2018-08-10 18:21:29,2018-08-20 00:00:00
03c83b31dbc387f83f1b5579b53182fb,6d70d16ff8b3a0131e209b2bba542930,delivered,2018-01-06 16:00:58,2018-01-09 07:26:47,2018-01-09 23:38:51,2018-01-17 20:04:47,2018-02-06 00:00:00
c7a54ce7b7ea4ea4ef38fbcfd8dc7ddc,68fab7c6b16182d860c5e6fa35866350,delivered,2017-07-01 15:09:54,2017-07-01 15:23:58,2017-07-03 14:55:31,2017-07-05 14:58:02,2017-07-14 00:00:00
9680ba40609bc32c996a447ba7564621,f687f0de29ec2bd67dc6505ff1fccaf7,delivered,2017-05-15 08:50:44,2017-05-16 03:42:25,2017-05-16 13:07:54,2017-05-22 07:17:46,2017-06-02 00:00:00
89ee90f89627e3f3d3fa700921a80197,c05cc5e49aaa8b52db646846fcbe6f99,delivered,2018-06-01 18:55:34,2018-06-01 19:12:59,2018-06-06 12:43:00,2018-06-18 15:42:00,2018-07-17 00:00:00
ed71f1a64302049b72e47ba345998b43,89898d84e6fc0dc4334bfa801e4d94ae,delivered,2018-05-17 17:57:47,2018-05-18 03:16:21,2018-05-18 13:23:00,2018-05-22 21:28:24,2018-06-05 00:00:00
c9b2447b34e74d4e83900fb91dec3e56,688a891aab93b8694da514be412d8195,delivered,2017-03-22 17:10:13,2017-03-23 13:10:43,2017-03-27 13:17:20,2017-03-31 15:05:19,2017-04-10 00:00:00
055eb7e5645d86bd278fc4f419622e8d,556960436775082c323282512ab48129,delivered,2017-01-26 13:14:02,2017-01-26 13:25:13,2017-01-26 15:02:28,2017-02-02 13:47:53,2017-03-02 00:00:00
989cebf7c9ca6ad7ceb7afe72d6e823a,fdbc3573fba732fb20957598f0aef304,delivered,2017-12-12 08:32:25,2017-12-13 02:36:37,2017-12-13 20:20:11,2017-12-20 18:37:24,2018-01-05 00:00:00
3b1b1d0a19960310b9e033909f63f662,a6f2c1401d1b5fefa1dc617f02cb4a90,delivered,2018-06-11 19:56:03,2018-06-12 04:57:24,2018-06-13 14:31:00,2018-06-28 20:09:42,2018-06-20 00:00:00
7faf8b9448b66f4a3ac98a312b3e7609,c0cc59cb5d494116de580acf7e6c46ac,delivered,2018-05-08 17:18:14,2018-05-08 17:35:18,2018-05-09 11:54:00,2018-05-15 17:05:57,2018-06-05 00:00:00
e7e4ea34d176d9efab560f0db16925fb,03c19066495ef91f92b31005d5c4cccc,unavailable,2017-11-30 06:57:07,2017-11-30 07:16:58,,,2017-12-18 00:00:00
d878a5313be350f1299ab46a1bed9254,1f5f2aee7b1bf7d63c11209b1b8aa8ad,delivered,2017-11-02 11:32:57,2017-11-02 11:50:28,2017-11-04 12:53:44,2017-11-13 21:32:58,2017-11-28 00:00:00
d0b9352507407461f1092bd2fafa7df1,8669084c7710ae61d2516867a50453ca,delivered,2017-07-03 20:35:04,2017-07-03 20:50:15,2017-07-05 16:07:14,2017-07-10 17:28:02,2017-07-21 00:00:00
4b61e59f2e1c4db048b4e39cd0dbf2e3,5853ca5df334f659f8219d69549c2b03,delivered,2017-04-02 16:55:52,2017-04-03 16:50:12,2017-04-12 10:43:11,2017-04-20 11:33:03,2017-04-28 00:00:00
95eb75ec817b7c9813cb7c12c8f51651,0d5647ec14f0c80084521dbb4a1e5002,delivered,2018-04-10 18:08:46,2018-04-10 18:30:05,2018-04-11 22:58:39,2018-05-03 21:07:31,2018-05-09 00:00:00
d8094f20356ae7f08b20de937ea31041,dd785c11787bd6e8afdabcbe3669d446,delivered,2018-02-23 13:21:11,2018-02-23 13:35:44,2018-02-28 12:49:52,2018-03-02 15:18:50,2018-03-09 00:00:00
9e9877690e22505a32b6bad98f4b2b84,ef63555196c6667a0312eceedb446e36,delivered,2018-02-23 11:02:29,2018-02-23 11:15:40,2018-02-23 23:58:39,2018-02-26 21:04:47,2018-03-09 00:00:00
a761107c0b36cd3ce220300cfa7028f3,2f7feb441b711a5e45325a48fe830fbf,delivered,2017-06-08 23:36:28,2017-06-08 23:50:15,2017-06-09 17:13:16,2017-06-19 20:04:04,2017-07-04 00:00:00
0d5e83d654308d73e110119ef237b375,222d19075d00a1a10d67f05e0d4f8c52,delivered,2017-11-25 11:12:07,2017-11-25 11:34:16,2017-11-27 23:38:31,2017-12-07 20:58:28,2017-12-15 00:00:00
d7e5a257b9a5df92d5c995c5aa052715,702b544f72905c5e25b73bb12fc5abf0,delivered,2017-11-30 08:59:36,2017-11-30 09:11:25,2017-12-04 19:13:42,2017-12-05 17:38:15,2017-12-18 00:00:00
6c9931ec5709dc11de12410eb483b101,61f5442f8fb04c29cee265dfd79e847d,delivered,2018-02-26 16:53:09,2018-02-26 17:15:38,2018-02-28 20:09:23,2018-03-06 14:12:15,2018-04-03 00:00:00
bad2c5064380acc11819dde0237b47a7,d0b60387af8a3663e436b9852694356d,delivered,2018-06-09 00:18:56,2018-06-09 00:38:07,2018-06-11 14:10:00,2018-06-22 19:18:43,2018-07-03 00:00:00
40c3b608098b72f21af4a0a9006af9d2,f7053eddb66314ab05cf2f344a75d04a,delivered,2018-08-07 17:35:53,2018-08-07 17:45:21,2018-08-08 13:29:00,2018-08-15 04:08:52,2018-08-23 00:00:00
b47e99738e09a5fbc57553b59ad7380c,fba6db23e572d209de35c46a2173a0d1,delivered,2018-07-16 18:00:23,2018-07-17 17:55:23,2018-07-19 14:37:00,2018-07-25 15:04:43,2018-08-01 00:00:00
2dfa3eb9e7a26639147be1d3dd5a26d9,8992c643e878271184337e74f6d8a3f5,delivered,2017-05-08 13:52:57,2017-05-09 09:45:31,2017-05-09 12:23:04,2017-05-19 12:06:15,2017-05-31 00:00:00
25d25cce0abe624c6ab42ad5e9e30820,cee5c1dce0adf15fe53d40081b568e87,delivered,2018-04-23 12:00:01,2018-04-24 19:17:26,2018-04-25 13:48:00,2018-04-27 00:28:31,2018-05-10 00:00:00
c6c2b773220a3f75195832ac098af194,49658117b256d5f59316507693ffefc5,delivered,2017-11-24 08:51:15,2017-11-24 09:50:50,2017-11-28 20:42:14,2017-12-13 21:56:53,2017-12-20 00:00:00
6436250baf46915dc740c392fcfc5c1b,99879d2e61034d3570e235ef4b97eefc,delivered,2018-08-21 09:42:29,2018-08-22 04:04:23,2018-08-22 15:18:00,2018-08-27 20:24:48,2018-09-03 00:00:00
346877875d20544eabe59cabc447179d,d8a0870d1282d378d5fb996108b7e746,delivered,2017-06-11 18:57:04,2017-06-11 19:10:19,2017-06-22 09:22:02,2017-06-26 14:48:01,2017-07-07 00:00:00
30a75160cb7835cf044e45a5ad7abf0a,ff761bcce41a296b30dd9f9cba4c9761,delivered,2018-08-13 00:32:51,2018-08-13 00:45:12,2018-08-13 15:26:00,2018-08-22 23:10:37,2018-08-29 00:00:00
d1f33b61660ded36d0c00f6094a1de7d,22906114cf2407267e7fd374e742df4d,delivered,2017-11-15 11:26:51,2017-11-17 04:10:23,2017-11-24 22:19:13,2017-11-28 21:54:50,2017-12-04 00:00:00
5b9b46528e4b091b07263899854f79f2,0471cc0884591a4029e0c0508511cee4,delivered,2018-07-07 14:28:19,2018-07-10 04:30:08,2018-07-12 08:27:00,2018-07-20 18:51:57,2018-07-25 00:00:00
0ee83875134e649fc7cc3b867c337bee,21de4bff259cbc328939e58e82f6157e,delivered,2018-03-08 23:18:44,2018-03-10 03:35:39,2018-03-13 16:18:53,2018-04-11 20:32:31,2018-04-03 00:00:00
8a80978cd2fc29ccd46166aed7c3be81,012c207234cf4e33fd21cc9bbcb2d1a3,delivered,2018-04-12 14:42:02,2018-04-12 15:30:49,2018-04-14 00:13:27,2018-04-16 21:12:29,2018-04-24 00:00:00
ba0db9f92aa949903a0bc955770e27fc,a5899cb7400d6a3d6a0348d42c86adc6,delivered,2018-05-03 22:47:37,2018-05-03 23:10:54,2018-05-05 08:35:00,2018-06-01 14:52:21,2018-05-29 00:00:00
cff56b4b6ab1de09fcdd6f4efa0a0fc0,1e6e86c36785c218182b1725886d9dda,delivered,2018-02-22 12:40:52,2018-02-22 12:50:29,2018-02-28 01:27:04,2018-03-08 15:47:30,2018-04-19 00:00:00
bf605ab91479a9fb68eadab4406c8064,5d261411439a7a651db830bf3f859e6a,delivered,2018-07-25 13:43:21,2018-07-25 13:55:18,2018-07-26 09:31:00,2018-07-30 21:56:27,2018-08-08 00:00:00
abe2f022d042c0fddb08e982796d37dc,0b9b76c2e963026cc36a78e2df24c913,delivered,2018-01-22 21:00:52,2018-01-24 10:57:17,2018-01-25 21:56:52,2018-02-05 20:03:47,2018-02-26 00:00:00
034fe9142b806fe19c1cbc1c752ab08d,9805ae32c145edf1ad0e8d8ab5e8fd8e,delivered,2018-04-28 14:44:05,2018-04-28 14:55:20,2018-05-02 09:23:00,2018-05-11 23:56:37,2018-05-18 00:00:00
77c43b0d85b0e24c2971c19123249abb,415f71c07906c1b7eb334849f352b5a4,delivered,2017-08-29 09:32:18,2017-08-30 02:10:18,2017-08-30 19:52:37,2017-09-06 22:49:47,2017-09-22 00:00:00
c62b78b3cfa029c72cee31aa8280c9cf,6e0874cf7b20ed54534e66a37417aa52,delivered,2017-11-24 22:37:34,2017-11-25 01:34:05,2017-12-06 17:08:41,2017-12-18 18:27:00,2017-12-18 00:00:00
210c564437a3ed150b4ac174eb4282fa,62c9bb5ecd888b1b131f6043dce494c9,delivered,2017-07-25 21:16:30,2017-07-25 21:25:10,2017-07-27 17:46:01,2017-07-28 16:03:05,2017-08-10 00:00:00
0a2820ea58a627b97ba956f38567cae8,86242b64468c9c6370a38afab37a986a,delivered,2018-08-02 16:28:08,2018-08-03 02:35:21,2018-08-14 12:56:00,2018-08-17 14:21:50,2018-08-22 00:00:00
045339fcba21e00a00a822ca77f55c0c,449da65ae37585389a511977df7c0cbc,delivered,2017-02-23 23:52:51,2017-02-25 02:25:21,2017-03-02 12:58:45,2017-03-03 12:54:54,2017-03-20 00:00:00
2542b194855edd1820173c2f2cf22e9c,22b1e52ebdb7c825e37f73f392a33f95,delivered,2018-06-09 10:20:54,2018-06-12 04:35:56,2018-06-14 06:03:00,2018-06-29 15:44:36,2018-07-18 00:00:00
ca678dfb992f431c958f265bd819a284,e76ce848d5e780ad93ccf51139a92b61,delivered,2017-11-15 14:01:27,2017-11-15 14:15:26,2017-11-16 16:22:15,2017-11-24 21:27:38,2017-12-05 00:00:00
1edc1b84ccb3322ee9f3c206a12c17ce,64442a75bdbdbf3986d94b901539bcf5,delivered,2018-07-20 06:28:21,2018-07-20 06:35:11,2018-07-25 11:59:00,2018-07-26 20:32:56,2018-08-02 00:00:00
626c03cf0cb3efae944d6ac6c75c4a10,17fa8ca4be9ab320869bbb7b3a63dce9,delivered,2018-05-16 14:42:26,2018-05-16 15:18:13,2018-05-17 15:27:00,2018-05-21 22:08:31,2018-06-14 00:00:00
2ac42594eaf273ef34edd063db0ebdac,277fa8f202308757afb3cb05f8dcefe2,delivered,2017-04-05 09:32:45,2017-04-05 09:45:14,2017-04-05 14:14:20,2017-04-12 07:17:39,2017-04-28 00:00:00
a63aa46986e22405b645515c2234cfb6,9e118d261fe9e701b601f89e216b7d18,delivered,2017-05-16 20:42:43,2017-05-16 20:55:18,2017-05-18 14:18:36,2017-05-25 08:39:53,2017-06-16 00:00:00
b924118c3a34d6bc9287362a7dc8fbc6,34438889b551b701f2b8479aefa43c71,delivered,2017-03-17 17:48:30,2017-03-17 17:48:30,2017-03-20 09:41:41,2017-03-23 15:03:56,2017-04-07 00:00:00
62e32bcad390a6d5236b810ab2034edd,8160d3ae86542d2fdab50e4268f6dfe3,delivered,2017-11-14 20:09:30,2017-11-14 20:26:43,2017-11-16 15:32:24,2017-11-27 18:42:02,2017-12-07 00:00:00
c68238de61060d57747e4a429c573902,946c117a09139194a84e03319d70d999,delivered,2017-11-27 15:53:04,2017-11-27 16:10:51,2017-12-05 15:32:09,2017-12-19 20:17:02,2017-12-19 00:00:00
79e339edd187057a60d7cbe59df7526f,6746ee7b44577373241b9a9d933cbea6,delivered,2018-08-14 19:59:07,2018-08-15 19:50:24,2018-08-16 14:08:00,2018-08-23 01:27:43,2018-08-24 00:00:00
34e2ac82143f77aa3935cc47dbfae4d5,e7afad7eee0a8e1b39be113fb5e096d6,delivered,2018-05-17 19:42:44,2018-05-18 01:35:34,2018-05-18 14:08:00,2018-06-01 19:16:23,2018-06-06 00:00:00
9cdcfc512d810430e601a06d02c4548b,d2a307d92e456ada14150c970f469652,delivered,2017-08-23 11:00:34,2017-08-23 11:10:22,2017-08-23 20:56:36,2017-08-24 15:43:58,2017-09-05 00:00:00
3308880e8f58b1d2c21bd5b1bf64aad4,42771edf61eb1cc704e5852fb21078d5,delivered,2018-06-04 23:42:21,2018-06-04 23:50:23,2018-06-07 14:41:00,2018-06-18 18:34:42,2018-07-19 00:00:00
2a3841214d240e56b99cea5d97c48a5a,e8bda9ead400aa0a8f897ad77931f94b,delivered,2018-01-07 13:52:17,2018-01-07 14:07:01,2018-01-09 16:08:08,2018-01-20 03:19:46,2018-02-07 00:00:00
d98de0b93af438f10055817e0f93787c,3aab22a2d4ac62420a0c388cc64a496b,delivered,2018-02-14 16:12:49,2018-02-15 03:51:03,2018-02-16 00:39:01,2018-02-24 00:49:27,2018-03-08 00:00:00
c77105bc2b21c4087653efcc5bf74aaf,dc981efb97ab99cbc501010f754fbddb,delivered,2017-09-10 18:57:05,2017-09-10 19:10:18,2017-09-12 17:47:35,2017-09-25 19:39:41,2017-10-17 00:00:00
4a6f0a7bedd3542b8dc4900bf2a2b2ae,12b24ddf53996d91d74fd610fd1d5da0,delivered,2017-10-29 17:51:22,2017-10-29 18:05:43,2017-10-31 13:12:30,2017-11-06 21:08:46,2017-11-21 00:00:00
95b518c08a9d26012920ffdd7d6dfc1f,8a2b13049075e1680d412c3af9618dee,delivered,2017-11-28 14:06:10,2017-11-28 14:20:07,2017-11-30 01:49:24,2017-12-14 15:48:58,2017-12-18 00:00:00
3a8d1da60e589d438a1517f54f3e5f9e,5396e1bd9b76a93072f7d3317fd11af5,delivered,2018-01-14 12:49:04,2018-01-14 12:57:24,2018-01-18 21:26:22,2018-02-17 00:59:07,2018-02-09 00:00:00
3359d2d84d5a8f9b5f53c65f926c5ec1,d80cf26503d6c62c4f520e54a88f713b,delivered,2018-02-12 18:26:59,2018-02-12 18:35:31,2018-02-17 01:04:09,2018-03-21 12:11:55,2018-03-15 00:00:00
90eb7899e0ba01c27fc128e31e0c872e,8fe12987222716b7f2cacc4bf4b3d367,delivered,2018-08-06 11:54:06,2018-08-06 12:05:14,2018-08-06 14:57:00,2018-08-13 14:51:49,2018-08-14 00:00:00
cfc77d77eddda18d8d9eca3140e2fc6b,29e7c4e7a698937d2b7ebcaaee702c47,delivered,2017-11-25 10:27:31,2017-11-25 10:35:34,2017-11-27 14:53:36,2017-12-19 20:58:57,2017-12-29 00:00:00
80271f9179f6d8df256f964fc2cc1c6a,fdbfa1944122bb284a279fbc1030a143,delivered,2018-06-16 01:10:28,2018-06-17 01:17:13,2018-06-18 14:13:00,2018-07-01 13:27:54,2018-07-20 00:00:00
6d0d1b394c3e9a042ef3fba7cb0968f5,aa9e932c3d1660b8c81518c6255ad08f,delivered,2017-12-15 19:32:53,2017-12-15 19:51:41,2017-12-18 23:59:05,2017-12-23 17:12:41,2018-01-10 00:00:00
3e10dede8b18c0d08dde472a87faeed1,8e01d183e8e9f678a3c2df1b42dfd22c,delivered,2018-06-22 10:42:46,2018-06-22 18:16:01,2018-06-25 14:45:00,2018-06-29 14:21:57,2018-07-19 00:00:00
ce6f7cfee3b870cc82e566f67a88a00f,b789deb8459b49aecafbeefb36fd51c0,delivered,2017-10-16 11:50:55,2017-10-16 12:11:30,2017-10-20 14:42:57,2017-10-31 20:28:50,2017-11-09 00:00:00
e17520d47c20264779c7c12601388aba,9a356286cc68f7fbe87599a35240bf51,delivered,2017-04-14 18:37:14,2017-04-14 18:45:09,2017-04-17 15:10:49,2017-05-02 16:08:57,2017-05-25 00:00:00
50cfface6cf1a49abc9e3aeb6f13d995,e7b1f02127057dc98b5871162ee066fb,delivered,2017-08-21 10:30:19,2017-08-21 11:04:38,2017-08-22 18:33:51,2017-08-29 17:34:14,2017-09-11 00:00:00
02346fd715e28d8e4fdb6893cd121f71,ccd330b2a68b43ccc7456bd7b62e679f,delivered,2017-11-08 21:08:02,2017-11-08 21:26:31,2017-11-09 23:07:47,2017-11-22 20:11:44,2017-11-28 00:00:00
086e718f4bcff72026c18edaf8d572c5,4256db9a88d6440ca48c9d0c4f022195,delivered,2017-09-05 21:50:25,2017-09-05 22:05:16,2017-09-06 21:37:30,2017-09-12 20:27:20,2017-09-26 00:00:00
78d34f6fb322f5b7ad7d165edf5f7b84,5705c08c1d64ad1509507a9b761e8d41,delivered,2018-02-10 23:15:47,2018-02-11 00:15:29,2018-02-28 20:26:36,2018-03-27 17:56:44,2018-03-21 00:00:00
25f606824a2b8532c1d6a6d38f501b02,733ce8edf1b05d580ba4fe944d5fc493,delivered,2018-07-23 17:18:12,2018-07-24 08:31:37,2018-07-24 14:52:00,2018-07-31 01:06:41,2018-08-07 00:00:00
d1fe1d87c3f8a425c2054ac158ab12e1,9aa4913d61cd634857a30749307f4976,delivered,2018-06-01 12:27:56,2018-06-01 12:52:04,2018-06-07 12:57:00,2018-06-14 13:32:49,2018-07-18 00:00:00
d2cb9a0941fffbf27dbeb82cb90bb0c2,a2471a2448788a74d02c97d1fcadf311,delivered,2018-04-19 16:04:10,2018-04-19 16:28:57,2018-04-20 18:07:45,2018-04-23 23:05:46,2018-05-08 00:00:00
dd7e0efbe1cde6192eff0ea57a7b2888,60a0d861a188676b4415c2b9b0c60c94,delivered,2017-08-01 13:29:51,2017-08-01 13:45:19,2017-08-01 21:27:24,2017-08-09 17:33:32,2017-09-11 00:00:00
275c954b14ae960e2f512856c198c8fb,055646e9a1d0e5ee1dbaf2f67d30a5aa,delivered,2017-07-18 09:06:50,2017-07-18 09:23:44,2017-07-18 19:07:28,2017-08-02 18:07:05,2017-08-09 00:00:00
3d1b89c754a150dde1beea6f7577dcd4,f99684a99ddba95d0001baacd090d83a,delivered,2018-03-30 13:45:09,2018-03-30 22:55:18,2018-04-02 19:18:35,2018-05-12 15:48:40,2018-05-04 00:00:00
82e7b31d30a79ed1b15ef4949fbf6358,b06f1a52a5e7b02b1981027d77ff903d,delivered,2018-06-07 17:08:07,2018-06-07 17:37:19,2018-06-08 13:48:00,2018-06-15 21:14:41,2018-07-03 00:00:00
def5b47a9585ea67e7bd9e1a6aea217d,d9c9ef12b7f434d895353bc7c362f8b7,delivered,2017-06-18 12:43:32,2017-06-18 12:55:21,2017-06-19 13:19:29,2017-06-29 12:43:59,2017-07-13 00:00:00
472e24b86f260b32d88c77ddc166659c,bf3ce642700f48af4eac23622e9ca327,delivered,2017-08-11 17:08:43,2017-08-11 17:25:18,2017-08-14 18:44:42,2017-08-16 15:24:41,2017-08-31 00:00:00
e48aa0d2dcec3a2e87348811bcfdf22b,840be0730010e9580efd289bc9f37706,delivered,2017-06-30 15:38:46,2017-06-30 15:50:17,2017-07-03 16:22:53,2017-07-15 12:57:24,2017-08-03 00:00:00
9827e4903ee46ce7cb6f926533a82abc,fae1f4f32e8b79e0701708c0b6bcb086,delivered,2018-03-14 20:45:08,2018-03-14 20:55:51,2018-03-16 00:04:32,2018-03-23 21:48:37,2018-04-02 00:00:00
41e4e97a46cf14b6cfef187c00668efd,1b04b941356cd2e418dbbab1a0a33348,delivered,2017-05-06 17:08:07,2017-05-06 17:22:01,2017-05-09 15:38:03,2017-05-18 14:52:11,2017-06-02 00:00:00
249907441e345229204263360b34edd7,bd62bba085969a4d4f30193edd7d27ba,delivered,2018-08-06 18:41:26,2018-08-06 18:50:19,2018-08-09 13:11:00,2018-08-11 10:34:40,2018-08-13 00:00:00
a341bd212253532f9af16db8dd47df85,6b682c8ec4f6c61781f63530b2b3e480,delivered,2017-11-24 21:27:22,2017-11-25 00:22:09,2017-11-28 17:11:24,2017-12-04 14:53:43,2017-12-14 00:00:00
e4b86afb67e591d71050d108a2672dbb,aa5de1c726fedb2c495cea4ead03d6d8,delivered,2017-09-20 07:40:23,2017-09-21 02:50:39,2017-10-13 19:19:04,2017-10-19 16:10:15,2017-10-18 00:00:00
609fffa13438b14471bd24446e84bf3d,3fbd80ccaa4a4502a4f7f95f4ec5bae2,delivered,2018-01-23 15:25:51,2018-01-25 02:58:18,2018-02-01 00:42:59,2018-02-08 20:05:09,2018-02-20 00:00:00
9ae00b090b685955827797fede111392,54716c2e6afa19ff56c1bdd26a3a220c,delivered,2017-07-06 11:32:00,2017-07-08 03:30:25,2017-07-12 19:36:32,2017-08-09 19:38:00,2017-08-07 00:00:00
2ad4df0af7a71d632dccc0129bee3268,915ce1e45a3b10fb61f5d32924bdb7f6,canceled,2018-07-30 12:04:19,2018-07-30 18:31:05,,,2018-08-02 00:00:00
02e4a3c7ec652c4ab1077763215580cf,bb94a3b74ba3365158625e1dd55f6642,delivered,2018-03-19 17:22:02,2018-03-20 03:10:41,2018-03-20 17:25:32,2018-03-24 14:49:40,2018-03-29 00:00:00
eafa8d4e308b96e9574b09d9441d4898,bc34df797b45ed606616fc478530bfe9,delivered,2018-03-27 10:56:29,2018-03-27 11:10:25,2018-03-28 18:52:38,2018-03-29 20:02:31,2018-04-09 00:00:00
b175558ffd938e94b83e3837637604fb,39b0cdba89a7af6e2fbd09107e21a69a,delivered,2018-06-28 16:44:46,2018-06-28 17:11:53,2018-07-03 16:52:00,2018-07-04 15:24:58,2018-07-12 00:00:00
82700234d97d430ee6c36d8978df2b0c,dd584935fbcc4e65dcd21ad035577f59,delivered,2017-12-11 19:39:48,2017-12-11 19:50:16,2017-12-12 22:42:42,2017-12-19 20:04:48,2018-01-09 00:00:00
caa7dcd7507e6cdcd45f7ba5d29383a9,f0c4cf2871af286218d5974deb6ade31,delivered,2017-10-23 13:57:25,2017-10-24 03:14:51,2017-11-01 17:53:47,2017-11-06 22:44:49,2017-11-14 00:00:00
78e88d02ee1ac4ba21f3532778067d67,83dd9f89476783bf7cc9f1f3eb07a5c5,delivered,2017-09-30 14:55:46,2017-09-30 15:07:17,2017-10-02 20:50:00,2017-10-05 17:06:19,2017-10-25 00:00:00
8e084e8efad16f27d7f26e71af985ce2,bd3d0f3d1788cdcc21aa86f223d60b7b,delivered,2018-03-07 22:11:46,2018-03-07 22:28:33,2018-03-08 16:38:48,2018-04-12 16:03:37,2018-04-03 00:00:00
1ca238d5d47be7f4da4d8d22f33ed7ca,bf57e3659efaa70a4a20f40a78618259,delivered,2017-03-09 23:42:58,2017-03-09 23:42:58,2017-03-13 09:31:17,2017-03-16 11:39:04,2017-04-04 00:00:00
f15b71255e897ae70dac621e18ebea09,25908700aed5d5339aee809a5c3406cf,delivered,2018-05-18 18:52:53,2018-05-22 08:56:53,2018-05-22 14:31:00,2018-06-04 21:16:48,2018-06-07 00:00:00
dd860e84c8713ccc97a6a06c693db178,8e078e0f84bab49084437ab6547150a0,delivered,2018-02-15 15:15:53,2018-02-16 16:15:27,2018-02-22 01:33:08,2018-03-01 02:10:19,2018-03-07 00:00:00
226209d53af16a012bd3c8c7c6a9ca53,a370bc9343e57e0b8fd82158ed512527,delivered,2018-02-21 14:52:00,2018-02-21 15:09:48,2018-02-23 16:57:58,2018-03-06 17:58:52,2018-03-15 00:00:00
e5be01fc8670f32ae3555c7e35f89086,a6eb4134864cb28ccc4b0436273f37f5,delivered,2018-03-05 22:32:29,2018-03-07 02:15:53,2018-03-07 23:33:52,2018-03-14 17:36:38,2018-03-23 00:00:00
c972da56dd3849df6cfb9e1322aee6b5,906cf240823209f74c44d6b0663309a8,delivered,2017-04-24 13:52:47,2017-04-24 14:02:36,2017-04-25 10:17:24,2017-04-27 13:17:46,2017-05-23 00:00:00
d3293a23682de796b404af990fe62f6c,a1db13809daa40c7510f1f1a768177e6,delivered,2018-06-11 15:43:54,2018-06-11 16:19:51,2018-06-12 14:10:00,2018-06-14 16:34:49,2018-07-03 00:00:00
cb3de7d61844179c7014160319550eb1,c37af5e52d8902c5d49bad01276df157,delivered,2017-07-08 17:50:13,2017-07-08 18:03:01,2017-07-14 18:56:00,2017-07-18 17:33:57,2017-07-28 00:00:00
80897d5d4e8f07edd515daa585302e6b,1df202848b9d575c667c29519f38249e,delivered,2017-04-11 10:31:19,2017-04-11 10:42:30,2017-04-17 08:57:48,2017-05-10 06:42:16,2017-05-03 00:00:00
a1cfeb76f1be888dfc371fbd47344141,84c1e244210abd1d243e91105a009092,delivered,2017-06-27 17:37:49,2017-06-27 17:55:07,2017-06-28 18:22:08,2017-07-05 16:37:24,2017-07-20 00:00:00
68b12ff83359aac4ddb4bcf1244b3a66,4be7a641296e9a4e87db08248257f4ef,delivered,2017-12-06 19:28:08,2017-12-08 02:34:32,2017-12-08 20:29:50,2017-12-18 18:19:50,2017-12-29 00:00:00
6e57a0a9be49f002ca81bd94ec9b7021,a623f9c1f640ca6742364b726e5efda5,delivered,2018-05-02 12:35:16,2018-05-03 03:52:54,2018-05-03 13:17:00,2018-05-04 17:08:39,2018-05-16 00:00:00
d4fae577806d683110e00e18a5e181be,49a6ae8a95c6a78d90945b983ab1ecfc,delivered,2018-08-28 19:32:05,2018-08-29 03:15:36,2018-08-29 13:00:00,2018-08-30 18:32:36,2018-09-12 00:00:00
1d843e22f87fd9181266898d32d23a63,6c91f1e3cc40a0130c3fd142c8de7599,delivered,2018-08-03 15:53:52,2018-08-03 16:05:15,2018-08-06 10:57:00,2018-08-13 23:36:23,2018-08-17 00:00:00
d209d8b7e741f8ce447b0173e579e3a4,d3ab15f0bd2c58865d566ab645572cd5,delivered,2018-02-01 19:34:28,2018-02-01 19:45:25,2018-02-05 13:53:06,2018-02-06 19:03:16,2018-02-20 00:00:00
8ac2a7536043523a10fb4d60487a7a4f,7b078f45ddc9d732593d82b727733a56,delivered,2018-06-22 13:40:12,2018-06-26 04:58:48,2018-06-26 15:16:00,2018-06-28 17:04:07,2018-07-05 00:00:00
5c49c7a9a71e35af48a66550203bde95,d2111f30f2a2b44bf80aef23b2b39641,delivered,2018-02-07 01:42:57,2018-02-07 01:55:39,2018-02-14 22:32:38,2018-03-02 19:33:45,2018-03-15 00:00:00
e42bf7067f681fd8fae881e02681808a,019874e4746e94aecaaa9494661b9f26,delivered,2017-10-03 19:02:17,2017-10-05 02:56:37,2017-10-11 21:12:57,2017-10-18 22:13:44,2017-11-01 00:00:00
6317c6fb9c91943963e275a6cbe1867b,76cd2cf08209594cbb2241ecde557871,delivered,2017-05-29 00:35:46,2017-05-29 01:10:19,2017-05-30 07:12:20,2017-06-05 16:22:54,2017-06-19 00:00:00
68e04d66b10f8b3ce33634655717a23a,6e591b7c64abcf19e76a7e059df5e409,delivered,2018-08-05 22:20:02,2018-08-07 04:45:23,2018-08-13 14:42:00,2018-08-16 17:27:50,2018-08-27 00:00:00
9270e213f22a5c0c65322feea6979af1,0d254ca5e31c93f075a64202bb785bd9,delivered,2018-08-13 13:16:34,2018-08-13 13:25:14,2018-08-16 08:23:00,2018-08-23 20:12:00,2018-09-03 00:00:00
ea677a4ea5963b5e28cab998b15f69a7,4684221e1368a6ff329a4d7a6262a974,delivered,2017-11-13 09:27:02,2017-11-13 09:45:30,2017-11-14 19:48:38,2017-11-16 23:11:44,2017-11-27 00:00:00
b8dc70a6cd6d0673592fae22d170ea14,9c9c804a8e2c77375f87427dcbbd54af,delivered,2017-10-12 18:33:39,2017-10-14 10:05:58,2017-10-17 18:33:08,2017-10-25 20:00:08,2017-11-01 00:00:00
a546163c0115aaba54fda7298ac1d55b,4de812ca768d64e8f506155ee771cf4d,delivered,2018-03-19 10:40:54,2018-03-19 11:30:53,2018-03-19 22:52:24,2018-04-06 21:17:53,2018-04-06 00:00:00
f8dcf163964a98422b218dd41bd47a7a,5a9e4bc91585c83d0c13d079969094d5,delivered,2018-06-11 01:11:02,2018-06-11 01:38:27,2018-06-11 15:23:00,2018-06-16 11:52:41,2018-07-12 00:00:00
a971cf0a515e6051941bd05ff3efc0d7,3822955d34156d07b88be9848edfd7e9,delivered,2018-08-02 18:14:03,2018-08-02 18:25:21,2018-08-03 14:31:00,2018-08-14 22:21:25,2018-08-27 00:00:00
bf57d88907afc221e0eeb3e12da03657,9a1560da89cf53aec2d573c286ba6957,delivered,2017-10-12 14:26:39,2017-10-12 14:36:31,2017-10-13 19:58:21,2017-10-26 22:42:40,2017-11-08 00:00:00
80d272bb80e9d81f0868fae8f7848081,fb33f8dc7bae67cedd3ac477a5675073,delivered,2017-11-25 16:00:20,2017-11-25 16:14:21,2017-12-11 23:28:47,2018-01-16 22:45:32,2017-12-28 00:00:00
222078339afa2788819420928e8b859c,ede477621ede321053765e5e58995ffb,delivered,2017-07-19 10:09:56,2017-07-20 02:25:47,2017-07-20 17:32:46,2017-08-11 18:12:29,2017-08-10 00:00:00
a73fadc2e44ce205de32f57d09235dbe,d4c9253f4a3f34a91e56ad5987c53f3a,delivered,2018-06-06 16:37:14,2018-06-06 16:55:38,2018-06-07 15:10:00,2018-06-14 18:58:46,2018-07-17 00:00:00
151e44f3dd461fe0838b6f59f884749f,4874fe3c17665962a71cdcdf3f9cd9a0,unavailable,2018-02-22 16:06:11,2018-02-24 02:55:40,,,2018-03-19 00:00:00
793f9670ca25108c2c61df46aa519b7a,5527ce198c1f8d62fa933a35526de28a,delivered,2017-06-01 09:53:44,2017-06-01 10:05:25,2017-06-07 13:28:40,2017-06-13 16:34:02,2017-07-03 00:00:00
27d95e0beb662ced7cf7378fd8544584,aec5a26b1530094ee5ce6b2a439cd3f4,delivered,2017-10-20 14:21:12,2017-10-21 03:05:48,2017-10-25 22:53:37,2017-11-07 16:04:54,2017-11-22 00:00:00
e34d7ca05296d868e693409be6a45d54,fd4ba42ec49ea739830e0e63f147151f,delivered,2018-07-06 20:49:46,2018-07-06 21:10:56,2018-07-10 07:37:00,2018-07-16 14:33:17,2018-07-30 00:00:00
7f8627b25121727150b46207617a168a,a47974ac6596398820508728a779e2df,delivered,2017-05-18 22:42:50,2017-05-18 22:55:18,2017-05-22 13:09:26,2017-06-02 13:51:29,2017-06-09 00:00:00
129752a77c2cbf91fc9892660f83dc79,9f14ce396b728e827742390ec2eca9e5,delivered,2017-06-12 09:33:55,2017-06-12 09:42:39,2017-06-12 17:10:55,2017-06-19 19:22:45,2017-07-17 00:00:00
e597a2f203b82a93de9dc256e72c3e8d,4a4547a6adb1454321d88e2d545c63ee,delivered,2018-01-11 17:48:39,2018-01-11 18:31:01,2018-01-12 20:29:53,2018-01-30 22:34:03,2018-02-14 00:00:00
15add89e9936fc74006c8ece812ddbdb,cc17fb1ce2976a50bfcde42a83e8977c,delivered,2018-01-19 14:30:28,2018-01-19 14:57:12,2018-01-22 17:03:21,2018-01-23 13:33:12,2018-02-05 00:00:00
3cc3880ee6731dbeea8ec3d2d9f5b24a,b1c4a6e0ad7985f63c54b4595c4560eb,delivered,2018-08-09 12:04:05,2018-08-09 14:35:19,2018-08-13 09:13:00,2018-08-17 19:20:56,2018-08-27 00:00:00
bc8015ad7d68e2f870c4b6f319c88f0b,aed712020ce741154262e5bfcb7745ab,delivered,2017-12-19 22:08:29,2017-12-19 23:12:20,2017-12-20 16:23:59,2017-12-27 23:38:57,2018-01-16 00:00:00
5cec9f898cf8a71f4314b026ea1c527b,a7eb1926f5e589cc728b70f3449cb94c,delivered,2018-02-18 00:20:54,2018-02-19 01:15:22,2018-02-21 22:06:27,2018-03-14 22:04:07,2018-03-19 00:00:00
13ccf8b8e58a45adbc06ffb651474fdf,f7bb3f874b4c1d0b726682b4c8543a9d,delivered,2018-04-22 18:36:45,2018-04-24 19:17:20,2018-04-23 20:59:06,2018-04-24 21:11:03,2018-05-09 00:00:00
c663dda98ce9577e802b009d257edeae,7cb2faa580dc6bebf04e29bb426e99a2,delivered,2018-04-04 17:36:41,2018-04-05 02:08:34,2018-04-05 20:56:39,2018-04-06 19:29:27,2018-04-20 00:00:00
fc6909c54f7a6688147a7fd0a29cc30c,63517b90494b139470fa05260a7e04ec,delivered,2018-06-27 09:51:33,2018-06-29 03:07:51,2018-06-29 14:04:00,2018-07-02 17:15:07,2018-07-13 00:00:00
100a49c427277ff7294eee9c133f718d,5bc21bc57bdda0f158cf209e4a595ae4,delivered,2017-08-04 12:50:57,2017-08-04 13:05:17,2017-08-04 18:13:38,2017-08-11 17:52:28,2017-08-28 00:00:00
4759dc5cd30f8e283de04872dd5446cd,8c8ebb03344906d2201f54daafd859cf,delivered,2018-06-01 13:43:43,2018-06-01 13:55:15,2018-06-01 14:42:00,2018-06-20 12:35:24,2018-07-19 00:00:00
d2f8ef9dd1714fcac7de9f0aef13d21a,04a2fa019514345f6bcc37c892208336,delivered,2018-05-15 12:29:55,2018-05-15 12:54:30,2018-05-21 14:59:00,2018-06-14 23:42:24,2018-06-06 00:00:00
9abcdeded6b253b59272fb76b83b1f6a,a9fd12387efd701b1cd170637315b773,delivered,2017-03-24 22:17:46,2017-03-24 22:25:13,2017-03-29 11:44:10,2017-04-03 14:43:58,2017-04-20 00:00:00
c55598e281f3c63dfffd8cd0376e7232,9adc8383886b0a2bd1736c1fd1b972e1,delivered,2018-06-20 09:33:16,2018-06-20 09:59:57,2018-06-26 15:39:00,2018-07-11 17:14:48,2018-07-31 00:00:00
55a0d264704ff411b81f421c73eef60e,9b033056a24fd3759222c89d1ea11fd3,delivered,2018-07-12 17:10:59,2018-07-12 17:25:55,2018-07-17 14:03:00,2018-07-20 21:27:46,2018-07-26 00:00:00
bbd97f9114997dcfec26eb9dc1a7458c,f6a1284f1aa8ca305c294ba85fe71d05,delivered,2017-12-04 00:59:05,2017-12-04 01:15:28,2017-12-07 23:34:20,2017-12-12 19:27:57,2018-01-03 00:00:00
769c9e627636f4041274ad3cf6b94fd3,9bd57151d05cbdea4a2befd59fcdb619,delivered,2017-11-30 17:33:07,2017-11-30 17:58:43,2017-12-04 21:28:28,2017-12-07 16:36:40,2017-12-22 00:00:00
b83ef6816377d920d8918d6965cc2743,a83d443f3e8662006104c9e728f5dbf2,delivered,2018-03-11 11:02:33,2018-03-13 04:47:59,2018-03-13 21:18:43,2018-03-21 13:48:37,2018-04-03 00:00:00
8213bc96304fc0881189c4525f3002f7,77069f163bef4933c6efeea244b3f606,delivered,2016-10-10 07:53:34,2016-10-10 11:03:35,2016-10-14 11:03:38,2016-10-17 12:03:38,2016-12-02 00:00:00
0607a1c003c16725855f65d6b738028a,45f07bb06fb8930061926add48c58d6f,delivered,2017-08-19 23:08:25,2017-08-19 23:24:33,2017-08-22 15:36:16,2017-08-23 15:18:43,2017-09-12 00:00:00
50564f05e21e6d61f68d7a65c57c8623,0550df936e5ed017fc4cbb4d1ece4ea0,delivered,2017-08-16 12:23:24,2017-08-18 02:35:35,2017-08-18 17:49:58,2017-08-24 17:18:23,2017-09-08 00:00:00
70b8fcabbd42bd4e6bb39052dac647d6,451bd3e4f4efa5b33e04885f2680bb28,delivered,2017-03-12 11:31:36,2017-03-12 11:31:36,2017-03-14 10:14:01,2017-03-22 13:24:11,2017-04-03 00:00:00
7dfa7b74a309a0a38a2354b745151aae,0c474fb968686213d3b8a6222196de97,delivered,2017-12-19 01:08:48,2017-12-19 01:53:25,2017-12-19 19:24:54,2017-12-29 20:13:31,2018-01-16 00:00:00
f35a3647da20a2e0ae698768b602652d,de09e0494fd726d8555108efde7df079,delivered,2017-06-20 16:04:53,2017-06-20 16:15:12,2017-06-22 10:44:47,2017-06-26 16:56:33,2017-07-10 00:00:00
394dd790418f78501396d1a2912d74ff,47b778190ffdaf6fd31dc28330aeecd2,delivered,2017-10-17 22:38:28,2017-10-19 03:27:27,2017-10-23 22:27:33,2017-10-25 16:20:05,2017-10-27 00:00:00
df77d1821312c74489233b53e2359215,3fa0e65430d1ab5e484fe8d3bf2ce2c2,delivered,2018-03-22 15:26:05,2018-03-23 15:28:56,2018-03-24 16:41:43,2018-04-05 18:27:54,2018-04-12 00:00:00
857a83273943276ac60eb1d15bbfed5d,a80e0e8ad3f8721eadbb57333aad5957,delivered,2017-02-22 15:16:44,2017-02-22 15:25:17,2017-02-23 14:22:57,2017-03-21 11:14:12,2017-03-23 00:00:00
fb7bdd2f11b840e2a9897418aba45fa3,172e5e3633eae88b85a15197f7e996d1,delivered,2018-02-10 06:20:01,2018-02-10 07:15:23,2018-02-15 05:45:14,2018-02-19 21:48:55,2018-03-06 00:00:00
5520852ac9f7ee38f42aedcbafaefb12,421ee588d79b60a872d79979108843e4,delivered,2018-01-09 01:22:30,2018-01-11 02:32:28,2018-01-12 23:43:08,2018-01-26 16:49:58,2018-02-08 00:00:00
21577126c19bf11a0b91592e5844ba78,1eebfdb7083031b40f727fb71f6cd5b2,delivered,2018-03-16 00:14:19,2018-03-16 17:28:45,2018-03-19 18:26:48,2018-03-29 16:04:48,2018-05-11 00:00:00
8c603c4cd6c5340bc4892c36e662a0bb,7b5a8d934b1dc34a581b1f1d0fbfaba3,delivered,2018-04-20 20:12:31,2018-04-24 18:16:44,2018-04-24 17:15:50,2018-05-22 14:05:39,2018-05-25 00:00:00
a237a4053726f92c2589d623da833659,1d302b38ec1ada9032082e1049a90763,delivered,2017-06-08 11:19:14,2017-06-08 12:33:11,2017-06-12 10:34:37,2017-06-26 13:57:48,2017-07-07 00:00:00
2c8aa83a58bbe76256c06fce899aa4aa,5d13d5b488df88681ff37ffcd135b1df,delivered,2017-10-12 04:36:32,2017-10-12 05:22:43,2017-10-13 17:14:20,2017-10-19 12:57:39,2017-11-07 00:00:00
e43abf9982299e5688c4848401c0fe83,a2fec579a2a42e83cc3779891266ce5a,delivered,2018-06-27 19:07:12,2018-06-28 08:50:59,2018-06-29 14:11:00,2018-07-04 19:53:19,2018-07-16 00:00:00
f52e6ac942099c40e096c0f9d3633e1d,80393a47e7d11011de38b783b99f09ed,delivered,2018-03-04 22:29:23,2018-03-06 08:56:10,2018-03-14 20:25:52,2018-03-19 20:18:23,2018-04-04 00:00:00
a057392bd88e2acf040eb2a5674b557c,911ce2749529dc52f4f4b75ae306cc42,delivered,2018-05-22 21:44:43,2018-05-23 01:35:37,2018-05-23 15:11:00,2018-05-25 13:44:37,2018-05-30 00:00:00
0fefd780aced50487fedea40b67318b5,3d9ff586104e795e9cda5d0fb1705c13,delivered,2017-09-12 14:20:41,2017-09-12 14:30:30,2017-09-15 18:35:08,2017-09-20 23:06:09,2017-10-05 00:00:00
89b73cd1e5fd5c1329b4e11be8dd1289,a8d88c921fe5bd3dbea7b1bbbb4c02ee,delivered,2017-09-22 13:48:05,2017-09-22 14:41:55,2017-09-27 16:52:59,2017-10-09 21:43:45,2017-10-18 00:00:00
60d0d7f6e4119e9a4630876994978c2b,f9731a0309dae925dac8a35ef104a199,delivered,2018-07-26 09:26:38,2018-07-26 09:35:18,2018-07-26 12:55:00,2018-08-01 15:49:05,2018-08-17 00:00:00
51df4b64807ba1804510ee0c17f1e074,1fd7161c846f050aaa41b781aed3e26e,shipped,2017-06-25 20:33:38,2017-06-26 21:43:16,2017-06-27 14:18:01,,2017-07-18 00:00:00
423becb5976b8cb1dc4959820bf4059a,01752e42e854180a9dac35cd803f4e33,delivered,2017-12-07 12:59:40,2017-12-07 15:10:10,2017-12-07 23:08:49,2017-12-18 18:51:59,2018-01-09 00:00:00
67274e3826cb110f3d0cb45f33c2275e,3922f167f794a4db302660d54e0f80df,delivered,2018-07-03 12:31:00,2018-07-05 16:27:40,2018-07-03 15:16:00,2018-07-05 21:58:31,2018-07-16 00:00:00
6a729d9b8d092428e08072ed4eff6899,a852418fa57a3c9bc4eaed8a7323d2ca,delivered,2018-02-08 18:35:31,2018-02-08 18:50:53,2018-02-09 19:39:03,2018-03-27 21:11:31,2018-03-21 00:00:00
d6c231f3aa416426639f25b5fe09e051,95402c3f92d7913b4a3b37aa4f51c9e3,delivered,2017-12-13 01:01:19,2017-12-15 02:17:29,2017-12-19 18:18:48,2017-12-29 19:44:53,2018-01-11 00:00:00
08c6860a0281fefc591da60249d5fa76,3ebd35ebde56dc990f6069767e98c9b5,delivered,2017-04-17 20:12:02,2017-04-17 20:22:32,2017-04-18 09:01:12,2017-04-26 13:27:46,2017-05-12 00:00:00
e7b37c6ebe192cfd1f83e92ac4413f2b,78c7b2accd9ccf59f8a11033771502e6,delivered,2018-02-17 01:26:58,2018-02-17 02:07:47,2018-02-22 19:49:09,2018-02-23 23:04:21,2018-03-06 00:00:00
c9d1d33be3caa33a65cd687e3f3da22f,fafdf303fda686ba5d3c1bc21f91345b,delivered,2018-02-26 22:34:03,2018-02-26 22:47:56,2018-02-28 16:27:58,2018-03-05 17:25:04,2018-03-16 00:00:00
996763a377a7e96ea28f02058d1e1883,7a9ba3048545535bc0c1d412fa47f829,delivered,2018-08-11 20:29:39,2018-08-11 20:44:33,2018-08-15 13:01:00,2018-08-22 12:05:26,2018-08-30 00:00:00
cf82b80e79a66336306b0c6c151f64ef,d699f64b223f98ab755be189008776e1,delivered,2018-06-07 09:12:28,2018-06-07 09:34:19,2018-06-07 14:11:00,2018-06-19 20:22:22,2018-07-20 00:00:00
a0f3677ac2cfd35a8d76f4a26fb29a95,e84ae3177de985c590e3e9d364f7acaa,delivered,2018-05-17 16:59:15,2018-05-18 01:17:35,2018-05-21 11:58:00,2018-05-24 14:39:43,2018-06-04 00:00:00
2ec0b57f8588d1cc98ac3aee116d2023,95168a30ca453d4be99e6932ab886616,delivered,2018-06-16 00:32:50,2018-06-16 00:59:53,2018-06-18 15:37:00,2018-07-03 21:45:44,2018-07-13 00:00:00
c3b6a8b065e2dcb86aba441017c019dd,cde5dd7d22c875a27d9878f02f6bb843,delivered,2017-05-19 18:49:04,2017-05-20 06:35:18,2017-05-24 09:52:39,2017-05-29 11:01:36,2017-06-08 00:00:00
dab65e9861b74efc204718e1e2cceb07,538616437127fe419a6aaac23c97e7e9,delivered,2018-05-14 00:33:06,2018-05-15 04:12:12,2018-05-15 15:03:00,2018-06-04 16:52:25,2018-06-11 00:00:00
19ee33bc4d781b94196719ab012adc42,b4d0f712604684b87ee4d14c43a422dd,delivered,2017-03-24 22:56:33,2017-03-28 03:46:00,2017-03-28 13:22:21,2017-04-03 18:17:04,2017-04-17 00:00:00
2e328ffa7af7bf06a2af0b74cfb14f64,216a6db6f1a98e8e2ba140b34bf17d8a,delivered,2018-01-09 14:27:02,2018-01-09 14:38:34,2018-01-11 15:41:40,2018-01-17 00:24:36,2018-01-30 00:00:00
d122e6a07a5ac7cb69a269e66b920c1d,548897a3b85ab2ec1b82964b88ecf23f,delivered,2017-10-30 12:10:48,2017-10-31 04:15:09,2017-10-31 22:51:10,2017-11-07 01:54:48,2017-11-23 00:00:00
3e1616d48a50cea07cdf8ca77e8eb0f8,8eb25e70fd50ee968212856d6e43a584,delivered,2017-11-14 09:19:10,2017-11-14 09:31:15,2017-11-16 17:07:22,2017-11-23 16:35:36,2017-12-05 00:00:00
4431c5cb9924f46deb9eccfb159cf340,b3d2b8f5c7c8a411254329fb7c2e5e0b,delivered,2017-12-05 10:28:45,2017-12-05 11:05:29,2017-12-06 22:37:02,2017-12-28 21:34:23,2018-01-05 00:00:00
695ace9dfd0a459275108b5c71aba45d,13cd53cfa0c597ecd72e7b0e85af5f90,delivered,2018-08-01 18:43:21,2018-08-01 18:55:16,2018-08-17 15:55:00,2018-08-21 13:21:11,2018-08-22 00:00:00
43e22b919baf176fe28fb243217cc90c,46f70e082caf080ea42736d39f169d3e,delivered,2018-07-01 23:01:29,2018-07-02 22:55:09,2018-07-04 12:09:00,2018-07-05 23:03:42,2018-07-18 00:00:00
9123705653cde45a284e2d56fd973076,4b847f8636c302663e9f6b36b5570229,delivered,2018-06-13 19:01:24,2018-06-13 19:23:06,2018-06-14 08:14:00,2018-06-20 16:47:34,2018-07-03 00:00:00
d07116348ed0d8c1a55ff50e9d1121fb,e9bfc08568b6ab20a9d33472a3d6f433,delivered,2018-04-18 14:10:27,2018-04-18 14:32:53,2018-04-19 22:26:28,2018-04-25 21:22:06,2018-05-11 00:00:00
66eb7d660558e315f693ce906b85e261,50118498d82ac595b2471b2f1479043d,delivered,2018-08-10 17:08:52,2018-08-11 02:50:15,2018-08-13 14:32:00,2018-08-16 22:11:23,2018-08-22 00:00:00
89754646c3e0baa367bbe02974056098,296d2f35a09831752f72113f0da7e70c,delivered,2017-08-15 18:03:03,2017-08-15 19:45:17,2017-08-16 17:55:00,2017-08-23 19:47:52,2017-09-08 00:00:00
6ea1f20d81136864e6e10ac9cce17901,f85b68dca11d7373293f89da2b53cf73,shipped,2017-12-04 21:13:09,2017-12-06 07:13:52,2017-12-08 21:51:40,,2018-01-10 00:00:00
c695330abad3cd98237dc4604401af7b,0f9a263aae35e574625a940636aedb10,delivered,2018-08-10 19:28:03,2018-08-10 19:35:23,2018-08-14 13:31:00,2018-08-30 17:58:51,2018-09-10 00:00:00
d2d7d1df7a27b9c2249fdbac70ef9fa6,e9acacb9397a20c8b1a9549d7f45d3d1,delivered,2017-05-30 16:20:28,2017-06-01 04:10:31,2017-06-01 13:01:50,2017-06-16 15:42:27,2017-06-26 00:00:00
04d943e133b4033bedddc46ee516f5c4,089986fffb326934301cb204f52f9c97,delivered,2017-08-25 00:47:34,2017-08-25 00:55:10,2017-08-25 18:40:26,2017-08-28 20:37:41,2017-09-08 00:00:00
f318811b0fd898d1edf78d6841470be2,4a8f4f1ed05dab7530cdca6ba7e28439,delivered,2018-02-06 09:17:33,2018-02-06 09:35:30,2018-02-08 20:32:02,2018-02-19 19:33:46,2018-03-02 00:00:00
4c5d1f62e7eaa8c0f05fbe1b048ee690,9b5909d646d1b9ec3d8cbaf0bae0a0ac,delivered,2017-11-21 11:35:54,2017-11-22 02:37:03,2017-11-22 18:08:54,2017-12-01 14:46:56,2017-12-13 00:00:00
11eb88853c96415cf6a24fcb603afcda,072343fae3fbc9d5b6c07077e67430a9,delivered,2017-11-24 22:43:39,2017-11-25 01:51:53,2017-11-28 18:23:39,2017-12-13 20:29:04,2017-12-19 00:00:00
5bb491640adff4bab2c01c5125e2c8be,8e1501a341a437d65bb58a55a06615d2,delivered,2018-05-12 13:19:30,2018-05-14 12:52:25,2018-05-16 14:59:00,2018-06-01 18:03:48,2018-05-25 00:00:00
f42d66ddca55a1f750b6797c4269cb30,ae76f0fb2677aaf0d173213de80ec257,delivered,2017-07-20 21:06:38,2017-07-21 21:15:11,2017-07-22 11:14:48,2017-08-01 20:05:55,2017-08-09 00:00:00
5f862e4fe640e66110b40cced6911038,65a6a03c07caddea4ed54b719663fce1,delivered,2018-08-06 10:21:02,2018-08-06 10:35:50,2018-08-10 12:07:00,2018-08-12 16:16:31,2018-08-09 00:00:00
9b482241f75217c3e6d9bf15e19b9352,763ed70263f940a60f283728bd708e3f,delivered,2017-11-13 17:21:06,2017-11-15 02:46:43,2017-11-16 22:26:39,2017-11-22 22:16:07,2017-12-07 00:00:00
7e47dbecc85ae7f45a4645b97b180157,0030fbb95fbe7e61f798a80edb01a8e9,delivered,2017-11-09 23:28:29,2017-11-09 23:46:57,2017-11-10 15:14:29,2017-11-17 19:32:16,2017-11-29 00:00:00
f7ca7b451be2d25f6b0918320026570a,c4f65865007c8df12b5b1fe0d4da652b,delivered,2018-06-03 16:35:41,2018-06-03 16:50:36,2018-06-04 15:27:00,2018-06-08 18:20:15,2018-07-31 00:00:00
7b419fad2990895cf43c738f8e7d2d55,9ce014a42bfa0fe0ff389adde017bb24,delivered,2017-04-04 09:36:28,2017-04-05 02:45:11,2017-04-06 11:28:05,2017-04-12 10:34:50,2017-05-08 00:00:00
17a97fd237c6bc89cb832bd70369745e,948c9d4bdc59614d3b428b93ccf84d25,delivered,2018-06-08 12:11:33,2018-06-08 12:36:39,2018-06-12 15:09:00,2018-06-15 14:28:41,2018-06-26 00:00:00
7d57370d053b938c6dda99e5b72ad270,319bbf85f20aade3128d0f7470eef57e,delivered,2017-07-02 14:52:49,2017-07-02 15:05:15,2017-07-04 09:34:24,2017-07-17 21:21:34,2017-07-25 00:00:00
5ee987cdf0ab5a1b320bbfae52b39661,f241eda6e0ef48fb716e435126893b88,delivered,2017-03-08 19:29:16,2017-03-08 19:29:16,2017-03-13 12:38:14,2017-03-16 07:14:07,2017-03-29 00:00:00
844bfdffbe80e8ac61135bc633f2dce1,45696e33c076c596b4503ab35ebb6f5e,delivered,2017-08-17 12:46:48,2017-08-17 13:04:38,2017-08-18 21:59:07,2017-08-21 13:26:12,2017-08-30 00:00:00
a53804de1ac644981653f01c6f34a876,90ad95dd6fc0a81e5c3d5c652daa3502,delivered,2017-11-25 14:51:18,2017-11-25 14:59:27,2017-11-30 13:48:54,2017-12-12 18:24:27,2017-12-20 00:00:00
242bc9216a7d8514ba8d435a96d63c3d,dd9f7612ddf12827e7a641bde0e8d86c,delivered,2018-05-18 14:38:28,2018-05-19 02:59:01,2018-05-21 15:25:00,2018-05-23 19:44:23,2018-05-29 00:00:00
4d1eeeb5922d5d55dbe1be7623dc18cd,19fb90488e680e7d1370daebd669cfc2,delivered,2018-08-11 15:16:32,2018-08-14 04:35:15,2018-08-14 12:47:00,2018-08-21 23:54:55,2018-09-26 00:00:00
07d2babcd3c3d273aee2781512cc5904,d6b757c9478ed7366a42b6f09dce476f,delivered,2017-12-20 23:34:29,2017-12-20 23:49:58,2017-12-21 23:44:20,2017-12-29 17:13:53,2018-01-15 00:00:00
69503da6ea02f63348e7bcbbb5420a50,8208410c1bd85a4802e3b0f1926de27f,delivered,2017-12-27 11:03:31,2017-12-27 11:10:29,2017-12-28 16:25:13,2018-01-08 23:14:15,2018-01-29 00:00:00
40b0e6507607e122ac052bf9426dba12,37cb0c403b8adef6c53a9d10cb9abcf0,delivered,2018-01-15 16:16:33,2018-01-15 16:31:23,2018-01-17 11:56:42,2018-01-26 00:14:55,2018-02-08 00:00:00
9d6ebf13c4103f0a747d86c3c93f7af5,d73ad9b9d4bd1fc0dfdc66db5052d09c,delivered,2018-08-06 18:03:11,2018-08-08 03:10:17,2018-08-18 09:13:00,2018-08-22 21:56:29,2018-08-24 00:00:00
36e929832f27e3e3293ac9369fecf8e8,77d431cb34c9b37a5db52340d56046ec,delivered,2018-01-18 12:58:30,2018-01-18 13:13:06,2018-01-22 16:48:29,2018-01-30 00:08:00,2018-02-16 00:00:00
9bd1262011363cf74478ba1d6f04ab28,81e59183c23c411880fcbdcb19637687,delivered,2018-04-18 20:55:32,2018-04-18 21:11:16,2018-04-23 10:11:00,2018-04-30 20:17:32,2018-05-21 00:00:00
9f4dd20e89f7d039db0a8eb572042c1c,661cff3ba09ea874f45327a6446c589f,delivered,2018-08-19 13:40:36,2018-08-20 11:55:23,2018-08-21 13:41:00,2018-08-27 17:38:58,2018-09-04 00:00:00
d16f8ec8edbb1c3652f142cc60042a86,ccab16a93f386fab2c64bdaf71cbe1e2,delivered,2017-05-25 11:52:24,2017-05-25 12:10:05,2017-06-06 12:10:51,2017-06-07 15:22:27,2017-06-16 00:00:00
f6679e9eb75edd0750101c5172d662a9,07e4085b7cf2721692374ad112e78f35,delivered,2018-01-15 09:12:14,2018-01-15 09:19:22,2018-01-18 21:35:48,2018-01-22 23:23:20,2018-02-09 00:00:00
ef91e98c27841eead891942911000752,004df18653e9438571e9d294776a5c5c,delivered,2018-06-04 15:54:53,2018-06-04 16:12:42,2018-06-05 13:45:00,2018-06-06 18:27:33,2018-06-28 00:00:00
08003b4e485e934387afc41448692e0a,732b65bfeb61fb17611650fd0470f143,delivered,2017-07-23 19:52:46,2017-07-23 20:06:35,2017-07-24 13:47:52,2017-07-27 23:09:17,2017-08-15 00:00:00
b58c077505462b29bcf153fd9dcdc9d8,f885e93f1b6dc0b69e8b2a2eed52485b,delivered,2017-11-20 16:07:50,2017-11-20 16:26:46,2017-11-23 16:38:54,2017-11-28 16:51:44,2017-12-12 00:00:00
6385ad73102c7c147e1d5c294fbef8ef,d6d14552ae24882f995122185c4c9b1b,delivered,2018-02-21 05:26:50,2018-02-21 06:45:13,2018-02-21 23:42:23,2018-02-26 23:26:46,2018-03-14 00:00:00
df6eeef04ae6f9a4d55409474104ea93,c835bb428113aa2c57063896d6e0b436,delivered,2018-03-01 11:46:59,2018-03-01 12:10:10,2018-03-02 00:29:00,2018-03-14 23:03:15,2018-03-19 00:00:00
869534408eb028640def21e75630def8,69bd096df0137b7c401eb3daf9c4c96f,delivered,2018-02-27 14:46:23,2018-02-28 10:09:42,2018-03-07 00:05:43,2018-03-14 19:28:32,2018-03-23 00:00:00
c0c6ffffde824ef615117d191bb55aea,32accfa73a50df8affdd6855e8da62da,delivered,2018-03-13 11:10:49,2018-03-13 11:30:30,2018-03-13 20:22:11,2018-03-23 20:46:34,2018-04-04 00:00:00
793bd6f3c3ce5f97fffcf62f2755f84b,8802053341a1925bf7255eb73bc05005,delivered,2018-06-29 15:31:49,2018-06-29 15:50:51,2018-07-03 16:00:00,2018-07-05 18:45:26,2018-07-27 00:00:00
f21da2bb1d62efe060e429d107053c04,47c47d5f6c02ce30ae9d9916399982dc,delivered,2017-11-29 13:30:18,2017-11-30 02:20:43,2017-12-01 16:24:55,2017-12-12 00:23:42,2018-01-02 00:00:00
9edcbab43a1784c6aa3737a7f2fb5dde,2e0bb6cf1ae6611a52cf0db0e85295a4,delivered,2017-02-19 16:20:02,2017-02-21 04:55:45,2017-02-21 10:10:24,2017-03-06 14:18:55,2017-03-23 00:00:00
14b3ab242ab978f908ac651dcae21b8f,435f592ccbe131348a3d9d496b7ab5a0,delivered,2018-01-02 09:25:50,2018-01-02 10:31:30,2018-01-03 21:42:43,2018-01-08 21:54:16,2018-01-31 00:00:00
86d4161fe71f1209143ca255d8be20e4,dd7fbaa922221b1677794b6da9990af2,delivered,2018-07-26 22:38:26,2018-07-26 22:50:08,2018-08-01 18:13:00,2018-08-06 12:24:36,2018-08-13 00:00:00
1347acf3fe05018c48139ce35aca77a6,75cd9dacc8b13a881bba4a7c9b63a13c,delivered,2018-07-23 11:32:23,2018-07-25 02:35:14,2018-08-03 15:13:00,2018-08-08 15:46:34,2018-08-08 00:00:00
4504f8543dd3f7dd135af10e8fe82438,3c65e62cde8d475d3734177716bf6e32,delivered,2018-01-08 13:30:36,2018-01-09 07:21:47,2018-01-09 17:54:27,2018-02-06 22:29:44,2018-02-09 00:00:00
5a3483866ae86e48df2c0da23f2684f2,82b56e1af615d6fe0b24b8f706f172f9,delivered,2017-08-29 20:30:55,2017-08-29 20:44:21,2017-08-31 19:50:11,2017-09-04 14:51:53,2017-09-18 00:00:00
536ce58ce3bc99b96b26bdd987cd683d,2fc76e794f900143d8bfdc6bda3b36f8,delivered,2018-03-27 14:14:03,2018-03-27 14:28:54,2018-03-29 05:04:31,2018-04-19 17:46:42,2018-04-23 00:00:00
1b70a3be341959c3c0ea4bd4def0b526,478e7fe4d6b284021cbb2652305ad5ba,invoiced,2017-12-27 15:02:03,2017-12-27 15:10:24,,,2018-01-22 00:00:00
62d3261f3aa7517f7d03885db3ea7a97,ead07f22e441e8d3ae62485b2e760a56,delivered,2017-12-14 11:06:55,2017-12-14 11:18:27,2017-12-18 23:08:46,2017-12-22 20:28:36,2018-01-09 00:00:00
b90228d9050d13c266a67be0e92ccd00,540a2be873e8d6d01db05d4e9e472aeb,delivered,2018-08-03 17:04:13,2018-08-03 17:15:25,2018-08-06 16:40:00,2018-08-07 15:32:09,2018-08-15 00:00:00
d7537253b8b150b7fa2be482da1e7719,e7b19c0704e43ef4aa419fa77c5c837d,delivered,2017-07-18 10:49:39,2017-07-18 11:23:33,2017-07-19 12:33:09,2017-08-03 15:36:45,2017-08-09 00:00:00
4cea9fef44b64122adf9656dc4980708,ada9ceb9a3352375b29919fadcfb8711,delivered,2017-05-12 15:30:06,2017-05-15 14:03:03,2017-05-18 07:59:47,2017-05-24 15:51:47,2017-06-14 00:00:00
dc4e9e7d17fec4c4ded41724619a1b10,a67749ad2ad8984f58af753299d89756,delivered,2018-02-05 15:22:51,2018-02-05 15:35:58,2018-02-06 17:16:37,2018-02-14 20:08:11,2018-03-08 00:00:00
fa10d622012a84e70ba55b8d302d10b7,10cf33d13587d36f04522b0cd44bf2c6,delivered,2018-03-20 00:58:24,2018-03-21 02:51:13,2018-03-23 00:18:40,2018-04-03 15:37:39,2018-04-11 00:00:00
01a26a995dcef1d58bdee5b8862c7a02,4f36ee71cd2eb2ba9c1eb02b36baa34b,delivered,2017-09-15 20:36:53,2017-09-16 12:05:14,2017-09-19 19:02:46,2017-09-27 10:44:00,2017-10-03 00:00:00
b153668d9576aeae5c424bf7b125eea2,42e223573f50234c46fd8175e2e953dd,delivered,2018-08-08 23:03:48,2018-08-08 23:24:44,2018-08-09 12:12:00,2018-08-17 18:56:50,2018-08-22 00:00:00
756e696d1e7ff7fd6728f59e92e22651,82187afcec1f653bd7424ab915194a0a,delivered,2018-03-11 16:39:02,2018-03-11 17:20:30,2018-03-12 17:42:09,2018-03-19 19:38:44,2018-04-12 00:00:00
fe7f10510a9c92f4a7e617c761f16f22,7fad0a54597001810282b43d17144df2,delivered,2018-05-11 08:26:58,2018-05-15 03:55:59,2018-05-21 14:59:00,2018-06-01 16:49:46,2018-05-23 00:00:00
df53ed4b08a845497e1f9aafa11fb2a4,4ce61c57eb2e8e258d147e54962be85f,delivered,2017-12-04 16:23:00,2017-12-04 17:32:00,2017-12-06 22:47:03,2018-01-15 19:32:42,2018-01-02 00:00:00
749b689efad761f8c94941fa3adfb702,71f2cf4639703d454ae1b7d4fffba6b9,delivered,2017-02-24 11:49:05,2017-02-24 12:32:16,2017-02-24 13:43:37,2017-03-01 13:52:53,2017-03-17 00:00:00
3194226ac268d5424b89c7cfc702ea55,a09a0e56c9b0715373dd0d5353dfa882,delivered,2017-11-27 03:36:40,2017-11-29 03:35:44,2017-11-30 03:07:58,2017-12-04 22:03:55,2017-12-15 00:00:00
6eb1445131218c4f6a6ef2d4960e4f51,0cf44a827f1bda40bb968f6c0393aec8,delivered,2018-06-03 12:53:11,2018-06-03 13:10:49,2018-06-11 14:54:00,2018-06-15 11:14:25,2018-06-28 00:00:00
766556fe96de427faf3964fadfb68458,9014ce6ca5d769a08a59b1089ff38001,delivered,2017-03-26 06:31:07,2017-03-28 03:56:11,2017-03-30 15:37:43,2017-04-19 13:25:10,2017-05-02 00:00:00
028558cddca332b40b4ac4cb77407edf,8401401a8752eb431189e021b8009e37,delivered,2017-06-26 10:26:31,2017-06-27 10:35:09,2017-06-30 17:57:30,2017-07-07 19:44:34,2017-07-25 00:00:00
a99907012a9719344a76cffd42960499,8611feeeaa6d278ec4b4a5e4ae947fca,delivered,2017-04-27 21:42:23,2017-04-28 12:53:50,2017-04-28 09:12:53,2017-05-12 13:38:05,2017-06-12 00:00:00
5491f75f7889a6ff2d12c698c19791c5,1237d9f52275cf3a7396fe1c414dbe62,delivered,2017-08-28 22:52:43,2017-08-28 23:05:14,2017-08-29 20:28:03,2017-09-06 19:33:46,2017-09-20 00:00:00
9aea3a72c2f44a11b792cc58320bed77,52a99d530d76470a697c888510af5f88,delivered,2017-10-19 16:28:07,2017-10-19 16:49:58,2017-10-20 14:50:57,2017-10-23 20:48:06,2017-10-31 00:00:00
11f7b0d8e34bbcd73125bf46d0184a99,10e01f78f465b6c879d2bab6d4d0d7da,delivered,2018-04-09 13:52:54,2018-04-11 10:50:59,2018-04-13 01:11:53,2018-04-20 15:31:04,2018-05-09 00:00:00
16e6abd6364ba99a3513c39f0e27145e,53eab182ae5eebbbc870ac6ae17d9b92,delivered,2018-01-13 23:21:55,2018-01-14 23:12:20,2018-01-15 22:43:08,2018-02-02 16:58:56,2018-02-14 00:00:00
beb0c6412a4fab0bc73cbebe972365b2,6d55eafc87c38d4ddeba83f97f62cf77,delivered,2018-03-09 23:25:28,2018-03-09 23:35:24,2018-03-13 17:44:40,2018-03-20 19:53:08,2018-03-27 00:00:00
d1d422dc16b191028b0d2eb2a06b9668,d44b5fcb3ca553a0c851d999445d47fc,delivered,2017-10-03 19:25:18,2017-10-03 19:49:11,2017-10-04 19:17:35,2017-10-09 19:45:09,2017-10-25 00:00:00
416699ef2e608b6f2496788d1eab0329,49298c0bdc76589ada551d83ee04ab4d,delivered,2017-04-15 17:43:35,2017-04-15 17:55:19,2017-04-17 10:24:43,2017-04-22 05:57:36,2017-05-10 00:00:00
45281486033aa1a5fb951a3cb2105e29,ac90d04814ce655c507c4d043e27a891,delivered,2018-02-14 23:23:43,2018-02-16 14:30:51,2018-02-15 19:29:01,2018-02-17 17:19:06,2018-03-01 00:00:00
166ff8289e3c5748d7aab1c820f43731,8342b7a301ca4f29668f944239c293bd,delivered,2018-08-06 09:28:11,2018-08-08 03:15:28,2018-08-09 13:47:00,2018-08-22 14:29:02,2018-08-23 00:00:00
4cb20b515815d480b0dccbe2fa6ea5bc,468fbf63b1c04a842cbe9d2a8e6c16d2,delivered,2018-03-11 22:23:57,2018-03-13 04:27:56,2018-03-13 20:54:44,2018-03-20 13:20:39,2018-03-29 00:00:00
e7924c9e5666d9e9e2a9196bd1527870,595cf86a8e2928ebab3f60b9161fca89,delivered,2017-11-30 17:55:32,2017-12-02 02:51:46,2017-12-05 14:47:03,2017-12-14 18:46:20,2017-12-28 00:00:00
e6be529ac8d87744b406d4e03a8fe2be,a9de781d4ae2abccfde1d5396d8f604c,delivered,2018-03-23 14:40:43,2018-03-23 14:55:32,2018-03-27 01:49:37,2018-04-04 17:07:39,2018-04-17 00:00:00
0161962c6c561d3acfaa3e2db9a14f96,c49df845f9640195cb98d104bd8e859d,delivered,2017-09-12 13:29:37,2017-09-12 13:50:21,2017-09-13 18:33:48,2017-09-20 17:14:11,2017-10-02 00:00:00
f666c9c1aa6328ce383253d83cd2a675,12faddf62f37091f5e6fd99f47c601e0,delivered,2018-03-18 23:42:07,2018-03-18 23:50:27,2018-03-29 23:13:23,2018-04-13 12:11:32,2018-04-30 00:00:00
f44bd380c9a5926518a4714089e68c89,1d5803b2e458af7efb6e4445e77fb211,delivered,2017-07-14 21:05:33,2017-07-14 21:15:26,2017-07-19 18:33:26,2017-08-01 17:47:39,2017-08-09 00:00:00
393e604943de623d0c4d474259214378,10bb4c6dde360660c6c9c841cb172580,shipped,2018-02-23 13:07:38,2018-02-23 13:29:37,2018-02-28 22:14:16,,2018-04-03 00:00:00
ca9723bd71a5a9feff0a4f2ca2a6e840,45dac24e563a99d886aaaa89d4940434,delivered,2018-04-17 10:05:53,2018-04-17 10:15:16,2018-04-17 21:46:36,2018-04-18 22:28:43,2018-05-04 00:00:00
7fece9c7487cb93f6d37df78e2283d07,e34c642add1c46f0904e95997afac775,shipped,2018-04-11 21:29:11,2018-04-12 11:15:25,2018-04-12 22:54:26,,2018-05-10 00:00:00
1ec979be6088053a577e364179b5526b,740c51ceb4a79f84c7a3e38728e69d0c,delivered,2018-02-20 09:25:42,2018-02-20 09:35:32,2018-02-22 21:33:59,2018-02-26 21:34:23,2018-03-06 00:00:00
b89637ecd51070eb364f10bd952c2a79,09c17ca161dbd35f3e24a39d7273096e,delivered,2017-12-04 16:13:06,2017-12-04 18:01:50,2017-12-06 19:15:46,2017-12-20 16:46:47,2017-12-28 00:00:00
d79a0310d140262d3df6832336b58969,7d8fd581cc612022d2149f093956b42f,processing,2018-01-05 17:34:54,2018-01-06 02:08:52,,,2018-02-05 00:00:00
a46e7e8e02915adecb392ad065121a51,0ef4273145d74465c180b6a9fbb9799b,delivered,2018-08-17 10:59:18,2018-08-18 10:50:41,2018-08-24 14:21:00,2018-08-29 20:03:26,2018-09-27 00:00:00
5a45d91a6a45708d28e1f018a24a2607,919aa64a6d7c36fe7b543e67a44aa203,delivered,2018-04-21 18:35:45,2018-04-24 19:06:34,2018-04-23 17:27:42,2018-04-26 17:58:26,2018-05-21 00:00:00
ef137e631f460658afb0d315771fad30,f8ee52a6749f4bb130906affff58823a,delivered,2017-09-18 23:17:10,2017-09-18 23:30:13,2017-09-19 17:24:03,2017-10-09 17:33:33,2017-10-16 00:00:00
1e2ecf33949aeb71c490a6670f311f13,64725e21c9869103e2f454b2337edf56,delivered,2017-07-10 15:55:34,2017-07-10 16:05:32,2017-07-12 09:46:28,2017-07-13 20:41:26,2017-07-21 00:00:00
01ccc64a2b38fdb87c25cb1944934670,f7b57537fa449131d8d98ec0f4e1d0ba,delivered,2017-08-12 11:22:27,2017-08-12 11:35:13,2017-08-14 21:19:03,2017-08-25 18:19:06,2017-09-21 00:00:00
cf29caf0e02f08eb80d5d8bbc31565ca,b348a4d636051109fff4785b47603cff,delivered,2017-12-11 09:21:01,2017-12-11 09:30:20,2017-12-20 16:39:52,2018-01-09 19:09:55,2018-01-23 00:00:00
e6e4c9655778e65e9552db273eff3852,1cfbebf382876a6c3600d143776e8dff,delivered,2017-08-12 16:59:16,2017-08-12 17:15:10,2017-08-24 11:52:20,2017-08-25 15:37:31,2017-09-05 00:00:00
6e89356727f542ba8a963e10646a889c,76f508e84443c4de1722b65fbbeedd6c,delivered,2018-01-09 09:52:31,2018-01-09 10:09:47,2018-01-11 23:16:35,2018-01-23 16:25:41,2018-02-07 00:00:00
a4725f98a7344d345bb2fab1c3c39c54,4a751dfba6004c315eaf88abf0ff249c,delivered,2018-08-23 18:19:17,2018-08-23 18:30:19,2018-08-24 14:21:00,2018-08-29 17:25:44,2018-08-29 00:00:00
95087a791500e383c039460bbd6bcb57,5b98547ccd0950675ef6b0a4f5a928ec,delivered,2018-05-27 20:41:52,2018-05-27 20:54:55,2018-06-01 13:25:00,2018-06-06 23:06:32,2018-06-28 00:00:00
f1367a0a8fa445363c4e6d5a529db4a5,5d2d4e5c02f22c6a3927a09532d9f163,delivered,2017-11-10 09:11:37,2017-11-11 15:26:21,2017-11-13 17:32:44,2017-11-14 20:09:19,2017-11-24 00:00:00
f6cf807a05566571a2781deb6a223094,12974e23069bcb7940b3cafce7131ee1,delivered,2017-05-18 23:40:12,2017-05-19 01:25:14,2017-05-25 12:14:23,2017-05-30 13:10:50,2017-06-27 00:00:00
e69ef8c934605e67c1ecde95ad2a1b46,105a4e6147720f5766f32cd1015c6e01,delivered,2017-09-20 20:28:03,2017-09-20 20:44:14,2017-09-22 19:41:59,2017-10-04 19:26:56,2017-10-24 00:00:00
c9c52a54f8c144ef40de99a8a74a3ec6,64a3fc4483005564628533c1d14de25e,delivered,2017-07-06 16:55:43,2017-07-06 17:10:16,2017-07-07 16:53:44,2017-07-27 17:42:22,2017-08-09 00:00:00
28e9ee43938891c706c6c9e8ce21d0ec,29f35769d9d89a8ee467e2fb502ecd3f,delivered,2018-01-24 14:28:01,2018-01-24 15:07:29,2018-01-24 23:09:58,2018-01-29 21:34:01,2018-02-16 00:00:00
988ed9a83d6e55d6eaef87fac1a94439,541fb20ed985a8eeeb7376e5301ef828,delivered,2018-04-26 13:47:17,2018-04-27 03:50:58,2018-05-03 14:43:00,2018-05-04 17:58:45,2018-05-21 00:00:00
3268eb4ec8dd57e0ec471da34e35f5e8,7fd6f0fdf33b9d37fe4ccd06c3eeebd8,delivered,2018-07-24 15:30:38,2018-07-24 15:44:21,2018-07-25 14:10:00,2018-07-30 21:08:35,2018-08-07 00:00:00
1dd7e8d1a469f3ce26f8c5c93ce9e636,c4358c59e18e261daa78295cc9b20bb1,delivered,2017-05-03 15:49:05,2017-05-05 02:25:26,2017-05-05 13:22:36,2017-06-09 09:36:11,2017-05-24 00:00:00
b014baa6612826328ffeeb79fd3fa596,bbe745a98d9525399573bfb082bca172,delivered,2017-11-18 17:22:43,2017-11-18 17:30:40,2017-11-20 19:05:54,2017-11-29 21:13:25,2017-12-12 00:00:00
14443bc93c37173e661ffab44978e546,ed9110823898cdd198055975a58f8cd4,delivered,2018-03-26 13:04:12,2018-03-27 03:55:26,2018-03-27 18:36:25,2018-04-10 16:24:48,2018-04-18 00:00:00
842b04782c3190ba1cb33fb384592455,4a5b1da2c92f4c23802601309d235ac0,delivered,2017-11-22 13:33:57,2017-11-22 13:46:58,2017-11-24 10:08:55,2017-12-04 23:04:27,2017-12-13 00:00:00
e97f2ab00999396915482eda86838b33,f8a8fc369ae59e8efc677731d2feda95,delivered,2018-02-25 10:54:43,2018-02-27 04:31:10,2018-02-27 19:33:51,2018-03-14 21:22:44,2018-03-22 00:00:00
d4f742f7a223add48641c06ac0b96a25,cd02136ffff7628117d0f2996bb55f00,delivered,2017-07-14 17:10:11,2017-07-18 05:55:29,2017-07-18 14:38:01,2017-07-24 16:52:48,2017-08-10 00:00:00
7425d957984121c030d282eb7cfdca25,31930330d835f3bf4d84ad22f977a310,delivered,2018-01-26 13:39:44,2018-01-26 17:04:00,2018-02-09 13:23:37,2018-02-14 21:25:08,2018-03-08 00:00:00
acd1ab087bd68263c7eaf9a67df3da92,daff41a861c8bfeb410ce43d3e2a644f,delivered,2017-09-08 14:15:29,2017-09-08 14:25:16,2017-09-13 21:32:30,2017-09-19 20:08:54,2017-10-03 00:00:00
e55445ddc4194e562e73e0fb3b49f26b,e904e6fe5895cf401fd990b33c24ccb4,delivered,2017-11-19 21:38:26,2017-11-19 21:50:20,2017-11-22 23:33:09,2017-11-23 23:12:17,2017-12-01 00:00:00
309b8f761fc683dcad0b537f02da25c2,cd47581e8adae67161f5c5d75af64c22,delivered,2017-12-21 15:30:46,2017-12-21 15:50:01,2017-12-21 23:33:55,2017-12-28 21:14:11,2018-01-19 00:00:00
de3e2a6586207ab341873057bac579d2,ad35419bfc1690a388c7fcccfc271ac4,delivered,2017-12-18 14:59:25,2017-12-18 15:57:37,2017-12-20 11:13:48,2018-01-05 14:39:20,2018-01-26 00:00:00
fda1a539f5eb9cb47272718d3b833f79,42526d4680d169906a64be9934f065f8,delivered,2018-04-21 16:19:21,2018-04-24 18:34:08,2018-04-24 16:32:14,2018-05-02 16:36:53,2018-05-17 00:00:00
cf1d3b9884aa522eaff20488d9b1a1d9,b5e3a1b21d46d53d2ceb0c6c00127ffa,delivered,2017-06-09 15:41:31,2017-06-09 15:50:23,2017-06-13 15:59:49,2017-06-19 13:34:48,2017-06-30 00:00:00
7aa4279cc25c67bbcf033b0ffa8e5587,e856f89269e191682aec4066d32ffa45,delivered,2018-08-15 06:58:44,2018-08-15 07:10:18,2018-08-21 15:37:00,2018-08-27 21:18:38,2018-08-24 00:00:00
c03db9e9e3664ee812e8fc4d00f324c9,9bca1f1ee89cfc3207037cc520ac5978,delivered,2017-12-05 20:47:52,2017-12-07 20:51:06,2017-12-09 13:22:40,2018-01-15 15:15:15,2018-01-05 00:00:00
9761e698e3d390c91d88364fb6a5ef11,4f627c252cbdf3a0501a99755ddcf1e3,delivered,2018-04-02 07:52:14,2018-04-03 07:08:22,2018-04-03 21:33:10,2018-04-24 20:51:56,2018-04-20 00:00:00
a41ea90d3b4f4a5ab7ebb216052db212,2090ce99e86d467bfffb7fc760673b63,delivered,2017-06-10 17:16:00,2017-06-10 17:25:19,2017-06-13 16:37:03,2017-06-16 16:44:07,2017-07-13 00:00:00
6c352b528099b507dd4b05c4b4c79a06,aeaf4504dab3228eb43bd9c6d8a328b0,delivered,2017-08-31 13:21:49,2017-08-31 13:35:19,2017-08-31 19:21:49,2017-09-01 15:33:14,2017-09-13 00:00:00
f979267a9c0c47a8c7ad427ba7cf3407,90e62e6099a2dad9ded0f79af4e9f980,delivered,2017-08-03 17:11:26,2017-08-04 17:15:16,2017-08-07 18:35:57,2017-08-11 11:20:09,2017-08-23 00:00:00
97691a90d5eb8a7124ddb5908851274e,b1692937ab119c324f7405339cb8aa2e,delivered,2018-01-07 10:49:14,2018-01-09 07:24:46,2018-01-22 21:51:31,2018-01-27 01:56:24,2018-01-24 00:00:00
50d36900e2abb216027b96c46c79015b,60090c6dbcb67b1b20e123502c7ff9d8,delivered,2018-03-05 11:58:25,2018-03-05 13:55:48,2018-03-09 21:28:56,2018-03-15 21:16:47,2018-03-29 00:00:00
1a7da20c277ccf1418cd18daa7a169a9,8c7528c4ac5886060dee985b0de04eff,delivered,2017-08-20 21:59:06,2017-08-20 22:15:15,2017-08-21 22:09:01,2017-08-28 20:19:41,2017-09-13 00:00:00
4e27ad7f1a6821ceddc8442eb1875014,bd41e15fdb17d74a176f31ffdf8987df,canceled,2018-04-16 20:22:37,2018-04-16 20:35:26,,,2018-05-10 00:00:00
f50652beec1e59efe0d56e8f9ad46625,8af2301e41464849b91db80025501c6c,delivered,2018-05-17 16:55:00,2018-05-18 01:17:40,2018-05-18 13:20:00,2018-05-21 16:08:41,2018-06-04 00:00:00
a1e92d086f682e6d8a328e19e14e0621,f8a1cb0051331f57beaf3523f2c17b63,delivered,2018-01-18 12:24:47,2018-01-18 12:34:28,2018-01-23 22:33:52,2018-01-30 01:22:02,2018-02-08 00:00:00
71ebd46bcd6c3ff32ce6da77c9a6702a,6d211b5da3df5fbef51e82591642870d,delivered,2017-10-29 21:22:35,2017-10-31 03:50:42,2017-11-03 22:52:40,2017-11-21 22:29:50,2017-11-23 00:00:00
8cf2872446567a22b4bf3c3b713f6f8b,81acd901ffe4bdfd9c0472376f874ac5,delivered,2017-10-26 19:14:51,2017-10-26 19:26:35,2017-10-27 18:14:06,2017-11-03 18:35:58,2017-11-24 00:00:00
2c5948305d5a014ba38e3bae99c2fa36,3f7a51e1e98b8842843f9e9c49d0721f,delivered,2018-01-17 15:08:03,2018-01-18 02:11:47,2018-01-18 17:03:08,2018-02-02 17:13:32,2018-02-09 00:00:00
ed7cabc96de8c36774b894e98aa73dc2,08d6e9303045f757cdedb89fd0002e4e,delivered,2017-03-12 09:38:04,2017-03-12 09:38:04,2017-03-20 09:27:48,2017-03-24 14:12:59,2017-04-03 00:00:00
59a1c1915aa1c7382762e3adae5f0877,163f94efd732768cf921030d25c332dc,delivered,2017-03-19 12:12:41,2017-03-19 12:12:41,2017-03-23 15:13:09,2017-03-25 09:42:24,2017-04-10 00:00:00
cb9628da43a976b479b45230984a05b8,c5c43d14a781c58ed1fdac7c9652f18f,delivered,2018-08-28 20:49:17,2018-08-28 21:04:01,2018-08-29 16:31:00,2018-08-30 21:51:51,2018-09-05 00:00:00
b68bbbd5dda76726e19662d1f1bc969b,fdd65f620a38aca89f8806d05b42c9e6,delivered,2018-05-04 10:06:47,2018-05-05 02:53:49,2018-05-07 16:16:00,2018-05-18 18:51:37,2018-05-28 00:00:00
6ac7c4ffe3878ed0702e5650d8dd6c26,10bf0b019a1b776b9a90629397367ade,delivered,2017-03-23 16:47:15,2017-03-23 17:03:27,2017-03-24 14:47:51,2017-03-27 12:15:48,2017-04-11 00:00:00
e361c4944dfff94c4945477329b87616,1a9828af2c013e791ceb81f75343886a,delivered,2018-03-13 10:11:50,2018-03-13 11:00:33,2018-03-14 19:32:12,2018-03-18 18:03:53,2018-03-23 00:00:00
059c31805aaf1f282276575595379050,bca0486d0965ba585f95eca2ef0080b1,delivered,2018-05-04 18:54:52,2018-05-04 19:10:11,2018-05-07 13:50:00,2018-05-11 21:52:06,2018-05-23 00:00:00
dde654bf358fcf4943f36337457adaec,60714f8c3737c4bd4b745de1fb196514,delivered,2017-02-18 14:57:36,2017-02-18 15:05:16,2017-02-21 15:49:00,2017-02-24 10:37:41,2017-03-22 00:00:00
726f0c694a95022ab91d41760e1af228,90b932f1e359719ccac9a68ee6dac1ee,delivered,2018-01-20 08:28:07,2018-01-20 09:16:05,2018-01-24 15:43:05,2018-01-26 17:59:06,2018-02-14 00:00:00
6f52898ca671b45edbfd101358850658,8681e534f3d51266c69704526a986c47,delivered,2018-03-17 23:01:56,2018-03-17 23:15:24,2018-03-19 19:46:31,2018-04-09 18:48:22,2018-04-06 00:00:00
39dafb020b5e77c237041b88569db7b0,c1cf96f4c7a7bdfd59d743540c7220f2,delivered,2018-03-31 18:06:08,2018-03-31 18:27:13,2018-04-02 23:28:48,2018-04-06 18:48:41,2018-04-20 00:00:00
d0fb3aa60de69b80cdb04eb31fd28032,d5c0c9ebf69430a2905b27c44adb8900,delivered,2018-01-11 00:25:54,2018-01-12 02:35:30,2018-01-15 17:33:28,2018-02-02 13:28:33,2018-02-15 00:00:00
5cd025a902f47f78979cdf88fb880fd7,b62de7133cbcb894cf0fa524b3c98b89,delivered,2017-07-31 01:45:47,2017-08-02 03:04:14,2017-08-02 20:47:28,2017-08-08 21:43:39,2017-08-22 00:00:00
def30b257b8f2ee7c3a6c8ca06695ddf,a08653fb77996ef39f8dca7e4c231fd1,delivered,2017-11-06 16:45:07,2017-11-07 16:51:06,2017-11-08 17:11:24,2017-11-14 21:48:29,2017-11-30 00:00:00
91b6cbbbf1622738a27f04f25306a6d6,2876fe3349b7c805390e793bf770b5b0,delivered,2018-02-01 23:56:45,2018-02-02 00:15:50,2018-02-02 17:12:28,2018-02-03 15:53:07,2018-02-20 00:00:00
c3ea3d111a47aec730f0a2aa73a6588b,9134102066a5ac7b88ca2ba327e24178,delivered,2017-11-04 16:55:44,2017-11-04 17:06:11,2017-11-07 11:25:45,2017-11-09 21:26:46,2017-12-04 00:00:00
f6c9b168bdd4b2d913398183150f6d2e,9abd82fdd92e333b38bcff6dfc76cabd,delivered,2018-01-04 22:12:26,2018-01-04 22:27:44,2018-01-08 20:48:45,2018-01-19 20:15:53,2018-02-02 00:00:00
76606b013751ab0fc648e671d8bbf16c,2798b51a189b8834e9d8d5907659a4bb,delivered,2018-04-29 12:17:32,2018-05-01 05:55:12,2018-05-02 14:28:00,2018-05-04 02:17:00,2018-05-09 00:00:00
9674b842cc1b2c01f254872763800c1e,3652430bba4db0cca852f701651d7b9a,delivered,2018-07-31 16:19:44,2018-07-31 17:31:11,2018-08-01 13:16:00,2018-08-03 23:48:49,2018-08-07 00:00:00
7052e36ae417756ec2f9d6239f311d8d,6b9a33f401d8354c5d02e52e111716ba,delivered,2017-07-25 08:54:42,2017-07-27 11:43:30,2017-07-28 19:16:36,2017-08-04 15:29:15,2017-08-21 00:00:00
ddcb87eddf4da29aafd1be7658fcef4f,c0b4da14acd1222aab98b2b9c0859fed,delivered,2018-03-04 13:42:10,2018-03-06 03:48:51,2018-03-09 22:48:29,2018-03-13 20:58:25,2018-03-22 00:00:00
a05ae67f6ad2b945b17caa9fde78c4dd,b4e85444a4ab31a0e63c38c090d6d894,delivered,2017-08-30 20:59:50,2017-08-30 21:10:17,2017-09-04 18:51:49,2017-09-11 17:20:07,2017-09-28 00:00:00
be0f8b9e1444dc69d1288a37e32d2895,4471480a2199c933b05f842342a6c57a,delivered,2018-06-11 00:23:42,2018-06-11 00:35:12,2018-06-11 14:41:00,2018-06-15 19:38:36,2018-07-12 00:00:00
654da57158d96035814657b5143bb11b,7edaf2c4de16b035306651cc8840587a,delivered,2017-06-11 20:03:52,2017-06-16 23:33:49,2017-06-12 14:52:53,2017-07-03 16:16:46,2017-07-10 00:00:00
2bae46553a029f4e6c9976e173d676ef,bb238c3218638e73c526bdea9173e8f1,delivered,2018-06-04 10:23:37,2018-06-05 03:50:18,2018-06-05 13:22:00,2018-06-20 12:38:33,2018-07-23 00:00:00
dffe39ab35d34d2dc19f4969b4db43e1,3dd44036d8793402eeaa83d4ebc0479a,delivered,2018-08-20 08:46:58,2018-08-20 14:30:02,2018-08-20 14:49:00,2018-08-23 19:38:27,2018-09-04 00:00:00
4620cc7c4473f6f872e2f2b278f1c6cd,0bc2e73bd83fe784c8e9a761b7c89906,delivered,2018-05-16 06:35:28,2018-05-17 03:34:53,2018-05-21 16:32:00,2018-05-25 16:05:21,2018-06-04 00:00:00
2bde77e41b9d794b0083541a36932a6e,ce24b2d3c1fa768516404a1f3af89c8d,delivered,2018-06-10 21:47:23,2018-06-10 22:18:20,2018-06-12 12:16:00,2018-06-16 01:11:09,2018-07-04 00:00:00
6d987387b063e94301514187b362d3f2,2f1630a0b27c5a05a9c4f22db8d2b2c5,delivered,2017-10-29 15:26:17,2017-10-31 12:47:17,2017-11-01 19:27:05,2017-11-06 16:12:15,2017-11-16 00:00:00
e27f1bbffdd3f7fbcfe975311e0212df,be3164a09bd043a325b0f661781e5915,invoiced,2017-05-13 10:00:58,2017-05-13 11:55:18,,,2017-05-31 00:00:00
ee74d6d02ebb3a2ec7b9038dbb0748e8,ce5b62e98a5241ad9d691700a0b0c47c,delivered,2017-08-08 14:20:27,2017-08-09 12:35:22,2017-08-18 16:05:40,2017-09-04 18:34:39,2017-09-12 00:00:00
390e5f12e01c2af04027580e4cdde515,5e2ebf449bbe52d961a2a13e898eb175,delivered,2018-04-01 10:03:01,2018-04-01 10:15:11,2018-04-02 20:52:48,2018-04-23 13:50:58,2018-04-24 00:00:00
75518a45c276d9863de563ed245edfc5,adbdc433363a070117d747d4dc3524b8,delivered,2018-07-10 18:13:28,2018-07-12 03:35:13,2018-07-27 13:44:00,2018-07-30 18:42:13,2018-08-01 00:00:00
6f6cb07d8b7afc08593305ec1f28e39a,e20e7de2c0080cce2dbdef34344ce227,delivered,2018-01-18 10:55:09,2018-01-18 11:11:20,2018-01-19 17:49:11,2018-01-24 22:36:39,2018-02-02 00:00:00
4a4c6f9e81a1b6f7f8512a987f9fc7e7,a6fae606c87704bb4b297ba5e3b4161d,delivered,2017-10-18 17:14:48,2017-10-18 17:28:15,2017-10-19 16:09:29,2017-10-31 21:06:46,2017-11-10 00:00:00
fc6ef99a4b7e2803585c610285aef179,1bc460ac476cf353ba60f0a5f339f734,delivered,2018-05-05 08:27:10,2018-05-08 04:14:41,2018-05-11 11:33:00,2018-05-21 11:37:44,2018-05-29 00:00:00
77474f59024d12a846fb80577dd24ee4,fe16ef90ab6e14515a95ba2255d7e918,delivered,2017-04-15 14:40:01,2017-04-15 14:55:09,2017-04-17 14:28:12,2017-04-26 14:34:15,2017-05-10 00:00:00
358d037d8ffae310476a0d1f3566dfb8,04de67fa7a027d728d72f1666bdced68,delivered,2017-02-23 16:15:12,2017-02-23 16:25:15,2017-02-24 09:45:35,2017-03-06 12:19:03,2017-03-27 00:00:00
c3ad507aba1f6b47354085e7e6bed0cf,5156283c24fef4abea13a6a6f4469a98,delivered,2017-01-21 19:46:23,2017-01-21 20:01:50,2017-01-25 05:58:53,2017-02-09 15:44:10,2017-03-15 00:00:00
808ecdee681597379a39d3697c8b28f1,d3e38ace62dce86e66465738be3bbe6a,delivered,2017-05-16 18:26:57,2017-05-16 18:35:26,2017-05-17 11:50:19,2017-05-26 07:29:52,2017-06-09 00:00:00
c566b950d2202b136e2ae899fc0f5df4,8c4f09a5ace23a2be2cd287d2e6608a3,delivered,2018-03-03 07:22:19,2018-03-04 07:15:24,2018-03-09 19:21:16,2018-03-18 17:38:39,2018-04-03 00:00:00
8f705decc6b7168523d676183f61b950,bafb9a285fb5972062ebd25c6403c111,delivered,2018-05-13 23:35:58,2018-05-13 23:51:44,2018-05-14 11:53:00,2018-05-16 01:46:39,2018-05-22 00:00:00
442651ec03ad04b3ba5cd034cc8853c8,f9c8f1adcfa05801bc411aba910a8730,delivered,2017-10-05 14:47:58,2017-10-05 15:07:14,2017-10-06 16:46:14,2017-10-19 16:05:41,2017-11-03 00:00:00
7646f2fa9419a132d8ff5528846a48d3,b9374bfb8d4215e1fc67d31d2be24191,delivered,2018-03-03 22:28:24,2018-03-03 22:48:20,2018-03-09 20:07:46,2018-04-29 21:12:32,2018-04-16 00:00:00
ee2cea01096c661886d068781c9dac9a,afbc96f3c48598615bb4d177a6dff471,delivered,2017-08-30 14:09:29,2017-09-02 10:03:27,2017-09-04 19:29:02,2017-09-11 13:30:14,2017-09-21 00:00:00
89db72753850524e71c11a2531aef8b8,12763b16faa47526b11c99cd24f469b4,delivered,2018-01-30 15:54:34,2018-02-04 23:31:38,2018-01-31 21:24:06,2018-02-15 22:39:46,2018-02-26 00:00:00
3c438ee632629e70a91116ac30f8d511,4c8c91d83ede1b23f28cb383db245908,delivered,2017-10-23 15:34:26,2017-10-23 15:49:36,2017-10-24 14:08:04,2017-11-03 19:48:03,2017-11-03 00:00:00
803b11f9f2ca75d45d2274b06fbbc71f,58de8e8cfeabb2443286e9d7a08e97c0,delivered,2017-02-08 18:22:59,2017-02-08 18:35:15,2017-02-10 08:11:58,2017-02-24 10:33:03,2017-03-10 00:00:00
848b3e3349117bb4bcbcd36dc4b98f2b,378ecea65f92a1ec086b469d9d0e20c1,delivered,2017-12-19 20:47:05,2017-12-19 21:53:08,2017-12-21 18:19:01,2017-12-26 18:10:14,2018-01-12 00:00:00
7ed69fbc79fbda50e09caa9c127026e5,1ce59f480a5fbb7054f9f8e59c577858,delivered,2018-04-20 11:30:06,2018-04-20 11:54:43,2018-04-20 21:03:34,2018-05-09 23:38:24,2018-05-25 00:00:00
f4c117265844d99c7265bb3191e9aab2,643922355be93dde01b7c85784dcd798,delivered,2017-02-23 20:49:00,2017-02-23 20:55:10,2017-02-24 07:33:24,2017-03-13 08:51:34,2017-03-20 00:00:00
f610e3e4a9ad8742b67f429e2772ee72,a12395fb1575b647da026ea4b4a1daf9,delivered,2018-07-23 15:13:14,2018-07-23 16:04:45,2018-07-24 14:28:00,2018-07-30 23:32:26,2018-08-13 00:00:00
d5def3e0745284efef0b4dba9009f706,d95825f8162af56bca18b031051af744,delivered,2017-11-17 19:43:05,2017-11-17 20:35:38,2017-11-22 20:18:58,2017-11-26 14:42:19,2017-12-12 00:00:00
9f67054716b5806d7ecb46b0f309e5c3,d01964b58144a472eb91b140dc47f659,delivered,2017-10-30 19:25:26,2017-10-30 21:31:41,2017-10-31 17:42:20,2017-11-06 21:03:47,2017-11-17 00:00:00
97bdf6b97499737a72115988c76e1111,ae49d36ade03648516f355aadba35bb4,delivered,2018-08-08 19:44:39,2018-08-08 20:04:57,2018-08-09 14:47:00,2018-08-15 16:33:37,2018-08-29 00:00:00
bedeb3a0492ddd2b57e977a4a6ca19f1,3162b599d4bc6dbd2f31321cda648009,delivered,2018-03-06 22:09:24,2018-03-06 22:28:48,2018-03-07 23:09:26,2018-03-14 23:46:30,2018-03-22 00:00:00
141ce9b3c6022301d7fbb3d545e2d2fe,3e8048a809ef1932d05ff8a2a0eb8045,delivered,2017-03-02 00:29:04,2017-03-03 01:05:18,2017-03-08 08:14:02,2017-03-15 14:37:59,2017-03-24 00:00:00
a2677b25a26acea6df16cba7c96c612c,5513e61298c776ff659fff29ee5f4f0c,delivered,2018-05-16 11:12:38,2018-05-16 11:58:38,2018-05-16 14:45:00,2018-05-18 18:28:37,2018-06-01 00:00:00
d2f58960c81caf5243ff54e961e470a9,f4db8db2617de3def6b82bc375ecb725,delivered,2017-06-12 13:38:50,2017-06-12 13:50:19,2017-06-13 08:27:32,2017-06-19 14:42:40,2017-07-05 00:00:00
c55c37eaba6a4d19a6465b0c467010a8,7ded66062983b795ca3c8362f33f5a66,delivered,2017-03-27 10:56:32,2017-03-28 03:50:37,2017-04-01 07:15:53,2017-04-10 04:09:07,2017-04-26 00:00:00
6a222dfac7d7cbc4463522eff76e870d,80e0e62eee969f07d409129a5b2908fb,delivered,2017-12-13 19:13:50,2017-12-13 19:30:26,2017-12-15 22:32:36,2017-12-21 20:19:00,2018-01-08 00:00:00
35e848019d8ceb908dc3729407016572,53cde9f80e712a986103679352129e29,delivered,2017-12-03 21:41:56,2017-12-03 22:07:51,2017-12-06 21:27:40,2017-12-28 12:57:56,2018-01-18 00:00:00
8c2836b61bd663d5d6bc64ee2ba06ac6,837dd01ec42575ff76e5b38c0fb5e4d5,delivered,2018-01-04 21:38:09,2018-01-05 02:35:24,2018-01-05 23:14:30,2018-01-06 12:05:05,2018-01-22 00:00:00
78ffbacf7c5428a637e847e5191e4875,424d1b435e0d795202670cbfd165e375,delivered,2018-03-25 23:46:57,2018-03-25 23:55:32,2018-03-27 00:42:08,2018-03-27 18:34:35,2018-04-06 00:00:00
81e2f3f9f9ab4dea091b20c7a652290e,f90b90ce47228752be8ef845070cddca,delivered,2018-05-14 10:44:19,2018-05-14 11:14:11,2018-05-16 08:14:00,2018-05-21 15:41:47,2018-06-07 00:00:00
01f9f30f42a15cb09e70666d0df18856,7b07a86ba7d3c0c53f96bf14ea8ecc1e,delivered,2018-01-15 09:31:14,2018-01-15 09:50:04,2018-01-17 15:05:59,2018-01-26 18:04:22,2018-02-14 00:00:00
65e0e5b714d6228729c256106d12abd4,aaaf0308dd4ee292fd6f57b4e0523cba,delivered,2018-02-08 10:59:26,2018-02-10 02:36:59,2018-02-14 22:36:33,2018-03-07 15:09:19,2018-03-06 00:00:00
3d1a669c8ccacd61bf065e1537d5cad4,2096ad3b905d084c9496b1f4289d57db,delivered,2018-06-04 15:52:44,2018-06-04 16:12:36,2018-06-05 12:12:00,2018-06-06 18:14:59,2018-07-11 00:00:00
95f9129acfa02eeb9182aea571c1854b,936d6e2a7d66d0b100ff47f821e118cc,delivered,2017-07-30 18:55:48,2017-07-30 19:10:13,2017-08-01 18:23:29,2017-08-11 20:15:28,2017-09-01 00:00:00
b6c558bc9bf16297c51b6de95ad26383,09dc5a66a719f60515d3c23a404aa693,delivered,2018-03-21 09:42:08,2018-03-21 09:50:37,2018-03-21 19:46:36,2018-04-06 23:46:29,2018-04-24 00:00:00
7b224eec76af59d82b7cc8a830c70f93,df6ceb3f610fdff386d4ec827f7162fb,delivered,2018-08-09 11:31:06,2018-08-11 02:44:37,2018-08-15 11:14:00,2018-08-22 13:16:42,2018-08-27 00:00:00
936162f860c4a324b3885b223cfdf3a3,c29e086e6a1daa6369659bda861aa23e,delivered,2017-11-06 21:34:55,2017-11-07 05:32:14,2017-11-07 13:39:44,2017-11-18 15:59:36,2017-11-27 00:00:00
e288fa5f1799464f8ec22b005044bf8a,a3a24cb81ef6ea2381fd68794f394176,delivered,2017-10-02 00:28:14,2017-10-02 00:49:25,2017-10-02 19:32:59,2017-10-05 19:38:39,2017-11-01 00:00:00
07440dff5293ea24c5fac25a473c2eef,5941cab9faecc602df8b6e69150b9d65,delivered,2018-03-29 22:53:27,2018-03-29 23:07:36,2018-04-02 15:52:31,2018-05-15 18:49:01,2018-04-26 00:00:00
be47c07fc0095b7f75dafce1451bc891,e222c192449d4567112a069cf7d072d9,delivered,2017-12-16 21:22:15,2017-12-16 21:31:34,2017-12-19 00:33:12,2017-12-30 11:42:39,2018-01-12 00:00:00
8ebbdbcc79e51da16021583a29f2ee21,3975ac6ad466b998b9ed73750192cbbc,delivered,2018-02-15 10:14:59,2018-02-15 10:27:32,2018-02-15 21:38:05,2018-03-15 00:24:35,2018-03-12 00:00:00
13d06edeb94fa2372f6ec6fe8a5a5345,247db263438613c61a4b9dceafd73fd9,delivered,2017-05-25 17:22:08,2017-05-27 02:50:16,2017-05-29 14:40:57,2017-06-05 11:57:54,2017-06-19 00:00:00
e9592428987296ef5360c23a102ef91e,dbdf23b7ee7f22637f2fed7b2f2d2f04,delivered,2018-01-22 16:13:06,2018-01-22 16:33:01,2018-01-25 23:52:46,2018-01-29 17:54:52,2018-02-07 00:00:00
842785266c32e96b693fa76cf473a88f,fd06144f27bb7cd0a11db676d656a9c6,delivered,2018-01-21 13:29:20,2018-01-22 13:50:09,2018-01-24 23:22:11,2018-01-26 18:06:36,2018-02-06 00:00:00
36902bbe975a558efb33459b1cc8eb5b,c0b6c1536ab658f01aacfa7f2dbbebd6,delivered,2018-06-27 18:29:16,2018-06-27 18:50:40,2018-06-28 11:05:00,2018-07-03 18:52:01,2018-07-18 00:00:00
9d107f7c71a717cfcccc479c9e300302,ab23bc8d29aaf7a3978d8e819817575b,delivered,2018-05-27 18:27:52,2018-05-27 18:54:59,2018-05-28 09:29:00,2018-06-06 14:38:29,2018-06-28 00:00:00
5bdb0867cd3ddd505f79a2fc7b2d315d,76523bb9cbac54a9e190b9f652762a27,delivered,2017-10-01 22:44:21,2017-10-01 22:56:45,2017-10-02 20:18:49,2017-10-21 16:21:47,2017-10-27 00:00:00
6bfebeac835b97870a72461537c137ec,d0cc420e8f6516d5fda6490ce1358c56,delivered,2018-05-07 20:24:15,2018-05-07 20:35:28,2018-05-24 09:37:00,2018-05-26 00:38:21,2018-05-29 00:00:00
e8c68bc8849a22ef58e4ee2a76e04dea,d65a1613b6b9aa8043a1ddbc69e337b3,delivered,2017-04-15 12:42:22,2017-04-15 12:55:32,2017-04-17 11:35:07,2017-05-15 08:27:54,2017-05-10 00:00:00
97bbec866dd969e84e907130cbb2fac9,0d367d7f8df89442fd5fe0e74d3e26d7,delivered,2017-09-04 22:51:48,2017-09-04 23:03:59,2017-09-06 21:33:44,2017-09-21 17:28:08,2017-09-27 00:00:00
a7982d7c8e5f1fde0c06a1e958487a19,5f2722a842f2c4139075f98f810e0cd5,delivered,2017-12-05 11:54:47,2017-12-05 12:08:49,2017-12-05 23:13:31,2017-12-13 20:49:05,2017-12-28 00:00:00
a2f52e92cd1090e316f0f92c3615c179,9fc8572c7cf6582b01f270f41429e1fa,delivered,2018-08-10 22:50:14,2018-08-10 23:04:35,2018-08-13 12:01:00,2018-08-17 20:18:52,2018-08-27 00:00:00
f0bfdaee5a30958776a78ce4e83a674e,20c55ae838d61c4c013d1a10c50e7d80,delivered,2017-12-12 12:37:57,2017-12-12 12:48:54,2017-12-15 00:46:12,2017-12-15 23:33:44,2017-12-29 00:00:00
ba4ab82dfc39b245d6688ce6e5d75d1f,32b52863b83b6444493084e1c20a985a,delivered,2017-12-12 18:12:54,2017-12-12 18:31:25,2017-12-13 21:58:38,2017-12-14 20:49:16,2017-12-29 00:00:00
4b6aca1937b0119de6bd8be675067173,186466a658effad41648168416161f25,delivered,2017-10-29 09:27:41,2017-10-29 09:45:27,2017-10-30 16:24:17,2017-11-04 16:49:57,2017-11-10 00:00:00
c00241b8d22988b4f305a817f47bee80,75ce1bb178b20194ab00843a85daae8f,delivered,2017-09-16 15:59:21,2017-09-16 16:10:11,2017-09-19 13:19:50,2017-09-23 17:50:15,2017-09-28 00:00:00
f31d5a3e33c2203f5ae326272b1b6b08,1d2e29d040181acb5d3435af42bffadc,delivered,2018-03-18 13:57:53,2018-03-18 14:10:24,2018-03-23 00:52:30,2018-03-29 15:46:30,2018-04-05 00:00:00
4fee3f207d799bde54c784b3a172f2df,2172e7cb03b6ff992fba64349077a6f3,delivered,2018-04-13 09:43:51,2018-04-13 13:15:45,2018-04-13 22:03:44,2018-04-24 20:26:54,2018-05-04 00:00:00
87680c5e6ba498472b6478862b55f883,cc7e69d6f8d94ebb02c2ccdb08d4de34,delivered,2017-05-10 16:57:39,2017-05-12 02:50:23,2017-05-15 10:56:31,2017-05-25 13:08:07,2017-06-08 00:00:00
ed6104a0027e6a269ce0269f21c67f0c,14f9068e637206960a557817377830f8,delivered,2017-07-15 01:33:53,2017-07-15 01:45:11,2017-07-19 18:33:25,2017-08-04 18:55:47,2017-08-18 00:00:00
c6d2aab4e1535440ff3edc93bd70cff7,9f3a202c07b950692aa1221cd32e976f,delivered,2017-11-06 10:36:50,2017-11-06 10:50:28,2017-11-07 19:28:36,2017-11-14 18:47:59,2017-11-24 00:00:00
7ae08d7647a19235b8c81f7769a1714a,b9551584eba90cdcc0fe7ffa718473e4,delivered,2018-01-02 19:27:33,2018-01-02 19:37:27,2018-01-05 01:04:05,2018-01-08 22:53:06,2018-02-01 00:00:00
231f0baccdba5c1d4ec4dd711da58b1e,47ae470bb0beb1c1fa36c02d77a8246c,delivered,2018-07-04 17:42:51,2018-07-05 16:30:50,2018-07-09 12:16:00,2018-07-12 22:32:16,2018-07-26 00:00:00
2cce76800d1714350808d3b4c0a48d58,5030a4d1a017db1f978c6ea1260d1ac9,delivered,2017-05-20 16:37:21,2017-05-20 16:50:17,2017-05-23 14:28:46,2017-06-07 07:26:47,2017-06-14 00:00:00
feedcd6c137912c39c2201db700def89,ca5e08a085e90fb92a7dd0482e4073b6,delivered,2017-11-03 12:26:39,2017-11-03 12:46:14,2017-11-04 09:59:39,2017-11-06 17:32:27,2017-11-16 00:00:00
4a660f659cd47b892fc643f1fa11d707,2e5e8aa95bd699a5e7adf23762e87fc7,delivered,2017-04-02 07:26:56,2017-04-04 05:55:33,2017-04-05 08:58:32,2017-04-19 13:53:17,2017-05-09 00:00:00
7aea47643f83c856db4ceee0830f39da,b9a421e93374ddb8c87d13b87c5627ac,delivered,2018-05-09 11:41:29,2018-05-09 11:55:23,2018-05-10 09:55:00,2018-05-16 19:20:03,2018-05-30 00:00:00
d657b724ccbf3c04cd34c65f6bbadb10,3f1823485bd1307644714c0406031ebb,delivered,2018-06-12 17:53:25,2018-06-12 18:28:47,2018-06-13 15:09:00,2018-06-20 20:22:20,2018-07-03 00:00:00
2815a8d7291facb79cc8c78f144836b3,452c0341844c3025a99d60d9b058e3f1,delivered,2017-02-05 11:15:12,2017-02-05 11:30:13,2017-02-06 10:14:51,2017-02-16 04:47:38,2017-03-15 00:00:00
0c9548a509e778d5edf0db66b7dd22d4,8d521d4ee311b662cde488c5fea705c0,delivered,2018-01-16 15:33:05,2018-01-16 15:50:44,2018-01-25 22:43:00,2018-01-30 20:48:58,2018-02-07 00:00:00
8869ca127aad76b1ddd3e1c5ef82ebfe,abda07fbc7dacfa31083e66eb96bce7f,delivered,2018-04-08 04:16:10,2018-04-10 03:49:43,2018-04-17 00:24:30,2018-04-23 22:41:40,2018-04-25 00:00:00
7ca1ad2143cdd9d02d4d9c1fe9656f4c,6262b34bbcd894a177d5c890e84c30ab,delivered,2017-12-01 13:46:06,2017-12-01 13:58:45,2017-12-07 15:15:25,2017-12-27 21:33:21,2018-01-16 00:00:00
e6772dda9bdadd4f57d177aff05c59e0,47bf97506ad07fa9e32c567e32fe2c07,delivered,2018-08-06 16:19:52,2018-08-06 16:35:26,2018-08-07 14:35:00,2018-08-13 19:28:49,2018-08-14 00:00:00
38425bf79bd7ed5a28789e2f0ff5f2a4,8f8bb0410866d416640eebf20b05a478,delivered,2017-06-09 10:11:53,2017-06-10 02:55:34,2017-06-12 14:21:58,2017-06-22 14:47:53,2017-07-06 00:00:00
89c0fa1e0faaf0980311b9a1fbd5bb4e,228e2652b503dfbd248e6a13a30447e7,delivered,2017-12-26 11:54:41,2017-12-27 04:14:46,2017-12-27 17:44:57,2018-01-16 18:36:43,2018-01-23 00:00:00
2c36a11b47ea60c4f373b5891a8d8488,f66f5f591ef53104062fbca23be55104,delivered,2017-06-12 20:15:00,2017-06-14 02:15:13,2017-06-16 13:17:40,2017-06-29 11:58:33,2017-07-05 00:00:00
a3d2749aaa405784d0e2b8472e420ca4,618f0a4ffb07d53e0485b9515d12514e,delivered,2018-05-21 10:36:48,2018-05-21 15:32:16,2018-05-22 14:48:00,2018-05-24 21:33:23,2018-05-30 00:00:00
b422d4bf31b728380653b1ce72e011b3,a212a6ed52c9cc7ec1c4aad6bc66f546,delivered,2018-03-05 20:34:23,2018-03-07 02:49:01,2018-03-15 19:06:31,2018-03-22 20:27:41,2018-04-02 00:00:00
5729676c9570f1edb39c7a1f01e4e0e6,2d42097081e700cc51db9476e4f077b8,delivered,2017-04-15 17:37:04,2017-04-15 17:55:18,2017-04-19 14:10:01,2017-04-26 12:58:15,2017-05-08 00:00:00
de3574da763e9c4950cfc27933332396,f2468e9b3de6ba79a57728bbfd70527f,delivered,2018-06-04 07:56:55,2018-06-04 08:40:19,2018-06-12 19:20:00,2018-06-13 20:07:55,2018-06-20 00:00:00
38936627aa1233ea6b3f8046c93cd207,b801e80468226e897d1f205bb1770401,delivered,2018-01-11 19:49:06,2018-01-11 19:58:25,2018-01-15 17:59:21,2018-01-20 14:56:37,2018-02-05 00:00:00
1184f47611befe5e28db021be60171c7,9486b85b8f2341d5f5cd6baa107798e4,delivered,2017-11-25 14:04:40,2017-11-28 03:38:48,2017-11-29 21:13:30,2017-12-20 17:27:22,2017-12-18 00:00:00
698856ebb1ed71af56a153fffb47b0a7,5f219b46ac83e78fc79ad77a4acd32e8,delivered,2017-03-23 11:42:09,2017-03-23 11:55:14,2017-03-25 09:26:22,2017-03-31 08:16:50,2017-04-18 00:00:00
519d2277452787b455e35df047b6476f,f90bcfd0da9c6d64675bf7e956f828c3,delivered,2018-08-20 23:52:39,2018-08-21 00:50:14,2018-08-21 10:41:00,2018-08-27 16:52:13,2018-09-25 00:00:00
aa1c3aeff82c1b948ca7036036bb4cae,db34b92431fe812d551d2ea6f6424ff9,delivered,2018-01-26 21:42:41,2018-01-26 21:58:41,2018-01-30 14:26:09,2018-02-06 18:52:47,2018-02-22 00:00:00
0eb9c33251284f7417deb0b30e4f1109,83c6d605f6a12d59a09f08cc3856d393,delivered,2017-07-13 12:15:42,2017-07-13 12:25:10,2017-07-14 19:35:37,2017-07-26 19:28:37,2017-08-04 00:00:00
9461cf76c19c4a544a3e384ba1e4fef4,23a1cd84da198975ae1eac2ce6e03b9a,delivered,2017-03-09 14:27:38,2017-03-09 14:27:38,2017-03-10 12:19:57,2017-03-14 13:54:06,2017-03-28 00:00:00
a61e03b685da969cb1c943792e056c8d,213c1279a8968f4d1b8c277c499a09b9,delivered,2017-08-11 19:50:45,2017-08-11 20:10:11,2017-08-14 18:32:57,2017-08-18 21:33:11,2017-08-31 00:00:00
d92a8706984271de71ada4185b112dcf,f500dd184defa958680246d01f502e13,delivered,2018-05-04 22:52:52,2018-05-04 23:10:14,2018-05-07 14:54:00,2018-05-10 19:21:40,2018-05-24 00:00:00
1778680c0dd08f2bcd27642d236a91f0,b38660d1523cef75218d24553accbd7a,delivered,2018-08-07 19:21:40,2018-08-08 08:24:57,2018-08-09 15:23:00,2018-08-17 19:31:59,2018-08-22 00:00:00
887e4a59707e96b2c7b7112201a4db47,943e8299a7de534ab4c8d6db6cb62f47,delivered,2017-12-04 13:15:11,2017-12-04 16:49:20,2017-12-05 16:45:16,2017-12-19 15:36:55,2018-01-09 00:00:00
d8c67af252d6fb9d0627101531bd3833,0f57e645cecf722b120603d0d6586f1a,delivered,2017-05-09 10:57:58,2017-05-11 04:05:17,2017-05-11 12:50:33,2017-05-18 11:40:06,2017-06-08 00:00:00
1db135327d0fc7840c151b4ea5d5a21a,9b7bd2c566216ccbf2949e83deb6c75f,delivered,2017-10-17 10:14:43,2017-10-18 02:57:37,2017-10-19 15:09:41,2017-11-13 18:38:56,2017-11-10 00:00:00
d6e86df5b1614d493da54c4c87ce7f2d,cda21065f2893613f957663d963d1b67,delivered,2017-07-17 17:10:33,2017-07-17 17:23:31,2017-07-26 01:13:47,2017-08-11 21:15:15,2017-08-22 00:00:00
221b863362f9e6ec4ec0a4f08608a69b,a317108e17ac2499f40ad853aa533810,delivered,2018-04-27 22:30:19,2018-05-01 05:54:26,2018-05-02 14:05:00,2018-05-09 20:40:52,2018-05-21 00:00:00
669c7981751faedef6f92bc287c34205,7226bc2965f2de8ec7b3b0c7336d3d6e,delivered,2018-01-11 18:44:03,2018-01-13 04:55:19,2018-01-16 19:26:51,2018-01-26 17:22:54,2018-02-02 00:00:00
756904aced1cc1a8c19a65e81e94d0bb,83e642b002aaedc0f73ebe1070a6535d,delivered,2017-10-02 00:47:57,2017-10-02 00:56:20,2017-10-04 08:35:03,2017-10-15 16:42:12,2017-11-09 00:00:00
c15582dfe92312e48613b9cb37caf0c8,6ea7da4ec82f5312d79d3b27608478bc,delivered,2017-05-15 18:14:00,2017-05-17 04:05:22,2017-05-18 10:43:34,2017-05-26 07:58:40,2017-06-14 00:00:00
192de94c5d82086caf648552314731ad,3a1325eb0f3275e1e22b30c47a852633,delivered,2018-04-20 09:31:43,2018-04-20 09:52:53,2018-04-20 20:37:34,2018-04-23 18:24:34,2018-04-30 00:00:00
50f3744f49a3eebbef56210a31a6d365,948dfa11dc0e5d8ec0d83d72f35c53d4,delivered,2017-11-24 21:59:42,2017-11-28 03:43:51,2017-11-30 22:34:46,2017-12-13 17:39:09,2017-12-27 00:00:00
0f2f8cfaa707ef6df9c6363b3d70ed23,1d8278e9564a98f879c9bd72ae4d45e2,delivered,2018-02-04 21:46:47,2018-02-04 22:09:54,2018-02-15 20:45:21,2018-02-16 20:17:52,2018-03-02 00:00:00
fefb38c13e2d02e92914fef106135dd2,f13d42ec2a36f840049982c60668cf33,delivered,2018-03-06 11:24:03,2018-03-06 11:35:30,2018-03-07 18:54:49,2018-03-14 20:03:57,2018-03-22 00:00:00
a1c1912f0cb35964cd9d989535ca0daf,c04e5815b1b55566ca94507f0540bb2b,delivered,2017-06-22 14:30:53,2017-06-22 14:42:49,2017-06-23 12:46:44,2017-06-26 14:39:34,2017-07-05 00:00:00
7e843e422a53b8895473162e13c2b70f,a63231f577e42f7bad67747bd4489abd,delivered,2017-11-19 11:04:14,2017-11-19 11:15:30,2017-11-21 00:14:34,2017-12-19 14:16:35,2017-12-15 00:00:00
c8fc63e28cfdb28172db4303396499ed,46efdd1ffd0e8c960ee3376ae2f119ad,delivered,2017-07-31 12:13:18,2017-07-31 12:25:18,2017-08-02 16:53:10,2017-08-03 19:07:32,2017-08-11 00:00:00
33d2c0186ded7aca630c76c5c9aff5c3,73ea21eca3b58ea2cd51a2b9b0de4ef9,delivered,2017-08-30 15:46:25,2017-09-01 08:20:06,2017-09-04 19:10:04,2017-09-13 22:37:05,2017-09-29 00:00:00
8d197eef337470b4ef3c9d7ef80d14fb,f09a06597ebdc4eb72ecb8470fef9f48,delivered,2018-05-06 19:01:58,2018-05-07 09:32:45,2018-05-09 10:24:00,2018-05-11 22:47:40,2018-05-17 00:00:00
1d7ff382f46d36ad1c5693e52eb63aca,d967389f3d0d075ea2c49648eafa825c,delivered,2017-09-22 10:34:32,2017-09-22 10:45:48,2017-09-26 12:20:08,2017-10-04 20:33:31,2017-10-23 00:00:00
3fb5cb07abb84703f0890f6c92589bb8,27f79ededcca8576f9fccc6679bd1794,delivered,2017-02-19 18:40:29,2017-02-19 18:50:18,2017-02-22 15:08:20,2017-02-24 13:57:57,2017-03-23 00:00:00
524ea0422eabccf15e4af385f6b153d6,cc8ba8550092fa3b4806cdb82e4892ba,delivered,2018-04-29 22:00:59,2018-04-29 22:15:22,2018-04-30 14:24:00,2018-05-02 13:47:45,2018-05-09 00:00:00
668afd295fa33d9d9b78c4916baee712,502e94558c9d7f3bea3a605dc652cfa1,delivered,2018-07-06 08:26:54,2018-07-06 08:51:10,2018-07-06 09:38:00,2018-07-12 19:52:24,2018-08-08 00:00:00
68a6bc33c20d0ac617d2ebc6bba91b60,c324e4c55f8bf3ccec55d8c6e6c105be,delivered,2018-03-10 18:05:33,2018-03-10 18:15:25,2018-03-12 21:26:50,2018-03-22 00:03:27,2018-04-03 00:00:00
47b04efea2b87358b63ecb45b93ead7e,c94992fc1a60f5ae59f7fad6ad92d84e,delivered,2017-05-10 20:31:02,2017-05-10 20:45:17,2017-05-11 07:48:46,2017-05-19 07:34:46,2017-05-30 00:00:00
3665babae79dfad7eb45a5727408c98b,0e848c477bf820b51d1c9dbe857b5a60,delivered,2017-12-25 20:51:01,2017-12-25 20:59:19,2018-01-03 17:43:37,2018-01-08 18:20:17,2018-01-23 00:00:00
a34a2e4844c9dc002407e7821fd3c8fd,0111b8c89dbd979f8d35037954eb6a39,delivered,2018-03-18 11:01:17,2018-03-18 11:15:32,2018-03-20 17:27:38,2018-04-26 16:12:45,2018-04-11 00:00:00
2ba265d6ef87c9d7e11c3e3b142b3136,52b56e381d745120ffdd216f8b484675,delivered,2018-04-24 20:44:47,2018-04-24 20:55:46,2018-04-26 12:30:00,2018-04-30 19:02:41,2018-05-04 00:00:00
727ac18a317c34424af7a9963df73d79,3928d28e61c87c25d0d81dd65e7303f3,delivered,2017-11-09 13:05:44,2017-11-09 13:16:01,2017-11-14 22:22:50,2017-11-17 12:28:36,2017-11-23 00:00:00
5adcbeb4d91610f3758024785c55d42d,278fba3a5db56083ffb58d5b1ed37afb,delivered,2018-04-13 13:06:33,2018-04-13 13:53:46,2018-04-18 14:38:16,2018-04-20 23:41:41,2018-04-25 00:00:00
466e5cddccc661ae332697cc83dcafb1,1c18d3e8db890e1c91c5210e57515421,delivered,2018-03-10 19:31:16,2018-03-10 19:48:25,2018-03-12 23:28:47,2018-05-06 19:13:18,2018-04-05 00:00:00
a0ac0049119c70e88509f0c8e30564e8,b62f3146b3166158dcb3e9c1f54f5dc2,delivered,2018-07-19 11:22:55,2018-07-20 05:03:21,2018-07-25 14:29:00,2018-07-27 12:31:39,2018-08-06 00:00:00
b49319a7567885327afa4739369e479d,17f711e732032bed29a7f3e782c870e6,delivered,2017-04-28 11:32:58,2017-05-03 11:42:38,2017-05-03 12:18:15,2017-05-12 10:33:56,2017-05-22 00:00:00
b2453a27c249d949fd6f169dcbaa6512,1a22c8ffd16a2c20492cd02e0536a68e,delivered,2017-04-28 00:57:52,2017-04-28 12:59:05,2017-04-28 14:19:33,2017-05-09 09:37:58,2017-05-29 00:00:00
2f3adad02b8b0314fd094fac9fe907b7,571663f5e6a035e2e7acfaf578c64f93,delivered,2018-04-29 15:10:08,2018-05-01 06:15:16,2018-05-02 15:27:00,2018-05-11 16:18:49,2018-05-25 00:00:00
5ed2e5fe2d054f1c4ee480ecc657f995,97b17ba28195599bb4b49da786d8acfa,delivered,2017-11-17 00:55:20,2017-11-17 01:06:57,2017-11-21 23:38:52,2017-11-23 17:09:39,2017-12-14 00:00:00
c820d5fbb72e2b0a48074c0f7f08a295,e8ac28789133afe8f118a6cb8776d322,delivered,2017-05-08 08:06:54,2017-05-08 08:22:16,2017-05-11 13:07:48,2017-05-24 12:51:45,2017-06-08 00:00:00
500e119c1ffc702e84371d25d5b29f96,4d115b2184ee4dd491a5234665158c4e,delivered,2018-02-01 09:11:36,2018-02-01 09:31:15,2018-02-05 19:49:55,2018-02-21 23:43:41,2018-03-02 00:00:00
a5fd46480530fe84051edbf96b8beb9c,f2ad4abfa3daf84047b848a2e8153271,delivered,2018-04-05 09:44:30,2018-04-05 09:55:47,2018-04-07 01:14:40,2018-04-10 16:48:32,2018-04-30 00:00:00
0f559863677fb17eed36c4374e198a93,579b6f64ab4ef6bf5a843206bb419bc7,delivered,2018-03-31 11:46:40,2018-03-31 11:55:21,2018-04-19 23:24:28,2018-04-23 21:32:13,2018-04-17 00:00:00
36815333081d25c7dcb347185e93d073,6a4ed1cc3af287bcc9fe6abfbbceb84d,delivered,2018-07-27 11:21:46,2018-07-27 11:35:14,2018-07-30 17:58:00,2018-08-01 19:54:51,2018-08-06 00:00:00
ca2bf936bb1f3bc31d83dd119beb1efc,6879e4ce134c4bedac15cd492ad81fbc,delivered,2018-07-13 09:16:08,2018-07-13 09:30:13,2018-07-18 13:04:00,2018-07-26 16:58:28,2018-08-08 00:00:00
68435f1e783a9283f9855607d7bc4ca1,bcd30f8834c2e842f37203c4b3327043,delivered,2018-02-15 11:21:09,2018-02-15 11:30:42,2018-02-16 15:39:19,2018-03-01 12:59:53,2018-03-13 00:00:00
6f585e3d1235b5a3e6a640b8858e1b4f,fe902415f7a8cb6528b7b20b4f7e5454,delivered,2017-10-08 14:39:31,2017-10-08 15:01:31,2017-10-09 17:14:12,2017-10-17 21:04:32,2017-11-06 00:00:00
811da02bb93fa66e8ecc0f6b500cf62b,79f56f5284d3a9cf70fbdbfba977db7a,delivered,2017-08-17 10:09:57,2017-08-17 10:25:17,2017-08-18 17:52:24,2017-08-30 21:28:56,2017-09-06 00:00:00
0d56a8368c4b0250b75177a8ce041fb3,530345c92807cfe2e30133d407a9d324,delivered,2017-09-15 20:12:37,2017-09-15 20:23:53,2017-09-19 14:12:57,2017-09-21 18:33:09,2017-10-03 00:00:00
4c5217fb6ab39cfb5403395d85f26311,c2b2dddae69440202ae09ed199f75c28,delivered,2018-05-25 11:09:55,2018-05-29 03:14:34,2018-05-29 13:44:00,2018-06-18 19:36:34,2018-07-03 00:00:00
4cd78b110e3729b0dbfbf21df03ec1eb,b1eaa3755ba6ed57cf89dcb616f1a551,delivered,2017-03-21 10:56:04,2017-03-21 10:56:04,2017-03-21 13:01:45,2017-04-03 16:13:46,2017-04-13 00:00:00
f760916b8d3de2f236dc4c6f103b5a19,def1c143261d4d704d27162c2af959d7,delivered,2018-01-16 16:45:33,2018-01-17 03:35:32,2018-01-17 22:19:36,2018-01-30 20:25:02,2018-02-15 00:00:00
5f36ab96d98adcdbd05d08d54100f1e1,967598e7784bf78eb9230c6ba6344d9a,delivered,2018-03-26 11:20:29,2018-03-26 11:47:33,2018-03-28 20:21:53,2018-04-02 20:17:49,2018-04-12 00:00:00
076008aa37f0393fff972b8b0121fd94,7f2bea5e1e2401a11a15c1e666445196,shipped,2018-06-08 19:05:44,2018-06-09 19:10:56,2018-06-11 13:12:00,,2018-06-19 00:00:00
2a5c45b004d16284b462d61b46ed1460,b6d0aa0a236de4891b11f88498c05f26,delivered,2018-07-13 15:52:07,2018-07-13 16:05:18,2018-07-16 18:34:00,2018-07-26 19:36:32,2018-08-13 00:00:00
bd68fa144029a95327200fd368b4f4bb,d01ba41facfbcb4ada62462ea4d68577,delivered,2017-12-06 14:16:13,2017-12-06 14:32:07,2017-12-07 17:59:13,2017-12-16 17:21:49,2017-12-29 00:00:00
f8156c3c902b5ae88ac59a6c7b28f72a,428ed8065f1b2eb32338b0ff5f30c8d1,delivered,2017-01-17 11:21:45,2017-01-18 02:10:20,2017-01-18 16:00:14,2017-01-24 12:21:29,2017-02-27 00:00:00
1f31fc163d36ff823c54a14e947b5bc8,3516fe1f76836656ef2b0606179ad3ce,delivered,2017-08-19 22:15:06,2017-08-19 22:30:05,2017-08-21 21:27:53,2017-08-24 14:07:43,2017-09-15 00:00:00
4ca31d816ef051b337c5b2ecdbd58b77,f9ccfaeb8525f18b31359f04c1490d63,delivered,2018-06-22 23:18:46,2018-06-23 01:40:11,2018-06-25 08:05:00,2018-06-28 13:28:41,2018-07-17 00:00:00
1d090f0194c35ed8b589f82f102bd758,fd453c63f0f4d5bcc17d43c076dba510,delivered,2018-04-28 17:05:06,2018-04-28 17:15:15,2018-05-02 14:58:00,2018-05-09 20:37:52,2018-05-22 00:00:00
aafb4f98c5f3caf0728c00f0c5e79899,88ed670f1c8478bb99d01d6a8d9cf2ab,delivered,2017-12-19 15:53:53,2017-12-21 02:12:49,2017-12-22 17:59:14,2018-01-03 18:07:40,2018-01-12 00:00:00
f625f27cfbdbca01646e97b4c4bc0a69,9cf67ef86977eb05daa554d987edd46d,delivered,2018-01-23 12:49:41,2018-01-24 17:59:08,2018-01-25 21:49:57,2018-02-06 17:58:40,2018-02-19 00:00:00
297358750c4d97989ee76a22ce38764f,0b6f35a17065f42b4737c5978235e61a,shipped,2017-08-25 22:28:41,2017-08-25 22:45:11,2017-09-13 21:39:45,,2017-09-20 00:00:00
96cf7ecd8c676d61be261ffdda90b008,4db8e7231d058620315de1fea6ad9ae8,delivered,2018-07-17 16:22:32,2018-07-18 02:41:51,2018-07-18 13:47:00,2018-07-20 16:38:41,2018-07-25 00:00:00
6267698d4c51c2ba30ffcea3adb00e95,8ed895f86b74bac6049066ea7a44c7c2,delivered,2017-03-30 16:07:31,2017-03-30 16:15:12,2017-04-03 09:12:56,2017-04-20 09:17:33,2017-04-25 00:00:00
f597f78ae625c3e106ebe17e6e0cdeff,73d3b4069b0e042ecda8c77884a5474a,delivered,2017-11-16 00:03:35,2017-11-16 00:26:51,2017-11-16 17:22:00,2017-12-06 17:07:42,2017-12-15 00:00:00
70e028766affefb2a0c1dbe2cc075f2a,d3a69c89043aa2f5871e2f408f9c586f,delivered,2017-10-02 22:59:34,2017-10-02 23:14:16,2017-10-04 16:10:21,2017-10-13 19:33:10,2017-10-26 00:00:00
484e00a4ba79a175cd91af90f5656055,bb670618203f9cc6fd8b687f4c5954d6,delivered,2017-03-27 08:06:26,2017-03-28 03:45:25,2017-03-29 13:57:36,2017-04-05 13:26:37,2017-04-26 00:00:00
a81c8b86774acbd8736ec06f26772f41,29df9d84d5c2c55f18ca5afe1701f031,delivered,2018-06-09 09:38:29,2018-06-09 09:52:13,2018-06-13 12:05:00,2018-08-17 11:54:45,2018-06-20 00:00:00
19ac9c16a1ba1aad8f39aee10e7daef2,7c7c111ae872ea147556a0bcf3298488,delivered,2018-04-20 13:27:24,2018-04-24 18:57:07,2018-04-23 23:25:30,2018-04-30 19:58:51,2018-05-16 00:00:00
6d47b47d25de405d24f3f4c9378e09e1,5e04cca388614d2ee9d7967921b1a67d,delivered,2018-02-21 15:26:36,2018-02-21 15:35:35,2018-02-22 20:26:37,2018-04-11 12:55:28,2018-03-19 00:00:00
efda1132a96e6eed1831215008aeed17,895bb1651fed84d066b4ee21258f0a9e,delivered,2017-11-24 00:32:03,2017-11-24 01:09:34,2017-11-24 19:02:43,2017-12-16 00:52:06,2017-12-22 00:00:00
df23ed2daa7af696a5334c284dbc13ba,2b929021a055399bece4bf1464d20343,delivered,2018-01-16 17:27:32,2018-01-16 17:37:52,2018-01-17 22:19:34,2018-01-28 17:02:51,2018-02-07 00:00:00
5c1bb17af6206762f786319af540cd0a,bc45a57dc2dd1214356af83eb57a46f3,delivered,2017-04-10 15:14:47,2017-04-10 15:25:16,2017-04-12 14:27:11,2017-04-19 13:53:22,2017-05-04 00:00:00
800deb240c0633d6f980c1274f122c6e,9ac1e117d9a236babb452f12b3a8de19,delivered,2018-05-11 16:59:56,2018-05-11 17:10:18,2018-05-18 14:20:00,2018-06-05 20:44:46,2018-06-06 00:00:00
66867ff6f46277ae01fa031b8cf249b9,35031ec31fe5263ecba251622833bf3d,delivered,2017-08-09 15:05:46,2017-08-09 15:25:18,2017-08-10 19:37:46,2017-08-16 16:54:15,2017-08-29 00:00:00
8f8d350bb10d0bc7e257f7e51ffe45af,2c0982ab1f56981193c7074bc9fb4c6e,delivered,2018-03-01 13:25:51,2018-03-01 14:35:39,2018-03-02 21:24:57,2018-03-15 17:55:40,2018-03-29 00:00:00
819928f65fed7471ab4f5a39391bd67f,cbac4e3f2112643125519cc78eeb5325,delivered,2017-08-18 16:59:10,2017-08-18 17:25:17,2017-08-22 20:39:32,2017-08-25 18:10:14,2017-09-12 00:00:00
6b9a9e40ac9cdf69e9d4c2643e7d9e21,c3fc8604c40c3c96fa3cd66cdf3bd403,delivered,2017-10-19 21:28:16,2017-10-19 21:49:16,2017-10-25 19:03:47,2017-10-31 19:12:14,2017-11-10 00:00:00
b5c266ddb80e22c5857e6c88e559afd0,e4ee9dc87f21faabb3d9665d49173d67,delivered,2017-11-28 10:31:17,2017-11-30 02:25:20,2017-11-30 22:42:07,2017-12-22 16:32:50,2017-12-26 00:00:00
ff71192864ceab61b9a0c677ba7f409b,a55002f0d9ba4aa981a3cc93c669617a,delivered,2017-05-28 22:38:35,2017-05-28 22:50:07,2017-05-31 11:21:07,2017-06-08 14:33:38,2017-06-30 00:00:00
519e5b17180d3ebefad6f7b8c1a6c7c6,ceb7e01a91f28cc8b5e10d35c7a7f376,delivered,2017-03-09 18:59:23,2017-03-09 18:59:23,2017-03-14 13:07:42,2017-03-20 12:08:35,2017-04-10 00:00:00
7e052adff60e437b0c8537498c146c84,9a906ee5700b9d34c491088cb85df5ff,delivered,2017-08-21 10:59:41,2017-08-21 11:15:08,2017-08-22 19:55:56,2017-08-26 12:04:57,2017-09-11 00:00:00
f2ab8dadc7b9d7c7385ce34e48a2526e,f5e4b92cac2678c4948e15a55f0ce820,delivered,2018-01-29 13:24:32,2018-01-29 13:35:26,2018-01-31 00:23:07,2018-02-05 23:43:14,2018-02-20 00:00:00
2a6a114fe2292f31891a707ff4731e25,387ac5f7b3d7573ff2fff3d753958d0d,delivered,2018-04-25 22:44:04,2018-04-25 22:55:21,2018-04-27 12:32:00,2018-05-12 11:18:38,2018-05-23 00:00:00
bd9c7d72943c5118f03bb7524043e0fd,fcbe3f42ab6dc11cfacdfb880a746ffd,delivered,2018-08-27 14:21:30,2018-08-27 14:35:24,2018-08-28 13:37:00,2018-08-29 18:44:39,2018-09-03 00:00:00
dc549de29b05dad7e04a830974bd9278,2732f28bcf2cc84ee0b5ff194170d79c,delivered,2017-07-18 10:14:08,2017-07-18 10:25:21,2017-07-24 19:27:46,2017-07-26 03:14:23,2017-07-31 00:00:00
dd9da3d7a26689e951d0153988f8fb2c,df89ed6b30c452e7d4959378606ce553,delivered,2018-02-04 19:46:01,2018-02-04 20:24:06,2018-02-05 23:46:34,2018-02-20 00:59:05,2018-03-13 00:00:00
45a641de1ae2ac645aa11afeb528e0c9,a52c47efb5582ffe518d7ee7288baf96,delivered,2018-07-29 17:25:30,2018-07-30 18:31:30,2018-07-31 13:51:00,2018-08-04 18:11:56,2018-08-13 00:00:00
1d7d5d5faa494e404da35277f9b0c302,82de16b6fef9f658cd654343c683083e,delivered,2017-08-20 21:54:16,2017-08-22 03:55:20,2017-08-24 18:07:54,2017-08-29 18:53:53,2017-09-14 00:00:00
1c036a86b23c31b9383c1e6f67a94652,4f2861247d5aadcb075836a5e43bed28,delivered,2018-07-18 09:16:18,2018-07-18 09:30:15,2018-07-18 13:25:00,2018-07-23 15:30:02,2018-08-01 00:00:00
63f8151f2afc1d5465d47f4c00c029ae,fd90594986bcfa3d3d8124459319b449,delivered,2018-07-24 16:15:19,2018-07-24 16:31:29,2018-07-27 14:47:00,2018-08-04 10:54:56,2018-08-02 00:00:00
c69f94d6f227f2384dc83c6ee5deff10,c31395b6a8c03ec7663c19c51d9622c2,delivered,2018-06-07 06:00:58,2018-06-07 06:15:09,2018-06-08 14:08:00,2018-06-15 22:31:59,2018-07-13 00:00:00
5039f5a43f5ff6b05bce59d10fba8cbf,20211f3cfcf1818d8e0bd151f7007309,delivered,2018-07-20 17:16:04,2018-07-20 18:00:07,2018-07-23 14:04:00,2018-07-26 16:21:22,2018-08-10 00:00:00
3b513d4810b2c2de5e551d0edee87865,e1e6ba5ad13d5baf7ce61a372f6c9818,delivered,2017-12-20 19:14:48,2017-12-20 19:30:26,2018-01-08 21:22:49,2018-02-27 19:13:36,2018-02-07 00:00:00
ba9bd6945bfd574bc44edb1a6276a198,b045b9fad2425e2aa00751699ad7065d,delivered,2018-03-20 13:02:54,2018-03-20 13:15:45,2018-03-21 18:52:34,2018-04-03 13:59:05,2018-04-09 00:00:00
161743a94abde3599def5bdce166684c,a185ce376d3eb3ab5e85d248779cdd7c,delivered,2018-05-08 08:10:04,2018-05-10 03:50:26,2018-05-10 12:15:00,2018-05-15 20:08:00,2018-05-30 00:00:00
035da499656c96f8f1cf920dd57ddc49,6dab4e63a2a40fef7c3cb46ab8083922,delivered,2017-04-06 13:02:52,2017-04-06 13:10:45,2017-04-07 12:04:32,2017-04-18 15:56:50,2017-05-02 00:00:00
62f57626e12b27935d0f8bd53594d616,d5a14b1101ecd0dbb3c0744db00dd883,delivered,2018-05-03 16:58:23,2018-05-03 17:10:20,2018-05-04 13:06:00,2018-05-15 16:56:38,2018-05-17 00:00:00
b4c378fc7efa4921d498214f89ff5f52,e1025970513db820041ca58bfa27a596,delivered,2018-03-03 18:04:12,2018-03-03 18:15:33,2018-03-05 18:06:15,2018-03-15 15:38:40,2018-03-29 00:00:00
d8c637c43a0a5a1c7ee79aad5ae359a2,fbeb55dc0e4840f633885ce010e07a45,delivered,2018-07-08 11:38:41,2018-07-08 11:45:43,2018-07-11 07:43:00,2018-07-13 21:04:04,2018-07-20 00:00:00
0b29af0ace8656af84d2a20b635e697b,b583ca6364f9ea2135c2dd9d3a3d1f1d,delivered,2017-08-05 20:27:54,2017-08-05 21:23:31,2017-08-07 22:23:45,2017-08-22 20:07:45,2017-09-06 00:00:00
81181d82c573fb30b92f2af5153bb1d5,e56ce4689512e697224175875860f077,delivered,2017-12-27 18:12:13,2017-12-27 18:27:24,2017-12-28 22:04:13,2018-01-08 20:37:49,2018-01-30 00:00:00
28deb75c8cd00d9b37fc3376aca1cc09,1e44f87bfae5a9d7d58881727051db1f,delivered,2018-02-03 14:07:55,2018-02-03 14:30:21,2018-02-08 22:23:56,2018-02-23 17:53:11,2018-03-14 00:00:00
17d22657f0987dcb5df8abd4fa057f8c,1028d10bd7d1b06c571a8b080b855660,delivered,2018-05-15 07:19:43,2018-05-15 18:16:03,2018-05-16 15:47:00,2018-05-21 16:55:27,2018-05-30 00:00:00
678f8df5b1e3e9e562a7587b5a1143ba,7a366704a9562a585054e6a2c02f33b8,delivered,2018-01-11 18:04:09,2018-01-13 04:55:00,2018-01-15 19:08:59,2018-02-11 16:36:26,2018-03-02 00:00:00
b62939b805109a6cc3874aa9ae3ac253,450e5c83c3396f9f80f6628763f4a28b,delivered,2017-11-14 22:00:16,2017-11-14 22:16:21,2017-11-16 16:57:13,2017-11-24 22:42:53,2017-12-11 00:00:00
dddb0be31f3ee940cb28224f09315978,09925cbe133c99a8fc4512393f569b3b,delivered,2018-02-22 11:40:05,2018-02-22 12:20:23,2018-02-22 23:09:19,2018-03-06 00:47:27,2018-03-26 00:00:00
fea4df6f0bd3b6a85cfe1555dad66203,65d6ba70d7f0d0d81347734167257877,delivered,2018-08-14 17:42:27,2018-08-15 16:55:26,2018-08-16 14:29:00,2018-08-22 23:59:23,2018-09-14 00:00:00
a90cb228a7ad5657d36829d1248d163f,7917fb9df8b0003b3a5cf652bb08a710,delivered,2018-02-28 17:53:49,2018-03-01 03:30:41,2018-03-02 03:23:25,2018-03-02 19:59:04,2018-03-13 00:00:00
45e54aacb62da6bd3c079f5148d52d27,a8c0dfe9a2d3319db98a6b8a78395900,delivered,2018-03-28 10:25:36,2018-03-28 10:35:17,2018-03-29 20:23:06,2018-04-11 23:58:39,2018-04-17 00:00:00
6da26425f18bd6e1d4be0e8be50162a3,9ec1d30277aabbe59336c81c697b60ea,delivered,2018-07-18 12:26:54,2018-07-18 12:35:21,2018-07-20 14:01:00,2018-07-31 16:32:34,2018-08-09 00:00:00
823fe1a57db195a2e5cf3e1297d831cb,0b7a32b0c1338452e8ee959a40fdfbae,delivered,2018-06-27 17:55:10,2018-06-27 18:12:41,2018-06-28 14:55:00,2018-07-04 17:58:47,2018-07-19 00:00:00
e99a451628b46086835d5da0bd58c932,aa38324da86e7b1035b4e924c960dfa5,delivered,2018-07-13 19:45:38,2018-07-13 20:04:02,2018-07-16 13:26:00,2018-07-26 18:08:34,2018-08-02 00:00:00
8bf4eb65d620b4b9cdc2c6c6dd4934cf,cb31d6327bbe3415b3f316ca925e8003,delivered,2017-12-18 18:53:39,2017-12-18 20:30:34,2017-12-19 17:12:18,2017-12-20 14:22:56,2018-01-05 00:00:00
ed712eeb5678e9923b98f99407110d9d,a72e35b6d5f7bf2c3ab65d04d9b4f61b,delivered,2017-11-06 22:24:02,2017-11-07 05:31:31,2017-11-08 13:59:35,2017-11-20 21:27:04,2017-12-04 00:00:00
60f5ff66c997c51c2563dc9c38f17c35,22148058840f9cdf34c516ec250cec95,delivered,2018-05-08 22:04:11,2018-05-08 22:31:47,2018-05-09 11:11:00,2018-05-11 19:58:33,2018-05-24 00:00:00
063bbb83c80ba8c04934c9ff389be77a,2219a3cc521a24bad7f19a67dc498e5d,delivered,2018-02-07 08:52:01,2018-02-07 09:09:39,2018-02-09 00:06:00,2018-02-19 22:22:11,2018-03-07 00:00:00
c7cecd72d8b7b272d7373802da9b302e,85325278b4594920bad0bee36e824631,delivered,2017-03-26 18:23:29,2017-03-26 18:35:09,2017-03-27 14:06:05,2017-04-06 14:16:00,2017-04-13 00:00:00
9f9d6c357b70abad67fe261ff6499a1c,1546083b9da847c3de0b33350ffb2115,delivered,2017-06-15 00:40:04,2017-06-15 00:50:25,2017-06-23 11:32:40,2017-07-05 16:42:43,2017-07-10 00:00:00
bb5a21810a3c7edf1efb45309d98aac9,ca835197242b6040a4ed36cf08916754,delivered,2017-06-06 17:05:35,2017-06-06 17:50:27,2017-06-07 10:57:59,2017-06-14 17:34:08,2017-07-03 00:00:00
662e8576975a6bcc2c504d5a8e650553,aecdfec3c05b05231deef420bd20e28c,delivered,2018-04-06 20:41:09,2018-04-06 20:55:16,2018-04-10 03:57:38,2018-04-17 20:35:36,2018-05-08 00:00:00
867318eda451a721d23a5e0fbc82fcc9,0d3d95013b7a4c460a17c5e041aa0680,delivered,2018-07-10 19:51:58,2018-07-10 20:07:34,2018-07-16 14:20:00,2018-07-20 20:11:44,2018-07-30 00:00:00
9d8b70a59accfd6e1344d2d23d5b8ceb,b2307f8cc75c461b1187c98a5d91ed2a,delivered,2018-07-21 20:09:58,2018-07-21 20:24:07,2018-07-23 15:46:00,2018-07-30 17:40:41,2018-08-14 00:00:00
8c8527960c6b98fe66936cff2603d394,7b7e1565386ae5a382118296494338ab,unavailable,2017-07-03 09:12:25,2017-07-03 09:25:11,,,2017-07-14 00:00:00
523824180b3b651c5d233b761bdd7597,f0f0d3072b7438ab1aab58129a339a98,delivered,2017-09-20 13:29:14,2017-09-22 05:35:32,2017-09-22 19:33:08,2017-10-07 06:03:37,2017-10-17 00:00:00
5c1b09b16e9d36654fedd10fab2b7861,7d4096ba1f8acb8a30c8a066d7426ddc,delivered,2018-03-14 19:48:34,2018-03-14 20:08:19,2018-03-27 23:27:29,2018-04-05 21:08:43,2018-04-20 00:00:00
26e91b596719ec194aaac895f6d2554b,0fc8fcca7eb5aa34b1dd8c4c0491d95e,delivered,2017-06-22 16:38:20,2017-06-22 16:50:13,2017-07-06 10:07:40,2017-08-04 19:10:13,2017-07-19 00:00:00
25080237d0a969f93948203985e3b324,ee52259681df8fabab268236704fdb0d,delivered,2017-05-12 13:24:47,2017-05-13 13:35:18,2017-05-15 11:09:41,2017-05-19 12:28:00,2017-06-01 00:00:00
1b2ea47a491df032b8a995d37f045681,3b074f1344638ce0b5d88cd3ff364376,delivered,2018-08-03 22:19:24,2018-08-03 22:30:18,2018-08-06 14:43:00,2018-08-14 17:22:30,2018-08-14 00:00:00
3a81f00da2cf9c1ef4f30b34bf435c62,13ca5bcb48b28bfac0cff36a30b293db,delivered,2018-03-01 20:13:18,2018-03-01 20:35:30,2018-03-02 18:12:18,2018-03-26 20:52:12,2018-03-22 00:00:00
85dc824b1242cdb72addcef5b3ef4233,6fbe7cc67b69143e45695d8025f65ca8,delivered,2018-02-16 17:55:03,2018-02-16 18:05:29,2018-02-19 20:25:16,2018-02-28 16:22:27,2018-03-08 00:00:00
bb2f21010cd5289802f3b79c1bcdface,9d224d1b8630762494d3d01fdf1afe03,delivered,2018-08-05 18:29:59,2018-08-05 18:44:17,2018-08-10 08:51:00,2018-08-15 17:51:46,2018-09-11 00:00:00
ad00d9efa7d8a86cf5722b4f79e9900c,e7084cc2c8adcf6fb17adc7ae1a150ae,delivered,2017-05-28 20:03:04,2017-05-28 20:10:17,2017-05-31 13:35:00,2017-06-07 16:24:56,2017-06-21 00:00:00
a89b268d1a28bab0770e650f25232b06,eb534900c64fcbbe53a4158d78c3bbd4,delivered,2017-01-27 11:38:59,2017-01-28 05:32:05,2017-01-30 11:06:19,2017-01-31 17:27:26,2017-03-01 00:00:00
839f4f226f1d843a3922ddb8b3637cc3,d53b03fbfa45a0e2be9b4032538bc93c,delivered,2017-07-24 21:11:25,2017-07-26 02:23:55,2017-07-27 14:51:53,2017-08-04 20:28:22,2017-08-15 00:00:00
52619537cf1e982e097feae63cd2e083,cb4c6e7b2011034ef5cbe350af33ef2a,delivered,2017-03-27 09:51:42,2017-03-27 10:05:21,2017-03-27 15:29:39,2017-03-29 10:23:02,2017-04-13 00:00:00
d17f9e855544f741648a953891e93288,afc9910dda523bd3e6b83bfa889bbbc4,delivered,2018-02-02 14:25:20,2018-02-02 15:31:21,2018-02-05 20:14:41,2018-02-20 22:50:18,2018-03-07 00:00:00
9b4b9dac4727545d6a2a43633e62faf9,60ed2813fa78b43f432e38f812188271,delivered,2017-03-01 15:19:18,2017-03-02 03:41:48,2017-03-08 15:43:10,2017-03-13 10:15:43,2017-03-24 00:00:00
38303e0a3dce8b2bce37ca13b1c3f9ac,27e329ac3afac4f3dffd7d119e679c8b,delivered,2018-05-13 23:54:31,2018-05-15 03:56:03,2018-05-21 16:27:00,2018-05-22 18:52:03,2018-05-25 00:00:00
98e94d121fb6444de93e426ceeb1e0e0,df2660497087c34c3d0125f7c252a62c,delivered,2018-01-23 12:13:10,2018-01-23 18:16:34,2018-01-24 21:28:51,2018-02-06 13:58:48,2018-02-22 00:00:00
e08f922f045b1291625cda1c4187c7a5,112ef437256ead163d4a365b66cfc539,delivered,2018-01-09 14:21:32,2018-01-11 03:09:09,2018-01-11 18:04:28,2018-01-23 23:44:36,2018-02-14 00:00:00
814e45bc69c7eb4ce275408afbec6633,6a0826e27b0d4fbe7d06f202546881e7,delivered,2018-05-01 12:29:30,2018-05-01 13:35:57,2018-05-04 13:36:00,2018-05-07 23:25:34,2018-05-10 00:00:00
0dd8c916a4beb8512a85d15c9ba4c82c,8fb44e903c53eaad9c5379733823063d,delivered,2017-05-17 14:07:47,2017-05-17 14:22:03,2017-05-19 09:55:42,2017-05-25 14:06:06,2017-06-08 00:00:00
40968775de06095dbc53bace39038550,8efabbe97625deeeb73ff7986462c072,delivered,2018-03-16 18:14:27,2018-03-16 18:28:34,2018-03-21 20:48:26,2018-03-26 17:56:39,2018-04-19 00:00:00
ad829c3ec314b40679b5cf05f1f27025,d0186eb06aa53361d8406e9f209a11b9,delivered,2018-01-09 11:21:48,2018-01-09 11:33:04,2018-01-16 00:57:00,2018-02-17 13:09:09,2018-02-08 00:00:00
8c1b3c003ccc7719485c46e10b176d4b,e7ae50c200e82fc7d197354243745a88,delivered,2018-01-13 10:05:13,2018-01-13 10:12:32,2018-01-15 18:52:00,2018-01-23 21:47:42,2018-02-19 00:00:00
540b0c68a4bc555477ee033cfb99b095,7a95bccde135bf0facd1744d129d19a4,delivered,2017-05-24 21:12:23,2017-05-24 21:25:07,2017-06-05 11:50:03,2017-06-09 18:42:45,2017-06-19 00:00:00
64f342fec608b8d7ec942b807e01652d,905397c6741c5cfab3482c29903adbdb,delivered,2017-07-21 19:05:16,2017-07-21 19:15:12,2017-07-27 22:04:04,2017-07-28 19:15:47,2017-08-10 00:00:00
b40c4af3ffbbc82b406eb247212668f9,2e13d8aee4a4b6ba67b119efad66a999,delivered,2018-01-04 17:09:02,2018-01-04 17:16:26,2018-01-31 22:46:58,2018-02-08 17:22:18,2018-01-29 00:00:00
3010b556dbf5afd68de2811b5ce72dab,9d323f9175b4a6c6673fe35fc669ba73,delivered,2017-06-12 09:38:41,2017-06-14 16:05:21,2017-06-16 12:38:00,2017-06-19 15:48:32,2017-06-26 00:00:00
5981274f06cf3953980d92c65e01d6f4,064c2a4c812f840b0f555748c4a10c05,delivered,2018-03-12 00:21:28,2018-03-12 00:30:45,2018-03-12 20:39:33,2018-03-15 23:11:20,2018-04-04 00:00:00
1e4d22706831af396dafda3b8e91c30e,b7c037214d8880173cd7d21e78733150,delivered,2017-05-14 15:12:21,2017-05-14 15:22:08,2017-05-15 13:51:46,2017-05-26 11:53:57,2017-06-02 00:00:00
8ecf04501b91702b0c93522081cea66a,204db45b1be689b09c9e5c3a705f0409,delivered,2018-05-28 19:14:49,2018-05-28 19:30:08,2018-05-30 13:54:00,2018-06-08 22:26:49,2018-07-16 00:00:00
e07a6c5dd28e6b5ec4806a1ca8325e3b,6a616d99ee01ab693de21c57e49ea368,delivered,2018-04-03 09:35:02,2018-04-04 09:48:43,2018-04-04 23:19:02,2018-04-11 22:56:42,2018-04-25 00:00:00
a9f3eefeba2b707e39dfc81dea76cb3a,4dbd23fc431225ba2ef01b343523afe6,delivered,2018-05-09 13:51:53,2018-05-10 11:36:37,2018-05-10 12:03:00,2018-05-25 14:37:25,2018-06-05 00:00:00
38428b9d195d4ce34ece330a56375cc6,00e731383e6ee1e27962b8707c82d8cc,delivered,2018-02-05 15:35:26,2018-02-05 15:55:47,2018-02-08 16:08:44,2018-02-15 21:37:41,2018-03-02 00:00:00
c9fda8a29af551413a142b672cd43b39,315ddf3319e828ec1a76fe9fb3b4797b,delivered,2018-05-13 22:58:20,2018-05-14 22:55:22,2018-05-17 12:26:00,2018-05-23 14:14:37,2018-06-08 00:00:00
261a8ca735b8270388b09a99abbb1cff,0ed54de90ee8d3e1921c857d6a8d0cd3,delivered,2017-06-29 14:11:25,2017-06-29 14:25:13,2017-06-29 14:55:39,2017-07-17 21:18:31,2017-07-31 00:00:00
ddff0e1a8a73007a387e5edb05973958,74919fdb4ad927fe09adbab786081109,delivered,2017-09-10 12:37:46,2017-09-10 12:50:20,2017-09-11 19:52:07,2017-09-19 12:34:17,2017-10-03 00:00:00
a128fa11811ef2e305f9e43d289b2d36,c5115fd52d63d79474eaa381fa7e539d,delivered,2017-11-26 17:40:04,2017-11-28 03:39:36,2017-12-04 20:58:59,2017-12-11 14:22:57,2017-12-19 00:00:00
640883769bc5da4a077725646dc9995a,fb61e5b4450dbcaa3fe807db4cb2058d,delivered,2017-06-05 18:20:04,2017-06-05 18:35:22,2017-06-07 14:49:03,2017-06-19 13:18:09,2017-06-30 00:00:00
82d3f1b33d98fe40e57af92e75f36e01,8bfddc250644238ea1b1815621655fca,delivered,2017-10-24 16:34:54,2017-10-24 16:49:32,2017-10-25 20:37:03,2017-10-31 20:53:53,2017-11-14 00:00:00
fbefd252743521f142346bb5fa7a422e,569ba71533670533f183c6bdc39cabe7,delivered,2018-06-09 10:15:23,2018-06-09 10:31:47,2018-06-12 14:22:00,2018-06-18 17:41:37,2018-07-05 00:00:00
da7e814c079cfdd00249b4127a6581e9,c434f0f090750e2947398421305ad055,delivered,2017-05-28 19:15:41,2017-05-28 19:30:19,2017-05-29 15:37:37,2017-06-05 12:49:50,2017-06-23 00:00:00
35ee767c6d8dd29df4b683ac20d34c9b,006866a6f9ef10d3a85292859c4deae1,delivered,2018-07-30 11:18:17,2018-07-30 11:35:09,2018-08-09 12:34:00,2018-08-17 14:24:35,2018-08-28 00:00:00
4345c17bd8c32982e0456521679480bb,1a0bbe06da234b12c757578b86a45ed6,delivered,2018-08-11 13:09:30,2018-08-11 13:24:37,2018-08-14 14:27:00,2018-08-22 13:22:41,2018-08-29 00:00:00
0b7e2039e06db8ce4bb3eb25e8659a51,2c7ad69b706e69d968f1a25e8ad2e9e4,delivered,2017-04-24 15:56:24,2017-04-24 16:05:12,2017-04-27 10:15:29,2017-05-16 13:02:55,2017-05-15 00:00:00
ec0bc44edd6eff22baea2a84bf6c0404,33693eda66c5b67355e658c96a35c49c,delivered,2017-03-20 09:09:50,2017-03-20 09:09:50,2017-03-20 14:27:03,2017-03-23 10:14:01,2017-04-06 00:00:00
5dbdb8a54c3c54da706c4b123ea075bc,8f11960c5362b638c98994092e0a45d2,delivered,2018-07-02 16:30:35,2018-07-02 16:50:07,2018-07-04 13:33:00,2018-07-10 11:47:27,2018-07-20 00:00:00
95d2dcc6b6e2bf808404646e04b9748f,c60518f65df171d84c59b29c2070b040,delivered,2017-09-15 15:01:27,2017-09-16 15:55:11,2017-09-19 20:20:08,2017-09-28 19:55:06,2017-10-10 00:00:00
fe9b5da05a7ca954d7dd62c7ebde8f51,43782d05e9190e1425d7736ce63bb48c,delivered,2018-02-19 22:14:35,2018-02-21 06:10:28,2018-02-21 22:25:00,2018-02-22 22:43:09,2018-03-05 00:00:00
51942abe49111ec0fb49141d451793df,e5f30c56c6505051f9f470383245a799,delivered,2018-02-09 14:44:19,2018-02-09 15:28:54,2018-02-09 23:42:24,2018-02-22 18:29:03,2018-03-08 00:00:00
7f7c84dc8cc814c4354d21d64ed73a35,075a4b7fe334714470b69980cdd8ec4d,delivered,2017-10-28 10:50:15,2017-10-28 11:10:10,2017-10-30 20:48:31,2017-11-01 16:47:53,2017-11-10 00:00:00
1e09b85a1e6ef1c95b4c08e874ef7ff0,071a86d714c6f99aa23feeecf538399d,delivered,2018-08-16 06:29:04,2018-08-16 06:44:07,2018-08-17 14:01:00,2018-08-18 12:13:29,2018-08-21 00:00:00
e72b18b71e5d982de591478a060b2821,eaad41d3d3b81fac6a7b314425043b4e,delivered,2018-03-20 22:50:42,2018-03-20 23:08:32,2018-03-21 19:41:35,2018-03-28 21:54:43,2018-04-20 00:00:00
55fd9417304208e5b59e67ff2e1c4ae5,a20ebf0d24eb9d9537e5f16205687af4,delivered,2018-06-27 13:26:22,2018-06-27 13:35:12,2018-06-28 14:29:00,2018-07-10 15:51:03,2018-07-26 00:00:00
bff383eef89a311b25dbb9e0432402a3,56806cf53b6df06ab6320bc1102c34f8,delivered,2018-08-08 12:23:10,2018-08-08 12:35:15,2018-08-09 14:50:00,2018-08-14 03:07:40,2018-08-15 00:00:00
f96187641653e607ec1001aff62bdff0,d19e43bfc6c14d83b972cf699985898e,delivered,2017-11-25 00:05:10,2017-11-25 02:54:34,2017-11-27 20:02:59,2017-11-29 19:17:59,2017-12-11 00:00:00
3083d0620c7cc835cb4c90a8b4895eda,0eb60b1db49f6b8b063fe03c44daa664,delivered,2018-07-01 17:40:56,2018-07-01 17:55:13,2018-07-02 14:40:00,2018-07-10 22:21:17,2018-07-27 00:00:00
ccb8a2df9d55cbe0cbfe1c2f305b1f09,89621045885d619aa92729c28591e631,delivered,2018-05-08 19:54:47,2018-05-09 18:13:34,2018-05-10 08:46:00,2018-05-24 13:58:47,2018-05-25 00:00:00
f7445b0cae0fd4d05894171adcc55931,da8cabd9ce4f78f6007974686cf6d4e1,delivered,2018-06-06 00:42:24,2018-06-06 00:55:27,2018-06-07 08:12:00,2018-06-18 12:32:16,2018-07-18 00:00:00
852ec507c9db5b3b1086cb9e6d89c697,2ffc1f71cc3fcf1f2baf2d9ebac6b29a,delivered,2018-06-29 23:09:13,2018-06-29 23:30:13,2018-07-03 13:57:00,2018-07-06 13:46:57,2018-07-31 00:00:00
73207c3f43cbf7bc33ac5072aca58e46,a9e922a4a80d6fee774f666f1a45ba41,delivered,2017-05-23 13:50:45,2017-05-24 02:22:28,2017-05-24 16:00:56,2017-06-01 16:05:57,2017-06-27 00:00:00
7638719ed77aa57687d32db4173ace35,d2698b87be1408af6c44b099e7590bc1,delivered,2018-06-11 22:12:03,2018-06-11 22:40:52,2018-06-12 10:20:00,2018-06-18 19:12:35,2018-07-04 00:00:00
fcb9ec0e86e6d326a21a96c2008c8610,4825eb6b9fb138f6e32be28a39054bd8,delivered,2018-08-16 16:28:13,2018-08-16 16:49:04,2018-08-16 16:27:00,2018-08-20 19:54:47,2018-09-03 00:00:00
d6a1d76fa4b149278faebfac03272bff,0aaf8035b64dd152699c97ca990a7e78,delivered,2017-12-28 09:47:43,2017-12-28 09:55:30,2018-01-03 20:35:38,2018-02-12 10:35:05,2018-01-29 00:00:00
88b59e460a4c71c9cb07132bc7546161,66905eb09ad32271ee0035c844dda66b,delivered,2017-08-21 09:30:56,2017-08-21 09:44:26,2017-08-28 21:33:01,2017-09-12 19:37:32,2017-09-19 00:00:00
8bebfac09d9574a3739d28cca22a213b,e5d57b03c5c860a05939cc4ce173af6a,delivered,2018-03-19 20:44:44,2018-03-21 15:35:28,2018-03-23 00:54:48,2018-04-20 20:32:06,2018-04-24 00:00:00
45de27572f22822e03786f094dee22f3,5eaca6dbb83458bc7094070e23ab592e,delivered,2018-05-21 08:13:46,2018-05-21 08:31:04,2018-05-21 16:11:00,2018-06-05 15:42:55,2018-06-07 00:00:00
0cb316841c24af560f6af0e3fb36137a,e688102208c1564afce92d987656bf29,delivered,2017-01-23 21:33:15,2017-01-23 21:45:16,2017-01-27 14:56:59,2017-02-09 16:14:30,2017-03-02 00:00:00
6c8c2eaa3f73e88dd6dec1b8e00648e3,2939201dbb94797337b7e580fb86cd32,delivered,2018-06-05 16:09:34,2018-06-05 16:53:52,2018-06-06 14:12:00,2018-07-03 18:02:18,2018-08-07 00:00:00
2d636a17cd38ca705cd5221ea22861f6,ab483cc52c9f32a518ca23b4d420c3be,delivered,2018-03-14 09:36:35,2018-03-14 09:55:25,2018-03-14 20:32:31,2018-03-23 17:38:46,2018-04-05 00:00:00
f0df1737153829ba66d5269909e929a9,1a4b762133b7e44eca5756c5a267615f,delivered,2018-02-07 22:33:47,2018-02-07 23:35:39,2018-02-08 23:47:04,2018-02-23 18:52:41,2018-03-06 00:00:00
fd87f26f55d7a60ee6f71530b416e808,bbcbb915884e700eb649bbe31323cffb,delivered,2018-08-15 20:26:23,2018-08-15 20:43:54,2018-08-21 14:51:00,2018-08-22 22:18:58,2018-08-23 00:00:00
0b97599dd090a41840a4edb5e521bc4d,7dc7f423358e3ece6ab8c863d1da0100,delivered,2018-03-28 19:38:35,2018-03-29 18:30:17,2018-04-03 02:08:44,2018-04-07 12:27:31,2018-04-24 00:00:00
8d32360fedf5e2db2c001122d2fbf799,014693f265c4f52b8c1aa9eb8cd197d5,delivered,2018-04-30 17:22:04,2018-05-01 02:11:02,2018-05-03 19:01:00,2018-05-04 12:51:05,2018-05-18 00:00:00
4477da12913cb6bd85fc066f52b27f91,ab8f9b7ac7fd6927c569c0233a6f0633,delivered,2017-08-13 23:13:04,2017-08-15 03:35:28,2017-08-16 19:53:09,2017-08-18 22:04:47,2017-08-25 00:00:00
21f7d9bdefa71a3a6edc8c9b7b733b47,f014b7ec884cdfdeffab61baef33fbd4,delivered,2017-09-08 10:23:28,2017-09-08 10:35:18,2017-09-08 21:23:25,2017-09-13 19:22:25,2017-09-27 00:00:00
5885c796cb862fec64a0110914c9a1e9,40502efcc32e098593b0f0d13a009b7b,delivered,2018-03-19 06:17:17,2018-03-19 06:30:21,2018-03-19 23:31:21,2018-03-24 13:46:45,2018-03-29 00:00:00
c594dcc4076734aead2277d898c2d187,8300180aad835b088aefe6bcbac58263,delivered,2018-08-15 11:09:49,2018-08-15 11:24:18,2018-08-16 13:48:00,2018-08-20 17:38:43,2018-09-17 00:00:00
8f7f2f0dcfec9c2701f19910bbc20444,adf5c61bd0137302fe68600545f5adbe,delivered,2017-12-28 10:58:43,2017-12-28 11:08:15,2018-01-02 21:10:56,2018-01-18 23:03:33,2018-02-02 00:00:00
8cb07e7e810ad9e5f33062cb4735d488,7cc773cce3ceea8640c54a88b0f007a9,delivered,2017-01-24 00:22:40,2017-01-25 02:42:31,2017-02-03 10:00:52,2017-02-08 09:53:38,2017-03-03 00:00:00
6dcb51857ca646a4809ea67184d43e46,c9f0c8d194842d8945de4d01fa98fb15,delivered,2018-04-06 23:27:24,2018-04-10 03:50:01,2018-04-10 22:53:27,2018-04-11 15:04:13,2018-04-24 00:00:00
7aa23447e2b8d82e2355605aeac705b4,8a32dae8c7971078dd401865dba395fc,canceled,2017-11-23 20:24:34,2017-11-23 20:31:30,,,2017-12-07 00:00:00
0fc1636daf8efc7bd56e6da2ca229656,34372cd32c4dbdde49b415fc1689bee7,delivered,2018-05-03 10:55:07,2018-05-03 12:19:52,2018-05-04 11:53:00,2018-05-09 16:46:52,2018-05-29 00:00:00
fe16cd489dc12547d392b20401886aa1,f05c53bebdacd2ec3ad47cce69c03850,delivered,2018-06-29 08:27:29,2018-06-29 08:50:40,2018-07-04 14:51:00,2018-07-10 23:05:52,2018-08-03 00:00:00
bb112b59b8f03e372acab987c036fbf3,af8b83567bf08fb140505a1b95c895b7,delivered,2017-11-18 13:14:17,2017-11-18 13:30:43,2017-11-21 16:13:08,2017-12-04 20:57:25,2017-12-12 00:00:00
a5c2a3264abb412912756339fbd24c0c,a0ccfa64a5bce9ae87d01f5804376915,delivered,2017-07-03 18:42:36,2017-07-03 18:55:10,2017-07-07 14:39:36,2017-08-02 17:07:53,2017-08-07 00:00:00
fcfd8bab72ae1dbc9cf765c96b4f681e,448ed262ef5462933d170f5f10f20e5f,delivered,2018-02-26 15:01:05,2018-02-28 10:11:00,2018-02-28 20:07:33,2018-03-13 01:22:38,2018-03-22 00:00:00
86a8dda933d2f5ead748b61f816fd181,e4b6894569fe68e586b02fd831c98f66,delivered,2018-07-05 23:46:37,2018-07-07 04:48:47,2018-07-10 13:44:00,2018-07-23 16:48:55,2018-07-27 00:00:00
529a75fb210fa78371c2b71fa96f8b71,f26dfdc8f3fac264e967a96df00ac3bb,delivered,2017-05-06 09:12:42,2017-05-09 09:45:32,2017-05-10 10:58:48,2017-05-22 12:12:40,2017-05-29 00:00:00
2d15f5afd65b730a72135678ea3487d2,4579d869bafb50f24c4bc5cf3ad6b17b,delivered,2017-10-19 10:40:16,2017-10-19 10:49:17,2017-10-20 18:12:33,2017-10-27 16:42:39,2017-11-10 00:00:00
e5b2ffcb8f2da06d6e3c42b180a41a5e,222686e9bc3bee00511c05f3c4c9e64f,delivered,2017-04-14 14:31:25,2017-04-14 14:41:50,2017-04-18 11:24:48,2017-04-29 10:04:31,2017-05-10 00:00:00
047d317db3c34ff477eee816660e44f0,e7b450488b37ccb78581bc78df2bd066,delivered,2017-09-24 08:52:18,2017-09-26 03:35:43,2017-09-28 13:00:14,2017-10-03 17:04:13,2017-10-17 00:00:00
f37316634729e88e0ff154d42b6219b0,c15a78098b5cc61cf1b7a89873d949d5,delivered,2018-02-15 23:03:45,2018-02-16 14:32:16,2018-02-21 23:49:54,2018-02-27 15:55:07,2018-03-08 00:00:00
52a0f6c103d6b2a22b489ebf37c5a504,20700d5ae8a3db238609bceed090ea0b,shipped,2018-04-18 18:28:31,2018-04-18 18:50:13,2018-04-19 20:47:34,,2018-05-15 00:00:00
181ff95f97fee531c4afa9e882186f18,ebf46ff530343a129926adc1f831dea4,delivered,2018-06-20 14:16:20,2018-06-20 14:38:41,2018-06-20 15:02:00,2018-06-27 13:18:47,2018-07-18 00:00:00
4934625cf407c998d90cf5a58075e0f1,5ec4239e4822f46301d0080eaf8063d8,delivered,2018-02-09 15:33:41,2018-02-09 15:54:58,2018-02-16 11:29:09,2018-02-24 18:00:11,2018-03-15 00:00:00
6359393f5003c79bab5ff0e3f3b42656,2736939a39d44074bf7db6a1220d5d41,delivered,2018-08-26 10:48:04,2018-08-26 10:55:13,2018-08-27 12:18:00,2018-08-29 19:07:42,2018-09-24 00:00:00
9e7029a8fc76193e3b55064b698c4b4f,e34d16e0a749138a229a81ef1844fa76,delivered,2017-10-17 19:14:06,2017-10-19 03:27:19,2017-10-25 17:52:45,2017-11-14 17:07:02,2017-11-09 00:00:00
03772e1a30e1a11c351ff80f0e20263f,0a6cd5472a5da8843c9eb2237f4ad942,delivered,2018-03-21 15:47:52,2018-03-21 16:30:27,2018-03-23 00:22:06,2018-04-02 14:32:13,2018-04-09 00:00:00
908e9be16fe93027637f6ffadae3bd15,fcf34db4bf62be566ac41f0e19c1ae48,delivered,2017-03-13 13:33:07,2017-03-13 13:33:07,2017-03-16 15:17:36,2017-03-22 09:14:59,2017-03-30 00:00:00
9ba6ed4d05fa307089d6c81bd8b8400c,b7b87d3282571fd06f494f2e5d7218bf,delivered,2017-09-14 11:57:57,2017-09-14 12:05:42,2017-09-19 19:27:04,2017-09-22 14:05:12,2017-10-02 00:00:00
c50e38fc8b688b01c6a4109a6e075977,3db8f291923971467c299f44c051a6e9,delivered,2017-11-12 00:19:02,2017-11-12 00:47:43,2017-11-16 19:51:26,2017-12-07 20:42:17,2017-12-29 00:00:00
3feb755ea67c811b8216af69e346e07c,36d21d1f51cfe61bf8c909d95d93ad3c,delivered,2018-04-01 12:59:43,2018-04-01 13:10:15,2018-04-02 23:04:12,2018-04-03 15:33:47,2018-04-12 00:00:00
d78264dfb6f861bf1e46f2dd57e89ab2,2f70a857939aa0eee49adff3cad5f74b,delivered,2018-06-14 00:35:44,2018-06-14 00:57:21,2018-06-14 13:37:00,2018-06-15 16:48:57,2018-06-26 00:00:00
9b41711934b43494976d4412d62deb1a,14c746d1ab062a46b0ddb1cb59cd8bbf,delivered,2018-05-22 09:55:20,2018-05-22 17:14:41,2018-05-23 14:34:00,2018-05-29 20:54:55,2018-06-21 00:00:00
3379d980824f0aa5dab057f2530759bb,17e6d37366dc8c8865588b0d1740d606,delivered,2016-10-10 16:39:37,2016-10-12 03:01:57,2016-10-16 04:01:59,2016-10-19 04:01:59,2016-12-02 00:00:00
7df5b9c1787d425d92ce5b4dacc70c34,e21548e205144b3d0c313f57954ac390,delivered,2017-10-22 23:49:48,2017-10-23 00:14:15,2017-11-03 18:23:02,2017-11-08 21:59:31,2017-11-21 00:00:00
79057e5ff7b1867d1bad7094113196aa,e353488c2733d9fb9abbf5d9772bb8aa,delivered,2018-03-06 14:01:08,2018-03-06 14:10:54,2018-03-09 00:50:31,2018-04-02 18:57:27,2018-05-04 00:00:00
b82ba1f1f32eec47bc90651a5bb6dbbe,3242e4ca5a7e5c19c48f28d93a4ecffd,delivered,2017-07-28 02:13:47,2017-07-28 02:43:31,2017-08-03 18:34:34,2017-08-05 14:05:35,2017-08-10 00:00:00
41c3d0e8ca38e1a1948bdfbb842c1f27,8b9ae8a8961bb6ca3fa720d5a726da83,delivered,2017-12-09 02:18:17,2017-12-09 02:32:22,2017-12-14 20:39:11,2017-12-28 21:51:57,2018-01-11 00:00:00
2eff66aa79a98f80268d0632d8b0c6e1,16c5e6f9f7b7f5807effe487f706f404,delivered,2017-05-11 17:29:26,2017-05-11 17:42:12,2017-05-12 08:31:33,2017-05-18 17:16:56,2017-06-05 00:00:00
d210227507b75e9201982282bd334a70,bb933d4d77efe30b6f5f3c76d430e69a,delivered,2017-08-28 18:41:07,2017-08-28 18:50:12,2017-08-30 22:43:34,2017-09-02 12:30:09,2017-09-15 00:00:00
92af6caa17b88fab18c4c443739e1f13,7e7631de70e8aab25d523be6c73d46dc,delivered,2018-04-10 10:35:35,2018-04-10 10:50:40,2018-04-10 20:17:42,2018-04-26 18:34:32,2018-05-02 00:00:00
ec61ed5b0c3025621b3c2f416ebbcfb3,879dfda097aaea67d1c652f30dc6ace2,delivered,2018-06-26 13:49:04,2018-06-26 14:17:17,2018-06-29 09:38:00,2018-07-03 08:52:44,2018-07-13 00:00:00
1801ac1e33ecd0aaf015d7b7c0e70204,82161fa730414d7236334ed880197d6b,delivered,2018-07-29 08:05:14,2018-07-31 03:45:39,2018-07-31 15:22:00,2018-08-02 22:27:51,2018-08-09 00:00:00
00a1e977cf6e672402963940db55d919,e0dc8ea464de23db3b4aa5fa6ae07cc3,delivered,2018-07-25 16:25:31,2018-07-25 16:35:16,2018-07-26 11:53:00,2018-07-27 16:12:04,2018-08-02 00:00:00
685b6ac77f0d5c2dc070c3016e8bfe4a,225b48a271302bc83c266081c9b31dd7,delivered,2017-07-31 13:45:13,2017-07-31 14:05:23,2017-08-01 18:13:52,2017-08-09 18:53:53,2017-08-22 00:00:00
400aa5c769fda1017c9b3a3075a8aac3,a0e82528d5112c47eed2ecb84f6c55b7,delivered,2018-08-19 22:20:49,2018-08-20 13:35:19,2018-08-22 12:47:00,2018-08-23 18:50:46,2018-08-24 00:00:00
2da57b1db9c95f9cfdbc6947115a3ab9,bdd81a77446e0d4786b388ae8ccf3a3a,invoiced,2017-06-08 18:24:28,2017-06-08 19:03:29,,,2017-07-11 00:00:00
46d276d1bd7ed3c213c4a8b2f19e19cb,3b861947bb9b9c9e9ad19d15d944e254,delivered,2017-07-21 21:08:33,2017-07-21 21:22:54,2017-07-24 15:27:52,2017-07-28 17:32:49,2017-08-10 00:00:00
55e62ea5906d028721528c19cdd49bb0,c8b247257712087d3db0b8d143650baa,delivered,2017-06-05 16:24:03,2017-06-05 16:35:19,2017-06-09 14:12:22,2017-06-12 11:34:17,2017-06-19 00:00:00
92ebca361a35d3b733c6b4bb54dc673a,96c7658be43cdfecdcd5278014990f62,delivered,2018-04-06 21:00:39,2018-04-06 21:10:17,2018-04-09 18:58:48,2018-04-23 18:38:26,2018-05-02 00:00:00
688a1fb5a54c53aa2933100d86c19f72,745525d3948e50fdadab4c0970897eb8,delivered,2017-07-07 21:48:26,2017-07-07 21:55:21,2017-07-11 17:12:54,2017-07-26 01:27:57,2017-08-11 00:00:00
4ee4c7c2fa34f8e2a66accd827f53d1f,20aa562a8eb327bf99b5c3d425712beb,delivered,2018-07-02 16:04:03,2018-07-05 16:15:55,2018-07-03 13:35:00,2018-07-06 11:03:24,2018-07-25 00:00:00
d23d2182819dd427049cf791f8b3f622,1dcf22ba080f8d33b817de2f69e25759,delivered,2017-05-11 10:19:12,2017-05-11 10:25:26,2017-05-12 18:52:08,2017-05-22 07:53:53,2017-05-31 00:00:00
664fffdda32d46c6b21de73112d0a468,7ecd15f6d34699808a3234da75bb1fec,delivered,2018-06-08 13:41:52,2018-06-08 20:31:50,2018-06-18 11:55:00,2018-06-20 02:08:28,2018-06-28 00:00:00
9ba5f335615c19f72ea3979596379dec,60a55ff24010fe2ddf59b2389d868496,delivered,2017-12-10 11:07:30,2017-12-10 11:14:21,2017-12-11 21:34:22,2017-12-19 18:13:04,2018-01-09 00:00:00
ec336abeb94427ad09db080acc143373,545a80baeb1729733560a1214b08a93d,delivered,2018-05-03 11:41:22,2018-05-05 02:55:11,2018-05-07 12:08:00,2018-05-16 20:24:26,2018-05-30 00:00:00
acee82e21828ddd887e48ad3afc6704e,db913801d35c42706a588ed996c67318,delivered,2018-08-06 23:07:45,2018-08-06 23:24:35,2018-08-07 07:58:00,2018-08-14 18:42:40,2018-08-27 00:00:00
74973f83083be040a56dfc7209f45fc8,c5223ed17c50a5c0c3f51a4b38b565f1,delivered,2018-07-20 15:25:04,2018-07-20 15:44:09,2018-07-23 11:24:00,2018-08-07 14:16:38,2018-08-08 00:00:00
bdf9c2bae94a8aed4105d0206d1e77a6,93e8a452cb11afc06b4e29ad38a2eeb1,delivered,2018-03-31 21:09:19,2018-03-31 21:27:45,2018-04-04 23:53:17,2018-05-08 13:58:42,2018-04-23 00:00:00
2df0229081c89bf92df7de9f51cef7f1,e5d5e70c2fb2cc7a620f72f70d65336a,delivered,2018-04-02 09:21:17,2018-04-03 05:27:54,2018-04-05 16:42:36,2018-04-09 23:13:02,2018-04-26 00:00:00
55e6c58fec03654f425a4d47cf4631eb,1a8582fe2b31a03c19ea05a47f1ff106,delivered,2017-04-22 17:58:59,2017-04-22 18:10:15,2017-04-25 12:57:39,2017-05-13 09:37:37,2017-05-17 00:00:00
bf6382f94979a0be448a705ce5d3a974,9c55162e2ffd72a9b9cfd56326417382,delivered,2017-08-30 21:14:32,2017-08-30 21:30:12,2017-09-01 14:43:45,2017-09-08 20:51:49,2017-09-19 00:00:00
8add635e672a6b52fa66cc99d940ab8c,f19ab40f6dbb02cacadf51b9e3157f56,delivered,2018-05-06 10:37:42,2018-05-06 10:53:03,2018-05-07 16:41:00,2018-05-18 17:26:33,2018-05-29 00:00:00
62d4317f23a821e49febfee95a41b0d5,82c951b43c5a213d1255c0aac6bfbf02,delivered,2018-08-13 09:04:32,2018-08-13 09:15:13,2018-08-13 15:26:00,2018-08-17 14:12:58,2018-08-21 00:00:00
09c6ca023de352874ee4fda218d19a81,7d9da42e2199a286266a8084af43ba85,delivered,2018-05-28 21:25:51,2018-05-28 21:55:31,2018-05-29 12:21:00,2018-06-07 21:12:57,2018-06-29 00:00:00
68b37c61acb057cd5047ff23bfeb540b,ded48af287ccd1d155aa6239f645c087,delivered,2018-07-21 21:56:43,2018-07-21 22:10:12,2018-07-23 16:41:00,2018-07-24 23:06:43,2018-08-03 00:00:00
8a9c85020206b99d373e46acae940127,ac8cc4a85ca3d9075ef451162d432d05,delivered,2018-01-10 14:42:48,2018-01-10 14:51:27,2018-01-11 15:59:25,2018-01-31 12:33:34,2018-02-05 00:00:00
88e2adba13194300be8cfaeee4512133,7221af11f031fe8b9088683a30273cfc,delivered,2018-07-18 01:31:21,2018-07-18 01:45:10,2018-07-23 15:02:00,2018-07-25 20:51:03,2018-08-03 00:00:00
3b9a17f139dcef391577a6dd21f65093,52d99a5beb79f63e9eedc2fbcdaca721,delivered,2017-06-29 17:10:42,2017-06-29 17:25:29,2017-06-30 14:10:13,2017-07-07 17:29:42,2017-07-21 00:00:00
52b9a4ef7e4655cb918edd7613606ce1,cb2822257aa212fb6a955a2163d6012f,delivered,2018-04-30 11:04:53,2018-05-01 05:54:59,2018-05-02 14:30:00,2018-05-09 23:51:47,2018-05-18 00:00:00
9ccd75b5f3444a2dbf104b9cdc1183a1,f2e6426b75732148c1fceb5131c79ac8,delivered,2017-07-25 23:49:05,2017-07-26 00:45:07,2017-07-26 14:28:35,2017-08-03 17:02:57,2017-08-16 00:00:00
d7c0a751614a0ef7306fb96836c0df57,2d02f670df520fb5c5c5a818a9486c47,delivered,2017-11-24 00:14:56,2017-11-26 00:33:24,2017-11-27 19:42:33,2017-12-08 22:52:07,2018-01-04 00:00:00
06093968558c2db43ddc36679aacc280,eed06a5744e075618d811e74e1826a22,delivered,2018-07-16 10:27:29,2018-07-16 10:44:38,2018-07-16 13:08:00,2018-07-23 23:10:39,2018-08-07 00:00:00
48bc7c3a0885049a0bf2d42d42421de2,21b1540ea5bd484a35a8b46662a0b756,delivered,2017-11-25 09:41:04,2017-11-25 09:51:07,2017-12-08 16:42:31,2018-01-09 21:46:33,2017-12-21 00:00:00
42ee4f991900767ba353278c7c4f4df3,9a29aa642b3884b48ea5a04729ae703c,delivered,2017-10-31 08:44:54,2017-10-31 09:06:19,2017-11-01 15:29:26,2017-11-03 18:51:55,2017-11-08 00:00:00
4dd1f29debee7ab872c8919f35a80070,51cfe38e55dc309dc27164c60fe75107,delivered,2017-04-06 15:06:48,2017-04-07 03:15:57,2017-04-13 17:38:15,2017-04-20 08:51:44,2017-05-04 00:00:00
9d7ab082d6d8a4b069683e5a77db1261,ff6ed6bbecff417c54e415deed2caa67,delivered,2017-08-30 10:11:34,2017-08-31 02:35:52,2017-09-01 20:55:45,2017-09-11 18:23:33,2017-10-09 00:00:00
051d564ccb0a1e50070ac26704a2ba72,d5dbbec5196cc5d81fff118925e2bc5d,delivered,2018-08-23 23:05:07,2018-08-24 01:10:09,2018-08-24 13:48:00,2018-08-30 17:32:59,2018-09-06 00:00:00
67054420c38f2db9d12db40e122f02b2,bfc848a6094c161f69be50d12014e12f,delivered,2017-02-23 11:42:38,2017-02-23 12:23:01,2017-02-24 11:08:35,2017-03-07 16:27:44,2017-03-28 00:00:00
91260d5d88d51354a02afecbec80995a,ac45967813f56118b67f7f5f4ef687be,delivered,2018-03-13 15:40:09,2018-03-15 03:10:27,2018-03-15 19:51:47,2018-03-26 17:58:59,2018-03-29 00:00:00
64a58e424494f1f8ed5895885b9dfe16,35c4894c0ac3f346ebe6bb4eafe572b7,unavailable,2017-10-23 13:19:27,2017-10-23 13:28:24,,,2017-11-03 00:00:00
e46cadf63ee53cca6065ae0affdd1d83,bb63bb88b869f39f4334da43ec942775,delivered,2018-03-23 13:01:28,2018-03-23 13:15:23,2018-03-27 02:04:04,2018-04-03 16:03:21,2018-04-19 00:00:00
869f864e7f2f978dbcd94854775ef0ac,8af2a4d01185ec6c719a6c77209b5968,delivered,2017-11-17 19:51:21,2017-11-17 20:56:07,2017-11-20 22:16:49,2017-11-29 19:52:10,2017-12-11 00:00:00
d67fdefdd78c824692a1f0cab56e71c5,a8cf4ecb273e117353b346df0f23d3b8,delivered,2018-04-16 11:57:42,2018-04-17 12:30:12,2018-04-20 19:03:56,2018-04-30 22:38:37,2018-05-17 00:00:00
43ab73c0fdb75dcd4b4ef724da1541c0,d904dfc6aacfb0ccf2f8c9dfb90d21f9,delivered,2018-04-17 08:21:47,2018-04-17 08:30:40,2018-04-18 20:42:34,2018-04-24 19:03:41,2018-05-14 00:00:00
5c5bbd6db76559427661810d806bae25,efc63ad0c52f8bc3823f66b70616a280,delivered,2017-09-13 22:56:40,2017-09-13 23:05:42,2017-09-15 17:57:57,2017-09-26 22:42:35,2017-10-03 00:00:00
cfa852b36d4337ce761694088ba477d8,3f44331491977449e9c1dcc16d007028,delivered,2018-04-24 09:30:56,2018-04-25 03:51:31,2018-04-25 13:47:00,2018-05-02 15:18:32,2018-05-21 00:00:00
4d2e2634819452adb3313ccb5abd344f,ddcf0c5826937e7ebade722769b2e100,delivered,2017-03-26 18:23:58,2017-03-27 18:25:09,2017-03-30 16:09:57,2017-05-17 17:09:31,2017-04-18 00:00:00
68d1c970d581919895404c1e68e0bf3b,316ac291a95ed6a5f1b367a578bf6ae6,delivered,2017-03-08 16:34:25,2017-03-08 16:34:25,2017-03-09 10:08:03,2017-03-14 15:18:58,2017-04-03 00:00:00
cdd4fd6abe91d418574b7001b682cf87,076f94b60104b86cb0ac29a9bc1dab6a,delivered,2017-05-26 21:17:51,2017-05-26 21:25:15,2017-05-29 13:20:18,2017-06-02 14:37:59,2017-06-20 00:00:00
07166782eef2ad2a57e415ec606fa7c3,ad81cc2a6e48530ced9ec9411f109ba1,delivered,2018-05-06 23:00:21,2018-05-08 19:35:21,2018-05-09 13:58:00,2018-05-10 22:08:48,2018-05-18 00:00:00
eb9f60e17d14840ff128c124a67fb158,46c33bda048651fe128f54630c1fa952,delivered,2018-05-21 20:16:05,2018-05-21 22:16:36,2018-05-23 08:39:00,2018-05-24 21:40:50,2018-06-04 00:00:00
2e5763acace24933483420e74a222c5e,ae5a8b3960da2fabebd3e52971ee961c,delivered,2017-08-08 17:22:23,2017-08-09 02:50:18,2017-08-10 15:13:37,2017-08-28 17:03:14,2017-08-31 00:00:00
bb95bf1d97c8c2a8e327a7e4b0add9df,0a70df00420916bdd44e37bfdcc0d5b5,shipped,2018-01-23 22:24:55,2018-01-23 22:34:49,2018-01-26 18:59:12,,2018-02-16 00:00:00
5f85f13b7f5a2f767c222724ec8f2525,fc7dec967c292dbff57a7a50c1ebb83d,delivered,2017-10-21 14:13:01,2017-10-21 14:28:24,2017-10-25 17:19:39,2017-11-10 22:26:42,2017-11-22 00:00:00
2fd47b273ede4fe30db2d0813629b638,f919a99c4dfc80c441d75f16f93ce73d,delivered,2017-11-24 17:11:29,2017-11-24 20:52:34,2017-11-28 19:21:18,2017-12-15 20:19:06,2017-12-22 00:00:00
54a6545f89aadb5724b75a5a6a1f7837,84bef538fd967ee1e43942c9974df7fd,delivered,2017-11-24 11:13:14,2017-11-24 13:14:08,2017-11-24 20:32:56,2017-12-11 21:07:58,2017-12-15 00:00:00
865373eddd40d33e64fae3956b3878e5,1e268ea1079d8a0eb6f8d22bb522534b,delivered,2018-02-06 10:41:33,2018-02-06 11:11:46,2018-02-09 13:52:30,2018-02-16 20:35:26,2018-03-02 00:00:00
c0e4c3df961ce7e499b939145554c4a5,2a1b4aa479d83b7185ae4d295429aa78,delivered,2018-04-08 17:24:50,2018-04-08 17:35:14,2018-04-09 21:37:41,2018-04-10 22:33:27,2018-04-19 00:00:00
51db60a37211444535ec72de7673fa41,358c143b159c4ab9ad749f57537bc382,delivered,2018-02-09 09:05:39,2018-02-09 10:11:46,2018-02-09 19:43:29,2018-02-16 01:55:52,2018-03-09 00:00:00
f1c5f3e9df9be5699de80cb4eec88c04,9f8b2ccda5f9f90478038be84bb1ce22,delivered,2018-02-22 13:30:06,2018-02-22 13:55:28,2018-02-23 21:32:56,2018-03-01 21:29:51,2018-03-20 00:00:00
d1e1299424589b6fbfa531fc49452f01,0368541bf462ab4f227778b73f427c2d,delivered,2018-08-13 16:19:19,2018-08-13 16:50:27,2018-08-16 09:52:00,2018-08-17 20:28:46,2018-08-21 00:00:00
0d2046f9274a9bbfe1ab9488931befbe,567d514f1a88c65ff485aad94cc1ca56,delivered,2018-05-08 13:37:28,2018-05-08 13:50:33,2018-05-09 14:20:00,2018-05-14 15:12:10,2018-06-13 00:00:00
75b807e20fa82b17f1c29a7e140e88a3,82217a7ab915ad5b9bb04c51e92e29dc,delivered,2018-05-04 11:34:45,2018-05-04 11:51:47,2018-05-04 14:43:00,2018-05-11 06:22:25,2018-06-04 00:00:00
4c9d3ec7ae34a9dc7654d74bc52134ae,49d2e3e97b7e8a21ce7579620e811031,delivered,2017-11-24 22:21:59,2017-11-28 03:47:14,2017-11-28 16:03:56,2017-12-06 20:53:58,2017-12-19 00:00:00
b8529452a8ad8e7009333b957f87412c,8175104820147d905fdea1fe123f69f7,delivered,2018-02-20 15:45:51,2018-02-20 15:55:26,2018-02-22 18:49:04,2018-03-22 16:49:55,2018-03-19 00:00:00
2c398232e6fe6bb3416c2cd54a5b0b28,81da32b129ca6a2de6af52b124932546,delivered,2017-04-22 11:18:48,2017-04-25 08:33:08,2017-04-25 18:52:37,2017-05-02 16:24:08,2017-05-11 00:00:00
14bba6d3df6ead296d2626315da5e5d0,810ebec1115a836e0ee7e10b5af94309,delivered,2017-04-30 15:00:56,2017-04-30 15:10:21,2017-05-02 16:17:04,2017-05-17 12:36:39,2017-05-29 00:00:00
7b564c50e97389bff9754fc6f189fef2,ef9e14aab62ac8fd7ba6cafc87e37880,delivered,2017-12-28 13:15:36,2017-12-28 13:28:05,2018-01-04 18:08:39,2018-01-24 21:18:43,2018-02-06 00:00:00
b88097025fac360c0367799f94ab9a66,ad4414a146fc1ca9f666b0d05f289cea,delivered,2018-01-12 20:57:57,2018-01-12 21:09:27,2018-01-16 15:57:23,2018-01-19 13:51:25,2018-02-02 00:00:00
1fe609182aee60558c018f43975cfdd6,3651330d739846f56c063a957dc3a312,delivered,2018-04-17 13:15:50,2018-04-18 08:36:25,2018-04-19 22:38:29,2018-04-20 14:44:40,2018-05-02 00:00:00
fa6e00b909d5805dc02b5456fa40778b,0926ef97ab333a4afea77827d3cbe32c,delivered,2018-05-16 02:24:49,2018-05-16 03:35:24,2018-05-16 13:03:00,2018-05-29 18:47:47,2018-06-04 00:00:00
2f000c3fe98bfb40a47105b66f081368,df7ff7237ff18756a562b2328d7ee071,delivered,2017-12-14 12:55:12,2017-12-14 13:12:06,2017-12-15 19:54:02,2017-12-26 18:35:57,2018-01-12 00:00:00
686c017e3f991d5b96cc80cfb89d7d4f,cb81c00a40f9a727ec1962ef6b18a495,delivered,2017-02-23 17:14:36,2017-02-24 17:25:09,2017-03-03 13:51:29,2017-03-06 15:18:27,2017-03-24 00:00:00
c11daae957ee4447f2aa894fcdf28cac,2189f0dd0756c03dbfcb33d3ec290ffe,delivered,2017-12-09 08:08:22,2017-12-09 10:59:31,2017-12-12 13:21:50,2017-12-27 18:45:12,2018-01-09 00:00:00
9c1670b5fcf655219f68438d3b3741f1,eeb02df937439b2ac1639ce6bd8ab5b9,delivered,2018-02-14 13:20:55,2018-02-14 14:00:23,2018-02-15 19:14:08,2018-02-26 23:44:01,2018-03-07 00:00:00
d3ea9c99eac9b669d0d3b94941d57aac,7b8047f42ee206834b6734182802f9ea,delivered,2017-05-06 21:03:25,2017-05-06 21:15:16,2017-05-20 10:38:23,2017-05-26 10:09:28,2017-06-07 00:00:00
99a6742739034cc06392ab883f64359c,9af7632712dff734a555759e4ffd8826,delivered,2017-09-28 19:41:33,2017-09-28 19:56:19,2017-09-29 18:37:33,2017-10-02 17:59:59,2017-10-16 00:00:00
26d821f4e6c14dc9a3b4cf118c806fbd,917f855fbbe10aa3b268b6f636c20156,delivered,2017-11-25 22:12:39,2017-11-25 22:33:33,2017-11-27 18:24:12,2017-12-08 19:33:23,2017-12-15 00:00:00
b41f51ebf23530b00f69e5602f81a653,98235737c9dddb3db5fe5a9b1af8918b,delivered,2018-02-13 01:24:48,2018-02-13 01:35:33,2018-02-16 17:37:01,2018-02-25 21:04:23,2018-03-07 00:00:00
51b75c5c75f715e5c1fbe8300ede89bc,7b6ccc176d574f4bd3979fba8c6950dd,delivered,2017-10-24 14:46:03,2017-10-24 14:56:22,2017-11-08 21:47:55,2017-11-22 11:31:36,2017-12-06 00:00:00
3a56d0fa36b997b13c3e9eee5128b7fa,18c36d92cc77f076f56a7f5c5c084603,delivered,2018-05-04 04:21:54,2018-05-04 04:35:17,2018-05-10 16:39:00,2018-05-11 21:14:46,2018-05-17 00:00:00
f92a6f19e38304269bc7688a2953934a,d36684ef781093e77ca273f053f49f93,delivered,2018-01-20 16:34:26,2018-01-20 17:00:35,2018-01-22 19:08:41,2018-01-29 19:12:22,2018-02-19 00:00:00
47c811e3a9f61aaa4fd8ef2055c47643,c6a69a3b5cd3cd277ba75dc937ed5c80,delivered,2018-03-15 15:12:51,2018-03-15 15:29:35,2018-03-17 00:12:03,2018-04-02 19:24:48,2018-04-10 00:00:00
9317022d5ffa1f322c79fb62a5871291,af6813c90e05abf42c75733b21104218,delivered,2018-07-26 15:56:09,2018-07-26 16:31:21,2018-07-30 12:26:00,2018-08-01 02:32:16,2018-08-07 00:00:00
9e22fa092a2a1bb489823e54d3b48309,c7976e50c4fa15500e08efe74193b060,delivered,2017-09-01 17:17:22,2017-09-01 17:25:19,2017-09-05 20:29:55,2017-09-13 20:13:28,2017-09-20 00:00:00
61b1a1b503fca87a7d950193e5c706d3,aec875b92e3272ca20c467a9424151d9,delivered,2017-11-29 15:44:44,2017-11-29 16:00:11,2017-11-30 21:08:34,2017-12-02 01:57:01,2017-12-13 00:00:00
56d1fb4a6598e5323822ae47a4d14c9d,27d2e4ebaa061c90646c53dce7079645,delivered,2018-03-03 12:55:37,2018-03-03 15:55:23,2018-03-06 00:06:31,2018-03-22 05:05:40,2018-03-26 00:00:00
6f6d300a348d527dbd7f0ae9cb12aa86,dcf8a19a756f0a9dda118fe6366d3dd2,delivered,2017-07-14 23:30:25,2017-07-18 06:03:52,2017-07-18 20:43:31,2017-07-19 17:21:51,2017-07-27 00:00:00
9e02d72f347640b319a659ea810f90b9,45d82d131708c3f12e09ea2db1aadba5,delivered,2018-08-08 06:32:12,2018-08-08 06:45:07,2018-08-15 12:53:00,2018-08-22 01:22:31,2018-08-22 00:00:00
d57eab70175d8611d6a811d6c2af63ae,887ca7d0cff5d23c72093beb83c55da8,delivered,2017-03-08 00:29:33,2017-03-08 01:30:25,2017-03-09 15:35:16,2017-03-15 04:11:55,2017-03-29 00:00:00
d8ded99e3d8a9de0aba5037f97743cff,8b318ddc93f0076d90f07847ddf47567,delivered,2018-05-25 20:35:47,2018-05-25 20:57:50,2018-05-28 15:55:00,2018-06-07 18:22:49,2018-07-05 00:00:00
81757cfaa9d5ebd87fd0021a808f4ca9,a4b9998c354bf67793f7e41afacf394f,delivered,2017-04-26 10:46:35,2017-04-26 11:02:29,2017-04-27 10:52:09,2017-05-08 10:14:44,2017-05-15 00:00:00
c1712cb5d91f5d05267fea1773f3aec9,190c5d9be9a3878f974afe93e9c24174,delivered,2018-04-03 20:56:56,2018-04-03 21:11:20,2018-04-05 01:22:44,2018-04-12 17:33:08,2018-04-18 00:00:00
67f3abeed9af76e949274924f0135aec,a77c8e206e6c3bde8732a89968e8813a,delivered,2017-08-29 13:40:35,2017-08-29 13:50:19,2017-08-31 17:35:06,2017-09-13 18:29:55,2017-09-15 00:00:00
28b555be47c43251934a9396c88f76bb,6e9d9e1b03a032fa4d74b717cd673825,delivered,2017-07-30 22:34:02,2017-07-31 23:25:18,2017-08-02 17:46:08,2017-08-14 18:42:34,2017-08-24 00:00:00
9a07b32ac6acb2734d3da27111fafd4f,45f8082a5dd6200883fb282919dcd8a8,delivered,2018-06-20 13:03:56,2018-06-20 13:21:27,2018-06-22 13:56:00,2018-06-28 14:37:34,2018-07-12 00:00:00
2eb9acb468887e2f0e93b35344bd3656,430fee0b7c8355183a7118a7e413165c,delivered,2018-02-05 17:10:10,2018-02-05 17:32:52,2018-02-09 20:09:40,2018-02-20 22:03:55,2018-03-08 00:00:00
b1d817ac8ea07419070180cf22b19fdb,94db7d7a01dbee71adc9c7e27ed822d7,delivered,2018-04-19 11:45:55,2018-04-20 07:11:01,2018-04-20 16:58:41,2018-04-23 15:03:41,2018-05-02 00:00:00
a8666b29dbc635b3a029b1ed84fa8df5,5a88431d6ebc9a79f999c06091ae0370,delivered,2018-08-10 15:42:03,2018-08-10 16:04:41,2018-08-13 08:43:00,2018-08-16 13:03:17,2018-08-21 00:00:00
1cb784620db9daf2fb6c870684c2aa1f,36005a2467218d06c6f53a46bbde1581,delivered,2017-10-12 12:42:46,2017-10-12 12:56:24,2017-10-13 16:12:50,2017-10-24 22:11:39,2017-11-03 00:00:00
4e0db43ba51c0e0ede8c48b094526132,60d3853e031617a4500f0d196b429bf9,delivered,2018-08-14 21:40:12,2018-08-15 21:30:16,2018-08-20 15:18:00,2018-08-22 11:38:39,2018-08-22 00:00:00
0a472c47d928bf4cd8b6a7a30345eeb7,8762d94c493b70216cd453ea2320234e,canceled,2018-08-30 10:14:00,,,,2018-10-02 00:00:00
350effaab10ac33b956650cd4eb15388,61eb7945d6ccb440b8eba075bc11503f,delivered,2017-11-16 17:08:42,2017-11-17 17:15:24,2017-11-20 18:38:02,2017-11-27 22:14:41,2017-12-07 00:00:00
6d9ce5b5461904a50d649dd753f6b5a1,8aec5021898b1bd97420ae1782ce30c6,delivered,2018-06-19 12:10:13,2018-06-19 12:37:34,2018-06-20 15:15:00,2018-07-05 06:03:34,2018-07-17 00:00:00
56a458ff4a4d0dc8ecd97b7dc2ba33b0,e67264eaacd7067c9b03a87a4feefc8c,delivered,2018-08-03 15:20:36,2018-08-03 15:30:15,2018-08-06 08:27:00,2018-08-13 19:41:45,2018-08-17 00:00:00
5433b741dfe7d213ecb113966b8f6e49,c2b993534c7a01829d9102a7cf02ae02,invoiced,2017-06-12 10:44:30,2017-06-12 10:55:18,,,2017-07-04 00:00:00
0180ebc47853bfc5997af28f5a7e8849,e82aa49c904185344fbfbbe025433ba5,delivered,2017-03-16 16:29:32,2017-03-16 16:29:32,2017-03-21 10:28:36,2017-03-28 15:05:06,2017-04-04 00:00:00
a700f0d56b491f7526847957172ca70a,33414f5059c66942804592502e4b1881,delivered,2017-12-07 17:58:26,2017-12-07 18:12:10,2017-12-11 17:38:53,2017-12-18 14:46:56,2018-01-03 00:00:00
67648ec95026605e68918a83edf5f13a,1e7dba41b27dfbe43587719e97cacdbe,delivered,2018-01-03 23:45:37,2018-01-04 01:32:13,2018-01-10 00:03:50,2018-01-12 22:49:20,2018-01-24 00:00:00
a7cea68c8e5f1086a3267d2972a50646,d0bc151429c007762fd5c7dbf12e8a3d,delivered,2017-06-04 14:00:16,2017-06-06 13:22:58,2017-06-07 14:13:22,2017-06-19 20:06:15,2017-07-04 00:00:00
e11c0a03163b8110243cfb64df2b07d4,f7e3a3ddcdd64af8b12440f020eae56b,delivered,2017-09-12 12:30:13,2017-09-14 02:55:28,2017-09-15 15:42:59,2017-09-30 15:32:43,2017-10-02 00:00:00
a5de49b89abc3dc11c62233db13c771c,51eb019c1cc1c3ef8c339c08f5638b28,delivered,2017-09-15 16:20:38,2017-09-15 16:35:14,2017-09-25 19:55:43,2017-10-03 18:12:27,2017-10-10 00:00:00
78b99587901ca93f15236685f0ff1b39,a519a6ad29df59c413677e7415c98290,delivered,2018-03-22 18:32:34,2018-03-24 02:11:03,2018-03-26 20:54:25,2018-04-09 19:34:26,2018-04-16 00:00:00
1c645c637d660f702ff19c8577482a08,1652333bae09e7726bc48e58d759ec2a,delivered,2018-01-30 17:55:06,2018-01-30 18:41:00,2018-01-31 20:54:05,2018-02-05 13:46:24,2018-02-22 00:00:00
88986b613097da641340bc366a2d91d4,3afc42fd18017037f8a3972aa57c1436,delivered,2017-12-06 00:11:49,2017-12-08 15:52:51,2017-12-20 00:13:38,2018-01-19 23:48:45,2018-01-05 00:00:00
1bda188949c33f08bbd8a295ecd2c05a,803043027d560ae6984c03c69add5670,delivered,2018-01-11 20:59:58,2018-01-11 21:10:31,2018-01-13 03:03:09,2018-01-18 13:09:50,2018-02-01 00:00:00
bae57c09bbe07561fcbfefd604dafba8,7446fba8e2913f81ebd64403ec81a53e,delivered,2017-12-12 21:15:26,2017-12-14 02:14:35,2017-12-20 22:53:33,2018-01-24 21:38:08,2018-01-18 00:00:00
7c2074d65188839dfee681e7bb264365,1e546823ee2936a18536174999438369,delivered,2017-10-13 11:05:58,2017-10-13 11:26:40,2017-10-17 16:32:10,2017-10-18 16:47:03,2017-10-25 00:00:00
11769750147cf0a49a396b01ca004300,6cd17044d36a4ed98324c059259d52e0,delivered,2017-02-08 19:45:21,2017-02-10 02:55:22,2017-02-22 17:51:49,2017-03-03 09:27:37,2017-04-07 00:00:00
36e58b4c22ccc72a859dd70a840db411,87da135481f5307bdd3cc354ee4adea5,delivered,2018-08-11 14:45:17,2018-08-11 15:04:30,2018-08-17 08:40:00,2018-08-24 18:09:46,2018-09-13 00:00:00
62194497cd66edf084b172f8cdff8235,f0270ea9eaa22877af089f2d0f8db9fa,delivered,2018-08-02 12:07:26,2018-08-02 13:15:11,2018-08-03 15:02:00,2018-08-06 16:44:49,2018-08-09 00:00:00
c623027b13d1646c30164b5b7017489f,a88993140c6e589fa6e377b79fa5f56f,delivered,2017-02-23 23:07:29,2017-02-25 02:10:31,2017-03-01 12:14:03,2017-03-07 15:21:54,2017-03-24 00:00:00
5f2ca185b50a74d71d7db083f0d11b4b,e608c716333c772e7174a92759e01e7b,delivered,2018-06-06 00:13:43,2018-06-07 03:12:18,2018-06-07 14:58:00,2018-06-15 13:13:03,2018-07-23 00:00:00
3213c825fd43c3d2aa27fed77ef29519,0793d48afb00826267d39338071213d1,shipped,2018-08-07 21:40:46,2018-08-08 14:35:16,2018-08-09 14:06:00,,2018-08-10 00:00:00
f0a855bc72e2b9252c598b6ca1c609cb,22247a600d3839ed5e36ffd6838add47,delivered,2018-06-25 18:35:52,2018-06-25 19:02:27,2018-06-28 13:21:00,2018-06-29 17:48:55,2018-07-17 00:00:00
f71915184c3ccd8f36251500f01de53a,9cb217017421d848098b2087a6b97f35,delivered,2017-11-15 07:52:22,2017-11-17 03:35:41,2017-11-22 18:08:39,2017-11-23 17:53:44,2017-11-29 00:00:00
78d1a1bbbf97f4303c3f844a36ed66c5,8e71b66773c5b21a06deafa07e3943b9,delivered,2017-08-07 11:23:16,2017-08-07 12:03:17,2017-08-11 16:23:11,2017-08-17 19:49:48,2017-08-29 00:00:00
cc7a31d7b05b15f82757614d415a1d08,77f98fbbf3f12d05b118ab35e39ba81c,delivered,2017-11-17 19:43:49,2017-11-17 21:15:47,2017-11-22 21:32:24,2017-12-05 18:12:24,2017-12-12 00:00:00
99e33e27f532877aa1da2d36a5d88066,89d946eaf7ee40ff05ab5bf1e4c82bb7,delivered,2018-07-25 06:17:00,2018-07-25 06:30:11,2018-07-26 14:56:00,2018-07-31 02:54:27,2018-08-16 00:00:00
54787cae1cb90fdafe197fe2bc300cd0,603564505956f89291ccd8427a206a2a,delivered,2017-10-13 09:47:27,2017-10-13 09:56:17,2017-10-16 21:33:52,2017-10-30 23:43:04,2017-11-06 00:00:00
571ae93d1696ee933348dd3de7a44efb,ba1fefc7aa34744954bead4700a08f4d,delivered,2017-08-18 00:31:19,2017-08-18 00:45:15,2017-08-24 20:55:05,2017-09-15 21:19:03,2017-09-21 00:00:00
5fa163d53dbfa40c6363e9e47f6bb809,13d8708d88e6b59206770062988be2b2,delivered,2018-08-05 16:58:03,2018-08-05 17:35:10,2018-08-06 15:16:00,2018-08-09 16:08:50,2018-08-17 00:00:00
7844d2f4784ca5e03bf47dd1ac050bc2,5c65d66acc26df4936841c554206b882,delivered,2018-08-02 12:07:28,2018-08-02 13:10:26,2018-08-07 12:50:00,2018-08-08 16:04:43,2018-08-14 00:00:00
9ae0aced36093f0e2cb7510c20b7ffc5,fcc90a4fa7060b81815bca0f9cd77f15,delivered,2018-04-17 18:09:15,2018-04-17 18:32:26,2018-04-19 20:36:31,2018-05-21 20:28:35,2018-06-12 00:00:00
b575b2a70c40af121dafa8731ada46c5,c292a3c039a318bd6b5ca59dde196f6b,delivered,2017-10-03 20:09:58,2017-10-04 20:24:59,2017-10-05 20:15:09,2017-10-18 17:21:56,2017-11-07 00:00:00
e92dbc16b2df28e1edb1d957392cca07,959292edcade77d6b60dc8f49f01cd71,delivered,2017-03-25 10:13:08,2017-03-25 10:25:16,2017-03-28 11:43:00,2017-04-05 15:51:32,2017-04-18 00:00:00
78fe61feb61fcd8421082ee8888cd93f,9715615b2ea09614d7b6f05d7c4fd944,delivered,2018-06-10 12:00:16,2018-06-10 12:17:36,2018-06-11 14:41:00,2018-06-18 16:05:17,2018-07-11 00:00:00
f4c004e98b41b61d8b656fed541bbd99,4acb0997ad21d8f66d203e0d3c566993,delivered,2018-07-25 17:22:27,2018-07-25 17:35:17,2018-07-31 13:26:00,2018-08-01 13:44:51,2018-08-06 00:00:00
3e05b487699bb38012c6b974d36a6a56,80154943c28a0eab327467d6731a5b28,delivered,2018-06-14 18:57:56,2018-06-14 19:19:09,2018-06-23 08:59:00,2018-06-29 17:14:50,2018-07-30 00:00:00
20e3ed55e75cbbc8176170866df9d1be,6d8243c8aaea30e76fb67aaad65d89d8,delivered,2018-01-14 18:01:40,2018-01-14 18:12:26,2018-01-17 16:16:44,2018-02-01 21:47:52,2018-02-26 00:00:00
23c0ee95c373bc03c130af0736cb6101,4df050fc48129599aa1c863a3557223a,delivered,2018-06-02 12:33:01,2018-06-02 12:51:49,2018-06-04 13:47:00,2018-06-14 17:32:44,2018-07-20 00:00:00
71cefe5177d8b6b11dce9fa4060f01cc,795d2de5fab854dd2b68a6c1fbaa1f21,delivered,2017-08-04 14:17:36,2017-08-08 04:10:45,2017-08-08 17:40:20,2017-08-21 22:25:28,2017-08-30 00:00:00
5b9075f2428968c2587dad5024af0f63,2c25e9b2b46bb93a1ef7a2841a5b4ed2,delivered,2018-06-26 11:24:48,2018-06-26 11:35:59,2018-06-26 10:58:00,2018-07-12 14:37:43,2018-07-25 00:00:00
6498d67586b0908cad595ae0c3638205,3aaa19d4d385baa53859ea43d47051ae,delivered,2018-04-12 08:18:41,2018-04-13 13:29:44,2018-04-18 21:08:32,2018-05-07 16:28:39,2018-05-04 00:00:00
a8a08e0fd728b330f66a352aa4c9a1cd,b6610afc3fc8431efd6232b626db052d,delivered,2017-11-30 16:02:21,2017-11-30 16:12:24,2017-12-01 18:06:52,2017-12-18 14:52:27,2017-12-27 00:00:00
1ffc479954398d74d9e8e0df789842fe,8945bef2cce473e6606dd13a8f82aa1b,delivered,2018-01-09 13:06:21,2018-01-11 02:33:18,2018-01-15 18:21:59,2018-01-23 00:12:40,2018-02-01 00:00:00
23fb82faac9266fd7373286d1d2fc02a,46b9f480dd3a334d6482b9663c46ba71,delivered,2017-11-24 14:40:32,2017-11-24 16:37:30,2017-12-08 23:58:52,2017-12-12 22:32:51,2017-12-11 00:00:00
24431c493992b0cc6ade6cd174994395,be6d0f3e10832a975bd27bac0a6e1f12,delivered,2018-01-25 11:04:33,2018-01-25 11:17:28,2018-01-25 23:18:22,2018-01-31 21:18:29,2018-02-20 00:00:00
2518ab54f9eb6abe9cc565781285ddc2,11f86849fabf1a209367df3dc957d670,delivered,2017-06-14 22:51:45,2017-06-14 23:05:15,2017-06-16 12:36:30,2017-06-28 16:17:33,2017-07-17 00:00:00
73b1defe09cb47bd521306b506af7d3a,7d3fa362783fe9c69627a0144ae78ab1,delivered,2018-07-03 09:44:18,2018-07-05 16:25:48,2018-07-06 09:09:00,2018-07-12 16:51:29,2018-07-25 00:00:00
d524fb303d286d2ce7dfcdd08dc9cfae,b29713ad67d81fee47dc6ac4d5692c68,delivered,2018-01-30 17:52:28,2018-01-31 13:32:05,2018-02-01 19:38:57,2018-02-07 01:17:59,2018-02-15 00:00:00
9a316a6a199c61a2a5d4204f49c22f52,ebf72fbf963af0122c1a4c19943373ac,delivered,2018-08-09 09:04:03,2018-08-09 09:15:12,2018-08-10 14:35:00,2018-08-13 21:11:40,2018-08-15 00:00:00
de290900c1991d72fda0212682ecf3e2,4037ca7516bc3ef58110885dc2cc0612,delivered,2017-11-24 22:00:40,2017-11-25 01:31:42,2017-11-28 23:03:07,2017-11-30 17:04:30,2017-12-14 00:00:00
160359b793fcaa5f17e5a5f20c491a75,efb11532d679cf86f2c7e268edad0e3a,delivered,2018-02-22 10:28:28,2018-02-24 03:20:28,2018-02-26 21:25:23,2018-03-19 20:28:44,2018-03-20 00:00:00
b4d8f10490d096bae561f1c0bb3c5557,932e550d543be2239a656c3ab5f1621c,delivered,2017-07-30 18:07:01,2017-07-30 18:23:02,2017-08-09 20:06:32,2017-08-11 21:06:08,2017-08-17 00:00:00
5ea8db638f6283a19f2554c746ab4496,983b7eb075badfd4d31a2fa3481cb34d,delivered,2017-09-21 10:07:01,2017-09-21 10:26:08,2017-09-26 17:52:38,2017-09-29 17:33:13,2017-10-18 00:00:00
05f44408d29a64126c4abc87d2b2b038,99fa743eb87a62c121f007fc25e469d4,delivered,2018-08-10 09:00:42,2018-08-10 09:55:22,2018-08-10 13:44:00,2018-08-13 18:28:23,2018-08-21 00:00:00
a45fc977eae1ef0ed4504f346d31a0fb,71d5c11f717991ad5b289870f3a5690c,delivered,2017-05-02 15:15:54,2017-05-02 15:25:13,2017-05-10 09:21:52,2017-06-02 09:49:53,2017-06-02 00:00:00
2b629b6b09597b429808b20156ec6998,4eb36ac5c2c84dffaf7bc5bc7d5dbc25,delivered,2018-03-13 17:50:34,2018-03-15 03:31:34,2018-03-16 01:51:37,2018-04-11 18:43:24,2018-04-09 00:00:00
24c62466418a240484d7c25dbc112222,2a083bbded65694d1e0cdb38fc757019,delivered,2017-09-08 13:51:42,2017-09-08 14:04:29,2017-09-11 14:06:28,2017-09-14 17:20:09,2017-10-06 00:00:00
feeb572a755207d889d166ca90221c84,757bbd8c61a5fd67d5b8c18efd987beb,delivered,2017-12-07 18:00:45,2017-12-12 03:36:25,2017-12-12 23:17:02,2018-01-12 20:19:50,2018-01-30 00:00:00
bdb52fcc684d212ff85ba88d4acc3b7b,073d71c93304496bb891a08b926ece95,delivered,2018-07-30 16:32:00,2018-08-01 02:44:19,2018-08-01 20:57:00,2018-08-04 12:04:59,2018-08-20 00:00:00
f0f2afc6bc6d17723eaf3a95ff93f674,0204531aef74d85df77159315dba211d,delivered,2017-09-26 18:14:26,2017-09-26 18:28:18,2017-09-28 15:48:10,2017-10-06 19:47:49,2017-10-13 00:00:00
4e36ca9de4b97cb87ff2c474107c28f1,577ece54796bd0f230d4df152b53536f,delivered,2017-11-25 15:00:59,2017-11-28 02:53:42,2017-11-28 21:52:57,2017-12-04 20:42:25,2017-12-12 00:00:00
1bdd4c66aa68cf72d2fc25b9f9e4bb48,66dc7ddbac62bcf0886576a7d05f9606,delivered,2017-12-06 17:42:49,2017-12-07 03:16:26,2017-12-11 23:15:54,2017-12-20 18:24:50,2018-01-02 00:00:00
4c5d80480b7c923ec02b8dee8c00a846,d8e4093b1a0d9885110b24a74feb6ab7,delivered,2017-11-21 20:37:30,2017-11-23 02:56:27,2017-11-23 21:03:13,2017-12-11 22:03:44,2017-12-15 00:00:00
6c77310ef232ed3cc83889e26f3b5159,9055d975cfb7fe87424c08206d5e2229,delivered,2017-09-06 22:32:10,2017-09-07 22:35:15,2017-09-12 12:52:33,2017-09-18 17:24:50,2017-09-27 00:00:00
4fcd9b66261e3288dcf98c7d6f6d07da,b7826990cef0d1ca024e2592e3146462,delivered,2017-10-04 09:02:18,2017-10-05 20:44:45,2017-10-10 19:59:35,2017-10-23 21:32:31,2017-11-03 00:00:00
fd287f617bff10632a3d985e4be99f81,498e5038515e2787cabeb0f0d17d32cd,delivered,2017-08-20 09:44:48,2017-08-20 10:05:04,2017-08-23 16:03:16,2017-08-24 20:06:05,2017-09-05 00:00:00
ae8b5df90eaf220f63f5ed4865cd222c,3d4bc7f585bc0534e4a0c00c086721b2,delivered,2018-03-17 15:48:01,2018-03-17 16:08:50,2018-03-19 19:52:50,2018-04-02 16:46:46,2018-04-16 00:00:00
d6290a5294ee8d7eb9b6aafd583e59e3,b6335bb5ffac3a44fd1f325a4dab8998,delivered,2018-01-04 19:07:29,2018-01-06 14:13:02,2018-01-10 19:38:41,2018-01-14 18:08:37,2018-02-08 00:00:00
45e5d1e609ed1cbc67ab89e5f817849c,189c79f9536b271219661d456ac92076,delivered,2018-03-12 10:59:59,2018-03-12 11:40:26,2018-03-13 12:58:21,2018-03-17 15:42:06,2018-03-22 00:00:00
2256919a2a66fc51435c5461a06beb5f,a16a049361ca8f233b758affdaa5a5db,delivered,2018-04-10 21:38:40,2018-04-10 21:50:12,2018-04-12 23:38:36,2018-04-20 21:50:54,2018-05-08 00:00:00
6bba30c18651e627c4ee8c24fb04d41c,4e9d59e227be06f1e74cc4953cb35c1b,delivered,2017-06-23 12:52:21,2017-06-23 13:03:10,2017-06-26 16:23:35,2017-07-05 09:08:32,2017-07-19 00:00:00
781b27c3e9635454e0c656d3d53e570f,6e8e5adb66c2b98f336bd6e9ea453b35,delivered,2018-02-15 08:09:22,2018-02-15 08:27:11,2018-02-16 18:48:33,2018-02-19 20:13:03,2018-03-02 00:00:00
3e721650e845549cd3268a5749f843fb,387f1a0d6f1e26985d57745d0f7d6e71,delivered,2017-12-14 18:34:09,2017-12-14 18:52:15,2018-01-09 15:25:40,2018-01-09 21:46:31,2018-01-19 00:00:00
8800d14eb6eb6031624538ca8750b921,ea7863f999febf4f8c4f2c28ce9e1151,delivered,2017-07-04 18:21:02,2017-07-05 17:42:32,2017-07-11 20:47:57,2017-08-22 19:03:14,2017-07-26 00:00:00
66d72a05add1a253c4e8390c215c8306,b3721b457de31db30b4de608d880d18c,delivered,2018-04-03 11:21:26,2018-04-03 11:35:11,2018-04-04 19:16:56,2018-04-05 20:08:28,2018-04-13 00:00:00
7e61a4c6d93d6ad8a4ca4a8d00094339,ae8dc9a1f298680124ae2dc18e37cb34,delivered,2017-01-29 04:52:16,2017-01-29 08:30:35,2017-02-01 14:51:57,2017-02-09 07:44:51,2017-03-09 00:00:00
07e4ea9fe9fcc49b673d7d3197b5da23,2915d405d4b958edc2bdce19fc0df07f,delivered,2017-05-09 10:45:54,2017-05-09 10:55:17,2017-05-19 19:47:58,2017-05-25 11:04:12,2017-06-06 00:00:00
18b32669d9e5cbe2038b8080829a2c1f,07d319341481e69347920cb21d49a75d,delivered,2018-04-25 16:16:57,2018-04-27 03:30:47,2018-04-27 10:15:00,2018-05-03 20:16:35,2018-05-16 00:00:00
bc292720a8c5a34b208210473ba295fe,10b7703550d1a6f6da62cb73ef881212,delivered,2018-05-09 18:17:38,2018-05-11 02:57:38,2018-05-15 16:48:00,2018-05-16 21:31:26,2018-05-28 00:00:00
d66d818e0e5486b4382bdaad63390b53,4a007c816f10c17d6b5591756a5f6047,delivered,2018-07-20 00:04:41,2018-07-21 03:23:52,2018-07-23 14:52:00,2018-07-31 15:07:39,2018-08-16 00:00:00
724510eaec5c0c1973df8699c23cef4e,36e597b29aebcb406abc514198ed1522,delivered,2018-04-17 14:49:59,2018-04-19 02:51:38,2018-04-19 20:03:43,2018-05-04 16:36:37,2018-05-29 00:00:00
6b6de07ee5e837bde4aead95e9891f0e,b8694b002470eab0f605638f4427d499,delivered,2018-07-27 18:03:57,2018-07-28 02:44:36,2018-07-30 14:41:00,2018-08-01 03:16:55,2018-08-03 00:00:00
27d6233886151ecc1ed368ce120ec5cf,508477b76a482e31673805fe43e12760,delivered,2018-05-15 22:05:44,2018-05-15 22:33:47,2018-05-16 14:08:00,2018-05-22 22:12:08,2018-06-07 00:00:00
e1cef1d9d9cdf18eb3f06c9ac41e3b50,d81da11cf25a7f123a1f60af01bdc158,delivered,2018-07-31 16:25:56,2018-07-31 17:30:57,2018-08-14 12:56:00,2018-08-23 21:19:37,2018-08-30 00:00:00
ec5865f7945e691793bc68e066c837fc,f4edbf9206f6c97cd163d6af0c94bbfc,delivered,2018-08-09 00:07:36,2018-08-09 00:15:32,2018-08-09 12:12:00,2018-08-14 23:12:04,2018-08-20 00:00:00
fe5cf33c8006e3a98776622acb39c9fe,f0d9d8e4ac3a29ef1b3382939e006298,delivered,2018-01-11 11:31:42,2018-01-11 11:38:50,2018-01-15 17:24:47,2018-01-26 17:59:02,2018-02-06 00:00:00
9520c99fe31b7946785fe4f7c693aa86,2c697b3bc2b09c044f9580ce16d5294f,delivered,2018-01-25 13:59:33,2018-01-25 14:19:57,2018-01-29 23:19:39,2018-02-14 21:27:42,2018-03-08 00:00:00
bde4e7e3544abf70e995f2cb0f5fc992,648d713a550b07fa3b32b25bad3c761f,delivered,2017-05-02 14:50:31,2017-05-02 15:02:40,2017-05-03 11:39:38,2017-05-18 10:34:06,2017-06-02 00:00:00
d443588d7606795f04ff9db3ee5020d0,45344d16cc1a2f6705128fb3ae2110a1,delivered,2017-11-24 13:26:19,2017-11-24 15:34:46,2017-11-28 22:56:56,2017-12-04 20:48:40,2017-12-26 00:00:00
b367cc1437c9d0b2794f759930e61eba,719100f2027a507b233cce1b52773a90,delivered,2018-04-21 09:43:04,2018-04-24 18:42:20,2018-04-23 22:28:54,2018-04-28 15:03:18,2018-05-30 00:00:00
b9222683e55758e925b1931565b4f343,f8e682bc0ead0ca14a987dcdab9fc8ef,delivered,2017-09-09 19:00:12,2017-09-09 19:10:24,2017-09-12 20:38:41,2017-09-16 15:07:30,2017-09-28 00:00:00
0930b4554e6a2135e7132b897c3809f7,f93ab5dbe7f190d402cef2add574dc81,delivered,2017-10-14 00:00:38,2017-10-14 00:14:12,2017-10-16 15:55:03,2017-10-19 17:33:47,2017-10-26 00:00:00
cc7075176f9fce6189a5fb6850d52ab3,c95c996dcdeac3096cae7da33a539313,delivered,2017-07-17 11:15:36,2017-07-18 05:55:37,2017-07-18 20:46:45,2017-07-27 19:42:13,2017-08-08 00:00:00
acdaa16a13bbe2ca9983c730d0e29c2c,52f53291ff1011cdb7d19e97f2648974,delivered,2017-07-28 15:45:36,2017-07-28 15:55:16,2017-07-31 16:10:54,2017-08-01 18:29:52,2017-08-10 00:00:00
53e57107ef6a155ab06400be24aa7922,8bf326e22c694e7dd390b005a6560b88,delivered,2017-04-16 15:18:14,2017-04-17 15:25:31,2017-04-19 11:25:12,2017-04-27 08:58:12,2017-05-11 00:00:00
8fb3923723ef788e9813b430b5ac5c05,c0f6254f6d07eaf56d7e4e2f6e29044f,delivered,2017-11-23 20:17:06,2017-11-23 20:28:06,2017-11-24 21:17:05,2017-12-11 22:15:25,2017-12-27 00:00:00
225c6cf7ed45310f85da43b31dab00ff,26a236148734e242ac7be824e07a0ebe,delivered,2018-01-13 09:58:10,2018-01-13 10:10:41,2018-01-15 21:25:00,2018-01-24 14:27:15,2018-02-08 00:00:00
5be8d3fecf2b8d50b2fa90ada4badda8,7ada29808f684c55d096c624b1118e65,delivered,2018-02-22 09:20:17,2018-02-22 09:35:35,2018-02-23 18:42:00,2018-03-08 21:13:27,2018-03-19 00:00:00
045c7a03ba28c7d7b3c58e3897f587a7,b04dacc5c80ac9337afa2f4791f92f45,delivered,2017-11-19 19:11:20,2017-11-19 19:26:17,2017-11-20 20:32:54,2017-11-27 23:51:24,2017-12-07 00:00:00
25cbbd756ea300d0566add5ebb8b3a25,dbde531e9881f7b5ca69da3d8eea788f,delivered,2018-08-16 23:17:20,2018-08-16 23:30:07,2018-08-22 19:09:00,2018-08-23 16:48:29,2018-08-27 00:00:00
4e3a1311d6cf029c30c9ead449bfbd43,4379622b3e8894ea1d95bac44ccec6ba,delivered,2017-07-06 19:36:57,2017-07-06 19:50:18,2017-07-07 17:52:04,2017-07-17 20:22:39,2017-07-28 00:00:00
d1de4ee2cdca15e0ccf424096264d3c8,39e5fadcd944a8fdf11b3654e7413d0e,delivered,2018-02-08 07:47:11,2018-02-08 08:10:25,2018-02-08 23:09:40,2018-02-19 20:39:14,2018-03-07 00:00:00
86e9770b85541565274b041849e909e3,708290dd6f1eda82f764cdb76ac19262,delivered,2017-07-11 18:39:09,2017-07-11 18:50:11,2017-07-24 14:10:14,2017-08-01 18:52:32,2017-08-11 00:00:00
357fd478aabae20e8548661577688175,6ecaeda783d8f431098652d8790f8fe3,delivered,2018-05-17 16:45:55,2018-05-18 00:15:28,2018-05-22 14:08:00,2018-06-05 22:29:36,2018-06-05 00:00:00
56e52e0e9ca5698dd8d4fa5de117448c,76b0e019d627ffe53af292a24a2541c2,delivered,2017-08-01 14:25:01,2017-08-01 15:30:19,2017-08-02 18:53:55,2017-08-15 18:07:50,2017-09-01 00:00:00
e5fa00efafb88eb508afaa778eae8a6a,aafee009036396873b555eee8c05aa62,delivered,2017-09-10 17:33:47,2017-09-10 17:45:12,2017-09-18 20:33:26,2017-10-09 19:00:20,2017-10-10 00:00:00
6937859dba684e88640f04b2fd471d7c,a44b5afa2f79b679e5553363b1b0d8e9,delivered,2018-02-17 20:58:48,2018-02-17 21:10:30,2018-02-22 16:18:42,2018-03-21 15:47:55,2018-03-14 00:00:00
c25b60f499ad0bad3d9bd3fd3e82b089,b26f177937a176ef76f32a7c0fa03f02,delivered,2017-05-15 16:48:14,2017-05-15 17:02:56,2017-05-17 09:03:02,2017-05-25 16:55:59,2017-06-08 00:00:00
49e3a5faf16d760e0209b520e8364246,f8a47173358e2982a9f69b8d2193ae67,delivered,2018-01-04 23:53:04,2018-01-06 02:07:57,2018-01-09 14:41:22,2018-01-26 16:37:07,2018-02-01 00:00:00
0bfa8870838091fe8171ed69f6b89fee,10f2beaf4d0f6f475d9f4cfdc9b05457,delivered,2018-08-22 10:21:13,2018-08-22 10:45:24,2018-08-22 14:50:00,2018-08-24 22:41:52,2018-08-28 00:00:00
6efae6c7b38cde4c5833376accaedb02,76f9706526dc2e690bed0cff82644cfa,delivered,2017-09-21 22:01:26,2017-09-21 22:48:19,2017-09-22 16:51:29,2017-10-03 17:38:10,2017-10-25 00:00:00
3f728c09846bd39666acf05416a9fefa,c073fb80229f3b3e39938291f56896a2,delivered,2018-07-10 11:55:36,2018-07-10 12:05:30,2018-07-11 15:10:00,2018-07-17 02:41:54,2018-07-27 00:00:00
0467205a89711e4ec8e70ef2277e3287,90b8af517fbab96fb08d0115dffdc570,delivered,2018-07-03 10:30:52,2018-07-05 16:40:30,2018-07-03 13:12:00,2018-07-04 22:42:41,2018-07-16 00:00:00
7a63a2feab704e71ea9cf2aba2c7bd10,a68b231699b45f44a3e48910c457417e,delivered,2018-04-01 13:15:24,2018-04-03 05:49:06,2018-04-04 18:58:40,2018-04-11 18:15:45,2018-04-23 00:00:00
93aa1607392862dacfb4b54774480f1d,59ecb3cd1a0a6e1e028d208ee17a1765,delivered,2018-05-03 12:37:17,2018-05-03 12:55:06,2018-05-04 11:48:00,2018-05-09 15:12:03,2018-05-28 00:00:00
b787106d477dcf42be86fc2e8eabdaab,e05b37c1692ca2dc95dbcfefebd59a4d,delivered,2018-05-07 20:39:54,2018-05-07 20:55:29,2018-05-09 10:00:00,2018-05-24 17:25:37,2018-05-30 00:00:00
e2da042c42ce790c81ef3a9f666a92b6,cec841303d49ca5ab4756e8fee1fc554,delivered,2017-12-21 16:15:32,2017-12-21 16:30:09,2017-12-22 17:53:36,2018-01-04 00:14:43,2018-01-31 00:00:00
2f62d489455bae79172e60f9eb0a9cea,cd43b90d37298e11cbb323e2bc6fd3c1,delivered,2018-03-22 22:28:03,2018-03-22 22:47:29,2018-03-23 20:54:48,2018-04-06 22:36:35,2018-04-13 00:00:00
f7f52d7843e579d62167f8afb3d1d946,8e0d0cfab72f733812ae2f71669ce2d3,delivered,2018-06-11 22:06:34,2018-06-11 22:19:29,2018-06-12 14:21:00,2018-06-21 13:36:46,2018-07-16 00:00:00
7dd1b130c9150c4343cfead610733da0,9c0f857d40fe25c04dcb0e2b138f6634,delivered,2017-03-09 08:47:24,2017-03-09 08:47:24,2017-03-09 14:01:47,2017-03-17 04:14:13,2017-03-31 00:00:00
e7c290bfc31d7eed478c3d3d2d4d2953,004440537b68545ca3c341d7279bc4c0,delivered,2018-08-28 22:30:32,2018-08-28 22:43:50,2018-08-29 15:00:00,2018-08-30 17:18:48,2018-09-12 00:00:00
bf0b0091259a3839db4a335aa1b4c8dd,bdccd7d99b0a5094e9f43ee3a616869c,delivered,2018-05-05 16:10:01,2018-05-05 16:29:58,2018-05-07 12:53:00,2018-05-10 23:42:30,2018-06-06 00:00:00
e481ee461ff8fe2c3bd50f798e13b2f8,1b45f60d696cad69dd5ef9ee6d3d0e80,delivered,2017-11-27 21:53:53,2017-11-27 22:17:45,2017-11-28 20:45:30,2017-12-09 17:32:41,2017-12-20 00:00:00
45714388825b2025b19af04c84924cdd,e3e8c3f235b2e617b9bcd71516e7aa98,delivered,2018-06-03 16:51:01,2018-06-04 09:30:19,2018-06-05 13:52:00,2018-06-12 21:05:08,2018-07-13 00:00:00
5abedb82bfd5944d04bd7e074f189dba,385826fa4890fd6d52d6db2a12991aec,delivered,2017-12-15 12:52:08,2017-12-15 12:58:24,2017-12-21 18:38:41,2017-12-29 18:27:32,2018-01-18 00:00:00
bfd664f7724709fb7bfbb33308a64ccd,b848a0e45ab7cc370ead566c06c250a9,delivered,2018-01-05 00:04:11,2018-01-05 00:14:24,2018-01-08 16:03:38,2018-01-15 21:28:47,2018-01-30 00:00:00
12404c66f4ea97b16664395ecbf61889,d91269dd81b9bce4f785fb94e5189872,delivered,2017-11-24 07:24:37,2017-11-24 07:32:24,2017-11-25 14:14:55,2017-12-04 18:35:18,2017-12-14 00:00:00
04730e3327a051a939ae815e14e482e1,1f73a986d985bf8c6ace5bd5a3e0b1e8,delivered,2017-11-24 21:44:07,2017-11-25 00:37:48,2017-11-29 20:35:48,2017-12-13 19:12:23,2017-12-20 00:00:00
831e2035989f1b9cb217e1093e2992d3,2b832cb2a7115d9c21871ebb461faeae,delivered,2018-05-10 09:31:46,2018-05-10 09:52:03,2018-05-12 08:14:00,2018-05-19 13:52:01,2018-06-05 00:00:00
b307cada239e60fdeaef08bc8817c345,b39a10ad4f8b0501542b837f4b6f46fc,delivered,2017-06-19 03:06:36,2017-06-19 03:15:13,2017-06-19 19:44:54,2017-06-28 13:44:03,2017-07-11 00:00:00
a2d3e809723dd48f967c88c7b681799a,19100838c0b5153ea3badd6b15191c17,delivered,2018-03-28 18:34:34,2018-03-28 18:50:11,2018-03-29 20:40:55,2018-04-21 13:22:40,2018-04-30 00:00:00
d793a2f7a07ce993cbdd2d6ffac8972e,c42a2f665b0a49c9428c48903a43e962,delivered,2018-07-20 10:22:34,2018-07-20 10:35:17,2018-07-20 13:47:00,2018-07-25 17:32:32,2018-08-09 00:00:00
6203b82391cd0a3daf1c4dbe763a318f,0d4f48281b345e9901b120e46f006f79,delivered,2017-06-23 10:53:01,2017-06-23 11:05:26,2017-06-27 16:32:43,2017-07-04 10:47:45,2017-07-14 00:00:00
6d3113205aaca4d6b2dfdd01e15ec7d7,24bb86ce8ea9406d2e034154063030d4,delivered,2018-04-26 14:10:07,2018-04-26 14:30:15,2018-05-02 12:01:00,2018-05-07 20:24:57,2018-05-21 00:00:00
910b6236c4771f905eeb252718b05b6e,1684ae14611db66fcad47175a24b643d,delivered,2017-07-04 19:37:38,2017-07-05 17:42:31,2017-07-07 17:02:40,2017-07-12 17:26:34,2017-07-26 00:00:00
aaed8fcb92e763144b26eb6ac5ec48c5,7400c7e143639e56fc8ffa59d1c03649,delivered,2017-04-11 15:02:30,2017-04-12 14:55:16,2017-04-13 15:48:06,2017-04-30 10:46:06,2017-05-10 00:00:00
43389a4c5d1f6f0fff4486c6ae61d4ea,ca664d020aa46bba68a6e0429de6c83d,delivered,2017-12-13 08:11:12,2017-12-13 08:19:25,2017-12-13 22:20:06,2017-12-28 15:39:21,2018-01-15 00:00:00
9cb828e4c199d05058a48c78126e3a51,e362677e56f333541b22921c3c2195cc,delivered,2017-08-09 11:09:22,2017-08-09 11:25:10,2017-08-15 18:12:33,2017-08-24 17:55:47,2017-09-11 00:00:00
6c80694f60ad5694975dc614b2a7e723,e7097960c7662eb4f785a1a4c8f5c59d,delivered,2018-05-16 12:26:21,2018-05-16 12:53:55,2018-05-17 08:40:00,2018-05-29 11:03:31,2018-06-11 00:00:00
bf2ac202fb57d18bba91de7d1ee05870,1b5549f559bd802556906046b50d8ae1,delivered,2018-03-28 22:53:47,2018-03-28 23:07:34,2018-04-02 20:32:45,2018-04-04 23:44:18,2018-04-10 00:00:00
73a8ed1078e1d475d2b1fb7216a52e1a,900ba4df9838bd25ef994e0483fefb49,delivered,2018-08-10 10:39:43,2018-08-14 04:50:12,2018-08-14 09:07:00,2018-08-17 21:21:58,2018-08-22 00:00:00
3dae6feef971cab19fbe93fb8d14eb13,9091cd96355c2dca565419ccd2b3a090,delivered,2017-09-11 10:14:34,2017-09-11 10:25:39,2017-09-14 20:57:28,2017-09-20 17:28:23,2017-10-09 00:00:00
697797bc98580e59013e58bdd5cdd1ba,dec52b4b346dde7f75f0b2f21b0955bd,delivered,2018-01-24 20:35:34,2018-01-27 02:51:21,2018-01-29 23:08:47,2018-02-09 20:42:36,2018-03-02 00:00:00
05d6faf8d3942006edf7cbc669faa965,9d70473610a913bc6ae8b9b52c35459b,delivered,2017-09-10 18:16:43,2017-09-10 18:30:18,2017-09-11 21:23:06,2017-09-18 16:48:26,2017-10-06 00:00:00
c60a42174ebe36481da792fbb7da904f,22b3e24d43b6f9a27af8c5f1b17f9e04,delivered,2017-04-19 23:39:20,2017-04-19 23:51:17,2017-04-24 18:18:10,2017-04-28 11:42:55,2017-05-12 00:00:00
1ff4d17534327066535e75b5bea441ef,fc289a6b8a8613e4e16ecbf0a9f2f47b,delivered,2018-04-06 02:36:39,2018-04-06 02:50:13,2018-04-07 01:42:33,2018-04-07 17:19:14,2018-04-19 00:00:00
2829feee3f2a5c865f84cf4efb8df48d,8974c83d17dba1c212c98adb6ea6eadb,delivered,2018-05-04 17:17:11,2018-05-04 17:33:49,2018-05-07 08:37:00,2018-05-15 19:33:01,2018-05-30 00:00:00
b357c263e1f33cd68e28110443a2d2ea,a719a6a81140e2806668e96279024b1f,delivered,2018-07-17 11:25:12,2018-07-17 11:41:21,2018-07-17 13:56:00,2018-07-20 19:04:23,2018-08-14 00:00:00
0de906f0c72deaf1a1d5f7c23ded9f35,4ba8c08de7fa81bb7c3ccbd2918e608f,delivered,2018-03-20 00:57:44,2018-03-20 01:10:21,2018-03-21 21:51:14,2018-03-31 14:48:48,2018-04-06 00:00:00
d664b2039deb4f567ef5367877766cf6,2728d59778931902ac2459b9f643b886,delivered,2017-12-02 17:05:37,2017-12-02 17:15:20,2017-12-05 19:22:17,2017-12-15 15:42:39,2017-12-20 00:00:00
06be8b2c2a6e818814aa5416c3512ca3,00993c1bdbff4f24ca6b8124b4cf5a1f,delivered,2018-07-23 22:05:53,2018-07-24 10:31:09,2018-07-24 15:54:00,2018-07-30 12:48:38,2018-08-14 00:00:00
4089dcf1cbb89bc02b04c143c7dab499,4eb34c6abfced86e2424dc23945875b5,delivered,2018-04-30 14:13:49,2018-04-30 14:32:39,2018-05-02 13:09:00,2018-05-14 18:22:47,2018-05-23 00:00:00
498cdac3b77bd13d44a8cfd3e26b768b,83c0a4c79c91b162fade02f2550af74d,delivered,2018-07-29 10:25:04,2018-07-29 10:35:13,2018-07-30 15:41:00,2018-08-02 16:16:49,2018-08-09 00:00:00
3aae1e931f771197ec742671ee429dc9,4f5fe0d2d2d60f5850f219a41b092234,delivered,2017-03-20 16:14:51,2017-03-20 16:14:51,2017-03-21 11:57:16,2017-03-27 14:15:48,2017-04-10 00:00:00
dbc3b0665b060a97f3298ba46f58ce1b,3e833164532942a1114ef358e1b8884f,delivered,2018-08-22 17:14:06,2018-08-22 17:25:12,2018-08-27 15:10:00,2018-08-30 19:03:59,2018-09-05 00:00:00
506d46f95e03c222c6b3df0c721f7a82,5e06e74719ab2e623f22de047cf13fc1,delivered,2017-08-15 19:18:32,2017-08-17 02:50:30,2017-08-17 15:36:00,2017-08-22 23:32:49,2017-09-08 00:00:00
358062b4847c9e2ce76ba4895d0f6625,e139948a02a65f3d63dca4169cd990b8,delivered,2018-06-18 09:30:44,2018-06-18 09:53:49,2018-06-19 16:18:00,2018-06-22 18:26:51,2018-07-17 00:00:00
4dddc24327ff6d738f2a72abf2b2bc71,4fa95709fb3d5e842297bb9929b000ed,delivered,2018-08-08 12:58:54,2018-08-08 13:10:21,2018-08-09 13:47:00,2018-08-15 16:43:36,2018-09-03 00:00:00
01074135a88ffa5978eaadfc7f482f2b,acc1272df0c1c3d973ccb5be09d0ab41,delivered,2018-03-30 10:53:54,2018-03-30 11:47:15,2018-04-02 23:06:55,2018-04-17 17:29:32,2018-04-24 00:00:00
e031b115c17b49bdf313c9150d4cfdb0,4b7e3d0d6bbbfcf977e12746495b9e30,delivered,2018-03-19 14:26:20,2018-03-19 14:35:52,2018-03-20 17:08:49,2018-04-13 20:32:20,2018-04-09 00:00:00
5697a446ff63940af2ffeb653ae0fc18,b85b9eca8d1a4aea28791a21bc3e8103,delivered,2017-08-09 15:35:36,2017-08-09 15:45:08,2017-08-10 23:43:53,2017-08-14 14:46:14,2017-08-23 00:00:00
eaa6e85721460c83524a1269a2113037,cbbd175e38b1388ef9401ef8518b2ba0,delivered,2017-08-21 00:05:16,2017-08-23 02:46:54,2017-08-24 11:23:34,2017-08-25 21:21:29,2017-09-18 00:00:00
ac9389991e196542581dc80f6be7e5fe,d5d2b40c4f46a961dd499fcf5541ffb8,delivered,2018-01-01 21:11:00,2018-01-01 21:18:27,2018-01-05 22:11:00,2018-01-13 01:29:12,2018-01-31 00:00:00
ebcf66c1607001ac95cb9c83eeb8669b,4b8c2940c3905435e4ee402e8912c28f,delivered,2018-07-18 21:54:05,2018-07-18 22:15:20,2018-07-26 14:04:00,2018-07-30 21:46:56,2018-08-02 00:00:00
1905a6fa69b8fe273cc0ec81f8ec31b5,7ae85381c48ff61620b51be6c33eded9,delivered,2017-12-18 18:12:58,2017-12-20 07:18:18,2017-12-20 20:42:47,2017-12-30 12:41:56,2018-01-12 00:00:00
9bd01f4522f8744273b5261450ee0c5e,3318f25e21adfc925030d4e0d82833e8,delivered,2017-11-10 17:40:29,2017-11-10 17:56:09,2017-11-16 19:51:17,2017-12-26 14:33:43,2017-12-05 00:00:00
50ae3a5a52b4ff79495a2abff4490590,210463ea2c691dd0a1578224cb2b1c59,delivered,2017-08-11 17:34:42,2017-08-11 17:45:21,2017-08-14 14:35:01,2017-08-24 16:31:43,2017-09-13 00:00:00
dcc495566353215aa81cab568f8fb2bf,30dde7f12628e5590a4140ad0fdedd93,delivered,2018-03-26 15:45:45,2018-03-26 16:08:15,2018-03-27 23:04:14,2018-04-04 19:26:29,2018-04-17 00:00:00
938eec02edd60b9aac62487718732066,95831ea09cb4a648b5f7d46d25e9760d,delivered,2017-08-31 21:54:32,2017-08-31 22:05:37,2017-09-01 19:12:00,2017-09-08 19:44:59,2017-09-20 00:00:00
2bc23fea2d23b5e157fea231d05ccc28,5c6b8bfd6f87527b28dd898557640c63,delivered,2018-03-17 22:26:43,2018-03-17 22:48:37,2018-03-28 17:06:27,2018-04-04 11:19:53,2018-04-10 00:00:00
c171a641ce5deb8a4f8ec640d78dde03,a6cb65db63e510b12e2eba546c58c06a,delivered,2018-07-22 12:36:44,2018-07-23 11:31:41,2018-07-27 15:38:00,2018-08-01 19:56:42,2018-08-14 00:00:00
7f33b2f7072ae341ce1f0f20a6d9e9ab,385eb3be53ed064c17035d8c92a36d16,delivered,2017-08-10 22:07:55,2017-08-10 22:24:01,2017-08-15 15:45:54,2017-08-16 19:05:00,2017-08-25 00:00:00
4d4ab4ddf371a4eef5153387cac80ff8,cf199055fc9c6d7cf39cc54ec67638a3,delivered,2017-12-03 17:12:06,2017-12-03 17:34:23,2017-12-06 21:22:00,2017-12-13 21:18:50,2017-12-27 00:00:00
90375c2818679d0acd512c173b31a0fa,b15c0c3759725fa232822a4ac78f5f6e,delivered,2017-08-10 00:49:16,2017-08-10 01:05:10,2017-08-10 19:38:05,2017-08-17 16:13:44,2017-09-01 00:00:00
041cba819a99569f87996b65b73ea82e,98f405f18fec61e1a61037c344213e26,delivered,2018-03-18 00:19:20,2018-03-18 00:30:27,2018-03-19 21:38:23,2018-03-22 16:04:49,2018-04-11 00:00:00
28fbe65f18578f91f026300af5e6bdbc,dc169cbfe622bb5514404bba1f6fa004,delivered,2017-08-27 18:28:26,2017-08-27 18:35:19,2017-08-29 20:27:37,2017-09-01 18:03:56,2017-09-18 00:00:00
3644e8655109be6d27d6e4d9114692b9,d035de7e60e15f937e0232c6b4a0ce90,delivered,2018-02-20 15:02:40,2018-02-21 06:20:02,2018-02-21 20:22:20,2018-03-20 20:28:49,2018-03-21 00:00:00
2f16a08a008440d69c339763a4024226,dca8d3f7703ea5066661fe1014e2d9d1,delivered,2017-05-07 21:00:57,2017-05-07 21:10:14,2017-05-10 13:01:07,2017-05-15 16:26:42,2017-05-19 00:00:00
c0341f028a07cb3196e3bf4e850066bb,b3cdb244706fcba3d2bcd907b082ce1b,canceled,2017-03-23 17:21:23,2017-03-23 18:23:19,,,2017-04-11 00:00:00
675259524dbb8d518b8af60d1bc7c3ae,81dd0c1d4b6fd66063d84be7ec98e51c,delivered,2017-09-16 17:52:31,2017-09-16 18:06:23,2017-09-21 15:28:07,2017-09-25 17:04:09,2017-10-05 00:00:00
9f0f2a19e1bd7373ab446e804e5c4d3e,c01c53ce89255b783aefd51c8df9c933,delivered,2018-03-20 18:12:12,2018-03-20 18:28:04,2018-03-21 21:05:10,2018-04-21 16:51:50,2018-04-06 00:00:00
c0a44fead1bf940766c68e73c9224dd2,e40c5dc891386a1b077b5fbf99505e71,delivered,2017-07-24 20:56:42,2017-07-24 21:05:21,2017-07-26 19:49:53,2017-10-14 13:33:12,2017-08-17 00:00:00
9293a0b9f66eb89c45d984173b2f3999,8f53becdc23282bf21b05287651baa73,delivered,2018-02-16 14:18:39,2018-02-17 03:47:53,2018-02-23 22:52:19,2018-03-06 22:42:05,2018-03-19 00:00:00
79bb1292df7d62fc35c5121cf94216dd,a31bde58ff0a6a1e45abd0def156ff72,delivered,2017-05-17 21:10:47,2017-05-17 21:22:02,2017-05-19 10:42:25,2017-05-24 11:07:54,2017-06-08 00:00:00
9024a48543f0247467a77a9208311c07,9ce95a2a798e3c8f3786f075794a1851,delivered,2017-11-13 17:16:55,2017-11-13 17:30:48,2017-11-14 19:48:38,2017-11-21 17:25:58,2017-12-07 00:00:00
b14970227d9071f5930ab1774bc471dd,f571c1233e373065899833efd71ad0ad,delivered,2018-08-13 07:44:15,2018-08-13 07:55:16,2018-08-13 16:09:00,2018-08-14 13:31:10,2018-08-16 00:00:00
9f88232659bf1587e06ac5ab1aa2d62a,b5e3fbd21cbfbe8300596115c3fcc624,delivered,2017-06-25 13:11:03,2017-06-27 13:10:20,2017-06-27 14:36:28,2017-07-01 07:36:19,2017-07-07 00:00:00
1a2720764e8d2ce638f1696f2951a9cf,61e042bb7233b5c61b4b1fbfe824774d,delivered,2017-06-07 18:02:02,2017-06-09 02:15:20,2017-06-12 10:47:40,2017-06-24 10:03:15,2017-06-30 00:00:00
41277f3a6a9033447c24bd3e1ff04c86,54fffbb66b635bac0e36b284797a581b,delivered,2017-07-15 16:01:02,2017-07-15 16:10:22,2017-07-21 22:53:43,2017-08-18 17:57:44,2017-08-16 00:00:00
8fc47f65b54791a23f7051b6afdaf246,1cc2cb0e5dfcdc3eb9ffbbec7edb2402,delivered,2018-03-06 10:47:52,2018-03-06 10:55:34,2018-03-07 23:09:20,2018-03-29 19:47:46,2018-03-28 00:00:00
8de235cda79ec1764ed1c31381cb2e4b,71c7e5feaccea207f79968ff7faa09a8,delivered,2017-08-03 09:56:14,2017-08-03 10:10:17,2017-08-08 18:11:40,2017-08-28 11:47:54,2017-08-29 00:00:00
73a1b2c642b36dc0c5930e4b654ce46f,08ffdbf0b21cffff0d50f69e34097e6f,delivered,2017-08-14 11:03:36,2017-08-15 03:25:21,2017-08-16 17:12:49,2017-08-29 14:03:00,2017-09-20 00:00:00
489d362ded79f4394b61b6e58453ab18,bc2f220ee24e0e71c450982651079d50,delivered,2018-01-04 13:41:14,2018-01-04 13:49:33,2018-01-10 20:24:22,2018-01-18 16:47:59,2018-02-01 00:00:00
1187d945103ffe5a5d8fe56169b9c4be,0cb635404b8b41e8351ae5578711143b,delivered,2017-06-08 09:43:46,2017-06-08 09:55:19,2017-06-14 12:52:10,2017-06-23 12:42:20,2017-07-05 00:00:00
3ba333b554f8465f34ff42c71561e53c,4604295ac7c810a19886d8ed12422903,delivered,2018-03-16 17:54:14,2018-03-16 18:08:26,2018-03-20 17:28:31,2018-04-04 00:21:43,2018-04-05 00:00:00
9f96fbe1882a78b811357299fc5d6c8c,dbf20713f38b4f971f5d3d97dbb414f2,delivered,2017-09-21 21:37:49,2017-09-21 22:48:16,2017-09-26 12:41:36,2017-10-02 21:03:00,2017-10-13 00:00:00
51de77120c854253873cebe912d4d46b,cb0ca8fe7c5ac43280983c6807cf9cf7,delivered,2018-06-10 22:58:41,2018-06-11 22:59:38,2018-06-12 15:34:00,2018-06-15 12:38:39,2018-07-11 00:00:00
424324b09cd7245a213d08d46272e9e6,c9449e3fd9b76b6495a0fdf2a49e4711,delivered,2018-01-10 10:56:48,2018-01-12 10:17:21,2018-01-15 18:35:03,2018-01-16 21:32:50,2018-01-29 00:00:00
5944fb964cf73639af7fcd817b6fd31b,2ccd50175f866e2f51c3b1cdb12f55cf,delivered,2017-05-31 22:59:52,2017-06-02 21:05:10,2017-06-09 12:26:03,2017-06-26 12:45:54,2017-07-13 00:00:00
0bb5af1f3b46e6ec23dd85506fa8175f,2f73503d3f3d923095acec18ce04c30e,delivered,2017-11-09 13:22:06,2017-11-09 13:35:31,2017-11-10 17:51:37,2017-11-22 16:40:36,2017-12-15 00:00:00
10224c72b9364fe2d0608e92ae535f88,9ec65bad6a17e968271ad675828409aa,delivered,2018-03-16 11:52:58,2018-03-16 12:09:38,2018-03-28 21:12:43,2018-04-24 23:16:49,2018-04-10 00:00:00
b7dfb8016d0267b96d13355723f96132,a19919ba50eedcb8eb070264ed9c1718,delivered,2018-06-14 01:31:13,2018-06-15 02:37:05,2018-06-15 12:10:00,2018-06-21 20:33:17,2018-07-23 00:00:00
7bdcc37d1c5c4c392f14375e50a41a04,2776b143819749dc8da150f1ce56e8de,delivered,2018-03-26 18:14:15,2018-03-26 18:30:21,2018-03-27 16:55:38,2018-04-18 21:21:36,2018-04-23 00:00:00
42802b4a173a8c9b8a7039b19c419fc6,7725e9967372075f1a2d09e86831cb76,delivered,2017-09-26 15:34:11,2017-09-26 15:49:29,2017-09-27 20:38:06,2017-10-05 05:22:06,2017-10-27 00:00:00
f6dca8897da8fa613f0b91b742c58b54,2ebd763628be3025a1a9804ee59e2f3c,delivered,2018-06-07 22:38:57,2018-06-07 22:55:52,2018-06-12 08:52:00,2018-06-23 16:27:24,2018-07-11 00:00:00
cad2acef57f845758b7d0da4ee76a3e1,25857a2242c04c73ca652f058c01d7f7,delivered,2018-06-13 14:23:09,2018-06-13 14:40:09,2018-06-13 14:49:00,2018-06-21 23:29:00,2018-07-12 00:00:00
93b055de61a2d8f6fb20ae3a2ca073f5,17ca162f67961b29c16ad5da0b75973d,delivered,2017-11-29 22:06:31,2017-11-29 22:17:31,2017-11-30 23:09:18,2017-12-11 15:39:08,2017-12-26 00:00:00
9c6dd0d5cafca153761250014cfbc320,463562616569ee98ff487ee7cdddf6ff,delivered,2018-01-01 12:07:57,2018-01-01 12:16:30,2018-01-02 18:32:10,2018-01-09 22:05:19,2018-02-02 00:00:00
5402a5595f574c530adc86dc28a8050e,460120cb864985d447516e2a69e244c0,delivered,2018-01-04 19:21:49,2018-01-06 02:27:48,2018-01-08 21:39:26,2018-01-30 17:22:38,2018-02-06 00:00:00
36d80fa68ee43c6ee60518067a8d667b,09009cf4ad784262889cf4c0f7b85420,delivered,2018-07-18 13:25:22,2018-07-19 02:50:19,2018-07-31 14:10:00,2018-08-06 17:36:44,2018-08-06 00:00:00
1db414d3006c156b2ccc309b0b4682fc,89064eee00c6c9e4623a0193abb0d149,delivered,2017-11-17 19:43:08,2017-11-17 20:50:34,2017-11-30 19:15:13,2017-12-05 22:48:44,2017-12-12 00:00:00
7b997f4d6833a33d2df92a0a939a5b25,e4e8b2a1871ee98d1af88a1c049ba181,delivered,2018-01-26 00:44:01,2018-01-26 00:58:07,2018-01-29 16:48:47,2018-02-15 20:28:38,2018-02-21 00:00:00
387782f617545adccce38a442b1fbcb9,f5b2d5976af2fcf04734a36064cddceb,delivered,2018-01-05 17:17:05,2018-01-05 17:29:25,2018-01-17 19:19:03,2018-02-09 00:39:50,2018-02-22 00:00:00
b30f6677ba659390857271ffd12c0d29,93413f9b6489af98265d01b11753f5f5,delivered,2018-06-20 21:40:31,2018-06-20 22:20:20,2018-06-21 15:02:00,2018-07-03 22:51:22,2018-07-24 00:00:00
d841db95e26d664b1ea54020b52e8ae5,080943912c68cd66e846438e3d0f4d11,delivered,2018-01-31 17:29:42,2018-01-31 17:54:06,2018-02-02 01:27:53,2018-02-10 14:08:56,2018-03-02 00:00:00
3a73a24fa6a0d8ffd462fb4bb62e66fc,da5bd8e328c797b2d8f4d7199d5e94d5,delivered,2017-12-18 17:24:21,2017-12-18 17:36:30,2017-12-19 18:21:51,2017-12-27 18:58:40,2018-01-12 00:00:00
37404c7e8f026ab1b81aef92a59939b5,1098e13c3ac2b7d8b711ca1618cf31e4,delivered,2018-08-04 15:27:51,2018-08-05 15:24:25,2018-08-07 09:18:00,2018-08-14 00:16:47,2018-08-29 00:00:00
e7a9fabed044b8b1a75e6b95dba9bd92,7e8a4fb5e9f3744859b69444b3d703d3,delivered,2017-06-11 23:15:23,2017-06-11 23:30:17,2017-06-19 14:07:49,2017-07-04 13:28:02,2017-07-03 00:00:00
07f18be24ff2d6a39b166d2fce1bc2b3,ec4fa69a3e15387b7581db26490adfb1,delivered,2018-05-12 21:43:21,2018-05-12 21:56:37,2018-05-14 14:05:00,2018-05-24 18:08:36,2018-06-01 00:00:00
36ff0e6c1dc200e440f805f289b4be74,cba5db913b6e4038845aee284a7407c6,delivered,2017-09-24 14:44:15,2017-09-24 14:55:15,2017-09-27 18:41:17,2017-10-11 16:03:32,2017-11-01 00:00:00
1451f4e1d7e9367d2fe5173de35b9656,48bb7e6e937e1b868e8c1f0868ebe2ba,delivered,2017-04-22 18:45:59,2017-04-22 19:01:22,2017-04-25 12:38:14,2017-05-15 11:52:19,2017-05-18 00:00:00
7b1b657e9cd1e1d807d0b89c08431139,0d7a3de2f5fab946bf122803472802bb,delivered,2017-06-14 14:50:22,2017-06-14 15:05:32,2017-06-16 13:07:25,2017-06-22 14:04:52,2017-07-05 00:00:00
303b11889a7c5232f208a70be31e8ea0,e18f5bbc77c09e732b68e3908e393ff1,delivered,2018-04-13 16:19:29,2018-04-13 16:35:14,2018-04-16 13:06:30,2018-04-25 21:34:01,2018-05-10 00:00:00
b92f9e67d8fd2a703b887a16b6374fa8,220d4cb3fd1fbe497f2b013f0378bd2b,delivered,2017-11-20 11:27:51,2017-11-20 11:46:27,2017-11-21 15:51:31,2017-11-22 21:44:26,2017-12-07 00:00:00
e831082804ec0bbebbef04e8b2d8a525,fa52af619a9b52a9b499ae425aeac7c4,delivered,2018-02-26 10:33:45,2018-02-27 04:31:04,2018-02-27 22:28:58,2018-03-07 20:42:48,2018-03-19 00:00:00
f5b1cfba9fe979f87dcfefc578010e8a,34c58715f182abe848f018fa420a72ed,delivered,2017-09-16 16:11:55,2017-09-16 16:25:12,2017-09-18 17:04:54,2017-09-29 20:13:41,2017-10-06 00:00:00
90a2585a7f96989dbc875ae664f8a983,1aa6c46fb9459ec74668eee530e59939,delivered,2018-04-07 23:24:22,2018-04-07 23:47:51,2018-04-12 19:56:29,2018-04-17 17:57:31,2018-05-17 00:00:00
b2127a179063646c6e1e80f4617156fd,c007979976672f82a106285c9426d7c0,delivered,2018-01-11 17:49:13,2018-01-11 18:20:37,2018-01-17 22:23:28,2018-01-24 01:32:45,2018-02-09 00:00:00
2f79d47add1e4f50799767e3088e9630,ba9b41828fd89282e79e2351f1780de6,delivered,2017-11-26 18:08:38,2017-11-26 18:19:34,2017-11-28 16:29:03,2017-12-01 22:57:55,2017-12-15 00:00:00
01ec6affa239058ac384542eb9f6920c,0b0e2a12cbf100c36a10fe8fb871d783,delivered,2017-12-12 22:18:58,2017-12-12 22:32:39,2017-12-22 17:04:12,2017-12-26 13:57:44,2018-01-12 00:00:00
592d19865b28930fef28521989153b19,cf50471aa438813de301793fc3d81be4,delivered,2017-04-03 23:19:35,2017-04-03 23:30:09,2017-04-04 15:22:56,2017-04-12 14:48:08,2017-04-24 00:00:00
317bc187384c65775ea8f3b23aad4acf,88058cff0e6aed321bbe871f86876eb0,delivered,2017-11-17 10:23:33,2017-11-17 14:15:22,2017-11-22 21:48:28,2017-11-24 15:20:00,2017-11-30 00:00:00
31172329bcdd8e70610fe3bee1498a9c,b2b424bf038e5ffd3dd24325a80529d9,delivered,2018-04-05 08:57:45,2018-04-05 09:10:18,2018-04-05 18:58:25,2018-04-06 18:12:32,2018-04-17 00:00:00
38e31ec9d0ed250702ede5bb610d963b,3607518c886ddcf179860144a18dbff0,delivered,2017-08-24 22:39:15,2017-08-24 22:50:21,2017-08-31 14:18:27,2017-09-04 21:48:05,2017-09-22 00:00:00
f90aa72a8cc03aa3c3f50789ee872c13,8d89b38aed25e930a8c7cab5ec2c2da1,delivered,2018-06-19 16:17:31,2018-06-20 03:18:18,2018-06-20 14:45:00,2018-06-26 17:06:39,2018-07-13 00:00:00
9631be1589a0ed8ca6631d8f48f5f5b3,83ce897f06acad62a82d0d50a7ce9cce,delivered,2017-08-16 15:34:09,2017-08-17 03:05:24,2017-08-23 23:22:01,2017-08-25 17:57:14,2017-09-13 00:00:00
34df7484b616fc09350bd58d5abd1355,99c149c88498a61079db08992677a6c8,delivered,2017-07-10 13:09:58,2017-07-10 13:23:27,2017-07-13 17:04:46,2017-07-14 20:33:29,2017-08-14 00:00:00
e6b6557ce111de79b31cc857f20ba212,90c8fe0d707ea62be3fcb5abd7bc784f,delivered,2018-05-22 18:41:28,2018-05-22 18:57:37,2018-05-24 11:59:00,2018-06-16 14:34:41,2018-06-08 00:00:00
ba8b7845d823368d4400a8ecc26333ac,0050b4dd994efa94b2cd3210e4cecf32,delivered,2017-07-11 08:20:00,2017-07-12 02:24:16,2017-07-13 16:17:50,2017-07-20 20:49:41,2017-08-02 00:00:00
1d5c39819bbfb4a4e2443ce5409d4148,e4b4a130f32d27d013c89e14eb831777,delivered,2018-03-19 09:33:29,2018-03-20 03:48:59,2018-03-20 19:09:10,2018-03-22 22:10:59,2018-03-29 00:00:00
3d7b9f89c8227047efa43e1c557e0966,3e0ea72a6a9f85a1514038f9881cc62e,delivered,2018-08-14 12:30:22,2018-08-14 12:45:18,2018-08-15 13:21:00,2018-08-17 16:11:27,2018-09-03 00:00:00
a3d314d074a652024b6b7ce9cf5e9275,e54968e88e7710a302367e395a6462d0,delivered,2018-01-16 17:48:51,2018-01-17 17:39:22,2018-01-18 16:52:02,2018-01-19 22:39:07,2018-01-31 00:00:00
b1cd362ad264b0da57a669fa27c8f5cc,1b5f0fa3c646d0d8ab7fc76f8759c8a4,delivered,2017-08-11 16:40:55,2017-08-12 16:50:19,2017-08-17 20:37:24,2017-09-11 18:46:47,2017-09-13 00:00:00
1ecfa320a6763da8b71ad1fbd4df6550,de265a335eb5862b07ad34e7511e6a7e,delivered,2018-07-31 16:48:21,2018-08-01 03:31:58,2018-08-01 15:43:00,2018-08-06 20:24:54,2018-08-13 00:00:00
e42cda49040d08368e11e1544c92db5b,53a05bd6f441b9137843cc959fbb2747,delivered,2017-12-21 13:46:51,2017-12-21 13:58:23,2017-12-22 19:12:29,2017-12-23 14:57:11,2018-01-10 00:00:00
997e6bea52d4cfdae5cbbf67c2ded47b,a846b4c71577e96d467393b192b4e3d0,delivered,2018-08-13 14:13:05,2018-08-13 14:25:17,2018-08-14 12:04:00,2018-08-15 19:22:46,2018-08-17 00:00:00
28abc29a8eb4b7bef7ce1cb43dd3cc36,951c6201fef0092532103147c7c34f8e,delivered,2017-11-24 18:08:21,2017-11-24 21:33:28,2017-11-25 15:23:09,2017-12-04 19:15:03,2017-12-15 00:00:00
3b995b138dcbefaf9fffef19025a1e34,887e5e5d30248d62f0917e9b76b03917,delivered,2018-01-31 15:55:32,2018-01-31 16:11:49,2018-02-05 18:47:35,2018-02-09 19:23:04,2018-02-23 00:00:00
c8437ae2370954848655235ebb274b59,58d55fca78d596d757ae23b467860fd4,delivered,2018-08-04 10:42:49,2018-08-04 10:50:16,2018-08-06 15:17:00,2018-08-10 20:59:41,2018-08-16 00:00:00
7bd62497a7402220bd5006cec2c7b749,977266784cc0e1045bdd7f7ea2a085ab,shipped,2017-05-17 10:35:54,2017-05-18 02:22:39,2017-05-19 10:42:25,,2017-06-26 00:00:00
d63f6af53a35a1d7e6a58ec09548b9ed,fd617125021648f494340f571d3f277e,delivered,2017-06-23 10:38:23,2017-06-24 02:25:12,2017-06-26 15:23:26,2017-07-04 09:42:31,2017-07-19 00:00:00
a8c17d4b336d73e8162c709bc88b7c18,ec6603dfa8747baf79ebcf7f7b767d2b,delivered,2017-09-28 20:51:51,2017-09-28 21:14:15,2017-10-03 09:51:31,2017-10-11 19:37:49,2017-10-27 00:00:00
884e5a90e2cbe945648f3851fde2c4c4,febea3481938a4b17570c46cb188996b,delivered,2017-12-07 08:16:34,2017-12-07 08:32:01,2017-12-08 12:45:57,2017-12-19 23:28:51,2018-01-16 00:00:00
e91a90c1253592e046513873529f6431,38f922165655e82d3738da81a442a33c,delivered,2017-11-22 10:49:45,2017-11-22 11:07:21,2017-11-23 01:09:06,2017-12-04 19:36:56,2017-12-13 00:00:00
ded50db70eaa7761be9f42b0cd32a593,feb94cac625fbf7a58fe9053ef7c6ec7,delivered,2017-11-28 00:08:21,2017-11-29 02:18:32,2017-11-29 17:17:53,2017-11-30 13:58:55,2017-12-12 00:00:00
d774dda8acab57dc1f473be2a975cdf5,a1bad9f67c4cd41fc88e849635c46c4c,delivered,2018-02-21 00:55:03,2018-02-21 05:50:11,2018-02-26 23:50:16,2018-03-06 19:03:51,2018-03-16 00:00:00
728795566669c2f36ab5118fcde3af33,eb375a0cecd4aeae29c62be4399959b6,delivered,2018-08-09 01:14:45,2018-08-09 01:25:15,2018-08-13 15:02:00,2018-08-17 13:16:49,2018-08-23 00:00:00
6d4836ff2cb88dc5916769bc7cbfaefc,285b02dd357a06f32b97e0e1491c2317,delivered,2017-10-25 12:21:05,2017-10-26 12:14:22,2017-10-27 16:28:36,2017-11-03 16:13:41,2017-11-17 00:00:00
8f95199a6809023bbfabcd9759bd04a1,49f554f189c9d30e865dbcd58efafee2,delivered,2017-11-29 16:42:28,2017-11-29 18:12:31,2017-11-30 16:39:11,2017-12-13 19:36:24,2017-12-26 00:00:00
4c4dfbd9dceafac8eb2e502352559f18,3a6db3203c8388d5d9b01097bc0a918f,delivered,2017-10-23 20:15:04,2017-10-23 20:28:20,2017-10-24 18:59:39,2017-10-27 23:56:57,2017-11-13 00:00:00
f9b79ac2c05f12bab607bfe35b4a2ad2,3c932993d41c2ba7c0d1027658a2fc6b,delivered,2018-03-05 16:48:49,2018-03-05 18:31:25,2018-03-09 23:06:33,2018-03-20 22:32:30,2018-04-18 00:00:00
87b1b0ac27740690a2f04d333724c05f,c695e0ab88c84c2ab6ea7e5208a22230,delivered,2017-05-10 15:59:47,2017-05-10 16:15:16,2017-05-19 19:47:56,2017-05-29 12:44:00,2017-06-07 00:00:00
07884a0d48bbdae5f9a1d8582b57e09b,44e246036793c31473a506a95d2d782b,delivered,2017-11-03 09:49:14,2017-11-03 10:05:56,2017-11-06 19:06:30,2017-11-13 19:47:04,2017-11-27 00:00:00
7068f768a623a654abf648def8753495,223c0edeb08f851824555202d03e9c1a,delivered,2018-05-22 13:29:30,2018-05-23 02:55:12,2018-05-23 11:42:00,2018-05-24 14:27:22,2018-05-30 00:00:00
914ee15dc01a54f3bcb1df425276d627,a4dab0ff651e9d1f888ebf7238577dd6,delivered,2018-07-28 14:50:09,2018-07-31 04:05:53,2018-08-01 10:39:00,2018-08-09 14:48:37,2018-08-13 00:00:00
569d43a54c364df5b367ab33e96eacf0,de67b8bed7fa293d54466d66bdaadc62,unavailable,2017-10-31 08:50:06,2017-10-31 09:06:23,,,2017-11-08 00:00:00
c0df4a985da0f64e837ba9b858762f1f,6581e6614c22fd8ed4a13184e0c1140e,delivered,2017-12-02 23:21:56,2017-12-03 02:31:27,2017-12-06 16:23:12,2017-12-21 12:04:52,2017-12-27 00:00:00
b4d85d4356b0ece0e421f5c58d757107,595ead2f37e147dbd839131586555223,delivered,2017-12-14 19:40:20,2017-12-16 02:37:35,2017-12-18 18:34:13,2018-01-10 13:23:11,2018-01-15 00:00:00
4c1265c96a9e9859ce850f9edeb28f6b,eb537a4c480b550d6402a24eadc38ea5,delivered,2018-06-14 17:34:06,2018-06-15 02:17:19,2018-06-15 13:21:00,2018-06-21 20:14:40,2018-07-12 00:00:00
56e26a902ce7881f0a64c34a8192b537,d35c437bbd14334d4ce4427e3b8f3c3b,delivered,2018-07-23 14:22:39,2018-07-23 15:40:25,2018-07-24 13:08:00,2018-07-28 00:46:59,2018-08-10 00:00:00
3735a11cbccd8916dbc9ccf5f671cc2c,47132669a97ed8d24702c0f8a51a91bf,delivered,2017-08-27 07:43:57,2017-08-27 07:55:17,2017-08-30 20:46:48,2017-09-01 18:32:17,2017-09-19 00:00:00
bc8f3d379c349098bbcd8b6f41883e59,8dc8374a00a6d1cc776471683a9737d0,delivered,2017-09-18 00:50:58,2017-09-18 01:06:22,2017-09-18 17:05:08,2017-09-27 20:50:02,2017-10-16 00:00:00
d9bb91a82e6e6e885f8509496e458d53,536603155646700bde88157ff0b59d87,delivered,2018-03-26 16:03:40,2018-03-26 16:15:17,2018-03-27 17:56:35,2018-03-29 20:09:27,2018-04-20 00:00:00
57c4f75f9937aa5eb6da206e2848c250,713e7d20d8019369537d029b73e14a8f,delivered,2017-05-08 08:55:30,2017-05-09 09:50:28,2017-05-10 03:02:43,2017-05-15 11:26:46,2017-05-29 00:00:00
5761ffe3eb3586d8bce6917e443b3d08,e8afe1d6c042c044ec133bb45239012e,delivered,2018-06-19 07:57:29,2018-06-19 08:16:27,2018-06-20 08:42:00,2018-06-22 20:18:48,2018-07-12 00:00:00
82a2e37eb201961bce71db63453b6b60,fc01b62a6d9186b4f5a0323cd9616891,delivered,2017-05-28 12:47:03,2017-05-30 04:42:46,2017-05-30 09:12:31,2017-06-16 10:23:31,2017-06-21 00:00:00
39e5048b65d0f2dc06e626366773b715,be6fd14065c4c866425ed5d68cd15730,delivered,2017-11-26 11:17:14,2017-11-26 11:31:41,2017-11-28 16:22:50,2017-12-06 19:21:08,2017-12-12 00:00:00
748c52d1621e759a512c6175e674dfbe,1ee92569128ef615966b47ef4ba6c2f0,delivered,2017-10-02 21:12:48,2017-10-03 21:24:24,2017-10-05 19:15:05,2017-10-14 02:41:24,2017-10-18 00:00:00
b93753633fb990e3c74dc9474c9d9e53,1e3efcd043381813bc0edd6c151c0741,shipped,2018-05-01 20:45:44,2018-05-03 04:12:47,2018-05-03 13:54:00,,2018-05-22 00:00:00
c760cdc6e5179c774d347aced5107555,c1eb5dc27f311b18d0114fad99dc91dc,delivered,2018-02-26 13:13:08,2018-02-26 13:29:55,2018-02-28 01:04:26,2018-04-03 21:22:03,2018-03-26 00:00:00
06136e6a6532fabbd5675f8090fca4b3,0928de2429e186c48346ffaa5738cbe6,delivered,2018-07-20 15:09:26,2018-07-21 09:23:54,2018-07-24 14:18:00,2018-08-03 00:25:00,2018-08-10 00:00:00
bf375386af3b1f89486a565f182219a8,396465e3756fb18143009cbe0b8cb558,delivered,2017-04-17 14:04:59,2017-04-17 14:15:18,2017-04-17 15:16:44,2017-05-01 12:34:00,2017-05-18 00:00:00
bcfd112593a122ae1272e80681e2ac72,11bb175d41bc7f2eb361e6ab7542d61e,shipped,2017-03-07 12:36:25,2017-03-07 13:03:57,2017-03-09 09:37:45,,2017-03-28 00:00:00
85f1556f734e21409383816d518c8101,a60bddb0ff61baba2bf9e73675a81cbd,delivered,2018-08-04 10:49:08,2018-08-07 04:55:24,2018-08-07 11:06:00,2018-08-13 18:02:31,2018-08-22 00:00:00
027b81ccdf72434e7346aafdf630ff31,996b18b4ff1e2f7cc85722ef402d1a23,delivered,2018-07-13 09:02:22,2018-07-14 02:45:11,2018-07-24 16:07:00,2018-08-01 19:07:03,2018-08-20 00:00:00
245ab579b02d5d10ea1183942b060d54,35b21cec4edd637b7520d3312530724f,delivered,2018-02-07 13:30:34,2018-02-07 13:51:22,2018-02-08 22:26:47,2018-03-02 17:06:40,2018-03-14 00:00:00
d46a98b33046509aec0ca7142d63b9b1,1958ecc55a91fb365b6c5671f4c4b9b8,delivered,2018-03-14 20:45:22,2018-03-14 20:55:53,2018-03-15 21:48:55,2018-03-27 23:32:00,2018-04-10 00:00:00
a692aceed36257892ac418b3d451b925,d362bd64c90ec81c31af95f224c9f2e7,delivered,2017-12-16 10:25:35,2017-12-16 10:34:27,2017-12-20 17:34:26,2018-01-04 01:52:54,2018-01-23 00:00:00
d709030e94d8f232fbfd24947c02a10a,c8acfe4d2d880cc2c5f207b389b33aa7,delivered,2018-06-13 21:49:06,2018-06-13 22:19:10,2018-06-14 13:44:00,2018-06-21 22:32:48,2018-07-13 00:00:00
b68b074f1ab9121ef83da7fcc026534a,71bfa4cad3d846d385f5c0dff040c73d,delivered,2017-08-16 09:10:12,2017-08-16 09:25:18,2017-08-17 22:13:53,2017-08-29 19:33:46,2017-09-19 00:00:00
7ba5aa75c36b0fc349ba94b289d8adeb,a318b23a6feb901b180fd794f6b0cc07,delivered,2017-07-13 11:16:53,2017-07-13 11:32:37,2017-07-18 16:06:48,2017-08-04 18:27:46,2017-08-17 00:00:00
b8145816fba4a277273c08ab21aeb7bb,605d973d4dedcff90992a2abf7048b11,delivered,2017-02-13 00:03:19,2017-02-13 00:15:29,2017-02-20 08:48:58,2017-03-06 13:04:09,2017-03-20 00:00:00
74b688473b5a7667bdef6423f7508177,7a64b719c194a2438f57a7b650ce371d,delivered,2017-05-04 11:11:00,2017-05-05 02:15:37,2017-05-10 11:28:41,2017-05-19 10:18:37,2017-05-26 00:00:00
22648d496637318d8713a49b4e628a87,421c2ebe259018dbc12a45e720840b6b,delivered,2018-07-30 13:55:11,2018-08-01 16:31:32,2018-07-31 14:07:00,2018-08-02 19:47:49,2018-08-09 00:00:00
de12dbe60407b7c1345da3392016d45d,950adac11eb4b7e6ef8e59b5622f3d4e,delivered,2017-11-16 15:02:16,2017-11-18 02:31:07,2017-11-24 16:17:15,2017-11-30 23:11:55,2017-12-13 00:00:00
e8595aaa870f27ab07295d40e8c68f85,5fbc282ba114f4932427cae8d2ea005a,delivered,2018-08-18 16:33:04,2018-08-18 16:50:12,2018-08-21 12:36:00,2018-08-27 14:03:17,2018-09-06 00:00:00
d5e91ef44fecb8ae4e1ce8e51cb17818,0a6632dda0d9f62cf1373d1572587f82,delivered,2017-03-12 15:20:16,2017-03-12 15:20:16,2017-03-15 10:33:44,2017-03-22 13:52:08,2017-04-05 00:00:00
995f4fdaa0eeb0d3c4ac475f47a8c271,b1114c131b839082de98f115dee1369f,delivered,2018-03-25 17:03:01,2018-03-26 16:28:56,2018-03-27 22:51:23,2018-04-18 17:55:51,2018-04-18 00:00:00
fbb4b099937e8d62bcf20d31634fa166,13df83363288f0864b3be4b0a8bd0527,delivered,2018-08-08 16:43:17,2018-08-08 16:55:30,2018-08-09 08:33:00,2018-08-20 22:24:35,2018-08-29 00:00:00
b72cc1f71e3b599e3d2e7c4a41f6ea07,663265e45a00b348067fd6580670e653,delivered,2018-01-17 17:37:32,2018-01-17 17:50:50,2018-01-19 14:00:20,2018-02-02 22:33:21,2018-02-20 00:00:00
181f3a2409fbfd9640a4e017c3b9971f,15af4083ea818f480d16176ff0d903b2,delivered,2018-07-02 21:01:18,2018-07-02 21:10:55,2018-07-03 14:53:00,2018-07-04 15:09:04,2018-07-16 00:00:00
5274d9c61b31f846b8b51562f1f6d3d2,e2718ad6471c175b7ac38890ea8db4b7,delivered,2018-07-14 08:49:03,2018-07-14 09:50:14,2018-07-24 16:07:00,2018-08-01 19:26:32,2018-08-21 00:00:00
e06507fb1e1f48c1cc59d40e02b82f16,2f834024c6443d594fe3dcca76b4275e,delivered,2018-08-13 12:29:00,2018-08-13 13:04:18,2018-08-20 13:47:00,2018-08-27 22:18:35,2018-09-06 00:00:00
dcd784b797429055d929d908ce30791f,e1c2e7709607368c7521d59f4e250092,delivered,2018-07-31 13:49:45,2018-07-31 14:31:53,2018-08-08 15:43:00,2018-08-15 22:09:43,2018-09-03 00:00:00
ceb7321e8e4db328b230a89f90e72014,6e31c1d461e13b18d437b31fa2ec127e,delivered,2018-04-10 18:18:13,2018-04-10 18:35:06,2018-04-12 16:31:12,2018-04-20 16:33:39,2018-05-03 00:00:00
6b1d0be1d67ed935bcaab8aa908f2b3e,d102ebbcb63b6d1806d5482c59d732d4,delivered,2017-06-22 15:16:23,2017-06-22 15:30:21,2017-06-29 08:33:59,2017-07-06 13:59:23,2017-07-26 00:00:00
fb823d96051d7f90b945ce49c2e4dc8a,35a04aa2658d28a4d904cbd9427494a7,delivered,2017-08-21 12:02:28,2017-08-21 12:15:08,2017-08-23 19:05:53,2017-08-26 12:36:43,2017-09-11 00:00:00
afb017b44cd7d15bc0cf9dbe0018de4b,bf0d7939fd697b55f7818ac5f364d6de,delivered,2017-12-15 12:12:05,2017-12-15 12:32:37,2017-12-15 20:28:53,2018-01-03 21:11:25,2018-01-29 00:00:00
78b7aeae3630346231847e749bfd8a18,064ece0e47fb67c948399c1c0f481695,delivered,2018-02-18 14:10:25,2018-02-18 14:46:33,2018-02-19 17:45:06,2018-02-26 20:43:14,2018-03-09 00:00:00
4e3ff55c4839ead2cfc1fbd7895c3b20,9efc935546f7ba8592220765a661863b,delivered,2018-07-18 11:58:41,2018-07-18 12:10:12,2018-07-18 14:42:00,2018-07-20 20:08:51,2018-07-27 00:00:00
15762fbce0478c48462956d3fbee08a7,24813b5d127493c4c67c871c4ed7f2bc,delivered,2018-07-08 16:58:34,2018-07-08 17:10:08,2018-07-10 15:43:00,2018-07-26 22:51:38,2018-08-01 00:00:00
5ac69d0f070172b49f4541b6dc1272c6,c0758414fb5d0f67d0b96a4b512f522b,delivered,2018-03-17 18:50:30,2018-03-17 19:08:29,2018-03-21 22:18:49,2018-03-23 18:49:29,2018-04-12 00:00:00
fb4d41fc71d5a2350b182caae19fbd37,31a7681eed6dbe5ca37143c915c12f24,delivered,2018-08-13 17:53:26,2018-08-13 18:10:09,2018-08-14 14:13:00,2018-08-26 13:55:39,2018-08-31 00:00:00
8c76360cdd0bb9fda017969a3d273dc1,a8d642642f1884ac437b112464d685c5,delivered,2017-05-16 07:54:03,2017-05-18 02:30:30,2017-05-18 12:32:31,2017-05-26 10:41:47,2017-06-07 00:00:00
900fac51d850dfc38fceb9c413441c67,9f1c1125dfe6ebc040a6265c3dc6a8a2,delivered,2018-01-31 12:16:54,2018-01-31 14:08:21,2018-02-06 16:56:37,2018-02-19 19:51:15,2018-02-22 00:00:00
1e02a1a50e6a1a89f876752ba5e1cec8,556f3e160eb556f0d896724bd7d8199f,delivered,2018-01-30 19:33:15,2018-01-31 13:31:50,2018-02-02 16:27:14,2018-02-09 17:12:27,2018-02-23 00:00:00
db450aca52c200c9c1c1d9cf4dff0338,bcd2820a37f09b7f79e08aa37a72374d,delivered,2018-01-29 08:32:41,2018-01-29 09:21:25,2018-01-30 11:48:55,2018-02-08 19:52:26,2018-03-12 00:00:00
78d58078e70e4f5add3ab8b0a5013212,e929359b766e13979751d5249dcfe40b,delivered,2018-05-06 16:42:56,2018-05-08 04:55:12,2018-05-09 08:53:00,2018-05-14 18:11:56,2018-05-30 00:00:00
33083ef1b98c3ffaf1c217ec67963aeb,2b06e261048b0c62bc7e386a5526263f,delivered,2017-10-08 20:38:16,2017-10-08 20:49:27,2017-10-10 18:03:42,2017-10-13 15:04:52,2017-11-01 00:00:00
16084e188e0613c06730f77bcbfa9ff7,22c84693fe0e3b1dce11069c6f7f448a,delivered,2018-02-20 13:53:47,2018-02-22 02:10:38,2018-02-28 22:09:14,2018-03-15 20:42:24,2018-03-21 00:00:00
a8cd914a60edbb07a811044be6a618cd,8e2abb68f8cb495763d94b8543aff049,delivered,2017-12-17 17:51:26,2017-12-17 18:54:24,2017-12-20 18:54:02,2018-01-10 14:42:01,2018-01-15 00:00:00
4b17943e12a7cb735d4df81fedd7877a,faeecb7cd127e8d3758d25093c410a99,delivered,2017-02-15 20:50:04,2017-02-15 21:05:14,2017-02-17 13:12:29,2017-03-07 08:47:40,2017-03-16 00:00:00
22d63f928cac124264dda89874eb970f,69023cc0ebcf6655d549c0a5dc594d83,delivered,2018-07-10 22:34:38,2018-07-12 03:06:13,2018-07-13 14:36:00,2018-07-25 23:05:31,2018-08-03 00:00:00
b26281af4e5c3a50b10887f626ee883f,43cde3a4c7519b7d40a8c0ca102754b5,delivered,2018-04-11 10:58:41,2018-04-12 08:32:37,2018-04-13 00:07:31,2018-05-04 21:31:58,2018-05-15 00:00:00
6c066ac65ae3a217178d6e90f682be03,c55aad0b394cf0a1ec47686f4661c521,delivered,2018-06-05 22:44:05,2018-06-05 22:55:13,2018-06-08 14:40:00,2018-06-13 20:56:34,2018-07-12 00:00:00
47f6d79f82f6b8667a9282d11ad1b931,db827c31e94738e7525af419fb6afd82,delivered,2018-08-01 12:43:05,2018-08-03 02:35:18,2018-08-03 10:37:00,2018-08-08 17:04:12,2018-08-22 00:00:00
1e3ce42424fd2f55a6ec734f9e63f041,1427635e760b001127a0881e01f381df,delivered,2018-03-09 22:54:49,2018-03-12 16:15:38,2018-03-13 20:42:25,2018-04-10 22:35:34,2018-04-05 00:00:00
067546963d2dc6275eb550df0482c460,a08ac24c7188aae96f09570ffde66b40,delivered,2018-02-11 23:26:19,2018-02-15 03:56:07,2018-02-16 22:22:59,2018-03-01 20:37:08,2018-03-09 00:00:00
32a7f2fa7d1b798b72a117f24095efd4,aa86a2174dde0b98dce3fab52890ca9b,delivered,2017-02-07 16:04:21,2017-02-07 16:15:15,2017-02-08 13:03:38,2017-02-13 05:51:39,2017-03-09 00:00:00
3022b6c855879429f3e89d2927384d91,eb9ecb224ea727eff79b0c19b063da3b,delivered,2017-11-27 11:49:59,2017-11-27 11:59:29,2017-12-01 23:03:51,2017-12-28 19:27:10,2017-12-18 00:00:00
29a90f492af617c1c2063ee8fa115115,dfe07b2441fe55e26d26003e49455172,delivered,2018-04-23 11:31:08,2018-04-24 18:59:01,2018-04-25 15:33:00,2018-04-30 16:41:25,2018-05-15 00:00:00
483b20142703235aad52bdf6033346fc,281544d276e137e94ed0250eaec7756c,delivered,2017-07-14 08:46:50,2017-07-14 08:55:18,2017-07-20 17:42:14,2017-07-27 15:47:53,2017-08-03 00:00:00
19071fa97256edc89512749be1569e7e,e5c9bafaa0e039d46a1daa031a7222d0,delivered,2018-04-05 14:39:08,2018-04-06 14:35:16,2018-04-12 20:28:31,2018-04-24 17:50:47,2018-05-03 00:00:00
f3c7adf3b94a38f6822478ff79db46e7,d9709eaebf11e70a175f179d55b42bae,delivered,2017-11-24 02:14:00,2017-11-24 02:29:42,2017-11-24 22:28:36,2017-12-04 21:17:10,2017-12-15 00:00:00
d43ec367e36ab5844465e6127f159862,aca5529c3c611cc45b4907b4046e4bd1,delivered,2017-07-01 20:25:32,2017-07-04 04:44:38,2017-07-06 06:23:45,2017-07-14 18:53:45,2017-08-02 00:00:00
8d96631a10824fcfc4c8c0a0f73bfc27,49a9011bddc83db94f4d1206e8c234b7,delivered,2018-08-04 16:19:07,2018-08-04 16:35:17,2018-08-07 14:44:00,2018-08-11 15:38:33,2018-08-22 00:00:00
b11e6ce66d797ee9120c9bfbd376ef01,a347ddd4888c231851a58e905d8bb8ee,delivered,2018-04-22 18:41:27,2018-04-24 19:27:37,2018-04-27 14:32:00,2018-05-28 15:34:45,2018-05-25 00:00:00
480d258f10c520532aca9659d5df87ea,19eed4df076f383882a619f93fb948f8,delivered,2017-07-05 16:10:12,2017-07-06 16:30:25,2017-07-07 18:32:19,2017-07-10 20:07:52,2017-07-18 00:00:00
3dd755153da335084e4f2ae10c077b5e,5336c5ee4f79f50db5090376d6023df6,delivered,2018-05-10 00:20:09,2018-05-10 00:34:07,2018-05-15 16:18:00,2018-05-18 22:42:00,2018-05-29 00:00:00
3501107f3edcc65b9fa34fea0691ca39,32d919a6455ad025e21d0b612b2b6554,delivered,2017-05-12 22:34:49,2017-05-12 22:50:11,2017-05-16 14:12:54,2017-05-19 10:19:51,2017-05-30 00:00:00
4b50301723cea92f13519f3ecd8f09f3,3162c36a548937311e11540b78883384,delivered,2017-09-15 16:51:49,2017-09-19 03:38:01,2017-09-20 19:34:13,2017-10-05 14:14:17,2017-10-10 00:00:00
fa4e67c2fc9315f348f252ab6490b03c,e822df92236671cd7ee6fc19384d21ee,delivered,2018-07-16 17:15:06,2018-07-16 17:25:17,2018-07-20 14:59:00,2018-07-26 16:20:59,2018-08-10 00:00:00
01d0f6cd01d79574621a56a1b9e21019,c8939d8acaceeebf85790ff318c89d03,delivered,2017-09-23 19:26:07,2017-09-23 19:35:08,2017-09-27 22:04:03,2017-10-02 20:47:15,2017-10-19 00:00:00
f94b36edd3bdf9e9f9696ac9c8cfe2e3,c84b2fa58481f790fa52086d7f3b86f4,delivered,2018-06-29 09:15:31,2018-06-29 09:31:35,2018-06-29 14:06:00,2018-07-11 19:35:26,2018-08-01 00:00:00
347610961383f5990e1d0ce3fd0afa5a,67e3893327f25b943d07ec4a97f6a203,delivered,2018-08-17 09:08:30,2018-08-17 09:29:42,2018-08-17 19:55:00,2018-08-18 17:12:37,2018-08-22 00:00:00
cb53f0b6e8f9082a9f5a113765dd1236,035c08a68b237ef4afc82109e61a7380,delivered,2018-06-03 22:34:58,2018-06-03 22:50:09,2018-06-04 15:15:00,2018-06-05 21:52:02,2018-06-28 00:00:00
2de9667ac1672f39980b7142b63c1fef,9e873a5a6bcd5787eb36890605ca2beb,delivered,2018-01-10 10:42:53,2018-01-11 02:35:43,2018-01-20 15:13:33,2018-01-26 19:05:43,2018-02-05 00:00:00
7fcbbecf54e494a7d5a39799686b289a,40da9a7b799e50dd20d3866e59ea7156,delivered,2017-08-08 20:42:39,2017-08-08 21:03:14,2017-08-10 19:07:49,2017-08-16 20:03:22,2017-08-30 00:00:00
05cd95d42f28b378b5abde39c13473df,4a8f8b4023b581f949353edb7a9aa2f6,delivered,2018-02-11 18:56:51,2018-02-16 07:50:49,2018-02-21 21:32:35,2018-03-05 22:57:25,2018-03-07 00:00:00
6d928ae5792f61a71bb3e3e528bf4a28,d9d61633a0d9de07e5224885bbae0c7a,unavailable,2017-05-06 14:18:42,2017-05-06 14:25:22,,,2017-06-02 00:00:00
a79baee859b4f0259be37d7648ee2801,15a3bb04fb0976bfd8932bb1aaf2a7e3,delivered,2018-02-20 22:36:14,2018-02-20 22:50:26,2018-02-22 19:03:42,2018-03-07 22:55:10,2018-03-15 00:00:00
38b2633e32ebaa39b691f519f3e8b0ff,ddb27d17205431758c18e24ce71f837f,delivered,2018-03-19 21:22:19,2018-03-21 02:50:57,2018-03-21 19:38:52,2018-04-20 01:58:34,2018-04-11 00:00:00
6be0c2a796120ceb227fea7dd3fc191e,2d7eb08353ddc40b714bff05e00c0454,delivered,2018-01-02 21:34:10,2018-01-02 21:50:22,2018-01-05 19:57:22,2018-01-15 21:38:42,2018-01-30 00:00:00
6cc4f76a3cbfa54f4dd7d78df8e4bb85,f21e6e54bf3f2bc45847f3e23e70b677,delivered,2018-03-19 18:24:26,2018-03-19 18:35:36,2018-03-20 23:12:15,2018-04-16 12:33:00,2018-04-16 00:00:00
9ee6f2bc2912f6612a528200c2414b49,784bd6313862214534886ba77660a567,delivered,2018-01-31 01:35:46,2018-02-01 02:10:36,2018-02-01 22:48:59,2018-02-23 02:13:19,2018-02-26 00:00:00
521e3a4e1c2be8a5c60f57484240f136,217b939db6a739e1e3215e17a6e0de63,delivered,2018-06-20 22:51:17,2018-06-21 01:38:46,2018-06-28 14:23:00,2018-06-29 18:08:54,2018-07-16 00:00:00
d42ae950f4e723eab090b9a51ef3557e,5bc6303a8f33f8124761f676d3f66560,delivered,2018-03-07 19:20:08,2018-03-07 19:30:51,2018-03-08 16:25:03,2018-04-04 14:13:13,2018-04-12 00:00:00
3f1d249edba2aa6c515b7d62c5b0641f,719635f77d4efdb02dd7792fc0c1ceeb,delivered,2017-06-11 12:10:18,2017-06-11 13:05:25,2017-06-12 13:34:41,2017-06-19 16:59:45,2017-07-05 00:00:00
e9136cf586a5b6aecf6fcd804542772c,e8c05ac29ee1a6620c6655ed75659890,delivered,2018-04-21 15:00:13,2018-04-24 18:58:58,2018-04-23 22:34:49,2018-04-24 22:51:47,2018-05-04 00:00:00
df5a7fca987728c4c3c6295f26ba20d0,385e4db32b7b3de3980a3bbb4173eeab,delivered,2018-02-02 17:15:48,2018-02-02 17:32:27,2018-02-05 12:46:55,2018-02-15 18:53:27,2018-03-01 00:00:00
a4b12a5480ac753d0a0c8e81341b92c1,66bdc78adc80b0edb7d38bea5bef7c55,delivered,2018-05-15 19:04:46,2018-05-15 19:36:02,2018-05-16 13:38:00,2018-05-19 11:43:40,2018-06-18 00:00:00
024d4ef645f204e4f95cb2a0d9cc61f9,1586d296dc10717a16c0ebfbd90439b5,delivered,2017-10-29 09:07:09,2017-10-31 04:10:21,2017-10-31 22:14:37,2017-11-10 18:35:48,2017-11-24 00:00:00
077743f9ba8964fff85ace5b958e5284,47159eaf5092747bb560f38b5acdd0da,delivered,2017-12-12 21:30:05,2017-12-12 21:52:46,2017-12-15 18:07:46,2018-01-04 22:00:00,2018-01-05 00:00:00
c079346814755dff5a0ae3d455a117c1,ad587a1071e2eb39139bdf6c7e49d90b,delivered,2018-02-05 18:24:33,2018-02-05 18:50:35,2018-02-06 21:04:22,2018-02-16 00:17:51,2018-03-01 00:00:00
937d5309f2f6bc3548d704f56ef83ed1,0738d18b6c59edcbd519a88a06569847,delivered,2018-03-17 16:17:21,2018-03-17 16:32:26,2018-03-20 15:48:59,2018-04-19 23:41:17,2018-04-12 00:00:00
9655f9162b885f0660988e6c9d35e0f2,b4d03ae2c781972e2e88417d2cecdb9a,delivered,2017-12-02 19:30:50,2017-12-02 19:51:25,2017-12-06 12:43:21,2017-12-11 23:43:35,2017-12-29 00:00:00
5a43808d42753320e279399cef4c3282,f6833ccf30c2be3236ddb14118c44f5f,delivered,2017-08-14 10:00:45,2017-08-15 03:30:44,2017-08-16 20:13:28,2017-08-23 18:03:22,2017-09-05 00:00:00
2d69f10ad3b8448d288a26023ff5f977,9f3b1b02cab2d6e609b3991f5cf2c203,delivered,2018-06-05 17:40:18,2018-06-05 17:53:59,2018-06-12 11:23:00,2018-06-15 23:08:58,2018-07-11 00:00:00
846d9f177cd197194d2933fdf0dcc68b,d9f89b2c8a70f3124cbf913603661bb0,delivered,2017-08-17 21:26:47,2017-08-17 22:15:14,2017-08-18 19:27:32,2017-08-30 18:33:54,2017-09-19 00:00:00
1a611328643ae11146ba09a4425d2e12,2cde5a202365766c4eeabc925e58225f,delivered,2018-05-02 22:36:14,2018-05-03 00:30:38,2018-05-04 15:46:00,2018-05-11 17:56:48,2018-05-30 00:00:00
052b83db5c313dc65a07dad376ab69b1,f07e7c55e8f8f50b6847f8f6ff8ba7ef,delivered,2017-06-06 13:47:09,2017-06-07 02:45:16,2017-06-09 14:17:45,2017-06-19 20:49:31,2017-07-04 00:00:00
e53186db1e0e7ec88e99350b0202decf,e9ce7aba41d747676755fdb010e22bb9,delivered,2017-10-07 17:32:58,2017-10-07 17:49:29,2017-10-09 17:30:44,2017-10-16 18:37:01,2017-10-25 00:00:00
01614e3e58906ab6c7e2f27e9b349f1a,ca46dc49c3ab226c9a46d8a55be0f0f9,delivered,2017-10-02 20:49:29,2017-10-04 03:03:50,2017-10-04 19:16:53,2017-10-06 20:43:48,2017-10-18 00:00:00
22a3042008f7107444e1004a7a2ca944,0df2b5239e1b31ce04bbbc39d2c7d1c5,delivered,2017-12-27 12:22:24,2017-12-29 02:08:29,2018-01-04 22:55:11,2018-01-19 07:17:50,2018-01-22 00:00:00
ee0accd3922fa553a94aa7e875eba499,fd7869d321d9f3267c7af012dbb2a737,delivered,2017-02-07 11:11:30,2017-02-07 11:23:15,2017-02-09 09:50:07,2017-02-13 13:11:38,2017-03-07 00:00:00
3a1bb0dc36e0f0989d1482a7c1947de9,fd27500b625c69162f90013679981a27,delivered,2018-07-13 13:14:25,2018-07-13 13:25:11,2018-07-13 15:11:00,2018-07-20 23:19:43,2018-08-13 00:00:00
efcecbba5f4753891d53ad200a60e81f,2782c5c525c91c5aba0591304b2247e0,delivered,2018-07-28 18:13:15,2018-07-30 18:31:17,2018-08-03 07:08:00,2018-08-06 21:54:32,2018-08-08 00:00:00
75d5ef4d60406619e9be0c9be3c3d92c,4306e6c3734b9a238393e74ad76e7951,delivered,2018-07-12 14:32:57,2018-07-12 14:45:52,2018-07-18 13:13:00,2018-07-23 18:28:54,2018-08-02 00:00:00
441e40901e547f63c81abdd91e7a2d8c,7006f2f909391185c9e7f7a504042d4e,delivered,2017-12-07 07:15:57,2017-12-08 02:54:12,2017-12-12 21:03:24,2017-12-27 16:18:29,2018-01-02 00:00:00
c723cae5d4f9bbee98063ac1f181f5c1,1520a9be67fc73db03e23a804c48c62c,delivered,2018-03-25 13:19:23,2018-03-26 13:15:41,2018-04-04 23:58:27,2018-04-09 13:59:34,2018-04-06 00:00:00
477f748c749a6106d2abdcc7de0be7d5,9d809c11a64513e14f626198bb96bed8,delivered,2018-06-07 22:36:36,2018-06-09 02:57:38,2018-06-12 14:53:00,2018-06-16 01:47:54,2018-07-03 00:00:00
1c3942a6bfebaf529e695c920baacb0f,60116169d2e99e427f26b84185efe36e,delivered,2018-08-05 19:41:43,2018-08-05 19:55:11,2018-08-07 13:08:00,2018-08-16 22:04:47,2018-08-17 00:00:00
275116adf4704cb53a1108b906bd2434,5a2e16b4fd69014e83f7fc6de7e5cc20,delivered,2018-06-11 10:55:45,2018-06-12 11:01:15,2018-06-13 14:37:00,2018-06-25 21:21:45,2018-07-16 00:00:00
b3e5d245a95dd6378330cc2249d9d6b4,e08e569cab13d0c5d8b0899056edf5af,delivered,2018-01-12 15:28:49,2018-01-13 02:06:32,2018-01-16 18:19:06,2018-02-06 15:41:31,2018-02-08 00:00:00
7b851c9a82166bba7e2bce7bc005a226,3525876b026b30927d11863412612b13,delivered,2018-02-27 19:40:22,2018-02-27 20:09:25,2018-03-05 22:09:01,2018-03-06 23:52:58,2018-03-13 00:00:00
28d0071bc1ea6593fc40883d5eacc6d7,cd48e4fc34049c9cf95ebb28683da6f2,delivered,2018-04-25 10:50:33,2018-04-25 11:09:04,2018-04-27 13:33:00,2018-04-30 14:12:30,2018-05-09 00:00:00
d779224365f07d6953c45ef342c824e6,ea87b0f18aa383b735614e4fcade26e9,delivered,2018-08-14 18:43:56,2018-08-15 03:10:43,2018-08-15 15:30:00,2018-08-31 00:48:33,2018-08-31 00:00:00
7155d151b1369fbf5cf282fdaeb92d97,ce3babd1fdaaaa7032e4241d050f223f,delivered,2018-08-16 18:18:09,2018-08-17 04:09:53,2018-08-17 13:51:00,2018-08-22 23:40:51,2018-08-27 00:00:00
5c7ffa6a8321eb05f96b3f941cf874e5,138c289139c20975e732feabd97f3983,delivered,2018-04-04 10:22:35,2018-04-06 03:15:31,2018-04-10 20:28:24,2018-04-26 01:42:38,2018-04-24 00:00:00
509be166b4a9400819808bea4ba08ec5,2d27a321dea8fff855e646a93cd32ec8,delivered,2018-06-15 10:19:26,2018-06-15 10:40:01,2018-06-15 12:51:00,2018-06-23 16:58:38,2018-07-19 00:00:00
25c9f4c2d81933e44625c891cb889d4c,dc974e65198ad9ed137dd24ad6129118,delivered,2018-07-06 19:45:13,2018-07-06 19:55:08,2018-07-12 14:43:00,2018-07-13 20:48:50,2018-07-20 00:00:00
1f5c3d1688cbe7c88d82990250b9b244,fbe5b8cced59b4c64766a702d6a9482f,delivered,2018-06-03 16:03:03,2018-06-05 03:35:15,2018-06-05 10:22:00,2018-06-14 01:12:21,2018-07-16 00:00:00
861d85972797c770a5139774b13efc48,4bd28e750151e0fcc738533e973a01b8,delivered,2017-07-26 16:44:38,2017-07-27 11:43:26,2017-07-27 18:51:54,2017-08-04 20:22:34,2017-08-21 00:00:00
bd37a8e6c071459b0c45ad8337225d89,5ebc6424b55d612d20110789bbe0d748,delivered,2018-02-03 09:27:17,2018-02-03 09:35:28,2018-02-06 01:41:43,2018-02-26 22:12:23,2018-03-08 00:00:00
550c9803e94828d5b3c5c891561b7200,3f5935e0fb468ea8a5efbcd9806651bc,delivered,2018-07-08 19:08:43,2018-07-08 19:25:09,2018-07-16 12:58:00,2018-07-24 18:40:43,2018-08-14 00:00:00
f9a559708e1ca03d80baea5a09b0e29e,cb5326390885135c591b7d2621a37aa1,delivered,2018-03-20 11:05:50,2018-03-22 02:56:19,2018-03-23 15:03:24,2018-03-28 19:38:41,2018-04-09 00:00:00
61597f05faaa90aa4bdc03d88668ae6a,edf0e6998ad856cd7d39c70e966150cc,delivered,2017-02-10 09:27:35,2017-02-10 09:35:19,2017-02-10 11:17:28,2017-02-17 16:12:58,2017-03-09 00:00:00
e67ded764ce696c9991013d2bb481794,1eb4ce811b05f6d987a1435a2d4ab2c6,delivered,2017-12-02 11:51:27,2017-12-02 12:20:20,2017-12-05 17:58:51,2017-12-23 18:51:38,2017-12-27 00:00:00
3f35998ab9e335d4bbce362585565265,eb4a3408cdc127877b876b3aa183491a,delivered,2018-06-27 12:13:43,2018-06-28 08:50:49,2018-06-28 08:10:00,2018-07-11 14:56:38,2018-08-03 00:00:00
79b33a695202057cda058f5ebbfaf3ea,88e8891e0592cb4850bdc4649ef72a9c,delivered,2018-05-22 16:16:37,2018-05-22 16:37:00,2018-05-23 13:15:00,2018-06-06 19:28:48,2018-06-14 00:00:00
bbeace003fa084aa3ecbb486d76b6766,67600dd2e5a16027806a096c33776e34,delivered,2018-06-28 18:51:01,2018-06-28 19:11:39,2018-06-29 14:45:00,2018-07-06 15:21:16,2018-07-18 00:00:00
02a0f7101947ebb4e6d2ec4c1c929bbb,2e2bf40d03d6ed228d47cf7fa49cf90b,delivered,2017-12-14 19:10:10,2017-12-16 19:10:19,2018-01-03 15:52:31,2018-01-17 18:19:17,2018-01-12 00:00:00
b804eb2b61e98adc0352b6474f7348e8,1724da28f25126a91d620bfaed8b1988,delivered,2018-04-11 09:19:42,2018-04-11 11:10:44,2018-04-12 15:09:01,2018-04-14 00:05:12,2018-04-27 00:00:00
1606a97aa8d4a52d6d2c6467eeb5f4c0,b68ca3fdfa4b1a01d49ea5a86b47f829,delivered,2018-08-06 11:46:04,2018-08-07 11:05:12,2018-08-17 14:48:00,2018-08-20 17:47:35,2018-08-22 00:00:00
23eb2da1dca08746d9fafba58255512f,159d6b06f07d8a56005d06dd7d669199,delivered,2018-02-06 20:35:00,2018-02-07 20:33:05,2018-02-08 18:42:44,2018-02-14 23:52:13,2018-03-02 00:00:00
f0cd3d160659eabeeb6afba44c0c04f7,24cfe14401b47e09e68d7d61040878b9,delivered,2017-08-17 13:50:10,2017-08-19 02:25:38,2017-08-22 19:33:18,2017-09-08 19:42:27,2017-09-28 00:00:00
a0bd30e5d025046a3a4bc67e02ca6a3a,def8a94426e0c4056edba77cd10b8159,delivered,2018-03-20 07:41:45,2018-03-21 02:56:03,2018-03-21 19:22:28,2018-04-05 17:32:21,2018-04-10 00:00:00
4ef992d01b3b8db02c17acd3484e20de,607b751eb3decd6ce324f68150f2f1b9,delivered,2018-04-26 11:38:30,2018-04-27 03:30:39,2018-05-04 13:12:00,2018-05-10 20:47:48,2018-05-21 00:00:00
264f3762919b6ad2a8cae65fd1202106,bc2ce0dc451a51eccc64691f8f9de54a,delivered,2017-11-01 20:52:22,2017-11-01 21:05:53,2017-11-07 21:06:48,2017-11-10 23:07:45,2017-11-21 00:00:00
5e8222f27e709f2c61364ae886df8ac8,9ffcacc65be85eff098e7af278574160,delivered,2018-07-13 23:00:22,2018-07-13 23:10:13,2018-07-20 10:05:00,2018-07-23 21:50:51,2018-07-25 00:00:00
e352772318715f95a959d998f92158af,77a018cf9b1ab6f1bb08d8a04bd2342a,delivered,2017-07-12 15:13:01,2017-07-14 02:25:17,2017-07-18 17:53:32,2017-07-24 20:27:54,2017-08-03 00:00:00
09e04558408bf0fe846b66132dc5d64a,3b66c28f77179c08a558c7c45540b6aa,delivered,2018-02-23 14:47:25,2018-02-23 14:55:40,2018-02-28 23:04:28,2018-03-13 20:05:22,2018-03-21 00:00:00
1f6c1320002dfd3a699d2fc80406092d,73553d9ab66e14cbc9912ac44f14efb5,delivered,2018-07-07 09:14:51,2018-07-07 10:15:26,2018-07-09 14:45:00,2018-07-12 16:28:40,2018-07-27 00:00:00
85837cf1f1abc43e038a12c0a1d41ab7,8f7ebbc98f08c8d938cd9ee021bbba2a,delivered,2017-10-01 12:17:35,2017-10-01 12:28:21,2017-10-02 21:14:50,2017-10-14 01:14:58,2017-11-03 00:00:00
9eaa15eedf8382166c4796542bb0d302,e1954704d9e6c850fe4c72b1bc56aada,delivered,2018-05-12 19:29:17,2018-05-12 19:56:41,2018-05-16 15:28:00,2018-05-18 01:22:04,2018-05-23 00:00:00
1261388c490047bbb0ea823f9b75cc29,99dd58a09716d7329e3aea07aa5477c3,delivered,2018-05-22 18:15:54,2018-05-22 18:37:18,2018-06-05 16:16:00,2018-06-20 17:54:29,2018-06-26 00:00:00
db79668a5504403f129b4cf78d3b03c0,0122f471f8b583b4b8262a9ba5870e0e,delivered,2017-05-09 13:20:39,2017-05-09 13:35:09,2017-05-15 15:25:20,2017-05-26 10:29:46,2017-06-08 00:00:00
04f1827088d972a62224f5203a071500,03c1a904f35ad2f91e103b348cf53c3a,delivered,2017-12-10 20:42:05,2017-12-10 20:50:26,2017-12-11 21:09:32,2017-12-29 19:18:54,2018-01-09 00:00:00
7d7e32279165a825ac8805a3c6bf9e28,4d0d6706c6f3ebefc97cdd992e1e31e9,delivered,2018-02-14 13:22:37,2018-02-14 13:35:26,2018-02-15 18:35:44,2018-02-26 23:34:53,2018-03-07 00:00:00
ca5d34455321c329173e1c6c3fcff7f9,21847e723748ace6cb588bef10844823,delivered,2017-09-09 19:50:19,2017-09-09 20:06:05,2017-09-12 22:54:40,2017-09-19 18:19:20,2017-09-27 00:00:00
e4ccaabafa125b3b39a9331b0abced9d,b75d72658f51cfc274b14adf1446590a,delivered,2016-10-08 09:50:08,2016-10-08 10:54:31,2016-10-24 15:18:48,2016-10-25 15:18:48,2016-11-30 00:00:00
0787c233e9c027ebb134e0339cdc1ef2,8b25b3dbe3d3054904d587578cb751fa,delivered,2017-08-20 15:32:41,2017-08-20 15:45:17,2017-08-21 19:14:07,2017-08-28 18:29:55,2017-09-13 00:00:00
d0b605ea4abf3ed6e8f7472a634afef1,40a5cfa343927fccfa6ab8d7d2a10b1c,delivered,2017-11-24 22:07:05,2017-11-25 01:13:53,2017-11-28 19:18:45,2017-12-19 01:09:35,2017-12-21 00:00:00
90d4fd66e34f42131ae8035b8c32a862,bfc4bcd108f48e1189d8775b6fe11f21,delivered,2018-04-14 11:43:13,2018-04-17 05:35:13,2018-04-17 19:22:14,2018-04-25 20:32:09,2018-05-23 00:00:00
431eb716029df1431f4ff0fbe57d2f06,d240f92f8e5009140a7f27b72d918eeb,delivered,2017-10-29 21:49:11,2017-10-31 04:10:13,2017-11-01 18:21:57,2017-11-03 20:17:58,2017-11-10 00:00:00
5ef8f0f9c9d95604cd61fd97ab176835,eddafa563c1d1e0d331c37d9927bcfad,delivered,2017-10-24 18:07:14,2017-10-25 02:14:30,2017-10-25 20:14:23,2017-10-31 20:43:31,2017-11-10 00:00:00
341703185940265471b257c17af4790d,7589cb265524f5dfc502a4d89773b219,delivered,2018-04-09 17:09:21,2018-04-09 17:29:19,2018-04-11 23:46:33,2018-04-19 22:02:38,2018-05-07 00:00:00
e0cb0ba1185dd69ffe2123622fc8e4ec,2ac84997a00b2837ca893e5fd637c5b5,delivered,2017-09-11 21:42:39,2017-09-11 21:50:24,2017-09-12 19:33:32,2017-09-19 21:03:25,2017-10-04 00:00:00
cd9b48fbcef64e5b838f5026ac43c776,941ee410fbd4f99ec9e47d2067a0417f,delivered,2018-06-23 12:07:31,2018-06-23 12:34:55,2018-06-25 17:50:00,2018-06-29 19:58:51,2018-07-31 00:00:00
a40edbe5d365b2950b82a2275a5b211a,da14d636fdbf0cf7f7c9da5967eb7f0f,delivered,2018-05-25 21:15:02,2018-05-25 21:37:30,2018-05-28 14:52:00,2018-06-07 22:29:46,2018-07-03 00:00:00
20b93906f0b1d44ad5e6c166ab370ba7,003eab528664e1bd677218ef4be086ac,delivered,2017-04-03 19:20:39,2017-04-03 19:30:20,2017-04-05 15:07:25,2017-04-13 18:42:25,2017-05-04 00:00:00
8bcbf632174ddf3a193be1b60335b40c,3eb42633960a87c62fb0d49d9a9a8e87,delivered,2018-06-29 10:01:22,2018-06-30 02:52:34,2018-07-03 07:18:00,2018-07-07 11:38:49,2018-07-23 00:00:00
ca66e72f5578f9b35b68982c4865079b,66cc7abeb9745649553ef40ce58973dd,delivered,2018-03-26 10:53:16,2018-03-26 11:08:36,2018-03-27 00:25:52,2018-04-06 22:58:40,2018-04-20 00:00:00
9482fa3487de3e3fec62063176aec6f2,26e6fdbbb84f6320f93ede3130b43050,delivered,2018-03-21 11:32:01,2018-03-21 11:48:18,2018-03-22 20:09:07,2018-03-23 23:04:27,2018-04-03 00:00:00
fe642627ef34edffd9e897365f2d0449,41c81db0288d706cbb0937bddbea8f95,delivered,2018-04-16 20:59:52,2018-04-16 22:10:22,2018-04-17 18:16:47,2018-04-18 18:22:30,2018-05-03 00:00:00
105d2c02e20607f6e3bd0a219efed4cd,03b7f61816a176b8938c4bcc7c9720e0,delivered,2017-05-18 20:43:41,2017-05-18 20:55:16,2017-05-19 14:54:37,2017-05-24 15:04:03,2017-06-09 00:00:00
37d2697fe30cc343532f58cde9161454,847221c3313e554dfc5d4b4a18f9b4f9,delivered,2018-07-22 18:41:47,2018-07-24 11:31:59,2018-07-25 15:40:00,2018-07-30 19:16:57,2018-08-20 00:00:00
495f52185fa8f606de522839d428f3c9,77104608a51ca163093b261e44fc8cd3,delivered,2018-08-01 14:36:25,2018-08-01 14:50:12,2018-08-07 16:16:00,2018-08-17 00:36:26,2018-08-28 00:00:00
dead1e90233baca62101df8aaa1f2b66,d88f9c15c5e03274e8038f5002c0dcef,delivered,2018-07-18 17:09:11,2018-07-19 03:02:33,2018-07-19 13:27:00,2018-07-20 17:08:34,2018-07-26 00:00:00
8e1787326878b8d540cc14a0546c3eb6,278003098109cfa2d2625f4772cb2a57,delivered,2018-05-24 13:09:25,2018-05-24 13:39:09,2018-05-25 09:59:00,2018-06-03 13:42:15,2018-06-11 00:00:00
e32209bcb9c95a291a1a0e971df14bdb,c8e3fc442fae98805be412660c6770f0,delivered,2018-04-25 17:10:47,2018-04-25 17:52:22,2018-04-26 09:29:00,2018-04-30 15:08:27,2018-05-18 00:00:00
c2ff08c0c7d631b32eb1040d9fb73161,7e80e1ed7a11adbfa4014d0839376d80,delivered,2017-10-13 14:49:14,2017-10-13 15:14:32,2017-10-17 16:42:48,2017-10-31 23:59:10,2017-11-08 00:00:00
1e4fcdf0cf341ba0ea682eb332c78526,5ddf5d23effe6dc9acdbf37b3c5f99be,delivered,2017-02-12 20:51:15,2017-02-12 21:42:57,2017-02-17 16:37:50,2017-02-23 16:28:04,2017-03-14 00:00:00
0beab7700e74cb828b63e0a174e17256,770713aeb61e544a49c3ef40819b998c,delivered,2018-04-20 10:14:24,2018-04-20 10:33:18,2018-04-23 18:00:08,2018-04-25 18:38:59,2018-05-04 00:00:00
8c142529d4d34ba46cc7fe400ab6b2d1,6a05ea976da054ba5b06db38348b976d,delivered,2017-03-18 19:09:39,2017-03-18 19:09:39,2017-03-20 09:49:03,2017-03-27 17:27:49,2017-04-10 00:00:00
dd63de941b6998a80f25d03116747f9d,a81b90805fc8248239eee9ed0a2aeea7,delivered,2018-08-07 09:13:03,2018-08-08 03:25:24,2018-08-09 15:14:00,2018-08-13 15:41:47,2018-08-13 00:00:00
2398edac04de9e5283b7c76995623906,fe30315710d9aeb9e870f0b7c869f61f,delivered,2017-07-23 22:35:09,2017-07-25 03:30:11,2017-07-27 18:16:38,2017-07-29 13:04:35,2017-08-04 00:00:00
82b564e3b8efa4e060e5c950cb6fa9ad,d55b731b551b51dd0519d5649deab266,canceled,2018-07-15 10:32:58,2018-07-15 10:45:15,,,2018-08-10 00:00:00
bb39531a5274b1368bc8c50fc681baaa,2df3cd2a5c57feeccf98a9eaaf01cc13,delivered,2018-08-20 18:12:53,2018-08-20 18:29:58,2018-08-21 13:15:00,2018-08-23 18:51:47,2018-08-29 00:00:00
46fa06f347967f46cbaba58808c81eca,957be0f308e6fa876ef69064f6e24426,delivered,2018-01-05 18:10:09,2018-01-05 18:17:22,2018-01-09 14:41:28,2018-03-01 23:58:44,2018-02-07 00:00:00
74064fdb9bff630df3382ee57ec0cc37,b9b331b5ed770e7b3ecf0009268983a4,delivered,2017-11-27 14:53:08,2017-11-27 15:17:55,2017-11-29 17:32:43,2017-12-01 20:12:35,2017-12-18 00:00:00
db938741a6e086fc10ca5c84d032fef3,52cba52537119edf3f855dab63b3e7bc,delivered,2018-04-25 14:16:47,2018-04-26 14:11:53,2018-04-27 16:14:00,2018-05-10 21:21:06,2018-05-23 00:00:00
4c1f94303cb0dd867863ad2259197ab1,c83db752df8e7cdaae6f13ab0c2572f9,delivered,2017-10-10 08:14:54,2017-10-11 08:14:12,2017-10-11 18:35:54,2017-10-23 20:50:05,2017-11-06 00:00:00
c93024d2ec9388942cad989d92bbd49a,6d2b59dfaa16e43d88fe7a306b38e17f,delivered,2017-02-27 12:37:54,2017-02-27 13:01:57,2017-03-01 09:40:13,2017-03-03 10:49:01,2017-03-20 00:00:00
2592a2d249009fdfd066161c0c2a726c,5d981b7a328ccdfc41d79164694a6b51,delivered,2017-03-17 18:43:55,2017-03-17 18:43:55,2017-03-20 09:41:44,2017-03-27 15:07:48,2017-04-11 00:00:00
80ef3cee33c2462dc72f8938e980a03e,c9eb9435ff687d924d0ea1741bd1a5a6,delivered,2018-06-23 21:46:52,2018-06-23 22:18:32,2018-06-28 11:22:00,2018-07-05 13:15:48,2018-07-20 00:00:00
3152fc55dfa364d38d44c5defcb88a28,aa13025268ebd91f7a5de8dd1dca1bcf,processing,2017-12-22 11:41:33,2017-12-22 11:52:34,,,2018-01-18 00:00:00
6b6c8c20c473b8fced5eedb045396331,477e081d8ba34bddb418b250fc99fefe,delivered,2018-04-04 11:31:30,2018-04-04 11:49:29,2018-04-09 23:14:30,2018-04-11 17:12:49,2018-04-19 00:00:00
e2f6cc7f7084110fd5473cfdae918307,8ccc0440a97cba1ee2af10d7fefdc8cf,delivered,2018-04-24 14:20:00,2018-04-24 18:26:33,2018-04-25 14:33:00,2018-04-30 14:48:36,2018-05-11 00:00:00
03ba8f07686d0661b011f3701eab3edd,1201015f8e5105e1bfb7e9bd75be8523,delivered,2017-06-06 22:03:39,2017-06-06 22:15:13,2017-06-08 05:53:45,2017-06-23 07:51:51,2017-06-29 00:00:00
478627b306121470f39a3097aabbbc70,25e66da169d835ba6a1014436714cfeb,delivered,2018-06-06 14:23:26,2018-06-08 03:13:35,2018-06-08 13:10:00,2018-06-21 14:12:26,2018-07-18 00:00:00
bd9ff9dfae49eb3a07837fd0bc16154e,743605f73648410aaa37405f3385d830,delivered,2018-06-02 21:29:17,2018-06-02 21:49:58,2018-06-04 13:54:00,2018-06-05 20:41:19,2018-06-28 00:00:00
a20538d69757be844119c80016394dcb,b4d6ff8eddd03fbfefb9c269dfceea32,delivered,2018-07-23 21:45:43,2018-07-24 10:32:28,2018-07-24 10:57:00,2018-07-28 14:52:36,2018-08-08 00:00:00
29e51ca4b5b37a60b607bde44f24d37e,bcea74fac119bda14e26149fd05c050d,delivered,2018-06-26 21:26:08,2018-06-26 21:35:17,2018-06-28 07:30:00,2018-07-03 22:22:05,2018-07-23 00:00:00
b4436efe3712c1bbce803adc1dc032d8,78a1d0d8e012562fb1da97d432ed2366,delivered,2017-07-31 15:28:17,2017-07-31 15:45:16,2017-08-01 19:24:32,2017-08-09 19:13:50,2017-08-22 00:00:00
bde8c7ae87400615f77bc90cfe254f38,d7b72444b3db886d81d0baedba5e3300,delivered,2017-12-10 11:01:24,2017-12-10 11:10:28,2017-12-13 21:57:03,2018-01-03 13:39:10,2018-01-16 00:00:00
1f78837ac58fa81b2191c703d510080b,a78698d788079ac93aeae0b1f3fd8bf0,delivered,2017-09-24 17:09:08,2017-09-25 21:49:38,2017-09-29 15:58:46,2017-10-01 15:02:56,2017-10-11 00:00:00
1181b3a643dfdf013bd399adcc3bed11,32f6dd81be6fd6573be1151784e2e796,delivered,2018-05-20 15:46:48,2018-05-22 08:34:05,2018-05-28 13:58:00,2018-06-08 20:45:55,2018-06-13 00:00:00
e36e70aa092e7f6c4617c664dee75508,af8818dabc1d82f7a6d1e792f56cd4c8,delivered,2017-04-27 00:12:53,2017-04-27 01:15:27,2017-04-28 17:52:54,2017-05-05 13:34:53,2017-05-25 00:00:00
0a4581df52d24b72b87ae0feb1b11d08,ac8d05674efe12528f6d96c507aac3bc,delivered,2018-05-11 13:28:31,2018-05-11 13:50:45,2018-05-15 16:11:00,2018-05-21 16:52:07,2018-05-30 00:00:00
e227bbccb113df7570b250faab62f29b,536dee228fa42ae8340c648ee43fd685,delivered,2017-07-10 12:19:44,2017-07-10 12:30:20,2017-07-13 21:47:49,2017-07-20 20:16:56,2017-08-01 00:00:00
66aac47537a2b6a195103fcd5690996d,5692183efd941e64a6d688e5130545b9,delivered,2018-01-08 12:54:10,2018-01-08 13:04:27,2018-01-12 20:17:51,2018-01-22 17:46:23,2018-02-05 00:00:00
95251874fe384d74df990ccb85bea4ab,ef872dc5ea12abe6c43728f4a6015a39,unavailable,2017-07-05 13:55:19,2017-07-05 17:38:16,,,2017-08-10 00:00:00
a84a0bd528e053f6b266e21bb1111e3f,2a9f4bad138e972730f8289c0ea9ed74,delivered,2018-07-03 19:27:58,2018-07-05 16:31:01,2018-07-06 18:56:00,2018-07-10 00:18:32,2018-07-25 00:00:00
1aaeb5badaa812e15594d2c5d04e474a,9f9552abc310f12bcf37a6b8e3e8c4a8,delivered,2017-04-21 14:48:58,2017-04-21 15:05:11,2017-04-25 09:14:49,2017-05-03 15:12:18,2017-05-11 00:00:00
01786fff06f2f7e8a83950c4b3b424ea,574e00dba47edb0c55e3b7e795eb8104,delivered,2017-12-16 12:04:31,2017-12-16 12:14:46,2017-12-18 15:49:19,2017-12-29 22:44:56,2018-01-05 00:00:00
17a7c61884c9f0021e21a4f8fb2724e7,dac40d6643ea7982beb1058fb72a9628,delivered,2017-03-16 10:14:09,2017-03-16 10:14:09,2017-03-17 07:38:43,2017-04-06 14:17:02,2017-04-25 00:00:00
39b264b9ada30f099e6584c09c902745,bf3e89026bdbffc8d7ad1b90aff8fed9,delivered,2017-10-03 13:49:56,2017-10-03 14:07:12,2017-10-04 18:52:18,2017-10-09 13:29:04,2017-11-01 00:00:00
4dddc6bf4a7bc34351215406bf7ecacb,6350ee478c3d2c52f1b7e1a27d182309,delivered,2017-06-02 12:20:29,2017-06-05 06:35:15,2017-06-05 10:47:35,2017-06-07 13:25:09,2017-06-16 00:00:00
066ff76c980db5a993df8048ff8fe60d,09742ba5cbfca33a3b9b61099ea648cd,delivered,2018-05-31 19:07:22,2018-05-31 19:33:21,2018-06-01 09:03:00,2018-06-03 18:44:19,2018-06-26 00:00:00
fd5791a2d231273227d16fbc9fc196f4,6dec5c1e25df8142cb1995926eb654e2,delivered,2018-02-27 16:36:39,2018-02-27 16:56:06,2018-03-01 01:59:00,2018-03-08 16:13:20,2018-03-19 00:00:00
54ca11fe8af494d4cbb2cc7220f0a132,2c4f8a56ddfef3b48ea8d9b2bf5a8ffa,delivered,2017-12-11 13:47:29,2017-12-13 02:34:22,2017-12-13 14:59:21,2017-12-21 18:49:52,2018-01-11 00:00:00
518d9420a2d8ea00762432288eb5a759,8262ee50c2b9961981a2825f2bd0663a,delivered,2017-06-21 22:16:40,2017-06-22 07:15:21,2017-06-23 12:22:34,2017-06-26 15:33:43,2017-07-12 00:00:00
d4299c499db7e5259f1116d3c3462683,8f9cb1b2b2327968c7a9e7acadba9978,delivered,2017-05-24 11:02:12,2017-05-25 10:50:11,2017-05-26 14:05:19,2017-05-30 12:37:56,2017-06-06 00:00:00
a7d73128b7dc2644c342e7495ebe8e3f,a99b2128d3db96e838381fe6042cdee6,delivered,2018-04-05 15:59:54,2018-04-05 16:11:03,2018-04-10 23:37:43,2018-04-30 16:59:24,2018-05-02 00:00:00
887496af5da0e19170d08c069e8e98d0,2b1d9ee3ba8db722d07d8cfe12c88d61,delivered,2018-05-18 02:07:42,2018-05-19 03:12:59,2018-05-19 09:27:00,2018-06-07 23:03:59,2018-06-13 00:00:00
c9971f16f56a5775573b08549b2621fb,a04fa231bd8eb0e52359e9882eb0f266,delivered,2017-12-11 17:06:48,2017-12-13 02:50:04,2017-12-14 22:10:07,2017-12-17 12:33:17,2018-01-04 00:00:00
44551b161630b0e90e73ed35fafb4268,615222e0c8a4e524ce32eacd567c1bb9,delivered,2017-04-14 23:45:31,2017-04-15 01:05:23,2017-04-19 16:06:27,2017-05-17 09:42:30,2017-05-17 00:00:00
a889c83e9d58375bd1747f31daa8ad8d,1c1be0b424573db0ff7cec6ee5e39a85,delivered,2017-07-20 17:40:32,2017-07-20 17:55:20,2017-07-24 15:04:13,2017-07-26 01:12:08,2017-08-15 00:00:00
2c70f2b99096bd1c7b05eede8e860fc8,54455e3cc22a40be4253b6f3619927cb,delivered,2018-06-11 16:22:58,2018-06-11 17:02:00,2018-06-12 10:07:00,2018-06-25 13:03:16,2018-07-23 00:00:00
42696dc99cfcd6fc7cf7d426ce456cff,08caccd1e8e031147439a0880006e849,delivered,2018-01-30 16:32:42,2018-01-30 16:55:48,2018-02-01 01:28:59,2018-02-27 20:12:49,2018-02-21 00:00:00
e3c6bf3aad3a42c48ae9619ac88d0b3d,668f6afcaff827441b68673bb2ca7d65,delivered,2017-11-25 18:33:35,2017-11-25 18:51:37,2017-11-28 14:57:46,2017-12-02 18:20:04,2017-12-15 00:00:00
df08d513a0f8e2fd9822effae92d84ca,402c011d2fd2b9f9c0a2c1642c7ffa5f,delivered,2018-06-22 13:29:32,2018-06-22 13:58:07,2018-06-28 14:25:00,2018-07-14 15:52:49,2018-08-03 00:00:00
0c5d85fbd4b20a1d9d5fc6a29e739f36,8e5fb420cf8c57efbdf1632de43b3f16,delivered,2017-01-25 18:04:52,2017-01-25 18:15:20,2017-01-26 15:20:24,2017-02-03 12:44:16,2017-03-02 00:00:00
54278df0bd16da39d1a04b026396bef6,452fac6def3d5dfbea65399a1d233d0e,delivered,2018-07-22 20:00:50,2018-07-23 12:31:54,2018-07-23 13:13:00,2018-07-27 19:14:48,2018-08-20 00:00:00
29fa86aa1da2b73d79e91729062e5af8,b4dcf54049cbb1e84bf9600d74ce8615,delivered,2018-01-25 18:43:52,2018-01-25 18:58:52,2018-01-26 18:37:06,2018-02-20 20:19:21,2018-03-01 00:00:00
cf49377f810a8d21818d08c194215b1d,e9ea2bd5ecf3067bc58cfcc6db71f71f,delivered,2017-08-23 12:12:07,2017-08-23 12:55:29,2017-08-23 20:25:13,2017-09-10 15:03:33,2017-09-25 00:00:00
d65b78591a45cfbfc4ee5e3f91566450,a750f4a0f5c69d68818cc43c3d82b707,delivered,2018-04-21 09:36:56,2018-04-24 18:49:47,2018-04-25 19:04:00,2018-04-27 16:05:04,2018-05-10 00:00:00
594f77c01c63636e30fb32025939df9d,2e795be994e5b3dd3602f35ae8840feb,delivered,2018-05-07 13:44:46,2018-05-07 15:54:40,2018-05-11 14:01:00,2018-05-21 20:58:39,2018-05-29 00:00:00
0bd15125e46474dc9318288ae0ea528e,98d0e7b8cee070b62b91321aeded0f89,delivered,2018-01-30 18:06:42,2018-01-30 18:41:02,2018-02-03 15:03:15,2018-03-01 22:07:42,2018-02-26 00:00:00
4ba358a699bd2f33121fd4789d1e7a23,978e82a1b1b5df0bebfef62eea7fe7b9,delivered,2018-03-15 08:16:56,2018-03-15 08:29:41,2018-03-16 21:12:16,2018-03-19 19:03:21,2018-03-27 00:00:00
3dd242e43d7215f993ec284c79f1e099,a06b47239f454c6ccb325302f638cd59,delivered,2018-01-11 16:28:08,2018-01-11 16:49:04,2018-01-19 20:48:40,2018-01-24 19:18:58,2018-02-05 00:00:00
d2417eba67d60cfec4f384eb2f679649,db67f93cfef273cda9da18d7bcfe720f,delivered,2018-03-22 07:34:13,2018-03-22 13:29:16,2018-03-23 19:02:19,2018-04-03 19:08:47,2018-04-13 00:00:00
9bb24e7d420a1f6492f0d5f543978944,14bce5f40a57b5dee99e2ef17f19829a,delivered,2018-08-05 17:34:26,2018-08-05 18:04:15,2018-08-09 13:10:00,2018-08-16 14:42:58,2018-08-23 00:00:00
c9dac7423ceeeaf70c396a2879d06ec3,a7a0983dcb7194cc1b89511619b095bc,delivered,2017-08-01 12:49:50,2017-08-01 13:05:12,2017-08-04 20:59:42,2017-08-11 15:18:54,2017-08-21 00:00:00
756893c5dc2102b9555b660dffb03813,ecac6f944752f337584b6de5541bcc5c,delivered,2018-02-09 22:54:54,2018-02-09 23:08:07,2018-02-14 23:51:50,2018-04-20 18:48:52,2018-03-08 00:00:00
0f6fe79488ecaa34f835af7fec461439,efe07f6f00de5c0e57a9d9787d3b2c6b,delivered,2018-05-07 18:04:34,2018-05-07 19:15:08,2018-05-08 14:30:00,2018-05-10 23:11:43,2018-05-18 00:00:00
730062427b00e91a6d7aa369269e2744,cfe0779c3ed7a15946179c36cfcea099,delivered,2018-05-06 15:11:26,2018-05-08 04:14:20,2018-05-21 14:41:00,2018-05-22 17:58:27,2018-05-28 00:00:00
1cc07f959bdafc731990c4852c9a33a7,9688035c1df252e0084bc89e7b576c7f,delivered,2017-11-25 20:31:35,2017-11-28 03:33:02,2017-12-04 15:22:14,2017-12-11 17:38:12,2017-12-22 00:00:00
eddcd0974bcd773f5734decebf0225a4,e10711e2c6acbe40d4fa6ad9a5bf647c,delivered,2018-07-29 14:10:13,2018-07-29 14:25:10,2018-07-31 16:06:00,2018-08-02 22:26:55,2018-08-06 00:00:00
b519435b8a999cbefb70936aed23af56,b9cadcd6906737e12a04a48dfd818a90,delivered,2017-05-24 23:23:56,2017-05-25 23:30:14,2017-05-26 11:15:32,2017-05-30 18:07:52,2017-06-13 00:00:00
f734baf9f30fe59cde7ccb211dbb4278,bc494abb149186263f1818263b2214b4,delivered,2018-08-13 15:16:07,2018-08-14 14:15:22,2018-08-15 11:43:00,2018-08-16 19:01:49,2018-08-16 00:00:00
ba74aa11850c74f4e5f8669502a9b569,8b61f03aad519c33af331948c576faa9,delivered,2018-05-07 20:36:52,2018-05-08 04:34:22,2018-05-08 13:48:00,2018-05-09 17:11:15,2018-05-15 00:00:00
b09c529b0885805d42c10a62aa2f31be,d7640bf7f238089e9ed07bbe17a90202,delivered,2018-05-11 20:45:35,2018-05-14 08:13:57,2018-05-14 13:57:00,2018-06-07 02:04:12,2018-06-11 00:00:00
68d7420c86be23f313c81a554320f986,0b79f0da6032b5f6e932f3c603b16820,delivered,2017-11-26 18:17:55,2017-11-27 17:59:51,2017-12-01 19:33:34,2017-12-09 18:16:30,2017-12-18 00:00:00
b5cf860ef786ea57b3be5dc9ef44076f,049b7e070804b9740ec5a225d750844d,delivered,2018-04-12 23:36:53,2018-04-12 23:51:29,2018-04-17 01:03:59,2018-04-21 17:10:49,2018-05-07 00:00:00
a9c86a3735a9a0dfd8e68dbf59b48c66,99c76b45aefd25d28d05d5a4bcfb62d3,delivered,2018-05-14 13:51:10,2018-05-14 14:10:20,2018-05-15 16:22:00,2018-05-22 11:32:00,2018-06-01 00:00:00
52523c7dd8787513f2acd8efc28cca18,eedca305aa0dd3345af3506d66090a10,delivered,2017-12-28 17:01:06,2017-12-28 17:08:21,2018-01-02 21:45:49,2018-01-13 00:03:18,2018-02-05 00:00:00
016b1af508245e59ef75d83e3fe20a92,aa57e2dd7b09a0f2cecef92f4d99395a,delivered,2017-04-06 17:19:53,2017-04-08 02:43:18,2017-04-10 16:33:47,2017-04-19 13:26:19,2017-05-02 00:00:00
0a80da8a2e86f5f401c7514602bc1105,351c4091b6f035cbc49b25c86db368fc,delivered,2017-03-24 16:48:47,2017-03-28 04:03:14,2017-03-30 16:33:45,2017-04-26 13:52:15,2017-05-03 00:00:00
d4938fbb008a69c486b8f17c96739905,1579af2301d214c58898416457287574,delivered,2018-06-22 11:48:30,2018-06-26 04:58:44,2018-06-27 11:31:00,2018-07-06 16:48:24,2018-07-25 00:00:00
82092e4ea665844f6f8991dbab00104d,0a0707897031df730c9ecba5a657fd1a,delivered,2017-04-23 18:21:44,2017-04-25 15:50:20,2017-04-27 14:43:31,2017-05-16 06:32:46,2017-05-25 00:00:00
fdd5e4264311601ee93658c23d3a79be,e0ccf8593940f024a01f6946a0a8e34b,delivered,2018-07-18 20:02:29,2018-07-18 20:10:14,2018-07-19 12:50:00,2018-07-25 12:40:43,2018-08-16 00:00:00
8a0fb3426be7ed94d14c6b72cb5b5774,99c07b2a4cfbfc95226d6928822685d1,delivered,2018-06-15 20:36:01,2018-06-15 21:01:10,2018-06-18 13:05:00,2018-06-19 16:12:31,2018-06-28 00:00:00
70bd71735041b0632436794811a49864,0dac51956c3a8a3282f5bc4e387dcc12,delivered,2017-08-14 14:17:58,2017-08-15 10:15:11,2017-08-17 19:39:58,2017-08-23 17:47:47,2017-09-01 00:00:00
6ca34a7e19802d00261e550467a965c8,40b4a5ba496a0d550201b2cef9bed5b9,delivered,2017-12-19 16:39:09,2017-12-19 17:29:14,2017-12-21 21:26:54,2018-01-03 23:16:59,2018-01-12 00:00:00
666361dc35f61cd6ac10ec287d682b88,004ee20df425002ed78553e1f50caa3e,delivered,2018-05-01 18:56:48,2018-05-01 19:13:25,2018-05-02 15:15:00,2018-05-08 20:24:29,2018-05-23 00:00:00
5b2bc181b79df76b831c2c73bfa96c08,86eb66aea288968834097d5e96d2742b,shipped,2018-03-28 16:44:49,2018-03-28 16:55:33,2018-04-02 13:33:32,,2018-04-17 00:00:00
843b65458f7033a466c06769dcfd9ff0,50d99d9101991af5e3001b322a2fd048,delivered,2018-05-13 20:52:14,2018-05-13 21:12:39,2018-05-14 12:41:00,2018-05-15 15:18:32,2018-05-24 00:00:00
e9fecd900cce6b52424121bf98911932,6ec1b2634b7f1fa1b270e0b9f09a269e,delivered,2017-12-02 21:18:36,2017-12-05 04:13:56,2017-12-06 13:32:39,2018-01-08 20:40:37,2018-01-04 00:00:00
7c08af2aea8bd8a8fccabe5b004650b7,a497336d756539a3080b356583a5f945,delivered,2017-06-10 14:28:44,2017-06-10 14:42:37,2017-06-13 14:00:12,2017-06-19 21:27:47,2017-07-05 00:00:00
6b1391687f84349c62119cb2c95374e0,0ab26918ea357128c0f6f9acdcf8f0f7,delivered,2017-12-21 08:46:01,2017-12-21 08:59:41,2017-12-21 21:48:39,2017-12-29 15:24:13,2018-01-23 00:00:00
f5a0b554d20023f663b07f492f4cef11,9eda24aa97adf5bdf194cd0bcb745aa3,delivered,2018-04-25 10:13:08,2018-04-25 10:30:36,2018-04-26 10:41:00,2018-05-03 20:52:05,2018-05-17 00:00:00
700ed360aae6dff713da1178cdbdfec6,04ca9bac2d66158857714c87d46e71d3,delivered,2017-09-19 23:06:49,2017-09-21 02:46:14,2017-09-22 18:39:05,2017-09-25 19:52:06,2017-09-29 00:00:00
707ecac4537ba4d942b035e0377e56e4,c29905ff5d902727ae96cd2bdab4d440,delivered,2018-08-08 11:55:41,2018-08-08 12:05:14,2018-08-10 01:48:00,2018-08-10 22:28:38,2018-08-14 00:00:00
e42d675de97fa2ce82d7090d2e1627de,ce1929eae3961965d4d792ba32023611,delivered,2017-10-08 16:05:13,2017-10-09 17:51:20,2017-10-11 12:48:37,2017-10-20 20:45:51,2017-11-07 00:00:00
eb950cd1b75b3139b29d4926906d9ced,913fd80bb6b904f60ce38b0d10bfc3de,delivered,2017-11-27 13:24:07,2017-11-27 13:39:13,2017-12-01 21:25:05,2017-12-11 23:34:06,2017-12-15 00:00:00
ada32b6f0cb6b0a58d13dc20a423f2fa,3cd77cfce4c000862e033675e3e408f5,delivered,2018-07-23 17:47:17,2018-07-24 10:31:12,2018-07-25 14:28:00,2018-07-27 01:42:30,2018-07-31 00:00:00
04c35d9b971c2df38635b6c4a1983c35,964d7ea329d9be7d6001f7ba6e4c3304,delivered,2017-07-25 13:06:45,2017-07-26 13:15:20,2017-07-28 22:08:38,2017-08-04 21:47:58,2017-08-16 00:00:00
4e4bcd8837ffdbe350288d7fa0948c01,5e5e6470cb171508e864b8fc75379c73,delivered,2017-09-13 21:37:44,2017-09-13 21:50:21,2017-09-14 21:48:54,2017-09-20 17:20:29,2017-10-04 00:00:00
f5d9f447bc24dbd0e76b74d0bbe0b4ed,5415819ad5ed256b3851eabbbbfe25aa,delivered,2017-09-18 08:34:17,2017-09-18 08:45:11,2017-09-18 18:37:26,2017-09-26 18:48:04,2017-10-10 00:00:00
8119fd8653bc657349616d0595ec08b0,726989efae592e4f204e67b4b893d01d,delivered,2018-07-20 16:26:29,2018-07-20 16:44:12,2018-07-24 10:27:00,2018-07-30 13:59:32,2018-08-13 00:00:00
36ec96a65d616f11a0b1e3863478ac4f,01edba0c1380aa0c91437bee4b7193a5,delivered,2018-01-11 16:54:49,2018-01-11 17:08:26,2018-01-12 23:55:15,2018-01-22 20:18:46,2018-02-05 00:00:00
b1e6c30e469d786d5c2ba74511772cc2,34e7e81dfc061cfedd8e95f8bee49294,delivered,2017-11-28 11:29:31,2017-11-28 12:08:09,2017-11-29 20:05:46,2017-12-13 20:49:06,2017-12-18 00:00:00
16fdf4a442f237c6092adf2a86443dc9,6c15a0dd2659eccc596fa66ed05b23c7,delivered,2017-07-30 20:03:16,2017-07-30 20:15:12,2017-08-02 19:23:59,2017-08-07 11:47:44,2017-08-25 00:00:00
ccb8ee5d95fda81582a5b5075517026b,07000867c38ba037cfc2298612e2517d,delivered,2018-01-25 22:29:15,2018-01-25 22:36:24,2018-01-27 16:32:06,2018-02-06 19:28:52,2018-02-09 00:00:00
3662bd55e74767e3a5f39573beae83b5,9bd35db16bb5788182f0fef872ffa0f3,delivered,2018-02-18 17:37:05,2018-02-18 17:46:44,2018-02-21 14:36:11,2018-03-13 13:23:43,2018-03-16 00:00:00
dc034558fc2acd4a0d55733dd55b3b9c,cd8038ca905be15371c29a2c7901eccc,delivered,2017-12-11 15:00:43,2017-12-11 15:11:29,2017-12-13 15:47:10,2018-01-03 22:26:50,2018-01-09 00:00:00
455003334f4430e9e9e902199bcecbcb,5cde2eff682c0c9087ebd5d66e87d7b1,delivered,2018-05-28 14:17:55,2018-05-28 14:35:40,2018-06-04 18:11:00,2018-06-08 20:18:34,2018-06-28 00:00:00
98b5257ffee92e64431051eca07f38c8,b7dc6d5e912f8370fe0f15b92d81feae,delivered,2018-06-02 12:40:57,2018-06-02 12:51:59,2018-06-04 13:14:00,2018-06-10 12:28:22,2018-07-05 00:00:00
5cb8558cbb7c0c2f00f43468579d3e3c,2ff5a6455514da421bd25d6e4ceb1d12,shipped,2016-10-04 15:02:37,2016-10-05 03:10:59,2016-10-15 10:14:10,,2016-12-02 00:00:00
37e87d7b071633ba92f5ef06491b781a,d9172d48e1125063b3358551dadc0294,delivered,2017-11-23 23:28:31,2017-11-25 23:33:02,2017-11-27 17:28:50,2017-11-30 00:42:59,2017-12-07 00:00:00
f674021e6e963d09499ccbadde19f214,e794d72c2f20aaf6ecb2242efea35b9a,delivered,2018-02-08 09:35:22,2018-02-09 10:13:50,2018-02-14 17:13:07,2018-02-26 23:32:57,2018-03-06 00:00:00
2560dad7258f094d3b637e3d65cf6a06,5184f33091b396cb111120bda63a9332,delivered,2018-01-14 18:08:10,2018-01-14 18:15:28,2018-01-15 15:32:56,2018-01-25 19:08:55,2018-02-19 00:00:00
4e7838e2ac3b81d9d9ca377dcc0549de,00914220fb44a373f667e19ed450e8df,delivered,2018-08-03 00:26:04,2018-08-03 00:44:08,2018-08-03 13:02:00,2018-08-08 16:26:49,2018-08-24 00:00:00
e703f9ab67e765670d62eeec75af5d62,644ae863876b9e39b3a43d8672980962,delivered,2018-02-07 14:39:58,2018-02-07 14:55:39,2018-02-08 19:57:17,2018-02-20 19:17:07,2018-03-05 00:00:00
fccac901853959f181fab87231145754,8f90bda2064d7faf0dba80f7a0265825,delivered,2017-04-30 22:23:53,2017-04-30 22:35:08,2017-05-02 17:53:00,2017-05-12 11:51:41,2017-06-19 00:00:00
08a9de4f4b0ea83738478f16caae7bea,4d0f8caafecf88bd4e5578f488493246,delivered,2018-02-20 13:02:25,2018-02-20 13:10:52,2018-02-21 18:23:24,2018-03-02 14:05:51,2018-03-20 00:00:00
106f0390589df3f796727df4216f211d,2d30a1a26e77b2dd704d416bc9c00f71,delivered,2018-05-17 22:30:34,2018-05-18 03:34:29,2018-05-18 10:37:00,2018-05-21 20:35:40,2018-05-25 00:00:00
94a6d388146dcc59a8b727cb6e4c2f66,94b56d3de9b7cc383e20aec762fde9f0,delivered,2017-08-20 08:38:36,2017-08-22 04:16:00,2017-08-24 12:50:04,2017-08-28 18:13:16,2017-09-14 00:00:00
76031077492a53bea99bb3eb41516b94,857ea088b4889301375ca93ce3d45d83,delivered,2017-10-05 17:05:00,2017-10-07 02:24:59,2017-10-11 15:47:47,2017-10-17 16:26:41,2017-10-27 00:00:00
ec97666defb2e1fade6931649731f776,4abad51a71113d2de9e00350623a66ec,delivered,2017-07-06 00:17:31,2017-07-07 08:23:33,2017-07-07 15:56:50,2017-07-31 18:34:28,2017-07-28 00:00:00
bb6098323b5ddb5435b705192fe81ebc,8e3e478dd90b21a99470ef5973db83e8,delivered,2018-02-19 15:02:50,2018-02-20 07:27:39,2018-02-23 17:52:34,2018-03-03 00:46:37,2018-03-12 00:00:00
a3797015424a5a2313a4b102d5899cf1,ff33ddf6fafd5d38aaa6c0f7385e418f,delivered,2017-12-22 10:37:38,2017-12-22 11:31:14,2017-12-22 22:55:05,2018-01-11 15:44:22,2018-01-30 00:00:00
8d4249f9c4a5ab7d9977eb143455ecc5,75b8fb170128aac9596ec842cf844c23,delivered,2018-03-27 11:24:45,2018-03-27 11:35:15,2018-03-27 21:59:55,2018-04-03 19:04:43,2018-04-13 00:00:00
e337cdc735f7a8764df34f678640c7dd,f542817b35df8c87fc0b4b4632804dc9,delivered,2017-10-06 14:03:19,2017-10-06 14:14:25,2017-10-09 20:40:12,2017-10-11 23:18:49,2017-10-30 00:00:00
c3e2a651c8f9d7a02054e2e37e977c1e,cfaee97e3b62357ef1c296faa8553d76,delivered,2017-11-10 12:12:10,2017-11-10 15:51:47,2017-11-14 17:09:07,2017-11-21 19:29:18,2017-11-24 00:00:00
9189b5135ba86608fe0536717bbdecd7,7cb134a263230d3aea87a3cd1dadb890,delivered,2017-02-20 22:26:30,2017-02-22 03:15:40,2017-02-22 07:37:48,2017-03-01 14:25:03,2017-03-21 00:00:00
1f6a5335ecf1406eea5f2cccc0c5946f,6e3fa438b107fb7c1bf375620936f34c,delivered,2018-02-08 20:53:54,2018-02-09 10:11:35,2018-02-14 14:22:12,2018-02-28 16:28:57,2018-03-06 00:00:00
1e15a13757311a68ea317beef704637f,852e01f33c5afc35bbe4c898867ca34d,delivered,2017-05-22 18:54:48,2017-05-23 06:35:23,2017-05-24 13:55:00,2017-06-01 15:06:56,2017-06-22 00:00:00
bdc19e734eab622dbbd2162a226278de,91ef77a365c213f04954c1527081b016,delivered,2017-08-31 15:22:51,2017-08-31 15:35:15,2017-09-01 23:53:38,2017-09-06 20:22:35,2017-09-21 00:00:00
594c468bf0e84130d7184c7c872d7e11,3fa4b9c35684851a5b8ec6c251288fbd,delivered,2017-11-23 07:30:28,2017-11-23 07:37:28,2017-11-24 17:04:55,2017-12-22 23:25:35,2017-12-21 00:00:00
65a8517395a0f289d34b6e0a68b7ef7f,bd54704a25ebeea0a2687d05524db2be,delivered,2017-09-09 23:08:10,2017-09-12 04:26:13,2017-09-12 21:05:53,2017-09-14 21:25:59,2017-09-21 00:00:00
0d529bbb9140716e60d14a05d2cb6f94,de606951e7f41f79b9b145da7a1a0f4c,delivered,2018-03-12 11:50:49,2018-03-12 12:09:13,2018-03-13 19:32:25,2018-03-26 19:05:51,2018-04-19 00:00:00
9f6176aa4bbe4b84f8d786f873be8240,b41fc31f417d54049b838e2bd141e87a,delivered,2018-03-30 12:25:34,2018-03-30 12:47:27,2018-04-12 22:12:04,2018-04-23 21:17:41,2018-04-20 00:00:00
22753d9142475a7d6c0ff3bb991f906f,72783b7570ba3a6ce009c63dce255534,delivered,2018-06-17 12:35:59,2018-06-17 12:58:49,2018-06-21 14:24:00,2018-06-22 18:02:11,2018-07-20 00:00:00
bb54cd6c0fa2df81d9e75265c0229a3c,d2897e735b30a2fcc32eb8f9cf2f9583,delivered,2017-08-06 15:44:30,2017-08-06 15:55:19,2017-08-08 20:28:08,2017-08-14 17:55:46,2017-08-31 00:00:00
f07d4fe6a27830ae74a1a38aeba58602,4b748494a63ac39b38be07d642728949,delivered,2017-11-18 08:06:54,2017-11-18 08:15:25,2017-11-21 12:18:45,2017-11-22 12:29:54,2017-12-01 00:00:00
d192544ec2b865ca0055b5c559bca196,308b338feef346dd463a7940200e4681,delivered,2018-04-24 23:11:44,2018-04-24 23:29:54,2018-04-25 15:09:00,2018-05-02 16:22:20,2018-05-11 00:00:00
862367d9dd9e80263c5b728d8c81b2a6,0dc4b36ad91ad58ad99d1b882176c7d5,delivered,2018-02-09 12:08:29,2018-02-09 12:28:08,2018-02-16 16:29:04,2018-02-20 18:00:07,2018-03-05 00:00:00
0871bd17337f3c779b6ce501af36a4cd,94e7e292dc2dff64425ec4d0f39137c2,delivered,2018-04-16 11:36:50,2018-04-18 02:15:26,2018-04-19 20:58:38,2018-04-23 18:56:24,2018-05-03 00:00:00
011bf86f1b7dacebda2c874333cf656b,e1238987433fd511c3a493ea3d3913b0,delivered,2018-03-09 19:44:33,2018-03-10 19:48:24,2018-03-14 01:38:34,2018-03-21 21:38:35,2018-04-05 00:00:00
38dcb5499d8854b4b2c6dbaaf983f21e,c7eb06383ae604616cb4c9d36fe6745e,delivered,2017-06-01 15:30:51,2017-06-01 15:42:49,2017-07-06 17:03:57,2017-07-19 18:09:30,2017-07-06 00:00:00
6ec753cc542c4392eb956290ddf47369,d1c60f60819bef9ec9b29e681b84ded4,delivered,2018-01-22 17:56:35,2018-01-22 18:16:39,2018-01-24 14:36:32,2018-01-30 19:39:00,2018-02-21 00:00:00
57b1df96c26b2169f7fd925e5c3dc724,8b7cb8eed78725dbc48f10a4778705d3,delivered,2017-03-17 14:54:19,2017-03-17 14:54:19,2017-03-21 13:01:45,2017-04-07 16:10:18,2017-04-20 00:00:00
07c8d74971a3302f6e7d2b0017ffb295,291c7755bcceedb88a87d99fe1d22305,delivered,2017-12-04 16:48:04,2017-12-05 04:17:30,2017-12-07 17:53:40,2017-12-29 14:03:54,2018-01-04 00:00:00
2bd0f8bf1cb2f7cd2197525cc1a0b03b,680bd140f4bbbc2f51d31bda12ab83d5,delivered,2017-05-07 18:36:07,2017-05-07 18:45:18,2017-05-09 08:13:31,2017-05-17 09:58:53,2017-06-02 00:00:00
77f4d78e39e755553e7b18854b074514,d60ed4f86dc65859c6053a3684d3d0e1,delivered,2017-05-01 21:15:21,2017-05-01 21:25:13,2017-05-18 07:27:41,2017-05-19 09:59:59,2017-06-05 00:00:00
8e350e1e4254bd7c68913b98bde7d3a7,f7060c3a8e6970cabb0af29d2864f4fd,delivered,2017-05-19 15:41:12,2017-05-20 15:50:07,2017-05-23 15:48:58,2017-05-31 06:25:38,2017-06-14 00:00:00
a2fbdf69e552d9fcdc7b072c4a6d228d,28fe9f87d0b08da04643718893816b30,delivered,2018-06-28 04:20:25,2018-06-28 04:30:10,2018-06-28 15:28:00,2018-07-03 23:58:38,2018-07-19 00:00:00
07d15c4a386205b033ba176848387b08,58c80172465a0843a5a1873a6fd21061,delivered,2018-03-28 14:31:55,2018-03-28 14:48:03,2018-03-29 22:28:50,2018-04-11 17:28:24,2018-04-16 00:00:00
2f781724d497e0d63c12e8ece70977e1,47fc0b3e8d22c830d7c4f425fa819eb2,delivered,2018-06-14 21:22:06,2018-06-15 02:17:25,2018-06-15 13:37:00,2018-06-18 21:24:40,2018-06-26 00:00:00
2bab21da7cb38da9002fcb361c7c046f,70fc5f35ba613b8e7546dc5d89f99941,delivered,2018-08-14 02:46:53,2018-08-14 03:04:06,2018-08-14 14:34:00,2018-08-16 23:38:46,2018-08-21 00:00:00
d1b32a0715fa2abd2ff4f3ec5e751964,a2d424dcfaa53fa97a98bb99d7700581,delivered,2017-01-24 07:58:59,2017-01-24 09:50:18,2017-01-24 12:28:39,2017-02-06 10:05:36,2017-03-13 00:00:00
b98252d2e216325a07a67e38b1762bcc,a028f7bb1ab74185e4b38afbcdffb64d,delivered,2018-08-22 11:16:54,2018-08-22 11:30:59,2018-08-23 12:10:00,2018-08-28 17:22:24,2018-09-12 00:00:00
e8e35dc6e0c36ff56ab31bb1f55a3d8a,f52f8462f36520f8a5339f87053fc049,delivered,2018-03-11 08:49:47,2018-03-11 09:30:34,2018-03-14 00:12:34,2018-04-03 23:33:38,2018-04-05 00:00:00
c522b045e713a7b8bd172fcc37f116bf,53ecf8a9f341c7f16827509a7b754753,delivered,2017-09-21 07:21:54,2017-09-21 07:35:10,2017-09-21 13:52:53,2017-09-29 18:14:40,2017-10-20 00:00:00
7dca0f77833367de0b5f00ffdd73f382,7c0861799b7fac02a5dcd248e969ceb5,delivered,2018-06-16 13:01:19,2018-06-16 13:19:31,2018-06-18 14:18:00,2018-06-22 20:23:47,2018-07-16 00:00:00
c42fdc1266a0ebdb032e6afaf8320b6a,4b3be93841ef35f823beb3265b173159,delivered,2017-04-09 14:39:51,2017-04-09 14:50:18,2017-04-10 14:41:50,2017-04-13 16:07:11,2017-05-02 00:00:00
8e76f4ac6aee1d6013e40279de68a7cf,e085989aa21e36b90469d6940aefe23c,delivered,2017-08-05 17:52:44,2017-08-05 18:10:09,2017-08-07 17:39:03,2017-08-15 19:59:48,2017-08-31 00:00:00
0c84ff9c3089de63fcc506b71018c31d,50d6bcc25f2532c7a92f144a21187705,delivered,2017-06-20 12:05:49,2017-06-20 12:43:45,2017-06-22 14:56:50,2017-07-06 15:13:16,2017-07-24 00:00:00
53fe06ef88f994c4cd443f9c93ba8117,4a1df5a4506db56dde35b8ad0ec08f40,delivered,2017-09-14 11:37:56,2017-09-14 11:50:32,2017-09-20 13:59:34,2017-09-22 12:59:02,2017-10-02 00:00:00
6b42e6c81cb8d3e2d3dce134a78a3ed6,6daf71f05c643906def34f056eab995e,delivered,2017-04-09 16:40:58,2017-04-09 17:20:12,2017-04-11 12:15:40,2017-04-18 13:41:30,2017-05-02 00:00:00
73de1db8eb6e493c5a6ed60c856a2076,ca6f288f99561aedae10f44e948e7e61,delivered,2017-05-16 20:50:58,2017-05-16 21:02:28,2017-05-29 13:09:13,2017-06-29 16:28:11,2017-06-27 00:00:00
03eae39a27aeab0f8c9ad5b84555a6d1,d91337c4d268a8a9f17bef015ce9af3d,delivered,2017-08-15 10:23:57,2017-08-15 10:45:49,2017-08-16 15:52:28,2017-08-19 16:06:37,2017-08-28 00:00:00
f1e8e2809f03ad9c147c0c8f6283c6b1,315441be1b5e8fdff31b7923041f6a19,delivered,2018-08-20 13:12:22,2018-08-22 10:45:15,2018-08-22 15:02:00,2018-08-24 18:27:35,2018-08-24 00:00:00
105b2c7913d00cfa89da319a1d8a9f12,fa064edddf6e97abbe5c05226bc1b7ea,delivered,2017-11-09 17:39:01,2017-11-10 03:07:23,2017-11-10 21:03:30,2017-11-21 22:33:11,2017-12-06 00:00:00
17697f8b42c55a20565782a3b9c1a595,d2f186ceb055fd3674aa324ef1e43fcc,delivered,2017-11-22 17:10:38,2017-11-22 17:16:33,2017-11-23 18:42:41,2017-11-27 15:12:33,2017-12-08 00:00:00
ac2242227b286f0901eeac585ba06dfd,71774f0ed26a1b0ba894d660c915e003,delivered,2018-01-09 12:53:44,2018-01-09 13:09:57,2018-01-10 12:47:10,2018-01-17 18:14:59,2018-02-06 00:00:00
6648a06c491fb09866fe9080f43894c3,8f882292339b2d49db7de97b3d9d06c2,delivered,2017-03-18 21:15:14,2017-03-18 21:15:14,2017-03-23 14:56:50,2017-04-04 12:52:47,2017-04-27 00:00:00
064895b0b58ab3f84d9d3b0a2b800205,028f1d106a98669a1c0caaf5866f31ec,delivered,2017-09-05 01:11:20,2017-09-07 02:44:10,2017-09-08 21:53:32,2017-09-14 20:35:49,2017-09-27 00:00:00
d86305c284cecff56c7ee9d3fbd4f8d6,0e37385834260d6111727103a93e790a,delivered,2018-04-15 22:53:59,2018-04-15 23:10:32,2018-04-16 23:54:55,2018-04-20 00:07:39,2018-05-09 00:00:00
e4540dca189fca9cd33eb4bac11fb772,63809f81b27c50945386ab37b3e2e9ca,delivered,2018-08-17 11:58:16,2018-08-17 12:10:20,2018-08-17 18:09:00,2018-08-24 12:03:58,2018-09-12 00:00:00
dda7f5aa048d24b2d639d470786b0564,48c73fe43ce5ef6d2be347c14ece9be3,delivered,2017-12-08 11:23:41,2017-12-08 11:31:29,2018-01-15 17:14:59,2018-01-15 23:51:50,2018-01-08 00:00:00
d7dfe1042cd73f6cdd20a71ed7fef816,29f8adf2f91726172c731bc780c3d864,delivered,2017-07-01 20:49:20,2017-07-01 20:55:15,2017-07-04 16:19:00,2017-07-07 15:34:51,2017-07-24 00:00:00
6248b0a9b547366913fb67922a7a2b77,4ae48f8e3942147402a1286118601c83,delivered,2017-01-14 15:11:28,2017-01-14 15:22:39,2017-02-03 10:50:28,2017-02-03 10:50:28,2017-02-28 00:00:00
516044c173990b53b7a49309c39925ce,4394a1ffa060ff84464bcc24ce52e450,delivered,2017-10-20 17:52:50,2017-10-20 18:08:34,2017-10-24 14:41:38,2017-11-10 22:05:44,2017-11-13 00:00:00
cbc6cfe0c05e471513a443490a332128,817b266d9c8e7ef78fe7a9c3f4faacbf,delivered,2017-06-15 21:23:39,2017-06-15 21:35:19,2017-06-16 10:57:48,2017-07-01 12:57:30,2017-07-20 00:00:00
ecf009316e34e996bdfdda7d4b87b21e,3cb04edbb4e95e152836f25c3db1fb4a,delivered,2018-08-16 12:56:56,2018-08-16 13:10:14,2018-08-17 12:12:00,2018-08-26 09:48:44,2018-09-06 00:00:00
8cd5a51ae18b8bbcfd46882f77cc98c5,f4dde3802af44d867d21fe23d5ca3c1d,delivered,2018-07-12 12:05:23,2018-07-12 12:15:23,2018-07-13 10:04:00,2018-07-14 14:21:53,2018-07-20 00:00:00
517378a05081f7b18f04a01a9cb8e866,3b0e38f909bbab56c1be7c0da8c94299,delivered,2017-08-23 11:36:46,2017-08-23 11:46:50,2017-08-23 19:23:52,2017-08-29 23:03:58,2017-09-27 00:00:00
0b0809b2b64511c62fb745fb8b465cc9,56d6082f14bf0030bbc257ee81aaed82,delivered,2018-07-01 17:47:38,2018-07-01 17:55:13,2018-07-04 14:34:00,2018-07-06 17:22:09,2018-07-24 00:00:00
8ab4737e31b330e9244e8e1e9a59000c,ea5e4169bfe8d7b05be4f3fa2754536a,delivered,2017-11-24 08:44:42,2017-11-24 13:13:18,2017-11-25 16:59:15,2017-12-08 23:08:56,2017-12-14 00:00:00
0cf1684e713ddfe42529ec72206b25b3,10665575b485ee952164ddaf090e9f41,delivered,2018-03-11 13:40:54,2018-03-11 14:20:39,2018-03-12 21:20:45,2018-03-28 17:56:27,2018-04-09 00:00:00
d0e7c11999696d6e68df274547d2bd99,47c285be8b7e2871b65807d42e6827df,delivered,2017-05-21 15:02:39,2017-05-21 15:40:06,2017-05-23 14:42:07,2017-05-24 08:25:34,2017-06-02 00:00:00
08a72c88fa7ee3652a339070245b9f1e,f6680f3eef9212ee4ed6650097ec058e,delivered,2017-11-04 18:50:58,2017-11-04 19:05:46,2017-11-06 20:08:46,2017-11-11 16:52:07,2017-11-27 00:00:00
05369626de3379a1a26fa24e22048214,d5f6259a2f0fa2907ce0d47876f0852f,delivered,2018-05-10 11:18:48,2018-05-10 11:51:42,2018-05-10 14:37:00,2018-05-18 22:03:41,2018-06-14 00:00:00
8c81d5854b1977c139c82372fade2084,0c435831112cf4a6540e675f0590f1cc,delivered,2018-02-05 09:06:12,2018-02-07 02:52:32,2018-02-26 18:09:38,2018-03-22 19:18:52,2018-03-06 00:00:00
4726bb2be36557009e1f231af49916e0,510afdc891236e163630afa457975472,delivered,2018-02-14 15:22:57,2018-02-16 07:55:52,2018-02-20 17:46:58,2018-02-22 19:55:14,2018-03-01 00:00:00
4c5fb984844ad48dc34f8acf42eb0eda,14e4fd056129b209f512b1070b405ccc,delivered,2017-03-26 16:45:59,2017-03-26 17:02:14,2017-04-05 16:54:52,2017-04-19 09:39:03,2017-05-05 00:00:00
785bfd330f7cc6cfba69cf7ee360fe47,b903ffc665d9abfd2ceaa052d8da5642,delivered,2017-06-03 00:29:40,2017-06-03 01:22:42,2017-06-05 11:46:46,2017-06-08 11:28:28,2017-06-28 00:00:00
6ee3c291219411d6da1a62f056058fec,30bd76fb68ee3d13408ce871e8cabd2e,delivered,2018-06-04 20:26:21,2018-06-04 20:50:41,2018-06-05 14:16:00,2018-06-07 17:57:40,2018-06-28 00:00:00
2fb18b13a1be48e919574ffb28831cc8,f2411713e298062d0de1a00dd767a335,delivered,2017-10-01 20:41:42,2017-10-03 09:49:33,2017-10-04 21:07:45,2017-10-08 17:10:18,2017-10-24 00:00:00
8c2b7afd2cfc8fe9a8570263718ad09b,19a06d501ee9f39a4e1e0b162fdbd6c1,delivered,2018-02-04 01:43:58,2018-02-04 02:43:30,2018-02-16 19:48:29,2018-02-19 21:33:47,2018-02-21 00:00:00
039df018e03e7c5db83bace2fa6af002,8bc6d4441da1f5ad07e433a76c8f0606,delivered,2018-05-16 10:33:18,2018-05-18 04:35:53,2018-05-18 14:42:00,2018-05-21 19:28:47,2018-05-25 00:00:00
6db6009ebbcd3dd392a0b9fdc4cec226,3136355c994d4e466d7b7fc497727e1a,delivered,2018-03-05 03:46:57,2018-03-05 04:40:18,2018-03-08 16:26:40,2018-03-14 16:41:18,2018-03-21 00:00:00
cd03e8cd71dabc46caecc93fe7a25ff7,6a3821f955884ec84dc18a8a5842e912,delivered,2018-04-30 14:20:33,2018-04-30 14:35:10,2018-05-02 19:01:00,2018-05-03 15:23:06,2018-05-21 00:00:00
b79c15d698bc94cd61de571f5c6cbcb2,378815af7b0dd095845b35bec5a520dc,delivered,2018-03-31 12:55:42,2018-04-01 12:50:22,2018-04-03 14:32:56,2018-04-10 20:31:58,2018-04-23 00:00:00
e9c638926bb5ae1721803a4947acd5dc,9797bed4994ab39ad940b6e7b0c67536,delivered,2017-07-06 01:37:52,2017-07-06 01:45:11,2017-07-12 13:52:13,2017-07-27 20:16:39,2017-07-28 00:00:00
77753877bc8a33a740fcfdd1c93a6a83,bf4f9e26fbef3fa9a8085c93b4468812,delivered,2018-01-22 16:19:09,2018-01-24 02:53:19,2018-01-24 18:09:24,2018-01-26 20:19:06,2018-02-06 00:00:00
5d3f222240daf1828555fdd6fe03acc7,4d8cc2879f5397191606002e0a23d373,delivered,2018-04-03 11:37:07,2018-04-03 20:15:18,2018-04-05 21:19:24,2018-04-11 21:17:30,2018-04-26 00:00:00
f503049e1fdf861c98ca1668862c3534,3168bb8e970498755f8d2dd7383c8d46,delivered,2017-09-25 12:58:12,2017-09-25 13:10:32,2017-09-26 16:47:04,2017-10-08 13:22:07,2017-10-24 00:00:00
17072870cced0e2db845c2cc0bb385e7,eeac13acd9226d9a1868dd7968248978,shipped,2018-02-02 14:51:38,2018-02-02 15:18:01,2018-02-03 15:28:39,,2018-03-07 00:00:00
8de50bbc56062ea401a2c61c36f46585,2b5734a6ed90ad9c1ae03b178a28d7e7,delivered,2018-08-08 09:44:01,2018-08-08 10:05:04,2018-08-08 13:45:00,2018-08-28 21:25:30,2018-08-27 00:00:00
50bbc4c166ca3f048fea8fb9ad63d625,e77764740f22b4cb02f83070bc68a49f,delivered,2018-08-08 10:29:26,2018-08-08 10:45:46,2018-08-09 12:25:00,2018-08-13 18:52:05,2018-08-20 00:00:00
4831214da07f7723b1d22426e0b4151e,274f29b3018839c147846f8033403f5e,delivered,2017-06-29 21:52:35,2017-06-29 22:05:41,2017-06-30 14:19:57,2017-07-13 18:13:04,2017-07-21 00:00:00
2a1c6a5612d7f6ef30ac8905ab262074,63c0620dcfe9f60f8370b002127de65b,delivered,2018-05-17 16:47:12,2018-05-19 03:12:37,2018-05-21 15:24:00,2018-05-25 16:43:46,2018-06-04 00:00:00
a48286edf7e187e446293ea0ff08f2f9,b6374654189195ea4cbb2ff50cdb8f7a,delivered,2018-02-24 17:59:01,2018-02-24 18:10:33,2018-02-26 22:16:58,2018-03-13 19:18:28,2018-03-28 00:00:00
64da8ff64967de481400af6d6c0b059a,12ef340be64f76b4fbee7ea1209c6e9d,delivered,2018-06-13 11:36:16,2018-06-14 02:57:37,2018-06-14 10:18:00,2018-06-22 20:38:49,2018-07-17 00:00:00
170bcd63e3232e54611bd455d3fb5ab0,f93fc2d3624771f9f21e67d3801dcb3b,delivered,2017-11-23 22:04:55,2017-11-23 22:13:08,2017-11-28 16:46:58,2017-11-30 17:32:59,2017-12-13 00:00:00
aafd191085488777c9d6b1aa8335ddd7,6e4e92020773c17f824fcec1f80d11ef,delivered,2017-05-02 21:33:57,2017-05-04 02:55:44,2017-05-04 13:37:30,2017-05-15 13:21:50,2017-06-01 00:00:00
5b50a37bcb60ebf07ba7013df48b11c4,fb65e3e167bf3b2f7d2ba5b7a140e045,delivered,2017-08-21 15:32:45,2017-08-21 15:45:50,2017-08-28 21:32:53,2017-08-31 17:42:57,2017-09-13 00:00:00
c96b35cd51435c8c1e70c89a5ad976b3,eb6c2016db590aefde406e79651a4e8d,delivered,2017-08-24 22:39:14,2017-08-24 22:50:23,2017-08-25 14:47:38,2017-08-28 20:45:23,2017-09-15 00:00:00
ccd4eb95e68cb64e666ddcb84f8dfb1e,daac514ffdd2cc0cda0e9686c63a9cad,canceled,2018-03-05 22:57:35,,,,2018-03-21 00:00:00
615d69cac226ded6b44842350797744e,542db4871a9bf57277abb73a1b3305ae,delivered,2018-04-09 22:47:50,2018-04-10 01:30:59,2018-04-10 18:51:31,2018-04-12 19:56:24,2018-04-25 00:00:00
f8813be969dfa2d97ee44b025c9bcaf3,69c332bdd81e457614a7674cfd817a4b,delivered,2018-01-13 22:50:18,2018-01-13 23:09:02,2018-01-16 19:03:17,2018-01-25 18:43:19,2018-02-05 00:00:00
e21ac3b366d8ae9dce431413dbc2ccc0,ac2336f577ea9ad5366371299b4d02d7,delivered,2018-05-21 16:57:43,2018-05-21 17:56:21,2018-05-24 07:24:00,2018-06-06 21:38:27,2018-06-06 00:00:00
3f5bef65e86c9d1a2c8ff430a74cc202,4b3cbee5332b899b4061c6b02f38c1c9,delivered,2018-04-11 18:52:28,2018-04-11 19:10:33,2018-04-12 20:28:33,2018-05-14 19:28:23,2018-05-11 00:00:00
8e65781b8f5e21774c8d7b09dd79b964,d8a57f7152478c218e0e41c0274edddd,delivered,2018-05-16 22:00:18,2018-05-16 22:16:19,2018-05-17 14:59:00,2018-06-07 00:04:01,2018-06-05 00:00:00
15e8f1d0967f04f82bb45fad40cc1e9b,7ab2b5c19e7ff01f62bbf41381ce8bf8,delivered,2018-03-10 08:45:33,2018-03-12 17:35:50,2018-03-14 23:57:35,2018-03-29 19:39:02,2018-04-12 00:00:00
753276a5b8f820bbd0000f93b319bc0c,2de708d8a4c72f8f6d323596f4c95e99,delivered,2017-12-06 20:43:07,2017-12-08 02:37:25,2017-12-12 12:23:39,2017-12-22 17:24:57,2018-01-04 00:00:00
3181b28c176033ffaf02f2dc62b1db89,61bfb3b95d736b9e9eb50bec324368c5,delivered,2018-03-14 12:59:50,2018-03-15 03:29:29,2018-03-15 16:07:47,2018-03-16 16:26:26,2018-03-26 00:00:00
5f3cc66c9f5ac196a1f367c0fa52695f,8075feaa22dee29aea1e3da2ad29e5fc,delivered,2018-02-21 20:35:10,2018-02-21 21:20:19,2018-02-22 21:04:22,2018-03-21 21:21:49,2018-03-14 00:00:00
6baf65efe2c7c4b1641a061fa14fb621,b31906ef88a33db8378664ff5dbc1730,delivered,2017-11-03 17:25:26,2017-11-03 18:30:26,2017-11-06 21:17:03,2017-11-13 20:47:50,2017-11-24 00:00:00
145e208aa1770c67fd155eb6b4084372,31a5e21fde387c4545d4eb63f6d1b201,delivered,2018-07-10 00:32:48,2018-07-10 00:45:35,2018-07-10 18:07:00,2018-07-11 20:19:45,2018-07-25 00:00:00
32b34a1a1642bd401996260030618dfb,e8d994960222368ac5e42a9109cffb19,delivered,2018-05-02 16:34:47,2018-05-04 03:52:03,2018-05-04 14:34:00,2018-05-11 20:06:50,2018-06-07 00:00:00
d887cb83cb643b2b98e4f1711d99d4cc,f33df2d18c4e537dbde59cd62fadc3f1,delivered,2018-03-20 23:19:05,2018-03-20 23:35:31,2018-03-26 16:23:51,2018-03-27 19:51:45,2018-04-02 00:00:00
28b5a8448f2c66df4f63a8642ea8a371,acfa4046c3a1b729f29bf47e05d12717,delivered,2017-04-30 00:26:00,2017-04-30 01:25:18,2017-05-02 14:23:21,2017-05-13 08:24:28,2017-05-25 00:00:00
bccd2d8148d8b6d16ff20e79647db81f,e6af1b4ec006c85ce9a716bef2a28d7f,delivered,2018-04-10 06:58:27,2018-04-10 07:35:12,2018-04-11 19:36:27,2018-04-12 20:03:13,2018-04-20 00:00:00
e32d9626a1453e6287c515aac985098f,e7892cc507b3a2e9fe53385ee5509351,delivered,2018-03-25 19:15:31,2018-03-25 19:30:31,2018-03-27 01:36:30,2018-04-05 00:22:48,2018-04-18 00:00:00
28cf0d3a2917f031ecf4715669a2dfad,0e5ab442b393bd2552068b745c456079,delivered,2018-06-15 07:01:23,2018-06-18 11:15:28,2018-06-19 12:33:00,2018-06-21 18:38:29,2018-07-05 00:00:00
1bae3477022e0394ab9af1d25a242fd0,c168abb9077b7821adae01dc1f0886c5,delivered,2017-12-18 08:52:09,2017-12-18 09:11:59,2017-12-20 12:59:02,2017-12-30 10:53:09,2018-01-18 00:00:00
6e0a631dd4ced6d6f1bb087e0f9a648b,01aefa3a069cf73167ddbe7725755c2c,delivered,2018-05-04 12:50:04,2018-05-05 02:53:51,2018-05-07 13:32:00,2018-05-10 18:58:21,2018-05-22 00:00:00
42faea0e8fde3945ae5c85e245ea9726,445a038c22d0c71bb072ab8b21f80252,delivered,2017-11-25 11:51:50,2017-11-25 12:12:55,2017-11-28 00:05:39,2017-12-07 22:28:58,2017-12-19 00:00:00
f9ac6a2ab423a15620d4ae10b33ce854,e585e617f8b774b83b7f22efa7715686,delivered,2018-06-26 17:42:34,2018-06-26 17:59:07,2018-06-27 08:50:00,2018-07-05 17:23:46,2018-07-27 00:00:00
b4d859fb4b08bfe5535ae5c37e658715,966b9cbe267afb17f5da34ba905a34fa,delivered,2017-11-28 09:42:22,2017-11-28 09:58:45,2017-12-01 19:28:57,2018-01-16 19:48:06,2017-12-22 00:00:00
d1a9489720f6071530979a98e14b2772,eb145cd67c4e238afb003b9017111f0d,delivered,2018-05-14 22:17:39,2018-05-16 03:15:03,2018-05-16 14:44:00,2018-06-02 12:58:46,2018-05-30 00:00:00
505a00852bc2f5b6d0b53b7a04c2fbad,075560cf9df80d1ad1d32ad2e972dc29,delivered,2018-03-09 10:14:36,2018-03-09 10:29:24,2018-03-09 20:32:04,2018-03-21 13:56:29,2018-03-27 00:00:00
f66098258f2a0ec8b2836377097fd48a,49c5edaa0c1b454a55e3803945367f3f,delivered,2018-08-09 10:03:11,2018-08-09 10:15:20,2018-08-10 15:05:00,2018-08-11 10:34:30,2018-08-14 00:00:00
860a0b75eb5bc3425aaa22d49c7a2156,a2774f30e21be537815251bba41cd096,delivered,2018-01-04 08:06:12,2018-01-04 08:32:00,2018-01-09 15:23:17,2018-01-16 21:18:24,2018-01-29 00:00:00
56e7d463a96db09e951999dd6e74f136,cafc7a4213e990eb268de2f8d0095948,delivered,2018-07-22 22:17:53,2018-07-24 11:32:33,2018-07-25 15:41:00,2018-07-30 17:22:41,2018-08-07 00:00:00
5a369b11eae91cf552807c13a44a8878,8dc9a06063f0457dec7dc9951e8ad761,delivered,2018-04-24 13:44:27,2018-04-25 13:52:23,2018-04-26 14:22:00,2018-05-15 12:08:51,2018-06-06 00:00:00
4a7ba6325c33a13c0b278d17d8852b60,97695065d34f80b2740f3b21f7b58493,delivered,2017-05-25 18:10:22,2017-05-25 18:22:46,2017-05-26 14:28:13,2017-05-30 11:21:39,2017-06-19 00:00:00
ca7a8803c5feb9da44e133b9f9626dc3,2236cfc9eb37bfbaf04e45dff2f8b4aa,delivered,2017-05-29 12:01:24,2017-05-29 12:15:21,2017-05-29 13:10:53,2017-06-09 08:17:50,2017-06-22 00:00:00
b90c1e9ed0e0b7a17f371bc44ae1f0a3,a184af958c6e57315ba863df407a9dca,delivered,2017-04-16 14:42:59,2017-04-16 14:55:17,2017-04-18 14:14:47,2017-05-10 14:34:56,2017-05-24 00:00:00
b191371f63985b422b67013b16816063,5114e5f07499661d3c1516419b611d8b,delivered,2017-08-24 16:20:55,2017-08-26 02:06:12,2017-08-28 19:47:40,2017-09-06 17:59:46,2017-09-18 00:00:00
402aa244b88b67e5cc97b78f03488534,ce5b4e25d215256b0416af19bde155a6,delivered,2018-06-12 21:30:46,2018-06-12 22:01:07,2018-06-13 15:11:00,2018-06-19 01:05:40,2018-07-03 00:00:00
1a2442f225e9147e717dfaa6a93058d4,ec4e8c560d69abf146f76ff39823050d,delivered,2017-03-20 22:21:57,2017-03-20 22:21:57,2017-03-21 15:54:30,2017-03-24 10:50:15,2017-04-06 00:00:00
1fc81b1074b61a259529663946b10a32,bb923a84f897c7ffc3d03eb905f7eddf,delivered,2018-03-05 17:08:53,2018-03-06 18:30:38,2018-03-08 12:28:59,2018-03-28 16:39:11,2018-03-26 00:00:00
785606fac0b9ddad139f521a70452ca8,708b5721496545c5e8dae3f7b8e677c9,delivered,2017-09-09 08:44:50,2017-09-09 08:55:11,2017-09-12 17:35:07,2017-09-22 20:57:44,2017-09-29 00:00:00
46e9d7656b730f837d195fbd5c2e8124,01681beb55e1150f18db54277a5508e3,delivered,2017-09-20 22:44:24,2017-09-20 23:04:40,2017-09-22 15:41:44,2017-10-10 23:43:27,2017-10-17 00:00:00
2bdd95b017c58f97f4e735116e778d28,24581467d0bfc119d33575ece54987b2,delivered,2017-02-08 21:49:49,2017-02-10 02:43:16,2017-02-10 12:25:32,2017-02-14 14:03:09,2017-03-07 00:00:00
5be3372596502bec6eb23cf7c68c1b9f,cf6d71e407921204f7013d828c25fb28,delivered,2018-03-21 22:08:15,2018-03-21 22:27:39,2018-03-23 19:54:51,2018-04-03 01:40:45,2018-04-09 00:00:00
e70116b2aaa3b5a9ad56b97a2c4797c7,ccca7234c41036e347065fa34973201c,delivered,2018-05-16 10:52:46,2018-05-17 08:36:37,2018-05-17 11:13:00,2018-05-25 16:08:43,2018-06-07 00:00:00
24bec7bd3d098472031fe54a30488c3b,0ffe361717c277fb8ea8c2dfc8f5601c,delivered,2018-08-19 13:46:30,2018-08-21 04:35:23,2018-08-23 14:25:00,2018-08-24 19:59:01,2018-08-24 00:00:00
58cb19858693389b8a5070ce73daa04c,5683bcbefc1e615259326f845d5ecc6e,delivered,2018-04-15 00:34:05,2018-04-15 00:53:19,2018-04-16 18:51:45,2018-04-17 18:47:42,2018-05-03 00:00:00
dfaba9e54da21d5c9ca002e103b5496a,e7371fbd9ae2588b4557034d8511bea3,delivered,2017-03-14 15:11:14,2017-03-14 15:11:14,2017-03-15 13:31:10,2017-03-24 15:06:05,2017-04-04 00:00:00
6a4b5d63051de8243001f5daa42383f1,2f642b897502ed15302733ddeb7c970b,delivered,2018-02-14 10:26:21,2018-02-15 04:07:56,2018-02-15 22:08:07,2018-02-26 16:19:35,2018-03-08 00:00:00
b9fbe4b4e0e872ccaa4e477d2a4751a3,24b175fe0f414529d36372ffbb5b2768,delivered,2017-11-25 00:25:30,2017-11-25 03:17:21,2017-11-30 16:08:48,2017-12-02 19:15:14,2017-12-15 00:00:00
0775e96080c552251cd76472d32e0c83,b301495c792065eaa3c4fa6f11bb0407,delivered,2017-09-06 01:29:21,2017-09-06 01:44:00,2017-09-12 17:51:42,2017-09-19 14:33:10,2017-09-29 00:00:00
57bb96756a091d53147f4738f8ff09d7,faa2b1263bdcf8066d313b33a309a671,delivered,2018-05-13 16:23:24,2018-05-14 16:36:36,2018-05-15 12:38:00,2018-05-16 21:16:46,2018-05-23 00:00:00
b1efe5ab6f4610dc50fd9e55e4269b58,a8358cb0d9cfc5497bc084dd0adefda3,delivered,2017-12-03 22:50:40,2017-12-03 23:31:23,2017-12-05 09:05:05,2017-12-17 11:37:15,2018-01-05 00:00:00
24bbb34026408087d5c21cdc3743028e,557ca53d56e4cd7f3ac2ba132c7540f1,delivered,2018-01-21 11:38:37,2018-01-23 03:39:36,2018-01-25 20:35:44,2018-02-02 10:54:39,2018-02-14 00:00:00
07b0c48ffce8f9ad9878efed80bb428d,c5405d705481710dc8ff8760b7a9da0d,delivered,2018-08-16 23:34:39,2018-08-16 23:49:46,2018-08-17 12:05:00,2018-08-27 18:03:26,2018-09-18 00:00:00
175f0e4be32fba394c8d7df818ed8425,2eb5d00803617f610fea5020ec8fd04c,delivered,2018-02-25 23:23:54,2018-02-26 00:00:28,2018-02-27 09:12:48,2018-03-20 17:46:59,2018-03-21 00:00:00
ebb2e4c3a4ed0d36a88cb8656e6a113d,b1737c34c3a1db8806af041483301a7c,delivered,2017-11-27 21:35:51,2017-11-29 02:22:12,2017-11-29 15:03:23,2017-12-05 23:47:07,2018-01-17 00:00:00
22ed88d1bb8f6269236b8cd268490156,d03487effbe8d229d2a1570825e199d3,delivered,2018-05-10 02:52:41,2018-05-12 11:54:20,2018-05-14 14:23:00,2018-05-17 17:32:51,2018-05-24 00:00:00
8f1327c6715c7cc4ed142be589174903,bbf168d9d23ef1862002ccf1b0190712,delivered,2018-08-05 19:16:54,2018-08-05 20:31:11,2018-08-06 15:47:00,2018-08-23 13:48:52,2018-08-15 00:00:00
3fc21839ff46deb51ed5e5d0d549923a,b1173bd14fa71771c6a4219a69cb5559,delivered,2017-05-20 15:52:55,2017-05-20 16:05:19,2017-05-22 09:57:55,2017-05-29 09:45:36,2017-06-09 00:00:00
746cf3b6660fe1ca773eec7f281e0bea,2aa4972d38b9418e02aeae209f12a074,delivered,2018-01-17 10:07:24,2018-01-17 10:15:22,2018-01-17 18:05:33,2018-01-18 22:52:23,2018-02-01 00:00:00
2bd9bddf117b28b0736de5b81eea032c,752a1e24b22edf31a897379138ad174d,delivered,2018-08-18 10:45:40,2018-08-20 11:30:03,2018-08-21 14:05:00,2018-08-27 23:32:27,2018-09-04 00:00:00
f138b65dbccee43e2a1720d752d78897,32ccfd7c658a49028d4be5ba326650e0,delivered,2018-03-28 20:44:22,2018-03-28 20:55:26,2018-03-30 00:12:09,2018-04-07 18:32:34,2018-04-10 00:00:00
505f19ae28f4c808af9275206b5b7c49,c6cb51cd87af99f44bee9e0890d09959,delivered,2018-06-22 20:44:40,2018-06-22 21:17:43,2018-06-25 15:25:00,2018-06-26 19:42:32,2018-07-05 00:00:00
8c404744f757953fce7d97630970d045,83301211abd18388306aeb026e60f753,delivered,2018-03-07 12:49:40,2018-03-09 02:10:41,2018-03-09 21:38:45,2018-03-23 18:53:50,2018-03-28 00:00:00
d043a3bb843a11bb2f3a826771849ec4,1d4141882e86028ee4751bb58410b53a,delivered,2017-04-26 22:29:41,2017-04-26 22:42:29,2017-05-08 15:40:15,2017-05-15 08:13:40,2017-06-02 00:00:00
b1af0e84814ea77191dddbb863dc896a,217caae919f80154b36236bc0db9f9b6,delivered,2017-08-11 09:12:37,2017-08-11 09:25:09,2017-08-14 16:47:28,2017-08-22 23:37:45,2017-09-11 00:00:00
ef85abe875a2c11ed5321f610f7afa28,b364374999f56fe16589dd6eeaf7f0b0,delivered,2017-04-25 16:43:25,2017-04-26 16:50:17,2017-04-27 10:32:55,2017-05-18 15:52:26,2017-05-12 00:00:00
8a9c4879d3cde9fe810bdc06fb38b671,7dbd177b3fa902ebeb7755430b402694,delivered,2017-08-01 12:56:53,2017-08-01 13:10:16,2017-08-02 20:52:09,2017-08-08 16:35:57,2017-08-30 00:00:00
0d266849a05d14eb00b7c5db250a2943,1155c9657f8dd0bef9cd816ec66452a1,delivered,2017-07-14 09:26:37,2017-07-14 09:43:50,2017-07-14 18:21:29,2017-07-25 18:27:53,2017-08-07 00:00:00
24478be9ca0e4fb3515ac0403e35ad82,6f62ed8dd1a90e684d370c234e5383c8,delivered,2017-10-26 02:13:58,2017-10-26 02:28:10,2017-10-27 22:14:58,2017-11-10 19:22:09,2017-11-29 00:00:00
6a30e349ceba14fcd64f13c3fd62aed3,3a011cc7716b214b68664fa2a3283d79,unavailable,2018-03-10 01:56:16,2018-03-10 02:09:37,,,2018-04-12 00:00:00
2e923e20cebdf4b6180a30475a3eed12,b5def42592240bfc33d93b7ccba361c1,delivered,2018-06-16 19:54:35,2018-06-16 20:18:52,2018-06-21 13:47:00,2018-06-28 18:21:13,2018-07-27 00:00:00
6fb3c0067e08ce7dfcdb62ebce42bb71,a392a5a50d925d036ebc7d6760fa73f0,delivered,2017-06-02 21:18:38,2017-06-02 21:32:52,2017-06-05 11:45:34,2017-06-19 20:47:31,2017-07-05 00:00:00
f1f8ad6699e72bbab0ca848700236de8,1574a3dd0c2def0f975a579f1a906e3e,delivered,2018-06-20 20:43:16,2018-06-22 02:58:22,2018-06-22 12:46:00,2018-07-06 00:05:21,2018-07-13 00:00:00
65f4d9e4822b4f34980ad36f71a08dad,b634d4732846c7f15917a55b83c22678,delivered,2018-08-07 16:55:38,2018-08-07 17:05:12,2018-08-08 15:23:00,2018-08-22 17:36:57,2018-09-11 00:00:00
803ae00f21f22b053d07d2dff0cd1101,a7ed5e3d82385c7fdd671d1f3fa5163e,delivered,2018-05-17 10:25:59,2018-05-17 12:31:59,2018-05-18 10:01:00,2018-06-08 21:12:16,2018-06-13 00:00:00
72306b6ce07a9860eab715afd663dd73,41dd55a5cc1d3ee4e4cd29c5049078ac,delivered,2018-04-01 14:52:12,2018-04-01 15:08:30,2018-04-05 21:18:39,2018-04-30 14:58:36,2018-05-07 00:00:00
c7e5f8183f0f4c7cc783a31e32679e8b,8c38322116938e0c957f2a8a068fa612,delivered,2018-08-10 14:12:31,2018-08-10 14:25:12,2018-08-14 07:33:00,2018-08-20 14:24:46,2018-08-24 00:00:00
1674cd4deb921f97a794a8401ce9017b,710f531a591d1042892eb71a78499cd5,delivered,2017-12-18 18:30:40,2017-12-18 20:31:27,2017-12-19 19:47:06,2018-01-04 20:13:44,2018-01-18 00:00:00
333d224f4b2d2604e6cfd777af5270d2,003cbe6a43560a8b6fd2c07531257c2d,delivered,2018-02-01 14:05:22,2018-02-03 02:53:35,2018-02-06 22:16:56,2018-02-28 10:39:09,2018-03-06 00:00:00
e532ac56b1b0c1d0a55077a82db29049,987d8779977d437c9cd0a258b4ed9c90,delivered,2017-06-20 00:24:04,2017-06-20 00:35:22,2017-06-20 18:50:54,2017-06-22 13:22:54,2017-07-03 00:00:00
f49f2ab05c53d4b13cafacf2cef7c266,8c23dbbb9406d2481448148ebc710ef5,delivered,2018-06-17 15:04:59,2018-06-17 15:40:38,2018-06-18 10:05:00,2018-06-21 18:08:23,2018-07-16 00:00:00
c729a2c3dd65a6880f7d4c57d792fa48,73ccf5f60adea302cf3e6deb81dc3b15,delivered,2017-10-06 21:54:56,2017-10-06 22:07:23,2017-10-20 21:08:45,2017-11-01 22:12:11,2017-11-03 00:00:00
06c4d1be000d2b0d30d56ff06dab667d,93db96687b16132297af1de44d17e01b,delivered,2018-02-08 21:53:13,2018-02-08 22:08:58,2018-02-14 20:15:21,2018-02-22 23:22:47,2018-03-09 00:00:00
96ad1339a836acd49229ab6564bfba8f,2d4e9c0e42af45f4b002376d45f7d46c,delivered,2018-06-17 21:11:28,2018-06-17 21:37:56,2018-06-18 14:28:00,2018-06-19 18:55:52,2018-06-28 00:00:00
60a28eb91eb313b6113313511e38a87d,1b324631d216d08777a7e14bf1dbd008,delivered,2017-11-16 19:37:34,2017-11-17 17:30:32,2017-11-20 16:38:20,2017-12-08 14:33:52,2017-12-11 00:00:00
fbc769defaa6da4bbabdbbb7c93feccf,da5ee995dc45623f40c45d715502e09d,delivered,2017-07-22 13:57:25,2017-07-22 14:10:18,2017-07-31 18:56:32,2017-08-03 16:43:01,2017-08-10 00:00:00
fc12a57ca0e1e2e7dd16b215f473c70a,228c05590301d865a158253d3b5d2350,delivered,2017-07-03 14:09:07,2017-07-04 03:43:32,2017-07-07 18:56:34,2017-07-13 21:51:40,2017-07-21 00:00:00
261033841f1c6e15f180ad43e885d845,d8b900bd29f82bca2be3ed286d2570bb,delivered,2018-06-18 10:57:01,2018-06-18 12:18:38,2018-06-25 14:13:00,2018-07-04 16:58:41,2018-07-19 00:00:00
c94aabd5205ddd8647579a7bdebd6992,4aaee5e291f07b23b75b11f67bd9c776,delivered,2017-05-20 10:30:23,2017-05-20 10:42:55,2017-05-26 10:08:02,2017-05-31 12:20:00,2017-06-14 00:00:00
a605a7cf5180284bea895720b8515040,8946bb7694a658f8a6424ff87380f7f2,delivered,2018-04-26 14:37:17,2018-04-26 14:51:49,2018-05-03 15:41:00,2018-05-12 15:20:49,2018-05-25 00:00:00
fc8fa04a6621b92f945b8d0224feac74,17902228ca51ded3c5b9f6dbdef80d6d,delivered,2017-09-18 12:46:24,2017-09-18 13:04:18,2017-09-19 13:38:35,2017-09-20 18:42:24,2017-10-02 00:00:00
c3f309f7d0ad0cf3b17a58447ed8ade8,ada29697efaa03be520885ccccf7c42c,delivered,2017-11-01 10:41:42,2017-11-01 12:55:29,2017-11-03 21:07:39,2017-11-17 20:32:21,2017-11-29 00:00:00
5372c7c1ae934292748159d8d0f0d6bf,72c0a5b5eeff366eab8c72c021f961cf,delivered,2018-05-24 17:25:14,2018-05-25 12:17:16,2018-05-25 14:03:00,2018-06-08 17:26:04,2018-06-19 00:00:00
ac21bec6ae437954a28c4db16dd5737f,d24a42b429025967e6db9734a049d995,delivered,2018-08-09 08:11:21,2018-08-09 08:50:52,2018-08-09 14:53:00,2018-08-14 22:28:54,2018-08-16 00:00:00
551dc720414dea175fabed81e4ada2c0,767b211fa7fa4e806f88b15c54c692bb,delivered,2017-05-30 15:12:14,2017-06-01 04:10:16,2017-06-02 09:43:57,2017-06-05 15:00:03,2017-06-16 00:00:00
7e708aed151d6a8601ce8f2eaa712bf4,033fab69968b0d69099d64423831a236,delivered,2018-06-02 18:37:14,2018-06-02 18:51:31,2018-06-04 13:42:00,2018-10-17 13:22:46,2018-07-13 00:00:00
6f4016e726a9987c48a94f9c2e26898a,2b829a337fad82db503dba0855ddb3ef,delivered,2017-11-21 23:58:55,2017-11-22 00:07:14,2017-11-23 19:02:58,2017-12-08 17:42:56,2017-12-12 00:00:00
57313d913bef6f44066214ef78d4ca65,941d742e4a457892ce8c3190221bd37b,delivered,2018-08-21 05:26:43,2018-08-23 12:35:23,2018-08-24 06:58:00,2018-08-27 12:34:31,2018-08-27 00:00:00
6909a8c6873376d008cc1a51fc63dd98,1ad1f7447997c496a5381aa0d762a7e3,delivered,2017-11-30 17:34:02,2017-11-30 17:58:44,2017-12-05 14:37:04,2017-12-14 19:12:44,2017-12-27 00:00:00
db7698489d1a82bb9b7d8220eae5f708,cb177a0cad6d0debf72041b70b6ca9f5,delivered,2018-07-17 10:00:49,2018-07-19 04:42:37,2018-07-19 14:29:00,2018-07-24 17:28:39,2018-08-03 00:00:00
fca198bd1d114ed57b786f347a0e4a61,aa664b5b74721f18d25d5c15b68b5093,delivered,2017-07-04 13:07:02,2017-07-04 13:15:19,2017-07-07 15:57:52,2017-08-01 18:43:28,2017-08-03 00:00:00
d2783b3ae3458b44a4ab7cc0169bbde6,b24013868be3e363721503d466163c0d,delivered,2018-08-06 18:11:48,2018-08-07 04:44:33,2018-08-07 14:32:00,2018-08-09 22:57:27,2018-08-15 00:00:00
5a72b18541d7405e2725f184e99651fd,00fd7dfb540f22f5fa85fe9ecfb82fd3,delivered,2018-02-05 23:17:11,2018-02-07 02:52:20,2018-02-08 22:38:36,2018-02-23 18:52:24,2018-03-14 00:00:00
1f1eea532cdd1978a4a9438a5373ebca,e192295a80bc140473d53f22afc589f4,delivered,2018-06-17 12:33:48,2018-06-19 04:16:58,2018-06-20 13:56:00,2018-06-22 16:18:49,2018-07-03 00:00:00
c50c0ae5e7fcdb752cc2d1c9e357c82b,23924369eed2be1c4c4dfd6725aa0fd5,delivered,2018-04-22 21:32:09,2018-04-24 17:13:21,2018-04-24 16:10:45,2018-05-10 19:18:39,2018-05-21 00:00:00
378ef8f4017a5eb7204730698cfeec60,f2a9ee3acd72f7a46d1a0428c890f5aa,delivered,2018-07-20 09:52:39,2018-07-20 10:05:16,2018-07-20 12:25:00,2018-07-24 16:08:50,2018-08-23 00:00:00
279976cba5252901895ff5af44890cca,fd1e9f0b9121a3c03c0d46907debc26a,delivered,2017-01-30 17:33:05,2017-02-01 04:35:05,2017-02-01 15:26:04,2017-02-17 11:47:39,2017-03-10 00:00:00
8711e162ef4e4e3a2e036a5ea880b844,ffa2449ce37e10c87dbdd64149e6ddde,delivered,2018-02-22 09:05:27,2018-02-22 09:15:31,2018-03-07 23:03:50,2018-03-24 13:08:29,2018-03-14 00:00:00
31b1f7b1f6a38b7732272da5484ad1c6,3a0ecfe52b994b2589fb52ced98d8166,delivered,2018-02-11 23:34:26,2018-02-11 23:50:30,2018-02-14 22:28:56,2018-03-09 17:32:22,2018-03-16 00:00:00
a9a3a08d9eaa247fdf8b512c41c32b7a,2316d5b658d4d37ff1b93eb9a9374158,delivered,2018-04-27 04:17:50,2018-04-27 05:00:24,2018-04-27 14:25:00,2018-04-30 21:05:28,2018-05-25 00:00:00
6ddb004a75be2f9f5ff513839665267d,7ca34205b38053505f971f4545081027,delivered,2018-05-23 09:40:13,2018-05-24 02:34:57,2018-06-11 09:07:00,2018-06-28 16:05:12,2018-07-03 00:00:00
197e823afa23ea796ca722cc9465c923,b940eb430a669d018ef1d9e457bda1b2,delivered,2017-03-03 10:17:51,2017-03-03 10:25:14,2017-03-08 10:18:30,2017-03-13 13:44:21,2017-03-24 00:00:00
71a18f4279fdaf6704d2edbe33065085,ce1e86a6d856ca200eec30b35ef6f1f6,delivered,2018-02-20 21:31:57,2018-02-21 07:15:30,2018-02-21 21:29:21,2018-03-09 21:28:25,2018-03-16 00:00:00
92b8ad8746bdc2d63f544dd75b17d7b3,83ebc0404ed775bfa7b6a635edb0c08c,delivered,2017-06-19 21:31:19,2017-06-19 21:42:58,2017-06-27 09:04:55,2017-06-29 14:43:55,2017-07-07 00:00:00
6f2d341a759b59c051aa9fcbaf2dcba1,1c732f9f971197a78a3fbe8d68f3a336,delivered,2017-11-02 16:58:37,2017-11-02 17:10:53,2017-11-04 14:32:23,2017-11-07 18:52:08,2017-11-16 00:00:00
48c7cdcae897b5c7615110c6dbd6c837,3e6851d683a6d2eb0bd91fb797ac8c4e,delivered,2017-05-29 15:36:07,2017-05-29 15:50:21,2017-05-30 10:43:55,2017-06-08 15:33:36,2017-06-21 00:00:00
adb1bc335d8e615c7fb377e515a19d8e,6ede7ac26247a8cbbe9b2c2501964101,delivered,2017-05-19 10:26:15,2017-05-19 10:35:23,2017-05-23 09:47:37,2017-06-05 05:03:34,2017-06-19 00:00:00
34ada2d009b3c8faa260b58ebfa00ad9,ed918a8f711b7bbd736fdb39bda8f783,delivered,2017-08-20 13:20:26,2017-08-20 13:35:08,2017-08-21 19:03:32,2017-08-23 18:22:34,2017-09-13 00:00:00
28d7626c30f05e9a92ae5a3910f6f603,9d10d27958e5a9938473467e9ab1c4c5,delivered,2017-08-21 10:44:00,2017-08-21 11:04:42,2017-08-22 15:56:59,2017-08-23 15:27:58,2017-09-13 00:00:00
edf21b762e675f03a62108245f80588c,84b0a00de8b7b1189af919bc12786baa,delivered,2017-12-07 23:51:40,2017-12-09 15:32:27,2017-12-13 20:36:48,2017-12-14 19:08:03,2017-12-26 00:00:00
694c72bb2f8ede1323820186544f9c09,905e35fa8c58f52fd1443aa882e99587,delivered,2017-08-18 11:19:19,2017-08-18 11:35:16,2017-08-21 19:25:58,2017-08-30 18:05:04,2017-09-12 00:00:00
a52e3d383eaf9797e19309a2f0fbc4b2,f0e0a5c3c7830a05b01d2ba588ae76f2,delivered,2017-11-27 21:27:56,2017-11-27 21:39:38,2017-11-30 16:45:03,2017-12-19 17:33:09,2017-12-20 00:00:00
43cc99c0d748acfca2d0fdc297b3c719,606e15b0421657a42751adbc793efd2c,delivered,2018-01-08 22:06:13,2018-01-08 22:18:28,2018-01-17 19:57:20,2018-01-19 21:36:36,2018-02-08 00:00:00
27a1fa63452ccc6fff17e6b258e794fe,54ee086a04b2293ef6f475ae16a40d7d,delivered,2017-10-05 20:27:36,2017-10-05 20:44:48,2017-10-11 20:43:03,2017-10-19 22:33:58,2017-11-08 00:00:00
8fe52b8ac07dd5b6ce34a7b5da28c758,09aa424d8165256bfedf995ba5b017af,delivered,2018-01-31 17:47:33,2018-01-31 18:08:20,2018-02-02 01:43:53,2018-02-02 17:09:08,2018-02-16 00:00:00
4703440eb9289d3769819920e98ec061,e26c19c5ccc698f3612f11874d3b07cf,delivered,2018-02-01 09:39:46,2018-02-01 09:55:32,2018-02-01 23:41:10,2018-02-14 22:17:04,2018-03-01 00:00:00
5a44c448d2ec7d62bb57cf35e6154e20,ce94171f740302491e9c6f36626e5354,delivered,2017-10-18 13:34:12,2017-10-18 13:49:28,2017-10-19 14:47:31,2017-10-24 23:18:16,2017-11-06 00:00:00
d6df2c35f7b163ef2a7bc19fa0151314,3c285e92488bf716f1ffa7380ad177c3,delivered,2018-02-24 14:12:04,2018-02-24 14:28:01,2018-02-26 23:15:31,2018-02-28 23:35:19,2018-03-12 00:00:00
4d88b32561e3cedfbea460ffd39810f2,54ff013a35a23a8a8a20d4ecd8493e7c,delivered,2017-11-24 10:19:13,2017-11-24 11:34:38,2017-11-27 18:22:02,2017-11-28 21:13:43,2017-12-08 00:00:00
9b26ae9a477137076f8b0e8bec71fed9,494e386d48abb14a2700a12f821eefda,delivered,2018-03-24 16:46:37,2018-03-24 16:56:08,2018-03-27 19:05:11,2018-04-26 22:41:06,2018-04-23 00:00:00
395e3c91f1eec0bda9e0cf4f57d3bf3b,4c68ad70c37728cd9ee84db3a179ae2d,delivered,2018-05-19 07:28:01,2018-05-19 07:39:06,2018-05-22 15:26:00,2018-06-02 16:48:58,2018-06-18 00:00:00
43df08b645b3c5d452c2b73461c3259c,d480aa85f10251c22f1c805b7b86afa6,delivered,2018-08-24 23:42:21,2018-08-24 23:55:13,2018-08-27 15:18:00,2018-08-30 22:49:32,2018-09-04 00:00:00
62628ad72362122adab99bbe834e0d25,2194b4c1bf6a6a4c1990166e6250dcd7,delivered,2017-12-03 22:57:35,2017-12-05 04:11:57,2017-12-06 23:27:01,2018-01-04 22:37:57,2018-01-10 00:00:00
b46902d53ee0054d077220fefa87e7d5,83d7ab5d806218715a5e5a07d5d37dad,delivered,2017-02-08 15:53:07,2017-02-08 16:05:18,2017-02-09 13:16:22,2017-02-14 13:03:40,2017-03-13 00:00:00
b4454ac5d3550744c26cb851e267a889,0bdb856d27087ad9c34ebc3335ace6c1,delivered,2018-07-10 17:49:44,2018-07-10 20:31:19,2018-07-11 13:45:00,2018-07-23 17:31:09,2018-07-31 00:00:00
97aa1a479681efe192bf39d259cd2b94,cc3590f4a2d090bf1fddd470c8c7c109,delivered,2018-03-22 17:47:21,2018-03-22 18:00:23,2018-03-24 13:04:12,2018-04-04 13:42:21,2018-04-12 00:00:00
109e073454b94ec80ff968765bb1bffe,8bfd5527bfae3da870486c826393948e,delivered,2017-12-21 12:05:12,2017-12-21 12:13:36,2017-12-22 19:12:24,2017-12-27 23:56:47,2018-01-10 00:00:00
321d9198cb35a37dd55176b905614311,1847903be9f502ff2fb5590ce1b03f1e,delivered,2017-03-21 12:02:33,2017-03-21 12:02:33,2017-03-21 13:01:49,2017-03-27 15:13:58,2017-04-13 00:00:00
a17af8e6044c5ccaa87b1d97559dc554,8df8172ff39578fa8f41cccb8d28d9e7,delivered,2018-02-16 17:59:44,2018-02-16 18:05:31,2018-02-21 15:13:26,2018-03-09 23:51:33,2018-03-28 00:00:00
3104bcaa250792a77ce1651711291eaf,e10b0e36d0e9cf9d7cc0f5bd4e1a74c9,delivered,2017-03-10 10:22:09,2017-03-10 10:22:09,2017-03-15 07:32:10,2017-03-23 10:51:18,2017-04-05 00:00:00
2e8d9e986f6497677962424952e47f48,a5f1df8a1b669439f95c254410b208c4,delivered,2017-10-03 00:41:52,2017-10-03 00:56:12,2017-10-04 12:13:47,2017-10-09 18:25:14,2017-10-31 00:00:00
dee33d9b548acb609e8b6eb6f540f4b3,d8bc1730256a5655842bcae573f2d8a2,delivered,2017-08-14 14:02:34,2017-08-14 14:24:12,2017-08-16 12:37:05,2017-08-25 17:41:16,2017-09-05 00:00:00
5fd5c981a4232eaced70a8003d560243,c00973bf62701e5819492e9ee3676362,delivered,2018-07-02 19:28:14,2018-07-02 19:50:45,2018-07-04 15:16:00,2018-07-10 20:47:32,2018-08-01 00:00:00
19c4f810dca09d438da021fd6d52839f,e09e517bff3f066d606397fd04f374e0,delivered,2018-07-21 15:26:59,2018-07-21 15:44:07,2018-07-23 11:13:00,2018-07-26 18:18:50,2018-08-09 00:00:00
51248b88b0b4821b2e8eb524d990140e,1765717276473594d6231f90c621ea9d,delivered,2018-03-20 14:32:28,2018-03-21 02:55:59,2018-03-22 22:51:28,2018-03-24 01:22:37,2018-04-02 00:00:00
62e79484ff84d9d38b7b0f166834ee71,1c0f5e9216a674a0f71118b6ab353239,delivered,2018-03-21 11:21:53,2018-03-21 11:35:23,2018-03-21 21:04:03,2018-03-22 23:21:52,2018-04-03 00:00:00
085505e898297808653c70305ae11f47,956cc3292d13bea359eaf6683f410bf6,delivered,2018-01-24 12:33:01,2018-01-24 15:16:18,2018-01-25 23:29:01,2018-02-07 09:39:23,2018-02-21 00:00:00
4ae278cd5a14160ac41c5cc6bae57f96,9b3dcdba0f0d6a3d467c04ef78a347a1,delivered,2018-05-08 14:24:43,2018-05-09 14:30:49,2018-05-10 09:58:00,2018-05-25 20:22:53,2018-05-29 00:00:00
40123a82aca2fbe9a11c1d53fdd2a679,989a5ea2f3bf07abf7dad6d1c800565e,delivered,2018-06-22 13:20:40,2018-06-22 13:40:18,2018-06-25 12:56:00,2018-06-26 17:46:34,2018-07-05 00:00:00
d9c24372ad19900d28302a9ffd3da0ec,a39807dec0511df2f7c856ef18f2a465,delivered,2018-05-14 20:42:16,2018-05-14 20:55:40,2018-05-15 13:00:00,2018-05-22 15:14:45,2018-06-01 00:00:00
bc5b4da3794a8550eecb2faa39afaab8,c2ea07497b125b9839363147879118ef,delivered,2017-07-22 11:43:30,2017-07-22 11:55:20,2017-07-26 10:27:52,2017-07-31 14:23:02,2017-08-15 00:00:00
cf60237e0bdc9a72ab4563e4b11783bf,fe1194538300719835b59d540f2e1904,delivered,2017-08-04 11:36:35,2017-08-05 14:05:24,2017-08-07 18:18:31,2017-08-09 20:05:14,2017-08-24 00:00:00
8f702483ec7aee668f059ef71fc07a5c,92c571345f38bbf1b6610b5fa6c4ce3c,delivered,2018-06-12 17:39:07,2018-06-13 02:36:56,2018-06-13 14:32:00,2018-06-18 21:38:29,2018-07-12 00:00:00
4e75e99d66964a3e4fa1a57499582688,9a391277128ca32d4ef8473910faf70a,delivered,2017-12-03 18:18:16,2017-12-03 18:32:52,2017-12-05 02:41:44,2017-12-19 02:22:54,2017-12-27 00:00:00
f67fabe20644d465a18a73680bc9b341,6775f5798cafadd32fc2e3faa83124b3,delivered,2017-05-25 14:45:01,2017-05-26 06:35:22,2017-05-31 11:27:15,2017-06-08 05:15:43,2017-06-14 00:00:00
d59ff07b4c44d8924d08a48d8eba4c4c,3fd29fb920bec834ceee06e70fa9dda3,delivered,2017-12-09 21:37:24,2017-12-12 03:39:31,2017-12-15 14:51:56,2017-12-20 15:42:10,2018-01-04 00:00:00
4d544ef55956dd8aadf1162dc1b82ae1,50ffd1f49d653ce5b5d70d54db3468cf,delivered,2018-08-20 10:09:33,2018-08-20 14:55:28,2018-08-22 22:07:00,2018-08-23 18:45:45,2018-08-27 00:00:00
f1b3809a1da6d290236e12617e8be778,7c0db6cf652a60942237dd7237b56710,delivered,2017-11-24 22:36:53,2017-11-25 01:31:39,2017-11-27 19:06:40,2017-12-26 11:40:29,2017-12-14 00:00:00
f5662da1743a5f7589fe85510a24e197,d4a2823e14df7fb54dc7316631a5a117,delivered,2017-10-19 00:01:10,2017-10-21 03:07:31,2017-10-21 14:43:30,2017-11-06 19:33:11,2017-11-09 00:00:00
bb7c6d87a72c89ffafb1bef12c4e23d4,e706c3c8520aea8295103ab2f84878f3,delivered,2017-10-03 11:27:20,2017-10-04 11:38:34,2017-10-05 14:36:12,2017-10-08 14:56:18,2017-10-27 00:00:00
73449c4661293c6fa98e4e035451a8b2,c10948fe5d50f2cd031d4db6a153b35a,delivered,2018-01-27 18:48:57,2018-01-27 18:59:28,2018-01-31 19:25:50,2018-02-15 18:26:48,2018-02-20 00:00:00
d766e3aae9fe7c4abb652d767d0811d6,c95f04df0950db371171123b5675448a,delivered,2017-04-18 12:24:29,2017-04-18 12:35:25,2017-04-24 15:35:45,2017-05-16 13:43:48,2017-05-25 00:00:00
9edbcf5056f3301b0fcaf1dfe914873c,8a742a9661168a6785b8384e55656a99,delivered,2017-12-21 14:54:55,2017-12-21 15:10:09,2018-01-05 17:07:46,2018-01-20 16:09:02,2018-01-17 00:00:00
67119966e190b3d2f210b4f9117395f1,dc88964a1e5894c245746322038bcc5e,delivered,2018-06-28 21:40:14,2018-06-28 21:51:10,2018-06-29 14:19:00,2018-07-04 19:08:28,2018-08-01 00:00:00
b862a1e68c1c8f2061c407aa9320c86e,26ff2ad5fc82c54dc0784ff1819f82a0,delivered,2017-06-13 15:17:06,2017-06-13 15:25:19,2017-06-14 14:16:56,2017-06-16 18:33:43,2017-06-27 00:00:00
0d85f60a7eb6eff92a2c8363050cc7b2,abb2c6c3156823bffa1f8100bc9d5b34,delivered,2017-12-05 15:01:00,2017-12-05 15:31:00,2018-01-15 23:22:27,2018-01-23 10:48:59,2018-01-18 00:00:00
b8ddc399e43d44b438e323ca1cd368c0,c1507b00b2af515ecb680ca0a2438680,delivered,2018-07-10 01:51:19,2018-07-10 02:05:17,2018-07-10 13:05:00,2018-07-12 14:26:32,2018-07-18 00:00:00
8d5ec251bb6f44f7c0f2d1d272515379,a193f232b6bd30e4d5d62cdffb9762cf,delivered,2018-03-16 20:13:02,2018-03-16 20:28:11,2018-03-19 18:36:39,2018-03-29 13:38:47,2018-04-11 00:00:00
16e21364101f2b6afe62e2f9ac065676,cfdc1f57372cc4354b3b2b563a75f02d,delivered,2018-02-17 16:54:45,2018-02-20 07:11:10,2018-02-22 18:29:25,2018-03-03 19:04:10,2018-03-13 00:00:00
7fa8926e5fcb57beadd6baadcc093689,2264974950820d368356210a139ea46e,delivered,2017-06-02 22:09:12,2017-06-02 22:22:59,2017-06-05 11:37:44,2017-06-14 18:18:09,2017-06-27 00:00:00
36df1febd8576ab575d84abc70295511,2f059662cabbbe808822d7e696a6b1a6,delivered,2018-01-16 15:08:30,2018-01-16 15:18:27,2018-01-24 01:06:47,2018-02-07 14:14:35,2018-02-15 00:00:00
ef9ea4b4cada599cd536834c525d980b,7eddec841ee86496bd3f41f55211666d,delivered,2018-01-17 10:05:20,2018-01-19 02:38:51,2018-01-19 15:29:25,2018-01-27 11:45:00,2018-02-14 00:00:00
90c7853be7f369fc75f40f920e13d883,f65f9be353d7700fcb0f3883af7c0f19,delivered,2018-05-08 19:28:10,2018-05-08 20:15:30,2018-05-10 18:29:00,2018-05-17 19:41:43,2018-05-25 00:00:00
505b77e04872f9f03ae71d4f75f43af4,ffcdcb5ab4283658114e8077b9340a16,delivered,2018-07-03 17:32:52,2018-07-05 16:31:43,2018-07-04 08:41:00,2018-07-05 23:26:46,2018-07-16 00:00:00
8c6eb35c6bb5e1a9dbf00531ab9404e3,5679d50d0154613a2fe16d2fe8fdf33e,shipped,2018-04-06 12:17:13,2018-04-07 02:50:13,2018-04-09 20:04:19,,2018-05-02 00:00:00
de9330ec1dd0af0751b5c24b612917d0,189126a15eeb07b4674a81048ff48071,delivered,2017-05-30 22:47:35,2017-06-01 04:05:23,2017-06-05 17:24:35,2017-06-13 12:52:35,2017-07-03 00:00:00
13ab319681acf383730a6b28363c36fb,53c80343e108dfd723bdfe2628b9f575,delivered,2018-04-04 17:27:59,2018-04-06 03:10:20,2018-04-07 00:47:38,2018-04-12 17:29:43,2018-05-03 00:00:00
d14be34d97ddedb3f0b7379757f862ae,1b82007e71296201322c8a836ad49a8f,delivered,2018-07-14 14:46:54,2018-07-17 04:32:07,2018-07-17 09:54:00,2018-08-07 17:43:53,2018-08-24 00:00:00
01ad4f241a16bff724de081b558f0f4d,64189e336678007d8130fcd712d4a2b0,delivered,2017-02-09 18:47:17,2017-02-09 19:03:50,2017-02-17 11:56:11,2017-02-24 12:38:04,2017-03-24 00:00:00
63706f4e2ad2fc1c9fb8562c5702e8a1,d5801b1facc46f4f2ed5c356eb755e5d,delivered,2017-11-20 19:44:38,2017-11-20 19:56:24,2017-11-21 17:02:41,2017-12-04 21:33:07,2017-12-12 00:00:00
caff2fa75ad73171c404614d5560423b,b7d022f3aee58dcee675bb2132d57abb,delivered,2017-06-12 21:33:10,2017-06-14 02:22:33,2017-06-19 08:12:08,2017-06-27 15:38:37,2017-07-13 00:00:00
c38d701768413a3f8569e83aac1a3179,38da30c823492d655d0779e26e6d477e,delivered,2018-07-28 09:44:17,2018-07-28 11:35:12,2018-07-31 14:36:00,2018-08-02 02:03:31,2018-08-03 00:00:00
66ba1f6b62ce41c1e795df867682d1be,6513d90a63f4b94c65c7b39a8205a75f,delivered,2018-01-18 13:03:35,2018-01-19 02:38:48,2018-01-19 20:17:43,2018-02-01 20:14:31,2018-02-20 00:00:00
106035bdd659c0a04d902135f4559663,a7410e333c8f541c9da1eff4b762de0d,delivered,2018-01-14 13:38:15,2018-01-14 13:47:33,2018-01-15 23:35:50,2018-01-26 17:12:27,2018-02-05 00:00:00
597fa94ef8eb873a3b8d4191931fcdeb,4fd9411ca561e17eb8630b243a940853,delivered,2018-08-18 17:46:34,2018-08-18 18:09:50,2018-08-20 14:11:00,2018-08-27 18:27:41,2018-09-05 00:00:00
760c14a17f69f500a5d012b967e1a093,fcb1f9fb9f5e108be9fbb059baf5d456,delivered,2018-02-21 16:23:02,2018-02-21 16:35:25,2018-02-22 23:53:00,2018-03-06 00:16:58,2018-03-14 00:00:00
3016aab208504e35592823875a18d588,eec852bc54cf39e34bf8d29856df9be5,invoiced,2018-08-02 18:23:42,2018-08-03 08:15:50,,,2018-08-09 00:00:00
48eb2e811b9e45fe519111b4d98a65af,04250863b38e151d17f448a28174e326,delivered,2017-08-22 17:15:07,2017-08-22 17:32:50,2017-08-28 21:27:52,2017-09-06 16:37:49,2017-09-14 00:00:00
3584d93ec7610facf103828da12da2f5,0ac36672d28d61ebe5ae59cfa1ea6291,delivered,2018-01-03 14:53:41,2018-01-03 15:07:34,2018-01-04 17:22:35,2018-01-05 12:59:19,2018-01-19 00:00:00
94acd425f088b17d675c6f8801f9dcfb,1d2e7f83429d507b35c9ea68731ca3f2,delivered,2017-09-29 13:41:11,2017-10-03 03:49:15,2017-10-03 18:46:44,2017-10-12 16:17:24,2017-11-03 00:00:00
7a4fa3c26b5a8846a34da9564571212c,03342982485f39b4f1bac62e70ab6ff7,delivered,2018-05-19 10:58:30,2018-05-22 09:15:28,2018-05-23 15:21:00,2018-06-04 15:36:44,2018-06-08 00:00:00
5c5372ed5680de60cbf2fe6c15deb92a,9e1c22714e8a39cdbba6c16ef221e6e2,delivered,2018-06-05 18:48:39,2018-06-05 19:13:49,2018-06-11 05:03:00,2018-06-19 02:44:33,2018-07-11 00:00:00
e3bd7dc2201f2a5a9a0f68bc33f92f35,0493e61ff10b220ec4799578e4cb7e96,delivered,2018-03-02 09:11:23,2018-03-03 09:10:21,2018-03-14 20:47:41,2018-04-09 20:33:02,2018-04-03 00:00:00
a8011c5b1b6536063a53c05cabf56bb0,e8b75845a700bb574b2346b8f489736a,delivered,2018-01-20 13:31:12,2018-01-20 13:42:13,2018-01-23 00:19:03,2018-01-24 18:49:05,2018-02-09 00:00:00
08a547386e268879b689fca252e6a334,816ad722b2de1efdbe48f97d120bbfaa,delivered,2017-11-12 18:23:06,2017-11-12 18:35:52,2017-11-16 19:36:04,2017-12-19 22:44:58,2017-12-12 00:00:00
90ae2acb5c326eaeafc0565e38efb480,9cba271d5598b61adfe3c1774eb6938e,delivered,2017-07-22 12:16:06,2017-07-22 12:33:31,2017-07-26 10:17:43,2017-08-08 13:55:55,2017-08-23 00:00:00
b9fa782d4918580e25b6e3b516a55710,a04716671ee5940d3e3fa0c3fbc939da,delivered,2017-05-16 10:49:27,2017-05-16 11:05:10,2017-05-17 15:00:15,2017-05-23 12:42:16,2017-06-06 00:00:00
f8c23d339c140eddae8418d518af8497,744cb93cf2ab57936f8dd243617516e8,delivered,2018-03-02 08:33:32,2018-03-03 02:49:33,2018-03-08 21:09:36,2018-03-14 13:32:11,2018-03-20 00:00:00
facb2c7bed40680ddfd5271afdf5730d,6e765b37aac4ad6454657b99574edd1a,delivered,2017-11-17 20:12:23,2017-11-17 21:15:54,2017-11-22 14:33:14,2017-11-28 20:10:40,2017-12-11 00:00:00
1930384017f3832931c87efb27d455f7,612710bbe8a65f14327ffb3bb51b208a,delivered,2017-04-28 23:11:40,2017-04-28 23:22:46,2017-05-04 11:52:56,2017-05-09 14:52:23,2017-05-22 00:00:00
19a0bf5e25218efc09e3b4e6b9f55c0f,22097da834760ca931dadf04cae76bbc,delivered,2017-04-24 22:47:59,2017-04-24 23:02:19,2017-04-25 11:14:15,2017-05-18 10:27:42,2017-05-22 00:00:00
055da72c578d9094618ebb2712e161e9,dc81c6b47698b1a98b24db60dd094325,delivered,2018-06-08 22:32:02,2018-06-08 22:57:17,2018-06-11 14:21:00,2018-06-15 15:26:57,2018-07-13 00:00:00
24e6692466ddf26a9ae73fe5929f46db,ee5189d143d83904f10fad32111c0e09,delivered,2017-12-20 00:21:41,2017-12-20 01:31:30,2017-12-20 22:27:54,2018-01-04 18:17:31,2018-01-18 00:00:00
8fd4e5a33fff72476612ed992e40725c,63126b6a8d50c28cfce0eff948f892fe,delivered,2018-05-19 01:13:16,2018-05-19 02:18:56,2018-05-22 13:38:00,2018-06-06 21:15:56,2018-06-12 00:00:00
bdf7a997a9edbbfbb3b06b5f13f1b23e,6ef2c4c294a75c907f1cb0de3382409a,delivered,2017-11-06 13:55:03,2017-11-06 15:31:40,2017-11-08 19:26:53,2017-11-14 23:12:15,2017-11-24 00:00:00
4fb04008f96cb74d5bd6bbc8600cb3fa,86cc0af6acddf198ff26add9318add1d,delivered,2018-06-23 15:36:52,2018-06-23 15:56:01,2018-06-26 11:36:00,2018-06-29 14:26:45,2018-07-13 00:00:00
4e389f96f2675b7c829d5f9bc2d9fd70,dd60c1a003b6f0c58d37985262256096,delivered,2018-01-16 12:12:33,2018-01-17 12:10:11,2018-01-18 16:37:39,2018-01-30 19:35:23,2018-02-14 00:00:00
2f5c5719818df4d83050dd5174ca0288,1be3deb75d2f1f4fdfbd22c4650136f6,delivered,2017-04-17 10:06:22,2017-04-17 10:22:27,2017-04-18 14:48:18,2017-05-05 14:08:12,2017-05-10 00:00:00
c3fdd79a248296dd41d7369eb034db97,c56908e1041936843d95e0aae415f155,delivered,2017-07-10 17:01:00,2017-07-10 17:15:19,2017-07-20 20:44:32,2017-07-24 17:12:26,2017-08-07 00:00:00
9a3deb474c6a3f4fbdf3252718392c47,44531082b3d85aa153e1da6af94114f9,delivered,2018-02-15 17:55:55,2018-02-15 18:07:12,2018-02-16 16:42:22,2018-03-08 19:39:28,2018-03-02 00:00:00
f587df50c2e86f1ab4e775486ed04d94,e67c59b16955238fd5111eefcb0bc8b7,delivered,2018-05-07 11:01:19,2018-05-08 04:14:47,2018-05-11 17:48:00,2018-05-15 20:21:09,2018-05-25 00:00:00
0573f0fe44a09808d06e716ae1a478ed,6b6432e5ac54b7e774417246c1e9bbde,delivered,2018-06-23 16:55:16,2018-06-23 17:16:00,2018-06-26 13:06:00,2018-07-02 17:41:58,2018-07-16 00:00:00
bae8217e6bc5d06c5c5172a3811ae2a9,5221224406c250c2fb5dd9be7dc5c069,delivered,2017-05-18 02:32:05,2017-05-18 02:45:06,2017-05-18 08:26:44,2017-05-23 13:08:45,2017-06-13 00:00:00
0cfb04a3e59f3ce319891d208135885b,b4c2400d9d123e1e2a5db502dac3c328,delivered,2017-03-04 12:01:29,2017-03-04 12:10:25,2017-03-06 08:49:59,2017-03-14 10:55:37,2017-03-29 00:00:00
862aee1420df82c0e95e06c154aef9ce,4a1d04ab251480dcdcb41df0c5e41e92,delivered,2018-03-27 16:47:09,2018-03-27 17:11:17,2018-03-28 23:11:20,2018-03-30 00:06:27,2018-04-09 00:00:00
c35f44a2a94147bfcd074dfa5f2f174f,8b98de84d54b0d4467a2c66541602658,delivered,2017-05-07 20:22:16,2017-05-09 09:25:16,2017-05-11 12:19:48,2017-05-19 15:52:01,2017-06-02 00:00:00
546b9703cec4a0b57e4573d7ded4ae12,2b1aeba2eecc28cc25ea11c0fb348706,delivered,2017-08-05 16:44:46,2017-08-05 17:20:12,2017-08-07 20:26:33,2017-08-15 18:53:01,2017-08-29 00:00:00
0a9c633395c19d5fa38b9e5313db37a6,13e0a2bb02a7e89185cb36c53db4473a,delivered,2018-03-01 21:21:22,2018-03-01 21:30:48,2018-03-02 19:52:12,2018-03-21 01:51:55,2018-03-22 00:00:00
fdd0f5240ca014963e5ae66b99423908,6fda5c34bf092616b341cde52d2884f8,delivered,2017-11-24 22:33:21,2017-11-25 01:15:04,2017-11-27 20:06:31,2017-12-05 20:09:59,2017-12-14 00:00:00
cb53cf5b28f49e1d2f166c5abe50c31c,dfef0c87a6114369b86fbfa404a69428,delivered,2018-04-24 18:43:30,2018-04-24 19:23:43,2018-04-26 07:40:00,2018-05-05 13:06:44,2018-05-18 00:00:00
2cd2c33cd5532a92a508168bd185dac4,7db5588210cbd4f7467cddfd99cca18b,delivered,2018-05-09 14:15:19,2018-05-09 15:11:19,2018-05-11 09:57:00,2018-05-17 12:17:40,2018-06-01 00:00:00
9a54562498faf18f39a0e387976e11a5,7fe2d7e1ec48a4a9bf1a46f784fbaae7,delivered,2017-10-10 15:18:45,2017-10-12 02:51:05,2017-10-17 22:49:41,2017-10-24 22:25:45,2017-10-30 00:00:00
8f9a2b39ed1912e66c289e8e1265b0db,8880908f690e294c94cb70c761f854cd,delivered,2018-03-26 09:33:35,2018-03-27 04:08:34,2018-03-29 16:25:34,2018-04-14 16:59:39,2018-04-30 00:00:00
6680b708c88b83d3a02d475faf4d9b0d,137982ccd37332e9f2257099a5ac9820,delivered,2018-07-26 13:09:48,2018-07-26 13:24:23,2018-07-27 11:15:00,2018-08-08 15:33:42,2018-08-16 00:00:00
774847476ad545e9bcb605a75dd40de6,97e0d5ec767e81e08e764aadbcb96206,delivered,2017-09-22 18:07:29,2017-09-22 18:24:33,2017-09-27 11:13:21,2017-09-30 16:32:40,2017-10-23 00:00:00
39bb6b8fd2355d062fb76cac478fe497,cff1a732b941ddbd23d5077665a42e93,delivered,2018-03-30 23:32:46,2018-03-31 10:48:08,2018-04-10 21:42:44,2018-04-16 20:32:37,2018-04-18 00:00:00
1cfe8d413eeb99641193432e99568f61,b58ba2d9ed6e045b114e7e6bebbebf47,delivered,2018-08-19 19:57:42,2018-08-20 13:10:39,2018-08-20 15:08:00,2018-08-21 22:38:44,2018-08-27 00:00:00
d3af71699c0148f9a9936cc5af86da14,69aa42ec20d4e4c21c533d5fcaa195d8,delivered,2018-02-09 13:50:05,2018-02-10 14:08:23,2018-02-14 19:51:46,2018-02-16 18:33:52,2018-02-23 00:00:00
feeaaeb6a99fc794212a29c84e6d527e,8abd8440d6a20d04de36f9030a6f7d44,delivered,2018-08-27 09:29:33,2018-08-28 07:05:19,2018-08-29 13:53:00,2018-08-30 19:16:42,2018-08-31 00:00:00
f095f540bdb49344ad5fc17cc494e88e,71e967055e467e16c1331aafd66b8e05,delivered,2017-09-16 13:26:01,2017-09-19 04:05:47,2017-09-21 15:29:22,2017-10-19 14:30:07,2017-10-06 00:00:00
6b27e5ad651611d9467a393681ee0f7c,50e257d191477a5ab91a2fb5e321430a,delivered,2018-07-30 13:59:38,2018-07-30 14:40:15,2018-07-31 13:11:00,2018-08-06 21:56:42,2018-08-23 00:00:00
2b42f43d6ac3f6346b9f3609ca03ffb6,fd1e50f3ce2db50782c28634fffc4839,delivered,2018-03-20 20:26:31,2018-03-20 20:48:11,2018-03-22 21:42:32,2018-03-26 17:22:08,2018-04-02 00:00:00
9ac8e7603c11157bde10d9121494b593,ba436f54e032969c460c78c4791cd316,delivered,2018-07-22 04:56:23,2018-07-23 11:32:12,2018-07-27 15:31:00,2018-08-01 21:04:02,2018-08-14 00:00:00
45a42eb665413dbf310344938ef485a2,cf2790b0e510cd5989c1e2fad7b058f1,delivered,2018-06-11 16:32:19,2018-06-11 17:02:26,2018-06-12 14:23:00,2018-06-16 15:47:30,2018-07-20 00:00:00
0e3815fe1ff3637c9870015d43097b07,5d6ac0bc2b44cc75cc731f5a58a1fba2,delivered,2018-03-16 11:23:10,2018-03-16 11:35:31,2018-03-19 20:32:14,2018-03-27 12:37:19,2018-04-04 00:00:00
1a0698c23712555ab9567f13d04fd704,ca42993a325d1171e3f5d7de645ad88e,delivered,2018-04-28 18:35:26,2018-05-01 06:13:55,2018-05-03 06:31:00,2018-05-07 19:11:59,2018-05-21 00:00:00
f71952473c83952e23fb55146d59bfe2,ceb81075157a116d7001ec98fdbac21c,canceled,2018-03-10 16:44:52,2018-03-10 18:40:37,,,2018-03-22 00:00:00
0f9cc7808799d149c260814488be8e26,d0671b3bf75048dbed34b8d0d977268b,delivered,2018-03-11 22:23:57,2018-03-11 22:35:26,2018-03-13 18:27:27,2018-03-21 20:42:41,2018-04-05 00:00:00
e6b06b65581e20f97ce6a161ca7523bc,3f9b97f22484a53b7ce385119f4abc8e,delivered,2017-10-11 09:37:13,2017-10-11 09:49:23,2017-10-16 22:44:36,2017-10-25 18:23:29,2017-11-08 00:00:00
23858bdc4cab9cf5b5de163b1f12ea71,cd75b28ea8d1a20fcea43122a93c551c,delivered,2017-02-17 12:40:16,2017-02-17 13:05:27,2017-02-21 11:02:42,2017-02-23 13:53:51,2017-03-21 00:00:00
372fc04e6d43eb870979226848fa93a1,16aab56360dc6f3038a11945ae3f04f3,delivered,2017-09-22 09:16:29,2017-09-23 02:25:22,2017-09-25 18:07:50,2017-10-03 21:19:05,2017-10-24 00:00:00
5a2659fdf85dadabc979ad8b8c0d6ce2,346e4c4851420f6d7cd86655597a7671,delivered,2017-10-31 15:09:40,2017-10-31 15:29:44,2017-11-10 11:57:42,2017-11-18 17:08:33,2017-11-27 00:00:00
67228d3b35b57e5bf9c1437f95652f2c,89ed25d65f84b1f97909a80ac1676090,delivered,2018-04-11 10:45:19,2018-04-11 11:10:23,2018-04-12 19:32:17,2018-06-12 14:49:39,2018-05-18 00:00:00
ea244f8057c5a9f042e1bd9c70a7895d,a9873dd1220a45e8814c937107682236,delivered,2018-01-22 20:03:43,2018-01-22 20:16:35,2018-01-23 23:48:42,2018-02-03 02:43:48,2018-02-16 00:00:00
c47e4de55f6735f7ddc4c6026769d569,d3f8f35f89101277e688d1965dca40b3,unavailable,2018-02-28 17:29:34,2018-02-28 17:49:45,,,2018-03-13 00:00:00
a9f6addcdb232b9d636f61f71c683349,0d6bc6ebdbc1b267e8d7e11a8e70d455,delivered,2017-12-19 16:54:10,2017-12-19 17:56:20,2017-12-20 20:09:50,2017-12-29 03:43:25,2018-01-26 00:00:00
f6f3648ab3e140b29823bbdb84a34455,d8fd788103297a589aa37f024dabba52,delivered,2018-08-01 20:59:36,2018-08-02 21:20:07,2018-08-08 17:03:00,2018-08-13 10:40:40,2018-08-22 00:00:00
923b32346120d8512fe32b6842bad3c1,b6b72958984ca6262d9ff5b54ed4d16f,delivered,2018-02-24 18:06:40,2018-02-25 18:07:48,2018-02-27 03:17:38,2018-04-09 19:41:50,2018-03-16 00:00:00
9e860a19864471752519c222cb33c2e7,3b8dd8d67bbc9a2d4e150721d1f9a07a,delivered,2018-04-13 12:47:31,2018-04-14 12:50:54,2018-04-17 00:03:37,2018-04-19 16:34:36,2018-05-09 00:00:00
d6e170b889c3bb4770d46aaa63e498eb,961606fc288ebba02a054162558075c8,delivered,2018-06-22 15:05:24,2018-06-22 15:20:58,2018-06-25 11:23:00,2018-07-03 03:52:01,2018-07-25 00:00:00
5bd06bab48e0423fc35d1c236d48a6bb,42c0b09d094220a110c0e0e941f76f06,delivered,2017-05-11 19:17:49,2017-05-13 02:55:06,2017-05-30 09:57:28,2017-06-07 05:27:28,2017-06-22 00:00:00
17c552e9739b1fd0c1385b93eeb07953,7f96b51dcac1bbce7f6311b6688f70c4,delivered,2017-09-25 19:50:23,2017-09-27 02:56:47,2017-09-27 21:22:54,2017-10-03 18:26:50,2017-10-27 00:00:00
cf543c73693f031709ec6defb524241e,a5558706ea2a4c375f22bf7efc9e8916,delivered,2018-01-21 12:29:50,2018-01-22 13:49:00,2018-01-25 00:14:47,2018-02-06 23:47:24,2018-02-19 00:00:00
fddd8f5e5947098f75c2967d7cb2c3de,d94db828db97b250116d6fe7d231707b,delivered,2017-07-21 10:56:02,2017-07-21 11:05:15,2017-07-21 20:26:43,2017-07-26 01:04:18,2017-08-04 00:00:00
4ad58fc3a9498d8ab0d1956c398883d5,6a20d585a8a12ef614665f1e3f7cae7d,delivered,2018-04-20 23:36:43,2018-04-24 18:59:21,2018-04-24 22:51:38,2018-04-26 23:42:01,2018-05-29 00:00:00
85c14f3be89a889592d53a5b8ff031bb,f5721b9d1b28be65390235aaf8576a30,delivered,2018-06-07 15:40:32,2018-06-07 16:00:15,2018-06-08 14:02:00,2018-06-14 16:51:46,2018-07-11 00:00:00
a86cb65b0731ea40faecfb11c9025045,bc34e7d3f5c7efe151681204a0057b7c,delivered,2018-07-25 12:20:14,2018-07-25 12:30:17,2018-07-25 14:29:00,2018-08-13 19:21:59,2018-08-16 00:00:00
d543201a9b42a1402ff97e65b439a48b,971bf8f42a9f8cb3ead257854905b454,delivered,2018-08-21 10:00:25,2018-08-21 10:50:54,2018-08-22 15:21:00,2018-08-28 18:58:22,2018-09-10 00:00:00
f8bbef6f308acd23949b5560c282ede9,dec8f3376f75b10b72542ec557a0dbe5,delivered,2017-07-11 19:22:12,2017-07-11 19:55:20,2017-07-14 19:33:38,2017-07-17 18:41:33,2017-08-02 00:00:00
bfc5d96c97876c3ad4475491caf370b5,b6ecba17279ae565a422a06aed03567c,delivered,2018-02-02 16:52:26,2018-02-02 17:43:18,2018-02-05 21:09:09,2018-02-07 17:53:10,2018-02-26 00:00:00
b058f625ecdea748969b3d9f508873fb,631ae9150948def4dfd72ad426e5fdf3,delivered,2018-05-29 11:16:21,2018-05-30 02:32:31,2018-05-30 10:16:00,2018-06-15 18:58:22,2018-07-13 00:00:00
a2a3515a501b9b77129df7bff1813e76,6545721ab602f8dd2ed740b17f7ea8a0,delivered,2018-01-24 19:40:07,2018-01-24 19:57:27,2018-01-30 17:57:00,2018-02-25 20:14:41,2018-02-20 00:00:00
58d90a8e6350bfd47d94056f4e47d190,19b0b4f4d16afacf338ab479fde55ac6,delivered,2017-10-18 12:36:09,2017-10-18 12:49:34,2017-10-18 20:51:43,2017-10-25 21:04:01,2017-11-09 00:00:00
ddf16d77e858a32f36e10c289a28ef61,84cc013dd1790fdafb0fa598695cf3c3,delivered,2017-04-24 10:36:24,2017-04-24 10:50:08,2017-04-25 10:59:46,2017-05-05 12:42:39,2017-05-18 00:00:00
9b50f7793de8963b9d86b762c0e8f05d,1a615d890c80364a251ca3671d9589ab,delivered,2018-01-11 08:48:06,2018-01-11 08:56:25,2018-01-11 22:56:03,2018-01-16 17:04:26,2018-01-30 00:00:00
14adaa967c795bb74d70ae4eafad8d3c,6f2f081626148a2af2c76cf5f3ee4967,delivered,2017-11-14 04:44:25,2017-11-15 02:35:55,2017-11-16 21:46:53,2017-11-28 14:49:37,2017-12-11 00:00:00
12cdb224996beb57ba2315faff824277,a3b0c31efc374019ab3bec5af3a769eb,delivered,2017-08-16 19:22:17,2017-08-16 20:44:51,2017-08-18 13:35:03,2017-08-24 17:20:07,2017-09-12 00:00:00
e3986fbe94481f46e166546a83cf8bf0,daa0e2cadf821900932ab0bcb99009ec,delivered,2018-02-01 15:11:22,2018-02-01 15:34:49,2018-02-07 16:42:54,2018-02-17 11:11:47,2018-03-02 00:00:00
59d02be1c50fb6e6930cafd6ff6a31e5,7d645d57533e7cfafcae083fb0f1b509,delivered,2017-08-30 14:16:14,2017-08-30 14:30:11,2017-08-31 15:14:46,2017-09-14 18:21:44,2017-09-21 00:00:00
49d125fe3b5d0a36b001bf900951fe9b,7724757cff7bca2013491936a3b09344,delivered,2017-04-30 12:18:14,2017-05-02 13:10:11,2017-05-10 11:08:00,2017-05-15 08:52:20,2017-05-31 00:00:00
2d1e0eb9e0a7cca7a2dfa3534743b833,801fc27d9fbae58f45134e8c369d3b79,delivered,2018-01-28 17:21:33,2018-01-28 17:30:05,2018-01-29 22:33:27,2018-02-15 02:22:29,2018-02-22 00:00:00
033abfda50a317e7664dc789031fbdef,cd0fd4a64915d508f069b0b5d612ac5d,delivered,2018-06-21 17:15:17,2018-06-21 18:21:04,2018-06-28 13:54:00,2018-06-29 21:41:06,2018-07-16 00:00:00
d222cfedabc67eec700bfa61cd72216a,77c43b96370f1fc12c32a73629f20820,delivered,2018-06-13 09:50:49,2018-06-13 10:49:15,2018-06-15 12:29:00,2018-07-10 15:28:46,2018-07-24 00:00:00
f08d7980164b1e1bf627217425f5efac,3a06200fd3d32a1e27587352f34c37d9,delivered,2018-06-08 12:48:16,2018-06-08 13:16:14,2018-06-08 14:40:00,2018-06-14 00:48:30,2018-06-26 00:00:00
26a6d863d24d0d5bc79e4cfa85ebf566,ce4e4cd67d44364a45427521da9c03c5,delivered,2018-08-21 22:47:29,2018-08-22 22:45:07,2018-08-23 13:40:00,2018-08-27 19:40:44,2018-09-03 00:00:00
50a1ba8563812deb5b911970468c9baa,3ef4000619707b4748f57bfef2243a88,delivered,2018-01-11 21:18:20,2018-01-11 21:28:21,2018-01-13 17:09:49,2018-01-18 23:59:31,2018-02-05 00:00:00
928c14eb3a12d1f6f3bcf8e92c5da97d,b6d713341aa43613bb22cb5e7c2cf46a,delivered,2017-03-24 00:51:32,2017-03-25 01:05:34,2017-03-31 11:03:53,2017-04-03 10:47:31,2017-04-12 00:00:00
37e5806494067b6dcc269c80c272eab2,e673336c4f14e065f1f05d154ae50993,canceled,2018-03-08 16:11:34,2018-03-08 16:56:03,,,2018-03-22 00:00:00
1c01cd54510efa1db113ee8354518f20,b04cc8e48980db67f9b78779e4265ba1,delivered,2018-02-21 10:58:09,2018-02-21 12:27:42,2018-02-23 00:16:53,2018-02-26 23:46:28,2018-03-07 00:00:00
5e2d4869083414bb82d2e3c5ae2a4ec5,05e53f1437a94e4fa5dbef5eb5c0fcff,delivered,2018-08-07 16:50:59,2018-08-07 17:05:15,2018-08-08 11:30:00,2018-08-13 20:56:34,2018-08-20 00:00:00
c8102ecf69e44a64b993aea77adad664,bdb11f4359b264ea2474110e64a7ec54,delivered,2017-12-22 16:25:57,2017-12-27 04:07:42,2017-12-27 21:14:19,2017-12-30 13:09:44,2018-01-18 00:00:00
3d8add25381cd597c33ad196fda3c36f,896b6dbcf9dbb72a1a2a5c4ba2308eb3,delivered,2018-05-16 11:56:35,2018-05-17 03:34:47,2018-05-18 12:07:00,2018-06-04 18:42:00,2018-06-01 00:00:00
c3f2036b1de806c740a50b53bc3255dd,25544c0b1f11126e69f65c038b45f323,delivered,2017-01-31 13:20:04,2017-01-31 13:30:18,2017-02-01 11:09:14,2017-02-17 08:21:26,2017-02-28 00:00:00
6518924bc9a484b955e621ee87bc2b60,5029a2d8b52584f6a4ac26c17e7f024f,delivered,2018-03-23 14:41:51,2018-03-27 03:35:12,2018-03-28 12:13:21,2018-04-10 17:52:00,2018-04-13 00:00:00
bc1407516b972c301cdd874626028952,6ee2680b4ac6f001ada0350a7960b853,delivered,2017-09-29 23:34:55,2017-09-29 23:49:18,2017-10-02 20:13:20,2017-10-05 21:28:07,2017-10-24 00:00:00
3ac75a8eb75c784facff9f6f405758dc,3bb847c18bde99f853838a4dce29bf9b,delivered,2018-05-31 23:16:01,2018-05-31 23:30:43,2018-06-05 12:31:00,2018-06-06 22:28:38,2018-06-26 00:00:00
59b3620bcd4c286333b2db46533afe81,20ead49a5d0069bebe18affe91606bd6,delivered,2017-11-15 07:33:42,2017-11-15 07:46:04,2017-11-16 16:39:06,2017-11-17 21:52:58,2017-11-29 00:00:00
36ea72943a97d3bf36050be233ae1151,1584f270a914dd9195bb62af01fee774,delivered,2017-08-26 10:14:36,2017-08-26 10:25:10,2017-08-29 13:14:18,2017-09-04 20:23:17,2017-09-20 00:00:00
c5ed4a55e251ad5ceeb15a399999516d,4712646f4d45c108e2e6fe325b2069dd,delivered,2017-12-06 18:10:11,2017-12-08 02:54:32,2017-12-08 22:41:14,2017-12-18 20:43:34,2017-12-29 00:00:00
7df3c095af94aeda50060d0f9ab510fc,c99dd496b457bf9c90247d060ce568ab,delivered,2018-05-16 23:27:16,2018-05-17 00:18:31,2018-05-19 07:50:00,2018-05-23 18:12:10,2018-06-05 00:00:00
fe8557bac7755475950823aa9b15ebb3,e3f74d4cbb4beec5b8b77095cd256b99,delivered,2018-05-12 22:43:27,2018-05-12 22:55:09,2018-05-15 07:55:00,2018-05-16 18:05:29,2018-05-25 00:00:00
807c258c31674da775e91946b8c5bf7d,ed29bcc5a5d83815eee31ebe14b54d37,delivered,2018-08-12 22:33:04,2018-08-14 04:24:29,2018-08-14 13:23:00,2018-08-17 21:11:44,2018-08-28 00:00:00
a32c5756d7fb7e6d103041a266e950d3,7b6b0d2de851a700547c7c2a311b17c4,delivered,2017-11-14 00:32:47,2017-11-14 00:51:00,2017-11-14 13:57:41,2017-11-23 22:10:24,2017-12-07 00:00:00
c7cd86aeda4c39ec84a0be2ed480add4,87df016a69011e435f04af2d43a129ec,delivered,2018-02-04 22:19:12,2018-02-04 22:30:30,2018-02-06 17:18:40,2018-02-15 18:55:07,2018-03-07 00:00:00
1480130e23141d8399f31672d874d60f,ce8a9ed03d7dd90cb8fcc84b145f844f,delivered,2018-05-17 18:12:45,2018-05-18 03:34:27,2018-05-22 17:44:00,2018-06-09 14:54:39,2018-06-08 00:00:00
58e801ec0ca7a3f8f17a61342bf09e88,10ff941e2e8aa6856dd1a89a45395fd6,delivered,2017-03-13 15:34:51,2017-03-13 15:34:51,2017-03-15 10:55:26,2017-03-21 12:55:03,2017-04-03 00:00:00
11527b2b9050d7d593db2acc395b9e24,7d020c470e6de8c70869fab668046a73,delivered,2017-08-25 19:17:44,2017-08-29 04:50:35,2017-08-29 18:04:22,2017-09-06 17:54:48,2017-09-21 00:00:00
2f1a0775fbeb87d4cc9d66070ce0f897,3cebb5418614be0993ffaab8fd88b066,delivered,2018-02-07 11:26:49,2018-02-07 11:51:18,2018-02-09 00:56:44,2018-02-15 22:29:50,2018-03-06 00:00:00
f03d4c42614d34cdb6c5717fc24032aa,d03e9645f1b0c62634f4027fa3ca4999,delivered,2017-04-11 14:47:37,2017-04-11 15:02:09,2017-04-12 16:08:28,2017-04-18 14:54:49,2017-05-03 00:00:00
77bebd4675a69e173b4fc0b4cbc38ae4,212bf860ff1728f44420899993139ef9,delivered,2018-02-14 13:18:52,2018-02-14 13:30:20,2018-02-15 20:16:37,2018-02-16 20:43:17,2018-02-22 00:00:00
e7be153374ee8b86fa16cd500243fe79,5105fd96cb2705ba6d8b38955cd7e777,delivered,2018-04-28 19:46:29,2018-05-01 05:54:38,2018-05-03 14:55:00,2018-05-09 21:14:51,2018-05-21 00:00:00
a437e36732c69e10d37e63bacbb1fe38,43faf5b056faf6011ffd281cc9770af0,delivered,2018-07-23 19:21:09,2018-07-25 03:04:39,2018-07-26 19:31:00,2018-07-28 19:41:01,2018-07-31 00:00:00
2d2fa725a6a15bb11defd40be0a0f79e,757c2dd6ddfe021260303dea1b58b33f,delivered,2018-05-15 07:55:19,2018-05-15 08:12:41,2018-05-17 12:37:00,2018-05-21 18:29:03,2018-05-30 00:00:00
aae6432b1c1a2deae58567621da9d957,45f2eb7dd794a9250ef2b9f2c8e60606,delivered,2017-11-04 00:40:46,2017-11-04 00:55:32,2017-11-16 19:48:25,2017-11-27 23:04:21,2017-11-28 00:00:00
468f886b3420ea7cdeba5a0fe4860886,978c86d7ea827356221eb64757a39f93,delivered,2017-11-20 12:47:55,2017-11-20 13:11:28,2017-11-23 21:51:31,2017-11-27 20:02:58,2017-12-11 00:00:00
1d7333d43cb82721ccd24b78ad520676,049f52ebc1b166994f1763e83455421b,delivered,2017-07-23 11:57:55,2017-07-23 12:10:10,2017-07-24 20:46:03,2017-07-28 19:37:46,2017-08-11 00:00:00
eb740c3ddb7d9e9634b6394a5b7bd38a,896d40135ad6a37e0733e2e64995f54c,delivered,2018-02-18 11:25:19,2018-02-18 12:26:51,2018-02-19 20:25:13,2018-03-02 18:28:31,2018-03-13 00:00:00
4908cfa4f81ef32d94f2394f1cfbedfa,5f9ffa50c97b5c99894ca8f4fb0ff5af,delivered,2017-06-13 12:10:20,2017-06-13 20:05:37,2017-06-16 14:26:35,2017-06-22 16:10:00,2017-07-04 00:00:00
1c928abe3140f4705e73bc9ffe47e5cd,61488e7e90dbc5345b81fb4eb8fed669,delivered,2017-12-05 16:57:33,2017-12-05 17:12:19,2017-12-08 01:39:41,2017-12-20 01:48:39,2017-12-29 00:00:00
4212c4acae39b267aabc4696d873cbcf,80dfe2f69a889e178b3b4d964db72f3d,delivered,2017-02-21 14:25:22,2017-02-22 14:30:19,2017-02-24 13:29:55,2017-03-03 13:45:57,2017-03-22 00:00:00
ce9a2992255c9322f85dae692b8d4c11,6ee3974b13c2a09b020ec8028b25fcaf,delivered,2017-04-19 08:15:45,2017-04-20 02:55:36,2017-04-24 09:28:13,2017-05-05 16:04:54,2017-05-11 00:00:00
a16e5d09309dd6b3e40a0c71da4861ae,a5c1b36e482bfd8a6653d0c63ed4a514,delivered,2018-03-05 21:26:27,2018-03-05 21:48:36,2018-03-06 18:37:50,2018-04-18 12:42:43,2018-04-05 00:00:00
18fc3dd5faa2ffbb3d8c6b84e8a3726b,1c0581eab1e3711b45b750357554895a,delivered,2018-06-03 19:52:10,2018-06-03 20:09:32,2018-06-05 13:44:00,2018-06-08 16:58:22,2018-07-05 00:00:00
ce6f76eb40949df0b5b6ef6936848d9b,0ed3394970c378e9243c2b7fb8efa496,delivered,2018-07-26 22:48:42,2018-07-26 23:24:09,2018-07-30 15:06:00,2018-07-31 19:26:37,2018-08-06 00:00:00
bb01b380d61941aa0f175614b3e62dc6,8d157f0f4712e2106c44d2bc69e23567,delivered,2018-04-24 09:49:37,2018-04-24 18:10:37,2018-04-25 12:20:00,2018-05-18 14:28:30,2018-06-01 00:00:00
7dccea198365e4c9f616fbf3eef62fdf,f935073220d9b434fa07ed832985c724,delivered,2018-05-10 18:14:21,2018-05-10 18:30:37,2018-05-11 13:22:00,2018-05-17 21:26:47,2018-05-24 00:00:00
0656252be8b31ab4b264a730f9e600cb,a553a10c8f858e664fe7cb71db0697a4,delivered,2018-03-07 14:11:18,2018-03-07 14:29:49,2018-03-20 16:50:18,2018-03-22 19:13:41,2018-04-04 00:00:00
9b73a14423c28802182017b0c3295a4f,1555875adb702869814601fd4a7cbe75,delivered,2018-04-28 15:07:38,2018-04-28 15:33:23,2018-04-30 14:36:00,2018-05-03 22:05:44,2018-05-09 00:00:00
1308ad90597fb922916cd20eda3d53b2,3b9ad3fdf18e8d6dbd20533debe93e15,delivered,2018-06-25 17:18:17,2018-06-25 17:34:32,2018-06-26 14:29:00,2018-07-02 15:29:00,2018-07-24 00:00:00
51b60dccff0c2db54f5cba0f2ab3d302,5c05ebb5e96832fc06d7a50bb396a446,delivered,2018-01-06 18:58:54,2018-01-06 19:07:29,2018-01-08 19:32:47,2018-01-11 19:22:59,2018-02-09 00:00:00
58a5f1cd9fe00f55e59bce96cdaf8c91,b1a4422dbfb3d003f6f905e236453b98,delivered,2018-07-23 18:30:54,2018-07-24 10:31:43,2018-07-30 13:52:00,2018-08-03 23:37:45,2018-08-14 00:00:00
bf6a2df6b944199274254f8bb0159ec3,bbd54f68a29133fb7b765329a8f72a42,delivered,2018-08-03 04:27:46,2018-08-07 06:10:12,2018-08-15 12:03:00,2018-08-20 18:20:47,2018-09-13 00:00:00
a59f95cd4c82c338e8ec01fd9af753f1,881a405c751425d875c534cc9b9633c9,delivered,2018-05-24 15:29:22,2018-05-25 15:37:52,2018-05-28 12:19:00,2018-06-08 18:26:36,2018-07-04 00:00:00
95811675a89b66659996da5285a021db,5885969ba920706beb8d5381a2ba981c,delivered,2018-08-09 11:07:40,2018-08-09 15:25:22,2018-08-09 13:37:00,2018-08-14 16:21:43,2018-08-23 00:00:00
933152b06031ce4bee7095fea4cd6e32,3c99507a4adc8abe0200938654a09c68,delivered,2017-05-20 15:09:28,2017-05-21 15:15:20,2017-05-25 16:15:54,2017-05-29 15:52:47,2017-06-09 00:00:00
8b4116b3c788f8fc49c7d5089ad2450d,da8d9d3bd106e29f61b9e916087fb1bf,delivered,2018-01-26 20:56:39,2018-01-26 21:17:11,2018-01-29 11:58:59,2018-01-31 16:35:18,2018-02-09 00:00:00
8abd0f2c3a61336c2ee97b2785175332,b26210baf58f3919747468874d88c53f,canceled,2018-04-19 13:18:07,2018-04-19 14:31:24,,,2018-05-08 00:00:00
407b45a96cb1a7bdc352d2a499647b84,95478f5c3c6dd56be5a6b7fdbda36f6f,delivered,2018-03-14 22:15:27,2018-03-16 03:45:18,2018-03-20 17:44:36,2018-04-12 19:50:39,2018-04-06 00:00:00
4cb51127f19f7254b320efe1718477dd,2d1276417ffab1c174139789098cecc3,delivered,2017-11-15 20:58:24,2017-11-17 03:35:28,2017-11-21 16:46:54,2017-11-27 19:24:17,2017-12-13 00:00:00
6e00490e8e97e8522f6f3b2d440ec3de,98b82b93dbe7ba7a9cb13ed2dcc8dcd5,delivered,2017-10-07 23:26:44,2017-10-07 23:42:12,2017-10-09 20:20:18,2017-10-17 19:33:59,2017-11-08 00:00:00
d0f5d1785b4b1dd03967007b09457903,a8b1da1c1ea9d60a78b2c7efc08a9789,delivered,2018-03-09 20:47:26,2018-03-09 21:28:25,2018-03-12 18:18:34,2018-03-23 00:27:19,2018-03-27 00:00:00
441162f9a6f1fb44588dea0f47eb713c,227dd231f7494e6387059693f3311899,delivered,2017-12-06 14:14:12,2017-12-06 14:32:03,2017-12-07 19:19:48,2017-12-26 22:28:50,2018-01-12 00:00:00
8651a94589a7baddf5213b1703c98ad6,e5320aeab2efe67cfe3867c327294dac,delivered,2018-06-19 11:59:59,2018-06-19 12:18:30,2018-06-20 14:13:00,2018-07-20 16:24:48,2018-07-24 00:00:00
7419b5c76392ae15b6fcf52012eb6d47,31ab978c12092ffec92a2fc830f741ab,delivered,2017-11-18 13:01:19,2017-11-18 13:15:31,2017-11-24 18:09:12,2017-11-27 14:32:18,2017-12-01 00:00:00
f0f94b7c7548150f33f5d9e7597d396f,cb5a3d3dea83e4200af551141613ddab,unavailable,2018-05-25 19:17:35,2018-05-25 19:38:35,,,2018-06-19 00:00:00
13d840efe9026dc20ab05e59663dff7f,6559eb1529fa374ff7f71a8f2b1e5405,delivered,2017-11-10 17:01:30,2017-11-10 17:15:36,2017-11-13 16:54:09,2017-11-30 16:00:22,2017-11-30 00:00:00
61b0d0e5364491e1c839a21fcfedc08c,343cdea7027e5f6e2c424a476e84a153,delivered,2018-01-10 16:16:11,2018-01-10 16:29:24,2018-01-15 19:20:22,2018-01-19 20:28:54,2018-01-29 00:00:00
baafcf8bbc822606c52fe68cbe6b7149,643e88765c35e37d0edbc289d8ab310e,delivered,2018-04-25 10:23:19,2018-04-26 03:51:36,2018-04-27 11:08:00,2018-05-07 23:33:45,2018-05-23 00:00:00
882d810d98542e6512788b9a49d6d886,ec2dc6cc4dd715182e85b4e8bb9f3f63,delivered,2017-02-08 20:48:57,2017-02-09 03:03:24,2017-02-09 13:13:57,2017-02-13 17:05:56,2017-03-17 00:00:00
260e68c397224107df7f6156ee6397b9,9db997475d52a7d1db44e91c13201361,delivered,2018-02-05 18:20:17,2018-02-05 18:35:23,2018-02-07 22:12:14,2018-03-02 00:51:33,2018-03-16 00:00:00
9f14798abf751ab67e2f551d69880b61,bbafed830860c0e9a0c50b6371c462ee,delivered,2017-11-24 22:32:34,2017-11-25 04:29:53,2017-11-28 20:10:00,2017-12-05 17:09:41,2017-12-15 00:00:00
2570066b26e00ed5176a119c915623c4,5e23a311a9ccb1b00f9dfe1febbcd7af,delivered,2017-11-13 23:05:46,2017-11-13 23:16:14,2017-11-16 14:02:34,2017-12-01 23:49:50,2017-12-05 00:00:00
e4c2e14a7b74c353045f9b611e4e87f7,fcd5e0fc4b76825fc852c397485d8e9b,delivered,2017-12-13 13:32:20,2017-12-14 02:16:34,2017-12-20 21:10:33,2017-12-22 16:04:27,2018-01-17 00:00:00
f40832d895b3e03277b9ef60c23d323c,4b78148f94840e5bdc6f06d8b2362200,delivered,2017-07-31 19:48:44,2017-07-31 20:03:33,2017-08-01 15:54:31,2017-08-14 16:19:46,2017-08-28 00:00:00
7f3329c837ba8107a556fc154276a04e,a610b70e49c8a60cff9007cfdb91bacb,delivered,2017-12-02 13:10:30,2017-12-02 13:37:41,2017-12-04 21:55:24,2017-12-12 21:28:37,2018-01-02 00:00:00
def7170630f9076d10d4506289972002,2c77ac8cf1437d47dbeec9040a99a42f,delivered,2018-02-27 14:33:45,2018-02-27 14:49:09,2018-02-28 16:22:32,2018-03-12 11:56:43,2018-03-27 00:00:00
378ff7caa9f4b20e2cc97285fb3d15dc,eceb20c8e43dbd9bfdd32f32e3b17bd6,delivered,2017-08-26 10:09:32,2017-08-26 10:25:09,2017-08-28 18:04:16,2017-08-29 23:14:36,2017-09-08 00:00:00
e93f4367da3f35244394cfc2af161368,ff53737545b992cfdf52fcfba37e2424,delivered,2018-01-08 23:04:33,2018-01-10 10:32:30,2018-01-15 13:24:17,2018-01-18 23:09:41,2018-01-31 00:00:00
7e30f6ae5435d7c05b487f7b5e1d61ba,c2ca5f569938a5f8a79e1f80f3800e3f,canceled,2018-02-28 13:16:08,2018-02-28 13:35:20,2018-03-02 02:43:53,,2018-03-13 00:00:00
d03a6c1b511d2fe0d229509bbfd51e6f,aa3e2a644a8a636be70d257d3d219555,delivered,2017-04-07 20:32:43,2017-04-07 20:45:12,2017-04-10 13:51:21,2017-04-17 08:13:07,2017-05-03 00:00:00
5be2326ca192b2612fd8d601f3981dca,cbcd51a7259d2e00eb88ed4ae42f9da2,delivered,2017-06-04 17:24:58,2017-06-04 17:35:19,2017-06-05 11:09:59,2017-06-12 15:22:23,2017-06-28 00:00:00
283ab9feb81c894d77b6f7d9b3dcb32a,0b79f3d959c1308c5ac26ad7eceb2e9b,delivered,2018-01-13 00:03:20,2018-01-13 00:55:27,2018-01-18 19:13:18,2018-01-23 18:18:47,2018-02-01 00:00:00
8ed355f30b1d3d5b82be51adbccdf067,7f2b76ceec1f858e132421269d77f7d7,delivered,2017-03-30 00:23:35,2017-03-31 02:10:35,2017-04-03 14:36:14,2017-04-06 10:09:56,2017-04-24 00:00:00
415e206741f6c13328e16559b1b85b54,85332b37abb410374a7910d6211e91d8,delivered,2017-09-01 12:57:26,2017-09-01 13:10:15,2017-09-05 17:18:06,2017-09-12 23:47:34,2017-09-26 00:00:00
28cdccd6158be1d2d9a246963df39be3,95507e03074813ed6495792938c27b0c,delivered,2018-04-16 15:00:38,2018-04-16 15:15:34,2018-04-17 21:56:54,2018-04-26 21:03:36,2018-05-15 00:00:00
f1e90bdf367334af6138b4bd29ab5f45,be3fb1099513e32c002c7855a40f09bc,delivered,2018-06-08 11:34:35,2018-06-08 11:54:43,2018-06-15 13:57:00,2018-06-22 09:58:30,2018-07-04 00:00:00
288ca6904834f3c53b074ca4cf8ea81b,140986e1d09b23a0b33837c2cabefb3e,delivered,2018-04-25 22:00:54,2018-04-25 22:55:19,2018-04-26 15:23:00,2018-05-11 14:25:47,2018-05-22 00:00:00
fe10aebacf088c1a719b7818f2e2523e,c97b4ac6de671d4ac0268451487e1493,delivered,2017-03-17 13:53:46,2017-03-17 13:53:46,2017-03-17 14:25:54,2017-03-30 18:13:02,2017-04-11 00:00:00
def216a7e23176302ad2eb66d57a2f5b,96b77633df6af8e488d75d5a138d9923,delivered,2018-05-14 21:02:16,2018-05-14 21:18:46,2018-05-15 08:45:00,2018-05-18 14:24:46,2018-06-01 00:00:00
55aea3ae93b247a771d01bc39ae5ec45,f7c81fde70c898d6c1f8790c9da862dc,processing,2017-03-13 20:20:15,2017-03-13 20:20:15,,,2017-04-13 00:00:00
51585e1d994a841c66c0da52ae3ce522,7d0d42828b50e02b5a4e2c9e95f94a4d,delivered,2018-05-14 10:01:53,2018-05-14 10:12:15,2018-05-17 12:26:00,2018-05-21 13:38:32,2018-06-04 00:00:00
c6b8deadbb46bf659ad2ce2357396969,3a98b6b07067a82c428f574a415666e7,delivered,2018-03-26 11:51:12,2018-03-26 12:10:27,2018-03-27 18:29:44,2018-04-09 22:06:32,2018-04-12 00:00:00
feb54f14f6bd742a2bbdd1d46a5ff7ce,cfa5ffde7c80073ca39bfd54da5d747e,delivered,2018-07-18 10:58:29,2018-07-18 11:10:20,2018-07-19 14:30:00,2018-07-30 18:08:43,2018-08-22 00:00:00
4f287ea2c7dbdf8e22d05ec70cc1b9ab,c96df6d3deff85d63641900cc83bd2e4,delivered,2018-01-14 16:07:31,2018-01-14 16:31:06,2018-01-15 16:38:56,2018-01-29 18:26:40,2018-02-15 00:00:00
e54b4e0bbf25f7c50de1f6c72875dbfd,3c843cbca15a4f5fd38e2877b695a8d7,delivered,2017-10-22 16:05:34,2017-10-22 16:21:14,2017-10-23 15:04:17,2017-10-31 20:11:57,2017-11-22 00:00:00
36760dfa6b15cbace6f34324bc4d52b1,fe358e310dbb69bcfc06224871577528,delivered,2017-08-27 13:13:45,2017-08-27 13:25:16,2017-08-28 14:30:26,2017-09-06 18:22:48,2017-09-21 00:00:00
87af7bf20f2a742dbb71cdcf0f8475c8,04e9f1c738a73da01163495783f0a314,delivered,2017-11-26 01:49:20,2017-11-26 01:57:22,2017-11-29 22:37:45,2017-12-12 16:21:53,2017-12-18 00:00:00
f52f1f17c2bea20943049ec6a170f751,371caebba0615361040bad4b89c40acc,delivered,2017-07-06 10:06:37,2017-07-06 10:23:37,2017-07-11 12:44:28,2017-07-24 19:17:37,2017-08-09 00:00:00
a460ca3ed9ce9c3fe56e879d74050865,389cdd5e626afc3511798506cea06a36,delivered,2017-09-26 11:22:26,2017-09-26 11:35:18,2017-09-26 18:20:07,2017-10-02 16:58:35,2017-10-20 00:00:00
3955b3cc807588a07752d36d78afb900,51e7f839f6a6fe7f83310e01a35c4a7d,delivered,2017-10-12 10:49:27,2017-10-12 11:06:19,2017-10-13 15:05:03,2017-10-20 20:42:13,2017-11-06 00:00:00
7731a91dd46b3556ca99d3b3c34373ef,da368717541c43ca6570eec6f9efa1b8,delivered,2018-08-24 11:14:21,2018-08-24 11:25:17,2018-08-24 14:20:00,2018-08-29 16:08:26,2018-09-06 00:00:00
cc178cb47677a3eae9282800d609ffb4,7d915f753d430eb03e6e8dae6fe41020,delivered,2018-02-23 12:55:48,2018-02-23 13:15:43,2018-03-06 20:27:49,2018-03-23 13:32:36,2018-03-20 00:00:00
cf0d7785ec55eefbe15fed83be6655c6,f5d67d80ea93e8f9d93b3813c7f1b89a,delivered,2017-08-23 15:00:06,2017-08-23 15:10:21,2017-08-25 15:43:16,2017-09-01 20:04:49,2017-09-15 00:00:00
415029216b664ca8671c17b0be718a0e,8bf6fcea7060ca6e881d5cdcbcdfd78c,delivered,2018-06-21 22:08:48,2018-06-21 22:38:23,2018-06-22 15:02:00,2018-06-28 14:40:08,2018-07-24 00:00:00
1489856fc5e3169af6b06edbc1aeb1b1,6e7b0f93dfebf606621b18ba1bbca33c,delivered,2017-01-29 20:24:13,2017-01-29 20:35:24,2017-01-30 10:51:43,2017-02-09 11:35:06,2017-03-13 00:00:00
5ddaacb7f41a1651091efd017cf604d7,12b4ae0a791aa18f7dc19b9af8342f94,delivered,2018-03-14 16:33:00,2018-03-14 17:08:53,2018-03-19 17:52:46,2018-04-05 17:34:48,2018-04-03 00:00:00
472ef9d922172a83923731547a53978f,bc09d6b35dbc523da8fcbc010ba8c630,delivered,2018-04-22 09:29:31,2018-04-24 19:02:00,2018-04-23 19:28:40,2018-05-14 22:08:47,2018-05-21 00:00:00
28e7be9f5fc8bb93020385ec94b1db0b,51ff54ae13cdec5937953af1e40bd315,delivered,2018-08-27 17:10:36,2018-08-27 17:25:15,2018-08-28 14:32:00,2018-08-29 22:25:42,2018-08-30 00:00:00
3c13ca3111b1b5f67cc6bae982e812d2,7ab1e0974193f60d5db1140b566919bb,delivered,2018-06-10 20:10:49,2018-06-10 20:31:57,2018-06-15 13:34:00,2018-06-20 14:31:38,2018-07-12 00:00:00
31eb0eeda57ce4e970ba7b68d98ece39,a395d8312d61fe8d353df099409d7ce8,delivered,2018-02-09 13:46:32,2018-02-09 14:08:54,2018-02-09 22:46:22,2018-02-20 14:15:53,2018-03-12 00:00:00
dba6fefb7f441ba6ec433320366d3037,4aeef35c6b3f3b54344ad40faeb4b656,delivered,2017-09-04 21:51:42,2017-09-04 22:04:14,2017-09-05 15:57:42,2017-09-13 15:36:12,2017-09-28 00:00:00
ace7896e72991cf2be628e8e4c451b17,c735608b79e9fc74cc0522343b8a57c3,delivered,2017-03-11 23:10:42,2017-03-11 23:10:42,2017-03-16 10:11:51,2017-03-23 23:04:26,2017-04-03 00:00:00
9b0ca49107c50799985679a726bfd9f1,338a88863afef428379f400aaf88ebb0,delivered,2018-01-21 16:32:51,2018-01-22 13:53:41,2018-01-24 12:08:03,2018-01-31 23:46:37,2018-02-15 00:00:00
ef39ac02e696ce34d885bf4479217715,da6aae9fbd2ff1eed73d3980331b4032,delivered,2017-04-11 17:18:27,2017-04-11 17:45:17,2017-04-12 11:52:35,2017-04-18 13:44:03,2017-05-10 00:00:00
48ab980d180764382cfa411d2fb63dc0,d8f5ece0bb8f177a047fad8e3639ffbd,delivered,2017-08-04 13:47:57,2017-08-05 03:10:15,2017-08-08 20:55:11,2017-08-23 19:57:42,2017-09-05 00:00:00
9769f28d910e7304d7bf0fcd32d8ecd6,7723193c1c4dcb133dd17fdb475c723e,delivered,2018-07-25 15:18:03,2018-07-25 15:35:17,2018-07-26 15:05:00,2018-08-08 14:58:21,2018-08-10 00:00:00
48705eed276c3080033e79ac60460f75,dbef78e82a11203edd5b1c1726378edc,delivered,2017-05-18 23:35:29,2017-05-18 23:50:06,2017-05-19 10:26:17,2017-05-24 13:45:49,2017-06-09 00:00:00
e13ef2072b1d65c486d7b9fbf5dc6f01,2df9cae8b89e49873d8113b80efcc2fe,delivered,2017-04-03 12:13:04,2017-04-04 05:45:36,2017-04-05 13:28:30,2017-04-13 13:05:48,2017-04-24 00:00:00
172589c3df7261dca954a6c662c38acc,0b98fd446f8fc5e42dccb4dd1b24ad4a,delivered,2018-01-15 21:50:36,2018-01-17 03:34:29,2018-01-17 19:53:59,2018-01-18 16:15:14,2018-01-31 00:00:00
7292e5cb806b92ec0b4545c59b788608,af115f332ba7f4d546292157fdc17037,delivered,2018-05-30 00:10:55,2018-05-30 00:31:49,2018-06-01 14:42:00,2018-06-28 23:21:13,2018-07-23 00:00:00
64d142a53c93d55b6809d20d06dcd951,bfe91080846bf422f0f38f6f2ecdf1c8,delivered,2018-01-25 10:12:25,2018-01-25 10:32:11,2018-01-30 21:08:54,2018-01-31 19:09:36,2018-02-09 00:00:00
a395fd8fe6540a26c5b301e2607a1855,26ce62d227386d8c49486b5ed84f8b95,delivered,2017-10-25 13:32:55,2017-10-25 13:49:23,2017-10-27 21:04:50,2017-10-30 22:46:15,2017-11-07 00:00:00
ac5e42e77576b755d49cc3bb5db277d9,30f286499a9a733763ca895d16ab0ea6,delivered,2017-12-26 13:17:57,2017-12-27 04:14:48,2017-12-27 21:44:04,2018-01-12 21:23:26,2018-02-05 00:00:00
cee7c304d30da21674177c8c988774c9,cc2b95448b7312b132645e228992f095,delivered,2017-12-15 11:08:10,2017-12-19 09:30:56,2017-12-19 21:43:14,2017-12-27 20:13:26,2018-01-17 00:00:00
0681ba84087325819dc1f41d4f79701d,28819969e45ae09705dffba8895b30b6,delivered,2018-03-26 12:36:24,2018-03-26 12:47:39,2018-03-27 20:12:30,2018-04-10 15:46:58,2018-04-17 00:00:00
7013bcfc1c97fe719a7b5e05e61c12db,2941af76d38100e0f8740a374f1a5dc3,delivered,2017-02-18 13:29:47,,2017-02-22 16:25:25,2017-03-01 08:07:38,2017-03-17 00:00:00
a8e8269613bcd0404425870b1095400e,a02b94296be9b66cb7bc703abad86a5e,delivered,2017-08-11 17:59:44,2017-08-11 18:15:06,2017-08-14 20:55:55,2017-08-15 19:26:29,2017-08-24 00:00:00
0bca8e07f15636c260b1f794be423ad9,bdc1f7873ac4879bbd970ac78c3d2d96,delivered,2017-04-25 22:46:05,2017-04-27 13:32:51,2017-05-03 10:30:27,2017-05-12 12:13:28,2017-05-19 00:00:00
af4c2f98bd7bd3031e4e9f8db1b4e9db,786d4975605aad471c77f8c6efa340be,delivered,2017-10-19 22:39:30,2017-10-21 03:05:54,2017-11-01 22:58:52,2017-11-07 19:56:41,2017-11-21 00:00:00
5754d3172f19f363edbaf03691b9f989,d56b30f9f6b0167e61eb297deabfad78,canceled,2018-02-09 11:23:59,2018-02-09 11:35:31,,,2018-03-07 00:00:00
52076105d0ca4133091c2c1db1d4bb9c,b7467e21ccbe2f30a3d2e992eaf6a6e1,delivered,2018-05-02 11:12:39,2018-05-03 04:13:02,2018-05-07 15:03:00,2018-05-09 21:58:31,2018-05-24 00:00:00
c1784d1cbbff59b5a789abe080cfaaee,09d9f8180c32474c99e6d50b0400687b,delivered,2017-09-11 19:46:48,2017-09-11 19:55:17,2017-09-15 20:18:59,2017-09-21 19:57:54,2017-09-28 00:00:00
e0172fe93d1e49afb84d1b9041640b18,d212b0357f43fcec95b63166e2b49bca,delivered,2017-09-27 18:48:59,2017-09-28 02:50:05,2017-09-28 19:57:53,2017-10-02 19:29:05,2017-10-13 00:00:00
da0abbc0c93081d27e4ad10ffc4a631f,e6f88851e7844250dbd8acfcd3346360,delivered,2018-03-21 14:22:36,2018-03-21 14:35:26,2018-03-22 19:09:34,2018-04-06 23:08:25,2018-04-09 00:00:00
1a558554b7f10eba1ffdd56ce469df63,c64bf0daac8cbcf5e6fd306729bd9dc5,delivered,2018-04-11 11:57:49,2018-04-13 02:32:11,2018-04-16 15:04:58,2018-04-20 16:25:18,2018-05-10 00:00:00
60c04fb9105a3236a696e2d75685daf8,7169f7018ca0cd70177f7fceb69fca1e,delivered,2017-05-28 15:04:14,2017-05-28 15:15:19,2017-05-30 09:17:58,2017-06-07 14:59:41,2017-06-21 00:00:00
746327966e37217c499ecfb3caedf658,dceaa0645724c27d40672b248081aef7,delivered,2018-02-14 14:29:32,2018-02-14 14:47:56,2018-02-16 20:56:52,2018-03-02 19:51:31,2018-03-14 00:00:00
045abe3dd2d7c962b78a446b053238a6,6069e96c176d200c3495d72244ae535a,delivered,2018-03-10 12:51:18,2018-03-10 13:08:34,2018-03-12 23:38:27,2018-03-20 18:06:29,2018-04-25 00:00:00
a71cd8199ebd55c8d00ba5bbc3b8eb4c,aa39d63161613aa74c527fa4fb63b507,delivered,2018-01-15 09:21:56,2018-01-15 11:36:41,2018-01-17 13:09:29,2018-02-09 14:32:47,2018-02-14 00:00:00
f5de15fee5da7c522b0aa5837f99a1db,825f22f11d87d6a84f2d728e622923eb,delivered,2018-05-03 14:45:05,2018-05-04 03:31:48,2018-05-08 10:18:00,2018-05-16 16:38:53,2018-05-23 00:00:00
f5646e8203a36be7abc9ebb188926c39,218e8459e120553d778fa740d5785b0b,delivered,2018-07-06 19:46:58,2018-07-06 20:10:51,2018-07-10 09:16:00,2018-07-11 20:58:27,2018-07-19 00:00:00
b12077e26b8a52d9944ab81e165e5a20,78fd0c97db13857bc3ae55a08edf46da,delivered,2018-04-08 21:48:54,2018-04-08 22:09:38,2018-04-09 20:03:13,2018-04-11 13:12:44,2018-04-30 00:00:00
0d05881e40ca056d5ad848217bc92cb1,5ad19fef350cb23a9d20dcf861ea05f7,delivered,2018-01-19 10:37:45,2018-01-19 10:55:46,2018-01-23 22:08:06,2018-01-27 11:05:08,2018-02-23 00:00:00
6720f9096736db7c2427635f7d31361c,6f804e6a8f98ba0d151e10eccaf1ba7b,delivered,2017-07-05 21:39:23,2017-07-05 21:50:18,2017-07-07 14:22:54,2017-07-12 13:17:37,2017-07-25 00:00:00
d053eed5434bc54c4fe629d35a009175,d797148a7505e4d0976f5b61d1c40741,delivered,2017-08-08 20:03:46,2017-08-08 20:15:21,2017-08-15 19:23:50,2017-08-23 14:12:34,2017-09-11 00:00:00
3ffe9f020ed3983733cae2d4b581c27d,f09e467898a1ce7d11004949dd8cea8d,delivered,2017-03-02 10:40:35,2017-03-02 10:50:08,2017-03-02 22:07:57,2017-03-13 15:42:04,2017-03-23 00:00:00
00b9e0f8f588d0406a3de447eb606970,282ab86c49646e5a18507b088ee0d74c,delivered,2018-01-22 11:18:35,2018-01-23 03:37:44,2018-01-26 17:54:44,2018-02-16 18:23:19,2018-02-14 00:00:00
79e142ec7dc9b52c689db4d43c06e63b,1e49717e97fab065ef9ada06236dcf7c,delivered,2017-12-06 18:20:00,2017-12-06 18:33:41,2017-12-11 17:49:10,2017-12-20 19:35:24,2018-01-04 00:00:00
25e460c20f54821a96f7570fe5b22934,02852e252d0c1cd7bd7e2a33558963c6,delivered,2017-11-30 11:38:17,2017-11-30 11:52:42,2017-12-01 21:09:14,2017-12-15 22:36:39,2017-12-22 00:00:00
a66b73e5e96567d039cbebbde0ec0bae,7249b8d5c59c96dd49d2f227ef6a475a,delivered,2018-03-21 08:26:56,2018-03-22 02:56:04,2018-03-27 22:55:36,2018-03-29 17:02:57,2018-04-03 00:00:00
c6701e6d9b17bfd2a252ecb5aa4c7949,685b324496cdde685f878afd7c329cee,delivered,2017-07-23 02:05:55,2017-07-23 02:15:08,2017-07-24 17:35:46,2017-08-01 14:28:32,2017-08-15 00:00:00
943980abcbc522eb49346398ee2594b4,96530093e1f224383da249e21be5787b,delivered,2018-03-23 21:19:37,2018-03-24 02:10:44,2018-03-28 01:46:58,2018-04-05 15:28:43,2018-04-17 00:00:00
faf87806481a087a5380b61974971f90,f0de8fe1922665df9ea965006387a423,delivered,2017-05-06 23:03:32,2017-05-06 23:15:09,2017-05-09 12:17:23,2017-05-16 15:13:53,2017-05-31 00:00:00
4c20d86993fc699419a84cbd9ffab181,8df8a5ad7ef800896d066dfb0838ba37,delivered,2017-09-25 21:06:25,2017-09-27 03:06:10,2017-09-27 22:24:29,2017-10-04 16:37:54,2017-10-27 00:00:00
b7fc96d05af08ecd1ecc914608254771,09e3d637b4e4aeca1aee39dd87c0ce52,delivered,2017-11-05 20:15:12,2017-11-05 20:26:45,2017-11-06 16:53:02,2017-11-08 21:27:53,2017-11-30 00:00:00
6e2771718083a9e281c9414a5b055fcf,afeb82c48991be6b9c35a005a6e0e250,delivered,2018-05-05 14:16:29,2018-05-05 14:30:11,2018-05-08 15:49:00,2018-05-16 22:03:51,2018-05-29 00:00:00
a316eee6dacbc0393c28dff3568a67ee,957f3479d00c3d8aaa4ccb50b22e5ac3,delivered,2018-05-17 14:20:39,2018-05-18 01:35:19,2018-05-18 14:57:00,2018-06-13 23:06:27,2018-06-06 00:00:00
cc0c321766d42077807443aa4d74608c,4dc4876f7b580f0cdb9993edbd4cc975,delivered,2018-03-16 15:28:12,2018-03-16 15:49:39,2018-03-19 19:56:31,2018-03-27 21:48:41,2018-04-10 00:00:00
bc8b2c869ce7a64ee059f716300aaed7,01190354aed7ae9e31b5f523699cf01b,delivered,2017-08-28 05:07:18,2017-08-28 05:24:49,2017-09-05 19:04:51,2017-09-09 12:42:23,2017-09-19 00:00:00
77e1cc2ffec141e9953220a084af5951,873d4758d873a2b0ac64c037870a27c5,delivered,2018-02-05 21:26:21,2018-02-05 21:50:25,2018-02-06 22:52:14,2018-02-22 20:19:44,2018-03-01 00:00:00
f580d204eb45ac888b6150ab3869fd98,46629720f785183abf62107206e8ee37,delivered,2017-06-30 12:46:40,2017-07-01 12:50:09,2017-07-04 13:13:29,2017-07-10 17:33:52,2017-07-20 00:00:00
203b4c4ffae20ac2c0e84994938927aa,5b508d1f148be57556421745c0eacd4f,delivered,2018-03-21 22:59:02,2018-03-21 23:10:30,2018-04-04 18:12:48,2018-04-12 20:03:19,2018-04-27 00:00:00
328d856c33d24e8aac1b90367ae7cd3a,5ca2a93c4bf830a3bde999890100180b,delivered,2018-02-23 13:56:37,2018-02-23 14:15:47,2018-02-26 22:43:18,2018-03-14 21:38:47,2018-04-09 00:00:00
bb94354031a1df0364e66b09e197bb78,97f4023f8f25a0983d253d91cf53e34d,delivered,2018-04-08 13:04:47,2018-04-08 13:30:14,2018-04-10 19:12:14,2018-04-16 18:33:44,2018-05-02 00:00:00
c0abe2d7400d2241004b893449bd4430,07c5a6a9d224de547f569a5a1d01be7c,delivered,2017-11-12 15:32:07,2017-11-12 15:50:43,2017-11-14 22:25:56,2017-11-21 19:45:54,2017-12-01 00:00:00
f9eacd2ae0f04cdb4b243d2582392d35,a68021e914fb8d880d37ebdf4a8730a3,delivered,2018-05-05 17:57:22,2018-05-05 18:13:46,2018-05-08 14:40:00,2018-05-22 12:31:56,2018-05-29 00:00:00
5da51b8b5965a7fba98bd18c5ef4c27e,75a1cadda9d7c247d4de092bc844ec32,delivered,2018-02-26 20:28:20,2018-02-28 10:10:50,2018-02-28 19:29:01,2018-03-08 17:22:48,2018-03-21 00:00:00
c3aa096e341a72813ecfb834df16b91e,df260d95c577d15b5163902632a1ff39,delivered,2018-06-12 21:45:04,2018-06-14 02:39:10,2018-06-14 15:41:00,2018-06-18 15:22:21,2018-07-11 00:00:00
399fecaa30efa4d1624e7314b2eeaead,676155cb45bb9bbf30b28fe11ca375bb,delivered,2018-02-14 17:30:38,2018-02-14 17:47:27,2018-02-19 20:53:17,2018-02-20 21:59:04,2018-03-01 00:00:00
adfdb27a08daee708353f76e9b690c75,7d7f3cc7c5c055168d53b850be481fde,delivered,2018-07-31 22:55:08,2018-08-01 22:50:19,2018-08-03 12:17:00,2018-08-09 17:54:23,2018-08-15 00:00:00
0d3932a3836fab6762836714e0eee9ae,a175acdd7db7e143800f80a43e468b1d,delivered,2018-02-27 22:17:09,2018-03-01 02:35:41,2018-03-08 00:09:39,2018-04-14 08:14:50,2018-03-28 00:00:00
53cc1746fb6c46702ba0e22fc3db81a5,322491e830e0cc5847544c5315f9fad2,delivered,2018-04-27 14:17:09,2018-04-27 14:32:15,2018-04-30 13:27:00,2018-05-08 23:52:45,2018-05-22 00:00:00
5b7f5b227fe180d431061fa7fa791d28,45d8641400d049a751a1d954a4cff0a2,delivered,2018-03-26 15:02:49,2018-03-26 15:15:19,2018-03-29 21:21:29,2018-04-16 21:38:49,2018-04-23 00:00:00
2e5780555c99ce4a40180d00185ecaad,fdef57516fc53f45e304c5edf00c5c49,delivered,2017-06-26 08:48:48,2017-06-26 10:34:19,2017-06-26 14:56:36,2017-06-29 12:37:42,2017-07-14 00:00:00
198177af0a16eabb6614584d18a4a8d9,bb20a0776a1c66986ca5799dfb8735f6,delivered,2018-01-09 09:29:24,2018-01-09 09:38:30,2018-01-10 16:22:11,2018-01-19 23:58:44,2018-01-26 00:00:00
198cbd4bd806061597b3f8fbdf126ad6,5c9d09439a7815d2c59d2242d90b296c,delivered,2018-07-28 09:39:51,2018-07-28 09:50:14,2018-07-30 11:27:00,2018-08-07 16:51:49,2018-08-27 00:00:00
94b036e9c8d7275cda2d1a19c6fe11de,40a3be412130198c7617ff3e7a18612f,delivered,2017-08-05 10:48:59,2017-08-08 04:24:37,2017-08-08 22:33:28,2017-08-17 16:22:10,2017-09-11 00:00:00
fb9489db9eb0031c0f793fb3af5887c2,105517ff3d84727c408c34e9b07afb93,delivered,2017-05-25 07:49:44,2017-05-25 08:02:46,2017-05-29 08:32:42,2017-06-09 15:22:56,2017-06-29 00:00:00
c25a13eced69c57fc779116bea316865,9a252effcd7472044f43607569f181ab,delivered,2017-11-03 00:01:36,2017-11-03 00:15:39,2017-11-08 21:08:43,2017-11-17 20:11:36,2017-11-27 00:00:00
840fba0867d6686cd4a428f76d01f97e,7facd235e6759b64f900b3a24f71a2a6,delivered,2017-10-10 08:11:26,2017-10-10 08:26:21,2017-10-11 00:23:10,2017-10-20 17:34:04,2017-11-03 00:00:00
d7223bda384121339a1417576984d28e,a1716f0881bb11bd5a3106a1033023f7,delivered,2017-05-09 16:27:41,2017-05-10 16:32:08,2017-05-12 13:37:04,2017-05-23 16:29:47,2017-06-05 00:00:00
b59907afa60164e884ce406116efc58d,9c8fef93c079fbe536b901578adf6d2a,delivered,2018-07-02 08:44:56,2018-07-05 16:13:12,2018-07-05 12:45:00,2018-07-10 22:31:55,2018-07-20 00:00:00
ad0c8220f99f61bf17c26f4732bda83a,4b80ef6eb0f70e5ab41bc1739a5cd827,delivered,2018-07-05 14:46:33,2018-07-05 16:22:32,2018-07-05 15:50:00,2018-07-13 01:11:53,2018-08-01 00:00:00
402c61cbd327813b4797dfcfaa08889f,a93166fe7f216671c235ade81f9eeb1c,delivered,2018-07-25 12:01:29,2018-07-25 12:10:22,2018-07-25 14:12:00,2018-07-31 18:21:43,2018-08-08 00:00:00
b2a33016c177ab9b6f09ca324bb26ec6,eeee2f043c3d6faae8dad300a788731a,delivered,2018-06-18 16:34:39,2018-06-18 17:01:34,2018-06-19 14:49:00,2018-06-23 13:54:44,2018-07-17 00:00:00
f2710c3e65b68cfc927a8aac6ecebe83,88be8e039439308b5ec70c4994293485,delivered,2018-01-04 17:50:02,2018-01-06 09:56:20,2018-01-11 17:09:32,2018-01-16 12:08:07,2018-01-29 00:00:00
3399c5d5b9eb49b7a4ec11d7c39a8aec,4956cc7d2a22d2682898172e9a1835a4,delivered,2018-04-10 20:26:03,2018-04-10 20:51:12,2018-04-11 22:46:53,2018-04-13 23:04:40,2018-05-04 00:00:00
d2337a41d3e791baab0721d029477897,a64c2441d155b7d60476fbfe51d87871,delivered,2017-11-30 14:18:30,2017-11-30 14:35:05,2017-12-02 00:58:39,2017-12-07 20:16:41,2017-12-26 00:00:00
c83c4d494968f8fecab063e6ef841d78,f1d7e7c97233a9915400f69cd7f66200,delivered,2018-02-04 19:35:08,2018-02-06 04:33:11,2018-02-08 20:48:31,2018-02-14 19:28:01,2018-02-21 00:00:00
5e305bce2589552e505f2db43aaef669,5cc10ff6fd37b0b4caef7a9d784491f9,delivered,2018-06-17 18:14:28,2018-06-17 18:34:00,2018-06-18 14:20:00,2018-06-21 17:46:34,2018-07-17 00:00:00
bb39656e25b904a5f69ff53ab7d0d9e9,6738dc2bb3f2f7f40961e8dac0adc05a,delivered,2017-11-11 16:32:40,2017-11-11 16:56:16,2017-11-17 12:48:38,2017-11-23 19:27:03,2017-12-05 00:00:00
5f00e80d3b9ae5d8410469f9f0ffd1bb,500fcc5f572fc30b5d83aa769ddc6b0a,delivered,2017-08-31 13:03:37,2017-08-31 13:24:15,2017-09-01 18:53:25,2017-09-04 17:48:21,2017-09-19 00:00:00
bf45b8917f0c4bba2d29256fdbac3d04,2f856641aee6cb4e633a72f2f2fe0e64,delivered,2017-03-25 09:43:20,2017-03-28 04:03:07,2017-03-29 12:22:51,2017-04-07 17:03:50,2017-04-18 00:00:00
c09b04d29fbb1982a8af49b8ada809e8,da4c7ec81a98e76b5064c3971a1bfdb9,delivered,2017-04-19 20:59:32,2017-04-19 21:10:14,2017-04-20 11:25:27,2017-05-11 09:23:00,2017-05-09 00:00:00
2f4ff136710d68728b138325f3a65eef,7cfd450807b027f5cbeaced5c26d4cbc,delivered,2017-06-16 11:43:55,2017-06-16 11:55:16,2017-06-16 14:37:39,2017-06-19 21:16:49,2017-07-12 00:00:00
3f60d20593c45a1bf3238623c718e444,99f5da45f7eeadaf8a67bab460e3ea5d,delivered,2017-02-28 15:04:30,2017-03-02 04:10:23,2017-03-03 07:34:20,2017-03-10 17:27:31,2017-03-22 00:00:00
36aca7635fb851ae5aeee3b8043cd732,a0c1cb74483d60b2e5216cfc072945fd,delivered,2017-12-08 20:36:30,2017-12-11 17:32:35,2017-12-12 20:05:17,2017-12-17 13:08:41,2018-01-05 00:00:00
e8a6d329a01bec6edaf5e8bf65b4b9e3,5c32a672906f78018ad33038a2c68e2d,delivered,2018-05-10 16:48:41,2018-05-10 17:09:22,2018-05-11 10:03:00,2018-05-18 17:12:49,2018-05-29 00:00:00
e22988df4a8a5e701f32adc32b5d5fb4,62561829cb4eb66eddee23af1e7d4570,delivered,2017-12-04 11:06:11,2017-12-04 16:30:35,2017-12-05 00:58:36,2017-12-19 21:09:14,2018-01-02 00:00:00
922acd93e452539fe6833fd485296ffe,8a6c1f2258e2b15dfc82477615fd9ed0,delivered,2018-02-07 08:38:21,2018-02-08 07:50:29,2018-02-14 19:58:57,2018-03-02 19:05:55,2018-03-06 00:00:00
ff3a6dc71d198630c018885d4049ef6b,e749ef65bf52337f19fbf21c4b61c53e,delivered,2017-11-16 13:42:46,2017-11-16 13:55:28,2017-11-20 21:51:38,2017-12-07 14:23:31,2017-12-05 00:00:00
b4ec6d93789e37e779f86f3b7a9982e5,a79c3eb63791c42b3c065e2f942d84e5,unavailable,2017-10-10 09:25:47,2017-10-10 09:35:32,,,2017-10-30 00:00:00
16e192db098dd55c18aff27770402968,2666adfdf45be751a53e2306f056f01d,delivered,2018-05-24 23:44:43,2018-05-24 23:58:17,2018-05-25 13:15:00,2018-06-05 19:36:54,2018-06-20 00:00:00
2276bb734e4633294d205c492f92ee24,8e11f29cca8a639c168852fec0c5e607,delivered,2018-07-31 21:51:16,2018-07-31 22:24:10,2018-08-01 12:07:00,2018-08-06 18:11:23,2018-08-16 00:00:00
d8823f4e35f58bef4822771f326d6153,022d8f488c8a3f6e686848f2b2cfc54d,delivered,2018-08-11 20:29:00,2018-08-11 20:45:13,2018-08-13 10:59:00,2018-08-21 15:22:55,2018-09-04 00:00:00
ce4a4ff7ae292d2a9b3f36c017a82914,7e779148dc9ac9f7a27f32ba4025f03b,delivered,2018-02-04 20:00:35,2018-02-04 20:24:20,2018-02-05 18:05:39,2018-02-06 23:22:47,2018-02-21 00:00:00
4d2cd60ca011d5fb2da3bb0ca50c079e,69d15c9d68a00d3df87bb89cc92c1465,delivered,2018-02-24 21:34:29,2018-02-24 22:20:20,2018-02-27 04:17:44,2018-03-21 21:07:25,2018-03-22 00:00:00
5942bd3a8502a95cab0655d31eb2c6fc,0da03c17bb6e78ca54c42dd0332b5847,delivered,2017-09-02 10:17:22,2017-09-02 10:30:20,2017-09-05 11:59:12,2017-09-13 18:44:50,2017-10-04 00:00:00
72c6b387a8a7211c63a087c477cc8458,822fc3ec67d529e9601ead70e60a48ef,delivered,2017-10-27 11:14:34,2017-10-27 11:30:34,2017-10-31 16:41:36,2017-11-04 12:13:49,2017-11-17 00:00:00
74a93edfa68b687b0e3697b4e20e4b80,93f8c753ce9ea364d109c7a5a0766438,delivered,2017-09-07 19:17:27,2017-09-07 19:30:19,2017-09-08 17:57:49,2017-09-14 17:54:03,2017-09-29 00:00:00
3c5261ee6c155b81e82cb5cdc60b045f,36e3ef8fb933d8bb9d41919db6838486,delivered,2017-07-13 19:50:11,2017-07-13 20:04:18,2017-07-17 15:57:37,2017-07-24 19:24:27,2017-08-04 00:00:00
086da3118e7ada3cfb7cce476954af52,314533dd95657b7de8748504efc89ce5,delivered,2018-05-22 09:51:07,2018-05-22 16:58:36,2018-05-23 13:50:00,2018-06-08 21:42:39,2018-06-22 00:00:00
440efc866515b274c87852a745f91726,f8310a577e4c6ec83f3a4ba83d0619fe,shipped,2018-02-26 11:50:45,2018-02-26 12:31:14,2018-02-27 18:46:50,,2018-03-23 00:00:00
d3f61af04f38785c0797842d31273ffc,e79ccfb22364f3a40ff2ecfd199bb8f6,delivered,2017-05-10 17:47:52,2017-05-10 18:02:41,2017-05-11 13:55:39,2017-05-19 09:16:42,2017-05-30 00:00:00
7fd1ad3183dcd535e1fbbd709f095a4a,e108cd9fef87ab8a6d33ff941da84e27,delivered,2017-10-15 23:33:59,2017-10-17 03:56:29,2017-10-20 18:57:42,2017-11-01 19:09:58,2017-11-10 00:00:00
fb1d06cccaa9f157355d83d52634c957,ee5623f1e838be7d736d0592a4e870f3,delivered,2018-03-22 14:41:57,2018-03-22 15:31:20,2018-03-23 20:41:31,2018-03-27 23:48:33,2018-04-04 00:00:00
79347dc228cde031ba95adb6a647ab6b,7428039bece87fe99af596c5bfa677fe,delivered,2017-05-21 11:36:06,2017-05-21 11:45:12,2017-05-24 12:14:23,2017-05-29 13:35:45,2017-06-07 00:00:00
538be20e72bfe8506afe7be4b3dd4467,0d30ce0128ab8a11c943446395ae13c8,delivered,2018-06-12 10:14:42,2018-06-13 02:58:50,2018-06-13 15:49:00,2018-06-19 23:08:47,2018-07-20 00:00:00
b50045898b1f2d9c7c9b68f8902e1d45,cbf6bbafd59bfa00acd359ed892486a0,delivered,2018-06-29 11:07:54,2018-06-29 11:15:14,2018-07-03 05:56:00,2018-07-11 17:08:49,2018-08-02 00:00:00
78668b283d34d8c72670a44109fbbe09,7fba71e38a0e19cf1f93068d6740de86,delivered,2017-10-09 10:54:14,2017-10-09 11:14:23,2017-10-11 12:58:42,2017-10-19 18:38:53,2017-11-09 00:00:00
31b0200a12c9808aa855b6ac26959825,634ac2ca3280b01fbacfd73c3374cd02,delivered,2017-11-29 11:05:21,2017-11-29 11:13:23,2017-11-29 18:52:02,2017-12-05 20:13:40,2017-12-21 00:00:00
bf92c69b7cc70f7fc2c37de43e366173,42dbc1ad9d560637c9c4c1533746f86d,delivered,2017-07-24 22:11:50,2017-07-24 22:25:14,2017-07-26 01:42:03,2017-07-31 16:59:58,2017-08-15 00:00:00
f1b8a6915a203e63ddcf0acb3e7dd891,64e458e1a4f5de5f1d8f3e912ab9253f,delivered,2018-01-16 22:11:32,2018-01-16 22:30:02,2018-01-17 20:27:10,2018-01-23 16:52:38,2018-02-06 00:00:00
181f8cdc95994be0cdebf5aa7aecb2b6,84a79651271b4c31de234b12cec4f897,shipped,2017-04-03 20:26:05,2017-04-04 20:35:07,2017-04-05 15:07:58,,2017-04-26 00:00:00
e6b80bdcd0b9d933453a3ee0bdd0de64,7d93c5192af81cfac519a75837ecf400,delivered,2017-11-28 08:13:27,2017-11-28 08:37:06,2017-12-01 19:28:55,2017-12-03 13:57:55,2017-12-15 00:00:00
10c64a2e69f00b07c2fdc81d3e62951e,e172db8764f0ae326951c63d39bbb1fa,delivered,2018-04-26 09:56:22,2018-04-26 10:49:57,2018-04-26 15:09:00,2018-05-02 20:44:30,2018-05-24 00:00:00
5805ab89b5c04778c691daba25a93341,03d64d0d6b6524a94c827bce49413a4a,delivered,2018-05-01 21:25:26,2018-05-01 21:51:46,2018-05-04 07:19:00,2018-05-09 17:44:57,2018-05-25 00:00:00
f81bd34ec4dd1f36d89fe966cf87c4d7,a0046dd51e43cf0c76c5acbe045d423f,delivered,2018-08-02 12:06:18,2018-08-02 13:04:24,2018-08-03 12:28:00,2018-08-06 16:13:06,2018-08-08 00:00:00
3131bc45acd396fba15c45085b9c5acd,0f89df2a98faa7a79f0b852836e99bc2,delivered,2018-01-28 16:39:32,2018-01-30 16:34:55,2018-02-01 23:58:50,2018-02-24 01:22:51,2018-03-06 00:00:00
0a1e9a535a370a7613939cdf2196c089,ca93eb799ba9cd57573661a4f896e2df,delivered,2018-05-03 21:15:47,2018-05-04 02:51:44,2018-05-04 15:22:00,2018-05-10 19:03:32,2018-05-22 00:00:00
8de627d14a078b2047d929756c94546a,31bbd9c903c3a084351754fb5b2073b2,delivered,2018-01-12 14:32:51,2018-01-12 14:48:14,2018-01-17 21:13:48,2018-01-24 21:22:33,2018-02-02 00:00:00
925ee6cfbb7a083de5384773197aa9f6,b7021bcc80efc910e6a0748389a5eeb9,delivered,2018-04-08 19:22:37,2018-04-10 17:32:42,2018-04-11 19:36:46,2018-05-02 18:32:03,2018-05-07 00:00:00
c282af09e5db227f93b1f3175aba57e6,43de04dc7e0cdc9aa53547832a059ea8,delivered,2018-06-11 18:39:48,2018-06-12 05:36:46,2018-06-13 14:38:00,2018-06-16 20:38:46,2018-07-05 00:00:00
05bf4fdb30932b7910144b4359ea9f69,c61b59e94df1163cac39154ea29f88a9,delivered,2018-03-06 13:22:10,2018-03-06 13:35:37,2018-03-08 23:41:26,2018-03-15 17:06:51,2018-03-26 00:00:00
ec7fe8ab2dc8752a229cd9a28a91bc57,3df3fcf0aee44c306ffc6e98b8643e3f,delivered,2017-05-09 16:33:36,2017-05-09 16:45:15,2017-05-12 11:49:55,2017-05-25 11:26:57,2017-05-31 00:00:00
0f0343a1e7cde1a1ee46f5c8274948d4,539b3638d0429be59e27871e1233b212,delivered,2017-11-17 19:51:09,2017-11-17 20:56:04,2017-11-20 21:21:46,2017-12-06 23:42:22,2017-12-15 00:00:00
fb63c86c3eaed472fe50559f4b9bcb4e,0a212f686094e52f1c0a36b0c4f01492,delivered,2018-04-09 16:47:42,2018-04-10 04:10:50,2018-04-10 22:27:31,2018-04-12 14:58:43,2018-04-19 00:00:00
403d497d5ac592144b9c83c01daa3a25,abe303b2f51b88425d9540c97afab308,delivered,2017-08-19 15:20:45,2017-08-19 15:35:09,2017-08-21 21:17:22,2017-08-25 18:36:45,2017-09-01 00:00:00
3609efe3e67d76fc425ba5fd19fd4bd5,b0a138fd5010ba7c97075d71001e87c3,delivered,2018-02-19 19:34:43,2018-02-19 20:35:34,2018-02-20 18:18:53,2018-03-15 21:07:32,2018-03-16 00:00:00
bff2ec667a2227ed2cda0bfdde817c4c,bee3833504863a13b5b1b6d84fc08b70,delivered,2017-06-12 13:47:19,2017-06-12 14:02:47,2017-06-19 12:33:56,2017-06-26 13:55:45,2017-07-05 00:00:00
6fa0a93cdb26addb94babd05cb172c69,a2a078fa1733f929581628ac2d2c4bf2,delivered,2017-11-27 20:26:26,2017-11-27 20:39:36,2017-11-29 21:23:04,2017-12-16 16:51:24,2017-12-19 00:00:00
1f6b1a05b6d25d477413bbc327f1a714,677602cd0786998b80490124d923eb07,delivered,2018-04-19 14:23:20,2018-04-24 18:13:54,2018-04-25 10:54:24,2018-05-04 17:48:40,2018-05-23 00:00:00
8136bf2406388feb89749d0801840cbc,c10df225c03861cca258bdc8f9e29cda,delivered,2018-04-07 10:43:23,2018-04-07 10:55:14,2018-04-11 19:54:37,2018-04-18 00:39:32,2018-04-26 00:00:00
4d5ca668f7379152280cad9804224092,5a2d7291ecbd025f673ee972a24e7611,delivered,2018-03-01 16:07:47,2018-03-01 16:15:34,2018-03-02 17:57:05,2018-03-22 15:26:32,2018-03-27 00:00:00
a503ed3639b58426f15f719d61bfe408,a11a96019906d49f5d01edda79022941,delivered,2017-01-27 12:10:43,2017-01-27 12:31:29,2017-02-01 01:02:56,2017-02-15 18:45:02,2017-03-03 00:00:00
f42bc77d6937968056c0a86060664c72,9ba410e5ef39ead3ac737a405812d23f,delivered,2018-03-04 11:28:12,2018-03-04 11:49:35,2018-03-06 20:04:30,2018-03-14 21:48:41,2018-04-03 00:00:00
fa2ea4b6e84c1c0fc4f3a6d468c55183,b5d838521379fbc2a2e8c3f360f57e01,delivered,2018-03-20 22:27:08,2018-03-20 23:10:30,2018-03-22 19:09:08,2018-04-17 22:08:43,2018-04-20 00:00:00
b8c12de243231c164525a1ff7a08b60e,9821287ad7d15f4d84c475e944394694,delivered,2018-03-03 16:29:40,2018-03-03 17:28:52,2018-03-08 19:56:34,2018-03-20 20:17:21,2018-03-21 00:00:00
965894a29e84a767db7030a6829aa075,09dfcfc2eb69eecaedfdb6855ca8301c,delivered,2018-07-02 19:51:20,2018-07-02 20:10:07,2018-07-03 12:16:00,2018-07-12 14:24:39,2018-08-06 00:00:00
e56dc70751e30dd4008c762ed6be2bce,bbc3f376031737e9800139ad8765867f,delivered,2018-02-05 16:33:32,2018-02-05 16:52:07,2018-02-06 22:57:37,2018-02-21 20:52:46,2018-03-02 00:00:00
0339c36ce09427390de0dfe649d7e073,0bb22defe0dd478a90cff2c735610686,delivered,2018-01-22 19:00:47,2018-01-22 19:14:24,2018-01-26 18:14:17,2018-01-27 20:46:45,2018-02-06 00:00:00
af00499b52c61ba01c141aa619499861,21002c15c8aa325861340153df24ef5f,delivered,2018-07-01 13:48:36,2018-07-05 16:03:55,2018-07-03 15:45:00,2018-07-11 17:48:46,2018-07-17 00:00:00
8eb8340fe562c039a135209676b65768,e31acf8fa4dc5221a8252948ba1216f5,delivered,2017-06-09 18:33:19,2017-06-09 19:42:35,2017-06-14 06:51:23,2017-06-19 17:52:34,2017-07-10 00:00:00
a1f1c1a9b85e3577708c859890081c48,4796e39a763d67f1eea914be94b6533e,delivered,2018-05-07 15:48:42,2018-05-07 17:30:07,2018-05-09 05:55:00,2018-05-16 00:42:20,2018-06-08 00:00:00
f6e09765a386aa4607ea665f090511ae,8c4d6b0b94bdda396e839a02feeaff86,delivered,2017-11-23 07:43:48,2017-11-23 07:54:29,2017-11-23 17:12:25,2017-12-08 13:27:03,2017-12-12 00:00:00
4da457afd715a9eade1b7b5a2fcc2d9c,4d7e93a0a4df3fd770527b9c914fd898,delivered,2018-01-17 22:38:37,2018-01-17 22:50:16,2018-01-18 12:32:31,2018-01-27 16:18:53,2018-02-07 00:00:00
62d1fe3b4b56a1fdd8b36c6337feb134,02d3be823b4d408e3f5e80f5cb7cb0e9,delivered,2017-07-20 18:13:23,2017-07-20 18:25:17,2017-07-24 17:37:39,2017-07-26 21:26:46,2017-08-02 00:00:00
cbdd479f38ee1e515fba2abac4ab132b,830028761e323fc5040b241f35e91579,delivered,2017-07-18 13:54:26,2017-07-19 15:43:31,2017-07-20 18:34:07,2017-07-21 20:04:59,2017-08-07 00:00:00
e127e496849462216ba78b6dfe0c48ed,4e1eea7b0e7ae6e0ed69d9017f4641bc,delivered,2018-05-01 17:38:20,2018-05-03 04:12:48,2018-05-04 15:46:00,2018-05-14 19:03:33,2018-06-01 00:00:00
d7f4c7c033cbbcef2916aaf7b594becf,465fd465dfc7d83630b4c1ca4b51deeb,delivered,2018-01-15 05:46:01,2018-01-15 05:54:19,2018-01-16 15:40:33,2018-01-25 17:02:49,2018-02-14 00:00:00
50dbf23c28366a81bdb67c0392e121cc,b1348f86675924b0986423cba52b3334,delivered,2018-01-22 23:34:37,2018-01-23 23:34:10,2018-01-26 19:07:05,2018-02-06 18:53:52,2018-02-20 00:00:00
3a667f6f00042dac8b2259c2b2c78869,b8dacf36fb30ff861d84026b5e07c5b2,delivered,2017-11-19 18:20:43,2017-11-20 18:14:23,2017-11-22 20:47:32,2017-12-07 23:33:57,2017-12-13 00:00:00
4c339dfdfa86bf3f203ed8562aef7df5,c14493561a722266d3b4452d54871c40,delivered,2018-03-28 05:50:33,2018-03-29 03:15:28,2018-03-29 19:45:34,2018-04-10 13:04:02,2018-04-25 00:00:00
83b2d648943450c9ec62dea697e60c4d,c0c2e80254e10e47ab732cb4eb307aee,delivered,2017-10-09 18:06:36,2017-10-09 18:25:32,2017-10-10 14:38:19,2017-10-27 19:12:46,2017-11-09 00:00:00
6c913991aedb5977cece1b1865cab730,67183b1b66db8358614f86d20c62294f,delivered,2017-08-08 21:31:55,2017-08-08 21:50:07,2017-08-09 15:33:51,2017-08-16 19:37:48,2017-09-05 00:00:00
e4f0fb907ebf79c450a8646d85c36d62,974f9c5c29d6eedcbe11b1b76ef43553,delivered,2018-02-01 16:37:28,2018-02-02 16:00:44,2018-02-06 18:37:02,2018-03-19 21:46:51,2018-02-26 00:00:00
2b70d21ddc5dd76283f1ea40d68b4011,48728549343164b0cee90ac68d3000a8,delivered,2018-07-27 20:09:23,2018-07-27 20:25:10,2018-07-30 15:04:00,2018-07-31 20:07:52,2018-08-07 00:00:00
0d88db9608d798b5d604f668ca3c9bb6,255b0a0e9448ec28a16bf983b2d08298,delivered,2018-07-23 20:03:46,2018-07-24 10:31:18,2018-07-24 14:42:00,2018-07-25 18:45:29,2018-08-02 00:00:00
e76180345fb828eab6371bd9cb478529,d47f91614f1a37b1a64a53e39024a5bd,delivered,2018-05-01 13:40:07,2018-05-01 13:50:35,2018-05-02 16:19:00,2018-05-16 00:22:07,2018-05-23 00:00:00
186748dbc47f9d6cf119fe3ce8be3ea7,934a673b8bb916473b761f064fc69295,delivered,2018-02-03 19:36:02,2018-02-05 11:30:05,2018-02-20 13:27:55,2018-03-02 20:02:53,2018-04-02 00:00:00
5a9091e3b6449a23c5b751f426945acd,03f21d23b93b0baba743e57d5ad14604,delivered,2018-06-24 21:35:02,2018-06-24 21:58:30,2018-06-25 14:22:00,2018-06-26 19:31:37,2018-07-05 00:00:00
4130a3c17d5018e8877e1dc104b55fec,389f2b5837cf58e9421ac2e8edbbe43a,processing,2017-02-03 20:08:53,2017-02-03 22:25:14,,,2017-03-21 00:00:00
829cd80a357f79daa5758c5f4007fe23,bfc617fed8813736c353eb59ab967901,delivered,2018-04-12 21:47:04,2018-04-13 21:50:54,2018-04-17 00:27:01,2018-05-14 18:02:55,2018-05-15 00:00:00
cfde948cbe426f37ac61e0f04215a5f3,000e943451fc2788ca6ac98a682f2f49,delivered,2017-04-20 19:37:14,2017-04-22 10:15:17,2017-04-25 08:23:14,2017-05-09 11:50:02,2017-05-17 00:00:00
214e3e63d08a54a0670daa8ce72df870,4b2c763f9ab82adb060b50e0db39846e,delivered,2018-07-16 18:18:52,2018-07-18 02:55:26,2018-07-27 12:02:00,2018-07-30 19:21:44,2018-07-31 00:00:00
de850dab321309c862edfd8d24e4acdb,be25fc519149fff767b78b8c37742fe2,delivered,2017-08-09 18:39:09,2017-08-09 18:55:11,2017-08-11 20:48:04,2017-08-21 18:32:58,2017-08-31 00:00:00
1eb1c9ea2b136f9dd002a9653253f916,2d67d754b997543e1149b44090e2557a,delivered,2017-10-20 14:22:18,2017-10-22 20:35:16,2017-10-24 17:18:57,2017-12-07 21:09:08,2017-11-08 00:00:00
97f0469c4d923101d383461947f575bd,8d0bff7849251c677974318829e488d2,delivered,2018-05-28 09:03:49,2018-05-28 09:15:16,2018-05-30 13:59:00,2018-06-08 18:38:37,2018-07-04 00:00:00
e84303628aff310abc4a515e1883e4f0,d96f4f29f2eb4864528c23adcaa2f7de,delivered,2018-05-18 08:40:38,2018-05-18 08:55:46,2018-05-18 13:26:00,2018-06-05 05:06:17,2018-06-08 00:00:00
06715eb38b73fdec38cd6db5aadc0214,6f2aa8cb749347f2045d1104aa7b8fcb,delivered,2018-04-11 21:48:05,2018-04-13 12:35:32,2018-04-16 22:40:46,2018-04-17 13:58:37,2018-04-27 00:00:00
99766ab732ba619f1f3af1c3dde129de,40f30baee62a175d0405cd8be810872f,delivered,2017-09-14 16:00:41,2017-09-14 16:15:13,2017-09-15 18:56:33,2017-09-20 22:59:04,2017-10-05 00:00:00
cbc53400ab70c26079285e050d0dd7e1,10cf0db79a8e68ac76562fa4d4be2e22,delivered,2018-08-07 22:04:34,2018-08-07 22:15:22,2018-08-15 17:06:00,2018-08-17 00:36:23,2018-08-27 00:00:00
a5feb0197f260c5208284d3d53639266,0433bf499177881400c0a69aaa22ecb2,delivered,2017-02-20 18:52:34,2017-02-20 19:05:12,2017-03-03 16:29:27,2017-03-08 12:09:28,2017-03-17 00:00:00
29d99fdabd0cb6b4e9d82f2f38c04a5a,c64e943126adfabb1c2ae21b4bc1e650,delivered,2017-01-25 19:44:48,2017-01-25 19:55:09,2017-01-26 14:03:04,2017-01-30 10:57:44,2017-02-22 00:00:00
4ab6fc6c373a975bb90e462b81260198,c655ad65c7fb69b14d38b1544b44830c,delivered,2017-11-14 16:19:50,2017-11-14 17:03:45,2017-11-17 10:55:03,2017-11-23 18:07:36,2017-12-04 00:00:00
4178c05b8ab84fbe2adaf20cffadaa9d,cf77be0a16390b1bb987c34774bfc5c5,delivered,2018-05-16 19:04:45,2018-05-16 19:15:24,2018-05-21 15:39:00,2018-05-22 17:16:59,2018-05-29 00:00:00
3d3b7c4f5d2e07cd4015a956e164a9bc,b15813d0088198cf887bd2d7f86fb6bd,delivered,2017-06-19 22:21:25,2017-06-19 22:30:17,2017-06-20 09:38:44,2017-07-06 06:22:05,2017-07-17 00:00:00
b48c1dd4cb4c98e4dceeb753c952c961,f59bcf02757dd0a656acd021758b6b0f,delivered,2018-03-11 22:48:32,2018-03-11 23:00:29,2018-03-13 23:11:38,2018-04-04 23:54:47,2018-04-11 00:00:00
0d9a4836459b4ededef3b8dfd7978d3b,ca6a166e2e426cd1120c7929a257408f,delivered,2017-07-24 11:20:43,2017-07-26 02:23:32,2017-07-26 14:57:42,2017-07-31 19:21:36,2017-08-11 00:00:00
7a14a70f9fa2682df5021dff14f9c356,5836e8a2c2943e441ce6ef8b80d70df9,delivered,2017-11-01 20:55:07,2017-11-01 21:31:26,2017-11-06 21:46:32,2017-11-13 16:28:34,2017-11-27 00:00:00
641a6b3010ebd6619b68befb30b05092,6e392890031d7887d1fdc8cd87c2538e,delivered,2017-07-13 18:25:24,2017-07-15 03:25:18,2017-07-19 18:54:58,2017-07-21 17:39:26,2017-08-10 00:00:00
22c930d93c85657de22b7cf482ed42bc,14afdd8037ac12c2e1a06c68fd718e88,delivered,2017-03-04 10:02:28,2017-03-04 10:15:11,2017-03-08 11:28:22,2017-03-21 12:07:14,2017-04-06 00:00:00
83af889aa8c573153bd3ac6aaf47f1b6,5e2e76a6bc10ea3f640ff4935ea21671,delivered,2018-05-08 09:07:10,2018-05-08 09:15:24,2018-05-08 15:55:00,2018-05-16 19:14:31,2018-06-05 00:00:00
d5949030ef220e0fdbf194f9ac503698,6fbb5f2850748f7d21c5c8b7a04abb29,delivered,2018-05-22 02:32:01,2018-05-23 02:38:11,2018-05-23 14:22:00,2018-06-05 14:27:36,2018-06-06 00:00:00
9e96e482f747d3cb997cff90397a37d3,8f56c275bc7f5d95b20b4e961602ab39,delivered,2017-10-17 15:18:59,2017-10-17 15:56:39,2017-10-18 19:19:08,2017-10-19 19:34:24,2017-10-27 00:00:00
0a77b770428bccbea7f9dbf8aec5d6ae,1abf283d0aba52db4f323567c763714b,delivered,2017-02-17 13:53:06,2017-02-17 14:05:20,2017-02-21 13:08:06,2017-03-11 07:09:08,2017-04-24 00:00:00
7b7dfd05d2c719dee808c63d56b8f218,3509c843a061d65a8ab7ec2937d39e2f,delivered,2018-01-22 14:26:35,2018-01-22 14:36:30,2018-01-23 22:14:35,2018-02-02 15:51:57,2018-02-21 00:00:00
97cca737331c9c6009a3e8b555d963b2,d2018619893dfe90ddb36350daf94d4b,delivered,2017-09-16 18:35:10,2017-09-19 03:36:31,2017-09-20 02:57:52,2017-10-20 20:41:15,2017-10-04 00:00:00
ae375d6b88c37582455ff3a2b83462d4,e676e40ce5590961bdcc32bb0e61a97e,delivered,2018-05-18 23:11:42,2018-05-18 23:38:20,2018-05-21 12:55:00,2018-06-12 18:34:56,2018-06-07 00:00:00
0b252b879dbab76b4730df79aeb1778f,735fea8fd580c255c79ad1572ad02a11,delivered,2018-02-11 21:29:50,2018-02-11 21:48:40,2018-02-15 19:13:20,2018-03-17 16:54:21,2018-03-08 00:00:00
309d9fa2b3c76ea52c4ab89132f38adb,bdf4339fff7a233baab4173fcc20bb8b,delivered,2018-05-17 16:53:40,2018-05-18 00:55:16,2018-05-18 14:53:00,2018-05-20 17:19:36,2018-05-25 00:00:00
6094159cbb1c76bdf3249a954c2da017,e2a1ab008932ae1211651ffb0cffe7ea,delivered,2018-05-17 14:40:34,2018-05-18 00:14:56,2018-05-18 11:20:00,2018-05-30 20:44:25,2018-06-05 00:00:00
5c3c60aeb481f5e8ca0598d6f3d6ab39,816aa111712a2cf1be607a062914e6ec,delivered,2018-01-05 17:28:50,2018-01-05 17:47:55,2018-01-09 20:25:10,2018-01-13 13:25:46,2018-02-09 00:00:00
de1735ddae84d1b39915bcac1cacfff7,936f05fe2c3834e025e9a448bdb2963a,delivered,2018-03-07 20:01:02,2018-03-07 20:10:27,2018-03-09 00:46:31,2018-03-14 23:51:56,2018-03-23 00:00:00
8e920dc25b190dc9f5633f36649d3aca,41e596fd461c4ffcb8e0a29f8b247153,delivered,2017-09-26 16:25:06,2017-09-26 16:35:20,2017-09-28 16:53:09,2017-10-03 11:24:52,2017-10-11 00:00:00
aea446ff4ed3972ae041cdad9d4bc2c4,bb83d6096ef628adc2a3045fc355850b,delivered,2017-09-23 20:14:47,2017-09-23 20:25:11,2017-09-25 22:06:33,2017-09-28 16:25:54,2017-10-10 00:00:00
85f2d1d18951198c1beca750c4df59b1,e8fe08cf36af5be20512a9cac36725b8,delivered,2017-12-02 13:19:52,2017-12-02 13:37:49,2017-12-06 22:34:13,2017-12-16 16:46:58,2018-01-02 00:00:00
6c690f3acecd6d2c000b1a67a1a699c3,6daa3acba8bd2c5608f4a8bf485416f8,delivered,2017-11-24 09:43:53,2017-11-24 13:13:20,2017-11-30 17:33:41,2017-12-26 22:52:47,2017-12-21 00:00:00
38907d62f0ad31245147a7a2378ff1db,26b37e3c9916ccf7dff9b2a20353d40e,delivered,2017-06-08 11:31:19,2017-06-08 13:06:00,2017-06-09 08:35:19,2017-06-19 20:31:48,2017-07-04 00:00:00
90c8bde12aa6f80aa197224f08645a34,d824df6cac5ce0f5ca789b0973ffef94,delivered,2018-07-20 18:42:33,2018-07-20 18:55:21,2018-07-23 14:51:00,2018-07-26 19:18:40,2018-08-03 00:00:00
b9c43f56d5318f81019ea0687d34a9ac,4e84e01a198b303ee368e61f8cd7c9a6,delivered,2018-02-07 09:18:05,2018-02-07 09:31:33,2018-02-08 18:58:33,2018-02-16 16:12:42,2018-03-08 00:00:00
b4991992f14d4f5d1283bfe1922df009,526234c32dff9347334c4e30f625dff4,delivered,2018-01-18 22:31:18,2018-01-18 22:38:36,2018-01-23 22:51:54,2018-01-27 12:06:52,2018-02-08 00:00:00
0aa86627eca7db30ae324772cc15ff7d,f8b399854fbe5ea3bfbd0de81659502d,delivered,2017-09-11 22:24:48,2017-09-12 04:25:49,2017-09-13 20:54:43,2017-09-15 21:04:32,2017-09-21 00:00:00
1908ed707b93dea3b6f1cf86ec20f1f1,7099bc9e000fed5fe3cace34788e7714,delivered,2018-04-19 09:25:31,2018-04-19 09:35:21,2018-04-19 21:12:09,2018-04-23 19:34:44,2018-05-14 00:00:00
d9be5eb6e572c7e2a77db678c9d79aba,58a7e72ddd2cf6b2d3e29c8e02bc1525,delivered,2018-06-01 15:13:16,2018-06-01 15:32:03,2018-06-07 14:50:00,2018-06-08 17:32:28,2018-06-26 00:00:00
c22f4f00d48f26a217d8f07c7653b588,89f3f247be3a575d4b6be4f08bb5b15c,delivered,2018-07-05 12:55:18,2018-07-05 16:30:49,2018-07-06 10:13:00,2018-07-10 16:41:30,2018-07-26 00:00:00
e3d564567e1bd9b72a0376689e35090e,2f794169fb154619e713517d93344bda,delivered,2018-03-15 09:03:56,2018-03-15 09:15:34,2018-03-16 00:38:32,2018-03-20 16:32:57,2018-04-03 00:00:00
87705ad28e933836ccc0a97742528ace,ee3d0e96bd93b2c776b711a37ed97ed5,delivered,2018-03-08 17:05:09,2018-03-10 09:47:56,2018-03-14 01:28:24,2018-03-16 19:50:42,2018-03-21 00:00:00
a17a3fb93e43abd822552a9f93b02c1e,41efd10f01f154a3bd077b715dea67fb,delivered,2018-08-22 16:11:10,2018-08-22 16:25:25,2018-08-23 14:09:00,2018-08-28 17:03:00,2018-09-03 00:00:00
96ca2b00313646e8fd1bcaf991f2d598,72aec8b08542b4ad46dc664e1a0c69c0,delivered,2017-04-30 22:10:25,2017-04-30 22:25:11,2017-05-03 11:52:48,2017-05-18 11:13:12,2017-06-06 00:00:00
b45b66d3543568daaa1fe2290859d88a,2afda983fb05aca314929a1352960eaf,delivered,2018-07-05 10:50:58,2018-07-05 16:19:59,2018-07-06 11:28:00,2018-07-10 15:22:01,2018-07-18 00:00:00
48c7312fc36fbae321c1d9b49803304b,fef48c390f25186c8dce2a4ea986c213,delivered,2017-07-11 18:50:53,2017-07-11 19:03:37,2017-07-13 19:11:54,2017-07-21 18:43:11,2017-08-08 00:00:00
f83cde9bf6f9593a8466b50ffc0507fa,8fa3ae12b8d424297ba297043ef7a891,delivered,2018-02-03 17:17:30,2018-02-03 17:30:23,2018-02-05 21:38:51,2018-02-09 22:26:36,2018-02-21 00:00:00
ed0ae3732ee2e824f65323bc549605d9,9a26bc2f56790acd34d1ac7bd666fb56,delivered,2017-12-04 15:39:10,2017-12-05 04:13:25,2017-12-06 23:48:54,2017-12-12 17:58:32,2018-01-05 00:00:00
9f563a8656b5ff2aadf5febbec9cbaf4,0f458b6f791d489c7facb31beb7ea763,delivered,2017-07-20 15:20:48,2017-07-20 15:35:13,2017-07-24 18:57:40,2017-08-05 15:34:47,2017-08-11 00:00:00
00ba414462370af2d76195d12e0d5481,0623ac95ea8764ca730185db76ea56a0,delivered,2017-11-30 10:00:43,2017-11-30 10:22:08,2017-12-04 21:13:48,2017-12-16 00:09:13,2018-01-02 00:00:00
f69cf3b291cebc67406533d345c21e01,df0b1989cacff9ad7beaf2bcc6336089,shipped,2018-07-23 14:30:16,2018-07-24 11:32:35,2018-07-30 15:42:00,,2018-08-22 00:00:00
07fac8f9cadb792264f2985ef93eaa13,28d1088c5d8ee46242a50fd06f116e63,delivered,2017-04-26 08:25:51,2017-04-26 15:03:13,2017-05-02 17:12:19,2017-05-13 10:59:37,2017-05-15 00:00:00
ac7be03875c6dcaf9cbe029dceeaf54c,fbd922e9f5bf7801d5158eca21b27c26,delivered,2017-08-14 21:29:09,2017-08-14 22:24:25,2017-08-16 11:59:54,2017-09-05 17:24:18,2017-09-15 00:00:00
ee6ccb9e2ac9c3de0114a22625cbc859,4106ddef0ac33e5a0e3143456ac5f16c,delivered,2018-03-18 22:17:56,2018-03-20 20:50:36,2018-03-23 20:20:50,2018-03-26 22:22:45,2018-04-13 00:00:00
fc3078fa5d882e59237a658341f57738,66beadbcff140118a939ede891f05d18,processing,2017-03-02 07:53:29,2017-03-02 08:05:18,,,2017-03-27 00:00:00
37439c69cc9254ad393066b4061ae5f2,667a6188019456a8aa6bba524a82a321,delivered,2017-12-30 13:35:51,2018-01-03 04:29:31,2018-01-04 17:41:53,2018-01-18 17:33:17,2018-02-06 00:00:00
6666c6388feee9456acf73eb0c0b2e6e,f5e160702969b16b3e1195b81bcf4899,delivered,2017-07-24 19:45:27,2017-07-26 02:25:33,2017-07-26 16:19:32,2017-08-01 20:53:37,2017-08-15 00:00:00
f296152f7123f2d4455e82df8835f5a2,194e5864217a3571944250937dec0a41,delivered,2018-08-21 09:39:27,2018-08-22 20:30:17,2018-08-23 14:37:00,2018-08-28 21:04:27,2018-09-05 00:00:00
e11ea6be9b7b180e46f0b9186f39354a,aad53c950158343811d07a7ce61c0f4c,delivered,2018-01-23 10:06:14,2018-01-24 02:53:04,2018-01-24 20:15:42,2018-02-09 14:37:50,2018-02-16 00:00:00
2abac84637c5e0ddd2923f22ba61a96a,d3343ef400ee50f5a78951026cdec7aa,delivered,2017-03-30 01:08:09,2017-03-30 01:22:35,2017-04-03 15:40:19,2017-04-17 11:03:11,2017-04-26 00:00:00
acb3a4ba3d4d4b0c57cd93736fa61558,2bd859804139f43a638beb3cabc4b204,shipped,2017-01-29 15:21:30,2017-01-30 15:33:30,2017-01-31 13:54:38,,2017-03-20 00:00:00
46f5a018bc61897add7cf53bba946d23,1dacf1136b639f698fd39bcf94bfdfc5,delivered,2017-11-24 19:44:36,2017-11-24 22:58:41,2017-11-27 20:03:50,2017-12-20 23:27:20,2017-12-22 00:00:00
ee116eb6355020a3addabb2a821ec818,b53ead64a4a888ed84bc181403314bef,delivered,2017-09-02 12:33:25,2017-09-02 12:45:16,2017-09-08 23:42:22,2017-09-15 21:23:08,2017-09-22 00:00:00
1ce7fbaa63b1e1a632d51df0ecd2cf39,61a66024d2f81147f7fbbd78e58c1334,delivered,2017-09-25 21:35:14,2017-09-25 21:49:51,2017-09-27 18:29:40,2017-10-04 18:23:35,2017-10-19 00:00:00
323d6a7119864c4c95a2a27b45e89b6c,fa5219bde84730e0838778c84e2989c7,delivered,2017-08-19 11:09:55,2017-08-19 11:25:35,2017-08-21 19:04:24,2017-08-25 11:22:58,2017-09-11 00:00:00
b34d8ec665f905d3c7583b291f54b605,70da82df80a3f1ca6fb62b41b08c7c53,delivered,2017-01-29 13:34:56,2017-01-31 04:34:03,2017-01-31 13:41:04,2017-02-06 18:23:27,2017-03-21 00:00:00
8ccbe46ffeae4720eba99d2d2de07542,4174d5e8a7e5d999203b1ab2870459e2,delivered,2017-06-06 15:19:21,2017-06-06 15:35:14,2017-06-09 15:47:55,2017-06-16 15:45:49,2017-07-04 00:00:00
b6d9ea292226815b57dc2034dcc70a91,cf6f93633e3f4c56949d0ea7ea1b14cc,delivered,2017-03-06 20:29:58,2017-03-06 20:45:14,2017-03-08 12:43:49,2017-03-13 16:36:10,2017-03-23 00:00:00
72729c533aa3957ddd96bcbc9237a49b,28a760962f6a7ad17cfa070eeceae1ea,delivered,2018-07-23 10:23:27,2018-07-23 13:20:19,2018-07-24 11:36:00,2018-08-02 20:14:37,2018-08-07 00:00:00
a6254817fe719457b22250e3cd2eb2ad,d3d6c763908df46d621bb82bd6f3b550,delivered,2017-02-07 09:06:33,2017-02-07 09:23:09,2017-02-10 14:04:13,2017-02-14 15:27:30,2017-03-02 00:00:00
cde93890c51e83a6998b489c87ad6cf0,3f0189de46eeeb99ba13da6c9bbd21c0,delivered,2017-09-08 09:22:24,2017-09-08 09:45:24,2017-09-08 19:49:52,2017-09-18 14:47:53,2017-10-02 00:00:00
32ab57d50a48de6379e2506ad1aa2b03,1f954c777b0dbd306b017a3e4cd26475,delivered,2018-01-08 12:06:55,2018-01-08 12:16:22,2018-01-13 03:52:29,2018-01-18 22:13:19,2018-02-02 00:00:00
1af34c470eee707920eb7508e1e8efdf,b9fc3d447729dee0ddba58c9aad62fc6,delivered,2017-09-30 15:08:10,2017-09-30 15:24:37,2017-10-02 19:59:52,2017-10-09 21:41:06,2017-11-01 00:00:00
8e3d51628005e70bce8a2fc5d9c34564,a75ce53e2f73a69bb0b4d5d7e3452a21,delivered,2017-04-30 10:36:33,2017-04-30 11:02:30,2017-05-02 11:34:15,2017-05-17 16:46:12,2017-06-02 00:00:00
a8e0edb5ff1461490db1feb08678bbb7,51e514ce533c1d47d4ad2e31b6440913,delivered,2017-12-18 13:09:50,2017-12-18 14:11:30,2017-12-20 21:49:59,2017-12-22 16:14:55,2018-01-05 00:00:00
1e6f350c900ca357945126e20117d293,521ecef28ca5c3c9f3f816c2712fb016,delivered,2017-09-10 20:15:46,2017-09-10 20:30:15,2017-09-12 15:13:16,2017-09-21 20:37:47,2017-10-03 00:00:00
a7a0c8ebf2557ea4b30103fbff81e64d,030f5e1f842f24533ea4589b518dc34f,delivered,2017-08-21 10:20:23,2017-08-21 10:30:11,2017-08-22 12:29:31,2017-09-05 00:05:54,2017-09-21 00:00:00
e3f376c626cf5eff3b2cf6efeec384c9,f4a730a77353e73995beea20e6d5a2da,delivered,2018-05-11 08:16:34,2018-05-11 08:30:38,2018-05-11 14:25:00,2018-05-17 13:14:45,2018-06-01 00:00:00
09fa09eaa76c4a81cfed79f5d5eb6cf0,5727a6a9809a24aab98ff74360a25702,delivered,2017-12-03 22:28:45,2017-12-03 23:15:26,2017-12-06 00:48:45,2017-12-20 21:23:35,2017-12-28 00:00:00
eea2accc32d4396720d4e727986af0b5,06889194d9acf9c1917cd382b8b5da48,delivered,2018-06-01 10:38:45,2018-06-01 10:52:27,2018-06-01 14:54:00,2018-06-04 16:57:30,2018-06-26 00:00:00
8fff80a42ccaa46b2bc93da8a375e4db,bb3283015ce6171f960b3f0470c59551,delivered,2018-01-02 23:19:32,2018-01-02 23:28:51,2018-01-09 20:49:34,2018-01-10 17:13:35,2018-01-18 00:00:00
9bef538a104e13d1b9a17fc2326b62bc,418a7cb3f81f06bfe99140e3ac8b35d7,delivered,2018-05-15 19:17:22,2018-05-15 19:36:21,2018-05-17 08:20:00,2018-05-22 21:22:31,2018-06-12 00:00:00
790966b7cfcf6aedddb2f1d392da3306,f5d6c53db4d6e6bbc1a7bd44b276eabe,delivered,2018-08-11 20:03:21,2018-08-13 10:10:23,2018-08-14 15:08:00,2018-08-16 11:12:08,2018-08-16 00:00:00
ea9698a810cde28c3c7a480eb46780ba,bb811a83a0a68c5e92622c1998ceb887,delivered,2018-04-24 18:16:53,2018-04-24 19:21:22,2018-04-25 15:12:00,2018-04-27 21:12:41,2018-05-10 00:00:00
f91a6274f42705db22d06ba516968a56,63bfda6ad1450c0a87a17ce91d252d76,delivered,2018-06-07 13:58:13,2018-06-07 14:20:33,2018-06-08 13:48:00,2018-06-13 20:08:45,2018-07-03 00:00:00
262a22b18b8c7773c9ce2e3665db8c44,fa89c63e13c0be467dd82ddedc566260,delivered,2017-04-13 06:49:20,2017-04-13 07:02:07,2017-04-13 12:29:46,2017-04-18 18:55:25,2017-05-08 00:00:00
5f9d46795c3126674e52becb3a1a517f,79287bcaafdde5c793b996fc40bb7d9f,delivered,2017-07-18 11:48:20,2017-07-18 12:03:29,2017-07-20 23:03:42,2017-07-20 18:52:41,2017-07-31 00:00:00
07c03f32b0199526169eecbbe8c029d8,19302a30c6a6f3b071b5ba9ee49c9f1d,delivered,2017-07-20 16:33:41,2017-07-20 16:45:13,2017-07-27 19:17:25,2017-08-01 20:33:28,2017-08-11 00:00:00
f1cd9d30a289847f9a18900d191a4f05,7d49f4183bfb4a71d4148ac24749473f,delivered,2017-06-04 18:58:07,2017-06-04 19:05:14,2017-06-06 18:21:40,2017-06-12 13:41:41,2017-06-28 00:00:00
27f2fc5cc614685907cc6814ab7701ce,6b954f8f6a637e8f3e2b8174a4fa6c26,delivered,2017-11-02 17:38:40,2017-11-02 17:50:32,2017-11-06 20:12:23,2017-11-13 20:26:33,2017-11-23 00:00:00
958aa1646dcfb7f03d8c959ba685afd2,c7a3b25d61057a214ae89cd169d5bd49,delivered,2017-11-10 21:51:34,2017-11-10 22:06:52,2017-11-16 17:42:01,2017-11-24 23:11:44,2017-12-11 00:00:00
85463a351122352816fc7a395489cd0e,71f0417e6ec98d6a77cfceda918981ca,delivered,2018-07-23 11:56:34,2018-07-24 08:31:38,2018-07-24 15:12:00,2018-07-25 18:02:20,2018-07-31 00:00:00
06263a9c3476eea0ca0fd70081bc7cda,1867fd3a705e13f9043a5411e03958f9,delivered,2018-02-20 09:50:20,2018-02-20 10:07:37,2018-02-23 22:33:28,2018-02-28 18:52:00,2018-03-12 00:00:00
4b505f3faa7d72b24398e54db4b0469b,847269205bef9d0bb2af058e64d6d75b,delivered,2018-01-17 14:24:15,2018-01-19 02:38:40,2018-01-19 21:58:54,2018-01-29 19:18:40,2018-02-21 00:00:00
9bebf98dde01cd1b7d3e0ebab798fb94,77d7ab88d99606fbc5f3af63ee51a1fb,delivered,2018-01-04 22:21:59,2018-01-04 22:32:26,2018-01-08 23:47:28,2018-01-17 19:48:48,2018-02-07 00:00:00
6c122d18e485014d7f23bd0093465404,303f121f379bb6c560b404054afe6e60,delivered,2017-09-03 21:28:15,2017-09-03 21:44:17,2017-09-04 20:34:56,2017-09-11 18:17:50,2017-09-25 00:00:00
5adda4b39b5953dd97a6ddc8fa7aef68,a0a729cdc5c099090850edfc224e0577,delivered,2018-01-19 13:08:32,2018-01-20 14:41:33,2018-01-23 20:58:12,2018-02-15 17:40:54,2018-02-05 00:00:00
8d5fc2fcba3c7e7183a3c20d1dc7e591,e82f6a8844e7afd8c587b36293193514,delivered,2017-08-19 20:17:03,2017-08-22 14:06:31,2017-08-28 18:29:41,2017-08-30 23:13:45,2017-09-11 00:00:00
faaf6a860e3ad876765787c9e1a93464,31e5072f5abd6e9d71b202e9904d1355,delivered,2017-04-05 15:52:21,2017-04-05 16:10:10,2017-04-06 09:28:31,2017-04-10 17:52:15,2017-04-26 00:00:00
68743b7445ab5ce45c40b8490752c44d,cde0fab0e97c1807c7b4e1360483b507,delivered,2018-05-17 10:18:48,2018-05-17 12:31:59,2018-05-18 13:57:00,2018-05-30 15:09:38,2018-06-01 00:00:00
c7a56fad11f43d4eb9154f154fdafba5,166e89ca03220ced3e64bb51d351b619,delivered,2018-01-16 12:13:28,2018-01-16 12:26:11,2018-01-23 19:31:58,2018-02-05 20:39:28,2018-02-16 00:00:00
d19eb4960a7c6f0146582f3cc7b46d43,63d57fd57b274adde9efa6f649d07d45,delivered,2018-08-16 13:54:18,2018-08-16 14:05:22,2018-08-17 08:24:00,2018-08-23 00:21:54,2018-09-11 00:00:00
311f414d342d169b316953491c3366d6,be8efe42f0bf48c3b55b402f10a05a61,delivered,2018-05-21 11:57:31,2018-05-21 15:32:19,2018-05-24 13:56:00,2018-06-06 18:36:52,2018-06-11 00:00:00
c3dbc724471dca9ff3515615f8b15f02,419a59df900e484bcfaf13c37609e7d3,delivered,2017-08-01 14:47:34,2017-08-01 15:03:40,2017-08-02 17:46:05,2017-08-12 12:12:11,2017-08-23 00:00:00
2e0b1f8402c862aceda3851490482211,edba86b93cba1f0e3e20021fa98f5590,delivered,2018-01-05 23:45:24,2018-01-05 23:56:23,2018-01-12 22:22:04,2018-01-23 21:46:55,2018-02-07 00:00:00
b534f5b64db31c82a5aadfbaa0855e5b,0d9c175b2e88eb30dff36a9ffdc4739a,delivered,2017-10-30 11:26:41,2017-10-30 11:35:34,2017-11-08 19:38:39,2017-11-11 12:27:35,2017-11-10 00:00:00
660184ce8221d07e9acefb645947f761,97eddfe034d3d76faa6fff135c19c46f,delivered,2018-05-05 23:05:53,2018-05-05 23:15:14,2018-05-07 14:26:00,2018-05-09 15:33:43,2018-05-24 00:00:00
2db65679ff1d05444ec29ab329f8ae82,5b962d5aab4b7a6a145bf0bba32c1ae8,delivered,2018-04-22 16:02:31,2018-04-24 19:03:54,2018-04-26 12:25:00,2018-05-02 14:32:58,2018-05-16 00:00:00
0ce50541293dbe475fde11c04962e953,6f085f0dee869d8d50afb553a178dbdc,delivered,2018-02-07 11:31:06,2018-02-07 11:51:16,2018-02-07 20:42:41,2018-02-16 00:12:56,2018-03-08 00:00:00
6568c925063764e35e36fa4a9b809937,5f7f9c1ee727aca3b625220c95177f4f,delivered,2018-05-09 23:01:52,2018-05-11 02:57:43,2018-05-16 14:43:00,2018-05-21 16:42:09,2018-06-01 00:00:00
ae9c1a169307f41300da36a754117779,355c864e8743e555033bfa491c918a05,delivered,2018-08-18 13:04:08,2018-08-18 13:15:20,2018-08-23 17:14:00,2018-08-29 19:55:37,2018-09-10 00:00:00
b819e736052660aa33771a0266c225bf,1cd9d3778de6988b7495c3f77b927c59,delivered,2018-03-17 19:19:47,2018-03-17 19:31:42,2018-03-19 20:21:19,2018-03-23 01:38:47,2018-04-03 00:00:00
332dbacb7e4b30fa11983953ea356627,6200c299ffab28fa4ca572d91c3bfee5,delivered,2018-05-03 23:48:53,2018-05-04 00:12:45,2018-05-04 12:27:00,2018-05-07 15:05:44,2018-05-21 00:00:00
1966886b80f14d0588adf6406afb0026,7238ed1e0d25683b9b65e1039e9d942b,invoiced,2017-08-22 16:01:44,2017-08-23 16:06:59,,,2017-09-19 00:00:00
a8eec6cf00da15ed85f99bad34c2a019,dfaae2502e5487b4966db2e8124da577,delivered,2018-06-17 01:08:08,2018-06-17 01:38:36,2018-06-18 15:09:00,2018-06-19 17:59:28,2018-06-28 00:00:00
1256a493fbf2d6047d845aaac3ddec81,ccff00405b15922f077fd5e72318b5ff,delivered,2018-06-23 20:33:24,2018-06-26 07:12:56,2018-06-29 08:21:00,2018-07-05 16:36:25,2018-07-19 00:00:00
65c5c8d2e87139529c41cf8307ba1f65,7b4af48119080837db56a8c7d53ecc08,delivered,2017-04-26 16:23:04,2017-04-26 16:35:14,2017-05-03 15:18:40,2017-05-09 19:52:03,2017-05-15 00:00:00
1046a71a57b33b4a92f9f932237f1ab0,4ad47cf6d7f04b49d4816debe22e9275,delivered,2018-07-31 13:56:17,2018-07-31 14:05:11,2018-07-31 12:57:00,2018-08-03 17:12:13,2018-08-17 00:00:00
f180dba4614531e3f5a7cb56b99072e4,dde0d60a3411c249cd87d8ed046efd3a,delivered,2017-05-29 09:22:53,2017-05-30 04:35:22,2017-06-07 15:12:37,2017-06-19 12:39:38,2017-06-09 00:00:00
ff08c1b9090c3c3a38bf31e15e944d0d,1e602dfaa99944b2b30ab59c039b80c5,delivered,2018-01-07 20:15:58,2018-01-07 20:27:35,2018-01-08 21:28:00,2018-01-25 01:24:28,2018-02-14 00:00:00
24fc5bee7d0b2002195bd802dda62f89,2e665ddd21f4674f2b1296f12c1a5263,delivered,2017-12-02 10:23:56,2017-12-02 10:32:31,2017-12-11 17:37:18,2017-12-27 19:35:03,2018-01-02 00:00:00
5107023bd9539bd8a56cb295ae688400,7b0ef84b81f16d16583ccb6b987a0ed3,delivered,2018-01-05 16:29:24,2018-01-05 16:36:18,2018-01-09 15:09:28,2018-01-30 18:03:34,2018-02-07 00:00:00
728bdd52f6c0ce9559950e2486289421,1fb7756db9b41c4632b991eebe03c438,delivered,2018-05-26 09:35:59,2018-05-26 09:50:09,2018-05-28 14:08:00,2018-06-07 12:24:52,2018-06-28 00:00:00
23a5902b0758898d64701a3c89af36f2,6c8d36117b83a89b24d41e231af67429,delivered,2017-02-09 19:08:19,2017-02-11 02:45:34,2017-02-13 08:20:54,2017-02-16 17:18:08,2017-03-08 00:00:00
c3fa9a8b61bb26e672905e64b107be13,97906ee33caf845572b6fee421d40468,delivered,2017-12-08 22:46:18,2017-12-09 02:49:58,2017-12-13 00:09:17,2017-12-14 20:25:03,2017-12-27 00:00:00
d0ba905881285a45bc5a1b6bd5c6f079,70baa2ddd33e946b0aeeb1574e92bb61,delivered,2017-07-26 17:19:36,2017-07-28 08:30:37,2017-07-28 20:34:36,2017-08-01 19:18:51,2017-08-08 00:00:00
e928f5fbefb30f228db4678d9222b231,950863681cb2112651ef0782da4e689d,canceled,2017-05-12 18:09:07,2017-05-12 18:15:18,,,2017-06-16 00:00:00
7a4a6b748b09a41902a89fbb6eb90bd8,482e69c01c05f00cef2fad4a24012024,delivered,2018-03-19 21:12:47,2018-03-19 21:28:40,2018-03-20 20:51:13,2018-03-23 18:23:33,2018-04-10 00:00:00
bd897d9f69ca937fdd3006b3aaaecfcb,eebce0dc22a7313282abf129f7801877,delivered,2018-01-06 10:14:57,2018-01-06 10:27:22,2018-01-09 03:09:27,2018-01-16 20:54:00,2018-01-31 00:00:00
a56949479e3d5637c235d6d58740fee3,1be54c519a370b37153695f60e7c94b2,delivered,2018-05-10 12:06:02,2018-05-11 03:50:29,2018-05-11 15:05:00,2018-05-16 23:52:02,2018-05-30 00:00:00
24b1c4d88fdb7a2dc87f8ecc7d8f47f1,6d699e3ab0fd90fffb3d1379d937de77,delivered,2017-07-28 09:34:29,2017-07-28 09:50:14,2017-07-28 21:42:11,2017-08-08 16:03:45,2017-08-21 00:00:00
2557cef5a78a394bcf4c079121cc3b08,d1fa1ed473950f63eea094761bcbf039,delivered,2018-01-08 17:38:50,2018-01-08 17:49:16,2018-01-09 21:53:20,2018-01-15 11:07:28,2018-02-05 00:00:00
c7bd1a3c1d8c727292184ef4f919c9ca,cfc3d42473e399fcf2d06aee78a7a601,delivered,2018-01-14 14:13:33,2018-01-14 15:09:22,2018-01-15 13:55:04,2018-01-25 17:48:05,2018-02-07 00:00:00
da53145615b1d679fc6a9f3121d8bd85,9ab9e1f4d8422cd9331a8fbb2e3eca01,delivered,2018-08-16 18:16:43,2018-08-16 18:29:20,2018-08-20 15:32:00,2018-08-22 22:08:40,2018-08-22 00:00:00
449ecab752750e2aeec2ec71fa58214c,b45b08ff42d1ad3db1f98a9ac8f2fef9,delivered,2017-12-05 10:36:01,2017-12-05 11:23:05,2017-12-08 19:34:54,2017-12-17 18:48:35,2017-12-28 00:00:00
308ac65dd233ed0a3e6e52e854c63348,8e149a4af924a374adfb726a1fd859ff,delivered,2017-09-03 16:44:56,2017-09-03 16:55:20,2017-09-05 20:26:00,2017-09-08 18:08:05,2017-09-21 00:00:00
07fff3bc2afa0d164257d4f64c4c5116,d3246cf999a56a1467283ce2d9b01be1,delivered,2018-04-28 18:08:18,2018-05-01 06:13:36,2018-05-04 11:56:00,2018-05-09 15:12:42,2018-05-24 00:00:00
40a0d420733e7978f30e7a63616bba22,2d7004e28a033e5a7b867aff335b7e65,delivered,2017-05-04 16:50:52,2017-05-04 17:03:05,2017-05-26 09:52:02,2017-05-29 13:21:28,2017-06-20 00:00:00
1aa9011725c8870edc81277571e62ad7,92e5b375bc4cfadbb5a449af821c19de,delivered,2018-05-14 23:15:44,2018-05-14 23:30:45,2018-05-15 13:41:00,2018-05-17 23:59:43,2018-06-07 00:00:00
b68aee1125f73ebb79b5283c7498650f,4cb050250b34dd44139b172407f60739,delivered,2017-07-05 16:37:33,2017-07-06 15:50:27,2017-07-10 12:22:12,2017-07-20 19:53:41,2017-08-08 00:00:00
7b3eaa9c1b740e4f097d60f54aa44ede,2a995d6bd83027feb24706ba10ce63a6,delivered,2018-07-06 14:33:00,2018-07-07 14:30:16,2018-07-09 15:20:00,2018-07-13 00:26:41,2018-07-26 00:00:00
5235298169aca42202c801a309b63c37,e3537f8ac0fc4fbec3fa84b697f45ef3,delivered,2018-01-05 17:40:45,2018-01-05 17:53:26,2018-01-08 19:07:47,2018-01-22 21:27:55,2018-02-01 00:00:00
3e209a35ca9fb429434e538d9a015df5,7de50105907ead194db12267a68e38ee,delivered,2018-02-11 10:56:41,2018-02-11 11:08:27,2018-02-14 19:09:06,2018-02-19 19:30:27,2018-03-21 00:00:00
a1e862297757e3dc8f3495be144eab3e,05c4fd1bc109e6a9fac6865351e626f8,delivered,2018-03-22 16:59:45,2018-03-22 17:10:24,2018-04-02 13:05:15,2018-04-10 18:44:33,2018-04-04 00:00:00
05a2d609ab3024701d66a27590ea1d68,12f985f830e8fc3be0aad2ea7c47b612,delivered,2018-03-17 12:46:56,2018-03-17 17:57:32,2018-03-19 23:03:17,2018-03-26 22:42:08,2018-04-13 00:00:00
752c0993c4993edea8eac33fda648244,a1bf5849a8b9f1535ddce758f6c0c41e,unavailable,2017-11-22 13:44:56,2017-11-22 13:53:30,,,2017-12-04 00:00:00
3781ac3dce6816dac8729c87afbb910a,eaabfc595b1d805fd9b07f43caf78b7e,delivered,2018-08-22 17:23:56,2018-08-22 17:35:21,2018-08-23 11:30:00,2018-08-24 18:16:41,2018-08-28 00:00:00
ad9008d69a2c494944f2dedcb83efa56,5c0834ac354424abbbaf87883d8d61ac,delivered,2018-07-12 09:45:24,2018-07-12 10:10:22,2018-07-12 12:16:00,2018-07-13 18:41:23,2018-07-30 00:00:00
61fc6c3134054ef03e72d9e1f9b5d4fd,c223b45f57c27f09d6bb7354f1210a90,delivered,2018-01-06 12:12:42,2018-01-06 12:27:09,2018-01-10 15:56:10,2018-01-26 17:07:50,2018-02-09 00:00:00
b45c934e58dcfdd6b62b8758781ade4e,47fe811e453bdad397f5094441004831,delivered,2018-03-14 21:16:18,2018-03-14 21:30:33,2018-03-27 23:19:34,2018-04-02 15:13:45,2018-04-17 00:00:00
00526a9d4ebde463baee25f386963ddc,5848ef3f994e18c5121d291e0daedc81,delivered,2018-08-07 22:03:44,2018-08-07 22:15:22,2018-08-08 14:11:00,2018-08-16 19:58:24,2018-08-15 00:00:00
748517ec82ece7fdd60abdaf413f6beb,bc2814da65c5b1b196a3cf681875a372,delivered,2017-05-05 16:46:28,2017-05-05 16:55:14,2017-05-09 14:19:26,2017-05-22 14:43:36,2017-06-06 00:00:00
fcc16b06bc5d641f05d936cc17e6be7f,c29c163d00335ad9470704acf3946544,delivered,2017-09-11 17:07:19,2017-09-11 17:35:30,2017-09-13 17:35:12,2017-09-22 19:43:02,2017-10-02 00:00:00
f05e7271c8182b1a9c40cc7154f63616,10ae228290257879f2e957f97b8439d1,delivered,2017-06-05 17:14:12,2017-06-05 17:25:20,2017-06-07 11:23:07,2017-06-21 16:06:50,2017-06-29 00:00:00
39986789e9546c96bf9cf93637d3d6c1,0348ea4d0b778a75707cb99aef17ac25,delivered,2017-11-28 22:51:20,2017-11-30 02:20:36,2017-12-04 19:46:07,2017-12-16 12:48:43,2017-12-21 00:00:00
689c69f5d10d806b64b4b89bf4a7e5e1,64278a2a437f6648a76a81c25eecda28,delivered,2017-11-21 11:05:07,2017-11-21 11:31:28,2017-11-23 23:26:52,2017-12-05 22:33:25,2017-12-11 00:00:00
9f0d28d789448f7e4e59abe0af2b1eaf,47137c233bd4d05e6de41e8abece55d5,delivered,2018-05-14 17:45:28,2018-05-14 18:10:24,2018-05-15 14:20:00,2018-05-17 16:21:03,2018-06-06 00:00:00
022c0ddf029d7d3ba3d83bd524805629,9e76b1b37605f553636242f3e5861c3e,delivered,2018-02-06 11:21:33,2018-02-06 11:49:52,2018-02-07 14:35:10,2018-02-14 21:04:27,2018-03-02 00:00:00
831f3205c78da9d0b68f53e483eb3e08,f960116986b00f2c0244e9b350486df1,delivered,2017-05-26 10:56:21,2017-05-26 11:10:21,2017-05-26 11:57:58,2017-05-29 16:23:57,2017-06-13 00:00:00
266f9c3f364a7ef351edb998487ae783,ceb5e349cb72fe8e5baf15d9929e7e27,delivered,2018-03-05 12:30:40,2018-03-05 12:49:07,2018-03-06 16:57:50,2018-04-04 19:03:02,2018-03-28 00:00:00
a159f0d3b012cdad58464eff20f5a4ca,bc9b377eea5541f00aebe8002dfdff15,delivered,2017-04-05 15:48:25,2017-04-07 03:10:28,2017-04-07 09:04:36,2017-04-19 14:49:48,2017-05-03 00:00:00
2c60a2b23a96f36c97dbe108da3ab34f,bdbb094f82427ae78f54dead5ec46c02,delivered,2018-05-19 21:05:53,2018-05-20 01:02:02,2018-05-23 14:11:00,2018-05-25 14:50:59,2018-06-07 00:00:00
56158984a74a95976b31c928b3b0f4db,dad9a50539fce2aeef790bed141257ea,delivered,2018-05-08 21:03:48,2018-05-08 21:15:22,2018-05-09 12:20:00,2018-05-15 18:38:36,2018-05-25 00:00:00
575fddcc90877446a5a777b509ac3786,6366405f9937312b89b389f96d2f82f8,delivered,2018-07-10 14:55:15,2018-07-10 15:10:12,2018-07-17 13:46:00,2018-08-07 21:46:50,2018-08-22 00:00:00
0c54f2a2eeb0c42bd55937babb4669eb,9530bb46f44cc8564b66def5feaee742,delivered,2017-07-09 02:35:35,2017-07-09 02:45:06,2017-07-11 21:43:48,2017-07-18 20:23:39,2017-08-01 00:00:00
dcfe16b7fac604ef53179e3018c26ed8,08508f064a240cf31a60f1ee7254402a,delivered,2017-08-14 22:01:56,2017-08-14 23:04:02,2017-08-16 23:07:45,2017-08-18 20:12:49,2017-09-05 00:00:00
1f67d1f09d1858b5d12a7548b258fe95,4e832907204b4a6d1d7643f89969aff2,delivered,2018-06-12 20:46:51,2018-06-12 21:23:43,2018-06-13 15:13:00,2018-06-19 15:18:52,2018-07-11 00:00:00
8d47519f5c9c42540b37bd3db0492878,5dd777a48c8124ad7284bf0ae14057e9,delivered,2016-10-04 21:32:35,2016-10-06 15:45:52,2016-10-30 13:25:25,2016-11-07 15:11:47,2016-11-30 00:00:00
ec29c5db787234b1b76acd71b82224e1,7c5c5cd1a341de2b30d5d0b9d49391b1,delivered,2017-09-03 13:41:04,2017-09-03 13:50:13,2017-09-04 18:55:34,2017-09-08 19:05:10,2017-09-21 00:00:00
ca7e237e4817ee2e53f4e96da13dbf9a,22ae4a6295e60e8d01f407d37313f0c5,delivered,2018-05-28 19:00:05,2018-05-30 02:32:00,2018-05-30 10:24:00,2018-06-06 20:11:15,2018-07-04 00:00:00
32def7b7a945df79e300466f674dde0b,7eeddddc657ef191ca81883f2eadb204,delivered,2017-10-21 22:07:57,2017-10-21 22:25:47,2017-10-23 19:34:48,2017-11-10 19:54:51,2017-11-17 00:00:00
a4e1c7e97bd79078bb3a032a6f99a33b,1ae39ee700a8386bf05aaf07af04d669,delivered,2018-03-22 11:57:19,2018-03-22 12:15:36,2018-03-24 00:22:17,2018-04-16 15:38:38,2018-04-13 00:00:00
1a549ed2db2a9933e6c9a780064db2d9,43e0ca1387b46dabfbee7145f1cb68ac,delivered,2018-07-17 11:08:44,2018-07-18 02:55:19,2018-07-19 12:57:00,2018-07-25 14:22:44,2018-08-06 00:00:00
7d0efe41a9db8dbb13ba3940f287fe74,3108618c2ada72ac2470f11de0f0e998,delivered,2018-01-29 22:36:22,2018-01-29 22:53:35,2018-01-30 20:22:45,2018-02-22 22:04:27,2018-02-22 00:00:00
38a76f00d5b3c97a558f376ff43a1d15,2fe841e21865e3aea80dcec864d9fa5d,delivered,2018-06-23 14:15:36,2018-06-26 05:12:48,2018-06-27 08:34:00,2018-07-03 20:46:47,2018-07-17 00:00:00
8dcc55ec15c19cb7dc05d6eb1daf8802,0ac3c36bd11a0622bf9656990f1bbf24,delivered,2018-04-11 00:49:23,2018-04-11 01:09:59,2018-04-11 23:52:24,2018-04-26 13:22:30,2018-05-14 00:00:00
df77e62df88949a20bf8bb2c2d9cb2ed,80c0a38fb7948e73974c07ea359aa626,invoiced,2017-05-07 17:57:19,2017-05-09 09:50:24,,,2017-06-06 00:00:00
5401b21170f8bcf7136ecd5cda29009c,e282755182438a82582d2bceb0e358a1,delivered,2017-03-13 07:26:25,2017-03-13 07:26:25,2017-03-14 10:58:03,2017-03-20 09:43:51,2017-03-31 00:00:00
b7d469b7eb3c07c6d4b96d505c811fea,5b9d5dfe6b754261741fb68772efed93,canceled,2018-02-03 22:14:25,2018-02-06 04:32:36,2018-02-06 20:46:55,,2018-02-21 00:00:00
87850ccd83d669cf004ea32dd917d6c4,c82d7cb984499a33646e2378f2624f9c,delivered,2018-07-19 20:54:46,2018-07-21 03:05:11,2018-07-24 15:04:00,2018-07-30 14:12:00,2018-08-20 00:00:00
d6bb547da098f595bc40f00e2d38056e,dee63fa256a872ed8417589589ea9913,delivered,2018-05-23 19:23:16,2018-05-23 19:37:14,2018-05-24 14:09:00,2018-06-06 23:24:37,2018-06-18 00:00:00
52e1b92cb6de5f5bca72b3d73f59d193,60b20675f7175e98930880120692fb08,delivered,2017-11-30 14:00:13,2017-11-30 14:17:30,2017-12-06 18:53:00,2017-12-12 20:49:00,2017-12-27 00:00:00
9550f2ed8839548efea1f1fdaaf41767,5b4ddeb7947c8961f3a8d5450cec0dab,delivered,2018-04-17 18:07:40,2018-04-17 18:31:44,2018-04-18 21:57:25,2018-05-16 01:02:59,2018-05-25 00:00:00
d15a4add9a1af2006ad10d70d9a4b634,74d81e243faed576ff50c5428e8cdbaf,delivered,2018-06-06 14:05:09,2018-06-08 02:56:02,2018-06-08 14:09:00,2018-06-19 14:58:33,2018-07-19 00:00:00
082d9e610509b115a17045c97c207811,9d4314f6de130876aef05baaa020f0cd,delivered,2018-06-08 16:11:27,2018-06-09 02:57:38,2018-06-11 06:51:00,2018-06-19 06:58:23,2018-07-16 00:00:00
be9ee147c9dd269d227ae37839d3493a,801e6d59e9665f5ed9fac67b7a5ba67d,delivered,2018-02-21 00:49:56,2018-02-21 05:50:08,2018-02-27 00:29:06,2018-02-27 15:51:29,2018-03-07 00:00:00
cf7910e566a5943797cf835dedc85db4,a0f86008a2c44e553d93e2ea650443c4,delivered,2017-06-23 08:35:45,2017-06-24 02:43:12,2017-06-27 13:57:30,2017-07-07 15:29:40,2017-07-21 00:00:00
53b3fc5e3b224d01407dd5acefd75a53,cd7d9fe7420121bbc44d7a997b8d2d1b,delivered,2018-03-16 10:46:04,2018-03-16 11:09:06,2018-03-16 21:28:34,2018-03-23 18:26:48,2018-04-05 00:00:00
43a111fcb003d002a300aa191914d51d,7011fa9bd97b546a9eaa462a0ee7919c,delivered,2017-05-14 20:16:03,2017-05-14 20:25:11,2017-05-18 07:42:00,2017-05-29 16:57:49,2017-06-06 00:00:00
338ffe54b65a3b8124c81ebe6d1cc4b0,13be0c3edfe7bc389f6e482b4dc1d529,delivered,2018-06-06 17:30:59,2018-06-06 17:54:58,2018-06-07 13:56:00,2018-06-15 16:08:37,2018-07-20 00:00:00
ebf91983d41a042878dbc79083043f84,8b24cec0ffa00e513a7c9615c7054e2f,delivered,2018-05-20 22:46:38,2018-05-20 23:10:09,2018-05-22 17:05:00,2018-05-28 20:16:24,2018-06-05 00:00:00
e050a14009c67001deb85646176880ff,965388af53ba64f8ae52157dcb8a25d3,delivered,2018-04-07 21:27:08,2018-04-07 21:35:17,2018-04-09 19:22:45,2018-04-10 20:34:42,2018-04-19 00:00:00
f63bea61c8cd128d3e53d7c07d94a7ee,059095dc0717592b41cc47df0c7f1c6e,delivered,2017-11-24 15:07:55,2017-11-26 16:15:24,2017-12-01 15:51:52,2017-12-13 22:03:53,2018-01-10 00:00:00
3ea85b54f4c54ccc998b38bebf6c2c15,0096dd625383caa8afe2c028018bf4ce,delivered,2018-04-11 13:27:29,2018-04-11 13:50:26,2018-04-17 13:08:57,2018-04-30 15:51:46,2018-05-25 00:00:00
21f09ddab3452c7541fdd8b251645918,8ec7c52890c2e72adf249e8f74d41ab3,delivered,2018-03-16 09:25:33,2018-03-16 09:42:44,2018-03-20 00:32:18,2018-04-13 00:28:35,2018-04-12 00:00:00
2d1cfcc5ed3232215b908e86ff33da61,8235352de660467c26016a0a8e7eff8a,shipped,2018-01-21 21:52:15,2018-01-22 14:01:28,2018-01-31 20:54:07,,2018-02-06 00:00:00
161328407c259af79c57891e951b3406,8e16fe9323b398f9c1c304bf40f116c5,delivered,2017-02-13 10:55:17,2017-02-15 02:50:23,2017-02-15 13:17:37,2017-02-21 15:03:53,2017-03-14 00:00:00
9a02960ce092d811e89e50c06d750ff6,2747fdc95e12b07775c0cdee68fe538d,delivered,2017-09-14 16:48:32,2017-09-14 17:04:17,2017-09-15 16:56:47,2017-09-20 16:42:48,2017-10-02 00:00:00
dff73ddac06e1d85d286c22617ee50db,9649301a6e7a51d13c4f0b9d7605c56d,delivered,2017-06-03 23:11:49,2017-06-03 23:25:12,2017-06-05 11:12:35,2017-06-14 14:52:20,2017-07-10 00:00:00
b92443e927b172234edc7c7ff4e74976,727b5677002235ff1e2c78de75b88c22,delivered,2018-07-15 20:33:06,2018-07-16 20:30:41,2018-07-17 15:47:00,2018-07-27 16:43:38,2018-08-03 00:00:00
6b8fb85c27e8d90db257311f74b7c6e7,594c4ae65aaab4abef94353eee747818,delivered,2017-03-20 16:00:23,2017-03-20 16:00:23,2017-03-21 10:46:52,2017-04-09 16:03:32,2017-04-10 00:00:00
20d74f313f0dccb9b27b7865951126fe,74935c66741cfcde4ca7e0094d94a406,delivered,2018-04-16 22:10:15,2018-04-18 02:11:19,2018-04-18 20:58:41,2018-05-03 19:16:28,2018-05-14 00:00:00
314c025c229f30a1b32658c7555269b8,8d5db117378b874eb1894bbd190f03f6,delivered,2017-01-25 12:48:49,2017-01-25 13:02:08,2017-02-08 12:43:51,2017-02-16 08:35:55,2017-03-06 00:00:00
dc5e5ca2d07c93091a87b58d9888769a,b66eb836bd246ad0c47175234a34d775,delivered,2018-05-02 11:04:44,2018-05-02 11:15:18,2018-05-02 13:17:00,2018-05-08 17:44:30,2018-05-21 00:00:00
8b0d9469bcbdd6061d09db72ad2a1d22,d866e504fb74cbf859d8d083b9b57837,delivered,2018-07-25 12:27:03,2018-07-26 05:35:11,2018-07-27 14:51:00,2018-08-03 19:28:40,2018-08-14 00:00:00
3c3e5bec9a05202ab008c05c55f951fc,d010acc7fab9dd6b4779bfe36b73024f,delivered,2018-08-04 15:03:25,2018-08-07 04:24:45,2018-08-08 13:40:00,2018-08-15 15:08:40,2018-08-17 00:00:00
e3789526cc0c6ef10b87251d5be32b33,e10372b638b992412298a0091a2d937d,delivered,2017-09-20 11:15:29,2017-09-20 11:25:49,2017-09-21 21:48:03,2017-09-22 16:27:51,2017-10-05 00:00:00
92b2185ad7819322fe1488669fcb1f31,23ef610d8b7fac1024a8e4159496b90c,delivered,2018-01-20 18:40:21,2018-01-20 19:09:34,2018-01-24 18:44:32,2018-01-30 15:44:29,2018-02-14 00:00:00
4fbf9aea9b77fadc915415ac3ffeef1d,f7954af5e24649465e35d45fda3af4bc,delivered,2017-12-13 17:57:59,2017-12-13 18:10:24,2017-12-14 17:49:07,2017-12-21 00:44:43,2018-01-12 00:00:00
a809c12014a1497839f797359c3f6d3e,914bc54a99e04ce218bc7ba0c40caa8e,delivered,2017-12-03 23:34:19,2017-12-03 23:54:01,2017-12-04 19:13:04,2018-01-09 01:05:59,2018-01-05 00:00:00
e1cbc1e8c3204aaecc891d1392f7b4d7,3b4d546d0e5f84a84c5cd3034c557b72,delivered,2018-01-04 09:22:57,2018-01-04 09:33:23,2018-02-06 19:27:54,2018-02-15 20:25:12,2018-03-14 00:00:00
7532f61a8fc7649fe822d89af2ff0a76,e09ccd04cb9679cb5033871d086afd62,delivered,2017-12-16 18:01:40,2017-12-16 18:13:18,2017-12-20 20:48:54,2018-01-09 16:49:05,2018-01-11 00:00:00
4e371e6caa2a2b7a2397ba36ef686f9c,5a0d601245e8bfdba9ba3b2bfa3eabbc,delivered,2018-02-23 20:47:53,2018-02-24 02:35:43,2018-02-27 00:21:52,2018-03-02 02:34:07,2018-03-15 00:00:00
5adcb18c1456b44c8c96e0540ea9b9df,f8cf50e24d75a7eade3ea68116320282,delivered,2017-12-03 23:39:27,2017-12-03 23:54:08,2017-12-04 20:19:28,2017-12-13 23:29:03,2018-01-04 00:00:00
2f29cfa739331301e37ea8e0cc5c863f,7e8df4633a3d714d6f33e277b12bb4e4,delivered,2018-02-19 22:30:11,2018-02-19 23:30:27,2018-02-21 21:04:42,2018-02-22 21:22:24,2018-03-05 00:00:00
bb780b0ed67fce7c92b2772fde29bc6e,a13b59f2362357007db99730023baa32,delivered,2017-02-05 14:23:56,2017-02-07 04:05:12,2017-02-09 05:25:41,2017-02-15 17:06:05,2017-03-01 00:00:00
a1056adf3e67acb8ce8f791608b76e05,9703035da34041c2f2599e217a0f777f,delivered,2017-05-01 21:15:05,2017-05-01 21:25:12,2017-05-02 09:36:14,2017-05-09 15:36:13,2017-05-25 00:00:00
8602398f607dbc45ea765dda38e32b39,82d33a43eba91ff62c44064bcc348ff7,delivered,2018-02-23 17:00:31,2018-02-23 17:15:40,2018-02-26 19:04:34,2018-03-09 19:38:31,2018-03-20 00:00:00
73e85a295c3028a2283eb8182a8ac56b,6d75b739e1547399c38335db5a099405,delivered,2018-07-30 15:43:54,2018-08-02 13:42:54,2018-07-31 12:57:00,2018-08-27 21:54:40,2018-08-22 00:00:00
432f3cbc9941551c41eb9884f7bfb879,3dfed65ed75db506156cb06133a99245,delivered,2017-10-16 09:17:48,2017-10-16 09:28:19,2017-10-17 16:38:03,2017-11-09 11:48:30,2017-11-09 00:00:00
23fdd0e16ad79ceab4e5f407772d64fa,f915ff705480d8952c4e91371c39e95e,unavailable,2017-03-20 15:29:38,2017-03-20 15:29:38,,,2017-04-19 00:00:00
5a80679a6e63e622b23f79decee7187d,869f9ddf43d5855349d3a8d5c7c6f1d2,delivered,2018-07-06 10:12:14,2018-07-07 04:50:15,2018-07-24 15:06:00,2018-07-30 14:41:19,2018-08-15 00:00:00
afb1e1ccaac288ec1ab9754e2e36cdaf,101a5d44d7659f8b2ec49d385d80a1ed,delivered,2017-11-26 12:03:05,2017-11-26 12:16:21,2017-11-27 17:56:11,2017-12-04 21:34:31,2017-12-18 00:00:00
d199e989bbb5f7b410c1a717d589499e,b5d690a89f3a144487f8630df7cf567f,delivered,2018-07-30 15:26:34,2018-07-30 15:44:53,2018-07-31 14:43:00,2018-08-01 19:20:01,2018-08-23 00:00:00
1de20a0990748db5dffe019f0cac3cc9,a80ab2d0ffbe4134e1597ec11975e0f5,delivered,2018-08-01 15:25:04,2018-08-01 16:03:54,2018-08-03 14:38:00,2018-08-07 15:24:48,2018-08-17 00:00:00
1af11afc40559c3d542c842db8248863,1465cf4e6cd07d5dec41a750c8ef0009,delivered,2018-04-11 22:55:34,2018-04-11 23:10:06,2018-04-12 19:33:52,2018-04-13 19:52:31,2018-04-27 00:00:00
cc45933a00838616a60b830294189038,5f6b2c56906b912108d55593b8b906e7,delivered,2018-06-06 20:42:10,2018-06-06 20:52:31,2018-06-08 12:09:00,2018-06-11 19:10:58,2018-07-03 00:00:00
c1efd8321b84f3cfd0a4b41c0fd60026,be76e5e04de65d72a0adc9a3e721abbd,delivered,2017-05-12 12:52:50,2017-05-13 15:45:14,2017-05-18 08:52:42,2017-05-25 12:22:06,2017-05-30 00:00:00
1a4fe7b4e0810e3c234a4e39775b6d53,d927fb1a7573ee0227e2546f5b2ac302,delivered,2017-12-12 20:55:09,2017-12-12 21:11:34,2017-12-14 14:45:03,2017-12-26 19:17:58,2018-01-12 00:00:00
2c59b65408953b66cc6cac915015d8f9,927777f35efc17843aa23975de3010e5,delivered,2018-02-18 08:27:33,2018-02-18 09:30:24,2018-02-21 18:47:15,2018-02-28 20:13:00,2018-03-09 00:00:00
d978adcd421de6a71e9974afe4414e4f,5b11c53161333319dc2064ab1049730e,delivered,2018-04-18 16:43:47,2018-04-18 17:14:49,2018-04-19 22:58:38,2018-04-24 21:12:44,2018-05-11 00:00:00
87f652e7b494335099f630e05edcf3b9,b2a121a9e1d255c6ce969efb704562ab,delivered,2017-12-25 16:23:59,2017-12-25 16:36:24,2017-12-26 18:53:10,2017-12-28 16:58:48,2018-01-29 00:00:00
00611822267e76e0055c25c18506f06e,8832232b097dba67d540a76f6ba88795,delivered,2018-07-26 13:35:01,2018-07-26 13:50:14,2018-07-26 14:24:00,2018-07-31 22:52:44,2018-08-20 00:00:00
5753fab4ca88fe20c5a7e8c843941287,a01c9c3550b75773973bc2ee330b8e57,delivered,2017-07-01 08:34:20,2017-07-01 08:45:07,2017-07-03 13:11:51,2017-07-05 13:24:34,2017-07-25 00:00:00
f823e090c5fffc41f7a863aa7c66e34a,3726bec3de946155c502820226221f4d,canceled,2017-12-04 17:00:18,2017-12-06 02:50:26,,,2017-12-20 00:00:00
bab59d9bb6cdeea66847c7025fe6ca57,32c75e5316c3ecad1fe3d71bd2c17930,delivered,2017-11-24 16:49:53,2017-11-24 20:33:52,2017-11-30 17:16:55,2017-12-27 17:19:07,2017-12-14 00:00:00
2e87d5b27ba52796b2b5250002426561,7be66961ab23c787a83689e798f121a4,delivered,2018-06-10 12:58:22,2018-06-10 13:11:36,2018-06-18 12:16:00,2018-06-21 16:02:18,2018-07-13 00:00:00
16976f8e43d0c9ee6079e3ed9eaa4fed,cfe4eb5b21969ebd94370819e38c07b5,delivered,2017-01-26 18:48:30,2017-01-26 19:02:34,2017-01-27 16:36:28,2017-02-08 17:25:28,2017-03-14 00:00:00
7f1e6c8280634faf3e57ac93f781b98b,ab9b1caa95d00ce50e2402a1e46068d6,delivered,2017-06-13 13:00:05,2017-06-13 13:15:16,2017-06-13 14:28:29,2017-06-19 19:11:55,2017-07-06 00:00:00
4be3435a18d709c7bec9b8d5651088b4,a87d45ca887d3d335a94649960190869,delivered,2017-10-07 12:52:12,2017-10-07 13:05:02,2017-10-20 12:13:06,2017-10-28 01:24:51,2017-11-09 00:00:00
5f394a518be2ad94a231713d3a84ab39,7465b7b1af7bf58c58bbeda224fb07d8,delivered,2017-03-16 21:46:51,2017-03-16 21:46:51,2017-03-17 12:12:57,2017-03-20 09:41:56,2017-04-04 00:00:00
ae922ba97feaac137766d9d00cc1ec0c,aeb07999154eeee6ed241aa2b3137c99,delivered,2018-02-04 09:26:07,2018-02-04 09:35:30,2018-02-06 19:38:33,2018-02-09 00:06:39,2018-02-21 00:00:00
dcccbd535ac6be4884373971fe2cf444,e6d0d8939fd2b135b3911efed6934b0c,delivered,2018-01-28 01:44:56,2018-01-28 02:01:45,2018-01-30 01:03:55,2018-02-15 21:53:18,2018-03-02 00:00:00
b2bcc44cd738d425393e6268c29f096d,b4561d6a09f273840b614c72a2920b2b,delivered,2017-12-18 15:37:35,2017-12-19 09:51:14,2017-12-19 18:24:57,2018-01-03 15:52:29,2018-01-15 00:00:00
efe6d4dfee60757b66595c5fd2920f10,7b2245bc30466be2d86e7e007abc8ada,delivered,2017-07-19 18:45:11,2017-07-19 18:55:17,2017-07-21 17:39:27,2017-07-28 20:33:41,2017-08-11 00:00:00
dda92d3694d95fdaa89640d8cccfa8a0,f47cb96b9850b45b6042cd0a613b8584,delivered,2017-11-13 11:39:05,2017-11-16 06:50:22,2017-11-16 19:09:24,2017-11-30 18:48:45,2017-12-07 00:00:00
300f31d0edc9f2e0110bc756c906a154,bf81c46d2876062acb99e083cfecedfa,delivered,2017-12-08 08:13:26,2017-12-08 08:31:06,2017-12-13 01:16:51,2017-12-15 19:56:19,2017-12-27 00:00:00
1fed4a55473f54b2b3ec70cb98e65aae,2749127e24c87fb2209227d641ba4efc,delivered,2018-05-12 19:37:58,2018-05-12 19:56:40,2018-05-15 14:20:00,2018-05-22 21:18:36,2018-06-05 00:00:00
f371dc0b3fbb3fad54484f71ccbd0cc6,741488a61f59b1f0a0e02501db47fd8e,delivered,2018-02-14 08:06:02,2018-02-14 08:15:29,2018-02-15 21:11:51,2018-02-20 23:03:07,2018-02-26 00:00:00
1fc40709065a72668d4ea0a5355f7975,e51c09b37c7731688648174ef61e64b0,delivered,2018-05-31 11:30:19,2018-05-31 11:51:09,2018-06-01 14:04:00,2018-06-16 05:39:37,2018-07-12 00:00:00
7a4f9c8e2172d566e71f204a6187268a,ac6dec66b774a07045cdd6078ec77e46,delivered,2018-02-07 14:07:46,2018-02-07 14:32:00,2018-02-09 14:34:04,2018-02-19 23:06:37,2018-03-08 00:00:00
e3e5126cb05e7c16dd2ef864271fa8e6,f28ff42f4a3d29ba87737305a4d73212,delivered,2017-08-02 18:32:55,2017-08-04 02:30:36,2017-08-07 20:11:56,2017-08-14 20:45:09,2017-08-25 00:00:00
12b66545947857f58986d526e908c0a0,231de84a096960061b4ab8a9f8ed5d79,delivered,2018-02-20 11:24:49,2018-02-21 06:25:12,2018-02-21 19:29:08,2018-02-23 13:45:19,2018-03-06 00:00:00
b9783c502a1ffa923bc2185103701687,e129635880e7b8bd47eaab1535f8dbfb,delivered,2018-03-05 20:05:41,2018-03-05 20:28:28,2018-03-07 19:58:39,2018-03-09 21:38:38,2018-03-15 00:00:00
0681602384769af218b41f80e0808278,c50bb4c9a6ef2510dc6c3b6c9d2871a3,delivered,2018-01-22 12:38:35,2018-01-22 14:24:55,2018-01-25 15:28:49,2018-01-31 21:14:36,2018-02-14 00:00:00
f6b63a36cd2dd4fd184e6da3f911a4de,f0dae1e937bb3c41846089b13dde866e,delivered,2017-01-18 15:31:13,2017-01-20 02:15:28,2017-01-20 10:50:47,2017-01-25 08:58:55,2017-03-02 00:00:00
60836a0b2a1b5051e61371cf04a16574,6b49f46fe51b14c54872f603facd73a3,delivered,2018-05-27 21:34:10,2018-05-27 21:51:30,2018-05-29 09:51:00,2018-06-05 14:58:29,2018-06-28 00:00:00
b1ce906877fd32ecc3216688454fe6cc,d26e457780ad52f84e0125b43814c02e,delivered,2017-12-08 23:27:42,2017-12-08 23:35:20,2017-12-11 22:38:51,2017-12-14 16:34:01,2017-12-27 00:00:00
665c70dad359d52a11ec77814605ab19,3e9e084c1857e375aaaf16a24b3afd17,delivered,2018-05-07 16:57:00,2018-05-07 17:56:53,2018-05-08 13:58:00,2018-05-16 00:20:56,2018-06-01 00:00:00
7e7391dc612005ec78b995037a528b50,4da73e09847ce3bfc0c4eb4657ab39ff,delivered,2017-10-26 22:25:44,2017-10-26 22:35:15,2017-10-31 17:58:40,2017-11-03 21:52:28,2017-11-21 00:00:00
7fdefbf564eb66830407026a86005ce2,013bdb994a9c8f09fde3f5f543e698ad,delivered,2017-09-01 11:37:28,2017-09-01 12:30:15,2017-09-02 15:07:27,2017-09-13 22:52:54,2017-10-17 00:00:00
9c044ffd93c708557b82ad51947070b6,510183129e0db0787eb3d485c0367f0b,delivered,2018-08-10 10:42:26,2018-08-10 10:55:18,2018-08-15 15:19:00,2018-08-20 13:43:51,2018-09-04 00:00:00
1832e58eef1866c5fbd21e7e927cb8cc,339db63dd455ed856b62804c7f4d3a7f,delivered,2018-05-09 00:11:30,2018-05-09 00:32:50,2018-05-09 11:52:00,2018-05-11 22:04:04,2018-05-23 00:00:00
a0d4f93076122f91ae6403813fa2744a,6c9248ca8a88d31092ae006ff63b12a4,delivered,2017-08-01 10:25:49,2017-08-01 10:43:53,2017-08-11 18:33:37,2017-08-22 21:56:39,2017-09-06 00:00:00
35f1c7a905180687002390a212d166be,4d76d67924ecadc4b2aa91d302dd020b,delivered,2018-04-02 21:48:56,2018-04-04 03:08:55,2018-04-04 18:11:12,2018-04-16 18:08:46,2018-04-18 00:00:00
82a4f87180e14e53d6b745317841196f,76e1a14b2da0e932148a6c0550e75b8d,delivered,2018-06-20 12:17:29,2018-06-21 03:38:36,2018-06-22 14:30:00,2018-06-25 15:30:02,2018-07-03 00:00:00
470ceef9068e1385a280703397af31e8,71f6152998635c3ea46ac44cb989ff49,delivered,2018-04-15 19:56:47,2018-04-17 04:11:54,2018-04-18 19:11:21,2018-04-26 10:09:37,2018-05-16 00:00:00
ebe998d8119cf3691979661c6de2e0e3,757e97e4e32706056016218be472a543,delivered,2018-01-17 12:41:15,2018-01-18 02:13:13,2018-01-19 00:18:52,2018-01-25 17:36:11,2018-02-08 00:00:00
04af40a6714e5ab254138fcd4863f0c1,a4a7d48473dcb6c1c5f918fde2542cb3,delivered,2018-03-10 22:24:10,2018-03-10 22:35:42,2018-03-13 23:29:44,2018-03-16 17:08:31,2018-03-22 00:00:00
e7126a85c2b327968a0ad83a82b75442,abba45539fec5ca6bf22c0109fdef05c,delivered,2017-12-09 21:40:07,2017-12-10 20:57:29,2017-12-11 18:23:37,2017-12-12 23:43:21,2017-12-28 00:00:00
3e227762960a48c16959bed012a17b30,dea629253af5c998a862ff461ff97223,delivered,2018-03-10 10:10:19,2018-03-10 10:47:47,2018-03-15 13:12:41,2018-03-17 14:12:56,2018-03-22 00:00:00
d5548ee8b123f1ede666cedd8c0049f2,fb23c756b7d02814a3f3a7a605f3db42,delivered,2018-03-04 01:50:38,2018-03-04 02:14:06,2018-03-06 20:52:24,2018-03-12 22:16:32,2018-03-28 00:00:00
b66034dfd4925b13cbe0fad3f068e618,36a3814f42b8e1e33c12a1cc26c4c161,delivered,2018-08-08 14:01:48,2018-08-08 14:10:19,2018-08-09 15:24:00,2018-08-13 19:24:45,2018-08-13 00:00:00
d6b7fe0100a5ed0711d0682fc1ed7819,ec0ff90bfa31f26b55cc5314f4026c80,delivered,2018-02-22 17:37:19,2018-02-22 17:55:32,2018-02-26 12:13:20,2018-03-02 23:12:23,2018-03-16 00:00:00
856d6b7354ca57ce6a2865c9c5e9e6e7,3233ac56f87817b5955345af54dbc7ba,delivered,2018-08-16 13:22:21,2018-08-16 13:35:45,2018-08-20 12:47:00,2018-08-24 18:57:37,2018-09-03 00:00:00
c5b438d2be9a4bbfd2b0611d477a24b3,ed91ad6be23d7d26f08f18a3b34db59a,delivered,2018-08-08 09:44:50,2018-08-09 03:45:17,2018-08-09 17:11:00,2018-08-22 21:35:31,2018-08-22 00:00:00
e06ff711ddcab05c3651a9b1bb003950,bc4e6f215af91483d54431baacb9506f,delivered,2017-03-02 11:53:33,2017-03-02 12:05:49,2017-03-03 14:09:15,2017-03-14 15:47:49,2017-03-23 00:00:00
a15cf0c6907f5a98ca4fb8cc66731f06,1e4a256245581c2b4d990576ea26f02c,delivered,2017-10-23 10:41:52,2017-10-23 10:56:28,2017-10-24 15:33:37,2017-11-03 16:27:52,2017-11-21 00:00:00
d7265f36cbd2814e8be76a4fca48a1d8,2c3ab5869c7fb40602a191fd89efc4c1,delivered,2017-05-18 11:54:08,2017-05-18 13:05:21,2017-05-26 06:17:54,2017-06-01 17:55:33,2017-06-09 00:00:00
3e17eef8a8bd0131c7aed90d7508799e,a97f15194f6fc81433e550a34dec906a,delivered,2017-12-07 12:53:03,2017-12-07 15:33:08,2017-12-09 12:12:50,2017-12-12 20:04:02,2017-12-26 00:00:00
9afd9ae98cb2fcc3bc5b893594ccf663,3ff32929bc801d5539d94bede606fea8,delivered,2017-09-15 14:45:57,2017-09-15 14:55:25,2017-09-20 19:08:08,2017-09-25 20:58:47,2017-10-06 00:00:00
9b2444e525ad45d903e5e98de8665975,39702d83f58fe221606aed9ea67ba5af,delivered,2018-02-12 13:04:03,2018-02-12 13:28:11,2018-02-16 17:14:05,2018-03-08 19:56:31,2018-03-08 00:00:00
68101694e5c5dc7330c91e1bbc36214f,35a413c7ca3c69756cb75867d6311c0d,delivered,2018-03-29 10:31:29,2018-03-31 08:27:27,2018-04-04 23:26:45,2018-04-06 22:35:30,2018-04-17 00:00:00
8bd56cbba10cec53a49503a4377ce707,bc2799ce7d11d287ada62e695e3203fc,delivered,2017-05-10 17:15:52,2017-05-10 17:25:24,2017-05-15 09:42:54,2017-05-16 21:58:44,2017-05-25 00:00:00
d14ebe879e1587746439c3652f063eb4,9155e5f5cd64439dedad8c8fe39261e8,delivered,2018-05-27 13:07:45,2018-05-27 13:36:12,2018-05-28 14:40:00,2018-06-07 11:46:29,2018-07-13 00:00:00
0bcdef8dcbbd4cfc9f7c9a9669e6c2c2,ad032df5c40dc476b2ae928738dfc7bf,delivered,2018-01-16 11:44:02,2018-01-16 11:55:20,2018-01-17 22:24:33,2018-02-05 20:03:51,2018-02-09 00:00:00
f70f315a383a7e0d4f253107b5b34173,3dfe1e8914daca38e62f48e2bd9fee62,delivered,2018-07-25 08:35:12,2018-07-25 08:45:13,2018-07-26 14:25:00,2018-07-27 22:18:35,2018-08-06 00:00:00
845686dd9137013d73ed42078be18809,1eef2bcc23c75349976a65957e2e105b,delivered,2018-05-26 13:56:58,2018-05-26 14:18:22,2018-05-30 19:05:00,2018-06-01 22:02:30,2018-06-20 00:00:00
272f05cc2ddc6f0c478473d06a4fac76,c8ef9497a6dce53f2e29955fe06f9ac6,delivered,2018-06-01 17:13:00,2018-06-01 17:31:28,2018-06-13 15:19:00,2018-06-21 21:22:46,2018-07-03 00:00:00
60d9639e8367addbb73c0c57bc29153e,50012e893c4fe8fdc2d146ba64c6c8ef,delivered,2018-04-18 22:47:09,2018-04-18 23:11:07,2018-04-19 18:28:50,2018-04-24 01:08:41,2018-05-07 00:00:00
8d17ba5695db76a5fc7fed0645778642,b58fb978d874ab20a1e02eb6aa6bb088,delivered,2018-05-03 19:00:13,2018-05-05 02:53:46,2018-05-07 13:43:00,2018-05-11 22:12:24,2018-05-23 00:00:00
38ceb430670a97a62dda6e748ec94f69,5606c8ed3e243a47aa96c3206cd14b18,delivered,2017-09-28 09:48:29,2017-09-30 09:49:22,2017-10-02 20:49:58,2017-10-11 18:53:06,2017-10-26 00:00:00
e2ae0065226927a2f9a53f2f05b12c72,17e8bd2e948117e1412cada1efec067a,delivered,2018-07-02 20:31:39,2018-07-05 16:14:52,2018-07-17 10:28:00,2018-07-24 00:21:52,2018-07-27 00:00:00
fe54721dce41fbe10fc161ef6b4a883a,d64985521d50ff3ec759bada00b15ccd,delivered,2018-05-02 10:50:42,2018-05-02 11:13:46,2018-05-03 13:17:00,2018-05-07 13:41:29,2018-05-22 00:00:00
47718199d2ca56a38ae8cfccc158c692,98a06a6332545015fba5269ad5dc4f5c,delivered,2018-01-30 15:54:34,2018-01-30 16:43:43,2018-02-01 17:31:44,2018-02-19 19:52:20,2018-02-21 00:00:00
661db6fa562954c6c672ee765c51a014,cc1dba5fd468eaba5fc87e9a44ffa570,delivered,2017-08-22 14:16:04,2017-08-22 14:26:56,2017-08-24 13:54:37,2017-09-01 18:39:48,2017-09-19 00:00:00
adf99ffa5e0b3a09795387b766316853,ff03224d29a8394ce66dcd434f7bf8d3,delivered,2017-03-13 13:03:57,2017-03-13 13:03:57,2017-03-15 15:20:04,2017-03-21 08:35:10,2017-03-30 00:00:00
6fc4efdbd3590258aea33eda644ecb12,756a7cbb629f4113996b5c33b8b73736,delivered,2018-01-19 16:47:26,2018-01-23 03:37:23,2018-01-23 22:29:37,2018-02-06 18:53:08,2018-02-15 00:00:00
074a6843b445107d87cbfaa88e2e642f,dbb2d80e2dc498f05127173933a375fc,delivered,2018-07-22 14:13:44,2018-07-24 11:32:22,2018-07-25 13:10:00,2018-07-30 23:51:37,2018-08-06 00:00:00
097c6926697b318e2e49c0d92843211a,c4bfb61a02fa753432f5e5cabc107e28,delivered,2017-10-09 07:41:44,2017-10-11 03:28:37,2017-10-11 20:32:04,2017-10-18 17:13:40,2017-11-03 00:00:00
36c03fb1172cec1edee00c380e3ae9ec,0a000341124b520e8aee66df1f6dadc1,delivered,2017-11-04 17:46:25,2017-11-04 18:06:00,2017-11-06 22:28:47,2017-11-09 13:53:00,2017-11-27 00:00:00
a974899162d4dcaef47a7a38af77a25b,fa38c0ad3378158a3546a9ad985ddd4e,delivered,2018-02-28 22:28:25,2018-02-28 22:47:39,2018-03-02 17:23:48,2018-03-07 21:22:07,2018-03-20 00:00:00
d1cbdd8ef126f25f75c37e56508061ee,60846c3b365421d1d4c6d027498062ef,delivered,2017-08-30 11:08:30,2017-08-31 02:50:22,2017-08-31 15:04:41,2017-09-11 19:33:48,2017-09-18 00:00:00
ab9de67666ec95b75b273e2905fc7844,17f649534bad9e486650d91706ac41dc,delivered,2018-03-14 12:16:03,2018-03-15 03:29:26,2018-03-15 23:38:24,2018-03-22 16:22:49,2018-04-02 00:00:00
813b5a476617fd4a0d4f49f875a6e99b,5bfeb6f3516f91a7faaee13bc60497d6,delivered,2018-02-20 21:25:53,2018-02-20 21:35:33,2018-02-24 03:39:04,2018-02-27 00:12:13,2018-03-06 00:00:00
8a6b619c3aff55f02ec3cabe6d746ce8,ce90096f130e38392654bacf265b1f58,delivered,2018-05-25 18:28:36,2018-05-25 18:58:30,2018-06-12 07:51:00,2018-06-17 13:18:27,2018-07-12 00:00:00
221075271fec0f4230ccfb754b0282d0,9eaea40cdf7c192bd3120718b635c863,delivered,2017-10-21 14:22:24,2017-10-21 14:39:38,2017-10-25 18:19:06,2017-11-06 10:58:41,2017-11-09 00:00:00
eb4a3d0046ad19061885dc5ce242068f,7e388d37dc7e8572bab8068459b32190,delivered,2017-10-10 20:33:18,2017-10-10 20:49:26,2017-10-20 15:58:48,2017-10-31 12:05:26,2017-10-23 00:00:00
d39a20e8a085ccb2be10bebd348614c2,8e64729fe31042626548bb4844a9b1a9,delivered,2017-12-28 11:20:49,2017-12-28 11:31:46,2018-01-04 22:27:05,2018-01-05 17:13:47,2018-01-17 00:00:00
748cd327f8dd41d29e7f94c334beb869,cd9df5080a35c3fd18365602a80f3044,delivered,2017-11-14 16:02:01,2017-11-15 02:46:48,2017-11-17 21:06:37,2017-11-22 03:33:07,2017-12-04 00:00:00
e9cd616f98d71b98fd6464ec06a6f763,58ba0af16d3e34ea61d57c38baf9ffb5,shipped,2018-04-03 11:43:50,2018-04-03 12:09:29,2018-04-04 18:31:28,,2018-05-02 00:00:00
89da5201b61556fe114c78cf188fb1e8,71fde3709b2cb6ac4f85fd35ce1d45cb,delivered,2018-08-25 18:52:49,2018-08-25 19:05:15,2018-08-29 13:24:00,2018-08-30 19:14:35,2018-09-03 00:00:00
973548765ef313758de16c641c195baf,5b36c9f4f0c829730b0e2a4e5b26aeea,delivered,2018-05-08 09:15:25,2018-05-09 03:51:45,2018-05-10 18:29:00,2018-05-16 21:03:44,2018-05-29 00:00:00
23812c2963ad9ad601c4d9ee5137834d,76a222a1c172c61075fad1bcc252312d,delivered,2017-06-01 13:17:00,2017-06-01 14:23:12,2017-06-06 13:03:08,2017-06-13 16:53:47,2017-07-07 00:00:00
3785ffb02b0b201a23df7daf357c271d,7cba2705c01b76fa986e0efd815d3b09,delivered,2017-10-03 13:27:13,2017-10-03 13:49:19,2017-10-04 16:41:36,2017-10-07 16:29:03,2017-10-19 00:00:00
0c83ae77e6509fbaec6d9ae8844ccef7,3eb6b717fd80b094c121c4ce049cd3c3,delivered,2017-07-21 14:57:04,2017-07-21 15:23:16,2017-07-21 20:03:33,2017-08-08 19:16:10,2017-08-17 00:00:00
a29bd6557706ccbbd2ef759fd491a67e,fc1cc105b757652a5aae908c9609297d,delivered,2017-03-10 11:55:08,2017-03-10 11:55:08,2017-03-13 12:28:08,2017-03-16 15:49:20,2017-03-31 00:00:00
721384cf1e817313c1e0403bb08235ec,e8e82fdecfabb6a3ef54820ec9073eba,delivered,2017-03-23 01:01:01,2017-03-23 01:01:01,2017-03-23 15:49:11,2017-03-28 17:05:01,2017-04-13 00:00:00
56e6693f77e4c20487af7d879e980613,d488a306f1a55b796ae873c49b701c46,delivered,2017-04-07 00:58:19,2017-04-07 01:10:16,2017-04-07 14:26:37,2017-04-11 12:31:37,2017-05-03 00:00:00
5b2e79428198e5ce482f9ec1bd1014c3,a44c2718ceef807f0b77a73b5192127b,delivered,2017-07-09 17:58:28,2017-07-11 04:15:27,2017-07-14 20:04:26,2017-07-28 20:07:34,2017-08-11 00:00:00
ff0f748c58a386fe2ec19f6e32c9f42b,d486c1adfb84aecbc44d77cf332b0cd1,delivered,2017-11-28 12:55:10,2017-11-28 13:04:26,2017-11-28 22:59:46,2017-12-27 16:23:06,2017-12-29 00:00:00
7d3b6596123fe1a1b6b736200bcb50b1,f866d7ca1261363dcceb85191ed85ae5,delivered,2017-04-11 20:45:06,2017-04-13 02:42:00,2017-04-20 10:39:15,2017-04-26 13:27:51,2017-05-05 00:00:00
d453150b728f3361801ca4a588bf9a86,4601751d1f69b3849c08916fd2f6b356,delivered,2018-07-19 19:09:05,2018-07-19 19:23:12,2018-07-23 14:11:00,2018-07-24 21:12:48,2018-08-01 00:00:00
8337da5abde9a018a9ab51bf20aee333,3aa26b0090c89244c07c04d241eb30af,delivered,2017-12-18 10:44:33,2017-12-18 11:51:45,2017-12-21 22:52:36,2017-12-27 18:59:03,2018-01-11 00:00:00
815c1f60c4896764d6d70b7fea63863b,43cbc1dac30f38ac86c23356358597a7,canceled,2017-11-21 13:55:08,2017-11-21 15:50:58,,,2017-12-01 00:00:00
9974f55fe60de80215db1be13064ee66,2c294c9fdd5d9b63c26e6fb27a39475e,delivered,2018-05-03 20:54:47,2018-05-03 21:11:24,2018-05-04 14:39:00,2018-05-22 17:58:51,2018-06-06 00:00:00
71865a55cb13d1685ed2ea7db1cb24d6,8cc7890ab812dd058ca375f6384c02a9,delivered,2017-10-26 13:10:31,2017-10-26 13:30:03,2017-10-27 20:05:34,2017-11-07 21:37:36,2017-11-22 00:00:00
ed9bc2af2e1ae9d510b862314efd8e72,c7b91f61168f8405335fbc6371c11962,delivered,2017-04-15 12:11:01,2017-04-16 06:35:18,2017-04-25 06:53:46,2017-05-02 21:07:41,2017-05-12 00:00:00
6f7df415d1d0e0721913565990a9a6d8,c5bc3b20670a94be6ce48dc42abe2a6e,delivered,2018-02-07 10:16:13,2018-02-07 10:32:08,2018-02-08 20:58:37,2018-02-15 18:13:21,2018-03-06 00:00:00
a620d8cdb285c288f16b94cb365172a1,4c29da720594564093d90ef9c34144eb,delivered,2017-08-08 09:55:41,2017-08-09 02:55:57,2017-08-10 16:40:10,2017-08-14 17:47:27,2017-08-28 00:00:00
1dcc7dd4a1b9d03d263d4b4d224f1cc6,5a036116645ad7781ca56e7a415513c6,delivered,2018-03-22 10:10:08,2018-03-23 02:15:59,2018-03-26 14:58:50,2018-04-05 17:40:46,2018-04-13 00:00:00
2256d7dbbecb2b03c2cb4423793570a1,f3eff5581af1342ceb05677a6508bbbe,delivered,2017-06-24 19:15:09,2017-06-26 11:12:17,2017-06-29 16:19:35,2017-07-05 14:42:55,2017-07-18 00:00:00
78037c5f4d9f1f7bab0207f22c4e92f1,ec8f2dcb080511771e52af7ca42117f5,delivered,2018-01-02 17:56:52,2018-01-02 18:10:14,2018-01-08 17:19:32,2018-01-16 17:12:37,2018-01-31 00:00:00
ca68062131377687e13cfb41842fbac9,25cc30b7403fea780f69926b410023b9,delivered,2018-07-24 19:44:56,2018-07-24 19:55:12,2018-07-25 12:30:00,2018-08-01 18:27:03,2018-08-13 00:00:00
de01100645b731556de153cfbebc35b1,94602ee2b2723266d391c94e7d1f4d89,delivered,2017-08-07 12:13:26,2017-08-07 12:43:37,2017-08-08 13:32:49,2017-08-17 18:24:38,2017-08-29 00:00:00
7f57cfd0b88f36f8d013446482df54ff,31125ec2baa1d5281a8d38c35c0f3e7b,delivered,2017-09-16 08:28:18,2017-09-16 08:44:04,2017-09-18 20:08:49,2017-09-23 12:42:00,2017-10-05 00:00:00
3c2162c803440f60242b30f84d448ee8,d90163d79bf06b422d58f3c8a2894f12,delivered,2017-12-03 12:23:49,2017-12-03 12:35:32,2017-12-04 21:22:16,2017-12-13 18:04:46,2018-01-05 00:00:00
ad01e26d29b4818ba6299d1356a130b7,c2a6b573f9d894a18a37d09b680910b3,delivered,2018-08-12 21:06:51,2018-08-14 05:44:07,2018-08-15 14:09:00,2018-08-22 16:09:42,2018-09-06 00:00:00
0b3f84ce012f341897587c6e4e73f68e,bd2e650f73a529c3dd307b6eec01393e,delivered,2018-06-30 21:48:45,2018-07-01 21:50:01,2018-07-03 11:15:00,2018-07-12 15:28:49,2018-08-01 00:00:00
eb620e3dd98cfbaa9f054dbc60758764,ae9b7a06ed7be1ba49886a5818b8c63a,delivered,2018-08-20 12:23:20,2018-08-20 15:36:15,2018-08-21 13:23:00,2018-08-27 21:13:26,2018-09-10 00:00:00
0be6d173c7061938d89152c036ac064a,095acc4e27efb00510101b9dbbfb4312,delivered,2017-11-20 18:10:49,2017-11-22 02:50:26,2017-11-22 20:08:50,2017-12-05 15:46:45,2017-12-07 00:00:00
063b573b88fc80e516aba87df524f809,285195a5b585842e25bd1ef9015a8413,shipped,2016-10-07 19:17:00,2016-10-07 19:29:20,2016-10-30 10:23:36,,2016-12-01 00:00:00
4d7b8667b2e583a64e2241b51d25f3f7,ae4b97db0f9940348a45b614a925fb3c,delivered,2017-09-10 12:40:46,2017-09-10 12:55:14,2017-09-12 20:49:35,2017-09-18 20:15:02,2017-10-03 00:00:00
bb7354c6849c8df487362a72ea3ac569,6da387a19f90d3b3b07a576590e7d48d,delivered,2018-02-08 23:22:00,2018-02-08 23:35:36,2018-02-14 21:26:40,2018-02-23 21:23:29,2018-03-06 00:00:00
e1ae83c728cb5ab4352082e5509056ff,ad5f5cd6d22881b872713a934ee9ef28,delivered,2018-08-19 13:23:43,2018-08-20 15:50:08,2018-08-21 12:27:00,2018-08-23 21:51:18,2018-09-10 00:00:00
546d146d8027f96ed859e57ada4c2ff6,011d2f8468c1be17b9c493a916e31a56,delivered,2018-02-06 10:20:19,2018-02-08 07:35:51,2018-02-08 23:47:03,2018-02-16 21:48:42,2018-03-08 00:00:00
b8f4e6b287baa7c5914f2ddbceee6a8b,1f5f4155d20763029c7b0504404748bb,delivered,2017-02-26 01:33:51,2017-02-26 01:45:10,2017-03-01 12:55:44,2017-03-04 05:24:51,2017-03-22 00:00:00
f9a799d2f679685212cad64ee906048d,9192efe29732cd3f91347e6cba770ce3,delivered,2018-03-07 12:43:02,2018-03-08 02:15:42,2018-03-08 23:16:20,2018-03-22 19:39:01,2018-04-09 00:00:00
b9aa836b728e0cee464400dde6a1fc22,c364cfc3250649433bd2a8ad77b101bd,delivered,2017-10-10 20:20:39,2017-10-10 20:35:27,2017-10-18 15:15:05,2017-10-20 16:03:49,2017-11-06 00:00:00
56a97868cb13e5f9af3e4d72256ffa54,0563496f01a9c2ff5cce673601fe3c4a,delivered,2017-08-02 16:54:58,2017-08-02 17:10:21,2017-08-03 19:29:32,2017-08-10 18:32:12,2017-08-31 00:00:00
c92f1838de2ede8bad2e01c26d7a8ef6,3f062616cc5dad2d8a65c7d258da1e8c,delivered,2017-08-03 20:28:17,2017-08-03 21:03:20,2017-08-04 18:13:40,2017-08-08 18:23:29,2017-08-23 00:00:00
30837e97d6e552e25ee411c7365bdbcd,8638b28024054f46722ade334452c048,delivered,2018-07-15 19:50:22,2018-07-16 20:30:41,2018-07-18 14:48:00,2018-07-21 00:06:35,2018-07-31 00:00:00
0e52eaa92a794742da29c413a23a7b80,0093eadfb5536c158311672bdf418044,delivered,2018-06-26 21:23:04,2018-06-27 21:31:53,2018-06-28 14:46:00,2018-07-09 13:44:41,2018-07-26 00:00:00
abb1ee74da62603cb36ead18afb58322,bd4494735eaf4a9f61773bccdccbc41c,delivered,2017-05-16 09:36:27,2017-05-16 09:50:10,2017-05-17 15:04:29,2017-05-25 08:23:44,2017-06-22 00:00:00
848ab881c02107858764faed825d804b,45210550b0f00e247f82f8ed5b08bf4d,delivered,2018-03-20 20:37:45,2018-03-20 20:50:43,2018-03-23 17:14:34,2018-04-19 00:56:34,2018-04-09 00:00:00
f03ff8d4dd01b31194926029790475f4,f6e534985847fa0d4885a5990a4d0504,delivered,2017-08-17 10:55:50,2017-08-19 02:25:26,2017-08-23 15:33:43,2017-08-30 21:22:50,2017-09-13 00:00:00
7b4da8a23b304605ffac1da44f1e7017,3e516de4095918fe6240ec044580c115,delivered,2018-05-19 19:01:27,2018-05-22 09:14:21,2018-05-23 13:44:00,2018-06-07 13:05:24,2018-06-14 00:00:00
3d374c9e46530bb5ed4a7648915306a6,b1af08103e1e17838522e5b9fbe2ed11,delivered,2017-12-06 10:36:19,2017-12-08 02:36:46,2017-12-08 23:27:38,2017-12-18 19:57:20,2018-01-02 00:00:00
aae8472758df40ecf63fa417bfbe1329,a0d7a9d56a9a9c596f5d507355c191f5,delivered,2017-12-16 00:57:15,2017-12-19 05:10:40,2017-12-27 15:17:19,2017-12-29 18:17:36,2018-01-19 00:00:00
251f0a3981c4a8cb853a9cc9d6ba49ad,b68b9ed711961eefc13abb843a2562ce,delivered,2018-05-11 18:40:54,2018-05-12 11:14:12,2018-05-14 13:57:00,2018-05-21 16:07:28,2018-06-05 00:00:00
e3ed667246441d406652e03f37d8d55a,ef030a565acbe33519e028e1ced2a826,delivered,2018-08-20 13:12:43,2018-08-20 15:50:23,2018-08-21 15:46:00,2018-08-24 14:08:23,2018-08-29 00:00:00
d8198b1933966d7baf7a7d758bdde142,24eab5309a4f60346c0fe93388afe166,unavailable,2017-08-09 13:34:56,2017-08-11 04:30:25,,,2017-08-29 00:00:00
ac706ac9421036e88d5b2c96b058aba6,cdb1e9cb8ee9ea2a896a849b2011d0d7,delivered,2017-06-21 18:03:11,2017-06-23 02:15:53,2017-06-26 08:11:57,2017-07-04 15:07:49,2017-07-13 00:00:00
27c23f89fe3b1bb3b137c7be5ae8407e,1bde0d4e3110504dff1154416342f246,delivered,2018-01-06 09:15:53,2018-01-09 07:25:40,2018-02-15 15:06:02,2018-02-27 17:07:58,2018-03-13 00:00:00
cd1afe54001178b012be992f11234a8e,d30553b51b521018932b96d1eb08d678,delivered,2017-12-11 18:24:33,2017-12-11 18:36:25,2017-12-14 00:23:47,2017-12-15 21:48:31,2017-12-28 00:00:00
94aa7cffedc2aed45e67a865fe6ec0f9,1a360b6e91827cc5b5c49cd6568214f5,shipped,2018-02-27 10:47:13,2018-02-27 11:09:46,2018-03-02 00:57:17,,2018-03-20 00:00:00
45ca85d3a9ce8406d3291753acce966d,ac7f2420ab4a76a90d70be194cce22cf,delivered,2018-07-05 23:14:26,2018-07-05 23:30:55,2018-07-06 10:08:00,2018-07-10 21:45:24,2018-07-18 00:00:00
ee89f491ee59faaf86fb05c23ae9d4b5,c0ae42d2483c6e45c787412fcf10388b,delivered,2018-04-26 13:43:04,2018-04-27 03:55:15,2018-04-27 15:25:00,2018-05-10 16:54:37,2018-05-22 00:00:00
8f4be74e60d163c72a59ba577a642d70,61762ef91aa772a783ab6a270a91da96,delivered,2017-04-28 16:26:51,2017-04-28 16:42:44,2017-05-02 14:30:01,2017-05-16 17:42:18,2017-05-22 00:00:00
c5496f84549a814974881b9f211c66f0,89a7f5483cc2b2c5c8ac274323a2150a,delivered,2017-08-26 12:25:51,2017-08-26 12:35:19,2017-09-01 19:11:48,2017-09-05 20:53:53,2017-09-18 00:00:00
60d9a5e952b00c9a481aa0e3d641b354,7082edd9f78fb9d07560b4f9d65f7095,delivered,2017-10-03 21:27:23,2017-10-03 21:43:46,2017-10-04 18:32:03,2017-10-09 23:11:59,2017-10-19 00:00:00
b5afd0718531dfc9e9ea16d79715fd8a,04b3f667f21812ce42117db92b7dbe17,delivered,2018-05-09 17:11:55,2018-05-09 17:36:13,2018-05-10 13:44:00,2018-05-15 17:55:11,2018-05-25 00:00:00
519b26d18bc4a42eaac1841acd217baa,e9b0f3b800151f5ea33a39ec85f01e2d,delivered,2017-09-08 12:53:49,2017-09-08 13:05:19,2017-09-11 19:50:01,2017-09-12 16:25:56,2017-09-21 00:00:00
88c6c911e3d4308b3f355533115275c3,dce9263e5c0f7448aff75f3f347ec481,shipped,2017-09-09 16:46:09,2017-09-09 16:55:12,2017-09-13 21:46:55,,2017-09-28 00:00:00
27d17edfd5ccc5524ae9a11fa1d2daf9,a77b0439890bc483529d4452eedd68fd,delivered,2018-07-14 11:08:21,2018-07-14 11:24:06,2018-07-24 16:07:00,2018-08-07 12:47:30,2018-08-21 00:00:00
46c43e0da6349514a5b200d60026021a,44912f3bbeb1e31b044228b2325fe4a1,delivered,2017-11-28 00:46:57,2017-11-28 00:56:41,2017-11-28 22:15:20,2017-11-30 15:48:35,2017-12-12 00:00:00
a07d031ec2c5fdaba3a363a4f5a98350,9d81175f83b45c6a446a8d3dfedd1a25,delivered,2017-04-17 22:24:49,2017-04-17 22:42:08,2017-04-18 15:03:51,2017-04-27 11:40:07,2017-05-17 00:00:00
ccb211459abb148401c4f7c596524cae,9c9216f8fa659fc786c005ed7672ecee,delivered,2018-08-11 13:43:16,2018-08-11 13:55:18,2018-08-13 14:24:00,2018-08-20 18:03:29,2018-09-04 00:00:00
614b79e86eb799054a44828c5a2b28e4,aac9f83973d2967fbf6aa72e1b9d6975,delivered,2018-03-29 15:56:30,2018-03-29 16:10:03,2018-04-03 00:21:02,2018-04-08 18:41:48,2018-04-17 00:00:00
da32e0ec629676994bea2c2fa8f0584a,4fa4b599b0c73654490624e2ea81ce75,delivered,2017-07-24 18:37:54,2017-07-24 18:50:16,2017-07-27 18:55:32,2017-07-28 20:41:29,2017-08-04 00:00:00
b76e1e63723d846f3382683973908122,39d556e9b4d5082c7dce489e24aa7163,delivered,2018-07-18 18:25:54,2018-07-20 05:05:14,2018-07-20 15:02:00,2018-07-25 16:52:04,2018-08-03 00:00:00
5f0cbb1b71a81f142f6760c5023a28bc,353074c9222c4f0d0e1ef8336bc77447,delivered,2018-06-09 05:40:22,2018-06-09 06:22:03,2018-06-11 08:21:00,2018-06-12 22:28:50,2018-06-25 00:00:00
6337a3d6f20dcb1f58b07244dc92b759,010d1bac7f6ca46ef1c6fd0c4034cffc,delivered,2018-05-09 10:22:35,2018-05-10 02:57:10,2018-05-11 07:52:00,2018-05-14 20:27:48,2018-05-21 00:00:00
8a7382cca716904aa1a6bf3b364c116b,dc5addd4693ac5e18c4d5748e36d2392,delivered,2018-02-19 17:57:00,2018-02-19 18:10:29,2018-02-22 15:41:51,2018-03-09 16:01:33,2018-03-15 00:00:00
084dc35511ef0934cbe4f52d6b1e17ed,7f04bae0255c12792d4f1e345db66077,delivered,2018-05-16 22:07:12,2018-05-17 02:55:43,2018-05-17 12:49:00,2018-05-18 17:10:05,2018-05-24 00:00:00
80767ee5712d9f1d53be5e87db2e11af,bf6bd42cc2a31fc6a31fbc2e53058686,delivered,2017-11-24 21:18:13,2017-11-25 00:18:20,2017-11-30 15:42:41,2017-12-04 13:12:16,2018-01-02 00:00:00
b17efd627b5a3689ab418e47f824cc3f,63da2e8fde0e3a1b064e9641ffdae56a,delivered,2018-01-15 07:50:02,2018-01-16 03:50:01,2018-01-16 22:51:52,2018-01-18 23:34:46,2018-01-30 00:00:00
95b02752714c6c5c8aab8570ab649d52,83c128364cdccfe3400af155692569e3,delivered,2018-04-11 10:47:51,2018-04-12 05:11:26,2018-04-12 19:13:28,2018-04-23 15:22:42,2018-05-04 00:00:00
725c1fa3c54ba6790dd13c3bc9af21a5,b1f193c9d9d90a526c2fb29a0f8e1469,delivered,2017-12-17 22:56:07,2017-12-17 23:59:18,2017-12-18 21:39:44,2018-01-04 20:05:27,2018-01-16 00:00:00
f074affa7545c0e7932c9db1a51006d4,1252d53b3e7f8698e074e1f1ca723f07,delivered,2017-06-06 20:29:48,2017-06-06 20:42:29,2017-06-08 14:33:47,2017-06-19 12:27:55,2017-06-29 00:00:00
0a2798cd0ba9166659c07e35ef5eb817,0eff840a67ceab65fe61ccffdb12e3f3,delivered,2017-11-21 12:45:22,2017-11-21 12:57:37,2017-11-23 19:19:07,2017-11-24 19:33:04,2017-12-01 00:00:00
124fb051a9788c8feb53429fb1612760,7595f0de4868abaec15c442659fdace2,delivered,2017-07-01 16:58:53,2017-07-01 17:10:15,2017-07-04 06:23:24,2017-07-11 16:42:08,2017-07-28 00:00:00
7e6a1834b0545ebda67a051d04ef8ca9,0cea363db5a2d424a276ed967b12b062,processing,2018-01-09 23:52:18,2018-01-10 10:31:51,,,2018-02-01 00:00:00
a72ddc1e569249752806276ac7ad97b8,ff3e24884cccf9cf357f9d89890e0370,delivered,2018-02-10 23:14:37,2018-02-11 00:15:29,2018-02-15 22:39:22,2018-02-19 23:59:00,2018-03-14 00:00:00
be16956e185d1e4f58a8443b3fa7b7d6,b2263ddeddff35139801cdead615b9b4,delivered,2018-01-08 11:20:03,2018-01-08 11:28:33,2018-01-09 19:23:02,2018-01-13 00:53:10,2018-01-24 00:00:00
8ee4b4546da4178fb73e677c628a74b9,a0474d5c284634e68266e32c11deb9b8,delivered,2017-06-03 21:36:41,2017-06-03 21:50:11,2017-06-07 16:05:27,2017-06-14 18:20:16,2017-06-28 00:00:00
fea63f76fbfe84a56f4059ed267918de,182c15f981f0b00f0b301c171de91c79,delivered,2018-08-02 12:37:37,2018-08-02 13:25:09,2018-08-03 12:32:00,2018-08-08 22:38:37,2018-08-17 00:00:00
cedd76fc5747c4fe238fffea929a9672,9a68cedec6c4f03bec914b782170a43f,delivered,2018-06-04 15:48:36,2018-06-06 02:35:14,2018-06-06 13:59:00,2018-06-15 14:46:28,2018-07-13 00:00:00
5339b02466cf3545d79c1b8c2d555faa,f80fc8c638c8616af8789ae5e751ff13,delivered,2017-12-17 18:01:19,2017-12-17 19:13:51,2017-12-20 17:07:55,2018-01-11 00:33:15,2018-01-15 00:00:00
05e19ab996b114339f316bf41b359d52,0a89509ed51bf4b266a89f0dde0fa883,delivered,2018-05-16 21:21:07,2018-05-16 21:36:18,2018-05-17 14:23:00,2018-05-25 22:33:38,2018-06-07 00:00:00
591ab3b2136169cbcc8f86900519151c,ead486b9b0298af5652eef24ee57fb24,delivered,2018-08-24 08:34:16,2018-08-24 11:45:22,2018-08-27 17:58:00,2018-08-30 01:46:38,2018-08-30 00:00:00
89ce68f38090867719b22774f8bf5861,09f247d80ae5e78ad36a6143b80967dc,delivered,2017-11-29 23:20:45,2017-11-29 23:36:24,2017-12-06 19:18:59,2017-12-08 14:52:12,2017-12-21 00:00:00
fd5c1e8106fe112adf074e53073aa76a,766145029046296846bb15b8fd581a25,delivered,2017-08-12 09:10:30,2017-08-12 09:25:07,2017-08-15 00:10:42,2017-08-28 22:03:33,2017-09-08 00:00:00
e0b26b626296911e7b4c63e5c7367382,44b07e53a284d5abc4dbcf7ab6f96750,delivered,2018-01-10 10:57:48,2018-01-10 11:09:23,2018-01-10 22:29:18,2018-01-18 18:04:26,2018-02-16 00:00:00
3eb107cde8cec14d216034ea9fad2866,05973f8c1b234868c8c1397d05d979e8,delivered,2018-01-14 20:06:35,2018-01-14 20:18:21,2018-01-17 19:19:07,2018-01-29 16:46:59,2018-02-05 00:00:00
498021c6811da6622f31f7817f7a7af7,50103da61c9fee9d507ce240a118460a,delivered,2018-05-07 10:01:50,2018-05-07 17:29:45,2018-05-11 13:31:00,2018-05-17 16:32:20,2018-06-01 00:00:00
08733fad8b29896d4920d381cd3f7cf1,2f52bb4abd2c5558c7f7ce94dd9ae787,delivered,2018-01-20 13:23:02,2018-01-23 03:36:50,2018-01-24 22:34:57,2018-02-09 19:13:23,2018-02-22 00:00:00
ef71061bdf8dc442c060d4f0d8266a2d,6b3b0cc3877dcd4dfb365254a100e422,delivered,2017-02-20 16:17:04,2017-02-20 16:30:11,2017-02-22 12:32:14,2017-03-02 12:05:21,2017-03-23 00:00:00
ca07593549f1816d26a572e06dc1eab6,75683a92331068e2d281b11a7866ba44,delivered,2017-02-21 23:31:27,2017-02-23 02:35:15,2017-03-08 13:47:46,2017-09-19 14:36:39,2017-03-22 00:00:00
8f2e84cb21fcbe7e95d12e4f0dc80487,a2fa3925309e440a429a5628eff166b2,delivered,2017-09-08 16:00:35,2017-09-08 16:10:18,2017-09-11 18:17:47,2017-09-19 21:32:07,2017-09-28 00:00:00
f8337e09908840a3536231a3a198b43a,d12ca97166081cdbaf085814549aa109,delivered,2017-10-09 15:06:05,2017-10-09 15:15:32,2017-10-13 23:12:05,2017-10-20 20:15:13,2017-11-07 00:00:00
e9b44c3b09fed11135323660e10e73ae,8fcb7f79bbca92a41d8e717e3211e13c,delivered,2017-07-15 10:40:35,2017-07-15 10:55:15,2017-07-19 17:09:51,2017-08-01 19:21:19,2017-08-10 00:00:00
9eec24a1fa2828ef3fdac074f2928f93,a93fa626931eafc7562939f23e3fe926,delivered,2018-02-11 17:53:57,2018-02-11 18:47:50,2018-02-16 13:35:28,2018-02-24 13:11:51,2018-03-09 00:00:00
0f980ae5eab9825b34c18c945956220e,5faf696832a65d7f64c8c7917400c5e1,delivered,2017-04-25 15:24:09,2017-04-25 15:35:56,2017-04-26 10:08:47,2017-05-05 13:04:54,2017-05-19 00:00:00
da0c01c648efe58143eae5e7c1a38ac0,2015241e524228a5d12b6653c3bfc94a,delivered,2018-04-30 02:41:36,2018-05-03 04:15:16,2018-05-03 19:01:00,2018-05-08 01:28:48,2018-05-23 00:00:00
a182c021b0561e70031de925b3991fb3,1d93c38087f43927ad29cdbd73a1a01b,delivered,2018-04-02 20:25:56,2018-04-02 20:35:17,2018-04-04 18:13:12,2018-04-11 11:14:31,2018-04-25 00:00:00
3d6649f7e65c20a889ba38be4a54fcd3,68c3801d20fe13937ef0fe77d7f72351,delivered,2018-07-21 15:26:18,2018-07-21 15:35:16,2018-07-23 09:11:00,2018-07-30 22:14:50,2018-08-17 00:00:00
5188cf1701fceace6ec6f14b40773f97,604117cb8b10acf6a4558e7ac8a17d7b,delivered,2017-10-10 20:44:59,2017-10-10 20:56:34,2017-10-13 20:33:21,2017-10-19 21:47:01,2017-10-27 00:00:00
ca9d82b594244464dddfac0959180268,f02b2fdb876bcf76b53082baed71b52e,unavailable,2017-08-09 12:26:30,2017-08-11 04:26:11,,,2017-09-13 00:00:00
e134db9b2f9178ed55725a25b33e48c4,94167b0d4256412ff0bd9e2184e32f32,delivered,2017-12-01 14:09:20,2017-12-01 14:39:10,2017-12-11 19:23:40,2017-12-20 21:33:57,2017-12-19 00:00:00
dbf0ef2523a1685c333401eca1edac76,7ce70463aa70b5b9da5f29ab0432e707,delivered,2017-05-07 20:43:17,2017-05-07 20:55:21,2017-05-09 10:42:00,2017-05-17 12:24:44,2017-05-31 00:00:00
0406b335284c621b052c06d972ab7626,376f08a4928b577b7113659f1c2bf415,delivered,2018-04-06 13:03:10,2018-04-06 13:15:16,2018-04-10 00:32:57,2018-05-09 21:04:18,2018-05-17 00:00:00
16c52c86f53dc9687fa8523fb92b7121,6b423102b789a5e373332ddd86b8b6a8,delivered,2018-08-15 12:18:13,2018-08-16 03:25:23,2018-08-16 13:41:00,2018-08-17 18:26:45,2018-08-21 00:00:00
3a1ce4053005d669ac4e0047a13573cf,1d4411212e90d6a24fd2d09f74878b48,delivered,2018-06-25 22:43:44,2018-06-25 23:37:32,2018-06-27 10:04:00,2018-06-28 11:53:43,2018-07-16 00:00:00
94d1e075b6cad085871799dedd2b7e3d,69b9c50c3e920a5ff0fab8e65b4dbaff,delivered,2018-05-14 18:25:05,2018-05-14 18:37:57,2018-05-15 13:21:00,2018-05-16 22:16:36,2018-05-22 00:00:00
8b0b0bb16bfbee0b827837e8d27e4a35,aa2efe1edf84e625777a77aa2d18ba76,delivered,2017-07-06 22:05:14,2017-07-06 22:23:38,2017-07-07 19:39:26,2017-07-10 17:28:44,2017-07-20 00:00:00
cce79f931c657237cdc1dfbbff4ba653,7b0690f706c521d7dbff63f8378fbade,delivered,2018-05-10 19:53:48,2018-05-10 20:17:27,2018-05-12 08:09:00,2018-05-18 17:26:34,2018-06-14 00:00:00
c0331b57bfce1e05165b90ddae683940,34e883363a865a5e426a27e96a5926c7,delivered,2017-02-15 22:48:25,2017-02-15 22:55:20,2017-02-17 10:10:07,2017-03-01 10:45:08,2017-03-14 00:00:00
6e425468e74e74de00ba2c9615b91ec7,5944da5b7ceb112d474bf31ce6c6b742,delivered,2018-05-16 12:11:24,2018-05-16 12:39:18,2018-05-16 13:31:00,2018-05-25 16:32:40,2018-06-21 00:00:00
30d6ee4a4d29531562ae9ca6c0635d61,107cce44c67b79a9979e971dd6227aa2,delivered,2017-10-10 11:04:32,2017-10-12 02:21:04,2017-11-24 16:43:12,2017-11-27 18:52:03,2017-10-30 00:00:00
f19c25c87bfad3bc229897611b142a7f,97965ac509860df88d56c242b0f6cd6b,delivered,2018-06-18 16:06:06,2018-06-19 16:25:38,2018-06-19 14:12:00,2018-06-23 12:56:32,2018-07-12 00:00:00
ce82e57d70480ae9aa7bfad4a7c3392b,14e49b952739346002a5ffb5347e9b7c,delivered,2018-05-18 19:34:52,2018-05-22 08:56:42,2018-05-24 09:48:00,2018-06-02 18:57:47,2018-05-30 00:00:00
46c43fa21f04b08b446b2bd3e06ae1a8,21b0545f9777b7436b443277468a894e,delivered,2018-08-07 10:50:30,2018-08-07 11:05:21,2018-08-10 09:54:00,2018-08-22 16:27:44,2018-09-10 00:00:00
abf60bca751436919479c6ad94cf5c0b,28a1088aae1930e4e87d05707d06e4fd,delivered,2017-08-20 17:34:32,2017-08-20 17:45:10,2017-08-22 16:18:55,2017-09-06 20:39:57,2017-09-13 00:00:00
91eef134a9dc65e566fde368f1772b93,fcb6ca3705483863533a701453895c07,delivered,2018-05-31 22:26:53,2018-05-31 22:50:31,2018-06-01 14:31:00,2018-06-02 18:52:35,2018-06-26 00:00:00
1439b7c45e6b3497e1d86582382ec326,bc9aac45e306cb97ea8e5081feb5839d,delivered,2018-02-27 15:50:27,2018-02-28 10:11:14,2018-03-23 21:14:54,2018-04-03 20:21:17,2018-03-26 00:00:00
5bb0a15df451de753efe768d4c907d4c,367089320bed8da18a9e9345917d7425,invoiced,2017-07-14 10:18:33,2017-07-15 10:10:16,,,2017-08-11 00:00:00
69ad607f304efff8c01f1d47e95c2f58,be64dde40c78dbcb4f4a8e8de6ed23af,delivered,2018-08-14 14:08:32,2018-08-14 14:24:12,2018-08-15 13:55:00,2018-08-17 16:58:36,2018-08-22 00:00:00
7c666dfeba44ed20c9ad3f4b3d7c5e8c,a5cdd4cdccfd0c934a809d305f65c6a2,delivered,2017-12-01 18:18:40,2017-12-01 18:38:36,2017-12-04 19:13:02,2017-12-12 16:52:02,2017-12-27 00:00:00
c9d332204b8dc63cdc67656709b768a7,af49ba922d1afdfd1a0299ac893443e8,delivered,2018-02-03 16:45:46,2018-02-03 16:55:52,2018-02-06 00:49:39,2018-02-15 16:26:35,2018-03-02 00:00:00
64983642eb3a25ca54f4786f830b1d0f,71ca4e80360cd11b5af55c29cb188c2e,delivered,2018-07-13 21:04:09,2018-07-13 21:24:06,2018-07-18 14:03:00,2018-07-23 19:51:12,2018-08-01 00:00:00
e1f0272dec25a81bbba4b92a50e83cba,4c8039ace6fecb11982c8b00ef53fa23,delivered,2018-03-17 22:22:34,2018-03-17 22:31:10,2018-03-21 18:58:57,2018-04-02 11:43:05,2018-04-05 00:00:00
34c419515123f11b048d07c0f8e4cf4c,fd8a857412d572142654875ac852e343,delivered,2017-05-04 15:27:52,2017-05-06 02:22:52,2017-05-09 07:47:58,2017-05-11 14:29:45,2017-05-29 00:00:00
2a8d11469aa193477a4c0c3e79f09d18,62f3d61a58b432e64c4cc26e78685bae,delivered,2018-04-06 07:08:14,2018-04-06 07:48:06,2018-04-11 17:19:42,2018-04-18 15:56:46,2018-05-07 00:00:00
b6ada13d6a3410de57d6f0268420de95,b49bc6198b41271f01eb19d926735803,delivered,2017-12-04 21:51:54,2017-12-05 10:30:50,2017-12-06 21:39:30,2017-12-07 19:32:35,2017-12-20 00:00:00
904d13263877e8067f0847021823f1cd,c88bb87e5a5cc959ebe4d45dd8946927,delivered,2018-05-09 12:23:48,2018-05-09 12:35:28,2018-05-09 14:08:00,2018-05-11 22:25:01,2018-05-23 00:00:00
b02709d4e987b97b8713543629c82401,bb4f37452ca6a6d24da2acd8ed4dd726,delivered,2018-08-04 11:23:51,2018-08-04 11:35:28,2018-08-06 11:53:00,2018-08-09 16:31:52,2018-08-21 00:00:00
418bafc9ec22366d00fdadab496b0215,2c3f08833026ca74c848795bab72046d,delivered,2018-07-30 00:34:53,2018-07-30 01:30:43,2018-07-30 14:49:00,2018-08-07 20:23:32,2018-08-17 00:00:00
1ff23d1405f944c169b55b9fd3cffe88,3ea71bf2ace357cfefab13d2bc4f659d,delivered,2017-04-16 00:26:06,2017-04-16 01:10:20,2017-04-24 07:06:40,2017-04-26 14:08:11,2017-05-12 00:00:00
0d8a7787ec26d5fb6e97f946e95e2c89,7373e5b05a470e1485897bca95695256,delivered,2017-08-01 17:51:07,2017-08-01 18:05:11,2017-08-03 15:13:21,2017-08-04 21:43:11,2017-08-15 00:00:00
da8831dfbb89ea6b128840224899b348,09976665bcd109e7ea6ed20415c6af52,delivered,2018-08-14 23:22:32,2018-08-14 23:30:20,2018-08-15 12:41:00,2018-08-16 18:09:53,2018-08-17 00:00:00
18d436f1bd867f1869bc3a16103a4b75,eb0f82d3736ca2bd8ec20d1be9163a66,delivered,2018-05-09 08:43:26,2018-05-09 08:55:51,2018-05-09 14:22:00,2018-05-14 20:32:50,2018-06-14 00:00:00
c4292eea4a836266d4a601e1de343eec,6808749cd32ad725864be65a76dbaa32,delivered,2018-08-22 10:25:48,2018-08-22 10:50:10,2018-08-23 07:16:00,2018-08-27 19:56:46,2018-09-10 00:00:00
81e54776f3bdf237512b1ceb5337a066,8d6592798ee09cde08208f51e7876083,delivered,2017-03-24 01:10:14,2017-03-24 01:23:39,2017-03-24 14:44:43,2017-03-31 11:03:12,2017-04-17 00:00:00
4dae49f3bd8b5abe8d252762a1c88a1f,0ede3e81d1aaa05d656b0b1214de6763,delivered,2018-04-11 08:38:25,2018-04-12 05:11:25,2018-04-13 22:56:32,2018-04-16 12:05:36,2018-04-23 00:00:00
c108072ab31ec90a754129c171577f5f,a979b3cbd898fd8be91a290a667fd0d4,shipped,2017-10-16 21:13:03,2017-10-16 21:28:13,2017-10-26 20:40:20,,2017-10-26 00:00:00
f406a7c4fc4512aa60c7240e3973597e,8d5468776b1d29922168cc8b6f91591d,delivered,2017-07-07 14:10:04,2017-07-07 14:23:36,2017-07-10 19:34:55,2017-07-14 21:12:14,2017-07-27 00:00:00
6eec5e9b67eca054d3bf4b3092fa8e26,e0753c85c87c807e556152043b16bed7,delivered,2017-10-23 15:35:27,2017-10-23 15:49:36,2017-10-25 11:58:28,2017-11-03 21:37:40,2017-11-22 00:00:00
43204c34d259bc75adc3de4d29d26684,cc754e7097e25ba2753c399ea39c6ee7,delivered,2018-08-25 13:51:01,2018-08-25 14:04:21,2018-08-28 16:52:00,2018-08-30 15:34:51,2018-09-11 00:00:00
eb56621db1ea95071f397f1fef9dbe82,54e115653f145fa0eeba277b728eba08,delivered,2018-03-03 23:18:52,2018-03-05 10:09:33,2018-03-07 02:49:53,2018-03-19 20:31:51,2018-04-10 00:00:00
e94753fb36e53fd8e0ed80fd513faa16,c9215c202f283f26558cc8e3b469ade1,delivered,2018-08-22 12:44:03,2018-08-22 12:55:30,2018-08-23 14:39:00,2018-08-28 14:33:26,2018-09-05 00:00:00
cdaa116d3c2521b4b6976043508d0943,c7ada2a2ca6ff94ccc7bbd16af1dec55,delivered,2018-02-12 18:59:10,2018-02-12 19:15:31,2018-02-14 19:12:30,2018-02-23 16:54:56,2018-02-21 00:00:00
e23252bcb975a2302c451aedc2e24ab9,9dd4ae02536738dadaf65196a59bf6cd,delivered,2018-06-20 19:30:49,2018-06-21 03:38:57,2018-07-02 13:28:00,2018-07-03 19:03:42,2018-07-11 00:00:00
51c3d845b7fdb7a31412d12f4c5a12e4,4dbbf3ef69bdc2734c6a49a539cb65f4,delivered,2017-08-24 17:27:53,2017-08-24 17:44:23,2017-08-25 22:50:24,2017-08-31 16:35:17,2017-09-18 00:00:00
f77e96b95a568b64ae8fbf7a413c3c4e,99a891c80e1eb56a251c6616d96468f2,shipped,2017-12-03 20:25:13,2017-12-05 20:16:23,2017-12-06 19:12:05,,2017-12-29 00:00:00
d55318b1aeb088c57b1eb9759d0adc9a,5d82da996297b353588bc2f1da9b9b9e,delivered,2017-12-27 22:03:07,2017-12-27 22:13:25,2017-12-28 21:21:48,2018-01-11 19:52:01,2018-01-30 00:00:00
a62bd4a3b6736d7f889292ee18e372a9,81629023cf569d2ff33725ac83bd6d21,delivered,2017-06-25 21:19:22,2017-06-27 04:25:25,2017-06-27 12:51:57,2017-07-03 15:18:02,2017-07-20 00:00:00
7e3819fed570609ef642c2e18f198d10,81982ee862da4aba30be66bf27406df2,delivered,2018-04-16 17:43:23,2018-04-16 19:11:39,2018-04-20 22:46:43,2018-04-24 20:46:39,2018-04-27 00:00:00
610120ba77a1814ffebf401a2f2b4bae,1ecf9d2895b385909ca94abd67aae9de,delivered,2018-05-01 21:32:12,2018-05-01 21:51:45,2018-05-07 15:03:00,2018-05-14 18:03:30,2018-05-30 00:00:00
96e5540d02eba5ac4f6a17083cce7391,2d9ba0d4814293781e7290b3b7f2861d,delivered,2017-11-09 19:08:53,2017-11-09 19:27:26,2017-11-16 22:21:16,2017-12-05 12:27:22,2017-11-29 00:00:00
06ac7ebfcfa33f6656f031deaaf74a05,67a53f6c3a9fc88bd9a6594eaa7af0d1,delivered,2018-03-16 23:01:08,2018-03-16 23:10:24,2018-03-22 20:42:04,2018-03-27 18:36:57,2018-04-05 00:00:00
4f173306347cca2ee2a05590d617854a,99c5413e905281208b2b8dab075868dc,delivered,2018-04-07 12:07:04,2018-04-07 12:15:13,2018-04-09 23:18:35,2018-04-11 16:08:28,2018-04-19 00:00:00
50bf8a2b03e3f4c0e4ebf955b3e1860d,53c0df596dfb41fcfbc47bd3a7a3ad92,delivered,2018-03-08 17:13:29,2018-03-08 17:30:34,2018-03-12 21:57:41,2018-03-14 23:16:25,2018-03-20 00:00:00
e478568cc3d592abd0ea9dde224012af,bc6669892bfceb847b3681da1f38fc3d,delivered,2017-11-21 16:21:03,2017-11-21 16:28:24,2017-11-22 18:18:59,2017-12-06 18:07:44,2017-12-19 00:00:00
2c82f906ef852620997996a6e3d66be0,f64c5c8bf30539df8a8dbf8d2487e83b,delivered,2017-03-18 10:36:33,2017-03-18 10:36:33,2017-03-20 10:18:41,2017-03-27 11:26:56,2017-04-10 00:00:00
387d999316bb3a42822318138fb1b0e0,40caa670ce125e94735468e1f920651f,delivered,2018-05-03 16:52:15,2018-05-03 17:34:28,2018-05-04 15:49:00,2018-05-09 22:21:39,2018-05-24 00:00:00
d2f5b152ffd674ba33f9e125cef56724,d6dbd98b522276066ea0bbb80c7e502e,delivered,2017-06-15 22:49:09,2017-06-17 03:42:30,2017-06-20 12:22:34,2017-07-03 11:33:41,2017-07-19 00:00:00
4ca443133a048c102af4f40afc4efe03,d100e821d7b6305bc22190c0a7f0d1de,delivered,2018-03-16 21:13:22,2018-03-16 21:30:40,2018-03-20 22:38:45,2018-04-10 20:28:45,2018-04-09 00:00:00
a9083ea133304692d6ef21706d3a7df6,41f6743f15781c8e8c3ed21c10a52c3e,delivered,2017-04-23 13:20:24,2017-04-23 13:30:15,2017-04-24 14:28:14,2017-05-08 09:31:13,2017-05-15 00:00:00
32ca67f15446af973fa1b0a5e0cae6d0,2000fb8d62b5509c9be1866951a09917,delivered,2017-12-15 19:12:12,2017-12-15 19:19:34,2017-12-18 19:29:17,2017-12-26 19:26:44,2018-01-19 00:00:00
176ceeb8643366da493b896ac02ba4b5,a1c432ef869b7d93372a6e2a0f1a9dfd,delivered,2017-11-20 15:39:42,2017-11-21 15:34:30,2017-11-22 22:52:49,2017-12-01 22:33:10,2017-12-07 00:00:00
cf40f4e7a565c0a50f13f0d95f3f3cc0,b86c70a0b240c0af80126a3ae79db4f8,delivered,2018-07-14 19:03:49,2018-07-17 04:32:09,2018-07-18 13:22:00,2018-07-23 16:32:07,2018-08-06 00:00:00
e02dc68ec812b53123f583c142466f0f,57cd7f8752db725b97feba09655b9a2d,delivered,2017-06-18 20:00:47,2017-06-18 20:15:10,2017-06-20 16:23:43,2017-07-13 19:06:06,2017-07-19 00:00:00
74d6693eb7494300ed4e2e9d6b7a79f1,eaf7515a337e5a233b0152251af0ea5d,delivered,2017-11-28 23:30:02,2017-11-30 02:22:31,2017-11-30 17:08:48,2017-12-01 22:25:03,2017-12-12 00:00:00
aa8fbcba6234f71007978fb6204f0c56,4ed048783cb2d8be6ef37fcf4ac60efe,delivered,2017-06-17 14:39:09,2017-06-17 14:50:21,2017-06-19 18:32:38,2017-07-01 10:39:42,2017-07-13 00:00:00
95c704fb2ac70f398a019de67a705ae8,c101910306f88229c6c206349c08bf34,delivered,2018-08-05 20:12:17,2018-08-05 20:24:33,2018-08-07 14:21:00,2018-08-11 16:38:27,2018-08-16 00:00:00
53402e7be9b39753e8382ef11fe74a2e,eb43623d11a80298e213bd3cfae46de1,delivered,2017-08-17 09:49:45,2017-08-19 02:16:05,2017-08-21 21:26:46,2017-09-06 18:57:49,2017-09-15 00:00:00
8e3da817420d855917c40e1b7e2cd84e,2f22a55961d29c5d37270ca50dc5ccc6,delivered,2018-06-18 14:31:39,2018-06-18 15:01:22,2018-06-20 16:57:00,2018-06-25 15:18:39,2018-07-13 00:00:00
9ea90710803e4139de8c55d6d4f9accb,1f4ee0a526add149673b89204cc86155,delivered,2018-05-15 12:47:25,2018-05-16 12:54:16,2018-05-16 14:20:00,2018-05-19 12:48:31,2018-06-11 00:00:00
2660126af4e803af991f7e254f69563b,278b20066f017dd8eb063797b12cf012,delivered,2017-10-22 17:07:40,2017-10-22 17:25:58,2017-10-25 18:06:08,2017-10-28 11:37:57,2017-11-21 00:00:00
6b3f2266795978c64cac85940e2bc89d,b86bee10ecc2e0932842fd9bdb23a469,delivered,2018-03-26 13:37:03,2018-03-26 14:13:59,2018-03-27 17:58:31,2018-04-02 21:13:24,2018-04-17 00:00:00
dd79da6ae3b43617470e33f38ebeed76,f2cc7f918e73d124e0712cb7dbff41cb,delivered,2017-07-20 17:35:30,2017-07-22 02:15:09,2017-07-24 18:23:03,2017-07-25 22:58:32,2017-08-04 00:00:00
bf0dde6fa777fd2de6aad874b828a9a9,09118825cf5e244ea919698b2fb4f38f,delivered,2018-06-18 22:13:40,2018-06-18 22:37:04,2018-06-20 13:08:00,2018-06-21 16:23:33,2018-06-29 00:00:00
4603a894cef0fb5ec82378b5e1ecd710,68ef3f0fabac344deef591634499b96d,delivered,2017-10-23 11:55:39,2017-10-23 12:14:31,2017-10-26 20:38:50,2017-11-03 22:17:03,2017-11-16 00:00:00
91d0935ba0d6f6300d7f5af5f2eb05ce,ec19c50d2dffbbac741ae04db916de32,delivered,2018-01-06 21:22:25,2018-01-06 21:30:26,2018-01-08 14:19:19,2018-01-29 15:48:04,2018-02-05 00:00:00
41f1032dbed29e923c83317e6468c291,176906afbb1fcb0ede5ea13b6fbf2cdb,delivered,2017-12-16 19:52:09,2017-12-16 20:13:12,2017-12-18 21:33:21,2017-12-21 21:45:01,2018-01-15 00:00:00
c95b280a7e851b23ca80dabb68095342,2d9f7b51e82ba4ef4683f8db8d883ad6,delivered,2017-10-18 20:20:38,2017-10-19 20:28:24,2017-10-20 19:08:03,2017-10-24 23:12:58,2017-10-30 00:00:00
f744a90daf064199b23ec905bcd31a97,e71debe30488f0d8eac45ecafa13a725,delivered,2017-03-20 14:36:29,2017-03-20 14:36:29,2017-03-23 15:59:53,2017-03-29 16:38:09,2017-04-11 00:00:00
4cb686f61b0dc1fccb62139434f14b44,1e205ee45018f8c68daf62359c9c0755,delivered,2018-06-28 16:54:40,2018-06-28 17:11:58,2018-07-03 02:54:00,2018-07-05 22:18:56,2018-07-18 00:00:00
c3c8c891f706a8256fb5da39ced6ceae,4f8f6289df8456b49b78cc4ad0d7ec36,delivered,2017-10-09 19:12:40,2017-10-09 19:39:01,2017-10-16 19:33:19,2017-10-24 18:07:54,2017-10-27 00:00:00
4a5a57c482bf855e998fb45fc1173c83,8ea391157fd58ef50df1378e29d36df7,delivered,2018-01-19 23:09:18,2018-01-19 23:18:27,2018-01-23 13:28:46,2018-01-31 21:12:11,2018-02-05 00:00:00
bf2c243928e9edad4fb07ba1555dda13,1af43268b86b9037edf4d105bb81dddb,delivered,2018-02-20 12:07:01,2018-02-20 12:15:36,2018-02-23 02:13:40,2018-02-27 18:18:54,2018-03-06 00:00:00
a032ff0a07f573a5a759ff255b26788d,c8116f9ffbe1b125e4dec834a1b9e787,delivered,2018-07-31 22:47:50,2018-07-31 23:04:18,2018-08-03 13:23:00,2018-08-06 22:22:53,2018-08-09 00:00:00
58c13edc5bd22f175bc88f5d637b4656,c6afce1779e2ee8b819a6130d120a48e,delivered,2018-03-07 13:58:35,2018-03-07 14:10:27,2018-03-12 22:04:10,2018-03-15 15:15:54,2018-03-19 00:00:00
21b839e8ec7b148d9a2ed05f2a54a1bc,db997b4895c6d16369c97f2cc84ebb45,delivered,2018-05-05 17:42:38,2018-05-08 19:55:23,2018-05-09 15:52:00,2018-05-21 18:41:51,2018-06-12 00:00:00
e9dc230425f2e6480a1ff929cd2582d5,6a54b14b9e3beb628bf3489862bb8281,delivered,2018-02-24 15:14:47,2018-02-24 15:27:26,2018-02-27 01:38:48,2018-04-05 17:12:09,2018-03-22 00:00:00
f6ea3aa314ff40e6c72815ead97e2195,10bb390c85e1f5ef6067fd407d1ab43d,delivered,2018-01-06 14:14:53,2018-01-06 14:26:45,2018-01-10 17:21:44,2018-01-16 12:58:46,2018-02-05 00:00:00
5e793b3edb0a058ff685ad346ce284de,f0737b94fe6941ef04bd183d84e8b284,delivered,2017-10-16 19:15:56,2017-10-17 03:56:30,2017-10-19 15:28:13,2017-11-06 20:44:04,2017-11-16 00:00:00
b35a04983836f9b09c8206eb023e5e4c,6a3c6dddc62128708834fe905791e041,delivered,2018-04-14 11:28:01,2018-04-14 11:51:27,2018-04-16 18:21:38,2018-04-17 18:12:04,2018-05-02 00:00:00
24f092dedbece404a94beacda86c3a7d,3d8c9876444659b0209d7d461257d652,delivered,2017-09-26 13:50:32,2017-09-28 12:56:23,2017-09-28 21:11:53,2017-10-05 20:42:34,2017-10-26 00:00:00
a6ace570cadcb893e8c89cbc24c3f567,c9560b50b540322db18986b46b3e9dc7,delivered,2018-01-01 20:19:44,2018-01-01 20:29:20,2018-01-04 19:47:55,2018-01-15 22:58:54,2018-01-24 00:00:00
2f2ccd40795675eff302804c7cbe24b9,bd081dd01290e9c00f198842cf31b0b4,delivered,2017-05-18 12:50:35,2017-05-18 13:10:47,2017-05-24 15:45:36,2017-05-31 17:48:07,2017-06-09 00:00:00
cd725c256dd60e25a721e1fe8cccdaa6,51e7d7a95b9555dea1779d62b8e81387,delivered,2017-10-09 11:43:52,2017-10-09 11:56:16,2017-10-10 17:23:03,2017-10-24 18:51:33,2017-11-07 00:00:00
22329698dd5a16cc6e8025805e3f881e,cbf470a60b080862a89d9de80635aab2,delivered,2018-03-03 15:11:03,2018-03-06 03:49:11,2018-03-08 18:34:49,2018-03-19 19:28:41,2018-03-21 00:00:00
0d123aa33c3954b2685ef6807ffc9bc0,7d9c3f29dad31b17f13fd3a928ea4955,delivered,2017-09-07 09:32:18,2017-09-07 09:43:18,2017-09-08 19:41:24,2017-09-13 21:24:34,2017-09-27 00:00:00
b644b094c23f3320d4d8386f40e092b2,5300dd99fe819029b4fcac126ccc0ad9,delivered,2018-08-18 13:21:42,2018-08-18 13:35:11,2018-08-20 12:12:00,2018-08-23 23:58:28,2018-08-31 00:00:00
cfea19cacc7328f2fccb914fb0fd5fe2,e66a1a0add343277389f32a6b9cf1a13,delivered,2017-05-27 19:51:59,2017-05-28 20:02:34,2017-05-30 15:59:42,2017-06-05 15:36:06,2017-06-20 00:00:00
ceebdce96388304b96726edf9115e1f3,391d2acf2981defd7dd6eb8d1f66aa36,delivered,2018-08-23 19:14:36,2018-08-23 19:25:13,2018-08-27 14:56:00,2018-08-30 22:38:55,2018-09-06 00:00:00
8bdc559b124e47eb71b5d1be8d6675e4,3517a15e565f703c87c0086d471b8b8c,delivered,2017-11-26 15:47:11,2017-11-26 15:56:29,2017-11-27 23:08:56,2017-12-07 14:23:24,2017-12-15 00:00:00
0c88a53b9198ad46968371a374433183,a9c810513a4d94b6ad72f215cc9c36ae,delivered,2017-10-13 10:44:27,2017-10-13 10:56:17,2017-10-18 21:05:37,2017-11-01 16:49:59,2017-11-13 00:00:00
7fb803b61e1301dc6887ef9d54cfcf26,0977e0b93fd518fc88b277900af29e65,delivered,2018-07-26 16:11:51,2018-07-27 16:10:25,2018-07-30 11:41:00,2018-08-07 16:27:43,2018-08-24 00:00:00
47f0a1c1bead9d28898e70cb26300fc2,95b3b7c94de0ab5ab654a3d68b7e47d9,delivered,2017-05-23 21:41:59,2017-05-23 21:50:30,2017-05-24 11:26:39,2017-06-16 08:33:16,2017-06-14 00:00:00
1e7e7546d7c254379fcbf4d36cc18589,fdce09ef013f366f4ada7c2e5d22df6e,delivered,2018-07-18 15:44:32,2018-07-18 15:55:14,2018-07-19 14:15:00,2018-07-25 17:19:35,2018-08-08 00:00:00
8772c5e10262ef05600e102a05de7eaf,30b2bd4a05e54620a3f5019c71f6bfbe,delivered,2018-03-21 21:03:45,2018-03-21 21:15:29,2018-03-22 20:07:23,2018-03-23 23:44:27,2018-04-03 00:00:00
8f1891d25496da49ea3156de28e8b417,7e6b89d215c902827d35ce84c655d6f0,delivered,2017-03-13 09:59:59,2017-03-13 09:59:59,2017-03-17 11:08:53,2017-03-23 14:38:15,2017-05-02 00:00:00
14eebf4ee4861266179c58676b1bccf8,c688fdcdf9d057a81a25e0ac6e2fb5da,delivered,2018-02-16 08:37:36,2018-02-16 09:31:06,2018-02-16 20:41:39,2018-02-23 20:14:28,2018-03-05 00:00:00
3e324cbbc2a1e4cfdee93cafd69318dd,cc1899cdfc1e118fad562dcc7fa8324a,delivered,2018-03-28 12:12:08,2018-03-28 12:27:51,2018-03-29 18:51:07,2018-04-02 18:27:40,2018-04-10 00:00:00
0e889057c46617878ff0aa3431936d7c,57ae7d96c29b4b061d4a58303fc574e9,delivered,2017-11-15 13:42:58,2017-11-15 13:55:30,2017-11-17 16:57:31,2017-11-23 22:48:40,2017-12-05 00:00:00
6636442daffc5438b5f2ff1f068d449b,6f53ae8e5a0b164d618ea4b0d2ffce33,delivered,2018-04-13 00:17:20,2018-04-14 02:30:38,2018-04-16 16:18:30,2018-04-30 21:22:26,2018-05-11 00:00:00
8b5bc64e2f7c0a6f2e693d56b3aa74c9,5079b2cdf22330f1eed6bc5e8dab3283,delivered,2018-07-23 13:03:29,2018-07-23 15:34:03,2018-07-26 11:01:00,2018-08-01 21:46:36,2018-08-09 00:00:00
4892ff734d87bb926bd317ebafca95d1,ee3c35dc65342f759c109af645da0163,delivered,2017-06-01 16:09:21,2017-06-01 16:25:23,2017-06-02 09:27:38,2017-06-06 15:50:05,2017-06-28 00:00:00
cca9cf1218eaed08b0a72632895408ce,7d364cabbc68b49c5ad5ad0a577d0add,delivered,2017-10-02 13:45:21,2017-10-02 13:56:13,2017-10-04 12:35:29,2017-10-10 17:47:49,2017-10-25 00:00:00
1fb31b7773d88f086276fab17700ffec,b49c8c35eff454db2be187f98aab18d0,delivered,2018-06-20 16:30:12,2018-06-20 17:00:24,2018-06-25 14:27:00,2018-07-03 22:03:11,2018-07-25 00:00:00
e73eff9d5a06990f389e11a7f731af85,60d825970926bc552c3299d2d1b5041a,delivered,2017-05-10 15:44:46,2017-05-10 16:02:20,2017-05-11 11:03:09,2017-05-17 06:47:37,2017-05-26 00:00:00
f1e29ed944fff812d3fb63c9c0ffb09d,e73598f08c4fc8c202f6307eb2c94779,delivered,2018-02-28 00:08:48,2018-03-01 16:50:40,2018-03-08 19:42:26,2018-04-18 15:52:18,2018-03-27 00:00:00
858d0cd014b03937ba15cb012ad42277,fe24c8bec5996d4bef3eeed6222aeeb3,delivered,2018-04-23 11:33:43,2018-04-24 19:28:09,2018-04-24 19:45:09,2018-04-30 23:22:18,2018-05-16 00:00:00
c23e171590482930d50c033857c85deb,a487a105dc1bd823498c831bc39e3d8f,delivered,2017-12-07 11:31:42,2017-12-07 15:01:32,2017-12-14 14:15:18,2017-12-15 20:53:27,2017-12-26 00:00:00
01f48b2a27229e667db384b5b9d5dfa4,1f4e48d20f0deaacefd7fc19a4382c65,delivered,2018-05-16 22:32:50,2018-05-16 22:55:50,2018-05-17 15:21:00,2018-05-18 15:46:42,2018-05-28 00:00:00
1db9339678cf38d54dc39bd43d7de673,beaaa7c488f4029c6704b9069d1fff7f,delivered,2018-07-13 17:08:52,2018-07-13 17:43:49,2018-07-16 15:38:00,2018-07-24 18:38:19,2018-08-07 00:00:00
b75e81313e6d2e08c716bd845baff9a1,c379a47945eb2681417d585797f69c00,delivered,2017-12-08 15:36:13,2017-12-08 15:52:46,2017-12-11 23:58:29,2017-12-13 19:35:05,2017-12-28 00:00:00
21575da2130d1952ce69325255692485,f0d4bdd932dfae3cefe3ca439434ac0f,delivered,2017-12-26 21:03:06,2017-12-26 21:11:30,2018-01-02 19:43:57,2018-01-09 23:07:24,2018-01-31 00:00:00
0a2a2670426b66ba24372c7d03da2ca7,1349e7a27c61f2c6ded7a0ae7c9aa5b1,delivered,2017-11-29 18:50:57,2017-11-29 19:16:56,2017-11-30 20:32:02,2017-12-06 15:19:14,2017-12-29 00:00:00
4ff4e765fb57ce1bc954bf8138e14013,6c82552a00f0aa4e44f4d14f483c27d9,delivered,2018-06-29 14:27:08,2018-06-30 02:35:15,2018-07-03 08:38:00,2018-07-14 11:56:32,2018-08-06 00:00:00
41ed8506413669db4dc723ccad490421,b5e614c54cf92b1c2b42b22ff9f6e79a,delivered,2018-01-07 12:47:35,2018-01-07 12:56:51,2018-01-10 00:46:59,2018-01-22 18:24:46,2018-02-06 00:00:00
207d35e4a69118f2f9422aa1949043f7,09becaeb993ca4d7a5c0ea6eb2afce30,delivered,2018-05-29 10:19:05,2018-05-29 10:38:49,2018-05-30 13:34:00,2018-06-12 17:52:44,2018-07-12 00:00:00
980c0688b61b100db985aae4b5cfa28f,2373e9210af2667dcacec9599eb2bf86,delivered,2018-01-26 17:01:40,2018-01-26 17:22:36,2018-01-29 18:39:00,2018-03-14 16:48:47,2018-02-22 00:00:00
31fdb0a221bd4379d02682eea1692731,5cf3847c728a0bf2219354e810492696,delivered,2017-07-13 11:47:03,2017-07-13 12:05:46,2017-07-14 11:24:54,2017-07-21 18:12:27,2017-08-04 00:00:00
3f75bd7be63d165465c46b981942582a,4b17f248581e9d00a8feb3f7bbb6580c,delivered,2018-01-10 16:29:13,2018-01-11 02:48:45,2018-01-26 13:55:19,2018-02-09 00:05:24,2018-02-19 00:00:00
3223fda0de8d832b8e1224f6add1245d,bac2448b7c38109a44316a755b80957a,delivered,2018-04-26 09:10:07,2018-04-26 09:56:25,2018-04-30 06:22:00,2018-05-08 23:36:35,2018-05-18 00:00:00
d821b5e67b0018013d207479dfdfccd6,0309c4c2a68262c8f4aa04bbfd9c630c,delivered,2018-07-26 16:57:05,2018-07-26 17:10:07,2018-07-27 10:42:00,2018-08-01 13:46:48,2018-08-09 00:00:00
25cdbf36318188d83d96f32a9236d1e7,b51ced387cf78701481cbb154666677e,delivered,2017-09-27 09:54:28,2017-09-27 10:07:10,2017-09-27 20:48:55,2017-10-04 19:43:47,2017-10-20 00:00:00
f274acc2c44c3ee9dc53e21b2b75d542,a1f11ba206ba4e8dce35d37da7aaa32d,delivered,2018-04-13 16:39:57,2018-04-13 16:52:54,2018-04-16 16:33:03,2018-05-10 01:06:35,2018-05-11 00:00:00
762d133d5121c48c9e5c85be852eb0a6,72dedd2bb847fd4494d22b99a1e7a938,delivered,2017-11-23 09:13:22,2017-11-25 09:11:39,2017-11-29 20:53:42,2017-12-04 13:59:34,2017-12-05 00:00:00
bb2683bb3a0698a14f77b5f8f3749a04,a8a05978d0c8cf453db5a3089314aa88,delivered,2017-11-24 22:12:33,2017-11-25 01:14:03,2017-11-27 23:16:49,2017-11-28 19:27:52,2017-12-08 00:00:00
9cc3ede215e132a6d2314d0986e070bb,54642982e6727a6bb4cc31ddea69525d,delivered,2017-11-22 16:47:05,2017-11-23 10:28:08,2017-11-23 22:10:24,2017-12-15 14:52:17,2017-12-19 00:00:00
d3057dd3a0a5449de3b064393a47ecda,a2bd81fe49f99f54d6adbb93e3537aa3,delivered,2017-10-04 09:36:23,2017-10-05 03:04:00,2017-10-05 19:43:37,2017-10-13 16:38:12,2017-11-08 00:00:00
b456e477126924f8c462be6fbbbbfa73,3df717700f83980dfdb3a25669e895c1,delivered,2018-08-24 00:51:35,2018-08-24 01:04:13,2018-08-24 14:41:00,2018-08-27 20:36:43,2018-08-29 00:00:00
f6bfc9902c58791929c6ba9af3953696,e6305a0a9355e91aad86e234263a41aa,delivered,2017-05-07 13:46:44,2017-05-07 14:02:15,2017-05-08 11:45:00,2017-05-17 11:12:37,2017-05-31 00:00:00
ce7f20b493bdd502a0443f39ad764684,ac9b50b4cbc686b649cc58e76fc794f6,delivered,2018-01-25 11:06:19,2018-01-25 11:17:28,2018-01-30 16:39:56,2018-02-14 22:46:55,2018-02-23 00:00:00
fe0f1672afc3d22359c77f44d5c1e5b1,c1e9954632f52af1690efb1a3ded73fa,delivered,2018-03-12 15:16:56,2018-03-13 04:27:59,2018-03-19 16:54:30,2018-04-17 00:18:26,2018-04-05 00:00:00
baf1b12b26680071c8851fc697020e62,2a5161ad7eaa9de4de0eea62824a56a3,shipped,2018-01-21 15:41:59,2018-01-22 13:52:37,2018-01-25 19:55:47,,2018-02-22 00:00:00
82f8b4e6a57d8d34d6982d5ee946e521,ec170a8e4083fdeb7cc95a413b6a9e12,delivered,2018-03-22 13:06:45,2018-03-22 13:15:41,2018-03-23 19:58:46,2018-03-26 11:12:19,2018-04-04 00:00:00
1388e91d7d43769d6bd71f89a48a2929,bb3d6fd23d9a597d659792e620b5ae6e,delivered,2018-06-18 14:04:50,2018-06-18 14:19:43,2018-06-18 12:22:00,2018-06-25 22:08:40,2018-07-16 00:00:00
dfc6c80c73f6b324371273bd97e19c3f,02b20345e0df036b3078abd5b381b241,delivered,2017-06-04 12:09:58,2017-06-04 13:02:13,2017-06-07 12:16:35,2017-06-08 14:12:57,2017-06-19 00:00:00
ef2960fc071e710c211bfd7d7de5ca8e,dab42af2ee0cfa30e613478a4d57e6fe,delivered,2018-08-20 15:38:49,2018-08-22 04:05:17,2018-08-22 15:01:00,2018-08-27 11:37:29,2018-09-03 00:00:00
026381d57420b32237d7d89a8daf21c9,797525177b28cb08ae6d244ca133823d,delivered,2017-07-09 16:25:00,2017-07-09 16:35:16,2017-07-10 21:23:58,2017-07-17 18:13:34,2017-08-03 00:00:00
d55d7b1f89a06d58b4ee58e148dcbe4c,b9f26691e9d74484ffa51effa090af0b,delivered,2017-12-05 11:16:00,2017-12-05 11:31:26,2017-12-07 01:42:28,2017-12-23 00:38:03,2017-12-21 00:00:00
0ed1446f58635d09909c65b72da38267,075622c9aca77c074c5b0bfff0dd8957,delivered,2018-08-08 18:12:16,2018-08-08 18:25:10,2018-08-09 14:38:00,2018-08-14 21:32:50,2018-08-24 00:00:00
5ca272bd8784e32d2442848efe0f8c87,d843d887c4b48f354cee37cafdb3a541,delivered,2017-10-08 23:00:39,2017-10-08 23:14:51,2017-10-09 16:52:44,2017-10-14 13:02:36,2017-11-03 00:00:00
34f275d9e157cbaa33ca327cf52e19b0,7f6d1f1be2482d7a6c1d0083eed8f6fb,delivered,2017-06-12 19:38:57,2017-06-12 19:55:18,2017-06-14 15:54:44,2017-06-26 13:23:42,2017-07-05 00:00:00
e3b7896b6e5a82264c8e99a140843793,7b94fc04e54eecc78e563d7ec5a28521,delivered,2017-02-12 09:32:14,2017-02-12 09:45:17,2017-02-14 17:12:18,2017-02-21 16:35:52,2017-03-15 00:00:00
b4afb7b9e849ab4cdaa2bf9994ab7829,3bd20660108e168d60e24b450d49cdfc,delivered,2018-07-02 22:23:00,2018-07-02 22:35:17,2018-07-04 08:40:00,2018-07-05 20:28:53,2018-07-16 00:00:00
f535aa868b3671ad61668d0f6cd3a5dc,5bdabb0382d0e9b16869f7e6b1ccda55,delivered,2017-05-23 17:22:06,2017-05-23 17:35:09,2017-05-24 15:39:30,2017-05-31 09:13:57,2017-06-14 00:00:00
2683346722c6565c6c79e08c8264f25f,2a7ba63c9e507356e5670b795ed56a18,delivered,2017-09-09 11:45:33,2017-09-10 11:55:13,2017-09-12 20:27:24,2017-09-19 22:17:46,2017-09-28 00:00:00
25dbb5b0e8fffe7add495cf01a2893d0,cc24ed2ed67ceb1f6d4878edeea3aae8,delivered,2017-11-28 12:01:21,2017-11-28 12:14:36,2017-11-29 22:08:04,2017-12-04 15:55:00,2017-12-18 00:00:00
20e5eddbcc8c6279cd7c35bc99e5fd65,57e039a11c60ce7be47e29b112f02074,delivered,2018-03-16 08:39:58,2018-03-16 09:07:23,2018-03-16 19:05:02,2018-03-19 17:24:41,2018-03-28 00:00:00
f888aadfaf9861131a6b24882e4c5ee4,ead3600e85d8eb332081f04815d0f381,delivered,2017-07-08 15:38:35,2017-07-09 18:30:12,2017-07-11 18:47:48,2017-07-18 17:09:47,2017-07-28 00:00:00
5ec6f0269bc66a9f965c2fdff5af3652,83df7c2f7ffca5601e10217f3021cb5b,delivered,2018-04-29 18:46:11,2018-04-29 19:10:26,2018-04-30 14:31:00,2018-05-03 14:38:43,2018-05-15 00:00:00
603abf924f26183ae2fd9c6b1fe23a80,4d8d36402e6bc07578ad3e2c998048ae,delivered,2018-04-27 10:29:03,2018-04-28 03:33:03,2018-05-03 21:15:00,2018-05-07 19:52:35,2018-05-14 00:00:00
8e68048cbdae8182fbc189fe44e9e520,0c920439841ba80f7c336fca333837fc,delivered,2018-05-01 22:10:44,2018-05-01 22:31:20,2018-05-03 15:41:00,2018-05-04 20:25:29,2018-05-14 00:00:00
d194a451e2505ee2c351841d07e83eaf,408684c3090959e9e7a9e4988abdc6c6,delivered,2018-01-30 10:05:05,2018-02-01 02:52:55,2018-02-01 18:48:35,2018-02-20 21:23:17,2018-02-23 00:00:00
c33a15434dbf8582136285a3e2995d1c,eecc32d272efdc22f46cbdee584c7c80,delivered,2018-02-15 13:11:35,2018-02-15 13:27:26,2018-02-20 20:35:19,2018-04-06 22:09:39,2018-03-23 00:00:00
d9290c1449b2c21f3c4b9efe267c8173,facac3d46472c8a3a0c5a8931f1f241a,delivered,2018-08-16 15:54:48,2018-08-16 16:10:14,2018-08-17 14:18:00,2018-08-22 18:42:21,2018-09-10 00:00:00
7bd04fdb3a54efa83cbf7320b1bb4b6f,2e9d8ae4867418fba39fcff0e154f736,delivered,2018-07-18 19:12:17,2018-07-18 19:25:17,2018-07-19 15:00:00,2018-08-01 15:38:54,2018-08-17 00:00:00
2ef3c9464dba683f9e1375f7b3416465,81bd3b2c556601d86de4719371ca7ae0,delivered,2018-06-30 09:50:28,2018-06-30 10:15:13,2018-07-03 06:05:00,2018-07-05 00:55:45,2018-07-19 00:00:00
2c35215a3c576f6e51d0012fb4a8cb3b,0cc16ad1d769d46165a88a693f53107e,delivered,2018-08-13 14:33:18,2018-08-13 14:45:22,2018-08-14 14:09:00,2018-08-20 23:45:37,2018-08-24 00:00:00
ef923bbb28876cc2a8e00a7ebc1a52f8,5dff5fe82f3bfdc45f07589a4f73bb3e,delivered,2017-02-07 12:35:29,2017-02-07 13:05:32,2017-02-08 11:29:54,2017-02-15 16:27:33,2017-03-16 00:00:00
c12ae6679912cd8f6ef682d8d9f1fdd2,d42685f4266e965fe40dbb114869159e,delivered,2017-08-25 14:52:04,2017-08-25 15:05:36,2017-08-29 17:17:08,2017-08-31 19:17:11,2017-09-22 00:00:00
d5a56dbd4116a2322c80a3fb1e2f1fdf,c734c901f7d73b653259fe705606a75e,delivered,2017-08-09 03:00:00,2017-08-10 03:31:39,2017-08-14 10:52:31,2017-08-24 20:00:00,2017-09-04 00:00:00
d2d597f1ac91b8b64bec818c2f10bc14,a9911187f3b68bac357a1518485e0841,delivered,2018-05-16 16:49:38,2018-05-16 17:21:32,2018-05-17 10:30:00,2018-05-22 19:14:21,2018-06-08 00:00:00
eb83ac4a729f0654750730aaa35bdf59,055b068aeaf56652d6467aa6b8d3fd86,delivered,2018-05-18 21:10:10,2018-05-18 21:37:33,2018-05-21 08:35:00,2018-06-07 22:52:06,2018-06-13 00:00:00
cdfb5ee8cbd9cea7cf9cb8db9bf94eff,6bdf3daf6a4b5560e0aeb6951ec83381,delivered,2017-03-18 21:48:40,2017-03-18 21:48:40,2017-03-23 16:08:28,2017-03-24 15:05:02,2017-04-07 00:00:00
e79ce960e58239f855503114732d9d09,632a782e0ba41230e69216e593be4ef3,delivered,2017-06-25 22:44:56,2017-06-25 22:55:08,2017-06-26 15:22:30,2017-06-30 00:04:50,2017-07-14 00:00:00
04f15733e3974c4127cb066cb835cdc9,3295b6a10cfd0a5364458e7aad6a8ed0,delivered,2018-02-05 14:04:53,2018-02-05 14:15:39,2018-02-07 20:18:34,2018-03-03 15:59:50,2018-03-07 00:00:00
bbc78f387d75afb81df8da1498337e8e,881863067d0626fbbe58417d7cbd8dff,delivered,2018-01-02 15:47:32,2018-01-02 15:55:24,2018-01-03 23:23:37,2018-01-15 21:43:00,2018-01-24 00:00:00
3e36ac046e031f1d3e1f8ce6767c018c,da04bba71fbf26d94a9b35ed6f009720,delivered,2018-08-02 21:37:40,2018-08-02 22:15:25,2018-08-03 14:32:00,2018-08-04 18:08:37,2018-08-07 00:00:00
0c077fbe69b84abe12774536d0904060,6458e6b2bd04e77c2beab6b813baacec,delivered,2018-06-17 10:38:53,2018-06-17 11:00:59,2018-06-18 15:53:00,2018-06-23 03:05:00,2018-07-05 00:00:00
2662b5b8405b56ac3b36ed2b4e9c50c7,beb4fce3cca012c819c123cb7c8b3597,delivered,2017-10-18 14:26:01,2017-10-18 14:35:42,2017-10-18 21:12:31,2017-10-24 20:23:28,2017-11-09 00:00:00
d2161542680b09e3ef892b3d50327e10,4f71227399d972deea2af2ac102a6b30,delivered,2017-12-15 19:04:09,2017-12-15 19:12:10,2017-12-20 14:07:10,2017-12-22 22:37:07,2018-01-10 00:00:00
c063af469224d02e7e9bcb0b1e46583c,b49c7b84bf888d069ddcc9c7d42c5efc,delivered,2017-11-25 01:13:16,2017-11-25 02:53:54,2017-11-27 17:09:16,2017-12-19 15:22:37,2017-12-21 00:00:00
03a77816f8b67ef237ecca2c772c4851,d8c87ef39b9996034c86991b5cb7f20d,delivered,2018-05-30 21:48:24,2018-06-05 04:30:57,2018-06-05 12:47:00,2018-06-12 16:59:45,2018-07-05 00:00:00
1871eea34c05e21129b1a6a25e0ec985,d78c7834a65d4a9d5625d2d60495848f,delivered,2017-09-23 20:37:54,2017-09-24 20:45:31,2017-09-25 18:45:00,2017-09-29 17:47:33,2017-10-17 00:00:00
12064b26c801bd0f7b82c2fb033e382e,b0b3a6dec8254d6fb2a49f9eb6127a37,delivered,2017-11-27 00:31:40,2017-11-27 00:56:07,2017-11-28 12:02:22,2017-12-20 13:19:34,2017-12-15 00:00:00
e36d390b90de532ec095695e0fab74e5,3a2ac61c7ff1ebc42bc360b249e43d53,delivered,2017-08-29 18:48:37,2017-08-31 02:44:54,2017-09-01 15:14:02,2017-09-02 11:44:57,2017-09-12 00:00:00
c4f5e515c5b864e0f0cdea33ce83244c,cd5912ed6d58ff66950d940bb10f5453,delivered,2018-06-13 16:55:35,2018-06-13 17:20:23,2018-06-14 10:46:00,2018-06-18 19:18:50,2018-07-03 00:00:00
9e9d1406a904f8e28018211f22403b69,13045d129467e3098ff5b764fba0832c,delivered,2018-07-15 20:39:37,2018-07-16 20:30:37,2018-07-17 13:37:00,2018-07-24 17:38:27,2018-08-03 00:00:00
f78331069dda1305cb2f9c835e08b12c,0d8eccedaf47f542b23025203839164d,delivered,2017-07-09 20:43:15,2017-07-09 20:55:09,2017-07-10 19:11:53,2017-07-12 16:52:20,2017-08-04 00:00:00
816547fe6198669ad3f5b197d576e4ba,0b9d93134b0eda9363dbda36958aa6f4,delivered,2017-09-22 11:14:41,2017-09-22 12:25:38,2017-09-26 19:06:56,2017-09-28 18:43:58,2017-10-16 00:00:00
a99a60bc7b0e05731ce390fbc021ef0b,1407999bcdb520052fae75f6fdb08227,delivered,2017-05-21 09:34:47,2017-05-21 09:45:18,2017-05-22 11:05:07,2017-05-26 12:32:44,2017-06-09 00:00:00
f29397aa4443ca92f691329620edd2af,84b45b4c0496d8b391f8872acb8a1190,delivered,2017-08-15 15:57:27,2017-08-15 17:10:13,2017-08-21 11:23:14,2017-08-22 15:42:30,2017-08-30 00:00:00
c87d92d5c64c70c79d7cadac8d53ee3a,6f059b74889de64d5460dd3165feb0a0,delivered,2018-08-22 16:20:30,2018-08-24 03:25:20,2018-08-24 16:24:00,2018-08-27 17:50:42,2018-09-06 00:00:00
d1902896db97466b224147cda743f3a8,5500c1fe2f5362793e7f707b9062ee17,delivered,2018-07-22 20:11:47,2018-07-23 10:44:14,2018-07-24 13:34:00,2018-07-27 17:22:28,2018-08-09 00:00:00
a52f0272f9150859ede915bb2eef1bf9,1eff81ab2dabace9a165ce9346ba7ffc,delivered,2017-11-14 03:16:49,2017-11-14 03:30:17,2017-11-16 09:51:16,2017-11-27 18:52:11,2017-12-05 00:00:00
21df4877f402eea02a4c1aab13411b1f,fb68a5552994d81243302fe6a15291a1,delivered,2018-08-02 18:28:29,2018-08-02 18:45:15,2018-08-07 14:51:00,2018-08-08 20:55:36,2018-08-16 00:00:00
de969b697705a8e3239d2f760c644c8a,b9d6a058e30a927c653a4d74412921ab,delivered,2017-03-05 16:10:01,2017-03-05 16:25:11,2017-03-06 13:37:12,2017-04-18 15:28:21,2017-04-06 00:00:00
1551eb55b3d7c7e38d2f826992446d64,da7b65d555ee1b2ec7d0b0008a272719,delivered,2018-03-14 13:05:44,2018-03-14 13:40:21,2018-03-14 22:51:42,2018-04-26 19:48:43,2018-04-10 00:00:00
eece85052fc6375fadd08a9369558119,6afd7ac9a8acbf196c1a0ee4b0e75046,delivered,2017-08-13 20:24:43,2017-08-13 20:43:57,2017-08-14 18:56:59,2017-08-23 17:45:23,2017-09-13 00:00:00
6543c9fd7bfbf8a31d844a1523b6f04d,2b3c7bf966c44dd182d10a6de2b9c64f,delivered,2018-01-16 22:49:54,2018-01-16 22:55:29,2018-01-18 18:04:22,2018-01-25 20:09:18,2018-02-07 00:00:00
db8d02df9b1149df5c94b9619ae11e4b,bd55c3ffa0302b2a23cbe06950196b80,delivered,2017-11-04 22:17:07,2017-11-04 22:30:30,2017-11-06 19:51:22,2017-11-10 19:46:47,2017-11-27 00:00:00
498c3c15348d28d24467e613d70ce184,8e84900e687c4174501c7731e63f09c5,delivered,2018-02-26 22:56:38,2018-02-26 23:08:27,2018-02-27 18:15:38,2018-03-06 03:12:33,2018-03-21 00:00:00
e3b0717751a72db4e76c2aab9e9e9ed1,9873288cef2784aa00e073b788253946,delivered,2018-07-09 14:41:35,2018-07-09 14:55:21,2018-07-10 10:48:00,2018-07-13 17:27:33,2018-07-30 00:00:00
e06a1ec7a71b079fca2cd43d67dbed30,2f6d26c67bbd2c07e44bd5b4de84c176,delivered,2018-01-15 13:47:12,2018-01-17 03:38:48,2018-01-17 16:13:05,2018-01-29 15:04:12,2018-02-16 00:00:00
da56b8c5c4e96c536c6ebdadffebd9e6,03d03aea0d866191e5f60d0fca091f4e,delivered,2018-05-07 13:02:03,2018-05-07 16:33:11,2018-05-08 14:38:00,2018-05-15 20:48:38,2018-05-24 00:00:00
ba0c31bce46860bc1f8929c262bbc0eb,6caba46577c6a3cc83c23a314ded4c92,delivered,2017-05-14 14:37:51,2017-05-14 14:50:09,2017-05-15 11:36:14,2017-05-16 08:47:33,2017-05-24 00:00:00
8b5525f36b49822ea7c5f37ffc94b66d,944ba978b62c9c79b5f35d289180487d,delivered,2018-08-19 12:40:19,2018-08-20 11:35:20,2018-08-22 06:51:00,2018-08-23 23:08:33,2018-08-30 00:00:00
bd44e878bbfdde29ea540a99068c888c,73432bf840dd4fe8180b71be12bcb852,delivered,2017-03-27 21:58:40,2017-03-27 22:10:26,2017-03-28 15:33:32,2017-04-19 12:58:21,2017-04-18 00:00:00
ffa39020fe7c8a3e907320e1bec4b985,26978239b9a0ccb40d576a0a099158b0,delivered,2017-10-31 18:34:34,2017-10-31 19:34:38,2017-11-03 23:57:43,2017-11-21 20:41:55,2017-11-28 00:00:00
a749acbc328952e55d87733a869f2817,bf10128e5ecdd3a1ebfe697aa8084da0,delivered,2017-08-23 13:21:35,2017-08-25 02:50:51,2017-08-29 15:47:49,2017-09-06 19:07:59,2017-09-13 00:00:00
9633aa23810f64d3bec8f43b7778befa,19710590c8b046f5ca763e0b60894865,delivered,2018-01-11 13:55:00,2018-01-11 14:07:48,2018-01-15 16:10:12,2018-01-22 19:21:29,2018-02-05 00:00:00
0c22166d9f7e5761e397affa5af438c7,cabe1ec4e4c40db3c14ab19cc09bbd9a,delivered,2016-10-09 22:31:44,2016-10-10 12:02:26,2016-10-14 12:02:28,2016-10-31 15:32:04,2016-12-14 00:00:00
ec4e8ed85c9970f388bee1ee69bb2ebd,0387bb320e7a692802687bad867e85e8,delivered,2017-08-26 23:54:05,2017-08-27 00:10:23,2017-08-28 19:22:40,2017-09-05 14:58:06,2017-09-25 00:00:00
430d109ed8e86fd6925c000c40c2570c,2bc5ac1820fe645c7099ead353cb9a7c,delivered,2017-08-31 11:49:09,2017-09-01 02:24:51,2017-09-01 18:24:28,2017-09-06 20:07:49,2017-09-22 00:00:00
9eef6fbd3c1570d54a395d4776cc233c,5dbd9943c27cf63ea4f6870686305f26,delivered,2017-06-05 10:31:03,2017-06-06 13:15:33,2017-06-07 17:14:25,2017-06-19 16:57:46,2017-06-28 00:00:00
24caac929f6281eb55ab38103cd821fa,bc6a3a6f693b3363d1bc91080a2a1824,delivered,2017-11-23 21:53:29,2017-11-23 22:07:50,2017-11-24 16:48:52,2017-12-05 22:28:34,2017-12-13 00:00:00
ac8a4565529310518da7406ddf01f8e8,3fe7a525d5a0a4f3ab4f5d548267d7fc,delivered,2017-08-31 20:17:07,2017-09-02 02:50:08,2017-09-04 20:07:56,2017-09-13 19:13:44,2017-09-28 00:00:00
233e61a3a3fbc1ea5c7349fa68eab1bb,1a2568d169d3dc81cebfcebbbb7cd9a0,delivered,2017-06-10 20:57:47,2017-06-10 21:10:15,2017-06-12 10:07:11,2017-06-19 21:10:33,2017-07-13 00:00:00
e4406088398131aed8c21c5a4ec3442b,8cfb9c9751da0ae0f664b97b2fa0ecc2,delivered,2017-06-12 10:26:05,2017-06-12 10:35:09,2017-06-13 09:10:09,2017-06-19 15:17:44,2017-07-03 00:00:00
fab5dff71a23a54ed252a564cbfd4826,22faac884277b495b4c4ba6f7b364bf5,delivered,2017-06-13 16:44:08,2017-06-13 16:55:29,2017-06-14 13:34:40,2017-06-27 17:11:22,2017-07-06 00:00:00
4f25074c14f57fb1a98808c9a2f820df,c793eefd9746b685a6bb9d390d14493c,delivered,2018-01-05 21:14:40,2018-01-05 21:27:46,2018-01-09 21:52:30,2018-01-16 20:56:43,2018-02-06 00:00:00
66d4f650ce4c149081143ab7444a2e3d,492cce5bb321af16f1c89feae21a0f3f,delivered,2017-09-14 20:34:09,2017-09-15 20:44:29,2017-09-18 16:47:54,2017-09-26 21:15:03,2017-10-10 00:00:00
50568bd6b8c21862f6cc983ca30c6322,eb66d90e555ade7ac77a92866df92116,delivered,2017-12-06 05:50:30,2017-12-06 06:09:34,2017-12-07 22:21:28,2017-12-19 16:26:53,2018-01-08 00:00:00
e7ae3271e5b38526b2bfdfb2d7695689,39d7cb23edd7b7bae9e6e24e202d52cc,delivered,2018-03-03 11:32:56,2018-03-06 03:35:45,2018-03-06 23:52:27,2018-04-09 19:31:30,2018-04-03 00:00:00
d1a0874a41563f4f1cb865d11acec8e2,ea1b5705eb91b7276160db09d4c6dfb4,delivered,2018-05-02 19:38:26,2018-05-04 04:11:45,2018-05-04 10:19:00,2018-05-10 22:08:50,2018-05-24 00:00:00
d648e16f2e2cac38e91f384853b90e39,d683359f46d7db3ea8a6976daef28584,delivered,2018-03-23 10:51:37,2018-03-24 02:28:44,2018-03-26 22:08:59,2018-04-02 17:04:15,2018-04-05 00:00:00
40bf8d4d61d22711253ecc21d0a2e442,a45aea2d812b88b18d3b5a84fae5a3a9,delivered,2017-03-06 12:47:59,2017-03-06 13:15:14,2017-03-07 11:36:13,2017-03-13 08:32:20,2017-03-29 00:00:00
2d61f270bc350937faeb8bdcbe4cd192,6666d902f1778f7289ed619385450109,delivered,2018-01-30 16:33:33,2018-01-30 16:52:51,2018-02-01 17:22:04,2018-02-16 17:16:52,2018-02-21 00:00:00
01dbd2da9b685e6d444416f7825d0931,332cd7b9d5b2e74bf7553bfac694996d,delivered,2017-10-04 22:21:13,2017-10-04 22:35:27,2017-10-06 13:18:59,2017-10-20 21:53:45,2017-11-07 00:00:00
56164bd72d001922782e91e3d76813ba,5ecf6b4fe2e7dc856db42518e9c74f72,delivered,2017-11-19 13:22:57,2017-11-22 02:47:23,2017-11-28 13:19:51,2017-12-06 16:51:52,2017-12-12 00:00:00
7585d4e21b02da91dd6b9dae232f96f8,d106918f73f119d9ebf155a753135f40,delivered,2017-10-19 22:15:23,2017-10-19 22:28:22,2017-10-20 19:43:45,2017-10-25 15:40:22,2017-11-08 00:00:00
a8f53fb2d23aa53494da639eaed2c172,b2300c50b09e3530412ee6616d8700d9,delivered,2018-07-18 13:34:56,2018-07-18 13:45:21,2018-07-20 07:47:00,2018-07-26 14:42:06,2018-08-02 00:00:00
78abeb504c36f94f1d1072b77076358c,98ca6846ef7780aba0394d1e1ad65f9a,delivered,2018-01-19 10:37:25,2018-01-19 10:55:40,2018-01-24 20:44:16,2018-01-31 15:42:04,2018-02-09 00:00:00
1758ad531fb74f63e2ce97f1791a1325,e10ac1f32d57ca783af63540d3ec375c,delivered,2017-05-24 08:57:47,2017-05-25 02:50:14,2017-05-25 11:56:56,2017-05-31 13:05:28,2017-06-22 00:00:00
a7e1fc9c679ba035ffc78b021f142edb,b1287d4340ac7a895b2d5b74c5917d10,delivered,2018-06-30 19:41:57,2018-06-30 19:55:13,2018-07-02 17:18:00,2018-07-11 22:52:38,2018-07-27 00:00:00
602a6242ac1fe2355d3e0ae1d53bf538,934b524cd57581aaec591c2533baacad,delivered,2018-04-23 10:12:07,2018-04-24 18:04:44,2018-04-23 20:18:31,2018-04-30 23:51:21,2018-05-14 00:00:00
b1fc0948d3c1bb44de3612845c3f068f,818aaf45572baf9c377add2ac59950a6,delivered,2017-02-24 20:50:22,2017-02-25 11:25:13,2017-03-02 08:14:54,2017-03-21 14:04:08,2017-04-06 00:00:00
cd09c24e7f20280427dd7bf69a9d21db,27445a8aa8d9efc8dca27a651b61533b,delivered,2018-08-14 17:49:50,2018-08-14 18:23:57,2018-08-15 15:06:00,2018-08-18 15:55:38,2018-08-28 00:00:00
55966b3807b78c9c7eaf6a2c0c820abe,744ffbbbb5e51c8c5ea3f12cf97d7f8d,delivered,2017-07-14 22:02:51,2017-07-14 22:15:19,2017-07-21 18:32:57,2017-08-09 21:45:00,2017-08-14 00:00:00
de66a309a3d6c4b34157f77edddc248e,2728bde7012224560c53a0ac264b9f09,delivered,2018-01-04 20:32:23,2018-01-04 20:48:00,2018-01-05 22:39:55,2018-01-08 20:03:49,2018-01-22 00:00:00
e1df06d2e0fcfed2ec12f002d54da4f0,ce8131ee1a45966150c199dbbc23370a,delivered,2018-06-04 19:49:44,2018-06-06 03:11:02,2018-06-22 09:29:00,2018-06-29 20:05:24,2018-07-18 00:00:00
766e7d95f42217e02fa7c85a8c97a862,8411dca0406fccfdcbdfd5dbb2df3fce,delivered,2018-08-02 15:02:10,2018-08-03 09:31:19,2018-08-03 13:38:00,2018-08-14 23:32:52,2018-08-30 00:00:00
9d9d06f2b18d6a0dbf941721131b65eb,257f6abe0b5b6d2f48abba83a229243f,delivered,2018-05-17 08:49:04,2018-05-18 05:16:45,2018-05-18 15:09:00,2018-05-21 19:28:43,2018-05-25 00:00:00
009742b43f4530bc3db7f62332c50f4b,84dac31647902f79570207a7f29c2675,delivered,2017-10-24 15:15:58,2017-10-26 03:09:33,2017-11-28 01:46:49,2017-12-06 18:41:34,2017-11-10 00:00:00
3cb5915708fd5b47246994508f858ffd,679f84ceb2ee4ca5bca0c3ea34647746,delivered,2017-11-16 14:36:08,2017-11-18 02:29:03,2017-11-21 10:15:36,2017-12-06 18:42:29,2017-12-11 00:00:00
1e62cc7c75b9ab770d8ade06089fed44,c01f50d3efd1bf4bc960ac76cd51c7ac,delivered,2018-02-19 18:56:21,2018-02-19 19:55:33,2018-02-23 20:17:49,2018-03-01 00:54:46,2018-03-09 00:00:00
9a5e801a0c51ede9c94e91758554d57d,f5cf690ed01ec6a8b71913b8a5e179bb,delivered,2017-07-19 08:09:41,2017-07-20 02:23:53,2017-07-24 21:26:39,2017-07-31 21:45:43,2017-08-15 00:00:00
a07355f9fa72ba9605c5e87a93ceac0c,8bdc3c09b99bbee0dc03992bc03ac828,delivered,2017-11-09 10:48:18,2017-11-09 11:10:59,2017-11-16 22:09:00,2017-11-27 17:48:57,2017-12-05 00:00:00
931ca162115da049cd8d7872b3667163,2b94cee0db01f2f34aea7476d561c0a5,delivered,2018-08-25 08:35:56,2018-08-25 08:50:12,2018-08-27 14:06:00,2018-08-30 20:39:51,2018-09-05 00:00:00
b8d8f5e99979f7cbf541344ae12c8cf4,8ff83690a72dc5589bc39742798a128b,delivered,2018-07-29 21:05:16,2018-07-29 21:15:17,2018-08-02 13:23:00,2018-08-15 17:07:32,2018-09-20 00:00:00
4bb23abf0ff6b2a50e22e54a9021be4b,1c173589e91087f17f77da92ece6b05a,delivered,2017-05-31 11:29:45,2017-05-31 11:42:57,2017-06-01 09:13:40,2017-06-02 15:47:43,2017-06-13 00:00:00
935d6aae386503723d2adea444ebc781,708d1f01ac396e775f27fd02b4820aad,delivered,2018-06-22 21:28:59,2018-06-22 21:58:42,2018-07-03 05:55:00,2018-07-09 14:11:45,2018-07-24 00:00:00
6ac111f174eb8463de511ce4db97158c,ddace16f5366d93a1044dda72a384815,delivered,2018-01-31 11:58:25,2018-01-31 13:52:07,2018-02-01 15:34:51,2018-02-15 17:52:14,2018-03-05 00:00:00
fcb5deccd553af305b15fb061d320647,0e6a8b0d47f31247f623b6a5e2a95236,delivered,2017-05-21 18:53:29,2017-05-21 19:05:16,2017-05-22 10:03:03,2017-05-31 10:22:54,2017-06-21 00:00:00
3198a007090c3a630beb0fe82d14a0c6,134224848047da7d93f50ce13565f1d1,delivered,2017-05-24 20:02:36,2017-05-25 02:50:19,2017-05-25 09:27:11,2017-06-01 13:15:43,2017-06-27 00:00:00
d889a8ab0342b0b548b78963f15aa195,7ff36184698a2547a7308a1941c255bf,shipped,2017-10-11 16:23:11,2017-10-13 12:56:29,2017-10-13 19:20:05,,2017-11-07 00:00:00
c66e710fc8f55a69556bf33b68b19843,663422ed729b1aa171b0b5d740827771,delivered,2018-07-12 22:37:07,2018-07-12 22:45:15,2018-07-24 16:07:00,2018-07-30 20:04:28,2018-08-17 00:00:00
60874d0fd7a75eaf6c27923285596b50,4931b387cdb965048baa6ffd78ced9f2,delivered,2017-05-18 14:35:32,2017-05-18 14:45:14,2017-05-22 13:35:36,2017-05-29 10:04:34,2017-06-09 00:00:00
0250c3964e5ca77ecac2db28d78aa89f,93868f1b95f724d239389b3bb1eca24d,delivered,2018-06-30 13:48:24,2018-06-30 14:09:58,2018-07-04 13:58:00,2018-07-10 16:38:47,2018-08-14 00:00:00
893586a39118c946cd346581dd2d2d6b,1b663bed8f7682bb0d25c06d56f67e6b,delivered,2018-08-16 01:42:09,2018-08-16 01:50:11,2018-08-16 11:47:00,2018-08-31 02:27:23,2018-08-29 00:00:00
45ea2b89437b64de2c57f6651d35f451,71d0f2a0940849cdd628b59f92747e48,delivered,2018-08-16 10:45:40,2018-08-16 10:55:19,2018-08-22 13:47:00,2018-08-27 15:42:02,2018-09-10 00:00:00
1bb50def8a9e13b440ff996070fda0e9,a2b143271cf09e54d3754639196b1afe,delivered,2017-06-08 11:30:04,2017-06-08 13:06:01,2017-06-09 17:55:33,2017-06-14 17:57:50,2017-07-03 00:00:00
b528b4a581aba8b0eb2a05d891708827,9ab4fdf8717c25a2b9598c76eb57c9fe,delivered,2017-11-30 22:33:40,2017-12-01 10:31:12,2017-12-01 21:28:37,2017-12-27 23:37:03,2018-01-05 00:00:00
9b020e5824739b6431c878d26e85143a,970aa77d4b6d8573f8a743a35301f294,delivered,2017-11-08 13:19:33,2017-11-08 13:35:57,2017-11-10 21:41:53,2017-11-23 21:21:25,2017-12-06 00:00:00
34b5c4f2b088c66075f85fc2291cfa06,c8e0061c1a363060a4820688fe6266d6,delivered,2017-10-31 22:19:42,2017-11-02 02:27:34,2017-11-07 11:36:59,2017-11-10 14:13:47,2017-11-17 00:00:00
92a5191ba977547e2cd844d5140c63f1,eba5d9240fe1c10851a9653595f90674,delivered,2018-02-16 19:10:37,2018-02-16 19:27:14,2018-02-19 20:59:27,2018-02-22 20:48:47,2018-03-15 00:00:00
0231a1f06afc507072e11f93fa6e736b,92effc61cdcde58dde1a6295fe519bb4,delivered,2018-05-08 12:44:54,2018-05-09 12:55:31,2018-05-11 08:17:00,2018-05-22 20:35:45,2018-05-28 00:00:00
da85428cfb68160e03c36d5555452e04,f6a8aa90561b6aadf46587268654ff4f,delivered,2018-04-16 17:38:50,2018-04-16 18:55:37,2018-04-20 18:26:56,2018-05-04 16:57:42,2018-05-09 00:00:00
ffdc79897a2df4181a299b803765f0cc,4f2c86a6f30d1c9c0d935814141e4f29,delivered,2017-10-28 08:23:18,2017-10-31 03:55:10,2017-11-03 16:27:00,2017-11-09 22:28:27,2017-11-23 00:00:00
728b33a8cc080976c038c26fefaf9492,df3286b5537e8c13b6c4608872f3a46b,delivered,2018-02-15 20:24:30,2018-02-15 20:46:33,2018-02-20 11:20:07,2018-02-28 00:15:17,2018-03-07 00:00:00
592d00942a47033fc878f73feef041bb,15554403640be7c5f2f14b8a5abc849b,delivered,2017-12-02 09:01:05,2017-12-05 04:12:20,2017-12-07 22:56:59,2017-12-19 23:51:33,2018-01-03 00:00:00
7745b3769c43d19a0f8da5e8207208ac,3ee60ebb31894e941bd668d467e8ee4e,delivered,2017-09-14 16:37:03,2017-09-14 16:50:25,2017-09-19 21:19:04,2017-09-20 21:46:48,2017-09-28 00:00:00
a0718048b8aff866bc9372ef2e3c961e,9025234933533beefb90c0600ad64363,delivered,2018-03-08 20:56:24,2018-03-09 02:10:39,2018-03-09 17:36:28,2018-03-19 15:18:59,2018-04-09 00:00:00
fb0c01b2efee313f5231a89c4a55e498,36fa9776dee38b20734cac9f7a382be4,delivered,2017-12-02 10:36:19,2017-12-02 10:57:09,2017-12-04 16:29:54,2017-12-21 17:12:40,2018-01-03 00:00:00
58f608b30531278060213cc7926bc6f5,95682accaa4aa7184a16bc3ee1392129,delivered,2018-07-05 14:30:48,2018-07-05 16:05:59,2018-07-10 17:37:00,2018-07-12 20:36:27,2018-07-18 00:00:00
f60f24675fc59697853e289b853f5cad,7ac9a9cae93273d303eed9a24dc2ecf9,processing,2017-11-26 23:14:40,2017-11-26 23:32:44,,,2017-12-26 00:00:00
8058726bc1a6746aa072dcb918898328,c983e0e8a43cb95b3d081fde6005f347,delivered,2017-08-22 12:18:20,2017-08-22 12:46:00,2017-08-24 22:49:53,2017-09-05 19:47:45,2017-09-20 00:00:00
b5354d8d292a97bc23838762d5c4bcc6,52aaa28398bf43dfbfc64dc09278f13d,delivered,2018-06-06 13:05:39,2018-06-06 13:15:17,2018-06-07 09:04:00,2018-06-13 23:38:50,2018-07-26 00:00:00
e97b95303d6054c4c492d83dcd06ac20,1fc28d45b159958144877c04810a106d,delivered,2018-01-20 12:44:23,2018-01-23 03:37:26,2018-01-23 18:32:01,2018-01-24 16:53:03,2018-02-06 00:00:00
ec26e3896015c5472a0693f7b2b3895f,1bc1f845d5ee3815133a247a80959a3f,delivered,2017-05-23 16:22:01,2017-05-23 16:35:14,2017-05-24 09:10:57,2017-05-26 15:33:21,2017-06-12 00:00:00
01b06b4d63c340902dbe3d9f8b2fe821,bc4e77d40d57aaca04d0c5a52d452ccd,delivered,2018-06-08 11:42:51,2018-06-08 11:54:52,2018-06-09 09:24:00,2018-06-12 21:33:52,2018-06-26 00:00:00
ae103e0dfaa3fc6e8b8c9cf179c7a94d,22b43b0d6deb1ba2b9a976af12c6633e,delivered,2018-06-24 12:51:04,2018-06-24 13:18:36,2018-06-26 14:09:00,2018-06-30 14:28:40,2018-07-18 00:00:00
9e030aea512610ba4c528627b9bcf376,383b7ca1ab9eae02fb73bfb22590cfb6,delivered,2017-12-29 16:03:43,2017-12-29 16:10:27,2018-01-05 15:34:58,2018-01-10 16:54:21,2018-01-24 00:00:00
ea11e787b7c89e4884a0fa8fb65be3fb,1519d4cdbc06dfede65adcc994c7943a,delivered,2017-11-09 18:26:19,2017-11-10 03:11:22,2017-11-16 21:41:56,2017-11-23 15:46:54,2017-12-01 00:00:00
f54d7a7d7d2b4f925572eb66bed8e52c,8b4460b91c9db1e8cfaa88762f825259,delivered,2018-03-05 23:51:28,2018-03-07 02:15:29,2018-03-08 17:39:44,2018-03-14 19:46:27,2018-03-21 00:00:00
2310c19df1dd534203e1e41de8afc428,e4a45e8b32eb8b1d16635ba3678c3902,delivered,2017-06-19 12:14:08,2017-06-19 12:27:06,2017-06-21 10:17:23,2017-06-27 16:28:46,2017-07-11 00:00:00
505cb622926ab5187cf06b104414215a,67c5095699166f14b1bc5134dc1a9910,delivered,2017-11-18 11:38:42,2017-11-18 11:50:25,2017-11-21 19:17:31,2017-11-29 15:48:51,2017-12-13 00:00:00
f0a01b4f222cc1649a2e296b9efa16f1,04f60c113a9d149d793399b11f462448,delivered,2017-04-04 11:10:21,2017-04-04 11:23:15,2017-04-06 12:54:43,2017-04-18 11:12:59,2017-04-27 00:00:00
481db18f6c7959ca02c1e84e70e78264,1436b43dbcd3b1aa2084f051539f416c,delivered,2018-04-16 23:17:09,2018-04-16 23:30:04,2018-04-17 17:32:35,2018-04-30 20:47:40,2018-05-10 00:00:00
1cfd0a0c01505644e6aa1e3c590adcb0,6eb3edbdc2a204333d563dd147a09c8c,delivered,2018-08-18 12:56:03,2018-08-18 13:10:12,2018-08-20 14:04:00,2018-08-21 17:36:42,2018-08-28 00:00:00
888c01bfd57017617508bd53797100ed,5ba140f1494030e4f6cdbd7e7a270987,delivered,2018-05-02 19:34:10,2018-05-02 21:18:45,2018-05-04 11:53:00,2018-05-21 20:03:31,2018-06-01 00:00:00
9259e3d95a99a224c782530615463368,4a3ec2c7a1bdd3db6de82fb9bb52ed25,delivered,2017-10-25 15:04:49,2017-10-25 15:28:13,2017-10-30 22:22:51,2017-11-07 16:58:46,2017-11-16 00:00:00
122e2899f5b25c99d52cece91999b676,f3df5c58c90ca274dfeb4c9bc6e62c92,delivered,2017-08-14 20:28:35,2017-08-16 03:24:57,2017-08-21 16:27:51,2017-08-28 20:07:47,2017-09-08 00:00:00
1db6b3e51590f33eb7c5f063687a8f2d,ab2d91a034e1a373815d0993bfc44b63,delivered,2018-01-20 21:10:23,2018-01-20 21:41:15,2018-01-23 15:52:47,2018-01-30 17:22:39,2018-02-19 00:00:00
3126b9be3d5939e25084a4d9661652e9,1d325217aaf57a6f3b606be21277c002,delivered,2018-04-04 07:39:53,2018-04-04 07:55:10,2018-04-07 01:19:19,2018-04-16 23:28:36,2018-05-11 00:00:00
00f8fc0cb9d9b7813f1f54fbd75426f1,5fabfab95333c3c3641f4cd20f86a56e,delivered,2018-01-22 10:45:15,2018-01-22 14:16:52,2018-01-23 22:19:43,2018-02-02 01:02:38,2018-02-14 00:00:00
1cdc67161aa715aed86ab60be5ca8fef,dad584cca7b31bdbd93236182c9c9193,delivered,2017-10-28 00:03:46,2017-10-28 00:31:49,2017-10-31 18:41:59,2017-11-03 18:43:28,2017-12-11 00:00:00
c4d4442c9ecafb0e6611333eeefab2d5,2aca6da0c8282078f687a7f16994b2c6,delivered,2018-06-06 08:22:09,2018-06-06 09:11:15,2018-06-07 14:17:00,2018-06-11 17:22:12,2018-07-13 00:00:00
c945c6439d4fdc157441d7708ce0da9b,08d5ccde79e2c263c4b7bfea2d7e229c,delivered,2018-03-09 14:31:38,2018-03-09 15:10:38,2018-03-13 10:42:26,2018-03-19 20:02:28,2018-04-12 00:00:00
9879baaf933b4e1db31859e7118586b8,b39feda4f2e90009f91eca6052e7a807,delivered,2017-10-23 18:17:07,2017-10-26 10:07:42,2017-10-27 18:33:42,2017-11-03 13:35:09,2017-11-10 00:00:00
4e3c3f047dac33194b742b0627d04610,ec56aa1dd27414bc3995d48550973d64,delivered,2018-03-22 09:30:46,2018-03-23 02:15:56,2018-03-23 20:04:25,2018-04-04 21:04:26,2018-04-11 00:00:00
c5f9e30c93b97be929f41b676e11023b,5ecf2674a682ab735d6ab9208c683d48,delivered,2017-04-19 21:12:16,2017-04-24 23:33:10,2017-05-09 13:47:14,2017-05-19 15:55:49,2017-05-25 00:00:00
2ec585cc6e3630ad3ad3734da342e94e,bddbf44872024b7836e043ea43cf7721,delivered,2017-12-25 12:40:57,2017-12-25 12:52:19,2017-12-26 21:22:42,2017-12-29 21:29:07,2018-01-19 00:00:00
b650d7403dcbd0ea65de939ef388e69a,e826caec2782e3a3787294d13a77c2e8,delivered,2018-05-02 15:28:10,2018-05-02 16:18:52,2018-05-03 07:50:00,2018-05-10 11:49:08,2018-05-23 00:00:00
85111915ffa25daca9d9ebd027aca85b,03730c077a30dc8f5a02be8b1f5e3e7f,delivered,2017-11-24 12:13:21,2017-11-24 14:14:12,2017-11-27 19:12:32,2017-11-28 15:09:59,2017-12-08 00:00:00
794aed17c07925f8c6138132f58bacb0,608b235bb52e5e23510caaca87b207ae,delivered,2017-08-15 20:58:59,2017-08-15 23:04:22,2017-08-17 16:30:09,2017-08-28 20:49:58,2017-09-06 00:00:00
559d606ac642899e44550f194fec7e08,98916fd0f48baed7d643faee8961f56e,delivered,2018-02-06 12:16:55,2018-02-06 12:30:43,2018-02-15 20:19:40,2018-02-28 15:52:07,2018-04-02 00:00:00
7941d209e6cbcf0948afb5692536bb7c,8a22ead57ce5289b0a1667c54a8cde17,delivered,2018-07-05 16:40:15,2018-07-05 16:55:28,2018-07-06 10:07:00,2018-07-13 02:20:49,2018-07-27 00:00:00
af0035821f5e16644b287cbe0f6a92a9,989673e978a9791ee928fbf975f950e7,delivered,2018-02-21 15:47:42,2018-02-22 02:31:16,2018-02-23 00:42:14,2018-03-05 18:14:57,2018-03-21 00:00:00
95a0819142cb868109a4b84a410098f8,3a4896daf9f6ac7738330943dbb1b02a,delivered,2017-10-01 14:10:56,2017-10-01 14:24:17,2017-10-03 12:48:17,2017-10-09 20:05:31,2017-10-27 00:00:00
e05824bce3b3c69a0632e8e75b1a7e9f,4cc1a18dcb64f24b284b3243995340bf,delivered,2018-03-10 17:01:14,2018-03-10 17:10:29,2018-03-12 23:07:24,2018-03-28 19:38:33,2018-04-12 00:00:00
bd1a75149b4f3c4c2810386211835917,525c3f7c085645bbf6d28c15536e0da7,delivered,2017-11-30 09:36:34,2017-11-30 09:50:41,2017-12-13 19:16:41,2017-12-15 16:16:06,2018-01-05 00:00:00
05918cf24658c4ee3a67a684684305d3,9cc1ab706200b513b1940668dc1a206b,delivered,2018-05-30 11:58:32,2018-05-30 14:47:44,2018-06-01 14:41:00,2018-06-27 11:28:47,2018-07-12 00:00:00
953b30be6cd0f69c4339736550b2dc1c,a7f63fc7e159c61aef716577c3052bbb,delivered,2018-04-24 10:03:41,2018-04-25 03:51:18,2018-04-25 14:08:00,2018-05-03 17:16:28,2018-05-18 00:00:00
1223c56f3b550439e13b563ac0ae0d98,5baf0da772687f76fb0ee2f2f29595df,delivered,2018-01-16 13:15:13,2018-01-18 02:11:54,2018-01-18 16:37:39,2018-02-17 15:29:08,2018-02-14 00:00:00
be18a0f2c441f267ba796a97930c98c8,29df7dfb9d1fc51742c20e15388c1a3b,delivered,2017-08-09 09:24:56,2017-08-09 09:43:48,2017-08-10 18:57:30,2017-08-15 17:36:41,2017-08-31 00:00:00
1ad2e5e9d162ef3b6c99d6e19f589212,178522f1262113dcfd9deeb469864478,delivered,2017-03-24 22:23:14,2017-03-24 22:30:18,2017-03-27 10:49:09,2017-04-10 12:55:11,2017-04-26 00:00:00
789a3ab8255ec03e8e36907cf6d688b7,5a92f50e7db09b8a028d911136084659,delivered,2017-06-28 15:14:11,2017-06-28 15:25:11,2017-06-29 14:28:58,2017-07-06 12:51:44,2017-07-24 00:00:00
fbfa10bf164dfe834823b4a02cd0ae1c,f2c3ad2403328933c71e5f18282cd23c,delivered,2017-12-22 15:17:39,2017-12-22 15:34:35,2017-12-27 17:58:06,2018-01-09 14:36:16,2018-01-22 00:00:00
ce0a53468ddde09e79f73edba370ceec,be661c8beed58e228518d223a539700e,canceled,2018-02-08 16:39:22,2018-02-08 17:29:35,,,2018-03-08 00:00:00
9382670144e0f9cc51d3a834f9bfa1c3,ffc18c67e76fe18432856ef05b0b5edd,delivered,2017-08-12 16:25:03,2017-08-15 03:25:35,2017-08-16 14:19:55,2017-08-31 18:14:08,2017-09-08 00:00:00
955c8fbc85ca2cbd9a0cfe283624c915,31546615dfbe77a0bd8de97d6186d031,delivered,2017-11-28 09:37:41,2017-11-28 11:31:23,2017-12-04 21:03:25,2017-12-21 20:07:06,2017-12-21 00:00:00
92623cbeebb84cd7423fac6254b414bd,1e513734991365b937e84ef80d4c7b5e,delivered,2017-11-24 08:10:23,2017-11-24 08:31:19,2017-12-01 03:06:58,2017-12-11 17:52:00,2017-12-15 00:00:00
6e089ddde2c178b6b61fcdda22c9e84e,ce73c680985391372a7b4c9688a1add4,shipped,2017-06-15 11:10:41,2017-06-16 11:10:20,2017-06-22 08:44:11,,2017-07-24 00:00:00
ef15d66d90c1b63dbf3f672d67eb3a50,f909d1f1d804fcf266acd8b68eb25264,delivered,2017-06-23 21:48:24,2017-06-23 22:03:25,2017-06-27 09:41:59,2017-06-30 14:10:09,2017-07-06 00:00:00
9125562ef8d65ae1d7443c3d64d4a810,2186e05589fb7bdf450cdb18696915c0,delivered,2018-07-22 20:02:43,2018-07-23 12:32:04,2018-07-23 14:57:00,2018-07-25 17:58:38,2018-08-09 00:00:00
689dcb65c9cc37f74d83b547261117f0,9cff91a0f964e7ce2aeefc58df39d4e3,delivered,2018-08-07 22:44:38,2018-08-07 23:05:05,2018-08-08 13:50:00,2018-08-13 23:58:52,2018-08-17 00:00:00
d29ae0621668d3103fb590b63560b9e0,5a6b469e735b05a0c8fb23c6ba5165eb,delivered,2017-07-03 11:16:13,2017-07-04 11:24:07,2017-07-04 16:08:52,2017-07-14 11:59:19,2017-07-31 00:00:00
58f78889d519f0f0e53677426ce13bb2,8b93c3f8505c72808c12c3a6157a3396,delivered,2017-12-12 21:06:16,2017-12-12 21:16:27,2017-12-14 01:42:46,2017-12-30 14:42:30,2018-01-05 00:00:00
146d78b044ffaf06c38faf05f58e2c57,ea55a2936f9db506d84bca335a6832b2,delivered,2018-02-13 18:48:44,2018-02-14 18:47:59,2018-02-15 22:23:55,2018-03-11 13:46:49,2018-03-12 00:00:00
af665fdb65698c6161b3f5ab956f3d2e,b9c4099472a5bef7382467618860c204,delivered,2017-08-09 20:19:25,2017-08-10 12:50:17,2017-08-15 18:17:47,2017-08-18 18:59:54,2017-09-04 00:00:00
f27cc61c27c26b63dd0b279bb9c29ed6,9f560950a10f36b4329feab6e7504530,delivered,2018-08-27 13:59:44,2018-08-27 14:10:32,2018-08-28 10:25:00,2018-08-30 00:03:32,2018-09-12 00:00:00
94e9d4fb987019517b0aac56db0ae735,0fb55518436111358f550b10bfe4e180,delivered,2017-12-01 14:46:09,2017-12-05 04:12:25,2017-12-06 22:48:36,2017-12-14 20:33:22,2018-01-03 00:00:00
102e0d3cfdd667c3bdc41494ecbf6db5,2b711ff86498779615aaa02c06e022f7,delivered,2017-03-28 18:48:20,2017-03-30 02:10:17,2017-03-31 19:23:31,2017-04-06 13:07:44,2017-04-17 00:00:00
f93c284c30e466bf61eeac67b49f1c7f,dc07131f2ce18145a1ea6017d9101a33,delivered,2018-02-25 06:42:40,2018-02-25 06:55:23,2018-02-28 23:44:31,2018-03-10 13:48:44,2018-03-21 00:00:00
24257d104a3908bfd7b8bc9f6e1a2039,9957ecb94949e7bdbdf431e5d1388543,delivered,2017-08-03 20:07:27,2017-08-05 03:03:45,2017-08-09 17:52:51,2017-08-17 20:06:11,2017-08-29 00:00:00
c74bd07279ff9071da02e33f07e77bed,029bbe8fe01cef398cb57f8994dc7fc7,delivered,2017-04-27 23:52:44,2017-04-28 11:45:30,2017-04-28 14:06:52,2017-05-12 18:17:43,2017-05-30 00:00:00
bfee9744244eb372bb465abe96603083,b9adc12ef366185c49b6e5f1429ae194,delivered,2018-05-13 17:56:45,2018-05-13 18:13:27,2018-05-14 14:25:00,2018-05-18 19:58:48,2018-06-08 00:00:00
3c784c52abcec93d0e21c36b169ac4e0,7823a69f433236a24447c81e334e0d02,delivered,2017-07-29 18:58:46,2017-07-29 19:10:23,2017-08-01 18:22:19,2017-08-02 20:42:14,2017-08-11 00:00:00
b48ac51be3a49fb7eeaec899f9841944,9d6125d1be1aede626436f1fda0dee42,delivered,2018-03-20 13:36:16,2018-03-20 13:50:20,2018-03-21 18:48:48,2018-03-22 20:42:08,2018-04-03 00:00:00
f698a227c98dd9263f510f1cbdda7985,ce990e6331cacfbe30d267a2f847276a,delivered,2017-11-19 14:34:44,2017-11-19 14:46:42,2017-11-20 22:27:35,2017-11-28 21:22:37,2017-12-11 00:00:00
9b05e5be44c83c64626fb21d4bba7118,41c3397f98f68a96ed458e8db47782e5,delivered,2017-11-13 16:12:04,2017-11-13 16:31:44,2017-11-14 23:16:48,2017-11-20 14:51:31,2017-12-04 00:00:00
2bf48cd42176ebf444935297411d7a2f,99ee18b52fa16e29f2ba296b47e956cb,delivered,2018-05-07 19:44:21,2018-05-07 19:55:20,2018-05-08 12:15:00,2018-05-09 09:54:33,2018-05-17 00:00:00
9d6d24901312270cc156d8e7639267cf,53397b53bdbec84e7e45cc15c9a2e2f4,delivered,2017-05-19 04:16:19,2017-05-20 04:10:08,2017-05-23 08:39:59,2017-05-31 18:14:10,2017-06-12 00:00:00
5098912c7ec347ac3b40a75fd288e440,9047078e540bb787e7b270d99d22bd13,delivered,2018-01-27 15:24:10,2018-01-27 15:33:21,2018-01-29 20:32:29,2018-02-01 00:22:36,2018-02-23 00:00:00
5ddfffa95cf4bfa61a2ffa97f3dab85f,9416fd574eecfbb1d043759c93c70b7c,delivered,2018-01-16 16:08:48,2018-01-16 16:15:32,2018-01-22 22:22:02,2018-01-23 19:19:00,2018-01-31 00:00:00
b611ee40234d33164f41836bfb9d4d79,e819a5c8bf865a92a9f0d96f07962abe,delivered,2017-05-24 14:09:09,2017-05-26 02:30:20,2017-05-29 11:23:44,2017-06-02 14:52:32,2017-06-13 00:00:00
fefbe15ebcd87ab3fb8577e635a8b31c,d3b38af3b96edca0fb37ce0da53bfd3c,delivered,2018-03-08 21:11:34,2018-03-08 21:28:16,2018-03-19 19:11:47,2018-03-20 20:14:01,2018-03-20 00:00:00
095a4047965f98a409258e1db6c99e79,b8c900c65077ca9accd2e1132f863220,delivered,2018-08-07 23:10:59,2018-08-09 06:45:08,2018-08-09 12:19:00,2018-08-14 21:21:22,2018-08-28 00:00:00
debf5eca5bc6420c20d46ad2ea4b5652,55cb67c0a97a3546597db81166b8402a,delivered,2017-05-18 07:52:01,2017-05-19 02:25:10,2017-05-24 12:52:23,2017-05-31 07:47:54,2017-06-09 00:00:00
972f5a89813198a05f8dd4463d82f3fc,50c7d896c15275b96cca5fc50866500b,delivered,2017-05-14 18:35:12,2017-05-14 18:45:18,2017-05-16 10:52:47,2017-05-23 12:45:29,2017-06-02 00:00:00
c9f82228090c2fa7709d20648f66e84f,3476d1493473d35c8248360967722adf,delivered,2017-02-24 15:16:21,2017-02-24 15:30:16,2017-03-03 18:54:05,2017-03-08 07:12:51,2017-03-17 00:00:00
0a8c0b59c2efaacc405838782a56c156,c2c1f9265c1a47f99b792656ae38ea54,delivered,2017-07-28 22:17:19,2017-07-28 22:30:19,2017-07-31 16:43:04,2017-08-05 13:47:41,2017-08-17 00:00:00
ca1a5d05634323c6aa39defe3db5c99f,33bbc1b15aa9d39bd8c8b65f8ff0050c,delivered,2018-01-25 12:48:59,2018-01-26 13:58:26,2018-01-30 16:38:03,2018-01-31 14:54:41,2018-02-15 00:00:00
af5cffe944c6ccd279106fe319875807,3c714847e3cf0a0223dd797f3a9cce9c,delivered,2017-05-24 22:30:25,2017-05-26 02:42:42,2017-05-26 10:08:59,2017-06-03 06:57:52,2017-06-16 00:00:00
6e84c551c9c07b3b8b97fd837d7fb548,f5b3ab09374c3d1b4ee41ee820225523,delivered,2018-01-15 16:42:32,2018-01-15 16:53:26,2018-01-19 01:03:30,2018-01-23 15:57:53,2018-02-06 00:00:00
b19b0d1dcf07ad7d58c75f45e9744ba5,a82f6be105b531c8ca1969433f75a8ff,delivered,2017-10-04 11:14:40,2017-10-04 11:28:19,2017-10-09 19:46:44,2017-10-14 15:33:28,2017-10-23 00:00:00
cd323a618a599ad1cedaeb75d1d5b8fd,f68bb3a77af642b3618a3a67fa542e47,delivered,2018-02-10 12:33:00,2018-02-10 12:48:04,2018-02-14 21:33:25,2018-02-20 22:08:50,2018-03-08 00:00:00
6a9b40f0d032cca800165b175b0c6ea0,582e131cdcea2b7111187b649507c4a7,delivered,2018-04-30 20:31:36,2018-05-01 03:15:10,2018-05-02 13:28:00,2018-05-08 18:34:21,2018-05-17 00:00:00
a17e67cf367982680aa3ace732869610,95a0c341250ca779053c415545ec2d02,delivered,2018-02-01 15:57:59,2018-02-01 16:15:23,2018-02-02 20:18:50,2018-02-20 20:28:37,2018-03-01 00:00:00
7fc809c604a87ada4f484b5c0d0f2abc,a1b9e0e44dbb043645cd14b00849a705,delivered,2017-12-27 12:10:16,2017-12-27 12:18:23,2017-12-28 19:39:22,2018-01-03 17:53:24,2018-01-24 00:00:00
2928aa9673f513fc88b34511dcc6e005,90809c53d3918301ed947a0af65043b0,delivered,2018-01-29 10:14:09,2018-01-29 10:39:08,2018-02-01 01:13:15,2018-02-16 18:28:57,2018-02-21 00:00:00
5b5494339d3f8ae69e5527c481c75f80,4765067ce1c6bbfe4e97362bc9c7af53,delivered,2018-08-14 01:00:24,2018-08-14 01:15:10,2018-08-21 08:10:00,2018-08-22 16:56:41,2018-08-21 00:00:00
2e320ab86de835aa42cf9e69f54f9380,6bb8f8549532be3e4fc1df6f7b281ed9,delivered,2017-11-18 19:50:31,2017-11-18 20:07:24,2017-11-22 15:42:21,2017-11-26 17:09:43,2017-12-11 00:00:00
364ced4c215dfadfacf5ee28844f4c83,549dc007a724ed911d3dd15410a54618,delivered,2017-07-31 16:50:07,2017-07-31 17:03:32,2017-08-09 20:32:35,2017-08-14 19:39:58,2017-08-30 00:00:00
16b1ede10202dd1e72ae0f96b35d08fb,2da1a598d5edcf718a3c75908f7c4a4a,delivered,2017-03-15 19:57:50,2017-03-15 19:57:50,2017-03-20 08:48:51,2017-03-27 14:44:01,2017-04-05 00:00:00
7743e2bae1581bacb82f160d1c69a54c,9668028f2497288e1655e5d073490c6a,delivered,2017-10-29 00:15:35,2017-10-29 00:26:35,2017-10-30 17:52:11,2017-11-18 14:05:48,2017-11-23 00:00:00
d186bb303793c5c807a392fbd08e88f6,b9b2aad89859ca1b04125624f2a22395,delivered,2018-08-05 06:05:40,2018-08-06 06:04:21,2018-08-06 12:06:00,2018-08-07 19:22:44,2018-08-16 00:00:00
259cf2ac40cdcd26dbc85df0c2bfa7ae,d3e55b0b841099abcce7e740851b2c57,delivered,2018-05-17 16:38:03,2018-05-18 00:14:48,2018-05-18 16:09:00,2018-05-22 19:51:37,2018-05-25 00:00:00
ecab7448f4b42657c66bc603971693c1,74b72861a67b91be7b5c8c216b32cb7a,delivered,2018-05-29 16:25:47,2018-05-30 02:32:01,2018-06-05 13:56:00,2018-06-06 20:22:47,2018-07-16 00:00:00
79a68130386b697623d584437942d0b5,d7bb9fc2cd7917c7ba0ac4964bf7deb9,delivered,2017-11-09 09:13:24,2017-11-11 03:10:28,2017-11-16 16:28:46,2017-11-28 22:16:56,2017-12-11 00:00:00
257a0d5445d4ae131816384009fbb954,067ddd62f5d7b69af563df60ee698b5a,delivered,2018-07-25 10:24:29,2018-07-25 10:35:20,2018-08-01 16:08:00,2018-08-07 00:41:31,2018-08-14 00:00:00
c67116229cd448d051b19b4999e2fffe,33c6f3679b135d420fd89bd54a8a7710,delivered,2017-11-27 19:30:54,2017-11-27 19:39:47,2017-11-28 17:51:39,2017-12-04 23:53:04,2017-12-20 00:00:00
5c55ef550d5ff75bae4c1473c8dd06a5,e0b0d01891fea74e10eaa315c127bf02,delivered,2017-02-19 23:32:43,2017-02-21 05:09:24,2017-02-24 07:27:02,2017-03-07 10:09:25,2017-03-21 00:00:00
7f56220583170a9a779f55e555e7e986,d244114bc82b1db0b226afa94c736914,delivered,2017-09-06 07:36:35,2017-09-06 10:36:37,2017-09-06 18:07:50,2017-09-14 18:55:57,2017-09-26 00:00:00
e39cc0368ca2a9ce8244880519c3b2ad,d98bf734145386e62f72080c11e3cdc2,delivered,2018-03-08 07:19:31,2018-03-09 02:31:09,2018-03-12 23:28:49,2018-03-21 17:46:32,2018-03-20 00:00:00
833f09ddce6adfd6267b23534b9a7541,cee0e3a92a593e11d4a08ac4c9ca0337,delivered,2018-04-04 22:19:10,2018-04-04 22:30:24,2018-04-07 01:18:01,2018-04-14 17:38:31,2018-05-10 00:00:00
1b4fa94977b3370291611e53694a6918,5f7fea0fb833f457217acf62b30f1972,delivered,2017-11-14 13:53:50,2017-11-14 14:07:17,2017-11-17 11:08:49,2017-11-30 19:21:17,2017-12-05 00:00:00
9f7474d5eab299f291d474286d5272ca,3a016e989132441719e7daa7970643ba,delivered,2018-04-21 20:34:52,2018-04-24 18:40:36,2018-04-23 23:12:34,2018-04-27 17:18:50,2018-05-22 00:00:00
e14ff08a4c4bd0fb4ac0edeb17f47d5c,3061eb40f0271a2795e05c2a28f0d9db,delivered,2018-08-14 07:18:56,2018-08-15 03:10:25,2018-08-27 13:37:00,2018-08-28 19:15:31,2018-08-28 00:00:00
e2fcc0343a77288cc6461dbf325986bd,e3ccd4c338e99b1166181ff01f856491,delivered,2018-04-17 12:53:20,2018-04-19 02:51:12,2018-04-19 20:24:54,2018-04-24 19:11:29,2018-05-10 00:00:00
7184582cfaaf35d73ad28fa85b7d8cd7,cfd2d7916f9af079a05272057ee74925,delivered,2018-05-31 22:47:33,2018-06-02 03:31:46,2018-06-05 11:06:00,2018-06-12 10:52:37,2018-07-12 00:00:00
93ee9cb7db8225691be98c521eac1e28,b9d52ad17ca3a9b3a1b97f8ca19ad4a1,delivered,2017-07-28 12:19:51,2017-07-28 12:30:21,2017-08-04 18:39:29,2017-08-07 19:39:56,2017-08-17 00:00:00
38cea9cee434d8caeca46e5b63002eb7,ec6d1c47a1379676c35d01d521674530,delivered,2018-08-01 09:27:23,2018-08-02 03:05:18,2018-08-10 12:06:00,2018-08-17 20:21:46,2018-08-30 00:00:00
32c9679b14183d04c1ffea3f6e5ae12e,ddf11cd7c5aa41d78e97d674cfa535bf,delivered,2017-03-21 20:23:26,2017-03-26 23:32:33,2017-03-30 13:23:46,2017-04-06 07:27:47,2017-04-11 00:00:00
9241b8242fcfa16437e5eb1136ff9d1e,70ff28da691fcd6722d037a4eeee3bd6,delivered,2018-03-20 09:52:42,2018-03-20 10:08:09,2018-03-22 20:17:30,2018-03-29 21:16:41,2018-04-13 00:00:00
eb7ac481803eb5bc5b7cfe431a03d39a,70a8cfb1730fd53e5c15f2a62e1e5448,delivered,2017-09-13 21:41:43,2017-09-13 21:55:11,2017-09-14 16:54:04,2017-09-15 19:36:35,2017-09-25 00:00:00
28bc142035cc9a8ee9aa0288221ee056,e0928cc529468dafa064634aa8de9756,delivered,2017-09-26 14:04:17,2017-09-26 14:25:42,2017-09-27 19:58:04,2017-10-02 13:12:43,2017-10-18 00:00:00
12c9b99637fcd911992b818793dfe8cc,4aceaefa6ec7bde59742df9ae8dd479e,delivered,2017-11-24 13:50:00,2017-11-24 15:55:17,2017-12-13 01:38:45,2017-12-26 23:49:51,2017-12-15 00:00:00
bd5606a905192a45bc5f0b75a4e66c30,1969056fcbd2327c0071143fa2bed65d,delivered,2017-08-28 10:00:27,2017-08-29 04:51:07,2017-08-29 14:15:12,2017-09-01 22:53:38,2017-09-19 00:00:00
e9b51b55b60f8de82106bf9f1470c801,73c26315a261beff993de96116b6d605,delivered,2018-07-10 16:24:21,2018-07-10 16:35:18,2018-07-11 11:30:00,2018-07-16 15:03:32,2018-07-30 00:00:00
ab34db6c283d8f91f11773a52711c317,fc09a873aa71b2e8e25f65711da23938,delivered,2018-08-10 15:02:34,2018-08-10 15:10:19,2018-08-15 14:22:00,2018-08-16 21:12:09,2018-08-21 00:00:00
cba1cb073e8cf5375b9f786704de8e80,e8cb217e9848f5420e452795bd548e70,delivered,2017-01-30 17:09:28,2017-02-01 04:36:29,2017-02-02 14:15:52,2017-02-09 10:50:00,2017-03-17 00:00:00
c2ec4601c71af45d10781c0d50d98d63,475e7eabe4398e4bc39730cc7d5285a1,delivered,2017-09-23 20:52:51,2017-09-23 21:05:17,2017-10-02 22:44:00,2017-10-06 19:33:57,2017-10-17 00:00:00
c977e225ec57bdeb592c91bacf0f2897,1baccb2aaff20dbf456eef75d7b87b93,delivered,2017-09-15 14:13:05,2017-09-16 03:04:51,2017-09-18 15:10:49,2017-09-19 17:23:45,2017-09-27 00:00:00
fe68d8f20f2d6e9d702a74d3bfa9c4fa,e05c40ec07328a784f3105f987d8fd88,shipped,2018-03-28 08:00:41,2018-03-28 08:15:16,2018-03-28 20:28:44,,2018-04-19 00:00:00
4a39a614e7c288237aa03883c20965db,e7272207671135423f7d023f6a388500,delivered,2018-06-25 18:45:07,2018-06-25 19:13:22,2018-06-28 09:00:00,2018-07-03 18:34:12,2018-07-17 00:00:00
7729e4f24027d10a411f2ca08df03327,094deb5213c87322748379ec26ebd971,delivered,2017-07-13 21:08:56,2017-07-13 21:24:27,2017-07-14 13:26:00,2017-07-20 14:35:54,2017-08-02 00:00:00
a60ea8fd020bfa5f5bf961965d429930,63437202780cea8a0d79dc2bb0803241,delivered,2017-08-29 21:57:02,2017-08-29 22:10:17,2017-08-30 22:12:36,2017-09-11 13:10:35,2017-09-25 00:00:00
ac1a22ecf24fddae696bfdcda7c2cd61,24f8c06607e71be236bfd3f6752a7435,delivered,2017-11-12 09:50:22,2017-11-14 04:06:49,2017-11-14 23:38:54,2017-11-23 20:29:10,2017-12-01 00:00:00
634b23a2605ffee9c26d543cf504e17e,d798f646e35028ba7dc770452f208210,delivered,2018-03-18 10:52:38,2018-03-18 11:08:38,2018-03-20 20:24:41,2018-03-29 16:31:56,2018-04-05 00:00:00
45cac4320420da8cf4dac44accae079a,032dcdab0638781f8a5f9d8da7f9fc1c,delivered,2018-07-18 15:14:05,2018-07-18 16:15:24,2018-07-19 12:51:00,2018-07-31 21:05:18,2018-08-13 00:00:00
669833f6af7254475316c8960bf742fc,a1e0ece6d8ce34235b8f5e3dc7a8e69f,delivered,2018-06-19 23:00:45,2018-06-21 03:17:33,2018-06-22 14:26:00,2018-07-03 21:41:48,2018-07-13 00:00:00
2e3258f81be08e497abb202cef0c0303,2b52fe2c8577aa99f7dadca0efbaafaa,delivered,2018-03-01 08:11:25,2018-03-01 08:48:25,2018-03-02 21:35:28,2018-03-12 23:26:38,2018-03-19 00:00:00
88b36969638ed8c7af9be0f985d142d1,71e684ecb0ef00675d5e102bfbd61ddc,delivered,2017-10-24 15:04:00,2017-10-26 03:08:27,2017-10-26 20:16:43,2017-10-27 16:22:13,2017-11-06 00:00:00
6295deb0648081b2c69f620033fadc33,55b0a777baab080147369bfa492dbaf6,delivered,2018-08-12 15:19:06,2018-08-12 15:30:20,2018-08-14 12:24:00,2018-08-17 19:28:40,2018-08-22 00:00:00
ab2bbb9188a3ad23926472cabceb9d4d,d1b7642a6ea8e5dd0f5c4e9f6e147bd4,delivered,2018-03-11 21:44:22,2018-03-11 21:55:35,2018-03-16 16:08:46,2018-03-22 17:42:06,2018-04-10 00:00:00
ae22bdc244206a1adac2358b09ad3ab0,546d06c8790d8835a3691951da4ef54e,delivered,2018-07-20 23:01:59,2018-07-20 23:15:11,2018-07-24 10:28:00,2018-07-30 21:22:46,2018-08-24 00:00:00
0fe7baa563ee6fb8c28c9ae1468c7d43,ef87221bf046248dea3538dfaceff8dd,delivered,2017-11-28 17:11:13,2017-11-28 17:19:21,2017-11-29 19:38:44,2017-12-01 21:06:44,2017-12-12 00:00:00
a52ab867913cfacc39720bdaf94b7946,bfa7a7375c91a861014ebaea0702bb18,delivered,2018-03-11 10:30:31,2018-03-11 10:48:56,2018-03-12 19:07:02,2018-03-21 22:36:45,2018-03-28 00:00:00
08bf75dcf867b9f13026785053e87052,f78e8d1d24e5a4f1b1219e6ae1416aca,delivered,2017-08-15 07:55:36,2017-08-15 08:05:24,2017-08-18 20:42:58,2017-08-31 16:59:59,2017-09-08 00:00:00
09bfed54145e573d48e1685dcf11fb6c,1353a896c273c4c9727e6c65601de865,delivered,2018-04-16 10:31:20,2018-04-17 05:50:51,2018-04-17 19:06:25,2018-05-07 19:58:33,2018-06-04 00:00:00
8124e0a6295df5f9ce4377ca0a8e0c18,6e14fc1f239d4384a91b043639b2e3b7,processing,2018-05-08 15:27:57,2018-05-09 17:36:39,,,2018-06-05 00:00:00
9582525f4356350d097a44d90372e024,f488a45102f975164cf01224932be323,delivered,2017-07-13 21:02:18,2017-07-13 21:15:32,2017-07-21 19:59:29,2017-07-27 18:53:30,2017-08-08 00:00:00
fb8b96cba85572e4fbdaedd04f44fdb6,ec5b500159fbf4029de1759b1cf1e0b0,delivered,2017-07-22 10:23:10,2017-07-22 10:35:11,2017-07-24 19:17:43,2017-07-26 17:49:30,2017-09-01 00:00:00
01c1644529b18608f086d2ff0f3b8181,3c90bb0fba16e889f898e2da1df5fb32,delivered,2018-06-23 09:55:44,2018-06-26 05:12:58,2018-06-26 14:25:00,2018-07-05 20:24:21,2018-08-01 00:00:00
f8cc09140951893d329b6f1bb9106ab3,9414fbaeb018e9d39ecb77ff898aedf0,delivered,2018-08-21 11:15:35,2018-08-21 11:32:10,2018-08-21 16:12:00,2018-08-23 23:45:30,2018-08-30 00:00:00
0517a3e68dac3308995edca2144db36e,17b05621a4b0481d008669e0a474b984,delivered,2018-04-26 18:53:02,2018-04-26 19:11:40,2018-04-30 06:23:00,2018-06-09 01:39:53,2018-06-01 00:00:00
68b702d14874f15452c6b09eefe17ed2,0ddced8bd93128a018d52ee7d32bfa2e,delivered,2018-08-08 11:42:44,2018-08-08 11:55:16,2018-08-09 12:37:00,2018-08-27 18:03:26,2018-08-31 00:00:00
801cef5186265455233814aeb19bec4d,8f668d1f24af02cc9f89b1348b473042,delivered,2018-01-08 16:23:03,2018-01-08 16:29:25,2018-01-09 20:53:58,2018-01-22 16:28:54,2018-02-06 00:00:00
fb3ea316744c112147796dcd168a18f3,19025a4f7898d7c5bf0613959e831719,delivered,2018-08-15 12:18:05,2018-08-15 12:30:17,2018-08-16 20:00:00,2018-08-18 03:03:36,2018-08-20 00:00:00
9c43b12ecec2272d35dcbec5a8b833e1,e3253d6b55a81d4afc3b3ccfa71d336c,delivered,2017-11-09 12:17:48,2017-11-10 12:10:34,2017-11-14 20:21:26,2017-11-22 17:47:49,2017-12-05 00:00:00
c3a4a4d55ef55a85bedb1493ba5f6b30,0a807f350a7bd316e9f76ee5382f16d3,delivered,2017-07-20 13:09:35,2017-07-20 13:43:31,2017-07-24 14:13:19,2017-08-01 14:23:55,2017-08-14 00:00:00
68a3f6a339f98376fcc5983976802006,95be6558ef5d788291a4bfa88cb96b9b,delivered,2018-06-13 12:09:56,2018-06-13 12:37:11,2018-06-25 14:16:00,2018-06-29 13:18:37,2018-07-03 00:00:00
dedbecf3e315db42fb3c7437a18b12f9,aa0fdb919d596650d0ed20342912d61b,delivered,2017-09-22 11:32:20,2017-09-23 02:25:10,2017-09-27 18:38:18,2017-10-04 18:33:34,2017-10-19 00:00:00
1fe9c69cd9c7f861766b5fc17ba3102d,bb20f6ab26011e4a1ad2f6ce5ae40803,delivered,2017-11-16 13:04:24,2017-11-16 13:15:56,2017-11-16 21:34:32,2017-11-28 00:42:46,2017-12-07 00:00:00
bc2b2f5f5aad2762906c62abe09d5677,8c591cc5614f1f31c28256ccdd155d44,delivered,2017-09-19 17:18:49,2017-09-19 17:30:23,2017-09-21 19:02:39,2017-09-25 20:15:35,2017-10-13 00:00:00
772b70d3a8f138f49a2d39a138dd7e76,b8cf89e77c8da2d4b77195a00de40ce7,delivered,2017-05-06 15:43:19,2017-05-06 15:55:19,2017-05-09 10:16:47,2017-05-15 08:45:45,2017-06-12 00:00:00
98c78522be2bccf4c3948451a1c463f8,7ab374a2594bb7064ca8a34918267d52,delivered,2017-06-07 16:34:47,2017-06-09 02:50:20,2017-06-09 12:42:47,2017-06-17 11:39:37,2017-06-21 00:00:00
a7ecb6cd7ccbea584ec3f96ecc6fc8b1,a53aad9dffb6d554e7f8356c2017baa4,delivered,2018-01-14 17:18:57,2018-01-14 17:29:19,2018-01-16 21:10:13,2018-01-17 23:22:26,2018-01-30 00:00:00
8ad33f5d86f59bcd9ba668dc2f9eeb71,7584c12ee721a77c8ec018392acfde72,delivered,2018-06-20 19:21:04,2018-06-20 19:40:00,2018-06-21 12:20:00,2018-06-26 15:28:48,2018-07-12 00:00:00
174118fa0e1dc8d43eaea511a68402e0,f212ed32824070dc30651f0bbba90b9b,invoiced,2017-10-25 17:17:47,2017-10-25 17:28:24,,,2017-11-07 00:00:00
7a485479dbdf94502e471dbd3329a4e4,07193e2fc8e6b8a63e6c080a3cff4d89,delivered,2018-08-10 17:09:27,2018-08-10 17:25:14,2018-08-21 14:07:00,2018-08-27 22:06:31,2018-09-04 00:00:00
61877f26b314bbf4aef8f12f4cf0ed7e,82c039fbaec6d8e716dac79611cd8a1c,delivered,2017-10-05 15:13:49,2017-10-05 15:28:20,2017-11-11 13:38:41,2017-11-17 17:06:25,2017-11-23 00:00:00
95f55726bc4e323e44e57778ca84c0b5,fb5cd7daf353a08b6910dcf42312dbc5,delivered,2018-04-11 11:29:40,2018-04-12 05:11:25,2018-04-13 19:44:43,2018-04-23 17:29:33,2018-05-15 00:00:00
7fc9cfbe25b5e0d747a0b4ca5678aaf3,fda906ebb2234e1b3759767055e1dc89,delivered,2018-03-24 20:39:37,2018-03-25 20:35:30,2018-03-27 02:08:55,2018-04-05 00:44:24,2018-04-19 00:00:00
cb60e1bd4be02e75af4e863c3c0fa773,21b9c54c392e4c52b31959b997305854,delivered,2017-12-16 10:04:39,2017-12-16 10:13:58,2017-12-19 22:32:15,2017-12-26 18:09:07,2018-01-15 00:00:00
762a9cdd2e3fd387578659ea47e850b6,9cf88d553b860a3cbdad76814ae164c4,delivered,2017-12-22 18:25:26,2017-12-22 18:35:25,2017-12-26 17:48:12,2018-01-09 17:03:07,2018-01-23 00:00:00
9f0435827aaddad9ab9f562a39c408d4,968d5df915ac5a7c63d038e4d3f79cd3,delivered,2017-07-07 18:28:00,2017-07-07 18:42:48,2017-07-10 18:46:02,2017-07-11 17:30:43,2017-07-20 00:00:00
c91b29576f970b27d90f5b214c88283f,b63e53723f8097a3d3be4bc3409dd25f,delivered,2017-12-01 10:46:18,2017-12-01 12:31:34,2017-12-04 20:22:53,2017-12-12 18:58:31,2017-12-29 00:00:00
a6d1a3603743294fba96635ebe821f46,a9e3e8c9bc92971efa22c70808ac8f68,delivered,2017-12-13 08:16:52,2017-12-13 08:30:32,2017-12-14 19:16:52,2017-12-18 22:32:49,2018-01-02 00:00:00
a84212c880e5635e2a0888ba25c027c7,c9f3088ce9c367359bf7c688da45a639,unavailable,2018-05-11 15:25:59,2018-05-11 15:38:11,,,2018-05-24 00:00:00
eeb03bd554e175a6c6ae5cdc2e86d841,8a36595aba7172250fc75470b725403b,delivered,2017-10-08 17:55:05,2017-10-08 18:30:36,2017-10-10 20:52:11,2017-10-13 17:22:58,2017-10-31 00:00:00
661bc0198982e2fb378b0075ac1e5ae7,86d4962297b13e304b5cb120c310c49e,delivered,2018-01-11 21:07:25,2018-01-12 02:33:40,2018-01-16 18:03:25,2018-01-25 19:22:50,2018-02-08 00:00:00
8457694c62d5fbc1a63f67ce1a554cb2,3974a6bc5940a75b412517171f7b3255,delivered,2018-04-03 18:04:01,2018-04-03 18:29:52,2018-04-05 16:12:09,2018-04-09 22:46:36,2018-04-24 00:00:00
9d364f50124ed8e149404dfd3908ac02,520bf65b8e69b74026243f7cc720c312,delivered,2017-02-08 19:59:58,2017-02-10 02:50:17,2017-02-22 17:09:02,2017-02-24 15:32:24,2017-03-22 00:00:00
e05c70b1a907c3b1dd902acddb66b5ea,829b7869b909fc2d90a6a3cd7b94f3b5,delivered,2018-06-22 14:30:06,2018-06-22 14:59:52,2018-06-25 13:54:00,2018-06-29 18:32:20,2018-08-02 00:00:00
940018724d5c0c1847f642dc1d8d0ea2,f0c28fc86c8f71812a74ea225c8fda1c,unavailable,2018-04-19 14:23:49,2018-04-19 14:35:41,,,2018-04-27 00:00:00
02725851051698269253f0823e7824b6,24b77bdd27f5e6aea7149886b72286ec,delivered,2017-09-04 21:54:22,2017-09-04 22:05:43,2017-09-05 18:34:19,2017-09-08 15:26:30,2017-09-15 00:00:00
b04bd4e0a1a21fef81b1f24f6fb81c08,bbf83aabda305a5ac059e05b342076a0,delivered,2016-10-10 18:05:54,2016-10-11 05:03:09,2016-10-15 05:03:18,2016-10-21 10:31:00,2016-11-30 00:00:00
2bc76dc101f9fa63d195e341cd11a649,0c3f7c99a73c83fdf43aa51186a7b012,canceled,2018-02-22 17:09:58,2018-02-22 17:28:45,,,2018-03-12 00:00:00
fa534840c9b5b3a7052a37a863ea1790,d14fd2f32ddd1cab26e66bbd544bd17a,delivered,2018-01-25 19:44:58,2018-01-27 02:41:28,2018-02-02 16:42:33,2018-02-04 19:05:58,2018-02-22 00:00:00
972e7938b32b93b78bf5faf4358ad5fe,bb8edaaa3e1c1233e6c0c2692676c0a3,shipped,2018-07-24 01:35:56,2018-07-24 21:05:23,2018-07-25 11:51:00,,2018-08-14 00:00:00
20abfea01c11807c1338e40792ca2db0,661fec13005e862027ee8bc7a76da0c2,delivered,2018-01-10 23:47:38,2018-01-11 23:47:10,2018-01-13 00:28:14,2018-01-22 21:47:54,2018-02-15 00:00:00
547468fc947589458c1e3694e67b0341,5034fc24d376afb527493b6f6340bcb0,delivered,2018-02-26 14:49:52,2018-02-26 15:41:15,2018-03-01 22:46:56,2018-03-08 20:38:35,2018-03-21 00:00:00
ce9f7444804995c448736c30b7072add,6c53bdf21834cdc653478cb386a92f0e,delivered,2018-04-25 07:38:16,2018-04-25 07:51:20,2018-04-30 14:15:00,2018-05-16 19:06:09,2018-05-25 00:00:00
32ddbd4844f4963945fcecc9129d6fb8,7ca7e870cbd90048eba3ab92584137b5,delivered,2018-08-22 11:54:29,2018-08-22 12:05:24,2018-08-24 14:59:00,2018-08-30 18:18:32,2018-09-10 00:00:00
5936701d9c981d5c0798f06e95e278b4,9a47578c78d75440172d1a7756850868,delivered,2017-06-22 20:02:58,2017-06-22 20:10:21,2017-06-23 13:05:46,2017-07-07 19:07:59,2017-07-14 00:00:00
afc7e369fb66c82c25a30bf9f1958e21,89340e86033855c57afc47ba2d31679b,delivered,2017-09-12 08:47:04,2017-09-13 03:36:06,2017-09-14 22:15:47,2017-09-19 12:14:49,2017-10-04 00:00:00
86d0ef425e0811afd544b52543fb4152,6bf76c69e625cc78ab262b22e6cddeff,delivered,2017-11-23 16:22:37,2017-11-23 16:33:20,2017-11-30 20:36:36,2017-12-18 18:23:48,2017-12-18 00:00:00
c534d23a6f5c3e0eb5aca558915d4a81,aea480663063ea96167592d2ca91dae6,delivered,2018-02-01 08:26:19,2018-02-01 08:50:54,2018-02-02 01:59:36,2018-02-14 17:46:41,2018-03-02 00:00:00
76d8b3b6bdf825ebc88bd1b2aa81f65c,7af0543c8b2d3e921f6337f59a72fb34,delivered,2018-02-05 18:50:02,2018-02-05 19:10:15,2018-02-06 20:46:00,2018-02-14 15:15:45,2018-03-01 00:00:00
d008e845c1ba7ffcf8fbf42c4e412cbf,75c12b4d4f984ae51c153fed33e1b4eb,delivered,2018-07-31 12:24:44,2018-07-31 12:44:31,2018-08-01 15:38:00,2018-08-02 22:34:54,2018-08-03 00:00:00
2cb14cadfd564d88f59990e80cd4e81b,8da4bc4c88bd4d9eb151bd086048f7e7,delivered,2018-03-12 09:44:23,2018-03-12 10:20:31,2018-03-14 01:08:25,2018-04-02 21:51:15,2018-03-28 00:00:00
2d8c6a0636c9a72f13e97543097ed1cf,f57cb567214570fa8f7de35933acdf5b,delivered,2018-08-09 23:10:26,2018-08-09 23:25:11,2018-08-13 09:13:00,2018-08-21 21:47:46,2018-08-29 00:00:00
5ea05c531f0fbf795f8e5eed1d8464e2,cb9f17c579c1e1f59b091ad9faa86fb1,delivered,2018-04-24 17:00:33,2018-04-24 19:09:55,2018-04-26 14:29:00,2018-05-11 22:52:49,2018-05-17 00:00:00
bf7284f5503c59e16e81fd9bf1515b80,b384bd5b0cbc910d849570b54359414f,delivered,2017-12-03 10:36:19,2017-12-05 15:31:15,2017-12-06 21:38:29,2017-12-11 18:52:53,2018-01-11 00:00:00
b4cf18f6e47d64387501e0dc77b1ac82,617326532401f6687579cb23065a6ab4,delivered,2017-11-29 09:47:31,2017-11-29 09:57:34,2017-11-29 18:28:44,2017-12-18 12:49:40,2017-12-26 00:00:00
4f72b49b048975b1160ded0b1237e5e1,7412aba45d13e07e87697629c74e71c3,delivered,2018-03-23 23:32:07,2018-03-24 00:31:40,2018-03-27 10:31:40,2018-04-02 21:58:33,2018-04-11 00:00:00
57c432fd96e9d52639f048eb1b2a5b10,fdd0411bec46e2d9a15590016b897dc3,processing,2018-05-07 19:30:29,2018-05-09 04:31:31,,,2018-06-04 00:00:00
f4f6d2dc1682493a4359683682ab4a33,4f5d067ca62e65629e3b1187fd5544c5,delivered,2018-04-30 20:52:03,2018-05-01 03:15:38,2018-05-02 15:15:00,2018-05-21 19:25:36,2018-05-25 00:00:00
179011db06442b083d30248ffd5a4861,1018d28fda116184ec63be90496e0535,delivered,2017-05-21 14:33:21,2017-05-21 14:45:17,2017-05-23 15:48:55,2017-05-29 11:17:46,2017-06-12 00:00:00
72339ccf6d3549d60d8ab01adb5e6458,e281d24a2b29cbfe075e6592ec53836c,delivered,2017-08-25 13:31:57,2017-08-25 13:45:42,2017-08-28 20:33:48,2017-09-01 18:22:34,2017-09-15 00:00:00
57ac42b13ab9e5c23733ab0911b2e7dd,89ce2f3bc0e53c9acab6af7e69476505,delivered,2017-06-28 14:32:50,2017-06-28 20:05:23,2017-07-05 12:22:23,2017-07-24 14:15:35,2017-07-20 00:00:00
cf4659487be50c0c317cff3564c4a840,ed583a2a1eaf0dedc33af816153e8b8c,delivered,2018-07-02 16:39:59,2018-07-05 16:04:19,2018-07-06 08:25:00,2018-07-16 11:12:52,2018-08-01 00:00:00
becde0f445f588a3118a3c12bf1bef9a,6c782180660997b9dd68ead2b370df47,delivered,2018-05-04 23:28:10,2018-05-04 23:50:19,2018-05-07 14:37:00,2018-05-24 18:08:47,2018-06-04 00:00:00
348baece82005425558464257810b493,7ec2b3ab3c32f06c03da19590065fadb,delivered,2017-12-12 14:29:29,2017-12-12 14:39:25,2017-12-13 16:54:49,2017-12-28 16:44:44,2018-01-12 00:00:00
b647b0e8ecce1771ba6f6a0cc30d3f99,219206b4c12d07b51871ff11895c2351,delivered,2018-06-25 13:42:45,2018-06-25 13:58:44,2018-06-25 15:24:00,2018-06-28 20:37:06,2018-07-17 00:00:00
f9f75601353a50e58746860ba04dc47b,65e7411eaf24a7dd95a3c10759cb6c65,delivered,2018-04-30 19:02:05,2018-05-01 19:13:41,2018-05-02 15:23:00,2018-05-05 02:04:34,2018-05-15 00:00:00
041f09bbcd85d178903f5bb71f11a02e,2de74bda6ff6a15ce1401e92b6948ea3,delivered,2017-04-18 11:43:48,2017-04-18 11:55:17,2017-04-20 06:38:04,2017-05-07 08:12:25,2017-05-25 00:00:00
5dd2b7d78f1a564bc459f3aeb9b47bcb,8466b5702d9358ad9085cd92f30ccb70,delivered,2017-09-14 23:34:10,2017-09-14 23:45:14,2017-09-15 20:02:33,2017-09-18 16:32:46,2017-09-26 00:00:00
619b6c8ac39a9c798780d761e4b36fed,41a66afef768a3038dd4477034099856,delivered,2017-12-12 11:43:58,2017-12-13 22:34:27,2017-12-15 02:38:48,2018-01-02 11:59:13,2018-01-05 00:00:00
4a15263dd8da51ee9b6c6ed9fa843ee9,c3944031f7a763edadfa03361c9aa06d,delivered,2018-05-16 23:19:51,2018-05-17 00:34:02,2018-05-22 17:15:00,2018-06-18 16:36:52,2018-06-07 00:00:00
36aa4db4428eadc81e109f8ffbc0b5d4,a2680ee078aeef301cfc25f7585b157a,delivered,2018-06-17 19:09:14,2018-06-17 19:38:21,2018-06-18 12:13:00,2018-06-19 15:47:35,2018-06-29 00:00:00
18e9c9a8bc880b4b3aeafede031f7587,d3125b74c9df178912c5f59dc77410fd,delivered,2018-03-13 09:52:21,2018-03-14 10:07:58,2018-03-15 20:10:45,2018-04-06 23:38:37,2018-04-17 00:00:00
8a39a4c8e92305849add36b95af88654,a6e2fa516f9931d73a9a1a9a98f24fc1,delivered,2018-03-01 19:14:00,2018-03-01 19:35:32,2018-03-02 23:04:43,2018-03-15 19:33:17,2018-03-21 00:00:00
2c51c4240b040878ccc14a715bd52b0c,d42b469613c4b4f8faa9162c8a79f7d6,delivered,2017-03-21 09:40:36,2017-03-21 09:40:36,2017-03-23 08:42:40,2017-03-30 13:47:06,2017-04-28 00:00:00
076291ccc60bbd19ff77babbb78324d5,aa0e4a8833d9c0b97d5cfce946a98dd9,delivered,2018-08-15 17:51:11,2018-08-16 17:49:34,2018-08-17 12:30:00,2018-08-22 19:21:05,2018-08-28 00:00:00
0a2f51f07c7b99722f843490cd20ec09,085e2d8df89b9fdb5182fc89fab548b8,delivered,2018-05-23 23:51:50,2018-05-24 00:18:27,2018-05-24 08:44:00,2018-05-28 19:32:40,2018-06-14 00:00:00
b2d12a4a4d83760c773b813c1c6b335c,c59d81f436556796e313d19267e6e6fa,delivered,2017-05-14 23:29:29,2017-05-14 23:42:52,2017-05-17 09:44:31,2017-05-29 09:09:40,2017-06-16 00:00:00
905d014ca3c264f56ba4f6a34f358bba,e33f822bccbf6bce25484ab577ce3bed,delivered,2018-01-13 14:41:47,2018-01-13 14:51:30,2018-01-18 21:52:47,2018-02-03 12:12:08,2018-02-16 00:00:00
fe755232f249d0844951831268c55593,5eaea72cbd8dda40b6b7ac932be5c393,delivered,2017-07-17 09:46:31,2017-07-18 09:45:18,2017-07-19 18:34:38,2017-07-27 16:07:43,2017-08-23 00:00:00
417d2c0b5fb1f2aacd28ed66e8b9c194,d3e077372d87af3cb6f307c26855e2c4,delivered,2018-02-01 23:16:10,2018-02-01 23:33:35,2018-02-02 20:18:50,2018-02-03 11:34:37,2018-02-19 00:00:00
bf88704e42dfbdcebd1a543c31583990,0f43bb156644d11c7824d6ea4080b757,delivered,2017-06-26 16:50:06,2017-06-26 17:05:09,2017-06-27 10:47:55,2017-07-05 14:28:30,2017-07-18 00:00:00
b76a3d04749c4594b548c8bf8c76270d,7633accb101fb669114ec8b7daf22e55,delivered,2018-05-06 11:15:20,2018-05-07 17:56:19,2018-05-09 10:47:00,2018-05-17 16:21:28,2018-05-23 00:00:00
1c0ab2d3364599a25ffdc198391784a7,f0d5523b9ed51af045208859d0aed744,delivered,2017-03-31 09:17:07,2017-03-31 09:30:16,2017-03-31 20:21:27,2017-04-12 15:09:23,2017-05-04 00:00:00
8cc4092a48fd6223e099b8bede76a2dc,f1daabe885fd24bb2d0632bd7f58657b,delivered,2018-02-22 20:26:17,2018-02-22 20:45:30,2018-02-24 00:41:52,2018-03-13 17:26:50,2018-03-20 00:00:00
01d601c4d70f016f1e32ee8e82d6d4c9,cd6bb6cb42e1fb7ad795a83702d6a27c,delivered,2017-05-13 01:16:42,2017-05-13 01:30:11,2017-05-15 09:37:20,2017-05-26 15:16:47,2017-06-06 00:00:00
92c72561e65cb178fa0d134d93197fbd,fe6d048ccd0634843d6136952f04c038,delivered,2017-09-18 18:48:19,2017-09-18 19:03:29,2017-09-19 18:00:17,2017-10-01 13:41:55,2017-10-09 00:00:00
ec7271618387fbc4779b6de5654cfb57,85ee5acfe5205d648daea1ffc5f7fac1,delivered,2017-08-08 19:23:13,2017-08-09 02:56:01,2017-08-09 18:00:08,2017-08-14 20:53:01,2017-08-30 00:00:00
ba862e955a05f361d3cf620519c8d587,e320d17f29ca1079bb66d0c0b4546ceb,delivered,2017-09-08 19:49:51,2017-09-09 05:15:26,2017-09-12 20:51:39,2017-09-14 20:44:47,2017-09-20 00:00:00
13fc19d5bc2bd52fce8baeb3f31e5dd6,734c83d2485aef612fdcd2a43908c326,delivered,2018-07-19 16:50:34,2018-07-19 17:03:58,2018-07-24 12:42:00,2018-07-27 13:21:34,2018-08-20 00:00:00
6a20f514a1f78b69741f2bddaf832c75,d1ef71e148b75e215508ded729470fff,delivered,2018-02-01 12:37:14,2018-02-01 13:11:11,2018-02-02 18:12:54,2018-02-17 14:56:48,2018-03-07 00:00:00
106ff3ba3e84e22713bf2a10c582fd94,02d1b5b8831241174c6ef13efd35abbd,delivered,2018-04-08 01:21:20,2018-04-08 01:35:20,2018-04-10 18:06:48,2018-04-20 10:03:11,2018-04-25 00:00:00
c634e50ec075d06b4cd1d70527697f08,5e8f0ad7cd73cc125512ce0868342b6f,delivered,2018-05-31 14:18:14,2018-05-31 14:31:20,2018-06-01 14:35:00,2018-06-06 14:17:39,2018-07-04 00:00:00
e82aad8d522b370541586c367c19a1e3,98f8d4023b866b445fd7583b48d3c7f5,delivered,2018-05-17 14:12:24,2018-05-18 00:14:50,2018-05-23 14:26:00,2018-05-25 18:58:38,2018-06-05 00:00:00
6225935944047d4d3aa8d938a2988c61,25f7e7cb98c3621976e837fbbeea5dac,delivered,2018-06-12 20:22:10,2018-06-12 20:45:05,2018-06-14 14:23:00,2018-06-21 22:38:46,2018-07-11 00:00:00
b35d2c40061791df49f5e3fe718b0b0b,98a14465604d4ede0ea6d0cfd38f3d5c,delivered,2018-01-18 16:33:51,2018-01-18 16:57:35,2018-01-23 21:52:51,2018-02-19 23:04:33,2018-02-14 00:00:00
44ba35a187b315445132d3433f8a52e6,0a061fbf0086ab5dc3be576189a0f2c8,delivered,2018-08-22 09:20:37,2018-08-22 09:30:16,2018-08-23 07:16:00,2018-08-24 18:02:51,2018-08-28 00:00:00
d396cdbf2645bb1ea08108de01ef308a,42496b94da7fdf733b980d552aeb17e9,delivered,2017-07-03 20:23:40,2017-07-03 20:44:02,2017-07-04 14:03:16,2017-07-18 12:17:47,2017-07-25 00:00:00
b221f4ca79ae394f43b4fec8815e4b92,6c371828d85598b22a93c19c2f6f71d6,delivered,2017-07-21 13:50:23,2017-07-25 03:30:36,2017-07-26 11:11:28,2017-08-04 17:39:59,2017-08-14 00:00:00
fb87fe28380004e9d6ddcc862b23a82b,ce5c8c732842b0d9dd8b950e9d70358e,delivered,2018-02-08 14:10:22,2018-02-08 14:29:12,2018-02-16 00:55:09,2018-03-19 17:08:54,2018-03-16 00:00:00
b76c83c649d21e53136f71ab5cff8bc0,6a8bbb42fd8059e4d2a11fb04c09a125,delivered,2017-11-27 02:27:01,2017-11-27 02:38:27,2017-11-27 20:26:39,2017-12-06 19:35:06,2017-12-26 00:00:00
110bb98db579131adc6f4d8bbd97c673,28b81bdab1b97c8081cdd453dbef9778,delivered,2018-06-17 11:30:39,2018-06-17 11:54:01,2018-06-18 12:03:00,2018-06-19 18:38:50,2018-06-28 00:00:00
7d75fea897072c408995ab156c16ff30,c35f792ee62cc45e96fe4764a23a53f8,delivered,2018-01-24 10:17:45,2018-01-24 10:32:40,2018-01-30 01:13:19,2018-02-08 17:33:33,2018-02-22 00:00:00
1bac6c5afd46ee5f279f46bfc081871d,245f29955c4082da3b4b8c51e857b78a,delivered,2017-08-01 21:02:01,2017-08-01 21:44:54,2017-08-02 18:07:04,2017-08-11 16:41:57,2017-08-31 00:00:00
b40657a8b73e674b61107a06e46b6f8d,1475ba146afcb53f12a49bb3e38fb444,delivered,2018-08-02 21:11:41,2018-08-02 22:10:23,2018-08-06 14:15:00,2018-08-08 01:46:48,2018-08-07 00:00:00
cd74303942bee59edc3379f0a6433c62,5949664f01f7a008770bc82d8fcdf363,delivered,2018-04-07 22:09:46,2018-04-09 14:31:02,2018-04-11 02:41:58,2018-04-24 00:21:02,2018-05-07 00:00:00
370cfb4244f1a15b8d60d32fce42c3fd,d6304656af67fcbb83f11a7496be7a32,delivered,2018-05-26 12:49:25,2018-05-26 13:10:59,2018-05-28 13:58:00,2018-06-12 23:11:39,2018-06-28 00:00:00
1d23106803c48c391366ff224513fb7f,b2e6ad00199e893fdee50615ccfda0fd,delivered,2018-01-26 16:19:34,2018-01-27 02:52:27,2018-01-29 15:18:55,2018-02-09 21:38:39,2018-03-02 00:00:00
884b42885f11cac2abce880659eb1b0b,5270e49915940227aa249443efb143a1,delivered,2018-08-14 09:15:11,2018-08-14 09:25:19,2018-08-23 12:48:00,2018-08-24 19:22:05,2018-08-22 00:00:00
07a3ecc544326f0c462c5423eaca1812,7ecab6f3f9ab08d676b6b9984779c9e0,delivered,2017-08-07 15:15:48,2017-08-08 04:44:24,2017-08-08 23:03:35,2017-08-18 15:43:57,2017-09-11 00:00:00
e5cbee019f9a5bfe36c2144b96b10ea4,8218a4be21e32df9c2fc3231c48f5279,delivered,2018-08-06 16:37:06,2018-08-06 16:45:17,2018-08-09 15:42:00,2018-08-14 19:06:37,2018-08-23 00:00:00
06e83e2884ecfcff09067ddaef752b49,180f88a79ebd4137eb2fd98525bcfff2,delivered,2017-11-27 19:23:26,2017-11-27 19:38:57,2017-11-28 19:28:30,2017-12-11 20:03:14,2017-12-22 00:00:00
09a5c8d751662bfb96c5a3307619cb36,1ef2ac142610b528b3b67d6f21725fa0,delivered,2018-07-30 15:38:45,2018-08-02 13:43:20,2018-08-02 13:23:00,2018-08-03 14:03:49,2018-08-13 00:00:00
2938d86c8e6e92fb089538f210e7761b,11da7ae61e194967bc6225ef4a5022f6,delivered,2018-01-15 16:11:21,2018-01-15 16:31:13,2018-01-19 15:08:48,2018-01-26 16:24:49,2018-02-08 00:00:00
1e9d813a96897b2f8b5e1b99dd50d10d,16e5d9bf132da949d11e978e3ad1bb66,delivered,2018-01-08 20:39:32,2018-01-10 10:32:47,2018-01-11 22:37:24,2018-01-17 19:04:20,2018-01-31 00:00:00
c4ff30289b48ee374152a8c534ee686e,54ca64d9386e00b5958197064e6ae159,delivered,2018-06-25 16:10:17,2018-06-25 16:37:47,2018-06-26 15:25:00,2018-06-29 18:18:47,2018-07-20 00:00:00
aeae8ce86f335790a6beccae2f8c5092,85a7b7bf0ef8150b99eab1b0a14a2205,delivered,2018-01-26 16:08:36,2018-01-26 16:34:03,2018-01-29 23:42:58,2018-02-09 00:42:41,2018-03-01 00:00:00
8dc880cb89385d6213c7ea6fb637b0d4,ac2db495d466d0d3929abc71ec0d9f3b,delivered,2018-02-01 18:11:29,2018-02-01 19:01:11,2018-02-02 18:50:40,2018-02-14 17:34:20,2018-03-02 00:00:00
d3abd72db4f9d182cf59e936ef0baf5a,508012eabfc8058bd4b0eda92e05259b,delivered,2018-08-15 16:47:53,2018-08-15 16:55:31,2018-08-16 13:54:00,2018-08-21 21:33:57,2018-09-11 00:00:00
fe2893f4e6b71e79a7aec9c777744a16,17bf46f1da4feb965bb6ece7dd8bd95c,delivered,2017-03-11 16:05:44,2017-03-11 16:05:44,2017-03-22 05:47:50,2017-03-22 15:26:27,2017-05-02 00:00:00
a73c47ff724ce7c345feeadd81a92214,ad3944295c168c535e5ca15548cc87a8,delivered,2017-12-13 11:33:41,2017-12-13 11:50:42,2017-12-14 22:59:09,2017-12-28 18:38:43,2018-01-12 00:00:00
47032972f71019cd453baab392482f5d,e44c484a1a434a9526d5c258699af977,delivered,2018-01-08 22:20:46,2018-01-08 22:31:37,2018-01-09 16:13:57,2018-01-21 17:47:33,2018-02-01 00:00:00
828b618008ee0b34f4648124668023f0,c3bb4adf79d8cdb402731cee2fc0f861,delivered,2018-02-01 12:58:09,2018-02-02 19:31:13,2018-02-06 16:18:29,2018-02-14 18:19:05,2018-03-02 00:00:00
87886486a0abc01909fdaf209fdf740e,e308a1f443d3d72041f8ac967ec68b75,delivered,2018-04-18 19:33:55,2018-04-18 19:53:28,2018-04-23 14:52:37,2018-04-30 20:12:07,2018-05-15 00:00:00
61a2711ad11ba20c846596b053d61fd0,8202d4224132e791fc09cf22bf5850a4,delivered,2017-12-19 13:54:01,2017-12-19 14:40:30,2017-12-20 16:15:02,2018-01-09 02:15:10,2018-01-17 00:00:00
6826d5740591909e368433e2a5ec75fb,7a8425b03cffa0ddba84d4277b7a4e7e,delivered,2018-08-02 16:07:38,2018-08-02 16:43:51,2018-08-03 15:42:00,2018-08-07 21:51:50,2018-08-16 00:00:00
7dda251cd0ccf3b0e0ff56d62b779fdc,d506c0d4abd2528e9fddb923894a9dda,delivered,2017-05-21 08:00:14,2017-05-22 10:41:43,2017-05-22 10:40:10,2017-05-23 08:49:42,2017-06-02 00:00:00
0aa240e0cbbe794b5470e659a22b614b,f5b66d1266e286035ae816d414c38b07,delivered,2017-04-21 20:32:16,2017-04-25 08:05:36,2017-04-27 07:44:26,2017-05-03 16:03:07,2017-05-22 00:00:00
cb4643522ae43ce063a4be43db4e884b,2604219b3b560eafbb3f0fea60cd8fbe,delivered,2018-02-01 11:09:31,2018-02-02 02:53:38,2018-02-05 16:49:03,2018-02-06 21:52:22,2018-02-19 00:00:00
7a94606a015a9feffa3b4ac23e84d132,3beec086fc157dbb92da88d3eb62dd4a,delivered,2018-01-31 07:56:18,2018-01-31 13:31:38,2018-02-01 20:22:14,2018-02-09 21:13:19,2018-03-02 00:00:00
5e8c030bf29e47b0ad1f3d21299793cf,4a0937eb670ba58a486842387438e5ae,delivered,2018-08-10 17:15:09,2018-08-10 17:25:18,2018-08-13 12:48:00,2018-08-16 21:51:38,2018-08-24 00:00:00
a3e211d06c63093883e23fb6c60cc372,2e7146d41ffd31a6743c95dbda9dba77,delivered,2018-05-02 22:06:20,2018-05-02 22:34:58,2018-05-03 13:36:00,2018-05-14 17:52:35,2018-05-29 00:00:00
1e3f2509cd71acdf7490e4a3a2fa6e18,644822de1085c46840cc547bf1f215d1,delivered,2018-08-14 02:44:34,2018-08-14 02:55:07,2018-08-14 12:50:00,2018-08-17 20:41:55,2018-08-28 00:00:00
627c1c31327bda6f11b5e7c613f1d366,75e6c4cd1f1a7a1b4e1ffbc53a3942ee,delivered,2017-07-10 19:32:51,2017-07-10 19:45:15,2017-07-11 20:06:30,2017-07-17 17:13:45,2017-08-01 00:00:00
4579bbd75504c2cc0e1a60a69196598a,331e03764ace557102ea57186b4079eb,invoiced,2017-11-16 15:14:07,2017-11-16 15:30:25,,,2017-11-29 00:00:00
fc74153e0ac39bb68c8f8f9e4758f001,787c8dad81798b72c5ae7d0ed526192e,delivered,2018-04-12 12:40:46,2018-04-13 12:50:48,2018-04-18 20:51:19,2018-06-29 17:03:25,2018-05-11 00:00:00
c33548afe8a1590b82f9f0c6141ef508,e336b3854ddf6f9b6d0535dd4c1cf37a,delivered,2017-11-06 14:00:55,2017-11-06 16:34:32,2017-11-08 19:55:22,2017-11-24 20:09:05,2017-11-30 00:00:00
27f60f8461adbfd9213bd35b38206bfe,3036fcbb292e7d1ad4c25c254b5e246f,delivered,2018-06-05 18:47:47,2018-06-05 19:13:41,2018-06-06 12:26:00,2018-06-13 12:02:24,2018-07-11 00:00:00
24cfb770f308b181cc3ae36ca3d573ad,bd1a3e41c0ddbd5cf6166db3c1c4bfc8,shipped,2017-04-02 01:12:22,2017-04-02 01:22:40,2017-04-03 15:20:52,,2017-04-26 00:00:00
32006bb319deb6aa1c96bc8194382f2e,67bb18f85fbb577acdb3b3dbb3951a35,delivered,2017-12-28 06:56:54,2017-12-29 02:09:32,2018-01-08 23:51:32,2018-01-15 21:27:07,2018-01-30 00:00:00
c7950b20ba9ee51a1d8e166dcfb4bb10,2f0a08c546cf9453b83cec475c4c786d,delivered,2017-10-06 16:10:18,2017-10-09 07:27:47,2017-10-09 14:24:10,2017-10-25 19:12:17,2017-11-08 00:00:00
2e7f2a6731020cda16dc217491d631cf,f8f7d4e55bf649020b5a93305a0ba042,delivered,2018-01-02 10:51:33,2018-01-02 11:11:10,2018-01-03 19:05:33,2018-01-16 20:26:38,2018-01-31 00:00:00
b5b411510c27795418ac5808a30054e0,dc965c402585418454e732f34c9d3e84,delivered,2017-09-17 18:12:09,2017-09-17 18:25:08,2017-09-26 20:09:14,2017-10-06 13:39:08,2017-10-11 00:00:00
773669e9bbc70d476c8052eecb8470a2,38e5ed132f3e8ecb5fe019cf7d89b720,delivered,2017-12-08 20:56:27,2017-12-08 21:12:08,2017-12-11 22:45:40,2017-12-13 18:52:46,2017-12-27 00:00:00
8416d26ac5ef346cd2926c3b35e1da86,6bfc30f4b927495045338f1708bbed14,delivered,2018-05-16 08:33:54,2018-05-18 04:54:37,2018-05-18 14:35:00,2018-05-21 15:44:45,2018-05-25 00:00:00
0382e1be5feaca880336365b982b8629,4098347614a8158c6d16eefc6882b29f,delivered,2018-05-07 22:14:31,2018-05-08 04:54:26,2018-05-08 12:22:00,2018-05-11 19:32:01,2018-05-18 00:00:00
10b2031a821c35b0cf0c9ff505eaa456,cc5ca2692c6a034c0803f7558b313f7b,delivered,2018-02-02 18:57:38,2018-02-03 19:29:58,2018-02-05 18:14:50,2018-02-20 19:38:57,2018-03-01 00:00:00
38bf75e72a61924fb0633cd63820f018,27d43d8e32aad3f6c41205c94a07c06e,delivered,2018-05-03 11:50:03,2018-05-03 12:54:28,2018-05-10 16:16:00,2018-05-16 14:54:03,2018-06-11 00:00:00
ed913f2f9db29736f6ef22c4446abdac,cc25be330141b5bf8171b447274988dd,delivered,2018-03-08 23:09:28,2018-03-09 01:01:34,2018-03-09 21:08:45,2018-03-13 19:16:40,2018-03-20 00:00:00
66c251b81283a4147f2ba97851126741,752e8d469fc48ef55ce38128e24054e8,delivered,2017-07-27 10:31:48,2017-07-27 10:45:22,2017-07-28 14:57:47,2017-07-31 14:55:53,2017-08-18 00:00:00
7c090db969b7b59bfae10b91355cd5dc,24ea74c0ee8a3a1a753cf33550565846,delivered,2018-02-12 10:38:45,2018-02-12 10:50:25,2018-02-15 17:10:31,2018-02-23 23:59:07,2018-03-07 00:00:00
1ebeea841c590e86a14a0d7a48e7d062,5adf08e34b2e993982a47070956c5c65,delivered,2018-01-18 12:35:44,2018-01-18 12:56:32,2018-01-18 23:25:35,2018-01-26 15:17:57,2018-02-20 00:00:00
8b8abb13e7d9e567f8dfdd816dba8ab2,26d7ba85990f23d3cab791183e339c3b,delivered,2018-03-06 07:55:13,2018-03-07 02:35:47,2018-03-07 19:22:27,2018-03-16 21:47:28,2018-04-05 00:00:00
1fa2f14ef2c0672f66f1e2ef26c8fdf5,ed74a79326021179cb4900cfc1080211,shipped,2017-12-12 21:37:39,2017-12-12 22:23:32,2017-12-15 19:45:08,,2018-01-12 00:00:00
7fee8248879e6c2eb655918584bb3ba2,0ac397ec20446825a099a646258cbf83,delivered,2018-01-13 08:21:43,2018-01-13 08:31:20,2018-01-18 22:36:29,2018-01-26 13:57:59,2018-02-05 00:00:00
3d4b0fecd73a9bb32f9159b60da8ff43,8cdc6dfaa3c3c78f28848dd50f812605,delivered,2018-02-26 13:23:15,2018-02-26 13:35:30,2018-02-27 17:20:08,2018-03-10 15:38:31,2018-03-16 00:00:00
26a25b8924d3410c6237cef523646975,a59e696eed637acaa7bae430ad796d25,delivered,2018-06-21 12:30:13,2018-06-21 12:57:09,2018-06-21 15:16:00,2018-07-09 22:22:13,2018-07-30 00:00:00
47c47cf26ecd6af954552849eb9d88b1,bb4a026c071aff569092ee33f7e8fb5c,delivered,2018-04-07 09:23:37,2018-04-07 09:35:17,2018-04-09 17:32:34,2018-04-16 17:38:42,2018-05-04 00:00:00
c9d79a65d54550450dac1a0a08b71956,6e53638ba966c41af8fc2b198caa69a3,delivered,2017-06-06 14:44:07,2017-06-07 02:45:32,2017-06-07 10:32:09,2017-06-16 14:51:51,2017-07-03 00:00:00
aadf11ab8b56726ef2e1f9967929acab,2bd1c2a6bcb1e348fc5c5f1d67436fa1,delivered,2017-12-15 15:24:33,2017-12-15 15:37:29,2017-12-18 22:57:05,2018-01-03 19:43:33,2018-01-12 00:00:00
952241c48f34d58c23ca57964d413834,c44e2d2739a13ad161a81831dd162e76,delivered,2017-11-08 17:07:11,2017-11-08 17:30:50,2017-11-14 21:07:17,2017-11-16 23:32:52,2017-11-22 00:00:00
2326391ae5a49ca43aec4e487b6a2d38,aba5afb5ab39f4d5719cba15a070d5e7,shipped,2018-05-15 18:06:09,2018-05-15 18:34:39,2018-05-17 12:33:00,,2018-06-05 00:00:00
5a8cbabf9050846cfba3b3f011e2cad0,9c00a1f34ce8322426a443a43c8b0347,delivered,2018-06-10 14:26:44,2018-06-10 14:57:04,2018-06-11 15:22:00,2018-06-13 18:52:48,2018-06-20 00:00:00
6e4851de3a0a02ee3f21958e7a3a9fb5,474815429e8d4d94b034014057ee55ce,delivered,2017-03-16 20:54:44,2017-03-16 20:54:44,2017-03-20 06:26:42,2017-03-24 13:43:08,2017-04-04 00:00:00
0190e75feb05f78ccb1b56853ca4f6cb,adb3c4b6fa67bf11d5ca618f5cbd044e,delivered,2017-11-24 20:14:55,2017-11-24 23:33:01,2017-11-27 19:38:26,2017-12-05 20:35:34,2017-12-26 00:00:00
532724cb017a7469c0266bce57eccdbf,67235133b4241a5cb0e1e123c2d221bb,delivered,2017-11-20 12:47:43,2017-11-20 13:18:30,2017-11-22 23:21:11,2017-12-04 20:42:42,2017-12-11 00:00:00
be19acb358fd31051b54dc45f59bb7b9,bff24d17e2e986ac557553cda753f31d,delivered,2018-01-29 19:31:35,2018-01-29 19:53:38,2018-01-31 13:36:52,2018-02-19 20:38:59,2018-02-20 00:00:00
47af3c45ff89024653aa5c3cd617077e,2b7fc1752a6283fe304ffbf867c4260c,delivered,2018-08-24 17:17:46,2018-08-25 17:15:13,2018-08-27 14:14:00,2018-08-30 23:58:44,2018-09-10 00:00:00
c05084e1e3018ade16fd6ef5b23e3857,0aca8fd65c9414894ca4c072b496bc3f,delivered,2018-05-18 23:03:31,2018-05-18 23:15:29,2018-05-21 10:41:00,2018-06-04 15:16:45,2018-06-13 00:00:00
d9612f4021d391b5430703c339d62b26,7484acee0a02088b435f2b52344b4944,delivered,2018-04-05 05:55:18,2018-04-05 06:09:03,2018-04-06 00:46:34,2018-04-11 15:31:52,2018-04-27 00:00:00
e9f308c243d53135de5a481bf3a9cb86,c5278def2d7c1e27ac0a75b3c7ee783d,unavailable,2018-02-10 11:14:30,2018-02-11 11:10:23,,,2018-02-26 00:00:00
bb853f6461f9ba28e1f12a564dabb27c,701b198fdef03adba781dc5fa1aab985,delivered,2017-10-13 18:02:52,2017-10-13 18:14:22,2017-10-17 14:52:04,2017-10-27 23:11:57,2017-11-16 00:00:00
7449c171d08772e5bcbde94f39411d36,101f5ec287c719f599963ffb18a1f38e,delivered,2018-02-04 22:50:16,2018-02-04 23:09:50,2018-02-06 23:18:33,2018-02-07 21:53:14,2018-02-21 00:00:00
89d37adb3389844ab085bbd81f541f00,f2fb6af2900367aae82564efdf5dc4c5,delivered,2018-07-20 19:43:13,2018-07-20 19:55:20,2018-07-23 16:24:00,2018-08-03 13:39:34,2018-08-21 00:00:00
a9f5f4fb236732250fc0b959e3a4b96e,3c4c9a40e53e5d539c9d02c03629b5f2,delivered,2017-10-23 16:26:56,2017-10-23 16:46:25,2017-10-24 21:43:56,2017-10-26 20:47:57,2017-11-09 00:00:00
369d712be6f3792951adcc38c6762157,b39c1c64b6f3e8a4e3373b37990b6614,delivered,2018-08-22 02:31:38,2018-08-22 02:45:08,2018-08-22 11:57:00,2018-08-23 22:28:51,2018-08-30 00:00:00
58883d4d88a7a9be12c7343ecf8dcea5,bd7bf31df8713e97cef95685aa9963f7,delivered,2018-01-17 10:22:35,2018-01-17 11:30:40,2018-01-24 19:22:41,2018-02-09 23:12:58,2018-03-08 00:00:00
0cc14454cb400b7b154e0a45ffd5c2f9,6500983182f0ed3a2e92fcb7522a4832,delivered,2017-12-17 17:24:50,2017-12-17 18:34:05,2017-12-18 20:03:12,2017-12-20 15:27:45,2018-01-05 00:00:00
bef5d5c7e0fa907f3aefa9d3873c4f90,d9d4ab9f19fddeb11b274cac8154f450,delivered,2017-04-12 08:32:44,2017-04-14 02:50:13,2017-04-17 10:44:10,2017-05-16 09:57:39,2017-05-08 00:00:00
5d05467df1b7834684fe4c0783f5db1f,d62e2a8953cee3aee784eeeb86287166,delivered,2017-12-22 11:42:14,2017-12-22 11:52:29,2017-12-22 23:09:07,2018-01-08 15:53:24,2018-01-26 00:00:00
ac75a9ba33bcc9cefc7e36b0f4cc044a,74d25bef64b530dca2a57b694982c4f6,delivered,2017-12-04 10:44:16,2017-12-06 13:13:36,2017-12-08 18:32:15,2017-12-18 16:35:08,2017-12-27 00:00:00
12a084b79a73e3332c73e0ba4364458b,1c59a0c47299c8080cb7dc8b9f36ca69,delivered,2018-05-05 11:14:00,2018-05-05 11:33:45,2018-05-07 14:59:00,2018-05-25 13:08:39,2018-06-18 00:00:00
eb5265687d8744ff9d5147004298fb36,059f60d3b37627f51e73eec500dfa1a8,delivered,2017-06-23 10:55:02,2017-06-23 11:05:24,2017-06-23 11:59:33,2017-07-03 17:14:56,2017-07-19 00:00:00
58aa4a2e2d2b63972e1c4508ed5f7cd7,11bc83941d71647de90138579c9fc4f7,delivered,2017-05-26 14:11:03,2017-05-26 14:22:35,2017-05-29 11:42:04,2017-06-01 14:02:45,2017-06-16 00:00:00
8908ad12ebc283352dc07bb7040ba653,2420d2f9ac4a8263a87cc41dcfad471a,delivered,2018-02-15 09:01:59,2018-02-15 09:15:35,2018-02-15 19:25:52,2018-03-08 21:26:30,2018-03-19 00:00:00
59fa6bcd9bd2ea970f71cef8229ffa7d,a6b03719885d1c01b7caf8215021fbe2,delivered,2017-09-15 13:51:34,2017-09-16 03:06:00,2017-09-18 21:18:36,2017-10-08 18:10:24,2017-10-10 00:00:00
cae7f688f0b9d0434704105de18ae326,0f88bc8d97cc7fa1ecf056675bba6bc9,delivered,2017-11-07 17:46:23,2017-11-07 17:55:33,2017-11-08 19:18:57,2017-11-09 16:09:10,2017-11-27 00:00:00
3a67e05f7b4f7fe736e90e6acc8689b3,7cf767e41998204e0dc91c2270542d83,delivered,2017-12-01 09:54:21,2017-12-01 11:31:59,2017-12-06 14:39:08,2018-01-08 19:29:59,2018-01-04 00:00:00
ad380680e87dea0f2abf5cd5bace626c,4c7241af24b5344cb01fe687643de4fe,shipped,2018-01-21 15:54:02,2018-01-22 13:52:41,2018-01-24 18:26:40,,2018-02-20 00:00:00
0bff41f23a1260a23cfe070af558eef7,ce419a09aed8cb13f0bff663ca2144ab,delivered,2017-10-30 22:28:49,2017-10-30 23:31:09,2017-11-06 20:32:01,2017-11-18 17:18:21,2017-11-16 00:00:00
3be081dab4d2bd03cca448a1e0befbd5,47a9436be796bd18a4c1d25e5783d048,delivered,2018-01-08 19:29:06,2018-01-08 19:36:23,2018-01-15 15:18:28,2018-01-25 18:55:46,2018-02-05 00:00:00
81a6ac5a2e54ea1f2883d6054be7b339,c1c327a1f031715cf00adc9f69fbff73,delivered,2017-02-17 10:32:57,2017-02-18 03:15:10,2017-02-20 14:27:52,2017-03-03 07:17:51,2017-03-22 00:00:00
87ab9ab3d80a94a8bf706297277c0f16,a53e6d8f6610cc95f21f5ee30693f5e8,delivered,2018-02-26 21:43:45,2018-02-26 21:55:30,2018-03-01 00:06:51,2018-03-19 22:21:55,2018-03-22 00:00:00
e6b62f5711fd308616f3db4e2061673c,847e645067bb334fbc66447b28e6651d,delivered,2017-10-20 00:13:14,2017-10-20 00:40:10,2017-10-23 21:12:57,2017-10-26 16:58:04,2017-11-08 00:00:00
c1f995d5d345022dea94f7fba75dbe1d,62a80a070f66e36e433ad68f1e9d1439,delivered,2018-01-14 19:09:00,2018-01-14 19:17:18,2018-01-16 19:29:06,2018-01-17 14:58:44,2018-01-30 00:00:00
13c63bb3df78e4c49ffe2d2c3afcc654,30ebf7033f1100ae236b4363890b1aeb,delivered,2017-08-12 22:25:52,2017-08-15 03:44:07,2017-08-15 19:45:44,2017-08-16 13:52:33,2017-08-25 00:00:00
cd81b7b31890c8ba170157abdfcd941f,d2384c7aafc3f49be026b708307c3bee,delivered,2018-07-21 16:42:48,2018-07-21 16:55:26,2018-07-23 20:24:00,2018-07-24 17:28:47,2018-08-02 00:00:00
c11d8a6bf50d7ce1fc92fd3844526e25,bb38dcdbc99e5fbf1ca0dc4f8c6b2f4e,delivered,2018-08-09 11:20:24,2018-08-09 14:30:19,2018-08-10 12:51:00,2018-08-27 17:17:40,2018-09-24 00:00:00
1fa0b1affd773f88e6b1feeb6d211dc5,ba9928beabf99b1e9b2a2430c83be5c7,delivered,2017-08-10 17:16:02,2017-08-10 17:30:14,2017-08-23 18:58:10,2017-09-01 18:23:28,2017-09-08 00:00:00
f3d2d81bbba5674341cadf212e3ba72a,92285799f0209081347b519902d62ebd,delivered,2018-08-01 03:10:03,2018-08-01 03:30:09,2018-08-01 15:14:00,2018-08-02 19:18:43,2018-08-10 00:00:00
952b81a129d281fa088a85781b090f84,e4d6ba69993bd33692d7375d53760368,delivered,2018-02-28 11:06:49,2018-03-01 02:50:44,2018-03-01 21:18:38,2018-03-12 14:48:50,2018-03-26 00:00:00
67bbaca0d189dd5afb9a0511101da605,5a01bc2d12b4e9897c682ee5a581073c,delivered,2018-03-19 16:45:16,2018-03-20 03:35:33,2018-03-21 19:08:38,2018-04-05 00:55:41,2018-04-16 00:00:00
e5e1c16f3df58122b4b4c212ff8a9439,35d376a8a1c37a0b47c5b0d69f0d60f2,delivered,2017-06-09 09:47:24,2017-06-09 09:55:19,2017-06-09 16:02:57,2017-06-19 19:53:38,2017-07-04 00:00:00
9deb3560d9aeece234b367c49d915fac,23eaf8280776db61e4483bd467cb8367,delivered,2018-04-24 02:29:25,2018-04-24 18:58:29,2018-04-27 16:06:00,2018-05-02 20:22:27,2018-05-21 00:00:00
4b4df75ffa0116b870e32361c2c9f154,9a2f1f5c553900bf20b428c047bf35dd,delivered,2017-08-08 20:43:49,2017-08-10 03:15:48,2017-08-11 17:52:32,2017-08-16 13:42:03,2017-08-30 00:00:00
47b70930d56276c49d6e642ed8cc70b4,f80c54f63f071a097e15565e9ecd3773,delivered,2018-05-04 23:18:43,2018-05-04 23:33:52,2018-05-14 11:02:00,2018-05-29 21:56:51,2018-05-29 00:00:00
dc34d57cbf1eea4b808d8611e51e8eaf,6f16276ecd9811a6ec19dfe458726534,delivered,2018-05-09 12:17:51,2018-05-10 12:16:04,2018-05-11 16:04:00,2018-05-25 20:54:37,2018-05-30 00:00:00
1c4cafd25254eee31c8c9b8c141fb10a,b03bfe9da81252f5e3b39196ba3518c0,delivered,2016-10-06 10:12:12,2016-10-06 16:01:15,2016-10-21 16:38:22,2016-10-27 11:43:40,2016-12-06 00:00:00
6813024343da715f4461d785148f298e,05fe48df6ea41f403217b5cb88126ce0,delivered,2017-05-22 23:09:07,2017-05-22 23:23:06,2017-05-24 09:51:07,2017-05-29 09:58:01,2017-06-16 00:00:00
99e2a62484480920071ceb4d04da5e17,1da9a73d0f1aeaac95cb8d7fa0e272f0,delivered,2018-04-16 02:06:28,2018-04-16 02:29:14,2018-04-18 19:05:12,2018-04-26 18:52:04,2018-05-24 00:00:00
64430a4baf15618795b4b390b9d2a288,ce95f352daac0677a391aa800e3b0bfe,delivered,2017-03-24 13:50:45,2017-03-24 14:04:14,2017-04-12 14:47:01,2017-04-20 16:35:28,2017-04-19 00:00:00
499062ee7ee19172573b081758302721,8fb0d3b9306bc2fade01ee327e0e3cb8,delivered,2018-04-20 10:47:36,2018-04-20 11:12:22,2018-04-24 00:06:49,2018-05-04 16:22:32,2018-05-23 00:00:00
257045bb76e4c622aa9767a99ee56fc6,dbcb07acea2c65b4d85ab9c0081a6097,delivered,2017-07-13 22:23:04,2017-07-15 03:34:23,2017-07-25 19:14:24,2017-08-07 17:12:49,2017-08-08 00:00:00
eda6d64dcda58906e8d961f3d630b6f4,093db840532a831a3a7740a8c71a24cd,delivered,2017-11-13 22:18:20,2017-11-13 22:31:23,2017-11-14 22:18:32,2017-12-05 15:59:08,2017-12-04 00:00:00
ee70dab07b713b99c8f8dbe78738d0b6,aa2c25709c60cce0b038f4aabf081b79,delivered,2017-12-08 17:16:40,2017-12-08 18:00:55,2017-12-18 17:38:18,2017-12-22 15:45:59,2018-01-05 00:00:00
26110592bfcb0c6d20245c860b05f8ee,ee17af9f093b00b43cb3ba1d2938a1f0,delivered,2017-11-27 10:40:11,2017-11-27 11:35:18,2017-11-28 20:59:52,2017-12-05 18:32:03,2017-12-20 00:00:00
fcffb64079d8d2cef5d9014ea91705d3,dd37203d1d35f4c64e4cc650fa3ecf86,delivered,2017-06-07 20:09:55,2017-06-07 20:22:27,2017-06-19 19:45:38,2017-06-26 15:37:52,2017-07-13 00:00:00
834bdbe2274206828a57e58fef7f4935,b4389c10792c457864e423bdda8dad5a,delivered,2017-08-03 09:05:52,2017-08-03 09:24:03,2017-08-04 17:10:28,2017-08-07 23:37:17,2017-08-16 00:00:00
a1e9b3d43fb2498d663c7b598876614b,a0434fbe9ea51d8b38cf323354a31393,delivered,2017-12-07 00:37:54,2017-12-09 02:36:30,2017-12-20 19:09:46,2018-01-12 21:54:01,2018-01-05 00:00:00
21abec9862e40dd6706f0eaecb193f4b,4d5a7808f06b45c09cb4ad809763ea27,delivered,2018-06-06 12:54:20,2018-06-06 18:12:19,2018-06-07 12:02:00,2018-06-21 18:18:30,2018-07-19 00:00:00
b3e2b3c7117a01d7d57b74ed6b6272f9,5fc1fcba03edc46834dc1592f64b5d5f,delivered,2018-05-29 15:46:07,2018-05-31 03:36:10,2018-06-12 07:35:00,2018-06-18 21:22:09,2018-07-23 00:00:00
d355c1d4bd77e3cd62085deff064434a,8e80b162ca67be702f8eea30f9759c94,delivered,2017-10-25 21:55:29,2017-10-27 03:10:09,2017-10-27 21:03:33,2017-11-13 19:08:41,2017-11-21 00:00:00
49b95140e13dd1a0bb7e43807433a026,31b52d74e05f45d15820344d0a11268f,delivered,2018-01-01 20:04:12,2018-01-01 20:31:46,2018-01-05 18:55:18,2018-01-23 23:09:26,2018-02-06 00:00:00
7cc4f378e3ec48d51a94b7d0da4dbc31,bf4de82f32ef651f28d27c81bcda7407,delivered,2018-06-22 10:44:50,2018-06-22 10:58:40,2018-06-22 14:11:00,2018-07-03 18:28:41,2018-07-12 00:00:00
04ffb64e3f80d17e95e1934561c8f64a,b1d5a1a3bbde8eabda72534bdb13e41b,delivered,2017-12-04 09:06:44,2017-12-05 16:42:17,2017-12-07 19:32:51,2017-12-18 21:38:17,2018-01-02 00:00:00
12619b9be5cc3665b3f36f1e4b4d0ffa,b7e5d35a0f8b9c0e53532e8a4088225a,delivered,2017-04-13 17:14:04,2017-04-13 17:25:22,2017-04-20 09:14:57,2017-05-03 14:00:10,2017-05-15 00:00:00
1dd363f5595f370f90d2a8353444ff49,0c72332f2d8b30345087b0c5f24db393,delivered,2017-08-24 17:01:51,2017-08-25 13:55:19,2017-08-25 20:31:53,2017-08-30 15:48:53,2017-09-14 00:00:00
d8148e06f2f2b366a0c8df064103223b,9b5aa2016736854a2aa4bd03f52991ff,delivered,2018-04-23 11:35:48,2018-04-24 19:24:14,2018-04-24 18:09:01,2018-04-30 23:12:19,2018-05-21 00:00:00
8fd30f29e6d6c705f1f0e25868416d1f,1afc1b77214e5a8b985bca3997bb292c,delivered,2017-08-06 22:39:18,2017-08-07 23:10:10,2017-08-08 18:32:33,2017-08-11 18:41:53,2017-08-29 00:00:00
2baf80a0f30b1660ef1d0653314c04dd,2247fcbb5b0868e23a64ec1bdd6564ec,delivered,2018-06-26 14:25:06,2018-06-27 11:03:47,2018-06-28 12:56:00,2018-07-04 13:52:41,2018-07-31 00:00:00
6d0f0280ebfb3b857b70731c9df2158c,8c03553b0a2bbfac8eb64cd9dd356187,delivered,2018-05-13 15:27:32,2018-05-13 15:51:52,2018-05-14 13:34:00,2018-05-17 12:22:01,2018-05-30 00:00:00
0494d7ef89583fcaf33a1cea4bcfeec2,533d844e0a43ffa5f3b7d6dbe40ebbc5,delivered,2017-08-21 19:05:01,2017-08-23 02:47:48,2017-08-24 16:11:31,2017-09-05 23:40:23,2017-10-05 00:00:00
8238b78624cf7cdf4fdb1a5e9906aada,9f8c81385c543f01610b9a061dcb900e,delivered,2017-03-07 16:51:21,2017-03-07 17:03:28,2017-03-08 10:53:50,2017-03-16 17:48:42,2017-03-28 00:00:00
34605af753e44da907f983de0082faaf,3efd5061c7c8d80b80b3f2b3a5e12f48,delivered,2017-02-01 08:42:45,2017-02-01 08:55:21,2017-02-02 04:37:51,2017-02-17 17:32:18,2017-03-14 00:00:00
171494d5a0a3d21f98268f2aa9314a18,b0cdc7ec79e9ddd066fd35f00add602b,delivered,2017-12-22 12:05:52,2017-12-22 12:13:18,2017-12-22 21:07:07,2018-01-03 18:37:44,2018-01-18 00:00:00
f8a9c0be5071e2ca36f561ad567b1800,40e141d432fb1a06f862197c9c0de0ce,delivered,2018-05-30 09:21:06,2018-05-30 09:34:56,2018-06-05 12:19:00,2018-06-13 22:48:47,2018-07-05 00:00:00
a7235101fb090a610fcbf53095fc12f7,7ebff563042d025850e4dd2508267fa1,delivered,2017-10-11 19:29:48,2017-10-11 19:45:54,2017-10-13 20:47:57,2017-10-20 20:49:52,2017-11-03 00:00:00
093a57d9efa67214acc6fd5c5e1e01ae,57c0cb950e45449d5d43a9048383d0a8,delivered,2017-04-18 10:30:27,2017-04-18 10:41:58,2017-04-20 14:20:11,2017-05-05 12:06:17,2017-05-22 00:00:00
8dce53ad5166f6c592b532a4cd4e2aa7,b211cd56ba82a551739992c41f858f1b,delivered,2017-07-05 22:22:52,2017-07-05 22:35:09,2017-07-07 18:35:37,2017-07-12 21:26:36,2017-07-25 00:00:00
a0f2f8b0523207a13f02225bc812ed23,616b91d43810a9097e1ab529e809b950,canceled,2018-07-31 10:48:42,2018-07-31 11:30:32,,,2018-08-03 00:00:00
052514b6411113b9d1d289f49bf414e5,7a399cda317ad8719018d06ee6d2cbb1,delivered,2017-10-09 08:12:29,2017-10-09 08:28:19,2017-10-09 20:03:04,2017-10-24 22:47:42,2017-11-08 00:00:00
da33d249647f3e530bb7aa020a6cea69,2f836f5bd5dd397de1d5d0412834d3b8,delivered,2017-10-08 13:59:31,2017-10-10 03:26:41,2017-10-10 19:18:26,2017-10-17 22:24:05,2017-11-06 00:00:00
a54ab44ac042c598185c2c47236bd41d,c12a75d29dd96752f075cf3910771f22,delivered,2018-06-14 08:32:41,2018-06-15 02:37:36,2018-06-15 14:07:00,2018-06-21 21:17:38,2018-07-16 00:00:00
2192c6f4e9ece5c4e0091fd7f4dc4456,0cb3c058486712c7b9b00675fc04b402,delivered,2018-07-26 15:22:44,2018-07-26 15:35:22,2018-07-27 08:53:00,2018-07-30 17:50:59,2018-08-14 00:00:00
a4e84e3db34c5696f46c600ea20891e5,6e752ed2c9a8e333b6c074f8d2c5f028,delivered,2018-02-18 17:47:45,2018-02-18 18:50:29,2018-02-19 18:51:20,2018-03-05 14:19:45,2018-03-14 00:00:00
7258f5b1cf840900c133d9f7192b7a84,9d394287cc0e0045079b25d2df4adf87,delivered,2018-07-09 11:48:34,2018-07-09 12:05:04,2018-07-13 11:18:00,2018-07-14 14:08:55,2018-07-26 00:00:00
0ec9178c102513dbaf788344446a3305,b9327bc06bdba60b82aae640ae35c41e,delivered,2018-05-02 18:37:00,2018-05-04 03:55:17,2018-05-08 09:55:00,2018-06-14 18:03:34,2018-06-04 00:00:00
ae785dd71169275eba0d44a30412aa17,1a0f3e7e61d2a1b7896ea1daff9d0a87,delivered,2018-03-05 12:49:00,2018-03-06 14:35:48,2018-03-08 21:39:53,2018-04-06 20:18:26,2018-03-27 00:00:00
3f72f5304e4f8c8cd61260e86c8fa917,2a79bd6b8619530d1d3cc667733b9254,delivered,2018-03-21 21:33:45,2018-03-21 21:49:01,2018-03-23 00:51:38,2018-04-03 00:36:42,2018-04-16 00:00:00
4973b3b81af1585534c0b3de209acec6,723409d11424a9f6ea00c73150a9ee1c,delivered,2018-08-15 21:14:20,2018-08-15 21:44:12,2018-08-22 10:21:00,2018-08-29 11:21:38,2018-09-11 00:00:00
36eb3c711e799624b2138786f704d202,4d950685a82e9808218883d6be7b15d2,delivered,2018-05-14 20:02:39,2018-05-14 20:10:20,2018-05-16 14:01:00,2018-05-17 16:24:30,2018-05-23 00:00:00
5b48507655b462586747ad8e8e357f5a,64e20f73f3d7b5102461e9e66671bc47,delivered,2018-04-12 11:44:14,2018-04-13 12:50:35,2018-04-16 20:14:41,2018-04-19 20:19:13,2018-05-04 00:00:00
3162e7a4bd72ecb02f89eba7df43673e,808edf32ba781b5b1c5875a56cfe402b,delivered,2018-05-03 15:42:09,2018-05-03 15:55:08,2018-05-04 14:53:00,2018-05-05 16:41:03,2018-05-28 00:00:00
fe1e111fae7024187f42e73aecff899d,2e558ce29b3e5b9d52c2e2791802cb7e,delivered,2018-08-17 21:23:04,2018-08-17 21:35:19,2018-08-20 19:37:00,2018-08-27 17:32:14,2018-08-31 00:00:00
7dde8d5a4f827143962fb226ff159518,884fd013ac3c2168d3ecfce9752a5c6c,delivered,2018-02-13 14:37:52,2018-02-13 15:07:55,2018-02-14 20:16:52,2018-03-01 16:49:28,2018-03-14 00:00:00
5f787bb3e0a01a4f347192157c036791,61954273c451808b32e15fb11dbf9116,canceled,2017-03-13 06:03:37,2017-03-13 06:03:37,,,2017-04-03 00:00:00
417a8cf8c81a07cfdabc86eb32055c88,4feb6dedc0e9d41874b07d6e021830b2,delivered,2017-12-22 22:27:44,2017-12-22 22:35:26,2017-12-26 20:09:21,2017-12-27 16:25:05,2018-01-12 00:00:00
37efc102e49c3219c6ca92ce169327c9,3031c30daeda4aeb801d2967c7269bb4,delivered,2017-07-20 18:23:05,2017-07-20 18:35:15,2017-07-21 23:47:46,2017-07-31 20:35:41,2017-08-14 00:00:00
b7b5dee57b9829f64867e5c5d5dead9c,d848b943422d4209f6326dbee32c1373,delivered,2017-08-07 12:50:55,2017-08-07 13:03:13,2017-08-10 15:13:24,2017-08-16 22:12:46,2017-08-25 00:00:00
6b3cdbed424d70ab56266c0b3e5bb413,6a294ec7a846579c0f959db8704e0d91,delivered,2017-12-07 08:40:18,2017-12-07 08:52:30,2017-12-07 17:41:19,2017-12-19 19:14:36,2018-01-11 00:00:00
2717f8342150ce1ceff315167e350ad8,87e46a17040d87c365304152769daec1,delivered,2017-06-03 13:13:42,2017-06-03 13:25:12,2017-06-08 15:22:16,2017-06-19 16:05:27,2017-06-26 00:00:00
78ce488a8f58dbbb19e93dfd9d8d07be,54642ea10048a6edef2db04a848004d4,delivered,2017-10-14 07:42:55,2017-10-14 07:56:11,2017-10-17 14:28:05,2017-11-02 13:16:44,2017-11-06 00:00:00
c147eb82165b5b541fc943d0747eede3,17be06cc0afabcda984a489259f61d42,delivered,2017-09-29 15:35:18,2017-09-29 15:49:40,2017-10-04 01:46:33,2017-10-14 13:23:29,2017-10-24 00:00:00
60c16c9e17e36ec629293ce7daa6a9c9,b6fd5c47ae1a019bb093ea2333e47771,delivered,2018-03-30 11:50:47,2018-04-03 05:35:19,2018-04-03 23:12:29,2018-04-19 15:22:27,2018-04-18 00:00:00
5601fa41e5818b9941a6bdd21978b6ac,f52d6c5cdf9a2638cf24e11bd300c158,delivered,2018-08-20 23:35:44,2018-08-20 23:49:16,2018-08-22 12:47:00,2018-08-25 18:12:41,2018-09-06 00:00:00
bc7378e3329da5c228531efaaabb18ae,5562b9ca12dd2d9bc4deaadb6774e3eb,delivered,2018-05-12 10:17:50,2018-05-12 10:34:36,2018-05-14 13:46:00,2018-05-18 12:16:47,2018-06-12 00:00:00
fc18f2b39a405a27ba3597b24a5828b0,bf1e5a528dee21a009ea9b2e7562c1b6,delivered,2018-03-04 12:14:15,2018-03-04 13:21:28,2018-03-06 02:21:57,2018-03-06 20:04:42,2018-03-15 00:00:00
7430885c75f59ac3b7526e69a5a21e98,2c524b1989927b7eccfc590b30e2f174,delivered,2018-02-12 14:34:27,2018-02-12 14:48:16,2018-02-14 20:33:26,2018-02-27 23:29:17,2018-03-12 00:00:00
4f75047c80b9b0d12d31580b5f3008bb,b00465426080c324a8ec2b0b95b84cf6,delivered,2018-04-07 10:01:58,2018-04-07 10:10:11,2018-04-10 01:09:22,2018-04-11 19:07:18,2018-04-25 00:00:00
1a449404ebac257b30cbe56e6500d36f,4bd01021296a16c4b09eced359a39194,delivered,2018-08-14 12:29:12,2018-08-16 03:05:24,2018-08-17 14:32:00,2018-08-21 19:36:46,2018-09-03 00:00:00
1c4b283e95602be28c975207016558f1,caa3fad70b77994e203633b13ea16118,delivered,2018-07-31 14:27:06,2018-08-01 03:31:47,2018-08-01 15:56:00,2018-08-07 18:55:31,2018-08-13 00:00:00
a1f0d7a839bac074bdbd34af57df3522,c737d4dc1b25c6627f043d18945822f7,delivered,2018-08-11 10:59:34,2018-08-11 11:15:11,2018-08-13 10:59:00,2018-08-17 12:28:47,2018-09-05 00:00:00
414b9060105f0e1590abf0d629738326,10617eb08de4394dd08e19b5ca6e624d,delivered,2018-08-12 13:01:30,2018-08-12 13:15:11,2018-08-13 15:16:00,2018-08-17 22:48:39,2018-08-24 00:00:00
bb5aa44bec3f6d4fa760ea726ec96d45,b0ea333373f15ee038166f4f0804875d,delivered,2018-03-08 09:24:59,2018-03-08 09:48:26,2018-03-09 20:28:45,2018-03-15 21:12:35,2018-03-21 00:00:00
a863affb6a47c4f9db158c4317174950,f2f8fc46c203702ae6880fe04ee11c7e,delivered,2017-11-28 14:16:21,2017-11-28 14:30:41,2017-11-29 23:18:36,2017-12-08 18:41:22,2017-12-26 00:00:00
1f01fe794c7b4f7066b38ad326c4bfa2,385a256091b789214a0bfbd295406bf8,delivered,2017-11-28 20:04:41,2017-11-28 20:17:23,2017-12-07 20:58:33,2017-12-23 18:41:13,2017-12-20 00:00:00
e2517c46af17605588f75af07711020e,3dd25f918986c79237adf34bf069fcd4,delivered,2018-07-15 13:34:44,2018-07-15 13:50:13,2018-07-19 08:54:00,2018-07-27 18:26:36,2018-08-02 00:00:00
0ad9d4e4f4c9746b59ddb9c18d30d241,34a015971bd8681dda63a6ac74d6c825,delivered,2018-08-02 15:30:52,2018-08-02 15:43:53,2018-08-03 11:20:00,2018-08-14 20:56:36,2018-09-05 00:00:00
264c045399fb02e9f309f715c2e5f3d5,fb59a914d813f4032a12be492a6450cf,delivered,2017-03-22 14:05:51,2017-03-24 01:31:55,2017-03-24 14:34:40,2017-03-31 17:23:50,2017-04-17 00:00:00
3e286b2b3cdfba0787bfddb3b98c894f,0d7913ebe7c29fc63f3f613d6ae604f9,delivered,2018-06-11 19:58:55,2018-06-11 20:22:52,2018-06-12 13:43:00,2018-06-18 13:46:35,2018-07-25 00:00:00
c783d28b6b50273d1c44505fb6276b2b,b8f48f9883fa05a9e6fa06367fce7e87,delivered,2018-02-08 12:37:34,2018-02-09 02:50:19,2018-02-16 22:16:28,2018-03-08 16:22:14,2018-03-07 00:00:00
6a645937a67633b590e3f491c0123051,c445d87053c4f9eea8ff61b550848adb,delivered,2018-01-06 10:06:00,2018-01-06 10:15:19,2018-01-13 02:22:09,2018-01-24 16:59:55,2018-02-09 00:00:00
edd96b4f322cd7181741044d2e016158,836760dcb82c039d393284e02bf6d7c3,delivered,2018-05-05 18:28:19,2018-05-05 18:53:46,2018-05-07 13:53:00,2018-05-08 16:28:41,2018-05-17 00:00:00
ee6830242df204d5290f7c4704464b56,b368cc425925f8ed96a9b3af761463a3,delivered,2018-02-23 15:31:06,2018-02-23 15:54:21,2018-02-26 19:42:34,2018-03-06 23:09:15,2018-03-15 00:00:00
037ce5266460af220f19d497b130e737,1fb2b3173fbb54f9f1cd14e45513f194,delivered,2018-07-27 09:25:33,2018-07-27 09:44:21,2018-07-31 14:05:00,2018-08-01 22:34:35,2018-08-08 00:00:00
b5e3ecf507a50073bb07d54786f46337,c3c64fb35dba7672405d04b173e09f1a,delivered,2018-06-05 23:41:55,2018-06-06 23:35:15,2018-06-14 14:23:00,2018-06-21 23:27:38,2018-07-16 00:00:00
e68e94b6a14ff7711112ed20ae74ea3e,3a723250139d38a4d2eb9f12d73a9774,delivered,2017-11-24 17:03:45,2017-11-24 20:52:43,2017-11-27 18:03:06,2017-12-01 20:11:56,2017-12-18 00:00:00
dc8a9d1dc88367aef471e8e810c16ec9,229a82acdfc80e86ad990006c332e0d5,delivered,2017-11-28 15:26:10,2017-11-29 02:18:10,2017-11-29 21:03:40,2017-12-06 19:07:22,2017-12-18 00:00:00
90bceae1ce643ca4e7d4ba5639925f90,f5f7d3770d19c8d145d6b3d11b49a001,delivered,2018-03-14 10:28:29,2018-03-15 03:15:29,2018-03-16 17:44:51,2018-03-23 22:36:47,2018-03-26 00:00:00
bcfc900d23f41400778893ca87dc5219,d0bc71f7637a651cd69a6dfa7004cfc3,delivered,2018-05-03 06:29:17,2018-05-04 08:31:53,2018-05-05 08:40:00,2018-05-08 11:42:36,2018-05-18 00:00:00
c412ea96a1bc4eb7f1a96cd61bbdc6b0,a58f63c9d52e1c3f3a753987d21d62a2,delivered,2018-05-14 10:26:58,2018-05-14 10:35:17,2018-05-14 13:31:00,2018-05-21 16:42:45,2018-06-06 00:00:00
d288a830bb769fc15a7a29edf445e1e5,ba03ba4dc3409210dc18b3dbbcec2912,delivered,2017-11-24 13:44:38,2017-11-24 15:54:50,2017-11-27 13:54:28,2017-12-05 13:42:45,2017-12-19 00:00:00
a4ddd6b5c527bd3652847b3003b89cad,f8b493e54698a4115ab6958d72e11b6c,delivered,2017-08-25 00:40:37,2017-08-25 00:50:12,2017-08-25 18:52:29,2017-08-28 16:34:49,2017-09-11 00:00:00
6d9d2249defb1e5a1da402229dac3928,52438b631c1ceb4674e3a5a1fe586818,delivered,2017-08-29 16:53:06,2017-08-29 17:05:14,2017-09-01 19:08:59,2017-09-08 20:02:27,2017-09-22 00:00:00
2e699b7e112d1e8013c93a50c27a3973,5f31c34eae6894ae0b62423bdce88bcc,delivered,2017-11-10 13:43:11,2017-11-10 13:55:25,2017-11-17 12:30:27,2017-11-23 19:24:47,2017-12-04 00:00:00
cff46468993417e62aaa9555e5b06195,77d697d535b401291fd2a9efe2c9544b,delivered,2018-05-16 16:09:15,2018-05-18 02:36:32,2018-06-11 13:12:00,2018-06-14 20:35:32,2018-06-04 00:00:00
f9f55a148dc1cd670fc3c9ecc31aa1d6,7a21fb9a959b50e5cd75ee07a1ff098a,delivered,2017-11-19 15:11:59,2017-11-19 15:26:33,2017-11-22 01:33:01,2017-11-24 18:52:50,2017-12-11 00:00:00
e148d34dad8db4dc18a911c2a74413d7,5ddcd01413e76d53e9ee604f43d65430,delivered,2018-05-24 11:28:18,2018-05-24 11:53:22,2018-05-25 13:16:00,2018-06-07 23:52:45,2018-07-03 00:00:00
c5d3cee440eb83e631a641c4da2ef16f,06c6f4eaf3c4f75577aced1da71c244f,delivered,2018-06-10 23:04:44,2018-06-10 23:15:20,2018-06-11 09:39:00,2018-06-23 17:19:24,2018-07-13 00:00:00
f7b13a5afd48ca5bcf589a25d5377b00,d791834a0555c0062e98d735083f4373,canceled,2018-07-12 12:14:56,2018-07-12 12:30:12,,,2018-07-30 00:00:00
ca6bd54a877cb432b4fb96afe8f6edff,3ee62dc0cd0fa17be76cdf402d7f94a2,delivered,2017-02-08 23:56:06,2017-02-09 00:31:50,2017-02-13 16:15:25,2017-02-15 08:34:32,2017-03-08 00:00:00
8240adde075daa46a7635c1fb7bc26df,9a6fd60a950b42557e63ba370a5e27c6,delivered,2017-07-15 20:30:08,2017-07-15 20:43:36,2017-07-18 21:43:59,2017-07-27 21:08:11,2017-08-10 00:00:00
fbfb6fccd8f50100dfb9a416960ad0f5,4f94061eba21fa299f68bc2a58da138f,delivered,2017-07-31 16:36:32,2017-08-02 02:55:15,2017-08-07 15:45:42,2017-08-21 19:03:00,2017-09-11 00:00:00
8a978fd62dcc5d4c42fe95a394f718bb,1c63bb604d3d1925644f1449af9b9a61,delivered,2017-11-15 01:44:28,2017-11-17 03:35:46,2017-11-17 21:02:38,2018-01-10 00:04:39,2017-12-18 00:00:00
ddda97894b0f0b42d8e7a4f28dda93a6,f32232e21eee956c6c2bd9e6457ae670,delivered,2017-10-27 08:45:30,2017-10-31 03:55:29,2017-11-01 18:49:30,2017-11-06 15:41:46,2017-11-10 00:00:00
ab7544e83b5c2c2408039d0700064951,540b55779714563d96aee5c6fc8728bf,delivered,2017-09-17 16:10:42,2017-09-17 16:25:18,2017-09-18 20:07:04,2017-10-02 15:34:09,2017-10-09 00:00:00
d4148052141383039b68bbb6bd525f3b,f3c52e9863e8cfcb77e896e4a75be1b3,delivered,2018-03-20 18:09:48,2018-03-20 18:28:08,2018-04-03 19:38:39,2018-05-22 15:52:29,2018-04-26 00:00:00
74f9bd2026845a5fd61c4dddd3a54503,8cd815c4851d1692f63dbc8b1231a19d,shipped,2018-01-16 13:31:29,2018-01-16 14:32:31,2018-01-17 19:22:39,,2018-02-02 00:00:00
ab51bb38b6e7c106b180842ccae7c07e,be59d1e735bcfa28082f235468e3245c,delivered,2018-08-08 15:18:04,2018-08-08 15:30:17,2018-08-10 13:52:00,2018-08-15 15:37:48,2018-08-20 00:00:00
6afd909a05ed31cc089bc63300ffc2e1,245f25690dd45fbd1e15f4941d9a6439,delivered,2018-07-25 18:33:29,2018-07-25 18:45:14,2018-07-31 14:01:00,2018-08-02 14:41:47,2018-08-08 00:00:00
22123477211e85bfeb19060481d02135,c924a61b4c49f29bdf7336649d89240f,delivered,2018-08-08 11:35:12,2018-08-08 11:45:22,2018-08-08 13:53:00,2018-08-16 23:55:47,2018-08-22 00:00:00
c96e52fd91fc51921c9ed964b468d9e3,20a043e654e799b1b633644c0f1e17ed,delivered,2018-01-22 18:15:21,2018-01-23 03:37:48,2018-01-24 16:42:57,2018-02-06 23:59:37,2018-02-15 00:00:00
90f70c93b68739ab031eaa26a03c1620,d06bac79a0cb6c8f12358a82a468f1b1,delivered,2018-03-01 22:07:12,2018-03-03 02:50:46,2018-03-05 18:05:07,2018-03-14 23:08:33,2018-03-22 00:00:00
901b43947af8cf93ba28921adc6bbb8b,5039a0deaaeb41b8cd4135964d681bb6,delivered,2017-08-28 11:38:09,2017-08-28 11:50:18,2017-08-28 19:27:33,2017-09-12 22:30:03,2017-09-20 00:00:00
eb3c2af8fb549b98c453e7bfb641da91,9323fd17ec223b6127816f5a6b2e99bf,unavailable,2017-05-09 09:37:25,2017-05-09 09:55:25,,,2017-06-05 00:00:00
7140f1766a80ed09f082a42b25dfe173,89d340cae0f026247da19f8973eeb46d,delivered,2018-05-09 11:25:38,2018-05-10 03:49:47,2018-05-17 13:38:00,2018-05-22 14:22:18,2018-06-20 00:00:00
8c389c12aa23b689926d20a01729206d,c8fd59bd341fb70b98b85a0a01e4def0,delivered,2018-03-05 20:13:00,2018-03-05 20:28:46,2018-03-07 23:29:02,2018-03-12 22:37:25,2018-03-26 00:00:00
26e66858735be44e0f1875beba05fa56,5df59f65c7e2d277e3cf59d76dc2fa80,delivered,2017-08-24 22:10:43,2017-08-24 22:25:09,2017-08-29 19:13:52,2017-09-06 17:46:33,2017-09-20 00:00:00
cd62738b275de1aca104da8e9ee761a8,e3f390f6f590be2be7cc0c05cd54ece6,delivered,2017-11-16 12:18:37,2017-11-16 12:30:41,2017-11-22 21:22:52,2017-11-24 21:02:12,2017-11-29 00:00:00
a5903a529b9519a24ef2252f50a19cbe,02d683623fe8a7afb049181a823afefa,delivered,2018-06-02 10:26:07,2018-06-02 10:51:14,2018-06-05 08:08:00,2018-06-12 19:12:17,2018-07-12 00:00:00
cbdf8cd4ae312edc69cf3452d01f0671,74eedbe716163c409e8fed50c1aa6d68,delivered,2018-06-24 18:53:27,2018-06-24 19:20:13,2018-06-25 11:26:00,2018-06-26 18:04:10,2018-07-12 00:00:00
afb8aeea3fe0100ad482da1f5c8cd860,0ad854ccd5f47d7c60dc5f0312901d6d,delivered,2018-03-02 09:35:13,2018-03-05 10:35:47,2018-03-06 18:36:59,2018-03-15 22:58:27,2018-04-03 00:00:00
ba51874504000c8e2b9d439d66b6b099,1e9d08279906bfa93811f5d8b8c92523,delivered,2017-04-01 10:30:09,2017-04-01 10:42:21,2017-04-05 12:42:57,2017-04-11 12:22:35,2017-05-11 00:00:00
4dda84ad43d105c6d3b73004b4f647ba,fdb36c22d41b103254e36859f1ed9b17,delivered,2017-08-16 09:48:02,2017-08-16 10:05:14,2017-08-17 13:14:00,2017-08-31 17:16:36,2017-09-20 00:00:00
c2411b9c7822d227e3e48018405a0594,464ad1fa19f2a649e39193e5c98b8300,delivered,2018-01-25 23:24:56,2018-01-25 23:35:37,2018-01-26 20:19:09,2018-02-02 21:19:12,2018-02-09 00:00:00
96c46a67e142856457aed166609e8ce1,f2958abbb4f5a35fc8a7eddebe58d30b,delivered,2017-07-26 19:10:49,2017-07-26 19:23:09,2017-07-28 18:42:10,2017-08-09 19:44:51,2017-08-18 00:00:00
8131a21c0655540d820b50ab3e4d4d14,3f4b51ef2a752bb1a40f1d9415f053be,delivered,2018-01-03 13:33:18,2018-01-03 13:45:23,2018-01-04 18:23:01,2018-01-17 13:42:25,2018-01-19 00:00:00
260799d8b7f9539cd4cd5a5e513a281d,43a19c990dbc81b4b1c64ace0bbf8539,delivered,2018-03-18 11:09:02,2018-03-20 03:28:30,2018-03-21 12:26:48,2018-03-23 00:07:50,2018-03-29 00:00:00
01721e0729fcb75ab238248fdbb48eeb,db14d5544e26caec33796e6d85486585,delivered,2018-03-19 13:31:24,2018-03-19 13:50:05,2018-03-21 19:04:08,2018-04-09 14:48:48,2018-04-12 00:00:00
2ce193276df0831b86cf55d9c47ce8a8,660dcf8706abc500a8167cec69994720,delivered,2018-07-13 22:24:57,2018-07-13 22:35:19,2018-07-16 14:29:00,2018-07-23 18:33:42,2018-08-13 00:00:00
00cb9736c0b43d6c1e2fbb2b88e69f6a,d73144ccd5680a3ed460ed34939c036e,delivered,2018-01-29 10:23:47,2018-01-29 10:39:33,2018-01-29 21:32:49,2018-02-16 19:23:12,2018-03-05 00:00:00
614c5211366c8eba5a0e31614d3444be,973c05ee535382752971820651767808,delivered,2017-07-17 10:51:44,2017-07-17 11:05:27,2017-07-17 18:23:57,2017-07-19 19:34:51,2017-08-04 00:00:00
d7b5f5a646cd59806a9e62d58f59fd75,119a9ef452d2d57f1e9273cb14ad7f20,delivered,2017-12-04 18:21:14,2017-12-04 19:04:42,2017-12-05 22:29:07,2017-12-18 21:52:05,2017-12-28 00:00:00
c81450deea020167372bd36d6af3073b,7ad2923d155f5b99d26250b4fe0acb3f,delivered,2017-12-07 10:16:49,2017-12-07 10:30:25,2017-12-08 23:16:55,2017-12-11 16:49:06,2017-12-26 00:00:00
1db24bbe4efc4770290d45aba1859d8f,7004621c5c13e35086dc0e1f0a4bb19f,delivered,2017-08-22 09:49:06,2017-08-22 10:05:52,2017-08-23 21:42:08,2017-09-02 16:27:48,2017-09-22 00:00:00
63154c299d1199262f60527437e156a5,b2d844119e557e4a04d7acff5870e62e,delivered,2018-08-06 15:30:10,2018-08-06 15:44:42,2018-08-10 14:21:00,2018-08-15 23:56:39,2018-08-20 00:00:00
5ce15ec3d65174e3ebfd1d12ee096fb6,405835f2dd9f1e03e48f2531ac2018f0,delivered,2017-02-24 09:27:44,2017-02-24 09:42:55,2017-03-02 17:43:36,2017-03-14 11:47:29,2017-03-27 00:00:00
5b66cfa802ab8ec833c1b80d28788f4a,41c8303028d145b20dfddccc9fb09262,shipped,2017-07-28 23:29:24,2017-07-28 23:45:17,2017-08-02 20:16:05,,2017-09-01 00:00:00
2b24fab07cfb3ca5b34f71a8b9934fde,e073ee9356bfef110cf4834bb89646f3,delivered,2017-11-30 10:26:58,2017-12-02 02:51:35,2017-12-12 14:58:27,2018-01-24 20:55:35,2017-12-26 00:00:00
de88fdac933df6da5421631550f027c6,9aae457bd5b5e8d016296183eeb6c83a,delivered,2017-12-13 14:11:15,2017-12-14 02:11:50,2017-12-15 21:43:08,2018-01-07 15:05:10,2018-01-11 00:00:00
b5abb8bf256812ff9e3632e72e6e9bc1,86d6acc63819436badea3a80f627baec,delivered,2017-05-03 13:36:01,2017-05-04 03:03:04,2017-05-10 10:43:36,2017-05-16 09:43:01,2017-05-26 00:00:00
cfc1cc329b18565c0bdb4aa77d042c93,490bdfaadbbec3b4bed71410e2adbb15,delivered,2018-04-17 15:54:32,2018-04-18 02:11:18,2018-04-24 15:48:25,2018-04-27 17:08:43,2018-05-15 00:00:00
25850021261764efbccacf5e29ed13f7,a3a7a7f97735f35a7b3f2cd88804e790,delivered,2018-05-18 16:29:43,2018-05-18 16:58:00,2018-05-21 09:45:00,2018-05-25 17:51:38,2018-05-29 00:00:00
a3c53273ed47fb96dac35247ea42a371,e2ff48f36d5fae7a4b203af47c9dd28c,delivered,2017-07-19 02:59:17,2017-07-19 03:10:08,2017-07-19 17:49:45,2017-07-24 19:16:15,2017-08-10 00:00:00
2ad6335dcfe920814c1cb0404c2bbbf4,3d2f1b957f2ab1d9e0355ba357544765,delivered,2018-05-08 22:14:57,2018-05-10 03:36:38,2018-05-11 14:13:00,2018-05-16 20:08:42,2018-05-25 00:00:00
ae30244c8470e653da0ebd82be453b8e,0d96322bbb3ebb688fc30c1a1aba3e5c,delivered,2017-12-11 21:50:38,2017-12-13 21:49:08,2018-01-09 18:36:47,2018-01-19 21:48:51,2018-02-05 00:00:00
40446434c53465a79e399826ce1723bf,b6d5df849766f3af1224b878dfbd4b14,delivered,2017-12-06 15:07:39,2017-12-06 15:15:29,2017-12-07 13:15:27,2017-12-19 22:35:04,2018-01-04 00:00:00
eb37544121736af22008931c8e3c30c8,f282ca1cad395842df66c466afdb7192,delivered,2018-06-19 16:49:09,2018-06-19 17:26:26,2018-06-28 14:15:00,2018-07-11 18:51:38,2018-07-26 00:00:00
aaa69c5aba2f6b490490257c4195e5b7,8e7d1141a6215378a176dcdabbc6ebe5,delivered,2018-05-15 22:33:45,2018-05-17 03:16:26,2018-05-17 14:23:00,2018-06-04 22:48:51,2018-06-06 00:00:00
7652fbc918bcb58171f18ea78031a986,453b016d1aa90100969032ca4efc7b8d,delivered,2017-06-21 14:03:19,2017-06-21 14:15:19,2017-06-27 11:18:01,2017-07-05 15:12:19,2017-07-13 00:00:00
62ff10e32649e2f8d65d3acf35c67580,a51697fb881f6f08a3780d094ecab25d,delivered,2018-06-28 10:07:25,2018-06-28 10:31:26,2018-07-03 11:58:00,2018-07-05 16:04:07,2018-07-20 00:00:00
098e78dea9fc1a1e1e49c220f27dcea4,4a6ed71930a8dcd917e76a360713582c,delivered,2018-06-16 08:33:44,2018-06-16 08:58:54,2018-06-28 11:18:00,2018-07-11 17:44:59,2018-08-03 00:00:00
eb28ab50f433eaa5e736e420098ab5bb,e82943f014b3bbbc9a6f7bbc9c7e225a,delivered,2017-10-24 23:45:11,2017-10-26 02:57:07,2017-10-26 18:55:48,2017-10-31 21:38:48,2017-11-10 00:00:00
a6d934d331efb68761bccb25bc87d170,50ecbfb5620e40761c024319ff82597f,delivered,2017-06-05 09:56:03,2017-06-05 10:10:18,2017-06-06 16:33:45,2017-06-09 11:55:35,2017-06-29 00:00:00
84f788243b8e0583367e3a10ceee9457,11a146e1036640e0eb9c57b047937115,delivered,2017-02-16 12:58:36,2017-02-17 13:05:46,2017-02-20 12:21:38,2017-02-22 21:45:54,2017-03-15 00:00:00
0d8da831bc2c714f49c5f8a7a3c98c3f,f36d332032fc3052fd5e3db3f5072bb2,delivered,2017-11-20 10:59:33,2017-11-20 12:14:47,2017-11-22 19:52:11,2017-11-24 19:48:38,2017-12-01 00:00:00
dfe7353903177f63322383393e2111bc,027e8c3fbdb7694e9b0824865a13388f,delivered,2018-07-08 13:01:22,2018-07-08 13:10:14,2018-07-10 13:53:00,2018-07-13 19:36:53,2018-07-27 00:00:00
8eb24c188d84ebe158dbca10d4799e47,6eebf7aa3101947d93e829103bfbe1a6,delivered,2017-10-15 12:58:53,2017-10-17 04:09:38,2017-10-20 17:06:02,2017-10-21 12:23:25,2017-10-26 00:00:00
b0328b109f45385c8736506194da39a0,15e434f0b851bcf791f079859e01ce9f,delivered,2018-01-22 12:27:58,2018-01-22 14:54:09,2018-01-26 09:12:06,2018-02-06 21:56:01,2018-02-23 00:00:00
9344079d5fbb7dd79af908b7eb667db7,be169d57b327a59f2db49cffdc6caf13,delivered,2018-08-28 15:11:49,2018-08-29 03:15:39,2018-08-29 09:47:00,2018-08-30 17:28:28,2018-09-03 00:00:00
9903b060ffcaca9244088e1f834fde2e,f5f98b8b49e81546b497efacf2b9a261,delivered,2017-03-12 13:45:19,2017-03-12 13:45:19,2017-03-16 08:37:39,2017-04-03 14:09:40,2017-04-07 00:00:00
ee8bf4127ce5d16fe9b6e5a9a58a17e4,073ebb17283da3efb59b430f7efed1a8,delivered,2018-01-20 20:03:39,2018-01-20 20:20:19,2018-01-23 11:18:01,2018-02-01 18:03:01,2018-03-01 00:00:00
2565582c3ffde36251dbe19595831796,8b880ab73383ab5b2d89b1433cc10883,delivered,2017-07-16 18:21:08,2017-07-16 18:30:15,2017-07-21 11:13:40,2017-07-28 17:59:04,2017-08-08 00:00:00
f34699737a8024355fb671195506a38e,7c48f7c0d3dc263cb9c47536730b1b7c,delivered,2018-01-26 16:04:34,2018-01-26 16:19:42,2018-01-30 19:33:52,2018-02-08 12:57:58,2018-02-19 00:00:00
17229fc3b255deaf774bd892c1673951,70685ed2b54ea53d14b41a1e7c57b06d,delivered,2018-06-04 12:12:32,2018-06-06 02:54:27,2018-06-06 11:25:00,2018-06-13 19:18:49,2018-07-05 00:00:00
65fe7f2628dd3b6f2d27c15d098517d7,3f0ea2f859e89614d988f285da85e2c3,delivered,2018-08-24 17:59:20,2018-08-24 18:15:09,2018-08-28 09:26:00,2018-08-29 16:41:04,2018-08-31 00:00:00
4aaaefa45fefe779e9ab924f17eb4999,b2ec0a5ded4fe96d741176331bc08670,delivered,2017-11-30 22:06:34,2017-12-01 10:30:57,2017-12-04 21:07:14,2017-12-12 18:28:38,2017-12-26 00:00:00
9ac9cdfc539eaa872e8d0c652d660e6b,dc099664976e53ce3c32de9b9d7b321b,delivered,2017-11-19 14:03:22,2017-11-19 14:15:23,2017-11-20 20:43:52,2017-11-24 20:24:42,2017-12-15 00:00:00
bfed0a7badf0fead6a8afff1f945ee51,d0299904c5fa5e5937428d93eff7a783,delivered,2018-01-29 20:19:55,2018-01-29 20:52:02,2018-01-30 22:53:55,2018-02-01 22:05:53,2018-02-21 00:00:00
4efbb5172eeaa8a9dd5a9483cfae3637,0b50844de62819a161d73310474dcef9,delivered,2018-01-18 09:10:39,2018-01-18 09:17:20,2018-01-29 23:58:52,2018-02-05 20:48:43,2018-02-16 00:00:00
1150c73ca4c9c78e59170256f8b93e16,4766d0158128ca5a8d6c2171d952b0bb,delivered,2017-12-07 10:09:10,2017-12-07 10:17:27,2017-12-07 17:49:47,2017-12-08 15:33:46,2017-12-26 00:00:00
e75d059453904de3d7f754515669b3e7,c46061cd5153f35604f9e9a2130df702,delivered,2018-03-22 17:25:27,2018-03-22 18:05:36,2018-03-23 19:41:51,2018-03-26 21:33:34,2018-04-04 00:00:00
56d77d50d54aa1f038e28f269311b4d3,5e3448d638142fc5e6790f88cff5c44a,delivered,2017-11-26 18:20:51,2017-11-26 18:32:53,2017-11-28 22:54:22,2017-12-05 20:27:04,2017-12-20 00:00:00
8f50cc58ca77e14764fb138fcbde2b5c,49b7f4b8c8763e53db25cc894be8cfc7,delivered,2017-10-16 10:16:48,2017-10-16 10:28:19,2017-10-16 16:43:37,2017-11-06 17:11:42,2017-11-07 00:00:00
d9ca61396a9cb4e2dc88b06f7fc8df70,58a08ffefd8334e53a2250ce99828c61,delivered,2017-12-09 13:31:40,2017-12-12 03:49:54,2017-12-14 00:38:59,2017-12-26 19:22:27,2018-01-10 00:00:00
aa4bd1aa4ff7249ea156343f704478a0,d39cfc95a6ba2cbd9cfa6bb862fd8d77,delivered,2018-08-18 09:47:18,2018-08-18 09:55:14,2018-08-20 08:49:00,2018-08-24 20:28:32,2018-09-12 00:00:00
2cbc46ff3ce1f5fb3c5ccdce7157b8fb,2985a69f43a3e22e6147e29d5af17093,delivered,2018-07-15 18:01:16,2018-07-16 18:31:30,2018-07-17 15:44:00,2018-07-23 20:48:33,2018-08-08 00:00:00
c617d0b68da07a11637ca641f467fb9e,2cc1a78f75112803b9530faa8b01a81e,delivered,2018-03-05 15:55:21,2018-03-05 16:15:49,2018-03-06 20:05:42,2018-03-10 15:43:44,2018-03-21 00:00:00
87cf2adfb8afa786cac2d49bab89d389,1c6579ddbb2f786b7e5749ee5a227b14,delivered,2018-02-14 15:27:34,2018-02-14 15:48:04,2018-02-20 20:26:50,2018-03-14 11:56:41,2018-03-16 00:00:00
f8bae43b5bec9eb0d3ae12b8d3b72884,2ca4b915b2b5180d7fb15f433032c6a3,delivered,2017-11-19 17:38:58,2017-11-19 17:50:33,2017-11-20 20:37:07,2017-11-29 15:57:05,2017-12-12 00:00:00
5dd92537254a116aef59638c895dc4c4,cb3854593d940470990944eb8e8d44f8,delivered,2018-01-05 21:25:29,2018-01-05 21:36:24,2018-01-09 18:54:30,2018-01-16 23:45:56,2018-02-02 00:00:00
da309a63c2221b6b10cc09ee29c9a1c6,e40ecd3ecabf7e589cb4974ff0d36979,shipped,2018-03-14 22:39:13,2018-03-16 03:45:26,2018-03-19 17:03:14,,2018-04-02 00:00:00
14f1fe61fec0f60c84af122793ddf0f9,c315dd3d73c2a07103f3c49f6cc9e19a,delivered,2018-06-12 08:43:30,2018-06-12 09:01:59,2018-06-13 12:32:00,2018-06-16 16:42:26,2018-07-03 00:00:00
1ddb26b7e0414dad836e1a828c8ecfde,f159bff6ec40685dbd89b0790794cc90,delivered,2017-12-15 02:49:48,2017-12-16 02:37:38,2017-12-21 22:48:42,2018-01-06 15:27:39,2018-01-19 00:00:00
2787b157e624680cffc26163900e2543,119053da640dded32c4fe454527f73dc,delivered,2017-06-20 09:16:50,2017-06-21 09:10:12,2017-06-21 21:03:47,2017-07-10 21:07:43,2017-07-20 00:00:00
87a99c9be1a72ccd14a90ce72e2544c3,80cb3c3b83d869aba61142daa276a508,delivered,2017-03-22 16:32:14,2017-03-22 16:32:14,2017-03-24 15:22:15,2017-03-30 12:47:47,2017-04-10 00:00:00
18af086e1527bd81145db05cf74a0188,d0dca9fa8ba474fb83bff280931f0bd1,delivered,2017-04-11 21:07:00,2017-04-11 21:22:24,2017-04-17 16:08:10,2017-04-20 14:27:26,2017-05-03 00:00:00
fb76ca91d6aa4a18429f91a8991355c9,a5d66cfedb4fede833ea22d0d53a8a84,delivered,2017-08-19 20:46:24,2017-08-19 21:04:25,2017-08-23 18:42:18,2017-09-05 09:17:40,2017-10-02 00:00:00
9ea96fb95e4f5580a50a0dca1e9ae212,bac08432f3a6d4d52148ef6fcdb645fc,delivered,2018-07-31 17:27:43,2018-07-31 18:31:04,2018-08-01 15:46:00,2018-08-04 20:38:38,2018-08-13 00:00:00
54243ef50fa7c7f650224a26f43bb90c,9992dd6e05230ed6258a1e7fd24d34dc,delivered,2018-07-01 12:18:03,2018-07-01 12:30:13,2018-07-03 12:22:00,2018-07-11 23:32:44,2018-08-03 00:00:00
b362e77722405d304dc6fb5947ea3bea,f62c129511fd69648c45b74571444807,delivered,2017-09-05 21:43:55,2017-09-05 21:55:13,2017-09-12 11:46:42,2017-09-26 20:08:14,2017-09-28 00:00:00
a257a1b730eacbbf17f67bfd45703f8f,50fa790025bcefae879b3c497abf5f33,delivered,2017-02-13 14:48:03,2017-02-13 15:02:50,2017-02-14 10:31:54,2017-02-20 11:27:52,2017-03-10 00:00:00
304c4a8ef20139552992b5377ef4a113,471084a5a72b0eebf59b306a9a125643,delivered,2017-08-14 17:29:46,2017-08-14 17:45:29,2017-08-15 17:10:23,2017-08-16 20:23:48,2017-08-29 00:00:00
188f31b5ce7e58114dc03f7d6289f9a4,61691ca23f39f8e8e2d01afdc2f00e41,delivered,2018-06-15 16:04:04,2018-06-16 16:18:19,2018-06-18 13:09:00,2018-07-08 18:11:06,2018-07-19 00:00:00
ae86d34df00588adb32b46f5019f7516,96cdc262f3e83639c49bc5208b416d9a,delivered,2018-07-18 13:11:04,2018-07-18 13:25:14,2018-07-19 11:29:00,2018-07-24 18:38:39,2018-08-01 00:00:00
f0e74c12ef7d4fd25bec19ecddee5438,d038105cb35ab8f8b3c0575e00873058,delivered,2017-11-22 14:45:54,2017-11-22 14:55:26,2017-11-23 19:47:08,2017-11-28 19:48:56,2017-12-12 00:00:00
3399f91082946658c51c68a6562560ff,5609249b15221c011b00969d55035f06,delivered,2018-07-22 16:54:28,2018-07-23 12:32:35,2018-07-24 09:33:00,2018-07-31 11:31:48,2018-08-13 00:00:00
0e2783bb1c680d7ff6b56a267982e44f,ef7e468943cc8d80fe84e845e5e5213c,delivered,2017-07-05 23:45:00,2017-07-06 03:55:10,2017-07-13 13:52:11,2017-07-19 13:26:48,2017-07-31 00:00:00
e133484bb56ab62cab0d3f31517d28be,96d6283afdbfd60547b78e923743a9fc,delivered,2018-03-16 20:11:26,2018-03-16 20:30:19,2018-03-21 19:11:09,2018-03-24 16:23:33,2018-04-04 00:00:00
4464462d945bc41b8b7cc74d04722969,a45f5a73ee713a736acd6e75c9c836e6,delivered,2018-01-22 20:54:06,2018-01-22 21:14:14,2018-01-23 23:46:47,2018-02-05 16:32:32,2018-02-20 00:00:00
03f4f8149c605fb477250ac94f70c0cc,966912f20c8442f872cefe072d749ce6,delivered,2017-11-24 16:33:34,2017-11-24 20:32:40,2017-11-29 18:38:02,2017-12-19 16:48:34,2017-12-21 00:00:00
205214f7f27b2cea7e82fb18e87a9369,1278e26f72676a29d4f3e6ab0520fee8,delivered,2017-03-05 19:41:00,2017-03-05 19:55:13,2017-03-08 11:24:33,2017-03-10 17:38:00,2017-03-23 00:00:00
ac6c9728a9a697625d944597f41b8387,f654b8a617f9ccc800833c01e1313434,delivered,2017-09-14 20:08:34,2017-09-16 09:45:14,2017-09-18 17:17:50,2017-09-28 19:43:40,2017-10-10 00:00:00
5c7932e52b3c1515dbad06328d81d6fa,7dbc7e3964ce88c85cfdcdc61320d724,delivered,2017-12-13 08:52:59,2017-12-13 09:11:06,2017-12-13 19:48:50,2017-12-18 21:08:14,2018-01-08 00:00:00
243fd4d4dbddf371c229a0122ac3e661,53b5e9fac240fef6f8336dc01cb6003b,delivered,2018-08-15 14:02:31,2018-08-17 03:09:47,2018-08-17 14:43:00,2018-08-22 22:33:57,2018-08-27 00:00:00
0f3827e8b786c3d934c0863c1690603d,3b00ef5e72ddc9ea0209d45514deddec,delivered,2017-01-21 08:50:04,2017-01-21 09:05:14,2017-01-23 11:06:28,2017-02-02 16:12:11,2017-02-22 00:00:00
553b504826f11364a11e938375721a61,56be18e14702464c0b839bd9a735a36e,delivered,2018-04-03 08:51:10,2018-04-03 09:09:52,2018-04-04 13:37:02,2018-04-18 20:36:24,2018-04-23 00:00:00
bfdc35e6060f9b6cd2227b660dfc3b70,2f8fcd269075c37465fd25597ed3b5ac,delivered,2018-08-10 11:23:47,2018-08-11 02:44:41,2018-08-13 12:23:00,2018-08-15 17:12:10,2018-08-24 00:00:00
e1b7f8eb9bb3d4ba1c2e244574a71647,1bb679bae07f42ad12c2f81e473ce344,delivered,2017-08-29 09:49:32,2017-08-29 10:04:30,2017-08-29 16:58:10,2017-09-14 20:42:23,2017-09-20 00:00:00
be382a9e1ed25128148b97d6bfdb21af,0c792d32a3251b4f69dae8646dfbedbc,delivered,2017-11-04 17:29:15,2017-11-07 16:31:17,2017-11-21 14:22:28,2017-11-23 20:28:46,2017-12-01 00:00:00
745d2763c76bb75f1267554899ed96da,1fa0b2faf3792a27a0ae71480c5c1e72,delivered,2017-05-08 19:30:56,2017-05-08 19:42:34,2017-05-10 16:04:06,2017-05-13 10:42:05,2017-06-09 00:00:00
2da95ed34624aa01afbd04c55751b73e,99a92cc95d27398c24ca29ff27e74fe9,delivered,2018-05-03 21:29:51,2018-05-04 21:33:31,2018-05-07 15:35:00,2018-05-14 19:48:54,2018-05-25 00:00:00
d5ba4800b58a75d721450cb4ce724015,410b9be6153ea16cfc4ae635785aafe8,delivered,2018-03-26 15:54:38,2018-03-26 16:08:27,2018-03-27 19:12:08,2018-03-28 20:11:00,2018-04-06 00:00:00
070a5949c100efc1ad56b852f5a278d0,1c630f82e544e04d286e1fc9e95c6bdb,delivered,2018-01-19 17:30:52,2018-01-19 17:50:16,2018-01-22 16:59:05,2018-02-14 15:17:36,2018-02-16 00:00:00
fce519e8efb0019251a9379e9bd86a0c,0093a68265f18be3adbbe054dc4c9295,shipped,2017-07-25 23:39:24,2017-07-25 23:50:15,2017-08-01 19:32:45,,2017-08-07 00:00:00
445a17ac1fde5a5ac27faedc9b38318d,9e925aa5944b07603d9db492ec1455ee,delivered,2017-12-11 09:15:28,2017-12-12 03:50:14,2017-12-13 11:22:30,2017-12-15 15:53:25,2017-12-28 00:00:00
5ebe913dc009bb2798496dd85fc352bc,1472a76c9d36fd2791393544b9c92983,delivered,2018-05-08 08:22:36,2018-05-08 08:56:18,2018-05-08 12:26:00,2018-05-11 21:59:03,2018-06-12 00:00:00
94f23feb252cda8e4bf2380428a1c42f,c93ebba7ff597e5be398633ecd66561f,delivered,2017-09-17 14:17:22,2017-09-18 14:30:19,2017-09-20 16:43:57,2017-09-21 21:18:57,2017-10-03 00:00:00
ba117be14faa7ae140a5f8139304e2b6,b22a276dd196f751036c2a5663c7c082,delivered,2017-05-11 20:12:19,2017-05-11 20:22:19,2017-05-12 09:25:54,2017-05-25 13:31:59,2017-05-19 00:00:00
60d7d8686099e4682199966963c66ae2,58efc48a0054d0f88fa75bb458a3ecc2,unavailable,2018-07-13 09:24:40,2018-07-14 04:43:54,,,2018-08-10 00:00:00
dd74aa86ac49c4818ea173b6a376d8de,2dd21bcff00bdf23764d180e6b65e7c9,delivered,2018-02-03 14:05:15,2018-02-03 14:30:19,2018-02-08 23:57:47,2018-02-26 20:43:20,2018-03-01 00:00:00
f94e7fe62953e889ccdc4af045dbe8f0,63fd9170b32b31124ab00a1f8ed620f9,delivered,2018-05-29 13:14:02,2018-05-31 03:35:59,2018-06-01 13:36:00,2018-06-08 21:11:56,2018-06-29 00:00:00
802e3d87f22a8d09eb0248bfcd916f28,3c2e9edfc1bd76d707bc1b189b870b1d,delivered,2017-06-08 13:19:18,2017-06-08 13:30:27,2017-06-09 08:48:01,2017-06-16 15:19:40,2017-07-03 00:00:00
7f6587c574937c14c8152bfa42b2312c,abb03979e095eecb78777796b3ae9f92,delivered,2018-02-04 22:44:38,2018-02-04 22:55:25,2018-02-05 18:18:49,2018-02-15 18:08:34,2018-03-07 00:00:00
e9df4254faf2fe70bfbff4c0abe4fb7c,3d1d66accf98c118e170e779aab66b67,delivered,2017-01-21 14:22:49,2017-01-24 03:45:13,2017-01-27 08:58:51,2017-02-07 11:28:05,2017-02-20 00:00:00
b886aff8576c2f1f035c507ba7fd6a9c,28b41c7b6f3d16d027bfea553f86c827,delivered,2018-04-20 16:29:38,2018-04-24 19:23:55,2018-04-23 20:46:37,2018-05-03 21:45:47,2018-05-23 00:00:00
323d47b2350119b2f1da2f6fe63e1e73,b4822e42a92e0d848ea0a71ff7e0b379,delivered,2018-06-25 20:37:05,2018-06-26 20:30:15,2018-06-27 10:06:00,2018-07-03 18:03:59,2018-08-01 00:00:00
9d4c08e426c35fb1583e031f8dbacc93,01b44b1e958a6a9d32db09ea5a1e77b0,delivered,2017-04-20 22:06:49,2017-04-25 08:22:58,2017-04-26 09:21:50,2017-05-05 14:42:12,2017-05-17 00:00:00
fc7e6d607ce832df24d06b153b3a6c1e,1ac29b36972ba96366742ac84a549569,delivered,2018-04-01 13:18:34,2018-04-01 14:07:37,2018-04-03 02:35:28,2018-04-13 23:12:12,2018-05-04 00:00:00
30a08f0074bc43c8284b61015a6c530d,3a28a125ae8571da188c2152082fabf5,delivered,2018-05-29 14:38:03,2018-05-31 03:35:45,2018-06-04 14:45:00,2018-06-12 18:59:58,2018-07-20 00:00:00
a70e2a7c5779986b66893322855c4932,08ef50ea1923ce347f194bbc8d8e40e9,delivered,2018-08-02 18:50:07,2018-08-04 04:05:14,2018-08-06 17:57:00,2018-08-07 16:42:58,2018-08-09 00:00:00
616c234744893b4411f6e056de1b0699,b73fd6139bcffaff677d9f38abcfb9f7,delivered,2017-02-05 18:54:49,2017-02-07 03:42:47,2017-02-07 10:21:23,2017-02-20 10:34:41,2017-03-03 00:00:00
807e1137296f0952dc5038aadf9d1f76,a662286fb279d4641c7b8ca455a4f692,delivered,2018-02-06 16:33:24,2018-02-07 02:55:55,2018-02-08 23:43:03,2018-02-28 18:27:42,2018-03-08 00:00:00
2b500c112e920c97340e29545b8968bb,85e677b42832578c7a3a28e6830ab52d,delivered,2018-02-06 14:46:23,2018-02-06 16:11:35,2018-02-08 16:03:56,2018-02-22 15:39:10,2018-03-14 00:00:00
8f6113583cb848cc612f68992c04190e,489697f5f6ecfff59c39098592176df6,delivered,2017-05-16 16:39:33,2017-05-16 16:50:14,2017-05-18 11:35:21,2017-06-05 11:28:52,2017-06-16 00:00:00
800287d237dce4a18b42741b52bd4390,75fa78a41041551b8e1fe691bb3f0958,delivered,2018-06-29 16:04:57,2018-06-29 16:15:12,2018-07-04 13:29:00,2018-07-07 14:41:18,2018-07-27 00:00:00
c92a1e5ecc2f42594b4c40567e387039,a206f182a1a6baf1dba835644045745a,delivered,2017-07-12 20:18:29,2017-07-12 20:32:19,2017-07-18 22:47:04,2017-07-21 22:33:02,2017-08-03 00:00:00
6b361f3f4c4dbef6a4e3e6c027eacfc0,765ef56011ea5e00560e540cc9b610d8,delivered,2018-03-22 10:58:43,2018-03-22 11:15:34,2018-03-24 00:32:13,2018-04-05 18:56:44,2018-04-12 00:00:00
a6550e6c4d9f43e105efa45bec3bc70c,abb30b586e7241af76d769f979dfcdde,delivered,2017-12-12 20:00:06,2017-12-12 20:10:22,2017-12-16 00:43:16,2017-12-21 00:04:55,2017-12-29 00:00:00
c4370853d53cbc18c52134cde35e2696,81abb4d0ef9fd61b1e22e4c9227bb580,delivered,2017-11-16 13:53:26,2017-11-16 14:08:47,2017-11-17 22:22:06,2017-11-29 00:13:05,2017-12-12 00:00:00
5f9c46986c8990debd941ac4f936e95d,3277f6dc58d50bc3b50445bc977797a6,delivered,2018-07-23 09:12:37,2018-07-25 02:50:19,2018-07-25 13:54:00,2018-08-15 00:14:43,2018-08-10 00:00:00
48d0293985d532c653f5d41dbf977030,3bb005ea4eafbfe73f8e720b795aa06e,delivered,2018-02-23 12:46:39,2018-02-23 13:10:13,2018-02-28 15:29:46,2018-03-13 12:27:23,2018-03-22 00:00:00
63c5f492ab4ee6c249acbb4cff61ae3f,68cc585accf5d04953cb570e563ee5a6,delivered,2017-08-30 10:07:44,2017-08-31 10:10:14,2017-09-04 16:12:46,2017-09-08 15:47:04,2017-10-06 00:00:00
fca9e6e37a25eabc4dead1228fca9d27,37381a9cfb51c58446a57073ce3c1f83,delivered,2018-02-08 11:54:16,2018-02-16 16:35:41,2018-02-19 21:47:10,2018-02-23 00:25:11,2018-03-12 00:00:00
3186a30019c9df27f9af586386ac5734,fa3946634ae6b04238d501a3f9d7dd80,delivered,2017-03-17 00:36:10,2017-03-17 00:36:10,2017-03-24 11:00:12,2017-03-28 13:04:20,2017-04-05 00:00:00
94faf92860aca2dd583802d6673fd794,945377aea77fcd842d0c3282f387e0ad,delivered,2017-07-26 18:22:30,2017-07-26 18:37:24,2017-07-28 15:57:52,2017-08-07 21:33:22,2017-08-17 00:00:00
7a3b7acfc934ff1d78118bc04bbcad7c,7aac1b70f9755a21252acaefc92bb993,delivered,2018-02-15 15:47:46,2018-02-15 16:06:30,2018-02-17 01:04:44,2018-02-19 18:14:26,2018-03-01 00:00:00
e43062fd260607596c8e02e5c12081e5,6f8c3bb5afd59f8cd5ae6c8105293f19,delivered,2018-03-29 12:49:23,2018-03-30 03:10:38,2018-04-02 18:12:49,2018-04-05 22:48:28,2018-04-11 00:00:00
670ad1c6fd20977956e8ee2e09f92baa,741599c6251909302172689216fe2930,delivered,2017-06-23 10:38:32,2017-06-23 10:50:18,2017-06-27 07:47:45,2017-07-10 18:18:10,2017-07-19 00:00:00
37fc44460574b368fe7933c6ae98f224,e97949e83365e70af80bd8705cd24e42,delivered,2018-04-27 07:44:46,2018-04-27 08:12:12,2018-04-30 15:03:00,2018-05-02 18:47:52,2018-05-11 00:00:00
0c51264bdcbe5893081232bba640dba0,db2bde8c137c06bd2b2f616b27414304,delivered,2017-09-09 13:58:18,2017-09-09 14:10:13,2017-09-12 12:22:45,2017-09-15 20:32:32,2017-10-03 00:00:00
77ad790bc77b40f61485833a46bb6968,f5011243aef5abc8d53d6956ad074c66,delivered,2017-11-27 09:14:56,2017-11-27 09:31:27,2017-11-29 19:06:59,2017-12-18 20:55:02,2017-12-20 00:00:00
a3fd818adac1f20a4a2abdd98532932a,df1936f12dd45f272699ab4d72a0b98f,delivered,2017-05-17 01:34:13,2017-05-17 01:45:13,2017-05-17 15:37:05,2017-06-03 06:58:05,2017-06-22 00:00:00
da48ff98ca6bec2aa39f5cce1db9f04b,a77d3ffac9ab3752eea01fdc7a165a1d,delivered,2018-01-10 19:47:04,2018-01-11 19:40:25,2018-01-12 22:38:51,2018-01-29 19:42:50,2018-02-07 00:00:00
dbd7699191343e1c3f7a879f92dda7a7,fb37886bcb6e4fb244044d8af4100030,delivered,2018-06-19 12:04:00,2018-06-20 02:55:29,2018-06-21 17:03:00,2018-06-25 20:51:38,2018-07-16 00:00:00
4b12f358f41e11521989fd788736079b,f45a36b54f5904bcfcee15a6fc08fb16,delivered,2017-09-27 15:11:34,2017-09-28 03:07:16,2017-10-03 16:28:16,2017-10-06 19:28:03,2017-10-19 00:00:00
5fbe345aed80ac57d0b62228823c9074,76ed8a2db502954a1d1fcb614a3e3766,delivered,2018-03-17 15:21:41,2018-03-17 15:30:35,2018-03-21 18:35:34,2018-03-22 20:02:20,2018-03-29 00:00:00
6fed61864e73f5457549fa69ad7c88a2,8dcd97f29f39cd61f731b3272b169ba9,delivered,2017-11-14 15:14:27,2017-11-14 15:28:06,2017-11-16 19:48:50,2017-11-24 19:52:56,2017-12-11 00:00:00
26e7606527e710486939428227c703cb,acad8cb48b2abf7b314130560a9906fa,delivered,2018-03-05 22:00:55,2018-03-05 22:15:32,2018-03-06 20:58:32,2018-03-07 14:26:51,2018-03-15 00:00:00
d066a1b39a2761019f3109572b3b0db8,97a2701728643f3bb2ede5a9c3a81782,delivered,2018-05-26 12:25:53,2018-05-26 12:35:11,2018-05-28 07:27:00,2018-06-11 23:24:20,2018-07-16 00:00:00
54623479e83b4d90c3a3087c34a95187,62da3590d673c7cb920bc74937eeac2b,delivered,2018-08-21 01:30:48,2018-08-22 03:44:26,2018-08-22 11:17:00,2018-08-29 18:11:44,2018-09-05 00:00:00
a3c3508e603e9411b2b69972993bd079,a4e7d860bac96da229b45c35cca01ac3,delivered,2017-12-05 22:13:10,2017-12-07 03:15:47,2017-12-11 16:49:50,2017-12-19 19:59:17,2018-01-10 00:00:00
5bd56b595a9879fb7f67ae6253450883,34b952761872fb187fd49efa5593ba21,delivered,2018-05-30 12:06:52,2018-06-05 04:35:10,2018-06-05 08:01:00,2018-06-18 14:03:44,2018-07-12 00:00:00
e760819ccdf8e117a260fa50842b4832,29c3f22c6edfc47931efa5af1f254fd8,delivered,2017-12-04 20:19:23,2017-12-04 20:35:15,2017-12-05 23:34:15,2017-12-12 23:36:41,2018-01-04 00:00:00
0987ca7d6618e8d1a3bcc49207d6f713,8ccdac7eb0c1dc6e6263c1cfdb97420f,delivered,2017-12-05 19:40:10,2017-12-05 19:55:05,2017-12-18 17:55:37,2018-01-06 13:37:43,2018-01-08 00:00:00
4c3797c712aa273fcc2d7e7a07c39703,a89d75c00ff6de2a4a7e348b806a844f,delivered,2017-12-19 16:06:01,2017-12-19 16:35:44,2017-12-20 20:25:21,2018-01-18 15:09:56,2018-01-18 00:00:00
a3beebf1efa956ba70cf01a80c483367,9da570dd0f573074ad3458b7ba281a62,unavailable,2017-10-12 15:15:50,2017-10-12 15:28:10,,,2017-11-06 00:00:00
8ce19cd80af40e6cb55f3e3abdc5a5cd,b151701284e0e85b8fab6d42b9c7363b,delivered,2017-11-24 21:50:35,2017-11-25 00:20:24,2017-11-27 15:06:15,2018-01-04 14:18:53,2017-12-29 00:00:00
0fa7d9917a1ee1293fb2207496213d1e,58c8b60b34b39a6bf01341c08e03aaa6,delivered,2017-12-23 16:49:24,2017-12-23 17:10:33,2018-01-04 23:24:24,2018-01-17 20:13:10,2018-01-22 00:00:00
b80fc8c055d4c16d2b52eccba884d820,58e4ed2adb6f556ab8292a2bc9a280d6,delivered,2017-11-06 16:39:31,2017-11-07 01:36:15,2017-11-09 19:58:31,2017-12-01 21:39:08,2017-12-04 00:00:00
59c9e621836ee96aae58f8bc81261483,eabae00485a47d04040dd804a47c6ef3,delivered,2018-02-08 07:25:41,2018-02-08 07:55:35,2018-02-09 23:33:50,2018-03-01 19:07:34,2018-03-06 00:00:00
1f7e72019fe94655c9b15feae3c2b2b5,784608ae9769c456e844ad45c1ef9e63,delivered,2018-08-17 09:07:02,2018-08-20 10:50:24,2018-08-20 17:29:00,2018-08-21 18:34:57,2018-08-23 00:00:00
22cc2d04975ea9d1495ff837953418c3,8c94ef9d12c761e621097b7836b0503d,delivered,2017-08-05 13:30:05,2017-08-05 13:45:16,2017-08-11 17:27:44,2017-08-22 19:30:08,2017-09-08 00:00:00
9be13dab83e8c1e6b39d8457313620e9,61887ef2a777fb55e774bd124ea67669,delivered,2017-08-24 22:51:16,2017-08-24 23:05:11,2017-08-28 19:22:06,2017-09-17 15:28:50,2017-09-18 00:00:00
02c5426a54d34d28a32088cf69167730,9c82bb6bed60a8f2141d7a55c90d98c8,delivered,2017-06-30 17:20:14,2017-06-30 17:35:15,2017-07-03 14:56:58,2017-07-11 15:37:52,2017-07-24 00:00:00
2b80b437f46eb3a17b0f3f1c8cda28b4,130a806974e4460fd92de0ecf695feb4,delivered,2018-01-19 12:09:45,2018-01-19 12:16:14,2018-01-23 00:16:50,2018-01-24 18:44:31,2018-02-05 00:00:00
bf93a9c9cc2879163c62f43f8fb70cec,e925294875630ca391d30949a731998b,delivered,2017-05-30 17:11:37,2017-05-30 17:25:18,2017-06-02 13:03:18,2017-06-05 18:42:28,2017-06-22 00:00:00
18a1c68dfdce96e96b0faf031deb6b67,2d6696a5ad00ac738d9627cacbb49eb8,delivered,2017-11-23 12:15:54,2017-11-23 12:29:25,2017-11-27 15:27:12,2017-12-11 19:10:14,2017-12-22 00:00:00
e6acc02d71b1678caaab70ff2555ad3c,49c145b1b66cab164c722d288e4f548d,delivered,2017-11-17 21:13:50,2017-11-18 11:34:04,2017-11-21 23:31:56,2017-11-27 13:54:19,2017-12-06 00:00:00
d194fbbc2e37d685b6adbf21897ed49d,171345b7d45c10d2ff1a8cfc52c163db,delivered,2017-04-17 22:17:24,2017-04-18 22:25:18,2017-04-19 15:40:16,2017-04-27 14:51:43,2017-05-10 00:00:00
d0a4948ce19a51837d5e24c26ab83d76,ff84d0fa669f79bdc394cadf5d651cf2,delivered,2017-01-18 19:39:51,2017-01-18 19:50:23,2017-01-24 08:48:51,2017-01-31 09:15:04,2017-03-13 00:00:00
068254dc0ecdb91d62f52c658b4dd09a,9f0398b6761fbae87a157c3956230a1f,delivered,2018-04-04 12:00:37,2018-04-05 02:30:26,2018-04-05 18:38:41,2018-04-13 19:40:41,2018-05-09 00:00:00
6a9ea3a6a0a791f6c34b8145d6cbd42a,cf833bbe73b3d8ddeb9889d4192b2496,delivered,2018-08-04 14:59:29,2018-08-04 16:31:18,2018-08-07 12:42:00,2018-08-08 20:21:14,2018-08-13 00:00:00
3cd82d2cfb48466fdfcb8594444e211d,b9b46d7c1bc9f38ccf4a1ec449d90317,delivered,2017-08-30 11:52:46,2017-09-02 09:30:12,2017-09-04 19:00:40,2017-09-18 21:17:51,2017-10-03 00:00:00
8759d467df07f1bc2c4593e411959c84,8060e3e5a4debbb990825cafee05cfb0,delivered,2017-10-20 09:44:31,2017-10-20 09:56:53,2017-10-24 15:31:06,2017-11-06 19:49:35,2017-11-14 00:00:00
7acbd2fcb6adc4f13a4e2d01209a956b,3214cabfea2994a76e102fb4a23d7b57,delivered,2018-03-21 19:26:31,2018-03-21 19:47:54,2018-03-23 01:13:04,2018-04-02 15:07:19,2018-04-13 00:00:00
1b4130478aee169922ebb0b0a9ef919c,c2141e86f308c7b00d8ec297ada8f7c6,delivered,2018-01-12 23:08:41,2018-01-13 23:09:10,2018-01-17 22:17:09,2018-02-06 22:18:27,2018-02-19 00:00:00
8f1081aa8dd337d944a4f2eddb4671ab,5b78a0661472f3b0ee616dbadc86c190,delivered,2018-02-17 18:14:03,2018-02-18 19:09:11,2018-02-19 19:32:53,2018-02-26 13:43:06,2018-03-09 00:00:00
921ccf9b5f8379e9262fabe9b953c55e,33f851c0c106198bcd5a906f28aef4a1,delivered,2018-04-01 17:54:56,2018-04-02 18:52:24,2018-04-03 22:56:51,2018-05-05 16:22:30,2018-04-20 00:00:00
dcce4dc9b3288010ed361a5fc33471b7,894dc3ff74fedf8d62c3849f3cbeec5c,delivered,2017-03-20 10:54:26,2017-03-20 10:54:26,2017-03-21 13:01:45,2017-03-29 12:15:18,2017-04-17 00:00:00
c913512a7fa84d29251cc036c4bdcd6a,3bccfa97add0d75db21876e18b0944ab,delivered,2017-04-22 08:58:31,2017-04-22 09:10:14,2017-04-26 12:31:22,2017-05-15 10:22:30,2017-05-29 00:00:00
4455bffefa49b2524e0291440b78b02d,95c1efbc93e1cd3912a9a23cb8b70375,delivered,2018-07-22 11:53:44,2018-07-23 11:31:25,2018-07-23 14:46:00,2018-07-30 18:51:15,2018-08-20 00:00:00
a89ce8c685a2a028d1ad3ae1b5df18d6,6614e8c364563516c0774e66fcaa170c,delivered,2017-11-18 16:31:54,2017-11-22 02:48:29,2017-11-27 15:25:09,2017-12-02 00:26:45,2017-12-07 00:00:00
b18b5fde5616ba3978e71483cf648a26,825d79317606372e5cf006164026c9b6,delivered,2018-03-04 11:30:18,2018-03-04 12:41:36,2018-03-07 01:33:08,2018-03-15 23:07:17,2018-04-02 00:00:00
05afef1c185862cab9062b322ff25cc5,296de103322e463a1b76de3c81fdf02b,delivered,2017-07-25 10:47:16,2017-07-25 11:03:10,2017-07-31 15:49:35,2017-08-21 21:10:53,2017-09-04 00:00:00
3e4e46d0c15b204178fc5dea7c9644de,96b6dcf9901ef5464f3d6bc5aa701528,delivered,2017-11-24 22:40:22,2017-11-25 01:53:27,2017-11-27 20:48:50,2017-12-12 12:58:34,2017-12-20 00:00:00
08ea0cc26c8036f1c6c510e72f468000,c1462fe827b0b74c6ba2c32bdf224a67,delivered,2018-04-26 14:31:15,2018-04-27 03:30:53,2018-04-27 15:25:00,2018-04-30 19:07:01,2018-05-14 00:00:00
1b546846285271f61f42bf2954352172,6fde8954a5343cfb804688167c50f78f,delivered,2017-05-08 12:01:54,2017-05-09 09:25:21,2017-05-09 13:13:53,2017-05-16 10:23:48,2017-05-31 00:00:00
5fbf5069e1db9d79733184b67a576c4d,90af4933b09c472f006bde067530f672,delivered,2017-08-12 13:27:54,2017-08-15 03:35:26,2017-08-16 12:59:48,2017-08-25 08:47:30,2017-09-18 00:00:00
8e1b263d5e8ddea4e42b96cc5fb0edc2,f167fa9affafb87b17bfe226d61fec0d,delivered,2018-08-17 16:13:44,2018-08-17 16:30:12,2018-08-20 14:07:00,2018-08-28 19:36:40,2018-10-03 00:00:00
491f5fabbd1c4d86ab4ae7a2024d7368,4d60b9bf2c64e3e1b29c297752050aa2,delivered,2018-01-12 16:57:17,2018-01-16 03:50:24,2018-01-18 00:27:55,2018-01-30 21:04:30,2018-02-07 00:00:00
ad017ea4537bcf364b841c9160b0fa51,989908db06fd4a53e3177795a0a402d9,delivered,2018-03-10 15:16:08,2018-03-10 15:25:30,2018-03-15 23:32:37,2018-03-28 17:29:51,2018-03-29 00:00:00
12e253a6a65d9b9dc662a314f8c72fae,474877e456001f330183d59a09786619,delivered,2018-08-05 21:22:28,2018-08-05 21:35:12,2018-08-07 09:02:00,2018-08-09 16:42:07,2018-08-16 00:00:00
7797e37c568b84182c813b9b2492b384,0411ba9ee6c7697c60b2e05345557958,delivered,2018-06-25 16:44:38,2018-06-25 17:18:51,2018-06-26 09:19:00,2018-09-12 15:51:39,2018-07-16 00:00:00
0d45ab2386ccad30dbd572201b2a70c9,6dd15070c10001e058f36f2c455e1b1b,delivered,2017-12-06 21:24:45,2017-12-06 21:31:29,2017-12-08 10:03:50,2018-01-03 18:49:38,2018-01-05 00:00:00
d90bb9bb62261c6f02505180307b479b,a825c6b0ad6fd22338d9afce59d0b40a,delivered,2018-03-19 17:29:26,2018-03-19 17:50:28,2018-03-25 01:36:42,2018-04-06 18:42:02,2018-04-05 00:00:00
185bb8598892fb8715f771ea136623d1,c696689ac1d5b8ec661980ece878e3f3,delivered,2017-11-30 14:21:39,2017-12-02 14:17:14,2017-12-05 00:15:02,2018-01-26 18:12:46,2017-12-28 00:00:00
c9a956d415a86a5a0c354e2032b4e502,1ab4905930732a488575061ad5b3ca7c,delivered,2017-10-16 12:30:18,2017-10-17 03:49:30,2017-10-18 13:54:13,2017-10-31 18:25:04,2017-11-07 00:00:00
f4d751641e56be2627108a93641f82f3,45f813908ab4d9af7d710e113784abb5,delivered,2017-03-24 09:12:05,2017-03-24 09:12:05,2017-03-29 16:13:19,2017-04-03 15:52:51,2017-04-12 00:00:00
18898a06fcd1e440c28bd18943ea0e92,49762e1b34c38cd0d1635c67814057ef,delivered,2018-06-19 08:34:20,2018-06-19 09:18:16,2018-06-19 15:46:00,2018-06-27 11:02:49,2018-07-18 00:00:00
1469262ec8414d0e3f821bda79cf14cc,b53f2d80af3f43f230402209960c81e6,canceled,2018-07-16 11:27:29,2018-07-18 03:31:06,,,2018-08-07 00:00:00
8535f60f13f03d9f0bc91ed113bb43aa,e77fde4531c32ac343f4487c3a46acec,delivered,2018-04-09 12:28:36,2018-04-09 12:49:56,2018-04-10 21:56:26,2018-04-17 20:28:41,2018-05-15 00:00:00
419de35b9f49a3e9822b8f09116cdea2,3615bada99d458b1fb522c5436065843,delivered,2018-01-07 16:56:57,2018-01-07 17:09:24,2018-01-09 18:29:33,2018-01-26 15:52:13,2018-02-07 00:00:00
10a6476d4339a6b5f323db3d2357de52,2ad858d9b9f684af4e52ad8b08ee3d76,delivered,2017-02-05 21:43:48,2017-02-05 21:55:08,2017-02-08 08:35:00,2017-02-22 11:14:06,2017-03-23 00:00:00
806d216eec8cb41183d2e3d52924e238,9a720f15d20a2063e49b82478036609c,delivered,2018-05-18 12:12:49,2018-05-18 13:05:44,2018-05-22 13:42:00,2018-06-05 21:58:41,2018-06-21 00:00:00
098fa8e236952567d948321ee4684854,c2bd11720c11c5302296696aa34d4c9f,delivered,2017-02-19 20:09:01,2017-02-19 20:22:44,2017-02-20 14:32:34,2017-02-24 15:04:56,2017-03-17 00:00:00
82f02c0da2c53bc9eb14dcfd74038ada,35c62daf4b7d2a5cb4f1a8b9960df309,delivered,2018-04-13 11:52:12,2018-04-13 13:14:39,2018-04-19 19:51:49,2018-04-20 20:42:16,2018-04-30 00:00:00
2e212e37333cf24f1acef20a298f38c6,d890d1f2c4f7491d86b272dec333120b,delivered,2018-05-02 18:03:13,2018-05-02 18:57:45,2018-05-03 13:39:00,2018-06-05 17:17:57,2018-06-07 00:00:00
8caa567c51464790f627a3c95e73c0d9,6b7982f9322bf7499f62abadce6c6130,delivered,2018-03-29 15:27:16,2018-03-29 15:53:33,2018-04-03 23:25:19,2018-04-16 15:52:46,2018-04-20 00:00:00
7385577575de1767a08ee7b11fb6d4af,4b754a1c8df365c741a274b751ff2571,delivered,2017-06-16 20:46:06,2017-06-16 20:55:11,2017-06-19 18:55:37,2017-06-30 10:23:30,2017-07-12 00:00:00
2675ecabc45ddcd345d336466c416b34,c7b8dc07b9372dd03d9dc1131fdea5df,delivered,2017-09-25 12:28:22,2017-09-25 12:44:11,2017-09-27 12:42:49,2017-10-16 22:37:51,2017-11-06 00:00:00
1c45c55e5f8cc9e68b699930b8a4d8dc,ba9f2d252a6adc3928a8d4c51e629ed0,delivered,2017-05-28 19:28:25,2017-05-28 19:42:20,2017-05-29 13:12:44,2017-06-12 17:20:02,2017-07-03 00:00:00
6725e06b0845f932b78f46292e937422,8aa8286f108a5e6bdb8e64e07e33b5cf,delivered,2018-06-05 11:57:42,2018-06-06 02:54:10,2018-06-07 14:48:00,2018-06-12 21:18:57,2018-07-11 00:00:00
19230cac8f45f89fc992b4048422b72e,f859fb23e2e8315da5d17d72d4f372f5,delivered,2018-02-25 17:19:58,2018-02-25 17:30:27,2018-02-26 23:44:18,2018-03-06 18:41:30,2018-03-19 00:00:00
0f0da37d4b99bfd602829ae5992b2d57,d5143b89d2bad5d3174eca1a2dd23b91,delivered,2017-05-26 10:43:29,2017-05-26 10:55:09,2017-05-26 11:49:36,2017-06-06 14:57:42,2017-06-20 00:00:00
790e5c5eb160ea3d606d62c2187b3e6b,e1064a318037f1d70363feff64dd5191,delivered,2018-08-20 17:06:38,2018-08-20 17:29:29,2018-08-22 15:27:00,2018-08-28 18:42:11,2018-08-31 00:00:00
a748ecf209b624243632301df6c0fb6b,efad2f4f28b98cd11ce8d08cdb0ba510,delivered,2017-11-22 23:45:36,2017-11-24 03:11:28,2017-11-28 19:14:58,2017-12-12 23:13:23,2017-12-04 00:00:00
eae56efa72774fecde3f265b1fd74e01,22a2545b0c2540f5d4877856967b89c7,delivered,2018-08-07 20:13:13,2018-08-07 20:30:18,2018-08-08 13:09:00,2018-08-15 15:11:00,2018-08-31 00:00:00
2799a10e833b3292c509a981e273c4ef,8e169211e544065a036c309b0088e87f,delivered,2018-07-20 14:21:47,2018-07-21 03:30:15,2018-07-23 14:59:00,2018-07-24 20:14:43,2018-07-31 00:00:00
bef79681fbe33b2789095e966c159563,eb947ab711d08fa53b7a1418b230677a,delivered,2018-02-05 10:33:26,2018-02-05 10:50:06,2018-02-06 22:07:23,2018-02-14 16:47:06,2018-03-01 00:00:00
a3909608536539d6055e808cbc73894f,3e46be620fcaf37ac9efd5c713002d84,delivered,2017-11-12 13:18:46,2017-11-12 13:35:24,2017-11-16 12:51:39,2017-11-30 18:37:30,2017-12-07 00:00:00
7aafb86390ae18841bfb241252b7ee45,e3ce0db8cddbefc774fa37de408d627d,delivered,2018-05-17 16:59:10,2018-05-18 01:17:39,2018-05-18 14:12:00,2018-06-01 23:47:34,2018-06-06 00:00:00
6f160d3d9d471193fdc5aa47198ce815,d090551135154e438034db7cf080bb13,delivered,2018-07-30 14:11:43,2018-07-30 14:44:46,2018-08-02 15:18:00,2018-08-07 19:56:48,2018-08-21 00:00:00
0c9f9c0fc3c5d9e40e88bbb5910042bb,5496914618fd2a6a52a3dc154965ec4f,delivered,2018-08-18 15:03:29,2018-08-18 15:15:17,2018-08-20 15:12:00,2018-08-21 18:55:34,2018-08-27 00:00:00
194d5589bc5b36954c06e5d34e41f03d,fe6a32160715340fe6b26874b547d2ea,delivered,2017-11-04 13:03:15,2017-11-04 13:15:33,2017-11-06 19:52:00,2017-11-17 13:37:55,2017-11-30 00:00:00
8d2484db47799c849ab089ebaa4909c8,1382e0b4ecd71d070ce367c5c3dfcb93,delivered,2018-02-01 14:52:22,2018-02-02 02:54:33,2018-02-05 17:22:22,2018-02-06 14:46:49,2018-02-19 00:00:00
1a57b61de931e82f09abf18a41271ac0,349af5dc6eacefe1aea0d44a219dad84,delivered,2018-08-09 10:10:36,2018-08-10 10:05:14,2018-08-10 11:50:00,2018-08-21 00:07:35,2018-09-21 00:00:00
680c07899bf40cd24cbf3e97b9bd7052,5591abc9e7f9c644e7e7912aac65b718,delivered,2018-01-02 14:48:48,2018-01-02 15:07:36,2018-01-11 14:43:21,2018-01-16 14:57:10,2018-02-08 00:00:00
774d6deaa500cd320bc530530c44ea0b,5ec2fed3b20b579b75ee0ff1f110f660,delivered,2017-09-11 14:41:46,2017-09-12 04:23:34,2017-09-15 14:54:06,2017-09-25 19:19:59,2017-10-04 00:00:00
6683aa4f73f7869ec65ebeeef53f700b,44d53248bdd39a477bcf6278e73a2844,canceled,2017-04-26 22:38:50,2017-04-27 01:15:17,,,2017-05-29 00:00:00
e0dd67b48e84e3b67c3fa5ad0b31bc44,c7937f535ffa08103568e1d47fd61dd2,delivered,2017-12-19 00:43:44,2017-12-19 02:50:38,2017-12-20 16:43:19,2017-12-29 14:16:25,2018-01-09 00:00:00
b911d4e5f41ef43f44dd355ef2b77382,980603d76280d73dfae09c42b642ddd1,delivered,2017-10-14 00:25:29,2017-10-14 00:35:21,2017-10-17 21:52:32,2017-11-01 18:24:48,2017-11-08 00:00:00
f442e8ce7252d20139480cdb55291b5c,997ece18cfd25f3391063ee98943491c,delivered,2018-07-30 19:01:01,2018-07-30 20:20:16,2018-07-31 14:52:00,2018-08-01 19:21:00,2018-08-02 00:00:00
b922c642dfb5ebad3b03394bd2ac0b61,f379288a768efb41074824c23af39c5e,delivered,2017-10-25 01:42:26,2017-10-26 03:09:43,2017-10-27 18:12:55,2017-11-06 17:04:58,2017-11-13 00:00:00
c71b9252fd7b3b263aaa4cb09319a323,0ecf8e0a08148af0bf313184f167670a,delivered,2017-12-10 20:07:56,2017-12-10 20:16:20,2017-12-21 16:27:01,2018-01-09 22:28:20,2018-01-12 00:00:00
ecd1661658d34312cf9ac2bf34ba3b6b,bcec3938d91ba9a3bf2c4261a44cb9f3,delivered,2018-06-30 18:49:36,2018-07-05 16:25:45,2018-07-03 11:46:00,2018-07-05 12:58:37,2018-07-30 00:00:00
e80d26af187e86a23accb193a999be40,591b9ee746511d856a9341b7e87fbfe0,delivered,2018-07-14 10:37:55,2018-07-14 10:50:10,2018-07-31 14:10:00,2018-08-15 18:04:16,2018-08-06 00:00:00
fa2925bdbb799073bec7b6fe2bd88a1b,66aaeb93939902f6cbc196d9f6e103e2,delivered,2017-09-18 10:41:15,2017-09-18 10:55:48,2017-09-20 20:49:59,2017-10-11 16:53:55,2017-10-09 00:00:00
654782d40981f50f850136dbdf11b783,44c231630b61cde2d9fd7c2311f0044c,delivered,2018-03-21 15:35:07,2018-03-21 16:15:41,2018-03-23 01:27:58,2018-04-05 20:26:52,2018-04-12 00:00:00
dd804880e8bbe570f05a48fe008632e2,8fd85d9eff1b41fff629b2f0e33831e6,delivered,2018-07-01 15:38:20,2018-07-02 15:35:20,2018-07-03 15:04:00,2018-07-04 22:18:49,2018-07-18 00:00:00
9cde7398ead60380bf2289455b2d8dec,54331cadd9ddf19eefc8fa76be1f8b52,delivered,2018-05-01 19:56:59,2018-05-02 20:38:26,2018-05-03 13:56:00,2018-05-10 11:42:19,2018-05-28 00:00:00
100ebf8fcba296158a4021a35cfa1bf8,68b8412a0ff432e46e7437a3540a23be,delivered,2018-04-14 01:37:53,2018-04-14 01:50:07,2018-05-08 14:04:00,2018-05-09 18:23:35,2018-05-09 00:00:00
12d17826f8fd792f6af768cda051ff77,61f5f31454727ff6b6b334255821dbe1,delivered,2017-09-08 15:12:35,2017-09-08 15:25:23,2017-09-12 22:32:25,2017-09-22 17:54:06,2017-10-03 00:00:00
5fb33bff8f41b3adeec3852d10c5f9fb,40496dcef249e615acf6dce37be1371e,delivered,2017-10-03 12:06:02,2017-10-05 02:44:21,2017-10-10 19:59:35,2017-10-11 16:00:10,2017-10-19 00:00:00
56fcb6d24acb1b94dd4492f663187b69,010f3c6e21051748f72f762b9a7cb85d,delivered,2018-06-06 15:31:19,2018-06-06 15:54:16,2018-06-08 03:41:00,2018-06-19 21:03:12,2018-07-17 00:00:00
a3be501a8812439658c3fc6bd155881c,3ec12082c31cb22827d131a68d8578be,delivered,2017-11-20 18:01:48,2017-11-21 03:46:23,2017-11-21 22:43:08,2017-11-24 22:06:34,2017-12-11 00:00:00
c3dc9e818772dba4ee8082d999b9982b,c81be245d79521ba879058295a8e7e24,delivered,2018-01-05 08:35:08,2018-01-05 08:47:26,2018-01-08 20:27:37,2018-01-17 17:57:21,2018-02-19 00:00:00
1d0288c49db00e00965c4d82d464f61e,d9dc4c863c0cc6b41d82325c0eed846b,delivered,2018-04-02 10:57:09,2018-04-02 11:10:17,2018-04-02 20:56:33,2018-04-12 01:36:35,2018-04-24 00:00:00
4a3c3165d36ab4ae894bebc33c199af9,bfcaf458a9fbd5fdae2eb2babf3e2f23,delivered,2017-03-24 21:35:25,2017-03-24 21:35:25,2017-03-29 11:04:13,2017-04-07 07:34:35,2017-04-12 00:00:00
3d823294391810fe4c1cd13b5d513587,73fcec04040916e06363f45d9d4ee015,delivered,2018-04-30 13:01:44,2018-04-30 13:15:22,2018-05-02 11:55:00,2018-05-03 18:26:54,2018-05-14 00:00:00
832c7364e0bee77d8763a327983c1b8a,7edc172be2eb9a2b916b7c8bd98b8b65,delivered,2017-10-19 15:53:20,2017-10-19 16:07:38,2017-10-20 19:57:58,2017-11-03 19:51:50,2017-11-13 00:00:00
02e8498a91ec0e72dfaff47b27c805a3,c4866f0b17eceb1322854c023648a596,delivered,2017-11-03 13:40:44,2017-11-04 07:30:41,2017-11-08 18:06:33,2017-11-18 12:41:58,2017-12-13 00:00:00
1c7b6d63329bdc850ffdb1a9ad6d6ded,2b8a8ed99205231864b4a61ab286e939,delivered,2018-04-13 12:59:58,2018-04-13 13:35:10,2018-04-26 12:59:00,2018-04-27 19:22:00,2018-04-26 00:00:00
03d0e68d9f396f3c4e69dbbb0abc3564,a2b7d88f0af86d43c92fa477a46a12e2,delivered,2018-01-24 09:22:03,2018-01-25 02:58:15,2018-01-26 20:59:03,2018-02-23 19:04:09,2018-02-16 00:00:00
1f43faaaec9d571cead8f6591ff97315,c9d9edbebf9551585140bcdc31ca422c,delivered,2017-11-06 21:42:01,2017-11-07 05:31:57,2017-11-07 20:16:48,2017-11-18 16:16:51,2017-12-01 00:00:00
eae46740151daff6420b7acc4a9348f9,297ce1faa7fd43b6c512673f8ee51322,delivered,2018-01-04 22:42:14,2018-01-04 22:50:34,2018-01-10 20:53:31,2018-01-24 12:47:12,2018-02-06 00:00:00
41601ce3031e924168afb94d2758f80a,12c50c22a6f04953fceda99928b56847,delivered,2018-01-16 11:53:00,2018-01-16 12:16:50,2018-01-19 20:28:59,2018-01-26 00:26:27,2018-02-09 00:00:00
b857022c441c749e56d9722e49382a9a,962f5304e0c4e63d74fb81bbafac050e,delivered,2017-08-08 16:19:13,2017-08-08 17:00:08,2017-08-09 19:46:01,2017-08-21 19:33:38,2017-08-30 00:00:00
264a3a8f5e888009fe47b3b3230db4fe,071d06d853a81c7dc7f80666509c9cd8,delivered,2017-11-19 18:56:00,2017-11-19 19:10:22,2017-11-21 14:14:53,2017-11-24 20:16:59,2017-12-19 00:00:00
0e6fbe6b74c3fbd8ae67a714d0960334,3e028159ab3495f06edc695510fb350e,delivered,2018-02-14 19:47:59,2018-02-15 19:46:18,2018-02-17 00:36:59,2018-03-05 15:05:03,2018-03-13 00:00:00
c9c382f83e175303a797ca7de7240679,a3969268e289143c8a672a9d36942206,delivered,2018-08-14 09:58:16,2018-08-14 10:10:12,2018-08-16 15:18:00,2018-08-21 20:38:39,2018-08-29 00:00:00
d47c3e59ac03430c6e743c61f7e6bb6c,76c0d64a9adad6e6b3b7238dd8b4f16d,delivered,2017-03-17 20:31:09,2017-03-17 20:31:09,2017-03-20 09:26:50,2017-03-24 14:57:40,2017-04-05 00:00:00
4c5d211b472b4169ab861de4517d16a0,4414a05a42bf54509daafcc5e6ecafed,delivered,2018-07-30 11:08:40,2018-07-30 11:44:29,2018-08-01 13:34:00,2018-08-09 18:22:52,2018-08-17 00:00:00
bbf8379df25b807eb1dabc84d060f8a2,b8355c60d2d4ed37c4a50fbd96d629cf,delivered,2018-04-03 13:49:05,2018-04-03 14:09:54,2018-04-05 00:20:52,2018-04-21 09:22:08,2018-04-20 00:00:00
e2eefd0600a39b014ea34b3f4196d261,e7b4533fa7975f8c10b1b6223fc39e68,delivered,2018-06-28 09:34:18,2018-06-29 05:10:09,2018-07-03 14:08:00,2018-07-09 19:28:26,2018-07-23 00:00:00
0ee8b349c2365dd4a396a819fc586cc1,811dbd93ca80a655bef10c57d80b0fc4,delivered,2018-08-15 12:13:18,2018-08-16 10:10:21,2018-08-17 13:22:00,2018-08-23 18:46:59,2018-09-17 00:00:00
af2822be6a722a21405c9aba959a9968,bed9755b0f311df74364ff0eee0b8297,delivered,2017-11-06 11:35:24,2017-11-07 07:30:28,2017-11-08 14:56:53,2017-11-14 20:19:44,2017-12-20 00:00:00
eb0569e6b5aa37069775f4c0b4609104,2173c184771a8a19f6fc87d8b3dea9e0,delivered,2017-12-29 18:20:04,2018-01-03 04:28:13,2018-01-05 20:28:37,2018-01-15 22:46:52,2018-01-29 00:00:00
71394edb269e67b8431cc1c355cc53df,6e8a30827c4d5bd095c436b486502fcc,delivered,2018-05-29 00:14:52,2018-05-29 00:34:13,2018-05-29 08:58:00,2018-06-06 14:22:47,2018-07-13 00:00:00
59fa27082bb77c5dbd8a6568f3b34380,1013b3cb87e89aa951b7f556f8c26d33,delivered,2016-10-06 11:32:00,2016-10-06 16:05:17,2016-10-30 14:37:41,2016-11-01 15:04:41,2016-11-28 00:00:00
2b124ad880bc7d6eb045e056c3e68449,f3a563a285a27bcdefbd0a34c925c2ba,delivered,2018-01-09 15:07:01,2018-01-09 15:14:56,2018-01-10 21:43:33,2018-01-25 03:32:20,2018-02-06 00:00:00
04ff62d0684a80831afbdc2f6e56259f,86f29a9accefc7429257806c483a33d5,delivered,2018-02-24 20:28:05,2018-02-24 20:47:30,2018-03-02 22:54:42,2018-03-22 23:58:50,2018-04-03 00:00:00
c87e33940b3c077af4e6fbaa166e54bb,0894391273e30b291b1aa54fb3558cf0,delivered,2017-12-15 16:45:36,2017-12-17 17:31:29,2017-12-19 21:36:58,2017-12-20 19:35:11,2018-01-05 00:00:00
1f70d88d8d6e9880a9e50ee78420c24c,bb24d17eeb70555031e8a703ca441320,delivered,2018-04-18 00:07:32,2018-04-18 00:31:04,2018-04-20 01:04:18,2018-04-26 15:41:07,2018-05-22 00:00:00
cc129041e3294026c267be4f2d551fff,5e53e2a2779757e58af04c6658e584b6,delivered,2018-07-05 15:54:01,2018-07-05 16:35:23,2018-07-06 10:25:00,2018-07-10 22:32:45,2018-07-20 00:00:00
55c784ded75d252ba646536f7e8506b5,4ba06f0d95d8065031a5696bc5770ac3,delivered,2017-12-25 15:48:56,2017-12-25 16:08:48,2017-12-27 18:54:39,2018-01-16 14:49:48,2018-01-24 00:00:00
1c6f522187684a43d8e63af5fa10ef9d,e45c89d18c5c4e8a85e2e2d38f32f66b,delivered,2017-07-04 10:33:53,2017-07-04 10:45:18,2017-07-04 16:05:05,2017-07-14 15:55:14,2017-07-28 00:00:00
28d07cf52af4d36587d0347032cebdfd,e46d784120ec7a182ab6f26db4487ab5,delivered,2017-10-11 13:17:05,2017-10-12 02:47:02,2017-10-16 22:17:08,2017-10-20 18:37:35,2017-11-07 00:00:00
ed6a5bda2bc5622a2aa6c590eb109444,7d4ee92a956f343ad327176573f038e5,delivered,2018-04-22 18:04:59,2018-04-24 18:52:59,2018-04-25 00:36:34,2018-05-02 17:32:13,2018-06-04 00:00:00
0f213d7015dad47737aecd4d7403f919,3b4f9ebb3e9698afde1d95156d5e3a92,delivered,2018-08-03 21:43:05,2018-08-03 21:55:23,2018-08-08 10:56:00,2018-08-25 00:05:02,2018-08-16 00:00:00
b3f4315fb36e8dee48aee5a92e674f64,dc5652c2466d261f4de94e0d2087fa90,delivered,2018-05-14 11:03:42,2018-05-14 11:34:23,2018-05-14 14:07:00,2018-05-18 00:09:56,2018-06-11 00:00:00
f4da7d0ac805794a8e666416f2c20f60,f5ec354e3eaa4533604f5c8dc14d5226,delivered,2017-09-30 14:35:09,2017-09-30 14:49:49,2017-10-03 15:28:54,2017-10-11 17:43:16,2017-10-24 00:00:00
2b28c958aceae6cdb1ba4ad008963b78,a4767447abb2ab008dcbc5b3eb8865ae,delivered,2017-04-29 20:13:00,2017-04-29 20:22:42,2017-05-03 13:56:50,2017-05-10 08:46:36,2017-05-26 00:00:00
03952349aca310eeba691019501388de,94244564d138d5b05de63ad1c686d9f6,delivered,2017-08-29 20:46:02,2017-08-31 02:35:53,2017-09-19 19:44:45,2017-09-26 21:40:48,2017-09-29 00:00:00
8486f414a491ce27cbb5e501739d2d04,302cfa22e775ebe3ed559b2cad06f4a2,delivered,2018-02-12 21:04:36,2018-02-12 21:15:24,2018-02-14 23:58:55,2018-02-17 12:58:00,2018-02-26 00:00:00
ad9a8214948a5bbd4fa03af2ea598a20,921e7175793c295e163d9bd7c8b1c1ee,unavailable,2017-05-07 21:27:38,2017-05-07 21:42:10,,,2017-05-31 00:00:00
ffc4072a9ea36a3341efa25b69c449eb,7f586eb14090136ee43c20ebf1324248,delivered,2017-11-16 18:18:12,2017-11-16 18:35:51,2017-11-22 15:22:57,2017-11-27 18:03:10,2017-12-04 00:00:00
41713846ac2af0e189ba1b8ba8288e64,1a9e43268e5d612e8f5794dfc526c0da,delivered,2017-06-12 06:50:21,2017-06-13 03:45:21,2017-06-14 14:29:44,2017-06-23 10:52:08,2017-07-07 00:00:00
a61449ea71960d5092cbe8762cd53620,b678d5eddd92bc4328c99f82462e179d,delivered,2017-12-17 19:05:46,2017-12-19 09:57:42,2017-12-20 23:39:05,2018-01-04 20:22:02,2018-01-12 00:00:00
9aeaadde646cd9e4c51638f24ecf63cb,b9f1e74e29e518dde4d453acdcd1c7e6,canceled,2018-02-09 16:25:56,2018-02-09 17:00:25,,,2018-02-23 00:00:00
2db8bb66bd5b7b1777d5b5729843ff03,8421619ae92243de86c872d87adb6996,delivered,2017-03-21 10:00:52,2017-03-21 10:00:52,2017-03-23 08:42:41,2017-04-03 10:53:40,2017-04-12 00:00:00
c78b50d1c5ddfed2a5394dd0e90c4e99,634abb8644a5c935250dc7d8201413bb,delivered,2018-07-10 15:08:54,2018-07-10 15:29:55,2018-07-11 09:00:00,2018-07-12 20:47:32,2018-07-18 00:00:00
40af1ae902bbec62efba703b0fc0e8ea,2323d9f72689f9da252e89663301435a,delivered,2017-07-25 08:31:46,2017-07-25 08:43:12,2017-07-28 16:57:42,2017-08-02 20:19:46,2017-08-18 00:00:00
5ce13e60c6c8f2bad1ea6a41c2b6451f,66e8cd15def4261b910039d661c63da0,delivered,2018-08-20 23:25:36,2018-08-20 23:35:10,2018-08-22 06:16:00,2018-08-27 13:58:54,2018-09-05 00:00:00
ca67ed4e41d10ddfede1632c9ccc1c8b,5d08033bbe18873d442b007496ec9774,delivered,2017-10-09 14:50:46,2017-10-09 15:14:27,2017-10-16 19:45:45,2017-10-26 17:12:57,2017-10-26 00:00:00
5f388b746633707438472151bf468e6f,4a7fe722558b97f3103ff8211dbf65bf,delivered,2017-12-06 08:08:38,2017-12-06 08:18:22,2017-12-06 21:47:09,2017-12-07 20:29:51,2017-12-22 00:00:00
f5dd62b788049ad9fc0526e3ad11a097,5e89028e024b381dc84a13a3570decb4,delivered,2018-06-20 06:58:43,2018-06-20 07:19:05,2018-06-25 08:05:00,,2018-07-16 00:00:00
74ad5ac7e3d4f54b5c3796fd7cda5ea2,ce2ad589763ca27d2ab0ba2016120e55,delivered,2018-03-25 21:09:00,2018-03-25 21:30:26,2018-03-27 17:58:29,2018-03-28 19:27:41,2018-04-06 00:00:00
e39b1c0568bb5cbcb35d685fc1185634,753d6cf7d8ba649983fc6e04ddb58024,delivered,2018-08-27 18:25:28,2018-08-27 18:35:23,2018-08-28 11:09:00,2018-08-30 19:31:53,2018-09-04 00:00:00
c323f00d4d5c7dd40983179c0ca14894,63d14a19ab8e783063d0133f2bfd2fa6,delivered,2018-08-12 15:47:59,2018-08-12 16:04:25,2018-08-14 09:43:00,2018-08-25 01:11:49,2018-09-04 00:00:00
53a2fc4e276fa45a7962cec897d2bc89,96884edb162028aa1d676fdd30629d7b,delivered,2018-01-18 11:37:39,2018-01-18 11:55:10,2018-01-22 22:35:46,2018-01-25 22:25:35,2018-02-08 00:00:00
a2b510cbf99b001ef7b7a9aacc9789a8,02292531f73bf941ef5b09341e195e37,delivered,2018-08-03 23:49:32,2018-08-04 00:04:07,2018-08-07 10:21:00,2018-08-15 17:37:28,2018-08-17 00:00:00
012f29911fcd2f1209d937741a6bbc6f,63a479f36824ee8972e112caa2e4e64a,delivered,2017-05-16 15:39:55,2017-05-16 15:50:13,2017-05-19 09:39:40,2017-05-22 11:44:45,2017-06-05 00:00:00
ebe8e5e35f85b19e3b8132a054bbf523,8a6141945cdd81b6483d6b40121d5366,delivered,2018-01-27 18:47:46,2018-01-27 18:56:26,2018-01-30 16:47:50,2018-02-05 23:46:29,2018-03-01 00:00:00
814707e8df2523bcaaa907ccf2509212,83c0d28b5d80d2725c0c9da9fcbecf62,delivered,2018-02-15 22:38:42,2018-02-16 14:32:32,2018-02-16 17:28:33,2018-02-24 00:13:37,2018-03-08 00:00:00
a5283d6db4848796b9bea944339d2dca,c437d2ce8145895f0e3bb3cff1d49833,delivered,2018-05-03 13:35:01,2018-05-03 13:52:40,2018-05-07 12:31:00,2018-05-21 12:38:49,2018-06-13 00:00:00
4defd3e3fe1a6db61afe4ebd7b0fda3a,f3e8586ad7f90adb0170d4de598765ce,delivered,2018-04-11 20:08:13,2018-04-11 20:29:40,2018-04-12 21:58:31,2018-04-23 16:45:44,2018-05-07 00:00:00
277652d641a561b871127afe3f44b952,9ecf2bc6369607481b42c895a84f8b0d,delivered,2018-04-16 09:51:23,2018-04-16 10:10:52,2018-04-16 18:58:41,2018-04-19 19:57:27,2018-05-10 00:00:00
fe808fc011ee4ae41f2ed8d1d52b6670,fe13bf26a277dc7ff9c2e79d43538ba2,delivered,2017-11-23 14:32:09,2017-11-23 14:49:03,2017-11-24 17:48:54,2017-12-08 00:38:12,2018-01-05 00:00:00
c5a2f330a53172144cc43fba697c2e8f,fb389b7d0cd2c402928c0ae831dc27ba,delivered,2018-08-08 18:52:43,2018-08-08 19:05:10,2018-08-14 15:03:00,2018-08-20 13:43:44,2018-09-20 00:00:00
410ca45d84f47d06fba1e4476a10b392,06703b3d47c703a3e163cd1769c2c53e,delivered,2017-03-30 13:10:18,2017-03-31 13:15:49,2017-03-31 14:12:10,2017-04-05 13:51:59,2017-05-05 00:00:00
48e816000dabe8c0fa48760793be1be1,cd5bba0660517b2afba428633d6905e6,delivered,2017-07-20 10:18:36,2017-07-20 10:30:11,2017-07-20 20:21:55,2017-07-31 18:59:45,2017-08-15 00:00:00
8065c72fce26b871dcba7ef49bebfa48,1d66aa095196064fed180c1b83dae50b,delivered,2018-05-13 13:20:54,2018-05-13 13:35:12,2018-05-14 14:22:00,2018-05-15 17:27:00,2018-05-25 00:00:00
b0247f256d2486d4cb5f3bf93dd84eb4,30c6c7a5f5570eea755284d1775568b8,delivered,2018-05-27 16:42:04,2018-05-29 03:14:46,2018-06-08 10:24:00,2018-06-20 13:28:42,2018-07-26 00:00:00
7527dc48e587e3cc2071e727f32a2610,1d96ca9c6b79fe73bcad683eb98a4c56,delivered,2018-05-10 00:22:46,2018-05-11 03:10:47,2018-05-11 12:26:00,2018-05-17 23:38:47,2018-06-20 00:00:00
50bfdb0627807130b8f989106c985a75,e7e3b6addd9cbdada337bac46efd5810,delivered,2018-08-07 09:54:16,2018-08-07 10:05:15,2018-08-08 18:00:00,2018-08-10 00:48:18,2018-09-06 00:00:00
ddc3b6d5a6e5e69a831ca246a5eefce0,e8475ac6fc6c019a6bd0f861a852d153,delivered,2017-10-11 17:32:45,2017-10-11 17:46:28,2017-10-18 14:25:43,2017-10-23 20:58:45,2017-11-06 00:00:00
27b01bbc397d9282e115008e0d914f2c,b73808a9b8c9bab42e9f738c8f2b16ad,delivered,2017-02-01 17:39:57,2017-02-01 17:50:16,2017-02-03 10:35:42,2017-02-16 13:28:11,2017-03-22 00:00:00
b1a79ef890283bdf9f95a4a4ef07f4f5,ff9f33a3b99d4aecf89c3361baffefae,delivered,2017-07-27 17:50:00,2017-07-27 18:03:31,2017-07-28 19:19:47,2017-08-03 22:14:40,2017-08-16 00:00:00
e52c9dfec957c503bed5d050a39c740f,8b8cd016c44d0a90a6523a2a52cf4369,delivered,2017-12-09 18:49:23,2017-12-09 18:56:28,2017-12-14 22:22:31,2018-03-27 01:57:14,2018-01-08 00:00:00
377495cc02054f98a51667ad0e5a3933,bedcdf62b6f7fdc5c051adfe5f95d7c7,delivered,2017-08-13 14:41:35,2017-08-13 14:55:18,2017-08-15 16:57:20,2017-08-24 20:02:53,2017-09-05 00:00:00
2f43e00527fc0602c116560861680ecd,54224cb0ac10a018b2dbc51d4a8d89f5,delivered,2017-11-24 11:16:55,2017-11-24 13:15:51,2017-11-27 22:22:03,2017-12-28 21:09:46,2017-12-26 00:00:00
793d6cba27a505c143022119b8f313f8,2b51fc9067066cd728116c01796db41f,delivered,2017-07-13 11:44:22,2017-07-15 03:34:40,2017-07-18 13:42:23,2017-07-26 19:09:34,2017-08-07 00:00:00
40d8fa0e0533d4f1e5e5fe1cbcca3739,e8adb2978a9295aa6e384d5945d4a60d,delivered,2018-03-21 17:16:33,2018-03-23 19:27:37,2018-03-27 17:58:39,2018-04-04 23:34:29,2018-04-10 00:00:00
67751830e2d59234b32c89aa419117d2,931cf856e7ecbb379fae8e9b75eb4be1,delivered,2017-12-24 18:03:50,2017-12-24 18:12:24,2017-12-26 21:24:01,2018-01-03 22:48:59,2018-01-24 00:00:00
d9f4838ea42729e0b08088b15492477b,39592999581de2960ceaab403add3205,delivered,2017-08-27 22:11:18,2017-08-27 22:30:20,2017-08-28 21:03:47,2017-09-01 19:17:37,2017-09-14 00:00:00
3a64848764705419900d8390cb2ed7cb,d6dea36a07b3602c55b6645d48473b0b,delivered,2017-12-04 10:07:57,2017-12-05 10:03:15,2017-12-08 17:33:49,2018-01-17 16:42:01,2018-01-05 00:00:00
63c97617b533cbeb9d57b0f1e8d88adb,c6cbd465d9e44f6214746adf98fc9a24,delivered,2017-04-18 10:08:07,2017-04-19 10:15:07,2017-04-20 16:30:07,2017-05-04 10:36:53,2017-05-30 00:00:00
331b367bdd766f3d1cf518777317b5d9,576230a5830c1bebb06d2ee474e79555,delivered,2017-09-04 23:02:26,2017-09-04 23:15:15,2017-09-05 21:53:48,2017-09-14 20:22:47,2017-10-02 00:00:00
80759217e6015f8b5a0582f6f216bb09,bfc1001239658534dfc7189440067a2f,delivered,2018-04-21 22:41:43,2018-04-24 19:17:11,2018-04-24 18:48:37,2018-04-30 15:58:56,2018-05-17 00:00:00
b84fe8a21d1d5e8f5dad9065cd163305,49567b7e8653a181f6470b6ade8d2a9b,delivered,2017-05-24 09:16:40,2017-05-24 09:30:12,2017-05-26 14:13:03,2017-06-06 13:43:26,2017-06-28 00:00:00
3db332b439966561ec7ce3123bfccefb,c1bd03bf0a51f89d26fa62e10a00aa66,delivered,2018-04-19 16:55:31,2018-04-19 20:10:55,2018-05-02 15:39:00,2018-05-03 12:06:57,2018-05-10 00:00:00
cd237ee594c1e46dd6a74724995d4a65,567936cf4ec7231dddcc813cd75a5ee6,delivered,2018-07-13 22:27:42,2018-07-14 22:25:16,2018-07-18 14:45:00,2018-07-24 18:52:32,2018-08-02 00:00:00
7a7ce47ebeac8469117cd0b044c03d1b,159592697daed3c64e9bee76517ac291,delivered,2018-06-15 15:08:37,2018-06-15 15:37:31,2018-06-18 13:55:00,2018-06-21 20:21:46,2018-07-11 00:00:00
cf7a335e516a91cbb3a5080561ca28be,a1bfe32cba9e76e58380f9609de10cfb,delivered,2017-09-23 13:55:11,2017-09-23 14:10:11,2017-09-27 18:57:49,2017-09-29 18:50:00,2017-10-10 00:00:00
0c28b673ceff9e07c5de4539bb0d4ed2,bc11dc645f9b9b92ae2581fc582cff93,delivered,2018-01-22 15:13:40,2018-01-22 15:38:09,2018-01-26 21:58:06,2018-01-30 16:33:56,2018-02-19 00:00:00
c1ca4dea0d87cd383f5790fa7a5bd78f,6eea5b862fb7248e506d45f675aa82cc,delivered,2018-07-16 11:21:09,2018-07-16 11:30:18,2018-07-16 14:21:00,2018-07-20 17:34:39,2018-07-31 00:00:00
425a576f4dbce35f760bff4c6d50015a,fd1b0a4fffd0008ee694cef075b6e987,delivered,2017-07-30 19:26:51,2017-08-02 08:33:48,2017-08-02 12:08:17,2017-08-14 19:06:04,2017-08-24 00:00:00
a2f8f44bc77354a5f4e5bc4a14573d58,6d822462f31cc86382bb8da8b2676f5c,delivered,2017-03-30 09:01:48,2017-03-30 09:15:17,2017-04-10 16:03:56,2017-04-24 08:52:18,2017-05-08 00:00:00
a199f382a03b7dc25c0dbecbf862d8ab,1379277e48390b20f220d5b54fe4f385,delivered,2017-07-02 16:48:59,2017-07-04 04:45:16,2017-07-04 14:45:25,2017-07-07 18:17:54,2017-07-21 00:00:00
3c7e4eeb2c6c14762f90616740515e92,370a6c4e02da3582774593bbfc7f1eca,delivered,2018-05-10 10:58:28,2018-05-10 11:15:13,2018-05-10 14:28:00,2018-05-15 20:32:10,2018-05-29 00:00:00
98887ed2917a8ed8181ea225dc24318d,d4c14a8ec8e7357070cc2bf098be44ba,delivered,2017-09-11 15:06:21,2017-09-11 15:15:26,2017-09-12 21:05:12,2017-09-22 18:11:07,2017-10-05 00:00:00
aacd30f6c2d18d29984752cb2a7e193c,263aacc6b77047d6465c97f0603cfc01,delivered,2018-02-17 15:57:48,2018-02-19 10:34:09,2018-02-23 00:46:14,2018-03-06 02:48:20,2018-03-14 00:00:00
43c0f811c247046c30643b3c1f3c3e69,519f1ec4a2346da697625c29aae10757,delivered,2017-12-05 16:58:09,2017-12-05 17:12:19,2017-12-06 19:41:56,2017-12-15 13:38:56,2018-01-09 00:00:00
2a94e7d7579b7452fd58d7d93edeb4f7,806a7036f155a4337513c809ec157cdb,delivered,2017-08-18 03:55:27,2017-08-19 02:16:04,2017-08-22 14:07:36,2017-09-04 19:31:54,2017-09-22 00:00:00
fc5f33467c57b2d2ea8571e3bdbdf3fb,1ca7d825177bbb426afe9159c1292038,delivered,2017-04-19 18:05:44,2017-04-19 18:15:14,2017-04-24 17:37:54,2017-05-03 13:29:35,2017-05-15 00:00:00
f1dc649e1ea6789e7eddbdaf40aaddb1,31a1f42ba1116f10aa19ca855ffa1455,delivered,2018-08-01 20:21:24,2018-08-03 04:35:15,2018-08-03 12:49:00,2018-08-09 20:18:45,2018-08-28 00:00:00
bca438a94b0b58bd0f7a15666e522042,a9bc2d0b568a1b02e288e4b0f701e792,delivered,2018-07-16 12:34:46,2018-07-16 12:45:15,2018-07-20 14:34:00,2018-07-23 18:40:39,2018-08-02 00:00:00
6c3b48207e30c29cf9d521795daaa5e7,c30ef5697173679058dc8495d53c2e19,delivered,2018-01-22 22:45:17,2018-01-24 02:35:00,2018-01-25 00:44:31,2018-01-26 19:52:49,2018-02-06 00:00:00
a9493527e59e8341b49a5d0a41b0623b,fa84499d625f5f019597344d107eeba5,delivered,2018-08-04 01:01:09,2018-08-04 01:15:12,2018-08-07 14:41:00,2018-08-08 13:58:28,2018-08-20 00:00:00
445aaad4cce346818af0ce07050bf4fa,4e11a9e505a8addbba778b9614e0055c,delivered,2017-11-13 17:03:12,2017-11-13 17:30:33,2017-11-16 17:51:16,2017-11-26 13:33:12,2017-12-05 00:00:00
752b8f7e6ea0235e3f33865ae8c854d8,a82ab31ed80aa76d075e466fdbceddb8,delivered,2018-04-17 15:00:23,2018-04-17 15:15:31,2018-04-20 18:12:49,2018-04-24 16:41:29,2018-04-27 00:00:00
7ad731edc5a78a06b65ed2574a68ec95,d1c491e1bf13808a1ae6506b1000c136,delivered,2018-04-07 19:49:20,2018-04-10 03:49:37,2018-04-11 18:59:49,2018-04-18 15:51:00,2018-05-03 00:00:00
e11ba7fd8fe0728dcd89efddcda9fb11,5707fdbd6e18f4c752674a5053504a4d,delivered,2018-02-06 12:16:50,2018-02-06 12:30:41,2018-02-07 17:56:36,2018-02-14 13:14:11,2018-03-05 00:00:00
42d0d6be3900c1f50190096f216695b1,bd17260667bf9ba6fc98095baadc4d8c,delivered,2018-01-04 12:03:36,2018-01-04 12:31:39,2018-01-11 22:52:59,2018-01-15 15:24:44,2018-01-22 00:00:00
fc566691ba1c7e356bdaa1d5785779df,6646b608fe21146631f6f702a50daa88,delivered,2018-01-02 11:19:07,2018-01-03 04:38:37,2018-01-03 20:27:39,2018-01-15 18:18:52,2018-02-06 00:00:00
a2fb909612baaffa7ffa754be0db303f,88b6e100c4f155de3398ec137fe01053,delivered,2018-04-03 22:43:40,2018-04-03 22:55:09,2018-04-05 17:17:35,2018-04-18 15:21:08,2018-05-10 00:00:00
1ea3da4089dbf00ee630fbf1f77de978,271aee9e74c1b17eb4d12b6ee0d3eadf,delivered,2017-11-15 22:01:21,2017-11-15 22:15:31,2017-11-16 19:54:23,2017-11-30 21:19:11,2017-12-14 00:00:00
b00853fe8ddc3b34dd00f0054914241f,a42adaaa0467568a702ec76c3876984b,delivered,2018-01-28 10:21:30,2018-01-28 10:40:21,2018-01-29 18:58:51,2018-02-10 14:13:28,2018-02-23 00:00:00
5461b16bc5220279efdefe1dba3db81e,2acc0aa04c8ea6b0378fdb3928cd819a,invoiced,2018-03-13 14:36:36,2018-03-14 15:00:23,,,2018-04-02 00:00:00
dbf76ef1323584fa387945f83b324534,3684d4cae3dfe07bd673aeb1db653210,delivered,2017-09-19 22:17:14,2017-09-20 07:55:12,2017-09-22 17:31:57,2017-10-10 14:53:34,2017-10-17 00:00:00
1ca2f6afe6ba0ec0172d795f09cd06c2,512846cb027d802d48f0eb1ad466c94f,delivered,2017-06-24 21:57:55,2017-06-24 22:05:14,2017-06-27 09:41:59,2017-07-03 14:12:04,2017-07-14 00:00:00
2631dba338efbcea9c3ace77ce210c01,8e941206a8be5ff6eff0de04fa1629e5,delivered,2016-10-06 08:28:19,2016-10-06 15:49:04,2016-11-30 10:53:48,2016-12-15 13:35:55,2017-01-09 00:00:00
061c97a9bd7911f9d2031e1b820c344f,ddc1e728d2de6666c8a01a42901d36c3,delivered,2017-04-21 13:18:31,2017-04-21 13:30:12,2017-04-24 11:59:42,2017-05-09 10:27:56,2017-05-16 00:00:00
0e6601766fd993333199b539b66f215a,e2dac290badd339c560cd42df635504f,delivered,2018-01-08 12:57:12,2018-01-08 13:05:47,2018-01-11 13:19:37,2018-01-17 10:24:06,2018-02-05 00:00:00
ac3ae04e5a2751b8cfd9baaa3dc58638,ee07904a90221e85a36e0b1babb6981c,delivered,2017-09-15 15:14:45,2017-09-15 15:30:30,2017-09-18 20:47:59,2017-09-19 17:32:57,2017-09-27 00:00:00
9263d44e38972f77bc8c17ad8c063fa1,486e6cf59ee7f4af8cf4087d860e24b1,delivered,2018-03-18 15:17:37,2018-03-20 03:35:46,2018-03-27 00:54:30,2018-04-16 22:51:39,2018-04-11 00:00:00
b830a4b74c882c5439267917c3789337,6542ad6f2d4ca9eda1274b75b89b7db1,delivered,2018-03-20 19:03:03,2018-03-20 19:15:36,2018-03-22 21:10:55,2018-03-26 15:46:59,2018-04-09 00:00:00
1d0ec3f28fc4f0dfe429d70f0f2acf7f,96a609f65bb190005427d012320e45cf,delivered,2018-08-18 15:25:36,2018-08-21 04:35:26,2018-08-21 14:44:00,2018-08-27 17:30:28,2018-09-05 00:00:00
3e32d369b9dbc9c416fd67b85e7c4ba9,e046261f5d5fc79effc2c2ab67f4e015,delivered,2017-05-31 14:41:11,2017-06-01 04:23:01,2017-06-05 14:59:44,2017-06-09 17:33:42,2017-06-27 00:00:00
64c0c5937e0922b1d2f1124087499646,761a6661420ac3fe268bdb4140898575,delivered,2018-03-25 17:53:55,2018-03-25 18:08:08,2018-03-26 22:38:54,2018-03-27 16:21:53,2018-04-20 00:00:00
84100b23fba8756e8a776f96e110c04d,d1e9dfc3cc11c1c913325204a045808f,delivered,2018-02-20 11:34:21,2018-02-21 06:15:18,2018-02-22 18:17:03,2018-03-08 16:25:44,2018-03-12 00:00:00
bfcb171109072a41eb811fe6bda0c94d,2a73c0df0b9ae8d6ede300241d3f2c4b,shipped,2018-04-01 18:31:24,2018-04-01 18:47:53,2018-04-03 00:38:43,,2018-04-20 00:00:00
1a41f24ba682e06e82dd1ce5f77b6f5e,466417076987cafe57f66ad974bbab6b,unavailable,2017-07-09 13:28:08,2017-07-09 13:42:51,,,2017-07-21 00:00:00
f4648b67b522b668ee82118f15e903d6,2b58e015093f2ab36341fb456df8ca19,delivered,2018-02-15 21:52:41,2018-02-16 00:31:35,2018-02-16 21:42:30,2018-02-19 13:59:36,2018-03-02 00:00:00
5e0a798e395c3be05f7b2cc9f7ceb6b4,3119195c7ca0da07f02a118f1fd13499,delivered,2018-03-21 12:08:41,2018-03-22 02:55:33,2018-03-22 19:43:41,2018-03-23 13:48:34,2018-04-03 00:00:00
e107625561f106fc1d9acae20a7cb794,fc445dec83b9653400ccf10fc313796f,delivered,2017-07-18 20:00:02,2017-07-18 20:15:20,2017-07-20 12:22:31,2017-07-25 18:51:24,2017-08-11 00:00:00
528e6fd7c03c379de286d97ec507a6f7,a2f85a067e6d39238356fea8d2e54763,delivered,2017-03-18 08:52:44,2017-03-18 08:52:44,2017-03-20 14:36:34,2017-03-24 12:43:57,2017-04-12 00:00:00
a7e81b5cf4f8a13c638129228f4696fb,d436a01cbfaa1bc15ecd84318b408a01,delivered,2017-02-28 22:48:02,2017-03-01 15:35:12,2017-03-02 15:03:59,2017-03-16 09:51:06,2017-04-03 00:00:00
4d60e5659a5be3b15be731b5882ecc3e,aad247815d757e959d4a0d5e0dabefb3,delivered,2018-05-30 10:18:22,2018-05-30 10:30:32,2018-06-05 07:06:00,2018-06-06 15:32:44,2018-06-25 00:00:00
60f0f4f310904e1d0c7d41224fcb45d6,75c822ccf568d44bb0a6066731ef9baf,canceled,2017-08-02 17:56:11,2017-08-02 18:10:16,,,2017-08-30 00:00:00
89754e8d7a02b0a3f7aa92d800b25c14,f45387a2a2560b3f197249efd41a2f1a,delivered,2017-11-09 22:35:41,2017-11-11 02:47:23,2017-11-13 18:18:59,2017-11-28 17:43:57,2017-12-04 00:00:00
1ccd61f3cd66bdcd294756395581ff87,23cd3e02f8fa03324cef55cde5d05d0d,delivered,2017-05-16 18:41:55,2017-05-16 18:55:18,2017-05-17 15:37:02,2017-05-23 11:05:16,2017-06-05 00:00:00
1eecd2bcaafb81b8fa1c0c28d3de1f32,74a3ec43f4decf8f77dd1049a10b7a83,delivered,2018-05-26 15:41:19,2018-05-26 16:18:35,2018-05-29 13:28:00,2018-06-08 23:31:51,2018-07-05 00:00:00
51ee6ec9a7b510b8ee500a47065a74b8,3c6bafdfdd95f239f5ac3bcf5e56bd0e,delivered,2017-08-31 10:57:58,2017-09-01 13:32:49,2017-09-08 18:20:11,2017-09-19 19:56:50,2017-09-25 00:00:00
84877113d081df48ed8924b8cdde9c90,b6c0ba3dffef7c16d0f3098fc0820a0c,delivered,2017-10-14 20:16:40,2017-10-14 20:28:37,2017-10-16 21:32:30,2017-10-25 17:06:02,2017-11-07 00:00:00
bb1471d7b9aedd3bafa3f2dd40db59de,d2ec3bc5feb94e52cf9bef5cf17cf5c5,delivered,2018-08-12 13:57:31,2018-08-13 13:55:16,2018-08-14 12:24:00,2018-08-16 18:18:51,2018-08-27 00:00:00
26b5d26aa210d44b8a3f2310d32643f6,4346732f4434b2e2e2f772838cc4798d,delivered,2018-07-05 21:49:33,2018-07-12 03:06:15,2018-07-17 15:57:00,2018-07-25 14:04:08,2018-07-30 00:00:00
7d2ce95144e1dac8886fa0b3d498baf2,716fd5f79daef847a1b093ec2be493f1,delivered,2018-02-13 20:16:06,2018-02-13 20:25:26,2018-02-15 22:42:50,2018-02-16 22:08:10,2018-02-26 00:00:00
772014e90d68acfafda19b12094adfc8,f36e975a61cbb2d56da68b2ea73c55ad,delivered,2018-03-07 23:25:51,2018-03-07 23:35:29,2018-03-12 23:12:40,2018-04-17 14:34:30,2018-04-10 00:00:00
d33a9fee5f4bebef9e1b0ffaca5a33ba,92c491a4a6ac1070cb634b6fe4be1bde,delivered,2018-01-16 18:37:23,2018-01-16 18:51:04,2018-01-17 15:38:36,2018-01-23 18:23:07,2018-02-08 00:00:00
52c61c311129f8dc9cc4f8f1c84b0b2d,989d0306f46bfd75ab52c21c9d307679,delivered,2017-10-03 15:22:13,2017-10-05 09:14:09,2017-10-05 19:46:19,2017-10-13 17:41:58,2017-10-25 00:00:00
edbacb2d42b406befd1d4802a1ddf0d6,11261168a6b88ac6f1187b7d8b03453c,delivered,2018-05-15 13:20:15,2018-05-15 13:35:21,2018-05-15 15:08:00,2018-05-17 11:04:26,2018-06-04 00:00:00
626167e3684a7c5f8920b89c65b38d30,a94a658fc7f1752a7a94ad9eb11bcf38,delivered,2017-10-30 16:38:13,2017-10-31 04:10:19,2017-11-03 19:55:00,2017-11-14 17:38:26,2017-11-22 00:00:00
083f267075b03a6cd837f4faa2c7b881,773b421ca684d5690679a652c88e7e83,shipped,2018-07-04 08:04:13,2018-07-05 16:33:06,2018-07-12 13:50:00,,2018-07-31 00:00:00
698c554458e6b44e6f2f1450583c2547,da76f9977b3186c7e1a7c10ec515c835,delivered,2017-05-25 17:10:19,2017-05-26 02:35:17,2017-06-07 14:41:08,2017-06-13 14:56:08,2017-06-28 00:00:00
f498aab8c4d72194623c6dcdb2561b3c,ff8d16a27756dee8602746a20cf0cf8a,delivered,2017-07-11 18:38:05,2017-07-11 18:50:15,2017-07-20 20:39:47,2017-07-27 18:52:30,2017-08-10 00:00:00
8b0128d6fee114eb818400897a13c6e7,f1c5f4863531050ba9cb6fbad56f9929,delivered,2017-07-30 14:53:43,2017-07-30 15:05:17,2017-08-01 21:32:49,2017-08-03 20:59:40,2017-08-11 00:00:00
6993bb3a5f6a76572cdcad1aa5b15eb3,d0c9b58b9310372afa82bc44cfefabff,delivered,2017-05-26 09:40:44,2017-05-27 09:35:14,2017-05-29 12:46:55,2017-05-31 11:05:10,2017-06-23 00:00:00
9b9273325c81fdbb834a17e020c6d131,7225c41233573a5e698cddb894951e51,delivered,2017-09-02 15:37:08,2017-09-02 15:50:16,2017-09-05 18:03:31,2017-09-11 18:23:11,2017-09-27 00:00:00
fc10c2bcfb34da9f78f483c17714eef0,36a1aa63bf2ebcd4911e026092700610,delivered,2018-01-14 13:02:23,2018-01-14 13:11:28,2018-01-15 19:59:01,2018-01-17 19:22:33,2018-01-30 00:00:00
669ce1216b1f4bb933050232c202be73,9e8a24b073c90a710e41160e9c0ca0b2,delivered,2017-09-27 21:35:47,2017-09-27 21:49:34,2017-09-29 15:13:27,2017-10-13 21:53:53,2017-10-20 00:00:00
eed4f2d2a85ee44d1b55652ec08dc645,dc772d5283943bdc7bf3b67188815959,delivered,2017-12-18 07:22:52,2017-12-18 08:51:42,2017-12-18 17:53:29,2017-12-21 18:33:02,2018-01-05 00:00:00
ed212234a6a31d41245df34b141e1830,4e0124b873e33a0564660f4a619d9b52,delivered,2017-11-17 13:00:16,2017-11-17 13:11:24,2017-11-22 01:33:03,2017-11-23 18:34:51,2017-11-30 00:00:00
9228682487293a245fb99c6f6b82fa23,62757d7876f76d66bcc0558e60a9e45b,delivered,2017-11-19 14:46:05,2017-11-19 14:55:29,2017-11-23 18:16:57,2017-12-21 17:12:36,2017-12-13 00:00:00
d5d78aa1e1666a81b03bd8791c865fd3,4cbed88a67d0cd881ad50fc8c91663ec,delivered,2017-05-30 11:43:19,2017-05-30 13:07:47,2017-05-31 15:58:15,2017-06-06 08:10:06,2017-06-20 00:00:00
9c95771a972dea113414d2b2bf6431fd,c03275148e4cec797255ac9db995dd28,delivered,2017-11-19 17:20:57,2017-11-19 17:35:25,2017-11-21 22:49:00,2017-11-29 20:09:49,2017-12-08 00:00:00
398906d8d8773226777eeb90031d7f90,0fab118403df6a3ffc643d2e10ace8f3,delivered,2017-10-19 23:16:28,2017-10-19 23:28:16,2017-10-20 19:52:52,2017-10-24 18:39:08,2017-11-07 00:00:00
3081ddf6e7c6afa4e4124e7882486fcd,3a6cd46a9e28dace3c4f72bec2b7b2fd,delivered,2017-05-31 11:38:50,2017-06-01 11:45:18,2017-06-07 12:36:24,2017-06-22 15:07:44,2017-07-06 00:00:00
46f8ad0d98c5c3731e1e7988e45f4a4c,c2c6de553b9ae7dc0ca347bbabfa376b,delivered,2017-12-25 23:24:59,2017-12-26 13:28:43,2017-12-27 20:47:55,2018-01-10 20:13:55,2018-01-26 00:00:00
e1b7512618fd9b1dc5bba0cfe3a7aee4,3a6593692ab61c6618b23ddce7347ceb,delivered,2017-07-22 13:24:06,2017-07-22 13:35:17,2017-07-26 15:33:59,2017-08-03 22:17:34,2017-08-15 00:00:00
7401e9523d2377080c54f7ac11967b95,f1fb68ca7cf1c4dab0dd844d4cea2c4b,delivered,2018-01-08 11:32:38,2018-01-08 11:48:55,2018-01-11 19:20:05,2018-01-17 15:09:26,2018-02-05 00:00:00
af8f67f3b2d6fc844d3c2c2857eac823,b56311081c4a2d43439f28f9d8f5e858,delivered,2018-01-06 18:19:33,2018-01-06 18:31:36,2018-01-10 17:46:15,2018-02-08 19:36:33,2018-02-08 00:00:00
7b37983cda54d6e32d54073a94cf59e7,3e25f74119695fc71aef7825635ab0a0,delivered,2018-04-18 14:11:11,2018-04-19 02:10:55,2018-04-19 23:42:49,2018-05-04 21:41:09,2018-05-17 00:00:00
69662b80ad8ace7ce3c7b9df1e29efd1,a545c778a3d0469c10cea590d117e9fa,delivered,2017-06-28 17:57:05,2017-06-28 18:10:19,2017-06-29 13:44:52,2017-06-30 16:25:48,2017-07-11 00:00:00
8a02059055e25bfefbd27fa0d9d1a5dc,fb7589492fcf34d03d5134549bfa5d59,delivered,2018-06-05 23:03:03,2018-06-05 23:15:13,2018-06-12 13:25:00,2018-06-22 16:18:37,2018-07-11 00:00:00
9a161af1014bfe03c925a3ebf67a67ec,ee1f68f29aaa80e5047ad2ba7f482ed7,delivered,2018-08-22 17:14:07,2018-08-22 17:25:16,2018-08-23 14:36:00,2018-08-28 18:28:39,2018-09-03 00:00:00
44900db49b182f4c5488152220bed716,2dc0c12730d20a4eb7d97b60c47c5fa4,delivered,2018-08-05 12:37:17,2018-08-06 08:44:45,2018-08-06 14:54:00,2018-08-29 13:52:28,2018-09-17 00:00:00
076c344fa6fb7b7284fe98fbcb257ab1,2d31f217b1ae10b6d50d1a70d839c20a,delivered,2017-06-03 15:01:17,2017-06-03 15:10:13,2017-06-05 10:46:44,2017-06-13 06:02:55,2017-06-28 00:00:00
3615e42c9ff6c0d9bb86e14c6670d965,f030a8c355a06d51f7d7398113421b94,delivered,2018-08-14 08:51:17,2018-08-15 03:15:22,2018-08-15 13:59:00,2018-08-16 17:57:53,2018-08-20 00:00:00
9ea3e77998212b1f268aa1753f3d421d,e9b4af752a24a32c3c58969fa2c17712,delivered,2017-07-21 19:40:21,2017-07-21 19:50:18,2017-07-24 19:11:42,2017-07-27 15:46:36,2017-08-14 00:00:00
303ce25530e525f6705a34fc254eeaaa,ef5d089ff85d330f35b35a59f75ea78e,delivered,2017-08-29 23:25:38,2017-08-29 23:44:42,2017-08-31 16:14:00,2017-09-05 21:04:40,2017-09-20 00:00:00
375aac0ed45f117fefb4e511189306d4,76a753fa316d8bea2478e1a7047e75f2,delivered,2018-08-06 13:05:58,2018-08-06 13:15:18,2018-08-06 15:25:00,2018-08-15 17:42:51,2018-08-16 00:00:00
696f3d1ca8c81318d2b46200ddf3023b,eb8c0b8655c42ddb4a606963e3939fb9,delivered,2017-02-13 14:04:48,2017-02-13 14:15:24,2017-02-22 07:34:15,2017-02-25 03:54:54,2017-03-10 00:00:00
deea565ebe3196a7408232c8bb0ddc0b,a028a12d1103e8eb0dcc7a1e12fdc1aa,delivered,2018-07-22 13:14:45,2018-07-23 11:32:07,2018-07-23 10:29:00,2018-07-24 17:44:38,2018-08-02 00:00:00
98f4a4ea778444e3e6b88c06eb8e47ff,a2340342c81e4ecfbdb7c610f07276fb,delivered,2018-01-02 20:24:12,2018-01-04 05:23:58,2018-01-08 20:23:31,2018-01-11 01:06:14,2018-01-18 00:00:00
eb792f8381af26c29f5976437239c812,4804ec21c7e5e53bca97763ec94cee05,delivered,2018-02-05 17:02:08,2018-02-05 17:32:47,2018-02-07 01:09:49,2018-02-23 19:33:28,2018-03-05 00:00:00
fbafcc549363560790bf2e28730a7f36,6143ab26bc0193094caa9685a0c90d00,delivered,2018-06-13 11:37:39,2018-06-13 12:32:29,2018-06-15 12:40:00,2018-07-03 15:58:35,2018-07-18 00:00:00
0b8a71b3f5c221a69f4d23097cd604f6,91ef15a60f302d55d0f2867836abca9c,delivered,2017-06-09 13:59:38,2017-06-09 14:10:22,2017-06-14 13:32:36,2017-07-03 14:21:12,2017-07-17 00:00:00
c99247cb33c25f5437100c61f7289804,0227176d396f5394907470617d777fed,delivered,2018-01-25 11:55:00,2018-01-25 12:18:58,2018-01-30 23:32:11,2018-02-16 23:38:43,2018-02-23 00:00:00
b9340e1bc95553da15bd8aff9b343a37,abfa71d0fae78b8b69d691f25ca66c9e,delivered,2017-08-09 14:32:34,2017-08-10 14:43:47,2017-08-11 15:52:02,2017-08-14 17:07:34,2017-08-22 00:00:00
e4d596db544346c4bfb27ed2a0f74c8b,0b3d0577a86f1ea8f68d60628e0d6e19,delivered,2017-10-11 20:32:04,2017-10-11 20:45:39,2017-10-13 20:12:29,2017-10-24 19:47:31,2017-11-07 00:00:00
1e9cdcfe3bc61780f3fdf2edc4866484,7b9b70fdd60cf1e25bd23cc75f3a1743,delivered,2017-09-10 17:40:51,2017-09-10 17:55:10,2017-09-12 15:57:57,2017-09-18 20:12:56,2017-09-29 00:00:00
e6af93ea6ff2947b8760af3dc581f50b,ad9b81cad36cbef93c59cad18606eb37,delivered,2018-05-12 00:20:18,2018-05-12 00:32:04,2018-05-15 08:22:00,2018-06-08 20:15:40,2018-06-04 00:00:00
e1a90f68f1eb2b0f154dbfdace7bdab6,d5ab28cc3a09431710c8b8066f168ee3,delivered,2018-05-11 00:40:38,2018-05-11 00:58:46,2018-05-14 16:02:00,2018-05-17 14:20:42,2018-06-04 00:00:00
048e6e4623dbf118c43e0f5572016faa,7c43cc8f6953deea674d34207a646886,delivered,2017-12-31 17:57:21,2017-12-31 18:09:23,2018-01-03 23:22:58,2018-01-10 21:42:27,2018-02-08 00:00:00
dde952bfd9402fb3bbbad0b65e5496bd,77ae74c04570dc67a52d7bb0bb9d02c2,delivered,2017-08-26 11:45:58,2017-08-29 04:30:55,2017-08-29 14:36:06,2017-09-07 14:59:54,2017-09-21 00:00:00
7ad517358a6ed9836dacf1bd7cc9dab2,dbbab934da3c392e64a7c76adeeed097,delivered,2018-07-25 17:38:59,2018-07-25 17:50:20,2018-07-26 15:11:00,2018-07-30 18:36:36,2018-08-14 00:00:00
54b189d57c850ca60b0a19d7e12b6d40,51b884d48be20f54afbeeeaebdcf8f0a,delivered,2018-06-04 22:46:51,2018-06-05 04:12:29,2018-06-09 09:08:00,2018-06-14 20:33:22,2018-07-11 00:00:00
5645645107dea4fb252b5fb68ed75db9,7ee62e783784426e8c7076646ea9f3d9,delivered,2018-02-15 10:03:48,2018-02-16 10:07:01,2018-02-19 22:07:36,2018-04-07 11:12:49,2018-03-13 00:00:00
7c2fcd2de28fdcb260060d733f5ff8dc,e75b5de4d1be9ccc9ed3e334a9364f40,delivered,2017-08-24 18:34:48,2017-08-25 03:05:51,2017-08-25 20:42:07,2017-08-28 21:51:44,2017-09-19 00:00:00
7d6dd21206d2e43674aa0c6b6e573cf6,eee08cb8f295121937e6c8ec1b89661f,delivered,2018-07-31 13:59:51,2018-07-31 14:31:37,2018-07-31 14:54:00,2018-08-03 17:48:54,2018-08-23 00:00:00
ae0c769d416e6948678cba4fdf4f43c9,1574b16e8e6a5235d905777c2cfd2b95,delivered,2018-08-24 11:01:09,2018-08-24 11:15:15,2018-08-25 09:00:00,2018-08-29 16:03:27,2018-09-11 00:00:00
24d1d9f9bceae1483424740db703985f,009aac1d726cf431e9cff8be1f7d9ca5,delivered,2018-05-01 13:32:25,2018-05-01 13:50:32,2018-05-02 14:07:00,2018-05-21 19:41:03,2018-05-29 00:00:00
6fc3f47545243b7a6829e48871d2f8f9,da64cce133f777c710f8c902f1b452d3,delivered,2017-04-04 11:33:28,2017-04-04 11:45:11,2017-04-04 16:57:49,2017-04-11 16:08:31,2017-05-04 00:00:00
536a2dbf28ababa5342b510c8f923472,8a5d1bd9b510a91cb37072a8bd930295,delivered,2018-08-14 11:29:10,2018-08-14 11:45:14,2018-08-16 13:14:00,2018-08-22 18:09:34,2018-09-06 00:00:00
452df40bad490f0cf38ce75e50211a1b,a46c4e25417e41645e2caf1572bcdfda,delivered,2017-12-29 13:09:14,2017-12-29 13:19:17,2018-01-03 21:17:04,2018-01-05 17:32:53,2018-01-24 00:00:00
1c01393da2894cbd6b7225c45425ebf2,2b61c5105663634b9d75f6fefb94e0fc,delivered,2017-10-15 05:19:34,2017-10-15 07:00:11,2017-10-18 21:09:56,2017-11-01 13:09:51,2017-11-08 00:00:00
5ad720f90855a1b905286d8a59dd0aca,071c264041baabae3785b47968d96ff3,delivered,2018-05-03 19:10:38,2018-05-05 03:15:14,2018-05-07 15:10:00,2018-06-06 16:18:32,2018-06-04 00:00:00
7ce492282af12e4b6c41c28e7b377e87,950ccecc550e4ebe27f78092d17afcae,delivered,2017-03-29 21:20:39,2017-03-29 21:30:17,2017-04-03 15:59:50,2017-04-07 12:45:45,2017-04-18 00:00:00
9b4d22bcdc311314f200a33d155c6223,ee32a9eb76dd33f31756de0377a0d63c,delivered,2018-07-04 19:22:56,2018-07-05 16:17:47,2018-07-10 14:39:00,2018-07-11 16:28:47,2018-07-18 00:00:00
60403cf93cb435af3ff040a1b5e65b3c,07fef9e9407d285b4ad90c98766a1d5c,delivered,2018-01-16 14:42:52,2018-01-16 14:51:54,2018-01-17 13:24:44,2018-01-22 19:09:39,2018-02-09 00:00:00
d5af3f91478b15918f7250953622d89d,0ab3070066ef0b76972bc47348cc9163,delivered,2018-04-25 19:07:43,2018-04-25 20:35:26,2018-04-27 12:32:00,2018-05-16 16:09:05,2018-05-23 00:00:00
b992cd122d05b330c88f6eab0181dfc6,456dfcb8d51506383bab4a48d1ebfa6f,delivered,2018-04-12 23:43:37,2018-04-12 23:55:07,2018-04-13 19:51:44,2018-04-23 16:48:55,2018-05-09 00:00:00
0580802ab0d4809dc16b4c9002c01a27,624dd44e174c96c79397a7f030f08e8d,delivered,2018-01-15 17:27:31,2018-01-15 17:36:23,2018-01-17 16:36:54,2018-01-27 15:19:52,2018-02-20 00:00:00
1b3b7a453b2e73b50b194401c0da944d,f69e46a55317ceed64b22737d25f7d27,delivered,2018-05-09 13:33:16,2018-05-09 13:51:24,2018-05-09 13:39:00,2018-05-17 17:59:21,2018-05-29 00:00:00
4d59cc2a2e7bb6c0a851725f5888a9b5,ead83a4f8f7be8c3034b2e98754a6147,canceled,2018-09-06 14:50:07,,,,2018-09-21 00:00:00
fa2b7f457f0624bb344dc3023f557d7e,12d274b678306cdeadad69c63c2f4d2f,delivered,2018-08-05 22:41:00,2018-08-05 22:50:16,2018-08-06 14:10:00,2018-08-09 13:07:42,2018-08-22 00:00:00
ca8302550f63d763f285c7465c651803,6fe66b0e0a5c9fcd3404a54ce89ca33d,delivered,2017-05-06 16:13:45,2017-05-06 16:25:16,2017-05-08 11:43:59,2017-05-16 16:58:00,2017-05-29 00:00:00
635b67e7a17b4d236c63d1caa46d23d0,75e4b447deaa6d3563a29985153a7ff4,delivered,2017-06-24 10:26:25,2017-06-24 11:08:22,2017-06-28 16:41:50,2017-07-12 17:33:58,2017-07-25 00:00:00
f9427374480e37251d5c279ebc41a3ab,24d27d857775354d2ef3c83e95be2935,delivered,2017-01-17 14:57:45,2017-01-18 02:10:16,2017-01-19 09:12:51,2017-01-24 15:14:01,2017-02-23 00:00:00
4ff976f3269ceebad2dcd032489c9ec9,035cbd7a946d33043056a4fb2d685fb4,delivered,2017-08-21 14:50:46,2017-08-23 15:35:19,2017-08-24 19:11:55,2017-09-13 21:09:49,2017-09-18 00:00:00
06375e8bcbe64fb1da3b499fa42a7991,0288ac534f6ba035350df2527703ed47,delivered,2018-02-26 09:34:23,2018-02-28 09:56:07,2018-03-01 19:44:23,2018-03-15 17:42:32,2018-03-21 00:00:00
707c0049eb07b71b44d80b989f18719c,def2c745c728ef19defd4bfc6288c99b,delivered,2017-08-06 16:15:59,2017-08-07 06:42:52,2017-08-08 19:27:59,2017-08-17 21:26:36,2017-08-29 00:00:00
a1ca351ecfd6a7962ae956aeb0c9f96c,bd43884df2f0b61fefeeb1fc4f9ec724,delivered,2018-04-23 16:16:49,2018-04-24 17:44:07,2018-04-24 19:13:37,2018-04-28 11:36:54,2018-05-23 00:00:00
2118150cee01ae2de04990d1ec2d748f,60ce238d91a401c87e09ac0bd2a571d9,delivered,2018-07-28 07:54:14,2018-07-28 08:10:14,2018-08-07 13:12:00,2018-08-15 16:16:42,2018-08-28 00:00:00
dfac3f1dc24186a8287f0a64c7b9f2a8,37c4bbb8a4a1e07eb66ac61ed57d5f8b,delivered,2017-11-29 13:52:27,2017-11-30 02:26:10,2017-11-30 21:44:04,2017-12-07 23:13:32,2017-12-22 00:00:00
701a4ca3334d676567d4e5016a02cac7,fc65dbc709777157c273bdd7057565d0,delivered,2018-02-07 22:36:19,2018-02-07 22:50:29,2018-02-09 20:12:17,2018-03-02 17:14:45,2018-03-09 00:00:00
217bb07ca5be930bc84e050acb4817c2,41998b889bd03ec46e076f951c3879db,delivered,2017-03-24 14:18:07,2017-03-24 14:30:16,2017-03-25 10:07:33,2017-04-03 14:23:56,2017-04-17 00:00:00
a0f2abd22194d771e11728852ff988bd,1f26a8a77f3a3ba3fe836e46e4990c36,delivered,2018-03-25 21:05:14,2018-03-25 21:15:27,2018-03-27 19:48:51,2018-04-03 13:34:23,2018-04-12 00:00:00
4e2080113ead7b0ce794da2606452ac7,8b5926f78698503e751cf6cc237cae88,delivered,2017-08-05 12:04:53,2017-08-05 12:24:12,2017-08-07 18:36:43,2017-08-11 16:49:52,2017-08-31 00:00:00
794d8552a259e61b5e8a46a573c77b41,a059473225838f7005cf82e2f6b9a18d,delivered,2017-08-01 17:03:10,2017-08-01 17:15:15,2017-08-02 15:54:50,2017-08-11 19:58:30,2017-08-23 00:00:00
e524a1d7796e94896f17636abddaafe5,7fce02f8a58a49cf0daa5ea11fcefb28,delivered,2018-07-13 09:58:40,2018-07-13 10:10:19,2018-07-19 09:24:00,2018-07-26 16:38:57,2018-08-15 00:00:00
39012f748a03a617e56fd02e2326ccca,6d5e2c565ba7303bd4f0bc141182f928,delivered,2018-02-15 21:07:33,2018-02-15 21:26:33,2018-02-19 13:13:40,2018-03-09 17:01:40,2018-03-16 00:00:00
2591cfc04214495607525020ec87652a,3021c6bb6322269731ace6975e49c56c,delivered,2018-07-09 01:47:35,2018-07-09 02:10:11,2018-07-10 14:22:00,2018-07-16 10:37:27,2018-08-06 00:00:00
c22e53cbe67ea326ea31cdeee2be8943,acc4192446cc575cbd79a14152e809a2,delivered,2018-01-31 17:35:34,2018-01-31 17:54:10,2018-02-07 19:19:44,2018-02-15 00:13:09,2018-02-21 00:00:00
458f56ee81b4430cbe1dc912203fddf9,a81a65b8827462e9fe311ab1848f82ad,delivered,2018-01-09 18:00:00,2018-01-10 10:32:38,2018-01-10 19:38:55,2018-01-18 21:37:00,2018-02-07 00:00:00
b786694b440fb6943dad1dcbffb42da9,0cd37b96e1f5c5d8152914365a58ba0a,delivered,2017-10-22 13:01:29,2017-10-22 13:14:47,2017-10-23 20:33:36,2017-10-30 19:34:06,2017-11-13 00:00:00
72bee274b97b852ee7741bfa0b924105,5fcc9e5618e149a1a40c31da01602529,delivered,2017-03-07 13:58:07,2017-03-07 14:10:09,2017-03-07 14:32:43,2017-03-21 08:15:34,2017-04-05 00:00:00
4ac735cd851ba30e7b280f7e045544a0,23786cea8b640b4add6ebb373091a6ac,delivered,2017-09-15 10:23:15,2017-09-15 10:30:19,2017-09-20 18:55:09,2017-09-28 18:00:19,2017-10-13 00:00:00
71bc814a4b756aa6d80e9769f0c5ef37,7c842c2505f4d3650b86f949b1bb456f,delivered,2017-10-19 22:19:13,2017-10-19 22:28:20,2017-10-20 18:28:47,2017-11-03 18:00:02,2017-11-23 00:00:00
c2d61723f3e69b1e2bb9cc9c638c0b5e,d608d88b8e4dfd4114634d9759b2f63b,delivered,2018-06-22 17:30:04,2018-06-26 05:15:17,2018-06-26 15:39:00,2018-07-02 20:16:53,2018-07-19 00:00:00
3cabf3e464629648b819dd1bb6899bad,45ac624cab170d0d09a891f877d9d89f,delivered,2017-10-27 17:43:14,2017-10-27 17:55:21,2017-10-30 13:27:45,2017-11-03 16:36:51,2017-11-22 00:00:00
e36821475008c5656ee16e2433f91133,ac0fc0af13834a5c37a25f298526fa81,delivered,2017-11-27 23:47:38,2017-11-28 01:31:30,2017-11-28 14:51:49,2017-12-22 00:39:16,2017-12-20 00:00:00
29b9902bb92e1ce30edf00a712585365,59f8f1c3c80bd5f4c57ffbcb291c0307,delivered,2018-06-28 13:05:45,2018-06-29 02:55:24,2018-06-29 13:39:00,2018-07-04 13:52:59,2018-07-18 00:00:00
4976a4c9fcf6609b9ed1306e5e105905,8d016805442139daec3d78e2fc0ccd26,delivered,2017-05-10 08:02:44,2017-05-11 04:22:37,2017-05-11 14:51:40,2017-05-18 13:42:27,2017-05-30 00:00:00
a9e41421a906ed1a2e2c882a0cfecf48,219a14804135f9a0b4e76c88de0b5cae,delivered,2018-05-09 00:07:59,2018-05-10 03:10:14,2018-05-10 15:24:00,2018-05-18 19:06:44,2018-05-29 00:00:00
1b0ed67e2931f09f00cd8553479f5823,f02e1a594b4c9a366f72ca251c91da07,delivered,2017-11-20 11:45:14,2017-11-21 03:59:26,2017-11-24 17:28:55,2017-12-27 23:33:44,2017-12-21 00:00:00
8a1700a8665d4c4f42967a8fea958520,db0142f84b12d3db5605aeb200ead43f,delivered,2017-12-10 13:32:17,2017-12-12 03:50:17,2017-12-13 21:03:46,2017-12-23 15:09:19,2018-01-05 00:00:00
e330a36de2a3f72b1322612a178d613a,cfec5c07d9fc968c605373142960cbc8,delivered,2018-03-03 11:51:36,2018-03-03 12:09:01,2018-03-05 22:43:32,2018-03-15 21:38:37,2018-04-05 00:00:00
67f8f676db053a060da849e36ee9da6e,34a0068027874fad3e0d4ff1519e46ee,delivered,2017-06-03 23:46:04,2017-06-04 01:22:09,2017-06-06 14:08:32,2017-06-16 13:37:55,2017-07-06 00:00:00
cee2b107d70b04f20a6b74b7a086c8cf,d156adf822c2f7cf64cf09297bcbd0dc,delivered,2018-02-18 18:55:45,2018-02-20 07:40:22,2018-02-20 18:18:52,2018-03-05 21:26:02,2018-03-13 00:00:00
8b103650a25fb8cc322e23f2aabb44ef,204d8daebd63de26069fdb27665c65e4,delivered,2017-10-26 14:27:59,2017-10-26 14:49:15,2017-10-27 21:08:42,2017-11-08 20:44:56,2017-11-17 00:00:00
b420ccbcb8265772b8c13687c24bb5eb,0c03776e54dca1457ed2ce839749eb4e,delivered,2018-05-29 14:13:18,2018-05-29 14:39:35,2018-05-30 14:09:00,2018-06-04 21:26:42,2018-06-21 00:00:00
7ef5eac7150ae4458bcfe5e3151a8f1f,256ef90fce9238d079aaa58fbd1be49c,delivered,2018-07-20 11:14:23,2018-07-20 11:25:10,2018-07-20 14:54:00,2018-07-25 16:20:37,2018-08-20 00:00:00
3a336bcc0b32d1c0af48b63419314ff5,afaa50b702a3fd9ad44a2bd591ae53b8,delivered,2018-04-03 22:29:43,2018-04-05 02:28:00,2018-04-06 21:22:29,2018-04-11 22:32:28,2018-05-03 00:00:00
9205fa5e239eb69fa652c044d52f7c0c,0320b57550ef2aea72c685cc12c09ecd,delivered,2018-06-08 17:08:41,2018-06-08 20:31:45,2018-06-12 12:38:00,2018-06-15 12:23:43,2018-07-05 00:00:00
84a8547f4f0a41d7209e827a7c38d93c,8c54c3840732404955dd52b4b4babe87,delivered,2017-06-23 08:01:10,2017-06-23 08:15:09,2017-06-23 10:29:56,2017-06-27 14:35:50,2017-07-13 00:00:00
1089d5a6448a4ce3e457e66fea34ab1b,d23c612cd9d2a3ca8b182524cc3ed822,delivered,2017-12-04 20:06:04,2017-12-04 20:17:18,2017-12-05 23:16:32,2017-12-14 19:06:55,2017-12-27 00:00:00
69a3d3d4af1b74db85965b00394b5d21,d701d4f8da8a0d17c1fbf6e134d07c4f,delivered,2017-11-26 20:11:16,2017-11-26 20:19:27,2017-11-28 17:32:32,2017-12-05 15:33:39,2017-12-20 00:00:00
7e1090f3947562c4ac55c5ec2387ec9c,b65415e1afa271900dca60ffeb28a8b5,delivered,2018-04-12 17:48:18,2018-04-14 02:15:20,2018-04-25 13:32:00,2018-05-04 16:53:53,2018-05-15 00:00:00
92008ae86d495f8b9098a932b499688e,b4df057c1d0ad86a5600fdecf31d45c0,delivered,2017-07-25 15:26:00,2017-07-25 16:03:02,2017-07-26 20:14:18,2017-08-02 19:59:24,2017-08-29 00:00:00
a25b078a7827d95f8366353a32c90fe0,f99bd4afbf8edf456e0c9c6a59cd9dfc,delivered,2018-06-14 06:39:21,2018-06-14 06:55:45,2018-06-14 10:17:00,2018-06-22 19:46:31,2018-07-12 00:00:00
a3d8c9c0cc54f62dabea48768bac8f73,8825d35aba336a5bf08b8b986cc7f13d,delivered,2017-11-09 22:20:30,2017-11-09 22:31:18,2017-11-10 20:54:28,2017-11-13 21:55:51,2017-11-23 00:00:00
96cc5b48d0612a6b8917717f1fd073e0,aef5406f71a6a3b4d5b5e14c8f2c6a5a,delivered,2017-10-22 00:55:23,2017-10-24 03:56:38,2017-10-25 12:18:59,2017-10-31 20:57:40,2017-11-10 00:00:00
b92eedda04f5afe987c7e439cd6d971b,77dc7a088265a3d7b01dfd9c1ff38e8e,delivered,2018-01-19 16:58:07,2018-01-20 09:10:35,2018-01-24 00:23:37,2018-02-08 12:28:01,2018-02-19 00:00:00
6b5fb7a597834a8211623075d4b8e079,0c449d43caee651308a153c58e09c9f7,delivered,2018-02-08 14:14:37,2018-02-08 14:29:32,2018-02-09 19:45:57,2018-02-14 20:25:07,2018-02-26 00:00:00
42366cdf97324dca1aaad40c066cc085,ac3b63e95281ed75a7cb85169e64d506,delivered,2017-11-22 08:15:36,2017-11-22 08:28:09,2017-11-22 16:38:42,2017-12-03 17:03:47,2017-12-08 00:00:00
57e34f23ea6f7d6197a2792928bfbb04,dacccfaf7a067af7d60894dc5cf1bbdf,delivered,2018-04-17 19:57:43,2018-04-19 02:35:22,2018-04-19 17:42:33,2018-04-24 15:43:47,2018-05-08 00:00:00
5b74abebfd5bc1d137d7ade71c5cfd36,f4514fc7499d3434ea63195c12bfca4f,delivered,2018-08-24 20:22:30,2018-08-24 20:35:18,2018-08-27 14:47:00,2018-08-28 21:11:45,2018-09-12 00:00:00
2936486c289152580e86cde8051de57c,be89c1031df2d31cf565eac6c699bf64,delivered,2017-12-29 21:41:00,2017-12-30 21:31:24,2018-01-03 17:10:58,2018-01-08 11:56:52,2018-01-26 00:00:00
fc473b8de8c0167920c1a693670d4c41,73f569075d082f990036fd174cc328b5,delivered,2018-03-19 12:58:02,2018-03-19 13:49:26,2018-03-19 23:17:23,2018-03-28 18:41:35,2018-04-10 00:00:00
f9cfd7e4eb2776cec1a63a59a1305e9a,dc837aeb1f809812f4ba96906c33a528,delivered,2018-08-22 11:28:14,2018-08-22 12:04:23,2018-08-24 20:05:00,2018-08-28 18:45:29,2018-08-30 00:00:00
f334a266fb65d5d853e108b4442f1f01,beeca8af57f7cb7b42b1877824a941c2,delivered,2018-02-22 11:17:41,2018-02-23 11:30:56,2018-02-26 20:29:10,2018-03-12 18:04:54,2018-03-15 00:00:00
24643770500b1396c93afd30d760f444,9f895a063a0c9aaca1898ec6692bab6d,delivered,2018-05-17 13:57:33,2018-05-18 00:14:30,2018-05-18 14:55:00,2018-06-02 12:08:57,2018-06-05 00:00:00
d888f4591d9dd27281a58331a6a9db93,2a20585c72d654acdd99d11d22040fbb,delivered,2018-08-08 18:37:57,2018-08-09 18:35:18,2018-08-10 14:22:00,2018-08-16 17:24:45,2018-08-24 00:00:00
a8c012ba7d95bd2d15f666681f19c146,b55866a8482ea8bcc889756ed34cc80c,delivered,2017-02-06 19:47:10,2017-02-06 20:02:12,2017-02-07 11:27:02,2017-02-13 15:05:42,2017-03-03 00:00:00
737ecd48032c3cedf3facac4baf28bf3,1d9c36f1fb67c925df3fa50b231d1b83,delivered,2018-03-12 20:08:10,2018-03-12 21:47:40,2018-03-13 23:03:31,2018-03-23 21:48:37,2018-04-09 00:00:00
3683a64548d4008fcbcd5e9188803b86,2b3d8be4fa506df40afbeba026df7e70,delivered,2017-04-25 07:08:25,2017-04-25 07:22:36,2017-05-04 13:03:20,2017-05-16 12:23:52,2017-05-22 00:00:00
d7db77bb8d097d3b1a23cb84d12f4c63,a8fcbd21f54cac36c246be8c6415e4bc,delivered,2017-06-05 21:49:14,2017-06-05 22:02:24,2017-06-06 14:33:38,2017-06-12 15:47:41,2017-07-05 00:00:00
08c839f6091875ffd1a1d876dd48de40,65a2393f12fc8796f152eef39d25fa4b,delivered,2018-02-16 10:31:45,2018-02-16 10:50:24,2018-02-16 21:36:47,2018-02-22 01:29:09,2018-03-05 00:00:00
95090e36b7613cf8e45f25317cae256a,19653886ab528741bd0e988a41d643be,delivered,2018-07-25 15:42:29,2018-07-25 15:55:09,2018-07-26 09:49:00,2018-08-01 13:13:37,2018-08-15 00:00:00
a5405fc7cbd6fd95875ab2de9709844a,691f8c3aaf876f1892786a22e30ff785,delivered,2017-10-20 02:51:03,2017-10-20 03:07:24,2017-10-24 18:22:00,2017-11-09 20:42:52,2017-11-13 00:00:00
0aecc6c0c2b3598d9cd3119e0a58dc1b,8b97935c355ec9be1897a67de022a398,delivered,2018-05-07 14:38:13,2018-05-07 16:33:53,2018-05-08 15:37:00,2018-05-15 14:03:45,2018-06-04 00:00:00
52409ab9ace8f52a885e05a9204b8aec,1be66dc9fe8afd9130ffaa223074cdd8,delivered,2018-06-04 19:49:10,2018-06-04 20:11:38,2018-06-05 15:50:00,2018-06-11 17:42:17,2018-07-13 00:00:00
f5a52747a52ed566b63d20a717778698,3a7841008ec6759d4e33345a3e146606,delivered,2017-10-19 17:23:01,2017-10-20 17:26:51,2017-11-06 19:37:47,2017-11-23 22:42:48,2017-11-29 00:00:00
8d1e657be5d1b879cf7e1f085eb4a3b7,6d29bad4541204600412a1eddfaa1288,delivered,2018-02-17 03:01:19,2018-02-20 07:26:55,2018-02-21 21:38:57,2018-03-02 17:09:30,2018-03-20 00:00:00
e7cb94c5e7b7ce7ea2e83e7e461662f9,757be9f0f57d1863fb62a6d4b08ad287,delivered,2018-03-27 15:21:33,2018-03-29 03:28:48,2018-03-29 18:28:46,2018-04-02 16:56:53,2018-04-09 00:00:00
edceeba4876b8a3c43a4bbce2246794e,17521e58bb7acc353b73ade610b1b12a,delivered,2017-11-24 13:44:34,2017-11-24 15:55:22,2017-11-27 17:27:12,2017-12-11 19:18:28,2017-12-19 00:00:00
bc35b6af8ce28ad350dce0b0af64a28e,65f68fa060c349cf51d34331a2d0582e,delivered,2018-07-14 22:47:28,2018-07-14 23:15:11,2018-07-17 09:33:00,2018-07-24 12:17:34,2018-08-06 00:00:00
72d57326ad4cc10d180de3fd4cf1afc9,bbfa2abd07d6ddc2845d37b1487e3d34,delivered,2017-08-09 13:40:05,2017-08-10 10:03:48,2017-08-11 17:45:52,2017-08-14 16:44:52,2017-08-22 00:00:00
a5e8a66d24ac5735531a3eaad092730f,930ff20aabc38d303c1d09288f4b40e4,delivered,2018-08-15 21:39:41,2018-08-15 21:50:12,2018-08-21 14:58:00,2018-08-23 18:28:32,2018-08-29 00:00:00
75b243673e2423675b74c7f34610610c,e0f8bbade1196eb02fdb6a80bc19525a,delivered,2017-08-05 18:56:35,2017-08-05 19:05:14,2017-08-07 16:06:22,2017-08-08 14:20:09,2017-08-18 00:00:00
e30c50d1f4deaae389eb54201acb8d28,693c5716efe679e85aefb9336d4fcc41,delivered,2017-03-18 15:24:12,2017-03-18 15:24:12,2017-03-20 14:27:02,2017-03-24 12:13:02,2017-04-12 00:00:00
1bc4d43c267aa633bbae2e3fa5395c27,13b14c479d62218a2abcfab3a3ce79fe,delivered,2018-05-02 22:52:10,2018-05-03 00:13:21,2018-05-04 15:21:00,2018-05-09 23:48:32,2018-05-18 00:00:00
6cadee7832cc4deb51fa0e117f3b6ebe,7339b0f79dfbef1f52b3718c8bc6a71f,delivered,2018-04-09 15:45:17,2018-04-10 04:10:36,2018-04-11 21:24:35,2018-04-17 19:22:30,2018-05-07 00:00:00
047ad2bad6fa4c12dd98ff4b00ce0317,92b8d36f0a4d70694f64082b903852d1,delivered,2018-03-20 11:29:46,2018-03-20 19:15:25,2018-03-21 20:21:42,2018-03-28 22:44:57,2018-04-12 00:00:00
2c6017cac50e6be76810bbe9af615005,6b07820975c0b42e74d62d809d42881e,delivered,2018-06-24 13:47:01,2018-06-24 17:18:20,2018-06-25 13:34:00,2018-07-04 22:16:55,2018-07-25 00:00:00
de03f4f4bb610147a9bbfbed56438cbb,5ac9fcc9259df95cf14d27238b112148,delivered,2018-02-02 00:01:31,2018-02-02 00:55:32,2018-02-07 15:04:45,2018-02-16 17:18:33,2018-02-26 00:00:00
2463279edadcaf575a27466ac0030f67,e71aa4d6c1d0e48c39a4394e7d912601,delivered,2018-05-03 20:59:21,2018-05-03 21:11:21,2018-05-04 13:31:00,2018-05-05 12:32:34,2018-05-16 00:00:00
1417dca2e0baf0af7fae3c986506168a,ac18ae4e287a1733db9b391a7607a548,delivered,2017-06-23 13:00:28,2017-06-23 13:15:13,2017-06-26 16:15:00,2017-06-30 16:02:25,2017-07-13 00:00:00
c2e38eb887763f42dbd2417388e62b7f,481b84475f6bd84bc0b83fd1ccb02e77,delivered,2018-02-10 13:44:26,2018-02-10 14:10:30,2018-02-14 22:23:13,2018-02-19 14:37:43,2018-03-07 00:00:00
6458722841a6fe2a74274bf02583f105,e79287928f6f8b4e1fdd598c3e0b43e7,delivered,2018-08-09 11:48:00,2018-08-09 14:26:16,2018-08-15 14:07:00,2018-08-21 16:12:39,2018-08-31 00:00:00
0e5d6a7f18b77c72f681911eaf6c011a,5ba4f0a54e593b777bd6059f7b7e0235,delivered,2017-07-19 15:33:18,2017-07-20 02:15:39,2017-07-21 21:42:21,2017-08-09 19:13:48,2017-08-17 00:00:00
ca843d205ec288c96c0133bc678c44e8,0456002a0c954678f3a3151b18ad4a05,delivered,2017-11-10 09:13:39,2017-11-10 09:30:22,2017-11-14 22:53:56,2017-12-09 00:26:50,2017-12-05 00:00:00
9395d4c9e6eb2f40828f955c8bce1686,168db0f4afd2d0ece0e925174228ee29,delivered,2018-06-15 19:45:11,2018-06-15 20:21:26,2018-06-19 12:13:00,2018-06-22 20:21:45,2018-07-11 00:00:00
63a751ba03546afb43799a2dadb49ef2,dee4e9216587756d16369ec4b5e0ef95,delivered,2018-06-05 23:07:17,2018-06-05 23:31:47,2018-06-07 13:15:00,2018-06-13 17:26:40,2018-06-29 00:00:00
3b336014b6a2b0774fb872f338dab7a2,6cd41c3423e017e6eaac4434b629c9fd,delivered,2018-01-05 10:37:58,2018-01-05 10:47:52,2018-01-09 16:51:56,2018-01-20 17:15:24,2018-02-14 00:00:00
5d6b2a5fb9a709d4d59ac6eb4bb1a6c5,107a0ca2d031c7f0825cabad3c439401,delivered,2018-01-31 23:46:01,2018-02-01 02:10:38,2018-02-01 19:49:50,2018-02-06 17:03:35,2018-02-22 00:00:00
6acce0b54d9a0e8dab044bda974b383a,c852c0de5625170406baddc488a0f780,delivered,2017-09-25 21:09:43,2017-09-27 03:05:05,2017-10-10 14:42:09,2017-10-19 16:33:52,2017-10-25 00:00:00
bc64f672506c531820c9815dbef4d7f9,31d44ddd234e73ac286ccb7d7c07b0ad,delivered,2017-08-14 15:33:05,2017-08-14 15:55:11,2017-08-15 20:36:29,2017-08-16 19:06:48,2017-08-25 00:00:00
d2aa63ac411996ad85fc0099c47db2df,d6b5bc1a3bb9c1ac3514ba6c282919bd,delivered,2017-04-24 22:22:34,2017-04-24 23:45:18,2017-04-25 11:44:16,2017-05-09 08:12:13,2017-05-17 00:00:00
bb21a8a9e033eddfd4f1783bcdb5b264,dee22247fdc9435af84f5c0ab7f9bf7a,delivered,2017-05-17 23:32:26,2017-05-17 23:45:14,2017-05-18 10:35:23,2017-05-19 11:39:40,2017-05-30 00:00:00
7d8e703e70fd43aad80bd4b5d6a7b14d,e4d79f3aa857364398919757c232154e,delivered,2018-08-18 23:03:24,2018-08-20 11:09:40,2018-08-20 15:29:00,2018-08-24 19:54:44,2018-09-06 00:00:00
23aee6ac2f5a0a3056aa62c615974c0c,c330f7967c92a086239c675991cb6aa6,delivered,2018-04-18 16:33:30,2018-04-18 17:14:39,2018-04-20 15:56:47,2018-06-01 18:54:20,2018-05-22 00:00:00
ac0d651b9931070684816c338dab9a3a,c7aa60532937e581cb6fdb0320a400c6,delivered,2018-04-27 12:15:55,2018-04-27 12:31:13,2018-04-27 14:12:00,2018-05-03 15:09:10,2018-06-05 00:00:00
a6cd7cac7ee11538a78649066487e0ca,950a60900e19a2d87d316224bfc9e60f,delivered,2018-07-01 08:36:29,2018-07-01 08:49:49,2018-07-02 16:24:00,2018-07-26 16:51:09,2018-07-31 00:00:00
9b04ee502585bbf5ea1c396717eaac34,ee88eba0ecbbe5b6417be16b4bbfd74f,delivered,2017-05-30 22:39:48,2017-05-30 22:50:15,2017-05-31 06:33:26,2017-06-06 14:54:52,2017-06-22 00:00:00
bb217942f3a8142b20e2e509a6f8927c,7705c11b3c78e3b558c28aed7b8d8600,delivered,2018-04-06 16:47:38,2018-04-09 08:09:24,2018-04-11 17:46:27,2018-04-12 18:18:48,2018-04-19 00:00:00
a8db6b84057a7a3a8a38968f10853069,bc9954bc4eb2a6fb6ed4eee63bbe2193,delivered,2017-06-15 14:38:02,2017-06-15 14:45:16,2017-06-20 14:22:03,2017-06-26 10:27:25,2017-07-06 00:00:00
908e192e4db399ba3df7c844bbafa304,b563a655fd86010adaad1e9708b0c33b,delivered,2017-09-10 22:33:41,2017-09-10 22:45:14,2017-09-11 21:14:33,2017-09-13 15:25:47,2017-09-28 00:00:00
cdca52aa619c8e59bd64701d54571cc0,36da15e62a3ecf96427337aba9139f2e,delivered,2017-09-04 12:30:41,2017-09-05 04:24:15,2017-09-06 22:07:00,2017-09-12 17:10:17,2017-09-26 00:00:00
34f9b9c8510e491d1992dfd62ed68e46,47d5288ef362b3cebeead430d0fcf9c1,delivered,2017-12-08 11:14:30,2017-12-08 11:25:18,2017-12-11 19:43:33,2017-12-18 15:59:39,2018-01-03 00:00:00
c86368d17ff48588fec9eae138854ea9,702635243e34f3e8ec65b8bc61e95cdb,delivered,2017-09-06 00:03:37,2017-09-06 05:32:59,2017-09-06 18:10:04,2017-09-11 20:45:51,2017-09-28 00:00:00
4525dd56bc3c3fb6d4e3b02a54db984d,62c1b2fedc08018cac5045b665fcf462,delivered,2018-02-11 00:12:16,2018-02-11 01:15:35,2018-02-26 10:45:08,2018-03-14 00:52:24,2018-03-09 00:00:00
d7734a834b8c2b0138d57157af28e7f1,9a3a72f79c865e8d4778890226b127ef,delivered,2017-06-04 20:28:39,2017-06-05 20:35:14,2017-06-12 16:15:19,2017-06-19 18:47:51,2017-07-11 00:00:00
4456598910b67f78e196b09a39a53c50,23e22609b3a5ccd8fcf8cd0cf8a28f7f,delivered,2018-04-27 10:46:12,2018-04-27 11:11:22,2018-04-30 14:33:00,2018-05-08 17:08:49,2018-05-24 00:00:00
98e38b5d59b358aaf4d5a08ca9814883,6060d9a57cf9e44fa54a5034481e458d,canceled,2017-02-07 15:25:41,2017-02-07 16:30:10,,,2017-03-06 00:00:00
6024ba74feaaac8884b2c5c9a8dce93b,147a66016ca869c7c1ac0e8480119ae2,delivered,2017-09-03 14:37:33,2017-09-04 16:15:25,2017-09-05 19:25:11,2017-09-12 17:01:08,2017-09-25 00:00:00
4dcfdc517f6df36a4704bfb8e33688d7,982d23699a9acb87bf7e67f965918846,delivered,2017-12-27 21:33:57,2017-12-27 21:46:54,2017-12-28 19:52:36,2018-01-04 20:18:54,2018-01-23 00:00:00
ec7d908a287a36d1b411a7b29336e820,9e630b2d4070b5cbcce64dc50dd12f1f,delivered,2018-05-14 15:58:00,2018-05-15 15:56:16,2018-05-17 15:06:00,2018-05-21 22:18:38,2018-06-11 00:00:00
6a561b1f3b2ed85c05e55494271c7061,c116f2069fcf54d5e5d4864cc29f628a,delivered,2017-05-09 22:42:23,2017-05-11 03:55:16,2017-05-11 16:15:00,2017-05-18 16:15:00,2017-05-25 00:00:00
f6f81fccfabf745399954eee1c404a5c,0e93b56d7f4e6ed8fce31e560d034421,delivered,2018-02-07 15:04:44,2018-02-07 15:30:07,2018-02-08 17:37:34,2018-02-21 00:29:10,2018-03-14 00:00:00
ebee038c5993647eb1defc78207cd187,0310d1eb2978431efb158b535a3c0fd7,delivered,2018-05-23 07:50:10,2018-05-23 22:35:46,2018-05-25 12:44:00,2018-06-04 14:28:56,2018-06-08 00:00:00
e670c857f8a70c9aacdf644c59980d17,9046e54eb6f0639a45d278973bad06ab,delivered,2018-04-11 20:38:34,2018-04-11 20:50:54,2018-04-12 22:24:22,2018-04-27 21:45:54,2018-05-07 00:00:00
64fe1a032e48385440b54e5892d778be,361fdb99ba935f962692efed864a6c72,delivered,2018-04-29 13:12:10,2018-04-29 13:33:58,2018-05-02 21:23:00,2018-05-05 12:04:59,2018-05-17 00:00:00
79730096d219216eb484e1e16568ef23,56399803cd15cb00e69b0cf163c98866,delivered,2017-12-09 12:29:50,2017-12-09 13:13:32,2017-12-11 22:38:13,2018-01-08 22:13:02,2018-01-10 00:00:00
65dd9664feba93680da24da77168ad7b,226152ac481f0b29cd416d4028f64224,delivered,2017-05-07 17:42:39,2017-05-07 17:50:21,2017-05-12 10:18:08,2017-05-29 08:03:25,2017-06-21 00:00:00
5f69b4a2f6573c8ec6ae54125bb181fe,7c102a34442b0b0427ac1643cee20208,delivered,2017-12-23 18:45:24,2017-12-23 18:55:23,2017-12-26 14:24:18,2018-01-06 15:28:47,2018-01-23 00:00:00
6b27933c6a46e3d66203137ad1fdb678,e46cf1ee4ad1144aec5dddab5a5cb661,delivered,2018-05-16 21:15:46,2018-05-16 21:36:11,2018-05-17 09:28:00,2018-05-22 17:33:12,2018-06-06 00:00:00
10c7b16de7ade26ab82b8d6a42017e1e,82d38cd139e90ea545ff49b9c8a2fdca,delivered,2017-11-25 11:24:09,2017-11-25 11:35:32,2017-12-01 14:02:54,2017-12-18 20:09:47,2017-12-19 00:00:00
e3a851896a5960f36443bee36f006936,796a96842a5cc545311f8736eb0f0ad9,delivered,2017-11-12 22:54:54,2017-11-13 23:06:41,2017-11-14 18:57:05,2017-12-07 01:33:35,2017-12-21 00:00:00
9854c9854695b1856b5f7832f336db5c,ec86a47ce0050ff9be984c455dc57231,delivered,2017-12-21 07:39:41,2017-12-22 02:51:02,2017-12-22 19:27:34,2018-01-02 17:22:03,2018-01-24 00:00:00
c18b6204ad61e6f20f2681af7cce007f,4faae87d55584d344fc5f694c270dfd8,delivered,2018-08-01 22:57:50,2018-08-01 23:15:12,2018-08-02 13:24:00,2018-08-03 13:33:04,2018-08-06 00:00:00
f67e9b8dc50a6d514738faf418d8de69,9ed7573e4de35762fa8bcf6f0d58ca49,shipped,2017-07-04 15:58:05,2017-07-05 03:04:01,2017-07-06 13:28:59,,2017-08-03 00:00:00
fe583f15d230c8ef63b9c1e8053a5240,b8203436dd3a41276d7be98831ddd3f1,delivered,2017-10-29 11:59:16,2017-10-29 12:10:20,2017-10-31 20:35:35,2017-11-13 17:37:39,2017-11-30 00:00:00
934a734f2c8a77cbe4f55441d7e051ae,3ebd3326c483aa9a6615659a8039b0b9,delivered,2018-05-15 01:57:02,2018-05-15 02:11:44,2018-05-15 13:15:00,2018-05-22 19:11:29,2018-06-21 00:00:00
7ffd48a27c90a946cfa8198b76a7120c,afbbb519a35f84ad208f8f04de698e41,delivered,2018-05-28 14:11:57,2018-05-28 14:35:32,2018-06-05 16:06:00,2018-06-22 15:51:00,2018-07-05 00:00:00
ff23c2ed75e1dd692c237538513b27a6,4bf8f2a0187cada294f054af193475e7,delivered,2018-04-09 22:15:15,2018-04-10 00:15:50,2018-04-13 23:35:26,2018-04-23 20:42:06,2018-05-10 00:00:00
ff3555a6834ab7c343f8b67157dfdd07,a90a31848399d3e06e0633012a773433,delivered,2018-08-05 23:12:00,2018-08-07 06:05:47,2018-08-09 10:16:00,2018-08-10 22:18:32,2018-08-21 00:00:00
27f190f6efe898d203f09dacc0d5e6cf,1a7dd5dcad819da555d5d310e108fd90,delivered,2017-10-23 08:43:23,2017-10-24 03:49:51,2017-10-27 18:11:58,2017-11-08 17:17:25,2017-11-23 00:00:00
2bf9fdd42a3609f2c440bec186b10ff7,f257e9cbaee084fabf915bb3eef2404c,delivered,2018-08-21 14:30:46,2018-08-21 14:50:03,2018-08-22 14:00:00,2018-08-27 17:22:45,2018-09-21 00:00:00
5fd4cc6625fe077304f6fd2ffd3681d9,3d799540a13a83c8ef8f0a7f375c5d1b,delivered,2017-10-31 11:33:08,2017-11-01 03:26:12,2017-11-01 18:23:39,2017-11-06 19:18:37,2017-11-16 00:00:00
8fdfd0573d4f3afceb521f146fbc3cf0,b3a9b3d9251e6fff38505a9d20ea5832,delivered,2017-06-26 11:36:23,2017-06-26 11:45:19,2017-06-29 15:36:10,2017-07-10 18:45:18,2017-08-01 00:00:00
cb6b0165d96a5abe74613ab5e67407ae,0dbbcdf57e3dc669466f0a0157beee8c,delivered,2017-11-28 21:38:47,2017-11-28 21:51:44,2017-11-29 15:53:48,2018-01-04 21:08:12,2017-12-22 00:00:00
79b37fcf4e0760cca46b51b7ca3646fa,c9ae21709ebe8586e4b45a780eb6f25b,delivered,2018-03-27 17:14:16,2018-03-27 17:30:24,2018-03-28 17:55:42,2018-04-05 23:40:35,2018-04-23 00:00:00
bf43c3dc9e568e98768cd15b4d526f9f,0f30f95a3b35cec6eb5d7b1fb3d41ba3,delivered,2018-01-16 16:01:28,2018-01-16 16:52:11,2018-01-17 21:03:35,2018-01-26 01:09:23,2018-02-15 00:00:00
7e772cb45f952aa56139d1cce1c308dd,f1a9c5f4eb8a4d8cd2eb314107f615a4,delivered,2018-07-29 17:29:59,2018-07-29 18:04:22,2018-08-01 12:52:00,2018-08-06 15:58:52,2018-09-11 00:00:00
3951227294406e4a8f10d726a82027a0,c5a2f7e6d26faefb2a40da15e8eb3e71,delivered,2017-12-25 19:09:03,2017-12-25 19:17:26,2017-12-29 20:43:04,2018-01-22 21:48:20,2018-01-24 00:00:00
c71cbdb7b9942bb81f17f42771a10f90,83d0b3985df686f67a815c1c0712e54b,delivered,2018-02-02 16:15:56,2018-02-02 16:55:58,2018-02-05 19:22:27,2018-02-22 21:14:23,2018-03-09 00:00:00
e2d66db1ac680c44e6419a6a7a5095a4,adab95af0aaccb5b653ea193a0e073db,delivered,2018-05-10 20:11:13,2018-05-10 20:31:59,2018-05-11 12:26:00,2018-05-17 22:16:40,2018-05-30 00:00:00
fe5fa7ea8b31c2ea3bf07597ea194225,5df17eae086275e9545bb6e04d79edbf,delivered,2017-05-21 11:15:14,2017-05-21 11:30:11,2017-05-25 09:28:00,2017-05-29 10:15:00,2017-06-13 00:00:00
a19d79983ace7b3b6785db9f7284eb7c,480ef7d1e6b7e717e0b7d26525a4ee69,delivered,2017-08-02 21:29:56,2017-08-02 21:45:11,2017-08-03 20:52:10,2017-08-08 18:00:05,2017-08-22 00:00:00
9995360441590d940305130a344602f5,4812c1834f4b519929f05c22f6ca6a54,delivered,2018-01-29 15:16:52,2018-01-29 15:35:27,2018-01-31 14:22:05,2018-02-09 16:12:59,2018-02-22 00:00:00
4a7daecdbb69d275f72866f7f8d00448,52b25d31e779e259422789a033435421,delivered,2017-12-10 09:22:54,2017-12-10 09:32:26,2017-12-12 20:07:07,2017-12-26 23:22:12,2018-01-08 00:00:00
ed7774b614a7ad220649f09dc6a4c043,d92a2fbf56a1e0f231a58f7a1e9ca540,delivered,2017-11-16 23:27:21,2017-11-16 23:50:57,2017-11-17 22:32:25,2017-12-11 14:14:54,2017-12-13 00:00:00
05885929f901bfe4490878f068b7da8c,11e380be5c4a5ce9622d3e48d02f042a,delivered,2018-02-22 08:17:18,2018-02-22 08:30:29,2018-02-24 00:26:50,2018-03-08 20:34:19,2018-03-16 00:00:00
6dad10eaed0900d63501e1c436408bf6,36d3603a054c833fae1410c2bea687ae,delivered,2018-03-19 12:45:46,2018-03-20 03:30:44,2018-03-20 19:48:49,2018-03-28 23:12:32,2018-04-11 00:00:00
17d8bb8daefb337fdf4be46cc3e7a015,82f2353693ff81e3fae421f5fad9784e,delivered,2018-07-09 20:18:05,2018-07-09 20:30:11,2018-07-10 12:54:00,2018-07-11 16:44:33,2018-07-23 00:00:00
922fe0fd780e0fad844f31464d8e46ed,c1380a13251ab5fff46527214676054d,delivered,2017-06-07 14:43:53,2017-06-07 14:50:23,2017-06-08 10:29:08,2017-06-12 12:32:51,2017-06-28 00:00:00
3ca5e7693386a872242471df60bab834,3f931d144d542e7e7ca9fa5aaefdc28f,delivered,2018-03-12 11:16:32,2018-03-12 11:30:30,2018-03-12 22:28:28,2018-03-14 15:41:46,2018-03-22 00:00:00
88e3babdb4772c2fc14b52cee9cf7da7,307d23e1f14bd104cf9d7720157079a3,delivered,2018-06-26 20:14:37,2018-06-26 20:30:14,2018-07-26 14:03:00,2018-07-30 21:28:31,2018-08-13 00:00:00
c586249094ad18825980782ff1b7d730,d013a9635984f984b4a5eb85285898a5,delivered,2017-08-31 12:50:35,2017-08-31 13:04:32,2017-09-01 19:53:50,2017-09-05 22:32:55,2017-09-19 00:00:00
fdafcfbadd88c33d4798432d3bcf6004,050f6087053bfb249521d6910798e274,delivered,2017-09-11 12:07:57,2017-09-11 12:25:12,2017-09-12 19:43:08,2017-09-14 19:43:29,2017-09-21 00:00:00
dd8f044a145ebf7152fc8a718cbd3412,935b0e35c27eff20b89b6dfe7753d31f,delivered,2017-09-03 10:41:08,2017-09-04 10:50:12,2017-09-06 20:05:10,2017-09-12 03:21:16,2017-09-25 00:00:00
2c9efd6e429c8bfc4f59a509334aabf0,e69ebee136e7b65b641c6839b5f5e743,delivered,2017-11-13 20:44:51,2017-11-13 21:31:37,2017-11-14 18:25:08,2017-11-22 21:28:41,2017-11-27 00:00:00
343c609ca3ddf3294e1e2d54ce6d9a76,6284b8ac7b0fae398f24ed57339cf072,delivered,2018-01-20 23:23:21,2018-01-20 23:42:25,2018-01-22 22:46:32,2018-02-01 19:37:46,2018-02-16 00:00:00
d1632cdbf90f11c2d5fa53d5c3deeadf,4944ae402beecde21f97b5ac649cd1aa,delivered,2018-07-09 11:23:05,2018-07-09 11:35:09,2018-07-11 14:47:00,2018-07-12 17:43:00,2018-07-18 00:00:00
1a82ae1928c32cea24d0235445148454,c9edf82d38888fa613f3d9486a582b2d,delivered,2017-09-01 17:02:47,2017-09-01 17:15:17,2017-09-06 20:14:39,2017-09-15 23:13:51,2017-09-28 00:00:00
2c2ad0e6636d842e7f1eead45cdc6065,89b38155c3932e00912173b7aef3dc94,delivered,2018-03-15 14:53:01,2018-03-17 02:45:46,2018-03-19 19:38:41,2018-04-24 16:49:47,2018-04-05 00:00:00
f45e1a0f364b364c89d9a6d53a48deb3,2d7d40dea81b3f92cef97262a08db3d7,delivered,2018-03-19 12:05:25,2018-03-20 12:15:41,2018-03-22 20:38:50,2018-03-27 19:29:03,2018-04-05 00:00:00
52128ec39ceae0d14af6c5779c4173cd,a4a4bc6742b800e480f8e5f1e8cc1100,delivered,2017-11-29 13:03:22,2017-11-29 13:14:26,2017-12-02 14:07:57,2017-12-11 16:42:55,2017-12-19 00:00:00
5f48fa73561d6de6cd6cca04a466840e,7458e588e5b977cbeaf1b350aacfafb4,delivered,2017-04-17 23:17:28,2017-04-18 00:10:48,2017-04-18 13:03:25,2017-05-08 09:10:21,2017-05-16 00:00:00
3e71c6639efc622b22bea76bc198841e,46f90a95ca3b2fd7a603364b4eddeab9,delivered,2018-06-29 15:57:50,2018-06-29 16:11:37,2018-07-04 14:47:00,2018-07-05 13:57:52,2018-07-17 00:00:00
019886de8f385a39b75bedbb726fd4ef,8cf88d7ba142365ef2ca619ef06f9a0f,delivered,2018-02-10 12:52:51,2018-02-10 13:08:12,2018-02-14 15:28:51,2018-02-23 02:03:03,2018-03-14 00:00:00
8eabb0219281482f84013cbc8a4e5364,df4b898f23b187ddf234dacbee036bd1,delivered,2018-07-16 20:07:08,2018-07-18 03:05:13,2018-07-24 12:14:00,2018-08-06 22:44:50,2018-07-26 00:00:00
79b8758142105381b27a6b990f80bf3d,504abb58c38286d2cd8bb36f4939dbe1,delivered,2017-11-20 11:45:59,2017-11-20 12:09:23,2017-11-20 20:11:50,2017-11-25 19:31:35,2017-12-11 00:00:00
fa3ed89c3b607653c3e70eaa8b2fd792,1da48ab5e00769143416057a29a7616b,delivered,2017-10-25 18:30:41,2017-10-26 16:31:09,2017-10-27 18:08:01,2017-11-01 17:13:28,2017-11-17 00:00:00
1c2d22c1d55459e10c141fba4eed75be,bc1b70fc3b07ac60850fe4986e47e4d7,delivered,2018-02-13 13:06:08,2018-02-13 14:35:33,2018-02-16 22:09:17,2018-03-05 20:49:09,2018-03-12 00:00:00
a7e9c89f44760729cadc85cb2d282e1a,b9051f8570a716f98777d8b82d883a28,delivered,2018-02-03 20:38:00,2018-02-03 20:50:26,2018-02-06 03:32:17,2018-03-02 19:33:05,2018-03-13 00:00:00
91990b363df359a26a2609a3c414097f,97fef60abc71cb52b81fe6c96198fdaf,delivered,2018-02-02 17:27:08,2018-02-02 17:52:07,2018-02-05 21:12:22,2018-02-08 22:58:41,2018-02-26 00:00:00
e8a2fe3e5e58d8ed9080188f35c108ef,9dd8245cbdc86cf19b4e02f11c923849,delivered,2017-06-13 11:13:23,2017-06-13 12:23:34,2017-06-19 13:57:55,2017-06-19 18:07:51,2017-06-27 00:00:00
07068f92ceede34d93d6dd0b5117feef,fa2a6143fcd4d39afb184064b19d13bd,delivered,2017-04-09 23:37:46,2017-04-09 23:50:15,2017-04-12 11:54:50,2017-04-19 15:46:47,2017-05-04 00:00:00
b42b605ed9b590d3c82600285db879e9,aacce4b379f144d901d99fcb2cd07f62,delivered,2018-02-05 07:11:56,2018-02-05 07:28:50,2018-02-07 19:45:52,2018-02-28 12:27:03,2018-03-12 00:00:00
e43bf5e038481356e162cc65ab7fb1c2,660614a6a73e9d60ca9c9ab2b37d4bbf,delivered,2018-02-15 19:29:58,2018-02-15 20:15:32,2018-02-16 18:19:07,2018-04-30 16:44:28,2018-03-07 00:00:00
329954a78d93c0af4e24aad8677ba9bb,8cc4f41a7488887dec0be5b5e2674293,delivered,2017-09-10 10:02:45,2017-09-10 10:15:20,2017-09-11 21:41:28,2017-09-15 20:47:42,2017-09-29 00:00:00
4e5a9a16a51f946e82d4922064b9bd96,2e552907be728e91fb7033c374a4facc,delivered,2018-03-29 14:03:06,2018-03-30 23:07:59,2018-04-02 22:38:32,2018-04-11 19:42:05,2018-04-18 00:00:00
67e1523ecabbe030f525c66b8cc57fa2,d0eaf0e4b95a2db94a72cfd221a0b58e,delivered,2017-10-02 15:18:42,2017-10-02 15:28:23,2017-10-04 11:43:20,2017-10-06 17:33:00,2017-10-25 00:00:00
19171b9b900193fe84dc711a2dffe56d,5219321f4cfa568d79fce57113233d7c,delivered,2017-10-05 21:45:24,2017-10-05 21:56:28,2017-10-06 15:07:59,2017-10-16 21:17:06,2017-11-01 00:00:00
06f4be78b76ba6a42605efa4ce7544d7,24f68e18ddb48a182d88e0fe261776c1,delivered,2017-02-07 16:34:29,2017-02-07 16:45:19,2017-02-21 05:11:57,2017-02-24 14:21:39,2017-03-15 00:00:00
0ee315717889c709f2cd864a34eb3ded,969f636e9dd16a2d0b853b4541037698,delivered,2018-01-31 08:40:42,2018-02-02 02:53:34,2018-02-08 22:35:21,2018-02-19 21:34:15,2018-02-22 00:00:00
e8f10e96c2974b2d58613a46cfef346b,fc54d76b1cfe2349a1d216a4bb3e4190,delivered,2018-07-31 08:57:40,2018-07-31 09:30:44,2018-08-01 16:45:00,2018-08-07 17:51:55,2018-08-17 00:00:00
77bf14a61d9efbddff1e34f655e5ded6,ea0bf08a86058c39996ba369b82e743c,delivered,2018-03-11 19:39:41,2018-03-13 03:50:36,2018-03-14 20:38:44,2018-04-25 17:56:33,2018-04-03 00:00:00
11644b89c9bd9d27b1c1fda5307844d1,947d490e87464fc7f56c57d24b98564e,delivered,2017-06-08 16:15:15,2017-06-08 22:31:35,2017-06-13 09:46:46,2017-06-23 11:52:09,2017-07-03 00:00:00
d8548c48e1580222bda2c86c47ce10cd,16982a113ebc20e88b9459911012b11f,delivered,2017-08-31 10:21:58,2017-08-31 10:35:21,2017-09-04 19:33:22,2017-09-12 20:57:30,2017-09-25 00:00:00
b8fa6b82124d10ce03fca71fba70a4db,a5feebb225cf5be149ba5ba645441ce5,delivered,2018-04-08 21:18:56,2018-04-08 21:30:25,2018-04-09 18:58:26,2018-04-20 18:51:21,2018-05-16 00:00:00
925ee1f93e14abe8dc23965bf65f6c0d,2bb022e877c695be25cd5df533b1ff9c,delivered,2018-01-15 23:24:07,2018-01-15 23:35:26,2018-01-19 22:46:51,2018-01-22 18:41:57,2018-02-06 00:00:00
3521cc9e135966413d4c3eb1a212e19a,bef97440218f17f5f6a75807e2bd7793,delivered,2017-11-14 17:38:37,2017-11-14 17:50:29,2017-11-17 17:11:37,2017-11-25 11:53:09,2017-12-19 00:00:00
9f3c15fb0dfc4d3f2d9f5e8e9323a9e5,85f6af84a0950fd199880c7c5adf6af7,delivered,2017-05-05 08:21:12,2017-05-05 08:30:17,2017-05-10 10:28:51,2017-05-18 14:04:44,2017-06-12 00:00:00
1247e7aa2e791c9f1b0d6193c132dba6,55ccf84914fb92df2f02eb8df1215bfd,delivered,2018-01-09 00:21:34,2018-01-09 01:28:07,2018-01-09 19:04:33,2018-01-16 19:32:25,2018-01-26 00:00:00
48e58c173cd635c5db80cda55c25f17a,64ec097896b5529be6ce25d578233617,delivered,2017-12-28 13:57:40,2017-12-28 14:07:31,2017-12-29 19:39:02,2018-01-03 10:06:42,2018-01-17 00:00:00
c284a43b72cd107402733c5bfe5678bf,e8a7dbfaf5a4bc723367f8d91179a8d5,delivered,2017-08-21 19:21:41,2017-08-21 19:35:22,2017-08-22 18:16:01,2017-08-28 22:49:48,2017-09-11 00:00:00
61214a9d6c5c37e81a915395874660aa,6235fdc0283c91ed37062e632727809d,delivered,2018-03-06 20:35:42,2018-03-06 20:50:23,2018-03-09 20:48:59,2018-03-13 18:32:15,2018-03-16 00:00:00
215e5233d56b418ea25a08ca57b67619,ba9e6a4e3892184d2db7e7c35c1b269b,delivered,2018-07-31 16:34:54,2018-07-31 17:24:25,2018-08-02 13:38:00,2018-08-07 17:48:28,2018-08-14 00:00:00
8809391e10af2cf3abaef5ac8af9fc4e,0b6c7af97ae369ddab1fec6d5d29afc3,delivered,2017-10-14 14:45:58,2017-10-15 14:56:14,2017-10-17 19:31:57,2017-10-30 20:53:57,2017-11-07 00:00:00
11ff2af78a9ec50c26f9cbbc62a10d38,a48b14b74f4daa3f589086dd35afe553,delivered,2018-02-01 08:52:15,2018-02-03 02:53:47,2018-02-06 00:45:55,2018-02-16 15:35:44,2018-02-23 00:00:00
bb07a1c8ba165fbdb4a5387b0489ceec,e3e0dbb66c2ee05a114b214a7e7447a0,delivered,2017-05-17 18:02:40,2017-05-17 18:10:24,2017-05-18 09:59:05,2017-05-24 10:33:57,2017-06-06 00:00:00
583897e4cf9cd552e5abfacdf82bcb75,30446ea2e198de0fd4d7a05ec53c046e,delivered,2018-05-29 21:58:00,2018-05-29 22:13:56,2018-06-04 15:30:00,2018-06-07 21:38:46,2018-06-29 00:00:00
342f80dffbb78439bbdb1d94b8ee09da,a8b55141d82d0f3be057b4afaaa97625,delivered,2018-04-03 10:51:29,2018-04-05 02:30:15,2018-04-06 00:05:16,2018-04-06 22:32:34,2018-04-19 00:00:00
3c276467cadfbfe2f055dbcc62e32b2d,8eeced160477a50dff09b0316da6c1f0,delivered,2017-06-29 13:06:33,2017-06-29 13:15:20,2017-06-30 16:28:00,2017-07-06 13:51:44,2017-07-19 00:00:00
7e9dd1dc8d16b86e67a0c7a8a3f1ebdf,b226a663d199c9e27923c73a74d6aed7,delivered,2017-09-15 15:51:25,2017-09-15 16:05:11,2017-09-22 21:28:05,2017-10-03 23:28:00,2017-10-05 00:00:00
b7742f2170d58633568ed9f864fa1220,8fed7a5f35c67fad2da40ad0223fb07e,delivered,2018-03-27 07:59:27,2018-03-27 08:10:15,2018-03-27 20:33:37,2018-03-31 13:47:36,2018-04-18 00:00:00
6c8d9c889ff58afb2ced2fdf22588b6e,e3b2258f69bc6e7072ce06257ef6077c,delivered,2017-11-30 10:32:25,2017-12-01 11:31:14,2017-12-01 18:11:53,2017-12-19 01:23:40,2017-12-22 00:00:00
4c16132abeae3fd9a70253acff71ee2f,6d8c8762e59d4c0884797df97b65c312,delivered,2017-10-26 20:26:16,2017-10-26 20:46:31,2017-10-28 16:32:17,2017-11-07 18:21:44,2017-11-14 00:00:00
11720c3352cc89c305e6211b13e73084,607351e2b45eca84823f158f10387775,delivered,2018-04-05 15:57:22,2018-04-05 16:10:57,2018-04-07 01:26:27,2018-04-12 18:49:44,2018-04-24 00:00:00
7feef5128350d0b84c9b26309b475e8c,9bfc8eb502450374e1c3a5989a0b7174,delivered,2018-08-17 13:09:12,2018-08-17 19:10:40,2018-08-20 14:20:00,2018-08-24 20:56:28,2018-08-30 00:00:00
bec6c8437e350113789da9c0bc9c2566,4ce0c6e4d7b908ea1a35aee4fbbda890,delivered,2018-03-26 22:17:15,2018-03-26 22:30:13,2018-03-27 23:29:14,2018-04-15 12:08:48,2018-04-17 00:00:00
edd48aefe5aa3c03da43c13ef577ada6,d89ff434ef3b5628d6736b1669770a1e,delivered,2018-03-07 22:37:13,2018-03-07 22:50:26,2018-03-08 21:04:26,2018-03-13 19:22:23,2018-04-05 00:00:00
1647b45719e7eb15e1a8c1601666017e,1d78de7aa8286c16746a84cdea461040,delivered,2017-07-13 21:10:06,2017-07-13 21:24:29,2017-07-14 19:32:31,2017-07-21 17:32:54,2017-08-08 00:00:00
986bc2d6613975f7fd8c8e203a90b782,78d882bf8379d97c8e66896add39344f,delivered,2017-04-23 16:37:15,2017-04-23 16:50:13,2017-04-25 10:59:45,2017-05-10 16:11:50,2017-05-23 00:00:00
31cb68b9dd0585b7d33d7c6d63df94df,a7263ca2a95cbbda501cdb4e676dbfb5,delivered,2018-03-25 21:52:02,2018-03-27 03:48:14,2018-03-27 20:12:33,2018-03-28 21:22:15,2018-04-06 00:00:00
f190884813097fe74073188f97302e98,22dadc8b01014f9b0d7fe7bfc7a72be6,delivered,2018-03-09 09:10:06,2018-03-09 09:49:21,2018-03-09 20:18:46,2018-04-03 14:56:27,2018-04-02 00:00:00
dabaa5a0b44ef0e0e333e9814418298c,b67450e5415709b21b5f1f49a1974d2b,delivered,2018-02-19 19:32:17,2018-02-19 20:35:27,2018-02-20 18:55:00,2018-02-21 20:27:27,2018-03-05 00:00:00
ed133fc7e5f6007c120fe3cf3743c7a2,e137112413fc947be060ee527dfecd38,delivered,2018-01-06 00:53:47,2018-01-06 01:07:50,2018-01-08 14:54:54,2018-01-11 16:09:48,2018-02-02 00:00:00
5dfbd16c2935172c2f8eed9135087454,e99735b6b3039368cb6af2e0df9c2e08,delivered,2018-03-05 07:03:12,2018-03-05 07:48:26,2018-03-05 20:33:13,2018-03-17 11:51:58,2018-04-06 00:00:00
a88a97b1f64733fb73f753a519db23b9,5fe4c97f6eb784c0e89656abddca6865,delivered,2018-05-28 21:16:48,2018-05-29 12:50:32,2018-06-01 14:23:00,2018-06-27 20:50:56,2018-07-11 00:00:00
fbfc92ca2e01f432089ae7797b9b2224,b0d9ad8fe3898d9c0d90dc8bdd509e5a,delivered,2018-03-19 21:56:09,2018-03-20 21:50:26,2018-03-27 20:56:51,2018-04-03 14:58:54,2018-04-05 00:00:00
85406138a2e61baa5d9f0a8298bd6c56,47cd4a12d6a89098ff96e0ca4bf8d82c,delivered,2018-04-19 16:39:50,2018-04-19 16:58:36,2018-04-20 21:46:26,2018-04-23 18:54:31,2018-05-08 00:00:00
575d8ef8d005dd6e8f39b314079973ef,262e3835bb60820bea8ee7847d5cd365,delivered,2017-12-01 21:21:44,2017-12-01 21:33:27,2017-12-06 13:23:13,2017-12-19 19:43:33,2017-12-29 00:00:00
3ae0703f18033a46c7bd5aff2e394693,072aade529b4fc337113a15dbce8873d,delivered,2017-11-18 15:07:04,2017-11-18 15:30:38,2017-11-20 18:09:11,2017-11-22 17:47:37,2017-12-01 00:00:00
937e9317b5d8768bd5ddc9c81cd80f27,ffabac359c29ee1a640dcd57f275a2f7,delivered,2018-05-12 00:08:21,2018-05-12 00:31:20,2018-05-29 09:51:00,2018-06-05 15:03:32,2018-06-20 00:00:00
62fe4763f75b8c61cc111e465211c08c,157575b3e2a7afeb7174abe0436aeb54,delivered,2018-08-06 20:10:33,2018-08-08 03:25:00,2018-08-09 14:06:00,2018-08-10 21:58:26,2018-08-09 00:00:00
80aff51ef1baac168aede241f057bafe,6f05cce9a1626926ab2be4dfeb9a33c3,delivered,2017-05-30 16:27:19,2017-05-30 16:43:20,2017-06-01 10:56:42,2017-06-06 13:35:37,2017-06-22 00:00:00
16335761ea48f493e1fb30770e982a36,4b6484fa6c4406d63dca39c2f421d2b4,delivered,2018-04-05 20:59:20,2018-04-05 21:10:15,2018-04-07 01:19:37,2018-04-19 00:43:34,2018-04-27 00:00:00
59dc078740135e14b746b30b397545f0,9dd86fef44195e98360aad111552c390,delivered,2018-05-07 12:02:26,2018-05-08 04:14:53,2018-05-08 16:46:00,2018-05-10 20:21:54,2018-05-17 00:00:00
04b16351c3a70c83b9f8f1fe295cb450,bf5c3a54675e9a5b3dd58af952adeaff,delivered,2017-04-22 14:49:56,2017-04-25 08:02:54,2017-04-25 11:30:35,2017-04-28 07:33:27,2017-05-15 00:00:00
e3b442a0dbd0eab458fb4d4abbead49e,9eb9aee89944d31410282c1437ea8c63,delivered,2017-08-02 03:47:44,2017-08-02 21:23:30,2017-08-04 18:13:01,2017-08-10 20:09:34,2017-08-24 00:00:00
0e520b5aa77bac2965d232c9a023229d,acebbc9f40ca44f6a8a1f9b93d65cde6,delivered,2018-08-03 13:42:20,2018-08-03 13:55:15,2018-08-03 15:46:00,2018-08-07 19:42:37,2018-08-21 00:00:00
ad267363f417fe1945d534f8df659562,1b6de3de93dd6da5e8ae0a0b57b5ef2e,delivered,2017-08-16 11:32:22,2017-08-17 02:55:15,2017-08-17 20:13:54,2017-08-24 21:53:56,2017-09-08 00:00:00
c038a5b29abf034f262370c75f739875,206314a71bd9f1bc91cfb6491e17e98a,delivered,2018-03-05 13:26:10,2018-03-05 14:41:01,2018-03-07 15:05:20,2018-03-16 01:05:51,2018-03-26 00:00:00
b4ddf2c58c57f7f338c21d36cbfea6dc,0ab5ac57aa93f5bc1a7da4ded0810294,delivered,2017-08-16 09:03:58,2017-08-16 09:25:16,2017-08-22 20:40:03,2017-08-25 18:37:56,2017-09-13 00:00:00
aa5472de2f22cca7b5a661f6fbc94389,edddd8420d4baec0251cfaed38b577a7,delivered,2018-06-16 22:24:09,2018-06-16 22:36:21,2018-06-18 10:56:00,2018-06-19 22:04:12,2018-06-28 00:00:00
4a484c46ae5f093eca638e3c55d3dbc2,f09327112f642aef342574a73c0b3a40,delivered,2017-02-06 13:58:01,2017-02-06 14:05:18,2017-02-08 11:41:21,2017-02-23 13:44:49,2017-03-01 00:00:00
69f300c1548bb914121c37910b3f8196,e0e201b85ad5717fb99edb6d9194795c,delivered,2017-09-29 16:22:26,2017-09-29 16:44:22,2017-10-05 11:08:00,2017-10-06 20:15:57,2017-10-17 00:00:00
4328a3227949bd5087871131a3e852a1,184a0d53e3db6779ed520064e09d1df4,delivered,2018-07-30 18:42:01,2018-07-30 20:00:26,2018-08-13 11:05:00,2018-08-14 20:32:52,2018-08-07 00:00:00
1f2b7ae7e2372de1f0daf10288d65c9c,4c880e154829e72073c4e5558572ab68,delivered,2017-08-07 21:01:57,2017-08-08 22:25:18,2017-08-09 19:52:28,2017-08-16 18:04:10,2017-08-29 00:00:00
c50e269f3f05dc460ee457106f787b7f,bdb3e5fd8dc8c30b7fdbe43e818bb2ec,delivered,2017-12-11 16:18:48,2017-12-11 16:30:32,2017-12-12 19:57:15,2018-01-03 16:55:15,2018-01-10 00:00:00
7f7ecce97b3b42d8f61c14fd46a50593,84f82d5d361c6b6ae90f6de02256702c,delivered,2018-08-19 19:12:14,2018-08-20 12:55:35,2018-08-21 14:03:00,2018-08-27 20:28:48,2018-09-11 00:00:00
b65e9f6d886f2fd5807096ed8f4a72fc,631bd6103e3501aa2afe52416cbc1c38,delivered,2018-06-29 11:39:04,2018-06-30 11:30:18,2018-07-03 15:12:00,2018-07-10 16:28:39,2018-07-16 00:00:00
ef121c337009d84eeb960c0890bf4666,cd4c177b9ffe9a94685b0f87f0e760ad,delivered,2018-04-11 18:09:21,2018-04-11 18:31:22,2018-04-13 00:02:38,2018-04-17 21:14:38,2018-05-04 00:00:00
221dae1c9b60927dd164464fc6b17a77,5f9e6a1b42ce4ff9c7578bbad0c323e2,delivered,2018-06-11 13:41:45,2018-06-11 14:02:52,2018-06-12 17:05:00,2018-06-18 18:44:27,2018-06-28 00:00:00
e20a38519798b9e60a722ea899d1159a,ab8c39d930eca414e69c0e8b7072aa38,delivered,2018-03-15 11:02:46,2018-03-15 11:15:29,2018-03-16 23:58:48,2018-03-28 18:36:58,2018-04-11 00:00:00
a7b7fffe0b7b5cd970eac0f5cf96f824,7fd8d5057daeac55fdab8a792f1cdc64,delivered,2018-02-16 10:35:38,2018-02-17 03:47:39,2018-02-19 16:42:23,2018-02-21 20:39:47,2018-03-05 00:00:00
15c73309f9a91be9baa4d58d1e02cbab,59365a596fafb5488c739ac1e657f6ab,delivered,2018-06-07 12:27:49,2018-06-07 12:58:02,2018-06-29 15:34:00,2018-07-23 16:04:56,2018-07-30 00:00:00
45999efb9bc85af2a2a2716e46c92e49,986b5b432a29b3edf0f60465e6496f8b,delivered,2017-04-06 14:59:17,2017-04-07 03:22:57,2017-04-12 06:50:01,2017-05-03 12:27:53,2017-05-04 00:00:00
fe7fd4c764d135ef92ab8e6f0f8546bd,0def0c85a554e25ea5dfa3e80f4f2164,delivered,2018-06-12 10:17:16,2018-06-13 03:55:13,2018-06-18 11:55:00,2018-06-21 16:16:37,2018-07-13 00:00:00
5982f7ae2a7fe7f609c44a33a9780ffd,53e6e41bc6b908943de2b9fea8556582,delivered,2018-01-12 19:00:35,2018-01-13 18:54:31,2018-01-17 00:54:45,2018-01-29 20:19:09,2018-02-07 00:00:00
413a22d2dbe22795ff56d989a9ad09c8,9a6c7184233793dc64cdabfcc7120b83,delivered,2017-05-16 00:46:45,2017-05-16 01:02:31,2017-05-16 10:30:24,2017-05-19 15:27:33,2017-06-05 00:00:00
63897b6705887543f6b7e7a468ff337f,6a615fa5571c8f737a2fe8820563bfbc,delivered,2017-10-31 15:47:37,2017-11-01 03:26:23,2017-11-01 17:51:33,2017-11-07 22:42:45,2017-11-28 00:00:00
a1140c6c45de6428c62f4c2322a59fb9,d2bfbf5cc7b58b39f4855d895e6f22c8,delivered,2017-11-24 08:09:34,2017-11-24 10:31:46,2017-11-28 21:47:08,2017-12-22 14:57:51,2017-12-20 00:00:00
aaa63c36d6b3e5379a0839588ccd8c01,754dd36ae2b2ab467f800bc8e37f18b5,delivered,2018-05-16 16:46:36,2018-05-16 17:21:32,2018-05-21 14:47:00,2018-06-07 17:28:41,2018-06-18 00:00:00
8f3b78080ad48c79fb6172b897c23d37,448b0b34dd5f3873c9eef9f61ccac1e9,delivered,2017-06-13 15:38:50,2017-06-15 03:06:01,2017-06-22 10:42:30,2017-06-23 10:39:28,2017-06-27 00:00:00
9b05dfd13ccb8d6f602035dfafa632fc,7c9321054f8122ac17e67d6c0c2a36d1,delivered,2017-06-12 20:31:06,2017-06-13 03:50:27,2017-06-14 13:52:45,2017-06-17 12:03:24,2017-06-26 00:00:00
8cc50a1b31f5542e2289304e7d6b039f,00785e4d6fd1ab53e7de20c730c070f1,delivered,2018-06-10 23:18:48,2018-06-10 23:37:38,2018-06-12 14:15:00,2018-06-26 17:48:52,2018-07-04 00:00:00
790e4dbb16093464e8d8e26035df5523,a57c51b6270226aab5e8ac92276ffa73,delivered,2018-07-30 00:47:05,2018-07-31 01:30:24,2018-07-31 13:27:00,2018-08-03 16:09:12,2018-08-16 00:00:00
acd9800634da27c199e4dbb40a24dc0b,eb1c64f9b33352ea8d8a287d14a7dbea,delivered,2017-06-27 13:41:32,2017-06-27 13:50:24,2017-07-04 15:43:09,2017-07-11 14:32:27,2017-07-31 00:00:00
4c892e84219a67197b564a1458748023,6fb5645658e5c19c7a9fba3bfdde25c7,delivered,2017-10-10 16:24:23,2017-10-10 16:46:34,2017-10-11 21:25:15,2017-10-17 20:32:40,2017-10-27 00:00:00
594e2ee9453a2777a4a33e6b9695c8c7,f159cc6c8e0c4582c3580cf716db5237,delivered,2017-11-14 10:26:30,2017-11-14 10:36:08,2017-11-21 13:13:09,2017-11-25 00:41:52,2017-11-28 00:00:00
2c55979729e848c9614426ba49826183,4f807878f4cbc724cc06a0857fbb1134,delivered,2018-02-06 11:08:33,2018-02-07 02:55:55,2018-02-07 18:38:51,2018-02-09 15:11:54,2018-02-22 00:00:00
a7aee2bef4a7f3826328ec49c9d6f66d,ccb7adfebae1f1cb085857059a10f21b,delivered,2017-06-25 20:03:43,2017-06-25 20:15:11,2017-07-04 12:35:26,2017-07-04 16:21:59,2017-08-14 00:00:00
cd39022e5751efdf258a1052e7e9bc70,99edb37901193efa5288192326767ad9,delivered,2018-01-16 12:45:33,2018-01-17 03:38:51,2018-01-17 19:59:12,2018-01-18 16:28:35,2018-02-01 00:00:00
6eab05774245e7618924a3be1ad46115,898bbe05a063386f93afa4654026f9a6,delivered,2018-05-10 17:08:51,2018-05-10 17:37:57,2018-05-11 12:23:00,2018-05-22 21:44:24,2018-05-30 00:00:00
0c325ea6925de749e1420be0cf43587c,e03505278b34146e87c0b4eb41e4f082,delivered,2017-07-01 15:27:23,2017-07-01 15:43:50,2017-07-05 12:00:33,2017-07-10 17:17:21,2017-07-25 00:00:00
c5080b6b98d9207bf2aa64d3a2647957,5efa08adfd67aa9187b0ec83d949a797,delivered,2018-05-19 13:28:37,2018-05-19 13:51:28,2018-05-21 16:43:00,2018-05-25 14:22:38,2018-06-08 00:00:00
626b349f722088587417d2c277329c5c,290e2d3c42858f8a22534459de3bdb2e,delivered,2017-11-30 18:37:32,2017-11-30 18:50:45,2017-12-05 12:58:54,2017-12-09 13:34:03,2017-12-22 00:00:00
0c50644a967084c645a3bfdf0cc47545,627ed432c94cb78c7372b6f7cade43b5,delivered,2017-02-18 15:29:37,2017-02-18 15:35:21,2017-02-24 06:58:09,2017-03-02 15:52:02,2017-03-23 00:00:00
a4f65635b53078c1e039432eaa86e40d,4aea8a4affc83999f9dbb483f2b49bae,delivered,2017-09-04 15:16:58,2017-09-04 15:25:26,2017-09-06 22:19:38,2017-09-17 17:14:48,2017-09-25 00:00:00
f27f26eaf27993dfc785b8bb3157b307,3e0453deda81aa54f6a5ebf960b9c337,delivered,2017-11-11 17:33:15,2017-11-14 03:50:51,2017-11-14 18:17:04,2017-11-28 19:37:49,2017-12-12 00:00:00
db9cf376e67dbdfc53109dce1354745b,88fadbc0119eb47188f05ae8d1be6c70,delivered,2018-08-08 15:17:46,2018-08-08 15:30:12,2018-08-14 14:10:00,2018-08-21 14:53:48,2018-08-28 00:00:00
c34e0ceb1b974989a54cc47f2ccf12f0,82bdbb438dc12b9df0cc2e0ac96db29c,delivered,2017-11-06 20:41:38,2017-11-07 04:31:42,2017-11-07 20:11:30,2017-11-08 17:33:01,2017-11-17 00:00:00
d2855109f77d3c3202bb4be96278e124,895bef6cd5713cb926654c47e14bfa33,delivered,2018-01-12 23:30:41,2018-01-16 03:40:05,2018-01-17 17:44:04,2018-01-30 21:28:21,2018-02-06 00:00:00
11fa0235decc84fa20b516ab7eec74ec,b1838d0d4345422a5a30e0d9251694b8,delivered,2018-01-14 00:09:22,2018-01-14 23:59:20,2018-01-15 17:04:50,2018-01-23 20:23:27,2018-02-09 00:00:00
0420da8d50a3784011290a782f25a8a8,0949b5cf9adad08c1421aa3f1778e4a3,delivered,2018-08-09 16:42:43,2018-08-09 17:35:18,2018-08-13 12:48:00,2018-08-16 19:45:47,2018-08-21 00:00:00
0ead7996f8952fba09e18bed9872414e,1070bdeb30f438c677f47d05bb084550,delivered,2017-04-18 17:12:17,2017-04-20 02:50:33,2017-04-20 15:47:44,2017-05-06 09:17:52,2017-05-12 00:00:00
d32d584f32319a9b013c05fd83400831,dfa27a9b70d0140ca36bdaf074359abd,delivered,2018-08-05 16:29:21,2018-08-05 17:04:07,2018-08-06 20:29:00,2018-08-07 15:58:38,2018-08-09 00:00:00
7de1ba35d9d0422c7129096639f316c9,82246fa860dbc4d1e81654bb922253de,delivered,2018-05-19 19:46:33,2018-05-19 19:56:57,2018-05-21 13:06:00,2018-06-06 17:46:56,2018-06-20 00:00:00
117db2f85d3f438fa92b5e9cb579e7a9,44c06406e992109c1e84c741a2faddb1,delivered,2018-07-03 09:22:10,2018-07-05 16:24:52,2018-07-03 13:33:00,2018-07-24 20:46:33,2018-07-25 00:00:00
0a0ae6383118ebd8939e7d18c5dda408,dd8b5fb300450248e98874ee5171824c,delivered,2018-03-10 10:29:04,2018-03-10 11:08:11,2018-03-12 22:41:53,2018-04-12 15:59:05,2018-04-02 00:00:00
56f7baee2d1568fbd2dac0ba1a77418e,119c2bef5f2a91310495d3c149912884,delivered,2018-03-17 16:37:16,2018-03-17 16:50:45,2018-03-20 00:42:33,2018-04-20 15:21:16,2018-04-12 00:00:00
568fa72ae30274dd2ab9ed7d0a0ec19c,01b7e319fb16f60c28e387d29cd80c38,delivered,2018-03-12 07:57:22,2018-03-12 08:30:51,2018-03-13 22:27:34,2018-03-17 16:12:14,2018-03-29 00:00:00
d08a79ed250412c79cc17a81c4abcf86,fff4fdd0de70a51d4e0f57a4c1c6bfae,delivered,2018-04-09 12:36:56,2018-04-10 15:35:22,2018-04-11 19:22:28,2018-04-12 19:38:46,2018-04-19 00:00:00
e6c7749520fc49e6ede435a6996d5f0e,63abd60f51ca1ed442bbb0610f59ed3c,delivered,2018-06-10 21:28:17,2018-06-11 21:40:37,2018-06-12 11:16:00,2018-06-14 16:34:53,2018-06-28 00:00:00
92758dbac7384604fdbbd5e1715a1625,f940d63b2eea16e8ecf8704b38c79af3,delivered,2018-06-12 00:38:07,2018-06-12 14:45:45,2018-06-13 14:49:00,2018-06-14 15:36:47,2018-06-28 00:00:00
002b4e6fa42cd4a22cc86abc18fe9c05,a5fd6dd86d703cedc9ab6be3dba12816,delivered,2018-03-11 10:24:44,2018-03-11 10:35:37,2018-03-12 19:47:30,2018-03-19 22:34:41,2018-04-06 00:00:00
35ebecec251e4613f0b189b05e05b9a8,4e9f5e6a684de0e52a322243f0a00b51,delivered,2018-05-12 10:17:02,2018-05-12 10:34:25,2018-05-14 15:27:00,2018-05-17 22:44:33,2018-05-28 00:00:00
18dad78c0f87f4c45ef196daeaa3ffbb,e4780f4524969db38b49dd1c82e03fcc,delivered,2016-10-05 08:01:47,2016-10-06 15:55:39,2016-10-15 10:31:16,2016-10-17 16:47:46,2016-11-29 00:00:00
6a0c96e8fd6d1c42bbfa1f5d49f3d3cb,b0cf86489356b4de18670fd11e6db7d1,delivered,2017-10-29 14:24:38,2017-10-30 11:11:10,2017-10-30 16:52:52,2017-10-31 16:37:43,2017-11-10 00:00:00
a824974b8e61d6186b2850a63ca9461e,a4a6c746d0fc091842d5dd44bb22d754,delivered,2018-01-07 23:03:33,2018-01-07 23:11:38,2018-01-08 17:47:11,2018-01-11 18:41:55,2018-02-01 00:00:00
f17a58e669a7f4cf7a7f227899f8abf7,317409042fe3982fa0919b9011ff9494,delivered,2018-01-17 10:27:45,2018-01-18 10:31:30,2018-01-18 22:32:44,2018-02-09 14:05:22,2018-02-19 00:00:00
85456fd9a661ca7cf863b778555482c6,7e4daef1d8ced5b3f61a3de8b435feb6,delivered,2017-06-15 20:59:27,2017-06-17 03:19:07,2017-06-19 11:12:49,2017-06-27 09:17:40,2017-07-10 00:00:00
c54c9b37bca70bd82214fd3ca5a6ccff,f4b50babb4b873117c5817cfb64a210f,delivered,2018-03-16 17:25:09,2018-03-16 17:49:45,2018-03-19 19:58:58,2018-04-03 17:58:49,2018-04-20 00:00:00
da2259f43effcc1adc7e8e1eaeb720a0,0ab14736076aeefb2a545f8c89931f9f,delivered,2018-03-17 14:05:37,2018-03-17 14:28:31,2018-03-21 19:32:56,2018-03-27 19:42:08,2018-04-05 00:00:00
3bd9055cde8c3ff6e14396459c776cbf,cd8b1e5a7b8c53ab97a47bdb544e930c,delivered,2018-08-12 00:26:37,2018-08-12 00:35:14,2018-08-14 13:16:00,2018-08-18 19:31:29,2018-08-22 00:00:00
4420cbe16c262f724b648cd1294c88b6,8655fe7b7fda80004fa4c9e0cd65cd57,delivered,2017-03-25 09:08:40,2017-03-28 03:51:24,2017-03-30 16:08:48,2017-04-07 12:23:32,2017-04-18 00:00:00
58ded2fbeab30e8d3f53d888277f6b2e,8f7e5621fe5515e2d200a90f6643bbb8,delivered,2018-07-01 22:14:50,2018-07-01 22:30:15,2018-07-02 13:57:00,2018-07-10 22:54:33,2018-07-17 00:00:00
110db9a85229d82cf8223a0315afaf8f,5870764232b1c85c58f471bea1c2f982,delivered,2017-08-03 17:34:25,2017-08-04 06:45:21,2017-08-04 18:23:45,2017-08-11 13:32:37,2017-08-17 00:00:00
ed6de1d370dd47560f0d9c87c832b6fe,f0d34aa376fb5a83688a6fe7bf66b252,delivered,2018-05-03 00:34:55,2018-05-03 00:58:38,2018-05-03 10:12:00,2018-05-04 17:58:57,2018-05-16 00:00:00
13416403fd4f1a64aebdecd3f21c4764,66228be37880f504ce2dbbd32c4ffeb0,delivered,2018-04-14 15:12:34,2018-04-14 15:32:45,2018-04-17 18:42:38,2018-04-21 17:48:44,2018-05-03 00:00:00
fb612793f43e55d0df079f56c7ffb811,0b87eea12c9bc8ae36b6e4c551f4770e,delivered,2017-11-28 20:41:00,2017-11-29 02:16:49,2017-12-01 16:11:50,2017-12-27 19:58:56,2017-12-19 00:00:00
7d170449ca92e7f9c69431c2e23e35e3,87e5dbec1cdacf711716cf07f8b8498b,delivered,2017-05-18 11:00:52,2017-05-19 11:05:14,2017-05-23 15:49:07,2017-05-30 03:06:55,2017-06-09 00:00:00
96a056333b6517f334ac928d91dc7e15,59fb48431c37f2c42e245df4cdace347,delivered,2018-08-12 21:12:46,2018-08-12 21:25:16,2018-08-24 07:18:00,2018-08-30 12:24:49,2018-09-27 00:00:00
af2a45bf678ca2d4d9f78d43503d0cb7,ca355694bea3ffcc170fba3ad327b02f,delivered,2018-08-15 09:38:25,2018-08-17 03:10:28,2018-08-17 15:40:00,2018-08-22 21:13:45,2018-09-12 00:00:00
5aaecad5e5cba1ebc5ba1d2b22c98d7a,0fe3d243c3ea2f71639a95f24c2fbcdb,delivered,2018-07-13 21:47:16,2018-07-13 22:04:08,2018-07-16 14:39:00,2018-07-25 18:11:52,2018-08-07 00:00:00
09e21d9c7aee6884dbb1ac35cf2dfc70,d4e93ae4dbf6a273340fc20bd7908335,delivered,2017-12-22 11:02:13,2017-12-22 11:13:21,2017-12-22 20:19:00,2018-01-13 01:32:18,2018-01-18 00:00:00
e95221b086979e4c09eff4fef472ef04,5487e6c4f3ddd99d5e210f183505d974,delivered,2017-03-02 08:32:21,2017-03-02 08:42:08,2017-03-02 09:22:40,2017-03-07 11:43:50,2017-03-31 00:00:00
d47efef4161e33638c14122a723fd9fb,c228d2ea46e34e2257e8b34b694ad9e5,delivered,2018-04-05 08:22:39,2018-04-06 03:28:34,2018-05-04 15:42:00,2018-05-08 17:54:30,2018-05-09 00:00:00
f2e66c1285248a57d6f934463632274f,cbc7af079d4caea005e49f188d9a0403,delivered,2018-02-28 19:55:39,2018-03-01 14:57:01,2018-03-06 15:48:58,2018-03-14 19:08:51,2018-03-22 00:00:00
b37a7be6fbd41461b87deafd8b902cc6,80c07a5d6b086b8c179589f4521e04f2,delivered,2018-01-01 20:49:02,2018-01-01 20:59:28,2018-01-04 17:26:33,2018-01-11 10:17:45,2018-01-24 00:00:00
b81909d99454a0227bc01cc241ef921a,ac58c7cb6aaceed8322a359c2c9e9596,delivered,2018-06-05 22:19:57,2018-06-07 02:55:02,2018-06-08 14:23:00,2018-06-14 18:21:58,2018-07-16 00:00:00
b7d7bac557fdaf041e274d8043d9c588,eee880a5612da1f14c9e570990ecb9b9,delivered,2018-04-16 00:18:05,2018-04-16 08:50:59,2018-04-17 17:21:26,2018-05-05 13:38:55,2018-05-16 00:00:00
560459df3c765b876f92c018e728b978,e306c9b9d7ff9cb8ff5da5c98e036fae,delivered,2017-05-18 21:31:37,2017-05-18 23:42:36,2017-05-25 06:03:14,2017-06-06 14:43:55,2017-06-19 00:00:00
4e0d44809a2f13a874d59c6893144c26,b33b9e91b141710fea31cc692dd293e9,delivered,2017-11-15 18:51:58,2017-11-15 19:06:32,2017-11-16 15:28:55,2017-11-27 18:04:04,2017-12-08 00:00:00
a33539f882610ee1dc18289cc3087217,d8ad8f5acc7a63ee1e692f441defc86f,delivered,2018-06-01 22:41:07,2018-06-01 22:55:11,2018-06-05 12:41:00,2018-06-15 13:24:57,2018-07-12 00:00:00
e5e97ea49a63037149fb40b8d41f87d3,2787b52f991163e9aabe52703b25d2ce,delivered,2018-08-06 09:56:17,2018-08-06 10:10:21,2018-08-07 13:29:00,2018-08-17 00:22:38,2018-08-24 00:00:00
a586da019f92d63ea627fb32eba2b776,5ae1be4283fb91cb5441d0b8f533eb1e,delivered,2018-04-03 12:23:56,2018-04-04 03:15:20,2018-04-04 20:19:08,2018-04-28 11:38:42,2018-05-21 00:00:00
8bab0782e1f2a9fdc338a883c124f75b,f6a51667be5d74a02fdb9ed7947ab21f,delivered,2018-07-27 08:51:23,2018-07-28 02:44:31,2018-07-30 14:43:00,2018-08-02 18:21:22,2018-08-14 00:00:00
7d09831e67caa193da82cfea3bee7aa5,1409b2945191b7aff1975ba2ce9918c5,delivered,2018-08-05 17:11:44,2018-08-05 17:31:19,2018-08-07 14:44:00,2018-09-25 00:47:25,2018-08-20 00:00:00
e3e62e0e951111bfe905b90ad456e0ed,61a2bcfdddcb8a54fcb1df4a1f2a6f5b,delivered,2018-07-16 15:04:39,2018-07-16 15:15:13,2018-07-17 10:56:00,2018-07-23 17:48:37,2018-08-15 00:00:00
8bdf9c1234f103cd24f42bbe538bcfeb,04d77dc98bdc43b4520b57d074c8245e,delivered,2018-04-24 10:08:08,2018-04-25 10:12:49,2018-04-26 15:23:00,2018-04-27 22:32:55,2018-05-09 00:00:00
fbc3d892b4dad0fee10db683ae33ec25,cfd94b7371d772037e785dc4dc6d0b41,delivered,2018-04-01 19:17:43,2018-04-01 20:08:26,2018-04-02 20:06:34,2018-04-12 16:51:42,2018-04-24 00:00:00
d86c683d3790be2beffa016e4140940d,eb71623aa4cc35bc122f26ebe26e9620,delivered,2018-01-22 17:08:00,2018-01-24 02:37:25,2018-01-31 00:21:15,2018-03-29 22:22:04,2018-02-14 00:00:00
c13040a934f67612318e219d4bf00cc9,8a81a8a29d1c4315789ee15296746b67,delivered,2018-01-06 17:35:14,2018-01-09 07:19:42,2018-01-09 22:28:58,2018-01-19 20:16:27,2018-02-01 00:00:00
e949e43f455d61de5d481021b84e66c6,bd127006cdf5f6d30b2d413231cd8415,delivered,2018-08-11 12:07:04,2018-08-11 12:24:34,2018-08-13 15:06:00,2018-08-14 18:51:18,2018-08-17 00:00:00
4a631d69e25800fdf31d9e2d0e08b1ba,9786fb06d77d78eb58eb38a4d3a35ac6,delivered,2017-08-23 12:29:54,2017-08-23 12:55:28,2017-08-23 20:37:49,2017-08-30 20:08:01,2017-09-15 00:00:00
d895b69ba0803a2ebe648a624d6e3f08,fbae1896042b44e1dc682cb66516a333,delivered,2018-08-15 12:24:12,2018-08-17 15:09:54,2018-08-21 15:00:00,2018-08-28 08:36:36,2018-09-25 00:00:00
dc072ac65fce2a16ef5cc9473e91dfa8,ad2a892cb75797930dd37af669701f85,delivered,2018-06-12 08:29:53,2018-06-12 19:46:43,2018-06-18 14:22:00,2018-06-22 17:54:54,2018-07-05 00:00:00
daf9351361ff975f5aea7c82d29c5f3c,bf805337217234812b07fc38f9c3a896,shipped,2017-08-15 23:51:35,2017-08-16 01:55:09,2017-08-22 14:52:27,,2017-09-15 00:00:00
3863a19752e7afd5305895ae86ee0fe0,a01f848aa7cfe443739f20cbb9a943df,delivered,2017-12-02 15:12:58,2017-12-05 04:12:00,2017-12-05 17:43:39,2017-12-14 13:42:18,2017-12-27 00:00:00
7582b8c10039cceafcfe7b13e41a91e2,57bb0f2ff265139687180b2fb387e198,canceled,2018-02-07 14:27:34,2018-02-07 14:35:40,2018-02-10 14:08:59,,2018-03-08 00:00:00
391547bd36c3568e53de7b7db15ede21,e9685954f95639ae6fa1a3a4866c3012,delivered,2018-05-14 17:40:48,2018-05-16 03:15:12,2018-05-16 14:43:00,2018-05-22 22:58:26,2018-05-28 00:00:00
fab137488ea6654792ec4cac3000cee8,71999455ee91778f2540d6840640d8a5,delivered,2018-08-04 12:13:15,2018-08-04 12:25:17,2018-08-20 15:08:00,2018-08-21 21:21:35,2018-08-13 00:00:00
5e0d2c150ad3048c4cf22d46956f0585,2748c83dba9c7f53304269436ea3fc8e,delivered,2017-11-24 15:58:40,2017-11-28 03:18:28,2017-12-01 19:09:30,2017-12-15 14:58:44,2017-12-21 00:00:00
c2e07c679e4ecc1a5d27c0435e6c8425,dc38adb85ba2eb11bb3cf818834502d2,delivered,2017-12-06 14:37:55,2017-12-06 14:52:16,2017-12-07 19:28:31,2017-12-09 15:17:25,2018-01-02 00:00:00
f7990eeaa9997867008e68d2a8972953,d13f886225b29a38fab0644a6f29a112,delivered,2018-02-14 11:19:03,2018-02-14 11:35:21,2018-02-15 19:16:48,2018-02-23 00:03:27,2018-03-09 00:00:00
c5ea69eb816127590a14c3d848e1679c,9e682deddb164563d50532ebab34306c,delivered,2017-05-14 05:55:24,2017-05-14 06:10:06,2017-05-17 14:21:39,2017-05-23 11:55:48,2017-06-07 00:00:00
906749d5a54394fdebe2bbc6f2c86085,eba9e6ca7e355d15e295fabf441d3f2b,delivered,2017-08-18 00:09:15,2017-08-19 02:15:16,2017-08-21 13:14:13,2017-08-24 17:56:10,2017-09-08 00:00:00
ba4ca0fc7fbb88ea289868764ca06619,1bb0dda4f7267e2f1787555e13581d35,shipped,2018-03-04 12:27:09,2018-03-04 13:41:01,2018-03-08 00:38:41,,2018-03-28 00:00:00
d1ec61b50c7780944fab32ad8b873c85,77a7c76e4281241373f795779bdb49dc,delivered,2018-07-15 19:38:42,2018-07-15 19:50:16,2018-07-17 13:35:00,2018-07-20 18:27:43,2018-08-10 00:00:00
8791bf41384da9d1984f98c71a007e85,017af68734338e58b5925665038650ed,delivered,2017-03-16 11:11:09,2017-03-16 11:11:09,2017-03-21 15:16:58,2017-03-28 15:55:48,2017-04-06 00:00:00
3fd458f81a4ab505469540d26bcdb598,959dea625b3585727393f81649b336a8,delivered,2018-07-02 10:27:02,2018-07-02 10:50:08,2018-07-03 14:45:00,2018-07-20 23:31:58,2018-07-27 00:00:00
7bfe238bd2ede94073ec8c6c64509b90,44c14ab4c4d0144041d639254fcf13d9,delivered,2017-04-19 21:08:35,2017-04-19 21:25:14,2017-04-20 09:59:07,2017-05-02 15:46:49,2017-05-18 00:00:00
c608468eb1bf28d4f4e70d4f38157357,3a6c7b8aaaec44a52ea5d490b67f3dbb,delivered,2017-12-17 17:30:08,2017-12-17 17:39:23,2017-12-20 14:49:07,2017-12-26 20:24:35,2018-01-11 00:00:00
e1282f31d9a5f43661a251858c894bf3,4ffd93637ab3b7419b09f862e033e02c,delivered,2018-02-26 16:26:22,2018-02-26 16:49:48,2018-02-28 00:52:29,2018-03-22 16:58:42,2018-03-27 00:00:00
1aa9e8f35ac38d8a10b41441e1faa0a2,e02bd72de8a4b5f8ce982f24a4688b8c,delivered,2018-06-11 18:32:17,2018-06-11 19:01:16,2018-06-12 15:09:00,2018-06-19 16:49:35,2018-07-04 00:00:00
81958f88fdc0ca51fb2a42c8e7f416ba,fdd7e696cd16748699f61a4beb5f6a48,delivered,2018-05-04 13:28:13,2018-05-04 13:50:38,2018-05-07 12:21:00,2018-05-11 17:21:00,2018-05-25 00:00:00
7c496cea7613c2efe6033e93e573347f,2b629d0b742814e674442efd475d0c7c,unavailable,2017-11-23 19:46:09,2017-11-23 21:39:27,,,2017-12-14 00:00:00
add85850d87ec9b2926443c2310561dc,4fb68ac78bb3e5d8af27146d9da1ff46,delivered,2018-06-22 17:04:55,2018-06-22 17:38:43,2018-06-25 15:55:00,2018-06-30 12:47:52,2018-07-16 00:00:00
6299705212aa08256a85fb33aecfa7ac,a1f91e4a3b6a5e137663fb76d83aa7cd,delivered,2017-11-24 20:28:52,2017-11-24 23:34:28,2017-11-27 19:56:48,2017-12-07 17:37:28,2017-12-21 00:00:00
07bfea8893b7262f7d61cfb2068b12c3,5ff12b5d7429e2bfde8594ee4ebf0ab0,delivered,2018-03-07 09:55:02,2018-03-07 10:40:24,2018-03-10 02:21:12,2018-04-04 19:12:57,2018-03-28 00:00:00
accd8ec914c1ab328cfbafe6a5339c85,82a238f8e3cd8ba8688cd74ada659cf1,delivered,2018-01-25 13:20:00,2018-01-25 13:38:52,2018-01-26 18:05:52,2018-01-29 22:28:40,2018-02-09 00:00:00
260134f5f43f28b62a2a9512fa7eae91,89775ddb4cc5cf866462ea2fd4dd6a29,delivered,2017-11-29 15:24:51,2017-11-29 15:43:03,2017-11-30 16:44:31,2017-12-11 21:59:59,2017-12-21 00:00:00
6eadf3654aee7c1c335e7f0ca86d69fa,1e451a6f503504ea01da3655e83a98bd,delivered,2017-09-22 09:08:16,2017-09-22 09:27:49,2017-09-26 13:47:44,2017-10-17 14:26:49,2017-10-13 00:00:00
6a5a302850fcda00dc96d742bcb810f2,aab6159a949e85ac6cc9ed3d75bf36ee,delivered,2018-03-19 13:15:31,2018-03-19 13:30:01,2018-03-21 18:36:15,2018-04-11 19:02:54,2018-04-09 00:00:00
cfa7558b5566935509a9dd8982bcc48a,073c73d89741b48ab04ff4660d413332,delivered,2018-04-26 18:41:25,2018-04-26 18:55:09,2018-04-27 15:06:00,2018-05-10 20:58:39,2018-05-24 00:00:00
e821a98683cf36d7fd5ee3e3e0b63664,1384a39466fccf321f9be425c1090b4c,delivered,2018-06-07 17:50:51,2018-06-07 18:17:29,2018-06-11 14:29:00,2018-06-15 18:24:04,2018-07-05 00:00:00
96f7907d370d310cc46c4875701cb40f,b094f9d22537cb4892ecff5504dd8172,delivered,2017-02-01 18:29:23,2017-02-01 18:41:29,2017-02-02 12:00:38,2017-02-22 12:51:51,2017-03-14 00:00:00
9f625a3ed898cbfe30b9f9ef44897889,1b00ab4ab200e2215c0913759051f47c,delivered,2018-06-13 08:32:11,2018-06-14 02:57:06,2018-06-14 13:12:00,2018-06-15 18:12:51,2018-06-28 00:00:00
ea18597e57e0a18f0a113e6afe95423a,826bde95c0373381be2a3e6ebe9eb14c,delivered,2018-05-22 15:48:18,2018-05-22 16:19:21,2018-05-23 15:55:00,2018-06-06 14:31:26,2018-06-11 00:00:00
b31ee0faeb3ac3b93e33f3733e8014d0,e6f59aabb8295dd97e037b2d9b457e58,delivered,2017-06-28 14:05:47,2017-06-28 14:25:19,2017-06-28 15:42:48,2017-07-04 14:09:52,2017-07-18 00:00:00
771b546bcdc6a4a0e6e4702ea7e0dd5a,729c8b439dc4d69353f36eb3c4099c14,delivered,2018-03-05 19:29:12,2018-03-05 19:48:38,2018-03-06 18:11:58,2018-03-24 18:58:53,2018-03-22 00:00:00
ec451fb3a1ee5782fef4937473a9ffac,7904f82db05d978b48c96a1f2576eb8b,delivered,2017-11-03 11:36:16,2017-11-03 11:50:59,2017-11-09 20:46:47,2017-11-10 18:07:48,2017-11-16 00:00:00
bc3ac768a8963f4ca68942ea6558fc9f,7968f8e8d5429c6a0611671f5a52ed2b,delivered,2018-03-21 09:40:36,2018-03-22 03:09:01,2018-03-22 21:54:58,2018-03-27 20:14:40,2018-04-10 00:00:00
15b00f1a7877ceb1dbcfde56e50359f5,8be8c5953507cb96a5f1b26c0480a611,delivered,2018-01-22 09:26:07,2018-01-22 14:14:34,2018-01-23 22:28:38,2018-02-02 23:26:37,2018-03-02 00:00:00
e8a9b5c4c30f1e49cb5302ef0b3cc458,390f2e0fd81bd989f2796daaece90704,delivered,2018-02-06 16:10:45,2018-02-08 07:49:54,2018-02-08 22:47:52,2018-02-23 00:59:40,2018-03-02 00:00:00
6cb79ca831fc2210fa584592cea3c5f1,bd345656334581d4e07227d786486629,delivered,2017-12-14 23:40:33,2017-12-16 02:39:35,2017-12-18 21:03:36,2018-01-06 16:45:49,2018-01-11 00:00:00
6ce44e655ce6545d9637e72f7529cb5b,4d3821a220a68df1beee526db455b8bb,delivered,2017-10-23 20:24:18,2017-10-23 20:35:18,2017-10-24 15:39:58,2017-10-27 20:47:35,2017-11-24 00:00:00
7f40788714e03b8dda5b7ced37a77e37,e3dd4a892b03eb2a71e4edff753f78bc,delivered,2017-08-01 13:53:59,2017-08-01 14:10:24,2017-08-01 19:52:33,2017-08-04 17:23:53,2017-08-24 00:00:00
b2b345cd2633deaf2b69c3b5c5585afa,0e12e9ae0026db8d0392421e6e1a61ee,delivered,2018-05-23 13:50:08,2018-05-24 02:34:29,2018-05-24 14:45:00,2018-05-25 20:18:33,2018-06-08 00:00:00
e992307f910844d84f796767fa1c557c,a7e6b8b50366b318fc25f4b8fabb39b2,delivered,2018-06-17 20:06:48,2018-06-17 20:17:54,2018-06-18 14:24:00,2018-06-20 02:36:35,2018-06-29 00:00:00
b07bf2d32756618446d0cc1896d2eedb,0366081656b950085a27be941a5b28c0,delivered,2018-03-26 19:48:17,2018-03-27 04:08:34,2018-03-27 21:33:26,2018-04-12 02:58:22,2018-04-17 00:00:00
bf58fdaaab7ac1fa204ea7f60aeb4e45,bb8953623b704a45917b3800da0860ed,delivered,2017-07-20 00:54:00,2017-07-20 01:05:16,2017-07-20 19:32:05,2017-07-26 22:23:46,2017-08-09 00:00:00
d8578262363755dd9a09ce0b4110a1cd,0722cac4e97a1d3381723e1770a60391,delivered,2018-02-07 20:57:04,2018-02-07 21:10:30,2018-02-08 16:28:25,2018-02-15 22:39:50,2018-03-05 00:00:00
d112a6ef5cdb3b9a169fbf4bbd7dcabc,4d2e787054eeed8efc8919a4d16431bf,delivered,2017-05-11 11:44:50,2017-05-12 02:55:49,2017-05-12 09:02:56,2017-05-15 17:16:57,2017-05-19 00:00:00
cab587eb398be7856799cbd4f9f57b28,07f51f870d88165a02b1f3a9946cd1b4,delivered,2017-08-05 19:43:56,2017-08-08 03:55:24,2017-08-09 19:37:59,2017-08-21 21:45:00,2017-09-04 00:00:00
d7afb34a55fee792585830fc0509d1fe,90b3e7b0332dcac106c936fbc1ae83ec,delivered,2018-01-21 16:32:05,2018-01-22 13:53:41,2018-01-29 22:13:16,2018-01-31 18:20:08,2018-02-20 00:00:00
42f1ec56e012e2c2c5b269c7681ff429,3be2672b8530d0f4d342c18d907de378,delivered,2018-01-02 16:46:47,2018-01-02 16:55:56,2018-01-15 20:58:39,2018-01-24 12:54:30,2018-02-16 00:00:00
d7511947889e0d0717a337554a6216ac,2d286468f438650339946ef48c13c971,delivered,2018-05-14 22:22:00,2018-05-14 22:37:50,2018-05-16 06:34:00,2018-05-21 20:18:48,2018-05-30 00:00:00
23e117ca8f65562000f29a26f19f1a3b,658ff649fc33a23b0c62dbb364eef7dc,delivered,2018-05-07 20:46:53,2018-05-07 21:14:01,2018-05-09 13:33:00,2018-05-15 18:35:14,2018-05-29 00:00:00
e02513d56c28c7f7f0050e48ea836c05,4625da7f4d9dd82612242ee97ff1d4bf,delivered,2018-06-03 13:07:03,2018-06-03 13:15:14,2018-06-04 13:24:00,2018-06-08 18:38:19,2018-07-13 00:00:00
3ceec142bbeb4de9939d371d6182d5d6,b9cc7bff1ac00970ba1247f36be4879d,delivered,2018-05-10 14:50:58,2018-05-10 15:11:42,2018-05-11 15:02:00,2018-05-14 17:21:52,2018-06-08 00:00:00
06f0522e3c0dd8f8ea7a738176844f04,07568293de9832dcefca19385d02354b,delivered,2018-06-22 15:12:55,2018-06-22 15:38:27,2018-06-25 14:31:00,2018-06-29 17:12:43,2018-07-16 00:00:00
bd59f8334a4f41c92dbfe620bacfcbc6,54c17028a374a93b04bb0676251f4e7d,delivered,2017-04-25 16:47:22,2017-04-27 13:10:23,2017-05-02 12:55:23,2017-05-10 17:05:08,2017-05-24 00:00:00
0d778ab2a536db4175fd9e51f7022c91,0da6c4c584cd72612e829dcade815e57,delivered,2018-01-09 23:35:27,2018-01-10 10:32:05,2018-01-10 18:43:43,2018-02-05 21:51:38,2018-02-14 00:00:00
f05771c7b5cadd4177b82165484ac8da,7deb5a8913d92293236bd976ac452fcd,delivered,2018-07-15 20:51:11,2018-07-15 21:04:42,2018-07-17 12:03:00,2018-07-23 23:40:52,2018-08-01 00:00:00
7bb7ec02511e66d678f70848ec8d3366,885b56453045dc6b9911e37f5a3e5e12,delivered,2018-01-15 16:51:40,2018-01-16 03:38:31,2018-01-16 18:16:49,2018-01-22 18:17:40,2018-02-09 00:00:00
ac1ba3d6cc5dbfbe4ebb5db9d2039bcc,d3625a7c916105c686352ba67f8a0ce7,delivered,2017-10-29 13:40:05,2017-10-31 03:55:16,2017-10-31 16:53:13,2017-12-05 00:16:34,2017-11-29 00:00:00
3efb84891f27efd4a1ad0e11ca4fb36b,2ee30957e8f33b2bb55367f1eb929c03,delivered,2018-08-03 15:30:58,2018-08-03 15:45:11,2018-08-16 14:46:00,2018-08-24 19:12:37,2018-08-24 00:00:00
864eedd447e159c27f86ff87932205dc,37745fa479f6b3130fea21ac6f375d24,delivered,2018-03-25 19:08:17,2018-03-27 03:49:01,2018-03-27 22:22:51,2018-04-04 10:08:35,2018-04-23 00:00:00
409bc4cfbf301b760050e1adec588929,809e1861cfee372e6a6f8523ff520605,delivered,2017-05-11 22:11:20,2017-05-11 22:22:34,2017-05-13 06:31:43,2017-05-18 21:57:57,2017-05-29 00:00:00
5fd8e536596df0210d3e483288529070,d2c7397c64613228bab00803f9ea9ef6,delivered,2018-01-11 10:11:22,2018-01-11 10:28:00,2018-01-12 22:26:59,2018-01-22 17:29:16,2018-02-09 00:00:00
d1d85d0d469cb9c26d7f8ee944c92cf1,7e88bddedab5603be5bb50ec9025080e,delivered,2017-10-03 15:54:15,2017-10-03 16:07:14,2017-10-06 20:42:44,2017-10-10 21:33:50,2017-10-19 00:00:00
2f4b6bf22d858c8b142942bf133b5b05,3c33abcd1723c7767914efc6580bfb36,delivered,2017-11-24 18:08:36,2017-11-24 21:33:33,2017-11-25 11:26:58,2017-12-06 18:44:23,2017-12-26 00:00:00
3443b7575b141322b9be5ea9ba71188c,5c192d3f1d7b6f2f982c8e01aa350847,delivered,2018-02-25 18:36:15,2018-02-27 04:31:05,2018-02-27 16:41:44,2018-03-05 18:56:40,2018-03-16 00:00:00
3aa5f858c83b87da83eadc344e12b006,eb46549d630eae747fd8771f202bc1fe,delivered,2018-03-07 12:20:36,2018-03-08 02:35:41,2018-03-16 18:32:37,2018-03-21 17:48:53,2018-04-09 00:00:00
2b10f34d131e31564821104736086e82,ec41bcdb282e1a816ce6014f45a61b0c,delivered,2018-06-18 11:40:59,2018-06-18 12:37:18,2018-06-18 18:15:00,2018-06-19 13:12:20,2018-06-29 00:00:00
d24cf30658f279bb1e8677169e43e44a,933da2a653210f730747c28a49d54d8e,delivered,2018-07-27 13:12:48,2018-07-27 13:25:22,2018-07-30 13:51:00,2018-08-04 12:18:56,2018-08-13 00:00:00
2e95926835baa8ca4f74e2602a69a84e,86461f32d75c88adf526de69438d0a9f,delivered,2017-04-26 14:03:27,2017-04-27 14:02:39,2017-05-02 08:11:05,2017-05-17 16:43:05,2017-05-22 00:00:00
1ab6256565ac0d87b4f559d9171b9323,f68c519a9da55d40f6359fc1223e1e0e,delivered,2017-09-19 14:11:14,2017-09-19 14:30:13,2017-09-20 20:27:52,2017-09-27 21:07:31,2017-10-11 00:00:00
c8fd0f3c7bda7790a60b4e873b7a2a32,4b161e9366515106243138d4d12d9adc,delivered,2018-04-19 15:34:20,2018-04-19 16:31:49,2018-04-20 00:52:48,2018-05-10 00:52:03,2018-05-24 00:00:00
178f052377fd9d56a7218ef98b945378,7a712c6f68eb4f82e3476a2b15aae037,delivered,2018-06-27 01:19:02,2018-06-27 05:11:02,2018-06-28 09:54:00,2018-07-07 11:41:02,2018-07-25 00:00:00
fbae1b9dac9991f79b54655e26cbe64e,13e1bfd20542fb44fba2f5c239eb02b3,delivered,2018-06-01 20:30:35,2018-06-01 20:51:12,2018-06-04 14:19:00,2018-06-15 22:05:10,2018-07-23 00:00:00
b11ef0887d152f735e9b39864eae2ad3,4529772b580b0249d5cdd57099d9d000,delivered,2017-05-14 01:08:21,2017-05-14 01:22:45,2017-05-16 10:58:06,2017-05-23 12:32:50,2017-06-13 00:00:00
32d29d9903eaaae11d418d087f442fbd,1367595e0b2e19af7d65497c6332de14,delivered,2017-09-04 12:54:32,2017-09-04 13:10:09,2017-09-05 15:42:49,2017-09-11 16:47:23,2017-09-21 00:00:00
b24cae8a85f1becbb93b9150bdd41a7b,a97425858c998f7521243b0ea387b80a,delivered,2017-09-11 22:33:55,2017-09-11 22:45:23,2017-09-13 18:22:09,2017-09-21 17:50:26,2017-10-02 00:00:00
56cbeec7ba721c09cf45937ec625f675,805c27c95b765919bfa4d7153a30eda8,delivered,2017-12-04 21:52:54,2017-12-05 10:30:45,2017-12-05 22:35:16,2017-12-08 17:14:40,2017-12-27 00:00:00
090c8122737bb94ca7fcbbf412be42d0,9c31acdac442c01a8bfad5430a362a71,delivered,2018-02-05 00:38:46,2018-02-05 00:50:44,2018-02-06 00:53:22,2018-02-14 17:49:04,2018-03-02 00:00:00
3a4d49c9ef72a561be7ce1df8d7493d0,f10993096c40b8d553d468e2ea4ed1d7,delivered,2018-06-07 10:24:49,2018-06-08 02:56:27,2018-06-12 15:37:00,2018-06-20 23:18:48,2018-07-20 00:00:00
b02682757340133856bfb99145dd61cd,13362fc2728edd1397282bb32cf319c1,shipped,2018-07-28 15:49:27,2018-07-28 16:24:00,2018-07-30 12:27:00,,2018-08-13 00:00:00
99ef62bcac6f07a11339ae8f0f5af291,5b36339f1b92c3a5429331de873c56c6,delivered,2018-01-12 13:00:46,2018-01-12 13:32:21,2018-01-13 01:17:46,2018-01-17 21:27:45,2018-02-02 00:00:00
502b576f4d6a7091842c83677e13013d,96708d335efbd954a4449023aa1ca74a,delivered,2018-06-21 15:45:52,2018-06-21 16:19:43,2018-06-22 13:51:00,2018-06-30 15:09:43,2018-07-20 00:00:00
aaeaacef40234696ca54078fe46acd5a,6343ffafd1f78f6c90bc1a81c2fe1175,delivered,2018-03-02 12:59:08,2018-03-02 13:40:22,2018-03-05 19:12:07,2018-03-09 17:24:35,2018-03-20 00:00:00
4051361e504d383142b6997954648b9e,6c082471f3d9069102ab907a390bcddb,delivered,2018-07-26 10:52:23,2018-07-26 11:05:23,2018-07-26 15:51:00,2018-07-31 20:57:53,2018-08-14 00:00:00
c2be39a9987d992896de790f005d1bf4,60737004a5ba9b76bd54988608ff46fe,delivered,2017-09-14 22:30:48,2017-09-14 22:45:41,2017-09-15 21:23:47,2017-10-17 19:38:57,2017-10-05 00:00:00
8ddafc9e62967101391805e620db71be,44c4ac277a12247d482f44db1d09c764,delivered,2018-08-08 09:52:44,2018-08-08 10:05:16,2018-08-08 13:20:00,2018-08-16 20:06:52,2018-09-05 00:00:00
5e4c3ad24632f5a0a597858f3d008967,1894aac94fa1486d7b60e6a429bf31fb,delivered,2017-10-16 10:19:21,2017-10-16 10:28:23,2017-10-19 15:31:49,2017-11-01 20:58:34,2017-11-07 00:00:00
2fb5944fe8b440b6b1e35e1a05eb92cf,bc0a6cbf514a4029e493d2bd9bbd1e0b,delivered,2017-11-09 23:55:05,2017-11-10 01:47:06,2017-11-16 21:21:27,2017-12-03 14:23:09,2017-12-01 00:00:00
d64c8c262f2ffd8170c87e4d7e87d62b,d9dd833159c2e3f13967618121113bca,delivered,2018-01-19 17:26:37,2018-01-19 17:42:47,2018-01-22 19:54:39,2018-01-29 13:13:31,2018-02-16 00:00:00
b571f972f69a2f91ebd89ed09a6ebf42,b883a588df89f847c6c7a84e2a7d185f,delivered,2018-07-03 00:08:08,2018-07-05 16:07:16,2018-07-05 15:02:00,2018-07-10 23:42:47,2018-07-30 00:00:00
e441fe4a9a90a9174dcecd88671cd3c3,c5c7d5c47827b765408483c47ab485fc,delivered,2018-06-16 15:20:44,2018-06-16 15:37:59,2018-06-18 13:57:00,2018-06-26 23:44:58,2018-07-16 00:00:00
c5bc8257538b2c4e938a4e8836aa70b5,9a72067ed588f17196e71c5b7758ff25,delivered,2018-05-13 14:47:18,2018-05-13 15:11:45,2018-05-14 14:51:00,2018-05-24 19:54:40,2018-06-19 00:00:00
b082c2268e673ebfc45544f15e42499d,abb0c51aae3100f32207ce24106bdf3e,delivered,2017-05-04 13:02:59,2017-05-04 13:10:47,2017-05-15 08:13:43,2017-05-17 09:52:42,2017-05-25 00:00:00
33fa357691a45c05120f01f4fd386dca,aa1e13df57e9f25276ae9e1b162cb0f0,delivered,2017-08-16 17:42:28,2017-08-16 19:10:19,2017-08-17 19:52:31,2017-08-30 00:03:59,2017-09-22 00:00:00
8e806cca085990fdc8483aeb130d1330,ecb1725b26e8b8c458181455dfa434ea,delivered,2017-11-24 13:33:42,2017-11-24 15:53:48,2017-11-27 21:22:45,2017-12-16 00:52:06,2017-12-20 00:00:00
15c1a0aa2e32bd15bfe9302af6280f97,f68381e3e17489908640baa30d9721d9,delivered,2018-04-29 21:17:37,2018-04-29 21:35:45,2018-05-03 11:36:00,2018-05-08 22:37:28,2018-05-28 00:00:00
a95612c7311ad95c69b272aaa4daa6e5,0718afa877e51051f32f3572cb7a314b,delivered,2017-03-04 15:43:23,2017-03-07 04:10:20,2017-03-13 08:07:20,2017-03-23 07:04:43,2017-04-06 00:00:00
42faa5e8832ee94d503e6a18da7b671f,ba35569d12fb8093873263fa41adaef1,delivered,2017-09-22 10:31:18,2017-09-22 10:46:24,2017-09-22 20:41:53,2017-09-27 17:42:17,2017-10-23 00:00:00
d54233c194fdd8970ee0e9f44af097c0,f4dfa976955e05d8f25d9d1262a65f36,delivered,2017-10-12 13:56:51,2017-10-12 14:10:08,2017-10-13 17:54:44,2017-10-21 15:28:48,2017-11-08 00:00:00
7645e46463ccbf2206c966801d5d71b0,827da8f95e2341afae307c5df74e638f,delivered,2018-04-03 15:44:42,2018-04-04 03:29:29,2018-04-04 20:19:08,2018-04-19 19:07:40,2018-04-25 00:00:00
86ed1f35a1297fcd9ac0f8cefd187fa1,b92d3079edfca64c3eb8d564eecceeef,delivered,2017-06-27 11:17:51,2017-06-28 02:30:24,2017-06-28 10:44:07,2017-07-11 18:33:49,2017-07-21 00:00:00
10d317f53ec8ebed37283a93bfd100c7,2a41fbaadf4e0d10f43b9e859d1c154d,delivered,2017-05-31 17:47:09,2017-05-31 18:02:29,2017-06-01 13:06:16,2017-06-07 09:14:29,2017-06-27 00:00:00
881ea3597cb9e45f7141bdace6d42e60,625e0f9079a19e4cc2810a46c5a21457,delivered,2017-11-22 10:13:57,2017-11-23 02:47:40,2017-11-30 15:37:58,2017-12-05 19:56:58,2017-12-27 00:00:00
4fc55f5886d54eeddf2b8527f4d72485,ae40a9366981463c2e921d2ff3527591,delivered,2018-02-03 11:17:13,2018-02-03 11:32:14,2018-02-07 19:04:00,2018-02-10 19:53:46,2018-03-02 00:00:00
2f4b5984b0c48fc5bf385ed7f51051ca,98663ec2b8d1b5027c15e1f1a63fb984,delivered,2017-04-09 11:28:36,2017-04-09 11:42:19,2017-04-18 10:38:09,2017-04-26 09:43:43,2017-05-08 00:00:00
8dcd08ba1ddd245791d0fe2a764d7c0c,ef47133f0b956dbc78dfe1a7e1d0b9ea,delivered,2018-08-15 21:32:29,2018-08-17 04:09:53,2018-08-17 07:23:00,2018-08-24 21:40:59,2018-09-03 00:00:00
e3bcb51f9cf80e278397c1c56d827285,9e9c658318294b4563a62a0b6b30a0bc,delivered,2017-12-08 22:59:56,2017-12-08 23:12:20,2017-12-14 01:07:27,2017-12-20 15:07:40,2018-01-08 00:00:00
1c78eaf9ec409703e3146cd034d187ef,a93eac6d356ee6a02cce6b74a9e9582e,delivered,2018-02-25 13:16:22,2018-02-27 03:31:09,2018-02-27 19:28:55,2018-03-06 15:14:14,2018-03-23 00:00:00
fb8425454beb1c6cd18683ddb5e5dcfb,a5d3a09d47ffe599b7cff6b5f4db2e5b,delivered,2017-07-15 21:52:02,2017-07-15 22:05:07,2017-07-18 22:33:51,2017-07-28 22:52:27,2017-08-08 00:00:00
32864fe724c9f8e8040000b044c5c77a,ae9b787cdaa48607cbbe32d3899f5368,delivered,2018-01-24 20:40:43,2018-01-24 20:52:32,2018-01-25 22:38:56,2018-01-31 19:56:56,2018-02-19 00:00:00
9ef921f5c09cf02012029e4660e4ddce,0cceca00fae637fe9d8eb79377d0da12,delivered,2017-11-24 00:08:11,2017-11-24 01:10:01,2017-11-28 21:47:36,2017-12-08 13:37:39,2017-12-28 00:00:00
e5337992995ebaef1a0c59a2fb22c287,47462754727fc39251cda5e119b2b462,delivered,2018-05-07 13:17:43,2018-05-07 15:13:32,2018-05-08 11:17:00,2018-05-09 18:24:59,2018-05-18 00:00:00
cccf16c43b32b6548fbba329eb30f3e9,c0e7850f2d41cabcf4ead28d94ccdd66,delivered,2018-03-31 17:57:53,2018-04-02 08:29:10,2018-04-03 20:51:47,2018-04-20 22:47:39,2018-04-24 00:00:00
8d5f27735f3694d8dfef2dedd96cc814,10c29c2d0b6dbe6bbc886543c1b9097e,delivered,2018-07-29 21:44:45,2018-07-29 21:55:11,2018-07-30 15:41:00,2018-08-01 16:48:42,2018-08-14 00:00:00
7aeadd40359873918098a7477a4af310,9c83b804468c03febbb92653cb841822,delivered,2018-03-26 19:34:54,2018-03-26 19:48:00,2018-03-27 18:14:30,2018-04-09 14:16:49,2018-04-18 00:00:00
3e7223b7c9b8ef954924f508c37d171a,da2bf729800ce85f31e79a75506d94ac,delivered,2018-02-08 13:55:57,2018-02-08 14:15:44,2018-02-14 20:15:44,2018-03-02 18:48:27,2018-03-12 00:00:00
2703773aea9533b606eed4f16f883e2e,4995a41d93df085df7fa8829202f7a06,delivered,2018-05-09 17:43:33,2018-05-10 20:17:36,2018-05-11 12:56:00,2018-05-17 14:56:49,2018-05-17 00:00:00
070d0ddec60c0e00d7df9483988d55e2,0787afe87fbc7be9114a66325d1a5481,delivered,2017-02-27 09:49:06,2017-02-27 10:01:38,2017-03-02 15:40:15,2017-03-22 11:37:59,2017-03-23 00:00:00
e2e62108a0daf44573986d823484239a,8dbd900d6aac6fead528237f425c51d6,delivered,2017-09-15 12:34:25,2017-09-15 12:50:34,2017-09-18 19:51:48,2017-09-22 20:59:00,2017-10-06 00:00:00
da39c74861319e1493b1c77b6222958a,f830ef589ae72c834a4083ce86524c05,delivered,2017-11-01 21:43:03,2017-11-01 21:55:23,2017-11-07 16:08:47,2017-11-10 18:38:37,2017-12-01 00:00:00
fe92769bd4a74d953a29a3878ef19b9a,c184792ba26c79ad55391b8ba5144427,delivered,2017-10-12 18:14:57,2017-10-12 18:28:17,2017-10-16 16:16:03,2017-10-25 20:44:26,2017-11-01 00:00:00
2beb8dc5dc4936b846fb058ecad3bfc2,e9c2696343754fa3251902af0fb408c8,delivered,2018-03-13 23:06:11,2018-03-14 00:00:27,2018-03-19 16:58:49,2018-04-04 00:58:28,2018-04-18 00:00:00
f33bb10a8083242acc69681587de119f,7f2c7852591133faac4da0fce82fb87d,delivered,2018-05-28 23:15:15,2018-05-28 23:29:50,2018-05-29 12:17:00,2018-06-04 17:34:46,2018-06-29 00:00:00
a297f2735d1c57d50a70246794d12c3f,85aac716db9b14a50dcd9c12ba036eaf,delivered,2018-06-14 21:08:07,2018-06-14 21:36:48,2018-06-15 11:19:00,2018-06-29 08:58:23,2018-07-17 00:00:00
c5fd1f4a2b25ac86cd7e1312875ff12a,5b5f98e66538647d1a5ca7826d8cb1c9,delivered,2018-03-06 12:52:25,2018-03-07 15:32:09,2018-03-08 17:27:19,2018-03-21 01:12:01,2018-03-28 00:00:00
c107beb52fc248b69e73264c0b32884f,80cb11602fce4509c0d90688908a5b8c,delivered,2017-12-04 13:41:37,2017-12-04 16:47:36,2017-12-07 16:13:51,2017-12-19 18:05:49,2017-12-28 00:00:00
1190d4d9e67a90f9de44a7db2a0ceb52,02dd0797daa7b1b91de2b24bd6dfbba3,delivered,2017-04-20 22:05:41,2017-04-20 22:41:24,2017-04-22 08:41:44,2017-05-03 12:05:43,2017-05-10 00:00:00
bb18a7304967722c7cef28dff0a916ed,c7fd81c103d8cf9d0eb4e33040df28e7,delivered,2018-06-04 17:03:42,2018-06-04 17:15:24,2018-06-07 14:27:00,2018-06-21 18:21:40,2018-07-05 00:00:00
2f530dde74c88c4df00b7767e76f7542,6c0aa6b885517e59eb6755b70476f174,delivered,2018-04-02 13:35:16,2018-04-02 13:50:01,2018-04-04 19:02:35,2018-04-05 20:14:55,2018-04-12 00:00:00
f057c0b69a9b64e8579f7873e9d04cd3,841b2848b570367c3e7f73ff6ce67bb3,delivered,2018-06-29 19:31:33,2018-06-30 19:30:19,2018-07-04 12:02:00,2018-07-14 01:10:33,2018-08-09 00:00:00
761d39ded287ade72b1e8bdd95fe0253,78eacafc24b06e4493afeba7c0b32f57,delivered,2017-10-20 14:26:51,2017-10-21 02:49:36,2017-10-23 21:50:12,2017-11-16 21:38:46,2017-11-24 00:00:00
8f413a1f9c167b4f6c5f891b6c7c7d27,58431adea9b3704f65eb48603e5ae23d,delivered,2018-01-23 16:09:29,2018-01-23 16:31:32,2018-01-25 17:52:50,2018-02-09 00:32:27,2018-02-26 00:00:00
8b24829dfa451bddb16a1f79eb144d46,d1a0878d67783b124adf8dc580609ce4,delivered,2018-04-28 18:47:24,2018-04-28 18:55:21,2018-04-30 14:44:00,2018-05-02 19:36:31,2018-05-25 00:00:00
6b901164a6a34cde6b892a1a3c549294,e76982cbaf25f467d0a21c39655a54cc,delivered,2017-12-19 10:54:03,2017-12-19 11:13:25,2017-12-19 22:16:18,2018-01-08 22:07:39,2018-02-01 00:00:00
214dc459e6a86173054c659d579491d7,bc853fea82ecd9031832a7ae20162ec3,delivered,2017-11-20 21:15:52,2017-11-20 21:26:56,2017-11-21 23:12:12,2017-12-01 20:11:44,2017-12-14 00:00:00
9d4fe519c77c087d5a1bd73637c5c6bf,d71fe03e7185dd0150aac5381e4afeea,delivered,2018-05-16 06:34:04,2018-05-16 06:52:23,2018-05-16 14:13:00,2018-05-22 17:41:24,2018-06-12 00:00:00
b1f1b53eff2bcb85d584f05835dd8115,177aeb8e2d309fc50ea913b999596971,delivered,2018-08-08 15:15:17,2018-08-08 15:30:16,2018-08-24 14:11:00,2018-08-31 13:06:46,2018-08-24 00:00:00
26526add9da95bea7b977eff1d40d11b,1e9ad002812017f0a6cc88057e7cca9c,delivered,2017-05-11 23:13:23,2017-05-11 23:22:23,2017-05-12 14:55:37,2017-05-24 14:48:52,2017-05-31 00:00:00
37ce508071e29f853c9a6af4fb9be089,c35bfff6450d64d4deb072a336ee5d33,delivered,2017-09-21 22:22:09,2017-09-21 22:35:23,2017-09-22 16:51:30,2017-09-27 18:04:33,2017-10-13 00:00:00
42ecffa63ae6c06d836e17fc3a525c14,62d8a57ea89e7161a0dc95a089d327fb,delivered,2017-11-13 18:05:28,2017-11-13 18:15:43,2017-11-21 21:49:06,2017-11-23 21:33:24,2017-11-27 00:00:00
d22567ff9749170e14c7485e02c1ff3c,9883a8a9a4eee71337503a8374f0f786,delivered,2018-08-27 16:57:10,2018-08-27 17:10:29,2018-08-29 15:03:00,2018-08-30 18:57:56,2018-08-31 00:00:00
50501e525eae308e75363c0606adb973,11943259dfd283f8c9495db75d4e56df,delivered,2017-07-29 00:24:16,2017-07-29 00:36:31,2017-07-31 17:49:58,2017-08-03 16:08:03,2017-08-18 00:00:00
ff3d6fd1b0c2dff1989ae3e6841498bf,85d5d470017e7092de13058492ce9507,delivered,2018-06-26 11:52:13,2018-06-27 09:56:03,2018-06-27 08:59:00,2018-07-02 10:03:13,2018-07-19 00:00:00
38c0ff8cba12452ea772d687ec01ad56,b67cb8c5de80a8934f7c8394c9ec3af4,delivered,2017-06-12 22:07:23,2017-06-14 02:25:27,2017-06-14 15:15:32,2017-06-26 14:04:08,2017-07-20 00:00:00
8635ed3e0c954b79a025272350785b49,f8fa3c7d2eedd1a1bd9b591b89a2ac41,delivered,2017-11-13 16:43:02,2017-11-13 17:08:34,2017-11-16 18:51:49,2017-11-27 15:57:00,2017-12-04 00:00:00
7410535fe6a922518e4f862208c066bf,c8b7d6f94ed82f63ec835ef1af699c1f,delivered,2018-05-02 19:53:21,2018-05-02 20:53:46,2018-05-17 14:19:00,2018-07-12 12:02:06,2018-05-23 00:00:00
adf1f47be859a7ab0340baff8771f678,edd1ecdbe06a18e4d396ad758d6d548c,delivered,2017-11-09 18:01:25,2017-11-09 18:10:31,2017-11-14 15:42:25,2017-11-24 18:17:13,2017-11-29 00:00:00
d35303da51fb552fc8fff1ff2757e44b,175695533829b464c7dc6ef7e8bed003,delivered,2017-02-07 17:16:26,2017-02-08 03:10:41,2017-02-09 04:12:04,2017-02-15 16:32:19,2017-03-20 00:00:00
6a8ead05c1fec9733ff10c379faa4e59,4a431d029dddd37ca7cdc62e65e15c89,delivered,2018-05-14 08:41:04,2018-05-14 08:55:32,2018-05-15 12:00:00,2018-05-21 18:42:49,2018-05-29 00:00:00
bc6e64a497c7dfd9468e41c742b09c6a,c0c10f8f4f261f41011eec939e677f6f,delivered,2018-04-30 18:55:16,2018-05-01 02:11:06,2018-05-02 14:20:00,2018-05-22 20:03:04,2018-05-28 00:00:00
f1462e755e6dad34d26392c0715bfdab,190a811c6565fb843575352f492144df,delivered,2018-03-10 10:09:00,2018-03-10 10:28:04,2018-03-12 23:40:47,2018-03-16 18:12:06,2018-04-03 00:00:00
abbc50a1e07d19c76cbcf0b649796bb7,7379ccc79f4f9651e5b35523dac6675c,delivered,2018-07-31 21:42:35,2018-08-01 03:31:40,2018-08-01 15:47:00,2018-08-03 18:48:28,2018-08-10 00:00:00
65a6146689b83878d498e1a7d03782c7,da4cc8456680d5049f400002411f7009,delivered,2017-07-01 14:17:22,2017-07-01 14:30:10,2017-07-03 13:26:58,2017-07-07 16:48:42,2017-07-27 00:00:00
9b4ea4ff8f51f91557fd6448e909cf81,c900b2707ddd00c2ba5fcde30c52ee8c,delivered,2017-06-18 12:16:28,2017-06-18 12:30:21,2017-07-04 11:06:37,2017-07-18 13:38:31,2017-06-30 00:00:00
600ad056fd4fece16dcfaf524b4b9eee,324a03d3463a4457378b8811ff8077b4,delivered,2018-02-15 11:23:40,2018-02-15 11:35:30,2018-02-16 23:09:21,2018-02-19 14:58:48,2018-03-02 00:00:00
683f4ccd4837332d59bedc4522fb0755,f9c41a56147b0426b032c3264bb0223e,delivered,2018-01-16 15:39:58,2018-01-16 15:50:44,2018-01-17 14:56:33,2018-02-08 18:48:55,2018-02-09 00:00:00
5349e2710de7e91456348b102a890e1d,ff9ed492823cfd0166ab871b5b3ec483,delivered,2017-06-02 08:29:59,2017-06-02 22:45:14,2017-06-12 11:17:54,2017-06-12 17:04:54,2017-06-16 00:00:00
ed0b1b983f9bd6988b9865f7e774b885,59740caad82b963e3c037c27395d042d,delivered,2018-01-21 17:11:05,2018-01-22 13:55:01,2018-01-27 15:58:46,2018-01-30 22:04:32,2018-02-06 00:00:00
c2247ce3e3a6ca4c1db27476588f6a58,7b70735604ad64fa82a7dd141ccfc50c,delivered,2018-04-21 21:42:35,2018-04-24 19:04:46,2018-04-24 22:26:43,2018-04-27 15:08:37,2018-05-17 00:00:00
97a2cf1bcffc778d8661d305a6d344f9,22d272b91aefe41f2a449372151f629e,delivered,2017-09-14 15:46:39,2017-09-14 15:55:17,2017-09-15 19:13:39,2017-09-19 18:19:36,2017-09-27 00:00:00
1c19fe562ab8176385b8e5fb6566aea2,06d99479baac3413561b21bd7ac27767,delivered,2018-05-02 22:40:22,2018-05-03 00:30:38,2018-05-03 14:50:00,2018-05-07 19:26:36,2018-05-18 00:00:00
ff2635a956565ccce72d295a39423aea,efff687fea6826a9f3929ab073adec01,delivered,2017-11-04 23:17:13,2017-11-04 23:30:25,2017-11-06 14:53:02,2017-11-17 19:22:40,2017-11-29 00:00:00
ee817f9b5a460a02a218d34e1b6ac26d,dd775419344695651f23cdb9be218cd1,delivered,2018-06-18 15:05:58,2018-06-19 03:57:08,2018-06-19 13:17:00,2018-06-22 19:32:31,2018-07-11 00:00:00
27d9d312e04f1893b26836442d680000,56041b9a34fcdf3368352cbb4fa67432,delivered,2017-07-04 13:27:14,2017-07-04 13:43:49,2017-07-05 09:14:09,2017-07-11 16:12:52,2017-07-26 00:00:00
80f65dca1a0629872658ec11d1085d28,490880737177669393b6d791183fdb72,delivered,2018-02-11 14:17:23,2018-02-11 14:48:16,2018-02-16 18:46:29,2018-02-21 22:53:27,2018-03-07 00:00:00
8459ae3222c7c867da73360e787fce4e,fe1160e1034d8af38b00708201370cd8,delivered,2018-02-28 13:25:59,2018-03-01 11:14:35,2018-03-03 01:32:02,2018-03-13 21:56:49,2018-04-03 00:00:00
689338a5ff7fc20c596ee2695dfac8c3,2254b94e0f630fbf407e03563b0747c5,delivered,2018-01-21 16:34:52,2018-01-24 08:31:52,2018-01-30 01:38:31,2018-02-04 10:08:55,2018-02-14 00:00:00
2f54db7250b3463f57049dc32ce4ff93,44d362ea0df5a265f0c1849be71794d5,delivered,2018-06-24 22:16:41,2018-06-24 22:38:23,2018-06-26 09:40:00,2018-07-03 16:14:45,2018-07-19 00:00:00
c4935bcfe1d63ab17b37fac83c9f05b8,bb0fa453b48c8f4c9a4b461f14123095,delivered,2017-07-15 09:42:52,2017-07-18 05:50:33,2017-07-20 21:13:20,2017-07-21 22:55:47,2017-07-31 00:00:00
edcae211fcaaccf2cfd426f297ebd700,fd646e095aeb71e4fe6669efdf04fd53,delivered,2017-02-13 18:38:38,2017-02-13 18:50:08,2017-02-14 15:07:37,2017-02-22 11:19:04,2017-03-17 00:00:00
437dbe46155da24f92d6b155899315b8,5dce98bda89783dccab4fa1ed6ffc28f,delivered,2018-07-28 13:11:13,2018-07-28 14:30:29,2018-07-30 08:50:00,2018-08-10 15:03:01,2018-08-24 00:00:00
0c5c644d05d605a6778e47d43a1185d2,568e5d6c0fe4a7913f4a40a09af904e6,delivered,2017-04-29 17:42:18,2017-04-29 17:50:13,2017-05-04 09:15:42,2017-05-16 09:34:48,2017-05-25 00:00:00
25de47610b1fe93d066d999828c0fe57,11370ea4b3f9179755b40b090ff69cc2,delivered,2018-03-16 12:03:48,2018-03-19 10:14:45,2018-03-19 20:14:41,2018-03-21 22:08:38,2018-04-04 00:00:00
d5d287f2402efa84433646638d83ffef,2e2a78932fdc2466f0e91fe4d86cd302,delivered,2018-06-28 22:35:31,2018-06-28 22:49:52,2018-06-29 13:40:00,2018-07-03 08:57:53,2018-07-18 00:00:00
4b6a69ab5ba578e5193deeffcf9d0f7a,eb24a2625cee3e242ef9c9e422a4b0a0,delivered,2017-05-23 22:12:58,2017-05-23 22:22:38,2017-05-24 09:49:02,2017-05-29 10:52:05,2017-06-19 00:00:00
e5246a33b7ee0e4b0be573c4406b5ee9,bf0005fd4c56f911e047c23806d5a3d8,delivered,2017-08-06 17:44:47,2017-08-06 17:55:14,2017-08-07 15:17:46,2017-08-23 21:48:03,2017-09-06 00:00:00
22fa8082b517d09f9120e84f11fbf3bd,53e8ebe090be91e51e6dbb3f0d191ba5,delivered,2017-05-09 17:19:12,2017-05-09 17:30:24,2017-05-12 19:36:07,2017-05-18 08:15:46,2017-06-08 00:00:00
a03dd4329530db7fc4201347345864c5,90dfcc00d7ff2daeab34bb3790a0e462,delivered,2017-12-01 10:57:07,2017-12-01 12:31:34,2017-12-07 17:36:00,2018-01-11 19:07:04,2017-12-29 00:00:00
52dfaf3e430903d40571c0eb44d324b5,c778549cf25c2a4fb1b3a5e1874c91e9,unavailable,2017-02-16 20:55:53,2017-02-16 21:05:16,,,2017-03-15 00:00:00
375e959b0c2a17fef2be1bdaa03fa1b6,98b342e461bd12ba581cfc6aa6b5f120,delivered,2017-12-13 13:32:27,2017-12-13 13:50:17,2017-12-15 17:42:03,2018-01-15 16:12:55,2018-01-17 00:00:00
3ebbf40c93199bd38c2b821855ab1800,6249709637eaa28557e42c0197951cb1,delivered,2018-01-24 14:30:06,2018-01-25 02:58:11,2018-01-25 22:17:36,2018-01-29 15:46:04,2018-02-08 00:00:00
dd8d09b566d888014b27cee17809db12,b6276df95df35217a8d92ccc5ea93d69,delivered,2018-02-08 16:56:31,2018-02-08 17:29:53,2018-02-16 00:42:40,2018-03-01 13:08:34,2018-03-06 00:00:00
5afde427b56e7f939052c2f2e54c628a,81f26f08d7362e24779a1f097ff2a997,delivered,2017-12-28 16:03:56,2017-12-28 16:09:20,2018-01-02 18:34:04,2018-01-08 20:23:11,2018-01-18 00:00:00
4e873733a6b30b14fa37d7fa9d38a213,352f4e1ee3195dc6f4e4a906afaeeb3a,delivered,2018-01-09 19:16:48,2018-01-10 10:31:35,2018-01-12 21:07:01,2018-01-15 20:19:06,2018-01-26 00:00:00
18279a656ac308b75f99ed16ed347192,119a09b54964ed6697e8e8b3937b6859,delivered,2018-06-14 17:08:09,2018-06-14 17:39:29,2018-06-15 13:53:00,2018-06-29 00:38:44,2018-07-11 00:00:00
6f6739449b027efcae27be49edf91911,04dda5c8deb02a801e2f7da84881cedf,delivered,2018-07-02 18:17:05,2018-07-02 18:31:09,2018-07-06 09:21:00,2018-07-12 15:45:07,2018-08-14 00:00:00
6e524001468d26c4e7caca6f22c6fcd8,cd63f1331ec74e1097b0b508703aa00b,delivered,2017-12-24 13:55:11,2017-12-24 14:07:41,2017-12-26 16:56:52,2018-01-05 21:36:45,2018-01-23 00:00:00
ab8d7e03c02e35b89d4eee1dd9ab65ca,263d3314eb124da16668b6968c381690,delivered,2018-01-21 16:42:52,2018-01-22 13:53:47,2018-01-23 19:12:51,2018-02-02 12:19:02,2018-02-16 00:00:00
10c12ecab799c32c29b4df3a203ecaa8,2958f7dccf3976fef64e82ec6d3b562b,delivered,2017-02-08 08:34:04,2017-02-08 08:45:18,2017-02-08 10:33:02,2017-02-15 14:45:40,2017-03-09 00:00:00
3304f260a9b2d280ac64521d3e911dec,9ab6829ab5b95881413d99af140fdf08,delivered,2018-01-22 15:45:49,2018-01-22 16:18:06,2018-01-24 00:56:31,2018-02-02 17:41:43,2018-02-21 00:00:00
a98b1e22983a801f5fdd3deef0cd4b1c,b1a148a61bba3952914af2de990e5493,delivered,2017-05-14 22:26:36,2017-05-14 22:42:27,2017-05-16 09:07:48,2017-05-25 17:40:08,2017-06-14 00:00:00
556ff8bcd5cc9d1737128fc613ce16ad,2872a928c735de2b583371e7b3b37dd4,shipped,2018-07-28 13:20:44,2018-07-30 18:31:40,2018-07-31 14:33:00,,2018-08-27 00:00:00
80f3b3dfb90795a9b5bf61ed8e8df267,789e56ada05b9e9529d5c04adfa90a55,invoiced,2017-07-06 16:39:04,2017-07-08 03:25:25,,,2017-08-09 00:00:00
1e9bf802b8192eb97af61fd92b586471,9b393f101c2a58389bc8c804e560b284,delivered,2017-03-10 21:44:39,2017-03-10 21:44:39,2017-03-14 10:33:09,2017-03-23 13:27:54,2017-04-07 00:00:00
c28ccf873b952bc98490e627a34c60f0,0b6a6db7c5e91f4bfd593b6e78206e6f,delivered,2017-03-11 15:29:09,2017-03-11 15:29:09,2017-03-13 09:55:51,2017-04-01 11:49:45,2017-04-07 00:00:00
661d0bde7291e9a8761e0769cf4d954c,318c507609f1e34e3fbaa0d012e0a3e8,delivered,2017-03-09 22:11:37,2017-03-09 22:11:37,2017-03-14 13:56:05,2017-03-24 16:57:48,2017-04-11 00:00:00
acd45245723df7cb52772a34416b41b1,486ce94ccf26c511ab93d31fefd5de0e,delivered,2018-04-19 19:44:47,2018-04-19 20:10:40,2018-04-20 22:24:23,2018-05-07 16:48:43,2018-05-10 00:00:00
b3b23b94af6255a9c81f8755bdbd6d39,ed39c87d47bcc8c9cb3d809059243da3,delivered,2018-03-21 11:33:01,2018-03-21 11:48:17,2018-03-22 20:32:27,2018-04-03 04:48:40,2018-04-09 00:00:00
f434052bc2203ff466927ada035bbef0,bc68a8c3ad1d8efea8a756fdf987638b,delivered,2017-08-23 23:56:42,2017-08-24 04:10:15,2017-08-24 19:04:09,2017-09-11 16:55:04,2017-09-25 00:00:00
cad9cc97c8f0878b65c04815fb985252,29358874d3323c0216925b21ceb703ea,delivered,2018-07-26 20:21:07,2018-07-28 02:35:10,2018-07-30 14:16:00,2018-08-17 15:56:57,2018-08-20 00:00:00
41bf1169cb9e21c201df1aedbcdb6b1f,eb49614e45790ac166f91bcbcc1a9014,delivered,2017-02-08 17:25:18,2017-02-08 17:35:13,2017-02-09 14:37:47,2017-02-15 10:24:53,2017-03-21 00:00:00
1cd5bf46850066b6dd1321c0680ed93f,51058a70e7b0594b71314346eb64f4cd,delivered,2017-12-01 17:03:26,2017-12-01 17:19:52,2017-12-04 18:07:16,2017-12-06 14:52:28,2017-12-19 00:00:00
2067e6809c31a615c37a470db2e6bf89,7d9692e3a7850c9ce64a089b62a910da,delivered,2018-06-21 14:56:17,2018-06-22 15:00:09,2018-06-26 14:36:00,2018-06-29 15:47:56,2018-07-23 00:00:00
27cbba95b3a45285af049060be4d4d10,8c76130743a337ebd61202a070670616,delivered,2017-02-05 22:01:30,2017-02-05 22:10:23,2017-02-06 11:51:51,2017-02-09 09:24:45,2017-03-07 00:00:00
f4c9ae3260949e6ff7e337d1a722db4d,4a2a3d27dfed43be53231f0f8f55aef5,delivered,2018-04-25 11:41:18,2018-04-25 11:51:58,2018-04-25 14:05:00,2018-05-04 21:56:48,2018-05-16 00:00:00
70983de08035fb49df8fcf1afe6458cd,6fe374dedb4208bfc744290a1df813d6,delivered,2018-05-20 21:28:54,2018-05-20 21:50:37,2018-05-23 14:51:00,2018-06-07 16:26:44,2018-06-11 00:00:00
f8ed26e5b5bcfb0d20833e3996b5e426,c3c004b865c6a674a7b4567088f2dbc6,delivered,2018-07-15 12:24:42,2018-07-15 12:35:14,2018-07-16 14:24:00,2018-07-20 20:51:38,2018-07-30 00:00:00
4233067932385b2d8b301e18e1b75958,7e1c94909b82d667fde37d090d81d101,delivered,2018-07-18 10:14:56,2018-07-18 10:25:16,2018-07-18 14:42:00,2018-07-26 15:51:32,2018-08-08 00:00:00
0c5a4222cc662d4e0ec50de57f1f8b98,708932e8e8ba10ae0e57abe5650ff985,delivered,2018-05-20 20:40:14,2018-05-20 21:01:29,2018-05-21 15:54:00,2018-06-07 22:37:21,2018-06-08 00:00:00
114b220ff080617e99d21cb8549b7433,f3b31ef24fd2dee8c429445b06376351,delivered,2018-06-29 20:26:56,2018-06-29 20:50:14,2018-07-03 07:18:00,2018-07-06 20:27:00,2018-07-19 00:00:00
f8a6d03ed88e47a216d244f20d4333b4,f430542e555e325d0dccbbb8410208a1,delivered,2018-05-16 17:31:05,2018-05-16 17:57:52,2018-05-23 13:49:00,2018-06-07 23:18:38,2018-06-11 00:00:00
936a199847ccb47438d3ae454d5e18d1,8c587eca721e5478cc6bd17ac3e8cb4c,canceled,2018-02-02 17:42:31,2018-02-02 17:52:12,2018-02-05 13:19:36,,2018-03-09 00:00:00
0e8af1a05e9022734d9794c079ebdcf5,fb203e8695c629379d79a400387c8a42,delivered,2018-06-06 13:45:27,2018-06-08 02:56:27,2018-06-12 12:00:00,2018-06-20 04:05:44,2018-07-17 00:00:00
1721eb90ee8c1fb7d6c2f81e8acd2a22,544c28b6508aec0819b39515c115ecc8,delivered,2017-07-03 08:56:17,2017-07-04 09:05:12,2017-07-06 12:12:35,2017-07-10 22:46:49,2017-07-24 00:00:00
0412b784548c0bf8cc35073f13923e2c,d74b39df7717e34ebe07e263211bfe52,delivered,2017-09-26 22:51:24,2017-09-26 23:04:31,2017-09-28 20:06:54,2017-10-11 23:28:48,2017-10-18 00:00:00
393c4be3908441526fd75379ec8a6fdf,d2a1ddd88d7fe00e725ff1b57aa1778f,delivered,2017-06-05 17:05:52,2017-06-05 17:15:21,2017-06-06 13:54:29,2017-06-12 13:17:43,2017-06-27 00:00:00
8ed7cc81e4cdc0a5504230aabfaed110,399e90278e14b9e4e3fd8e094c2c7a26,delivered,2018-01-24 11:03:42,2018-01-24 11:12:38,2018-01-30 16:35:24,2018-02-03 00:58:49,2018-02-16 00:00:00
e9a203017644039168e4c5b62e6ec9c8,7863d0291e39b9afd4f996796f01b811,delivered,2017-09-22 22:31:11,2017-09-26 06:35:20,2017-09-26 15:13:08,2017-10-02 18:13:40,2017-10-18 00:00:00
db89bc4049910bb63611187321f35503,ba71eef961930f37bc2765d86a09c3c2,delivered,2018-05-15 16:27:25,2018-05-15 17:14:52,2018-05-16 06:55:00,2018-05-22 00:29:30,2018-06-07 00:00:00
44b375387a05e8986651d12dd9fde735,1c2b086c2496c2b728a636ea3bc95343,delivered,2018-06-30 10:06:02,2018-06-30 10:30:02,2018-07-02 16:24:00,2018-07-04 21:44:30,2018-07-25 00:00:00
57122ae1510bd4f4e0203ae8dec5eb30,1fa3275d3db9f7e865fff12a76c6d460,delivered,2017-09-26 13:02:17,2017-09-26 13:14:19,2017-09-27 16:52:17,2017-09-28 16:34:39,2017-10-11 00:00:00
36321eba7223a1e5371a446405480aa2,9816164cef05016d195013441165193e,delivered,2017-04-27 00:13:06,2017-04-28 11:46:31,2017-04-28 09:45:02,2017-05-01 10:42:38,2017-06-01 00:00:00
9dd2fd0bc65b8d4b92ff4ab91cab5b28,be3989ffce9034d2e139160793f1db99,delivered,2017-12-13 19:20:31,2017-12-13 19:30:33,2017-12-21 15:37:59,2018-01-09 13:46:32,2018-01-11 00:00:00
0c2bbee72e02611ffd7ba4c1b30b7a18,d3a6688ba3e7d1f5775d0ae9b2992712,delivered,2017-11-23 21:49:07,2017-11-23 22:07:55,2017-11-24 21:51:34,2017-12-02 17:13:28,2017-12-07 00:00:00
24ba7ae4f55da4a0e458233a297d124a,d2918ca869fa701c882e7971ba725bdd,delivered,2018-05-31 21:45:18,2018-05-31 21:55:16,2018-06-07 15:43:00,2018-06-08 12:54:55,2018-06-26 00:00:00
1639cec93b4df0f2fec8601299c7f4c8,fbe5e936200a869da3a98b8bb37584af,delivered,2017-11-30 20:55:26,2017-12-02 20:56:22,2017-12-05 22:22:46,2017-12-18 21:12:36,2018-01-05 00:00:00
3b9671a31679fa4544b9b7a1e55ffe4f,75cf16e96df2157673bf319ebcf83b59,delivered,2018-01-13 13:01:43,2018-01-13 13:12:19,2018-01-18 21:26:23,2018-01-30 21:45:26,2018-02-06 00:00:00
8638ab78e1d77dccdeab53b0720505b3,6c2d0842517df8f1dcb81843c10410a6,delivered,2018-01-24 19:21:55,2018-01-27 02:40:43,2018-02-01 22:26:51,2018-02-08 17:34:08,2018-02-16 00:00:00
8c78d01de3a9009e23d6877a7cc9be20,6cd7106899e59a1fbd0622d5f1efedf4,delivered,2016-10-08 15:36:50,2016-10-08 18:13:44,2016-10-26 11:41:53,2016-10-25 17:51:46,2016-11-30 00:00:00
3f9666fbcb3490ff8c1f0d2b826c32db,7530725b2b86b0988d6a6ed6864e6a67,delivered,2018-07-24 08:02:06,2018-07-24 11:41:48,2018-07-24 14:09:00,2018-07-30 22:03:06,2018-08-10 00:00:00
c0fc5c6702f93ec8646c5404b4147864,6eed4ef57344486d5a44b9b8e23913c2,delivered,2018-08-20 12:14:50,2018-08-20 15:36:05,2018-08-21 14:56:00,2018-08-23 14:46:50,2018-09-04 00:00:00
64e3321a3a685e5fc72f768029201519,eb70b202fb99d261fd9601e633fce956,delivered,2018-02-24 11:14:35,2018-02-24 11:30:29,2018-02-26 15:37:23,2018-03-20 22:07:39,2018-03-19 00:00:00
34c1d5a6ffd6f4ffe32502ec9c156d2b,72e0272d32abfb1cd4b5418770dee89a,delivered,2018-06-08 14:49:51,2018-06-08 16:30:41,2018-06-20 14:16:00,2018-06-27 20:22:31,2018-07-16 00:00:00
128968a8f3d827298b66853b00d1e34e,a59b6960d20e40918470c13e6cefcd7f,delivered,2018-03-16 15:36:26,2018-03-16 15:49:49,2018-03-20 02:14:28,2018-04-02 21:29:03,2018-04-05 00:00:00
890b59a3c92690ae11b0cfe321e979fc,5a3342f212d4ac404bd2f450632d1cf4,delivered,2018-03-09 21:12:27,2018-03-12 16:15:49,2018-03-16 19:19:43,2018-03-31 12:31:54,2018-04-16 00:00:00
b392178525db3323c13bd67d9dee38ff,8144e16e04d00723d22ff69e9c08bb49,delivered,2017-11-03 23:11:29,2017-11-04 23:05:46,2017-11-07 17:03:31,2017-11-13 20:44:46,2017-11-24 00:00:00
5c458a0a24c83bb972feb57ab32e38a6,b893a27f67713b0aeced6c2ec3f91250,delivered,2018-06-02 19:51:39,2018-06-05 03:49:57,2018-06-05 13:41:00,2018-06-19 21:32:16,2018-07-12 00:00:00
ad5ad3658e7ba2b40e80f791dfb3dbb9,b6e3c3e8971322958562758e9e07a522,delivered,2017-06-09 19:00:08,2017-06-10 18:50:18,2017-06-16 15:04:47,2017-07-04 16:16:22,2017-07-26 00:00:00
cbe9e2376e5d8de3c057ed58a638403d,786b132ea5316b4b8ee43854c89e1ff6,delivered,2018-07-03 14:50:12,2018-07-05 16:16:54,2018-07-05 16:56:00,2018-07-10 20:21:28,2018-07-25 00:00:00
04398fd8d888a4857774d982da494987,596040e2523803a2b45f1a403a86be7d,delivered,2017-05-15 14:14:21,2017-05-15 14:25:18,2017-05-17 09:45:16,2017-05-23 15:28:01,2017-06-06 00:00:00
fd6508408ae641784eec9008b9c351d1,cfec05b8c098a72ba2db50395843abdb,delivered,2018-08-05 08:29:26,2018-08-07 04:30:25,2018-08-07 15:30:00,2018-08-13 13:50:40,2018-08-20 00:00:00
c2ca2bb17ed706c909f7011c18b1ba98,596333805ac932042fad7eeb3f2b9362,delivered,2017-10-01 19:37:59,2017-10-03 03:56:32,2017-10-10 18:44:48,2017-10-30 17:52:19,2017-10-27 00:00:00
7b84c60b417905af7d0237310bd48f0b,e04d99995856fdb1172314dbce6e0fc8,delivered,2018-06-11 23:01:49,2018-06-11 23:18:34,2018-06-13 14:19:00,2018-06-28 19:08:39,2018-07-04 00:00:00
e4c412c45813fd2fdd6e1fa72b69425a,03ec2e284072ed26c76280702832ed56,delivered,2018-06-13 11:14:12,2018-06-14 12:58:45,2018-06-14 12:59:00,2018-06-19 00:31:33,2018-07-11 00:00:00
460af70fcd26ef464f2c55c1016e087d,e9b4a782c01f35ec401edd9e1ac9c96a,delivered,2018-03-26 11:49:18,2018-03-26 21:47:31,2018-03-28 16:06:20,2018-03-29 18:42:33,2018-04-06 00:00:00
8e1a74ac241f8a7ba34ae53f37e9fd26,89a45d9c97956e4055d7963a8cd6d81d,delivered,2018-01-11 14:46:52,2018-01-12 14:48:13,2018-01-15 17:18:08,2018-01-24 16:10:36,2018-02-05 00:00:00
dca9c66e66baef1acdb9d05297bf59e3,5db7ba0d9c75f6e67a904e1419cfc183,delivered,2017-07-18 19:24:03,2017-07-18 19:43:14,2017-07-20 15:27:38,2017-08-01 11:07:29,2017-08-14 00:00:00
08688e50bd932bdbd480bb25e55c70de,607157d84f812059eef282a0468bef85,delivered,2017-11-09 22:27:49,2017-11-09 22:46:40,2017-11-16 18:51:25,2017-11-23 18:49:31,2017-12-01 00:00:00
f8765f3bdecd553e63bbc4de833ff8b6,4e2e3f18675718bb133c6de3369677c6,delivered,2018-05-23 08:20:07,2018-05-23 08:39:19,2018-05-25 14:24:00,2018-06-05 21:17:36,2018-06-12 00:00:00
10dcadee7d291d6dd245b3f85b11fa65,87561e05b144fcf7c4c3d641bd57a479,delivered,2018-05-09 08:55:26,2018-05-09 09:10:50,2018-05-09 13:49:00,2018-05-12 18:04:37,2018-05-24 00:00:00
efd0f1ade75c87d48efc34e01b3c0f4f,0f346a2cc84ebb2d52f0759d0acfd030,delivered,2018-01-19 10:31:35,2018-01-19 10:55:34,2018-01-22 21:35:12,2018-01-27 14:41:19,2018-02-15 00:00:00
2b412aeedb11e28a767792c75ae47a1f,e0e5bac5bb3c53c8d9a91aa09b3edbef,delivered,2018-08-15 22:37:30,2018-08-15 22:50:11,2018-08-16 14:52:00,2018-08-21 14:32:57,2018-08-28 00:00:00
3671c63de5b229f79f8ada4644a3d995,ed06bdbc21c55e3174bb8aae5e36366e,delivered,2018-02-20 13:08:44,2018-02-20 13:27:54,2018-02-21 23:38:01,2018-02-24 17:28:53,2018-03-06 00:00:00
972d0ed6eecb690d07910ee2dbaccb19,9f1174fee9ddc446660a9131d5c23923,delivered,2018-02-23 11:15:00,2018-02-23 11:31:04,2018-03-01 18:23:41,2018-03-02 19:08:24,2018-03-09 00:00:00
68f47f50f04c4cb6774570cfde3a9aa7,0378e1381c730d4504ebc07d23b5bda1,delivered,2017-04-16 14:56:13,2017-04-16 15:05:14,2017-04-17 10:44:19,2017-05-16 09:07:47,2017-05-18 00:00:00
2b0e07b3ff6d3a2db9405022edc865c2,a43a79dd4f99afae882ef0a2e89bc14e,delivered,2018-01-18 15:08:15,2018-01-19 14:59:24,2018-01-23 01:21:51,2018-01-31 14:19:10,2018-02-14 00:00:00
1c2fa2bcaa76535eee600e20477b4abf,31919db7a3e7bc8583e81e098f9ba3ab,delivered,2018-04-18 22:32:12,2018-04-18 22:50:42,2018-04-19 17:06:56,2018-04-26 00:56:54,2018-05-18 00:00:00
d31a9548ec43f1d8973413419706be40,90399069cc6b8c165d4ae2da3343e6dd,delivered,2018-01-15 12:19:51,2018-01-15 12:28:21,2018-01-17 18:33:00,2018-01-22 16:52:21,2018-02-08 00:00:00
a3c1394b2224879f15740f0ad33dcd57,02494bca3ed33bad80e43ba0fde023d8,delivered,2018-05-31 22:25:20,2018-06-05 04:35:12,2018-06-05 15:40:00,2018-06-06 16:02:29,2018-06-19 00:00:00
7e725a02a94edf1bb07180293cbb29d9,9d1e06b0ab7ef29fa0e9cea88bdc7eeb,delivered,2018-03-04 15:01:18,2018-03-04 15:10:30,2018-03-08 09:32:08,2018-03-16 11:18:49,2018-03-21 00:00:00
4f2acff0b7d2bcc4a408abe5a223d407,d67b6cca5a87299f711a6961f579fe67,delivered,2017-08-01 16:31:35,2017-08-02 02:50:25,2017-08-03 14:36:34,2017-08-09 19:56:50,2017-08-23 00:00:00
6c582a1d03722135e181ae0c4203ef71,34b85936523200df09ab375fb82175aa,delivered,2018-01-04 13:23:57,2018-01-04 13:34:27,2018-01-10 17:22:13,2018-01-18 18:09:50,2018-02-01 00:00:00
977eb5dc580cec4f90911b1ccac0ff3e,8f87340ea014a53bd7d10d0264ef8b52,delivered,2018-01-23 11:46:53,2018-01-23 11:59:26,2018-01-30 21:42:45,2018-02-15 20:06:52,2018-02-19 00:00:00
9eafd3f1b3f845e19e6aa8779283d285,ed01b54d3ce6d0440a60e1094c87d7ea,delivered,2018-05-07 16:02:46,2018-05-07 17:31:04,2018-05-08 14:40:00,2018-05-18 17:06:32,2018-05-29 00:00:00
71ba7b3f5aca19e723b21de8b67fc3a3,58d9fce5ebd487e6742960be2147af5b,delivered,2018-01-31 22:52:16,2018-01-31 23:10:04,2018-02-01 19:34:34,2018-02-05 20:41:30,2018-02-16 00:00:00
6f8b0c86311ec8c9e1558eff54965728,5bb2636017269333db235dbff660e595,delivered,2018-06-11 11:13:35,2018-06-12 05:16:00,2018-06-12 14:24:00,2018-06-19 17:10:34,2018-07-16 00:00:00
101e824cbbf87e5511fcdb89150363d1,eea014c782415250bdc329e49382557d,delivered,2018-03-06 01:42:29,2018-03-07 02:10:29,2018-03-08 01:09:53,2018-04-09 16:48:41,2018-03-29 00:00:00
8fcd6f089f547fd8258eb300d6b560da,83ab7b6e3ee453b2e3a11d072e5bca61,delivered,2017-02-15 13:44:50,2017-02-15 13:55:21,2017-02-16 13:18:54,2017-02-22 13:50:59,2017-03-16 00:00:00
1c8b5a1518e3fa1ce5ad4e40ae664998,41717d975c5bf79364cf4a4c73461ed2,delivered,2018-03-14 10:03:18,2018-03-14 10:15:40,2018-03-14 21:32:25,2018-03-28 18:03:29,2018-03-26 00:00:00
c4bca20f52c2d6a327cdae08b535cced,8def3efb30406813d14603306f520d99,delivered,2017-07-21 09:28:29,2017-07-21 09:43:06,2017-07-26 11:15:54,2017-08-02 19:09:54,2017-08-16 00:00:00
87b11e8650942d90851905d1bebae8d1,6c6188669dc1f7300b57fe0fe378d24e,delivered,2017-09-19 07:53:29,2017-09-19 08:05:56,2017-09-20 20:22:21,2017-10-04 18:58:02,2017-10-13 00:00:00
98ff4145b11d1c215563ee9ca819f5da,44817a7e295559061d5039eca7fef837,delivered,2018-02-28 16:31:28,2018-02-28 17:41:18,2018-03-06 19:22:05,2018-03-19 22:57:44,2018-03-19 00:00:00
627117aaaacdcc6f1baf9e5c1c3cd26a,0c5391131aba8ccabf382480bb3bf660,delivered,2017-06-03 13:21:52,2017-06-03 13:35:09,2017-06-05 14:08:05,2017-06-12 13:04:43,2017-07-04 00:00:00
42ba12b4f475fa439830ed994ad57b96,120d8152329c73cf1c57b20b55a0d6db,delivered,2017-09-08 12:49:00,2017-09-08 13:04:07,2017-09-11 19:50:00,2017-09-12 16:25:55,2017-09-21 00:00:00
a5c7e6bac2227411fff0d646ffdef74c,3c9a270080ee810c3d766c0ef3868bd9,delivered,2017-05-31 12:45:31,2017-05-31 13:11:03,2017-06-01 12:53:55,2017-06-12 11:57:59,2017-06-23 00:00:00
31f9d6ac65559c258f1992bd34d10e02,b612bd8d705ec705c7b05c06af456a4f,delivered,2018-01-21 14:16:55,2018-01-22 13:50:56,2018-01-23 17:13:33,2018-01-29 20:21:45,2018-02-20 00:00:00
cf8c5625d28a00a4d93cb05f30a0eead,865258f69d1c08aefff813050c4d7afc,delivered,2018-01-07 23:43:28,2018-01-07 23:50:23,2018-01-16 21:26:35,2018-02-01 21:33:01,2018-02-14 00:00:00
c887294d29ae18c8f8cdfa478a4a36b2,7a4f8eaebcf61c55ecc1812c83311787,delivered,2018-05-18 15:30:17,2018-05-18 15:55:42,2018-05-18 16:10:00,2018-06-06 19:26:46,2018-06-06 00:00:00
ec5542a8bc5944e2401ce66b372fcffa,5c3f787f9f65d352f896f5ddec1e4403,delivered,2017-09-21 12:44:36,2017-09-21 12:55:15,2017-09-22 18:32:02,2017-10-10 23:48:03,2017-10-20 00:00:00
147e2f8c0ffbecad4e4f91268c28e1ce,d3694e655c88a73ce66c2d05d65de12b,delivered,2017-04-06 14:47:48,2017-04-06 15:03:06,2017-04-07 14:35:39,2017-05-09 10:20:18,2017-05-12 00:00:00
8d6fb99c2755b4e2d421c15398cb37d1,a09bc5e0bf00f02162fc11c5ba76ae72,delivered,2018-05-04 20:40:19,2018-05-04 20:54:08,2018-05-07 11:18:00,2018-05-28 17:51:53,2018-06-04 00:00:00
35db1acf6c0b27307bb8a083f564257b,bfc72a2484f86769c79f6f01a1a6b061,delivered,2017-06-13 14:52:23,2017-06-15 02:45:24,2017-06-16 14:09:42,2017-06-22 16:18:19,2017-07-06 00:00:00
e2a6b0a5726eb784ad4d8281e02ff025,cf7ce922150eda8741cc086fa1ba721b,delivered,2017-06-26 14:49:41,2017-06-27 04:23:12,2017-06-27 13:05:02,2017-06-29 16:57:40,2017-07-11 00:00:00
d384b1c62ae84499639bcfbb3f9f8116,e310e666970986357165e676910017f7,delivered,2018-04-08 09:21:58,2018-04-08 09:30:21,2018-04-09 17:41:48,2018-04-19 17:06:51,2018-05-03 00:00:00
a60c6548ab8ab949bbfce006f7b8a513,afd83d05ef70ea7d5f93796e688ebb0d,delivered,2017-02-10 12:53:44,2017-02-11 02:55:45,2017-02-14 11:11:24,2017-03-03 13:05:52,2017-03-27 00:00:00
8f5fac100b291e3c7c7c34ca50001b5a,af864470ba760a89366432dd93980806,delivered,2017-11-30 09:01:59,2017-11-30 09:13:27,2017-12-01 00:03:40,2017-12-05 20:38:46,2017-12-20 00:00:00
e93fe3b7d6cf93d390620d65c8d98e68,dde1f7684ab290fb436ac60f0b33a6a4,delivered,2017-12-18 11:07:27,2017-12-18 12:45:26,2017-12-18 20:42:16,2017-12-23 14:32:20,2018-01-12 00:00:00
4424106c5b68a52e3c47371526b4a264,0fc58fd3e7d793da0de9dadc042c3259,delivered,2018-04-10 19:29:38,2018-04-10 20:30:19,2018-04-13 22:25:20,2018-04-23 18:50:53,2018-05-18 00:00:00
526404bb2c3943e843e39ff556ce5f71,3fff0b30168471f40305903a717a1a17,delivered,2017-12-27 15:34:00,2017-12-27 16:09:58,2018-01-03 17:47:09,2018-01-11 18:15:13,2018-01-30 00:00:00
e66cc852b36edb438911a0865e65ed40,a9bbe65645502479db214ff9ea506e25,delivered,2017-04-28 12:23:56,2017-04-28 13:05:29,2017-05-04 16:07:42,2017-06-02 12:48:02,2017-05-24 00:00:00
b0c9b865f0a55ad23c74dea02e570349,060011f2db60964bc59850b81b148351,delivered,2018-04-19 16:53:53,2018-04-19 17:07:34,2018-04-20 22:08:43,2018-04-26 20:12:16,2018-05-07 00:00:00
c3f5604968d8dd5686a261e2ff17cb96,7b4bdf82b4991c98ec43c904139f5190,delivered,2018-08-03 10:21:35,2018-08-03 11:00:14,2018-08-06 16:55:00,2018-08-22 16:32:18,2018-09-20 00:00:00
2e95196ae337c5a2956c332bb1fc0a7a,2b9b0a1c181f767e11f646be504aa858,delivered,2018-06-26 13:37:09,2018-06-26 13:56:11,2018-06-28 18:08:00,2018-07-04 21:03:39,2018-07-13 00:00:00
5df7dfc7f38c7633632be959cc9bb879,059dfc6c74bcf83ff77081e773ac1631,delivered,2018-03-19 10:53:45,2018-03-19 11:15:22,2018-03-21 21:37:35,2018-03-23 00:34:32,2018-03-29 00:00:00
b8ca5c17e73529b3e763b42b5e1ad575,e21140b243e65c32bc3d57f01ee1b30c,delivered,2018-07-24 15:31:22,2018-07-24 15:44:22,2018-07-25 14:49:00,2018-07-27 17:34:29,2018-08-09 00:00:00
6779326a03f96624c0f23a80b2d4d2e4,2c29a778bcb425a870da78fe671342a3,delivered,2017-11-08 19:32:17,2017-11-08 19:47:11,2017-11-09 17:24:48,2017-11-20 18:03:34,2017-11-28 00:00:00
accddd3ce343b9c4a7ad6d49ecc3c3d2,c8ed2b9476c21e4cfffa0dc1cff1d3a9,delivered,2018-08-09 18:31:58,2018-08-11 02:35:26,2018-08-13 15:43:00,2018-08-20 23:45:36,2018-08-16 00:00:00
1bb74bdf991ecc937ab8901c6b412a24,f72224709e8bef3430441583b08a2d64,delivered,2018-06-14 17:16:15,2018-06-14 17:39:48,2018-06-15 12:23:00,2018-06-20 20:54:53,2018-07-04 00:00:00
2c885b285dce307562d7f4caae89c6dc,1028ae318a4846d5f21db7dd749f2ee3,unavailable,2017-09-07 07:46:20,2017-09-07 08:03:28,,,2017-09-26 00:00:00
3d7ee397cbe71826e767837af0d81c2a,7ece2b3ab3eb5f52ad14de91dafb5c65,delivered,2017-11-27 11:34:56,2017-11-27 11:54:56,2017-11-29 21:07:10,2017-12-27 18:25:02,2017-12-15 00:00:00
9dd2846e2fd754eb21361544d11a1d71,94bf85e979a2e6245f0cdf848a859676,delivered,2017-09-05 16:55:15,2017-09-05 17:05:15,2017-09-21 13:34:38,2017-09-26 18:33:46,2017-09-22 00:00:00
cabba97967d16bac380c32035936467e,2dd070ec536d3e8a9fa57943bfb994cc,delivered,2018-02-16 13:56:07,2018-02-16 14:06:50,2018-02-20 12:04:15,2018-02-27 22:59:23,2018-03-08 00:00:00
338fe34bc3c6875bdb7981bfb5a53b26,057db29b6b62733f807c88f2faeb1f39,delivered,2017-12-01 20:33:56,2017-12-01 21:24:04,2017-12-04 16:52:04,2017-12-15 18:48:03,2018-01-03 00:00:00
d84d29e12f989c8237aa0f2a2213168e,d9586db48229578debeab901fc8be467,delivered,2017-06-02 11:57:14,2017-06-03 02:22:39,2017-06-09 10:46:41,2017-06-14 15:17:00,2017-06-28 00:00:00
4b09eff002dc4f137082d6391f5fefda,125d13d4fc24624c5dc40b67c1dbaec5,delivered,2018-06-01 17:03:27,2018-06-01 17:15:15,2018-06-18 13:32:00,2018-06-26 17:46:32,2018-07-19 00:00:00
03f948b381187f1aab320e84e7be949e,3d1b213b4f9d6a6aa1cff9e5ae6a9c0d,delivered,2018-01-27 19:40:57,2018-01-30 04:31:15,2018-02-03 00:26:19,2018-02-07 19:19:39,2018-02-14 00:00:00
9fe32da158d0f7c1adb336ad3b69839b,3798322b28e44851698f319a8471fe5f,delivered,2018-06-12 16:09:32,2018-06-12 16:51:02,2018-06-14 14:23:00,2018-06-15 21:24:36,2018-06-21 00:00:00
a3780280bea9cf5034c0d8834b206fde,6038a8e8039d115a4ceaccaf98160d07,delivered,2017-12-20 23:56:36,2017-12-21 00:10:46,2017-12-22 20:33:08,2018-01-09 16:44:29,2018-01-18 00:00:00
61839bad7238b99a645d22f47028722c,07af2b5f94948733e7e9bf819c3d25ef,unavailable,2017-10-06 20:05:06,2017-10-06 20:25:23,,,2017-10-24 00:00:00
bb33713436d6ec837ca0f59cd16955fa,12716f4ea1ffefdc84b026a370d0b7ff,delivered,2017-08-15 10:37:38,2017-08-15 11:04:22,2017-08-15 16:04:02,2017-08-23 16:43:01,2017-09-06 00:00:00
e43ed2b08857c6ddca4d7337c055debc,1c1c50c228d99f7333c9c075557fe448,delivered,2018-03-14 17:02:48,2018-03-14 17:10:43,2018-03-15 20:32:30,2018-03-26 17:22:37,2018-04-04 00:00:00
0499c7fe87611ea8ba76fc6ddceaad0e,a4cc4219f6af8bca6fa018f03aa054ac,delivered,2018-07-30 11:52:30,2018-07-30 12:05:13,2018-08-07 08:44:00,2018-08-13 19:38:33,2018-08-16 00:00:00
d522f96f6e68d83b5ee9a2e4fc2432b0,ea7182ed87b1f092cf7724f823308294,delivered,2017-08-13 15:55:21,2017-08-14 16:05:12,2017-08-15 19:02:58,2017-08-16 17:33:36,2017-08-25 00:00:00
490b4a17364f3c7de5877ba86082139c,04ea46c7546b44f82ec3096ddaa941ca,delivered,2018-07-19 21:16:13,2018-07-21 04:05:11,2018-07-23 13:07:00,2018-07-30 17:48:34,2018-08-09 00:00:00
5ff8bece1ba3adcb585b884358bb9917,5a484fb97bcfd090eb27cf27f23c3f0f,delivered,2018-08-06 20:09:22,2018-08-08 04:45:05,2018-08-13 14:24:00,2018-08-17 00:34:37,2018-08-15 00:00:00
85728ab380c0bb7e1c0f5f26d1e48cd3,6634a05c21ba8cc1b041d1793dd8100a,delivered,2018-01-08 18:43:10,2018-01-08 18:54:30,2018-01-09 16:18:58,2018-01-18 00:42:28,2018-02-06 00:00:00
914b6a66a8869f4e544071994451822b,ad12d6feaa37e9500ae0eb825bf9358c,delivered,2017-06-10 19:03:03,2017-06-10 19:15:16,2017-06-13 09:10:15,2017-06-19 19:27:40,2017-07-13 00:00:00
e4774d4c3b28de27487f1caa9de5a6f5,7820fb76c321c0ad6ffe4eb9fc1e5af6,delivered,2017-01-20 17:23:00,2017-01-24 03:35:24,2017-01-31 16:09:56,2017-02-10 16:34:57,2017-03-02 00:00:00
56ed02af90f688d10a65b08ce598bb21,4d1717454686116ca5d1f153ca5baae1,delivered,2018-05-20 22:35:12,2018-05-20 22:58:22,2018-05-22 10:46:00,2018-06-08 20:03:50,2018-06-06 00:00:00
a8f1f10558180d8aebf3fc5550f853a2,bdaa75489c4822902151a3dce16288cb,delivered,2017-06-19 09:46:15,2017-06-19 10:03:32,2017-06-19 20:52:33,2017-06-30 14:57:53,2017-07-11 00:00:00
bd5cbf5e78a2aaafc9f6315090775f69,7ac29e52c40d54abea07c4ed255895c6,delivered,2017-10-04 14:04:56,2017-10-05 14:14:33,2017-10-11 15:44:56,2017-10-17 16:36:34,2017-10-27 00:00:00
44979e484e687b4245460b7b784d9060,36fbdf474dbc8289005a4112091225ab,delivered,2018-05-09 11:56:23,2018-05-09 12:15:17,2018-05-09 15:28:00,2018-05-15 21:26:35,2018-06-04 00:00:00
fd566cfe4efd75cdc3ac93a0e1010248,92fd2dbb19fd39ea00de6be68a726ea9,delivered,2018-08-02 12:05:26,2018-08-04 04:10:41,2018-08-06 14:34:00,2018-08-09 18:36:39,2018-08-14 00:00:00
92ad41ab284aef4e8500e91e427ba943,b0d8ffc1f570fed9489662b5a0378bd9,delivered,2017-04-21 14:22:09,2017-04-25 08:25:14,2017-05-09 10:23:17,2017-05-15 14:04:45,2017-05-29 00:00:00
ca8fa06463178aadc41f6b9422647f50,dd69dd5948a82041fef994c31cecd78d,delivered,2018-04-19 16:55:56,2018-04-19 17:10:21,2018-04-23 21:21:56,2018-05-02 22:07:00,2018-05-28 00:00:00
3f41f3048b0987af5338a7f006741d2a,bb4f1c5265a284f27dd8e6568369eb96,delivered,2017-10-07 11:13:27,2017-10-07 11:28:22,2017-10-13 16:38:08,2017-10-16 21:56:39,2017-10-25 00:00:00
3830e6067665c6a4bf2cc393fae31996,7491318eb8eb374b87259c25a9b2e024,delivered,2017-03-27 13:14:39,2017-03-27 13:25:10,2017-03-28 11:07:07,2017-04-04 13:08:26,2017-04-28 00:00:00
a81957953164f65e49dd6af3972b9db5,607cac3b738f3e37909b517901df2e85,shipped,2018-05-31 12:58:38,2018-06-03 11:30:34,2018-06-04 14:55:00,,2018-07-23 00:00:00
a45d988c5f5764f548ae6fa14a8ee773,399cc941c7a8a325c3c3bd68f9aeeee9,delivered,2017-10-26 08:50:37,2017-10-26 09:07:43,2017-11-08 22:56:48,2017-12-01 19:24:39,2017-11-28 00:00:00
f31b8a3ba0d40cba425c9bd89c69a3e7,1f50abd4b365778f654d8ef95952c1b7,delivered,2018-02-28 00:38:04,2018-02-28 00:50:23,2018-03-06 18:11:45,2018-03-07 20:19:16,2018-03-22 00:00:00
8275a8137ae9dfb14ecb5307ea797413,d3c1d56a51432da29ad51ae084d90275,delivered,2018-06-03 02:11:33,2018-06-03 02:32:09,2018-06-04 11:06:00,2018-06-11 20:41:46,2018-07-27 00:00:00
7a4df5d8cff4090e541401a20a22bb80,725e9c75605414b21fd8c8d5a1c2f1d6,created,2017-11-25 11:10:33,,,,2017-12-12 00:00:00
312f43273284b7ab987d5bc4d880d5ef,dcfcc8796b47089b9fb9d73e06011085,delivered,2018-07-03 20:17:22,2018-07-05 16:27:45,2018-07-04 13:01:00,2018-07-09 15:40:50,2018-07-27 00:00:00
dd1195b0c8bec457f3682d13dae7ac55,7303cd164266e5bbf1368b21cd4e79ed,delivered,2017-03-16 22:44:23,2017-03-16 22:44:23,2017-03-20 11:53:45,2017-03-25 10:53:45,2017-04-04 00:00:00
da9e49f2e3064ed64f05c5f9e32ec773,5f932996c6408714b55c073f7fd7fb69,delivered,2018-01-28 20:46:50,2018-01-28 20:56:19,2018-02-02 00:43:07,2018-02-05 17:43:12,2018-02-14 00:00:00
0dbd8f8a36f6705bcd98717af943018b,2490d3258154e0aa83eeb1f3bc76a75a,delivered,2018-06-07 14:12:18,2018-06-07 14:37:39,2018-06-11 11:38:00,2018-06-16 00:05:50,2018-07-13 00:00:00
1a076ebf5225e2c21de6fad7c324ddec,8b9da83aab7e0dd9a053a6c11aead43a,delivered,2017-03-08 19:20:28,2017-03-08 19:20:28,2017-03-14 09:04:13,2017-03-23 18:06:19,2017-04-10 00:00:00
3307fa374be3286d440dcd94dd5d2831,1a709e5cee4949834d57464dd9c13d22,delivered,2018-07-24 21:26:25,2018-07-24 21:44:18,2018-07-26 14:56:00,2018-07-30 17:58:45,2018-08-13 00:00:00
f027a72924b60764c1856fdd63de5316,01570eff130cb5aeca5e6ddc6c14a6ae,delivered,2017-10-05 14:37:27,2017-10-05 14:50:27,2017-10-11 20:37:41,2017-10-18 20:54:51,2017-10-31 00:00:00
3fc0323af515c9e4dba71c703ac3d011,97fac1c82c1a0f35c27b46a09e820c9b,delivered,2018-03-11 16:43:50,2018-03-11 18:40:39,2018-03-15 23:22:38,2018-03-20 22:59:35,2018-04-10 00:00:00
7416fee595e25348b79a5d82a55c725d,4ff01dfee89511e08ce1605b08142cb8,delivered,2018-03-19 11:43:13,2018-03-19 11:55:32,2018-03-21 19:16:35,2018-03-31 21:08:41,2018-03-29 00:00:00
818d0c9b3531cc8ccfbaf8c6efb8f17f,9affa06fd4ae5b70c4d18dc57affa932,delivered,2018-03-22 12:34:19,2018-03-22 12:49:45,2018-03-23 18:28:46,2018-04-04 20:42:12,2018-04-10 00:00:00
56dc0181ea630588eb17a1449955f57e,ec2e3f8a0268274734de9673e6915dd8,delivered,2018-04-23 21:49:08,2018-04-24 18:38:55,2018-04-24 20:36:27,2018-04-25 21:17:58,2018-05-10 00:00:00
ffc22f2404e3490516c9a03e88da4507,127464f7c2d53e47eb1c8b0566b7e78f,delivered,2017-11-05 23:33:03,2017-11-05 23:47:11,2017-11-07 22:23:54,2017-11-16 21:25:51,2017-11-28 00:00:00
844ec50f4de4b51c2905edc92cfff82d,c231d1c8dfe0c0c263f5276e21a21545,delivered,2017-11-24 08:39:30,2017-11-25 04:30:55,2017-11-27 20:36:32,2017-11-28 23:41:34,2017-12-08 00:00:00
638c9cf27361e5d5ebfd404b72248390,f0a8aa77e0c61d91b2021d1d63b60e42,processing,2017-03-14 22:01:28,2017-03-14 22:01:28,,,2017-04-26 00:00:00
ed2ea4498bcd56d90d461a23fa47ac56,b629604bb4374da78155fb48fcc1ec4f,delivered,2017-01-14 23:05:01,2017-01-14 23:15:16,2017-01-17 05:18:01,2017-01-24 13:47:47,2017-02-24 00:00:00
9ac0defdd7d48e7dd9ed02a4e3e8a15f,1a7b99cbc426a387112f667359019065,delivered,2018-02-11 11:07:50,2018-02-11 11:28:02,2018-02-14 23:04:02,2018-02-23 21:28:34,2018-03-07 00:00:00
78532828d00531b29b635848828001f9,a32c679c1442b98bedec979ba6015019,delivered,2017-07-20 08:41:22,2017-07-21 02:45:12,2017-07-21 22:25:26,2017-07-26 21:10:40,2017-08-31 00:00:00
49e9e78cdbec6c106e1958234d752ce4,7dc77ed10077ef0779bba656c78da6fb,delivered,2017-11-06 08:39:05,2017-11-07 07:30:29,2017-11-07 17:22:59,2017-11-20 21:13:56,2017-11-29 00:00:00
256cb711364e60ad3e99bbf41a2d9136,509e723dd04aa1761c7f556969405962,delivered,2017-10-10 19:40:11,2017-10-10 19:49:45,2017-10-11 19:58:33,2017-10-13 23:54:02,2017-10-23 00:00:00
c02325767e982cf63ab102120dba687a,085c37e1bd86e91893d40d211fae62b4,delivered,2018-07-14 00:41:01,2018-07-17 04:31:59,2018-07-20 13:07:00,2018-07-23 13:58:56,2018-07-26 00:00:00
306d73cb716b08d3525396fb16493d3a,02419e623129afb04b8cc41e737d2702,delivered,2017-09-11 22:32:54,2017-09-13 12:44:26,2017-09-15 21:49:52,2017-09-20 21:33:20,2017-10-02 00:00:00
0449fc8e83f3042e2e415a2bc3f2a424,e21d7ebfedc67c1a6678e37c53a78a4d,delivered,2018-04-20 08:36:13,2018-04-20 08:52:48,2018-04-20 18:52:41,2018-04-27 16:38:37,2018-05-18 00:00:00
6868b1111e9eb1b40b43c971fcc28847,5c969134db33ccdbb2cc977afd380333,delivered,2018-03-20 10:48:19,2018-03-20 11:08:08,2018-03-21 20:08:40,2018-03-29 23:20:55,2018-04-12 00:00:00
1a302b3c311d6fd772e886b742c24304,c23a847f6ffc7605f0ef67911fb58908,delivered,2018-05-19 15:19:13,2018-05-19 15:39:23,2018-05-21 15:56:00,2018-05-23 19:24:33,2018-06-04 00:00:00
8081c44895cefcfebc13faec5c9ed8bf,1979060e7ea60e0c50f47b27e581cdee,delivered,2018-07-10 22:18:36,2018-07-10 22:30:15,2018-07-26 11:05:00,2018-08-01 21:58:43,2018-08-10 00:00:00
a76ada6fa5bcfc4b6225ec88c219ab99,23227f94be082fdbf86795983cd4ff4f,delivered,2017-03-15 20:14:39,2017-03-15 20:14:39,2017-03-21 15:07:13,2017-03-27 20:03:48,2017-04-03 00:00:00
5e4460100810dd86bd828963e7719858,82468c6a47f107fa5133cdd0a2ea6421,delivered,2018-08-08 08:40:03,2018-08-08 08:55:22,2018-08-08 16:04:00,2018-08-15 21:51:32,2018-09-12 00:00:00
93acdf7d3ef9f5c049ab02e97d1c6158,f3a656086677996ac82031c6091ffac3,delivered,2018-03-29 15:22:24,2018-03-30 03:15:41,2018-04-04 20:38:41,2018-04-09 18:46:21,2018-04-11 00:00:00
26691e37091554c74df671ce610ead4c,7077cffa9bdf93c44da47143517b6a7b,delivered,2017-11-24 21:07:00,2017-11-24 23:57:31,2017-11-30 00:18:55,2017-12-11 20:07:12,2017-12-20 00:00:00
4e1f85dd4d12e685a7cc827f2341e25c,e65b1829e83ccd4edf454c68d6b87e65,delivered,2017-12-04 09:42:14,2017-12-05 11:29:57,2017-12-06 23:15:02,2017-12-20 12:18:33,2017-12-28 00:00:00
e3abb4266cbf84e7c3d00542a488cd32,1f7e7fa28a617d2b62a0fc184185f7ba,delivered,2018-05-04 14:36:14,2018-05-04 14:53:28,2018-05-07 12:08:00,2018-05-14 23:28:32,2018-05-24 00:00:00
a5aa5239c6020daa6c90c0a34b0fb2ad,02fd0cffae342f16aefcc95f2cc8a77b,delivered,2018-01-13 21:11:31,2018-01-13 21:19:29,2018-01-15 17:13:01,2018-01-20 00:33:28,2018-02-15 00:00:00
037f4f91c8f5cd2a6ddd52a63d97fdcc,b5dbaddb7666f875d9a348cb0584823e,delivered,2018-07-18 21:08:44,2018-07-18 21:15:21,2018-07-19 10:06:00,2018-07-23 11:41:56,2018-08-01 00:00:00
f6879e8e12a44ceb4c422c23489a029d,6e303c5ef1cde172b564c70285f61214,delivered,2018-07-15 12:29:16,2018-07-15 12:45:13,2018-07-16 16:42:00,2018-07-20 22:48:37,2018-08-09 00:00:00
66480b6a7d8c4b5debd250de643ac7ed,9aba87c74f5eed0b71841c56eebdab17,delivered,2017-10-24 15:50:55,2017-10-25 02:26:13,2017-10-25 21:35:31,2017-10-31 15:24:01,2017-11-10 00:00:00
ba70922d044f56d4b4cce2010e3f4cd6,1a38585b7f867f8bb2823aef378b9445,delivered,2017-06-02 14:02:21,2017-06-02 14:10:15,2017-06-20 12:50:23,2017-06-26 17:27:46,2017-07-04 00:00:00
501ce7b81b23f0c4009057c589c08023,3cdeef44eb1b45d1eafd4b86dd787c1d,delivered,2018-07-27 09:48:19,2018-07-28 09:45:11,2018-07-30 15:07:00,2018-08-06 21:08:42,2018-08-21 00:00:00
f16aa03fddf358ebc2203c03a5ba1d48,7ceadfd26cb54dc65928c90a81f0fce7,delivered,2018-07-17 00:04:20,2018-07-17 20:10:14,2018-07-18 11:29:00,2018-08-02 12:03:12,2018-08-07 00:00:00
8da267ea6fadbb945e33ffb911885e23,6a37a9c7d62108c3bbd5397b3b0ccd57,delivered,2018-04-07 15:07:13,2018-04-07 15:28:17,2018-04-12 01:02:33,2018-04-17 23:08:30,2018-05-03 00:00:00
bc6b924030f353c5ea9a83bdde14f994,d36575c3934612662f680eb0563da979,delivered,2017-10-02 10:51:36,2017-10-04 07:43:48,2017-10-05 19:09:00,2017-10-10 19:45:33,2017-10-24 00:00:00
1e189a60261c3efb60bdace6d37ac223,d682fa04ab665d8f7d4ede5b8d1dbebb,delivered,2017-11-17 10:22:00,2017-11-17 10:51:04,2017-11-28 17:02:56,2018-01-23 19:06:57,2017-12-14 00:00:00
41056c68216a5174be6c39a7b4d596c2,f2c995877a18094f7db6037da3d927f1,delivered,2018-04-02 14:44:19,2018-04-02 15:11:19,2018-04-04 02:41:02,2018-05-08 20:12:08,2018-04-25 00:00:00
597310d5c3dc11229fe9221f13489cab,c4357c0fbb69c53822f3690047baa057,delivered,2018-07-31 15:50:04,2018-08-01 03:31:38,2018-08-01 15:07:00,2018-08-14 21:42:03,2018-08-23 00:00:00
79b49127db2c9bc718a161183671505c,46210ff74e2784d4d386742c4a72513a,delivered,2018-05-25 18:57:19,2018-05-25 19:12:43,2018-06-05 14:33:00,2018-06-06 22:12:16,2018-06-19 00:00:00
7621d265cbcc87d4845818b256ac193e,c88e6265903acbcc184a0d99abe6b987,delivered,2018-06-03 12:00:29,2018-06-03 12:15:18,2018-06-04 14:18:00,2018-06-12 20:58:33,2018-07-24 00:00:00
7244309fd0802a48b22151820d256ce8,6e083fd989298b1f0d7d3d3d4a3c187a,delivered,2018-03-14 14:24:46,2018-03-14 14:35:31,2018-03-15 18:12:18,2018-04-03 23:42:03,2018-05-02 00:00:00
d9f8dfc775170aba5d24809cc2c04058,75914cacf6734f099858d9878c05aecb,delivered,2018-03-30 20:45:52,2018-03-30 20:55:38,2018-04-03 01:03:30,2018-04-06 20:05:41,2018-04-18 00:00:00
0eeaf3619d35e90b2430da57d351dd01,47582d9527dd8483589057d536cab7ae,delivered,2018-06-07 20:40:40,2018-06-07 21:35:54,2018-06-08 14:40:00,2018-06-15 20:02:46,2018-07-05 00:00:00
d089955a4f09c3d031b4a8b99017417c,1e69e7df48c7b57590cd5f3877728f54,delivered,2017-12-29 10:15:25,2017-12-29 10:26:46,2017-12-29 18:06:05,2018-01-08 15:26:47,2018-02-01 00:00:00
2f36e982eab2df4e0ca5890a0228907d,83289a74d3711814647a80118096beb4,delivered,2017-08-07 10:46:09,2017-08-07 12:00:10,2017-08-11 17:27:43,2017-08-16 17:48:45,2017-09-05 00:00:00
c535905a60628bab8a2b2a69375180ed,14306fe307e348f15f633d6ff1670e18,delivered,2018-05-21 14:49:13,2018-05-21 16:15:14,2018-05-23 13:32:00,2018-06-06 16:28:24,2018-06-07 00:00:00
4f1e72c86c397722120a1cb409714f5e,908a1fbd0e1813bdb1fb722093e72207,delivered,2018-06-28 17:01:42,2018-06-28 17:15:13,2018-06-29 13:47:00,2018-07-03 20:54:54,2018-07-25 00:00:00
a8846701b9f3e21e64c9062ed3f4dfd7,814d58f5b1b9829ab9a1d690b13dba62,delivered,2016-10-07 11:33:35,2016-10-07 12:15:23,2016-10-11 12:15:24,2016-10-14 12:15:24,2016-12-05 00:00:00
2a501110090ab23e63d72ff45712c849,2bbcf5af36dc7f58511d502ae23af9c4,delivered,2018-03-29 18:08:38,2018-03-29 18:29:24,2018-04-04 13:58:54,2018-04-05 23:46:45,2018-04-11 00:00:00
1be0f117edf1db44a3d8349c0a0d2b5c,4f75e31b1c3977689e9fa85f8a7b3b05,delivered,2017-11-23 23:15:48,2017-11-23 23:28:44,2017-11-24 21:38:49,2017-12-14 21:56:57,2017-12-22 00:00:00
e2e7fc3ae21156fa90a10b87e7d37eec,3786c09f9f30967a33c43cf987fff1e0,delivered,2018-01-12 00:35:43,2018-01-12 00:47:56,2018-01-13 01:19:31,2018-01-19 15:48:59,2018-02-07 00:00:00
01b94d6940365deb1eedb643ba43114a,53d7168d4cbc0acd88e9d17e2e18b47a,delivered,2017-11-08 16:06:33,2017-11-09 04:31:11,2017-11-09 20:54:55,2017-11-17 23:16:32,2017-11-29 00:00:00
3a0ae60d56c22367fb5e1f77bd8232e8,544362f07f5347cb4a674eb6aeeba355,delivered,2018-07-31 12:04:23,2018-07-31 12:44:21,2018-08-01 15:08:00,2018-08-10 18:53:27,2018-08-16 00:00:00
537ab73bb1215513e99d2c7aba6ca5e9,b6ec4158528968d808b7af43a3ea1aa9,delivered,2018-04-24 20:09:54,2018-04-24 20:33:36,2018-04-25 14:23:00,2018-04-30 23:11:18,2018-05-15 00:00:00
58be29292eff76e98cd5063f83ed7c51,202959f85e9ce675cdd5867d0babb876,delivered,2017-12-06 16:51:52,2017-12-07 03:11:15,2017-12-15 16:49:53,2018-01-09 20:38:09,2018-01-09 00:00:00
a23316a0b0209f50c13935e4848e6b68,9ed949e2c8a4babd308ecb886f58dae2,delivered,2018-04-22 12:30:43,2018-04-24 17:47:28,2018-04-23 19:28:50,2018-04-24 19:47:43,2018-05-07 00:00:00
a89be75924730a39d29149cc159514e1,190e688d1f5aae2e04a68016c3671b25,delivered,2018-07-23 16:41:12,2018-07-24 08:31:38,2018-07-24 16:02:00,2018-08-02 01:43:04,2018-08-16 00:00:00
55314fbf301db20ce06d233511d4fdbd,bdd1272c1c37b3cce03f2c69d68448b0,delivered,2017-04-08 18:01:28,2017-04-08 18:10:18,2017-04-10 11:18:16,2017-04-22 09:47:12,2017-05-02 00:00:00
d688c0804e20281bdd7c7c864fe300fb,033f5ddbb536a477e81abd786f23f452,canceled,2018-05-22 20:31:58,2018-05-22 20:56:48,,,2018-06-06 00:00:00
ab5f88ecd8bbfe5386a0b5687ee8beba,42c0680560a944fda8f8410597dc76a9,delivered,2017-06-24 14:53:11,2017-06-24 15:25:28,2017-06-27 15:42:53,2017-06-28 14:34:08,2017-07-07 00:00:00
935221d155b676b347464a2f7aef9513,97018212070d126828cf1e84045b1e5a,delivered,2018-07-14 14:32:44,2018-07-14 14:45:13,2018-07-17 14:06:00,2018-07-23 17:43:31,2018-08-08 00:00:00
d8d5cc8b2d42cce90b7ea35e5691a7b1,ae0709e51a6229f894ccafc894ea4cfe,delivered,2017-11-25 00:23:14,2017-11-25 02:33:01,2017-11-28 03:04:55,2017-11-29 20:17:02,2017-12-13 00:00:00
a8096d0b94faa1314dbd562efc6a0967,45ead47bd4ee6bb5b5108506c44a4a7a,shipped,2018-01-18 04:37:44,2018-01-18 04:52:09,2018-01-18 16:49:00,,2018-02-22 00:00:00
001862358bf858722e1e2ae000cfed8b,2cf869dd40c98f29686f636d83545cce,delivered,2018-02-06 19:11:57,2018-02-07 19:10:37,2018-02-08 17:44:13,2018-02-15 22:57:01,2018-03-02 00:00:00
f0ac9fdc189bce470ca4268f7dbb9037,69d7c0b90b4b01fae962b59e7d9bd2d1,delivered,2018-08-23 13:38:17,2018-08-23 13:50:16,2018-08-24 13:05:00,2018-08-29 23:12:07,2018-09-11 00:00:00
f9270cd5daeb42a656ce750937664ae7,de9dc7ecfddbfb83a2f0c9b115e6ca14,delivered,2018-05-17 16:40:16,2018-05-19 03:13:03,2018-05-22 11:34:00,2018-05-23 20:26:34,2018-05-25 00:00:00
193c6e3830b91df8472db1d2cdd6a876,255bf08de2fcbaac909f720dea5f427a,delivered,2017-07-24 17:27:59,2017-07-27 10:25:24,2017-07-28 18:38:03,2017-08-02 18:09:31,2017-08-18 00:00:00
883781be689361196e762b3dbeed6cce,fc64d36cb6c7a53dff087efa3651d2ef,delivered,2017-07-18 19:13:21,2017-07-18 19:25:14,2017-07-20 20:19:41,2017-07-27 21:10:45,2017-08-09 00:00:00
98576d430a6b6a1f2354a144cacc5940,bbadb481c7afa7f5d4e726e788aed89b,delivered,2017-08-05 07:21:56,2017-08-05 07:35:10,2017-08-07 18:33:56,2017-08-25 21:22:08,2017-09-06 00:00:00
3879246672dcc4cf13a523fcd4354e32,355767124591b6224d962485bd1fa883,delivered,2018-08-22 18:13:04,2018-08-22 18:25:11,2018-08-23 15:27:00,2018-08-24 15:08:39,2018-08-29 00:00:00
d559ca25e0953705de5c369c8bdebc48,b37c31e2ae4a6cec098a2e0f5ffa71ad,delivered,2018-07-05 16:20:54,2018-07-06 16:30:56,2018-07-09 15:25:00,2018-07-13 22:56:39,2018-07-30 00:00:00
1f061ee76d5c329ef464f0dbacd60173,674db4844d0722cfcd381ba363b3541f,delivered,2017-07-14 11:17:12,2017-07-14 11:30:25,2017-07-17 22:45:46,2017-07-25 22:37:58,2017-08-07 00:00:00
97f477568d1e8f1f8fae71bb70e93ab7,969775c0134490a47f3e5e3737fa1665,delivered,2018-01-15 12:33:55,2018-01-15 12:50:39,2018-01-17 18:47:03,2018-01-19 21:21:39,2018-01-30 00:00:00
8814f631c904625a3d275d23f5e3c45f,cb3681565ea0fad6e0c1f1f9d4bb34f5,delivered,2018-03-28 15:19:43,2018-03-28 15:30:23,2018-03-29 17:19:10,2018-04-24 19:57:09,2018-04-17 00:00:00
aaf164d36ed493530b104e9e76e44af9,9038e96519dbd57f22235e0b79e1099f,delivered,2018-06-24 11:33:49,2018-06-24 11:58:12,2018-06-25 15:09:00,2018-06-26 13:03:20,2018-07-12 00:00:00
8a2629274a548e155cba08215435391a,4db243868d0af189d9944dcc0c9ea93f,delivered,2017-11-02 01:31:44,2017-11-02 01:46:37,2017-11-06 09:14:51,2017-11-10 23:22:14,2017-11-28 00:00:00
a26383dbdfc796db53fab96b099d15ba,f8dce7decd9d93480756512e175760b4,delivered,2018-02-15 01:32:07,2018-02-15 01:47:27,2018-02-20 18:23:23,2018-02-23 15:25:00,2018-03-07 00:00:00
d7e93c4406d75d381ca84f418c951d9e,b24d2d2ef89757e33c8c994cce3cbb7a,delivered,2018-02-04 23:40:46,2018-02-04 23:55:28,2018-02-06 20:55:33,2018-02-15 15:55:05,2018-03-12 00:00:00
ba2a9b68f160ce0f85a13210ce1975b0,d081610250e278e9e49c0f26ed0a0947,delivered,2017-11-15 21:34:59,2017-11-17 04:15:31,2017-11-20 15:48:42,2017-12-05 18:07:48,2017-12-06 00:00:00
4d1bd19ef9b586e3ffe42f894f2b041e,9958f501effb678f77ec159aaf4feabf,delivered,2018-03-09 13:29:41,2018-03-09 13:48:06,2018-03-12 15:04:44,2018-03-16 18:20:43,2018-03-21 00:00:00
3305840d006ff4ecbf347e2c1a38d698,9df838ecf2da1f1acab7c808dd93d6ae,delivered,2017-12-12 00:24:39,2017-12-13 02:36:34,2017-12-14 11:44:44,2018-01-20 14:12:38,2018-01-15 00:00:00
1ce0d4e564057882e017216607a2c196,69348267a5b2868e605dcfb793aac39a,delivered,2017-11-24 16:12:44,2017-11-25 05:19:21,2017-11-25 15:17:38,2017-12-04 18:23:53,2017-12-27 00:00:00
4b9a2fcf7058ab9f5609fc6556941297,5cbe5f384e68197de1f06c4bf7359e71,delivered,2017-03-15 16:43:06,2017-03-15 16:43:06,2017-03-20 15:47:11,2017-03-31 12:38:00,2017-04-07 00:00:00
08d4e83325f02f000d2ba37961c0b8b3,7cd6c60621b276093ac75abd0bfcfe72,delivered,2018-06-18 15:57:14,2018-06-19 16:01:39,2018-06-20 14:24:00,2018-06-25 14:18:54,2018-07-11 00:00:00
478c9895d19d08bb6ab056f97395671a,2b51b026f8944d9089c5b26073f26d86,delivered,2018-02-28 18:17:06,2018-02-28 18:27:52,2018-03-01 19:54:19,2018-03-12 23:11:01,2018-03-28 00:00:00
037556f936da90c5f9504956ff286860,4dd66b17e6ebfe130ef40705bb44a1c2,delivered,2017-05-02 12:02:54,2017-05-03 12:10:24,2017-05-09 17:03:20,2017-05-12 13:36:56,2017-05-30 00:00:00
9dddf1bd736b9571dbdb39f097768961,1ca831a513db77af32fdb3913acf20bf,delivered,2018-02-02 20:38:11,2018-02-02 20:50:57,2018-02-05 18:21:34,2018-02-07 21:54:39,2018-02-20 00:00:00
c262594e0801a04a4946d2f9a16972cd,da967083abbec2737a518bad144f320d,delivered,2017-04-19 17:18:28,2017-04-21 05:10:34,2017-05-11 09:49:52,2017-05-25 06:54:43,2017-05-16 00:00:00
ee85f19387464b0c9f70dfb6f5005a18,0e3ff8d8ba3af6a46fdcaf5d884fccb6,delivered,2017-08-14 06:48:13,2017-08-14 07:10:33,2017-08-14 18:07:58,2017-08-16 15:33:00,2017-08-25 00:00:00
2a0f332fd6b3b477c16619a99313d29c,2596ba7fc52317caa07f81aef3f42911,delivered,2018-07-03 15:56:18,2018-07-05 16:32:59,2018-07-04 14:06:00,2018-07-05 17:31:46,2018-07-16 00:00:00
5b8c60dba179499a7eba13bcd9131415,ba649fed4375cbae013a05d52ba39dab,delivered,2017-05-13 19:52:24,2017-05-13 20:02:31,2017-05-15 08:47:59,2017-05-23 13:35:53,2017-06-07 00:00:00
df421353d656af08ee42d32fe894f484,23fcd188754d0d9eab9487ac6ccc99d9,delivered,2018-02-01 11:43:42,2018-02-01 11:55:51,2018-02-02 02:10:08,2018-02-14 17:41:51,2018-03-07 00:00:00
6d7f89c34bd6171fd439f8f7c2404460,56408a981d1db807e504e7e021702836,delivered,2017-10-17 22:27:33,2017-10-17 22:50:03,2017-10-18 19:48:47,2017-10-23 15:32:48,2017-11-03 00:00:00
310e89c32f0c576eb9e50723c1c23e19,551f65d9a0bd47db036ed3b52149c3f2,delivered,2018-05-05 18:56:01,2018-05-07 08:55:42,2018-05-08 14:38:00,2018-05-12 16:38:56,2018-05-29 00:00:00
4a5cf649e3eb500fc079aace5f03583e,128433c9283a98b6eddefd309edc7e00,unavailable,2018-03-05 14:37:40,2018-03-05 14:55:39,,,2018-03-28 00:00:00
e13c8ddd0d03ac5525c6b54d0442e9a5,0fd965d968903f6f1179bfa430d667ae,delivered,2017-08-29 11:11:36,2017-08-29 11:28:11,2017-09-13 18:53:36,2017-09-18 20:23:52,2017-09-15 00:00:00
9b24c8496d87684865617cdb3eff7065,5fc6c91894c2954d8d5a1709e3b501cd,delivered,2017-10-01 20:48:39,2017-10-01 21:07:01,2017-10-02 16:48:06,2017-10-14 13:23:54,2017-10-25 00:00:00
6005e16820f20784bf25d26f7a60af40,e7203c42cef55542c2c6da43712fad68,delivered,2018-08-02 13:30:59,2018-08-04 04:10:16,2018-08-09 12:18:00,2018-08-10 15:11:46,2018-08-10 00:00:00
20a13178dae2376d9e14f7599f05400c,523d292f4dc9c15df9ffab89d898e888,delivered,2017-11-27 07:16:47,2017-11-27 07:30:23,2017-11-28 20:38:59,2017-12-04 19:05:19,2017-12-11 00:00:00
f4a291980c5b03cc5d41ced6b0407be3,77ad74a9853420d7436599cc3ae2c567,delivered,2017-03-28 13:03:50,2017-03-28 13:15:11,2017-03-30 16:07:41,2017-04-05 15:42:59,2017-04-17 00:00:00
0b277c8a59b6fac83b512d46a575c8cc,b4a9fb5e9e2eff09bfc2bc3dc69957a8,delivered,2017-06-07 21:41:00,2017-06-08 21:50:12,2017-06-14 10:14:01,2017-06-19 20:50:30,2017-07-04 00:00:00
3ca411651463b3a30f194126a1d6fda6,5f7a1157be9a94622777a7bb2a1ac7cb,delivered,2017-12-12 13:23:23,2017-12-13 02:50:00,2017-12-14 22:27:07,2017-12-20 21:09:50,2018-01-05 00:00:00
e30787025578adaddf110614dce5e399,185e201c2309d1e2245d88ac8ef70712,delivered,2017-10-30 23:00:39,2017-11-01 20:55:56,2017-11-03 22:34:50,2017-11-07 17:32:43,2017-11-07 00:00:00
d4b8d4d2db125937bf34083422aea427,652c1f8e1a06d78d745521cf576288cc,delivered,2018-01-17 16:12:47,2018-01-19 02:37:25,2018-01-19 22:23:01,2018-01-26 01:40:43,2018-02-01 00:00:00
0484f1d11d891ff86fcc2d225ce7094e,0b17547070772a7ce777870c5aefd09a,delivered,2018-01-13 14:59:32,2018-01-13 15:09:07,2018-01-15 21:56:03,2018-01-19 16:12:25,2018-02-05 00:00:00
9220fb45f8a6492e8f7a9094fa80bdc3,9f494a5457f367b4eba25972ae348754,delivered,2018-04-04 20:08:14,2018-04-05 02:10:31,2018-04-07 01:06:48,2018-04-14 18:26:34,2018-04-26 00:00:00
0e8442cad88bc3852a68be6bbee1d071,2db5ccde0581d988dc033a32318c44de,delivered,2018-05-01 19:36:02,2018-05-01 19:52:53,2018-05-04 14:09:00,2018-05-10 16:54:54,2018-05-21 00:00:00
eb92ca9ec0ad2f752061eeae4cff2f6e,009c99241ad4ac86427982c474c18771,delivered,2017-05-03 10:06:00,2017-05-04 02:50:28,2017-05-05 09:03:21,2017-05-10 08:37:53,2017-06-16 00:00:00
fe2cf0b53cf21416269ca17fd38060ab,9c46deb6b8ca01d0df7e67b255e4fa97,delivered,2017-12-01 11:22:04,2017-12-02 10:30:41,2017-12-05 18:32:57,2017-12-14 00:06:49,2018-01-02 00:00:00
3eb95f6a896852d771ecaa56c4f02349,95149169752f33705244ee124d213204,delivered,2018-04-11 00:31:22,2018-04-12 07:51:18,2018-04-19 22:58:38,2018-04-25 22:12:39,2018-05-07 00:00:00
7e981abcf7b25747fb198f5befcae28f,2053c4249878bd1b9a6f4a22d25dba09,delivered,2018-01-10 22:34:01,2018-01-12 02:48:26,2018-01-15 17:22:56,2018-01-17 22:38:51,2018-01-31 00:00:00
bfa2cf122902aef8481770976e16e408,43bec0d9bf15d1ff1d229a3924145f04,delivered,2018-05-13 16:17:54,2018-05-13 16:32:03,2018-05-14 12:59:00,2018-05-22 21:38:24,2018-06-01 00:00:00
e8cdabb3d52699bdfdff098478ad1a02,27e82f4eccf1fc876e78a3c189303f80,delivered,2017-11-24 14:04:25,2017-11-24 16:13:35,2017-11-27 17:34:42,2017-12-07 21:38:58,2017-12-18 00:00:00
4735d69a263ba04fa00533b8f3d317b1,0d380cd86105a9cb8abf440e29132168,delivered,2018-05-04 19:53:23,2018-05-04 20:15:17,2018-05-07 12:15:00,2018-05-11 23:56:36,2018-05-22 00:00:00
753f20d5d3b360334f4bf5e239710c14,0a1de65b371609807ea80d803b47cdc6,delivered,2018-01-31 15:05:53,2018-02-01 03:31:33,2018-02-01 18:10:34,2018-02-05 10:52:39,2018-02-16 00:00:00
31a4ffe90b3bbda342ae160ef52affd1,7e58db99674b0e849eca7cb8cb32cfb1,delivered,2017-04-09 16:26:13,2017-04-09 16:35:10,2017-04-10 12:15:47,2017-04-18 15:53:47,2017-05-16 00:00:00
ca7887c5152594f00b83af3cc8aef217,f506a3e6d91d7d32b36407d69d9d75b7,delivered,2017-12-30 16:25:37,2017-12-30 16:37:21,2018-01-03 18:46:45,2018-01-08 18:24:32,2018-01-29 00:00:00
f4b61d27084d490fb0046eeffa1af17f,6ba2b4d1755c093c1e43843f094a041f,delivered,2017-11-03 17:27:44,2017-11-03 18:30:37,2017-11-06 23:32:41,2017-11-10 17:32:31,2017-11-28 00:00:00
9bdc00acb04f677adc8329b932122fd6,7a679d5d672af90243ba392f23eaec66,delivered,2018-08-13 15:34:27,2018-08-15 03:23:59,2018-08-15 15:32:00,2018-08-20 18:08:36,2018-08-22 00:00:00
3eec01b486a4d08de50a38ef2fb87b79,ecd3a588ea3e489c2c043e23df933106,delivered,2018-08-02 13:55:09,2018-08-02 14:10:15,2018-08-03 15:45:00,2018-08-09 01:12:03,2018-08-15 00:00:00
f3a9533be7d4d89807905327d3d9a90f,31cac48ab63105d3f0881d4e6dbf3584,delivered,2018-06-25 19:58:34,2018-06-26 19:55:12,2018-06-28 14:35:00,2018-07-03 17:14:36,2018-07-24 00:00:00
522d7c3197277c13553183e4960cdf5c,fe05494067b9bda7fde921a85dcfe6a1,delivered,2018-03-13 16:25:42,2018-03-13 16:48:08,2018-03-15 23:20:53,2018-03-26 21:48:37,2018-04-05 00:00:00
f5534d6b1d3258a7ffec513deeeade95,2ab6108e1d12014a4acb8983df9f4edb,delivered,2017-08-25 17:43:52,2017-08-25 17:55:12,2017-08-28 21:40:11,2017-08-29 21:58:02,2017-09-08 00:00:00
091ac0791556275533697b36e2b00ff4,d0bfc5ed8302e145eb59a75cc94cb715,delivered,2017-01-26 14:29:25,2017-01-26 14:45:11,2017-01-27 11:17:09,2017-02-06 13:42:41,2017-03-06 00:00:00
7d968bc979aa1c9884fb1cd6e4e76f64,37991a544e6b4464522b1b09e11ca843,delivered,2018-01-16 17:54:02,2018-01-17 03:36:36,2018-01-18 18:49:00,2018-01-27 14:48:25,2018-02-06 00:00:00
c6a5f76862a81e678914f832a7ac1e19,e805038e1fd6afb0433817c7e951bcd3,delivered,2017-06-06 02:49:40,2017-06-06 03:02:20,2017-06-07 08:37:48,2017-06-19 18:44:56,2017-07-06 00:00:00
bd3458e3df5a23eb95e6d526dc86bf2c,a9749e560068580b0f1feeb9bbd843c3,delivered,2017-11-14 17:07:08,2017-11-17 04:15:47,2017-11-17 20:21:39,2017-12-06 23:21:44,2017-12-07 00:00:00
9fb383eddd3b9f4b2970160c76988005,bd3791922950cba5ed71594c5634c030,delivered,2018-02-04 15:12:07,2018-02-04 15:30:17,2018-02-06 17:04:27,2018-02-14 18:58:34,2018-03-01 00:00:00
500c038a3212b71500554116cf87552e,4f1bbce28fa7e3c6ba327eb99bea5b62,delivered,2017-11-29 18:09:50,2017-11-29 18:37:20,2017-12-01 17:27:43,2017-12-19 21:16:59,2017-12-27 00:00:00
bbad5d13167b7fc87a31a92251a6de88,7dcf029782f48ba5e8dfb75ff27608d3,delivered,2018-06-06 14:59:42,2018-06-06 16:14:30,2018-06-07 09:39:00,2018-06-14 18:48:43,2018-07-12 00:00:00
236dc705223e6458673e808d1024d671,3d85d108500e5b7408f0333e240469c2,delivered,2017-03-25 21:52:22,2017-03-27 09:55:14,2017-03-27 15:39:51,2017-05-03 14:03:40,2017-05-02 00:00:00
0562291f2b37f55cc259053d2230fdc5,24824d3120ac876328bf46760d493969,delivered,2018-04-30 10:06:08,2018-04-30 10:31:29,2018-04-30 15:42:00,2018-05-09 21:58:44,2018-06-06 00:00:00
032de52b21013e176ee997c8f210dd66,dd810dd0a6c0af12c6450f51f139a2bf,delivered,2017-12-07 09:32:16,2017-12-08 02:54:15,2017-12-13 00:27:01,2017-12-22 21:35:23,2018-01-11 00:00:00
720eff52272ce75d967e9a8f382681f3,026bfde40abfbefc0a23ce6856a9b3f3,delivered,2018-07-03 23:33:31,2018-07-05 16:31:13,2018-07-04 15:11:00,2018-07-12 19:21:49,2018-07-17 00:00:00
064c48df7cb281b1f0f0cfcaa2a69662,1e4e56c1993be4f3be455fae5eac5393,delivered,2017-05-24 19:32:16,2017-05-24 19:42:38,2017-05-26 14:11:52,2017-06-13 14:08:13,2017-07-03 00:00:00
951f0ff2668075024286016d68600d26,a28ec6d2b92247d9516707137470bc20,delivered,2018-08-16 17:53:31,2018-08-16 18:09:58,2018-08-17 12:05:00,2018-08-29 20:12:35,2018-09-11 00:00:00
4b4af79eb26f80dbef369da4a4cd1d45,811863441f31bb8c711015a7730e1b41,delivered,2017-09-04 11:41:03,2017-09-04 11:55:23,2017-09-05 14:48:09,2017-09-11 20:05:11,2017-09-27 00:00:00
06cc5452c0a830d345b93a5385ee310e,fc96192474241f981f6bc9b37a572004,delivered,2018-07-24 01:06:38,2018-07-25 04:05:14,2018-07-26 11:30:00,2018-07-27 16:17:05,2018-08-01 00:00:00
65f3fd49c769a2d6de1aba25b6a5b8d0,13b13e29ca16b2be8f48ce9374d42f41,delivered,2017-11-24 06:29:59,2017-11-24 06:39:27,2017-11-27 22:26:38,2017-12-02 00:26:45,2017-12-08 00:00:00
b1973248ff76d9a24f6a8888662de6bd,7a4cb15a23deeec4682b3661b0fce930,delivered,2018-06-24 09:54:00,2018-06-24 10:15:35,2018-06-26 13:21:00,2018-06-29 19:49:04,2018-07-19 00:00:00
f5812a9fb42759e8e49d17f11e9d18ad,72c9fcbee3deb52caf82f27187887616,delivered,2018-07-31 20:32:44,2018-08-01 09:04:04,2018-08-03 14:35:00,2018-08-09 18:50:57,2018-08-14 00:00:00
5ba3cea9dff7fe43cd56516ba1390ea3,63d457d68c7351a548fe4dff68b4b8f2,delivered,2018-02-03 12:06:25,2018-02-03 12:27:11,2018-02-09 20:13:48,2018-02-17 16:19:50,2018-02-22 00:00:00
ec8e9794cc2de09054361b036773b543,8196bd96182b01ed80b2927b8a3ccb71,delivered,2018-04-10 00:17:56,2018-04-10 00:35:11,2018-04-10 17:22:15,2018-04-20 18:03:58,2018-05-04 00:00:00
eac51ba7a8bd2abf757e03c95fba700e,f009845070b2e65bb051193322a10965,delivered,2018-02-18 23:34:56,2018-02-19 00:35:32,2018-02-19 18:48:36,2018-02-20 19:29:06,2018-03-05 00:00:00
543ab3128139efe78bf5e8006ae25087,ab2ea0f54206e58856bd5b50647a5cbf,delivered,2018-02-28 22:42:01,2018-02-28 22:50:29,2018-03-02 00:15:04,2018-04-02 14:09:00,2018-03-19 00:00:00
afcb8a93dec4243dbcf29ed98e5b0d4b,2814ddad2bdc3682d9f32b3f4c86dd7e,delivered,2018-07-26 10:17:25,2018-07-27 02:24:10,2018-07-27 14:47:00,2018-07-30 22:06:25,2018-08-06 00:00:00
c0f5eb23b8443f0945a621152bb6bd62,358bcab53116b7f355527e475b2b6b1d,delivered,2017-08-15 20:28:42,2017-08-16 00:04:19,2017-08-16 17:07:20,2017-08-23 13:20:09,2017-09-06 00:00:00
e0e8bc6045cfe08b087197d81196e339,ccf255b29886e51b62641549f3c2d9ce,delivered,2017-02-07 21:05:56,2017-02-09 02:45:17,2017-02-10 13:57:54,2017-02-23 09:32:11,2017-03-22 00:00:00
728e6e20cca95cec41b3ff149895c6e2,3190d3289eeb987b3874ac2b14fd913f,delivered,2018-06-03 11:45:40,2018-06-04 11:51:17,2018-06-05 13:44:00,2018-06-10 13:42:21,2018-07-05 00:00:00
29a78ee4f09c8306a3a5551825acc903,e3e0534dc37dd14280ac15f24acb0530,delivered,2018-01-27 16:30:39,2018-01-27 16:39:19,2018-01-29 20:37:16,2018-02-21 02:22:14,2018-02-23 00:00:00
3ada46ab6e80f69472ec0d7a930fc64b,4776b16f87e0569a736e4d85d9bc1876,delivered,2018-01-10 19:26:36,2018-01-10 20:08:23,2018-01-11 19:07:36,2018-01-30 22:08:59,2018-02-09 00:00:00
157fa4382ef233561294d5b9e279df5c,4d591125ff32d94454b07b580fe2ecae,delivered,2017-10-09 18:00:12,2017-10-09 18:15:42,2017-10-16 21:56:01,2017-10-17 21:49:47,2017-10-20 00:00:00
082390c0275d73d20f55fec91903bbd7,df4377ee7e2f8972b24a39ff87cd3a6a,delivered,2018-05-11 14:39:15,2018-05-11 14:58:22,2018-05-14 06:54:00,2018-06-01 19:21:52,2018-06-05 00:00:00
d2b5e8f8cd2c6cbeb72e82d644255b6d,7d1dd3c96c21c803f7a1a32aa8d9feb9,delivered,2017-06-13 18:16:27,2017-06-14 15:10:09,2017-06-19 13:21:51,2017-06-19 20:55:46,2017-07-06 00:00:00
001dbc16dc51075e987543d23a0507c7,698a74f33469466fa4172e829505d1c6,delivered,2017-01-28 13:17:57,2017-01-28 13:32:16,2017-02-01 15:59:46,2017-02-13 13:17:47,2017-03-20 00:00:00
6076ec81706ee9060d085f2909a6fbe7,dc0bb7dd2728bf6c65fd99487754c55c,delivered,2018-07-09 08:22:00,2018-07-09 08:35:11,2018-07-10 15:04:00,2018-07-11 17:29:45,2018-07-19 00:00:00
d790743eff8a57ec6b1bd64865b8c60f,81cebdbc72fc17d808b85df49b9d52cb,delivered,2017-06-25 23:28:30,2017-06-25 23:35:17,2017-06-29 06:54:57,2017-07-04 17:13:49,2017-07-19 00:00:00
6b6e84189c512720324071e9a7769ceb,5e3c118213835b8e4dccc105723228c2,shipped,2017-12-05 19:02:44,2017-12-07 19:09:33,2017-12-08 17:33:46,,2017-12-21 00:00:00
fddaf32439eab4df416cb63ef0a0ddda,4bccb2dcb37df1357354a61682497024,delivered,2018-08-05 15:48:29,2018-08-05 16:04:26,2018-08-06 13:06:00,2018-08-08 17:48:48,2018-08-16 00:00:00
28e5cef9cc61c5abe004567dca778bbb,8b9ed70ea2b09f596499dcd77b577ce8,delivered,2018-02-07 11:17:26,2018-02-07 11:35:25,2018-02-08 16:51:09,2018-02-20 00:51:48,2018-03-07 00:00:00
bb140c47651a535f268a412957c31987,0467879b99ff56b66e87cbbb39dcfc36,delivered,2018-01-18 22:29:02,2018-01-18 22:39:21,2018-01-19 18:06:58,2018-01-25 12:28:42,2018-02-08 00:00:00
36bed4b6f0c3a5086108ff51d0afa4dc,e2a266deea6e4e3f8e7fa300fd12704e,delivered,2017-12-12 13:01:58,2017-12-12 13:14:24,2017-12-18 16:25:10,2017-12-30 12:03:21,2018-01-17 00:00:00
6d4e57d7c544dcf34b3dd4c1afb12c60,4967d2875ed8ae35f0cfc663b28d5499,delivered,2017-10-03 19:46:08,2017-10-03 19:56:22,2017-10-17 00:15:52,2017-10-26 20:24:17,2017-11-10 00:00:00
174394823ac1f610113794f480f3b60e,e67409d790aaa70b825c55579f844de1,delivered,2018-04-26 15:03:53,2018-04-26 16:11:13,2018-04-27 13:38:00,2018-05-02 20:18:47,2018-05-25 00:00:00
618ac45ad42a3bd6d81db7fce1320a15,9102c1aff9fdf9f79091ca25e26be387,delivered,2017-06-13 15:31:28,2017-06-13 15:45:19,2017-06-14 13:44:03,2017-06-19 14:09:43,2017-06-27 00:00:00
4c258c68ac65ec1cecbb12261f095535,dbe90c26448a3f8ff01b364f5b1e12a2,delivered,2017-11-29 13:46:51,2017-11-29 13:57:33,2017-12-04 23:15:56,2017-12-19 20:14:55,2017-12-22 00:00:00
fbba9a57e45f4bd443598e6548ee329b,71908cc6a4d4a63637df967dfbda39fe,delivered,2018-05-15 15:24:37,2018-05-15 15:35:24,2018-05-16 12:21:00,2018-05-21 19:32:45,2018-05-29 00:00:00
e12019a9afee02a4355f3629cc804f9e,64065d6a8dff88e59b688faf3c35997b,delivered,2018-05-16 22:43:52,2018-05-16 22:56:08,2018-05-18 08:23:00,2018-06-01 17:34:34,2018-06-04 00:00:00
c60c1ff560443153d7f50771e5fe9b92,a2dec8f3303859110de7fa39ea593b45,delivered,2018-02-22 17:53:15,2018-02-24 02:50:34,2018-03-02 00:59:00,2018-05-11 16:45:21,2018-03-15 00:00:00
110a462b79593be68884297cc9a31b3f,ab364b9574cac248d89087867bc3bc4b,delivered,2018-08-10 18:49:26,2018-08-10 19:05:15,2018-08-13 16:03:00,2018-08-20 19:50:54,2018-08-23 00:00:00
5df489bf628aa872653bc4791319921f,194f91ba65b13e35ba4883be836ecfc5,delivered,2018-07-31 20:20:14,2018-07-31 21:00:13,2018-08-02 15:52:00,2018-08-07 18:25:14,2018-08-30 00:00:00
bc26562fb9717b24a6b7b1b4b7ee642f,866a3fa26c4f0eec9a6ced94ed7b968a,delivered,2017-04-05 19:20:38,2017-04-07 03:15:46,2017-04-25 12:12:55,2017-05-04 15:14:34,2017-04-28 00:00:00
bd9224b27d07de203a835041550ad525,73ffcf1dc5c927c233d385a272c7099d,delivered,2018-08-10 14:36:48,2018-08-11 02:55:12,2018-08-14 15:20:00,2018-08-15 18:04:11,2018-08-16 00:00:00
84351e90a3987cf17e6a6a451d7d4904,3a3b386b99c4c2dfe725a720051b4cb4,delivered,2017-07-27 13:36:32,2017-07-27 13:50:08,2017-07-28 17:27:58,2017-07-29 14:11:56,2017-08-11 00:00:00
ddf3bfcdef56cb027078b905d96da1e5,68f87541277bb5a1656f70f30bfeacd5,delivered,2018-08-14 09:12:21,2018-08-15 03:05:19,2018-08-16 12:05:00,2018-08-23 23:57:03,2018-08-29 00:00:00
03ba1ceb961947c4c2945964f28cb9ed,2418bf588d6de0f09ec132820a6e15cf,delivered,2017-05-18 06:54:10,2017-05-18 07:05:10,2017-05-23 12:36:39,2017-05-31 15:24:01,2017-06-26 00:00:00
43bffe408178fd5389e8ab84d5dc42d9,a2f803ba61b9ef40e42612271462e903,delivered,2018-01-15 18:07:10,2018-01-15 18:17:25,2018-01-16 16:46:59,2018-02-06 19:52:49,2018-02-14 00:00:00
1acbcc1d765cecf7db32b44062d5dd16,c86f684815143f5ed9259aecf7e16909,delivered,2017-11-24 15:58:20,2017-11-24 19:36:29,2017-12-16 16:22:52,2018-01-06 14:36:42,2017-12-26 00:00:00
a426fb48d642be17559e3f9caab0551d,f4c7c9d19f28cd276cacde9de2f66e1d,delivered,2017-11-19 19:34:38,2017-11-21 16:16:24,2017-11-23 17:37:33,2017-11-24 17:35:00,2017-12-01 00:00:00
1770ee9dc600eccda7bfb6c56562b91d,c17bfc06e780f1956ebe2659b2a90caa,unavailable,2017-08-22 19:54:54,2017-08-22 20:06:18,,,2017-09-27 00:00:00
673eb223ff385f5a14396580692d36ed,dec64f845216857cf58dd6b576457096,delivered,2018-06-28 11:26:48,2018-06-28 11:35:14,2018-08-07 09:34:00,2018-08-13 15:04:17,2018-08-21 00:00:00
fbea1a61473aa3cc30e0a617aa72b70c,b7d4c9cf150b66854922a7a1d064f56d,delivered,2018-06-19 19:36:57,2018-06-19 20:16:15,2018-06-20 16:13:00,2018-06-21 22:12:29,2018-06-29 00:00:00
026b41054c5e6b7a4e94a971bb94193c,1e0cf6a24bb919d69e632aba60a69ead,delivered,2017-02-03 18:25:13,2017-02-03 18:35:22,2017-02-04 08:56:55,2017-02-11 06:21:50,2017-03-10 00:00:00
3c2a7cc75899d6a06e8735da9b7fa302,3dfd713792fd5ddc4ffedb9ea5fd9318,delivered,2017-02-10 22:12:39,2017-02-10 22:25:12,2017-02-13 08:32:21,2017-02-17 08:16:37,2017-03-10 00:00:00
ff6ca87fd2b8db43cc48510cb32dfc69,4b2298ddb83f3aa56efc4e1dd845ac5a,delivered,2018-02-28 19:30:56,2018-02-28 19:50:02,2018-03-01 22:13:44,2018-03-21 21:14:50,2018-03-22 00:00:00
13fd61236a6baeb00aba9df344275a78,4fbd4b0638090bdcac4bd0a0add76ed5,delivered,2018-02-02 19:46:27,2018-02-02 20:12:06,2018-02-05 19:22:28,2018-02-06 16:48:36,2018-02-20 00:00:00
cac247cece621e1bc64748d44331d22d,a39a11e156aa248ef573dbb7c65580d2,delivered,2016-10-05 12:34:04,2016-10-06 15:49:11,2016-10-30 15:24:49,2016-11-04 14:31:26,2016-12-07 00:00:00
56ecfea68a6a0f6592184f65abc70394,d91ad413bd665321f272ca85a9abc337,delivered,2018-05-12 21:37:52,2018-05-12 21:56:33,2018-05-15 15:34:00,2018-05-17 19:54:40,2018-05-23 00:00:00
46a5c63af66fc95c48a6aa738f69049b,91a4a3a7af74c7acb81ea2d385e92849,delivered,2018-05-24 19:50:41,2018-05-24 20:14:53,2018-05-25 14:12:00,2018-06-08 01:33:13,2018-06-18 00:00:00
205587440f824c5e5d7bc3bccb63aa15,e768022fa47ad4364d367e4d29030cea,delivered,2018-04-12 15:59:04,2018-04-13 19:10:04,2018-04-17 20:04:04,2018-04-18 19:58:48,2018-04-24 00:00:00
38ee876a426aeaf353e2a06a0e2b17d9,90524e55a20cda4c520f6a6e893bda6f,delivered,2018-05-05 10:20:53,2018-05-05 11:50:45,2018-05-09 14:47:00,2018-05-17 19:05:29,2018-05-28 00:00:00
769214176682788a92801d8907fa1b40,2b01b5fb8141bbb9fcdc853a0e26da83,delivered,2017-06-29 21:26:38,2017-06-29 21:35:09,2017-06-30 15:46:44,2017-07-20 22:42:54,2017-07-25 00:00:00
195362ade532294f73fff8ff4f138c3f,2de7c1adffd1bb406b6bd0b76ddfe85e,delivered,2018-08-05 03:12:57,2018-08-05 03:25:07,2018-08-06 15:23:00,2018-08-10 16:03:25,2018-08-09 00:00:00
7c047c85426bcfb2784094eedd90ff94,085e2dbcdbd3235701eec1d6fac9de31,delivered,2018-02-01 16:42:19,2018-02-01 16:57:14,2018-02-02 22:18:36,2018-02-17 18:38:56,2018-02-26 00:00:00
bb13fa2703eaccdcb1e263eab3be6de4,0c3dfc99f2187c03f0e115be04ab0d72,delivered,2017-09-10 20:19:02,2017-09-10 20:30:23,2017-09-12 22:14:58,2017-09-22 17:42:05,2017-09-28 00:00:00
b67b036b220e4e3e118d03a1f536d10c,82c1b2573eb18c62999ae22f2b5aa95d,delivered,2018-01-12 07:12:38,2018-01-13 02:11:34,2018-01-15 19:10:01,2018-02-02 14:44:56,2018-02-20 00:00:00
f2a150c813c1eb96fd1883c1ed8fd9e5,e624987b8f8a9424f614771d13698100,delivered,2018-06-19 10:14:30,2018-06-19 10:37:37,2018-06-19 10:14:00,2018-06-27 17:04:42,2018-07-24 00:00:00
d502fd1e974fe51d60f448759321cac3,becc5de7d329f4b15748aeb0e96af317,delivered,2017-07-26 07:01:18,2017-07-27 10:45:13,2017-07-27 17:47:38,2017-08-01 21:13:34,2017-08-15 00:00:00
7798ed7e55f7cf0896e6a09f442c69cc,fedad553036c744cca336c2ed0722e3c,delivered,2018-01-22 01:37:30,2018-01-23 03:52:55,2018-01-23 16:22:41,2018-01-29 19:36:49,2018-02-20 00:00:00
f526502583165bcf37f59cb5092ba1e7,c3fa66cf6941f5323971a4c3db4029ff,delivered,2018-05-27 15:04:55,2018-05-27 15:15:08,2018-05-29 08:07:00,2018-06-07 13:50:02,2018-06-29 00:00:00
2e346f2848b0263dc1775fa2b5af2719,ce510a4d2db930a570c19134f75a80cf,delivered,2018-06-23 07:13:25,2018-06-23 07:39:27,2018-06-26 15:59:00,2018-07-03 16:44:25,2018-07-19 00:00:00
7c596c1da3694fa12ca3f95b52131d6a,49ad8c66ca691087fa4af6939448dbc9,delivered,2018-02-06 19:45:05,2018-02-06 20:31:22,2018-02-07 22:42:02,2018-03-08 23:34:31,2018-03-12 00:00:00
19b99fd79d81fab77d8b7ba4f7a5c799,b5d4f7c5d54ab659063d17e5637408b8,delivered,2018-06-21 09:31:04,2018-06-21 09:59:01,2018-06-21 13:09:00,2018-06-25 16:32:52,2018-07-13 00:00:00
c8c0c4a2ad083088d8b31da1efdf197f,8eb048fef44343cb54c99b43509f978a,delivered,2018-05-12 22:04:33,2018-05-12 22:36:01,2018-05-15 14:18:00,2018-05-18 16:53:32,2018-05-28 00:00:00
3ad2e497fdcd8a39a30da81b156b3b31,7a50dfdc0a0dec6327ed4d772793e812,delivered,2017-12-10 11:09:43,2017-12-10 11:30:04,2017-12-12 00:38:33,2017-12-18 22:04:29,2018-01-10 00:00:00
48ff0f8a939349e708998008053afbc7,a26ba58154606a5f719ffdca754e773b,delivered,2017-09-24 21:56:05,2017-09-24 22:10:14,2017-09-26 19:55:54,2017-09-27 19:15:29,2017-10-11 00:00:00
9d6a4798ca60c057f632bed582e5b0c5,ab1a8af7afb01624d04f78edb04a5d39,delivered,2018-07-01 00:25:07,2018-07-01 00:48:32,2018-07-02 19:05:00,2018-07-03 21:06:53,2018-07-19 00:00:00
d5db5ade6120da8525cd7eac0608d009,49efae505182bd0c31e9afb8be694cb5,delivered,2018-06-04 16:58:20,2018-06-04 17:10:53,2018-06-06 15:03:00,2018-06-11 18:48:46,2018-07-17 00:00:00
3a754d9436ef0dd5d52e94a0e7ee2f0c,8bf209e6a80b1b6813fd5ef7cc0859a9,delivered,2017-07-31 09:09:01,2017-08-02 16:43:38,2017-08-03 19:07:33,2017-08-04 16:51:35,2017-08-11 00:00:00
f4b0d21e2191cfc01c5930109fd7756c,ee519cedd5a973f8c6f245c1b2da22e2,delivered,2018-04-06 09:43:41,2018-04-06 09:55:10,2018-04-07 01:04:22,2018-04-07 16:28:36,2018-04-18 00:00:00
3ac3d00c110eba19a72b3a2c8b8b8e38,0f4e44ea6ea0a296018a776d4c5c5cde,delivered,2018-05-10 14:40:29,2018-05-10 14:57:10,2018-05-11 12:25:00,2018-05-17 22:07:46,2018-06-01 00:00:00
07684a430f124ffa76c3415f04fb2ed5,f374a23494f580eda86c55a7443f6e28,delivered,2017-07-27 10:29:11,2017-07-28 08:35:41,2017-07-28 18:18:15,2017-08-04 22:27:39,2017-08-22 00:00:00
ffc29f864fd689fab9ae81be82baf8ef,77d2c30e1dff5d4440ec316f8a2ef2a2,delivered,2017-07-30 20:33:10,2017-07-31 20:43:11,2017-08-04 17:45:04,2017-08-09 19:56:29,2017-08-24 00:00:00
c61cf47bdc2201ee30ab321b7aa3ff21,6b8393e7df09b0728b63652a19d59a3e,delivered,2017-12-26 20:50:28,2017-12-26 20:59:29,2018-01-03 19:59:43,2018-01-16 20:42:40,2018-02-06 00:00:00
fba245de6698569b717828ad436f6fc9,e9cf1da2fc1a115c19f945adf4a10819,delivered,2018-01-07 21:55:58,2018-01-07 22:32:18,2018-01-08 21:19:36,2018-01-12 21:48:06,2018-02-02 00:00:00
96a902cd4b751087e41ef64474975946,224abfd20ba42fe6b394ba1e5a67b645,delivered,2017-02-28 21:09:07,2017-03-02 03:55:18,2017-03-03 14:05:19,2017-04-13 10:22:00,2017-03-24 00:00:00
b42efbd88abf3882f91928b08cf74d6f,7784b523efa600a47de73bd1e9f7f022,delivered,2017-01-24 17:11:53,2017-01-25 02:50:11,2017-01-26 15:13:00,2017-01-31 17:12:06,2017-03-03 00:00:00
65a9d3006386a380f4b594577a01cef0,fb611ba8817096ba3bdc1d9807f5cdac,delivered,2018-01-16 21:39:25,2018-01-16 21:51:29,2018-02-01 02:44:55,2018-02-19 12:13:32,2018-03-01 00:00:00
31b422e702720f306ecb8c6d4ec2ee06,00de350c10e898eb927e6a5440a30191,delivered,2017-05-01 19:26:27,2017-05-01 19:35:16,2017-05-03 11:20:07,2017-05-15 09:50:02,2017-05-26 00:00:00
72716d752663ddcb65277a2a9af7420f,b50bb33885963b372a199e1c3bc38d37,delivered,2018-02-20 17:45:38,2018-02-20 17:55:22,2018-02-26 22:06:38,2018-03-15 22:52:12,2018-03-12 00:00:00
75f959697b81c9b9eeddb7499941ecaa,e39f84b2bff6b8160f8257e7c1164c0c,delivered,2018-08-04 10:03:25,2018-08-04 10:15:18,2018-08-06 15:35:00,2018-08-08 19:28:38,2018-08-15 00:00:00
43815de1cf66f1ea104e0d114b8e1564,ad364862328f1b3bf6c9cedbd9f4ab80,delivered,2018-04-11 22:40:53,2018-04-11 22:50:20,2018-04-13 17:58:35,2018-04-20 16:19:27,2018-05-10 00:00:00
b4e38e01065499f65724c74404a21c64,5b6030a690297d70a2f2df507c586bb7,delivered,2018-04-20 10:39:16,2018-04-20 10:55:13,2018-04-23 18:21:31,2018-04-30 22:37:48,2018-05-17 00:00:00
af348cfa2c8539e4fc38335249aab3e8,be628d3037018532a334bf2f6889ec49,delivered,2018-07-20 10:31:30,2018-07-20 10:45:17,2018-07-27 19:02:00,2018-07-28 19:32:04,2018-07-30 00:00:00
bdb7914e757d235eaea872b4c9031509,0cec3ce8269e3f3a60be6d6dcf05e567,delivered,2017-05-24 15:31:18,2017-05-25 06:42:43,2017-05-25 14:35:33,2017-06-05 12:52:49,2017-06-23 00:00:00
246d8d7f7205077c174a7c1aa62f1440,52cdcd7db8c6b1026affa1a6f9004429,delivered,2017-12-07 19:16:05,2017-12-09 19:10:19,2017-12-11 22:56:46,2017-12-15 16:28:06,2018-01-02 00:00:00
9dce1279b896cb9d151b2649073089c2,36e34bda9665446a115a9d92af07ef16,delivered,2018-06-01 12:38:41,2018-06-01 12:52:10,2018-06-04 06:05:00,2018-06-08 08:38:51,2018-06-19 00:00:00
2aab3a740da24c9c894d61330645464d,eb93503140aca4af3794c611805b35f2,delivered,2017-05-09 15:22:34,2017-05-09 16:42:35,2017-05-10 09:50:23,2017-05-15 08:37:57,2017-05-29 00:00:00
c791909f76b64d893eb56aeed54be767,ab45e7a398426e153bba8316d497aa0e,delivered,2017-06-14 09:26:34,2017-06-14 09:43:03,2017-06-16 13:25:31,2017-06-26 12:26:28,2017-07-17 00:00:00
dfca7d8ebf03cc6118734497cd33e14e,ab9ad8ec2caab5ef277d76fdab958c0e,delivered,2017-10-03 18:48:58,2017-10-03 18:56:24,2017-10-04 15:53:03,2017-10-10 21:42:02,2017-10-25 00:00:00
1d9c50c894c0353c480222a9de8512a4,9b019db873f6ac74abb726288163456d,delivered,2017-12-21 07:48:42,2017-12-21 07:58:25,2017-12-21 15:28:35,2017-12-28 19:35:11,2018-01-16 00:00:00
9725ba7393be89844451138f83d13a11,a157e911caa6af2ed1cdb37830ec8b58,delivered,2017-11-12 09:26:31,2017-11-14 04:15:48,2017-11-14 17:02:44,2017-11-21 20:24:09,2017-12-08 00:00:00
7c6de5f0eea0d2f823e3dc3dc6e3ef4c,93bfec941b9c7d59bd6bf995d844a214,delivered,2018-04-01 12:30:13,2018-04-01 13:10:10,2018-04-02 13:05:32,2018-04-07 00:38:56,2018-04-19 00:00:00
4c5fc08caca3c520b9c4cbf83d2c14f8,0e839200645d7751582359afae0818af,delivered,2017-11-18 14:33:01,2017-11-18 19:06:15,2017-11-22 13:56:03,2017-11-24 14:12:35,2017-12-01 00:00:00
1825a3f130b2692290f29b53f5dd1c66,2524724f12cd991105b97685636cac6f,delivered,2017-10-13 09:39:11,2017-10-13 09:49:22,2017-10-13 21:09:06,2017-10-17 01:45:52,2017-10-31 00:00:00
34688497162fbb53b24e10738f912fa4,35b1a3161577151979b495f826641469,delivered,2018-08-14 21:28:20,2018-08-14 21:44:02,2018-08-15 14:04:00,2018-09-04 21:33:01,2018-08-22 00:00:00
a9b6d8e262a7af70b343cb113509e489,7110ad84c08dbbcd73eb4164e2eb988d,delivered,2017-12-03 20:44:47,2017-12-03 20:57:25,2017-12-06 19:24:58,2017-12-11 23:12:29,2018-01-02 00:00:00
98d069c561ebb323c7a43ec817b36dd4,8f9c453d4c1deab9d6ed3da172b94200,delivered,2017-11-21 18:09:39,2017-11-21 18:17:27,2017-11-24 17:44:44,2017-11-26 18:37:21,2017-12-08 00:00:00
2388c04ea924e96663a57113cf1d7425,59a600cdfd73de5d7a12dc35f9b0443a,delivered,2018-03-09 08:39:05,2018-03-09 09:28:26,2018-03-12 19:58:37,2018-03-20 22:21:24,2018-04-03 00:00:00
5aaf5359952da832a493aaa6e4269d9f,f49b2fd3d290c3b75e8788498bcd9e98,delivered,2018-02-22 07:44:07,2018-02-23 02:31:15,2018-02-24 00:03:28,2018-02-26 20:48:41,2018-03-08 00:00:00
8906d9dd8d476768948e2709395ae912,04793d54bfc5338e1852fed0a18ea3a8,delivered,2018-05-15 13:41:13,2018-05-16 03:15:10,2018-05-16 15:07:00,2018-05-21 12:03:57,2018-06-04 00:00:00
5a1c6fbb26d08c5385bc4b9b066f2bca,8cdca44e9e54f247f3472bf8f28e63e3,delivered,2018-04-27 17:33:30,2018-04-27 17:51:42,2018-05-02 15:15:00,2018-05-14 15:57:48,2018-05-24 00:00:00
a77e882c9c59d8664553d1385390b6ae,9b458fc3c90b744c006fbde76f22769a,delivered,2017-10-23 12:00:33,2017-10-25 02:08:37,2017-10-25 20:52:51,2017-10-31 21:47:44,2017-11-13 00:00:00
ff0fc662abeada5aedb2f3a0279628c3,81b645548b83aa9c8f177f5509d54cfd,delivered,2018-05-03 22:59:46,2018-05-04 00:52:54,2018-05-05 08:40:00,2018-06-04 23:32:03,2018-06-05 00:00:00
34e974a7933cdef65a81519b29e3bb26,f0fbeb9756b77e7f9fab29a9eab784a6,delivered,2018-02-26 23:33:36,2018-02-28 09:29:32,2018-03-02 00:03:42,2018-03-27 15:17:39,2018-03-28 00:00:00
8d9de4f71359b674f9e16be4c40bf358,7cf345a01640ff975fc5e3baea23e56a,delivered,2018-06-15 00:04:40,2018-06-15 00:19:15,2018-06-15 06:15:00,2018-06-19 18:28:42,2018-07-05 00:00:00
dd83bcfbba569f573c6e7290d3092506,03493176f2a79c72181b9f75f539c55b,delivered,2017-08-16 16:29:31,2017-08-16 18:10:22,2017-08-17 15:09:06,2017-08-21 09:39:08,2017-09-20 00:00:00
8b8eff044126a94388def4b95db32ccf,020c3bb8476e9193550d4c308c1e45de,delivered,2018-04-16 16:06:10,2018-04-18 08:34:52,2018-04-23 12:58:57,2018-05-03 21:54:38,2018-05-17 00:00:00
bd6db30a785b2562c0fdba187450a2db,04a1baab9cbc43e54f00c5c243a4366a,delivered,2018-08-23 10:53:55,2018-08-23 11:15:18,2018-08-24 12:17:00,2018-08-29 18:27:41,2018-09-18 00:00:00
b418f47f5f940ca554e3010f3c009c8f,5acd1a67f329f6da37575c08b32b87e8,delivered,2017-11-24 09:36:20,2017-11-24 10:13:12,2017-11-29 22:46:48,2018-01-04 17:24:53,2017-12-22 00:00:00
70319d04aa0c847be6f9a23326f7bb6c,19a35c7fca09991bec956f11a02543c5,processing,2018-04-30 18:55:03,2018-05-01 02:15:39,,,2018-05-25 00:00:00
316119df99801d35bea84dbe48f4765e,50c59de5f940db0689080c7a6c6be54f,delivered,2017-12-21 09:01:00,2017-12-22 12:33:31,2017-12-26 17:48:13,2017-12-27 20:37:47,2018-01-10 00:00:00
ff8f8f9123b73422b7a732a02483d9e2,6a029307b24c4e85eb7f8b54d28f531b,delivered,2018-08-18 16:29:06,2018-08-18 16:50:16,2018-08-21 11:27:00,2018-08-24 20:28:43,2018-09-10 00:00:00
9598b1f75e82917256f2fda897e5dbdf,21cad034f035196d4c21074d41f5d701,delivered,2018-05-10 19:27:38,2018-05-11 03:37:45,2018-05-19 06:14:00,2018-05-28 15:44:34,2018-06-01 00:00:00
8c6bfa76e0b4be56db6c43f35db2d4e0,3a0eb9e1b206d86984425581cc2e6f58,delivered,2018-04-08 11:43:25,2018-04-08 11:55:17,2018-04-09 18:51:30,2018-04-11 20:19:05,2018-04-20 00:00:00
d1a400ce562574516f7678085b06cb43,378b3a1eb52e28bd3657d8639fb563d6,delivered,2018-07-24 13:12:29,2018-07-24 13:25:13,2018-07-24 13:58:00,2018-08-03 23:34:27,2018-08-13 00:00:00
b61519b912ded530fcb3fcc9103fcff2,5c6fc6203282033c16b64ea68ed111e4,delivered,2018-07-21 15:45:49,2018-07-21 15:55:11,2018-07-23 16:50:00,2018-07-25 19:11:55,2018-07-31 00:00:00
ca3b58af42b9daa0734a85b70fefb260,83f3fbb00f10d67c1a2a0173c6b49b23,shipped,2018-02-07 01:59:12,2018-02-07 02:10:21,2018-02-07 18:18:28,,2018-03-12 00:00:00
29c82ccd5237fc5a875f59fd3c6c1c0d,77e5806ecf9fdef81ef001f1b9fb425f,delivered,2017-06-16 17:00:34,2017-06-16 17:15:16,2017-06-21 18:57:47,2017-06-24 09:47:47,2017-06-29 00:00:00
ed74b2249d7641a1a372251783b088d5,5772febf15640624d43fb155efde3061,delivered,2017-10-27 13:34:12,2017-10-28 02:50:53,2017-10-31 18:51:32,2017-11-07 17:42:23,2017-11-16 00:00:00
ef8e8348ba291917542268f900fac505,89baab6924c357bb87101f06523bf1a1,delivered,2017-03-01 13:25:04,2017-03-01 13:35:13,2017-03-01 16:12:05,2017-03-07 10:37:44,2017-03-21 00:00:00
aded763e095ef505747ec7376f7310ef,df98e095ab670c3abe0a814e160ef507,delivered,2017-11-08 20:24:38,2017-11-08 20:35:54,2017-11-09 16:09:30,2017-11-21 20:38:31,2017-12-11 00:00:00
404c087c1f661898fcfe9d4c4b1480d7,1ce70910bc16481433b771949f74552c,delivered,2017-02-24 22:55:52,2017-02-24 23:05:16,2017-03-07 15:02:21,2017-03-13 11:04:15,2017-03-28 00:00:00
fbd3991898630a7003a6c900b2b0ed7c,7f999926bdad61c9e3d5442fe294ef2f,delivered,2017-12-23 00:24:55,2017-12-23 00:35:29,2017-12-26 19:03:15,2018-01-23 02:12:08,2018-02-05 00:00:00
5aaa1fab54b179cb7c048131f1ea8f78,dc1a55154836abe604137fb9a1a1b6fd,delivered,2017-11-26 00:21:53,2017-11-26 00:33:27,2017-11-29 22:37:45,2017-12-02 00:41:54,2017-12-12 00:00:00
362b6af60a35f334d6df5c237a9897c4,3b101001377166d378279d7a33405c4e,delivered,2018-04-14 17:09:51,2018-04-14 17:32:12,2018-04-17 22:18:25,2018-04-25 22:12:10,2018-05-14 00:00:00
3e4a2b96719ecae342e5d413e97a1be2,a93e6e1bad3b9d95239b7dd652a1ff13,delivered,2018-02-27 11:06:32,2018-02-27 11:15:32,2018-03-12 18:22:25,2018-03-21 22:38:25,2018-03-21 00:00:00
9d112e41d85aec5101964866c4801784,b2afa88ef592c0ea21561b3161d1fc83,delivered,2017-08-31 15:06:55,2017-08-31 15:24:46,2017-09-01 17:07:50,2017-09-12 21:59:41,2017-09-27 00:00:00
816210a15f4fa3b8fbc41acdb76f4733,96e3967a4dd44db7e946f46988281df4,delivered,2017-05-08 22:36:56,2017-05-08 23:42:27,2017-05-15 06:44:39,2017-05-23 14:03:58,2017-06-01 00:00:00
8f367420ab5fc7305b7383f29ef4ed4e,56be20830570df2c36d2935be6f1e417,canceled,2018-01-30 22:32:13,2018-01-31 20:30:52,2018-02-01 22:47:53,,2018-02-23 00:00:00
44ac5be3803a136ad51df67f789a2dab,777383b5753753a9c3fbe33e966567e7,delivered,2018-04-20 09:01:16,2018-04-24 18:35:57,2018-04-24 01:17:50,2018-04-25 01:30:59,2018-05-07 00:00:00
993fdd67bb09daf3cfa570484782ae5e,02147933803d610875878623ed98c7d1,delivered,2017-05-05 09:01:37,2017-05-05 09:15:16,2017-05-09 14:09:43,2017-05-16 22:52:53,2017-05-30 00:00:00
a7255b91d9eb85148e57c8238cc67214,07eec386a53111e17e55f958947dfd4b,delivered,2017-12-15 17:57:08,2017-12-15 18:41:59,2017-12-18 16:36:54,2018-01-04 14:24:39,2018-01-30 00:00:00
8dd77e1eb85a144a90a50d1a813bf84a,41c983dc687ad44bb790cd5840612d3f,delivered,2018-02-14 10:00:46,2018-02-16 07:50:50,2018-02-16 17:17:18,2018-02-22 21:45:16,2018-03-02 00:00:00
c4ff8f56a1fdb2e9dcb882b73903d104,a875682b67eb7d30c5fdd0408711e669,delivered,2018-04-25 15:59:08,2018-04-25 16:53:26,2018-04-30 14:49:00,2018-05-04 23:31:28,2018-05-10 00:00:00
2c23086c23ba12b76e8312efa418c62d,e0e226f1c923bbf1ddfff85365e8933e,delivered,2017-04-04 22:12:24,2017-04-04 22:22:44,2017-04-05 16:07:38,2017-04-17 08:05:11,2017-04-25 00:00:00
c930f0fb9c6fed6ef015de48ea8dd5ea,8c0a910554ce1592ec6402e94e232ab9,delivered,2017-07-31 14:46:47,2017-07-31 15:05:14,2017-08-01 14:51:38,2017-08-02 17:25:04,2017-08-14 00:00:00
9f40e393aa9198eec21f6c89f378da4c,2577a8a483e4c65a4e9256b90de22f4d,delivered,2018-06-25 16:02:53,2018-06-27 09:11:27,2018-06-27 07:56:00,2018-06-29 15:28:52,2018-07-17 00:00:00
fc62afb57b86ee5363aee2b7c04421c0,2c5fa55f96afc893b29c94255b4b7ad5,delivered,2017-12-04 10:58:22,2017-12-06 17:34:23,2017-12-07 18:49:03,2017-12-13 13:17:22,2018-01-09 00:00:00
dc38e52fa44c2617addf64cf5787780e,ed7a2717fe99c4f89746804d399a4e6e,delivered,2018-01-19 14:44:00,2018-01-19 14:57:25,2018-01-26 17:11:56,2018-02-15 01:18:32,2018-02-20 00:00:00
a073cf1c562686644bf7be677ad35b3d,42a83ad36631f91c083ca28318f5c24d,delivered,2017-11-07 19:38:03,2017-11-07 19:50:54,2017-11-08 15:46:35,2017-11-15 11:27:27,2017-11-27 00:00:00
d219d37e7efeb5f720d562521eef772b,1a8634298e40d90da9a1b11d1434cf2b,delivered,2017-07-21 10:25:35,2017-07-25 03:45:20,2017-07-26 10:17:44,2017-08-12 17:09:52,2017-08-22 00:00:00
952dfc4bcc1dce2062c0b0575ec23db7,8de1e48bcdf39b47ab42e9b32b9772d5,delivered,2017-11-17 08:02:20,2017-11-18 09:29:17,2017-11-24 18:35:23,2017-11-30 18:27:14,2017-11-30 00:00:00
4dcf36a6420bf67ae5326a294ef1bcc3,0fcccf66f19e899aaaeac881f43c012d,delivered,2018-07-03 09:36:25,2018-07-05 16:27:36,2018-07-04 06:48:00,2018-07-11 22:37:53,2018-07-20 00:00:00
84cedab09d15fbd3bb87956434d61573,71e0544719fa3df92e71213e2e83fb4b,delivered,2018-07-20 15:57:07,2018-07-20 16:05:30,2018-07-23 11:45:00,2018-07-27 07:22:40,2018-08-08 00:00:00
5cdad9598ab8686c137c2ad8c24d4803,72835445167408da77e382199e203451,delivered,2017-11-06 16:46:47,2017-11-06 19:36:09,2017-11-07 18:42:22,2017-12-12 01:12:19,2017-12-07 00:00:00
e1a3812afec72cd377060bfcf9dbf91e,96d410aaee618eeb06de133dba6b447b,delivered,2018-04-21 11:52:55,2018-04-24 18:33:07,2018-04-24 20:22:42,2018-05-17 23:22:51,2018-05-18 00:00:00
333949e8d3532d52be513adc226bc7a5,7eac6328884607e8dd6a1023cda571af,delivered,2018-05-17 16:39:45,2018-05-18 04:55:22,2018-05-18 10:48:00,2018-06-13 15:44:36,2018-06-07 00:00:00
3a430e3b4726aa29854e7fc28fc77761,aded5846154a6b4a05daedda99c15323,delivered,2018-05-04 23:18:55,2018-05-04 23:33:50,2018-05-09 16:19:00,2018-05-14 16:48:48,2018-05-25 00:00:00
c0e9dcdcd3862119d8650ae98410faff,616466bd090f63f7898fc58b61970ee1,delivered,2017-08-30 22:03:56,2017-08-30 22:15:13,2017-08-31 16:37:52,2017-09-01 17:59:58,2017-09-12 00:00:00
4ee25083ee6cc047adea4955dce72c6d,4caac2b083c3e53c597c4362c61f2598,delivered,2018-04-11 00:03:20,2018-04-11 00:15:26,2018-04-13 20:41:24,2018-04-23 18:27:49,2018-05-03 00:00:00
d6433f92f95904f2d4a77beb2769e8b2,13ba8801cf584ba4d16ebee647f2dfd6,delivered,2018-05-05 19:09:55,2018-05-05 19:33:29,2018-05-08 13:39:00,2018-05-11 20:34:43,2018-06-04 00:00:00
6a6b5f5c1957d008772dc54c84a0980f,09dd5b8cd013d6fe41dc343609a44cc2,delivered,2018-04-05 12:39:41,2018-04-05 12:55:35,2018-04-06 23:28:50,2018-04-09 13:52:49,2018-04-20 00:00:00
ec250576de989120ce229e49bae2e72c,320f11397eed52480b8a85e858331538,delivered,2017-02-04 11:13:31,2017-02-05 11:21:53,2017-02-06 10:32:16,2017-02-14 10:33:05,2017-03-01 00:00:00
460b00ca293dcd679c0c580ec1982f64,cc78bdf21d2e7ce9282173a7c988e998,delivered,2017-11-11 19:20:10,2017-11-11 19:30:50,2017-11-14 16:29:07,2017-11-23 20:14:30,2017-12-11 00:00:00
ff7b636282b98e0aa524264b295ed928,eb09a9c966e7801d1ab6ccb15baa96ef,delivered,2018-02-17 14:46:29,2018-02-18 15:35:35,2018-02-19 17:15:12,2018-02-26 21:35:20,2018-03-13 00:00:00
6b256beca574a0dfeb3cb16afb216061,46ad2a4627eaff989f09ed085a63f0f8,delivered,2018-02-03 18:07:36,2018-02-03 20:10:19,2018-02-05 22:16:22,2018-02-14 13:04:05,2018-03-01 00:00:00
23d0c6798618d5bfc02a9d517e79a641,437fd71bb6a1f6fae1a78eab396ecc2e,delivered,2018-04-01 21:01:06,2018-04-01 21:48:13,2018-04-02 16:19:14,2018-04-04 02:55:27,2018-04-12 00:00:00
2ea06e4e577c7be86e2e35ab0d7e74b8,dd8adebabc801bb0fed474be66be9f92,delivered,2018-05-09 13:14:53,2018-05-09 13:35:00,2018-05-09 12:52:00,2018-05-15 15:38:51,2018-05-28 00:00:00
89b55ee54073439836589d42a92ddb33,1667139087d31a573de9e38c5800835a,delivered,2018-03-15 19:07:58,2018-03-15 19:20:42,2018-03-16 20:34:35,2018-03-29 14:08:26,2018-04-10 00:00:00
de6ea8b619d37e5f86f1566fb3136a15,de416864fefbc148110c3951c25fe872,delivered,2017-10-30 10:40:22,2017-10-31 10:35:21,2017-10-31 21:29:06,2017-11-09 19:26:47,2017-11-24 00:00:00
58346246ea802a21cb34124ed2326770,0922ca5cbf709f1cbbcf0121e4eaba91,delivered,2018-07-11 17:17:37,2018-07-11 17:25:53,2018-07-12 15:15:00,2018-07-13 17:58:42,2018-07-19 00:00:00
8b603b48fa05d66935f7c27466bf9293,e3e19da7f1de845ef556c5191c0fccf6,delivered,2018-03-14 11:23:27,2018-03-14 11:35:37,2018-03-19 22:32:09,2018-04-03 20:56:38,2018-04-05 00:00:00
dcaf612dbd866a980d731b8a1b8fce59,b9c50863af770d30bd3a14719df9b726,delivered,2018-03-31 13:15:30,2018-03-31 13:27:16,2018-04-02 17:16:58,2018-04-03 19:27:31,2018-04-12 00:00:00
726dc9c6c71556f7c7ff01eb24278bd9,a3552008b1cf707a84d3c8124acdb7ca,delivered,2017-12-02 18:45:26,2017-12-02 18:57:21,2017-12-05 02:34:26,2017-12-10 15:59:16,2017-12-28 00:00:00
847e04c1fabd29748790e74c1430c603,456689adc192943c460cdefd37b4ccfb,canceled,2018-08-06 20:05:00,2018-08-06 20:25:19,,,2018-08-13 00:00:00
8ecc75b89cac1a60578b65339ad6a169,ab5e250b91db7cff17070cdf5cad37ee,delivered,2018-06-14 14:54:24,2018-06-14 15:20:30,2018-06-15 14:29:00,2018-06-20 11:35:31,2018-07-04 00:00:00
6bf23bc0b1c629639c42e76d525ea1a0,fe90652327c5b552bf56d431f882ad20,delivered,2017-11-09 13:21:04,2017-11-09 13:35:30,2017-11-13 22:56:46,2017-11-21 22:07:40,2017-12-04 00:00:00
202b0e2a72ae812b73b645d02a6b1bc0,428d17477be86381ead9c16e52c0528c,delivered,2017-09-20 21:08:06,2017-09-20 21:25:06,2017-09-26 17:12:28,2017-10-03 19:58:08,2017-10-18 00:00:00
f4d8adf14699f63ee2a2c3a6a43a1d0c,d4de81de6b255769e95b62a6f80eca2b,delivered,2018-08-07 14:50:14,2018-08-07 15:05:14,2018-08-07 22:32:00,2018-08-08 15:22:18,2018-08-13 00:00:00
39e9c38b504f39d0e4ee71af8823bc45,a5bce1b77eb9af9890cc3f9472a19844,delivered,2017-06-20 10:42:59,2017-06-20 16:45:32,2017-06-26 16:24:44,2017-06-28 19:12:55,2017-07-03 00:00:00
717903b4b996a7ae799b0c76b779fa0c,57f0329a42dc7c06a16fc1abebc1e84c,delivered,2018-04-09 18:28:14,2018-04-09 18:50:00,2018-04-10 19:02:58,2018-04-11 19:51:33,2018-04-19 00:00:00
587db1c1aa53b800cbf81582f39cc672,5b26f35249b0f0f479cdd89bb9fb5edd,delivered,2018-01-23 17:13:20,2018-01-23 17:21:30,2018-01-24 17:52:26,2018-01-31 21:13:20,2018-02-21 00:00:00
47420d7f7e141ae9974351d8a438f759,55cae1e7c9b2dd0420cf1f95699d77a6,delivered,2017-09-02 11:37:53,2017-09-02 11:50:23,2017-09-04 22:05:58,2017-09-12 17:33:42,2017-09-22 00:00:00
b0e65df29a0a85006409d9a2f2da4b01,8352b8e0095399b0666b8b7b1a95a561,delivered,2018-03-25 21:34:57,2018-03-25 21:48:22,2018-03-26 22:38:56,2018-03-27 15:48:53,2018-04-20 00:00:00
2b1313fd0314bab6ab57ffc7725febdb,49c55e79af641e5db8f27d66d690bd81,delivered,2018-01-24 16:12:58,2018-01-24 16:39:17,2018-01-26 12:58:49,2018-02-08 23:03:38,2018-02-08 00:00:00
2ffb8e2050ae93716f72226de572ab0d,8f6897eea837b76a043cefd94ddcf4be,delivered,2018-08-14 17:13:56,2018-08-15 19:04:04,2018-08-16 11:35:00,2018-08-29 15:06:32,2018-09-11 00:00:00
79a1e2d3510d26bc14308f2e691a9804,75dde84882a9744fea5b751b8e35ca90,delivered,2017-07-21 10:44:30,2017-07-22 11:10:11,2017-07-26 18:53:36,2017-08-08 11:07:44,2017-08-22 00:00:00
c81d1d3f8deeded6af5d352021b5a188,f7f8813f575553b785f3a37652488027,delivered,2018-03-28 16:16:20,2018-03-30 03:08:56,2018-04-02 22:21:19,2018-04-03 15:04:48,2018-04-10 00:00:00
08e8db59cdb3cd620eda092781cf84ad,61d9f7ce8890eb093b0246f89c1c896d,delivered,2017-11-24 20:35:14,2017-11-24 23:34:07,2017-12-01 16:09:12,2017-12-11 18:37:42,2017-12-18 00:00:00
3efd0db4e238cc683c2e6c2bd7944b97,0107c38d1ad737e7508cc65067b25d10,delivered,2018-05-10 20:41:16,2018-05-10 20:57:56,2018-05-11 09:40:00,2018-05-21 19:16:30,2018-05-30 00:00:00
24d1b74a97e959cf2ed7190dcc02e726,06369c2ee3b11ec9c30ef9e8ea3ca97a,delivered,2018-03-21 22:09:48,2018-03-21 22:27:43,2018-03-22 21:13:30,2018-03-29 22:26:47,2018-04-19 00:00:00
bcd02f9a1aba6a6d65dca88c18107f09,38b74cc031acb9c0544dad2391472e2a,delivered,2018-04-18 22:16:32,2018-04-18 22:31:17,2018-04-20 18:52:40,2018-04-27 17:36:55,2018-05-29 00:00:00
906f3bc1c109fc6476f1d3002448f260,e36003b61f157c0ecefdee172a637fa0,delivered,2018-03-06 16:03:17,2018-03-06 16:41:02,2018-03-08 18:58:45,2018-04-09 16:36:37,2018-04-03 00:00:00
3da4b0f0c89bb8fee8a810459e641414,2415312e36eac3ab3819f5b7f32522e5,delivered,2017-06-08 16:46:33,2017-06-08 18:20:19,2017-06-12 15:31:40,2017-06-13 13:23:01,2017-06-23 00:00:00
a9226b72b35dcadd237ea0c46e5ca31b,6a239e8985c0fc11d1b57b9b189f9302,delivered,2018-01-05 19:14:15,2018-01-05 19:27:40,2018-01-10 22:18:09,2018-01-31 17:28:04,2018-02-02 00:00:00
976d43cb798a1624b39076696b1b6524,141c3bffe4f9ee817bf6d37a4ba1b65e,delivered,2017-11-15 12:07:16,2017-11-15 12:26:55,2017-11-16 22:32:44,2017-12-04 23:06:27,2017-12-12 00:00:00
9d71ed3bdd31105ae9fff4690e74b78d,17cfb5477c2932c7ccea2be346ae4a14,delivered,2018-07-18 22:34:08,2018-07-18 22:50:14,2018-07-20 12:11:00,2018-07-25 20:42:40,2018-08-08 00:00:00
d497ded2ccd602dd16411b12b379f432,d474e533438fe56c31460ebec1686754,delivered,2017-09-05 09:33:45,2017-09-06 12:43:38,2017-09-12 21:25:36,2017-09-20 17:04:51,2017-09-27 00:00:00
e3666b7c6eae23a285267dd0851c5ae1,60e00d7edcd8f89eb0af755e9eea3c6a,delivered,2018-02-09 21:29:09,2018-02-10 12:07:41,2018-02-14 20:19:00,2018-03-02 17:17:41,2018-03-14 00:00:00
3ea45d5f974b611d993c786591f2c6c5,448c72f07cc0cc6295bbc4d4d7e2c14b,delivered,2017-11-09 23:51:51,2017-11-10 00:07:06,2017-11-17 21:46:51,2017-11-28 23:57:11,2017-12-04 00:00:00
11f10acabb1552521a9a7ca484aabd64,9107a1be2b8b1e2d453bd9d24db120dd,delivered,2018-07-20 14:55:56,2018-07-21 03:25:13,2018-07-24 14:09:00,2018-08-02 14:22:19,2018-08-24 00:00:00
b2e5be9642d390480c19fbc80e533de6,250db83427885000b3aa996cf9dc3a72,delivered,2018-04-16 13:41:24,2018-04-16 14:35:11,2018-04-17 00:03:11,2018-04-30 20:34:36,2018-05-07 00:00:00
d2aefa1e404936eb9c5660ac2bde4ecb,4143e540a8eeca082e8749064bb16280,delivered,2018-04-28 13:50:23,2018-05-01 06:13:39,2018-05-02 15:15:00,2018-06-04 18:48:44,2018-05-25 00:00:00
2107484004fafd3fa95b3ddefb066aed,c7aef0278d3d09b9f80219ae272cc0cd,delivered,2018-01-07 18:47:26,2018-01-07 18:57:34,2018-01-15 17:17:02,2018-01-16 19:56:47,2018-01-24 00:00:00
452053a4ee7ad52552d9102101ff4635,cc309d30a86e1ffacdce0b86296d69dc,shipped,2017-06-11 19:08:12,2017-06-11 19:15:16,2017-06-12 10:12:32,,2017-07-05 00:00:00
3322def88876cefd455c98956089a062,4bf7fc5e4c8864c7c02ad8db81d2e804,delivered,2018-06-29 20:09:38,2018-07-05 16:24:37,2018-07-06 08:41:00,2018-07-12 20:38:28,2018-08-03 00:00:00
f882dc69fbc15adb2c82cc8898c3c917,5dcc806f43bc57d5eee24e1e6c10a5fa,delivered,2017-08-03 20:50:07,2017-08-03 21:05:13,2017-08-07 17:28:19,2017-08-10 16:14:09,2017-08-29 00:00:00
3386674e0363653ac5f71597d88d80fe,d057951b2e010930970d111b015bc37d,delivered,2018-07-23 12:04:23,2018-07-24 13:24:53,2018-07-24 14:42:00,2018-07-31 18:42:16,2018-08-10 00:00:00
e6bb409c7115979984f53a191daf6a1d,61394198d41ef8190da8913ab2f9c168,delivered,2018-08-15 20:47:47,2018-08-15 20:55:28,2018-08-17 12:05:00,2018-08-23 23:32:56,2018-09-03 00:00:00
4f348896f3a3026792f1e8794746263d,930b16e4f16b2e13a346bd2c232ef0c6,delivered,2017-11-24 13:16:06,2017-11-25 05:59:31,2017-11-27 19:59:52,2017-12-01 00:33:08,2017-12-08 00:00:00
2a48623a075ed7b21c8f9ed3ab513674,70402b5d4e89d75ccb09787eb910a146,delivered,2018-06-05 18:50:05,2018-06-05 19:13:41,2018-06-11 14:44:00,2018-06-16 16:32:06,2018-07-19 00:00:00
574e7fa647bceaebe16109cf9380cb2b,62e36ed8385fad5554f9f1f5a9e8dbb8,delivered,2017-10-04 15:11:59,2017-10-04 15:28:09,2017-10-04 20:58:11,2017-10-08 15:58:03,2017-10-23 00:00:00
184223a0c4c2ed91aaa25b6b7752ad02,273a2c45979f0ebb2a9e1a250fbee706,delivered,2018-04-17 11:19:06,2018-04-17 12:30:00,2018-04-18 15:12:32,2018-04-20 16:16:38,2018-05-02 00:00:00
849e25f377587e96a7c12453f32f7fb2,2381dc24b79f58780240a6892ad9db15,delivered,2017-02-17 08:05:08,2017-02-17 08:15:13,2017-02-22 07:51:48,2017-03-08 19:37:49,2017-05-12 00:00:00
186a454110404a0ad7994b2853592901,ba49d0aa8b1e72ef7117c3cd4a6bbe88,delivered,2017-02-23 14:44:21,2017-02-23 14:55:24,2017-02-24 16:58:13,2017-03-07 11:13:19,2017-03-27 00:00:00
4ee079b7a0ce4db29edb51f5d333b338,ce547f55d4451c52c0619fbc6e73608f,delivered,2018-03-19 15:28:34,2018-03-19 15:50:50,2018-03-22 20:38:25,2018-04-05 01:04:52,2018-04-12 00:00:00
7d4bd3fbe5a300f9dc51aa3c63ad011e,c06ced9dfc8ab53bf20bc4f403a255da,delivered,2017-08-26 01:25:25,2017-08-29 04:50:38,2017-08-30 21:13:20,2017-09-01 19:25:50,2017-09-20 00:00:00
8aed60ebc9e0c32365fe7fcbe6138592,823c735d2299e974e39e525cf1125d56,delivered,2018-07-09 09:49:17,2018-07-09 10:05:09,2018-07-10 13:00:00,2018-07-12 22:07:40,2018-07-27 00:00:00
641682198a3f69b843b8d88fd145b8de,9a3feacf0ab6c455903766201558c15f,delivered,2017-08-19 21:23:39,2017-08-19 21:44:18,2017-08-21 21:42:38,2017-09-27 16:38:25,2017-09-21 00:00:00
718b42497723bf9bed7b3e37380e1a84,15f35717f8fc5167d010bdf70a86a45a,delivered,2018-01-18 11:03:24,2018-01-19 02:38:30,2018-01-20 00:44:04,2018-01-24 22:34:23,2018-02-14 00:00:00
47b4bf81340558dae3b914a280e01e9b,6c89a3dc26d1005e439d707eebeacc85,delivered,2018-08-14 08:02:03,2018-08-15 08:15:16,2018-08-15 13:55:00,2018-08-20 14:24:48,2018-08-24 00:00:00
06743668e599a5ca8cfe58b46d058fc1,593c6525b07d968df9a7989939d71738,delivered,2018-08-10 13:22:50,2018-08-10 13:35:15,2018-08-10 14:08:00,2018-08-22 22:32:51,2018-09-17 00:00:00
81f2057c0c9128404edf9896a9269d23,08134f392c78e4c4cc9ba45e21a542a2,delivered,2018-06-25 22:59:03,2018-06-26 00:33:18,2018-06-26 15:05:00,2018-06-28 16:38:32,2018-07-19 00:00:00
a3f9bebb285f1758e8c3115c754d76d4,f22908184f6c250227bab0453b879e35,delivered,2017-09-29 18:38:12,2017-09-29 18:49:22,2017-10-02 19:58:56,2017-10-06 16:19:04,2017-10-17 00:00:00
50182b772092990f9c237c00c8c24996,d9bda6cddcb5b6018967ef7e142e9965,delivered,2017-07-19 20:24:58,2017-07-21 02:55:24,2017-07-26 15:53:51,2017-07-27 17:46:25,2017-08-01 00:00:00
20171528a2535a40459caa7c39ff4234,597f5c79639cb341754f018424f7484a,delivered,2018-03-30 10:26:05,2018-03-30 11:10:11,2018-04-03 17:42:42,2018-04-04 19:54:26,2018-04-12 00:00:00
27d30c300e058c28a3db99bf39aee1ad,a62c69530073e68d2c7e8c407ee8090a,delivered,2018-02-22 02:49:05,2018-02-23 14:15:49,2018-02-27 16:59:03,2018-03-08 16:11:54,2018-03-26 00:00:00
cd55a3824ef5413fb6fedc755c75fe39,1997e90b0b53f6767e0cc31d58c1db54,delivered,2018-02-25 12:32:30,2018-02-25 12:49:08,2018-02-26 19:41:57,2018-03-15 18:33:13,2018-04-04 00:00:00
481bab4ab953e59fd75574754371e676,57881a5d221c6786c46880c5358abb30,delivered,2018-08-03 11:42:26,2018-08-07 04:10:21,2018-08-07 15:33:00,2018-08-09 21:15:47,2018-08-14 00:00:00
9e55ecf53f805f324b146ed94f96ccb8,abfea012c84198a55091775654cd34bc,delivered,2018-04-15 15:37:07,2018-04-15 15:51:17,2018-04-17 01:16:22,2018-04-26 17:16:29,2018-05-09 00:00:00
ddd254b7f860427ef2a3edd452c9aa4d,cd76f44f6f6ca207f1a4ce700453374a,delivered,2018-01-16 16:43:26,2018-01-16 16:55:40,2018-01-17 23:48:28,2018-02-05 13:07:43,2018-02-09 00:00:00
fea59446572d8db3b8e9709ab5c096d6,bc2b4334acd8e2111cceaa040aa39e99,delivered,2017-12-05 21:27:45,2017-12-05 21:36:22,2017-12-07 03:17:27,2017-12-20 17:49:11,2018-01-03 00:00:00
e5b61208a742effced13b469b54fb4ad,29f01fc9468ddaafdc8f0d61e244d6e0,delivered,2018-05-05 12:28:16,2018-05-08 04:55:05,2018-05-08 14:21:00,2018-05-15 20:52:48,2018-05-29 00:00:00
303eb5cb4d788bba757d3b0a2aa5f270,7be913d53481da4195609f9dc1ea373d,delivered,2018-07-23 12:55:14,2018-07-24 11:32:05,2018-07-30 12:15:00,2018-08-06 11:48:26,2018-08-17 00:00:00
6b2d83ecc02efe5e25e6be904c023456,e234cd9396872f2de40b139ccedddd11,delivered,2018-08-17 11:18:22,2018-08-21 04:55:36,2018-08-22 12:14:00,2018-08-24 18:42:41,2018-08-31 00:00:00
f5e5bce7921ab21b3f8b99aad9667d53,00931eabd5b24b4a2d97ec779d739631,delivered,2017-05-24 03:14:20,2017-05-25 03:02:47,2017-05-26 16:03:57,2017-06-01 11:18:45,2017-06-16 00:00:00
f9f807903694bbf34df92036c1d192f6,76279334b4f440007e4ecb65eb713ea6,delivered,2017-11-12 21:43:58,2017-11-12 21:55:35,2017-11-16 17:06:08,2017-11-28 17:21:38,2017-11-27 00:00:00
49a12cdc30a64a726aa3c369ee8e2ef8,b0e88ad242cad980b051942a695fe171,delivered,2017-12-26 21:53:38,2017-12-26 22:02:20,2017-12-28 15:52:12,2018-01-04 22:58:44,2018-01-26 00:00:00
bdc62a1026f13c8b268f075b88b81a20,08ab2ec232b0a35e92e3fa0f137529ff,delivered,2017-11-28 10:49:19,2017-11-28 11:49:50,2017-12-01 16:59:24,2017-12-08 18:04:34,2017-12-18 00:00:00
cbbf05b335b2987a5dec3e32f3ebeac4,402c412f0d4238f4503618b86b509939,delivered,2018-02-05 14:10:18,2018-02-06 05:31:43,2018-02-07 15:18:25,2018-02-14 20:29:40,2018-03-01 00:00:00
571404a093e61054fe87db8b17beec73,d7440fbffd81b24d87b206be574d2604,delivered,2017-09-29 15:02:09,2017-09-29 15:14:14,2017-10-04 11:40:11,2017-10-11 19:59:52,2017-10-30 00:00:00
c4844a648661a8301e3f1fec6b95e195,a3f75bc9ece2710b9799855474eadcf2,processing,2018-04-02 11:24:47,2018-04-04 03:10:24,,,2018-04-25 00:00:00
13d519be7e5206509a15e017ab923f71,f2b29ebe8a1e00eb8f9273ae1adec012,delivered,2018-04-25 20:18:15,2018-04-26 03:51:34,2018-05-02 13:40:00,2018-05-07 19:33:31,2018-05-24 00:00:00
687c2552711e443577a0960e9dd5cb4d,f0eb9241899fc73d5a852f7993517e2e,delivered,2018-03-25 17:28:49,2018-03-25 17:47:42,2018-03-27 02:08:51,2018-04-05 18:27:54,2018-04-17 00:00:00
fb8cc84309560b14ab09d560ef375beb,a022a81ac1f3910954f1741372f6f09c,delivered,2017-08-25 23:02:45,2017-08-25 23:15:19,2017-08-28 15:48:52,2017-08-29 20:53:57,2017-09-06 00:00:00
24011f35927e676f392e9dc0f7a4b06a,8cb5215c25ad0689fc8460e4191233c5,delivered,2017-12-14 08:34:48,2017-12-14 08:52:10,2017-12-14 19:53:17,2017-12-26 22:57:50,2018-01-09 00:00:00
8bff3c1c4e7be54ba2c6e96173af9cbd,03c8a5c09464a476c67708e0ef65078d,delivered,2017-12-04 11:02:18,2017-12-04 16:31:57,2017-12-08 23:47:13,2017-12-20 18:32:44,2017-12-27 00:00:00
6782d250639c09c7c4e49e3cf17828a2,32a76ff73afc1bd3bb1300339764345d,delivered,2017-05-22 11:30:53,2017-05-24 03:10:28,2017-05-25 09:12:04,2017-05-31 07:55:46,2017-06-26 00:00:00
7277412b4dabb3b15f3511cc78e81125,8a06eb73f20ede01d69f7c464749790a,delivered,2018-03-26 02:15:00,2018-03-26 02:28:34,2018-03-27 00:32:13,2018-03-28 19:43:32,2018-04-06 00:00:00
cfeafb929e8e089a77a5941999a6c608,504d0f9e21cb1577eea28f19076379cb,delivered,2017-12-02 13:39:00,2017-12-02 13:50:16,2017-12-04 18:43:23,2017-12-24 14:18:41,2018-01-03 00:00:00
de120713387a2f5797786ebd0795ef04,013b46f9a2576623a655fd9469b7c583,delivered,2018-01-12 10:26:50,2018-01-13 04:54:41,2018-01-15 17:43:18,2018-01-22 21:29:08,2018-02-06 00:00:00
0327e299243edec0ed4f26712a05b910,e2696f174d3800f8f86fca7d33a82018,delivered,2018-08-06 18:16:20,2018-08-06 18:30:20,2018-08-07 13:11:00,2018-08-10 19:21:51,2018-08-14 00:00:00
27b974fdb1343121e2a97ab9bfe080e2,d5c2ad00773abc9e718dc31789b7d4a1,delivered,2018-05-21 21:09:32,2018-05-23 02:15:33,2018-05-23 14:57:00,2018-05-25 18:36:30,2018-05-30 00:00:00
f810d2ff6e68d3a6f99b7f6da33053d3,1ed2483b99a805594c26a689e5b153ba,delivered,2018-06-18 19:16:32,2018-06-18 19:39:56,2018-06-27 07:59:00,2018-07-02 19:05:11,2018-07-17 00:00:00
3f6722bfec2a8821209030cdc7ae23cd,13c417132e3c0f321b863c76b766465c,delivered,2017-12-11 18:13:43,2017-12-11 18:30:50,2017-12-12 18:24:59,2017-12-26 19:07:15,2018-01-11 00:00:00
da56c7c0b595c544c33fa7d3ea80de80,55c7a8330e2177f5de6edc17b623732f,delivered,2018-04-21 06:48:05,2018-04-24 18:39:37,2018-04-24 22:26:43,2018-04-27 15:33:20,2018-05-11 00:00:00
647255bbedcdf748e7496180374b0dfe,01231f8b1b36a9da85f695b48c2f18b2,delivered,2018-02-28 12:44:18,2018-02-28 12:56:06,2018-03-01 19:43:37,2018-03-09 16:06:29,2018-03-23 00:00:00
3deae78fe543fe7c561f18a237ad309e,fc63101cdeb7148093b5bf42644568d5,delivered,2017-11-23 23:00:11,2017-11-23 23:08:22,2017-11-24 16:25:46,2017-11-25 16:52:24,2017-12-14 00:00:00
af7b2ac1a7c361cd89e363c4ba77a885,3b6f4b0ac987534c2b360e65978a02d7,delivered,2018-02-19 10:35:54,2018-02-19 10:47:03,2018-02-20 19:09:12,2018-02-26 12:47:59,2018-03-05 00:00:00
16fd7497db9ad42ca340acfda623c1e9,97d60c4bdc2028096d7750589b412ae2,delivered,2017-10-25 10:14:46,2017-10-26 08:49:13,2017-10-26 18:28:02,2017-11-01 23:02:43,2017-11-23 00:00:00
65d1a82f9ce69290556d70fc555cba43,e5f657faf489a605ece3d14855b8f2c4,delivered,2018-04-18 09:26:43,2018-04-18 09:35:18,2018-04-18 18:28:49,2018-04-26 18:19:25,2018-05-16 00:00:00
c405d70e7eb2ef546a6e54524412a9f2,e1691dd56ea0646a2ae3fbac45b1d181,delivered,2018-04-17 08:24:54,2018-04-19 02:51:24,2018-04-19 21:52:49,2018-04-23 19:38:37,2018-05-04 00:00:00
c6b834f817f95bd7f31d78814dbb14ac,8cb472ad4da26b59f50a5fa1194d47b7,delivered,2018-05-08 18:42:08,2018-05-10 04:16:37,2018-05-15 13:04:00,2018-05-16 17:13:11,2018-05-16 00:00:00
9d76974325109da947615c96eac22698,4840b77c0a6401c19133b159163d0061,delivered,2017-11-23 23:07:26,2017-11-25 06:15:10,2017-11-27 23:16:49,2018-01-09 18:09:09,2017-12-22 00:00:00
c9e0c39985eec7874e2902fbc6256be6,5d65ba8b30ada8fdd15195fa18e29e51,delivered,2018-05-25 11:13:26,2018-05-26 02:31:26,2018-05-29 07:31:00,2018-06-05 08:45:00,2018-06-20 00:00:00
0b838846dd20161681d3072fbc6765ff,fa9aeaaa3b42642c3b1d4e53f0ef1d2b,delivered,2017-03-14 08:28:35,2017-03-14 08:28:35,2017-03-16 03:37:40,2017-03-27 13:35:58,2017-04-10 00:00:00
171398a0cd843c65ac78aee9e05a1f49,f0244902c07b7c0799e468218579a925,delivered,2017-01-18 16:07:37,2017-01-18 16:15:20,2017-01-23 10:02:30,2017-02-03 12:51:58,2017-03-20 00:00:00
2e4950942a89079792a52127600284e5,c4b86ab8de94a7f4f9f46a1fbf57f4ca,delivered,2018-08-02 12:05:23,2018-08-02 13:04:36,2018-08-06 13:40:00,2018-08-08 17:44:44,2018-08-09 00:00:00
aeec65719910d5eeace9b241999be456,017b60010b64f28dcc98161205bbf51e,delivered,2018-08-11 21:41:23,2018-08-12 21:35:20,2018-08-13 14:45:00,2018-08-16 17:54:24,2018-08-22 00:00:00
9660767a8d96cb12bf8bd94b3797bb75,b1407d31724e2a3f513877e516bb0c47,delivered,2018-04-03 21:19:32,2018-04-03 21:30:12,2018-04-04 23:47:40,2018-04-17 13:26:42,2018-04-27 00:00:00
1336838d0eba0be4e38d6f917665d23e,79eb118c0512b47d7211588880f00c25,delivered,2018-02-17 21:56:18,2018-02-20 07:11:13,2018-02-20 20:32:48,2018-02-21 22:08:36,2018-03-06 00:00:00
c21e65a4acbd5b33beb95820d4894e22,6f9f9f498ccdd625cb0b6d623957fefe,invoiced,2017-11-24 11:17:26,2017-11-24 13:16:37,,,2017-12-18 00:00:00
0101aea69a09e1aa32caa6dbaba98503,55e153b503a15cf10845bacbb3b4d616,delivered,2018-05-26 13:07:51,2018-05-27 13:10:20,2018-05-28 14:08:00,2018-06-16 19:34:39,2018-07-19 00:00:00
7e67ea8ab775d8201ff8058366cb4d8f,fb24d6ed4f2167589637ae1cbf69e605,delivered,2017-06-20 15:10:43,2017-06-21 02:25:45,2017-06-22 17:20:05,2017-06-29 11:10:16,2017-07-10 00:00:00
1011743f27a84fef8503f748cb1d951e,e2f0a1baa756cddbbfdd66856ecd91de,delivered,2018-07-23 12:04:15,2018-07-23 13:44:13,2018-07-25 11:59:00,2018-07-26 17:22:46,2018-08-01 00:00:00
43bc72f5380889da97627ba5ac7806be,0a4cfbeec9f7324a7b93e40928916004,delivered,2018-05-02 04:59:25,2018-05-03 03:53:02,2018-05-03 11:27:00,2018-05-08 21:41:52,2018-05-23 00:00:00
7d4cbd9b923b192e7ee6c0667dc10bda,9c28fa4eac283acf8bd3fbac3358e9f3,delivered,2018-04-29 12:10:02,2018-04-29 12:33:01,2018-04-30 14:44:00,2018-05-04 15:55:23,2018-05-17 00:00:00
29e2bbe8a5ae911930d4212767050067,a399e13882d097e64ed0e25b2edcd6ab,delivered,2017-10-23 14:52:52,2017-10-23 15:07:22,2017-10-23 21:07:55,2017-10-27 18:12:37,2017-11-09 00:00:00
c8ce9a6ce9e77be6a9d5fe31e7496c34,3dc5b3bd7190f4a9617a3618e30e60e0,delivered,2017-09-21 18:07:47,2017-09-21 18:25:00,2017-09-22 16:51:28,2017-10-02 18:13:56,2017-10-13 00:00:00
a76350c88470281e23e8fb2a32fecd2e,a250f613f6bcde8c736ed7d5e04c26b0,delivered,2017-10-12 18:22:30,2017-10-14 18:34:49,2017-10-18 15:23:04,2017-10-19 15:42:22,2017-10-25 00:00:00
c2111fc685de07490729134e8d37188c,c5fcae9c4ceccb3bd3b8c816481359ff,delivered,2018-02-13 12:20:30,2018-02-13 13:28:05,2018-02-14 14:26:48,2018-02-15 13:58:58,2018-03-01 00:00:00
5252be17eb4a003fa9d9d4121f05687f,f3edf70749874d4dd444264b7db886bf,delivered,2017-06-13 12:44:35,2017-06-14 12:42:37,2017-06-19 19:06:15,2017-06-26 14:46:59,2017-07-07 00:00:00
62c5d13fc49db297fd55a998c9cde780,6a4e7243853b0524addc569804232fde,delivered,2018-08-08 08:46:02,2018-08-09 08:50:22,2018-08-09 13:41:00,2018-08-13 16:20:52,2018-08-13 00:00:00
50149964ce90871c2acee62879f37774,de1f15a4aedf2f19f56f213024c19734,delivered,2018-03-23 09:33:15,2018-03-23 09:48:19,2018-03-23 20:32:38,2018-04-09 20:21:49,2018-04-11 00:00:00
9f3f85ddc354be372be6cde53a577cd5,acc559579aefad3c725ffb1b7c7e4c45,delivered,2017-07-06 19:46:22,2017-07-06 19:55:21,2017-07-07 20:24:45,2017-07-12 12:52:56,2017-07-26 00:00:00
04ef688ecd44ca2621c3f78abfdf42f9,3a37dcd5837e170840e9bb335b8db8a2,delivered,2017-06-04 11:21:10,2017-06-06 13:15:42,2017-06-07 12:47:35,2017-06-28 16:38:46,2017-07-11 00:00:00
34de03b29a9f426dca5b1e1f5f0db23a,4e8aed07b9c792262ce1e3b539ede9cb,delivered,2018-02-04 21:56:50,2018-02-04 22:10:31,2018-02-06 19:58:44,2018-02-15 20:36:48,2018-03-08 00:00:00
8b73eaf0b3285e63a85d59785dda1605,bcbd2c2421ec0c9b4d893d069b789bef,delivered,2018-01-23 14:46:29,2018-01-24 02:37:39,2018-01-24 17:23:31,2018-02-06 18:46:41,2018-02-20 00:00:00
879789a8903f3f832bf5ab0417ea3a31,6a8ab1cd5158c7451562253ad39e8eda,delivered,2017-07-26 18:55:40,2017-07-26 19:10:14,2017-08-03 21:27:31,2017-08-08 18:23:06,2017-08-25 00:00:00
508e50f7d8c25e1a24d9d21bb4adaa79,4c7e3fd8d2554c665b7786714cec29b6,delivered,2018-05-13 19:13:01,2018-05-15 04:12:16,2018-05-15 14:44:00,2018-06-04 19:06:44,2018-06-05 00:00:00
a24330f9f979dd041f57f4c8f937c9ad,d32b227858607cb7294b71f92a52da93,delivered,2017-10-28 12:47:17,2017-10-31 04:15:18,2017-11-10 00:38:34,2017-12-02 12:35:00,2017-11-27 00:00:00
bbec0e8ff27f20abbd5b2fc0ab8a82c6,b90b0b7a2e5f7b78057247cd0db0ed51,delivered,2018-08-21 12:19:11,2018-08-21 12:31:35,2018-08-21 14:14:00,2018-08-28 22:51:30,2018-09-05 00:00:00
e813a30360cebcbde709b43acab13bda,b682318d8a8bcef0b05be97579624d66,delivered,2018-01-25 22:09:06,2018-01-25 22:18:04,2018-01-31 13:04:10,2018-03-02 20:38:54,2018-02-21 00:00:00
b0c24ba8fd93348465e99a9cfa27db35,e82226492769c23271bcb128343105bc,delivered,2017-10-18 17:37:06,2017-10-18 17:49:50,2017-10-19 17:20:08,2017-10-20 17:58:05,2017-10-30 00:00:00
682332c2474e425ea23c40848faa25e2,e0d50842eb1d45e542c592466bcc06b5,delivered,2017-11-02 15:43:52,2017-11-02 15:55:31,2017-11-03 20:39:38,2017-11-09 15:42:03,2017-11-30 00:00:00
934687c37e7180c1b553ffbf3485af95,7334efdf6ae2ad70391ed83ac5739170,delivered,2018-05-19 18:40:22,2018-05-19 18:58:33,2018-05-21 15:32:00,2018-05-22 16:36:44,2018-06-01 00:00:00
2b92e54af943b80a3cd1863fedfd6496,057ab3c9006d239fa05fca50c8be5df4,delivered,2018-04-07 20:27:04,2018-04-07 20:48:07,2018-04-10 16:19:01,2018-05-07 18:26:28,2018-05-11 00:00:00
748d3b50f6f4b32e9998bb62826d4812,35aabaccc2c7476c4dd5f81192a067d1,delivered,2018-01-18 22:35:25,2018-01-18 22:50:10,2018-01-19 22:28:42,2018-02-01 01:35:59,2018-02-20 00:00:00
e9deefc5724bd9c035dc3727fa4ad4d0,8c250695c6959b9f09b7c1139313f63f,delivered,2018-04-22 15:06:51,2018-04-24 18:12:14,2018-04-24 15:51:30,2018-05-07 11:38:37,2018-05-25 00:00:00
e61f21c687d3607657f3799b5e182916,66fe81ca7152f1820aa2514b3baff3bf,delivered,2017-09-29 02:15:28,2017-09-29 03:21:55,2017-10-02 14:57:39,2017-10-26 14:22:19,2017-10-27 00:00:00
75e0647c26de647eca3421e9cc66c9da,98fccc58a1c599a9894c7d8db5905c65,delivered,2018-01-07 20:37:56,2018-01-07 20:47:21,2018-01-08 20:42:39,2018-01-10 18:54:54,2018-01-24 00:00:00
1e89e2312f1a1fd948c615602f200480,a68df3fd3ee564762f7ccef42f3aa14c,shipped,2018-06-29 22:00:43,2018-07-05 16:05:46,2018-07-06 09:25:00,,2018-07-19 00:00:00
ef27899be3cc299d6e7b3a0d9c895809,a6a98e424638dafd3a75867ed4fbceab,delivered,2018-05-12 18:04:04,2018-05-12 18:35:58,2018-05-14 16:05:00,2018-05-23 17:45:43,2018-06-07 00:00:00
ee2201177cf7e3f0d85cfb44a6a548d3,c9eb51d4c73a71b76a9b1131ce6e5828,delivered,2017-07-24 23:14:08,2017-07-24 23:25:21,2017-07-25 22:14:46,2017-07-27 19:19:31,2017-08-11 00:00:00
daa1304bb2494eea83e9a063e948c703,971c5eadf986c2039482a93fb959c252,delivered,2017-06-01 17:59:54,2017-06-01 18:10:21,2017-06-02 15:58:04,2017-06-12 14:43:06,2017-06-28 00:00:00
8e1c983bb7b5583c8b0e8a2d2f47677e,d9d16bdf58eb3782f9f4fe2c2920ebf8,delivered,2018-05-13 16:56:31,2018-05-13 17:12:06,2018-05-16 13:18:00,2018-06-04 20:38:26,2018-06-08 00:00:00
c0805c744ff47283d91804ab88a2e5c6,feb25a9935622c0e73e43acf72412f51,delivered,2017-11-24 14:43:03,2017-11-24 16:54:02,2017-11-30 20:16:59,2017-12-02 01:54:38,2017-12-08 00:00:00
090c44686a2c4ac5320b757784023c4b,201d2aeda9fbba49d2ee9d6fd1a8b572,delivered,2018-02-16 16:20:37,2018-02-16 16:35:36,2018-02-19 21:52:46,2018-02-28 23:38:48,2018-03-08 00:00:00
3ec8d477ad3b18290ba325fecaf053f3,722a4e948bc8a8a02e9f1ea192e2052c,delivered,2018-03-05 09:37:06,2018-03-05 09:48:27,2018-03-06 20:49:01,2018-03-08 14:58:37,2018-03-21 00:00:00
d513f9d572bf6a3a3c4e59252fe4f19c,bcf9eca9898fb2c565e6b838d4dce019,delivered,2018-08-06 13:50:09,2018-08-06 14:05:20,2018-08-13 09:24:00,2018-08-29 15:59:57,2018-09-10 00:00:00
cecc450aed233004e69538a4ce7f7f37,2ada3ee677b4c8f574b3affda371a5ed,delivered,2017-05-18 09:51:42,2017-05-18 10:05:14,2017-05-19 15:12:00,2017-05-26 16:45:55,2017-06-09 00:00:00
f7d17bafe7c67afef77b8a96ad5abfd3,c50977225ea8106769613f88e9ca304e,delivered,2018-01-21 22:03:37,2018-01-22 14:01:37,2018-01-23 15:44:51,2018-02-09 19:31:38,2018-02-21 00:00:00
6fd9d5b35f04ff5c30e58111b9ecbff4,8dbea104c98049225865dd6fc0ea8bc6,delivered,2017-06-28 10:52:04,2017-06-29 06:43:46,2017-06-29 16:36:53,2017-06-30 15:38:02,2017-07-18 00:00:00
1a3960b27016b5cb04fb3ad29076edd3,99b09a07b7eeef0b5d554984486a6bbe,delivered,2017-04-06 09:53:43,2017-04-07 03:15:37,2017-04-07 14:42:22,2017-04-12 11:38:12,2017-05-02 00:00:00
0eb75d20173919818bfebe16eaf91333,ee44e7fda0ad40d0374856dfe281368c,delivered,2018-05-08 22:55:25,2018-05-08 23:11:46,2018-05-09 15:20:00,2018-06-04 14:58:06,2018-06-04 00:00:00
dd436680fbd2d38edb26277f5b8379dc,1143ed87c28997c59c4278b7be8c1e36,delivered,2017-12-25 15:00:28,2017-12-25 15:30:50,2017-12-28 15:47:24,2017-12-29 16:57:08,2018-01-15 00:00:00
771d0ce9e2f9b65e92d4acec6372d453,920ec9381aa6721f9e3928edcd0f9ff1,delivered,2018-06-12 13:36:19,2018-06-13 13:41:39,2018-06-14 14:29:00,2018-06-15 20:08:30,2018-06-26 00:00:00
e43a18300d40c9a864931b5ebb5b3352,e83da1438f8802ae96b870eb4c4db70c,delivered,2017-12-01 10:05:42,2017-12-01 11:31:59,2017-12-05 01:28:59,2017-12-13 21:42:20,2018-01-04 00:00:00
bcb83032ff3fe35a0f6df11c771069da,2b0a2a72dfc3c8246bb03bbe7ec220ff,delivered,2018-08-03 21:36:11,2018-08-03 21:50:08,2018-08-06 21:04:00,2018-08-09 18:12:10,2018-08-24 00:00:00
0cef0a9c1d74d5ec485fb3195191caa1,80655c33f3653b792e8d564993ee25a2,delivered,2018-06-09 16:21:54,2018-06-11 08:17:34,2018-07-03 14:02:00,2018-07-06 11:16:50,2018-07-24 00:00:00
6173b12d20352050fd83d1a49eac065c,643f6ffad3d3b4c0345a279dec9cf5e5,invoiced,2017-08-31 12:55:33,2017-08-31 13:05:40,,,2017-10-05 00:00:00
d02adc4aef085f611aaf9e975642926a,fc78016bbb85f3105bfd610141fde114,invoiced,2017-07-28 13:42:40,2017-07-29 02:24:01,,,2017-08-21 00:00:00
6a5c530eab233c31e30ba74a78ac72cf,53f611fe710a6fc204d4c0e74b893fa9,delivered,2017-10-02 02:01:28,2017-10-02 02:14:19,2017-10-02 19:59:48,2017-10-05 20:19:08,2017-10-18 00:00:00
cdcdab9c657011a188471120c6c6accf,b12cee13b76df10c9c9aba2e9605e300,canceled,2017-09-13 20:38:00,2017-09-13 20:50:12,,,2017-10-11 00:00:00
985ababda3f8a9904b8a01023669464c,24215b7765f41b05e379ba5bf279630f,delivered,2018-03-06 08:41:59,2018-03-07 02:48:25,2018-03-07 23:42:05,2018-04-04 23:48:40,2018-03-27 00:00:00
a8698bce49d9222fa1a1b4cfb3cba3ef,2f99094373caec27d1f367812e659547,delivered,2017-12-13 21:47:50,2017-12-15 02:17:40,2017-12-15 19:33:14,2017-12-26 22:37:13,2018-01-22 00:00:00
8d1177e3fcee9f6f1985cc468d87a7d1,24867a30fb114e68f333a0645f923497,delivered,2017-12-09 17:59:47,2017-12-09 18:10:44,2017-12-14 13:33:06,2018-01-04 23:32:54,2018-01-12 00:00:00
6fe061963af4f849e89ab8a704bfbb23,83ad2f780fb78cef1d84812445321f71,delivered,2018-06-23 17:48:33,2018-06-23 18:18:47,2018-06-26 19:44:00,2018-06-29 13:22:17,2018-07-12 00:00:00
6023c91a14d68c5adb556a5dbd2e0f84,7f1fd0d4e16c56fa7dd4adf4a0c03684,delivered,2018-07-31 23:46:01,2018-08-01 00:04:20,2018-08-03 18:19:00,2018-08-09 22:58:39,2018-08-15 00:00:00
d6a3975b1c9b18752ebf945128ff9c3f,a24bcd38ab313cf3a81abffc89b98206,delivered,2017-09-26 22:15:44,2017-09-26 22:28:22,2017-09-27 18:05:39,2017-10-04 15:43:08,2017-10-18 00:00:00
a71b12ee1bc3ee0058ae29618baacf02,4901e8cb3a6e8b2c044f18c699b00282,delivered,2018-02-13 14:35:43,2018-02-13 15:08:13,2018-02-19 20:13:50,2018-02-23 00:05:22,2018-03-14 00:00:00
fb5e71b90bc82484e81d1c9d076a4ec3,6bb61e20ad7cb7dacb55ff30900f3623,delivered,2017-05-20 15:47:20,2017-05-20 16:02:53,2017-05-26 14:45:10,2017-05-27 04:14:54,2017-06-13 00:00:00
e23c9dcc304042fa90d538be679fa68d,eac1c6949e2905bda961903996e25630,delivered,2018-06-13 11:41:23,2018-06-13 13:31:40,2018-06-13 09:53:00,2018-06-25 13:57:31,2018-07-11 00:00:00
a43da589ba6d3c9eb959a36699088162,af7d5016eab3b7c8f3e6b4f23cabe253,delivered,2017-11-09 22:49:27,2017-11-09 23:06:32,2017-11-16 21:22:56,2017-11-22 21:13:36,2017-12-04 00:00:00
2934eab588f70ed4ddd8e9f4abf517fb,a0a5920f042973b2e96268dfea798a0a,delivered,2017-05-28 02:29:51,2017-05-29 03:30:05,2017-05-31 10:58:05,2017-06-02 15:33:17,2017-06-27 00:00:00
88743d1ed8e7b6ca01e12830855ccda2,6ab3e2bc219dc5f054b7962e4fe6cf39,shipped,2018-02-28 17:18:19,2018-02-28 17:30:46,2018-03-02 01:18:59,,2018-03-22 00:00:00
41a207671f292d00ffea01b171f2a30b,3619df7a89a873ba249bf47e9fc6ed2c,delivered,2017-09-04 05:00:16,2017-09-04 09:32:33,2017-09-04 18:32:42,2017-09-05 15:52:28,2017-09-15 00:00:00
7e09cc861487709e81e6c729d2635208,bbe208ab812ec207b4af5580b64e68cd,delivered,2017-12-05 13:33:44,2017-12-05 13:53:37,2017-12-06 00:27:05,2017-12-22 15:07:17,2018-01-08 00:00:00
7cd365ff7ab370ab236b1abfad4e188a,06a8094ea22f358a71c5ac55e549c10a,delivered,2018-03-01 20:15:08,2018-03-02 02:15:55,2018-03-02 21:39:43,2018-03-05 20:12:59,2018-03-13 00:00:00
a61dfe4c73cb6f1fa1280f905a13e26b,a5190090f24b9cc8b822529eecd264e3,delivered,2018-08-09 10:56:48,2018-08-09 15:25:33,2018-08-10 14:35:00,2018-08-13 12:28:46,2018-08-15 00:00:00
9477e87a26d6859d592a24e63446f63a,35a71284f4b292d9718aedd7530a32fa,delivered,2018-01-15 00:05:45,2018-01-17 03:34:32,2018-01-20 15:34:50,2018-02-06 16:00:00,2018-02-09 00:00:00
eb6ab30cb30bdde1094fc3b0ee26a2d9,0297b96a2290b2d419ac0b0cea83b5eb,delivered,2018-05-16 17:25:11,2018-05-16 17:57:32,2018-05-21 08:41:00,2018-06-08 23:47:30,2018-06-06 00:00:00
9200a54888acfc3e1a74a56b7ab18c8c,e86db863d546c8a44d1cffb976c0f38c,delivered,2018-06-28 12:40:32,2018-06-28 12:50:34,2018-06-29 11:18:00,2018-07-04 18:03:35,2018-07-18 00:00:00
aadce7a39633733ac0e5f23e3021e534,379c5af8df5332d211ab4c9059b0aae1,delivered,2017-07-25 21:08:46,2017-07-25 21:23:03,2017-07-27 17:42:06,2017-08-01 17:25:36,2017-08-22 00:00:00
874b937415e8afe58b77b9935e5da04b,eb8beee7ae07455b88c132c551535788,delivered,2017-06-02 11:29:10,2017-06-02 11:45:11,2017-06-05 10:46:45,2017-06-08 17:14:41,2017-06-27 00:00:00
d6bf93d827293f0b9a1582be0719a1e3,d4efc1f03bf9506b5b8571e78a4cd370,unavailable,2017-09-20 17:48:30,2017-09-20 18:05:47,,,2017-10-25 00:00:00
76c5b78f3697891a4d6e6cd23a4862a1,f49d254bc11c026cf3e7ec5d1509ae4d,delivered,2017-09-06 13:56:42,2017-09-07 10:33:32,2017-09-12 19:47:29,2017-09-18 17:52:55,2017-09-27 00:00:00
4f798d08a26169482935550e67126382,eec6ac37b5e2ee144615361f466cb0cf,delivered,2017-05-09 21:15:21,2017-05-09 21:25:26,2017-05-10 11:29:46,2017-05-15 15:48:03,2017-05-25 00:00:00
ac2b0218860ad82946845af74f514052,46b72335f49606ae78700dcd6b66fa80,delivered,2018-02-19 15:11:22,2018-02-19 16:10:35,2018-02-20 17:05:34,2018-02-26 19:17:12,2018-03-05 00:00:00
067c946a70abc2e1e8d9185ae309b48a,45d13f49d630df78bccfa2a05aca18a9,delivered,2017-07-07 09:20:11,2017-07-07 09:30:11,2017-07-07 17:59:52,2017-07-17 19:26:13,2017-08-08 00:00:00
df466fb774f8f20a2cca22211d35b778,7824c8b07c7b46bdc97bf07d618a524c,delivered,2018-01-28 19:26:06,2018-01-29 19:31:40,2018-02-02 01:18:13,2018-02-09 16:36:46,2018-02-20 00:00:00
6a8aa717f634f40359895df0cea70403,6c9f182259d8e2895974bbcf9c0e44dd,delivered,2017-04-08 16:08:56,2017-04-08 16:22:21,2017-04-10 13:43:41,2017-04-19 16:38:26,2017-05-12 00:00:00
6644dceea3b42c405236d956eea44d70,76da52ccb9bf4415fa103e64a5a027db,delivered,2017-12-04 19:07:14,2017-12-04 19:30:44,2017-12-06 00:07:28,2017-12-08 17:48:50,2017-12-20 00:00:00
891bbd4e052c5f3e894ed330a7419c6e,095179eaa54b75064120ccdbe350eef3,delivered,2018-08-13 17:13:41,2018-08-13 17:25:14,2018-08-15 07:00:00,2018-08-20 19:08:43,2018-08-27 00:00:00
eb77e9c6dc499d31e05de046f8467052,a5609802cdb5494944eb1acb62680133,delivered,2017-06-11 18:44:29,2017-06-12 17:05:17,2017-06-14 17:21:59,2017-06-21 17:26:00,2017-07-07 00:00:00
71bd50400074bcb6afdacdccb82a5478,1071adb636fc88d3329940274c15ac17,delivered,2017-05-14 16:08:22,2017-05-14 16:22:10,2017-05-16 10:13:02,2017-05-28 04:04:00,2017-05-24 00:00:00
c26c0e4d81f8dabd04bd61f7545ece54,5c965d68ec3a145629e5ae44d82ee15d,delivered,2018-02-22 15:30:21,2018-02-22 15:50:13,2018-02-28 01:49:32,2018-03-09 18:22:13,2018-03-14 00:00:00
208f886949aabb97ed60c2f51a74717b,f597de4b306148f8269a02c7dec0ec6b,delivered,2018-03-21 18:46:01,2018-03-21 19:08:24,2018-03-22 21:32:18,2018-04-10 20:19:12,2018-04-23 00:00:00
f38176af08190044aef2fe48eb38365b,36563caf711bd050e626f4d58e144159,delivered,2017-03-03 16:49:00,2017-03-03 17:02:25,2017-03-07 11:18:17,2017-03-16 11:47:50,2017-03-24 00:00:00
5a3663cb6b6d7369ab838a80cdcb06d7,5413a41d855cefb4a4284615864b664c,delivered,2017-09-05 22:04:38,2017-09-05 22:15:36,2017-09-06 14:39:49,2017-09-12 19:44:15,2017-09-22 00:00:00
6d0940a8f5fba47562bb14cd97dfd6da,548692bdcbd6e3683ff306ac9d8418d6,delivered,2018-08-10 00:17:59,2018-08-10 00:30:16,2018-09-03 12:56:00,2018-09-12 20:15:38,2018-08-28 00:00:00
d45cf0ee12449d5401c6debe3eac6075,33894fa2d290a8dd92f486ef36a23398,delivered,2018-04-26 17:32:55,2018-04-26 17:52:42,2018-05-03 15:28:00,2018-05-23 17:04:05,2018-06-01 00:00:00
5dea18c7d711cbfab32281c88b2650a1,9f47604c099a40d786b0d5aa85c4316b,delivered,2018-02-12 20:10:26,2018-02-12 20:28:12,2018-02-15 16:42:59,2018-02-23 15:12:21,2018-03-08 00:00:00
fb2423f82ab5e03b37ccadb268d6f445,ebc664bde97391f5538ed7404818ce0a,delivered,2017-05-07 19:20:16,2017-05-07 19:30:19,2017-05-10 10:04:25,2017-05-15 14:42:06,2017-06-05 00:00:00
a2c1acb8393064a046b84cddca029edb,51173af296cf2851725cc45c81159dbb,delivered,2017-11-28 12:00:21,2017-11-28 12:15:16,2017-11-29 15:32:20,2017-12-07 20:48:36,2017-12-19 00:00:00
a23469fd5d775d0200de4f5aaf5421e9,7f836deb6a37a05769e7881b81fe689f,shipped,2017-03-06 22:34:42,2017-03-06 22:45:10,2017-03-08 09:31:51,,2017-03-29 00:00:00
632e726a9f9d86fa53c5337dde0b50a1,5c1317356b2236bcfec017edfdcd16ae,delivered,2018-08-15 22:22:22,2018-08-15 22:45:10,2018-08-17 14:47:00,2018-08-23 18:03:56,2018-08-31 00:00:00
3eb03e7a4a9a9197c4f0481415bec34d,5299b943976494fb36a9cdd278099eea,delivered,2017-07-23 20:33:10,2017-07-25 03:35:38,2017-07-26 06:17:56,2017-07-31 13:32:51,2017-08-15 00:00:00
ef704761e364e431e0ce0e0d170ebd81,f6ef3f5caf2b9fc0cb87f67c14b98196,delivered,2018-02-10 09:07:01,2018-02-10 09:25:29,2018-02-14 13:13:19,2018-02-28 16:03:43,2018-03-09 00:00:00
22875ab1b7dadfad36b9181f36a1b8d6,a633db940f16194ccad9feb7a574cf19,delivered,2017-11-24 08:30:58,2017-11-25 03:36:34,2017-12-05 00:32:48,2017-12-18 14:49:03,2017-12-15 00:00:00
1ebf075fd032885ad39a842a35c72fe7,0fa4e4bd4340f3a7bd364c2da0fc4104,delivered,2018-07-19 15:01:50,2018-07-19 15:15:07,2018-07-23 10:04:00,2018-07-31 23:44:32,2018-08-14 00:00:00
38d3c26f8db105374d9387f518623a3e,aecc0c209f78b49159228aad6d6ec3b2,delivered,2017-09-16 23:49:24,2017-09-17 01:15:09,2017-09-20 21:07:54,2017-10-05 21:11:13,2017-10-04 00:00:00
77df84f9195be22a4e9cb72ca9e8b4c2,1205480caca6c37f55954da838933b8a,delivered,2018-08-16 04:29:53,2018-08-16 04:44:00,2018-08-16 16:21:00,2018-08-17 13:21:18,2018-09-18 00:00:00
5c9c68fa207f9a2233b3152907f44851,8425348e16b68a762119a16c1d807eb0,delivered,2018-03-01 11:18:21,2018-03-01 11:31:06,2018-03-02 19:15:14,2018-03-06 19:58:50,2018-03-19 00:00:00
aa69d26fefa39766fb36a91d0de4d7c9,b0aea781ac94147b3daee7b765801f32,delivered,2017-12-08 12:11:40,2017-12-08 12:19:23,2017-12-15 17:37:29,2017-12-30 16:42:44,2018-01-16 00:00:00
9018667e72a0eed0c3ce4466639139db,046851b37261eacf29f855ea1af7a6d8,delivered,2017-10-31 13:16:50,2017-10-31 13:35:24,2017-11-02 00:17:02,2017-11-03 21:53:53,2017-11-10 00:00:00
9b28ecb03bbb9a5081729d9f822f46a1,c4946e083dba78bcd53957ccfb128b7d,delivered,2018-08-03 13:49:23,2018-08-03 14:05:09,2018-08-07 12:38:00,2018-08-13 19:12:56,2018-08-17 00:00:00
e57e73a70eae13788da4c7fd3b96ed0b,b6962ceab2ca52d9e458afa14256dc02,delivered,2018-05-02 06:17:17,2018-05-02 07:00:29,2018-05-02 16:01:00,2018-05-08 15:33:51,2018-05-28 00:00:00
94ce92b2f82292f914ec3cdc04651953,4c5a76fa6c3c9b993aaa8a2d37f2e985,delivered,2018-05-10 21:09:03,2018-05-10 21:37:13,2018-05-16 13:42:00,2018-06-01 21:38:26,2018-06-01 00:00:00
ea27276ae0fbab49a3e542b3f44f6fd4,e9666f09e30dc136efd23315bc14e106,shipped,2017-03-05 21:47:58,2017-03-07 03:55:24,2017-03-07 11:28:15,,2017-03-27 00:00:00
128967b86751f65b5d5fc02f7354e722,5c3ec0fc7ea0606ad69573c8dc8c01ca,delivered,2018-01-22 08:07:57,2018-01-22 14:13:24,2018-01-26 20:36:53,2018-02-01 20:37:48,2018-02-14 00:00:00
2a11e293888cfc616767f5be01e7e5d2,a8369395689cc966efea14864a417708,delivered,2017-10-13 18:46:27,2017-10-14 18:34:41,2017-10-17 21:32:51,2017-10-26 19:46:43,2017-10-31 00:00:00
ad1c49d96d60ad32cea5220dbe6aafda,762e8ea539165da0ae00470a4f8e477e,delivered,2018-02-02 17:57:48,2018-02-02 18:31:22,2018-02-08 00:45:59,2018-02-21 18:12:52,2018-03-01 00:00:00
811d489212933883305dce687df36572,496d2b35eb950f48f03c4d4bb925dbe0,delivered,2017-10-13 20:05:04,2017-10-13 20:14:25,2017-10-20 17:51:46,2017-10-28 16:07:38,2017-11-21 00:00:00
eb999d408b8016b7bd014cf08348fe86,a7b21a6a3ce44761ce4955ab0ca3c99e,delivered,2017-10-21 20:53:03,2017-10-21 21:06:01,2017-10-24 23:03:58,2017-10-30 18:37:34,2017-11-14 00:00:00
19f18d8100c83fa718fbe5a064e982d1,16e38770e962953f296350b1bc7684ff,delivered,2017-11-16 22:41:36,2017-11-17 07:06:32,2017-11-17 18:56:51,2017-12-26 16:37:06,2017-12-13 00:00:00
34f7d354b559b06f85fde0f588dd5152,c5d214fb2765464a463da875f08ee692,delivered,2018-02-28 17:51:13,2018-03-03 02:50:37,2018-03-05 22:08:15,2018-04-13 17:14:21,2018-03-27 00:00:00
fe349b1979d7bcce7bce8df71ca6a902,cc93bd73b22ed6cd4731e98525c57938,delivered,2018-02-25 11:45:07,2018-02-25 12:09:30,2018-02-27 14:36:21,2018-03-23 19:50:49,2018-03-26 00:00:00
1a5e8ff5b36ddd03ce826651c129a760,0ac1fd3d77dd30845993d7e84e5b6013,delivered,2018-08-02 14:56:06,2018-08-02 15:10:15,2018-08-14 14:19:00,2018-08-16 17:54:47,2018-08-17 00:00:00
2a677120e5ddca4e25eea9768d3a67fe,a3f635854bf35a6dd0eb28c5bf205147,delivered,2017-12-20 12:48:35,2017-12-20 12:57:36,2017-12-28 19:38:56,2018-01-05 13:57:26,2018-01-23 00:00:00
877687331a072fd1d67ab7ffef4e9d25,99fbfd2d16f99ce519d3ed4422d1d3c4,delivered,2018-04-09 20:04:29,2018-04-09 20:15:22,2018-04-12 20:48:59,2018-04-16 19:13:42,2018-04-27 00:00:00
acc49f0f6b7bec49649fdc4bab06001e,2fd2dd64c8580ed8cfcb6cf39de52576,delivered,2018-02-27 21:13:14,2018-02-28 13:15:31,2018-03-01 15:59:50,2018-03-06 17:39:48,2018-03-13 00:00:00
207b5f2c209a833062538391be4a04a9,0bf8a653959904db413cc2f379facfaf,delivered,2017-06-02 16:17:43,2017-06-02 16:30:24,2017-06-05 17:05:15,2017-06-09 13:55:06,2017-07-04 00:00:00
b5b4d7badbb01d0d2b9d6c5a060bc058,5649da471208b18769ef8347746fcac4,delivered,2018-02-20 08:07:28,2018-02-20 08:32:32,2018-02-24 18:27:49,2018-02-28 15:59:00,2018-03-12 00:00:00
6c42710103edec4820898e5084c770a5,67f5e7bfc14b8fef4142a1aa63b12de4,delivered,2018-06-21 11:43:42,2018-06-21 11:59:03,2018-06-22 16:02:00,2018-06-27 15:26:43,2018-07-13 00:00:00
4429817093ef382ad98f0d8471211146,41f7daecd21e5bf31d52eead8fd593fe,delivered,2018-04-03 09:57:16,2018-04-03 10:10:11,2018-04-04 16:36:44,2018-04-10 00:43:01,2018-04-26 00:00:00
6e4f6fdc70c0d961b8597e98430b8d4f,ee0285bcfb8ab655fd93f2275a1c6321,shipped,2017-05-07 23:32:33,2017-05-07 23:42:04,2017-05-15 14:03:59,,2017-06-08 00:00:00
a7f051d652980403c34f1f734ec4f82d,64f98c1c7790dd7c9a7dd4b90a30b76b,delivered,2017-09-18 13:37:37,2017-09-18 14:30:59,2017-09-20 20:07:44,2017-09-21 19:59:08,2017-09-28 00:00:00
84b1a040b5956976ddb49db67333f19e,56ad3528b89d18614aeed80f41562672,delivered,2018-01-03 11:26:07,2018-01-03 11:34:25,2018-01-05 18:57:20,2018-01-08 15:29:10,2018-01-22 00:00:00
2b3c07290f8f2e99eb7f2201066b75b7,7154084ce152d55bcf5cb7f27e265f61,delivered,2017-11-24 19:24:40,2017-11-24 22:53:53,2017-11-30 01:18:47,2017-12-05 18:41:29,2017-12-14 00:00:00
216a8b668866adcc7e2651ffa6c5ebcf,2e9688dfc26193a7c2bbb6717beaa13e,delivered,2017-09-07 22:16:12,2017-09-07 22:30:11,2017-09-08 19:14:01,2017-09-15 20:57:24,2017-09-29 00:00:00
e48c42a05954c6542e0631596bfb6fe2,92349255be2950b2ecb56142b551070c,delivered,2018-07-30 13:31:08,2018-07-30 19:32:13,2018-08-09 14:59:00,2018-08-15 23:52:51,2018-08-10 00:00:00
9f85c30188f56e233f420cb63b51d728,a8d7167182ac070d269d752eb692b1db,delivered,2017-10-17 19:50:10,2017-10-17 20:06:04,2017-10-18 18:47:53,2017-10-24 13:03:01,2017-11-07 00:00:00
d395475d71e6042e654407cef55e3c47,02a0108a7d89916840cb3edb1585480e,delivered,2018-01-23 15:52:37,2018-01-23 16:17:14,2018-01-24 15:16:48,2018-01-30 20:32:03,2018-02-20 00:00:00
c6e0ac21ec42ce78d3ff7fd8eca3735c,0965b098ed51d51d2531630ed392704a,delivered,2018-08-07 21:16:25,2018-08-07 21:30:41,2018-08-08 14:19:00,2018-08-14 14:22:44,2018-08-23 00:00:00
b1adda8b2734d4a0bae4885a90722859,7fe022d44964a339398a981ce3026ea7,delivered,2018-01-21 23:34:21,2018-01-22 14:04:29,2018-01-24 17:49:13,2018-01-30 21:22:28,2018-02-19 00:00:00
f5f9034b5251b9a67898e5be6847e83c,050d927d2bc06382e52063a3504924ad,delivered,2018-05-08 19:10:01,2018-05-08 20:31:46,2018-05-09 16:19:00,2018-05-14 23:35:34,2018-06-11 00:00:00
d0ad497b0a295331204a39fc13a6f70d,a83ad9b007b12d9e8a6f3f5d033dde19,delivered,2017-03-09 17:30:36,2017-03-09 17:30:36,2017-03-10 09:11:52,2017-03-17 12:35:11,2017-04-10 00:00:00
e0c49af20b2a6c2089f40a9d7a60d6a5,d7621cfe31786dccb998434745ea3a2a,delivered,2017-06-15 20:11:55,2017-06-15 20:25:14,2017-06-16 14:07:36,2017-06-29 10:09:55,2017-07-13 00:00:00
b16c1067c1dfbf95e228103f22b17aef,9710138d96e1a01a67cbc34b1b981014,delivered,2017-11-26 19:11:30,2017-11-26 19:33:44,2017-11-28 22:44:29,2017-11-29 19:15:03,2017-12-15 00:00:00
01ba72e24cf883d74c5479c0a626c740,edbaa972997d3e33faec1e1b6e0b7e43,delivered,2017-01-17 19:55:40,2017-01-18 02:10:52,2017-01-18 09:40:16,2017-01-25 13:52:35,2017-02-27 00:00:00
3403737b992c9f33385088e482793274,58931b4b7f3aaf9269ac4ee1c3d42e28,delivered,2018-01-06 17:39:26,2018-01-06 17:52:18,2018-01-10 18:16:17,2018-01-15 18:33:05,2018-01-31 00:00:00
5552927954803697ef5ebf1431693061,b835dce98400fd0669dc5756e8fabb42,delivered,2018-07-14 09:54:59,2018-07-14 10:05:09,2018-07-17 14:16:00,2018-07-20 17:22:38,2018-08-13 00:00:00
51f3f9237b10868cd54630d1c7a71174,95fdcb8a9d716e55958805e90e5646cf,delivered,2018-08-20 20:35:50,2018-08-20 21:09:50,2018-08-22 11:24:00,2018-08-28 17:35:32,2018-08-30 00:00:00
f8dc2e2efd79f135f2ae7b04e0d95985,b5497c073e0cc7f337a46cc0c423a0c0,delivered,2017-03-10 23:37:11,2017-03-10 23:37:11,2017-03-22 10:42:17,2017-03-30 13:59:39,2017-04-04 00:00:00
28c35e27d64425be0368e275997f7779,796d054417f0f7134531b6af32578643,delivered,2018-01-12 10:39:20,2018-01-12 11:08:35,2018-01-15 17:22:37,2018-01-23 11:38:29,2018-02-05 00:00:00
b4e9e179195a7cee910bf458c5b6e01e,acad76e6005b7efd172a9fed40f7d31f,delivered,2017-01-25 20:00:43,2017-01-25 20:10:18,2017-01-26 10:26:06,2017-02-08 13:37:45,2017-03-16 00:00:00
c91097c936cb64d71ceee3f0d99927ea,b70d76ac08b3fa25a7af749b320e1a83,delivered,2017-03-03 01:13:11,2017-03-07 04:15:17,2017-03-07 09:53:39,2017-03-10 08:07:36,2017-03-28 00:00:00
08dae4aaedc034ee67385e739d42d0a8,9e80bf15286ac4efa8833654940b0e1f,delivered,2017-10-01 17:19:18,2017-10-01 17:28:20,2017-10-02 18:17:58,2017-10-07 14:46:56,2017-10-19 00:00:00
5780928bf02589330d7318899b32f757,b4780b1a1ae9bdc3a55a9f3ee26dbb61,delivered,2017-09-15 15:32:16,2017-09-15 15:45:12,2017-09-18 22:19:43,2017-09-26 15:13:10,2017-10-16 00:00:00
53d98d6f5af9e1734271f43a0aa46f26,9bc638d98a04f9f85b651edf96c3c8db,delivered,2018-01-30 12:39:19,2018-02-01 02:55:58,2018-02-01 21:07:30,2018-02-18 21:09:28,2018-02-26 00:00:00
c72340047105422e220e980a8b0ab3ee,64a17e471b673fa33280d32aee9f4b5c,delivered,2018-07-28 16:50:41,2018-07-30 18:31:33,2018-07-31 13:16:00,2018-08-09 15:29:58,2018-08-09 00:00:00
9065442ba82e20a8ec900872056f9b35,c8fbd8d74cc5bd9a6c5caa16a55bd1db,delivered,2018-04-23 16:45:47,2018-04-24 18:01:17,2018-04-24 17:28:58,2018-05-09 21:41:42,2018-05-17 00:00:00
4810ed84accc83eb4ecab078f19a3dff,ba8c474f00bbace8e87fb5d5bb34b9fa,delivered,2018-07-31 10:23:47,2018-07-31 11:00:13,2018-07-31 15:11:00,2018-08-03 16:41:40,2018-08-07 00:00:00
d318b798f415b925411c4b1158c2ca9a,20f7de2fa3510b859b29df643f4fb0e4,delivered,2018-06-13 19:05:30,2018-06-13 19:40:50,2018-06-14 14:02:00,2018-06-20 18:45:43,2018-07-04 00:00:00
22c8faafaa73e4f93daabfd551279c41,402697a18bebdb6c855efa359a039c2c,delivered,2017-07-29 11:04:37,2017-08-02 08:32:38,2017-08-02 22:07:42,2017-08-08 18:35:53,2017-08-22 00:00:00
9080bbebe770730d55977265386a0b21,377309e4c538bd6988eacb5862dddcd5,delivered,2018-03-17 17:12:36,2018-03-17 18:15:27,2018-03-19 19:52:56,2018-03-29 23:56:49,2018-04-05 00:00:00
52e0844a4571e7443dd8e575e7f33480,0cb784f306c422f2792472ad6607b540,delivered,2018-06-04 17:42:44,2018-06-04 17:53:10,2018-06-05 09:11:00,2018-06-11 16:58:36,2018-07-20 00:00:00
26a5b0a07c7ef0706d61bc152fbfd6e2,f270cf26e97ca58a0324f8c260bd244b,delivered,2018-05-01 22:54:16,2018-05-03 04:52:37,2018-05-03 14:00:00,2018-05-07 16:42:05,2018-05-23 00:00:00
4c29d54811a81ce9d302617b04f7800b,5521ec921e8a912afff4689604e69407,delivered,2017-04-30 17:43:19,2017-05-03 13:06:40,2017-05-05 10:38:37,2017-05-16 13:50:16,2017-05-29 00:00:00
8c12ae12162b757faa950f28fd235ad8,4d3efa9f79cbe7f9df1a06786b3415ce,delivered,2017-06-11 10:43:14,2017-06-11 10:55:13,2017-06-12 11:32:31,2017-06-27 15:47:41,2017-07-05 00:00:00
fec4d0de541b41fe6ae602ea962dce1a,d40ae4a4c27cc1a1741d01274cf79d7d,delivered,2017-12-02 08:16:44,2017-12-02 08:59:48,2017-12-06 18:27:05,2017-12-21 20:22:29,2018-01-05 00:00:00
760de0e8fab552d849d1b3055ed21fd5,abeb1efb87a1a62662735ef66bd2f1f8,delivered,2018-02-19 10:17:05,2018-02-20 07:10:58,2018-02-21 13:25:07,2018-03-01 15:54:21,2018-03-09 00:00:00
2e48496fcd4e08d2b2c66ce170c428ba,b51ef096647800ac676566855c6a4a24,delivered,2017-03-25 18:55:36,2017-03-25 19:10:17,2017-03-27 14:04:43,2017-03-31 16:14:44,2017-04-18 00:00:00
dbc9ee70287772e4f094f39843a6b99e,9320ce0f49b79e3b2cedc6da99d49498,delivered,2017-03-06 12:50:12,2017-03-06 13:10:52,2017-03-07 08:43:56,2017-03-13 06:15:04,2017-03-29 00:00:00
7e722bfc2987b03c9f86dc14857dabba,c4a875883036b34ff4fe78e2d66512d8,delivered,2017-04-24 17:58:57,2017-04-29 23:32:51,2017-05-05 15:27:11,2017-05-15 08:17:56,2017-05-23 00:00:00
c3297de5d87bdb1364601547517e83b0,8da8819c5808c4bd18ccf60153c44ff4,delivered,2018-07-18 12:24:30,2018-07-18 12:35:15,2018-07-19 13:30:00,2018-07-23 20:33:25,2018-08-01 00:00:00
e2755dfe79c25d6e6e7ab1397254d527,4351c2eaa6563ace78e4793c5459fdea,delivered,2018-05-11 22:43:03,2018-05-11 22:56:10,2018-05-14 11:20:00,2018-05-17 23:45:25,2018-05-28 00:00:00
b7bc42b133d843af73988f6a9c68dbca,fa830ffebc8465c777e8deaa55936022,delivered,2017-09-01 16:23:37,2017-09-01 17:24:49,2017-09-05 11:54:48,2017-09-17 18:21:55,2017-09-22 00:00:00
83f0c4c6b1a3c31214ca8266dc888258,17f9863585a471e9ffe77c4d4f26ecea,delivered,2018-01-27 00:10:10,2018-01-27 00:18:24,2018-02-09 13:09:34,2018-02-21 23:33:12,2018-03-09 00:00:00
8591fef6d807e0044487787892dec80e,15f9287fd26f7b9c9a3a78e4cc82586d,delivered,2017-07-28 16:38:35,2017-07-28 16:50:10,2017-08-01 18:29:47,2017-08-07 17:04:36,2017-08-21 00:00:00
7166be578429d02a7a8b066cfd4a7969,d7c21e2c3bb8f78c8bc0e18fbe065624,delivered,2017-12-26 16:17:42,2017-12-26 16:28:08,2017-12-27 21:32:30,2017-12-28 23:19:20,2018-01-15 00:00:00
7c3e480eb90c173aae4ffde40bbaec26,880b4294c02c693bb9882858758995d5,delivered,2017-08-22 10:14:07,2017-08-23 02:55:54,2017-08-25 20:41:57,2017-08-29 21:58:02,2017-09-14 00:00:00
e623a72e994c0646daedbab9b8becef7,342606a55734309d4c735240bf48f04b,delivered,2018-03-19 22:00:54,2018-03-19 22:15:47,2018-03-21 18:08:53,2018-03-22 19:47:43,2018-03-29 00:00:00
c138ed76de074431ead0f918198673f3,2fea4e537f4cc4b084e036ff9f3ddef5,delivered,2017-08-17 20:11:31,2017-08-17 21:15:13,2017-08-18 19:55:31,2017-08-25 18:47:26,2017-09-21 00:00:00
1b34f3de23ae790473c7e4ef6ac0b1f1,8953f8bf10bed387ad35f83d268ecf2a,delivered,2018-08-17 08:05:07,2018-08-18 02:55:18,2018-08-23 14:47:00,2018-08-27 21:27:55,2018-09-03 00:00:00
afcc3e09a357bc8f3c1caba3702d1e33,0f37b06ecbf83e513a4cd2dd2047e106,delivered,2017-05-16 21:10:41,2017-05-16 21:22:12,2017-05-19 14:17:31,2017-05-23 10:19:49,2017-06-05 00:00:00
d40811dee75b8f1713674d3dd8e67d3d,e5a5b930e88703c43ba479860f50ee1d,delivered,2018-01-16 09:03:24,2018-01-16 09:12:28,2018-01-19 00:56:28,2018-01-25 17:44:31,2018-02-09 00:00:00
1f04c2d89c92de520d7c6d5708b5b676,0b6eceb6d7f78319c58e4e91d10004d2,delivered,2017-12-30 01:32:46,2017-12-30 01:41:24,2018-01-04 23:04:11,2018-01-23 16:18:58,2018-02-07 00:00:00
3e4c2286500a9d3194bd7d92434c8233,6b7d8deb29906a81465a537f41c7705b,delivered,2017-10-04 02:29:52,2017-10-04 02:44:09,2017-10-04 20:25:34,2017-10-10 20:30:05,2017-11-03 00:00:00
997fd4b37386d10b57d4ac8cdec011a6,4c06b42fbf7b97ab10779cda5549cd1c,delivered,2018-07-08 09:59:19,2018-07-08 10:30:15,2018-07-25 15:12:00,2018-08-08 19:42:53,2018-08-16 00:00:00
9c365b96e7181fee770fac0adf79d118,d24e2cc94a4722b65c06f1912247f544,delivered,2017-05-08 15:07:35,2017-05-08 15:22:16,2017-05-09 13:40:20,2017-05-10 16:37:59,2017-05-19 00:00:00
ea512642f80b37ce170a8d385d424e3e,d3bc770fef90670af6d720d8b62fc704,delivered,2017-08-15 07:31:31,2017-08-16 10:04:42,2017-08-16 19:54:16,2017-08-28 17:22:21,2017-09-13 00:00:00
3c53899514519d3513da33f9173febc2,06bb94c253e8aabc2bb33905d07a5676,delivered,2017-12-15 19:45:53,2017-12-18 14:11:25,2017-12-20 20:29:03,2017-12-27 21:46:37,2018-01-19 00:00:00
549e5c65d1f41cb1c4d307752c3b9eae,6e888e003d673cdce73296c4b656fefe,delivered,2018-05-22 14:22:51,2018-05-22 14:34:57,2018-05-23 09:07:00,2018-05-24 20:51:37,2018-06-05 00:00:00
55a924f9f03b8eefb1d0ed3c312263ce,f632c808918636bee977a68126b32188,delivered,2017-12-27 21:08:49,2017-12-27 21:17:27,2017-12-28 22:19:18,2018-01-03 21:22:18,2018-01-22 00:00:00
fa2f06a4a4f3bb8b8045087e4b3cbd3d,fd88fc5e3ee90a57041c46b74c5c9dbf,delivered,2018-06-05 16:04:51,2018-06-05 16:35:23,2018-06-06 12:34:00,2018-06-09 00:12:15,2018-07-25 00:00:00
7806db2eb65970f1f79cf179a640a2ee,2fbb7d2abee363394a20bd29fe5d520d,delivered,2018-04-04 00:14:29,2018-04-04 17:10:23,2018-04-18 00:30:44,2018-05-03 15:59:21,2018-04-30 00:00:00
b47238f009b4f97b2676067d6c0c0386,d848c524b1e0639c9bfde8852bd810e4,delivered,2018-08-14 09:58:07,2018-08-14 10:10:15,2018-08-14 14:39:00,2018-08-16 20:52:02,2018-08-21 00:00:00
b0edc0b20a380c879d0775721c5b5b20,209e672c1927a0fb4362d09d0f3971af,delivered,2017-03-14 17:21:08,2017-03-14 17:21:08,2017-03-22 10:55:51,2017-03-28 13:21:53,2017-04-07 00:00:00
fc83eb7b2a806cd7c4ed7abaa9af49e7,207fc86853ab74bf287efdcc03032199,delivered,2018-08-08 12:09:55,2018-08-09 15:50:22,2018-08-10 15:48:00,2018-08-14 22:12:39,2018-08-13 00:00:00
2c08b1748cfbf8372658ca7f40ce82a7,932cb955d0fbf4bef9fc737585832620,delivered,2018-08-08 21:09:28,2018-08-08 22:05:16,2018-08-10 14:33:00,2018-08-13 12:56:39,2018-08-17 00:00:00
fdf459030a31d8361d80f9994ad7f8c4,c3861717ce209342c12c495176b855e7,delivered,2017-06-27 11:07:55,2017-06-27 11:45:20,2017-06-28 15:32:54,2017-07-15 13:03:47,2017-07-19 00:00:00
b6f999c6eccbf4df9af77d67c77a8e52,61fc851ac2ccfe9254c67b210b69ad7f,delivered,2017-08-07 14:14:22,2017-08-08 05:00:23,2017-08-08 19:56:43,2017-08-15 23:54:50,2017-08-29 00:00:00
6836f681dde1414dbb28f92af526ae2b,94141c62a5e4b28c99d32c74905ec09e,delivered,2018-01-23 17:37:32,2018-01-25 02:58:09,2018-01-25 23:34:22,2018-02-06 19:25:14,2018-02-19 00:00:00
331c8aba2d911c0be8bd043ab1c9832b,da2f75aee4e935cfc9dfb3edee0e8b55,delivered,2017-12-21 20:02:39,2017-12-21 20:14:25,2017-12-26 18:36:47,2018-01-10 12:50:34,2018-01-26 00:00:00
39ffbfb6ec0947fd9825777cabd10c0b,08e2e8f0d6a0264fb3a6da7b40dbf12d,delivered,2018-06-25 14:18:37,2018-06-25 14:40:49,2018-07-03 14:41:00,2018-07-04 22:16:31,2018-07-18 00:00:00
86795953649e4ff4f2edada496f38e6c,9995cc856683665967a71bbfe006e939,delivered,2017-08-13 12:45:38,2017-08-13 13:11:28,2017-08-14 22:55:35,2017-08-18 17:55:50,2017-09-05 00:00:00
f64fb4946a90218bdbec589122e8f914,16c0ebec0c65bc08d8ad17f0d74bc01e,delivered,2018-03-14 22:26:08,2018-03-14 22:35:31,2018-03-16 22:39:47,2018-03-21 22:34:37,2018-04-09 00:00:00
a17aee38be3194baacef391d7ef26415,7dea181d02fcb0026f5c2ece003a735e,delivered,2018-02-16 19:20:45,2018-02-17 19:40:21,2018-02-20 22:42:03,2018-02-22 16:38:50,2018-03-02 00:00:00
a4220c184ed6700f8516552b2cb3c20d,a41867ff8c0050770bc4f457c1e817ad,delivered,2018-04-22 14:57:48,2018-04-24 18:04:45,2018-04-23 20:30:49,2018-05-14 22:55:54,2018-05-14 00:00:00
3f741f27f2dd8988d7c287f567a35c52,65ccf1af630bcbc53e10be670bc8563c,delivered,2017-05-30 17:52:25,2017-05-30 18:03:11,2017-06-01 12:52:16,2017-06-02 13:49:08,2017-06-12 00:00:00
560f7585b57fcc9579460fa21c0d8ec1,ced5464be4716dddff6e88ccf5e0261a,delivered,2018-03-13 22:33:50,2018-03-13 22:47:53,2018-03-14 22:51:27,2018-04-04 22:18:30,2018-04-10 00:00:00
17c80e00cb0e561fc779745fae6dc4e9,4e46b98e954d79ebbf7744bc8f7e76ed,delivered,2017-11-26 13:04:06,2017-11-28 03:38:43,2017-11-29 00:27:53,2017-12-05 00:08:46,2017-12-18 00:00:00
f3458c2495b179f0e198030eb89b8ab5,dfd010ff2fd3f17bfb7e6a8a3c1ab939,delivered,2017-10-30 16:57:04,2017-11-01 03:10:18,2017-11-01 17:12:58,2017-11-14 20:09:33,2017-11-27 00:00:00
362862be62935fefa3575b0b3b431bad,98330bf6030605e83ae05783fb40fd44,delivered,2018-04-07 11:15:40,2018-04-07 11:28:12,2018-04-10 17:19:23,2018-04-20 17:54:38,2018-05-02 00:00:00
1f75191842f4f2343c718aba4007d742,289e413a221b35d1cf92f69e4dc48fb2,delivered,2018-07-19 14:29:08,2018-07-20 11:05:13,2018-07-23 15:07:00,2018-07-30 18:14:58,2018-08-06 00:00:00
a9b40303a2123e60ba30e5c02613e6dc,daa50cdfa430a264916297a623c86011,delivered,2017-11-04 23:27:43,2017-11-04 23:46:01,2017-11-07 20:24:40,2017-11-16 17:05:21,2017-11-30 00:00:00
8b0f121dbcd7a605911362fdc4df8e76,2c2e166b40d0abeea975d9813bba3ffc,delivered,2017-03-09 14:39:28,2017-03-09 14:39:28,2017-03-13 10:41:21,2017-04-07 16:44:55,2017-04-07 00:00:00
ac3ae8fc5dff10d6c86e54f2ee4ccb21,81c3c727d0aff97c26d22458874e3b75,delivered,2018-01-05 19:17:25,2018-01-05 19:28:29,2018-01-09 17:16:49,2018-01-22 18:33:01,2018-01-30 00:00:00
89919c333a05c327cd25b1ee32ccaca8,ee218228d0ff9d569459b1f1e7a2c2b7,delivered,2018-02-18 19:01:43,2018-02-20 07:07:26,2018-02-20 17:47:55,2018-02-22 20:12:33,2018-03-14 00:00:00
5faa7dafdf19e1e0e96dc20cff3a5f6b,fa384fc2f25297a4ab6ae14753130679,delivered,2017-07-10 00:12:11,2017-07-10 00:25:08,2017-07-10 17:42:35,2017-08-10 20:48:51,2017-08-01 00:00:00
d0951ca2244d54908c43b6de2aec3974,997527d59e2e579ee89a14fc707c1f9f,delivered,2018-03-01 21:54:32,2018-03-01 22:10:27,2018-03-06 20:56:34,2018-03-24 15:04:15,2018-03-23 00:00:00
d5499e385aef94ea76d2ea5e6a73e60a,db4ed23635ef5d8105c78ecc17fc34a9,delivered,2017-02-22 17:38:51,2017-02-22 17:50:22,2017-02-23 11:34:08,2017-03-03 12:41:42,2017-04-04 00:00:00
9a9493d725526cae22a6a7aec2d5aff4,7658c849ed9aacff0f071b3b4d5011d9,delivered,2017-02-24 21:13:03,2017-02-24 21:25:12,2017-03-01 12:35:01,2017-03-07 15:09:57,2017-03-23 00:00:00
b722a4d724bb8dc8c8f69f6239797c4a,b2e2d02679d78fa9b26ca1eddc475732,delivered,2017-08-10 22:15:35,2017-08-12 02:50:19,2017-08-14 16:12:53,2017-08-28 14:41:41,2017-09-12 00:00:00
37726a8b1cbcf77034870df2521be6f6,2976ca9e434924142eca1be125f4653b,shipped,2018-03-07 10:06:01,2018-03-07 10:15:51,2018-03-08 18:17:02,,2018-03-28 00:00:00
8c6541ccd245c735762e6dfbeeeef23e,7f4e3f3ac0c2f3a9d1adb1fd104f0700,delivered,2018-07-22 16:18:31,2018-07-23 12:31:45,2018-07-25 13:32:00,2018-07-31 19:52:49,2018-08-14 00:00:00
d7390b1e8637527602269d4b429deda7,2e0dcf32decf3f71d385098b74d93721,delivered,2018-07-19 19:36:11,2018-07-21 04:05:17,2018-07-23 14:01:00,2018-07-28 14:23:33,2018-08-07 00:00:00
b5027abe05e765cbc186526437ddd21f,e92c0de5b9a170f19572d6ec0cd67785,delivered,2017-11-20 19:08:38,2017-11-21 19:15:41,2017-11-29 21:58:38,2017-12-05 15:15:13,2017-12-07 00:00:00
fdcc8d62390289b2bda3229c41e961ec,a38d868a3f9c5489968a012d9dbc60a2,delivered,2017-11-22 13:10:38,2017-11-22 13:40:26,2017-11-23 22:21:57,2017-11-29 19:47:51,2017-12-08 00:00:00
9b9bad2c285cab8257e0dbadf191d8d9,9e6a4c410d7d354782949d88b712e12e,delivered,2018-03-04 18:03:29,2018-03-04 18:48:30,2018-03-06 00:23:07,2018-03-07 20:12:33,2018-03-15 00:00:00
abc5db459823982b227dde437fa0ef34,afd3fbeaa7a5318d4bfe1e0147f4feae,delivered,2017-05-21 22:07:50,2017-05-21 22:15:20,2017-05-22 15:18:27,2017-05-23 10:52:02,2017-06-02 00:00:00
d8a46fc8e10a38b3756d7e677b3f6ab0,28c784571d92457311cecc16e66688e0,delivered,2017-11-13 15:48:05,2017-11-14 04:10:43,2017-11-16 14:16:56,2017-11-27 21:19:21,2017-12-08 00:00:00
7892114ce9e8834d860b44a782ef9af6,5581f26ba2dcb90e8c250e0850c66172,delivered,2017-11-05 00:57:30,2017-11-05 01:11:00,2017-11-07 21:28:29,2017-11-16 21:48:45,2017-12-04 00:00:00
f0e3fe1f0a0a04e3e51efb76a536a099,ea6d33d5bef2ffa54ecb81acf3c4fe60,delivered,2018-02-26 17:34:33,2018-02-26 17:49:56,2018-02-27 20:24:56,2018-03-20 20:46:43,2018-03-19 00:00:00
7f42ca48939d07a27919a2a3241ce9a5,b806d6199ed9ffc4e48974784d3fadb4,delivered,2018-05-15 16:03:03,2018-05-15 16:15:44,2018-05-16 13:44:00,2018-05-26 17:41:42,2018-06-04 00:00:00
b8b2b6e3608c39adc510b2a5bf6c9437,ae88b5d233a5c934013e2641f78748a7,delivered,2017-10-12 20:06:42,2017-10-13 16:07:33,2017-10-16 19:12:06,2017-10-27 19:27:51,2017-11-13 00:00:00
c8aea852a760205e92591d5053231e07,76fee7c59d7317435aef4230a46b23bd,delivered,2017-01-27 18:00:27,2017-01-29 08:32:02,2017-02-01 09:18:31,2017-02-09 06:04:49,2017-03-20 00:00:00
8437cc26c9de9099049a5d619bd5ea67,64cdc06f388a59d50fc18582e3f8e513,delivered,2018-04-16 21:07:33,2018-04-16 22:10:26,2018-04-23 17:42:56,2018-04-25 02:18:39,2018-05-08 00:00:00
0bfbb90a7081700d37f79af63c088655,4b691768be854218728575411948fcba,delivered,2017-11-11 19:24:30,2017-11-13 21:55:26,2017-11-14 19:37:15,2017-11-22 16:34:13,2017-12-06 00:00:00
334835dee6d2994b7a4c3a396763520b,a06b4234539b780ad912a4704112dbbe,delivered,2018-01-16 19:10:27,2018-01-16 19:31:16,2018-01-18 19:07:03,2018-01-31 17:19:37,2018-02-19 00:00:00
6bc36770d620721000e91c6115924837,64cb0117a687a23b3d4a4982c7dedad3,delivered,2017-03-18 20:00:53,2017-03-18 20:00:53,2017-03-23 15:19:43,2017-04-05 11:52:49,2017-04-19 00:00:00
5c1ae73856bf1d09958ec5ae3a64b73a,d5695e900ecca93e1369d850dc1e986b,delivered,2017-05-11 23:24:53,2017-05-11 23:35:16,2017-05-15 09:14:36,2017-06-03 09:32:46,2017-05-31 00:00:00
d243808e23f60f3895c6a696df710642,f311cdd5c8f22cae58ea2495cebbf047,delivered,2018-07-16 11:01:26,2018-07-16 11:15:18,2018-07-20 12:16:00,2018-07-30 17:18:42,2018-07-30 00:00:00
7c37927fa7676a5dc4dafc75d15d6bdc,96d072f787b15baf8b013a7a9150b307,delivered,2017-09-19 13:30:43,2017-09-19 13:44:12,2017-09-20 15:17:54,2017-10-09 13:35:22,2017-10-11 00:00:00
28a58d10c5ce66e99e4edf25548e1a0f,d120c21be52a1136c423dad6a50a75a4,delivered,2017-05-04 14:51:10,2017-05-04 15:03:25,2017-05-05 16:26:54,2017-05-21 08:37:37,2017-06-08 00:00:00
1436cba3294812a22fe0868db7581b68,662b50538fbec2fa00feb3d4e7135b93,delivered,2017-12-12 22:20:59,2017-12-14 02:11:58,2017-12-14 17:02:48,2018-01-16 21:33:39,2018-01-12 00:00:00
a6cf11644446a2f66b35c06a3b61917a,a06b36afcb92e3dd94f5589baf453ec3,delivered,2018-04-12 15:43:20,2018-04-12 15:55:15,2018-04-13 12:44:47,2018-04-18 18:02:23,2018-05-04 00:00:00
80486ac4792fa4fe4ecf6011109b0edd,4b0352987831be898b4d3a4c0393ec6f,delivered,2017-11-17 19:59:08,2017-11-18 07:35:33,2017-11-21 20:07:09,2017-11-30 19:51:41,2017-11-30 00:00:00
3a7d825f151dea33dcd33aaf24c803cc,4ccd20adf1bd2ac9b5a490d9a5ee2b75,delivered,2018-05-16 09:44:37,2018-05-16 09:57:27,2018-05-18 11:10:00,2018-06-04 17:46:43,2018-06-18 00:00:00
63ed630173e589bf5897cc6eca5aa66d,90944df5064abca8c0580acfa5476fda,delivered,2018-06-03 20:18:57,2018-06-03 20:35:14,2018-06-05 10:15:00,2018-06-16 15:03:10,2018-07-13 00:00:00
b124967afcc82ef17ec41020fe2a9136,43dd5cdd60809c5f268d9d3b1e5b986d,delivered,2018-05-29 16:19:32,2018-05-29 17:18:09,2018-05-30 14:09:00,2018-06-01 15:48:34,2018-06-21 00:00:00
86a6d09b2d1149ef6c9e0f8bf09d3a7b,f0064a25d6ef0a0958746b7048ef77ae,delivered,2018-07-25 13:00:42,2018-07-25 13:10:19,2018-07-26 12:25:00,2018-08-02 20:07:46,2018-08-23 00:00:00
0e8e7aed5de3681d008b56aaa514fe6a,d6e2b7381afd823e7d123fdfca1b3b3a,delivered,2017-09-12 08:56:57,2017-09-13 03:15:36,2017-09-13 18:23:01,2017-09-18 20:54:42,2017-10-10 00:00:00
94dcbb5ca9d603177841a40f3d630483,40186e58e5331d475bac4a234986a029,delivered,2018-07-04 17:41:00,2018-07-05 16:32:52,2018-07-05 13:08:00,2018-07-10 18:08:35,2018-07-30 00:00:00
67fdc329b2ca0a11de2819f353d19ebb,d2ea35fdddd6e31de96015f837c481bb,delivered,2017-10-16 21:07:08,2017-10-16 21:26:19,2017-10-17 18:47:45,2017-10-25 20:00:09,2017-11-01 00:00:00
bac2b1fb4eb632cd04d6c26f47b61ff9,8ab7b5a0e010fcebc3f6dd6eaa190319,delivered,2018-01-05 16:04:43,2018-01-05 16:16:05,2018-01-08 21:54:06,2018-01-23 01:53:08,2018-02-06 00:00:00
3d256d368580c4cc0dc2b5fc606f1e57,195d4fccba77a084a0b2ca23c49db18c,delivered,2018-08-18 12:20:25,2018-08-18 12:35:06,2018-08-20 14:59:00,2018-08-23 00:03:23,2018-08-27 00:00:00
fce5031b8cd60863c55256f9d930d269,d3ad4dc86c316469ac1f47a303bf5e3e,delivered,2017-09-20 06:20:32,2017-09-20 06:30:12,2017-09-26 20:33:38,2017-09-29 20:05:07,2017-10-03 00:00:00
ba2f2f4bd29ed2679295a4c10cede333,b51d567410c3cb6190b2de9cca60c5bb,delivered,2018-01-04 15:59:36,2018-01-04 16:10:28,2018-01-05 20:52:54,2018-01-10 23:48:49,2018-02-01 00:00:00
fbe404cf18f22d782369d500d1a75671,79464ec451b3e1eadc7f4583dffa6051,delivered,2018-04-30 20:10:59,2018-05-02 09:33:14,2018-05-03 09:21:00,2018-05-07 22:10:47,2018-06-04 00:00:00
0b0d8e5883c78ff45f2f1b7c511151db,69b15f0fc02f022ec3c729f145089728,delivered,2017-11-11 22:11:09,2017-11-14 03:55:40,2017-11-21 18:31:53,2017-11-30 18:41:47,2017-12-11 00:00:00
315b408ea2b172afb8ed00e598158e62,cf1324990b51279a4a7ebc7eee09f5e3,delivered,2018-03-11 21:28:28,2018-03-11 21:48:39,2018-03-14 23:57:35,2018-04-09 20:56:24,2018-03-28 00:00:00
dd0772fc1baae39225ffcb43bbb71a99,b117ae6771e4c5db77c8e5c8411ca4ef,delivered,2018-04-01 18:58:17,2018-04-01 19:10:08,2018-04-03 23:46:31,2018-04-11 18:34:36,2018-04-23 00:00:00
0f0dcff95d53d151facf1af7575432cb,3b0fd9775eab322c7a98dc12b3b35a5b,delivered,2018-03-18 11:11:19,2018-03-18 11:28:00,2018-03-20 21:04:16,2018-04-05 21:08:41,2018-04-06 00:00:00
9050348d03b76a6157c65693742a2073,ddb3130ade3920265203853e3885d9f0,delivered,2018-03-21 15:56:34,2018-03-21 16:15:41,2018-03-23 00:28:51,2018-04-04 00:48:33,2018-04-19 00:00:00
c12f0726eb6667bd058a5282d131e680,c40c836a98137665fcdfc92b9b8837c6,delivered,2018-01-22 21:54:15,2018-01-23 21:59:38,2018-01-24 21:44:01,2018-01-29 20:03:33,2018-02-14 00:00:00
e3e2ca5afeb7f8dc5e95b1633d8cd6b1,0739e05c71a6246747cddc1af25fcce8,processing,2018-01-14 23:22:30,2018-01-14 23:31:29,,,2018-02-05 00:00:00
903b027d6b01452fda4780d82f286bcd,d6dd616ed774326df2147bfbc0e75490,delivered,2017-08-08 15:37:05,2017-08-09 15:45:13,2017-08-10 20:51:55,2017-08-16 21:51:59,2017-08-30 00:00:00
cc8ae3b6f1e14041c68fb899d1d83303,ed27c1a48c82bc9d7d5ca822fc2b62cc,delivered,2018-05-13 19:59:57,2018-05-13 20:13:28,2018-05-15 15:06:00,2018-05-18 20:03:22,2018-06-05 00:00:00
d3a543aebcdb10da36e411d1b65a7493,55295292eefde14db24c4018c8fb550a,delivered,2018-05-21 10:33:00,2018-05-21 15:32:00,2018-05-23 14:00:00,2018-05-25 22:08:39,2018-05-30 00:00:00
3a5271b57335b6f18985d213924b3ca0,53885730087107b7a4dd579001c918e6,delivered,2017-05-24 12:43:47,2017-05-26 02:25:25,2017-05-26 16:12:42,2017-06-08 14:22:22,2017-06-13 00:00:00
fa6ae95493388e7d79e8da2b87087a95,f88903d440fd26c3aa83f4f8c269c66f,delivered,2018-02-19 19:04:45,2018-02-19 20:07:59,2018-02-20 19:04:18,2018-02-28 20:46:59,2018-03-12 00:00:00
5664108fc73599db9191ed8160e0989c,28ec50f091f0e77b714b91eac5074c01,delivered,2017-11-30 16:09:24,2017-11-30 16:16:21,2017-12-01 17:37:50,2017-12-12 01:17:16,2017-12-27 00:00:00
afcbb3c01317e203538feaa1bac05741,ffe74a03e68b1c23d2bd6a1ecdc2f3d7,delivered,2017-07-12 12:46:09,2017-07-14 06:45:21,2017-07-17 17:34:03,2017-07-24 19:25:32,2017-08-03 00:00:00
e3fdb4acd9e17c8b90cb9632990ee786,f55e489fa5e3fa5cdab0588fb2cf9f0b,delivered,2018-01-02 07:50:34,2018-01-02 08:17:09,2018-01-03 21:07:04,2018-01-08 14:47:54,2018-01-29 00:00:00
29bd5d4c7f91a9952f98e09ff439cc2f,e3fc6b36511d2b9aebbb706cc1b613b6,delivered,2018-06-25 16:15:24,2018-06-25 16:38:05,2018-06-29 12:28:00,2018-06-30 16:18:54,2018-07-11 00:00:00
909d3b2480dfb32ec3a81fb0e9a69627,2c638b26193ba082ad5078be3f37a854,delivered,2017-07-19 14:38:39,2017-07-19 15:10:18,2017-07-20 15:32:14,2017-07-28 19:53:32,2017-08-14 00:00:00
2c2aee01af5e98a463c29e726ba3a272,f02c4a831d9fc285c178f61afdce2b5b,delivered,2017-05-11 11:47:42,2017-05-11 11:55:23,2017-05-12 07:19:38,2017-05-15 14:22:23,2017-06-01 00:00:00
607a53a5c5210e129c689ecfb2c1897b,a9c9fc2ca98560e072e73177c7046e7e,delivered,2018-01-31 18:02:38,2018-02-02 02:54:01,2018-02-05 16:22:54,2018-02-10 14:33:20,2018-02-22 00:00:00
9174fca54bbd6e4bef29bd8cebea449a,f3fc8d82cce28672798c9eb59ee15250,delivered,2018-07-19 10:06:33,2018-07-19 10:22:53,2018-07-19 13:19:00,2018-07-21 02:12:26,2018-07-27 00:00:00
aa078289a37e7fc6858559006061646d,f3367c9aca21c8339000542eef955545,delivered,2017-12-21 10:26:44,2017-12-22 14:31:45,2018-01-26 20:42:33,2018-02-07 18:19:12,2018-02-01 00:00:00
6333046a213dd2a7a2fa8909a8111bfb,01c41ead4383471f6ef23bcf19aeb5c5,delivered,2018-06-05 00:26:37,2018-06-05 00:52:25,2018-06-06 14:37:00,2018-06-21 00:02:46,2018-07-19 00:00:00
3ff488af63223ea08fce4e9db03a82dd,fb62f2a2b233dce9750bd57255526150,delivered,2017-02-12 17:11:02,2017-02-13 17:22:59,2017-02-14 09:15:08,2017-03-09 08:51:55,2017-03-22 00:00:00
cb750ffaf626492fdb62fab26f501b82,bec066d38efbd6e61e680eb9595685de,delivered,2017-12-08 22:25:44,2017-12-08 22:35:29,2017-12-11 19:37:55,2017-12-12 17:13:10,2017-12-27 00:00:00
e92900da13e75122f18f3694fd9e0230,5f05de07772c3e69f3a019b70a0c97e9,delivered,2018-02-20 17:03:21,2018-02-22 02:31:04,2018-02-27 18:58:51,2018-03-21 20:21:02,2018-03-19 00:00:00
cefb2c1509c176244d633a5f3f38e24b,0bb7a259af35271edd61b190f9cb78be,delivered,2017-11-24 21:21:02,2017-11-25 00:17:50,2017-11-27 18:17:11,2017-12-02 16:52:01,2017-12-18 00:00:00
3b5d81f92e4a18f0fc0752f02f47a5ab,f1e385cf7166b007ceac8d79c781c8ab,delivered,2017-10-12 19:32:02,2017-10-12 20:36:28,2017-10-13 22:28:43,2017-10-23 20:28:52,2017-11-13 00:00:00
9af75af133e554afc286c77a5684cd6d,5d1fe77e26f6db69ffcc7075b48d966a,delivered,2018-01-10 10:27:04,2018-01-11 03:31:18,2018-01-11 15:10:48,2018-02-01 20:49:48,2018-02-07 00:00:00
b210c676cae65f95f7e08a49d195e1a1,44cb55a7202fc9fccf83f653373bb000,unavailable,2017-07-21 14:40:21,2017-07-21 14:55:15,,,2017-08-16 00:00:00
8ec02de389ef4b7fdd3b0b084027c0a6,b6c9564644bbdfd2316ac9ef9987b87d,delivered,2017-10-21 00:33:38,2017-10-22 00:49:20,2017-10-24 19:17:44,2017-10-25 15:50:08,2017-11-07 00:00:00
4b7bf1f7eb492ad33680ba2cb4c4ba56,1b2fccd64ead0637991ff28c1971d9a7,delivered,2017-09-03 16:52:33,2017-09-05 04:24:48,2017-09-05 20:03:35,2017-09-08 17:36:34,2017-09-27 00:00:00
46d7f4b6bd94be776c180799b944fa43,549d18cce1fd46ab0ed45a76cab1f23f,delivered,2017-09-12 19:35:55,2017-09-12 19:50:22,2017-09-15 21:51:58,2017-09-22 19:29:01,2017-10-02 00:00:00
ef3d759ba50b03b99a1f7785496d554c,f3717d4601f58d09957af0f308c981bc,delivered,2018-03-07 23:52:43,2018-03-08 02:29:15,2018-03-10 02:22:42,2018-04-10 00:03:32,2018-04-03 00:00:00
e5ac2ec6985bd8401bc382345e4266b3,187a209cec5b138187e8e4bfa8fd8825,delivered,2018-03-28 18:59:41,2018-03-29 18:55:18,2018-04-05 18:31:09,2018-04-07 01:08:46,2018-04-12 00:00:00
41593546724af38df27bd3f5a7f10580,629c063ae504efc5531dafb30fca6ea3,delivered,2018-01-20 21:47:36,2018-01-20 22:02:10,2018-01-24 03:45:04,2018-02-02 21:24:23,2018-03-06 00:00:00
c4512da2ee4d091cf912a878cba23f6e,e72b7c5bae2b9031c4372ac8654327dd,delivered,2018-05-07 19:52:58,2018-05-08 20:54:52,2018-05-15 12:28:00,2018-05-21 19:48:35,2018-05-30 00:00:00
69c57a5417fc7d21a4eefc51ccb864c0,dc755b08c86f5315f97a52458fbd59b0,delivered,2017-04-10 13:43:23,2017-04-10 13:55:19,2017-04-10 15:30:21,2017-04-17 09:54:11,2017-05-04 00:00:00
67332434603362ce9e1894a63211232f,aa19299c3284aa496d206a5460bde6e5,delivered,2018-02-14 10:10:32,2018-02-15 04:20:22,2018-02-17 01:12:39,2018-02-27 20:18:56,2018-03-16 00:00:00
c833391c20c67e486071538365c1edae,abf36d4666c68c17927c23c39364fac4,delivered,2017-11-24 12:04:50,2017-11-24 14:52:32,2017-11-28 01:03:03,2017-12-10 15:46:23,2017-12-08 00:00:00
28cf6655a339bec298464ed6ac5b4550,3ab22580c82d3db7531aba1fc5fe49c1,delivered,2018-02-25 14:38:34,2018-02-25 14:50:36,2018-02-27 21:37:56,2018-03-20 21:28:51,2018-04-02 00:00:00
b51f2621265ffd44eb7cdc9358836225,a0283634d75ba3de47f555d16310dd30,delivered,2017-11-25 00:08:21,2017-11-25 03:11:21,2017-11-28 14:33:02,2017-12-23 13:11:02,2017-12-28 00:00:00
1af215a28c496e6d38edbd01e261f044,5fa2153b4ba64216d026039216f631d3,delivered,2018-04-24 15:40:11,2018-04-24 18:49:44,2018-04-25 13:21:00,2018-04-30 21:12:12,2018-05-17 00:00:00
ac354a1df0a6139d9bffe004c924c10a,d4ad3f9169dea39a475c37b9fa49e186,delivered,2018-02-14 17:29:00,2018-02-14 17:48:04,2018-02-16 01:43:12,2018-02-28 14:12:33,2018-03-15 00:00:00
38541d08d4eb7d571b5b80cb6ca9be03,937682b4176cf634c443714be31b5ca7,shipped,2017-11-24 21:36:30,2017-11-25 01:31:42,2018-01-04 21:07:51,,2017-12-20 00:00:00
488a016252a949b46cb0ac82a597d663,d600c51ea8cf9cfdad799165e8b88df9,delivered,2018-06-20 14:56:49,2018-06-20 15:19:22,2018-06-21 15:40:00,2018-06-22 19:14:28,2018-07-12 00:00:00
44fb50923bb950b4aac437b0e7e0e3c4,df86fdd2e6ba6d883347af319dfd45c9,delivered,2018-07-27 09:03:24,2018-07-27 09:15:12,2018-07-27 13:52:00,2018-08-01 20:51:15,2018-08-10 00:00:00
6a86d97dc3bc979462a5acfe0e98fdcf,60d2ef638fdb1625f3f599fe416c3dd8,delivered,2018-04-05 19:10:13,2018-04-05 19:29:48,2018-04-06 21:21:26,2018-04-18 22:58:20,2018-04-27 00:00:00
acb7a021e51917d7f0aa4a7567c5717a,4841d8c1900e338fd39052513cc592e2,delivered,2017-09-15 19:40:15,2017-09-19 03:45:09,2017-09-21 18:52:33,2017-10-03 19:44:00,2017-10-09 00:00:00
2c53bd1388754e218f18b97bf025d935,09cda23610c5275912f43be97020e76a,delivered,2018-07-11 19:55:14,2018-07-11 20:10:12,2018-07-13 14:33:00,2018-07-21 10:41:27,2018-08-01 00:00:00
d90f36f9fe6a2fda4bbc5498a14b81d6,e48d7789f6df4397bf00bff9c80110f1,delivered,2018-04-12 13:46:50,2018-04-14 02:30:32,2018-04-16 23:52:09,2018-04-18 23:26:51,2018-05-07 00:00:00
4360063fea90cf1fafd22f165125cb2e,f4cfa0a6eecf28cf72c451b974d96f9a,shipped,2018-07-27 14:16:52,2018-07-27 14:30:07,2018-07-30 11:28:00,,2018-08-20 00:00:00
2aa8454e751e7fc82eba1192b4e49aad,6f7c8b3369dd1f736a77264ecd928a47,delivered,2018-07-31 09:53:32,2018-07-31 10:31:20,2018-08-01 13:42:00,2018-08-06 17:52:54,2018-08-14 00:00:00
6305e90ad1e8185734f333b9fd2b22e9,dd6b260a2c609fd68917fb3551187b71,delivered,2018-08-21 12:01:40,2018-08-21 12:10:46,2018-08-22 14:01:00,2018-08-28 21:27:41,2018-09-03 00:00:00
b1135445c9efaedf0b492762d692bbcd,f26fce0d0ea5cd4f464e88472db6161b,delivered,2017-11-24 16:05:11,2017-11-24 19:53:01,2017-11-27 22:55:42,2017-12-27 22:46:12,2017-12-27 00:00:00
dacb857612778747b96d5afcad0adbd4,2efa228413723f2cb74177fbe013df47,delivered,2018-07-13 18:45:16,2018-07-17 07:31:37,2018-07-19 14:02:00,2018-07-23 20:32:24,2018-08-02 00:00:00
ddca7a5427d96087ea1402cb4375ed3d,cda317dbbdd9887d0ef766b397d36fdb,delivered,2017-11-23 23:19:06,2017-11-23 23:30:35,2017-11-28 21:39:03,2017-12-01 20:09:57,2017-12-13 00:00:00
709c6595b82e501a8c6a767b30aaefbb,8e036358b5575b6c70773af8496ec5b4,delivered,2017-07-10 23:25:48,2017-07-10 23:43:19,2017-07-11 18:32:02,2017-07-25 22:48:03,2017-08-01 00:00:00
46f205bf859fece0e93ee991d1a07548,cecfbcd61fe1f11b7da316e1be390dff,delivered,2018-01-19 08:45:56,2018-01-19 08:58:16,2018-01-24 23:13:32,2018-01-29 13:38:33,2018-02-09 00:00:00
c139edcf8b223915f78d5a487a6b5500,492bc00d194c024369dc01d865b094ad,delivered,2018-06-26 09:21:04,2018-06-26 09:37:57,2018-06-26 14:30:00,2018-06-27 22:22:41,2018-07-11 00:00:00
a3266d5717615919b50f2d1f62d8c0a8,5b41c0b5df09a95d8f74f5d6373571c0,delivered,2018-06-30 11:02:45,2018-06-30 11:15:14,2018-07-03 12:21:00,2018-07-10 01:12:14,2018-07-27 00:00:00
4b918143b2bc5955cca83595afd57833,010dad3dab8189cba58ae1ca11b8cc09,delivered,2018-01-11 17:13:36,2018-01-12 02:34:50,2018-01-12 21:03:15,2018-01-18 00:25:04,2018-02-01 00:00:00
4b2dcf714729a31ae2d3b69b1dd35629,e6e2f4bd5dc5431d4cccd258adcce955,delivered,2018-04-21 13:33:05,2018-04-24 18:54:31,2018-04-23 19:32:08,2018-04-30 17:08:38,2018-05-23 00:00:00
31387068a4e9c19d93f6e8b13853bc46,09714b907f40049ef6c7e0db105e5fa8,delivered,2018-07-28 19:53:30,2018-07-31 06:35:21,2018-07-31 14:45:00,2018-08-01 14:06:45,2018-08-07 00:00:00
0e7a11a73554ebd7fa1de70d50b75285,953b2f1b03eaf585de5e879a3b4b878f,delivered,2018-03-30 05:48:12,2018-03-30 07:07:34,2018-04-02 23:11:22,2018-04-09 17:59:24,2018-04-19 00:00:00
53bfe1a75c6a15a54e6452b167689ef4,97966ae10a4aa065e715e2c2fbf0a86f,delivered,2017-07-23 05:33:44,2017-07-25 03:45:23,2017-07-27 15:09:30,2017-08-10 17:30:30,2017-08-11 00:00:00
ab5628545011511727a47e013585705d,f4a542eb93975b9f18f2c2cc4cc13a0b,delivered,2018-07-31 04:03:02,2018-07-31 04:24:31,2018-07-31 13:52:00,2018-08-02 01:26:45,2018-08-03 00:00:00
48fdee20557eb297d2cfecd7df1a82e2,40c48f5937d17b1b12b53503e9c06836,delivered,2018-03-11 22:10:16,2018-03-11 22:28:02,2018-03-12 22:54:50,2018-03-21 00:42:31,2018-04-04 00:00:00
5a911c89527605e73569727488b5468d,2f354a7f80d67c7a475622acf2692026,delivered,2018-04-28 14:23:19,2018-04-28 14:35:17,2018-05-02 08:00:00,2018-05-14 18:44:49,2018-05-21 00:00:00
0071ee2429bc1efdc43aa3e073a5290e,081a2d41949e652a50988fd39febb4a8,delivered,2018-01-22 11:08:15,2018-01-22 14:17:41,2018-01-26 15:12:17,2018-01-31 23:58:36,2018-02-15 00:00:00
0a8b6e2cf83e2543f6b756e3a6d16eb5,d40c0a437930e5c214c1a779b5815b81,delivered,2018-03-23 14:45:54,2018-03-23 14:55:32,2018-03-27 00:48:46,2018-05-10 22:19:30,2018-04-20 00:00:00
248065388c27d5287020c4ff60183298,624b29e32f32cea6abc3daa3a6e539ff,delivered,2018-03-02 06:54:42,2018-03-02 07:09:07,2018-03-27 16:52:54,2018-04-06 22:14:52,2018-03-28 00:00:00
0812eb902a67711a1cb742b3cdaa65ae,c6e2731c5b391845f6800c97401a43a9,delivered,2017-02-12 20:37:36,2017-02-12 20:45:12,2017-02-16 09:23:13,2017-03-03 14:23:18,2017-03-09 00:00:00
02701a0103fedd7310a8d575f9a8d291,92e2508e660317ea7b5be007a5e38e7a,delivered,2017-07-24 16:08:06,2017-07-25 06:43:06,2017-07-26 11:07:54,2017-07-28 14:13:13,2017-08-11 00:00:00
0c71a69769943ff74326682f85d34be9,8e2ca602bd712bb232afd470752cef62,delivered,2017-08-08 08:49:10,2017-08-08 09:03:18,2017-08-08 15:53:30,2017-08-17 17:53:11,2017-08-30 00:00:00
61fbc5899c21d17064fe3d17911738b2,268b8b7bf0c5d5653047775c202d6936,delivered,2017-11-09 12:37:53,2017-11-09 12:56:45,2017-11-10 20:22:56,2017-11-22 21:11:02,2017-12-07 00:00:00
57f67475fb7b09eedaba20d1a7cc6097,e57c26f7888cbed458512dd2b53d7180,delivered,2017-08-07 15:29:39,2017-08-08 15:43:32,2017-08-10 15:08:17,2017-08-23 14:38:16,2017-08-31 00:00:00
aaf1d91f4fd6cb8412c05db8e186c8b4,61d1b9634e1dede347e7efc29450a3ca,delivered,2018-02-06 22:12:28,2018-02-07 22:55:52,2018-02-19 16:57:16,2018-02-20 18:16:55,2018-02-22 00:00:00
5dd757355fed8ec589b18d6d5c47e6a2,5403307de6fa27256a706e5fc1624531,delivered,2017-08-12 17:13:04,2017-08-12 17:25:11,2017-08-14 16:32:54,2017-08-15 19:06:47,2017-08-25 00:00:00
38f93719aef944cdcf2fbb212432be91,92f176d7d926c22dff2f54d791aa9ac3,delivered,2018-04-05 15:28:22,2018-04-05 15:49:31,2018-04-06 22:41:42,2018-04-09 21:21:49,2018-04-20 00:00:00
56ae029ed8bd31758f66831a64bf5629,4819e20338590ee062fedff6ebde9167,delivered,2017-05-06 20:11:10,2017-05-06 20:22:13,2017-05-10 09:56:40,2017-05-17 15:41:25,2017-06-02 00:00:00
889508c3700be6eebc597a173a99c250,57fd533504f8465baa7d22a08b659f9e,delivered,2018-02-03 19:28:45,2018-02-04 00:09:40,2018-02-08 20:58:07,2018-02-18 12:50:59,2018-03-05 00:00:00
e283aa41f393430cec1d2637cb65b79f,7b9a13da4fd5b8eb772caba299eeb7ab,delivered,2018-02-14 21:27:04,2018-02-14 21:48:03,2018-02-15 18:45:14,2018-02-26 22:58:31,2018-03-08 00:00:00
9c4dfa7a4f01d5042e9363edd0c7c7b9,176e4214bb992cb6ecb6d426f39db3b1,delivered,2017-03-13 14:00:28,2017-03-13 14:00:28,2017-03-20 11:42:32,2017-03-29 16:35:47,2017-04-10 00:00:00
cdbf1b19ed3de1544a0b6980ef0aa28b,7014b87db22f330b67a1a709906d19e5,delivered,2018-02-19 18:47:52,2018-02-19 19:50:41,2018-02-21 16:35:35,2018-02-22 01:22:35,2018-03-05 00:00:00
218aa418c193211de5e1ead0c8eba54e,c40d73f46a20b9b5387bb02c800636df,delivered,2017-11-19 15:24:26,2017-11-19 15:35:26,2017-11-24 16:28:13,2017-12-04 22:10:18,2017-12-07 00:00:00
4733b3de4bf04376a9d53930899ef18c,e8d32260f2ebace5f1b80c9b213601ff,shipped,2018-01-08 14:16:01,2018-01-08 14:28:11,2018-01-10 20:14:13,,2018-02-14 00:00:00
4c16e2f2793eec4da8f68fd77b2a092a,5ce38fa5daeaac0e2a58fcde5fbc923a,delivered,2017-02-19 19:30:12,2017-02-19 19:42:11,2017-02-22 09:41:40,2017-03-11 05:43:48,2017-03-23 00:00:00
3bf4ed8507baa998f5cbeb2e65d6e6f8,a205407473078b5529f6654ae2d88729,delivered,2018-04-01 20:40:32,2018-04-02 22:50:18,2018-04-03 21:14:28,2018-04-09 21:24:41,2018-04-24 00:00:00
5c2a89b532544cedf5069013231f0c8e,9674e05d82c3b6ee52c8c9800b3f5a1d,delivered,2018-03-14 12:04:20,2018-03-14 12:15:56,2018-03-21 23:02:54,2018-03-26 22:11:54,2018-04-02 00:00:00
08fa939ba176d6eb8430ef2990a68245,9d37090bcb08893303afadd62b9a5c46,delivered,2018-07-03 19:21:21,2018-07-05 16:30:44,2018-07-06 09:25:00,2018-07-11 13:41:55,2018-07-19 00:00:00
71408894cb2412e1f48530b6ec0a2e4b,84022f0b4a55c6fa83660c019d91ec08,delivered,2018-07-23 18:33:22,2018-07-24 10:31:39,2018-07-24 14:47:00,2018-07-25 21:16:34,2018-08-01 00:00:00
3ba790c8d2e841929c346e8da5c6abed,ff344e297e03bee1955fd3b4cfcd19b5,delivered,2018-08-04 22:12:46,2018-08-06 08:44:48,2018-08-07 14:08:00,2018-08-15 19:41:45,2018-08-20 00:00:00
6e2195905a29e13f764109b542ca65cd,225a3e44085e827d6c058be9a7781252,delivered,2017-07-12 13:09:30,2017-07-12 13:30:13,2017-07-14 17:41:46,2017-07-18 03:57:51,2017-07-25 00:00:00
79c786a94283e846deec8681219bc144,58e73c82bbd5992b6ca53e1dcd0aaf16,delivered,2017-10-27 16:54:59,2017-10-27 17:09:10,2017-11-06 16:28:48,2017-11-17 23:18:58,2017-11-21 00:00:00
d82c5f84358d79a603ddd499e2ab9d22,dfc05ec4cd332bc05c602f36c93e5f6e,delivered,2018-02-07 00:35:59,2018-02-07 00:53:53,2018-02-07 20:33:32,2018-02-16 23:22:50,2018-03-09 00:00:00
f29f35a09c1dbda89c4cab0d09b89efd,37517a5afc1e78585b25e5cd2b9b7a7f,delivered,2017-06-02 15:14:54,2017-06-02 15:30:22,2017-06-05 14:52:52,2017-06-13 15:27:45,2017-06-27 00:00:00
f55549e038254ac7c374f12888ab7b84,32ef00faaec28f844c83dd9856d67177,delivered,2017-12-12 10:50:38,2017-12-12 10:59:33,2017-12-13 16:48:51,2017-12-19 16:58:41,2018-01-09 00:00:00
f94be056d3d4f784555461ec0c2c19db,55ad70f3207fcef17011bf16878d5b9f,delivered,2017-06-08 11:18:47,2017-06-08 12:32:19,2017-06-08 14:08:34,2017-06-16 16:24:42,2017-07-07 00:00:00
8a02df0db15a7e4f1ba462a2b939a532,30284eafcda5344374c7853fb73e07a5,canceled,2017-10-22 14:00:34,2017-10-22 14:14:21,,,2017-11-09 00:00:00
9eb9610a7e3c04e7ab0298d704c383dc,cfd34f15eb3c20730fcfa9da03936fc8,delivered,2018-02-24 10:02:16,2018-02-24 10:15:24,2018-02-27 00:55:40,2018-03-06 20:13:29,2018-03-21 00:00:00
4abc32e9c706c58cae553dae3c2c914b,f14da5aeebc8cb65ae9238a0cf5aac7f,delivered,2017-10-08 18:24:44,2017-10-08 18:36:25,2017-10-09 15:51:58,2017-10-17 18:13:22,2017-11-14 00:00:00
c3d8fe24facbdbcf714246c6aa420834,5fd8d85758c33eb86b7907f3718cd221,delivered,2018-08-08 11:51:56,2018-08-08 12:05:10,2018-08-10 12:25:00,2018-08-15 18:58:52,2018-09-05 00:00:00
878deac45277a6693260658cbce58cf2,9fa14d0cd5f8786390f231fade59345e,delivered,2017-11-28 17:24:56,2017-11-29 02:21:53,2017-12-07 21:56:58,2017-12-18 17:39:20,2017-12-18 00:00:00
5a130e5571bc83bee3bbf7524d83b831,7774234aea52a82b6a8d960506d5fd49,delivered,2017-05-22 12:30:30,2017-05-22 13:10:19,2017-05-24 09:47:56,2017-06-06 10:34:30,2017-06-02 00:00:00
8071505187465938d3f033c82180edc6,4aa4b0bc224d904c78b9416cf90bc686,delivered,2017-06-30 13:00:42,2017-07-04 04:04:07,2017-07-04 13:27:07,2017-07-17 18:53:54,2017-08-01 00:00:00
1a5ec149ca0570ddff60135606190445,ea3ef3d0dce264b94bedf3b93fcb1c44,delivered,2018-05-16 22:46:24,2018-05-16 22:56:08,2018-05-18 12:03:00,2018-06-09 14:27:23,2018-06-01 00:00:00
64f8d43fc9ba9110bc3142d2f7a1f40a,27e91a1e00fe25b0b8b26b7f6729b318,delivered,2018-01-10 23:28:03,2018-01-10 23:37:31,2018-01-12 22:59:05,2018-01-31 16:24:56,2018-02-09 00:00:00
4bd1c66907b2334cfdb5bc612d980f0d,02d34c287580a6f46ad7ffc395bbc208,delivered,2018-06-04 13:39:12,2018-06-04 13:51:52,2018-06-04 14:22:00,2018-06-05 22:56:30,2018-07-05 00:00:00
80ba49127f9a97f9bbe4e60770798cc7,a0be389ce9a97ffe548099c7efa36746,delivered,2018-08-03 10:08:57,2018-08-03 10:43:57,2018-08-07 13:10:00,2018-08-14 18:42:43,2018-08-20 00:00:00
8c2b13adf3f377c8f2b06b04321b0925,0aad2e31b3c119c26acb8a47768cd00a,delivered,2017-11-17 19:46:08,2017-11-17 21:31:03,2017-11-21 12:57:04,2017-11-29 20:13:45,2017-12-20 00:00:00
74ad3397d84521ee94f326aad1a35d14,ba9872439094744184c4a480082458c8,delivered,2017-11-24 10:00:18,2017-11-28 02:51:33,2017-12-12 22:56:42,2018-01-17 17:46:03,2017-12-18 00:00:00
1428edef07a52576000d65e9e76ad451,e27e6c78c40ec4b9d9bf621529c61dff,delivered,2018-05-17 20:35:56,2018-05-18 02:15:13,2018-05-18 13:57:00,2018-05-21 14:37:48,2018-05-25 00:00:00
6428b2a748ec44017c56190db6b0d500,d02486b2d7a7e66096b8da5ffba66147,delivered,2018-03-17 14:27:34,2018-03-17 14:35:28,2018-03-19 20:49:41,2018-03-28 14:48:44,2018-04-11 00:00:00
04b7f4eff7b30fc23df0be1f249113a5,97b1a3ce290922863b4118a8a290d3bd,delivered,2018-07-30 10:59:07,2018-07-30 11:40:04,2018-07-31 15:22:00,2018-08-04 12:55:49,2018-08-10 00:00:00
804b3f6bad007a44efd1fd85f0291070,186da0669cec6692e20f9bb2f1985aba,delivered,2017-09-28 21:11:45,2017-09-29 10:28:35,2017-09-30 00:12:02,2017-10-09 19:32:59,2017-10-20 00:00:00
6de71495f07c4feda3d6cf820c1733c5,660371b8af390559d94226eb283b514f,delivered,2018-02-26 15:01:45,2018-02-28 10:15:40,2018-03-01 19:47:47,2018-03-10 16:24:52,2018-03-23 00:00:00
8f5a539f581d3e8bbd7ceda637dca43e,ab8722afbdd58083bafd355ba64a4dc4,delivered,2018-04-07 00:35:53,2018-04-10 03:50:16,2018-04-10 22:54:42,2018-04-11 23:22:11,2018-04-24 00:00:00
2438d9ebc81a498562b889ee3ea2ec30,d94052cc4d67e05442039c37168d709e,delivered,2018-01-04 09:29:28,2018-01-04 09:48:35,2018-01-04 16:42:59,2018-01-13 00:12:59,2018-01-22 00:00:00
8c7fcfaa7131076e4b646b3977ad6633,bbf8bf3664ee1a661f3d440418622273,delivered,2017-11-28 23:04:53,2017-11-28 23:12:31,2017-11-29 20:18:53,2017-12-15 23:29:08,2017-12-26 00:00:00
04d7676ae07d3a61604185998b0d51d9,0b171140ee2baf7b6039c45ee04d8abf,delivered,2018-01-23 16:25:47,2018-01-24 02:52:39,2018-01-24 22:22:58,2018-01-29 20:48:04,2018-02-22 00:00:00
09138fb3bbda7e400f9aac03c238385c,083e90e0576402957154264852d4b8ca,delivered,2018-03-17 18:33:39,2018-03-18 18:30:29,2018-03-19 20:09:44,2018-04-05 21:44:23,2018-04-12 00:00:00
40e370756cfe851295bf0ca9e6811f46,b81bc98e6a37230863c0cb4f71c0c9b4,delivered,2018-04-20 11:13:43,2018-04-20 11:31:14,2018-04-20 21:51:17,2018-04-23 19:03:30,2018-04-30 00:00:00
eb5063779e537e3b04fb1f0a50774ffb,51ed85a93d25b1d695fde7d13ab831c5,delivered,2018-07-30 21:21:05,2018-07-30 21:35:18,2018-07-31 13:05:00,2018-08-03 17:21:40,2018-08-10 00:00:00
275743d143363260c8de58ac45967d73,9d6c2f1cdc8fa0a8791bd7fab90aa596,delivered,2018-04-22 20:46:41,2018-04-24 18:59:48,2018-04-24 22:42:14,2018-05-04 16:24:30,2018-05-16 00:00:00
b6bd1268edd63fffeca68296b0abbb27,74693dcca0b4f00d1e44f2761861eec5,delivered,2017-09-08 10:42:45,2017-09-08 10:55:23,2017-09-14 20:27:56,2017-09-28 20:51:43,2017-09-29 00:00:00
36aa2198c0e91257b4b146cc25267a45,e7368cca4ee120175b9de0d9eda58288,delivered,2017-09-28 11:16:17,2017-09-28 11:28:16,2017-09-29 15:17:10,2017-10-19 21:42:54,2017-10-30 00:00:00
b49180948b6f7e304351b16053fe2f42,f885a76f4d16f14183bd8762ca6420b0,delivered,2017-12-13 04:20:28,2017-12-15 02:17:16,2017-12-20 00:39:08,2018-01-05 21:56:47,2018-01-15 00:00:00
b39d5e5d31956b4598ed01674a0943e7,1a9f9ff94f0cc44bd356c8c8da8d3303,delivered,2018-08-04 00:47:11,2018-08-06 08:50:12,2018-08-13 09:24:00,2018-08-16 20:11:43,2018-09-05 00:00:00
f25089f2ef76f59d6eeda680cebb8b01,440cec713dcbe10aa3d8b68336d41fd8,delivered,2017-09-27 08:56:52,2017-09-27 09:07:25,2017-09-27 16:40:47,2017-09-28 21:27:36,2017-10-13 00:00:00
817244d0b17cd86f2e5d77b1985b74fb,11bfd7088bc99779d75cde702b95e6fb,delivered,2018-04-13 16:53:19,2018-04-13 17:11:06,2018-04-16 23:11:53,2018-04-24 14:41:08,2018-05-15 00:00:00
a51878c7b567d6bb29abf33bbbd80c24,a890bc05dda2a95551879eda1ce862e9,delivered,2018-07-26 12:57:37,2018-07-27 12:05:10,2018-07-27 13:49:00,2018-07-30 15:03:16,2018-08-13 00:00:00
81b7c7bbc8ec003eeb67d87441a6a148,75c6e03e7206bd1dd59f427c9f75142a,canceled,2018-08-20 09:03:23,,,,2018-09-03 00:00:00
3139254607a08295dbd11e787d816506,8a14edb98e31117b2e0f10525840e410,delivered,2018-07-30 18:36:56,2018-07-30 20:00:19,2018-07-31 09:12:00,2018-08-10 15:45:57,2018-08-17 00:00:00
c4583fb919a75c51dfb38e60c34d29c2,d3acdc18008e13a0f4c767063ba01780,delivered,2017-07-14 17:52:27,2017-07-14 18:05:44,2017-07-18 18:43:50,2017-08-01 10:07:27,2017-08-07 00:00:00
fdfeec75aa07c1d2a88b17b8fbfc7b8f,8fbd29638b8ddd97d012473abf1f7752,delivered,2017-02-24 22:28:55,2017-02-24 22:42:22,2017-03-04 11:58:57,2017-03-14 16:17:59,2017-03-21 00:00:00
fe97236a8a4c033c66e3510e0b5d2736,3ccf34d50a0b0879b38987657cd3b561,delivered,2018-03-19 19:29:49,2018-03-21 02:49:03,2018-03-21 20:12:21,2018-03-29 22:36:25,2018-04-10 00:00:00
9142e38d4f7b7cf458a1eb8ee2b52157,f3872f2416b6121ba4e15f69d4f7e306,delivered,2018-07-03 23:00:59,2018-07-05 16:32:35,2018-07-04 11:28:00,2018-07-12 15:41:43,2018-08-01 00:00:00
f205f377ce93a394ec8b876eca520695,72ffa8eed7683ead20dbc237792ef890,delivered,2018-08-10 18:17:11,2018-08-10 18:30:36,2018-08-14 09:55:00,2018-08-21 13:32:09,2018-08-27 00:00:00
98f80eddddaaa6c3e5dea02ff36ad263,d821071edc6be2316b5bb7b4bc6d6b12,delivered,2018-01-19 19:59:21,2018-01-19 20:17:02,2018-01-23 00:12:45,2018-02-19 21:59:55,2018-02-14 00:00:00
674bb629cac4177ab54a460e33b6d9b6,19648397a2548f9269841d808f59ea17,delivered,2017-06-07 20:15:48,2017-06-07 20:25:16,2017-06-14 14:33:39,2017-06-19 17:57:46,2017-07-07 00:00:00
78d406c93c4c8fcfdc38b4b1b8842b9c,fb20d746de8b6784ad3a0b665c457c17,delivered,2018-07-21 09:48:28,2018-07-21 10:05:21,2018-07-26 11:55:00,2018-07-30 16:58:59,2018-08-06 00:00:00
b2177e0904af2bc1e3ab8e1eecd2e90e,af813d7cecebcc076139351b95e7d289,delivered,2018-05-14 19:04:06,2018-05-16 02:53:52,2018-05-16 15:29:00,2018-05-21 10:40:50,2018-06-01 00:00:00
27b21720ea6e7cdbd58f9948ec1be09b,98725303cf0d5184eb3889f3ab21b87b,delivered,2018-06-06 09:06:55,2018-06-06 09:34:08,2018-06-18 12:22:00,2018-06-19 14:55:57,2018-07-03 00:00:00
827234ed6a8afe212d1eaaa7183e9c75,95ce4fd44553a449b0e08d3d42567928,delivered,2017-12-19 23:47:35,2017-12-20 23:37:27,2017-12-21 23:39:51,2018-01-16 16:37:39,2018-01-19 00:00:00
9f3df5bfd4a69a1bf384e85aba1d0ca7,809afef03e198ef057dc881992599dda,delivered,2018-02-24 12:34:17,2018-02-24 12:48:02,2018-02-26 18:14:48,2018-03-28 00:18:38,2018-03-16 00:00:00
c32b4d70241f1ac1d8802908cfc85f03,abdd13750056da284b03b4c6f68ceef3,delivered,2018-04-02 22:32:48,2018-04-04 08:10:14,2018-04-05 00:47:19,2018-04-09 23:54:27,2018-04-19 00:00:00
5320fb6f684caacf933c7f9597454391,376c7f50236fad51150ba8d901db18a6,delivered,2018-03-01 18:28:24,2018-03-03 02:35:28,2018-03-05 20:03:51,2018-03-09 18:56:21,2018-03-27 00:00:00
3e969ee3b96e0dfbc5541bb80591597b,371e1236f73c27c52e1d25928463c0c2,delivered,2018-03-09 16:41:05,2018-03-09 16:50:55,2018-03-13 00:14:25,2018-03-15 18:04:04,2018-03-21 00:00:00
9dafdbeb6a7b7240bc32fd6861c42f54,d901eddcaecdc97febda055ffb0fcdd4,delivered,2018-06-07 13:02:12,2018-06-07 13:18:07,2018-06-07 12:02:00,2018-06-13 23:12:06,2018-07-05 00:00:00
73446e87cf3849b92938207c7fdb4ed8,2c35347dd7ed0a7c3a9e575ec33c5381,delivered,2018-03-29 14:47:10,2018-03-29 15:14:36,2018-04-02 21:21:19,2018-04-18 15:24:49,2018-04-18 00:00:00
45d40c41efa3e7f0603b753465305bab,b70ae91b190a35c8b6341211d3b10bd5,delivered,2017-07-24 15:52:29,2017-07-24 16:05:52,2017-08-16 17:37:55,2017-08-28 22:35:04,2017-08-21 00:00:00
5939f36dbe12649adeba478ae3c7e636,02228cce72fcd2eb6622b074bc27fe94,delivered,2017-11-07 23:39:52,2017-11-09 04:31:09,2017-11-14 22:32:01,2017-11-28 16:52:08,2017-11-30 00:00:00
592002a073871b88f530ca875a3b8cd6,0755e6f6ecac96625cb7a0efa00d0b39,delivered,2018-01-21 11:04:28,2018-01-23 03:37:23,2018-01-25 19:14:44,2018-01-29 20:54:51,2018-02-19 00:00:00
17a64f4aa50ee9ab751db1cfb720776f,8c3cd248a2635e7b2e32ecc118d8fdb2,delivered,2017-11-15 20:20:11,2017-11-17 03:35:46,2017-11-17 19:56:08,2017-11-21 20:49:00,2017-11-29 00:00:00
2e23e1f7d2c2bd9b1926b5e071d4cf18,a00f18ff5bcf5a06aca882cf83f57127,delivered,2018-02-14 12:48:23,2018-02-14 13:47:20,2018-02-15 20:13:34,2018-02-21 23:43:43,2018-03-06 00:00:00
963ed653f00e0f3db85dc163baac579c,9ca6194429e983e3d30bf20c15eec582,delivered,2018-05-07 20:20:40,2018-05-07 20:35:21,2018-05-08 10:19:00,2018-05-09 16:42:08,2018-05-16 00:00:00
80bbfe23fd50d4ea9762ef70a8ada1be,733c183c3f9284e9e1f4886214f1b376,delivered,2017-05-08 11:36:06,2017-05-08 11:50:06,2017-05-19 09:37:34,2017-05-25 08:37:45,2017-06-08 00:00:00
02870408b4c4492b036a48140f2092ed,1d50170cec4905b52a53fc43cf2eb0f7,delivered,2018-01-21 11:41:52,2018-01-22 13:47:46,2018-01-29 18:44:10,2018-02-05 23:14:28,2018-03-01 00:00:00
eed6840260c6121e19cdd7b39bda7450,cd740c73ba83284665026227eaa0f25c,delivered,2018-05-08 19:24:02,2018-05-08 20:15:43,2018-05-09 16:32:00,2018-05-17 17:18:44,2018-06-01 00:00:00
865897de02d9ded27e7598dc5013f98e,040d25956c9d082b572f1482b34630ce,delivered,2018-08-14 22:42:02,2018-08-14 22:55:35,2018-08-17 07:43:00,2018-08-27 19:36:49,2018-09-24 00:00:00
3dd3af0c0ea3929f82a3851cfb25f0a3,5531cbb0d9f05752f31c5c1a98938451,delivered,2017-10-12 14:47:27,2017-10-12 15:27:50,2017-10-13 18:27:35,2017-10-23 19:23:05,2017-11-08 00:00:00
91038108554d2455d744ce8eb0a0ff35,fd4fcbbfe54d955be1a6065cbf9a3c8d,delivered,2018-03-06 20:06:34,2018-03-08 02:35:35,2018-03-08 22:12:38,2018-03-20 13:42:36,2018-03-28 00:00:00
ea048e4dd31fbc0e639a1aade37c7f3e,4b3e7362d1817574e08899f1f72db97e,delivered,2017-07-03 12:26:12,2017-07-04 04:24:39,2017-07-04 16:03:18,2017-07-20 17:26:58,2017-08-04 00:00:00
a69d0f3cfd16e940ead155695b5fb184,7641b48b8bfb1b7a75fca3244ed99e0d,processing,2017-08-12 17:39:56,2017-08-12 17:55:15,,,2017-09-04 00:00:00
7cf857cfb39ed45b92fb028838b4c2d8,15b01c0eb91f2f6397290e02db0d9e0f,delivered,2018-01-09 14:52:04,2018-01-09 15:10:38,2018-01-10 16:17:50,2018-01-15 16:32:58,2018-02-06 00:00:00
256c2127e05b924a7cbf69f95e3c4830,85fa08abb6d9f3bdec5bc578ee0a1b39,delivered,2018-08-14 23:20:59,2018-08-16 03:24:07,2018-08-17 14:22:00,2018-08-20 20:42:50,2018-08-23 00:00:00
d8cc1cf815465b0812b29a738492e4f9,d0bdd3ac3cd76739239e1571f9fbffc8,delivered,2017-06-22 19:09:57,2017-06-22 19:25:08,2017-06-23 10:29:56,2017-07-10 15:53:32,2017-07-21 00:00:00
92758826a22a6b5a7f78b076a3c7f164,e0d04bfddd887072500d8f6bec005f79,delivered,2018-08-13 09:07:14,2018-08-13 09:24:29,2018-08-13 15:03:00,2018-08-20 15:52:58,2018-08-23 00:00:00
53cd36155a7bf507095985b2f26368a5,3fb14779b189f5fde47f8918e88dcc36,delivered,2017-01-12 09:45:32,2017-01-12 10:04:59,2017-01-12 11:49:26,2017-01-18 12:51:59,2017-02-20 00:00:00
e736e8be46e455e1393b356298420641,05b71745c47ff8b2d3e41ed02dcf1a81,delivered,2018-04-03 12:31:20,2018-04-03 12:49:06,2018-04-05 22:58:28,2018-04-06 21:52:34,2018-04-16 00:00:00
4982e9a98a9e8a3c5bba953450fbf51c,36b978fee6782172875b2f50f047f475,delivered,2018-02-11 07:17:34,2018-02-11 07:30:19,2018-02-14 22:13:02,2018-02-26 19:27:17,2018-03-08 00:00:00
191fb3bcee4d4df8099e3f29d9ff8197,f8796d13691eedf993154321a5798732,delivered,2017-05-22 13:35:29,2017-05-23 04:10:24,2017-05-23 15:29:51,2017-06-17 10:33:28,2017-06-20 00:00:00
3be9883ba4ef261dc194228abc739d0c,34d9abbd51f86b7faec4fb8bd8a630d5,delivered,2017-01-22 20:54:11,2017-01-23 21:02:12,2017-01-27 14:21:25,2017-02-03 15:52:34,2017-03-02 00:00:00
b8c26c45a4adb8e4dbc205f147659a71,969159c8b2884272d6e4ae6b343af005,shipped,2017-03-15 07:34:38,2017-03-15 07:34:38,2017-03-20 15:53:46,,2017-04-05 00:00:00
6468b5ffa2abf8b82f3c5ff91c6fe9eb,d55dad686343e219424a56331dbe67a3,delivered,2017-03-30 10:23:03,2017-03-30 10:35:06,2017-04-06 10:26:44,2017-04-13 23:43:21,2017-05-10 00:00:00
8b39b750545a091909b29edd02a042d1,bf64e27eb5d3f4aa00b2299e43ad4e62,delivered,2018-07-30 00:59:02,2018-07-30 01:10:09,2018-07-30 15:38:00,2018-08-08 18:52:02,2018-08-31 00:00:00
61d2a793d75b8f30ad016615afadad8e,ca980f1536ad94c1a6b7e27b7dad6b59,delivered,2018-04-03 13:03:34,2018-04-03 13:15:23,2018-04-04 20:41:00,2018-04-18 19:38:31,2018-04-23 00:00:00
7fa83afea16e1e74fa6ec834ab946ca9,deb738fd96ba60f027852db16b23efdd,delivered,2018-08-14 09:43:13,2018-08-14 09:55:21,2018-08-17 13:29:00,2018-08-24 14:18:29,2018-08-31 00:00:00
ed8319a94e3499f610df892d44e45767,a9acf77b6991d6bf1eea76ec090c2a4e,delivered,2017-06-07 22:34:37,2017-06-07 22:45:14,2017-06-26 13:33:21,2017-07-11 18:55:46,2017-07-04 00:00:00
b4ef4b05fef13db5a94b0ccd497c521c,046a5261421159f926af159485832725,unavailable,2018-07-12 09:41:54,2018-07-12 09:50:20,,,2018-08-01 00:00:00
37e0f821c1cec37404754d4aef37091c,6c5c37885633777105f72c3478b08f27,delivered,2018-05-19 13:36:27,2018-05-19 13:51:36,2018-05-21 09:45:00,2018-06-09 16:48:35,2018-06-13 00:00:00
b11277967c91e971b81a787a51849320,6552cd640a76d503cd18ed9b10adc740,delivered,2017-03-02 15:22:55,2017-03-04 02:23:28,2017-03-08 15:30:31,2017-03-14 13:12:23,2017-03-31 00:00:00
9022823fc38d81801009f09e72eb9dd9,d67b34be0c688b831f3312fff2c1be17,delivered,2018-01-21 23:29:59,2018-01-22 14:04:24,2018-01-25 18:07:42,2018-02-26 18:04:15,2018-02-21 00:00:00
ec911d04a46236b0d41d79ac7cf73376,325b358f012b5d274e0a3ef34a351f55,delivered,2018-08-09 13:37:48,2018-08-10 03:10:14,2018-08-14 09:14:00,2018-08-15 10:57:00,2018-08-16 00:00:00
d3cff80fc89ebb26ca5d11beea4f3744,f45875a0d560e8e5b3684dac6e3eda29,delivered,2017-10-07 17:59:14,2017-10-07 18:07:25,2017-10-10 20:41:55,2017-10-17 18:23:23,2017-11-07 00:00:00
829f9def41c63a3e1d787ae15d45540c,0f6c5adaf04a4fdb0387f73347dbffaf,delivered,2017-11-03 12:19:20,2017-11-04 05:05:34,2017-11-06 19:29:17,2017-11-07 21:57:53,2017-11-16 00:00:00
fa4012abcfd54cf5e677975e80f5c3c0,294ac0153fd411f60237bc8334efa706,delivered,2018-01-25 17:36:52,2018-01-25 17:52:08,2018-01-31 21:48:08,2018-02-05 21:08:31,2018-02-20 00:00:00
9dfdc2ebd5ad6715951eced9ebfdd950,f309429ee5193757f638d08dd96feeb2,delivered,2018-07-05 14:53:26,2018-07-05 16:25:52,2018-07-07 09:17:00,2018-07-12 21:09:34,2018-07-24 00:00:00
95d3783847e427ad917eba3b07c4ff2e,b4f08fc80f3ff3ae585dbdb8b3e2e2eb,delivered,2017-06-08 16:46:16,2017-06-08 18:20:18,2017-06-09 15:35:08,2017-06-19 15:02:59,2017-07-05 00:00:00
0d3a8a92f8bf8e1824f9460268920966,31e6809dc113df6b2a79119065ffa489,delivered,2017-11-27 12:32:41,2017-11-27 12:55:09,2017-11-30 16:51:42,2017-12-04 14:12:04,2017-12-11 00:00:00
330cddd53241bd912b7df82d4a5e99fb,5869c52a95a120103ef306ca852d84fb,delivered,2018-08-02 14:38:21,2018-08-03 02:35:14,2018-08-03 13:55:00,2018-08-07 22:44:38,2018-08-15 00:00:00
0a45b0373a9b1178357bb9d93243ed18,5e47108744501cc098879b44a9252a03,delivered,2017-11-17 20:01:53,2017-11-22 03:07:57,2017-11-23 21:32:24,2017-12-03 15:55:02,2017-12-08 00:00:00
a8986837f6dff6a1dc83345fa71dcf1f,6bb94867dae81007c61bd428f1039373,delivered,2017-08-26 16:17:10,2017-08-29 05:32:42,2017-08-29 16:23:53,2017-09-02 16:05:32,2017-09-12 00:00:00
be181c4e93f5554a73a00b207c765e8e,31a216554f0e747a8f43d1908ed1cfa2,delivered,2017-09-26 14:16:25,2017-09-26 14:35:51,2017-09-26 20:35:08,2017-09-27 20:11:29,2017-10-11 00:00:00
4c27bf002d88f4cf2e706cb1237de923,4c9812efd668413532ef5be76e2c81b6,delivered,2018-03-18 13:00:45,2018-03-18 13:10:23,2018-03-20 14:10:47,2018-04-09 22:07:51,2018-04-10 00:00:00
9435ca5afd4668e55d0dbd99c204b42b,110854a59606d579bbac092d70777bc8,delivered,2018-02-27 10:12:37,2018-02-27 10:30:33,2018-03-05 17:36:50,2018-03-08 22:52:43,2018-03-13 00:00:00
f3eb66a4129d33fbc7c1077f39dffe65,6dae75ae93459576d7a7a805aaa1283a,delivered,2018-06-29 07:15:42,2018-06-29 08:00:39,2018-06-29 11:59:00,2018-07-05 20:32:03,2018-07-31 00:00:00
940586e6751748f8a6bb630c6f5e3415,35cc86e02062cda7f52208ab92493200,delivered,2017-11-18 23:19:17,2017-11-19 23:15:23,2017-11-20 22:19:51,2017-11-29 12:23:08,2017-12-12 00:00:00
b28360b44929ee4de27af7329c403c58,15c9f479d7e7aba1663ab215517f9310,delivered,2018-08-06 22:12:30,2018-08-06 22:24:38,2018-08-09 13:17:00,2018-08-21 23:21:37,2018-08-23 00:00:00
d55ece0f3afa9b57b5a78038efddbbbc,f027649d8f2a7b182522d5da3cd4f010,delivered,2017-05-22 17:20:34,2017-05-24 02:50:18,2017-05-24 09:44:28,2017-05-25 10:40:49,2017-06-06 00:00:00
61445239e59094f97a341dd87d896e91,2c49e0470c16f4c01cdc75b8720c237e,delivered,2018-02-03 17:58:32,2018-02-03 22:49:36,2018-02-06 17:04:30,2018-02-20 23:13:07,2018-03-02 00:00:00
a478eb30e14a74d359e1f35507cbef41,2b651491a43e024dd5767924beb97e3f,delivered,2018-04-09 19:49:24,2018-04-09 20:10:29,2018-04-11 00:21:54,2018-04-17 23:06:23,2018-05-09 00:00:00
8510aa728676190536f53ffdc5a8010c,80baedbeaca5cccacb1118378473cbac,delivered,2018-02-22 00:06:52,2018-02-22 00:30:00,2018-02-22 22:12:29,2018-03-08 12:12:18,2018-03-20 00:00:00
32ef0e6f75975bbd710fb93a083fd58f,0fddfe15afd87240227d687cc9f46b65,delivered,2017-05-30 22:39:17,2017-05-30 22:50:16,2017-06-01 13:07:43,2017-06-16 10:34:10,2017-06-26 00:00:00
de3fec33d957ed53eb71e2b49fc215c7,43855c18f5c1deefaa7cac5ff8373b1c,delivered,2017-12-21 08:46:30,2017-12-21 08:53:30,2017-12-22 17:46:54,2017-12-28 00:22:22,2018-01-16 00:00:00
779ee2bc8384b3ea52f4e6abe2c84271,c00da0a10c9e68d17183e84653fb38bb,delivered,2018-07-21 20:43:02,2018-07-21 20:55:28,2018-07-23 10:57:00,2018-07-31 20:24:33,2018-08-09 00:00:00
f5189c5469aa331b59de00b9af4ce5dd,87667804fc0efaebf2b4f39cf591c580,delivered,2017-08-11 09:26:52,2017-08-12 02:51:06,2017-08-23 14:07:50,2017-09-04 16:34:14,2017-09-11 00:00:00
0ea7e836701fed12588fd394c9650d14,aa0bae21ba2b29948101561a7497737f,delivered,2018-01-17 15:07:40,2018-01-17 15:31:04,2018-01-18 17:18:51,2018-01-20 13:12:49,2018-02-05 00:00:00
5e1c835de943927d56469fa225bca0fe,01e5b020d9c4f26539154b00f632e3ae,delivered,2017-02-01 22:26:21,2017-02-01 22:41:30,2017-02-03 15:25:25,2017-02-09 15:25:20,2017-02-28 00:00:00
f297a4839c7100e94430c5d42f555bab,37b6e5bed4770b564221465801f4f5f7,delivered,2017-06-19 01:27:25,2017-06-19 01:45:08,2017-06-19 20:52:32,2017-06-24 12:41:26,2017-07-07 00:00:00
99d3564705b8fa6e354dadabe49e8c28,18f279a61d8165f3747df375301daaad,delivered,2018-07-04 17:00:29,2018-07-05 16:16:49,2018-07-05 16:57:00,2018-07-10 19:28:44,2018-07-23 00:00:00
031bf6514694552e5b2967d02e4c42b4,e7aec94ccc558cd76a77a8a64ba60f52,delivered,2017-11-27 20:54:17,2017-11-29 18:37:21,2017-11-30 17:54:36,2017-12-06 22:00:01,2017-12-14 00:00:00
eab0944c40c304c769e5c24309caa8cc,9b4f6cff492df6f19b4cd348fd0d0853,delivered,2017-09-26 23:20:17,2017-09-26 23:35:17,2017-09-30 13:55:01,2017-10-10 19:03:55,2017-10-11 00:00:00
f0ffbaf1fe35a4a0565b047824341bc3,db4f310563a27c2d20d89d7abcf2260b,delivered,2018-01-12 09:29:42,2018-01-12 09:42:22,2018-01-15 20:56:39,2018-01-23 14:37:43,2018-02-07 00:00:00
375c717fbe948f24044e81178cc38b0e,f2be8c3486681610dd9649534c41f7ae,delivered,2017-04-04 16:59:43,2017-04-04 17:10:18,2017-04-06 16:01:52,2017-04-20 10:31:03,2017-05-05 00:00:00
7b3f7b1f639917b41e0caae96643d596,fad2cebf0a18c1b19a546fcf49835902,delivered,2017-12-13 15:27:06,2017-12-13 15:38:20,2017-12-15 17:14:29,2017-12-28 19:12:17,2018-01-22 00:00:00
b0e07744a89c97ec7dc4be61ddf6a5ac,11880ff6b80b15209604ac1e4a5e64e3,delivered,2018-03-13 22:41:06,2018-03-13 22:50:33,2018-03-20 00:34:44,2018-04-17 00:22:24,2018-04-10 00:00:00
2a706489eee816fe6f5bfe2298c51840,15b13916422ccd2d823abb287bdfca49,delivered,2017-09-02 12:03:14,2017-09-02 12:10:16,2017-09-04 16:22:45,2017-09-05 13:44:05,2017-09-15 00:00:00
3aeb3d4e53be38746876f1f83d3726c2,6dd021e2ed02996bfd716d7bd5372a67,delivered,2018-05-18 12:28:09,2018-05-18 13:27:10,2018-05-21 09:45:00,2018-06-07 17:28:45,2018-06-18 00:00:00
67d51f83fcd035393f57e00d584498fa,b2049c6a53b1cc617c7e57eb9731f62e,delivered,2017-11-20 11:46:38,2017-11-20 12:08:31,2017-11-21 16:00:01,2017-11-22 22:22:52,2017-12-07 00:00:00
f489dacdbad0317b1ac5e2c190b3ed26,aa41ab7e6243152d3c21ec01446ee1df,canceled,2017-11-13 11:41:46,2017-11-13 11:50:41,,,2017-12-06 00:00:00
3a4952f6d090b5349392cbc64b971d1f,29dcc155cda9479696b8bf386aca3e1a,delivered,2017-07-15 00:29:40,2017-07-15 00:43:12,2017-07-17 18:19:47,2017-07-20 12:30:00,2017-08-08 00:00:00
6264cc0ad74f0cd5c2133590679c5284,4ec48bc6b605fe7c8640b47af14fca4a,delivered,2018-07-22 23:12:02,2018-07-23 12:31:41,2018-07-26 10:48:00,2018-07-27 21:21:39,2018-08-02 00:00:00
24abd231b3f48073eb9bc660b3eea5fd,b435433040b710baaafb84a8fe432fa5,delivered,2017-03-01 10:28:55,2017-03-01 10:42:55,2017-03-01 11:35:39,2017-03-07 14:29:24,2017-03-22 00:00:00
f58ebdd1a4d270925b85a62286d42e85,f5cae8d5901d3ca3d816e66cc9c76513,delivered,2018-01-10 23:05:23,2018-01-10 23:13:28,2018-01-12 23:58:08,2018-01-29 18:42:39,2018-02-02 00:00:00
84eda024589384c414522637e6a3d313,6ce4836a1e0c3324d4aadd6832fe151c,delivered,2017-09-01 16:11:40,2017-09-01 16:24:57,2017-09-15 18:02:46,2017-10-02 17:23:29,2017-09-26 00:00:00
c810304332560d2e653d082b66d3cd1d,75d55004834d1aab5f9a2a4d058e65b8,delivered,2018-01-08 23:50:22,2018-01-10 10:33:03,2018-01-16 15:03:57,2018-01-17 18:04:19,2018-02-05 00:00:00
e5a111e770d6ac9f8f3ee2a37bd23f47,e35a269a4bf5db26948c1d6105611225,delivered,2017-10-12 20:39:21,2017-10-12 20:49:35,2017-10-16 19:55:35,2017-10-26 21:40:02,2017-11-10 00:00:00
ed9b8c42cfb80e03b2218426b8ba0cab,377f47f7fe916f817019431d3a46f70c,delivered,2017-03-14 14:29:00,2017-03-14 14:29:00,2017-03-16 16:57:41,2017-03-24 08:37:43,2017-04-06 00:00:00
293a75c86f46c5eb1f8499b81035957b,aeceea4c7e2aa9f2de64e2e3e2945108,delivered,2018-01-19 13:44:22,2018-01-20 13:42:10,2018-01-23 00:29:10,2018-01-24 20:19:42,2018-02-05 00:00:00
0dcfff35f1d2e0fb46301c92143663f9,a75f323cd574822489845798a046a6ce,delivered,2018-08-10 15:42:56,2018-08-10 16:04:46,2018-08-11 09:12:00,2018-08-17 19:46:54,2018-08-29 00:00:00
8be437a648c6a4500a516c61b27d3c63,1e8573b86d3a9af3554bdd1e8d0b13da,delivered,2018-04-04 09:52:29,2018-04-04 10:10:06,2018-04-11 19:58:23,2018-04-13 12:06:35,2018-04-20 00:00:00
cf1703dbac3ae0d4e32706265f36d200,e8a80ff08b448d3a676cff98d320096b,shipped,2018-05-14 20:32:14,2018-05-14 20:50:20,2018-05-22 12:26:00,,2018-06-14 00:00:00
3adab61474a972a1606b0c78d64b8aee,6db8779686d293a60dabd0756a524431,delivered,2018-07-06 21:38:46,2018-07-07 11:25:40,2018-07-10 12:18:00,2018-07-28 20:15:20,2018-08-10 00:00:00
a231037428b0d6c4288432191551c3e9,631d8de87e4504c3f6ddd50d79274a29,delivered,2018-08-10 16:53:49,2018-08-10 17:05:23,2018-08-14 12:30:00,2018-08-23 00:37:27,2018-09-04 00:00:00
b26d0e4b269b9370121538ab116bb04a,18538d4c5ba3cf1a66b9a8c4aceb5e84,delivered,2017-07-09 17:53:12,2017-07-09 18:05:28,2017-07-12 16:57:45,2017-07-17 19:43:31,2017-07-31 00:00:00
3e10da3f366b635d6a1e0d380b32da95,1b056cf6b6263ba5fb8067b76857b66f,delivered,2017-07-25 16:48:08,2017-07-25 17:03:29,2017-07-26 18:55:54,2017-08-07 22:33:52,2017-08-28 00:00:00
37d98f73718806be808b9e73e5d5d93a,0156badea44f4ffcaab3ad7572b69e28,delivered,2017-11-08 20:18:37,2017-11-08 20:26:38,2017-11-09 18:32:13,2017-11-20 19:19:18,2017-12-04 00:00:00
733499fd294c93ea1202a57b6e1f5613,fc58b6b9a4b7c2067184ead5354691d7,delivered,2018-07-05 18:28:06,2018-07-05 18:51:24,2018-07-10 15:03:00,2018-07-12 17:12:30,2018-07-30 00:00:00
4fddd85a9d1f46412f6715f5cfbea489,d538c4e277ea9057a231aa75764ea5d2,delivered,2018-08-16 14:47:22,2018-08-17 03:31:08,2018-08-17 13:46:00,2018-08-22 22:28:39,2018-09-06 00:00:00
3c2ae362c7a0d00db3ff4cc392e1844c,6d0859bfb37c7bf98b55c29d017cd11f,delivered,2018-04-05 14:08:34,2018-04-05 14:29:04,2018-04-06 00:28:24,2018-04-13 16:51:46,2018-05-04 00:00:00
1df73825ad3aefd721f16df54e1e84dc,1ba283e330254f59e8ea1ce749494cdf,delivered,2017-08-10 09:35:59,2017-08-10 09:50:16,2017-08-11 14:39:47,2017-08-18 19:19:42,2017-09-01 00:00:00
b4cd10a24e0976a9d5f509cfbc3f566b,9863d23f12bb601f16a36c14f5638a1b,delivered,2018-08-22 22:17:56,2018-08-22 22:30:14,2018-08-23 12:53:00,2018-08-24 21:18:30,2018-08-28 00:00:00
3af00e0602421aa412b0f4ef0ebdb6c4,59e0d4564a850e47541812e373226501,delivered,2017-09-01 21:28:51,2017-09-05 04:25:56,2017-09-12 19:25:23,2017-09-14 14:44:57,2017-09-22 00:00:00
c6d8daf7c4eafd635edcb99748cd1049,6e1beb08ef00ec7067d3615e9fee3958,delivered,2018-06-15 13:08:55,2018-06-15 13:44:08,2018-06-19 14:12:00,2018-06-21 20:05:03,2018-07-05 00:00:00
77c374d0a559e948d26ddd439b558558,e59f98f6faddeedd45f959bb6b96f84a,delivered,2017-12-14 08:39:34,2017-12-14 08:52:15,2017-12-14 17:25:11,2017-12-19 18:52:43,2018-01-09 00:00:00
6c207e919b89964cc8083c67b373e496,b15a07c3273c8aec82ab6f4458fa861d,delivered,2018-01-23 10:05:42,2018-01-23 10:20:32,2018-01-23 20:51:39,2018-01-26 20:41:28,2018-02-07 00:00:00
de72985df853586cd2ba29e3269dbd4f,61574bd1bc8408825d5d4293093e9676,delivered,2017-04-20 12:32:55,2017-04-22 13:21:14,2017-04-24 13:28:55,2017-05-07 13:27:53,2017-05-10 00:00:00
53e3eb2bb46d323b3d7e3e7bc476e4fa,a10b24d46b3fa4207038ed45fa1e5d9c,delivered,2018-02-12 13:09:04,2018-02-12 13:30:20,2018-02-15 19:58:49,2018-02-17 11:19:08,2018-02-26 00:00:00
9e3a542f51363bda001167b7f5bd8dbd,4ca13991254732af64a40137aec89be0,delivered,2018-04-04 12:20:18,2018-04-04 12:30:15,2018-04-05 00:36:50,2018-05-25 17:17:35,2018-05-02 00:00:00
e3f593928ae2e5fc7463fe3603dd3e85,60f02d86ffb0ecb42c3f2c45036d9a1d,delivered,2017-05-23 21:31:24,2017-05-24 13:05:38,2017-05-25 09:53:12,2017-05-31 09:07:42,2017-06-22 00:00:00
8ed3b0f10074e950e00b60fb43e7e373,ba7397e46515dbbd9aa50d5a80ef7a9e,delivered,2018-01-17 12:25:38,2018-01-17 12:34:31,2018-01-18 23:21:20,2018-01-23 21:19:05,2018-02-09 00:00:00
dc6ad9979090e9f597d6cd0ea5a3feb6,3890ca07984aeb87f3c7418ee749e0dd,delivered,2018-03-26 10:25:49,2018-03-27 07:06:50,2018-03-29 20:58:58,2018-04-09 21:18:35,2018-04-13 00:00:00
59ec56fb4a12d230d24b71e77b3bda8e,7690eda4c4a4dfe1c571a961c59911bc,delivered,2017-07-23 21:26:36,2017-07-23 21:42:57,2017-07-24 13:04:39,2017-08-08 19:22:22,2017-08-21 00:00:00
2cf8310e7bc2b7b41f5179aab91407cc,00411811e3b661e746a6e1ce1f0878ab,delivered,2017-05-07 17:27:21,2017-05-07 17:42:03,2017-05-09 09:50:33,2017-05-16 17:25:55,2017-06-01 00:00:00
35f7b5bd54e85367e42167d104f06813,e82c5a6dd63e0f9da0b2f8fce63465ac,delivered,2018-08-22 20:43:48,2018-08-24 03:05:09,2018-08-24 19:01:00,2018-08-25 14:42:34,2018-09-14 00:00:00
f33f70dad90fd2f5811dbc1d2a46849d,8887509a58adbf58c980f239ef92dabf,delivered,2018-08-23 18:10:17,2018-08-23 18:24:45,2018-08-25 09:00:00,2018-08-29 16:53:01,2018-09-04 00:00:00
d302035b23b53abf7dadc4b6a0b62547,4c3a69a70ab3aafd4c7024377c9c9821,delivered,2018-02-16 08:15:12,2018-02-16 08:27:06,2018-02-22 00:18:28,2018-03-08 16:30:42,2018-03-13 00:00:00
fed6ef6fb04042a3b895df051c11225f,0843fd3baa42b70bf995bb83753bfe90,delivered,2018-08-04 14:19:59,2018-08-05 14:15:12,2018-08-10 14:13:00,2018-08-14 19:38:42,2018-08-23 00:00:00
13ceb10d0a1fb089ff634acc7114a743,c7b0cd6d863462734458324cdcc65169,delivered,2018-03-04 10:40:53,2018-03-04 11:10:23,2018-03-06 03:45:56,2018-03-27 19:09:22,2018-04-11 00:00:00
1d3a68238096f9cec486437166e57716,e382d18c674b20c5bfedbc86c51b7010,delivered,2018-02-09 15:18:41,2018-02-09 15:29:39,2018-02-16 19:12:13,2018-03-09 23:04:08,2018-03-07 00:00:00
d924b2f481ea43a95856d604e81f9219,589d137c275b6d5febd35a00f490e8bc,delivered,2018-06-21 10:44:22,2018-06-21 11:01:02,2018-06-22 13:56:00,2018-06-26 22:12:17,2018-07-20 00:00:00
fa902363ff995f79f7ae0694ec0e2aaf,3c01e794e3628a94c415f171f9f6086a,delivered,2018-08-20 15:17:36,2018-08-21 04:29:25,2018-08-21 14:24:00,2018-08-22 21:32:20,2018-08-27 00:00:00
99aeaeb7e702f9008fe9823750689bbd,c0000e87c4c36f4d17c42ba614aa35b4,delivered,2018-03-22 15:52:37,2018-03-22 16:35:46,2018-03-23 23:29:33,2018-03-26 15:19:03,2018-04-04 00:00:00
adac885fef6aa7cf2ae87956f4eb74c6,1148833389d584122a7e8b60b1f8c9fc,delivered,2018-02-04 17:11:52,2018-02-04 17:49:08,2018-02-05 20:06:45,2018-03-05 17:36:10,2018-03-09 00:00:00
79fe183c2c4f23688615d54004cd3f2d,31f2257087bbdb1d7fb09ae2b05377a6,delivered,2018-06-28 22:24:24,2018-06-28 22:35:13,2018-07-03 13:08:00,2018-07-09 17:32:55,2018-07-24 00:00:00
431fe12f4d24d8f61a0947c0bc842a04,208d96575c5bcce7280aeea4e1260658,delivered,2017-08-22 16:50:11,2017-08-22 17:33:07,2017-08-25 19:17:35,2017-09-08 21:33:17,2017-09-14 00:00:00
cd69fdf2e46758d65a29de7bb4766e5b,f4926d4b789ad9370721217c7800fd58,delivered,2017-11-04 23:17:28,2017-11-04 23:30:30,2017-11-08 15:14:39,2017-11-13 21:48:34,2017-11-24 00:00:00
703d387c15220ae49735c98c882b8fc4,4290511b6f1ed049dc3c4dd2ffdca616,delivered,2017-11-15 22:30:45,2017-11-15 22:46:50,2017-11-16 22:18:25,2017-11-28 19:26:53,2017-12-08 00:00:00
c70cb30c4935057ce1fe28f7f1226507,709a792eb53d3045dc9dadb19fa403a5,delivered,2018-01-04 13:52:26,2018-01-04 14:01:27,2018-01-04 23:06:59,2018-01-22 19:33:15,2018-02-02 00:00:00
9ed113cc7c82f8871d91b27a7b0d7da2,aca0989af736e8b434d68e6f38e50739,delivered,2017-05-29 22:08:30,2017-05-29 22:22:40,2017-06-01 16:33:00,2017-06-06 15:38:22,2017-06-19 00:00:00
23d23296f19f96722556d7712d45ca0e,20069d8437820f86e07c7036693aa9b7,delivered,2018-06-04 20:13:34,2018-06-05 16:16:30,2018-06-12 14:46:00,2018-06-15 16:26:52,2018-07-05 00:00:00
7920e7d2f91a12543837febe80d5503a,679199777b88ed8041f6cfe369cf722e,delivered,2018-05-08 22:44:18,2018-05-08 22:54:32,2018-05-10 12:28:00,2018-05-12 10:06:51,2018-05-16 00:00:00
53f5a7f622d498ff3eeb334b8efa7ae7,8130aff1c0475cddc4945c24074dff66,delivered,2017-03-04 20:25:11,2017-03-04 20:32:22,2017-03-06 06:47:13,2017-03-15 15:57:55,2017-03-27 00:00:00
f1084769a9d3a8c88ae9aa1ceb9c63f6,b92d07c285b02d5fbf75240d37dda801,delivered,2018-01-12 18:07:00,2018-01-12 18:31:34,2018-01-15 17:59:13,2018-01-22 16:20:12,2018-02-09 00:00:00
ef91a0138a69318c86432c32ad98db82,a9b884c0cf01e7b65fd39f9d9cfa604d,delivered,2018-01-29 11:12:03,2018-01-31 13:32:35,2018-02-01 23:51:49,2018-02-16 14:31:46,2018-02-20 00:00:00
ab8059755e11171ef8b3b3065ccc4aab,c80115adfd169640586a764307e45894,delivered,2018-01-03 16:19:59,2018-01-03 16:31:50,2018-01-04 16:22:11,2018-01-17 20:14:58,2018-01-29 00:00:00
989d4dc670329cd432f4345b25194cb9,714b6710fb0b00feac54edf86be85893,delivered,2018-03-06 14:58:36,2018-03-06 15:40:23,2018-03-07 20:05:33,2018-03-19 21:22:05,2018-03-27 00:00:00
23bab630b11eed4b31aaa2edd31ba773,c03793e75bfde694b9f88aa885d5b7f0,delivered,2017-08-05 14:12:12,2017-08-05 14:25:12,2017-08-07 15:47:27,2017-08-17 16:35:34,2017-08-29 00:00:00
8f48df24381903f850d1c20b035f4a86,e406ec5a3f6e41c1eebbbcc6f48abda2,delivered,2018-02-18 20:13:02,2018-02-18 21:15:28,2018-02-19 21:13:06,2018-02-23 19:57:54,2018-03-12 00:00:00
f7614e634874a2b92d65dda076f0bab5,2067794c960bc6a1705e94651086144d,delivered,2018-04-09 15:04:30,2018-04-09 15:30:24,2018-04-10 18:20:42,2018-04-19 00:52:42,2018-04-25 00:00:00
33ce126846ecce9afdfe8f1b93551928,630f64fb6bc2a53c0e5d61e03761e5c4,delivered,2017-08-28 17:26:57,2017-08-28 17:45:08,2017-08-29 19:56:30,2017-09-06 19:33:43,2017-09-27 00:00:00
9c6203a8eacf4ccb437c800c9629f792,b0c70716ff17136d17c12881d303c543,delivered,2018-04-05 20:32:14,2018-04-06 15:30:07,2018-04-10 00:20:59,2018-04-18 15:34:54,2018-04-26 00:00:00
6684a2469619cc89b92f6065a0fdccb8,c3a918fdab36d16fc128d5327f1f7be1,delivered,2018-02-06 00:05:32,2018-02-06 00:15:37,2018-02-14 19:06:33,2018-02-15 17:53:47,2018-02-22 00:00:00
db8730baa35db478122207bf2b26590c,eed8fa5607d71228491abf287184146e,delivered,2018-06-11 08:03:30,2018-06-11 08:31:39,2018-06-11 15:11:00,2018-07-02 14:46:42,2018-07-05 00:00:00
ceb9b6d878227743fd57f4f50dff13c3,54ab397e856d6388c4a65fb0952688eb,delivered,2017-11-29 15:52:39,2017-12-04 23:31:03,2017-12-05 18:09:12,2018-01-03 19:38:56,2018-01-24 00:00:00
a96be3f7775bce7abde7918670a3d67d,958471435e5032bfc8fd27062abb64e2,delivered,2018-03-16 18:06:08,2018-03-16 18:15:34,2018-03-22 22:32:42,2018-04-06 18:17:33,2018-04-05 00:00:00
f5e409c4e093a36f74d9ba76df3b5f19,5fc3699e987af1cbdfa9b6592c6c9cbd,delivered,2017-11-26 18:48:09,2017-11-26 18:55:31,2017-11-27 18:18:35,2017-12-18 17:58:18,2017-12-20 00:00:00
a11848157003e277da67e7700e1fb630,563fecde53b98e154a0c76032365fb36,delivered,2017-09-13 12:16:05,2017-09-13 14:27:25,2017-09-15 20:41:55,2017-10-06 16:45:29,2017-10-10 00:00:00
ae6fa796d6bfcc527feea40286702f7e,9c69caac16f1c5f268cf6e4eb62091a0,delivered,2018-06-03 21:10:29,2018-06-05 04:12:39,2018-06-26 12:23:00,2018-07-06 17:28:53,2018-07-27 00:00:00
a0bb89116fae61995bdade42a37fccba,5e2d22e7df33e1938e816e8f7cae6e8d,delivered,2018-03-08 12:49:21,2018-03-08 13:10:27,2018-03-09 18:41:02,2018-05-03 04:52:09,2018-03-29 00:00:00
1a67c7a3cb47a447f68bc24f7cbbe825,2fb6a28105827799ef2dffcb4f4f4e53,delivered,2018-03-27 11:26:05,2018-03-28 02:47:56,2018-03-29 23:32:49,2018-04-13 17:34:51,2018-04-26 00:00:00
953baa58baf3406cc310c032d73ddde0,629979f51e36b1b5e7589d7c96020b32,delivered,2018-05-04 10:55:36,2018-05-05 03:15:20,2018-05-07 14:23:00,2018-05-11 17:47:51,2018-05-30 00:00:00
1372aa0637277287bda77b0de38676c7,a5347c1cc1b3e01cce8d58574f6a7210,delivered,2017-12-04 11:24:31,2017-12-04 16:31:43,2017-12-05 18:32:03,2017-12-07 00:34:03,2017-12-20 00:00:00
09c55723561623b19ad72cf0299d58bc,48961cfec533cf17b135ded190707882,delivered,2018-08-22 09:42:27,2018-08-22 09:55:11,2018-08-22 14:10:00,2018-08-29 00:46:33,2018-09-10 00:00:00
ac28767a818e6e5bc6895e188ef622ba,0a984c883069c23cdf9b63f5d5c7c152,delivered,2018-06-11 17:50:09,2018-06-11 18:19:29,2018-06-13 14:00:00,2018-06-18 16:03:52,2018-06-28 00:00:00
c7b4a7a4d974418197e38cc0f6c2ea85,8f1a8643c245e8b74e2e6535ca5c4e19,delivered,2018-02-19 13:32:15,2018-02-20 13:28:04,2018-02-23 23:59:23,2018-03-02 22:39:34,2018-03-19 00:00:00
f572e229540954ce62e0f8d20cdad2f2,621db81dd0257835e7dbb90e5305c687,delivered,2018-05-08 09:03:18,2018-05-08 09:15:32,2018-05-08 14:24:00,2018-05-14 14:55:19,2018-06-14 00:00:00
086731f4ad521c4094b1eda75986b88e,e038ce5f1155ad7b6235f4df7ecc77c6,delivered,2017-10-25 20:36:00,2017-10-25 20:49:29,2017-10-27 17:04:06,2017-11-28 10:19:34,2017-12-05 00:00:00
7c05cc46380212da89ef95678210500e,34e8953891bbf0ffcb797b69dbf4a122,delivered,2017-06-07 18:06:13,2017-06-09 19:10:13,2017-06-13 09:10:16,2017-06-27 14:41:46,2017-07-04 00:00:00
bc8446f693e6c406e28d5cee739dc4cd,739a32b2dfcac52c4726c626a7383e1d,delivered,2017-03-03 18:40:14,2017-03-04 02:10:29,2017-03-06 13:00:26,2017-03-13 11:30:49,2017-03-22 00:00:00
335046c7c87cf6b4d47ce63b22c563b8,0a215d233e87a33399e8defc4598588b,delivered,2018-08-06 16:56:19,2018-08-06 17:10:18,2018-08-09 16:12:00,2018-08-16 16:56:34,2018-09-10 00:00:00
25fbf27ebf14d822b62827aeb77d9d10,8dcf681336e6c839f3d6c2399dee467d,delivered,2017-03-14 12:50:27,2017-03-14 12:50:27,2017-03-16 08:17:46,2017-04-09 09:07:03,2017-04-26 00:00:00
1b6e795c12ed471246103bf4f218dce2,70b1b8023bddf594d19603ca213efdea,delivered,2018-01-13 18:49:41,2018-01-13 18:57:28,2018-01-15 18:42:39,2018-01-18 21:28:38,2018-02-05 00:00:00
4044c5fad995d07177b0c09ff2b0b7f6,16bd290303092475ef758981282d5b9a,delivered,2018-08-06 10:58:22,2018-08-07 10:50:19,2018-08-08 14:27:00,2018-08-14 19:06:54,2018-08-28 00:00:00
08322b6d209359f491acb1e5f89cb371,6b47c3eea2c418b4ee03f1cc38e30519,delivered,2018-08-22 20:16:37,2018-08-24 03:05:13,2018-08-24 13:57:00,2018-08-30 22:32:31,2018-09-12 00:00:00
2b72e9015af390303d5d89ae0fd64673,adad7c2f00e8d79a37b5e7b7fc17da0c,delivered,2017-11-23 19:28:37,2017-11-23 19:36:23,2017-11-24 23:41:37,2017-11-30 23:59:03,2017-12-13 00:00:00
961d9e5c68462472ac3bba1243d731fe,f7b06276835d7da62b9d98e7c519a2b1,delivered,2017-11-28 15:55:19,2017-11-28 16:17:48,2017-12-01 15:38:43,2017-12-12 00:39:51,2017-12-12 00:00:00
30c902056ce61a4404a706f9dc06b4bc,cb2af73ae8790acc67766c8121b349bf,delivered,2017-02-26 17:55:11,2017-02-26 18:05:13,2017-03-01 16:41:53,2017-03-06 09:37:50,2017-03-21 00:00:00
4273eb19832c1ba5b1d96ec21fcc2d1a,79c79e48306a6e400f3095ef216acf8c,delivered,2017-08-12 10:28:37,2017-08-12 10:45:08,2017-08-15 16:57:19,2017-08-18 17:53:35,2017-09-01 00:00:00
061cc2095125b495f7221ed85a706c07,208abfb07a2f4c1de66445c9286f5c33,delivered,2018-04-13 19:43:09,2018-04-13 19:55:14,2018-04-16 23:07:37,2018-04-30 18:53:48,2018-05-08 00:00:00
89cd9f68aa6c5370ba3443f02292f7a3,c59a4c0d6a4569a272f28487ede54c16,delivered,2018-03-31 22:21:00,2018-04-03 05:48:59,2018-04-06 20:38:28,2018-04-16 18:37:36,2018-04-30 00:00:00
810a20b5d63b93c766be34093cf05187,952314d81832bec79f508e87223d4fc8,delivered,2018-05-28 13:57:59,2018-05-28 14:10:50,2018-05-29 10:12:00,2018-06-11 20:13:39,2018-06-29 00:00:00
018fb228a3dd1a16349e73d2e41b239d,e2a629c7ccabea34df0cb4954f6c08db,delivered,2018-01-13 15:59:39,2018-01-13 16:09:43,2018-01-17 12:14:55,2018-01-26 13:22:19,2018-02-19 00:00:00
a89e0347b6138ab8ed766aeb2f79c157,e1cb75c4e9c635beaa9c4f595f75d36d,delivered,2017-03-27 13:19:07,2017-03-27 13:30:19,2017-04-10 13:38:44,2017-04-12 14:13:23,2017-04-20 00:00:00
1ba067e676f52a18b8b2fdba56eecae7,d2d354a32e8cd619c0466eeefabd826a,delivered,2018-02-23 15:18:25,2018-02-23 15:32:08,2018-02-27 02:09:04,2018-03-26 18:58:23,2018-03-29 00:00:00
608550deb32171538771afe8f00b2cb8,9cbe13ffb632f70b6e49d86d0d007cb7,delivered,2017-02-24 17:04:27,2017-02-24 17:15:18,2017-03-15 09:55:39,2017-03-20 08:38:32,2017-03-22 00:00:00
cc89389bd59dfd8cdf5b4490dec5df27,ea30d9a61fecff76bd58e5c62f4379b7,delivered,2018-01-01 11:39:28,2018-01-01 11:46:18,2018-01-03 17:38:50,2018-01-09 00:12:22,2018-02-07 00:00:00
fee76720d4d707fc12d7e5a40cd5c18d,4b6de9e1db470b7b07f6ee6c989b6d65,delivered,2018-06-02 11:04:02,2018-06-02 11:15:25,2018-06-06 14:50:00,2018-06-11 21:42:33,2018-07-11 00:00:00
ccdd202175f5156c1dffdc949b4abb85,e504a4f515eca66917e45ec6eda6d735,delivered,2018-05-14 14:50:45,2018-05-14 15:17:22,2018-05-17 15:06:00,2018-05-18 14:23:44,2018-05-25 00:00:00
7e5755dcda787dcc7269f1698d6372b7,21fb2ebc5077f72af04e6ead0763eba5,delivered,2017-08-08 09:53:50,2017-08-08 10:10:15,2017-08-09 19:29:41,2017-08-16 15:45:19,2017-08-30 00:00:00
2bb801ea071223cff75e08c39fab9155,c250f85418e87fa6d92dbad44a293ddc,delivered,2017-12-10 10:51:47,2017-12-10 11:10:22,2017-12-11 17:34:48,2017-12-17 16:31:47,2018-01-04 00:00:00
7563e13fcf7f6c6d8db57ef0c5760c87,ea523606564418ccc7fa53b7a081c510,delivered,2018-07-29 15:25:12,2018-07-30 15:24:44,2018-07-31 10:27:00,2018-08-01 18:44:41,2018-08-02 00:00:00
3b12b05b1ef9fd1f18face4e10c50c2e,4d7fc7b184089eadde3dd0133adcda45,delivered,2017-09-08 00:59:39,2017-09-08 02:34:04,2017-09-08 20:13:42,2017-09-18 13:59:53,2017-10-02 00:00:00
ae7f30650fe9c91685d2fb23a527df97,94dc77420394cc2e94c816422c0c720e,delivered,2018-05-14 17:53:13,2018-05-15 03:55:59,2018-05-15 15:06:00,2018-05-23 20:12:20,2018-06-04 00:00:00
f9537b9d24a68ee87a6ea92286bcccc9,3dc08ab32bcca551725a07122f56de3d,delivered,2017-07-12 23:02:05,2017-07-12 23:10:19,2017-07-14 12:54:32,2017-07-24 17:09:12,2017-08-03 00:00:00
c346218ec3d36d79c60de8073dfcbd8b,f1211d93e1993b500519ecece60e5e6e,delivered,2018-01-15 20:24:42,2018-01-16 20:14:28,2018-01-18 23:54:36,2018-01-19 21:34:40,2018-01-30 00:00:00
2365573dec3c55b420a248893b61d168,7fe6ee9c7c3fc0bfb3cdaf93fbdbad96,delivered,2018-01-27 20:59:57,2018-01-27 21:17:12,2018-01-30 14:13:06,2018-02-07 17:05:21,2018-02-15 00:00:00
38291bcab22211eb312fd02756c288c1,a63bb59ba24b8048df8549dd217a586c,delivered,2017-11-20 12:50:46,2017-11-20 13:17:22,2017-11-20 19:18:32,2017-11-28 17:29:04,2017-12-12 00:00:00
6d098fe9c328d8dbe615f82bf930ee93,d12c9220f616b02b0e58cdcd3fc1eea4,delivered,2018-08-09 17:08:38,2018-08-09 17:50:10,2018-08-10 14:46:00,2018-08-17 21:51:20,2018-08-27 00:00:00
8bf042f3248ba31efd190930bd406ea0,f396dc47ebf03c371e9d1144827a88b3,delivered,2018-04-26 17:28:49,2018-04-28 02:55:26,2018-04-30 13:22:00,2018-05-05 00:26:34,2018-05-17 00:00:00
2dabb10146331fc98c0322801df870d7,d829dcbbc1ddabd3a91c20b64e2ce5d8,delivered,2017-08-24 09:48:12,2017-08-24 10:04:31,2017-08-28 21:05:18,2017-08-30 15:14:39,2017-09-06 00:00:00
3b7999074565a5320366ad70c5aec08b,1d65236b903e944ca24271c42aa4a221,delivered,2018-04-05 11:22:30,2018-04-05 11:35:24,2018-04-06 22:48:59,2018-04-09 22:24:45,2018-04-19 00:00:00
3c67df5e19638f8fa4fcd2658347b622,0e369984255ebae345028d4858c3877c,delivered,2017-12-10 22:17:46,2017-12-10 23:30:45,2017-12-12 19:14:05,2017-12-26 13:18:12,2018-01-04 00:00:00
9edc5231dd902e3a6b3cd4d8692d3e19,66526956e5bfc707bff7039c8dee6097,delivered,2017-11-24 10:19:18,2017-11-24 13:13:41,2017-11-27 21:52:34,2018-01-07 00:09:31,2017-12-26 00:00:00
a23760b9274db6304cc3cc0085583693,13b998c33df7f51c51078cf30c1ceed7,delivered,2017-09-10 15:36:39,2017-09-11 19:35:12,2017-09-12 15:05:41,2017-10-16 19:10:02,2017-10-11 00:00:00
8982c5a29644a98312ad54cac13d513e,24f72944b81a1af99ec38141a8b93880,delivered,2017-02-05 21:01:32,2017-02-07 03:50:31,2017-02-08 14:08:37,2017-02-17 15:32:03,2017-03-09 00:00:00
577285c10c95871f906ac5ba6d9d902b,e9c9c155a55ad03af57867143ee91937,delivered,2018-06-01 15:08:12,2018-06-02 15:10:04,2018-06-11 14:38:00,2018-06-21 12:24:46,2018-07-23 00:00:00
4ac6cfb47c51ac043927b84975d1a62d,06c5c4b0292effa4b19173210ffafb33,delivered,2018-07-03 18:19:30,2018-07-05 17:03:19,2018-07-05 12:45:00,2018-07-10 15:06:42,2018-07-27 00:00:00
923cc27376a32cd0e1252597e42a5586,0ae1f70aec3c222c780ca0bfae1f1ced,delivered,2017-08-17 11:49:54,2017-08-17 12:10:11,2017-08-21 10:48:40,2017-09-10 14:13:23,2017-09-21 00:00:00
5f082a502d1fd6f19d32897c2c2cbcec,2940ece501baa1342d450993f3f20a94,delivered,2018-08-20 11:23:16,2018-08-20 15:11:33,2018-08-21 08:11:00,2018-08-24 00:18:55,2018-08-29 00:00:00
457e6ef20b5dfa0a75041c5a200080b3,ee777e76a5abe6097a2a44199b4732dd,delivered,2017-08-21 18:17:06,2017-08-23 08:05:33,2017-08-23 19:00:19,2017-08-31 16:47:55,2017-09-21 00:00:00
2cad5aa95a3bc7f622d44d01452b7887,c41a7998511438b4512f6382286455e6,delivered,2017-11-26 18:16:02,2017-11-26 18:32:53,2017-11-27 21:52:56,2017-12-04 23:21:48,2017-12-18 00:00:00
08d551ca6776789b820288466888bc3a,b1ba1b27a0d546c2227c49e9eb786a0c,delivered,2018-08-19 18:23:33,2018-08-20 12:50:26,2018-08-22 15:33:00,2018-08-29 19:08:37,2018-08-30 00:00:00
8ec3dc58218022294d63f307fb8adaba,7e7b03c269204cfe21f404efcdcc22bd,shipped,2018-05-14 20:08:22,2018-05-16 03:33:49,2018-05-16 14:04:00,,2018-05-22 00:00:00
7526e6e32c9eb710b8afc4c01dd785d4,957f824cc80070650b329d52de1b8d07,delivered,2017-10-23 20:10:06,2017-10-25 02:26:13,2017-10-25 18:59:35,2017-10-26 20:58:03,2017-11-03 00:00:00
6f4f578dc1619bddcbc6c56c9502eb74,208a1b9c48657302f6c38ea8901e2bff,delivered,2018-01-23 11:58:33,2018-01-23 12:18:03,2018-01-24 21:24:46,2018-03-03 19:29:11,2018-02-16 00:00:00
c105be01f21c9df6a2579f59b95cbcd9,02288a47f696f3054b9ef1d5f8e73973,delivered,2017-09-18 16:12:04,2017-09-18 16:27:55,2017-09-20 20:00:24,2017-09-25 21:59:46,2017-10-04 00:00:00
5043f784269d4557975f07e2ceae445b,462745b7e4248b889b1b2c446705a8b5,delivered,2017-06-12 00:35:07,2017-06-12 01:05:31,2017-06-14 13:04:00,2017-06-24 08:25:57,2017-07-07 00:00:00
391cd3f7e6052e7827a66f333705099b,b609533f40e96134748755961fefd32a,delivered,2018-08-08 21:14:14,2018-08-08 21:30:10,2018-08-09 12:15:00,2018-08-16 19:08:54,2018-08-23 00:00:00
c1dafa077556522d38557ad3452e3ac6,c4f8ebdb558f6064130ea0b705f65997,delivered,2017-11-27 15:54:16,2017-11-27 16:10:17,2017-11-28 23:28:24,2017-11-29 20:16:42,2017-12-11 00:00:00
71e65504647428c80f14efcc2a85f666,4553d174357510751fffe2519aa1b501,delivered,2018-02-11 21:57:56,2018-02-11 22:10:29,2018-02-16 01:04:41,2018-02-21 21:23:20,2018-03-13 00:00:00
e1fb73a7a364bc2406681b3e16010660,482e951bbe038b32d7f36484f2ddc53b,delivered,2017-04-25 18:57:46,2017-04-25 19:10:48,2017-04-27 07:03:39,2017-05-04 15:36:26,2017-05-12 00:00:00
ff36cbc44b8f228e0449c92ef089c843,ac4e6e678ad7b6c5e3f90ecb4f8b9569,delivered,2017-11-25 20:34:42,2017-11-25 20:51:36,2017-11-30 22:55:04,2017-12-08 00:19:09,2017-12-28 00:00:00
7d892708f2153d1763c61337cf6ba495,5a2e36e29494ce0f03e22c7f28df6617,delivered,2017-06-23 09:23:10,2017-06-24 02:25:15,2017-06-27 10:04:24,2017-07-04 08:04:11,2017-07-20 00:00:00
7a5dd7d63f46b1aa728444da8066b0d1,8099998a9347941bf444542df2488f5c,delivered,2018-01-27 13:50:27,2018-01-27 14:12:52,2018-01-29 21:13:00,2018-02-16 18:04:22,2018-02-22 00:00:00
a1eeaeeab9533845a43b2c7cf8bc79dd,49dc3c4d79846f3a6b260f4614828195,delivered,2018-01-22 14:38:21,2018-01-23 03:36:42,2018-02-08 20:28:53,2018-02-09 19:26:05,2018-02-06 00:00:00
e22da8f5aa7c1414020c647664a8483b,060d1aa4818f0382d6a4cd5549e63dc4,delivered,2017-04-10 14:54:45,2017-04-10 15:10:10,2017-04-13 09:22:48,2017-04-27 13:48:03,2017-05-18 00:00:00
1fb66111a1c0bdc6fdaab7101429f9df,3036f3db9acbc09573e6b3d1b15ded84,delivered,2017-10-08 16:29:46,2017-10-08 16:42:16,2017-10-09 22:09:40,2017-10-17 18:29:28,2017-11-09 00:00:00
4444b24c6acad48b8f3f43a18205cff8,9b77c21f0f0e900bd2bdf26a65ee9d41,delivered,2018-08-09 22:03:58,2018-08-09 22:24:52,2018-08-10 12:40:00,2018-08-20 13:54:32,2018-08-31 00:00:00
605cb018bbe790a8132db79998de4eab,9bf220b8bd3b9fe60ef57c537a1476a3,delivered,2017-11-27 16:31:25,2017-11-29 02:18:33,2017-11-30 18:28:05,2017-12-19 21:29:07,2017-12-19 00:00:00
3d5857f4fdb1061d247dea2544782580,ceec04c1f9846950a467eee17ccdfb85,delivered,2017-10-25 14:58:48,2017-10-25 15:14:19,2017-10-26 16:48:54,2017-10-27 18:26:47,2017-11-07 00:00:00
68231c7a35ad513fc1c82338d1682275,18cb08c917ab8bf5c3173da7e3a43d9a,delivered,2018-01-13 17:01:36,2018-01-13 17:16:27,2018-01-16 00:07:06,2018-01-25 20:56:30,2018-02-06 00:00:00
cc18507fa6f7e2becd46712b03d1f51c,71f26a95b92285223eb7663ebc8ac5ab,delivered,2018-08-10 11:44:54,2018-08-10 11:55:13,2018-08-10 14:53:00,2018-08-17 18:04:42,2018-08-30 00:00:00
f92cfbd80ead6ae168b77674a374b196,7166393c56bbf109b79189e2facb6d55,delivered,2017-12-13 22:43:16,2017-12-13 22:52:27,2017-12-14 19:40:00,2017-12-21 22:38:40,2018-01-22 00:00:00
6d8699cc1bfa9e279a2149dc5ed26e04,58f7e662bb4f4196f1496f7428b5cb46,delivered,2017-08-23 12:00:45,2017-08-24 02:55:51,2017-08-25 12:23:54,2017-08-28 14:23:29,2017-09-08 00:00:00
b1726f5f5eee97d8fea5de3919216920,047af869a64d9d11c79cae050dea02b3,delivered,2018-03-02 00:47:01,2018-03-02 00:56:56,2018-03-12 19:21:34,2018-03-18 20:26:28,2018-03-14 00:00:00
219053fd0b52b800d2c901487d11ee93,71515ae407f2e4dd8ed76ceaa7cb6590,delivered,2017-08-10 16:02:23,2017-08-12 02:51:00,2017-08-16 18:54:48,2017-08-28 20:48:02,2017-09-05 00:00:00
7b232b239a1cddecaf6d757b4bb3a0ae,da0da702d34fb95a5be2d516996d6082,delivered,2017-08-16 13:35:48,2017-08-16 14:24:32,2017-08-17 19:53:13,2017-09-04 19:59:45,2017-09-14 00:00:00
90a0728a1ce3a04e661798e3db7d842b,d050ccd8fa4f60813134f7bb409ca04e,delivered,2017-11-24 19:31:32,2017-11-24 22:53:55,2017-11-29 21:17:02,2017-12-23 15:23:40,2017-12-22 00:00:00
3e03b1d83d3900b822663724a388a410,5c460be259c9a70a1553efa96b294e8a,delivered,2017-06-02 09:28:25,2017-06-03 02:15:19,2017-06-05 13:43:16,2017-06-06 15:04:23,2017-06-23 00:00:00
e9fb88ba8cd6b5d1e4812dbe24d2e893,e6f1d2f7ebe34ac3cdca5e628379e59c,delivered,2017-11-06 13:25:46,2017-11-06 16:33:30,2017-11-06 19:19:00,2017-11-08 18:21:29,2017-11-17 00:00:00
4ea1a4c03356983fb0ac9ab44a7b03cf,b6b50cc057ac2920cd717ff1d6dd1fca,delivered,2017-12-10 23:08:28,2017-12-12 03:50:03,2017-12-12 18:05:36,2017-12-22 22:48:39,2018-01-09 00:00:00
8616d2e4f9d29d0a08571be7ccf0acc3,7add403a697858f1a47857c3e396b54d,delivered,2018-05-08 00:14:57,2018-05-10 02:57:15,2018-05-10 12:07:00,2018-05-17 16:22:05,2018-05-29 00:00:00
615cf04f32d0e674e960edda73584d42,a2f7313b28ba694103e5ae94043a2846,delivered,2017-09-19 10:49:11,2017-09-19 11:05:36,2017-09-20 19:34:09,2017-10-23 13:23:49,2017-10-16 00:00:00
cbbac32b13e7fbbcc8e815705213e1e0,683ee50297d69c35e07eb2fbcdc95737,delivered,2018-05-31 11:16:12,2018-05-31 11:35:09,2018-06-05 13:43:00,2018-06-19 21:18:52,2018-06-26 00:00:00
453d23c01dc7a572130a7bd307202429,c0cd13bc1cd404a4e41e887662df7821,delivered,2017-07-20 14:56:52,2017-07-22 02:25:17,2017-07-24 15:03:11,2017-08-08 18:07:47,2017-08-23 00:00:00
a96b775bbe86a3032362da96d01ca9b1,3db1310d635a3c73f361d3d5e492b9e2,delivered,2018-02-23 16:51:37,2018-02-24 02:35:51,2018-02-26 22:05:15,2018-03-15 13:09:24,2018-03-21 00:00:00
32a49c5529ba09cb894b8a5ad185f8d3,d08871ff234e5960aa646002ef26f0d7,delivered,2018-03-11 22:49:48,2018-03-11 23:28:27,2018-03-12 20:29:23,2018-03-23 02:35:03,2018-04-02 00:00:00
0504c112cd5ef9650a65748c4dc380cb,e9bfa89152f63f9d38fd4dc978100ce0,delivered,2018-04-17 09:10:35,2018-04-17 09:31:22,2018-04-18 20:54:33,2018-05-09 22:44:37,2018-05-10 00:00:00
793a2c4ddca6f26b9f06c056a96f9f17,9a7689668b3570dd860177d7ea481402,delivered,2018-04-18 13:43:52,2018-04-19 13:51:59,2018-04-23 11:48:53,2018-04-25 20:57:39,2018-05-11 00:00:00
8dad890455db66ffac6129c12a659b6e,23a749a15c5fbb6adfc59210e855f02c,delivered,2017-04-24 12:44:00,2017-04-25 08:15:18,2017-04-25 14:35:26,2017-05-05 16:23:01,2017-05-15 00:00:00
0806cf8565810770735ccbff09d9d4c5,16894e9f92caa5eb04cb7a6caa17f076,delivered,2017-12-06 21:09:23,2017-12-06 21:30:39,2017-12-07 19:15:04,2017-12-21 00:57:07,2018-01-10 00:00:00
728a577861155d9f41746915e7cdd5f3,aaaef32968f77212ded9b31318d56dfb,delivered,2018-03-30 09:15:34,2018-03-30 09:55:19,2018-04-02 18:58:28,2018-04-18 13:07:09,2018-04-20 00:00:00
351d5d1e18d0b2bc2024ff1655911dd1,78b9600a08c5e140638ea940dc41cf84,delivered,2018-06-01 16:49:17,2018-06-02 03:31:41,2018-06-04 09:12:00,2018-06-15 16:56:48,2018-07-12 00:00:00
4636e6ea585a0b807447a165874cddd9,d4b77c3d658c49d2ca05b26bca941ec6,delivered,2017-11-15 11:07:01,2017-11-15 11:26:46,2017-11-16 15:33:23,2017-11-24 20:11:57,2017-12-06 00:00:00
7c7237e63d10d0c607774c08e171e8f3,22d4cd71071d2d6030648eb12c3036ea,delivered,2017-11-26 16:54:35,2017-11-26 17:15:58,2017-12-05 02:22:25,2017-12-18 17:53:34,2017-12-20 00:00:00
b5b86cc01a292ac6d17c3db9fc5abe30,2429e9ebc35dc8f2631d7b47d12c3dd5,delivered,2017-06-02 12:06:11,2017-06-02 13:05:38,2017-06-02 13:24:21,2017-06-08 08:52:51,2017-06-27 00:00:00
f492adf6fc3491e8dc0076c2383e6afa,f419bdf38e151f30757599269559fd78,delivered,2018-06-11 21:18:25,2018-06-12 04:35:55,2018-06-12 09:30:00,2018-06-14 17:17:42,2018-06-20 00:00:00
1d9620d3304b1a785d94220904c4a33b,02dd94e5176a4d6b274f8cfc6666d184,delivered,2017-11-20 11:45:52,2017-11-20 11:55:56,2017-11-20 18:21:35,2017-12-01 00:29:05,2017-12-13 00:00:00
c79d8859e60196e652856a5f2dd27da5,2ac8ec8e325fcd370871d1fb7e62f774,delivered,2018-02-01 17:05:51,2018-02-01 17:32:58,2018-02-05 22:53:17,2018-02-06 20:07:12,2018-02-22 00:00:00
6e7e9fd0c7c9256e1119cbb95fd12bce,2c2917bd12c5663dde831f0a22df9caa,delivered,2017-12-26 21:14:43,2017-12-26 21:27:55,2017-12-27 19:41:41,2018-01-09 22:29:20,2018-01-31 00:00:00
e55650ed198645300501994955043aef,a1f313b024c7909e99246bf7f4e3e7a4,delivered,2018-04-24 20:55:50,2018-04-24 21:13:00,2018-04-26 07:03:00,2018-05-21 18:28:51,2018-05-21 00:00:00
4cc275a83d9eace28626f30559570ba0,3bd9ef86e2ffaedbd8bb7c3fe0438c2d,delivered,2017-03-08 12:44:23,2017-03-08 13:10:47,2017-03-18 07:24:00,2017-04-03 08:36:03,2017-04-10 00:00:00
8010e9e1fe4c8ef75f5a261f6ef9e748,65b9b5ce785c22668628edb304992629,delivered,2018-03-27 14:11:31,2018-03-28 14:08:52,2018-03-29 17:46:45,2018-04-09 18:41:29,2018-04-09 00:00:00
0108fba93678555ad1cec9c267848187,8bbf21f65f542300bbf3ef6012820922,delivered,2017-06-04 21:48:02,2017-06-05 21:55:11,2017-06-06 09:51:45,2017-06-07 07:17:37,2017-06-19 00:00:00
f25d0a9da957de7ffe36398088651d59,d011b185f979210e275fec153f3245be,delivered,2018-01-25 02:10:55,2018-01-25 13:38:59,2018-01-25 23:52:10,2018-02-04 16:13:07,2018-03-01 00:00:00
094fe1a1311bdcff558e373c756412d7,e89806410bcb033c5cb314490d6c5b99,delivered,2017-03-06 19:35:21,2017-03-07 19:43:21,2017-03-10 08:07:58,2017-03-16 19:17:58,2017-03-23 00:00:00
d7d4afc3fb829c97bf4669cec420064e,d7e491aa011edd106624e71e844f2f4b,delivered,2018-03-20 21:54:37,2018-03-20 22:08:58,2018-03-21 21:05:17,2018-04-18 17:31:12,2018-04-16 00:00:00
48aa82e857be5deaea8efb00a7847b43,8b0b7e9b7100d32941b3cfb34a613b46,delivered,2017-04-10 20:27:44,2017-04-10 20:42:03,2017-05-19 12:27:25,2017-05-23 15:28:00,2017-06-07 00:00:00
c58cff333993bb6b7161d7ec1350eef3,36298473367cf09c2706b2372508079c,delivered,2018-03-27 18:00:43,2018-03-29 03:28:47,2018-03-29 21:48:48,2018-04-06 02:32:49,2018-04-18 00:00:00
9bbba0c7c0a72b2fad487f353aa9af07,37ab85674e063047fd84ea82f76859de,delivered,2018-02-27 20:10:28,2018-02-28 20:08:24,2018-03-02 12:11:55,2018-03-09 17:14:48,2018-03-22 00:00:00
460a278fad430b5eff0e1a768bd2b331,4521ed229279c95de16ce2fb56dea907,delivered,2018-07-15 12:29:19,2018-07-15 12:45:12,2018-07-16 15:48:00,2018-07-21 06:38:35,2018-08-03 00:00:00
266b0e02c5f1de0a40f86f63180419ad,8b1a19c76c21ee813ce4e93237633be4,delivered,2017-08-02 10:20:03,2017-08-03 03:10:24,2017-08-03 20:27:30,2017-08-07 19:49:37,2017-08-17 00:00:00
77721e12dbceb83c4788ae7feb888c39,3ad66ee22b948a3ef3c39e3f135b1687,delivered,2017-12-13 23:46:10,2017-12-13 23:53:22,2017-12-18 17:08:55,2017-12-23 12:18:29,2018-01-08 00:00:00
f4fdb235ce7c1f7d3eb1b2fdd3a4f610,841583c9439180dd784a95ad9498e34a,delivered,2017-10-27 12:50:10,2017-10-27 13:07:28,2017-10-30 21:03:41,2017-11-07 20:18:42,2017-11-14 00:00:00
5fd99401d1c6e62d94afee10a1820622,4db0ecd4354b4c7042b9c913bdd59b77,delivered,2018-03-04 09:55:23,2018-03-04 10:48:48,2018-03-07 19:05:26,2018-03-08 20:11:39,2018-03-15 00:00:00
7099539c7bec32e6a15a56bfbfa058ba,9f9e2a9952c8085a7fc40cb3ffbcf784,delivered,2017-09-08 13:48:34,2017-09-09 15:15:17,2017-09-12 20:52:55,2017-09-26 18:02:59,2017-10-11 00:00:00
79bcc8051d22d7df6b06a2043627ff5a,2bab5b74d0058d54987dbecb72c8c58c,delivered,2018-08-17 00:56:07,2018-08-17 01:10:11,2018-08-17 13:38:00,2018-08-24 11:22:28,2018-09-06 00:00:00
b549db79344ec0935332f80fda6b63e0,934dca5a58c68b147349a0ed86576aa9,delivered,2017-02-20 23:53:10,2017-02-21 01:02:09,2017-02-22 14:23:45,2017-03-02 13:38:53,2017-03-17 00:00:00
03ee7babeb6e80cbb48962ce1719fcf7,0d3fd248b9091835bed29763f4eca9b8,delivered,2017-08-30 11:00:51,2017-08-31 04:31:48,2017-08-31 19:34:00,2017-09-01 21:26:41,2017-09-20 00:00:00
7c49116d4145973db0932d0e6a18fe6c,3a5868db6eb6f9c8aab4656ba244857d,delivered,2018-08-14 21:53:02,2018-08-14 22:04:14,2018-08-15 14:31:00,2018-08-16 22:58:31,2018-08-22 00:00:00
0d72ea72bb291e23fc4da4324144fe24,b1bb127ce792d5bd572bcfecc6adb9ed,delivered,2017-08-11 14:14:14,2017-08-12 02:50:23,2017-08-14 13:36:49,2017-08-22 17:28:18,2017-09-04 00:00:00
0743b54da8ffd8f7f9fe79fcaf006000,9d2a100b3989b4688a0498dc976946bf,delivered,2017-06-22 19:51:20,2017-06-24 02:30:19,2017-06-26 14:22:32,2017-07-05 13:38:32,2017-07-14 00:00:00
bceae68488231cae8418713a4f1a5a99,2c3a6ec473549cb156fcf3756a60cbd6,delivered,2017-09-26 12:02:18,2017-09-26 12:14:21,2017-09-27 18:20:23,2017-10-18 22:10:30,2017-10-20 00:00:00
92e3bc2d87e3b3c8d2357a4525d5af8b,80a60347757d086ce3c1d8c375c7b44d,delivered,2017-06-17 18:33:32,2017-06-18 18:30:08,2017-06-19 19:59:21,2017-06-21 16:51:58,2017-07-07 00:00:00
1439c73f16c16e5ec78a3b2ff4e4f73e,618fcce72f4fa2a302ffb7cac06dd84c,delivered,2017-08-24 23:57:43,2017-08-25 00:15:31,2017-08-28 11:37:57,2017-09-23 15:43:21,2017-09-20 00:00:00
1c860166a4ec1f520625c28e60d5b157,9265e8abf2494201b1d237dfc1e270e2,delivered,2018-05-08 23:08:40,2018-05-08 23:34:17,2018-05-09 08:33:00,2018-05-10 19:33:51,2018-06-04 00:00:00
4b69fe6557f0b4574967a8ccf31628f5,2429d9e3f4e102d447d0cecb4f39ef5d,delivered,2017-09-12 00:14:14,2017-09-12 00:30:15,2017-09-12 14:43:35,2017-09-29 17:03:33,2017-10-03 00:00:00
e9f3aab944b658f5f0b241fca193f3b6,82300dcbb75ec16bd16ef80e319ce42d,delivered,2018-03-22 16:43:27,2018-03-22 17:25:32,2018-03-23 22:41:33,2018-04-10 16:18:28,2018-04-10 00:00:00
b27af682321527a6349f1761eb3f360c,9859dd92e872dbaa60ca3cd5f0d7ad07,delivered,2017-06-14 20:17:04,2017-06-14 20:30:08,2017-06-27 14:51:54,2017-06-26 15:45:35,2017-07-14 00:00:00
4354009cedb567f304b9517e4801c22e,104cbafbeb71d47ad1b0859c555f690c,delivered,2018-05-10 19:41:33,2018-05-10 19:55:11,2018-05-15 10:40:00,2018-05-28 19:18:49,2018-06-25 00:00:00
07f400658513d45866ee381bace93793,eff4884acadadcbad03182751f8aeaa5,delivered,2017-04-20 22:31:37,2017-04-20 22:45:14,2017-04-24 08:14:59,2017-05-09 11:44:17,2017-05-11 00:00:00
367d9f6d184cf1d060d92bdc71810d2e,75baf74d97b2339e14e57681073a42ef,delivered,2018-07-21 11:21:29,2018-07-21 11:30:18,2018-07-24 14:21:00,2018-08-06 13:06:43,2018-09-04 00:00:00
22481cdbb6f8a97cee4e2ba46d59c024,c8d6e2f404529ee75435754a20a88c9f,delivered,2017-05-01 10:49:22,2017-05-01 11:02:31,2017-05-02 08:11:04,2017-05-09 11:37:00,2017-05-29 00:00:00
e13402ab3dbd2908d54ce9cc67d40162,8fc068e919f1f4ed178bd040919755c4,delivered,2018-05-16 19:23:48,2018-05-18 00:55:40,2018-06-05 06:31:00,2018-06-12 18:58:44,2018-06-20 00:00:00
3d5f593a3675d379285142d8c932bb6e,f656ac8f37b7201ead107c3dd7e82a4c,delivered,2018-02-05 11:39:46,2018-02-06 11:35:43,2018-02-06 22:38:25,2018-02-15 15:22:44,2018-03-02 00:00:00
27da527c266684c5bfb86fc601060406,950dfc01056942c9da37e17fe1ab71e1,delivered,2017-05-16 00:42:03,2017-05-16 01:02:32,2017-05-16 10:19:12,2017-05-22 09:45:58,2017-06-06 00:00:00
202ecd14054c7ca8c26634abe19ace58,503c0a508e852f0479e3719b5816bacd,delivered,2018-08-02 14:09:57,2018-08-02 14:44:05,2018-08-03 15:10:00,2018-08-09 18:38:43,2018-08-13 00:00:00
2915c20e160084a923dcf4f9a1f62549,4783b65a62dddd8b10c8377605212bdb,delivered,2017-06-25 14:59:16,2017-06-27 04:03:20,2017-06-28 15:45:09,2017-07-07 16:33:07,2017-07-20 00:00:00
fcd4159eeb371273ad224945569162c7,6285b5a7402c20ed44a33c852621827d,delivered,2018-02-27 12:54:12,2018-02-27 13:09:55,2018-03-05 14:19:44,2018-03-07 00:04:35,2018-03-13 00:00:00
8aa5449c8eaae72c25e792d938fad002,7202f447b2ce41c395dffa31dfbe4351,delivered,2017-11-24 09:43:57,2017-11-24 11:13:00,2017-11-24 21:16:54,2017-11-28 19:51:44,2017-12-08 00:00:00
30ac8b8782654d77789e93e42462fea2,b38fc5ae2f4598b70bc24505a0d818a0,delivered,2017-05-01 18:38:20,2017-05-01 18:50:17,2017-05-02 14:30:50,2017-05-08 10:06:03,2017-05-25 00:00:00
ccf0360c8b7c2fbfd429c07b9d55b316,15767fe37ba4bd84e258440467cf084e,delivered,2017-09-11 01:56:47,2017-09-11 03:00:22,2017-09-12 20:19:53,2017-09-18 20:39:52,2017-10-09 00:00:00
6397600035456e8e57cbcf89cdf7268c,eb15b32fe7190330e096562eac5308f5,delivered,2018-05-10 11:21:21,2018-05-10 11:51:37,2018-05-11 13:36:00,2018-05-15 23:08:54,2018-05-30 00:00:00
15b8dab55a580b5e02a06fe73862d60b,36457bf11ff115bb8c485a44c4749c48,delivered,2018-04-21 13:44:11,2018-04-24 19:27:33,2018-04-23 17:32:16,2018-05-07 21:58:39,2018-05-25 00:00:00
05259e30e40e08eddb05428cb38ff248,90e3eeece77d494de02de58bc257b248,delivered,2018-03-18 10:07:36,2018-03-18 10:27:54,2018-03-20 17:04:47,2018-03-22 20:03:59,2018-04-05 00:00:00
d8b31a554d23223a2493c602bcadb81b,4b1d7911143320a2d3adfc593076d413,delivered,2018-07-10 14:49:27,2018-07-10 15:06:59,2018-07-11 11:48:00,2018-07-19 23:03:13,2018-07-31 00:00:00
aa77456ca20becffcb4fa5a88e21129f,2210fda266bae8812dcd5d46dfe24df9,delivered,2018-03-31 14:51:51,2018-03-31 15:07:48,2018-04-02 23:24:56,2018-04-08 17:11:21,2018-04-12 00:00:00
0006ec9db01a64e59a68b2c340bf65a7,5d178120c29c61748ea95bac23cb8f25,delivered,2018-07-24 17:04:17,2018-07-24 17:24:20,2018-07-25 11:02:00,2018-07-31 01:04:15,2018-08-22 00:00:00
e492e10592b04a630079ea69df092a82,b7b1e834c2314460d8f26402cd95cdd6,delivered,2017-05-23 11:19:13,2017-05-23 11:30:23,2017-05-25 08:48:31,2017-06-02 17:17:08,2017-06-19 00:00:00
b3976bdb4d46f967c8a100c54c76dd58,b961ab7b5e737c9101d64485c9e12a67,delivered,2017-12-26 18:46:28,2017-12-26 18:52:27,2017-12-27 18:32:40,2018-01-23 15:05:47,2018-01-26 00:00:00
89331d59a40d00a147e107abe6fd9778,8f6c75c93f78947bf1bfa93beadacf15,delivered,2017-02-24 18:04:56,2017-02-24 18:15:18,2017-03-07 09:33:10,2017-03-16 10:28:40,2017-03-23 00:00:00
ca66d500112900d75968df9716752250,db3da8e7717f79f47d3c27890ca51dc2,delivered,2017-10-11 13:36:29,2017-10-11 13:49:14,2017-10-19 18:04:14,2017-11-07 19:52:42,2017-11-06 00:00:00
30c81e4049d16861db007699a31d9a5e,83077f14414686e9a226bda8826ea461,delivered,2018-02-16 17:47:32,2018-02-16 18:05:26,2018-02-19 23:42:22,2018-02-28 20:32:15,2018-03-12 00:00:00
124a51eba46b576ea4c0bd1bc8342cee,e5c606a13a8c2014a8a850c4865ea497,delivered,2018-01-07 09:52:22,2018-01-08 09:48:51,2018-01-15 22:10:50,2018-02-09 18:58:51,2018-02-15 00:00:00
5ae7a6fa175ab7b180b6c0142e5466e9,bc7b861ebaf4366268881e14b4a52666,unavailable,2017-02-03 16:08:21,2017-02-03 16:21:39,,,2017-03-14 00:00:00
5359005d1eec976195f2ccac2fc570dd,245d34e7c0f12c871d9cf7941a41fc9c,delivered,2018-01-17 12:05:57,2018-01-19 02:37:22,2018-01-19 21:54:58,2018-01-22 18:09:41,2018-02-05 00:00:00
dbf28dc3dffa48ddd066ad50c10c54e6,955f2d063cdfaae046329347c44d8b3c,delivered,2018-02-05 13:51:12,2018-02-05 14:10:41,2018-02-07 20:15:31,2018-02-27 20:13:21,2018-03-07 00:00:00
db640157e1dcec75f26ab07653111cf2,3cc066496f34fb2db4ab8dc3b4fbec68,shipped,2017-12-31 10:42:54,2017-12-31 10:50:21,2018-01-03 20:14:20,,2018-01-24 00:00:00
00024acbcdf0a6daa1e931b038114c75,d4eb9395c8c0431ee92fce09860c5a06,delivered,2018-08-08 10:00:35,2018-08-08 10:10:18,2018-08-10 13:28:00,2018-08-14 13:32:39,2018-08-20 00:00:00
d1906aaa99334bb372ca6bb31b8ae5d5,c374b0cc201a392bd2bac0b599803469,delivered,2017-11-08 10:47:21,2017-11-08 10:55:32,2017-11-10 14:46:38,2017-11-13 11:42:00,2017-12-01 00:00:00
4eb2ff9ddc8c3a30a20b59bce294e136,2c5e1185431df52617065707c0e1c742,delivered,2017-08-09 18:33:18,2017-08-09 19:43:39,2017-08-14 12:48:47,2017-08-28 14:56:46,2017-09-04 00:00:00
f47660d3918724652c1d5a32c5724147,8a95b8c735c90ebf4f9f491e1d394e9f,delivered,2017-10-15 03:24:51,2017-10-17 04:08:23,2017-10-17 16:43:04,2017-10-23 18:17:34,2017-11-22 00:00:00
8f8cf49b9bbb4c2344382d62362e2c4b,9cd29c8183b0d26d285255515ec01b3c,delivered,2017-11-30 13:57:18,2017-11-30 14:17:20,2017-12-02 00:58:36,2017-12-11 19:13:57,2017-12-22 00:00:00
7b46ef3113a4b5ca5e06eb8ac14131c2,893ab218533ae69e11ea359251e3f2b9,delivered,2018-05-03 18:50:56,2018-05-03 19:10:48,2018-05-04 12:00:00,2018-05-09 21:47:42,2018-05-29 00:00:00
b28172a3fb839825322c132046f1bd8d,ac0f463cf83ca59742bdb8a44a864619,delivered,2018-07-25 17:17:35,2018-07-25 17:30:13,2018-07-27 08:55:00,2018-07-31 20:31:54,2018-08-03 00:00:00
b2059ed67ce144a36e2aa97d2c9e9ad2,4e7b3e00288586ebd08712fdd0374a03,delivered,2018-05-19 16:07:45,2018-05-20 16:19:10,2018-06-11 14:31:00,2018-06-14 17:58:51,2018-06-13 00:00:00
e56d88cbec1f6fa11c71a07941433b0c,ee293069056334e9b2076d69f4dfc367,delivered,2018-01-23 22:34:33,2018-01-23 22:53:23,2018-01-24 21:51:34,2018-01-26 23:28:55,2018-02-07 00:00:00
74c7716ab7523de71a5bab869d6a0055,9ed1e8dd585793101fbbc5f1d8686e39,delivered,2017-11-27 16:07:04,2017-11-27 16:15:31,2017-11-30 21:33:18,2017-12-09 16:58:34,2017-12-18 00:00:00
8f7674bbcb64b16e52d28222db9a3263,8ef74d7f7464fef1901ef5333791ba23,delivered,2018-04-02 13:00:31,2018-04-02 13:10:17,2018-04-03 15:26:45,2018-04-06 17:37:00,2018-04-18 00:00:00
17f1909bbd1c04e12d122bfb43ea383d,f6f506de3f3a33667b37e7a64d60c173,delivered,2018-01-12 20:15:21,2018-01-12 20:25:31,2018-01-17 17:30:21,2018-01-30 21:42:42,2018-02-20 00:00:00
df9deeb3f35f5f1f50697012b7bab129,22f376753863f196880ee0a11aead3e1,delivered,2018-01-13 13:36:23,2018-01-16 04:31:07,2018-01-19 01:58:40,2018-02-02 01:06:08,2018-03-02 00:00:00
e1ec9566121e686526654847ac92397c,e6ffef20b193cbdbbf025b02799e075f,delivered,2017-10-03 21:23:41,2017-10-03 21:35:18,2017-10-06 17:52:27,2017-10-16 18:23:05,2017-10-27 00:00:00
2e6ca1196243627f2157c673a686ba36,a8d898ec43cbfd26e92a6563298b8abe,delivered,2017-05-22 23:53:04,2017-05-23 01:05:34,2017-05-23 11:41:56,2017-06-01 14:12:02,2017-06-09 00:00:00
5000db43709b8a1e13f508043ff281c9,8f43eeb988c31213d67b0807a9b6f193,delivered,2018-04-17 17:08:56,2018-04-24 18:58:37,2018-04-23 18:16:56,2018-04-30 22:34:30,2018-05-11 00:00:00
feedf8f109c19b01f36d6d87eb1e5dbc,1fcba89e5e84c66022ab9c144cd9d461,delivered,2018-05-21 22:01:13,2018-05-22 00:57:17,2018-06-04 16:03:00,2018-06-21 15:11:52,2018-06-18 00:00:00
23289a87ad267a113c014020edf79ea2,d7f5c766748d1e31c16f498e25bfa6f3,delivered,2017-07-06 10:10:16,2017-07-06 10:23:41,2017-07-06 15:35:41,2017-07-10 19:43:25,2017-07-26 00:00:00
b54b2577f6ecb6dd8fca5890dfc26633,0c9a9d3156fbb9d6d4d2ecdf35c8888b,delivered,2018-01-30 10:23:03,2018-01-30 10:35:37,2018-02-01 19:38:45,2018-02-05 12:32:32,2018-02-26 00:00:00
666be2ff7fdde94ab68358d3e33560ef,e2a0805753be3111ef9bf82401bf85d1,delivered,2018-05-08 16:39:50,2018-05-08 17:35:09,2018-05-10 12:38:00,2018-05-14 14:48:49,2018-05-17 00:00:00
63c7797265c51bbc8aadc80de737f96c,1ec6f68e0e15f6848170a20f29532b30,delivered,2017-10-26 12:58:12,2017-10-26 13:14:22,2017-10-27 15:23:38,2017-10-30 23:18:58,2017-11-08 00:00:00
5eff8994dd7178d8d878ea3d8f8b195a,8423fad39937957cb04dd5528c746a4a,delivered,2018-05-07 22:57:58,2018-05-07 23:12:37,2018-05-08 14:51:00,2018-05-11 23:19:36,2018-05-22 00:00:00
b684861615924ba1b3d4c803a0129459,a06b6cb5d7c009502e975ccbf281e0ac,delivered,2018-08-18 17:45:45,2018-08-18 18:09:49,2018-08-21 11:41:00,2018-08-25 16:58:29,2018-08-29 00:00:00
4b641d699688dcb4ede9708f83bd3b5a,a8a2c8dc31f3cc955531ea05c18e9bc4,delivered,2017-09-30 19:35:56,2017-09-30 20:14:17,2017-10-03 00:51:17,2017-10-16 23:24:58,2017-11-03 00:00:00
534129d1bbf7f748aed61a2f41c3534a,4e20298ef5b5b21e8e721e7fe09289d6,delivered,2017-11-17 21:56:36,2017-11-17 22:07:50,2017-11-22 20:56:49,2017-11-23 14:18:55,2017-11-30 00:00:00
6ca46f2b9a1592929647682510800e0e,13bf775a749925a15ef7cc1985b564f1,shipped,2018-08-24 17:02:19,2018-08-24 17:15:10,2018-08-27 15:15:00,,2018-08-29 00:00:00
ae16a4774354e48d2a9a8c43c685b30d,b5c8b2cf65bd49d6d1462ae6489fea43,processing,2017-03-04 20:05:28,2017-03-04 20:15:21,,,2017-03-27 00:00:00
a59a15e4b6085c752d338431dc68d464,2047d319716b4d8b858394394eb760de,delivered,2017-10-18 08:47:45,2017-10-18 09:06:21,2017-10-18 21:13:52,2017-10-31 15:23:57,2017-11-13 00:00:00
3656e5952194117e323c383e559941a3,881c33e67e834bcd0e7229a37c674c13,canceled,2017-09-15 09:29:20,2017-09-19 03:37:51,,,2017-10-05 00:00:00
ae577e9c807a2335fb55c903ca5e90fc,b3f223f6d6a12d794c2ed30c717998cc,delivered,2018-03-20 21:36:47,2018-03-20 21:48:47,2018-03-27 13:06:18,2018-04-02 22:51:21,2018-04-13 00:00:00
477506ed85684990371c7d22a1f5a75d,f53bc3b088919787f72a0d8492ed679c,delivered,2018-04-09 21:48:58,2018-04-10 00:12:22,2018-04-10 20:03:11,2018-04-23 16:21:06,2018-04-26 00:00:00
939000c8ddbd3a61d9038479d0be4009,ffbce3fb7ec0f4543316155f6d985841,delivered,2018-03-27 18:22:28,2018-03-27 18:35:19,2018-03-29 19:59:00,2018-04-04 23:47:39,2018-04-16 00:00:00
e6baf197cf97695698df42588f7c0d05,6de6afd678709a0576958f186be099a6,delivered,2018-04-28 21:31:06,2018-05-01 05:55:20,2018-05-02 12:18:00,2018-05-03 15:56:35,2018-05-16 00:00:00
048f3e9b77a965f84a501a7f29076128,78a198d1efd0b8219f1be948094c5ff0,delivered,2017-07-28 00:35:02,2017-07-28 01:20:06,2017-07-28 17:45:44,2017-08-02 21:06:12,2017-08-17 00:00:00
803d00122f7202a5dc14ec896930c5a2,1092e3509e1abf967bdb283b72484323,delivered,2017-07-08 00:22:49,2017-07-11 03:50:24,2017-07-11 19:19:42,2017-07-18 18:06:58,2017-07-28 00:00:00
51624e6ae1a0491539baed0f69d34230,0126c89d5a7c2b7b2bda098668c7526d,delivered,2018-03-21 21:06:54,2018-03-22 11:35:23,2018-03-23 19:02:19,2018-04-03 16:56:48,2018-04-12 00:00:00
c5585ae33ee215aeee0d7f9aaec67cde,5575494798cac6f28d4da41aa44b44c8,delivered,2017-11-28 10:56:27,2017-11-29 02:20:00,2017-11-29 18:03:00,2017-12-11 20:47:09,2017-12-19 00:00:00
ad635e6771f7a11f6ebac2e8a4260bf9,3b97b6044056ec33bfcd32e29de651cd,delivered,2018-08-10 11:23:10,2018-08-10 11:35:19,2018-08-15 14:15:00,2018-08-16 19:38:45,2018-08-24 00:00:00
fb7a9e3e0ff0d94790b472206462f2de,cec58a230b3feb0e56a802540eb8b28d,delivered,2017-06-15 07:42:43,2017-06-15 07:50:14,2017-06-19 14:56:01,2017-06-19 18:46:44,2017-06-29 00:00:00
d1bd65aed378a00706c69353b62cfa2b,20448f1113010adb640892ed126e7ef7,delivered,2017-05-28 16:38:23,2017-05-28 16:45:14,2017-05-29 08:21:52,2017-06-02 12:23:48,2017-06-21 00:00:00
f81f3d776ffdcb6331fbc140d5a1f2bc,13cfc8ca4d68e6c93fafd25df60775a6,delivered,2017-10-14 19:10:34,2017-10-14 19:28:10,2017-10-16 20:58:38,2017-10-26 18:53:10,2017-11-10 00:00:00
850df8d2d9f6606dc127956ac3ce70bd,f0da7047cc3d5cf5a2e12d48c5a3c683,delivered,2017-08-30 12:31:55,2017-08-30 12:44:19,2017-08-30 19:06:21,2017-09-05 15:15:16,2017-09-18 00:00:00
778b4dadb2f8689ce7d6eb743e53acf2,07fb98a746604f5d2c24f87adf807431,delivered,2017-11-26 18:14:49,2017-11-26 18:32:27,2017-11-28 21:48:33,2017-12-04 20:04:05,2017-12-21 00:00:00
5034308872e3b0e7c30ab14859feef53,b4bade0909a2956cbeef036f6fd7b95e,unavailable,2018-01-18 17:41:34,2018-01-18 17:54:08,,,2018-02-09 00:00:00
0b912988b29c93bf79e780956d8d309c,898d5e5238863a03c7e476003490f40c,delivered,2018-04-19 16:23:07,2018-04-19 16:35:21,2018-04-20 22:25:34,2018-05-07 23:26:48,2018-05-15 00:00:00
8921107bab33ea7cd390f1893ac6d643,7a809137201538510f118a593895636b,delivered,2017-11-28 22:26:12,2017-11-30 02:25:48,2017-12-04 22:58:58,2017-12-06 20:07:54,2017-12-12 00:00:00
ea8d1e7bfa0a8f264082703401aafe11,64de25609e79914590d78c38330ab2f7,delivered,2017-09-11 17:20:38,2017-09-11 17:50:22,2017-09-12 20:51:36,2017-09-18 20:22:27,2017-10-05 00:00:00
3bb01fb597afee976918577ed7697c80,1ccd718594a5661a5b07dae0ed7b5e59,delivered,2017-05-25 15:54:41,2017-05-26 16:02:48,2017-05-29 11:55:55,2017-06-19 18:37:42,2017-06-14 00:00:00
52363fd30a7df27f6789c3d086f4aa0e,4515197a9cb2fa62285ccf9a2ccc148e,delivered,2017-06-18 20:46:13,2017-06-18 21:03:47,2017-06-22 16:23:04,2017-06-28 13:35:36,2017-07-17 00:00:00
f046f702f9cb0684a1c673664440bb22,c262a18dfc688f7d8792e90f6408dcd0,delivered,2018-04-11 07:39:28,2018-04-11 09:15:12,2018-04-11 23:48:27,2018-04-27 12:38:45,2018-05-03 00:00:00
ff207aa3493754ffcea819b8c0c0dbb5,ac3212e805cef78bb3b1eba49e8587fd,delivered,2017-12-29 12:06:43,2017-12-29 12:16:20,2018-01-05 17:22:25,2018-01-11 15:04:19,2018-01-24 00:00:00
2631d6c1ebced155e8a1b4e87439161b,96b8c8d2ce1156120d01e8fd16e40fc0,shipped,2018-04-18 11:12:24,2018-04-18 11:31:48,2018-04-19 23:18:21,,2018-05-08 00:00:00
81fd075e4c7bbc4370a3467b89d28cdf,a32acf5a04c789b2136538fbac2e72bb,delivered,2018-02-15 21:11:46,2018-02-15 21:26:33,2018-02-19 15:13:07,2018-03-24 00:21:34,2018-03-27 00:00:00
612d140e314dab491efb33ec8219c2ee,f6af2b95b6be76fe88673d0a62a7db2f,delivered,2017-10-18 13:34:48,2017-10-20 02:49:40,2017-10-20 19:23:06,2017-10-25 16:36:09,2017-11-06 00:00:00
9ba0165adc8f80295e82cb5418788889,ca0cbc348ce930d599f8dabcb7436bff,delivered,2018-05-27 09:34:33,2018-05-27 09:50:26,2018-05-28 16:16:00,2018-05-30 16:18:45,2018-06-21 00:00:00
4b6e9f4a9064668e8c026bf9409993de,188e79c8a44386f6a6ba355783b56a93,shipped,2018-03-09 18:01:07,2018-03-09 18:10:38,2018-03-14 17:42:34,,2018-04-09 00:00:00
f5b14001d7b69026a8e08343e5f4c423,1e28d41a63a43b00df36d4c67bfb8684,delivered,2017-07-29 09:50:31,2017-08-02 02:36:46,2017-08-04 19:21:16,2017-08-09 20:59:43,2017-08-22 00:00:00
556b640fe8c3c509b624e3d5ef9a78a5,ccc5821463fbd357e2d36e0da6dbe5f2,shipped,2018-05-03 21:09:38,2018-05-03 21:33:08,2018-05-04 14:34:00,,2018-06-06 00:00:00
09ec3f2a1a1ec11f2245a4538a00eae3,b90da3164c845cd3f902f2c377a4fa86,delivered,2017-06-19 13:17:06,2017-06-19 13:30:20,2017-06-26 17:35:37,2017-06-28 15:42:08,2017-07-10 00:00:00
35f0d58e9c3e7e51c5ed9b744b0cb90b,1951367318fa142478b26c0fa8c0c136,delivered,2018-03-29 07:32:59,2018-03-29 07:47:13,2018-03-29 22:14:55,2018-04-12 17:52:47,2018-04-20 00:00:00
dbf8b46f6dad6cd41ed7e06b5dcbf4d1,9339fff4d569ea2da62a6a373f68c5a8,delivered,2017-04-25 21:57:31,2017-04-26 22:05:12,2017-04-27 17:38:03,2017-05-10 20:57:42,2017-06-01 00:00:00
9cf62f240f501435b77f4d448a2b5f39,6b2841f584f046ce582a6a12ca0ae051,delivered,2018-02-04 13:30:00,2018-02-04 13:49:11,2018-02-06 22:26:45,2018-02-07 20:57:38,2018-02-21 00:00:00
9bac85c16dd5e1a5836d8b0b9d8877df,f122107bba8fe14e1ef0304dc14b99ab,delivered,2018-01-18 15:26:37,2018-01-18 15:38:32,2018-01-19 20:15:05,2018-01-27 16:25:39,2018-02-15 00:00:00
34cceecb116e314cb7f554bb3ee1db08,2495f2c0b621406897c5df5437666a06,delivered,2018-06-05 15:15:55,2018-06-06 09:51:03,2018-06-06 15:19:00,2018-06-07 18:52:38,2018-06-29 00:00:00
8a456a91c540561a48650b2954977017,cfd1690eb3ab3c9a53d711bed4ebf9dc,delivered,2018-07-20 16:22:57,2018-07-20 16:35:13,2018-07-23 09:50:00,2018-08-02 20:09:43,2018-08-15 00:00:00
b78c17a6974789efd7a5a0cdaead0704,226be7b82ca0f5e20c1050e42ade76ec,delivered,2017-11-15 12:16:16,2017-11-15 12:26:31,2017-11-16 17:27:15,2017-11-20 17:42:16,2017-11-29 00:00:00
58ad8c9795c17d85d9005b42f7c3d14f,59993ce71f47d61ef6fa01687e8c48e8,delivered,2017-11-14 23:19:40,2017-11-17 03:55:36,2017-11-29 18:42:08,2017-12-04 20:27:23,2017-11-29 00:00:00
cdf0571d960505817e8a525040584ae9,04e0f25cc5098641d43654cbb7e73f6b,delivered,2018-06-24 21:36:08,2018-06-24 21:58:30,2018-06-28 15:41:00,2018-07-02 16:24:55,2018-07-20 00:00:00
af3b01e3241714b3e97093047a467db1,6ecc28fcc2fc38144c26e9eb3a037d9a,shipped,2017-05-21 20:59:30,2017-05-21 21:10:20,2017-05-22 13:06:10,,2017-06-26 00:00:00
a6d412851f5ec3967d9664d3654be93f,b104f8e5aae38a58aec1bc28bb05ff15,delivered,2018-08-13 08:34:05,2018-08-13 09:04:24,2018-08-13 15:47:00,2018-08-22 21:18:53,2018-08-28 00:00:00
781e1ca4fa47961d2d8aaa899b3844a9,e443a16cb8c9de00c7fe871c07c722da,delivered,2017-12-03 21:19:05,2017-12-05 10:30:56,2017-12-05 15:23:22,2017-12-29 18:18:35,2018-01-02 00:00:00
266afa038ae840df982e7b896e48ae62,8aa46663a5809f942f683501ce3606c7,delivered,2018-02-01 09:43:22,2018-02-02 09:53:13,2018-02-05 19:42:25,2018-02-09 20:58:48,2018-02-23 00:00:00
2d715895d98aa1a83c1e48b9ce8bfef0,bb36e48b18ee7208b8a832490e8b9ca7,delivered,2017-12-20 22:30:04,2017-12-20 22:39:24,2017-12-21 23:23:34,2017-12-30 10:30:07,2018-01-15 00:00:00
78a2585efc5ce6a204caf53a19ee4599,e78a8cd054af582ed4b9a2243efc2152,delivered,2018-03-25 15:11:00,2018-03-26 15:08:51,2018-03-27 19:27:00,2018-04-03 13:05:20,2018-04-16 00:00:00
fb6d9f2b63d335de19b9df4b1c4a6f51,a8f5f338424e31f8352a3969e8c40a73,delivered,2017-11-25 16:17:31,2017-11-25 16:33:06,2017-12-06 13:52:26,2017-12-18 22:29:15,2017-12-15 00:00:00
8bec10779c439cbca16b5d86fae19f72,1fa8883eaf19c9adbe1ca73b326f9a34,delivered,2018-02-13 14:44:19,2018-02-13 15:07:58,2018-02-14 19:12:33,2018-02-24 16:26:53,2018-02-21 00:00:00
4fb940c1dd0d52bdd810288027151f9d,30704e074aedd9c8a2f97e3cde9c101c,delivered,2018-03-23 10:10:23,2018-03-23 10:29:04,2018-03-23 23:04:32,2018-03-27 00:48:37,2018-04-05 00:00:00
d4fea11ff5517f07ba8cd4220302d1fe,8970ed2a42455d59af7ca18d17aa8b8b,delivered,2018-02-23 22:11:52,2018-02-27 04:31:23,2018-02-28 00:09:00,2018-03-06 20:57:53,2018-03-15 00:00:00
2dce16f88737c679c4fddab2b2cf88da,6c24d5af84017a7f107d5339f00e25e3,delivered,2017-08-10 14:25:36,2017-08-10 14:45:11,2017-08-10 21:58:31,2017-08-26 14:18:58,2017-08-30 00:00:00
26b4d5acef7d1ea2ca51d3836df08d78,16e83b87239bff66ebddbaa1028feb83,delivered,2017-03-11 09:35:17,2017-03-11 09:35:17,2017-03-14 12:39:25,2017-03-28 15:53:52,2017-04-11 00:00:00
bba17d97a5a45416d0782d5d07fe740d,9a4578c9dd9dce6517d583cb5eca0276,delivered,2017-12-05 09:13:27,2017-12-05 11:13:25,2017-12-05 19:28:41,2017-12-28 17:43:15,2018-01-02 00:00:00
272bcd7b520b3a4628acadb461400675,b7f396c9fd13888c4ebe7f73435525b1,delivered,2017-02-11 18:42:33,2017-02-15 11:32:39,2017-02-16 14:42:56,2017-02-21 11:04:15,2017-03-13 00:00:00
0547cd893959df1f7e54aeaee4368577,68491aa52cafce7ca8cfd1cfef3681d4,delivered,2018-05-02 23:31:12,2018-05-03 00:50:13,2018-05-04 14:40:00,2018-05-10 16:08:26,2018-05-23 00:00:00
4c7278311a8fd4a51374e5577ef92e27,63f8ee2920f8fc95277d251b1f0783a1,delivered,2017-12-17 11:57:41,2017-12-17 12:10:16,2017-12-18 22:08:15,2017-12-21 01:41:40,2018-01-05 00:00:00
4d66d84298606d4fea8ade08c8b66d9a,3751365025252835e2abdf0b0405b6a0,delivered,2018-01-18 17:07:14,2018-01-18 17:19:33,2018-01-22 11:47:31,2018-01-29 18:18:49,2018-02-08 00:00:00
7c7fe53f2fdb00627f75d98690d753bf,f1b2c0104dbd388db6988523bfc1187c,delivered,2018-03-24 01:03:53,2018-03-26 09:10:14,2018-03-26 20:52:15,2018-04-08 18:31:03,2018-04-23 00:00:00
bb7c0440a98c76223de17ef728484ce5,823e4298ffc2c644adfed042817a8322,delivered,2018-04-04 23:27:37,2018-04-04 23:48:29,2018-04-10 01:12:53,2018-04-11 19:04:47,2018-05-11 00:00:00
ac9c563c1293db37e4a035f8ee3763db,901c413984e6a191582753a0a51104f0,delivered,2017-12-04 14:20:05,2017-12-04 16:48:39,2017-12-14 17:54:50,2017-12-20 09:12:42,2018-01-05 00:00:00
614c7adfc74985b5d111c1e38f0ad0cd,01a51dab2737347e9b62bd2616a16d22,delivered,2018-07-29 12:03:31,2018-07-29 12:40:05,2018-08-01 12:46:00,2018-08-07 21:56:29,2018-08-21 00:00:00
3d0c0f6ab268b67176fd58927a08b69b,92c997e26fcb5d0c3d7677dd64830c29,delivered,2017-05-06 11:26:35,2017-05-06 11:42:23,2017-05-09 07:59:49,2017-05-16 10:52:20,2017-05-29 00:00:00
a1310bb1b602cdcd8aeec03a52c4a286,7cd4fdbf9ebd24da18652aff9f9137cb,delivered,2018-08-08 19:15:04,2018-08-08 19:30:15,2018-08-10 09:54:00,2018-08-14 18:37:52,2018-08-22 00:00:00
4a53124ff0021d4eb276c76766d45f71,aa850ff40d565e7dd78c9531f875b32f,delivered,2017-10-09 15:53:41,2017-10-09 16:07:26,2017-10-11 18:02:46,2017-10-17 19:35:05,2017-10-26 00:00:00
8f4af5bc8345e13d9b92eb4d75aec7d1,2ad234fffe8a656d1585f96cba385dbc,delivered,2017-07-18 11:10:37,2017-07-18 11:23:47,2017-07-25 19:12:53,2017-08-01 19:13:12,2017-08-10 00:00:00
4c9030a09c44d1059676919ef4b11265,18d40b039819845ba47e637971b75735,delivered,2018-01-13 15:18:32,2018-01-13 15:29:04,2018-01-16 20:43:37,2018-01-25 00:36:38,2018-02-09 00:00:00
2ca33108764fd34547c251d1a4ad73ef,155314da9787559f5ca430c76dcb68fb,delivered,2018-05-02 21:37:49,2018-05-02 22:34:57,2018-05-07 12:53:00,2018-05-24 14:38:48,2018-06-06 00:00:00
983213a9301fa00262c06b85e30b3530,6be111f5fe0161f03e8eabc3b8df2e9d,delivered,2017-08-13 16:55:17,2017-08-13 17:10:08,2017-08-14 14:58:00,2017-08-18 17:44:00,2017-09-01 00:00:00
94e050666a9b391d3aab71554fe12421,66631e40bb70105ec13118c26b650735,delivered,2017-04-26 14:54:02,2017-04-26 15:05:20,2017-05-02 11:27:33,2017-05-08 17:09:54,2017-05-16 00:00:00
a994ff8265aed38e21cb63b2d8402b09,bc8d0eaead98c6ac8afc8ef41f1f483e,delivered,2018-07-01 10:38:02,2018-07-01 10:50:13,2018-07-03 13:22:00,2018-07-10 19:21:25,2018-08-14 00:00:00
b08e2959017b58fc14b3db344f0748e9,36d02abe1f902dc19db2f63819390ea2,delivered,2018-05-15 15:53:32,2018-05-17 03:16:13,2018-05-22 07:51:00,2018-05-25 21:12:04,2018-06-04 00:00:00
0913c46b1cafecb52e5a9a55b6c0e0fc,28622a30de0b61091d78cb053b9cf450,delivered,2018-08-23 10:56:52,2018-08-24 03:25:26,2018-08-24 14:56:00,2018-08-30 18:04:46,2018-09-05 00:00:00
681dcd4b4304448b7619c295f1048482,f51793c6337b1ec28c51b89dc7a9ee62,delivered,2017-05-18 08:06:36,2017-05-18 08:15:17,2017-05-24 14:13:21,2017-05-26 11:51:34,2017-06-09 00:00:00
25ba9b359798bd58693b37d552c5d08c,0bfb2fed550e74483522a6712b69b7f2,delivered,2018-04-29 22:03:43,2018-04-29 22:15:55,2018-05-02 13:12:00,2018-05-08 19:36:48,2018-05-25 00:00:00
51a794671126e0829276fe7de804043e,44e0884274cbedabca6f7126b6919f0a,delivered,2017-04-18 23:36:42,2017-04-20 02:50:24,2017-04-25 10:20:21,2017-05-05 15:56:59,2017-05-26 00:00:00
33715342b6e83325b4fb7a20427b0584,48162cf58a63fec5ad05f501a6726a35,delivered,2018-01-10 15:24:38,2018-01-10 15:33:33,2018-01-11 17:38:56,2018-01-24 01:29:12,2018-02-01 00:00:00
68a3b05ab76c36cbd4a9d398686b79f8,34cf0fbafdbe5c33c8e454e6c2fc5e61,delivered,2017-03-28 09:40:41,2017-03-28 09:55:14,2017-03-28 15:54:14,2017-04-03 12:35:57,2017-04-25 00:00:00
3fa4f7a10b65f134540ba15cd4e2d914,3088b37fce748102582784ac7228e026,delivered,2017-06-25 22:28:08,2017-06-27 17:50:24,2017-06-28 10:44:14,2017-07-03 14:56:25,2017-07-20 00:00:00
101239b587ffbf256b1cf48485854842,0bbdbe9583119040379634b5ebf5a3f1,delivered,2018-05-28 11:13:09,2018-05-28 11:33:10,2018-06-06 15:03:00,2018-06-11 18:52:51,2018-07-05 00:00:00
86ee3d3bc690a447dd7f8a1b466cdab9,30e82497ccfbf893c3e6561e784ba613,delivered,2017-12-07 02:05:58,2017-12-07 02:16:20,2017-12-07 23:53:16,2017-12-19 17:59:13,2018-01-08 00:00:00
53f2d5cbef0a11dae2982bf04a35e121,bfedb28d23d9f46c499f8d184d725474,delivered,2018-01-05 21:27:56,2018-01-05 21:35:24,2018-01-09 21:38:17,2018-01-13 01:39:04,2018-02-02 00:00:00
08a1ae3618b37c278906f99c6a97fe1d,dab046e9e5817b2f04b357b4fbb9fafc,delivered,2017-11-02 00:19:30,2017-11-04 08:05:27,2017-11-07 12:42:01,2017-11-09 16:58:33,2017-11-16 00:00:00
e1b095573ee9260b571257f2ff8a4798,1c0e3ca6b0d7740309a350fd350d04ce,delivered,2018-01-22 22:24:56,2018-01-22 22:37:24,2018-01-24 00:43:03,2018-01-30 17:38:38,2018-02-20 00:00:00
14ff9088bad0d954c2b1f4801f774c69,157746cf254232fc1b21a9bc733ef867,delivered,2017-04-19 12:36:38,2017-04-19 13:21:47,2017-04-20 09:16:31,2017-04-24 14:25:17,2017-05-16 00:00:00
1f201b2bf1eecbd0ad32c3f430846b84,856f3263eb7af3a48765c85d4d0eea1d,delivered,2017-09-26 21:32:17,2017-09-26 21:49:42,2017-09-28 15:28:03,2017-10-03 13:38:04,2017-10-11 00:00:00
5cf925b116421afa85ee25e99b4c34fb,29c35fc91fc13fb5073c8f30505d860d,delivered,2017-02-18 16:48:35,,2017-02-22 11:23:10,2017-03-09 07:28:47,2017-03-31 00:00:00
6f429f70c82d9e5e7542ab3ddd773771,7f32fbd449189b491a58a78eb5357b9f,delivered,2017-11-24 13:30:59,2017-11-24 15:53:15,2017-11-27 17:54:10,2017-12-11 22:14:53,2017-12-20 00:00:00
ecca17940ac000efeca3a8bbb3866591,20f7d5a1e72cd09a5e9ef4d16b72eb1e,delivered,2018-02-15 11:26:52,2018-02-15 12:27:25,2018-02-16 15:39:19,2018-02-28 19:59:37,2018-03-12 00:00:00
2e030421b0b918820fd7afaf06c61874,9077572642c665ba8796dae2b3e407d1,delivered,2018-07-16 21:05:12,2018-07-17 04:25:10,2018-07-17 12:03:00,2018-07-20 18:23:44,2018-07-24 00:00:00
03fefb6f166efd081e05a842f7def973,68c8855d1c948dff63ae6fffabb8fe5a,delivered,2018-02-20 09:02:15,2018-02-20 09:15:23,2018-02-21 23:19:28,2018-03-07 21:13:43,2018-03-12 00:00:00
d5d0829757e3f168a603b3c272d96fff,add7aa6095dd2aae6b8d70d022bae3e5,delivered,2018-03-07 19:39:28,2018-03-07 19:55:32,2018-03-08 20:28:34,2018-03-15 22:32:39,2018-03-27 00:00:00
546f64a5981ba2d29b0a43a6ab6da440,267145a43451296f39cc6560c50a9f8b,delivered,2018-04-01 10:39:41,2018-04-01 11:27:48,2018-04-02 19:05:19,2018-04-07 15:28:39,2018-04-18 00:00:00
71ca30b49c5b34847a66dd05c3a9f8e4,1b69c1e1aabf371a4e539badffe8d482,delivered,2017-05-26 10:44:07,2017-05-26 10:55:10,2017-06-06 14:48:40,2017-06-27 14:27:58,2017-06-26 00:00:00
5f38b72f814e9f46ed3792fed53fa221,8abcddf97039e2caa85efc2851cc1270,delivered,2018-01-04 11:27:59,2018-01-06 10:07:22,2018-01-08 19:56:26,2018-01-15 17:41:53,2018-01-29 00:00:00
a6f96f5f41817cbffc01b1c756b58b8c,615083329aca47787c68a44be804d3e1,delivered,2017-10-08 16:20:46,2017-10-10 03:35:25,2017-10-11 21:15:49,2017-10-20 17:58:00,2017-11-06 00:00:00
284dfdbca771e6488f7c8f9114f407a9,6abd8ff31dd9ea5d6a95b500da430975,delivered,2017-12-01 14:48:56,2017-12-01 14:58:27,2017-12-04 20:42:24,2017-12-22 22:58:00,2018-01-16 00:00:00
5e80bc266978655e4e9e1ef166f52885,7cb59c6d5ff4c1738e140a6a8b9a214a,delivered,2018-08-13 00:11:07,2018-08-13 00:26:36,2018-08-24 13:50:00,2018-08-28 17:38:39,2018-09-03 00:00:00
01787af385123b93ba50c5f05530ee12,ca5fc68d665a2ce5392fccbde3475f72,delivered,2018-05-15 17:33:50,2018-05-15 17:54:29,2018-05-16 09:25:00,2018-05-17 14:24:29,2018-05-29 00:00:00
898a3c6ae100548e40cb528dd26df687,1003176bbc6539b4cf4931fe0228a69b,delivered,2017-06-21 09:59:02,2017-06-21 10:10:15,2017-06-22 15:52:26,2017-06-23 13:19:24,2017-07-04 00:00:00
6c0b82a9a69f551e8bc3df69007d71ad,89eedbc068effe1d1ab847660e48eff4,delivered,2017-03-21 11:38:33,2017-03-21 11:38:33,2017-03-22 09:40:21,2017-03-28 13:37:31,2017-04-17 00:00:00
d1f478a5468a4aed52abdbc2d98e0030,c71291b5215e66f777984a2d42544b52,delivered,2018-07-23 06:40:33,2018-07-23 14:31:02,2018-07-26 14:19:00,2018-08-02 14:40:34,2018-08-10 00:00:00
5697c84d8f3e63f51bebf917fa2b72cf,d8cf9aaa20e7204f0606dbeeca4f88ad,delivered,2018-04-07 22:57:59,2018-04-07 23:10:18,2018-04-10 17:11:22,2018-04-13 18:12:34,2018-05-02 00:00:00
44ea86700a44cf863db3616415b5f9ad,f66547408b1b92daaffe3b57398e1605,delivered,2018-04-23 20:10:30,2018-04-24 17:44:21,2018-04-25 14:19:00,2018-05-03 00:03:39,2018-05-16 00:00:00
0d2495ab9ff55e8edc50bdc92b443103,9b29ffc82f368ca303abd6cafcdf0096,delivered,2018-06-14 07:13:51,2018-06-15 02:37:37,2018-06-18 14:18:00,2018-06-19 19:19:30,2018-06-26 00:00:00
39cdc187b130d5b19a832af5443121fa,e89c4590c90f9e8797fadbd40425ec1b,delivered,2018-04-19 19:17:00,2018-04-19 19:31:14,2018-04-24 21:08:47,2018-04-25 21:28:40,2018-05-08 00:00:00
5850f6bb95a78cd0fd9641e0453a740b,2ac1daaa46bd7702d300fccdf76a3d43,delivered,2017-12-12 23:13:06,2017-12-12 23:27:49,2017-12-13 21:47:44,2018-01-18 00:48:06,2018-01-11 00:00:00
7de7f006c92939fa56c701362b611030,8f13be0d19e31d3bc6ca0ca0ad839672,delivered,2018-02-11 23:05:12,2018-02-11 23:28:21,2018-02-15 18:17:47,2018-02-19 12:34:09,2018-03-01 00:00:00
1bf389bed4651ac01500f40b2dbc7f0c,069f1deff35f9752a09c02f3642b14db,delivered,2018-07-16 09:58:46,2018-07-16 10:10:11,2018-07-16 12:29:00,2018-07-24 21:22:10,2018-08-16 00:00:00
7da3005df84ce7059e9123070c62877e,9ae94813a73d77503a36add2f9d479e3,delivered,2017-07-04 00:07:09,2017-07-04 00:20:16,2017-07-06 10:49:51,2017-07-12 22:10:22,2017-07-26 00:00:00
57fe0a3ea5f2eab0a68f2f9fac4e10bd,cea56c52e2340a4d411f02c326f23764,delivered,2017-10-08 15:06:16,2017-10-10 03:49:35,2017-10-13 19:33:04,2017-10-21 16:04:15,2017-11-03 00:00:00
4558450bc5fae9411f57d15406ca6064,fde638c6200202b4ccb8cb246269cc79,delivered,2018-01-04 06:56:30,2018-01-04 08:58:58,2018-01-04 22:39:16,2018-01-10 12:18:09,2018-02-02 00:00:00
533ca098906e55ed14be6385223b86d1,d219cc7387e6bbc57a8660d1924f995c,delivered,2018-01-27 16:53:27,2018-01-27 17:17:06,2018-01-29 18:52:23,2018-02-07 21:18:51,2018-02-23 00:00:00
574accd5d1addd79bc32cb3effecf05b,e608980439b12edb850750947d887089,delivered,2017-11-26 17:52:26,2017-11-28 17:55:32,2017-11-29 23:22:14,2017-12-08 19:49:42,2017-12-21 00:00:00
f45306d2f1da638e61e75e83d5c7214a,d0fe1de8e5056220a8cb4f9b0b5eeaa8,delivered,2018-05-11 02:05:42,2018-05-11 02:18:09,2018-05-11 12:40:00,2018-05-14 19:32:36,2018-05-23 00:00:00
16d8aa6e57efa7fdeec700d10f671bf3,53504e565bf762a9157894029b9ae3e2,delivered,2018-06-24 22:33:16,2018-06-24 22:53:44,2018-06-25 15:18:00,2018-06-26 18:33:35,2018-07-05 00:00:00
7396bd5e3f3fc177970bbd41a676636f,d6e801f63a31bda1ed8f6caf4c2620d1,delivered,2017-11-14 17:00:43,2017-11-17 04:06:22,2017-11-17 22:54:29,2017-12-06 18:57:33,2017-12-13 00:00:00
8275d4aa466e4679ed369b23c8eda40a,6b3a20b24d577f4c35d290c9933e915a,delivered,2018-03-31 18:56:21,2018-03-31 19:47:35,2018-04-04 18:05:23,2018-04-16 16:37:56,2018-04-24 00:00:00
66f5111aa3f376fd7dfa577aa7c57515,89517109d03f8c3f1c63b84418e97559,shipped,2017-01-27 15:00:25,2017-01-27 15:31:29,2017-01-30 18:08:13,,2017-03-06 00:00:00
382b28c2f9fa93f5bb38c304ea11d6fc,82d49350087901dbb49770edeae39a07,delivered,2018-06-22 08:46:56,2018-06-22 09:15:30,2018-06-22 13:35:00,2018-07-02 19:54:17,2018-08-01 00:00:00
b245a355c20f011bd92122803bd0f5c3,003cb2c7ce25d8af8556fb456f903546,shipped,2017-08-12 17:08:34,2017-08-14 08:25:14,2017-08-15 17:17:15,,2017-09-14 00:00:00
73689c18cffbd61ae75e2983453b4689,7d95f28e19204d8967a228cd7ea11896,delivered,2017-05-01 08:58:52,2017-05-01 09:10:16,2017-05-02 13:12:56,2017-05-05 13:07:45,2017-05-24 00:00:00
2d776245a3529fd575b20e7bdee51fc6,165e050c48ead27b2f840a909463e6cc,delivered,2018-06-11 11:35:34,2018-06-11 11:55:42,2018-06-11 15:57:00,2018-06-14 11:43:24,2018-07-13 00:00:00
784a19dd0d5ab3f6d2c970c3d5210215,bf7d23b644baa9c3581eedc55f9b55a1,delivered,2018-02-15 23:30:37,2018-02-15 23:47:05,2018-02-16 22:47:56,2018-02-21 17:19:34,2018-03-16 00:00:00
b9224c19c5ea3ae062a0141931846476,06363955dfbb8c28438d249c8670e6b9,delivered,2017-06-20 14:21:18,2017-06-21 02:26:07,2017-06-26 17:07:52,2017-06-27 19:52:10,2017-07-10 00:00:00
ca6475db54a7830e664bd059746b144b,4fec148198541e22dc2c6407b7a1cdc4,delivered,2017-12-24 10:12:45,2017-12-24 10:27:10,2017-12-26 17:12:47,2018-01-05 22:01:16,2018-01-22 00:00:00
1ea65cecbb597686d8cd052ac3027b0f,69cf7af55d6f0093b189288e895a577a,delivered,2018-05-08 21:54:29,2018-05-09 19:33:52,2018-05-10 09:50:00,2018-05-29 18:38:39,2018-05-23 00:00:00
819f320b449906b797b0b826293665d8,c1c3d95ec41f108ca60f2201ab73cddd,delivered,2017-12-02 14:57:49,2017-12-02 15:10:42,2017-12-04 21:23:07,2017-12-28 17:53:42,2017-12-28 00:00:00
28c3c716d01cc934376d3bebea04da92,ba9bca00a23fd0f3bba7e206ddf8283d,delivered,2017-10-07 09:10:58,2017-10-07 09:24:36,2017-10-10 15:48:15,2017-10-25 17:56:06,2017-11-03 00:00:00
f94e0e7c18de77db38fbde857fa75be1,04bceafd0111719988603d18dbac84fc,delivered,2018-02-11 20:04:59,2018-02-11 20:28:08,2018-02-14 20:07:35,2018-02-19 20:58:42,2018-03-09 00:00:00
bfea95ad916f92dc69b5291e6827a01f,53f9e8b5951b3192ee519409479d4d6d,delivered,2018-05-18 13:22:34,2018-05-18 13:36:47,2018-05-21 14:58:00,2018-06-05 17:41:44,2018-06-07 00:00:00
791859263302f6030c2a7a1da8c291ac,9f58ae46e670c6f8c3111b7d5ac30a12,delivered,2017-09-22 15:48:29,2017-09-22 15:55:13,2017-09-29 18:44:59,2017-10-04 18:40:03,2017-10-18 00:00:00
e864c88c30cc7fb46f79e88de8b6397d,c9fe92fa60e20c4175118d51cf0cdd9c,delivered,2017-12-21 15:51:55,2017-12-22 02:50:56,2017-12-22 19:19:09,2017-12-28 20:32:41,2018-01-18 00:00:00
e5a82ab3e8fd5f8a2ff5c12f15736659,417411d9559c0eacf9412bfb720e4e5c,delivered,2017-11-04 19:27:25,2017-11-04 19:35:30,2017-11-10 22:09:45,2017-11-14 16:14:40,2017-12-06 00:00:00
11edf2e8e2e689ab25e609f6a45b5b7a,cb294cb1111adecb97d5d9c1416bffbc,delivered,2017-06-26 15:01:51,2017-06-26 15:15:15,2017-06-29 11:33:20,2017-07-12 18:03:23,2017-07-20 00:00:00
3f5ff6ee2cdbae33ef3b6aa6a193f9f6,72fbfb632e6357d45a3a96a755cfd9b2,delivered,2018-06-12 15:48:00,2018-06-13 09:00:35,2018-06-13 14:57:00,2018-06-19 23:06:39,2018-07-16 00:00:00
bec450cb94e08bd4de13c6b6927205e1,9fe2a1553930eaf754ae2bb82285bd30,delivered,2017-12-08 13:24:05,2017-12-12 03:36:32,2017-12-13 19:17:29,2017-12-17 15:09:03,2017-12-27 00:00:00
0dd7345135d5cbc4c660b3eb4085e19e,25b759d36d97770f08c8894eaf807735,delivered,2018-02-16 18:53:22,2018-02-16 19:07:27,2018-02-19 21:13:03,2018-02-26 23:45:36,2018-03-08 00:00:00
736781fe643ac5d2d2b468bcfe193adc,d885aa7b275634a1eb0ea2c470b143d0,delivered,2018-04-07 10:40:01,2018-04-07 10:50:12,2018-04-13 00:32:52,2018-04-24 22:11:52,2018-04-30 00:00:00
25f4849a6afc2184f9c368d736e18341,a237a8ee24fb3ca2a1b49aae0a515d9a,delivered,2018-04-15 17:57:30,2018-04-15 18:10:53,2018-04-19 17:44:37,2018-04-30 12:42:33,2018-05-18 00:00:00
05be03ef1c99159686f59d8a51dd17f9,b160ea16b7e64557b6c6fead0b3cdc7d,delivered,2017-10-30 14:39:15,2017-10-30 15:31:18,2017-10-31 17:15:55,2017-11-07 16:05:36,2017-11-23 00:00:00
5fce29fc25bfce9a829c5f4caa9ab9b6,3d7fab786b66851c00acb6de08a5d7f4,delivered,2018-08-04 18:22:26,2018-08-04 18:35:25,2018-08-06 14:52:00,2018-08-08 22:56:49,2018-08-13 00:00:00
b293a5668e9ef946f56c5eb92b468f14,4fc58708631af32db156af6207c3ecfb,delivered,2018-01-30 10:21:24,2018-01-30 10:35:35,2018-01-31 20:39:07,2018-02-14 23:39:03,2018-02-26 00:00:00
99bcaf97ce53d503eb254ac49786bb13,cbc1589fa3c1d671120559e26c3c3a96,delivered,2018-08-14 21:49:10,2018-08-15 03:30:21,2018-08-15 14:16:00,2018-08-20 16:26:59,2018-08-27 00:00:00
c67941b4ae569566ad69104332761988,da20414ef11e15343480c8481c7a353c,delivered,2018-07-14 19:46:38,2018-07-14 20:03:54,2018-07-16 12:31:00,2018-07-23 19:48:34,2018-08-20 00:00:00
9cb058418ca948d8b6c3f369d031ab90,ee4919c10e807a1ac1d48c9314950830,delivered,2017-07-25 21:33:46,2017-07-25 21:45:14,2017-07-26 14:27:50,2017-08-01 17:34:56,2017-08-14 00:00:00
40f1d14481f5e228f099414befcddb1a,5de70cd487e3be880e5bf496a2912fe8,delivered,2018-01-15 18:53:20,2018-01-16 18:51:15,2018-01-20 00:22:31,2018-02-03 17:22:52,2018-02-06 00:00:00
c15509fbb2f63d140e9f78220c6163e6,805dd3f5ae20e13e154b376a706f3541,delivered,2017-12-01 11:01:09,2017-12-01 11:31:54,2017-12-04 16:08:58,2017-12-11 18:09:58,2017-12-29 00:00:00
d0e54233f6df824cc818b3d6f936c2db,59e6711e78382f0d326f719117277141,delivered,2018-07-15 21:39:49,2018-07-15 21:50:19,2018-07-24 14:13:00,2018-07-25 19:48:40,2018-08-01 00:00:00
2ab340837ecacc1da5c088346b0d873b,2b50e8a04cee4649c28af67de327551e,delivered,2018-04-23 08:17:57,2018-04-24 18:59:40,2018-04-23 18:25:23,2018-04-27 20:32:17,2018-05-10 00:00:00
798738fb83403d78d10892ac46cf8065,ca860cef411f1bc07c2e4a2b19fdfd4d,unavailable,2018-01-24 18:44:14,2018-01-24 18:56:24,,,2018-02-08 00:00:00
995afafadabbc8e07804a5f08f096b01,471c58cd2e88e9d71cb55ea00452a587,delivered,2018-08-06 09:55:30,2018-08-06 10:10:19,2018-08-17 14:48:00,2018-08-20 14:04:03,2018-08-20 00:00:00
c616da5cc141068461ed014eb4c21d9d,116f2485586eef5359edb16d364f7136,delivered,2017-11-24 10:40:01,2017-11-24 12:13:51,2017-11-28 22:38:51,2017-12-05 19:48:47,2017-12-15 00:00:00
a87e2eb19e3e22c6c62607b148aaed4c,ddb787f24795793a5224f6ab98fc8dbc,delivered,2018-08-11 15:40:04,2018-08-11 16:04:33,2018-08-13 16:12:00,2018-08-14 19:12:09,2018-08-21 00:00:00
effd028fe36981328de3b4be7d6c7eb4,e0912be609a1611bdcda51260ab805f2,delivered,2017-05-02 12:48:09,2017-05-02 13:10:58,2017-05-10 09:13:07,2017-05-22 09:33:48,2017-05-23 00:00:00
13b7331f53684efbf758aa353c16ba3b,0d69bc4931b72db1d328f35f909abd08,delivered,2017-05-07 22:18:33,2017-05-09 09:35:43,2017-05-17 13:35:49,2017-05-31 13:24:10,2017-06-13 00:00:00
590472757d28d7b3dc2440d99ad750fb,d5b02fce9c3b6d335a9cf3ce1163a8a4,delivered,2017-06-04 02:56:42,2017-06-04 03:05:12,2017-06-06 10:55:02,2017-06-13 16:10:22,2017-06-28 00:00:00
9eebd18ac02881c6c6e4f47f3642ff8b,7ea5fc79e8868ed776ebfce44c06869f,delivered,2018-01-03 16:55:29,2018-01-03 17:07:51,2018-01-11 17:17:09,2018-01-15 21:07:45,2018-02-09 00:00:00
65e96eb0ec0c05756d035e9eb8fce071,528db5e83192cfe52f500e42ac01ed57,delivered,2017-01-31 12:04:27,2017-01-31 12:16:02,2017-01-31 12:44:16,2017-02-07 09:50:42,2017-03-01 00:00:00
746e40ac3c01101618e8a7d582b1029a,35cba8240cff7a8485121c06c306f534,delivered,2017-11-24 18:09:16,2017-11-24 21:34:24,2017-11-29 16:14:48,2017-12-20 22:24:27,2017-12-22 00:00:00
30795f13abba18bf1c6866eb7fa63d52,482013f085c9f29219972bd63044351c,delivered,2017-12-16 15:40:55,2017-12-16 15:49:58,2017-12-19 18:04:06,2017-12-21 13:08:36,2018-01-12 00:00:00
c905910185bc1f8e9c3617ee560770d8,ba99522723165b9b7236ff61141e5f4e,delivered,2018-08-07 17:57:10,2018-08-07 18:10:14,2018-08-08 18:00:00,2018-08-09 15:48:48,2018-08-15 00:00:00
eed6cf91f1993f8b026ebb204f3e4092,6929b26c338c69f8a70e85340a3fb433,delivered,2017-04-18 18:17:32,2017-04-18 18:25:20,2017-04-27 14:43:25,2017-05-08 16:14:39,2017-05-22 00:00:00
675a6fde0b4a8f78243d9ca2ec8be1be,c75018310f578a46cfec39b6df04a827,delivered,2017-10-31 23:50:23,2017-11-01 00:05:58,2017-11-02 00:21:35,2017-11-06 20:57:40,2017-11-23 00:00:00
f240664fa94d4650c67cbdc818bc8135,08795c52e7b0525cd0b5bf92a66da58d,delivered,2017-04-01 12:40:40,2017-04-02 13:42:26,2017-04-03 09:38:03,2017-04-04 15:40:01,2017-04-24 00:00:00
903db3e1980ea3e0fc2138852af7d3ca,d81815d7ddb29da80f4e6c4316520cf6,delivered,2018-01-02 20:12:54,2018-01-02 20:28:59,2018-01-03 22:03:51,2018-01-16 23:56:02,2018-01-30 00:00:00
eda15f47d38268e4c8dfb881cc473512,42f30d19ba55c70a397cef0afe830f2a,delivered,2018-08-21 17:44:39,2018-08-21 17:55:18,2018-08-28 19:02:00,2018-08-29 16:54:38,2018-08-30 00:00:00
4ef3c842b74a91b2524df4e621606c94,02dfd8931ac72171c45b5c8522cf4082,delivered,2017-06-07 07:29:40,2017-06-07 07:42:40,2017-06-08 06:26:41,2017-06-13 16:09:34,2017-07-12 00:00:00
8c06312986ecef33f206596783859b96,9c39437929c95a05cfeecb8f0a75da4c,delivered,2017-11-18 14:43:33,2017-11-18 14:55:27,2017-11-21 20:37:10,2017-11-28 20:19:10,2017-12-07 00:00:00
9d03d999c1103e51b47e5dff3b2b7183,419d47845be9e84b0f437ac266b17da3,delivered,2017-10-12 16:01:54,2017-10-12 16:14:13,2017-10-17 12:52:20,2017-10-27 18:03:02,2017-11-22 00:00:00
98484b32a3bbf287f3347e001275ed21,c156d63bdfce1d456bd43cf1c4dadfca,delivered,2018-07-21 08:04:54,2018-07-21 08:24:16,2018-07-23 11:58:00,2018-07-24 17:17:30,2018-07-31 00:00:00
0ba2bc78c04f47c4757a465b7d7e4f79,8718f740a7d11ad0180de2f7b625c7da,delivered,2017-12-06 21:43:24,2017-12-06 21:52:55,2017-12-13 17:38:35,2017-12-19 17:32:27,2018-01-03 00:00:00
60e9d08b7a6390df94673a13d1d3c0f3,e5ec7f1a08b68625aaa4a180987813e3,delivered,2018-05-23 12:43:11,2018-05-23 12:54:58,2018-05-24 14:40:00,2018-05-25 22:58:28,2018-06-12 00:00:00
f48a1909651bdf6645b2cc6fa8e8ea1d,867cbd39f5519fd4062ed75e3567e76e,delivered,2018-03-22 17:39:36,2018-03-22 17:55:36,2018-03-26 19:23:06,2018-03-27 13:42:33,2018-04-04 00:00:00
ea72009e972388b2881aee7fd39a094a,714a50db626b8618bc77230f0795ec9a,delivered,2017-11-25 20:37:00,2017-11-25 20:51:43,2017-12-04 20:09:28,2017-12-19 17:51:36,2017-12-20 00:00:00
9e404de5caad33c6cbff720e0d721008,9dd8f1c94c6d9e74b484bd87ac5a1d17,delivered,2018-01-22 18:35:50,2018-01-22 18:57:05,2018-01-23 16:27:06,2018-02-22 19:43:02,2018-02-15 00:00:00
92e3b708c3923190432db2b9fd006b44,851464b0ef03b23f004c016a8b1f0b65,delivered,2018-02-23 13:12:21,2018-02-23 13:29:40,2018-02-26 17:52:20,2018-03-06 12:18:45,2018-03-16 00:00:00
fc104774e9921bae682e646267066b82,460f9766e57a23aeefa6502d1f8f0e67,delivered,2017-11-20 11:00:48,2017-11-20 11:31:25,2017-11-21 19:16:55,2017-12-05 23:05:49,2017-12-12 00:00:00
edfb04977a2d0a919e5c3bd40e053440,dd39606c9f630c83664bda7996220c07,delivered,2017-09-26 10:25:46,2017-09-26 10:35:19,2017-09-29 17:43:02,2017-10-05 22:10:40,2017-10-18 00:00:00
72e44b7d63b447ef53a8a281314c6a9d,aa5f5931b8901ae1ca4b8302f9b94c02,delivered,2017-10-06 11:52:25,2017-10-06 12:07:19,2017-10-06 18:52:38,2017-10-25 20:24:57,2017-11-07 00:00:00
9e1767e9e357aefade604f2b54d83ff2,5a43ccaa10dea378cbc7a14c9e56405d,delivered,2017-10-03 13:51:56,2017-10-03 14:07:35,2017-10-04 18:57:50,2017-10-11 22:44:05,2017-10-25 00:00:00
bf3a76ee801a768ad823615d9fdc019a,03a808b2b6c6da738ff0f3ca8ae8f9e2,delivered,2017-11-27 22:16:14,2017-11-27 22:30:44,2017-11-29 17:21:47,2017-12-08 19:15:55,2017-12-21 00:00:00
e3331d4095fa2501c3e9d62525dfec14,575237c653bb998e8eb61f595297fb1b,delivered,2018-01-08 10:50:24,2018-01-09 07:18:32,2018-01-09 21:12:51,2018-01-19 17:49:24,2018-02-07 00:00:00
73ff74f8f201c61c0c625cfe7ec63cd2,156ecab0fc23f6cd5954e5a8bb354ff3,delivered,2018-05-10 07:09:45,2018-05-10 07:36:31,2018-05-11 15:45:00,2018-05-22 11:08:32,2018-05-29 00:00:00
13672bbd5446ca25fe82ddc218f81a3a,97efeb58e92886e9de1ab49ce06a8139,delivered,2018-05-14 21:43:39,2018-05-14 21:57:58,2018-05-15 13:17:00,2018-05-16 16:18:54,2018-05-25 00:00:00
738958f1bd5348249ab7a14f6a9959e3,7a55476a19361dd97c46e26658ba5885,delivered,2017-10-30 09:12:27,2017-11-01 03:26:22,2017-11-01 14:12:26,2017-11-06 20:46:48,2017-11-23 00:00:00
0c760c32925c8a67562a4621ff46556e,264484a3add4c4f5ae9c05e21bfa6466,delivered,2018-07-07 15:51:13,2018-07-10 04:30:44,2018-07-11 12:58:00,2018-07-16 15:55:26,2018-08-09 00:00:00
bd5159bb719385afe3b487906110342c,7635521331d89d14ac8b9e2b50a8803b,delivered,2017-05-15 16:46:41,2017-05-15 17:02:53,2017-05-16 16:02:09,2017-05-25 13:14:05,2017-06-09 00:00:00
dd38bb2616d4486d83368c43f16e04eb,3270c7818d607c004939b3dce822df92,delivered,2018-07-01 21:27:17,2018-07-05 16:26:52,2018-07-03 15:22:00,2018-07-09 19:22:00,2018-07-31 00:00:00
e85a4861022f27b6764e4fc0372323e0,b0b2ad65278fa9b0d77bccfeab5a37e4,delivered,2017-09-24 23:38:18,2017-09-24 23:50:12,2017-09-26 15:33:42,2017-10-09 20:46:07,2017-11-01 00:00:00
00ce92d57f4f9a112bdb8a2a283e5f97,9c1e141643cc2c164c2fa7c7140f5317,delivered,2018-01-30 16:20:19,2018-01-30 16:52:46,2018-02-02 09:15:38,2018-02-07 12:22:05,2018-02-26 00:00:00
eed0820e183311e6ae0d016436318b19,ce706e81decc274e0a5a183d1690385f,delivered,2017-02-09 21:43:32,2017-02-09 21:55:11,2017-02-11 07:55:50,2017-02-16 10:04:45,2017-03-08 00:00:00
af49668a0abb3ceccec65b9cdc5dcac7,a6f70f3c902c49b84554a30505e9f539,delivered,2018-03-16 13:36:38,2018-03-16 13:49:37,2018-03-21 18:35:40,2018-03-22 21:06:35,2018-03-28 00:00:00
36af952fa00b09aef1c4c6020442a819,8b2eb4ad78ddc8b18e303faa54348db7,delivered,2017-09-07 20:19:52,2017-09-07 20:30:11,2017-09-08 20:21:44,2017-09-12 20:52:12,2017-09-26 00:00:00
80d2f4b0e0fb1b8385d270a2d585a1e4,2cbe7c4786ce290dd92f38ad6871b72d,delivered,2018-06-14 21:37:00,2018-06-14 21:58:12,2018-06-20 11:57:00,2018-06-26 17:12:19,2018-07-17 00:00:00
df8f138cbe59c7bb4454c61d1223ca18,d77f3797ee0abe8fc7d85e9610400958,delivered,2018-06-01 15:10:00,2018-06-01 15:31:50,2018-07-04 06:38:00,2018-07-05 19:51:35,2018-07-19 00:00:00
290095474d5b5550b5c86ef43e11d021,7a33f21fe79a9a7c069e723b0c339a6c,delivered,2017-11-16 15:46:22,2017-11-16 16:08:48,2017-11-20 14:36:51,2017-11-23 20:52:56,2017-12-05 00:00:00
3e6378294bcb6ea2ff0ff1eb3ba7388f,63150e501182768887ac59b79c6b8546,delivered,2018-05-12 16:33:05,2018-05-13 16:31:46,2018-05-16 06:00:00,2018-05-21 16:38:21,2018-06-08 00:00:00
32c94c00d713b91db6899722551375f0,0b12a2206dcf63cac81f822926a71363,delivered,2018-03-02 08:00:13,2018-03-02 08:10:24,2018-03-02 19:15:15,2018-03-10 15:39:28,2018-03-20 00:00:00
19eb93c45881950fa631d29cd96bdb56,6c9a9bf1e6a3e91d456273a932bbf209,delivered,2018-01-25 15:09:03,2018-01-26 03:16:09,2018-01-30 14:42:48,2018-02-09 21:08:12,2018-02-26 00:00:00
db70205a4fec901db7c957ac7d335064,f6a3f0516c41a4f20f40eb90f5b33c57,delivered,2018-07-03 11:26:40,2018-07-05 16:13:11,2018-07-04 15:18:00,2018-07-11 18:18:46,2018-07-26 00:00:00
22588da93e7ab2d3145f0e004be4c778,7bc38ef672740eb8d3c85c2e7dcce8be,delivered,2018-03-17 18:26:52,2018-03-17 18:48:23,2018-03-19 23:58:36,2018-04-04 22:40:50,2018-04-05 00:00:00
6d0f82a01588821c295aabc53d05a552,3f699c9cf773be1c838c6011ac5ec571,delivered,2017-05-22 14:07:45,2017-05-22 14:22:44,2017-05-24 09:37:55,2017-06-16 08:07:47,2017-06-26 00:00:00
b516594d49d0cab100b01fd7bc0b981f,88977a0c1c4b9ee4ca5d6f12df4107ac,delivered,2018-01-08 21:44:26,2018-01-10 10:32:47,2018-01-11 23:23:38,2018-01-19 00:54:00,2018-02-06 00:00:00
d5258694fae61d00d67f18919b349a3a,f758a1acd42a62b2a8275356cf0c769b,delivered,2017-12-22 15:16:31,2017-12-22 15:34:36,2017-12-26 17:48:13,2017-12-29 16:59:59,2018-01-12 00:00:00
279b9a9df2c05138cfda068bb1e0143d,4b29474c60ebdcf9372db1c79c2190b7,delivered,2018-07-11 19:49:54,2018-07-11 20:06:12,2018-07-12 11:58:00,2018-07-13 17:59:35,2018-07-19 00:00:00
2f1190c795ae566cafa5e988601a84b7,f785a4fc69eb2ba079b0076cd0cfa5a9,delivered,2017-08-31 07:31:06,2017-08-31 07:44:00,2017-08-31 16:36:07,2017-09-09 14:57:48,2017-09-19 00:00:00
d85ce9b0e10e08627fdc72bedcf4cde3,5563bcd137c276544c67d76ee55b0a1d,delivered,2018-08-04 11:45:44,2018-08-07 04:45:13,2018-08-08 12:00:00,2018-08-13 17:20:47,2018-08-16 00:00:00
46bd2b5fe2b3d02d198552cf137c0bb5,7ebb11f7532296b859de28f65bb7970e,delivered,2018-03-27 22:07:19,2018-03-27 22:15:12,2018-04-02 14:34:27,2018-04-06 18:43:29,2018-04-13 00:00:00
7922fc267fee367d631d58c09d8bdfdf,54c9be3772a24c5641ba32234f87d453,delivered,2018-04-17 16:46:32,2018-04-17 16:55:37,2018-04-18 16:58:28,2018-04-23 23:58:49,2018-05-04 00:00:00
ab3bc480a02b5a058759d5855428c22f,d9ee1197cc7498f4a0a0d6dcf627268f,delivered,2018-08-18 08:33:37,2018-08-20 11:10:19,2018-08-29 13:44:00,2018-08-30 20:41:48,2018-09-03 00:00:00
0c3f17e10268e00c6716de19889e2cf0,bf5b40a6507179f537bbe16dae02d080,delivered,2017-03-09 12:54:41,2017-03-09 12:54:41,2017-03-13 09:34:56,2017-03-16 12:44:04,2017-04-06 00:00:00
34b1c1b1fca85eecadd97c4612423897,51e7020a5a2e79b5fe980eed4f9ede9a,delivered,2018-04-17 16:31:53,2018-04-17 16:52:07,2018-04-19 18:08:25,2018-04-23 16:45:44,2018-05-14 00:00:00
00d9ac423c9ad6781c0ed04e87666691,64a495213f59f3050ccd2ed250d88dde,delivered,2017-10-03 11:54:16,2017-10-03 12:07:19,2017-10-03 20:28:19,2017-10-24 23:03:41,2017-11-03 00:00:00
5ba366f795902a0675d37d1dc4f0267f,f7ee00959d2e86ce3c64d648d2f9b89e,delivered,2018-08-13 21:51:53,2018-08-13 22:04:13,2018-08-27 14:28:00,2018-08-28 15:51:55,2018-08-30 00:00:00
b5c61b4a6a49433438da01c86ae0db90,9ca8f80d320284ae0aadcb172d352935,delivered,2018-05-14 17:20:48,2018-05-15 04:35:06,2018-05-15 12:02:00,2018-05-18 21:34:37,2018-05-28 00:00:00
e703b57c60a71b0b7cae20a5209efea2,2b64bce339e8c42e61b87f2b245bd876,delivered,2018-02-22 12:04:32,2018-02-22 12:29:22,2018-02-26 21:09:33,2018-04-02 23:26:57,2018-03-20 00:00:00
927ca6bf25d6e13695224ff77dd430ea,a6b0f259b6c18701657c473f250f1806,delivered,2018-07-19 17:15:21,2018-07-21 03:23:49,2018-07-23 14:36:00,2018-07-25 21:48:30,2018-07-27 00:00:00
0866d83668146dad766bf1a583207b19,9a7a6d76d51978e29bbc282074409065,delivered,2018-06-25 09:22:58,2018-06-25 09:35:22,2018-06-25 12:06:00,2018-07-11 21:26:25,2018-07-23 00:00:00
7d7802f0d69dc1e8aca3e936dee50912,8256ca825f52c400ad2894793c8a232d,delivered,2018-04-09 10:20:40,2018-04-09 10:30:34,2018-04-10 20:19:08,2018-04-13 21:28:46,2018-04-25 00:00:00
3c2923394ca30af830a14e74ab005b3e,a577e87a5b6d85a43d06f1238ddf0c34,delivered,2018-05-07 23:06:34,2018-05-08 08:30:15,2018-05-10 13:45:00,2018-05-14 23:46:48,2018-05-22 00:00:00
7bc6b6f769b29b2e75c2699f915fe835,9a2d60ab9e3e553f4c487b3982bca816,delivered,2018-06-11 07:27:24,2018-06-12 04:35:49,2018-06-13 13:32:00,2018-07-13 15:08:34,2018-07-13 00:00:00
c132bc0c62bbe1c74a7944877af2246b,ccbe7fd54aa82159f48ade29b2bd4b06,delivered,2018-04-13 12:02:33,2018-04-14 02:15:30,2018-05-07 15:46:00,2018-05-15 13:19:38,2018-05-16 00:00:00
1feca64d75daa682ce3174a1eff73d8b,681afb2f3720c1aa3d3fee254be18800,delivered,2018-04-17 14:27:45,2018-04-17 14:35:27,2018-04-18 18:23:24,2018-04-26 18:14:43,2018-05-17 00:00:00
054db90b78e9a5af5983855572b4e6d8,489df64da2a93a05244fc7edde3b328a,delivered,2017-07-26 10:05:21,2017-07-26 10:15:24,2017-08-10 12:33:04,2017-09-19 16:15:56,2017-08-29 00:00:00
b54c46bbcc169d297c618e15480c3048,e81e535000873fd8112aa8cfaecbb742,delivered,2018-04-29 17:06:58,2018-04-29 17:35:21,2018-05-02 14:26:00,2018-05-07 12:18:48,2018-05-24 00:00:00
a7014e8529a3c8fb841862e33476d9fe,8a720123cd5c180513f6340bc717824e,delivered,2017-03-12 16:26:20,2017-03-12 16:26:20,2017-03-13 15:54:19,2017-03-20 19:25:38,2017-04-03 00:00:00
dcf4c7f221833bff3e0167a4dee18489,35edc4a10a59c8a8224feb8c19a4a864,delivered,2017-11-21 02:03:56,2017-11-21 02:13:24,2017-11-22 16:55:52,2017-11-23 16:28:34,2017-12-01 00:00:00
cf8b06e3cb532f6045a05a87af095b50,bdf5201a85adc11a3881a5e1ffab102c,delivered,2018-04-20 16:17:12,2018-04-24 19:01:55,2018-04-23 22:41:41,2018-05-03 15:42:06,2018-05-09 00:00:00
a35b17147a43ac3e68aa99ed70a602ba,0f87e42994dc08cb1050d9bb35fa7f37,delivered,2018-04-27 22:57:12,2018-04-27 23:13:10,2018-04-30 16:08:00,2018-05-05 15:44:47,2018-05-17 00:00:00
01719300f9ca182b8361556a3873d8ed,5f7a7e33fde7fdd09dac4e27902f7868,delivered,2017-08-28 10:15:59,2017-08-29 04:30:50,2017-08-29 14:36:06,2017-09-04 20:39:08,2017-09-21 00:00:00
b7357bb8e9d9742a5c4f686050baecd5,c63198f961c7be78b3c8389f68a537fc,delivered,2018-07-20 16:39:13,2018-07-20 16:45:21,2018-07-23 15:35:00,2018-07-31 12:51:52,2018-07-31 00:00:00
b9df3ba1cd5cd93a66fa5f902ab0dbc5,bd6d5bb0762574fcf0102668be4f781c,delivered,2017-05-05 14:13:32,2017-05-05 14:25:24,2017-05-09 08:18:47,2017-05-15 15:41:39,2017-05-31 00:00:00
7d666b83ead768ecbc15773ef8ef6c42,f212f27910c574c5835d1fc48eace4a0,delivered,2018-08-09 16:08:44,2018-08-09 17:30:12,2018-08-13 15:54:00,2018-08-16 16:52:22,2018-08-22 00:00:00
79ae0e4182dcaddaa21ac3038aa4e5d9,3e756b26fc9e8cda22e66cc2f1bd567b,delivered,2018-01-11 16:39:37,2018-01-11 16:49:10,2018-01-17 22:23:29,2018-01-23 18:17:11,2018-02-06 00:00:00
9ff74ab0bc3dadafbf2aa0aa674a9850,46ebe25079ad39b2802185eb61cc8708,delivered,2017-04-24 10:25:35,2017-04-25 07:55:41,2017-04-25 13:11:19,2017-05-15 10:32:22,2017-05-17 00:00:00
8a9e4058bd52b1df24af22b9cd604f87,62fd641e1ebc8e22418e3dc08a5381f3,delivered,2017-05-21 08:01:57,2017-05-22 10:39:43,2017-05-22 10:52:17,2017-05-24 12:41:57,2017-06-13 00:00:00
155e6d1ccd9fe50ed7aa1ddd3bfb1cf5,95b1c30cf56ac066f1465b14857a2055,delivered,2018-05-14 11:40:42,2018-05-14 11:58:47,2018-05-14 13:17:00,2018-05-18 12:46:38,2018-06-05 00:00:00
f232ff4908be69d9a06a746be78f1390,6b1066ec623d8c60ca4dc0473a272afc,delivered,2017-08-03 14:16:56,2017-08-03 15:45:26,2017-08-07 20:18:41,2017-08-15 13:15:42,2017-09-05 00:00:00
562e2ed068c6e2de3e56da6209337375,315043c1ebc155089602f917d16f3baf,delivered,2017-10-18 17:17:43,2017-10-19 03:12:44,2017-10-20 16:35:06,2017-11-03 20:22:52,2017-11-13 00:00:00
f79166d484b12d995cc47ff0fd43db75,c0c6670992f4b739fed5149cdd7de373,delivered,2017-11-25 23:37:21,2017-11-28 03:44:50,2017-12-05 21:42:25,2018-01-24 19:18:13,2017-12-18 00:00:00
f7fde4811e5d7df0df4f46e475c4d752,ab95bb8d3768e62831048ac6e059a973,delivered,2017-06-03 09:27:33,2017-06-03 09:42:33,2017-06-05 15:53:41,2017-06-10 09:29:40,2017-06-30 00:00:00
60497e7e5e68a6c28a15eaafea0f1e94,4e57ef42359fa8a9a31597f6081ea345,delivered,2018-03-01 22:30:09,2018-03-01 22:49:26,2018-03-02 20:21:47,2018-03-21 18:11:21,2018-03-26 00:00:00
90c0d4df184cd39fe38d7b3de0cbd878,1373bf3289262687cf4e388a8318d8d5,delivered,2018-08-22 07:28:08,2018-08-22 07:44:15,2018-08-22 14:55:00,2018-08-24 19:46:43,2018-09-06 00:00:00
4b16d0a302a6bd19d22825d08d17d973,112a0336c86d903ae81179c5894232c2,delivered,2017-05-13 11:44:27,2017-05-13 13:02:58,2017-05-17 14:22:13,2017-05-24 18:18:46,2017-06-02 00:00:00
cba44aa41766f6210b875f576a4241e4,bd4afb694357fe76ab8dbe8bd8fba61d,delivered,2018-07-16 18:10:36,2018-07-16 18:20:34,2018-07-17 14:55:00,2018-07-23 17:57:47,2018-08-01 00:00:00
0ba1afba0d7716b50cd8b5f3c7e4e638,4d0a3ab9510d745baf706ca6a6a453ef,delivered,2018-04-21 18:08:42,2018-04-24 19:08:41,2018-04-27 08:29:00,2018-05-23 20:13:40,2018-06-01 00:00:00
73a91d3091e63cef0eace2fbc0c96615,136937c785e7fa4fcff416d298215888,delivered,2018-03-06 22:32:01,2018-03-06 22:48:56,2018-03-21 18:51:21,2018-03-29 22:52:08,2018-04-10 00:00:00
0671b2e93cae091a55f24e5b33705550,47e3a2dc9ad4a1a3e07f89ec91a82170,delivered,2017-12-09 02:35:31,2017-12-12 03:55:36,2017-12-12 23:28:27,2017-12-20 18:40:20,2018-01-08 00:00:00
1d643b8cef95dfa4cf580061a62c6075,cdb1f6506ca30313b24766d993482ca8,delivered,2018-04-11 20:48:46,2018-04-11 21:09:42,2018-04-14 00:48:45,2018-04-18 21:50:59,2018-05-04 00:00:00
5cf2f1cfd8e622ef00a2e29b3cf971f0,30f851d3aa42ea5880019d1b5b8ce304,delivered,2018-02-15 23:09:23,2018-02-17 03:47:38,2018-02-19 19:12:55,2018-02-28 22:13:19,2018-03-12 00:00:00
d94486278633cac5f50e370851d24de6,d0615859a639a94c1fe472eba57d4a7c,delivered,2018-03-15 18:07:49,2018-03-15 18:28:40,2018-03-16 18:55:44,2018-03-19 16:52:07,2018-03-27 00:00:00
47ce198e173de34ed4c92187e82717ac,86940f0108edf822ebc008ea857d193b,delivered,2018-07-09 21:16:50,2018-07-09 21:25:22,2018-07-10 14:06:00,2018-07-11 16:41:08,2018-07-20 00:00:00
440e9f47085a2b746335a1dc25b8bba8,e72b07e2d16cff09d726649acbd12c1f,delivered,2017-11-24 11:38:13,2017-11-25 16:13:38,2017-11-28 16:21:49,2017-12-18 19:53:40,2017-12-20 00:00:00
cf5e18822d6c886902d93a7a709a8950,6dab5b2c63864d85dfbaf832f347f00f,delivered,2017-07-31 20:27:43,2017-07-31 21:05:21,2017-08-03 17:37:22,2017-08-08 22:24:44,2017-08-22 00:00:00
4d25e18ac18c41c5b22edfd17ecf8ae8,7147d53af4cee2254efd0c3f201ca1a1,delivered,2017-05-03 21:20:32,2017-05-03 21:30:17,2017-05-15 07:13:04,2017-05-18 14:03:54,2017-05-26 00:00:00
a7b99e52e5bf8862a3727ddafe014d03,0f3634092b8645824b6a6cf3468a163a,delivered,2017-11-24 01:29:43,2017-11-24 01:37:35,2017-11-29 18:22:10,2017-12-04 19:16:58,2017-12-14 00:00:00
a2c43042a0f72bd5959e4360b16b6730,752597d371963a01b4f6999eab0aba7e,delivered,2017-09-29 15:42:54,2017-09-29 15:56:22,2017-10-02 16:35:15,2017-10-16 13:44:38,2017-10-18 00:00:00
e5b1297afacdaf34c9b32c69a37bfa59,2754481372b222e0d551bbbdf15e0036,delivered,2017-08-27 14:07:04,2017-08-27 14:24:23,2017-08-28 20:50:02,2017-09-16 13:06:42,2017-09-21 00:00:00
3438253f6ad093b9a0051a04700d125f,a292a83e844f94fd579a662199ee9319,delivered,2017-07-25 20:13:09,2017-07-25 20:25:16,2017-07-26 21:57:40,2017-07-31 18:29:56,2017-08-16 00:00:00
1a4f3b996d84b463e4d60ba560d0dd94,62291404156da337649d7e99334fbb6e,delivered,2017-11-26 23:04:32,2017-11-28 03:32:07,2017-11-28 20:18:43,2017-12-18 17:51:53,2017-12-19 00:00:00
a3e866227b2e2569279dc36cbab3944b,0c292ba8f76828610bd7c666ffed392b,delivered,2018-01-29 00:39:25,2018-01-29 00:49:05,2018-01-30 14:57:16,2018-02-03 13:49:46,2018-02-20 00:00:00
aa7b6f133145a6afcfa5f103efd4d9df,866d25795145da1bac4d264d2abaf45b,delivered,2018-05-17 09:48:59,2018-05-17 11:31:50,2018-05-23 14:10:00,2018-06-08 16:50:12,2018-06-14 00:00:00
26a4c5b97bdf4e499a22334ea494e883,1acd80f827bb4f30d15edf43b2e05dc1,delivered,2017-07-31 19:14:08,2017-07-31 19:25:13,2017-08-01 18:22:17,2017-08-23 19:05:49,2017-08-22 00:00:00
432970feead980fb3f7e871ec7a45494,3b57fb5ff73b9928e6b1021f51b7d5be,delivered,2018-03-08 11:10:09,2018-03-09 02:35:28,2018-03-13 18:42:23,2018-03-24 19:10:53,2018-03-26 00:00:00
926c0265d29d0a2aeaa50df0a39851c8,f46d0fcacde3f22bdf77c8ed4e30c5ce,delivered,2018-06-03 20:42:44,2018-06-03 20:55:35,2018-06-05 08:45:00,2018-06-07 21:38:41,2018-06-28 00:00:00
e5ea36284ceebc6c0ee38a30f70e357a,35f09e03979308b23060cf03c2006373,delivered,2017-10-14 22:26:22,2017-10-14 22:35:24,2017-10-16 19:00:14,2017-10-19 20:34:47,2017-11-09 00:00:00
469e8e6e5a8946a3ba0e0835ae771e6b,288e976c94e837a29abe6b90418dcfef,delivered,2017-02-10 14:34:59,2017-02-10 14:45:23,2017-02-10 15:42:49,2017-02-16 18:33:59,2017-03-13 00:00:00
d6b77bc6a9aaaf549d60d3f5ae45fef7,2529bc44e8097e196ecd0ac108c6834d,delivered,2017-10-12 08:21:15,2017-10-12 08:28:11,2017-10-13 16:22:10,2017-10-21 18:05:30,2017-11-03 00:00:00
4f6e86f404fab64c41e4e17b71ae65e4,161dd77f282cd9103c317fb318674424,delivered,2018-08-15 21:22:53,2018-08-15 21:35:12,2018-08-16 14:47:00,2018-08-17 22:04:26,2018-09-14 00:00:00
961430048597ac74ad88e6aa0796df23,3aec84a5cdf2ccdb51b6eb15f1f438c9,delivered,2017-10-06 08:49:53,2017-10-06 09:07:15,2017-10-11 11:07:49,2017-10-18 21:54:55,2017-11-08 00:00:00
e9d2f8cb1275cfe37dd531ac43bcb2b9,0df0d96998ff63a976f5ef546accdc84,delivered,2018-07-03 14:25:07,2018-07-05 16:40:25,2018-07-05 10:24:00,2018-07-10 13:23:40,2018-08-03 00:00:00
ef1d282a121e2bee046bbab7f9f88331,1a8ee097c14bb88b04f6a66b4e966d21,delivered,2018-02-25 17:16:35,2018-02-25 17:30:29,2018-02-27 22:51:36,2018-03-19 14:03:55,2018-03-21 00:00:00
d3e3254f96576169e99f06290b8b9a07,e2ed41ef244cd9a72a748a9ddf6ff21c,delivered,2017-04-12 12:13:43,2017-04-13 13:05:08,2017-04-13 13:20:55,2017-04-19 10:46:37,2017-05-08 00:00:00
f39e2e45839475f6c0afc38589749f69,abf76aa21a6198821da8147c49803f47,delivered,2017-02-01 22:44:34,2017-02-01 22:55:16,2017-02-02 18:42:20,2017-02-07 16:58:33,2017-03-08 00:00:00
5ed4a711abeae54546aa870c4ca1df83,50a941fc51a3a9f527f340e481af250d,delivered,2018-03-12 22:30:47,2018-03-14 02:50:49,2018-03-20 18:26:24,2018-04-02 23:24:45,2018-04-06 00:00:00
c94ddd241e51ad691efa43aaee5b7f7d,c94c5dd9a5c1799b59a4c29a2ba4a87a,delivered,2017-07-19 08:37:27,2017-07-19 08:50:13,2017-07-20 16:22:05,2017-07-26 21:42:55,2017-08-11 00:00:00
81f0dd14eee4b51169dae95b267a199f,e453eba6874ae7976a4eb1eca4afd14a,delivered,2018-02-20 23:26:58,2018-02-20 23:47:26,2018-02-21 20:06:32,2018-03-02 22:23:33,2018-03-12 00:00:00
c22a588780963010739e299de0a9bf51,b400985b193841a8e9b087168b103e15,delivered,2017-05-18 12:59:40,2017-05-18 13:10:57,2017-05-18 13:29:17,2017-05-31 15:54:52,2017-06-09 00:00:00
b6af840e6199db586de5da4e646cce76,e10cc38ada4c34acd6ad1bb67df93953,delivered,2017-03-10 13:20:31,2017-03-10 13:20:31,2017-03-16 09:58:29,2017-03-27 11:51:55,2017-04-06 00:00:00
374a125372cffb30e8e2df55f8448da4,88de5fdb28af4bc887846a98e23f6e5b,delivered,2018-01-31 23:31:40,2018-02-02 02:55:44,2018-02-03 03:42:53,2018-02-06 16:52:18,2018-02-20 00:00:00
bf1bd9414a575d2bfa50f8d5c66fd161,cfd1a2cc48a14de5918e86a29e606406,delivered,2018-08-01 12:23:49,2018-08-01 13:20:20,2018-08-02 14:15:00,2018-08-20 19:17:13,2018-08-23 00:00:00
a90e65884b5ddd672fa889ed85cdf79f,be5cdc70fac60d87542a1e37ce3fa2d9,delivered,2018-08-09 18:09:53,2018-08-09 18:25:11,2018-08-10 13:05:00,2018-08-21 12:31:46,2018-09-05 00:00:00
7efcc78e753fc4f4bf1a4c52af34eeb9,dc92bb0592372c62b31cfbda4653c56f,delivered,2018-04-29 10:20:54,2018-04-29 10:35:16,2018-05-04 15:54:00,2018-05-08 20:46:50,2018-05-23 00:00:00
c73c7b94754de2363ea55ba35902321d,6c80407cbc3d1710a3abffea674cc1f4,delivered,2017-11-30 15:31:04,2017-12-01 11:30:58,2017-12-07 19:57:34,2017-12-19 14:28:05,2017-12-22 00:00:00
28bd3c7129e7181ef074c55bb147d6f9,572bbac327edfd6f4f7b44226c0bfb8d,delivered,2017-06-27 14:37:29,2017-06-27 14:50:24,2017-07-04 13:49:40,2017-07-18 22:27:33,2017-07-19 00:00:00
f64e2aff8ae7de23a6aaeb7b7dcf8bec,772c4f98240f0fd217f9ec388b2bfc89,delivered,2017-04-25 15:24:11,2017-04-25 15:36:04,2017-04-26 08:54:17,2017-05-06 12:14:53,2017-05-22 00:00:00
58c43e59cd24b301789382786fa841f2,9904f5a76e6579ef02a0e0a948f1073b,delivered,2018-03-11 17:44:34,2018-03-11 18:08:23,2018-03-12 22:36:33,2018-04-26 21:04:06,2018-04-16 00:00:00
fe5da8a231bcf8484cea27e428a39cc2,3415bcecd28a990138d5057e29138af1,delivered,2017-11-26 13:22:38,2017-11-26 13:31:35,2017-11-28 18:07:45,2017-12-21 22:18:02,2017-12-27 00:00:00
97d4fe1febafe8399c24e7f0640f1f5b,08c58fac6ff554f3e63b755b5644a7d8,delivered,2018-05-21 10:40:20,2018-05-21 15:32:16,2018-05-24 14:14:00,2018-05-28 23:56:26,2018-06-01 00:00:00
63769bd918e5619db29316bac51cc4e5,fd80fe1d9709f6dd159fc642a4f45bb9,delivered,2018-06-04 18:07:27,2018-06-05 04:12:37,2018-06-05 14:38:00,2018-06-06 18:32:56,2018-06-28 00:00:00
6e15b44afc42ba31c4eb67e967a3bf4b,1bee76a927995b16bc122faaa93899d2,delivered,2018-03-01 18:22:13,2018-03-03 02:50:37,2018-03-15 00:42:26,2018-03-29 20:35:13,2018-04-04 00:00:00
6b086fea124485708ba5b82b44b76119,b479b903bae1c3a6c9d5c541352c10e9,delivered,2018-02-26 18:21:39,2018-02-26 18:35:35,2018-02-28 01:12:55,2018-03-02 20:09:18,2018-03-16 00:00:00
7a4249e5c392d712ca2fc053a70c442f,5b171f8468e94098ac4efb1625aae760,delivered,2018-03-23 09:42:52,2018-03-23 09:55:33,2018-03-26 16:58:55,2018-03-27 11:42:56,2018-04-05 00:00:00
3e1932d12fea3c82f976273812475645,40228a7f6bb0be18565a2da05351cfb4,delivered,2017-10-02 14:18:49,2017-10-04 03:03:58,2017-10-04 20:12:21,2017-10-06 21:24:43,2017-10-18 00:00:00
98090e4030b82dcf1d53e4b3557071ea,b0cef3a2a5a906f037086d9887793a27,delivered,2018-03-01 20:06:08,2018-03-01 20:29:15,2018-03-06 18:49:05,2018-03-13 21:44:31,2018-04-11 00:00:00
4072fb31a37a095cf5c6efcc068d4f5b,4d5d221f42822e2d35af67da7b2ebb88,delivered,2017-11-25 16:09:19,2017-11-25 16:17:22,2017-11-29 21:12:26,2017-12-18 22:10:38,2017-12-28 00:00:00
5c19570470dcab18cd18b1cd390c042c,874211fffa941800228fb197bc411ef1,delivered,2017-08-28 13:49:55,2017-08-28 14:04:52,2017-08-29 19:40:06,2017-08-31 21:07:47,2017-09-19 00:00:00
f7b7cd620fccb9f2041e9f3b569d49e0,54eb89ff2fe76545bc7f3f61ed18af52,delivered,2017-10-16 01:17:13,2017-10-16 01:28:21,2017-10-16 20:58:49,2017-10-23 22:52:21,2017-11-06 00:00:00
c4f78575643f2f35c117ade8521fc9bf,5b536bd453932eaeb114ea0bb8baf5ec,delivered,2017-05-08 08:30:29,2017-05-09 15:22:24,2017-05-12 14:06:33,2017-05-24 16:03:59,2017-06-05 00:00:00
1ac18d97e1b6b6735f1c5ff4f4757380,7f6dac815cfedce002223f96e81506ca,delivered,2017-11-13 23:10:55,2017-11-13 23:31:12,2017-11-17 20:09:16,2017-11-22 22:04:45,2017-12-01 00:00:00
e996c39018a2d8a9e46fbbbbb10ee3a7,fe3fe44146243711a4f5eabc7e65b6dc,delivered,2018-01-20 18:15:12,2018-01-20 18:31:08,2018-01-22 22:38:42,2018-01-30 19:56:23,2018-02-14 00:00:00
b497a58303bca7160ad663bd22cea268,9f007da472be12e0c1b223a9320805f9,delivered,2017-06-09 13:25:52,2017-06-09 14:30:16,2017-06-12 13:08:20,2017-06-19 19:41:47,2017-07-10 00:00:00
8daaa56188fbcc1390ce4d2292f614a6,e09de253ec11697c31967f68cb41b100,delivered,2017-07-25 12:59:39,2017-07-26 13:02:54,2017-07-28 15:34:00,2017-08-02 20:12:05,2017-08-22 00:00:00
81e729c96d2b8301d0c537f50c00dabb,02a307e718d16f6dd85c4d15c935c11d,delivered,2017-05-23 21:51:54,2017-05-23 22:05:07,2017-05-24 15:53:13,2017-06-12 06:11:55,2017-06-27 00:00:00
b4dc5c3ea28c7836755af87d3d253d68,2a5cc521188a04e72cae8f7115680f18,delivered,2017-08-02 08:12:10,2017-08-02 08:25:14,2017-08-10 19:03:19,2017-08-21 20:51:39,2017-08-30 00:00:00
16bcafd500d4d2303b76bb9d95a1c5d0,357a476fc6c861df26d0765b758c0bd7,delivered,2018-03-20 21:15:50,2018-03-20 21:28:31,2018-03-21 19:32:18,2018-03-29 22:03:44,2018-04-06 00:00:00
dbd4175cab44d4d8c6d185418c00e0f1,ecc832f479b5a163b2216a3a53ede933,delivered,2018-04-15 12:47:36,2018-04-15 13:10:23,2018-04-18 18:36:29,2018-04-27 18:51:59,2018-05-16 00:00:00
2fc528da1a706c355f00172b33bf7a1d,091f8a46596e5e19c071bbe12abd1ca6,delivered,2018-01-12 12:47:34,2018-01-12 12:54:52,2018-01-13 01:19:28,2018-01-23 18:28:59,2018-02-01 00:00:00
f8b990617b1af31bd9e7a3d70f8dafc5,ad9ad1bbc3ec168f6d7e7e5637788fc3,delivered,2018-07-27 16:31:12,2018-07-27 16:45:20,2018-08-03 14:57:00,2018-08-09 21:04:37,2018-08-23 00:00:00
b9f2b2423c61aa201a499e191534af79,89030dfae02f74f589085b54f056b49b,delivered,2017-03-06 22:56:51,2017-03-06 23:05:19,2017-03-10 11:17:26,2017-03-17 14:58:02,2017-03-27 00:00:00
61eedf8710394769412bccced6288fff,d37fd6fd3173334ae9deee9569212ced,delivered,2018-08-20 09:45:10,2018-08-20 14:52:58,2018-08-21 15:37:00,2018-08-27 17:16:52,2018-09-04 00:00:00
04b7bd5687bbcc2087d9af68fe7302b3,e25fd5064e602530991d1f6482e642f1,delivered,2018-03-24 03:39:41,2018-03-27 03:49:31,2018-03-27 19:12:36,2018-04-05 18:36:36,2018-04-12 00:00:00
8ee64ebf7fd7699c94078e53d92ab768,da521c20bb48e350b57493d2810c4d02,delivered,2018-08-12 13:26:21,2018-08-12 13:35:13,2018-08-13 12:13:00,2018-08-17 18:42:40,2018-09-03 00:00:00
b30eea47fa98c4b4712937752378c0e5,aa1181aaabc8acc0efe84c07481fe71a,delivered,2017-04-22 20:02:16,2017-04-22 20:10:16,2017-04-27 04:51:30,2017-05-25 09:07:45,2017-05-23 00:00:00
1544c3a5e5f00c3c65b8a7d5b83d7b04,d8b42bf21d875e32af8eb647fffaa81a,delivered,2017-11-02 14:14:52,2017-11-02 14:25:42,2017-11-06 22:22:39,2017-11-10 21:48:26,2017-11-29 00:00:00
b5b967cc29ff5ce57bb11ffd9c2e9101,fe00a52c6e20dd4cd53891d93b363977,delivered,2018-03-01 00:00:37,2018-03-01 00:10:25,2018-03-07 00:33:54,2018-03-14 12:52:28,2018-03-22 00:00:00
437ad5a02525073e622a0752d52e8e19,9416442098a63db64793060ee56cc87f,delivered,2018-04-17 19:04:41,2018-04-17 19:15:17,2018-04-18 19:04:44,2018-04-26 02:12:07,2018-05-15 00:00:00
eeb07aa24e72e434c3a2617822832059,1bf1636f4db4a1a50f5d351f61ca2081,delivered,2018-01-11 07:27:07,2018-01-11 07:55:23,2018-01-12 14:28:11,2018-01-22 13:18:56,2018-02-06 00:00:00
81342024c8d07f66fa2852d3c8d9b890,10127aba366db1abba5a47e89c03df66,delivered,2018-08-07 18:58:53,2018-08-07 19:24:55,2018-08-27 11:44:00,2018-08-28 12:12:41,2018-08-31 00:00:00
a1e6a1eeef79fc64be1040e5ac6d3119,6cfeaded31c296bc1201f7cb08c4c83b,delivered,2018-08-06 12:08:46,2018-08-06 12:24:28,2018-08-14 11:41:00,2018-08-22 00:43:48,2018-08-10 00:00:00
7989909fb944b3db9b477b3294d25a28,b520ab4e682199a81dd24fe3d2f23755,delivered,2017-12-27 14:00:06,2017-12-27 14:08:20,2017-12-27 23:07:05,2018-01-04 16:40:37,2018-01-23 00:00:00
b899e470532d1245c5f85d3cfd42d404,ff758e6466f097d3daf5352495a0f928,delivered,2017-04-24 14:44:47,2017-04-24 14:55:18,2017-04-25 18:52:40,2017-05-18 08:59:49,2017-05-11 00:00:00
629ee34cec78dd55cfc4ed143cac2c11,5673a31a353a82920434665127feddb2,delivered,2017-08-18 17:09:31,2017-08-18 17:36:45,2017-08-22 17:38:32,2017-08-25 20:48:54,2017-09-08 00:00:00
3a4b013e014723cc38c9faa8ffdc6387,e7c905bf4bb13543e8df947af4f3d9e9,delivered,2018-04-09 11:32:37,2018-04-10 07:35:20,2018-04-11 17:51:47,2018-04-13 02:06:43,2018-04-24 00:00:00
61c0464172a9cd2c41d0e408b1dbae98,938b341e7c2f5edeb2de330605bb3e9b,delivered,2017-02-13 08:10:34,2017-02-14 04:10:22,2017-02-14 11:05:45,2017-02-20 12:53:54,2017-03-14 00:00:00
f27ef7407696d146fa7001185d6515c2,7ca5d77901640418f5f1c4cac9489d2d,delivered,2017-11-30 21:21:32,2017-12-01 10:31:17,2017-12-07 21:07:40,2017-12-18 17:29:03,2017-12-22 00:00:00
bd7f8a8a67a2c07406735945fc28b4c7,7faf9c260f51ec1b1e441defba82da35,delivered,2018-06-19 14:30:10,2018-06-19 14:57:22,2018-06-20 14:21:00,2018-06-21 18:41:42,2018-07-03 00:00:00
b41e372c4fbebabe98c8f611039981f3,fe4d271b21fbbb8811097b6e1985193e,delivered,2017-03-22 07:58:24,2017-03-22 07:58:24,2017-03-27 12:24:23,2017-04-05 06:13:11,2017-04-10 00:00:00
16725237f8f6e32f876dfeca7624063f,0971e7340c57e772a442f0f319161c7a,delivered,2018-07-23 17:14:32,2018-07-23 17:25:35,2018-07-31 18:53:00,2018-08-03 19:35:45,2018-08-10 00:00:00
a79af87b8a7a623374f879412adc351e,94e6eb73f0774b8be5f3f7aa3587b5f1,delivered,2018-08-03 21:38:15,2018-08-03 21:50:11,2018-08-06 10:28:00,2018-08-08 19:42:14,2018-08-10 00:00:00
9ccfe5d0484872e6df585a289fc12206,4889ca3aa8a3294c66400909597bc40b,delivered,2017-07-14 07:27:33,2017-07-14 07:35:12,2017-07-14 20:21:22,2017-07-20 17:17:52,2017-08-03 00:00:00
8d34f2fdac1faf9db254624c34f20c00,0cbaa090831f2717efb0aea6ade6c312,delivered,2017-08-20 19:26:12,2017-08-22 04:05:32,2017-08-29 10:46:12,2017-09-05 16:42:32,2017-09-21 00:00:00
27cf3bc7a008cb9eb712e4db141d25a2,01fb8712cdee539fb967502da4217019,delivered,2017-11-24 00:18:30,2017-11-24 12:56:29,2017-11-28 22:24:35,2017-12-18 11:58:37,2017-12-14 00:00:00
380886e93bc686d76d710cff9c36ebe3,9eaccb0d6f9e15e40ee4e61937c03f60,delivered,2018-02-12 11:37:57,2018-02-12 11:48:16,2018-02-16 01:26:54,2018-02-19 17:13:02,2018-02-26 00:00:00
8f28f92f45566ee07cb2825ff5bea311,bb75bfdea51d71f445b6ac9939721d18,delivered,2018-03-11 10:54:51,2018-03-11 11:29:37,2018-03-12 22:48:43,2018-04-03 21:29:05,2018-04-12 00:00:00
e37de8ebd6b9572f9265b56ea828b645,9b0c38b8264043a5c4bc51a6fabb20a5,delivered,2017-09-26 12:50:55,2017-09-27 02:56:23,2017-10-02 20:33:28,2017-10-09 17:52:40,2017-10-26 00:00:00
fd553da7e8c2b075f67da11e409e55ca,395eee18a2ada8f9ec21db739527776b,delivered,2018-07-30 09:14:26,2018-07-30 09:25:09,2018-07-30 11:14:00,2018-08-07 00:12:37,2018-08-14 00:00:00
26e151776de74222baf9cf13a8ef9b74,9ba6c878e925f4497d95550768c308d0,delivered,2017-04-20 10:14:27,2017-04-21 10:21:55,2017-04-24 17:37:43,2017-05-12 16:57:54,2017-05-12 00:00:00
c93ff60dbb02e26f340bbca4b680435a,be5d03aa240b103b91caa3e34ad71b27,delivered,2018-07-06 20:53:55,2018-07-06 21:11:29,2018-07-13 13:38:00,2018-07-25 16:02:44,2018-08-06 00:00:00
5d7f7d203683b4e7dda40d75e1c4634d,14fff6742eb1a4347df2c4db8916fb8e,delivered,2018-05-16 17:23:44,2018-05-18 01:17:39,2018-05-21 19:15:00,2018-06-06 16:55:43,2018-06-12 00:00:00
f71786d492e3575ce6af4785508e1846,0b174050b751d2fad395123bd2a23568,delivered,2018-05-30 10:21:46,2018-05-30 10:30:23,2018-05-30 14:52:00,2018-06-11 14:42:32,2018-07-17 00:00:00
b17ba1dc20f88334dd3f083464221a18,edc5de205c637b4420f181f097660d6d,delivered,2018-06-02 14:40:16,2018-06-02 14:51:53,2018-06-04 13:16:00,2018-06-11 15:32:40,2018-07-19 00:00:00
b3f61a24a3f72625e4c6365e5f9e29a3,5a45b62097021e8329b56d929aa1b6fc,delivered,2017-10-12 15:21:57,2017-10-12 15:35:13,2017-10-13 16:33:39,2017-10-24 18:29:43,2017-11-03 00:00:00
85c86d629e3c5e477f457be9db748d3b,e9c7d222316ca2c78cbf05d83c1e9fa0,delivered,2017-07-01 10:07:41,2017-07-04 04:44:36,2017-07-05 08:51:48,2017-07-10 17:32:16,2017-07-25 00:00:00
23a8531948bc865dee9fcdbacea311eb,7ade565c3bb52b8592eb087a92d7b04d,delivered,2017-07-03 19:56:21,2017-07-03 20:05:47,2017-07-07 18:56:33,2017-07-14 21:53:53,2017-07-21 00:00:00
49ac83265a3a9d7d492eb5e1909b485a,c47a4cc40c4b8ca461432c5eef3b7fef,delivered,2018-07-14 16:05:34,2018-07-14 16:24:02,2018-07-27 14:26:00,2018-08-02 13:31:33,2018-08-09 00:00:00
caa6045d366628b2fe9115e7e99bd399,48b49f082affdb9609558fa72a44f38d,delivered,2017-12-07 15:06:16,2017-12-07 15:43:11,2017-12-14 14:33:14,2017-12-27 16:07:45,2018-01-02 00:00:00
deafd5190946c25dcce1974055abb693,2b7ebe86910fa1edb06eced4888bf7b2,delivered,2017-06-28 21:03:27,2017-06-30 03:15:27,2017-07-17 14:22:30,2017-07-21 15:42:28,2017-08-01 00:00:00
327c17fe3bf926f72f592503b52e3b5a,b9c84df370dea836ec452ed49cca4c78,delivered,2018-01-07 23:42:15,2018-01-07 23:53:40,2018-01-08 21:27:00,2018-01-26 18:58:59,2018-01-31 00:00:00
4bfcba9e084f46c8e3cb49b0fa6e6159,de832e8dbb1f588a47013e53feaa67cc,delivered,2017-05-29 14:06:33,2017-05-29 14:25:14,2017-05-30 09:25:02,2017-06-01 15:34:09,2017-06-09 00:00:00
bf0448def08e9657c8f990eea9bc4057,030eadebe042e915dc4d1fd5abcfe620,delivered,2018-01-03 20:20:16,2018-01-03 20:28:22,2018-01-04 18:32:41,2018-01-10 15:58:07,2018-01-29 00:00:00
12656ffa174ee7dd1434940b8e538f32,fd33257e245d8ffd4281adc1ffd97f88,delivered,2018-03-27 14:02:04,2018-03-27 14:10:21,2018-03-28 23:03:40,2018-04-02 14:32:43,2018-04-09 00:00:00
9ddf6157726c9d957999c8316a03a9ff,7448298ba99e8e8ad697f7deb8514823,delivered,2018-01-29 08:40:57,2018-01-29 08:50:38,2018-01-29 18:29:04,2018-02-06 20:22:35,2018-02-23 00:00:00
3066824e203de546e458d51386ea14ce,7957a69663528d350746c7958f85ed40,delivered,2017-07-14 11:44:59,2017-07-14 12:04:42,2017-07-14 20:55:56,2017-07-17 20:21:23,2017-08-03 00:00:00
71db292c69a2bff7186b705046336c61,003bdf7fd8312f9d14a4b979f3747334,delivered,2017-11-28 15:39:53,2017-11-28 16:02:38,2017-12-04 18:14:02,2017-12-06 23:52:58,2017-12-12 00:00:00
0c855b2afa3ba71dbaaf066c4fd83518,e57ad40af961e5012b7c863a582d16db,delivered,2017-06-14 13:52:42,2017-06-14 14:05:27,2017-06-16 17:22:46,2017-06-19 19:51:59,2017-07-07 00:00:00
4b37d81b92f6cc32e5225cec78244917,29518e434acca8cb6ea052cab056bc87,delivered,2018-04-25 11:37:41,2018-04-25 11:52:23,2018-04-26 08:51:00,2018-05-10 14:09:44,2018-05-22 00:00:00
e39d427402fa3f754c7fd38ceb788901,657332c1833706577d91fd90ac02d9e5,delivered,2018-02-07 21:49:12,2018-02-07 21:55:33,2018-02-08 23:04:18,2018-02-14 22:09:25,2018-03-19 00:00:00
0cc4a0e7b03976348e97bf0721a96376,aab107994b53982ce98d1b528a33fbdf,delivered,2017-12-03 22:24:30,2017-12-05 04:13:22,2017-12-07 13:42:25,2017-12-22 15:36:32,2018-01-09 00:00:00
d1a2f198bf6d06a0c46f0a5cc53f1984,2aa68f32b3abedf8ec5c24887379176e,delivered,2017-05-20 15:46:52,2017-05-21 15:55:18,2017-05-24 07:22:08,2017-06-02 10:43:11,2017-06-23 00:00:00
fae621cb5d9e146a2656da4f1afe39cc,1c83c1bbfcb7c9a94758326c300cd2b7,delivered,2018-04-19 20:12:45,2018-04-19 20:30:36,2018-04-24 18:57:46,2018-05-21 21:08:52,2018-06-21 00:00:00
0c63a4c9a17deeff24d65bec51f3a5ec,a23a0e710e605ff1704284b0152e0bfc,delivered,2017-09-30 21:44:37,2017-09-30 21:56:14,2017-10-02 17:43:39,2017-10-06 19:13:43,2017-10-27 00:00:00
8a4278a33a74f05e4d79f18b826a0c6f,b40aee25a6be204c9446155039256160,delivered,2017-06-25 16:07:00,2017-06-25 16:22:51,2017-06-27 16:03:49,2017-07-07 16:31:59,2017-07-28 00:00:00
f79a31ab5cdfb67808fb8e27005ffa52,e5e5ed68f5e3c9e8153910bf408b75d5,delivered,2018-04-19 14:45:52,2018-04-24 18:28:09,2018-04-23 17:33:01,2018-04-30 22:08:53,2018-05-17 00:00:00
23922a8d5cf1517d181d87c134bdb162,50be8a052d526baa0d515eea26a5a6cf,delivered,2017-09-14 10:22:06,2017-09-14 10:30:28,2017-09-18 22:27:28,2017-09-26 18:38:10,2017-10-05 00:00:00
e300c76076c4b56031abe6f3ff54817f,58e41ee664edb6b56cfa39832d76d01e,delivered,2018-08-15 10:59:22,2018-08-15 11:24:10,2018-08-15 10:27:00,2018-08-21 17:21:15,2018-08-29 00:00:00
5b7906a5a90957b0020ae90b2d7caf1b,e906d6e3253ba71fca26df0314356f9a,delivered,2017-12-06 17:02:24,2017-12-08 02:54:14,2017-12-08 16:24:52,2017-12-12 15:33:17,2017-12-29 00:00:00
015ed18d7ea7ca5c14f3c1decc55daf1,4eca2e495967922f24cbc0600040e006,delivered,2018-05-24 12:31:24,2018-05-24 12:59:20,2018-05-25 10:33:00,2018-05-28 12:17:39,2018-06-11 00:00:00
b1f84046464711e8064cd70d5232d104,1fe28ea440ef6c1bc8c0628dd6de9cf2,delivered,2018-08-02 19:56:42,2018-08-02 20:31:02,2018-08-03 11:58:00,2018-08-08 00:32:29,2018-08-16 00:00:00
363b0ca1f6415ac4da76eb3a3d91f191,ade86093a862018edad215097f99684e,delivered,2017-06-14 15:07:29,2017-06-14 15:23:02,2017-06-26 11:48:05,2017-07-10 13:28:35,2017-07-17 00:00:00
3f913d30288c117e41ffe5cc74743dc9,7aae6b74d7e0a2a11051bf8a16e16021,shipped,2016-10-05 14:36:55,2016-10-06 15:53:06,2016-10-15 12:24:42,,2016-11-29 00:00:00
84a53c98bbfbafdea72e38df644d94aa,938b039aef166fd68d32f4c69045d61f,delivered,2018-05-03 18:36:10,2018-05-05 02:35:13,2018-05-14 11:02:00,2018-05-21 16:28:32,2018-06-11 00:00:00
6f078a846f0427e42e068e545b56efdf,5330499077787fb311af2c16a223db74,delivered,2018-07-24 09:31:31,2018-07-24 11:24:08,2018-07-25 13:51:00,2018-07-30 16:32:04,2018-08-13 00:00:00
0f463923e58ae2578bc70e3083b98e93,45f03f88bd8f121c974acbc79549be7c,delivered,2017-03-22 11:05:06,2017-03-22 11:05:06,2017-03-22 13:58:46,2017-03-29 16:18:31,2017-04-19 00:00:00
a23f721497b1d681e6408ab48c1cf387,f9ab13c4ce6bd348989081ccc9e71dfe,delivered,2017-12-11 22:11:37,2017-12-11 23:36:02,2017-12-13 01:51:46,2018-01-16 20:21:48,2018-01-05 00:00:00
fdee82051bea952f280e8f81b6e64f82,3bab4e7cd9fd72391f090911718978d2,delivered,2018-03-01 17:08:39,2018-03-03 02:49:30,2018-03-06 19:46:37,2018-03-21 17:05:26,2018-03-27 00:00:00
1e6add8e062fefaf389db3e1006dde0c,39144fb38c7c1813255d6b2a8bbc4d3c,delivered,2018-03-13 12:38:05,2018-03-13 13:20:24,2018-03-15 20:16:28,2018-03-19 20:03:29,2018-04-09 00:00:00
4a9aa52753aac6caa45637771c96ace4,525ce41b05a0e5719c563be182ed6724,delivered,2018-01-12 23:53:36,2018-01-13 00:50:54,2018-01-16 23:56:06,2018-01-23 15:18:37,2018-02-19 00:00:00
e62d530c9b5d79b0b222e5a4542d71be,b323dd4451f8a811f505bd4c597bd181,delivered,2018-06-11 15:24:27,2018-06-11 15:39:08,2018-06-12 15:05:00,2018-06-13 19:54:39,2018-06-20 00:00:00
55d9bfb1379b4c4821e91dfebac30e32,cf20029cd3db41625d74f3dc55686f4e,delivered,2018-01-04 10:22:43,2018-01-04 10:30:24,2018-01-08 12:23:17,2018-01-09 14:40:06,2018-01-29 00:00:00
058a48943f3034afea88ff56b960dfdb,ae42f7bb2b7fd41673207c4a4903b919,delivered,2017-11-02 17:25:13,2017-11-02 17:35:35,2017-11-07 15:54:58,2017-11-28 17:41:41,2017-11-29 00:00:00
d2724b0b7b8d7bbfa7d11f7415f5c551,d96e32c8a22d9ec0fe5f43b316a2a197,delivered,2017-11-25 20:53:51,2017-11-25 21:55:40,2017-12-15 18:07:57,2017-12-28 13:41:53,2017-12-20 00:00:00
27a530fa8ac219ee1e453ccc7c575a07,5e90487009d584be45aa8a4083650aae,delivered,2017-12-15 22:23:41,2017-12-15 22:36:31,2017-12-18 20:03:47,2017-12-29 18:58:52,2018-01-15 00:00:00
638dd0cfabf15189b7ce42b077f9fb9d,220963a1244c1ee4f82c79a60e1a5fa8,delivered,2017-10-12 17:03:36,2017-10-12 17:15:40,2017-10-13 22:45:58,2017-10-18 18:48:35,2017-11-01 00:00:00
ad443a68e64f21acbda949c91bbe9aff,554f93da437c4a70aed87dbd4f3dbe0f,delivered,2017-10-08 21:42:48,2017-10-08 21:56:21,2017-10-13 19:52:47,2017-10-20 20:48:34,2017-11-08 00:00:00
9c2cd65f37fcbe73d562581e5d53577b,151bf07dad039772c952a5d540461755,delivered,2017-06-30 00:55:57,2017-06-30 01:05:08,2017-07-01 04:19:53,2017-07-10 21:04:13,2017-07-28 00:00:00
fbf352b18a26c6a86a53cca922facd25,ddf7f01125cf17e84de173d4d8112035,delivered,2018-01-28 20:42:29,2018-01-28 20:52:22,2018-02-08 14:33:53,2018-02-15 13:55:20,2018-03-09 00:00:00
24c30ddeb5a4b85a61bbb58b9e3d66c9,b73c72519bfcc61f91836d7a67ef40d5,canceled,2018-08-07 16:57:23,2018-08-09 03:35:18,,,2018-08-20 00:00:00
40276598768326cdd5ae39038037434f,6bed5f3eb94ab029e369ec0cc3a32037,delivered,2018-07-20 08:57:39,2018-07-24 11:32:40,2018-07-24 15:27:00,2018-07-30 20:02:48,2018-08-10 00:00:00
8eb24f96b8213d619ec9940e7f8d8ffd,531ba0f912c20561b75865af5386b538,delivered,2018-08-20 08:25:59,2018-08-21 04:29:32,2018-08-22 15:36:00,2018-08-28 19:16:40,2018-08-30 00:00:00
110f23195a2ddb2ccaad30b37bfacbbf,150143ea3d26900ada875ff4ca7950a4,delivered,2017-12-01 16:34:59,2017-12-01 16:49:31,2017-12-08 21:28:46,2017-12-26 19:34:24,2018-01-03 00:00:00
5a0338c421599254813c9ab9d9c3dc2f,5d0a0ccfb50f5dd07398cfae09297925,delivered,2017-04-24 22:02:11,2017-04-24 22:15:20,2017-04-27 11:24:46,2017-05-03 15:46:23,2017-05-17 00:00:00
52f795c33d266ff75e0f1b1738caf2f0,ab388c4334590b87f33f5c372d87ec15,delivered,2017-09-01 14:40:07,2017-09-01 14:50:22,2017-09-04 21:12:00,2017-09-11 20:14:48,2017-09-21 00:00:00
542ff6bc27af2bc961c692ce0197fbbe,a191aa08b2695276ec71b4e2aa37215c,delivered,2017-03-26 12:13:51,2017-03-26 13:06:21,2017-03-27 08:22:37,2017-04-13 18:22:00,2017-05-04 00:00:00
7f4eea789244d8b7281f619104c82bca,61c9573dec61bde3d187a5bc5ce3c1f3,delivered,2018-07-21 14:30:40,2018-07-24 11:33:03,2018-07-24 16:22:00,2018-07-27 19:37:53,2018-08-01 00:00:00
69cfce9a67acc391a46d138195d70ffb,987e4a7241ef9b2439140b3a97efec04,delivered,2018-01-10 18:02:56,2018-01-10 18:13:35,2018-01-12 15:11:34,2018-01-13 14:52:49,2018-01-29 00:00:00
c51b35954aa4164be11e5568091b9b67,88b21177ca07862c2dcf408ea35fc8a9,delivered,2017-11-13 21:21:26,2017-11-15 02:51:05,2017-11-17 19:33:16,2017-11-25 14:43:30,2017-12-01 00:00:00
2025b5bad835a500f8422436e24bd78f,1677712a7d16c75d46e54b6c5c9218b1,processing,2017-02-22 09:59:09,2017-02-22 10:05:51,,,2017-03-27 00:00:00
6fe3cca762774a4e0e4e75467b4651e6,7969cf61f33d9ffc12386debfb42c2c1,delivered,2018-08-04 12:42:39,2018-08-07 04:30:17,2018-08-10 14:56:00,2018-08-14 16:24:43,2018-08-13 00:00:00
5bf8cdf4243a8b1c0eda74df41204260,45b1404b9999ab649e8b026fa88b5c07,delivered,2017-11-14 22:19:55,2017-11-14 22:30:25,2017-11-16 13:18:59,2017-12-23 15:19:15,2017-12-12 00:00:00
692fd4925e0a7e3c946566b4626f0f75,006b5498d9494c061f8c2f80a6c2f343,delivered,2018-06-10 14:25:35,2018-06-10 14:56:50,2018-06-11 07:51:00,2018-06-18 11:05:20,2018-07-11 00:00:00
3627f028b51748649d9f8e36ca465131,3a40eddce1165895c36fd061a525e443,delivered,2017-08-27 22:46:05,2017-08-27 22:55:16,2017-08-28 19:52:31,2017-08-30 20:00:14,2017-09-08 00:00:00
50416a6ca6208fb73d89725949591dbb,fde6dcf6c2599f15ce2847cd32677883,delivered,2017-12-04 19:22:50,2017-12-04 19:33:23,2017-12-05 18:54:29,2017-12-18 18:27:11,2017-12-29 00:00:00
31a9ca81d056ac824459a57e784fcfe6,c4ed2755f23f173426fcc47decf4ebdc,delivered,2018-06-03 01:51:37,2018-06-04 09:29:59,2018-06-05 05:40:00,2018-06-12 22:28:50,2018-07-05 00:00:00
b21c9bac60c92e8b6ba770accf270445,49458e71378c6be16ff3b21b6e83676c,delivered,2018-03-01 13:15:46,2018-03-01 13:30:32,2018-03-03 16:52:08,2018-03-19 13:58:46,2018-03-22 00:00:00
ae00ce5e73025df933f11dcb23c27104,8e870498ca6259ff0bf31c720b9f8687,delivered,2017-06-27 11:29:25,2017-06-27 12:24:05,2017-06-27 15:42:12,2017-06-29 13:24:11,2017-07-10 00:00:00
c10f283ced7431fdfdcc159b12344b11,eab8d39b5241abcb22eebeca69547491,delivered,2018-06-12 20:26:38,2018-06-13 20:39:47,2018-06-14 14:41:00,2018-06-18 15:28:55,2018-06-29 00:00:00
8291cbcef6e19c8a7926f95f5e38c6e2,bd0f57c02559be896fb70c75cb41b70c,delivered,2018-02-16 15:49:08,2018-02-16 16:07:08,2018-02-17 01:14:23,2018-03-12 17:48:50,2018-03-19 00:00:00
7e4ac7e51f277ac8bd918f82063b20d8,c43d980ae6e52210ecdbfcf8e763f267,delivered,2017-06-14 14:26:11,2017-06-14 14:42:51,2017-06-16 07:29:48,2017-06-23 11:19:39,2017-07-07 00:00:00
d13d925b4c366eb57388fbf0a99db1da,6ec53a01c735a94d14637d30fd68ca37,delivered,2017-10-10 23:24:10,2017-10-10 23:35:38,2017-10-11 18:56:04,2017-10-17 17:36:06,2017-10-27 00:00:00
60902f64bb98d5d9911ee0c48ad5008b,994cace97b0f7461dd1b9912f0714560,delivered,2018-04-04 17:32:19,2018-04-04 17:50:29,2018-04-05 19:08:43,2018-04-11 20:07:52,2018-04-26 00:00:00
e641b9f6a659a79390e82e48859707dd,bd2a328b9b4edaf2c99ac219ebd7366e,delivered,2018-02-01 11:37:43,2018-02-02 02:54:05,2018-02-05 12:27:13,2018-02-10 18:01:09,2018-03-07 00:00:00
36eff6fb1038c819d2f3fcbdbbc36df1,9de809b5f4fea7d2cbdd1956eac4d7ae,delivered,2018-05-07 09:12:14,2018-05-07 16:55:38,2018-05-08 15:21:00,2018-05-16 22:28:42,2018-05-29 00:00:00
09b8d47d2f753e1c1ee4da43e4429ff5,903f32aafd0c0b8f44467b505107d153,delivered,2018-07-28 17:56:15,2018-07-28 18:10:12,2018-07-30 12:49:00,2018-08-06 22:28:41,2018-08-20 00:00:00
2aaab7e991347226dbda1f61c6785f88,55c72a24117236fa6e1e89bb2b4a02e0,canceled,2018-07-25 13:57:52,2018-07-25 15:10:12,,,2018-08-10 00:00:00
336ed4e4f5edad73028eb4fd741e804b,1e33911f485f93fae7ebf9f9f26c54bc,delivered,2018-02-10 20:54:34,2018-02-10 21:35:21,2018-02-16 23:03:27,2018-02-19 16:17:06,2018-02-26 00:00:00
2d0d62c817b4a3bd553edad144cb23b9,00cf7bb323cf933b841728576c4de744,delivered,2018-04-19 22:20:46,2018-04-20 08:10:27,2018-04-24 23:18:37,2018-05-03 16:40:52,2018-05-17 00:00:00
328ae377ef041759aacefa4eee149cdc,a829ee384e09cfdd79757cdc48e4acff,delivered,2018-08-01 13:52:54,2018-08-03 03:30:33,2018-08-16 12:45:00,2018-08-20 20:44:54,2018-08-15 00:00:00
0070092bb6004faafa287e5fc35971e9,399d1e628c48b7c3b6389098be566cfd,delivered,2017-07-25 11:42:58,2017-07-25 11:55:24,2017-07-26 10:47:53,2017-07-27 21:34:24,2017-08-14 00:00:00
13029a6f70b0aa74acea8a239d7d1d6f,a645d9d4502ba3178fca0a3cec9aefd8,delivered,2017-11-30 11:08:27,2017-11-30 12:12:17,2017-12-01 18:11:52,2017-12-29 18:29:58,2017-12-27 00:00:00
324f3c3352916cbfee179bcbae1e8ce5,0949ec89804801eea30b31f63f49e2ee,delivered,2018-06-03 19:28:54,2018-06-03 19:52:03,2018-06-04 14:13:00,2018-06-07 00:38:23,2018-07-12 00:00:00
543933b39ebd50e13884fca2829ccdf8,731bc8cd3f20efa7d59c2db944bb8b4d,delivered,2018-03-02 14:18:51,2018-03-02 15:00:29,2018-03-03 00:14:38,2018-03-09 21:04:32,2018-03-20 00:00:00
6a1b1c85cb88090b0bc406c8a6fd8965,8bd636e3f2f38a8842f3d2cb1f68e5e5,delivered,2017-07-28 11:56:39,2017-07-29 02:25:46,2017-07-31 18:52:33,2017-08-02 19:06:53,2017-08-18 00:00:00
0de15ac1caf4268ed3340cf0473c1d16,8fdcae8f8a678afc8f8303c84428d22d,delivered,2017-09-03 13:17:38,2017-09-04 13:25:25,2017-09-04 21:08:43,2017-09-12 21:32:17,2017-09-25 00:00:00
893a5dc3f4f76c2168a2e14be5671e1d,938a4f7cae49e83663e253ce618d8e92,delivered,2017-11-24 13:14:41,2017-11-24 15:17:41,2017-11-27 14:12:07,2017-12-04 21:52:27,2017-12-22 00:00:00
1020cbc5eb8c82f34b7d93096010ceb9,06870616b5ec115b0f9435fc32682ab5,delivered,2017-12-16 15:53:14,2017-12-16 16:14:19,2017-12-18 20:03:46,2018-01-09 19:10:30,2018-01-22 00:00:00
9afe140eb263e30124e4abeeb76c4100,3e6a9dd9bdf4c82361ee9fbafd472949,delivered,2018-06-16 11:34:44,2018-06-16 12:00:23,2018-06-19 14:27:00,2018-06-20 18:18:33,2018-06-28 00:00:00
0e9a2f8bcef22eac543de56cd6c24b8f,0c1095f12f17b8a8814c3b52b94084b8,delivered,2017-12-14 16:00:11,2017-12-14 17:12:56,2017-12-15 18:22:00,2017-12-26 22:53:32,2018-01-12 00:00:00
1314746d24fc84d41f49777b0ad90c69,cdf5d3222d200deac16e4b4c2e97b519,delivered,2018-08-09 23:41:23,2018-08-09 23:55:13,2018-08-15 14:15:00,2018-08-17 19:11:32,2018-08-28 00:00:00
a39d517f6df7cb33a7d4b3b610e94d1c,3ac1fc6e9d3bc2e8218298e7dd7a8b5f,delivered,2017-12-26 09:58:12,2017-12-28 02:37:44,2017-12-28 15:57:23,2018-01-09 23:32:35,2018-01-23 00:00:00
0c8703831f0dff29ae877f4f9cce845c,d2f5dc6c6f4bf3e6c848267c6b63d6a0,delivered,2018-07-14 09:40:19,2018-07-17 04:31:37,2018-07-17 12:08:00,2018-07-26 21:28:55,2018-08-09 00:00:00
225f91612c9a38c727b64ac3c7d11e7c,3421838a52fbff1c4771a2d523cb39cf,delivered,2017-12-04 14:59:26,2017-12-04 17:07:40,2017-12-05 23:41:44,2018-01-19 02:34:33,2018-01-12 00:00:00
0cd2179b125d8eab88815631c3ce586e,07dd0f56f96437f103f6718cc9e718c0,delivered,2017-12-14 17:20:32,2017-12-16 02:34:40,2017-12-19 16:43:06,2018-01-04 11:17:22,2018-01-16 00:00:00
b2d4f733ede00ab3acde121917de3df9,c1d6f0c6736f09944a5ae0ab8bb514f5,delivered,2017-11-28 15:27:09,2017-11-28 15:36:22,2017-11-29 21:15:21,2017-12-21 01:38:54,2017-12-27 00:00:00
35baa1b2a801b5181147ad7c02723d9d,ea674b857582bdf75d6a2cf08df648cc,delivered,2018-08-09 10:24:12,2018-08-09 10:55:14,2018-08-14 12:13:00,2018-08-23 14:12:41,2018-09-19 00:00:00
ab2bdf1229c8b790d6ebf0f703023f01,efcd7d8360b578ca5bc76b33ab4b3aa9,delivered,2018-03-27 13:25:46,2018-03-27 13:47:53,2018-03-28 17:21:48,2018-04-12 23:32:21,2018-04-23 00:00:00
dd33f743f8af5bb74051a4e3935388ba,95f347a9955c610485ec8ce536ee403f,delivered,2018-06-19 23:23:53,2018-06-19 23:35:08,2018-06-20 14:56:00,2018-06-22 20:51:20,2018-06-29 00:00:00
73ac25417f920bd2a20e770b8a37ebc4,c6cbf7166d1b72d60b6217b90990d9bc,delivered,2018-07-29 23:11:08,2018-07-30 18:30:56,2018-08-01 13:36:00,2018-08-06 17:36:07,2018-08-10 00:00:00
e204e879fca83906b12991cb4d455799,d52cc5fc2dfff382fa124c800a0feb3a,delivered,2017-10-20 13:11:07,2017-10-24 03:49:20,2017-10-25 21:29:55,2017-10-30 18:06:16,2017-11-10 00:00:00
fde38569846bca72339489200ee42f44,8b7d23dd30d06f359eb4bf17c42bcb96,delivered,2018-01-09 22:55:39,2018-01-10 10:31:53,2018-01-11 12:03:02,2018-01-19 17:26:03,2018-02-02 00:00:00
f121e3823450aaf75165ede57ffe3fb1,78548373639ca35c05156c904da7b3dd,delivered,2017-11-30 16:49:06,2017-12-02 16:58:55,2017-12-05 02:06:02,2017-12-13 23:11:38,2017-12-27 00:00:00
ad6d3a18d2c834c332464ee72c2131cf,696cfe66865abec5b9a5165cc2b7bd6d,delivered,2018-01-24 07:33:26,2018-01-25 02:58:18,2018-01-29 10:52:30,2018-02-02 16:09:06,2018-02-08 00:00:00
4642b5eb7edc14a4a0dd2c2eb7b68e14,30fca276feb60858f0292213c46c9756,delivered,2017-09-10 21:28:33,2017-09-11 21:35:22,2017-09-13 12:38:05,2017-09-14 16:12:08,2017-09-22 00:00:00
19c6c1105d0814693c2555123f76cc1c,5b0cea612ade0b822a1cde77418a9791,delivered,2018-05-30 07:37:14,2018-05-30 07:51:21,2018-06-04 13:32:00,2018-06-15 19:34:28,2018-07-18 00:00:00
9d490e0cc1734e6efc3c66e08acc7d3b,f84f26f63740d611dc698e3000288cf1,delivered,2018-08-01 04:52:56,2018-08-01 05:04:02,2018-08-01 11:01:00,2018-08-07 09:08:54,2018-08-10 00:00:00
167d27116a1c2e0290a505e98f352c3c,9026f16b4a80f2efd9dbc7be05f61cfd,delivered,2018-07-18 14:07:43,2018-07-18 14:22:14,2018-07-19 11:30:00,2018-07-24 19:21:44,2018-08-01 00:00:00
2be5c054b376cfbf66ca1842a48b365e,fad625090f41ef1d2b5e2e6da310ea8a,delivered,2017-11-07 13:42:45,2017-11-07 13:55:24,2017-11-10 20:44:41,2017-11-22 15:45:36,2017-12-07 00:00:00
81694353e4bd6b9c70314404bee7367e,43fb19aec88356ab7a785666c7436ae9,delivered,2017-06-19 14:31:09,2017-06-19 14:43:54,2017-06-26 14:11:14,2017-07-10 20:04:08,2017-07-11 00:00:00
b0b558b3576d4787a37f77a5250ff717,450ba1ad7318e1fd45d8ac3d9b33f1dc,delivered,2017-11-03 08:43:08,2017-11-03 08:50:24,2017-11-03 19:29:01,2017-11-08 22:20:59,2017-11-28 00:00:00
e706765d0ab55ce790c7713ddc4e1ecf,2376cdfca9eb8eed042914e8705728b9,delivered,2017-05-01 10:20:06,2017-05-01 10:30:14,2017-05-04 13:10:01,2017-07-08 12:53:25,2017-05-25 00:00:00
87c4efb4c0e03d492ca4660004846a89,57313dc6058de7ab7fead823b827093b,delivered,2017-07-11 08:42:04,2017-07-12 02:15:11,2017-07-12 17:57:44,2017-07-24 17:43:49,2017-08-10 00:00:00
6a237417299073f59f68b14d3eb4c794,4241b08d083d12c99a329c9163db0d72,delivered,2018-05-14 17:37:41,2018-05-14 17:56:43,2018-05-15 10:44:00,2018-05-18 21:44:43,2018-05-28 00:00:00
6d03ab0713a35b9475f6c5ed0d989976,a5adb81886eb68c76f621cb69a2eb9f6,delivered,2017-12-01 13:49:05,2017-12-01 14:11:22,2017-12-02 13:09:27,2017-12-29 19:05:16,2017-12-28 00:00:00
a0926696307e88c39cc2fc46ebc9cee4,10212d95121fec29182c97042685640d,delivered,2017-12-05 15:17:47,2017-12-07 15:32:09,2017-12-11 12:39:17,2017-12-23 16:49:53,2018-01-03 00:00:00
5b9ec93a929c3ac36c58426030b286c7,feb218d83fec5edd15652761eecdabcc,delivered,2018-04-04 18:32:53,2018-04-04 18:48:34,2018-04-05 16:16:42,2018-04-09 22:41:55,2018-04-17 00:00:00
0d71b869b9be4491cbc466910f186bd4,304116a2b5c0a0d97740d1ed7cd1006a,delivered,2017-06-19 23:34:03,2017-06-19 23:43:00,2017-06-21 13:20:53,2017-06-22 16:54:56,2017-06-30 00:00:00
57232372e09e40010fd0264135cd2c43,b622c09c123485c3cb43854c319f8ac0,delivered,2017-05-11 16:15:03,2017-05-12 02:50:37,2017-05-12 12:00:10,2017-05-22 10:27:35,2017-06-01 00:00:00
13ff8a02b63113dd72976dab2e01b171,de0af4a54889db8e1d4317a8bea43a25,delivered,2017-05-10 12:57:43,2017-05-10 13:05:43,2017-05-12 14:17:01,2017-05-19 12:55:55,2017-05-30 00:00:00
2c46e039a885b9d82aca6fdbf7aeb482,c6f60acf07eaea60cdd170c37b8606ac,delivered,2018-02-07 11:22:09,2018-02-07 11:35:27,2018-02-14 18:52:47,2018-03-08 22:04:22,2018-03-06 00:00:00
48614d2cd50444dc19b6585e6398bf33,b153b497b39881176a662c8edd5c5671,delivered,2017-12-26 15:18:16,2017-12-26 15:40:25,2017-12-28 19:28:58,2017-12-29 14:32:39,2018-01-15 00:00:00
2463eaec66167230ee0c637e3598e2cd,7170c802ec75e5fcb3792110e68ab323,delivered,2017-09-03 21:16:20,2017-09-04 02:32:24,2017-09-05 18:51:59,2017-09-13 19:47:53,2017-09-25 00:00:00
736dca37c6d52d16556556bdd7d208ff,cbb02f3bc8481f06cacb94dcde253af5,unavailable,2017-12-04 13:01:38,2017-12-04 16:33:17,,,2017-12-20 00:00:00
393123cf50678c8c2e0921146719d7a9,1c80b2055d01d3abf9a94ff2d676925c,delivered,2017-07-06 14:19:43,2017-07-06 14:30:14,2017-07-12 20:04:37,2017-07-19 19:44:53,2017-08-01 00:00:00
8d42bc7cf9914679406f48db0e05e571,481bc44dade5fd594cc14012ba50b262,delivered,2017-12-01 16:35:00,2017-12-01 16:49:33,2017-12-08 22:16:05,2017-12-27 21:59:10,2018-01-02 00:00:00
c0a4f59b8df4e3d9d73bc2d28982fb1c,0acbcf4c99216f66aeb7c583bca57fb9,shipped,2018-04-26 14:39:40,2018-04-26 14:51:48,2018-04-27 09:35:00,,2018-05-18 00:00:00
00f6dbc6195397197ee147ee45607a2c,69a24d8e0de91f88acc612cb7d70dc1b,delivered,2017-05-01 17:23:57,2017-05-03 11:15:30,2017-05-04 13:46:28,2017-05-17 10:53:02,2017-05-25 00:00:00
38bf87ca0f718d17d331fe70eb7431aa,7d425acb99461ffaf9e807b06ebc3834,delivered,2017-06-15 08:50:42,2017-06-15 09:05:11,2017-06-21 14:07:20,2017-07-03 14:07:33,2017-07-10 00:00:00
69d838677089d135b38310ff74779901,44d1e5be01114b520202814589267106,delivered,2017-09-15 09:38:15,2017-09-15 09:50:11,2017-09-15 21:15:39,2017-09-28 18:58:36,2017-10-13 00:00:00
6b0e4ed8dcbabec5410a8b28f0405cd6,565f86d78a5b057917366c58362a85c4,delivered,2018-07-02 11:12:27,2018-07-05 16:20:47,2018-07-10 15:27:00,2018-07-13 16:41:49,2018-08-07 00:00:00
a462c8de1c8c82abe3661cb123a167c4,34f95f0bfdae9d74c69ca03c5ef7d652,delivered,2017-09-06 14:28:10,2017-09-06 14:43:55,2017-09-15 17:13:34,2017-09-25 22:06:47,2017-09-27 00:00:00
14083f06e3e4bf1cd90b09251b0b7061,767e04f5c232aae9f6efb7bf1fb04cf1,delivered,2018-01-25 12:40:12,2018-01-25 12:59:36,2018-01-26 19:13:17,2018-02-02 19:27:51,2018-02-22 00:00:00
8a06390a35c02135e18a6d75a3831ba4,373f56c05bbbcb272c4700212dee070c,delivered,2018-02-11 20:05:15,2018-02-11 20:15:22,2018-02-16 01:23:10,2018-03-02 00:51:49,2018-03-12 00:00:00
af7849588d1bc245d9c07492a05db887,4f0a80cfa4a5eaab069330b6941fd9fd,delivered,2018-03-17 01:47:28,2018-03-19 11:28:05,2018-03-19 23:58:40,2018-03-27 17:37:37,2018-04-05 00:00:00
3b2c1076db50e3fbc99981ae5ca1e6aa,303fb7551f5f1e31c71dc4a84e202375,delivered,2018-08-20 16:27:48,2018-08-20 16:50:01,2018-08-21 14:35:00,2018-08-27 15:12:35,2018-08-28 00:00:00
7d92cb6758010db52a51e6e283edcd6f,1e512c6eb672d5c4b47268752d86060b,delivered,2018-05-07 22:01:43,2018-05-07 22:11:37,2018-05-08 13:56:00,2018-05-14 23:46:47,2018-05-23 00:00:00
969d3f02f498a3db8037e194ed29cb4c,7c27d90ed9cded084da9e9a54472f983,delivered,2017-10-08 16:48:00,2017-10-08 16:56:30,2017-10-09 19:37:44,2017-10-13 17:14:17,2017-11-01 00:00:00
152c82feee7072e62c6496ad13cc188d,4ae7657c4b99ad33c3b842f5f0decd86,delivered,2018-07-25 15:49:36,2018-07-25 16:04:47,2018-07-26 09:14:00,2018-08-02 20:28:35,2018-08-14 00:00:00
e2078bdcaaa9e81bb8bab8641489dcd8,7ac84be99fa92537dc66ed34057ae742,delivered,2017-12-26 19:18:51,2017-12-26 19:28:21,2017-12-28 10:58:20,2018-01-03 15:22:09,2018-01-19 00:00:00
a37bfcf3d20f35acbeb8802726c3fabd,d81da029b132ec65b31f0ad2b7d6f728,delivered,2017-11-26 23:06:02,2017-11-28 03:19:42,2017-12-08 02:34:06,2017-12-13 13:58:50,2017-12-22 00:00:00
b263be16ee60d34da81f89c59ba85ed4,eabc0ac2cf33061b6a498f226194cf8b,delivered,2018-04-20 11:01:36,2018-04-24 18:51:31,2018-04-25 14:54:00,2018-05-05 15:10:55,2018-05-09 00:00:00
88c1796abf705db4504c5e18914edfce,2f350cbd2b1d1868c511b54f6bf9d3f9,delivered,2018-03-14 08:38:24,2018-03-15 03:29:31,2018-03-16 19:38:22,2018-04-09 22:33:30,2018-04-05 00:00:00
aa797bbf394057d8028348d4197a4005,1920602a4a42900cee65ac56cf2071bd,delivered,2018-06-18 08:46:14,2018-06-18 09:13:50,2018-06-18 15:00:00,2018-06-19 17:49:35,2018-06-28 00:00:00
feba3a25c875f5f95f3d57f54aaefa10,2682c514169a4920143bf0ddc6cb67b3,delivered,2017-04-02 10:28:58,2017-04-02 10:42:50,2017-04-03 17:27:56,2017-04-06 14:03:56,2017-04-26 00:00:00
9f7a5181d7e444fb3cc09b5cf99d417c,7a9c13db2472716010166b76727665f3,delivered,2018-05-03 13:19:06,2018-05-03 13:34:18,2018-05-07 09:59:00,2018-05-10 22:37:42,2018-05-22 00:00:00
5ed8f4bfd8583d251f719e31dd697690,128188e9cf187ce458b6b77b468fccff,delivered,2018-05-10 21:47:24,2018-05-11 20:30:49,2018-05-14 16:10:00,2018-05-25 21:47:36,2018-06-13 00:00:00
41fecd3ee080963d54b99007e1393f97,c612eae35f6ecdff3b2f877149881c38,delivered,2018-02-21 17:01:32,2018-02-21 17:10:35,2018-02-26 14:25:56,2018-03-19 20:08:48,2018-03-15 00:00:00
817e8b5495d2b31da82dfe5a89aacdba,bb4b3ce332df6f94fcd95ed5131cac94,delivered,2017-08-17 16:33:28,2017-08-17 17:15:11,2017-08-18 15:49:39,2017-08-25 19:15:36,2017-09-11 00:00:00
95c98b104ca0e68739f62a280a5b00de,67e006c137d605a254b58576a282ec5a,delivered,2017-06-16 09:00:03,2017-06-17 03:45:24,2017-06-19 13:22:30,2017-06-30 13:03:03,2017-07-10 00:00:00
57d0641da97fead93c9541a7c3b1fc75,06909593a3382d75b06bcde5c527ad59,delivered,2018-08-27 17:18:42,2018-08-28 17:15:19,2018-08-29 19:57:00,2018-08-30 23:58:30,2018-08-31 00:00:00
8ed4df9e21def5033d20475c0e568c92,fc17baf4dcd77a8e52ccf15b42f82c2e,delivered,2018-05-14 13:48:00,2018-05-14 14:09:59,2018-05-15 14:51:00,2018-05-21 21:26:39,2018-06-20 00:00:00
b0ef007a9f33ffd24dcfba02178afed5,46892c9ab706c93de01025d07b029234,delivered,2018-04-09 11:00:52,2018-04-10 10:55:25,2018-04-11 00:08:39,2018-04-16 22:17:47,2018-05-02 00:00:00
23259ed6c735fe1c3e748d9400ff4a79,79f96d2cbe80d476674fe8df8bc4d5f9,delivered,2017-11-24 08:29:46,2017-11-24 14:32:47,2017-11-25 12:28:54,2017-12-08 22:10:56,2017-12-15 00:00:00
fe8fb13770857cd6d22fda24ce5bd4a6,4cfd1cf4ebdcc9beb01c7b267359dd1a,delivered,2017-02-04 21:27:04,2017-02-04 21:41:56,2017-02-13 02:37:51,2017-02-22 13:05:42,2017-03-07 00:00:00
5a8860de5c94def4edfddc2f88880b2f,d4e2b78958020f76ccb03034b94b1a43,delivered,2018-05-26 13:28:01,2018-05-26 14:35:17,2018-05-29 13:36:00,2018-06-06 18:38:44,2018-07-05 00:00:00
86430d523480a84b621ef0c347f56ff2,df36c3d696e5167eaf8dad13008e5f3c,delivered,2018-07-31 12:47:31,2018-07-31 13:04:31,2018-08-02 13:23:00,2018-08-08 17:23:54,2018-09-10 00:00:00
b9f31e3a32f182587fd629c681118d79,d602a0c12e9023bd9f13bed51e8d4caa,delivered,2018-01-11 11:19:49,2018-01-11 11:28:36,2018-01-15 16:28:42,2018-01-22 12:59:31,2018-02-09 00:00:00
97a8e78c9b29af3ed3a454d82a5ed310,0d91c0772ebbeeb7940a79c886b29a3a,delivered,2018-04-25 13:10:00,2018-04-25 13:30:59,2018-04-26 12:55:00,2018-05-03 00:12:48,2018-05-29 00:00:00
a01b8c1afb8cc652c7d3b3d069951729,1cbec9e3f90761ff856fe2487f253cc4,delivered,2018-06-04 11:13:02,2018-06-04 11:30:43,2018-06-06 07:31:00,2018-06-18 17:56:41,2018-07-12 00:00:00
9aaa81b734b180a0c3f2aa1295666bdf,0be267b9bd2ddb2eb1e6112612f5b513,delivered,2017-07-10 11:55:07,2017-07-12 02:15:32,2017-07-13 12:17:40,2017-07-25 22:42:59,2017-08-09 00:00:00
84b33f3ecdf8f82df2db1517f0f44396,9619f561d67cb918bf4a6d608a04febc,delivered,2018-06-18 20:50:11,2018-06-18 21:17:49,2018-06-19 13:17:00,2018-06-25 13:18:46,2018-07-11 00:00:00
952634393483fd90dea9be0d3c8ea581,0f0e7b31cc8256b64d06a44aa5da0e6b,delivered,2017-05-16 15:12:47,2017-05-16 15:25:16,2017-05-17 14:04:10,2017-05-23 11:28:01,2017-06-22 00:00:00
c9fec30469cd7bb3784574c3200b828f,4fa7e70250c6a3a651de8b0151353b5a,delivered,2017-03-09 17:28:19,2017-03-09 17:28:19,2017-03-15 08:32:19,2017-03-22 12:25:13,2017-04-03 00:00:00
89459df51caaa029d2494f4b36f1b96a,a8a1a5d2e8715b7a7a7d558a727509c7,delivered,2017-05-24 10:54:15,2017-05-26 02:30:18,2017-05-31 13:23:15,2017-06-13 17:46:01,2017-06-06 00:00:00
1ec0c008e2f52adf3af40327df25cea8,1ea06ca6a82feeb3caf1e35c01887ed8,delivered,2018-01-30 09:55:32,2018-01-31 13:32:07,2018-02-01 14:14:29,2018-02-16 14:51:51,2018-02-26 00:00:00
787da13655afdfe6f549e008c69ebca7,916a0ed6e7b137a78ca9e6e752f676a1,delivered,2018-03-23 12:25:41,2018-03-23 12:35:39,2018-03-23 22:18:55,2018-04-03 15:12:46,2018-04-16 00:00:00
466334b9ec76342cf368c99aa06375cc,1efebd69ab836c96419c1606dc79c1bc,delivered,2017-12-04 11:30:44,2017-12-04 16:30:35,2017-12-07 18:53:35,2017-12-08 16:54:39,2017-12-20 00:00:00
f9b91536d4ba5625abb8769a3183b657,62c2731d5d684217ed13e33db600260c,delivered,2017-09-01 22:22:13,2017-09-02 14:44:02,2017-09-06 21:26:36,2017-09-13 23:20:02,2017-09-28 00:00:00
172fa490c511f028f9fb22f36a3b0d83,cb3ec78e0c9eec2708ede27637e9ebc6,delivered,2017-11-29 15:07:10,2017-11-29 15:15:31,2017-11-30 20:32:15,2017-12-20 21:33:14,2018-01-02 00:00:00
9800ee2371539396d5bb270f1e844e11,ba4ec83bdd2a861c366574f0d4cef56c,delivered,2018-04-08 18:01:46,2018-04-10 03:55:28,2018-04-11 23:25:46,2018-04-13 15:37:51,2018-05-02 00:00:00
38818b191327c9095735fe8132a0b728,694641abc740efed70f7112802eed054,delivered,2018-05-15 23:18:23,2018-05-15 23:35:15,2018-05-16 13:15:00,2018-05-21 18:44:49,2018-05-29 00:00:00
823bfedb2c6c0e1d98750d4d7fb3c1a0,31f0f6f285d4ddb2179e8d695930202e,delivered,2018-03-25 15:32:59,2018-03-27 03:35:15,2018-03-28 20:27:36,2018-04-02 20:36:35,2018-04-12 00:00:00
cc85b0be56a5a15d2146816d54ee0eff,6f1393f12f1db16beb9ffde24d6018b2,delivered,2018-01-15 20:09:27,2018-01-17 03:38:42,2018-01-17 17:22:31,2018-01-30 22:28:55,2018-02-07 00:00:00
efa247c04ccbd33d0ddfdcd3817466a9,2c0d19a3ca20bb61b938eacf22b6b6dd,delivered,2017-11-15 16:26:01,2017-11-17 10:50:54,2017-11-17 20:56:42,2017-12-01 18:38:57,2017-12-11 00:00:00
fe802824215762b3ea5f49760eac0bd4,adb4b9cd38cc8cf96110b37c02f7a739,delivered,2018-01-06 17:32:11,2018-01-09 16:32:35,2018-01-15 18:05:57,2018-01-28 17:43:09,2018-02-05 00:00:00
7354aed5e2d142803a8121059f1e9324,f30c4202fba22ee2b49b2af16767b380,delivered,2017-08-28 00:17:53,2017-08-28 00:30:26,2017-08-29 17:55:02,2017-09-02 16:12:44,2017-09-15 00:00:00
b8e5479aa8fa4ce67ffdd5bdd92c2303,27cd74c2fb9278dc9a872029a1edc6c1,delivered,2017-03-23 18:45:20,2017-03-23 18:55:15,2017-03-24 14:12:13,2017-04-06 17:17:32,2017-04-20 00:00:00
d6a544caf1fd9274c3ff0d13257bfeac,fde0ee97ca2052ac432724b847a0bb51,delivered,2018-06-02 11:14:09,2018-06-02 11:31:22,2018-06-07 15:04:00,2018-06-11 21:48:56,2018-06-20 00:00:00
f1ee3463a2c0ddd328a63ac9db6af746,5645f6b97d3740bc2846f27af1fe973f,unavailable,2018-03-15 19:08:52,2018-03-17 02:55:36,,,2018-04-04 00:00:00
d327d4550c9e554034f23cd77a8924a4,0581d4ef9081dc26ed2e1580a6e34ea3,processing,2017-05-09 12:57:11,2017-05-09 13:10:39,,,2017-05-30 00:00:00
8d3815553beb9e0a66908d8df19e7ffb,62ca0be9b9b1232f45da308d28f061bb,shipped,2017-10-20 19:51:41,2017-10-20 20:05:36,2017-10-23 19:10:52,,2017-11-13 00:00:00
30e0eca22712c9c8dc922d890a4e0c0c,42fc864d451bb4b33b723bf6730a042b,delivered,2018-01-28 00:07:44,2018-01-28 00:14:44,2018-01-30 00:22:33,2018-02-14 12:52:46,2018-03-05 00:00:00
87980ebda651df2ddec79138c0366d96,78292d3014075572ac392eafc05ae2b9,delivered,2018-04-30 17:22:01,2018-05-01 02:38:48,2018-05-02 12:57:00,2018-05-08 14:59:30,2018-05-24 00:00:00
3a6b05ecacce688f20fecd1824db1c58,6ef189a5fb5fd30cda5d5e7aa2f96e4f,delivered,2018-01-14 18:16:33,2018-01-14 18:28:31,2018-01-15 21:42:57,2018-01-17 20:30:06,2018-01-30 00:00:00
3d7d60b10ba4b43cf6f6d5df2e933f67,02cb3a8ef6e13d37560379559e2f533d,delivered,2016-10-10 18:09:39,2016-10-10 19:00:39,2016-10-30 14:57:59,2016-10-31 14:57:59,2016-11-30 00:00:00
d5df7cabf2a09710613a5ec9d089150b,69e18f38951d34592db4c7ca5e591101,delivered,2018-02-15 01:23:30,2018-02-15 01:35:20,2018-02-15 18:12:44,2018-02-22 14:14:23,2018-03-01 00:00:00
86198e40464e410dbb14a4ae8e03ecbc,0d68337f488186409a070dfe9dea0b81,delivered,2018-02-06 09:34:23,2018-02-06 09:50:10,2018-02-16 17:03:53,2018-02-26 22:09:32,2018-03-15 00:00:00
227a77cf2c1425f0207076c524b1bb5e,4c1b6904113f2fe66abb338150c60697,delivered,2018-07-04 14:48:12,2018-07-05 16:32:36,2018-07-05 14:22:00,2018-07-06 19:12:31,2018-08-02 00:00:00
32a5bc9d3f2a71d05c275cfb8d2adccf,94dbca303a9992cbe54a1a2cb78df2a5,delivered,2017-07-20 13:38:18,2017-07-20 13:55:10,2017-07-26 20:03:26,2017-08-03 17:23:48,2017-08-18 00:00:00
065963d921de479181824ca8d8737935,39c97375f33b48f0e40142121854d6ec,delivered,2018-02-07 20:18:59,2018-02-07 20:33:09,2018-02-16 18:53:24,2018-02-26 14:26:43,2018-03-09 00:00:00
bc3e295306ee4d3eba91aca49b0bb539,000bf8121c3412d3057d32371c5d3395,delivered,2017-10-11 07:44:31,2017-10-11 07:56:17,2017-10-13 15:16:26,2017-10-16 19:35:33,2017-10-24 00:00:00
0c06719338eba9ad30362c43bad76d87,627dfd4a1b84a6a7e2a5e989ba72101d,delivered,2018-07-10 17:52:57,2018-07-10 20:31:01,2018-07-12 13:23:00,2018-07-16 13:51:39,2018-07-27 00:00:00
77c820f0779ad518a4a2c6ddba08477c,826edf98e54310d36fac3342e624dab7,delivered,2017-10-17 23:40:33,2017-10-17 23:49:42,2017-10-19 23:13:32,2017-11-13 19:42:08,2017-11-21 00:00:00
3252dd45c17883d5627d7c9aa1ef9bd8,ff0ef6940fa0335287ff7d9a67477e34,delivered,2018-01-17 08:10:22,2018-01-17 08:29:18,2018-01-29 18:49:31,2018-02-03 14:16:40,2018-03-02 00:00:00
68dac825547e9410f017e7d9dd6daee0,8e3d0b8d1eadcbfdfcce1672e70c3ca8,delivered,2018-07-23 11:22:25,2018-07-23 14:30:51,2018-07-23 14:43:00,2018-07-26 20:43:42,2018-08-16 00:00:00
f32a550a349f4749ad02133d61ced124,ca906127c621a7029dde82b6965ff366,delivered,2018-02-13 15:37:27,2018-02-13 15:50:28,2018-02-16 22:16:33,2018-02-26 18:44:58,2018-03-13 00:00:00
2c67561120ceec16df8e4b5753e23193,f9edf85c1fcab98c046a6b4aa674f27a,delivered,2017-09-03 20:39:02,2017-09-05 04:24:34,2017-09-11 19:55:56,2017-09-13 19:24:48,2017-09-21 00:00:00
de0d8b8e774b3211e7e001d3e5985470,55fd5d10a5036383fe19af015d2e5a80,delivered,2018-05-29 14:21:11,2018-05-29 14:39:40,2018-05-29 14:26:00,2018-06-06 20:26:30,2018-07-04 00:00:00
361db03164887c1d35adf146e89ac533,9ec0c5bb4f39470f0198f148f4a8943f,delivered,2018-03-09 21:58:11,2018-03-10 04:48:18,2018-03-12 15:10:48,2018-03-21 01:51:51,2018-04-03 00:00:00
f7f46af81b7c22c74b8d97f38a8adb5a,bb36797e2cd21892856f26ab19fc466b,delivered,2017-02-28 23:08:47,2017-02-28 23:22:08,2017-03-01 11:03:48,2017-03-13 12:38:30,2017-03-22 00:00:00
a9bbc934d59147ac5d452271a95e4891,b43cfc5b2a646988816394648576738e,delivered,2018-04-10 05:48:41,2018-04-11 08:50:49,2018-04-13 23:51:50,2018-04-24 12:08:45,2018-05-08 00:00:00
c79ba7d8e02ca2a64a4474bc0927a03b,63c69d97834767e5c396a8c740967561,shipped,2017-12-06 00:03:51,2017-12-06 00:12:35,2017-12-07 21:09:22,,2018-01-02 00:00:00
af4cba92abfe8fdc4502754b7d91beb8,785825a3145367ebfaa8b213aff33af1,delivered,2017-09-11 09:26:49,2017-09-11 09:43:20,2017-09-12 15:17:49,2017-09-22 22:51:48,2017-10-09 00:00:00
8b3bda465a61f930742d256916d1d7d9,72439ef3181cd62d5b508cb9beb48c4c,delivered,2018-03-18 12:38:29,2018-03-18 12:50:33,2018-03-26 19:29:33,2018-04-02 15:21:22,2018-03-29 00:00:00
a80aedf3acd66b4cd4f63901251af78f,36124cec171c5433dccc49bae61bd8ce,delivered,2017-04-25 22:22:31,2017-04-27 13:37:07,2017-05-03 14:29:38,2017-05-09 14:20:09,2017-05-15 00:00:00
a1aae88ac8b48e870e9fe5dc2ea8730d,c227a5a137bda4069d4d913eb9715765,delivered,2017-08-15 22:09:11,2017-08-16 00:50:16,2017-08-17 13:14:00,2017-08-24 20:23:33,2017-09-04 00:00:00
da4166921f982b905ce0d4afd3e4eb02,22730a84263075f8daa82815f391c2d7,delivered,2017-11-10 23:17:44,2017-11-10 23:30:41,2017-11-14 14:26:35,2017-11-27 19:09:59,2017-12-11 00:00:00
d7516b945750658964b64128d3de72de,5add23093af926ef474c767dd401ee6c,delivered,2018-05-14 16:02:39,2018-05-14 16:13:56,2018-05-15 14:37:00,2018-05-16 17:24:34,2018-05-28 00:00:00
9d12e7d13379e3e2a600bfccb801604b,1a5a3898747599fccb25a7201c603bf3,delivered,2017-09-17 12:49:39,2017-09-19 03:38:18,2017-09-19 19:13:50,2017-09-22 19:40:01,2017-10-05 00:00:00
da28ac567f1bbe704eb39c1d21c53a0d,f1dbd5b4e2100112b354805ad704e604,delivered,2017-03-06 15:55:08,2017-03-07 03:50:29,2017-03-08 11:14:37,2017-03-14 09:38:56,2017-03-27 00:00:00
da225376046ab771e41a24f84f53f536,6e487c18c49fbce6f7cabc4b4565e156,delivered,2017-04-11 21:58:16,2017-04-11 22:05:24,2017-04-12 12:39:58,2017-04-19 14:44:35,2017-05-05 00:00:00
611422343cc9f16ead16e75de8622dab,56ca9dd30b41a32667730b7b3c9b7ad8,delivered,2018-04-03 13:39:06,2018-04-04 03:29:26,2018-04-05 01:33:14,2018-04-28 00:44:52,2018-05-02 00:00:00
fd65881e4d025c30be898ab8dd8bb736,807897a98979ed081824f8d57e3cd44e,delivered,2017-05-16 22:25:20,2017-05-16 22:35:20,2017-05-17 10:40:44,2017-05-22 23:29:28,2017-06-07 00:00:00
2d881e3c6da74bac32d844fb3eef6931,4764d7ffd9539c85c9a8f8342187c9ff,delivered,2018-01-17 16:13:03,2018-01-17 16:32:46,2018-01-23 02:15:05,2018-01-29 12:53:06,2018-02-09 00:00:00
8297b34c026c282fa7c0940d7217b87c,3a992e6a82ee84aa0877d9740bd50325,delivered,2017-06-10 20:32:42,2017-06-10 21:02:50,2017-06-12 12:21:03,2017-06-23 12:04:25,2017-07-11 00:00:00
84e407da1f6a0299466bfa129b7311c3,1265dac0c8d709601a1234e4a76343d3,delivered,2018-02-03 15:25:59,2018-02-06 04:32:45,2018-02-10 11:44:42,2018-02-22 00:24:08,2018-02-23 00:00:00
c832ce5ba2a8d18876c7498fe257f7e2,679d652ccfb090a95a303461dc11a668,delivered,2018-03-12 12:32:29,2018-03-12 12:48:39,2018-03-13 21:25:46,2018-03-27 15:42:52,2018-04-13 00:00:00
eb4fc04dec501a9893d00e5090e59f7d,36229c07f9122516f4f75bf0f53f445c,delivered,2018-04-18 15:43:43,2018-04-19 02:10:52,2018-04-24 21:22:46,2018-04-25 21:32:06,2018-05-02 00:00:00
64397307c6954ae1ad2ad8e791ad8a31,ed421f2bf6c0ea955e4ac8a5fe646b94,delivered,2017-12-27 22:36:41,2017-12-27 22:47:44,2018-01-05 00:44:26,2018-01-15 19:39:13,2018-01-29 00:00:00
90551de7b2d0a7cae5254f30afd7b761,4870fd3dd96185117a9165d9be8cf09a,delivered,2018-03-13 10:15:51,2018-03-13 11:20:39,2018-03-14 19:48:34,2018-03-20 10:05:23,2018-04-05 00:00:00
ea7221ed75c18585b0558f1df2979bdf,fc7d5050279455bec7ba29f3a45e7092,delivered,2018-01-28 18:40:31,2018-01-28 18:50:21,2018-02-01 01:13:16,2018-02-14 17:23:30,2018-02-21 00:00:00
fd50846b20c17e489103e3f00efdb5e5,4827c8af68e3471f20dc4f5d9a41cd37,delivered,2017-02-22 11:13:43,2017-02-22 11:25:19,2017-02-23 05:44:04,2017-03-02 14:09:02,2017-03-31 00:00:00
7df620c5efd94b149ee17db0a48e4916,aa5e567592c7fce76e3937e35c6a4ecb,delivered,2017-12-11 23:21:10,2017-12-12 00:14:50,2017-12-12 19:24:44,2017-12-14 01:22:31,2017-12-28 00:00:00
cf23765a36f2957f143e96a358682882,f46a004eb72287f1d215003b493fbd34,delivered,2017-11-14 13:25:40,2017-11-14 13:36:11,2017-11-22 20:31:20,2017-11-28 19:28:59,2017-12-11 00:00:00
df719e82188cc47552d259703d5413f0,d71f9e25f2db23f5cdd2bd4d931e23e9,delivered,2018-07-28 20:25:08,2018-08-01 16:31:43,2018-07-30 14:58:00,2018-08-01 23:38:58,2018-08-15 00:00:00
7acb2e2b8caa44792627d9bcccf40b95,26c039a813a4c04b92fa1f38572501d1,delivered,2018-03-26 11:05:42,2018-03-28 02:47:56,2018-03-29 01:10:30,2018-04-07 01:21:17,2018-04-13 00:00:00
2afae7f170a9a4b132f5d26a2aa53feb,6439ea90707454d13d653853845f5721,delivered,2017-11-26 10:00:15,2017-11-26 10:11:22,2017-11-27 19:38:26,2017-12-06 18:04:38,2017-12-15 00:00:00
02742159d4c85a23b993b6f11ae044ea,d179f9e9c42bb8355300f094908ebc7d,delivered,2018-01-15 13:37:28,2018-01-17 03:36:45,2018-01-19 20:22:21,2018-01-22 17:32:41,2018-01-30 00:00:00
6b4d058045fa7ac94844f599d975fa73,8bf38ab6057b0c2f07f383f6d899f7c5,delivered,2017-05-10 11:31:38,2017-05-10 11:45:15,2017-05-17 13:35:45,2017-05-18 11:52:21,2017-05-26 00:00:00
a80b9e4d406b12636bb0f6792cd1862d,95b4cc7e3b32e271d581e3dce4403c77,delivered,2018-02-27 18:14:18,2018-03-01 02:48:59,2018-03-02 18:07:22,2018-03-06 19:21:40,2018-03-13 00:00:00
860c765342eaa4f946dfc210c1898072,8ba72df9f8da30c34c3f31f5cc762e8e,delivered,2017-03-08 10:33:45,2017-03-08 10:45:18,2017-03-16 07:42:23,2017-03-28 13:32:59,2017-04-04 00:00:00
da225d51cdb2a615ac38734cfdaebab4,5a01248cc0f2dfc237fe63b35f27a918,delivered,2017-02-10 12:13:02,2017-02-10 12:32:19,2017-02-13 10:12:30,2017-02-23 08:53:59,2017-03-13 00:00:00
2130b83c315c16dd6afd6c742c6ae4a2,922f8983e459278daa15437950d93666,delivered,2017-09-29 22:34:09,2017-10-03 04:35:17,2017-10-04 17:32:56,2017-10-18 20:32:34,2017-11-03 00:00:00
e903b78abd758568d7597212405c6576,d6fe1f0a70ce8532f4e3a442664f51fa,delivered,2018-06-15 08:02:54,2018-06-19 03:57:36,2018-06-19 09:24:00,2018-06-28 14:03:32,2018-07-18 00:00:00
b080474e9c0057bcc274eb9e087aaa09,348a00565d40dfb3a6a6a2cb59159131,delivered,2018-01-15 23:58:47,2018-01-16 00:09:28,2018-01-18 12:33:12,2018-02-07 22:43:14,2018-02-19 00:00:00
a8c02875c8391d968525088da5fce5a6,89644ae442e654506e57ed7604a7ec73,delivered,2018-06-25 11:05:44,2018-06-26 04:58:59,2018-07-04 15:01:00,2018-07-11 10:37:23,2018-07-24 00:00:00
c1556665d5eda63ad0a01cb682e2ad6d,31781f419af2c8f79d4be4a88c6fa600,shipped,2018-08-11 17:45:38,2018-08-11 17:55:15,2018-08-13 14:55:00,,2018-08-20 00:00:00
c53650d065ed0639a5181397ce08c423,b9fa68d5a325ea422f38f683138653a2,delivered,2018-07-15 11:02:40,2018-07-15 11:15:13,2018-07-17 11:33:00,2018-08-23 19:12:00,2018-08-31 00:00:00
a06a785eb10dc081b633142ea4f085b3,34b4e4192efcbe2aedef52e830191715,delivered,2018-07-24 22:56:00,2018-07-25 20:10:12,2018-07-26 08:24:00,2018-07-30 20:08:35,2018-08-23 00:00:00
12a95a3c06dbaec84bcfb0e2da5d228a,1e101e0daffaddce8159d25a8e53f2b2,delivered,2017-02-17 13:05:55,,2017-02-22 11:23:11,2017-03-02 11:09:19,2017-03-20 00:00:00
1e2e1541db9d4266715ce7360f75ba93,5a57f532faba59531113ddde5bfe95d1,delivered,2018-04-27 14:00:57,2018-04-27 14:10:27,2018-04-27 18:59:00,2018-05-02 14:58:25,2018-05-16 00:00:00
e4d17d00b2f18f1898c9449c1e7a8e09,08a693d30dbbc9a5d75172df73023731,delivered,2018-03-01 11:08:20,2018-03-02 02:10:45,2018-03-06 20:33:57,2018-04-20 15:18:34,2018-04-05 00:00:00
9f4f2427a2164a1c60bab5a8426d2e2f,5dfd945eded1ca414e81743512bc3856,delivered,2017-12-28 11:18:14,2017-12-28 11:28:08,2018-01-02 23:19:01,2018-01-08 18:52:52,2018-02-05 00:00:00
3101c208f7e41c66b3929266928afa56,7877cd36cf788987d0e8ec3e5aedfa05,delivered,2017-11-04 20:42:48,2017-11-04 20:55:47,2017-11-07 01:31:47,2017-11-13 15:28:55,2017-11-29 00:00:00
b56c143bc1ca0cee7345b354671f1e2d,b6ead1303ba468d8d5d31a465edd6670,delivered,2017-02-17 10:53:20,2017-02-17 11:05:26,2017-02-21 12:42:19,2017-03-20 10:14:30,2017-03-30 00:00:00
713eda1fb337fff2cccfae60fd0b411e,2d910ad991e18b8a03bbcca79a35a3a8,delivered,2018-02-11 15:44:25,2018-02-11 16:20:20,2018-02-14 17:42:37,2018-03-01 14:06:17,2018-03-06 00:00:00
04b9ffa87087a2450449da3911146316,fb26eff42e25a6ee635de85d8587b85f,delivered,2018-04-04 08:59:16,2018-04-04 09:10:20,2018-04-09 18:23:28,2018-04-30 21:18:45,2018-04-25 00:00:00
9e9dff165f74d5e8c1fb7866d6882a24,df7d4901e5cd14de227ac09a1d09d59c,delivered,2017-11-13 14:13:15,2017-11-13 14:31:16,2017-11-14 22:48:40,2017-11-20 19:29:16,2017-12-01 00:00:00
11c601407b62dd629716ee3ff3efa95b,49e0224052a8e55bcdc4b3620c5febd4,delivered,2017-09-08 08:44:08,2017-09-08 08:55:24,2017-09-12 18:03:04,2017-10-02 18:35:01,2017-10-03 00:00:00
56f67ddc4dcd366ecf0d6ac941581ac3,2b135100730ee38ba51b4e01aa8d23bf,delivered,2017-12-31 17:56:51,2017-12-31 18:07:11,2018-01-08 16:53:19,2018-01-12 23:42:04,2018-01-24 00:00:00
b05b331d732972ead47dbea28dd5305f,1d01743ecce3d128328fa7261e7c1650,delivered,2017-12-17 13:10:06,2017-12-17 13:30:16,2017-12-18 20:57:57,2018-01-08 23:29:14,2018-01-12 00:00:00
cb61f25ed186c04d0a96e8830a3078d2,7b87f3ec73e9b766c9b145790745ab7d,delivered,2017-05-02 23:22:06,2017-05-03 23:30:11,2017-05-04 11:52:53,2017-05-18 18:29:57,2017-06-02 00:00:00
749c1e78ae991da38b61c92f926ab6e7,7224ce4000539b85758bdae0e06fb611,delivered,2017-02-07 19:41:56,2017-02-07 19:50:19,2017-02-08 08:10:26,2017-02-17 18:05:13,2017-03-10 00:00:00
3c082ca49aaf1923e87b34e1375a1413,0d8bfa786b498c6b7fc432785bcf36fa,delivered,2018-07-01 09:14:54,2018-07-05 16:35:02,2018-07-04 14:19:00,2018-07-10 13:42:00,2018-07-20 00:00:00
87ef1d19ade51410879febf6046ea642,8f5d149c0a37de04f261fda4d009fd03,delivered,2018-05-14 14:36:06,2018-05-15 04:35:01,2018-05-15 14:51:00,2018-05-16 15:03:53,2018-05-22 00:00:00
c5c6c23c10d2df268fd5cd8c107ba622,d3d2e5315be00995805d910be5eac7a0,delivered,2017-10-23 18:36:01,2017-10-25 02:14:12,2017-10-25 19:35:17,2017-10-31 19:28:55,2017-11-10 00:00:00
928039731518f9e1c89ffe7c84bd272b,664a413bf40bf81d1de046a84f08c9f0,shipped,2018-03-23 22:28:09,2018-03-23 22:35:24,2018-03-27 02:32:21,,2018-04-11 00:00:00
6883451a6880e8f0879d89b14f32d543,81df28f929296b9240d2dfb837ccfd5e,delivered,2018-08-09 13:01:14,2018-08-09 14:30:58,2018-08-10 13:44:00,2018-08-15 16:03:22,2018-08-21 00:00:00
02f1d13053a2833d022b8921ee3411a3,d11acaa2c66d92618088456a9ab09d11,delivered,2018-08-02 12:05:22,2018-08-02 12:55:32,2018-08-03 15:08:00,2018-08-09 17:51:25,2018-08-21 00:00:00
bae83a08b2c4fe52762acbf4b99ccbe6,f8b61dc0db201feed59e23ed0b26d2c4,delivered,2018-03-27 12:06:45,2018-03-27 12:15:24,2018-03-27 23:18:47,2018-04-03 01:34:36,2018-04-13 00:00:00
7f810862fa59153634479bde94a7dd01,d01f8667e3c2c3c75fe19ecaad2c36a0,delivered,2017-10-23 10:11:14,2017-10-23 10:34:41,2017-10-27 13:07:47,2017-11-07 21:03:25,2017-11-14 00:00:00
d1b501557cbea543fbaeba346ba6ca8d,662906073a9bafaa8a9c671c1112857a,delivered,2017-12-24 13:25:02,2017-12-27 04:07:45,2017-12-27 17:07:54,2017-12-29 20:33:49,2018-01-15 00:00:00
df31c03f22f15e6460a9eeb4de4968ac,611b4eed02fe31a0a9993a59023c35a8,delivered,2017-05-22 23:11:51,2017-05-22 23:25:13,2017-05-24 15:59:49,2017-05-29 16:29:45,2017-06-13 00:00:00
c041c06cb08a4dc92578157f2ad78587,34d7728944672ccbbe70d07c7e9cb4f2,delivered,2018-01-17 20:24:21,2018-01-19 07:52:24,2018-01-22 20:05:44,2018-02-01 16:28:25,2018-02-09 00:00:00
48842751df68fccf0ab0caa30930f21d,14d90e60e59ce7e9e9d2e8fb9dead3a0,delivered,2017-05-22 17:54:01,2017-05-22 18:05:19,2017-05-24 10:28:12,2017-05-29 11:43:13,2017-06-09 00:00:00
0e64431c08745e9d2d789b9e6c8acf0f,92757035e85249f3d30f26b354c8ef45,delivered,2017-11-25 15:22:23,2017-11-25 15:34:48,2017-11-27 20:28:31,2017-12-08 01:52:14,2017-12-21 00:00:00
62c0ac109b07c5ee88e4af0defbcd93a,5184b8a8ed32a5a2fd1ec17cb443f3ef,delivered,2018-01-06 19:09:04,2018-01-07 19:07:03,2018-01-08 19:14:18,2018-02-05 20:54:29,2018-02-09 00:00:00
c3b52dc8daa95457b88d258c2ebd55a0,1a5ae63d4cfaad990cc08d2f9a542326,delivered,2018-07-23 12:18:41,2018-07-23 15:31:50,2018-07-24 12:30:00,2018-07-30 16:45:31,2018-08-13 00:00:00
80384df0c422c9485fe5c3d33e07ac6b,038d099e202deff2c5ac1e89f86c6f46,delivered,2017-06-25 20:34:55,2017-06-25 20:45:07,2017-06-27 14:10:03,2017-06-29 08:59:41,2017-07-25 00:00:00
a22b2c47646006a89dd924c050860bb9,2f9b7738d4278250382b2ee26d7bf145,delivered,2018-03-03 22:50:45,2018-03-03 23:08:26,2018-03-05 19:39:08,2018-03-21 18:12:15,2018-03-22 00:00:00
3cbfc1637c7e8b1fefc098ea8220a57e,8d8b42864e9c58a7c29ede290104b5aa,delivered,2018-06-29 11:27:38,2018-06-29 11:51:17,2018-07-05 06:06:00,2018-07-12 18:32:09,2018-07-25 00:00:00
4a4802e33f88a8787ccc4cb998f416ac,364543b76991d783f53202967dd031ce,delivered,2017-08-15 16:59:37,2017-08-15 18:30:16,2017-08-16 17:25:47,2017-09-01 16:19:06,2017-09-06 00:00:00
a2043f0404780bcf3bcfb20cadbab2d8,b172fea144901e973afb5abe2e193106,delivered,2018-08-19 08:39:24,2018-08-20 11:10:31,2018-08-20 15:44:00,2018-08-23 02:08:52,2018-08-23 00:00:00
2a426febb90cb52eb50b9fb0f23a2866,39968567a8df09da844200af88be6d72,delivered,2017-07-17 18:49:48,2017-07-17 19:03:18,2017-07-18 20:15:53,2017-07-20 18:16:25,2017-07-28 00:00:00
a35d19174da638cd2d36dfd54c07749f,080251bf5e42a68d0afe41550463d74a,delivered,2017-09-26 15:58:52,2017-09-26 16:14:16,2017-09-27 16:38:12,2017-10-03 15:11:29,2017-10-25 00:00:00
ef9d153cbc715c909f32f099607e4fc2,34fd04888ab79b3b54d234056f63152b,delivered,2018-05-21 09:32:06,2018-05-23 02:38:26,2018-05-23 12:54:00,2018-05-24 15:18:27,2018-05-29 00:00:00
9608711e5e4642e06ddc2cddfe564d72,e881a54d9015afa438c2cd619aaf2f7e,delivered,2018-06-09 17:25:14,2018-06-09 17:38:59,2018-06-11 13:46:00,2018-06-15 16:52:29,2018-06-21 00:00:00
2db27b143f985b40640f72cb16a95f29,d723777e75dcf9ef925213374d01b37c,delivered,2017-11-26 17:11:53,2017-11-26 17:19:30,2017-11-28 01:04:40,2017-12-15 23:17:11,2017-12-27 00:00:00
93355a1eda6104b6fc69e20c6dfa753a,0a390bc3afc5179c5f3052d03059fe97,delivered,2018-01-23 16:46:57,2018-01-23 17:02:29,2018-01-30 22:49:15,2018-02-23 18:07:56,2018-03-01 00:00:00
7ca8f2556a9744a905d8f831fe60e39e,ffd094af4643c7ac712acd36a56feccc,delivered,2018-05-13 21:41:04,2018-05-15 04:35:11,2018-05-15 13:25:00,2018-05-22 12:16:32,2018-06-06 00:00:00
66dd200c66aaf1ba827ed694617b9ae3,e7d3f3253600cafa86cfb8884ead10af,delivered,2018-02-10 16:16:28,2018-02-10 16:30:33,2018-02-14 19:58:34,2018-02-19 20:29:56,2018-03-06 00:00:00
c5a47daec61dfde191baca4e5c10668f,d381b739f668204d24cec2de8c3c648e,delivered,2018-04-28 11:28:59,2018-05-01 05:32:45,2018-05-03 14:51:00,2018-05-07 15:10:13,2018-05-21 00:00:00
4c5071751ff07b3f013734d8b4aed882,fa819a09f3670490f40f198b7fc93a94,delivered,2017-05-15 21:59:13,2017-05-15 22:10:20,2017-05-17 06:39:46,2017-05-22 07:43:48,2017-06-02 00:00:00
c08f913d8edeabde7839e5b6a953ecf3,e62addf0b004f6b6785542df9821b423,delivered,2018-03-18 22:38:10,2018-03-18 22:50:40,2018-03-21 00:25:47,2018-03-22 18:59:54,2018-04-02 00:00:00
0c91f244ab45cbe4383163d46635b442,7c49e9f39b3edb70c81f1b9a3c443b06,delivered,2018-07-23 20:10:08,2018-07-24 10:31:04,2018-07-24 14:47:00,2018-07-25 21:16:34,2018-08-02 00:00:00
8b79176e5b12024a8da1e16cc162689c,838c788547330fd527ab08f59e37b65f,delivered,2017-10-28 16:40:13,2017-10-31 04:15:09,2017-10-31 17:43:42,2017-11-07 17:28:02,2017-11-27 00:00:00
e00bfbddf86f0a755d3550dd87962824,4ec69c7b800374eb21ae088ad7d707ff,delivered,2018-06-27 12:03:22,2018-06-27 12:33:21,2018-06-28 12:32:00,2018-07-03 16:18:48,2018-07-20 00:00:00
650a7c15686558f3805202b20b140fab,0d002ec84d39123abdfe7ebffc04bb3e,delivered,2017-11-25 11:42:17,2017-11-25 11:51:55,2017-12-02 18:17:08,2017-12-12 20:03:29,2017-12-18 00:00:00
a0a7acfccad3bda2ede93beeaeaac876,5fb39a43ec716936e83699ade7a664f5,delivered,2018-01-12 18:17:00,2018-01-12 18:28:58,2018-01-16 19:09:47,2018-01-19 16:39:49,2018-01-29 00:00:00
693f8bb47e6135ecad76616fa2596a05,ba7bd8c251c6e523206a75d970a5cc18,delivered,2018-08-08 19:48:41,2018-08-08 20:05:03,2018-08-10 15:07:00,2018-08-20 18:32:24,2018-08-29 00:00:00
a8d5b616150d16469de71f4099a76148,8d3715cd0e1d49020db4ecb2812f68cc,delivered,2017-07-01 19:32:46,2017-07-01 19:45:14,2017-07-05 13:16:47,2017-07-12 10:04:13,2017-07-21 00:00:00
3310a2bd8c292776c39ea3fa6cb47447,c4c8b821713ac3c53e5bad82d73309a5,delivered,2017-11-26 13:58:34,2017-11-26 14:11:49,2017-11-28 22:03:04,2018-01-11 15:39:57,2017-12-15 00:00:00
420ea4ffeae87855d2892618fb9f25f7,bfbd518c2b48ebac376121d42f5854f2,delivered,2017-05-22 09:55:03,2017-05-22 10:05:14,2017-05-22 13:52:55,2017-05-23 15:39:44,2017-06-02 00:00:00
15443e6c36bee0191bba44f93f55c1fe,5e34825621e2f665d50b4cee28e37023,delivered,2017-12-09 09:02:05,2017-12-09 12:51:07,2017-12-13 19:47:25,2017-12-23 15:38:53,2018-01-12 00:00:00
a57e4cb553fb02d95f5acfab1d068804,a29d711b1c8981c8e968a69bf604980b,delivered,2018-02-06 13:13:27,2018-02-07 02:55:45,2018-02-07 19:44:56,2018-02-08 17:32:23,2018-02-22 00:00:00
d3e8a13414ab6f219caf1745f1384b48,8f1ebbe7ddaf3f8846224831161d4141,delivered,2018-03-05 11:54:30,2018-03-05 12:10:24,2018-03-06 19:08:12,2018-03-07 21:22:17,2018-03-15 00:00:00
a1b541c5eedff59d42c867f78a823fdc,ac555867e2c10ce2caa5b945ce5d3e9a,delivered,2017-11-01 14:44:20,2017-11-01 14:55:21,2017-11-06 12:46:45,2017-12-05 18:46:39,2017-11-27 00:00:00
9d4c848f67a05d1b2d6f9f9fe1c932c8,c99c8103d1af91b19f82cec25c9a348b,delivered,2018-07-27 13:03:40,2018-07-28 10:50:12,2018-07-30 12:30:00,2018-08-06 17:59:46,2018-08-22 00:00:00
9183e2fd9515c57925a0251ccfc21c63,0411e33b400d7bea31c3983d67bc071f,delivered,2017-04-23 09:10:01,2017-04-25 08:05:34,2017-05-02 13:46:43,2017-05-11 13:58:03,2017-05-11 00:00:00
5d0b303a697b0b722ed82edf076fa3ef,de86465947da93f1fee2fdae6801c726,delivered,2018-08-18 22:35:00,2018-08-20 10:50:36,2018-08-20 14:05:00,2018-08-24 16:36:28,2018-09-05 00:00:00
d9249bddb2097479f5b0eede146ed02d,470fa3fd312895b59fc3b5394bcc99fe,delivered,2017-09-19 16:26:26,2017-09-19 16:37:19,2017-09-20 13:22:29,2017-09-29 14:29:39,2017-10-11 00:00:00
f59727f72b472d9e3863e4b4b277e1a9,2a146eb24a089c268ea7e15efb9ea6cd,delivered,2018-01-09 08:26:47,2018-01-09 08:36:03,2018-01-09 16:17:29,2018-01-17 17:53:23,2018-02-05 00:00:00
1a13ca44eb6a81849dac4aca572b5694,cde45df48b2265ad922b9d820ef49323,delivered,2018-01-20 18:56:44,2018-01-20 19:20:37,2018-01-24 18:09:26,2018-02-01 20:29:57,2018-02-20 00:00:00
eebb8622e78c78a62c7a2b941d76680f,2e5e192daace5791ff9fdb7cc0cc6d1c,delivered,2017-04-14 20:11:58,2017-04-18 04:32:32,2017-04-18 13:17:36,2017-05-08 09:57:38,2017-05-22 00:00:00
482795eb406ad7dbf6ddfa6af6e57361,17e951b7fd3ff98d07316a814b41b1c7,delivered,2018-01-16 19:00:31,2018-01-16 19:11:28,2018-01-17 17:22:30,2018-01-26 12:06:31,2018-02-20 00:00:00
cea95d05ab9ed4492e8be1c2122efcb7,ef332457518cc36a767dbed801b4b2ba,delivered,2018-03-27 10:37:34,2018-03-29 14:34:09,2018-04-03 23:25:21,2018-04-25 17:06:48,2018-04-24 00:00:00
62899f7b8e4122204fc3d26d8d2c3737,551adb1ab4dd9254a79d487f163c9629,delivered,2017-07-19 11:34:45,2017-07-20 11:43:36,2017-07-20 17:54:52,2017-08-04 22:19:45,2017-08-14 00:00:00
4b8824051ed03389f14443b1997b47ca,17d62cf511786fc1707088b9d1542883,delivered,2017-12-09 20:11:31,2017-12-09 20:30:37,2017-12-12 21:33:04,2017-12-28 21:05:14,2018-01-16 00:00:00
b6206a76c2773130f565806250be79a2,2d2831c77d9e86f8b8534ecf24cb2ed7,delivered,2018-01-11 12:59:07,2018-01-11 13:10:42,2018-01-15 18:18:59,2018-02-09 21:52:20,2018-02-16 00:00:00
95431c05f2b32414cf7839de333dc57f,91f7ba105111f895086a17fe5417431c,delivered,2017-02-01 13:01:36,2017-02-02 02:35:21,2017-02-03 13:18:57,2017-02-09 12:32:02,2017-02-28 00:00:00
8f7575919fce15314fd62b9cdea8cba6,9aa018fafd653c1c86f756a0645579eb,delivered,2017-05-13 16:46:18,2017-05-13 16:55:14,2017-05-15 07:52:37,2017-05-26 10:58:16,2017-06-13 00:00:00
2804b32d150c753fbd49da4d9c0c3158,5d86d96c2e0dcf2821a9f5b082e8bcc9,delivered,2017-04-11 14:17:17,2017-04-11 14:30:07,2017-04-13 09:35:44,2017-04-20 14:45:04,2017-05-09 00:00:00
8f18c3388d30c472f694e605be95b15d,c2941f3b96e73ee4e9011e091d332f61,delivered,2018-03-25 09:50:42,2018-03-27 03:49:34,2018-03-28 22:59:57,2018-04-10 17:46:43,2018-04-20 00:00:00
5c5bada3b8df98250966f5a7a584657d,8b6d84f739545aebe27a78474fe9ab9d,canceled,2017-11-06 18:16:33,2017-11-07 03:31:09,,,2017-11-28 00:00:00
b5826ef2c747e9cef1800c63d1a113e5,7e4a1d92a9fb7ea232cb87b57cc51ea6,delivered,2018-02-06 11:40:32,2018-02-06 11:55:44,2018-02-07 20:52:53,2018-02-28 22:22:39,2018-03-08 00:00:00
dae72058c85d67deae51d329e5b5938d,a4b9d0ad5ba0ebeca7c9e701a4c61e3c,delivered,2017-08-03 09:22:20,2017-08-03 09:30:15,2017-08-07 15:45:45,2017-08-11 18:06:01,2017-09-01 00:00:00
dc48537f3fcda6ce650158bebd4ecc6c,8b6cf98f689d56dcb2512ecc0b313729,delivered,2017-08-11 10:13:17,2017-08-11 10:23:51,2017-08-11 20:11:09,2017-08-17 18:53:44,2017-08-31 00:00:00
fda140e135ccab872e95fb03e76ba27a,2ac2009b6df5fb2fe64b6665f29f2405,delivered,2017-10-03 12:53:53,2017-10-03 13:07:21,2017-10-05 20:05:31,2017-10-11 17:53:49,2017-11-01 00:00:00
b287f7a260f83369913e3203c8b15be0,bd574f931adcf2c1c83e06ffb460d917,delivered,2018-08-19 19:06:06,2018-08-20 12:50:42,2018-08-20 15:21:00,2018-08-23 17:45:44,2018-09-11 00:00:00
229e63c6692ae32cdc9c4ba2851efba6,c1be99ad4f0115a447fc254886786926,delivered,2018-06-09 15:28:26,2018-06-09 15:50:12,2018-06-11 14:35:00,2018-06-18 19:11:47,2018-07-12 00:00:00
910be2c3ca6942b34613e11764c42e1c,369ec282b14f6130ae496897bfcb231f,delivered,2018-05-23 22:55:00,2018-05-25 02:55:05,2018-05-28 14:09:00,2018-06-04 19:48:27,2018-06-14 00:00:00
ee7a0f670ec1721759c9ca4217e1d9c9,b2a2e8b556dc8dcb235e678177b7352f,delivered,2018-01-13 18:51:24,2018-01-13 19:10:05,2018-01-17 23:04:04,2018-01-18 20:07:24,2018-02-01 00:00:00
3d9a71340ea2b14362b1a69f08252e45,3bbc87d35ec2db3f1ac09c6c55ce4d15,delivered,2017-06-15 10:15:14,2017-06-15 10:30:11,2017-06-16 17:55:52,2017-06-26 18:12:33,2017-07-21 00:00:00
42682e26483a7308854ae17e8ff408dc,079398086249945a3ef432ae14ecac00,shipped,2017-07-07 12:48:06,2017-07-07 12:55:14,2017-07-12 15:27:48,,2017-08-07 00:00:00
80ed5c72f5b84292602ff0184aad2385,24562e8f4e2484eb6586fc3716558e31,delivered,2018-07-08 12:01:00,2018-07-08 12:15:15,2018-07-10 07:14:00,2018-07-12 17:03:16,2018-08-08 00:00:00
668a8c6658202dfcedaffee43fdd4523,5168d07f7ef162f03de69cb599e6bd8c,delivered,2017-11-13 16:02:07,2017-11-13 16:11:22,2017-11-21 21:07:02,2017-11-23 14:16:47,2017-12-04 00:00:00
6ae8872e75a5a7aea3e8224fa4a67265,164ec23ae2118d936228a6b921fa02d5,delivered,2018-05-10 11:27:22,2018-05-10 11:51:46,2018-05-11 12:48:00,2018-05-22 15:32:41,2018-06-04 00:00:00
44fb0b3fb29ddaedf3fe5bd4a99e7495,0d7b652454b643aca094cbdbd5080867,delivered,2018-07-21 19:08:07,2018-07-21 19:24:08,2018-07-23 15:40:00,2018-07-27 19:58:23,2018-08-06 00:00:00
690b993c5b9c86969f5d763a0f1d5c36,0db1285d1cb88cd2661d114befa1374a,delivered,2017-12-13 11:40:50,2017-12-13 11:52:24,2017-12-15 16:35:21,2017-12-18 13:28:56,2018-01-02 00:00:00
c52c7fbe316b5b9d549e8a25206b8a1f,88324c93ce11436ae046563bf0da285c,delivered,2018-03-19 18:58:49,2018-03-21 15:15:35,2018-03-22 00:11:41,2018-03-28 17:45:55,2018-04-11 00:00:00
833eedb56c32640feb0446e2e042b42a,87655477e8726517d4bb95d4540576a7,delivered,2018-04-23 07:20:15,2018-04-24 18:38:55,2018-04-24 19:02:30,2018-05-05 16:56:33,2018-05-22 00:00:00
e9e856785fb0793e8ebc749b65858a89,e3292183ca12fd9ebb10b1599b0f9528,delivered,2017-08-21 17:46:25,2017-08-21 18:06:40,2017-08-22 19:51:58,2017-08-24 13:44:36,2017-09-11 00:00:00
6be2c0f364bfae8f84f696a114aab022,2e9e329d24a9a089ba5b571826fccb12,delivered,2017-08-28 10:34:23,2017-08-29 04:55:27,2017-08-31 22:30:04,2017-09-15 20:41:54,2017-09-26 00:00:00
eb0a128259780bab9b612db54eaa8eca,8eeb3f16a6b991197431a8738689fc5b,delivered,2017-08-22 08:50:36,2017-08-23 18:30:17,2017-08-31 20:34:58,2017-09-12 16:57:26,2017-09-21 00:00:00
8bf12a5b441bd86a1edbccb6137c9b0b,c466c7e0ab222e3ef6c8046e96128a8d,delivered,2017-09-02 16:05:34,2017-09-02 16:23:34,2017-09-12 19:55:32,2017-09-13 18:05:11,2017-09-15 00:00:00
c32cd20b02f7a00f57fc945e5ff41a6f,50af213ac6c4d368abec6e28d12c605c,delivered,2018-02-07 13:27:36,2018-02-07 14:31:57,2018-02-09 00:09:30,2018-02-14 13:57:13,2018-02-23 00:00:00
71121a4bc88a3b33f336ced66428974f,64515d5b8b7d02067fa9f06818226243,delivered,2018-02-04 18:47:06,2018-02-04 19:09:39,2018-02-05 17:58:48,2018-02-07 21:22:35,2018-02-21 00:00:00
a68ce1686d536ca72bd2dadc4b8671e5,d7bed5fac093a4136216072abaf599d5,shipped,2016-10-05 01:47:40,2016-10-07 03:11:22,2016-11-07 16:37:37,,2016-12-01 00:00:00
2aac5c4d129759ae26c259e49082856d,015d0c1d91a5b8042fdc425b5e8c8259,delivered,2017-10-08 12:57:15,2017-10-08 13:07:13,2017-10-09 17:52:41,2017-10-23 11:33:29,2017-11-09 00:00:00
89dcf119ac3433da8745b713ac6e1e4d,3b8655cca1d71775f761b6fa2b2bf468,delivered,2018-03-05 16:43:45,2018-03-05 18:31:18,2018-03-09 22:42:24,2018-03-16 23:42:06,2018-04-18 00:00:00
15360da03a0a021fc0e712a2d11f3020,9fa6f373ffbaf4c8dacd572551406374,delivered,2017-08-30 13:09:34,2017-08-30 13:25:11,2017-08-31 22:29:44,2017-09-05 21:57:01,2017-09-20 00:00:00
b78392b7c33c7ebd00d3ed0566813802,e59a2725e1a47c24139b9957f6ecd9ab,delivered,2017-07-24 22:02:37,2017-07-26 02:23:56,2017-07-28 17:27:45,2017-08-02 20:52:08,2017-08-17 00:00:00
23d0e1d4771f03561178a0997255ec3f,c174b07e5cef65c7e1c08a05d38ce5fc,delivered,2018-07-02 16:26:50,2018-07-02 16:50:06,2018-07-03 10:52:00,2018-07-10 16:34:48,2018-07-27 00:00:00
7439e4bd093c2c4b6d428c40e9b50c30,57d2e8cac21d839292ba374f50f07e58,delivered,2018-01-27 11:46:24,2018-01-27 11:56:46,2018-01-29 16:39:14,2018-02-08 15:58:51,2018-02-20 00:00:00
77f514f9d88e4b1d04a34761994ee78c,038043a62bca294b36eefac078e69729,delivered,2018-06-10 12:46:49,2018-06-10 13:11:21,2018-06-11 14:54:00,2018-06-15 12:03:37,2018-07-12 00:00:00
0560d47b670c197def5674ae22fe4fb2,653aab8386291bc37ce2475f7e449195,delivered,2018-06-09 18:09:07,2018-06-09 19:38:26,2018-06-18 09:51:00,2018-06-25 17:42:38,2018-07-11 00:00:00
82c5ef9af05ba4775bcabac8b9520c3e,39dc4ea368095398e5290e9370822169,delivered,2017-11-24 22:57:41,2017-11-25 01:58:28,2017-11-27 22:52:18,2018-01-13 16:28:48,2017-12-19 00:00:00
b1c87cf3c9ac90d18dbf33b6a5c32d83,24b80c81e6779841e8f648396b28c6de,delivered,2018-04-29 13:09:46,2018-05-01 05:13:50,2018-05-05 08:40:00,2018-05-08 18:58:42,2018-05-17 00:00:00
b40456ac26df93f73f7cac7e9d87de5a,fefad1fb324e283d8cd4dabc78c26e3b,delivered,2017-07-02 19:26:25,2017-07-02 19:35:11,2017-07-06 11:52:43,2017-07-14 19:07:30,2017-08-01 00:00:00
2dd1110225406663fec91a10b3c47c4a,240ab70435d02cd9730a051774515854,delivered,2017-11-15 09:37:00,2017-11-17 08:06:20,2017-11-22 19:07:34,2017-12-06 21:54:53,2017-12-20 00:00:00
fd74272535ad3904f7b20001968d5ad6,e29db470e294c6f8adcf5371d3c5ad07,delivered,2018-06-12 18:54:44,2018-06-12 19:27:06,2018-06-13 13:09:00,2018-06-18 15:58:42,2018-06-29 00:00:00
445e644ce100ddf209bc9fd616d882ae,e3e913ab3cb9ac3f67599e8174260658,delivered,2018-08-08 21:19:23,2018-08-08 21:30:12,2018-08-14 14:02:00,2018-08-15 21:59:43,2018-08-15 00:00:00
16b0c0cbd2cb8d38451cde11c7692534,aed262b54ee421d5750799b00c1585e8,delivered,2017-12-20 21:43:26,2017-12-20 21:52:29,2017-12-21 22:13:31,2017-12-28 00:10:09,2018-01-16 00:00:00
97fa69d1dadf68e14380efff921e2f08,c4a52e51855bb2501617758f2484b199,delivered,2018-02-25 17:49:28,2018-02-25 18:27:21,2018-02-28 18:18:48,2018-03-08 00:28:32,2018-03-20 00:00:00
f290369adad755bf94b365f0494dd617,02e5982f021f1312a54f569c0f9e7625,delivered,2017-12-12 08:14:21,2017-12-12 10:34:26,2017-12-13 15:17:19,2017-12-14 20:57:52,2018-01-03 00:00:00
03dab6b77334d60ea91564ec4c7813a1,0b1d44eb88413fe2e8981d81c8a989c8,delivered,2017-09-29 23:08:23,2017-09-29 23:24:45,2017-10-02 19:51:32,2017-10-11 18:29:51,2017-10-26 00:00:00
add089947b9ed98e5e257bbd4d13c8d7,8564af153d419842f67241c93e79dbde,delivered,2017-10-07 16:59:37,2017-10-07 17:14:14,2017-10-09 18:28:18,2017-10-13 19:10:07,2017-10-26 00:00:00
5a2c5c05a81bd6f430409c33079b43b1,eaa68a110b44460454d1c80a686ac16e,delivered,2017-12-18 21:32:30,2017-12-18 22:33:23,2017-12-19 21:09:01,2017-12-27 19:16:48,2018-01-18 00:00:00
7ccc11577ae58791fde9fe83f4c7f106,b7dbc8874c0f2dca8ff7b3cbd24c4f00,delivered,2017-11-26 19:20:04,2017-11-26 19:34:34,2017-11-27 20:39:44,2017-12-12 13:42:42,2017-12-12 00:00:00
90ce89533b41eda077534cdb0b9c9b82,8c97b7aa1fa85853a873119a113b7f46,delivered,2017-12-13 22:52:20,2017-12-13 23:09:14,2017-12-14 17:52:11,2017-12-23 00:33:30,2018-01-02 00:00:00
d4575d5b52616538e99ffe90f8931f81,f31dd75832bf4dde37a747567b6211cf,delivered,2018-06-21 17:20:29,2018-06-21 17:58:17,2018-06-22 12:41:00,2018-07-13 19:34:17,2018-07-19 00:00:00
b4f0db8feaccc3ba21f4998d4927cd4a,91835f885bfb14dfde8979136407fc85,delivered,2018-07-26 22:31:20,2018-07-26 22:44:21,2018-07-27 16:58:00,2018-08-02 01:40:49,2018-08-16 00:00:00
67bf20df4e87ad1c8103649d48afdcf1,1f5b0c07f0465d5231fa25560f7f321c,delivered,2017-07-20 08:35:21,2017-07-20 08:45:14,2017-07-24 18:13:41,2017-08-04 20:55:45,2017-08-23 00:00:00
849bd27b7510577eef2f081308eded4e,c5937f792a8d1763a86a7e84fd76218e,delivered,2017-08-17 19:47:55,2017-08-17 20:30:09,2017-08-22 15:27:53,2017-08-28 20:16:55,2017-09-06 00:00:00
32d31557d141320ba009dfb89facc01e,c35c5e3b336edfa0c68f04924fa48728,delivered,2017-09-23 21:46:49,2017-09-23 22:04:29,2017-09-26 00:56:51,2017-09-26 19:30:03,2017-10-16 00:00:00
4290ed1773c23fc8355ff8a696662879,a703b86ab97781e7be2f36724882b9a6,delivered,2017-05-27 20:02:51,2017-05-27 20:15:18,2017-05-29 06:56:41,2017-06-05 15:59:07,2017-06-21 00:00:00
3a335d9250509602da8eebcf766e1ddb,4b1bf0fb3fab75d5d3514922217262ac,delivered,2018-07-06 17:13:33,2018-07-06 17:31:30,2018-07-10 14:41:00,2018-07-12 13:43:24,2018-07-26 00:00:00
f6f0b0676bef546699a839d4e32078be,4abc685fab216e3d64369af95b1fe788,delivered,2017-05-03 01:33:19,2017-05-04 10:03:00,2017-05-08 15:37:59,2017-05-12 13:26:56,2017-05-24 00:00:00
2066d72ba98377b5d57dcb234c70c2a1,abd627a874f1563f677eca50b8644154,delivered,2017-10-22 14:11:40,2017-10-22 14:21:20,2017-10-25 19:52:55,2017-11-01 20:56:53,2017-11-13 00:00:00
91663d2b599bc34de8a6c4993c5ffd0b,648e26ec05cfd8f8bb433e04a1c648cd,delivered,2018-03-21 13:29:51,2018-03-21 13:48:02,2018-03-22 19:51:27,2018-04-16 22:03:24,2018-04-20 00:00:00
c98c642afddadee451d6ca9822f297d9,4ee4c7cf3dd5c13201b260d010f3b623,delivered,2018-03-25 14:14:04,2018-03-25 14:27:55,2018-03-26 21:47:58,2018-04-10 22:03:33,2018-04-19 00:00:00
2a02e0744a44c3062272575a439947e4,187f706629173579fa6ab0deae7ef90f,delivered,2017-07-06 12:30:26,2017-07-06 12:43:49,2017-07-06 12:49:07,2017-07-12 20:12:35,2017-07-26 00:00:00
631865c63a1d2240a67c708d4b166f14,fb5124803b7ec9f7be751aac31d008a1,delivered,2018-06-15 22:08:34,2018-06-15 22:40:34,2018-06-18 14:11:00,2018-06-28 16:10:55,2018-08-03 00:00:00
05cb96d379b1a3df48333ecaa572bf26,c6e691c175eec63a4100191183cf90fc,delivered,2018-08-22 13:49:40,2018-08-22 14:04:38,2018-08-23 14:23:00,2018-08-27 22:58:23,2018-08-27 00:00:00
ab07bba4aa52c95cfd9d7a418d9be63f,f6010393e9f880a4a9cff385df25e0e8,delivered,2018-08-07 21:54:37,2018-08-07 22:05:30,2018-08-08 14:43:00,2018-08-13 20:48:46,2018-08-24 00:00:00
55a54184af6cdb5cbd95d124883c2dbb,6633e658356d7a598fe1cd44a46cbf34,delivered,2018-06-27 06:56:08,2018-06-27 11:18:24,2018-06-27 09:57:00,2018-07-05 19:03:34,2018-07-26 00:00:00
b440ae5462e075298885ddda8a0b9b1f,add67dab5fc95de57ed622543b92d355,delivered,2017-08-02 21:39:05,2017-08-02 21:50:18,2017-08-03 13:33:57,2017-08-14 16:57:27,2017-08-24 00:00:00
90540cf8cf4df7ed6e10425cdfd522c9,98721c618b43935849baec57ffb8dda0,delivered,2018-05-09 18:14:31,2018-05-10 18:18:17,2018-05-14 14:35:00,2018-05-15 17:34:59,2018-05-18 00:00:00
22d0b79a88fe360e41471c8477379673,232359797a832f108d94e9351a75fc2c,delivered,2018-07-07 14:42:57,2018-07-07 14:55:18,2018-07-09 12:16:00,2018-07-12 19:31:55,2018-07-26 00:00:00
6d1f4b5c285e35679fa4d3bcf80d3706,ec7d43b5e856b72f416a6e22a83d9877,delivered,2018-01-04 22:42:39,2018-01-06 02:08:09,2018-01-09 20:44:10,2018-01-15 16:44:35,2018-02-01 00:00:00
1b31224d12bca993297e386557c6a6d1,993a144bb2476f75dedfaaa4d1f3d213,delivered,2017-08-17 20:15:03,2017-08-17 20:55:22,2017-08-18 16:59:57,2017-08-28 17:39:37,2017-09-15 00:00:00
751161aadc4b3f4e09ace1f4ea2c146a,e648e9f600dd3dffe651b1d7cd0dd0ef,delivered,2017-10-10 23:12:54,2017-10-10 23:21:31,2017-10-11 17:35:57,2017-10-17 17:48:55,2017-11-03 00:00:00
bd6e00529da9ca228af97220e4ca308e,ed4195807797d36c737ccef3fc149543,delivered,2017-12-12 19:34:26,2017-12-12 19:50:13,2017-12-14 13:28:36,2017-12-19 14:04:58,2017-12-29 00:00:00
40c95b7789cf4450c616a71d2efab73d,75bfc6853270154fc640f0ca072112d0,delivered,2018-08-02 15:24:39,2018-08-02 15:35:14,2018-08-07 10:45:00,2018-08-10 16:28:49,2018-08-14 00:00:00
569cb3533c4e55e00e6194974c746ec0,ac2c4761c922473d929ad0e8753b3863,delivered,2018-08-13 04:42:52,2018-08-13 04:55:21,2018-08-13 16:09:00,2018-08-15 21:46:50,2018-08-16 00:00:00
22ae8ab3dfa3ebdf917e692ac6c0348a,ae6858271a7210775085e4309eff5bd7,delivered,2017-04-10 20:17:01,2017-04-11 03:55:39,2017-04-12 09:52:38,2017-04-19 14:58:32,2017-05-16 00:00:00
56e46f9fbf0e165946433a74fc1fe7c8,735007c3338c8aa5520bb513b4166921,delivered,2017-10-15 04:15:02,2017-10-15 04:28:11,2017-10-17 18:09:29,2017-10-23 14:37:33,2017-10-26 00:00:00
bd859dd7a6a1b8c1df9fcb75c3604eaf,db12eed5694b676a8e2e6943eabf3353,delivered,2018-03-19 20:13:59,2018-03-19 20:28:06,2018-03-20 22:41:44,2018-03-27 23:12:33,2018-04-09 00:00:00
9d54d8f8b66f65b995f70ab7a098dcb7,7c084893057c9192829aafcf10078cff,delivered,2017-05-17 20:01:55,2017-05-17 20:15:10,2017-05-18 13:22:53,2017-05-24 10:46:41,2017-06-08 00:00:00
43e4d5ff99bd1ca2d1cecbbf81067f4d,23fd1057f419241e5e9307e2ce4b0b28,delivered,2017-03-20 19:49:13,2017-03-20 19:49:13,2017-03-22 09:53:06,2017-03-28 14:28:02,2017-04-06 00:00:00
5b87678fe5651f0c1e5ee9bb16108947,49919872da0015df0976c8783cc00cde,delivered,2017-09-03 18:39:52,2017-09-05 04:30:59,2017-09-05 21:18:16,2017-09-15 21:17:50,2017-09-26 00:00:00
8fa73214ec84ad62b67c72e8b9152a42,8ec0c8b45cc0a0fe7f4e077aac379ddc,delivered,2018-05-12 20:37:51,2018-05-12 20:50:45,2018-05-14 14:25:00,2018-05-29 16:03:03,2018-06-11 00:00:00
62fd709303ada1fdabb94af48092000b,07da8351231ee38e495f9858a6531489,delivered,2018-03-10 11:40:41,2018-03-10 12:28:13,2018-03-12 18:18:32,2018-04-11 19:41:11,2018-04-09 00:00:00
36b29d751a3c14a1b9be3bf8321412ff,a816185b2218c41340f7ef0ac436daee,delivered,2018-06-22 13:52:32,2018-06-22 14:20:11,2018-06-25 15:31:00,2018-07-03 17:14:08,2018-07-23 00:00:00
1679d1eb7779b27771375628ff2f95f7,fdeef3ab1f545e40afb89b67d3979118,delivered,2017-11-24 09:33:45,2017-11-26 09:34:26,2017-11-28 22:16:59,2017-11-30 23:16:48,2017-12-08 00:00:00
f1b7d59f950404a6f520298601daac7f,842d0a578fc9965acb84ea548c9f1a64,delivered,2017-08-10 13:10:48,2017-08-11 13:05:08,2017-08-23 13:34:58,2017-09-08 11:00:11,2017-09-12 00:00:00
999e2278889e77fb63971f65efa94ac0,85805efb5806ba30050e8214da2277a2,delivered,2018-02-05 21:00:20,2018-02-05 21:11:19,2018-02-06 21:07:53,2018-02-14 15:43:44,2018-02-21 00:00:00
84efa035e6e5705e9a028f381e668b62,4fc3bf60da2889c40095a1f65fd59d3b,delivered,2017-03-22 21:02:08,2017-03-22 21:02:08,2017-03-24 07:17:42,2017-04-04 12:38:20,2017-04-17 00:00:00
707977c86502593ef9aa22201fbcbde5,e36c09732cc189b578c48630cdef520c,delivered,2018-02-19 15:23:56,2018-02-19 15:35:25,2018-02-22 20:53:01,2018-03-29 18:46:58,2018-03-12 00:00:00
c171b5e40886fdb5a21408a037b5e737,4cbc8c5fc7de7cf304844aafa22c189b,delivered,2017-12-27 17:44:18,2017-12-27 17:54:25,2018-01-02 19:38:43,2018-01-22 15:46:42,2018-01-29 00:00:00
15326c34cf9b21f614aab987f04df16d,2d5bb2d60a1915c29811a2639374b6f8,delivered,2018-03-19 16:11:16,2018-03-19 16:27:26,2018-03-22 22:26:30,2018-04-20 20:57:22,2018-04-11 00:00:00
0501e7fec71cfd7db3c1e2242e51f909,e4f9d16f59a10c5f8e30d4cd19a8f1a9,delivered,2017-11-30 13:30:38,2017-11-30 13:52:12,2017-12-01 21:06:55,2017-12-04 21:28:42,2017-12-18 00:00:00
2c81e6aa6ff35dc1927f3002b02c7066,f31d0ce927351196bc937833455c3185,delivered,2017-06-27 19:39:10,2017-06-27 19:50:17,2017-06-28 14:42:48,2017-07-04 12:14:20,2017-07-24 00:00:00
2491bbd54035d1c304dff79defaf8956,776713d4beaa23822f7f39e707754708,delivered,2017-12-07 23:37:37,2017-12-07 23:52:36,2017-12-13 16:19:18,2017-12-28 16:44:46,2018-01-05 00:00:00
12d67f3bb7022b6f0f96a8189a811564,3e27773eaf75d0e19eea74c707995321,delivered,2018-05-08 17:36:10,2018-05-08 17:51:54,2018-05-09 12:24:00,2018-05-10 18:35:31,2018-05-17 00:00:00
fae572411cb121810698d2fff3251754,d97e260b2b3b058753300aca9b46b20f,delivered,2018-03-12 20:57:39,2018-03-13 20:56:18,2018-03-16 21:45:48,2018-03-30 00:21:10,2018-04-02 00:00:00
08ea06da9974b971f8fad4929380e24b,cef90a63b305fc7abea62dd395a056f7,delivered,2017-11-24 18:30:10,2017-11-24 21:38:30,2017-12-06 17:25:18,2017-12-13 17:48:47,2017-12-18 00:00:00
4fd902efd26ccffb79f2a7df0fdba36c,673d3b04bdc0ed94516bbc922c2160a8,delivered,2017-11-20 19:31:42,2017-11-20 19:38:34,2017-11-22 21:22:08,2017-11-23 20:59:07,2017-12-04 00:00:00
6365be88d51d66dbac002c738a56bae9,90988a2f99816e66258626637c4d1599,delivered,2017-10-14 04:31:51,2017-10-14 05:23:23,2017-10-16 16:28:59,2017-10-19 19:33:06,2017-10-26 00:00:00
1537883594710d72e0f3e96f796fcd27,fca4bdb14966b7230098dffb7e01e67a,delivered,2018-01-01 17:25:07,2018-01-01 17:35:25,2018-01-05 23:42:35,2018-01-18 22:13:32,2018-01-29 00:00:00
e192b63496e874f9ec02a62d97ac23be,611086d2305e396ee944223283d20362,delivered,2018-03-03 08:59:18,2018-03-03 09:10:28,2018-03-15 18:31:35,2018-04-21 00:48:52,2018-04-12 00:00:00
5042c0182e2b58be03014e391041a643,0805e08d6c7516d177edfe9fc6152a98,delivered,2018-05-13 21:54:21,2018-05-13 22:13:48,2018-05-15 11:04:00,2018-05-16 20:16:34,2018-05-29 00:00:00
50cc8ba47fc38dfed74c9482ff949a46,9d5af95c54d7bc8a6ba7ff4e58a27cdf,delivered,2018-02-10 18:23:47,2018-02-10 18:35:25,2018-02-14 22:09:34,2018-02-19 22:55:13,2018-03-08 00:00:00
08c3c0d49b3cb66764234e0fa980e850,24a9d9ed5262306de7a4b0925ada06dc,delivered,2017-12-05 13:29:49,2017-12-05 13:53:42,2017-12-06 12:52:09,2017-12-20 20:19:12,2018-01-03 00:00:00
5608fbafdf5afccc1d6582215f9a0400,c767d22702cc40cebd33633d12a2675f,delivered,2018-06-27 11:43:22,2018-06-27 11:57:42,2018-06-28 11:57:00,2018-07-05 16:46:48,2018-07-30 00:00:00
928563298c0ea160c86ff4cd98c52aa7,06225a4d38766a2b975fe4dca6d61939,delivered,2017-09-27 20:34:37,2017-09-27 20:49:29,2017-09-28 18:02:31,2017-10-05 19:16:33,2017-10-19 00:00:00
705c73692cee1d4b25042f00e09d7688,0c4846a1d98b1cba181d10d8f391b827,delivered,2017-07-27 08:44:04,2017-07-27 10:02:50,2017-07-27 21:15:02,2017-08-04 17:38:00,2017-08-16 00:00:00
e4abb8fe0937a88e04513430b69d268e,f2ac1a7631ac7ddebc1adcd171f7e2ac,delivered,2017-02-20 14:07:29,2017-02-20 14:15:21,2017-03-01 15:18:57,2017-03-06 19:25:45,2017-03-17 00:00:00
c12d83e36f291cf576ce948e5883310a,08267ee530789f980dabae7d90aa87de,delivered,2018-02-22 19:54:43,2018-02-22 20:09:11,2018-02-26 19:19:18,2018-02-27 19:40:03,2018-03-09 00:00:00
c14ecd7b2fd9b06640b5ef67f195ee36,be996b69aa2787a4562aef93e61ab3d5,delivered,2017-07-29 10:07:48,2017-07-29 10:23:30,2017-07-31 20:36:21,2017-09-06 22:04:44,2017-09-01 00:00:00
87f53a70fe59ee417c9cb654dded07ac,0a60a71e2886cc3c0d92fb7618073020,delivered,2018-06-26 18:51:12,2018-06-28 09:10:21,2018-06-29 14:06:00,2018-07-06 16:46:30,2018-07-26 00:00:00
89a52f9735ee199f8c4583cd8d77de4c,c560882c119189881ed615f5e1555f0e,delivered,2017-09-19 15:49:50,2017-09-20 02:24:07,2017-09-20 17:03:22,2017-09-26 19:32:55,2017-10-06 00:00:00
a2a2c4451f820eb26afdc913f23b318b,efd6fec8f33c64ead2d675d6c953d397,delivered,2017-06-27 11:04:34,2017-06-28 02:44:18,2017-06-28 14:19:00,2017-07-03 14:51:17,2017-07-10 00:00:00
b203926285e72ba51c04c68b70666e32,2caed4106ac34123aaa5b6bdcd6fccb4,delivered,2018-05-06 16:31:54,2018-05-08 03:52:26,2018-05-10 19:56:00,2018-05-19 12:26:05,2018-05-25 00:00:00
4bb9f56f9fdb757c77ec38c0989cba4e,c159666648d013ce39dc858d45eae4c5,delivered,2017-04-27 07:59:31,2017-04-27 17:45:25,2017-05-04 13:34:25,2017-05-17 09:05:11,2017-06-07 00:00:00
3e99c48e3a2093f5d222df8f00b5a6f1,8aff0cb3e073d9508eb9b614cc02f42f,delivered,2018-01-20 15:37:45,2018-01-20 16:00:27,2018-01-23 18:35:38,2018-01-24 23:52:44,2018-02-06 00:00:00
159844b19db2d2dc59a55ee69a971226,7b1e954a8fc9cef169c7cd89297c94a8,delivered,2017-12-13 11:29:30,2017-12-13 11:38:30,2017-12-20 18:11:28,2017-12-26 15:38:07,2018-01-08 00:00:00
bfd3c0322478fe031cd53276e6927ac6,e7443209409e77cc0f3301d94901994a,delivered,2018-06-07 17:11:03,2018-06-08 09:14:40,2018-06-08 10:33:00,2018-06-11 22:25:45,2018-06-25 00:00:00
c02f1c85742b8acbc1c02a8d7e6d71dd,943521f571176614708a6910175178e3,delivered,2018-03-07 22:25:17,2018-03-07 22:35:35,2018-03-12 19:02:14,2018-04-15 18:20:47,2018-03-29 00:00:00
19bb820442f9f4a4efe0ee64f855d532,2834eff6cf7bd868e71858ea37ccada1,delivered,2018-05-29 17:07:53,2018-05-30 07:34:07,2018-06-05 11:39:00,2018-06-18 13:48:54,2018-07-05 00:00:00
f0d367f04ecab8c00411ee7320a5ca77,bf01f3a04b580fb95c093bf4af56255e,delivered,2018-07-02 15:13:42,2018-07-02 15:30:57,2018-07-03 15:28:00,2018-07-06 18:40:32,2018-07-31 00:00:00
e326f9904d668c8e2fce637b8b1fabe6,1a2c5e72ec0730bd2dc38f854761d1e3,delivered,2018-07-28 13:14:25,2018-07-28 13:44:38,2018-07-31 15:55:00,2018-08-01 14:51:23,2018-08-06 00:00:00
ef0dcf520a0a4634713a5ef4806433c2,6f6b0d00f27e19338f698aa121703b4c,delivered,2017-12-27 10:18:50,2017-12-27 10:28:30,2017-12-28 17:19:25,2018-01-04 16:52:52,2018-01-24 00:00:00
050c32bac1e923fa3406fdedf75feb89,6dedb64b7cc4bfe0caf12f060f14990b,delivered,2018-03-05 12:04:09,2018-03-05 13:15:44,2018-03-15 18:32:36,2018-04-04 16:46:42,2018-04-18 00:00:00
44af8639fec8bea3c082d435fc3a5a5e,6ce734231e9e9965c32287678fe1aaf5,delivered,2018-04-12 22:22:40,2018-04-12 22:35:13,2018-04-13 23:32:06,2018-04-26 20:46:43,2018-05-16 00:00:00
fbd3f15f34958b4aa4d193afa4a7278b,2f71b2b6d65a60fa6bf6e33bea5175fb,delivered,2018-01-17 13:44:36,2018-01-17 15:48:37,2018-01-19 16:58:49,2018-01-22 21:22:43,2018-02-01 00:00:00
55d4d9c0f7de603b836a906fa3dc4d91,92e467b22526e35c020e4b58b03ba8f3,delivered,2018-01-31 13:14:45,2018-01-31 14:26:37,2018-02-01 20:47:36,2018-02-06 19:22:46,2018-02-23 00:00:00
674dc699bdf7b477fcf8efa0b898802a,55ca0a4d904df9708853ea6231f68a26,delivered,2018-05-20 01:08:53,2018-05-22 09:36:22,2018-05-23 15:01:00,2018-06-05 19:58:51,2018-06-11 00:00:00
b62490833ad4da4f0f696c9358737651,36a52cbef5f4a32aed0c0215995985d4,delivered,2017-10-30 02:03:05,2017-10-31 04:30:15,2017-10-31 16:53:48,2017-11-08 17:54:43,2017-11-29 00:00:00
1b6c5ab6683a19bca12106679e94fe4e,8ac8d9c1fb5ae04d995ea858252714e5,delivered,2018-03-28 20:36:47,2018-03-30 03:15:44,2018-04-02 18:04:13,2018-04-05 14:22:38,2018-04-20 00:00:00
9b1d0dd42862c68280468732a4399034,6d7dae0835c48b8cf7ad6a03b9105132,delivered,2018-08-08 14:24:20,2018-08-08 14:35:18,2018-08-09 08:03:00,2018-08-16 20:21:46,2018-08-29 00:00:00
66dbc9ec3eb2119ce225357587599804,0d50a5c726a7cef6fa42fedead26a863,delivered,2018-07-24 17:06:47,2018-07-24 17:24:17,2018-07-25 14:49:00,2018-07-30 15:43:48,2018-08-20 00:00:00
10868fbb44c78f78b3c037e71150b0f3,3f2372ae0d7c19bf8f2b07bd3bf82d70,delivered,2017-11-27 23:11:31,2017-11-30 13:31:20,2017-12-01 17:51:42,2017-12-18 23:59:11,2017-12-21 00:00:00
038eb192a216fe0c545a8ff3b1b96885,320a107d49c46f919012be351ec06cbe,delivered,2017-12-30 22:07:13,2017-12-30 22:19:19,2018-01-03 22:14:41,2018-01-05 18:23:09,2018-01-24 00:00:00
7df7653547bf44ffc3ac4a10375672cc,36909e3da877ae21a068c17e1a723de9,delivered,2017-05-03 12:00:36,2017-05-03 12:10:27,2017-05-04 12:50:02,2017-05-16 14:47:33,2017-05-29 00:00:00
43cf87bce9a2df259cbe04f3effece28,adebd09bf34331895e85b10eb882a992,delivered,2017-09-16 19:25:39,2017-09-16 19:36:09,2017-09-20 17:20:12,2017-10-02 19:49:57,2017-10-05 00:00:00
175ba47aad2d017d2495c66b763a7df6,890f8c3559b1bf4248a9adc64369228d,delivered,2017-08-05 22:15:00,2017-08-05 22:43:24,2017-08-07 19:21:50,2017-08-14 17:50:15,2017-08-29 00:00:00
e8d59e851f7fa20ad90e71de20e4b099,22ae63417e53c613cdd4ed5e1863f3f1,delivered,2018-05-18 11:34:09,2018-05-18 13:26:10,2018-05-18 15:43:00,2018-05-22 17:09:50,2018-05-30 00:00:00
f461365902fbac0de671877edd6649f1,e966362139bcbf3adfc02f892f0483be,delivered,2018-04-14 21:03:20,2018-04-14 21:15:18,2018-04-17 14:08:39,2018-04-24 14:05:33,2018-05-17 00:00:00
02593f8472d9ab3c2620b1b46166c231,35a7bbd619604e6a5796498ff353983d,delivered,2017-07-12 11:50:10,2017-07-12 12:55:10,2017-07-12 19:07:57,2017-07-25 13:07:58,2017-08-01 00:00:00
6ee51c0635bd64edb1ee4563a3d6d34d,0eaa15d07cfcaec9478c1f26008a939f,delivered,2018-05-19 21:22:24,2018-05-20 00:33:23,2018-05-21 10:26:00,2018-06-05 00:18:20,2018-06-28 00:00:00
d437ec1ece70f3e35d2695adfeb8a272,a75a82a30eac1c78ee2382e13027c787,processing,2017-03-13 13:32:46,2017-03-13 13:32:46,,,2017-04-13 00:00:00
cdd2f841bc21ca6e8cb60fe51a640bd4,4721c721366c0149c5f5e89bfa7b57ef,delivered,2017-12-09 21:16:31,2017-12-09 22:10:52,2017-12-13 14:37:59,2017-12-26 17:24:34,2018-01-10 00:00:00
2f184c1f767b1dab8ce9aefda0db5b33,d8fd572ce0ee17f76fae769f2511170e,delivered,2018-01-09 13:30:33,2018-01-12 08:28:17,2018-01-12 20:23:44,2018-01-18 22:35:05,2018-02-09 00:00:00
50016cfea9ee1adce87144110716aa4e,9e180b9c16351a7ceb21f0a03621cd50,delivered,2018-06-03 23:16:48,2018-06-03 23:30:01,2018-06-04 13:45:00,2018-06-12 14:11:10,2018-07-11 00:00:00
49db15f238abb7faea2c0d5610794e9a,6b233da8495074971cae1707484afe04,delivered,2018-02-09 09:48:57,2018-02-10 02:35:55,2018-02-14 18:36:51,2018-02-18 20:08:39,2018-02-26 00:00:00
a7a4d5215a044ac4b7d95b57df797769,2ae1536892f83ba2c76e147c2a160dea,delivered,2017-06-20 09:56:30,2017-06-20 10:05:16,2017-06-21 10:59:52,2017-06-22 10:35:01,2017-07-03 00:00:00
5128a1fb5fd9f44d87fc13d784b3b9b9,3e64eb3cfdeb0c9cb5fb497e7afdd9f6,delivered,2017-10-31 07:53:48,2017-10-31 08:05:57,2017-11-07 12:29:15,2017-11-20 20:16:59,2017-11-29 00:00:00
5eec54bafdf6539e7714a6f883ed9e60,edef7a1bafe2826816b9433101b0e144,delivered,2018-03-26 12:47:59,2018-03-28 02:47:50,2018-03-28 20:06:35,2018-04-02 19:58:56,2018-04-23 00:00:00
1db8c2514e276b566dd44aad287362aa,df57c18507600c6ed4e010f3ebdc516e,delivered,2018-07-28 19:04:17,2018-07-31 04:05:52,2018-07-31 12:19:00,2018-08-10 10:48:46,2018-08-17 00:00:00
fcdaba27fd62777362e818998aa76b94,ac547427f9b41bb8d04e4d0c01ae1078,delivered,2018-08-25 22:41:57,2018-08-25 22:55:11,2018-08-27 14:11:00,2018-08-28 12:34:52,2018-08-31 00:00:00
e4757cbf56d456e12fe04d675a220f1b,6ce2db4475128f5286e92f4361334644,delivered,2017-12-29 16:31:00,2017-12-29 17:07:31,2018-01-10 15:32:26,2018-01-12 12:16:04,2018-01-18 00:00:00
de9517fb01c6e4692d1cc9ff37c4d9ad,d84540bbbcc74f318a1cb2d8ede1990f,delivered,2017-10-14 10:44:30,2017-10-14 10:56:16,2017-10-16 19:37:58,2017-10-23 22:54:40,2017-11-07 00:00:00
b27b73e4dc66dd3733d11cd49b3474be,6d9ef37528ae275f2b37f5796c8784f0,delivered,2017-06-09 17:01:27,2017-06-09 17:10:22,2017-06-09 17:17:44,2017-06-13 15:03:40,2017-06-23 00:00:00
bf7911236fc09a55304ec17e869b1a1e,ad45cb62302361bbf57a3efbf8dfcc67,delivered,2017-04-20 15:09:33,2017-04-21 05:15:36,2017-04-24 17:33:27,2017-05-05 08:46:58,2017-05-12 00:00:00
7509453843e932c3120d2e3c8bc4563d,57faf08fbe5cabf31844e466b478108f,delivered,2018-06-13 18:55:35,2018-06-14 17:21:06,2018-06-18 10:00:00,2018-06-25 17:38:19,2018-07-17 00:00:00
c0501d3db0e3b05744f4aa2c83338a43,f43a7529c551768c6df1c74842568ad3,delivered,2018-02-13 14:33:30,2018-02-13 15:07:52,2018-02-16 23:04:30,2018-03-13 19:07:19,2018-03-07 00:00:00
ca568c428649f0aaaf41519c7010f093,83311320eccb56aef770194034cd359b,delivered,2018-08-18 15:28:51,2018-08-18 15:49:20,2018-08-21 10:32:00,2018-08-30 11:03:03,2018-09-05 00:00:00
bf2b2acbd8715f4415c2adfd5d9cf772,15da4fa167d44cfb1f970edb13027e88,delivered,2018-08-03 16:03:27,2018-08-03 16:15:17,2018-08-09 15:39:00,2018-08-16 14:52:51,2018-09-03 00:00:00
6eae3cf9505d45a6663aae819a2252e9,963eb10f3b68d2d56bea152cce226f80,delivered,2018-04-03 22:50:02,2018-04-03 23:10:06,2018-04-04 19:14:42,2018-04-05 11:51:07,2018-04-13 00:00:00
478887cd708081a72d53f271fe615bae,1a4b78d85fa4ba4e6411700e62e8417c,delivered,2017-10-03 18:49:22,2017-10-03 19:07:11,2017-10-04 20:52:27,2017-10-19 22:33:46,2017-11-06 00:00:00
21c8e489ad81de6c543c6e3964f8038f,7c5eab034667bf8875fbb75c1a2ed261,shipped,2017-11-10 10:09:43,2017-11-10 10:26:45,2017-11-16 14:40:35,,2017-11-24 00:00:00
441ab430a31f0c3424c85496c65bc8f2,ef0a53a3dc977bf493065ebf09ab4d93,delivered,2018-07-28 14:47:32,2018-08-01 16:31:29,2018-07-31 08:30:00,2018-08-03 18:36:45,2018-08-09 00:00:00
b495ec18170fb28a3610c8d3ab464442,a7ef3a4c88848b53b0a34eb34ad1fc2a,delivered,2017-02-10 11:11:16,2017-02-10 11:23:10,2017-02-10 14:24:46,2017-02-17 18:47:55,2017-03-13 00:00:00
b8c5f369bfaa01d560abf962a460e01a,838a8a0e522e128e0d0ce9ba3e142606,delivered,2018-02-19 19:46:06,2018-02-19 20:47:06,2018-02-22 00:21:28,2018-03-12 20:40:37,2018-03-14 00:00:00
46ad0b6df7c2befc459ec361a3b4ec2a,173e7153a2524e46e9273d7fa559d42b,delivered,2018-07-13 19:56:03,2018-07-13 20:05:23,2018-07-16 14:59:00,2018-07-21 17:51:27,2018-08-08 00:00:00
274a6079c2d1a10fac2e7e0154ebf4d8,21d6092db5e584e8b67f5841c6157289,delivered,2017-09-04 16:34:24,2017-09-04 16:45:35,2017-09-05 20:09:32,2017-09-13 15:55:56,2017-09-29 00:00:00
e40632c1a86bf79342051a1ed16149c3,126c07766dc7ac241d1147197509edc7,delivered,2018-04-14 18:14:54,2018-04-14 18:31:23,2018-04-16 21:57:42,2018-05-03 20:27:51,2018-05-21 00:00:00
d4571886185581e35543a4c104bd0cd4,23f1d9792d6032bbdb97d6ae3988d21f,delivered,2018-05-08 09:27:13,2018-05-08 09:50:40,2018-05-08 12:54:00,2018-05-18 15:53:45,2018-06-06 00:00:00
ceb0508b7d0cebf8cd0cf1052322da3c,c4e0a16af80a051c0641f0bd76622c7c,delivered,2018-08-01 09:08:12,2018-08-01 09:15:11,2018-08-02 10:51:00,2018-08-06 20:27:47,2018-08-22 00:00:00
d2f7f741c41b156c60f31e9d119dd22e,beb96061489f7c042c033ae76990e106,delivered,2018-01-10 13:50:43,2018-01-10 14:08:03,2018-01-12 12:48:49,2018-01-18 17:24:28,2018-02-05 00:00:00
257b6d1def081b82c8b6a90d527728b9,ee9d0cf48b7f9442b245f9056b354d2f,delivered,2018-02-22 16:06:13,2018-02-22 16:29:30,2018-02-23 18:52:25,2018-02-27 00:32:54,2018-03-08 00:00:00
fc8cfc59e513f5aafda0556119d11adb,2807681b890e0f8dc56034e98de8531c,delivered,2017-04-05 08:39:45,2017-04-05 08:50:11,2017-04-07 15:46:22,2017-04-10 11:10:18,2017-04-26 00:00:00
85ffc5039512a0157a7c1f285bad1341,04ac504901720fa9836cbc6df1350e4e,delivered,2017-06-04 18:42:05,2017-06-06 13:15:16,2017-06-07 10:44:38,2017-06-13 13:00:15,2017-06-30 00:00:00
c99f7c8803c7a958c31ba67e7432ba16,f91b9de924df4019df6884555b9b23d2,delivered,2017-11-26 14:26:57,2017-11-26 14:35:48,2017-11-27 22:42:00,2017-12-16 02:48:39,2017-12-15 00:00:00
62c66f80f422c25636cc243baaba2568,cccb9ee6b6e94ed342a4f81f577c2657,delivered,2017-05-19 22:30:30,2017-05-19 22:42:42,2017-05-23 15:41:39,2017-05-24 15:57:00,2017-06-05 00:00:00
6c2f233beab45c66d7ae29bc584339cb,33d3e95279af2757398417efced3b882,delivered,2017-09-18 23:21:07,2017-09-18 23:35:46,2017-09-19 17:52:12,2017-09-30 14:37:12,2017-10-13 00:00:00
84d21eead7694f99925e7e056ca88832,abdf1a22f119fef62a91570679ff9462,delivered,2018-07-28 16:59:24,2018-07-28 17:15:14,2018-08-01 14:02:00,2018-08-06 21:41:48,2018-08-21 00:00:00
3c21823fb08a6a2ff770877efffb1c1a,6471522ef0977f7402fcc46ae568c083,delivered,2018-02-08 21:58:29,2018-02-08 22:10:34,2018-02-14 22:43:46,2018-02-18 15:48:56,2018-03-02 00:00:00
65d45b2f40853ee124b911fac597afdb,d0bcaa005c8abd044fa9eb2dd68f792d,delivered,2018-02-02 18:31:54,2018-02-05 09:09:37,2018-02-08 01:08:28,2018-02-23 19:47:35,2018-03-19 00:00:00
317e190ae75e8e5cd40dbc82c4ba2d73,98796dd88cdff48e7b6816f863a0643c,delivered,2018-02-12 00:52:18,2018-02-12 01:48:34,2018-02-15 15:48:52,2018-02-27 19:16:53,2018-03-07 00:00:00
d9f83b0a9042552fe91035c5ed91e23e,883f2691dc066e86bf57436be6cc4a41,delivered,2018-01-28 16:40:23,2018-01-28 16:50:11,2018-02-07 21:46:36,2018-02-23 16:54:38,2018-03-02 00:00:00
f0f7dc2419ca55c30f76a386584b9980,0e56c2f71e978cffbb3e9093b9d2617c,delivered,2018-08-22 16:44:09,2018-08-22 16:55:26,2018-08-23 08:48:00,2018-08-27 21:21:25,2018-09-14 00:00:00
ab85b219b698a7d569995ee1ea9b76fe,7ac9b67de74b34e14f2b547a8eb818ae,delivered,2018-05-14 13:03:19,2018-05-14 13:17:32,2018-05-15 13:39:00,2018-05-22 17:08:26,2018-06-07 00:00:00
9c478c10c15e4728df3923eafb5856e0,29d782b6904423bb517c73bbf85a77f8,delivered,2018-03-27 22:55:40,2018-03-27 23:07:14,2018-03-30 02:18:36,2018-04-04 02:50:49,2018-04-09 00:00:00
178ca782e5105b917275138274960c52,cd1b76220f1ef8834081af5831663e44,delivered,2017-10-12 08:41:46,2017-10-12 09:20:16,2017-10-13 20:36:54,2017-10-23 18:07:56,2017-11-06 00:00:00
2466042f13331acca52c382e1d3ac6f1,86cd6a0332600ffdf374be02b7138c86,delivered,2018-08-20 17:35:01,2018-08-20 17:50:28,2018-08-22 12:16:00,2018-08-28 14:56:50,2018-09-03 00:00:00
c2ee895532a4463f765efa0c39d2f878,0df6e83f2e878145577f55d2c0bba916,delivered,2017-11-17 02:26:58,2017-11-17 02:46:39,2017-11-22 17:00:09,2017-11-23 16:21:13,2017-11-30 00:00:00
670c84e9a6fd7e747802d559696aa1e5,08130920035362156f7b45a92f9b564c,delivered,2018-01-02 12:16:36,2018-01-02 12:29:24,2018-01-03 17:44:28,2018-01-11 11:45:25,2018-01-29 00:00:00
bdbcb0e21f0d85538d17911900b26610,f886bab03373ae225f6a7d25e7ec14a9,delivered,2018-07-19 21:09:30,2018-07-19 21:23:11,2018-07-30 14:19:00,2018-08-02 20:46:56,2018-08-09 00:00:00
d36ad3f4b22bb20d764f83cfe6ab045d,f7e70f0c355ed8b7a5d905650b4aac1b,delivered,2018-02-27 14:28:48,2018-02-27 14:55:30,2018-02-27 23:19:42,2018-03-23 20:38:57,2018-03-21 00:00:00
da9409a419597e4d2a671193c8dd6095,be5b277d10b30185c23cf7a5b8a03d27,delivered,2017-08-12 20:13:18,2017-08-15 03:45:37,2017-08-15 14:35:48,2017-08-23 18:53:19,2017-09-05 00:00:00
1c7e33aeded98d127a71477f5e81cb36,0c61300017ebcb3358fe2d7c8578e12c,delivered,2017-06-19 17:59:58,2017-06-19 18:10:23,2017-06-20 10:12:36,2017-06-23 11:07:42,2017-07-07 00:00:00
485eacbde792f619c98700dab1918163,98e1b7b12121febe52ac028baaf2901c,delivered,2018-06-14 20:23:32,2018-06-14 20:40:56,2018-06-15 14:07:00,2018-06-22 19:21:14,2018-07-18 00:00:00
a399820aa2907a38ecccc015b188f4c2,33db0a0e285cdbb3899c6f634da3d752,delivered,2018-03-30 18:00:49,2018-03-30 18:15:22,2018-04-04 15:56:43,2018-04-17 22:27:43,2018-04-20 00:00:00
80c2d7b033497bf5aea90a2eb4b0966c,4ca8f71e6f71c236c3b09e04be215389,delivered,2017-09-12 15:51:11,2017-09-12 16:04:59,2017-09-13 18:00:03,2017-09-22 21:09:43,2017-10-09 00:00:00
3503ca07647fc40291e999ca3e3ea490,cf0abe8b6ab8b4dc63116b7617efafa0,delivered,2017-08-22 15:10:43,2017-08-22 15:27:16,2017-08-31 23:26:00,2017-09-08 20:42:19,2017-09-22 00:00:00
38648b71bc657c2d7c0f96930cee401c,74fa648446ac066d771e173625e86722,delivered,2017-11-24 23:15:21,2017-11-25 02:16:05,2017-12-13 19:35:14,2017-12-21 21:07:55,2018-01-03 00:00:00
c8f6b2cfd4ae525f62e7f2af94f529d7,fa11b190c4945c105eee4fe830a1046a,delivered,2018-03-02 14:00:57,2018-03-02 14:15:38,2018-03-06 22:49:00,2018-04-07 00:11:51,2018-03-28 00:00:00
172f9fee6f5a8b311968d1c27b336438,ae95b18878272e222e88f529d346a9ba,delivered,2018-07-05 16:40:36,2018-07-11 03:30:22,2018-07-12 09:06:00,2018-07-13 20:03:02,2018-07-20 00:00:00
7eb6ac79ca52bafc416276001ae26e51,437227bc2c5bc4f8e8bbc516c9fb26c7,invoiced,2018-03-16 19:50:23,2018-03-16 20:08:18,,,2018-04-04 00:00:00
06a63f38cc8f4de325c456f6843c7ff0,c6a7e52beb6e4486135202bfebbe8c01,delivered,2018-03-23 15:44:26,2018-03-23 15:55:36,2018-03-24 00:53:36,2018-04-02 22:52:33,2018-04-12 00:00:00
886e9aa900cc918c87009fa3bbb3a493,7c21bd5b2cbccfd0cb432b73153afb1f,delivered,2018-06-25 07:55:12,2018-06-25 08:38:26,2018-07-03 07:54:00,2018-07-04 01:27:30,2018-07-16 00:00:00
ba20c230064f86c3a1c764fe3cf7ce8a,0e838cc1b33b1ab874583658e4b76ab9,delivered,2017-12-04 23:28:43,2017-12-07 09:51:23,2017-12-13 15:54:40,2017-12-28 22:43:22,2017-12-27 00:00:00
68a834a7eb37c000651e94145a7102f4,6a43fba0e1828fac3da47806c0c5b1ac,delivered,2017-05-17 18:30:32,2017-05-17 18:42:20,2017-05-19 14:49:07,2017-05-23 10:33:02,2017-06-23 00:00:00
9c9d443e386dc6332b14958d37eaf75b,45405b626a4056adb9220c5596687269,shipped,2018-03-25 09:14:45,2018-03-25 09:27:48,2018-03-27 19:44:33,,2018-04-20 00:00:00
f68e99de5c101aa886450b4a0278bee3,b7c13b2df92dc0d616315d518bbb97c7,delivered,2018-07-21 15:10:22,2018-07-21 15:25:11,2018-07-23 15:56:00,2018-08-03 12:27:38,2018-08-07 00:00:00
810d4c0ffa550c04303153fb9c0f0e11,fe00d4958dfeaf621e1840302cb7e47f,delivered,2018-02-20 17:34:05,2018-02-20 17:47:53,2018-02-22 16:43:55,2018-02-27 16:29:10,2018-03-06 00:00:00
10dc93d46a5261c20478b850f3c240a6,5951a1097ccd1351906878cc59d9f28f,invoiced,2018-05-03 07:38:29,2018-05-03 07:55:20,,,2018-06-08 00:00:00
6939582f505ed6bf44bd9a1bde337711,df813c2c1aeaa67fd26407370027db18,delivered,2018-03-31 00:14:39,2018-04-03 05:27:59,2018-04-05 00:42:43,2018-04-05 16:48:59,2018-04-12 00:00:00
de9a3a4892ed94ca9e82655bdae1b840,798741b4332a186edf3fd721754e23dc,delivered,2018-03-06 08:19:25,2018-03-07 08:15:31,2018-03-08 18:09:29,2018-03-27 20:32:57,2018-04-10 00:00:00
3493a5e1499df429a53453047b3b4365,afc2298cda7354dc7b88a657089c0da6,delivered,2018-04-30 16:57:43,2018-05-01 02:52:54,2018-05-02 14:14:00,2018-05-10 21:16:51,2018-05-22 00:00:00
60e3a3852eb45dfe8e9cce6c97c1a1b1,61248acbe7cdec04b7ae3a3beb69a171,delivered,2018-03-04 15:57:57,2018-03-04 16:10:34,2018-03-07 23:32:50,2018-03-27 19:36:44,2018-03-21 00:00:00
7c9be012c84c629a1f6f9e7ad6cdb81b,1e555bb209b083428207fe0e28c62252,delivered,2018-06-03 10:24:42,2018-06-03 10:49:59,2018-06-04 15:16:00,2018-06-15 00:57:15,2018-07-13 00:00:00
be55e32a03c6067d7fac887a8f607d11,7222d9a0c96d9a2813e905c54fa170c0,delivered,2018-05-26 03:36:55,2018-05-26 04:22:24,2018-05-29 15:32:00,2018-06-05 18:05:05,2018-07-31 00:00:00
c0257fe04f54df9e09bea363e60336e9,bbe5971faf8ed849f7dffa2e412859cf,delivered,2018-02-21 21:52:56,2018-02-21 22:10:49,2018-02-22 18:23:00,2018-03-01 20:17:31,2018-03-15 00:00:00
5bfce111a3fc0a622ab552626165ab2f,442d01aac55be68ff80be4de320fa60a,delivered,2018-07-17 18:18:33,2018-07-18 10:10:10,2018-08-15 15:41:00,2018-08-17 23:09:43,2018-08-16 00:00:00
fb52772040f4324904abfd196ab908f8,f42e699878e3e99189d663c0818b7006,delivered,2018-04-02 14:55:04,2018-04-02 15:11:50,2018-04-03 17:21:40,2018-05-02 16:52:25,2018-04-18 00:00:00
fb8d4fa3b150bb3a129a10015eeac145,32528e4f1eaacf4bef51744ce7827974,delivered,2018-06-13 15:39:55,2018-06-13 16:19:04,2018-06-14 11:56:00,2018-06-22 20:22:06,2018-07-20 00:00:00
a60410ea7c70850c01bb29effe6d2da0,a7c9fdaa3d2047ccdbbfc5b5452a6f3e,delivered,2018-01-17 13:27:27,2018-01-17 13:33:28,2018-01-18 18:51:47,2018-01-30 19:53:40,2018-02-09 00:00:00
7a571da00e7b58c32fce2e6eb560dbde,3b7635130d1327ea2b273050efc450a9,delivered,2018-05-14 21:28:52,2018-05-16 03:34:01,2018-05-22 14:13:00,2018-05-23 17:06:22,2018-05-24 00:00:00
c4cc12e29d292f1e48ab8b20d64d3a4d,8fe2856f32ca388c5ba030f0fd59451a,delivered,2018-02-28 15:19:43,2018-03-01 02:48:26,2018-03-03 00:22:45,2018-03-21 11:21:19,2018-03-23 00:00:00
0ec4af8420f96af137f9b52194956497,482e05dadfceda1d9ab8cd9c6b5279f1,delivered,2018-07-25 19:05:41,2018-07-26 09:05:13,2018-07-27 13:28:00,2018-08-02 19:57:38,2018-08-10 00:00:00
b3a54cc61ee983ecd0b5fcbd1e22e962,810b687b8ef323856fa272f6049d6863,delivered,2018-04-28 21:03:43,2018-04-28 21:15:19,2018-04-30 12:52:00,2018-05-14 19:19:18,2018-05-30 00:00:00
aebdaf13ebfa0d478e200577c665ffb8,d689f03169d9172418de3b1251d2580e,delivered,2018-02-28 17:14:55,2018-02-28 17:31:14,2018-03-01 22:46:39,2018-03-17 12:11:52,2018-03-23 00:00:00
75f3ecc1ee0d23f0fcc29fa7bff30a16,cf217935713d555a320eddf49ba10b46,delivered,2018-08-15 20:08:29,2018-08-17 03:29:55,2018-08-17 12:50:00,2018-08-20 18:57:40,2018-08-20 00:00:00
596428e20f127315255e853fb6f851fe,4509553aaf1841a7fc2de7bc3cbaba73,delivered,2017-10-01 13:05:13,2017-10-03 03:49:27,2017-10-04 08:36:03,2017-10-13 19:53:33,2017-10-31 00:00:00
31b855608ca69e4146b737745506f2d5,ecddacb5d88a37903a95579250b5a40e,delivered,2017-08-23 14:34:52,2017-08-23 15:06:38,2017-08-24 20:30:02,2017-08-31 17:17:37,2017-09-22 00:00:00
750ec067636ece1a4c163a6e1c764fe1,b84bb32b376bde3be1fcf5a1fec98b60,delivered,2018-04-05 13:35:58,2018-04-05 13:50:16,2018-04-06 22:41:41,2018-04-10 23:32:39,2018-04-20 00:00:00
c4a3a64bb10616483729097dead2a6f0,afdb934f9b8d854c2d5cdecea2783899,delivered,2018-04-18 12:06:36,2018-04-19 08:15:28,2018-05-02 15:32:00,2018-05-05 03:08:40,2018-05-09 00:00:00
b00b03aa8a123e124b6c8674275138ef,279a782ead71289aea6b062e56a21aec,delivered,2018-06-24 15:52:02,2018-06-24 16:14:24,2018-06-25 14:21:00,2018-06-28 22:58:48,2018-07-11 00:00:00
477c5227ffdd6b36ff00bbc57f290874,6f998922a97234f1a1eb28647d9ca68c,delivered,2018-06-08 21:14:01,2018-06-08 22:08:55,2018-06-11 18:56:00,2018-07-09 17:54:43,2018-07-04 00:00:00
e54f60001872f7fc5d8d6d919aa0d925,106dc4cd0c6de742ecbe154db2be1ae4,delivered,2017-12-05 22:40:35,2017-12-07 03:10:57,2017-12-07 17:32:47,2017-12-11 23:27:44,2017-12-21 00:00:00
2695fad29683cb9e20b91e87fc0cfd39,5dd8a8ea9853a2ad0a98954f51047d52,delivered,2018-04-11 15:23:22,2018-04-11 15:35:18,2018-04-13 22:22:34,2018-04-16 19:18:41,2018-04-26 00:00:00
dc9b66f791e6bc0d3a44e2c513a1d117,cd030cc7d9fe30c0ca7889aeffa326a4,delivered,2018-07-24 11:09:11,2018-07-25 08:05:12,2018-07-25 14:29:00,2018-07-27 12:32:19,2018-08-14 00:00:00
fe0b65896fefa5e3ed76059830c2e49c,2d96fcd378f95a432e17149d2e169247,delivered,2018-07-29 21:55:10,2018-07-29 22:10:16,2018-07-30 11:36:00,2018-08-07 17:13:24,2018-09-20 00:00:00
082c2f05e569e5d095ac086461bef733,f9ef0db14774b4dd1e59705b596d6984,delivered,2018-01-21 11:29:19,2018-01-22 13:47:30,2018-01-24 23:27:50,2018-01-30 20:41:39,2018-02-16 00:00:00
43d8ceec1139cb3e75a6ab9d25e2e6f6,25d44c03117c35e592017d6361154a4d,delivered,2018-03-31 17:41:02,2018-03-31 18:27:12,2018-04-03 20:13:11,2018-04-12 22:50:58,2018-04-25 00:00:00
49c06ec1bf8280d4a6ff6f3a70b59eee,c6026ed0b2168a33d2d720d2c1b7a83c,delivered,2017-12-18 20:14:01,2017-12-18 20:30:23,2017-12-19 17:41:52,2017-12-27 17:07:44,2018-01-19 00:00:00
5b8e4e84a2e2822c4a1e704ef4b20f92,b955b2fb6c219be7ae9be4de79f310fc,delivered,2018-06-06 10:57:16,2018-06-06 20:34:24,2018-06-07 09:03:00,2018-06-11 15:03:10,2018-07-13 00:00:00
9a85e7c1fbe3b6519b2f943527d21426,09e3c49cbaef2200d7f8b129d96e9d0e,delivered,2018-02-26 14:25:44,2018-02-26 14:35:40,2018-03-01 14:28:30,2018-03-30 02:41:34,2018-03-21 00:00:00
d1bf58d8a4537bcae92031dc9506b0d1,54219e2e76f6a2c60768ffad1ef081d6,delivered,2018-01-16 10:18:45,2018-01-17 03:38:54,2018-01-18 21:08:33,2018-02-08 15:53:53,2018-02-19 00:00:00
1bda6a57a0819d9483894ff53a9fb742,b2d679dd685c9580d766ac171cbc1e2b,delivered,2017-10-18 11:17:22,2017-10-19 02:56:58,2017-10-19 20:52:19,2017-10-23 16:08:55,2017-10-30 00:00:00
7df7d4ec17315f0dd0c1f6099a9fa5f3,c38c9babe9e1c44bc6ca87218f060bac,delivered,2018-04-03 16:00:49,2018-04-05 02:10:26,2018-04-05 18:41:44,2018-04-11 18:28:33,2018-04-25 00:00:00
bb7f386eccdada8610770251d6698b13,c1f792df39a09f85c4ae6258e171e1dc,delivered,2018-03-23 20:49:57,2018-03-27 03:56:00,2018-03-27 22:15:30,2018-04-04 02:03:54,2018-04-16 00:00:00
2e7e996efcdd5363fe2dc812bf804e58,1c2e9eed38f46d24ee6afa2edd983dd2,delivered,2018-06-15 15:58:19,2018-06-15 16:19:28,2018-06-18 18:57:00,2018-06-21 16:52:27,2018-07-05 00:00:00
d3814caaf7587391515f5ec329ecda07,0cfdcf557ac3190fe1a6d0cf88027b2f,delivered,2017-03-22 23:17:07,2017-03-22 23:17:07,2017-03-30 13:08:01,2017-04-05 14:40:03,2017-04-12 00:00:00
22d6af278bac655b75f102132b019564,6723612930282cb0c95e7558a28cd72b,delivered,2018-06-17 09:49:56,2018-06-17 10:19:29,2018-06-19 06:42:00,2018-06-30 18:18:29,2018-07-17 00:00:00
17028de7d02a1fca7c1d08221b859b77,89ba44b1047e2e06f48cebad470b10d7,delivered,2017-02-08 21:06:37,2017-02-08 21:15:17,2017-03-01 11:49:15,2017-03-08 08:44:02,2017-03-27 00:00:00
d61e9236bd0abb5bf81b5c7f984c9d74,7a2e59b53759c754c5ca4611bb91f7a2,delivered,2017-04-06 11:19:58,2017-04-06 11:30:17,2017-04-06 14:20:06,2017-04-12 17:41:55,2017-05-02 00:00:00
a37f8312a0547362c60345cc4cb0f8f2,9f15e1370b94ffa25930221dd6dc1061,delivered,2017-05-09 01:57:10,2017-05-09 02:05:14,2017-05-10 09:46:45,2017-05-22 18:27:41,2017-06-01 00:00:00
febc08cf93a49479fcb455b3f673bd2f,aaab7342092f1dea95d1b5a01f6cf198,delivered,2018-08-02 18:22:40,2018-08-02 20:15:20,2018-08-03 12:04:00,2018-08-08 23:51:28,2018-08-21 00:00:00
0a2902af9ad58b25df153a4e743b5db9,87150b3d9a793f5308d1f02a4a9a29a0,delivered,2017-12-13 12:20:39,2017-12-13 13:32:13,2017-12-13 22:08:11,2018-01-06 00:23:42,2018-01-17 00:00:00
d07225e5c85eddd7a69ea4c13650de38,9e474bb844a79cb40d7289813d98c2a2,delivered,2018-06-26 09:59:43,2018-06-26 10:17:57,2018-06-26 15:13:00,2018-06-30 00:22:28,2018-07-18 00:00:00
7683e28d403c6a04e30902e9e415eec8,856d198a0f044d71737a4f922b50b0f8,delivered,2018-05-04 15:38:57,2018-05-04 15:55:22,2018-05-08 15:46:00,2018-05-14 15:54:50,2018-06-04 00:00:00
ce01fb712d44ec615ee943b00b2714f6,de5821ba1a05973d20492903ecba0317,delivered,2018-04-13 23:52:54,2018-04-14 00:14:43,2018-04-16 22:52:56,2018-04-17 14:23:33,2018-04-30 00:00:00
1ee5be25d6e54e1ea3c75d3fc9ca3d6f,4f606249b66141d3a22b6ed603fb3771,delivered,2017-11-02 12:40:27,2017-11-02 12:50:34,2017-11-03 17:29:56,2017-11-07 22:36:35,2017-11-23 00:00:00
efd9ab80b2abae957f5b9b34328ea36c,0b72a424f7acaba1d898d56478f9d964,delivered,2017-07-13 11:48:17,2017-07-13 12:03:38,2017-07-13 19:18:03,2017-07-18 02:24:39,2017-08-02 00:00:00
fba464e2b8022e40e3a5e5fdb8e7f2b1,c91935a29bca80d4d90ccb1fd85b497e,delivered,2017-03-06 12:38:42,2017-03-06 13:10:37,2017-03-08 16:03:58,2017-03-14 15:24:04,2017-04-06 00:00:00
9724ff037a78e9215939269a8f52ef19,8a5d92601125597c036996e143bce494,delivered,2018-08-12 20:35:19,2018-08-12 20:50:24,2018-08-13 14:49:00,2018-08-17 19:21:46,2018-08-24 00:00:00
aea6f638ec66f7a8db1a9216ddaaff2b,6093fdd0645070ffa0c013381b6cf31b,delivered,2018-08-13 10:45:54,2018-08-13 10:55:17,2018-08-16 07:25:00,2018-08-22 17:44:57,2018-08-30 00:00:00
4d6ff00ff70bc8add58ab6f275c2b61d,e754b01fc92cea994bc9fc72908b4afe,delivered,2017-09-18 20:06:21,2017-09-19 09:30:22,2017-09-20 17:16:00,2017-10-09 11:28:55,2017-10-09 00:00:00
b5b362ec945720b946181f08eb7bdd04,d60157b6edc4c62efe9bda6b47cadf5d,delivered,2017-03-15 00:17:58,2017-03-15 00:17:58,2017-03-15 15:57:12,2017-03-20 06:03:50,2017-04-03 00:00:00
7e6c86f2c78f3ccb8f18fdace19f0fc9,c928d6a6268dddc2478c1efab167900d,delivered,2017-10-17 14:31:21,2017-10-17 14:49:25,2017-10-19 18:06:39,2017-10-20 18:24:04,2017-10-27 00:00:00
0eb43791d78d71f1098d5cb2b46e4c7b,bab91c3c25a207c83b5c95392df95163,delivered,2017-03-25 14:57:53,2017-03-25 15:10:16,2017-03-28 09:51:58,2017-04-08 03:46:03,2017-04-13 00:00:00
9af9ab2e5e9932c6d31b5fb79e8c844b,ccdf080c53c6ea522feac09d9ea18290,delivered,2018-02-25 20:50:52,2018-02-25 21:08:06,2018-02-27 18:58:52,2018-03-21 18:26:42,2018-03-21 00:00:00
f05a68aaa0d8f89e758c7134d53fa22a,7e16c78f08de9b2ec5b9eff657934019,delivered,2017-08-22 12:51:29,2017-08-22 13:08:00,2017-08-23 18:53:21,2017-09-04 20:54:01,2017-09-22 00:00:00
832fd2df9c576a07c015ce8f0d88466e,773bfaa3eb31a2865900e4d3171cc854,delivered,2018-04-04 20:41:57,2018-04-05 09:28:21,2018-04-06 19:21:53,2018-04-12 22:14:32,2018-04-27 00:00:00
7091c6daca979c1cc15c2a2faa9a468f,25fd7f2921cef8c9a93ba42b17f17840,delivered,2018-05-01 23:41:46,2018-05-01 23:52:10,2018-05-04 12:27:00,2018-05-09 14:14:45,2018-05-25 00:00:00
84db939b1ab9686533e9a06a0354beb6,c0789eee49fe7d5d93d5e412c14181ce,delivered,2018-07-20 13:14:25,2018-07-20 13:25:09,2018-07-25 13:27:00,2018-09-17 13:49:04,2018-08-16 00:00:00
a139ecd5f1989a8f5d829cc03aa1a046,a6fba43413c5d37fd7dc3173432f6ab2,delivered,2018-08-17 09:01:51,2018-08-17 09:10:17,2018-08-20 11:40:00,2018-08-28 01:54:49,2018-08-31 00:00:00
e37b307b6954ca1be0ac80b25209bf9b,187515b8587ca337b347e05f8ca3b599,delivered,2017-08-29 14:18:50,2017-08-29 14:35:31,2017-08-31 14:34:27,2017-09-04 22:04:15,2017-09-13 00:00:00
fe35b95a8b1a9a4368bb624adbf8f727,cba605602a2560447eda9e8eb3f17f8c,delivered,2017-10-10 15:59:34,2017-10-10 16:14:24,2017-10-11 20:08:47,2017-10-19 20:59:57,2017-10-31 00:00:00
074eb2398def4038d7fc4fb8a5aeb0bf,d0dcfb2170fef37e3e3804fd0f51f761,delivered,2017-12-03 01:35:22,2017-12-03 01:51:10,2017-12-05 14:09:05,2017-12-07 18:43:40,2017-12-20 00:00:00
b822c2238bcf6e7dac25f9cba3312a02,daf220c354971444745614116205d3e8,delivered,2018-02-28 21:37:34,2018-02-28 22:20:22,2018-03-01 23:15:34,2018-03-02 15:42:59,2018-03-13 00:00:00
d8fb797beb3bc5099a065c4db4a4d8fa,73c029b75adaf58c0a95829e5befeee9,delivered,2018-04-23 18:33:00,2018-04-24 18:59:06,2018-04-24 16:22:37,2018-04-28 16:42:50,2018-05-15 00:00:00
fd27a031c5f2efd93917e23822de573e,0a9c737f5b873019090c5ab48397ab19,delivered,2018-06-15 17:52:17,2018-06-15 18:21:34,2018-06-18 15:40:00,2018-06-23 17:43:26,2018-07-26 00:00:00
4fce9f3074d7baa96d8aae3caf9b5f6b,cb271fe0d01f7c35a84435e3661ebf0f,delivered,2018-01-06 20:12:15,2018-01-06 20:31:52,2018-01-09 21:19:27,2018-01-27 02:20:17,2018-02-08 00:00:00
5cfc8b5d0db5dc5bc500d0fb6c986a53,6437eb6b4005fd6cb07209f146637db1,delivered,2018-04-10 08:47:23,2018-04-10 09:10:25,2018-04-11 12:36:45,2018-04-17 20:04:57,2018-05-07 00:00:00
27e9503d4ac32f3fc54ca1acb8ac74a3,e49f2a7ff5c2a15d3b599d50a7a77a91,delivered,2018-02-25 20:14:24,2018-02-25 20:27:44,2018-02-27 23:33:06,2018-03-01 00:23:01,2018-03-12 00:00:00
196750f3a540bf20f0d449337221bd1f,14841ab540bf9dd232bcb84d8135325c,delivered,2017-10-11 00:58:33,2017-10-11 01:14:09,2017-10-11 17:45:49,2017-10-18 20:15:31,2017-11-07 00:00:00
bc6d2ee01d1daa8441fc48b586bcd985,754cdd12a072b7cd037ad32aee11db02,delivered,2017-11-24 10:09:50,2017-11-24 10:31:05,2017-11-24 23:11:35,2017-12-04 21:37:42,2017-12-20 00:00:00
d470b00bc3d705453cd02a793aaddb07,0b66eb99b1af5a704c8bb97390d2ea76,delivered,2017-07-21 02:13:24,2017-07-21 02:22:47,2017-07-24 10:43:58,2017-07-29 10:55:35,2017-08-15 00:00:00
bab72f3856e8cc2c8396ce2441414540,c4524e479c54f1caa0d8997bbeb7bde8,delivered,2018-08-14 17:27:42,2018-08-14 17:55:19,2018-08-16 12:24:00,2018-08-21 17:25:37,2018-09-03 00:00:00
eb9d7441dd3a370bd4c5e2c99f660af5,93c80a4d82691afe3f682d8deb8e2fc3,delivered,2017-07-27 22:42:22,2017-07-27 22:55:20,2017-07-31 11:26:38,2017-08-03 18:27:59,2017-08-16 00:00:00
f5fa6cc75eb7dc511bb4dac263fd05d3,e3afdef8e94c0d1bfa5d378d0574ee54,delivered,2018-06-26 21:58:19,2018-06-26 22:27:42,2018-06-27 11:31:00,2018-07-03 20:57:41,2018-07-24 00:00:00
2d695e0d0fe5d863c921713fdc1faf7b,5ca9f1e0cb1c302adb16d254b7d38b92,delivered,2018-03-07 00:39:30,2018-03-07 00:50:29,2018-03-09 17:09:43,2018-04-19 16:08:38,2018-03-29 00:00:00
24d467b091af7611de89fe9d2c4b76c9,bc3327481eb6481c9de552b1b15abf6e,delivered,2018-08-24 16:32:04,2018-08-24 16:45:18,2018-08-27 13:28:00,2018-08-30 23:06:51,2018-09-05 00:00:00
44d4ae94f250aacf9d4a3d0e23d8a4d2,ed4bd9cbd2c8c350baeb7c093147553b,delivered,2018-02-25 19:51:11,2018-02-25 20:08:09,2018-02-27 19:28:38,2018-03-13 17:59:29,2018-03-21 00:00:00
ceeaf57b8e4f3315fffae525ec8018e0,59671c3de58dc1bcbbb7ad274537ac20,delivered,2018-05-13 15:32:37,2018-05-13 15:52:06,2018-05-14 13:57:00,2018-05-17 16:34:40,2018-06-08 00:00:00
71359a053b02802c8974b69049cec60a,186a017967220b623997be9195d258c0,delivered,2018-07-31 10:29:51,2018-08-01 02:35:19,2018-08-02 16:05:00,2018-08-06 08:51:26,2018-08-06 00:00:00
9f038ec9f60cb6ced5e69f113cdd1147,8addf8eac3121910b35f1e5a9b90156d,delivered,2017-08-28 17:12:27,2017-08-28 17:25:16,2017-08-29 20:20:01,2017-09-11 21:15:16,2017-09-22 00:00:00
b10818512d51945f6498d36b8de77c68,651f4f5c54de7d8ca39e09f7c6c56e5e,delivered,2017-08-15 17:21:46,2017-08-15 19:10:20,2017-08-17 14:06:49,2017-08-18 21:55:33,2017-08-29 00:00:00
86c2a7e3005f95b5a412d19e1642ff37,1cca92e0b1720ab2b9f5643743d635f3,delivered,2018-04-01 21:43:29,2018-04-03 05:10:30,2018-04-05 23:36:43,2018-04-21 15:18:23,2018-04-30 00:00:00
ffef98cd5ecdc992fefbd967549520dd,8219ed06f16d11e061ca521bbc175c17,delivered,2017-06-28 21:01:06,2017-06-30 03:15:21,2017-06-30 14:09:00,2017-07-14 16:19:41,2017-07-20 00:00:00
0659ee4a8b8b8da8337c94d35e423c74,f5dcbb401660482ff93b39d3aa1edb7a,delivered,2017-11-24 14:30:49,2017-11-24 16:34:52,2017-11-27 13:58:15,2017-12-01 22:44:43,2017-12-20 00:00:00
944ba1aaed29edc4ee698aac30d875b4,e4ae26185e2acfb426239f3da098bce8,delivered,2018-02-22 08:46:35,2018-02-24 02:50:46,2018-02-27 12:36:44,2018-03-13 01:52:46,2018-03-19 00:00:00
74a9c19e8e4a00a669fa8fd0a9134881,27c01f3790a87e78b43224e8db4e2fc5,delivered,2018-01-18 02:11:56,2018-01-18 02:30:36,2018-01-19 00:10:01,2018-01-25 17:18:50,2018-02-08 00:00:00
c405f957a0a4870d31e629acc3975889,42e4791dd34dfbe5bbd0c74253ec36b0,delivered,2018-04-26 09:05:59,2018-04-26 09:56:20,2018-04-26 13:16:00,2018-05-02 18:45:54,2018-05-15 00:00:00
15ec3d48383c58c0dc96cd66f8884630,fc768a2275c44d9383cc6926adac469d,canceled,2018-08-23 15:17:19,,,,2018-09-20 00:00:00
d6ae19c6c065f3ba77f44eb583be611e,db7a54c176ba4480ca18f885ee8fc437,delivered,2017-02-26 12:30:22,2017-02-26 12:45:44,2017-03-08 09:46:41,2017-03-25 10:07:51,2017-03-30 00:00:00
ba780148e634afd811153d5362fe6261,248a663a76ecd556546414c94d8055bb,delivered,2018-05-08 23:11:18,2018-05-08 23:34:16,2018-05-09 12:34:00,2018-05-28 16:18:36,2018-06-07 00:00:00
2acc7dd7478c845d1f150d20dc7d7e43,90057310fbaa6d4e51e1d3e4b498d335,delivered,2018-04-06 14:03:10,2018-04-06 14:15:10,2018-04-07 01:42:35,2018-04-09 16:27:56,2018-04-20 00:00:00
534e2b783c1e84bc830f3f372a31ba0b,53c312b1cd2febb91dedfdcce49bd1d0,delivered,2018-06-15 22:50:54,2018-06-15 23:21:13,2018-06-18 14:55:00,2018-06-19 18:28:29,2018-06-28 00:00:00
74fd3f19e82d4dc348cf34d3870605c1,67c217f8637c4c1f72e8b54d2e5b0f74,delivered,2018-08-24 17:53:18,2018-08-24 18:11:46,2018-08-25 09:14:00,2018-08-27 17:22:46,2018-08-30 00:00:00
029c366599ce117100419a093b7f6132,ac81fb6a1f089d191d0a0337ea2bfad0,delivered,2018-06-17 20:41:20,2018-06-17 20:58:37,2018-06-22 14:38:00,2018-06-25 18:58:53,2018-07-20 00:00:00
40fdebf7099c66b23f5856729f82a68a,96b80763a9e40ec80e13ab289a3296b7,delivered,2017-07-12 10:59:26,2017-07-13 02:50:32,2017-07-13 18:05:58,2017-07-17 21:10:47,2017-08-01 00:00:00
c547c9add673a922b5bf997e06202754,245bf42163498d23ca14484c07988535,delivered,2018-03-07 14:26:32,2018-03-09 02:10:30,2018-03-10 02:31:54,2018-04-17 16:13:36,2018-04-10 00:00:00
47676a246458b42506986a0c5b9dc94c,85b33bce9e1e9b9c05c0a2e30385cfae,delivered,2017-02-03 13:02:57,2017-02-04 02:25:22,2017-02-06 09:06:38,2017-02-14 14:15:12,2017-03-03 00:00:00
630d50b3a0f69b6ee270ae91d0594969,a3ac867d63cf8677e8a73b97363ce38a,delivered,2018-03-13 16:57:45,2018-03-13 17:40:30,2018-03-16 19:45:02,2018-03-27 19:57:48,2018-04-03 00:00:00
ac0b40db773fed894ef5646453a38544,788a2e681b4dda11b40f137041045bbf,delivered,2017-02-07 19:45:53,2017-02-07 19:55:20,2017-02-08 09:55:37,2017-02-13 11:29:01,2017-03-10 00:00:00
38464606001eea475b8009745791c68e,9d0c6eb05d8c8adc9242674560985252,shipped,2017-12-21 14:55:50,2017-12-21 15:10:16,2017-12-26 14:28:53,,2018-01-22 00:00:00
3ca3064a730b878a04e074e0f1c9f93b,82659d9d36476dcd64db2212d90f7457,delivered,2017-03-19 15:52:41,2017-03-19 15:52:41,2017-03-22 06:37:39,2017-04-03 12:26:09,2017-04-25 00:00:00
b1d12607ff873709c10b5f5076e5b442,140e311a3d45416c193c871018efccce,delivered,2018-04-03 11:19:16,2018-04-03 11:35:10,2018-04-04 02:10:59,2018-04-06 04:08:51,2018-04-19 00:00:00
f42f487134140e71384ac6b1f520d681,d468ac6b0cfcebb3f2939fd191cc76ac,delivered,2018-04-27 12:06:54,2018-04-27 12:32:02,2018-04-30 13:01:00,2018-05-04 20:11:12,2018-05-24 00:00:00
7de82f23620bd64b59c175c554191182,c174b4f39f769670fdb04e1994b4081d,delivered,2018-01-09 19:54:10,2018-01-10 10:33:07,2018-01-15 16:49:15,2018-01-26 02:18:40,2018-02-07 00:00:00
7936367b7140cd4370be2d7eb8d3e325,f0f76dbeeb66c9fadaf92fa912cc6248,delivered,2018-07-30 11:34:43,2018-07-30 12:04:52,2018-07-30 15:07:00,2018-07-31 19:36:49,2018-08-02 00:00:00
2bb1693e6826b1ef5f46a4e33f0dbef8,8b8cfe7e4865337a1e11913c2a778d3e,delivered,2017-08-18 02:11:52,2017-08-18 02:31:05,2017-08-18 21:59:06,2017-08-23 20:35:59,2017-09-12 00:00:00
3dc8ca7de518eae32ebe7dc2dad8ae77,56280bfbcefb145b91a360ba0ebe9bd9,delivered,2018-03-06 10:39:28,2018-03-06 11:20:22,2018-03-07 18:17:20,2018-03-08 19:50:53,2018-03-16 00:00:00
483f86b7cf498c438e3be9ef583d7548,44ed3932b2a2b54817fc89ed47138012,delivered,2018-08-05 15:10:59,2018-08-05 15:55:25,2018-08-06 15:16:00,2018-08-11 14:56:41,2018-08-09 00:00:00
f3c973baad2d145cc17da5473621e0db,3bf70d98adff5db9b2292184cb16e078,delivered,2018-05-29 10:13:56,2018-05-29 10:38:42,2018-05-29 12:31:00,2018-06-11 13:32:12,2018-07-24 00:00:00
f2decddf8c6c81ab5681626c6c282871,ba94c4a2ea6b73745411d64f48180b6c,delivered,2018-02-02 19:07:59,2018-02-03 14:10:10,2018-02-08 22:08:57,2018-03-10 14:12:27,2018-03-07 00:00:00
77e548d1df3a7054cc11757ec6a0af59,3dfc54c80465a34e894278f7dde57435,delivered,2018-01-16 18:45:15,2018-01-17 03:38:28,2018-01-19 18:18:56,2018-02-08 22:19:49,2018-02-14 00:00:00
905fc82a3f92ee92e5084172bf337840,c5b20170d6ddfe451eddcd3ac0043bff,delivered,2018-05-01 11:44:15,2018-05-03 03:55:18,2018-05-03 11:11:00,2018-05-08 18:36:31,2018-05-29 00:00:00
045d5f2b9ec233c262c0ba79867e37fb,8c517daf8df92143b97b5da73c21159d,delivered,2018-01-13 19:50:52,2018-01-13 19:57:30,2018-01-15 17:59:17,2018-01-29 17:48:28,2018-02-19 00:00:00
1e6b3e9b3559f895fe71446d124303a8,36fd65d22406eeb8543456a17187e97f,delivered,2018-05-22 11:51:09,2018-05-22 12:17:22,2018-05-24 08:58:00,2018-06-03 16:11:11,2018-06-07 00:00:00
294bc47f2c556ebbec32a74c4811efd5,4bd474d81a0e7b62ee85040e4bb4035d,unavailable,2018-02-26 21:32:49,2018-02-26 22:08:40,,,2018-03-21 00:00:00
0572c29de369acbc110ad921d93d01a1,cc2e48332039640e42842bdcd64fe4e2,delivered,2017-09-30 14:48:37,2017-09-30 15:04:08,2017-10-03 13:41:33,2017-10-10 19:50:33,2017-11-03 00:00:00
5fd0d1844c46d95e756c563bf148d01d,4bff33bda9d28aa45c0a3883999849bb,delivered,2018-03-15 13:35:00,2018-03-16 03:45:21,2018-03-17 00:26:43,2018-03-22 00:22:27,2018-04-03 00:00:00
dcef4484357754fc205095e165e01504,8cd433d9c98ec34854fbb512c88a589c,delivered,2018-02-26 21:44:20,2018-02-26 22:08:44,2018-03-06 19:58:34,2018-03-17 00:51:35,2018-04-03 00:00:00
0bfe55f7a11b408e6519d50eb874b331,26a5ebc887e2d4d92ef470d35c78f280,delivered,2018-04-02 20:46:38,2018-04-02 21:09:26,2018-04-16 19:47:33,2018-04-23 18:36:25,2018-04-20 00:00:00
f32506d911d029d9aa31e074798f2c2f,cd0f4edcbda5a1922810b83e7233b33d,delivered,2017-10-28 19:51:27,2017-10-28 20:05:48,2017-10-31 16:17:04,2017-11-06 18:26:42,2017-11-17 00:00:00
c6735c93a3773ffe872b4184ccfdad09,d433a7052842b27ecc5ff0c94c3b70dc,delivered,2018-04-25 09:55:08,2018-04-25 10:12:55,2018-04-25 13:31:00,2018-04-30 18:56:35,2018-05-15 00:00:00
48d230e6c8bd3de6e2c702e6869fea67,71179eaf4b20880be945cfd2a5bc6084,delivered,2017-03-19 22:22:24,2017-03-19 22:22:24,2017-03-21 09:17:46,2017-03-24 11:56:23,2017-04-10 00:00:00
6a93cbb588894c2518200e99a8fc2c2d,4a10950356df84c8e24bfb62036767aa,delivered,2017-05-19 13:04:07,2017-05-20 04:03:04,2017-05-26 15:20:34,2017-05-31 08:53:33,2017-06-20 00:00:00
f88efcb15bb4da564e09c5ef905ae3cb,6c59519f2a9cda4a71097ab4756bca4f,delivered,2017-10-19 17:26:15,2017-10-19 17:35:33,2017-10-23 18:26:12,2017-11-01 21:06:11,2017-11-14 00:00:00
3fe87c4649dc474cb4fa2f31cfa06d4b,8f56174e1d057bf34969334b12320cbd,delivered,2017-09-20 11:31:26,2017-09-20 21:05:18,2017-09-21 19:50:19,2017-10-09 21:50:02,2017-10-18 00:00:00
0af403b34dc11cd542ac6d94ad39aede,0fc1bff893d4a706ede1cc92f6d310d2,delivered,2017-08-16 08:58:35,2017-08-16 09:15:09,2017-08-21 11:36:45,2017-08-24 21:09:06,2017-09-08 00:00:00
7e90e3edeeb8c1da0769b4cb682cbfb1,26d480c92395324f05d07c5ed0101a6b,delivered,2018-01-04 13:54:22,2018-01-06 02:08:33,2018-01-10 20:45:33,2018-01-11 16:04:17,2018-01-22 00:00:00
fe857b5ac310b06adabd0e18af932cc5,3a5e6f873f45644fdfea652076839de0,delivered,2018-04-22 23:12:46,2018-04-24 18:53:22,2018-04-23 18:37:43,2018-04-24 19:17:28,2018-05-10 00:00:00
10440809f608f9f9bbec0bf06a82b160,0221ef5387bbb856f1b319d942fd15bc,delivered,2018-06-10 22:51:23,2018-06-10 23:10:56,2018-06-12 13:25:00,2018-06-14 23:51:49,2018-06-20 00:00:00
f4427355eae41ccd3245fcdea1bef5dc,fefe3fceb37bd580239455461220cb1e,delivered,2017-03-23 10:52:36,2017-03-23 10:52:36,2017-03-28 15:09:24,2017-04-02 10:47:41,2017-04-11 00:00:00
1b1f5c0333fae3e7b4b4670d2cc3c0ac,366fb612efb2c56314f956bd01552b0a,delivered,2017-11-06 20:30:25,2017-11-07 18:30:34,2017-11-08 18:48:23,2017-11-20 18:58:41,2017-11-29 00:00:00
eb17935134e6fdd210b40a3d4f8235b2,e715f0071c14494e92c198554a08bb2d,delivered,2017-01-23 00:55:47,2017-01-23 01:21:51,2017-01-24 14:41:52,2017-02-04 08:27:34,2017-02-22 00:00:00
f124bd0275e05b559aee8d1271442d1b,954c2e756d7693bdb1fd0c45d8dd660b,delivered,2017-05-21 22:42:42,2017-05-21 22:55:17,2017-05-23 07:19:35,2017-05-29 16:33:57,2017-06-13 00:00:00
df258d3d30d51b9991fe71bb0e4f126c,e1c409b2499704247a1dbb5b7f96d78f,delivered,2017-06-29 13:25:04,2017-06-29 13:44:01,2017-06-30 07:35:28,2017-07-05 14:27:42,2017-07-19 00:00:00
7359dc1b2795acbc7d4410fc336236ab,0b712ffa093a053e8b8de49f7dc88ba1,delivered,2018-07-06 13:40:16,2018-07-06 13:55:17,2018-07-10 14:58:00,2018-07-11 18:56:37,2018-07-20 00:00:00
4427e7da064254d8af538aca447a560c,f7a7c89c26a88f235ba4dee6e9e46d14,delivered,2017-09-19 15:11:29,2017-09-20 02:11:19,2017-09-20 21:43:52,2017-09-29 21:52:56,2017-10-05 00:00:00
9a52b513e3ad42b2ec72f145c2ffcfeb,3fc74317efdaa01d0114238407b803b6,delivered,2017-02-03 15:03:46,2017-02-03 15:15:10,2017-02-06 09:40:21,2017-02-10 14:53:46,2017-03-10 00:00:00
beef13df9e204c44aef29545324a9606,436e76ce9db9ce1615e2d2072ddc8490,delivered,2018-04-25 20:57:08,2018-04-25 21:11:29,2018-04-26 14:43:00,2018-05-03 22:31:24,2018-05-25 00:00:00
eb82b4939d86eb4497248efa52f20d56,d57979f48d2343ca2d97a589a8267f1a,delivered,2017-06-10 12:09:35,2017-06-13 04:32:47,2017-06-13 15:59:37,2017-06-22 17:32:09,2017-07-05 00:00:00
e914968a4a80318986033740e89717d8,5e0bd280fb0e426125c899b520434e44,delivered,2017-07-18 18:22:50,2017-07-19 03:55:30,2017-07-24 19:47:41,2017-08-01 15:43:59,2017-08-21 00:00:00
90b4022f2a95f2d5b8408c0f6367970e,5e7aa73120cbc53fa49f21b2179ac0d7,delivered,2018-01-18 22:54:15,2018-01-18 23:16:26,2018-01-19 22:13:08,2018-01-23 15:18:39,2018-02-05 00:00:00
8009d1f487beabd126e7a33797c5f3fc,82bbabf74d3e033c6b45091ff046a134,delivered,2018-03-08 17:20:44,2018-03-08 17:30:36,2018-03-09 22:58:45,2018-04-06 20:14:46,2018-03-29 00:00:00
0e8e76ea202279fb49931c948ed20655,52d9390024b97381b0088a515222c4af,delivered,2018-02-25 11:41:01,2018-02-25 11:50:24,2018-02-27 12:22:27,2018-03-07 18:23:40,2018-03-29 00:00:00
85d9731859c1d47faff637b19d102f14,258c3964a2e0d3864dff03d262ca5d35,delivered,2017-10-08 22:14:41,2017-10-08 22:28:14,2017-10-11 21:32:22,2017-10-23 19:27:51,2017-11-03 00:00:00
bda48a4ac6c3da5a90069adfc818311a,4d72e095237b53ac52c899ad48dd3deb,shipped,2017-04-17 09:56:09,2017-04-17 10:10:16,2017-04-18 14:28:06,,2017-05-10 00:00:00
ac7204e1893dcaef40c01c2616987fb0,c2a69cc95ddc26ae4980abae28905855,delivered,2017-03-27 22:26:08,2017-03-29 02:15:21,2017-03-29 14:05:34,2017-04-05 17:52:54,2017-04-17 00:00:00
d79ade6e8f673b2bff8995540f1e468c,858459ae6a1ac94dd6fc02a89363c146,delivered,2017-10-16 11:10:56,2017-10-17 03:56:16,2017-10-17 23:12:30,2017-10-23 19:29:00,2017-11-07 00:00:00
26d68d1f4cc791daedd467b3519ed476,3f5e8ec48fbe4a146a95c74608792d15,delivered,2017-08-25 19:12:06,2017-08-26 02:24:51,2017-08-28 20:59:37,2017-09-20 19:37:58,2017-09-19 00:00:00
9aa39389b428a90ff82b0c94fb0afc5a,499813b6e2b1ab4e68e9530231b076cc,delivered,2018-08-27 19:37:48,2018-08-27 19:55:06,2018-08-28 15:01:00,2018-08-29 21:12:45,2018-08-31 00:00:00
0e6f7fb47bffbb13f0c144a12443e5a7,6337af5c62eac96c7e4533af747872df,delivered,2017-08-25 18:09:40,2017-08-25 18:26:14,2017-09-13 19:13:05,2017-09-19 22:05:52,2017-09-29 00:00:00
8e6c27f398014811b5c97729cd6ec20a,24108abba4259b3a153a25fe19748ec1,delivered,2017-10-30 21:13:35,2017-11-01 12:35:18,2017-11-03 22:15:05,2017-11-09 17:48:30,2017-11-23 00:00:00
a8fee5f264541f904519912b305d0bf6,0d143037269090509ae15979eddd8997,delivered,2018-04-23 09:31:12,2018-04-24 17:29:46,2018-04-24 00:16:47,2018-04-26 16:56:50,2018-05-16 00:00:00
2e44eed06964c4f013319b7ab0eeeee2,c4e2614627156724f3b7f23af512e5d0,delivered,2018-06-28 20:53:25,2018-06-28 21:11:05,2018-06-29 13:32:00,2018-06-30 17:16:15,2018-07-12 00:00:00
06f9b3a828a976a2fca71a4ebf55b1b2,62ec2ffac596b132bb32e5c1b97c604d,delivered,2017-12-04 13:31:13,2017-12-06 02:35:46,2017-12-07 18:54:47,2017-12-15 19:12:32,2017-12-28 00:00:00
5b97959bc8102d72edcb01bdb5a0e9df,987c969d893ae9713001643cbe08fe88,delivered,2017-07-03 19:47:34,2017-07-03 20:03:43,2017-07-04 14:45:28,2017-07-12 09:07:50,2017-07-25 00:00:00
d9d8694b11dccc4257dd55bd6744f0f1,e5e4541aadc3088d6d85a429c146413b,delivered,2018-01-30 13:39:03,2018-01-31 18:10:21,2018-02-10 03:16:53,2018-02-23 17:30:04,2018-02-21 00:00:00
252882b94e763c5eea42ea50f749cfa0,c14f672b74a8f1ef6b891397505488c0,delivered,2017-12-05 07:43:18,2017-12-05 10:50:49,2017-12-05 22:57:09,2017-12-07 19:33:34,2017-12-21 00:00:00
3ce72b2994e828da3646bf9f0cd92ff8,902d4ba92d35a4ccbe1bf118744985c2,delivered,2018-01-02 23:07:38,2018-01-02 23:28:45,2018-01-05 17:22:37,2018-01-22 22:50:11,2018-02-06 00:00:00
864a3b3cc4c7ea1045528ea46f1848e9,6238031a69e4a3bafdcfdfb391e1f7a6,delivered,2017-10-05 08:32:37,2017-10-05 08:43:57,2017-10-05 20:57:37,2017-10-18 18:35:16,2017-11-06 00:00:00
911e973fcd823c79ed2f924eef8b0874,6ba66a8857593089687875fd781e8efb,delivered,2018-02-19 15:19:49,2018-02-19 16:27:25,2018-02-20 20:39:14,2018-02-21 22:12:50,2018-03-05 00:00:00
45ceefe79e1b3b2757d1d3853fdeaa68,867724eea3f04648f38827c2485328db,delivered,2017-03-26 16:14:02,2017-03-26 16:14:02,2017-03-29 15:22:37,2017-04-10 14:34:15,2017-04-18 00:00:00
ec36cbe1738f8ac4379b1ced0757c583,94433870320f80ea3eb45f2e83969746,delivered,2018-04-17 11:58:29,2018-04-17 12:31:07,2018-04-18 21:56:39,2018-04-25 12:33:10,2018-05-10 00:00:00
0ef95a4e8ed73bc72863cca218c4791a,88fd1e7e8649557c4f7f06cca6ebf337,delivered,2017-09-01 22:47:02,2017-09-01 23:07:13,2017-09-04 21:28:30,2017-09-11 20:28:59,2017-09-25 00:00:00
ae33f39181d7f2c55b9ac5ea4e784173,c4f7b469a14eb388cb8284c6228c17fd,delivered,2018-07-25 18:49:10,2018-07-25 19:04:19,2018-07-26 09:51:00,2018-07-31 16:28:58,2018-08-10 00:00:00
146f79f564602aa6bf9ecbd760651c7f,a0da533a80af3c6f0346ae45578fc80c,delivered,2017-04-25 15:41:02,2017-04-25 15:50:21,2017-04-26 12:16:55,2017-05-19 12:26:25,2017-05-16 00:00:00
d73a3a52a8b9b8430deede6d0491ae54,a26836b9cfc40d714e38cff84bf5381f,delivered,2017-11-14 22:50:15,2017-11-14 23:06:55,2017-11-16 20:34:37,2017-12-05 18:53:18,2017-12-11 00:00:00
b802f0437c5f5c60cda55e03b0a84902,c9191161c0f5334bd26ccf9568d30d12,delivered,2017-05-21 09:51:24,2017-05-21 10:05:17,2017-05-22 09:55:19,2017-05-26 12:03:10,2017-06-13 00:00:00
e5b8b27e1436ae108e5e2712a22c0033,bbfcb80281d72b0f7b1948d4da74c0fb,delivered,2018-04-22 13:59:05,2018-04-24 19:24:11,2018-04-24 23:48:40,2018-04-27 16:58:56,2018-05-15 00:00:00
675d6533ed09bea158fd932431474b82,6036479ceafa4aab3dc585f1a05772e8,delivered,2018-07-28 21:10:25,2018-07-28 21:24:19,2018-08-03 15:14:00,2018-08-07 18:24:36,2018-08-22 00:00:00
b3ba29e94137bda882f9d0f41796363b,ca8bff97326e402bf9add2e236ea5534,delivered,2017-07-07 20:00:10,2017-07-11 04:05:59,2017-07-11 19:52:35,2017-07-19 18:12:51,2017-07-31 00:00:00
9e7314b623f0dde678304009f6e16ee6,61a154cc2e509e372ab7a02b8240c1fd,delivered,2018-07-29 12:22:04,2018-07-29 12:35:11,2018-07-30 14:43:00,2018-07-31 17:08:50,2018-08-07 00:00:00
e042f1ec6293e2f37caa42cf5878b021,97ead85046c88db67bd6f13ad4fa3196,delivered,2018-04-17 17:01:58,2018-04-17 17:15:13,2018-04-19 19:36:41,2018-05-14 12:26:56,2018-05-17 00:00:00
8d3a0426fb1b51bacd3297517f48b0ae,a4aa6e8cb1fe3ed490cc26cabd8be8bd,delivered,2018-03-06 12:04:04,2018-03-06 12:15:59,2018-03-07 21:13:04,2018-04-05 23:58:38,2018-03-27 00:00:00
3e35125284d6fd68b3f5db725d146fa6,f61f0bc0c9355ff3faa8ad57f306b783,delivered,2017-07-12 08:00:53,2017-07-12 08:10:09,2017-07-14 19:05:54,2017-07-17 18:15:09,2017-07-25 00:00:00
b4bf86ceca8b763240fd6be6d5e313ba,bf725177f884f54d91f03c29eff25683,delivered,2018-07-20 15:59:05,2018-07-20 16:10:14,2018-07-23 10:04:00,2018-07-26 19:12:01,2018-08-09 00:00:00
f538ab1833873a6a10bf9e563867c4cc,0bd0b101f44fe42c7046dbfdc9d22376,delivered,2018-06-25 10:43:42,2018-06-25 10:55:30,2018-06-25 13:13:00,2018-06-26 11:18:36,2018-07-05 00:00:00
66039d5c09809a835bd5e6e34619efc7,2ea99a95ebf94238ec56b30d6d2fa636,delivered,2018-06-03 14:06:01,2018-06-03 14:15:23,2018-06-04 13:35:00,2018-06-08 22:14:21,2018-07-05 00:00:00
20d82c386747fe65c4190d75f15c9a6d,15b9711d8c8b0dd668b1399ffef68ec4,delivered,2018-03-28 18:02:49,2018-03-28 18:10:22,2018-04-05 19:19:11,2018-04-07 17:45:24,2018-04-11 00:00:00
e359056f7d7b5f57f57e4d8f61b5659d,73f0a3cab227be05527630b0172f3a27,delivered,2017-09-16 14:55:03,2017-09-16 15:06:00,2017-09-20 20:50:09,2017-10-14 14:00:08,2017-10-04 00:00:00
3ce0da4f1162078580b54661a488d80b,24d9d65af8e197f76dbcd99e99953862,delivered,2018-01-08 14:36:39,2018-01-08 15:31:51,2018-01-09 20:19:22,2018-01-15 16:25:08,2018-02-14 00:00:00
23fb5e6768dd0cf8df7aaa74d80f8ec6,b54c3706d7d7a59b0f07541d4070dae3,delivered,2017-12-10 23:59:32,2017-12-11 00:10:41,2017-12-20 18:52:07,2017-12-26 22:09:13,2018-01-15 00:00:00
d9eabc69f974b3d088e991cb7a7f08cd,d4be0795e8fa7ea792920e04f7fba7eb,delivered,2018-03-21 19:32:50,2018-03-21 19:48:04,2018-03-22 19:48:46,2018-03-28 18:56:52,2018-04-13 00:00:00
c9fbf88f9c58364e0434971962dc1a53,7ec5b53960d508118d7a3126af968d44,delivered,2018-02-05 16:47:14,2018-02-05 17:16:09,2018-02-07 15:04:45,2018-02-20 19:59:00,2018-03-12 00:00:00
fd01a48a7d75383a3623e71a538584c3,014f2d069b53eec84aed9b8c1d5ef270,delivered,2017-08-18 14:17:44,2017-08-18 14:35:12,2017-08-25 15:32:02,2017-08-28 17:04:11,2017-08-31 00:00:00
6d4616de4341417e17978fe57aec1c46,adc1b0d30fe2b52bde12fe806630d54f,delivered,2017-04-15 11:46:19,2017-04-15 12:02:55,2017-04-19 08:18:54,2017-05-05 15:56:20,2017-05-24 00:00:00
c606769bddf9fb8b9f949b128133c463,a4b29e455132615d47ab1751f4158252,delivered,2017-06-15 13:17:07,2017-06-17 03:45:11,2017-06-20 10:54:02,2017-06-23 13:14:54,2017-07-10 00:00:00
5ef95d0a45b4caaaa70e601665ba1a6a,11862cf00ec1d9f5067508ecf1252790,delivered,2017-04-17 21:38:31,2017-04-18 02:15:13,2017-04-18 08:51:11,2017-05-15 08:17:43,2017-05-24 00:00:00
9f2fe2350791b5e9e62610331d125843,208dce5ddbcf741af0c04f0a72a4d08e,delivered,2018-05-03 22:21:53,2018-05-05 02:30:07,2018-05-07 09:10:00,2018-05-10 13:08:57,2018-05-23 00:00:00
86bf07c0a6d01d38dd8ecd1a1b68d139,491b9b3d90d1ad0c5ba4e621878d2d56,delivered,2017-09-17 22:44:26,2017-09-17 23:20:49,2017-09-19 22:07:51,2017-09-26 18:33:42,2017-10-17 00:00:00
2eb455a9ac809470168098ddf4e2a25b,6c26787bd0d839f80a4450e527d0586b,delivered,2017-11-05 21:59:14,2017-11-05 22:10:55,2017-11-06 19:18:39,2017-11-09 14:55:57,2017-11-24 00:00:00
5e4d2d8a6589ec90d1c82d0c2cb55eb0,3df001627683ff649e8df47730d2b52c,delivered,2017-11-26 15:51:16,2017-11-26 17:16:05,2017-11-27 18:14:56,2017-11-30 01:14:36,2017-12-11 00:00:00
098a8457920d6c63f0cb10ccfbcd369d,f6a623ccb7b0dac8b9c9c74594f2c041,delivered,2018-06-07 22:58:16,2018-06-09 02:57:45,2018-06-11 14:50:00,2018-06-12 12:41:20,2018-06-25 00:00:00
11d410c3e9ae90f2956cf43741d93347,6f08e59327aaa16ee28f5904d596a05a,delivered,2018-01-03 11:53:11,2018-01-03 12:07:13,2018-01-03 20:18:35,2018-01-09 15:59:34,2018-01-29 00:00:00
f66696cb1765edf51ab4e07f41687f9e,5c1bbb8c8c2ba7ed55150827c25c4b7f,delivered,2017-10-22 15:03:58,2017-10-23 17:36:03,2017-10-24 16:58:04,2017-11-07 23:41:55,2017-11-22 00:00:00
c55fbaf625bec4b8ee5e7b0e8929bbc6,7164a31758114ae20ec36fab61923c51,delivered,2018-03-15 14:39:28,2018-03-15 14:55:43,2018-03-16 19:34:57,2018-03-21 19:40:44,2018-04-03 00:00:00
b90dbb242e04b393fad2f1df17bc90dc,c08451aea5147d7bfe2f21b8bc444d76,delivered,2017-07-21 12:52:35,2017-07-21 13:05:18,2017-07-25 22:19:33,2017-07-27 19:27:47,2017-08-11 00:00:00
c11e1e377e956e9d5bec2b0fa2ddc067,d53b4f45e70cf4ffa40c191672179c64,delivered,2018-06-18 21:39:42,2018-06-19 09:58:08,2018-06-20 12:49:00,2018-07-04 22:18:33,2018-07-17 00:00:00
96a5b82a5f7b31928a21f1fe875e1caa,5310ae71dd819077e7b2ec40525d1110,delivered,2017-06-15 17:29:21,2017-06-17 03:44:03,2017-06-19 09:36:29,2017-06-26 12:17:21,2017-07-12 00:00:00
ff36f4d6d98c0b2a7e70acb7d1b3f139,5cec9498555333d107bea6a6ccd9e2f9,delivered,2017-03-23 18:25:38,2017-03-23 18:35:16,2017-03-24 12:39:56,2017-04-05 14:13:11,2017-04-18 00:00:00
3692c711f70b60feeedb43ae77e87980,1f18b71a69fbba019ef55947129c7f84,delivered,2018-02-08 13:54:12,2018-02-08 14:10:29,2018-02-09 00:49:13,2018-02-16 12:28:56,2018-03-09 00:00:00
c01eede39735860e68ef74a1d9ddf5cb,2010323a22f8ea51174a746875bd36c9,delivered,2017-12-20 19:18:39,2017-12-20 19:30:34,2017-12-22 18:58:59,2017-12-27 18:54:45,2018-01-16 00:00:00
9f58be0e75ed0e5862bd6dbf261a8b05,93018c18fbe02150657d27ad3e410037,delivered,2018-06-06 19:24:54,2018-06-08 03:13:36,2018-06-08 14:03:00,2018-06-22 17:32:28,2018-07-20 00:00:00
a4e584c6dc40947a851d93c60fe9c50c,6ca380abc4115fc796b443dcea044d0a,delivered,2018-08-05 11:19:24,2018-08-05 11:30:17,2018-08-06 09:17:00,2018-08-09 01:03:23,2018-08-09 00:00:00
8024bee268e76b6cff9da86da00f1490,6c06d044bd00f13419b2e34b2aaeba94,delivered,2017-03-14 09:22:56,2017-03-14 09:22:56,2017-03-16 10:53:46,2017-03-22 13:34:35,2017-03-31 00:00:00
209e55ebe1b6ee30b02a4c07d7fc0cc8,3b799eb460f222550eaea389b00e92bb,delivered,2018-07-18 20:32:33,2018-07-18 21:02:34,2018-07-20 13:57:00,2018-07-25 19:41:20,2018-08-06 00:00:00
47c001ba3d3d57aa11d52c45995d9e11,2d9d35da5b956b2369a3ac7a3e8d3ce6,delivered,2018-02-25 13:49:30,2018-02-25 14:08:05,2018-02-27 18:25:15,2018-03-28 20:46:58,2018-03-20 00:00:00
e5700a52207ef266413e9f43a7b0d5f6,82f0b47bafae8118df842b125aa0fc54,delivered,2018-08-14 21:21:39,2018-08-14 21:35:11,2018-08-17 13:25:00,2018-08-23 18:38:31,2018-09-10 00:00:00
282160d8e83b257c5105cac8f3ba2b63,7955de5408ac36319ca416ac4debb0f7,delivered,2017-12-03 17:37:52,2017-12-03 17:52:22,2017-12-05 01:04:53,2017-12-28 09:32:26,2017-12-28 00:00:00
61e268eee1d131498001b6121895c5ee,150cc81c97ac79c4d951f57f8fb6b5d8,delivered,2017-12-19 00:52:26,2017-12-19 02:50:42,2017-12-19 17:41:58,2018-01-05 19:34:22,2018-01-19 00:00:00
3351bf124a5c98aeee6b64f3ba214459,120900fe5702f3b09c391b686de66804,delivered,2017-08-09 12:05:47,2017-08-09 12:23:50,2017-08-09 20:46:14,2017-08-17 15:33:22,2017-08-31 00:00:00
a501de32f4f7eba26aaa7864ec8dafb1,92eef49ec1452a8cdfdc803bf88e4288,delivered,2018-01-26 02:51:14,2018-01-26 03:15:39,2018-01-26 14:56:54,2018-02-01 12:58:32,2018-02-19 00:00:00
26f9b65f14088371f7c082c607f04d8c,5e2d7f57c86912d4f1274f15c7bd2c27,delivered,2018-01-23 00:55:19,2018-01-23 21:32:37,2018-01-24 22:05:30,2018-02-02 18:13:11,2018-02-22 00:00:00
f5cf5716413185387030a378bdd46ebe,ff95df9a387c8d032a2ca6887cf77236,processing,2017-02-19 22:31:47,2017-02-19 22:45:13,,,2017-03-21 00:00:00
6e68db908b8a2902c4f8309e1c1cbe3f,f7c1fc6ee1c33862103af46259da9c1e,delivered,2017-11-07 08:28:02,2017-11-07 08:45:58,2017-11-07 19:14:16,2017-11-16 18:04:47,2017-11-28 00:00:00
903103f3e4c9dfb4fd9224fd0f43d950,f5030047617e208f039e76966cce8406,delivered,2017-12-18 15:48:07,2017-12-18 17:13:28,2017-12-19 16:52:15,2018-01-03 20:58:47,2018-01-12 00:00:00
f3c5d914eec90079a826c2b5ea7fe6bc,078c6672babf4cf39a551e2dcd79229e,canceled,2018-01-26 12:58:01,2018-01-26 13:12:44,2018-01-26 21:45:07,,2018-02-19 00:00:00
4d0de3f8be3ad40e85a5d6fe37054d9a,acfa1cb53f002260bb389f86af953c5f,delivered,2017-11-25 01:37:14,2017-11-25 03:55:33,2017-11-30 00:57:39,2017-12-22 21:35:24,2017-12-26 00:00:00
38639a0e5f4778171fd90e2233972555,2d76ccbc1cecea0ffef654de59923d87,delivered,2017-07-10 20:47:49,2017-07-10 21:05:06,2017-07-13 22:07:39,2017-07-21 21:52:31,2017-08-01 00:00:00
d705acf2afc3dcdc3de7aefa1e0215cd,6e03753c9af0fee7dd32d8ccb6a202db,delivered,2018-04-30 22:39:58,2018-05-01 03:32:41,2018-05-03 11:30:00,2018-05-05 00:07:42,2018-05-14 00:00:00
ba2018431e2b0cec56147edc7a0627a5,0a2cbb5dd1016b265146d7ffa0a94176,delivered,2018-05-03 13:57:06,2018-05-03 14:14:48,2018-05-04 10:19:00,2018-05-11 22:47:33,2018-05-25 00:00:00
86dcddd0920dec11c6faa2276be53edf,4700a9c25c2412e57e2ec4753b608af0,delivered,2017-02-09 14:03:16,2017-02-10 02:50:16,2017-02-10 08:12:53,2017-02-16 13:56:09,2017-03-10 00:00:00
6730796e2413628c3e327fbc24177a44,34b06cf331da94f4737ed7aca9acd194,delivered,2017-08-20 19:40:35,2017-08-21 20:25:43,2017-08-23 19:41:34,2017-08-28 19:37:45,2017-09-15 00:00:00
fc79bdcefc8fbd9f44f8cf9633793359,f17aac72ebe06a7fbf7f6c923cd82718,delivered,2017-01-26 22:15:09,2017-01-26 22:30:17,2017-01-27 15:44:25,2017-02-03 16:42:04,2017-03-02 00:00:00
18846e52fc8a87bb5f3e3b353940b320,830886644e4e7bdc1395f0a7773a9235,delivered,2017-12-18 19:55:15,2017-12-18 20:12:12,2017-12-20 20:03:06,2017-12-23 17:23:25,2018-01-08 00:00:00
2780526e7e2cab327faf72d4ed3d2b5d,56add768549d86b62ee58bdc77832ea0,delivered,2017-11-29 14:57:33,2017-12-01 14:54:26,2017-12-01 22:34:20,2017-12-11 16:39:16,2017-12-27 00:00:00
9bf690bf6db94b0702d0b348b7461437,c294e04f6971c22a777625d22acc93a4,delivered,2017-09-22 21:37:39,2017-09-22 21:50:20,2017-09-26 20:52:05,2017-09-27 20:35:31,2017-10-09 00:00:00
5fa2c99acd19b1724a6bbce82b7fa3c9,ba73861377213f078d8f92abaeb7dad2,delivered,2018-03-08 11:43:33,2018-03-08 11:55:35,2018-03-12 22:37:24,2018-03-29 18:38:41,2018-03-28 00:00:00
85a0f4063a60774bca35eb38ffccd86c,7641ac3c572f616590deecf0c16013ae,delivered,2017-08-10 13:34:25,2017-08-10 17:04:07,2017-08-11 17:31:57,2017-09-19 17:33:17,2017-09-14 00:00:00
3f98bab30ef9c774b3cd5cc9407f5132,b227664d2a9919467f60b1bcf249d283,delivered,2017-09-28 10:18:42,2017-09-30 02:24:41,2017-10-05 17:58:50,2017-10-06 18:08:58,2017-10-16 00:00:00
ae08a26b052c48419e21581f9f01d47e,d80952ace947b1e43b7a5d279da00cd3,delivered,2018-01-12 20:18:55,2018-01-12 20:31:25,2018-01-15 21:29:02,2018-02-20 19:13:23,2018-02-08 00:00:00
cbea6b1435a20cbc8c49dfdc50479912,add018da2166a6af8cb006fc6d79a819,delivered,2017-11-02 11:58:27,2017-11-02 12:10:26,2017-11-07 17:46:48,2017-11-27 21:13:29,2017-12-11 00:00:00
346cd3685987f63655b81288de9e577a,bb6f5cb50f73e0680998b7ff38f23977,delivered,2017-11-10 05:38:42,2017-11-11 03:06:45,2017-11-14 20:56:49,2017-11-23 16:59:05,2017-12-11 00:00:00
723f4709e0dc0b2fc27c8d68792c2ba6,5df398b20c03c1d2e26f7eb8b65c9f29,delivered,2018-04-28 22:47:11,2018-05-01 05:15:18,2018-05-03 14:13:00,2018-05-07 20:33:34,2018-05-14 00:00:00
f6cc9e6914d9aa4fd5dc1d380ca571a7,c692d340d85920f6b1b012caf4e358e2,delivered,2018-07-09 18:46:00,2018-07-10 18:45:37,2018-07-11 14:23:00,2018-07-20 20:03:40,2018-08-01 00:00:00
96a829e0e554c697670638997aadc45b,70fbbcd5673a81a5827edcbb5d3f2e59,delivered,2017-04-19 15:02:03,2017-04-20 02:45:36,2017-04-25 14:48:00,2017-05-15 13:16:14,2017-05-09 00:00:00
c5a36eecd2f518a638fc7a6a7d46f59b,403b0d98899e1d162e669ff629a74a04,delivered,2018-06-03 19:39:40,2018-06-03 19:52:17,2018-06-05 08:52:00,2018-06-16 14:18:28,2018-07-13 00:00:00
e65296eb50fe1920930ee46ff3337238,320d65872c564439138f91907d31866c,shipped,2018-02-19 15:37:47,2018-02-19 16:35:29,2018-02-21 21:08:59,,2018-03-14 00:00:00
cb3e2226cd8c8ec4f82c8ee841db52f4,72edfc5b298d1829b93d7be9b251128f,delivered,2018-06-11 23:55:34,2018-06-13 02:37:05,2018-06-13 13:40:00,2018-06-15 17:52:36,2018-06-20 00:00:00
cb01f5da9344f4c8dce9d954754b4253,8c4c6a0179865a08f434180f15745a76,delivered,2017-10-17 23:44:57,2017-10-19 02:49:14,2017-11-01 22:08:02,2017-11-06 23:21:40,2017-11-03 00:00:00
7b9d2b13802cfc504efc515be768ee0f,908e309daba56744e5547669c5e0aff0,delivered,2018-04-26 07:49:45,2018-04-27 03:51:13,2018-04-27 15:32:00,2018-05-04 20:38:52,2018-05-21 00:00:00
b85825cdbdab14cc17f2e159f0fba217,acf49250165ea89cee38b3c29d67e838,canceled,2018-07-21 23:27:59,2018-07-21 23:44:08,,,2018-08-09 00:00:00
3e267049881813a950479aa8e92edefb,3078a3176978437dd9dfe9e5393369ae,delivered,2018-01-17 11:07:49,2018-01-17 11:16:26,2018-01-17 18:21:31,2018-01-23 13:48:39,2018-02-05 00:00:00
460d57443ffdcaeba240360239747cf7,2514a33b1704c36bdfbe51840e105cde,delivered,2017-09-03 20:33:37,2017-09-03 20:45:16,2017-09-06 17:45:50,2017-09-12 17:27:30,2017-09-26 00:00:00
6a3bbd282ed61602136e45cb799f5e80,cb69b6e3e313f40f75fdf15057d81e62,delivered,2018-01-18 21:27:36,2018-01-18 21:38:25,2018-01-19 23:33:03,2018-02-08 19:54:38,2018-03-01 00:00:00
21c1e4b87c9c6695a749181ed6286926,ed6e8b106e557c95ea0bf5d3a51552b8,delivered,2017-04-10 22:33:21,2017-04-10 22:45:16,2017-04-12 18:27:40,2017-04-20 12:25:49,2017-05-04 00:00:00
8957a41ab8f836a770913d537aaed222,b64ea29d329feb666e14bcc1d10e59da,delivered,2018-06-13 11:28:17,2018-06-13 12:32:29,2018-06-14 13:45:00,2018-06-20 17:33:01,2018-07-04 00:00:00
bec5a824282dde8cdfe6aaf6b6525a6c,391e5723fbe91b2ed053106d5c3dd6fe,delivered,2017-08-22 15:32:50,2017-08-23 02:50:38,2017-08-23 21:05:07,2017-09-01 20:00:06,2017-09-14 00:00:00
833c7c18fb30f61e0d89316ff562c1a8,b661a09416cb2f21723aa3ad12b40a1b,delivered,2017-07-23 19:04:36,2017-07-23 19:15:10,2017-07-26 20:32:17,2017-07-31 20:23:09,2017-08-30 00:00:00
24d505034382a8c43dd5524e1b4eb3fe,2572738e77279aaac9c5c15620166859,delivered,2018-05-27 11:07:24,2018-05-27 11:36:03,2018-05-30 14:41:00,2018-06-08 17:44:52,2018-07-04 00:00:00
98ffd20f7510aafde026fc41c46876b1,2992f232ff17cb4cab17dc4cd2922251,delivered,2018-04-06 11:46:03,2018-04-06 11:55:18,2018-04-07 01:32:32,2018-04-12 01:41:16,2018-04-24 00:00:00
6f845696f97dbd80eb0bc519f70127a7,8a26e9d12e385095bc938849cad12a30,delivered,2017-06-28 00:11:28,2017-06-28 00:30:14,2017-06-28 14:33:47,2017-07-11 19:19:44,2017-07-24 00:00:00
55567a8e851b2400b53f74ec9b974221,75b55ff7cceeecbc718b1094555f5568,delivered,2018-05-26 19:20:39,2018-05-26 19:38:22,2018-06-04 13:42:00,2018-06-14 00:22:51,2018-06-29 00:00:00
7c1c60f422c242e539075d9b9edca95c,8606b2a0ee4bf45d1f8e558fa083dfef,delivered,2018-05-13 11:20:49,2018-05-15 07:55:08,2018-05-15 12:54:00,2018-05-21 21:44:46,2018-06-14 00:00:00
ed12a8b8c5f0f68831d02ebafb70763b,ad4dd64d7f0425f4463b626f361a1ae4,delivered,2018-03-20 20:56:24,2018-03-20 21:10:33,2018-03-21 18:59:00,2018-04-02 19:50:43,2018-05-14 00:00:00
8aad1f0c6ff336608e58eab9851f7ead,4c279b544594b9bc2e5f8db65fd005dd,delivered,2018-04-17 14:46:29,2018-04-17 15:09:21,2018-04-20 01:58:38,2018-04-23 16:33:00,2018-04-30 00:00:00
2ea42a9244db919209a5b414c749a085,fae1bc18fc44fd9a65149ceefe83811f,delivered,2017-06-09 14:24:57,2017-06-09 14:35:18,2017-06-16 07:53:50,2017-06-22 13:23:48,2017-07-04 00:00:00
27b7b4c3fcbac778a89cb52d6e05255f,c1d3f90ae6566b0d6e0673d6a2de44d0,delivered,2017-11-25 23:32:45,2017-11-25 23:41:24,2017-11-29 22:37:46,2017-12-13 13:22:25,2017-12-19 00:00:00
05522f28f3be3d5e7ef9f09cc0ac35ba,d35996269f53b0d70d2dbf6f3836ed60,delivered,2018-06-14 14:37:31,2018-06-14 14:59:10,2018-06-15 17:25:00,2018-06-21 18:04:58,2018-07-05 00:00:00
617dba85b5a384d32d348f3a8cb4ce80,e8e959d59d353044e098efd1f9cb34bf,delivered,2017-11-25 17:31:43,2017-11-25 17:52:59,2017-12-01 19:16:21,2017-12-15 20:47:47,2017-12-28 00:00:00
913f18fcb317f3eee87b26f9b241c683,cdb2d7e08c5243701392d8b232a8a6b9,delivered,2018-01-30 18:02:00,2018-01-30 18:15:30,2018-02-01 00:35:20,2018-03-07 21:08:54,2018-03-01 00:00:00
97b4cc9d2433a4b4f42fe54621738b78,322cde09fe689509868ff2f526e50054,delivered,2018-02-25 21:05:44,2018-02-25 21:20:29,2018-02-26 21:37:40,2018-03-23 01:16:29,2018-03-22 00:00:00
9ea0ebee145dfb3f4790d6637345db21,92e9bc030ae552be2a2602a7a72e999b,delivered,2018-01-06 10:24:39,2018-01-06 10:36:30,2018-01-10 17:48:13,2018-01-22 23:58:26,2018-02-08 00:00:00
b31ea01e4109e29d10d43b5aa917f65d,7a89fff116b1d5d95621c5f8954657b7,delivered,2017-11-30 10:49:06,2017-11-30 11:02:35,2017-12-04 23:38:57,2017-12-06 20:38:49,2017-12-18 00:00:00
1c3a799cb7d9d4ea2c60a373c8f46342,780b4d93c39f090c2124fc0a716c881f,delivered,2017-11-20 18:06:18,2017-11-22 02:59:36,2017-11-24 16:28:37,2017-12-07 01:09:34,2017-12-14 00:00:00
16b6123f7077419424bf89af74e2d054,e3702794d8a26f52191ff4badd7f40c4,delivered,2017-07-01 18:42:10,2017-07-02 18:35:07,2017-07-04 18:09:55,2017-07-24 17:29:32,2017-07-31 00:00:00
8d35042b6a7e4aae80685a704e6cb71d,6e5febec77b6b0c1c379e04f27bb37a1,delivered,2018-01-04 07:22:51,2018-01-04 09:02:01,2018-01-05 17:15:39,2018-01-12 21:37:13,2018-02-06 00:00:00
ced1e4de6ea18eda51e277b004a6edff,08a88979eb310a294b5636de96ea7fe9,delivered,2018-04-28 20:50:26,2018-04-28 21:10:55,2018-04-30 13:27:00,2018-05-08 20:11:49,2018-05-28 00:00:00
e12e1c2f5a9e258abeecce80cfce12df,6daa9110d3818f3f105691c3dbc0a715,delivered,2018-08-02 19:25:36,2018-08-02 19:44:02,2018-08-06 08:57:00,2018-08-07 19:36:46,2018-08-13 00:00:00
316f3f2ab44e5ee70b0d45afcc087e81,9038ab949be47a087d3ff510a2a31b5f,delivered,2017-11-18 20:09:08,2017-11-21 06:39:23,2017-11-21 17:18:31,2017-12-04 22:04:19,2017-12-27 00:00:00
47079aaea155f6682964d23c1b9d0ab2,f8c10189b4213f078fd1e229aabb7281,delivered,2018-02-28 11:07:53,2018-02-28 11:32:27,2018-02-28 23:03:34,2018-04-11 20:08:41,2018-03-20 00:00:00
05519ea9a25c6f57bfaa4ce4c372b26c,2b6e68e78e560c5b8dd02ca48f064a51,delivered,2017-05-13 14:42:24,2017-05-13 14:55:14,2017-05-18 14:49:29,2017-05-29 16:39:49,2017-06-06 00:00:00
f2bd2aad570babba3555eac14f843c49,e0b6289d157d47514338fc62360d469f,delivered,2018-08-08 09:14:56,2018-08-08 09:30:11,2018-08-09 08:16:00,2018-08-13 21:49:45,2018-08-21 00:00:00
e9d368c231d559667f6906ba8421d74e,a298207ad077c92315b887dac7e2c049,delivered,2018-02-10 15:03:10,2018-02-10 15:48:18,2018-02-14 21:53:50,2018-02-20 23:18:53,2018-03-07 00:00:00
b20e167bec039233a097f9204caca32d,f26b7c2fcccc65373668a87f61c988b3,delivered,2018-04-14 23:13:00,2018-04-14 23:31:35,2018-04-16 19:08:33,2018-04-23 15:56:40,2018-05-03 00:00:00
b5590da0e1ed55750c6f09988b5935a2,2ecce1e69373563e1566114105f5ecee,delivered,2018-07-31 20:34:45,2018-08-01 02:44:08,2018-08-01 15:32:00,2018-08-09 19:04:37,2018-08-24 00:00:00
ea2246b752ee2b7a1880cc4855171a1b,cc96f0b7244df6fc5aedb941050bfc3c,delivered,2017-08-17 19:04:33,2017-08-18 02:31:09,2017-08-21 21:03:14,2017-08-31 20:06:07,2017-09-13 00:00:00
4f8e380dcdc0ff7f92479a8d9c950490,2deb1b71301af93562fe892026531417,delivered,2018-02-21 18:21:12,2018-02-21 18:35:25,2018-02-22 22:22:54,2018-03-06 01:08:32,2018-03-20 00:00:00
d1cd7d486ae6facbe6c2a59a51c6d1f3,b7b1705b5beb9ffe3c0027a4e9531e89,delivered,2018-07-21 20:25:45,2018-07-21 20:35:17,2018-07-24 06:51:00,2018-07-25 18:56:48,2018-07-31 00:00:00
b93e694316954c82db60cf84faf9c694,719838a3dee4775a7054b8dfe43cf7a6,delivered,2017-12-09 14:21:59,2017-12-09 14:32:20,2017-12-12 22:06:00,2017-12-26 14:35:37,2018-01-11 00:00:00
6cd2700e3e9fc015e3bbe4ee264af57b,c69c846746a623c12b98b6162c3dd725,delivered,2018-02-09 17:36:45,2018-02-09 17:50:36,2018-02-14 16:29:06,2018-02-22 19:17:48,2018-03-08 00:00:00
675b1c40d6b0d4397714c1087eeafb01,4d30d32398120943b2a800664e7cd180,delivered,2018-04-24 15:34:42,2018-04-24 18:57:08,2018-04-25 13:26:00,2018-04-26 17:46:49,2018-05-03 00:00:00
df2d910b8b5e5f461f67043489f9569d,2e76c1f2a920153d79cc98b634c50942,delivered,2017-06-05 12:22:19,2017-06-05 14:31:21,2017-06-07 13:09:07,2017-06-26 13:52:03,2017-07-06 00:00:00
970f01d4d6e42b5dbaaf975d2d45f913,746cb47767f7817cb0d5347862cecc08,delivered,2018-02-21 10:21:33,2018-02-21 12:05:35,2018-02-22 18:47:10,2018-02-28 19:22:42,2018-03-16 00:00:00
b3cde042b77a6274419dfa8c4538a682,cab3cfcc4117707b1a8a47e3bb0021c8,delivered,2017-12-26 17:54:14,2017-12-26 18:08:51,2017-12-27 16:15:00,2018-01-08 16:47:49,2018-01-29 00:00:00
79d1b9fc8db94431a92d87a19439ecf5,7b9600a82aefcd6b328f578e8e7a67e8,delivered,2018-05-15 10:57:36,2018-05-15 15:30:41,2018-05-16 13:36:00,2018-05-22 16:29:46,2018-05-29 00:00:00
6ff09113fd48861d786d40583b7f2aa3,9b29afbe5be6f07ceca7ecd44ae83a4f,delivered,2017-01-19 20:12:02,2017-01-21 20:10:14,2017-01-30 08:22:51,2017-02-06 09:15:59,2017-03-13 00:00:00
648baaf2d0ad94dfad6cb960e3133012,5feda98324014ed7603a197517fa6f6d,delivered,2017-10-01 19:35:27,2017-10-01 19:49:40,2017-10-02 21:06:32,2017-10-19 19:20:03,2017-10-30 00:00:00
a2a40434e08665181cc74e01e9eb05e5,17585af293db14283fc81f53146a7399,delivered,2017-06-15 23:43:12,2017-06-16 00:35:22,2017-06-22 09:16:50,2017-07-05 14:51:44,2017-07-20 00:00:00
03d08548bb620e09cd4821b96f12a1e6,1e02b284271ae29e4df0ed29851ed4fc,delivered,2018-06-20 20:10:06,2018-06-20 20:37:30,2018-06-21 14:07:00,2018-06-29 16:05:05,2018-07-19 00:00:00
5dbf3bee4c547774bf74d477748dda22,5dadf9303f4c0c38d65b444aaf92b86e,delivered,2017-06-15 17:23:29,2017-06-16 17:33:31,2017-06-19 14:45:38,2017-07-13 13:07:50,2017-07-18 00:00:00
1f643298de39c374e3ad4e4838d156c1,7c5dee768f1dfbea5ba80fd468040c19,delivered,2017-09-09 20:32:22,2017-09-09 20:43:31,2017-09-12 14:32:55,2017-09-14 20:39:50,2017-09-21 00:00:00
8ba27d0eebcbab5fb3680d1fa19f7657,8dbce15e24731c41a4e8f57b5e016658,delivered,2017-07-15 19:14:43,2017-07-17 06:43:14,2017-07-18 18:56:09,2017-07-24 13:09:47,2017-08-04 00:00:00
e708577dce77e8e44c1bd9534419576e,914ab1ff67c21c0d81ee7bb3d0e33893,delivered,2018-05-03 18:55:30,2018-05-03 19:10:47,2018-05-09 15:48:00,2018-05-15 01:52:03,2018-05-24 00:00:00
6b9d30f0b006a467142d46f2280c7fe7,cfeb304b0bb336936928474f8969a5a1,delivered,2017-04-28 13:14:01,2017-04-28 13:25:16,2017-04-28 13:44:15,2017-05-05 12:12:28,2017-05-24 00:00:00
462f5581ea52a4b865cc8e66f70661a1,8fe8e4c47e8bca937e1d667d40ca93be,delivered,2017-09-28 21:01:01,2017-09-28 21:14:51,2017-10-04 17:56:40,2017-10-06 14:36:34,2017-10-30 00:00:00
232674aa2334edfdd9c2dbe346291712,b8cbb2fa6090f51abb6076e2b26ca3ae,unavailable,2017-11-09 23:51:34,2017-11-13 20:07:20,,,2017-11-23 00:00:00
34faef608414c76d996d5d864e3c76f3,19d0364bbfc4c3ff2118c129df5887c3,delivered,2018-04-09 10:51:31,2018-04-09 11:10:41,2018-04-11 20:48:32,2018-04-12 21:04:00,2018-04-19 00:00:00
646f1971e7c3a05fe0ce5fba3d67cda9,a8e87c05f9e513927cbeb64191ce3dbc,delivered,2017-10-16 15:22:27,2017-10-16 16:07:37,2017-10-17 15:10:20,2017-11-03 14:04:03,2017-11-16 00:00:00
83adb8f44a5e98ea2d58a04ca0b7fdc7,2d5a03254d72a9e56dddc8616bab0216,delivered,2018-06-04 09:33:26,2018-06-04 09:51:40,2018-06-04 15:44:00,2018-06-11 16:27:42,2018-07-16 00:00:00
397362c54ef533a63d68133a45ecf54f,820a174cb0897977268e5a8400aa7d53,delivered,2018-05-02 06:50:09,2018-05-02 07:37:06,2018-05-03 16:12:00,2018-05-11 21:08:59,2018-05-22 00:00:00
a14b18fc312879f9783d9d6c3f216787,a28d84b0258584bfe43bfe94bd30b657,delivered,2018-05-31 17:39:16,2018-05-31 17:50:47,2018-06-01 13:24:00,2018-06-04 21:14:49,2018-06-26 00:00:00
59a9185f4ae4b284bf06962763f4317d,5a4fde7d0bc3c7d2f83e49ea99d2cae3,delivered,2017-10-04 08:52:05,2017-10-04 09:07:24,2017-10-04 15:58:57,2017-10-10 22:13:59,2017-10-31 00:00:00
19e9072a16886c91fdd5127eb6ffaa6d,b3a04113801a5c4f023a00303023e9be,delivered,2018-07-18 12:45:29,2018-07-18 12:55:57,2018-07-23 11:05:00,2018-07-24 18:02:30,2018-07-26 00:00:00
a1c5f705a277dc65135f50fbfe2ce8bc,aed1b6fba1336d401cd7566c2b070357,delivered,2017-11-24 14:16:35,2017-11-24 16:32:36,2017-12-01 12:46:59,2018-01-17 14:58:48,2017-12-18 00:00:00
996df00d13e13ca3a09721eec0b07c37,03ffaf40c1fc47ccdf91dfd08f8ed901,delivered,2017-12-27 14:46:06,2017-12-29 02:09:29,2018-01-03 21:38:41,2018-01-18 22:29:08,2018-01-26 00:00:00
9e27a77121b82195690a4fb1994814ea,884bd418dcc0f0dc117f7800e752acfe,delivered,2018-01-08 13:11:16,2018-01-08 13:28:04,2018-01-18 22:39:12,2018-01-20 17:35:19,2018-01-24 00:00:00
35576320702385b5938becec9a816a8f,e858b7e44036c184acabb93333066d09,delivered,2017-12-26 12:55:21,2017-12-27 17:48:25,2017-12-28 17:48:09,2018-01-03 15:37:36,2018-01-19 00:00:00
82e098e90be56ba3b67aca2e1ba26fdb,3f7738efc416bab23c48f5d6f701c693,delivered,2018-02-21 22:03:51,2018-02-21 22:10:29,2018-02-22 22:23:09,2018-03-22 23:56:42,2018-03-21 00:00:00
faa01b7a24d0ba51d0d0ec652cd9b745,e6dfd24ec0d6e4e7002fa6dca5bf55a0,delivered,2018-07-10 18:14:47,2018-07-12 03:30:17,2018-07-12 07:30:00,2018-07-25 11:52:20,2018-08-06 00:00:00
7bf07dae0e08f5a2b54f5d784c8bdd12,edb5b9d723092a06959de10d7040f40a,delivered,2017-08-04 21:53:03,2017-08-04 22:05:15,2017-08-09 19:41:22,2017-08-18 18:32:47,2017-08-28 00:00:00
747aab082292790602a7f64196ca8e0f,ca03c5f7316bf1323ea039523cc0037d,delivered,2017-06-07 11:50:25,2017-06-07 12:45:07,2017-06-08 09:37:28,2017-06-21 16:02:31,2017-06-30 00:00:00
1fbf181e068d25051390f9f53d45ce0d,aab6bdb5ac89272cebc58bc9c59a45f2,delivered,2018-03-21 23:46:43,2018-03-22 00:08:13,2018-03-22 21:24:21,2018-03-27 19:22:05,2018-04-12 00:00:00
3fe67b23f3a9532482fd5c6dda351895,eb68e8ebd5a36d827e0c55b8d535fea3,delivered,2017-12-18 17:44:31,2017-12-18 18:52:22,2017-12-26 18:23:26,2018-01-04 22:56:46,2018-01-15 00:00:00
79194a36c77059c7510e51e4afddc643,e968c215cc5a146095be714aa34028a5,delivered,2017-11-17 00:08:29,2017-11-17 00:27:01,2017-11-22 16:22:47,2017-11-27 18:49:06,2017-11-30 00:00:00
1836449b27f6394061739f38bad607e8,6f5a474e3e4fab8487a01cd4eabcc91a,delivered,2018-05-16 19:20:18,2018-05-16 19:37:15,2018-05-17 14:33:00,2018-05-22 18:17:33,2018-05-29 00:00:00
dd1341091b6a6b619079944b4aa45eb7,dfff377396a4ab6e54d73dd479008d66,unavailable,2017-09-23 11:36:05,2017-09-26 04:14:15,,,2017-10-10 00:00:00
40c6a2db0ce06b7ed796a48b20206c92,46c56c11259668f72547b0c457cf5ede,delivered,2017-11-24 13:37:20,2017-11-24 16:16:06,2018-01-04 21:21:33,2018-01-11 19:10:14,2017-12-18 00:00:00
ace64c0c1402369a3073d086ec6ee306,1db3a7b88cd7fd05902c3fcde318795d,delivered,2018-02-09 20:33:26,2018-02-09 20:47:54,2018-02-16 22:54:56,2018-03-02 22:21:41,2018-03-08 00:00:00
9a2176942821e355e4ff9dc4a8e96a07,b8126473affde2fa5bd627695704995e,delivered,2018-08-27 16:12:22,2018-08-27 16:24:11,2018-08-28 14:46:00,2018-08-29 20:38:40,2018-08-31 00:00:00
179de2e682fa3219ba41a728047be96d,0cee073f6aef54fbabf3954ff549c244,delivered,2018-06-12 15:15:19,2018-06-13 22:57:58,2018-06-15 08:47:00,2018-06-20 18:28:44,2018-07-03 00:00:00
c5496b624a2992c280191ee51a5f0650,a46e766acc377978584e2e7ffc863e3e,delivered,2018-07-24 16:06:57,2018-07-24 16:40:12,2018-07-27 14:12:00,2018-07-28 15:55:26,2018-08-03 00:00:00
3bb0635cfdd779b10da72af7d39f9ccf,508f02445d31772d7ca55d0f3f4008dd,delivered,2017-10-16 10:42:28,2017-10-16 10:56:26,2017-10-17 19:16:42,2017-10-27 14:33:50,2017-11-07 00:00:00
e3650ea29ce4ca131ce317a0f291fd56,45e93cba18418238127f585180e2b0e4,delivered,2018-07-12 15:16:10,2018-07-13 13:30:13,2018-07-13 14:50:00,2018-07-23 13:18:39,2018-08-01 00:00:00
307ddda45d830e2a08ee3892edec5d2a,7300cfcf40dab53201229f2bfcd4d5fd,delivered,2018-01-09 19:14:09,2018-01-10 10:32:20,2018-01-10 20:29:08,2018-01-11 22:38:59,2018-01-26 00:00:00
b47f9f663e41971f0d31b1caa6468c40,7bfd349ddcab469ad888395434783f62,delivered,2017-10-15 19:41:20,2017-10-17 04:25:11,2017-10-18 21:49:56,2017-10-23 16:52:45,2017-11-07 00:00:00
7ff091a081c936e22d36651bad1fc653,c01280b92a482132cce4f7cc5866508d,delivered,2018-08-19 03:05:57,2018-08-20 11:10:07,2018-08-21 12:54:00,2018-08-22 22:12:11,2018-09-03 00:00:00
410ba50fe8c000ab2342ac8e4282b2f3,8c0d082aeefaa983963a8d7aa2da8208,delivered,2018-01-23 12:53:17,2018-01-23 13:12:18,2018-02-06 22:42:59,2018-03-01 14:23:12,2018-02-23 00:00:00
d9c5038b04ba670150fce7814b96c68c,c0f90357c31152626c781691029071fc,delivered,2018-01-19 19:37:03,2018-01-19 19:49:42,2018-01-26 19:53:22,2018-01-27 15:44:57,2018-02-05 00:00:00
03c765107c8fc34c68a82bbd6c686856,f28dead4549d1753510b2f16df5724c8,delivered,2017-04-09 20:15:45,2017-04-09 20:25:10,2017-04-10 12:26:52,2017-04-17 12:04:56,2017-05-04 00:00:00
fc0f2134e9a7cffb77d02c4754c264e8,c047c68f42cf14e79adf7ff885415324,delivered,2017-11-02 16:41:02,2017-11-02 16:50:59,2017-11-06 09:53:23,2017-11-14 17:32:06,2017-11-29 00:00:00
a1e313e06320d5c725c2ba02d0cf5be2,6b66c3c14df21f07ea7f57fc8af6517f,delivered,2018-08-14 20:02:28,2018-08-15 20:04:01,2018-08-22 10:37:00,2018-08-26 03:38:40,2018-09-03 00:00:00
78ce53a063eb2907f9727aac2c678339,e9859fbdff7d26c36c228cf60796e844,delivered,2017-04-06 21:07:35,2017-04-06 21:22:51,2017-04-11 14:22:53,2017-04-13 14:38:33,2017-05-05 00:00:00
9a4a6043b37a47e2c964bbc055f2e837,0c6d59647f04b19897e2fd48ae191f27,delivered,2018-02-10 18:52:05,2018-02-15 03:50:48,2018-02-15 19:17:07,2018-02-21 14:55:10,2018-03-13 00:00:00
2cb146ee8dcde5dc2e8dda5bcebe3f47,9eba5d654db88e3e5c4afbbe96787e08,delivered,2018-05-26 10:08:31,2018-05-29 03:15:23,2018-06-01 14:59:00,2018-06-04 19:23:38,2018-06-20 00:00:00
581c795a0fba4d5e258484943a5ab0fb,864b6e5515568a915e535a341c973ec8,delivered,2017-10-03 14:42:43,2017-10-03 14:56:16,2017-10-04 15:28:08,2017-10-10 21:32:58,2017-10-30 00:00:00
d00ff6010b4c8c182b603ec360026b44,04932ff700030fe6c723a32ed80bc2ad,delivered,2018-03-18 22:25:47,2018-03-20 20:50:39,2018-04-05 20:02:41,2018-04-17 17:41:53,2018-04-25 00:00:00
cbcf8d46a56861257f5bcacbc2c96709,a5797f5d047ee57b896d3eadd781012f,delivered,2017-12-13 23:18:31,2017-12-13 23:30:39,2017-12-14 17:37:21,2017-12-22 17:49:45,2018-01-15 00:00:00
4447244b60640d0067069c680995049d,926a39c05e638211462221c33ae1fa5a,delivered,2017-10-26 23:05:22,2017-10-28 02:55:08,2017-10-30 22:14:21,2017-11-07 22:12:58,2017-11-23 00:00:00
c4449cba74f34a08a7c57edd66351427,f88d78b8e2587ff8ae51f34a792811ac,delivered,2018-04-22 21:50:06,2018-04-24 17:37:11,2018-04-25 00:36:31,2018-04-30 21:36:43,2018-05-21 00:00:00
5e51393cd4562accba29a68b5db784c6,d2ef22dfde19ae5c25d2275eaf1d7869,delivered,2017-07-25 13:52:07,2017-07-25 14:03:15,2017-07-28 19:09:44,2017-08-08 19:41:28,2017-08-16 00:00:00
e02d1acde68fc554aee0e2913c3179d0,d71d0786dd993461821ec16125a0f013,delivered,2017-11-15 20:26:14,2017-11-15 20:47:02,2017-11-17 20:22:58,2017-11-30 20:53:00,2017-12-12 00:00:00
6395828841eb4af7b78aa60f37b6ba40,47d02f3b50d39b9b4357d5914d8425e2,delivered,2018-04-27 13:59:04,2018-04-27 14:15:15,2018-04-30 14:02:00,2018-05-04 02:28:50,2018-05-11 00:00:00
7f2ade8e17f4c600c4d2ef62f72a860e,3eccb9c1241dd874da335a074221c39b,delivered,2018-05-11 20:22:51,2018-05-11 20:35:19,2018-05-14 13:18:00,2018-05-19 17:11:54,2018-05-29 00:00:00
38cf938c02a2fd1cf1fc7f7c6a32b03f,7b4c0d29807fae134a5035f012830fed,delivered,2017-09-28 22:09:11,2017-09-29 15:49:35,2017-10-03 19:13:31,2017-10-09 22:10:15,2017-10-25 00:00:00
9f3ff139356a16e68632efe0a4606f17,87a86ea726adb5f9d23bf68e0b962c3e,delivered,2018-04-03 15:54:17,2018-04-04 03:15:39,2018-04-05 03:43:31,2018-04-24 00:51:04,2018-04-27 00:00:00
ae5d90764ed49cd5e5e72cd3df5b787e,f470ef6c3f70afc022449af9a10aa4da,delivered,2018-01-23 17:02:54,2018-01-23 17:11:22,2018-01-29 20:37:05,2018-02-07 21:19:46,2018-02-20 00:00:00
a498cd320a4937e66cb7b1013909a271,53502e3a5e34fccc01cdf19dcbf3c679,delivered,2018-08-16 11:56:55,2018-08-16 12:10:15,2018-08-16 15:06:00,2018-08-17 14:38:56,2018-08-21 00:00:00
b5b51b2363f2372af3e36828b9e25b97,e8e6f046acff0badcc024299b5162917,delivered,2018-03-30 15:08:49,2018-03-30 15:27:31,2018-04-02 17:06:50,2018-04-05 21:19:21,2018-05-03 00:00:00
ccb493a84cad1ba5ce523d205f00d987,8ff7ace831161da79f068d3e92d3a9cf,delivered,2018-06-30 17:06:42,2018-06-30 17:55:11,2018-07-02 19:01:00,2018-07-03 21:47:00,2018-07-17 00:00:00
9ac24a8afcd635709e2443e878ccfbe7,77d824a1031f69a3901ccb843e32d7fe,delivered,2017-11-29 20:27:24,2017-11-30 02:22:13,2017-12-01 20:18:40,2017-12-08 14:27:59,2017-12-21 00:00:00
771a3c809e079dc89392a34a5d797651,30326a0347086d7044f8f0ac86c677d1,delivered,2018-06-19 16:33:33,2018-06-19 17:04:50,2018-06-20 12:14:00,2018-06-28 12:33:43,2018-07-11 00:00:00
bfca7413b79272dc5ed993b4e90c53ce,7f17b542f4d09af6377365917101cf5e,delivered,2017-06-19 02:03:15,2017-06-21 02:15:56,2017-06-21 14:02:02,2017-06-27 15:04:55,2017-07-18 00:00:00
5674e908354d328e44e831ee61b6fd85,b520dffb45818ab048218df9cacee680,delivered,2018-03-01 11:30:22,2018-03-01 12:20:29,2018-03-02 23:58:51,2018-03-27 20:51:37,2018-03-21 00:00:00
4e3c64d86c6701af13d8d0e899dd6b1c,0c0603d07483f48b102fe37e1745befa,delivered,2018-05-01 21:03:25,2018-05-01 21:15:25,2018-05-02 19:01:00,2018-05-03 14:25:00,2018-05-18 00:00:00
1a7e970c994a82401235495241e66a14,e4cd7646d181863566d0c48f9d28e81a,delivered,2017-11-16 22:02:14,2017-11-17 11:30:21,2017-11-21 15:34:12,2017-11-23 15:19:09,2017-11-29 00:00:00
c6e7a0810e0020963c7dc5ec9087c509,9d02a1c6855b3536a26bec71750a7908,delivered,2017-09-09 16:16:29,2017-09-09 16:30:20,2017-09-14 13:30:09,2017-09-20 15:37:24,2017-10-02 00:00:00
48c39947fd42eb080c2e14b368f79c60,6c5bf6c3c6936b42d1cf39f0385d8807,delivered,2017-12-28 10:59:50,2017-12-29 02:08:35,2018-01-02 20:46:55,2018-01-04 16:25:04,2018-01-17 00:00:00
4c5c8e4d5eb79a80f344aa59a4d8d04c,81a8eaf2d00263614778a976af4c30d1,delivered,2017-11-08 22:57:01,2017-11-08 23:10:56,2017-11-14 22:12:02,2017-11-17 12:22:23,2017-11-22 00:00:00
fa511a915dea9b19df81ec0424400176,aee6a4b7dd37206736642224fba0de6e,delivered,2018-04-17 10:23:24,2018-04-17 10:35:27,2018-04-17 19:22:07,2018-04-23 10:48:52,2018-05-10 00:00:00
d6215a45def043ea37208c33a9cfa550,dbf750cd1c54a2b7e13a58520dc1fe5c,delivered,2017-10-20 11:43:27,2017-10-20 11:56:14,2017-10-23 18:43:30,2017-10-28 17:17:08,2017-11-13 00:00:00
7d49a1c0abbfb267942abc717ed81422,9ceedfd00f1ffbfa98dd9b9e960b81b2,delivered,2017-12-12 17:34:40,2017-12-12 18:10:43,2017-12-13 18:43:20,2018-01-23 14:05:07,2018-01-09 00:00:00
b747117c2b61e77e4ca28fc2ab62860b,8c1f0db2e1e91b28425f0d7e46454e94,delivered,2018-03-03 17:24:22,2018-03-03 18:29:09,2018-03-06 18:52:02,2018-04-20 11:32:51,2018-03-26 00:00:00
434e81e3dd3038e858046831f20c479a,152dbb1b41350e9b107e483e9ec546c0,delivered,2018-06-19 14:43:48,2018-06-21 03:17:44,2018-06-22 13:29:00,2018-07-03 19:32:08,2018-07-26 00:00:00
fc664ce755b461e5eaa3acd0be4e2118,3f85552d6e82f0d5ec4a1c82bc4dffa8,delivered,2017-09-27 12:56:13,2017-09-27 13:07:25,2017-10-03 18:15:51,2017-10-13 22:53:47,2017-10-25 00:00:00
efcb1e3ac5e7826d0395156ddcce513d,0218cebf93e71536419e31f4938f1774,delivered,2017-11-28 23:39:55,2017-12-01 16:00:06,2017-12-12 16:52:06,2017-12-20 19:17:42,2017-12-28 00:00:00
6b0b2d1c9273be37dfc235652a4a3d32,49b178e403b4791714ba184ecfbea446,delivered,2017-05-29 11:19:46,2017-05-29 11:30:17,2017-06-01 15:17:36,2017-06-03 12:24:27,2017-06-21 00:00:00
7f43dd9ca3fa1b6ac3d26dabda86d82c,c9eeaea4b6584bad78925309aa79ba46,delivered,2018-06-07 17:35:38,2018-06-07 17:58:32,2018-06-08 14:41:00,2018-06-15 13:32:12,2018-07-05 00:00:00
753409eb1dc2fceb6dbb2a350a35ffc8,a88cee1715cb725d85cef9cf6fb25261,delivered,2017-06-05 11:22:06,2017-06-05 11:35:16,2017-06-06 13:33:04,2017-06-19 13:27:44,2017-07-04 00:00:00
1323c3d7f54506c2aeab7f1ce9668caa,785c55fef8afc1270212491986c7a6ee,delivered,2018-03-17 14:27:53,2018-03-20 03:35:40,2018-03-20 17:58:45,2018-03-23 15:24:53,2018-04-05 00:00:00
4de0c037e9bfc358c31f09c0dbad15a5,ec90f2754696667a3509731f034c8dd9,delivered,2018-03-20 14:39:22,2018-03-20 14:55:24,2018-03-21 18:51:20,2018-03-22 20:25:22,2018-04-02 00:00:00
806c224e302c85404164d60601ee3c10,48853c5802b9480df9fe3b34cb7226fe,delivered,2017-08-01 13:45:24,2017-08-02 03:04:37,2017-08-03 15:13:18,2017-08-04 21:33:01,2017-08-16 00:00:00
ddec9d49faa955faea0c6b494561d4a4,2b3063a29b11954c10c7e572a8477082,delivered,2018-04-25 00:25:46,2018-04-26 04:10:59,2018-04-30 08:39:00,2018-05-07 23:46:34,2018-06-11 00:00:00
d49132be94be94057aadb0fdd665943b,2f602347f836fb37d192a2bc4798a471,delivered,2018-01-17 09:42:34,2018-01-17 09:51:25,2018-02-05 22:29:55,2018-02-27 16:05:31,2018-02-22 00:00:00
e71d504f1de703f2bf1ae44d69a9d27d,a0539dcb52f6e42b62a2e9c8b675ca16,delivered,2017-10-05 21:21:43,2017-10-05 21:35:30,2017-10-09 21:07:46,2017-10-24 17:44:16,2017-11-16 00:00:00
df65602000ffdf593af0979d8c8a8544,3bad19aaa42d001d49f219c0cd2d1c60,delivered,2018-02-22 13:04:20,2018-02-22 13:15:43,2018-02-27 18:09:19,2018-04-19 22:03:46,2018-03-20 00:00:00
e7591928e884f24aa164ee55fd05d56d,fec1fc12bd2473836d0a3f18a622e20f,delivered,2018-02-24 19:34:27,2018-02-24 19:47:14,2018-03-12 20:49:47,2018-04-04 20:34:54,2018-03-23 00:00:00
1fa3578be8d670ef139e0216365d71dc,09b5561e6bad06d4ce5d5b0d107a8817,delivered,2017-10-29 21:39:52,2017-10-29 21:50:17,2017-10-30 16:36:03,2017-11-03 19:59:52,2017-11-17 00:00:00
c97e64988f3d2b091838bb2815fc246b,5e51f41c2c9cc612e4d63c9fd18b28c6,delivered,2018-08-02 18:23:51,2018-08-02 19:30:40,2018-08-03 11:13:00,2018-08-06 15:49:20,2018-08-10 00:00:00
8fb9e44943fd93ec9a5eed36cce925c5,aa2e9d6a786f96aaab74743384293503,delivered,2017-11-17 21:13:18,2017-11-17 22:00:28,2017-11-20 15:09:24,2017-11-23 20:26:58,2017-12-06 00:00:00
0a461e390d6d2280c86fa9a76b3a0e68,461f03df681f6f248f35e924ad547cc6,delivered,2018-06-08 19:14:02,2018-06-12 07:57:45,2018-06-19 09:23:00,2018-06-26 18:08:35,2018-07-27 00:00:00
e4a9759ef4977b2303b79da089cc865f,98ff9f70b5748c2f0518a94f9e9a975d,delivered,2017-10-27 18:51:06,2017-10-27 19:06:46,2017-10-30 19:52:11,2017-10-31 14:20:11,2017-11-09 00:00:00
2d3246c68cbe85d64b652f4ff3848de2,f3de897db02b60ae259ac54f92c43d17,delivered,2017-03-08 10:07:04,2017-03-08 10:15:20,2017-03-09 10:01:42,2017-03-15 15:47:44,2017-03-31 00:00:00
f987b0a9e1af0c2ab9667ca39d41721f,35d1cb27050a35328d41b85513113261,delivered,2017-12-27 09:40:30,2017-12-27 09:48:56,2018-01-03 23:07:11,2018-01-13 00:10:05,2018-01-26 00:00:00
0a1f877f7653fce5563de42726f033ca,485ae36cb82a351de4f4c2a099ff3606,delivered,2018-05-12 18:24:44,2018-05-12 18:36:09,2018-05-14 13:01:00,2018-05-25 21:55:49,2018-06-05 00:00:00
3e63664ed5cdf7a1435eec921b9091a1,b0d296c2459346d50a47ab65ea5ea739,shipped,2017-06-04 20:35:27,2017-06-04 20:50:17,2017-06-05 14:42:47,,2017-06-28 00:00:00
46c36a9b14438f007086c53a374abf1f,d716708080665af336cd4bc2aa0f4ba8,delivered,2018-02-19 11:37:37,2018-02-19 12:35:23,2018-02-21 19:46:54,2018-02-27 19:59:04,2018-03-12 00:00:00
3865adcc2f53015a9526a22f9f5da972,ad12987f0baa11e225e27f71cb1cfe3c,delivered,2018-03-26 18:50:04,2018-03-26 19:08:09,2018-03-27 19:25:53,2018-03-29 21:48:54,2018-04-12 00:00:00
7d6b60a740c816534aba4faf2dad0752,7eecc872bb8542c147aac6a7b801ad2d,delivered,2017-11-24 22:29:43,2017-11-25 00:51:35,2017-11-28 23:04:56,2017-12-15 00:27:39,2017-12-18 00:00:00
6c902413dba57690cf1e5dd592553b6f,cff1f046a50c6c57875eb287c50c7b7c,delivered,2018-05-04 00:08:11,2018-05-04 00:30:36,2018-05-04 15:11:00,2018-05-07 14:21:14,2018-05-18 00:00:00
09c29dc1d814f755a8183dc859945531,bb5ecb070b1cabb71470e74ccabb9ad5,delivered,2018-02-11 18:53:35,2018-02-11 19:07:48,2018-02-15 20:53:52,2018-03-02 20:38:41,2018-03-15 00:00:00
8349a1bfa0cb940e2505005041c3fede,37f821765d8ac920b59ce7fdeca55a61,delivered,2018-07-29 20:23:03,2018-07-29 20:30:29,2018-08-03 13:51:00,2018-08-09 15:05:16,2018-08-10 00:00:00
189a53cf93264d51ff7b5a92601c7a34,ddf33cdfb2eb21f708dca32e2bf4299f,delivered,2017-10-21 11:52:47,2017-10-21 12:07:16,2017-10-23 20:10:15,2017-10-24 18:06:15,2017-11-03 00:00:00
fcd8b3a2ce5ad445e576820a3655052f,13bde1e7feafd935f9897e104ca7e3b0,delivered,2017-09-12 00:02:40,2017-09-12 00:15:12,2017-09-12 20:17:42,2017-09-20 11:44:11,2017-09-28 00:00:00
cc5bbe32adca312ddc1d24d3dcf803a2,2b94310434fdcb88c6d1259cde11d657,delivered,2018-01-02 19:26:43,2018-01-03 04:12:27,2018-01-03 19:52:03,2018-01-11 20:43:51,2018-02-01 00:00:00
b94de0a4b60ee9f23315de77e1dde986,3693091a7448d5b06ee8a866d8bde846,delivered,2018-02-07 22:20:33,2018-02-07 23:29:29,2018-02-09 21:12:27,2018-02-22 23:49:03,2018-03-05 00:00:00
0e485d1f54cf7d8e93339478d9e1d884,920de9467dd250906015fc6c01d08f14,delivered,2017-07-17 21:38:27,2017-07-17 21:50:17,2017-07-18 17:23:53,2017-07-27 19:57:32,2017-08-14 00:00:00
897648537fbaa2faa3eecbbefda2e1b9,01fb955db98cde5399bd9d21e88caa9b,delivered,2017-10-31 07:42:00,2017-11-01 03:30:18,2017-11-01 15:22:56,2017-11-07 18:42:19,2017-11-21 00:00:00
5e5e74b102f501b1f57aa7ee1a7b84de,477497012d509132e418c5ec5e69d109,delivered,2017-10-13 10:53:47,2017-10-13 11:07:35,2017-10-18 16:04:44,2017-10-23 21:45:49,2017-11-01 00:00:00
bb299ee4fb79d4056dad3e6bc0aa8a46,336353043c293fff266ae08b9ace8bd4,delivered,2017-03-29 20:29:35,2017-03-30 02:15:58,2017-03-31 12:51:46,2017-04-06 17:00:09,2017-04-18 00:00:00
5eff879c2f04b5e1f7e9c72ae229f074,409a7199f800822fe76d8c313ada25cd,delivered,2018-08-09 00:06:28,2018-08-09 00:15:30,2018-08-09 14:32:00,2018-08-15 18:21:24,2018-08-23 00:00:00
c2509daf9e1312fea710fc46902c9da8,d6505f1e68ff1731c2b79517f47a8d4f,processing,2017-03-16 14:15:16,2017-03-16 14:15:16,,,2017-04-28 00:00:00
ba80262d7327dbeeba3cf78129c6119e,a8cea6f9dd91c26982fe8af67d0cd84a,delivered,2018-03-18 14:26:14,2018-03-18 14:50:28,2018-03-19 19:52:48,2018-03-20 20:54:33,2018-03-29 00:00:00
71e077cdb8aba5646817189b9aed6b44,5ea10f0e3b12d4dd62cda8328e72efad,delivered,2018-02-23 10:00:29,2018-02-23 10:15:27,2018-02-28 13:03:56,2018-03-02 23:52:28,2018-03-09 00:00:00
166006e25a9d9a411e8094e0237104e0,1f224b90a5ccd7ff2d61d7c34ac8508d,delivered,2018-03-19 10:33:18,2018-03-21 02:51:00,2018-03-23 17:26:47,2018-03-28 13:59:10,2018-04-05 00:00:00
5b2a1612e55a77383b77e3e554e67040,961b5bfb86c1fbdb13f2b162d9fd78ec,delivered,2017-12-04 09:19:58,2017-12-05 04:15:48,2017-12-07 13:22:53,2017-12-13 15:37:25,2017-12-28 00:00:00
192c8364fff4c42bf70f0d9a4525c340,1459b919586d464598d816e4163b19e3,delivered,2018-02-03 01:28:56,2018-02-04 02:31:34,2018-02-05 21:05:34,2018-02-19 20:31:16,2018-03-07 00:00:00
6c673e7f0e59af3f88e62db4bde6b126,b3e798968d182062a9ced85f8143dde0,delivered,2017-12-26 10:26:17,2017-12-26 10:37:31,2017-12-27 20:27:00,2017-12-28 15:17:05,2018-01-15 00:00:00
a9f03424f2176817b05dc4ee9d048d6d,c5df5e68beed79bba641bf1e9d4119ce,delivered,2018-05-10 13:31:36,2018-05-10 13:51:53,2018-05-16 08:12:00,2018-05-18 17:03:44,2018-05-28 00:00:00
d6b35060d6baa125cae83779381704e2,cd62038117be9143e5e19f43f6a56e24,delivered,2018-04-19 21:32:40,2018-04-20 08:10:24,2018-04-24 16:21:38,2018-05-02 16:02:36,2018-05-16 00:00:00
713d50ddc8c1a4367d76bf00bdf4d150,8aa97fdffddd4bdca82542fc851250dd,delivered,2018-06-05 17:40:24,2018-06-05 17:54:03,2018-06-06 11:40:00,2018-06-14 17:50:02,2018-07-16 00:00:00
54220fcc516cabe9ec84b210c0765ef2,24e7dc2ff8c07126358af519732b8558,delivered,2017-11-24 16:16:45,2017-11-24 20:13:16,2017-11-28 23:07:36,2017-12-07 17:47:15,2017-12-20 00:00:00
120142f868b25baf05430c42ed963a99,a20abc59a2b88e8284dea1ee1cb11b10,delivered,2018-04-22 13:27:41,2018-04-24 18:39:30,2018-04-24 21:51:40,2018-05-04 21:41:13,2018-05-21 00:00:00
a1092ad981e90f68879726e1c2c0fd63,fdbb070bf19091e33ce271b284457c4d,delivered,2018-02-19 21:47:07,2018-02-19 22:50:27,2018-02-26 19:58:52,2018-03-19 10:46:28,2018-03-20 00:00:00
c8b1f5c6c2a11855f32ba79cd9e19d1e,e019ee7f821108995f53fcacc264dc51,delivered,2018-01-21 19:04:46,2018-01-22 13:57:25,2018-01-25 23:08:49,2018-02-08 23:18:47,2018-02-26 00:00:00
7b34b9075e576d1d26171c4772f70557,04825cf7799fbea0fd7e9e3d33187429,delivered,2017-11-14 15:26:02,2017-11-14 16:16:24,2017-11-16 23:21:07,2017-11-22 23:44:23,2017-11-28 00:00:00
28744e7a534028309c1d21455f676752,9ba9686d3b6346e2c61f67581045f2ca,delivered,2017-12-31 10:24:39,2017-12-31 10:33:07,2018-01-02 16:10:40,2018-01-30 19:12:33,2018-02-01 00:00:00
b2190e086b2cf877f42a661db8eaeb8d,7e665bf60370543be4e0c8065f1f014b,delivered,2018-03-25 22:21:25,2018-03-27 03:55:59,2018-03-28 22:04:20,2018-04-05 18:26:48,2018-04-19 00:00:00
3d569c9ae7a98780b9a771da0b86532e,e08e4e6f008095f5b4506470029594be,delivered,2018-02-27 22:12:20,2018-02-28 09:56:13,2018-03-01 18:12:05,2018-03-13 21:42:03,2018-03-19 00:00:00
3940a7329348b875a9384998bda9b303,a8af0043cc88a245b8c0c8313d34e882,delivered,2017-06-14 16:51:33,2017-06-15 17:03:05,2017-06-16 08:57:21,2017-06-19 21:07:39,2017-07-05 00:00:00
0426ac8a5e4a839db34bb45d7e313fa3,6d9fe8b5637274da827f91f43481d026,delivered,2017-05-01 19:33:24,2017-05-03 11:33:42,2017-05-11 11:50:39,2017-05-16 10:32:59,2017-05-25 00:00:00
9d8a5f2bdee14c918feed8f8cae3cf94,e58d429f0a9f1706d5634b5b33710843,delivered,2018-08-08 10:50:05,2018-08-08 11:05:18,2018-08-08 13:21:00,2018-08-13 20:28:34,2018-08-17 00:00:00
ca4ae0f72099b587c67669fa71d105b9,b21059cdf9f6d2abdec2bf4aa108e454,delivered,2018-04-12 19:13:18,2018-04-13 02:32:08,2018-04-16 16:23:56,2018-04-19 16:35:33,2018-04-30 00:00:00
a68d55e37069898482bef61866cac7f4,3a38221b09bfb907e18edee4e1a12645,delivered,2017-09-08 01:21:52,2017-09-08 01:30:17,2017-09-08 19:24:51,2017-09-09 15:12:10,2017-09-20 00:00:00
3972df2fee6713723d3c001075f1a039,692dd6534618720df0e4d0e06ef0a72f,delivered,2017-09-07 12:35:23,2017-09-09 05:15:24,2017-09-11 20:05:50,2017-09-19 17:49:51,2017-10-05 00:00:00
fa42a34be61fe1ded5df8a8079ce8a52,5a69025bd00a6950e3aa782b2213aadd,delivered,2017-05-06 10:24:55,2017-05-06 10:42:29,2017-05-11 14:46:57,2017-05-19 09:31:47,2017-05-31 00:00:00
12bac66f44df6a103bb5b982c45f5617,34a57d208c01c5a0d4cb4cfb232e647d,delivered,2018-05-06 09:02:34,2018-05-06 09:15:18,2018-05-10 15:08:00,2018-05-11 18:43:34,2018-05-22 00:00:00
1dbd19609384c9e5b21e382e560a85fa,e1a81b9db2bc308ffc7e2ee4f70dd22b,delivered,2018-08-02 12:18:36,2018-08-03 02:35:18,2018-08-03 11:37:00,2018-08-07 23:55:24,2018-08-13 00:00:00
452724506999f9dc003d6b9ea7dcba41,c3004b9514f8871bd714fbede4949b51,delivered,2018-01-18 09:13:31,2018-01-18 09:37:02,2018-01-19 19:42:19,2018-01-26 21:26:36,2018-02-14 00:00:00
8851b8f3b3c9736081a17b2f49b4eaec,5cdc045a9409dbfa5db1b7326a598d84,delivered,2018-07-31 11:14:07,2018-07-31 11:44:27,2018-07-31 11:31:00,2018-08-06 19:51:42,2018-08-17 00:00:00
03679d41c590caa3f9f56dfad35bff0a,4e7afdb91c131ae7ab4b3e2f423ed6fa,delivered,2017-02-01 15:47:22,2017-02-01 15:55:21,2017-02-21 13:56:18,2017-03-09 18:52:16,2017-03-28 00:00:00
bce1e6fae8db0875cde2048ee4220438,6d27a9361e591da38c87a5e70253f3f2,delivered,2017-12-28 10:45:14,2017-12-28 10:54:22,2017-12-28 22:04:14,2018-01-08 17:00:02,2018-01-29 00:00:00
a966231d1abc5095725cb52a810d5694,4642a001f9aa9f1738d27a921d8703b7,delivered,2018-02-08 18:36:44,2018-02-08 18:50:51,2018-02-09 21:41:50,2018-02-19 21:43:24,2018-03-02 00:00:00
80c54b49eb28ef498e5076bb0a7ca24c,fbaf9e9c575481dc74d37c517fb43f6e,delivered,2018-08-05 11:42:29,2018-08-05 12:20:05,2018-08-06 18:18:00,2018-08-10 17:03:12,2018-08-14 00:00:00
dc303df898b2e4f80f8596f6f77c2373,22eb58040e81aadaab163fe50e1231b1,delivered,2017-12-02 23:10:19,2017-12-02 23:45:51,2017-12-05 01:06:31,2017-12-06 14:34:04,2017-12-20 00:00:00
19247443a7dfd6e4475b0e9b3fae86de,db44d450b483eeccdc0873434be0b954,delivered,2017-09-22 16:15:54,2017-09-22 16:30:22,2017-09-25 22:06:33,2017-10-05 19:45:52,2017-11-01 00:00:00
fb8c006ccc9a5c06f63dc31bb472daf6,9fc8fc3c12de47e3fa73de21a6e86f4e,delivered,2017-08-22 19:37:39,2017-08-24 14:26:14,2017-08-28 17:33:16,2017-09-06 20:14:12,2017-09-18 00:00:00
576882ceaf82e014aa28d9909f9d1636,6e798f3fa256eca7e38845268f8470c7,delivered,2017-05-04 12:04:42,2017-05-05 02:32:42,2017-05-05 14:32:51,2017-05-11 14:32:29,2017-05-25 00:00:00
b7d161c2d8850a5c429ef63f992193d2,69e79c2e874c0c995d596d47bb605889,delivered,2018-07-13 15:26:30,2018-07-13 15:35:18,2018-07-16 16:42:00,2018-07-21 00:34:50,2018-08-02 00:00:00
0247aa98317f60908e99f44e7a2a4896,c2a9d304ac6f6c83a1d58953845a94b0,delivered,2017-12-08 11:32:44,2017-12-09 02:37:23,2017-12-11 16:38:52,2018-01-08 23:13:13,2018-01-08 00:00:00
6e4867ec1116496a05dd3051994fa325,e6c569252b44b3a6528be6af74846dfe,delivered,2018-08-18 01:21:38,2018-08-18 01:35:08,2018-08-20 16:47:00,2018-08-29 23:12:04,2018-09-10 00:00:00
d57afd1eb0696854d3351e5926aa9813,58a556973edd562151f3346d527427bf,delivered,2018-02-20 08:54:23,2018-02-20 09:07:31,2018-03-08 01:33:41,2018-03-16 19:16:57,2018-03-14 00:00:00
8d07b1d889f9478843ef1881587a5bd2,1752f1f3bfa32411eee01caf092db06c,delivered,2018-02-18 14:07:08,2018-02-20 07:07:10,2018-02-20 21:07:29,2018-03-19 21:39:47,2018-03-22 00:00:00
7ed12a1423ed9b6c596c5e0e2f92dadc,a62e1ccc71dbce6dd7bacecf6941ac32,delivered,2017-07-23 13:46:10,2017-07-25 03:45:43,2017-07-26 16:33:09,2017-07-27 18:12:43,2017-08-07 00:00:00
607058c64490de01be8019dfa31a25a2,e63417634e8ed5d4a0ac4c2472659e07,delivered,2018-07-09 18:42:06,2018-07-09 18:50:20,2018-07-10 12:52:00,2018-07-13 12:32:39,2018-07-26 00:00:00
306193c0f58d9f95461c43563b65166c,601f0d17fa986363bc18f776bca2d709,delivered,2017-10-14 17:12:45,2017-10-14 17:28:09,2017-10-18 20:14:50,2017-10-19 19:59:14,2017-10-26 00:00:00
b1d6c125e1ba110f139e7dfa4146f787,83857ffbd031e05ba434ec824ebe70b5,delivered,2018-06-28 13:33:26,2018-06-30 02:52:25,2018-07-05 10:07:00,2018-07-12 15:49:44,2018-08-03 00:00:00
ea639b1119b066a5966041d2367ce1e7,2a8e6bb4efdcf4ac252e81658f1eb003,delivered,2018-06-01 19:45:08,2018-06-01 20:11:23,2018-06-04 14:21:00,2018-07-16 23:48:41,2018-07-13 00:00:00
3bb8ecf664bfd847878cd39b191d5b79,803c5200acf6cbfe01c1ab5ef98e2351,delivered,2018-03-26 08:35:15,2018-03-26 08:47:38,2018-03-29 21:51:54,2018-05-05 15:58:37,2018-04-23 00:00:00
b53db5bfc01973bfc623da8c9a5b1094,95d92c3b47e281a45ac183a97e55e054,delivered,2017-04-12 21:21:54,2017-04-13 21:25:13,2017-05-22 13:20:28,2017-05-29 11:04:47,2017-05-22 00:00:00
5fab73b31e4fd43344a3f2fa650807ce,10d723bb23836f3aeaba6c95810b120c,delivered,2018-01-02 17:47:14,2018-01-02 17:56:42,2018-01-05 21:38:33,2018-01-13 00:56:03,2018-01-26 00:00:00
3ae8930ee72af8e7345cc74d9845ead3,0960fea21c3d02f92b107446acd74223,delivered,2018-01-21 19:00:30,2018-01-22 13:57:12,2018-01-23 17:46:49,2018-02-01 01:23:12,2018-02-20 00:00:00
eb16480bd94a5fbe4e96614791306ec6,337cd2f8a2f933b6707f90c561990099,delivered,2018-03-04 18:51:09,2018-03-04 19:09:06,2018-03-07 00:48:57,2018-03-08 20:28:36,2018-03-15 00:00:00
c75886866a89a0c9a04fbcd4699f3772,19e0b32ab46adbf4c0a65588e5e05b4a,delivered,2017-09-27 18:56:35,2017-09-27 19:14:10,2017-10-06 13:39:03,2017-10-21 12:43:49,2017-10-30 00:00:00
de98a626981e2086824e16ba939bf641,f09c225bfedecea0f4f836331479a65c,delivered,2017-12-13 13:55:30,2017-12-13 14:13:52,2017-12-20 17:12:03,2018-01-08 18:20:05,2018-01-12 00:00:00
b8a3faed0f5c557b7d0e55a9040c684f,5959f73682e3e39e2e1384ec6b77540d,delivered,2018-02-06 21:40:18,2018-02-08 07:50:35,2018-02-09 19:34:06,2018-02-21 21:42:56,2018-03-19 00:00:00
cf307f492c4cc991cceb55f6c2a2370f,ca5f917f62d02f04d32f056723123cec,delivered,2018-02-14 15:59:15,2018-02-14 16:31:11,2018-02-15 00:48:58,2018-02-28 21:08:49,2018-03-09 00:00:00
46a82de7cb247602021cb71731323fd4,8a46409d77e905aa6359b32873fd2a1f,delivered,2017-09-22 00:10:18,2017-09-22 00:30:17,2017-09-26 20:43:27,2017-10-03 22:03:01,2017-10-16 00:00:00
170130a20f16a39581bba39d938d2e25,b33048573f45345486965ab1963311c5,shipped,2018-05-09 16:21:15,2018-05-09 16:57:29,2018-05-11 12:13:00,,2018-06-04 00:00:00
03d409e5b5b19ae88c43b41b503fdc5f,f1a3c6f8513df212602449fa07d582fa,delivered,2017-09-04 16:49:14,2017-09-06 02:55:29,2017-09-06 18:34:00,2017-09-08 17:36:46,2017-09-18 00:00:00
d71b1c42c6f9f86a5a60c831f0824337,a1f9506b4302736a8c61b16952bf3cd8,delivered,2017-07-15 13:18:06,2017-07-15 13:30:13,2017-07-18 13:16:30,2017-08-01 18:27:37,2017-08-10 00:00:00
67d6c5d86ba37be6774ee81dc0bed780,99dbdde50aa099bb65865d1d444bea15,delivered,2018-06-11 21:32:12,2018-06-11 21:59:39,2018-06-20 15:20:00,2018-06-28 17:44:23,2018-07-30 00:00:00
e11dead0c183b7b8da09f6b3039ea730,e559ddc91d9410c38d576e423ffbb67b,delivered,2017-02-09 10:40:05,2017-02-09 10:55:14,2017-02-10 11:09:01,2017-02-14 13:08:44,2017-03-10 00:00:00
4cc5e60f36ca3bdbb07ab8a3c490e15d,500c2c3876ee69c5d1eb3084c545c467,delivered,2017-03-14 14:56:03,2017-03-14 14:56:03,2017-03-16 09:49:45,2017-03-21 21:23:45,2017-03-31 00:00:00
a722dd5ab3a3cf4065a47d75a502fdab,9f8713bb5653423221f0c56370f9b12d,delivered,2018-04-02 14:56:53,2018-04-02 15:11:53,2018-04-04 03:18:34,2018-04-10 22:52:48,2018-05-07 00:00:00
fcab87cc4b99e2bf27ba067107607f7b,65bb566a171a30602dd73dc55f8fbfae,delivered,2018-05-05 14:30:27,2018-05-07 16:12:56,2018-05-08 07:24:00,2018-05-11 17:34:48,2018-06-01 00:00:00
955e699346529d6bcc53773764526cdf,2e463a81ed58e3ef5e49ab14d311f9ed,delivered,2018-04-04 11:51:57,2018-04-04 12:11:42,2018-04-05 16:04:20,2018-04-09 22:07:43,2018-04-19 00:00:00
ee0d500361ede7d039d9ce2eac9b8f99,c1884edad7ac84fd6d66a350977f6c27,delivered,2017-11-25 10:53:06,2017-11-28 03:31:36,2017-11-30 21:18:54,2017-12-06 23:05:41,2017-12-21 00:00:00
8c05fe795783a73c159dfddbcf910689,6db9ffb75f1ab4e8ff22cd38c5c32579,delivered,2018-01-11 15:19:31,2018-01-11 15:29:22,2018-01-24 23:48:04,2018-02-05 19:14:47,2018-02-09 00:00:00
d8764a0bfdbd63c0dbcb665b8eafb7d8,5a9b4246a7ab1a2994158a7f5d0e5a17,delivered,2017-10-19 12:09:46,2017-10-20 03:05:55,2017-10-20 18:57:51,2017-10-25 19:04:07,2017-11-07 00:00:00
38b7ab73ffe50166a40179ecf80bfdc9,e29647e5f2967fa8de0b7cdc6c243ecb,delivered,2017-12-08 00:38:27,2017-12-09 10:34:23,2017-12-11 22:12:55,2017-12-15 22:19:10,2017-12-27 00:00:00
f008d12c8af46ec384fe7917b2991f7f,250952be8a7484ea9352534be9f2b587,delivered,2018-01-10 10:04:46,2018-01-11 09:56:36,2018-01-11 20:09:58,2018-01-16 20:26:39,2018-02-02 00:00:00
ac8c9e8feb6a2a05ba155bc1e346843b,e1e93afb20eba9f6e5a8aad973d0e457,delivered,2017-12-10 12:17:23,2017-12-12 03:49:44,2017-12-15 22:51:27,2018-01-09 21:17:48,2018-01-16 00:00:00
df0558355915aa6d41e3eb7067957978,b5157b9f9688400a393d5afb2e4fb44d,delivered,2018-02-20 11:02:32,2018-02-22 02:31:05,2018-02-23 19:15:40,2018-03-14 15:27:05,2018-03-16 00:00:00
11b5318df1116986f383f6c6710a3238,bdfa6b6351a89a8d9381608d2ee5abea,delivered,2017-04-19 10:40:13,2017-04-21 05:16:10,2017-04-25 13:01:03,2017-05-03 15:17:47,2017-05-09 00:00:00
f802f0454d62d229a457b29f0dc41173,08a877734f7083608a6db968a06ebe8f,delivered,2017-10-04 20:20:39,2017-10-04 20:35:09,2017-10-09 18:35:14,2017-10-11 20:46:54,2017-10-23 00:00:00
352d96ca187708670e0f8ec35af10421,a66b6159d86d6545fc29ecfda546b4d7,delivered,2018-05-20 14:21:06,2018-05-20 14:35:13,2018-05-22 06:18:00,2018-06-13 02:28:30,2018-06-08 00:00:00
9917a4ec1326b36d3ed615c06c839870,6f19e60a4a9f73d51b95752599f1d0cb,delivered,2018-07-17 08:49:56,2018-07-17 09:05:15,2018-07-17 15:45:00,2018-07-23 21:21:53,2018-08-01 00:00:00
3a6d328a690186c43b5d2971a2d495b5,32a3ada5122db707af954598a05fb6f1,delivered,2018-01-29 00:37:45,2018-01-31 13:32:35,2018-01-31 22:19:49,2018-02-16 22:27:54,2018-02-26 00:00:00
ecd6e336e4e791c637319f60de98bef2,bca1b06b3c1249cf30d61543e7eb6d29,delivered,2018-05-05 16:45:39,2018-05-05 17:10:15,2018-05-07 11:00:00,2018-05-10 23:28:27,2018-05-28 00:00:00
0bc71f9d1d261859e298454e14b3775d,e9aee3238f4c107c7907f169ba18bc13,delivered,2017-05-29 19:12:01,2017-05-31 07:02:38,2017-06-05 09:12:22,2017-06-16 09:11:57,2017-06-27 00:00:00
4f715c773fea2bcf2f4b9fa246ae5c12,3a68eec330b1d5cf3e82f4ecab77947d,delivered,2017-06-03 16:21:36,2017-06-03 16:45:47,2017-06-05 12:25:56,2017-06-12 15:59:48,2017-06-26 00:00:00
5659543f2c384877607595dab0690d5d,4b5887808bfa4aec1089a607cf5e0398,delivered,2018-06-20 17:38:09,2018-06-20 18:47:22,2018-06-21 15:37:00,2018-06-27 16:08:38,2018-07-24 00:00:00
660d34c91c18d67ef8ceb65f2c4c433c,a8b9ef5c2372a6355e6bb3cea1dac02f,delivered,2018-04-07 14:17:29,2018-04-07 14:30:18,2018-04-10 08:58:27,2018-04-11 18:26:32,2018-04-24 00:00:00
d4550a84368a296d44630ab6e29c6999,1abfdac3f8679e9df8e679a10e7e392c,delivered,2018-08-26 13:26:12,2018-08-27 13:30:20,2018-08-28 14:16:00,2018-08-29 19:41:30,2018-09-04 00:00:00
b86e22e5e3a066c2ed4ccf5ac6553481,fdfc7165e786e2e3cf6bc17dca28d774,delivered,2018-05-17 17:34:16,2018-05-18 02:14:41,2018-05-18 15:20:00,2018-05-24 16:41:40,2018-05-25 00:00:00
0e83ca298ee53c0b92b5d46350262470,c58f1066bbea8063d18312d59f73882a,delivered,2017-05-16 16:01:38,2017-05-16 16:15:18,2017-05-16 16:27:18,2017-05-25 23:39:41,2017-05-29 00:00:00
fb233ad89395150ee1cd3e1e90906dc3,057b7af3b6a1b7ff16306e3f9980daa8,delivered,2017-08-07 10:57:20,2017-08-08 04:04:22,2017-08-10 17:04:13,2017-08-17 17:58:18,2017-08-29 00:00:00
3dc4c0506f878aebd3490dc72c1e77e2,4fd171832e04a926973b2148c536ffb1,delivered,2017-07-27 08:46:06,2017-07-27 09:50:22,2017-08-01 18:32:32,2017-08-10 17:43:06,2017-08-16 00:00:00
6c5cccf873a409e565ece5d56bf5a49a,341babf15f52e484fe4767376cdce1f6,delivered,2018-06-27 19:58:30,2018-06-27 20:11:45,2018-07-02 23:51:00,2018-07-07 17:28:43,2018-07-25 00:00:00
fd7a23284efc47d1c49b2c1cc6ed4cb4,8ccd46cc8be33674f7a7877cba04c34e,delivered,2018-02-28 09:36:33,2018-02-28 10:10:56,2018-02-28 19:24:24,2018-03-12 16:32:02,2018-04-04 00:00:00
fbbc9a2991b4a6a0fdc9ab30c4c0b7af,0f87f7e421b2b02d9e50a6b3a661559d,delivered,2017-02-24 22:43:48,2017-03-02 03:50:32,2017-03-13 12:47:44,2017-03-15 16:07:41,2017-03-22 00:00:00
4f211215000592921381e69e480acbc9,c29001d4ef8fec0b038cbae8d53a7028,delivered,2018-01-05 14:06:08,2018-01-05 14:12:43,2018-01-08 19:29:56,2018-01-09 21:55:11,2018-01-23 00:00:00
e0fd296b15be54dfdffe8accfcd8620e,48fa9cb2371de8de60287de50f79c74e,delivered,2017-07-13 07:04:49,2017-07-14 02:25:40,2017-07-17 16:41:27,2017-07-26 00:05:53,2017-08-16 00:00:00
6a5b5b3fdbfa3701498dcddf6979dff4,7422f90b30b7fd4c519f7645a10c2404,delivered,2017-10-21 18:50:25,2017-10-21 19:05:58,2017-10-24 21:36:05,2017-10-31 23:06:10,2017-11-14 00:00:00
2d5ae830c6d01bd20fb19d16cef10ce3,1aa4931994ecbbd3ec57dacac0d7bc08,delivered,2017-11-24 19:21:39,2017-11-24 22:33:12,2017-11-28 22:22:01,2017-12-05 18:10:16,2017-12-14 00:00:00
8b4fc455b9a8cc1559dca8dd2d392ddd,98b4b785e83226f87856021a5f669283,delivered,2018-01-12 18:55:39,2018-01-12 19:08:46,2018-01-15 18:54:06,2018-03-11 15:32:37,2018-02-08 00:00:00
ec8dc4f5713960055446535c7102fde9,13b8e153aa2661809c32c7bbb75c2674,delivered,2017-05-01 11:19:07,2017-05-01 11:30:22,2017-05-02 15:56:46,2017-05-09 14:27:05,2017-05-25 00:00:00
d7dde398a6dd964e449d06ce77cbefac,7d5d6cb399a372b0d4cba689204ffa73,delivered,2017-04-09 22:51:08,2017-04-11 03:42:24,2017-04-19 07:49:03,2017-04-28 10:53:46,2017-05-04 00:00:00
09daf6c53d9fa98e18b67728b86a7848,8d71726a694b711311fc6dee2f28ed14,delivered,2018-01-22 11:57:11,2018-01-23 11:51:06,2018-01-23 23:48:52,2018-01-26 23:06:59,2018-02-26 00:00:00
36beeab200d5cfc98103d1fe0b00669d,4832d444151b8c5bc742398ef2976be1,delivered,2017-06-07 09:34:22,2017-06-07 10:02:30,2017-06-13 07:45:52,2017-06-22 17:38:00,2017-07-12 00:00:00
a733b21b193138d300d317f855e1d102,bb09e829d0921e3e6ed7ea93a57a9678,delivered,2017-02-26 11:13:18,2017-02-26 11:25:13,2017-03-01 07:27:59,2017-03-04 07:17:39,2017-03-23 00:00:00
c7f9d26b8af0469ef75b9f5acd3b31ad,bd48e68a292023a7e00a52196b77d9dd,delivered,2017-05-17 16:08:55,2017-05-18 02:30:47,2017-05-18 12:15:18,2017-05-23 11:28:02,2017-06-07 00:00:00
aeb4ec5f0696847ed2357f26abeb5a62,2ac065cbd96608d279af3d61ad96b3db,delivered,2018-08-02 12:07:17,2018-08-02 13:15:12,2018-08-03 13:14:00,2018-08-04 20:34:53,2018-08-07 00:00:00
3b3725fa3dfc009ca1e6ebc503a0bd16,214da6d258e415ee782fd14c108be3a2,delivered,2018-08-04 20:26:33,2018-08-04 20:44:16,2018-08-07 10:44:00,2018-08-13 17:57:39,2018-08-21 00:00:00
54467f436875fa3701511ca9b24213bf,286131272a9af4b27a80c43b7c0ff1db,delivered,2018-02-14 00:09:38,2018-02-14 00:27:47,2018-02-28 20:34:19,2018-03-09 20:03:56,2018-03-19 00:00:00
89741980c62aa4ee1bedf37ae9d86c07,ed7f4cea352af04e330462bdc62de02c,delivered,2017-10-25 15:06:48,2017-10-25 15:33:45,2017-10-27 23:03:26,2017-10-30 20:21:12,2017-11-13 00:00:00
fd4479a5be5a0b3caad350328c719cc1,780fb7cdabcbcf7c7d94e3e4ae1fd577,delivered,2017-05-23 12:54:51,2017-05-23 13:10:10,2017-05-26 09:04:21,2017-05-27 11:42:27,2017-06-06 00:00:00
785b7df518015708aebc146bd8e8a26e,67499245ee845319c6a71db779fbc4c5,delivered,2018-02-27 16:18:58,2018-02-27 16:35:42,2018-03-01 21:49:08,2018-03-23 23:08:35,2018-03-26 00:00:00
a6bb9d1aab3f3b84ce39c8164836fc87,febca700fa4661a712a437ba656dffb5,delivered,2018-07-05 02:06:49,2018-07-06 03:11:22,2018-07-06 11:18:00,2018-07-07 17:56:24,2018-07-18 00:00:00
7730b36921bb0194af950d724e330914,8ee2827a09d8954784a143ce31adb879,delivered,2018-01-04 15:22:28,2018-01-04 17:36:23,2018-01-10 21:25:18,2018-02-07 19:59:49,2018-02-02 00:00:00
a862fe780f3ed3292f7835882aad00b3,16c3c9fbca9023acba9f5b00daacc1f0,delivered,2018-05-22 20:25:50,2018-05-22 20:37:22,2018-06-04 14:20:00,2018-06-06 22:08:31,2018-06-12 00:00:00
c5da9ed3db42d9ae4e1938ebd9f77a5d,f3e95129cd5b09e937f8509b87c0536e,delivered,2018-06-11 13:54:32,2018-06-11 16:31:48,2018-06-13 13:54:00,2018-06-14 17:26:51,2018-06-25 00:00:00
527b28dd1cc06cd5f5d361c544909a40,51157afd140d7bfe150232e37a295eb5,delivered,2017-03-14 20:26:14,2017-03-14 20:26:14,2017-03-16 08:40:00,2017-03-31 14:54:19,2017-04-12 00:00:00
43b1a119dc947cc0fbf512a8763d2c15,cf9d411ddeea9eb736d0c330efe0fbeb,delivered,2018-08-17 18:51:02,2018-08-17 19:10:31,2018-08-20 11:15:00,2018-08-30 15:32:44,2018-09-14 00:00:00
343249b827e700995c0f620f5b51c15c,20d25a697a5ffc1a641fa0fa5d455b51,delivered,2018-04-15 11:34:42,2018-04-17 06:11:36,2018-04-17 18:16:48,2018-04-18 18:16:53,2018-05-03 00:00:00
3c557fef5b5d9315a99f7442ef013a8e,621d89fb61292d49317f4a4562a11f49,delivered,2018-02-14 11:52:13,2018-02-15 03:55:52,2018-02-16 19:59:29,2018-02-21 22:43:43,2018-03-01 00:00:00
95edd52b3452d4069b0fbc8056f01daa,f6917e239b9f9f34309ae169d4adf084,delivered,2018-05-03 22:12:32,2018-05-03 22:52:43,2018-05-04 17:23:00,2018-05-07 21:28:55,2018-05-17 00:00:00
f255dee03c0e577afd1457dbcfe7c264,4516d9bb34161f0c224eed49b1e0aee2,delivered,2017-07-12 13:15:37,2017-07-12 14:03:38,2017-07-13 18:57:49,2017-07-18 22:44:52,2017-08-01 00:00:00
1e183518cf69a3f47a8f2de2105a1c16,2472db5dcd1737948d7c75037c8d9ebb,delivered,2017-11-22 20:58:02,2017-11-24 03:12:17,2017-11-27 16:47:01,2017-11-28 19:39:58,2017-12-04 00:00:00
b6403787453855be6332055dc2d6bde9,219bdcd9e62deb3224eb3a2963b89c0a,delivered,2017-12-13 15:22:11,2017-12-19 10:31:29,2017-12-20 21:22:07,2017-12-27 21:38:40,2018-01-15 00:00:00
ae0913baa54f18027667d8049c36fde2,c6045ecabc5f74048d727035f82c3826,delivered,2016-10-04 18:02:37,2016-10-06 02:46:32,2016-10-21 16:33:37,2016-10-31 13:17:48,2016-11-30 00:00:00
a61d8c257ea0d176a22ac408689385f1,74e7094ded3e3349ba44c02b78901d64,delivered,2017-02-17 22:27:53,2017-02-18 03:10:21,2017-02-20 10:24:05,2017-03-01 17:52:02,2017-03-22 00:00:00
e26d15f63813b89371c9a65319cd5ca9,fd1e76e052af29aedd38a2b33af0a316,delivered,2017-11-27 20:21:56,2017-11-27 20:39:15,2017-11-28 22:28:26,2017-12-05 18:29:19,2017-12-18 00:00:00
1e219f956f9c6addbb50e09227473228,7c18b49687c8b8a12728b09900a3b8e9,delivered,2017-11-28 18:13:33,2017-11-28 18:32:28,2017-12-22 23:12:37,2017-12-30 13:13:25,2017-12-19 00:00:00
5eca24d683e367960eb71efa3fbad661,9ea2a797c45283fd341f1fc735499d20,delivered,2018-01-05 10:04:00,2018-01-08 06:52:29,2018-01-09 15:05:31,2018-01-20 15:33:18,2018-02-09 00:00:00
ef06e7945c6c75f875b06db75ea438cc,5868eb63b97a6fa6b79d9eeecceb08e9,delivered,2017-10-31 13:58:55,2017-10-31 14:10:46,2017-11-01 17:52:33,2017-11-13 18:12:20,2017-11-23 00:00:00
f9a854036ac4b94b1a7f20abb47c8259,71f41a260a74dcae2f3da6f20e8f1b5a,delivered,2018-04-24 07:39:48,2018-04-24 19:17:34,2018-04-25 12:24:00,2018-05-17 19:41:58,2018-05-28 00:00:00
e0017093576ff7e25777c2d023eb1cd9,0bfb2278d83ff358645a588158d39b8f,delivered,2018-06-26 14:57:28,2018-06-26 15:16:21,2018-06-26 14:50:00,2018-06-28 21:48:51,2018-08-01 00:00:00
d43472e081e497455a0b707e249ce567,b2c2afb111af6e0f4fc365860ad22537,delivered,2018-04-01 11:51:21,2018-04-01 12:07:30,2018-04-04 19:58:38,2018-04-16 18:34:45,2018-04-23 00:00:00
372ffaa162f256187848bfa1d66b6808,9132e57f9a51cf382ef609835a24aa2d,delivered,2018-01-22 20:24:43,2018-01-22 20:37:29,2018-01-24 19:08:05,2018-01-30 22:38:23,2018-02-14 00:00:00
f84232f2c6e04020713dcf02f3532f3a,bcaa0dd68f572f199c618b11b0013656,delivered,2018-03-13 10:37:23,2018-03-15 03:30:41,2018-03-15 23:28:39,2018-04-09 21:33:16,2018-04-27 00:00:00
064df82a5ad596912cc304c6c72a42bf,0c8af5a21f97e8702d8a49fc3232036b,shipped,2017-02-26 14:26:14,2017-02-26 14:35:16,2017-03-01 15:24:52,,2017-04-03 00:00:00
c86ed3d96b3e082f9cd03138001af2d6,18df310319efd9086e54391a5cc4fb82,delivered,2018-07-31 19:35:04,2018-07-31 20:40:15,2018-08-01 15:58:00,2018-08-03 23:22:47,2018-08-03 00:00:00
ec8e9a10b613682c45e614fd392bb666,2986e0dcdf8b36c8fb8a591504ddb0aa,delivered,2017-05-04 11:01:02,2017-05-04 11:10:18,2017-05-04 11:49:26,2017-05-16 08:33:55,2017-06-16 00:00:00
1d35b9b8088b6c9e1fcff77fdb44ef53,875858cb4fa77eb349a94cb42d3303ad,delivered,2018-02-09 17:59:02,2018-02-09 18:20:26,2018-02-17 02:37:58,2018-03-05 18:21:53,2018-03-09 00:00:00
e0aa66d7588bc46f68bf32d34ab6562d,03e5e57dd377a3da84cec48a7bbfba2a,delivered,2018-04-27 03:45:31,2018-04-27 03:55:20,2018-04-27 12:50:00,2018-05-07 20:38:51,2018-06-07 00:00:00
35e29aad915d0ccfeeb308572ff8fe79,f0c584bdbe6bc2d65a3906a25191b07f,delivered,2017-11-04 12:02:38,2017-11-07 07:30:38,2017-11-09 18:48:43,2017-11-17 16:12:57,2017-11-27 00:00:00
1fe230babd9febb264d12c9f2977820f,a467bc7fd76fd535a481eb469b97c404,delivered,2018-05-01 22:01:22,2018-05-01 22:16:39,2018-05-02 11:23:00,2018-05-03 17:46:25,2018-05-14 00:00:00
1f42f4d540bb667dcd3bde1a50c9e442,2d1f6ddb9f55c993ef3f71eec46464fa,delivered,2018-07-13 14:02:37,2018-07-13 15:04:07,2018-07-14 06:41:00,2018-07-25 19:51:56,2018-08-06 00:00:00
e05832d71fad97ae7744fc444ce72075,054bd8842309379cd9f34431efde1239,delivered,2018-03-17 08:15:57,2018-03-17 08:49:41,2018-03-20 01:41:45,2018-03-21 19:18:59,2018-04-03 00:00:00
75bf0422b7fb2244c7ddb0ee73e8e8a8,c1cd6c7fef540804e13d14089d18c0a2,delivered,2017-04-06 11:40:49,2017-04-07 03:22:42,2017-04-07 12:31:21,2017-04-12 16:29:06,2017-05-02 00:00:00
43337ecfe7c181f34129b75c7c96a557,3baded4af7acec322d1c4eb8b405a0b4,delivered,2018-01-25 16:53:00,2018-01-25 17:13:21,2018-01-26 16:05:55,2018-02-09 15:34:18,2018-02-22 00:00:00
5210b81b464dc0a92a977632cb6e8a6e,f3f1c09000ff5b8301e6b7918e4f2cbc,delivered,2017-07-23 15:56:36,2017-07-23 16:10:21,2017-07-26 11:21:41,2017-08-14 15:36:31,2017-08-29 00:00:00
410d704bdcbe2893fd5ad73fe8166f43,0424e2f81bdfb77d7c11c3f447c7b241,unavailable,2017-12-10 15:25:51,2017-12-10 15:32:40,,,2018-01-04 00:00:00
5e6e3eec3b411047e8c1c16dd5b97b02,73fb4721b557cd1ec5661ad24b51de1e,delivered,2017-11-28 21:32:25,2017-11-28 21:51:28,2017-12-09 00:34:04,2017-12-12 16:48:40,2017-12-18 00:00:00
154029fef0e3e2f72ef09775cc9d1af1,8179ff67fa0372e2cbc68facbb47ff62,delivered,2018-05-22 11:29:21,2018-05-22 11:53:51,2018-05-22 10:46:00,2018-06-07 20:58:39,2018-06-21 00:00:00
e5040a92f4219085e9a7a4b6416512de,9bdb0069e23264eb579afde1860b0dcc,delivered,2017-12-13 09:29:56,2017-12-13 09:38:26,2017-12-21 00:47:08,2017-12-29 15:23:43,2018-01-16 00:00:00
817aec5fee39a2d4968cb6c48bad78f1,616c3d715afc55e0ae24fcfca7780796,delivered,2018-05-16 20:57:35,2018-05-16 21:14:08,2018-05-17 11:22:00,2018-05-22 17:42:11,2018-06-06 00:00:00
4de51073bc1cd11e85fb03f29508b308,fd650b09ca50cbec651acc566907b2b4,delivered,2018-08-06 17:14:50,2018-08-06 17:25:45,2018-08-17 11:33:00,2018-08-24 17:11:48,2018-08-29 00:00:00
80b430d0029bb33110ac31d60e87e0b8,f29399e2ba4959552fe86d37c46bb8ea,delivered,2017-11-30 13:37:52,2017-11-30 13:56:33,2017-12-01 22:22:31,2017-12-07 18:43:46,2017-12-27 00:00:00
e0fe96cb5635977938491ccfe7cd60f0,d81f3fa255fdfa20d57eaf95528b9533,delivered,2017-12-04 21:26:41,2017-12-05 10:30:44,2017-12-09 17:54:26,2017-12-14 15:13:59,2017-12-27 00:00:00
c8561f97a8ae2c73be7dc1a013203192,1a7b562e49d93966444db2704cdd5632,delivered,2017-10-19 19:45:40,2017-10-19 20:05:06,2017-10-23 20:37:56,2017-11-03 20:38:32,2017-12-01 00:00:00
a05690d552685ceea5a59b90a278823d,3177b0de4bbcd569c2f5a0382564beee,delivered,2018-02-22 08:27:48,2018-02-22 09:08:45,2018-02-22 22:56:54,2018-03-20 20:57:47,2018-03-14 00:00:00
8022faf7630a575c5e5c6f0a7da78c21,e965ebcabb3aff4dd37de3abfe30644c,delivered,2017-06-03 14:32:47,2017-06-06 13:25:22,2017-06-07 13:23:22,2017-06-10 09:33:48,2017-06-28 00:00:00
a4cae3a44a6aeebd2b30ccf5cf828d89,2cc1b7e403fc1a0c082900f0eb981ccb,delivered,2018-05-11 17:20:41,2018-05-11 18:07:00,2018-05-15 14:56:00,2018-05-21 15:12:35,2018-06-19 00:00:00
5c0020b504a0fe54c58f9135380f6e6d,2d7d7ef5272cb7c9ec3f7aa57a2b2dec,delivered,2018-07-14 15:45:27,2018-07-14 15:55:16,2018-07-16 15:24:00,2018-07-23 18:16:32,2018-08-02 00:00:00
a396281033c0177b08e97ad5f3a8e485,e8485a5f227526d51e565b4d02cfef67,delivered,2018-05-16 22:59:38,2018-05-16 23:15:10,2018-05-17 14:48:00,2018-05-21 23:32:41,2018-05-30 00:00:00
a72c3152ab2259acdae64303a9a12efc,0a05250f6702d7949e237fa591546429,delivered,2017-09-05 20:42:50,2017-09-05 20:55:20,2017-09-18 18:41:53,2017-09-30 13:08:17,2017-10-02 00:00:00
7ecfa19903fa2693cf01e180885b6235,23e090daa2ea17dcb009709652faeed6,delivered,2017-06-05 22:38:53,2017-06-07 02:35:24,2017-06-12 14:52:53,2017-06-19 21:25:53,2017-06-26 00:00:00
670f7c6ecca0e570a8ad77f58515670d,2e865142221e631b4f080f974bd5db5c,delivered,2018-04-29 18:29:07,2018-05-01 02:10:23,2018-05-03 14:38:00,2018-05-07 17:28:48,2018-05-21 00:00:00
ad47c55e7dc71d935ccff9650ff1beb6,77e155485a013b9fa61ac6b8305c4882,delivered,2017-10-21 20:39:37,2017-10-21 20:49:30,2017-10-23 20:47:42,2017-10-28 14:42:51,2017-11-10 00:00:00
093974ced77f199dd42068d1adf5c359,9cc7c8d1d33ad6ae2a76f1c34ad512e5,delivered,2017-09-18 18:20:50,2017-09-20 02:11:09,2017-09-20 22:47:58,2017-09-22 17:13:01,2017-09-28 00:00:00
48fcd5dcb717aaea88e3a1d5a666abd2,c412d099f42add244db556ea7aa9a74f,delivered,2017-12-13 00:06:48,2017-12-13 00:19:40,2017-12-14 20:12:43,2017-12-20 19:43:57,2018-01-08 00:00:00
3a7796fe71a79bf9d4b0f0da69362ce0,ba0babb4c3c3ae5383fd29f3049d6bec,delivered,2018-03-06 18:36:26,2018-03-06 18:50:23,2018-03-07 23:09:57,2018-03-22 17:44:33,2018-04-02 00:00:00
79b3ba7b7296b5c683e4ec7b173e4020,6f70f80d7b53b0e1f9fbd1966eeeea51,delivered,2017-07-05 18:01:56,2017-07-06 03:24:08,2017-07-07 14:22:51,2017-07-10 19:12:36,2017-07-20 00:00:00
9296285ad7fc6a1f332b14294d846de7,df8e6c9af17b5106918747256f7326dd,delivered,2017-05-29 23:34:35,2017-05-29 23:45:13,2017-05-30 10:35:25,2017-06-06 15:52:09,2017-06-21 00:00:00
aa26b333bebbd16d5bbc7a070574be08,0e5ebac2ab9ea7902884df925ce4db6d,delivered,2017-08-17 03:26:16,2017-08-17 03:42:37,2017-08-17 20:22:36,2017-08-25 18:07:56,2017-09-06 00:00:00
bb39cd2f2f58e93ae10568be5cad1b58,ddf98a7aaeadf47dbd2a7fa2e82eb3ed,delivered,2018-01-03 22:50:18,2018-01-03 23:23:12,2018-01-05 00:32:12,2018-01-05 18:59:36,2018-01-19 00:00:00
e0ffd1287f544946a6a6a2dca083e37f,cc12f903cb4dfe438e7cda0765a8cbdb,delivered,2018-02-08 19:45:42,2018-02-08 19:55:31,2018-02-09 21:06:12,2018-02-23 00:08:58,2018-03-02 00:00:00
977c422fe0aba1010810e690cf725b20,45f6cd0d5df906042e1828a4cd5a095f,delivered,2017-10-22 18:57:54,2017-10-22 19:14:13,2017-10-23 21:10:09,2017-10-26 22:19:52,2017-11-09 00:00:00
42f411d422812629088893b1dcbc9749,fc9359b44301eb7afc380dae1953a26f,delivered,2018-02-02 15:14:47,2018-02-02 15:27:46,2018-02-05 18:26:37,2018-02-20 18:35:52,2018-03-07 00:00:00
f3da221e0d9a3dc9fc69c38ebc04e196,f4c3935dfb85c4e7bcfd3b13ca483e87,delivered,2018-02-24 20:27:49,2018-02-25 18:35:29,2018-02-27 00:18:43,2018-03-05 17:25:01,2018-03-16 00:00:00
6faf5506e03c48ca5cd8fec8b1d7d1f0,41018bdb3202b98952b12ecfc16b052e,delivered,2017-10-11 13:53:45,2017-10-14 03:28:26,2017-10-16 21:56:53,2017-10-23 19:04:04,2017-11-08 00:00:00
3f68045e9395c1a77fc095c052080b71,44e1ce7c2312abc25d4aab8224ec8747,delivered,2018-02-28 15:28:14,2018-02-28 15:49:55,2018-03-02 13:12:52,2018-03-03 12:37:32,2018-03-13 00:00:00
4bfccd93522d928f8732e455310da85b,3ec8cc6d30a0755af39886e37e4a872c,delivered,2018-01-24 12:33:58,2018-01-25 12:31:23,2018-01-26 19:16:22,2018-02-07 15:22:11,2018-02-08 00:00:00
f53e84fa60220aea229c7a70f02e0320,78a8504550f2f036a4f13bd11483557b,delivered,2018-03-15 23:24:09,2018-03-15 23:35:29,2018-03-16 22:42:03,2018-03-21 22:16:45,2018-03-27 00:00:00
9bed4ab223c0c29b12941aa6a1e524af,c6e9208594de0ddb9c87118e75b7363c,delivered,2017-03-11 17:05:35,2017-03-11 17:05:35,2017-03-16 09:02:31,2017-03-28 15:58:38,2017-04-17 00:00:00
7d899835afebf887c5884a7d4f1399de,6ab3b8f014bd8e778319d7f92bdfc494,delivered,2018-01-27 00:00:07,2018-01-27 00:10:32,2018-01-29 22:17:42,2018-02-07 22:28:34,2018-03-07 00:00:00
c4451307baafd35a8fbd349339881a10,ce738845c4d6188c95f2091d90eac164,delivered,2018-06-01 10:15:58,2018-06-01 10:31:57,2018-06-04 14:19:00,2018-06-08 21:11:44,2018-07-04 00:00:00
05f8021cf7217f1990addecad0e24b7a,1b4f0369610bd9e4d237aab3a993bdcd,delivered,2018-08-10 20:50:51,2018-08-10 21:04:25,2018-08-22 14:49:00,2018-08-28 13:08:52,2018-09-11 00:00:00
b7379296b019454685a1d8bbd412f36a,86d9162e0baa8145683f025c9164de46,delivered,2017-09-26 08:47:29,2017-09-26 09:04:28,2017-09-26 19:34:55,2017-10-11 21:56:38,2017-10-26 00:00:00
6be4566ff84c15f3069e3751958576dd,f6f01ab465348b0c30e6bc957311013c,delivered,2017-11-01 15:22:24,2017-11-01 15:30:55,2017-11-03 20:33:52,2017-11-08 18:12:19,2017-11-22 00:00:00
7dbbb0cf6abae430040bc4914055c036,365d8633820f3d1ba6f2aa3628f623a1,delivered,2018-05-21 15:54:51,2018-05-21 16:56:27,2018-05-22 12:25:00,2018-05-23 14:58:42,2018-05-29 00:00:00
b06373098fedad1545401c91bf3af711,a736e75fc7dd3f81d02e337d2e6d35b7,delivered,2018-04-30 13:14:45,2018-04-30 13:34:27,2018-05-08 12:38:00,2018-05-09 19:32:10,2018-05-15 00:00:00
2431a0e08b6e889d8acf165d559a4d3a,7236ea8b7c6721882ba4c28a427e184f,delivered,2018-05-15 10:45:09,2018-05-16 03:33:57,2018-05-29 07:07:00,2018-06-04 11:17:48,2018-06-07 00:00:00
1dfc614ac8b1f459eef53dd1c85c2e53,05812fc855821b2f091461ede3d2a960,delivered,2018-06-07 14:57:56,2018-06-07 15:19:15,2018-06-08 14:08:00,2018-06-12 19:19:00,2018-07-23 00:00:00
599f88486aefa57adef7d260eb589778,3207464ad453b7068d8668810eca055b,delivered,2017-10-06 16:33:14,2017-10-06 16:49:35,2017-10-11 17:14:03,2017-10-17 17:54:50,2017-10-31 00:00:00
35d15795626a2c3faa8cd08ff3848637,e485496b2ad8aaa260a7af087d9db1ca,delivered,2017-08-29 23:22:36,2017-09-01 22:31:31,2017-09-04 19:05:56,2017-09-12 19:03:08,2017-09-19 00:00:00
66ec1ee812f8f435480e7b0e2e54ebb6,f7cac87413a36fb4a06336f0ed964632,delivered,2018-02-12 12:12:33,2018-02-12 12:28:13,2018-02-14 19:58:29,2018-02-22 13:43:56,2018-03-15 00:00:00
029b1d3a355dec12cfed60927f076a9d,765e479faa5efcbc58b804c84c62cb71,delivered,2018-07-17 17:16:25,2018-07-17 17:25:19,2018-07-23 14:28:00,2018-07-26 20:18:32,2018-08-17 00:00:00
4651d5acd5a3f7afd4619aef8d845d32,28bbfb348f7f0f1df39e79a95a6e1ee6,delivered,2017-03-11 22:18:24,2017-03-11 22:18:24,2017-03-13 13:10:25,2017-03-20 15:48:32,2017-04-07 00:00:00
2c3723bb7d16a32dea44d6431d55ac68,bc55547f9f2fb026085824b7acddb9f2,delivered,2017-08-12 19:25:54,2017-08-12 19:43:43,2017-08-15 16:52:22,2017-08-31 19:46:53,2017-09-14 00:00:00
219db423b9c3ca26e1d379f41eb8cbc7,3525dbcee4c41a9376526a0db1ffe715,delivered,2018-04-03 11:08:30,2018-04-04 03:10:32,2018-04-04 22:03:08,2018-04-05 23:03:45,2018-04-17 00:00:00
807e0bcda46d81432d5c84ae79bb1032,a1e65f5f12d39fd6d16d0f74cf754dec,delivered,2018-02-10 10:11:21,2018-02-10 10:28:07,2018-02-15 15:49:41,2018-02-20 18:23:18,2018-03-06 00:00:00
0ac51a16347f7a7497b799596ad5fab7,0107ed88ec010416e20cacf67d2c905c,delivered,2017-05-08 13:05:01,2017-05-08 13:22:10,2017-05-09 16:53:17,2017-05-18 14:13:15,2017-06-01 00:00:00
008a40c2b8b21893e04945ce58854b55,a11dde3e6e22e6541818f5e81563bfc7,delivered,2018-04-29 20:26:41,2018-04-29 20:54:23,2018-05-03 12:01:00,2018-05-08 17:14:38,2018-05-28 00:00:00
de52e5e01af9c33b04806dea37fb50d7,81a4c194b713c267cca9d68e81b2a672,delivered,2018-07-20 16:06:16,2018-07-20 16:24:19,2018-07-23 15:36:00,2018-07-27 20:44:38,2018-08-10 00:00:00
5ed751a2307994faf9dec6fea755e58d,8fbdc0ea3d82eccef184000af3dd06ec,delivered,2017-10-13 09:32:25,2017-10-14 03:56:19,2017-10-16 22:23:30,2017-10-25 03:22:30,2017-11-09 00:00:00
bfb252b3dd3e56fde4d0c9a31618323f,264ccafa6c46b43174bce09f9f63228f,delivered,2018-02-15 15:33:13,2018-02-15 15:46:48,2018-02-19 17:25:31,2018-03-05 22:51:50,2018-03-07 00:00:00
9878f33f592676d910a779d534fe5024,b196eea0d507ac41ffc9a09855897bb3,delivered,2018-03-26 20:52:04,2018-03-27 03:48:56,2018-03-27 20:14:56,2018-04-02 21:42:02,2018-04-27 00:00:00
7f6209da874fb56bf2fd26791d83bcb8,c5ddea870873143bfa9a00611cfcc972,delivered,2017-06-04 19:55:30,2017-06-04 20:10:13,2017-06-05 15:55:48,2017-06-13 17:24:27,2017-06-26 00:00:00
37b92fc72372e93fa35d07f46b8f2421,89bf98721a9d6b5960f6172882b46255,delivered,2018-05-14 14:08:20,2018-05-14 14:37:18,2018-05-17 13:49:00,2018-05-21 22:16:36,2018-06-06 00:00:00
e28092688b076f8a163428deea7e3bfd,0fc139ebf3e835a4c3aa3e6ca7bdf289,delivered,2018-02-10 18:59:05,2018-02-15 04:07:07,2018-02-15 23:33:53,2018-02-22 21:05:16,2018-02-26 00:00:00
d572cde58d2fd1fcd7d019dae26cd911,4a5212db74866a8ba968afa84723c2e7,delivered,2018-02-20 09:05:49,2018-02-21 06:20:25,2018-02-21 19:29:09,2018-02-23 23:06:20,2018-03-06 00:00:00
521a65cfd386ce592bb2ef094c71ed9a,0d56373ebe3d4a35df2fd23c062db8ec,delivered,2017-11-06 19:19:24,2017-11-07 04:31:44,2017-11-07 15:55:04,2017-11-10 18:41:53,2017-11-24 00:00:00
a2a52f7080ec8e720ea0fded371622b1,2f0cc3afccab59129e4e8c069b466a22,delivered,2018-04-26 18:11:11,2018-04-26 19:15:17,2018-04-27 13:47:00,2018-05-04 15:46:45,2018-05-22 00:00:00
875e51f9d6e1c16b9c8efd34fce58b13,d79dc87e5f7e08edbda3d5a7ee57ff18,delivered,2018-04-03 20:25:44,2018-04-03 20:49:10,2018-04-09 21:14:51,2018-04-11 06:15:50,2018-04-19 00:00:00
8f50ea351cdf971144474e5a4aef9dd4,0bd38d9b7cd6d1fde9c2dbf6a45b2efb,delivered,2017-08-31 18:40:37,2017-08-31 18:55:15,2017-09-01 16:13:29,2017-09-04 20:52:31,2017-09-13 00:00:00
932a6270af6750a5192681cb29c17a6f,20b7cb7693554c07cc5cb8388f68d74c,delivered,2018-07-14 22:33:28,2018-07-14 22:45:09,2018-07-18 10:17:00,2018-07-25 15:28:33,2018-08-06 00:00:00
a15641400fbcb7ec727c8f5fcd9ae5f4,477c364409ec4664afc58d14a58462b8,delivered,2017-05-02 15:04:19,2017-05-02 15:15:17,2017-05-03 15:37:12,2017-05-09 08:42:59,2017-05-24 00:00:00
94a817174af541deb9c64333c5190b51,158eb98729448d3b4e5d3373d57df47a,delivered,2017-11-06 10:55:03,2017-11-06 12:31:55,2017-11-06 17:52:39,2017-11-13 18:51:50,2017-11-28 00:00:00
f536792a13716fb94028f1c59984763c,e1e145e1a407187a0057f9008aad829f,delivered,2018-03-20 20:41:40,2018-03-20 20:50:43,2018-03-23 19:57:40,2018-04-09 21:04:27,2018-04-16 00:00:00
c27718d838f42d07a94941a8d34843e4,476578ccb1cfee32b298106e453c7402,delivered,2018-06-19 14:59:31,2018-06-20 14:59:12,2018-06-21 13:42:00,2018-07-10 17:21:38,2018-07-24 00:00:00
b151ec4e0f6084208319c81f64376096,a0735bf57a1b911eab046a6dad3b4541,delivered,2018-04-01 23:33:05,2018-04-03 05:48:45,2018-04-05 11:27:40,2018-04-06 19:02:37,2018-04-12 00:00:00
21b1cde01224deaa8db59b838cfd9c16,c5878c6ef1faa887b7331d0ab1331188,delivered,2017-11-24 12:38:31,2017-11-24 14:52:48,2017-11-27 20:06:29,2017-12-01 21:58:41,2017-12-14 00:00:00
157ec3dc3f38cdbd2706bd216edfe8fb,7dfd10dcc726950fc6171cea83872351,delivered,2017-01-06 13:43:16,2017-01-06 13:55:11,2017-01-09 16:03:33,2017-01-13 10:58:13,2017-02-16 00:00:00
f0179b88633233286f65c7b7162b4b9f,6c05f6d7837fc7cbdfe9fdfb3f2ce09d,delivered,2018-01-19 15:44:56,2018-01-19 15:56:14,2018-01-23 12:42:36,2018-01-24 18:44:33,2018-02-05 00:00:00
adb251e4a198e6d934082144c31f07fb,441ed3a1b8e761107310bb52752cff20,delivered,2018-02-27 14:13:10,2018-02-27 14:29:14,2018-02-28 17:55:27,2018-03-12 23:25:53,2018-03-21 00:00:00
2db4d7de1f3f3a182139f64acfa9ab25,765eefa1f38830e39b90cd18cf60a11d,delivered,2018-01-09 17:03:34,2018-01-09 17:32:30,2018-01-12 22:10:52,2018-01-22 18:52:56,2018-02-06 00:00:00
4f9f24f1dd52ecdf0684a63eaf36c51b,feca784ce427334208c8df149c58bee4,delivered,2017-03-28 17:24:46,2017-03-29 02:22:50,2017-03-30 15:09:15,2017-04-03 13:54:31,2017-04-18 00:00:00
bc76f0b0323c7a867739b72cfc9277bb,807d44b7eb8d4d8c38ae5fd4859bd1a5,delivered,2017-11-26 20:15:10,2017-11-26 20:32:27,2017-11-30 00:15:55,2017-12-16 13:42:27,2017-12-19 00:00:00
496e132afac00fbb1272944c4c0c1d49,1aa1b1381dad7ebce4929e76ab28c229,delivered,2017-11-30 13:33:14,2017-12-02 14:17:09,2017-12-05 23:54:31,2017-12-14 21:08:06,2017-12-28 00:00:00
9ea1203e5b988b66f3a348380106b77e,b8f84f80042abaa756f3e62df71d492a,delivered,2018-08-16 18:16:37,2018-08-16 18:30:11,2018-08-22 14:08:00,2018-08-27 19:28:40,2018-09-04 00:00:00
1ff6ec2c3e9d8820643f43696482d2b9,4cc7a2f916c54cc32139b5481b4d611f,delivered,2018-07-24 00:14:31,2018-07-24 10:31:19,2018-07-30 14:17:00,2018-08-03 20:02:33,2018-08-24 00:00:00
5cb47274e256db548371bc1cd39f1bae,f0a19a6acd8407b14705386e24b0cb70,delivered,2018-08-01 18:01:21,2018-08-01 18:31:36,2018-08-02 14:30:00,2018-08-03 13:14:28,2018-08-06 00:00:00
f98961e605ec96d621506161743643f5,18146767f23701401b08f4ffcc8548b8,delivered,2018-06-10 08:48:15,2018-06-10 10:19:11,2018-06-11 12:58:00,2018-06-14 11:05:09,2018-06-28 00:00:00
17cdb2d46a5fddefa7bab0474418cc26,89d71eb3d9f960b4d318bb458bf88d92,delivered,2018-08-21 13:41:26,2018-08-22 03:50:23,2018-08-22 10:40:00,2018-08-27 23:32:27,2018-09-11 00:00:00
61816022ac3061c27c63a5432085340b,ddf6cc2c282686bd3b7043d01c06f006,delivered,2018-04-12 20:36:17,2018-04-14 02:30:34,2018-04-16 23:38:53,2018-04-17 23:38:28,2018-04-30 00:00:00
1c9fd2a0749771fdb8c1cad52a3c27a6,e9590b1476593f300b06fa2216af4c35,invoiced,2018-01-21 19:44:46,2018-01-22 19:38:29,,,2018-03-09 00:00:00
bf055d63b3d95ca9091e3578ee703a88,0f3f92165f5acd28ac0c06580600fb10,delivered,2017-09-24 22:37:18,2017-09-25 22:49:17,2017-09-27 16:01:51,2017-10-11 20:23:52,2017-10-27 00:00:00
cf287f639abd10b1630574c4a065d4f1,a193aa8d905b8e2460a1f49e26caa4a9,delivered,2018-02-12 18:04:28,2018-02-12 18:10:32,2018-02-14 22:58:48,2018-02-16 22:32:51,2018-02-26 00:00:00
bf101963374c9a004517e115644d0d4b,57e6ae095b08dd99185564e150c0c97a,delivered,2017-02-25 19:14:08,2017-02-25 19:25:09,2017-03-02 06:51:44,2017-03-16 10:54:51,2017-04-04 00:00:00
cffde0f0482fa704a6b0e543f838cbbf,135d3f1d080900a5bbea9a5a23c4385b,delivered,2018-02-04 19:24:44,2018-02-04 19:35:28,2018-02-09 23:12:01,2018-02-17 11:17:40,2018-03-12 00:00:00
ae33d9911d4d85073c77c28678de681c,11d69e8cf762813644bd7404602a502b,delivered,2018-01-03 17:06:02,2018-01-03 17:17:34,2018-01-04 22:09:06,2018-01-10 18:13:24,2018-01-29 00:00:00
7a0065369b3ed54a8561db3aaf29965d,e6367d7b8232978fb0c1e7e99edb25e9,delivered,2018-08-11 22:42:44,2018-08-11 22:55:17,2018-08-13 14:53:00,2018-08-17 19:44:42,2018-08-27 00:00:00
3ccadf098357a20c809d57a50c3d47ae,7a1ab9788d3a3325c375971012b979eb,delivered,2018-05-26 15:19:45,2018-05-29 03:31:24,2018-05-29 13:07:00,2018-06-01 20:40:41,2018-06-25 00:00:00
9c1065a9bf5514fd2349797c407c61b7,d19f71039cf48477275961be96df0a13,delivered,2018-03-16 10:30:59,2018-03-16 10:48:57,2018-03-19 13:05:39,2018-03-20 22:28:45,2018-03-28 00:00:00
14c17d3f1039eddcf915f58d3f126948,59d93d62b828a2c8b877ee0a70852f31,delivered,2018-08-16 22:16:03,2018-08-17 22:10:21,2018-08-21 13:08:00,2018-08-27 23:42:39,2018-09-06 00:00:00
8e1e1daffbcfac661558e71878b2780c,431aa8450d30ae25badcaf4186f88281,delivered,2018-02-01 12:22:13,2018-02-01 12:35:29,2018-02-01 23:17:31,2018-02-06 13:04:57,2018-02-26 00:00:00
5685548b79358ab0ae555e21ef9cb4ea,c17c6a65a59d3b444858f91b44800134,delivered,2017-02-11 21:54:04,2017-02-11 22:05:15,2017-02-15 07:37:47,2017-02-21 10:11:46,2017-03-16 00:00:00
f1f920036ae5e94e294eeb5bf898b9d6,3e0f41971711441885d888b03d44ea11,delivered,2017-03-23 19:45:24,2017-03-23 19:55:15,2017-03-29 15:06:14,2017-04-04 21:26:53,2017-04-13 00:00:00
5a8cbc60b032f344459aae65f0c01d26,dc1cead92f997743b2af1652866ae92f,delivered,2017-07-19 14:59:53,2017-07-19 15:15:19,2017-07-22 13:42:07,2017-08-02 22:51:37,2017-08-21 00:00:00
5e32d63948bae10a5a878d024e3e4e37,99b81369c2f7870fee6166d01c7a5e02,delivered,2018-03-15 12:23:11,2018-03-15 12:35:22,2018-03-16 17:03:01,2018-03-18 15:42:24,2018-03-27 00:00:00
f52817099e70b1c849285ffd065ac68d,7676dcc955231ef8263c3de86bdc1ab1,delivered,2018-05-11 20:36:54,2018-05-11 20:57:08,2018-05-14 13:22:00,2018-05-22 20:32:39,2018-06-07 00:00:00
5d49743106500a75100374031f73e22b,ae4bdc0bca693d35b29a42eb56cac1c3,delivered,2018-04-04 12:42:36,2018-04-05 02:08:32,2018-04-06 21:54:40,2018-04-27 19:32:15,2018-05-09 00:00:00
5dbbced030c8556f919a3b392a589b7e,dad1e2ee878086780ede43f04ff07a53,delivered,2017-11-03 11:10:16,2017-11-04 11:15:27,2017-11-06 21:11:58,2017-11-29 12:43:05,2017-11-23 00:00:00
2b4aa534be731020396ff6564af04cb1,92cc70bf4106a2b161c3188087a2cbce,delivered,2018-03-16 15:13:26,2018-03-16 15:29:12,2018-03-20 00:53:27,2018-03-27 00:16:45,2018-04-06 00:00:00
a92b5b0bf2a617da3f9c3b28486798a8,e5a35f7c416393965fd0e38682df1697,delivered,2017-08-05 19:14:48,2017-08-08 04:04:27,2017-08-08 18:25:39,2017-08-11 16:50:12,2017-09-04 00:00:00
0cb752bde20054fcde65c16163ab64b9,fcf43464dc356f38b043ad3bce8b48d5,delivered,2017-12-15 11:21:28,2017-12-15 11:32:12,2017-12-15 22:10:07,2017-12-23 12:10:15,2018-01-10 00:00:00
55e5ec213742bae19f2e36685d3aa5e9,09ab4ae2ecab51b1bf620bba0027abd9,delivered,2018-02-16 08:18:51,2018-02-16 08:30:21,2018-02-16 23:16:37,2018-03-03 14:04:04,2018-03-14 00:00:00
c3514a3dc150acbbf0ab547f1cdc1fe4,2731bf1c00685708217536d50bd1c8c9,canceled,2017-09-16 21:43:02,2017-09-16 21:55:07,,,2017-10-16 00:00:00
7fc65542211bac2f7c30c30f3e6916ae,0474930b6f1687f99415cee7aee3d55b,delivered,2017-04-10 09:14:35,2017-04-10 09:25:15,2017-04-13 11:42:48,2017-04-18 10:54:48,2017-05-10 00:00:00
f03420f7fe5633764a9eed270f0cf359,23a82cf3d15fb435aca1b75b6a22ce6b,delivered,2017-09-21 02:50:29,2017-09-21 03:40:07,2017-09-26 19:42:31,2017-10-06 18:28:58,2017-10-16 00:00:00
277ef68319aa0ee0561831fab6e9e0aa,2d2f9e6b571d8ee9de59696261d13592,delivered,2017-10-05 01:37:34,2017-10-05 01:52:19,2017-10-05 18:55:42,2017-10-16 21:43:49,2017-10-30 00:00:00
c64bba38c488c2f4362e11cf93ebbed4,35a2b4e033bc862686a6634fb2b5ca3f,delivered,2017-12-14 19:44:56,2017-12-15 02:16:15,2017-12-15 18:42:24,2018-01-08 20:24:00,2018-01-16 00:00:00
6a4b7874ba286fe298add408d85ffc11,8fc638e860ca4a98a87fb01935b9dbbd,delivered,2018-04-04 09:35:03,2018-04-05 02:28:11,2018-04-05 20:18:21,2018-04-11 20:12:03,2018-05-15 00:00:00
4144366812f72111c1f9d2c065e3e374,1add56abe5f6a81a005c64b8e1fb7f8c,delivered,2017-04-28 14:19:11,2017-04-28 14:35:16,2017-05-19 14:46:35,2017-05-20 06:32:53,2017-06-02 00:00:00
222dbd787fceffa6d29b3586ef4f9c11,4dc755960dfc89677457aa98e0e4d4b1,delivered,2018-02-16 21:19:30,2018-02-16 21:30:44,2018-02-19 19:44:56,2018-03-08 20:38:34,2018-03-08 00:00:00
5e30dcb2e114da32afe2f0942750616a,1d19f123d715d31a525094a81bbea5ef,canceled,2018-04-06 22:13:21,2018-04-06 22:29:11,,,2018-04-25 00:00:00
76d1d5d9e614ab4fc54310fda49855b2,8bbd3bb0796450a7bea0922e51e3aa6c,delivered,2017-09-18 13:24:40,2017-09-18 13:35:16,2017-09-18 21:33:34,2017-09-30 14:03:08,2017-10-06 00:00:00
99c0ec36ad63cb20a6ad29041d537e85,32cbb3cad9dd1ccab31b01a36c2eed7f,delivered,2018-05-24 12:03:16,2018-05-24 12:19:12,2018-05-25 19:22:00,2018-06-05 12:08:49,2018-06-26 00:00:00
45a0a5dc315fa233270e5c4778e54e87,4eda266abd3a03ee67083efeaebc853d,delivered,2017-09-19 11:20:37,2017-09-19 11:37:03,2017-09-20 21:03:34,2017-09-21 20:23:55,2017-09-29 00:00:00
6970a3865417daf2e16446623fe67db2,55cbadf1632a0767011855eac1eb4313,delivered,2017-06-05 07:01:35,2017-06-05 07:15:08,2017-06-05 16:10:11,2017-06-07 15:08:28,2017-06-19 00:00:00
97b1082dbd479f678e3eda517490413c,870cdf56b8daf359f640de474693d43d,delivered,2017-10-04 15:40:05,2017-10-04 15:56:16,2017-10-09 22:03:03,2017-10-24 19:04:16,2017-10-30 00:00:00
e739161210dba9b6debb04897d5e7046,41bc36cdf2c5f07894056a60617db329,delivered,2018-01-03 21:07:26,2018-01-03 21:26:56,2018-01-04 21:22:31,2018-02-01 19:55:19,2018-02-06 00:00:00
e839eca104c8f6c0c1234e9d8d613b2a,ff543ce508467e68ce94f28d79f5dc3c,delivered,2018-01-15 13:21:23,2018-01-15 13:33:21,2018-01-16 22:36:02,2018-01-22 17:13:17,2018-02-05 00:00:00
7ee7410ad49b716a783af62488071cb7,7534c433c432943e5dfe580148176282,delivered,2018-05-01 22:57:16,2018-05-01 23:12:31,2018-05-03 11:36:00,2018-05-25 23:28:30,2018-06-18 00:00:00
aab77f6b8eb88bca78803173c935407c,665cc337dd205e3f2683add6978558bc,delivered,2017-12-08 19:02:41,2017-12-08 19:13:25,2017-12-14 18:36:54,2017-12-18 21:19:06,2018-01-04 00:00:00
08a8150915627e46099f01a220ed8efd,6048ec9b4f1c8b8c74d9c24154f84278,delivered,2018-03-19 21:17:53,2018-03-19 21:30:31,2018-03-20 19:25:03,2018-04-07 10:03:37,2018-04-10 00:00:00
66480576a5bbc6e076d5a69490a0592f,e7767d9adc0241c1c75845144e3abd25,delivered,2017-12-02 14:37:35,2017-12-05 04:13:30,2017-12-05 21:38:37,2017-12-08 15:36:43,2018-01-04 00:00:00
85390f5003d9b2084c226bac317cca79,9e227b9be284a33b91dae97793dbd60b,delivered,2017-06-08 01:01:01,2017-06-08 01:42:52,2017-06-09 19:03:13,2017-06-23 02:14:35,2017-08-02 00:00:00
a38b129bded4bc374ba9a5d6333ae9b1,fad3d18df41fbdb519d8f885992b9bcb,delivered,2018-01-04 18:07:07,2018-01-04 18:14:21,2018-01-10 16:43:39,2018-01-17 15:22:14,2018-02-01 00:00:00
bc3dd54a59fb99e166087c3525c9f189,331eaa97fcf6d1dcfd99d6e2f9eafe0b,delivered,2018-06-25 20:40:37,2018-06-25 20:57:42,2018-07-04 10:29:00,2018-07-05 20:31:56,2018-07-16 00:00:00
e52d6fd1fb812c9f263fd19fddb957d9,ce6c5a902bad9cb9b8675a9fccacff09,delivered,2017-12-01 08:36:14,2017-12-01 11:30:56,2017-12-05 00:55:33,2017-12-11 11:19:38,2017-12-26 00:00:00
791ecfcf358d8482338314a266c01fc4,f65235e8410545c21b41ecc9194cee27,delivered,2018-02-01 23:12:23,2018-02-01 23:33:35,2018-02-07 16:55:03,2018-02-20 21:39:34,2018-03-01 00:00:00
17341621682ba3c2b7bc79fd48d22a34,b926da2bf792c1a19fcd489ae0f8be6b,delivered,2018-04-29 21:39:29,2018-05-01 05:32:29,2018-05-02 14:17:00,2018-05-07 18:12:25,2018-05-18 00:00:00
33fe1cb532ac16a48902980e00c26da6,e0669fc658288e9aea6d958ea90fb9b7,canceled,2017-07-25 19:26:15,,,,2017-08-28 00:00:00
31437ad84ad2f4fd755bc1a5351d370d,0d229f41d3b35a7dc1a128dcc48dd211,delivered,2018-02-19 10:17:28,2018-02-21 06:10:31,2018-02-21 21:18:59,2018-03-09 20:43:26,2018-03-12 00:00:00
a5bee526a0ca9f2a66f3704b82ad7833,5d9bad1b4aad6061f0b26c8b58291a6a,delivered,2017-11-05 22:32:25,2017-11-05 22:46:15,2017-11-07 18:12:10,2017-11-08 20:12:11,2017-11-17 00:00:00
656ab6b8b05ce120b2411c530bd2d446,c827aa062f905fbe89b106dc05a9ec1f,delivered,2017-12-08 15:53:08,2017-12-08 16:11:38,2017-12-12 22:53:15,2018-01-22 16:51:49,2018-01-11 00:00:00
b5db96e8b923dfcb5699d38714b5b3fe,f258cff84d51c8fa44aec46c624ee106,delivered,2018-04-09 19:07:02,2018-04-09 19:29:42,2018-04-10 18:44:25,2018-04-24 16:11:49,2018-05-07 00:00:00
e30fb155cacfee81443d974ce9c8a2d3,8cc80e5696a1114a3b9220ba5db5e5be,delivered,2017-08-28 09:08:44,2017-08-30 02:16:08,2017-09-01 20:47:52,2017-09-14 22:15:05,2017-09-22 00:00:00
e4c77eec895c98ee6919f8d872614ee5,002a10e899b62a460b0116e0b68697ad,delivered,2018-05-05 18:33:24,2018-05-05 18:53:44,2018-05-07 12:43:00,2018-05-09 00:06:25,2018-05-23 00:00:00
b6d6730512437da0a234e99ea7885212,a5569eafa093045938b448b5f802032d,unavailable,2017-09-04 09:44:46,2017-09-05 08:33:58,,,2017-09-21 00:00:00
6f714d580daa8c3faffadb162c76f239,233d7aff39e31e7fa2cd86f61d751b24,delivered,2017-12-06 11:26:48,2017-12-06 12:03:57,2017-12-13 16:43:10,2017-12-26 19:18:58,2018-01-04 00:00:00
3837316347c6731a7368bd44a3b613bc,928922804cd240fbd2f55e7687c0c412,delivered,2017-09-29 00:00:57,2017-09-30 00:24:50,2017-10-04 19:41:27,2017-10-16 23:43:10,2017-10-25 00:00:00
697b4c68b81ce7731108f096fbc56aed,7b6ceb73c7d700281dd1a2fc3d616128,delivered,2018-04-04 00:05:48,2018-04-05 00:09:24,2018-04-06 23:24:39,2018-04-09 22:22:40,2018-04-30 00:00:00
a3b2201d0e95f595df90c26c8dae015f,61b5bd939044332625d8373f774a10b3,delivered,2018-01-12 19:43:25,2018-01-12 19:52:28,2018-01-16 22:21:35,2018-01-28 13:16:42,2018-02-07 00:00:00
9211fd3895bb47e2540f63577341f7b3,8f1b10b11a72fe1a4fb0af954200fcec,delivered,2017-04-27 01:31:50,2017-04-27 01:45:27,2017-04-27 14:50:16,2017-05-15 09:51:51,2017-06-09 00:00:00
a480374bd52d2f0f0b6e3889e138ad70,725842133e4deae147136c61280cbb30,delivered,2017-11-11 14:10:38,2017-11-11 14:27:05,2017-11-17 16:45:33,2017-11-21 23:42:03,2017-11-27 00:00:00
c85dd5c7536e1f5767943db786f80a7d,69c5993132dcb1e0f06485913ed161f5,delivered,2018-08-03 11:08:29,2018-08-03 11:24:13,2018-08-06 14:24:00,2018-08-09 23:03:36,2018-08-16 00:00:00
0e8488c62611eb99cdf174e019bf9d8a,e9400e3d4945ada34b67e31c4c02d85f,delivered,2018-08-03 16:37:04,2018-08-03 16:50:26,2018-08-06 16:51:00,2018-08-13 20:04:46,2018-08-21 00:00:00
3b8574ac0df531f31f1bfc18f9d9bc97,727e298f03e45434a45a097b8fcedce2,delivered,2018-03-13 12:52:59,2018-03-13 13:08:14,2018-03-15 12:16:54,2018-03-21 13:34:31,2018-04-06 00:00:00
763e7d05316c7defbead9bc116208b5f,1c8e8832ee4a6301e124bbc554a2810a,delivered,2017-11-13 10:18:35,2017-11-15 02:50:30,2017-11-16 21:46:49,2017-11-30 21:12:34,2017-12-01 00:00:00
85eb08e88c69146570db90c32c0da522,47a919c608b9d482cbb4dc77e978ce1c,delivered,2017-08-27 23:55:53,2017-08-28 00:05:17,2017-08-29 17:33:04,2017-09-05 17:35:39,2017-09-22 00:00:00
4ed868229ad01b5686124edd1f82b18b,3826c69b59a924f799f03ee725391b04,delivered,2018-08-05 21:37:08,2018-08-06 21:35:17,2018-08-08 06:18:00,2018-08-13 17:49:50,2018-08-15 00:00:00
340c580a7c6f6c2440518a9458779277,ebd42fb3a55fc556e3cb3e8dd7713b09,delivered,2017-07-13 11:58:23,2017-07-14 06:45:20,2017-07-17 11:52:07,2017-07-18 20:41:20,2017-07-27 00:00:00
65fc7195f2f70e60bd81a12c69d7389d,f0e3b37d5ca2fc5c28ba3f66c71a3aaf,canceled,2017-07-25 10:11:21,2017-07-26 20:45:57,,,2017-08-08 00:00:00
c6f1ebce1a5cf02dffc63b2df66fb920,b8d917327aaede6d6aae20322a726767,delivered,2018-01-09 18:44:41,2018-01-10 10:07:13,2018-01-10 21:25:15,2018-01-18 19:54:39,2018-02-05 00:00:00
61bf64d7b02245b6f59f471a6ca6ded7,0e3c876cbe9a1d90dda647b150f51441,delivered,2018-06-23 10:30:35,2018-06-26 05:37:33,2018-06-26 14:07:00,2018-06-27 18:22:42,2018-07-12 00:00:00
6d10445e2d4cfc53db33470b19b33ec8,132f0e561c32662c9a19fe2042816573,delivered,2017-11-25 13:56:27,2017-11-28 02:58:29,2017-11-30 23:43:06,2017-12-07 01:48:38,2017-12-15 00:00:00
156824260a71270937eda941cd291a58,f6478d7616405f3c9d14a3654ab9b0cb,delivered,2017-10-14 18:11:37,2017-10-14 18:28:14,2017-10-16 20:00:04,2017-10-20 21:41:58,2017-11-10 00:00:00
eb7a14bc7848b286eec69794221438a8,fbd371b9acb73b3a6c0720cfdb0ad7b5,delivered,2017-09-13 19:49:04,2017-09-13 20:06:08,2017-09-15 19:23:41,2017-09-17 12:58:16,2017-09-25 00:00:00
44d14514a06127f72cd96745ed0eed21,ca8d56a19c40cfcdba873cbe942e5013,delivered,2018-07-08 08:30:55,2018-07-10 04:35:21,2018-07-18 17:04:00,2018-07-24 19:59:28,2018-07-31 00:00:00
38e61f4af1178dd0d6d02b1b01085105,e9806f0cec46b8ea205a3ba236ff0d35,delivered,2018-01-12 10:36:28,2018-01-13 04:54:44,2018-01-15 21:33:00,2018-01-22 19:49:13,2018-02-02 00:00:00
16c94c833d565079bc2b35b78a99b3e7,b5118c4012f1395f7143b9e6084620a5,delivered,2017-03-21 16:03:34,2017-03-21 16:03:34,2017-03-22 18:15:10,2017-04-04 16:15:56,2017-04-24 00:00:00
b1ab9ab628993453ae0b068d4a8fcf78,2b98b520582527503b1ccb5aec7949a4,delivered,2017-06-05 17:34:50,2017-06-05 17:45:16,2017-06-06 11:40:28,2017-06-09 16:42:16,2017-06-26 00:00:00
f0ed6cd987eaa2a46f85320b39fd406c,a4c1017188a10ac3de20036f363b7fe2,delivered,2018-05-11 20:57:27,2018-05-11 21:10:53,2018-05-16 15:10:00,2018-05-19 14:18:39,2018-06-04 00:00:00
b352b37732770128092c01c05cb2d8f7,f8fd2c4852d04dafce46ff9d0e194e41,delivered,2018-02-01 21:08:53,2018-02-01 21:32:12,2018-02-03 17:24:28,2018-03-07 00:48:30,2018-03-08 00:00:00
1a46001e1aebe58323d90a0d62d632a6,f92229fa88de40c297c5796a3f4f8153,delivered,2018-05-03 20:27:20,2018-05-03 20:53:10,2018-05-04 14:30:00,2018-05-07 22:58:48,2018-05-15 00:00:00
e2d77a0d9b0d31ca58de237b8d9dcdbf,18d30d471877a4eaa28399ad9a7eaac5,delivered,2018-08-08 22:32:21,2018-08-08 22:45:15,2018-08-09 14:47:00,2018-08-10 23:58:38,2018-08-14 00:00:00
89cc4b3fd3de52a930bc92ab0d876d1c,58b97b62f1bf883c3f0578903451e7fb,delivered,2017-05-03 23:01:50,2017-05-03 23:10:16,2017-05-04 15:59:00,2017-05-12 11:12:09,2017-05-24 00:00:00
33331ca3a2e00e80d485324dd9d3b070,0e3956c83bcf7e8f54e1dfc46ea4a34c,delivered,2017-09-11 17:17:10,2017-09-11 17:35:31,2017-09-12 15:46:02,2017-09-14 15:43:34,2017-10-06 00:00:00
a6c6868f13ca88d37426218824397a4d,1f7274018a7ce8fe4993a626e3e54275,delivered,2018-04-30 13:01:45,2018-05-02 16:38:07,2018-05-07 12:31:00,2018-05-21 19:28:28,2018-06-04 00:00:00
7b7d41ed4a08974cabec08405b527b18,9cf5f75b8cce94bec85e361f2f89ff1a,delivered,2018-07-15 14:07:37,2018-07-15 14:26:09,2018-07-16 14:24:00,2018-07-25 17:38:54,2018-08-09 00:00:00
d5d91beade5592a7f19b57ef4910572e,3324c0488c6c1aa261c51589a05762f3,delivered,2018-07-02 14:50:55,2018-07-02 15:10:39,2018-07-03 07:39:00,2018-07-07 18:51:14,2018-07-27 00:00:00
ff27293d3d0221896d1bc2dd36b73ebf,1600cba8f89293caaa9089c72ec9b5f0,delivered,2018-02-22 18:01:42,2018-02-22 18:15:22,2018-02-26 21:57:46,2018-02-28 22:34:17,2018-03-08 00:00:00
e325e4af77424e58e4ed99a20549a7b0,d7c7adec9a1f73c44354049cc01c93e6,delivered,2018-05-07 15:03:20,2018-05-08 04:54:23,2018-05-08 12:49:00,2018-05-16 14:36:35,2018-06-06 00:00:00
e83965852a6e35ed713250e090367ff7,8d53cffa847c8c98fc003386511020eb,delivered,2017-12-11 22:13:55,2017-12-11 23:35:56,2017-12-22 15:18:58,2018-01-20 00:58:28,2018-01-04 00:00:00
fc566a7948095d23a16e8e2fb3c8ffc0,6ec28820c95f4830ffd681df551a2531,delivered,2018-03-16 09:32:52,2018-03-17 02:50:44,2018-03-20 19:32:45,2018-04-02 15:41:32,2018-04-23 00:00:00
d760ce6e5ac0d32b1934dc91b60ae391,4f4ba6ed6f16878332242fc55adff7c7,delivered,2018-01-09 09:39:09,2018-01-09 09:49:09,2018-01-11 14:07:26,2018-01-18 21:35:18,2018-02-06 00:00:00
b1927b1b40d5a2c5e0d49a6bb76fc273,94038129d7563a93b534f34df9b25ad0,delivered,2017-07-24 18:17:09,2017-07-24 18:30:13,2017-07-28 17:17:53,2017-08-10 22:24:04,2017-08-17 00:00:00
e5c8cf4dd91786f33a0f1c96ef1eda19,e98d17d903b13a77e8ccc890ec3875f9,delivered,2018-04-23 10:42:20,2018-04-24 18:29:03,2018-04-27 14:36:00,2018-05-04 22:52:33,2018-05-18 00:00:00
1798a9d3b896e39ea128c25cf6b84ee4,1ceacda3f304066791cb6ad623ee3e90,delivered,2017-09-26 23:40:53,2017-09-26 23:49:17,2017-09-28 20:47:40,2017-10-05 15:57:04,2017-10-19 00:00:00
3da8b1bbe6650411cf568285bb956f90,885d7e16b3febef0a036aa5ebbba9659,delivered,2018-04-17 15:50:16,2018-04-19 02:10:45,2018-04-24 17:19:26,2018-04-25 18:28:53,2018-05-04 00:00:00
8c17e98f67708928c1b03bb705c14b3e,41dab101e63cf0c1866b20cdff40471a,delivered,2018-06-22 12:04:50,2018-06-22 12:36:22,2018-06-27 11:42:00,2018-07-04 14:33:01,2018-07-30 00:00:00
1d25b465b66d2cd1ed4c7d3b449be280,53c1d69437a94fac86785d028982c66d,delivered,2017-11-30 15:08:04,2017-11-30 15:15:25,2017-12-05 20:38:45,2017-12-10 11:51:55,2017-12-18 00:00:00
d9a9a11dd85e0803fdf91293e4baad64,b911209fe83da3f3ee07919404296e17,delivered,2017-06-10 03:30:49,2017-06-13 04:03:03,2017-06-13 11:03:00,2017-06-14 12:48:52,2017-06-27 00:00:00
2b0b02914575b69cd6787aba9f79a73b,d0e91472876e34986a2a61f2461e98aa,delivered,2018-07-22 23:08:31,2018-07-23 12:32:24,2018-07-24 17:10:00,2018-07-31 18:58:35,2018-08-10 00:00:00
581805128c859d26d9ddea54faa05207,3182be8311cafb4d4c8ea0385fea7df3,delivered,2017-02-14 10:52:49,2017-02-14 11:03:27,2017-02-14 14:28:22,2017-02-20 08:31:40,2017-03-13 00:00:00
3340fd16bb81e26a23a17a1b9da63186,92c9293ea5fb93ed5ee02c0060b5e677,delivered,2017-11-11 23:11:23,2017-11-11 23:26:30,2017-11-27 12:37:39,2017-12-01 20:16:32,2017-12-05 00:00:00
952b0a1d898ae59226e8ae13f1ea4121,2e86656bf35be872232e7ba55c1fd751,delivered,2018-01-14 17:28:18,2018-01-14 17:36:33,2018-01-15 22:18:31,2018-01-24 13:52:30,2018-02-08 00:00:00
58955108a9a0a8b3762f903aba23099a,8f9ca53a1f42352f3a7db6568f6ed10d,delivered,2018-07-19 10:48:47,2018-07-19 11:02:56,2018-07-19 15:08:00,2018-07-24 00:07:48,2018-08-02 00:00:00
df720130627bfe896e4eaafe2df5b721,01aef689891025af290bbdc4788d87da,delivered,2018-07-30 14:51:21,2018-08-02 13:42:37,2018-08-01 15:03:00,2018-08-03 19:32:38,2018-09-05 00:00:00
d710a78f61cc62d2aeb7ebde38ee7738,83f518916b0d90fef92d2f4de727b5c9,delivered,2017-03-13 16:40:57,2017-03-13 16:40:57,2017-03-14 09:35:26,2017-03-21 11:28:46,2017-04-07 00:00:00
626c5c9bfe704ebabd98974ff8307803,9835403a86d824be9a0b0cb332f3f7f8,delivered,2017-04-02 16:42:37,2017-04-02 16:55:13,2017-04-07 14:13:36,2017-04-18 14:48:25,2017-04-27 00:00:00
378ebcb514854217da7df194297faaab,3562fd1efbda162d4b0f2269ca2561cc,delivered,2018-06-01 21:06:41,2018-06-05 04:31:00,2018-06-05 08:54:00,2018-06-13 18:41:43,2018-07-12 00:00:00
2f2f33a69a673fb2559f95de9f14538c,ee251ea5871653264ba1f639bb6f84bc,delivered,2018-01-02 19:14:12,2018-01-02 19:28:55,2018-01-04 23:40:13,2018-01-05 11:49:25,2018-01-18 00:00:00
4691f9f99793c6535e4279ae1a5e75e3,12d7b5f6b29bcc2df27c360155db6742,delivered,2018-07-29 02:26:04,2018-07-29 02:35:12,2018-07-30 13:44:00,2018-08-03 17:22:43,2018-08-07 00:00:00
a6338c083da70631fcd9cdb8a9ccac29,d2e6487cfc92b4e2342d92853c158e27,delivered,2017-08-15 10:38:40,2017-08-15 10:55:12,2017-08-16 20:45:59,2017-08-22 18:05:50,2017-09-14 00:00:00
6851d4a26dc9bdbce52550f0c68d61ff,19a5fcf6936cd424026777aefabdbc3c,delivered,2017-05-22 10:11:04,2017-05-22 10:25:18,2017-05-23 06:38:41,2017-05-29 15:07:54,2017-06-13 00:00:00
2cdc4c50ebeabd8fd87582544e8e46a6,34507ff3bdf097cd8a3b9c667c6803a7,delivered,2018-07-08 20:07:08,2018-07-08 20:25:20,2018-07-24 13:30:00,2018-07-27 20:12:43,2018-08-17 00:00:00
8c6dfc3056be4a27212a845d5f2bddc5,79e473268654510e76eaabc30b1b0c2c,delivered,2017-03-30 15:13:10,2017-04-04 05:45:22,2017-04-06 10:26:45,2017-04-11 18:54:14,2017-04-25 00:00:00
f738ff751aa9c2388f4009d04ada528b,9ba9a573af39c332b4844fee4e2cffc5,delivered,2017-02-21 21:47:14,2017-02-22 03:22:38,2017-02-23 08:28:55,2017-03-07 11:34:33,2017-03-22 00:00:00
4cc1863df594e8a20303a29626ca0834,bf721cd064b03dcac90a8e903e15a6b2,delivered,2017-10-29 22:02:44,2017-10-31 03:55:20,2017-10-31 18:12:54,2017-11-08 16:36:47,2017-11-21 00:00:00
20de77e28f73070461781b0eb6228f6f,24cf4347382b8e190a512b2de912f89c,delivered,2017-01-25 17:06:40,2017-01-25 17:15:23,2017-01-27 14:21:21,2017-01-31 12:22:38,2017-03-02 00:00:00
c879afbc0d85767d560c8ba52481a01d,e028afd98183a3e4c189bc75e65d1b22,delivered,2018-06-01 14:06:14,2018-06-01 14:15:24,2018-06-04 18:11:00,2018-06-11 15:28:43,2018-07-04 00:00:00
807d374126669a84b2391ebcda50821e,bcd217c236659603e2ce30b1f4093e98,delivered,2018-03-09 08:38:25,2018-03-09 08:50:36,2018-03-14 00:48:40,2018-04-13 19:34:29,2018-04-03 00:00:00
538c572a252f5c6e5cc6a9f172c47a0e,38312840724ceeaffab5dda0694f9b91,delivered,2017-07-01 12:32:51,2017-07-01 12:45:13,2017-07-03 17:17:51,2017-07-12 17:27:46,2017-07-27 00:00:00
54822c94cce4ceb64eb08bbb05fa8fea,42ce8044da72970c92b48514f86516f5,delivered,2018-04-20 12:24:05,2018-04-24 18:39:04,2018-04-20 23:03:46,2018-05-11 13:33:06,2018-05-22 00:00:00
af49eb64bd96a66df6582e592168e004,f20dcd0331eea6744a767d5c9798b9df,delivered,2017-09-29 13:41:56,2017-09-30 11:28:11,2017-10-03 16:28:24,2017-10-16 19:32:25,2017-10-26 00:00:00
d51eb6c998198af68efed5deb04cad17,f51f8a4cd6cc2f05541f5e8097fc444c,delivered,2018-04-15 13:07:03,2018-04-15 13:30:26,2018-04-19 02:18:34,2018-04-25 00:46:40,2018-05-11 00:00:00
94eadd6bc72a7dde85095b20f33e06e9,7f85abb2fd74817e5580b4405ef2bb08,delivered,2017-12-11 23:03:04,2017-12-13 02:39:39,2017-12-14 13:48:40,2018-01-26 16:52:54,2018-01-05 00:00:00
cbb0c16aad97026473749dae23084e7c,5c55bfd2c2e052389bdc5c4b7a9d87e5,delivered,2017-09-19 13:58:08,2017-09-19 14:10:45,2017-09-21 12:40:19,2017-09-26 19:00:03,2017-10-05 00:00:00
9a900606a9398af4cfd33ef935bb00ed,5167b413ed29851e90f2f7546b3b8328,delivered,2018-02-20 21:52:59,2018-02-20 22:08:06,2018-02-22 19:04:31,2018-02-26 17:45:39,2018-03-16 00:00:00
c8e348190c50484d7541f831a9fd75b2,927907194a41831695e363d56ba2c8e8,delivered,2017-10-03 03:16:34,2017-10-04 02:49:34,2017-10-05 21:20:46,2017-10-11 18:55:20,2017-11-01 00:00:00
7ed3afede9e4f41bb24283da88e6e91b,1bf8457339eaeb36acde4228f7b5c318,delivered,2017-02-22 20:39:31,2017-02-22 20:50:14,2017-02-24 10:47:41,2017-03-02 12:21:50,2017-03-21 00:00:00
87926f4f1402d4f56a21096c78d994b8,130f836722765043b992df7a42f41404,delivered,2018-04-11 10:46:20,2018-04-12 07:30:12,2018-04-13 23:04:10,2018-04-19 20:48:48,2018-05-14 00:00:00
f4b166c60fee8f28f16c05ad386fdc09,c2899f72e06b9264f47a9b41af8ed517,delivered,2017-08-09 13:04:09,2017-08-09 13:15:13,2017-08-10 17:53:57,2017-08-15 19:36:31,2017-08-31 00:00:00
43dd5fd2b9320473a388b6a3a1785ac3,4d03cb0931fcffd7c1a4b13e8da6437b,delivered,2018-05-07 16:22:21,2018-05-07 17:56:31,2018-05-08 12:02:00,2018-05-15 17:48:29,2018-05-23 00:00:00
4615c7d39bd730eaba5a1437d22ae212,09b0a4acbc34e89a6a7ea6f71aa8a6e2,delivered,2017-03-16 15:40:51,2017-03-16 15:40:51,2017-03-17 14:55:11,2017-03-21 15:12:18,2017-04-06 00:00:00
77749ba00bdd3c6d19363c493a38bea5,9142192904c10ab30d79a1c1956fd5a2,delivered,2018-05-15 16:37:39,2018-05-16 03:15:00,2018-05-18 16:57:00,2018-05-21 22:16:35,2018-05-24 00:00:00
104510f87942ecbbd9af73b0773b0e68,2333d7a9a57fd5d8f392de3802b59174,delivered,2018-03-31 09:17:32,2018-03-31 09:27:39,2018-04-02 21:56:36,2018-04-11 19:32:42,2018-04-26 00:00:00
8cbfd2b5ba048f1dd173a5309f8b5bf5,e3803fa0eac81de64abba13f1544f5ac,delivered,2018-04-22 15:57:59,2018-04-24 19:02:24,2018-04-23 22:58:36,2018-05-02 16:36:46,2018-05-16 00:00:00
23eff627f4b39bbe7c0910de77b75eb4,30d7ee6ab271792628f445c8c3232a72,delivered,2018-05-16 17:20:08,2018-05-16 17:57:41,2018-05-17 12:38:00,2018-05-25 20:18:35,2018-06-04 00:00:00
fff2e9e3aa8644e19710216b4ef53ab2,3aa733464591b63ba16abe084903a511,delivered,2017-05-25 17:22:57,2017-05-26 02:42:42,2017-05-26 16:12:47,2017-06-06 14:05:37,2017-06-19 00:00:00
3acfefca1b7d510f944c782689681753,fd82f1f6243134cada673eb5c862ee33,delivered,2017-10-19 13:06:58,2017-10-19 13:21:19,2017-10-19 20:33:24,2017-10-20 20:54:59,2017-11-01 00:00:00
9fc1cdaa591d198154efdbf0e8e33712,6f73cd5eba805d0532ea9099393deed1,delivered,2017-09-17 15:12:17,2017-09-17 15:27:58,2017-09-19 16:52:51,2017-09-26 18:48:53,2017-10-06 00:00:00
669efc1e4d498a04728b578a35f6e92e,f69b83b4326708e8cf591dd24c1e104e,delivered,2018-01-12 11:41:07,2018-01-12 11:48:33,2018-01-13 02:02:42,2018-01-24 17:25:39,2018-02-15 00:00:00
4010af255873d6e26073000d24a8f52f,82c595ab5dcb46ee4c08bcef2ba09981,delivered,2017-02-23 16:39:13,2017-02-23 16:50:26,2017-02-24 15:24:52,2017-03-07 19:42:02,2017-03-20 00:00:00
7b9346f5875f5ba40aa2f851365d3daf,64ed151de6054d3f07c9bfcce705b0e0,delivered,2017-09-26 14:57:55,2017-09-26 15:07:22,2017-09-27 16:16:59,2017-10-02 19:47:31,2017-10-18 00:00:00
9f5721ac1a943468f5591f34f17bba7e,dddeb6a18ada32b5e2e0cbc4829792c9,delivered,2018-08-15 11:29:21,2018-08-15 11:44:13,2018-08-15 13:17:00,2018-08-21 16:28:52,2018-08-24 00:00:00
bbf5ed9b1422ec62f85bb583115b56a1,c2a2fca81f9fa31bede9b92c5606bc7b,delivered,2017-12-17 22:34:50,2017-12-17 23:31:26,2017-12-18 23:19:13,2018-01-03 20:32:26,2018-01-15 00:00:00
8b83251dbc9bd02530320cceb82cc03e,7aa78ec38a25e08bf82617d92a583d0f,delivered,2018-04-20 12:33:21,2018-04-24 18:59:43,2018-04-23 18:12:48,2018-04-24 18:22:27,2018-05-02 00:00:00
786f969d6b0f6384dbcafb7099d808ef,1367a869b3a134edd6adb4446bd8053c,delivered,2017-12-27 17:50:51,2017-12-27 17:59:32,2017-12-28 21:21:52,2018-01-04 21:54:41,2018-01-31 00:00:00
b5685de8123bd5d22f75055f38b6cf7e,e799f524df8877c5895a81fb6dea992f,delivered,2017-03-18 14:39:09,2017-03-18 14:39:09,2017-03-20 12:47:26,2017-03-29 12:35:31,2017-04-18 00:00:00
99a29a0878f41a8dd8d2e20b2aa621c6,22830823ff4ee06179343e49ff7f26c1,delivered,2017-09-17 20:39:20,2017-09-18 20:45:42,2017-09-20 10:23:38,2017-09-25 16:52:53,2017-10-09 00:00:00
522c62c4cfb541b50ffc3999515fbaf3,7d23731c0ce56e95295ae135272ad451,delivered,2017-09-22 17:15:55,2017-09-23 17:24:32,2017-09-25 14:53:50,2017-10-03 17:57:42,2017-10-19 00:00:00
ec88a091f17fb7fb6b5a498439931a1f,5bef783d290d8c384444f7b326f0212a,delivered,2018-07-11 20:15:42,2018-07-11 20:26:16,2018-07-12 13:36:00,2018-07-13 20:14:29,2018-07-23 00:00:00
d2733958b49450e568a7cda310ac055b,87084f6cae9abc94b7fe9ada355137af,delivered,2018-03-24 19:27:39,2018-03-26 21:47:36,2018-04-02 15:52:21,2018-04-10 19:20:53,2018-04-16 00:00:00
83e7d6f02761a2c17b9e5661a1666885,9da6254d98f02499baa9f562e545e257,delivered,2018-06-13 19:09:42,2018-06-13 19:40:50,2018-06-14 16:01:00,2018-07-04 21:48:34,2018-07-26 00:00:00
d18c62967c0e60ea439822111331f6ec,8dea975d24eb60b0de4af2e1c8488944,delivered,2017-11-25 11:40:24,2017-11-25 11:51:59,2017-11-27 20:58:30,2017-12-20 19:05:05,2018-01-09 00:00:00
0653cf037de0812e8ba775b4a0ea9c2f,bf140fe2e3a26db29d95589b4e03b3ac,delivered,2018-01-11 16:30:57,2018-01-11 16:48:40,2018-01-12 21:13:38,2018-01-23 00:41:47,2018-02-07 00:00:00
711b9be9c346d9ecdb9d38a5e1e7e39b,81e4aed5ab4253757305267b80712689,invoiced,2016-10-04 13:38:37,2016-10-04 14:08:38,,,2016-11-24 00:00:00
830c7606efcb798e1bacdc56247dc134,1ace49e26a375d56dda111fa921f0c01,delivered,2018-08-09 13:35:56,2018-08-10 03:05:26,2018-08-10 15:26:00,2018-08-13 22:38:50,2018-08-24 00:00:00
e9fb2d9703e24b2ce5207a109f7b96be,f3ca3600b3e3a18b81e657bce05fcfdf,delivered,2018-08-27 12:59:16,2018-08-27 13:24:46,2018-08-28 09:18:00,2018-08-29 16:51:03,2018-08-30 00:00:00
75769af508ae5e105845b3b4813fa07a,a4850b2f860df2ca227654e927a7f34d,delivered,2017-05-20 09:56:04,2017-05-20 10:05:10,2017-05-23 17:08:46,2017-05-27 11:09:45,2017-06-14 00:00:00
eec18cec4f5f09fbfb40786402695c0c,9886facc8bd2f4fd2d3cb6295c493b96,delivered,2017-08-12 20:40:18,2017-08-13 20:50:11,2017-08-15 13:16:36,2017-08-16 16:37:49,2017-08-25 00:00:00
d20cb870c4dcb39bb4703c900f4e6dfa,5d450b0db7c1b066c7dc768f9508f3de,delivered,2018-08-25 21:53:15,2018-08-25 22:05:11,2018-08-27 12:00:00,2018-08-28 19:04:30,2018-08-30 00:00:00
3240c29a58e0f5100088c091d4a9a0e2,a282b878ff6fbe1e92f4ad9a902d97e3,delivered,2017-09-05 21:20:12,2017-09-05 21:30:23,2017-09-12 11:42:53,2017-09-13 20:08:57,2017-09-21 00:00:00
1c0d773f74bac71f5ea5374fff052392,9800149c926270ae16477a55f4eec5f3,delivered,2017-12-12 17:53:28,2017-12-12 18:10:52,2017-12-14 15:07:28,2017-12-20 20:52:32,2018-01-10 00:00:00
a557a0d8ff0129cd241d2bca612b3d6f,0645c1e309729e801e822bb721e822ca,delivered,2017-11-24 13:19:54,2017-11-24 15:33:16,2017-11-28 10:27:35,2017-11-30 16:53:19,2017-12-18 00:00:00
8c8ebe7dc2f3642dbca41a627402b39d,4e36586a43de907487a57c6c4d851d80,delivered,2018-07-18 15:34:47,2018-07-18 15:50:13,2018-07-23 17:10:00,2018-07-25 21:58:39,2018-07-31 00:00:00
084ce670827e3ebb5f585818b985bc25,9ae6a1c35062a9ef885bf22b62970227,delivered,2018-07-03 21:05:39,2018-07-05 16:40:37,2018-07-04 11:36:00,2018-07-09 21:44:51,2018-07-27 00:00:00
c17d8e9298a127be6a6c0fe4b693275c,b089b3bbec07357f04693426004319cc,delivered,2018-06-01 15:28:28,2018-06-01 15:35:26,2018-06-05 13:30:00,2018-06-14 18:18:24,2018-06-28 00:00:00
c4c4d6af87a38d11687de496459bb99b,3717612863a607e3b9d0d96369ad6495,delivered,2018-03-06 20:19:33,2018-03-06 21:00:23,2018-03-07 20:35:00,2018-04-19 13:24:49,2018-03-23 00:00:00
fd22e91229997472d843aed4e2be8965,e0fb79ab94350c473cb5d712edb01821,delivered,2018-08-08 19:30:33,2018-08-09 19:25:16,2018-08-10 15:00:00,2018-08-13 19:07:13,2018-08-16 00:00:00
845741b02081020193c3b7ea4dbe1a23,d1a06aa8c01856b012f9cde59c3c90ba,delivered,2017-08-21 19:36:31,2017-08-21 19:50:17,2017-08-24 17:20:09,2017-08-29 14:03:43,2017-09-13 00:00:00
0d33a1e4f7c4426e2adf540cb219baef,1e487116feb9361b3221c3e93fde4d7f,delivered,2018-06-24 17:53:16,2018-06-24 18:15:03,2018-06-28 14:27:00,2018-07-04 00:59:43,2018-07-20 00:00:00
75b69b48d972622a97944744d2d77400,d39b36bae7de866a9bbb376d2b42b96d,delivered,2018-01-08 15:58:20,2018-01-08 16:08:55,2018-01-10 19:56:30,2018-01-19 20:28:47,2018-01-31 00:00:00
6c18e8919d8c368f2074946445b35dce,97e451a140faf5f6c398d22d62f291ee,delivered,2018-07-26 00:06:12,2018-07-26 00:24:23,2018-07-26 09:51:00,2018-07-27 17:08:45,2018-08-03 00:00:00
680b0014ca0f8fa0855a12fd91927dcc,2dc21e7d19d6f6d6a2acbefee0b6e77c,delivered,2017-05-02 00:38:57,2017-05-04 02:55:35,2017-05-04 17:32:55,2017-05-11 08:37:50,2017-06-05 00:00:00
e8b1491dfcdee1fdc21ca1f8100308f7,df6c931f10ffbf16ec1b2b1056d53f7f,delivered,2018-03-13 12:50:18,2018-03-13 13:08:13,2018-03-20 01:12:33,2018-03-24 15:08:51,2018-04-06 00:00:00
d6f7121c5ede8e22d75e57b6e836871f,c167ca7e3249df1c0fce76509c0da7bc,delivered,2018-08-16 14:42:48,2018-08-16 14:55:21,2018-08-17 08:24:00,2018-08-24 18:28:43,2018-09-06 00:00:00
a4e8ed3c6d3f35cd4d7999f34d2a2a9a,1a6056639257dc90da72c10b56ae121b,delivered,2017-05-13 14:36:03,2017-05-13 14:50:07,2017-05-17 10:25:43,2017-05-28 09:57:31,2017-06-06 00:00:00
6a4ce4b6c9db497b72fc7446e987ffb7,675149f38575f85aeb539721c522692f,delivered,2017-05-03 09:33:59,2017-05-04 10:25:17,2017-05-16 14:33:43,2017-05-24 12:14:46,2017-06-02 00:00:00
b6e4cfebbca461e11b3f453db216b3e2,5fba8d7ca09f3a20f54ce1b72302f95c,delivered,2018-04-30 14:14:00,2018-04-30 14:32:33,2018-05-02 14:03:00,2018-05-07 13:24:44,2018-05-23 00:00:00
e11e49042dd9e24863991a081fd4bf19,1c3df9a5fdcd90e6aa96b5cd99bde9a6,shipped,2018-03-06 11:13:39,2018-03-06 11:30:38,2018-03-10 00:48:30,,2018-03-16 00:00:00
a6c5cbc5cadf62d9f007941e1da19433,a518e8349ce9512649f447314de4ac60,delivered,2018-03-22 08:19:33,2018-03-22 08:30:32,2018-03-23 20:22:20,2018-03-29 19:52:46,2018-04-10 00:00:00
8be192b8116fd3957c5218c2ec049943,bc576945283c7299890a7879558a83e8,delivered,2018-03-28 17:15:08,2018-03-28 17:28:05,2018-04-02 15:57:29,2018-04-19 19:18:32,2018-04-26 00:00:00
e6655b62634767edbef6221a1ec2660e,6d2dac74a2f3d4e201e7494ce958c259,delivered,2017-06-23 08:54:24,2017-06-23 10:04:17,2017-06-24 08:36:55,2017-07-12 19:39:55,2017-07-28 00:00:00
9e81c4ecf83ac3e5fce3ea780b1aa38e,b72f4ad269dc62bd9bb35ceacf22103e,delivered,2018-02-15 10:03:54,2018-02-15 10:10:55,2018-02-19 17:42:34,2018-02-20 18:59:03,2018-03-02 00:00:00
40cc087704cdc9456b35cb98bbd6c8fe,d8d1697c07d4de01d911f6287bca774b,delivered,2017-09-21 21:32:08,2017-09-21 22:48:06,2017-09-25 19:25:04,2017-09-26 14:27:38,2017-10-06 00:00:00
dddc39f5e5e0fa66470e4fd815a31c5d,67ec30c3644befcf17d88bff9f9fd1a5,delivered,2018-07-11 11:18:33,2018-07-11 11:35:13,2018-07-17 14:16:00,2018-07-24 16:32:20,2018-08-14 00:00:00
4c965a6b51f418eb66abfe9e102e98b3,79259b4281075f474da7d53f057c08af,delivered,2017-10-21 20:54:47,2017-10-21 21:14:13,2017-10-23 21:25:07,2017-10-25 20:41:48,2017-11-03 00:00:00
f5e55d131e51bd5f0dccc56c9096a951,a27a14f50c9ade8811a5c353a6331eef,delivered,2018-04-28 13:26:23,2018-05-01 06:13:17,2018-05-03 09:21:00,2018-05-07 14:36:49,2018-05-21 00:00:00
a7384426d477fd16a093284ebc51ba0b,2b26cb2b1582d5b1be9e122a56be6f43,delivered,2017-03-01 20:18:32,2017-03-01 20:30:16,2017-03-02 10:48:35,2017-03-13 10:24:37,2017-03-22 00:00:00
cc33143e956d12c68737d2ea49910386,c7212c6b00c93655491af0bddc4fd7e4,delivered,2017-03-22 15:57:01,2017-03-23 16:03:46,2017-03-29 14:01:36,2017-04-03 15:07:49,2017-04-17 00:00:00
30afa4792f6e5ee287ff87fa649e56f9,6a8e065530245694f01cc0f62044b134,delivered,2017-09-01 16:37:09,2017-09-05 04:44:19,2017-09-05 19:53:50,2017-09-06 17:33:37,2017-09-14 00:00:00
58136c793ec750208197137a718e94f4,64912840f73be40841f3675ae7268800,delivered,2017-06-29 17:06:02,2017-06-29 17:20:08,2017-06-30 15:46:15,2017-07-12 19:19:49,2017-07-19 00:00:00
28a32ec11abbac5c27adfa4d8cbc351a,57227045173898a44efa3707ce0d7399,delivered,2017-11-26 18:33:35,2017-11-26 18:53:45,2017-12-04 21:41:50,2017-12-12 13:38:32,2018-01-02 00:00:00
47f94daa7c25c51ecaab4744c6025f2d,4740646ef04bb4fe7d76985526e58afe,delivered,2017-12-12 19:09:19,2017-12-12 19:17:20,2017-12-14 17:07:41,2018-01-17 15:44:13,2018-01-05 00:00:00
a0de51cbad4f3e14a380e07a0b88ee7a,1d105baee439636393150693975dc2cc,delivered,2017-03-04 14:55:51,2017-03-07 04:03:13,2017-03-08 12:41:35,2017-03-17 12:25:05,2017-04-06 00:00:00
c6f24de5c976bfafc4a340b805c70fe7,eb0424db69f42111ab7c8e8dcb5307c8,delivered,2018-02-06 09:34:41,2018-02-06 09:50:26,2018-02-09 12:28:37,2018-03-03 11:48:34,2018-03-13 00:00:00
5ef46c939902d5213ce1ce081146a410,98eb7498d55be85bce93789b8064acbc,delivered,2017-10-29 23:03:16,2017-10-31 04:26:54,2017-11-02 00:13:21,2017-11-10 18:48:40,2017-11-23 00:00:00
927ace45edbc6f486fa5656683aa791d,9d152916f0320da486a98c2231599a4d,delivered,2018-04-05 21:50:13,2018-04-06 21:49:20,2018-04-10 20:49:28,2018-04-27 10:48:55,2018-04-26 00:00:00
507f91afedbd57681c60c5d8c447716f,c958c1fbd0747ce852aea9017838ee5c,delivered,2017-03-15 14:12:00,2017-03-15 14:12:00,2017-03-16 09:22:31,2017-03-20 07:08:48,2017-04-03 00:00:00
12c49270845b0006a7036adda4045c74,9cfce2cdb27217970f887a8c3703116a,delivered,2018-02-21 13:32:45,2018-02-21 14:31:38,2018-02-23 20:23:04,2018-03-16 16:26:23,2018-03-14 00:00:00
69140db0db6aff7d50eb3f0e8c8a5016,b1cdcbc7bfab9305894a5693c993687a,delivered,2017-06-03 09:57:33,2017-06-06 13:05:42,2017-06-06 14:10:03,2017-06-10 10:18:02,2017-06-27 00:00:00
e2cd740333fe4585ead5c50c61edb6a5,4a51cb396dec2a0c8395363ebae19916,delivered,2018-01-08 21:24:09,2018-01-08 21:50:29,2018-01-09 16:19:01,2018-01-16 22:26:45,2018-02-07 00:00:00
56adbed615cf6836302069e3a9784702,0b6a3d281b126b6fecdae5352da24cac,delivered,2017-11-24 12:47:49,2017-11-24 14:57:40,2017-11-27 17:53:21,2017-12-11 13:53:44,2017-12-14 00:00:00
6ad6a8701a498c74450b0876eda2ecb9,97b9a5321e3692d75b86417e0cd4d83d,delivered,2017-11-11 22:34:51,2017-11-11 22:50:31,2017-11-17 18:17:58,2017-11-20 13:38:46,2017-11-27 00:00:00
85f1a7c5b82d38cc3a4e8bb7111a40d2,2a337cd26f2ba55b48e0b812061d4b45,delivered,2018-04-15 23:04:47,2018-04-16 23:12:02,2018-04-17 15:48:49,2018-04-18 16:12:49,2018-05-02 00:00:00
10938b7ea022f888b8a2683a6a0fc533,3d79e35468914192eb3d1b15687d34a4,delivered,2018-04-10 16:06:56,2018-04-10 16:31:09,2018-04-12 19:31:13,2018-04-16 16:28:36,2018-05-02 00:00:00
36683f777b9845c20b2721501c1e67dc,719392a7a5473b77c7131b02a3ab1ffa,delivered,2017-05-29 21:46:58,2017-05-29 21:55:18,2017-05-30 09:12:35,2017-06-06 19:14:35,2017-06-21 00:00:00
3ee6a5145ccf8837184fe98c491e232c,7e717f19f1be475d462d048552c7e0fe,delivered,2017-12-01 17:09:35,2017-12-01 17:30:26,2017-12-07 22:10:40,2017-12-08 20:34:35,2017-12-27 00:00:00
ba69999c786ff19bdbff341ea39a3b54,f0b2c1bf100f2ca96f092740bbf1156c,delivered,2018-03-02 12:58:05,2018-03-02 13:15:30,2018-03-06 19:04:14,2018-03-16 16:11:50,2018-04-02 00:00:00
5381727270fcf411f98509c7462ea3e6,747273f8933ca373ed0b2640610e56e8,delivered,2017-12-07 17:58:26,2017-12-07 18:12:09,2017-12-12 15:08:55,2017-12-18 13:44:38,2018-01-05 00:00:00
f144d2196005dc7f715ac8e51a03ff3a,5e0e237528d42f6f95ccdae5b516e2c5,delivered,2018-03-21 12:20:07,2018-03-21 12:35:26,2018-03-24 15:03:31,2018-03-28 19:15:47,2018-04-09 00:00:00
acd8b5c9553781a42c06690b5332a9f2,6a3bfd19e5e2a0695d4fbe8bd00e15e0,delivered,2018-08-15 22:41:15,2018-08-15 22:50:10,2018-08-20 09:30:00,2018-08-21 18:25:34,2018-08-24 00:00:00
3f1cef1dad28d66ac73d711f75a8ade6,93732ed72146ae356dec2a111f0879e1,delivered,2017-02-09 21:36:29,2017-02-09 21:50:16,2017-02-10 10:49:27,2017-02-24 13:06:30,2017-03-14 00:00:00
16febac56c216c1cc40407ff81315a97,d36ad67e31081649d98206e542b056fb,delivered,2017-09-06 15:31:17,2017-09-06 15:43:32,2017-09-09 13:22:35,2017-09-14 22:35:52,2017-09-27 00:00:00
2823ed00ae59fbfb1749e613d3888384,f380ddeb72aa4358af2f9d4a9dab1da3,delivered,2018-02-20 20:38:22,2018-02-20 21:20:21,2018-02-24 01:33:28,2018-03-19 12:32:56,2018-03-20 00:00:00
60b95ae48ea59d34eeb4b8c8c6c3bb71,c3fd6b5ceb88dc05412c8419f98c7779,delivered,2018-06-18 23:10:33,2018-06-18 23:35:55,2018-07-03 15:02:00,2018-07-09 15:08:41,2018-08-16 00:00:00
768351bcdb7630b77da379eb5a54e9b3,22e7d05a63bb1bfe0b2eede7b74723c8,delivered,2017-03-11 15:19:53,2017-03-11 15:19:53,2017-03-15 10:00:34,2017-04-07 14:42:17,2017-04-11 00:00:00
48275cf565f4ea4f291da07bbbc7d330,48feef90ef337d61dbd501ba9fdec246,delivered,2017-02-12 17:28:07,2017-02-14 04:15:24,2017-02-14 08:30:27,2017-02-21 13:17:57,2017-03-16 00:00:00
138154e59536bfac1cccbc4198385c08,204d306402eabc695addca8f33c8fc1d,delivered,2018-01-15 13:24:53,2018-01-15 13:35:27,2018-01-16 17:19:53,2018-01-22 18:39:41,2018-02-08 00:00:00
74337d4b8aec7d9b18c016cff22129fe,31f52a0666897583ffda8c05eed54aba,delivered,2018-06-09 22:28:18,2018-06-09 22:59:15,2018-06-11 13:28:00,2018-06-19 21:04:22,2018-07-13 00:00:00
e5ac3ed8cb50fb70e917345ac5e9f195,cae95c9edd6def3660ee51bf1b154b9c,delivered,2017-05-17 09:07:59,2017-05-18 02:26:05,2017-05-18 13:17:34,2017-05-26 14:28:06,2017-06-22 00:00:00
a7761506ea2b30bff4d555a4bb33acc3,6f4be82841853a096ebba32e46db7048,delivered,2017-10-13 13:33:26,2017-10-14 03:46:38,2017-10-18 19:47:41,2017-10-25 21:26:53,2017-11-07 00:00:00
630851c26588ce1346328ce74a222c7f,23e04819069fd4769e34af02b09bdc3d,delivered,2018-07-30 13:54:40,2018-07-31 04:05:35,2018-07-31 13:33:00,2018-08-15 21:21:09,2018-08-27 00:00:00
2684b8d49a43f210eb2724335388e84d,56d6f579774121aac7b8ba62da225661,delivered,2018-05-09 23:26:16,2018-05-09 23:35:20,2018-05-10 19:23:00,2018-05-11 23:36:37,2018-05-22 00:00:00
ac5dbdd1bd9d027a65020cace8e357ba,d06ccb7295eb16b03e1539665c0f6e13,delivered,2018-01-20 09:47:24,2018-01-20 09:55:37,2018-01-24 16:59:37,2018-02-09 19:04:17,2018-02-22 00:00:00
84e3112c2a4f1708a00c880218f52886,b58f4730e9310e940e9f674b4cdc936a,delivered,2017-11-27 21:55:05,2017-11-27 22:17:48,2017-12-01 19:32:48,2017-12-11 20:53:34,2017-12-20 00:00:00
0113affd907a209209ab08413bb54226,e4d417e5628f278edd59031ac99c168a,delivered,2018-07-09 20:46:49,2018-07-09 20:55:27,2018-07-16 13:48:00,2018-07-31 18:26:36,2018-08-06 00:00:00
dfcf78d03c529afb0f155890a276536d,acefe4b95b6fb69d2ab2ff6f84c31a49,delivered,2017-07-02 18:47:09,2017-07-02 19:03:46,2017-07-07 15:39:50,2017-07-12 18:19:48,2017-07-14 00:00:00
2ca72b762bd6252e6d2ffb6188556add,26480f610ed26b28b18d2dbc0e0f3efb,delivered,2017-12-14 15:15:06,2017-12-14 15:31:27,2017-12-15 23:28:49,2018-01-05 19:55:06,2018-01-12 00:00:00
403ee67b92b2fc4c2c2ece77d61b168c,ad38953c83078a2435f08d54d39ee7c9,delivered,2018-05-05 11:09:09,2018-05-05 11:33:42,2018-05-08 14:33:00,2018-05-11 14:57:03,2018-06-12 00:00:00
d27cfc6c8d78bf11f6a4718f21ef6b01,1b4619c88bc267fa3b710ac3ca68800a,delivered,2017-02-20 16:53:03,2017-02-20 17:05:12,2017-03-02 08:27:02,2017-03-09 06:08:01,2017-03-29 00:00:00
e327b1f61853b5d93ba0c53bf998b557,dd742ad37209136e32c9530457372fe9,delivered,2017-04-01 15:42:51,2017-04-04 05:55:25,2017-04-05 07:23:05,2017-04-25 15:16:33,2017-05-09 00:00:00
ccb379daf2809ecb372b357caf254c33,1b7d58a6ba4bcfa32aea12da4a864b36,delivered,2018-07-29 12:29:55,2018-07-29 12:44:21,2018-07-30 15:15:00,2018-08-01 16:12:07,2018-08-09 00:00:00
21787a9b049d1651878b1a9bb3fec657,eb09ef2f28cf8c053eda6a633347f73d,delivered,2018-04-06 17:16:18,2018-04-06 17:30:23,2018-04-09 18:28:52,2018-04-17 02:02:21,2018-05-03 00:00:00
54712d4ca80b81caac326c16fafc300c,b5ebd20931e0aa305e53e7a18d65bb06,delivered,2018-06-14 16:33:24,2018-06-14 16:58:32,2018-06-18 12:11:00,2018-06-25 20:12:16,2018-07-20 00:00:00
9de58a725e435fc7ff5d41e6d8691788,f0f4a52656c30d79da81bc6b0057ddd8,delivered,2017-02-04 18:25:15,2017-02-04 19:04:42,2017-02-20 08:46:05,2017-02-23 16:44:39,2017-03-15 00:00:00
2b4b4a22de76a4cc703a9d68cb690bae,0cbce6934c79d9c012e64ce1daad6750,delivered,2018-07-05 14:55:32,2018-07-06 02:55:10,2018-07-17 07:48:00,2018-07-23 16:54:45,2018-07-31 00:00:00
50cbc0ce14ba62ab76c2c353dbf6bb7d,6e4fce89806ba59751307949337ed655,delivered,2017-10-09 12:17:50,2017-10-09 12:49:15,2017-10-10 19:43:49,2017-10-16 21:43:17,2017-10-27 00:00:00
3c3a231d25bdc9110e295bd809ac5e08,d2655a7659f341c72e6b8752a83ca5be,delivered,2017-11-26 10:53:19,2017-11-28 03:31:33,2017-12-01 14:12:37,2017-12-07 16:28:37,2017-12-20 00:00:00
ab500cb1d60a0e2ae7ce02ef4e8236d9,0517275619c2cf3f948fd80048339422,delivered,2017-10-18 23:22:07,2017-10-18 23:32:39,2017-10-20 17:10:13,2017-10-26 18:32:55,2017-11-07 00:00:00
f0acba5e31c243b3ba15fc908e1c0034,7c1566a8236807fdd72aaa3c44c1d3d4,delivered,2018-01-14 15:14:16,2018-01-14 15:28:33,2018-01-15 21:21:49,2018-01-21 14:08:08,2018-02-14 00:00:00
338d127554d67a15cb4e257742847056,13a6bcc8613c796033664f81fec6fc70,delivered,2018-01-31 08:51:08,2018-02-01 08:51:26,2018-02-01 19:26:03,2018-02-16 12:35:21,2018-03-02 00:00:00
7a47bfd32ec0555c396657f5d98ef7b7,887ab28169b9f7f2729f991d0b1eb3ee,delivered,2017-12-24 19:51:20,2017-12-24 20:08:10,2017-12-27 15:33:18,2018-01-05 19:23:16,2018-02-08 00:00:00
11b6318ec732b94b5593c66ef1f37863,2eeafd9d0467198f7d94fabf020d86e1,delivered,2018-05-16 10:47:06,2018-05-16 11:19:00,2018-05-17 13:07:00,2018-05-18 22:12:44,2018-05-24 00:00:00
5b8d793745f3ac9e033f77ff0f8ea88c,e50282a57bfcb1996979f08a9c82c765,delivered,2018-04-25 12:58:56,2018-04-25 13:15:08,2018-04-26 11:56:00,2018-05-23 17:13:25,2018-06-05 00:00:00
19a321ecdcd24cde55aa21aef3693080,9f74f559f6013fc7c526c3333c7ebc2b,delivered,2018-03-27 16:28:09,2018-03-27 16:50:52,2018-03-29 18:39:16,2018-04-11 22:07:28,2018-04-13 00:00:00
965a6495fa9d7529c9de27134b8698c6,d0247c28374e4e18ae76a079b07f69e5,delivered,2017-11-09 12:46:52,2017-11-09 13:07:52,2017-11-13 20:44:48,2017-11-18 12:28:36,2017-12-01 00:00:00
01946da9e2db8bab61d79296c037ee1f,14532f1320645821a6da04e049dc6b53,delivered,2018-01-06 17:48:40,2018-01-06 18:06:39,2018-01-08 17:42:45,2018-01-25 19:41:06,2018-02-06 00:00:00
3c153f5d35e78b843022376a66dac30d,6d4c670ec12bca4a383d5841d79f5952,delivered,2017-11-24 11:35:33,2017-11-25 20:17:25,2017-12-01 15:09:05,2017-12-12 14:23:52,2017-12-19 00:00:00
7106d4481a2ba708b934d912e3b4413a,11024ab79fef63ba4aba813bd23823f0,delivered,2018-01-29 19:47:14,2018-01-29 19:55:28,2018-01-30 21:38:54,2018-02-16 19:13:30,2018-02-23 00:00:00
55b2ad4123def9f023f3196c460badca,c813e3d2a88b76286dde28c40fe181c4,delivered,2018-02-13 14:35:25,2018-02-13 15:08:01,2018-02-14 19:27:36,2018-03-19 18:46:31,2018-03-12 00:00:00
31dc5103a73f31b15f42c3a5367efcf0,7abd77b51deeabe8ad9fb72b41459570,delivered,2017-11-24 23:22:30,2017-11-25 02:15:37,2017-12-04 16:27:41,2017-12-26 16:52:09,2017-12-18 00:00:00
8644d20fc1d990622fd19bd143ea7abd,0475a2c07b935b757ebcf4a0cbf8c332,delivered,2017-05-30 18:18:37,2017-05-30 18:30:14,2017-05-31 10:33:06,2017-06-05 14:07:02,2017-06-22 00:00:00
5cee1e12f1ce78f2ded0e50055aaf638,079954fc02a0b0ded54465ecc1f1e6cd,delivered,2018-05-20 16:52:56,2018-05-20 17:10:25,2018-05-21 10:34:00,2018-06-08 22:24:58,2018-06-25 00:00:00
df8c077268f7f3baaac0892eb3143642,5bfe800011656c0afb81db64519982db,unavailable,2017-02-01 00:04:17,2017-02-01 00:30:55,,,2017-03-10 00:00:00
d10a096222e79b442a554b53eab60f9f,f2bfe91c73291dd12b088dbbf7c4b1f7,delivered,2018-02-05 00:42:57,2018-02-05 00:56:08,2018-02-06 17:04:29,2018-02-14 19:52:57,2018-03-06 00:00:00
4820438862b5615d0c4b3d7c2ae30855,021987f5dabdb8e550dc74b02d6e2371,delivered,2018-05-11 18:51:07,2018-05-11 19:08:32,2018-05-15 15:06:00,2018-06-07 15:52:38,2018-06-05 00:00:00
a767d7ce801115c680495fc2ecdf36a3,9924d9f4a1fe48aa591d0f4b596a0ec6,delivered,2018-04-16 17:36:55,2018-04-16 19:11:21,2018-04-18 17:05:01,2018-04-25 23:58:32,2018-05-14 00:00:00
f1d6087db90cd2b8feb467f5924d4f08,db413ec55ca6ad5b093d08c564cf9a9a,delivered,2018-08-14 17:26:41,2018-08-14 18:23:55,2018-08-18 08:43:00,2018-08-21 12:35:38,2018-08-22 00:00:00
83f6cb8aeb5110d722e025c724011f06,992a21aa47aee416164fb221a5880370,delivered,2017-03-08 15:34:05,2017-03-08 15:34:05,2017-03-14 15:09:29,2017-03-22 08:38:41,2017-03-27 00:00:00
7e0116db05fb76773a33ff4e6e9b841e,6dfb2961d9ace9cef6f6754b38ca3845,delivered,2017-11-24 23:44:54,2017-11-25 02:32:48,2017-11-28 17:12:17,2017-12-18 23:08:10,2017-12-21 00:00:00
b57b3958cf9a3e784bef1df23bc9b9fa,59ffee5e19c99f7991b5e57f452bbb3b,delivered,2017-11-23 23:19:10,2017-11-25 03:51:35,2017-11-28 15:46:45,2017-12-23 00:03:34,2017-12-26 00:00:00
d077e337c81f9e6f14dd798fe60d90d0,9cd1932f6366005d7fc2819e4b524941,delivered,2018-05-08 21:36:29,2018-05-08 21:52:09,2018-05-23 12:59:00,2018-05-25 21:38:19,2018-05-30 00:00:00
6ae15bd9804be2bd1217f4583325802f,58eef387307ca6f5acbe151dbd4d1b10,delivered,2017-03-15 23:09:18,2017-03-15 23:09:18,2017-03-16 10:06:56,2017-03-21 12:05:45,2017-04-03 00:00:00
b691ffb0177f480a9a5eb8772050bb2d,5d8e9bf326847e0aff523d2a032bbfe6,delivered,2018-05-30 16:20:16,2018-05-30 17:57:34,2018-06-01 15:12:00,2018-06-08 00:38:25,2018-07-04 00:00:00
f3d15fc6394b30a6a35e4c3886208777,e34d70554db55ce4dc72e27ebaa26a3b,delivered,2017-07-25 12:12:24,2017-07-27 10:10:08,2017-08-04 21:10:38,2017-08-22 20:43:10,2017-08-22 00:00:00
14c99dc23c614159bed88378c219456d,9f340837a355b99272f81b612f396566,delivered,2017-08-06 22:22:24,2017-08-06 22:35:16,2017-08-10 19:52:25,2017-08-11 18:00:04,2017-08-18 00:00:00
93feaaf6bcd5ebfd8e50ddca7a8e3d0a,3114d637f54a47ad83603a3cbfccb511,delivered,2018-07-20 21:19:51,2018-07-20 21:30:45,2018-07-23 14:13:00,2018-08-16 21:59:01,2018-08-31 00:00:00
0893ae2dd572c400965d60fa77f45076,32e2b0ae693a8b4699e23eebb370dea3,delivered,2018-07-18 10:23:33,2018-07-19 04:35:16,2018-07-19 13:26:00,2018-07-24 14:58:37,2018-08-06 00:00:00
789ad4169dcd29dce4417a113de1e0a0,2b694db51dee9b81a5e3d0fdef04f3c6,delivered,2018-02-28 18:01:37,2018-02-28 18:15:37,2018-03-02 01:15:07,2018-03-13 20:06:23,2018-03-19 00:00:00
bb4648eb654b7296660ddcbc2ac64c0f,3436830523f11956f158565d582de289,delivered,2018-05-27 15:56:17,2018-05-28 15:56:22,2018-06-06 08:20:00,2018-06-20 18:18:22,2018-07-05 00:00:00
8b3ad20d8b8078adcd5384b69742b1c1,d881deecb3eb4abd1661984f8429ed1e,delivered,2018-02-06 22:17:40,2018-02-06 22:31:35,2018-02-07 23:12:37,2018-03-05 18:09:44,2018-03-06 00:00:00
56f4b702b959eee297b018acdb60c380,2d90c7d62a912282ac15ea7d3f09a075,delivered,2018-02-01 11:43:40,2018-02-01 11:55:46,2018-02-14 23:47:07,2018-02-21 01:27:04,2018-02-20 00:00:00
d77cf2f162aee9c140d2b98ed09019c9,608e2ee5f057c6da607b3fcceeac2cda,delivered,2017-11-24 23:37:48,2017-11-25 02:19:28,2017-11-28 21:28:54,2017-12-29 12:54:05,2017-12-20 00:00:00
4799c38fa3f9263d65b42c5f923538c6,b9da07b57372061cd82dbb1df5a6cfd2,delivered,2017-01-24 09:42:13,2017-01-24 09:50:17,2017-01-26 09:42:38,2017-02-02 15:52:00,2017-03-07 00:00:00
1d301b935a2555d96600d432bbf859b9,71b4c6e6533aedf91badc5276da1b344,delivered,2017-12-13 15:58:33,2017-12-13 16:10:55,2017-12-14 18:41:52,2017-12-22 19:48:59,2018-01-11 00:00:00
6632888390f3af5ed95c013591e1d625,bcb15fe39a9e338031254851ada7c6d7,delivered,2018-04-23 18:27:04,2018-04-24 18:58:33,2018-04-26 13:50:00,2018-05-03 20:58:58,2018-05-10 00:00:00
021645306ea1563079aaec6e96f20d38,765f69252734ee67b9b129b30f8220a3,delivered,2017-04-01 21:57:17,2017-04-01 22:10:16,2017-04-10 15:57:03,2017-04-13 14:26:47,2017-05-10 00:00:00
6d8102dfb9acad707f6e15b413270621,cbc1a4a40e7aa73b36fc4ba3e3bb663c,delivered,2018-04-07 21:15:34,2018-04-08 21:10:54,2018-04-10 00:28:47,2018-04-10 17:19:22,2018-04-20 00:00:00
043e7f7cfe1fdc68f4ba3dc83504db83,dde9aa56108832961eb53e80ac4a2e5e,delivered,2018-07-02 22:03:59,2018-07-02 22:15:15,2018-07-03 12:46:00,2018-07-11 21:48:23,2018-07-27 00:00:00
5016bbd9915b475906c3e5db8f45bfe6,761c1b5ba804fd172684d5c85ef49c07,delivered,2017-11-26 00:27:46,2017-11-26 00:33:31,2017-11-27 22:14:00,2017-12-19 21:13:40,2017-12-20 00:00:00
707c5f99c91cb848fec1431b02073446,4c803d00555aca1e29dfbd31d29a3218,delivered,2017-11-19 14:22:35,2017-11-19 14:30:22,2017-12-14 11:24:43,2017-12-14 19:22:57,2017-12-07 00:00:00
f5c6d2e1e505748547e4ae426b377168,5f04a7c4f329379b5cc02038ce8380c8,delivered,2017-11-25 09:55:46,2017-11-25 10:14:50,2017-11-28 20:26:52,2017-12-12 17:24:13,2017-12-18 00:00:00
722240f8e46028995a04cc68f3fc1602,41ade4b6eed921a3540bc9b279575b64,delivered,2017-06-08 11:45:38,2017-06-08 13:06:02,2017-06-12 04:42:37,2017-06-19 21:25:44,2017-07-13 00:00:00
feebdfdb4759bd4600d52547c81b4fa8,5c296f7939550b876425980a5d7da5ce,shipped,2017-09-25 08:57:20,2017-09-25 09:10:09,2017-09-27 15:18:41,,2017-10-24 00:00:00
75f6fc813634864d90b8460cb0133b7c,fb765a48e9f6c36764e23c01eaa9547d,delivered,2018-05-21 14:25:08,2018-05-21 16:14:15,2018-05-22 13:55:00,2018-06-07 20:18:41,2018-06-06 00:00:00
8310cdbd05266e3cd7777e012ad9e5ea,7142bbfac897d769be7eee19aa1a9242,delivered,2018-05-01 20:35:21,2018-05-01 20:55:32,2018-05-03 06:31:00,2018-05-08 23:46:35,2018-05-22 00:00:00
eda3cb37479a52de9848bfba4b805cdf,6a511c608ca737b62ce160178b17ca5f,shipped,2018-05-04 12:55:43,2018-05-05 03:33:38,2018-05-07 15:05:00,,2018-05-29 00:00:00
3794637715d8b081505b74d3274f9c4c,a84befba87db6aa26de1a34fc2d72e9c,delivered,2018-06-16 23:35:17,2018-06-16 23:55:04,2018-06-18 08:26:00,2018-06-27 13:26:24,2018-07-13 00:00:00
79e843f791612177a6bb9f948f96f904,a27d37b50d5647c132898b4fbb6782e9,delivered,2018-06-18 15:34:13,2018-06-18 16:40:26,2018-06-19 14:45:00,2018-06-20 19:24:25,2018-07-03 00:00:00
d0f997047dcce0d9a1f963e986802d25,cf20ab97b8305782e315823c68c7eb22,delivered,2017-11-22 21:32:02,2017-11-22 21:46:21,2017-11-27 13:51:57,2017-12-01 22:51:35,2017-12-11 00:00:00
14c7dfb8e61a3df193f153c72a99a3e5,19ee522d0dd140702062bb89e4820e19,delivered,2018-05-16 12:12:10,2018-05-16 12:39:24,2018-06-04 07:18:00,2018-06-05 20:07:46,2018-06-04 00:00:00
8726f6a81f4ae5a390e7e638a31e9a21,c96e84fe010b6c64f16216b8786fa0a9,delivered,2018-06-03 00:37:51,2018-06-03 00:51:23,2018-06-06 12:06:00,2018-06-26 21:35:36,2018-06-28 00:00:00
a71ebda57a67e6349ab52539913f78d8,324ec4addc12b40f3f4223fc376185fb,delivered,2018-07-26 16:24:10,2018-07-26 16:35:10,2018-07-27 10:32:00,2018-08-02 22:22:43,2018-08-10 00:00:00
fa5dc4c3b8326a0da88dc49b20e0ed27,6311060a7264023c715502f1608b1147,unavailable,2017-11-17 20:08:03,2017-11-21 05:09:15,,,2017-12-06 00:00:00
67b0499c2ebfc14f8d5f507ac029a683,40ca21e6d30779f6bbe94376d5126f4f,delivered,2018-06-15 22:14:48,2018-06-18 16:23:16,2018-06-19 14:15:00,2018-06-22 17:32:29,2018-07-05 00:00:00
715d1b25b622ce303939e77c3aaa03f1,72fbf3e6bf841e7d04042b8358883f9e,delivered,2018-06-22 00:15:15,2018-06-23 01:40:29,2018-06-25 13:45:00,2018-06-28 18:35:51,2018-07-05 00:00:00
73e0c0e9d14c86750d2df4a0d74eff29,0c19a47cf78648bc68d3e9e3d4fce3bf,delivered,2017-02-11 19:26:46,2017-02-11 19:42:57,2017-02-15 10:42:01,2017-02-20 16:22:54,2017-03-14 00:00:00
4b28afe5e25f1d2fb8ea4e378b25496b,b7dd7189f7d7dcd2556ad47bc91bd5d2,delivered,2018-04-17 00:29:51,2018-04-17 00:50:17,2018-04-17 21:56:52,2018-04-20 23:22:04,2018-05-10 00:00:00
64cc5ef24e102ee02c47f7a1967b8d27,9f0534f3d0fb02a05113bfdda441c899,delivered,2017-06-05 22:37:25,2017-06-07 02:45:30,2017-06-07 13:00:44,2017-06-14 11:20:02,2017-06-26 00:00:00
b1052e92ac8aabc3374c0a9bfdd33c41,3946163f3eb34032e2d75ff2b885fb98,delivered,2017-07-28 22:01:56,2017-07-28 22:15:13,2017-08-02 19:12:16,2017-08-09 16:55:44,2017-08-29 00:00:00
813e757cecde8eee7af8d87fea8e50f1,662cd9737f0a4fd525c2c1c5f82fe3de,delivered,2018-04-25 19:47:20,2018-04-25 20:31:40,2018-04-26 13:14:00,2018-05-08 20:22:15,2018-05-18 00:00:00
00faa6afcde74aaa630e1d2fda2bb0f7,44344e9f944a5692177be10177f62fba,delivered,2018-08-01 13:24:27,2018-08-03 02:45:18,2018-08-03 11:14:00,2018-08-10 14:52:54,2018-08-24 00:00:00
0fc2cdf979f0036ab67e726cd3131e05,2bb93fcd989e0b0e65a0be9461d00470,delivered,2018-04-03 23:14:59,2018-04-03 23:30:13,2018-04-04 19:22:23,2018-04-05 20:32:02,2018-04-16 00:00:00
0cde8327c49577c3c0fed91e084daef5,4cc465bb8ccb079ba561852ffa794668,delivered,2018-03-27 19:07:09,2018-03-27 19:15:17,2018-04-03 23:05:16,2018-04-07 15:28:33,2018-04-09 00:00:00
dae91c4dced184f9ead8277e600b44a2,418e716dda4e353467a4f770a0bae939,delivered,2018-07-18 13:28:54,2018-07-18 13:42:15,2018-07-19 14:35:00,2018-07-31 10:18:31,2018-08-07 00:00:00
7f6ec42fa02aab4e3d25656e81bc7c8f,988d29f01ed741501d1f99f5e30941b6,delivered,2017-11-20 23:07:17,2017-11-20 23:14:33,2017-11-21 17:09:00,2017-11-30 15:49:01,2017-12-15 00:00:00
110e8ac89d295b26aff6fc751c94dbec,0680461a4a1e26dbd29a3d3445bf4a5f,delivered,2018-01-21 21:21:03,2018-01-22 14:00:47,2018-01-24 17:49:18,2018-01-31 21:14:09,2018-02-19 00:00:00
6bd0fc624485f2d1ad4aad6df1569d1a,59d13303f9c4b0eee305ba2b914901d8,delivered,2018-08-15 20:14:22,2018-08-17 03:29:53,2018-08-17 14:33:00,2018-08-24 20:03:03,2018-08-31 00:00:00
263b107695b98c10b2f5c6c16c246c3c,8193ad96bbfedb190cb2ed97d48bfb85,delivered,2018-06-09 11:59:19,2018-06-09 12:20:18,2018-06-11 12:21:00,2018-06-19 20:35:27,2018-07-04 00:00:00
d190d15996631437cb3efddfa547aba9,b9f86a618dc82af6999e68085f2e7c57,delivered,2017-07-04 16:55:21,2017-07-06 03:25:36,2017-07-07 18:37:57,2017-07-12 18:04:05,2017-07-26 00:00:00
ef29d8249c4f5670c259bda87461e3e4,3a31dade13063f1e0591135c8d811491,delivered,2017-09-14 18:52:30,2017-09-14 19:04:52,2017-09-15 16:15:35,2017-09-22 20:57:49,2017-10-04 00:00:00
99e4bed65a545aa74dfbdfe233f052a5,54b6f1f21ebb3358d8aff74164294c37,delivered,2017-06-26 11:27:02,2017-06-26 11:43:25,2017-06-26 14:57:29,2017-07-07 19:05:06,2017-07-18 00:00:00
84869ba3df14629b57ca40c491a842e6,8000d8c2201ad0577d5f459c6325ccdc,delivered,2018-07-27 13:50:48,2018-07-27 14:31:19,2018-07-30 10:11:00,2018-09-14 17:11:19,2018-08-13 00:00:00
5aa07c882829a16d874ae4f8538504e1,571adf7ec010018c07153bc155499a7b,delivered,2017-08-15 21:53:17,2017-08-17 03:05:59,2017-08-17 19:39:56,2017-08-24 20:23:35,2017-09-06 00:00:00
131b770dae46d4fbf6e9a62a1b177ed1,ac6658acc9dcfe36bd3965a83e957861,delivered,2018-04-11 23:14:26,2018-04-13 12:50:26,2018-04-19 14:28:52,2018-04-25 13:33:24,2018-05-03 00:00:00
b7d0e451b92a8719276a9f822fa0dd1f,75e0705d6dc5fb48c6976d5282804372,delivered,2018-08-14 06:30:49,2018-08-15 06:25:17,2018-08-16 08:59:00,2018-08-17 21:11:12,2018-08-21 00:00:00
aa5b3532eb2e8a4ae2c9f1043e070404,6c1b0541320aabbf2c793b921abb58d6,delivered,2017-08-25 14:41:08,2017-08-25 14:55:11,2017-08-30 21:14:25,2017-09-06 21:33:59,2017-09-19 00:00:00
a4c7db3bf41a4d09d2a5166346366be5,3e8ebf448d13904855775c75023cccc8,delivered,2018-08-05 14:21:53,2018-08-05 14:30:14,2018-08-06 09:35:00,2018-08-13 23:49:33,2018-08-15 00:00:00
28fb72e69040221a2e471a51c251f8da,957fb38c0094991e3e8a12fa2c1b31b9,delivered,2017-08-16 16:04:50,2017-08-16 18:10:18,2017-08-17 18:29:12,2017-08-29 12:36:52,2017-09-08 00:00:00
0bc97d91a9a3a1923234614958556071,725cb0062f2215d2f731bef5957d1faf,delivered,2017-09-30 16:14:28,2017-09-30 16:28:15,2017-10-04 16:55:14,2017-10-25 20:42:48,2017-11-22 00:00:00
f0536754654db1ab9ce4d7c1d369276b,3aa3f654a4fae1c0c53fcd842e47aaa1,delivered,2018-02-18 22:08:38,2018-02-18 23:26:57,2018-02-20 22:18:49,2018-03-02 18:37:54,2018-03-16 00:00:00
49f02b4e9f14707b1cb78c09ecb89ed3,ae6c6553b187988bbde207168e472585,delivered,2017-04-25 17:46:45,2017-04-25 17:55:31,2017-04-26 23:48:01,2017-05-29 17:27:37,2017-05-25 00:00:00
617aa5cf4b76fa15872c99667d8cc833,f5ab2251d475bf866925654740757b07,delivered,2018-05-22 10:22:36,2018-05-22 17:15:27,2018-05-23 11:14:00,2018-05-25 19:46:31,2018-05-30 00:00:00
fae6817170e0509473149b11bdb8e285,eebbe9b118ceca3679d622d2a1d92719,delivered,2018-01-03 18:41:22,2018-01-03 18:52:30,2018-01-05 21:05:42,2018-01-09 20:10:32,2018-01-31 00:00:00
fd9b5a4a4e319a975fc817ff0254cbd4,2ed2fba1bc0c0ad69afa253c766593fc,delivered,2018-04-16 21:57:27,2018-04-16 22:49:48,2018-04-18 22:58:31,2018-05-01 02:34:50,2018-05-11 00:00:00
890b21d0a6f89b73074c93af0c1c6eec,93ff86c9d97f22bc78a6f8b0d900f679,delivered,2018-05-18 13:30:55,2018-05-22 09:36:09,2018-05-22 13:57:00,2018-06-07 11:05:21,2018-06-07 00:00:00
7a9197f998e7889b9e93303ec3dac531,154b6ed9a731645fee1a751fea80076c,delivered,2017-07-08 17:41:10,2017-07-08 17:50:20,2017-07-10 14:58:02,2017-07-17 19:32:54,2017-08-01 00:00:00
51119a98965b7d1f2fee96f39ad86695,017ffa5794b42a3527159bc0aff69a62,delivered,2017-05-02 15:37:00,2017-05-03 15:45:25,2017-05-09 16:12:23,2017-05-15 13:52:02,2017-06-01 00:00:00
a6e8ad5db31e71f5f12671af561acb4a,dc346937cb5225f924af026092e4996a,delivered,2018-08-08 16:05:08,2018-08-08 16:15:21,2018-08-09 16:13:00,2018-08-14 17:57:35,2018-08-16 00:00:00
afc7d4ca1aa5030cdb685010ed145c70,82f6a7b92692b8658dcde6117abdea48,delivered,2018-01-02 10:19:18,2018-01-02 10:31:31,2018-01-09 20:59:26,2018-01-15 23:33:49,2018-02-08 00:00:00
cfec3311b95bf95d0d8d30e4ede143c8,dbba692279feffca33cacac80a04a0ec,delivered,2017-02-08 12:01:45,2017-02-10 02:55:33,2017-02-13 08:09:03,2017-02-21 12:11:35,2017-03-10 00:00:00
c4647bef360696ee22e3644d2ff31a21,e22f85590d676d5b37532c7d5e8347ca,delivered,2017-12-24 00:13:16,2017-12-24 00:19:28,2018-01-02 22:37:13,2018-01-10 16:27:51,2018-01-29 00:00:00
807cfbea3c04fa82a5bfda36d63e88d6,17b7724e770d6c20971072aa6e672734,delivered,2018-07-25 15:35:55,2018-07-25 15:50:19,2018-07-26 12:04:00,2018-07-30 20:04:34,2018-08-08 00:00:00
acf02c5ab56a3df0a845ccd5cec4e057,31b9b42d16fa584c55c792555dd4360d,delivered,2018-01-08 11:12:11,2018-01-08 11:28:09,2018-01-10 17:52:52,2018-01-15 17:03:37,2018-02-05 00:00:00
53d06d4e404736f8d7d8795474e5845d,1b821d88761e953317becd1561e7d434,delivered,2017-09-25 08:56:14,2017-09-26 04:04:28,2017-09-27 19:13:42,2017-10-10 19:50:15,2017-10-27 00:00:00
bf351cedb18cc34fc1bf14f882156e40,507fd1858c4a4323ba84d2d884273832,delivered,2017-12-03 13:55:09,2017-12-03 14:13:33,2017-12-06 21:22:22,2017-12-28 22:33:08,2018-01-04 00:00:00
68f22824fa054075c52f660019cce134,c32c81e28e06a9bb6d3b24878e1caa05,delivered,2018-05-31 11:39:55,2018-05-31 11:51:20,2018-06-01 14:11:00,2018-06-11 18:58:36,2018-07-16 00:00:00
a47dd39bbaabbd5ae4ea18dd43cdef11,78b4a497874ceabb1f3dd6bb862b9713,delivered,2018-03-11 21:37:09,2018-03-12 21:30:22,2018-03-14 02:12:35,2018-04-26 18:38:49,2018-04-05 00:00:00
fd73324057cc65cae5776cf4bc9ff56f,19f23438124b802768aabbef91d4ecea,delivered,2018-04-16 18:10:14,2018-04-16 19:11:31,2018-04-20 00:24:42,2018-04-20 16:44:45,2018-05-02 00:00:00
1aa6dcae07029eb10e20eaa903ce9636,ef50d20cc1ac3214564b0f6d3d63ed64,delivered,2018-04-30 11:37:25,2018-05-03 04:35:16,2018-05-03 13:16:00,2018-05-07 22:18:34,2018-05-21 00:00:00
8badb85035ae9283c53e42b0ab697410,66aa7eb2404b076d9883feb24ece3f14,delivered,2018-08-06 09:18:32,2018-08-06 09:35:09,2018-08-07 12:11:00,2018-08-14 18:56:42,2018-08-23 00:00:00
481a51f75cdfb2f0a592648739dfb8cf,dc4dbafb39aecfe8d561171fb2793d5e,delivered,2017-12-28 16:26:41,2017-12-28 16:38:26,2018-01-12 00:35:46,2018-01-17 22:05:45,2018-01-23 00:00:00
0d3adebce4bebc1f80a7f36e9833f497,a7c87c25dbdded68c26c640582cb5ddb,canceled,2018-09-03 18:40:50,,,,2018-10-02 00:00:00
31d2d973ab3772f718de008bfacc3d07,9d408eba773d0ed51cf8e3c398bbd72f,delivered,2017-08-15 18:51:26,2017-08-16 03:30:18,2017-08-21 13:06:17,2017-08-22 22:17:54,2017-08-30 00:00:00
556a840ca8df33d08ff39fed4a28792b,3e90f244f79cec7fbaba94c4cf081f3c,delivered,2018-08-01 09:54:54,2018-08-01 10:31:44,2018-08-01 15:59:00,2018-08-15 15:09:53,2018-08-23 00:00:00
b9978fd04acfedd507165e3f7ec97b05,15f01f6f68d778e5adcafe2216db0945,delivered,2017-11-24 18:19:17,2017-11-24 21:35:51,2018-01-04 21:03:47,2018-01-16 20:12:40,2017-12-18 00:00:00
0baa56401ae212e308d73cba2911ae20,4f8fe4b823a5dd42a7e42bd5cbdd985d,delivered,2018-03-10 11:38:42,2018-03-10 13:08:27,2018-03-14 00:21:31,2018-03-19 21:41:38,2018-03-28 00:00:00
995ecfdb2406d9b579cf84368f42e7a0,b5121f7fd1b0aa4addd65853b3b2e1b6,delivered,2018-02-10 18:25:06,2018-02-10 18:48:14,2018-02-16 17:33:25,2018-02-28 23:16:50,2018-03-14 00:00:00
18b7eabb777a9afcf244fac3c27f3391,da67a008e8bbd5c0c6e6f9ae44121d84,delivered,2017-11-27 20:04:29,2017-11-29 02:17:03,2017-12-07 01:27:41,2017-12-13 16:29:08,2017-12-20 00:00:00
f54b76164346da8a6015b7e92a645f58,607e0ec914dd874eb698c705093fa73f,delivered,2017-11-27 16:02:39,2017-11-29 02:19:52,2017-11-29 17:18:00,2017-12-11 19:38:44,2017-12-15 00:00:00
2f051c48f79c5d8bd789e2f51f24700e,2506353d8e7d5df20d0da907b6c5aac0,delivered,2018-08-08 22:13:19,2018-08-08 22:25:12,2018-08-15 13:36:00,2018-08-23 13:54:35,2018-08-24 00:00:00
5a90df645c69ff1165894c2f2c11e1cc,fc72a2bc404989848c8afa35fab9accc,delivered,2018-06-04 17:02:06,2018-06-05 17:14:58,2018-06-08 14:02:00,2018-06-20 19:52:01,2018-07-16 00:00:00
003edccf16bc5ec447f592913b3df2b4,ab3642244247c0c638253fe68ee4c345,delivered,2018-07-07 09:02:51,2018-07-07 10:15:21,2018-07-13 14:11:00,2018-08-02 23:07:33,2018-08-03 00:00:00
5b397bd9f4b5824b8bcccd02f062bdcb,ab33d614535376ac075ef3f164f9bda7,delivered,2018-05-12 16:39:25,2018-05-12 16:55:27,2018-05-15 15:17:00,2018-05-18 17:07:38,2018-05-30 00:00:00
e69c09a33d9b7edf03204eb2f7e828b1,ef3c615b55eb1d05a3edac12405268c3,delivered,2017-05-15 12:51:44,2017-05-15 13:10:15,2017-05-16 16:06:26,2017-05-19 12:30:09,2017-05-24 00:00:00
dfb6faf0797af302d9074ab52d997f68,5837febb7dfeda8c90ea7ff652f980b2,delivered,2018-01-09 10:26:56,2018-01-10 10:32:39,2018-01-17 16:46:45,2018-01-18 20:21:46,2018-01-26 00:00:00
e5266bf70f5e421e61c8df95a55ae917,bebf28180d9c37aad1ee418004188eec,delivered,2018-04-11 21:56:45,2018-04-11 22:10:16,2018-04-12 22:57:24,2018-04-20 13:48:46,2018-05-21 00:00:00
b0742e6cd15cd84cf91b637b0b601d77,f19beee41a937253515eac4b47aaa81b,delivered,2018-04-12 19:18:18,2018-04-12 19:30:13,2018-04-17 23:24:34,2018-04-26 15:40:59,2018-05-09 00:00:00
2c6c5c881336bcec2d8c89cb05184a81,8cb759609b468ec8d01195f328535068,delivered,2018-03-26 18:45:21,2018-03-27 18:49:00,2018-03-28 19:02:35,2018-04-03 22:22:43,2018-04-23 00:00:00
c98ec8cb960d61c4375413b70f225104,bfe94f549c2eaf050dfcb6332b9ce759,delivered,2018-04-29 20:44:57,2018-04-29 21:10:04,2018-04-30 13:27:00,2018-05-12 02:08:47,2018-05-25 00:00:00
875e0781ef9c68f87a5d998f87502891,25444fc37980f07edb5b68ee7de4468b,delivered,2017-06-13 03:31:45,2017-06-13 03:42:45,2017-06-13 11:03:00,2017-06-29 17:02:43,2017-07-18 00:00:00
3778f227b2036fdc76e56d070ea45c8b,524d837e3425c24c61000a639ffe2f4f,delivered,2017-10-20 14:46:53,2017-10-20 15:05:52,2017-10-20 20:42:09,2017-10-25 20:27:44,2017-11-08 00:00:00
2596b6e257bc5fb3e104adb5ca0c41ad,85bc87d9673932d86363aa6616850eb0,delivered,2017-08-27 10:31:39,2017-08-27 10:45:07,2017-08-28 13:43:06,2017-09-04 16:04:35,2017-09-20 00:00:00
61ff26ac3b205fc54a7431bb3b032cf0,e7bcaff19f8b12cf07de86e2796652d3,delivered,2017-09-11 22:36:52,2017-09-11 22:45:26,2017-09-21 20:13:58,2017-10-01 15:04:07,2017-10-04 00:00:00
f84142abcd970057a7ed92e21b1fd33b,5134c65c1978c45add46996351adb242,delivered,2017-08-15 16:43:59,2017-08-15 18:24:54,2017-08-18 18:49:32,2017-08-21 13:53:25,2017-08-28 00:00:00
30f3565c987f787c24733cdb37313a0c,6621fc803c8d57a9007f43d50c52694e,delivered,2017-08-31 13:21:36,2017-08-31 14:00:11,2017-09-01 20:22:25,2017-09-11 19:42:34,2017-09-22 00:00:00
8fb220d5401020315f24eaba44d2e77b,8e71dc840067c82e8b4ac32521c9bcb4,delivered,2017-12-07 09:27:23,2017-12-07 09:34:35,2017-12-08 16:39:13,2017-12-18 22:57:11,2018-01-05 00:00:00
9256f7001c89e801855625e05c21537d,c65b3c6d4889ae58adf4102af9c283d9,delivered,2017-11-29 18:10:38,2017-11-29 18:37:25,2017-11-30 16:59:21,2017-12-06 18:59:07,2017-12-22 00:00:00
18ed62e249d4b637b186e91f0374a476,4d93cf82ad543d0d134458186931e611,delivered,2017-03-28 23:49:15,2017-03-29 01:15:44,2017-03-29 12:26:14,2017-03-31 14:08:12,2017-04-17 00:00:00
5449f77a049c11b2e8b645ecfef2ebbf,d36ce7c3037a8087bee53db85b419b30,delivered,2018-05-15 17:59:17,2018-05-17 02:37:13,2018-05-19 06:53:00,2018-05-30 14:48:23,2018-06-04 00:00:00
59f26737bbeea8142a7e982cfce13e7a,e64d63f1e2d292e774d451d7b55f711d,delivered,2016-10-10 12:39:06,2016-10-10 13:01:33,2016-10-14 13:01:34,2016-10-17 14:01:34,2016-12-14 00:00:00
44aa038bc4a637f4c0c9ab66da0c48aa,4776e7e1e52b6f3157692342c51477ff,delivered,2017-08-23 22:58:05,2017-08-23 23:10:15,2017-08-24 20:30:06,2017-08-25 15:10:48,2017-09-05 00:00:00
76ef2fe6ef1b33ffff4a14e2b49abb9a,b3c4d524670496e53db937a755a002e6,delivered,2018-02-25 18:12:49,2018-02-25 18:27:32,2018-03-02 17:44:51,2018-03-07 21:42:55,2018-03-16 00:00:00
4885f680d19431887659d8d44e97599c,ab6775e7e0990f4edb36429dc6fec28a,delivered,2018-08-16 23:05:03,2018-08-16 23:15:11,2018-08-17 14:47:00,2018-08-27 12:26:42,2018-08-30 00:00:00
72f73037e114c82d0b49a74b4d7532a4,7a2f3fea8b2d7476c6c3e1ce334c4d57,delivered,2018-01-05 17:05:46,2018-01-06 02:08:00,2018-01-09 17:05:45,2018-01-16 14:55:18,2018-02-02 00:00:00
20f7bd9604c674a8a5fb0e8673c5862d,f0bdf021706156be0a9c2517e26237ce,delivered,2018-06-16 11:54:35,2018-06-16 12:18:43,2018-06-18 12:22:00,2018-06-21 16:04:49,2018-07-11 00:00:00
df86f734aa38ba760f6b627af3870974,022422df869df5d9e924456635d9b091,delivered,2017-11-28 10:19:01,2017-11-28 10:40:51,2017-11-28 19:21:14,2017-12-01 18:05:49,2017-12-12 00:00:00
c150d0cdd6a3320d8b475792bc422069,b94970aef6a60b0904db484a81f0ef11,delivered,2018-05-16 14:20:47,2018-05-16 15:34:51,2018-05-19 07:50:00,2018-06-06 22:13:10,2018-06-08 00:00:00
14f67483eeb4f3204bff15ecab4dbd45,9308db403109319985f5bf1d950a9557,delivered,2017-05-22 19:23:10,2017-05-22 19:31:30,2017-05-25 16:16:09,2017-06-05 12:24:49,2017-06-16 00:00:00
ca786c07fdbcd2a6beb42eab64c23a3e,e60d09530ea34dd2ad7a33d35bf73086,delivered,2018-03-21 17:50:59,2018-03-21 18:09:30,2018-03-23 00:05:41,2018-03-23 17:48:43,2018-04-04 00:00:00
db274d549125d73b0e1052886af9422e,4438ad15cf7315f2de20eebdb7b12840,delivered,2018-07-23 22:35:59,2018-07-24 10:31:07,2018-07-26 07:22:00,2018-07-27 20:41:49,2018-08-03 00:00:00
65b5c34eac96c508fd60327de50a2d3c,dcf28d347a6e85c7c92db5579b08ef05,delivered,2018-07-16 09:09:55,2018-07-16 09:24:16,2018-07-20 15:06:00,2018-07-25 18:51:17,2018-07-30 00:00:00
3b2af016e04e30d2b6ae3f321e2cda20,078f7e926df5377c345fa291b7d63317,delivered,2017-08-31 03:38:39,2017-09-02 02:51:03,2017-09-04 20:40:21,2017-09-11 12:56:46,2017-09-28 00:00:00
e4dd49ba0611671232dcae9e0dc08206,73cb49c250b8c84bbba1cc2a3a767013,delivered,2017-10-06 23:12:16,2017-10-10 03:56:22,2017-10-10 18:30:07,2017-10-17 20:46:11,2017-11-01 00:00:00
35b63215663d34dc972adc12d2cfe9bf,c266da042d905d3d3ca0276604c78e52,delivered,2017-03-15 15:52:54,2017-03-15 15:52:54,2017-03-16 08:57:20,2017-03-22 12:18:10,2017-04-10 00:00:00
071d4951a2505f0880cf9db3a48e21f6,97c3206d614083e8f256184bb271778b,delivered,2017-09-12 22:25:24,2017-09-12 22:35:14,2017-09-14 16:36:37,2017-09-19 02:32:20,2017-10-03 00:00:00
990d8645aca16537246c78b0e24ccf95,970f91cf8d03ab0855cb4b697fe2b6e9,delivered,2018-04-19 13:34:58,2018-04-19 20:11:10,2018-04-20 17:52:00,2018-04-30 11:58:45,2018-05-21 00:00:00
5b7ffb8d013b6d0b4ae7a8f454fa9bd7,48577f823aa2ebde3bda0767a3e1b925,delivered,2017-11-20 21:52:34,2017-11-20 22:07:01,2017-11-22 14:22:10,2017-11-25 03:10:23,2017-12-01 00:00:00
8c64dfe75b003b8f1eddd9721843049a,887a4af9b36671b35fac1219972a48db,delivered,2017-04-25 20:16:31,2017-04-25 20:25:13,2017-04-28 11:16:29,2017-05-11 12:05:02,2017-05-24 00:00:00
fe151b6cee0c332491549decb948f94e,f27a9b348d5a0701b3794397a49aa9fb,delivered,2018-06-22 21:16:19,2018-06-22 21:58:42,2018-06-25 16:44:00,2018-06-28 22:21:15,2018-07-23 00:00:00
a16c1e5c3c877e414d0e584e18ccb860,02ee17ed5705b0015ca334b76b8373e5,delivered,2018-04-18 00:21:36,2018-04-18 00:33:28,2018-04-18 23:22:18,2018-05-03 22:08:44,2018-05-21 00:00:00
fc4b2a0590430c3cef1c11dc737e4517,e7a9bb8214b36109177e6b3b3be6ba33,delivered,2017-09-26 11:54:37,2017-09-26 12:07:21,2017-09-29 22:27:31,2017-10-03 20:32:24,2017-10-18 00:00:00
47d2367a665bbdf93b5db53cfc4f5d2a,56dad3e649e50cf4927b68490c559f8a,delivered,2018-08-16 10:08:28,2018-08-16 10:24:03,2018-08-16 14:44:00,2018-08-20 15:55:02,2018-08-29 00:00:00
8512df9f60e6856ac5ddd43a9a19bd36,9f013819439467d13f6f19edfecf468b,delivered,2018-04-29 12:20:23,2018-04-29 12:35:19,2018-04-30 12:55:00,2018-05-21 18:33:50,2018-05-25 00:00:00
5a65cedc025f607cbdb4c5219f648ae3,9eb85dfb61032b308cd9dafec6fcb3ee,delivered,2017-09-30 11:11:25,2017-09-30 11:24:47,2017-10-06 16:55:18,2017-10-09 17:46:04,2017-10-18 00:00:00
c5ca3893d72f5cb80e62ed87fc4700fc,8f33e94f957ad118c65e94fe36aff3d3,delivered,2017-05-14 21:45:11,2017-05-14 21:55:20,2017-05-17 15:33:47,2017-05-25 14:22:47,2017-06-06 00:00:00
59db0cf65fd439e6e76ec105e3aa421c,1d2b981cedb5a187a9eb0c2ecbf0df2a,delivered,2017-01-27 18:47:11,2017-01-28 10:32:15,2017-01-30 13:20:35,2017-02-20 15:36:08,2017-03-16 00:00:00
dfc7bfc60d0dfafee75e8eec014851f9,31d542804172b7d8478fca8e6c47eba7,delivered,2017-09-06 13:07:38,2017-09-06 13:15:23,2017-09-12 19:58:45,2017-09-18 20:12:06,2017-09-26 00:00:00
b0c677ad0ea26bc5e9e3fd85bf05c9c3,ce6121237a09886811612ccb1d51ff88,delivered,2017-07-04 12:39:14,2017-07-04 12:50:12,2017-07-05 15:33:35,2017-07-06 14:18:23,2017-07-17 00:00:00
562123563a31d7d3d69fd9ce87a0d443,9aebdec7f58b8eee8e2e495b0b0f67a1,delivered,2018-08-01 23:27:56,2018-08-01 23:43:51,2018-08-02 12:00:00,2018-08-06 16:14:39,2018-08-10 00:00:00
be29b4d0774e9898e80770918c0f2f64,47dcf1a90121b6a747ed6329072c0c4f,delivered,2018-02-22 01:14:05,2018-02-22 01:28:35,2018-02-22 21:19:21,2018-03-02 16:09:08,2018-03-15 00:00:00
842cd0a979d57e29ba51a0f84a844cd8,c7b636cdd628ac8e9a1815e0ea5ac5ce,delivered,2017-11-27 16:05:00,2017-11-27 16:15:32,2017-11-28 23:28:47,2017-12-27 14:14:38,2017-12-27 00:00:00
b002261c1b562472adb57d81cc90995d,41e6032fd1fb2f76526323b4c68f0e93,delivered,2017-11-04 09:44:23,2017-11-07 07:30:38,2017-11-07 20:16:44,2017-11-13 22:58:40,2017-11-24 00:00:00
e9240e3e8bd5fbca3e55e993b597b512,c9bdee275fc8f4af25bbcd411c94239c,delivered,2018-06-18 15:51:10,2018-06-18 16:40:53,2018-06-19 13:41:00,2018-06-25 14:05:39,2018-07-20 00:00:00
e43c3a1ff03aa2c3ca0ccee512f62371,475687b15b6e95e545b937e5a597d00d,delivered,2017-05-22 21:17:02,2017-05-22 21:25:16,2017-05-23 08:02:14,2017-05-30 09:43:04,2017-06-02 00:00:00
d7257440e4f74ef83b7bcf3d5e247e14,4180c4ede1ca838ec201a4e473e5830e,delivered,2018-01-12 23:37:41,2018-01-16 03:51:21,2018-01-22 14:24:16,2018-01-25 22:10:14,2018-01-31 00:00:00
3a6cbf7c8d48ea3b2f5594779dc6d23d,6d691cf4def20658ce6319a4a9f35196,delivered,2018-05-11 13:03:41,2018-05-11 13:15:19,2018-05-14 14:26:00,2018-05-18 23:54:29,2018-06-01 00:00:00
65fafe7de184fc57f3b77381cf6dc573,d09c63d11bf98283700a7b5ce520ea8d,delivered,2017-02-16 10:33:18,2017-02-16 10:45:19,2017-02-21 13:45:37,2017-03-07 21:12:38,2017-03-27 00:00:00
cdbce2d8fe4479ce0b9bbb32e0656e4a,e01bbe0abd11eee8748f2f376d15919b,delivered,2018-06-10 18:13:37,2018-06-10 19:51:42,2018-06-11 14:29:00,2018-06-20 16:28:25,2018-07-05 00:00:00
69f54f52631eb8ea8bec66cb902cf54e,9c0372af923228f1ddab62afe03e518a,delivered,2017-12-06 15:48:29,2017-12-08 15:52:43,2017-12-14 21:19:10,2018-01-07 17:06:27,2018-01-09 00:00:00
1fc147ecded099d8acf876cfaf66f731,ec7234ad72696a39eb528dc1720a962f,delivered,2018-06-18 11:55:25,2018-06-20 02:37:51,2018-07-04 11:37:00,2018-07-24 21:48:47,2018-08-07 00:00:00
123eb6c42fb774382bf82e6a332af592,7e25c3cc2fb867d3fef223c50fddc713,delivered,2018-02-25 15:54:36,2018-02-25 16:08:19,2018-02-27 18:12:29,2018-03-05 19:58:32,2018-04-02 00:00:00
524c24c3a53528c5a91a3311012fcef4,df46100832e89294d668a42c0cbc1102,delivered,2017-09-27 12:53:29,2017-09-27 13:07:17,2017-09-28 17:57:45,2017-10-01 11:54:00,2017-10-19 00:00:00
d9c7d6586555e3adb3709a7047e36c11,6a32ab73a4e6c08da27e427a8a8c1320,delivered,2017-05-13 16:53:15,2017-05-13 17:02:36,2017-05-15 15:02:46,2017-05-22 09:05:09,2017-06-06 00:00:00
35681d761149a472aa05d9fe484c61b3,ce06ca41a78f036031a1fd73d3088c2f,delivered,2017-11-30 08:30:30,2017-12-01 11:31:01,2017-12-01 18:21:58,2017-12-06 14:35:51,2017-12-29 00:00:00
5ac2c9301491372ab320f5aa4e451ff1,e31c85fc7143c3cbe3bf90e43c5c6fb5,delivered,2017-11-05 18:13:54,2017-11-07 07:30:28,2017-11-07 13:32:41,2017-11-17 20:45:54,2017-12-04 00:00:00
907876f99f250a7fca414743262371ea,a5d0358e802c2b80011410b0adbcf151,delivered,2017-11-29 03:36:56,2017-11-29 03:53:37,2017-12-13 19:35:09,2017-12-22 11:19:03,2018-01-02 00:00:00
40d02570e7ba8cffbc6770b392dbbbdc,89fcf2eed7b82a5cb579734653203026,delivered,2017-04-29 18:32:22,2017-04-29 18:42:37,2017-05-02 20:02:18,2017-05-10 12:56:32,2017-05-25 00:00:00
46770adcb64010a69409a644252641b2,b6fc93990098b86dfa6ecf3f1e7446e8,delivered,2018-04-28 11:49:09,2018-04-28 12:13:23,2018-04-30 13:59:00,2018-05-02 23:32:07,2018-05-16 00:00:00
83b109feea07a54cdd034845cccd53b3,3e0b7768b5fca0be48e2981fb71823b7,delivered,2018-01-29 15:37:19,2018-01-29 16:10:43,2018-01-31 16:41:57,2018-02-05 17:13:05,2018-02-14 00:00:00
48362159589d43095a14bba680682780,640903633d4a72545ccfadaeead42482,delivered,2018-03-29 00:24:16,2018-03-29 00:35:14,2018-03-29 20:51:52,2018-04-02 20:17:45,2018-04-11 00:00:00
ee9a7a0f0c0446da13006eebdfa5e0b1,c00b01bd991034ca1d55abfd672a6eb4,delivered,2017-10-19 21:14:19,2017-10-19 21:28:17,2017-11-01 21:51:22,2017-11-03 19:13:36,2017-11-08 00:00:00
aee590f76dc95d8c147146ae04100704,5c4475298d8f13ef3f9ec7afeb13147f,delivered,2018-08-05 11:35:21,2018-08-05 11:50:13,2018-08-09 15:07:00,2018-08-16 04:16:42,2018-08-20 00:00:00
b2bbb2cca536bb4984557119c0eb3d8a,dc02544cb74d152616c32d1e5b099f8b,delivered,2018-08-13 08:56:16,2018-08-14 08:50:19,2018-08-14 14:17:00,2018-08-15 22:21:01,2018-08-28 00:00:00
a3b07c74088a5acc85d1ddc7cc525b5f,51ac0bcc90cee37b00ebb076d6048684,delivered,2018-02-04 12:53:58,2018-02-04 13:08:38,2018-02-05 23:34:17,2018-02-10 14:37:32,2018-03-05 00:00:00
930f7f40db5f938e56fbc1bdcd1bb28b,ab3ac67d2fba82499b0d71c4d16f76c8,unavailable,2018-02-16 20:04:22,2018-02-16 20:10:31,,,2018-03-13 00:00:00
a909c24a30d5a05204ecb7ef3f11e321,378149ca89a5e5020931071114dd8865,delivered,2016-10-07 21:50:26,2016-10-07 22:15:32,2016-10-11 22:15:33,2016-10-14 22:15:33,2016-12-05 00:00:00
283182f68c047a2b61aee07baeb819f0,a6a1db09b78026c1162e1b0086e55f33,delivered,2017-03-28 14:25:44,2017-03-30 01:05:28,2017-03-31 09:21:59,2017-04-05 12:17:54,2017-04-17 00:00:00
e04d9eacedc0dca9d83c14fcb0d7276c,d87b6988897b12def5709ca4f8142012,delivered,2017-01-19 14:04:48,2017-01-19 14:21:41,2017-01-20 14:18:23,2017-02-07 14:35:10,2017-02-27 00:00:00
4f2fbccefa5c3c7afb05388013cb173b,800757ab822eb1712cc8c613225eae2b,delivered,2018-01-18 19:16:13,2018-01-20 09:07:51,2018-01-24 21:28:51,2018-02-02 00:33:03,2018-02-20 00:00:00
52b8659b9d786b77d4e4f25c26ed0b91,8cc9f9d5d7b70eaee68ab729495685db,delivered,2017-07-12 20:31:22,2017-07-12 20:43:56,2017-07-13 21:57:25,2017-07-20 19:17:03,2017-08-11 00:00:00
52628d72feaca84428e9d902d3985605,a5e6bf4ac91d2a0df7e87ad00f4b35b9,delivered,2018-08-07 14:52:44,2018-08-07 15:05:16,2018-08-08 12:23:00,2018-08-13 18:56:21,2018-08-17 00:00:00
274bf86d17f8952d2a505168fcc25c09,2839dda95f81b66b4cd7a53b92011890,delivered,2017-11-24 22:23:06,2017-11-28 03:32:27,2017-12-01 22:15:08,2017-12-29 20:38:58,2017-12-15 00:00:00
cebd7770cff5bf0d645dae3996972876,c13db9bc3fded0084b31c833238843ac,delivered,2017-06-04 22:31:24,2017-06-04 22:45:10,2017-06-06 15:47:37,2017-06-07 18:08:52,2017-06-19 00:00:00
533dccc39b9e7286042aba868d574ecf,40d75f2033ae0bd1f8668f21007975b6,delivered,2018-06-06 22:11:27,2018-06-07 08:33:45,2018-06-07 12:05:00,2018-06-18 15:08:34,2018-07-17 00:00:00
097d24fcfb2b0afac45ea41ab4d91694,25ce51bb7c5d09ae44f343dc41af8463,delivered,2018-07-26 08:54:56,2018-07-26 09:05:13,2018-07-27 14:56:00,2018-07-30 16:36:36,2018-08-03 00:00:00
1b59079c85d79705ec843165565ddd43,cbcc7e46a2d1042aacb3064c3db6b351,delivered,2017-12-11 21:24:46,2017-12-11 21:34:38,2017-12-12 15:47:06,2017-12-19 20:16:51,2018-01-04 00:00:00
eb472d00613391a4925922120b3b6bb1,fc3ca13eb2ffaeee01ea231926217ab0,delivered,2018-05-13 18:45:18,2018-05-13 19:12:34,2018-05-14 14:59:00,2018-05-21 19:03:21,2018-06-13 00:00:00
517a1bc05da7b712cb2580d142b0cc4d,2e9c6ec38c51cadfeefc3a53ba230deb,delivered,2018-02-21 16:27:45,2018-02-23 02:10:43,2018-02-23 22:05:12,2018-03-02 13:09:26,2018-03-19 00:00:00
4c80861e8667ad2c3ec1686683c93ed0,0b712b6da4fc29dee43125037bead5fb,delivered,2017-06-09 10:55:56,2017-06-13 04:50:28,2017-06-16 16:13:54,2017-06-27 15:41:48,2017-06-30 00:00:00
9a503487f2a2141cfc220d61e43bd938,2ad25d0d9c260ae766dfe444ecb901c8,delivered,2018-08-06 15:15:04,2018-08-07 04:15:23,2018-08-08 14:37:00,2018-08-15 02:09:45,2018-08-15 00:00:00
ce687d3649728e81c25e9a105b34fcfd,c735bb29ae8b468119c03494b38d0403,delivered,2017-08-29 19:30:42,2017-08-31 08:10:08,2017-08-31 22:15:01,2017-09-11 21:11:25,2017-09-25 00:00:00
6f1d91f81a2241dbf2e7544364d75f2c,f30d69cc258ebe5e80e1a0dd6287efb6,delivered,2018-04-26 13:24:29,2018-04-26 16:15:45,2018-04-27 14:30:00,2018-05-07 12:24:42,2018-05-30 00:00:00
7c62935e1c4bfb9a29d419cfcc0a13e9,66fc002d7b5e214c289a69fb62d036bf,delivered,2018-05-16 16:28:20,2018-05-18 04:55:23,2018-05-18 11:13:00,2018-05-23 17:04:26,2018-06-05 00:00:00
f32569596f879e74fced40a4bab98fc7,ead1f4689a7d350870a8f1b0e6745428,delivered,2018-06-20 19:34:58,2018-06-21 17:18:54,2018-06-22 13:25:00,2018-06-28 18:58:40,2018-07-24 00:00:00
7f80ea6f3e569a6b44336db104dc12db,72ecfc69f7d90359d9bbf70530a340c7,delivered,2018-03-13 22:37:57,2018-03-13 23:40:51,2018-03-16 11:48:42,2018-03-29 23:34:35,2018-04-06 00:00:00
4d53d6e4655f67771de54f3c8d414ce8,7a81429a083c668d1366e07c37d4deb6,delivered,2018-06-27 19:17:44,2018-06-27 19:30:27,2018-06-29 11:09:00,2018-06-30 15:54:50,2018-07-12 00:00:00
f58462e1774fbcabc35c4a2dda61704e,3aeb9a429e1a2c05362a1c03cb1a087e,delivered,2017-11-14 15:55:47,2017-11-16 20:13:18,2017-11-20 19:14:50,2017-11-29 21:57:56,2017-12-06 00:00:00
e8291f4bc553c5ac2a42ee7737836480,f78bf1a4a08641a29a6f0dfe42407440,delivered,2017-09-01 10:15:57,2017-09-01 10:25:46,2017-09-01 15:37:52,2017-09-09 00:27:31,2017-09-22 00:00:00
cea6a91496c8046f157f38239f2cf06f,3cf5edb4ea2694cdf6e42273f50dff05,delivered,2018-04-19 01:01:29,2018-04-19 01:12:04,2018-04-27 09:19:00,2018-05-04 23:58:41,2018-05-10 00:00:00
43c6a6a7096ab15a3baa2438ce460cfc,2d0402de72b302a2627bfbf8a1e7ea93,delivered,2017-08-11 17:54:46,2017-08-15 03:43:56,2017-08-15 23:33:20,2017-08-17 20:27:46,2017-09-12 00:00:00
eb13af3b4aca94e5e189b94e09d6fa4d,cbe8003425467af7afa45b8dbd84512e,delivered,2017-11-29 15:21:02,2017-11-29 15:42:59,2017-12-01 00:26:26,2017-12-01 22:17:46,2017-12-14 00:00:00
a72a85d8ae2274e218fcea46f815cfa7,151b2c4a56aab1fa8f3c822cc000b287,delivered,2018-07-05 10:50:33,2018-07-05 16:14:01,2018-07-06 10:57:00,2018-07-10 15:48:25,2018-07-20 00:00:00
b62cbd4c81925d07d9fd52a505072b62,de97e7bc8c7bd4b48968d2ae7869d627,delivered,2018-08-16 23:31:38,2018-08-18 02:55:19,2018-08-20 12:55:00,2018-08-28 21:54:44,2018-08-28 00:00:00
fa8af66ee11f929d58f95e9a0522d792,a7361cef18d3fa0382cf9b7179c7de30,delivered,2018-04-22 12:03:21,2018-04-24 17:16:32,2018-04-23 18:32:27,2018-04-26 19:12:10,2018-05-10 00:00:00
4cd3892b846909cad34c7070fee79f78,61077f55e443e26ba5368cf308ba71b7,delivered,2017-12-26 22:25:19,2017-12-26 22:37:27,2017-12-27 16:06:08,2017-12-29 12:56:24,2018-01-29 00:00:00
342e2aaf2361169a84afe9908ed78371,3d1afec2754d05ad1c72cced9fe9ace9,delivered,2017-11-12 16:54:37,2017-11-14 14:35:34,2017-11-16 19:48:52,2017-12-02 00:56:52,2017-12-08 00:00:00
a6f7597815271fe59f9c00b31e6d322a,1fd2b1510e209569272f307c731edcab,delivered,2018-07-16 14:23:29,2018-07-17 14:21:42,2018-07-20 14:43:00,2018-07-25 20:04:02,2018-08-10 00:00:00
e309a85cd901c566767a2aa98090085c,b2f351b578d5fa960f941afe5379cedc,delivered,2018-06-01 09:35:57,2018-06-02 03:31:49,2018-06-04 10:55:00,2018-06-05 16:52:18,2018-06-26 00:00:00
160fec373d1524d70a0adcc4922e3f5f,2b1e47c1a29b1db00b326753395c08bc,delivered,2017-10-31 19:53:44,2017-10-31 20:10:23,2017-11-01 19:05:30,2017-11-09 21:05:50,2017-11-23 00:00:00
ef2bd524117e3241e5166da54dffe473,2c87a3f1856fc95e951576f758a9c55d,delivered,2017-12-27 13:27:18,2017-12-27 13:33:27,2017-12-28 21:27:15,2018-01-08 18:44:11,2018-01-24 00:00:00
d67ce32732e8d5413c4bb2358bf5bb16,1de528add3801283e26459cf6005e3d0,delivered,2017-12-19 18:19:27,2017-12-21 02:12:15,2017-12-21 21:59:02,2017-12-26 22:27:47,2018-01-15 00:00:00
1ded4213705262539b563c8f1a535044,a9132d11118521f5bcc480e1b814e9de,delivered,2018-02-15 21:25:21,2018-02-15 21:46:17,2018-02-17 01:14:44,2018-03-05 15:28:38,2018-03-13 00:00:00
e0ac12de8c4f2398d96dd807818adaf8,4cc35d6a322eb6950b08f6dc5e64f821,delivered,2018-04-23 17:04:37,2018-04-24 18:12:14,2018-04-24 17:51:05,2018-05-04 18:58:33,2018-05-18 00:00:00
739bb3840069271e1c2a54f5b485b695,58be67590e18c3d1e7d611dc65eda107,delivered,2017-08-27 19:49:14,2017-08-27 20:04:54,2017-08-29 20:38:45,2017-09-06 19:37:50,2017-09-22 00:00:00
7cd9f4c5a26e353b50e10cc165ef40d2,7ee04c773f064561c7f50cba4cda809d,delivered,2018-06-27 19:23:51,2018-06-29 02:53:16,2018-06-29 14:47:00,2018-07-03 18:03:39,2018-07-16 00:00:00
da33da7f6eb79be4440ac5c606d6848a,3fe0db7ad3b18c99603dd7f57eb785b6,delivered,2018-03-02 12:53:02,2018-03-02 13:09:32,2018-03-08 12:49:39,2018-03-16 23:12:33,2018-03-14 00:00:00
1c26ca7959ab2a38626a3be3004baed9,944c6ee35914cce1ad278c06a649b312,delivered,2017-04-11 12:46:10,2017-04-11 13:05:38,2017-04-12 11:55:03,2017-04-18 12:51:36,2017-05-05 00:00:00
e5ecfcbdbc07f8edf7ec0df1504a74a6,db329a00354d35ec9fdaaf8e11bd8033,delivered,2017-01-19 11:47:55,2017-01-19 13:30:21,2017-01-27 12:24:41,2017-02-06 13:43:56,2017-02-17 00:00:00
207bd7ea1f047ff2d6f2e5c70333e4b0,75b1b5710c1eea5788403c6868398157,delivered,2018-03-16 20:41:34,2018-03-16 20:55:49,2018-03-20 17:48:59,2018-04-02 21:23:00,2018-04-24 00:00:00
02fab07a655ce404330d65b508f32d9e,10eee4da147ae9bc5f7b21f32c1fb3c0,delivered,2017-05-19 14:41:31,2017-05-19 14:55:17,2017-06-02 16:21:40,2017-06-08 16:55:58,2017-06-14 00:00:00
cf5aab95566cf4551eee9dd9edbee478,23bd1f62a71c6e64c2cf533f7a1e73e0,delivered,2018-01-02 21:30:37,2018-01-02 21:37:27,2018-01-08 15:07:28,2018-01-16 23:32:56,2018-01-24 00:00:00
99056b576413d18b9d5a28061e133dc9,6b6aa10ce62aa811a680bbd03300e238,delivered,2018-06-14 19:25:08,2018-06-14 19:37:58,2018-06-15 08:45:00,2018-06-20 18:58:30,2018-07-04 00:00:00
223f7c98cbcab2327a6e8b11e0f13838,fe9d789522315169a83d6740ffb2117d,delivered,2018-08-03 14:35:07,2018-08-04 04:05:18,2018-08-06 15:22:00,2018-08-16 18:48:37,2018-08-29 00:00:00
410cfb42b9a36728a695fe883df04ebf,b74584aa39691bb6fdd0f68571d3ba0b,delivered,2018-06-04 20:28:14,2018-06-05 04:15:17,2018-06-11 14:23:00,2018-06-28 20:25:51,2018-08-08 00:00:00
89e7c74fa7b7671a581e7e36485f88da,c63ec7f1e7b5e7465652930f83c5e3e6,delivered,2018-04-23 11:04:21,2018-04-24 18:46:16,2018-04-25 12:24:00,2018-04-30 13:44:49,2018-05-10 00:00:00
f061e8818fe8193a51388d6773625505,b7e921dc4c40998b54af80352b06d7d4,delivered,2018-07-04 20:00:33,2018-07-06 02:35:16,2018-07-09 15:10:00,2018-07-20 19:48:46,2018-08-07 00:00:00
b19ca559688b49e8cf7f88c1aa3f0009,9bbf4660a4028f0bac41bf43b26b4e61,delivered,2017-07-21 22:39:25,2017-07-21 22:50:14,2017-07-26 20:03:25,2017-08-02 20:04:04,2017-08-17 00:00:00
07424cae1deed4169c2b56d1d150acf8,899ae8bcb4bbbafa09b4023c1777cd1c,delivered,2017-12-05 00:26:38,2017-12-05 09:47:10,2017-12-12 20:26:40,2017-12-13 18:09:41,2017-12-27 00:00:00
39454163ea6db630f644e723c00f7da3,570d9467ffdbc98825c03a008f823d27,delivered,2018-07-03 15:02:54,2018-07-05 16:05:14,2018-07-06 10:36:00,2018-07-07 14:48:41,2018-07-16 00:00:00
540b7d70e38348c6a2412ede9e1f1f2a,7a0c9d6fc5dc65fa1da11959b167c952,delivered,2017-02-06 10:20:27,2017-02-08 03:15:26,2017-02-10 14:04:11,2017-02-14 08:54:47,2017-03-01 00:00:00
f87f3a5e91df877dc36b65fb69ff2465,c13b88bfce55305a9240404088bd6a46,unavailable,2018-07-30 21:49:41,2018-07-30 22:24:21,,,2018-08-10 00:00:00
710a8cc8056322269a0a3b07d27bd84e,9c3f2c2509f7574142b8d8448da59ad9,delivered,2017-08-30 11:25:53,2017-08-30 11:35:09,2017-09-04 21:21:51,2017-09-08 16:38:50,2017-09-25 00:00:00
788313c36328095e48229fa8fbe482cd,02e2ee466cf9f38e435864cc86796754,delivered,2018-05-11 09:27:10,2018-05-11 10:17:16,2018-05-11 15:16:00,2018-05-14 14:24:50,2018-05-24 00:00:00
c8375e79155a5bfc564dd3da053bdd15,0e29b397ad475f246592749aa80c8821,delivered,2018-06-19 11:43:09,2018-06-19 11:58:23,2018-06-22 14:42:00,2018-06-29 19:51:38,2018-07-31 00:00:00
a9fb450008d4a94311a7288937b880e6,19d04e5c06403cf04a62edc4f1ded818,delivered,2018-02-22 09:03:59,2018-02-23 02:10:50,2018-03-02 00:46:53,2018-03-06 17:16:55,2018-03-22 00:00:00
89fda551a6bc59c3a9d868a580cc6ca6,c1668d67ed2fc31300b5c2e60a709111,delivered,2018-02-22 14:47:02,2018-02-22 14:55:34,2018-02-26 14:49:17,2018-03-06 00:45:01,2018-03-14 00:00:00
bfb074fa3d43b5b13e7a67203ebdedf5,a4e90b1807174d6b2013ffab1ada0575,canceled,2017-05-12 10:11:53,2017-05-12 10:25:08,,,2017-06-09 00:00:00
d0c925dd85481e3b99bbc725dc56e1a9,fba700a28090dd4cef5433076c454f4e,delivered,2017-09-18 00:03:47,2017-09-19 00:10:18,2017-09-19 16:37:43,2017-09-30 16:58:54,2017-10-06 00:00:00
df13cbaf3230c62a4b582317936e8a39,932289aae7b7195bc53d4c640ea071f4,delivered,2018-07-08 11:25:34,2018-07-08 11:45:37,2018-07-10 14:57:00,2018-07-13 22:04:38,2018-07-27 00:00:00
3365749860804a01bf35b50fffcfe842,31f4944b5a1f98a2056c825313c06376,delivered,2017-12-04 14:30:10,2017-12-04 16:48:49,2017-12-07 22:37:07,2017-12-20 00:06:16,2018-01-02 00:00:00
186c43c492d0813457a0da8ee78ef748,c78afbf707e4446398d86ac463c3fd4c,delivered,2017-11-13 11:44:54,2017-11-13 12:06:39,2017-11-16 13:13:52,2017-11-29 20:51:45,2017-12-13 00:00:00
e327b0b5a08cf398b21ebfd6a36b38c8,968b4bf6385fe1f935ec48185a1f6a22,delivered,2018-08-08 16:35:30,2018-08-08 16:45:16,2018-08-09 12:49:00,2018-08-10 22:11:39,2018-08-13 00:00:00
70fd1df0264577ffdd5510be4e18cfe4,6c3ca4abd5a5e76fc6072d2c47bcdc81,delivered,2017-12-27 15:54:29,2017-12-28 15:47:42,2018-01-02 21:43:13,2018-01-18 16:47:43,2018-01-24 00:00:00
6c028cbba2a22fd7c9430fe9ab249faa,c0bd2d833fe07c857782efc1c5a525e1,delivered,2018-04-09 12:12:47,2018-04-09 12:30:08,2018-04-10 23:38:49,2018-04-24 12:56:41,2018-05-03 00:00:00
6e094f9da57fda90223610bbba3d4c6a,09ebe1786d9aee6e06ef0fae650eea19,delivered,2018-07-08 19:58:06,2018-07-08 20:10:15,2018-07-10 11:01:00,2018-07-12 17:03:18,2018-07-25 00:00:00
405059897f5d5fb7e349800c44920c61,a71eaa5160ed05216c986f70f11ff298,delivered,2018-02-27 20:25:12,2018-02-27 20:45:22,2018-02-28 22:21:53,2018-03-03 00:56:38,2018-03-14 00:00:00
2e9cc17227ce6e445941902dcbea67d6,e4baaeeac874d1625171dfe5e7b3b295,delivered,2017-04-13 17:20:42,2017-04-13 17:35:16,2017-04-17 17:28:10,2017-04-19 11:50:24,2017-05-05 00:00:00
3d9ffc9b8fda8e673afb17351d2c0ec4,b5f901ebee018e958ea2efe39b4cb8a2,delivered,2017-05-18 19:43:07,2017-05-19 02:25:26,2017-05-19 12:33:56,2017-05-23 16:59:51,2017-06-09 00:00:00
b1a6e1094db81b9b6f4b80a40fec524f,7085964d18945061bea7d21f3a4f3c1e,delivered,2018-07-17 14:41:41,2018-07-17 14:50:28,2018-07-20 13:29:00,2018-07-27 20:41:41,2018-08-08 00:00:00
005997dca4c1fc45066d0a03d54a6469,c5b44be122ce413a4517716ad9dd072e,delivered,2018-04-10 18:01:04,2018-04-10 18:15:20,2018-04-11 22:32:29,2018-04-13 23:04:44,2018-04-26 00:00:00
9bc5c73ed95bec088ff04d924946fa45,5a134aeb2bc57fc5561108c40911a5e5,unavailable,2018-01-14 21:32:20,2018-01-14 21:49:19,,,2018-01-30 00:00:00
17fd242bc5402e221bb59a6efec0f397,cee637a42af216cb5475df2f812c583f,delivered,2017-03-06 12:04:15,2017-03-06 13:05:24,2017-03-09 09:28:56,2017-03-14 15:50:45,2017-03-23 00:00:00
c496bc3178d477c1390f52393d78d723,fbbca623fd2ed0a30fd87061b46980d5,delivered,2018-05-16 08:11:59,2018-05-16 08:36:51,2018-05-17 14:42:00,2018-05-22 13:03:03,2018-05-30 00:00:00
7d39421ea5f060563a2e6682058e676f,78a82b5613bfbb88286981a6a5c24ead,delivered,2018-01-06 19:32:06,2018-01-06 19:46:34,2018-01-09 17:07:08,2018-01-12 22:22:04,2018-01-24 00:00:00
8b1999cf2912d6be6f23ce1474751748,0cf926baf656a5dd581dd4d8888745f0,delivered,2018-04-25 14:59:44,2018-04-25 15:16:17,2018-05-02 14:58:00,2018-05-22 16:11:20,2018-05-16 00:00:00
18f9fbd712bb1da26f16a74e68f5361d,189c6e8f81d96c206cf839fd56352b03,delivered,2017-05-21 20:42:09,2017-05-21 20:55:06,2017-05-22 09:40:53,2017-05-28 09:27:35,2017-06-09 00:00:00
5b6ceef2a759462c5010f414622dd1e9,5b313027017c6863751547885ba09d21,delivered,2017-07-19 18:46:31,2017-07-20 18:43:43,2017-07-21 18:23:42,2017-07-24 17:55:38,2017-08-01 00:00:00
4eedbea06033407253ea131738b99a5d,9023f21bb5ec09efe6bfb4e8cf09196d,delivered,2018-02-15 00:25:44,2018-02-15 00:47:17,2018-02-20 23:07:32,2018-03-15 23:55:29,2018-03-13 00:00:00
c37a9a364fe07bc26ad03f0b4f306aa1,89b92d2ae3a3b7548b97d670c3af12bf,delivered,2018-07-30 22:26:01,2018-07-30 23:04:21,2018-08-03 08:06:00,2018-08-07 15:12:37,2018-09-03 00:00:00
b83ed42a4c8f73cee33121aa4ca4cb14,b4a4141e8a62c1869c0c0d428fe24e1c,delivered,2018-01-31 16:57:52,2018-01-31 17:13:51,2018-02-05 21:09:09,2018-02-14 22:36:31,2018-02-26 00:00:00
d7f1fc795c94efd3a00141a5f8a2c9d7,bc6c83de95492ac49d824578ca50b941,delivered,2018-08-13 15:24:41,2018-08-20 14:12:55,2018-08-15 13:32:00,2018-08-27 15:47:37,2018-09-06 00:00:00
f3753df1e0c5a22ca7c2ff5722387739,73a77e205798f6f820f6d70908b0be0a,delivered,2017-11-13 11:44:01,2017-11-13 12:06:41,2017-11-16 13:31:50,2017-11-28 04:11:49,2017-12-06 00:00:00
d245b7d86b7965f8007179df464f76df,531badd968ec63f7495c961436128119,delivered,2018-04-24 23:01:45,2018-04-24 23:12:37,2018-05-02 13:40:00,2018-05-07 18:32:59,2018-05-21 00:00:00
93c4655e5be1df1a5fad75de93847cd4,d08075d02a6c66fbf4b1117c31862443,delivered,2017-03-09 20:19:12,2017-03-09 20:19:12,2017-03-10 08:59:21,2017-03-21 13:39:07,2017-04-03 00:00:00
1f19e6ce9fb04dda9ce82b2172a84d82,f289f8ffee306b2f6148218054b1cdf7,delivered,2017-12-08 13:10:48,2017-12-08 13:30:34,2017-12-13 16:38:54,2018-01-11 16:22:45,2018-01-09 00:00:00
b565c648e96cc31e3a91feb417652a67,256af5f66a15afc03fb926c9bba1a671,delivered,2018-01-24 12:38:22,2018-01-24 15:19:26,2018-01-25 00:06:32,2018-02-19 15:36:45,2018-03-05 00:00:00
0e750b2937251a81713e22e816179c93,8a40e7b0b692d67297e200e598a4a6b0,delivered,2017-11-16 12:30:55,2017-11-18 02:15:30,2017-11-20 16:36:37,2017-12-04 19:46:56,2017-12-06 00:00:00
1d1e77334238a731c494f066a6c0d500,27cd342122c1263cda043bdc472cfeff,delivered,2017-09-15 08:51:48,2017-09-20 22:36:09,2017-09-18 17:34:02,2017-10-02 15:44:10,2017-10-13 00:00:00
946cedc17603ad142f7396dbd256993f,f0abff8d773904828db3a92108aa4666,delivered,2017-09-19 17:47:52,2017-09-19 18:07:10,2017-09-21 17:57:39,2017-09-29 20:33:37,2017-10-13 00:00:00
6bde87b60e1daa6e453bcd0bc8e7f1ba,720c6806b0a93fd14b47306ce08031e1,delivered,2018-04-27 17:01:12,2018-04-27 17:51:29,2018-05-02 11:59:00,2018-05-07 19:41:41,2018-05-22 00:00:00
5802070896d144b2186d3c280570c99e,80b33b056d950694513bbe083d526ea5,delivered,2018-02-13 22:29:44,2018-02-13 23:07:24,2018-02-15 20:08:20,2018-02-20 22:19:11,2018-02-22 00:00:00
2a5dd7112c6bf89f4b71733a54e81aa6,4c1e1174487600804cccce389ec85d59,delivered,2017-04-05 01:06:45,2017-04-05 01:15:14,2017-04-05 18:40:12,2017-04-25 13:02:03,2017-04-28 00:00:00
b0018957adea4b9acded9df77514b844,e37a641cec6b1b08f464a3cf50996176,delivered,2018-07-03 12:32:14,2018-07-05 16:11:47,2018-07-04 15:06:00,2018-07-10 18:58:40,2018-08-01 00:00:00
e666d7fa06d295372a716b917c2f94de,57518eb6cfc318e75d0d993692b87d71,delivered,2017-07-30 17:44:10,2017-07-30 18:03:22,2017-08-03 17:11:40,2017-08-16 21:57:52,2017-09-01 00:00:00
251c2e36f5f9d2c37b63c23c4226039a,a7a63610c00d78a97ddc2fd9a6781149,delivered,2017-11-24 12:47:33,2017-11-25 03:33:16,2017-12-01 00:13:08,2017-12-27 15:49:14,2017-12-21 00:00:00
cd44196e80474114b859765d62f12ddf,38a63fe852918021685a1f656a4d5049,delivered,2018-04-15 21:41:23,2018-04-15 21:55:15,2018-04-16 20:07:21,2018-04-23 18:56:22,2018-05-08 00:00:00
20e7a21a233fcb32bbbb2d3613b03426,6715e300551864f06d4deac32cad0957,delivered,2018-03-31 10:47:09,2018-03-31 11:27:16,2018-04-02 17:06:51,2018-04-21 12:11:30,2018-04-23 00:00:00
ae938042ee33a2f3048cb2e4d25f9bb8,2f8c07cbd57c27226a1db824670fe3e0,delivered,2018-06-25 12:58:18,2018-06-26 10:35:28,2018-06-28 13:47:00,2018-07-03 16:07:15,2018-07-26 00:00:00
d032b5a19c78b60d1d65a567c274782d,6040f79d4f8a94363472308fc67ec011,delivered,2018-08-10 22:17:47,2018-08-10 22:25:14,2018-08-14 14:53:00,2018-08-15 16:13:56,2018-08-17 00:00:00
a9d5a5f1ce00ef0a80bd1f6e66b291a2,92f640eaa92da7fa7edc6ea1cdd54814,delivered,2017-12-27 13:04:55,2017-12-27 13:16:24,2017-12-28 15:39:03,2018-01-09 22:10:36,2018-02-02 00:00:00
def50c71a1a53113fb9d1ad68ee34e4a,55206de1c7ec8be61806c19e4edc489e,delivered,2018-08-14 22:51:45,2018-08-14 23:05:46,2018-08-23 08:49:00,2018-08-29 22:32:17,2018-09-06 00:00:00
46502a9584712989d3872f32e0e2176c,dbab122afe1a7ac161c29bc789f595d1,delivered,2017-07-02 17:56:35,2017-07-02 18:05:25,2017-07-03 14:57:55,2017-07-18 13:32:53,2017-07-27 00:00:00
a7dfc0dec96501a2f03a9d1412d8975c,d61e0d911735f7edfbb4ec85a487951f,delivered,2018-04-21 11:24:57,2018-04-24 17:16:41,2018-04-24 00:26:41,2018-04-26 16:50:47,2018-05-09 00:00:00
d3350e3a63b03e10d16463a2e75a5361,f2183922480268c0f1615ae3d86f5109,delivered,2018-04-02 13:50:26,2018-04-02 14:41:11,2018-04-04 19:48:15,2018-04-15 14:18:37,2018-04-27 00:00:00
d1b180581daf3c00f4ab3691c9a12c92,8cf70936d9b6b4ade36d4f4349a301c9,delivered,2018-07-29 23:52:17,2018-07-30 00:05:09,2018-07-30 12:40:00,2018-08-01 14:23:43,2018-08-13 00:00:00
f4d812e53e87755d0f4210f23caef13c,e6546445d69085e73903bd5d839b24d5,delivered,2017-05-08 16:25:25,2017-05-09 06:35:24,2017-05-09 08:38:46,2017-05-22 11:36:36,2017-06-12 00:00:00
73d20217539c04fd4194a9e17996047b,716dcf823064b69da58ba0509eb96b1e,delivered,2018-03-20 15:12:48,2018-03-20 15:35:25,2018-03-28 19:50:38,2018-03-29 20:57:25,2018-04-03 00:00:00
5000739c56c2fbfbc0dfb05dafd7ab50,70c84875d254552d37cb96f14c92d23c,delivered,2018-04-02 11:28:21,2018-04-03 05:28:06,2018-04-05 00:27:22,2018-04-24 21:48:48,2018-04-20 00:00:00
46d69313b61b50a82923f811db17de3b,4348815275d4689bcfa8946f858bd222,delivered,2017-07-24 21:22:10,2017-07-24 21:35:17,2017-07-26 10:36:05,2017-08-02 21:05:06,2017-08-15 00:00:00
0852d26c3b55f84aca9d256f91a44bea,75aa6b9b1a2dd8b71c7a2fa42ac30073,delivered,2017-08-18 15:44:29,2017-08-18 16:10:18,2017-08-21 18:30:10,2017-08-25 21:22:37,2017-09-12 00:00:00
2cbc30cc52609a954b2eda461da97579,848a2f352884465ed67fceee37d858b6,delivered,2018-05-17 14:43:29,2018-05-17 23:18:09,2018-05-18 13:34:00,2018-06-04 15:35:46,2018-06-20 00:00:00
4a44e928d587e7cd7068ea354471c477,f04cee5f84e73924695f31301c815ab8,canceled,2018-06-05 13:51:50,2018-06-05 14:31:18,,,2018-06-21 00:00:00
69caec6bf6c49c8f601f8327d8d5a7b0,763608b1f43b27200accdc13c055017e,delivered,2018-03-21 12:48:40,2018-03-22 02:50:09,2018-03-29 21:20:39,2018-04-10 23:58:48,2018-04-12 00:00:00
a8a29ae9b3f2dc2e650dc520d7842041,ce0809a5eb4ada3a764f383e118c18a3,delivered,2018-05-28 19:57:44,2018-05-29 03:14:34,2018-06-01 08:29:00,2018-06-13 14:39:40,2018-07-16 00:00:00
0046e1d57f4c07c8c92ab26be8c3dfc0,ae55e228ded796581eccc67045516023,delivered,2017-09-26 15:24:03,2017-09-26 15:49:17,2017-09-28 18:42:42,2017-09-29 18:29:50,2017-10-11 00:00:00
a85c359f7b726c381e24506bd9b1398f,e42824661f907326c63764bce693246d,delivered,2017-11-12 09:46:54,2017-11-12 09:55:31,2017-11-17 02:26:27,2017-11-29 22:15:27,2017-12-15 00:00:00
87fbaf80a5baf8a4b61821115117f999,9d85c417bd1b84d64b2613c81807adab,delivered,2017-11-18 07:41:46,2017-11-18 07:55:30,2017-11-22 19:31:34,2018-01-03 19:37:14,2017-12-07 00:00:00
dd148019cfd83f2e45f6c5d5a09771a0,47a4386977dab7c36f14836e7be7c0fc,delivered,2018-08-19 16:41:53,2018-08-20 12:29:55,2018-08-21 14:20:00,2018-08-23 21:05:50,2018-08-29 00:00:00
994fd7613e80bc45020c7ab67df07f8b,626a74ca6cd084c974576167d2ad3edc,delivered,2017-08-25 13:35:47,2017-08-25 13:45:46,2017-08-28 15:53:34,2017-09-13 21:33:48,2017-09-21 00:00:00
b52c5e0a82ec048d983882e4d539394f,ed728363e0c58db8567c81f26af370ce,delivered,2017-08-18 14:38:23,2017-08-22 04:06:03,2017-08-23 20:39:01,2017-09-01 20:27:48,2017-09-14 00:00:00
3d1015779173f2ac043082581b12e826,d0ecf87664a643c8a15a7ef0089df407,delivered,2017-06-11 17:50:18,2017-06-12 06:42:30,2017-06-13 11:20:40,2017-06-21 16:47:52,2017-07-12 00:00:00
3a43013148c91141e56e105f93fb3792,c88049eeaedbed43c80a28501f20e6b4,shipped,2017-03-06 11:20:27,2017-03-06 11:30:14,2017-03-13 07:52:04,,2017-04-06 00:00:00
1c2e2705fc091788f391bd212887b6f0,d33d77d276d94eb726ee3edaada486ec,delivered,2017-04-24 22:29:48,2017-04-24 22:45:12,2017-04-25 14:05:41,2017-05-03 14:46:49,2017-05-15 00:00:00
ebd0cec55989d5589a5c4577f06ca9dd,685bc8cda67aaf7957992f50657f26a6,delivered,2018-05-22 14:50:54,2018-05-22 15:14:55,2018-05-23 08:41:00,2018-06-05 23:52:34,2018-06-14 00:00:00
f9c8ce300676bd838f4a85b8e97d2342,e37cfd145e4106b73858cf08a409f2ae,invoiced,2017-04-30 13:52:34,2017-04-30 14:05:14,,,2017-05-23 00:00:00
0c218bb391f7d78332d4d53ad73b51bc,1d7a1983f569867020061b280db0234e,delivered,2018-05-17 19:19:03,2018-05-19 03:12:47,2018-05-21 13:27:00,2018-06-04 17:18:23,2018-06-01 00:00:00
b6e3915b3670164d7ff568eb2db3aa88,68cff7512cfd266a08e79caaad3ca4aa,delivered,2018-05-04 11:39:36,2018-05-05 03:50:25,2018-05-08 09:07:00,2018-05-17 15:58:53,2018-06-01 00:00:00
8dc7f5f2024708be4f36e4b1811cdd97,d374f2ed1fbdeceaf653e5a48796c12d,delivered,2018-01-22 17:16:37,2018-01-22 17:36:46,2018-01-23 22:29:42,2018-01-25 17:33:18,2018-02-20 00:00:00
3186e75cf9e4a13149e5729f23cebf06,4255814e8b080bbf487d6e0f837092e4,delivered,2017-08-05 22:46:17,2017-08-05 23:03:45,2017-08-07 18:43:57,2017-08-24 15:40:13,2017-09-11 00:00:00
cf35cf6763e0db30babc4885c3b2596f,69fc9694382814714406da71406d676c,delivered,2018-01-11 00:48:01,2018-01-11 01:08:14,2018-01-17 20:26:25,2018-01-29 20:14:49,2018-02-09 00:00:00
84f2f3376f85a2095f8b1e318e285d45,fcac4e7c11bf4757ffa2ac9ef34ee479,delivered,2017-08-03 20:28:45,2017-08-05 03:03:27,2017-08-07 14:15:43,2017-08-14 18:12:37,2017-09-05 00:00:00
7d11acc91c9f1986270f23fbf9c93e4d,05e237154feb13bc6ef4bb9906d36b5a,delivered,2018-03-06 04:39:21,2018-03-06 04:50:31,2018-03-10 00:43:26,2018-03-23 21:49:54,2018-04-12 00:00:00
d677832afa9db3b30b1ae12129ef4018,8c0029b3b74ed5349f7f4e43cba41b72,delivered,2018-03-02 17:12:04,2018-03-02 17:29:47,2018-03-06 20:04:31,2018-04-03 21:27:30,2018-04-19 00:00:00
b20de8c4d92b516b001daf5375f4532f,dfd302718038530187da374f795960a5,delivered,2018-03-22 11:59:42,2018-03-22 12:15:32,2018-03-23 19:57:52,2018-04-02 17:22:37,2018-04-19 00:00:00
8cc7ecd8057b154fb9227536dba2ce24,26acee41e2f75689a5615892f06ea0bd,delivered,2017-12-05 17:12:11,2017-12-05 18:04:56,2017-12-11 23:46:53,2017-12-12 21:27:01,2017-12-21 00:00:00
539089aba239767ab6256f0eb9a48c75,8882489a6088e4fe968a4ef7284d36a5,delivered,2018-06-01 12:32:59,2018-06-02 03:31:40,2018-06-04 14:53:00,2018-06-06 17:07:09,2018-06-28 00:00:00
d1a6e1e7cadfe1427229d6a8afc29222,d066605889f2209871ba356e9e602fa6,delivered,2017-07-05 00:37:32,2017-07-05 17:39:14,2017-07-10 14:12:40,2017-07-24 21:04:44,2017-07-27 00:00:00
554447ab44775d602bfe7b76e9407b9a,45bbc76ef2722860bbfe8dee150b6c14,delivered,2017-05-23 18:39:50,2017-05-23 18:50:21,2017-05-26 08:53:39,2017-06-16 15:57:57,2017-06-28 00:00:00
b6c6f4d01d8abf2cba4656e026798fee,2a20b9912896ea5933d7207d8ecb9840,delivered,2017-09-13 19:57:35,2017-09-13 20:10:28,2017-09-14 19:34:58,2017-10-03 20:24:00,2017-10-20 00:00:00
39ce583d015282eb748be465a0306f85,940315ea735d972f39c451d478055de2,delivered,2018-06-28 14:13:10,2018-06-29 02:53:22,2018-06-29 14:03:00,2018-07-03 16:48:59,2018-07-24 00:00:00
2ad833b9fd5613588e248a6973e94de4,21af5a6162295193843fcb0c06301dd0,delivered,2018-08-23 10:21:26,2018-08-23 10:35:14,2018-08-24 12:26:00,2018-08-29 17:04:17,2018-09-03 00:00:00
3c9bb68264b21d0acea375d7ea752fef,efe0bc8c596413f5f6193bffdf474f51,delivered,2018-04-13 22:10:25,2018-04-13 22:29:57,2018-04-16 18:32:20,2018-04-20 20:12:06,2018-05-04 00:00:00
d2545da4dd93f38a15c5babeef77209e,aa447b9d0db3aad5c312efa627b9ffdf,delivered,2017-07-18 00:28:07,2017-07-18 00:43:36,2017-07-18 18:04:16,2017-08-09 18:07:21,2017-08-17 00:00:00
a4bc1696d87f667da1b782b7707358ad,7ac341a526beac4680eab4b88c32619a,delivered,2018-08-08 00:57:46,2018-08-08 01:10:09,2018-08-09 15:08:00,2018-08-13 16:49:41,2018-08-13 00:00:00
00ae7a8b4936674ebb701d4a23719a79,a7e8a3cb55d9c9a536992c6465a46a3f,canceled,2018-05-09 14:14:06,2018-05-09 15:51:32,,,2018-05-17 00:00:00
c58cea025bb7cd3c7140a14e442dad1f,6b01fa696d4bcceec2f58d90c840a0ef,delivered,2018-01-07 14:46:44,2018-01-09 07:20:11,2018-01-09 20:42:54,2018-01-10 23:36:49,2018-01-24 00:00:00
244e081969a4166ee413ecc790807e53,a213379bc2b571ff29dfa26f7e843d68,delivered,2018-05-19 00:11:54,2018-05-19 00:33:47,2018-05-22 07:05:00,2018-05-23 19:13:06,2018-05-29 00:00:00
658276ea9713496f567a799baedc188d,7f3754843f5f8f1f45cbca5b405b59eb,delivered,2017-04-20 11:42:01,2017-04-20 11:55:15,2017-04-24 09:18:00,2017-04-27 17:56:41,2017-05-23 00:00:00
4a6c7fdefcd879e7b3eca9f4e8186c76,d767edd8ea7aa3c642c69f22481c4f61,delivered,2017-09-09 20:45:43,2017-09-09 21:03:29,2017-09-12 18:37:57,2017-09-19 15:54:08,2017-09-28 00:00:00
4fe7d00d2bde166848bb86b86054295c,a29a8fc6d1f1361451e6fd7a6880576d,delivered,2018-07-14 22:11:27,2018-07-17 04:32:21,2018-07-17 15:04:00,2018-07-23 19:03:30,2018-08-01 00:00:00
98073f968a57983414bdfe914432f100,1e8ee2859c7abf1bd5109dc08f49ea0d,delivered,2017-04-02 15:16:32,2017-04-04 06:02:46,2017-04-11 06:24:42,2017-04-13 14:03:59,2017-05-05 00:00:00
582410aed951be23237a7de715f5f9e8,64cb405a00338ee30d7964b5f2c9cf10,delivered,2018-04-27 16:02:04,2018-04-27 16:15:18,2018-05-03 19:08:00,2018-05-10 18:26:34,2018-05-16 00:00:00
fe563d119bfc3fde7ce511e31594507c,9fcb83032e28a4d71c3200004c46f62c,delivered,2018-05-18 23:01:55,2018-05-18 23:13:36,2018-06-01 13:14:00,2018-06-05 10:04:04,2018-06-19 00:00:00
e6f9a5b68fb526cd3212c1bb62436c83,2bed5aac2f46c272a55b05a033ff7516,delivered,2018-04-23 22:15:40,2018-04-24 19:06:51,2018-04-24 20:42:40,2018-04-25 21:24:47,2018-05-07 00:00:00
3b516844e485749f7f4e648ee31ab7de,cc37c549df8ca67257fff235c798a0ec,delivered,2017-12-13 22:15:24,2017-12-13 22:30:07,2017-12-15 16:41:43,2018-01-04 20:42:43,2018-01-16 00:00:00
5762393dbc8a827e3c4e95b9f2252329,44acf7fe39d22e91aef0b95baacd7996,delivered,2017-08-14 10:27:59,2017-08-14 10:43:52,2017-08-16 13:09:49,2017-08-28 18:12:08,2017-09-05 00:00:00
141ca33a492a1e577828c4986e4775b2,aebe4c2b4467d067bbcc3852abc825b6,delivered,2017-09-24 20:14:30,2017-09-24 20:25:41,2017-09-27 15:34:18,2017-10-03 19:05:45,2017-10-25 00:00:00
d60267bcb613cfdcfc6cbe8c558c0104,4f891e1528084cd24a399d9fa6fa05b9,delivered,2018-06-09 12:54:37,2018-06-09 13:11:13,2018-06-11 14:02:00,2018-06-21 23:51:04,2018-07-13 00:00:00
3114a4b9e970a79667d2f403e83586f0,682bc9b1f26664d72c9638d63de6ae61,delivered,2017-12-30 11:23:01,2017-12-30 11:30:19,2018-01-04 22:09:04,2018-01-10 18:29:10,2018-02-15 00:00:00
d6be19fade8df35d46c377eaeb737f67,cc6ca9a06de92299b5d0fc5669174398,delivered,2018-01-08 22:15:07,2018-01-10 10:32:45,2018-01-11 22:39:16,2018-02-09 16:44:31,2018-02-20 00:00:00
c73f087113a67a6ef3ce597eb3ae028e,76b2d3449b756c2e84a83128f038c116,delivered,2018-02-27 15:51:09,2018-02-27 16:09:50,2018-03-01 19:38:58,2018-03-05 20:12:40,2018-03-20 00:00:00
dcd8484814a9e470eaaa19a1d7657284,50de73f1e5a078e023fd006b11abf75e,delivered,2017-11-11 16:05:12,2017-11-14 04:26:33,2017-11-16 21:08:56,2017-11-22 14:09:36,2017-11-28 00:00:00
2fbaa53206d7c894eb7fd3a28d5d5592,9e8a0bc9cd150e543c8c6f749dea22f2,delivered,2018-08-06 12:40:45,2018-08-06 12:50:26,2018-08-07 10:52:00,2018-08-13 15:38:32,2018-08-17 00:00:00
94aa11237bc16075072bb3569a0bf5c5,c64e45fbd454c09b9960c3515484f0f4,delivered,2017-07-24 22:28:35,2017-07-24 22:43:01,2017-07-25 22:33:23,2017-09-01 20:59:49,2017-08-25 00:00:00
8b36489702231f1b610f9fcaa210b23e,d307fb8968cc26ea1d0b127c2ede2650,delivered,2018-03-19 10:23:05,2018-03-19 11:30:53,2018-03-20 23:44:29,2018-03-21 16:34:41,2018-03-29 00:00:00
39cf873ad8dfacb60ab26448e511723a,eaf1e7d10b6121a4f5546501c3af0e54,delivered,2017-09-14 15:28:48,2017-09-14 15:44:15,2017-09-15 15:41:59,2017-09-18 21:53:50,2017-09-26 00:00:00
5a5ebfbbca639e25e63f09761e953a44,a37ac9cb206c694271dba8da8c53c576,delivered,2018-05-02 23:54:28,2018-05-04 07:51:50,2018-05-04 15:03:00,2018-05-08 22:21:46,2018-05-14 00:00:00
5d62a96c11871f278906a1123555fb9a,5cb839cc9f60f1a15c2cd80336f953fa,delivered,2017-03-12 21:20:57,2017-03-12 21:20:57,2017-03-13 12:16:03,2017-03-21 08:57:51,2017-04-03 00:00:00
8a713dce9fdac6b51a968b765612a700,db94d9efecb7f6bab1eb7034317c735c,delivered,2018-08-18 15:57:06,2018-08-18 16:10:10,2018-08-20 13:53:00,2018-08-21 19:38:36,2018-08-24 00:00:00
d2cc55640566b7af90b034a218806337,2660e136a18b12ef20651a987333b662,delivered,2018-01-29 19:33:28,2018-01-29 19:53:46,2018-01-30 21:42:23,2018-02-21 22:31:50,2018-02-23 00:00:00
b4cfd92086298b1af6fd30b2625583c8,a1bc2ec71a4ddec969845df90d51b11a,delivered,2017-12-06 16:50:02,2017-12-06 17:13:09,2017-12-11 22:56:53,2017-12-12 20:41:07,2018-01-05 00:00:00
de5663895e88028a4c5a84d46b7475cc,c785e91c77b1e2fc9f642dbf170adbd4,delivered,2018-03-24 09:15:27,2018-03-24 11:41:20,2018-03-27 02:14:33,2018-04-07 01:12:20,2018-04-17 00:00:00
67657701feeda0e62f6364ab7d3add38,4007032059e3f978b304bc9619aee015,delivered,2018-05-30 20:48:37,2018-05-30 21:10:23,2018-06-01 14:31:00,2018-06-06 00:04:04,2018-06-25 00:00:00
f318921851480832ec75983410d612d8,1a9d075178c9d34858c1558c56af1018,delivered,2018-08-20 16:36:33,2018-08-20 17:10:39,2018-08-21 12:51:00,2018-08-28 17:40:44,2018-08-30 00:00:00
1b025e1c2a64571df27e2229bcfe74dd,bd2ede42afdcf96bdcfbd14347344a7e,delivered,2017-11-22 20:33:21,2017-11-22 20:46:19,2017-11-27 16:03:29,2017-12-01 16:34:43,2017-12-13 00:00:00
2c60bc71e6da917194c35fa7c8477e7f,c14ee009789095771e86aece808515aa,delivered,2018-03-05 14:02:30,2018-03-06 03:49:18,2018-03-10 02:18:20,2018-04-16 21:26:58,2018-03-26 00:00:00
ddd825e286b58aca3f41de496744dc1e,03ce599d2de7554119405035652e592c,delivered,2018-05-29 09:41:15,2018-05-29 09:56:09,2018-06-01 09:58:00,2018-06-07 20:22:24,2018-07-12 00:00:00
38422d02f6afe2fd7a700d046a3cabee,e9d57c4662295c8b41c050d116d90a04,shipped,2018-05-22 15:04:49,2018-05-22 15:15:27,2018-05-23 12:55:00,,2018-06-08 00:00:00
cc7dfc8992e6aaa96f3248ff602ee264,aacd86ff2dcccca69c8300e7312df450,delivered,2018-03-25 10:35:22,2018-03-25 10:47:55,2018-03-26 22:12:22,2018-04-09 20:08:47,2018-04-12 00:00:00
8ac8caf128f503ff9cf86d1838fcd2ec,d2c14f1780dff884fbce12665db380a3,delivered,2017-11-28 22:00:53,2017-11-30 15:37:30,2017-12-04 19:52:09,2017-12-11 20:51:43,2017-12-21 00:00:00
e20d0dab2f9762731d15cfc3d85f82ea,c083986c66490615ddf569438d975712,delivered,2017-02-08 21:58:56,2017-02-08 22:10:18,2017-02-10 07:05:21,2017-02-20 08:03:11,2017-03-09 00:00:00
96e46ea85cec2195f5ba671b9b319c81,7eaaeccd5ca09382ddbd7364793f5d55,delivered,2017-03-01 10:08:34,2017-03-01 10:15:23,2017-03-01 15:08:00,2017-03-06 09:17:59,2017-03-22 00:00:00
fd90be5a1209b495105960e8a5b847f8,2242fe2392c34d8a58f3197edc4d1d06,delivered,2018-04-27 20:34:17,2018-04-27 20:50:34,2018-04-30 14:13:00,2018-05-02 21:55:38,2018-05-11 00:00:00
dfe9ed7cb28d282f7cb649346e0898c8,5c56c46e8b5e5131de04d54306750efc,delivered,2018-02-19 12:12:36,2018-02-19 12:27:14,2018-02-20 23:15:19,2018-03-01 00:58:35,2018-03-19 00:00:00
adc555665c1c9b44902b5bf42d4f4c2f,0501cdf44db4f060b106258dbea42f99,delivered,2018-05-01 10:50:28,2018-05-01 11:17:34,2018-05-03 16:45:00,2018-05-09 17:18:01,2018-05-25 00:00:00
06e168d9ebbe911b7113e44536929f11,10ea1c70a7401d768cae1da688935824,delivered,2018-01-03 20:29:39,2018-01-03 20:46:43,2018-01-09 00:12:58,2018-01-23 23:32:35,2018-02-06 00:00:00
d4faff31076a717ccf349a804e59c8a5,81983eb8597592809b5b10a7fe53d97f,delivered,2018-05-20 21:10:02,2018-05-20 21:38:19,2018-05-22 15:10:00,2018-05-28 15:48:38,2018-05-30 00:00:00
9e906dcb08be5abcfe04f3e3a9bbb8bb,9c000f06cc81959dd51932649049b358,delivered,2017-11-26 09:36:14,2017-11-28 03:33:25,2017-11-29 00:58:42,2017-11-29 21:52:59,2017-12-13 00:00:00
3dc9704f804fcd14def080ddb628a245,69321e0f270ea1ff8af1d565826e5a2c,delivered,2018-03-21 13:03:52,2018-03-21 13:15:30,2018-03-22 19:33:02,2018-04-16 23:42:52,2018-04-09 00:00:00
b837d07aca063bfa379766bb6740fdf9,56252fddbb6af46b87f5a070d68afd95,unavailable,2018-05-06 20:12:33,2018-05-07 09:56:42,,,2018-05-30 00:00:00
e84a02d0899d1118f39b570825cce93c,0632a82aafa50f8cb48e367b61c37d30,delivered,2018-03-10 10:21:43,2018-03-10 11:20:27,2018-03-12 21:03:43,2018-03-16 15:08:34,2018-04-26 00:00:00
52e6cb31e6d1cc5510759fc66b3a5385,e7b3dbe663e14bafd654231d7ae5c072,delivered,2018-02-21 11:56:46,2018-02-21 12:28:19,2018-02-24 01:44:33,2018-03-10 00:03:29,2018-03-20 00:00:00
badb6c692d426c37793abe34977de17e,97979d55a21d30d70f19963d62df5de7,delivered,2017-05-21 19:55:20,2017-05-23 03:55:21,2017-05-24 09:51:09,2017-05-27 17:27:29,2017-06-02 00:00:00
bf4931e6025b2bdd77ffa4264659c9e6,8e43a72ca4287806280d0daea3cc46fa,delivered,2017-01-27 18:28:44,2017-01-28 10:31:32,2017-01-30 08:27:52,2017-02-06 09:27:15,2017-03-17 00:00:00
c5af01c76029f8063c756b08fcaf17ae,7501df2dc997d1af77518258a520f8f1,delivered,2017-11-04 08:45:05,2017-11-04 08:55:57,2017-11-06 19:51:22,2017-11-11 17:08:41,2017-11-27 00:00:00
4b7d638196bd6a0a5a0915a8f893225a,cd2cbda774b55ed42201a5b613a45a6d,delivered,2018-03-21 13:38:46,2018-03-21 13:50:33,2018-03-23 15:42:00,2018-04-05 18:21:00,2018-04-17 00:00:00
dc1c38562bafbecca9a27dd77d6bdf5a,c6c30c875a37fd22b85973acf55e600c,delivered,2017-09-23 12:53:19,2017-09-26 06:35:20,2017-09-27 14:53:22,2017-10-02 22:51:48,2017-10-17 00:00:00
110808d8c648f8737e1ba2fbdd5821c6,79a5e280258b3806d34fbe55665a9908,delivered,2017-08-16 14:35:06,2017-08-16 15:35:22,2017-08-17 13:47:29,2017-08-21 19:12:45,2017-09-12 00:00:00
e9de409fda259726830399eaf5fb4e42,0a2e34cd9906d1040ce291b056d90e4a,delivered,2018-05-28 13:52:12,2018-05-28 14:10:46,2018-05-28 14:02:00,2018-05-30 11:21:57,2018-06-21 00:00:00
e393acae9e64be5b2a7d48ef2ae87710,e1cbd7d7fef79591cb827af03dfba3a9,delivered,2018-03-16 13:38:33,2018-03-16 13:50:26,2018-03-19 21:22:06,2018-03-21 14:28:38,2018-03-28 00:00:00
a39f0c9adf755ada2f90b865904e8f1f,1b4390a2af254fa0c9e3f38bd33bc1c4,delivered,2018-05-22 20:58:16,2018-05-22 21:18:25,2018-05-23 14:18:00,2018-06-08 19:42:19,2018-06-26 00:00:00
377bc86e107fd2c7c4f11edb372ec9d5,0f19b346e2641b36cc292fc4f058ec23,delivered,2018-03-26 23:04:23,2018-03-26 23:15:15,2018-03-28 17:58:34,2018-03-29 19:46:56,2018-04-06 00:00:00
16bd72af325ac043d6194e490e2f0f06,e2ecb4130f7ce2e893ae9c42c9af19ba,shipped,2018-04-29 13:02:12,2018-04-29 13:15:26,2018-04-30 16:40:00,,2018-05-29 00:00:00
ba4b43e91b98401f6165023bd0f7984d,79e8b36e4033dcdb5bef5b59a6e664a9,delivered,2018-04-25 22:15:01,2018-04-25 22:31:47,2018-04-26 14:26:00,2018-05-01 01:34:38,2018-05-15 00:00:00
830d8b3e6875ef6165ffc33219ab4fea,154c4ded6991bdfa3cd249d11abf4130,delivered,2017-08-13 10:03:36,2017-08-13 10:24:04,2017-08-14 18:43:45,2017-08-19 12:37:49,2017-09-20 00:00:00
011abf147a69ba486bae3a74b6cd1814,bdbdcd5b18193390b025df518afe94ba,delivered,2017-05-12 11:19:47,2017-05-12 11:30:24,2017-05-12 20:26:45,2017-05-22 11:22:47,2017-06-05 00:00:00
00bcee890eba57a9767c7b5ca12d3a1b,3cecfffcfcdbac8b85cf74dfc8a60166,delivered,2017-07-22 20:51:26,2017-07-22 21:05:07,2017-07-25 19:12:51,2017-07-27 18:34:12,2017-08-21 00:00:00
b316ba513e4b801aada1b9a255b327d6,eb5fd8197c73f714f2e41223565baff7,delivered,2018-02-23 08:59:16,2018-02-23 14:36:40,2018-03-02 13:24:14,2018-04-18 21:11:39,2018-03-26 00:00:00
2f81679117775afb1a3ed7a78186eba8,1d631e96c1ff08ac485fa60f5e040d9b,delivered,2018-07-08 07:13:08,2018-07-08 07:25:42,2018-07-10 08:30:00,2018-07-11 21:59:46,2018-07-19 00:00:00
0ca768c507d1fc3c61bd950bb1c5231a,b3fb50a69d9de3ee23504d2cd66da13f,delivered,2016-10-10 15:20:14,2016-10-10 16:02:25,2016-10-30 11:23:50,2016-11-07 14:51:45,2016-12-06 00:00:00
43787011f63fb232ab281d68142f504f,b2378e4329384d595b08676b7d631a48,delivered,2018-08-06 18:39:07,2018-08-06 18:50:18,2018-08-15 13:06:00,2018-08-16 15:41:32,2018-08-20 00:00:00
0124e0c5bfae1979838a91e47df53f14,6bf7cea1d53d6e27e5debdb2d5049ff6,delivered,2018-02-08 15:31:37,2018-02-08 16:59:25,2018-02-14 20:04:13,2018-02-15 20:11:58,2018-02-26 00:00:00
383730d8be253fb34891920a417f2861,456a071d45cbb3cc872071729ec31dd3,delivered,2017-08-01 11:12:08,2017-08-01 11:30:12,2017-08-08 02:19:44,2017-08-08 19:52:11,2017-08-14 00:00:00
673233aa1d4df67c18c636593b6c38c0,8c3fb712bb2e85992047b1f11ea332e1,invoiced,2018-03-15 16:33:01,2018-03-15 16:49:01,,,2018-04-03 00:00:00
80380dcab14d7ec024883b76a82f04b2,c0be31fb57f9c3424f2207e69b48f305,delivered,2017-09-01 12:06:54,2017-09-02 12:15:17,2017-09-04 17:36:47,2017-09-08 18:35:47,2017-09-26 00:00:00
200cb3a47d4f37e4c7a76abf51fd7ef1,501d2b1bc552e31a3612c5014aa72255,delivered,2017-08-12 10:18:22,2017-08-12 10:30:17,2017-08-16 12:36:13,2017-09-19 16:48:00,2017-09-08 00:00:00
d80f699fe4f9cb9ee6be99a1ff5c3944,9be5bed664fb43b1a191abd9c5b026b0,delivered,2018-07-04 09:59:02,2018-07-05 16:27:45,2018-07-05 15:02:00,2018-07-13 22:26:34,2018-08-02 00:00:00
6d33da353d1319cf0f6c982b71edf354,700df138d5181cae3232ad045b53b8a2,delivered,2018-08-17 13:26:11,2018-08-18 13:29:43,2018-08-20 12:10:00,2018-08-28 18:08:32,2018-08-22 00:00:00
4f1bbd24036e3eca1dd8b87c905b9863,1be9dec1c6ffd52c7e521433e0545b87,delivered,2018-04-12 01:13:48,2018-04-13 13:15:27,2018-04-19 23:16:54,2018-04-20 23:28:49,2018-04-26 00:00:00
e4b2030986f453ba45c63a508073e3d3,fc1930db602f4e5c3ef7aed98aed36bb,delivered,2018-05-02 12:35:31,2018-05-02 12:55:28,2018-05-09 14:10:00,2018-05-18 19:38:46,2018-06-11 00:00:00
fc2f86d56413e4c2e64ffd50117f6a6b,4e6826e816d3a05869a1157eed92c4a2,delivered,2018-03-21 18:52:37,2018-03-21 19:08:26,2018-03-22 20:42:03,2018-03-23 14:51:21,2018-04-03 00:00:00
986babaebfaa430f69a8b2e816db5f14,4bead48ffd893945ec2ff5be738e91fb,delivered,2017-09-03 11:51:42,2017-09-03 12:04:02,2017-09-12 22:43:38,2017-09-19 18:59:26,2017-09-29 00:00:00
d4a27413b758ce1cea90d005252591f9,67378a94f67bbe79e638671cc798612e,delivered,2018-07-24 22:46:43,2018-07-26 03:24:24,2018-07-26 15:26:00,2018-07-31 20:47:00,2018-08-13 00:00:00
10b063d9a52993cc25ea7fe15c9334de,1f417f8c558d5377ea279c84eafbd6db,delivered,2018-07-16 20:48:52,2018-07-16 21:00:42,2018-07-17 14:11:00,2018-07-20 16:12:43,2018-07-31 00:00:00
66909db797c5d3478face7684ef13dbd,7598f2db678cb68d8573f0d0714e2bcb,delivered,2018-01-06 10:10:31,2018-01-06 10:18:24,2018-01-13 01:03:12,2018-01-26 17:29:03,2018-02-05 00:00:00
e717c793c0726c4597d4bcb54916fa9e,b0d76aedeacafea1b1827b55f6dcdb86,delivered,2017-05-14 14:56:54,2017-05-14 15:10:14,2017-05-15 10:58:26,2017-05-17 10:55:06,2017-05-24 00:00:00
831afb751c35fb34357df1f402e12404,dbeb153b43157234d65f324e5816bfba,delivered,2018-04-20 08:40:59,2018-04-20 08:55:20,2018-04-24 01:12:54,2018-05-09 20:48:31,2018-05-17 00:00:00
e517f71dc88296f054e8c386ddce3069,1b4c1968c83e9819f1c2fd4ae1cf089d,delivered,2017-10-16 09:49:38,2017-10-16 10:06:04,2017-10-17 19:25:33,2017-10-23 21:51:45,2017-11-03 00:00:00
b8226aa72dca6aad3bd514885b7b02e8,24847010ba7f47ae100a5e27e6150c54,delivered,2017-03-27 20:29:59,2017-03-27 20:43:07,2017-03-29 12:28:00,2017-04-06 14:14:48,2017-04-20 00:00:00
88435e218393c56a56752fd58b13270f,c8df320cb6236b1c77119c3c0c36435a,delivered,2018-03-31 17:53:44,2018-03-31 18:35:10,2018-04-04 00:17:37,2018-04-10 00:38:41,2018-04-25 00:00:00
5494b2ddfe11df2c043ab5a56a2832bd,d00c87a049eaae583c54eb356e3d1952,delivered,2018-08-05 13:36:36,2018-08-05 14:31:25,2018-08-06 16:35:00,2018-08-09 23:02:23,2018-08-17 00:00:00
8c8681bafb6d998bc0fea19014904e1f,ce42625f9c07335b024dd1a1e8a6fc9e,delivered,2017-09-05 18:26:23,2017-09-05 18:43:53,2017-09-08 20:22:04,2017-09-11 17:58:03,2017-09-18 00:00:00
19cc900610a7e4a2d7691cc93384d224,b77f06832fda847b4b4604e82f075535,delivered,2017-07-08 23:16:10,2017-07-08 23:30:09,2017-07-11 20:12:29,2017-07-26 10:44:39,2017-08-03 00:00:00
004f5d8f238e8908e6864b874eda3391,a69c820c317aa348d781a9d6732afc23,delivered,2018-02-27 12:16:30,2018-02-28 09:29:25,2018-02-28 20:48:42,2018-03-23 00:52:43,2018-03-21 00:00:00
64b45dd4d304401bc5a8b1ba620379a4,444479fd5e4914e1d03d5f3e03bf166d,delivered,2018-07-21 09:55:51,2018-07-21 10:10:18,2018-07-23 08:01:00,2018-07-26 21:44:45,2018-08-08 00:00:00
b701d65353872620da82e696574a589a,0573edc5eccee58dab8992faab015e4b,delivered,2018-06-18 23:14:47,2018-06-18 23:35:55,2018-06-19 14:18:00,2018-06-25 23:48:26,2018-07-19 00:00:00
4a0d049ee6c82b3348a21bb211c0a44d,4bdf8269eff0f30a5f8c14e9df179854,unavailable,2017-06-07 09:53:30,2017-06-07 10:05:15,,,2017-06-28 00:00:00
734bd07307ae901d45f8380b8670c37b,98a53d79e31a94fe70abe75d36e57747,delivered,2017-09-29 13:44:25,2017-09-29 13:56:09,2017-10-03 19:38:14,2017-10-13 14:12:35,2017-10-24 00:00:00
597c3302d155d4d75ee6734213ab487e,e830b1aebce2039e335b7db120aee6cc,delivered,2017-08-28 20:43:15,2017-08-28 20:55:12,2017-08-31 16:12:48,2017-09-08 18:30:02,2017-09-14 00:00:00
55cd5b0cae705a5ea4b5bb325e888eb8,2c2f2a5860e55dd7bd048637328908c0,delivered,2017-12-08 11:41:46,2017-12-08 11:53:36,2017-12-12 18:32:09,2017-12-18 17:41:26,2018-01-04 00:00:00
da822a9c701ddfc1e11802d3c2545964,426c0e74045f1622fdd5d3dbcb20be2f,delivered,2018-03-08 09:31:56,2018-03-08 09:48:57,2018-03-08 21:27:24,2018-03-22 15:17:01,2018-04-10 00:00:00
856a6bef735f48ac9d2c56835924921d,5b07b8efa4b0fb60ec1fb7e5cff88586,delivered,2018-04-04 17:44:32,2018-04-04 17:55:15,2018-04-05 22:38:42,2018-04-09 19:32:02,2018-04-27 00:00:00
8841394958f24da011b72bf4739047f9,7e98e4c9e5495039982aa17bd724e543,delivered,2018-06-12 16:22:59,2018-06-12 17:11:39,2018-06-13 14:08:00,2018-06-27 16:41:44,2018-07-17 00:00:00
3ffd74445bc80b19d008b3281f332bee,d738f3751571f4d590b4741ead89333b,delivered,2017-07-27 10:21:09,2017-07-27 10:31:38,2017-07-28 15:34:00,2017-08-07 18:36:45,2017-08-18 00:00:00
115b01b1f77f0e02812425b6f5cd8f2f,3a33c0707eef44f18059500427d00c67,unavailable,2018-01-19 00:08:45,2018-01-19 00:36:45,,,2018-02-16 00:00:00
35edfe0ed82ffa12bb88c0395209e513,7c6fd9b4e86393049fa65ba80b721759,delivered,2017-12-19 23:30:24,2017-12-20 00:33:47,2017-12-21 22:52:06,2017-12-22 19:53:21,2018-01-08 00:00:00
19ee41b13991f0661a6382e9ebfbacf5,14d326ff26ddc3801ce1d114912438b2,delivered,2018-02-16 13:09:33,2018-02-16 13:26:56,2018-02-21 09:19:18,2018-02-27 19:54:12,2018-03-08 00:00:00
1ecb44533ccf6974a67e7d36d913b027,9e10bfe5eb4c55263654f22bfb0af9b7,delivered,2017-08-07 09:56:09,2017-08-07 10:05:26,2017-08-09 15:30:23,2017-08-25 17:31:19,2017-08-29 00:00:00
d8ab6e868995a618b7abea3119b56789,1b5f6923fe2ad022f3b10073aadf4c12,delivered,2017-07-11 09:59:10,2017-07-11 10:10:13,2017-07-11 19:32:21,2017-07-18 20:54:47,2017-08-04 00:00:00
eb3380fa24705b5a44ac256335e66f9f,fba17b6ecab422fe1c1972562e41bf9c,delivered,2017-08-22 10:37:35,2017-08-22 10:50:32,2017-08-22 18:07:52,2017-08-30 13:22:14,2017-09-14 00:00:00
45356b921c317565a85a7830994e288f,5e1ae27895d0dce5388c6e9529f10840,delivered,2018-07-19 20:03:43,2018-07-21 03:23:55,2018-07-23 13:27:00,2018-07-30 21:27:39,2018-08-02 00:00:00
68a903e76c9eb6216932113b01e811af,bfa69495d356a6913800c3b4a20eae9c,delivered,2017-10-07 10:49:24,2017-10-07 11:04:59,2017-10-11 19:32:50,2017-10-16 23:47:51,2017-11-06 00:00:00
3f4d686018624f3b9275acdb244b0fa4,57398bde8b086b1b3512cc2974d83c01,delivered,2018-03-10 14:52:35,2018-03-10 15:48:24,2018-03-12 20:36:48,2018-03-26 20:57:06,2018-04-13 00:00:00
a9957adf297a6be5e8625b3e93329c6d,7e779aeb9722a44ac85680883c9ee20f,canceled,2017-03-06 20:51:57,2017-03-06 21:03:03,,,2017-03-22 00:00:00
8b02937454ecbf39dea9989375d931e3,eb5cfb1e923b447232fd8d969c517974,delivered,2018-07-10 18:54:07,2018-07-10 20:31:07,2018-07-13 14:06:00,2018-07-20 16:04:52,2018-08-01 00:00:00
0990477f1481cdf40c00d57bb13a1c9b,09cef74048128ea86d84ab0b84a517aa,unavailable,2017-04-20 19:01:56,2017-04-25 08:22:57,,,2017-05-16 00:00:00
ac239060ce7c4835ddea6c657d9b179e,fa8df58dde47182121d2737ac7b8968f,delivered,2018-06-11 16:04:39,2018-06-11 16:42:05,2018-06-12 10:08:00,2018-06-18 21:18:45,2018-06-28 00:00:00
a27b4da2e65922358bc9573acde625be,428d7dfc5b5d5c2d8a28256d81d60932,delivered,2018-01-08 09:16:31,2018-01-10 10:32:48,2018-01-12 20:14:19,2018-01-13 15:37:03,2018-01-29 00:00:00
4f2126447b4bee203db80dfd57fa50cc,adbdaeaf581e9e6d48ca326a68db972b,delivered,2017-06-11 20:29:56,2017-06-11 20:42:30,2017-06-13 12:43:46,2017-06-17 09:57:35,2017-07-03 00:00:00
464cd296e96f72dc09a9601842cc0893,c561b36df059630e116a8d6594ec38b1,delivered,2017-10-19 10:32:32,2017-10-19 10:46:22,2017-10-19 18:53:09,2017-10-26 16:03:54,2017-11-10 00:00:00
5ad3a75d349361186b25fceeffb7a6fd,bfaed4a456a1cd28e5ce16ba9ed3baf1,delivered,2017-11-26 08:10:49,2017-11-26 08:31:51,2017-11-29 12:47:49,2017-12-10 11:23:00,2017-12-15 00:00:00
1ecbc003862e0ec743279fdddb78fa0f,2a2c0a13dbcdeecb4ee2242d223aa86f,delivered,2018-03-12 15:49:12,2018-03-12 16:13:01,2018-03-14 01:35:17,2018-03-21 19:20:59,2018-04-09 00:00:00
0d813b7b5de30d5f15d1d9dd5df3d296,4b40848316adc68105a2e0130a4150b8,delivered,2018-05-31 12:08:20,2018-05-31 12:30:51,2018-06-01 13:26:00,2018-06-13 19:40:56,2018-07-05 00:00:00
adf6c7a4c57ba5caa49483326f12cd3f,fb1d2f6f3278583e93a12235803cecae,delivered,2017-11-27 00:48:53,2017-11-27 00:59:21,2017-11-27 16:09:05,2017-12-07 20:13:51,2018-01-11 00:00:00
473431d0839fce8be53d33d8079a1be8,374ac67bdf1af5238988bef543de61db,delivered,2017-06-06 22:54:12,2017-06-06 23:05:20,2017-06-20 15:12:06,2017-06-30 13:07:39,2017-07-18 00:00:00
ff85c3e4329457e83cb474799a257ccc,bebdd0fa741d459ddb69cf8862bb641c,delivered,2018-01-17 14:02:36,2018-01-18 16:57:45,2018-01-19 17:41:49,2018-01-21 17:44:12,2018-02-01 00:00:00
861f30de872d5ebf55d9e66a880a5c8e,49a7483702871ea7f7c9ebfbd53d0777,delivered,2017-05-03 17:57:29,2017-05-03 18:10:11,2017-05-04 15:04:48,2017-05-12 17:42:09,2017-05-26 00:00:00
1000c0dfd7d9affec26d0db83e5063c4,938c91b3432f5e999ba24d826210eef8,delivered,2017-06-12 10:16:40,2017-06-13 05:02:52,2017-06-13 14:13:03,2017-06-30 15:06:39,2017-07-05 00:00:00
da6f4983b13d38e911e7c8f60771ba66,8bc508aa204c3d1ebc8eb08aee69ae37,delivered,2017-12-26 11:36:12,2017-12-26 11:48:47,2017-12-26 20:28:52,2018-01-04 16:53:22,2018-01-29 00:00:00
15010af27d8cf1619efb2867f47ebc51,f8a069c2a2ce5ac98d668ad6a7950cb8,delivered,2018-02-20 22:08:03,2018-02-20 22:27:34,2018-02-27 16:18:01,2018-02-28 16:39:10,2018-03-06 00:00:00
3f72d2b757e725cd48a4726f831c7789,e0de521fbb397bd7e83d079fe66357b5,delivered,2016-10-04 13:15:46,2016-10-04 13:47:04,2016-10-10 16:45:50,2016-10-17 11:25:59,2016-11-28 00:00:00
57234dd70be5134da4994cc77f7d7693,532aae4ddf6a6def2c14258c4a1b2ed8,delivered,2018-07-25 08:25:06,2018-07-25 08:35:15,2018-07-30 12:52:00,2018-08-07 21:04:09,2018-08-14 00:00:00
99642f7c1549b12bcc0ddc010075030a,3b21e235a9bb02ab719d59a2e4db2818,delivered,2017-11-28 16:01:14,2017-11-28 16:18:30,2017-11-30 13:48:47,2017-12-01 18:52:39,2017-12-12 00:00:00
6046bc15c899ee2dd06d1a235f9f61c9,551c3d5349e8367c1edcdf2ebcd1b47d,delivered,2017-08-28 14:43:46,2017-08-28 14:55:23,2017-08-29 22:03:53,2017-09-01 20:19:55,2017-09-14 00:00:00
6092fe3ad5ec1596a921d582eb9838f1,0fffabab5f1cf705c6712d7d94a72ab7,delivered,2017-04-18 11:50:21,2017-04-19 02:45:48,2017-04-20 15:47:25,2017-05-05 20:22:01,2017-05-10 00:00:00
6c8301b08c7426b14823e6362151d190,1c489feb0e580cc8e3efaeadb2a9caa1,delivered,2018-05-09 19:36:34,2018-05-10 16:58:49,2018-05-11 15:03:00,2018-05-24 21:59:40,2018-06-12 00:00:00
76efb2fbb5b0e732ba6c77c63d263b59,2fb4bc911e1d0cac4789223573da742b,delivered,2017-03-23 16:38:33,2017-03-23 16:50:17,2017-03-24 14:03:04,2017-03-30 13:08:13,2017-04-18 00:00:00
cedc76a4705652d7e79bc6d364500ba6,3e96c6da239f67215a3d66587dcff124,delivered,2017-09-30 18:38:46,2017-09-30 18:57:50,2017-10-02 21:53:17,2017-10-09 12:29:57,2017-11-07 00:00:00
08ede61c43aa112b05a8207ec1847298,0671272d236e58448b3cbdb7f819f6f7,delivered,2017-06-15 13:24:29,2017-06-15 13:35:14,2017-06-22 09:05:17,2017-06-29 10:42:41,2017-07-06 00:00:00
c716cf7b3e3bdc07c0e72acc2b182b99,d89ac9eab8ca8626df80419d549d8427,delivered,2017-11-05 15:17:00,2017-11-05 15:30:27,2017-11-07 15:28:55,2017-11-08 22:59:00,2017-11-27 00:00:00
7707b1061567c2bc77fe8c3724a3d615,b812fe1010f04eacc4a420582ecf90e3,delivered,2018-08-07 16:16:46,2018-08-09 03:50:20,2018-08-17 15:43:00,2018-08-22 22:16:31,2018-08-24 00:00:00
54639840f0eaa99e45fe2622a943087b,548ebf55669f022cf2e9ac8a53229d27,delivered,2017-08-15 13:26:37,2017-08-17 03:05:22,2017-08-18 21:28:03,2017-08-28 15:54:48,2017-09-08 00:00:00
b79a0cda08be9c158bf0709bdcc1af76,3d6646146ec066f0beea6c37ef49b705,delivered,2017-10-05 13:36:03,2017-10-05 13:49:36,2017-10-09 19:14:04,2017-10-17 21:27:56,2017-11-09 00:00:00
e1bd2228c92c296ee03ec76b523fc5e1,e903a9269d45d790749851d32f9f6f62,delivered,2018-06-06 11:43:15,2018-06-06 11:55:39,2018-06-06 15:39:00,2018-06-13 19:11:55,2018-07-20 00:00:00
14675586d82f55dea6b8b539f427ccad,f7b33dc41f6ddd40b442f6f289b82714,delivered,2018-01-19 14:42:23,2018-01-19 14:57:25,2018-01-23 15:22:44,2018-01-26 16:05:07,2018-02-09 00:00:00
1b3870263ab7aa66a5e2ca30df8fd3d7,f0654b836659036175a0103e9fcb2e4e,delivered,2018-05-30 10:58:06,2018-05-30 11:10:13,2018-05-30 15:13:00,2018-06-08 13:26:25,2018-07-03 00:00:00
0a7dd1e47d756727fdfe4b0daf9a655b,d00f51a52d942dd722d22577d4f8c4cd,delivered,2017-11-25 12:55:03,2017-11-27 12:55:28,2017-11-28 18:43:01,2017-12-03 18:37:40,2017-12-13 00:00:00
ec0a8fddc4bad60fdede680f197bfc8a,9a3717c81dc5d2a688e780b5d8909e37,delivered,2018-06-16 21:51:14,2018-06-16 22:18:21,2018-06-19 12:28:00,2018-06-26 22:48:41,2018-07-17 00:00:00
6a3d17234ba4b82167e2b8d9a6ca6602,c7c8e04c15ed45ef8fcfdb5beae1ad2d,delivered,2017-05-03 18:26:18,2017-05-08 23:33:05,2017-05-09 10:13:55,2017-05-11 10:27:07,2017-05-25 00:00:00
a13d02b31625a8f75ca5aa080d698c8e,f54327cc08d1d6b091e42d28d2c6385d,delivered,2017-12-05 11:23:29,2017-12-06 02:50:17,2017-12-07 16:28:55,2017-12-08 21:43:02,2017-12-21 00:00:00
cf2b1a6921421d6455c8be0a1e2677d4,32dbb571332b3f2cb1bf946ab1cede82,delivered,2018-08-22 10:28:17,2018-08-22 10:50:26,2018-08-22 12:05:00,2018-08-30 20:38:35,2018-09-06 00:00:00
b9f824a81d19d3d8139194f093db9d19,4a3b31cad40ec7ab9426df7a64d2edb0,delivered,2018-02-18 06:58:14,2018-02-18 07:40:25,2018-02-21 18:46:44,2018-02-22 19:13:59,2018-03-05 00:00:00
a9383c949571ed7784f4bc07275752e9,e91028540517d0d7c1c12fc938abed23,delivered,2018-03-28 17:07:26,2018-03-28 17:27:54,2018-04-09 23:23:23,2018-04-19 14:42:54,2018-04-19 00:00:00
64a0f964b7b91b348c6cf4d3e2deb256,c00e20c9280d6f5fc3e698c952a3201e,delivered,2018-06-20 15:33:57,2018-06-20 16:01:38,2018-06-21 14:19:00,2018-06-30 00:47:26,2018-07-20 00:00:00
30a022caf1ba5b86f28124ed216c859f,796ce94893586f6db66268eab548a442,delivered,2018-03-06 22:50:41,2018-03-06 23:09:15,2018-03-09 17:36:26,2018-03-20 17:24:41,2018-04-17 00:00:00
5cae141c3dd545d1d08687790cf11e33,fc01be5a07da7c0f32af1ffeaf716e81,delivered,2017-06-16 01:38:26,2017-06-17 01:30:13,2017-07-04 10:21:29,2017-07-05 15:40:06,2017-06-29 00:00:00
b58613b6198d11176ee50ef1d433bfbd,e0cd956b5c6d7ca73cf45c57fdb4e985,delivered,2018-07-17 17:42:27,2018-07-18 02:41:44,2018-07-31 14:34:00,2018-08-06 22:44:55,2018-08-07 00:00:00
bde8e850ff076b1b4ddfb8e65c79893a,cb7e1f3f76ff67320ccaaccb20da3e43,delivered,2018-02-04 00:01:02,2018-02-04 00:15:49,2018-02-07 02:48:36,2018-02-21 23:11:52,2018-03-12 00:00:00
e7ae5aa5c6aee358cae7da910d48fe36,f612c18e7425b557b4137950a546bd13,delivered,2017-06-13 09:46:55,2017-06-14 02:22:57,2017-06-16 10:07:52,2017-06-27 15:46:38,2017-07-18 00:00:00
518cc3d6b4d14d503ee41b6dbe4e1c70,0a2fb338be75030ed18b1c9073863abb,delivered,2018-06-13 16:07:45,2018-06-13 16:39:43,2018-06-18 15:19:00,2018-06-25 22:05:06,2018-07-18 00:00:00
2bf247ba0fa83d6f30b133c7dc349f3a,57ee7fdc80ac873efd608d0a254fba09,delivered,2018-04-20 18:27:16,2018-04-24 19:02:47,2018-04-23 19:17:30,2018-04-26 19:34:49,2018-05-16 00:00:00
0eb7aec5fc39bddda0c24ee5cf824415,1e57c443e89e347a469a7a94b902e9f2,delivered,2018-03-23 11:39:18,2018-03-24 02:10:59,2018-03-29 21:57:28,2018-04-17 22:57:21,2018-04-30 00:00:00
d1014219440f60c0dafbedd79215e002,a3868c90d764166a10415c1caf38e78e,delivered,2017-10-25 00:34:35,2017-10-25 00:56:55,2017-10-25 19:17:35,2017-10-31 18:57:35,2017-11-13 00:00:00
885e6b2a928b8989d31fe2e7db3a55f4,fdc9ea90bfb6df0f7f53217158a3ce0d,delivered,2017-11-24 18:03:04,2017-11-24 21:16:21,2017-12-07 00:35:09,2017-12-16 19:59:03,2017-12-26 00:00:00
41c45378fe62363faf80c45523a198f1,c68273998ee18269998844883ed238bb,delivered,2017-07-16 19:03:15,2017-07-18 05:50:19,2017-07-19 16:41:59,2017-07-20 18:04:41,2017-08-02 00:00:00
a981518e0f2a9067f3129b87bad40285,ad66b15f07f47431f36ab4c551364262,delivered,2018-02-17 17:33:28,2018-02-17 17:46:42,2018-02-21 21:55:44,2018-03-09 22:58:37,2018-03-14 00:00:00
e138166b54ea9292f505d07a4999db88,9993ed85cbf57e345720e3cdcc8c47c0,delivered,2018-06-13 12:45:36,2018-06-13 13:16:36,2018-06-13 14:50:00,2018-06-14 13:12:20,2018-06-25 00:00:00
3dedd60b79ed5b4e116046e2486fd329,a1af4ccd7d8b4451112f2df8c61d0ba3,delivered,2017-11-24 08:08:32,2017-11-24 13:13:25,2017-12-01 20:36:59,2017-12-14 16:22:33,2017-12-18 00:00:00
2d62ae6267e4fadef5b636987094dd99,27b1dcf8d024957e6a19aa018f014dd3,delivered,2017-09-06 09:34:48,2017-09-06 09:45:38,2017-09-06 20:04:10,2017-09-18 19:33:58,2017-09-29 00:00:00
86309254ed4a0698cf9b97e5d28637df,808bede9c1df0d6a2963e6bb3f4e0470,delivered,2017-11-25 10:19:24,2017-11-25 10:30:14,2017-11-27 17:32:01,2017-12-18 17:12:19,2017-12-26 00:00:00
a575e7dee2aa0e8876e2e8a1a3bdd644,fd5f007247569f77c57f685b8035241d,delivered,2017-11-15 22:05:18,2017-11-15 22:15:31,2017-11-16 19:26:55,2017-11-24 19:02:14,2017-12-06 00:00:00
3ce28675a76726b00db6e5f1a3f61a5b,e81b380b3c669bfebd48ec3f0f679bcd,delivered,2018-07-28 20:43:06,2018-07-28 20:55:25,2018-07-31 14:26:00,2018-08-03 19:46:44,2018-08-20 00:00:00
88847f255be578610b9c0233f7dc2b86,dd27a8972166033eeb2e57761329d5db,delivered,2017-08-31 09:53:26,2017-09-01 04:35:14,2017-09-06 20:16:39,2017-09-11 18:27:42,2017-09-22 00:00:00
5ca62592256e82604cb922a22fd3b69b,958010b935cffa45cf155732f46113f9,delivered,2017-05-25 22:26:45,2017-05-25 22:35:21,2017-05-26 15:24:52,2017-06-18 09:34:38,2017-06-30 00:00:00
24a6cba94937d6908dec93e82249d67e,a99ec4e97b0e06139d5e40154fe73745,delivered,2017-12-12 20:44:45,2017-12-14 14:35:27,2017-12-29 00:25:08,2018-01-13 12:52:14,2018-01-08 00:00:00
e6dbbd3eadd03d333cd36b4f5a951f17,83c0be46aac25ee599b2d3ef08b986fc,delivered,2018-01-02 14:45:26,2018-01-04 05:11:06,2018-01-09 20:18:30,2018-01-13 14:57:20,2018-01-26 00:00:00
32f7089f715424548bd5307fded896d3,68afce1222a45541ff5fa4cfabb6cbc7,delivered,2018-03-05 15:49:01,2018-03-05 16:09:33,2018-03-07 19:38:37,2018-04-10 20:08:28,2018-03-27 00:00:00
13753a4e6ae3b0201fb95003db4af823,142695f924c6f0229ac86a7bc6f31609,delivered,2018-07-18 11:56:07,2018-07-18 12:05:17,2018-07-18 15:19:00,2018-07-20 21:56:32,2018-07-27 00:00:00
d2621293a99afa3b92948bc9c9121c8e,897b0d2314e1886d01454dfe633dbd2a,delivered,2018-02-13 16:27:00,2018-02-15 03:47:35,2018-02-19 20:52:02,2018-03-05 17:41:59,2018-03-09 00:00:00
5cbab05b634ce976dce3c53ebfad1058,f845a6b798ec0cd1f5fd81b8744c6e68,delivered,2018-04-15 09:53:19,2018-04-15 10:15:19,2018-04-16 19:41:20,2018-05-03 17:38:43,2018-05-11 00:00:00
27e82e1666b119aaadc6466019e50bc3,0c6e1c99ede0af1d66df832917e4d7bd,delivered,2018-08-14 16:08:22,2018-08-15 03:30:29,2018-08-15 14:54:00,2018-08-17 20:02:19,2018-08-20 00:00:00
76a6cde2f1431bc0834cad44ad2f472f,061a2277159342ce2a3bc5a603856fca,delivered,2018-02-03 22:26:51,2018-02-03 22:49:43,2018-02-06 16:18:25,2018-03-11 13:41:50,2018-03-06 00:00:00
b537ca3494311804a1191ad6a0dddf05,0a69b1982841326bf633a5073f8f4c00,delivered,2018-05-28 07:50:53,2018-05-28 08:15:03,2018-05-28 12:35:00,2018-06-05 16:36:21,2018-06-28 00:00:00
ff1f8f328e5a59ac754240b6dd31bcb4,ba53e87622e90e0a905d871c0c8d53af,delivered,2017-08-10 16:07:21,2017-08-10 16:25:17,2017-08-14 20:59:59,2017-08-19 14:17:43,2017-08-30 00:00:00
6d1832bd42dccbd91d1ce32da7f54492,1d12f3eea210892c245c9be2bd17a93c,delivered,2018-07-01 12:02:12,2018-07-05 16:19:44,2018-07-03 19:25:00,2018-07-04 22:37:38,2018-07-16 00:00:00
76863cb4cf1a8ca82f55c78c02cb47a1,1d495a4c050f815224277093585e5eb2,delivered,2017-10-19 07:57:23,2017-10-20 02:56:13,2017-10-20 18:47:29,2017-10-31 18:59:53,2017-11-10 00:00:00
2f7c478f21ac2d388886deb706e200b3,c725f6acf0e78328b3532826dccf5038,delivered,2017-02-25 11:31:00,2017-03-02 04:10:21,2017-03-07 11:36:33,2017-03-14 12:05:59,2017-03-20 00:00:00
04211073930bd30b88b8170431a071ed,2f79ca5a979f66eb36747f4b354be942,delivered,2017-05-23 08:19:35,2017-05-25 02:55:16,2017-05-25 09:31:02,2017-06-02 15:54:50,2017-06-14 00:00:00
f0fb77580603e4f955c60d3fe023553f,448f1034e6bf87ad818490b3d1708360,delivered,2018-07-19 09:25:25,2018-07-20 04:35:15,2018-07-30 06:16:00,2018-08-02 20:56:56,2018-08-15 00:00:00
49e4c4907bdae7153ea492e2827fe5ab,09d35a85e870a6f5425234574a0ae1c9,delivered,2018-08-02 17:13:46,2018-08-02 17:30:24,2018-08-03 13:56:00,2018-08-10 06:08:36,2018-08-16 00:00:00
d3617ef729315e3964c28a7404030da3,056b8fbe81db69afef46a5c38b8f9732,delivered,2017-09-18 08:45:44,2017-09-18 09:05:43,2017-09-18 17:42:19,2017-09-27 20:53:38,2017-10-11 00:00:00
642a8a89c36a8b2f4884cd8e68168247,64fc1ea0b3ef7d792474f9cce8ddbfb1,canceled,2017-11-06 21:02:18,2017-11-07 04:32:12,,,2017-11-27 00:00:00
b0645176abf1df25bb73ba0afcc20be3,91508c285297e223204b0b2952d92344,delivered,2017-06-15 01:15:36,2017-06-17 03:47:39,2017-06-22 08:37:40,2017-06-29 11:35:00,2017-07-06 00:00:00
f97ce00d14a023fd79a2db6216c031db,877d667faa33c5ddb4659f8616d01528,delivered,2017-02-07 00:16:04,2017-02-08 03:05:22,2017-02-13 08:12:04,2017-02-22 17:17:34,2017-03-08 00:00:00
e302325f2e375cbc308a2e09a091879a,eb69c7715d71346c7542c52b8ecb3923,delivered,2017-03-10 17:25:34,2017-03-10 17:25:34,2017-03-15 14:44:42,2017-03-20 16:12:04,2017-03-31 00:00:00
1f8e0e89284fdf01a57b281f24e96398,271bbf1dbaee50087a9e0b5e5f76fc0b,delivered,2018-05-17 11:18:48,2018-05-18 04:35:59,2018-05-18 12:33:00,2018-06-04 19:44:41,2018-06-06 00:00:00
14896b78d03e4c9b80d6b32f73b2fb0d,0bc0850d0f0f4d17c5faac1f564e2a7c,delivered,2018-08-23 15:16:01,2018-08-24 03:10:28,2018-08-24 12:35:00,2018-08-29 16:26:38,2018-09-10 00:00:00
c1219b88f5d48e3d0dd3229cbd88a722,fd8bcbf20fe64611607198391a80de59,delivered,2017-06-01 07:48:03,2017-06-01 08:02:38,2017-06-01 14:31:49,2017-06-14 14:08:49,2017-07-04 00:00:00
b863ec287a0a4f65531e02e8983f0d96,efe08982a49e9a8da90432a7bacf7a87,delivered,2018-02-16 19:52:59,2018-02-16 20:07:04,2018-02-19 16:07:02,2018-02-21 19:24:58,2018-03-05 00:00:00
ae4f22807612872a18f951767760f6bf,a777041c2eef52d6bf3fda896c12c1f2,delivered,2017-12-23 10:16:25,2017-12-23 10:28:35,2017-12-26 17:09:33,2018-01-16 14:41:36,2018-01-24 00:00:00
454f02c2698ee870f2ebc3741d64540e,6849a0e24b4e6536f70e37b24f5170e7,delivered,2018-08-05 12:25:20,2018-08-05 12:44:14,2018-08-06 11:55:00,2018-08-13 19:05:31,2018-08-28 00:00:00
75b71f40b3c71469d12c7e4dc2ce0794,ee5c2e36a79081c2440e61990ec2f3af,delivered,2018-01-25 12:47:39,2018-01-26 03:16:04,2018-01-26 17:09:30,2018-02-05 19:26:54,2018-02-20 00:00:00
1b0a4a31fc0d7e48066ec01d14ed1b5a,831549b2d6aa4f9793c3308a8054b933,delivered,2017-04-09 11:18:56,2017-04-09 11:30:12,2017-04-13 14:27:13,2017-05-09 05:07:43,2017-05-12 00:00:00
306b4ec62d908535f2bfa2877665e899,2306cc5d9784d518dce0f1d7649b1d61,delivered,2017-12-10 18:07:24,2017-12-10 18:14:28,2017-12-11 18:19:19,2017-12-16 14:57:12,2018-01-18 00:00:00
768f78186d59eef3d5f40db13f5bcb8d,209e2df1f5f3ecc30a4eeab722f413ff,delivered,2018-05-15 07:44:46,2018-05-15 07:55:15,2018-05-15 15:15:00,2018-05-16 15:48:27,2018-05-24 00:00:00
ee26442f130a74cb3b1d184ece5acd12,2fffffc689dec2be34acc43ac9584586,delivered,2017-07-28 19:39:19,2017-08-02 02:34:41,2017-08-16 18:57:45,2017-08-17 21:48:51,2017-08-15 00:00:00
db6953ee3e550b44b0876aef0ce63dd5,a259c06d14baf614184f83379b7c1e36,delivered,2018-08-25 20:26:07,2018-08-25 20:35:14,2018-08-28 11:39:00,2018-08-29 16:26:57,2018-09-06 00:00:00
48e57df5132333c7c43df89d2c531ff1,35f68adc8ec170ab999117525306afc9,delivered,2018-06-02 16:41:25,2018-06-02 16:55:20,2018-06-04 15:11:00,2018-06-09 18:18:35,2018-07-11 00:00:00
cf70b7c4ec0170d19ee4259edded4b00,08196b45594139b1c08f91a2dee1ec3b,delivered,2017-09-29 10:09:48,2017-09-30 02:14:19,2017-10-02 15:04:18,2017-10-10 17:20:17,2017-10-27 00:00:00
5b5028d53cd0fe5647fe4968399194aa,51720e74ecbc9d52b02495f8cbe546d1,delivered,2018-02-18 12:29:09,2018-02-18 13:30:31,2018-02-20 19:07:23,2018-03-16 21:35:48,2018-03-16 00:00:00
e136cb9b855e25952b35078ea8287229,a925f54d80ababe092b80fc6fdc1a948,delivered,2017-11-11 16:44:00,2017-11-11 16:56:46,2017-11-17 17:08:58,2017-11-28 10:12:46,2017-12-12 00:00:00
4e096e3777d66a0e5f9df299cb080acb,7705abbfecc352e5fc4883d03056cd34,delivered,2017-05-13 11:46:29,2017-05-13 11:55:22,2017-05-16 08:54:19,2017-05-22 15:28:51,2017-05-25 00:00:00
e6923cdf9090c6636e480d50c3512344,345558fbe90bd23ed54c5489ed4b7626,delivered,2018-03-23 08:20:55,2018-03-24 02:28:43,2018-03-26 18:58:35,2018-03-28 22:57:28,2018-04-12 00:00:00
22fee62c2b437df078309d53efb2ec30,e8eaf1cd83fb76f65bdf87f4ab372d59,delivered,2018-06-26 22:07:14,2018-06-27 08:53:25,2018-06-27 10:20:00,2018-07-03 03:11:13,2018-07-30 00:00:00
18fe9e7ed59582d16d26a9bd99872e7c,78043bcc27dcd1059c277f7206b21c07,delivered,2018-05-20 11:22:22,2018-05-20 11:38:17,2018-05-22 09:37:00,2018-05-28 19:51:59,2018-06-08 00:00:00
40ded1def93af58d921116148bcc30e7,f8de804e08c544b9e51607947fc9c5e7,delivered,2018-02-10 13:54:44,2018-02-10 14:10:25,2018-02-16 20:18:58,2018-03-13 22:12:30,2018-03-16 00:00:00
880d0b678864b60cb1a087a3a0a896f0,96aaf5651780af178def64669ec0d951,delivered,2018-07-13 17:46:13,2018-07-14 02:55:18,2018-07-16 14:41:00,2018-07-24 15:48:47,2018-08-02 00:00:00
a01f943f4a95572159f0603bd160d67a,636a71e8e595e27362790f200dc2a391,delivered,2018-05-16 14:03:55,2018-05-16 15:19:15,2018-05-19 08:49:00,2018-05-23 20:13:56,2018-06-12 00:00:00
582fcbf6c15d85c705d101b4a3b6c25f,934bab8309cb5fe3e752f21cea484530,delivered,2018-02-21 17:06:23,2018-02-21 18:00:22,2018-02-22 21:35:48,2018-03-02 17:27:41,2018-03-14 00:00:00
d23aab0e21efafc3216ce27c05565a96,7741a2c7f0be3dda60452f7c55769146,delivered,2018-05-28 23:23:31,2018-05-28 23:35:19,2018-05-30 13:12:00,2018-06-04 21:36:47,2018-06-20 00:00:00
a1eb0b36de05bd4a683d3f6a90eb5dc5,3ae9f33d719cd332ec9cfb388ec7c078,delivered,2018-02-14 12:56:18,2018-02-14 13:07:39,2018-02-16 23:56:31,2018-03-06 15:22:43,2018-03-13 00:00:00
bbc2ceb7904160da9ea4967f93a1a087,2e6ace0ce983d79b53c08337c9dbdcc7,delivered,2018-01-18 17:46:41,2018-01-19 17:50:16,2018-01-22 12:49:15,2018-02-03 16:45:11,2018-02-09 00:00:00
f5d086ba1ba04aa3f5417e0b6961348a,fce713ce55413765136bfd209d5a6542,delivered,2018-01-25 17:47:37,2018-01-26 03:16:46,2018-01-29 17:38:55,2018-01-31 14:32:59,2018-02-20 00:00:00
257006b4652ed6214a889913fec6a5ca,27d1cf404f0460a10612b45cee7f8821,delivered,2018-03-20 23:55:09,2018-03-22 19:48:07,2018-03-23 19:13:59,2018-04-05 21:32:03,2018-04-09 00:00:00
443bc8cc2feef50a6b416a0645dbf7b5,bca356cac6ba081296797634c4037941,delivered,2017-03-21 14:46:40,2017-03-21 14:46:40,2017-03-22 10:07:47,2017-03-27 10:14:57,2017-04-07 00:00:00
dec806358e32446003f5fea8111b10e8,c3401b67e055a675e4fe595c638b2790,delivered,2017-09-17 20:41:21,2017-09-17 20:55:18,2017-09-19 19:15:59,2017-09-27 15:35:55,2017-10-09 00:00:00
d0a945f85ba1074b60aac97ade7e240e,4a44c8f258b8780e1da133c1f1c39854,delivered,2018-04-30 20:24:53,2018-05-01 03:15:13,2018-05-10 15:17:00,2018-05-11 17:16:36,2018-05-28 00:00:00
c8ee25817be1ba8d4baa1d441aff6d48,9c770082c3231d8cc46aa872c037b9d2,delivered,2018-08-12 19:56:59,2018-08-12 20:05:21,2018-08-13 11:23:00,2018-08-21 23:28:51,2018-08-24 00:00:00
a34cb116fd337ef68f4d8057031b39a5,f4f06b67ddcc8a9efa90a1719558dbe1,delivered,2018-07-05 13:27:33,2018-07-06 02:51:02,2018-07-06 11:49:00,2018-07-12 20:32:33,2018-08-07 00:00:00
b0238d84c31a9da40adc77dac0a117e8,11dee497bfc1ac6d65615bd4e2f10f2b,delivered,2017-10-29 16:19:18,2017-10-29 17:31:20,2017-10-31 19:37:24,2017-11-03 18:47:00,2017-11-10 00:00:00
c80454d8f4c7472827a5b2ec53cf85e5,17494c3f34d7feb4f62b47e76ea1be94,delivered,2017-08-11 15:52:07,2017-08-12 02:55:08,2017-08-15 14:07:38,2017-08-23 11:58:17,2017-08-31 00:00:00
16424ce30b370cd4ad36d4aa24baf5f2,78d4ede5c759a45ff8a456070ae1c11d,delivered,2018-04-15 13:53:12,2018-04-15 14:09:43,2018-04-16 18:34:30,2018-04-17 18:32:01,2018-04-30 00:00:00
3d8548cd4cec4412f9007bf10e67b70f,58c39b85579b280bb8c173de81749e7f,delivered,2017-11-28 17:12:30,2017-11-28 17:35:47,2017-12-06 19:52:38,2017-12-11 15:54:42,2017-12-12 00:00:00
7834f61a42c24bfd83ff86a2886344d9,fc095837bc58e78ea02238dc7d6d3e0c,delivered,2017-12-02 11:17:52,2017-12-02 11:38:24,2017-12-04 21:13:08,2017-12-05 19:53:21,2017-12-20 00:00:00
9843c2a66fe0afda6509bc4274f743de,f6611745e44d78a6632f02f45c51e734,delivered,2017-01-30 15:12:23,2017-02-01 15:32:19,2017-02-10 15:43:11,2017-02-17 09:38:44,2017-03-29 00:00:00
cd4264a49b0c7d241e0ba8e454586ec4,f5ec9d075724aa5e4ede6b3e8442440b,delivered,2017-10-25 15:27:48,2017-10-25 15:46:06,2017-10-26 20:27:12,2017-10-27 11:32:49,2017-11-07 00:00:00
1e7058a9b831d3c87467082f9d306253,3b810ba824e880d525a1a1687947f30f,delivered,2018-02-13 20:21:43,2018-02-13 20:35:23,2018-02-14 17:55:08,2018-02-28 20:38:04,2018-03-14 00:00:00
842784b3b697f1dbb51781a20352709a,619718b8cfa49a9a4a47287d7344bd1a,unavailable,2017-09-05 17:32:12,2017-09-05 17:47:26,,,2017-09-26 00:00:00
bdbdfbdaa06c3a19dbea7cdf75c17929,bebb9511585f29e23eddf2394cd9e3c3,delivered,2017-08-11 23:32:41,2017-08-11 23:50:12,2017-08-14 09:46:12,2017-08-18 17:03:29,2017-08-31 00:00:00
bb66054173f41d6e29497808a82a614a,1930ebf86fd1bdd9ee6f1dcc6b81773a,delivered,2017-04-30 22:28:03,2017-05-03 11:11:30,2017-05-04 16:34:55,2017-05-08 13:47:57,2017-05-23 00:00:00
e72225f0958755f8cf49592aa3b45518,b6d1acc2745a778bfd14145b38d46fd6,delivered,2018-05-14 22:32:53,2018-05-16 03:15:01,2018-05-17 13:19:00,2018-05-22 15:04:47,2018-06-14 00:00:00
e0f9722525043b60edddacd46709fea1,a89cadca9c9e913ed236af9991cfd22d,delivered,2017-05-11 22:41:40,2017-05-11 22:50:21,2017-05-12 21:37:56,2017-05-19 08:34:51,2017-05-31 00:00:00
036dd381dfb3ec75e0a63e14828cc871,00f5116a953fdf1b86dd0deb055c0e12,delivered,2017-09-04 22:25:24,2017-09-04 22:43:55,2017-09-05 20:49:41,2017-09-13 20:36:57,2017-09-27 00:00:00
c0850e79daf52e54ddc594485a4819d2,199261b79f63b071d8c40c82607857b4,delivered,2018-06-26 19:46:09,2018-06-29 02:53:13,2018-07-06 11:34:00,2018-07-12 16:05:38,2018-07-20 00:00:00
c2d1ffacb651ff60aad31b4ffdc9ac80,08f75c833b2e83e9627a628cac46f69e,delivered,2017-06-23 19:09:14,2017-06-27 03:45:18,2017-06-27 14:19:00,2017-07-03 15:05:07,2017-07-17 00:00:00
3890fcf8a1670d214325e87baaa8c526,09a6d481d28965b838840b78bbabc13f,delivered,2018-06-09 09:59:44,2018-06-12 05:16:41,2018-06-12 14:21:00,2018-06-27 13:51:13,2018-07-05 00:00:00
f584750a7d396178965d61cce2bf2c9a,0d9042bd800016a09f39508f92f969a1,delivered,2018-01-16 18:53:22,2018-01-16 19:10:51,2018-01-18 18:04:23,2018-01-20 13:18:57,2018-01-31 00:00:00
6bdf325f0966e3056651285c0aed5aad,6289b75219d757a56c0cce8d9e427900,delivered,2018-05-22 23:08:55,2018-05-22 23:36:01,2018-05-23 19:02:00,2018-05-24 11:58:23,2018-05-30 00:00:00
4b7472650d90b16f5169d774d1e32292,c9c813b7dbdf3fddd1e25b8581a58f19,delivered,2018-03-01 17:15:24,2018-03-01 17:30:37,2018-03-02 17:38:24,2018-03-05 16:57:09,2018-03-14 00:00:00
621be24850f6edd2e8dbd75a0f19668a,06be66243346e59b86a04d25496b19e3,delivered,2018-06-26 14:45:11,2018-06-26 15:15:55,2018-06-26 15:42:00,2018-06-30 18:43:26,2018-07-31 00:00:00
e279507171f43a7609f31b89e48cbc35,0fc0f4437984bc9a1fd64bcf1ed5d8da,delivered,2018-01-22 11:59:21,2018-01-22 14:18:53,2018-01-23 15:03:52,2018-01-24 20:26:41,2018-02-06 00:00:00
ffe4972089425f7752aad086a7fdce28,bb22cafe10da65775931fd4dfcc38328,delivered,2017-08-23 14:30:58,2017-08-23 14:55:18,2017-08-24 16:48:27,2017-08-30 17:39:10,2017-09-15 00:00:00
a04d5b77845f10a45576f115ac7a9c0d,1d6ee1bfb4edda9ba229e554e410a0bb,delivered,2018-07-17 18:52:37,2018-07-17 19:05:11,2018-07-19 11:50:00,2018-07-24 21:28:36,2018-08-15 00:00:00
1b2a8a35effe3c031684be53784ac90c,bace683427e40bae08e7af13660e1436,delivered,2017-08-15 21:29:06,2017-08-18 13:30:25,2017-08-21 14:51:53,2017-08-23 04:55:02,2017-08-28 00:00:00
1852f4003a3be7d9054403de86fc4280,381546c76b322c8ca3fbad5a78a89c8f,delivered,2018-04-14 19:16:01,2018-04-14 19:31:21,2018-04-17 23:05:25,2018-04-27 14:50:54,2018-05-21 00:00:00
5630f20edc34695d0b5daf86dc590767,73619b350b42a898dc24b298aea7d1e6,shipped,2018-04-05 09:58:12,2018-04-06 09:55:16,2018-04-09 18:26:39,,2018-05-02 00:00:00
6df84b84d593ebbd9922b07135002bee,2a49861a1d5d394bcfab48c9a2edf700,delivered,2018-05-12 12:53:29,2018-05-15 05:14:44,2018-05-15 10:42:00,2018-05-18 21:58:31,2018-06-05 00:00:00
7bf06cefeb8101cf8c9cf8971049e931,4ee5fecd6bbda3b34759f2c4ac11991f,delivered,2018-04-24 00:16:04,2018-04-24 17:43:02,2018-04-25 14:47:00,2018-05-15 21:42:20,2018-05-21 00:00:00
ffdc5e3279114c523a09296f8fd28331,c1268d9379bcbdb861e57fa5ca4b2107,delivered,2017-02-10 14:49:23,2017-02-10 15:03:37,2017-02-14 14:34:40,2017-03-03 18:04:36,2017-03-15 00:00:00
f8b6b27efdf0f73f9e9d978fc503c45f,afa74a7d4baf26e7b0ea6eb4bcdfa450,delivered,2018-07-04 16:44:56,2018-07-05 16:27:53,2018-07-05 17:24:00,2018-07-11 17:51:40,2018-08-01 00:00:00
ccfcc7f58cf5619fc40593dffc299a9f,00302a0b99783c3d1d1e81c616e321e8,delivered,2018-03-26 18:50:44,2018-03-26 19:08:15,2018-03-27 19:27:57,2018-04-04 17:31:57,2018-04-26 00:00:00
b4830eb292356ee360c41e0d3c239277,7b02e94a2352d4185b50fe7503b4b753,delivered,2017-06-12 13:20:35,2017-06-13 03:50:21,2017-06-14 12:48:12,2017-06-24 12:03:16,2017-07-05 00:00:00
c5f2bd6122735f3362d5acc3e1df7e01,d93762da7e60d37f9d0293356feadba2,delivered,2017-10-19 11:07:06,2017-10-21 02:49:23,2017-10-25 09:54:52,2017-10-30 15:53:03,2017-11-07 00:00:00
cd8c262644247fea6ddb4bbda562bc92,0eebd2d8515ca9a9886e26936af093b3,delivered,2018-03-20 09:54:23,2018-03-20 10:10:42,2018-03-27 04:28:45,2018-04-10 19:32:09,2018-04-06 00:00:00
d2abd29e33eb16f9db328c6fc2b474f8,e5e3ec222154fb7a9cec5b39c1011359,delivered,2018-01-03 15:18:52,2018-01-03 15:30:47,2018-01-04 16:48:24,2018-01-08 14:47:25,2018-01-19 00:00:00
e91f4cb0413a13fbdb115fa44b588404,2ffd69193e2274ecc9565bcbc94cf96e,delivered,2018-05-09 17:16:21,2018-05-09 17:36:16,2018-05-16 11:58:00,2018-05-26 16:48:44,2018-06-06 00:00:00
5dc5e6edeb0fc2cc0b95d21e149d996a,2fb9224c9386826e935b5c2e99f78265,delivered,2017-12-27 16:06:36,2017-12-27 16:17:25,2017-12-28 21:23:31,2018-02-01 21:22:34,2018-01-31 00:00:00
0753581dc10ba07cdb8302d6c7a40924,ee298a93185413cdcd448b734e65f3cc,delivered,2017-08-30 20:34:51,2017-08-30 20:55:15,2017-09-01 19:59:43,2017-09-08 20:03:08,2017-09-21 00:00:00
fb7f2bd158ff5c98d1c6f296100b89ee,9f700cd78cf84ddaab40881aa1352029,delivered,2018-01-02 07:58:29,2018-01-03 04:32:32,2018-01-03 21:33:15,2018-01-05 11:37:28,2018-01-18 00:00:00
1239d3562a6ab53c79a35595a63c5c59,15fc8e622a91144dccf887fa5525c3b4,delivered,2018-02-26 21:10:57,2018-02-26 21:28:45,2018-03-02 20:09:14,2018-03-13 22:57:39,2018-03-20 00:00:00
a65d4ac927fef29da1b58e60ebdbb1d7,9d151c7612fd140ebcafd620491a17b3,delivered,2017-02-01 18:41:32,2017-02-03 03:41:40,2017-02-06 07:25:28,2017-02-14 13:23:42,2017-03-09 00:00:00
1e5da4d344c0467e7c6f3a90e5ff91b7,a6390fcd76757947a87b174efbee7b8b,delivered,2018-07-20 12:26:58,2018-07-20 12:35:15,2018-07-24 13:06:00,2018-07-30 22:58:27,2018-08-09 00:00:00
00e365f4fc03d1098841af23d05c17a6,491609eeefc72ee67ee5b42e63ba9859,delivered,2018-08-20 09:40:45,2018-08-20 14:51:17,2018-08-23 17:10:00,2018-08-29 18:56:33,2018-09-10 00:00:00
fe492b94021fc809f9fd371ca4162c51,f7b168a3506088397cd2d771c1553a9e,delivered,2017-08-27 14:15:47,2017-08-27 14:25:11,2017-08-28 13:14:34,2017-08-31 20:41:12,2017-09-14 00:00:00
fe05d1b3e709ca154c9f1377c91f6b05,fdd9327630579a54d51465e9cae41a9a,delivered,2017-10-12 20:38:14,2017-10-12 20:49:32,2017-10-13 22:48:50,2017-10-24 22:27:56,2017-11-01 00:00:00
d032dd122bc93c30a420b6ee101c7f69,95a33b9e31d7f366c9e8be44c7f402e2,delivered,2018-01-16 21:24:31,2018-01-17 09:30:54,2018-01-22 14:17:25,2018-02-05 12:53:24,2018-02-16 00:00:00
cd02db25220d623f419da3b1fa2921ff,7f86f92d486bece9cd34a1b02c55fda1,delivered,2017-07-25 16:05:45,2017-07-25 16:23:20,2017-07-26 17:47:25,2017-08-02 21:36:59,2017-08-16 00:00:00
ef57963ceae82ddbc1e426297439b24a,f7497cdbd74a6992075dc562d0e26068,delivered,2018-06-01 13:45:06,2018-06-01 14:11:51,2018-06-04 09:05:00,2018-06-22 21:57:46,2018-07-17 00:00:00
cfead345fd39589372b7ac0c255c0712,05b5f7bd9f0d0c31b4f479f1d4fd1c00,delivered,2018-04-12 12:01:15,2018-04-13 12:55:44,2018-04-16 20:14:44,2018-04-17 20:34:39,2018-04-30 00:00:00
cfc8693f5a72369e0b4cd8d2f4f01ff1,750020e5e910f6d66518e66a64b70d4e,delivered,2018-08-04 10:33:23,2018-08-06 13:05:14,2018-08-07 13:34:00,2018-08-15 00:11:19,2018-08-22 00:00:00
f161d2927f0847f8fd74ebeb8a7b3a80,00a49178247b91322bdca02625e81f7a,delivered,2017-07-02 09:51:03,2017-07-04 04:10:17,2017-07-05 15:12:45,2017-07-19 16:45:52,2017-08-02 00:00:00
d2fd9295960f8b867bbe434b2c9c7f42,a7cfd46328adb24558e5e875834a8672,delivered,2017-12-03 17:33:39,2017-12-05 04:17:34,2017-12-06 19:32:29,2018-01-16 11:56:02,2018-01-05 00:00:00
4c6b8f5bdbbce6acce7f9193da57a34f,cdef83592664829badb5df1a021a0cda,delivered,2017-08-15 21:07:01,2017-08-16 22:04:43,2017-08-21 16:27:51,2017-08-22 16:14:45,2017-08-30 00:00:00
9181dcfd06aa134cf10d0dc56abcf07a,86cbaec898050c91b8b8abb9c028e8b7,delivered,2017-11-24 14:34:32,2017-11-28 03:33:35,2017-11-30 16:37:36,2017-12-12 21:04:38,2017-12-27 00:00:00
c2412fc369f785dbaebb28b731f92bdc,78fb9eea9d926e3bda5305d45cf2c740,delivered,2018-08-03 10:43:27,2018-08-03 10:55:15,2018-08-06 16:10:00,2018-08-08 21:47:52,2018-08-08 00:00:00
e67c98054d83d2b7a9ba6e37eb2ca005,c838e44ef735bf81eaaf088eca9e4b18,delivered,2017-07-01 11:07:50,2017-07-01 11:24:06,2017-07-04 14:59:56,2017-07-05 13:12:42,2017-07-14 00:00:00
1473319e2ff85803b7e969a788740cda,1874bf6cc7db3ab099a368518a32ddf4,delivered,2018-07-10 23:41:08,2018-07-11 00:35:11,2018-07-11 14:03:00,2018-07-16 14:28:35,2018-07-30 00:00:00
121c96617b2e0acee04016a0f37c1c7b,5fdda35530bccd97623de0d77924e337,delivered,2017-07-02 13:18:33,2017-07-02 13:30:14,2017-07-03 16:59:25,2017-07-13 21:03:50,2017-07-28 00:00:00
9397029fbc3ec2e77f3ada43544a9309,2dcc41b41c92ddf804bed36ec1531e30,delivered,2018-02-02 17:08:16,2018-02-03 02:53:24,2018-02-06 15:13:27,2018-02-09 19:19:10,2018-02-26 00:00:00
f2d1a5c559c8046860d9dd51077d1980,08dc787fbd670738dde6d2b5302c922f,delivered,2018-06-17 22:03:02,2018-06-17 22:19:06,2018-06-18 12:19:00,2018-06-26 00:27:50,2018-07-17 00:00:00
0171ca1dc94d8ebde8bbd3b686f44c41,acda4e3bd86587774d6a17b8e8d7e47b,delivered,2018-04-27 19:50:37,2018-04-27 20:10:48,2018-05-04 14:02:00,2018-05-12 12:37:43,2018-05-22 00:00:00
d0c8f9db386ca29a7033d2fddc2451b1,2583d589c372f055e7b01bbe0b752985,delivered,2018-04-27 10:18:32,2018-04-27 10:30:48,2018-04-27 15:25:00,2018-04-30 18:51:23,2018-05-15 00:00:00
3900b88a922f66bc0aecfeb3807bec9d,ebbc53d51a9de79be500ef4db64237c0,delivered,2017-06-04 12:05:34,2017-06-04 13:02:02,2017-06-06 16:05:10,2017-06-16 09:08:03,2017-06-28 00:00:00
5a2a431c383bfb1cf91cef8f21db8751,5da76606d8296067b9dc0659af7175fc,delivered,2018-04-26 11:51:26,2018-04-27 10:15:21,2018-05-04 14:58:00,2018-05-11 21:18:39,2018-05-15 00:00:00
b551d008e194e808841c76fe13ae2969,dea2f5dfb7067437f99c9790d190ebbb,delivered,2017-09-12 18:51:17,2017-09-14 02:43:54,2017-09-14 19:23:03,2017-09-20 21:17:30,2017-10-02 00:00:00
f92b34d1e66d16dfe85adfbf914dee86,f7979c0a310f63a72ea83fd0f2c1de82,delivered,2018-07-23 14:27:40,2018-07-23 15:59:46,2018-07-31 13:35:00,2018-08-22 00:19:30,2018-08-13 00:00:00
cc3ec3d8a0adc29d2f942ec3b743559f,5b912f0b13a097cd152ed6ea2f713326,delivered,2017-07-05 22:57:34,2017-07-06 17:05:18,2017-07-07 12:37:39,2017-07-08 14:41:04,2017-07-18 00:00:00
24566636fd3af9e19494f916e9d72356,deaca55a21b9248b34e823583f5ddf34,delivered,2018-03-11 10:14:50,2018-03-11 11:00:25,2018-03-14 00:52:39,2018-03-23 15:15:03,2018-04-03 00:00:00
b8c26d0e6999dd7df49908fe20b9a1d9,4e6e4e3ca1172d148b0f9d510d0804bb,delivered,2018-03-06 12:22:00,2018-03-08 02:15:40,2018-03-09 00:51:36,2018-03-12 13:51:43,2018-04-06 00:00:00
bb43688a01f21afcf24e7f05ce4e970b,bc27a4cff9ebcbd421f18a4381bfbe0f,delivered,2017-05-09 14:08:00,2017-05-09 14:22:22,2017-05-10 15:42:28,2017-05-17 14:46:46,2017-06-02 00:00:00
3c91e3497ee8a38751b01e5d549a9bf3,530d6fa633453c225358c8c3b1ca6eca,delivered,2017-07-09 21:25:24,2017-07-09 21:43:20,2017-07-11 15:47:22,2017-07-18 13:15:10,2017-07-21 00:00:00
2d86dca31adc614ff712e9900f70c395,7372613925550707111577db9b67af2e,delivered,2018-02-10 20:01:43,2018-02-10 20:10:23,2018-02-15 19:58:48,2018-02-21 15:07:56,2018-03-06 00:00:00
555d7aa9a2893149ace06d73b09b59b5,b9a9339701a218293ca3716d00e3f26a,delivered,2018-06-06 17:14:48,2018-06-06 17:34:07,2018-06-08 12:09:00,2018-06-11 19:13:36,2018-07-03 00:00:00
13d07eb2de3e39a4ce35e42413657ca4,7a23160efef64877f74d3cf251232702,delivered,2018-05-07 14:26:32,2018-05-07 16:33:56,2018-05-08 13:10:00,2018-05-14 20:11:38,2018-05-24 00:00:00
22c3c17767ef06b388b1a0e1820d5338,05509281332c17164b8366e66f2a9ab6,delivered,2017-11-27 12:28:47,2017-11-27 12:37:29,2017-12-01 22:36:53,2017-12-03 10:23:01,2017-12-11 00:00:00
99b3fb1a943fa5d4af2a3386f00fdd19,aa03e52d50af7237a5963ffb09dd8872,shipped,2018-08-22 09:01:17,2018-08-22 09:10:17,2018-08-23 14:09:00,,2018-08-30 00:00:00
ea97a4da26b071abec848a38e4bedea8,d1edc9caf0eb9ebc2c96feb1e7d62817,delivered,2017-12-20 07:20:50,2017-12-20 07:31:24,2017-12-21 21:12:27,2018-01-02 16:39:32,2018-01-23 00:00:00
8c18e2748f644242067b6c2269b072f3,7cbacee4ede6c8145c498e1b2091bb24,delivered,2018-03-12 09:51:54,2018-03-12 10:15:32,2018-03-13 23:46:47,2018-03-14 16:32:30,2018-03-22 00:00:00
93e337ab97f3eaafab94e2129d8feae8,0b68c93058ee253e88751545308f2797,delivered,2017-12-03 19:00:51,2017-12-05 04:12:01,2017-12-27 19:09:57,2018-01-09 19:07:38,2018-01-08 00:00:00
5813dccc11eeeec1c8b609e396c12291,8fa05383791a1be46455976f3b50a1bb,delivered,2017-11-21 09:55:35,2017-11-21 10:06:53,2017-11-21 18:29:44,2017-11-30 18:28:40,2017-12-15 00:00:00
12aba4fdeb04e5cca1132f86f2bda749,ff785d347271a777a570f540796d284d,delivered,2017-11-06 23:39:18,2017-11-07 06:31:17,2017-11-08 21:02:48,2017-11-10 16:08:43,2017-11-27 00:00:00
6ef7236f77012f10ce40fccc912d7f4f,47f220b95a6c2d2c582794485465a9cf,delivered,2018-01-15 09:33:37,2018-01-15 09:50:00,2018-01-18 23:46:33,2018-01-26 13:37:12,2018-02-05 00:00:00
a34caabc66a97d7d5228c0c98789ea62,c696badf7da001e76836a99e6f109b82,delivered,2018-01-02 11:36:41,2018-01-02 11:50:27,2018-01-02 21:53:31,2018-01-11 17:29:07,2018-01-31 00:00:00
7dfb5da526cec6b438017b4b44d07c72,e5ccfd48cc43aceb9d93703b68d8aad0,delivered,2017-12-11 13:08:05,2017-12-13 13:11:06,2017-12-18 18:56:39,2017-12-27 15:28:28,2018-01-16 00:00:00
d419b374d8c1d6ee8ef676b3d5483193,a75295f130354e667dede27e1bc3ecaa,delivered,2018-05-13 14:25:21,2018-05-13 14:35:19,2018-05-14 14:58:00,2018-05-17 15:18:40,2018-05-30 00:00:00
3c179a72f1d2d9c87b18d2a0fa99079f,fbece8dafc6de4b62cef0d4df0228e7c,delivered,2017-06-26 18:03:36,2017-06-26 18:15:15,2017-06-27 15:43:38,2017-07-03 15:09:40,2017-07-18 00:00:00
aed38287917d46c0c38bdb64bceb4885,4a328036b2db4acb50c6ba57f16efe31,delivered,2017-11-08 10:53:47,2017-11-08 11:06:41,2017-11-09 19:52:39,2017-11-22 17:46:51,2017-12-01 00:00:00
0a280a8b4ce3fd3a61a076492e5d6b00,1792c3344cb8e193a50596b21a777a5d,delivered,2017-12-26 13:27:01,2017-12-26 13:38:25,2018-01-04 18:07:24,2018-01-11 17:42:46,2018-02-06 00:00:00
138f041df3644d9ad82f50c67b7bb304,c46b80a1d5e25ac1e32520e9b70ded53,delivered,2018-07-16 18:39:09,2018-07-17 18:35:11,2018-07-20 14:55:00,2018-07-26 18:58:41,2018-08-03 00:00:00
aaf8bab1b669bb91ff3ebc7396d45ce4,6206c83b48aeab97ebbace2ea496b64f,delivered,2018-01-28 12:09:26,2018-01-28 12:18:29,2018-02-19 16:26:45,2018-02-21 19:03:45,2018-02-14 00:00:00
ce32a1ef7b8affd937675b5aa005d877,bd9864145b8be857f5e35f239ef69601,delivered,2017-11-24 14:06:15,2017-11-24 16:14:42,2017-11-29 15:33:26,2017-12-13 16:22:59,2017-12-18 00:00:00
097be4cd83ab97b83a12738175758dc6,55e9ecbda5df3c2ad8a5ac6d6025e62e,delivered,2018-06-09 19:28:43,2018-06-09 19:50:35,2018-06-13 13:55:00,2018-06-18 12:52:25,2018-06-29 00:00:00
412e78168592efba1bededb6122b7264,3f71ac4be023b21aba41f819458e9595,delivered,2017-05-21 15:38:06,2017-05-21 15:45:17,2017-05-24 11:12:55,2017-05-29 11:16:39,2017-06-13 00:00:00
a9b4d68c2c9921f6475ffb650b6c41bd,c2a58e625491c40184367570fc83de48,delivered,2017-11-21 15:55:40,2017-11-22 02:50:24,2017-11-22 15:27:50,2017-12-01 18:59:06,2017-12-15 00:00:00
4932be6399a0d89ba5396fc1ccf0a7d4,a05cf79a29e1e55205a7d695975a7a0a,delivered,2017-10-20 22:53:41,2017-10-24 03:14:54,2017-10-25 18:07:57,2017-11-08 21:32:36,2017-11-10 00:00:00
0e674de2505ddeb8770eb4e642b0a638,c80debb8c444b7ab7cb2619b973928f3,delivered,2018-02-22 22:05:56,2018-02-22 22:25:44,2018-02-26 21:57:04,2018-03-08 19:55:24,2018-03-09 00:00:00
4c72d41ba4c2afa336f5f612bed714a3,246fc6be059021ab9c909c51d61157a0,delivered,2018-06-19 20:47:43,2018-06-19 21:18:33,2018-06-20 15:02:00,2018-06-26 18:38:48,2018-07-18 00:00:00
2c9c2c96702997c879d75f927b76165e,20e569f30c28c88ac2731a006e5bb3d8,unavailable,2017-09-24 10:45:10,2017-09-24 10:55:08,,,2017-10-27 00:00:00
d896a23dad25767048a7f2fc96b09c4f,ca5957a48ef2f6a2fbbcb02ea775f6a7,delivered,2017-12-17 20:57:54,2017-12-17 21:54:28,2017-12-18 20:13:41,2018-01-03 22:14:11,2018-01-12 00:00:00
53c13f6010b84ebe8ee418785dd62890,f665e5190f5aa2db00841f43f192fff3,delivered,2018-01-24 10:45:38,2018-01-24 10:57:24,2018-01-31 19:16:55,2018-02-06 17:21:50,2018-02-16 00:00:00
0bc9cc637f074aa7df9fb7f206125066,64b522c8d8d1f7acce0f99ab0bc4309e,delivered,2017-05-25 11:58:23,2017-05-25 13:33:53,2017-05-26 10:08:25,2017-06-01 15:17:32,2017-06-19 00:00:00
13a6b84d8ffc29e4607ddcb4170cd8a4,bce0adf484fdef747ca68871cd487d44,delivered,2017-11-24 22:49:30,2017-11-25 01:52:46,2017-12-15 18:29:49,2017-12-29 15:34:03,2017-12-15 00:00:00
5f62be06e875c3a8a5d6a8501f49bd6e,1f3aa8a785ee6932db82e0dc29fa3ade,delivered,2018-04-20 21:49:28,2018-04-24 18:34:54,2018-04-24 19:48:48,2018-05-09 23:58:35,2018-05-18 00:00:00
7afdc3b6a07730a765885e34841551de,3b0174d2e75809f788c4798be65fb5ec,delivered,2017-08-07 23:15:21,2017-08-08 14:23:47,2017-08-18 19:25:48,2017-09-11 22:12:22,2017-09-14 00:00:00
b66f62c3c5b15126deea5d6bb1d75889,884f8c52120644a232953881424cc353,delivered,2018-08-10 12:08:04,2018-08-10 12:24:40,2018-08-17 12:16:00,2018-08-21 16:47:49,2018-08-23 00:00:00
eaecb482f1e5f5058d49cf2984fc774c,9832e2c595ca4b625d442384566f45fb,delivered,2018-03-05 18:32:23,2018-03-06 18:10:28,2018-03-07 22:08:11,2018-03-10 00:08:19,2018-04-06 00:00:00
3bb7de438f6b9bd4c744381f15e6a23f,c160bdb0a9681910cb625afdd993a8c5,delivered,2018-02-23 18:38:09,2018-02-23 18:50:30,2018-02-26 16:33:47,2018-03-05 09:41:52,2018-03-27 00:00:00
81d183ca30a0f0ced737aed18b2ed9de,e3601bcd9f1d4419789047745331e7ce,delivered,2018-08-02 21:47:53,2018-08-02 22:24:13,2018-08-03 13:55:00,2018-08-10 23:17:38,2018-08-31 00:00:00
7621ddb8114cb72e4ac4673daf869f93,1bd8a424814f6274d14c1c06679fec78,delivered,2018-08-14 09:22:11,2018-08-14 09:35:12,2018-08-14 14:22:00,2018-08-18 13:40:58,2018-08-24 00:00:00
8c58b2a5e9f75210cd15eae77b7441f4,58299a6c7b64a6a0fa2f6f5d463fe108,delivered,2017-09-01 03:53:31,2017-09-01 04:05:32,2017-09-01 15:36:42,2017-09-15 18:06:58,2017-09-21 00:00:00
e1d3f67ea81edae5f2975c2adb668b80,b0de74a8396c6592f2ac3946725ec901,delivered,2018-08-08 22:40:21,2018-08-08 22:55:12,2018-08-09 13:20:00,2018-08-14 15:34:41,2018-08-27 00:00:00
cbc7c4a678ef94d05ea8166eed3f320c,79906f0eef6c66263b18eae85af1573e,delivered,2017-08-06 15:51:56,2017-08-06 16:05:49,2017-08-07 18:15:04,2017-08-10 17:12:30,2017-08-29 00:00:00
e566c1b5be049c45a4e4f83c5101b3fa,193710e578946caa03997487f4cc7129,delivered,2018-04-09 21:42:33,2018-04-10 00:12:22,2018-04-11 19:36:40,2018-04-13 11:44:35,2018-04-19 00:00:00
5d67a487bcc575e994f0e84e84823af2,608ca06a0877186cb46883660d1ae256,delivered,2017-07-29 23:29:44,2017-07-29 23:51:57,2017-07-31 15:31:45,2017-08-13 14:37:30,2017-09-01 00:00:00
adff109236fcf060cf7989c67c4280a5,df2fdb98ed5e099286c6fd60daacb0bd,delivered,2018-04-21 11:43:39,2018-04-24 19:06:50,2018-04-24 17:12:53,2018-04-26 17:44:23,2018-06-01 00:00:00
58f6630e08902025bfb3813a0774fabf,e2f19e9b81bf91b8582ee89d85312dc6,delivered,2018-06-22 15:39:23,2018-06-23 02:20:21,2018-06-25 14:15:00,2018-06-29 13:02:46,2018-07-23 00:00:00
fefd2241bdaad0b1f5a3ebbc75fcbc97,ccf7f93ad493feb3d33050ce2240a8ef,delivered,2018-01-08 20:57:04,2018-01-08 21:08:39,2018-01-10 00:24:14,2018-01-12 22:19:18,2018-01-24 00:00:00
28d030cdc8a0c663dc60bbe5a730971f,fc25e9ad5c4e1fd84faf0f1fadc8a5cf,delivered,2018-02-04 22:50:32,2018-02-04 23:09:50,2018-02-06 22:21:58,2018-02-20 19:08:02,2018-03-05 00:00:00
d49d6674b1ce113a775ca977649da52c,dfbfccca56df9e3b44727f83aef4ef38,delivered,2017-11-24 09:31:49,2017-11-25 06:29:52,2017-11-29 22:32:01,2017-12-04 16:34:42,2017-12-20 00:00:00
6e3d694de21b9149410f92a43ece1186,bd5829a8e441e1a7ad669932cf6e8841,delivered,2017-10-10 22:35:38,2017-10-10 23:09:41,2017-10-13 18:08:05,2017-10-26 21:14:47,2017-11-03 00:00:00
70a988768d7dcafd6284577743090bb3,b3a51a3b8b6045db9ecd1d83aed817bd,delivered,2018-07-18 21:39:28,2018-07-20 04:45:19,2018-07-20 12:25:00,2018-07-30 14:52:57,2018-08-07 00:00:00
a87e931eec5702ceb837f15fdcf39684,9ca35c51f341909f26c23e171bbcad14,delivered,2018-05-15 21:59:55,2018-05-17 02:37:14,2018-06-07 07:48:00,2018-06-29 22:31:45,2018-06-22 00:00:00
9d3da55bc185ccdbeccac8824c7330ae,991158e376be091fdccc2d9ffe663968,delivered,2018-08-20 01:09:22,2018-08-20 14:32:57,2018-08-21 14:12:00,2018-08-27 17:58:26,2018-08-24 00:00:00
0f30dd4c9af7aabbce81fc381ce2e807,c18a4cb3f8ff37151c8e3dacada355a4,delivered,2017-10-10 11:11:11,2017-10-10 11:35:25,2017-10-11 13:52:18,2017-10-23 15:57:07,2017-11-01 00:00:00
a061df95ad7f5cdb3f6f15062486f4af,c567dd8049f21660628b9ec23ed09e28,delivered,2018-08-13 11:22:19,2018-08-13 11:44:26,2018-08-14 15:02:00,2018-08-15 21:26:55,2018-08-21 00:00:00
64e19c385c1026d61f22cdf85a0b42f8,23b779ddb684eb2034343952d61305f9,delivered,2017-04-28 13:52:51,2017-04-28 14:05:11,2017-05-09 10:26:27,2017-05-16 10:04:37,2017-06-09 00:00:00
2482a3ac21e8d1e6528ac010fe8c4c4e,9163faf0052ba7b49b28687ccb3eb6a6,delivered,2017-08-07 23:59:05,2017-08-08 00:15:12,2017-08-09 16:27:59,2017-08-17 19:52:35,2017-08-29 00:00:00
9d6fce663840af4f0e35863644f6c031,ba36efa6ed0c72bf1a9441e025812548,delivered,2018-03-12 11:20:40,2018-03-12 12:00:28,2018-03-13 23:04:08,2018-03-22 19:47:54,2018-04-12 00:00:00
518a89db9918a8553dbc760454cc7634,97996cf8de4a0999ad9ffd8a65c2f697,delivered,2018-05-01 18:06:41,2018-05-01 18:15:17,2018-05-03 06:32:00,2018-05-14 23:40:58,2018-06-05 00:00:00
40fc1a40cf19e225f69e3790f1e33f7a,6f7df6e010787ea962389d629793ea30,delivered,2018-03-07 11:46:26,2018-03-07 12:09:47,2018-03-07 23:41:18,2018-04-12 15:22:30,2018-04-23 00:00:00
0b1c59b14d8f5965dea7bc2db28a34ee,e84e0676514d73a73b62bc41750d40a1,delivered,2018-07-16 22:56:18,2018-07-16 23:10:13,2018-07-23 14:46:00,2018-07-26 12:49:36,2018-07-31 00:00:00
8634624f436e04b1667aa4299a7b026b,4101b37b2d8f20198ba112a754885204,delivered,2018-01-08 00:07:50,2018-01-08 00:15:34,2018-01-13 00:18:50,2018-01-16 18:10:31,2018-02-06 00:00:00
36427c26a33be23e4e8867d9a8245688,77afc934db39b853ba5c0c9216ba557a,delivered,2018-01-09 21:48:00,2018-01-10 10:31:39,2018-01-12 12:12:34,2018-01-15 15:02:23,2018-01-30 00:00:00
c83dc126a7ee10b227493835cb8370e4,bd31e43f04e1c26b6e2357fd6657aa59,delivered,2017-02-22 15:32:48,2017-02-22 15:45:15,2017-02-25 06:08:58,2017-03-03 17:19:17,2017-03-23 00:00:00
0e78cb0dc0e9e34f24bab8c86de949f1,c94af12e653bc8bd263bb56c2573c36f,delivered,2018-07-29 19:48:57,2018-07-29 20:04:38,2018-07-30 13:10:00,2018-08-02 19:36:45,2018-08-22 00:00:00
de11314f84cd5578a36ab8312ab5b5df,9e5336e351aa9e91f0be9f38f189d097,invoiced,2018-08-03 22:15:39,2018-08-03 22:30:14,,,2018-08-10 00:00:00
924d24dd7c6de024d96e25d4812d65bd,ea5cf2682d61807e35798707c940adc8,delivered,2018-07-02 02:38:01,2018-07-05 16:05:43,2018-07-03 13:45:00,2018-07-11 15:32:49,2018-07-27 00:00:00
2296fa4ebace1edacb9f91509766eb18,6982d29c7336cb81ba41937fbf3660b1,delivered,2018-07-21 19:57:05,2018-07-21 20:10:20,2018-08-06 14:27:00,2018-08-07 20:18:46,2018-08-14 00:00:00
77c23814d1d6e57a273cab3849d8cda4,c9ba9a753b479fc6697bb8aa17883456,delivered,2017-09-27 10:53:52,2017-09-27 11:07:12,2017-10-04 11:37:55,2017-10-11 19:09:05,2017-10-26 00:00:00
28bd33366e2139b089b6a34b70176d15,b9fed5f1693cb01eeab168ee4544fa56,delivered,2018-05-11 14:21:33,2018-05-11 14:35:14,2018-05-12 06:04:00,2018-05-22 15:13:22,2018-06-01 00:00:00
440b07cde0dc78d377c42d29845bcafd,2aec0cd4d65938cb0c1693ef25843340,delivered,2017-04-08 21:50:16,2017-04-08 22:05:15,2017-04-11 14:52:28,2017-04-17 09:05:55,2017-05-02 00:00:00
c2744b957de4e6e717f74b47499ce734,d6d2c18db765ea84370d9b33b9e3a006,delivered,2017-06-17 12:22:15,2017-06-17 12:30:26,2017-06-19 20:15:56,2017-07-05 15:32:19,2017-07-13 00:00:00
8d2bf5a428d30fa82c85d57bea01159e,007c76c2ab6101f00798548775dfdbaf,delivered,2018-01-06 11:59:07,2018-01-06 12:09:30,2018-01-09 17:32:35,2018-01-11 22:17:17,2018-01-24 00:00:00
87daab525d42b65a8fd0083f652cc9d9,3d81e0983219c68388bc93a067ccf4b6,delivered,2018-02-13 19:52:44,2018-02-13 20:07:41,2018-02-16 18:42:54,2018-03-07 22:04:21,2018-03-12 00:00:00
f4836c9fdf304c98f625b549ea6bbc39,23005111bb3890d6caf375df57ffcf79,delivered,2017-05-11 16:19:03,2017-05-12 02:50:49,2017-05-19 18:27:56,2017-05-24 15:33:52,2017-06-06 00:00:00
28ac9e005a274e1eeec0d874ce8e27f9,a6e269f67f64836f3ea089d0cbd3e846,delivered,2018-08-16 16:29:44,2018-08-16 17:49:15,2018-08-17 14:25:00,2018-08-24 18:07:50,2018-08-31 00:00:00
ebb5a074406776ad07439bc2049c1fe4,df9e5a16c6e9ff85d78ca7ecc93af46b,delivered,2017-01-31 11:47:30,2017-01-31 12:03:46,2017-02-01 15:22:49,2017-02-06 19:47:31,2017-02-27 00:00:00
9dfd8df84d4f07cc8da0f2fa0fe96075,d207633baa19cb97d98840f8e2814f32,delivered,2018-07-19 17:10:53,2018-07-20 04:43:20,2018-07-24 14:36:00,2018-07-25 17:03:26,2018-08-08 00:00:00
d334b1a2c3f6f0dd083577490b7b6653,822f4e63656257d01644abf5ea76623e,delivered,2018-02-23 15:40:21,2018-02-23 15:54:30,2018-02-26 20:37:55,2018-03-10 14:54:26,2018-03-21 00:00:00
492f9efcbf108782f4de28d4ad0d4fc3,39cfe3e2499905dd7c486c1629c55f6a,delivered,2018-08-11 20:35:45,2018-08-11 20:50:16,2018-08-13 13:13:00,2018-08-16 21:41:02,2018-09-10 00:00:00
e48f28e15158bd10b02972eae44c8e7e,84716102ab4d906f65136c89fca3f0c3,delivered,2017-05-09 12:33:38,2017-05-09 13:10:16,2017-05-19 19:32:55,2017-05-23 08:47:40,2017-05-25 00:00:00
556d7ec009cdd5ae19dad069c808ad9c,d240701e28474e8e538c7665b899f3c0,delivered,2017-08-21 13:47:44,2017-08-24 18:46:35,2017-08-28 12:05:28,2017-08-30 17:05:59,2017-09-11 00:00:00
d4c1356b86dcc8a86c603174ba27d9bc,5bb44f6a01f1362e3eb39c521d1d1b08,delivered,2018-01-04 22:16:30,2018-01-04 22:27:42,2018-01-10 11:13:54,2018-01-17 22:59:07,2018-01-30 00:00:00
c8955054eff8de46231cb6e2e76b4fdc,1d96907104845395d097a938ba735edf,delivered,2018-08-03 14:22:25,2018-08-03 14:30:16,2018-08-07 11:18:00,2018-08-15 18:42:50,2018-08-30 00:00:00
1aaa4f61529fb2b392016a694b437885,7f6c1d60597d2edb5adf63fef310e932,processing,2017-12-26 15:47:25,2017-12-26 15:56:20,,,2018-01-26 00:00:00
2f394c72b10dd317634e136938cf705d,d09dc997dd8abcba9bba46a33396ce18,delivered,2018-04-12 19:33:36,2018-04-12 19:52:55,2018-04-13 19:08:50,2018-04-25 16:47:52,2018-05-10 00:00:00
4a2415018bd75fb37bb24471baa6364a,19d3540bd1618486ffcf21bf260c9b0a,delivered,2017-09-09 22:48:50,2017-09-10 22:55:11,2017-09-12 18:59:33,2017-09-22 19:22:32,2017-10-10 00:00:00
9333298e9cc54a35f22242a9fc3a3ad0,7268d0d0a96aae2c0a19496f87fa9116,delivered,2018-07-06 21:20:26,2018-07-06 22:10:48,2018-07-10 12:12:00,2018-07-17 01:04:47,2018-07-27 00:00:00
cd0e2c76047beea6ab6baefcaddb7de2,ffa9497e295ba6787d22775cd3576c77,delivered,2018-01-05 15:00:19,2018-01-05 16:08:57,2018-01-08 21:27:28,2018-01-16 22:27:00,2018-01-30 00:00:00
d08fd4a6faa8ded70a6af3f2d51eba19,f4cca385564f9511f9fd06ed67b7f947,delivered,2018-03-10 20:57:16,2018-03-11 20:56:16,2018-03-12 18:57:23,2018-04-06 20:07:41,2018-04-06 00:00:00
05efc756dc2f2fdb4e8e914ad1a73f3c,9893671bef76b7febbec2342704f3655,delivered,2017-05-25 09:31:14,2017-05-25 09:42:58,2017-05-25 14:20:49,2017-05-27 04:42:32,2017-06-19 00:00:00
c8453f6044a72ced1761251c5edec66e,3e78c59d78945cd8dfa1470b382b1d53,delivered,2018-03-15 01:09:39,2018-03-15 01:29:35,2018-03-15 19:34:40,2018-04-11 18:03:12,2018-04-09 00:00:00
46756e8b057947b9f69b5a70f084817f,8a76b80a516da668ff91dd7d197b7769,delivered,2018-06-08 20:39:16,2018-06-12 05:16:39,2018-06-13 10:03:00,2018-07-04 20:26:31,2018-07-11 00:00:00
7afce0931219b60595f42a39594359d5,8e456d61973f2ca2ecce69f15d0af070,delivered,2018-01-15 10:37:13,2018-01-16 03:38:39,2018-01-18 18:35:22,2018-01-24 23:09:59,2018-02-14 00:00:00
4cd2c24a3aa066b7a4123005a00cb9ef,984053678c911516cd2eef9c66632357,delivered,2018-06-01 22:21:36,2018-06-01 22:51:29,2018-06-05 12:11:00,2018-06-13 16:41:20,2018-07-17 00:00:00
e84484718ecfbc4f6c98105b691b2bd8,1928f2939f8f9c70fe35f0413061fc55,delivered,2018-02-09 07:25:50,2018-02-16 07:50:26,2018-03-06 23:38:46,2018-03-20 09:48:34,2018-03-06 00:00:00
e611480872fef0bc9c499596a050c114,4c4ac90f260a26bc63b012f73b711d00,delivered,2017-04-02 19:19:11,2017-04-02 19:30:19,2017-04-04 15:20:16,2017-04-18 13:18:59,2017-04-24 00:00:00
686aebaf1b0fb4cabe7c6e3526abb6a5,174d8398e18f661e844e419660c4fc36,delivered,2017-08-30 01:32:58,2017-08-30 01:45:29,2017-09-04 17:22:53,2017-09-12 17:35:55,2017-09-25 00:00:00
fa8fe325f86ee264db13706bd82eed79,d3a44fd152f8d7bf1fc08b3bd710f15d,delivered,2018-08-13 11:55:34,2018-08-13 12:05:30,2018-08-14 14:24:00,2018-08-17 19:01:46,2018-08-27 00:00:00
bfc9c6b840e5a8ac6c42347673271b9a,fd9b8c35f091c1ad8569a436e9c0e497,delivered,2017-12-20 11:48:39,2017-12-21 02:11:20,2017-12-21 21:48:37,2018-01-07 16:09:40,2018-01-17 00:00:00
b4b8e8f37818c443dd4c0c48e9a3707d,ca9aab3e58a7f76466087f26cfe4b41a,delivered,2017-09-26 07:59:36,2017-09-26 08:14:22,2017-09-27 14:22:01,2017-10-06 19:33:40,2017-10-24 00:00:00
16a811fb1fdf869b3b5ab6f91b6f36bb,39e80f37ce682233db7e2474fcdcdcdd,delivered,2018-07-31 18:22:47,2018-07-31 19:40:20,2018-08-01 11:12:00,2018-08-08 19:44:52,2018-08-08 00:00:00
25ab32ec1b293e1889e29cce8820832f,3f19da611727884c02f38af96ac4c622,delivered,2017-06-03 21:47:33,2017-06-03 22:22:20,2017-06-07 05:54:20,2017-06-16 15:12:11,2017-07-04 00:00:00
354f93e9f4da886ed48d1add590d8d37,85706d8fd13e45bbdd93f89b557e3386,delivered,2018-05-04 09:50:09,2018-05-05 02:13:52,2018-05-07 15:05:00,2018-05-11 14:43:39,2018-05-29 00:00:00
f8e1b50625c5fd41815f3af6e9dca501,3a5baf6be1884d05285d72325abb7a0b,delivered,2017-06-13 21:21:05,2017-06-13 21:42:34,2017-06-14 13:58:17,2017-06-22 14:34:35,2017-07-04 00:00:00
622596b79ec52eb416560462950da160,2994945ab3a708f77ffd9fa49fdee96a,delivered,2017-07-25 14:38:26,2017-07-26 15:25:20,2017-07-27 17:35:07,2017-08-07 18:37:53,2017-08-18 00:00:00
8c46303a8d94eac65d84d4e8b500b65d,a3bedaaf2a73a0804292e8b3e5f7ed93,delivered,2017-05-24 14:14:36,2017-05-25 14:22:18,2017-05-29 09:55:40,2017-06-06 09:47:40,2017-06-20 00:00:00
3891073d9934c3bc761f151f90f1be17,6079c3b58285934faf0232a354b2c0fd,delivered,2018-07-23 21:40:54,2018-07-24 21:35:20,2018-07-25 14:13:00,2018-07-30 17:28:47,2018-08-13 00:00:00
d3799717df1e5cb9074eda9ecbca747f,3b8cf328ece322eb798b8d553fa4a475,delivered,2017-12-28 17:13:29,2017-12-28 17:29:39,2018-01-03 17:26:45,2018-01-05 20:28:37,2018-01-30 00:00:00
339e87a91e00231ddda7d5b3d7941ab2,a67d36d9048a871826a5aef5aeb7678a,delivered,2018-03-05 15:50:11,2018-03-06 03:49:11,2018-03-08 20:06:39,2018-03-17 13:24:45,2018-04-05 00:00:00
d29214dce21d4b2122fb3c01ae4f97ad,4a502d5a28b2fa68c06df518a308ae75,delivered,2018-03-12 20:52:05,2018-03-12 21:47:41,2018-03-14 02:08:39,2018-03-27 21:33:12,2018-03-28 00:00:00
cf1b24b9c3eb7257436b2e7b176444a8,394c35ecce8f2fc1cd69d1eef55659db,delivered,2018-04-04 09:25:30,2018-04-04 09:35:20,2018-04-05 00:27:26,2018-04-10 16:38:39,2018-05-08 00:00:00
3c4401b17854071a9f4cf7a4d017fe3a,b62588dde27339b3398ae926c807ea8c,delivered,2018-07-02 21:10:53,2018-07-02 21:30:20,2018-07-09 12:42:00,2018-07-12 16:43:39,2018-07-31 00:00:00
d6d776b7130d34ea8a790c28a69dc2a8,9f1fed9d7e1e7cad76305ddd58f21815,delivered,2017-11-15 15:32:12,2017-11-16 15:30:26,2017-11-17 20:41:22,2017-11-28 19:02:27,2017-12-08 00:00:00
b2ec9793219a396874af11e39d08f183,e7593e9ae8506f9fe772e3c1af78ef49,delivered,2017-10-20 21:24:10,2017-10-20 21:49:24,2017-10-23 20:09:26,2017-11-07 18:57:59,2017-11-16 00:00:00
4679373170bfd9727d75f2cbefa4a50a,1068a136fe0b6afe3b4458d8c599a74d,delivered,2017-10-27 13:13:32,2017-10-27 13:31:33,2017-10-30 18:38:38,2017-11-08 22:16:36,2017-11-16 00:00:00
05df1c1ff1b3e0ba073493d2ca0bdffc,9f978a12f447c1d1e426f473f95983c8,delivered,2018-01-24 10:21:52,2018-01-24 10:32:43,2018-01-24 18:43:32,2018-01-29 17:04:16,2018-02-16 00:00:00
c1547b9ad031612f2446bf9ad43a0716,27abab603d7f81ac30a4e67df6d81aa1,delivered,2018-05-10 08:43:56,2018-05-10 08:55:49,2018-05-10 14:37:00,2018-05-12 13:05:18,2018-05-23 00:00:00
897eeb6af4bb0e9611c898a81a87ed34,1d405f8af09a60e4b409fa2ff9bdac35,delivered,2017-03-03 15:25:02,2017-03-03 15:42:08,2017-03-06 14:41:09,2017-03-09 09:37:37,2017-03-23 00:00:00
4fe85ba34d52bb088ed6dc9a821d84fb,b25aa764e6323ef0d2ec25994df073bf,delivered,2017-03-13 23:37:05,2017-03-13 23:37:05,2017-03-21 09:55:13,2017-03-28 14:27:27,2017-04-04 00:00:00
c77d22c73940d5b180371f024df0a132,b2ae058105db313dcbb7dbe97fe20af7,delivered,2017-08-15 16:33:34,2017-08-16 03:10:19,2017-08-17 20:06:50,2017-08-28 17:27:57,2017-09-14 00:00:00
d8e47a9014bdfe7e7d0d26b8a245d785,d811f93b6445bda2c5efbe61b0d881cf,delivered,2018-02-05 22:09:55,2018-02-05 22:30:08,2018-02-06 17:53:11,2018-02-08 21:53:15,2018-02-21 00:00:00
db838ea71c3bf3d4822172739b7098b1,9bb6b1aa6ab126257823c1c2146567cb,delivered,2018-02-04 18:19:37,2018-02-04 18:30:19,2018-02-06 22:45:39,2018-02-26 20:52:51,2018-03-05 00:00:00
94af94e55976f5fdd5048f5166123639,a886076b68135034ad8b4b3cfa8efdb0,delivered,2017-09-19 18:47:18,2017-09-19 19:04:27,2017-09-20 19:43:19,2017-10-06 15:57:32,2017-10-05 00:00:00
747517fa441ebfa91a5cd254702353ed,3170d89b96f61be4fd054833a50a5a53,delivered,2018-06-21 15:01:12,2018-06-22 03:17:18,2018-06-22 14:01:00,2018-06-26 14:36:57,2018-07-17 00:00:00
5f19271c1eb0a8eb0a1efed995df752b,0551b1b0b246b2433f94f989661aea95,delivered,2018-06-26 16:28:03,2018-06-27 08:11:38,2018-07-05 09:41:00,2018-07-06 12:34:40,2018-07-24 00:00:00
455bef37f8ae2d5a8d99c72a6ffdbb6e,b5c5be1de00553c776989382afa26cef,delivered,2017-12-10 12:44:44,2017-12-10 12:55:54,2017-12-11 22:28:39,2017-12-29 21:54:51,2018-01-09 00:00:00
4ff9ab070e81af8af428c889cc08b06d,93fc0432389c6def75468710aac29efc,delivered,2018-07-20 21:22:26,2018-07-21 03:25:16,2018-07-24 13:19:00,2018-07-26 18:31:43,2018-07-30 00:00:00
f7b96bbcf705300fbb449595521d470e,3823b172dbd6ec254c91d9b6ff2f1e74,delivered,2017-09-12 00:06:46,2017-09-12 00:15:09,2017-09-14 13:33:36,2017-09-25 19:37:35,2017-10-02 00:00:00
6c16d886be4fe03174a289a4ca70a775,780b36c3e066c0251df695c5ce83994e,canceled,2018-06-05 15:06:16,2018-06-05 15:31:39,,,2018-06-29 00:00:00
c5e30f4818a17e20a66b7277cd2eda07,4607b5869fcea2fc6ffa85f57322cf8c,delivered,2018-07-14 21:56:15,2018-07-14 22:05:11,2018-07-16 12:55:00,2018-07-24 04:48:39,2018-08-15 00:00:00
2c4ada2e75c2ad41dd93cebb5df5f023,363d3a9b2ec5c5426608688ca033292d,delivered,2017-01-26 11:09:00,2017-01-26 11:22:17,2017-01-27 14:59:35,2017-02-14 16:24:01,2017-03-07 00:00:00
bfa69a49568b6a506bd99efd224056b6,ffbbb95cb0540341b9900df515ba893e,delivered,2018-01-09 19:41:12,2018-01-10 10:32:19,2018-01-10 22:30:25,2018-01-17 20:30:39,2018-02-08 00:00:00
79b57d07c97ba24547cc8ec969785e64,8e9920ee9bf66ba4cf4107cfdfa61c40,delivered,2017-10-10 18:57:45,2017-10-10 19:14:11,2017-10-17 19:13:06,2017-10-20 15:55:09,2017-10-30 00:00:00
4c8519cf81f11a547256d84f97e82594,bc397c0f4a4ec217c911dadb0b9da61e,delivered,2018-03-21 16:06:48,2018-03-21 16:15:35,2018-03-23 17:51:42,2018-04-02 14:22:31,2018-04-10 00:00:00
463f34a9bee899d2d1f5f08af0c86d06,9d251ecab0a3f11908e5e048e5e14112,delivered,2018-01-13 10:27:57,2018-01-13 10:38:29,2018-01-16 01:28:20,2018-01-19 18:26:41,2018-02-15 00:00:00
8e0e3b77770b10f595b5c27e62efd4e4,ac0d00f96a6aacf450f7760968d811c9,delivered,2018-06-01 23:40:02,2018-06-01 23:55:08,2018-06-11 14:16:00,2018-06-12 21:14:43,2018-06-19 00:00:00
bc1b0a5ec1ab0ef72c28325275a2f908,f020929f0185d1b87ca711b997696c5a,delivered,2018-08-09 08:10:08,2018-08-09 08:50:25,2018-08-20 16:16:00,2018-08-27 14:56:49,2018-08-31 00:00:00
fe73ff32d6e2028f4dcb6afb715e7cf0,d38c046c870e2b8c4ef837d1579276ce,delivered,2017-10-27 19:31:19,2017-10-31 04:10:10,2017-11-06 12:19:11,2017-11-20 18:42:09,2017-11-22 00:00:00
2e3e34bd9284d4ff8e51142c7c70d144,1b0c2dd1418689199f6f7332f7a96e26,delivered,2017-09-21 10:02:36,2017-09-21 10:30:22,2017-09-21 17:14:16,2017-09-29 17:58:42,2017-10-18 00:00:00
dac85d3cab0888e36afc2fdc41ecf316,2dcab4404892ffbd359bab47cb5898d8,delivered,2017-12-11 19:17:49,2017-12-13 19:12:23,2017-12-20 14:12:57,2017-12-21 19:05:33,2017-12-28 00:00:00
7416b68f6acd9fa1b73d37eafcf94975,0a51c8dc5002bbeb689ecf79406d1463,delivered,2017-12-09 13:39:06,2017-12-12 03:37:37,2017-12-18 21:52:46,2017-12-27 18:33:50,2018-01-08 00:00:00
7ed504f74d87e1d685166f9fcc73eeeb,a57573454880bafe84699ded0715ea5a,delivered,2017-12-20 13:13:28,2017-12-20 14:31:35,2018-01-02 13:14:19,2018-01-08 21:37:13,2018-01-29 00:00:00
316f68b737bb9d1e24ca9a1d4de6f352,298aeb3893e2ab07eae2950da9635e0f,delivered,2017-07-18 16:33:59,2017-07-18 16:45:12,2017-07-19 22:57:21,2017-07-24 20:54:35,2017-08-09 00:00:00
e27a78bc8f647d6ce9c8b295bada702d,b44685cad72c65c19493d724131eef10,delivered,2017-11-22 22:21:32,2017-11-24 03:11:28,2017-11-24 19:48:35,2017-12-02 15:17:57,2017-12-13 00:00:00
72683b144c2feca63881b49b5afd2bc4,61c13a14055ae790011592fbbd0a4f2e,delivered,2017-08-17 00:19:34,2017-08-17 01:50:50,2017-08-17 17:13:10,2017-09-04 21:03:00,2017-09-21 00:00:00
45c9dc054d45b20502714951e49729e4,3621507d73438a6c5035c3fd631b7a92,delivered,2017-07-13 09:58:38,2017-07-13 10:15:10,2017-07-14 15:41:42,2017-07-21 18:09:44,2017-08-08 00:00:00
74f5165a6e6e8adda316b90e58856eda,44aacc0f416f18e5e9e313adcdbb1cde,delivered,2017-06-16 23:31:25,2017-06-16 23:45:12,2017-06-19 16:10:06,2017-06-19 20:11:47,2017-07-04 00:00:00
e0429b09a7ddac2d49e09ccdb6d95e59,ff1acf503bdf96c225e4dc499dac6954,delivered,2017-11-25 00:25:16,2017-11-25 03:12:26,2017-11-29 23:13:18,2017-12-15 20:15:58,2017-12-26 00:00:00
451d82f07a1528cdce26398f1f04f8f7,51f1ef966d93ed18b593af1a76438594,delivered,2018-03-29 09:01:09,2018-03-29 09:15:12,2018-04-02 22:38:36,2018-04-10 18:49:07,2018-05-02 00:00:00
5c938587fa6333223164d94333986fa5,41999e8297f687f4f7d04352ac195afb,delivered,2018-02-06 11:22:03,2018-02-06 11:35:48,2018-02-09 19:53:27,2018-02-16 19:16:44,2018-03-05 00:00:00
ade1addf11409e56553de1a62a3d358b,9f9196d6e6d1d0620a8c3ab6be9c255a,delivered,2018-01-06 15:54:07,2018-01-09 14:57:37,2018-01-11 22:10:52,2018-01-23 12:54:06,2018-02-09 00:00:00
26c883d125f63d8f73de0fac7be06290,2be026e09fcd2b3b24f4ff18636229ca,delivered,2017-04-06 19:02:37,2017-04-06 19:15:19,2017-04-07 15:45:17,2017-04-13 13:50:08,2017-04-27 00:00:00
cd1ddd0a998b40f3335a4b6d9af53e7f,e283981fdc7530910844d1c8ccd4c9f2,delivered,2017-11-18 20:15:56,2017-11-18 20:30:39,2017-11-21 12:11:24,2017-11-23 18:02:47,2017-12-01 00:00:00
c09b9192c720069e6bb07a007f8db6dc,f6e3de4885d7c1fbafb04a33e6bb74b8,delivered,2017-12-06 14:44:14,2017-12-06 14:55:21,2017-12-07 22:38:56,2017-12-08 20:27:32,2017-12-22 00:00:00
544250ab4d14beef8f5e85c91ba932dd,a9c4afe35d4118f574a3173117e1a3a8,delivered,2018-04-22 22:49:01,2018-04-24 18:30:52,2018-04-24 17:18:46,2018-05-02 19:14:48,2018-05-21 00:00:00
e3ce941c85b5ae1ae2862a7344cbb845,d4497f33b4918074382d13f3999924cd,delivered,2018-08-23 18:27:44,2018-08-23 18:44:43,2018-08-24 13:07:00,2018-08-30 00:22:43,2018-09-11 00:00:00
e72a5280a46ca876b0fd05c1a1ee605c,e27a8cc9ed6af44e996a710cc9c09565,delivered,2017-09-13 19:56:29,2017-09-13 20:10:21,2017-09-15 17:57:56,2017-09-21 16:23:33,2017-10-03 00:00:00
530b947c3a33112e9d1b807557aabe41,4576c33f528da318e87dc01cf7504004,delivered,2018-07-07 12:30:28,2018-07-07 12:45:51,2018-07-10 14:55:00,2018-07-11 18:44:38,2018-07-26 00:00:00
33a08d5c54f24e209c3a1c2c9fc40c97,105abb3ec467cc6585a53923bc5be40a,delivered,2017-10-10 09:41:58,2017-10-10 09:56:18,2017-10-16 20:37:41,2017-10-19 17:15:33,2017-10-30 00:00:00
602cbc1dba09db685a591cda4cb07c56,42256b3d3c167cddadd57ddbf9339f7d,delivered,2017-05-27 19:49:09,2017-05-27 20:02:06,2017-05-29 15:36:54,2017-05-30 08:46:43,2017-06-09 00:00:00
bdd6b2438d59a554a92624258e321354,925055020d3da2a5a903a5c08e0accd9,delivered,2017-10-10 13:55:30,2017-10-10 14:41:27,2017-10-17 19:59:57,2017-10-21 11:55:21,2017-10-23 00:00:00
0cdc74fe3f18369cdc397f87a9c4a737,093afa5e2f16785b06a54179fdc986c2,delivered,2018-06-04 07:55:31,2018-06-04 08:10:18,2018-06-05 13:48:00,2018-06-18 17:51:15,2018-07-11 00:00:00
80b822f372e31deefa128214a3380eff,5636e32c90d30cebaeb91ab447abd96b,delivered,2017-10-19 14:36:28,2017-10-20 02:56:41,2017-10-23 15:29:03,2017-10-27 18:38:42,2017-11-09 00:00:00
71c0d1686c9b5556355dc29a0f5cf8dd,076523f7baf4359c0728c0bee2d8ccc1,delivered,2017-11-26 19:11:20,2017-11-26 19:33:42,2017-12-07 22:22:48,2017-12-12 18:05:54,2017-12-21 00:00:00
120b19c8ebbbe34df59e157f3dd1f0c9,a7cfe529b92621417a30967e7e4d5c3a,delivered,2018-08-03 08:38:13,2018-08-04 05:05:18,2018-08-06 13:41:00,2018-08-15 19:59:40,2018-08-15 00:00:00
f1c5e5967b0cd0144bd3b56958f7da43,af8172141c0b941edc73d75ad7264d84,delivered,2017-11-24 20:40:15,2017-11-25 05:35:43,2017-11-29 15:23:06,2017-11-30 12:18:46,2017-12-08 00:00:00
c6af04c6a72b5d587a620ad29c41dcad,b8413f7f4483d2539434ada199471a33,delivered,2017-10-27 09:51:37,2017-10-31 03:50:20,2017-11-03 21:55:56,2017-11-16 22:32:34,2017-11-16 00:00:00
ae0c703b9ca19474ade7bec18099ad7f,472a39839e3ad5a790edb3721639caa4,delivered,2017-08-15 20:28:18,2017-08-17 03:06:09,2017-08-17 16:08:38,2017-08-30 18:42:06,2017-09-12 00:00:00
824a8fc017adc80f979335a8477eb7cb,e7e1263e931c8df1462ecaaf16ead4a3,delivered,2017-11-28 10:49:39,2017-11-28 11:49:50,2017-11-30 22:09:42,2017-12-11 20:57:43,2017-12-20 00:00:00
3942129663d1d1392c8da657a08422a4,5d2ec729a53068e4a9a9d1ab4a428d17,delivered,2017-12-12 09:39:09,2017-12-14 09:34:35,2017-12-19 23:27:57,2017-12-22 23:05:56,2018-01-05 00:00:00
a6fa6ddceedb5ea6477c3660ccc379d8,682fb73a1af141803c7d70c084383dcf,delivered,2017-11-24 20:15:57,2017-11-24 23:33:05,2017-11-28 17:32:43,2017-12-26 17:27:05,2017-12-18 00:00:00
5635c4d926a70f077059cfbc66700181,73a888920ff9b346bdee4b1fdccde84f,delivered,2017-05-12 12:16:26,2017-05-12 13:06:35,2017-05-13 10:12:09,2017-05-23 14:26:38,2017-06-01 00:00:00
5546e31c47b50234b9ac599f2f8c0061,b7edcefe737a2bc9a92eaf9feb81fb93,delivered,2018-08-08 15:42:36,2018-08-08 15:55:12,2018-08-09 12:34:00,2018-08-15 18:56:39,2018-08-23 00:00:00
ce002f713509a834a878215db407ac2a,cb3dc88abcd9449e027ecc9752ffc775,delivered,2018-01-13 17:41:56,2018-01-13 17:51:23,2018-01-15 23:42:15,2018-01-23 17:43:23,2018-02-08 00:00:00
7f76cbdccae790b41d0c10e5734c384e,d141bef69235870b48ba805820c3bd6d,delivered,2018-06-14 21:01:57,2018-06-15 02:17:25,2018-06-21 13:20:00,2018-06-22 19:36:27,2018-07-04 00:00:00
b08a2ddb1cad0292d6855409d06cee93,4ed03ec6b6bb0f578528c56059228081,delivered,2018-03-19 15:59:10,2018-03-19 16:16:03,2018-03-20 22:37:42,2018-03-28 16:26:30,2018-04-10 00:00:00
64a0069bcf4240b9246d1f9b7ed61825,83b89cf9c779a9cd373086ac6bfe4216,delivered,2018-07-25 20:18:53,2018-07-26 03:15:07,2018-07-26 14:59:00,2018-07-28 00:03:39,2018-08-02 00:00:00
53e92c6a182704806c0b00b02f89ad32,35912908cb996d4e7f287edf06b1c8f2,delivered,2017-08-04 15:17:18,2017-08-04 15:30:15,2017-08-07 15:49:45,2017-08-28 16:32:47,2017-09-08 00:00:00
30e2d11b0cffddca576aea4e0a1f54f7,2a8afd4e0b4e479e397ffd48f618083a,delivered,2018-02-09 17:01:48,2018-02-09 17:15:42,2018-02-14 19:53:11,2018-02-19 20:29:08,2018-02-23 00:00:00
8e6f75525b0560b96f0391f462dbb959,2edde661dd127e32120fa7270da3930e,delivered,2018-05-11 15:18:55,2018-05-11 15:37:59,2018-05-15 15:39:00,2018-05-17 12:03:18,2018-05-22 00:00:00
cec9f2d01230a5ec8b92b222bdcb3c41,1fbd8147176eca1835aa64b2f0e5e32f,delivered,2017-07-01 00:15:30,2017-07-01 14:43:45,2017-07-07 18:23:14,2017-07-17 20:33:40,2017-08-02 00:00:00
9a9005e225c09281c29a530f65db93bc,ae3365d8ada0959db3ef7f3567112b78,delivered,2017-08-31 19:52:38,2017-08-31 20:05:14,2017-09-01 18:49:58,2017-09-06 20:13:55,2017-09-20 00:00:00
2e8a59579f027832343436a97c22499b,4dcdb96c4c889577e5b04124b6ce5cff,canceled,2017-09-08 11:19:09,2017-09-09 04:45:14,,,2017-09-20 00:00:00
47afd7b910ff2244e70dcaa59937755e,68931e60997eaddd5fb1192e138522c6,delivered,2018-02-10 09:55:54,2018-02-10 10:08:22,2018-02-15 13:55:22,2018-02-26 17:12:54,2018-03-07 00:00:00
940fe99b486fcc37068908e4ca885d03,206aeae1efb26ffc5afbe8787ceb542d,delivered,2018-05-09 23:18:53,2018-05-09 23:33:31,2018-05-10 12:03:00,2018-05-30 16:48:32,2018-06-20 00:00:00
a18a3d5f4d2f4c8c71503ed2bcf3ca7e,7f6ea1a57ef2691275b59aa3322ee717,delivered,2018-06-28 15:53:19,2018-06-28 19:15:11,2018-07-02 12:56:00,2018-07-10 15:39:41,2018-07-27 00:00:00
48a957d6e7477f9bce68d7b419f91515,65adef7e4ef013761f164a5ff231a139,delivered,2018-06-08 22:18:12,2018-06-08 22:32:38,2018-06-11 15:08:00,2018-06-14 21:52:34,2018-06-28 00:00:00
469693e7d8d566a64be410892965da82,13caae43704d2c300744a001d62b04e0,delivered,2018-02-24 15:35:00,2018-02-24 16:27:05,2018-02-27 22:48:34,2018-03-06 16:38:27,2018-03-21 00:00:00
623ad958e8a30b32e7b64d28aac09059,d25b289dca5da7b5bc3781ddf068270c,delivered,2018-06-13 20:42:34,2018-06-13 21:00:19,2018-06-15 12:10:00,2018-06-23 14:21:30,2018-07-20 00:00:00
ac3b0c224349e4ca9a0b0f2e8fbc4c75,f444bb4bffe058f24c3b5b5a0c0f46b6,delivered,2018-05-16 04:47:08,2018-05-16 04:55:11,2018-05-16 14:15:00,2018-05-17 15:06:54,2018-05-28 00:00:00
a8a737a6c936da9f10807e4c4262da72,48f7707d8436ab3d8549abb02f4715b1,delivered,2018-08-07 16:58:43,2018-08-07 17:10:19,2018-08-08 14:32:00,2018-08-17 06:43:42,2018-08-20 00:00:00
ada8c993c9ef5f3e6705c9ea4af1a1d9,e5774bc03685e61b1a33c24e43e28a3c,invoiced,2017-04-24 13:37:12,2017-04-24 13:50:22,,,2017-05-18 00:00:00
4331b358b6444eb8646111a7e7ee41a9,2fe41af4567a61030ca34a12594e0316,delivered,2017-08-22 11:32:57,2017-08-23 17:33:34,2017-08-24 14:14:00,2017-08-31 16:12:28,2017-09-22 00:00:00
383adbaf853206e2dea04ba16c94f20a,d666ef2c560cf609bd8e19fad99350b4,delivered,2018-08-21 19:18:15,2018-08-21 19:30:21,2018-08-22 12:53:00,2018-08-28 17:18:52,2018-08-30 00:00:00
2c8ad966b56668262728f44fbe18c4f5,1deefde8db592ffd43422b02906baba6,delivered,2018-01-29 10:42:17,2018-01-29 10:54:34,2018-01-31 22:47:05,2018-02-09 22:51:17,2018-03-02 00:00:00
edc07d2563b2d10bdf1a0376f65b8f76,acd35d862cfc0c1741ab3d368c4d341b,delivered,2018-08-01 21:40:21,2018-08-03 02:50:29,2018-08-06 13:29:00,2018-08-09 16:48:54,2018-08-14 00:00:00
0f91be4a9bf9ffd2c1ace53b9e5dd9e2,3dd2f8a8b58ffd06e8bff60f30b84f91,delivered,2017-01-18 02:01:36,2017-01-23 16:43:02,2017-01-26 14:44:01,2017-01-30 11:04:23,2017-03-02 00:00:00
27687629d1e64c201354bd2599e86782,b01592e974c5b73b5adc1cafc1ebb7e9,delivered,2018-05-22 18:47:34,2018-05-22 19:17:09,2018-05-23 12:23:00,2018-06-04 14:55:57,2018-06-11 00:00:00
857a0b439aee4a14bebfef2ed3cfa26e,0445283ab2d69419d518a3b1d82092c7,delivered,2017-12-18 10:18:28,2017-12-18 11:32:05,2017-12-20 21:38:33,2017-12-26 18:29:12,2018-01-11 00:00:00
f294439a6719ccac91b6e2f25088dd1c,25c66955a6eb1e7d7e4c1f9130fccd6a,delivered,2018-08-14 11:25:54,2018-08-14 11:50:51,2018-08-14 11:37:00,2018-08-21 17:21:20,2018-08-31 00:00:00
aba142e1b0636b0e443cbe4ce0a93e43,ace9efacd99682fd1afabe6bb12b8024,delivered,2017-06-25 20:11:15,2017-06-25 20:23:10,2017-06-28 16:41:47,2017-07-06 13:52:45,2017-07-25 00:00:00
ef69d6f02be07ca6809eb8262e293157,40695e92613f8b181d9137e6491402e9,delivered,2017-03-17 13:22:04,2017-03-17 13:22:04,2017-03-21 18:28:04,2017-03-27 13:30:05,2017-04-17 00:00:00
fefecf93dec36efbfb0155b5db427db6,f035bca183a9850bcb629a58a365b70a,delivered,2017-02-22 19:49:48,2017-02-24 02:35:21,2017-02-24 12:04:46,2017-03-03 13:47:35,2017-03-29 00:00:00
7f5251463f48903ab101223e0021afc6,bf002650fd2a89537a05beb56357327f,delivered,2017-11-08 16:37:20,2017-11-08 17:30:48,2017-11-09 16:54:45,2017-11-16 15:51:46,2017-12-04 00:00:00
3c23f03a52f26c926ec48ffa9bdd82f1,6b4181b03448813620a39cf169871ab4,delivered,2017-05-31 16:51:41,2017-06-01 03:50:19,2017-06-02 11:15:49,2017-06-16 15:17:49,2017-06-21 00:00:00
e778abcc21ac8c885cf25e865e3ac49b,d4911eb6b6642de30488f78e70a9fe5d,delivered,2017-08-07 13:09:57,2017-08-07 13:23:30,2017-08-08 16:09:08,2017-08-09 18:24:29,2017-08-18 00:00:00
e373430e08d5873c363c0b4ac5a28045,18e4cf8ae0545fde9da9e42f9b4e9d90,delivered,2017-08-13 19:08:25,2017-08-13 19:23:56,2017-08-14 20:24:39,2017-08-21 20:57:31,2017-09-05 00:00:00
1c7fe02ac4c7be50c59afb295cf85b89,20a452f528d487411fd7d3ebda1d0f20,delivered,2018-01-26 13:22:09,2018-01-30 03:47:31,2018-02-09 13:17:44,2018-02-20 14:18:51,2018-03-12 00:00:00
f11d659584813daadb19252b9659a670,9974e59c3f6c8186342935125184d014,delivered,2018-03-04 15:26:54,2018-03-04 15:35:32,2018-03-05 19:23:07,2018-03-21 18:48:50,2018-03-26 00:00:00
ba7243ecb3b63c80579ba1d4c34e277c,9e7bf73e5f989fb8530281d93a6faa0d,delivered,2018-06-21 13:37:25,2018-06-26 04:58:56,2018-06-27 11:27:00,2018-07-04 18:48:18,2018-07-20 00:00:00
d4b0a5abcc91e1b1300743ab94ab1fcf,7f0eb06f3d665e1f3de64301a663056c,delivered,2017-11-12 12:09:53,2017-11-12 12:26:56,2017-11-14 19:47:09,2017-11-21 21:53:05,2017-12-05 00:00:00
f73eb3272fd7648a3f673c87768d61a3,f474e4ad031e0c93db5b6c0f64da1659,delivered,2017-08-17 07:33:58,2017-08-17 07:45:09,2017-08-18 10:23:56,2017-08-31 21:45:52,2017-09-25 00:00:00
f64c7fd99793f1416dea0acbf3d9892f,cb1134effa844529035effe06a2ae01d,delivered,2018-01-23 20:22:31,2018-01-23 20:39:24,2018-02-07 16:51:55,2018-02-14 21:35:48,2018-03-20 00:00:00
048e579f89c9b3ca9a05550876740754,e87d6c74cdba01997d0d19d4c8941c2a,delivered,2017-07-25 19:23:14,2017-07-27 11:45:11,2017-07-31 16:41:59,2017-08-08 16:04:09,2017-08-17 00:00:00
b81fc2a4875952a72ef06b533847377e,95e3388b5dcbb48857ce7d634e15ead3,delivered,2017-07-31 09:08:39,2017-07-31 09:23:03,2017-08-10 16:37:26,2017-08-11 19:19:38,2017-08-11 00:00:00
382447aa0ebf13393d646287fed13df7,a52974bc1deaf9058f66e8b8a5f16f05,delivered,2017-02-04 23:16:00,2017-02-04 23:25:14,2017-02-07 16:45:08,2017-02-13 10:19:00,2017-03-07 00:00:00
287ef6e54574f46625b43dc4c5d5078b,83dd278da57d8a6065e06d3bb547bc91,delivered,2018-01-09 01:22:55,2018-01-09 02:34:28,2018-01-22 20:42:08,2018-02-02 20:09:02,2018-02-09 00:00:00
103a6df3372464e08e529f7d888a48f6,7a9915a7ff0cd1ba1f13318f84d1a7f2,delivered,2017-02-06 21:16:29,2017-02-07 21:22:39,2017-02-08 15:14:40,2017-02-17 17:58:56,2017-03-03 00:00:00
81260078ee8b33f713aa199a395e1a0b,301e9d7384ca35b9680a4bedf7e8d6c6,delivered,2018-06-09 17:25:27,2018-06-09 17:38:58,2018-06-11 09:52:00,2018-06-19 18:44:52,2018-07-05 00:00:00
72aae4d8091260674fd5abd94479abc3,d4da05b2b67ae67c603c1063a2a361af,delivered,2018-04-02 14:44:12,2018-04-02 15:11:26,2018-04-04 17:36:34,2018-05-22 16:02:41,2018-04-24 00:00:00
74174e09b0021ebfcb7b5e9d115910b6,1ba29be14150bf12e5c0339e3cae00c9,delivered,2017-11-21 20:56:07,2017-11-22 03:11:25,2017-11-22 22:28:23,2017-11-23 22:24:53,2017-12-01 00:00:00
ef7c07e8debe38337f6865322d146103,fd7d197672b335172d5ac6d2f60eb9ac,delivered,2017-10-03 18:29:36,2017-10-04 15:25:28,2017-10-05 15:54:06,2017-10-07 15:59:00,2017-10-19 00:00:00
847a065b23a7d02398792f10f38a9b12,6a6235b58e3f03afd459bde7580a5ca0,delivered,2018-04-03 09:43:42,2018-04-03 10:30:27,2018-04-05 17:48:51,2018-04-20 19:04:41,2018-04-19 00:00:00
33c011fdacf02b14181fcd81f4b5ece0,0c5ce79848f718f81dec0ee02829d074,delivered,2017-03-22 21:08:57,2017-03-22 21:08:57,2017-03-24 10:08:16,2017-03-30 12:28:05,2017-04-10 00:00:00
3cde8944e2cad2f0494cf3f146b4081b,26719a8eff2571760f7ea1a3640d9859,delivered,2018-03-20 20:48:34,2018-03-20 21:08:29,2018-03-21 18:48:40,2018-03-27 19:03:13,2018-04-13 00:00:00
55bb79b4227dafa41a25a45e8462c7b5,73dbb993602046f482a399e17d8a446b,delivered,2018-07-01 11:18:47,2018-07-01 11:30:20,2018-07-03 12:26:00,2018-07-10 16:26:37,2018-07-31 00:00:00
af3327b567206d03f49d5cc63c712a22,e4a45d4886a96c9ed50b463886c31c26,invoiced,2017-11-04 09:29:55,2017-11-04 09:50:22,,,2017-12-04 00:00:00
b9aa04fee730826d066fd6b7f63def15,824586bf0c5be85cf4295256c5693f37,delivered,2017-07-15 17:27:36,2017-07-15 17:43:45,2017-07-17 18:53:04,2017-07-19 20:13:27,2017-07-28 00:00:00
bb9552306cf6879fde49f4ba3bd94299,5e6ef5df32d231c3564df878e325d301,delivered,2017-12-14 20:30:29,2017-12-14 20:38:29,2017-12-16 00:19:10,2017-12-23 14:33:14,2018-01-12 00:00:00
8f0518f5d4437b43c4849faee7e6dacd,41c148813f6ddd461988059f73e8a24e,delivered,2018-07-01 10:38:31,2018-07-01 10:55:16,2018-07-03 14:30:00,2018-07-10 15:34:50,2018-07-27 00:00:00
4960065fba0ef1eded83b35298e31a44,64b63f682a4ce353e5840bc5b353cfb2,delivered,2017-12-12 07:15:14,2017-12-13 02:37:29,2017-12-13 17:08:04,2017-12-27 15:54:57,2018-01-17 00:00:00
5ccbf94709ecf3a81efaddeec8a2141f,ce4918541808858e8b59af10d2d0e229,delivered,2018-03-08 10:22:00,2018-03-09 08:50:37,2018-03-09 20:11:56,2018-03-23 16:23:36,2018-04-03 00:00:00
22693e7b9440fce24aa700d0fb64f69f,a64bea57ad4ce9c9ceb671ea65d37e8e,delivered,2017-05-13 21:24:23,2017-05-16 03:25:21,2017-05-22 14:45:22,2017-06-02 17:40:14,2017-06-05 00:00:00
c95fd0fc2b4b423d8ded594da8d1a398,5259347be036bd334ad145d509633d8c,delivered,2017-05-21 19:14:44,2017-05-23 04:15:25,2017-05-25 08:45:53,2017-06-01 14:23:26,2017-06-22 00:00:00
ad9671d9fd8a26cd77fb4addb38f7463,36e69765211e0ea6fa0d0f33a5d3a15a,delivered,2017-11-18 08:19:58,2017-11-18 09:35:24,2017-11-22 00:09:38,2017-11-27 15:07:43,2017-12-07 00:00:00
9dd961aa6268f666f626787499250308,a259501a0af89f46dd6e8a591e8221cc,delivered,2018-06-20 19:27:49,2018-06-20 19:57:59,2018-06-21 13:07:00,2018-06-25 18:14:54,2018-07-19 00:00:00
8de5c10ac1599e2a0d202521d0a2cddf,a5d8f9d685de88983f7409c66971b8c4,delivered,2018-05-09 11:58:19,2018-05-09 12:15:14,2018-05-10 13:33:00,2018-05-11 13:23:43,2018-05-23 00:00:00
3e01278f6cf7cd9f094f320a1d2a8e5f,e1498108bfb9fdf2777cab12a50ad36e,delivered,2017-03-09 23:52:59,2017-03-09 23:52:59,2017-03-13 15:44:31,2017-03-21 21:34:18,2017-03-28 00:00:00
a1deb5a1e93bdf89bc4e5e00ec3691d6,00949af96107ff1f55bc0f09e913686d,delivered,2018-03-31 11:35:12,2018-03-31 12:15:06,2018-04-04 20:42:18,2018-04-05 21:51:43,2018-04-17 00:00:00
3fe3f95b759ac932040fa128a84e41f5,81e25bfc02fbc899c8f1110e1b6f28de,delivered,2018-05-22 13:33:47,2018-05-24 02:34:41,2018-05-30 14:29:00,2018-06-05 17:19:01,2018-06-12 00:00:00
4c18e8ddd12e99c9a83af114dd400891,674f10fb94cd875e1fb71c490dfe9446,delivered,2017-07-23 15:39:08,2017-07-23 15:55:14,2017-07-25 22:22:07,2017-08-01 19:12:41,2017-08-04 00:00:00
fa63bd85298f3d5a0d7750094e271e57,6af7f8410a3e4bdf3a8a138c9a0bc2f8,delivered,2017-07-13 10:27:54,2017-07-14 02:15:20,2017-07-14 19:17:55,2017-07-24 22:02:36,2017-08-04 00:00:00
901b7d3834c0b94a93d48cba6f2e3ce4,d3c7d2b32f278d3699a3e7376f85155b,delivered,2018-04-12 22:52:26,2018-04-12 23:11:22,2018-04-13 17:18:31,2018-04-23 22:22:44,2018-05-07 00:00:00
f46198db9ff29316c3d930efbef08666,0dc132dd6a84ba32be100a29704baa6b,delivered,2018-03-06 21:50:21,2018-03-06 22:09:26,2018-03-08 16:27:05,2018-04-09 21:56:50,2018-04-11 00:00:00
5ae462adc9fc09ec40e8eb915cecb4ca,653136f490bd263f8aa1b687e32cd6f4,delivered,2018-07-09 16:57:25,2018-07-09 17:05:22,2018-07-10 11:41:00,2018-07-12 22:47:33,2018-07-18 00:00:00
1415ba1a8d324d2a63d74fb8e55145c8,6819b3d1de095558244839b7aa7be148,delivered,2017-09-29 18:57:23,2017-10-01 02:34:46,2017-10-04 20:22:38,2017-10-11 18:31:59,2017-10-27 00:00:00
12fb3c36ed38cd5bf01aa6b287d4acfb,82e984ca94de36120ef7eb9388284c9e,delivered,2017-12-02 00:48:21,2017-12-05 04:17:45,2017-12-05 22:43:46,2017-12-22 18:57:48,2017-12-28 00:00:00
6967b2016aa2f75c1547e72d299a82d4,ad2dd8c90eb7db839a1baa477318982d,delivered,2017-06-05 16:10:10,2017-06-05 16:25:22,2017-06-07 13:48:22,2017-06-16 12:58:43,2017-06-26 00:00:00
205600cda4d43b1596093a3297908ea5,3dc77678850c657617eda579624570e2,delivered,2018-02-15 13:16:43,2018-02-15 13:30:40,2018-02-21 18:09:22,2018-03-13 23:03:24,2018-03-09 00:00:00
28d3eb0dd357cb5e31b30493e2cf767c,17caf718945fc7f03c536d0a4ca3caff,delivered,2017-07-03 14:57:31,2017-07-03 15:05:14,2017-07-04 12:21:04,2017-07-08 13:41:16,2017-08-01 00:00:00
15aaee8363bb9a9c8c77e095cf45ef5f,6f201a0062d12408fb6ac9f1e6395bd7,delivered,2018-01-21 18:52:06,2018-01-22 13:56:55,2018-01-25 15:53:04,2018-02-05 21:47:23,2018-02-20 00:00:00
575b1b9f37a11b59ac98672fa8c487b2,1217d9ba5408d02c8bb74d95ec4161c6,delivered,2017-03-21 15:41:28,2017-03-21 15:41:28,2017-03-29 08:46:45,2017-04-04 21:00:09,2017-04-19 00:00:00
8d25f73f2fe9c225dff2232fd1e7c89b,626478b0f57ed4bdf6f462568f16d5d5,delivered,2017-01-30 23:20:41,2017-02-01 04:36:09,2017-02-02 11:43:39,2017-02-15 13:38:51,2017-03-14 00:00:00
ab815320404ada153a9d06f166c961dc,8e6ca829706ccbf262d3cfcebe7ceb52,delivered,2018-05-17 09:48:09,2018-05-17 10:38:29,2018-05-17 09:45:00,2018-05-30 21:12:35,2018-06-13 00:00:00
914668db9e34e3393a12dae7b3253fb8,2e3cd8a974fb4d32ae5884c9d8643d3b,delivered,2018-02-11 17:43:51,2018-02-11 17:55:27,2018-02-14 22:17:57,2018-02-26 17:55:05,2018-03-13 00:00:00
8efa32589faa9ab3d9fb06ab4f2bceb7,a6e8fce51cea4eaa262c715df087aede,delivered,2018-02-09 01:51:53,2018-02-10 02:36:30,2018-02-14 23:06:50,2018-02-22 18:22:01,2018-03-06 00:00:00
c61e31d4cd0672fe89449ab560602519,a1937e26edb8cc57b903979f75291e8f,delivered,2017-09-09 21:11:06,2017-09-09 21:30:19,2017-09-13 14:20:07,2017-09-25 18:06:59,2017-10-16 00:00:00
597762c317500fb387313e761eada089,a8107b4e41de56737858ff869270185f,delivered,2018-04-25 16:39:55,2018-04-25 17:12:50,2018-04-26 15:23:00,2018-05-03 23:41:54,2018-05-23 00:00:00
ca122923041cbd981088cb1f28cb86cb,f177505ed902d9043faa6798e4881af6,delivered,2017-05-07 19:40:53,2017-05-07 19:55:05,2017-05-10 14:44:39,2017-05-16 16:18:01,2017-06-02 00:00:00
f83bab059faa2a4560be63dad351763a,1b4521b13c7a4e9ced82aa5192725da3,delivered,2018-01-08 21:18:11,2018-01-08 21:31:25,2018-01-09 15:57:40,2018-04-19 14:32:49,2018-02-01 00:00:00
ab7a53a8e94cab448240ff654797c44e,2f751d53058e28b3d51ad54852cc9c5e,delivered,2018-08-28 17:39:38,2018-08-28 17:55:18,2018-08-29 13:17:00,2018-08-30 18:41:01,2018-09-03 00:00:00
dc63907221fd261fcedb84efa214a6cf,57f70c8731f4b0c1bd04025365a14b45,delivered,2018-01-06 13:59:51,2018-01-06 14:06:51,2018-01-12 22:27:59,2018-01-23 21:16:48,2018-02-09 00:00:00
6533a0d9c1703a1ebf0115fb55e01834,7bb71c78bfdc5d8a82c1b6866956daf7,delivered,2018-08-11 16:24:03,2018-08-11 16:35:14,2018-08-13 15:26:00,2018-08-24 16:02:50,2018-10-02 00:00:00
56ee0507f806ad1a079e2905d5beff09,9919279bb9d90740dc78c930d5a2596e,delivered,2018-03-05 09:38:00,2018-03-06 04:30:50,2018-03-07 00:10:09,2018-03-17 12:33:32,2018-04-06 00:00:00
2de300305c4fc64802a63341e5780c24,323c3cfe7ddc27f3c54331fc41edc09b,delivered,2018-06-23 01:03:56,2018-06-23 01:40:41,2018-06-25 14:47:00,2018-06-26 19:08:24,2018-07-05 00:00:00
d4de2912c79702221bd12d642b18e49f,00c2781c163b9f057924ed8c45c724d4,delivered,2018-01-29 19:39:43,2018-01-30 12:31:02,2018-02-01 17:52:01,2018-02-09 19:59:05,2018-02-22 00:00:00
5010ecbb29633b8a98b4e6b6075b238b,577650aa5431a6b7fc835dd8839d2a60,shipped,2017-10-25 21:34:24,2017-10-25 21:49:32,2017-10-30 19:28:01,,2017-11-27 00:00:00
9257ba43d1349df1fe69c0fdcf214056,17f443577c6454e58198ba4cd34d3049,delivered,2018-05-07 18:12:54,2018-05-09 17:10:29,2018-05-11 14:13:00,2018-05-30 18:24:52,2018-06-07 00:00:00
d035bb29ea5accfdb6e0c4b6925651cb,7f59143dc719ca40fe74c4527ac95a0e,delivered,2018-07-29 18:45:40,2018-07-29 19:04:25,2018-07-30 12:57:00,2018-08-06 11:26:34,2018-08-15 00:00:00
aea98a9d19779475e8dd3302d7eb5ff3,39b67859bac381141ef9b5ea717666b0,delivered,2018-04-08 20:27:27,2018-04-10 03:49:39,2018-04-12 01:12:30,2018-05-01 16:12:09,2018-05-08 00:00:00
a84cd46a772fbff921cbcad46c4f5a53,941053d2f2f52d39856add833ef99ea0,delivered,2017-08-19 17:10:17,2017-08-20 17:15:21,2017-08-23 15:05:56,2017-09-04 18:59:45,2017-09-13 00:00:00
1b988e4cc28ec72241d86331f6edb974,c13053da85854545a5a7f5c2d19976f8,delivered,2017-09-24 16:23:54,2017-09-24 16:35:09,2017-09-26 20:03:37,2017-10-05 15:38:23,2017-10-24 00:00:00
560da5b17e4bf4f4a9eb6794a8d71eeb,94b975689c61872e24c36749bd542447,delivered,2018-03-21 03:38:33,2018-03-21 03:50:30,2018-03-31 13:54:35,2018-04-11 01:38:22,2018-04-20 00:00:00
ae2a64ff575a69e9f700def24f6b05e1,7852374b87ec17bf7fb1fb0aee3b9a43,delivered,2018-03-25 20:38:59,2018-03-25 20:50:26,2018-03-26 18:46:48,2018-03-28 14:52:15,2018-04-12 00:00:00
375c5afd2ca7bebe7227faae4dd01aa9,a217741046240aa9256eff40536e90e6,delivered,2018-06-01 19:09:52,2018-06-01 19:31:27,2018-06-04 14:10:00,2018-06-05 19:56:26,2018-07-17 00:00:00
63feb2ae0b836343163861c5268b5e2e,145011fb245fefeb64d213c1193aafb6,delivered,2018-04-27 22:44:44,2018-04-27 22:55:12,2018-04-28 09:01:00,2018-05-11 21:24:22,2018-05-16 00:00:00
194d91ef19efa47048d37b91c5efe0e7,81d682c2f8062f1609d67f4fece07583,delivered,2017-06-22 13:37:51,2017-06-23 02:15:52,2017-06-26 18:03:18,2017-07-03 15:37:39,2017-07-12 00:00:00
3fda50110c900229fd819d3b41c88626,16ceebbf32f67216a75f6b47508e5cf3,delivered,2018-04-30 21:59:49,2018-05-01 03:32:31,2018-05-02 15:16:00,2018-05-07 21:42:11,2018-05-23 00:00:00
36870d717737ef5f4b201e7787c3ea6f,b0fdd38d459d6c7fc8118dd3ed73d096,delivered,2018-07-04 23:04:01,2018-07-05 16:35:32,2018-07-05 14:43:00,2018-07-11 18:40:56,2018-08-01 00:00:00
a31d01c5e7788d70334ff10309791055,d08af6caca2e5ae78e50b3e87c72d52f,delivered,2018-04-06 15:50:16,2018-04-07 19:08:31,2018-04-09 19:22:47,2018-04-13 21:29:29,2018-04-26 00:00:00
d643210fc3ba60faf761d5a9c9e3f8b8,f73eae10382b7e2d8bd624402eeba301,delivered,2018-01-28 18:34:40,2018-01-28 18:50:23,2018-01-29 20:58:54,2018-02-02 01:40:59,2018-02-20 00:00:00
7491b6e69f50c3e941057224d0826186,e7a06485005d68b08b90d6b212c114e3,delivered,2018-05-07 21:54:59,2018-05-07 22:11:43,2018-05-08 12:41:00,2018-05-17 20:21:47,2018-06-07 00:00:00
cea54c1853c864ab36cea3ef732d7191,c09801227c7f48130b33a8ddb9d91660,delivered,2017-11-04 09:48:44,2017-11-05 11:50:17,2017-11-07 21:06:48,2017-11-14 21:37:04,2017-11-27 00:00:00
d00324ba609a8298286edcf713565755,300b5f21e1b69c0a77295f8a85027a98,delivered,2018-04-02 08:43:29,2018-04-04 03:08:57,2018-04-05 03:43:31,2018-04-16 18:41:34,2018-04-20 00:00:00
113a4f0ccb14984c0e48ae43a43d0214,e0971b72a2d7a7d471ea3122bbccf9a5,delivered,2017-05-20 09:12:14,2017-05-23 04:22:36,2017-05-23 16:32:24,2017-05-24 22:14:00,2017-06-02 00:00:00
dbf950454e4e2ce02692d5a05aa7a304,f1719554f23dca686fac4913bb333447,delivered,2018-01-10 11:11:05,2018-01-10 11:51:20,2018-01-11 11:58:34,2018-01-13 00:25:09,2018-01-29 00:00:00
efe7380fd1ca4f19193a35a028f0ce54,fa64f507ec714d45b905f7330add8aca,delivered,2018-07-22 19:59:02,2018-07-24 11:31:59,2018-07-25 13:23:00,2018-08-14 15:25:22,2018-08-16 00:00:00
c6eff5304f4a38da67159a731ae50674,ac1d9e675b29ba7cc97203d1a8830e4a,delivered,2017-03-10 04:23:41,2017-03-10 04:23:41,2017-03-10 14:23:40,2017-03-16 15:41:38,2017-03-31 00:00:00
f03503cc14305b614cbfd2acf1f00c4d,0901a6c3dbfb079995b25de715c83cbe,delivered,2018-03-28 19:22:25,2018-03-28 19:35:20,2018-03-29 18:19:05,2018-04-06 20:21:56,2018-04-20 00:00:00
aa8adac0e00cc6ceffb7b5f3548e5c9c,173670e79fa6edd507aee6d9d17e1be4,delivered,2018-06-12 13:48:36,2018-06-12 14:25:45,2018-06-21 14:41:00,2018-06-22 21:51:29,2018-06-29 00:00:00
11746f9dc3d55313aadc6e6bf8464595,dcb15692eb3de5de08f5c4f51e1ca6bb,delivered,2018-04-23 00:23:12,2018-04-24 17:24:08,2018-04-24 17:05:50,2018-05-02 18:32:27,2018-05-16 00:00:00
8282d5532e3d6bc650960861965714ee,af3d97e75c2923767618f71f6747eb55,delivered,2017-06-06 10:56:13,2017-06-06 11:05:13,2017-06-07 03:54:37,2017-06-16 14:18:05,2017-07-05 00:00:00
ddf02da047a1c300e78346fe13f7e862,1762d969fa7c868c95decf19211d08af,delivered,2018-03-22 11:00:23,2018-03-22 11:15:35,2018-03-23 23:48:24,2018-04-05 17:14:24,2018-04-13 00:00:00
7e4e079e2d9663692b28939d0da6497e,d61c245671a7c5d1225b088dfde335ce,delivered,2017-12-13 17:00:14,2017-12-13 17:12:31,2017-12-15 22:36:58,2017-12-30 19:08:30,2018-01-11 00:00:00
d6a9b94fe86c050b0b1f7d62a98579c9,c11ec7da7848a25b5c2ae31f66fcc02f,delivered,2018-04-27 09:50:09,2018-04-27 10:12:23,2018-04-27 11:30:00,2018-05-07 15:51:19,2018-05-23 00:00:00
ac07d522efe22ee864da5a49b3e87f06,3400a591c061ccde020c507026862af5,delivered,2018-05-17 01:02:45,2018-05-17 01:15:17,2018-05-17 10:15:00,2018-05-22 20:22:42,2018-06-05 00:00:00
c7068b2d09a51ca53dd0a06c2526be34,1ad694b547c3ea9f07c1257306fc67ff,delivered,2018-04-28 21:24:39,2018-04-28 21:51:11,2018-04-30 11:46:00,2018-05-02 18:12:32,2018-05-17 00:00:00
ea64e33ee8ce74c882574ddc97a4f10e,432a90e363bd0b76e0c0f6d1e364941a,delivered,2018-05-20 17:16:24,2018-05-20 17:40:43,2018-05-21 15:19:00,2018-05-23 19:04:19,2018-06-05 00:00:00
300b99fa4ea75136af2879d2bf751d57,da89c31c33c817601217ebdc26e42203,delivered,2017-11-29 14:49:33,2017-11-30 02:25:34,2017-11-30 18:48:15,2017-12-12 23:36:49,2017-12-13 00:00:00
5b51c10e37ad26b98a3e168dc9be446f,97b4c5d7cc3b98f5601cd8f44a67432d,delivered,2018-04-30 00:37:13,2018-05-01 06:13:34,2018-05-02 12:32:00,2018-05-08 21:14:51,2018-05-22 00:00:00
40d803e4b62276b9e5c570dabfcef88f,7d4ca04618bb93d27e18473b6d77abc4,delivered,2018-04-23 15:04:12,2018-04-24 19:04:41,2018-04-24 19:08:42,2018-05-03 20:34:31,2018-05-21 00:00:00
977e2e63a3b6924e344efa8c684f83dd,2e8fefe7c64009a35dc6d4a985159bf4,delivered,2017-08-01 16:46:26,2017-08-02 03:04:26,2017-08-03 18:25:07,2017-08-08 15:33:44,2017-08-21 00:00:00
8781fc46d9d2a051c66e619d005a4046,9c6016bbf8f57b1aae49ba49fa48d33c,delivered,2018-04-28 22:44:32,2018-04-28 22:55:16,2018-05-02 15:26:00,2018-05-07 18:58:56,2018-05-23 00:00:00
5eeb092ebe54bc6f635f566588d2e908,b67e09339b0e590a3e6dd7c502badc8f,delivered,2018-01-21 17:44:04,2018-01-22 13:55:27,2018-01-25 02:35:35,2018-01-30 16:35:01,2018-02-16 00:00:00
dd6ee4d96f0f3cf1432c3b82818e0387,34c75c5903ab645174b88573e1950dc9,delivered,2017-11-25 11:11:25,2017-11-25 11:34:18,2017-11-28 17:57:56,2017-12-19 14:14:29,2017-12-15 00:00:00
4be354605f898bd7290366706f07d622,c32f33e3925ff7ae6c926ab877813c07,delivered,2017-06-02 22:00:00,2017-06-02 22:10:18,2017-06-05 09:51:59,2017-06-14 16:26:55,2017-06-29 00:00:00
72a29a34308d7f62487412864e45db51,1a19124c6250a1dd852aed6824b9bac5,delivered,2018-05-11 10:03:37,2018-05-11 10:17:44,2018-05-11 13:46:00,2018-05-22 22:32:38,2018-06-11 00:00:00
96d725684b5d02f6a5ee7a58c17296d8,802ddb120082372c8e8b2779a00f5553,delivered,2017-12-07 22:29:08,2017-12-07 22:36:20,2017-12-12 01:26:48,2017-12-13 13:36:17,2017-12-26 00:00:00
25f7a3addc40a8945c939a6d4bf1148e,c42d04e55c339ec050338c3a8142bd91,delivered,2018-01-27 19:56:22,2018-01-27 20:11:27,2018-02-01 01:41:33,2018-02-07 22:12:42,2018-02-20 00:00:00
596e3411897df0ab0f5d786eaafcf839,9b4efdb2241fd3f1780164c4e3ca2c13,delivered,2017-12-08 10:41:44,2017-12-12 03:55:36,2017-12-15 19:08:57,2017-12-22 21:09:22,2018-01-22 00:00:00
0c2b0060d3c030936fff3266c4224733,a7b81cf24e2a3d1fbdb932dad8ae8e2f,delivered,2017-11-13 19:18:28,2017-11-14 04:15:45,2017-11-22 21:21:48,2017-11-23 20:54:40,2017-11-27 00:00:00
a470178a33b34c1e9a3f2eaafff55763,38a207eb1095e45ba5d6a3fae5112be2,delivered,2017-06-25 21:23:59,2017-06-26 21:25:14,2017-06-29 14:34:58,2017-07-01 09:03:44,2017-07-14 00:00:00
5c2c3051e99aa85bb1f2260f51e59f49,cb2e11bace32ece844401b0cae25430b,delivered,2018-08-15 21:21:22,2018-08-15 21:35:21,2018-08-17 12:43:00,2018-08-27 11:19:50,2018-08-24 00:00:00
3012c36a0f6377ec543f931bf33923d9,87e46784e51e259b907957c54c22cb5f,delivered,2017-12-30 12:19:04,2018-01-03 04:11:29,2018-01-05 22:49:16,2018-01-15 17:15:35,2018-01-29 00:00:00
7ec740ecb9d6f73b2e80bbc93dd784ca,c64cdd0013964702894b7d0d942b034f,delivered,2018-05-07 20:13:49,2018-05-07 20:34:02,2018-05-08 15:09:00,2018-05-10 19:18:34,2018-05-18 00:00:00
ebc0d4d91f884f9dc7983f079d1bde7f,d66844e2865d7000a3ec9e3a81ed0bf1,delivered,2018-01-27 09:26:42,2018-01-30 05:31:45,2018-01-31 14:57:58,2018-02-03 14:21:33,2018-02-20 00:00:00
b009bb39092cf13a92060169b3d8bfc5,01cd4f08b8b1bcba4125cff64d2ebc94,delivered,2018-02-13 20:33:00,2018-02-13 20:50:49,2018-02-15 00:19:02,2018-02-26 21:42:48,2018-03-09 00:00:00
8bcd360929ad5418e71ce8a211ceb57b,297aedbd30d2b83212a3776ff939abbb,delivered,2018-05-02 10:36:07,2018-05-03 03:52:56,2018-05-03 15:05:00,2018-05-14 19:28:34,2018-05-23 00:00:00
a28814d7900a79b375c4f1aa2d2e1006,64e2c043d20edb351bf9894c45475e80,delivered,2018-08-10 16:12:00,2018-08-11 16:05:12,2018-08-13 12:57:00,2018-08-17 18:16:52,2018-08-27 00:00:00
e2f32fa6ee7888b5fc5fcac4cfd8d055,eeb1653401a3e45527ae635accc52751,delivered,2018-08-17 23:16:32,2018-08-17 23:30:11,2018-08-20 13:55:00,2018-08-24 17:11:45,2018-08-28 00:00:00
249cdd4e1dc4aa2c19a568ce182a7254,5dda90aebacf065a80afd8b35cf60dc3,delivered,2018-04-21 13:32:20,2018-04-24 18:54:15,2018-04-23 21:06:39,2018-04-25 22:03:27,2018-05-10 00:00:00
450f27b39a6a905c37a6acf203f98e6e,c0533f378549d3c71ab4d8a34a55cb1d,delivered,2017-10-26 03:29:05,2017-10-26 03:57:05,2017-10-26 21:06:42,2017-11-06 22:03:35,2017-11-13 00:00:00
48d0129c92992c4ee4c6b7b034c63336,85d622312fac76fa9a79eece3fe2eb9d,delivered,2017-11-21 19:48:09,2017-11-21 19:58:58,2017-11-23 18:32:48,2017-12-12 22:03:09,2017-12-18 00:00:00
782d3bc431fb7dfe50633f53fff4ac62,896989a5e9110fb3c1301a9f5ae7ee93,delivered,2017-05-11 11:03:40,2017-05-11 11:15:18,2017-05-17 12:36:40,2017-05-18 11:47:50,2017-05-19 00:00:00
e73e3170000c0a93c0470e40aa0ccf91,2212507bd8c4ceb9bbc149e4ad1b66d2,delivered,2018-06-15 14:35:39,2018-06-15 15:03:32,2018-06-19 07:03:00,2018-06-20 14:49:48,2018-06-28 00:00:00
aa1d1ca97c168f757ed08fe8a76225a1,49165a769ffc8f63260b6ed8f9b5ba95,delivered,2017-08-13 18:00:45,2017-08-13 18:15:15,2017-08-16 20:17:56,2017-08-25 21:45:49,2017-09-12 00:00:00
0dd9baba59537d4782153775157d0a36,599d7a9e7ba62dc5f74251b638a7e30f,delivered,2018-03-17 08:55:25,2018-03-17 09:10:20,2018-03-19 20:26:36,2018-03-23 17:56:41,2018-04-10 00:00:00
6e116aaaf479cdcaa8a1262489a07086,4358412d9f188946dff16379af43b066,delivered,2018-03-21 12:11:57,2018-03-21 12:27:52,2018-03-23 22:17:20,2018-03-29 20:41:59,2018-04-11 00:00:00
2e1b58feba35b519cd774e6016c56e19,26c382adfdd9057179b948deaa54c2d6,delivered,2018-03-14 19:39:43,2018-03-14 19:55:28,2018-03-20 18:17:21,2018-04-10 16:08:31,2018-04-05 00:00:00
adaeda2bff57a2960eb4710347cbffa4,b221a1216ce25664765639f2753409f3,delivered,2018-03-20 13:51:16,2018-03-21 13:48:13,2018-03-23 01:26:36,2018-04-02 17:44:20,2018-04-17 00:00:00
5ba8500dac4dd5b631b8a82bce2400c4,cec09b32ae4d0d0cbaa540645255210c,delivered,2018-06-18 22:47:01,2018-06-18 22:56:20,2018-06-19 13:13:00,2018-06-21 18:50:58,2018-06-28 00:00:00
818996ea247803ddc123789f2bd6046b,19b1122a589ca4893fcce3cb209abba8,delivered,2018-08-20 15:56:23,2018-08-22 03:55:07,2018-08-22 14:28:00,2018-08-29 22:52:40,2018-10-04 00:00:00
2adb2f19ddcdf638f5c1284f84e4fe18,bb3b8ba65c06bcbe68a062e28fa27adf,delivered,2018-05-27 19:13:16,2018-05-27 19:35:18,2018-06-04 15:38:00,2018-06-05 20:05:48,2018-06-20 00:00:00
17e74a3ed820df41b9bcfe9aeb73aef4,7c08ab0ad22ad42e8f4d13e0047c79fb,delivered,2018-03-17 19:24:55,2018-03-17 19:47:56,2018-03-19 23:32:21,2018-03-27 00:06:55,2018-04-05 00:00:00
f9068fc0240e1cf103d53197f7820a13,ac1fff69bbed8bc328508d6f18dc265f,delivered,2018-05-01 22:24:07,2018-05-03 03:53:05,2018-05-07 11:56:00,2018-05-10 22:38:18,2018-05-24 00:00:00
44f720ecff743e26f1e3389c21fa89d2,71bad65633c705d7ffb0751cc2b5057d,delivered,2018-03-02 11:26:44,2018-03-02 11:50:45,2018-03-06 22:51:49,2018-03-22 21:38:32,2018-04-10 00:00:00
01677846a819fff5fc22d43d61e58367,d83f1643bc89dfc8516c6c2a11f46258,delivered,2018-05-03 10:12:15,2018-05-03 10:57:01,2018-05-04 15:25:00,2018-05-10 00:36:54,2018-06-06 00:00:00
f6e638ae1f17003aac1cb6dc6a93ba73,bdeb52f66b5546ea418a547dc8888da5,delivered,2017-11-16 15:45:23,2017-11-16 16:09:28,2017-11-17 19:58:46,2017-11-30 21:17:57,2017-12-19 00:00:00
70828ad0ee27db08d57b1437374b15e3,cd6c27532dbcb15907a72ccc69255c9b,delivered,2018-02-26 16:59:58,2018-02-26 17:15:38,2018-02-27 23:28:32,2018-04-20 12:46:38,2018-03-28 00:00:00
d83d59b310da489d03434dc07fdb0d78,72a9e09c2ec8cc990bf5976ca6f4ffaf,delivered,2017-11-15 16:03:25,2017-11-17 04:10:35,2017-11-17 18:17:04,2017-11-27 22:46:51,2017-12-06 00:00:00
47dd5e01f578faeecc316e731005674e,9e173d7282cd776907e4ea9d8af5d021,delivered,2018-02-28 15:44:34,2018-02-28 15:55:39,2018-03-01 20:33:29,2018-03-07 23:49:01,2018-03-19 00:00:00
6aa88d307527c2931de6242ca2fbd3a2,a0e1d216fe9881ea3d832b8ed6d0d346,delivered,2018-08-01 12:39:09,2018-08-01 13:20:18,2018-08-02 15:58:00,2018-08-04 11:08:24,2018-08-07 00:00:00
1b54abf9a3a5c9a800878f91a25a6299,ff5357994d94da35b69ee05d44805916,delivered,2018-03-05 20:50:18,2018-03-06 03:51:25,2018-03-07 21:08:45,2018-03-16 15:08:52,2018-03-21 00:00:00
30aa5b276c1c261045daa747b8f24ffa,ef966e935e4bb6030809dfb1de9e9a97,delivered,2018-03-22 12:53:38,2018-03-23 02:15:36,2018-03-23 19:09:01,2018-03-27 13:54:52,2018-04-04 00:00:00
55c5ffea3ddcde9c94cf5218e02be4cc,616b84358bb0e1897e5f5b2bcaa6a241,delivered,2017-10-31 09:50:53,2017-10-31 10:07:14,2017-10-31 22:05:55,2017-11-09 20:22:10,2017-11-16 00:00:00
b563a6894c8dac532fb2865e5581c3f6,78fcad4ad52f1de8696c574e824cbac4,delivered,2017-07-17 10:29:13,2017-07-17 10:43:04,2017-07-17 19:04:32,2017-07-26 19:52:04,2017-08-04 00:00:00
0d02b771eedf655d493ce414a9a7abd1,e823a77c1eaef4c7664b0f4e4d275fb6,delivered,2018-01-31 19:15:21,2018-01-31 19:29:26,2018-02-01 19:10:36,2018-02-19 19:39:19,2018-03-05 00:00:00
5db9b0ad19ea0543caa70c934783946c,058f3fdd496fc2cd91c21bf8fe4b1a29,delivered,2018-04-05 22:12:22,2018-04-06 08:55:24,2018-04-13 00:44:44,2018-05-07 18:18:45,2018-05-08 00:00:00
3784bc92c8ff0ca207ed55629e5df7e9,34b9bca8f3dbf57f921bb8cf2e276be0,delivered,2018-07-05 10:02:32,2018-07-05 16:08:02,2018-07-20 14:20:00,2018-07-23 22:27:53,2018-07-23 00:00:00
83314981d658f63a24c17fb1133e2c74,154df1bc4015dcbf9423f52bb190abff,delivered,2018-01-17 08:43:28,2018-01-17 08:51:27,2018-01-17 20:17:00,2018-01-18 16:54:47,2018-02-01 00:00:00
47bd649b812fd8ecc28320c466974088,cb617abe19badb2696a3615bfb355545,unavailable,2017-11-27 10:50:08,2017-11-27 19:18:56,,,2017-12-26 00:00:00
52db460eba3f85ec726f0a72cc6e03f2,69ba6d018d6ebc40e95e53abad57deae,delivered,2017-11-24 15:14:18,2017-11-24 17:31:53,2017-12-07 16:23:38,2017-12-13 17:35:08,2017-12-14 00:00:00
4914b5077b095b26dbd6edf293259136,c118045fa1e7f9e09a5eed9130c253c8,delivered,2017-10-29 21:43:20,2017-10-29 21:55:06,2017-10-30 19:59:47,2017-10-31 14:18:11,2017-11-10 00:00:00
b70756301d6fcc0725c60774a52d065f,710ffdf502c8581d4e5d4a5d139f1800,delivered,2017-11-30 17:38:32,2017-11-30 17:58:43,2017-12-04 19:28:00,2017-12-11 21:03:25,2017-12-27 00:00:00
e3ef3902f4da2bf727f00602d912d034,897c8801e3fd285ce1196daed5ae2de7,delivered,2017-09-17 08:33:40,2017-09-17 08:45:13,2017-09-19 19:36:10,2017-10-02 17:19:37,2017-10-06 00:00:00
377fd6b04bda10a4cc4e37e0adbf1706,ad82dd3414b1b3d24c02d7d1dde78004,delivered,2018-06-24 15:22:28,2018-06-26 04:58:59,2018-06-26 11:41:00,2018-07-03 16:12:37,2018-07-23 00:00:00
d2bff83d0edaab294ac81f5a5dae2a08,0a69d4359bde323285be50f7b6e0bda0,delivered,2018-01-13 20:56:49,2018-01-13 21:10:15,2018-01-16 21:22:11,2018-01-29 20:25:14,2018-02-08 00:00:00
8426a61c687c38a2fb35080413ec9eb4,c3b836aea9b06d84b1b9d38b41f137e1,delivered,2017-10-25 22:52:31,2017-10-25 23:07:19,2017-10-26 19:23:38,2017-10-27 15:18:00,2017-11-07 00:00:00
f85421868fd581e082e37edf4762cdb9,a31266a3190be83d980c303084ea3c6f,delivered,2018-06-19 23:28:51,2018-06-19 23:59:46,2018-06-20 14:10:00,2018-06-29 14:23:42,2018-07-16 00:00:00
5b298cf66c6dc0f681cb4b104a799c5d,873c05da32a3c152c5dba39335605686,delivered,2017-03-28 22:02:18,2017-03-28 22:15:18,2017-04-06 15:55:45,2017-04-13 14:32:34,2017-04-19 00:00:00
e3972eaaa49eaaa56867a035b01686b2,dc4ecabc2c2df5b8ac9e3d290fcf2ec3,delivered,2017-10-27 16:08:35,2017-10-28 03:06:15,2017-10-31 14:33:08,2017-11-06 23:09:56,2017-11-16 00:00:00
82399e6596439c56390d6e5399e382df,eb3ab1c724c653045580b0ca6a2a0da8,delivered,2017-05-22 21:09:32,2017-05-22 22:35:22,2017-05-24 14:29:34,2017-05-30 09:16:39,2017-06-05 00:00:00
0159c6355a4e32f6ac68d838e2228150,bf0176bae5facd261148fb881ccb8cc6,delivered,2018-06-15 13:41:08,2018-06-15 14:03:58,2018-06-18 12:06:00,2018-06-19 23:21:34,2018-07-03 00:00:00
79c8c817d8876952db086059ef7f522d,8d8974f0ca989a65832ba618313b3eb1,delivered,2018-01-29 16:49:18,2018-01-29 17:17:44,2018-01-30 17:36:55,2018-03-01 10:37:12,2018-02-20 00:00:00
fb6a38c6d83a99a085e448f590cbc1d9,fd26478ce236861caceac8d463ce0325,delivered,2018-03-01 10:31:34,2018-03-02 02:16:03,2018-03-07 00:07:11,2018-04-02 15:02:44,2018-03-29 00:00:00
bf858b59c72c1d556a32320bf0c7a42f,ece728a082ecf5aeeb2e5f295daf545c,delivered,2017-10-14 06:59:30,2017-10-14 07:14:17,2017-10-16 19:38:41,2017-10-30 19:25:53,2017-11-08 00:00:00
86a2b80cb9bd413ee74fefc7d9388fbf,ad94048ef88a457ebaa1fef9f56102bd,delivered,2018-04-12 10:02:55,2018-04-12 11:35:16,2018-04-18 20:16:28,2018-04-20 21:06:54,2018-05-04 00:00:00
4cd90538d177466bf45e1a552242c216,d0aaa4008275a2e9127dc79e6142367e,shipped,2018-01-12 21:14:20,2018-01-12 21:28:53,2018-01-15 18:09:47,,2018-02-14 00:00:00
5d8b449936e528d0d68ca11c6e42a224,9424e7d8d6bcf78e49b5fe87e73f0f8f,delivered,2017-08-26 10:07:00,2017-08-29 05:32:11,2017-08-30 12:59:57,2017-09-06 22:27:35,2017-09-14 00:00:00
60d2564adbb41181cee729e095b83d0e,aaf1903fb0eb54c9b158e738d9fc5405,delivered,2018-01-18 12:32:16,2018-01-18 12:56:29,2018-01-23 01:32:23,2018-01-23 22:37:32,2018-02-02 00:00:00
5a0a7e550cfceddb8e835ae54a3d0961,b2f7d7a2ae45fa22bc523975c98ea5b8,delivered,2018-03-29 09:51:12,2018-03-29 17:30:56,2018-04-02 19:46:50,2018-04-07 14:52:25,2018-04-17 00:00:00
add546d4d3ce43710bba09276bbe07e2,6e99627292e6e50e897b63a3b94560eb,delivered,2018-05-25 12:48:12,2018-05-25 13:13:21,2018-05-29 12:47:00,2018-05-30 20:22:36,2018-06-12 00:00:00
9380357951a13ec61acdce81018dcdaa,f001d3e49718e62b503572e64920cca3,delivered,2017-09-01 11:00:41,2017-09-01 11:15:13,2017-09-04 13:14:54,2017-09-13 16:51:55,2017-10-02 00:00:00
5e9539c329818fcbcf5579c92a58501d,f4f702d7ea3e215274437e0df02de452,delivered,2018-01-02 18:55:31,2018-01-02 19:09:07,2018-01-03 17:17:39,2018-01-04 18:16:56,2018-01-18 00:00:00
0a90fd1ec2b6416cf95f9f9dbca21d9a,8f359b4f2dcce84f7e8e43b452e7020e,delivered,2018-07-29 11:52:52,2018-07-29 12:04:29,2018-07-30 14:16:00,2018-08-03 19:44:50,2018-08-29 00:00:00
b3e3c2b3031064109b437b0e1dae36d6,59c2ce1320336a6a0e747f86c4be7a21,delivered,2018-05-10 22:40:41,2018-05-12 03:32:24,2018-05-15 14:27:00,2018-06-04 13:55:46,2018-06-05 00:00:00
1461dd5a43608d03158f13131d6fa3a8,29cdfcc8b8e7d433cb3dcc1c87b1b565,delivered,2018-01-10 20:56:02,2018-01-10 21:09:01,2018-01-11 20:09:59,2018-01-24 16:52:28,2018-02-06 00:00:00
d21cecb198b9591dea2251849eed9852,419c17291ce5dbe142d80c0e75c8dc3b,delivered,2017-02-13 22:25:42,2017-02-15 03:03:32,2017-02-16 09:08:20,2017-02-23 14:43:49,2017-03-16 00:00:00
f94765982f45d2bae74c9cbf55d37387,fc1d80ada6741dcac4c20f6da659fb3e,delivered,2018-02-13 21:06:34,2018-02-13 21:15:32,2018-02-17 00:53:37,2018-02-28 22:13:03,2018-03-19 00:00:00
cf8ba1509b00eca37b08289371dbbf0d,6b17845b9378ecf3d2c326579c38b24a,delivered,2018-01-08 12:29:43,2018-01-08 12:38:56,2018-01-11 19:37:32,2018-01-25 13:57:49,2018-02-05 00:00:00
c4b8f31cb06079bdad3591ad9adc2d19,d234acfbe489e3cd99ffd62b7ac17138,delivered,2018-08-11 14:40:48,2018-08-11 14:55:18,2018-08-13 11:24:00,2018-08-14 17:38:29,2018-08-17 00:00:00
566d9c868488d3e11feef9ec86a29357,bf719e8e0b81c3a7a2ce1eae9c7c8475,delivered,2017-08-04 16:27:37,2017-08-04 16:45:17,2017-08-09 21:17:43,2017-08-14 15:12:56,2017-08-24 00:00:00
4aeb09d2415c840cd427f9b0e5dabfb6,611ef20bd95ccb865a0fac20facab883,delivered,2017-07-06 10:09:27,2017-07-07 02:50:19,2017-07-07 19:14:51,2017-07-18 21:06:09,2017-08-03 00:00:00
a51ce8127e0b31efcfe6b5bb17abe9ea,6840124f642926f3f604de43969f462d,delivered,2017-06-25 12:11:34,2017-06-25 12:25:49,2017-06-27 08:02:56,2017-07-03 14:16:40,2017-07-14 00:00:00
b25f39c89d2229961d464a9606aa8582,2bdd0a7c4c3c8942e2ce472523c71eb5,delivered,2017-07-07 21:09:46,2017-07-08 15:45:11,2017-07-11 17:12:22,2017-07-13 18:52:58,2017-07-20 00:00:00
ec3a30c1155fb62e7f0067107c94b83e,5ffd042e693ebea70bb9321fd4ea8749,delivered,2018-08-01 19:38:31,2018-08-02 21:04:18,2018-08-03 15:24:00,2018-08-09 23:04:42,2018-08-30 00:00:00
80848ca638a6e695838ebee7d2409893,99ad4cfc3a41b227def56de8ddf4f91f,delivered,2018-04-25 09:41:44,2018-04-25 09:55:12,2018-04-25 15:42:00,2018-05-05 10:29:46,2018-06-05 00:00:00
3cc8411a4e4c202d794d444154b17835,d6db5ee5b53361802be791b85e7ef833,delivered,2017-07-04 17:33:41,2017-07-05 17:39:56,2017-07-11 19:13:08,2017-07-12 14:31:52,2017-07-17 00:00:00
098e7344bff99946b1a3c2c4357503bf,3b864cf315fee8e0e4dafd9396d57248,delivered,2017-10-17 16:36:26,2017-10-19 03:13:59,2017-10-19 23:03:39,2017-10-30 17:53:17,2017-11-07 00:00:00
4d7f4e1a1e39afe66a974da416849477,52cb925aa4eb5276c32cc93a2a130fc0,delivered,2018-01-13 08:12:43,2018-01-13 08:28:53,2018-01-19 14:46:50,2018-02-01 21:27:25,2018-02-14 00:00:00
7e1d7adfaf4e026419cedeaed88f3a4b,a7a1f40697541672f4392767d549f9e5,delivered,2017-11-14 16:05:37,2017-11-14 16:36:07,2017-11-24 17:11:39,2017-12-15 15:15:10,2018-01-04 00:00:00
d07179898f582cd4b62f9f5328698baf,71f39c371308d132d7633895477dd307,delivered,2018-04-26 11:44:48,2018-04-26 11:55:27,2018-05-02 14:21:00,2018-05-10 18:12:33,2018-05-24 00:00:00
b7633aa5145342cd219d1488b70ef2a6,73a3e120dc538ab196508572c13520b1,delivered,2017-07-01 04:22:21,2017-07-01 04:30:09,2017-07-04 14:32:15,2017-07-12 17:13:39,2017-08-02 00:00:00
59edcce6e0c1bcbf94a3c4bc23950e6b,5c3fc5d5058b1965e182a140d2980c48,delivered,2017-08-14 13:07:15,2017-08-14 13:24:05,2017-08-18 19:51:43,2017-08-24 15:45:19,2017-09-01 00:00:00
e9ccb8277ecd5374b5a0532b5ee47f7c,8b9c46cb78faa340ba59effb94b5c672,delivered,2017-03-01 23:09:01,2017-03-01 23:22:39,2017-03-02 16:23:00,2017-03-04 08:21:51,2017-03-20 00:00:00
2c61d0e37fba7aea7d8b7f27091be232,cfbae2eff9ff8c8331a20155e3dbcc01,delivered,2017-08-08 14:53:46,2017-08-08 16:00:09,2017-08-09 18:53:09,2017-09-02 11:00:13,2017-08-30 00:00:00
52b39f7d5f670b983cae0ae2607bb1bc,a03a696301e1946f58f689501c6dc81f,delivered,2017-07-26 21:15:04,2017-07-26 21:25:25,2017-07-28 19:21:43,2017-08-01 17:35:52,2017-08-16 00:00:00
1ffd8e13662ff6d9ce2be11fd52f5b5e,19b2af4684c6b6c005ae43498f3abf1a,delivered,2017-04-24 11:32:58,2017-04-24 11:45:12,2017-04-27 13:16:25,2017-05-12 18:05:48,2017-05-15 00:00:00
7a8f0c1255003a0de7fd484dbab75fdb,04b48387bf71a20a7b51d540080e50f2,delivered,2018-07-05 12:10:32,2018-07-06 02:55:12,2018-07-13 13:38:00,2018-07-23 15:14:55,2018-08-13 00:00:00
5d7db52ac102f99555d721fa511f9cd6,cd664768f785ce454323f548ec4efc98,delivered,2018-01-23 13:02:39,2018-01-23 13:14:19,2018-01-24 20:33:28,2018-02-02 14:47:01,2018-02-19 00:00:00
9f7cc87ce24aa70b16e4d42b0df25ab5,0bbd16cf1f513dee4ef3394883e26770,delivered,2018-01-11 13:15:48,2018-01-11 13:28:38,2018-01-12 23:34:01,2018-01-24 14:58:47,2018-02-08 00:00:00
bd7f6df012ed820ea52bf7f46da3026e,be2bfa73cb312a427f22e598733459d4,delivered,2018-06-10 22:50:53,2018-06-10 23:10:54,2018-06-12 12:51:00,2018-06-13 20:12:04,2018-06-21 00:00:00
e2b6044bf56157198c939856a105b5ed,91782546f0bd21d4a6f5afcc8487dc7d,delivered,2018-04-19 07:57:37,2018-04-19 08:30:19,2018-04-19 19:32:20,2018-04-26 17:02:24,2018-05-17 00:00:00
dc834ac1942008768708518d0c712066,29151b07b5ce96d4765b50fc3542d55f,delivered,2018-03-31 13:04:32,2018-03-31 13:47:34,2018-04-02 23:06:53,2018-04-24 15:34:29,2018-04-26 00:00:00
519478e4bc7d1ca7d93f2fcd7f9e54b7,b0ee592511423e8d39b952a4bdbbea13,delivered,2018-07-01 09:42:35,2018-07-01 09:50:09,2018-07-05 13:22:00,2018-07-10 21:19:41,2018-07-31 00:00:00
758f87ed332796046d9312299cdf1e5d,a567aa193920afd2dfc4ca7d94e9c832,delivered,2017-03-03 16:44:03,2017-03-03 16:55:20,2017-03-09 10:16:11,2017-03-15 15:54:57,2017-03-24 00:00:00
1a018d08ae8c02d0106efe732d3e8a03,1516137a38d62194d55d7f4afc8498be,delivered,2018-08-07 19:37:16,2018-08-07 19:50:18,2018-08-08 14:08:00,2018-08-15 18:24:36,2018-08-30 00:00:00
46326cfd1e55e365befe43843126f088,c9002a3702a1805640b4d7349ccb531a,delivered,2018-01-14 19:29:57,2018-01-14 19:48:47,2018-01-16 20:19:26,2018-01-25 20:19:51,2018-02-14 00:00:00
b534b99a55f093b594d8306e8774590f,8a285783cf67fd0d6ba879be42d10a40,delivered,2018-04-24 19:18:38,2018-04-24 19:30:16,2018-04-27 14:21:00,2018-04-28 14:21:18,2018-05-07 00:00:00
0f6ce0bef7443fbfd5076ab3abfceaa2,145ff990454414f00ef6c1ea1ba6f60b,delivered,2018-06-28 19:08:30,2018-06-29 19:11:40,2018-07-02 16:16:00,2018-07-07 19:15:34,2018-07-25 00:00:00
2be42939cac09105b9839ead73abb79b,9a1aee8930f8cd395b3642b837074dca,delivered,2017-10-29 06:36:45,2017-10-29 06:50:06,2017-11-02 00:05:08,2017-11-13 19:41:32,2017-11-22 00:00:00
abc28055285d422fe7fd990935433cd9,7a62749a3193d655da644468f0a4d1ef,delivered,2017-03-27 09:58:14,2017-03-27 10:10:26,2017-03-28 12:33:14,2017-04-17 10:59:40,2017-04-19 00:00:00
0bea543455029a72056bd0e781a8dca7,2fde2146af0116e4451b544145e05cc3,delivered,2017-07-23 11:22:00,2017-07-25 03:45:20,2017-07-26 19:53:24,2017-08-01 21:46:39,2017-08-15 00:00:00
45973eaceb6756a0232ab0c715f77426,9314c6c36c320bd971a7a06674dcd7f6,delivered,2017-11-24 16:22:52,2017-11-25 05:50:00,2017-11-28 01:22:08,2017-12-06 17:55:17,2017-12-22 00:00:00
cb8ac0a66ab9381703d4a2c473bba526,3ea7697cb679588274ce6d851dec2178,delivered,2018-07-31 09:53:18,2018-07-31 10:40:20,2018-08-03 14:25:00,2018-08-08 01:32:05,2018-08-07 00:00:00
4d9ec9c5440b083e87ee872dec1b32fb,3898ff50da10264026af32549f7fb3b0,delivered,2017-12-04 15:08:11,2017-12-06 02:50:22,2017-12-07 21:03:24,2017-12-27 19:24:37,2017-12-28 00:00:00
518a8da3b54c804945688f06fa29ee97,3bf82f36736faec5447806c698e05b26,delivered,2017-10-14 10:01:24,2017-10-17 04:08:36,2017-10-18 21:47:47,2017-10-24 20:05:47,2017-11-17 00:00:00
c3cf38b5ae4bba4ccb2082824d3066e0,fb082762e5a4e41cedcf439f6f7b32c0,delivered,2018-02-19 11:58:27,2018-02-20 07:30:54,2018-02-21 01:16:55,2018-02-26 18:11:50,2018-03-12 00:00:00
7d7f723eeaa656d3a6d504e6342e3d58,4bc9f46f3c7da8176327864a20730df6,delivered,2018-07-05 21:18:50,2018-07-05 21:31:13,2018-07-06 10:19:00,2018-07-13 19:21:53,2018-07-31 00:00:00
5a61e3312af9cbbf9a542aef9ad70ef8,b4f823a2a306bee716dadf254ac2f2d2,delivered,2018-01-19 21:09:30,2018-01-19 21:18:25,2018-01-31 17:48:58,2018-02-05 18:08:51,2018-02-09 00:00:00
6d15ab11184942cfb824b1946fc00aee,a90cbac9cff2b9205048ca41fab6fe96,delivered,2017-10-18 17:51:02,2017-10-18 18:06:08,2017-10-19 20:54:04,2017-10-20 16:28:37,2017-10-30 00:00:00
9c5548e522bd06824106a8713a019e1b,ca9e758a38b2f83b2c1a31e00aff1c30,delivered,2018-05-28 10:38:34,2018-05-28 10:53:49,2018-05-28 12:24:00,2018-06-11 19:31:35,2018-07-03 00:00:00
4d9f516707478b41c5932a3a3fcfb733,a9d950ed5c897a58ed2214e0d90b0356,delivered,2017-03-14 11:05:20,2017-03-14 11:05:20,2017-03-16 06:43:33,2017-03-23 09:52:35,2017-04-11 00:00:00
17a3d477ebcd2f70cf12135d4e07fb17,4ad966e1eefc576c04159e46a8e38b20,delivered,2018-01-10 18:35:19,2018-01-12 02:37:37,2018-01-12 20:46:47,2018-01-20 17:27:02,2018-01-29 00:00:00
bdda3ba1c505bc39ff2117e340280a74,64d1731909bc780f4dd163b9c94b7372,delivered,2018-08-03 16:57:01,2018-08-03 17:05:21,2018-08-10 12:40:00,2018-08-13 16:47:46,2018-08-08 00:00:00
3190cee126ad6894778d3f21c28b0a55,f1d1239bf0cad23368e7729702967983,delivered,2017-10-16 11:34:00,2017-10-16 11:49:37,2017-10-17 22:52:56,2017-10-23 19:52:17,2017-10-31 00:00:00
e677b67c28dfc75969bbf0ff515c0983,758f0c7c33755ee08645b2c472640d2e,delivered,2018-05-19 12:26:59,2018-05-21 08:31:03,2018-06-07 14:02:00,2018-07-03 21:15:01,2018-06-26 00:00:00
3b9a760c03f8e980720baef328c8a89d,305a0c763f05d43f5ee4d69bb84919d5,delivered,2017-11-14 20:28:14,2017-11-14 20:36:10,2017-11-16 17:57:54,2017-11-22 23:09:22,2017-12-12 00:00:00
c40a16cd4a407b063160e518ca11f9d8,6875e267b269db773852ec0d6fab506a,delivered,2017-08-19 02:19:42,2017-08-20 02:15:11,2017-08-23 21:42:18,2017-09-11 13:58:01,2017-09-15 00:00:00
f0d9a9e5ae6be6b5b74b1d58208e6261,5ac3eedd22a6b9b50cf801e60e4fc8e7,delivered,2017-12-29 11:10:34,2017-12-29 11:27:32,2018-01-04 22:56:58,2018-02-08 20:33:29,2018-02-01 00:00:00
8daeaeb312867695e95090559c5aaaef,9335ae4e15f4b98e71a0340c3bbfd13d,delivered,2018-03-01 14:23:30,2018-03-01 15:10:34,2018-03-05 12:54:43,2018-03-08 01:34:53,2018-03-13 00:00:00
4d73a326dfc780a0a459f4ca37111749,40443fa34ffdf6e08864f0e327ba3fd5,delivered,2017-11-15 13:36:39,2017-11-15 14:06:26,2017-11-17 20:32:29,2017-11-22 21:48:32,2017-12-05 00:00:00
1634d04100d187e0f985f2eb2909cba1,1a3776751ed3dcf149859b769566fe0c,delivered,2017-11-11 12:47:01,2017-11-11 12:55:51,2017-11-16 21:54:42,2017-11-21 21:48:56,2017-12-05 00:00:00
03ad48120321b06697272dfa53deff2b,81434b9d10a7796f96c83d3b6695016a,delivered,2018-08-22 17:42:09,2018-08-22 17:55:18,2018-08-24 15:33:00,2018-08-30 00:03:09,2018-09-10 00:00:00
90ee67e34c9289cc136a3677fc118253,c238318d6dfa22f8c5f753d7f7b45f33,delivered,2018-08-12 19:59:57,2018-08-13 19:55:17,2018-08-15 11:29:00,2018-08-17 16:55:14,2018-08-28 00:00:00
650f8b4597bac2e03e644e6e6d2a1122,ce23650d552b23150a2738a9d325e336,delivered,2017-11-22 14:27:47,2017-11-24 03:12:51,2017-11-29 17:48:57,2018-01-03 20:58:48,2017-12-11 00:00:00
61c89d7dc798716af59ae91e97643681,574991f8027e5776efdeab8cf4c67c92,delivered,2017-11-24 10:07:13,2017-11-24 11:52:07,2017-12-05 02:35:08,2017-12-12 18:34:08,2017-12-14 00:00:00
4d59ce1e8ec1c68f4c79068eb19e1edb,559c943730c2672a55b5a5201f58713a,delivered,2017-12-06 10:08:17,2017-12-08 10:10:43,2017-12-11 23:27:10,2017-12-26 13:42:08,2018-01-05 00:00:00
f703311779ad4da44672d46ec63dc993,f2adc4b5b3101458bb92adfbdf8537d2,delivered,2017-11-25 20:39:52,2017-11-28 02:54:35,2017-12-04 20:35:05,2017-12-07 22:32:30,2017-12-26 00:00:00
93bb367e257c000bd449a46fd0e75e56,998e3585ac05662e53050cfbba2f5ff2,delivered,2017-03-20 17:56:16,2017-03-20 17:56:16,2017-03-23 06:55:36,2017-03-28 15:06:50,2017-04-06 00:00:00
74c42ab72711185c3dc65e4aec7b409c,8e18e3fb38f1f3f79ac2862f2b00c383,delivered,2017-11-29 10:48:04,2017-11-29 11:00:25,2017-11-29 20:52:56,2017-12-09 14:06:57,2017-12-19 00:00:00
48f8621793a7f3a199cad88137acbb86,79bb740237c04c4a93ec282b659952be,delivered,2018-06-26 16:27:51,2018-06-26 16:58:14,2018-06-27 11:23:00,2018-07-03 17:18:33,2018-07-17 00:00:00
57785d086897beeadb05f3f58eb95250,53b414e1e7efcd10fc5c751a816d5a43,delivered,2018-06-01 22:26:33,2018-06-01 22:51:22,2018-06-05 14:20:00,2018-06-08 19:44:37,2018-07-04 00:00:00
a727355acb88d9b3e6e41fb2e3888a0e,2e3f19e3763da38dd82c6e2e9ff69c98,delivered,2018-07-23 12:58:28,2018-07-28 23:31:01,2018-07-24 15:07:00,2018-07-25 17:35:30,2018-07-31 00:00:00
afd221df311d71639bf0ae656fc819f5,f465bdb6782d8b0dfa790b46d7e10139,delivered,2017-08-28 17:16:31,2017-08-30 02:10:21,2017-08-30 19:47:59,2017-09-05 22:22:42,2017-09-18 00:00:00
55a626863a11ffe3797bc9fcddbf7c38,d151f9375523a84ea9a619a40594b98e,delivered,2017-06-25 12:24:52,2017-06-25 12:35:25,2017-06-28 12:30:21,2017-07-11 22:09:29,2017-07-18 00:00:00
53cbc02ffe278ca84b6f4920d9d3ecd5,a1a52dda6ac52aee936ad06712027b83,delivered,2018-03-01 18:07:51,2018-03-01 18:30:58,2018-03-05 18:57:58,2018-04-04 11:28:38,2018-03-20 00:00:00
95026e2a6e774fdf2bb59a5eab661b15,0f0c730c073bc0f1f9cbb6cda2ccb664,delivered,2018-08-26 07:57:32,2018-08-26 08:10:08,2018-08-27 15:03:00,2018-08-30 19:44:23,2018-09-13 00:00:00
f6e89f57355aba0267e4063a2d762c90,5a9c24ae3a1031f1439b260a24d14f36,delivered,2017-04-03 16:00:59,2017-04-03 16:35:07,2017-04-04 15:30:03,2017-04-06 12:57:00,2017-04-24 00:00:00
b2c2d4d3b4f7a9fa42e60649bd8a9855,25bb375746821b2a2eb9d7061755b4ef,delivered,2017-04-17 15:27:41,2017-04-17 15:42:52,2017-04-25 14:49:48,2017-05-18 08:16:45,2017-05-22 00:00:00
bde485bef13be8b3bd38071e027e954f,7afaa65f4cd64d06fcebc3ece0a240be,delivered,2017-05-10 11:43:18,2017-05-11 11:42:35,2017-05-15 06:03:07,2017-05-31 07:54:51,2017-06-09 00:00:00
87a3e006d97c66817429be0d25039a7b,bec3214b41b011e0f2c974a2bdabfce7,delivered,2018-05-22 14:53:49,2018-05-23 02:38:39,2018-05-23 12:46:00,2018-05-24 15:48:21,2018-06-04 00:00:00
b3930c1f3ba41004ea17303295d1fb86,bb52339aeca3a09121d9d0b1c88a9dd3,delivered,2017-12-15 11:44:29,2017-12-15 11:53:27,2017-12-21 21:22:39,2017-12-22 18:09:14,2018-01-04 00:00:00
1cc3ae63caffff2d6c3ee3e78e074acf,01c843a2c0600def0b7693dba47af460,delivered,2017-08-07 21:35:22,2017-08-08 21:45:15,2017-08-10 18:28:56,2017-08-10 18:05:38,2017-08-25 00:00:00
ccc10a00d9ec059f5360475ddbed1816,e843b9018513091955d4f3b15a236a9a,delivered,2018-04-15 11:18:50,2018-04-15 11:31:37,2018-04-17 13:03:31,2018-04-22 19:48:59,2018-05-23 00:00:00
61907c80953898abbc85d0df266308b8,6f6496c886d70f9cce8559f2450f1383,delivered,2018-04-13 14:55:32,2018-04-13 15:13:11,2018-04-16 23:38:51,2018-04-24 22:51:28,2018-05-09 00:00:00
a88fed0457fca64ff6996a284e38c63d,4492ec8a5b46d602f72a38b327008863,delivered,2017-04-26 15:49:47,2017-04-26 16:02:46,2017-04-27 10:44:08,2017-05-09 08:20:10,2017-05-17 00:00:00
28c82a8f08d843332818f4f2673e0128,f8897ca2b66630b4d587f8daab079c08,delivered,2017-09-04 22:09:17,2017-09-04 22:23:55,2017-09-08 17:35:59,2017-09-26 18:22:53,2017-09-27 00:00:00
c91379786e27968d49f8c216a94f7321,fd35bfd765a06c355133b40085779d10,delivered,2018-01-15 10:07:22,2018-01-15 10:15:22,2018-01-15 17:45:15,2018-01-25 21:25:00,2018-02-14 00:00:00
17e6035d2c8a3c133174ada65347a2e4,e625f68cfc5ace3c29268bbda6328ae3,delivered,2017-05-06 15:00:57,2017-05-06 15:15:09,2017-05-09 12:52:51,2017-05-16 16:04:41,2017-06-02 00:00:00
3cda6f52ca254406b2c0ce1ae433a481,f89e4237764a0efd10acddd6f0bd18cf,delivered,2018-02-13 16:01:28,2018-02-15 03:55:56,2018-02-16 18:46:31,2018-02-19 20:20:44,2018-03-01 00:00:00
74960f1e9b23374fc910ece2c75a8f20,a58c2ae6cb7131203e64eb6ab84a3434,delivered,2017-10-01 13:57:47,2017-10-03 04:28:27,2017-10-04 16:00:24,2017-10-08 15:37:01,2017-10-24 00:00:00
c313f7a184ca89fe98049253bd4a3806,e2206e15b4f1a53db362ecf2d200e0c7,shipped,2018-08-06 21:09:21,2018-08-08 03:05:19,2018-08-08 12:59:00,,2018-08-17 00:00:00
f34f5fc0699f22c0ff25056c89074d28,ed5489d5d03cfe3a1748946164d02d79,delivered,2017-08-02 20:05:51,2017-08-02 20:23:40,2017-08-08 16:22:18,2017-08-11 14:49:31,2017-08-22 00:00:00
881206af1a6a9cd34119b99782759dd4,c868a030c18275a4b69dec550b92a6d5,delivered,2018-05-29 14:01:37,2018-05-30 02:32:16,2018-05-30 11:06:00,2018-06-02 12:35:45,2018-06-21 00:00:00
f98f9045770394ee230d0feec0817fe1,d721c06ffc4de876976100c345ce24ad,delivered,2018-02-13 21:23:42,2018-02-14 09:55:23,2018-02-15 20:13:56,2018-02-16 11:19:09,2018-03-01 00:00:00
c2926e31138df3c04db3e35ee72471ff,c3242bc205d376da386c194f6c42592a,delivered,2018-02-16 18:56:51,2018-02-16 19:27:07,2018-02-20 10:23:26,2018-03-19 19:56:35,2018-03-15 00:00:00
b0a2019225451e417b6cc92baef9fc8c,c5352fdf29b9b8a89f11338d0d1ce90d,delivered,2017-04-26 00:24:36,2017-04-27 13:05:37,2017-04-27 15:07:54,2017-05-29 12:43:02,2017-05-22 00:00:00
9d9551f39ab1dfc1287b84fe2da6f55f,6955b02fbb91a54af55310ac2ce3b3c3,delivered,2018-06-26 10:41:19,2018-06-26 10:58:08,2018-06-26 14:44:00,2018-07-02 20:26:52,2018-07-23 00:00:00
a9fee536d06608e4030b0a66bdae485d,fb4983913ad382e15c604c2e026767b2,delivered,2018-03-13 16:25:21,2018-03-13 17:07:57,2018-03-16 19:36:17,2018-03-22 21:24:57,2018-03-29 00:00:00
eb93e1cf85b4a7ca753e6b6bca9cb1bf,0750772d41a8b042cde18f59e30522b5,delivered,2018-05-29 19:11:09,2018-05-29 19:32:16,2018-06-04 13:40:00,2018-06-20 23:02:35,2018-07-17 00:00:00
6b80bb20190715d71c43efff617bd659,2fedecfd993b8b3fa889d00eee230748,delivered,2017-02-19 01:15:03,2017-03-01 10:51:46,2017-02-22 16:05:29,2017-02-24 14:27:26,2017-03-17 00:00:00
ded777e28f1667b9bdaf988fea71c2fd,d958ab01aedd9d5e974f7af1882a753c,delivered,2018-06-09 10:08:43,2018-06-09 10:31:43,2018-06-11 11:38:00,2018-06-20 12:02:56,2018-07-12 00:00:00
789adcff38193883a280acd712ebe2de,b70ec054337f46427f14298591e9f3e7,delivered,2018-01-26 16:34:29,2018-01-26 17:32:03,2018-01-29 20:44:31,2018-02-01 16:35:03,2018-02-09 00:00:00
189a789106a7456d348ba7ebf920586c,eeaffcc65dc75d4107aa7c7ec105ea08,delivered,2017-03-09 21:31:32,2017-03-09 21:31:32,2017-03-10 11:09:05,2017-03-15 13:17:42,2017-03-30 00:00:00
a0e963520ec328f1d0dfa09fc1deb60e,39261fec306b283a5bced88361e4693d,delivered,2017-11-09 12:05:32,2017-11-10 03:27:03,2017-11-10 22:18:48,2017-11-14 19:27:56,2017-11-23 00:00:00
666cef1ea6542e749eed5394238041a2,fb121a8c3933bc22507e8de3120ea186,delivered,2017-11-05 15:53:29,2017-11-07 07:30:51,2017-11-13 18:22:03,2017-11-21 18:54:57,2017-11-30 00:00:00
1d003e03109b335cad4355041e8bb032,8b28757c02e88055f669bcd0e5567bea,delivered,2018-04-26 18:28:38,2018-04-26 18:49:31,2018-05-03 11:35:00,2018-05-11 19:45:27,2018-06-01 00:00:00
a57afe5184cd152ebb6dc6cdfbacb153,a2314c946cdf0ee3cda97e4daf7c3282,delivered,2017-12-25 10:40:15,2017-12-25 10:50:23,2017-12-26 21:42:28,2018-02-06 19:46:24,2018-01-24 00:00:00
4c2c7fcf017b1d438e1d6b7898d34a3a,cba9cead491b833f77cea583b54b2fe0,delivered,2017-05-08 15:26:22,2017-05-09 09:35:15,2017-05-12 08:51:49,2017-05-16 19:42:59,2017-05-22 00:00:00
bdf7cbcf2a174866c15ade0d9a55bf7d,2a4e10a332748a0ce92f8189c2ca4a1c,delivered,2018-04-04 10:05:30,2018-04-05 02:30:24,2018-04-06 00:22:37,2018-04-12 01:21:08,2018-05-03 00:00:00
cff23799a67437f662527dff6056233e,857818de2f9ea61790817c40cb6fcbd4,delivered,2018-08-01 18:49:39,2018-08-01 19:05:15,2018-08-02 15:17:00,2018-08-03 20:07:40,2018-08-06 00:00:00
10545ade808b5283e2ef685eda18d221,75cc4e1182bd4a5f38be0c7f4be85144,delivered,2018-05-15 12:47:31,2018-05-16 03:15:10,2018-05-16 13:52:00,2018-05-19 16:48:45,2018-06-01 00:00:00
c776863a93dc0740c6e7d78104b21413,1710b798ebdc5db6665c815b90a64999,delivered,2016-10-10 15:01:27,2016-10-10 15:44:46,2016-11-14 07:41:23,2016-12-14 08:03:48,2016-12-14 00:00:00
b3bb86c886cad8c17163d21b74ae93e6,708ea8d0d3527b8581c3a4b0a8fbefb7,delivered,2018-03-11 19:49:20,2018-03-11 20:47:55,2018-03-12 17:41:59,2018-04-08 18:22:37,2018-04-05 00:00:00
f311dd8468b0b3ea94823b43c7708951,9f499d6fb0d24a3acfbe5868deba0bfc,delivered,2018-01-24 09:08:31,2018-01-24 09:17:24,2018-01-24 20:51:39,2018-01-30 15:38:03,2018-02-20 00:00:00
6e91641701a7e08771aaaf514d5f7ad6,ea7519d779a7851f03adea20553eb128,delivered,2017-02-28 12:20:53,2017-03-01 12:30:28,2017-03-06 10:31:28,2017-03-09 15:48:15,2017-03-20 00:00:00
236ff4e9c2ed220ff9d4186b729379b8,34db1359df25493318a18179ae5d4aea,delivered,2017-11-19 11:35:49,2017-11-19 11:50:51,2017-11-23 15:38:40,2017-11-25 16:07:21,2017-12-01 00:00:00
6b6d54d84ae9ab17605da7cd9c335394,b96cbafa722cc5fe4a0032da66e97ca1,delivered,2017-03-16 14:34:02,2017-03-16 14:34:02,2017-03-17 08:19:47,2017-03-21 18:18:08,2017-04-11 00:00:00
2c6fdda09fe92a0d4909b941e62fd790,39330c89e6e537b6e6698d805576e36b,delivered,2018-08-13 21:26:40,2018-08-13 21:44:16,2018-08-15 15:01:00,2018-08-25 13:54:39,2018-09-12 00:00:00
9fbdb5da34e42e5603cd57ad18c79729,d33598b092332a92b7b489af1689918a,delivered,2017-11-06 13:43:23,2017-11-07 06:32:03,2017-11-07 21:32:26,2017-11-17 17:47:55,2017-12-04 00:00:00
91a4048535e7c3a499d28e56430d7c6a,47965c9b60a3f765a6a7c285e2ef5027,delivered,2018-08-05 20:00:21,2018-08-05 20:15:16,2018-08-07 10:04:00,2018-08-14 00:36:26,2018-08-23 00:00:00
4dadb98bf1a3966f985a0e3e5923d413,6ba1266d3aa58e84be534a233686105f,delivered,2017-11-29 20:42:09,2017-11-29 20:53:20,2017-12-02 01:07:06,2017-12-09 15:27:08,2018-01-15 00:00:00
bccf051dcbdb40d7aa00e84a00b169e6,3a1b59ada3b17dd1f3efe3ec95fc9a29,delivered,2018-02-12 21:17:41,2018-02-12 21:30:31,2018-02-14 17:09:06,2018-02-15 16:19:11,2018-02-26 00:00:00
6227de9611e75b006686710c6a29df35,8531003935cdca531082191dd5f53eca,delivered,2018-05-02 15:25:18,2018-05-02 17:31:52,2018-05-03 14:39:00,2018-05-14 14:28:56,2018-05-28 00:00:00
f9b80bc225fe1efa4384db3fdb46c2e4,4f92b798813c32fae91a4e3b999d398e,delivered,2018-02-06 10:26:13,2018-02-06 10:50:21,2018-02-14 19:11:58,2018-03-09 12:16:20,2018-03-05 00:00:00
a195badc6ea6f1ecc6bd0e6fb4b45e05,968a920243024c3cecbae5fe32c17d19,delivered,2017-08-11 13:26:28,2017-08-11 13:45:12,2017-08-14 18:47:52,2017-08-19 12:23:42,2017-09-04 00:00:00
ca610b1fadf583e1e3c68c999643494a,0391a63da09585e6aa0b5903a30de108,delivered,2018-04-19 11:38:09,2018-04-19 11:50:34,2018-04-20 20:19:16,2018-04-25 18:15:34,2018-05-17 00:00:00
c02d29676287677de34ae218da13f8d1,6c019a4320ddf32ebc05c0e33ffca560,delivered,2018-01-20 08:41:44,2018-01-20 09:16:25,2018-01-26 21:58:07,2018-01-31 22:16:40,2018-02-19 00:00:00
2bb1a4f728190ce6d581058525ed83ba,f4d8c7a4dcfbc7e13b7a93f95c23c9b3,delivered,2017-10-31 17:26:28,2017-10-31 18:31:12,2017-11-01 19:57:28,2017-11-08 20:11:44,2017-11-14 00:00:00
ccc8c385093e913c7bab11ff2a5d6cb3,0ca483f116807018eaa073ff9ad84246,delivered,2018-06-01 18:58:43,2018-06-01 19:12:59,2018-06-04 15:27:00,2018-06-11 20:26:20,2018-07-17 00:00:00
0b6d11d4a289a1574e8888f2558dd548,97e5e50c02504e32d222320d8c4dfbd1,delivered,2017-01-26 16:03:15,2017-01-26 16:15:09,2017-02-01 11:49:16,2017-02-10 05:34:06,2017-02-28 00:00:00
5d03bfbe0e80f4b19e57854a7a258317,9beb8675c7f87d1d6ffc3a6bb620eb9e,delivered,2018-03-22 20:05:43,2018-03-22 20:28:21,2018-04-02 16:14:37,2018-04-12 21:12:01,2018-04-16 00:00:00
2ec51579f21b9d6da3f417e7ccea378d,2ecb17e36f928982da214aaae7f2d7aa,delivered,2018-07-06 09:21:45,2018-07-06 09:31:26,2018-07-06 12:50:00,2018-07-13 14:52:47,2018-07-30 00:00:00
b15cd4687b1005f8274833b2c85b8cca,4dfd5c5fde13782f8a08265d9e373d81,delivered,2018-07-21 11:49:37,2018-07-21 12:24:07,2018-07-23 16:47:00,2018-07-30 18:48:50,2018-08-17 00:00:00
1d75f74f2b35e491804fe25e4c5fd4dc,fb8d76cc917e3fc3c6ac3a9beb0d6831,delivered,2017-06-19 07:45:20,2017-06-19 08:03:08,2017-06-19 21:35:30,2017-06-26 16:17:37,2017-07-11 00:00:00
40720c42a96175879b2777f799bb29a5,2cd181b65a283b029e80b5e0e2c2d411,delivered,2017-08-13 10:23:44,2017-08-13 10:35:18,2017-08-17 14:23:08,2017-08-25 21:21:54,2017-09-05 00:00:00
db423937d76a5fd5863a04a19d564449,54e99842666d00fabd0928f8510739b9,delivered,2018-05-20 17:57:38,2018-05-22 14:17:15,2018-06-05 14:28:00,2018-06-08 14:56:41,2018-06-20 00:00:00
13056739c5aaa31be14c750a7cf9f598,5a2cd7dd3f897be11c0128848e30c585,delivered,2018-05-05 20:10:05,2018-05-05 20:30:42,2018-05-08 13:11:00,2018-05-22 17:07:51,2018-05-28 00:00:00
bf474eae16fef2c6a00582f52e79ccbd,5f32eb5f54ab39d065ef46bcef6eb6f6,delivered,2017-09-04 11:10:54,2017-09-04 11:24:30,2017-09-06 23:52:59,2017-09-11 12:06:34,2017-09-26 00:00:00
18de001c224789d86e9b702f0c0dde74,6ac31cf2cdbfde9b26ac301de8f94f87,delivered,2018-07-20 20:50:33,2018-07-20 21:03:48,2018-07-23 14:34:00,2018-07-28 13:42:31,2018-08-17 00:00:00
71ec05487f7ec2171471b9dd16a1e013,b39f07f1c63b700fa1e070448e17108c,delivered,2017-03-12 20:01:10,2017-03-12 20:01:10,2017-03-15 09:47:45,2017-03-21 11:54:01,2017-04-04 00:00:00
6e4bdc7fcc77b5c937e14e033a3ba84b,bc2e9fce754210e9aea914d1fe98d331,delivered,2018-05-07 13:27:18,2018-05-07 15:32:48,2018-05-08 14:18:00,2018-05-11 22:38:47,2018-05-24 00:00:00
091c0f9393510fe12cc5409a2601ff22,a3abeac424922b50be0508c7d3b9372f,delivered,2018-06-07 22:32:14,2018-06-07 22:56:02,2018-06-08 17:00:00,2018-06-11 16:13:39,2018-06-25 00:00:00
b9b862b71dd3a13f37bbb72f2addc949,948a5aa4913457adb9094c5f3f308ac3,delivered,2018-07-27 13:46:03,2018-07-27 13:55:17,2018-08-09 14:19:00,2018-08-16 14:40:42,2018-09-06 00:00:00
84ad418dcacad799e4a81ac24328d6fd,a938af9f18a3121d6729480532cb755e,delivered,2017-04-14 15:38:54,2017-04-18 03:55:27,2017-04-24 07:19:51,2017-05-09 11:36:11,2017-05-31 00:00:00
800bb72be8df9c5372c6a4235d38de9b,06bb24810f1367ff6137dcd2ef176d4a,delivered,2018-05-14 14:55:29,2018-05-14 15:17:28,2018-05-14 14:47:00,2018-05-20 16:08:26,2018-05-30 00:00:00
c350d0389112a86be9f3802b560764fc,f821d6853e015783af0ce10338a3692e,delivered,2017-03-02 13:42:02,2017-03-02 13:55:22,2017-03-08 15:07:26,2017-03-15 13:18:52,2017-03-23 00:00:00
a0354d5eea0fdedb4be2c434273cf139,ab6cc37c6e78c5c1c7314592c14a5cdb,delivered,2017-02-18 22:42:34,2017-02-18 22:55:17,2017-02-20 05:09:28,2017-03-06 15:14:10,2017-03-27 00:00:00
81fd4d3b4acc4fcaee13b2e9bc62bfd5,b19be5e092bab4d46f0a5d73c652d74b,delivered,2017-03-20 22:22:43,2017-03-20 22:22:43,2017-03-21 11:05:40,2017-03-28 16:18:48,2017-04-10 00:00:00
132d901a3191ebd415e9ed346435417e,11593c31e67cba57ac694b45f7728974,delivered,2018-02-15 16:10:40,2018-02-15 16:26:36,2018-02-21 02:32:12,2018-03-06 23:32:48,2018-03-15 00:00:00
3110b5fad81e43d7deeb4bb585bc43f2,82528de399a6e9ae552a75d956decbe7,delivered,2017-11-29 17:43:31,2017-11-29 18:12:42,2017-12-19 17:09:57,2018-01-03 21:14:59,2017-12-20 00:00:00
ed35c6ec36a7b59c5e1f902280143fcd,5fc1453ae536f0da12b0b1d8986c0555,delivered,2018-02-04 22:27:44,2018-02-04 22:35:37,2018-02-06 18:38:49,2018-02-22 19:35:43,2018-03-09 00:00:00
d0462d19e9c58af6416a06e625c58f13,2b68f1115ff018e29415711c8a9feef6,delivered,2017-07-05 15:48:45,2017-07-07 02:45:19,2017-07-13 20:46:38,2017-07-26 21:22:03,2017-08-14 00:00:00
bcda98e5747cea8a343a6af0e5da9f91,74d314a6a565ebd0d43988de8d69d49b,delivered,2018-02-28 23:57:18,2018-03-01 00:10:24,2018-03-02 22:18:51,2018-03-22 21:04:30,2018-03-26 00:00:00
467a8138ba602b8e9740eff5e08d1f23,d483d7564d3587737d30375771bb72a4,delivered,2017-12-26 17:14:29,2017-12-26 17:29:04,2017-12-27 20:59:07,2017-12-28 16:07:33,2018-01-15 00:00:00
5265e13b1b649ee26bbaa159d56167aa,442fd67617440e5d001f5e5206f9d40a,delivered,2018-07-19 21:57:35,2018-07-19 22:10:14,2018-07-20 11:05:00,2018-07-27 18:46:45,2018-08-02 00:00:00
8a24246c79463794ce357f7adc2eb5dc,b71f421805d1f5b43706d4c2f0db5556,delivered,2017-08-22 23:40:07,2017-08-22 23:50:15,2017-08-23 18:40:07,2017-08-24 13:22:56,2017-09-04 00:00:00
8606d6c4cecb397228da8411e644a5bd,6a3d189d7d294b5cbce75f2fc1cb5f37,delivered,2017-04-20 13:47:11,2017-04-22 13:35:07,2017-04-25 13:45:45,2017-05-05 14:30:22,2017-05-12 00:00:00
9562a9a598a619a1726397eb5246e623,db68bc0ec210aa334d85a4360e045cdf,delivered,2018-06-11 15:41:37,2018-06-11 16:31:36,2018-06-11 16:16:00,2018-06-18 20:25:44,2018-07-05 00:00:00
cead26525980a4c3b2709a02342422c5,ce282b3208baefe989bd4bfcbf776312,delivered,2018-07-25 22:27:45,2018-07-25 22:35:19,2018-07-27 14:24:00,2018-07-31 19:28:39,2018-08-16 00:00:00
b30a09b85513a03dab6e86a547a73219,2f0b8de5b769f1fb9e33a828d229543b,delivered,2018-06-28 23:47:44,2018-06-29 00:10:20,2018-06-29 15:07:00,2018-07-02 20:52:34,2018-07-12 00:00:00
d31df581f4efcfd5c6f523bb0fed1bc7,64c3b046e53fead1e450ccccfbe966a6,delivered,2017-11-27 11:43:42,2017-11-27 11:55:10,2017-12-01 19:27:03,2017-12-04 19:12:10,2017-12-13 00:00:00
d701dc60f61795a62070fa2494b6691a,5c87184371002d49e08b9ac10eb96647,delivered,2018-01-05 19:15:37,2018-01-05 19:27:42,2018-01-08 18:17:05,2018-01-16 20:58:52,2018-02-07 00:00:00
3660e114692157e805cdd9f04e83d9e9,4b81d3c91fed6cc8ff56c408caacb520,delivered,2018-07-04 07:08:45,2018-07-05 16:31:51,2018-07-04 09:27:00,2018-07-10 12:18:47,2018-07-25 00:00:00
df9ad58c9ee5c31a5a9e19eea2acc369,c216afd969392d546d175422ce463b4a,delivered,2018-04-04 16:44:40,2018-04-04 16:55:21,2018-04-05 16:41:19,2018-05-07 17:32:00,2018-05-07 00:00:00
e398c7c31ed330a71788d15ed2fce3c1,5022998b373808425858c5fbb585728c,delivered,2018-01-04 18:09:42,2018-01-04 18:19:23,2018-01-08 23:33:14,2018-01-17 20:04:54,2018-02-14 00:00:00
525be0565c62b7b2f1fbcb67241fbd9b,69c63c544b530cd20fc9ca42a6b62525,delivered,2017-12-11 10:02:10,2017-12-11 10:11:02,2017-12-12 17:22:46,2017-12-28 23:24:41,2017-12-28 00:00:00
b89453b158d269f648d8a0185f16339d,2e273a2e17845c4e82d0e4f77cee91af,delivered,2018-06-16 13:05:00,2018-06-16 13:19:33,2018-06-18 15:49:00,2018-06-23 00:26:28,2018-07-24 00:00:00
e662f080948818831b03ae9386ddab42,937fcb3744fe04fe6197aaaf2b1a0c94,delivered,2017-07-28 08:27:03,2017-07-28 08:43:52,2017-08-01 15:37:34,2017-08-11 14:40:05,2017-09-13 00:00:00
790fb58b26bd95b481d6df9c7a0ea696,0c2df703f6752ebd02a6c972086b4c80,delivered,2018-03-20 08:02:54,2018-03-22 02:55:53,2018-03-27 17:24:48,2018-04-06 21:36:48,2018-04-11 00:00:00
a52f7fed96d71ecc9f577e2584e9d938,a604feea72cf6c3c63208e5f35dc3c0d,delivered,2018-01-06 03:07:37,2018-01-09 07:16:33,2018-01-10 21:34:07,2018-01-29 19:41:15,2018-02-06 00:00:00
873b407aec2027c9588607f4b0b8786a,0f5eb5cde12ff4b4d609d8c4fb4e20a0,delivered,2018-03-28 20:50:18,2018-03-28 21:07:37,2018-03-29 19:46:32,2018-04-06 21:27:33,2018-04-19 00:00:00
3c9e706b2938bbef0922d8c7da956ec8,0f08b80da14cc5ee19ccb36e9cfb2b15,delivered,2017-08-21 07:30:58,2017-08-23 02:46:54,2017-08-23 20:00:05,2017-08-29 20:13:50,2017-09-13 00:00:00
bd034c2007f69b20fc34a194133c99f7,c4fb3d463124861b2fbfaa120b0b9dca,delivered,2017-04-21 16:15:21,2017-04-21 16:25:27,2017-04-24 13:20:06,2017-05-12 09:43:04,2017-05-25 00:00:00
775bebf68a82c7b530c362d8fccb5ccd,7499df3bc3d59387a81ed0d55645de2c,delivered,2017-06-14 23:30:41,2017-06-14 23:42:46,2017-06-19 20:51:51,2017-07-26 18:06:37,2017-07-05 00:00:00
38feb0b0bd51324506094a2c9f8bbc6f,6c03466a854c3fe8fee77457507dd5b4,delivered,2017-09-29 21:56:33,2017-09-29 22:07:28,2017-10-03 18:56:07,2017-10-14 15:57:31,2017-10-23 00:00:00
d91313a0c0af07ea76d8eb89ed780b61,516f6d86c15992b88f28e335a4d5de21,delivered,2018-07-17 19:34:19,2018-07-19 02:45:25,2018-07-19 15:14:00,2018-07-25 18:18:45,2018-08-03 00:00:00
fcfe1ea18aae8ae4a08253fd4060a763,7708775efe2bcb20a0da522027356ba2,unavailable,2017-02-11 10:36:04,2017-02-15 11:32:29,,,2017-03-10 00:00:00
ad1e181092a016f9c984f5ba59bd9119,92d80c533a45c936e5ba04440a73d99d,delivered,2018-07-21 18:24:39,2018-07-23 15:34:04,2018-07-25 14:19:00,2018-08-02 16:25:00,2018-08-15 00:00:00
0ced306b608e9bc80ef960368a3414a4,2f5ff4d0d6e4f93ff81abd25f3e35391,delivered,2017-07-09 20:01:59,2017-07-09 20:10:14,2017-07-10 19:43:27,2017-07-11 22:15:43,2017-07-21 00:00:00
9e5416019158fcec718c7aa6dd877d8b,3cdde25678968e2b228c3839b58c9077,delivered,2017-03-25 20:49:27,2017-03-25 21:05:10,2017-03-28 11:36:20,2017-03-30 13:33:01,2017-04-27 00:00:00
1a0bb7fae90bbf7880d299f24698fd23,4b0d895315b8db8289d92f789ea5fbf8,delivered,2017-08-05 09:49:33,2017-08-05 10:03:56,2017-08-08 19:25:02,2017-08-17 17:03:49,2017-09-04 00:00:00
e7744f6b47fb7de31a60035c997d3956,5f92de07ddce980e01bd31b779d26a4f,delivered,2018-01-21 18:44:44,2018-01-22 18:37:22,2018-01-24 21:24:46,2018-03-08 19:54:31,2018-02-26 00:00:00
3a61b3fbedc733000b0529431170ddf8,2a950b7952a2d2eb12010d9f5d1b55f4,delivered,2017-09-18 16:15:42,2017-09-18 16:35:42,2017-09-20 21:34:56,2017-10-11 16:03:17,2017-10-04 00:00:00
a0afddbc8d20cd503b16d30779bb1c04,b44f9d08ca382afcea11e98ff844f89d,delivered,2018-04-17 11:00:32,2018-04-17 12:15:16,2018-04-17 21:18:57,2018-04-23 19:38:43,2018-05-09 00:00:00
1c4b050b03674a68df8780c156a1e117,c0a8281c9a51b166d389f6ee6c144dd2,delivered,2018-06-27 16:40:20,2018-06-27 16:55:26,2018-06-28 14:09:00,2018-07-06 00:48:41,2018-08-03 00:00:00
deda46d52534f8f81c482a3980bf644d,9ea532ae1a81a461327f049050c64f14,delivered,2017-10-31 17:17:33,2017-10-31 18:31:10,2017-11-01 17:16:04,2017-11-06 22:49:28,2017-11-14 00:00:00
542d558d7cd9f734858beabe2622b2bd,fe4a3d31418fdf45182fcea36d1515ba,delivered,2018-02-21 13:25:44,2018-02-21 13:35:42,2018-02-22 16:22:58,2018-03-22 16:28:46,2018-03-23 00:00:00
abfc66aeb626c9309463b929eacfa7b4,0dc9caeeab25bfb44e49d9d941234070,delivered,2017-10-14 22:49:38,2017-10-14 23:08:07,2017-10-16 20:52:29,2017-10-27 15:40:05,2017-11-03 00:00:00
dca4a82d39755569d7c236f6182575af,57abe2e14a657e862011387e500abe57,delivered,2018-01-07 21:07:17,2018-01-07 21:15:26,2018-01-08 23:49:50,2018-01-11 18:07:43,2018-01-31 00:00:00
cf61ad2218e5c14397e7c0ba7a6a50f9,1f543da240d9e98a776df1a9b93fb0cc,delivered,2018-08-08 10:25:55,2018-08-08 10:35:13,2018-08-08 15:17:00,2018-08-14 15:28:32,2018-08-29 00:00:00
67e2354f0dc001f2851fe42d58085f55,110b52a6ad38588a501ea02fc1156d69,delivered,2017-05-02 15:33:23,2017-05-04 02:55:18,2017-05-05 14:13:33,2017-05-10 09:48:36,2017-06-01 00:00:00
7bb7bf45693873665dd4a3028c3d9883,cfc2dd5ca59a354d388f0047be4deeb9,delivered,2018-01-17 10:48:32,2018-01-17 10:57:37,2018-01-17 22:32:25,2018-01-26 19:03:54,2018-02-19 00:00:00
f64fc900013bfa7716897f6208c5c126,4a56f58eb3067bcbc9908f3edbd69658,delivered,2018-03-19 13:36:55,2018-03-20 03:08:26,2018-03-23 19:24:36,2018-03-30 00:39:41,2018-03-29 00:00:00
5cf5cdef34e1a2488666267e4eda1792,1d0696acbcc828834294b845e3f397b3,delivered,2017-04-07 22:14:58,2017-04-07 22:30:15,2017-04-10 13:29:31,2017-04-18 13:39:56,2017-05-03 00:00:00
d61c57ca1a55ced6197d4f0c6da594e8,e598ec14c5f4f343a13e75b56c1af120,delivered,2018-03-16 15:23:18,2018-03-17 15:28:27,2018-03-20 20:14:26,2018-04-16 20:11:50,2018-04-09 00:00:00
9722eff1585170140d33d9ba863ba74e,54459d342aa6d7e6f4e52490a98c091d,delivered,2017-07-19 21:54:58,2017-07-19 22:10:14,2017-07-26 11:07:51,2017-07-28 18:55:47,2017-08-17 00:00:00
bb535f122a301b2b48f02befcedfcad5,5fa3e7405bd851a51f1e1aa56fc145a0,delivered,2017-08-03 11:36:18,2017-08-04 09:35:18,2017-08-07 14:40:04,2017-09-18 18:24:48,2017-08-25 00:00:00
ecb29eb956683b4c0a93b0a6ad9da2d9,fe8854b59888e2f4e16fa95a9fde3e27,delivered,2018-06-23 16:36:08,2018-06-23 16:58:58,2018-06-25 13:57:00,2018-07-05 23:48:51,2018-07-20 00:00:00
fdf0de381108943ba5c28f2ebce00782,0fe123899f3b5e1552eb5dea4d9d2283,delivered,2018-08-22 13:58:43,2018-08-22 14:15:14,2018-08-23 14:17:00,2018-08-27 23:11:51,2018-09-19 00:00:00
2cb6e38ed0cc360e8364ac92cbd72c6a,daf48d46f02781281caa88f1ac967fc8,delivered,2018-08-07 22:19:51,2018-08-07 22:35:21,2018-08-10 12:02:00,2018-08-28 20:39:41,2018-08-28 00:00:00
b03212f61ea1e4e047d60f49271444c0,249aef511c0171483eb06077c8a98b65,delivered,2017-11-20 15:33:26,2017-11-20 15:46:40,2017-11-30 22:50:56,2017-12-08 21:53:05,2017-12-13 00:00:00
f9bec732ab454a0aa8d04a38af127a23,c328b59991677d1f69675d143c1f94c9,delivered,2018-01-29 01:52:05,2018-01-30 05:31:35,2018-02-03 14:52:49,2018-03-10 15:06:32,2018-03-05 00:00:00
44b4829b58167b697a69c8aa8eb64733,9a4a3ebb868261c944c5ba16fdaff61b,canceled,2017-03-01 11:26:37,2017-03-02 11:30:21,,,2017-03-20 00:00:00
ecbdd603d8aaf9ee128285c94a390caa,3ae866c08dcb731c9b16ae503bfc8c66,delivered,2018-08-24 17:52:21,2018-08-25 02:50:09,2018-08-29 11:07:00,2018-08-30 13:52:13,2018-09-03 00:00:00
6bf198e21fd4b87c035d4e94da5d1f85,42e89706e18b5cd161f33ded3e9b379e,delivered,2017-07-15 10:40:53,2017-07-18 05:50:30,2017-07-20 19:13:36,2017-08-02 17:32:31,2017-08-14 00:00:00
eb504f547e9f4d8c739ddcf0d8efc9a7,f65a77a160b54821f47499e62dad9ecd,delivered,2017-07-09 19:24:21,2017-07-11 03:50:34,2017-07-11 18:07:39,2017-07-21 19:07:53,2017-08-01 00:00:00
0459f8e390241a0cad720e0fce4e66a7,4a66e81f5facbb22056e99f332d918b9,delivered,2017-09-22 19:32:03,2017-09-26 03:28:20,2017-09-26 18:54:51,2017-09-30 13:34:08,2017-10-16 00:00:00
c84672629542fa3983b0f44124ab25f7,d2f3a09f97d3d7711d2b8b15993dd275,delivered,2018-01-13 19:23:06,2018-01-13 19:33:26,2018-01-18 18:39:55,2018-02-02 01:10:05,2018-02-15 00:00:00
c8c18df5a0fc2bd0c67d168dad34eeb6,0810bec75fe542b1d68666785181d394,delivered,2018-06-11 16:18:07,2018-06-11 17:01:42,2018-06-12 11:37:00,2018-06-19 15:48:25,2018-07-11 00:00:00
ab9cecc2d664f4544a42672bdf9ce1fe,bf1515c87e5935319c2f90fe1cbc833c,delivered,2017-06-19 13:25:34,2017-06-19 13:35:33,2017-06-22 08:06:31,2017-07-04 18:24:44,2017-07-11 00:00:00
4c08f008753759d67d8ef45942f1a891,54ca6dc5e99a82fe5112744bc4e9ef26,delivered,2018-06-07 22:32:24,2018-06-07 22:55:51,2018-06-08 13:48:00,2018-06-18 14:31:22,2018-07-17 00:00:00
bfd223d76eb49674f6870a4ed53081b9,f75cc5ac3e64181a86667dea65023268,delivered,2017-12-26 12:07:12,2017-12-28 02:37:50,2017-12-28 22:47:20,2018-01-10 21:27:07,2018-01-24 00:00:00
30ef7c120f099b71e0e0eae30f95c954,45ea718c3e7fb98d483c4a66455db9ce,delivered,2018-07-20 20:12:54,2018-07-20 20:25:11,2018-07-23 14:58:00,2018-07-26 16:19:12,2018-08-03 00:00:00
acfe0c2fea2b051266330ab0f7aece5e,d3832d663d780c302eed541de0cd7477,delivered,2017-04-18 05:49:37,2017-04-18 06:02:50,2017-04-24 13:35:39,2017-05-02 13:54:14,2017-05-11 00:00:00
8da6a6d44c21cc0512f5420c3d199733,ac1c9647599c6393d0e07abdd641516c,delivered,2018-01-08 19:19:47,2018-01-08 19:30:33,2018-01-09 20:47:43,2018-01-24 01:38:59,2018-01-31 00:00:00
9abf08c7cd99e4755666520ba9f96f2d,fede16cecec9d02f2959cc9e262a4ec9,delivered,2018-03-23 12:00:17,2018-03-23 12:15:43,2018-03-26 20:56:45,2018-03-28 16:06:47,2018-04-05 00:00:00
45e646cf27d13009d98af6e85560a499,a9e109d30979d4afa7edc0409a64aedf,delivered,2017-08-15 09:26:10,2017-08-16 11:05:21,2017-08-16 21:22:16,2017-09-14 19:31:55,2017-09-19 00:00:00
c4cc03bca99df6978ffec2cf33fe0acd,c66a6bc740f30c7a1f6718a8944939c3,delivered,2018-01-06 19:17:24,2018-01-06 19:26:43,2018-02-08 14:33:17,2018-02-19 21:52:15,2018-03-16 00:00:00
6cd5caac0c1958404675f8cc9804355b,964d237d2759ea48aa2dfac1602cd550,delivered,2017-11-30 10:12:41,2017-12-02 02:51:15,2017-12-04 21:22:31,2017-12-08 22:14:23,2017-12-27 00:00:00
837bf2d48f18fc4d6e2e32cac9941960,c8d7c9a0047bba418f7a0ea9eda4976e,delivered,2018-05-26 12:46:18,2018-05-26 13:10:56,2018-05-28 15:12:00,2018-06-08 23:05:22,2018-07-13 00:00:00
34edba1d39c09cb41fd226b21f2116c2,fb67b1f519b9850cc4f21452d9e5a586,delivered,2018-03-15 10:58:42,2018-03-15 11:10:29,2018-03-16 21:41:53,2018-03-19 20:36:34,2018-03-27 00:00:00
12c4109395e2d739b7b358d3968c0e29,1e6871517e2bd63b7ccb393370800abf,delivered,2018-05-17 09:15:15,2018-05-18 01:57:11,2018-05-21 15:39:00,2018-05-24 18:31:10,2018-05-30 00:00:00
13a4fe3b64aac56f600ed7ff191415c9,654462019c31f990e4e83b074b585b0e,delivered,2017-11-28 12:13:42,2017-11-29 02:20:10,2017-12-05 12:52:29,2017-12-12 21:28:52,2017-12-18 00:00:00
7bbaf5678aa799c667b939cb8a8b0294,36bebcb0ffc46c9e5f46a67ebc358010,delivered,2018-06-30 17:59:29,2018-06-30 19:10:15,2018-07-04 15:26:00,2018-07-11 18:46:40,2018-08-08 00:00:00
5854e79825b6bb53dcf1afdf5568a404,de7120cd5e3d02e79031699729b785c0,delivered,2017-11-06 16:55:54,2017-11-06 23:31:29,2017-11-10 19:25:24,2017-11-18 12:54:29,2017-11-28 00:00:00
47aa1d8d4f3edcd905a4ec406c3b5ab8,838ea018e5f1adb0329e906f7381b756,delivered,2018-03-28 13:39:16,2018-03-30 03:15:49,2018-04-04 00:28:44,2018-04-27 11:34:35,2018-04-20 00:00:00
f0cd656fd53ad367dc70806501ef74eb,d893f12ff8eafcaec2a4dbf5944d1c94,delivered,2018-03-22 14:41:50,2018-03-22 15:31:16,2018-03-27 00:34:22,2018-04-12 23:28:27,2018-04-13 00:00:00
56ec352c6fe1e0d991734d0d49151e32,154f47535f234011acf5637217d4614c,delivered,2018-05-04 15:27:52,2018-05-04 18:16:21,2018-05-08 11:51:00,2018-05-16 21:12:20,2018-05-30 00:00:00
4e801b3860564f02745ba49a886fbc0d,2805aecd7250141468fc9e256aa3fa6c,delivered,2018-04-24 11:10:59,2018-04-24 18:56:28,2018-04-24 23:47:50,2018-05-09 18:48:40,2018-05-30 00:00:00
5ffeee9d677333ddef6ef0db3aaf50e9,2519d867dd1a3978f406e0af4f7ece17,delivered,2018-07-15 21:31:59,2018-07-15 21:45:17,2018-07-17 12:27:00,2018-07-20 17:18:36,2018-07-31 00:00:00
dd50addabe54a9c924c82e73c4daac41,aa93b67bd6d5a770fde3735cb0e62b68,delivered,2018-04-27 01:56:15,2018-04-27 02:41:09,2018-04-27 14:12:00,2018-05-02 21:16:57,2018-05-21 00:00:00
4b9fec2aafb24c7a29deb4edfea665b5,364451e060b01bc8ec601cc26d23c153,delivered,2017-12-22 13:28:02,2017-12-23 13:19:25,2017-12-26 23:45:50,2017-12-29 16:52:40,2018-01-16 00:00:00
9e67554691d897a062b488672618621b,f10f498c2eeb29358c7e5d81a8b0c91f,delivered,2018-03-10 11:49:43,2018-03-10 12:00:39,2018-03-13 11:21:20,2018-03-20 12:55:10,2018-04-06 00:00:00
0bad561c531f95c3d0c3ef2e03ed72de,4012a377e719108fd66522acf06dabd8,delivered,2018-01-19 20:49:57,2018-01-20 17:21:27,2018-01-25 21:24:49,2018-02-01 19:10:29,2018-02-14 00:00:00
ed0e059201c86672e445d3338bfabc13,07c3db976b113d84c84b4695caa0614b,delivered,2018-03-23 14:19:22,2018-03-23 14:30:43,2018-03-27 16:56:51,2018-04-03 21:58:47,2018-04-23 00:00:00
5366d1bcf7e5ea4eee3743562bb39aa4,814fe50852ab4b281eb92a353442483a,delivered,2018-02-11 18:13:24,2018-02-15 04:07:19,2018-02-16 23:42:09,2018-02-21 18:59:54,2018-03-08 00:00:00
12ef95248b875f8d5b8816bd3f281cd1,2dcc6ad64939f4d896aba56fe6020d23,delivered,2018-06-30 16:05:15,2018-07-01 16:09:58,2018-07-04 06:49:00,2018-07-09 20:21:04,2018-07-25 00:00:00
20780a7d28c56e659d58bccb369a0b3d,9b69d111ae725c1c335dc08bd928e377,delivered,2017-11-13 11:24:58,2017-11-15 02:55:41,2017-11-16 16:14:48,2017-11-21 21:59:28,2017-12-04 00:00:00
e0f9009cf0a83fa9341d61e7052a6e5d,ade877be50f6c176e0fafc2da7f37fd6,delivered,2018-07-24 11:31:05,2018-07-24 11:45:08,2018-07-26 14:12:00,2018-08-08 18:59:23,2018-08-22 00:00:00
ffa1dd31c0e1fd3a1248fe23238eccd5,f3c933ff52ea525fddbaf9dc575bf332,delivered,2018-07-27 18:56:09,2018-07-27 19:10:10,2018-07-31 10:58:00,2018-08-02 23:46:31,2018-08-14 00:00:00
90c4f854c8aa741f36043f09790eb18f,b3a5381d8bb30cdeb5d9fed3b624359e,delivered,2018-06-08 18:01:14,2018-06-08 20:42:18,2018-06-11 13:19:00,2018-06-13 20:12:07,2018-06-21 00:00:00
29e12a2232dff5d6c78392998b660f42,bd7dc1694b09e3cef45723eb8a5d579f,delivered,2017-08-11 22:40:25,2017-08-11 22:50:16,2017-08-14 18:21:52,2017-08-19 15:39:37,2017-09-04 00:00:00
db64a5b6724f1501323cc11154cbaf39,0193e732775076a20ff2fa6fed46513e,delivered,2017-03-23 15:18:59,2017-03-23 19:05:14,2017-03-24 14:02:37,2017-04-05 14:13:09,2017-04-18 00:00:00
4f1185748d3ae9c27076947ae98ebed8,d83753072568e192f71fd5848f98a30c,delivered,2018-02-24 18:49:16,2018-02-24 19:08:12,2018-02-26 18:22:58,2018-03-13 14:35:26,2018-03-20 00:00:00
a8318f40d6ce7e1367863809d56a63c3,95556f234fd4ad5aa8872f93455430ac,delivered,2017-05-05 19:53:12,2017-05-09 09:50:20,2017-05-10 08:47:34,2017-05-16 23:17:35,2017-05-30 00:00:00
825197d9865f5523eb079605067c8fed,a7c27383344b1cccc4db0f42cbe437bc,delivered,2018-08-20 22:00:09,2018-08-22 03:35:09,2018-08-23 11:41:00,2018-08-24 17:21:33,2018-08-28 00:00:00
48ccdeef5374f816e8e7112ce99c8076,b73c90779b141dd9226af3fc26b9d9cc,delivered,2017-06-24 16:48:06,2017-06-24 16:55:21,2017-06-26 14:48:39,2017-07-03 14:29:58,2017-07-18 00:00:00
a2f7b7dd8e50a59d16010e3d5a52b2cd,bb16c074df4c0c4551cadcaa2eabcece,delivered,2017-10-09 22:59:50,2017-10-11 03:26:51,2017-10-19 14:12:19,2017-10-25 19:37:54,2017-11-01 00:00:00
295223d3665d750dffdd3da21dee2d15,b7514d57081dbde6d17c152fc35f3531,delivered,2017-04-04 17:17:29,2017-04-04 17:25:14,2017-04-06 14:07:56,2017-04-12 13:12:09,2017-04-25 00:00:00
74bdc516d1c6a8e16cd1a546ea067c26,24d97ea7bb12a40f87d701e17017d282,delivered,2018-03-27 11:00:09,2018-03-28 02:47:20,2018-03-28 23:37:37,2018-04-03 17:51:40,2018-04-18 00:00:00
447fbbff08bf51738b0b1f820b166372,e697f7adabf275ea017610a2d7944ef4,delivered,2018-06-04 09:26:00,2018-06-04 15:11:14,2018-06-12 15:14:00,2018-07-06 19:38:42,2018-07-18 00:00:00
6d35086a1e8f72a2bb8add8d93b6aa8a,b36a5c96457aba6caa2835354af8b069,delivered,2017-05-17 18:00:42,2017-05-18 18:35:13,2017-05-24 16:02:50,2017-05-25 09:14:32,2017-05-30 00:00:00
04a18000a647d0f0f842ca489dd4a464,ec2b17a04abb80772ab4e8949e3dca27,delivered,2018-03-21 14:03:09,2018-03-21 14:48:45,2018-03-22 20:29:37,2018-03-28 21:07:12,2018-04-10 00:00:00
5d384e0ab579db9d8e3e60baa0637f91,7d319cee0908bb2b366ca6d07a8b1b9b,delivered,2017-10-18 14:34:23,2017-10-20 02:49:39,2017-10-20 18:03:36,2017-10-31 18:19:05,2017-11-10 00:00:00
52fb2336bbf199586136afbe9822086c,8e595e393b39a8843fa07dd9715232fb,delivered,2017-11-06 14:28:25,2017-11-06 20:41:44,2017-11-07 15:42:07,2017-11-09 21:02:37,2017-11-17 00:00:00
a1a43cda291e19630504e0139508698d,f05d35ea25fb09c61b7068ef73038e81,delivered,2018-08-03 22:01:10,2018-08-03 22:15:17,2018-08-06 16:55:00,2018-08-07 11:46:43,2018-08-10 00:00:00
7e6947a332fa36bbb61f7fc5a92fc988,fbe09f282571d313ea0bc08a3b9a8a39,delivered,2018-07-10 10:43:20,2018-07-10 10:55:21,2018-07-13 12:33:00,2018-07-21 00:18:41,2018-08-01 00:00:00
e05fcf75ddcb70932821597dd5b5ae7f,946a373432fa262b9918c26b85b51769,delivered,2018-02-22 11:17:44,2018-02-22 11:30:52,2018-02-22 21:49:07,2018-02-26 12:33:10,2018-03-08 00:00:00
82b2afa9de6b8380c015e7281c3af763,18998e51073ea0cf42a276acf6629402,delivered,2018-04-28 07:57:05,2018-05-01 05:32:21,2018-05-11 14:17:00,2018-05-16 16:55:52,2018-05-29 00:00:00
6766c48f8826d672e4b844ee0a01a195,5c95668403fb988546ec398b82b99a0e,delivered,2018-04-17 21:52:30,2018-04-17 22:12:26,2018-04-18 16:35:28,2018-04-26 15:44:45,2018-05-15 00:00:00
402004d06d37321d07ea462d07df9947,b50ccf65d5c99b4cd64d745bb186039a,delivered,2018-06-26 17:53:03,2018-06-27 09:11:26,2018-07-02 10:33:00,2018-07-06 16:08:32,2018-07-27 00:00:00
f7e13134cbda2f29f8690ed0dcb2e480,31cfcb9600cd06fceaf0839ab20c061a,delivered,2017-03-27 03:02:50,2017-03-27 03:02:50,2017-03-29 13:56:33,2017-04-29 12:30:06,2017-05-09 00:00:00
728bbcb612c732517a23c0131afc0908,537929855d22c9c8af8bede75ec4ba90,delivered,2018-02-25 20:29:25,2018-02-25 20:45:29,2018-02-26 23:38:06,2018-02-28 15:07:43,2018-03-12 00:00:00
04782e9b6da0d4326e534dae5dd3e09e,6cd650d55491e2da73465ce4a420afde,delivered,2018-05-26 22:39:15,2018-05-26 22:58:17,2018-05-29 14:38:00,2018-06-04 16:37:54,2018-06-29 00:00:00
f8634a6cebe582fe768ba126c4efb871,3c4e2b2e5c5580ee9c48364f86c51263,delivered,2017-05-13 11:32:31,2017-05-13 11:45:08,2017-05-15 14:11:12,2017-05-19 13:10:03,2017-06-07 00:00:00
94be63e1a7ab923288bebfdca7e71e84,18c3eac6cbd75dce23b4c6a230341659,delivered,2018-01-26 12:08:45,2018-01-27 12:14:38,2018-01-29 19:33:54,2018-02-10 01:22:55,2018-02-23 00:00:00
ebae502e2bd29a26838c7469280f43dd,50cee586b30982f6f951847d4d31c79c,delivered,2017-07-11 17:38:13,2017-07-11 17:50:17,2017-07-13 20:02:52,2017-07-14 15:37:39,2017-07-24 00:00:00
5bd04e944fbdeb94cb04e86654501cfb,b4cebd8d585bef627dac123101a7efff,delivered,2017-11-17 13:02:28,2017-11-18 02:15:34,2017-11-24 19:53:48,2017-12-06 23:32:27,2017-12-18 00:00:00
4ff146e64dba229dfd00df19d2cbb570,3e8ea3c116928475eb1069b79e6295b2,delivered,2017-05-15 20:14:12,2017-05-17 04:02:30,2017-05-17 14:42:07,2017-06-09 13:27:43,2017-06-14 00:00:00
d9bb9c8f757345967c226128c96bee43,8e1ee3cdc499889ab12cb38d1a8d9e42,delivered,2018-02-19 20:31:48,2018-02-19 21:35:26,2018-02-22 21:55:54,2018-02-24 16:28:39,2018-03-07 00:00:00
ab2789e683e9edeb0f07462e642c5ad4,0aaefb80e6a0c42a29ea9afc0a590791,delivered,2018-05-14 18:00:24,2018-05-15 09:58:42,2018-05-16 15:02:00,2018-06-08 00:35:39,2018-05-30 00:00:00
c53b2f33c8e307e7253650b9dc6cadd1,b3233ced1e274baf2f7079866bde7b57,delivered,2017-11-19 14:23:32,2017-11-19 14:35:29,2017-11-29 18:24:39,2018-01-08 14:40:39,2017-12-19 00:00:00
8cca0783e72515e0e98435af620e38cb,99d720f5d4a0b956177a91e4651f1c7a,delivered,2017-03-01 10:03:51,2017-03-01 10:15:21,2017-03-03 14:34:44,2017-03-09 10:52:02,2017-03-20 00:00:00
cbb44ec1d51ce52987925f28f64ba2c3,41816730caae0f3db1d0b40211c26dfe,delivered,2018-02-22 16:42:34,2018-02-22 17:20:30,2018-02-23 20:07:26,2018-03-01 20:06:36,2018-03-14 00:00:00
b11a2fc0664cad475e2700523625a1e6,85554b119a5a80efea7d591145baf64d,delivered,2017-11-01 15:25:10,2017-11-01 16:31:05,2017-11-03 21:17:32,2017-11-11 15:35:29,2017-11-30 00:00:00
d773f56956696c7d318daddf1df0f801,e85334bfbb907c9faf334a17f46124ce,delivered,2017-11-08 11:31:57,2017-11-08 11:47:00,2017-11-10 17:22:57,2017-11-20 11:45:29,2017-11-28 00:00:00
7f3550ae81191baec2a35d0e2a21a6d4,a357ac2c5f309e317ef913bdac069baf,delivered,2018-08-22 10:05:04,2018-08-24 03:15:21,2018-08-24 12:59:00,2018-08-30 17:22:42,2018-09-17 00:00:00
4962c62f110070284d4a13fbc3a2c970,a8e35b18e55d2e557cd59b1a4b0cd4ad,delivered,2017-02-14 20:53:12,2017-02-14 21:03:29,2017-02-16 09:08:18,2017-03-03 15:37:32,2017-03-15 00:00:00
93d7cfb112111edec49fd02555f48da3,f05b7d5565860304973f163aba0b8804,delivered,2018-08-15 17:00:58,2018-08-16 03:15:16,2018-08-17 16:04:00,2018-08-23 14:44:39,2018-08-29 00:00:00
5a42d01f5fdf7a96312618390f361e72,bc4107b4d96e42f69d48eb51dd533e1b,delivered,2018-04-28 15:00:33,2018-05-01 05:15:20,2018-05-03 14:43:00,2018-05-11 07:08:28,2018-05-29 00:00:00
224bd0a94ce4f3eeebe2ef447e596863,dffe34ca3527d5eb4d985e7a3ace6b27,delivered,2017-07-11 09:15:43,2017-07-12 02:10:47,2017-07-13 19:24:39,2017-07-21 17:27:56,2017-08-02 00:00:00
099ee5555931216b461149b6fa1957e6,ca81fdd0baf963fa30e92bc440be8bdb,delivered,2017-09-29 22:41:26,2017-09-29 22:49:26,2017-10-02 19:32:44,2017-10-09 17:35:17,2017-11-01 00:00:00
ac3d89654ac9458fc97bfeace44251d6,5ff7b80721a72398e49b45f54e4e591b,delivered,2018-03-12 08:35:53,2018-03-13 03:50:45,2018-03-16 00:17:10,2018-03-26 23:42:02,2018-04-03 00:00:00
be560e55f6098370a75dae48230f049a,ddf0fc4e5538bd1eef22bd8c2fb726a4,delivered,2018-01-19 11:24:21,2018-01-20 09:09:04,2018-01-24 20:41:37,2018-01-31 00:32:26,2018-02-19 00:00:00
eb73628992e7d5099384b8016d82e775,8b9f34063c242242994cd8a08719f000,delivered,2018-07-31 13:16:48,2018-07-31 13:30:34,2018-08-01 09:47:00,2018-08-03 22:12:20,2018-08-09 00:00:00
fefde2c038077ee3f2cde28e6a6d94a7,5184896b399ca54e78e21e5f8e0085ee,delivered,2018-03-11 14:54:08,2018-03-11 15:27:59,2018-03-12 18:51:29,2018-03-23 19:23:02,2018-04-02 00:00:00
a01a08ca0d8cf4c03ffd23029c091210,d9195d0325ce43bed923ee3edd6547e4,delivered,2018-05-28 18:56:39,2018-05-29 18:51:35,2018-06-04 16:03:00,2018-06-05 19:41:25,2018-07-16 00:00:00
c4eb6bb6cce4739be64f37565afd5436,e9ed39c433c1acc15b42359ede26225b,delivered,2018-01-03 21:01:05,2018-01-05 16:09:06,2018-01-10 21:53:13,2018-01-27 01:07:01,2018-02-06 00:00:00
1cc2afbca351a1423aeb95bd67821271,867b9351d211003a7ccb5bbfcd7cf2ec,delivered,2018-04-15 21:26:28,2018-04-15 21:49:57,2018-04-17 22:06:47,2018-04-18 22:16:28,2018-05-03 00:00:00
5a4fb5816ef33f8e7514eb2719b794ea,d0351c04e02774821a6b7119ad0ae8df,delivered,2018-01-15 20:07:42,2018-01-15 20:18:29,2018-01-17 20:43:32,2018-01-26 23:48:59,2018-02-19 00:00:00
20a0bafa4cc6e56fd5b827f46358e752,7726c0f6652be3a189429a41a156e66a,delivered,2017-12-02 23:58:37,2017-12-03 02:31:23,2017-12-06 21:58:10,2017-12-19 21:15:04,2018-01-03 00:00:00
84effd777e819e984c091302a37641d4,9baa3ebdd47ab308b0a043a9ff5a9f10,delivered,2017-11-24 23:17:46,2017-11-25 02:14:48,2017-11-28 21:28:44,2017-11-29 18:19:02,2017-12-12 00:00:00
4cbadee3ff54ebcd0ccc6f772738959d,2f3b7a7d8046c40279cac16cc0a62440,delivered,2018-05-17 17:54:46,2018-05-18 02:54:27,2018-05-18 12:23:00,2018-05-21 13:16:55,2018-05-25 00:00:00
2061aae06d3c562205bbb42dc429df37,dd4858d8abdc673ef7e2b69910158f3b,delivered,2018-05-04 09:57:13,2018-05-04 10:11:45,2018-05-04 15:47:00,2018-05-09 17:57:23,2018-05-28 00:00:00
b52c2a6044367f51b1e6f7d5bb8bca7e,02e6202903c54e4ad1b6cd9d9bc61680,delivered,2018-05-07 21:00:33,2018-05-08 17:51:47,2018-05-10 14:20:00,2018-05-15 17:27:52,2018-05-23 00:00:00
06b54aee2ec1ca4bd7a460c7d256cce1,1772b9285f84b981cf0b40a94406c640,delivered,2018-04-17 10:16:18,2018-04-18 10:11:10,2018-04-26 09:56:00,2018-05-02 14:23:33,2018-05-10 00:00:00
efd2fcff6bef918e8a4ad7bb4c829acf,fbbc61fafbafa45406320a04a2c39c2f,delivered,2018-05-17 16:42:34,2018-05-18 13:31:22,2018-05-21 15:10:00,2018-06-09 17:36:23,2018-06-19 00:00:00
8f872e715d0dc90d10e7315809cdd49a,808dadb433aad1c6a2a45dcf10fb69b2,delivered,2017-08-10 18:04:32,2017-08-10 18:15:20,2017-08-14 14:16:01,2017-08-25 19:37:54,2017-09-01 00:00:00
7b368eab51e8752cd22b7a851e8be248,c54654905b64815899f7124f5c26f194,delivered,2017-11-07 15:20:32,2017-11-07 15:31:00,2017-11-08 21:51:42,2017-11-13 17:09:13,2017-11-27 00:00:00
b25a9b5820cb66ccdfaaef99e366bb19,a7f5e09c6a7c26cd763a38e5fad45e81,delivered,2018-02-16 11:22:46,2018-02-16 11:35:24,2018-02-22 20:06:11,2018-03-06 14:42:38,2018-03-15 00:00:00
e10d89c39c03d21e016420afd134cc17,8fed668b3ed411fb360e8763176b2da2,delivered,2017-06-14 15:16:09,2017-06-15 03:10:25,2017-06-16 17:22:44,2017-06-28 15:41:43,2017-07-11 00:00:00
f495929260b8f76b254652d9729e8c19,ae5885f1bc253502b27227a59692081b,delivered,2018-01-10 13:17:58,2018-01-12 02:33:41,2018-02-01 21:37:17,2018-02-26 16:47:31,2018-02-08 00:00:00
01b276e7af1d9e3ed34b431d39f45fa1,8e44b5b5a76df9682b27d50f5e98ca3b,delivered,2018-01-16 19:25:09,2018-01-16 19:37:27,2018-01-22 19:38:03,2018-02-01 15:11:48,2018-02-14 00:00:00
b800ea6bc1a4ef36509ee646e9fba841,b06eddb5752756297c7bdbf1dd89cd36,delivered,2018-07-12 15:32:01,2018-07-12 15:45:54,2018-07-13 09:58:00,2018-07-24 17:04:03,2018-08-22 00:00:00
27c0ea3b1286c30e92f05f413398d055,02f8be25cf5a4dff37f2b03f7fbb04aa,delivered,2018-04-09 15:25:42,2018-04-11 05:50:23,2018-04-11 18:49:25,2018-05-09 18:08:50,2018-05-04 00:00:00
5441ec6c31e10fcdf8e336f1cff74659,8310245246ab7219bfabcf7217b9a452,delivered,2018-01-08 19:24:09,2018-01-08 19:35:21,2018-01-09 19:16:54,2018-01-16 04:28:55,2018-02-02 00:00:00
73e6a8e83085aff9674ff4cf65247118,b85db2d7790a6505ae346aabc5916a1c,delivered,2017-05-01 16:56:37,2017-05-01 17:05:43,2017-05-02 13:06:07,2017-05-15 22:04:51,2017-05-23 00:00:00
1cdc5514158935d7bd408f33538ce130,2c196944844a66a1b80f84b3901d9bd0,delivered,2017-11-08 10:43:15,2017-11-10 02:56:22,2017-11-10 21:23:51,2017-11-13 17:47:34,2017-11-22 00:00:00
e9f8c67129c6f0bf411b428141ddfbf5,b364fc9218a7e1ddd9eb23124ebb7d86,delivered,2017-04-11 22:09:31,2017-04-12 13:10:17,2017-04-17 10:26:59,2017-04-30 06:57:43,2017-05-12 00:00:00
28f0cec71eeca821990dac072c20cb12,51be9c21b18ae3683b4ba73763a05475,delivered,2018-06-27 17:24:01,2018-06-27 17:35:12,2018-06-29 14:37:00,2018-07-06 11:08:41,2018-08-03 00:00:00
37872280df31defa5a1f4ff1f120fd8e,ce2fd81481eeda40090e0a1e373d8e36,delivered,2017-07-31 12:28:42,2017-07-31 12:43:14,2017-07-31 17:53:50,2017-08-01 20:16:58,2017-08-11 00:00:00
96a99b5ae04ac4def9a904440906fd6e,83e997c8f415ad8b786949edaee576a8,delivered,2017-08-20 19:35:18,2017-08-22 04:10:58,2017-08-22 19:28:05,2017-08-31 18:17:36,2017-09-21 00:00:00
071be1c98f3a6f467d8e472d94350db8,d5b976444c9257b13cf100dd0933cff1,delivered,2018-08-07 01:19:24,2018-08-08 03:10:22,2018-08-08 13:35:00,2018-08-13 14:32:43,2018-08-24 00:00:00
1f195e1a5568ef0f4153d95a671a0f91,b099cf5685910b720ea73ddc4ec9b4c5,delivered,2018-01-15 16:26:53,2018-01-16 03:38:49,2018-01-22 23:53:52,2018-02-06 20:16:30,2018-02-15 00:00:00
b8b632a58abdbcc69a744281a630ecd8,87109c0a75a724d931893a7a0ec90d06,delivered,2018-05-05 09:51:37,2018-05-08 03:52:36,2018-05-08 16:11:00,2018-05-11 20:44:31,2018-05-23 00:00:00
12731a5b2b2ad871d0994d8362dfbce2,b559f48b8ec90f0765f927d0d0f8e9e6,delivered,2018-08-18 12:18:56,2018-08-18 12:31:27,2018-08-20 14:18:00,2018-08-21 22:57:44,2018-08-24 00:00:00
9b1e6dedd7de3097acb7948dfd8cc359,4789cc608a76c22397fdf821a2bc2e88,delivered,2018-07-04 11:48:32,2018-07-05 16:31:58,2018-07-06 08:41:00,2018-07-09 20:56:06,2018-08-09 00:00:00
b54127e9193743bfe17f7e5d91bb957c,e7030cbfd3cfe8c1f6e7249365ab052d,delivered,2017-02-23 00:57:25,2017-02-24 02:42:29,2017-03-03 11:34:25,2017-03-08 15:42:56,2017-03-24 00:00:00
02a7c0948e8f36cc17e787f73395de4d,88f5da0fac8ddf55d2cbbbc2dee4dc7b,delivered,2017-12-14 22:04:16,2017-12-16 02:51:12,2017-12-18 22:53:20,2018-01-03 01:27:11,2018-01-17 00:00:00
4bafda97f5402269975aa9d45b82b9b2,54141e794a36e7897371026becaed62e,delivered,2018-02-23 09:21:12,2018-02-23 09:35:29,2018-02-23 22:28:47,2018-03-13 19:12:34,2018-03-22 00:00:00
fc501e42339fe22bc9c45d38c3cbe4ce,d382ad6bb56286079ce115ea6d4db527,delivered,2017-08-10 13:43:44,2017-08-11 06:45:10,2017-08-11 19:39:38,2017-08-16 18:44:07,2017-08-30 00:00:00
d0c468c107ade3688fd4ffacea8e072b,0b1da960627c4ef05903277a9312bf13,delivered,2017-02-13 00:12:17,2017-02-13 00:32:09,2017-02-22 07:51:48,2017-03-07 09:54:53,2017-04-27 00:00:00
783b1d8d1782290b10a4d8633721e26f,f1206f8f523e838e4f0f6a2122a415e2,delivered,2018-08-22 16:52:21,2018-08-24 03:24:12,2018-08-24 08:59:00,2018-08-28 20:51:11,2018-09-05 00:00:00
7fc972218babb3bd6cc41ada5145606f,d5ba94a4fd64c7563ad4e78f2afe5534,delivered,2017-11-27 11:11:30,2017-11-27 11:35:23,2017-11-28 23:36:52,2017-12-12 20:33:14,2017-12-22 00:00:00
f99f27c6436299deb7afb301de293eba,d522ed4f4b141a73666f0c80e0c99818,delivered,2018-03-02 19:13:46,2018-03-03 02:35:39,2018-03-27 15:51:56,2018-04-03 20:08:39,2018-03-29 00:00:00
509e23091b0dc6edfc5fffc94dc3dd0a,32f4a031804a44cfe08b7a12db24df34,delivered,2017-10-22 19:28:07,2017-10-22 19:49:09,2017-10-24 19:09:04,2017-10-31 16:13:57,2017-11-17 00:00:00
1a8479315924a0909a29ab6a0cc3cc20,bda7157621c15ca3dcbcac7924915099,delivered,2017-11-27 16:23:47,2017-11-27 16:39:44,2017-11-29 19:43:40,2017-12-14 18:07:59,2017-12-21 00:00:00
079b79bacc6e0a0c7ed93cd6e3624f6e,9e9b4b54d810b93677fb4cb74911601b,delivered,2017-07-30 19:36:43,2017-07-30 19:50:10,2017-07-31 17:27:38,2017-08-14 20:02:58,2017-09-01 00:00:00
2063f9d50e384c34de535da7619f8aa6,392a865dcdc7870d3796cb245d0d4718,delivered,2018-05-17 09:06:35,2018-05-18 05:16:33,2018-05-18 09:50:00,2018-06-08 22:51:52,2018-06-18 00:00:00
b60cab8c479e1e80420cbe584d7aa9ac,0282e1d60197412167fbb0b111fd55e2,delivered,2018-03-16 17:15:00,2018-03-17 17:09:18,2018-03-19 23:07:19,2018-03-21 00:03:18,2018-03-28 00:00:00
11642b906362f0d80a1228e1fa45a18e,027366c552ba033496aceb34187f01d6,delivered,2018-02-24 17:10:58,2018-02-24 17:27:17,2018-02-27 16:38:36,2018-03-19 23:32:05,2018-03-16 00:00:00
61c4ab6b7773c90ee722155c77ea3738,e9e5748e123c685fac1cfd570b2c7844,delivered,2018-06-02 13:33:00,2018-06-02 13:50:12,2018-06-05 13:22:00,2018-06-20 17:58:26,2018-07-13 00:00:00
63576020815760d4b5d11cef32595ada,eb1db1addc49bbf82c8ce7668681cd07,delivered,2017-09-03 18:10:21,2017-09-03 18:35:29,2017-09-04 19:49:57,2017-09-06 21:39:43,2017-09-21 00:00:00
595f5439ed1b17a564eaa4eea9312db4,39c1a7d9f3e2bd45e1b0ca9ce33cfb8e,delivered,2017-07-03 09:50:34,2017-07-03 10:03:49,2017-07-07 18:21:22,2017-07-17 12:27:55,2017-07-31 00:00:00
e37f11cae9985ca58f0b56f268720537,3947a361301f2ff0f3223159a0f2701c,delivered,2017-07-26 11:46:34,2017-07-27 10:10:16,2017-08-01 18:17:47,2017-07-31 17:49:56,2017-08-24 00:00:00
c82445412645dc0bd09408f535c2b86d,9cd3390c40316f478e8b0eba6588b214,delivered,2017-09-18 14:48:19,2017-09-19 18:07:24,2017-09-21 19:02:40,2017-10-02 19:17:46,2017-10-11 00:00:00
7747d3dc79a4f212bfe6870c8eed1247,1509646eeec96572db6ac31359f42b38,delivered,2017-10-18 15:25:26,2017-10-18 15:35:29,2017-10-18 21:22:46,2017-10-23 16:59:16,2017-11-13 00:00:00
26d067c5d629ef23cc86ba8caa626fcf,38ea3fe4613789cb79db2ff69b258725,delivered,2017-11-27 22:17:21,2017-11-29 22:14:28,2017-12-04 19:52:54,2017-12-11 21:32:39,2017-12-15 00:00:00
890f778e65429f5466787ff91cda177b,3ce3808526b96beccb8f0b4c690ed876,delivered,2017-08-17 22:26:15,2017-08-17 23:30:14,2017-08-24 15:52:57,2017-09-15 00:02:48,2017-10-02 00:00:00
1857e77a4bad8abb2db929f107430663,616833eaef04d25b67207119cd6936dc,canceled,2017-08-31 23:55:57,,,,2017-09-28 00:00:00
e7f861ca5d9143d8e586bd85b1aa5bdf,e7a63b4918f846a8352704fb37e77763,delivered,2018-07-16 21:48:37,2018-07-16 22:05:11,2018-07-17 16:36:00,2018-07-23 20:16:55,2018-08-06 00:00:00
c518733b452a98377e02153098a0542d,4f9aac9e4ad8fe9d9c9fe19daf940134,delivered,2017-05-10 17:02:46,2017-05-10 17:15:14,2017-05-12 14:35:58,2017-05-22 11:03:26,2017-06-02 00:00:00
186517d0eb6786c1a45e1af8ac30cd28,73ef5e282de27dd8d7d50272332f2124,delivered,2017-06-29 19:25:04,2017-07-01 04:50:21,2017-07-04 18:08:47,2017-07-10 19:19:52,2017-07-21 00:00:00
e2430bc2e4a68e6e61809fdbe4c15f0e,c01049464a5cc7c9e476ec5bfb6dbd4c,delivered,2018-01-20 00:12:26,2018-01-20 00:33:04,2018-01-23 03:13:16,2018-01-29 20:16:11,2018-02-16 00:00:00
6fcd3790fd12ab3c4eacc9da0f931992,bf06469eadee11e635909ecabf966022,delivered,2018-01-25 17:02:18,2018-01-25 17:31:47,2018-01-26 21:26:58,2018-02-08 15:42:46,2018-02-22 00:00:00
42c146c7d76c003910cda3357aeb754b,077e58337411253659e060d903cec280,delivered,2018-08-16 16:14:33,2018-08-17 04:09:49,2018-08-17 16:25:00,2018-08-20 16:47:35,2018-08-24 00:00:00
46a354ecffd29742e985db9b49cae302,f1f2220be2d7765501bfd00eb025fa3e,delivered,2018-02-05 12:43:16,2018-02-05 12:55:42,2018-02-09 01:18:24,2018-02-20 15:38:55,2018-03-05 00:00:00
ac59aee9b29e8e6d74a382fa868b611b,1058a5a2a59512a9d7308b9a240acbe4,delivered,2018-04-17 22:50:15,2018-04-17 23:11:34,2018-04-18 21:19:26,2018-05-02 20:38:44,2018-05-16 00:00:00
609614169498a0a0719e1a47cd02b408,9eeadcff5162752a89925db4e4e33c42,delivered,2017-06-18 11:43:51,2017-06-18 12:03:07,2017-06-19 17:14:02,2017-06-19 21:03:13,2017-07-11 00:00:00
1da98926fa18dc5eb9045bb6c5a1e8cf,fd3ed16e8a4cacb3738e83046d328ba2,delivered,2018-01-13 00:42:29,2018-01-13 01:01:14,2018-01-17 23:04:09,2018-01-31 18:22:24,2018-03-07 00:00:00
4c2bda2a65cf17bca1d9c00daa0f8790,3a0557c5236d866291795f7a4ee3c2c7,delivered,2018-03-29 15:27:11,2018-03-29 16:35:35,2018-04-04 17:02:25,2018-05-14 21:39:21,2018-04-17 00:00:00
6250a70ada1a0cb3772f99181a27bb51,45f02458d5f699c5276958a087f40e22,delivered,2017-09-01 10:59:50,2017-09-01 11:15:19,2017-09-01 22:15:51,2017-09-11 19:13:22,2017-09-26 00:00:00
82da1fe1ba79ad376673815007b99ddf,1fca6e2c5d6938ecce03a96bd4d7c75f,delivered,2017-08-20 14:46:46,2017-08-22 04:10:23,2017-08-23 19:59:58,2017-08-29 14:46:06,2017-09-11 00:00:00
ec89f64fa61a8186f474cf0a903fc4fa,16f8771e0120d9557103d473bc8c4833,delivered,2018-02-10 15:34:07,2018-02-10 15:48:26,2018-02-14 20:07:06,2018-03-06 20:28:56,2018-03-07 00:00:00
f53f689b6008c22da247ed23e3c0b685,50aef86314536113cf37ab64f241ef8d,delivered,2017-02-04 22:19:45,2017-02-04 22:31:18,2017-02-13 14:24:10,2017-02-16 13:56:11,2017-04-14 00:00:00
9184724aacd6a7da5bcf4c08c2c674a8,ef82ec18f684c8b9f44339a739570043,delivered,2017-05-18 20:26:57,2017-05-18 20:35:09,2017-05-23 10:53:48,2017-05-26 09:57:03,2017-06-20 00:00:00
ea2c93fbb3cf79edecd5f993fe362464,637b0c3ee412e09ba5e46702af44ebf1,delivered,2018-06-06 20:01:45,2018-06-06 20:15:21,2018-06-07 13:29:00,2018-06-20 17:19:43,2018-07-25 00:00:00
c52497bdac8af9917fe744d605bdc43b,c6b3ec6d4ebb93cc2ca09e6329d38f5b,delivered,2017-01-29 22:47:29,2017-01-29 23:30:41,2017-01-31 10:26:04,2017-02-03 06:09:20,2017-03-17 00:00:00
f1e4736be624a0dad3a1d2c67545518f,cfe96687550c3433cb992a3fc576084f,delivered,2018-02-01 19:44:56,2018-02-01 20:20:43,2018-02-02 20:56:56,2018-02-04 15:38:53,2018-02-19 00:00:00
a622cb9542d08e3004c1a9a33a7cd859,33d00aa51f5de88a67154c4600ad5c93,delivered,2017-06-13 11:46:11,2017-06-14 02:35:37,2017-06-14 07:28:02,2017-09-19 16:02:30,2017-07-12 00:00:00
b88679bb25b44b2557f14eb76eb80054,4aca2ed77ba05b6d84b37337ec35ecd2,delivered,2017-10-09 21:24:15,2017-10-09 21:35:17,2017-10-10 20:52:58,2017-10-19 23:16:37,2017-10-20 00:00:00
8d4159350057e7ebf61c0083d75c8712,db5feea769fdb2109f87dc628f2e95ed,processing,2018-01-24 09:34:27,2018-01-24 09:51:41,,,2018-02-19 00:00:00
78f792994f6c292b8038b7c4b5c3d9df,681957f67bfb9a208d049821b367f77d,delivered,2018-02-08 11:57:24,2018-02-08 12:56:30,2018-02-09 21:18:05,2018-02-14 12:13:04,2018-03-06 00:00:00
63c6cc7ed0b8a61178a9ec1faa7770a6,110c0be1f16b752c89a04f1a29ec8b1a,delivered,2018-06-09 13:28:41,2018-06-12 05:16:22,2018-06-12 08:16:00,2018-06-13 18:12:25,2018-06-20 00:00:00
838263e3f79563bccd736531aec2a915,933ef27e887c4f3e10f90ff8b4f187f6,delivered,2017-11-28 18:18:39,2017-11-30 02:25:11,2017-11-30 20:03:00,2017-12-11 20:14:36,2017-12-21 00:00:00
b6369b16620510273273fe0d6be68744,8b37fefc7800774e24d316c4c9cf1deb,delivered,2017-06-12 13:30:45,2017-06-13 06:35:20,2017-06-13 08:46:03,2017-06-22 16:21:29,2017-07-05 00:00:00
8f2a08db3e03e43afed993c3f247a449,dc1ae63bd9c387114b602a80b70b20a7,delivered,2018-06-21 12:21:27,2018-06-22 10:19:07,2018-06-26 14:45:00,2018-07-03 19:44:36,2018-07-27 00:00:00
02d50facee2072550ae5a8ef3dc2e10f,739ee0b3c55d7509cbf93ba4275199fb,delivered,2018-01-13 23:58:01,2018-01-14 00:10:43,2018-01-17 19:16:43,2018-01-19 21:36:42,2018-02-02 00:00:00
d11fd4395b314a358cc155ea5c525c07,a7f1b7380cabd2fb2efacd2df11ba224,delivered,2018-06-21 23:36:13,2018-06-23 04:18:38,2018-06-26 14:56:00,2018-06-29 21:04:14,2018-07-27 00:00:00
6e2b63d5084b319e8d72270b7882e119,08433985baf2e7ff94f2046d7dd14fdb,delivered,2018-03-18 07:17:39,2018-03-18 07:48:39,2018-03-20 01:58:24,2018-03-20 18:16:52,2018-03-29 00:00:00
040f214f2ec8be892fee452b52a96f1f,1b5e997904377a86956c021165c14e4c,delivered,2017-11-01 15:52:21,2017-11-01 16:31:05,2017-11-06 19:08:58,2017-11-14 17:33:16,2017-12-11 00:00:00
35133d30b32f389949394cf5ce8ab03e,054a61b5ef37f443a58664bdea26488e,delivered,2018-08-09 10:08:22,2018-08-10 16:25:08,2018-08-13 17:43:00,2018-08-17 22:17:51,2018-08-23 00:00:00
8a6e531dd83a94dfe1d87985dd6c4d95,77a852fc4ae186d53411121f3035a64b,delivered,2017-11-25 17:35:13,2017-11-25 17:53:07,2017-11-27 19:08:11,2017-12-15 00:17:56,2017-12-18 00:00:00
ec07c69c53d0fd57a651909a33f16ec1,25c6702d4b98e41d6bc8ebfa53bafab5,delivered,2018-02-09 00:50:48,2018-02-09 01:08:51,2018-02-09 23:49:09,2018-02-20 00:09:42,2018-03-09 00:00:00
6954eac303f94f5f51b80deb4ba7be50,4cbc0fdd8d7548de068a1cff9d293da3,canceled,2018-08-03 15:05:58,2018-08-03 15:40:17,,,2018-08-15 00:00:00
900dccc7efc408e86f24916af7c1c080,3a6e442f93b75147358099fa79ac5358,delivered,2018-03-21 13:53:21,2018-03-21 14:15:26,2018-03-27 02:45:28,2018-04-13 00:38:30,2018-04-19 00:00:00
d6ad33876be24f1d737a097da6dbc920,358ca9696b80fc7ad50eb9ad164c606f,delivered,2018-06-29 23:28:37,2018-06-29 23:50:22,2018-07-04 14:44:00,2018-07-09 15:41:12,2018-07-20 00:00:00
028cad58dbd393e348c73435f8192919,a9d2550cb10dd002881bd53c1e65b8e6,delivered,2018-07-02 15:42:23,2018-07-02 15:55:18,2018-07-03 15:04:00,2018-07-11 01:06:47,2018-07-26 00:00:00
1b16849c735fb603f647c0e1dbf503c7,e19a261a07951f1edb1897d7ad0186a8,delivered,2018-01-04 00:02:25,2018-01-05 16:27:58,2018-01-08 22:54:49,2018-01-17 18:04:27,2018-02-01 00:00:00
4784f1d85faf583d4655c60b4f114d3b,43773714119e39e64a98a041d164e405,delivered,2017-04-22 11:27:25,2017-04-25 08:15:27,2017-04-25 08:20:10,2017-05-03 12:10:38,2017-05-17 00:00:00
ca90add006fd5298fa92071a753eeeae,1e838d610c4558100d05ee4b24e874c0,delivered,2017-05-27 15:20:50,2017-05-27 15:35:17,2017-05-31 10:22:35,2017-06-07 14:23:46,2017-06-29 00:00:00
9a439e954e5b903680ccf8db9ed6a847,011aa728cdc4c57b506c6c40ac2a7712,delivered,2017-10-10 10:48:00,2017-10-11 10:56:19,2017-10-18 19:16:44,2017-10-23 14:57:52,2017-10-27 00:00:00
2ba9cedfe4113e91c29c82f4be24687d,7050e4e1b338bf7e54a532ff0f6710a4,delivered,2018-07-08 18:12:48,2018-07-08 18:25:28,2018-07-11 06:01:00,2018-08-01 15:04:49,2018-08-06 00:00:00
d3838a24843870a5ec06d16bcf45bbdd,df616b558a4fd57856183451db38cbbd,delivered,2018-08-14 16:13:53,2018-08-14 16:25:18,2018-08-15 14:07:00,2018-08-20 20:27:24,2018-08-24 00:00:00
22aaa02adda54ed16ee8d3eed7cb23f9,a1bfcbebe1e633d303b9ac1734de3445,delivered,2018-04-15 08:33:12,2018-04-15 08:51:33,2018-04-17 13:22:41,2018-05-03 12:48:47,2018-05-15 00:00:00
0673ea591e7c9108ba7dc1a5246111a5,136eb50222d7c7deea2340f2a7bba0ff,delivered,2017-03-27 19:09:14,2017-03-27 19:23:01,2017-03-28 08:44:03,2017-04-05 16:12:46,2017-04-18 00:00:00
e008eec42c3cdeca3e9b47a91fbc848a,30c94c942e84899e8508e065325e382d,delivered,2017-10-03 12:36:36,2017-10-05 03:04:07,2017-10-09 22:12:35,2017-10-25 19:04:48,2017-10-27 00:00:00
f7057bf47ad8d184d0857bdaee0a1603,bce6c0027c2efdbfcb8ffe58e2c5abc7,delivered,2018-03-30 12:00:06,2018-03-30 12:15:28,2018-04-02 20:56:32,2018-04-05 00:18:24,2018-04-12 00:00:00
897b5491a20140b265bdfc2fc760e84e,e0644e3a412f2daa01c7733b93bb5cab,delivered,2017-07-16 17:22:22,2017-07-16 17:30:26,2017-07-17 19:56:54,2017-07-28 13:59:42,2017-08-18 00:00:00
394706e9971fea983907cd09aa349ed8,04a3408f7d73698797fafee2580f4b18,delivered,2017-12-12 15:25:16,2017-12-14 02:12:29,2017-12-15 02:09:23,2017-12-21 23:18:51,2018-01-09 00:00:00
9bccdd3552c2a68af6d166dfd82be6ba,b4e1d5fdf13905222b7a571b9edad9ef,delivered,2018-04-21 13:03:33,2018-04-24 18:05:57,2018-04-23 18:16:54,2018-04-24 18:16:59,2018-05-08 00:00:00
1190c532678dda01871241a5e42f0527,4effccca9cf533b14988d625d60ef2b8,delivered,2018-06-27 20:38:13,2018-06-27 20:52:08,2018-06-29 12:35:00,2018-07-11 16:21:33,2018-07-26 00:00:00
c215c19d42062469daa299ba6242b3f4,f561d5cc81ad8fb4266e692b2774abf4,delivered,2018-01-03 10:11:19,2018-01-03 10:18:34,2018-01-04 21:15:55,2018-01-05 22:34:24,2018-01-29 00:00:00
4b71239d777b69336e70a98790387836,b97c2a086648b68159e6ffb52f7ac452,delivered,2017-10-26 10:40:23,2017-10-26 10:56:10,2017-10-30 17:56:56,2017-11-13 21:43:43,2017-11-17 00:00:00
30125d2cf4cec0bf9e4840def6c4e7b1,17b9497c2728831c952b554483afd9a5,delivered,2017-03-04 23:21:48,2017-03-04 23:32:55,2017-03-06 14:52:22,2017-03-13 14:09:30,2017-03-29 00:00:00
72661cd9e4da775b13011b9afff1969e,dddb6fc0273f44973736bdbbdce6b43a,delivered,2018-02-01 16:28:27,2018-02-01 16:56:53,2018-02-03 02:36:43,2018-02-06 22:34:05,2018-02-19 00:00:00
a389c8dd641e5e3bd97578e44f1ece83,7b0a3a430a7e8b6183eac952df55cb07,delivered,2018-04-23 17:59:39,2018-04-24 18:51:07,2018-04-26 15:24:00,2018-05-16 11:28:30,2018-05-16 00:00:00
a4de95599a7ceea15c118d8a59c8d574,75cf84d6780222c5fa6285b1a93532cc,delivered,2017-03-24 22:20:26,2017-03-28 03:45:48,2017-03-29 11:04:09,2017-04-04 15:32:02,2017-04-17 00:00:00
2b4cbb171fffb2fac96f67bc9425ad55,1c6e766d755506bb1e7a7dfc0fe44bea,delivered,2018-01-02 15:06:02,2018-01-02 15:16:24,2018-01-08 18:57:43,2018-01-09 20:29:51,2018-01-18 00:00:00
a8442d4b8abaaad3eacc3338c9ff08cc,aa2df251bcd1c88412808a9c322aa857,delivered,2017-08-05 23:23:01,2017-08-05 23:35:19,2017-08-07 19:45:27,2017-08-12 14:42:23,2017-08-25 00:00:00
2a3bad5fc6e2759b3024cfb491d7f455,c854e3a8c5c5cf3a914ae26f193e78f5,delivered,2017-06-25 21:53:47,2017-06-25 22:05:21,2017-06-26 17:42:57,2017-07-04 15:45:52,2017-08-03 00:00:00
bde483878bed3f9a95fed760af049891,db1f4247e9c49ea446174ad81a61d45a,shipped,2018-08-01 19:06:24,2018-08-02 11:30:11,2018-08-03 12:07:00,,2018-08-22 00:00:00
b72afa4aad9d75e39c6edeb6141a3a7b,e9b4ca702b84a59c19e3c4f27a176182,delivered,2018-07-23 18:29:48,2018-07-24 10:31:45,2018-07-30 12:15:00,2018-08-02 23:21:46,2018-08-09 00:00:00
128e10d95713541c87cd1a2e48201934,a20e8105f23924cd00833fd87daa0831,delivered,2017-08-15 18:29:31,2017-08-15 20:05:16,2017-08-17 15:28:33,2017-08-18 14:44:43,2017-08-28 00:00:00
7885086b880b3ab7e8be74bbbe05779e,249865ef7c68054c2d31ded934f362d1,delivered,2018-02-25 21:24:36,2018-02-26 09:50:00,2018-02-27 18:29:47,2018-03-12 15:42:30,2018-03-20 00:00:00
5ec560222cf73999224c88e44327937c,fb7edc27ffa937fbe3721f0ecfb7c464,delivered,2017-11-26 20:20:35,2017-11-26 20:33:07,2017-11-30 00:46:46,2017-12-11 20:34:52,2017-12-19 00:00:00
e889aad082e12cd57386cac961a62d61,de4530c0594a6deb2226a823d7f504de,delivered,2018-01-24 23:12:41,2018-01-24 23:32:51,2018-02-27 21:47:42,2018-03-05 23:53:11,2018-02-19 00:00:00
c9532b497ba2f82f14eeb95a2a0288ac,24d5a276278a805c85d3ee4677142da2,delivered,2017-11-29 23:07:04,2017-12-01 21:24:02,2017-12-04 18:12:29,2017-12-07 21:24:42,2017-12-22 00:00:00
982c51d6339b46194f28cd465e72e740,c5f6afd37241e12a72bbe95c5564ce6d,delivered,2018-05-29 14:25:23,2018-05-29 14:52:16,2018-05-30 12:47:00,2018-06-08 01:51:58,2018-07-19 00:00:00
3dfbb4a1925fb940c975dc4c5855a7d2,ae8db3ad1465ebe372f722f5d3dd5739,delivered,2017-10-25 14:35:46,2017-10-25 15:15:05,2017-10-27 14:08:53,2017-11-06 17:32:04,2017-11-14 00:00:00
282565c3d7b0439d7adfa7ad1df6ac93,d23e282d723fd63c3b23480bd3e466e0,delivered,2018-03-27 08:48:55,2018-03-27 09:06:50,2018-03-27 19:22:04,2018-04-10 15:56:55,2018-04-16 00:00:00
37c2d70dad88a5791ea06e598e43902e,1672895e6d245b6277856c4dd25f34f8,delivered,2017-06-16 13:18:05,2017-06-16 13:30:15,2017-06-19 13:43:56,2017-06-22 15:53:55,2017-07-06 00:00:00
a6ef39ae149a4aa36b96c2d5246b9dbd,3caf263e1c5e13a0b5cc638cfc9dbb16,delivered,2017-11-22 13:07:19,2017-11-22 13:17:31,2017-11-23 21:15:32,2017-12-06 02:28:29,2017-12-14 00:00:00
c4fef2621519c7ab7541140d3cbda9e1,b5990e25b793341673f2a60fa8c5368b,delivered,2017-11-24 12:55:33,2017-11-24 15:13:14,2017-11-30 18:38:48,2017-12-01 23:56:48,2017-12-20 00:00:00
bad29fab02c3d830ea834ff60207cda7,673b40fce476a5835df6b16dc8326adc,delivered,2018-03-29 08:54:45,2018-03-29 09:07:39,2018-03-29 23:27:21,2018-04-13 19:28:34,2018-04-27 00:00:00
f6d1725c71af7ff66f5c4f5be412a82a,873e46201b44c1f084c6a4e37d00910b,delivered,2017-08-02 08:11:40,2017-08-02 08:25:09,2017-08-04 20:47:49,2017-08-09 16:08:19,2017-08-22 00:00:00
655352dd31829855980e8ba883725b47,8f6b24a248a2780662e39a53745ce210,delivered,2017-06-29 11:14:31,2017-06-29 11:25:15,2017-07-03 15:07:50,2017-07-26 15:58:16,2017-08-02 00:00:00
bd11d8a02c0645efcce377e63362cbf2,28282b019e106fd3e57718c143d0bef9,delivered,2018-08-01 17:22:24,2018-08-01 18:31:22,2018-08-02 11:21:00,2018-08-13 14:26:23,2018-08-28 00:00:00
07f57d42b535756c6e83baa0a5bcb322,7f0005d66dbecb865851ad1e92861df0,delivered,2018-05-09 16:45:20,2018-05-09 17:10:25,2018-05-10 14:00:00,2018-05-15 22:56:45,2018-06-08 00:00:00
bc5f0128352ad6328d797fa4166dd281,e5808327e7eec4417271ef55a0fc34cc,delivered,2018-04-09 19:04:17,2018-04-09 19:15:15,2018-04-10 23:34:42,2018-04-17 14:57:36,2018-05-08 00:00:00
931710bf1c2734343942b71b08db7adb,5594c844f9280abc665ba2d36b31f324,delivered,2018-06-26 17:16:52,2018-06-26 17:35:56,2018-07-04 11:37:00,2018-07-09 12:44:57,2018-07-24 00:00:00
e91f5d1bdbfb622d2b861447bbd89468,4e7d08d5c745a51315a7581f86239dde,delivered,2017-06-23 14:24:26,2017-06-23 14:35:16,2017-06-26 17:33:38,2017-07-12 17:15:32,2017-07-17 00:00:00
f7dc79358f6495f086b1874bae7a9575,cd9273c83f993ff58ff733f8cb7af886,delivered,2017-12-06 20:31:34,2017-12-06 20:37:32,2017-12-07 20:52:43,2017-12-14 15:25:36,2018-01-04 00:00:00
a251664f5760915d29631e4ea0a6f66e,38bd3f3f848e80040f85ddcdb8f7670d,delivered,2018-05-20 11:35:23,2018-05-20 11:51:12,2018-05-21 15:54:00,2018-06-05 21:09:31,2018-06-05 00:00:00
b90e46cdc30adec2f0fa041984341170,16aae56add6dad28b649750cb6f7a1a9,delivered,2017-12-27 01:41:50,2017-12-28 02:37:51,2018-01-04 22:52:04,2018-01-26 20:58:42,2018-01-22 00:00:00
f5d82c89a8e580c89d24d874bdb6da0f,84246f284e7d0de50e53ac2abf96ca98,delivered,2017-12-20 12:27:39,2017-12-20 13:02:30,2017-12-21 20:58:48,2017-12-22 18:04:22,2018-01-09 00:00:00
c96fbf82fa852856858765ef154a0918,3b65668df978a114bc3d982be6ec1ecd,delivered,2018-04-15 20:46:15,2018-04-15 20:55:37,2018-04-18 03:21:49,2018-05-07 22:56:30,2018-05-08 00:00:00
b87fe28d8d70119601f63b7b131e7af0,28c2bddfd0115acbff6e0f9419f5b2c2,unavailable,2017-04-01 16:47:25,2017-04-01 17:02:27,,,2017-04-25 00:00:00
dfc13c88dea9f7f4169aa827c7d434ff,d4d2af2131029c90e9e447e97da69a79,delivered,2017-11-24 00:28:57,2017-11-24 12:55:38,2017-11-27 19:55:00,2017-12-07 18:13:48,2017-12-18 00:00:00
9403f186541e5cfa0b72d67be22cb81a,ba379abd49e420a1b7379e7047a63f67,delivered,2017-10-23 12:43:17,2017-10-25 02:07:13,2017-10-25 17:22:21,2017-11-03 16:48:07,2017-11-21 00:00:00
4885cd7658f4cc5aa7f5955a69540387,f13d3b0c4676194b009c5829627f334f,delivered,2017-10-05 15:31:16,2017-10-06 22:35:23,2017-10-23 12:53:01,2017-10-31 22:35:37,2017-11-01 00:00:00
a7c96c67b28612698cc5e0fb735dad94,a59b412d844d8ee85fe937ea21ec7c16,delivered,2018-07-29 20:23:34,2018-07-30 16:25:26,2018-08-17 14:33:00,2018-08-27 16:09:01,2018-08-21 00:00:00
8e9fbb6ae194c4576ae39436916dcb1f,91c3497cd1d1d46c1431e56ee795b05e,delivered,2017-08-22 20:10:07,2017-08-22 20:25:58,2017-08-23 21:33:01,2017-08-28 21:17:32,2017-09-22 00:00:00
64410a4fbf4904d3f9445bf58e9491b5,8f1d0358a348695533891708836a34d7,delivered,2017-01-22 12:21:50,2017-01-22 12:35:24,2017-01-26 16:42:21,2017-02-02 16:09:42,2017-03-02 00:00:00
ee43f81be49659ebbee2bc7b90aeef4b,6ec9f5dc2b3ba35ba341bd0b1fab481d,delivered,2018-08-18 10:19:46,2018-08-18 10:30:30,2018-08-20 12:14:00,2018-08-24 00:56:28,2018-09-13 00:00:00
d479fa8a25e886f272e443a70acfb2d9,776ff0f0b482f68cf127f48484ab5ed6,delivered,2017-11-25 13:22:03,2017-11-25 13:33:55,2017-11-30 00:10:18,2017-12-05 16:57:37,2017-12-15 00:00:00
1f45a28586a90ea15a58abe89e405d46,56b9be0a087336ee3ac2a4b75d588b5c,delivered,2018-08-09 22:39:41,2018-08-09 22:55:21,2018-08-10 15:38:00,2018-08-13 18:58:28,2018-08-17 00:00:00
7672a59c69b073e25dba933ef431d182,ee9da0765943a521ee53135a2a6c407b,delivered,2017-09-06 15:20:29,2017-09-06 15:35:20,2017-09-12 17:43:13,2017-09-19 19:42:31,2017-10-09 00:00:00
5ba8503668408d9c4b89795726cb7f4e,5413211ad71ba3439017598fd9397d62,delivered,2018-05-16 22:15:24,2018-05-16 22:34:49,2018-05-21 08:52:00,2018-06-01 15:28:23,2018-06-13 00:00:00
ed1907be7ed16822efc6ac9615b2deae,fe5e35510062d441ad985125ca9fecf7,delivered,2018-08-15 09:57:51,2018-08-16 03:25:18,2018-08-16 09:31:00,2018-08-20 19:32:40,2018-08-27 00:00:00
d0375554c3dba35f2633a701e75dd183,896807dd9f58b14b33035ffaf3591801,delivered,2018-02-23 10:11:58,2018-02-23 10:35:49,2018-02-28 02:09:10,2018-03-03 19:39:01,2018-03-09 00:00:00
8ce422da46d4ce148ab5b05e5233f790,673729f3416d513c4d5a2825b5f42d44,delivered,2018-02-16 17:52:56,2018-02-16 18:26:54,2018-02-19 22:56:45,2018-03-08 16:16:22,2018-03-13 00:00:00
7e601e1373744c3c2572bb0877caac87,afab37ef329763c37b47f6efa67f2b8f,delivered,2017-11-27 13:26:57,2017-11-27 13:39:30,2017-11-28 18:12:38,2017-12-28 13:09:35,2017-12-22 00:00:00
03c968d10d8c63bd2388245d02579fde,0e50c6c7561c15b7879e4673e876fae3,delivered,2017-05-24 18:48:37,2017-05-24 19:03:12,2017-05-29 02:03:29,2017-06-07 11:34:32,2017-06-16 00:00:00
99c17c28779e5f367888a507c1ceaf96,3e7b2e247e06d43230046f448bd1a6ac,delivered,2018-03-04 17:16:20,2018-03-06 03:51:43,2018-03-07 00:21:44,2018-03-07 18:33:51,2018-03-15 00:00:00
fe44f9cd0ee7dc74d7981ba0f7722877,b6a82f4b91aed72ebd1e0660357fbe3f,delivered,2018-05-16 17:49:48,2018-05-17 02:15:28,2018-05-17 14:30:00,2018-05-18 20:18:33,2018-05-24 00:00:00
d4d52a6470ea8a7ee5d1fba74508bf15,3e0806f0201dbf64cf2c8f6a6422ef38,delivered,2017-02-02 11:42:50,2017-02-02 12:13:55,2017-02-03 16:39:13,2017-02-13 12:14:59,2017-03-01 00:00:00
d2d67eee0f617d4f903febb0279cd805,8391bb7cbeb9fc4ca38ba13af0673ca6,delivered,2018-06-24 10:02:47,2018-06-24 10:15:36,2018-06-27 08:01:00,2018-07-03 17:41:57,2018-07-30 00:00:00
b959aa201236702af91eaa10dad4a28d,b52487ffb1dd137ae2dca9b1767d5e57,delivered,2017-10-11 10:51:51,2017-10-12 03:00:09,2017-10-18 19:02:52,2017-10-26 15:44:55,2017-10-30 00:00:00
c6655a752771703762ecca5e27101b99,36ba8775b49c2b4f32ce2544051a0520,delivered,2017-12-16 12:52:22,2017-12-19 09:51:40,2017-12-20 21:04:16,2018-01-09 22:34:23,2018-02-05 00:00:00
ea418b9e7145f9d09282bcd0f281b2c5,0ebb41b53df7726b1f2b00a27a169ae1,delivered,2018-01-13 21:04:16,2018-01-13 21:15:28,2018-01-18 19:12:50,2018-01-27 01:52:33,2018-02-15 00:00:00
840a030c24ea3c06dd506a43ce2a0c17,5f6b544cb597780c7495e93d0c470c3d,delivered,2018-05-03 12:59:16,2018-05-03 13:11:59,2018-05-04 14:21:00,2018-05-10 20:37:41,2018-05-25 00:00:00
dcb69a3c1f97a14c7189a209c641f1ca,452c98cf218f8ed6604f9795df24e78c,delivered,2018-01-04 11:59:36,2018-01-04 12:09:19,2018-01-04 20:32:12,2018-01-17 21:03:38,2018-02-05 00:00:00
cb786e336b90d89a8d570fd0f698aaad,6525ca96d52dc98187a0ab8abc1cad2d,delivered,2018-02-14 11:12:37,2018-02-15 04:07:46,2018-02-16 16:10:18,2018-02-26 21:24:14,2018-03-12 00:00:00
2975b6c860dbfdf97400ce6e3f2f17fa,c19fd1f70eda21df900b350e67c26ffe,delivered,2018-04-04 18:14:13,2018-04-04 18:28:25,2018-04-05 20:42:39,2018-04-27 18:38:45,2018-05-03 00:00:00
a94ef6352b750b132a1a2fdad975a6d1,58a58a121055c2c15bf9f2d39f78a555,delivered,2018-04-03 13:50:03,2018-04-03 14:09:53,2018-04-04 18:24:53,2018-04-09 16:03:35,2018-04-19 00:00:00
9e3a37ffccf4190a8b497c3e563fd95e,9d4a035a6e506fab0cd9f7daa355d48f,delivered,2017-05-04 13:10:28,2017-05-04 13:30:14,2017-05-05 11:28:02,2017-05-15 16:07:07,2017-06-02 00:00:00
013037c3f1773cc8fdbaf8ff54d8013b,35df3e8a58fe7d040ed21c7d521f8711,delivered,2017-03-28 15:15:18,2017-03-28 15:25:21,2017-03-28 15:39:21,2017-04-03 16:43:54,2017-04-19 00:00:00
9ab17910110e2869d3b5644d2002eb40,c0fa7f3347b157aa5d82b3c2f55ef164,delivered,2017-12-06 21:30:32,2017-12-06 21:38:26,2017-12-07 19:48:33,2017-12-08 17:51:56,2017-12-22 00:00:00
3da9b6dcdc5ef9a54af76280c750bb11,668388871ab75ee8c8cd33182a1d8ca3,delivered,2017-07-25 17:14:19,2017-07-25 17:25:17,2017-08-01 20:07:29,2017-08-02 18:12:21,2017-08-11 00:00:00
65d5ab70320210b215c305db9ff2f1c8,196dbd926f76403591fc4fd8b225171d,delivered,2017-09-11 21:23:45,2017-09-11 21:35:35,2017-09-14 22:20:06,2017-10-04 23:34:13,2017-09-28 00:00:00
2d6514f6bd302c94ecb00d6781f938af,207767ced0a5a931ac7ab03cdc36659e,delivered,2018-03-20 15:30:10,2018-03-20 17:09:15,2018-03-21 19:11:05,2018-04-05 01:51:50,2018-04-16 00:00:00
d0fc40215ca8a24ee1ad72bdac36c29f,d10065abe48b6225e69b5dd8ca4ee9ef,delivered,2018-03-02 11:17:03,2018-03-02 11:29:50,2018-03-07 20:12:41,2018-03-20 21:05:49,2018-03-23 00:00:00
69d0959da386c4510dc8cc69db5d68c6,3598525c5f55f5313199062d3a24b706,delivered,2018-02-08 20:51:52,2018-02-08 21:08:39,2018-02-14 18:42:03,2018-02-24 00:46:44,2018-03-05 00:00:00
e995d882ff7b28ef28cd7e87737fccec,d0ca3bd883db211fc63dfc257d64578f,delivered,2018-06-27 11:39:12,2018-06-27 11:57:20,2018-07-03 12:32:00,2018-07-04 17:08:28,2018-07-16 00:00:00
5943d2b7f07adf0f9bd4dd14b9ecd070,b203cf39f884e69ed6902e98fd64c552,delivered,2018-02-02 22:24:40,2018-02-06 03:48:43,2018-02-07 17:19:43,2018-02-20 13:14:10,2018-03-08 00:00:00
820749211528f2ac3c371469c8dcff94,f439a62be9d46893925dc9c101e2b80a,delivered,2018-07-29 20:17:44,2018-07-29 20:35:14,2018-07-30 15:46:00,2018-08-03 23:56:28,2018-08-21 00:00:00
1e5276061569fd2d678f6363fd8f0aa1,e14ffadfda9f3cd76ec8c4fc2cfa9cb3,delivered,2017-02-09 15:03:09,2017-02-09 15:10:23,2017-02-21 08:43:56,2017-02-23 11:27:50,2017-03-15 00:00:00
db3d48fd23bba176f603903cb139ccb0,5768c4a0f086797bbe3c1a86c53d2311,delivered,2017-12-04 22:44:41,2017-12-05 10:30:42,2017-12-06 18:37:14,2017-12-20 17:45:05,2018-01-02 00:00:00
f471b0bfd4301c5ec83e053239f02fac,879c6d8923bcd483cd105a6b224d4027,delivered,2017-12-06 11:44:16,2017-12-06 11:55:27,2017-12-07 18:38:51,2017-12-11 17:34:57,2017-12-22 00:00:00
5e7dc712b9b97639cbac22ffe7701945,ea3ba35bd5dc1f3db4ce8f9ef82232b6,delivered,2018-06-11 12:21:38,2018-06-11 12:38:55,2018-06-11 14:52:00,2018-06-15 14:34:41,2018-07-04 00:00:00
248f06491b94081a333b97639693e59f,e8f22ce5168c883e9fad86c1ad0be28b,delivered,2017-12-07 21:57:04,2017-12-07 22:11:07,2017-12-20 18:52:34,2018-01-04 20:44:56,2018-01-12 00:00:00
28100e608903eb27aa01604f626bd8c6,40a38cd4a86f1d51e4a83fd9d4ea8806,delivered,2018-08-18 20:44:06,2018-08-18 21:09:55,2018-08-20 20:59:00,2018-08-27 23:18:33,2018-08-29 00:00:00
8db860eafc864afe81ba4e0d3b17b870,3407820ee0edaaeaae79637f15c49935,delivered,2017-08-06 12:40:37,2017-08-07 21:23:31,2017-08-10 16:54:03,2017-08-21 22:22:08,2017-09-11 00:00:00
8f89a91120f6ee124abbabe2b1408c2f,0880c134c210f2ac6c3b925bdd4cea3b,delivered,2017-12-02 10:03:10,2017-12-02 10:18:36,2017-12-06 14:55:47,2017-12-08 18:25:39,2017-12-28 00:00:00
930fd7026095ac4b03da401970cee5c9,aec43290803fc74ac83844dd7d6005e6,delivered,2017-10-07 09:57:16,2017-10-07 10:07:19,2017-10-11 20:03:43,2017-10-16 23:59:52,2017-10-31 00:00:00
5f63f81968c1ed5835496acaa5b63434,d7aa6dbff3aa2d202d96f917d896fed4,delivered,2018-06-19 16:24:39,2018-06-20 08:56:22,2018-06-25 14:28:00,2018-07-05 16:21:02,2018-07-20 00:00:00
22b31554c7c727c7d79ebd604c08bab0,cc2076c7e48e1a6be431a0f51fa923d1,delivered,2018-08-21 22:39:31,2018-08-21 22:50:16,2018-08-22 14:00:00,2018-08-27 17:28:43,2018-08-30 00:00:00
edd98ff7bdddaa8e3330534fb8f02792,f0119af278758af431593d99f8588de6,delivered,2017-07-14 09:20:41,2017-07-14 10:30:18,2017-07-17 12:57:43,2017-08-07 15:21:55,2017-08-15 00:00:00
63f51e8c965a147f93a5ed80d6e13d73,fe580eae24253335f7b3398fb89fe493,delivered,2017-09-08 09:58:50,2017-09-12 04:15:19,2017-09-15 19:51:50,2017-09-26 19:10:13,2017-10-02 00:00:00
6f4c8d69711bba5c237e9a353acca903,d7921b1a7133e7c8e3bcecc880516cc5,delivered,2018-04-22 23:35:47,2018-04-24 19:25:26,2018-04-24 18:02:22,2018-05-07 21:44:26,2018-05-25 00:00:00
9d1b1e75d6e1113a2fa3151458f04ae5,9545904408471ae792d83300c265a940,delivered,2018-04-17 09:43:20,2018-04-17 09:55:15,2018-04-18 13:34:55,2018-04-24 21:18:50,2018-05-07 00:00:00
8b1358b5d34e45d8a7a08698b494afee,d509b15d76fa06fec11c8ec5ddeccb12,delivered,2017-07-07 21:08:16,2017-07-07 21:22:57,2017-07-13 20:57:57,2017-07-18 23:15:57,2017-07-31 00:00:00
d9ed7b8cfe99da8442618eabb0f9997c,a2fbc8249183dc8b3f3440a973718542,delivered,2018-03-01 11:31:23,2018-03-01 11:50:26,2018-03-03 16:42:18,2018-04-02 17:37:10,2018-03-29 00:00:00
aeeab8637de633de993bd592471e4cf2,620a1ea38a8b57e0a493b54c6d43ecc3,delivered,2018-05-07 20:48:30,2018-05-07 21:14:23,2018-05-08 15:07:00,2018-05-14 20:15:28,2018-05-24 00:00:00
6c37458893de8ddaa38b557e58e3bfb7,bcaeb8258e6bc14f120f0aff4bfe3da3,shipped,2018-01-06 15:42:24,2018-01-06 15:56:47,2018-01-09 02:43:31,,2018-02-07 00:00:00
3a438588c7446ebe249ca2658e5e99bb,403c18ab4dd89d3ca5e3690c73832ad5,delivered,2017-10-06 10:28:12,2017-10-07 02:49:15,2017-10-10 21:04:22,2017-10-17 18:29:28,2017-11-01 00:00:00
3f2d65e9302a444056b6b65922647a10,d8d046fd90e2f29cc28ce93796173e3b,processing,2017-08-02 12:48:57,2017-08-02 13:03:37,,,2017-09-01 00:00:00
29c30498e6ae0d73f53debcb8c72ea76,31916c2ef56e3981ee1aa02ce0bec4b2,delivered,2018-05-15 20:34:52,2018-05-15 20:56:02,2018-05-16 12:37:00,2018-05-21 18:32:04,2018-06-04 00:00:00
c99c7b68a239931777d626071e46895d,9fe715c3b27abd3049313efce3e0683d,delivered,2018-06-20 10:14:59,2018-06-20 10:44:10,2018-06-20 12:57:00,2018-06-23 16:04:58,2018-07-16 00:00:00
3a80a334a6f31719b180d46fb8f00c5e,24e60f5fae3ce0d4a0a86c106c879513,delivered,2017-08-18 00:50:21,2017-08-18 01:05:09,2017-08-18 17:33:12,2017-08-25 19:52:01,2017-09-12 00:00:00
b2472725debf23eabcb392ccb8401a4b,e62609b42d75d6353fdd9dfc10b86a08,delivered,2018-06-12 22:34:50,2018-06-12 22:59:32,2018-06-13 14:24:00,2018-06-14 19:08:40,2018-06-21 00:00:00
47cb859a7f526319e3da0015c15c3b1f,5059378df49d90c06ff62b87ce33205b,delivered,2017-02-08 11:40:35,2017-02-08 11:50:16,2017-02-17 09:12:03,2017-02-24 17:13:54,2017-03-17 00:00:00
afaf7af5b20257063f84ff0cafd16820,f53b9a6bb4e1039f26d9c3225dc84fb5,delivered,2018-05-29 13:17:17,2018-05-31 03:35:45,2018-06-04 14:33:00,2018-06-13 20:12:41,2018-07-05 00:00:00
40235388677ff26c877371597c5fd116,945bd919b9bc82a663526563e9dd3228,delivered,2017-03-09 23:18:02,2017-03-09 23:18:02,2017-03-10 14:49:09,2017-03-14 07:47:33,2017-03-28 00:00:00
71d3e09a5dd729c9a0d368cd5fc9e47c,05fdac815ea6a7f430e1dde5c80bd6c4,delivered,2018-05-04 15:20:52,2018-05-04 15:35:13,2018-05-09 15:13:00,2018-05-14 17:46:51,2018-05-22 00:00:00
61fa6d238ae5d2e7063f2df458609c91,19accc9f4fa91716d819ab1cbf30a916,delivered,2018-06-17 07:56:36,2018-06-17 08:19:29,2018-06-18 11:17:00,2018-07-11 18:52:39,2018-07-11 00:00:00
8b837793f7c7cf603440ed84d25487ff,f0d89f9809dfe5b705baf55c6f6b5d71,delivered,2018-03-14 14:00:16,2018-03-14 14:40:22,2018-03-16 20:08:49,2018-04-07 01:41:30,2018-04-12 00:00:00
6289ee54f79f145b31d94596c21ff419,9a0480bdb0c0c8e63a17be53e1faf91f,delivered,2017-10-23 23:39:37,2017-10-23 23:56:12,2017-10-25 12:48:02,2017-11-03 17:23:47,2017-11-09 00:00:00
9e78fab71a274225243402d9d1f74166,9f2fbfecab2dbea98e85e5ea6417b9d8,delivered,2017-08-16 20:08:12,2017-08-18 02:25:27,2017-08-25 18:42:53,2017-08-28 14:39:40,2017-08-29 00:00:00
3cf732ae03a74a50fc69cbfe6cb978fc,f9459256278b4392327e0d24cfcb7eba,delivered,2018-02-28 20:39:17,2018-02-28 21:20:54,2018-03-01 20:42:43,2018-04-27 22:51:29,2018-03-23 00:00:00
55f140655997122535ac2c2290ce6b2e,e683a49bd6cdbb2f70dfb43c796ef937,delivered,2018-08-02 12:33:46,2018-08-03 02:45:20,2018-08-03 13:14:00,2018-08-10 12:58:39,2018-08-21 00:00:00
728460a91df8d89f83b5dbf46a9f112b,d94678286470f5b60b19bda27ca382e2,delivered,2017-07-26 07:11:07,2017-07-26 07:22:53,2017-07-27 17:12:50,2017-08-02 18:47:49,2017-08-17 00:00:00
b364399a0c864ced54841697ef73235b,466730a200f279de9bec0f71ed929797,delivered,2018-07-02 21:24:39,2018-07-02 21:35:13,2018-07-03 15:59:00,2018-07-11 16:48:41,2018-08-10 00:00:00
fe52554f43fb82f60254abfca92f8c55,7c5b3f5b21b1e25985cd6b1b20020b22,delivered,2018-02-08 10:01:26,2018-02-08 10:15:29,2018-02-09 18:23:35,2018-03-06 14:42:02,2018-03-08 00:00:00
4256024f988c6c35dce119ea6c84e1d4,a9f4551ff7d2289c309aa713c0d26cf3,delivered,2018-03-21 14:29:14,2018-03-22 17:30:27,2018-03-23 22:46:28,2018-04-02 19:43:36,2018-04-16 00:00:00
cc2e8086c51979abc27c0e0d0b3c7127,ff6e14131c33b3c03410f91497936db3,delivered,2018-05-19 21:55:13,2018-05-20 01:10:20,2018-05-21 15:30:00,2018-05-22 16:34:28,2018-05-29 00:00:00
46d941280fb05532830575927a3530f4,a116f93563fbdf7029e5cad149c8e0ee,delivered,2018-01-19 16:33:55,2018-01-19 16:59:47,2018-01-22 23:52:34,2018-02-14 23:54:59,2018-03-01 00:00:00
37c755c6df4b61c5b4cc40361ae57588,f0772c0e39db148ac825126eed58636a,delivered,2018-01-15 16:24:56,2018-01-15 16:35:22,2018-01-16 18:14:08,2018-01-24 22:22:35,2018-02-15 00:00:00
c13d9f344c1cd097c0b6b271a9377862,0bcccd8f84ebe2f7721e760628fa5b42,delivered,2018-04-12 17:59:26,2018-04-12 18:10:17,2018-04-24 17:22:59,2018-04-27 19:41:18,2018-05-10 00:00:00
7a4e109ca305e244583e6d58edbb3725,0771e721934d3b756ede4dd22cfddff4,delivered,2018-01-25 09:28:33,2018-01-25 09:36:24,2018-01-25 22:47:29,2018-01-31 20:48:44,2018-02-20 00:00:00
05fcebb08e5f6447834c6593dcec9c81,423a8dbe127fb9a8969448ba71969037,delivered,2017-05-23 22:15:52,2017-05-23 22:30:08,2017-05-25 09:06:33,2017-05-31 15:18:29,2017-06-12 00:00:00
da1186aaa3f26fa851d95c2e0b3d5574,20dd120fe361ffe9dba9fc1afebd5c6b,delivered,2017-10-17 21:08:24,2017-10-17 21:28:46,2017-10-30 16:24:10,2017-11-10 18:48:18,2017-11-10 00:00:00
469abd917ae82adddc931bca94bfdf84,a2ee2b8e443d009d5198a5fcb673cab3,delivered,2018-04-17 16:10:41,2018-04-17 16:30:38,2018-04-18 22:16:24,2018-04-25 22:32:36,2018-05-10 00:00:00
5a0606a14f282ad9c0ce9057cdf9dd68,d3253f96461fec2ff7e922549f777abf,delivered,2017-02-28 12:00:26,2017-02-28 12:10:25,2017-03-03 09:42:00,2017-03-22 14:37:58,2017-03-27 00:00:00
dd246c04c51f928314cb10f842d04532,790abe338ab161bafecfcb1a477d46a7,delivered,2017-10-16 16:19:34,2017-10-16 16:37:59,2017-10-17 18:58:50,2017-10-24 22:48:36,2017-11-06 00:00:00
e95d501ef62dcec5a8d1a7eb222a02b9,97d63feda8926a333e24d685b9be138f,delivered,2018-01-28 17:22:43,2018-01-28 17:32:20,2018-01-29 19:33:51,2018-02-20 19:07:20,2018-02-23 00:00:00
99c147df843f57729b80fc677944bfd3,683b739c969b6695ccb79703e84d2181,delivered,2017-06-02 12:11:15,2017-06-02 13:05:44,2017-06-02 15:25:59,2017-06-09 06:32:24,2017-06-23 00:00:00
a6b9f6bcd95a0ddbaa7194536b3cd00e,2012d78efdc21c900291fc12b919862a,delivered,2017-09-05 09:12:36,2017-09-05 09:24:50,2017-09-12 16:21:21,2017-09-16 11:12:50,2017-09-25 00:00:00
03572de4ee0598b00c48f6de965fcf78,bcd0281b473e8ed4e0a1e37d73e059f6,delivered,2018-07-26 13:46:21,2018-07-26 14:04:52,2018-07-30 11:14:00,2018-08-04 14:50:40,2018-08-14 00:00:00
3c1b7beb2a3485c3ad6b4ba2a4865466,0da4c4dfe3d09319f5f1db69f78336fc,delivered,2017-08-28 20:55:20,2017-08-28 21:10:09,2017-08-30 15:02:23,2017-08-31 16:51:56,2017-09-08 00:00:00
b9281185de46b37d1c9f6dcef2f96cf0,ca40ad78f1ca793104d83c568614d52a,delivered,2017-09-22 14:38:51,2017-09-22 14:50:16,2017-09-26 21:25:42,2017-09-28 21:23:44,2017-10-16 00:00:00
49f62326ab0dc444db19abf56861df10,c13f8b9243aeb2b4d10cc57686af4023,delivered,2018-05-07 13:02:38,2018-05-07 16:33:51,2018-05-08 11:30:00,2018-05-11 18:05:07,2018-05-30 00:00:00
6308e2b09c21b19ba8950c494a9468d6,9890729ffc125b12b99d8bb4814b1ce0,delivered,2018-06-02 23:42:33,2018-06-03 00:35:20,2018-06-05 07:02:00,2018-06-10 10:54:23,2018-07-05 00:00:00
3fed89335b07739e36d2b4680ce3e900,b366d104c0e6727cfaea754e62d36899,delivered,2018-05-03 22:16:54,2018-05-03 22:30:32,2018-05-08 10:52:00,2018-05-11 18:54:45,2018-06-01 00:00:00
54b1718c17cfa59d1f51cba8c755ed98,1b8fed4c8a4c8f879319e5ce374ecdeb,delivered,2017-12-27 11:51:18,2017-12-27 12:08:50,2017-12-28 18:28:47,2018-01-05 14:15:52,2018-01-23 00:00:00
f7220418cd6c36ddfba778a8433e98fa,6344750516c1732585d5e05c2c9e2531,delivered,2018-05-18 15:54:30,2018-05-18 17:55:38,2018-05-29 13:51:00,2018-05-30 15:58:51,2018-05-28 00:00:00
aaabb4935fd6db331104e2cf134d60d8,46b4791a0168d2a222cc9875e1bc398c,delivered,2017-09-17 12:53:07,2017-09-17 13:05:16,2017-09-20 19:03:08,2017-10-05 20:08:49,2017-10-05 00:00:00
43dad3b15826adef6cba40d7aab778d7,139d7621c8c3a922dbc1de5d68b99dc1,delivered,2018-06-22 13:12:28,2018-06-22 13:40:12,2018-06-22 14:35:00,2018-06-25 16:18:48,2018-07-20 00:00:00
f3e4f521d6a68def7f89c8e9c8898829,7675705e45e86c1b4e8778de97056428,delivered,2017-08-08 13:48:59,2017-08-09 02:50:26,2017-08-16 23:12:04,2017-08-21 17:16:09,2017-08-28 00:00:00
ad7e5a65eac829f227074fbf3c623568,6dbfd9328ccb198afa6b9814b47ddcd7,delivered,2017-11-09 17:25:19,2017-11-09 17:47:53,2017-11-14 15:25:50,2017-11-17 17:13:09,2017-11-23 00:00:00
80549ebc0ab692a2a0c6837f2292b7b4,b5e7db3a40512499dabd30be0f390d1b,delivered,2018-03-30 21:23:39,2018-03-31 21:27:42,2018-04-03 17:32:32,2018-04-05 21:44:42,2018-04-13 00:00:00
2da7849b212a57039d3fbf25ea7b8056,4b75f3f9a9f8f891fd4726e45cb6eac5,delivered,2017-06-11 08:42:30,2017-06-13 04:35:19,2017-06-14 12:19:03,2017-06-16 09:47:52,2017-06-27 00:00:00
f88c3f1ac28fc3ba05c46d0e7f2ed8b9,8972d1a383b106ab12f2a93f527e4d9f,delivered,2017-09-26 23:16:07,2017-09-26 23:28:09,2017-09-29 20:38:42,2017-10-10 16:00:30,2017-10-11 00:00:00
0210f3225937e9d7702e0c3fff098b98,eb6ebc68d7ab6ad83e9d68dc1b707f1c,delivered,2017-11-25 04:31:42,2017-11-25 05:35:36,2017-11-28 22:18:27,2017-12-01 21:33:36,2017-12-11 00:00:00
f4925844bd4b0707ded394bc3a93cf5b,3ce5c358d749717eafc34f955b20b652,delivered,2018-02-16 11:51:05,2018-02-16 12:07:31,2018-02-21 19:33:01,2018-02-28 20:09:50,2018-03-14 00:00:00
c507700e9ada94e7c3c9870a9d74e5cb,8a385c960f811c8dc9dec7b70211c4cc,delivered,2018-01-28 19:49:15,2018-01-28 19:59:19,2018-01-31 22:25:06,2018-02-03 14:18:50,2018-02-14 00:00:00
15b43c7df18210a4d78cb043992d1ef5,09c6fec25c3ac64f82417e456aa40ef1,delivered,2018-07-04 16:23:59,2018-07-05 16:32:20,2018-07-10 14:01:00,2018-07-11 15:28:22,2018-07-19 00:00:00
768a46b77a2e365b60de87041473343c,453bee8ff535a6fef4a5fdc347d851f5,delivered,2017-08-31 12:15:21,2017-09-01 02:24:49,2017-09-04 18:44:59,2017-09-13 23:02:44,2017-09-22 00:00:00
c0607dd794398507f4e1371ad2369b93,70c17e5af18ec4d774575763cb4513cb,delivered,2018-04-20 13:30:18,2018-04-24 19:28:30,2018-04-26 14:51:00,2018-04-30 18:38:38,2018-05-30 00:00:00
19f0439c31499e4b699d03dbbbf44587,40233126a7bf476bc25269affa42e6a6,delivered,2018-05-12 16:24:55,2018-05-12 16:50:19,2018-05-14 06:55:00,2018-05-18 16:51:26,2018-06-06 00:00:00
5e5b80a664dfaad7f64dafff8e8d018a,29b3c5eb60190b6d391162f4de1f8a77,delivered,2017-11-13 19:47:16,2017-11-13 20:07:21,2017-11-16 15:53:00,2017-12-02 17:32:24,2017-12-12 00:00:00
f15e15e34e647bdbf9b1d1a608d6518d,1352a85e77e7376060d53f99c2786180,delivered,2018-05-04 15:42:16,2018-05-04 16:30:21,2018-05-05 08:40:00,2018-05-08 19:28:48,2018-05-21 00:00:00
041829597c49c92cb66b0e5813936286,1ca9821484ff44d1bdef88a5a51ceb0f,delivered,2018-02-11 15:37:27,2018-02-11 15:50:34,2018-02-14 18:38:58,2018-02-23 23:44:49,2018-03-13 00:00:00
1676fa2516c38753e7a0ee7fa8e41009,afea86eaca7e4cfd9f4abb186e66c612,delivered,2017-09-05 22:29:57,2017-09-06 22:35:23,2017-09-08 20:02:30,2017-09-11 18:27:41,2017-09-18 00:00:00
aca44cb492f80075220916b0a4486b10,a8a3a97e5508758040e4f84de88931bb,delivered,2018-08-01 18:55:10,2018-08-01 19:05:21,2018-08-06 08:27:00,2018-08-15 18:06:54,2018-08-14 00:00:00
cdde87555bcd91df4fa4f191cbc77774,84874c595637bb7aea0323c01a7e9c92,delivered,2017-10-16 15:57:54,2017-10-16 16:37:16,2017-11-28 16:23:50,2017-12-26 21:34:13,2017-12-20 00:00:00
3bc9ec33a0837981e7f5e35876723afb,d575e11a6155f00e7dac21ee59463aa4,delivered,2017-04-06 10:48:38,2017-04-06 11:02:56,2017-04-07 12:49:56,2017-04-17 13:08:14,2017-05-08 00:00:00
b517119a4cb50e6401120388ef78a576,7ef37d8eeb572434ecba221287abe1af,delivered,2018-02-10 19:02:28,2018-02-10 19:15:28,2018-02-14 22:43:18,2018-02-21 17:46:43,2018-03-06 00:00:00
13bddc208e2f4682972c349499746fd2,da9dcf78d5f4805d03ed2df3a3632580,delivered,2018-03-14 09:51:47,2018-03-15 03:10:09,2018-03-15 18:18:48,2018-04-03 22:08:54,2018-04-23 00:00:00
76bcb1e332f23e1b82baef84baaae1df,d9b4c2212326d5a4d0084bc2b65691b4,delivered,2017-07-06 19:15:39,2017-07-08 03:30:37,2017-07-10 17:47:54,2017-07-20 20:23:30,2017-08-03 00:00:00
aa3d230ecbebaa35cea8fe4c24739dbc,16dfb913bdd7b28de3368eca2b567e45,delivered,2018-01-19 09:29:34,2018-01-19 09:39:29,2018-01-19 23:18:47,2018-02-03 00:41:50,2018-02-15 00:00:00
37053f6579737659d5be0a513847b022,1576a058d9a4f30614aabf3cb672b7e8,delivered,2018-01-17 11:04:28,2018-01-19 02:37:14,2018-01-19 18:16:29,2018-02-01 19:34:40,2018-02-16 00:00:00
c8a39e88e6ff246e21f6fc93c50a2e88,4f4ee29810bbc369aeb430d5aed89fab,canceled,2017-05-27 22:45:48,2017-05-27 23:02:27,,,2017-06-12 00:00:00
2e167a5acbb1c31fd50faac2ac3986d4,84d873e3af10030dbdf741e8dac59fd5,delivered,2018-07-17 09:56:35,2018-07-18 04:35:13,2018-07-18 12:52:00,2018-07-23 21:28:44,2018-08-06 00:00:00
fcc5a62afff48fe81c286fba58b2fa08,1a34a593e6d30a998c2c7307606ca9dc,delivered,2018-02-21 09:10:09,2018-02-22 02:08:50,2018-02-22 18:47:51,2018-03-06 23:16:58,2018-03-16 00:00:00
e8ab4523e5661e8945b938ccc4d89553,cd6c124956591100b92fe3f3f55450a6,delivered,2018-06-27 11:21:36,2018-06-27 11:35:15,2018-06-28 14:00:00,2018-07-06 18:03:34,2018-07-27 00:00:00
672260490e5b2772766e523be71a3a9b,273829bba946ef064faef6a2247bee12,delivered,2017-07-13 22:41:32,2017-07-13 22:55:14,2017-07-19 18:53:50,2017-08-04 17:14:49,2017-08-16 00:00:00
d1ec7466f63d4130fa5536cc1cc69229,a7dac20486c0e91d1e34ae9f1c92cde8,delivered,2017-11-23 16:22:58,2017-11-23 16:32:19,2017-11-24 17:41:49,2017-12-14 19:08:57,2017-12-28 00:00:00
4f0a2c058df62bfe77f0e0e1e1ca66eb,55a0c3e86baf62169bf4ec368c02193f,delivered,2018-02-17 19:14:12,2018-02-17 19:26:51,2018-02-21 18:49:11,2018-03-05 22:13:11,2018-03-12 00:00:00
3465fd888b10f6955d53af353b72452b,defb0e897773c014ff9bde0035716325,delivered,2018-08-14 21:44:06,2018-08-14 22:04:16,2018-08-16 12:05:00,2018-08-21 20:41:15,2018-08-28 00:00:00
e302764b4fa6c74b926997b8b171f5d7,c322089fc60b4832eb918b6fc35ced7e,delivered,2017-05-29 08:19:41,2017-05-30 04:55:16,2017-05-31 05:05:38,2017-06-01 11:13:39,2017-06-09 00:00:00
a6bf292dae65f520a1f47f4df440654a,a8042e7d6aea7c6f3ac39e7f313e8b88,delivered,2017-10-05 17:32:22,2017-10-05 18:35:17,2017-10-06 18:57:02,2017-10-11 21:03:56,2017-11-03 00:00:00
261d62f3e26bd7761b0421b16e91653a,2890130b3563d7eec952189f0e837da0,delivered,2017-10-08 13:26:33,2017-10-08 13:49:32,2017-10-09 15:37:52,2017-10-17 14:16:34,2017-11-06 00:00:00
8ff625fadffb2448ac1d434dffb4d52c,e05cda3503b7dcfb4692db77f1b38bdf,delivered,2018-03-19 20:49:11,2018-03-20 20:50:32,2018-03-23 16:19:27,2018-03-26 16:36:49,2018-04-06 00:00:00
f8cea030b5609de692906ee83fda91ea,5252324112d4cf5d30f45b5abc43c38a,delivered,2017-06-12 15:31:06,2017-06-12 15:45:11,2017-06-20 22:40:01,2017-06-26 13:03:01,2017-07-13 00:00:00
6a7ac200511e303dca7161f95949dee8,04c561855d5cf8dd8a271b80efdc2151,delivered,2018-04-30 19:54:19,2018-05-01 02:52:44,2018-05-03 06:33:00,2018-05-04 21:37:33,2018-05-14 00:00:00
c2b416c2ac6019a220bca3ef9ac48682,7a2ec550d65ca275353c30ec80a633c0,delivered,2018-05-29 17:50:55,2018-05-29 18:11:22,2018-05-30 13:50:00,2018-06-05 19:28:31,2018-07-03 00:00:00
5780d10774b33a1128ca4bcb46c055af,13a9f022db58ebf4d7dc4ba0c43824f0,delivered,2017-05-12 22:41:20,2017-05-12 22:55:06,2017-05-15 21:19:41,2017-05-19 08:56:46,2017-05-22 00:00:00
f4a88e642ae69a32fc88f63ffbf49651,1481bf8b377e7df4c341ab4292f28d4a,delivered,2018-03-06 21:47:08,2018-03-06 22:09:25,2018-03-08 20:22:29,2018-03-20 21:14:53,2018-03-23 00:00:00
e23384b25f3ef1f0ff7d8f2b23b01842,3c211334433c8e120deadcddac8c34eb,delivered,2018-01-28 18:04:29,2018-01-28 18:14:22,2018-01-30 00:16:47,2018-02-03 13:32:51,2018-03-02 00:00:00
7c48bb55e8e4f7e56d412e9653db37bc,34ef6181341eb36c47fd601c46878f00,delivered,2018-07-16 18:40:53,2018-07-16 18:50:22,2018-01-26 13:35:00,2018-07-23 20:04:45,2018-08-07 00:00:00
777f517b51cac586a9532d1d8b596c10,ddf1bb1abaa86fab121917640f8c04e1,delivered,2018-02-26 18:41:04,2018-02-26 18:50:48,2018-02-27 21:26:46,2018-03-16 20:58:54,2018-03-19 00:00:00
fcfe2d5e04958fe97ad8a49d23e12441,6aa2e736a418317d16990916230e0c78,delivered,2017-06-05 09:40:49,2017-06-05 09:50:08,2017-06-05 15:51:21,2017-06-13 12:10:21,2017-07-04 00:00:00
929244ee19bf60f57d300c49dd9cb3b2,969cc483264bc757e873483f0f9de9d2,delivered,2018-07-24 13:19:39,2018-07-24 13:30:16,2018-07-24 14:30:00,2018-07-25 14:28:49,2018-08-03 00:00:00
2e798d923f1fa1373bef8fb916af50d2,37b4b2b0dde094b04111c92ef29e7cf5,delivered,2017-12-20 11:17:29,2017-12-20 11:31:44,2017-12-21 20:51:41,2017-12-29 22:27:06,2018-01-18 00:00:00
36c837ea192cfeb737b78024800b3cb3,ecea568a35aa58467c5aff2899f5a6af,delivered,2017-12-04 18:24:26,2017-12-05 09:31:50,2017-12-07 19:44:51,2017-12-20 19:59:21,2017-12-29 00:00:00
fc52f0b6b2799aab381d22c1500ec63e,b3f63321d868c01dfd7a025899954ec5,delivered,2018-07-06 14:49:06,2018-07-06 15:11:15,2018-07-10 14:16:00,2018-07-25 15:11:11,2018-07-31 00:00:00
b214fcdd8f4dcd52ce3cb58499a15ea4,b1db6a9e4825928b4d4490fbeab7c412,delivered,2017-07-03 19:04:07,2017-07-03 19:15:07,2017-07-04 13:32:17,2017-07-11 20:22:26,2017-07-25 00:00:00
c0030bfe8607128802ab2b0c500a016a,272e842bdbecbe72dd20a8bf474be8e7,delivered,2017-11-20 12:53:14,2017-11-20 13:18:30,2017-11-22 15:31:42,2017-12-08 19:55:28,2017-12-07 00:00:00
04f1689642ed3c3e45244d4f7b2fe731,6750172272a6a616067b595a9aa0d6c2,delivered,2018-08-20 12:05:01,2018-08-20 15:34:38,2018-08-21 14:46:00,2018-08-29 16:51:10,2018-10-01 00:00:00
2cc606fca85523eee5d51c8d9defe0a5,09e3aaa17d44116c17b6627e5e9630d7,delivered,2018-07-15 07:08:12,2018-07-17 04:31:35,2018-07-23 11:31:00,2018-07-30 14:57:55,2018-08-13 00:00:00
84afbd9804406ac220e80881c71fa060,4cbd9f8fc1cd7aafe6526711d8890870,delivered,2018-01-03 23:58:41,2018-01-04 01:18:30,2018-01-04 19:57:05,2018-01-05 20:46:56,2018-01-22 00:00:00
e70b63c3816d07ca01fe09b627e7d85c,0b9e99e458210e5c7417a8bd7166ad48,delivered,2018-06-06 11:01:55,2018-06-07 11:15:45,2018-06-07 15:56:00,2018-06-25 19:04:25,2018-07-23 00:00:00
fa1885a7cb632c832c660cc710bae77f,911ddd6a22200fb5be95414c01dbab72,delivered,2018-04-08 13:05:22,2018-04-10 04:10:53,2018-04-12 16:41:53,2018-04-19 00:33:08,2018-05-14 00:00:00
a2e13e9b62a2a53c4f78d2af3707155e,b80a48a21fb2c1e74bc47b6b370610c0,delivered,2017-07-02 21:45:49,2017-07-04 04:55:12,2017-07-05 13:27:52,2017-07-13 20:57:35,2017-07-31 00:00:00
1f6327c5239fb0779667264362956e63,2cde8bd2549152afa210a851160da6ba,delivered,2018-03-20 15:12:16,2018-03-20 15:29:41,2018-03-22 20:38:42,2018-03-27 01:28:56,2018-04-02 00:00:00
518556dca9ef8c42a63ae02ced2a479b,b0cc40c22e5ab8d8ea653c4412384eed,delivered,2017-07-31 10:42:49,2017-07-31 10:55:21,2017-07-31 16:56:18,2017-08-03 19:03:03,2017-08-11 00:00:00
2f01a66f78b2de411ae9a3ca2eb73c2e,96456ba9ef4b5e924096618e181c95df,delivered,2017-05-29 10:01:24,2017-05-30 02:25:10,2017-05-30 10:59:35,2017-06-13 10:33:46,2017-07-26 00:00:00
640ca05ba049e9ed749671747bf9de74,1944b4d00cd7782e2302cb0c6405c0c8,delivered,2017-03-29 12:27:55,2017-03-29 13:05:56,2017-03-30 16:32:10,2017-04-18 13:44:59,2017-04-20 00:00:00
a2c59c47f95c0845b1c8a7f994d91975,0f6d10f50b232bff6c130f169b34318e,delivered,2017-12-12 20:57:17,2017-12-12 21:11:34,2017-12-18 21:19:27,2018-01-03 18:32:19,2018-01-05 00:00:00
2f3eedb1154600a40d3529dd83441775,df25809d2708a27863310205e3e224a9,delivered,2017-05-05 20:33:45,2017-05-05 20:45:11,2017-05-09 15:23:09,2017-05-12 12:34:53,2017-06-02 00:00:00
73c772511dcde525870ffbe869770da0,d472d9abe6d6bb1ee558dc98a1ea89ea,delivered,2018-06-11 08:06:48,2018-06-11 08:31:51,2018-06-11 15:01:00,2018-06-13 22:46:26,2018-06-20 00:00:00
ccb00fede04edb74aaaf61feca390c54,a0d93bdb9c281fe2706f221422838369,delivered,2018-05-19 21:01:42,2018-05-20 00:42:52,2018-05-21 15:24:00,2018-05-24 19:41:40,2018-06-18 00:00:00
bddbf3e2e05b552cf012d0d967e75de9,ef5334c2e6874f5328bf3dc9f3674416,delivered,2018-03-22 08:37:38,2018-03-22 08:49:15,2018-03-22 21:04:49,2018-03-27 01:46:54,2018-04-16 00:00:00
b59f670683b3db2d966441efade4981f,ab34c1c516fbc80f3fb61f8c09295de9,delivered,2018-06-07 15:50:49,2018-06-07 16:20:56,2018-06-08 12:09:00,2018-06-11 19:28:54,2018-06-25 00:00:00
0cdea1c34ce2e9ca670b2e6df1d6c207,11f0c49caade1b82c30832ba7cb8fb5c,delivered,2018-03-14 14:16:35,2018-03-14 15:00:22,2018-03-19 17:39:51,2018-04-09 16:41:14,2018-04-03 00:00:00
67c31b45a9765501b93623f2ba8ef4bf,ff123199ce53edc26349ebd851f66ffb,delivered,2018-02-15 05:10:48,2018-02-15 06:15:30,2018-02-16 20:41:38,2018-02-20 22:45:10,2018-03-07 00:00:00
bc23a4f24db6f84f1efcfe44847ba135,93efa0bfc406789dc02d73233c812097,delivered,2017-07-02 12:34:39,2017-07-02 12:45:15,2017-07-04 13:48:40,2017-07-05 16:06:49,2017-07-21 00:00:00
c4e31039f93a9a1d1a470aa01be74632,612c14a6f060ecc0f181787649afd529,delivered,2017-11-16 17:03:00,2017-11-16 17:16:01,2017-11-17 20:48:44,2017-11-22 15:41:43,2017-12-06 00:00:00
fbf7da560930fa17715f1fa8e0b4ac81,2e58777a6b707d57928e71c41917d673,delivered,2018-07-25 13:55:18,2018-07-25 14:05:41,2018-07-26 13:04:00,2018-07-31 21:04:02,2018-08-08 00:00:00
0dc9297ae7a839d499730fd9acdd00f3,016e3f83ffd18b9394a289a5897ba461,delivered,2017-02-28 20:57:21,2017-02-28 21:10:09,2017-03-01 14:44:31,2017-03-03 07:05:10,2017-03-21 00:00:00
c3d8d92b4371e7710cdc67fcb1f49a34,70d83f497931b7383fc1cf7de20675ff,delivered,2018-07-10 13:48:30,2018-07-10 14:05:17,2018-07-10 16:29:00,2018-07-25 19:54:40,2018-08-06 00:00:00
4c7c07c668cc6ddf5697998d547e6d41,2f872f096da0cb0bd7ac1d63e3bdcf03,delivered,2017-05-17 11:44:15,2017-05-17 11:55:11,2017-05-22 04:17:52,2017-06-05 12:23:45,2017-06-21 00:00:00
15c8bb2579fbbb27773fefddd07e4111,c0b0345daa29cda97fb17ff43c77af31,delivered,2017-09-19 13:19:18,2017-09-19 13:35:18,2017-09-21 15:55:04,2017-10-05 19:17:53,2017-10-16 00:00:00
fd5927a8b0df47e0c144562b54b228f2,2a9cdbeb3ce959d02043256b6bbdb08e,delivered,2018-07-31 11:11:12,2018-07-31 11:30:40,2018-08-01 16:33:00,2018-08-03 12:46:53,2018-08-13 00:00:00
c4fcb1aaed780b8c213652b55617ce14,3fca3da78bc98eb6566ce7daa59acfa3,delivered,2017-09-04 23:53:19,2017-09-05 00:03:31,2017-09-05 20:20:05,2017-09-13 20:24:59,2017-10-03 00:00:00
1562a930fc574b55669f07e580d8f6ff,6037a47bede28d1b7157a6cefb512efc,delivered,2018-05-07 09:49:04,2018-05-08 04:14:47,2018-05-11 14:23:00,2018-05-17 17:08:41,2018-05-30 00:00:00
6172afce91cfea665433203359f6d1e7,a7723e7ab69e76bb61d0f622a188ab0a,delivered,2018-07-19 22:57:19,2018-07-21 03:15:31,2018-07-25 13:31:00,2018-07-30 23:31:53,2018-08-08 00:00:00
f8fe2e394d3641489e6a2ca1cc40651e,6edb1e0e082c4b68f129489f442f1e60,delivered,2018-03-16 08:45:57,2018-03-16 09:07:26,2018-03-21 21:25:44,2018-05-16 15:22:52,2018-04-19 00:00:00
6bf14ce96e0c6026fe21f80a498bb446,82ccacbefc4bf6143a989f42785134b4,delivered,2017-11-24 14:18:01,2017-11-24 16:32:20,2017-11-27 13:07:24,2018-01-24 14:43:28,2017-12-27 00:00:00
edc577111e3237868aec11a4da6611d9,fcc9253677a5212a90435b72b675acd1,delivered,2018-07-26 18:54:47,2018-07-26 19:05:17,2018-07-27 13:52:00,2018-08-01 18:15:50,2018-08-13 00:00:00
2fd0c89b7b2becc09655a9e060a885bd,12e43ff895727e74e98ac5f6b9fcc8a9,delivered,2018-06-12 11:53:07,2018-06-12 12:43:44,2018-06-13 09:09:00,2018-06-14 13:49:00,2018-06-28 00:00:00
1ff554f292eca293a405beea2511f6de,75b9ed89cf797cb01942d3d6dac94a48,delivered,2017-03-10 08:35:10,2017-03-10 08:35:10,2017-03-13 07:17:33,2017-03-20 09:04:50,2017-04-11 00:00:00
465a271ded1329037fb92a87a725c131,d4d520ede8c5bebd0a37dfdcc06164ba,delivered,2018-07-19 08:17:29,2018-07-19 08:45:15,2018-07-20 11:11:00,2018-07-26 19:05:33,2018-08-06 00:00:00
6ae0348c0cca83cc28ca3bf25d9e60fe,df77f41a959a77fa0f3e9b375277106d,delivered,2018-07-26 14:15:21,2018-07-27 13:10:17,2018-07-31 11:56:00,2018-08-06 17:08:01,2018-08-27 00:00:00
dd4961a65e030adb36dd50b4632877a3,bcca5012b6cdd4cd64148c2e61f85f17,delivered,2018-06-14 13:49:56,2018-06-14 14:23:22,2018-06-18 14:24:00,2018-06-19 18:35:33,2018-06-28 00:00:00
f4879e81f79c3e05e13fdbd8d40b5b51,98b50f67673f8ca597407241c37b8d1f,delivered,2018-08-21 21:39:51,2018-08-21 21:55:15,2018-08-22 09:30:00,2018-08-28 22:57:18,2018-08-31 00:00:00
c938c0f0b42620a6be99b3f558ead0f8,d13844a2f2ace217a7c08f867d1f3a6c,delivered,2018-03-08 19:03:20,2018-03-08 19:10:36,2018-03-10 00:04:09,2018-03-29 19:21:15,2018-03-27 00:00:00
f29332f473a6254f4ff3916edf221675,7967848ece1a53295bfede914bd007b0,delivered,2017-03-30 22:28:18,2017-03-30 22:42:39,2017-03-31 13:19:28,2017-04-10 14:58:03,2017-04-24 00:00:00
fa65dad1b0e818e3ccc5cb0e39231352,9af2372a1e49340278e7c1ef8d749f34,shipped,2017-04-20 12:45:34,2017-04-22 09:10:13,2017-04-24 11:31:17,,2017-05-18 00:00:00
c18ddf35acd22ea390ff66a9edc66d8e,25b19669d19a5e41a97a9b171a7bc396,delivered,2017-09-10 17:19:16,2017-09-10 17:30:23,2017-09-11 19:17:42,2017-09-18 19:59:40,2017-09-29 00:00:00
bbc7693f5519a19085d75782fe024daa,f5619010ec874109d15c9a423cb3e58d,delivered,2018-02-02 17:12:49,2018-02-02 17:32:35,2018-02-06 14:58:53,2018-02-14 17:29:04,2018-02-26 00:00:00
7c2442a9fcc83aece6cfdc4665bba387,d109b1553c5fe3f171e2f453ea2064ef,delivered,2017-03-03 13:21:26,2017-03-03 13:30:24,2017-03-06 08:49:55,2017-03-17 12:34:29,2017-03-24 00:00:00
34c109afdbe68c271dced774877af8f3,f8f259cd0fb51cbae4dabf155f493572,delivered,2017-05-29 14:25:25,2017-05-30 14:45:26,2017-05-31 09:23:07,2017-06-16 17:49:42,2017-06-23 00:00:00
0c283c8e0c146f4528295a6f4ade284f,273e7697bb7a327a13c24c506804fbb9,delivered,2018-07-15 00:25:23,2018-07-17 07:31:44,2018-07-19 14:59:00,2018-07-24 02:32:29,2018-08-09 00:00:00
6feadaaee762109cbc3bfaf93254fab9,a5a5a602f049547e4fe6c39a0a2629b6,canceled,2017-07-02 21:36:22,2017-07-04 04:50:25,,,2017-07-19 00:00:00
80da866a2f8257c4878f249ffa36390f,158195ad490cea5aee2cd7e3e85fa3b4,delivered,2018-06-24 21:51:16,2018-06-24 22:13:51,2018-06-25 15:14:00,2018-06-28 15:06:53,2018-07-19 00:00:00
63778352553a1b42b2990ec27ef28f9d,183c54ab764e59e2856f22dbbc6db166,delivered,2018-02-18 16:34:42,2018-02-20 07:27:32,2018-02-20 19:04:19,2018-02-28 20:16:48,2018-03-13 00:00:00
97629524819bce0eba7d519f19af5810,242857ffefcc13d9568c6ce10011ce43,delivered,2017-06-30 09:29:49,2017-07-01 04:43:28,2017-07-10 19:04:53,2017-07-20 20:48:55,2017-07-31 00:00:00
88b40db56f2c37efbf1b4e83db2b40ac,b64d179608bdee7945afe4f46f62c2e1,delivered,2017-11-24 08:45:23,2017-11-24 08:56:31,2017-11-24 19:07:09,2017-11-26 14:18:59,2017-12-08 00:00:00
b3600c50e09ca24f2f0d91b8e09aa056,ac037fe63acefadb797790ae6d6a217e,delivered,2017-04-09 13:11:19,2017-04-09 13:25:06,2017-04-10 16:17:49,2017-04-18 12:51:42,2017-05-04 00:00:00
fdf3aed22ef0ab57a54765773154b8bd,7316ca0328f81d20642460af9f1a1670,delivered,2018-01-03 18:28:29,2018-01-03 18:46:33,2018-01-11 21:07:02,2018-01-12 21:03:00,2018-01-19 00:00:00
5f81f8debb479300dc3ae13616afb823,3a6e7307506713d97cd29c960e5f5a61,processing,2017-07-26 14:52:33,2017-07-27 10:15:17,,,2017-09-13 00:00:00
e3b1bcfd93628bc74d612d85e00b3f1e,18bd91e07d2ec288e213c26f5d24e67e,delivered,2018-02-03 12:22:18,2018-02-03 12:30:23,2018-02-06 22:35:39,2018-02-20 21:58:41,2018-03-12 00:00:00
1460b7b8fd63551dc68bfdffdc31edec,d2dc6bcab2d5200c7df05b609db1b1d8,delivered,2017-01-23 07:23:50,2017-01-23 07:35:11,2017-01-24 08:37:50,2017-02-02 09:17:45,2017-03-06 00:00:00
7f61f0eeb7f603d49e02f6b2a7b709eb,3c901db1df72e65cb8da76c934122a1b,delivered,2018-04-03 10:10:56,2018-04-03 10:28:48,2018-04-05 00:42:44,2018-04-14 00:36:39,2018-04-19 00:00:00
f88b6086f307f103f7167c4f0ae58cd7,f35531a76421b9e699f31c19af669260,delivered,2018-03-20 15:37:30,2018-03-20 15:55:54,2018-03-21 18:58:23,2018-04-02 21:32:39,2018-04-23 00:00:00
7589685540fc5b4617719f32d73f96e9,ca9f4ec6bcaa553e20c64a99a2da7d66,delivered,2017-12-14 20:08:16,2017-12-14 20:48:26,2017-12-19 19:22:56,2018-01-03 19:19:59,2018-01-16 00:00:00
1a96dbd0041decf9c11c051b4f13d676,dd3b3caecc97c937c19f1899d84ce142,delivered,2017-11-14 18:14:55,2017-11-16 21:33:09,2017-11-23 17:38:54,2017-12-04 15:49:01,2017-12-18 00:00:00
d21873cfa21e689e4dbfd43a99326424,e22f05c379d76f1d5fc3e6fcfe574b5a,delivered,2017-10-24 23:37:49,2017-10-24 23:49:21,2017-10-25 20:33:00,2017-10-31 20:17:23,2017-11-10 00:00:00
bb8edfe0742a6a0279b7dff848289568,c2a1740e781cc978dbab71735cf3ce84,canceled,2018-08-30 10:24:34,,,,2018-09-18 00:00:00
294d3b3083f03c4f2d187ff6373375e7,b86c39462bcdf90c5fddcd51b36e751e,delivered,2018-01-04 22:32:26,2018-01-06 15:31:33,2018-01-10 17:48:03,2018-01-17 16:59:11,2018-02-02 00:00:00
0c1c40ddebf6bcde950f7932248b2529,b38ed39dd3e8de29709dfcc59c3d7067,delivered,2017-06-13 21:12:19,2017-06-13 21:25:24,2017-06-14 13:58:17,2017-07-03 13:17:43,2017-07-14 00:00:00
302a306110f1644dba1d952dc291fd4c,9582b93f8a5b04336d13454b876e72ba,delivered,2017-12-23 06:28:47,2017-12-27 04:07:24,2017-12-27 21:39:13,2018-01-05 22:31:45,2018-01-26 00:00:00
3abf6dc158567370b9270287cfcf25bd,d60e47926f23b36867e4deab0d91bb6a,delivered,2018-05-18 22:14:49,2018-05-18 22:33:37,2018-05-22 08:02:00,2018-06-08 23:45:48,2018-06-06 00:00:00
a2d07ac7e227a1d032218e0144893375,1f919de718cca46a16d7485dac73b9b8,delivered,2017-11-15 13:09:06,2017-11-17 12:35:24,2017-11-24 17:33:36,2017-12-01 23:39:47,2017-12-07 00:00:00
7b5f89bc09d40a73b09b4724e2680fa2,9c1ee411cf751668c8b0456bd61bb208,delivered,2018-06-21 22:20:42,2018-06-23 01:40:19,2018-06-25 15:42:00,2018-06-29 17:12:21,2018-07-30 00:00:00
4b3be677878505d6696458ae4b209876,c010182097ba1abb7169f7ad63cc1b67,delivered,2017-11-30 20:48:56,2017-12-01 10:31:30,2017-12-01 21:14:33,2017-12-04 22:09:28,2017-12-27 00:00:00
42da631a2f5302608f86e8cee55b8d40,6d1a335a66fe44759748471c86ea535d,delivered,2018-02-05 16:42:37,2018-02-07 03:10:53,2018-02-14 17:47:11,2018-02-21 20:17:01,2018-03-01 00:00:00
f843b43f62581386fd363415f180ae2f,7d9121037a05526a16c19a658c1636fc,delivered,2018-04-25 09:34:49,2018-04-25 09:50:17,2018-04-26 17:54:00,2018-04-27 21:32:42,2018-05-10 00:00:00
4989f24aefab3dbce57d00db89e58bf8,94a826c29ecad5e1fb272db860084dc9,delivered,2017-11-24 18:16:27,2017-11-24 21:36:13,2017-11-28 18:58:03,2017-12-15 19:46:58,2017-12-19 00:00:00
626bfd2125f3f8adca00903b10dc319f,5446ae591aef50bf8ed196f6903a48a5,delivered,2017-08-24 20:01:29,2017-08-26 02:15:14,2017-08-28 19:12:31,2017-09-04 17:49:56,2017-09-20 00:00:00
05ea901eba2a26661f43478b5c6b02d0,a359041b207edb61ae00ad420f6c4eee,delivered,2017-11-05 19:14:22,2017-11-07 07:30:35,2017-11-08 13:45:54,2017-11-17 20:32:53,2017-11-29 00:00:00
03d1edbd314ca7682ec0f3e67d3763e2,963bc458a6c7f3148e1a756a4fc1e012,unavailable,2017-06-29 20:04:14,2017-06-29 20:23:48,,,2017-07-12 00:00:00
8702ed75cfdc160f18e7e687371818f1,6d7c9077051d631aa0e2181600e7a0ca,delivered,2017-12-14 19:39:41,2017-12-14 19:51:22,2017-12-15 19:42:44,2018-01-05 00:33:10,2018-01-10 00:00:00
c6da623560d211f315e175c9af4c8727,b698450718afb9e7420dc1cc7b4e4b9b,delivered,2017-02-10 15:36:37,2017-02-10 15:50:20,2017-02-15 04:41:36,2017-02-23 03:17:54,2017-03-27 00:00:00
5718fc130d653929872f0481438d3f66,9003cc059c037e958017724f7aeb09c8,delivered,2017-03-08 22:49:56,2017-03-08 22:49:56,2017-03-10 07:28:29,2017-03-15 10:44:55,2017-03-29 00:00:00
66b486554acb55a7b13333a6155103ac,24c42cb910c9de559ca201a43570a3f1,delivered,2018-03-16 23:31:32,2018-03-16 23:48:13,2018-03-20 19:41:57,2018-03-29 14:18:49,2018-04-04 00:00:00
fe61d39dc8fd87c57829284f6e254e7a,2904833f52aae39495a11a135a552ab3,delivered,2018-04-15 21:29:30,2018-04-15 21:50:05,2018-04-17 18:23:45,2018-04-24 17:25:02,2018-05-08 00:00:00
6f0fe3a4d47a538537e0ff4486928014,d4914fdce3947bbb342bda7ff7333042,delivered,2018-02-19 21:40:19,2018-02-19 22:47:01,2018-02-20 22:42:47,2018-03-01 00:09:18,2018-03-09 00:00:00
648e0ac5cc6c2c2f7fa83738b193516a,bf0bb80f1dde0b8bb3b522d8146a764f,delivered,2018-06-05 13:24:48,2018-06-05 14:31:21,2018-06-06 12:29:00,2018-06-15 17:36:46,2018-06-29 00:00:00
9c52d66642ca34c532ad03fe4295bfe7,353befc5812f0f140a6b2a8bc33ff309,delivered,2017-06-19 23:20:53,2017-06-19 23:30:19,2017-07-03 15:45:50,2017-07-11 17:09:46,2017-07-13 00:00:00
a9342834aa696e06f0b243493288351a,39ce17aaf75f3947b94a0eedb243fd93,delivered,2018-06-18 18:55:43,2018-06-19 18:56:54,2018-06-20 14:45:00,2018-07-13 12:06:40,2018-07-18 00:00:00
f69b9065ac4851c28a7317a0529a08a4,6d82c38d45de9c4a657a55091ac4e983,delivered,2017-05-19 17:08:03,2017-05-19 17:22:40,2017-05-22 17:04:42,2017-05-24 11:25:52,2017-06-01 00:00:00
63b4ddd9c1ce2ec164408c8520c2b287,1d1c8cdd81b98a8504f8d8137d525fc1,delivered,2018-04-18 14:07:58,2018-04-18 14:32:48,2018-04-20 01:03:36,2018-04-23 14:48:40,2018-05-07 00:00:00
aa0cbb40775d50f0535c3e4a38603b3c,fc5e6cad3f8c6354b277b835229513d7,delivered,2017-09-04 10:56:05,2017-09-05 04:15:21,2017-09-08 17:32:00,2017-09-14 17:46:57,2017-09-29 00:00:00
1ed6ef60cb675a647f2cbb302bc76401,44322bc98a7e16685de8849a4214a00c,delivered,2018-01-08 23:39:30,2018-01-11 19:13:43,2018-01-17 16:41:42,2018-01-19 18:46:12,2018-01-24 00:00:00
8eced972d00b63def0bbacb928d0a52c,a5d44c20e5806d996ebf9032f9c9d123,delivered,2018-03-09 21:13:34,2018-03-09 21:28:30,2018-03-13 20:03:55,2018-04-03 01:11:07,2018-04-12 00:00:00
bf0f27a41317f65675192fae23e02a26,d540d60fe6d15e39c0e5e4a0467de4fc,delivered,2018-04-12 22:20:53,2018-04-12 22:35:14,2018-04-16 23:47:17,2018-04-20 16:16:48,2018-05-18 00:00:00
b6c20a50ef99ee1b25f4fa64c5f1939d,e184587778490ff1c98c8090cfed6a0f,delivered,2018-05-04 10:46:43,2018-05-04 11:11:48,2018-05-07 08:54:00,2018-05-15 22:45:52,2018-05-30 00:00:00
f785cc464b127c6e2ab598f33907437e,198d608fdf082f8595e296bb9b8d39c3,delivered,2017-08-30 16:41:48,2017-08-30 16:50:15,2017-08-31 22:07:04,2017-09-09 14:54:58,2017-09-21 00:00:00
66af1a84775ac248038f2795aef60af5,5001b83bab940e176455b5f3d9d00c74,delivered,2018-05-13 17:29:53,2018-05-13 17:52:01,2018-05-17 15:06:00,2018-05-22 10:58:31,2018-06-05 00:00:00
4b7687ed745753cae867364fb541ae37,da4d4e51ac3fda2a636979be0958d1d9,delivered,2017-12-03 18:39:38,2017-12-03 18:53:40,2017-12-06 16:51:37,2017-12-14 15:16:41,2018-01-02 00:00:00
8438c7840810d9cc49705bc3bd0d030d,f4b6ce96ee5563dab77fc5639fdd349e,delivered,2017-11-24 01:58:41,2017-11-24 02:10:08,2017-11-24 21:12:22,2017-11-28 00:42:02,2017-12-08 00:00:00
92692f8437b5bc1db9cc256b4a4cff74,6bb0537580df999286733918564ea3e6,delivered,2018-01-10 13:20:30,2018-01-10 13:32:30,2018-01-11 22:20:29,2018-01-24 00:23:46,2018-02-09 00:00:00
1593fc1496428113d1e3ed901f14e05e,7b71311a202c67d2daea38e2c092b67c,delivered,2017-12-06 11:50:04,2017-12-06 12:12:23,2017-12-07 22:34:41,2017-12-23 11:22:46,2018-01-03 00:00:00
45f64c686796b863df6ec727e571a1ab,9ba2d781f08c4421583109f40562f576,delivered,2018-02-18 13:56:33,2018-02-18 14:55:31,2018-02-21 20:29:54,2018-02-22 21:32:27,2018-03-08 00:00:00
b785f684c6c23dbfaa4467caac850e82,4238889e66ea1c168b033007db7cdafd,delivered,2017-06-07 17:43:32,2017-06-07 17:55:12,2017-06-08 15:17:25,2017-06-23 12:45:52,2017-06-30 00:00:00
03dce1563339e3dddb4cff9acda06d1a,62273eb405fff4f8f8937c9a0cc4d5af,delivered,2018-02-23 18:54:33,2018-02-23 19:27:45,2018-02-27 19:47:25,2018-03-07 16:58:32,2018-03-16 00:00:00
c0e97734cd5f14ad83087abe8d29073b,46fa17a2a17cd859ec50529ea1884a13,delivered,2018-01-29 20:11:03,2018-01-29 20:51:34,2018-02-01 00:18:06,2018-02-07 19:52:30,2018-02-22 00:00:00
63906fe0b5159737edaca79de6b80fc1,ccf45604e113bb9494059aba9817b285,delivered,2018-08-08 22:05:59,2018-08-08 22:15:17,2018-08-09 10:47:00,2018-08-16 20:48:44,2018-08-22 00:00:00
90f3963bbaa0e66ce36c4f9be2ed2914,687e088f2576ce1e7c576beacd01c1fc,delivered,2017-09-30 22:52:23,2017-09-30 23:07:10,2017-10-02 16:11:30,2017-10-03 16:12:24,2017-10-18 00:00:00
0fd20e900b40f5cb8e6fd31df27aabbd,ac3fbcb5772c50de636f614e8c6459a6,delivered,2017-04-07 07:26:40,2017-04-08 14:35:19,2017-04-25 11:46:34,2017-05-12 16:13:11,2017-05-11 00:00:00
71bed795590c5696341284d24a4d845d,13488239799b7592c29840772d1eed6a,delivered,2017-10-30 10:42:06,2017-10-30 11:33:30,2017-11-03 19:39:12,2017-11-13 19:02:40,2017-11-22 00:00:00
7cb4dff15cb0bfae18db9857cf0455f4,cd9b65266e937da76d5203621315b8a8,shipped,2018-03-27 16:57:14,2018-03-27 17:11:32,2018-03-28 19:23:32,,2018-04-27 00:00:00
6dcabd3eb3b032196389c9b76464dd8b,bab7a03582a1038a6bbf01342276bf76,delivered,2018-05-13 22:28:14,2018-05-13 22:53:49,2018-05-17 14:14:00,2018-05-25 13:11:11,2018-06-11 00:00:00
758667794d07a65477e26043b6b75986,26e631854e3a5230d9311f6f17a5a0da,delivered,2017-03-10 21:19:05,2017-03-10 21:19:05,2017-03-14 17:11:47,2017-03-21 10:22:18,2017-03-31 00:00:00
f063433055bc159629f5b86f7d86dc38,ff12e5b35c08c70bb8179754126d8196,delivered,2017-11-07 16:44:10,2017-11-07 16:56:00,2017-11-08 22:34:37,2017-11-14 19:37:15,2017-12-04 00:00:00
e7d39ee13283ab636ac39f8a97175320,31869bd04e82bf58d7669137dd451604,delivered,2018-02-08 18:37:51,2018-02-08 18:50:53,2018-02-09 21:19:59,2018-02-21 14:44:17,2018-03-02 00:00:00
f08e2cd4d2598a1628420f499688039d,5370c3ce53eff7fb75bdcf32a9c5d6ab,delivered,2018-04-07 20:02:26,2018-04-07 20:10:23,2018-04-10 22:06:44,2018-04-11 22:56:39,2018-04-19 00:00:00
0f73f6f7bc587a2cf7cdd6584359b1ce,543fe571670733f7c842eca3ba61b294,delivered,2017-07-06 12:12:39,2017-07-06 12:25:13,2017-07-07 15:32:14,2017-07-13 18:53:57,2017-08-09 00:00:00
e353a2a4a96791860c46e1c91b426a4c,ccd400239a09450309dc8a43bf54d69d,delivered,2017-12-26 11:36:09,2017-12-27 04:07:47,2017-12-28 22:04:27,2018-01-04 16:15:11,2018-01-19 00:00:00
1d8213566e4ed04b2a4659f52a1021b9,0d11768f8cd705b25a798904dbf01693,delivered,2018-06-06 20:41:36,2018-06-07 02:35:21,2018-06-11 13:06:00,2018-06-14 19:58:43,2018-07-12 00:00:00
dc700e0b4f7cb79e78aec3f67e817ebf,26d0ebe8a91b429327034724c1393503,delivered,2017-08-21 15:18:06,2017-08-21 15:30:25,2017-08-22 19:51:46,2017-08-30 19:04:43,2017-09-15 00:00:00
4842e50a8232595b4c4e16ea1d7b0775,9946442f72674215f0c83f8be53826c6,delivered,2017-11-28 22:14:05,2017-11-28 22:30:23,2017-12-01 18:43:22,2017-12-07 14:41:39,2017-12-19 00:00:00
b369c8e0d0592b02a46074552afab72a,088a9d73974751a3dfb76f5f7a579290,delivered,2017-11-25 21:42:13,2017-11-25 22:16:48,2017-11-28 16:44:46,2017-12-11 16:43:11,2017-12-18 00:00:00
b87ca4e0ff52f4243bebeb16504f48e5,f7479acf2d3ccae7c764b726bb24ad27,delivered,2017-04-19 17:57:46,2017-04-24 23:32:54,2017-04-27 14:36:45,2017-05-12 14:23:08,2017-05-11 00:00:00
2b877f0d1e2a876f0e5cb30125336a8a,c7edd88915e01cbf03e4e49f88339927,delivered,2017-06-30 13:36:08,2017-07-01 04:55:11,2017-07-03 15:37:51,2017-07-13 20:22:32,2017-07-24 00:00:00
221fd74ddfd27876ddf1738cce22dd4f,7227f6bc1ad4dd7ea6443ea71ff722ae,delivered,2017-10-16 09:10:24,2017-10-16 09:28:10,2017-10-17 19:30:05,2017-10-18 19:52:06,2017-10-26 00:00:00
43bbf51a29b5a969348978d51a55d72d,acc6b1746ac423c89f40ef3c0cd1a25b,delivered,2018-01-16 14:04:28,2018-01-16 14:13:34,2018-01-17 22:16:18,2018-01-27 00:16:08,2018-02-08 00:00:00
b5d232a923d0c5bcfd5a7434173bddc0,59f7e332be41c01c24636cf11a8f2fc6,delivered,2018-04-09 19:23:57,2018-04-10 19:30:45,2018-04-12 17:22:19,2018-04-16 23:11:36,2018-04-27 00:00:00
7742297b8ce3c16600efdeca04a70937,4730b6f81e02460ea4b9d1217c4d6367,delivered,2017-05-29 10:44:01,2017-05-31 07:02:39,2017-06-01 13:19:33,2017-06-12 13:12:40,2017-06-19 00:00:00
ee971d64c174b5362587678fd24650fe,b0a3d4709332a77a54e35d8e2df85670,delivered,2018-07-04 19:01:41,2018-07-05 16:27:16,2018-07-09 14:13:00,2018-07-13 14:56:46,2018-07-31 00:00:00
e80d57705140f5094ac949c1c982fe70,96d288e02fd830e85326526a2eccb935,delivered,2017-07-21 21:14:56,2017-07-22 15:23:17,2017-07-25 19:48:25,2017-08-02 14:52:08,2017-08-14 00:00:00
d8b967bf1145baa8c3c10377cc05d83b,8a20a3e68f8e26baa65f5abcb6c84c8b,delivered,2018-04-30 18:04:32,2018-05-01 01:56:05,2018-05-03 16:46:00,2018-05-08 16:22:24,2018-05-17 00:00:00
cf703e251309f59e2db9776270cf28bb,ce6437db085f8e5a63c7f918f61691fc,delivered,2018-08-12 16:01:35,2018-08-12 16:15:11,2018-08-13 08:17:00,2018-08-16 11:41:35,2018-08-31 00:00:00
428cc5c73a0cf1cc3dcd64c660c85e3d,98878460b7efd6ab82111b31ff382f2d,delivered,2018-07-25 00:55:09,2018-07-25 01:05:09,2018-07-25 08:50:00,2018-07-30 16:44:37,2018-08-09 00:00:00
594b348401401e92bb5b64cfa81e7e15,5402a27e0d729263afb6bf491bfe7c0d,delivered,2018-02-15 12:03:09,2018-02-15 12:40:27,2018-02-15 23:06:29,2018-02-27 18:46:58,2018-03-09 00:00:00
eaee45a05a0831bb38deeea970c0943c,4a2a832c77eb79506131e44421e1ce60,delivered,2018-04-11 17:40:59,2018-04-12 07:11:59,2018-04-12 19:47:31,2018-04-18 17:41:30,2018-05-08 00:00:00
246c48e2f25163a7427ed75e3217205e,3a294058a2a6f63b24d6c77dcd1573b9,delivered,2017-08-19 00:20:53,2017-08-22 04:05:14,2017-08-22 18:25:48,2017-08-28 22:41:43,2017-09-11 00:00:00
9e4243313a1d4a651bb23ffa6edd96e2,4ca401a8fcf817e3bbee5408eb4b2e9e,delivered,2018-07-30 22:44:52,2018-08-01 03:32:21,2018-08-23 07:12:00,2018-08-28 19:20:56,2018-08-31 00:00:00
0ddc3630cc5cb4fe371db7a299839ec6,9e977b00515e6b110e1dd5af225417b9,delivered,2017-02-07 10:07:01,2017-02-07 10:23:01,2017-02-07 11:24:45,2017-02-13 11:15:16,2017-03-02 00:00:00
fd4109dbc7f1afb126fbcac13ec4f5b8,8af25ba3b3fcd4a0a301cbdc78a34778,delivered,2018-06-21 21:09:18,2018-06-23 01:40:31,2018-06-25 15:19:00,2018-07-03 17:32:57,2018-07-25 00:00:00
9ca1180e941195f37062a7d063cf2767,92ae6bb4c23948ab0f4aec41737c166d,delivered,2018-03-05 14:04:48,2018-03-05 14:15:38,2018-03-06 20:34:59,2018-03-15 16:43:48,2018-03-21 00:00:00
b5247833e91b546f44ba90190eaee96f,adfecba3f0ad769e4e73e28b71eaa2f5,delivered,2017-05-23 16:37:31,2017-05-23 16:50:26,2017-05-24 15:39:46,2017-06-02 13:29:39,2017-06-22 00:00:00
b18dcdf73be66366873cd26c5724d1dc,eecafc3ff695f031bfe354a9fff9d437,delivered,2018-04-06 22:18:54,2018-04-09 20:10:35,2018-04-11 16:48:35,2018-04-12 17:17:53,2018-05-03 00:00:00
a53b8f424d034f0f84f2c4d46352721c,85a9a58276e288c04e889c93a5e282ff,delivered,2018-04-19 12:43:24,2018-04-20 07:32:04,2018-04-23 22:42:35,2018-04-30 19:58:27,2018-05-14 00:00:00
2e506fd7d44cb2a909964a9328d86e01,5a4c31ea170bddc85987e054825ecd55,delivered,2017-07-03 18:09:51,2017-07-03 18:24:30,2017-07-05 10:27:51,2017-07-10 19:52:52,2017-07-24 00:00:00
8a2d731a57d62d23bbf9556f80343140,3e2c76f875903f5937c2713907124051,delivered,2017-06-06 21:25:22,2017-06-07 02:45:28,2017-06-07 09:48:48,2017-06-22 17:52:07,2017-06-27 00:00:00
c2dcae7d1bbabdf58f915f41c6a9308e,840ed8861f7bfa4ee0c5a9a01f6a7e37,delivered,2017-09-24 00:02:40,2017-09-25 08:32:45,2017-09-27 15:55:04,2017-10-03 14:43:05,2017-10-18 00:00:00
4d38bf00b95dbf4dcf2820177584ade9,41a8b44b5199e1a781daa6f67b8ccb16,delivered,2018-02-21 16:38:31,2018-02-21 16:50:30,2018-02-26 16:17:43,2018-03-23 20:56:25,2018-03-15 00:00:00
3f3e73711d749f4c39da2d5e55927d84,80fe00c958babb51185da03abe8adc1e,delivered,2017-04-12 12:37:01,2017-04-13 06:35:13,2017-04-18 17:00:03,2017-06-27 14:43:31,2017-05-23 00:00:00
f877f47f62455df158e69f767fe6b9cf,3ad02fe2bf2d16df3b997655e62e7dcd,delivered,2017-08-29 21:15:25,2017-08-29 21:30:12,2017-08-31 12:15:26,2017-09-01 19:13:47,2017-09-11 00:00:00
4d3d69fc5da58b96ec1c571580f89070,da8b9783e21781bf0cdd0e580d4b4db9,delivered,2018-07-23 10:12:07,2018-07-23 13:31:11,2018-07-30 15:54:00,2018-08-06 21:52:46,2018-08-17 00:00:00
7fbd6e04d496665483ef4525bbd659a0,a0981276e530beebf5ff726b2fd4ac0a,delivered,2018-03-09 18:17:49,2018-03-13 04:10:43,2018-03-13 22:55:37,2018-04-10 18:12:17,2018-04-13 00:00:00
d12089fd9036efcdf0efff1bbddf6272,7c0d179942916c6949fb906cb8ea3930,delivered,2018-03-25 18:27:09,2018-03-25 18:48:09,2018-03-27 01:58:55,2018-03-28 20:41:49,2018-04-09 00:00:00
cecd9c6ae9fe969cdedf8c252eeaac73,1125e0be19e2bab707206860511dd65f,delivered,2018-01-19 16:59:25,2018-01-19 17:42:49,2018-01-23 16:52:58,2018-02-22 19:51:55,2018-02-23 00:00:00
0691811195a83594b0377267a8050e6f,abd0bfdbe2c7a12636b1c25a87cf38c9,delivered,2017-07-02 23:50:22,2017-07-04 04:44:36,2017-07-06 12:40:48,2017-07-07 18:39:48,2017-07-14 00:00:00
1527c3b9bc481583f9752e89841e4686,672612210e5061344b84fd4bf0028b86,delivered,2017-07-24 17:48:18,2017-07-24 18:03:52,2017-07-26 14:30:00,2017-08-03 16:17:58,2017-08-17 00:00:00
de825fdf1a8f9554f386bd6010ff60d1,276772a73a706ba34e073dc3c5bd2b47,delivered,2018-04-27 11:57:38,2018-04-27 12:10:15,2018-04-27 13:00:00,2018-05-05 12:40:39,2018-05-21 00:00:00
09944d214dbe0d92666178941a674632,2c94f489b623224edf7fa984b32fd68c,delivered,2017-08-17 16:22:45,2017-08-18 20:24:28,2017-08-23 18:14:38,2017-08-29 17:30:10,2017-09-13 00:00:00
37c647851a4d30342bc4dd9ec8c95861,e8a26c14acdc374e3333cb0877a04558,delivered,2018-07-01 00:49:58,2018-07-02 00:49:57,2018-07-03 15:50:00,2018-07-11 21:56:35,2018-08-06 00:00:00
9c77966338b7a4afae520a5723c937a3,db4184568ca754f6639d2d5c23578d27,delivered,2017-07-22 19:07:32,2017-07-22 19:23:14,2017-07-24 19:09:40,2017-08-14 14:45:55,2017-08-15 00:00:00
0c78ccb9fbc7e1d41165489050f6b748,5f52309bb03b2be3e499278fe49de656,delivered,2017-06-19 21:58:00,2017-06-19 22:05:16,2017-06-21 13:28:18,2017-06-22 16:42:14,2017-06-30 00:00:00
00bca4adac549020c1273714d04d0208,1541ebabf956d17f3afe883790bd7dd3,unavailable,2017-02-14 14:49:29,2017-02-14 15:03:38,,,2017-03-13 00:00:00
4de12ffa449686d58b268a6441afe8a3,91f0e19a871ba369b58842b01aa248f6,delivered,2017-08-28 21:47:29,2017-08-28 21:55:26,2017-08-31 22:47:41,2017-09-12 18:53:24,2017-09-21 00:00:00
0573b5e23cbd798006520e1d5b4c6714,c4e17eff78176dfe3401f03db0346f85,delivered,2017-07-04 20:32:10,2017-07-06 03:15:36,2017-07-06 13:27:31,2017-07-13 19:34:27,2017-07-26 00:00:00
0259bebdec429a3ec5a653df8f28574e,b04bda1c59e5886ca37fd5cbb9729b28,delivered,2018-01-07 14:22:43,2018-01-09 07:18:04,2018-01-10 14:44:19,2018-01-26 16:37:18,2018-01-31 00:00:00
755d17fce097e410d6daaf76412f4f03,066f6fc06524e9b7632a63bd9466b832,delivered,2017-09-11 11:11:17,2017-09-11 11:25:00,2017-09-14 18:07:35,2017-09-15 15:22:47,2017-09-21 00:00:00
5eac30a525cd1ec187eecea99a3c4a55,e18f2227fd449c21965688ebfc50b0d9,delivered,2017-05-16 10:55:20,2017-05-18 02:30:11,2017-05-24 05:27:00,2017-06-02 14:54:39,2017-06-07 00:00:00
8bdc11da2a07e676719db43aee4efe88,cf5d9bd9d4846979c97f3a1271ed1c7c,delivered,2018-02-17 11:28:48,2018-02-17 11:47:25,2018-02-19 20:37:40,2018-02-24 16:36:22,2018-03-09 00:00:00
31d088e504f8c5f70f6b429451511680,b979596558efa43dcff98d4dd4706d1a,shipped,2017-05-02 20:52:16,2017-05-03 15:22:46,2017-05-05 08:12:29,,2017-05-25 00:00:00
5cf1acf2432e3672334e331caf413208,2c6fd44bdba4b67526a90031d54422ae,delivered,2018-02-16 12:53:29,2018-02-16 13:06:59,2018-02-19 18:39:02,2018-03-27 23:03:24,2018-03-16 00:00:00
505bb60c12a248aa8c995503ec264554,8b718fe1aa1275c0f776af5b39001309,delivered,2018-08-07 20:16:13,2018-08-08 20:10:21,2018-08-09 13:21:00,2018-08-20 17:42:39,2018-09-11 00:00:00
95866ba7444df70e11f040995d30f40d,57f867a592727eb25b81e7a751311941,delivered,2017-03-28 10:37:51,2017-03-29 02:15:57,2017-03-29 12:26:08,2017-04-04 13:18:05,2017-04-19 00:00:00
9049f8ebdd9bef83288e01364bbfed25,0a391086afd071406e443c80fcffe209,delivered,2017-05-29 20:51:34,2017-05-29 21:02:50,2017-05-30 11:38:55,2017-05-31 17:41:40,2017-06-09 00:00:00
f6e13cf914f6c5fdcbd6100c8bcdb389,f1f837f4fe6491955a0b748b671feb51,delivered,2017-06-14 21:24:04,2017-06-14 21:35:18,2017-06-16 14:22:27,2017-06-19 21:16:39,2017-06-28 00:00:00
2898e2aaa00681b9e40955893ca89b9e,8bc42ca5ce2efc8fb60d32fc3055cac1,delivered,2017-02-17 14:18:02,2017-02-18 03:10:09,2017-02-21 10:03:52,2017-03-02 13:22:03,2017-03-22 00:00:00
0532db7075ba24a851a342f08d0e0b39,07998476885892461cbb12557419e1b7,delivered,2017-12-26 13:28:31,2017-12-26 13:39:26,2017-12-28 22:10:19,2018-01-19 20:26:26,2018-01-30 00:00:00
90baa6d3d361db0998df0ce29f002777,d1ce97e059738b228faa1e4ad83b860b,delivered,2017-11-27 18:09:51,2017-11-29 07:36:20,2017-11-29 18:51:37,2017-12-20 22:33:04,2017-12-18 00:00:00
e251afd3ced38d4de3a5ece05d615ef5,f071974e65cb75a420c1530a8b0b27f4,delivered,2018-01-25 14:59:08,2018-01-25 15:20:12,2018-01-29 19:59:12,2018-02-04 19:35:39,2018-02-09 00:00:00
e26def18967c8f7038476bbfd3256f43,3f0a59c87129e3089fc4099028aac4aa,delivered,2018-07-23 13:08:54,2018-07-23 15:34:08,2018-07-25 14:19:00,2018-08-06 22:02:57,2018-08-21 00:00:00
91375775b1203d41f95ade228721b3a5,4bfd77e89f8aa644e6d2b7de26ebcde6,delivered,2018-05-06 13:06:51,2018-05-06 13:33:05,2018-05-07 14:43:00,2018-05-14 21:38:36,2018-06-04 00:00:00
ef782bb4dc72950173bc2fd3dd651433,ae0870b4367021d653e2a81999273274,delivered,2018-01-22 10:42:44,2018-01-23 03:52:29,2018-01-23 21:46:52,2018-01-26 21:42:21,2018-02-06 00:00:00
4a1f80ceda1b97b97de2f26670316ab8,a04e4642a3993fa7ad937521f44de82a,delivered,2017-12-05 08:07:50,2017-12-05 10:46:40,2017-12-06 23:47:03,2017-12-19 23:48:25,2018-01-08 00:00:00
b40f10c37590cd802e26b93d102f7767,b9a29b8b3d3a8e6f24bca58de7c25693,delivered,2018-02-01 18:14:13,2018-02-01 19:01:13,2018-02-09 23:28:55,2018-02-15 22:07:01,2018-03-02 00:00:00
ebf44ff0c2e9687a275c7a487b71e28e,4e9bba67e9b0526746181c622d619f89,delivered,2018-07-08 20:49:33,2018-07-08 21:05:06,2018-07-10 19:04:00,2018-07-11 23:41:54,2018-07-24 00:00:00
a2edced92b6709688b9b815a598bd9b3,1c2abd27f038948a53614d666b5d46ec,delivered,2017-10-16 19:22:05,2017-10-18 02:56:16,2017-10-20 11:03:21,2017-10-25 20:37:33,2017-11-06 00:00:00
0944dd6401b58739dc030557fb149b25,4bbeac9d9a22f0628ba712b90862df28,delivered,2017-09-14 15:57:44,2017-09-14 16:10:17,2017-09-15 21:14:38,2017-09-19 20:21:43,2017-10-05 00:00:00
a111e0cee7dde2bb68cfb7cd18a8a914,363483bbe13425697fde066927707959,delivered,2018-07-26 16:20:01,2018-07-26 16:30:18,2018-07-27 13:55:00,2018-07-30 13:51:38,2018-08-10 00:00:00
8ac3b1365e8a70ae432b2a1ee0f68f23,4912bf74d43553dd6c527ebeb054b79e,delivered,2018-01-14 08:51:55,2018-01-14 08:59:38,2018-01-15 21:33:19,2018-01-29 19:05:26,2018-02-19 00:00:00
ab0e3f0ce09583e2bb01c40b6b4e32b5,b75d829d0bb6bc36ca4ea1ca9e4e05de,delivered,2018-06-24 13:42:33,2018-06-24 17:18:18,2018-06-25 13:55:00,2018-07-05 17:11:07,2018-07-27 00:00:00
17bac873da4c588c3111d7399f91673e,3fc136b32b1b6068b0bd9fc719d69959,delivered,2017-02-11 10:11:23,2017-02-11 10:22:43,2017-02-15 09:05:26,2017-02-17 07:36:06,2017-03-15 00:00:00
9c2ba52157b36c56751de3ad0e6ec01c,578d5098cbbe40771e1229fea98ccafd,delivered,2018-04-19 10:35:22,2018-04-19 11:15:18,2018-04-19 22:18:31,2018-04-23 19:58:33,2018-05-14 00:00:00
357f7b414f17d6c711ff3cd09b44020b,f456c97ea0cd35c21764081d00e402bf,delivered,2018-06-20 07:49:50,2018-06-21 18:40:32,2018-06-22 13:37:00,2018-06-25 17:26:30,2018-07-05 00:00:00
094fe0ffb99d42aba8ca2a6b65a8921e,55216c413a0101e314f4b67c8e114a04,delivered,2018-03-17 14:39:25,2018-03-17 14:50:28,2018-03-20 21:54:30,2018-04-24 21:17:46,2018-04-10 00:00:00
02521a906b13fc8ff9314bf88adc31ed,5bdb6841f00ab95bfbe2e2bb7eb66ddd,delivered,2018-07-16 10:46:13,2018-07-16 10:55:17,2018-07-17 14:39:00,2018-07-20 17:27:31,2018-07-25 00:00:00
8b1a9c54d1ba09cc40591511d388d286,0fd95c5b51d5c0fc46e89b7a0f8ab684,delivered,2017-08-25 09:15:52,2017-08-25 09:30:16,2017-08-29 14:28:02,2017-10-01 13:29:49,2017-09-29 00:00:00
f30d59d024a381d49e85a1ecfe0d79c0,a6b4b154bfba44dca48c9d18c99c2426,delivered,2018-08-11 13:23:55,2018-08-14 04:15:28,2018-08-20 11:46:00,2018-08-29 21:23:35,2018-09-10 00:00:00
6aa2d96a8c7f9d95d8d090842a415a56,35556be598c1246153f4660064fad5c3,delivered,2017-11-23 22:13:27,2017-11-23 22:28:27,2017-11-24 23:29:35,2017-11-26 18:39:04,2017-12-08 00:00:00
02640665fed0e2c2cdbe0f266a2aa1f2,0bdaa2e4eb24874165d8a289092f7407,delivered,2018-08-09 13:26:02,2018-08-09 14:30:58,2018-08-10 15:50:00,2018-08-29 21:22:41,2018-08-31 00:00:00
8a443dafa1f394bbf651877a75e5a2ce,1b4a8daa67b84c94773419657a220227,delivered,2018-07-25 15:47:45,2018-07-25 16:04:52,2018-07-27 13:55:00,2018-08-02 02:34:53,2018-09-03 00:00:00
4c761041674866c683398d2c3d0d9163,9ba00b5627e37eae99b7b42f26cca99f,delivered,2017-12-05 09:14:54,2017-12-05 11:13:25,2017-12-06 14:11:03,2018-01-03 19:58:50,2018-01-09 00:00:00
888806c9bd5e86be8f9c470c7499e408,6af259d5ba1813eb056037dc5700b11b,delivered,2018-04-06 09:12:40,2018-04-06 09:29:48,2018-04-09 16:57:20,2018-04-10 18:05:46,2018-04-23 00:00:00
6842899c332d7e8bac002e5de94ab24d,b52235ca8b69964a51277bf9b1546eb4,delivered,2017-11-17 19:53:11,2017-11-18 02:50:38,2017-11-21 19:48:46,2017-12-04 16:27:01,2017-12-11 00:00:00
45cbedcdca177029ad93022f2ebb8cef,479042bb5a72e8629f8e6dfcc512ba4f,delivered,2018-07-16 11:25:55,2018-07-17 04:31:26,2018-07-17 14:23:00,2018-07-20 21:54:43,2018-08-03 00:00:00
30941734c8d62ce23498ca4758409a29,9773fbe7cf7d4d5ede531b9b71f3332e,delivered,2017-11-13 20:41:30,2017-11-14 20:35:40,2017-11-16 14:41:40,2017-12-02 16:04:52,2017-12-07 00:00:00
520ea64853a832e3e2fe0ff5d6f44667,feccdb7782857816ea95c8269fb7dfdf,delivered,2018-08-08 16:43:48,2018-08-09 13:30:22,2018-08-09 15:06:00,2018-08-10 22:03:16,2018-08-16 00:00:00
9282799a57b0de94393be10a4bcf120b,c2b4a7bd3b1cd6337ffe7e43d2e70a1d,delivered,2017-05-30 14:27:05,2017-05-30 14:50:22,2017-05-31 09:57:02,2017-06-22 14:22:26,2017-06-26 00:00:00
3a2b0d4a2b00020fddcc9d625553a114,7315871a8b3be15baceafef3b6183c0e,shipped,2018-08-12 22:26:07,2018-08-12 22:35:16,2018-08-14 09:05:00,,2018-08-16 00:00:00
b2569f05d40ea199f859f0d9cdc7b9d6,9308248720866df37e9954a4b2cd9d6c,delivered,2018-05-20 16:44:08,2018-05-20 16:59:33,2018-05-22 07:58:00,2018-05-23 18:16:50,2018-06-04 00:00:00
fe52796ecc672e9bd061049987e19829,af5b5730fdb743bb121c1b8894d63bb7,delivered,2018-08-09 18:12:13,2018-08-09 18:25:15,2018-08-13 14:17:00,2018-08-21 17:46:38,2018-08-27 00:00:00
856f5f8ea98797ecf093d2d8d946d2ae,0f218a0d9827580aaab2d6b9a6fe03fa,delivered,2017-05-03 21:22:56,2017-05-03 21:35:20,2017-05-04 12:16:22,2017-05-08 21:53:45,2017-05-29 00:00:00
6fd3f9bf79e48b384ee918cb691483ec,858c98ec0b961e34c54ee1016409d611,delivered,2017-09-05 12:50:58,2017-09-06 02:50:27,2017-09-08 11:17:46,2017-09-14 17:30:00,2017-10-02 00:00:00
79b283376b6379e1ade8a3f3d127be4b,c1ed0011c6dad3c9e564857d87939d62,delivered,2018-05-19 00:41:02,2018-05-19 00:58:56,2018-05-30 18:42:00,2018-06-01 21:22:15,2018-06-07 00:00:00
626f6424e635c6341bfddf7d53bf3746,f85444670597b08b2c8a44beda3d72db,delivered,2018-01-21 21:30:56,2018-01-22 14:00:30,2018-01-24 19:10:03,2018-02-06 20:07:41,2018-02-21 00:00:00
94aba2a37911fff127097b56d60fd1b5,1a524b0ce5f18310a7b27ca7fa71beb9,delivered,2017-11-28 11:23:01,2017-11-30 11:42:04,2017-12-07 15:27:03,2017-12-08 13:33:40,2017-12-12 00:00:00
a9e698f2944fc17e406c624bf2ce9067,a26ee55d980bbbb84838b5ed8347f253,delivered,2017-04-04 21:00:40,2017-04-04 21:10:17,2017-04-05 13:34:53,2017-04-11 17:10:33,2017-05-03 00:00:00
8420b0f7022cf4d4ec5eec76ce180669,2fd75bf9284bbc7a1ceb9163297c89a0,delivered,2018-07-15 12:10:13,2018-07-17 04:31:30,2018-07-17 12:51:00,2018-07-24 11:04:46,2018-07-30 00:00:00
5c5e60b90539d3fdf6ea923f19567ee5,b788c2713f6006ca6b7dcf181ee831fe,delivered,2017-07-10 21:55:45,2017-07-11 03:50:43,2017-07-11 18:17:53,2017-07-12 17:03:32,2017-07-24 00:00:00
58840c0c2c9c52695efde6fa10a27b47,b37f0d13ab1e29ef8000b39bdec20c3f,delivered,2018-01-27 09:32:51,2018-01-27 10:16:18,2018-01-30 21:13:05,2018-02-08 21:47:15,2018-02-21 00:00:00
66e5fb8842964acac96f3e4afd13b27d,4b8a694f92f4bc42833eccf7d1be0502,delivered,2018-02-11 11:25:58,2018-02-11 12:08:53,2018-02-16 23:08:00,2018-02-27 10:29:07,2018-03-28 00:00:00
c942f2c45c815cea47fc646b3fb58b32,d9bc5ec75962e7f8707ce97c5f8a0c00,delivered,2018-04-11 12:48:08,2018-04-11 13:09:59,2018-04-12 19:28:36,2018-05-10 19:38:44,2018-05-11 00:00:00
292362d65fdd556daf473eaeaa487a06,563b025cf608c075c839476181971894,delivered,2018-08-07 09:52:37,2018-08-07 10:05:10,2018-08-10 12:29:00,2018-08-14 00:26:29,2018-08-10 00:00:00
f5bda9fe749b2b1529c6ad6dae03145d,8b237ef13fcb07e8c830059ca4d7b1ee,delivered,2017-12-01 22:09:54,2017-12-02 02:37:32,2017-12-04 17:52:59,2017-12-11 19:09:49,2017-12-26 00:00:00
c5477ccc57a4ac523554e691f8a00d2e,942bd5ec97f21527d55a279894d268ef,delivered,2018-01-24 23:22:46,2018-01-24 23:33:26,2018-01-25 23:14:33,2018-02-06 12:37:55,2018-02-20 00:00:00
effeb0c3ecae530d0470721524db864f,fbf0f565facbd923b2ae193bbc532703,delivered,2018-04-30 18:55:30,2018-05-01 02:15:21,2018-05-02 14:05:00,2018-05-04 10:13:04,2018-05-18 00:00:00
b714825751e17269c60b3d2291e85026,cf44ca21d8f8a3e409debd1977048d05,delivered,2017-04-22 14:14:16,2017-04-22 14:30:11,2017-04-24 11:04:27,2017-05-09 09:08:00,2017-05-25 00:00:00
7290f24ffc8f84166426d8727c15af13,46958fedfb3f81f4de25433dd2d44eca,delivered,2018-03-20 07:08:27,2018-03-20 07:27:36,2018-03-21 18:43:41,2018-03-26 14:10:40,2018-04-30 00:00:00
be27c932495b78e00ca71c8022b525a6,fc890cc7935fbd5d779d573578a8fa21,delivered,2017-04-25 09:46:51,2017-04-26 09:36:30,2017-05-02 13:15:06,2017-05-11 09:02:39,2017-05-26 00:00:00
579997e88b2563ab8a3f3d6f5022a8a6,143e1e9cc9c731abaaed1c15ab5d7b74,delivered,2018-01-30 07:21:20,2018-01-30 16:34:55,2018-01-31 23:13:29,2018-02-09 16:31:55,2018-02-26 00:00:00
8d642f469cded3eccfec417ffabc7141,3e15b38b9f5c551bd51f7b1d713044d5,delivered,2017-05-27 00:45:45,2017-05-27 01:22:24,2017-05-29 08:18:00,2017-06-03 09:27:52,2017-06-21 00:00:00
4d3e2d7309a1b884bd8b7c9597d29483,57dbd4390f23a099d2948084e39a9c84,delivered,2018-03-22 21:11:35,2018-03-22 21:27:54,2018-03-23 17:58:54,2018-03-24 17:51:11,2018-04-04 00:00:00
3f71e424f5c88b151069830e08da04ad,3d2f792b801f3154c6e2b57039f1d4af,delivered,2018-08-02 12:05:59,2018-08-02 12:55:37,2018-08-03 14:18:00,2018-08-10 20:37:32,2018-09-04 00:00:00
63411626466603435cf74a3d51f8fc8a,a7d2a3c4d297b45634f361190c8ec7f8,delivered,2017-09-19 14:23:31,2017-09-19 14:35:20,2017-09-21 18:37:56,2017-10-10 19:49:09,2017-10-17 00:00:00
3d777cc1e8cdc96f0ab058c715cb369b,e5631483f7f9e6c09cfa0a7359e3f087,delivered,2017-09-14 19:52:36,2017-09-14 20:06:07,2017-09-20 19:44:00,2017-09-26 21:15:11,2017-10-10 00:00:00
0cfb8d2b2200481e6ce460c76ffa262d,7cd543411d01eb7daaaf8079121163ab,delivered,2017-11-28 23:09:49,2017-11-28 23:38:01,2017-11-30 20:38:55,2017-12-29 17:18:45,2017-12-20 00:00:00
cceecfd4fd8a5cdfc10a03fb86e1d5b9,364d7648596b13b12e70dc1c93d777e7,invoiced,2017-04-27 13:48:41,2017-04-27 14:02:42,,,2017-06-20 00:00:00
eda353a1682192066b6cb7b025cfb038,63da6af14f676d09a370e0ca57a901f8,delivered,2017-11-18 23:07:50,2017-11-18 23:15:37,2017-11-21 16:53:09,2017-11-22 23:24:43,2017-12-01 00:00:00
06ba91cdc30ac6c7181e933cf2135932,984a5b9aada81e4c24d25cf3f9d6c06e,delivered,2017-12-04 15:59:52,2017-12-05 04:13:20,2017-12-06 12:53:39,2017-12-27 11:38:51,2017-12-29 00:00:00
bf8a5f3ed4349bd5873e69a7bf24afdd,265e3c18ceed2964038497b11ef3e4c7,delivered,2017-12-01 10:30:46,2017-12-01 11:31:08,2017-12-09 00:21:23,2017-12-22 19:28:36,2017-12-28 00:00:00
3b0ed597b36d966d85b2ed8cf4447f80,422f5859496691f4c1f63ab8a95bae16,delivered,2018-06-29 11:18:05,2018-06-29 11:29:58,2018-07-04 14:50:00,2018-07-09 16:19:33,2018-07-26 00:00:00
79ee77c8f45cf57099cfe54271af1d49,7640f74e9d8d7cae31dde07a5fb6aeae,delivered,2017-05-01 18:43:06,2017-05-03 11:35:35,2017-05-04 10:24:50,2017-05-12 10:32:23,2017-05-25 00:00:00
bd311764a2c2a541c99f90f076923b34,9dfbbf80c6ae9741c9576d3371f58282,delivered,2018-05-15 09:20:18,2018-05-16 09:16:33,2018-05-17 11:58:00,2018-05-24 20:28:18,2018-06-05 00:00:00
dd1eff57387644bafd3823d2d49560b7,a6d1f7d3fee8f81223a0baf690ce7557,delivered,2017-11-20 11:47:23,2017-11-20 12:11:32,2017-11-23 18:04:44,2017-11-26 19:09:06,2017-12-01 00:00:00
b8c6d75388bad0d20626aa31f173d5fb,7d7074852c030d222553c809a7eb3699,delivered,2017-06-14 12:25:49,2017-06-14 12:42:46,2017-06-14 14:19:52,2017-06-26 15:04:47,2017-07-11 00:00:00
ebbc16c6955354160e1dfd2cd3b4430f,610f0574fe58619864503689b50d2819,delivered,2017-05-27 23:09:15,2017-05-27 23:22:16,2017-05-31 07:27:01,2017-06-24 10:51:06,2017-07-03 00:00:00
09b9364d966593e51c1edead847fd220,5370e275eb7b56d78bd41f03c6446232,delivered,2018-08-10 08:13:28,2018-08-10 15:45:53,2018-08-13 12:01:00,2018-08-17 17:56:32,2018-09-04 00:00:00
6b4855917066752cc5b88abca983437d,974e920c00ddb177032c54bdf6954e3e,delivered,2017-08-30 18:09:32,2017-08-30 18:30:09,2017-08-31 15:07:44,2017-09-01 23:13:01,2017-09-12 00:00:00
aa0910dcd21e1118e710080991d23e75,b4f510308ed7dfb45d97a887c7ba30dc,delivered,2018-06-15 09:25:29,2018-06-15 10:00:31,2018-06-20 12:56:00,2018-06-26 22:02:39,2018-07-20 00:00:00
c4277c0bb265f5f6e13a10ee49dd0e9c,98ff94917d9bc917b63d1d49f35975fd,delivered,2018-05-11 11:32:59,2018-05-11 11:50:40,2018-05-14 16:16:00,2018-05-15 18:53:39,2018-05-23 00:00:00
f7411b386b99ab297f888848be4198a6,dc4ee9c49af05d38495f4eb45d177c82,delivered,2018-05-15 12:23:49,2018-05-16 09:06:45,2018-05-16 08:50:00,2018-06-01 20:08:24,2018-06-01 00:00:00
30cb9807736cf9827533cf34b10969d8,abc0fa957347a7c2e0e03ca51ba0d413,delivered,2017-05-09 11:20:30,2017-05-10 20:02:23,2017-05-19 09:33:08,2017-05-31 11:24:04,2017-06-13 00:00:00
da406f1574c350c0e265dfa4afa6044b,8cf881448a898af8d5a93861aa03b8e2,delivered,2017-11-24 10:38:40,2017-11-24 12:13:01,2017-11-27 20:48:32,2018-01-08 18:59:14,2017-12-18 00:00:00
076203a3df21fb25c8b59f881f2b37c9,aae187ac20079813ed11e67757602a48,delivered,2017-07-08 10:08:30,2017-07-08 10:23:25,2017-07-14 19:28:02,2017-07-31 20:28:00,2017-08-01 00:00:00
4e953a20477ef5bef26ac97ed4832a37,683b096ae164f11fdb10e1fbf526dd3c,delivered,2017-06-12 16:19:47,2017-06-12 16:35:21,2017-06-14 12:52:09,2017-06-22 15:53:03,2017-07-05 00:00:00
7d26f2a43dfbb0b9e5c39149593f3839,311ec637af917bce7b283b74754e2baf,delivered,2018-03-31 20:43:05,2018-03-31 20:55:19,2018-04-02 14:22:45,2018-04-04 01:48:44,2018-04-12 00:00:00
911e42ae2c0cf7e1050b31ac36d8b2c2,38086643ba09e7eb60211ef04c0382a0,delivered,2018-06-04 12:57:23,2018-06-04 13:12:10,2018-06-04 14:44:00,2018-06-13 17:03:36,2018-07-17 00:00:00
4b9bd9bf620365bc37e256997c022c5a,ba9d58ffb5b81db4ac9478225e7f7e56,delivered,2017-06-29 11:03:14,2017-06-29 11:10:20,2017-07-03 16:55:42,2017-07-21 20:34:09,2017-08-02 00:00:00
4924d4064306a4b2cde5a264e106de11,527f94af22a69f6595cd35b3b09d2019,delivered,2018-08-09 10:21:55,2018-08-09 10:55:17,2018-08-09 13:52:00,2018-08-15 22:24:24,2018-08-29 00:00:00
5648c933d209018572eb67390f618682,084e83571f0a839a4c42cf340a597baa,delivered,2017-12-02 16:04:47,2017-12-02 16:17:33,2017-12-04 19:53:04,2017-12-07 01:06:07,2017-12-20 00:00:00
9ee8452f251847f1cf796e5d7cf8eaf2,da03e848597392e6e96751f887271ad9,delivered,2017-02-12 21:41:06,2017-02-12 21:50:20,2017-02-13 16:16:04,2017-02-15 17:22:10,2017-03-10 00:00:00
8a1d9b0c823a8c653a9662d0a0759306,d83407c66c173399b2eaf6c429ed5e56,delivered,2018-05-20 15:47:53,2018-05-20 16:19:23,2018-05-22 06:22:00,2018-05-24 17:32:15,2018-06-20 00:00:00
7fdf1bc0675e3bf96a0375e4d84ec39a,9186dc07f7eea5684ca72a79410982dc,delivered,2018-08-18 21:58:12,2018-08-20 10:50:25,2018-08-20 14:40:00,2018-08-29 22:04:59,2018-08-30 00:00:00
c1f9a3a835ab0d3d2975ab179f78ab75,6810c3dc47f641181fcc7f73275c3d19,delivered,2017-09-26 18:53:39,2017-09-26 19:07:10,2017-09-27 20:30:03,2017-10-05 20:18:06,2017-10-23 00:00:00
4c116dfa777ea7f4533820d12c15c6b1,da50919bf37d6a3c12edb06afda48b02,delivered,2018-01-11 00:27:00,2018-01-11 00:49:47,2018-01-15 17:21:36,2018-01-24 16:25:38,2018-02-14 00:00:00
5713e6bc9a550b3abc8c7aa03a2db95d,53c996d70be78077dd4c97f771d9f32f,delivered,2018-08-14 16:03:12,2018-08-14 16:15:18,2018-08-15 09:11:00,2018-08-18 13:02:05,2018-08-27 00:00:00
7f9cd52ad1ff3569254091c513fb552e,f672fb517a20351b700abf7e11a1c873,delivered,2018-07-06 19:03:47,2018-07-07 19:05:45,2018-07-09 13:59:00,2018-07-13 22:57:41,2018-08-07 00:00:00
da6286f6b9d805439991572bf84782e8,ad15c48c30f7a531fd004f736a6bc01d,delivered,2017-11-24 18:31:18,2017-11-24 21:38:31,2017-11-29 17:45:44,2017-12-12 19:33:57,2017-12-27 00:00:00
f76e427ba2c3d8fe380eb87339750bb8,233c226032da9bc305bc5137c64a99ac,delivered,2017-05-15 11:49:59,2017-05-15 12:16:07,2017-05-17 11:09:01,2017-05-22 13:41:56,2017-06-02 00:00:00
583f25389c1ba1869b3311c5cf44e9db,6d0f8f93f6a858b5b89fd9177fe1c8ea,shipped,2017-11-15 00:03:55,2017-11-15 01:11:22,2017-11-17 22:09:44,,2017-12-27 00:00:00
4b8f98e50ffa9c1b021c197d39c58bb2,672b3a9f04869358311e98e5190693df,delivered,2017-03-08 15:05:05,2017-03-08 15:05:05,2017-03-09 15:52:52,2017-03-31 15:03:19,2017-04-04 00:00:00
8298dcc2f7a6cfcc788481bc06d227e0,7088d4c9520dacf9055680a903bbdc59,delivered,2017-09-26 15:51:35,2017-09-27 17:49:19,2017-09-28 15:53:52,2017-10-16 19:23:10,2017-10-26 00:00:00
afe0ea024346be7fa63b997fd149c757,842f5b7d1c537e492f0f039d881df246,delivered,2018-07-27 21:21:28,2018-07-27 21:32:01,2018-07-31 08:33:00,2018-08-06 18:41:35,2018-09-10 00:00:00
748f1a8074500891bf8f786ce3b5c02d,a94de3a1486c2bfa6324956be90b911e,delivered,2018-02-27 15:53:06,2018-02-28 09:56:37,2018-03-12 18:24:38,2018-03-20 22:34:27,2018-03-21 00:00:00
475daaf912c5d6077ae695875f9e02dd,af19987afaab941ddba949ef09e2b393,delivered,2017-09-02 14:17:54,2017-09-05 04:44:23,2017-09-11 17:06:55,2017-09-18 18:35:11,2017-10-09 00:00:00
2fdd2e028b2bcf3930e37c1088ecfe2e,7021e26073056995e09bf03c66ad5fd8,delivered,2018-06-10 20:00:25,2018-06-10 20:17:39,2018-06-12 12:38:00,2018-06-19 15:05:18,2018-07-12 00:00:00
ddebf0da62e7da325ae548eca16ce5e8,afa7608d08cd6e3e2e7c732e7a986197,delivered,2017-11-19 22:04:19,2017-11-19 22:15:30,2017-11-22 11:31:58,2017-11-28 16:28:57,2017-12-08 00:00:00
a794d432d0990aa47220cda510a0a872,ac09b50d5b648f30126cc7ffceb97e8b,delivered,2017-09-16 23:26:17,2017-09-17 01:10:38,2017-09-18 18:51:44,2017-09-25 16:58:32,2017-10-09 00:00:00
b2836e010be6f9326cdac9a925076347,caec53e3c91e0bdf0d9f996432a70bcc,delivered,2017-06-13 09:50:50,2017-06-13 14:22:57,2017-06-14 13:34:40,2017-06-19 21:32:16,2017-07-04 00:00:00
4fedc3e39af106c703916b9e7fdc5e5f,821fcb94f149414022052bbd72453664,delivered,2017-10-17 19:38:42,2017-10-17 19:49:21,2017-10-18 21:22:47,2017-10-20 20:57:55,2017-11-03 00:00:00
9bcae940b24680a6ca263ec7ffb30ccb,59be217eef79cf8f31906ccb0c18fded,delivered,2018-02-19 23:10:18,2018-02-21 06:20:15,2018-02-23 22:28:45,2018-03-05 18:51:27,2018-03-28 00:00:00
48f5a8fa0f281cf8ab2f7905a11c3c29,e4ad9116d37461c681fea632e47a021d,delivered,2018-07-23 22:42:35,2018-07-24 10:31:29,2018-08-07 08:43:00,2018-08-08 19:40:55,2018-08-01 00:00:00
c7ab4f518d1a47c3f78768c41c887d1b,f48f0e3bbe7fa6985141518b1d7264ce,delivered,2018-08-09 13:59:38,2018-08-11 02:55:27,2018-08-14 10:11:00,2018-08-27 20:04:23,2018-08-20 00:00:00
d2feffdc8a5c6772992aafeff8b9bdef,ed6d639168d3420f50058536d6bc0118,delivered,2017-03-08 15:02:43,2017-03-08 15:02:43,2017-03-09 11:00:15,2017-03-16 08:37:58,2017-03-31 00:00:00
4d9974c8797599512e8216eeb315817d,fac7d7254af3bd899053c9b68c6c34f7,delivered,2018-01-10 21:50:28,2018-01-10 22:08:34,2018-01-30 22:44:37,2018-02-08 23:13:33,2018-02-02 00:00:00
1ee4d0544d11c277367d2df9c25ae406,2549a0bb60ed32415a39f38be7534a3a,delivered,2018-05-11 11:08:14,2018-05-11 11:37:21,2018-05-14 13:19:00,2018-05-19 01:18:34,2018-05-25 00:00:00
6c611d177ef47b4d67080071684f3da3,c1a881d78c63de5d2f1762bd7cca61e7,delivered,2018-05-13 07:42:34,2018-05-13 07:55:10,2018-05-14 13:57:00,2018-05-18 12:03:15,2018-06-01 00:00:00
0ee8a265feb5028eef234263bd7f5c23,53470bb64d38af72a02b516796aa05ff,delivered,2017-05-03 21:49:35,2017-05-03 22:02:30,2017-05-04 11:20:15,2017-05-11 12:29:49,2017-05-26 00:00:00
2f8fcfe0b82ecb5bf95a056e04b3181f,de63777364ce7bd557a7bbf2972b5c8f,delivered,2017-10-24 19:42:00,2017-10-24 19:56:20,2017-11-08 21:48:02,2017-11-17 23:08:49,2017-11-29 00:00:00
103e18e9325ee41d8cfa4902f8abc16f,aa28fcb213db1415749a665f82704181,delivered,2018-01-14 14:34:55,2018-01-14 14:48:41,2018-01-17 22:16:57,2018-01-24 21:54:49,2018-02-05 00:00:00
d5aeb56df77bc1d4b5ff5a069ca1830c,35e5f484344a69c298f039552a3137a6,delivered,2018-03-24 11:21:52,2018-03-24 11:30:32,2018-03-26 19:46:49,2018-04-18 17:38:34,2018-04-16 00:00:00
2fddf9110bbf99715a7cde5f8da13faf,1dff2093f93a4b87cb9db694d77e22e8,delivered,2018-05-05 23:54:00,2018-05-06 00:14:24,2018-05-14 09:30:00,2018-06-07 21:22:39,2018-06-07 00:00:00
eef277f1b21da736aeb8b4dbcdeb36bd,7a6cf1235fb298b844af97f19d6b14e7,delivered,2017-10-18 14:18:56,2017-10-18 14:28:35,2017-10-23 18:37:50,2017-10-31 23:08:35,2017-11-14 00:00:00
c55952869834f4b020085963bd0cd2ea,d9633f432d01e2bad640a4dc8facad01,delivered,2017-06-08 15:00:40,2017-06-09 02:45:28,2017-06-09 16:33:12,2017-06-21 16:13:17,2017-07-11 00:00:00
370cebd070cc2fd363ebad1645a6b1ff,8e9e95ad04f82a47cc0cc53cbf73d855,delivered,2017-10-09 19:03:24,2017-10-11 18:20:13,2017-10-13 18:12:13,2017-10-23 16:29:04,2017-10-26 00:00:00
4a8838c86657a598964a2e50960e92c5,d4d9531a61ad95bf3b57d0100a2fb792,delivered,2017-11-24 12:48:11,2017-11-24 14:58:32,2017-11-27 15:23:15,2017-12-02 13:22:32,2017-12-14 00:00:00
44efa161f00e760df72f281915ad34e7,f973547855bb9b1b092836001420224c,delivered,2018-08-14 19:39:47,2018-08-15 19:35:08,2018-08-16 14:14:00,2018-08-20 15:44:37,2018-08-24 00:00:00
4ce8d6f2dbc2018073f91128c347de84,0d94d871bfa2907282e049f310f5b335,delivered,2018-02-28 17:07:15,2018-02-28 17:49:37,2018-03-06 14:21:56,2018-03-07 16:37:07,2018-03-13 00:00:00
9b41629ccbc3ae4be489cb815f3653f5,3000841b86e1fbe9493b523245d5c68d,delivered,2017-05-27 12:54:36,2017-05-27 13:10:21,2017-05-29 14:01:07,2017-06-08 12:10:29,2017-07-03 00:00:00
6323aec573b1bb57a4f691fde7974f60,3b2e62da9518015efb84d98cd57e381b,delivered,2017-09-26 11:17:16,2017-09-26 11:28:31,2017-09-27 17:19:54,2017-10-06 20:52:58,2017-10-23 00:00:00
07fe18147d98a22e8f8f5e43fc09d831,ef3ccd6d77b6f38823b6360f3f2216f9,delivered,2018-04-17 16:56:15,2018-04-18 02:35:15,2018-04-18 23:41:52,2018-05-04 22:28:45,2018-05-25 00:00:00
5819c8c36e2626ede26c3677c0bceac6,fb52810748f348ab4d10d96e8529e702,delivered,2017-11-13 17:11:28,2017-11-15 02:36:13,2017-11-16 15:18:50,2017-12-01 12:23:25,2017-12-04 00:00:00
6ae18793b39ea298718417881aca431d,d8c4b7a84600b6fb675483da453fda18,delivered,2017-08-10 08:35:22,2017-08-10 08:45:13,2017-08-10 20:22:56,2017-08-17 15:39:22,2017-09-01 00:00:00
d775e0b3f1085ff46d9c4c3d9b125e4c,8c5f5694678372cbbb06fa0a48b4ddc6,delivered,2017-06-29 12:46:55,2017-06-29 13:04:00,2017-06-30 15:27:48,2017-07-08 14:22:49,2017-07-28 00:00:00
3915c06b1483016c7d41dc705c1b0090,9540fa6cf6d99763f1c17623e03f8ae0,delivered,2018-08-10 13:12:53,2018-08-10 13:25:14,2018-08-13 15:34:00,2018-08-17 20:41:55,2018-08-27 00:00:00
65ac269bbcdab3f78e9365f37aa89626,f8a7963a1f1c73466a2c6e62a1afdbbe,delivered,2018-08-22 21:47:41,2018-08-22 22:04:37,2018-08-24 05:15:00,2018-08-30 17:11:46,2018-09-12 00:00:00
460281d0eeab1990c9fd04ac4705d3ed,c12c3f999921db1622354fa4a873cd05,delivered,2017-05-18 23:45:34,2017-05-19 01:25:16,2017-05-19 20:34:38,2017-05-29 11:48:02,2017-06-09 00:00:00
12841a11f62453c88f68ee1f7cb45c47,dc6cee232e64102de1ae63fff7c38871,delivered,2017-12-06 16:18:06,2017-12-06 16:32:05,2017-12-08 18:36:02,2017-12-19 21:21:52,2017-12-29 00:00:00
252ccbf5764c53809f99daee8815db09,dd433e8edcb748653739108e2aaccb7c,delivered,2018-06-22 19:23:38,2018-06-22 19:38:35,2018-06-27 06:22:00,2018-07-03 07:36:31,2018-07-17 00:00:00
1379ed790d1676edd6631dc5474c4b44,ddf9a541cc3f0d5954938af032fc78c6,delivered,2018-02-13 17:53:13,2018-02-13 18:10:28,2018-02-15 20:52:26,2018-03-09 23:32:39,2018-03-12 00:00:00
f60acdf6e4ce0842ce375a157ae600c0,34aeda2e58cb0b208099004f55062cb3,shipped,2017-10-07 19:02:42,2017-10-07 19:14:15,2017-10-09 20:17:57,,2017-11-07 00:00:00
dc9aa7c79b289abf941ccbacf11e3780,0a9ab8de2d01f20b459dbee0a345081d,delivered,2017-09-18 14:27:53,2017-09-18 15:05:43,2017-09-22 18:57:41,2017-10-02 21:42:04,2017-10-10 00:00:00
8e72aa4f22ed34fdbeb7434859ec54d8,49ff6d6e358e4b860a1a8110a214472c,delivered,2018-04-23 19:35:47,2018-04-24 17:18:43,2018-04-25 14:19:00,2018-04-30 12:03:47,2018-05-16 00:00:00
5b3367de06e5c2955a98de36a52fbe1a,efccddae70862d3630a35e4c7fc75a02,canceled,2017-03-07 12:43:03,2017-03-07 13:04:43,,,2017-03-28 00:00:00
bbccc293dde3a6b72a942c4117678017,fc817b66cefcd2a69c772be7aa07daeb,delivered,2018-05-16 09:05:31,2018-05-16 09:33:12,2018-05-18 17:19:00,2018-06-11 20:21:36,2018-06-07 00:00:00
4c8f8e639b2672c7d77385d68238a1a3,6c631d132f3fa8f166444ffd6cda689d,delivered,2018-02-22 02:46:38,2018-02-22 03:27:56,2018-02-22 19:20:00,2018-02-23 22:43:34,2018-03-09 00:00:00
1919a9eacb9ae555e3125f1ce713fe1a,39096b4b196ce38f143c4ff8b6e060d6,delivered,2017-10-27 20:22:11,2017-10-27 21:26:40,2017-10-30 19:12:46,2017-10-31 23:57:02,2017-11-09 00:00:00
6f7167ff12cbdba10fcff1ad215166b7,296d2182933c909ed7aadb24373704ab,delivered,2018-04-29 17:06:31,2018-04-29 17:15:19,2018-05-02 15:15:00,2018-05-08 20:28:21,2018-06-06 00:00:00
f97ad7d35270638277b3209506431b82,54f2e25e66f702784c3c9e32d931b037,delivered,2018-04-27 09:05:51,2018-04-27 09:32:33,2018-05-04 09:59:00,2018-05-16 17:05:30,2018-05-25 00:00:00
6681163e3dab91c549952b2845b20281,2f29573c8cac5a7be11c5b649078f944,delivered,2017-07-18 09:23:10,2017-07-18 09:30:22,2017-07-21 16:13:08,2017-08-03 18:42:49,2017-08-15 00:00:00
b2e25deb1b41319f3f4fbb2d32926a03,dae894222706742ca8dd8cd8ff891917,delivered,2018-05-01 22:22:30,2018-05-01 22:35:18,2018-05-02 13:36:00,2018-05-07 22:36:42,2018-05-28 00:00:00
c28cc812db8e9acb713843bb0470b7cf,eb172b63b901dc5dd76bbb694ce13ff4,delivered,2017-09-10 00:34:50,2017-09-10 00:50:11,2017-09-12 19:35:01,2017-09-14 13:36:06,2017-09-27 00:00:00
eee612addb28b4837f3a8d9ce54e31f8,29898bc3bd6a526500f6a9f478141873,delivered,2018-04-19 18:56:58,2018-04-19 19:10:57,2018-04-21 00:39:45,2018-04-25 14:39:00,2018-05-11 00:00:00
3eb0f85a2cf629b092487dbf1847ff9b,66b4fbad0c2c977805b10a2fcd76c861,delivered,2017-09-02 10:09:12,2017-09-02 10:24:09,2017-09-08 17:41:40,2017-09-20 20:21:59,2017-09-27 00:00:00
a695e8fc1b0a6e9c814da33ed8cd9703,2c6816f982a6897814acd1aa00c7c316,delivered,2018-07-14 18:58:11,2018-07-17 04:31:32,2018-07-17 13:11:00,2018-07-30 18:22:07,2018-07-24 00:00:00
7d88cc8f8bebb0e650d408c374a62b29,b42a4aede5b355ece8a2555471b962b2,invoiced,2017-10-05 22:22:48,2017-10-05 22:35:22,,,2017-11-03 00:00:00
d6c5dca773097a2319454e361da874d6,de80cce3770a45665981249e162d0594,delivered,2017-08-24 19:55:05,2017-08-24 20:10:14,2017-08-25 19:12:43,2017-08-31 17:38:17,2017-09-20 00:00:00
5412783dbeb40c1f689f31da23f7c38b,032dfaf8831a5caba16aad65f1b1402b,delivered,2017-06-14 09:15:07,2017-06-15 07:05:09,2017-06-16 15:49:35,2017-06-19 14:14:03,2017-07-07 00:00:00
874eef9a84653f570656bdb0f8519151,c59929869ce404450d73c9a018c3d3a8,delivered,2018-06-02 19:04:54,2018-06-02 19:15:17,2018-06-04 14:14:00,2018-06-12 19:36:30,2018-07-12 00:00:00
ebb764cf2623a3a2d00b4d06978f16bf,3ca0e67c2633981579380fbb43d134ab,delivered,2017-08-11 06:56:07,2017-08-11 07:10:13,2017-08-15 20:07:27,2017-08-21 16:40:07,2017-09-11 00:00:00
b349d1700d6cf51fade7bc7bdd17ebbf,22e9f05a11603d0448858e987dcd7327,delivered,2017-11-22 20:47:55,2017-11-22 21:06:55,2017-11-23 22:32:45,2017-11-30 16:55:03,2017-12-11 00:00:00
43ee3ed7fa79e982fb7de9363c7832e3,d1513d58463de6abec74693083146104,delivered,2017-05-29 17:18:42,2017-05-29 17:30:19,2017-06-01 09:13:40,2017-06-06 18:34:40,2017-06-21 00:00:00
af0d093d4fc8b3cba32896affde05812,edf79f26de20af3499b50c3f1375bedf,delivered,2018-03-02 13:55:13,2018-03-03 03:20:28,2018-03-07 18:43:49,2018-03-08 19:45:27,2018-03-14 00:00:00
03181fddac1b424c893821ec539b2abf,2e3c87a1fe28dc56e695f7584818c62b,delivered,2018-05-05 16:35:57,2018-05-05 16:53:39,2018-05-07 11:37:00,2018-05-08 16:08:40,2018-05-18 00:00:00
80700def3189230fc60069139112527d,f81abf40350b6bbb272cb1e6d923f8a7,delivered,2018-04-01 11:49:03,2018-04-02 17:35:15,2018-04-03 22:12:43,2018-04-23 21:55:31,2018-04-20 00:00:00
807f4ef550f104708e2190eca7e4c37a,993f60535be5935dba6ea0fd2e71c092,delivered,2017-02-17 15:00:56,2017-02-17 15:10:15,2017-02-23 12:43:17,2017-03-08 10:49:11,2017-03-30 00:00:00
9d23b28df59d72b40012a277ffd9a80a,32a3c332dcff5e891680b41ffb3be4ca,delivered,2017-11-28 10:48:25,2017-11-30 02:23:44,2017-12-06 17:15:26,2017-12-12 19:15:22,2017-12-21 00:00:00
4722c098a33ec33f73433dd2c8539858,6311210076969b89d82ee9663c88f66b,delivered,2018-08-13 19:22:29,2018-08-13 19:30:22,2018-08-15 11:45:00,2018-08-20 17:38:41,2018-09-13 00:00:00
4a3810dd72f7bd6972e0c9eda2923446,3e8e33bfa78a664ec40e64170355b0e6,delivered,2017-10-23 13:24:29,2017-10-24 06:33:58,2017-10-25 20:16:13,2017-10-30 21:34:20,2017-11-09 00:00:00
4c96e6cd1329471164e71b76d8ac0619,7769eebb90b7a387fbf8087dd60024d4,delivered,2018-03-27 22:19:36,2018-03-27 22:30:10,2018-04-02 22:26:39,2018-04-06 17:12:46,2018-04-13 00:00:00
4cb0286c9f5805ddd172e00cef67ecc3,e3d025dfd872e46859d611e7a73f6c2d,delivered,2018-06-17 20:18:47,2018-06-17 20:33:54,2018-06-18 15:10:00,2018-06-20 19:08:22,2018-06-29 00:00:00
b196564f2fd79a80ab1b31dd8ba4e4fb,960ffb45acd270534e88387352742459,delivered,2018-06-06 21:11:57,2018-06-06 21:32:06,2018-06-08 14:13:00,2018-06-18 21:33:33,2018-07-17 00:00:00
6537332794df2373bdf9142f7e6c33bd,85546bbf5243e477ca238fa6d21cff49,delivered,2017-05-17 13:57:00,2017-05-17 14:10:11,2017-05-22 10:36:02,2017-05-29 14:39:49,2017-06-08 00:00:00
c3ede21d18f8a162209aa5c1eecb0385,9ae373da25d193f8f853a8eebbe2ea96,delivered,2017-08-17 07:40:30,2017-08-18 02:25:45,2017-08-21 20:56:00,2017-08-29 19:42:19,2017-09-11 00:00:00
83fe87eb0a04cc2e1e9c68129e40f62e,481a717eec3e7827248545fc6f0f7164,delivered,2018-05-21 18:04:00,2018-05-21 18:53:40,2018-05-22 12:23:00,2018-06-05 21:37:25,2018-06-14 00:00:00
ee6a209ee9b43643f6910b4077ab5e3d,edf9b6ec2c47047c704a06a32396ed5f,delivered,2018-07-31 01:15:48,2018-08-02 05:30:49,2018-08-02 15:30:00,2018-08-03 20:54:27,2018-08-07 00:00:00
2b4f5c83b6126ea43058d397a83fd0a7,15ead9097aacfef828d8b05022d3e245,delivered,2017-08-25 16:28:51,2017-08-25 16:44:54,2017-08-29 11:10:31,2017-08-31 19:21:50,2017-09-19 00:00:00
7c0659561e8e95e839b8a4f9f4b6fab9,a08d823689fb2cf5ac00c9f9dbb7fd36,canceled,2018-05-19 23:33:33,2018-05-20 00:53:10,,,2018-06-04 00:00:00
d1f24b02567e4b8b8cbfb799021ecb3d,5cc5d672606be228e4f10cb6cf3aaaf9,delivered,2018-06-14 20:36:11,2018-06-14 20:56:24,2018-06-15 13:33:00,2018-06-20 20:58:46,2018-07-05 00:00:00
993d5d78bd251d2ad7d2607110a04bbe,7bcb97218373e2350ffcedd3dbb879e1,delivered,2018-08-27 21:04:17,2018-08-27 21:40:06,2018-08-28 15:00:00,2018-08-31 00:56:31,2018-09-24 00:00:00
073180167c8aee312e8be08892989244,3e0e46689729c9a45b4677912c7e6f8c,delivered,2018-05-01 10:48:46,2018-05-03 04:12:55,2018-05-03 15:02:00,2018-05-04 23:42:51,2018-05-15 00:00:00
c02bfa5d4662c34b2947b2ff59d25438,300c627c9c794759bfa644e54b29daff,delivered,2018-02-05 20:16:30,2018-02-05 20:29:50,2018-02-06 16:18:05,2018-02-15 19:04:12,2018-03-12 00:00:00
93fe52f922933e89732474d91f6ac25f,e64e95ef0428cee8aa32ff7944e2a5c0,delivered,2018-08-17 15:49:23,2018-08-17 16:09:42,2018-08-20 15:32:00,2018-08-22 21:40:58,2018-08-23 00:00:00
350fcc9d4ae2e108916f12c7ca8ca8e3,8c5a52cc14b87a0f057812298d656956,delivered,2017-08-02 15:18:38,2017-08-02 15:30:17,2017-08-03 18:03:40,2017-08-08 19:36:48,2017-08-22 00:00:00
9f0d8cab56c7772c7be07de105068d40,5d4102f3084e6bf0e67d903ad04e073e,delivered,2018-04-08 20:40:30,2018-04-08 20:50:18,2018-04-10 22:04:23,2018-04-13 14:47:31,2018-05-02 00:00:00
34763d94ee16ecffb979852f4ee83571,eadc11a901ffc9d8b616ac86cf86e666,delivered,2017-07-16 18:52:09,2017-07-16 19:03:22,2017-07-18 15:37:25,2017-07-21 19:05:21,2017-08-08 00:00:00
0dbfe0ba49bde79404577f3b85d0058e,b8f26e9e2db5ca6ecf0223a40994e02b,delivered,2017-11-29 18:09:50,2017-11-29 18:17:25,2017-12-04 21:15:15,2017-12-14 17:28:41,2017-12-20 00:00:00
5db63df16698f20500f49faaee15c3d0,a8c0816a11a05bb71a5676d8ef985931,delivered,2018-03-01 09:33:13,2018-03-01 09:56:08,2018-03-09 23:36:56,2018-04-04 22:46:23,2018-03-21 00:00:00
719c10497f396e92d2343b6a1c70240a,a8e7268c819adc0ca29a66951585dfb3,delivered,2018-03-06 14:37:41,2018-03-06 14:55:44,2018-03-09 22:12:18,2018-03-26 22:08:55,2018-03-22 00:00:00
00418a49a685c6bb60633291c3fab17a,7d9edced80af5c9503cbf88a9e5f2a3e,delivered,2017-10-03 20:43:03,2017-10-03 20:50:45,2017-10-04 19:51:26,2017-10-05 19:53:19,2017-10-19 00:00:00
dca3acd527fb4ffbf49a0a733a6bf95a,7560faa92e744007c969d655e8d25f1f,delivered,2017-12-13 17:43:12,2017-12-13 17:52:06,2017-12-14 16:19:09,2017-12-18 19:48:42,2018-01-08 00:00:00
e49d2358f7bb8587895c7cb6cd635396,4f219dce05e4878040dbfaa3308573d1,delivered,2018-02-24 02:03:17,2018-02-25 02:49:36,2018-02-26 23:38:06,2018-04-06 20:47:37,2018-04-13 00:00:00
c4d7d5a8e5e6c168142085d231c65b79,64a7d42cdb49cee6490de85c12d56403,delivered,2017-12-06 13:56:13,2017-12-06 14:12:30,2017-12-07 00:22:16,2017-12-07 22:10:47,2017-12-26 00:00:00
86661cdf65d5e08c3dc14b073c101d68,1e7b6cc033a72b59bd69c4a3f3a382c3,delivered,2018-02-24 10:35:46,2018-02-27 03:31:09,2018-02-27 19:58:39,2018-03-01 22:09:19,2018-03-12 00:00:00
4e2d28262ad5baef8cc21e74985535ac,d0cab04120e4255b35c2fa48d9053417,delivered,2017-10-12 22:46:06,2017-10-12 22:56:19,2017-10-17 17:13:03,2017-10-18 12:35:27,2017-10-25 00:00:00
63099b1ba1729612750a8903f7be76d5,e4b86d8c2509d8f1ea7f18bfbe306434,delivered,2018-02-16 12:21:45,2018-02-16 12:30:37,2018-02-20 20:42:04,2018-03-06 01:15:44,2018-03-13 00:00:00
a21cbc9ba19b32c0588bb69aafab51cd,2a8f9bc4a24da0b0ef3c44bc3a1a1282,delivered,2017-06-28 15:09:19,2017-06-29 02:50:35,2017-06-30 16:08:21,2017-07-07 14:21:20,2017-07-24 00:00:00
5fa643060454c5e14a75113a3800b787,55b570c71025b39fde0bf79e585f1db8,delivered,2018-08-13 14:35:48,2018-08-13 14:50:16,2018-08-17 06:26:00,2018-08-20 22:41:11,2018-08-28 00:00:00
dc9ddda756c34ae2c531557ed178d169,bd4705e051aec9a9620287a6333d7c56,delivered,2018-01-24 19:25:13,2018-01-24 19:57:26,2018-01-26 14:59:41,2018-02-09 22:26:33,2018-02-20 00:00:00
c8b4b3301b8839f14ea92722cd395e72,e0482746fd8fff8f20c3bc4061c8f442,delivered,2017-07-18 15:54:13,2017-07-19 15:55:17,2017-07-20 15:17:41,2017-08-04 17:16:54,2017-08-09 00:00:00
aaeb62cc323c2669aa1d7f2b7bf0b02a,3db711ac66ba00be2f293cd00b4aa02a,delivered,2018-01-31 10:05:00,2018-02-01 02:52:43,2018-02-06 01:27:29,2018-02-14 19:17:27,2018-02-26 00:00:00
60f62691c52a18ebeccd7cb2539d6c63,67a37fb3a64e54057411563e843c21e7,delivered,2017-11-08 19:34:10,2017-11-08 19:47:12,2017-11-10 10:21:56,2017-11-22 01:07:27,2017-12-01 00:00:00
d35f8dc1aab5eb262bfb16db16fccfa5,f2f2f0361ab41bee2dfc69c87ed5adea,delivered,2018-08-21 17:40:41,2018-08-21 17:55:16,2018-08-22 13:16:00,2018-08-29 17:38:03,2018-09-19 00:00:00
ad59de87aa8d9fcbf5e923d9f5d10801,9500e026c2321911589ba8264ad6be84,delivered,2018-03-08 16:15:18,2018-03-08 16:54:51,2018-03-14 00:28:27,2018-03-20 18:05:18,2018-03-27 00:00:00
15d972c5dd4501e8d219acbe1bea1519,85bafe3d80825d6b170ca29b0f0a41bb,delivered,2017-07-16 20:59:06,2017-07-18 06:05:36,2017-07-19 20:07:58,2017-08-10 17:52:24,2017-08-16 00:00:00
c647254c19cb14894d4cf37d3d8e450b,8ef7d02f2a0e0ec0c19e78519b01d689,delivered,2018-08-21 20:32:25,2018-08-21 20:44:13,2018-08-22 19:28:00,2018-08-23 15:07:35,2018-08-27 00:00:00
8b8e2225e5e318a19d2d7a375b56350d,7104377ff862cd25542730eed8873d67,delivered,2018-06-11 14:08:43,2018-06-11 16:31:31,2018-06-12 12:54:00,2018-06-23 15:05:40,2018-07-13 00:00:00
1237476520c90c304e2603af9629d0e3,f709f9c4d1070929d5b41c2990fda9fc,delivered,2018-07-03 11:39:39,2018-07-05 16:41:03,2018-07-05 14:15:00,2018-07-12 19:45:37,2018-07-30 00:00:00
20f96d395d08faf685dfd963c91f0563,379b3766c44cc3a8b2dd64273f7d52a8,delivered,2018-05-10 10:22:32,2018-05-10 10:35:19,2018-05-11 08:13:00,2018-06-11 18:08:38,2018-05-30 00:00:00
7ede7940d99eca2cca79e5120a63f3f3,03e1bb403bc199280f2d3338138c1e4a,delivered,2017-12-27 23:46:46,2017-12-28 23:38:20,2018-01-04 23:23:37,2018-01-19 01:04:19,2018-01-22 00:00:00
f4788173ecaa859073b6d2c4a35da40f,ed7c59a481afb7a4c4b75530ca7ccc49,delivered,2018-07-18 05:44:52,2018-07-18 05:55:08,2018-07-18 09:34:00,2018-07-26 18:22:43,2018-08-06 00:00:00
974576701298a1dbca6b9f4845b7b85e,0fa7dc75caa1c0ab6e5370197d54d7fc,delivered,2017-11-29 21:25:02,2017-11-29 21:36:28,2017-12-04 14:33:41,2017-12-08 16:46:52,2017-12-28 00:00:00
c04bad4eeff4c1cec55dffc72e2d3a85,b75e2045a8e8d24563db59cbe620e8fb,delivered,2018-03-22 07:12:09,2018-03-22 15:35:24,2018-03-23 18:38:29,2018-04-10 19:51:39,2018-04-13 00:00:00
255cc1a34da986dba8ba04bc67dc4d03,7a85a823eed61d724a4682d535d7342f,delivered,2018-01-05 20:50:04,2018-01-05 21:09:15,2018-01-08 23:19:01,2018-01-25 17:27:07,2018-02-08 00:00:00
c4d0c6ca4f6e5d0449129c84e9bdb9c3,be7539a389676f3996466d36b46f3406,delivered,2017-02-22 10:49:34,2017-02-24 02:45:16,2017-02-24 07:55:15,2017-03-08 06:04:56,2017-03-23 00:00:00
ddd05f07be2e7c5c7f191e06bb0fbc70,1682e6d70d9bc4c652158a101c758aec,delivered,2018-07-03 23:18:04,2018-07-05 16:32:51,2018-07-04 11:09:00,2018-07-09 16:57:33,2018-07-24 00:00:00
01699d74ff89d35f15093f83d7783c39,5c52e49d63df1645b3e2340ea8c29a9a,delivered,2018-04-18 16:37:26,2018-04-18 16:55:40,2018-04-23 18:00:13,2018-05-05 15:02:39,2018-05-11 00:00:00
f257772187b4e1bcb05ef74b3420ebfe,431c7b4412d3a64acfb653fb8259a50b,delivered,2018-06-01 16:43:59,2018-06-01 16:55:42,2018-06-04 12:18:00,2018-06-07 18:33:28,2018-07-23 00:00:00
e4f929a2bd281bee714090bdca460bbd,4d9add304fabba91f789540b260b8190,delivered,2018-07-16 09:51:52,2018-07-16 10:04:26,2018-07-17 14:20:00,2018-07-20 20:06:50,2018-08-06 00:00:00
b0b54e4c452d66681d67e588398ecf7c,efa32e2c1c2454217b3c5c9b09f648cc,delivered,2018-01-09 13:21:39,2018-01-09 13:32:50,2018-01-10 19:51:58,2018-01-16 22:28:37,2018-01-31 00:00:00
cd9bea4c03a88b613f6a55a9526d4eed,322d57537c7a8b542895c84ab75181d0,delivered,2017-06-26 11:54:35,2017-06-26 12:05:44,2017-06-30 09:47:42,2017-07-11 18:56:43,2017-07-18 00:00:00
62a906256e72774922d85060d98c8a5d,152c3b58a0814b31735a08a7b159963c,delivered,2018-05-09 17:16:17,2018-05-09 17:36:20,2018-05-11 14:23:00,2018-05-19 11:22:28,2018-06-04 00:00:00
88fcb8d7dc0b10a8579590c36f370066,300d32359978b9dc15b9f3b3e469536d,delivered,2017-09-21 20:05:02,2017-09-21 20:24:50,2017-09-26 16:41:52,2017-10-04 20:47:53,2017-10-18 00:00:00
e4380a38a218569eb949095e934047fd,e6e0618de2bf52a7ee1cad143de4046a,delivered,2017-11-08 14:04:19,2017-11-08 14:16:12,2017-11-09 12:42:06,2017-11-18 14:14:48,2017-12-01 00:00:00
969696843b872efb905ae72481ba5321,98401f7cda0c3a9fa7badd514f5ffb65,delivered,2017-06-30 01:20:19,2017-07-01 04:55:21,2017-07-04 15:45:14,2017-07-12 16:59:51,2017-07-20 00:00:00
48be44989e4853d877c2ac366b99a008,e6c4709cecb11779b1172221512cb8d8,delivered,2017-08-11 16:18:30,2017-08-14 15:55:09,2017-08-14 22:23:30,2017-08-17 21:57:30,2017-08-31 00:00:00
2f1d5b7529ef8603fe34724e65a9f03e,4b58a44a25cb035cb195b50c40342172,delivered,2018-03-11 11:01:36,2018-03-13 04:15:50,2018-03-27 20:03:47,2018-03-28 21:42:38,2018-04-20 00:00:00
a2c188c4797a746ba81a77bd44c07aae,a32113d5ae0d8889966b8fdc44d37fd5,delivered,2018-01-17 12:27:16,2018-01-17 12:39:21,2018-01-19 18:58:43,2018-01-30 21:43:50,2018-02-19 00:00:00
14f7bafd9b5d355e835602d9026e56e3,3b48ed68b4b102be66c2ad261f525d20,delivered,2018-04-17 22:13:54,2018-04-17 22:32:10,2018-04-18 23:26:21,2018-04-28 20:47:55,2018-05-14 00:00:00
5cc89a73dc3d040007a3d19cca344432,c48d6023c63a0bb2b363cc2c849a70e4,delivered,2018-05-08 09:02:53,2018-05-09 04:14:27,2018-05-09 09:15:00,2018-05-17 13:42:33,2018-05-28 00:00:00
78567659a8ac9a5615f4dd5b70fd3ed0,1a71e04ad8b32b420041b61ed45894cd,delivered,2018-07-15 12:51:04,2018-07-15 13:04:32,2018-07-17 13:52:00,2018-07-20 22:58:43,2018-08-02 00:00:00
34c718970b33419ed6d537a90366231b,ac68706c6f747bf0f7e7986a7ba40155,delivered,2016-10-05 08:41:18,2016-10-06 15:44:00,2016-10-24 16:33:49,2016-10-31 21:41:26,2016-11-29 00:00:00
b1bbf1459cd5cbb3c23aad7656250ced,77e0e2987754751f359ba128d6cfa606,delivered,2017-10-01 12:14:31,2017-10-03 09:28:19,2017-10-04 18:41:25,2017-10-30 18:35:14,2017-11-14 00:00:00
a01a17ebb12ed7e8b1b4a02b79ad650f,87e05000de634ae8a72aaf477eb5e5a1,delivered,2017-11-28 12:46:41,2017-11-28 12:55:51,2017-12-04 18:35:20,2017-12-06 16:03:30,2017-12-12 00:00:00
6a1be8e0b55146f9e678f8df8b44c7cd,85658e819287d22376f98a5318d4fdef,delivered,2017-06-06 20:22:53,2017-06-07 02:35:23,2017-06-08 09:55:42,2017-06-16 16:59:24,2017-07-03 00:00:00
1eebc0c973e9abb0501e146fcc74b081,fb01cf3e5d102b65a1039db1459a171d,delivered,2018-06-15 13:14:44,2018-06-15 13:44:18,2018-06-15 14:14:00,2018-06-22 23:38:27,2018-07-13 00:00:00
228b82b829438b71d9b164c1a8cea481,76baf8b184e3b12b7d7af01dbcb7476a,invoiced,2018-05-16 12:59:07,2018-05-17 03:16:19,,,2018-06-06 00:00:00
dade660d65ac835c39909f69a15baeab,cac54b823d33ccedf1c3d552de1d41a5,delivered,2018-06-12 15:31:38,2018-06-14 04:15:10,2018-06-14 15:40:00,2018-06-19 14:05:32,2018-07-04 00:00:00
971edb451cad61fd96ae029b1248938e,e0780c98af0a0a14146af14ff63f039e,delivered,2017-10-18 02:11:10,2017-10-18 03:04:00,2017-10-23 16:18:52,2017-11-03 20:00:30,2017-11-08 00:00:00
a00687a01571352d823a005e4f3f457e,ab62508ada9024382f392f57310f8791,delivered,2018-07-28 14:37:35,2018-07-29 14:30:14,2018-07-30 14:14:00,2018-08-10 20:48:45,2018-08-21 00:00:00
499e067351812a60f3f5019575ec71d2,4dda11a4f999ace6297045128bd68a66,delivered,2018-01-02 17:04:40,2018-01-04 05:16:45,2018-01-04 17:29:42,2018-01-11 09:45:27,2018-01-24 00:00:00
e97b6c48831b0c7d2bdfe4ea2f18108f,e4ec9c6a947f3b53c7f98d16ae79f6a9,delivered,2017-06-24 00:11:20,2017-06-24 00:24:08,2017-06-26 14:09:33,2017-07-03 16:27:51,2017-07-18 00:00:00
f9556cd22578140995b4179fffee7c4a,260e209f14f2838911c24a44769dd980,delivered,2018-03-28 11:15:26,2018-03-28 11:30:22,2018-03-29 19:28:33,2018-04-16 22:12:19,2018-04-18 00:00:00
d7526e916ca14cb288f2c8ec14a6f546,f8bd74b797d44f6df5e6cbd4a881b02f,delivered,2018-05-21 08:52:08,2018-05-21 09:10:38,2018-05-21 16:15:00,2018-06-06 20:04:35,2018-06-08 00:00:00
ba41c48ea14a8b704c1645f32aedefa8,c6dafa651522bb3afcb52a2b558f3236,delivered,2017-10-31 13:15:31,2017-10-31 13:36:05,2017-11-01 22:27:31,2017-11-17 20:05:08,2017-11-28 00:00:00
63e700a4baf3602c94a8d6648e896d41,4c8f87ae1692e8e9cb90458557bcf4cb,delivered,2017-09-30 21:44:30,2017-10-02 10:07:20,2017-10-03 19:08:48,2017-10-13 17:42:12,2017-10-30 00:00:00
53051fdaeb4854f9cbde7f3bec024317,9ca67844dc427409325839776e39a273,delivered,2018-04-24 00:57:25,2018-04-25 00:55:26,2018-04-26 09:30:00,2018-05-03 17:54:31,2018-05-21 00:00:00
6afedf08c0521723900128e180319db0,bbeb9a9216de3ae93d15fda78e903501,delivered,2018-01-08 19:22:48,2018-01-08 19:30:32,2018-01-09 17:48:33,2018-01-23 22:10:05,2018-02-05 00:00:00
809366b3993149432934a82e6e5b71d9,6910071bfaee0f9191dde48e7b3fdadd,delivered,2018-01-18 13:49:05,2018-01-18 14:15:06,2018-01-19 18:29:22,2018-02-07 22:12:09,2018-02-15 00:00:00
38dcf9bd2b8951b1407c82f1d70a8f7f,ba84f5aea90fa9fb6db4fdb90cee0692,delivered,2018-08-05 17:42:51,2018-08-05 17:50:20,2018-08-09 14:12:00,2018-08-15 18:19:30,2018-08-28 00:00:00
95d6357ffe41aa6d2998852a710c70a0,82dadd35c959838f756d2e8f3ef3f330,delivered,2018-06-06 18:49:33,2018-06-06 19:15:14,2018-06-07 13:04:00,2018-06-22 15:05:01,2018-07-12 00:00:00
9c8168f2783f0165c272ee971a47e916,aa7a0ff82aeeeeec79a4e7431f28d6ca,delivered,2018-03-04 14:28:17,2018-03-06 03:51:31,2018-03-06 23:41:58,2018-03-29 22:04:23,2018-04-06 00:00:00
27cc371fc21005cb23584884e8364a35,931847b1d6804bdcdd755a02e26ae9c1,delivered,2017-05-01 23:12:01,2017-05-01 23:30:09,2017-05-12 17:19:43,2017-05-18 11:09:59,2017-05-23 00:00:00
2894a7132c45ea461bc47c5a3bb1c6e0,55eefcb372927b18fcc3673b54de5311,delivered,2017-03-15 19:42:03,2017-03-15 19:42:03,2017-03-17 11:32:44,2017-03-31 08:53:37,2017-04-05 00:00:00
21af06c81b813d390e6f5df558fdbc3c,392b4f32e211df4eff756c32762a95f0,delivered,2018-08-03 13:54:39,2018-08-03 14:05:13,2018-08-03 15:10:00,2018-08-10 21:42:29,2018-08-13 00:00:00
f3cd1b70420f1d1a3cbac5acce1a5b3d,40ecc0e92e7e5750464c024978d8650b,delivered,2018-02-03 13:14:01,2018-02-03 13:30:33,2018-02-07 14:53:18,2018-02-08 21:07:57,2018-02-21 00:00:00
51c6d2f460589fa7b65f2da51e860206,1ed0c832c2dd99570a59260e71768bdf,delivered,2017-11-14 12:04:09,2017-11-14 12:15:25,2017-11-27 20:44:47,2017-12-19 19:37:33,2017-12-12 00:00:00
61a61f269ab4229725a40cba01e8b65c,10a1c1849bdaf9e98abf78bdc22894f6,delivered,2017-11-23 16:15:20,2017-11-25 05:49:48,2017-11-27 18:22:43,2017-11-29 11:18:40,2017-12-07 00:00:00
02e6bcccce2e88560389846400e74e50,eac6d0d3278c2f92a5bb372ed20c83d6,delivered,2017-10-18 20:00:55,2017-10-18 20:26:09,2017-10-19 19:25:06,2017-11-07 17:58:45,2017-11-23 00:00:00
92a1a84ebae5713509b7ccdef77a89cf,63368406d4bb7f9491be5a5e98a06647,delivered,2018-04-20 20:43:25,2018-04-24 19:06:49,2018-04-24 17:04:25,2018-04-25 17:41:13,2018-05-08 00:00:00
128db96d96f727da26afde4579e68d48,3e427aba8dacfeb381377ca002f96282,delivered,2017-07-10 16:42:01,2017-07-10 16:55:16,2017-07-11 19:53:30,2017-07-19 17:38:43,2017-08-01 00:00:00
8ad14ad7dd26465b377d99c9e26eb76f,ef9c9cc784a7c676cec3f5abfd83982d,delivered,2017-11-25 14:04:11,2017-11-25 14:17:44,2018-01-04 22:24:28,2018-01-13 16:51:41,2017-12-20 00:00:00
c802ca542cd239a800f378b2059e87f9,07afc68e24c308212aef88a983497e09,delivered,2018-08-22 11:04:45,2018-08-23 02:45:24,2018-08-25 09:00:00,2018-08-31 01:37:31,2018-09-04 00:00:00
913ad8619a18dac3ea5b944b82d289a1,f795c720615c514b5a76aba21942dfce,delivered,2018-02-15 20:07:54,2018-02-15 20:26:16,2018-02-28 18:27:05,2018-03-19 16:12:04,2018-03-20 00:00:00
73564d7094858b6a2ae6a2623e78d2a8,76b41d10f61d519b8585b4e873e8a854,delivered,2018-01-07 16:53:39,2018-01-08 19:48:16,2018-01-09 14:08:20,2018-01-22 21:36:59,2018-02-14 00:00:00
30d4bd6e4be06a901edf9f3cd4778e24,fba1b58765ef7e1cb7711125ff6e20ca,delivered,2018-02-19 09:09:02,2018-02-19 09:27:00,2018-02-19 21:33:33,2018-02-27 00:17:59,2018-03-09 00:00:00
e156c06e2ceacafe7263782d2115fca8,2cdd14266e171616685c2a2deaaa76f3,delivered,2018-05-28 00:07:28,2018-05-28 00:29:32,2018-05-28 13:19:00,2018-06-02 19:34:43,2018-06-28 00:00:00
d3a49d9f4c7efe1107f8a4a8c140af05,203751359bf8dcaad88fffeb9cb61877,delivered,2017-07-18 17:03:34,2017-07-19 03:50:19,2017-07-20 15:27:40,2017-07-21 21:27:49,2017-08-01 00:00:00
e53874a6abcec503e0fd5d85948f36c9,774c33a9668cf225c839c2521b843425,delivered,2017-12-28 22:34:34,2017-12-28 22:47:19,2018-01-02 19:07:18,2018-01-15 18:34:47,2018-02-05 00:00:00
3255bbc82834f5babe538cf6d868e831,f912814f2194d94eb7812af045c5bfba,delivered,2018-08-10 07:46:38,2018-08-10 08:04:44,2018-08-10 12:40:00,2018-08-20 22:48:44,2018-09-05 00:00:00
4151292eea8dc7551c93d61feb56c44b,f97368d4f021622934475f8d2fc35bbf,delivered,2017-09-26 21:20:48,2017-09-26 21:35:10,2017-10-17 16:48:05,2017-11-07 19:02:25,2017-10-23 00:00:00
e1982b65e4c5e692721a35e5442f9f83,1b940006ce5bffb84d9e2396905ff541,delivered,2017-06-30 15:40:31,2017-07-01 12:25:13,2017-07-05 18:28:14,2017-07-20 12:25:02,2017-07-24 00:00:00
7018b49455a47164272f9272d400f363,ae4cbb01258ebf9955257b9a87e38ba0,delivered,2018-01-17 18:36:41,2018-01-17 18:51:13,2018-01-18 18:56:51,2018-01-29 14:08:08,2018-02-16 00:00:00
50f39d306a35f31046305de54b1527ec,c51b1c9fa6b8be3870d14de83d563ec9,delivered,2018-04-09 11:11:28,2018-04-10 03:55:28,2018-04-10 19:58:45,2018-04-16 19:30:54,2018-04-25 00:00:00
936b4373e24da12fc2004771e195d067,3380512361877970c0258c1dd577709e,delivered,2018-04-01 20:47:51,2018-04-02 07:48:24,2018-04-03 19:23:32,2018-04-04 20:39:19,2018-04-16 00:00:00
826fc3782b3bbdfea8c82e11ff16fb9e,7c1604937b4870cb589b5fe2949deb1b,delivered,2018-02-21 15:46:01,2018-02-22 15:50:26,2018-02-26 22:37:10,2018-02-27 21:58:46,2018-03-07 00:00:00
055e6f9e14ac5805a9bcb99a480daeb1,870bfea80f26efc288cc9c31b522c5ca,delivered,2017-12-25 12:59:40,2017-12-25 13:11:29,2017-12-27 21:15:03,2018-01-04 16:29:19,2018-01-22 00:00:00
6704cecb75359214b2a2c7ddb894b89e,7026b1065ad9ce30d69271c8654a5a29,delivered,2017-07-24 17:32:40,2017-07-24 17:45:11,2017-07-27 17:56:30,2017-08-01 17:17:34,2017-08-17 00:00:00
a5bb45ed4fdd4becba2dd4f863580dbb,8621f4013557cdc559fe3644b5bc34ae,delivered,2017-10-10 14:29:43,2017-10-10 14:51:02,2017-10-11 19:42:20,2017-10-18 20:21:52,2017-10-30 00:00:00
c3c89975672c8d80882dbd9b7b04efbc,96526ba241a6647dfdedf3468b07ef8d,delivered,2017-05-26 12:51:19,2017-05-26 13:04:24,2017-06-05 15:34:59,2017-06-16 14:57:56,2017-06-26 00:00:00
bcc07c3639d84c50bb1786b8bcc66116,756f09dbf94f877b9acce94031f05714,delivered,2018-04-29 22:08:54,2018-04-29 22:30:00,2018-05-03 14:33:00,2018-05-04 15:04:38,2018-05-14 00:00:00
b1fcaac6e8a89bb18db51bcb62c4a4e6,1b60bc9ccf0b19e5b4cf1e59c76afc5f,delivered,2018-05-14 13:40:33,2018-05-16 03:55:02,2018-05-17 08:27:00,2018-06-01 11:08:39,2018-06-06 00:00:00
c3e544a509d5603803d4f6eaedcaf0b8,67ccb8621f5cb3f53b797fe9af6143c6,delivered,2017-08-07 18:36:25,2017-08-07 18:50:19,2017-08-08 14:28:54,2017-08-11 13:12:42,2017-08-29 00:00:00
e6a1dffced3033ae0e4838aece8aabc6,4e7bafa1bcb313b042aa22868c81aa8c,delivered,2018-05-07 21:49:47,2018-05-07 22:11:25,2018-05-08 13:58:00,2018-05-11 19:12:03,2018-05-24 00:00:00
acf93693a6780a86fb735f6743d5bcf7,f0941f0a360451bb222634e610f7ad08,delivered,2017-07-30 17:33:03,2017-07-30 17:45:12,2017-08-01 17:22:08,2017-08-07 17:27:06,2017-08-24 00:00:00
eae6b90fc5f39d2d76ea4edb84ade594,40aa5aa3e0a9d5cbcec2281f2927b576,delivered,2018-05-08 16:53:32,2018-05-08 17:12:00,2018-05-11 07:53:00,2018-05-16 19:04:28,2018-05-18 00:00:00
9a602b72c06820975aaa136e4fb793b5,f0529c2f06ee170b6dd5d0a3ddb7a55b,delivered,2018-03-18 10:49:47,2018-03-19 10:55:41,2018-03-20 16:22:31,2018-03-22 19:19:39,2018-04-13 00:00:00
a76643614c2542c0a773b03b5b61b2c0,d557ba0b467c10c23bc9542050ba64a2,delivered,2017-03-06 21:26:23,2017-03-06 21:35:17,2017-03-09 06:34:30,2017-03-20 11:11:05,2017-04-03 00:00:00
b52314e04baaecb498e1446be2dcabee,cb7e2ee52c84733eedbaac0f2527fe3a,delivered,2018-03-04 17:25:30,2018-03-04 17:35:29,2018-03-07 00:12:51,2018-04-14 10:21:59,2018-03-29 00:00:00
1fb40b224a9509697bacc23d3e160e4c,0d993384667c2d9151c18374570d286f,delivered,2017-06-08 01:11:03,2017-06-08 01:42:54,2017-06-12 16:15:19,2017-06-19 21:29:38,2017-07-10 00:00:00
c4406c3911b19657e6304e5c7c61a069,e984622ea4af8f2f8c35ad8eb48c7362,delivered,2018-05-25 12:04:29,2018-05-25 12:17:26,2018-05-25 15:29:00,2018-05-28 17:44:41,2018-06-13 00:00:00
a1dadce0e5cbb1b1205017166f6ce7ce,6090711df10612ec9df45dc0c7090f7d,delivered,2017-03-14 00:01:26,2017-03-14 00:01:26,2017-03-15 10:34:20,2017-03-21 12:35:57,2017-04-04 00:00:00
9f101be6d0a10cb40cc622691e49714c,062ef9c4ca1960871896825b2c3a1f9a,delivered,2017-08-07 11:29:34,2017-08-07 12:03:20,2017-08-10 18:42:16,2017-08-14 14:56:38,2017-09-01 00:00:00
8a387edc250631b1a0ec1458c4925a31,2212ba48de3178b1e25a24eee16e3c27,delivered,2017-12-17 22:17:26,2017-12-17 23:19:31,2017-12-18 21:39:03,2017-12-20 17:55:53,2018-01-11 00:00:00
0527142b56f235b4936a8573f33b020b,43d5dc5dc7a295776fab0e796b80b2ee,delivered,2017-07-18 08:49:48,2017-07-19 03:50:23,2017-07-20 15:47:47,2017-07-25 19:19:33,2017-08-09 00:00:00
cfb163e86f6f63e7a247fd9ef32321d7,054b07849b510cb56b73b0c256fdc82b,delivered,2017-06-19 14:29:28,2017-06-21 02:30:10,2017-06-21 07:09:01,2017-06-22 18:22:10,2017-06-30 00:00:00
1b189bfb8d1d15887dd46da224744444,8aa19bb23b807f8d6134625343c23cb5,delivered,2017-09-18 12:32:57,2017-09-19 03:30:56,2017-09-21 15:38:54,2017-10-06 21:04:37,2017-10-09 00:00:00
c751f7b0f44fcb8bd374ef518ad5c466,1019f41d437b5b58f36191421fd791dc,delivered,2018-03-29 18:54:38,2018-03-30 23:07:55,2018-04-03 04:33:11,2018-04-13 23:55:51,2018-04-26 00:00:00
81feb133966d4c93d65ba18e9b5fca54,145cba40226b02961dd54c77dbcbf17f,delivered,2018-03-30 13:33:00,2018-04-03 05:35:09,2018-04-06 20:04:44,2018-04-20 18:58:57,2018-04-24 00:00:00
3e0ff86919e2e005d7f1d59015edb415,b6e1a45abb82ce0e62d8a98787f46c59,delivered,2018-03-26 00:27:30,2018-03-26 00:48:31,2018-03-27 18:16:32,2018-03-28 19:54:50,2018-04-06 00:00:00
5c6a84ff68eff6e372bf9529b864e4aa,32f650989ca6a9f8b3e62ae45d03a208,delivered,2017-11-27 20:25:14,2017-11-27 20:39:25,2017-11-28 22:21:17,2017-12-11 15:46:59,2017-12-19 00:00:00
e9ed35393653f0ebbc1d792ba5ed1447,146382aa0321176044958bb471c902a5,delivered,2018-04-13 09:15:41,2018-04-13 09:30:48,2018-04-17 22:08:38,2018-04-25 21:33:09,2018-05-02 00:00:00
a6059b89913127046e9a0a3b88329269,59a741253766579b0d5a54f810ac96e9,delivered,2017-10-19 15:32:01,2017-10-19 15:49:18,2017-10-20 18:22:42,2017-10-23 18:42:23,2017-10-31 00:00:00
2ddf869490264585048a30ab50aaefaf,7ab117569d5043d293189b8893b5a12a,delivered,2018-03-07 10:07:59,2018-03-08 02:35:49,2018-03-08 19:13:29,2018-03-11 10:34:20,2018-03-23 00:00:00
5cca397d52ba2f962523520cc83db7ba,7f0aa96805d1c2d2002d0ac60c2ac139,delivered,2018-04-02 22:04:57,2018-04-02 22:35:50,2018-04-04 17:26:31,2018-04-12 19:08:35,2018-04-25 00:00:00
f29281e3ed285c8ebfb33037ccb43fb4,b2f5cec8ca4aeb7366d2865f5befd1d4,delivered,2017-11-20 17:41:46,2017-11-20 17:50:28,2017-11-21 19:39:11,2017-11-27 22:47:35,2017-12-08 00:00:00
3f7b475727ce3c7198f0ca2a15c05e9d,34c21afe73cc4daec8c74993e55d97b6,delivered,2018-08-07 02:20:32,2018-08-08 02:15:13,2018-08-09 12:52:00,2018-08-16 19:27:58,2018-10-03 00:00:00
c1efc16c61c46cc2eff17d0ea6202aaf,5c990f280a0c04e9d265be77a09a5be8,delivered,2017-11-14 15:27:02,2017-11-14 15:35:36,2017-11-16 17:14:42,2017-12-12 00:26:53,2017-12-12 00:00:00
e1a73a8183d164944b0f44e1eb39ea7d,0e412f1b10cc95f4ab840edd052b51c5,delivered,2018-04-18 08:48:01,2018-04-18 09:11:46,2018-04-23 18:46:49,2018-04-27 20:22:24,2018-05-11 00:00:00
106c71d4ef1f6852e746ea021a62cdc7,7708b1fb47f21b5375ade9bb0c3fe3d6,delivered,2018-06-11 22:44:12,2018-06-13 02:59:25,2018-06-13 08:23:00,2018-06-18 21:27:37,2018-07-03 00:00:00
80976102d701e5be9e98931e9113bc70,738d70ab609daf8cbba4779539682791,delivered,2018-03-07 09:07:04,2018-03-07 09:28:40,2018-03-09 18:44:18,2018-03-15 19:58:41,2018-03-23 00:00:00
92f77906d8fcaa454fff43e1882deb01,d642380f5e4eb7812449e5598a625005,delivered,2018-01-03 15:58:43,2018-01-03 16:11:29,2018-01-05 19:23:08,2018-01-23 22:56:52,2018-01-29 00:00:00
d07f143b702491d2a1cd6ed093f2cdee,03de10b74e57b7aa7c13361497c5c51a,delivered,2018-02-11 17:27:31,2018-02-11 17:48:03,2018-02-14 19:36:31,2018-02-23 15:29:20,2018-03-13 00:00:00
9e9c6e3dd45c48dd0bd670c70827511f,17fbdfcafcd87f99ffdab597341f43f7,delivered,2017-04-27 20:12:49,2017-04-27 20:22:53,2017-04-28 16:13:46,2017-05-10 10:57:44,2017-05-29 00:00:00
9c67cdf1fabbdfbdf49b97bd424b2500,1bf4b3c3a54e8b012b4c82741cd3a25b,delivered,2018-01-31 11:05:23,2018-01-31 13:41:31,2018-02-06 01:13:07,2018-02-15 17:50:55,2018-03-01 00:00:00
23c95653bc574efa346f4eee3b29e882,7b78acd8d2e5233b6ea898fd997942af,delivered,2017-11-20 12:47:48,2017-11-20 13:15:41,2017-11-21 22:33:38,2017-12-08 00:21:26,2017-12-08 00:00:00
04dfcefdc5881bd3db8f516999a758af,a884259dce0c9768fbdc7a223723a4f5,delivered,2018-06-16 10:58:12,2018-06-16 11:19:36,2018-06-20 12:44:00,2018-06-22 13:18:44,2018-07-11 00:00:00
b74d9d05094d192b78eec20610faec65,3b9bd84c3c4f91e956798211b3860c6c,delivered,2018-02-27 23:43:21,2018-02-28 23:35:49,2018-03-01 21:39:28,2018-03-27 21:26:36,2018-03-22 00:00:00
cdf36cd4632fe33085adec5cf3d6b306,c442e46ad092c69ea8db9cbe7b8f6e14,unavailable,2017-02-25 20:20:04,2017-02-25 20:30:20,,,2017-03-31 00:00:00
988a21449c85e5aab93c446596246149,98cea627e0afae6f6e71fa86174b819c,delivered,2017-03-09 12:52:31,2017-03-09 12:52:31,2017-03-13 13:11:44,2017-04-20 09:44:13,2017-04-12 00:00:00
bafb7839993d401fc28cbd78488ea03a,53a19dd8556bb33c2293dc9a67bb2233,delivered,2018-07-01 20:07:18,2018-07-02 20:10:04,2018-07-05 12:04:00,2018-07-09 09:58:38,2018-07-27 00:00:00
d2fa2c7f95b18971ff0fff7fb1d4db81,755a2db0a7afab3b2ca41d908bac0ecf,delivered,2018-02-15 08:40:56,2018-02-15 08:50:33,2018-02-21 20:27:17,2018-02-22 20:42:07,2018-03-01 00:00:00
3ff25314bbe9dc1ec7c983499bdff8f2,589298dae9fd52c451466272d22efb8f,delivered,2017-09-20 22:31:37,2017-09-20 22:44:26,2017-09-25 15:39:10,2017-10-17 22:04:35,2017-10-24 00:00:00
833621749c4fd7a638cdd987685fe2c2,d6981383d1cce3a560522605ba441139,delivered,2017-12-06 13:50:07,2017-12-07 03:16:27,2017-12-13 19:16:42,2017-12-18 20:37:08,2018-01-12 00:00:00
60ead11db6b36221fe1424e330883a9a,223291591dac2cc98cea3868de7bf593,delivered,2017-08-28 18:12:43,2017-08-28 18:25:10,2017-08-31 20:57:36,2017-09-04 16:06:48,2017-09-15 00:00:00
7c2b6d703df465adcb5f9761983b1c21,d531ccbdb83e10742c9f9520d55f4701,delivered,2018-03-22 21:09:18,2018-03-22 21:27:47,2018-03-23 19:58:32,2018-03-29 16:37:54,2018-04-10 00:00:00
3eff3be449eaedf0e5b56e9a7d35bb82,7015c89cd26ef46ee3d23f5d8cdeb308,delivered,2018-07-15 19:42:44,2018-07-15 19:55:20,2018-07-16 13:50:00,2018-07-23 22:16:51,2018-08-27 00:00:00
6f6926816d7f45e2ce64ae33c9faf58e,26cad29ce2fd0d9203145f2d71b7aa43,delivered,2017-05-18 15:15:28,2017-05-19 02:43:17,2017-05-19 12:01:40,2017-05-25 17:52:50,2017-06-13 00:00:00
1253e106e963fdd39c5d94a79823275c,9a4a7dff95dab2ac949bc027f788c9f4,delivered,2018-03-30 22:18:33,2018-03-30 22:30:26,2018-04-03 19:13:43,2018-04-26 19:02:42,2018-05-04 00:00:00
10ee2109b7e3f168330447c3be610ff0,d1176ff41d4334e95bc110c2c76ade62,delivered,2017-11-30 09:51:26,2017-12-01 11:31:27,2017-12-04 21:39:05,2017-12-10 19:03:54,2017-12-19 00:00:00
fd7b5df31b1135f945600a23960438aa,dc17b8c70dee39149c5b8ec131a365e4,delivered,2018-04-17 18:32:24,2018-04-17 18:51:42,2018-04-24 17:39:08,2018-05-09 20:12:03,2018-05-14 00:00:00
1aad12119a878d0718676e9190cdbf28,e763fc4213e00ef7f2efee91d1458820,delivered,2018-01-08 14:29:28,2018-01-11 07:48:18,2018-01-11 18:48:59,2018-02-07 13:46:49,2018-02-06 00:00:00
80dda88e428c897ea6312859afee7907,fc514c7253935e84e08537f14c0e64bc,delivered,2018-06-08 09:17:29,2018-06-08 09:35:40,2018-06-08 13:53:00,2018-06-13 16:08:56,2018-07-13 00:00:00
de86651678f0f277aa9820e5d778f8cc,ea0aaae13136d2517b6777c8c7b433e7,delivered,2017-11-25 00:04:31,2017-11-25 03:10:48,2017-11-28 17:11:21,2017-12-05 00:04:03,2017-12-18 00:00:00
debc12ca3f03ddd2137fa497916c4590,9db9a34a9a1c9b9ad1bde1406c78fb0a,delivered,2017-12-28 16:47:41,2017-12-28 16:59:44,2018-01-02 15:53:07,2018-01-08 16:58:56,2018-01-26 00:00:00
3444a96bd74b41c9ef9ff23c7ee3c4c5,bccc6d9634a17a867191fb336a2e07ef,delivered,2018-01-18 17:56:46,2018-01-20 09:08:34,2018-01-22 21:58:26,2018-02-21 21:52:37,2018-02-16 00:00:00
1500f59278b33472734cddd11039033f,119462e9d287bc17dfb152ee17ecdc54,delivered,2018-01-14 22:44:58,2018-01-16 10:37:45,2018-01-22 16:23:46,2018-02-09 20:41:37,2018-02-09 00:00:00
e131f6ad498a67f7d30e5cc9702a3d99,c3b654b6e5f9e0be36d1905e677b187f,delivered,2018-01-30 22:59:55,2018-01-30 23:16:35,2018-01-31 20:04:44,2018-02-17 10:48:59,2018-02-23 00:00:00
09e1adca3506ecf15eefdb37196f2515,478bde4147e07d0ea250b66bcd36b200,delivered,2018-01-15 09:52:28,2018-01-16 07:58:21,2018-01-17 17:32:52,2018-01-23 05:52:54,2018-02-05 00:00:00
99e34b586d1fa26ea713021ff647d18d,010ac941a52f7717d87471a7da831cd0,delivered,2017-03-11 08:20:56,2017-03-11 08:20:56,2017-03-13 09:26:57,2017-03-22 15:08:25,2017-04-03 00:00:00
dff79b743bbac91445b8b167b6ae9da5,04b2fcfc043e6bd290a83c62fc3b38e5,delivered,2017-06-28 21:35:10,2017-06-28 21:45:17,2017-06-29 14:33:00,2017-07-07 19:19:42,2017-07-21 00:00:00
9819957d2d80bb1cdb7774bb0b623d85,94906d652f7d1c9e4c4af604ede7784b,delivered,2017-08-16 01:09:56,2017-08-17 09:44:40,2017-08-18 15:43:55,2017-09-19 16:58:41,2017-09-20 00:00:00
f47c8a5f13b399d0e46beaf4e9d8b952,b3b0bf1e95b7311948d08aa719d09562,delivered,2017-07-26 14:06:37,2017-07-26 14:23:07,2017-07-27 16:33:41,2017-07-28 17:59:36,2017-08-21 00:00:00
8f3c52ba80c75571b11705b0405b8696,3eb36db99e4bc4055ff570d968e76e07,delivered,2018-03-15 12:13:51,2018-03-16 03:50:14,2018-03-28 17:03:13,2018-04-17 19:34:53,2018-04-18 00:00:00
59cbd87a939d4c38f0716708f496b4f1,46f0d1bf4bc78e0f2f2c32cb7f4fc883,delivered,2017-09-16 14:05:18,2017-09-16 14:15:14,2017-09-21 19:32:05,2017-09-27 21:28:52,2017-10-06 00:00:00
990e3e00e06b1e57b3a48753fb244ab6,a4bb6827b1ef0599c6cbef75839db53b,delivered,2018-06-13 21:59:30,2018-06-13 22:19:21,2018-06-14 11:57:00,2018-06-20 18:20:54,2018-07-04 00:00:00
555bdeeec0ae00faeb547748b9e58ec6,06475b1ce34b05233619d42030f3c3ab,delivered,2017-11-24 07:04:16,2017-11-24 07:14:32,2017-12-04 16:27:41,2018-01-12 22:37:20,2017-12-29 00:00:00
d573cf2d2bd145e4bc855132a6c815af,0c58662653c40d0aec41ff36c511c0e1,delivered,2017-11-03 09:55:35,2017-11-03 10:10:37,2017-11-10 14:03:09,2017-11-23 19:08:47,2017-12-06 00:00:00
098899a1fca44446ebcd6eb00297d33b,def27cdf0c08b8b1f35fb84d3859a5be,delivered,2017-07-11 11:59:31,2017-07-11 12:23:41,2017-07-13 16:13:33,2017-07-19 16:07:48,2017-08-04 00:00:00
2e514f06a55a990840cf3f7131b45f55,4eb59d57e9c25a5d668bcea2100316a0,delivered,2018-07-20 12:16:53,2018-07-20 12:30:13,2018-07-23 10:04:00,2018-07-24 17:58:49,2018-08-07 00:00:00
5c31daa6b8fe52296b49b6776c8d2749,00d88dff8797c35f7db7739109ba8cb3,delivered,2017-10-26 08:35:23,2017-10-28 03:05:51,2017-11-01 20:27:30,2017-11-06 16:16:58,2017-11-09 00:00:00
d2a1fe9d4ea3e1e5fa4872a0f03f4168,396807fcc35170166ffb388d364fd486,delivered,2018-04-26 12:33:51,2018-04-28 03:32:51,2018-05-02 09:52:00,2018-05-17 12:51:41,2018-05-29 00:00:00
d8a0ebd040a2059ee8dbec7e4055b927,6a19aac11f8b7b0541420cfd0b4bd3a5,delivered,2018-03-26 21:47:13,2018-03-26 22:07:08,2018-03-27 23:58:24,2018-03-31 17:16:27,2018-04-26 00:00:00
1929b9b60df702da58751db8fb70145a,f493b5087dae76b13f83487d218b433a,delivered,2018-01-12 23:32:20,2018-01-13 00:29:40,2018-01-18 17:37:14,2018-01-25 19:25:06,2018-02-14 00:00:00
d236cf5ba33b4dad75e39c1d080f536e,4a741f0bd96ff7d84df0a878fbe416cb,delivered,2017-11-25 15:49:07,2017-11-25 17:33:01,2017-11-27 20:58:29,2017-12-28 21:08:02,2017-12-19 00:00:00
214957eabef2b509b290c836e9e97c03,8ae249501042d4c2fa227b82515490f6,delivered,2017-08-23 12:00:24,2017-08-23 12:55:06,2017-08-24 21:28:09,2017-09-13 18:13:02,2017-09-19 00:00:00
0bdfd876931ec6df01297b40e9672c12,a3bac6d9f128db48e46167f95d96c523,delivered,2017-11-10 23:55:57,2017-11-13 10:10:38,2017-11-14 16:29:07,2017-11-28 18:12:28,2017-12-11 00:00:00
02b9fd867657f257dc634a2e7e0f73c5,a96b4cca295b6876489ce885ca6b9f10,shipped,2017-06-10 12:16:30,2017-06-11 06:42:47,2017-06-22 07:47:49,,2017-07-17 00:00:00
91a5fad6dc3c119cb3dcbc59f22b9f80,8725cb0a76a612fb11b5412a07ae98f3,delivered,2018-01-27 10:27:25,2018-01-28 10:17:21,2018-02-01 01:38:34,2018-02-07 14:41:55,2018-03-01 00:00:00
9cb4982223168ae7d72cce4d255f4fd9,73952c491dd6ec53fcea1d31238cb787,delivered,2018-04-11 19:33:01,2018-04-11 20:35:11,2018-04-12 22:24:22,2018-04-18 20:36:33,2018-05-04 00:00:00
59593e36c1e6a46a1cf48a5af3c6ffe5,2fc563ccc1584bab47fd47ad2b376086,delivered,2018-07-11 22:11:08,2018-07-12 10:45:59,2018-07-12 15:26:00,2018-08-01 13:18:36,2018-08-02 00:00:00
8b2eaf2b5f115edbb32a2578b1dcb70f,21b4bbd289da6a8e0c1412bb95e89e61,delivered,2018-06-17 11:25:36,2018-06-17 11:39:30,2018-06-18 15:04:00,2018-06-22 00:07:45,2018-07-03 00:00:00
8829d663716d232eebeff74dc6f15af1,c594f7c8db922470d3aeffb1c1819571,delivered,2018-03-26 17:54:04,2018-03-26 18:08:19,2018-04-03 01:56:39,2018-04-19 22:29:38,2018-04-26 00:00:00
ccf1316e3b24c311e74194b631df9301,bcb383f1850a54db07dc880630688232,delivered,2018-01-05 12:54:24,2018-01-05 13:07:36,2018-01-06 08:58:59,2018-01-13 00:32:05,2018-02-02 00:00:00
6a23f8ca5022ad529871bbb66776be73,1923fd2d0a8975158784a9d0b797cc22,delivered,2017-11-29 18:11:36,2017-11-29 18:31:17,2017-12-05 20:43:09,2018-01-03 22:19:07,2017-12-29 00:00:00
a2115aed0dfabe789753c37481ea79d2,898af4584e6e3a5f2665ef245403ccc5,delivered,2017-10-04 15:28:26,2017-10-04 16:04:33,2017-10-05 18:52:33,2017-10-18 22:10:11,2017-10-31 00:00:00
33333d8eea2fd73fef836145d8e725ea,96984d20a74a9ad8ccaa00a5891605a5,delivered,2017-12-05 19:04:42,2017-12-05 19:30:50,2017-12-07 23:09:22,2017-12-14 15:58:52,2018-01-09 00:00:00
ca7176941d0e15c620cebcdcf36af650,28a926cf560ad11dbcc0eb9332cf6990,delivered,2018-03-09 09:17:33,2018-03-13 04:20:26,2018-03-14 20:14:50,2018-03-22 23:58:57,2018-03-21 00:00:00
088217fa841fd3da3004a1a7e1d525f8,fde6d4f410c038c07dc7d504cd4a540b,delivered,2017-09-20 19:08:10,2017-09-21 15:44:20,2017-09-28 18:44:01,2017-10-11 00:23:46,2017-11-03 00:00:00
4cb17cc02db441b762010b925e37fda3,a650aa35335da5e5133f1de95028f08a,delivered,2018-04-15 23:41:30,2018-04-15 23:50:12,2018-04-18 16:58:45,2018-04-19 17:12:14,2018-04-27 00:00:00
554bfd99dcbd9ac3d81b0c7e135f58b2,74c3c10ff5dce9ca7640e43b92210bcd,delivered,2017-03-12 16:26:06,2017-03-12 16:26:06,2017-03-15 17:41:59,2017-03-28 14:38:50,2017-04-06 00:00:00
40af8092cfca37c02ef8a817574f6edb,d4b436a493460b0d94761264ecaa51f4,delivered,2017-08-01 10:31:55,2017-08-01 10:45:18,2017-08-01 18:39:53,2017-08-08 20:10:21,2017-08-28 00:00:00
10d1e90a86d2be981a52b6a927c97dc5,6b3ed42b480bc5831a094f35dc11b668,delivered,2016-10-06 15:19:40,2016-10-07 10:11:30,2016-10-26 14:11:25,2016-11-07 16:26:10,2016-12-12 00:00:00
a275c8910a3b6a6bd7fe83c397afb4ec,93df2c2eded0c3103b0741a2d20ebb27,delivered,2018-05-02 18:24:59,2018-05-02 18:58:25,2018-05-04 17:23:00,2018-05-05 13:32:14,2018-05-16 00:00:00
578ef9ed2638d4e10337e50e37566344,cf08d4dd333c76a5b09fb2f352652d7b,delivered,2017-09-02 06:21:22,2017-09-02 06:30:16,2017-09-13 18:06:50,2017-09-22 16:51:43,2017-10-04 00:00:00
05a9d9ce2b1a217223ff7c5a60e509b2,cb4057b44a4efe80ba3db6417f1a3ce8,delivered,2018-01-08 22:55:44,2018-01-08 23:08:27,2018-01-09 17:54:07,2018-01-10 13:11:32,2018-01-24 00:00:00
7e60cf16935261e615cfe1e000aa05e7,517de77b4fb8e928fc4c2c7d057b5e40,delivered,2018-05-15 12:09:28,2018-05-17 03:34:47,2018-05-19 07:50:00,2018-06-06 16:28:36,2018-06-08 00:00:00
9d91a9530ea3af0213cfae03feed3be9,e695d4f6b2594abb3ad2c4a7d412de4e,delivered,2017-02-02 18:27:57,2017-02-02 18:41:26,2017-02-03 16:39:09,2017-02-09 17:57:47,2017-03-23 00:00:00
4f6a2e10ee405f1e0541c66c72d068bc,4a0738d56e1afaade49fb49b539f7efb,delivered,2017-10-06 10:35:22,2017-10-07 02:44:59,2017-10-09 16:57:51,2017-10-16 20:23:36,2017-10-31 00:00:00
4ba45e01cf325c8c853971e79c9cf7bd,4f6601688da0bd1e6f7d19b8616ae639,delivered,2017-06-19 16:14:31,2017-06-20 10:43:49,2017-06-22 12:33:15,2017-06-23 10:49:38,2017-07-03 00:00:00
1f640ae3c57af032c880e2814a991e34,babed1605e2a7a9f20d4038f6d527ed5,delivered,2017-10-17 09:54:42,2017-10-18 10:04:56,2017-10-19 00:24:57,2017-10-25 20:23:07,2017-11-14 00:00:00
028587d8834cae89e572f1db671d0419,eb44fe0ac99d141cdadb412aebdc57a0,delivered,2017-08-25 11:21:00,2017-08-25 11:35:18,2017-08-28 20:12:45,2017-09-06 20:04:52,2017-09-27 00:00:00
a274b226c85e040459bc1e0bc666903a,d2b942a4c9b54c1fc043c3875b73266c,delivered,2018-01-24 17:29:52,2018-01-25 02:57:46,2018-01-26 19:07:02,2018-02-15 17:58:23,2018-02-23 00:00:00
7f095ef5086869ac49b20d6cc5484418,936d1149d8f55900f5f1858a6ccd5f07,delivered,2017-03-12 11:37:57,2017-03-12 11:37:57,2017-03-15 11:29:53,2017-04-03 14:12:14,2017-04-13 00:00:00
a6264125a9c50827b115847d47c73a13,b52548625e32de3e7e0dca735663ec8b,delivered,2017-10-06 15:02:44,2017-10-06 15:14:26,2017-10-09 21:47:31,2017-10-18 20:23:26,2017-11-01 00:00:00
50afe29220be2f02604b5cbb9e641f86,abb188913700dc174010c777b06159bf,delivered,2017-03-08 20:41:04,2017-03-08 20:41:04,2017-03-09 06:32:37,2017-03-23 07:12:13,2017-04-03 00:00:00
11ff1ded4bf64d8d20ee9717984a0f4f,69da07e0702127a264b0ce08c02eb69e,delivered,2017-03-22 08:23:28,2017-03-22 08:23:28,2017-03-22 11:53:36,2017-03-29 14:20:03,2017-04-12 00:00:00
851b7dd1e78cd0ff3faaa1d3df4447ed,a0151ed541c6bd0363ad9dc4c7de6634,delivered,2017-10-28 18:24:10,2017-10-28 18:35:08,2017-10-31 18:47:18,2017-11-08 20:32:46,2017-11-24 00:00:00
8c08046423760b49c5791fa64db061da,f1745c3717ce7b1e8ac4009eeca57e51,delivered,2018-07-31 16:21:04,2018-08-01 04:35:10,2018-08-02 14:48:00,2018-08-07 21:05:16,2018-08-24 00:00:00
7b6de8c2dd83e08b23d9d4cc1282c92c,bb86cb752db7c3949d4a8ec103e4c256,delivered,2018-03-11 17:25:54,2018-03-11 18:20:54,2018-03-13 18:02:47,2018-03-20 02:27:41,2018-03-22 00:00:00
8cf161212f0485db7a520d56b5cc724e,50842fb323b23c7e7e2d14e083168335,delivered,2017-06-01 00:41:00,2017-06-01 01:35:20,2017-06-01 15:26:17,2017-06-08 13:50:14,2017-06-23 00:00:00
2e935fa1d39497aa0ec3f1107fbfb5b8,ffffe8b65bbe3087b653a978c870db99,unavailable,2017-09-29 14:07:03,2017-10-03 06:34:13,,,2017-10-24 00:00:00
2a915fd877409831a1a6372f57b3936d,85241ef0e6f4c1602d059a41df6418d7,delivered,2018-05-02 20:48:52,2018-05-02 21:18:42,2018-05-03 16:31:00,2018-05-07 21:06:43,2018-05-23 00:00:00
c578368509858a65535ce3962ee21be3,3b3fa10e445e9f9d3d14003c5285290e,delivered,2018-08-01 19:55:57,2018-08-01 20:23:58,2018-08-06 14:49:00,2018-08-09 22:41:43,2018-08-23 00:00:00
b027e9d1b5a30853af2663e94f2e8a00,ba93bb3d4a9e2aec793c0f474a071ae2,delivered,2018-08-12 08:36:16,2018-08-12 08:50:06,2018-08-17 14:15:00,2018-08-22 17:28:22,2018-09-03 00:00:00
73b205f9aeaddefc8fd66b0816877e3d,38ba0df31d76fa64c9c3561904d2c3c9,shipped,2018-03-19 14:48:23,2018-03-19 15:17:12,2018-03-22 20:38:24,,2018-04-10 00:00:00
98e791b684692cdd750ed6ee926c3ce0,d212ab922f99dff9e77e8bb172b7c667,delivered,2017-11-28 15:53:05,2017-11-28 16:17:34,2017-12-06 00:33:35,2017-12-08 18:15:01,2017-12-19 00:00:00
66d762e0419035dd8b19815070a2b8dd,179e76d91b4cd478d401bf51007fe61a,delivered,2018-02-06 21:59:22,2018-02-06 22:10:34,2018-02-15 14:21:32,2018-02-21 01:32:40,2018-02-23 00:00:00
94a280e9178a824b49777271fdf8e5cc,0dbfdb203a06e44a110c7eb98a4ca78a,delivered,2018-06-13 08:36:35,2018-06-13 09:15:32,2018-06-19 15:19:00,2018-06-26 21:57:35,2018-07-17 00:00:00
d2d6acd468cd36300e20668ae293923e,37d096f38cac07f3f22df9b2f4d99302,delivered,2017-12-03 15:34:00,2017-12-03 15:49:29,2017-12-08 01:08:00,2017-12-27 23:14:57,2017-12-29 00:00:00
c07db2ecf8530bd60659764d866467cf,bb0687468b15b7fd6385704a051bb6aa,delivered,2017-03-10 12:10:11,2017-03-10 12:10:11,2017-03-13 09:59:52,2017-03-21 15:37:28,2017-03-31 00:00:00
ec689ea3a26649b3979af90517284c77,7cafa9eae6000dc9e56e0813e97b1707,delivered,2018-01-12 12:28:36,2018-01-13 04:55:09,2018-01-16 19:13:49,2018-01-24 22:18:33,2018-02-02 00:00:00
8f5c0b7943a43043c30c4ed2cc43fda3,5591b3fe076ec3128473fa2a8e486aa0,delivered,2017-07-11 18:43:52,2017-07-11 18:55:20,2017-07-14 20:49:43,2017-07-20 13:15:43,2017-07-24 00:00:00
7dcc6df2be2e64c78a83397fceadea30,94d084a49f9651e3289193e6871094c6,delivered,2017-12-26 14:26:34,2017-12-26 14:37:27,2017-12-28 16:57:27,2017-12-29 18:19:18,2018-01-15 00:00:00
035678e70978296fb0e7469a611c322e,b7b9fc03a71452c9ca2b9aca57f9d350,delivered,2018-01-10 05:39:45,2018-01-10 10:31:47,2018-01-12 23:09:34,2018-01-22 20:25:32,2018-02-05 00:00:00
374ea05bddea41377f4f50ee98114af1,ff2c9b8929f7e512600f32b20be0ac64,delivered,2018-02-15 23:02:00,2018-02-16 14:32:37,2018-02-16 22:48:58,2018-02-28 19:36:15,2018-03-12 00:00:00
b33ec3b699337181488304f362a6b734,9b3932a6253894a02c1df9d19004239f,delivered,2017-03-10 21:05:03,2017-03-10 21:05:03,2017-03-13 12:58:30,2017-04-05 14:38:47,2017-04-07 00:00:00
737750ec93ce0309b44d477651bf0642,028605cdb42f4bb9653d81ce3116f2ae,processing,2017-08-04 19:31:34,2017-08-04 19:45:11,,,2017-08-17 00:00:00
201183426051cfc62c56f2414b2480e3,23a9e5fb434a3b654f4195d3e856d79a,delivered,2018-08-01 17:48:17,2018-08-02 05:05:13,2018-08-10 19:05:00,2018-08-11 15:18:29,2018-08-06 00:00:00
9b7cadbb92caa7ecc994bc25a7932963,670a432cf10d38da64efeaf03fcf6385,delivered,2017-07-14 09:22:32,2017-07-15 03:35:28,2017-07-20 15:47:48,2017-08-28 22:09:42,2017-08-21 00:00:00
572acae7da06b5b656a1b296d1fb131f,79aff2ef60b4eb882529f6f5f132ddd1,delivered,2017-08-31 19:05:02,2017-09-01 02:15:39,2017-09-07 00:22:29,2017-09-15 21:13:49,2017-09-21 00:00:00
e234809e3866893a48000338cc5c4516,fc8289e95b388efea5060cc8cfaef012,delivered,2017-06-10 09:18:32,2017-06-10 09:25:12,2017-06-12 14:17:37,2017-06-19 20:36:22,2017-06-26 00:00:00
3a2fdba55d87afeb105664d40a7bbbd0,0dd3aa5af0cafc096682df9d2984f247,delivered,2018-02-05 17:38:23,2018-02-07 02:52:07,2018-02-07 23:49:32,2018-02-14 20:51:45,2018-03-08 00:00:00
acc0f8df9ebef09c7aeb9191e65dcf9d,40a9f7530f5b05737ed97fda2e03e6df,delivered,2017-11-23 17:40:25,2017-11-23 18:25:15,2017-11-24 22:18:51,2017-11-27 18:39:07,2017-12-07 00:00:00
46788cff5146625ee173bb83fdca760a,09d736fbf93b015aebbfcc66ecb56c84,delivered,2018-02-05 10:10:01,2018-02-06 04:32:07,2018-02-15 23:59:04,2018-02-19 16:28:08,2018-02-23 00:00:00
fc79d61f2a305370fd69ee2c8048d5af,0c838ef80e244083eebe4db0da227bb2,delivered,2017-06-05 18:47:22,2017-06-05 19:02:26,2017-06-06 15:28:29,2017-06-13 15:11:05,2017-06-30 00:00:00
12f3c6723ad757676360f2b5bd8ce007,e98065a8b5eab63b7ae08943455d7ba9,processing,2018-01-19 18:24:33,2018-01-19 18:32:27,,,2018-02-20 00:00:00
994572d6e67b97ce9c9ceb7cc0f6445f,01ef9a979bab9ba62386d5abfb646cfc,delivered,2018-07-04 09:36:54,2018-07-05 17:01:12,2018-07-05 15:35:00,2018-07-06 12:43:06,2018-07-18 00:00:00
b69f9a11c002386339f9380a17c4b4e2,8708b977b718ad465e2c246f86d79e9c,delivered,2018-05-04 20:47:45,2018-05-08 04:15:20,2018-05-15 14:38:00,2018-06-04 13:36:52,2018-06-11 00:00:00
4a9dc2faaef0d40f57769730138a0be2,af240c0b6fd782ac3d4665c207184d29,delivered,2017-10-01 01:35:02,2017-10-03 04:05:08,2017-10-17 19:13:16,2017-10-25 19:44:05,2017-10-30 00:00:00
ad50842c73ce9289d4baca78ab32e34d,a4efc2fdf46a78e6ca9416e95e243abb,delivered,2018-03-15 16:07:28,2018-03-15 16:28:16,2018-03-16 17:56:39,2018-04-02 19:48:31,2018-04-17 00:00:00
5896d753079d9faa8aeaf60231b3e788,05dddfdfc3fa1b69e10aa4292a9fb431,delivered,2017-09-24 09:30:35,2017-09-24 09:45:36,2017-10-04 09:59:59,2017-10-16 18:08:33,2017-10-23 00:00:00
3575f2d00b5591e5462a2fdf78ce6750,0ace2b9bd28eb550128cb036aef3c4db,delivered,2017-11-25 07:43:20,2017-11-25 07:50:39,2017-11-28 17:41:58,2017-12-10 19:09:33,2017-12-21 00:00:00
6d9ae94dabe435d638bfc80834e79b4a,5a1fb4a5f5bbc3c9df401e607b0f1ddc,delivered,2018-01-24 11:40:18,2018-01-24 15:08:07,2018-01-26 14:12:34,2018-02-02 14:35:10,2018-02-16 00:00:00
24125310335475b73015f74ec4327c2a,c1da9b0b8b59fe31a48c170dddc2cd98,delivered,2018-07-13 22:29:03,2018-07-13 22:45:06,2018-07-16 08:57:00,2018-07-26 16:56:05,2018-08-03 00:00:00
065fb1ee0ec59ea0a68b3105a59a69ce,d4772f8e732c5faa405ee431469bb21a,delivered,2018-01-24 10:52:09,2018-01-24 10:59:30,2018-01-29 21:44:31,2018-02-21 23:33:40,2018-02-23 00:00:00
b73bfd1f82884283130f01b82dd3bd32,24feb498714b7f47e6ade5a43ed8010b,delivered,2018-02-12 22:58:08,2018-02-12 23:10:21,2018-02-26 19:37:14,2018-03-24 15:58:26,2018-04-16 00:00:00
260663e19dcfde94518d21b2dbde37d9,dc5cd9f17ac01e1952610ac381c55652,delivered,2018-07-20 19:52:20,2018-07-20 20:05:15,2018-07-23 15:52:00,2018-07-24 19:58:37,2018-07-30 00:00:00
763cef494955df156986e220c7810b18,d8c1539abb37e4d303c460e0329954d5,delivered,2018-07-04 19:09:55,2018-07-05 16:33:26,2018-07-05 15:02:00,2018-07-07 14:46:49,2018-07-26 00:00:00
61b199f09f9de7776b875cce7c71e649,21d2c3ed27ae18bdbde418121df7e3db,delivered,2018-04-23 13:49:33,2018-04-24 18:22:23,2018-04-23 23:37:52,2018-05-03 00:19:12,2018-05-15 00:00:00
030bc9dbf75985f16a84a296363fda3f,eeebc20cdf8c43ca5fbb2ad606f2663c,delivered,2018-02-17 08:28:29,2018-02-17 09:30:22,2018-02-19 18:22:54,2018-02-24 15:48:48,2018-03-16 00:00:00
4e10aee446b5dd3802f8c8e058581d2f,d36c0bb393c1151ed7d85960305e6eb4,delivered,2017-05-17 18:24:42,2017-05-18 16:15:15,2017-05-24 08:23:52,2017-05-26 06:41:46,2017-05-30 00:00:00
1ec2e1de3e116559a59ec5166697d334,15de606e20783da1172ce080e95389fd,delivered,2017-03-07 14:13:42,2017-03-07 14:25:12,2017-03-08 09:42:05,2017-03-16 15:03:43,2017-03-24 00:00:00
5a07e91ff0df440fc9e39922aa973b9d,b3a700964f6f6afd6d7df555d6e088a0,delivered,2017-10-21 21:59:17,2017-10-21 22:14:19,2017-11-03 21:13:32,2017-11-13 20:46:44,2017-11-23 00:00:00
e588b55b6b7bd29dbdc14c20e37793c4,659816a84c2b5af41f7411a9a69e383c,delivered,2018-08-18 12:33:16,2018-08-18 12:50:39,2018-08-20 14:24:00,2018-08-23 23:21:44,2018-08-27 00:00:00
38c2ff711e43f0a1fbd53318ec252e21,7456ab2fe7a5eb4cfeba4c07cd2b9091,delivered,2018-05-07 11:26:23,2018-05-07 17:56:47,2018-05-08 09:58:00,2018-05-14 18:44:43,2018-05-29 00:00:00
faca9e4481d72f438626ae69cf2bbaf0,9f46e84d51e039c5decfa738cde0895e,delivered,2017-09-13 18:46:15,2017-09-13 19:04:16,2017-09-22 21:42:55,2017-09-29 17:56:55,2017-10-03 00:00:00
61e2fb8e77d1f20f7f3ace7ca3a7133f,d4b3be82af3429e4a7c974e16a987473,delivered,2018-08-09 16:47:32,2018-08-10 03:24:45,2018-08-10 13:32:00,2018-08-16 20:16:45,2018-08-24 00:00:00
dc1684e479fd096236b2ca413bcd4ca6,582a9cc4d66cf90630486c68211fd672,delivered,2018-02-16 18:06:03,2018-02-16 18:46:36,2018-02-20 10:22:33,2018-02-27 21:38:55,2018-03-15 00:00:00
236cf69a971925717236c958ba368c58,e04b04b7ef43a86bc7d88d35ccbfe41a,delivered,2018-05-18 13:05:34,2018-05-18 13:15:39,2018-05-21 15:50:00,2018-06-05 17:04:10,2018-06-13 00:00:00
7ab737441b79ec93e9e9b1335f22a30c,bb7874514104785ce5b5abece4670a18,delivered,2018-03-03 21:20:15,2018-03-06 03:51:19,2018-03-08 21:18:24,2018-03-29 00:52:30,2018-04-05 00:00:00
9aa6e0715c13dfb78529a2fe1a837212,1da06fdbdc30694422db7444851502c4,delivered,2018-03-28 23:17:35,2018-03-28 23:30:15,2018-03-29 17:58:42,2018-04-04 21:26:32,2018-04-20 00:00:00
df6b027b8ccc733f264b64dd4f6de13a,eebc69686ea8a00d134fce347377b2b6,delivered,2017-12-07 16:22:40,2017-12-07 16:35:25,2017-12-08 17:52:16,2017-12-20 19:42:29,2018-01-09 00:00:00
8a0c45c3a220380c7e82eb944150e5e1,bb41621dbfca3e75a50bd5b4d4246122,delivered,2018-02-05 12:14:18,2018-02-05 12:29:51,2018-02-20 14:05:49,2018-03-06 20:04:13,2018-03-23 00:00:00
b94e9a3fad6a18ccc040e66e4bd271b4,5cc76dcf28ddfa1bf213e2353990789a,delivered,2017-09-12 18:42:37,2017-09-12 18:55:15,2017-09-13 20:38:09,2017-09-20 18:48:19,2017-10-03 00:00:00
0489818f0b5863c095a7445ee35fd7f2,441c43a44f8fc8d89a614e806820a548,delivered,2018-03-15 20:56:24,2018-03-15 21:10:29,2018-03-16 18:44:46,2018-03-23 23:58:31,2018-04-10 00:00:00
a72668e055fb6a15dc7c8d6e0b8daca8,cea0d06a5bbeed1369f325b19c27fe1b,delivered,2018-05-12 09:01:28,2018-05-12 09:14:41,2018-05-16 14:52:00,2018-06-07 22:58:23,2018-06-14 00:00:00
2c85015afa7245242d2f751099dd70e0,425303cf0383f08e3aeac0ef4f6dac7e,delivered,2017-09-19 10:35:43,2017-09-19 11:20:16,2017-09-21 20:39:05,2017-09-26 21:37:33,2017-10-05 00:00:00
1c8eded3a8ddf56d2909d4713110501a,a1b0421d81bffa8f8c7cf153f5a3ec18,delivered,2017-07-12 10:47:10,2017-07-13 03:05:29,2017-07-14 20:12:12,2017-07-25 19:27:56,2017-08-07 00:00:00
8efdf8d2129927b7e1f5bead11ab5ab6,d5f9274053a3e93adfd38189ff32dc44,delivered,2017-08-25 10:26:55,2017-08-26 02:06:04,2017-08-31 14:14:07,2017-09-06 22:52:04,2017-09-08 00:00:00
db74facc22b984a0e9f3fedac9196d9d,d56acc3bec3115a4680b479ef65e4917,delivered,2018-07-18 01:31:01,2018-07-19 01:25:19,2018-07-20 13:21:00,2018-07-25 12:18:36,2018-08-03 00:00:00
760e70b6d3136376633a2c6369da1c69,468fff96eab377a97c5bcf8f998bf2c2,delivered,2018-03-23 13:43:42,2018-03-23 13:55:37,2018-03-26 16:46:27,2018-04-02 22:22:22,2018-04-11 00:00:00
47321cd41efe54fcdf12635bb2b59437,d4d0c671b6edb07d134c7c44856f13d3,delivered,2017-04-24 14:42:17,2017-04-24 14:55:18,2017-04-24 16:24:10,2017-05-12 12:33:44,2017-05-15 00:00:00
a340559e00903f5d714ce736af183cbd,732076d88a07da72edc17de98921cfd7,delivered,2018-03-28 15:20:28,2018-03-28 15:30:23,2018-03-29 01:32:20,2018-04-25 18:32:39,2018-04-17 00:00:00
a4e62639ac0ca7429854efc494c1915f,951424b1692aa7bd56ce420e20a2d1d8,delivered,2017-01-31 10:48:02,2017-02-01 02:45:31,2017-02-03 11:58:50,2017-02-14 11:11:32,2017-03-08 00:00:00
8a0ab628dfb76b8bd7688ac87d051391,a71be38d58e0737c4dd9bd0f1758dc6b,delivered,2018-01-02 16:53:24,2018-01-02 17:08:45,2018-01-05 18:59:19,2018-01-09 18:09:12,2018-01-18 00:00:00
98509cb0716e6b8b252e0dcb05b2e481,14f19cd312c81ec701cd8952871b02af,delivered,2018-04-11 16:55:26,2018-04-11 17:10:59,2018-04-12 18:23:42,2018-04-13 18:38:23,2018-04-27 00:00:00
110f190bf49ab04f3ead4f860570e902,bbe2d2a9243953e0145ab851d3acc014,delivered,2017-10-03 15:46:55,2017-10-03 15:56:20,2017-10-04 16:24:02,2017-10-06 21:48:05,2017-10-20 00:00:00
f62d0c0343ded060890ac3b257706521,4d4f0328a3d73c9e80009295207cb349,delivered,2018-06-28 11:19:31,2018-06-28 11:35:14,2018-06-28 14:12:00,2018-07-25 14:47:59,2018-07-24 00:00:00
829d9f111d5d360a3dcdb9d7c9af9a0d,127a92c454a0c41d78b503f92ccab6e9,delivered,2017-05-14 12:51:53,2017-05-14 13:05:35,2017-05-16 16:02:19,2017-05-30 16:14:58,2017-06-16 00:00:00
2e3484a1a6d6411c0a875c5b0f40be6c,eaa23e1f86158e335020233d6d714c25,delivered,2017-11-14 12:09:35,2017-11-14 12:26:57,2017-11-14 19:58:32,2017-12-14 14:57:03,2017-12-14 00:00:00
cea661692913da073bd99bb510849bdc,edf3f0e2ffd4f36336cf50b2ea855b53,delivered,2018-08-10 14:52:35,2018-08-11 14:55:09,2018-08-13 14:36:00,2018-08-18 19:29:45,2018-08-21 00:00:00
ae8e70d062fa5569315a69e1cc675b64,155a171143567ce10f80b0b351ac374b,delivered,2018-03-18 12:25:53,2018-03-19 07:50:53,2018-03-22 21:12:49,2018-04-05 18:12:02,2018-04-05 00:00:00
ef99b2344297c6e5a84acfc73ab41470,cd08333efebc859d377ad0bf63d3cbc1,delivered,2018-03-21 22:29:44,2018-03-21 22:48:29,2018-03-22 19:03:28,2018-04-06 21:56:42,2018-04-12 00:00:00
b86f93410aa7fe320e029d576bf7bb71,d83c96e43ceb861c1ae810521d467133,delivered,2018-08-09 14:08:38,2018-08-09 14:26:08,2018-08-09 14:12:00,2018-08-15 16:08:43,2018-09-11 00:00:00
8a8b616382f617096bdf45e1b3e7e3f5,42b35a52a2ac0962b846d5c532f81e3a,delivered,2017-08-02 13:49:39,2017-08-02 14:05:07,2017-08-07 14:37:53,2017-08-14 17:56:03,2017-08-15 00:00:00
7cbf82e1c7dc73fa8949aefcdf3cfdc9,ce44006c34eee6e18fca84d926452692,delivered,2018-02-27 10:29:12,2018-02-28 09:55:46,2018-03-02 21:32:54,2018-03-20 17:18:55,2018-03-28 00:00:00
c1d3d16d19447e6ae5ea015f6056b3cd,b11e250946825112922c4a12a013b858,delivered,2017-12-20 09:56:32,2017-12-20 10:09:52,2017-12-27 11:40:43,2017-12-28 20:25:17,2018-01-09 00:00:00
0f35677b3f90e52b046a9bef4b72e1d8,9eb0e06ca6a1fde2c265f01092e1028f,delivered,2018-03-19 14:32:34,2018-03-19 14:49:45,2018-04-05 18:25:27,2018-04-07 01:22:12,2018-04-16 00:00:00
35ea7e8cd3593d3a55da91e19ae87acb,cc9661b0777a96ce8c731f6921839215,delivered,2017-06-06 16:17:53,2017-06-07 02:42:41,2017-06-16 14:42:50,2017-06-21 17:38:10,2017-06-27 00:00:00
6f0dfb5b5398b271cc6bbd9ee263530e,8517e7c86998bf39a540087da6f115d9,delivered,2018-08-01 22:00:33,2018-08-01 22:15:19,2018-08-02 14:20:00,2018-08-07 17:38:52,2018-08-24 00:00:00
a9c8ac0c26c178f0ad33618f96225a01,727ab4449f530b9af13f40fa8e528bff,canceled,2018-07-22 23:36:14,2018-07-23 12:31:55,,,2018-08-07 00:00:00
2e143861a5240d0e457622ac38913826,46f59880bf46bba55ff84044bc5873e4,delivered,2017-11-30 20:10:39,2017-12-01 09:30:59,2017-12-01 18:34:16,2017-12-12 16:41:50,2017-12-26 00:00:00
78e4b001a62cb8a87548dc306284e4f5,7355b734cfb887e0572c4cdfb5ce6d27,delivered,2017-11-24 15:40:54,2017-11-24 18:51:49,2017-11-30 22:03:08,2017-12-04 20:11:58,2017-12-14 00:00:00
22354baf9cca9cdfa42fa81c286e9b00,d9e8d14cf3761f7215e9768c78fdb2fb,delivered,2018-01-17 13:23:11,2018-01-17 13:34:32,2018-01-17 22:13:08,2018-02-02 02:13:28,2018-02-16 00:00:00
d8c288d0fed5e08752d14664f564075a,7cddd3d8df26c4596b3d23a98d32642b,delivered,2018-02-21 23:24:32,2018-02-23 02:15:25,2018-02-23 22:38:33,2018-02-26 19:39:00,2018-03-07 00:00:00
de04c03e7fcd10f5d9ccee5584ebf84d,4657291c8b3021ee2ab479a0a79622d1,delivered,2017-06-19 18:43:05,2017-06-21 02:23:16,2017-06-21 18:22:01,2017-07-10 20:59:43,2017-07-11 00:00:00
bb5b7c37dba6e2ce0122da77dc538ab3,725fd041e8ecd092854a36490ad74872,delivered,2018-06-04 14:44:40,2018-06-05 04:15:10,2018-06-05 10:50:00,2018-07-11 15:41:54,2018-07-18 00:00:00
53120064d7fdd369bd6c2b0ab22e09fe,dbc61821f39ebed23c39c9a34df951fb,delivered,2018-04-09 13:46:56,2018-04-10 04:10:44,2018-04-10 22:57:39,2018-05-02 13:35:30,2018-05-09 00:00:00
0ef1f17b38b3b07c9de4183721e4f33d,e1c4f1d74b30e5741ceee137c4bc9c96,delivered,2018-01-05 14:14:30,2018-01-09 07:16:24,2018-01-10 11:49:29,2018-01-11 21:33:23,2018-01-26 00:00:00
9bc75a6264272c1cb4cffbd286cf39e4,d04bf5aadb423afb90cc554bf3d374a7,delivered,2018-01-19 23:57:46,2018-01-20 00:18:03,2018-01-22 23:39:04,2018-01-31 20:33:27,2018-02-15 00:00:00
076d3284be23e6c6ed0267f87775b62f,a466a6b7b523a9ad0b85a1872a03c264,delivered,2018-02-07 06:05:06,2018-02-08 08:56:15,2018-02-08 20:21:34,2018-02-21 21:09:18,2018-03-06 00:00:00
8805c89717242b991905a253e19e7aab,0fc069caee5336cc0871eb88bdb10461,delivered,2017-09-21 22:15:00,2017-09-21 22:47:29,2017-09-25 16:43:09,2017-10-09 22:18:43,2017-10-19 00:00:00
021d35119e0e191a4fa47715d479b6f8,0ceb28a00e14081b054eee1421d9d970,delivered,2018-03-02 13:20:21,2018-03-02 13:35:30,2018-03-02 22:44:48,2018-03-16 20:34:39,2018-03-20 00:00:00
202fb00e8ae54d41adf6e95a39e6e024,b7992f134b8028f605c62599f118a877,delivered,2018-06-28 17:11:29,2018-06-28 17:30:49,2018-07-04 14:53:00,2018-07-13 18:52:44,2018-08-02 00:00:00
eb2407826087507a6c67c9329bbfaadf,6a435bcb05ce7f39854d7d2223eb3b0d,delivered,2018-06-23 14:28:22,2018-06-23 14:58:31,2018-06-25 13:21:00,2018-06-30 11:48:40,2018-07-25 00:00:00
fb1a2a1296f822405a946cbdfc0d3ed6,f9bdbea246da607ab4641959ba6aa32f,delivered,2018-04-15 20:23:05,2018-04-15 20:30:59,2018-04-18 22:21:43,2018-04-25 21:32:58,2018-05-09 00:00:00
a2b80bbb76333d5b553483db7cc4fafd,0858216f90504a249042913e591f8cc3,delivered,2017-07-13 06:23:26,2017-07-14 02:24:38,2017-07-18 19:45:50,2017-07-26 20:15:55,2017-08-02 00:00:00
5f2afe447ecc492da57db318b381a3ab,225e04767aee40ab29339c8392c13197,delivered,2017-06-15 08:21:27,2017-06-15 08:35:13,2017-06-16 15:29:12,2017-06-22 13:32:55,2017-07-06 00:00:00
9b536ddb073db4391797658cad90522f,0fc1d6c8001a162c73ba027f79373b1c,delivered,2017-12-06 09:00:51,2017-12-06 09:17:20,2017-12-06 23:42:54,2017-12-07 21:41:44,2017-12-22 00:00:00
7d0a0773edc4bdca0ef6ab55777718a7,a5c957468ed6f0d66633b446e17e9865,delivered,2018-01-01 10:24:03,2018-01-03 04:14:33,2018-01-05 20:54:35,2018-01-09 13:13:33,2018-01-18 00:00:00
b36ad36000bcccc8dbefea10204348d5,e49d1a4205d4d9743f4199900f411c71,delivered,2018-01-16 15:07:24,2018-01-16 15:19:31,2018-01-23 10:52:32,2018-02-15 23:29:16,2018-02-20 00:00:00
bb8a1765f503bbd115a1c138cc3b75d4,b9643b18898b76aae61af98c6c0ff17b,delivered,2018-01-15 14:23:16,2018-01-15 14:38:20,2018-01-17 20:14:20,2018-01-29 19:15:51,2018-02-14 00:00:00
63ad650ce1c19577c3eaa386f8752701,7b9017adffde5aa859580f0cef0894f5,delivered,2017-05-16 22:52:41,2017-05-18 02:31:00,2017-05-19 14:56:19,2017-05-23 17:53:57,2017-06-07 00:00:00
a2621d414c9c28d85816bbc9f2e8980d,8a7ea5641aa689d62643a0519501dc39,unavailable,2017-09-22 15:42:18,2017-09-22 15:50:15,,,2017-10-19 00:00:00
eafbef87f34e01cecad90ee40d94050d,5786cf5dd9bb4d28dacf093affb81333,delivered,2017-09-13 14:00:56,2017-09-13 14:10:25,2017-09-21 14:54:09,2017-09-23 13:52:05,2017-10-25 00:00:00
4b4d1573d0fb4a347214a8172a51fc16,c330c9cae22ab51f243bea0bc1310dec,delivered,2018-05-22 12:32:24,2018-05-22 12:56:18,2018-05-22 19:04:00,2018-06-05 23:42:29,2018-06-05 00:00:00
8223c1c9dfe33eb14644dd34a5213285,901d7a385e775e24d2adb6ea1d28ff10,delivered,2017-05-28 16:33:20,2017-05-28 16:42:21,2017-05-30 08:42:24,2017-06-08 11:17:41,2017-06-23 00:00:00
d9e05f5c9c364436b18207eeff4f789e,cac7078135671db755ad7c162f2b889c,delivered,2018-07-21 14:00:52,2018-07-21 14:10:11,2018-07-23 15:53:00,2018-07-26 17:28:32,2018-08-07 00:00:00
fb085529373f03634a84fa2358deedcd,3c666d059d0d2b62ce5feb29e07175ba,delivered,2018-04-28 23:42:47,2018-04-28 23:55:16,2018-05-02 14:24:00,2018-05-06 14:52:07,2018-06-08 00:00:00
3497aadef2eac5ac0ae7f3a3aec00930,ee9814ba62951e233b76a8f52dd0dcd2,delivered,2017-05-05 17:00:44,2017-05-05 17:15:18,2017-05-09 08:12:59,2017-05-18 13:40:03,2017-05-31 00:00:00
d6c9b749c828f6f1416767e715ca5e6c,94a01ea28ca5c85624360c16e402efdc,delivered,2017-11-25 14:28:30,2017-11-25 14:55:34,2017-11-27 23:07:09,2017-12-05 23:56:40,2017-12-15 00:00:00
b605af5fb88eb77cc70df27f2df3a883,aca8fffbc60949cc5930ab39b195e5f9,delivered,2017-09-13 02:23:07,2017-09-13 02:30:18,2017-09-13 18:55:38,2017-09-27 18:53:49,2017-10-04 00:00:00
e4e0b1913652739070617b6a336a6ca5,02f5837ff2d19277d066df76e27a8cca,delivered,2018-06-06 19:08:58,2018-06-07 03:12:31,2018-06-07 15:06:00,2018-06-12 21:34:26,2018-07-03 00:00:00
2a68c629963d9ef7755eb29d53147d35,11999e013d7ed940ec19dfe9e06a3575,delivered,2018-08-22 20:38:11,2018-08-23 02:45:15,2018-08-24 14:12:00,2018-08-27 18:32:09,2018-08-29 00:00:00
d01e92ec32f1236c8807d60c3f01a4cc,217413cd63c1f485aef2119fc9968a3a,delivered,2018-03-20 22:32:03,2018-03-20 22:50:31,2018-03-22 22:11:54,2018-03-27 20:33:05,2018-04-17 00:00:00
235970f9da00d655ab21d7fa98305d4e,83d30a7b0d6516ae0f0192056fa6561c,delivered,2017-11-28 22:27:46,2017-11-30 02:26:55,2017-11-30 17:13:26,2017-12-20 22:43:18,2017-12-27 00:00:00
f1383f0e3f1a27d300b52df20a252be3,d3d1b1727c49bff536d426a28b6ca096,delivered,2018-01-07 16:03:14,2018-01-09 07:21:22,2018-01-13 01:07:11,2018-01-25 13:21:30,2018-02-05 00:00:00
ffa2a7fdee9759a1c69f742f0a21d371,582f3b5944cd433da07eaf7d52118ee5,delivered,2018-02-11 14:23:30,2018-02-15 03:55:46,2018-02-16 02:04:41,2018-02-16 17:55:44,2018-02-26 00:00:00
3441775e7c16fbea57b763e6b2e3d049,74a2f2cb1f11f490eda66560f4038b8a,delivered,2017-06-13 13:34:48,2017-06-13 13:45:16,2017-06-14 13:32:36,2017-06-26 13:55:42,2017-07-21 00:00:00
2c4c9c00a376feb3bbd0bf49823eca56,134192a1bcebeca7ca2e7311d9695690,delivered,2017-11-06 09:16:31,2017-11-07 09:26:20,2017-11-07 17:59:06,2017-11-08 15:06:47,2017-11-17 00:00:00
0d0b6cc488971eabaf999e0fca2b7bfe,12d69fce7a250f435cf1a184a28e030c,delivered,2018-07-04 21:20:35,2018-07-06 03:11:25,2018-07-09 15:06:00,2018-07-21 18:48:47,2018-07-30 00:00:00
80d25aa9f66c2d419bc422687bb41b85,4452508ccdd430778d3d2acdc930313e,delivered,2018-04-05 21:58:18,2018-04-05 22:10:13,2018-04-06 23:16:43,2018-04-10 14:44:52,2018-04-26 00:00:00
438c583579006d43a6e9e624a3950dac,0fd4632838b925b351733278a5ba41b0,delivered,2018-06-10 21:50:23,2018-06-10 22:17:26,2018-06-11 15:36:00,2018-06-12 16:53:37,2018-06-25 00:00:00
a5bf217065b7f8265a6cf83b22709c79,e52567f47774c3afa91fbf757074d453,delivered,2018-06-16 21:14:44,2018-06-19 04:17:08,2018-06-21 14:33:00,2018-06-25 22:32:02,2018-07-31 00:00:00
6a98ed4567b5d3044bd9f1cdfcce5eab,f076dccec369bb0dc9e005f83ba7c32f,delivered,2018-02-22 20:15:11,2018-02-22 20:30:27,2018-02-27 22:37:00,2018-03-08 22:58:27,2018-03-16 00:00:00
fd74039ed4424830f2dad3b11c6eec1e,53bfa978f4e762d508178347469febea,delivered,2017-05-25 23:52:40,2017-05-26 01:22:33,2017-05-26 11:59:49,2017-05-31 14:52:09,2017-06-19 00:00:00
3720597f28a3c3c4dd7e603f98e67af1,eaaca1ebfa468f531caa95e9ff3d9edc,delivered,2018-08-15 10:14:58,2018-08-15 10:25:17,2018-08-16 14:15:00,2018-08-17 13:18:43,2018-08-20 00:00:00
031a7dab65c3430d325ad35ab8a95277,e01e9c45a4dc4ef2cbfb266fd92afaab,delivered,2018-06-21 22:17:19,2018-06-22 10:19:03,2018-06-25 12:50:00,2018-06-27 16:18:37,2018-07-19 00:00:00
9e9457385ec61a477390b14f317686c2,bba4fe473b8af647a7af5929255344f9,delivered,2017-12-15 16:37:16,2017-12-15 16:52:58,2017-12-20 20:09:53,2017-12-21 17:28:25,2018-01-04 00:00:00
f5d86f3c8e7c0b6594104ac90b9fffbb,cde9e63cc5a4d4ba61844463089a1fc1,delivered,2017-09-17 10:17:01,2017-09-17 10:30:10,2017-09-18 22:58:42,2017-09-27 19:36:33,2017-10-05 00:00:00
005d9a5423d47281ac463a968b3936fb,a2be07c22a9d2071f65b6770e47f540b,delivered,2017-10-18 12:14:29,2017-10-18 12:28:16,2017-10-24 14:56:52,2017-10-27 19:19:43,2017-11-17 00:00:00
5bbefc7681fa8a2100a3703fe4b9c03d,7fd5fb2dcf34b7e1fee264a1ea5daea3,delivered,2017-04-17 23:52:59,2017-04-18 18:05:15,2017-04-19 13:47:59,2017-04-27 13:44:14,2017-05-10 00:00:00
90e4d4f7e2221bf7f81a4873e3161b96,03cc0d8c8f25cd1e7134599ffadc585c,delivered,2018-07-18 16:06:19,2018-07-18 16:22:43,2018-07-19 15:07:00,2018-07-20 19:53:39,2018-07-31 00:00:00
4c05a3711a90dee7f6336af0f3385142,e97a9968c444502cfce41e23725952e5,delivered,2017-05-12 09:24:26,2017-05-13 02:50:20,2017-05-15 10:36:59,2017-05-26 16:39:50,2017-06-09 00:00:00
35cac868e65687e57e8676d936e30d97,6eeae7ec89f31ab3b7e96176250826be,delivered,2017-11-02 17:13:23,2017-11-02 17:25:53,2017-11-03 21:43:02,2017-11-16 21:32:19,2017-12-08 00:00:00
f148f0d15c9e216159aadb7bffdb0fe7,ab2ba873008c7b2f2458a0a20a1e846b,delivered,2018-07-04 21:36:52,2018-07-05 16:05:51,2018-07-05 18:55:00,2018-07-06 14:18:38,2018-07-18 00:00:00
d16f9a68b1aa5e1e872a86a474930835,9d4990db1cc3fde3a88bddc0a8d7e548,invoiced,2017-02-04 10:12:38,2017-02-04 16:10:12,,,2017-03-07 00:00:00
90af509116dd9cda36bd46bef66e0a8a,0fecb7c18bdbddc503d3d332c6ef1437,delivered,2018-02-12 15:26:55,2018-02-12 15:48:03,2018-02-14 22:32:20,2018-03-12 15:42:46,2018-03-09 00:00:00
198d82e095bb34f33adaea72cfd63885,208755cf18ac5be0a157f7c3e1a190d6,delivered,2017-06-09 22:48:56,2017-06-09 23:15:12,2017-06-14 09:08:25,2017-06-23 11:15:01,2017-07-06 00:00:00
964dededc234258fbc1fc91815fded33,6eba6d9a7f3c9f15ff36fc34aa59e057,delivered,2017-12-08 10:47:59,2017-12-08 10:55:28,2017-12-11 22:21:46,2017-12-18 19:34:18,2018-01-03 00:00:00
a45ffe76ca47f57a1cdaf4d39b84c37d,9a24b20452f8c59ab2dcdc32cf9e458b,delivered,2017-09-13 13:28:30,2017-09-13 15:34:45,2017-09-14 14:52:24,2017-09-20 21:32:32,2017-10-18 00:00:00
8e7ef380ad5ae407dffbe2f0826cae73,924743e5e7df4683b9f051c4b9961e9e,delivered,2016-10-07 09:33:06,2016-10-11 05:02:41,2016-10-15 05:02:45,2016-10-18 06:02:45,2016-12-01 00:00:00
63dd1232853b91debb2470c70da85dca,4c3741130dccdca5d4fce3bb2822c9d7,delivered,2017-08-17 19:09:51,2017-08-17 19:55:21,2017-08-18 14:45:37,2017-08-25 17:35:30,2017-09-11 00:00:00
4e93b736e8d687bca088c6ee496437e8,6fd81d719e3abeebb466aabde5dbeb2a,delivered,2018-02-17 12:23:22,2018-02-17 12:35:34,2018-02-19 23:12:11,2018-03-03 11:52:29,2018-03-20 00:00:00
cb1f639d88a5c4d9049c6c61d563f5b8,107acedb78a612934d56d5adb64e80fd,delivered,2017-12-23 17:51:58,2017-12-23 18:09:05,2017-12-26 17:47:03,2017-12-28 22:51:43,2018-01-19 00:00:00
2e1d942dd860482d56fb7b9e9f507cc0,2fb45b4ae0e65e987cd6d8a5a01964cd,delivered,2018-07-03 14:23:02,2018-07-05 16:32:38,2018-07-04 10:13:00,2018-07-10 22:32:46,2018-07-27 00:00:00
7bda7db3336fe81423dded5d342d4115,d11607a99ce16b1b68b44b901891eb2c,delivered,2018-07-03 17:57:12,2018-07-05 16:11:04,2018-07-04 12:34:00,2018-07-06 12:13:03,2018-07-20 00:00:00
779b99958efa89d25b8c9a64164cdad8,645c3f2075121d0d138bd8c19d3d77b8,delivered,2018-06-26 00:34:53,2018-06-27 02:55:35,2018-06-27 07:56:00,2018-07-03 04:25:53,2018-07-18 00:00:00
2bb59df7f849a0d5f1563876236ccc5e,2a651fa8230256f5df17362b0805f31d,delivered,2018-04-11 13:12:00,2018-04-11 19:55:18,2018-04-12 20:12:13,2018-04-18 18:16:36,2018-05-07 00:00:00
c41d2dd15394d41590232a9cc491319c,eb270aaf550cc012a7b6ea3af8abcd04,delivered,2018-02-22 21:39:47,2018-02-23 21:35:20,2018-03-02 00:08:35,2018-03-03 15:08:18,2018-03-08 00:00:00
8f88be1aa97c84281588282a16fa3fa1,c7baa6105c8f8e055a74e6eb6fd7a97c,delivered,2017-12-03 18:17:52,2017-12-03 18:32:41,2017-12-06 19:37:27,2017-12-13 19:47:52,2018-01-04 00:00:00
7801e6c26c480c6f6d6b878d20000f89,16c30a0c12d616f26a5938ca5b644074,delivered,2018-01-16 19:22:22,2018-01-16 19:34:23,2018-01-17 22:35:27,2018-02-05 18:23:20,2018-02-09 00:00:00
296dcb26190e9bfc5bb480b367c93840,7dbbbd7d97b75bc79cb40919653a490b,delivered,2018-03-28 16:32:15,2018-03-30 03:10:27,2018-04-02 20:38:41,2018-04-13 01:35:29,2018-04-18 00:00:00
54444139e38a74e40f21503caf8d3ef5,4676d23d60f8011f228c93aa2f0a4ccb,delivered,2018-03-20 08:47:49,2018-03-20 09:08:36,2018-03-20 18:58:38,2018-04-14 17:05:01,2018-04-11 00:00:00
774398c3ac79463f502a2fff60e2518f,fdbe4c48a0093edfe912b1512a11a37c,delivered,2017-12-04 23:49:50,2017-12-06 02:39:31,2017-12-06 17:53:10,2017-12-10 16:06:46,2017-12-20 00:00:00
1e24c66f40e16d38609ed026af8b4c94,1fc6b9b7c6e90a06ae0df125df34e37c,delivered,2018-05-11 16:14:10,2018-05-11 16:30:55,2018-05-14 08:25:00,2018-06-08 19:33:50,2018-06-05 00:00:00
19af64f6a5b2b246709859143e3c5c16,fc8cc2463a5a12c57e5fd875551460fc,delivered,2018-04-27 13:35:36,2018-04-27 13:53:07,2018-04-28 09:10:00,2018-05-09 01:33:01,2018-05-29 00:00:00
02f30be57375dc610c40ca989d2385b7,a18c76193a26ef37fd582877922447c7,shipped,2017-11-27 18:25:55,2017-11-28 03:21:19,2017-11-29 20:03:26,,2017-12-11 00:00:00
e2abaacfbaa87cb128b9c6675bcd2b98,d8c600db799de9c8c959530c4c5976ed,delivered,2017-12-15 16:06:37,2017-12-19 09:59:28,2017-12-19 19:19:35,2018-01-08 21:39:26,2018-01-15 00:00:00
2d582ca9251cf300ff17929c5151438a,63bab0b2961c9ff106d7d0b0adb18e6c,delivered,2017-03-17 09:59:57,2017-03-17 09:59:57,2017-03-20 04:55:35,2017-03-27 13:42:23,2017-04-11 00:00:00
5c6972bc5c283af10fb784b857ce63ff,7bef0b4674da88edebc39071240600b4,delivered,2017-07-26 13:28:41,2017-07-26 13:42:54,2017-08-09 12:55:07,2017-08-15 19:04:40,2017-08-31 00:00:00
8d38f0c621183c4e95c8c65aba625120,12e501af448478b1e785e738b6232f5c,shipped,2017-07-23 11:26:15,2017-07-23 11:43:33,2017-07-25 12:04:43,,2017-08-17 00:00:00
7891c58fcaf852455c9b8ed210e31a4c,48dc27369790df93bccd9e2820025100,delivered,2017-08-22 12:44:01,2017-08-23 02:46:57,2017-08-23 20:09:59,2017-09-01 22:40:08,2017-09-14 00:00:00
64a812d3c23a4c2da0e1fb5a70e2a23f,2db1214d4615da67d9b35f7084542bdf,delivered,2018-06-26 20:41:56,2018-06-26 20:55:23,2018-06-27 11:10:00,2018-06-29 19:06:45,2018-07-12 00:00:00
63a1e75d65a3dcb40d5f452a248e9680,9f3ba8ca881a4d8641dae98f8bb8ee7e,delivered,2018-07-16 17:18:25,2018-07-16 17:30:22,2018-07-17 13:41:00,2018-07-23 12:18:38,2018-07-30 00:00:00
6196e4f322b4f0af89d0900e2990dab8,b86f7996112b9237fd15c00df1b4d852,delivered,2017-07-05 18:40:52,2017-07-07 08:30:13,2017-07-10 17:52:47,2017-07-11 16:43:33,2017-07-18 00:00:00
3cab5c70f370e7fa810658c551f8e2ce,54918590c1343b0ed2380a9a48596493,delivered,2017-03-26 18:25:32,2017-03-26 18:35:12,2017-03-28 14:28:13,2017-04-03 13:05:55,2017-04-18 00:00:00
7bdfa70c4049e7319a3182997e27cb95,5f72af98609e835f98c703ea09d3b5a4,delivered,2018-04-21 16:49:56,2018-04-24 19:17:35,2018-04-23 22:33:05,2018-05-07 19:22:30,2018-06-01 00:00:00
bda5db8afd8df3d2537a32c2a35169c4,10baa4f455812091db9188eb661c7a68,delivered,2018-01-17 09:54:55,2018-01-18 02:11:33,2018-01-18 23:04:37,2018-01-23 20:42:35,2018-02-08 00:00:00
01ac6cbac1cda667c97d35046b75668f,8582a3cb2e9951c3ddc27ca072a259fc,delivered,2017-09-14 18:37:16,2017-09-14 18:50:59,2017-09-15 23:13:05,2017-09-18 14:09:25,2017-09-26 00:00:00
b07f5a2d7ebcfcb4f2ea4c8ff180e81f,39c66c4d32b72e53ede5d7da77c72e57,delivered,2018-03-04 10:48:32,2018-03-04 11:10:36,2018-03-07 20:51:59,2018-04-02 17:08:42,2018-03-27 00:00:00
0eb8235cb26938d1c5c534cb0fe0d254,c472988a47385f32f643e80c99f65275,delivered,2017-09-21 10:46:08,2017-09-22 04:15:23,2017-09-22 15:13:15,2017-09-25 22:28:41,2017-10-09 00:00:00
dce46d381e2e85296ceba3ffbbe234b8,256325ba5d8dc20858d1f997a537d44b,delivered,2018-03-13 11:05:38,2018-03-13 11:30:50,2018-03-14 18:41:49,2018-04-04 00:21:23,2018-03-29 00:00:00
02e723e8edb4a123d414f56cc9c4665e,6e9f7d9e943f9c0bdea278d9d7a1c9b9,canceled,2017-08-18 14:30:19,,,,2017-09-21 00:00:00
cc55f78088e0f0e7247ff0337a9a2ae4,47386b5cb29e8271feec92541c623e1b,delivered,2018-05-15 12:17:05,2018-05-16 03:35:20,2018-06-01 14:03:00,2018-06-12 12:28:37,2018-06-13 00:00:00
e1a3568b83270103ac2d1ffd0e598a0f,a099b36e23e1b29b9a8b71f12452d3da,delivered,2018-08-05 11:09:30,2018-08-05 11:24:18,2018-08-06 14:56:00,2018-08-08 13:34:41,2018-08-09 00:00:00
d1846363415db8171f834ad2c5ad25d3,2cba5fc83f8a83c775a94950777c5c92,delivered,2018-06-28 22:11:00,2018-06-28 22:31:10,2018-07-02 20:06:00,2018-07-05 16:05:02,2018-07-19 00:00:00
564e414f20390e6417f5e6c6ad3f095e,3c8863310a791b2426da5c04de18e70c,delivered,2017-12-20 19:29:21,2017-12-21 02:11:19,2017-12-26 20:52:20,2018-01-12 12:28:03,2018-01-24 00:00:00
8be0ba0be22f6202ca47271c05e5d915,931a86365f7db2b1a69655102b93396a,delivered,2017-08-04 15:17:18,2017-08-04 15:30:14,2017-08-07 14:22:20,2017-08-28 18:14:01,2017-09-06 00:00:00
6ff5c2acb22a3ecf21cf46bef548f5c6,19fb116add1492d602fa0c0fa8cb132b,delivered,2017-10-28 03:06:39,2017-10-28 04:10:44,2017-10-30 21:58:27,2017-11-22 12:08:54,2017-11-23 00:00:00
b37f17f36339b384dc1fbee1d7c09558,fa95cefd5ac759ada17b2f9baa30fe24,delivered,2017-10-31 21:42:47,2017-10-31 21:55:15,2017-11-01 20:24:56,2017-11-14 19:38:53,2017-11-22 00:00:00
de423fd9561ac8d0ba956a934922c274,2ff28af15d2bce9a989121e9b1873f2f,delivered,2017-11-16 07:26:01,2017-11-17 04:26:15,2017-11-20 19:47:46,2017-11-28 17:53:44,2017-12-06 00:00:00
f20cb0150781a32271cd460ad28a5ed2,4ddbfef66eaca734e8b160c1c048a385,delivered,2017-12-01 23:54:03,2017-12-02 00:14:13,2017-12-05 14:37:08,2017-12-11 09:56:51,2017-12-20 00:00:00
bd4ff7998fcfa299d9275e288adf4efa,dad3ceb2a46370133499bb1c91b5f3ed,delivered,2018-03-17 11:48:12,2018-03-18 11:47:48,2018-03-20 00:58:40,2018-04-19 16:12:53,2018-04-09 00:00:00
39a14db0962dfaf89800218567a80c1f,1a7b30b740fef8190f7de1e678ce6290,delivered,2017-07-16 15:55:42,2017-07-16 16:05:37,2017-08-09 21:47:48,2017-08-11 18:13:22,2017-08-08 00:00:00
1c95864be748aeb7e70002b2d365646f,6e339a46f22ae325fd96275ddde00906,canceled,2017-04-14 16:11:03,2017-04-14 16:21:55,,,2017-05-17 00:00:00
7c25f223ac9fa74c9dbfa11e8a52f1e5,65c59e1eb5a4888bfdb10c749775bb09,delivered,2018-04-16 09:04:41,2018-04-16 09:15:20,2018-04-17 22:37:49,2018-04-25 12:41:59,2018-05-09 00:00:00
42fd8129e4153758fd7bed28d50218f4,2168b883f688716295236c7501ba93b1,delivered,2018-04-27 18:35:40,2018-04-27 18:51:17,2018-04-30 13:52:00,2018-05-06 15:05:00,2018-05-18 00:00:00
911c50978b038ad56c7d3cdbfa169122,b71df9d8896b5b0de20e58c78a42064c,delivered,2018-04-17 14:03:55,2018-04-18 02:15:23,2018-04-18 17:34:47,2018-04-25 17:38:48,2018-05-21 00:00:00
f8ea2b5a1c8d2d8eafa5710c3d50d0c8,6317139e006f3489468af3fa73632dca,delivered,2018-06-20 19:22:00,2018-06-21 04:36:09,2018-07-04 11:37:00,2018-07-09 23:28:42,2018-07-30 00:00:00
cca38a223ff57697753d81fdc7bc297b,b4a40c3ff78a13494a2a719d6c54e932,delivered,2017-10-23 17:07:40,2017-10-25 02:28:33,2017-10-26 16:28:59,2017-11-03 19:03:52,2017-11-09 00:00:00
e4471c01969de94c38f855a80f807490,582f764885a50acc20fafaf5f1f6a266,delivered,2018-06-21 08:50:45,2018-06-22 02:59:29,2018-06-22 13:51:00,2018-06-26 17:54:30,2018-07-27 00:00:00
6b5c5552303cda9591b62780e16f6cbf,1fa44d866b6d96d933633cf6e9680116,delivered,2017-11-24 18:49:59,2017-11-24 22:17:37,2017-11-28 13:11:41,2017-12-22 01:12:50,2017-12-14 00:00:00
d2e35975e8fe7c281515b3d1175d03bf,8b05282531debcefba61d7e86c3f9634,delivered,2017-12-10 23:31:45,2017-12-12 14:55:58,2017-12-15 17:18:25,2018-01-03 12:48:48,2018-01-09 00:00:00
d5b69ea836793de5711675fef3e119ac,1c1e5060ceea7bcf6ea312692655d2ce,delivered,2018-05-29 00:19:25,2018-05-30 00:16:34,2018-06-05 14:01:00,2018-06-12 21:46:22,2018-07-03 00:00:00
6047b3a832a41b60705327fcd2644679,6941bac1a71978b2d64de3e966331582,delivered,2017-09-04 17:11:32,2017-09-06 03:04:29,2017-09-11 15:59:49,2017-09-18 16:36:59,2017-09-22 00:00:00
93920316b4b8ae329dec94ef23cfd253,10e60bfc8f5b6e9d5cd340e0ff9f66ff,delivered,2017-12-19 09:58:19,2017-12-19 10:11:33,2017-12-19 20:22:40,2017-12-21 15:21:44,2018-01-08 00:00:00
a4fa33c4486ff17afcc146d9a2b0aec6,27976c3ee49975e6f777258477a87002,delivered,2017-02-01 14:39:07,2017-02-01 14:50:15,2017-02-02 05:21:59,2017-02-15 14:25:19,2017-02-24 00:00:00
b69a71531e8579d2989792e5fcff085f,971cc2a7308f0b2eae9ac5929df97859,delivered,2018-05-23 23:59:19,2018-05-24 00:19:28,2018-05-24 13:49:00,2018-06-04 19:42:07,2018-06-18 00:00:00
27a54410628f54cb15b276a47a14c7d7,e0760d6de182bf294c6a3896fab8d14e,delivered,2018-01-19 17:33:17,2018-01-19 17:50:19,2018-01-22 22:18:35,2018-02-02 20:12:33,2018-02-20 00:00:00
fd956cbe7c235fe02662e99e854220e5,2dcb2b3963883c9715a581a6e0dc4250,delivered,2018-07-20 13:40:57,2018-07-21 13:35:12,2018-07-23 13:32:00,2018-07-26 20:22:01,2018-08-13 00:00:00
d9f01bcaf3105a86a53c477e4c3b7607,3df299918e4f5e6f424cf1f8ef2119ec,delivered,2017-11-10 17:44:08,2017-11-10 17:56:05,2017-11-17 18:38:42,2017-11-21 19:22:13,2017-11-24 00:00:00
6355eaa9ea0d6a5946978835f89effbb,387183c2d8b0450043d97f07d42fd8d0,delivered,2017-06-09 11:12:56,2017-06-10 02:43:36,2017-06-12 14:52:07,2017-06-19 21:13:36,2017-07-04 00:00:00
992738bb51e7ba624763bd8060189c5e,9c865956bfff7e6fe7b54a92e545eb14,delivered,2018-01-02 15:26:11,2018-01-02 15:33:43,2018-01-03 22:34:18,2018-01-09 18:25:11,2018-01-24 00:00:00
b048658d074ad2c4863ea7021ddfe990,a2618f04f2eb07c068682d871cf7f5d9,delivered,2017-11-24 11:42:09,2017-11-24 13:35:39,2017-11-29 18:32:52,2017-12-01 13:38:39,2017-12-12 00:00:00
b364561ec1da2bd9c795360c47956c21,ede29b8f9090dbe09b81c45d9ef77792,invoiced,2017-07-25 12:48:50,2017-07-25 16:55:12,,,2017-08-10 00:00:00
044d4643b22cf71e768701acd9fc55ef,31c3ec5dc1ec7bea1308a156c95e3b4b,delivered,2017-07-04 09:40:53,2017-07-06 03:15:34,2017-07-10 16:32:26,2017-07-12 18:22:42,2017-07-25 00:00:00
2e614451ea8874289518da9aba093e7a,5ec10d184bc6be701e8cb6d6036f2e88,delivered,2018-04-15 18:43:59,2018-04-17 05:50:10,2018-04-17 22:08:47,2018-04-23 11:28:58,2018-05-09 00:00:00
0f187bdbef138399bae3eeee9ec1d48e,6643c99ffb651f9b5002aba628853005,delivered,2018-05-05 17:18:17,2018-05-05 17:33:23,2018-05-08 14:32:00,2018-05-09 21:51:12,2018-05-17 00:00:00
ec4015e0b9b735844b7b6c8066835378,d35ff00f29959bf609fd6f1aac62d164,delivered,2017-08-03 09:47:34,2017-08-03 10:05:22,2017-08-03 18:51:52,2017-08-11 20:55:38,2017-09-08 00:00:00
eaad68bfbcd87a733cc317cf18af4bd2,b3c8c2a46ed7e641686525235e1cd247,delivered,2018-01-14 11:30:57,2018-01-14 11:49:19,2018-01-19 01:48:22,2018-01-19 23:16:23,2018-01-30 00:00:00
99444a1ae54c5cdeb0dc5e97b57aa6e5,3f90b03c801ce19bad60d569faa1bdc4,delivered,2017-08-02 18:18:33,2017-08-02 18:30:18,2017-08-04 18:52:11,2017-08-09 16:32:38,2017-08-23 00:00:00
d758b90e0bc24cf60e79e90ad8dabc53,c079a535248d520556b7b445ade42db2,delivered,2017-11-15 23:54:40,2017-11-16 00:56:18,2017-11-22 23:43:46,2017-12-02 13:22:20,2017-12-13 00:00:00
69aeb590d8f4455ab0bb6b95154c2742,d11cf65608cde4907102879070a75f70,delivered,2017-08-29 23:15:51,2017-08-29 23:25:33,2017-08-31 17:23:08,2017-09-04 18:28:09,2017-09-15 00:00:00
e7d94ab6c93320816f9b59df54012a32,3852c9b2aa7cc61aad3e90a9ff12e898,delivered,2017-05-02 02:16:43,2017-05-02 02:25:06,2017-05-02 09:34:33,2017-05-13 10:43:32,2017-05-25 00:00:00
1e5ce0718c723a6d1a6b486ab15ac17e,fba9034f567d175bd9588ca03f0a4bbf,delivered,2017-11-30 10:29:30,2017-11-30 10:36:35,2017-12-04 16:59:13,2017-12-20 21:03:44,2017-12-22 00:00:00
7fec483949a1002d3d89fbb067f6cfc2,6b70af3ce8eb05169ee8e67e661fc9d1,delivered,2017-05-01 15:16:30,2017-05-01 15:25:12,2017-05-02 14:18:25,2017-05-10 12:57:55,2017-05-31 00:00:00
4773c609fb495ef34f84ee9e40014073,90c0add5d6e376019b7c6e5d51314318,delivered,2017-12-11 23:18:44,2017-12-12 00:05:01,2017-12-15 19:35:43,2018-01-08 19:28:58,2018-01-15 00:00:00
80b2c8fbc0b161d23711d7829e54c6b2,2df2e75bbb4d06a4c066db45e49c16f7,delivered,2018-08-08 23:31:24,2018-08-08 23:44:43,2018-08-09 15:16:00,2018-08-13 19:03:59,2018-08-16 00:00:00
a0171ff239b3463e4813e36663dac6f8,9777095cf095a5260473d23063c063c9,delivered,2017-07-12 18:06:01,2017-07-12 18:23:54,2017-07-13 19:56:37,2017-07-18 23:04:08,2017-08-03 00:00:00
bcda9fd71fecee3ddcc079cb2f3f462e,0ae620f576d26975295e08ee55a6368d,delivered,2018-01-05 15:30:29,2018-01-09 07:24:19,2018-01-11 18:23:18,2018-01-12 13:38:20,2018-01-23 00:00:00
5ee9f6eb126b4f5f10e3176c461848f9,063720fcf0e8243cd82180e83332190a,delivered,2018-03-16 10:36:47,2018-03-16 10:49:02,2018-03-20 22:41:15,2018-03-23 20:41:55,2018-04-04 00:00:00
b0f28e04b65e78eb17834ffca7363fef,776b26d2081b79fd39e1f83c973c7af5,delivered,2018-06-24 09:24:20,2018-06-24 09:36:58,2018-06-25 13:11:00,2018-06-30 00:38:41,2018-07-24 00:00:00
2008d42068c636c1f2dfc2679457e8c9,6b80582697a102880be2d2eb683c754f,delivered,2018-07-04 10:40:15,2018-07-05 16:27:10,2018-07-04 13:29:00,2018-07-10 16:28:59,2018-08-08 00:00:00
e1f36f0422520d149a51a3e55d98b066,2ce90a157ee8e425a0fb66f989a032c1,delivered,2017-08-28 16:02:49,2017-08-30 02:16:19,2017-08-30 13:23:46,2017-09-06 22:57:02,2017-09-15 00:00:00
d8fae81e30f4b6ab5dadfb1b5ad5f83a,59cf58d00df494fd06409b87d522837b,delivered,2018-03-18 10:22:13,2018-03-18 10:35:27,2018-03-19 22:37:41,2018-03-24 21:41:18,2018-04-05 00:00:00
16dfc1cb33bb09dbe761bb0d03a792fb,35e64b013fea6a32619974535e13fb20,delivered,2017-05-12 11:18:27,2017-05-12 11:32:43,2017-05-22 06:47:59,2017-05-26 14:36:56,2017-06-02 00:00:00
5d9013fe5dce377c791a2c2fdb499f4b,46acd0958d406a5ef836023f8d1e5a00,delivered,2018-07-09 21:57:27,2018-07-10 04:25:12,2018-07-17 14:46:00,2018-07-21 00:24:32,2018-08-08 00:00:00
bbf7156ddec0d092f58491b3ffee3acb,611488d76c006441b6a4ef164b3fe64d,delivered,2017-05-15 18:38:40,2017-05-15 18:45:20,2017-05-18 14:30:53,2017-05-23 13:03:47,2017-06-07 00:00:00
61ef5e0982e79d6bdb7d3734b7ed8df7,9c9c632749d4d1e99eb3daa9debb01a0,delivered,2017-11-21 16:16:45,2017-11-21 16:29:24,2017-11-22 21:42:32,2017-11-28 21:24:39,2017-12-12 00:00:00
173ff4269077b5594182d14a5f7f4978,48ab76836bb0bcf7b01517f87644ebf1,delivered,2017-09-02 18:35:45,2017-09-02 18:50:20,2017-09-05 20:08:06,2017-09-20 19:47:54,2017-09-26 00:00:00
7b1900e11427a097af75a1ae0932b993,15963a62cb3a9bcf6fc25d700bc8a8d4,delivered,2017-12-11 22:24:14,2017-12-12 03:49:35,2017-12-18 17:18:33,2018-01-03 21:07:05,2018-01-09 00:00:00
56fe40ecc356cf04f67dc6c69f010ddd,203c2e51dfe673bb285c3fb84d605ce0,delivered,2017-05-14 22:58:59,2017-05-14 23:40:52,2017-05-18 11:41:47,2017-05-25 10:27:38,2017-06-06 00:00:00
1cbf75447931e3dbc3c38893fa41a6fb,8c9762b5a93aed9de1fb8958cf167e36,delivered,2018-08-20 13:19:35,2018-08-20 15:51:13,2018-08-21 13:36:00,2018-08-23 12:41:00,2018-08-31 00:00:00
493698ce56fc7a2737d5cc7984627879,b00c1b9a6aef3911f4d95198445178c8,delivered,2018-06-08 20:22:08,2018-06-08 20:35:19,2018-06-11 12:26:00,2018-07-04 19:44:48,2018-07-12 00:00:00
50f1da608adf7f52978abb3906273dad,323e07613fbfecebb13d5074eba34ba2,delivered,2017-10-13 11:14:12,2017-10-13 11:28:19,2017-10-16 21:54:00,2017-10-18 22:47:48,2017-10-31 00:00:00
c0f3e5b46a6f8a899bb3a9de4afd5525,b62aafcc2d7c2ad2c925b3e30984edbd,delivered,2017-09-24 13:37:42,2017-09-24 13:50:18,2017-09-25 19:07:29,2017-10-14 12:22:10,2017-10-26 00:00:00
7516210b50a463ba7955ad0d32b9f012,cb075f8f1f97f6c54d2c2ea85336e815,delivered,2018-01-10 18:06:40,2018-01-12 02:48:19,2018-01-15 19:04:10,2018-01-26 00:18:58,2018-02-05 00:00:00
cc6581115f5706e74610adf4449e5899,85cd3b35a471fb958a08b4b08fbd1617,delivered,2018-06-19 22:37:17,2018-06-19 22:55:53,2018-06-20 12:37:00,2018-06-21 16:43:54,2018-06-29 00:00:00
a4601549c0054db50e2c61e1a7d49678,8ba470efe6e87cdab5e58ead2e2e94ec,delivered,2017-08-18 22:06:45,2017-08-18 22:25:21,2017-08-22 14:56:44,2017-09-12 14:47:36,2017-09-08 00:00:00
0c7ccdb239bd524a31dc66094fa59626,b08eed69a3c73eee40d52bed298482ef,delivered,2017-11-23 15:11:45,2017-11-25 05:10:57,2017-11-27 21:19:03,2017-12-04 22:15:03,2017-12-15 00:00:00
b4ea6b63bcab8995631b98deef749657,cd76fc0e4f0234fc6bdf0bb3898f31cf,delivered,2018-01-19 17:20:56,2018-01-19 17:42:41,2018-01-22 19:52:55,2018-01-23 23:36:41,2018-02-05 00:00:00
3d1bbd8630ca04120738e98740d93503,01ea4160e63a7ce5101967e07ddf4c18,delivered,2018-05-14 20:29:22,2018-05-14 20:50:12,2018-05-15 13:35:00,2018-05-21 15:34:39,2018-06-05 00:00:00
58c590867885881a4b3b8c14bea24125,61f5cbcc9f04228e39d1466c2394175a,delivered,2017-05-23 20:17:09,2017-05-24 20:22:48,2017-05-25 09:45:27,2017-06-02 12:42:59,2017-06-29 00:00:00
6bb2dae600af273ea2bf76856368fa70,cf21508ea8c586380f5d19af2bde252c,delivered,2017-10-23 12:43:51,2017-10-23 12:56:08,2017-10-23 20:54:58,2017-10-28 13:42:20,2017-11-09 00:00:00
43af6866590ab60c4848da9f146fba99,554008a4e90d3dfef2440abf989525d5,delivered,2017-04-19 11:00:59,2017-04-19 11:10:17,2017-04-19 13:26:53,2017-04-27 19:19:51,2017-05-12 00:00:00
a814c3bac8cee558887d1cd73a0696a0,e0232cdbaf4e7f5abe9cbc566a0e9022,delivered,2018-08-22 10:41:32,2018-08-22 10:55:31,2018-08-23 14:18:00,2018-08-24 19:42:33,2018-08-31 00:00:00
9315e7a2e69ca1a49b3ba3c6e908ba2b,6afb012b0bf2e380c8d417d2ead4bd34,delivered,2018-01-25 11:38:06,2018-01-25 11:53:04,2018-01-31 17:59:24,2018-02-22 22:52:21,2018-02-26 00:00:00
d56b0809a6666dd3fbadb40902a42b41,34a0a534995c18027611bcefb36c7645,delivered,2018-08-05 13:45:46,2018-08-05 13:55:47,2018-08-07 12:06:00,2018-08-13 18:28:49,2018-08-20 00:00:00
d80cfaf2ed047f9e77f5640df7246b64,f6aba665faa637735e3de8c387e9fb5d,delivered,2018-02-12 15:00:57,2018-02-12 15:10:32,2018-02-15 18:49:56,2018-03-08 23:14:31,2018-03-22 00:00:00
2e5443881c945a3b7a3927fc969e1858,10fa760637fc5b5aa3817557d727883d,delivered,2017-11-25 13:04:25,2017-11-25 13:15:25,2017-11-28 23:08:37,2017-12-14 18:14:23,2017-12-26 00:00:00
cc89ebb8288e14b59a8edafe7fb2bbb5,5f6b999b02869d0f7ae1904d7f045149,delivered,2018-05-21 20:08:19,2018-05-21 21:54:07,2018-05-23 10:41:00,2018-06-07 18:23:37,2018-06-08 00:00:00
b9a703ce4f5ae752f1ea894775d250ff,a905d4b3fe690160573204533764b6df,delivered,2018-08-15 14:43:32,2018-08-15 15:05:13,2018-08-17 15:15:00,2018-08-20 11:58:29,2018-08-20 00:00:00
9ac048d7ffebba67d54456aa9ec07d7e,43b2b1e92aa657113661dae48ca9e17c,delivered,2017-11-20 18:50:52,2017-11-20 19:09:29,2017-11-24 18:24:57,2017-12-05 22:56:43,2017-12-12 00:00:00
971b9fcdf6d782f0ab6bd66e821442bb,289ddef81062eb0bcc3740239c771fdb,delivered,2017-12-27 01:47:55,2017-12-27 01:57:29,2017-12-28 21:20:03,2018-01-23 17:38:57,2018-01-29 00:00:00
93cae495607755570d9b4c0c2d0474e6,2eaeb6168aa4c77889f4c92ff8923288,delivered,2018-03-18 09:34:24,2018-03-18 09:48:01,2018-03-20 19:42:10,2018-04-03 23:45:38,2018-04-12 00:00:00
a4e65d48cbd25e5dd19d906d3cb180b2,d0522845f3cd4084a840565ddc78dbab,delivered,2018-06-27 16:07:14,2018-06-27 16:15:11,2018-06-28 13:27:00,2018-07-03 20:54:56,2018-07-31 00:00:00
13035ade0af633971e01aacc109cfca0,9a871b9eee4d8346148d85a9bab701a4,delivered,2017-08-22 08:22:14,2017-08-22 08:30:20,2017-08-23 21:12:48,2017-08-24 20:27:49,2017-09-04 00:00:00
52da3d9903e65cea92aa96e6d890ff15,73dfad95286bec1a5540af2d4bec6816,delivered,2017-12-25 15:23:33,2017-12-27 04:07:40,2017-12-27 18:51:19,2018-01-04 20:13:33,2018-01-19 00:00:00
599e2a8d1c0c82f50ac6d898c2efaa94,6292db303bae60b76eefeef966e93b98,delivered,2017-12-04 10:11:30,2017-12-05 10:03:16,2017-12-05 19:57:47,2018-01-05 00:16:44,2018-01-10 00:00:00
e12700852c7af5cdea9d85282cf65ef3,1c407e8ac340a7e03e373f42afd8586f,delivered,2018-04-04 13:14:40,2018-04-05 13:10:14,2018-04-07 01:16:44,2018-04-12 17:58:26,2018-04-24 00:00:00
6b9aa78b4ae64ba1d10964b1a15b5989,baeea62e4d99ffdfb06f365b417d4060,delivered,2018-08-07 11:30:03,2018-08-08 03:05:28,2018-08-08 14:36:00,2018-08-15 16:32:28,2018-08-20 00:00:00
7337e1be328f68eb9c54cc01eee3e19f,c9a824a14e99ee53a9a79571819b6faa,delivered,2018-06-13 06:36:36,2018-06-13 07:00:30,2018-06-13 09:46:00,2018-06-14 17:51:44,2018-06-25 00:00:00
135abbc3c51d35902766fc491caf6418,365667aa88f6a4dbf2b4fdf13b003d3b,delivered,2018-06-11 20:18:55,2018-06-11 20:40:47,2018-06-14 13:17:00,2018-06-21 18:14:33,2018-07-25 00:00:00
dd2abc99a0eb03ae77d66e95f32baae0,287073b131e26eb64b268a0ae7f3ec8b,delivered,2018-05-20 11:50:30,2018-05-20 12:18:01,2018-05-22 13:38:00,2018-06-07 19:46:29,2018-06-13 00:00:00
f64b83793e14a3c7d580a03a6c7d6168,20e8d695c6c01ba3b3611d202fe1cda9,delivered,2018-02-14 19:38:01,2018-02-14 19:47:32,2018-02-23 17:26:58,2018-03-09 20:19:51,2018-03-22 00:00:00
eb909499d5b377c57b0af7ce0b005bb4,450cea573eaabf1df0df5c21e5cce1ef,delivered,2018-03-31 13:07:07,2018-03-31 13:27:09,2018-04-03 18:02:59,2018-04-05 20:27:25,2018-04-12 00:00:00
ea9bd69504d710943f9f20a822fd49ee,68b92de9c42d4391b14d2889fe20cd79,delivered,2018-04-26 16:49:29,2018-04-26 17:52:16,2018-05-03 16:47:00,2018-05-10 15:32:41,2018-05-18 00:00:00
d77c01a7f1b1ea093949dbc6fe3cc2fa,2e4bda9c3b716e596451491497474dd3,delivered,2018-04-25 17:25:13,2018-04-25 17:55:27,2018-04-30 06:21:00,2018-05-05 11:02:28,2018-05-28 00:00:00
4c0bf10a3238584fbdeacac0151ff12b,d41be06a8b7dcab5822f41510c64ed8e,delivered,2018-06-07 11:15:40,2018-06-07 11:37:18,2018-06-08 14:21:00,2018-06-18 18:11:25,2018-07-18 00:00:00
89d1ef8c6ccfdaf55c7f2d5aaa8ded9a,bba94596693a863c168b7fc3246c588f,delivered,2018-04-25 16:02:48,2018-04-25 16:53:42,2018-04-26 14:29:00,2018-04-27 19:24:43,2018-05-09 00:00:00
cf4cf05c524fb96eeedceab1be8bf4ad,0fa8638e84cf1aaf8b3242a2e81d8524,delivered,2017-08-05 20:11:35,2017-08-05 20:25:15,2017-08-08 13:35:54,2017-08-09 20:42:26,2017-08-23 00:00:00
b2950faf96b43ca9d27b0569b5251d6d,a1c2ec049659c398d72fb49ccb85e0dc,delivered,2017-10-19 11:31:32,2017-10-20 02:46:07,2017-10-20 21:36:01,2017-10-25 17:24:06,2017-11-10 00:00:00
d94600e5b855ffe8db3b9bc06e21b1bd,9f35486803ac72d115dedc28ef6156e1,delivered,2018-07-27 14:33:28,2018-07-28 03:35:16,2018-07-30 12:17:00,2018-07-31 21:22:11,2018-08-06 00:00:00
cfaff268e0f68c9e833e9a57638d6fd5,3101e9e2d592df1da88ec72302bb87b1,delivered,2018-07-26 12:56:16,2018-07-27 02:24:10,2018-07-27 14:16:00,2018-07-30 16:15:48,2018-08-06 00:00:00
3ae8eeea4a68becd0f672443d2296216,7a633dcb93fa3668ce37d865419a6fbd,delivered,2018-04-15 20:53:09,2018-04-17 06:11:34,2018-04-18 20:36:42,2018-04-23 18:43:38,2018-05-04 00:00:00
3644344c9ad371ecfc67c6cbeb93531c,286cd699eec7a6faf30e808b715f1180,delivered,2017-09-01 16:54:40,2017-09-02 20:03:32,2017-09-07 00:04:24,2017-09-19 21:21:46,2017-09-25 00:00:00
7304fda5565ebc9a2dccae6b9bbcb034,41fbcc1bcfd329a4b7db089c78cc65c2,delivered,2018-06-22 20:33:39,2018-06-23 11:14:51,2018-06-25 13:13:00,2018-06-28 18:52:05,2018-07-16 00:00:00
4d78958305ae68431ebad3b90317b9d5,c2d8b1f31bcf589448e5d2b7a8d401d4,delivered,2018-02-21 12:25:25,2018-02-21 12:35:21,2018-02-24 00:00:03,2018-03-12 18:59:38,2018-03-22 00:00:00
bc0c038c0ef967afff713f0ada720cd7,1ae437d610d788b4a1e89575f05ce0db,delivered,2018-04-27 14:33:41,2018-05-01 05:54:39,2018-05-02 15:39:00,2018-05-07 14:52:59,2018-06-04 00:00:00
d6559cf575d2b2a2ca5f8c1932094e70,d867a7f45fa7d5dbf33f736581b9b003,delivered,2018-07-25 09:02:36,2018-07-25 09:15:13,2018-07-26 15:14:00,2018-07-30 10:49:54,2018-08-02 00:00:00
d4e252756885006a02c890a27d6bbf53,8a60cdad54c76dca4cb2967400af00c9,delivered,2018-08-28 10:00:01,2018-08-28 10:10:13,2018-08-28 19:55:00,2018-08-29 16:03:12,2018-08-31 00:00:00
2c8e244e1ac6be021c1587d33444bd8a,f2671ad58a644c3de291f370489f2805,delivered,2018-03-08 10:54:34,2018-03-08 11:10:38,2018-03-09 23:19:52,2018-03-17 21:38:54,2018-03-20 00:00:00
95dccb26fb812f3ef2dcb2ea92b5541a,4ee1d053f8bdff058f96e04332aaf39c,delivered,2018-04-04 10:46:53,2018-04-04 11:09:50,2018-04-10 20:05:09,2018-04-16 18:29:54,2018-05-03 00:00:00
62ab60742c7a27d40b3791436f197bd4,9e805c4826699827157bef24eeb29bcc,delivered,2018-03-18 21:27:53,2018-03-18 21:48:10,2018-03-22 20:38:33,2018-03-28 20:28:39,2018-04-12 00:00:00
0e7e841ddf8f8f2de2bad69267ecfbcf,26c7ac168e1433912a51b924fbd34d34,delivered,2017-08-02 18:24:47,2017-08-02 18:43:15,2017-08-04 17:35:43,2017-08-07 18:30:01,2017-08-15 00:00:00
c22992301ff1bc03cbdbaf5770b1938f,bb4d5187b89ea6b78cde7926727a3cd0,delivered,2017-11-09 20:33:17,2017-11-09 20:50:20,2017-11-16 18:29:00,2017-11-23 19:06:56,2017-12-04 00:00:00
92d82a97b257e7e81b567f8ceb8b89a3,fd65e5fe0237e5d9d5a346ed57652831,delivered,2018-06-13 09:18:06,2018-06-13 09:40:18,2018-06-13 14:36:00,2018-06-18 16:17:47,2018-07-04 00:00:00
b5338b880d2fff154b28a193361f30fb,6aebb14ebc978691d1a673440a0d385d,delivered,2018-01-06 18:04:32,2018-01-06 18:13:19,2018-01-10 21:06:35,2018-01-17 13:36:43,2018-01-31 00:00:00
0d8f22964c47deacb4f00a8d35117940,8445ec110a80e65621e44fd63216034f,delivered,2018-03-10 23:29:10,2018-03-11 00:48:24,2018-03-14 00:22:08,2018-03-23 15:58:23,2018-03-28 00:00:00
aac103aa82ea3fbc312b34cbc349859f,930a7d6b31016f869dd9d953667feaad,delivered,2018-04-10 18:45:08,2018-04-10 18:55:16,2018-04-11 22:38:42,2018-04-18 21:11:23,2018-05-10 00:00:00
0f13cc32312efa26fb2a0f9176f070d2,ef9c800f1fa682108dc5b5ee4cfc412e,delivered,2017-11-09 11:05:48,2017-11-09 11:15:51,2017-11-09 23:28:30,2017-11-20 12:06:53,2017-11-29 00:00:00
1f9e91cd0451c86ff49e428f06111021,c445b065520c54b05cc0f634e502da29,delivered,2017-08-11 10:26:38,2017-08-11 10:44:45,2017-08-11 18:31:58,2017-08-28 17:33:48,2017-09-04 00:00:00
2059a6cad3cfd50e2f7904f250eb857a,99de72c5384fc97537f26080544787ba,delivered,2018-05-19 10:45:27,2018-05-19 11:00:02,2018-05-22 14:19:00,2018-06-04 21:18:26,2018-06-18 00:00:00
28291626a693f9b9c43762c8e33aed2b,1ad154fd069294912ff3cddb15bef71a,delivered,2018-07-16 22:11:48,2018-07-16 22:20:48,2018-07-18 15:16:00,2018-07-24 21:08:42,2018-08-01 00:00:00
25362fbf6aac4b01a28dee1e076acc26,ab35d7de3a6afe9a048803c7cb0ea90c,delivered,2018-08-08 00:43:30,2018-08-08 01:05:13,2018-08-13 15:38:00,2018-08-16 17:58:31,2018-08-20 00:00:00
395e54e708db966770b5dcc0ad2d93d4,e3fbec62102fa25ac23f3444551f59c6,delivered,2018-03-08 01:03:40,2018-03-08 01:40:32,2018-03-08 19:36:20,2018-03-13 09:22:19,2018-04-04 00:00:00
f92641ff0446a0e1c57195ebfe76e16a,cd21b89339f05955972dc288787533d3,delivered,2017-01-05 14:42:02,2017-01-07 03:44:08,2017-01-11 16:08:55,2017-01-16 18:15:00,2017-02-13 00:00:00
58335754a550554ff0d43f47d488784f,e9cce3d4b0db254795abeaf5c178b828,delivered,2017-06-23 04:06:12,2017-06-23 04:25:07,2017-06-26 09:12:53,2017-06-29 15:04:34,2017-07-17 00:00:00
8ef63805460994636446a1e1012ee8b6,5b74e2ca6833cf82961fcedd1b0d8eae,delivered,2018-07-05 17:24:53,2018-07-12 03:26:12,2018-07-13 09:28:00,2018-07-24 16:33:27,2018-07-30 00:00:00
b6bfbeea1b933b34c91ec0b216a50347,1ece07e2253ede2f81d2c3c7342232a8,delivered,2017-10-11 16:58:39,2017-10-11 17:14:13,2017-10-13 18:12:11,2017-10-20 18:53:45,2017-11-07 00:00:00
067f4abd68a2b1e0b8b158945a91680b,9d419198e08fe789f309e3a8e58fef7d,delivered,2018-01-24 21:39:44,2018-01-27 02:44:16,2018-01-29 22:49:02,2018-02-27 22:32:42,2018-02-22 00:00:00
91a96b5defab51616ef57e6b57d47969,c5e12d2d7ee8c109332c67b445d5b32e,delivered,2018-05-27 14:59:49,2018-05-27 15:15:08,2018-05-28 14:15:00,2018-06-11 21:32:33,2018-07-03 00:00:00
dbd87af377a44750880f408405a17ddb,c1d2d2ee31e141c205646299371af1e1,delivered,2017-11-24 16:37:53,2017-11-24 20:32:45,2017-11-28 22:14:36,2017-12-21 06:07:08,2017-12-27 00:00:00
8d0b6018a2f4e690127e0a2ea6cb4ee7,6d1ca7481939de4a11805bd0692606da,delivered,2018-03-11 22:12:21,2018-03-12 07:08:04,2018-03-13 20:08:30,2018-04-16 18:48:30,2018-04-04 00:00:00
ecf4a4c673715759b55b3be3a8ea99b2,92ea14246ba314c5642045e9152b75a1,delivered,2018-01-10 13:10:11,2018-01-10 13:29:11,2018-01-11 21:19:52,2018-01-17 17:52:14,2018-02-02 00:00:00
85ead861d8aad2f8734d85d187a42b7f,7c7165957bda66e88708766f34c334f3,delivered,2017-12-07 09:08:59,2017-12-11 18:15:25,2017-12-13 22:24:37,2017-12-19 21:42:40,2018-01-03 00:00:00
ab15bb9515a2004c3464709fb683adb0,3445d4a25b814ee6bf16c74d2592eb0a,delivered,2017-11-28 13:47:23,2017-11-28 13:58:33,2017-12-01 15:38:43,2017-12-07 11:38:35,2017-12-18 00:00:00
dda16909ad9bfd9cded321b79e073749,b941f36f010c46501e130569c3f7a490,delivered,2017-11-18 12:48:38,2017-11-18 13:55:30,2017-11-27 12:53:09,2017-11-29 19:32:24,2017-12-07 00:00:00
86f326cf5027a4aff831e2c80f1b383e,c99f831eb20be92ec0497c616a6dcc93,delivered,2018-07-24 10:28:02,2018-07-25 10:25:10,2018-07-26 11:58:00,2018-08-02 17:44:23,2018-08-14 00:00:00
aae20f94697409584dc57072f8a64d3b,da707ccf42e6af809fa782792fefd72e,delivered,2018-05-12 13:48:14,2018-05-12 14:11:58,2018-05-14 13:00:00,2018-05-21 19:32:07,2018-05-30 00:00:00
f38d933ca0830750c110bf1a402d0d2a,01addb430c2559dbef0010ca1d4b0989,delivered,2018-01-22 11:03:41,2018-01-23 03:36:53,2018-01-23 18:42:00,2018-02-01 17:38:03,2018-02-19 00:00:00
0b2ee90d3a8923635f74af64e78d2335,ff71a919b8cf5e0dbd3a669249448790,delivered,2018-06-20 16:19:58,2018-06-21 03:47:05,2018-06-21 14:30:00,2018-06-26 13:58:33,2018-07-17 00:00:00
772e38d3917d94f38c6484dde513877f,85ab2f47da7a128c7cff5b28632ec341,delivered,2017-03-17 15:57:36,2017-03-17 15:57:36,2017-03-20 09:38:46,2017-03-29 12:03:49,2017-04-07 00:00:00
0392299d0f8bdd68d559aff77bf44bab,9a3628001d3e292e330959f661034b0b,delivered,2018-04-14 20:26:52,2018-04-14 20:50:10,2018-04-17 01:48:35,2018-05-10 21:13:04,2018-05-17 00:00:00
3f61fdc385ace6c39912703194992ad7,9760003b855b1ab798274c3575f5995e,delivered,2017-04-07 13:46:41,2017-04-08 02:45:32,2017-04-10 13:45:52,2017-04-12 13:25:53,2017-04-28 00:00:00
acc9d9fa3a265bbc6b3411d5e8c5083d,307ca6d3d62b7f56d4c4a76dbcfe83f4,delivered,2017-03-15 15:17:54,2017-03-15 15:17:54,2017-03-16 09:15:51,2017-03-24 12:14:28,2017-04-07 00:00:00
b5fc960abab37371da1c03614f4f53f4,4b940010fe9fa9b94f3848ca59102e8e,delivered,2018-04-26 13:13:04,2018-04-26 13:30:29,2018-04-27 15:21:00,2018-05-03 17:58:38,2018-05-22 00:00:00
4b62f3ef255e276bf8564f8061361886,8be124a574ac70fa7cbfe6d79845f9ba,delivered,2017-06-19 10:08:05,2017-06-19 10:15:33,2017-06-21 18:11:57,2017-06-23 11:13:44,2017-07-07 00:00:00
4b46e49817058cac906f2c219cc7351e,ef30c33fe5c531893c63a1e4532a60fc,delivered,2018-05-15 16:47:24,2018-05-15 17:38:12,2018-05-16 14:02:00,2018-05-21 16:42:28,2018-05-30 00:00:00
6ed0160458711e37991b4c5bb0625d3b,6b7773612d35f4b766f522689e092ecc,delivered,2017-09-16 12:02:21,2017-09-16 12:15:15,2017-09-19 21:22:19,2017-09-27 22:09:35,2017-10-10 00:00:00
c186ae09d4d6b5291940be29b05cc169,4ec0d2cb28f8990b106ace8fe8b80cd5,delivered,2017-09-20 15:29:33,2017-09-21 03:04:59,2017-09-22 16:03:35,2017-09-27 21:42:48,2017-10-05 00:00:00
c0c1739aaf78cfa636a69c10519b9876,6b8894ad156c065a00870dbd022c9d23,delivered,2018-05-29 20:27:49,2018-05-29 20:54:01,2018-05-30 14:03:00,2018-06-13 00:03:42,2018-07-05 00:00:00
b8730b40b8f9bf7c1d557c083f82a682,abcda364aa8588e2151e33d27268bcf6,delivered,2018-03-26 16:02:09,2018-03-26 16:15:21,2018-03-27 22:42:07,2018-04-05 11:50:51,2018-04-19 00:00:00
5efcef7a8dde2aa81e8f9943ab60c81f,bc30959eeaf47769b0846717fb9689a2,delivered,2018-03-04 22:32:35,2018-03-06 03:55:45,2018-03-15 20:03:59,2018-03-21 19:58:58,2018-04-09 00:00:00
854bb7838a97e539dd065b30fc08872a,62e4c45005f78e9efce8f9b361151a04,delivered,2018-06-08 23:28:28,2018-06-09 14:59:44,2018-06-11 11:38:00,2018-06-22 16:04:52,2018-06-28 00:00:00
2a413faba9c53fbb45637b8e745f5af9,ad73e36af463651cb09bd467d37acf58,delivered,2018-06-12 21:08:04,2018-06-12 21:42:23,2018-06-13 13:51:00,2018-06-18 16:33:24,2018-07-04 00:00:00
f3d6f3b9a369c62beee0dcee5584f442,14637e4d4896ccbebeaf2a02b0e2a851,delivered,2017-12-12 21:57:58,2017-12-12 22:10:56,2017-12-13 21:07:45,2017-12-27 18:27:12,2018-01-08 00:00:00
f5230784f920e7820d031097408d88b9,1635ea91e392131cf6e536903ee0f339,delivered,2018-05-08 16:55:00,2018-05-08 17:11:44,2018-05-10 13:09:00,2018-05-11 19:06:50,2018-05-16 00:00:00
e219ad747ae4defe726ae79c84ed3819,13de063b98a2469df1e3e21b5dea0a7a,delivered,2017-06-18 23:47:30,2017-06-19 00:43:14,2017-06-19 20:02:46,2017-06-23 11:37:34,2017-07-11 00:00:00
87625edd5358ed519f479259e703b1fa,86140f1b34329457fb0085708f54d3fb,delivered,2017-12-19 22:48:54,2017-12-19 23:53:26,2017-12-21 18:52:10,2017-12-27 21:52:26,2018-01-08 00:00:00
a72698cb5818851e1f19815692cf256b,483468a56a54dbbbf8f2b2354cc8a729,delivered,2017-05-10 20:04:09,2017-05-10 20:15:14,2017-05-11 16:14:47,2017-05-18 12:05:42,2017-05-29 00:00:00
2b851d9512b237dafe33b79cf00c9885,75f14c818131a7f552dabb5a34faf9be,delivered,2017-11-29 22:38:57,2017-11-29 23:31:24,2017-11-30 23:00:04,2017-12-10 16:49:18,2017-12-29 00:00:00
b96e1ccfc3162bcd442fccd2074e00c9,c8011a51c0e76239227252d56d877260,delivered,2018-03-17 13:03:59,2018-03-17 13:15:19,2018-03-21 19:37:41,2018-03-24 00:15:52,2018-04-16 00:00:00
97aeae7e7b1d8a32cf3f26c3946eab1d,d7a488cd8b2ccbbe2829910897f0f589,delivered,2018-07-22 22:09:10,2018-07-23 12:31:44,2018-07-24 15:19:00,2018-08-04 16:46:56,2018-08-27 00:00:00
bf7937a823a3232d50fe7a0520ae8c0c,e36beb1a691e2a8425544454f4916f5b,delivered,2017-10-09 14:50:19,2017-10-09 15:15:11,2017-10-10 15:43:01,2017-10-25 19:12:13,2017-11-03 00:00:00
8321b0cd9de49601b4c81b6ab4c3f15e,198d060a5ca015d1ebe9cc54c305b22f,delivered,2018-03-22 20:01:52,2018-03-23 19:55:33,2018-03-27 01:11:30,2018-04-16 23:24:43,2018-04-18 00:00:00
a695521c4f87eeb369e371486b6f7f9e,3ff2f90922ad16093bc27382a477e364,delivered,2018-03-29 20:21:14,2018-03-29 20:30:17,2018-04-04 01:51:43,2018-04-10 18:38:28,2018-04-23 00:00:00
d4361586dbdf3e45c6de2faac0714711,2091ac2e252cc73275e670e4e8bf30bc,delivered,2018-07-16 16:46:01,2018-07-18 02:41:47,2018-07-18 12:41:00,2018-07-20 15:48:54,2018-08-03 00:00:00
0475d054d40280dfba750663c9ad7a0a,5c232e92346113f68998cf6395eb457f,delivered,2018-07-24 17:25:33,2018-07-24 17:35:18,2018-07-31 14:18:00,2018-08-03 18:41:28,2018-08-17 00:00:00
fd94e66307d89e3285cde20f9766bafd,ccd36c540240c744dd26146ce739e082,delivered,2018-08-25 14:20:27,2018-08-25 14:30:15,2018-08-27 12:50:00,2018-08-28 21:55:34,2018-09-03 00:00:00
3a9731efdd545919f0c6c36c8633b7fd,f141fbe08704cd463fd586a9d746b71a,delivered,2017-02-03 00:18:35,2017-02-03 00:31:34,2017-02-03 16:39:08,2017-02-09 18:08:30,2017-03-28 00:00:00
6103ae4e3648137cdabab734faf4c19e,147ea8ab00e6417a666c1b9921b64be4,delivered,2017-09-27 00:26:45,2017-09-27 00:56:14,2017-09-28 16:13:57,2017-10-11 20:42:57,2017-10-31 00:00:00
2adb88df15a33d97f2990e59b1745820,584cd77e4f94956e942c28ea0eaeed5d,delivered,2018-06-17 21:02:33,2018-06-17 21:15:24,2018-06-18 11:17:00,2018-06-27 18:05:07,2018-07-17 00:00:00
be625dc4e32d2e9edfb3a252306884da,d1ee885105a18181bf52979a83068e2a,delivered,2018-04-11 16:10:27,2018-04-11 16:32:33,2018-04-19 20:59:24,2018-04-25 22:05:11,2018-05-17 00:00:00
db3fc84b6b11b4b4c892442161860ca9,e9ea17f127953c48d771b37a514d2d66,delivered,2017-12-04 18:07:49,2017-12-06 02:50:17,2017-12-08 02:28:46,2017-12-18 23:44:58,2018-02-13 00:00:00
8688a4903fddd7ff09ac974e258c93d2,f3793915d0e091211fbfcd08d3a630d8,delivered,2017-05-04 10:32:13,2017-05-04 10:42:29,2017-05-17 11:07:55,2017-05-23 22:51:29,2017-05-25 00:00:00
bd982aee32cd290fc0ecf05ec77c326b,fe11d27a155ab2ad8d59cdcadde0d9f9,delivered,2018-08-04 19:00:40,2018-08-04 19:24:08,2018-08-10 11:45:00,2018-08-17 01:48:42,2018-08-09 00:00:00
21d1525b1f8b575155ad84f1cac8416b,ece0add9b18630501bd9a4020bbf2637,delivered,2018-02-20 12:17:49,2018-02-20 13:07:36,2018-02-21 18:08:23,2018-03-02 21:13:36,2018-03-12 00:00:00
9b34787245866523a491f855ebc4e8fe,c7a776ecdf532ea82ef9c3f6ce3027e4,delivered,2018-03-15 22:35:02,2018-03-15 22:50:29,2018-03-19 18:36:38,2018-03-26 17:26:35,2018-04-10 00:00:00
b6c70f4b37438a78c820423809997c20,3588cd5b4c54f438e59fbdd3df100b37,delivered,2017-10-04 20:45:59,2017-10-05 20:49:30,2017-10-10 17:08:21,2017-10-27 16:45:01,2017-11-08 00:00:00
fdace49148cbd2b1a22811baf02f5fd1,a2019bb87b2e136550f4a605ceb5e79d,delivered,2017-12-06 19:16:44,2017-12-06 19:29:43,2017-12-07 23:34:43,2017-12-09 18:39:05,2017-12-22 00:00:00
45c5f1ab99efdaf580f4d57769aee540,f41ab93e419520367c77c34a6d95c750,delivered,2018-07-24 16:45:39,2018-07-25 16:45:14,2018-07-27 14:22:00,2018-08-02 17:28:31,2018-08-10 00:00:00
c4566096644e484021e16258c06ccb4d,1510b5bd7ee4b45beab8d17c5bd15d3b,delivered,2018-01-21 14:12:28,2018-01-23 03:52:34,2018-01-24 23:09:25,2018-02-11 14:33:35,2018-02-21 00:00:00
2db89d0e7f0dc38ccf1374a6c51b5b7d,fd2767fd04a34f7fe8b2ebb51f86c535,delivered,2018-06-18 23:49:55,2018-06-19 00:15:58,2018-06-20 14:32:00,2018-06-22 17:48:50,2018-06-29 00:00:00
c1d4211b3dae76144deccd6c74144a88,684cb238dc5b5d6366244e0e0776b450,delivered,2017-01-19 12:48:08,,2017-01-25 14:56:50,2017-01-30 18:16:01,2017-03-01 00:00:00
8f3ad98d076e277ed1beb7bd84e05450,66edddd2f66c4db5b7958299be8733f0,delivered,2018-01-17 15:54:49,2018-01-17 16:11:19,2018-01-19 00:22:40,2018-01-26 22:36:36,2018-02-14 00:00:00
aca60cec1bc8f1050c9e956312201026,52f9c62f6fb5fc5aade1a9825c9548cf,delivered,2017-09-19 20:15:05,2017-09-19 20:25:16,2017-09-20 22:22:26,2017-09-21 16:45:07,2017-10-03 00:00:00
55a8e561e2d5d35ad18732f7d083babe,d016bd90f904bbf7b11789bb7b3a98bf,delivered,2018-02-08 17:39:49,2018-02-10 10:18:42,2018-02-09 19:33:11,2018-02-20 19:57:12,2018-03-07 00:00:00
072d46cbc49c2ee26ddde8f25d22f617,1966b090f543e7faae8d35fbd5b19137,delivered,2017-09-12 21:58:21,2017-09-12 22:10:19,2017-09-14 16:24:01,2017-09-29 14:17:00,2017-10-03 00:00:00
6ec4d2a3950dd8341ae9b8e458e85802,9f2fd58b5e1b4ee026d8bb206a7a8800,delivered,2018-01-21 18:57:44,2018-01-22 13:57:02,2018-01-22 21:48:44,2018-01-29 15:14:57,2018-02-15 00:00:00
5f9a2288d2f21704d5148aacbd3a4263,ea53ff8d1d4b00fdde037a071e637eb6,delivered,2017-04-16 22:45:14,2017-04-18 04:03:00,2017-04-25 12:33:10,2017-05-10 05:40:03,2017-05-18 00:00:00
e52223f2c81fa3a68e1bbd37037abc5c,b010fa7790690f927ff0a2883587e53a,delivered,2017-07-05 13:40:18,2017-07-05 17:36:33,2017-07-06 14:42:11,2017-07-17 19:23:47,2017-07-27 00:00:00
6d84eef7bc3b079a4d45a49a3e355784,df2bae9cf7a0caac49c44889325bb29c,delivered,2017-11-25 17:23:43,2017-11-27 17:21:15,2017-12-04 20:09:11,2017-12-07 14:47:55,2017-12-26 00:00:00
e6e4672e14ca0ff3cbdf2e23e1d6cc30,e4c41bebed7244008560be0c59fbe6ff,delivered,2018-06-01 19:28:15,2018-06-05 04:12:41,2018-06-05 12:44:00,2018-06-13 14:16:54,2018-07-11 00:00:00
3d3b13a4414d475f80a8fbc1c5afd1df,2fe1b8778eb102b1cac1d48452ed05d7,delivered,2018-07-13 13:01:23,2018-07-13 13:10:15,2018-07-17 13:35:00,2018-07-23 23:04:02,2018-08-17 00:00:00
91d8044f5ac4a788b325fe556f47c480,bc1955f5c2a40ba7940812bb290c6efc,delivered,2018-03-01 20:13:46,2018-03-01 20:35:27,2018-03-02 19:25:47,2018-04-03 21:08:07,2018-04-03 00:00:00
aa1ec064e8eb975121269dee2a451592,1288b6510d1115cdc0dbb81b0de73743,delivered,2017-09-24 20:10:30,2017-09-24 20:24:33,2017-09-26 20:10:56,2017-10-03 19:28:09,2017-10-24 00:00:00
eada3ac7ed364835ff906f8b4c8b1f72,c83cfa71a2ded601be5ef7d16115dbd7,delivered,2017-11-21 20:27:49,2017-11-21 20:35:52,2017-11-23 23:18:50,2017-12-04 23:59:11,2017-12-11 00:00:00
d16d1a7491ec2a06c392744f9177d1ef,26f7e20b9ebc14b0de484d49ccb2305f,delivered,2017-04-20 11:09:34,2017-04-20 11:21:45,2017-04-20 12:03:46,2017-05-04 22:46:45,2017-05-31 00:00:00
cd05a1fc2781f43f5e459c285751e26a,dc9ccc5a17a293fa6ba72ff608436367,delivered,2017-03-08 11:17:14,2017-03-08 11:30:08,2017-03-08 12:03:44,2017-03-14 10:08:01,2017-03-30 00:00:00
f3f20a355feba5a3e09b1133932f992f,09b4d423124d6cecc21ae4e3ddb999e3,delivered,2018-08-14 14:14:44,2018-08-14 14:25:18,2018-08-15 12:53:00,2018-08-20 12:28:43,2018-08-29 00:00:00
a2f084633c53f198fb3ba4148fd4a148,a862553fffca102946274396683cbd39,delivered,2018-02-25 09:57:15,2018-02-27 04:31:05,2018-02-28 17:39:18,2018-03-07 23:18:41,2018-03-26 00:00:00
c8b785ff006155b23afd689ffdf7975e,685d525a7b19b0f8984d5786aaa9f087,delivered,2018-05-25 15:44:22,2018-05-25 16:21:48,2018-05-29 12:53:00,2018-05-30 18:18:53,2018-06-12 00:00:00
82e9ad47f8a0e270d9cbabde98cbda55,075b1ee3e2a225492cca5e5d9791e776,delivered,2018-01-11 08:12:33,2018-01-11 08:27:53,2018-01-16 18:51:39,2018-01-23 16:46:57,2018-02-01 00:00:00
252c40159f2a9ab94b552a779514e790,c636e0bd30b9ba3bab0e3069bbeae770,delivered,2018-06-08 17:31:38,2018-06-08 20:49:40,2018-06-12 12:33:00,2018-06-19 21:33:11,2018-07-17 00:00:00
62fb9bca0ffbfb14ef2cc2b79b4434a5,b0696a9afb0d3178cfd6a94f37f453de,delivered,2018-08-06 23:21:15,2018-08-06 23:30:19,2018-08-08 08:10:00,2018-08-14 19:33:44,2018-08-17 00:00:00
4bcfd4cbbe95542bb16ad7ba325e2dfa,5d40fb4aaacc3e6990a3a180b6c7402f,delivered,2018-07-27 19:38:06,2018-07-27 19:50:15,2018-07-31 14:08:00,2018-08-04 13:12:37,2018-08-28 00:00:00
ab1a06760db3f8bd369582042ab2cf03,06b09819b81341351b11441f78c0073d,delivered,2017-11-24 21:13:26,2017-11-24 23:59:40,2017-11-29 17:38:48,2017-12-11 12:48:57,2017-12-19 00:00:00
e531e9e89d98dd65602ba196b7a619a6,2439a2f77998e224cef5e289f7aeee9c,delivered,2018-01-12 11:19:20,2018-01-13 11:14:16,2018-01-15 18:52:09,2018-01-30 12:26:42,2018-02-14 00:00:00
3d25ea8a710032b1b66683b23027c0a6,1bcafd5a67fb1b6b93ce4f4ad78e9f79,delivered,2018-05-30 18:20:52,2018-05-30 18:31:06,2018-06-04 14:13:00,2018-06-08 15:38:44,2018-06-25 00:00:00
3fd344b2cb1a8468576b09b34e71bf2f,e84638449e86bc37c2f4cabcafa62155,delivered,2018-06-26 15:51:45,2018-06-26 16:16:33,2018-06-27 10:15:00,2018-07-05 20:56:35,2018-07-18 00:00:00
3e43e4dedffaf5c15e579786d0b5317f,016b9c55722fc080b0cbf76d663449af,delivered,2018-08-03 15:37:56,2018-08-04 04:15:24,2018-08-24 13:40:00,2018-08-29 17:46:38,2018-08-17 00:00:00
d34c3c0f26d67cc75d6f4038687fc137,874d93028c161780cf20da0b7b3797b5,delivered,2018-05-14 15:24:56,2018-05-14 15:35:19,2018-05-15 14:40:00,2018-05-20 15:02:44,2018-05-30 00:00:00
bde129eebd03ffe125ca818b00f85b92,d8b162ad1239626fbbd3a31ec538afa0,delivered,2018-05-09 11:25:59,2018-05-09 12:14:57,2018-05-10 08:54:00,2018-05-15 20:38:54,2018-05-25 00:00:00
5a662d59a825199b9144985d95896f7d,370b6f7cb5b661309f4a91193f6091ca,delivered,2017-12-14 21:06:57,2017-12-14 21:17:23,2017-12-15 22:16:36,2017-12-27 16:49:03,2018-01-10 00:00:00
05709f85ee94e226753ae0ed0886b69b,cfd03e2bdbef45d8d27ada56c4ae0348,delivered,2017-03-01 16:38:52,2017-03-03 02:35:37,2017-03-06 07:31:55,2017-03-16 17:17:50,2017-03-28 00:00:00
665f2994ddf4e79dc7a0dbe27e851e8e,65d7cc462005f69879cfdb08e058a239,delivered,2017-10-23 19:42:59,2017-10-24 03:35:46,2017-10-26 13:27:54,2017-11-07 19:41:33,2017-11-23 00:00:00
eaf0add60b176b64a692a1e382addea8,0a083c0972f90498ff5b26cba872b2be,delivered,2017-12-18 23:14:44,2017-12-19 01:31:23,2018-01-10 01:51:54,2018-01-15 21:43:13,2018-01-18 00:00:00
a584b2acfafd53fc605e76baa4a5cfaf,f114414231ebd557e92bf1cd7c4f94c8,shipped,2018-02-01 22:40:26,2018-02-02 16:00:42,2018-02-03 01:32:57,,2018-02-23 00:00:00
02342201aaaf713fa9f51c6d44444424,1730e1c6c871728cb55c1648810fa30b,delivered,2018-01-29 12:39:16,2018-01-29 12:52:24,2018-01-30 19:29:06,2018-02-05 19:08:41,2018-02-20 00:00:00
e5c32f239371faa3bdade23da46b2921,a0c4b356a906e7401fabe51d2727bc35,delivered,2017-12-08 14:09:00,2017-12-08 14:19:29,2017-12-11 16:28:40,2018-01-17 20:39:23,2018-01-08 00:00:00
e009dde166ed889f54967499e49e3052,16195a3a52d14b7a0d2e4b60ab64e9aa,delivered,2017-04-20 15:49:10,2017-04-20 16:01:54,2017-04-24 09:08:42,2017-05-05 13:44:06,2017-05-18 00:00:00
8575bcda52558e232a65a448dd7deb5d,e0ed7435a85ba0ec18890961c9ed4d9e,delivered,2018-06-19 14:21:32,2018-06-19 14:38:01,2018-06-21 18:50:00,2018-06-25 17:05:42,2018-07-03 00:00:00
99121a6a19faf88462f8fe83aeecb844,79db1adcafbefdf198943d7684a88e5b,delivered,2017-12-07 15:57:37,2017-12-07 16:11:49,2017-12-08 19:28:38,2018-01-09 21:35:10,2018-01-10 00:00:00
d7c320185a2f9b32f5e2370ff3f8bd64,fc01c21e3a2b27c4dd460ac3fb5539c3,delivered,2017-07-30 06:39:28,2017-07-30 06:50:10,2017-08-04 20:27:26,2017-08-11 18:40:04,2017-08-31 00:00:00
b02775846fbeb5c5895619fa76cd75e6,d4ac7deb902f5fa8fc2e76337f4ab38c,delivered,2018-03-08 16:14:09,2018-03-09 02:15:34,2018-03-10 00:46:45,2018-03-14 23:34:32,2018-03-26 00:00:00
e96f5f77a761f30e086e31502550769a,44f630d01c16b97d086569cb171ff290,delivered,2018-01-12 11:35:32,2018-01-12 11:48:35,2018-01-13 01:18:57,2018-01-29 23:08:02,2018-02-09 00:00:00
6949db3c04a148477159a00e408f448b,3dc0c2303d013b87d11d353c2b23ad80,delivered,2018-05-04 18:57:34,2018-05-05 15:35:20,2018-05-07 14:18:00,2018-05-14 23:42:37,2018-06-14 00:00:00
01c7b08f0c05952ce15edb928bb63d2d,378b80aaccaaf259cfd1389b968e4bb2,delivered,2018-04-02 16:59:53,2018-04-02 17:10:25,2018-04-05 13:03:32,2018-04-18 18:56:38,2018-05-02 00:00:00
14a695b756de73b46dafb2151dc5ae98,485467dcaa4890765980aed75761bece,delivered,2017-11-26 10:52:41,2017-11-26 11:14:50,2017-11-27 18:17:11,2017-12-06 17:49:17,2017-12-22 00:00:00
9aad2ac2f6d78890d5d6cd313694cc58,9c0855a182df90f5d5a08a743a4a283f,delivered,2018-01-16 22:36:41,2018-01-16 22:51:20,2018-01-17 15:09:26,2018-01-29 22:18:32,2018-02-19 00:00:00
23547de53f9322e4e739959f2f0cc8be,ddb890a3ea68c85af048245740135308,delivered,2018-06-05 15:22:19,2018-06-06 06:30:06,2018-06-18 12:35:00,2018-06-21 14:12:25,2018-07-20 00:00:00
068306f3ae87b774e579eb36d5714ced,18b3ccdb39831edbfefc432e649d2585,delivered,2018-02-01 01:04:13,2018-02-02 02:54:18,2018-02-03 02:04:00,2018-02-16 17:19:06,2018-03-06 00:00:00
1a3e279645fab98ff8a8dcdef4b9bb86,60d6b20abdfcd5d6925f73276c4304e4,delivered,2018-02-20 18:17:18,2018-02-20 18:25:42,2018-02-21 21:45:18,2018-03-06 18:16:42,2018-03-15 00:00:00
db37f3a504d63cd9e2fb6133c80e0219,e64980ce00332f614cfa01af778368e4,delivered,2017-12-04 18:22:26,2017-12-06 19:53:37,2017-12-08 22:03:24,2017-12-18 19:44:53,2018-01-02 00:00:00
abeeea9fce5636d390a8d462e783ade0,84d6fb210530092cc812964f47296514,delivered,2018-04-08 10:10:38,2018-04-08 10:29:46,2018-04-10 15:38:52,2018-04-23 22:22:25,2018-05-08 00:00:00
a4f692247016a0f0394abc54b63f865d,1fef503d511721f73b5fde31d963fb3f,delivered,2017-05-21 23:59:45,2017-05-22 01:45:09,2017-06-01 12:43:59,2017-06-12 14:36:44,2017-06-22 00:00:00
4296bf3920be4eaa22d4f0cd0c3467b9,8f0d2d201106ce6885ab7b72beb9073e,delivered,2018-05-08 07:20:00,2018-05-08 20:55:00,2018-05-10 18:29:00,2018-05-18 17:18:34,2018-06-12 00:00:00
f9ca78db37320d8b51acd2e6eacc3f22,dc7481c01fba1947d83f67e13b422cc4,delivered,2018-07-14 15:44:36,2018-07-14 15:55:18,2018-07-20 15:38:00,2018-07-25 20:42:02,2018-07-30 00:00:00
9908ae99065b70b8df618def52474f12,a0acb3880824e745260bae525ba36edd,delivered,2018-02-03 17:09:58,2018-02-05 11:29:59,2018-02-05 21:23:10,2018-02-14 18:51:41,2018-03-12 00:00:00
8fdfc7811576948a3617d02fe7ddbaf8,3453409eaefe9c73d2d8fbdc03b97406,delivered,2017-12-13 07:40:14,2017-12-14 02:12:36,2017-12-15 13:58:51,2017-12-21 20:04:13,2018-01-09 00:00:00
cb926a5abfd9b91198cb1bfaea0f4fb9,2801a08fe1fc553a603da319ab543e76,delivered,2018-05-04 08:47:00,2018-05-04 09:12:36,2018-05-09 15:48:00,2018-05-14 17:21:33,2018-05-25 00:00:00
8df81a1dab308a92a053ab9c66cac75e,3018fa3065977f4f8ee779c04a66d5e7,delivered,2018-02-14 17:51:11,2018-02-14 18:08:30,2018-02-15 23:58:53,2018-03-02 23:11:24,2018-03-23 00:00:00
99edc58dc1d02b11403a10338c3a696c,c4784d77ab20f22ff6a8cf8140d43b42,delivered,2018-05-15 14:21:56,2018-05-15 14:35:58,2018-05-15 14:34:00,2018-05-18 16:12:14,2018-05-29 00:00:00
efa8ce996bb690cb0a1b1201374b4445,a7d55a3890b6930701664ffe5cf43967,delivered,2017-04-18 17:23:33,2017-04-18 17:35:14,2017-04-20 10:24:16,2017-05-12 11:38:10,2017-05-16 00:00:00
6a300a67950956af7a9e1fe6e85c92a4,90eed93cd3b46c2507862e1821afe82e,delivered,2018-06-05 20:19:48,2018-06-05 20:35:10,2018-06-06 14:01:00,2018-07-03 17:08:35,2018-07-16 00:00:00
ba3d396e10bb9cca83f450f0ff8c8dca,146988d07b6d5ff6b0fc85ba6e63e60e,delivered,2017-10-19 22:09:22,2017-10-19 22:28:05,2017-10-20 19:32:52,2017-10-25 13:56:01,2017-11-08 00:00:00
0b1e1533654221aac3796e0a8ca9161e,5af12d6ae9e2a3254902b61194ce5b2d,delivered,2018-01-18 10:03:37,2018-01-18 10:16:44,2018-01-23 18:36:44,2018-02-02 19:16:59,2018-02-08 00:00:00
786071d2041ebb770c1045944ed57ab2,e57f9faf02866cdf711f60ebf0da9c89,delivered,2018-03-23 12:04:28,2018-03-23 12:28:49,2018-03-26 21:48:41,2018-03-27 15:39:08,2018-04-05 00:00:00
220b5fbfd28bbffc942d3c77f7ddb50c,035ec305e97c979078a8d68778f25905,delivered,2018-07-18 09:35:17,2018-07-19 03:02:30,2018-07-24 13:52:00,2018-08-02 19:06:48,2018-08-16 00:00:00
030f7abd700a4ceae9a8c4cff4b3dc95,8e2d143438d380d522c2a4ccc781c6ac,delivered,2017-10-18 18:07:13,2017-10-18 18:26:43,2017-10-19 23:05:05,2017-10-25 17:30:11,2017-11-09 00:00:00
0ecce757e49491027052d532cc6335f0,b51a5d93de0054961a5ab0ab82e26aaf,delivered,2017-07-18 20:54:59,2017-07-19 20:50:16,2017-07-24 19:59:33,2017-08-01 16:04:13,2017-08-14 00:00:00
e63b37ab1f91c70300e77e21b27ad11f,02d82f830047e8f02a1092bc7c6599ac,delivered,2018-03-11 12:03:54,2018-03-11 12:15:30,2018-03-13 00:08:39,2018-03-22 20:47:23,2018-04-09 00:00:00
c87d7a80e2ec732b00980f3ea7961603,0798dfe8bcdfc6b4a6e0c4b44300b5ca,delivered,2017-12-16 20:06:59,2017-12-19 11:16:27,2017-12-20 13:42:03,2018-01-03 20:29:00,2018-01-16 00:00:00
1f68afd1b515cc9202ccaadf56181d57,57a27b2aa5a10e277163300509eb09c0,delivered,2018-02-25 14:15:16,2018-02-25 14:28:12,2018-02-26 19:55:40,2018-04-05 22:06:45,2018-03-20 00:00:00
2b52dbab41840708a214e393b22184be,c1a1035d02dcce142fd4735968360153,delivered,2018-03-23 13:28:31,2018-03-23 13:48:48,2018-03-26 22:38:51,2018-04-04 14:44:51,2018-04-16 00:00:00
6324e65e2ee9229b276012aef741e036,d8af922675854cdedcf291b6a9e29d7d,delivered,2018-04-02 21:14:40,2018-04-02 21:30:24,2018-04-04 01:06:42,2018-04-11 18:58:48,2018-04-24 00:00:00
f74dcd65a1cdae9ae89cac2b70c832b2,03239979fa7a96497a4524c1af699b47,delivered,2017-06-25 22:41:51,2017-06-25 22:55:10,2017-06-26 14:57:56,2017-06-27 15:12:38,2017-07-07 00:00:00
cf58f2b85e58aa578ff307fe1a3adbea,00fd9131670312e3292287415ee2e498,delivered,2017-07-03 23:01:30,2017-07-03 23:10:19,2017-07-04 13:57:50,2017-07-10 21:19:35,2017-07-27 00:00:00
338fbb25496b4365065adc83c56a0729,3842f59262a8439427f8fe9da5e62286,delivered,2017-11-21 10:28:26,2017-11-22 02:47:20,2017-11-23 20:28:42,2017-11-30 20:18:58,2017-12-11 00:00:00
60850f50218200d2c61bd3d983e22d08,1bd415bf0765c15f71a42ca3b68cbfcc,delivered,2017-09-14 19:29:37,2017-09-14 20:45:12,2017-09-15 16:21:58,2017-09-20 20:02:59,2017-10-17 00:00:00
b40cc33d658c4e802526de2bf8a56d43,3f1ad472702103c94ec12bf58592d772,delivered,2017-07-17 15:12:01,2017-07-18 06:15:37,2017-07-21 14:09:39,2017-07-28 18:55:47,2017-08-09 00:00:00
a044e4274dc3344dd938742300828892,e766e052ac68cab8e6250d63c1b47ce1,delivered,2017-07-25 16:05:53,2017-07-25 16:23:21,2017-07-29 14:22:34,2017-08-15 14:15:49,2017-08-28 00:00:00
7d1ce7457c6de5e26ff0d58b395befb6,48b648863faff4c9aeeb417673fb45e1,delivered,2017-11-21 09:29:05,2017-11-23 02:59:22,2017-11-24 17:54:57,2017-12-11 23:37:04,2017-12-15 00:00:00
1a24c42d543edc3c23123399b8aeb334,e1e5a62021941108f4add835d039e217,delivered,2018-01-14 13:58:31,2018-01-14 14:10:21,2018-01-20 00:21:43,2018-02-10 09:43:47,2018-02-09 00:00:00
76ce88e33d4fe9f50ad83539cd8fdb94,8dcf961ffcf501826028639b9ef25358,delivered,2018-07-14 15:57:35,2018-07-15 15:55:18,2018-07-18 13:23:00,2018-07-24 11:28:32,2018-08-13 00:00:00
00c47cfa491ef55779ec7557673087fc,7ccd57bc5c4e0f34fcbc9209b2d4bdfa,delivered,2018-07-23 11:36:26,2018-07-23 14:30:58,2018-07-23 16:06:00,2018-07-25 14:41:26,2018-08-06 00:00:00
f3d907ca2389186613781da85106e282,7623974c22b1c2ee440dd0ad932316d0,delivered,2017-10-26 13:12:04,2017-10-26 13:29:37,2017-10-27 23:57:48,2017-11-07 19:07:01,2017-11-17 00:00:00
77647c811d173d4d74674fd37c098c17,29f139d6b158f7be88e7098b843f0a88,delivered,2018-03-05 16:28:53,2018-03-06 16:31:25,2018-03-08 02:39:01,2018-04-05 19:05:34,2018-03-28 00:00:00
d4bec1a24c97bd17be18d77297a0f6a0,33e66871536941873f7c041f120012be,delivered,2018-08-09 20:31:52,2018-08-11 11:45:11,2018-08-14 15:54:00,2018-08-22 17:52:38,2018-09-03 00:00:00
ea33cd2abf7b7fd6896e52eeb87c8ac2,2cd8afb375aa3179d4967024dbf0c460,delivered,2018-08-18 18:29:46,2018-08-18 18:49:21,2018-08-22 07:31:00,2018-08-27 15:51:29,2018-09-06 00:00:00
0916594b6973230f69379f83d3bac036,0e63a54cb887ce4ed340ebf5e8cececa,delivered,2017-05-21 19:07:46,2017-05-21 19:15:26,2017-05-22 12:11:33,2017-05-30 09:38:32,2017-06-13 00:00:00
3287906d23c6e6cb0ebb48f0b766001b,1c01b6e99332e712ccd834ae02122d20,delivered,2017-09-06 14:39:40,2017-09-06 14:52:27,2017-09-08 15:50:06,2017-09-19 16:59:01,2017-09-27 00:00:00
c3228fb3eec33bd6bdb6259cda52759d,b398477a817451216f8913ce45a1a2a7,delivered,2017-02-07 19:09:08,2017-02-07 19:22:21,2017-02-10 10:11:44,2017-02-16 16:54:06,2017-03-06 00:00:00
b9b02ea6b4c73fad1faffdc7e4deb3f0,703c8a3db3081a6188fc97fd296079a0,delivered,2017-11-23 15:58:43,2017-11-23 16:09:04,2017-11-24 17:14:22,2017-11-29 14:01:58,2017-12-13 00:00:00
52dad0f7bc913b9f6bee5df584adeffb,c4b8258f6561d47376f6b321e3e326e6,delivered,2018-06-06 14:01:53,2018-06-07 13:57:46,2018-06-07 12:41:00,2018-06-12 16:27:00,2018-07-17 00:00:00
b0e1d9af1bfc3a4d96489c81cf10fe69,e6baa8613ec0f40b1c03a74b605dce5e,delivered,2017-10-08 20:07:54,2017-10-08 20:24:52,2017-10-11 21:13:00,2017-10-16 15:32:22,2017-10-27 00:00:00
1dfe6a690d7897fc421a5bd2529b7f47,fb35e193fd247832d71af457b52dd5a3,delivered,2018-08-10 09:44:58,2018-08-10 09:55:17,2018-08-13 12:17:00,2018-08-20 22:12:08,2018-09-03 00:00:00
67c8c2016ddabf0059783eb44e921f99,5dab5bf9febbb3b73421ebf0380a0746,delivered,2018-04-30 20:20:45,2018-05-03 03:35:13,2018-05-07 14:40:00,2018-05-23 11:38:48,2018-05-24 00:00:00
9461233f007294d53c027b24648e02f3,80dd6889d1cd0b80f9ff71789a835f18,delivered,2017-04-17 12:24:44,2017-04-17 13:05:30,2017-04-18 11:16:43,2017-05-10 08:47:52,2017-05-08 00:00:00
36e4ebedf866c08c5948ae0f46dfd134,ad4c0cd75c9984308deeb3ecfe6377cc,delivered,2018-01-21 17:37:57,2018-01-23 03:52:34,2018-01-23 20:13:03,2018-01-31 19:52:24,2018-02-06 00:00:00
ece7b7cba1247b9ac059fc6a6528a075,3fd1372ce0a673e17cca90c7bb33bd3e,delivered,2018-05-15 15:17:06,2018-05-15 15:35:12,2018-05-15 15:05:00,2018-05-25 10:18:23,2018-06-11 00:00:00
ebeff2700216eccd71f9e7de886652b3,77128282a85952600858bc2f4c045640,delivered,2017-11-24 16:23:33,2017-11-24 20:18:34,2017-12-06 17:53:55,2017-12-20 21:59:15,2017-12-14 00:00:00
19b55ae80ab60aabd581aced47f84e7f,a87a6b9a298bec34555c0ea96d7e0734,delivered,2018-01-31 17:34:15,2018-02-02 02:53:59,2018-02-05 12:41:47,2018-02-15 21:43:31,2018-03-06 00:00:00
c2d00a9eb60169824e8b8cd5b0baf2d1,7dac8705fcb9546ba4ee96aa9458de81,delivered,2017-07-02 15:58:25,2017-07-02 16:10:14,2017-07-04 15:58:46,2017-08-04 12:07:37,2017-08-04 00:00:00
88af1e29bb0ae20c379da31875a94806,e4a07e0acbf6db3487faa3b2932cb400,delivered,2018-05-13 15:43:25,2018-05-14 15:35:25,2018-05-15 14:24:00,2018-05-22 15:37:25,2018-06-06 00:00:00
6b331bf7ee3fd56657566f64027c8c88,32811f66cad048be39f8128652303311,delivered,2017-08-23 10:59:44,2017-08-24 11:10:07,2017-08-25 20:23:50,2017-08-30 21:28:57,2017-09-15 00:00:00
c9fbd3052dbd9c9ff427806225df3ad8,eebae414ff03e98fc5c4ecc1b449d6fb,delivered,2017-11-24 20:11:37,2017-11-28 02:52:34,2017-12-01 22:22:20,2017-12-06 19:48:45,2017-12-14 00:00:00
a74bd7028543600b2bf880c8b7040fa4,4cbd5670977afc1b847668f3263a3d4e,delivered,2017-04-29 00:02:03,2017-04-29 01:02:59,2017-05-02 18:12:33,2017-05-09 09:42:29,2017-05-23 00:00:00
4a01c3bf3597e6cd8030ee3dc7311e14,520aa27ca1f4ee8465b3ec516e6d0688,delivered,2017-12-26 10:22:31,2017-12-27 04:12:32,2018-01-03 22:36:35,2018-01-15 14:22:19,2018-01-22 00:00:00
4542fb157f4694bfdef42f42edbd28aa,aa5f87b79875f43b90b310decb62356e,delivered,2017-10-26 16:36:12,2017-10-26 16:49:47,2017-10-31 16:48:00,2017-11-07 15:18:41,2017-11-14 00:00:00
50dcbb2a2604b38d231b84bde3f62227,39378689a58075dd0304d79ee3ae0cfd,delivered,2017-10-05 17:40:46,2017-10-05 17:49:32,2017-10-11 18:49:43,2017-10-17 18:43:43,2017-11-07 00:00:00
861491497ec50d96ed67fcc3b12fdd87,2b5c023861a099fcbeb256f84a73719f,delivered,2017-11-28 18:03:13,2017-11-28 18:16:42,2017-12-04 19:45:13,2017-12-07 22:07:13,2017-12-12 00:00:00
82c5c105e4a317697369d82a36996aa5,44fdef4a8e319ac32493afc9cb0731a1,delivered,2017-11-30 13:30:58,2017-11-30 13:52:13,2017-12-01 20:53:10,2017-12-04 21:23:15,2018-01-03 00:00:00
a01a4f4b4faa17b262af0d0a96668e2c,54b1a3f777445eadcd960f085daeda40,delivered,2018-01-12 13:32:58,2018-01-12 13:48:59,2018-01-17 18:19:08,2018-01-19 13:10:08,2018-01-29 00:00:00
f76b26cd77226ba5e1e3c800cf1e6ff2,e517764f936509d128d13b3997f6f3f6,delivered,2018-07-18 11:36:56,2018-07-18 11:50:10,2018-07-18 14:29:00,2018-07-20 19:28:26,2018-07-31 00:00:00
517e46dd2b1a674f95729233d3cdd938,22defe0553a346cf1b024e8ae0243afc,processing,2017-02-20 21:34:07,2017-02-20 21:45:23,,,2017-03-23 00:00:00
2456307fb247b225d2f68170f76577a6,9940b6b691f76441e13092a0f344dbd9,delivered,2018-02-27 14:08:39,2018-02-27 14:29:10,2018-02-28 21:51:22,2018-03-14 20:26:25,2018-03-27 00:00:00
980bc014d29830d87b56bbc7720a6b6b,250ce9dfe50e99c23fe27a267c718e49,delivered,2018-03-09 15:29:23,2018-03-09 16:10:00,2018-03-12 19:48:53,2018-04-17 20:56:40,2018-03-28 00:00:00
e5476d1c0a9bcc909b2f4bc24559bdde,ae933e624bc868f3e68628d1f5ceeebc,canceled,2017-02-13 17:17:36,2017-02-13 17:30:17,,,2017-03-16 00:00:00
9e675daa2924f26d76059123b4b3b20f,56dde5ae4a599923a54ea1c9a64c3094,delivered,2018-06-10 21:45:42,2018-06-11 09:11:51,2018-06-14 10:56:00,2018-07-05 15:06:25,2018-07-11 00:00:00
0f57f8c8546ce0d3837910801250d944,fe088b708cc9258c6ac74a99a77581cd,delivered,2017-08-18 20:56:48,2017-08-18 21:10:18,2017-08-21 21:17:24,2017-08-24 19:53:35,2017-08-31 00:00:00
a58d2e45e365fdb3ee3cdac17e1be44a,7dba4217ec92d64903e5c6df3d01b7d5,delivered,2018-07-18 23:58:18,2018-07-19 00:10:23,2018-07-30 06:16:00,2018-08-10 18:48:26,2018-08-13 00:00:00
cd25a7c65029c84ae2f9ff0e4b968d0e,b5e5834e0ea55cdba7835b12c756f94b,delivered,2017-11-07 13:59:47,2017-11-07 14:15:51,2017-11-08 19:28:42,2017-11-14 16:41:46,2017-11-30 00:00:00
5a0911d70c1f85d3bed0df1bf693a6dd,b18406a3ade96967766b9868c6989d5d,delivered,2018-07-26 22:26:36,2018-07-26 22:35:28,2018-07-27 10:54:00,2018-08-08 18:31:17,2018-08-22 00:00:00
41202affb3415784c71821ffb3f95a40,bd098a986b24ba5fe13034ab75b5d7e0,delivered,2017-03-27 20:29:48,2017-03-27 20:43:08,2017-03-28 11:42:58,2017-03-30 13:44:32,2017-04-13 00:00:00
dbf13fbeffe18a8079ff256049421669,81a968e11737ed91c8092a82a7b19203,delivered,2018-04-26 08:51:45,2018-04-26 09:13:11,2018-04-26 12:59:00,2018-04-27 18:57:53,2018-05-09 00:00:00
3d6809371021cc510de4743748a1c235,14124d6de373e10e52cd6a9151cd0ba1,delivered,2018-07-18 14:02:17,2018-07-18 14:10:20,2018-07-19 13:35:00,2018-08-01 19:58:40,2018-08-02 00:00:00
42a7750bca23818abc83ea9c3298eace,be036ccfc3a6856c840a58ce5604d579,shipped,2018-06-15 16:50:35,2018-06-15 17:25:59,2018-06-19 15:04:00,,2018-06-29 00:00:00
36d60fb57f3153d3296bf4738b68fff1,95320685f062ebfbb9a2cd5db6b3a836,delivered,2017-11-25 10:29:16,2017-11-25 10:39:25,2017-11-30 21:21:43,2017-12-22 21:09:40,2017-12-19 00:00:00
177ec1b1bde2badda1cbca0f19f1aed4,847ac392fbef8fe1594965d9d4e94d5d,delivered,2018-01-19 17:47:57,2018-01-20 09:10:52,2018-01-22 20:22:03,2018-01-24 21:48:46,2018-02-09 00:00:00
8970b920e503f453e56c9778b25e8ebb,87330790856db4f08442e7691ccc283f,delivered,2018-06-08 23:25:42,2018-06-08 23:36:42,2018-06-11 15:07:00,2018-06-12 21:32:39,2018-06-26 00:00:00
b2899a43c8dc465bf845340ea77aef50,2502b84eb2384df98b67766e7ec0f81f,delivered,2018-08-03 19:29:37,2018-08-03 20:04:10,2018-08-06 11:09:00,2018-08-15 20:45:37,2018-08-22 00:00:00
ae335d085e7fb3e027c0943975a839fc,7cc610197fd6f4bd89859dc4394ec58d,delivered,2018-07-23 19:28:32,2018-07-24 10:31:39,2018-07-24 11:30:00,2018-07-27 18:42:23,2018-08-15 00:00:00
cc4609648b8cff3ea47a04fc4380c25c,38add232fe69139e5bf22ec141a8d5fa,delivered,2018-08-07 17:11:14,2018-08-07 17:25:17,2018-08-08 11:44:00,2018-08-13 18:26:49,2018-08-30 00:00:00
a26e448f7fe0273a370e603cd60933e0,24c2f55c41c141c8dd7397b3094d402b,delivered,2017-05-07 13:59:55,2017-05-07 14:10:14,2017-05-10 12:40:11,2017-05-16 13:58:56,2017-05-31 00:00:00
e3b7e48fbae78fdbffdf354d08bfcf4a,19f22bf278ae27a092f597a7506c11c1,delivered,2017-10-14 23:57:22,2017-10-15 01:14:43,2017-10-20 15:52:16,2017-10-31 22:13:53,2017-11-08 00:00:00
2a37ffacefea8f1b482d7126c58d7de9,72990059b09f512e3afdcd886ba0710b,delivered,2018-03-09 20:34:38,2018-03-12 15:01:08,2018-03-19 19:11:56,2018-04-05 18:57:37,2018-04-04 00:00:00
e7cf06bc6a8ae92d204e156e702fd227,be50a8c2140362bea887b2f59782f8ce,delivered,2018-03-13 21:49:07,2018-03-13 22:40:28,2018-03-14 20:35:31,2018-04-04 19:58:25,2018-04-13 00:00:00
388dda40858e82e8f4fcb271aa62c44b,be55a3694513ede9ff77fb2cdc8e1924,delivered,2018-05-10 16:33:42,2018-05-10 16:58:40,2018-05-11 11:54:00,2018-05-21 13:26:31,2018-06-05 00:00:00
f10bf9222606964a98b1a5792871c43c,be398200d966a9a0a53268e75ea30375,delivered,2017-06-06 14:54:05,2017-06-07 02:42:40,2017-06-07 14:57:43,2017-06-12 14:33:08,2017-06-29 00:00:00
30ba86172fdf3caf123a7e424bcfb3a8,34db9ccc15a061318cdce4914490cf64,delivered,2018-04-12 19:28:55,2018-04-13 13:14:15,2018-04-13 22:38:49,2018-04-20 11:11:16,2018-05-10 00:00:00
860f0c4fdcb1c4c50661ee588b03254e,33cb0c38ddecb32941f083a5096ad48a,delivered,2017-12-04 14:15:47,2017-12-06 02:50:30,2017-12-14 20:43:13,2018-01-06 13:48:37,2017-12-29 00:00:00
f3f35f7be5c79d343967e86e9d47a3db,6e2003daca97a7a4a0dc170f9a432cfb,delivered,2018-06-14 16:19:28,2018-06-14 16:38:45,2018-06-15 10:56:00,2018-06-21 18:08:31,2018-07-17 00:00:00
072de9a4bbfba5f480706c24d61d25d2,29e3a2295fa12b8d38458c597bee5635,delivered,2018-05-18 17:12:45,2018-05-19 03:12:51,2018-05-22 08:04:00,2018-05-24 20:28:29,2018-06-06 00:00:00
adb0286228ad54df30059afbf42243ac,feae9a3b1042a253d6ead22e76bac298,delivered,2017-04-05 09:33:07,2017-04-07 03:15:58,2017-04-07 16:58:04,2017-04-11 15:56:42,2017-04-27 00:00:00
011af0959ebf2b09a062867811dc63b5,5fbf764940fb75727525f6af71eef49d,delivered,2017-08-06 17:35:16,2017-08-06 17:50:21,2017-08-07 20:22:19,2017-08-09 21:03:07,2017-08-29 00:00:00
6fecd5746cec8c5a214bad4a6e67d7e3,bdfc581c6ca7a2509683078b94cb6877,delivered,2018-01-14 00:17:09,2018-01-14 00:29:32,2018-01-18 23:19:08,2018-01-30 14:08:27,2018-02-07 00:00:00
58abb67bdae1bb19e02f0900170da374,a2e7428415373109ec4643182ba16c69,delivered,2017-04-25 14:58:40,2017-04-26 15:05:14,2017-04-27 10:15:33,2017-05-02 15:05:59,2017-05-26 00:00:00
5b57099bf3651259b4a02043406b15ce,75a9013ce4705eec87aee9be45ae8c0b,delivered,2018-04-26 15:35:11,2018-04-26 15:55:27,2018-04-30 16:08:00,2018-05-08 20:08:42,2018-05-21 00:00:00
1d69f6b3dd0fc384483cfb2560d8a6a4,222febcc18c882e953a5539e24f097fc,delivered,2017-08-02 11:43:32,2017-08-03 03:10:32,2017-08-07 21:27:54,2017-08-11 19:07:55,2017-08-22 00:00:00
5e6bf1bf3a918bd776e4e85f10672d65,4b7bc29362af1f3421799c9e576c1b9d,delivered,2018-06-11 00:16:09,2018-06-11 00:30:42,2018-06-11 08:26:00,2018-08-03 15:23:38,2018-07-05 00:00:00
51439e5635af258945aeca18f5a04edb,45441e07ba053836a57ea85af22d56be,delivered,2018-07-25 10:09:48,2018-07-25 10:24:23,2018-07-26 13:56:00,2018-07-31 17:22:06,2018-08-15 00:00:00
a1d7522558e6fc188998886235fbf164,ca12a8820b7c20dead023c6604cd8f00,delivered,2017-04-24 22:28:44,2017-04-24 22:42:34,2017-04-25 19:05:06,2017-05-04 15:10:05,2017-05-15 00:00:00
9fa20203d1957233d3ed303707a1b597,2e2f126cf82a864a13a0893bc6f0595e,delivered,2017-03-01 14:31:03,2017-03-02 04:03:39,2017-03-02 09:24:40,2017-03-10 10:16:02,2017-04-05 00:00:00
a1341cb83bbf1b47392f4a3685d56bad,a08a7edd638cbf99e97e2ed2d19483be,delivered,2018-02-18 13:20:09,2018-02-18 14:27:21,2018-03-05 22:17:17,2018-03-07 00:04:53,2018-03-05 00:00:00
458fdcdd7b5c74dce496d897a5a974df,175331ead0c0b4d45364cff5f238cc8e,delivered,2018-08-08 16:41:37,2018-08-09 03:45:29,2018-08-09 14:14:00,2018-08-17 22:17:45,2018-08-31 00:00:00
7d70c05208373b2a03f2a871704855d9,765ad23d182d4724f6cda1d008f79df0,delivered,2017-04-02 22:51:30,2017-04-02 23:02:40,2017-04-03 14:42:31,2017-04-06 11:04:09,2017-05-04 00:00:00
d2553946a905ea785bc3d4910cb10c4e,ac9bef273ec4a960cc03143b79b411e4,delivered,2018-03-27 13:51:39,2018-03-27 14:07:56,2018-03-29 19:12:22,2018-05-12 00:16:34,2018-04-25 00:00:00
bd971317e81cfe24ddbdd9226751da33,66c8a452c03e793ab9eb44b12bdcb533,delivered,2017-04-08 15:27:25,2017-04-08 15:35:20,2017-04-10 14:44:22,2017-04-15 08:48:12,2017-05-05 00:00:00
82e2dfceae13e4942e8e10d41fe74ec6,3714910fc491aa32f9625b7b06f7b41f,delivered,2018-01-16 21:25:41,2018-01-16 21:32:30,2018-02-27 23:07:50,2018-03-09 22:08:35,2018-03-19 00:00:00
dda7e9dc97ce2a40812663bc5e279c71,500e9bef5740343df08a23b9a9e69e5b,delivered,2018-04-15 15:23:49,2018-04-15 15:30:30,2018-04-17 22:21:45,2018-04-19 22:32:08,2018-05-03 00:00:00
058d432115cdaa3b04a19b726bdd837a,b352f72c8e71e842b889321dea8de206,delivered,2018-04-23 12:07:17,2018-04-24 19:04:56,2018-04-24 22:26:55,2018-05-03 23:52:05,2018-05-17 00:00:00
7d86c4aa9e59504b23f16c7ca68954a7,c4a2da69a354a249cb1c07d703552053,delivered,2017-01-25 16:38:10,2017-01-25 16:45:21,2017-03-21 14:40:51,2017-04-06 12:46:47,2017-03-10 00:00:00
29b821b6d11aa7db50368287e7d8d9fc,e038b560ab54ed1ba07d03cabe859b7d,delivered,2017-08-10 17:08:10,2017-08-10 17:25:09,2017-08-21 22:18:01,2017-09-06 21:05:37,2017-10-05 00:00:00
391b367d6be6ee89d19e3e314606012c,c3690107fafa1e4395f223bdbfe389fd,delivered,2018-03-16 15:59:23,2018-03-16 16:10:36,2018-03-21 00:41:47,2018-04-10 15:46:54,2018-04-09 00:00:00
b05a481ceefdd66e3102bcb9549ad2de,d568462c9f4f5390aca515ba350e0a47,delivered,2018-05-07 13:09:18,2018-05-07 16:33:56,2018-05-08 14:08:00,2018-05-09 20:59:02,2018-05-15 00:00:00
1d74feccf8381303587104e6f647a189,1c5fa35b696f73137a7fa686016e6323,delivered,2018-06-25 01:05:38,2018-06-25 01:35:14,2018-06-25 17:50:00,2018-06-29 15:42:59,2018-07-19 00:00:00
d398dcdebcb172e3625236bee43da9ec,543826d02e97f00429af97e89afae353,delivered,2018-06-07 21:00:11,2018-06-07 21:15:20,2018-06-08 09:58:00,2018-06-18 23:32:01,2018-07-20 00:00:00
3599e4616c45ae9b879c2e6c54d76120,ad2764da73e1cc91a4d133f7c5eee1f2,delivered,2017-10-25 21:53:40,2017-10-25 22:07:17,2017-10-27 20:13:51,2017-11-03 21:44:49,2017-11-17 00:00:00
9cb8098ab14d7f21e32786b85f62f5e2,b8ab289333434ebd7a41ecbf7bde77a8,delivered,2018-05-07 18:57:24,2018-05-09 17:52:43,2018-05-14 13:06:00,2018-06-11 12:21:18,2018-06-07 00:00:00
c1cb4e959222a482322465cab287439c,8182c1f56f172c70d84e6b1efe03465a,delivered,2018-05-20 15:24:00,2018-05-20 15:39:20,2018-05-21 14:46:00,2018-06-06 23:15:23,2018-06-13 00:00:00
030840d9a6c8137615d5a2c916667c2c,677fbd5e154bdb06b0ad01bd85aa2ee3,delivered,2017-08-01 14:40:53,2017-08-01 14:50:23,2017-08-02 19:17:02,2017-08-15 18:37:35,2017-08-23 00:00:00
7b73889e40574f23f35f71c026fb141c,ae9b61a69c752fc15eb4944d0c7f0544,delivered,2018-03-31 12:09:11,2018-03-31 12:50:20,2018-04-06 00:34:40,2018-04-10 23:41:30,2018-04-17 00:00:00
db4982d0129b4b2ac1eb511ab4743799,048c38095a2e1fc000871b6142e6a8b9,delivered,2018-05-11 13:27:41,2018-05-12 14:12:12,2018-05-16 14:58:00,2018-05-17 20:28:31,2018-05-23 00:00:00
c65487f27954240aff0ffd6a4c717489,960aad4c20b1256ebc04fe72bdd7afd2,delivered,2018-04-23 10:50:07,2018-04-24 18:41:43,2018-04-24 19:29:15,2018-04-30 15:50:49,2018-05-21 00:00:00
72adf8902a7ccd9b21ba70c84f2d53c4,79cb6eaafbdbcb9d443dd5ebd01e016c,delivered,2018-06-06 22:20:23,2018-06-08 02:56:12,2018-06-14 12:42:00,2018-06-22 20:35:28,2018-07-17 00:00:00
9eb33d99dc51609493052a2822975ebc,0c269f2f893647162407337e7d8ddc4b,delivered,2018-02-11 01:54:20,2018-02-15 03:55:33,2018-02-16 01:28:59,2018-03-20 20:21:52,2018-03-14 00:00:00
0e7fec3052b5bdeace9c7f2eef9df18b,cb656f69914f8417a01d030d20329b17,processing,2017-04-08 01:34:18,2017-04-08 01:45:11,,,2017-05-04 00:00:00
012219b6d6d034eb359fc74730a080db,8857149a50b77dba1bb318e46bb57f65,delivered,2018-05-10 00:18:33,2018-05-10 00:34:06,2018-05-10 15:25:00,2018-05-16 19:18:52,2018-05-28 00:00:00
001ab0a7578dd66cd4b0a71f5b6e1e41,8bb3bef4e75a95524235cdc11a7331af,delivered,2017-12-27 00:38:47,2017-12-28 02:33:42,2017-12-28 18:09:35,2018-01-17 20:43:29,2018-01-29 00:00:00
b8643ed80a2602a3562b8cb0d6f7a3b1,b1994c703cd18638b76dc9997a5c30f3,delivered,2017-07-07 14:35:52,2017-07-08 03:25:42,2017-07-11 17:17:31,2017-07-17 15:51:25,2017-07-27 00:00:00
861fa2fc596992bd6ea8bbf16cce85a4,683bbbac6e389b506414f7153b7a0d0c,delivered,2017-05-27 22:15:25,2017-05-27 22:30:17,2017-05-29 09:41:10,2017-06-02 13:22:20,2017-06-21 00:00:00
1516bc58e1b5b8020aa6595d2e27e858,15f640f1f2a963a27f1dffbdb1360e9c,delivered,2018-01-19 22:07:02,2018-01-19 22:18:28,2018-01-22 22:10:34,2018-02-02 19:48:38,2018-02-14 00:00:00
139c8eebc7139b2a1d860e4ea3d98b80,8ee5d92401e446faa01e61bf3d546b51,delivered,2018-01-20 00:41:51,2018-01-23 03:52:41,2018-02-09 19:51:45,2018-02-20 18:46:42,2018-03-20 00:00:00
4f165f4bc415c1db76359351cdec5f3b,12aad5eb819f277ffb7fd13f3656a4d5,delivered,2018-01-20 17:57:51,2018-01-20 18:30:29,2018-01-22 17:34:04,2018-01-29 18:12:36,2018-02-19 00:00:00
50430e1769dcc2c6d4a7db028ed50a81,e54a73f1dbf67381532d18a017272110,delivered,2017-04-07 11:23:42,2017-04-07 11:35:20,2017-04-11 12:15:42,2017-04-20 14:48:56,2017-05-22 00:00:00
fede8020c97b05fce24255da2f3e298a,963862856dd9803bf29fa9b5e8e1bdf7,delivered,2017-12-05 08:52:17,2017-12-05 11:03:44,2017-12-05 19:13:02,2018-01-06 14:37:25,2018-01-04 00:00:00
3288845a804de0e644d882a3b5f95bd8,aeeac6d2ad88b9a1c516327ffcf28da4,delivered,2018-05-07 14:01:00,2018-05-08 13:55:10,2018-05-09 10:13:00,2018-05-15 15:58:42,2018-05-28 00:00:00
f5e8dd6f3cfc89bc152991875437aaa2,b86d636190726d03f8ffa1a6d3afe448,delivered,2017-11-23 23:22:14,2017-11-23 23:31:57,2017-11-27 21:06:57,2017-12-01 14:46:51,2017-12-21 00:00:00
46a9fa5d713a569777fb30562505588f,d8b3b1bcf1aef3174859a70001a5f3fe,delivered,2018-02-20 19:42:37,2018-02-21 12:05:40,2018-02-21 22:49:10,2018-03-02 19:05:00,2018-03-16 00:00:00
a7739653ad34042369dbc11a3bf21121,4165e16cb64c08c55baeffd9a3b6a08f,delivered,2018-03-04 16:17:57,2018-03-04 17:20:25,2018-03-05 19:56:15,2018-03-27 19:33:28,2018-03-29 00:00:00
9d5cb249282fe0755163341be5939869,20e47a8830fa291c2be8179e9e6af0ca,delivered,2018-05-21 08:52:30,2018-05-21 09:10:38,2018-05-22 13:46:00,2018-05-23 19:28:47,2018-05-29 00:00:00
28f0558838bcded1adf9bd48f1bdc457,a5d427408fc3114f56e5b528b65fcb35,delivered,2017-03-28 09:06:23,2017-03-30 02:10:23,2017-04-12 15:35:50,2017-04-13 08:47:27,2017-05-03 00:00:00
913ee03ef93cb2a1abf6adde78dabc7d,891134a54f9e84658b60d48e94251ee1,delivered,2017-09-16 19:56:42,2017-09-16 20:10:17,2017-09-18 21:10:33,2017-09-19 17:58:54,2017-09-29 00:00:00
ebb5e749c1cd84b16d8628c9668d7282,ac255dbf462b2ee3fb5c17fda67e7847,delivered,2018-01-31 16:03:47,2018-01-31 16:15:39,2018-02-02 01:37:38,2018-02-02 16:58:34,2018-02-16 00:00:00
c73d5fa01a74c67962173f17716b9630,960bf4057534a50e64517fd24a1344a4,delivered,2018-08-07 17:30:48,2018-08-07 17:45:00,2018-08-09 13:42:00,2018-08-22 16:18:56,2018-08-29 00:00:00
5aa16b50755d8657183ae7ea1a74543b,55c78bc29570e04ee3d2022cab98231b,delivered,2017-08-20 21:34:05,2017-08-22 03:50:23,2017-08-22 18:32:51,2017-08-23 18:04:19,2017-09-01 00:00:00
079f102825b0dc326dd6cb10f33eeb21,1e2322453e139f015d7a024b4eb6dbaf,delivered,2018-02-23 09:39:36,2018-02-23 09:55:27,2018-02-26 23:38:04,2018-03-02 18:07:43,2018-03-19 00:00:00
bd1b3292531bf8f2cf14a4f448b2226e,56e1229b6007b3aae06f26bb7f564bce,delivered,2018-03-20 23:22:32,2018-03-20 23:35:35,2018-03-21 20:32:23,2018-03-28 13:06:40,2018-04-02 00:00:00
94d38d359e23d73c0d4b427c1f84bd0d,4a21474dedd06a28954ad947be2a1674,delivered,2017-04-17 12:34:47,2017-04-18 04:02:21,2017-04-18 12:54:26,2017-05-02 14:13:50,2017-05-10 00:00:00
fd247854b1d057cbfc280fd673c61933,c56ed26e43d943b779814f97329e9371,delivered,2017-10-30 15:23:51,2017-10-30 16:31:22,2017-10-31 21:59:30,2017-11-10 18:46:42,2017-11-17 00:00:00
43ca42602028c94663642d3d73db93f9,c8ca9d914fe6f62398c93c749e90a74e,delivered,2018-04-09 08:43:24,2018-04-09 08:55:30,2018-04-09 22:51:04,2018-04-16 22:18:34,2018-05-10 00:00:00
9170aebe7b37a53bea1f29d91488b0fc,a02700fc8188dbb2df5391ef5961d156,delivered,2017-02-11 22:44:15,2017-02-11 22:55:16,2017-02-14 16:41:31,2017-02-24 02:46:07,2017-03-14 00:00:00
7eddb5687b87b586fd0b69083ad64b43,defed1717ef59e92b34b4d220be6c9ba,delivered,2018-02-15 22:32:15,2018-02-16 14:32:29,2018-02-16 20:55:54,2018-03-08 23:28:34,2018-03-02 00:00:00
6c8fdc6f1b35e5126442a74c3bcc36d5,628e02fd5a08035e9259d70b1a3743e1,delivered,2018-01-05 18:13:49,2018-01-05 18:28:03,2018-01-26 18:41:53,2018-02-02 20:29:02,2018-02-08 00:00:00
6acecf438369055d9243e121045cca74,42d857e22f61f10476f0cda1aacc018a,delivered,2017-01-05 12:11:23,2017-01-07 03:44:07,2017-01-11 16:22:53,2017-01-17 16:06:30,2017-02-13 00:00:00
3834305e2900c25bd4f81680aca69373,2069f7dac27ea08a26fbdcdb18ae6142,delivered,2018-01-18 15:45:37,2018-01-20 09:10:13,2018-01-24 00:45:31,2018-03-08 21:11:34,2018-02-20 00:00:00
4d86c229336b1039a22133f90763cea2,ae69427d92173aa9cc0b0a8b720685fa,delivered,2017-03-01 10:57:05,2017-03-02 03:50:37,2017-03-03 14:00:09,2017-03-10 16:54:45,2017-03-20 00:00:00
f432e55321dd8f944adae5d73f210af4,c6abf5e250ffa1004b4ac53e3b883ce3,delivered,2017-06-13 15:24:51,2017-06-13 15:43:06,2017-06-19 21:34:05,2017-06-27 16:27:57,2017-07-12 00:00:00
b1c29680cbde517fcf3393e77aac6ffe,77f3c8da79a0c0a12a2accd97508e745,delivered,2017-02-09 13:07:09,2017-02-09 13:23:06,2017-02-13 12:23:32,2017-02-24 09:47:49,2017-03-20 00:00:00
b42139457824c80f921388a5655296d0,c27b9275e1bbffcad85ed3ec3828af88,delivered,2017-11-20 12:47:45,2017-11-22 02:59:05,2017-11-22 13:23:30,2017-12-03 19:07:04,2017-12-15 00:00:00
31a13f8d50978b26e98cb40b18bfbd30,31f0b79edd49b7961c0abf48b7313ca4,delivered,2018-01-23 19:52:48,2018-01-23 20:12:41,2018-01-24 18:42:08,2018-02-04 16:58:32,2018-02-07 00:00:00
e3c07c6d221a59d8d8ef6e9b3e0e3241,327add8939ed5d751acf04a85388e975,delivered,2018-05-17 17:56:46,2018-05-18 04:35:51,2018-05-18 12:16:00,2018-05-21 22:28:43,2018-05-25 00:00:00
3c5aee0b13a653e1b45178d5239dcbc3,b86bfce0c7648e0d53fb1fef4929421c,delivered,2018-06-19 14:01:57,2018-06-19 14:17:36,2018-06-25 15:04:00,2018-06-28 11:32:51,2018-07-04 00:00:00
f8e721184f691c61dc23e54beaeff557,b96fd58e5cf43104a84884ad7a9c169a,delivered,2017-05-10 15:56:20,2017-05-10 16:05:24,2017-05-11 13:14:37,2017-05-23 11:04:56,2017-06-09 00:00:00
31eab59cdc8b996f70446d918f2f782e,7ce0426376134feab67c24da8660c2ee,delivered,2017-12-02 20:24:39,2017-12-02 20:35:32,2017-12-04 19:21:42,2017-12-07 17:08:56,2017-12-27 00:00:00
0847b01cece36c36c9c439bd502babe5,81ddb4bb77adfff778e39bff62e51c28,delivered,2018-04-13 06:35:04,2018-04-14 02:15:15,2018-04-16 18:58:35,2018-04-30 23:07:18,2018-05-09 00:00:00
f21c9390a71ebe18e6b76c7587f4ed5e,ae403339cdfa0c7fceb58eb01b167718,delivered,2018-08-17 20:05:53,2018-08-17 20:15:19,2018-08-20 14:35:00,2018-08-27 22:56:31,2018-09-06 00:00:00
b6165efbad3f8539e365b9ae5a2f3c44,2747a5ba134c0dd15f098207fc9130a4,delivered,2018-05-10 10:13:46,2018-05-10 10:31:59,2018-05-17 11:35:00,2018-05-20 10:15:29,2018-06-18 00:00:00
47eb16c7c5c5142c9c161ba03eb77d91,948c311225a9a32ade87d7fbdcf5dd65,delivered,2018-04-27 14:51:32,2018-04-27 15:10:09,2018-05-11 12:45:00,2018-05-17 16:54:29,2018-05-29 00:00:00
f9d852b1cf2bd8c89bc635849359cb4e,4476f06eb0d6308ab0f681b6f07297c9,delivered,2018-06-07 16:13:24,2018-06-07 16:41:18,2018-06-08 16:32:00,2018-07-12 12:58:18,2018-07-20 00:00:00
c8e2fc076c63bc36ce75c94acd6b4aea,1aafbd6c618138bdea72b569bc4482d8,delivered,2017-12-03 17:07:46,2017-12-03 17:16:26,2017-12-04 19:13:00,2017-12-10 16:59:30,2017-12-28 00:00:00
fbc0e39ffd844ed939344840824834d5,5d40e40a115412d6648b11a43456a255,delivered,2017-12-04 10:51:02,2017-12-04 16:31:11,2017-12-07 01:09:41,2017-12-11 20:57:49,2018-01-03 00:00:00
83abd54a97c64e537933fcfe2fe1c666,af697eb5c7d65fdbfd0e10e0afe9f0bd,delivered,2018-01-19 12:17:41,2018-01-22 14:15:03,2018-01-26 13:52:50,2018-02-14 22:17:06,2018-02-14 00:00:00
21f09bf30ca7f813ec079b4774e485ea,e3636070c56f27303e58ff0153d85859,delivered,2018-01-07 16:27:48,2018-01-09 07:24:04,2018-01-10 18:48:14,2018-01-11 20:10:04,2018-01-24 00:00:00
825d77fab1993c218cce8b9c36a6a450,8650af36255e4aee7b5adc5251e6ee11,delivered,2017-09-23 11:06:10,2017-09-23 11:15:13,2017-09-27 18:12:19,2017-10-02 21:37:16,2017-10-23 00:00:00
43de756a962b59796a31a894bf9b37df,7a89b488bf7b415c2674060d36808b4f,delivered,2018-02-23 13:56:36,2018-02-23 14:15:31,2018-02-26 22:37:36,2018-03-14 21:04:15,2018-03-28 00:00:00
bb9086d1b5a79d97fe4d0f981e656336,c38e493f060462c871fa079fccd3e2be,delivered,2018-04-28 10:54:29,2018-04-28 11:10:22,2018-04-30 14:43:00,2018-05-11 16:36:33,2018-05-28 00:00:00
96bb1f97b225fb91cdfced5bbae3166e,72489d31a97af15877047f405726c01b,delivered,2018-08-03 03:47:35,2018-08-04 04:24:02,2018-08-06 12:25:00,2018-08-14 18:36:54,2018-08-14 00:00:00
a132f4bdf1eb9803546cef73ca7bd322,ad69970e0884e13fc4e5874f5cd2867b,delivered,2018-07-19 11:01:33,2018-07-19 11:15:19,2018-07-19 14:29:00,2018-07-20 20:41:52,2018-08-01 00:00:00
7372a6934463ad68c06feb59d74c1b12,92eb4436e4254a822bcd35ee157c85e2,delivered,2018-04-08 22:20:03,2018-04-10 03:35:27,2018-04-10 22:26:18,2018-04-19 21:10:50,2018-05-08 00:00:00
faa048d9626a532632b1eaa258eda69f,2c560360a2c0dd8310ab2803712e7f1c,delivered,2017-04-06 22:28:06,2017-04-06 22:42:31,2017-04-10 10:06:54,2017-04-12 09:29:52,2017-04-28 00:00:00
c1f68a068a1e19a39e7f22734b58cca3,88742c42755e79a923cfbb665fd7b320,delivered,2017-12-27 19:16:10,2017-12-27 19:26:38,2017-12-28 21:21:59,2018-01-05 21:12:09,2018-01-29 00:00:00
c94939ec208457c136427d40ea7bb4cf,bdc00c07c6a1107c61ae7e8a75d3071c,canceled,2017-09-06 16:23:33,2017-09-06 16:37:13,,,2017-09-25 00:00:00
37ba9866dd63f644c50fc7a9351ccf8e,f359f71fa851a82f01355903628e6f37,delivered,2018-06-30 10:59:53,2018-06-30 11:15:15,2018-07-02 07:37:00,2018-07-05 20:32:35,2018-07-23 00:00:00
6d7b9cba0e798f9b68b2c0745b38859a,9dc4cf072184adc87274ccd4811b508a,delivered,2017-10-16 12:18:33,2017-10-16 12:33:55,2017-10-19 17:12:56,2017-10-23 17:45:05,2017-11-01 00:00:00
486243a178f73c65e29ab9636617a49a,7fe3a43f893d6ed31805e5688ec1f46a,delivered,2017-08-02 16:32:40,2017-08-02 16:45:09,2017-08-03 17:02:57,2017-08-08 14:42:55,2017-08-22 00:00:00
3e73a3d4003ea03e955b2fba57e2dc79,46742eaea64c916d632b97c24f6b8da2,delivered,2018-07-15 17:50:12,2018-07-15 18:04:11,2018-07-17 12:26:00,2018-08-01 13:39:36,2018-08-02 00:00:00
18fff28b262a583fa603571f53521574,98b28fae1ad7a081bd716c664eba6d60,delivered,2018-07-26 22:27:20,2018-07-28 02:50:21,2018-07-28 09:04:00,2018-08-07 21:44:26,2018-08-10 00:00:00
c2036cc87daa31d91f63b204717a9602,7411191c690609f0521c7911833402b8,delivered,2018-01-03 19:11:31,2018-01-05 02:35:30,2018-01-08 21:08:32,2018-01-16 22:19:12,2018-02-07 00:00:00
985a31fe34d1b11e3ba6fb850c1803b3,3fa2f965d8c9e53dfdc0e65fe81846bc,delivered,2018-02-20 18:27:09,2018-02-22 11:31:52,2018-02-27 17:39:50,2018-03-08 23:40:51,2018-03-15 00:00:00
34aed6e4313d7573b0d3b459f3a805ea,7afdb6b1737919a448daeb749ee49758,delivered,2017-10-31 18:50:36,2017-11-01 07:06:26,2017-11-03 20:52:14,2017-11-14 21:54:08,2017-11-27 00:00:00
5c023462e58e2ae6d5d23ee03de1563c,0c2f6a31ec4940b249ed3e65304a8a6e,delivered,2017-05-25 08:08:14,2017-05-26 02:30:22,2017-06-02 10:41:08,2017-06-09 18:12:37,2017-06-19 00:00:00
3055c704b2969a70a3febbdb53e4610e,59390e181ea3e52762859a066ae9df7c,delivered,2018-04-02 10:40:08,2018-04-03 05:35:21,2018-04-04 19:28:24,2018-04-09 17:31:35,2018-04-26 00:00:00
298ee4d77c0352fc41f432254afdf1d3,9005de3b7e1a3343884c42045229d360,delivered,2017-03-27 19:32:14,2017-03-29 02:16:00,2017-03-29 13:30:41,2017-04-10 10:52:07,2017-04-27 00:00:00
489d445ae0d85683025845f59deb8a61,65560c2f677f3f45909f7af70006649b,delivered,2018-04-28 12:57:40,2018-04-28 13:10:11,2018-05-02 12:26:00,2018-05-08 11:58:47,2018-06-01 00:00:00
4aafdb1594ef5ea1e342d5c6f54d95ef,d4a8166779d8d8b3b662152300284c2d,delivered,2017-11-24 15:42:47,2017-11-25 04:54:42,2017-11-27 17:22:02,2017-12-04 18:26:50,2017-12-19 00:00:00
237f43cab0bd638f4fd760618fde8246,def29eac0753a10aa156ff1c3ac96575,delivered,2017-07-06 13:13:40,2017-07-06 13:25:18,2017-07-06 15:22:18,2017-07-17 16:47:21,2017-07-26 00:00:00
69499ad287db14f2ca4ccf16a67536b0,a8abfe715d37e28718e35fc36acdb5d6,delivered,2018-06-19 12:05:40,2018-06-19 17:45:43,2018-06-20 14:43:00,2018-06-22 18:06:33,2018-07-04 00:00:00
321d9d09f4d1ffa67dd4ca76b9914da0,6d4b01823fdaba3e45b7d933041a8579,delivered,2017-11-04 20:27:39,2017-11-04 20:36:35,2017-11-07 18:47:34,2017-11-21 22:04:40,2017-12-05 00:00:00
7edf24d26573e36b72c670b3810ab3e0,bc71e262cce8735026fd6858ceeff0fc,delivered,2018-01-22 18:01:50,2018-01-22 18:17:00,2018-01-31 20:22:39,2018-02-01 20:49:54,2018-02-06 00:00:00
f8355c46f4d1be555ecad989a0d0c143,ca0a1d30c91a8d47a2924787babc05fd,delivered,2018-01-15 17:18:20,2018-01-15 17:30:48,2018-01-17 17:03:56,2018-02-19 22:42:05,2018-02-21 00:00:00
287ee962359c54437cc32cabcce0f87b,8a7f70a4738488de4317e32152ee32a1,delivered,2018-03-20 23:39:31,2018-03-20 23:50:25,2018-03-27 01:27:45,2018-04-03 22:08:42,2018-04-02 00:00:00
82abb29aa619c2fd597a4267ea7069d3,2e403c554b8457025a15714287aeeeb5,delivered,2017-07-05 09:15:25,2017-07-06 03:15:11,2017-07-06 16:24:04,2017-07-11 19:49:34,2017-07-25 00:00:00
e0e1cc569a1f7a8ddb27bf2c4168e479,f2d64a61cd105a8b332ab077f5f04683,delivered,2017-11-30 18:36:43,2017-12-01 14:24:52,2017-12-01 19:41:56,2017-12-22 15:55:43,2018-01-05 00:00:00
4240d84451ff02c5a7f3f34926699cd9,1072ac5dc4911bd53dd08f11d024ce2a,delivered,2017-12-01 15:32:44,2017-12-05 04:13:27,2017-12-05 20:44:52,2017-12-12 20:44:10,2017-12-29 00:00:00
5fce8f6bc4ab72e0f367e21d181bf6d2,3cf509090b88103244b83a5b3923049d,delivered,2017-10-01 23:41:19,2017-10-01 23:56:10,2017-10-04 19:36:11,2017-10-10 20:34:59,2017-10-26 00:00:00
ae2ee748fed0ababe6ae778cfb2acf94,ef445a4c46458174d26228fea9a223ae,delivered,2018-05-20 20:03:45,2018-05-20 20:19:07,2018-05-24 08:38:00,2018-06-07 16:33:13,2018-06-07 00:00:00
1f152e8a187901569881be643e6f8784,32ea4d680f5a59da8b6cf9146d3c53f2,delivered,2017-06-10 00:11:20,2017-06-10 01:10:28,2017-06-12 14:34:05,2017-06-29 12:35:45,2017-07-07 00:00:00
a72dab58dbb03b5509db9d29c658dc0d,0d507db4606f81ff5d5211c8d3047bdb,delivered,2017-12-24 00:05:52,2017-12-26 07:46:01,2017-12-26 21:33:34,2018-01-10 17:14:18,2018-01-30 00:00:00
e752e06086626026b152f99c6f51fb65,ce63721c88f1ef79883255c7d1e7b1d2,delivered,2018-06-28 20:16:04,2018-06-28 20:31:14,2018-07-03 11:20:00,2018-07-10 17:24:45,2018-07-12 00:00:00
7911b64405b6667c48cb3f1334f85432,b01ef4421b00f84fed4e522f7774bc00,delivered,2018-01-21 22:49:13,2018-01-22 14:03:22,2018-01-25 00:15:49,2018-02-06 18:13:18,2018-02-15 00:00:00
6917e117776da5f60f8403c2120ecb68,1e4d5a2d659196f90c553ddfca5a6a3d,delivered,2018-06-28 17:57:37,2018-06-28 18:10:37,2018-06-29 16:21:00,2018-07-04 17:12:34,2018-07-18 00:00:00
b8472009a4253f5c47392eb3341af63d,bc1e2e1688670f650404bc89665f3b78,delivered,2017-02-24 09:07:13,2017-02-24 09:15:18,2017-02-24 11:51:24,2017-03-01 11:58:02,2017-03-17 00:00:00
bb27db571451a22cce47832d688ae49b,63b3eb851faae3c3c19d106082e2810e,delivered,2017-03-11 12:45:00,2017-03-11 12:45:00,2017-03-13 08:41:13,2017-03-27 12:56:06,2017-04-12 00:00:00
fedcd9f7ccdc8cba3a18defedd1a5547,13aa59158da63ba0e93ec6ac2c07aacb,delivered,2017-09-23 14:56:45,2017-09-25 17:44:41,2017-10-02 23:47:54,2017-10-18 22:35:50,2017-10-23 00:00:00
c1f1899f5b553547785b16b311b96867,b43e8b6cf1345320c36be9dd251513dc,delivered,2017-05-21 12:50:58,2017-05-22 13:10:31,2017-05-23 09:11:26,2017-05-29 10:42:48,2017-06-09 00:00:00
21c24f8f2452ec20a5184abfb269c35e,f60d4f3c75d127b2146459d4c79b92b7,delivered,2018-08-08 15:50:08,2018-08-08 16:05:15,2018-08-14 14:05:00,2018-08-16 15:51:38,2018-08-15 00:00:00
72d242bd537df6df087634f6065d7f62,03d01c3308507d5d861af0d89b65beee,delivered,2018-06-11 15:01:51,2018-06-11 15:20:52,2018-06-12 15:24:00,2018-06-13 18:56:38,2018-06-20 00:00:00
f4b402f41d84476637560a1408843094,dcfcb361d3bb5ad1f5819299c57832fa,delivered,2018-06-15 21:52:01,2018-06-15 22:20:34,2018-06-18 13:52:00,2018-06-19 17:46:40,2018-07-03 00:00:00
8dab252811afef5ef25d5cf29263f9fb,4d23236c4d3bb44a62b0693bfca5fba5,delivered,2017-07-08 14:17:21,2017-07-08 14:30:14,2017-07-11 15:47:23,2017-07-14 17:42:47,2017-07-28 00:00:00
a9d045793a3a75774ac0fedb5d7d46c6,2467f4b55c35ab6b015f09d0312570a3,shipped,2017-07-04 10:50:11,2017-07-04 11:05:16,2017-07-05 17:03:18,,2017-08-03 00:00:00
c90a73b5ef059a234ef5d65c235ae154,94822da72de9c6e43f0f6990d899fe7b,delivered,2017-08-02 18:26:50,2017-08-02 18:43:15,2017-08-04 13:17:54,2017-08-23 13:32:49,2017-09-04 00:00:00
ff359d1c749b2f33549ec323a0736175,60842c6f4e508a6db3a9bdc307bde294,delivered,2018-05-15 11:09:53,2018-05-15 11:34:32,2018-05-16 14:10:00,2018-05-22 21:04:07,2018-06-08 00:00:00
4b5b18aa8c223d77755f02dfb2f3a1a5,0e1b17d09c043febb1b71ade300fc357,delivered,2018-06-27 22:41:31,2018-06-28 01:11:26,2018-07-02 14:40:00,2018-07-12 11:18:27,2018-08-01 00:00:00
8c76760a4b7536aee6464556551cfb45,e59fdf8add3f2579fa55094117b2f2ef,delivered,2018-01-23 17:23:34,2018-01-24 16:14:24,2018-01-30 11:05:08,2018-02-19 17:07:40,2018-02-26 00:00:00
638ed9beae45e801ece6dacd6767bcab,2d4b189601571f1783dad95d7f204330,delivered,2018-04-15 23:20:35,2018-04-15 23:32:01,2018-04-16 23:21:55,2018-04-21 00:31:44,2018-05-23 00:00:00
afd0dbbab8e90d099aaccdd8ed7d5f26,6ce21a80311ab8b07f36944962b01681,delivered,2018-06-14 17:20:31,2018-06-14 17:40:01,2018-06-15 13:05:00,2018-06-18 21:22:15,2018-06-28 00:00:00
ec6ec630f8a398e0da49ca915969bffa,8209a3936175e3005c195b126952c392,delivered,2018-04-04 17:24:24,2018-04-04 17:35:28,2018-04-05 20:06:37,2018-04-18 02:03:36,2018-05-04 00:00:00
ce2a343a30b603fc0e6e886211c02666,1d7d49c93f8ef7545dee138fbee100da,delivered,2018-02-26 16:44:23,2018-02-26 16:56:04,2018-02-27 23:33:48,2018-03-16 15:38:22,2018-03-21 00:00:00
3cd99c2644261f4b3bf7f70f67e4b5f2,d9ef74a91ad65ba313ff15f78c65159d,delivered,2017-10-20 08:49:05,2017-10-20 09:06:10,2017-10-23 14:23:55,2017-11-11 14:04:56,2017-11-22 00:00:00
ea2af6a29a4586d108a72a4db3b7f6c6,2b76dc3d276278deda563fd2940e4df6,delivered,2017-10-07 16:40:07,2017-10-07 16:49:33,2017-10-10 16:38:08,2017-10-19 19:47:47,2017-11-03 00:00:00
550f7653632f43410dcc64a9aff55f45,8cfcc5f2a65aea50bfa7e70daab6ca22,delivered,2017-09-05 22:47:31,2017-09-05 22:55:18,2017-09-06 20:33:16,2017-09-13 00:11:19,2017-09-27 00:00:00
90b6617b9e582f286d8b5d1603c292a2,00f8ac751ae484a82adb20b42ad1aca7,delivered,2018-05-08 12:30:32,2018-05-08 12:56:47,2018-05-09 11:23:00,2018-05-15 16:46:52,2018-05-28 00:00:00
a35f08311f3c3ceb67be9ff5c1828886,3fe4ae2a8958da697c995d38b5412fed,delivered,2018-08-10 11:48:38,2018-08-11 02:44:35,2018-08-15 13:54:00,2018-08-28 13:18:35,2018-08-29 00:00:00
c04c6951e6206fd810d0ea3a673d4aa8,d988ef09677afc0bd126e2cea24fc404,delivered,2018-04-19 21:22:22,2018-04-19 21:35:19,2018-04-23 10:26:47,2018-04-28 12:38:44,2018-05-14 00:00:00
85bf8863657bff31006811d45d1c8db9,40f0183f7439212e8ce53dc6103dfb2f,delivered,2018-03-24 14:44:41,2018-03-24 14:55:29,2018-03-27 10:08:48,2018-04-09 13:35:42,2018-04-17 00:00:00
e2c0db58acdbd422711f241243fc726d,779e0edac139514814022d578f355a1a,delivered,2017-12-23 13:39:17,2017-12-27 04:07:09,2017-12-28 18:28:05,2017-12-29 13:17:08,2018-01-15 00:00:00
38886f218185dea64ae0c39a629d89de,dab1a35dfd0c64c1c733fb67b0a9e9a0,delivered,2017-10-24 15:43:08,2017-10-24 15:56:26,2017-10-25 19:52:37,2017-10-26 16:07:55,2017-11-06 00:00:00
2d7020e369fc532ef78a4529a7626a33,1c95b09c726b049072f3fd5563f26ed7,delivered,2017-08-01 09:44:26,2017-08-02 02:55:45,2017-08-03 17:21:29,2017-08-15 19:43:53,2017-08-14 00:00:00
f81ed3e1a19bd4246ee3e90b01359eb0,0e453162f1e34646ff631c2379109bea,delivered,2017-09-16 20:00:17,2017-09-16 20:10:17,2017-09-21 11:37:43,2017-10-01 16:57:50,2017-10-13 00:00:00
25f18499b3e850741c120ec6c11fb49a,2c4635620ba30da704d3bdc7be49ec5b,delivered,2018-03-04 21:50:56,2018-03-04 22:28:34,2018-03-06 18:16:56,2018-03-23 11:02:20,2018-03-21 00:00:00
b7f9c9109dcd289ae63ca77bfade44f7,6b135521bcd9a610cf8182ff64a589e1,delivered,2018-06-30 23:22:38,2018-06-30 23:35:15,2018-07-02 12:42:00,2018-07-04 16:35:50,2018-07-30 00:00:00
17f027e58cb5cfb188bac60e3abc5cfe,498ce7988d1d397953797898c734dc82,delivered,2018-02-23 17:59:57,2018-02-23 18:15:24,2018-02-27 18:43:16,2018-03-12 15:24:54,2018-03-15 00:00:00
8a98ad89f447011bd6ed7b90a5cc2b4a,981da8b1932e85101035b14e52d8d88c,delivered,2017-11-04 20:07:29,2017-11-07 07:30:31,2017-11-07 21:51:56,2017-11-20 20:12:03,2017-12-05 00:00:00
d8af11fee1f5a13bf7b3584b9cce55fa,035702d60604fde0df3e3d975fcc3aa2,delivered,2018-02-10 16:31:15,2018-02-10 16:47:57,2018-02-21 18:47:34,2018-02-26 18:04:34,2018-03-15 00:00:00
5f12f5808949a84f28f6b6efa02a77e9,4aefbb772ae619de2cc832a2d7526ff6,delivered,2017-07-24 21:13:55,2017-07-24 21:25:19,2017-07-26 11:07:54,2017-07-28 18:54:54,2017-08-11 00:00:00
c7e76557ba75c7bf080e84d4b2601806,25d3a6dd1c4787e3921588aa1de6cdef,delivered,2018-03-10 00:15:34,2018-03-10 01:00:33,2018-03-10 16:46:36,2018-03-28 17:28:45,2018-04-17 00:00:00
7ed7752bf9dd6de1da9e4dced0e6e120,89c01907f673c71b5f5024596575a276,delivered,2018-03-25 08:38:07,2018-03-25 09:27:42,2018-03-29 20:37:28,2018-04-06 00:56:24,2018-04-27 00:00:00
619d32010fd4ff5df842c79c8d2dee26,c90d47c7c9b9d0ee0d62d48db7490c7c,delivered,2018-01-26 12:06:07,2018-01-26 12:21:44,2018-01-30 22:07:30,2018-02-01 20:29:23,2018-02-09 00:00:00
5d3a31f4c1c7625511f6d9b2bdc3b20a,5f48af50fd9393286c1016a7e62bcc1d,delivered,2018-06-10 20:02:59,2018-06-12 05:16:17,2018-06-12 16:19:00,2018-06-22 12:58:39,2018-07-11 00:00:00
4ddf81090e51b75c85693a623ffa2551,e987cf82b8a19cb76904d0e1c59bdeaa,delivered,2018-01-10 09:20:54,2018-01-10 10:31:45,2018-01-11 19:51:51,2018-01-19 17:54:46,2018-02-07 00:00:00
366cd70c12d03e78401252dea8e27bf4,fc71b69bc2e2341ee7074f4b9396fb95,delivered,2017-06-18 04:07:55,2017-06-18 04:43:57,2017-06-19 20:03:45,2017-06-21 17:07:28,2017-06-30 00:00:00
31f280f556b8d9944ab746adcfcc7d83,3d8fdd99e18dff4cc13218d33846b2d9,delivered,2018-03-31 20:34:08,2018-03-31 20:47:33,2018-04-12 23:36:30,2018-04-19 21:26:30,2018-04-18 00:00:00
e04cf90ef64b387df946d2ddf4542605,aae0017ae58ba5d5ac3a167b01a43f75,delivered,2018-06-22 17:27:20,2018-06-22 17:58:41,2018-06-25 13:38:00,2018-06-26 12:22:01,2018-07-05 00:00:00
29049da83627b9d57b5f4f9bf861378c,c277744e507e2e184d51d5e438b90103,delivered,2017-12-31 18:40:52,2017-12-31 18:51:28,2018-01-04 13:49:30,2018-01-11 20:22:51,2018-02-02 00:00:00
1710c56069303e33d5014ad19ff1d402,6950e00305cacdb75bd497302c430d68,delivered,2017-11-19 13:22:30,2017-11-19 13:35:23,2017-11-22 17:58:37,2017-12-04 23:59:01,2017-12-11 00:00:00
d30162aca68f89b06d618c38ef7b88e0,878d2c3535d8b240c4cf6b6536963f18,delivered,2018-02-01 18:53:40,2018-02-01 20:53:32,2018-02-03 01:44:33,2018-02-21 19:17:02,2018-02-26 00:00:00
b38869bc2ba9d5776522abd4be60168f,cc93c8a56518db1b736fbb33bb74228d,delivered,2018-06-15 07:41:26,2018-06-15 08:00:19,2018-06-15 14:15:00,2018-06-19 17:38:44,2018-07-05 00:00:00
4ce0878b1fe7231ce22e503117abc62e,e5529ccffa8468799205a6e959a31bd6,delivered,2018-04-09 08:53:33,2018-04-09 09:09:55,2018-04-10 20:48:45,2018-04-16 20:28:47,2018-05-04 00:00:00
5cd688955f6e1066065fb55213589afc,712b75336797a9b64ca4ebdad576add6,delivered,2017-06-08 00:06:50,2017-06-08 01:10:34,2017-06-16 12:39:37,2017-06-27 11:27:53,2017-07-17 00:00:00
36af11f74568a0546f14fc0e5a0c2851,bb5fc5de2c32b73753d3663397e7a056,delivered,2017-12-14 16:50:47,2017-12-16 16:53:41,2017-12-19 22:09:22,2018-01-12 02:26:50,2018-01-11 00:00:00
5d77e1d80ea67e8a68570ae87730fc2d,3ad16b9c5e94ca886631bee7a641d599,delivered,2018-01-25 16:25:41,2018-01-25 16:39:31,2018-01-26 14:36:15,2018-02-03 13:39:00,2018-02-19 00:00:00
76c077c302894d52a9cecbb6bc322b24,563e9c2a3c5061cdbdf8cb6f828cd165,delivered,2017-05-02 15:56:35,2017-05-03 11:50:18,2017-05-03 13:22:51,2017-05-08 07:37:51,2017-05-23 00:00:00
18e1040478d9e22d2f785cd537be7220,173e691b5776b05e991d8830c97375af,delivered,2017-11-20 14:31:05,2017-11-20 14:46:41,2017-11-22 18:34:48,2017-12-02 00:37:15,2017-12-13 00:00:00
e99f1890d51b721509ed9db47fb0bca8,d61f410054ba09f3b01c47ddcb280529,delivered,2018-01-02 15:16:36,2018-01-02 15:28:29,2018-01-04 15:05:47,2018-01-05 17:05:37,2018-01-19 00:00:00
3ad3f961be5de9064df7ea138472ab70,9561cbe131566d0fc9b5836adb0a6f51,delivered,2017-08-16 22:10:31,2017-08-17 00:15:20,2017-08-22 20:40:02,2017-09-04 21:47:55,2017-09-19 00:00:00
ca7d7c95b0f170aae8a2ee59e2f24f66,021e3ddcc0581de5bf087b1d87e4b136,processing,2017-02-09 16:09:42,2017-02-09 16:23:37,,,2017-03-10 00:00:00
34ea732800750b670e5f33c56ab3a94e,09d7f60a8fdfeef225e4e5dcd447047d,delivered,2017-09-03 17:12:40,2017-09-04 17:24:00,2017-09-05 12:37:10,2017-09-11 20:09:44,2017-09-22 00:00:00
a8349221f179d6b9b634e38c3e2c800c,c89804ef71f8c8888f76d683addfd6ba,delivered,2018-04-28 13:36:47,2018-04-28 13:50:20,2018-05-03 14:53:00,2018-05-04 17:52:29,2018-05-15 00:00:00
1250c047d9434703c09e72486d44b928,de346ebcb74674350a541a1438944479,delivered,2018-02-22 14:39:41,2018-02-22 14:50:49,2018-02-23 19:45:36,2018-03-04 10:58:59,2018-03-22 00:00:00
d04d69f547962363d9ddba414975a8cf,ad5bf58044ff40d216e23b93b611e0f9,delivered,2017-06-27 11:00:17,2017-06-27 12:03:56,2017-06-29 13:51:46,2017-07-11 15:41:59,2017-08-08 00:00:00
63ad1c833ae5ad87b55b35ceacb7921b,2767cbc47001ca955a4efbfd851b1f59,delivered,2017-11-09 12:13:09,2017-11-09 12:31:00,2017-11-10 19:51:45,2017-11-16 20:34:29,2017-12-01 00:00:00
d167d4b7b391f26fea23a114ac44706d,9eea546120409aca23a75a64d9c26878,delivered,2018-04-17 15:07:46,2018-04-17 15:15:30,2018-04-18 23:28:43,2018-05-02 22:36:33,2018-05-24 00:00:00
cd74cd8f3a1445a29e098dcac4cc8d11,522798e320397e9049c8ec58d85843bb,delivered,2018-07-19 20:33:00,2018-07-20 20:25:13,2018-08-07 17:17:00,2018-08-10 22:03:46,2018-09-03 00:00:00
191d075b61db3a892fde83330d82d7c6,93499e967d2b2772a3f8b73108913eaf,delivered,2018-08-08 21:09:45,2018-08-08 21:25:16,2018-08-10 17:10:00,2018-08-13 21:54:30,2018-08-15 00:00:00
d8d8abd9a4aa1b36575678bdf5e9d23e,aadf2752fbf607535468b271f7f7d094,delivered,2017-03-12 22:47:16,2017-03-12 22:47:16,2017-03-16 05:37:56,2017-03-31 09:46:05,2017-04-06 00:00:00
90fec0e548f05b95e471fde56c7e98c4,a10b8975ac685a2dcdeb9a2a82ceab2a,delivered,2018-06-18 20:53:32,2018-06-19 03:57:04,2018-06-20 13:29:00,2018-06-26 19:03:47,2018-07-11 00:00:00
3a9ba7770cd43147a6d152187d05be65,5d7504bb571eba259df58c649095ebac,delivered,2018-05-21 11:47:59,2018-05-21 15:05:57,2018-05-23 14:05:00,2018-06-09 18:39:34,2018-06-08 00:00:00
f2ff827e4cdc7ef1dd8a16f9c38e8f82,e6b13652c0cbdc2f26822654e1f74573,delivered,2018-03-27 22:03:44,2018-03-27 22:15:11,2018-03-29 23:07:34,2018-04-04 00:51:04,2018-04-09 00:00:00
5dc229fdb5898340722559185ede240e,77d1ca152411e30d50953f766b988a09,delivered,2018-04-09 19:16:17,2018-04-09 19:30:24,2018-04-11 18:13:28,2018-04-17 00:47:54,2018-04-27 00:00:00
01d90c5856f7551e108f2a0864ff6e54,a617067d08312d857f24bc829af217e8,delivered,2018-06-28 17:37:37,2018-06-29 02:55:13,2018-07-04 21:48:00,2018-07-05 15:41:57,2018-07-16 00:00:00
56a88710573842db37ac692a3252a761,0e1f1e73c7d0c1e639b2b56fae48cfa3,delivered,2018-08-14 13:48:21,2018-08-14 14:05:10,2018-08-14 16:07:00,2018-08-16 00:03:02,2018-08-17 00:00:00
765d8e5f6a9d496c895d21bb271ff1e8,2fcf5298199fdff944d4036d8a7b9ee5,delivered,2017-08-23 11:48:44,2017-08-23 12:06:08,2017-08-25 12:14:45,2017-09-05 14:24:52,2017-09-21 00:00:00
fb08991a4d87f7fb84cd0dadc7399850,b24b48e39da85ada6098bb3f13bf86cd,delivered,2017-09-07 17:11:19,2017-09-09 08:43:14,2017-09-11 21:44:53,2017-09-18 17:27:29,2017-09-20 00:00:00
83eec8a1bf27d833e0d2f468cf456ab1,2af96708b3cb29cb4e21040fc9432988,delivered,2018-05-07 21:14:32,2018-05-07 21:32:03,2018-05-08 14:41:00,2018-05-11 21:43:58,2018-06-04 00:00:00
b9174384bd0bd9634f2de4476da9d1e8,c5348d4436b583cc8822901012725d7e,delivered,2018-06-08 20:55:24,2018-06-08 21:15:22,2018-06-11 15:09:00,2018-07-24 17:25:58,2018-07-16 00:00:00
e215d6f06aeb94e2f6359a86e58dd39c,43902eda68737314fb872bead877e1b5,delivered,2018-07-04 14:34:42,2018-07-05 16:22:58,2018-07-06 09:24:00,2018-07-30 18:46:43,2018-07-23 00:00:00
f7f0c94ab5756ff0b74073d9d0187f37,e5d86418d3139d415a66e98990d88a28,delivered,2018-06-29 18:32:40,2018-06-29 18:50:20,2018-07-02 14:08:00,2018-07-05 18:46:44,2018-07-23 00:00:00
b990622bf95aadc14c973b3e914444a7,b82d00b824e63056f1a7319aff2af070,delivered,2017-07-24 07:41:00,2017-07-25 03:50:23,2017-07-26 11:12:35,2017-08-04 23:37:40,2017-08-15 00:00:00
2f820dfff29d7bd20670d70c9a33ba51,211175e4201bbe5eb654b222cbc1c582,delivered,2017-12-05 16:54:02,2017-12-05 17:12:17,2017-12-07 22:27:09,2017-12-27 22:26:42,2018-01-08 00:00:00
4da1780a79ddb7340ed2081b6c035d2d,9b8b192da9442a84ba0a1503a3363146,delivered,2018-06-05 12:11:34,2018-06-05 14:31:21,2018-06-06 07:55:00,2018-06-07 16:48:55,2018-06-29 00:00:00
fccf0d3397491d555ae0d9a4689bfc29,b4eb3f1d026daac5c6876d4902bd4773,delivered,2018-01-15 17:45:56,2018-01-15 17:53:27,2018-01-18 14:33:12,2018-02-01 21:12:34,2018-02-07 00:00:00
a1591117909c87a7b784fac5b8434eb9,70d08ac303a95dba582205ecaba9cae9,delivered,2017-04-22 18:46:41,2017-04-23 18:55:09,2017-04-25 12:42:28,2017-05-09 11:50:00,2017-05-15 00:00:00
d4a4c0bce7df0e730b35eb0dfd717d58,2e992f4dcc875c204796f7f83c1605f4,delivered,2018-02-03 17:05:28,2018-02-03 17:15:33,2018-02-07 01:22:56,2018-02-15 20:05:28,2018-03-06 00:00:00
96cd3b3b210139b9da39ca90d9839595,70b71c4ca0f3afcaa036e75a61aa9d23,delivered,2017-11-26 17:47:26,2017-11-26 17:56:14,2017-11-30 22:32:01,2017-12-07 23:33:51,2017-12-20 00:00:00
b78e1e59e42553fbbc9948d04ef0539f,d5a5dcf7970697c1d38458beb2cb264f,delivered,2017-08-11 14:33:58,2017-08-11 14:50:08,2017-08-14 14:35:02,2017-08-21 19:12:29,2017-09-04 00:00:00
53893bc57fd2d4ff7dc5e76ad4773540,a7b965e306e0424d1a5750ba287aa2cf,delivered,2017-05-22 12:52:51,2017-05-22 13:10:53,2017-05-25 16:15:48,2017-06-01 14:45:40,2017-06-13 00:00:00
fb11780dd534a4af0611d27c007b88b0,5ea35eba7b2c83a0625f234f47da985a,delivered,2017-07-17 13:57:21,2017-07-17 15:34:39,2017-07-20 17:31:56,2017-07-28 17:24:29,2017-08-22 00:00:00
130e5f15b505062879273e8f199441d1,241a20babe281dff9201cd9abc43b96a,delivered,2018-05-16 12:09:43,2018-05-16 12:39:15,2018-05-17 13:51:00,2018-05-22 00:04:16,2018-05-30 00:00:00
1d26a591feb074e4f4b71ead74c4e8dd,62d85059a0e7dc33a994eb7fb778b3ad,delivered,2017-11-23 16:54:43,2017-11-25 04:39:32,2017-11-28 18:03:07,2017-12-26 21:11:27,2017-12-15 00:00:00
2027c60e9786b0dbc84f5849a80976d8,b617d81bff5cdb906d76f973194cb785,delivered,2018-08-13 17:23:09,2018-08-15 03:30:58,2018-08-17 15:05:00,2018-08-21 14:35:46,2018-08-21 00:00:00
f7304a98cc4161f1b8e3e05fdfb6b644,556f3c41f6a00f2a9fa4d469ae57a2ea,delivered,2017-12-27 23:45:29,2017-12-27 23:54:24,2018-01-02 22:11:26,2018-01-11 16:53:15,2018-01-31 00:00:00
29152a6bbb878d0f03d10e9ee8f59093,c878d9bde7511dfb209b9ba7b4136637,delivered,2018-05-19 10:55:03,2018-05-19 11:10:56,2018-05-22 06:18:00,2018-06-09 13:39:22,2018-06-13 00:00:00
0be10063ab25316efa10537954a8c7b5,5f3cd73d195a1fb2b2557465d7e5488b,delivered,2017-09-28 18:19:01,2017-09-28 18:28:26,2017-10-04 15:50:37,2017-10-09 17:25:18,2017-10-20 00:00:00
2bb80d6b50b07a73fb5a18dffecbd3ce,ee25ca35c8fa681df12ca9532239913d,delivered,2017-11-21 16:45:50,2017-11-21 16:58:26,2017-11-24 17:09:51,2017-11-29 00:14:39,2017-12-01 00:00:00
276e9ec344d3bf029ff83a161c6b3ce9,d33e520a99eb4cfc0d3ef2b6ff816174,delivered,2017-04-08 21:20:24,2017-04-08 21:30:16,2017-04-25 10:53:00,2017-05-22 14:11:31,2017-05-18 00:00:00
30ee51f86a9d676801e824efd4aad215,c55a17a7c31353c35d48550b3aebc06f,delivered,2018-03-14 19:52:53,2018-03-14 20:08:23,2018-03-16 19:23:08,2018-05-12 11:20:59,2018-04-05 00:00:00
7bc26962535d2a6a7f34041908736df5,6742f4e8618595952e1efdaa63102e8d,delivered,2018-07-17 13:29:52,2018-07-17 13:41:26,2018-07-23 14:28:00,2018-07-25 13:48:49,2018-08-02 00:00:00
13c208c7221faed9cb7ac326a6f873da,ab8ddcd30a237bdb975f54e291076859,delivered,2018-07-20 23:04:58,2018-07-21 23:04:02,2018-07-23 15:43:00,2018-07-30 20:48:49,2018-08-20 00:00:00
9cc9e5aaad2fee99a6ba423fed688178,f8e39e5b226eba33bb49dd34246d5307,delivered,2018-08-09 17:56:49,2018-08-09 18:10:20,2018-08-13 08:35:00,2018-08-15 00:54:42,2018-08-16 00:00:00
2ebb1fd53e7b4bd81b7b1e9242b91262,8d08191922d74867056720732d38fdf6,delivered,2018-05-06 19:19:24,2018-05-07 09:56:12,2018-05-07 13:50:00,2018-05-14 12:04:56,2018-05-28 00:00:00
067e0bf1a58a53c58a1e15f5143ae36e,8aeb565d66f27043b38e4476f72360f4,delivered,2017-12-13 20:59:46,2017-12-13 21:12:27,2017-12-14 20:17:17,2017-12-26 12:04:53,2018-01-16 00:00:00
ce1813098fb283f84f0b5a7aa63e5fcc,f66c21f1e767f8ae02edfe27c592d698,delivered,2017-04-19 14:24:05,2017-04-20 02:55:50,2017-04-24 06:59:03,2017-05-03 12:40:13,2017-05-15 00:00:00
ee3a699807c80432481120cf1deb06c7,1c819e6bdfc3e228001205a4251f49f4,delivered,2018-04-19 10:03:08,2018-04-19 10:15:17,2018-04-19 20:03:19,2018-04-25 18:51:52,2018-05-10 00:00:00
ea8a923ae9fcd23e6fa17eea177c3cc1,067fc5b946c13af561c35e8c6aaa1dd0,delivered,2017-05-11 17:10:38,2017-05-11 17:22:14,2017-05-16 08:08:41,2017-05-18 16:08:05,2017-05-19 00:00:00
169702628c1e366110072edf38460701,df221f459bbece19d08e7a78db54b308,delivered,2018-03-01 20:11:22,2018-03-01 20:29:17,2018-03-06 19:08:16,2018-03-12 22:02:15,2018-03-29 00:00:00
6649a190e9151aac8d553a45875d4b5e,d6756603873955b48293dcf088bfd7c0,delivered,2017-09-13 00:46:44,2017-09-14 17:30:26,2017-09-18 18:03:38,2017-09-26 16:33:56,2017-10-02 00:00:00
9e2b4837befe1f63cab8e26686e848be,62a75f6e5edcea3f5e8bccb7dcb863d3,delivered,2018-06-24 11:31:36,2018-06-24 11:58:04,2018-06-25 12:31:00,2018-06-28 21:32:56,2018-07-23 00:00:00
a150844c1dfa605f925885746f98fe55,b804b2833d003cbf0ca148ee493d46f8,delivered,2017-10-22 13:20:33,2017-10-22 13:35:19,2017-10-23 14:59:49,2017-10-30 14:53:22,2017-11-09 00:00:00
5f0dfd096a455e93ffb4ee0635b32264,b03efbab821a8ef7b3e6b2a75ec7d74d,canceled,2018-07-29 15:15:39,2018-07-29 15:25:09,,,2018-08-02 00:00:00
fa62460ddee7c6bec9b869108ae5d32d,1d1165426dcf7175c06609f8326ec3eb,delivered,2017-07-30 22:02:53,2017-07-30 22:15:19,2017-07-31 15:50:57,2017-08-04 20:49:58,2017-08-11 00:00:00
44160b4102f24599b8a331c1d606b227,a2e7a6334a810ef473f4310d4309b74e,delivered,2017-05-14 11:03:38,2017-05-14 11:15:13,2017-05-24 09:37:52,2017-05-29 02:05:09,2017-05-31 00:00:00
c8203bb57639618630affac9e8e923dd,da37711b17efd5f2539e8196ab215f04,delivered,2017-03-27 23:04:18,2017-03-27 23:23:38,2017-03-28 14:18:59,2017-03-30 17:06:19,2017-04-13 00:00:00
4aa1a996d80cacb74d1653b2cf934be0,d4685d0b9c45a4103796c554a9d7d387,delivered,2018-07-09 21:34:08,2018-07-09 21:45:13,2018-07-10 13:16:00,2018-07-11 16:18:28,2018-07-18 00:00:00
28f4aecc81f76b7e6055d4c9e6b7e9e4,0a757255f246d2d0d2a59368280e27bf,delivered,2017-11-28 22:40:48,2017-12-01 10:31:02,2017-12-11 18:21:50,2017-12-19 21:37:01,2017-12-18 00:00:00
833e4c18609b9ca1d6c79b3b108fc19a,138a999557347d9789ddb469ad399fbb,delivered,2017-11-05 00:57:55,2017-11-05 01:11:00,2017-11-06 18:12:24,2017-11-22 09:37:24,2017-12-01 00:00:00
1beb1ec2b53087e6d0b01d852b823421,8ed219266cff205d5fb8e240ab39d946,delivered,2018-02-17 19:50:55,2018-02-17 20:06:51,2018-02-19 23:08:14,2018-02-21 16:09:10,2018-03-06 00:00:00
4aea73f4a5803237a93ce646f0f91b16,7bdd1a8a8a27b40561a9ad6fc2889383,delivered,2017-05-16 18:49:31,2017-05-16 19:02:16,2017-05-18 10:43:25,2017-05-22 13:57:53,2017-06-16 00:00:00
1d5cf40416bcb8a9d98d2f759f9f1839,47c4599db633af989a9d444ba9ddd844,delivered,2017-07-11 13:52:55,2017-07-11 14:05:38,2017-07-11 18:28:02,2017-07-17 16:11:33,2017-08-07 00:00:00
54aa8637ed83c419df8db2d38d7f550e,0ef77f1625c5abf07fa4724b8b61c12a,delivered,2018-02-07 19:21:42,2018-02-07 19:30:41,2018-02-08 21:34:50,2018-02-17 10:17:50,2018-03-08 00:00:00
43e2663d8b10c0af66e25a54fc484ca1,f0c00c8822173128caa59de9279ff573,delivered,2018-02-22 02:08:34,2018-02-23 02:15:50,2018-02-23 18:48:54,2018-03-22 16:18:27,2018-03-15 00:00:00
c946cb414bfe80581d99cef931d56a8b,7a89078eb1607750f78f33bedc74bf13,delivered,2018-01-03 14:11:04,2018-01-04 10:57:25,2018-01-04 17:29:46,2018-01-05 19:18:16,2018-01-19 00:00:00
4a38745716bb4884b76fd3a12ad5cdd2,2c12c50306eac1f3254f0975a2d1eb7b,delivered,2017-06-20 15:45:54,2017-06-20 15:55:21,2017-06-26 10:21:22,2017-06-27 13:32:10,2017-07-03 00:00:00
8eb86c249e61cecc293b67c57db19c5c,c0882c203004aea93a0d4e21febe5d36,delivered,2017-08-27 19:13:23,2017-08-27 19:25:39,2017-08-31 12:22:14,2017-09-08 17:57:51,2017-09-26 00:00:00
6c1d2589bb92157989da84b6f7ac8ef6,a9d133270bd0d94dcc2a570cc3c79efc,delivered,2017-10-21 18:59:42,2017-10-21 19:14:24,2017-10-31 17:03:52,2017-11-28 19:36:45,2017-11-30 00:00:00
c202ed8340693a8fb2e8bb2a43a1647e,3adc6aa0846718c2bcf20950d1463a17,delivered,2018-08-16 19:14:58,2018-08-17 19:11:10,2018-08-20 07:25:00,2018-08-23 23:38:27,2018-08-29 00:00:00
02659c8edf02d1cb48b8b388ac7da90e,c6ea5fee4779628bf4d55977fec66560,delivered,2018-04-10 16:18:22,2018-04-10 16:35:11,2018-04-11 18:05:01,2018-04-23 15:18:44,2018-05-03 00:00:00
50251fd24f9307259b98c5106deb6453,f354c2f15da588408f70debac5a1c519,delivered,2018-01-16 12:56:47,2018-01-17 03:35:38,2018-01-19 02:17:26,2018-02-17 00:38:25,2018-02-09 00:00:00
48997989a21e741f0f93be9870c82b90,be6c90c5799acd0fc1ca2d13d08507ed,delivered,2018-04-02 10:27:48,2018-04-03 10:28:50,2018-04-05 00:48:53,2018-04-05 17:24:42,2018-04-12 00:00:00
7bf9ebeb9ca0448e688b41354069d9ac,58cf70a7d04f22fa33a55d4938f3c63a,delivered,2017-11-28 13:56:27,2017-11-28 14:19:47,2017-11-29 18:54:41,2017-12-03 14:58:38,2017-12-18 00:00:00
e23006337203868e5bd34c7e188eb87d,27521e9ab2d6a683db9364fa35f83d3e,delivered,2017-12-01 17:36:30,2017-12-01 17:59:11,2017-12-04 21:23:04,2017-12-15 13:56:58,2017-12-20 00:00:00
d2d7ef38eafc96d5a7088deedc968dfa,ce4b6f490e28e39f94d2854c5ec7126d,delivered,2017-12-03 22:58:41,2017-12-03 23:15:18,2017-12-06 21:23:21,2017-12-12 22:24:32,2018-01-02 00:00:00
977f75be9ecd1050220bf0c1ee226bda,03cd896233134f9feda7bd1c0eddc7be,delivered,2017-12-04 18:15:26,2017-12-04 19:24:39,2017-12-08 15:52:32,2018-01-05 19:10:44,2018-01-05 00:00:00
a0e5cf8a708c50312bc633668bc0e306,4b7b16138f3303e0be624ac7e03c9f5b,delivered,2018-04-29 11:11:31,2018-05-01 05:54:36,2018-05-03 19:01:00,2018-05-07 18:18:18,2018-05-11 00:00:00
a8898844029abdc3064b4fed7ca04a47,e1220cc414aac1eca24ea42ee3cb5d29,delivered,2018-07-31 19:14:18,2018-07-31 20:04:12,2018-08-02 13:38:00,2018-08-07 18:11:40,2018-08-21 00:00:00
b46dae9e3868b50ceafa02001dd5a1e0,ceaa43caa7094473fba71c821b5f4630,delivered,2017-12-11 18:38:45,2017-12-12 03:50:24,2017-12-12 16:49:02,2017-12-27 00:36:59,2018-01-11 00:00:00
73287734c7b95e805d54a35d062627f2,d8d953c123168b787dceec29e08d08d3,delivered,2018-02-27 12:05:41,2018-03-01 02:35:26,2018-03-02 00:12:43,2018-03-21 21:47:29,2018-03-27 00:00:00
e115da7a49ec2acf622e1f31da65cfb9,10e4208d1da23cd8f6ee0477f6b5cc9a,delivered,2018-04-08 14:49:03,2018-04-08 15:10:03,2018-04-12 15:30:40,2018-06-27 18:52:49,2018-05-10 00:00:00
72c98b53f4f357890d8107a06f895d4b,01daed34d823dc01dde342ce1bf38fa3,delivered,2018-07-07 20:11:14,2018-07-07 20:25:46,2018-07-10 13:20:00,2018-07-11 16:08:40,2018-07-19 00:00:00
b42c3979ca033193016394e37f74d668,2bbe4ac3fecd52b453eb75d5879556dc,delivered,2018-07-11 13:32:53,2018-07-11 13:46:35,2018-07-12 14:19:00,2018-07-13 19:27:40,2018-07-19 00:00:00
2a35c909f171e94c4f8202dcc146f411,3bcb76a5de2acce5b211750a30bfbbf0,delivered,2018-01-15 01:41:42,2018-01-15 01:49:41,2018-01-15 17:18:07,2018-01-29 22:42:14,2018-02-14 00:00:00
33d3a462459921b054d39254daa7e60d,3da391a1da388e3a46899354d3c8774c,delivered,2018-05-17 09:16:13,2018-05-17 10:04:25,2018-05-17 13:20:00,2018-06-04 21:58:32,2018-06-08 00:00:00
20b31044d7b2de91090a6c4ffbcb7f86,505a018f1fdf5778581713be389b915a,delivered,2017-10-12 10:58:03,2017-10-12 11:07:42,2017-10-16 10:38:51,2017-10-19 22:03:22,2017-11-06 00:00:00
82640416f7ea6860f387729e31d00196,8bb174fef8bdc73b08cf5b95d62736f8,delivered,2018-06-09 22:34:10,2018-06-09 22:59:15,2018-06-11 13:32:00,2018-06-15 12:22:02,2018-07-04 00:00:00
184097b43d72bf0d851d9b82e3164c6b,7b821c645166a6c605f622bc92cb4864,delivered,2018-01-29 18:40:59,2018-01-29 18:55:24,2018-01-30 23:04:12,2018-02-01 22:13:56,2018-02-14 00:00:00
94a234743199c2efcc0808e625dfccde,1f1bbaae6c594001f1baac4d5823a4b9,delivered,2017-08-07 14:38:30,2017-08-07 14:50:20,2017-08-08 18:09:43,2017-08-21 19:19:33,2017-08-31 00:00:00
06f2e7e5aa8764a77b596c6eb6d56fd6,2e424e88b8c35f824145ee570fc9e027,delivered,2017-10-11 15:17:38,2017-10-14 03:46:21,2017-10-19 16:43:34,2017-11-06 20:15:22,2017-11-08 00:00:00
9564498225916371a8670c3b0253ea81,403d065ed4e3882fb44ac77fe8297132,delivered,2017-05-06 08:54:37,2017-05-09 09:43:14,2017-05-16 11:52:36,2017-05-29 16:00:01,2017-06-16 00:00:00
cb0ba38b8d7b0db732a053690b0ad864,515e2ff4cde65f669e47393c5324b69d,delivered,2018-08-22 18:50:34,2018-08-22 19:04:28,2018-08-23 13:58:00,2018-08-29 11:28:40,2018-09-12 00:00:00
c8aa4f194c31e8abee2df7dbe3a42222,1091bac91a6e827e41a1cf472097f08f,processing,2017-07-06 09:57:31,2017-07-06 10:05:25,,,2017-07-28 00:00:00
7620a7f338b6eb9b633cbf1d73e906f5,ae0c445a040af64bb95c3ba067441a50,delivered,2018-02-02 18:19:21,2018-02-03 02:53:22,2018-02-05 23:46:37,2018-02-16 15:16:50,2018-03-12 00:00:00
673005b4d67fb096100f48d7a6cb008f,95a7e3113bcec755d39fa5d204eead18,delivered,2018-07-02 15:54:12,2018-07-05 16:27:54,2018-07-04 13:45:00,2018-07-09 18:38:44,2018-07-20 00:00:00
485dda00ddae0be1121b189eae942d99,f159ff568222e4b170795fd8ebdff1f0,delivered,2018-08-22 11:39:52,2018-08-22 11:55:17,2018-08-23 13:58:00,2018-08-24 21:48:38,2018-08-27 00:00:00
c9f987ae7f8399dffe6db135d4cf9289,9a95ff617d46b0853a2a9ab549a3f3d6,delivered,2018-01-23 11:59:35,2018-01-23 12:18:01,2018-01-29 13:45:04,2018-02-07 00:07:16,2018-02-19 00:00:00
5558c376f5604bb25823f2be7d1bc82c,0cc62071a707339f524e9c9520dd9b02,delivered,2018-04-09 14:21:15,2018-04-09 14:31:33,2018-04-11 19:46:35,2018-04-13 20:32:24,2018-04-23 00:00:00
09cbcd1a5e559da522327abcf7e30dda,27464fbd955e5b0bad2c0eaa46cd2f4b,delivered,2018-05-29 11:10:29,2018-05-29 11:30:19,2018-05-30 10:09:00,2018-06-12 20:08:47,2018-07-16 00:00:00
67a3664e806dcb942fb6d07d36c9ff8d,e216c616176e9d3cbf36a5c5ed88b580,delivered,2018-08-08 16:42:33,2018-08-08 16:50:16,2018-08-10 14:48:00,2018-08-14 16:44:28,2018-08-20 00:00:00
2794756d0dcdb379ce5fd0639e300a31,d24e7b7be23c2ba1000d85d181c968cc,delivered,2017-11-02 13:11:26,2017-11-02 13:25:20,2017-11-03 16:04:10,2017-11-10 19:51:15,2017-11-27 00:00:00
287aa7d50180e13427b4063f9f13e611,56a7a6efd8c30e7cc6e02f7eb34668d5,delivered,2018-05-02 19:30:00,2018-05-02 20:38:42,2018-05-03 13:44:00,2018-05-15 10:49:55,2018-05-28 00:00:00
f84e76524c8a195a6b135461719b0c09,f25d251bc15adec897e5564fd00cf39a,delivered,2018-01-31 12:39:29,2018-01-31 13:47:00,2018-02-06 16:18:32,2018-02-17 16:33:16,2018-03-06 00:00:00
347bf2a6f72b7c7650838aef5cd546be,24fc05ba41ba61470312726a4bf881e2,delivered,2018-07-30 20:33:35,2018-07-31 20:30:55,2018-08-02 13:45:00,2018-08-10 19:05:42,2018-09-11 00:00:00
20343beb23f60b10de8ede4f709752cb,12f794aa542445da10d307945252c177,shipped,2017-10-11 14:15:48,2017-10-11 14:40:22,2017-10-13 18:27:28,,2017-10-24 00:00:00
b6572524ff6f0892276c1cc31367daa9,519391ef6ef1a362771982aa9248fd5b,delivered,2017-08-23 16:56:54,2017-08-23 17:32:36,2017-08-24 18:48:31,2017-09-13 20:39:44,2017-09-27 00:00:00
1a9324555dd1b3d5bfde1ebbe9f765b2,5686584ec1eb1801ea003fd86cdb5003,delivered,2017-10-02 17:14:23,2017-10-03 06:34:15,2017-10-04 15:53:28,2017-10-06 22:27:51,2017-10-24 00:00:00
e2d9d1ca77005d8626107e6d9da6ee63,1a39f03ab9c2ad4470f8c49d97cbd6a5,delivered,2017-02-06 22:54:50,2017-02-06 23:05:18,2017-02-07 13:13:34,2017-02-14 12:17:35,2017-03-01 00:00:00
c4d230f9c5f9e41364d44602902bdaa3,0ddb903f8377694b51104823502d3c48,delivered,2017-07-16 19:30:43,2017-07-16 19:43:16,2017-07-18 13:00:13,2017-07-31 17:27:57,2017-08-16 00:00:00
b6c73ab7a7655c4782eafca08b51ba55,f991d29095eba5f61d63b568250724db,delivered,2017-12-27 09:32:18,2017-12-28 02:37:53,2017-12-28 17:59:28,2018-01-06 14:37:23,2018-01-22 00:00:00
597e3e3289138d6fe7f715fc4ea4d674,0130ec6b73b4f7fb58e4a4a78774b47b,delivered,2018-02-06 10:54:53,2018-02-06 11:15:48,2018-02-08 19:33:31,2018-02-14 17:03:40,2018-03-02 00:00:00
2399cd92814172df4639c2347151dfd4,a0c3599b1d4051c520391ca3c6d2ac2c,delivered,2017-06-23 00:45:51,2017-06-23 01:03:06,2017-06-26 14:50:09,2017-07-06 15:02:38,2017-07-24 00:00:00
1f1d34c2ba3f3ae5f852175df49f079c,3e72dabf2c10a14d047233a3823ddce1,delivered,2018-06-03 16:35:41,2018-06-03 16:50:36,2018-06-04 14:19:00,2018-06-06 23:02:52,2018-06-28 00:00:00
b9f46930a49f91a659c2f17c92a13746,a271e9697da5a5a81f68910277d60800,delivered,2018-06-30 17:32:03,2018-06-30 18:50:36,2018-07-03 09:26:00,2018-07-09 17:18:32,2018-07-27 00:00:00
05f4c59e4404655a57c7bb10ff944d3d,1c8b633ef182e06c7384855e8fcc168a,delivered,2017-12-06 15:36:24,2017-12-06 15:52:23,2017-12-08 23:27:33,2017-12-10 18:56:59,2017-12-22 00:00:00
8899dd616aaabe70b170cf4099307f45,627c4fd876ce75f3670fc31fa9a6ce11,delivered,2017-06-14 23:00:51,2017-06-14 23:10:18,2017-06-19 20:08:26,2017-06-30 19:09:42,2017-07-11 00:00:00
fafb40d4bbf282fe7b9bbafcc2eef58a,9f9233b73bc4030c589a0429b3423766,delivered,2017-03-30 14:50:26,2017-03-30 15:05:18,2017-04-04 15:13:32,2017-04-11 13:03:23,2017-06-06 00:00:00
4a4c3e1ff92b16c0ecf770b504693a88,0fd2a829cdb30cc3ff0ae0c398c912f6,delivered,2018-01-14 22:33:41,2018-01-16 03:36:43,2018-01-16 19:41:57,2018-02-02 18:02:54,2018-02-14 00:00:00
5882459227aea6eb6f103342a29c76e3,42f3222ef4273d065434ed6449442086,delivered,2018-01-11 18:17:56,2018-01-11 18:28:28,2018-01-16 18:52:53,2018-01-24 14:18:51,2018-02-05 00:00:00
0ab0e6cc12734a3c6311f9a0db8b2555,f0ee5810e42014b65269b12a6182dfc9,delivered,2018-02-05 21:42:57,2018-02-06 15:50:39,2018-02-08 18:07:16,2018-03-01 20:06:00,2018-03-06 00:00:00
d087c8f0e290d4fcac125fa8bc527cae,a53440704e1fc48561e2f04861a0f902,delivered,2018-06-30 06:55:16,2018-06-30 07:30:23,2018-07-03 11:18:00,2018-07-05 23:04:18,2018-07-30 00:00:00
5ea864dc83713a8c9909dcd573d411fc,3460ed6c280483b7ef76a8aecc1d2cab,delivered,2017-03-09 17:45:48,2017-03-09 17:45:48,2017-03-14 00:32:49,2017-03-21 10:53:40,2017-04-03 00:00:00
92a60576ef193ed1dedf55ae74b293f8,394264ffea0735e712823a6b5a55beaa,delivered,2018-06-25 20:48:30,2018-06-25 21:13:08,2018-06-29 16:05:00,2018-07-06 14:38:49,2018-07-27 00:00:00
59169828620034ef7061641d4a69fb5d,65482c71c7e59c98916d30350824751a,delivered,2018-06-14 16:33:18,2018-06-15 16:40:46,2018-06-18 13:39:00,2018-06-20 00:43:48,2018-07-13 00:00:00
ab8fb8695d598ca38617cc9ec507bbfb,65b8c55a23d4200a3dae31671827f695,delivered,2018-02-12 18:19:41,2018-02-12 18:30:26,2018-02-15 19:46:02,2018-02-21 14:43:13,2018-03-07 00:00:00
7b6d60ef9f4bea8469da80168c894820,613e5140d40c87bfd6d9f39f0892ea94,delivered,2018-08-08 16:44:41,2018-08-09 03:35:20,2018-08-09 14:36:00,2018-08-14 23:02:55,2018-08-21 00:00:00
a9d5f9803fe11291638577b7d108ff74,1c7f36f92c122f874c987ab492c26fb2,delivered,2018-04-05 22:24:15,2018-04-07 02:48:19,2018-04-09 19:41:04,2018-04-12 21:32:52,2018-04-23 00:00:00
628399348823670ed3ec45a13e5365c8,9bda10248786f46309dba93990d52a4d,delivered,2018-01-22 19:52:37,2018-01-22 20:15:52,2018-01-26 12:29:09,2018-01-30 00:08:05,2018-02-15 00:00:00
5297250ba3bfb18713834a6b28d6725d,585908a498f0b6ea9258ab3a3db3a9bc,delivered,2018-04-01 00:35:23,2018-04-03 05:50:30,2018-04-04 20:13:01,2018-04-05 20:59:32,2018-04-12 00:00:00
d7bd0e4afdf94846eb73642b4e3e75c3,12a063cae60cd7bc2f0029514b21d24c,delivered,2017-04-23 18:55:04,2017-04-23 19:05:37,2017-04-24 10:19:01,2017-04-29 10:19:55,2017-05-11 00:00:00
ed4ccc558360a6e5cd53d123b4d4b7eb,fb2bbf6ece14440bc221623a331a1b2a,delivered,2017-09-13 12:37:24,2017-09-13 12:45:42,2017-09-14 19:46:45,2017-09-27 17:09:34,2017-10-05 00:00:00
89386a239475a1cd440505e7519404cc,4448444be2b42c9c9c0aa77076d5117f,delivered,2018-07-25 21:44:39,2018-07-25 22:15:14,2018-07-26 12:23:00,2018-08-02 20:18:56,2018-08-20 00:00:00
7910cbbb5ec1350cb4b3c519df4ec404,ecb4e2ae6d1a378c29104322a960c14b,delivered,2018-03-03 15:39:36,2018-03-03 15:50:31,2018-03-05 22:28:29,2018-03-07 17:59:35,2018-04-02 00:00:00
78f73cede21d3bf1d0c0e9fe1e02cbc6,0f935d36c149c0c16112af59526bb453,delivered,2018-05-25 14:48:49,2018-05-25 15:12:54,2018-05-29 13:43:00,2018-05-30 18:59:40,2018-06-14 00:00:00
92b6250c9e1d1e359a29929fa9f62395,b17ac2d4ba142dda51133ec4ccc22314,delivered,2017-09-19 23:08:38,2017-09-19 23:24:08,2017-09-25 20:10:38,2017-09-28 19:53:28,2017-10-05 00:00:00
590df012be2d6ced593daa265e628b1e,23d7edbc55a2c410dd6e427f2787bc5e,delivered,2018-04-28 18:17:23,2018-04-28 18:30:12,2018-04-30 12:53:00,2018-05-03 14:05:08,2018-05-17 00:00:00
39e4a19de5e525773a320f33b599c445,08cf9f9f1be26d24e19972b52ccf945d,delivered,2017-07-31 17:27:06,2017-08-01 22:03:59,2017-08-03 19:03:07,2017-08-09 19:26:52,2017-08-29 00:00:00
2e3c8cb46818cca862d890ce07412a53,17ffdfd715cc2d4efb1b4a3027353654,delivered,2017-11-16 18:51:09,2017-11-16 19:16:17,2017-11-17 21:44:27,2017-11-21 22:07:49,2017-12-07 00:00:00
c6697f0b5a341cb2e357e996c100664a,dea8d18a25a01a5e5662e64b4a9be87c,shipped,2017-12-01 11:09:24,2017-12-02 02:39:22,2017-12-08 23:56:56,,2017-12-28 00:00:00
992b568281203a63ab8a57e90b304eec,05e78773584363a69d4f710642402ad1,delivered,2017-04-24 09:29:53,2017-04-24 09:45:13,2017-04-25 08:45:20,2017-05-02 18:19:32,2017-05-22 00:00:00
ead7734f073917125907072a424c9504,df4a59830f9881aaf97626b02b833fe8,delivered,2018-04-15 18:53:59,2018-04-15 19:10:54,2018-04-17 22:46:41,2018-04-25 13:19:20,2018-05-16 00:00:00
8f77d9cd32f220b8242d28c71800eeb5,3b1edd46e86d39255b0c8fcf0c86525d,delivered,2018-02-23 22:13:05,2018-02-23 22:27:34,2018-02-28 23:32:13,2018-03-12 11:36:42,2018-03-23 00:00:00
c42c73fa91d5ba2298312db542e280b6,92f85633a82e893c00091efb3d0cb610,delivered,2018-02-13 12:38:07,2018-02-16 07:55:38,2018-02-16 17:17:19,2018-02-22 20:58:46,2018-03-02 00:00:00
1888f26c742f0f49046de7b25b975fc1,83f3937960f9c14efc3ab40957570050,delivered,2017-10-03 19:12:01,2017-10-03 19:28:10,2017-10-05 19:37:23,2017-10-10 19:56:11,2017-10-31 00:00:00
10bce195e3966122a3dd0e2aa676f761,0280e2736a179aa87a59447236a797fa,delivered,2017-01-19 13:38:16,2017-01-20 13:45:08,2017-01-24 07:47:43,2017-01-27 10:42:38,2017-02-21 00:00:00
d9102d5c83f5e99bcf6d5971a2db0606,ede3d42317f1d2109633dddad0c2b993,delivered,2018-03-11 15:58:46,2018-03-13 04:40:29,2018-03-16 01:14:29,2018-04-03 14:18:30,2018-04-09 00:00:00
f66a5fefcb2773c75713ad0742801b50,1314dcf9eabbe2717be59c886a3bde74,delivered,2018-05-30 20:25:38,2018-05-30 20:55:18,2018-06-04 07:00:00,2018-06-08 23:05:28,2018-07-11 00:00:00
8ba726c808e76426c3ed43efc7ebce96,aba856fa56daac58d55fcf1e655db2dc,delivered,2018-07-25 12:32:39,2018-07-25 12:45:14,2018-07-27 13:55:00,2018-07-30 19:38:25,2018-08-10 00:00:00
c1e50c50037af907b9099da2c948e109,a7b7579d62a5682f0908d8f62229e467,delivered,2017-09-24 21:58:50,2017-09-24 22:10:16,2017-09-25 20:32:44,2017-10-02 18:07:56,2017-10-18 00:00:00
f33804414861bfaca84228b749e3085b,6987dfa4728eab00d12ce5d4c2d15c28,delivered,2017-03-16 19:13:10,2017-03-16 19:13:10,2017-03-21 15:21:23,2017-03-24 17:17:02,2017-04-06 00:00:00
31b92cb404ea069fb4d978f3c8c6aa95,4c3ab0c3857228a1dec7003434f3fa87,delivered,2018-04-23 13:53:54,2018-04-24 18:39:39,2018-04-24 18:58:31,2018-05-04 18:08:38,2018-05-25 00:00:00
38d4904ceccfaba59e568e385b375103,2b780630cdbca58458b9c0ada47cc154,delivered,2018-04-17 11:25:43,2018-04-17 12:29:55,2018-04-19 01:33:00,2018-05-15 01:16:39,2018-05-10 00:00:00
7dac325f7f1f94784e6bc6af3b4678d6,d1e5c4b7583ef6d7a45ba3081b08be99,delivered,2018-06-27 19:21:07,2018-06-27 19:30:22,2018-06-29 13:29:00,2018-07-03 17:57:42,2018-08-06 00:00:00
b6330ac9f71f6ad8b23e3f1660be06ad,3a3091df564663f3de7a01b0b200411c,delivered,2017-11-20 22:32:51,2017-11-20 22:46:53,2017-11-22 22:32:26,2017-12-04 14:55:02,2017-12-28 00:00:00
58bc3625f4925bd71d1c391652d57770,3f3b0df9780d69a6126891e8b0931481,delivered,2017-02-13 19:14:05,2017-02-14 19:23:25,2017-02-15 13:12:04,2017-03-21 15:49:02,2017-03-24 00:00:00
7c20905dd73cd8a0eb60f5c6ab1b5d9f,b8be9fbd47b5b5b16e2db6e939785fb0,delivered,2017-09-13 21:57:46,2017-09-13 22:10:21,2017-09-14 16:35:36,2017-09-19 17:56:55,2017-10-04 00:00:00
a0d699e2e7598ef4a849c8089f3c1277,238781836799d4b316414fa5eeb7747e,delivered,2017-12-23 20:30:45,2017-12-23 20:38:32,2018-01-02 23:42:23,2018-02-27 21:16:48,2018-01-22 00:00:00
2301c13c9dc02b9c8d61919206e15e1c,c22bc32565fea4b4f107a60eff0c000b,delivered,2017-07-04 21:05:59,2017-07-05 17:43:38,2017-07-07 19:22:50,2017-07-31 17:35:01,2017-07-28 00:00:00
024319cfbf2156b9b8a0a50c3aef45b7,f100dca2fea4be39e1547226e3cb3c45,delivered,2018-06-08 19:59:34,2018-06-08 20:49:40,2018-06-12 16:07:00,2018-06-18 20:38:38,2018-07-26 00:00:00
49697e029f5fc97fd048a69e06fd508f,f04fb650a1938f14ed5330f1e9362467,delivered,2017-08-18 09:39:06,2017-08-18 09:50:26,2017-08-21 23:52:43,2017-08-31 19:58:10,2017-09-12 00:00:00
adc3c2a7a5283d29f235da2e760b0f05,af71c6566cc7ebbfecbb266a3ac29320,delivered,2018-07-31 10:50:07,2018-07-31 11:04:49,2018-08-02 15:18:00,2018-08-15 12:03:01,2018-08-31 00:00:00
8ad43a57bb88d52531c6facae014a8ae,40066988850bb19638f8c63a787a21d2,delivered,2018-07-04 12:37:38,2018-07-05 17:02:53,2018-07-04 14:31:00,2018-07-11 00:06:25,2018-07-23 00:00:00
420f72eb3154e9ae555ce1510011d477,9675f162813f8861e38a896e784725dc,delivered,2017-06-28 19:06:56,2017-06-28 19:15:18,2017-06-29 13:29:35,2017-07-03 14:48:47,2017-07-18 00:00:00
3fe7c5853b6def3524128a2d44fb3d24,aa5b7785199c225fb6938bf1372d6026,delivered,2017-12-15 15:09:44,2017-12-15 15:16:22,2017-12-18 20:12:47,2017-12-20 16:24:44,2018-01-08 00:00:00
29eec6741c8bce92beae3f57180169b4,4161b8a51dd52b9763a4d07a8491abf4,delivered,2018-03-01 22:40:50,2018-03-02 22:48:59,2018-03-08 00:39:05,2018-03-16 19:48:28,2018-03-22 00:00:00
3595f0807aca4cae0d917447763fb078,f10bede7fdee22ce94b43d2f699b7b51,delivered,2018-02-10 10:05:04,2018-02-10 10:28:02,2018-02-14 18:07:30,2018-02-21 02:52:19,2018-03-07 00:00:00
6d2010e542102f9a4ba2316b70a556be,55d8e8aba4258ddc9839acd2c718b886,delivered,2018-01-14 07:03:49,2018-01-14 07:10:34,2018-01-15 21:08:53,2018-01-22 19:22:32,2018-02-08 00:00:00
f443f10864456cb1b27f91e05587de58,e46e979a253ea7b4a3c10c7ad5adb9f8,delivered,2017-10-09 13:13:05,2017-10-09 13:28:10,2017-10-10 18:24:53,2017-10-13 23:48:38,2017-10-20 00:00:00
b206fde9513a754fa4290463ed1ad4aa,52302eb4538b1cdeed6750589ea64c2a,delivered,2017-06-23 15:14:00,2017-06-27 03:50:33,2017-06-27 11:49:54,2017-07-11 17:53:45,2017-07-25 00:00:00
660023f633ebbca40bbf5962692b2411,11a225639ccafce290d9c3dad59e3e62,delivered,2017-08-05 13:00:02,2017-08-05 13:15:13,2017-08-08 18:32:22,2017-08-15 19:14:02,2017-08-29 00:00:00
9e13610356ba6774adf5c06c32f8448f,2dfb12dc3644f26d06632a6068eee4ef,delivered,2017-07-11 14:46:59,2017-07-11 14:55:21,2017-07-12 19:51:12,2017-07-14 19:33:06,2017-08-02 00:00:00
99f4c119842b59f9954391654a259ce7,9cfca1786cb62ea2437055d11bda28ad,delivered,2018-02-15 11:27:29,2018-02-15 11:47:36,2018-02-15 22:10:09,2018-03-09 18:41:38,2018-03-13 00:00:00
e6a4162f7f405ec6791befb1652846ba,c0d9fb23c6f5fffba534ade8685da9d4,delivered,2018-04-09 11:51:46,2018-04-09 12:10:17,2018-04-09 21:56:40,2018-04-21 14:32:23,2018-04-30 00:00:00
d9e5305b48eff370ffafa031d6027518,189ed22036bdb24d69e56a6789591b5e,delivered,2017-12-04 12:40:39,2017-12-05 04:20:02,2017-12-19 19:02:56,2018-01-16 22:16:53,2018-01-02 00:00:00
b5d4eb6b98c48a1d20e7a7663881bdd0,f381ff44c4fc5bd43c38116f3bd715b6,canceled,2017-10-06 21:54:55,2017-10-06 22:07:19,,,2017-10-30 00:00:00
2894cc15228a7127f78cb41017091b4c,1e0c217ef3faf0c5a171d075f1dd0b6f,delivered,2018-07-27 17:36:25,2018-07-27 17:50:24,2018-07-31 14:18:00,2018-08-03 12:39:05,2018-08-13 00:00:00
dfbae856658ed0da74731056554e1b77,6293c0e2de01a0b4c70dd59ed6f3a05a,delivered,2017-03-23 13:16:40,2017-03-24 13:25:09,2017-03-24 13:43:32,2017-03-25 08:17:51,2017-04-11 00:00:00
bbb149f610cf770685fa5169b6e9a48d,5498bd0b82115fdefdf65bb638d581c7,delivered,2018-05-18 12:02:39,2018-05-19 14:59:36,2018-05-21 15:38:00,2018-05-23 12:15:35,2018-05-30 00:00:00
4684c8d4e250ac300b203b44658449a9,8d94fa91bea7233457b072d8cf215d09,delivered,2017-05-21 11:02:17,2017-05-21 11:10:21,2017-05-23 11:43:56,2017-05-29 13:35:45,2017-06-09 00:00:00
9f3c417d0037cf7d6125ed337ada23dd,c3a9b4092a2b3529d4391cb11f1c457f,delivered,2018-01-15 14:03:23,2018-01-15 14:15:23,2018-01-15 21:38:52,2018-02-07 19:12:55,2018-02-08 00:00:00
86142baa5539c0e7ff98213f50d10b75,6ae91e04653dc3a0c205363ffff0081f,delivered,2018-01-23 08:42:54,2018-01-23 09:12:32,2018-01-23 18:42:13,2018-02-20 14:03:54,2018-02-19 00:00:00
1b7d6a3703a98513b60768df8d6c30b7,150c000d94442e397f21cc978f925d40,delivered,2017-07-05 22:40:50,2017-07-07 02:45:50,2017-07-07 18:21:23,2017-07-24 15:41:44,2017-08-04 00:00:00
4b598c1855fb903ebc2697088200a071,ec4a79232a3306f4ff97e38819a10447,delivered,2018-01-09 23:35:51,2018-01-10 10:31:41,2018-01-15 20:42:17,2018-01-20 17:15:22,2018-02-07 00:00:00
4b2626de72497770ddfa81a533f70c76,dd542dd7b8a8a90fed3b4f6b85ec45e8,delivered,2018-05-20 16:26:06,2018-05-20 16:59:20,2018-05-21 17:35:00,2018-05-22 19:05:25,2018-05-30 00:00:00
7f93d00f6512fe25e73b5de688cd5677,402f75205b75b521681f67add1bf1b7b,shipped,2017-04-14 21:58:15,2017-04-14 22:10:16,2017-04-19 16:24:50,,2017-05-08 00:00:00
9e4429e3ca6daefcb5a085302eb4d9a9,b47df8baa34b9880117394560bcb04be,delivered,2017-12-08 12:02:45,2017-12-12 03:56:29,2017-12-21 15:58:38,2018-01-06 10:44:20,2018-01-16 00:00:00
ca90e0247838f37e708b833b004ba84b,44503b73171f81899a6a70132d4d403a,delivered,2018-07-04 16:07:50,2018-07-05 16:14:52,2018-07-05 14:24:00,2018-07-10 16:20:41,2018-08-03 00:00:00
bdfb5638a80d0fa6ec030a921c695a5f,2138da43cc1aabdb272b97392c0175ae,delivered,2018-03-02 21:46:03,2018-03-02 21:55:48,2018-03-06 23:35:19,2018-04-04 17:21:13,2018-03-20 00:00:00
9931d81b3c1ee1b90b943591683b4b61,84f36629aa4682f9f544a5c842ebca24,delivered,2018-02-26 10:17:24,2018-02-27 05:30:54,2018-02-27 20:39:07,2018-03-21 21:27:18,2018-03-22 00:00:00
e927a351e66b4b3a4fd7cd93f6d1b4a0,f4f5618d81049a33d2c1bf38d24ea5ea,delivered,2017-04-15 23:46:11,2017-04-16 01:10:19,2017-04-17 15:08:47,2017-05-10 11:04:23,2017-05-10 00:00:00
124e2c402e736efb7bc277e8c5a828a4,3fb3cc7d768688f0f919e33ab4b3da2c,delivered,2018-04-22 21:41:33,2018-04-24 17:24:19,2018-04-27 13:43:00,2018-05-03 18:22:27,2018-05-15 00:00:00
c92d9519d152fad30fdcaa7bcbdbc30c,204bacea7cec91f9a4c9cab70ea3739e,delivered,2017-05-11 13:16:20,2017-05-11 13:25:37,2017-05-11 14:51:43,2017-05-17 12:53:44,2017-06-02 00:00:00
5509c0b69816a0407a62fa3fec797bb3,56919eb82e3c3c32385a9de417f51774,delivered,2017-09-25 09:56:48,2017-09-25 10:10:10,2017-09-26 20:52:19,2017-09-29 20:43:38,2017-10-20 00:00:00
3c321c1ff61263804c94431316e7118f,6d2f99a272824a83af065ba3b5bf050c,delivered,2018-03-22 10:35:03,2018-03-22 10:49:35,2018-03-23 21:38:49,2018-03-28 17:46:36,2018-04-16 00:00:00
c3b8c17ee15e0e798c2e178b7d4c7f42,67a5fd09c67dd51115ca8044b4afdc34,delivered,2017-09-01 20:04:47,2017-09-13 22:08:55,2017-09-05 15:43:31,2017-09-11 16:43:46,2017-09-20 00:00:00
b25640291e5a59b69aa7a1e7096925bf,d10e34f0b33060cb2d99f93170da292b,delivered,2017-04-18 23:03:14,2017-04-18 23:10:20,2017-04-24 05:59:30,2017-05-03 13:22:32,2017-05-10 00:00:00
c717b33977b903c18d81f8ee220ca736,68fdb170ae3faae5da4b044789eebf01,shipped,2017-03-27 22:35:58,2017-03-27 22:45:15,2017-03-31 10:04:58,,2017-04-27 00:00:00
9ea31bc786d569fb961d6aca5b8ac618,ac41dfafea25769214d7e659ae04882e,delivered,2017-03-17 09:32:47,2017-03-17 09:32:47,2017-03-20 10:26:57,2017-03-22 14:47:14,2017-04-05 00:00:00
c8a26f68531d30c813a16902aeacd380,e6100145f88f78edd1efdb0e643dcc1f,delivered,2017-12-02 18:38:27,2017-12-05 04:12:30,2017-12-05 18:10:02,2017-12-08 13:10:12,2017-12-27 00:00:00
af74091f111e705ab46de44f0f46aee0,47b892943e7e44aab7a4973342b66d30,delivered,2018-01-01 23:45:49,2018-01-03 04:10:38,2018-01-26 18:42:41,2018-02-02 19:54:06,2018-02-05 00:00:00
cb8c458795bc8dfe3da5230ce7001eca,db62c7985127d9d4bf98d8c69b8bb2e0,delivered,2018-02-05 20:51:59,2018-02-07 02:35:47,2018-02-08 20:12:41,2018-02-10 16:38:33,2018-02-21 00:00:00
973099d5fd52c77163406f2eba72dfc6,4118b74a807396d8c976e9cf09b632e4,delivered,2017-12-07 08:01:35,2017-12-07 08:32:03,2017-12-08 22:54:35,2017-12-15 16:49:32,2018-01-12 00:00:00
6c4b00d2f2c7cbac0902dd6367da9f97,25613332a78a059ea028f0360023a830,delivered,2017-07-05 12:47:45,2017-07-05 17:39:25,2017-07-06 14:59:46,2017-07-11 18:03:02,2017-07-25 00:00:00
9042419915d957145ecb21925709a601,842655491a74bd618791403750c8ff63,delivered,2017-12-29 19:35:57,2017-12-29 19:48:38,2018-01-03 20:14:06,2018-01-18 20:42:59,2018-02-08 00:00:00
b064e7c32db081ff3c6283331d1669ce,16ec27fb0960851e8be0060ea6ed2a32,delivered,2018-04-21 14:57:16,2018-04-24 18:59:40,2018-04-23 19:48:38,2018-04-27 21:36:38,2018-05-10 00:00:00
3d22c7028328c46be79ac9803a61e5c7,d138e885e09fa3ead931ab87e1811706,delivered,2018-01-03 23:07:05,2018-01-04 00:56:51,2018-01-04 22:09:25,2018-01-12 21:45:19,2018-02-06 00:00:00
996cf7c353223f600a2ea65b66166d91,7b380de32815f7e1c096e0ac24c212b9,delivered,2018-07-30 18:48:38,2018-07-30 20:04:13,2018-08-01 16:34:00,2018-08-06 09:58:44,2018-08-21 00:00:00
0517ba063462fdd36525fd7e9ef72cee,3f25ebe2334e0d1436d693d392f55e7a,delivered,2018-03-14 23:52:35,2018-03-15 00:10:59,2018-03-16 19:19:04,2018-03-26 15:09:09,2018-04-05 00:00:00
47df8ca5e5217025971963e512193641,77600fe80053210fbf53526d42fc1b0c,delivered,2018-01-21 19:56:29,2018-01-22 13:58:16,2018-01-24 19:52:50,2018-02-01 22:06:16,2018-02-19 00:00:00
4523eafb93144f31a954666165a59423,7a9f335e44390d13140297c96578a80e,delivered,2018-02-20 15:29:03,2018-02-21 12:04:34,2018-02-22 18:45:20,2018-03-05 20:13:00,2018-03-13 00:00:00
0d54c04be25f0f72f2f63f5b93d0bca7,ea66ab419deb40209a51853f56ab42db,delivered,2018-05-01 17:33:29,2018-05-01 17:52:58,2018-05-02 15:13:00,2018-05-04 23:32:28,2018-05-15 00:00:00
e4de4d75a4d1e6b3dc57a3d94922023f,1ff059c79d3f1d0ee47547940795ed0c,delivered,2018-08-03 20:02:18,2018-08-03 20:15:18,2018-08-07 16:02:00,2018-08-16 20:56:36,2018-08-23 00:00:00
782e3d360043ba18b527832597a53543,fd7805bef7bf746ef67207171ed7606b,delivered,2018-06-02 15:59:49,2018-06-02 16:11:41,2018-06-04 10:05:00,2018-06-14 18:36:27,2018-07-11 00:00:00
511c6d6720495f07b3130978eb5cd45c,a036032b7517080204f9882e751fd825,delivered,2017-06-13 22:01:24,2017-06-13 22:15:25,2017-06-14 16:22:12,2017-06-27 13:39:12,2017-07-06 00:00:00
a8eeef949a97362f253b5d6b9aa7b498,6a3e325c41d9bf26e23a25e1158851fe,delivered,2018-02-05 18:03:36,2018-02-05 18:15:47,2018-02-06 17:33:00,2018-02-15 23:08:50,2018-03-01 00:00:00
4d5b79c88c8dba7bccfd90eb531c21be,a8982ac9d6737eaadd0c9fc308225678,delivered,2018-04-13 10:57:27,2018-04-14 02:30:20,2018-04-16 22:32:43,2018-04-23 21:39:37,2018-05-08 00:00:00
58f5801ecbeec83b70c32e4afdc5582b,bffce113a45caad00826f1da88a365f5,delivered,2017-03-29 11:00:42,2017-03-29 19:45:12,2017-03-30 10:30:36,2017-04-04 16:00:10,2017-04-25 00:00:00
4e09a6bc2b1596b9e54829e168bfd37f,ce9f7eca3f2369c7de337a4385790c62,delivered,2018-07-10 20:13:19,2018-07-10 20:25:54,2018-07-11 12:21:00,2018-07-12 15:47:29,2018-07-18 00:00:00
bddb90ea4cfeb9f9ba6f30088662a40c,4f978374abb33989ebf04cf91a6d10da,delivered,2018-03-03 14:31:30,2018-03-03 14:48:17,2018-03-05 22:41:45,2018-03-21 20:08:33,2018-03-28 00:00:00
870262a84754d5ee151a8be2554a5bc6,4298216f047325fb69c2e6bf63e99c7b,delivered,2017-10-04 15:21:35,2017-10-04 15:35:22,2017-10-05 18:28:45,2017-10-18 21:25:51,2017-11-01 00:00:00
94a71bedec852e752e86d530d03d6061,c0883596c39dea12f6d9de1259fc0517,delivered,2017-02-07 18:31:57,2017-02-08 03:10:21,2017-02-09 14:38:45,2017-02-21 13:34:58,2017-03-20 00:00:00
4b7d3dfe0941dfb8a4aa50c5a641229b,ac9b153ddf7be1cc6ee7efdbfbaf6c66,delivered,2018-02-22 12:32:51,2018-02-23 12:35:36,2018-02-26 22:34:43,2018-03-03 15:53:06,2018-03-27 00:00:00
1cea424dc965d49b8e61503d53a801bb,a4551f4d139f486420dd1a8bc2b3aff6,delivered,2017-08-07 10:32:41,2017-08-07 10:43:24,2017-08-09 16:06:44,2017-08-11 12:00:02,2017-08-18 00:00:00
a85c1538df5701aa9a7c6cc423bd80f4,6fac8a7f89a9c17f55520dc1f6ff2c88,delivered,2018-08-07 17:00:07,2018-08-07 17:10:23,2018-08-09 12:19:00,2018-08-15 00:16:38,2018-08-17 00:00:00
df63c768307f82dcc0d2ad7a7d72b2ac,8ac70039fd4e27a39fc0c2e8929c22be,delivered,2017-07-14 01:10:09,2017-07-15 01:15:13,2017-07-18 18:38:51,2017-07-24 18:32:22,2017-08-11 00:00:00
61da7dd07ba150343f903e595dea5dc7,ad76257081fb90d69865cbe50024e3f6,delivered,2017-11-10 13:26:28,2017-11-11 02:47:20,2017-11-14 22:07:46,2017-11-20 19:12:24,2017-11-30 00:00:00
88fc6bd429f0b065b3c80ec1e323c890,af6e19f06ecfc197b49e1d1e2d35f2ed,delivered,2018-06-09 18:13:31,2018-06-09 18:30:34,2018-06-12 15:01:00,2018-06-14 22:03:29,2018-06-20 00:00:00
84660812690bb3e1d202c040dfaf5cee,d3bfcd6b8429123c838019a536a1a7e5,delivered,2018-04-14 12:34:01,2018-04-17 06:11:29,2018-04-17 17:05:24,2018-04-19 01:19:03,2018-05-03 00:00:00
eba5ed5e25b2381933d6f2a0227fd21d,f7a143ca85eaadf2b2f56394e2d1f699,delivered,2017-04-12 10:39:39,2017-04-12 10:50:19,2017-04-12 15:21:05,2017-04-28 11:53:47,2017-05-19 00:00:00
bffb2f663c0ea51622bccd351e2815d8,b3dad37a7ed6c67056ababa4a4deff4d,delivered,2017-05-19 13:06:23,2017-05-19 13:22:28,2017-05-22 10:16:57,2017-05-23 12:42:33,2017-06-01 00:00:00
b546aea900486b1d86f57d4da877a984,e1a333109e71922f3c2cf7775d80f28f,delivered,2017-05-05 01:49:17,2017-05-05 02:02:32,2017-05-05 10:41:34,2017-05-22 15:47:53,2017-06-13 00:00:00
bf6b6ca366554e505b129b759520e852,fdc9c0362f389c2be24c0ae7723e6c74,shipped,2017-08-27 19:30:59,2017-08-29 04:50:18,2017-08-30 21:58:49,,2017-09-18 00:00:00
a0d35026fbeae4c918e39e0ac44e637c,ff0a2318d1ff10cbcb9376022927255a,delivered,2017-09-21 15:22:14,2017-09-23 02:15:41,2017-09-25 21:03:09,2017-10-14 15:52:07,2017-10-18 00:00:00
32ab3bc68fa79c6d5d0066af3b91932f,e0b6283985b18424517750906ee61c2c,delivered,2017-12-04 15:29:45,2017-12-04 17:23:14,2017-12-05 17:45:27,2017-12-11 21:53:36,2017-12-28 00:00:00
aa11f70af7c222af9439091bbe59e8f9,791311e9e765e18c2050d96976d7e110,delivered,2017-09-15 10:36:43,2017-09-15 10:50:26,2017-09-20 19:33:05,2017-09-22 23:14:43,2017-10-03 00:00:00
14666138d6ac727f90a5f2775b282d07,a1b848486ab5bf5941a00cb77f624e97,delivered,2018-08-16 00:42:39,2018-08-17 00:49:12,2018-08-17 12:24:00,2018-08-27 20:27:35,2018-09-14 00:00:00
5308a8e3331c9fab38efdb6a6c1d89c4,43a8f0d16dc07bbf5e34f897c36060af,delivered,2017-06-04 17:16:08,2017-06-04 17:25:11,2017-06-08 17:36:29,2017-06-19 20:42:06,2017-06-28 00:00:00
9e85d73b2a693e5b6dcf56ef2d00d181,51f45be48e424513598dca87178b2417,delivered,2017-12-03 13:47:49,2017-12-03 13:57:18,2017-12-04 19:18:17,2017-12-11 20:04:56,2018-01-05 00:00:00
e11e0f810b87b5bcbc4ce90273881f6c,bcbbc6cf8364e1cf1a6e0fa5570372f0,delivered,2018-07-20 10:14:10,2018-07-20 10:25:16,2018-07-23 08:50:00,2018-07-30 20:28:42,2018-08-07 00:00:00
d5adb7496b40cf5ac248505008ba61d5,2e2eb8ad6d17a467de51278c54628200,delivered,2017-10-08 15:10:16,2017-10-08 15:34:27,2017-10-09 20:20:20,2017-10-11 22:34:11,2017-10-25 00:00:00
6501b8706ad91690114d2f5cb00a02a5,43a7dec98e9ec118d59b430191944a29,delivered,2017-11-24 15:51:04,2017-11-24 19:31:54,2017-11-27 18:40:06,2017-12-09 18:42:01,2017-12-18 00:00:00
86d34c8f36491e984f83e8482128118b,d855c77ed24eb3a62791e5b80b2a1700,delivered,2017-10-14 22:41:26,2017-10-14 22:49:21,2017-10-16 20:13:03,2017-10-25 11:42:34,2017-11-06 00:00:00
3f1d42a217afb22fc9ee819f602664b2,7b66afe859de8d2c1e6b143c26a6b4b1,delivered,2018-07-27 12:27:02,2018-07-27 13:04:11,2018-07-30 20:10:00,2018-07-31 15:14:32,2018-08-01 00:00:00
e0ba4b3c107e06a39d608c7442467d85,08d7418c7329e60d4537f2218b4c8b49,delivered,2017-12-09 23:52:16,2017-12-10 00:47:52,2017-12-11 17:14:03,2017-12-26 21:52:26,2018-01-15 00:00:00
e132fb294c905406ab1ce97278595b0b,a52bc8934491cdd988e9e063be7656c4,delivered,2017-04-26 20:15:59,2017-04-27 20:22:54,2017-05-09 10:23:16,2017-05-16 14:37:33,2017-06-20 00:00:00
ce1c82a64c8c7a41beeecd2d1c1dd21e,58a685b2cea3f9c1148140a3bc96cbbb,delivered,2017-04-22 10:41:15,2017-04-22 10:50:22,2017-04-25 10:59:53,2017-05-10 13:16:48,2017-05-26 00:00:00
cd590811ef0d897b885bc97352f1b34f,b3fe927fe3f77e84b15f4677db150616,delivered,2018-03-12 10:41:16,2018-03-12 10:55:43,2018-03-15 20:35:48,2018-04-04 01:38:50,2018-04-06 00:00:00
a664490883c0131d7eca5cfbe6794aa0,29ebad1a53479f85b1ac6801f47e3362,delivered,2017-02-20 17:29:50,2017-02-22 03:23:01,2017-02-22 14:49:01,2017-03-03 13:34:43,2017-03-23 00:00:00
cf1f2bf558188a7db5faf52865b4e210,1f182a50ea79d8162b40da2165960f64,delivered,2018-02-25 20:35:43,2018-02-25 21:40:20,2018-02-28 21:38:53,2018-03-16 19:59:46,2018-03-22 00:00:00
e956922814f88f0d713f466cf03dace0,c2449251111a0fe26efe4564f8b8167c,delivered,2018-01-05 14:14:32,2018-01-09 07:17:05,2018-01-15 23:41:44,2018-01-19 02:48:58,2018-01-31 00:00:00
a0b0c8f47189c8f5ae441368d370c15f,f172ee35b4d9ef56e957d5e68a545e80,delivered,2018-03-25 18:55:38,2018-03-25 19:10:28,2018-03-27 17:54:24,2018-04-04 23:58:34,2018-04-12 00:00:00
eb0e37706298fb26e054a09981cf50db,1593ca7390c815671208260c2e1a281e,delivered,2018-07-22 16:45:13,2018-07-23 12:32:35,2018-07-24 16:58:00,2018-07-26 19:03:26,2018-08-09 00:00:00
2026183f154b1d672b4bd513fde144c3,a81eecabd9afa9b7ab654422b6e79f3c,delivered,2017-05-17 21:33:10,2017-05-17 21:45:10,2017-05-19 15:12:00,2017-05-29 11:23:43,2017-06-06 00:00:00
bcbc99c5380b420c2e5924342197a166,eedb949201058f4c8b33a50250bc547f,delivered,2018-03-19 17:15:38,2018-03-19 17:29:44,2018-03-21 20:34:24,2018-03-27 20:32:35,2018-04-24 00:00:00
3a02f2abd527b2a2b0504aa48bc1b7c2,98c4f7271d12e1559a9a532bf51acc77,delivered,2018-02-15 11:13:05,2018-02-17 03:35:28,2018-02-20 21:37:14,2018-03-22 19:03:32,2018-03-15 00:00:00
1affc4ad6b0957720114bf91c2f39879,022f4d871399246624c353f06712cb75,delivered,2017-03-15 19:34:30,2017-03-15 19:34:30,2017-03-17 12:42:40,2017-03-23 15:42:06,2017-04-03 00:00:00
104b23439f7dc2291659a26f2237abdc,3d7c0b5ea6f05a405999e4621b1df53f,delivered,2018-08-17 14:54:57,2018-08-17 15:09:53,2018-08-20 14:59:00,2018-08-23 15:39:37,2018-09-20 00:00:00
332bbeb5cdd458723fa3565220c997ab,a8a23df854bb534c69e1ce1bae1ecb29,delivered,2017-05-19 10:26:04,2017-05-19 10:35:24,2017-05-19 12:28:00,2017-05-25 09:41:28,2017-06-12 00:00:00
d5867ae0316adec946ff4545482967b4,1cbeca510159cec8e5185eb8f87e7ee5,delivered,2017-08-18 22:05:25,2017-08-18 22:25:20,2017-08-22 20:02:43,2017-08-28 19:16:03,2017-09-14 00:00:00
2d476d9a9af938c2ab76a4aefb7e74d7,9491612964bb8ce20fc6c680356fd784,delivered,2018-02-21 23:07:18,2018-02-23 02:31:04,2018-02-26 16:43:24,2018-03-19 16:54:31,2018-03-14 00:00:00
e0491d5fa20ffe7ac96ccfdb874a8dc1,2074276f1cbcee59fc01ab7b591d017b,delivered,2017-10-28 22:10:51,2017-10-28 22:26:17,2017-10-30 21:33:44,2017-11-07 00:28:41,2017-11-23 00:00:00
de219d6cf606e877fc9a0df6b811ab61,762b59169664d761596b65b8110298de,delivered,2018-01-25 23:26:05,2018-01-25 23:36:20,2018-01-29 17:53:22,2018-01-30 23:07:01,2018-02-09 00:00:00
61bc36958b1d61ed45eb66755fcf5722,cf5d2bf978920481642239c79555b3db,delivered,2018-03-08 19:10:37,2018-03-09 02:35:32,2018-03-09 18:18:58,2018-03-16 01:58:27,2018-03-28 00:00:00
0973b2846805e4eaacbdff441e3dbc8e,bfddea478823f3128b7a3bd9253988e7,delivered,2018-01-02 17:35:56,2018-01-04 05:14:16,2018-01-05 13:04:44,2018-01-16 17:33:13,2018-02-05 00:00:00
f0c11cab63a210c8c102b31a8edd69db,fa39cf8c2435c92c664ebb635024a56e,delivered,2017-08-12 22:29:58,2017-08-12 22:44:12,2017-08-14 16:18:06,2017-08-18 19:53:36,2017-09-05 00:00:00
6feeca05362a431b585a63a6043e7c1c,7d3ca8a3ddee83ea48b5d339d4768472,delivered,2017-10-29 14:59:07,2017-10-29 15:10:19,2017-11-03 20:56:41,2017-11-15 15:53:06,2017-12-05 00:00:00
d19792edee7b2cc1d094d869461abf3a,53d335e6c3bd94413cb59b135b7da93c,delivered,2018-08-21 17:03:40,2018-08-23 02:55:14,2018-08-27 18:56:00,2018-08-30 00:38:20,2018-09-26 00:00:00
5d9a4411068892bb475d32879e076e1e,7d8c2899f9095be928b72a16b21a3e03,delivered,2017-07-11 08:57:01,2017-07-11 09:10:13,2017-07-11 18:29:50,2017-07-13 16:37:28,2017-07-31 00:00:00
6d501a59eec532012c8ef9f9f6f5240f,3b1b6e69b35643992c8af1ffca4cdfb9,delivered,2017-04-21 11:38:51,2017-04-21 11:50:17,2017-04-24 09:36:32,2017-05-09 10:43:18,2017-05-24 00:00:00
e809c167a9cfd31aee1293abe8995065,9472f9fca02c86c72be6429983d0a76a,processing,2018-01-04 18:23:45,2018-01-06 02:08:26,,,2018-02-05 00:00:00
73c8ab38f07dc94389065f7eba4f297a,d5f2b3f597c7ccafbb5cac0bcc3d6024,delivered,2017-12-13 14:21:15,2017-12-15 02:30:41,2017-12-15 18:45:18,2017-12-28 09:05:34,2018-01-08 00:00:00
7170c855b98cfed5dc82dc9e9b122b64,14eb7a65dda3e17554d653b786db01ae,delivered,2018-07-23 22:21:18,2018-07-25 03:04:42,2018-07-25 14:36:00,2018-08-01 13:07:09,2018-08-09 00:00:00
6a6f4f30f771eb3acb7dd11e08a53e00,c97cbfd3517896bcae9450e52779b784,shipped,2017-11-27 17:54:27,2017-11-27 18:11:51,2017-12-01 19:27:05,,2017-12-12 00:00:00
7c368cac70a301684eb08e7397a3da54,c14a95fcf2ad8b83712bddcd2af73f83,delivered,2018-08-02 13:43:55,2018-08-02 13:55:16,2018-08-03 10:03:00,2018-08-08 16:26:55,2018-08-15 00:00:00
8c2fd1f7359cea19f4ec43436b8850be,0fd9ea9bd342abe74db14762466e1b48,delivered,2017-09-09 22:15:52,2017-09-09 22:30:20,2017-09-11 18:17:36,2017-09-22 22:26:41,2017-10-03 00:00:00
c6c8efeaf2205f11be796833a750f49e,f08742a7082ba21c8f71fd1ff6d32c0d,delivered,2017-10-22 10:15:18,2017-10-22 10:35:18,2017-10-24 16:52:06,2017-10-27 20:12:01,2017-11-13 00:00:00
c596d8640962b115481b374c7b881f6a,d2791613005cb0e44b5732c48bb8ff42,delivered,2018-04-03 11:52:28,2018-04-03 12:09:38,2018-04-03 22:47:31,2018-04-19 06:41:50,2018-04-23 00:00:00
680f4f731eeef8098bb1e587bb0c3363,ad1bd6b4f879655fc78ac4d5bf3fd055,delivered,2017-08-24 21:57:28,2017-08-25 22:08:03,2017-08-28 20:37:32,2017-09-16 15:18:18,2017-09-28 00:00:00
2de064f9aae25ba56e286d80d512155b,8a1de99d49a84f227d74f7f0ced429bc,delivered,2018-05-15 20:51:47,2018-05-16 21:54:35,2018-05-17 12:58:00,2018-05-22 11:12:37,2018-06-07 00:00:00
5976af9c3477baa56327f8140e7f7996,8b6940ce6a48f2b06dc2cb5967f42017,delivered,2017-04-28 12:50:09,2017-04-29 02:42:55,2017-05-02 14:57:39,2017-05-08 16:43:48,2017-05-22 00:00:00
db67f190728e6864bcd380d96236677f,0b735f09f901e6fd1903f1e76b4269e6,delivered,2017-10-25 11:54:30,2017-10-25 12:07:17,2017-11-01 20:47:32,2017-11-08 21:23:50,2017-11-14 00:00:00
5e6bf5e993fb83ee6af7a9f8a954e807,a72c88547dfde272c230dc57c9f04dda,delivered,2017-05-27 21:29:28,2017-05-27 21:42:00,2017-05-29 09:26:29,2017-06-03 09:13:47,2017-06-21 00:00:00
e8e4ccb8fbae6c4092d94bbff888a6c0,f717deed9559899472e5164bd41fdbfb,delivered,2018-04-02 17:23:29,2018-04-02 17:35:21,2018-04-03 11:12:02,2018-04-04 22:28:25,2018-04-12 00:00:00
85fc293d3e0bf416c547c15d991e096a,842ebaefba675d1067f4722118378ab6,unavailable,2017-12-07 20:38:53,2017-12-09 20:33:27,,,2017-12-26 00:00:00
c4ee82a6c0873cfdbe96e41596698248,c9be31eee5d42b016032f115e6640689,delivered,2018-08-03 12:28:01,2018-08-03 12:44:04,2018-08-07 14:24:00,2018-08-14 00:08:35,2018-08-15 00:00:00
9a1be11e9a732a340c3bec3b390debeb,fe183c5b40e3f8c97a4a5eda7392de2e,delivered,2018-07-03 11:39:10,2018-07-05 16:07:17,2018-07-04 08:41:00,2018-07-09 23:16:49,2018-07-25 00:00:00
b5ded8632f7c8aaa2943a68ee15a2a8f,a76e9186014b79746ed3de0b25fdba72,delivered,2017-11-25 21:00:41,2017-11-27 21:00:27,2017-11-29 00:15:18,2017-12-06 19:47:22,2017-12-20 00:00:00
daa31883279538aaa2097f19342c2b90,b7215096d9ed6d194e700543aa624947,delivered,2017-10-12 11:30:34,2017-10-14 03:56:17,2017-10-17 18:14:02,2017-10-19 18:57:46,2017-10-26 00:00:00
e08debbe8f44228bc16e6e292bff6f4f,2158fd165c0651527e6c8cfdb5a2bc95,delivered,2017-10-16 11:35:18,2017-10-18 02:51:24,2017-10-20 17:27:06,2017-10-27 18:43:28,2017-11-06 00:00:00
39d0be719247e3b3a38846ba810197ea,0f51eea87ae9e277d0f099d51637772d,delivered,2016-10-04 16:02:18,2016-10-06 15:58:44,2016-10-21 16:18:29,2016-11-07 16:55:57,2016-12-12 00:00:00
dbb1353a1b37773612291d7e294ec323,80ad906b5e2e5d97b96c167d244e9e0d,delivered,2018-04-01 23:06:18,2018-04-01 23:47:52,2018-04-02 21:34:53,2018-04-07 00:33:17,2018-04-19 00:00:00
010d14f76a229c295260e4ca4744acc7,02e460a9db12a0de7f952f8facb66312,delivered,2017-12-01 19:46:28,2017-12-01 19:57:26,2017-12-04 18:07:08,2017-12-18 16:43:33,2017-12-29 00:00:00
0df047ac4fa1b5eed06cc188e54fd23e,47efe31635e7f43b94e1944a329598e4,delivered,2018-08-07 09:32:53,2018-08-07 09:45:15,2018-08-08 13:55:00,2018-08-11 14:38:43,2018-08-27 00:00:00
c462a724e0a22bbc88bdecbed3ca72c4,b129c5e7449bfea86f4bef20e296c0ce,delivered,2017-11-23 08:23:33,2017-11-24 03:12:50,2017-12-08 16:48:29,2017-12-20 11:14:50,2017-12-13 00:00:00
661620f1b2ab6bd136e9566f2188c215,4538c8f9c63d958a52a1e982c821a98f,delivered,2018-02-07 12:48:44,2018-02-08 07:49:34,2018-02-09 11:49:04,2018-02-14 19:12:57,2018-02-23 00:00:00
5921c611401f52ff910cf826ea169367,543498dc5e59976cbd3821712ab1a847,delivered,2017-03-06 00:43:52,2017-03-06 01:05:46,2017-03-06 09:09:39,2017-03-21 12:27:54,2017-04-06 00:00:00
5f827831438fdab57e6b6b98328b360e,3cb502fcf455deaa130fe625b29c7804,delivered,2018-04-21 19:28:09,2018-04-24 18:22:30,2018-04-23 22:38:25,2018-04-24 14:40:46,2018-05-10 00:00:00
00063b381e2406b52ad429470734ebd5,6a899e55865de6549a58d2c6845e5604,delivered,2018-07-27 17:21:27,2018-07-27 18:00:06,2018-07-30 14:52:00,2018-08-07 13:56:52,2018-08-07 00:00:00
1d93c24a42872d2410be202e128bf5c3,fe7f6a778dff689575d3be054d1e3b57,delivered,2017-05-25 12:44:54,2017-05-25 13:05:32,2017-05-30 08:52:40,2017-05-31 13:41:38,2017-06-07 00:00:00
225a4e4eed0a18dec33ca9f375a86a45,00951234ffc26898cb0f62b8c0e89f88,delivered,2017-10-22 10:53:02,2017-10-22 11:07:29,2017-10-23 20:29:50,2017-10-31 20:14:44,2017-11-16 00:00:00
e3f7a673dd1981e0d7b330c8a7220220,8daafb5e7776c08e384b8bdd6b708dfc,delivered,2017-01-24 09:04:09,2017-01-24 09:15:17,2017-01-24 10:42:57,2017-02-06 11:23:58,2017-03-15 00:00:00
f9eb516475260ab01f33937aac3cfd40,4ead8c602805bd9623211328f97ca745,delivered,2017-11-27 12:41:22,2017-11-27 14:19:34,2017-12-01 19:42:10,2017-12-04 19:16:45,2017-12-11 00:00:00
5b03a739e69fe70af9a396dd3c5fd228,ce41bc0c7e8554d1c08797761d12dad9,delivered,2018-01-29 12:42:18,2018-01-29 12:52:26,2018-01-30 00:16:48,2018-02-09 20:18:59,2018-03-05 00:00:00
1233838f2d670d7e4d115557ddcc52bb,6daa07361d72c59bd20fae597b1afb42,delivered,2017-07-25 09:56:48,2017-07-25 10:05:28,2017-07-28 15:03:08,2017-08-04 19:19:09,2017-08-18 00:00:00
4a65f44b9d88b8af9f97037e89366abe,a0c9d999ed3500707f8228b8336e24eb,delivered,2017-01-26 10:56:10,2017-01-26 11:05:35,2017-01-30 11:44:02,2017-02-07 13:11:39,2017-03-06 00:00:00
5fd085507aff13c4bf822411202b4757,91f350582b34e0392b3726353d5550af,delivered,2017-12-12 10:45:52,2017-12-12 10:56:37,2017-12-12 20:43:27,2017-12-28 18:52:41,2018-01-09 00:00:00
e087de4a31936aa86e5f48c6d4c570f5,b22ad8ac69105be5f00338a86d44697b,delivered,2017-12-02 15:52:58,2017-12-02 16:17:34,2017-12-05 22:46:55,2017-12-27 19:48:53,2018-01-02 00:00:00
7525729ed75b4d65c84bf8499bef7df2,2153cb587e3b6aad494beb2b208e10fc,canceled,2017-02-22 19:36:22,2017-02-22 19:50:20,,,2017-03-30 00:00:00
171a55934d8bc5775c30ce0537f5e4cb,31e338271f0dfd2ca8392a683ff262a8,delivered,2017-10-25 21:51:42,2017-10-27 02:55:24,2017-10-27 21:22:15,2017-11-01 14:43:48,2017-11-23 00:00:00
646410b7c77f0bae163c4d4cbe4d78de,2e50f32ef890bff070fc82627c078120,delivered,2017-07-29 22:25:29,2017-07-29 22:35:17,2017-07-31 20:19:07,2017-08-08 18:21:57,2017-08-18 00:00:00
6b2b0edb95053b55efeb09177b6510c3,1cd1bf3921c35dd04851354a26e28a5b,delivered,2017-06-24 19:17:09,2017-06-25 06:42:37,2017-06-26 10:22:53,2017-07-22 11:36:47,2017-07-20 00:00:00
ba5fa5d6fe39ade3049fcbc2966fc82c,229ac14c6ee6d6a606264ebcc861beb7,delivered,2018-08-08 20:25:21,2018-08-08 20:35:20,2018-08-09 15:01:00,2018-08-13 19:38:55,2018-08-20 00:00:00
a26767d79ed74e1a32e2855451fcfd3f,f65fad9175e08b8c051204ebf7d43705,delivered,2018-05-12 13:00:05,2018-05-12 13:14:33,2018-05-24 13:47:00,2018-05-25 18:11:14,2018-06-13 00:00:00
aeffea2c78ec9b15d6cd7478c9072c07,9711ec758b9270ff19adfc9bec1b4a09,delivered,2018-02-11 16:11:04,2018-02-12 16:10:27,2018-02-14 19:39:55,2018-02-17 02:15:49,2018-03-07 00:00:00
b25c87440df98e833f8cec6ad163a098,dabce7e137934de433d062eb02ad15f3,delivered,2018-06-26 22:38:13,2018-06-26 23:15:45,2018-06-28 15:17:00,2018-07-03 22:42:12,2018-07-20 00:00:00
5defd0236f15e552d007f413fd3bf85a,11394c09fa2c70c4c2d64e368e227378,delivered,2018-02-11 16:42:12,2018-02-15 03:55:46,2018-02-16 23:58:40,2018-02-26 19:53:49,2018-03-09 00:00:00
1166119e8e94b56596501d609f810451,25f3d18f333d4df2b53f80320160ff16,delivered,2018-06-13 13:31:02,2018-06-13 14:31:29,2018-06-15 14:55:00,2018-06-20 17:09:00,2018-07-03 00:00:00
5cd4de56d310f9546c7dea5611b658d0,df738297a39fcf2ccb7a88b29e3781e1,delivered,2017-09-08 03:21:06,2017-09-08 03:30:14,2017-09-08 19:42:16,2017-09-25 20:22:40,2017-10-04 00:00:00
c4f6c401115a8cba8c3be4ad28abeeae,e68dc3ffc3c7c08cfd24019575d82589,delivered,2018-06-22 17:12:21,2018-06-22 17:38:41,2018-06-25 10:52:00,2018-06-28 19:02:20,2018-07-17 00:00:00
a144da15ca9cb1ebccf012a14736c54d,ae6a20cbef31289987c08cdc617a19ac,delivered,2017-03-27 15:57:27,2017-03-27 15:57:27,2017-03-29 21:17:37,2017-04-10 15:57:38,2017-04-20 00:00:00
e1e8c919a20f2c8c0224357d9210e4e3,f15233c6e0d9a3837da1fd631a84edcd,delivered,2017-08-18 11:07:39,2017-08-19 11:25:29,2017-08-22 10:33:42,2017-08-28 17:37:35,2017-09-19 00:00:00
198298d54f269d8c5fe89e85a859af61,8d4fd10d20cdc0fa3589cfdee2b1cb07,delivered,2017-07-29 20:08:40,2017-07-29 20:23:39,2017-08-01 20:42:40,2017-08-10 20:03:08,2017-08-28 00:00:00
0b95f3147f8a038de06187063d90008e,0598384cf66a6bd49ac0c725af1c74e7,delivered,2017-10-21 21:33:43,2017-10-21 21:49:23,2017-10-23 17:22:55,2017-10-24 20:52:04,2017-11-03 00:00:00
a92c76269cd2be64008c82c84d6e5d48,a8a72553d270066753aae3e20a8d035f,delivered,2017-09-01 10:23:11,2017-09-01 10:30:22,2017-09-06 17:30:07,2017-09-12 16:33:28,2017-09-26 00:00:00
e1f37ead3c565a7f54eead433530c790,b3785bdc2dc47c60224e18bfa2f1af47,delivered,2018-05-19 22:49:36,2018-05-22 08:16:22,2018-06-01 14:02:00,2018-06-07 16:49:01,2018-06-27 00:00:00
a65820c7e4307f72117e77fce6be1074,4915b5f798ba5172def6562538b6cdbd,delivered,2017-07-28 10:51:19,2017-07-28 11:05:12,2017-07-28 16:23:04,2017-08-01 17:19:32,2017-08-17 00:00:00
b9eda83f0864d2d9a838fb0305cbb5d6,95b37d2a4fcbe7da99a00c06033c41e3,delivered,2017-12-06 10:42:36,2017-12-07 03:11:58,2017-12-08 23:41:23,2017-12-26 23:08:49,2017-12-29 00:00:00
fbda1cc83fef326394fae4d634d0402a,8279d74562141e3ef092bfbebd898659,delivered,2018-02-06 13:58:38,2018-02-06 14:15:49,2018-02-08 00:12:22,2018-02-09 21:38:38,2018-02-22 00:00:00
ba1e2cba74b728e6e26fb11c5fa0b5c5,7aba3e63f633b8707b803e9128536e80,delivered,2018-04-20 20:26:26,2018-04-24 19:26:42,2018-04-24 23:50:58,2018-04-26 00:11:29,2018-05-09 00:00:00
fa7809f6cdf09dfab24cfc2669964ecb,58b75381b97c75d94e51fb72db47f4da,delivered,2018-06-04 21:18:04,2018-06-04 21:30:41,2018-06-08 14:03:00,2018-06-21 04:54:19,2018-07-11 00:00:00
1cdcd38020c62cfc2ba884e5a23eaa0e,75e490ed3784567b2dd4bd3b3fbdf6f6,delivered,2018-08-01 10:08:58,2018-08-01 10:44:18,2018-08-03 15:23:00,2018-08-09 21:12:23,2018-08-17 00:00:00
2b3da71eeeb21b32d855dba308304b5e,8f1969087609183f80dcb1ef40dfaa7f,delivered,2018-03-02 09:09:17,2018-03-03 02:51:39,2018-03-06 00:06:26,2018-03-09 13:49:23,2018-03-26 00:00:00
30945faa37e8264ea2815f7bf799adf0,8e088f86db422c6032a26ee8ba1ef0e3,unavailable,2017-01-31 11:40:55,2017-01-31 11:55:20,,,2017-03-02 00:00:00
2a2400e345f56a8e879743f0b45b6b09,a6e436c7275245cf3b66a9d59fb2bac5,delivered,2017-12-28 15:11:06,2017-12-28 15:27:29,2018-01-02 20:21:46,2018-01-04 23:22:37,2018-01-17 00:00:00
fe6d6acf472f919a33bdc485082dafaa,610fb118022f008000cb93c62a6933e5,delivered,2018-05-16 15:14:37,2018-05-16 15:35:12,2018-05-17 13:37:00,2018-05-18 19:29:56,2018-05-25 00:00:00
ec60e48662eb9eaf9ae685a3afa56518,4933b985cf353d4c50490efd77de63c8,unavailable,2018-02-21 09:55:14,2018-02-21 12:05:38,,,2018-03-13 00:00:00
0492eead55cd90ba9690387cca2baa20,821cfae6c6dc3f7fa663f1716f837f0e,delivered,2018-07-22 21:40:20,2018-07-24 11:32:21,2018-07-25 13:37:00,2018-07-26 21:08:46,2018-07-31 00:00:00
22821986209b9ac29a9b23ac492b2844,86eea35000c04725662fe48ecd33828e,delivered,2018-03-25 12:15:07,2018-03-25 12:27:54,2018-03-26 22:28:49,2018-04-12 16:46:41,2018-04-16 00:00:00
7d0dbe74217affe6ee4ac409c28e23dd,c5e1ee00ecf36ee92c825bc77c48db15,delivered,2018-05-02 12:25:51,2018-05-03 04:35:17,2018-05-09 14:11:00,2018-05-21 22:28:30,2018-05-24 00:00:00
5df709f025839459fa8fea78efac8845,f3cb1ea188bf53465cfe23d8bb30b479,delivered,2018-02-25 11:07:50,2018-02-25 12:09:29,2018-02-27 17:18:37,2018-03-20 00:51:56,2018-03-23 00:00:00
ff3024474be86400847879103757d1fd,945c975073e57fe39a636afbf6689bcc,delivered,2017-11-11 15:18:16,2017-11-14 03:55:39,2017-11-22 12:46:32,2017-11-28 18:00:22,2017-11-27 00:00:00
d46f45b0d795bcf47a19d301710e63fe,6c80fee990fe729ac1f0f26209a2c961,delivered,2018-05-16 23:10:39,2018-05-16 23:55:11,2018-05-18 12:07:00,2018-05-19 16:41:49,2018-05-28 00:00:00
592a580b2caa44161590aa7d07609c00,bbaa6c0f40859886b427b32cf4bb73d8,delivered,2017-11-22 13:16:33,2017-11-22 13:29:58,2017-11-29 23:54:45,2017-12-05 17:03:44,2017-12-13 00:00:00
1e8fc9212cac6dca33623c56a8dac683,e4af820127b4b3716f5e81e7bfaf1a73,delivered,2018-05-02 12:13:38,2018-05-02 12:33:36,2018-05-07 14:02:00,2018-05-09 01:08:52,2018-05-18 00:00:00
51427a59ed7cf06820364d94af7a6f7a,54ce9e1a605daf6be9a7c6212c9f4223,delivered,2017-09-19 01:31:45,2017-09-21 03:10:06,2017-09-26 20:33:02,2017-10-11 15:39:15,2017-10-13 00:00:00
8279b5df6e66fb0dfddfc8a4cd10471b,762bf1c1701f2aa392bc47c82ef8ba2c,delivered,2018-03-28 00:12:02,2018-03-29 03:28:59,2018-04-03 01:56:36,2018-04-17 11:32:59,2018-04-16 00:00:00
4560df0eb1f79fd95f8acef34281bfdb,35538047e33ffaaeb5858b7cc1295296,delivered,2018-01-05 16:23:44,2018-01-06 02:08:51,2018-01-10 18:45:31,2018-01-29 16:37:05,2018-02-09 00:00:00
cdfbf8db50d32ace172f51e989020920,bf60c8226027b8e0c9d8ad58cff2a5f6,delivered,2017-09-25 07:51:04,2017-09-25 08:10:22,2017-09-25 14:25:58,2017-09-26 19:28:02,2017-10-10 00:00:00
604d751f2a7e1dbdc206eec36e4bcb81,1557f8381ff99fe787e0f0403ec62aae,delivered,2017-11-18 11:43:49,2017-11-18 11:55:33,2017-11-20 21:48:10,2017-11-24 15:39:13,2017-12-11 00:00:00
96f4518c66e9055a0107a8c7e44ef6c4,12a5644d9a61b51572f65bc574704501,delivered,2018-02-18 17:11:37,2018-02-18 17:27:08,2018-02-21 21:43:34,2018-02-28 13:52:03,2018-03-12 00:00:00
856450615438e29ecc334651df96e7f6,447552d077cd8c71a9cbca5e22a27d33,delivered,2018-03-02 08:56:47,2018-03-02 09:15:22,2018-03-05 20:45:53,2018-03-06 13:38:45,2018-03-14 00:00:00
2255eb0e92e75d04fc4afa0ad636f875,75d3dd3b7505875bb7eada66fe90e044,delivered,2018-08-02 12:05:49,2018-08-03 08:15:19,2018-08-03 13:38:00,2018-08-09 21:18:49,2018-08-13 00:00:00
bd95be22b2ec58c249193c6b07f45e6f,bdd9bb367691eaf89c399e50c1b52b1d,delivered,2017-10-18 12:31:51,2017-10-18 12:49:20,2017-10-20 22:36:46,2017-10-25 17:52:39,2017-11-06 00:00:00
ccb1046449f1a494de800567e7cb5979,4478700ff008d3fffa02e95d89b9795f,delivered,2018-06-28 00:43:34,2018-06-28 01:11:21,2018-06-28 15:11:00,2018-06-29 20:52:48,2018-07-12 00:00:00
774b93b7dc5e295d72ac8fd2121b7e65,03a9f8974cc93e00d318122ca6382bb2,delivered,2018-04-05 00:32:18,2018-04-06 03:28:37,2018-04-07 01:19:33,2018-04-10 01:22:48,2018-04-17 00:00:00
fa3e37584f4fdb1ded0e0de700dfcb4e,63be4feff10a0b1d85f2cfbf10df9754,delivered,2017-07-30 19:32:23,2017-07-30 19:45:09,2017-08-09 18:18:43,2017-08-01 21:13:01,2017-08-18 00:00:00
bed4f7a218b7a0b93f1bd6dc0fc8e640,b1944cdaee5a141eea4055e6f2d826fb,delivered,2018-01-25 07:39:35,2018-01-25 07:54:29,2018-01-26 13:22:36,2018-01-29 16:09:03,2018-02-09 00:00:00
875c175eb6577637f9001b99dc54a7e1,93fff67bdcb09ec8a3dc8926a7c1b3c3,delivered,2018-07-20 23:27:39,2018-07-24 11:32:55,2018-08-15 15:41:00,2018-08-27 15:26:59,2018-08-15 00:00:00
79310e415e87a7c31dde5926215d3469,067f23bbb981887fc158d36a677c2b4b,delivered,2017-06-17 11:31:58,2017-06-20 10:55:21,2017-06-20 13:50:32,2017-07-17 16:21:32,2017-07-13 00:00:00
9e0c7da69212a91ad90bc37ab91a6c68,47d3027e3dce97a4102da39a523554a1,delivered,2018-03-03 09:39:22,2018-03-03 09:50:27,2018-03-05 19:04:26,2018-03-15 16:08:46,2018-03-26 00:00:00
6fea0216321034ec32deef442cf13fdd,b2c4f10709f4cfe1f5a8711de1698d51,delivered,2017-11-27 12:33:54,2017-11-27 12:55:23,2017-11-29 21:02:40,2017-12-11 18:21:39,2017-12-19 00:00:00
c6e183c4386da59878bbec724d046491,8780d1856b962bc12e671a8fae923127,delivered,2018-06-20 20:30:31,2018-06-20 20:58:01,2018-06-21 14:27:00,2018-06-22 18:17:46,2018-07-03 00:00:00
267519bdbe13b2f237af57f3f1b86a9e,8d4632ec0b24f42cfea3d3d6e735e4c9,delivered,2018-07-03 16:37:35,2018-07-05 16:13:39,2018-07-04 06:54:00,2018-09-01 00:51:37,2018-07-31 00:00:00
6632309d6179381a1a42c64867ffb19a,57efbdbebfe89dca4b188321e6517263,delivered,2018-04-14 15:31:49,2018-04-14 15:50:42,2018-04-17 14:32:50,2018-04-18 23:31:18,2018-05-03 00:00:00
9eca84d28a0c3cd0746a25f588705d30,9b4405ccd29ffb4c83500f09452998b8,delivered,2017-02-01 20:54:37,2017-02-02 21:01:31,2017-02-06 15:12:27,2017-02-17 14:57:27,2017-03-14 00:00:00
4c470bf188ec558ef3546d643bfa2713,d4cb12cb60df727e852cdcd3b6de1a32,delivered,2017-05-30 20:55:32,2017-05-30 21:05:23,2017-06-01 07:45:47,2017-06-08 10:35:53,2017-07-03 00:00:00
95d7f1d6526fe255c28b15b749634392,d08536d91bf5c2d30506a57f29b4452b,delivered,2017-03-20 20:34:03,2017-03-20 20:34:03,2017-03-22 09:04:52,2017-03-24 16:05:27,2017-04-07 00:00:00
1ca44c5850de39660439deebf65c8fd2,c058c2acda5bc9cf23799a92b0a3dad8,delivered,2017-05-29 23:06:05,2017-05-29 23:22:45,2017-05-31 07:12:20,2017-06-06 14:17:04,2017-06-22 00:00:00
50732a86b0335ae225e4432548113e9a,e489365859cd08d9e3b411534e1e3df4,delivered,2018-03-22 19:05:20,2018-03-22 19:15:39,2018-03-24 00:06:42,2018-03-27 18:46:36,2018-04-16 00:00:00
acb2afbcbcc3be10924f75fd3b6c98d8,b49bca9a4fca7f417da7a01e96f21295,delivered,2018-07-22 14:17:47,2018-07-23 11:31:33,2018-07-24 07:30:00,2018-07-31 14:03:34,2018-08-08 00:00:00
761de39b98af23c2f3b771461e2c5e2c,64e2751a4b553c0976e7b8b3e25df7d0,delivered,2018-08-06 08:44:24,2018-08-06 09:04:29,2018-08-06 15:29:00,2018-08-14 10:10:51,2018-08-15 00:00:00
eca75747f628939976e814e7972bfea8,ce102f790bb667f9851019a3cb0ed958,delivered,2017-11-22 10:58:11,2017-11-22 11:07:27,2017-11-23 17:56:52,2017-12-08 22:43:11,2017-12-18 00:00:00
6893c7e3a051e9d94a2bed6777355f2d,a560c4900787eeb530847c4006739499,delivered,2018-02-14 21:29:43,2018-02-14 21:48:02,2018-02-16 00:09:23,2018-02-21 19:32:46,2018-02-22 00:00:00
7e0527f8f130007faef1d379fe7644ad,f496e82c38c75b1449f75508ae108a42,delivered,2018-07-24 01:08:54,2018-07-24 10:40:14,2018-07-24 15:50:00,2018-07-31 17:38:31,2018-08-16 00:00:00
3df9a0706897e062e91f253fa132b6dd,04c834ed53ed3ebdf68fa561bdc20e5e,delivered,2018-08-16 12:49:01,2018-08-16 13:05:15,2018-08-17 15:32:00,2018-08-20 20:33:08,2018-08-21 00:00:00
9f1d354d0b38456cb1333c100e1388c5,019681cd120e7fe89ebdd06172639f58,delivered,2017-09-06 12:16:44,2017-09-07 10:34:16,2017-09-08 16:07:44,2017-09-18 21:42:41,2017-10-04 00:00:00
e2144124f98f3bf46939bc5183104041,bd0342f59a3b8ddc416bd048b2b5d0fb,delivered,2016-10-06 20:06:26,2016-10-08 11:00:24,2016-10-12 11:00:25,2016-10-15 11:00:25,2016-11-28 00:00:00
b7a7f845f14c6427ecc01131ed208f72,780ec436564cb778756e937440177788,delivered,2018-01-15 17:51:01,2018-01-15 17:59:29,2018-01-16 19:53:33,2018-01-22 21:33:07,2018-02-05 00:00:00
790a65965d2b4ee225f616bd1b7dcd64,934f9d72eadbf852cb3ddaa5355e22fa,delivered,2018-06-17 22:24:27,2018-06-17 22:35:11,2018-06-18 12:57:00,2018-06-19 17:08:36,2018-06-28 00:00:00
56740543d19104f08eee3703abfcfa59,4d31ce9c178f01b182e89b3b31c1d35c,delivered,2017-08-16 10:44:29,2017-08-16 11:24:25,2017-08-16 17:28:59,2017-08-23 14:23:49,2017-09-19 00:00:00
06b2c7035561ef12b16045ef4bf459e2,8bb9547aec97f493e91a078f66fa7ac5,delivered,2017-07-05 07:54:14,2017-07-05 17:38:29,2017-07-06 11:55:27,2017-07-12 17:53:56,2017-07-27 00:00:00
0c4fc2ece57a1567b1839585c797cef6,15977e636711360e5488ea48f43fc988,delivered,2017-07-26 11:09:48,2017-07-26 11:23:51,2017-08-02 11:55:51,2017-08-08 10:27:49,2017-08-22 00:00:00
b7bd14c5af1532736b0e1e432e73d69e,d09bd8c3b1ea6b09cc64fdc8aaaaccce,delivered,2017-07-27 13:18:27,2017-07-27 13:42:59,2017-08-02 22:32:28,2017-08-08 18:32:17,2017-08-18 00:00:00
752265739a6d8d671585c7b9c924b9d9,aca322808adbbbd50666453fe255a427,delivered,2018-08-07 13:24:33,2018-08-09 03:35:08,2018-08-09 14:52:00,2018-08-15 13:51:47,2018-08-23 00:00:00
1ad4a4025f564f7589eb7d378060a63c,771deb3ebacbeeb186fb88395b6a26f0,delivered,2018-03-23 15:56:13,2018-03-23 16:08:48,2018-03-27 01:11:45,2018-04-05 16:09:42,2018-04-23 00:00:00
2927bfd9342aab183f5fe48c4a8a397d,9ed93ef87e36da017477c052dad73c59,delivered,2018-06-24 12:56:34,2018-06-24 13:18:43,2018-06-26 11:25:00,2018-07-02 14:05:50,2018-07-20 00:00:00
06837ea96cf92f33a18a1f2c84c540c6,38bac1f6676c1e392e13ccb39448c210,delivered,2017-11-12 13:38:18,2017-11-12 13:50:29,2017-11-16 16:19:56,2017-11-18 14:44:44,2017-12-01 00:00:00
30f54cfb85a2cf596ee5b7a589d3ffa0,e8e7b23c38d42a5fc49b092371bef664,delivered,2017-11-22 10:17:50,2017-11-23 10:13:35,2017-11-24 21:17:03,2017-11-30 14:33:41,2017-12-08 00:00:00
e3acdd7e09cf9634ef55e156730bb843,dc638d0bcd9bd2fefbbcf1ddf40bd8ce,delivered,2018-05-23 10:07:15,2018-05-23 10:36:01,2018-05-24 14:20:00,2018-05-25 19:08:39,2018-06-04 00:00:00
1c5165ba84b0acfeeccb8cdb80fa33d2,8396833b4718789710e84ee8e18e4268,delivered,2017-11-28 19:00:23,2017-11-29 02:17:38,2017-11-29 18:12:04,2017-11-30 22:27:10,2017-12-13 00:00:00
5661334c9510e077f8dabbc4732f75a5,9242a97b0df4424530fff3d3ce4e298e,delivered,2017-06-12 22:25:28,2017-06-13 04:32:55,2017-06-14 06:34:10,2017-06-19 21:55:47,2017-07-03 00:00:00
0e5f77f8bef9424afd3d6e904e873275,a85e4012b0c95176be53ec2d87b133d3,delivered,2018-05-01 21:36:42,2018-05-01 21:51:41,2018-05-03 15:12:00,2018-05-10 14:45:35,2018-05-23 00:00:00
43985ba7877356ca4b8e25b66b760063,45ab675ff3b7cfa6147185a7b2ab432c,delivered,2017-06-01 20:58:30,2017-06-03 14:30:14,2017-06-05 13:21:40,2017-06-07 12:23:42,2017-06-14 00:00:00
b14b52f3d9077665df2361f007c8e6ec,de54e502455523f2aeef8eb08a924eec,delivered,2017-11-24 01:14:00,2017-11-25 04:30:34,2017-11-28 21:48:42,2017-12-01 20:17:08,2017-12-19 00:00:00
1e16f42e33100a56e1408cceb4846f2b,070fcea536fbf0116b36ee9e900f360f,delivered,2018-08-17 00:51:18,2018-08-17 01:09:22,2018-08-17 13:12:00,2018-08-24 18:08:58,2018-09-11 00:00:00
bf60ac45ad533aad56e08608c2fa1f26,d4ebbee7431569112582d78aaaf767e2,delivered,2018-04-16 11:37:53,2018-04-16 11:52:24,2018-04-16 23:37:54,2018-04-20 16:18:43,2018-05-10 00:00:00
c0a1f5741cc59aa9709c497f176d6dc5,c8e2333d8f0ccaef016c6b1a1f28c0f5,delivered,2018-01-15 10:00:33,2018-01-15 10:19:20,2018-01-17 13:43:29,2018-01-24 13:09:19,2018-02-07 00:00:00
10e35bcb8797cb8e4cd3c28e01fca87a,341639b9cffe71e8c4a12cc5276ac193,delivered,2018-02-19 15:37:47,2018-02-19 15:50:34,2018-02-20 21:37:51,2018-03-06 19:08:10,2018-03-14 00:00:00
084aeb6e79318fd38a5129da7db217d2,a9d615d6c2f115660b61898530fe393e,delivered,2018-03-05 12:28:59,2018-03-05 13:31:10,2018-03-07 22:31:58,2018-03-23 03:22:30,2018-04-02 00:00:00
6fe83a0f5551774802340c3114c589c7,b67c24cdfdca9a319e7c9e29e6e97f82,delivered,2018-02-11 16:32:26,2018-02-11 17:07:50,2018-02-15 11:41:28,2018-03-09 17:08:23,2018-03-06 00:00:00
7d440294c1e683b677deeaa736e7231d,23c94608325bb341f9b35b61c93c9db1,delivered,2017-12-15 11:05:25,2017-12-19 09:39:32,2017-12-20 08:55:27,2018-01-13 01:05:36,2018-01-19 00:00:00
2121cb62043eb2269ab8bc218100c2e4,1fc40138df3260f59a3626133e0c57d9,delivered,2017-10-23 22:10:42,2017-10-25 02:08:21,2017-10-26 21:26:53,2017-11-07 18:07:01,2017-11-17 00:00:00
1b9d5d91c2a7afffb51beb03f162c6cd,d74c5384769a3b83cd8ee0eee83f2c5d,delivered,2018-08-10 17:24:52,2018-08-11 17:24:26,2018-08-13 14:55:00,2018-08-18 18:21:58,2018-08-30 00:00:00
212259a50cb61f22d054f17b2ab6fa5e,47dc07304d7117e7a8986ce4381f4f54,delivered,2018-02-26 15:04:29,2018-02-26 15:15:55,2018-02-28 00:04:05,2018-03-01 00:29:27,2018-03-12 00:00:00
9565cc0d085fdd4b53d39d15811ec913,945919cfe317442500d71b4d706f29a6,delivered,2017-09-12 23:15:46,2017-09-12 23:25:15,2017-09-15 19:51:47,2017-09-21 18:46:55,2017-09-29 00:00:00
1a839aaf6aae24eb10a1a4e0bc238de7,ed6cec44e7aa2ff410c1c576f0db1d35,delivered,2017-03-23 15:29:46,2017-03-23 15:43:45,2017-03-27 10:20:05,2017-03-31 20:20:09,2017-04-19 00:00:00
cc9782f02aae34f01d12f3dbee4d5d93,852e5ea6e9d74416ddf88bdbdb3189b9,delivered,2018-05-03 06:11:22,2018-05-03 06:32:14,2018-05-04 12:50:00,2018-05-12 17:58:30,2018-06-04 00:00:00
7ffb2f75de37b73b297a0923735af96a,7dea23626b0245d988821ad2ca9e67b3,delivered,2018-06-24 14:35:16,2018-06-24 14:54:59,2018-06-26 14:16:00,2018-06-27 19:18:37,2018-07-05 00:00:00
edc9338008f2e9017f842a8bcad3af94,cf4dc8d4be7642c7c05a73188a3d8c1c,delivered,2017-04-28 16:55:22,2017-04-28 17:10:12,2017-05-12 10:54:53,2017-05-16 16:04:47,2017-06-01 00:00:00
c37db340dcc0235b5e71ab73787846a2,78835fb843c5c1e2cb0ec92ae4ecd8b5,processing,2017-09-01 17:22:43,2017-09-02 14:55:16,,,2017-09-22 00:00:00
1996c282f4c9a331bf94a8fb2e080120,92c6e38e7cee0e9c7f386bff3d752256,delivered,2017-03-10 09:56:17,2017-03-10 09:56:17,2017-03-18 03:45:49,2017-03-21 09:06:25,2017-03-31 00:00:00
394961b2b483cbcfbe249c1634babac5,67f9356eeee9f299243a452183ab57a6,delivered,2018-02-15 18:49:19,2018-02-15 19:06:19,2018-02-21 18:28:52,2018-03-01 22:28:59,2018-03-12 00:00:00
5a2ea3fb1f6f20d1e8c5f2222cb383ae,afa1967d760c4b6249baf048e3874532,delivered,2017-12-21 22:44:44,2017-12-21 22:53:21,2017-12-22 18:12:32,2018-01-16 16:03:15,2018-01-24 00:00:00
356447440f7c0f7fc6bd04c27ed18216,bddc691790dafcfa373909e3571cf284,delivered,2018-01-26 16:33:49,2018-01-26 17:31:59,2018-01-29 23:09:20,2018-02-07 15:52:49,2018-02-19 00:00:00
6459b5f821625917c621e74c69b48cda,fd8630477788509b1d3ac9100f15869a,delivered,2017-07-22 14:11:29,2017-07-25 16:25:15,2017-07-27 13:22:14,2017-07-31 14:21:36,2017-08-15 00:00:00
a74869096437cef33d04006e8480e0db,0ccd415657ae8a6cd1c71b00155a019e,delivered,2017-10-09 21:01:08,2017-10-09 21:14:37,2017-10-11 17:17:46,2017-10-14 12:03:34,2017-10-20 00:00:00
bc1bec23829671b94e88b1de215f4ad6,786278a09edddd49a7a93ed34dd273ce,delivered,2017-10-17 19:16:45,2017-10-17 19:35:54,2017-10-19 18:59:02,2017-11-07 15:59:08,2017-11-13 00:00:00
462f9cc53b515876d85050cb79dabf3c,ddf9cbcdfa4054c3626c0c7569a08272,delivered,2018-02-16 09:48:11,2018-02-16 10:27:24,2018-02-16 19:45:05,2018-02-20 13:04:26,2018-03-09 00:00:00
2b1db95ad7cf165f885e51c1abfed43c,3e48a3c7ecb695b26dda4f5f51be93cb,delivered,2018-07-25 23:27:08,2018-07-27 02:10:17,2018-07-27 12:30:00,2018-08-01 16:09:30,2018-08-10 00:00:00
c523f76b5fb8a02c2022378c58a597e2,1f467ec3d8100abe08e779cb09cbb61f,delivered,2017-02-08 16:41:29,2017-02-09 16:50:11,2017-02-10 10:47:51,2017-02-17 12:56:01,2017-03-13 00:00:00
aefe90553e50779cfa353170674e9d0f,9703b7581528b85f8a8ab7bff039eea0,delivered,2018-01-24 10:49:57,2018-01-24 10:59:31,2018-01-29 18:32:36,2018-03-27 00:12:37,2018-02-22 00:00:00
56d01e37808556640e75a40c8202b0a8,28375bf9e4afd28f4c1afc36a544877f,delivered,2018-05-06 15:46:46,2018-05-06 16:13:50,2018-05-07 14:08:00,2018-05-14 18:22:10,2018-05-30 00:00:00
81279a15416799e6580df60f66760a7b,344e198d67bfd80dc6c1eee85b59af74,delivered,2018-05-18 17:40:57,2018-05-21 08:17:37,2018-05-21 16:07:00,2018-06-18 19:24:51,2018-06-06 00:00:00
5506aa9cafae9629ef0a21b3ad199219,d18a532953fbe5fc32410c6637e07e80,delivered,2017-12-02 11:20:41,2017-12-05 10:30:54,2017-12-04 20:58:59,2018-01-04 23:13:47,2018-01-02 00:00:00
e8da5d1a44b7c8200c2cadf40f0c9086,8dec2656c5c6488f6b882468efa6b90e,delivered,2017-12-26 09:40:38,2017-12-26 09:49:31,2017-12-26 18:48:03,2017-12-29 11:36:13,2018-01-16 00:00:00
b802a721cba4cdeb7d3b390b4f24495f,83f4216232e089eb36f1ede07df6bb24,delivered,2017-11-24 19:28:22,2017-11-28 03:19:22,2017-12-01 18:06:03,2017-12-11 19:48:39,2017-12-26 00:00:00
1de33461bc6e182e79926e72add7c009,5b533feffa09f8c775d66d19cd20538b,delivered,2018-01-31 12:13:17,2018-01-31 14:13:08,2018-02-02 16:54:30,2018-02-06 13:57:30,2018-02-23 00:00:00
71ced5bdf3c2ecf50e3ce47c91ac64b1,6bddacf78aac366ac0a67de6303d9db5,delivered,2018-03-06 22:52:07,2018-03-06 23:09:21,2018-03-07 20:25:53,2018-03-19 22:08:24,2018-03-26 00:00:00
206e1fade437516f330a8f63e3816076,d89097ac519be9716e4b08482653d387,delivered,2018-04-24 12:19:18,2018-04-24 19:17:58,2018-04-26 14:45:00,2018-05-09 23:26:33,2018-05-11 00:00:00
a28b2354a61dbafb15e76454d557d543,e0e4c9c1f34ee973ec5d9b32ffdb7296,delivered,2017-11-19 20:37:11,2017-11-19 20:46:41,2017-11-22 18:25:40,2017-11-30 12:02:44,2017-12-08 00:00:00
9c7f5f2dbba113d7f850c122bf2dec03,2e07ff10864815e97a1fdd6e2804733e,delivered,2018-03-18 12:30:47,2018-03-18 12:47:37,2018-03-22 16:32:34,2018-04-10 21:46:29,2018-04-12 00:00:00
ae59c14f258eb3a13024c976485ca68f,64b0b9a57a9bc4b626674c1ce94bc711,delivered,2018-02-16 02:27:04,2018-02-16 04:00:28,2018-02-16 21:06:50,2018-02-22 00:26:54,2018-03-02 00:00:00
bd096484b0f1df4cef2c0c39bbb512da,1cf2beb1cf619aefa7b8eadcad164658,delivered,2018-04-21 15:02:34,2018-04-24 18:56:58,2018-04-25 00:42:48,2018-04-27 00:28:53,2018-05-16 00:00:00
cd8f2120c33a529b80500e09d7ac22c9,6cbe1ff80b5214661ddeacf43be6f574,delivered,2018-03-06 13:56:19,2018-03-06 14:10:55,2018-03-07 20:43:21,2018-04-02 23:26:34,2018-04-05 00:00:00
5553543e89ef381e4ff08f6b91b94690,0ac53fe825d1296be3e877493b0ccf4c,delivered,2017-10-12 11:06:28,2017-10-14 18:34:51,2017-10-16 22:07:35,2017-10-30 17:48:36,2017-11-01 00:00:00
fb2f83ce2b29efdf3d632f80368b1f34,e9bf88abc30f70736f8bb18964c014bd,delivered,2018-08-18 13:58:09,2018-08-18 14:10:11,2018-08-20 12:20:00,2018-08-27 17:16:30,2018-08-31 00:00:00
4c53ceb2badd32891af2fc767fcea1b1,8dcedd46d066422dab5f38033456618f,delivered,2018-06-01 13:42:23,2018-06-01 13:55:15,2018-06-04 15:16:00,2018-06-18 18:18:55,2018-07-04 00:00:00
f7f84dc96924f895eeee8f89515012c3,b1df9917cf97e94889c9d6ab92062c9e,delivered,2017-09-05 17:46:18,2017-09-07 02:51:10,2017-09-11 14:58:06,2017-09-25 19:45:45,2017-09-26 00:00:00
58b178ec22e2b12ab0757e446b2ec4fd,3d5e96edb61b43fa3ffe0d7af362b43b,delivered,2018-03-19 07:49:47,2018-03-20 07:08:04,2018-03-20 18:48:36,2018-03-26 17:28:33,2018-04-05 00:00:00
c07546f624fbc5344647263c545f8af8,d44ad6fc7955a99e2d1078cc5d994010,delivered,2017-03-09 17:57:56,2017-03-09 17:57:56,2017-03-15 09:49:46,2017-03-20 12:57:57,2017-03-28 00:00:00
cf020d5028c46dbd39ec2f9345777cfd,b272f7bc16e183c748dccf90c09cd25b,delivered,2018-07-25 09:17:15,2018-07-25 09:30:17,2018-07-25 15:31:00,2018-08-02 22:51:30,2018-08-20 00:00:00
e21965e5414f7e165a71649e68030100,e829a679d7e15bafba4c7405740eee23,delivered,2017-03-18 21:58:38,2017-03-18 21:58:38,2017-03-23 10:57:39,2017-04-11 08:55:38,2017-04-26 00:00:00
658677c97b385a9be170737859d3511b,de6dff97e5f1ba84a3cd9a3bc97df5f6,delivered,2017-04-09 17:41:13,2017-04-09 17:55:19,2017-04-10 14:24:47,2017-04-20 09:08:35,2017-05-10 00:00:00
8566f753d23664b0c4e44544fab50d6f,dd2c12cc177b631cc2bcf253227b8a8c,delivered,2017-11-24 22:29:37,2017-11-25 01:52:03,2017-11-27 20:11:35,2017-12-14 15:35:21,2017-12-22 00:00:00
a382cb8f8029155c37cb65eed956b494,f5b43fb071bf02064396958f57e6fd87,delivered,2018-08-21 17:09:16,2018-08-21 17:15:22,2018-08-22 12:25:00,2018-08-30 14:54:48,2018-09-05 00:00:00
845a41eded3c6992c0d8ac505c7475fb,fc8674235ee34d527d839a90f1d5da4f,delivered,2018-02-15 15:07:05,2018-02-15 15:15:34,2018-02-16 19:36:50,2018-02-19 21:22:40,2018-03-02 00:00:00
6f893071ef9c8c6854e6e83921d2135e,c79c3e6b34a5e7179d3a6ea63ca48ef3,delivered,2018-01-24 20:07:24,2018-01-24 20:14:22,2018-01-30 18:46:00,2018-02-08 18:43:30,2018-03-01 00:00:00
fea2633d3d1605bfdccc813bcf843ac8,4818f4fe96d4948850d3b4673feb1da8,delivered,2018-04-19 18:41:17,2018-04-19 18:51:54,2018-04-20 23:30:56,2018-04-24 22:14:36,2018-05-04 00:00:00
ded176f58e62a0b64346e4aed245ccd1,d12dabdce587c93902dacb61c8c6f6b4,delivered,2018-08-09 15:47:44,2018-08-09 17:25:14,2018-08-10 15:03:00,2018-08-15 15:24:42,2018-08-21 00:00:00
5dee45d2d0261427291ef70ee3f432bd,4b3fce1b287ff49a122c189a646b9a81,delivered,2017-09-12 13:54:47,2017-09-12 14:06:06,2017-09-12 19:25:24,2017-09-13 17:02:44,2017-09-22 00:00:00
5cdb96999ef502f8ca33096a4568be30,8701c8ae9481d3f02596c8a013973207,delivered,2018-05-08 19:59:55,2018-05-08 20:54:50,2018-05-09 16:36:00,2018-05-10 17:45:48,2018-05-21 00:00:00
90ff5f0766504f304ace97af9b321c78,8b0cf1c8e74edd9dccb69ccbf4e87e07,delivered,2018-07-05 17:46:19,2018-07-05 18:10:50,2018-07-06 11:08:00,2018-07-11 18:52:37,2018-07-30 00:00:00
899b8d92e1bdaece69745ffcc3c47d08,1aa414b77e655c44696ea1d3e61d7ec7,invoiced,2018-05-12 18:49:56,2018-05-12 19:16:36,,,2018-06-01 00:00:00
e957102ad04e2dcef0f01bbf5a01f09f,22d706fc2d2f4c596540cbfb9d0ce330,delivered,2017-11-09 12:23:23,2017-11-11 02:56:04,2017-11-14 19:28:45,2017-11-21 23:52:41,2017-12-04 00:00:00
2c2f2d6f669b78caed39af3e63a5439e,1253f6491a96e21d052d952437c7ebe7,delivered,2017-11-24 12:18:52,2017-11-24 14:31:11,2017-11-27 21:12:59,2017-11-29 22:03:23,2017-12-11 00:00:00
345f6867e8f97e11fb9f1ac091b18df9,5c709e33ab03b8d9c3cd73f227323e29,delivered,2018-06-04 15:08:42,2018-06-04 15:31:41,2018-06-05 13:24:00,2018-06-18 15:46:22,2018-07-27 00:00:00
6b226bd02458eb747892387b298fec08,bd3ac4136016b9dec404070b49bf8663,delivered,2018-04-02 23:05:28,2018-04-02 23:15:15,2018-04-03 18:48:20,2018-04-04 20:21:59,2018-04-12 00:00:00
3ff3c14b693208d95c7a79ad6fe5c117,ed3456724c3939113ed2747629e87ad6,delivered,2018-07-03 20:54:31,2018-07-05 16:12:54,2018-07-04 14:30:00,2018-07-13 19:03:28,2018-07-27 00:00:00
4a884f5dad6f1f7948b09930904b6f19,86dd58b3189747a15712e95a52fb7946,delivered,2017-03-04 08:25:56,2017-03-05 08:30:08,2017-03-07 08:44:15,2017-03-10 16:23:51,2017-03-27 00:00:00
3cccbe8b35dc583d2b80fc60c72f2b0f,07708f394b91fad55c81c6b38fe71ce1,delivered,2017-03-13 14:00:38,2017-03-13 14:00:38,2017-03-16 14:32:39,2017-03-27 17:57:55,2017-04-10 00:00:00
e6773c853a5c599fd82b2289c538a1a5,862a7e1611041104fe62a9300fd5a1c2,delivered,2017-07-14 22:05:49,2017-07-14 22:15:20,2017-07-18 18:36:06,2017-07-29 15:39:24,2017-08-07 00:00:00
fe579bd413f722e51bc98182441e135c,fc60ab8252b98a6e60c51672d7853c7e,delivered,2017-05-10 17:04:35,2017-05-11 17:10:13,2017-05-12 10:33:26,2017-05-22 14:18:36,2017-06-01 00:00:00
34fc6460f955b60d754d90d050024352,138d31641096ca5499c35933c2d6c43e,delivered,2018-06-08 17:39:22,2018-06-08 20:32:01,2018-06-12 06:47:00,2018-06-13 21:08:29,2018-06-19 00:00:00
9e52d9230d988c8181ad2875607939b5,fe6ec736bd1defa29719325e666a12ae,delivered,2017-05-31 12:51:54,2017-05-31 13:10:59,2017-06-01 15:53:15,2017-06-07 14:48:36,2017-06-23 00:00:00
b4b09e80aa61b96ac46029edf7e8637b,5848e41cbc9edbb4ef29945fcab593c1,delivered,2017-09-28 15:57:39,2017-09-28 16:14:11,2017-09-29 18:31:42,2017-10-04 23:17:41,2017-10-24 00:00:00
b4aba2416f85cebf2771f08bf6b50998,a40ff2b64b60d5862e132e9bcd1a71f0,delivered,2017-10-24 19:28:25,2017-10-24 19:49:21,2017-10-25 20:27:58,2017-10-30 20:34:08,2017-11-13 00:00:00
99e4a1f9377bf28f08f54a2eecccbf0d,e7aa4699c1185ffeb66ec319049b09e1,delivered,2018-01-16 08:50:08,2018-01-16 09:09:46,2018-01-16 22:21:29,2018-02-01 20:42:07,2018-02-16 00:00:00
6b512d6dbced14a60725ffbc129d4e29,fe0e3d728d08698de1044e7e4d5d35c9,delivered,2017-10-19 15:05:10,2017-10-19 15:35:28,2017-10-20 18:09:20,2017-10-31 19:54:55,2017-11-16 00:00:00
115b0af09e238258e470c0ca6350fb3b,1289201b73b7e479785043d9b402febf,delivered,2017-08-05 21:44:48,2017-08-06 21:55:23,2017-08-07 21:38:43,2017-08-22 19:56:48,2017-09-13 00:00:00
32609bbb3dd69b3c066a6860554a77bf,e4abb5057ec8cfda9759c0dc415a8188,invoiced,2017-11-18 17:27:14,2017-11-18 17:46:05,,,2017-12-05 00:00:00
12d46788e71b703634c01cdcd4946e7a,44e17592d71531e574a502e8329fc867,delivered,2017-12-26 17:19:19,2017-12-27 04:12:32,2017-12-28 11:45:47,2018-01-09 19:18:39,2018-01-22 00:00:00
2d0c276009e7c4b59939c3289b5b055c,7c0900292bf1574159e9d7f04ff3aa19,delivered,2018-05-12 17:16:37,2018-05-12 17:30:16,2018-05-14 13:57:00,2018-05-17 16:55:45,2018-06-06 00:00:00
dab1ca9258b3956eb75959877c94c11a,6192ba92eb5a2ad69bb1b4d8eeb045e2,delivered,2017-12-09 20:40:33,2017-12-12 03:59:39,2017-12-12 20:13:11,2018-01-04 16:23:10,2018-01-15 00:00:00
519e95ec3690f5210a76432619778e31,7fba84f2b4ba62e3ba53b7af60618507,delivered,2017-11-09 19:59:01,2017-11-11 02:55:42,2017-11-13 14:57:37,2017-11-23 20:09:26,2017-12-04 00:00:00
c66488780f43562cfae644d046d1864b,21a2204a699b3d942101979dfcde14fd,delivered,2018-01-25 12:57:51,2018-01-26 03:16:45,2018-01-30 23:41:40,2018-02-03 14:38:30,2018-02-09 00:00:00
c7a69e528db122e94405b79ddc5ad934,1323b64fe97b459e7533dcfe0f624a5a,delivered,2017-11-14 08:56:10,2017-11-14 09:07:06,2017-11-16 18:04:56,2017-11-27 20:48:45,2017-12-13 00:00:00
a64faadf772cdd7147ed00192cbf4ff2,95038e16c02c41f088a6c8097154aa28,delivered,2018-07-03 10:59:10,2018-07-05 16:32:09,2018-07-04 15:11:00,2018-07-09 22:41:54,2018-08-07 00:00:00
8a28dccdc145b6bf1826f46b5e1add96,f6b54c2de1f25f54a7515be240af9300,delivered,2018-04-10 13:56:42,2018-04-11 08:55:40,2018-04-11 21:57:35,2018-04-13 14:18:25,2018-04-26 00:00:00
cf9b4bc8a0831980b324e030bf8cf1f3,91f82b10ee276b5877b6bed27525b58d,delivered,2018-07-13 21:06:25,2018-07-13 21:24:08,2018-07-17 15:18:00,2018-07-24 00:31:20,2018-08-08 00:00:00
6e0a47b1af62bf9751afb7756ae1b82a,6113c09ecad35510dfe95b16699bbf74,delivered,2018-07-26 09:48:28,2018-07-26 10:05:07,2018-07-26 14:44:00,2018-07-30 21:07:29,2018-08-14 00:00:00
ba87f0ac948c4b79c4c6faf863b153f0,bb64979ec39706aac2d6bfe15948a5c0,delivered,2018-02-03 18:28:57,2018-02-04 00:09:49,2018-02-06 15:47:07,2018-02-14 19:38:49,2018-03-01 00:00:00
bebb91d877e74fcb3c9b0cf03d7f6e4e,85a686a0ab11d3e40ea19dbe75a457fb,delivered,2017-08-03 15:28:47,2017-08-04 02:15:13,2017-08-07 19:19:57,2017-08-14 14:28:00,2017-08-28 00:00:00
f2f276797fe0c5bb220e8fceefd0220b,c27703a50050afbb4661ad22ea030c7c,delivered,2017-05-25 10:07:59,2017-05-25 10:22:56,2017-05-25 13:12:05,2017-05-31 14:25:53,2017-06-19 00:00:00
d11c6e3675c8fa2f8cd707a48969429a,4a84ad2704fc9497804fdf6f5b2af2d5,delivered,2017-11-16 12:57:31,2017-11-16 13:16:01,2017-11-17 20:48:46,2017-11-28 23:09:04,2017-12-08 00:00:00
e768f86beb709ac3477b8c5ef5d265e0,51842d4fb07510f2d2bb87893bb5bf00,delivered,2017-05-08 09:29:05,2017-05-10 02:45:50,2017-05-12 13:58:50,2017-05-22 15:52:28,2017-05-29 00:00:00
6abf7916fb34cdc928f44ed39e67fdab,7613a02ab23473cb787132172dab0eb9,delivered,2017-11-28 12:02:48,2017-11-30 02:26:08,2017-11-30 23:19:54,2017-12-13 18:35:40,2017-12-22 00:00:00
3e8258e4c2c32ceee7edf19e88a5e013,ebb15bf94574259578127a42a50930b6,delivered,2018-01-13 10:06:03,2018-01-16 03:40:15,2018-01-17 14:55:03,2018-02-06 21:22:39,2018-02-16 00:00:00
b70947b76f548d986539b3a43ae9674b,df58107a61521cc039f564421299845d,delivered,2018-04-27 13:51:05,2018-04-27 14:09:08,2018-05-02 09:23:00,2018-05-08 12:08:47,2018-05-22 00:00:00
dde867f83e689b0167785b684ab311cd,8f29ceb9da71dd3cfe7055c0c1fb7e7d,delivered,2017-10-16 14:29:26,2017-10-16 14:50:12,2017-10-18 19:57:43,2017-10-25 09:42:40,2017-11-01 00:00:00
a5ee139d1586d2d22c21ce7048e1d36d,7501487f2c74cc52064641b5793bbf4e,delivered,2018-08-27 15:15:03,2018-08-27 15:30:24,2018-08-28 18:04:00,2018-08-29 16:28:39,2018-08-31 00:00:00
18bcbca4b2c948e7653345492627a1cc,372067e51008ef283bfd879a312c473d,delivered,2018-07-30 19:06:05,2018-07-30 20:00:21,2018-07-31 15:50:00,2018-08-04 11:36:39,2018-08-13 00:00:00
3d1a2a1af49e4de479ee90a75f5aef6e,7c3845c3247034b68ef859c912cec03e,delivered,2017-12-11 16:57:09,2017-12-11 17:11:01,2017-12-12 23:36:41,2017-12-22 20:54:07,2018-01-04 00:00:00
59dccb56096ce22662c9a3f2f2312f39,4f478a1b6fdf3b0ea05cba4ca2aa473b,delivered,2018-01-23 15:02:57,2018-01-25 02:57:54,2018-01-25 23:58:27,2018-02-03 00:16:10,2018-02-15 00:00:00
782a9da702917cb4033b7a78c342fa71,13be50e63ff16eabbc9e1aacf34e3a98,delivered,2017-07-28 13:02:31,2017-07-28 13:15:14,2017-07-31 23:27:29,2017-08-03 21:07:34,2017-08-23 00:00:00
9f4ce573c6972d238421b71f926abfa1,bc9df2892ccce8d1e8558c3e8013962c,delivered,2017-12-04 21:56:53,2017-12-05 10:30:54,2017-12-07 22:58:32,2017-12-20 23:18:50,2018-01-08 00:00:00
31c5b1c46eed53925a1f2feb3493ba31,3a3a436acc53f2d7e4a55d1aa078926e,delivered,2017-09-18 17:03:31,2017-09-18 17:15:19,2017-09-19 21:23:20,2017-10-01 16:19:34,2017-10-06 00:00:00
e3e54348392f8105ec69356675788604,23e316f7e8bb8cfede1c8bc743b5d949,delivered,2018-04-23 22:17:39,2018-04-24 18:58:30,2018-04-24 18:19:24,2018-05-01 13:38:51,2018-05-21 00:00:00
7e2f198c10c1ac5ad206ebcdb1f18861,39819e3fdcb2e08c22f19310ea98a136,delivered,2018-08-03 06:24:54,2018-08-04 04:15:34,2018-08-06 10:22:00,2018-08-11 17:18:26,2018-08-10 00:00:00
38a2b9fba0dbb602df8140da3d6287b1,134cde7c910ca0558fa3da0b03c15ac8,delivered,2018-05-24 19:20:21,2018-05-26 02:32:07,2018-05-29 14:47:00,2018-06-01 19:28:46,2018-06-12 00:00:00
d0b07b0423d899124cb9f7f797cffd9f,8d31d7e41fc13f0a9af55c6547c96738,delivered,2018-01-18 12:24:35,2018-01-20 09:09:32,2018-01-22 21:27:03,2018-02-06 15:48:44,2018-02-20 00:00:00
7e582bf07e775814ee561ea660528808,c5208f60e08f7bfe285a7d7f9b179c0a,delivered,2018-04-12 15:09:11,2018-04-13 13:14:19,2018-04-17 21:22:36,2018-04-27 23:48:57,2018-05-08 00:00:00
0ace216597fa0efc8a42140d99fda065,de144da6b5ee52c7c5b295596a5e8a15,delivered,2017-09-11 16:36:31,2017-09-11 16:50:27,2017-09-14 20:57:26,2017-09-25 18:12:25,2017-10-13 00:00:00
22771f93db288e22caf88967606b3e43,ed1083946003bae3e6a6c80f0df6a647,delivered,2018-07-29 08:04:43,2018-07-29 08:15:09,2018-07-31 14:06:00,2018-08-03 16:21:40,2018-08-16 00:00:00
1beff5a1483dd3918e704891418a9f05,cee11660eb771d4df1804dbfe426dbfe,delivered,2018-03-12 22:48:43,2018-03-12 23:08:18,2018-03-13 19:34:34,2018-04-04 21:08:45,2018-04-03 00:00:00
10c651c81fd0bec26524dab0e94090a5,3ea9d5100acf2b7ffe45e68b545c36e6,delivered,2017-05-25 00:47:57,2017-05-25 01:25:25,2017-05-25 11:53:46,2017-06-01 14:43:52,2017-06-21 00:00:00
6c75d5191caa57ce66aee84045b1d143,ac253a92ef58b7bcc1c1e775e6f79565,delivered,2017-11-11 20:03:21,2017-11-11 20:15:53,2017-11-23 15:28:47,2017-12-01 13:42:24,2017-12-01 00:00:00
a4d54099b02f1e3e36119e0417225d23,0682e8c92aae975e978f4b439046590f,delivered,2018-01-15 16:47:06,2018-01-15 16:58:24,2018-01-17 11:39:07,2018-01-26 22:05:47,2018-02-09 00:00:00
ce6a7d780bce629dad2401e73a14e589,678e74c9b366ce75f5c373f8c1562fe8,delivered,2018-01-29 17:53:49,2018-01-29 18:12:50,2018-01-30 19:18:31,2018-02-08 19:27:49,2018-02-26 00:00:00
497f5eac35f2a5804033ed08649cc8e3,840cd954602dd3e63769e976e9bfaf4a,delivered,2017-09-06 21:52:21,2017-09-09 05:15:22,2017-09-12 13:07:47,2017-09-18 19:10:23,2017-09-27 00:00:00
c6a109284eaa03ecababdea492aa981b,8865d48e8c0839b545fe4be694e79943,delivered,2017-11-20 11:27:52,2017-11-21 12:31:32,2017-11-24 22:11:36,2017-11-30 22:06:52,2017-12-07 00:00:00
a146cb08a9ef742c36b2e4052d3a24b2,c1b9ff12f13a4f0d2c4c36b7089eaa93,delivered,2018-06-12 17:50:35,2018-06-12 18:28:21,2018-06-28 14:01:00,2018-07-03 12:18:51,2018-07-19 00:00:00
a1616f9567a92892f6b048d6a64e85fe,71b4c63da8e1933acf3334fa23254944,delivered,2017-10-22 12:19:55,2017-10-22 12:35:19,2017-10-24 21:08:56,2017-10-30 17:36:43,2017-11-14 00:00:00
94c753ff371f05e68a157809f9cda46d,1859ce3050c0ead77fca48bdfaea5b4f,delivered,2017-11-03 00:15:22,2017-11-07 07:30:45,2017-11-08 21:27:04,2017-11-23 18:22:18,2017-11-29 00:00:00
21a724726546c32790ded320f982a506,520a639ebde74dba27ff8cd45874d67a,delivered,2017-11-24 23:17:34,2017-11-25 02:15:11,2017-11-27 20:16:44,2017-11-29 21:51:21,2017-12-19 00:00:00
b562335292868936c122b33bf8485b13,92cefd7ba82a01c6d48661c32586f454,delivered,2018-07-23 17:14:18,2018-07-24 17:10:17,2018-07-25 15:09:00,2018-07-30 13:12:23,2018-08-06 00:00:00
f1b7c83171b22e2babd61eb8501d58d5,aa1a31f8a0300300ec81904ca291c40f,delivered,2018-02-24 15:34:01,2018-02-24 15:50:23,2018-02-26 22:08:39,2018-02-28 13:50:03,2018-03-15 00:00:00
33339858fe1a83360ede2fdfac766e3b,522cc80dea5b91565a9f32781283e97e,delivered,2017-09-25 12:40:20,2017-09-25 12:50:13,2017-09-27 15:06:16,2017-10-11 19:13:24,2017-10-17 00:00:00
23e0d3cb5d2016d74c1d38af47f89fc5,73f2d4ed0762ef9233b1f625bf39d70b,delivered,2017-09-05 07:48:46,2017-09-05 08:03:49,2017-09-05 18:44:00,2017-09-12 21:11:39,2017-10-03 00:00:00
ec4cf26370344d49bf890b38d09cdac4,bd907dcdcc27fd12cf1d08bbf0e5dee6,delivered,2018-01-11 23:47:44,2018-01-11 23:58:27,2018-01-13 02:18:49,2018-01-23 19:28:49,2018-02-07 00:00:00
5f46b2bed09a721e0a7196524881ad5f,8a71989a36af953b1f3917ae919c4f3c,delivered,2018-03-07 12:07:10,2018-03-08 16:56:17,2018-03-09 19:12:10,2018-03-20 12:15:58,2018-03-27 00:00:00
fd146e195b9e3e00d02a5bf4208e043a,064df8d7cfbb640ce62f296cd3f76c35,delivered,2018-05-29 13:53:51,2018-05-30 13:50:36,2018-05-30 14:45:00,2018-06-10 13:06:42,2018-06-21 00:00:00
20dfda225b7d53569028f68044478eb0,59547f435401505e7094df807237212c,delivered,2018-05-15 20:24:25,2018-05-16 02:54:08,2018-05-16 13:38:00,2018-06-04 15:48:27,2018-06-05 00:00:00
334fcd4953d5e5b64f124a0ba7ecb317,6f279800252d785cb11706fcc0384259,delivered,2017-11-25 16:36:13,2017-11-28 03:32:35,2017-12-01 21:59:37,2017-12-29 20:07:11,2017-12-18 00:00:00
c3209eebfba86d30279573e94ae46a2b,4ab9f81601aed5ce7c8003eb315f6b9b,delivered,2018-08-12 22:43:14,2018-08-14 04:45:23,2018-08-14 15:03:00,2018-08-15 19:58:25,2018-08-16 00:00:00
37b2da18eede8674ecc05302ebb6e32b,d906dd7f11e40617aba6e03961da0f05,delivered,2018-02-26 18:30:59,2018-02-28 09:56:32,2018-02-28 22:33:42,2018-03-20 16:38:32,2018-03-20 00:00:00
ee3cbcc20d5984bc1074efa744139f47,ac21bf9bfae1fe0cd4577cfab4dd8f3f,delivered,2017-12-05 23:32:19,2017-12-05 23:56:51,2017-12-07 23:22:26,2017-12-27 01:35:31,2017-12-28 00:00:00
a43f06aa18fbe7db935630bd59aa0cdb,97b2b6460d59f786baf7f4b2b3ba64d6,delivered,2017-09-15 14:57:47,2017-09-15 15:10:11,2017-09-18 19:52:31,2017-09-29 22:19:44,2017-10-10 00:00:00
de5552f927693bffe3b9ffc69e75000b,2be7ec9032226da54ff6d1970703dc56,delivered,2017-03-10 17:26:10,2017-03-10 17:26:10,2017-03-11 10:54:57,2017-03-18 06:11:18,2017-04-04 00:00:00
acf83f0e8fb878cb25197344426ed10b,46fc16f07712c5cdcdd55911a3297e16,delivered,2016-10-05 09:46:43,2016-10-07 02:49:21,2016-10-11 02:49:22,2016-10-14 02:49:22,2016-12-09 00:00:00
5d803a49d1f3d5b4ec4be2424a3af2a0,7a4c94706d298eaa66cae2aff0cf11c9,delivered,2018-06-09 18:19:20,2018-06-09 18:30:42,2018-06-11 14:21:00,2018-06-16 00:28:37,2018-07-17 00:00:00
18b9fb35499462319a6ca38275f72810,f60f92f99f0e3a36785244a2dd2836d9,delivered,2018-02-05 12:56:57,2018-02-05 13:15:29,2018-02-06 22:32:05,2018-02-10 15:06:02,2018-03-01 00:00:00
6a1594b5f5cfc5bac6dcdc3f48f22b5e,397cbe809e45d41179dcdd64966e4747,delivered,2018-03-06 18:14:49,2018-03-06 18:30:16,2018-03-07 22:38:47,2018-03-14 14:38:53,2018-04-12 00:00:00
cce72bec497212f4c37a044860358035,05468ef54e8b2f92bd33ae272753e35d,delivered,2017-06-28 16:31:00,2017-06-28 16:44:06,2017-06-30 15:42:10,2017-07-07 18:22:35,2017-07-26 00:00:00
4e41d776fc4ffdec6708862a05a1ea30,3acf76fd65fe79bda708e80f2b7f9b6e,delivered,2018-07-05 23:17:03,2018-07-05 23:31:05,2018-07-06 10:57:00,2018-07-11 22:09:48,2018-08-10 00:00:00
c49661b8b4d13d77de66b23c6da12b38,ecf9b95706f52137b21ff19943699b58,delivered,2017-11-29 09:48:12,2017-11-29 09:55:28,2017-11-29 19:02:37,2017-12-07 16:54:56,2017-12-20 00:00:00
9bdc4d4c71aa1de4606060929dee888c,a7693fba2ff9583c78751f2b66ecab9d,delivered,2018-02-21 11:45:07,2018-02-22 11:48:42,2018-02-27 18:27:01,2018-03-01 20:47:01,2018-03-07 00:00:00
464bdc55a2b4838f5d83f20f181ff858,5cf52053b84dff5c7d81a202d3a84dcf,delivered,2018-03-30 22:44:48,2018-03-30 22:55:13,2018-04-02 18:28:42,2018-04-18 20:21:04,2018-04-30 00:00:00
04955e4e1efe5837c88f3d4311a94fe7,48cbc3228c6228bfb40f643681df20c6,delivered,2018-06-11 14:58:07,2018-06-13 02:36:43,2018-06-13 15:28:00,2018-06-22 13:30:51,2018-07-05 00:00:00
80e3ea9d65b89f8cbaa3d1f08f5dbd17,f47a3e021a077696be3337820048edf2,delivered,2018-06-06 20:40:15,2018-06-06 20:52:26,2018-06-13 15:11:00,2018-06-19 21:50:42,2018-07-26 00:00:00
95160939719ddfef2f951cc36e468567,d6da9177e020c24c7aa0eea0c9a1761e,delivered,2018-08-06 11:01:30,2018-08-06 11:10:20,2018-08-07 14:00:00,2018-08-09 23:50:31,2018-08-10 00:00:00
8803010b50c509475d4e35905172b800,24f5c81f1320573d31fdac7b20802d3b,delivered,2017-11-21 10:27:38,2017-11-22 15:49:51,2017-11-23 16:34:39,2017-12-16 20:35:05,2017-12-14 00:00:00
f447e1403eb2f19d5070c56de603260e,89cdc0718a1dcfac079de92c3df1a848,delivered,2018-01-05 11:13:36,2018-01-08 07:37:22,2018-01-08 16:08:24,2018-01-15 20:26:45,2018-02-02 00:00:00
7433cbcc783205509d66a5260da5b574,4b7139f34592b3a31687243a302fa75b,delivered,2018-01-08 11:22:34,2018-01-08 11:35:27,2018-01-11 01:00:40,2018-01-13 14:51:55,2018-02-05 00:00:00
4b2113709e5d5f3760113b4a980cc88d,e34aebde692d331d54140c5dea6689d6,delivered,2018-08-07 13:34:42,2018-08-07 13:50:10,2018-08-08 12:58:00,2018-08-14 18:21:43,2018-08-27 00:00:00
94c6db2dce626f40e64942d830d8f086,c60ebbc61c0e20d5df4a49b5034a8a71,delivered,2018-01-16 21:17:55,2018-01-17 21:11:28,2018-01-19 01:51:17,2018-01-19 16:04:47,2018-01-31 00:00:00
d3f44296d90a42d3ec4b52b18654e87a,a2afcfb0d0d3096573368c4dbe8af57e,delivered,2018-02-16 10:06:13,2018-02-16 10:15:31,2018-02-16 21:28:14,2018-03-06 20:51:42,2018-03-13 00:00:00
622dac2e43c9fe4e17d08cbc259f8448,9682a05903a210e6e44b0ee88f3e6cf4,delivered,2017-09-19 21:21:19,2017-09-19 21:30:22,2017-09-25 21:09:41,2017-09-29 20:52:42,2017-10-10 00:00:00
97a50ee9650a8caa3476a64004c2350b,f1c1a01f8bd5315f5fbb9c266a6d4c59,delivered,2017-11-18 09:45:13,2017-11-18 10:08:20,2017-11-20 20:48:43,2017-11-23 20:35:03,2017-12-12 00:00:00
2a2fededb2ec978309f383a4133aa0c5,55de564d672d3c27195edbafd4265870,delivered,2018-04-10 20:16:33,2018-04-10 20:29:48,2018-04-11 18:21:50,2018-04-16 17:22:27,2018-05-03 00:00:00
96656dd1c9f0e6b415561d8a6734ffef,07390941d6bce5dacaa94780a994022b,delivered,2018-07-21 17:26:38,2018-07-21 17:43:57,2018-07-23 16:55:00,2018-07-26 17:44:51,2018-08-06 00:00:00
699ff12900168a9020bb2487be684cc0,94ee7783d2f05e72a85fe65e13e96c9c,delivered,2018-05-21 11:59:02,2018-05-22 09:36:50,2018-05-23 13:37:00,2018-06-01 18:56:34,2018-06-19 00:00:00
4dda81f6169b472f50dc01b2c3cea637,528147c7be575606dfc8712c88ab1062,delivered,2018-08-06 12:05:09,2018-08-06 12:15:50,2018-08-07 14:58:00,2018-08-11 16:19:40,2018-08-24 00:00:00
aa767f19bb0117b647c1934f348f84a8,c0607f321bb86a70b4c2ac712efa110b,delivered,2018-06-27 07:14:45,2018-06-27 10:52:05,2018-06-27 09:38:00,2018-07-03 15:57:08,2018-07-18 00:00:00
0ff7d7a45a6dc4220eab2b7aac2367d6,8517f6b8c5c0ce7afbc630208b05f9bb,delivered,2017-11-10 14:43:50,2017-11-10 14:55:48,2017-11-14 21:57:01,2017-11-26 19:05:04,2017-12-04 00:00:00
384c77719e344da55f8a137a0fc63b4b,7a44baa94800ac864c71d1f5fc3e4fb2,delivered,2018-05-08 18:14:54,2018-05-08 18:32:07,2018-05-10 15:47:00,2018-05-16 22:27:00,2018-06-01 00:00:00
7b5073d707fbc74f030710dbbd069ef8,c50a983bbba0fa121f0c93886dcd5915,delivered,2018-04-05 19:49:50,2018-04-05 20:08:56,2018-04-06 23:48:28,2018-04-12 00:52:09,2018-04-30 00:00:00
1a4cc8edf7721a5fa7f601f25703c793,48769b9c90de6b97531d328801b39dfc,delivered,2018-05-14 23:15:24,2018-05-14 23:30:43,2018-05-15 07:32:00,2018-05-18 16:18:34,2018-06-04 00:00:00
8118e88205b0cd1342e85368ed6c0bcf,23c6ca6150d5e6f0bd50b6fd7ac82aeb,delivered,2018-08-24 10:46:25,2018-08-24 10:55:18,2018-08-27 20:22:00,2018-08-28 17:22:28,2018-09-06 00:00:00
b7f4c683de2480a46706baaf3dd167e7,f63218babcf381c98c00ccbbb66a6758,delivered,2017-12-05 16:34:03,2017-12-05 16:56:19,2017-12-06 20:41:30,2017-12-12 23:08:53,2017-12-29 00:00:00
8557dabbdacec1a9e250f5e70afe1eab,495b67cd5a866ee9a61ea6e8b4cadb51,delivered,2017-01-26 13:15:41,2017-01-27 03:05:28,2017-01-30 15:19:27,2017-02-07 16:45:49,2017-03-08 00:00:00
a28afc1326ae005c8fe230354d0aee19,b4540c2dc69a6c13c4e5d921a1d3c0af,delivered,2017-10-31 08:52:41,2017-10-31 09:06:23,2017-11-03 20:17:34,2017-11-13 14:06:07,2017-11-24 00:00:00
ea7e79e50c8bb2c0b2d153ed7a164dcd,71e64be1451fb0f9dcd40b44d1186d87,delivered,2017-12-21 10:56:57,2017-12-21 11:09:51,2017-12-22 19:18:57,2017-12-23 15:04:28,2018-01-10 00:00:00
2a186eb2b1f153aed4218fbf557c5d41,762a3b56442aa6b35020a78b145a63fb,delivered,2017-07-01 22:23:05,2017-07-04 04:25:14,2017-07-05 08:40:59,2017-07-10 21:47:31,2017-07-25 00:00:00
f3b91891fd5a5bfdc24b3c20419a53ec,224a7f5f722f3b4e25607e01897bbac1,delivered,2017-08-29 14:18:34,2017-08-29 14:25:25,2017-08-31 21:47:52,2017-09-20 22:28:11,2017-09-27 00:00:00
ffdc30c0eaeed2e08818c4dad9806292,60ff2959ab18e70859b8ae136c0bea28,delivered,2017-08-11 11:44:12,2017-08-12 02:51:01,2017-08-15 21:08:07,2017-08-28 17:33:06,2017-09-06 00:00:00
1b96103448d7297f1aa8dc796e7d3fbe,322d724ddc5df1fef8a5e344d13b4989,delivered,2018-01-30 10:21:31,2018-01-30 10:35:38,2018-01-30 23:06:35,2018-02-22 16:22:55,2018-03-02 00:00:00
906a4ea26826c20b9b184b9e7c92c7b2,7466e5f152d3e7c316e2866f8c42e433,delivered,2018-03-05 13:27:02,2018-03-05 14:00:24,2018-03-07 20:04:54,2018-03-23 02:22:28,2018-03-28 00:00:00
7367af9267d99af724a071ce9cd37a91,a5ad05a5ebe3d0f1a76ef42df5296c45,delivered,2017-12-25 18:15:46,2017-12-25 18:29:43,2017-12-27 19:29:15,2018-01-10 18:16:49,2018-01-29 00:00:00
ec0fa04fd1dffd9f00f92312214d7eac,647b6836dfd886cce7c2ac2601daeb0f,delivered,2017-09-22 13:10:51,2017-09-23 02:30:39,2017-09-27 18:30:19,2017-10-03 19:04:18,2017-10-18 00:00:00
df1ea31ed7ca8b535bc5203c18a09b72,582dc84c9ca21055bdb0c316eb1bafc8,delivered,2018-04-29 18:49:23,2018-04-29 19:10:19,2018-05-02 15:11:00,2018-05-08 17:05:12,2018-05-17 00:00:00
b35cb2caf25a9098b28e2b4d6aba5c79,efa4298ce90363aa0f3d29d4f49cdcf0,delivered,2018-04-06 18:56:06,2018-04-10 03:49:52,2018-04-10 19:48:34,2018-04-12 20:55:35,2018-04-19 00:00:00
ace40bfbb1899962a31befa39dd5045c,d07d439fba7d3954108504740475a081,delivered,2017-04-10 07:58:40,2017-04-11 04:02:42,2017-04-13 13:05:51,2017-04-20 12:41:31,2017-05-04 00:00:00
5ba26bd7bec8bcaefb758d03dee88047,cb882d3802f75f5385b27d93f3fde60a,delivered,2017-12-13 21:48:09,2017-12-13 21:59:26,2017-12-14 20:17:18,2017-12-17 18:08:46,2018-01-03 00:00:00
9af92d2e86d9facb76127d7fdb850944,35cf4ef1e6641e62f6b7c29c8620c436,delivered,2018-02-04 12:14:29,2018-02-04 12:31:42,2018-02-05 23:46:39,2018-02-16 00:37:54,2018-03-13 00:00:00
e17605f30423d4d61b56a16c513c00ce,6c40f8f586612364cbc49b3742bb1f6f,delivered,2017-10-01 20:26:30,2017-10-01 20:35:21,2017-10-02 17:20:03,2017-10-10 18:20:10,2017-10-24 00:00:00
9a2b443dc8e6673e4fc330b3ea033569,20c93357daf05d1c3a092be59aea2c2b,delivered,2018-04-13 10:09:10,2018-04-17 05:50:06,2018-04-17 16:54:45,2018-04-23 23:22:07,2018-05-08 00:00:00
d224ba092ec1cb38bf389f3a5b727054,dc1fee26331f3efbe709e4cfdb064e30,delivered,2018-08-21 22:30:21,2018-08-21 22:44:20,2018-08-22 14:01:00,2018-08-29 14:41:41,2018-08-30 00:00:00
1704f22579a5be1ff00ac2cdcc1e582c,40cf2f73247ea80b023e4c63891ce67c,delivered,2017-07-30 23:11:01,2017-08-02 08:35:13,2017-08-04 18:47:50,2017-08-11 17:14:42,2017-08-29 00:00:00
8bbd7c85404f2985106229d03d281d55,16c12a8915fc025ebdff7b58ac1b4ddb,delivered,2017-10-21 13:04:53,2017-10-24 03:28:19,2017-10-25 18:00:14,2017-10-28 17:12:31,2017-11-13 00:00:00
6288a28742bf3c6ec3bd2cb7012176bb,de9e3c9d829ef18a5808b0077ed751ff,delivered,2017-04-13 18:36:47,2017-04-14 18:42:06,2017-04-17 17:28:11,2017-04-18 16:22:50,2017-05-05 00:00:00
2fa486d029393f1935691163d018a843,e49e2af32c3082a1fdc8f5dc5c5dee7f,delivered,2017-10-21 15:58:43,2017-10-21 16:14:22,2017-10-25 18:35:11,2017-11-03 16:38:48,2017-11-13 00:00:00
f7edcde7bb586c1b9465d46632f4e45f,73b3fa21c0e10f40293fee7787521991,delivered,2018-07-29 21:02:20,2018-07-29 21:15:16,2018-07-30 11:24:00,2018-07-31 22:16:43,2018-08-24 00:00:00
5f6b520cff06f23c77386b75976256e9,38e08b021ffa6f71de788a0e30c9c65a,delivered,2017-01-31 11:58:52,2017-02-01 02:55:08,2017-02-02 10:52:34,2017-02-07 17:27:57,2017-02-27 00:00:00
915a4d0a905468e4100c72daa427f02c,fda33b894c0c0f58e6989d149549ca02,delivered,2017-09-27 12:26:47,2017-09-27 12:49:13,2017-09-27 20:02:30,2017-10-11 23:17:46,2017-10-24 00:00:00
4ea67666d3072d3b4fdc92d11f6992e4,1f18e346d30c40d761169e0e02bf0ff0,delivered,2017-11-24 19:29:49,2017-11-24 23:35:30,2017-11-27 21:42:47,2017-12-04 15:55:04,2017-12-15 00:00:00
1dfbde97fe9eccbac2db9ab2f3d45a9b,2833849b1e99e5864d2c66c43a597abb,delivered,2017-12-04 19:37:21,2017-12-06 09:56:33,2017-12-08 15:13:23,2017-12-16 00:17:59,2017-12-27 00:00:00
832c61671b530bdc7d56880581bc2146,bc01d798f24a959b19dc8168975bf7ec,delivered,2017-09-12 17:00:49,2017-09-12 17:15:18,2017-09-14 21:50:33,2017-09-18 10:52:00,2017-09-28 00:00:00
c96867b4091191ba74279fc255656525,57f964df70a28c4770200f68dfd54532,delivered,2017-01-13 20:53:54,2017-01-14 02:42:51,2017-01-16 12:25:08,2017-01-20 14:14:39,2017-02-27 00:00:00
b107eb8ab6fb9b94db25911d4a2b378e,0b70ffeae43a2bb3a00b1ea07b894e2d,delivered,2017-08-24 14:30:52,2017-08-24 14:45:18,2017-08-25 17:22:13,2017-09-05 16:52:54,2017-09-20 00:00:00
8778337fbf343f1a56219ea3aa28a87a,882f7747fdb542b2bb5c9fceb2013862,delivered,2018-03-21 17:19:51,2018-03-21 17:30:21,2018-03-23 23:18:52,2018-03-29 12:19:12,2018-04-03 00:00:00
ca6e9fb5f1a78410c6e1a89640efa8f6,4d77bdf492f3c64a182a33b91618abae,delivered,2018-07-01 20:49:54,2018-07-01 21:10:08,2018-07-03 10:24:00,2018-07-04 00:38:38,2018-07-20 00:00:00
9c9d7c2faa49c47d07ddf13a35031837,9d08186323cf285e5f5c66772ef9c468,delivered,2018-01-04 07:44:46,2018-01-04 09:03:25,2018-01-08 11:42:27,2018-01-13 01:27:54,2018-01-29 00:00:00
3fef122997c747784882689e6e812b2f,4e2137a0182b900a4123929b813360d1,delivered,2018-01-16 20:06:02,2018-01-16 20:14:26,2018-01-19 11:19:45,2018-01-25 15:42:06,2018-02-06 00:00:00
0a2d541ba7c40984543d72b5eb0abcba,72cb2f7e00c6b47c25afdd7ea20ea3f2,delivered,2017-01-23 13:40:55,2017-01-25 02:50:37,2017-01-26 11:26:08,2017-01-30 08:42:04,2017-02-28 00:00:00
3a6cac3e6717e6a7ee4cb28aaa149a91,766d9773a9cfa50e19a5c27a88d1b911,delivered,2017-01-18 20:14:17,2017-01-18 20:25:12,2017-01-20 11:07:49,2017-01-27 17:14:19,2017-02-20 00:00:00
424fc0f988d894a7f554fecf40c910d4,36ba5f579e86995033b6708df796697a,delivered,2018-02-12 12:39:14,2018-02-12 12:55:33,2018-02-15 01:28:00,2018-02-21 21:16:45,2018-03-08 00:00:00
16c96dd4350d02d1890b8b7fd141da9a,c9a7dfbc6fbf3b5099015fd9cd288435,delivered,2018-04-25 02:15:01,2018-04-25 02:31:08,2018-04-25 14:17:00,2018-04-26 20:42:30,2018-05-09 00:00:00
d3b13898a835b480e8ab562071435158,b9d3a40de437cfabb62d60abfd50d354,delivered,2018-05-05 11:38:28,2018-05-08 04:54:16,2018-05-08 15:55:00,2018-05-16 01:21:22,2018-06-01 00:00:00
a00f125175c8ff66e63dbacefe493aaf,c147154e561f7cfa09d46a9a09951b16,delivered,2018-02-03 10:07:26,2018-02-03 10:33:40,2018-02-07 00:48:23,2018-02-16 20:15:34,2018-03-06 00:00:00
bf1451bab7a54578f219c009aa286263,aa8b77f23eb7e30628c9f69e144a28be,delivered,2017-10-24 20:36:26,2017-10-26 20:10:22,2017-10-27 17:33:56,2017-11-13 12:14:54,2017-11-23 00:00:00
91c9f456cb2e53af4edc1b33b3bd7f7c,c8e53439446de62f0372c338f29b8c80,delivered,2018-08-08 08:20:20,2018-08-08 08:45:02,2018-08-09 15:39:00,2018-08-15 18:18:49,2018-08-21 00:00:00
817bf80f198fe79311b13572332cc969,a8af0900a6bccfc9b49d5747b4e0c094,delivered,2017-03-12 02:43:00,2017-03-12 02:43:00,2017-03-13 11:35:57,2017-03-22 17:17:43,2017-03-30 00:00:00
7b06d8091938a97c0186f6a794cd6376,40a05273e9dce969b4d09af2d68f1d2f,delivered,2018-01-03 22:13:05,2018-01-03 22:30:10,2018-01-08 20:24:00,2018-01-26 13:37:46,2018-01-26 00:00:00
5b7687ff6fc51511eec02492c8169ff6,6bd5a6c074fd0ded0d12ecb0d5ea4da2,delivered,2018-03-19 17:18:34,2018-03-19 17:49:39,2018-03-20 21:25:50,2018-03-23 00:51:44,2018-03-29 00:00:00
f0ea34d58a86eb887f6a0dc005d6d80b,9f95fde2743e68b8469c96f39a20ebc7,delivered,2018-06-27 14:31:44,2018-06-28 02:15:39,2018-06-28 13:01:00,2018-07-04 23:03:26,2018-07-26 00:00:00
f6fb987bc7494802dc112987999e04fe,abe97d658c4fbeb355ad276a3f1acf2e,delivered,2017-07-24 17:00:38,2017-07-24 17:10:20,2017-07-26 22:05:22,2017-08-11 21:10:10,2017-08-17 00:00:00
7e25a1c58e68fa94300358caad65b944,7a2dd5bf1d279c000fa08063cdf2e080,delivered,2017-08-28 09:04:54,2017-08-28 09:15:13,2017-08-31 20:36:43,2017-09-08 17:21:38,2017-09-25 00:00:00
b64392414f07fbd78e933c2681f23c24,8eefdf97a251c0ddbe5c9947378f6832,delivered,2017-10-10 08:53:55,2017-10-10 09:14:21,2017-10-10 15:58:00,2017-10-16 23:11:43,2017-10-23 00:00:00
90aea7c4e52538a18cb9bbfd16f09185,85f0e92957e9fb9c5f72ba5378f492a0,delivered,2016-10-04 19:25:29,2016-10-06 15:51:51,2016-11-10 13:58:50,2016-11-17 13:07:53,2016-11-28 00:00:00
65efd756608003e865eb8d80f66a3ebb,b91d240f382eadc3b867e8a28a56f7ba,delivered,2017-03-07 23:19:46,2017-03-07 23:34:02,2017-03-10 10:06:50,2017-03-16 12:22:14,2017-03-30 00:00:00
fd95ae805c63c534f1a64589e102225e,e37441c531a1f8693c41af79875a123f,delivered,2018-02-22 23:33:59,2018-02-22 23:47:53,2018-02-26 22:06:58,2018-03-03 00:32:41,2018-03-13 00:00:00
742e73f061eac95007f20afdd72d515b,134b8eb1be5bb89fd71a946710f4b0f9,delivered,2017-05-23 19:30:30,2017-05-25 02:55:20,2017-05-30 14:21:45,2017-06-09 16:53:43,2017-06-26 00:00:00
3275736da1234f55d52bdf09d86b93bc,1ff6fa617b2b77f6844df0191949925a,delivered,2017-12-02 10:04:07,2017-12-05 04:13:30,2017-12-07 19:12:56,2018-01-11 19:34:07,2018-01-10 00:00:00
e83bf64123b8f85a33200e481a9f982f,a75adb6efea8bbc567f89773ba56262f,delivered,2017-11-09 15:11:37,2017-11-11 02:50:28,2017-11-16 19:57:59,2017-11-17 18:51:27,2017-11-23 00:00:00
9d36629c95cfcac0564afda65e270991,3bf041c93287a878b0f4577c3993855d,processing,2017-06-26 18:15:22,2017-06-26 18:31:38,,,2017-07-26 00:00:00
c73c03cf41cc2b70000a4e461d11533c,b5c52a2f4f83b78e8070cfc2b09f0fd3,delivered,2017-10-30 13:13:44,2017-10-30 13:32:48,2017-11-03 17:12:33,2017-11-13 16:08:44,2017-11-22 00:00:00
e5bc6c7594c02f53761ea092c5c9af1d,0f3303966706b6737bc7a6a198d9caef,delivered,2018-07-12 20:05:49,2018-07-13 15:45:16,2018-07-18 15:06:00,2018-07-25 20:32:56,2018-08-06 00:00:00
d5b9e35b93a4d8e6fcdac2a40528772c,cd51d1cc76f75fd82497e8f838ff9b53,delivered,2017-08-21 18:18:38,2017-08-21 18:30:19,2017-08-25 15:36:39,2017-08-31 00:04:42,2017-09-11 00:00:00
b0930bbc1fdf3886c30a8066bb647148,0397d9be013c9cb50ce9669dbb322cd4,delivered,2018-05-03 16:43:22,2018-05-03 17:31:10,2018-05-04 15:04:00,2018-05-05 14:21:40,2018-05-15 00:00:00
3160f9fa13bf36dda5ba225649526968,a8356b1d42075858ff3c9b3a95e11190,delivered,2018-04-07 19:21:45,2018-04-07 19:35:19,2018-04-12 00:56:42,2018-04-30 16:40:53,2018-05-11 00:00:00
02ae2a6d1d1f1432dc743ca4f67033df,d8e392ff4cf70df9743697280315c7de,delivered,2018-07-30 12:20:10,2018-07-30 12:44:49,2018-07-31 08:22:00,2018-08-03 13:21:04,2018-08-16 00:00:00
0ca3024fdd038f1b734a8f1bc57e9055,4796c2456460470023bd65ce1ee39f6f,delivered,2018-01-18 09:03:18,2018-01-18 09:11:28,2018-01-19 10:54:52,2018-01-22 21:49:11,2018-02-02 00:00:00
caef45ebcbb19b79936b20d0bf662db3,eb15ecf96440e8472dc1931d54c1c937,delivered,2018-06-23 12:40:45,2018-06-23 12:59:53,2018-06-25 14:14:00,2018-07-03 17:27:03,2018-07-27 00:00:00
e957dd85ec954750362d63f541339f4c,ecf78fa31aebbb714a0a82fd133147da,delivered,2018-03-16 11:02:20,2018-03-16 11:11:06,2018-03-21 19:44:34,2018-04-19 16:47:26,2018-04-18 00:00:00
d3cd9432f1869452249ac839d04a7964,84055878b8547a9f9944a8108146cf4f,delivered,2018-05-07 11:20:02,2018-05-07 17:56:57,2018-05-11 10:03:00,2018-05-17 17:56:17,2018-05-25 00:00:00
d4d8638eaddca23adbfdd1b383a5f15b,2f3f2192e521a60c3f97f340e9f964a9,delivered,2018-01-31 14:24:07,2018-01-31 14:35:35,2018-02-02 03:06:49,2018-02-06 16:33:18,2018-02-26 00:00:00
ff0c42884b1cfcd5376cc7dac8ebe375,0d5660c49c6a1e6a28a444b65c6bd2bd,delivered,2017-11-30 18:50:32,2017-12-02 02:38:32,2017-12-05 00:28:45,2017-12-26 16:13:03,2017-12-29 00:00:00
b7ada522cfb63d2f443ab987bd38c885,e80621e53339202d76c5ab251fa2582a,delivered,2018-05-21 18:20:05,2018-05-23 02:15:42,2018-05-23 14:54:00,2018-05-24 16:38:39,2018-05-30 00:00:00
eb4f7af52d42fb1b1051cd5457074b9b,a181c725fbac1e1d13348c71d7c5c9f9,delivered,2017-06-06 14:29:03,2017-06-06 14:42:34,2017-06-06 15:24:34,2017-06-08 14:02:48,2017-06-20 00:00:00
50accbb9397edc377aea35d7394a1ca7,3a06088ff3ab85c7f1912347708c035a,delivered,2017-05-31 21:47:11,2017-06-02 04:15:19,2017-06-02 15:30:15,2017-06-08 12:15:22,2017-06-21 00:00:00
960470e088ef6e37d9b9dd22f2cfb57e,d49a0ae47205cd6433fce3ffbce1cdc7,delivered,2017-06-29 17:33:02,2017-06-29 17:43:50,2017-06-30 14:33:48,2017-07-04 15:22:38,2017-07-21 00:00:00
2f7e9ef33c75fde93e927711229c4b23,c7b9afa9bbd78d6c03d066feb8a789c1,delivered,2018-03-16 15:19:45,2018-03-16 15:35:24,2018-03-19 23:42:30,2018-03-27 00:33:12,2018-04-04 00:00:00
b178d37bc8cf0346e18f4ebeff294dcc,dcc0611ff5be7beee83892383507927a,delivered,2018-08-15 18:14:08,2018-08-17 03:31:14,2018-08-17 14:51:00,2018-08-28 18:51:21,2018-08-31 00:00:00
aaeca333632ff704610564deb552e724,b2f4f2382059c94bfcfb0d4a060e9f71,delivered,2017-12-29 19:01:33,2017-12-29 19:11:19,2018-01-04 22:56:59,2018-01-16 22:49:05,2018-01-30 00:00:00
10f78992cb35d73641d587e75921cf7c,ba12c68e43068d8dba0e2fa56d7dcdb1,delivered,2018-04-15 18:15:47,2018-04-16 18:34:07,2018-04-17 22:02:44,2018-04-27 23:09:06,2018-05-15 00:00:00
1e96a45243abd1f2da33000b50e61c50,1a4d7b90459d1d8b4314bde0fa0384cf,delivered,2018-01-17 10:10:55,2018-01-18 10:56:12,2018-01-30 19:13:49,2018-02-14 17:45:19,2018-03-08 00:00:00
20e2af2e88f87028e067d8f71a7ea84e,cf1b464894e6177033533c076c2ed5af,delivered,2018-07-25 21:12:01,2018-07-25 21:25:14,2018-07-26 13:27:00,2018-07-30 21:36:32,2018-08-08 00:00:00
5b939ecc014a32ab25d16b70ffdb0426,249993996f32a34654f8429baed4a7c8,delivered,2017-06-30 16:15:33,2017-06-30 16:25:19,2017-07-03 14:57:02,2017-07-11 16:51:31,2017-07-24 00:00:00
1580e54bbbd269a8188302f3179c0dc7,d42d02fa5d71a25257710e5f333385db,delivered,2018-01-07 16:01:22,2018-01-09 07:16:35,2018-01-15 11:13:36,2018-01-22 15:38:58,2018-02-02 00:00:00
5a4d230b7d52ada193b2d49bb339374c,551ce89f695ce165b0921d335e2590a2,delivered,2018-03-30 21:57:01,2018-03-30 22:07:41,2018-04-04 19:48:37,2018-04-12 22:22:22,2018-04-18 00:00:00
bca0fe55e764250fffae4ba96e671a1e,033854c6af774f85df06de2c9399589d,delivered,2018-06-11 17:19:41,2018-06-12 04:57:50,2018-06-14 13:06:00,2018-06-20 14:21:21,2018-07-13 00:00:00
95a7802de396f3df0c682ddafc8f3152,a70e9c4eb3f2b1a98db5bd7fef572f21,delivered,2017-09-08 21:45:09,2017-09-08 22:03:33,2017-09-11 19:23:34,2017-09-15 20:33:10,2017-09-26 00:00:00
a94c2deaf09e56146b6a6703f2583aa6,eb4078d965b4019b0d9e1106e910f788,delivered,2018-03-08 10:46:04,2018-03-08 11:08:42,2018-03-12 22:48:43,2018-03-14 16:05:18,2018-04-11 00:00:00
0b2d6210fb2a3be6f54add89639740ab,96d965bc7dd54c8cb5194f8cd2650e85,delivered,2018-04-23 11:02:31,2018-04-24 18:46:37,2018-04-24 00:30:42,2018-04-26 17:38:26,2018-05-16 00:00:00
1b83b0cc5c4f25371dc567405ff773c1,2359e70b63920006f86eb8d0870f6406,delivered,2018-06-03 22:47:35,2018-06-03 23:11:23,2018-06-04 13:54:00,2018-06-20 16:32:51,2018-06-28 00:00:00
4064b7bda3dcdab5dc717705f524d3bd,85118baea7f7e7f2d94d59128d2e70a8,delivered,2018-05-16 01:42:10,2018-05-16 01:55:12,2018-05-16 14:35:00,2018-05-21 16:46:43,2018-06-05 00:00:00
ee4a5cfe1eb9e24a2318dc5a3181cd6a,28a8f06b3dc694f9a4de853564bcddce,delivered,2017-08-31 20:00:36,2017-08-31 20:10:14,2017-09-01 19:23:40,2017-09-11 23:08:07,2017-09-19 00:00:00
ac16c676637c6d6dfb72fb3dc92c658a,222cdcba9d2925320549e70046b14781,delivered,2017-06-28 18:21:32,2017-06-30 02:55:27,2017-06-30 14:19:57,2017-07-12 20:17:57,2017-07-20 00:00:00
21acd87ab0e70951d2aa3b0cd6445c69,c51de5efbf4919246057f725d38991d8,delivered,2018-07-16 23:18:58,2018-07-16 23:30:19,2018-07-17 10:37:00,2018-07-24 19:27:47,2018-07-30 00:00:00
72fbd89f9562c38d13df912b8783b54a,6670a4780229e896eb7bbe0df8e59fe4,delivered,2018-01-31 09:21:26,2018-02-01 03:12:29,2018-02-05 15:23:03,2018-02-06 20:16:22,2018-02-16 00:00:00
176347e69f455175b5ffbf6f6287e4ab,d093c8123401949fb8fd45345f5aedd4,delivered,2017-05-06 14:58:37,2017-05-06 15:10:18,2017-05-09 15:59:49,2017-05-12 07:57:49,2017-05-31 00:00:00
28a1ff56441c9df5d5bfaead83cd76fd,a5138200b55abbe1d5d8035503f7dcc6,delivered,2018-07-10 21:49:39,2018-07-10 22:06:05,2018-07-18 13:31:00,2018-07-24 21:33:09,2018-08-01 00:00:00
17b7c2f3241fc2ef8e7f7a3b916993e3,2d598740458ddd8adf4d639fe801f902,delivered,2018-05-23 17:51:24,2018-05-23 18:17:05,2018-05-24 14:07:00,2018-06-01 12:03:54,2018-06-28 00:00:00
e247c295703844ab1b844311e25046a5,86212139fb99b709e78667fb42c939fd,delivered,2018-03-05 20:42:54,2018-03-05 20:56:10,2018-03-07 17:55:06,2018-04-17 16:58:30,2018-03-29 00:00:00
398f1723ca5725d585fbc000ec3edb05,7d6842530dfd5d6dd396888284433744,delivered,2018-05-08 16:48:02,2018-05-08 17:11:19,2018-05-10 19:05:00,2018-05-11 23:02:42,2018-05-16 00:00:00
7e5d5dc04eaf1bb91b39e57967646eaf,40d2ac8ecc21d966160499a601447bd4,delivered,2017-09-18 18:02:45,2017-09-18 18:15:14,2017-09-20 15:53:38,2017-09-25 22:09:40,2017-10-04 00:00:00
063dda01b3489ce5f3bc164801e6e3e9,94cc6d198de265d1e418a24d451bf319,delivered,2018-03-07 22:15:03,2018-03-07 23:09:25,2018-03-09 16:19:33,2018-03-31 17:54:41,2018-03-23 00:00:00
242ae20c1813b0ad28b3b7b7597ea721,6feec19ac422bb1f5fcb89ee26922aaa,delivered,2018-01-22 11:29:42,2018-01-22 14:53:30,2018-01-23 23:52:14,2018-02-15 17:23:33,2018-02-16 00:00:00
d3f6f79bdfb5ff2eb96f8c4838b904df,30a92450d3bd26d8db8924d7d76bd5b1,delivered,2018-08-15 17:14:23,2018-08-16 17:09:15,2018-08-21 19:21:00,2018-08-23 01:38:35,2018-08-31 00:00:00
83c0700d6e42c5b6cd1fbf3e593ea4ca,564a7f18d810e7428fa8d183a6fbde4b,delivered,2018-06-08 14:50:54,2018-06-08 16:30:41,2018-06-13 14:51:00,2018-06-14 18:48:40,2018-06-25 00:00:00
4fab03676c2144ed35264324eef0ea12,e55fd60ea85893512621b41b19feaedf,delivered,2018-08-04 21:00:48,2018-08-04 21:15:14,2018-08-06 14:18:00,2018-08-09 18:02:21,2018-08-29 00:00:00
a3d361625a95b22581fc65362dc3d296,622c260d369760bbd2e31ea8c273480b,delivered,2017-09-04 12:14:07,2017-09-05 04:44:39,2017-09-05 18:52:37,2017-09-06 16:53:54,2017-09-15 00:00:00
0760c994a2f88f9ba4f19c5622906609,7162b072ae82b7b6161abea798d5909b,delivered,2018-05-08 11:13:54,2018-05-08 11:35:17,2018-05-10 11:19:00,2018-05-11 19:28:27,2018-05-21 00:00:00
5e23655bee02f45b9a3f47282ad61b17,698f2b2d8f6d7a629d2bb5e1b09fc527,delivered,2017-08-24 21:11:15,2017-08-24 21:31:54,2017-08-28 12:43:47,2017-09-06 21:09:43,2017-09-06 00:00:00
9dfd36609f9bcc11f7712d98466d9aa5,2881de39aa89bc797c29bef175fcd2b3,delivered,2017-06-01 21:36:59,2017-06-01 21:50:11,2017-06-02 15:22:32,2017-06-14 16:14:04,2017-06-26 00:00:00
c15b82455a9be9d71574cfcd42598624,03e653ee8e56b8ec6d97a5f5aa002be5,delivered,2018-04-15 18:27:31,2018-04-16 18:33:47,2018-04-17 18:26:28,2018-04-18 18:24:24,2018-05-07 00:00:00
05cd156f0f47579a36d7a52724fc31b8,976224a95faf328b17654b1b1411d5e1,delivered,2017-01-14 18:27:28,2017-01-14 18:42:18,2017-01-16 06:42:20,2017-01-31 12:41:58,2017-02-24 00:00:00
55de7dd020b106e53605a949012b60cc,9c9c6947f4a2595d790406365671eb06,delivered,2017-05-26 11:07:08,2017-05-26 11:22:51,2017-05-26 13:10:16,2017-05-30 11:34:37,2017-06-16 00:00:00
d14319b7a9ffe116c1ba706238d3cd27,e93a01a8ad2d943db17fa596e51d93cc,delivered,2018-06-29 10:58:34,2018-06-30 02:35:17,2018-07-03 07:18:00,2018-07-07 11:54:41,2018-07-23 00:00:00
5bea5dd69875b9ab8df73e12126a939e,55e78016842a460f71bbad3a0c4e4d9f,delivered,2018-08-17 17:33:01,2018-08-17 17:49:52,2018-08-20 12:16:00,2018-08-28 16:05:23,2018-09-11 00:00:00
b8cc45abc3a6bd43c8a4f86b627de53c,1f430b21c4a9a9c8c272db2699452b41,delivered,2017-10-23 09:08:04,2017-10-23 09:30:52,2017-10-24 18:28:02,2017-10-27 16:52:44,2017-11-10 00:00:00
ee876df28481f4593364685acad97f87,08e0740d3f4a5f7c2866e3ef531fe426,delivered,2017-09-11 16:37:08,2017-09-11 17:15:16,2017-09-12 15:53:56,2017-09-14 22:07:42,2017-09-27 00:00:00
8d5939137fefa94485150d55a82dcd11,87bfb5face8c78c45dc36a431c4e8e5e,delivered,2018-08-20 08:03:39,2018-08-21 04:35:10,2018-08-22 14:55:00,2018-08-27 15:38:33,2018-09-10 00:00:00
e9ff655634db2dac0d2c18cd8fc57869,ebc4d7861f2c3df2c3d6aeb0013700db,delivered,2018-08-06 11:14:16,2018-08-06 11:30:30,2018-08-07 13:37:00,2018-08-10 17:13:50,2018-08-15 00:00:00
48e624e6a92ba57c07b642f214c5bb81,793c582584210cd597c6a7d23af54522,delivered,2017-03-20 10:03:12,2017-03-20 10:03:12,2017-03-23 15:37:42,2017-04-19 05:28:15,2017-04-24 00:00:00
ebb2508786c36ac5d029c3a1d94357e6,fd4a5f09d0ea897a218bc71fddcc3e6e,delivered,2018-02-26 18:44:28,2018-02-28 09:55:53,2018-03-01 23:42:50,2018-03-13 16:59:32,2018-03-21 00:00:00
bce3cd4522f8795ee9c0321c4954fccc,297916106d18bcd2f6324b3303d2358f,delivered,2018-03-20 13:06:31,2018-03-20 13:28:28,2018-03-22 22:05:20,2018-04-02 22:58:30,2018-04-12 00:00:00
ca1be30219791e22648cca249a8681f2,3b6184d3b25641ce87e09c1f4233b84e,delivered,2018-01-05 11:18:10,2018-01-10 13:29:11,2018-01-11 01:27:44,2018-01-12 21:09:45,2018-01-23 00:00:00
27c49d4a7b5ffac7a824721909617820,fdf606beec86408df71f59988b4dde00,delivered,2018-07-15 14:50:17,2018-07-17 04:31:36,2018-07-18 12:31:00,2018-07-26 11:08:49,2018-08-13 00:00:00
046a69282c430c5d662cee78c019f95f,4211bdba3c51ddcb72cc253a46b7c1bf,delivered,2017-11-21 13:10:50,2017-11-21 13:26:39,2017-11-22 23:22:43,2017-12-16 16:25:47,2017-12-26 00:00:00
debc3e4fa1e6d722470d58264beb354a,363b663a3a18b20724d859e34d3c6817,delivered,2017-08-25 14:45:46,2017-08-26 02:10:16,2017-08-28 14:34:15,2017-09-01 17:56:48,2017-09-15 00:00:00
fda14ed39c4cbf5c218cad0c470ce3be,b8e0eaf8dc01916ba959fcd6f786791e,delivered,2018-07-31 23:33:47,2018-08-01 00:20:04,2018-08-01 15:07:00,2018-08-07 03:32:47,2018-08-22 00:00:00
d110ac83a8b313d9d5e17d9ed61e7804,44b7421de4760857c604d484db9844f4,delivered,2018-07-12 08:43:58,2018-07-12 08:55:24,2018-07-17 14:16:00,2018-07-20 18:12:46,2018-08-15 00:00:00
47796e6b4e22f9fff93a657a183ff912,6c8c605045c020dda4236ffeea583444,delivered,2018-03-12 17:19:51,2018-03-13 04:10:35,2018-03-16 18:25:38,2018-04-16 15:06:34,2018-04-23 00:00:00
be09600d91e6bdef38c48814571143bf,190bec9db381391c8fb5d55583bfaf76,delivered,2018-02-04 19:29:46,2018-02-04 19:49:26,2018-02-09 15:28:06,2018-02-27 19:16:51,2018-03-02 00:00:00
ac278dbea8fabef3f3c3c51e5a201197,1fed2f9c2a5c7130513baa83c88614f9,delivered,2017-04-14 16:25:23,2017-04-14 16:35:20,2017-04-18 12:23:27,2017-05-10 15:04:45,2017-05-22 00:00:00
daed2231418803be9327f1b4a2cec04d,4dc79a59a3e917f79cae01e6e42814f6,shipped,2017-07-04 22:54:40,2017-07-05 17:41:49,2017-07-07 19:29:34,,2017-07-19 00:00:00
34ed8b79fd1d5c5550059a18277cf3fe,fa3b5a98a4327c5f32694a30d0fa2fec,delivered,2018-02-03 22:42:30,2018-02-03 22:55:25,2018-02-08 21:50:29,2018-02-22 14:29:05,2018-03-07 00:00:00
13a45e2e8407ebdf8c1e8fb6e1dba4fd,138e895b5a9a4a40831d95856126c3ea,delivered,2018-07-23 11:24:44,2018-07-23 14:31:38,2018-07-24 10:14:00,2018-07-26 00:04:47,2018-07-31 00:00:00
0e1501cd30758f584d1fa67cc6f9493a,63162a081407c40769b8b941dbbc7275,delivered,2018-07-02 16:16:03,2018-07-05 16:25:45,2018-07-03 14:36:00,2018-07-04 23:03:36,2018-07-17 00:00:00
edecb0568b1317aa28a800d5fed23758,1fb495930adb9f2a8dc5b88a0f925717,delivered,2017-04-26 13:55:24,2017-04-28 11:41:29,2017-05-02 13:15:08,2017-05-12 13:44:28,2017-05-17 00:00:00
21cb4961399b846b168d0358100f473b,7b748f0922eb2c10ee0f9f637e7125f6,delivered,2018-01-25 14:51:08,2018-01-25 15:20:03,2018-02-02 02:57:53,2018-02-21 12:49:15,2018-03-05 00:00:00
8bbab789f26e4e4c95c0a795b568d688,b6669290bd61a70fc0466a1a6760f1e7,delivered,2017-07-12 12:45:56,2017-07-13 12:55:08,2017-07-13 21:22:13,2017-07-19 16:56:51,2017-08-07 00:00:00
859fe3a0d22aa42768493bb4a9572ad6,fd8bcdf40e6bdf5dbdd6f64c9a9c5809,delivered,2018-04-02 14:59:56,2018-04-04 03:10:19,2018-04-04 20:37:18,2018-04-17 18:24:29,2018-04-18 00:00:00
e3ffc18630aca4eb79dc587b127e2814,5cb73fa93068a8f68e002d5403339812,delivered,2018-02-03 00:55:53,2018-02-03 01:10:43,2018-02-06 01:34:25,2018-02-16 17:25:12,2018-03-07 00:00:00
1cdf08cbcdf54f3af0334e791934b089,f05c8666e4e9bb959c62b9e5ae230820,delivered,2018-01-26 13:59:49,2018-01-26 14:22:13,2018-01-29 18:51:12,2018-01-31 23:36:40,2018-02-09 00:00:00
20914c76989e5eac4e2675de44f7275a,6f674b7499f63f1fccdb6a1e75bd3de1,delivered,2018-08-20 18:57:30,2018-08-22 03:35:09,2018-08-22 15:57:00,2018-08-27 15:29:06,2018-09-10 00:00:00
1e6eb05de9f71dd42f9ef81813dce355,2254b43cd84d5a90ed4da40ec794f853,delivered,2017-04-06 08:19:38,2017-04-06 10:02:35,2017-04-07 10:09:05,2017-04-18 13:04:35,2017-05-08 00:00:00
cb79ab95a39d889d936069cbbd1325a0,2fac6c3ab1497f0c68cc020e97fe30f8,delivered,2017-12-20 22:18:07,2017-12-20 22:29:55,2017-12-22 14:10:44,2017-12-23 16:47:14,2018-01-09 00:00:00
50c40cfcbb6ce3fca8d6f93698f41927,f27c88ecfbccedc0127c008cf5b2da0f,delivered,2018-06-09 09:30:43,2018-06-09 09:52:04,2018-06-14 12:42:00,2018-06-18 23:41:43,2018-07-04 00:00:00
a6c872862f17570fa0c8d8d39bdd2473,f872c372ede6306069cd060660656e8f,delivered,2017-05-24 14:58:20,2017-05-24 15:10:17,2017-05-25 16:09:30,2017-06-06 13:57:28,2017-06-20 00:00:00
216a75ff9c1bc04da48bb6fd0fe19076,5020b732c1ce7e6064dcc5987b1035e8,delivered,2018-04-04 06:05:53,2018-04-04 06:15:16,2018-04-04 17:56:37,2018-04-10 17:05:33,2018-04-20 00:00:00
69ecf8a73bd1de33c57b060448315a92,8515f6af4fd0d5f127ea032b8cd37a73,delivered,2018-01-08 18:03:33,2018-01-09 07:17:47,2018-01-15 16:42:58,2018-01-16 19:42:01,2018-01-24 00:00:00
a20d81c1358e489ce9123db03486eeb7,835f8192fdb741a6c0653eb73471852b,delivered,2017-06-19 17:53:50,2017-06-19 18:05:28,2017-06-20 10:41:43,2017-06-26 16:23:36,2017-07-13 00:00:00
7bbf1280be83a8ea2790e7b3a5aab7e6,f2391b928c8cc72908beaefec0015001,delivered,2017-09-18 08:39:38,2017-09-19 03:34:13,2017-09-20 18:06:59,2017-09-27 18:29:42,2017-10-09 00:00:00
e72a36376762439e06ca2defff6e1844,5e292fe8933613069fed209378379f90,delivered,2018-02-06 20:42:48,2018-02-06 20:56:18,2018-02-07 19:47:20,2018-02-22 20:47:38,2018-03-06 00:00:00
2b055d9b9e125fee47b538a412b37c0a,516c25cb01081029aab6683daaa320b1,delivered,2018-04-03 12:47:06,2018-04-03 13:10:24,2018-04-04 19:05:36,2018-04-25 02:25:24,2018-04-26 00:00:00
fcb63e17705ee5985c6f40ac3ee72296,803e74003b254a249b19a94758826070,delivered,2017-09-12 00:12:36,2017-09-12 00:23:57,2017-09-12 19:42:43,2017-09-19 14:48:14,2017-09-29 00:00:00
ac5c875d7fbcc1765c32e13b8ee888cb,f4b269b03f1563e08df01c41abb6ca52,delivered,2018-08-26 12:28:39,2018-08-26 12:44:16,2018-08-27 13:37:00,2018-08-29 21:32:13,2018-09-12 00:00:00
d98078af880d3b6f9254693dade63983,d76dd851914eeae70178f37194d5cb66,delivered,2018-06-22 03:33:41,2018-06-23 10:35:11,2018-06-25 12:23:00,2018-06-28 13:38:47,2018-07-24 00:00:00
9e6356cd884202aa5e0d16e033c8c08a,046ba797126ef91632351367c0845f9a,delivered,2018-03-05 11:23:01,2018-03-06 03:49:05,2018-03-08 21:50:45,2018-03-27 13:16:38,2018-04-02 00:00:00
88889b5ed13afaedce4894ebf3cb6f46,16c28846f3848f93920879c1c6e0e4f3,delivered,2018-03-15 20:52:37,2018-03-15 21:08:47,2018-03-22 18:55:41,2018-04-16 21:34:51,2018-04-18 00:00:00
c1953a3b2e06406891e77c095a39714a,5954d708e6d4a5dc72b497abce05ba85,delivered,2017-06-19 14:22:35,2017-06-19 14:35:31,2017-06-20 14:07:33,2017-06-26 17:13:36,2017-07-07 00:00:00
5b95bd0807c4d1bdc5db12fe3373ba8e,dcee38991b34de77556c9800d8de3d55,delivered,2018-07-09 10:36:25,2018-07-10 09:05:25,2018-07-11 14:48:00,2018-07-20 17:58:46,2018-07-27 00:00:00
8cf9ba649b9084cf9c9fe4031a1850ef,0ec522c4497afe657106a823242c5f16,delivered,2017-10-10 16:30:04,2017-10-10 16:49:25,2017-10-14 15:38:49,2017-10-21 11:45:26,2017-11-03 00:00:00
56c9b97f31031c70ffb000219dc6f403,1f29853d60df493b26e7ba886879afd3,delivered,2017-11-06 17:59:31,2017-11-07 03:31:04,2017-11-08 13:48:46,2017-11-20 20:44:46,2017-11-29 00:00:00
9067ce8fd351c50adbb59319b9ef50d8,9ac8f265f3c2e85f2972c02231a35bf0,delivered,2018-02-05 09:03:39,2018-02-05 09:15:30,2018-02-07 00:54:53,2018-02-14 19:42:15,2018-03-01 00:00:00
bb3164e0236b64b580d475215f1004d2,38d161baf388ee7ea0a737483359f8b8,delivered,2018-06-19 15:12:47,2018-06-19 15:37:45,2018-06-19 13:58:00,2018-06-22 21:56:47,2018-07-11 00:00:00
4169c051a7504b1c9cba59f48afaac3b,d41debf49d2fa37452a19e1aa1358005,delivered,2017-05-21 08:01:38,2017-05-22 08:02:56,2017-05-23 15:53:42,2017-05-31 10:45:46,2017-06-14 00:00:00
3eedc4839b9894c9cf39f1893b3169e9,53970e844c3e666d2eb588000127a4fd,delivered,2017-05-25 11:22:02,2017-05-25 11:30:08,2017-05-30 10:32:24,2017-06-05 13:56:10,2017-06-14 00:00:00
af4d4887dd4c4a74268ba4a72e49669d,cb862dd254966bebe1b6c9489f09add7,delivered,2017-10-29 19:51:21,2017-10-30 21:31:36,2017-10-31 16:51:35,2017-11-09 00:22:49,2017-11-24 00:00:00
2f7999e73c5e27ffcb9ba5621b9884d0,9d16277a64e8e80e96ef2b7037d9364b,delivered,2018-01-08 09:19:11,2018-01-08 09:31:59,2018-01-10 18:37:59,2018-01-18 20:34:01,2018-02-06 00:00:00
b632c3e0b709b4bee21b37f79caa57c1,6abc04e25f0ff0d1075639c029a32ee8,delivered,2018-02-02 20:00:09,2018-02-06 03:50:39,2018-02-09 23:06:50,2018-02-22 17:47:43,2018-03-05 00:00:00
efa2e42246bfe580af1b33ae96edc78b,3b6dc76e9598654bd9fc7a898ed4813c,delivered,2018-08-06 12:42:34,2018-08-06 12:50:27,2018-08-06 14:06:00,2018-08-08 20:40:31,2018-08-09 00:00:00
3b36585ddf3b6ed361da77583c542a6c,b1a839fed20b112e2d3be04599d82e72,delivered,2017-05-12 13:08:11,2017-05-12 13:15:27,2017-05-15 15:02:46,2017-05-22 16:49:50,2017-06-01 00:00:00
5b8b33803c5664fe93c1dcdb169de0ca,7a7c876da1cd77d1bc2db660bc78770a,delivered,2017-02-24 19:16:08,2017-02-24 19:30:10,2017-03-01 08:47:48,2017-03-11 05:53:41,2017-03-23 00:00:00
bbabc62c81566b606962e10a6f96e9c0,2534e2124e770cb87fe5b07db2b63b3b,delivered,2018-04-06 00:36:05,2018-04-07 10:15:20,2018-04-10 18:22:41,2018-04-19 01:58:35,2018-05-03 00:00:00
c22f6ba7f27b03c0882d2c2ce2a3f3a9,13025e42d36dc9e44705b7dfa73bf740,delivered,2018-07-25 13:26:05,2018-07-27 02:15:59,2018-07-27 13:55:00,2018-08-06 19:18:41,2018-08-24 00:00:00
3bece71a0ce79d5d8945d9d665e5164e,9692d638b1138bdf10953365282b594d,delivered,2018-02-17 22:45:48,2018-02-17 23:06:51,2018-02-19 17:33:16,2018-04-12 20:26:41,2018-03-19 00:00:00
31dd19623d916b1848334732b797d5f5,55e7cfd6e28d2fbfbf01477c1d6171e2,processing,2017-06-25 17:50:06,2017-06-26 17:55:27,,,2017-07-18 00:00:00
f6bf3b24291e3adaf0840193cedbf844,6f299b8ed3366569b07fdff803f6f691,delivered,2018-04-17 16:36:25,2018-04-17 16:52:05,2018-04-18 23:04:22,2018-05-25 16:26:45,2018-05-18 00:00:00
0b3580bfab9b4aa7c6b53769a4ee5189,569d0542c214c1f833112efb87157c01,delivered,2017-06-24 11:36:22,2017-06-27 04:15:23,2017-06-27 13:01:14,2017-07-04 18:27:37,2017-07-20 00:00:00
11bd5b514c1e1b6a737ed2fd95489424,0ec3d7fc969d0aa06a92af6c0689a73f,delivered,2018-04-18 13:30:46,2018-04-18 13:52:04,2018-04-19 17:46:32,2018-04-24 15:43:55,2018-05-14 00:00:00
2fe20445486504c74cc44e58bef7545d,8aa58844ce714e2af850271f40e49d13,delivered,2017-10-11 09:41:39,2017-10-11 09:56:24,2017-10-11 17:23:53,2017-10-18 19:43:29,2017-11-01 00:00:00
64600db8a4995fc16ae799da1eace4be,83e2900e30a1bd700bbe3bbe5a6ea6f4,delivered,2018-03-12 15:30:56,2018-03-12 15:47:04,2018-03-15 23:19:03,2018-04-25 20:12:35,2018-04-12 00:00:00
928e8e158d1096bf9bad69d9e927b6b0,925ddf3482c150d9e469c4b47d52e1c2,delivered,2018-05-22 20:21:55,2018-05-22 20:37:20,2018-05-28 13:19:00,2018-06-06 17:54:29,2018-06-14 00:00:00
5e4c444119f9dde26396d882d2f351d5,346c9464516a104c5beac7ff17ff4a1c,delivered,2017-05-29 16:55:52,2017-05-29 17:05:22,2017-05-31 07:12:23,2017-06-07 11:54:16,2017-06-28 00:00:00
7ecf895a86816395ae333859b2c7bd7c,bb381e008c8dcea806f899641e0cbabd,delivered,2018-07-17 10:58:54,2018-07-17 11:15:16,2018-07-18 09:58:00,2018-07-24 23:22:42,2018-08-03 00:00:00
44259226d73d340f929777553ecf199b,10101c15aec095b6078c8dd047739392,delivered,2018-03-30 13:36:43,2018-03-30 14:27:02,2018-04-02 19:21:05,2018-04-17 23:18:36,2018-04-25 00:00:00
54cc33b4bf5fbb8a99d549b214e386af,0b92d94401ad36507d63ada4b10badc3,delivered,2018-02-15 15:24:08,2018-02-15 15:35:29,2018-02-17 00:08:26,2018-03-02 23:43:04,2018-03-07 00:00:00
1e33dae93b2e09f84f40c00cc0f0a1af,df4d5135b7dfb755421e5f6b2b998f7b,delivered,2018-05-05 18:30:17,2018-05-08 04:32:29,2018-05-10 09:55:00,2018-05-12 00:08:35,2018-05-17 00:00:00
f15fc36c72600b6599d1bd11b1721a6f,ee787857e17b8aea9244ac3e639c0465,delivered,2018-03-28 10:41:50,2018-03-28 10:50:22,2018-04-02 16:28:57,2018-04-07 11:55:42,2018-04-16 00:00:00
d12750a4a29395c6d1cd3a83992f1e16,1c46b0aadd66e5872fdd69395c3ef376,delivered,2018-08-01 22:27:35,2018-08-03 02:45:09,2018-08-09 12:57:00,2018-08-16 19:11:58,2018-08-28 00:00:00
0fc43892a2c1a8aaa96eef7d27a85017,9eabda2b88a508c45b4eac6dce5a765e,delivered,2017-10-01 14:22:12,2017-10-01 14:35:11,2017-10-04 19:36:45,2017-10-11 23:06:21,2017-10-24 00:00:00
c30fd0cc92f2a45137dc1ae120da4666,0bad99a0dcb029ad7fd5130ab7461138,delivered,2017-10-03 22:41:26,2017-10-03 22:56:13,2017-10-09 16:37:14,2017-10-13 18:38:58,2017-10-20 00:00:00
c67d722c949fca41de36455344293ed9,bdb13e7e5f15f5da6a671eb4c4a088f4,delivered,2017-10-25 22:23:14,2017-10-25 22:35:26,2017-10-26 20:14:03,2017-11-06 21:28:25,2017-11-24 00:00:00
45623f1421557207f2d93ca576418a4e,a8372809f71a1f5a3f3f77964964a8cc,delivered,2018-05-14 08:17:01,2018-05-15 08:12:43,2018-05-15 11:12:00,2018-06-07 16:52:22,2018-06-07 00:00:00
9636f1dc90e0234e96025c75e8d5920f,294576d8837569dba9ba20420d8070a4,delivered,2018-05-02 12:18:19,2018-05-02 12:33:40,2018-05-03 14:29:00,2018-05-10 00:03:32,2018-05-29 00:00:00
0e33201d95dd99ef2fc82d81732957b2,07b545f78bd2ddf9040417ad6eb72292,delivered,2018-07-23 10:58:50,2018-07-24 11:35:32,2018-07-25 15:41:00,2018-07-31 10:12:05,2018-08-06 00:00:00
3bd83574ec8929f033dc1e477c01e802,b009bf94e2d4da3b78ebd40d62fad36b,delivered,2018-01-07 23:57:49,2018-01-08 00:09:30,2018-01-11 01:06:06,2018-01-15 18:46:45,2018-02-06 00:00:00
777446e0a25e3916df8257965158c82b,f1dc2f2b83bb06c52561643c445ea69d,delivered,2018-06-21 09:01:37,2018-06-22 02:37:08,2018-06-22 13:07:00,2018-06-27 14:46:41,2018-07-13 00:00:00
6d04d37febb3507a35abc6f37bf14d97,786f59bbbfed7665c5ce443f49b79fb0,delivered,2018-04-16 09:58:44,2018-04-16 10:10:53,2018-04-19 18:11:27,2018-04-26 17:19:13,2018-05-03 00:00:00
85ed4ea9966969e844099fe5304f586b,93f058f0d49ca625c78bca2afbe864cd,delivered,2017-08-03 08:21:01,2017-08-03 08:30:20,2017-08-03 16:46:42,2017-08-04 19:18:04,2017-08-16 00:00:00
db021dc0eafd8de55256243118e4a046,4cd906a5d8555340aee749b3a3a3b5d5,delivered,2018-03-13 19:17:01,2018-03-14 10:07:56,2018-03-16 20:17:31,2018-03-20 18:31:47,2018-04-02 00:00:00
a54dca1918f3c9eaa16ac953a5d8c9ba,7d503fdcb60c50cbd8159964b13654c3,delivered,2018-03-15 10:36:18,2018-03-15 10:50:28,2018-03-16 22:36:23,2018-04-03 20:18:35,2018-04-03 00:00:00
790d76ecee0d65041c076a17d0dfd11d,42908fc1c4277d15bfdd21890a9abe10,delivered,2017-08-07 11:51:29,2017-08-07 12:03:26,2017-08-10 20:58:52,2017-08-25 19:24:54,2017-09-11 00:00:00
1452442fe3e8cc6d3a1a8d8fc92dc019,8b9e671a305b19a4f7a11ce24badf10e,delivered,2018-04-19 00:41:11,2018-04-24 18:37:45,2018-04-23 23:17:36,2018-04-30 19:28:46,2018-05-14 00:00:00
0ea5fe4904bdca87f8cc726a5bb5d768,495def51363e5cdb7f691fa2ef26ab9a,delivered,2018-08-04 22:05:53,2018-08-04 22:24:13,2018-08-06 14:07:00,2018-08-09 20:18:47,2018-08-15 00:00:00
8dcaee0f4bbb1d46a5f71c8c575b90dd,0a48cecb7f6b0b7314b5dd2eea0367d8,delivered,2017-11-28 12:00:43,2017-11-29 02:20:23,2017-11-30 18:47:20,2017-12-02 13:49:29,2017-12-12 00:00:00
2a62c32a647125666736d896497e32f1,5794d665b3fcd2de695dc52681b7161c,delivered,2017-11-11 15:39:41,2017-11-11 15:50:37,2017-11-13 19:17:47,2017-11-23 20:01:28,2017-12-06 00:00:00
104d1e3a6ba2bf9d8856a54af9c6c681,b4cabef1eab077e32afbd42629185a7d,delivered,2017-04-28 16:08:55,2017-04-28 16:22:48,2017-05-02 14:23:24,2017-05-09 18:10:09,2017-05-24 00:00:00
9bb20141c47cf5f8919640d4c91f1b31,507ba08e52714e99aa837e44bc68dbf2,delivered,2017-09-08 09:35:39,2017-09-08 09:50:25,2017-09-11 16:16:30,2017-09-28 06:56:31,2017-10-09 00:00:00
c9c5c51b2fd56209e65b99f320b18b3a,fae937d8ac931bb4c6616e05677b2d41,delivered,2018-01-17 20:48:04,2018-01-17 21:30:39,2018-01-18 21:58:59,2018-01-23 12:23:26,2018-02-01 00:00:00
54d7ac7a8a4074afa251dda33e7dfa4f,7b8ca743b2b04c1df44904c65563d578,delivered,2018-01-22 18:31:51,2018-01-24 02:53:19,2018-01-25 21:09:32,2018-02-05 19:46:58,2018-03-01 00:00:00
0d217515e77987c3856fba474f3300fc,150a0b8d0063d9b1cfd4908ade28accf,delivered,2018-02-24 19:47:30,2018-02-24 19:55:45,2018-02-27 02:07:45,2018-03-23 14:48:23,2018-03-27 00:00:00
6371383f8c6f8a72ff10050cf92adab6,41bed71284d7cc85ac0654ffaffdb186,delivered,2018-03-26 06:27:13,2018-03-26 06:47:48,2018-03-27 01:54:23,2018-04-03 22:48:35,2018-04-23 00:00:00
00bf1320ffb5fe47a845feca16c0e0b4,1a4dcc966b712214d7c0d25f13fa2deb,delivered,2017-09-26 12:58:43,2017-09-27 15:49:42,2017-10-17 21:52:13,2017-11-01 14:57:38,2017-10-24 00:00:00
c3cf7465747be7d711f6fd7f08a7ec65,28aa752efb79504ee5814c07f649b617,delivered,2018-01-18 12:55:44,2018-01-18 13:13:09,2018-01-19 22:04:13,2018-01-31 14:44:49,2018-02-02 00:00:00
ab100844826f01cfa2544e2ea0b9ae4d,0d9ee625108522d1dccc18f89d57ade6,delivered,2017-12-05 03:44:02,2017-12-07 08:31:52,2017-12-08 00:13:14,2017-12-21 19:32:41,2018-01-08 00:00:00
79af690e1f308a4aa1052a6fc4fbc908,90e3a45b81c14374795f25a8fea67c8e,delivered,2018-06-14 18:06:22,2018-06-14 18:18:51,2018-06-15 15:03:00,2018-07-03 16:41:23,2018-07-19 00:00:00
6938607d864e891477d4b5d25ad507eb,7f13d5d564ad95b4a74ba05c15432481,delivered,2017-09-11 01:06:45,2017-09-11 01:23:59,2017-09-14 14:03:18,2017-09-18 23:43:28,2017-10-16 00:00:00
d7741d0cf16b11975dbdfa4d7dec65c8,65fe86c5d3cc88c0aa04eea0fe5da3f9,delivered,2018-05-04 10:10:39,2018-05-05 12:13:14,2018-05-09 08:31:00,2018-05-21 14:08:49,2018-06-05 00:00:00
e1c82eeb4f8d5ace4c023bfb4c1d7ac9,a329ab5b0e822dc61d1a63ba750dda1a,delivered,2017-11-13 23:52:08,2017-11-14 00:10:37,2017-11-16 21:02:40,2017-11-22 15:50:04,2017-12-05 00:00:00
728e61b2b527529e10ce6ec9b04afaf8,56a50ea5aab26d0f35df63e8258ff4ee,delivered,2018-08-24 16:27:11,2018-08-25 02:35:24,2018-08-27 14:39:00,2018-08-28 19:06:40,2018-09-13 00:00:00
efe4d1d166a22177589c829e967607bc,366aca7911ab9972f9491b316f67183a,delivered,2017-11-19 11:42:54,2017-11-19 11:55:27,2017-11-21 17:38:03,2017-11-23 18:08:57,2017-12-07 00:00:00
fdfc39ba2a42ef960515eb82d4dd84e2,c4f3201c8753984f3b3b52ef4c6325a2,delivered,2017-09-12 19:28:31,2017-09-13 19:35:15,2017-09-15 17:57:43,2017-09-20 21:43:53,2017-10-05 00:00:00
fcdc46a7ff9860879adcb5c85eefd7b3,4fec1b7b504742ac7810b60fad1af235,delivered,2018-03-07 13:13:12,2018-03-07 14:02:17,2018-03-09 00:10:48,2018-03-15 16:19:39,2018-03-28 00:00:00
6ee0abe7b83e046f6ca20743a8c6e7c7,cd6b75f7bf6ec7f8435a42d97e8b240e,delivered,2018-08-06 00:58:48,2018-08-06 01:10:12,2018-08-07 07:33:00,2018-08-10 15:22:27,2018-08-15 00:00:00
3aa38f8fbcbf77b040c2e68ef4458108,412542f62b35d2b8c287b31a335a5480,delivered,2018-03-27 14:29:36,2018-03-27 14:47:48,2018-03-29 12:32:09,2018-04-06 23:08:43,2018-04-20 00:00:00
8c75817539308b6a536d4b8e59cc1e61,4acbfd869b07aaa9aa54f931a52d3f8e,delivered,2018-07-28 13:12:54,2018-07-28 13:44:38,2018-08-03 14:34:00,2018-08-09 16:33:43,2018-08-15 00:00:00
f50e2a8859929cca03fd4a458302ee5a,61b9550767e47b995d772f314d79dc48,delivered,2017-11-09 19:22:58,2017-11-09 19:35:27,2017-11-23 20:21:25,2017-12-05 02:04:40,2018-01-22 00:00:00
df2daf96320942e1449ef115ee1b5624,5ed66a1a89c68472506fa6a66785463b,delivered,2018-08-12 15:22:47,2018-08-14 04:10:25,2018-08-21 08:29:00,2018-08-24 19:59:03,2018-08-31 00:00:00
b2b4949fa00ed92fd42edc6d301163d9,539545039dc5f6f0c5443ed604715061,delivered,2017-07-16 05:09:55,2017-07-16 05:25:09,2017-07-17 16:52:25,2017-07-18 17:18:23,2017-07-28 00:00:00
57ed8be469a185c4797b2d3e82572315,2030f02a01c59aa9cb96db5a9944481f,delivered,2017-07-24 19:45:21,2017-07-24 19:55:20,2017-07-28 18:52:04,2017-08-05 12:07:41,2017-08-15 00:00:00
8530e2069f9db01013a5f935b785eee3,0b076ac974923c786bc7129abb43ee10,delivered,2017-09-06 13:59:32,2017-09-06 17:15:09,2017-09-14 21:52:55,2017-09-21 16:46:49,2017-09-28 00:00:00
a12fbb9545baf2f0bb9c70de9f075aba,1e65961d04cfd45afd328fcca0e9b53d,delivered,2018-04-23 18:33:46,2018-04-25 03:51:31,2018-04-25 14:43:00,2018-05-03 22:06:45,2018-05-10 00:00:00
c2ec803408a0dc72513227acaf96ab43,0e34185be0d8a6aa341e0c217960f002,delivered,2018-05-18 10:37:28,2018-05-18 13:31:21,2018-05-21 14:40:00,2018-06-04 17:26:42,2018-06-14 00:00:00
8a8bf3db20c35d3181fbe956269e0a26,e8db4f36f254e992ce9d5f106307583c,delivered,2018-04-09 10:38:28,2018-04-09 10:50:16,2018-04-10 17:11:23,2018-04-13 19:06:48,2018-05-02 00:00:00
333977327b5c548879a21a3b1fc87c48,a2ce3bbb37aad72f3635ecea09345970,delivered,2018-03-11 11:49:08,2018-03-11 12:30:52,2018-03-14 18:58:42,2018-04-13 20:09:21,2018-04-03 00:00:00
a908872306574c9405b29a838aee5521,66248865be7641119877386694de1598,delivered,2018-07-24 17:04:52,2018-07-24 17:15:20,2018-07-25 11:02:00,2018-07-27 22:48:42,2018-08-09 00:00:00
14129c568e62c007ad8d334de62aca31,0d0df1aeacd390324f3efb6b9518c12a,delivered,2017-11-14 01:49:03,2017-11-15 02:46:35,2017-11-17 20:18:40,2017-11-22 21:22:08,2017-12-12 00:00:00
2322d66af2e4fa6e3d854b5249ca9f6a,6acafcfbc31e026029594e7591798593,delivered,2017-09-03 18:10:05,2017-09-04 18:04:23,2017-09-06 17:55:00,2017-09-27 19:03:23,2017-09-29 00:00:00
b5ee3b06caf9f3c1c7ada2bdf482bb8b,4956e3154346abda5d7f2b155d2923b5,delivered,2018-07-21 14:42:33,2018-07-21 14:55:19,2018-07-24 14:10:00,2018-07-25 18:22:33,2018-08-15 00:00:00
ecf7b1bde783b7b3efeba24af4156fc9,7141a1789cfd3c693be52ad893f9d91c,delivered,2017-04-16 12:35:30,2017-04-16 13:05:23,2017-04-17 14:28:13,2017-04-27 09:18:06,2017-05-10 00:00:00
08ee9c1b1da47ffd2a7c7163aa134b16,b8be9aabc886bf52d9361784b379ea49,unavailable,2017-08-04 21:47:44,2017-08-04 22:04:51,,,2017-09-06 00:00:00
2e203d616e144d45fd13e47098343406,9b6baabf95777726177f7153139da548,delivered,2018-08-06 20:07:38,2018-08-06 20:15:24,2018-08-15 12:28:00,2018-08-21 21:41:43,2018-08-15 00:00:00
75729cd39e546ea4083ab7f3859bb745,aa3e69930a8912ca423373a6b5ac4f56,delivered,2017-02-09 19:33:07,2017-02-09 19:43:13,2017-02-14 13:52:28,2017-02-20 23:57:30,2017-03-16 00:00:00
03b8df6ce0954c5df5e83e0a6caaf5ee,fee0581b939c223a48b5ef0b612aaddc,delivered,2018-02-10 19:15:54,2018-02-10 19:28:11,2018-02-14 22:19:11,2018-03-01 21:18:40,2018-03-16 00:00:00
7575d831a96234bf02a093daaf34e375,60718e1cbcc25b8c949213d955d1ab8c,delivered,2017-07-24 08:36:09,2017-07-25 03:35:25,2017-07-28 18:19:42,2017-08-07 19:37:38,2017-08-15 00:00:00
1e2335cf4dd533488459494190011751,5e24c55ef0779a3c578d272ff7c3d4fb,delivered,2018-02-19 16:42:29,2018-02-21 06:10:16,2018-02-22 16:25:21,2018-03-01 19:05:12,2018-03-21 00:00:00
d18585adacf5dc420841dfb67243a224,cb51e319e8c3bcea224283ec1cbad11f,delivered,2018-08-24 12:41:33,2018-08-24 12:55:28,2018-08-27 18:19:00,2018-08-29 20:45:32,2018-08-30 00:00:00
d868cf92a5a1305fc7277c60062e81ac,5f767a0a4e820c2361c11dab364d3f98,delivered,2016-10-08 17:43:26,2016-10-13 21:09:06,2016-10-24 18:23:40,2016-10-26 12:58:25,2016-12-14 00:00:00
657938f6cc6b388ef70d756aeeda75a9,23a013f994d227fe094eb1d379891c58,delivered,2018-07-27 17:17:40,2018-07-27 17:30:38,2018-08-02 12:42:00,2018-08-06 18:11:40,2018-08-16 00:00:00
0a2f3c7b4abf07c314a043c7044b0522,d13bbecc49b17d5666a341f4151cc680,delivered,2018-05-16 13:57:17,2018-05-16 15:18:30,2018-05-17 12:40:00,2018-05-21 14:34:45,2018-06-04 00:00:00
691c30273e86d88ab9be2ac45e25d516,ae8652a7f987b32a0161f4c72b22ffbc,delivered,2018-08-08 10:47:10,2018-08-09 08:50:25,2018-08-09 15:08:00,2018-08-14 15:18:58,2018-08-20 00:00:00
b3c8c0dd2b042239054fd43c6f63c8ee,b67889fc950ae5502ab17242af1e4117,delivered,2017-02-01 15:30:26,2017-02-01 15:41:50,2017-02-02 16:16:09,2017-02-09 12:17:59,2017-03-06 00:00:00
491d8dc8c735f10c304ddaff40e1b3dd,3aeff83006c8dff024a283840bbafbaf,delivered,2018-01-28 01:08:44,2018-01-30 03:47:17,2018-01-31 22:04:57,2018-02-05 14:52:58,2018-02-22 00:00:00
6682badeb849b39a76e35a275574fe12,7dfe1c4d95d34b7787c5df1b5d96abec,delivered,2018-08-01 09:04:15,2018-08-01 09:15:07,2018-08-02 08:13:00,2018-08-07 11:57:02,2018-08-10 00:00:00
ef18166b5f1dfc60d75435c548674981,c0e2c21e84f18fe6c06cd6bf960cb016,delivered,2018-07-23 20:42:29,2018-07-24 10:31:03,2018-07-24 09:34:00,2018-08-03 19:03:55,2018-08-24 00:00:00
4cfb3d5969df460524508647d27aca46,263d510e1304ff310e0bcc2c8476ac67,delivered,2018-08-15 00:57:27,2018-08-16 03:15:22,2018-08-16 13:27:00,2018-08-28 18:30:30,2018-08-28 00:00:00
10ae81c09f8af0de80d11ebb50e272ec,4498e0fa4951df931bc990d233493cf1,delivered,2018-04-08 23:05:31,2018-04-09 08:30:22,2018-04-10 17:03:09,2018-04-21 16:21:40,2018-05-02 00:00:00
0fa97c6a14424f633800d5cb622a6bb4,e00d37f1223d181e8f32f6f4f6f96c56,delivered,2018-04-28 13:10:03,2018-04-28 13:34:20,2018-05-02 10:20:00,2018-05-14 18:44:45,2018-05-25 00:00:00
cc46818e210f019a0a7c59b03fc43c8e,69a79fd7c17487aa334541535b78ce31,delivered,2018-06-13 17:18:14,2018-06-13 17:39:08,2018-06-14 13:28:00,2018-06-21 19:42:32,2018-07-11 00:00:00
2aa60aae490332613940bcc5eea147c6,eac61be2383e572f69991d5cfa60a0cb,delivered,2018-08-07 14:10:01,2018-08-07 14:25:07,2018-08-08 18:48:00,2018-08-20 17:16:31,2018-08-13 00:00:00
3fc374328e9777bea4d7b40cfa2d2760,1c7d4bf8876c3a085598d708c616563c,delivered,2018-01-16 22:31:01,2018-01-16 22:51:19,2018-01-18 23:59:03,2018-01-24 20:32:34,2018-02-07 00:00:00
9f7d811e4738ca24d33c0dc98d2cba67,57353df37982fb517dc5b6249de5cbb3,delivered,2018-08-12 19:14:57,2018-08-12 19:25:13,2018-08-13 15:24:00,2018-08-17 21:04:22,2018-09-06 00:00:00
86ed2440255dfb35605f2d01dc0a545a,e3873c79ae4773d74c44609750deb7c7,delivered,2017-09-11 08:32:58,2017-09-11 08:45:18,2017-09-12 20:57:45,2017-09-18 19:56:21,2017-09-27 00:00:00
26343f9d74c00cf82b588331730367e9,0d47b685e9e483c338f38fac97429145,delivered,2017-08-23 18:46:17,2017-08-23 19:05:42,2017-08-24 13:22:53,2017-08-25 22:50:22,2017-09-05 00:00:00
770ba60e0114ccb3038b59f95645817d,f0da3c0b52445dd72435116b4d55dd6f,delivered,2017-06-09 11:41:47,2017-06-09 12:04:01,2017-06-12 15:44:59,2017-06-16 09:00:33,2017-07-04 00:00:00
310d1dbc8ae8050a39e80f2a8367047b,576f3b15da54ced001c74d89a328fdc2,delivered,2018-03-15 07:28:22,2018-03-16 04:15:11,2018-03-19 17:24:27,2018-03-26 15:31:19,2018-04-11 00:00:00
313f25a83d55c705aebc12f1296f5059,e5d4897bd517dce6ebd8783fb43a2f53,delivered,2018-04-19 10:57:31,2018-04-19 16:58:36,2018-04-20 17:32:14,2018-05-16 23:39:45,2018-05-23 00:00:00
edd0bd859f89d144f0d026c2e732ccd5,c41355e54aad18c85073d0c77dbe29fc,delivered,2018-04-11 10:48:14,2018-04-11 11:10:39,2018-04-13 01:12:09,2018-04-25 22:03:23,2018-05-10 00:00:00
94a4b177f8c0189f23514b5390fb396f,b8951e5d16903e6458ab37f71d9fba0e,delivered,2017-05-25 21:25:09,2017-05-25 21:35:17,2017-05-26 10:22:13,2017-06-01 16:53:54,2017-06-19 00:00:00
370d5b41dfcdc96d0edb780967153d4e,ed7e76c66f7fc999b2529782eaf34b02,delivered,2018-08-03 07:02:12,2018-08-04 04:10:38,2018-08-06 17:19:00,2018-08-15 17:58:35,2018-08-17 00:00:00
41d85a7a138b7205e32211537623eed3,3f9c9291f2f75b1d262b5125f316490f,delivered,2018-07-16 05:23:31,2018-07-16 21:31:32,2018-07-17 12:51:00,2018-07-23 19:54:51,2018-07-31 00:00:00
e889059fa947bfca9780a3d700b5108e,92667bca006a43aa65f487940238fefb,delivered,2017-10-27 13:49:56,2017-10-27 14:10:19,2017-10-27 20:17:21,2017-11-07 22:41:51,2017-11-16 00:00:00
1200ed0c118de7e4524b65918a42c990,f46837583188d7b1c0c09395eb4e0611,delivered,2018-07-17 20:23:46,2018-07-18 04:35:15,2018-07-18 13:43:00,2018-07-27 13:24:50,2018-08-03 00:00:00
e21fd08d7e36f975120cb6392ee71ad7,c45bf3cd714e56d9b6604c76ff05547a,delivered,2017-06-28 16:22:42,2017-06-29 16:30:23,2017-06-30 14:33:57,2017-07-11 13:04:53,2017-07-26 00:00:00
82f8075cd1fb2c19c0913c34ccdc969f,61dd66dd9e57068ab1a9d2558f16b97a,delivered,2017-10-29 21:12:37,2017-10-29 21:25:49,2017-10-30 20:07:31,2017-11-03 18:31:37,2017-11-29 00:00:00
84a80b02b3af075990fc7d9d2369f066,f792e419335df11d82c32efcfb09c51b,delivered,2017-10-15 19:33:54,2017-10-18 08:35:17,2017-10-19 22:27:47,2017-11-03 11:08:03,2017-11-10 00:00:00
e102402236ce8457d678acd1d3370e64,72e3a759c87ce3752d2aa17d670696ea,delivered,2018-03-20 20:12:16,2018-03-20 20:29:07,2018-03-21 22:35:43,2018-03-26 20:40:03,2018-04-09 00:00:00
00b676b01c289cc661c6f7732492771a,ca9a6ae226341827c9614ce7568db46c,delivered,2017-08-02 15:30:42,2017-08-02 15:45:15,2017-08-08 15:37:43,2017-08-15 11:22:26,2017-08-24 00:00:00
a15e73bbba8b02796a4e55ac24ed1763,890aeee0bcc4d977182d5ef06037631e,delivered,2018-05-06 22:37:01,2018-05-08 19:35:08,2018-05-10 18:29:00,2018-05-16 15:26:56,2018-05-28 00:00:00
b3972553659428ed5bedf02023057ada,3e28146b1969573495023a593a711bb1,delivered,2018-02-27 14:40:30,2018-02-28 13:40:22,2018-03-02 21:35:55,2018-03-22 22:12:27,2018-03-28 00:00:00
10498ac6120c866ce631762f4e5dc422,6656ef7022a50363c7be5fbf52d90e80,delivered,2018-05-15 20:45:24,2018-05-15 20:56:29,2018-05-22 13:28:00,2018-06-12 17:40:58,2018-05-30 00:00:00
9eba5a32e40d897f480d2404946b99e1,dc076f27547879d56468224b3055c89c,delivered,2018-01-11 18:22:07,2018-01-11 18:29:31,2018-01-13 02:45:08,2018-01-17 16:38:52,2018-02-08 00:00:00
11a9088002b4fdb9c21827b2b585dcf7,f79c9ce96b5c0d7c708917616a0ba2fe,delivered,2018-05-15 09:10:10,2018-05-15 09:33:18,2018-05-15 13:52:00,2018-05-18 19:55:32,2018-06-13 00:00:00
4526b32a6f35ff4b865facdf3ec8e567,34f4621d799ac14523b39ac5ae2eaadf,delivered,2017-04-13 14:21:04,2017-04-13 14:35:14,2017-04-17 10:44:16,2017-04-19 07:48:01,2017-05-05 00:00:00
66797603772acb9fffb18082921fd797,8a52b433e49050cd4ec16ab27b93de9b,delivered,2017-05-10 09:42:14,2017-05-10 09:55:17,2017-05-16 16:46:17,2017-05-22 15:36:05,2017-05-30 00:00:00
fe47441c9ed531822f6d059dad50ae94,7536bbb4c2f84cc53bb71c0b3b239ce5,delivered,2017-06-29 17:42:42,2017-07-01 05:05:20,2017-07-03 11:03:50,2017-07-06 16:33:36,2017-07-28 00:00:00
b055582858f3b6c37cb849a1234da73d,d10a74a9c88b7a38b6c61c09e2f63415,delivered,2018-03-15 17:34:36,2018-03-15 17:55:43,2018-03-22 00:18:26,2018-03-22 16:52:38,2018-03-27 00:00:00
1e2eefb7d4535b86f105f75ea6125a47,2c0a50f85601b8f4dc450e4d824ab203,delivered,2017-12-29 19:20:15,2017-12-29 19:32:23,2018-01-05 11:54:00,2018-01-20 15:59:29,2018-02-05 00:00:00
530f0b502a10113c941020e18644ba91,d4dac9692656542fc150ae64b184ab1f,delivered,2018-03-15 21:26:43,2018-03-15 21:48:43,2018-03-16 22:36:31,2018-03-20 05:14:35,2018-04-03 00:00:00
083a4afaefd6690e5cf5918275c4e413,e0ee6f058f6afeb08927a7eb2d1aaf40,delivered,2017-09-13 05:53:17,2017-09-13 06:10:10,2017-09-14 22:26:30,2017-10-07 16:38:04,2017-10-02 00:00:00
ab4d0987c77bb6437a463c0b0af774e9,77e64fdfe65c71161a5e726dc9e4eb73,delivered,2018-05-14 16:12:45,2018-05-14 16:36:58,2018-05-16 12:23:00,2018-06-06 20:58:45,2018-06-12 00:00:00
6d968ecddfdc64031edb07f29ab012b7,1a36991949c23681997e1f6fd0cb8726,delivered,2017-05-29 22:07:26,2017-05-29 22:22:32,2017-05-31 11:21:07,2017-06-06 16:17:03,2017-06-28 00:00:00
ee0305b16d7043689de7f3b4dd342093,ba43287dfe6db92bb0d2619bdffa26ef,delivered,2018-02-02 08:23:42,2018-02-02 08:35:29,2018-02-05 10:37:36,2018-02-06 15:56:58,2018-02-20 00:00:00
7c1c5e8663c5ad8301107e55917a3c5b,39a39e48377dcabb11e2915a225e13d0,delivered,2018-04-23 13:44:11,2018-04-24 18:16:29,2018-04-26 10:01:00,2018-04-30 21:18:36,2018-05-11 00:00:00
11658ef3bdfaf6a5d20927c19404c1d7,64db2343d52d9c28c5b8a94d08352a3a,delivered,2018-06-25 16:50:08,2018-06-25 17:19:01,2018-06-26 15:19:00,2018-06-27 11:28:31,2018-07-11 00:00:00
17784b9fbb37fb0bdc230d8ed6f6b355,023cf83ac35d703a6f3c1b31bcf844d5,delivered,2018-03-08 19:06:08,2018-03-09 19:08:21,2018-03-12 23:27:21,2018-03-23 15:08:41,2018-04-04 00:00:00
278ffae8d541775ba53338a54ee391a3,74a975276d0c266162d2ee51a6fccea9,delivered,2017-10-03 14:29:58,2017-10-03 14:49:17,2017-10-04 19:59:41,2017-10-30 20:34:47,2017-11-07 00:00:00
3dd1232f9ae258b596e0189d82e2a222,6be9823eb869ab196576be1fb27c9f82,delivered,2018-06-04 17:17:07,2018-06-04 17:32:50,2018-06-05 19:03:00,2018-06-06 15:04:50,2018-06-28 00:00:00
4c959cef952d956648c3e32fe04cba51,6ca0d9c6f1ae92749f2559e37bc1343c,delivered,2017-05-03 13:59:24,2017-05-03 14:10:19,2017-05-04 13:29:02,2017-05-08 11:52:06,2017-05-29 00:00:00
56e7dc50531017cea79acb3edf5a9173,11f312ef72bdca82219eca082d2cff92,delivered,2017-12-26 13:20:13,2017-12-27 04:10:41,2017-12-28 17:12:45,2018-01-05 18:22:18,2018-01-23 00:00:00
41af01777ef42cf0c9fd74b31dccb367,0472271024b60ed1f590ae051238741a,delivered,2017-02-16 11:53:48,2017-02-16 12:31:24,2017-02-17 14:28:14,2017-03-02 16:39:08,2017-03-20 00:00:00
0a8b7ed1fb705a8af99575dc742cd328,de10aea6bf74351ad7b1356c45fafb6a,delivered,2017-07-20 14:00:11,2017-07-20 14:10:19,2017-07-25 20:43:04,2017-07-28 21:04:28,2017-08-09 00:00:00
3137ad5aa5e36a39d95147f1e5678290,aad1444f5011eff5c501ed9598fb5265,delivered,2017-04-18 14:26:21,2017-04-18 14:42:20,2017-04-19 11:05:22,2017-04-27 14:11:24,2017-05-10 00:00:00
60daa4a268abed33342c630084e5c132,1e567f9af3198d75fe6680035bb0620b,delivered,2018-04-18 21:50:31,2018-04-20 07:10:59,2018-04-20 18:32:54,2018-04-27 18:03:02,2018-05-23 00:00:00
f518949d44e76c5b33a8d2019191acae,da69c47603f71c5571d7499a72adbe1a,delivered,2017-07-02 19:39:13,2017-07-02 19:50:17,2017-07-03 13:19:31,2017-07-10 19:32:22,2017-07-25 00:00:00
ff9286bbe2d5d57f1b1834d131befcca,2f0b84be27dafbb3ddcfd1ab226c51c8,delivered,2018-04-26 19:01:56,2018-04-27 03:30:53,2018-04-27 15:25:00,2018-05-03 23:12:46,2018-05-18 00:00:00
2aa84fed649f269430fbb4f261e77e7f,687c29e95e8d8c4b6109dabee2c6742e,delivered,2018-04-07 22:34:58,2018-04-07 22:50:15,2018-04-09 17:48:34,2018-04-24 00:34:43,2018-05-03 00:00:00
14f0a731b7bacd25973e4b5edc708af7,6cd3c69c45ad8a995e52d8bd6b945397,delivered,2017-03-31 16:40:57,2017-03-31 16:55:19,2017-04-03 09:37:08,2017-04-20 11:46:38,2017-05-02 00:00:00
bffcc9542fded0634d8f15fed3c24b86,f544d0bb140c7e5fdd11cb593b6a000c,delivered,2018-02-04 14:51:57,2018-02-04 15:10:22,2018-02-07 23:37:07,2018-02-22 17:12:34,2018-03-08 00:00:00
6f71a1eb4c4b6a4344b621027047019d,de0c8d1a8c0334c970833a27d1d960cb,delivered,2018-03-15 12:00:33,2018-03-15 12:15:38,2018-03-19 17:56:41,2018-03-28 20:27:38,2018-03-27 00:00:00
e7d21c24070fcbf69b6bb15b10a8ba14,878fb7268261810f07f1f10e36624224,delivered,2018-07-31 13:03:44,2018-08-02 05:15:20,2018-08-07 13:48:00,2018-08-13 13:52:40,2018-08-27 00:00:00
1ae3abfcd12459a836834a171af03e2e,756a1d801af3396def85b8df54207f6b,delivered,2018-08-18 10:55:43,2018-08-20 14:36:12,2018-08-21 13:28:00,2018-08-28 18:24:34,2018-09-06 00:00:00
310a0d29a24aac9be0dfee5e0fa45204,fe3d5f55398a4f615e48725f02ffc5b1,delivered,2018-01-14 20:36:47,2018-01-14 20:49:15,2018-01-17 12:47:43,2018-03-01 20:38:46,2018-02-08 00:00:00
c59679b415e5432675f2d3e88febaa7f,d0bb01793503cda781a4a5fb7c8aeea8,delivered,2018-05-02 07:25:13,2018-05-02 08:09:15,2018-05-05 08:40:00,2018-05-11 02:14:42,2018-05-17 00:00:00
6c3416485c9a6bcd0118e636c4083591,70a9efc5396b189e1992166fbe612bde,delivered,2018-04-05 20:12:22,2018-04-06 22:49:06,2018-04-09 19:32:38,2018-04-11 13:10:35,2018-04-23 00:00:00
e106b2aa22c79b74e63278606016c679,c4193b595961202b2590454d0517706b,delivered,2018-04-26 10:43:55,2018-04-26 16:10:54,2018-04-27 14:23:00,2018-05-03 21:05:46,2018-05-16 00:00:00
e12b22c34034589b6eb958933031f6df,c8b62abdf38861f109dc76c431ae2267,delivered,2017-11-24 00:14:38,2017-11-24 00:49:58,2017-11-24 19:51:19,2017-12-02 15:48:26,2017-12-15 00:00:00
668d116236ca17dc621c9088d7acfbfc,086eb4bb06e44c9b9fdc153936780990,delivered,2018-06-13 19:09:16,2018-06-15 02:36:54,2018-06-15 13:29:00,2018-06-20 19:44:36,2018-07-04 00:00:00
f3f436a397e0d4d39a607a4f7866668c,ce52946bd084285588a2d44aac2394ed,delivered,2018-02-12 18:03:06,2018-02-12 18:10:36,2018-02-14 16:38:36,2018-02-15 15:42:49,2018-03-01 00:00:00
edb5ab08b946e1947a7cbb9f7752594c,e4c18b1d85bec5e416e41c1faabf9dcd,delivered,2017-10-03 14:10:36,2017-10-04 14:07:27,2017-10-04 21:34:12,2017-10-17 22:32:25,2017-10-20 00:00:00
3ff3e0241cd468153cd4ab4f3f20a04b,c7cc70a59fb54a90b89405c8e34f3a67,delivered,2017-12-30 12:50:05,2018-01-03 04:31:21,2018-01-04 21:09:43,2018-01-12 15:27:25,2018-01-18 00:00:00
8ebaf041cc8d84dc5436959bab95f2ce,f6add80f942705dcec015e794caa6216,delivered,2018-03-21 14:04:40,2018-03-21 15:16:10,2018-03-22 21:12:35,2018-03-26 16:11:26,2018-04-03 00:00:00
f29059714a02a0730711137a8a8448b9,aec1007daefc1ef2206c801c32baab18,delivered,2017-12-02 14:05:22,2017-12-02 14:17:23,2017-12-06 01:44:44,2017-12-13 23:19:09,2017-12-29 00:00:00
097452f101cb19b0ccc80d3a980d9755,4a4468855065f3194a120ebbea06e6c0,delivered,2018-03-15 16:36:42,2018-03-15 16:50:38,2018-03-19 09:48:59,2018-03-27 21:41:14,2018-04-11 00:00:00
961a93eba7486b47946616baaf442372,635907639653dd271a9d6df5bf5da1f2,delivered,2018-06-03 19:26:15,2018-06-03 19:35:12,2018-06-04 12:07:00,2018-06-11 18:55:49,2018-07-05 00:00:00
08427834d148946950a3fe92a596e1e4,3e81e563f2a3acd04452464c14ca1082,delivered,2017-11-29 14:14:58,2017-11-29 14:33:43,2017-11-30 16:42:18,2017-12-11 23:14:23,2017-12-28 00:00:00
b702c6524d4baf782b6ef517fbef082b,23079f31a6675ff1d6ff98333d5aecf2,delivered,2018-02-15 14:05:35,2018-02-15 18:30:34,2018-02-16 22:28:23,2018-02-21 17:42:17,2018-03-08 00:00:00
3f6670995954b34c0398e06391f7494d,c3ffeaa392284be251124a112629c41c,delivered,2018-04-28 12:48:18,2018-04-28 13:10:06,2018-05-03 11:34:00,2018-05-09 22:36:55,2018-06-01 00:00:00
388d1145ac72ea94751f572092f5287c,c7f397d8574d2a4a48fcaa7d6cd7a0a7,delivered,2018-02-13 10:06:18,2018-02-13 10:40:26,2018-02-16 01:55:02,2018-02-21 21:49:12,2018-02-26 00:00:00
5751393707f2a02613754fb5d13c8925,d3316a2b117f62c240ea5a483864dac5,delivered,2017-05-17 22:26:06,2017-05-17 22:42:27,2017-05-18 15:57:44,2017-05-31 05:53:53,2017-06-19 00:00:00
ef9e99b54f2c9f69f4182e2c5f913061,18028d2f006454a2d7d05fd3c6e56163,delivered,2017-08-10 08:45:05,2017-08-11 04:25:05,2017-08-11 18:58:47,2017-08-17 17:13:08,2017-08-30 00:00:00
5e1d55263f67d8c2b166ec2f5cce1062,e6a3e58c3a82747a24626629fb9aabf8,delivered,2017-11-24 06:45:52,2017-11-26 06:54:33,2017-11-29 00:33:49,2017-12-05 21:34:11,2017-12-14 00:00:00
a0136785ec3c056ae845b0a1fd1578fd,3df745ae77e3d641ef816851851c6f49,delivered,2017-06-12 07:38:17,2017-06-13 03:55:22,2017-06-16 07:21:57,2017-06-30 14:07:54,2017-07-05 00:00:00
8b141e527f5e1f02caf783718ab2af37,f6ef93ec627c040d36e4e4e3b7ea9037,delivered,2017-12-18 12:33:29,2017-12-20 11:50:44,2017-12-20 21:18:15,2017-12-21 18:40:23,2018-01-05 00:00:00
b8cbd785d723a9bb46690512ee7b5440,3f107d24eaa727aacad371b02a0efdea,delivered,2018-04-25 15:25:21,2018-04-26 15:32:59,2018-04-30 10:42:00,2018-05-07 11:38:28,2018-05-11 00:00:00
6efe4ff2544602e95707b5e756e74712,2c9bda7cfb72f6946d6ba588a60c4039,delivered,2018-04-16 20:40:44,2018-04-18 02:11:20,2018-04-18 22:28:35,2018-04-24 22:12:36,2018-05-09 00:00:00
ee5c259515ecb317e1e70dc9e84fdab4,a6f67d35320e71554f65e226ffa21ff3,delivered,2017-09-02 16:50:32,2017-09-05 04:30:13,2017-09-06 20:51:20,2017-09-12 19:22:25,2017-09-25 00:00:00
dc079c0bf55da9490de9675a9c407230,b792ed1781861557e76afc7d703807b6,delivered,2017-07-17 10:37:43,2017-07-17 10:50:20,2017-07-17 18:11:59,2017-07-20 15:51:18,2017-08-10 00:00:00
9d861ac27142c9f86a4787f50247f486,dda506e73a7b3cad2ce4b09e0ffb5e68,delivered,2017-07-20 17:32:44,2017-07-20 17:45:18,2017-07-25 21:47:44,2017-08-14 13:13:36,2017-08-21 00:00:00
691ae3791090baa73a918bece7c1d443,50f4ec7d46a714a53d430d880a9636f5,delivered,2017-08-01 13:13:42,2017-08-01 13:30:18,2017-08-02 18:03:30,2017-08-09 19:54:39,2017-09-04 00:00:00
39dd2e6b9da61a6882d7cf708508c071,64c7ff0fa53d71749aa0b0db66deece9,delivered,2018-07-19 11:30:58,2018-07-19 11:45:16,2018-07-20 11:23:00,2018-07-24 00:45:40,2018-07-27 00:00:00
3675f490195ac2070f7f45581da241c9,64e3c3576b1c76841c56d4fec94c5264,delivered,2017-11-22 16:45:16,2017-11-22 16:54:38,2017-11-23 13:14:34,2017-12-05 15:33:45,2017-12-12 00:00:00
c3988689891767f65a1177f804082558,2071060ac01b6750222586cfc5e73111,delivered,2018-06-20 11:18:38,2018-06-20 11:43:44,2018-06-20 13:29:00,2018-06-26 20:27:35,2018-07-16 00:00:00
0c5f595f24dcb36af04ddd9c0655d4ab,37e6ea49e170e1146b094fffe5a66938,delivered,2017-08-31 07:59:28,2017-08-31 08:10:09,2017-08-31 19:37:46,2017-09-05 22:19:31,2017-09-26 00:00:00
c229c6a2f0ecb33d8e2779ebddec3a1f,dbc047eaa85519da2bbb99843a45938d,shipped,2017-12-13 21:24:35,2017-12-15 21:31:18,2017-12-18 19:03:21,,2018-01-02 00:00:00
464de32dc84484c1d26df3e8e38e708b,27129ce1ebca4ffa23a049c51cc8ec95,delivered,2017-01-05 15:25:04,2017-01-07 03:35:36,2017-01-11 15:59:08,2017-01-17 16:09:40,2017-02-13 00:00:00
65dd890ad9d1c2c3552f35e9e0bd6092,0f626c360cd11bf6a7aab968ba6122c5,delivered,2018-08-11 08:04:22,2018-08-11 08:24:40,2018-08-13 16:09:00,2018-08-14 21:43:51,2018-08-17 00:00:00
e20a706ac55f135718368acf3c333dc4,a5d154657615af89c19f5d280eaef844,delivered,2018-08-05 22:22:38,2018-08-05 22:35:17,2018-08-07 13:07:00,2018-08-14 19:32:54,2018-08-28 00:00:00
57217ef77e862987dddfc41fb7c3eef5,4d18b4ea5024539652cb5b4919fa9f0b,delivered,2018-05-12 15:53:26,2018-05-12 16:11:34,2018-05-16 15:51:00,2018-05-23 18:45:28,2018-06-06 00:00:00
c58280939363439540f5e35a91a5e296,ed98488aa6e937952b6717bc933f0d70,delivered,2018-08-06 10:23:00,2018-08-06 10:35:11,2018-08-10 15:50:00,2018-08-16 18:32:02,2018-08-27 00:00:00
3ff04db80f0b2c359e8e47fdb913d826,8a861c441f42b3297875a0eb3bf98b5f,delivered,2017-01-27 13:37:09,2017-01-27 14:31:27,2017-01-27 15:20:47,2017-02-07 10:11:26,2017-03-08 00:00:00
4445dce651ca1507b70574af329d7405,929fd9448095bf482d53450ac67a7c86,delivered,2018-03-27 14:44:45,2018-03-27 15:07:58,2018-03-28 22:28:38,2018-04-17 17:08:55,2018-04-17 00:00:00
48234093c963b181210813cda29c7e2e,51d7998eb869905c8e7d8224148f7994,delivered,2018-03-15 15:56:23,2018-03-15 16:11:07,2018-03-16 17:49:13,2018-03-28 19:14:46,2018-04-05 00:00:00
3aa52f9aeb048835809dc5310e883c6f,3ab0c6e6d82fe8be49235a826d38f9ca,delivered,2017-11-24 09:47:09,2017-11-24 13:13:22,2017-11-24 20:09:04,2017-12-14 05:04:50,2017-12-28 00:00:00
09c530d73b3f36bbcd4d3b2268abfe12,790d601e60e27df9dcf5e5399cb821e4,delivered,2018-03-27 09:24:23,2018-03-27 09:35:17,2018-03-27 20:47:28,2018-04-04 18:20:29,2018-04-25 00:00:00
5e4a2c2216db84074d84d5e2455aaefb,380cb69aad9e2d9ee9ad744afac47c66,delivered,2018-03-27 21:53:45,2018-03-27 22:07:52,2018-03-28 17:24:50,2018-04-04 12:43:41,2018-04-24 00:00:00
ec47f6d453c95a0bfc244df7bf0262b8,bc2c3f39dc37bab49bdb42ea49d0b538,delivered,2018-05-13 16:41:07,2018-05-15 04:12:20,2018-05-16 13:52:00,2018-06-05 12:58:19,2018-06-12 00:00:00
7f1159c14b23fc83c21b4c3af15c092a,7ae21bd509e4bd3d0a7a19bd53e4e943,delivered,2018-07-02 10:00:43,2018-07-02 10:11:21,2018-07-03 13:08:00,2018-07-13 14:08:24,2018-08-02 00:00:00
74b3a38f8170c2d92a0761c89a584a7a,beb4ab49ae293cb5491e8b197f1bd1e9,delivered,2017-12-23 18:46:49,2017-12-27 04:14:52,2017-12-27 18:28:46,2017-12-28 20:09:59,2018-01-18 00:00:00
ccb305c5e4d5aba538319152fb92cd7f,b43190595a282dad80ccae2c10dd715a,delivered,2017-11-02 11:59:55,2017-11-04 05:45:53,2017-11-07 16:27:42,2017-11-16 14:51:43,2017-12-01 00:00:00
b65f0508b5b5fa22d363a4e5f2462553,17d6df4096a1c00747f9ce42da818f96,delivered,2017-11-07 19:16:30,2017-11-07 19:26:28,2017-11-08 18:42:36,2017-11-14 22:29:01,2017-11-27 00:00:00
65e58aacdb27163c49aeb7382b07efb3,dc2195dabc9eae520ef884be35677475,delivered,2017-03-01 17:55:35,2017-03-02 03:41:45,2017-03-03 14:34:54,2017-03-07 18:44:01,2017-03-23 00:00:00
067a8c6d7efd34e3595ef4bf1500c766,1cd3d15b7c69baa3eba6c7807213f1ef,delivered,2018-01-28 09:57:54,2018-01-28 10:10:33,2018-01-29 18:03:47,2018-02-05 13:58:51,2018-02-23 00:00:00
9c1ef8552f9a1af4860b014689f6be79,606ce29a35f60bf161e41d4ea848b9fd,delivered,2017-02-02 16:04:21,2017-02-03 03:45:42,2017-02-06 15:35:53,2017-02-08 14:08:01,2017-03-02 00:00:00
56a879c57a3b6118c13d30799d1ae6a2,e91dcb655cec02c3277a5c66bac74e04,delivered,2018-04-19 23:00:36,2018-04-20 00:16:36,2018-04-20 18:53:29,2018-04-26 18:12:38,2018-05-22 00:00:00
c1a3c19dff6500babf78f097560b3107,1f0e5627ab7f200afcc77b408b918ad0,delivered,2018-06-19 14:47:41,2018-06-19 15:19:22,2018-06-28 14:15:00,2018-07-03 20:14:58,2018-07-23 00:00:00
d9ef01ac2f68b2c46dd0440941e6e70c,ef777cf6e278821f71bb4e1287d09fb6,delivered,2017-07-12 21:19:09,2017-07-12 21:30:15,2017-07-13 18:08:46,2017-07-21 16:33:35,2017-08-03 00:00:00
e2996995ad3333a8bacc03c5a03e3a69,e456757cd043932cb378a9dcf6e139ce,delivered,2018-01-16 12:30:12,2018-01-16 12:37:43,2018-01-17 17:38:31,2018-01-26 20:03:05,2018-02-09 00:00:00
b3649df4cb5bcfe7327c331b443f2e59,85002c1462f6aa01a06906e74fce227c,delivered,2018-01-31 11:46:23,2018-01-31 13:54:59,2018-02-01 16:11:43,2018-02-03 09:49:23,2018-02-16 00:00:00
10247742e08ee32225ec4da5725ead48,05748049eafd0da8f0a37ce5cda4dce2,delivered,2018-02-18 18:26:06,2018-02-18 19:30:31,2018-02-20 17:40:22,2018-03-05 22:37:00,2018-03-21 00:00:00
b39c24b97fedca1cb67932d9864957c6,89141b4c6cae95109f80cd2c209765a6,delivered,2018-06-18 13:48:28,2018-06-18 14:19:16,2018-06-18 12:53:00,2018-07-03 16:46:44,2018-07-12 00:00:00
033bfdc56fab7dbb0a16e655b64b620d,139b2fa5344522313ccd1b544ec70ec9,delivered,2017-11-24 10:28:25,2017-11-24 11:51:42,2017-11-30 18:11:34,2017-12-12 22:21:41,2017-12-21 00:00:00
8e62a916598b1e9653b5c5b8ade92fed,aba3d57d2176fbbc5937098c6120e90c,delivered,2018-01-04 22:09:33,2018-01-06 02:08:55,2018-01-25 18:14:28,2018-02-26 21:27:11,2018-02-05 00:00:00
012eab2625c5f8aaac6f37f2c19ef62f,6cd14b229f3969efc4e799d5a58af63c,delivered,2017-11-04 00:38:14,2017-11-04 00:50:19,2017-11-07 15:42:15,2017-11-14 17:14:33,2017-11-27 00:00:00
05e8d222c5597784b04c804e183599c7,9ee50c5ffc022a4e663f5d4af3de3d75,delivered,2017-11-22 17:47:12,2017-11-22 18:06:45,2017-11-23 19:03:57,2017-12-07 19:51:40,2017-12-13 00:00:00
01cc355e35cf24d314afe6de16c38712,f0d95b3d8428cd02d2074a86f06b9519,delivered,2018-03-26 18:47:24,2018-03-28 02:47:35,2018-03-28 21:11:14,2018-04-11 00:46:43,2018-04-16 00:00:00
f4d86b9acca54b415270df8ea6e6945d,7c4e47338fa072729a94fc1b18e6531b,delivered,2018-08-01 18:06:51,2018-08-01 18:23:51,2018-08-06 12:24:00,2018-08-20 23:14:24,2018-08-27 00:00:00
703038e5100dc9b85add366da67ad6c1,65ce638769e46f0ce2eb1e5c209a9386,delivered,2017-08-01 09:34:16,2017-08-01 09:45:27,2017-08-02 18:17:53,2017-08-15 18:25:55,2017-08-25 00:00:00
bb7817474bcd6bb7ddfeb4180a5a61d3,135a5956797e7322fb86fa4925b1463d,delivered,2018-02-21 21:01:47,2018-02-21 21:10:29,2018-02-24 17:51:54,2018-03-05 10:51:39,2018-03-16 00:00:00
80f94a476554543da8d73964e2486102,901421ae0b470ecdd15c3bd4c880e8e9,delivered,2018-02-06 00:17:56,2018-02-06 00:30:41,2018-02-07 23:19:01,2018-02-26 16:10:25,2018-03-12 00:00:00
a2b641f30be1e5a530738ffe99633544,319b159b331531b985da20be3b4cb47e,delivered,2017-05-19 18:35:57,2017-05-23 03:25:29,2017-05-23 10:19:33,2017-05-31 09:44:04,2017-06-12 00:00:00
49c95c693647934576c041ce758a0310,34e9ab7101f384c10e91e5af8111bb3d,delivered,2017-08-17 16:09:34,2017-08-17 16:45:14,2017-08-18 15:25:45,2017-08-28 19:36:36,2017-09-06 00:00:00
f0913360b958b782d31d3d9f4a8c66f5,8be0a881460ad503bd088bdd789a98d2,delivered,2018-08-10 21:11:02,2018-08-10 21:25:16,2018-08-14 14:14:00,2018-08-23 19:42:52,2018-09-03 00:00:00
484ab8a13180429b94330c723289a4f2,8ebb42233d9090807b6879b1eb1631bc,delivered,2018-07-18 11:43:30,2018-07-19 11:42:55,2018-07-20 12:29:00,2018-07-21 16:38:39,2018-07-26 00:00:00
d47275f7c8f1c128471944cf03903a2e,9161db87e1b6fc823b4ad4a93d01884c,delivered,2018-07-01 16:28:54,2018-07-01 16:49:49,2018-07-03 08:12:00,2018-07-04 01:32:52,2018-07-23 00:00:00
7556c85b16f3a5e87b5f96a42778b7a5,99c5debffbfedd7eff8c6a6999291633,delivered,2018-02-17 11:12:30,2018-02-17 11:26:54,2018-02-20 16:39:11,2018-03-05 22:33:24,2018-03-14 00:00:00
ae85b9887d49eb8e4e35cea1435a52d8,6efaf0b3597440cb86693d1fe9aad5fc,delivered,2018-03-18 19:20:24,2018-03-18 19:35:24,2018-03-24 00:50:49,2018-05-15 22:04:49,2018-04-18 00:00:00
c7e9244a9fdf9ae33fd94f55e7e24741,c2b203e77ebb1bf1333bee2146999f3d,delivered,2018-08-24 09:18:20,2018-08-25 02:50:18,2018-08-27 14:55:00,2018-08-30 12:52:28,2018-09-13 00:00:00
c67c325777b78917b4b2a84c917d3f0e,b0fc9d23c86149cfb86ee6fc64ab22cd,delivered,2018-04-06 13:16:51,2018-04-06 13:30:16,2018-04-11 01:02:14,2018-04-16 14:48:34,2018-04-30 00:00:00
567bc8dfa02c16b606eaae6cf970d50e,5508e014bc14eb57855dc36593ee73b2,delivered,2018-05-14 14:59:26,2018-05-14 15:17:51,2018-05-15 10:33:00,2018-05-16 22:55:52,2018-05-22 00:00:00
5144dbb4f6ca252c6c13a14f26c3fbe6,8ffa1ee9742c30cdbf8c65e4242fd7ab,delivered,2017-09-12 22:04:48,2017-09-12 22:15:23,2017-09-13 18:17:58,2017-09-27 18:23:28,2017-10-03 00:00:00
adc34e61cc1a93fc2c76f9193190249a,52eb67e00aafaf50dafcc51e1cef4c08,delivered,2018-07-08 13:31:54,2018-07-08 13:45:29,2018-07-10 06:58:00,2018-07-21 18:26:44,2018-07-25 00:00:00
38fc0077bb82a927b530aec218ce1ac4,eb99d5715f41ec3756870ff3a01c2959,delivered,2018-03-17 16:39:20,2018-03-17 16:50:42,2018-03-20 18:32:19,2018-03-22 21:08:39,2018-04-06 00:00:00
1a7eac11fedf646a6ee3c3136458da69,9aca0bfc952e0fadb24258a836aa6815,delivered,2017-05-07 11:35:07,2017-05-07 11:45:14,2017-05-09 10:12:22,2017-05-22 11:44:08,2017-06-06 00:00:00
8a199f2aee407c4c7741874bb2394650,79cd1f04940ab24d2c19981dd840479a,delivered,2018-01-08 12:49:06,2018-01-08 12:59:27,2018-01-09 21:19:41,2018-01-30 22:48:15,2018-02-19 00:00:00
ea9330e05ddad6813a35320d4d659368,35d033f9f67cb0d4e28e2bb6e971ce85,delivered,2017-03-09 15:40:06,2017-03-09 15:40:06,2017-03-10 15:31:38,2017-03-20 17:14:11,2017-03-30 00:00:00
73dfec91f44d4356d6abcf6cbbbcfe90,8c699d5d2606b7cbfe0e3a8bbf1a3fec,delivered,2017-11-21 22:55:37,2017-11-22 15:26:47,2017-11-25 11:03:35,2017-11-30 15:53:20,2017-12-13 00:00:00
6789a1de9a37be580653e51fc6458776,d76512c766b6191a31760b27a3a671fd,delivered,2017-01-20 14:43:44,2017-01-20 14:55:10,2017-01-23 11:19:06,2017-02-17 13:28:01,2017-03-02 00:00:00
b4c693a7307b4b641db8b474c9875dad,10328da232a833bbc058322c5f545310,delivered,2018-01-25 14:19:53,2018-01-25 14:31:45,2018-01-26 17:32:41,2018-02-02 02:38:31,2018-02-21 00:00:00
e27c7d40e51c72cdb3841c34f9f1f301,d7d4185b1a5691e966a78aeb26ec2558,delivered,2018-03-31 19:39:13,2018-03-31 19:50:15,2018-04-04 02:11:12,2018-05-17 20:34:30,2018-04-24 00:00:00
92ea353b61f62c1121b70453598471ce,d02942920f4c35d7efd4a0c60c630a5d,delivered,2018-05-11 22:03:03,2018-05-11 22:17:07,2018-05-14 12:05:00,2018-05-16 21:04:25,2018-05-24 00:00:00
7bbf4d89a154102fdd36ae71da6e0326,9eddcde2d8585df42f3ed59e4a86d0e3,delivered,2018-01-01 21:27:02,2018-01-02 13:31:26,2018-01-03 20:22:36,2018-01-10 17:51:53,2018-02-08 00:00:00
a89773db642a632c5cf8534ce1a49b28,afae641675ee633694d73d9d46a529f9,delivered,2017-12-25 10:40:53,2017-12-27 04:07:46,2017-12-28 18:53:57,2017-12-29 20:18:54,2018-01-18 00:00:00
94cab359d45ddd582953e6e793a9724c,7f033cc612ecfffbe7c1ca5e4807a5cf,delivered,2018-08-03 11:26:48,2018-08-03 11:44:11,2018-08-03 14:49:00,2018-08-09 17:56:46,2018-08-16 00:00:00
4a8c411435966af42c48f7de7714c2f6,b47466b05aaa9bacb7b8aa2302c2b525,delivered,2017-06-26 08:12:49,2017-06-26 10:33:15,2017-06-27 14:12:17,2017-06-29 16:41:55,2017-07-14 00:00:00
bfdf4bee2bbeba55c7055d95d79f4304,f4d9f21684c6295872200e1548aa10f6,delivered,2017-08-15 15:40:43,2017-08-15 16:35:26,2017-08-16 14:04:55,2017-08-24 18:49:57,2017-09-06 00:00:00
bb0c66e312ff8cb97698f012cd92553c,ed9f0ee66c055c608a8953f2def538f1,delivered,2017-11-19 17:05:09,2017-11-22 02:56:28,2017-11-23 17:52:51,2017-11-25 00:06:40,2017-12-06 00:00:00
d7286844f1cfcbf3932adba03a2ab3e7,2635f04ed41ad1fe54ae175944cba50c,delivered,2018-02-06 09:07:46,2018-02-06 09:30:01,2018-02-06 18:55:02,2018-02-14 21:16:53,2018-03-05 00:00:00
54e6d56639c48dcd78037b9ad99178f8,949fe116e7f5d351f06328b4cf97910e,delivered,2018-04-14 17:40:48,2018-04-14 17:51:11,2018-04-17 22:37:48,2018-05-02 22:54:36,2018-05-03 00:00:00
b7dc42271c71663ceed71350d60a5559,533a3d75aeb7abdd7d803dd264c9851e,delivered,2017-07-12 13:00:15,2017-07-12 13:15:25,2017-07-18 21:52:16,2017-07-26 01:06:29,2017-08-09 00:00:00
d9cd31e853bff10e7c7827e48e26caa5,9a603a2b22060e5a6a1120fba32492e3,delivered,2018-04-04 12:17:04,2018-04-04 12:30:21,2018-04-04 22:07:29,2018-04-10 22:58:24,2018-05-09 00:00:00
d5ca15179b0ee9c4d3720776ad896416,5e34ec818bbecc4dbcd66d703eda98ac,delivered,2018-07-20 17:08:16,2018-07-20 17:24:26,2018-07-23 15:06:00,2018-07-24 15:22:07,2018-07-31 00:00:00
a41bb2f937139613df86a333fdbaa7c9,0797401e5a8fdd8fdf77cbd79b612b50,delivered,2018-08-20 09:32:27,2018-08-20 14:51:49,2018-08-21 14:58:00,2018-08-23 22:03:51,2018-08-29 00:00:00
f811bab9c2621b4c181ebc2cb4605614,421af3148f6becb0b5a67a98e68987b8,delivered,2018-03-08 11:19:29,2018-03-08 12:00:26,2018-03-09 00:11:26,2018-03-29 19:03:58,2018-04-11 00:00:00
98eba1be3e8237608c66b2e0473786ef,63f4b4ba723fdbc49b1906f8164e62be,delivered,2018-06-28 08:31:31,2018-06-28 08:51:00,2018-06-28 14:57:00,2018-07-03 16:42:07,2018-07-19 00:00:00
596f9f1543a2c306f3aec8f22e806ff0,0cc0541e7a0d369f4c5c164695166802,delivered,2017-06-05 23:56:59,2017-06-06 01:05:34,2017-06-08 12:17:48,2017-06-09 13:25:53,2017-06-28 00:00:00
1a78996243d1d136ceede8be7f031356,b52a43b300826ccbf7b9c57f4c576357,delivered,2018-02-05 09:26:32,2018-02-05 09:49:31,2018-02-05 18:06:55,2018-02-15 17:58:49,2018-03-08 00:00:00
cb73ee65ccf0d207e4397612b10346dc,36a3394584b33ee1ba736b14a8a6c307,delivered,2018-05-08 11:21:47,2018-05-08 11:35:57,2018-05-10 13:09:00,2018-05-25 19:28:22,2018-06-05 00:00:00
a261a188f75232281791a47982df9bcb,c535c877737a8e3e05da44e817420a22,delivered,2017-08-02 18:22:22,2017-08-02 18:35:26,2017-08-03 19:22:06,2017-08-04 16:56:49,2017-08-15 00:00:00
03170fde460344ffa21460ac08f2bbd3,5c61fae10b041abd70be0bf6fa174ae8,delivered,2018-02-18 14:25:22,2018-02-18 15:26:51,2018-02-28 23:28:43,2018-03-07 03:22:23,2018-03-19 00:00:00
da8bc2d014ed786a33f34355399d6735,a17e02e035f20f2bfe624c5e7282f494,delivered,2018-06-08 21:58:32,2018-06-08 22:18:43,2018-06-14 12:42:00,2018-06-18 15:36:46,2018-07-05 00:00:00
fb963833d4480071a9bb9979022ea6ad,4b2742702e4dbb0a016f59ce18ae200d,delivered,2018-07-18 18:04:49,2018-07-18 18:23:00,2018-07-24 14:14:00,2018-07-25 11:47:27,2018-07-30 00:00:00
7ce9cf4a278e42edc813df45af48caf3,cecf2800e753cd1de4e002dd30874adb,delivered,2018-06-27 11:26:01,2018-06-27 11:35:17,2018-06-28 10:08:00,2018-07-03 22:03:18,2018-07-23 00:00:00
9de125e032c8c74ccbcf9a5b7a3b4faa,839ccf3fef9a1808c0d3a5fbb5eac3ac,delivered,2018-01-30 14:57:32,2018-01-30 15:11:25,2018-02-06 23:36:32,2018-02-15 17:48:48,2018-03-09 00:00:00
31db9cf54c43e0190666ce0c1a3d0e9a,3cc48db026d3e3415d16d08ee5eadb0a,delivered,2017-02-15 23:49:37,2017-02-16 00:43:44,2017-02-16 09:39:27,2017-02-22 17:14:12,2017-03-16 00:00:00
d7cf4cfa459e1aa65b53967474c42a78,abff70935d715a6b06e672e0ec88c089,delivered,2018-03-03 11:50:02,2018-03-03 12:08:52,2018-03-05 21:56:34,2018-03-09 11:31:31,2018-04-03 00:00:00
2108fe70e345b53ab2c93d76d7071265,6beaace76ade0b8630694d8c8ae72258,delivered,2017-09-01 15:22:38,2017-09-01 15:35:11,2017-09-04 21:11:58,2017-09-11 20:12:18,2017-09-26 00:00:00
513b9e2bda619338700b04bdfc97f0f4,d632b70a707a6d9e5ec9c17ce43818f4,delivered,2017-12-02 20:37:34,2017-12-02 20:56:09,2017-12-07 20:22:32,2017-12-19 00:55:02,2017-12-27 00:00:00
a1ab5e252318a46e01c2429f06ce0a41,8e15432cb70519851d493b9dce73707c,delivered,2017-06-23 06:43:59,2017-06-24 02:30:07,2017-06-26 15:41:40,2017-07-10 16:32:36,2017-07-26 00:00:00
3a8d035c2ed963a9abdb531ed8a34086,a70d2aa8d067f4ec14c3cf080d6f820a,delivered,2017-07-15 10:57:57,2017-07-15 11:10:14,2017-07-19 22:12:55,2017-07-28 16:28:00,2017-08-28 00:00:00
5d98c74c9456e1af5dd506e16a9d5993,a83d4e5635b476c1191ec35b5fb941f0,delivered,2017-11-17 19:43:52,2017-11-22 03:06:56,2017-11-22 22:23:31,2017-12-02 18:22:09,2017-12-13 00:00:00
3f838331593040602cebc452fe2bdc8a,2fb9b13fc8a42cc45676f92144996ab3,delivered,2018-01-02 21:58:17,2018-01-02 22:09:27,2018-01-09 17:19:05,2018-01-21 13:40:51,2018-01-30 00:00:00
01af7745a283aeb0f0754495c4b51ac7,200b152d4fcc6b4fba34c286b4c83a17,delivered,2018-02-28 13:28:49,2018-03-01 11:14:38,2018-03-02 22:07:22,2018-03-15 18:56:32,2018-03-21 00:00:00
d638d378198797824d3f468baf192ea3,21971b011fe99f0cbb172f4e3fd11f89,delivered,2018-04-18 17:07:42,2018-04-18 17:34:04,2018-04-20 18:54:54,2018-05-10 19:04:02,2018-05-11 00:00:00
e9d5fd7f8cef3acbe54ba2b771856038,018184ac5f52a821bb00f3ef21d75799,delivered,2017-04-15 17:31:55,2017-04-15 17:45:10,2017-04-17 15:08:38,2017-05-10 09:56:32,2017-05-22 00:00:00
08f5487befe25744feabb3203a4dc09b,a6472fafe286c66c40540fa2b3217657,delivered,2018-02-27 18:26:39,2018-03-01 02:49:00,2018-03-20 19:12:03,2018-04-04 18:08:56,2018-04-02 00:00:00
dad86956863b4f2c6744baf0b3989a8a,026adcb56c849c792db0ca91cf43a236,delivered,2017-10-31 14:44:03,2017-11-01 13:35:22,2017-11-07 20:33:01,2017-11-09 20:23:04,2017-11-08 00:00:00
ca88a60b7e43b5f33ce8ec9fdf8d217b,45045e29843eeef9cc45e414f88887c1,delivered,2018-04-23 22:45:21,2018-04-24 19:04:56,2018-04-24 23:44:47,2018-04-30 20:21:17,2018-05-08 00:00:00
e07458f57b68cbe6f13c8b6161aa48ca,9cd36ef28e6e6a3d1e360cd8a7ac52ed,delivered,2018-06-28 23:17:06,2018-06-28 23:30:39,2018-07-04 09:13:00,2018-07-05 20:41:53,2018-07-16 00:00:00
2784fdf3979afc4cd82afec122d81c9f,83e4b2a3f257cda1acfee52750c69f57,delivered,2018-03-07 18:17:36,2018-03-07 18:30:42,2018-03-08 23:14:25,2018-03-21 15:08:58,2018-04-02 00:00:00
27d90e6110e8c6168bf04f4efc4b936e,bb91a87e6f70b1bc048ac871f664acec,delivered,2018-01-22 10:40:09,2018-01-22 14:16:51,2018-01-23 19:59:02,2018-02-28 19:07:37,2018-02-21 00:00:00
df47cbd869bf95a968334c26476c76d7,10e01081ecd4b1e6ba6aff5b9d81b715,delivered,2018-05-11 09:34:26,2018-05-11 09:48:30,2018-05-14 09:08:00,2018-05-17 15:11:43,2018-05-29 00:00:00
a596dd0667e64089cd1c927aca8a3bf7,04324b8c52e5b8d8f6f4d6d344597ca7,delivered,2017-10-25 07:04:12,2017-10-25 07:14:13,2017-10-26 20:47:55,2017-11-09 18:14:53,2017-11-16 00:00:00
db2b52fdedf34f34c6569ed5cd692c81,529f243a6ea4d5957aec54e94b49d136,delivered,2018-05-17 18:38:54,2018-05-18 00:55:36,2018-05-18 14:35:00,2018-05-25 01:46:22,2018-06-06 00:00:00
28e418b320f6b759b6aea79734f165e5,97697c5f77b484cb0cec9eaa81c679d5,delivered,2017-09-02 15:09:09,2017-09-02 15:24:04,2017-09-07 00:04:26,2017-09-19 19:16:57,2017-09-27 00:00:00
92d14247bec036e6b052ba1331bd2add,e10c1bdd9c0adfab0a2f88a2780406a1,delivered,2018-04-11 23:22:53,2018-04-13 12:50:23,2018-04-17 01:05:06,2018-05-02 17:51:02,2018-05-04 00:00:00
c82958fd016561c41f9d59212740ba47,895be6966a4c5d0d75b16e8c15f991a4,delivered,2017-10-19 20:47:24,2017-10-21 02:56:15,2017-10-23 19:13:24,2017-11-03 20:41:49,2017-11-10 00:00:00
c588d6fe9640b6198171ed8c30981057,13baff7a51d9e50f8208790bbde38b89,delivered,2018-06-28 13:18:29,2018-06-28 13:31:33,2018-07-03 06:23:00,2018-07-09 14:16:58,2018-07-31 00:00:00
e8373fd2805212d0bc74790901dc446c,a13a804ece7604ec035b47ee19e548e7,shipped,2018-03-10 01:16:15,2018-03-10 01:30:28,2018-03-13 11:26:47,,2018-04-12 00:00:00
bfede3e7101b91bd335e6cc5d153bf2c,704692ee897946827f620097cf141e09,delivered,2018-04-05 15:24:37,2018-04-05 15:35:27,2018-04-07 00:31:13,2018-04-16 23:31:07,2018-05-08 00:00:00
4d81658706fc67d54b7160d156555cc1,673111533756b7bb9f2271d6cfcedf32,delivered,2018-06-06 13:04:40,2018-06-06 13:32:43,2018-06-07 14:18:00,2018-06-19 19:41:48,2018-07-20 00:00:00
078012a290408a687e5802ac7ad6c0aa,69eefc7588679e6d4a880f2eb9866b5a,delivered,2017-05-17 15:44:53,2017-05-17 16:15:16,2017-05-22 12:18:56,2017-05-25 09:16:47,2017-06-08 00:00:00
d4868446e3093ed6d2174805c3e64938,af9a03e12c5a74ee2fa9d1a486e14d7e,delivered,2017-10-17 00:10:56,2017-10-17 00:26:06,2017-10-17 15:07:50,2017-10-24 23:56:07,2017-11-10 00:00:00
7ead6c8726098bd70de2b16cac42df74,19d8d28432946239ce9f75e1990f7e58,delivered,2017-01-18 10:55:55,2017-01-19 02:11:04,2017-01-19 11:35:16,2017-02-09 07:14:02,2017-03-10 00:00:00
aac88c8074f903c76fc8616b924ab3e4,2d7ec557413376c4c299fbe64f6868a4,delivered,2018-08-02 16:57:49,2018-08-02 17:10:15,2018-08-03 12:30:00,2018-08-15 15:28:32,2018-08-14 00:00:00
c0110f04e66e7426bdc005f555bcdc40,9bd43ab41e08ecd21b8c6e4ac4c54c9c,delivered,2017-07-06 08:49:36,2017-07-06 11:43:40,2017-07-10 19:32:22,2017-07-15 16:37:54,2017-08-01 00:00:00
c7b9761071cad0c921090525b7f5fbae,17720e51d474eb347f716a1400863dfd,delivered,2017-07-02 15:28:03,2017-07-02 15:43:37,2017-07-04 15:22:35,2017-07-10 21:15:04,2017-07-21 00:00:00
6ac885500645362873cc355cb2ae0040,821f7b250a75b95fd34c47673b1a7bf3,delivered,2017-05-03 14:34:16,2017-05-04 02:55:20,2017-05-12 09:26:44,2017-05-18 12:15:33,2017-06-08 00:00:00
34fa7b125777f2296cee0450560eeeac,ae465bbe84317da88ae36da295a03275,delivered,2018-07-26 19:09:13,2018-07-26 19:44:06,2018-07-27 15:58:00,2018-08-01 23:33:48,2018-08-23 00:00:00
c09e8c8ef923378f60d8ab37827eb58d,951afde3032b870b7ab26328322c2175,delivered,2017-04-14 22:35:53,2017-04-14 22:45:18,2017-04-17 11:28:00,2017-05-10 21:06:12,2017-05-10 00:00:00
97a475450ceb764b03982eeb9bfc10a8,3aacb368d6b1db2b137d99daf9b3a05a,delivered,2017-11-26 23:26:23,2017-11-26 23:38:28,2017-11-27 19:02:31,2017-12-07 16:06:01,2017-12-27 00:00:00
e1521d92b7e6cfbb454d764235546c32,58aaa243a8fd403ed7e6cf592582c4d4,delivered,2017-12-06 18:52:34,2017-12-06 19:13:32,2017-12-07 17:27:50,2017-12-28 19:09:42,2018-01-09 00:00:00
75ad912f0b81298161aeabd41c9ee843,8bcd44b6828a0fcfb459b14f5c4a6ece,delivered,2017-09-14 00:41:21,2017-09-14 00:55:12,2017-09-22 17:48:00,2017-09-25 15:26:17,2017-09-26 00:00:00
676c554a88771af1264e81fa10e7e760,45a44ce03647965a1233ac3ffff76022,shipped,2018-05-02 21:10:43,2018-05-02 21:35:26,2018-05-04 14:16:00,,2018-05-23 00:00:00
828c3114b783f896fba059433600c471,269dc95fb2e86fc9f8fdee385fd66e93,delivered,2017-10-29 12:19:51,2017-10-29 13:55:15,2017-11-01 22:34:33,2017-12-01 16:17:35,2017-11-21 00:00:00
554e817082f5eed68d7ec5d035e3549e,690aa04c42dd563bffd60757353abbfb,delivered,2018-03-23 23:13:01,2018-03-23 23:48:14,2018-03-27 13:36:40,2018-04-03 15:52:18,2018-04-13 00:00:00
363659036e23f1e7b77d6368e25b1f08,e68c03ed7224b85150876ad873fe7aed,delivered,2018-01-15 13:59:17,2018-01-16 14:32:28,2018-01-17 17:47:11,2018-01-18 22:15:53,2018-01-30 00:00:00
49823ce8989af60407f72e0687e50bbd,af47509bb6e2376b38a50cf90510196a,delivered,2017-11-10 16:21:05,2017-11-10 16:46:18,2017-11-14 18:53:23,2017-11-27 18:49:03,2017-12-01 00:00:00
121c467b693acd6f359cc3e13c73b27d,cd4b9c8352526eca79f174dfa228485b,delivered,2017-05-29 12:56:34,2017-05-29 13:05:54,2017-05-31 12:09:54,2017-06-08 12:09:55,2017-06-21 00:00:00
b13ee329a2e6ec2e8f32c1e64e77796e,8b084e41a2342a54666d2317348d5db3,delivered,2017-08-27 20:25:44,2017-08-29 04:44:38,2017-08-30 09:22:18,2017-09-13 15:37:08,2017-09-25 00:00:00
e11b41677b48150784cf28b5c87055e0,beba15df134f002d757137f7ec16eafa,delivered,2017-09-30 12:52:33,2017-10-03 04:14:26,2017-10-04 11:51:25,2017-10-06 17:03:39,2017-10-18 00:00:00
284705e9a68479f4ef401d31e5400948,7a8a3c3d8b7e34094305859ce4903ccb,shipped,2017-07-16 16:05:00,2017-07-16 16:23:11,2017-07-19 22:17:34,,2017-08-04 00:00:00
209af55b87cf1212a97772f6525871b3,c4a02b8955c2ea72e21b44edb81a9f1e,delivered,2018-03-28 08:34:42,2018-03-28 08:47:13,2018-03-29 21:07:03,2018-04-09 13:48:36,2018-04-16 00:00:00
1521c6bb7b1028154c8c67cf80fa809f,ca29b2bf57243228e98eab2dab805ae9,delivered,2017-04-02 10:00:43,2017-04-02 10:10:16,2017-04-04 16:19:55,2017-04-18 13:53:58,2017-05-04 00:00:00
debb380bff081efeb2ff173f8920ed04,51953245eee90cb1910cb06ad0e158c2,delivered,2017-03-12 16:00:03,2017-03-12 16:00:03,2017-03-13 15:20:46,2017-03-17 09:46:24,2017-03-30 00:00:00
1abbc8bf93e9e4ad7883860cdab7c6ac,d1d7b4d8a0fdbf30ea71ca3227af4edc,delivered,2017-02-14 23:12:30,2017-02-14 23:25:11,2017-02-17 10:34:47,2017-03-03 20:05:21,2017-03-15 00:00:00
5908173cac04f7b1861e21b7f4f639da,ea5a116374d378d73e95b7b0c80fd714,delivered,2018-01-26 17:33:03,2018-01-26 18:00:34,2018-01-29 23:29:12,2018-02-01 20:29:26,2018-02-09 00:00:00
9e576afd48be76bcaca1e6e04f59f9ab,63eb7309650f3c470b28b913bb2ae581,delivered,2017-06-30 12:23:34,2017-06-30 12:43:01,2017-07-04 14:44:39,2017-07-11 13:45:43,2017-07-27 00:00:00
56e46d1a61ebb9b86fa914b4007d8a97,1ff5c5d5829ba8256f375f90998d2dd9,delivered,2018-04-02 12:28:44,2018-04-02 12:48:29,2018-04-03 18:33:23,2018-04-11 20:28:28,2018-04-24 00:00:00
82262a82713a250e0e1f99b5111b9614,f0884dedff5f04fbc1ba865770d9b53b,delivered,2018-08-04 18:36:11,2018-08-04 18:45:16,2018-08-07 13:42:00,2018-08-13 15:51:48,2018-08-15 00:00:00
9a7dc0f1de6be37b24d30c88398ff4cb,199257cd08aca6241fe13429b6e6604d,delivered,2018-07-18 12:59:01,2018-07-18 13:15:18,2018-07-27 13:31:00,2018-07-30 21:52:30,2018-08-15 00:00:00
7e4c1200b2e12309b1fadca938e61c4a,4d66c13cf85177ea674fb2d878c61d96,delivered,2017-11-24 21:58:42,2017-11-25 00:37:57,2017-11-29 11:18:46,2017-12-20 23:17:13,2017-12-15 00:00:00
1dad277fcf3bf6542d0018bbdaf88381,fff415b4c72e09483a25c15108c65d31,delivered,2017-11-24 14:23:07,2017-11-24 16:35:34,2017-11-27 19:56:56,2017-12-07 23:18:49,2017-12-20 00:00:00
adca0458be5f212699c94312c6bd9779,99037edd76af0e57ca1dd862cd7995a1,delivered,2018-05-03 23:27:58,2018-05-03 23:50:45,2018-05-04 14:13:00,2018-05-11 16:30:11,2018-05-22 00:00:00
2ee25e0dd8185c614dcad9949f0ad0f4,2f024788fbb16d959cdc8aadf44f66be,delivered,2017-08-04 00:36:56,2017-08-04 00:50:11,2017-08-07 17:51:48,2017-08-14 16:42:23,2017-08-28 00:00:00
4bf39eca09442371845c5e3a303b17fb,a47fdc49c2e08793c4b714e19745fe00,delivered,2017-02-16 08:04:25,2017-02-16 08:15:15,2017-02-20 13:37:29,2017-02-23 12:43:10,2017-03-15 00:00:00
72d8c714f05cb94e5a15bab516100104,2464caf8d97917916e15f334eb33ea42,delivered,2018-06-17 10:49:42,2018-06-19 04:17:08,2018-06-19 14:55:00,2018-06-25 11:49:48,2018-07-25 00:00:00
d75eecaf55d44cc701cd55e1491eccba,f14aca296ec3d7a028d76b2199f9e2b9,delivered,2018-05-05 13:15:17,2018-05-05 13:33:38,2018-05-07 19:42:00,2018-05-08 23:28:48,2018-05-21 00:00:00
aa8c2e4009c82d6fb84d9ecc0ce798f8,8865587ec1e1d38bf28416be175f300c,delivered,2017-04-06 12:35:55,2017-04-06 13:10:15,2017-04-06 14:08:58,2017-04-11 13:04:20,2017-05-02 00:00:00
6c9d8a503389b985fe15e2f6c3b5f7cb,d722c0e211aa25d66f9c6c57093f87ad,delivered,2018-06-30 15:36:06,2018-07-05 16:04:15,2018-07-04 08:40:00,2018-07-07 16:42:31,2018-07-20 00:00:00
d6021b689d20a82e885a61d75888df6a,e811ef51626307094e57cf8d443dd4fb,delivered,2018-04-03 07:28:21,2018-04-03 07:50:12,2018-04-05 14:19:22,2018-04-09 21:08:38,2018-04-25 00:00:00
60b0fba7a3132de4c33d2a0a2f204b15,ccfa081d0d0b1c9eefdd13e11d02fe39,delivered,2017-11-11 22:02:19,2017-11-14 03:35:43,2017-11-14 21:32:22,2017-11-18 10:51:20,2017-11-30 00:00:00
37820e5c04da5c34523175842e470d25,7a70359d3aebf020c96e6659cea51b35,delivered,2018-08-05 19:47:57,2018-08-07 04:50:30,2018-08-07 14:54:00,2018-08-10 23:47:35,2018-08-21 00:00:00
24d2a265bbb8e667b3482b868457b7d6,1b05ddbf77423faacb813310e762586d,delivered,2017-10-06 08:47:56,2017-10-07 02:49:25,2017-10-11 17:00:21,2017-10-20 21:31:34,2017-11-06 00:00:00
d75c7f835d8202b5b66fc2c1d4e3b3ea,3effc3bb383adcc73f87325741458c05,delivered,2017-12-03 13:05:25,2017-12-03 13:16:20,2017-12-08 15:33:53,2018-01-03 19:28:58,2017-12-27 00:00:00
3ac2f9ede9c2c9be884248c857c75226,86dbe8b0de56e7464e4b5a4bc77eab19,delivered,2017-02-08 22:08:44,2017-02-08 22:23:30,2017-02-09 11:42:35,2017-02-13 16:05:11,2017-03-21 00:00:00
308d5658962115a98234a99a26cc5fb4,c0ddd22ff30eb1d343b4ec3fcf1df81d,delivered,2017-11-30 14:39:32,2017-12-01 12:52:43,2017-12-04 22:33:55,2017-12-22 19:13:51,2017-12-29 00:00:00
985a7ee1a544f6f20cda38931a22a6dc,15056ba6cfdcd8cc72654472f4efa085,delivered,2018-01-30 15:20:40,2018-01-30 15:35:39,2018-01-31 23:14:16,2018-02-05 16:43:33,2018-02-26 00:00:00
d59dcaef70d9e2c4082bc5d33dd190e4,78f43255e0efc9e6652558f1e59af136,delivered,2017-11-05 13:33:19,2017-11-05 13:50:33,2017-11-06 19:32:21,2017-11-07 21:28:44,2017-11-24 00:00:00
7e96374aee396bd5b72cf015c3e06448,6a5546734acb8b5faa48ee38c4592008,delivered,2017-12-11 16:17:36,2017-12-11 16:30:27,2017-12-15 18:33:48,2017-12-29 22:43:10,2018-01-11 00:00:00
07e59229a9b5b12c82297cc571bd8281,c1e6592cb8927ab713c7d0ddf1980c75,delivered,2017-03-04 19:28:46,2017-03-04 19:43:10,2017-03-06 10:49:49,2017-03-10 10:22:51,2017-03-31 00:00:00
47ef317b6ad85b53ec37aa600167f80a,ec61fb091dc97882f465311090f44974,delivered,2017-04-08 21:10:05,2017-04-08 21:25:15,2017-04-10 10:54:03,2017-04-18 16:55:19,2017-05-02 00:00:00
17389ecc18ada2b3cc49b0fbc2100079,987df3e053b3b660d0db287dbc11e123,delivered,2018-03-11 21:08:00,2018-03-11 21:28:18,2018-03-12 19:03:49,2018-03-20 21:09:45,2018-04-12 00:00:00
1827ee8015c4edd94bbfef221a3a27f5,117ed172acbb7461d5159dd92f2284ae,delivered,2017-09-24 10:35:35,2017-09-24 10:50:13,2017-09-28 18:09:12,2017-10-05 13:18:32,2017-10-10 00:00:00
1bb0ce15a167cb42d0bc628a99395f66,b8e3175fd78ba4c60826fbc7016dfbb5,delivered,2018-08-02 16:13:07,2018-08-02 17:20:08,2018-08-03 14:05:00,2018-08-08 21:52:29,2018-08-15 00:00:00
0210336762a2618a562576d1266efefe,1c6168ef4f5ddbdedf48f60a4e21128e,delivered,2018-04-16 18:07:08,2018-04-16 18:55:36,2018-04-17 18:31:41,2018-05-01 15:08:58,2018-05-10 00:00:00
438b46304b3217ea878c63aeb5b98f5d,21831634eda702776bee4cbd95446d82,delivered,2018-07-03 18:15:23,2018-07-05 16:40:34,2018-07-04 11:51:00,2018-07-10 18:27:47,2018-07-27 00:00:00
4db6ae4eb4f99f22c2eecfcb62df5e03,65ae4f5275ec04dda533cbd5205dfeb8,delivered,2017-02-14 20:20:28,2017-02-14 20:30:11,2017-02-17 09:54:05,2017-03-02 09:51:32,2017-03-23 00:00:00
d8541096e0d84a41ea8e5761296a7ab9,2d48d58ac345967bf09988172d6069ac,delivered,2017-07-18 15:53:31,2017-07-18 16:05:31,2017-07-21 21:37:28,2017-08-18 16:55:44,2017-08-16 00:00:00
0f344e8ea4fe9078a8183936e5407113,0207ca7dd6d2be6e08d8467651759bdd,delivered,2017-08-05 22:25:06,2017-08-05 22:35:22,2017-08-07 19:49:36,2017-08-25 20:26:35,2017-09-11 00:00:00
e46bdf3f103d892b73cd32d13062efc5,f4f17362ea84cef21eaa45c104e816e5,delivered,2018-03-04 22:47:43,2018-03-04 23:09:16,2018-03-06 22:13:10,2018-03-13 00:51:51,2018-03-21 00:00:00
a8ec1617f5a54bdcd54535a5674db902,5113d649ccccc6c261e97e82e2fadb0d,delivered,2018-05-07 16:55:06,2018-05-07 17:56:40,2018-05-08 14:36:00,2018-05-21 19:42:08,2018-06-05 00:00:00
65fc00880e8ad49374845c44e5993a52,f7ddc4d1ed0a55c2ee8841faf8f73cbc,delivered,2018-06-25 21:12:04,2018-06-25 21:37:28,2018-06-26 16:29:00,2018-06-28 22:24:45,2018-07-23 00:00:00
ecacbdf9dd9ba3bb85ace7edb81d157c,7302aa13024a3e490ad2f22b23bb2bc1,delivered,2018-03-23 15:50:12,2018-03-23 16:08:27,2018-03-27 19:37:31,2018-04-02 13:18:12,2018-04-05 00:00:00
6732b3592160273b239f331a101494ff,c23b19e27fbcb26feba308d4334557fa,delivered,2018-06-03 13:33:23,2018-06-03 13:51:18,2018-06-04 11:12:00,2018-06-08 17:41:32,2018-07-11 00:00:00
c2e238379963b97671f2b23db3e27379,5d4c3dec83cf419913cd93b34811d37f,delivered,2018-04-28 15:18:54,2018-04-28 15:35:16,2018-05-02 15:15:00,2018-05-12 01:24:29,2018-05-24 00:00:00
c6624907a0776d1385446872873d5fcf,77b0eb29cae47c657b29c3d0dcb84086,delivered,2018-06-06 14:09:03,2018-06-08 02:56:11,2018-06-12 06:47:00,2018-06-18 18:11:42,2018-07-16 00:00:00
2e6d673c46f5a31a965ff87bc45b1cbe,8ea2c54f0b741e6503ce6925e2e61813,delivered,2017-04-28 21:53:54,2017-04-28 22:05:09,2017-05-02 13:25:37,2017-05-09 09:09:11,2017-05-24 00:00:00
75ed295f702854ac0012c5fe9dd82f84,2f1fc248a08432dce26f8882a6a9e39e,delivered,2017-06-21 17:17:50,2017-06-21 17:32:36,2017-06-22 16:19:03,2017-06-23 11:24:41,2017-07-14 00:00:00
1d4744e42dc6d786bbc9512601f7e49c,7096909336d32cce878923632d3d4208,delivered,2017-01-14 15:41:48,2017-01-14 15:50:16,2017-01-18 16:00:12,2017-01-24 05:46:04,2017-02-22 00:00:00
7a094f321857b6925fee399192bb5ebd,43986b46f9e4f256ce314abde818220a,delivered,2017-01-25 19:11:42,2017-01-25 19:25:16,2017-02-06 11:54:29,2017-02-09 18:43:35,2017-02-20 00:00:00
3129f1c46cd423a817ca16f066a80fb1,14448872be54e4669cc888babfdf4bc5,delivered,2017-03-04 15:23:15,2017-03-04 15:35:12,2017-03-06 16:18:54,2017-03-22 11:04:31,2017-03-31 00:00:00
714e708f39c09ff4048aa43423ab2a0a,1c16a824c18e670e6d038c90d61ff9d2,delivered,2017-08-31 11:29:56,2017-09-02 02:45:53,2017-09-06 10:33:27,2017-09-11 18:46:50,2017-09-19 00:00:00
8d16656866ce7d67f81d49a9707ab76e,aa1e003c69c80cdf08ae8225270769b3,invoiced,2017-12-25 18:36:16,2017-12-26 18:28:04,,,2018-01-30 00:00:00
a1b9f97c297857f45e57da6387381de5,de625bb01c8658149de04dc8100bacf0,delivered,2017-07-29 13:50:51,2017-07-29 14:05:25,2017-08-02 16:54:44,2017-08-09 18:22:29,2017-09-01 00:00:00
4dbb73a3a009b001629be0d1f5d6bfa6,353952e62cadb2ca49e3e4951fa06697,delivered,2017-09-13 22:52:56,2017-09-13 23:05:40,2017-09-14 20:24:48,2017-09-22 21:08:01,2017-09-29 00:00:00
e7720e61a7b5077592d07d61c313e559,113ee076db82f8389e03ab6a7ae4d447,delivered,2018-03-05 13:48:37,2018-03-05 14:09:38,2018-03-05 23:47:51,2018-03-20 19:46:38,2018-03-26 00:00:00
d10eafa208521dc30796e6a26099b6a6,167bd30a409e3e4127df5a9408ebd394,delivered,2018-07-14 10:53:11,2018-07-14 11:05:18,2018-07-17 17:32:00,2018-07-25 16:28:33,2018-08-08 00:00:00
259d8af4acaef000d3b679869fbd12ab,c31d9761af704d503a10ed3cd310ef22,delivered,2017-04-23 12:51:32,2017-04-25 08:10:22,2017-04-25 15:29:30,2017-04-27 11:57:41,2017-05-11 00:00:00
eaae5bd20fb15d85aa673d9b7c0e8ca5,10558ef4afea173bfb5e2cbe3d5b0bb5,delivered,2017-03-18 23:04:36,2017-03-18 23:04:36,2017-03-28 06:29:47,2017-05-30 09:19:58,2017-04-27 00:00:00
7e8af96fabba7a99d5206b8db4b7b098,702dfead9e810330c2041c8307cd2024,delivered,2018-06-05 23:14:51,2018-06-05 23:31:57,2018-06-08 12:24:00,2018-06-14 20:06:22,2018-07-12 00:00:00
c80f02a8f0c066df7a56a2b61c8c0610,90154c4758ec68d50d74a971c4073314,delivered,2018-03-31 17:37:56,2018-03-31 17:50:13,2018-04-04 18:34:53,2018-04-09 17:31:46,2018-04-23 00:00:00
1f9835b3f1bac0471bfe78932aac63ff,e4b3b5a0f4830ef7a88e31fee4c7eceb,delivered,2017-11-01 15:33:06,2017-11-01 16:31:05,2017-11-04 00:31:31,2017-11-07 14:14:47,2017-11-14 00:00:00
c7112d33d777ec13eb958ee0dbff02b3,ac56247052dbfac8b7453c1a558aa83f,delivered,2018-04-21 11:23:31,2018-04-24 17:42:41,2018-04-24 19:28:30,2018-04-30 15:50:38,2018-05-18 00:00:00
965f57ad446a9d190bec51db7f0fd8b5,36ec48f81f70117eee115da4b60a50a6,delivered,2017-11-07 10:20:50,2017-11-07 10:31:10,2017-11-07 22:33:26,2017-11-13 20:14:32,2017-11-23 00:00:00
b1ef037554c96c88feab7fdb033e212f,eb12b0442c9bdca72fcfd03a022d71d0,delivered,2017-07-26 08:21:02,2017-07-26 08:30:13,2017-07-26 18:42:20,2017-07-27 20:49:52,2017-08-11 00:00:00
500cfc698f743e9b498d6c12bbf65eb5,5ec0ad25391736213eb2820f4626a887,delivered,2017-04-21 10:14:58,2017-04-21 10:25:21,2017-04-25 14:21:20,2017-05-02 14:38:34,2017-05-15 00:00:00
f95795398c6d7c5e32c51629aa345fdf,9a37a72e01b19af73e41b1491d8d9d8c,delivered,2017-11-29 21:11:05,2017-12-01 11:31:52,2017-12-05 19:28:36,2017-12-13 17:28:27,2017-12-20 00:00:00
448c9f2fc5df55e4391c6314e93c93b1,d21aca727a504b0dd2253ba5b4ff2bb6,delivered,2018-02-01 12:21:30,2018-02-01 12:35:24,2018-02-02 23:26:40,2018-02-05 21:58:50,2018-02-19 00:00:00
c4d634f71b69d24d203a3c63edb87e06,ad42c47f81be1c0d284c4108e133d84b,shipped,2018-02-20 21:57:03,2018-02-20 22:08:11,2018-02-21 20:52:41,,2018-03-12 00:00:00
11837ac14fcdfb163c0b78d91be89498,96fc2a988f8ec40a078ab92f1623bdd4,delivered,2016-10-06 13:39:20,2016-10-06 14:22:12,2016-11-01 14:32:03,2016-11-16 10:54:00,2016-12-02 00:00:00
8d89165df616ded20b2cd1bbf3105d28,6952907ae6fdb446b191dc46845b42e5,shipped,2018-03-02 11:35:23,2018-03-02 11:55:40,2018-03-02 21:58:30,,2018-04-09 00:00:00
eb2df9ac90b38292e0596d534bc73c2d,e7b9cb018f3a336331ff2118f6fd5305,delivered,2017-12-06 10:37:40,2017-12-06 10:54:01,2017-12-08 23:42:08,2017-12-11 17:29:03,2017-12-22 00:00:00
048c6b6617c20f59a0ac4e9a348667e9,260e71f4624185a5b0e2197b0db65ed0,delivered,2018-01-13 20:02:47,2018-01-13 20:09:35,2018-01-18 20:48:41,2018-01-29 15:22:51,2018-02-07 00:00:00
fcfa8ef8103d78c6f2dd57ec67713360,a7c2c4660d01add49fcbcf462a0b43c3,delivered,2017-08-20 21:49:36,2017-08-20 22:05:28,2017-08-22 10:36:30,2017-08-28 19:34:59,2017-09-26 00:00:00
e98f4dc2a9419b573d76de617e56f680,5251b14c470c7fa8aa20ae3493d14faf,delivered,2017-10-29 11:01:06,2017-10-29 11:45:36,2017-10-30 21:17:37,2017-11-03 20:27:46,2017-11-17 00:00:00
4316f97fcdde6e62ba7b3b1acd09291f,a4cae79ac295e2cd44cb11b2f2cac467,delivered,2017-05-19 18:36:42,2017-05-19 18:50:19,2017-05-22 13:39:07,2017-05-30 12:04:10,2017-06-12 00:00:00
0424ec4615df28c58201d0828ac20cdd,044d022e9a18015120a29d799ab789fb,delivered,2017-08-17 15:41:43,2017-08-17 15:55:22,2017-08-23 16:34:17,2017-09-04 19:22:46,2017-09-19 00:00:00
4de9f74515c35fa2eb482457a683ee14,c4b9e722bd618cf7da9dadf3ac5ae5cb,delivered,2018-05-10 17:49:54,2018-05-11 09:10:12,2018-05-12 08:18:00,2018-05-19 00:10:45,2018-06-04 00:00:00
4ff17917a5050a11678d9af3fb12ef57,9a38416b70621c73c76690a5cde38c0b,delivered,2017-06-01 17:05:44,2017-06-02 04:23:13,2017-06-02 14:33:24,2017-06-25 10:36:23,2017-07-05 00:00:00
e793ab3ca23d5c9cabf0278e50dfa41a,b14839b9d2cc09f5f25b2a74bff673b9,delivered,2018-07-23 23:23:34,2018-07-24 10:31:19,2018-07-25 14:49:00,2018-07-30 11:37:48,2018-08-06 00:00:00
4f510ee3f8f37d3f09228624a7b72ec8,c686d5814e8f8aa6049f8c55eb9c21f5,delivered,2018-08-06 12:09:59,2018-08-06 12:24:22,2018-08-09 14:55:00,2018-08-10 18:22:36,2018-08-09 00:00:00
cbdda7b3592588a17fa43ca6c7300e72,0dc30fe0f8e3ce6df4c628ca41654fd9,delivered,2017-04-26 00:25:26,2017-04-28 11:46:49,2017-04-28 11:25:32,2017-05-09 12:12:13,2017-05-24 00:00:00
64cfb816b4ac2467e485b923dc083ada,e94ec661444a31bb2696b56e1f78ff85,delivered,2018-06-19 13:12:59,2018-06-19 13:57:20,2018-06-20 13:03:00,2018-06-21 18:57:45,2018-06-29 00:00:00
17affe817f6b2a24ec4a9b5bb67a1671,a2593be583c3bec897ec5664bb6e4770,delivered,2017-10-05 17:54:42,2017-10-05 18:25:22,2017-10-06 20:32:40,2017-10-10 20:37:53,2017-10-27 00:00:00
e3433a7caf6767057e8df08f1ac6d457,980b20bc28f32a212225725533892531,delivered,2017-02-06 13:41:28,2017-02-06 13:55:10,2017-02-07 10:36:19,2017-02-12 03:27:48,2017-03-15 00:00:00
dcbb4f4f03f210340fce92e1f51982a0,7ae30f30ba3e7297739976cdf63bf1dc,delivered,2017-12-01 12:40:00,2017-12-01 12:52:38,2017-12-04 21:48:49,2017-12-07 16:36:54,2018-01-04 00:00:00
b26a79020606ef73722d450c8458f9c0,9ce4680135f65f93297fd3f5ea750eab,delivered,2017-08-02 16:45:46,2017-08-02 17:05:19,2017-08-04 16:20:11,2017-08-07 19:12:38,2017-09-21 00:00:00
fca50f0a146861f2baa4c293e99bc14a,9360cf1e23a611d98cb6c73a3df608a3,delivered,2017-08-24 19:06:43,2017-08-24 19:24:20,2017-08-29 15:49:12,2017-08-30 21:14:49,2017-09-08 00:00:00
03ba490d83feaba677aede829ff79db1,c653db387973229cb8a9f24e4bf2ff61,delivered,2018-04-27 19:20:45,2018-04-27 19:31:21,2018-04-30 16:36:00,2018-06-14 21:38:24,2018-05-29 00:00:00
ed130f481df6a3d6729bee8371261e93,2a44b08f77964b84b1a66fb5c436a223,delivered,2018-01-21 15:47:33,2018-01-22 13:52:19,2018-01-24 18:33:51,2018-02-28 16:14:10,2018-02-21 00:00:00
60cb4dff7b70f5122c9ecd1fe2058b38,89aac25164a5f84e4302a43721d0dfd9,delivered,2018-02-14 17:13:26,2018-02-14 17:28:08,2018-02-16 00:22:51,2018-02-22 20:51:55,2018-03-07 00:00:00
9702b284912de5c57518af9f8220246c,678613e53fedd1b361741cc7e3cab048,delivered,2018-08-03 00:08:00,2018-08-04 00:04:07,2018-08-06 14:51:00,2018-08-24 15:03:53,2018-09-14 00:00:00
68bcf82ac966d850468884d06de1d41e,19974d1d66d8c31cfaf999a18eaa5852,delivered,2017-11-19 00:12:17,2017-11-19 00:45:08,2017-11-21 23:18:48,2017-12-05 20:43:39,2017-12-12 00:00:00
e811c789fcb20fe547fb9d955777ce2c,c9ce37a6d41d709a2b75e06238b5c93a,delivered,2018-08-05 18:01:52,2018-08-05 18:15:16,2018-08-06 13:21:00,2018-08-08 00:58:49,2018-08-09 00:00:00
f19a2e7509db5f744c71cc014d5c15b1,c8f703ae3b123d57768eb29b35889129,delivered,2017-11-27 22:07:13,2017-11-27 22:19:06,2017-12-07 22:10:39,2017-12-18 17:43:00,2017-12-26 00:00:00
8e2f25da617077b46357076667867e87,efeaaceb545eb5c537d6bb21f0fe5264,delivered,2018-06-15 21:05:10,2018-06-15 21:23:43,2018-06-18 15:02:00,2018-06-26 14:28:30,2018-07-16 00:00:00
22474d84064cd7eb4a907ba3fd8a6398,85f03d59e05ad20dc077b89342b9f710,delivered,2017-01-25 09:09:46,2017-01-25 09:22:26,2017-01-31 10:18:50,2017-02-02 16:56:10,2017-03-02 00:00:00
3bd43a26499bf56a2fff6adb8464f172,e5d29808f3888040bc975ec2607de169,delivered,2017-10-31 22:29:07,2017-10-31 22:45:53,2017-11-15 01:06:48,2017-11-17 22:33:03,2017-11-21 00:00:00
6b3c0661b32905af6722a962d2fac779,4f640c97c9198455b707c9d8a99f334f,delivered,2018-07-27 13:30:05,2018-07-27 13:45:13,2018-07-27 13:44:00,2018-08-01 11:52:46,2018-08-17 00:00:00
c0fcb13f7eef29e181b9c7f1dc2f61d6,4b83b1454b3f9c1882dd891f1ac1faaa,delivered,2017-08-14 20:45:04,2017-08-14 21:15:15,2017-08-15 17:03:13,2017-08-16 15:32:20,2017-08-25 00:00:00
b9e021cd678385c5fe5e9ef35d5bae49,1cdc35183baf6457cb21e032a502414a,delivered,2018-06-15 20:55:35,2018-06-15 21:23:05,2018-06-18 09:10:00,2018-06-19 20:36:51,2018-07-18 00:00:00
04a28263e085d399c97ae49e0b477efa,fef2e5e63da9f3e1dd89e8e319468657,delivered,2018-02-02 18:01:10,2018-02-02 18:31:27,2018-02-21 02:38:29,2018-03-11 11:32:24,2018-03-05 00:00:00
7bf279350473c54b5d435d700ee6af2e,26c41ae59ad5b339b1a33a20b210af68,delivered,2017-11-29 03:33:53,2017-11-29 03:53:37,2017-11-29 15:03:23,2017-12-07 18:09:50,2017-12-20 00:00:00
707e74158c5b971316d037bf93366df5,2fdb3635d8791d61e451846d5680999d,delivered,2018-06-17 20:09:51,2018-06-17 20:33:47,2018-06-18 15:07:00,2018-06-25 18:34:38,2018-07-20 00:00:00
4f45b64cff81907c56fcca5991321f97,6886c10afd8d27df19c5a49be96cd346,delivered,2018-05-15 10:44:52,2018-05-15 11:31:37,2018-05-16 09:17:00,2018-05-21 18:48:50,2018-06-08 00:00:00
6d513020e217c98e25467103ce6be42f,902e1b7f49096198dd4b06c9e9e82184,delivered,2017-09-05 14:10:57,2017-09-05 14:24:30,2017-09-08 19:42:15,2017-09-18 19:07:49,2017-10-09 00:00:00
a2f5fa2f53621ff51359941782983568,b5929c8cfd54121b7c3da6b288fd3ab3,delivered,2017-09-10 20:37:58,2017-09-10 20:50:14,2017-09-11 19:50:00,2017-09-19 20:27:58,2017-10-09 00:00:00
12dc37fa8745ccb498042cfde2f72e90,324741283d4f00aa65cc54c106a5f35e,delivered,2017-08-13 22:22:11,2017-08-15 03:45:41,2017-08-17 17:23:00,2017-08-21 23:04:25,2017-09-05 00:00:00
9ad7086ce39a4ffd4dd9b890f0578217,6326318b4d693f609d4e83a029411dd5,delivered,2018-05-07 09:17:34,2018-05-09 03:11:46,2018-05-09 14:11:00,2018-05-17 17:37:25,2018-06-07 00:00:00
51f5cd4115244a4860823a80bea0307e,d95e632cc60a0edb70179c336f056582,delivered,2018-05-16 15:03:51,2018-05-16 15:19:33,2018-05-21 08:52:00,2018-05-23 02:04:43,2018-06-04 00:00:00
1fbb942ec531150b361e6042285004f3,b24c6a66c9cd51bcfa3054b8283b4377,delivered,2018-04-04 22:17:30,2018-04-04 22:30:23,2018-04-05 19:32:18,2018-04-17 00:28:49,2018-05-03 00:00:00
56610fa87188c93ee5993a5e98a7b092,2bc660beaeab7f3089e8ce729b054c74,delivered,2018-08-27 19:26:54,2018-08-27 19:43:53,2018-08-28 11:49:00,2018-08-30 20:32:36,2018-08-30 00:00:00
42d3e75e0854c6fb73d399d877d76395,156db31b57ccd5924af50ce7c0493aee,delivered,2017-11-01 14:16:05,2017-11-01 14:31:32,2017-11-07 20:38:34,2017-11-13 18:03:06,2017-11-23 00:00:00
a0d990f7f9be3dd72d97e7660edaad52,07b62dc056654759aa80c3aaa630e7ab,delivered,2017-03-23 12:35:07,2017-03-24 02:35:13,2017-03-27 15:23:19,2017-03-31 12:37:38,2017-04-17 00:00:00
e94908d1c33f4561463c8d27e8b9c914,84e3f5e3a5b64618391c80a3df331d2a,delivered,2017-12-25 22:52:14,2017-12-26 22:48:22,2018-01-04 22:09:29,2018-01-09 15:49:00,2018-01-23 00:00:00
4830280b9a6e4d1c34a700dfc5ab2b06,0acee070a67f3d5f3a8a580020696395,delivered,2017-11-30 20:10:33,2017-12-01 10:30:56,2017-12-04 21:22:18,2017-12-19 18:09:21,2018-01-03 00:00:00
d8d842d38880d9584e98d64058aedfed,c22cfbe35fa59bc8126c9be7d1e6a284,delivered,2018-08-26 20:32:14,2018-08-26 20:45:12,2018-08-27 12:44:00,2018-08-30 14:49:34,2018-10-01 00:00:00
69e00d7c58b9000d1e4f8dee5b2302a5,0433d774ea865531860bbd6db8295036,delivered,2018-04-03 13:46:23,2018-04-03 14:09:46,2018-04-04 19:48:43,2018-04-14 20:18:29,2018-04-26 00:00:00
2bc420de7e8e4174fd5c88b692c2cdaf,9fc2d593b91e86741a67c7da20f0ba0e,delivered,2018-04-05 14:54:54,2018-04-05 15:10:01,2018-04-10 00:06:45,2018-04-10 16:26:50,2018-04-23 00:00:00
99907bf137138e8a41986fc842736a37,4a16f473b9165083cdf52e74fbeff27e,delivered,2018-08-13 11:35:50,2018-08-13 11:50:20,2018-08-14 12:52:00,2018-08-20 18:22:50,2018-09-13 00:00:00
67859bd0284e2d4c7c7ae873212a5ff4,fc1543dd064b168304316b8113d3bf16,delivered,2017-05-21 12:05:27,2017-05-21 12:15:45,2017-05-24 14:04:08,2017-06-01 11:39:56,2017-06-13 00:00:00
e939b415a638d648a1421b5520b3a28e,ff9700de4a13d19b014fc94a39a802e1,delivered,2018-07-04 22:44:55,2018-07-05 16:32:50,2018-07-05 10:43:00,2018-07-13 19:04:20,2018-07-25 00:00:00
b0b5cb8bc442bc5599f4bf65dfc67cf8,cd92831d081459b09202ffe74875631b,shipped,2017-03-23 12:10:06,2017-03-23 13:05:17,2017-03-24 13:57:49,,2017-04-11 00:00:00
6007f653ed368c140327fb6e59aa523c,2cb169fbbe4070527dda820edd21965a,delivered,2018-08-14 11:07:53,2018-08-14 11:25:11,2018-08-23 14:20:00,2018-08-29 20:48:43,2018-08-28 00:00:00
e79a40fa21cb8034a56c7e38d7beb090,1957f12be24ae354c27b5af3863bd6c4,delivered,2018-03-16 16:25:44,2018-03-17 16:31:08,2018-03-21 17:13:25,2018-03-22 18:32:39,2018-03-28 00:00:00
c3708e02f3ae7cf8e715ce16e826e952,5ca9eb2a7b36190faa6ea8897a5cc6be,delivered,2018-06-20 16:28:15,2018-06-20 17:00:22,2018-06-22 12:07:00,2018-07-05 12:47:37,2018-07-23 00:00:00
19d468d1424d2a259a1f3d3fa073f41a,73c06209128aca5114406d84b9d9e3eb,delivered,2017-05-04 15:49:08,2017-05-05 15:55:11,2017-05-18 09:42:07,2017-05-26 16:14:40,2017-06-13 00:00:00
7f3709520054ab89300a657a5f480939,0914b60c8996bf572f981782bd422b5d,delivered,2017-08-05 17:55:47,2017-08-05 18:10:11,2017-08-07 18:55:58,2017-08-09 14:48:22,2017-08-25 00:00:00
b7500c718b66aa61283dcc1565a39bf0,d353a31eae848027881dd6f027102350,delivered,2017-12-02 16:24:27,2017-12-05 04:11:53,2017-12-11 19:48:47,2018-01-05 00:53:37,2018-01-10 00:00:00
c937541d9ace19ed39761e08557ff1b2,38a620c63b1106d3be8daf5235440438,delivered,2018-04-30 20:00:16,2018-05-01 05:35:24,2018-05-02 15:14:00,2018-05-04 18:42:26,2018-05-14 00:00:00
309f1c71e9955d6706a48a5640804865,b62747c86e1f3e8d299ea29af72a22f6,delivered,2018-02-09 13:47:24,2018-02-09 14:15:38,2018-02-17 00:05:32,2018-02-24 00:09:03,2018-03-08 00:00:00
9c5505df3b3c87d88bef70eaff841ae5,175de8a4961e457fe70b47470b374dfe,delivered,2018-05-06 15:23:25,2018-05-06 15:35:16,2018-05-07 14:34:00,2018-05-11 22:20:57,2018-05-29 00:00:00
f87c049dcd8cafd8a6880a2e29b5d021,03dfdec9ed6605bb41453c46fac2f2b1,delivered,2018-08-07 13:32:25,2018-08-08 03:24:51,2018-08-08 15:31:00,2018-08-13 19:03:21,2018-08-22 00:00:00
bbede04fc9f3660fd04a15bdac8ec568,241e9dc75c2e4486c8ef86d32b865910,delivered,2017-12-27 14:16:34,2017-12-29 02:09:55,2017-12-29 18:15:23,2018-01-11 20:18:40,2018-01-24 00:00:00
7c84f3ad69b989de803692b81743e3e7,1c1818667c23015ca791ed9cc78da003,delivered,2018-07-14 20:11:04,2018-07-14 20:25:12,2018-07-19 14:22:00,2018-07-24 19:27:45,2018-08-06 00:00:00
d9b18c43acea3eda3c9e95c0c0f98591,d946e547889fef9c62ec4f8600555c94,delivered,2017-07-24 22:25:33,2017-07-24 22:35:17,2017-07-29 14:07:51,2017-08-01 19:43:27,2017-08-08 00:00:00
a2abb866736a7dbc26c5cbb3b2d92826,57ebc02940f639cc1de89b58602b64a4,delivered,2018-03-16 08:32:30,2018-03-16 09:07:17,2018-03-29 00:31:37,2018-04-02 16:47:37,2018-04-18 00:00:00
791d863a78f34da2b4c9d1e241e1a30e,50e68d10e42e10334f902f07c7f89f61,delivered,2018-02-12 23:01:58,2018-02-12 23:15:25,2018-02-19 18:04:19,2018-02-22 20:47:16,2018-03-06 00:00:00
57db811a1db1b622111203c37e6f98f1,3b265c5c8b23bd68f30829c0c5a1af06,delivered,2017-05-05 21:51:58,2017-05-05 22:05:15,2017-05-10 10:04:32,2017-05-29 12:44:37,2017-06-02 00:00:00
4066e404b7be2a4a7331bc62da6fdbeb,fce9f15b7b5a66f5a59662b601f72c58,delivered,2017-08-17 11:36:12,2017-08-18 02:35:21,2017-08-18 23:22:47,2017-08-21 14:58:12,2017-09-01 00:00:00
b7fe42fc0d57642abd6b868ce754865c,a1cfb1c15ebf33417e65760e17dfce1f,delivered,2017-06-14 23:45:18,2017-06-17 03:48:14,2017-06-19 11:06:57,2017-06-22 13:21:46,2017-07-07 00:00:00
e9adbbfe62f8fc9d144a614576ac5ee3,327903ed892960427ddf44230b0730c0,delivered,2017-12-04 21:26:49,2017-12-05 09:30:45,2017-12-05 21:32:06,2017-12-11 15:38:59,2017-12-26 00:00:00
967a1ffa4d1aff6e74e409fd8bc229ce,57914af04147062f22b01de2efee289c,delivered,2017-10-28 19:05:44,2017-10-28 19:15:13,2017-10-30 18:07:56,2017-11-06 20:56:35,2017-11-28 00:00:00
dcd503d4272567a178500e93e964ac98,fe7cfc486242c6a6860dcd3d9099a123,delivered,2018-04-02 14:08:54,2018-04-02 14:31:07,2018-04-03 00:32:12,2018-04-13 14:04:08,2018-04-18 00:00:00
f8d682487207f7eab4caa4ab2f2968f7,10d49d1a3883a734feeae150d371a7f5,delivered,2018-08-21 12:31:00,2018-08-21 12:50:22,2018-08-21 17:55:00,2018-08-22 23:56:40,2018-08-28 00:00:00
9786c52ca3e1ed1ef3ba5c65941627f0,3b02662e1fc027ed85be9b59f038d63b,delivered,2017-01-21 21:12:13,2017-01-22 21:31:32,2017-01-26 11:09:47,2017-02-09 14:34:38,2017-03-21 00:00:00
42b00bba3a67fd5e1acc3f437d8afaba,e57a401d558c29ae2ff5a5e18a3fee10,delivered,2018-02-21 22:29:10,2018-02-21 22:48:18,2018-02-22 21:49:53,2018-03-02 17:08:45,2018-03-13 00:00:00
896a98eb2680bdc1b1f621e02c6b9d08,e7e06aee55b48397aff8236ae9241175,delivered,2018-01-22 23:35:34,2018-01-24 10:16:27,2018-01-25 23:58:27,2018-02-08 18:04:01,2018-02-26 00:00:00
f6bd72831910b512c742683579ff20f2,3f6035d88d2ee5171416f3d55bb1888e,delivered,2018-04-24 14:39:49,2018-04-24 18:17:34,2018-04-27 15:05:00,2018-05-08 19:54:40,2018-05-17 00:00:00
dac46445d06a7c26842b2e8b7bc04be4,3154dbbe8510dde101e639552ba0ec4e,delivered,2017-12-01 11:53:35,2017-12-01 12:31:25,2017-12-05 16:51:37,2017-12-06 23:28:44,2017-12-19 00:00:00
a795405baf7d9a63ecd5d22978476c08,28cd37beb90b3ef75776ce732ae7c5e2,delivered,2017-05-01 21:42:43,2017-05-01 21:55:18,2017-05-03 14:47:33,2017-05-18 15:06:45,2017-05-29 00:00:00
b1f632bf6d3b5bb0cb03cf91b8283c3a,f15ad839f9310522cede84e46d072995,delivered,2017-09-12 17:49:58,2017-09-14 03:04:45,2017-09-19 19:13:11,2017-09-29 19:37:57,2017-10-09 00:00:00
c12f6da2e568142b38a24c3c2bcf13a2,64642aa123af222fbb120c610625f2ae,delivered,2018-03-07 18:04:25,2018-03-07 18:15:47,2018-03-08 21:21:26,2018-03-12 18:38:36,2018-03-23 00:00:00
89f586f0cbddc6428831c41c8c333c66,abb98ee37acc21973e1d4464133ddb49,delivered,2016-10-09 12:46:25,2016-10-10 01:55:38,2016-10-14 01:55:39,2016-10-17 02:55:39,2016-12-02 00:00:00
55236f684d39882068fbd164d5455691,be4aec95b20b1ee985e4fbcbbe928e87,delivered,2018-04-14 18:50:55,2018-04-14 19:11:01,2018-04-16 18:48:54,2018-04-17 18:58:50,2018-05-02 00:00:00
8c23f60e51f9e3aec7d9e0c07fa3d8f1,1560fed88d27791ad7424cd066b3decc,delivered,2018-03-04 19:34:22,2018-03-04 19:48:46,2018-03-08 17:26:19,2018-03-27 20:50:29,2018-03-22 00:00:00
ea6fee69d30e159d8b44c26bd3d8de26,0a7eaf59de0cb85fe7a904ecf2abae88,delivered,2018-04-13 22:01:34,2018-04-14 02:31:39,2018-04-16 18:28:31,2018-04-18 18:56:54,2018-05-02 00:00:00
14e3b02a42f36ad7bdcdc8a0df427be3,178e6ac2e067591cde169461107ac469,delivered,2018-03-10 17:26:33,2018-03-10 18:08:26,2018-03-13 15:56:26,2018-04-04 16:22:41,2018-04-03 00:00:00
660c604f50fc9edcf854689682d1560e,d20bbabb669a554138e7d3f97cafafd6,delivered,2017-01-18 10:27:19,2017-01-18 10:42:18,2017-01-18 12:05:00,2017-01-20 11:42:06,2017-02-24 00:00:00
8edbc0b60816d6644dbe422dedc06681,111fbf59e7bf74622feb0006b74c4286,delivered,2017-12-18 18:51:42,2017-12-18 20:30:23,2017-12-20 19:25:39,2018-01-01 05:47:11,2018-01-16 00:00:00
494648e782c762fe2547626ebb7dfaff,7c1e44bae9c9e0a9e92995f8067bbace,delivered,2018-08-07 16:57:36,2018-08-07 17:10:26,2018-08-09 14:28:00,2018-08-10 23:41:41,2018-08-10 00:00:00
35f6a9b17cd336ceb1ac0c37f4ec5c1a,4673b5a0664ad72754348acac6d808ce,delivered,2017-07-14 23:22:28,2017-07-18 06:10:21,2017-07-19 18:37:35,2017-07-24 20:33:04,2017-08-03 00:00:00
f02e9da25eaf6d8b85952d339283e40e,93393e310c9395557f731f71a6e3ff96,delivered,2017-05-08 14:54:31,2017-05-08 15:05:25,2017-05-10 09:33:21,2017-05-18 16:34:11,2017-05-31 00:00:00
1cda18d2a64c5cbb986e64a2d8030dec,c2f76baedfa97dc5e933aa93bd6a9429,delivered,2017-03-22 01:09:40,2017-03-22 01:09:40,2017-03-22 08:24:20,2017-03-29 11:42:54,2017-04-19 00:00:00
191c7fa4da1a93f10fd41e2cd46e9af1,94f80f7707b4afbce4f4ed64ccade8aa,delivered,2018-02-11 01:45:29,2018-02-11 02:45:40,2018-02-21 12:29:52,2018-02-22 22:55:52,2018-03-07 00:00:00
bb5ce7970b8f80016d81488da88bd924,8740408882489da8e994131167d53cca,delivered,2018-05-14 09:41:30,2018-05-14 09:55:16,2018-05-14 14:02:00,2018-05-21 20:27:48,2018-06-01 00:00:00
5e092cf7a8c77ef8b4592a9c656c498f,cad130372a8e9ca60716caf6ecd9fff6,delivered,2018-01-23 17:07:10,2018-01-24 10:31:36,2018-01-24 20:41:52,2018-01-26 15:29:02,2018-02-09 00:00:00
a1f5afc5fe7a4ee4bef93aab1e95772f,dc53883e94804c81b4afdf2c23478d97,delivered,2017-05-06 11:09:15,2017-05-11 23:31:25,2017-05-09 08:48:36,2017-05-16 08:05:15,2017-05-29 00:00:00
9dabf3a17045c583bdef7fdb08d07287,ab120cf1ae611a3eeee7cc34f3eeec22,delivered,2018-02-23 11:43:38,2018-02-23 12:20:29,2018-02-27 18:12:50,2018-03-10 09:42:40,2018-03-15 00:00:00
fa06c9f04ef55a2a43f2246a0777b7c8,1b997f96d4a6c4fb19c633328b8706da,delivered,2018-02-27 10:55:41,2018-02-27 11:10:31,2018-02-28 17:08:20,2018-03-13 15:44:34,2018-03-27 00:00:00
a86a34972a168f819d4e6fbf8d07a264,b791ca57e403e3abe07c2955dcd7df8b,delivered,2018-07-24 23:30:08,2018-07-24 23:44:23,2018-08-06 14:15:00,2018-08-10 19:21:48,2018-08-15 00:00:00
2d8ddd95648e5e34bad27f931418e5c6,205a18049cb11aacba0e6e4ed2e45d68,delivered,2018-03-30 21:17:44,2018-03-30 21:30:13,2018-04-03 17:34:25,2018-04-11 19:57:41,2018-04-26 00:00:00
acd102211b766043b075ee2243ed9c5e,4630f83501d8ae1b951d562f4f0261a2,delivered,2017-11-30 20:21:12,2017-12-01 10:31:18,2017-12-01 17:48:49,2017-12-12 16:19:47,2017-12-28 00:00:00
957b2a53b998f467d33357ec24b2b467,2c9e857e7297bae10093de84dde3961c,delivered,2018-01-10 10:54:38,2018-01-10 11:31:40,2018-01-10 20:48:52,2018-02-02 16:25:17,2018-02-01 00:00:00
ddd9c425db13b8b55a6dc676634ea208,ef7ddf34b90465915d4e989b41c86fea,delivered,2018-07-30 11:19:13,2018-07-31 04:31:33,2018-08-08 15:43:00,2018-08-14 13:24:36,2018-08-27 00:00:00
fe6579729423e95a06cb0fc5664185f1,234e5e4fdc50bbffe58d000e49aaae43,delivered,2018-04-20 08:28:40,2018-04-20 08:52:45,2018-04-23 20:36:35,2018-04-30 16:58:52,2018-05-09 00:00:00
74ee76f41c91df1fd8473a1fc19f362a,ca85f1de72b224e6e79d9c959f6c384d,delivered,2018-04-30 16:40:08,2018-05-03 04:32:52,2018-05-08 14:02:00,2018-05-16 17:12:21,2018-05-28 00:00:00
8526a9a3883c882acce72e212f5b2d17,12943cd75dff4407f19eaf7b7dd80d20,delivered,2018-06-16 17:08:36,2018-06-16 17:18:11,2018-06-18 15:03:00,2018-06-21 23:06:40,2018-07-26 00:00:00
c005c973843746a08a6ea826af4ce0c0,71ac72b29860fdac58666426bbe6b4ba,delivered,2018-07-29 18:24:11,2018-07-30 09:31:10,2018-07-30 14:06:00,2018-09-13 21:22:27,2018-08-21 00:00:00
bbae6c48f9a555fcdfc699ed409760f8,9789eba872e53ba9326db5b3f184672d,delivered,2018-07-31 20:40:21,2018-07-31 20:50:20,2018-08-01 13:25:00,2018-08-10 14:48:33,2018-08-23 00:00:00
757fc9c2b9efb9c346fb38ec82763c32,f4d1920121272d6f1f6397e452c9633d,delivered,2017-09-12 16:17:32,2017-09-14 06:45:15,2017-09-14 16:47:52,2017-09-19 18:52:44,2017-09-28 00:00:00
da2ae2d46fd31dce84161c9dbf64331b,682e1ecd45b764918a2bd91922b2f5e5,delivered,2018-06-30 19:07:30,2018-06-30 19:50:05,2018-07-04 10:37:00,2018-07-10 13:32:05,2018-07-24 00:00:00
bb05bd3bbacf1e3c6026b43b44a6631c,d6df67c855b6f445879822f6346dc45d,delivered,2018-05-24 11:05:40,2018-05-25 02:55:03,2018-05-30 12:58:00,2018-06-01 22:50:46,2018-06-11 00:00:00
40f74de53615f2e4d81c384c983b74e6,3ce7468170f59905cc4073cf015f8dcf,delivered,2018-05-02 11:46:26,2018-05-02 12:14:33,2018-05-07 13:31:00,2018-05-08 23:09:02,2018-05-16 00:00:00
192c5379ad41152204eac37621f9b8b5,c08931eb5c4bf40f48501b0d434f8c40,delivered,2017-12-13 12:59:04,2017-12-13 13:11:54,2017-12-13 23:54:33,2017-12-29 18:48:48,2018-01-17 00:00:00
c130858ff611f05ccbfbac337cd09cdc,4ae3b1e0d62d3d1563a8b800d1c1d14e,delivered,2018-06-16 10:58:46,2018-06-16 11:19:33,2018-06-19 14:42:00,2018-06-30 13:28:28,2018-07-17 00:00:00
fefacc66af859508bf1a7934eab1e97f,f48d464a0baaea338cb25f816991ab1f,delivered,2018-07-25 18:10:17,2018-07-27 04:05:13,2018-08-03 14:42:00,2018-08-15 14:57:50,2018-08-10 00:00:00
bb6b207f81557d17e581c9fe1422e070,ae5ca79e6893b64189a5b4044aaeb70a,delivered,2017-10-15 17:27:14,2017-10-15 17:56:25,2017-10-17 12:33:05,2017-10-24 22:45:53,2017-11-03 00:00:00
a4d873bfcdebc189c6bfeaef27325df0,4a068788cb64b9a1e8a4fd2502ee19db,delivered,2017-12-06 22:13:04,2017-12-06 22:32:58,2017-12-08 22:09:48,2017-12-30 02:37:02,2018-01-05 00:00:00
2140d49aa405c7c344212e78351fef98,ee5d56dc454b7fea73f0f8d016bcf387,delivered,2017-02-08 10:07:23,2017-02-08 10:15:14,2017-02-13 08:37:40,2017-02-20 16:09:38,2017-03-10 00:00:00
f5e0327c97a90df59977a815f6e4453c,e6c59c09cb529c3f49bf5aa8e345d2e8,unavailable,2017-12-06 14:39:11,2017-12-06 14:52:17,,,2018-01-03 00:00:00
b7624f6b70f7b79ea2b092b6f1be678c,a6b19a21cdce23baec63e5e6a0ff8288,delivered,2017-02-03 22:21:47,2017-02-03 22:30:19,2017-02-07 07:38:58,2017-06-14 14:42:22,2017-03-10 00:00:00
0d9046ee305e5a360380ac6598561380,234b71c1b96f9b6073b07083c14e9067,delivered,2017-10-19 16:18:26,2017-10-20 16:14:26,2017-10-31 18:48:55,2017-11-06 20:09:32,2017-11-23 00:00:00
dc6f399c6e89a48c2b06005aff6e0a94,28f26ebe1e3c8ec0d7d747fe64957381,delivered,2018-08-20 22:08:27,2018-08-20 22:29:22,2018-08-23 14:26:00,2018-08-24 11:16:37,2018-08-24 00:00:00
ea39d327906c9e8540a9b0f5004dcf46,0054556ea954a76ad6f9c4ba79d34a98,delivered,2017-08-08 23:46:22,2017-08-09 00:43:27,2017-08-10 15:17:48,2017-08-18 16:43:32,2017-09-05 00:00:00
802c6194741628ea426c4d7a4e55707a,42735dc9ad5d47f62eef96007363fa58,delivered,2017-04-18 13:21:52,2017-04-18 13:35:26,2017-04-20 15:47:28,2017-05-02 17:48:43,2017-05-10 00:00:00
2d9fae00e8fabe4fc6128a1d8a527aeb,cad130498976053d343197781844dc38,delivered,2018-07-25 20:05:09,2018-07-25 20:24:24,2018-07-30 14:33:00,2018-08-01 20:37:59,2018-08-09 00:00:00
c5e79fde963dea8e49adf06e70fefa9f,f8125bb662b6ef384d35dd00b3d64c9d,delivered,2017-10-04 15:20:19,2017-10-04 15:28:26,2017-10-05 18:53:51,2017-10-09 23:52:43,2017-10-27 00:00:00
2dd771050d8bf7ee324d78a5216a3b3f,50212e9cb1e83b19c633d8b031b83456,delivered,2018-02-16 12:48:57,2018-02-17 03:47:48,2018-02-22 00:21:09,2018-02-28 17:12:55,2018-03-16 00:00:00
cd616a07efbf375e0b1fba8b5ff969da,e3939b75ecc1fa84cbda7ca48ee0e5e7,delivered,2018-02-03 13:09:29,2018-02-06 05:31:52,2018-02-06 16:17:54,2018-02-16 17:47:49,2018-03-01 00:00:00
88b24cb0678cf5b316584a332f724969,5127c3d8efbc48f0c9c5e97a686e5cd9,delivered,2018-07-13 18:51:55,2018-07-14 18:50:11,2018-07-16 14:44:00,2018-07-30 16:45:00,2018-08-14 00:00:00
d709f76aa4bb3f06603642d3a70bc3ee,fe88b90bb0bbd4d74fd7312f8608cd9c,delivered,2018-05-13 08:13:53,2018-05-15 04:35:18,2018-05-16 06:12:00,2018-05-19 15:35:28,2018-06-07 00:00:00
1d43ba66c2170cd8c67e694e5c0e41d8,20fd39c235473956087bac5084340cfc,delivered,2018-05-18 00:32:34,2018-05-18 03:56:23,2018-05-18 13:39:00,2018-06-01 19:36:29,2018-06-19 00:00:00
337ef16882e956f8147cb7ff4af08a67,7ba520aa0e64d984c4518b4da81547a4,delivered,2017-08-06 15:15:04,2017-08-08 04:05:52,2017-08-08 18:32:29,2017-08-16 20:25:28,2017-08-29 00:00:00
81e4aef5d8ad9005b1295fcc2fb4100a,83b0bfafbbfc77e2e63df86f34e3f4ed,delivered,2017-06-07 20:32:48,2017-06-07 20:45:15,2017-06-09 11:04:23,2017-06-19 19:22:46,2017-06-30 00:00:00
1db6346bb9b84ddccb41b287b6ca1fd8,92b8cf3a3401ec888202af5cbf218819,delivered,2017-09-30 00:56:26,2017-09-30 01:07:15,2017-10-02 21:32:19,2017-10-16 19:32:43,2017-10-27 00:00:00
c264a40f0928de690a343e0f86c8e320,861b8e733eb985f26e20a1df9a03cc0c,delivered,2017-08-01 15:43:53,2017-08-01 16:08:43,2017-08-02 20:02:48,2017-08-09 20:16:46,2017-08-25 00:00:00
9c29be3676de1c34e443b45bc2c2ba73,3f9bf157d5b9cdd0ecabe348badbc21e,delivered,2018-03-28 10:51:44,2018-03-30 03:15:29,2018-04-03 17:44:21,2018-04-16 17:05:44,2018-04-16 00:00:00
2f0d37ea567190781b905fe413d187b1,77adec624e36e65c0a3af52452b21b12,delivered,2017-10-03 18:59:57,2017-10-03 19:14:31,2017-10-05 16:47:36,2017-10-11 19:52:55,2017-10-19 00:00:00
d736ac2dcec087fda2b4ed1eb5a5032b,9e4ff81b50ebd36f73b2434f1ef1d4cc,delivered,2018-02-28 11:31:39,2018-02-28 12:20:23,2018-03-01 18:19:33,2018-03-28 00:08:44,2018-03-28 00:00:00
61b99e917a3da2c77c1a3ef38cdf38de,ab9fe017b1de9118ef7b8273ddbce479,delivered,2018-06-23 11:39:19,2018-06-23 11:55:36,2018-06-25 15:31:00,2018-07-04 16:48:49,2018-07-19 00:00:00
818869c4c6740ee23979a7cbf298e31c,378516f0506604e67868c3517983caec,delivered,2017-06-19 15:53:15,2017-06-20 11:23:54,2017-06-20 13:50:34,2017-06-28 14:04:31,2017-07-11 00:00:00
96abd5bcf3e5ccbf3552e0d32ddcf143,e13dd5d554283954137c5d0e3b5de65e,delivered,2017-05-26 12:42:35,2017-05-26 13:04:19,2017-05-31 09:38:58,2017-06-07 13:38:38,2017-06-22 00:00:00
603d99954d45262efae58a9827c7f02a,b78953f13f5b35bc21c8b43e4528f123,delivered,2017-09-02 19:46:46,2017-09-05 04:15:49,2017-09-11 16:13:35,2017-09-26 20:28:05,2017-09-29 00:00:00
661373c8e08e08ebfe43295b3c0cf457,b29696a647ad52b16d8d3700ab2bbb47,delivered,2018-06-30 10:25:42,2018-06-30 10:50:17,2018-07-02 14:28:00,2018-07-06 18:22:39,2018-07-25 00:00:00
96950a428afc9ab7a40003d030e71cb7,8a2f91d09e7ed0db94b1c9d1dac0e305,delivered,2018-06-11 13:38:23,2018-06-11 14:01:55,2018-06-12 14:15:00,2018-06-14 15:08:55,2018-06-28 00:00:00
0805644614eb4e79eb6e5948057e2f1b,d7cb9c6c0de35c874cbad4f5f5f96c8a,delivered,2018-02-14 15:08:42,2018-02-14 15:20:38,2018-02-16 22:16:47,2018-03-16 18:41:59,2018-04-02 00:00:00
0e55af861e63530c56528012f41b7c6d,5403d5f310d90498102fd3a2345f16ef,delivered,2017-05-19 18:43:08,2017-05-19 18:55:18,2017-05-22 11:41:26,2017-05-30 10:03:57,2017-06-13 00:00:00
1f4e50d812a6a4f1ae815a4aa6435e51,a07a103d0343912102c9fa16a4101d8d,delivered,2018-01-02 16:09:04,2018-01-02 16:19:23,2018-01-03 12:08:16,2018-01-08 18:33:26,2018-01-31 00:00:00
d017d0e91fe40d6aa17e32f698543706,30f451d315980b9bb52939eccbdb5130,delivered,2018-07-26 16:25:50,2018-07-27 16:24:15,2018-07-30 14:43:00,2018-07-31 17:17:49,2018-08-03 00:00:00
79aba1aabcd2384589da97533c60c626,4afb263f3cd7a3e3d2dcd5bd3bcdb606,delivered,2017-07-11 12:11:51,2017-07-11 13:10:14,2017-07-13 19:11:53,2017-07-22 11:07:37,2017-08-02 00:00:00
f6a1315248ae1d7cb19cc912d5239771,10545554aa6652e877c8519d3144a24d,delivered,2018-01-15 15:32:15,2018-01-15 16:30:30,2018-01-17 20:43:49,2018-01-24 20:49:15,2018-02-06 00:00:00
1b70309f9d8c8068c52cab917fb26379,93a313239e46efafd39f0e6d4381b112,delivered,2018-07-21 04:59:38,2018-07-24 11:32:14,2018-07-24 14:01:00,2018-08-04 06:54:43,2018-08-16 00:00:00
9676a8d4d68b73a967fedb5eb0d82c21,6cce36a98cd5c919be3b11396c802228,delivered,2018-04-09 18:41:20,2018-04-09 18:55:15,2018-04-11 19:22:36,2018-04-14 12:44:26,2018-04-23 00:00:00
3842b7ad02b831026ee377ddef334206,21f9845be0cdc1d505f363e27dfcb068,delivered,2017-08-21 11:05:48,2017-08-21 11:15:17,2017-08-21 19:21:16,2017-08-25 16:55:37,2017-09-11 00:00:00
74f5ef24910641ee05e708ad84525bb7,4b3c1094a07e52f1eed9e326d4f28fd9,delivered,2017-05-07 20:00:24,2017-05-07 20:40:05,2017-05-09 15:38:02,2017-05-19 15:13:08,2017-05-31 00:00:00
ac8f33e39cd4da19fb975a3b2e1bb57a,f4e1e1a718f0175a94e3afc20da813d7,delivered,2018-05-03 20:08:59,2018-05-03 20:30:56,2018-05-04 07:17:00,2018-05-10 20:22:30,2018-05-23 00:00:00
2147876cd801aed5f273ba360d0960ac,d19ba09dec1d11149f807993731a324d,delivered,2017-03-02 01:18:35,2017-03-03 02:10:41,2017-03-03 12:30:25,2017-03-10 14:12:43,2017-03-23 00:00:00
e06c6d2cccfbf53339917bf60c317955,ea0d5d3cb952f08d3734e1ab8814e4c7,delivered,2018-03-11 11:45:43,2018-03-12 17:29:47,2018-03-13 22:58:35,2018-03-19 15:03:18,2018-04-03 00:00:00
9f614c4a6839e4c60280aa7c70913658,edf0671289afa3c587fe9bcf46969567,delivered,2018-07-24 12:16:29,2018-07-25 09:24:27,2018-07-25 14:12:00,2018-07-27 18:56:52,2018-08-07 00:00:00
b6a54d4f9fd929e75e299ce1a0963094,e7a12cebe1325bf8786c1f714616d282,delivered,2018-04-15 18:08:36,2018-04-15 18:30:46,2018-04-19 16:26:55,2018-05-02 15:46:48,2018-05-23 00:00:00
534a285e4e770b1bfbb710c8d45ea5b7,ae2636b5230540a5c04969749d4c0b86,delivered,2018-06-14 09:13:37,2018-06-14 10:08:30,2018-06-15 14:58:00,2018-06-21 21:38:29,2018-07-13 00:00:00
e989ba2c566a8bba506c12084cf211f1,a6452bb0e152682d913a9503da689131,delivered,2017-09-25 16:41:46,2017-09-25 17:10:21,2017-09-26 16:25:20,2017-10-13 17:37:54,2017-10-23 00:00:00
a4ba5f471acc707087cf478a5145f0e7,e1979cea70a08572ee93f5a366d9efb9,delivered,2018-01-30 21:29:41,2018-01-30 21:53:42,2018-02-02 22:59:10,2018-02-23 19:43:34,2018-03-01 00:00:00
a004b1039c9c568bb02a60cc915a9a5f,21e92205c8f91dd6361057d7ebccde96,delivered,2018-05-05 17:26:43,2018-05-05 17:35:19,2018-05-07 15:01:00,2018-05-22 22:12:57,2018-06-01 00:00:00
7085a588f3bd2d50f30fa90ef4265f3c,04370b820ba7c7a238a5862e04bea0f3,delivered,2018-08-23 13:56:50,2018-08-23 14:10:15,2018-08-23 15:42:00,2018-08-27 18:32:55,2018-09-04 00:00:00
5309697895b2dd99b05c248512f668cc,d839f4dde946c508c319fc89a4e67756,delivered,2017-11-25 01:04:21,2017-11-28 04:31:08,2017-11-29 18:28:57,2017-12-04 21:09:30,2017-12-18 00:00:00
22fe48586668c69e7ffec9dd9d0b7d77,e9bdf0e4c8e93778c92370928f055cf7,delivered,2017-08-19 18:27:16,2017-08-19 18:44:21,2017-08-23 19:07:09,2017-08-28 19:07:31,2017-09-15 00:00:00
0bb7822b99c8352126fdad34ac75c53c,e05225ee3c98c05a036dc06a294f5ba6,delivered,2017-12-13 12:04:00,2017-12-14 18:31:35,2017-12-18 20:57:13,2017-12-20 16:26:52,2018-01-02 00:00:00
ea5b7fbed8f0f55de316e8f9d315e3ca,9b43a6ecfe9d923d12a54d057128a5fe,delivered,2017-12-09 20:37:58,2017-12-09 20:50:33,2017-12-12 19:54:29,2018-01-05 11:49:01,2018-01-18 00:00:00
920e4d205a4f7d7513ae2bb67f70e856,11ec6fbb9a8c2ddfaaed9308a4d9fa46,delivered,2018-04-12 10:39:39,2018-04-13 12:50:03,2018-04-16 22:17:41,2018-04-26 21:46:51,2018-05-16 00:00:00
b713808dd06ed1a61d95a024a3e367a1,9d10716e281490d751a1d761003ae948,shipped,2018-02-14 14:34:30,2018-02-15 03:51:23,2018-02-15 16:27:41,,2018-03-08 00:00:00
85c74bce4ecdec38e2f255fd0499870c,c8885e58f79687064b6c2ca54626b032,delivered,2018-05-23 16:36:13,2018-05-23 17:55:40,2018-05-24 10:07:00,2018-06-03 16:18:30,2018-06-14 00:00:00
8e1a937cfce33628e91656ee96f340fa,fdb83eafcca14a49c61835107e287d0d,delivered,2017-05-09 16:16:19,2017-05-10 16:25:18,2017-05-19 12:39:49,2017-06-06 15:08:51,2017-06-14 00:00:00
5ed8b8942757954959c6b8a16f9cae68,d8a6a936b77f919a8e25764d335db480,delivered,2017-04-23 16:06:48,2017-04-25 08:05:39,2017-04-26 13:46:09,2017-05-03 11:19:56,2017-05-12 00:00:00
6bf83a37e03322f91bf5dacf277070db,f90630645eb43df278d1ee01e134f986,delivered,2018-01-29 22:39:19,2018-01-29 22:53:40,2018-01-31 19:46:17,2018-02-14 20:33:55,2018-02-20 00:00:00
13e1891808a2b6afe2585a176433637d,ce248bfc47e8ff2f5eb99214e99f412c,delivered,2017-06-02 21:55:08,2017-06-03 22:02:17,2017-06-05 14:05:56,2017-06-06 15:26:09,2017-06-16 00:00:00
bff9098ed91532e554b0c12a4712546c,185cd4528ed02f7755e844caff8d7e5f,delivered,2017-04-04 18:43:32,2017-04-04 18:55:15,2017-04-06 09:17:56,2017-04-10 16:58:14,2017-04-27 00:00:00
f8f060d6183c5d1a9b6415d1be10921a,15824b1f4033abc636173c2d1e3df828,delivered,2017-06-05 11:43:36,2017-06-05 12:27:57,2017-06-06 15:24:49,2017-06-12 10:33:38,2017-06-29 00:00:00
019d79b37e56c6d56d6323fed0c54d70,bf02d2d8cd0525d8849563e2a03b95da,delivered,2017-05-21 14:17:05,2017-05-21 14:30:17,2017-05-23 11:55:51,2017-06-06 09:52:02,2017-06-20 00:00:00
40df8c3397a83c958da60d5ad1e1eb85,d4f7e997120818cc9db564b522ba2a80,delivered,2017-11-30 23:01:57,2017-12-01 10:30:54,2017-12-02 00:43:46,2017-12-18 17:08:57,2017-12-28 00:00:00
5e11fe9f9a64d664e12cf549745060e0,44a838eb7c573fe810820c3f440bf4f0,delivered,2017-04-10 17:39:35,2017-04-10 17:50:17,2017-04-12 11:54:52,2017-04-18 18:37:05,2017-05-04 00:00:00
d234978dda939ba3dbb33a1b5c474ea9,a6ab19f6d9c652f975031cee6b867541,delivered,2018-03-10 13:00:34,2018-03-10 13:10:24,2018-03-13 18:14:43,2018-03-15 20:18:46,2018-03-22 00:00:00
c42ccab83afd0e50ca0d6089596b1b8b,4fc9e35cc1c1237488346652e2487231,delivered,2017-04-06 15:45:10,2017-04-06 16:45:30,2017-04-07 15:29:30,2017-04-13 18:10:19,2017-05-02 00:00:00
9e6fa90618070716da24cbf8fa5261fa,f1e4cb90d648840b059aad60e2eb0574,delivered,2017-12-02 11:31:32,2017-12-02 11:50:35,2017-12-04 19:18:16,2017-12-08 19:38:53,2018-01-02 00:00:00
eb66508d16233a5ef656f592bea79a56,b4c90155d3643b32666a1a0a0343e625,delivered,2018-01-13 16:47:32,2018-01-13 17:39:23,2018-01-16 00:04:14,2018-01-24 16:34:42,2018-02-16 00:00:00
b77e196ee314322dcec6124fa3e38b6b,672648fbe0bfcb8f8edff0592f1095fb,delivered,2018-08-18 21:16:18,2018-08-18 21:30:11,2018-08-22 14:52:00,2018-08-28 00:21:41,2018-09-10 00:00:00
72935c1f27775472627da411819164f0,61906d8d924faf6232a8d047a75b4a92,delivered,2018-03-14 16:50:14,2018-03-14 17:09:02,2018-03-16 19:18:28,2018-04-02 22:12:43,2018-04-09 00:00:00
14142e4c26cd190475c63c3dc773bf6c,0d41b4a10415bd94fbc317599df557c4,delivered,2018-02-15 22:28:47,2018-02-16 14:32:37,2018-02-16 23:13:51,2018-03-01 21:30:30,2018-03-09 00:00:00
c946d0cd8265886e13b8e20dd8a4cc4f,52b41d616aa4bb01162a54828e5dd8fe,delivered,2018-03-10 08:00:16,2018-03-10 08:40:20,2018-03-12 18:21:28,2018-03-21 22:14:46,2018-04-03 00:00:00
92cd4be4e992be4ab03304531ce6c5f9,99df947218ac5907e8d38dee73a75940,delivered,2018-01-20 21:20:55,2018-01-23 03:52:31,2018-01-23 21:38:52,2018-01-30 23:19:03,2018-02-14 00:00:00
ae8b5df33b436c333b48d59c25ddcf46,f30065300dac59dfc4bba02c9eac73e7,delivered,2018-08-19 19:04:21,2018-08-20 13:49:19,2018-08-20 14:38:00,2018-08-24 22:18:47,2018-08-29 00:00:00
a4f6c6ff0270709873e39b3fc5c2f256,e3ac420eb3b549817e80918d8f944362,delivered,2017-11-02 19:57:15,2017-11-02 20:10:32,2017-11-06 22:07:37,2017-11-20 18:18:54,2017-12-04 00:00:00
b0ea87e8402211c896c8d6b4b2001c7c,f84dfdbb9fae7348ead6375ee052da24,delivered,2017-11-10 22:50:03,2017-11-10 23:10:26,2017-11-13 18:21:59,2017-11-23 18:08:27,2017-12-04 00:00:00
686bfd58da52593419e1201d773af6d2,635df0ecf19982b9fdf79b7f6558f841,delivered,2017-11-16 17:36:57,2017-11-16 18:20:25,2017-11-30 18:34:26,2017-12-08 16:17:36,2017-12-18 00:00:00
b0cfe2eb432bba9a53dce35cd5793946,b7908345fe15cf0013c5f73d12225cab,delivered,2017-09-27 19:45:47,2017-09-29 02:28:45,2017-09-29 20:02:07,2017-10-15 14:21:20,2017-10-26 00:00:00
ae953cc1e58850c44e9d68bf216cb8c0,ececd83cf61745e93580aaba87e02f60,delivered,2018-03-22 08:24:11,2018-03-22 08:35:30,2018-03-23 21:05:19,2018-04-04 12:52:01,2018-04-10 00:00:00
a6e75a284bbd3aa94f0e329d2522f996,0065c96aca557c0919dd5cdee546f8b1,delivered,2018-05-31 10:28:18,2018-05-31 10:53:46,2018-06-01 13:29:00,2018-06-03 13:35:44,2018-06-26 00:00:00
c11fda48e1e32d80cdded371a3ffa4b9,14a3a55cbb34545cdddf42bfd352bb9a,delivered,2017-11-08 19:14:18,2017-11-08 19:30:49,2017-11-16 14:08:38,2017-11-22 18:48:43,2017-12-14 00:00:00
e99cec5edea38be65a806b88a650b2bf,a4a5fad3d34775ea6a72ac455a5226a0,delivered,2018-01-16 10:18:14,2018-01-17 04:31:15,2018-01-17 20:22:22,2018-01-19 23:06:23,2018-01-31 00:00:00
78e2e121092766f1dd16d8570944bca0,333dac31d3ffc76c8aaae035ead5526d,delivered,2018-08-09 10:38:04,2018-08-09 15:25:13,2018-08-10 11:08:00,2018-08-21 14:42:44,2018-08-31 00:00:00
b33010cda5cc0e6573b4eecafeb14082,21a23cc024883e2a7c9dbe7a14a7eccc,delivered,2018-07-30 17:57:51,2018-07-30 19:32:19,2018-08-03 15:14:00,2018-08-08 00:51:56,2018-08-17 00:00:00
461873d21418f4a79f9c7d6d8a866a0a,6ad0ed6c76ed5dc462481347dba1288f,delivered,2018-05-12 23:02:21,2018-05-12 23:16:40,2018-05-15 14:56:00,2018-05-24 15:11:42,2018-06-07 00:00:00
4894ab6596d70a7721324f6ecb314e55,7aa47bbde16e301bbeb89536a7aa41db,delivered,2017-05-14 15:55:37,2017-05-14 16:10:16,2017-05-16 13:58:34,2017-05-18 15:49:41,2017-06-02 00:00:00
7b03a8c3cad91944919f2128a8c5560a,c7f5357e45e2c27d6478029945e1b92f,delivered,2017-10-27 00:11:34,2017-10-27 00:26:43,2017-10-27 17:39:05,2017-11-14 18:57:51,2017-11-17 00:00:00
b83386c51767724444bf697eb4c64b30,b55606c2285147417c87a9726c93952c,delivered,2017-05-06 14:07:21,2017-05-06 14:22:16,2017-05-09 07:59:44,2017-05-23 12:59:32,2017-06-02 00:00:00
f525c0ecd4bf2ca6f355b416fdea988d,332fa01da1b4e11dfbc8df1ed883a467,delivered,2017-12-12 12:51:06,2017-12-13 02:50:04,2017-12-14 20:46:41,2017-12-16 17:52:07,2017-12-29 00:00:00
6ccfdcda6bd1ef7cee86cd6f6c4b8bee,462bfc136787eae6609ca5890feb3e02,delivered,2018-04-04 10:55:59,2018-04-04 11:09:57,2018-04-05 17:27:34,2018-04-07 00:31:19,2018-04-30 00:00:00
5b2c5ecc56d504463b1e5d8e918f6069,eea0eeb6fd2ff8de94fcf2211e61790a,delivered,2017-07-26 13:43:35,2017-07-28 10:43:47,2017-08-03 18:44:32,2017-08-09 19:03:44,2017-08-31 00:00:00
38f48d4adfebeacd5c07311b4502498f,8584b76166e1999bbcb0347b7e8aa5ff,delivered,2018-06-28 18:05:26,2018-06-28 18:15:16,2018-06-29 13:08:00,2018-07-04 14:12:04,2018-07-24 00:00:00
08ba140da4dd8ad477f0f3e9793edcec,abe3fe8adfe5af3eefa704fb9837e9f7,delivered,2018-04-23 16:04:18,2018-04-24 17:26:33,2018-04-24 19:32:31,2018-04-27 20:23:31,2018-05-15 00:00:00
48927ab83901af38077c4009821ea972,7505971887b32c2c73c07aaf67c88b35,delivered,2018-04-29 18:09:40,2018-04-29 18:29:57,2018-05-02 15:20:00,2018-05-07 18:24:55,2018-05-22 00:00:00
4c3849a3e78ef73e3e3fac21b104b67f,3313e6baf02cf7bf76ac6817404c8338,delivered,2017-06-18 18:31:55,2017-06-18 18:43:01,2017-06-19 20:07:38,2017-07-04 13:08:54,2017-07-11 00:00:00
e18b80a24c2ceaf4de431f7a9b042f10,e01d5f8990870a514c5a86cce2de155e,delivered,2017-08-10 00:39:34,2017-08-10 00:50:20,2017-08-10 19:13:32,2017-08-15 21:47:46,2017-08-30 00:00:00
be5bc2f0da14d8071e2d45451ad119d9,7ec40b22510fdbea1b08921dd39e63d8,delivered,2016-10-03 16:56:50,2016-10-06 16:03:44,2016-10-21 16:33:46,2016-10-27 18:19:38,2016-11-07 00:00:00
84d8cb80e8228cbea6d970499c3ce3c3,2bea781be88980e68fb5bbac765fccdb,delivered,2016-10-08 09:55:44,2016-10-08 11:04:01,2016-10-26 23:51:13,2016-10-27 23:51:13,2016-11-28 00:00:00
6b6cca8d4b526e73b216c9ca31cf0268,4077a894fcbcc59fe14e9acd059a5a2c,delivered,2017-05-08 12:15:17,2017-05-08 13:03:08,2017-05-09 11:32:28,2017-05-19 13:37:46,2017-05-31 00:00:00
fcafab7fc942d51e9f45bfeeb5bb684d,553ee9fd74f79d17eb36a817a4873ca5,delivered,2017-01-23 02:38:46,2017-01-23 03:20:05,2017-01-23 12:02:28,2017-03-04 07:23:50,2017-03-02 00:00:00
29069b15adeec52fc98e512ac98acba2,ef064585c1de7fab6cae13fae7ec85b8,delivered,2017-12-13 10:02:08,2017-12-13 10:31:48,2017-12-14 19:15:00,2017-12-19 21:57:05,2018-01-08 00:00:00
eb529b6aa88196cef958e24a0a8f4086,334cf9305f5115f1c21a78347ddb8008,delivered,2018-08-05 10:43:04,2018-08-05 10:55:13,2018-08-09 14:10:00,2018-08-14 22:24:35,2018-08-30 00:00:00
8f4ca9bde5fe4aa5bcf7af761a7779cc,7286b5cbd9bcc9df28c378dd0b1aa4dd,delivered,2017-12-05 15:18:02,2017-12-05 15:31:38,2017-12-12 19:03:32,2017-12-19 17:24:36,2017-12-29 00:00:00
9c9caabac80e005ba36cb7c06afc0fe3,6584694ce00fc6b2b34cdff1220ea928,delivered,2018-06-30 04:40:59,2018-07-05 16:11:04,2018-07-09 12:42:00,2018-07-14 15:12:18,2018-08-02 00:00:00
3cdbf328dc0f52112842b474f208831b,d4841bcb0302d896add35234553d95c7,delivered,2018-08-18 15:26:25,2018-08-18 15:49:12,2018-08-24 14:37:00,2018-08-29 20:21:14,2018-09-06 00:00:00
e2b77c6c1ff48eae6cae3a2d091b1bf4,5155c7c3fb6ddc5770d9c72dd3be05a4,delivered,2017-12-01 21:52:53,2017-12-03 22:07:47,2017-12-04 16:43:37,2017-12-11 20:04:21,2017-12-27 00:00:00
d2c286d007ba2997cdd80a931d7af6ea,f502ab2c81de093e57c47eb790282f3e,delivered,2018-03-20 15:18:19,2018-03-20 15:35:25,2018-03-23 20:51:44,2018-03-28 16:56:43,2018-04-20 00:00:00
9ba2c9b0388923ffcdc4c4f3dffec0a8,f15b6be11357fe234e98422649972fab,delivered,2018-07-14 22:46:54,2018-07-14 23:04:06,2018-07-16 14:20:00,2018-08-20 14:18:43,2018-08-07 00:00:00
e744cff6248bcb9a86e72ca9693fb3a5,949e011ea8cb74048b7e0cc69b40b3cf,delivered,2017-07-19 19:43:53,2017-07-19 19:55:21,2017-07-21 21:42:21,2017-08-04 16:54:59,2017-08-17 00:00:00
42aebcf14e4f87531de5beadc2ab8524,5fdc1a32e70642cae75d546be2b309bf,delivered,2017-05-11 02:34:52,2017-05-11 02:45:11,2017-05-11 10:23:49,2017-05-20 11:33:09,2017-06-06 00:00:00
539e4c852e657b3cdf03f83c371853b1,2ca8f68dd5c950c950a65257118cd1dd,delivered,2018-06-20 19:05:30,2018-06-20 19:19:19,2018-06-25 12:44:00,2018-07-03 20:51:57,2018-07-23 00:00:00
b8e9df924b8a1dca22c4920e9d6b33bc,7cf8db542b84bb0d46c06c5679b50e02,delivered,2017-09-19 12:19:44,2017-09-20 02:42:12,2017-09-22 18:27:17,2017-09-28 20:43:50,2017-10-09 00:00:00
e2a45d61a460b659878a89fe8f88b5fc,f7af610e591f0a53b8adb3cce3ab1c46,delivered,2018-04-23 10:57:59,2018-04-24 18:42:04,2018-04-23 22:03:26,2018-05-02 22:35:03,2018-05-11 00:00:00
35ffe37898d6f8bccb4fb1a1f7e545dd,17e2812323656fc71402bac9010c24bd,delivered,2017-07-21 18:56:33,2017-07-25 03:45:26,2017-07-26 10:34:52,2017-08-03 21:11:14,2017-08-16 00:00:00
b0f1788449620cd7f71d55b336967c24,8f14f3becf2f707936e250675b488a83,delivered,2017-10-23 20:27:13,2017-10-25 02:14:24,2017-10-25 21:07:37,2017-11-01 21:16:04,2017-11-14 00:00:00
d0fb62f913d61e8c15e80cd65c741b91,2c1c3b2dc98c6fb099f16fd6f8f5bb0b,delivered,2017-11-15 14:23:37,2017-11-15 14:31:12,2017-11-16 17:21:58,2017-11-21 16:53:08,2017-11-30 00:00:00
d054cc37dea401636693e25d78222470,b102dddafbe25810c949214bf625f425,delivered,2018-01-15 14:13:05,2018-01-16 18:29:42,2018-01-22 19:14:53,2018-01-24 21:48:06,2018-01-30 00:00:00
a51f4405f3b693d1a66119867a849b15,4d6385cb62939e09b657f6dfd31e3773,delivered,2018-04-24 22:40:37,2018-04-24 22:50:16,2018-04-25 11:54:00,2018-04-26 18:17:07,2018-05-08 00:00:00
b0087bdf94b7aaab2e0fb914d1d99d9d,bd400dcb59dffe9e53b7820f64737d52,delivered,2018-06-22 16:48:29,2018-06-22 18:15:57,2018-06-25 15:00:00,2018-06-26 22:34:33,2018-07-11 00:00:00
f741187cef9b5cd08353d3a8fecc5fc5,826c92d1c51b9887955ed7e056b293f8,delivered,2017-05-19 15:14:57,2017-05-20 06:35:16,2017-05-22 11:57:37,2017-05-25 17:08:14,2017-06-14 00:00:00
7a56fb62946da254d15e01d0d735b993,629fddeed802b1d87f4ad34d314a3b8b,delivered,2017-11-19 15:50:57,2017-11-19 16:06:40,2017-11-21 18:32:09,2017-11-23 00:24:44,2017-12-01 00:00:00
7cfa6258a4b606dc9223e212c6cd1341,1e7569b40852c8c0c06f6ec8da857e0c,shipped,2017-10-06 13:00:51,2017-10-06 13:14:16,2017-10-09 21:20:06,,2017-11-21 00:00:00
999bf17745df488cb226eeaf1f4ad24a,9f199bedccd675daef3456bd39125a5f,delivered,2018-01-06 17:25:44,2018-01-06 17:36:19,2018-01-08 21:13:28,2018-01-25 18:31:25,2018-02-08 00:00:00
a1c5f97c5f7e4d6c18ae98e5fa287550,b19710fc3553f1074b2dd092678dfd92,delivered,2017-08-28 21:32:44,2017-08-28 21:45:36,2017-08-30 16:06:10,2017-09-05 17:34:29,2017-09-19 00:00:00
ea0eb30a359a0f8f5fd01ed01439b0dc,4343c751ea2e82fe45fd824b11bc5518,delivered,2018-03-31 12:00:49,2018-03-31 12:15:07,2018-04-02 19:08:29,2018-04-05 16:21:53,2018-04-19 00:00:00
697fd318644f987187c9cde4ab05bb67,0ce39cdccf4001adee4ffacaeab5a0b7,delivered,2018-07-25 01:40:33,2018-07-25 01:55:08,2018-07-25 14:49:00,2018-08-07 00:44:48,2018-08-22 00:00:00
67d83bd36ec2c7fb557742fb58837659,7cfe09e5bc5e9f1fab1a57d8ddd8eaee,delivered,2017-07-27 12:50:46,2017-07-27 13:15:19,2017-07-31 20:29:16,2017-08-01 13:42:28,2017-08-16 00:00:00
d01c5b46e00bd214519fe9f64bbb2649,c14683c13fb7e9f39e4228f207eb05a8,canceled,2017-03-13 20:30:13,2017-03-13 20:30:13,,,2017-04-03 00:00:00
326e63b8d39ccc6ed4d6090784876a40,248c158dd2e7224c7a574b407366135d,delivered,2017-12-13 14:26:39,2017-12-13 14:38:24,2017-12-14 00:30:01,2017-12-29 22:29:09,2018-01-16 00:00:00
4ebda53ca2099f67effa601eabefe5db,55196389033657d42779d1c1651c73a8,delivered,2018-04-17 14:58:22,2018-04-17 15:10:28,2018-04-19 02:13:31,2018-04-27 17:46:54,2018-05-10 00:00:00
2b57c696ecd14a037a58743e71c2bd39,f11ecccd7f87930c970ac8f2548ce3be,delivered,2018-08-09 11:07:40,2018-08-09 15:25:22,2018-08-10 07:21:00,2018-08-20 15:58:38,2018-09-11 00:00:00
756fbe4ee70c4866a3cfb2facf6d7ec8,d4a5822667d384a634c0c2596e04b0fb,delivered,2018-05-19 15:58:09,2018-05-19 16:19:15,2018-05-21 11:56:00,2018-05-22 13:46:54,2018-05-29 00:00:00
27a60637f7cda35d14945994e8160c6f,c64870fd02b9b20bba0e69782e53d334,delivered,2017-06-11 23:08:55,2017-06-11 23:15:22,2017-06-13 17:07:45,2017-06-19 20:39:42,2017-07-05 00:00:00
ae7ef564bd3b4c6b260aae6169c141f7,1d627ec0652c140735d0c346f2c41ff6,delivered,2017-12-16 16:16:53,2017-12-16 16:30:39,2017-12-18 15:53:42,2017-12-23 10:29:18,2018-01-11 00:00:00
f2f5bdd435d706928f8210b650cd33bd,b74cd76f4d7ad4dec2b3132d50590d3b,delivered,2018-06-12 09:45:55,2018-06-12 13:04:11,2018-06-13 14:20:00,2018-06-14 15:29:24,2018-06-26 00:00:00
5f43a6b640128ff1e1a7fcc6872ebf71,cefaba24a9655361efd7844b47317be8,delivered,2018-01-19 14:12:06,2018-01-19 14:34:05,2018-01-20 00:22:15,2018-01-30 20:05:26,2018-03-01 00:00:00
db267aa9141e401f3dfd53da809cc8f2,acdc56c0f3c7be5919d08dc466b41e39,delivered,2017-10-03 16:17:28,2017-10-03 16:28:18,2017-10-05 18:28:44,2017-10-09 19:38:57,2017-10-25 00:00:00
036f684797c77d9beffa596570e198bd,7d8c5a6ea04ebe2d20261e229a4064ba,delivered,2017-12-11 12:48:03,2017-12-11 12:58:28,2017-12-12 21:03:38,2017-12-18 20:52:37,2018-01-11 00:00:00
086d8c0d2740866ee3d4730987640d4c,ad6d4e14fbcac0ec27004560ab1d0c21,delivered,2018-04-04 13:50:43,2018-04-04 14:10:39,2018-04-05 17:48:57,2018-04-16 17:28:55,2018-05-02 00:00:00
7aec7711c4f60453a59bf2f85d18187f,a6d7a64b9eae7e071d6f4250a7dc25a8,unavailable,2017-10-11 10:40:41,2017-10-12 02:30:54,,,2017-10-30 00:00:00
129228f978d894a472b5c3c82ede40b9,7a4995edc9e21144b8f159d129700db6,delivered,2018-05-02 15:39:24,2018-05-03 04:15:17,2018-05-07 15:03:00,2018-05-10 14:34:52,2018-05-24 00:00:00
564d8bd235927df0c8c8bfe8ff4aee6d,215ecd6d28192482775b68824432464d,delivered,2018-04-12 15:30:49,2018-04-14 14:35:18,2018-04-17 18:31:50,2018-04-20 19:19:42,2018-05-07 00:00:00
171165c9f5a878508a44d0d428d50099,ab8a0400a0f42a7f9c3ef0880576ecc5,delivered,2018-02-09 11:43:40,2018-02-09 11:55:28,2018-02-09 23:18:59,2018-03-02 11:35:09,2018-03-15 00:00:00
73267bb8b187041d0921ae0d6e56e644,5099bfbd0a4d21c7f39a74fe7a4fe84e,delivered,2017-05-26 14:46:07,2017-05-26 14:55:24,2017-05-30 09:18:03,2017-06-05 16:44:37,2017-06-23 00:00:00
b752083ab4f42064fbbc31167a97b32d,2719db22601e7614daebf04ad7bc104c,delivered,2018-03-28 08:55:32,2018-03-29 15:53:43,2018-03-30 00:28:49,2018-04-02 23:17:29,2018-04-10 00:00:00
bfdda01969e3428f5b74096b3d6081d9,aeebf5c6cd7179032edd99d413eebc08,delivered,2018-03-29 13:15:13,2018-03-29 13:30:12,2018-04-02 18:08:29,2018-05-11 01:36:24,2018-04-18 00:00:00
63f614943d491bc768817b14c55d348c,d4b14205ecda3b864430a215e488d3b6,delivered,2018-01-22 16:14:28,2018-01-22 16:33:03,2018-01-24 20:47:07,2018-01-25 17:57:33,2018-02-06 00:00:00
82cefc0ed05913e6d19b9d6283dbf9cf,8ec1004a0848f47f8a538b9b6ea7e0b4,delivered,2018-03-24 10:01:37,2018-03-24 11:41:04,2018-03-27 00:42:05,2018-04-17 15:12:18,2018-04-24 00:00:00
e6b52c8a1736370e10c2f79a52fe0129,dac71d5847f06ec0fd6cf435ab87f85e,delivered,2017-10-02 14:40:53,2017-10-03 04:05:19,2017-10-06 18:22:13,2017-10-16 19:42:37,2017-11-03 00:00:00
74ce4e856952d6ed0fe4f328def2b809,7ea22fc8425fa4430b94860142a7ee0a,delivered,2017-11-26 00:50:18,2017-11-26 00:59:32,2017-11-27 16:57:51,2017-12-06 23:43:05,2017-12-20 00:00:00
cc69435b3a477ca3247cc9811da7f589,dccb66bd83dd489107a5a42d858265cc,delivered,2018-06-09 18:22:07,2018-06-09 18:35:12,2018-06-11 14:31:00,2018-06-22 23:17:49,2018-07-16 00:00:00
d88bc916d7a63d1ba7acb546f73221a6,7c4e5904ef1afb0cd43a369ea4dfd2e5,delivered,2018-01-21 12:09:35,2018-01-22 13:48:41,2018-01-22 21:42:26,2018-02-06 23:22:03,2018-02-19 00:00:00
6c8b41df796056dfa59f256768d11654,3b7a43c4128db23da1f07118d415ea5a,delivered,2017-01-31 08:37:02,2017-01-31 10:31:13,2017-01-31 12:32:47,2017-02-14 16:21:55,2017-03-23 00:00:00
a2ec81acd081aed96da33c73bafd8c69,f55848d9e5d221be9ebbaa1f2c028f02,delivered,2018-02-16 16:31:46,2018-02-17 16:30:20,2018-02-21 22:04:48,2018-03-02 17:35:25,2018-03-14 00:00:00
0ec0ef35a66b31f873f0010267d30a8e,7c3842cd24caaa14e2e35e68623aa791,delivered,2017-09-08 10:15:40,2017-09-08 10:25:28,2017-09-08 22:06:51,2017-09-13 20:10:08,2017-09-26 00:00:00
5460b7ae3e4318981a10de9300d62d93,fc095ce51fc3399dfb454aee9e562273,delivered,2018-04-13 19:11:25,2018-04-13 19:32:33,2018-04-16 23:52:09,2018-05-09 20:28:56,2018-05-09 00:00:00
8413ac0b09301d03b78adeca5840866f,b6ff5a99f18bc4da7753ab8659c829df,delivered,2017-05-09 21:45:55,2017-05-09 21:55:24,2017-05-16 11:26:47,2017-05-19 09:23:46,2017-05-29 00:00:00
a5cc6e06b050a57254b2286502402043,3b6e430f7f94ed9966fb1f558e034c7c,delivered,2018-01-09 15:43:45,2018-01-09 15:51:29,2018-01-11 21:09:41,2018-01-18 22:33:36,2018-02-05 00:00:00
771f049b47569f18fea22b7022cf409f,a928f46ff81482a84085dbc27844a45f,delivered,2017-10-23 21:40:38,2017-10-26 13:35:39,2017-10-30 23:33:22,2017-11-10 21:47:24,2017-11-17 00:00:00
64e24ddb88fc682e81c8c49c6d6600d8,458d0b9b95ef994e7ed484ca51906ffc,delivered,2018-04-30 09:25:50,2018-04-30 09:50:28,2018-04-30 14:27:00,2018-05-14 21:08:26,2018-05-17 00:00:00
5f20455f0e74de9eae30de410c811013,dd0ec9c1e70785cba65418e8c44ef00e,delivered,2018-05-01 15:17:15,2018-05-01 15:35:24,2018-05-02 12:56:00,2018-05-08 19:47:26,2018-05-22 00:00:00
71f47871e9cf560d325f00a5628c4a94,c8e76bbce6b7d189fd852f670e96262d,delivered,2017-04-21 22:41:48,2017-04-25 08:05:33,2017-04-27 05:04:40,2017-05-06 08:56:02,2017-05-17 00:00:00
34d8cd1ae7f779736eab467bc2a056df,1726e751df00b682ff23b031f7303123,delivered,2017-11-28 10:07:44,2017-11-28 10:18:34,2017-11-29 18:34:33,2017-12-05 19:41:32,2017-12-20 00:00:00
38c9169c58d74d3447a3ffed8962ce34,b4fa6e242596678b57081bd04ec3b3e3,delivered,2018-08-22 17:58:13,2018-08-22 18:15:12,2018-08-23 11:09:00,2018-08-24 19:28:35,2018-08-27 00:00:00
53022ba8b7cdb370c2fbabfa7b943df1,4d23ff29fcdb87c4d4e7af75c8e3928e,delivered,2017-10-25 16:00:01,2017-10-25 16:14:55,2017-10-26 14:15:05,2017-11-10 23:51:08,2017-11-24 00:00:00
cd6426e4690d765ab066e248ae03d67a,6fe0c4aa4fe245ace106e0e4101f60fa,delivered,2017-06-15 17:58:25,2017-06-15 18:10:17,2017-06-16 13:51:39,2017-06-26 15:49:05,2017-07-07 00:00:00
bb91772fe8f68f797df661e137151fd0,c27b32e6237dc31d2af110e1625654f1,delivered,2017-11-21 15:31:41,2017-11-21 16:33:33,2017-11-23 21:45:01,2017-12-06 01:22:17,2017-12-20 00:00:00
8fb4e4bd46f9802e9179726dd20019a5,b5727de8bdb9c445c8479446733236a5,delivered,2018-05-26 18:16:57,2018-05-26 18:30:33,2018-05-29 13:49:00,2018-06-07 23:38:35,2018-06-20 00:00:00
b91a3ffa761815f3bef95a126159d0b8,275b3e6849178c3b5cb345c6d04a2224,delivered,2018-07-22 18:20:15,2018-07-23 12:32:15,2018-07-24 15:30:00,2018-08-06 17:28:43,2018-08-24 00:00:00
3e8c191415aece16ba1ac896f535b484,02e863ab696665672ed67992fd04cf14,shipped,2018-04-13 16:27:31,2018-04-13 16:55:34,2018-04-17 00:48:46,,2018-05-02 00:00:00
3ef9cbaa0a848de9dd30b1953d31a730,0a791c41f6f639d2cdeba44d05e6ef04,delivered,2017-10-08 23:56:02,2017-10-10 00:14:20,2017-10-17 16:53:49,2017-10-20 19:04:09,2017-11-03 00:00:00
eec9f0b827bca9150bee156780bc2989,d839eb32cea4b0c24fab82fc74b8ebe3,delivered,2018-03-11 10:39:18,2018-03-11 11:20:29,2018-03-13 21:48:32,2018-03-21 16:18:13,2018-03-28 00:00:00
57bea8e109ecb1711cda36ced17c1b1e,28f3cd142c1a8a51eec212602b9bf077,delivered,2018-01-20 18:08:00,2018-01-20 18:30:37,2018-01-25 18:33:22,2018-03-01 01:04:25,2018-02-14 00:00:00
047723564a4f371af7f16f08f08ae0e0,7432c3797af23ca4b5544ec87f893259,delivered,2017-12-06 19:03:12,2017-12-06 19:15:26,2017-12-13 17:12:51,2017-12-18 19:49:05,2017-12-29 00:00:00
1424887ded6dd139513a60ca6d4b7d97,a7a769e89cc6af5bcc4ea18ac329ccab,delivered,2017-12-20 11:46:03,2017-12-21 02:12:45,2017-12-21 18:38:47,2018-01-02 15:39:50,2018-01-19 00:00:00
ffb5af8b918083c3291c62b20fa89319,7543ed5312234199ba6d6f98e5ce2c9b,delivered,2017-02-01 17:45:08,2017-02-02 17:55:10,2017-02-24 12:02:10,2017-03-10 17:12:50,2017-03-24 00:00:00
aadb1fe538675aa88c90a42a6ef92dc9,2f59aa176d0ee1395a0a9dc5cf865458,delivered,2018-01-21 16:19:23,2018-01-22 13:53:33,2018-01-23 16:35:25,2018-01-31 17:35:54,2018-02-19 00:00:00
dff1e9a517d39b940f6424c3fdfdbdea,da92f5d6dd82e8a889b83778f6f6aa26,delivered,2017-03-15 23:25:09,2017-03-15 23:25:09,2017-03-16 11:11:39,2017-03-20 09:41:56,2017-04-04 00:00:00
2bef1137ad13dce586ff456d72e62549,47fd6edc01627caadab32c666e18ad0e,delivered,2017-08-26 14:11:46,2017-08-26 14:25:20,2017-08-28 19:27:33,2017-08-31 17:03:47,2017-09-15 00:00:00
473618b3ff644f4879900c4bc552cd0a,a10ac8211963018da06d9d60748e325f,delivered,2018-05-02 15:19:14,2018-05-02 15:58:44,2018-05-08 12:32:00,2018-05-11 22:30:00,2018-05-18 00:00:00
5fa537c43d686925db746d574cbc2e0e,4377320bd47b03d9a6fdc797da4a6cae,delivered,2017-03-14 15:19:58,2017-03-14 15:19:58,2017-03-17 14:57:58,2017-03-22 08:07:52,2017-04-07 00:00:00
c9a4b618ad5f1fe5fff967c85d43d110,9cfef9eff63a1b03f81701e563a2c1f1,delivered,2017-11-17 13:15:53,2017-11-18 13:45:57,2017-11-21 18:32:28,2017-11-30 18:17:48,2017-12-07 00:00:00
6a2b3feee73111d5aa745d2f48878d01,d21e4f4e60cb5116eb6ab277164b099e,delivered,2017-12-04 08:49:00,2017-12-04 09:16:51,2017-12-04 17:58:08,2017-12-06 00:24:37,2017-12-21 00:00:00
e3e77a472278ddd0f93e5b1391db15bc,320cf06e46b715660ce965771a023702,delivered,2018-01-04 00:48:26,2018-01-05 00:38:17,2018-01-08 18:14:33,2018-01-10 23:10:16,2018-01-30 00:00:00
f09f120287187752189deb9aa679f92a,96f4baac94baa7a8376ea97398351d74,delivered,2018-05-04 11:19:58,2018-05-05 02:30:46,2018-05-07 12:13:00,2018-05-18 15:59:11,2018-05-30 00:00:00
3d04fcbde2cc394bab5c41ac0a5dbfa3,695021d70367c5f1e0d45fa0a7094622,delivered,2017-10-11 16:41:44,2017-10-11 16:56:47,2017-10-17 13:53:52,2017-10-30 15:33:05,2017-11-03 00:00:00
6936f7b18afc012d79d4f8ad93db7903,496bfcf74a80582dea2af7d816786c60,delivered,2017-09-26 13:54:53,2017-09-28 02:49:37,2017-09-29 21:03:29,2017-11-07 22:04:01,2017-10-13 00:00:00
819834742179a50790827926997ca8dc,efab7a8022b17f28b622e1895c2adc65,delivered,2018-03-10 14:26:32,2018-03-11 14:30:32,2018-03-13 00:47:00,2018-03-28 22:16:42,2018-04-04 00:00:00
d4c2cda5ee1ebae34af938976048ccaa,69d3af0bc26ccffc1d256f41a27c469f,delivered,2017-02-22 09:09:39,2017-02-23 02:45:14,2017-02-23 13:42:59,2017-03-08 10:47:56,2017-04-03 00:00:00
ea9f636a11e6bf8cfdfc6acf40590c66,57a2c0ff4809a28d3c599e94da1a7a07,delivered,2018-02-07 20:28:55,2018-02-07 20:49:01,2018-02-09 21:24:07,2018-03-07 03:33:48,2018-03-05 00:00:00
6e6636cab2d96091d69a657c2c4a0890,4b7f446b87ce698f5dbe56b13230a0c8,delivered,2017-12-15 09:17:19,2017-12-15 09:28:18,2017-12-18 14:06:49,2017-12-30 16:10:20,2018-01-11 00:00:00
cf574d4b1efd3d5e152a4cb181b35f8b,7a9157a86c1824030516037d00cbd64e,delivered,2018-01-25 19:43:34,2018-01-25 19:52:37,2018-02-08 21:13:14,2018-03-07 02:28:47,2018-02-20 00:00:00
05457977f35122e71095989d738e4a37,d4f3bec209aaecedb29d819e45cdb157,delivered,2018-05-26 16:40:08,2018-05-29 03:31:15,2018-05-30 11:14:00,2018-06-04 23:18:21,2018-06-29 00:00:00
af3f498fca7722127e186f59f88fc4c3,79c8d122abdecd4dd9be27517307faf3,delivered,2018-01-31 15:13:42,2018-01-31 16:00:37,2018-02-03 03:05:05,2018-02-07 21:49:01,2018-02-16 00:00:00
4d1192ac6ee23ec6a3f1fd439ebec659,3db0fd85322f1f08aeaada9d589540cf,delivered,2018-01-09 22:06:06,2018-01-10 10:32:03,2018-01-10 18:27:59,2018-01-16 20:58:50,2018-02-01 00:00:00
954ecf032c0fbd43696c6b12baaa293b,80db9468205ab8feeb73722948bbce52,delivered,2018-02-15 19:02:19,2018-02-17 03:47:51,2018-02-20 20:17:08,2018-03-07 20:33:08,2018-03-14 00:00:00
d2d845154c7f4e7f7861ea8697c628b2,7abf142cfed13b532d7f881a9e76e133,delivered,2018-05-02 08:18:06,2018-05-02 08:35:53,2018-05-03 12:26:00,2018-05-04 16:09:50,2018-05-15 00:00:00
d4783ba848b3f01d54e6ad0fd20b5f0c,2a0dcdc7103585f9d73bc18888b2e638,delivered,2018-06-10 13:08:26,2018-06-10 13:36:51,2018-06-12 08:34:00,2018-06-18 20:22:12,2018-06-28 00:00:00
18f8b3e1a7797e67b49cfda3d02896f3,9d247b3defdf2e777b00fc8f92cc02e5,delivered,2017-05-14 23:54:01,2017-05-15 00:46:01,2017-05-15 09:22:56,2017-05-22 13:52:30,2017-06-09 00:00:00
f3d17c77cd1914628822564052e6ca02,c8f78f88ea8bf631b30486cc12f95410,delivered,2017-09-27 18:16:33,2017-09-27 18:35:16,2017-09-29 17:04:20,2017-10-04 21:38:54,2017-10-16 00:00:00
b7a0ea17f1dbc85ecfa3dd355610d472,62abeb2f83e1ef1926d571a65ccfe606,delivered,2017-07-08 08:30:47,2017-07-08 08:43:31,2017-07-10 19:52:19,2017-07-13 20:28:08,2017-07-28 00:00:00
7f323198e815792fca0a3a19277e0bd6,c4d6a7f1826d3a1cd903387966764d2a,delivered,2017-09-04 16:48:28,2017-09-04 17:04:22,2017-09-11 23:26:35,2017-09-13 17:17:25,2017-09-15 00:00:00
73458aad836a51a5e37323b7cefc54fc,85645f6b4277fbac7ae2cb3f0bffcc80,delivered,2018-03-14 22:16:46,2018-03-14 22:30:54,2018-03-20 18:22:06,2018-04-10 16:12:36,2018-04-05 00:00:00
9a382d951dd3a73c696f80da02ea06a5,c7fdc3e93e7df51ee3256738c893ee07,delivered,2018-04-22 13:50:47,2018-04-24 19:25:16,2018-04-24 22:08:41,2018-05-03 22:12:51,2018-05-29 00:00:00
4fafa25ee16300a26f7ef92f3d15b58b,aa5ca8afef8fe0f0ef822a9da12d2cf1,canceled,2018-02-09 17:36:42,2018-02-10 07:08:42,,,2018-03-08 00:00:00
48e1896554de2ecc2b58a5ee81b21960,18361f001ee56303d300a4ccde8f773d,delivered,2017-10-26 19:29:38,2017-10-26 19:46:05,2017-10-27 20:09:15,2017-11-03 16:12:39,2017-11-21 00:00:00
3024eda1729b9daf946125ec8c271a91,df6697e2f4abe368dcd220afddef5746,delivered,2018-06-02 10:17:29,2018-06-02 10:31:01,2018-06-04 11:18:00,2018-06-16 01:17:38,2018-07-24 00:00:00
63033c7afa7443f6f4d862d70fcf413f,bcc9229d8548d1605666e8e943417113,delivered,2017-09-13 19:58:52,2017-09-15 02:25:51,2017-09-15 23:13:43,2017-09-22 21:24:53,2017-10-06 00:00:00
41479e5eeb4f7ae644e524566a85a66e,68a97ec8181a655c6c192f77f71861da,delivered,2017-06-23 00:00:43,2017-06-24 02:25:11,2017-06-26 17:03:39,2017-06-30 13:09:44,2017-07-17 00:00:00
5b106bcec980345d3c64e1661678639f,f6f77702f338727394e3ddc20ddb54cd,delivered,2018-05-10 20:42:12,2018-05-10 20:57:59,2018-05-14 13:58:00,2018-06-02 13:04:11,2018-06-01 00:00:00
8f2f6732a3a5fae797b581713dd07bc9,c2ca3a2e9a704a2245f1a92abf462ff3,delivered,2018-03-27 07:36:10,2018-03-27 07:46:52,2018-03-28 14:38:54,2018-04-04 19:58:49,2018-04-16 00:00:00
e25b0e7a7493d60787761f999380b492,3648dee9812c0ff9cc9aab93ea256ba8,processing,2017-10-30 20:40:09,2017-10-30 22:31:36,,,2017-11-13 00:00:00
180bb1b8686d6679359207ce3b1f5885,b3f1a1af87346b32841846beef824d39,delivered,2018-01-15 13:14:35,2018-01-15 13:30:34,2018-01-16 21:08:21,2018-02-05 21:14:43,2018-02-09 00:00:00
36e9f61b5f4e248be227f6f7ec486268,4cde552228a46393edb70838c52c45a8,delivered,2017-02-14 10:16:46,2017-02-14 10:25:08,2017-02-17 07:43:45,2017-03-03 17:28:00,2017-03-13 00:00:00
4587bf1bd378047abcecf8a3193bbbc8,1ef2eaa16c2555f07c0e7c46edd1b2ee,delivered,2017-10-05 16:00:59,2017-10-05 16:14:30,2017-10-06 18:23:17,2017-10-11 19:34:14,2017-10-31 00:00:00
8e19df6c7ac6230b4c0c82b9d8a3dc46,1311c060491c69cd608bd37137f49898,delivered,2017-04-28 09:42:28,2017-04-29 02:45:51,2017-05-04 08:03:15,2017-05-11 07:37:51,2017-05-30 00:00:00
05c12734a5d14a9b9528b3eb84f30e50,8cda5fa80381ad8d09441fc5b3d5ff46,delivered,2017-05-15 17:50:19,2017-05-15 18:02:40,2017-05-17 14:14:47,2017-06-02 09:53:55,2017-06-12 00:00:00
79352bdcfe2a8b0920999a804e02c6d6,3d52590d7de2640de56a6c562e932006,delivered,2018-01-15 11:42:36,2018-01-15 12:27:56,2018-01-17 14:58:30,2018-01-22 20:13:19,2018-02-05 00:00:00
bfe53abc61788e6ed7f64c2d7ccb106c,e8e910c6bf2020933d9ab5e394fd3954,delivered,2018-04-16 14:33:16,2018-04-16 14:51:07,2018-04-17 18:56:58,2018-04-18 10:43:29,2018-05-03 00:00:00
fa69e8d77e6f9d310a77c7dd43261ce7,7f90fc38b4630053797ca8d587d15964,delivered,2017-03-24 12:34:32,2017-03-24 13:10:13,2017-04-07 04:37:06,2017-04-10 09:33:49,2017-04-19 00:00:00
b42647c500cf637710473a668b0ff934,b491f58182bbd021637faee3a0de9050,delivered,2018-06-12 17:17:50,2018-06-12 17:48:30,2018-06-13 14:59:00,2018-06-19 20:58:43,2018-07-27 00:00:00
6ac7e852b9acd63429f9b6ac61ae165a,580d00c08e142c3ab462caed4eb94d78,delivered,2018-07-24 10:56:43,2018-07-25 02:55:23,2018-07-25 15:08:00,2018-08-09 10:12:33,2018-08-10 00:00:00
32dd7913bfe4d7f0647e7d5a5e711f2d,f59a2ce7571f6e6e27c2257a9a28316c,delivered,2018-07-28 22:50:20,2018-07-28 23:04:18,2018-07-30 13:55:00,2018-07-31 23:03:29,2018-08-03 00:00:00
55aeba08a7d54fd54220244c4dfdb559,e2cbf3aa452a25609a3dd8aba84071a6,delivered,2017-11-24 23:03:16,2017-11-25 02:14:00,2017-11-27 16:59:06,2017-12-13 22:22:50,2017-12-21 00:00:00
910cfa0f385c892c405b48acaedf3382,35429bfcde1d02c1c64914c46ef6709d,delivered,2018-04-09 22:02:01,2018-04-11 05:50:20,2018-04-25 08:14:00,2018-05-02 23:51:18,2018-05-11 00:00:00
9566c61747b7c6721e90334026dcd710,de3a77b7c985dbd4e42485ac20050031,delivered,2018-05-12 10:00:52,2018-05-12 10:12:10,2018-05-14 10:09:00,2018-05-19 15:14:28,2018-06-05 00:00:00
4a0c442614599b83a064e2889049712c,ac60ba24d89bd3131734f9f891b178e0,delivered,2017-10-02 22:17:16,2017-10-02 23:00:07,2017-10-06 15:43:25,2017-10-11 17:44:12,2017-10-18 00:00:00
af581263488e6e37a5eecc8323943693,ccef9579d4093da59f1a24bed9091fd5,delivered,2018-07-11 16:02:22,2018-07-13 02:35:14,2018-07-13 15:24:00,2018-07-24 19:51:15,2018-07-30 00:00:00
e9a08885cc40da402fb893c56e9d27ae,19470ba9e004b052400bda6485bf0125,delivered,2018-02-22 19:52:32,2018-02-22 20:09:10,2018-02-26 19:19:17,2018-03-08 20:14:36,2018-03-16 00:00:00
8c3c24873cc500e0003c7131265558da,f25016ac73279ad09553297de654c03d,delivered,2017-12-28 08:02:02,2017-12-28 08:12:30,2018-01-03 20:46:56,2018-01-08 21:27:47,2018-01-23 00:00:00
57c38272c5be87d337e47ad5f1d88343,4f2dbb2c0bebeb83611786c1fd76fc75,delivered,2018-08-06 00:28:49,2018-08-06 00:44:41,2018-08-07 06:14:00,2018-08-10 18:32:44,2018-08-21 00:00:00
20f2024101e0aff5fd5990a605283ee3,4b62140bcbd887e90a27212db45d4226,delivered,2018-02-03 15:42:54,2018-02-03 15:50:33,2018-02-06 22:18:36,2018-02-17 15:26:44,2018-03-07 00:00:00
ab8aefb183a8140b544a1eba6a139101,d14027a730cc5d88a590a3f064637591,delivered,2018-03-23 20:31:27,2018-03-23 22:47:38,2018-03-26 22:12:09,2018-04-09 18:58:36,2018-04-11 00:00:00
4a36f21a19a956cd848e968d56be9b58,d1caca8447ffa49ec825d20ac0d1425b,delivered,2017-08-28 19:24:55,2017-08-29 19:25:47,2017-08-30 16:00:02,2017-08-31 22:49:36,2017-09-15 00:00:00
60f7281dad555389b327a7fc60e13840,e53a60bed275b3919cbb418cff61a55e,delivered,2017-10-30 19:39:40,2017-10-31 04:06:50,2017-11-01 14:22:22,2017-11-07 16:11:37,2017-11-16 00:00:00
9e131f842d7e07cecbaffc75897506fa,c5bfa0cc47e07f8ef82cf6d62f84e13b,delivered,2018-03-25 21:18:20,2018-03-25 21:35:36,2018-03-26 16:34:49,2018-04-02 14:14:47,2018-04-20 00:00:00
ce4ba4deb893a9919c6fb459e3d59fcd,cba9db4d1d1575a05da555cccd362952,delivered,2018-05-07 14:14:45,2018-05-07 16:33:51,2018-05-08 08:51:00,2018-05-21 19:58:29,2018-06-01 00:00:00
22401427638873c7bd3cffca5c9f38bf,6f25d98f3f9e03ef507d02ee33430e21,delivered,2018-07-24 14:59:24,2018-07-24 15:10:20,2018-07-27 13:55:00,2018-07-30 19:21:40,2018-08-14 00:00:00
6c0579db279e926d14faf051deae3288,2b70ac59f738e900a7d1b8b6c29fd0eb,delivered,2018-08-07 01:17:49,2018-08-08 03:24:54,2018-08-08 13:40:00,2018-08-13 18:24:30,2018-08-17 00:00:00
6c8d10bff26c00a7e916fa8fd5ce56d9,ac21249a3f3b99955d34c4cec649d6d6,delivered,2017-07-18 16:47:07,2017-07-19 17:05:08,2017-07-21 12:14:18,2017-08-08 19:44:32,2017-08-15 00:00:00
0faa73d77b7f91828bd92315a94d6ef4,32502607d5a44f34e36748b136e26b11,delivered,2017-02-28 13:26:39,2017-02-28 13:41:43,2017-03-01 11:05:58,2017-03-06 12:34:40,2017-03-22 00:00:00
44aec9c2be37dd0f0b954562c94ccfec,eb1f5775cb6c152c959d5a76a8204baa,delivered,2017-09-26 14:23:47,2017-09-26 14:38:12,2017-09-27 19:23:31,2017-10-03 18:23:40,2017-10-20 00:00:00
ccd47f941a32fe69eb9609d89692bbbf,dd8d07e16151dc953a7d0929a961c488,delivered,2018-03-18 20:18:21,2018-03-18 20:30:44,2018-03-20 15:54:55,2018-03-26 22:59:47,2018-04-10 00:00:00
28b031abc340760284a1398ab8f6fd4c,7466835454af2415d592e2fe41a09c37,delivered,2018-06-22 10:18:45,2018-06-22 10:36:06,2018-06-22 14:04:00,2018-06-25 20:43:36,2018-07-13 00:00:00
53802dd14f00658bd63315e41be39610,e20ad6ae9750273137d38a9353ffbcfc,delivered,2017-07-20 18:56:16,2017-07-21 02:55:22,2017-07-27 19:37:31,2017-08-04 20:39:46,2017-08-15 00:00:00
c5536b9cf89dc947c7c0d0287528cda8,2128111e20da14bbe224cebd51250888,delivered,2017-12-08 10:58:13,2017-12-08 11:12:58,2017-12-13 15:54:41,2017-12-29 22:52:45,2018-01-10 00:00:00
e95917c63189f55897224422b107b459,44957bd5bff917cda4171a80395a6a0c,delivered,2018-04-07 17:07:45,2018-04-07 17:15:09,2018-04-10 02:12:38,2018-05-02 10:51:57,2018-05-10 00:00:00
ae0be4e1cb2ae75b372e2f055876ff07,d1694b32c845946992a1c03bb8914201,delivered,2017-03-27 18:30:34,2017-03-29 02:10:40,2017-03-29 12:00:05,2017-05-05 14:28:03,2017-05-02 00:00:00
57caee5837cc4a8f605f3a83bff208db,3529b35e86160baf0aa22a9770420250,delivered,2017-07-11 11:22:43,2017-07-11 11:30:28,2017-07-14 14:06:45,2017-07-26 10:44:33,2017-08-14 00:00:00
ae8f17ccd841c2dcd9c8149a2ac7ae65,296aac913de459261bbf2bfbb9980954,delivered,2017-11-13 21:12:23,2017-11-13 21:27:15,2017-11-14 22:02:43,2017-11-22 00:32:08,2017-12-01 00:00:00
e740ace20346291fd9846ed62c8c7bda,7bc093b1d5bd2f4b79162c6a22a51016,delivered,2017-06-01 18:49:16,2017-06-01 19:02:51,2017-06-02 10:22:08,2017-06-19 20:36:58,2017-07-13 00:00:00
46401f2377e0c45bb5483227a21b812c,1864828fc0be485be9870cb748d4d6a7,delivered,2017-10-05 14:20:47,2017-10-05 14:49:59,2017-10-09 13:38:14,2017-10-16 19:33:16,2017-11-03 00:00:00
9ee894e843daa29faa726a8b6a85df35,a8b45d3d35d2d62a50ca248376db52b7,delivered,2017-03-14 22:44:44,2017-03-14 22:44:44,2017-03-24 16:54:33,2017-03-31 15:57:57,2017-04-13 00:00:00
c394597c0ca7c76e816618529dcd9ef9,02f374a88c3b91ae024e4a6966d71ce4,delivered,2018-05-11 15:50:28,2018-05-11 16:18:24,2018-05-14 15:45:00,2018-05-18 20:56:51,2018-06-04 00:00:00
89aa696d2bae84d88b2f855b0db40800,47cfdf70fd5de9dbac30a0a436e7fa77,delivered,2018-03-29 10:15:46,2018-03-31 08:27:26,2018-04-03 18:27:59,2018-04-12 22:03:04,2018-04-17 00:00:00
0583457e98d0d734222af5237cd8fa94,ebac8d83849c9bd3204e23675e26a5e5,delivered,2018-04-10 15:25:53,2018-04-10 15:50:24,2018-04-11 20:46:24,2018-04-17 18:56:42,2018-05-11 00:00:00
b787096bc96d359f4bacc2f80047c2af,5f9740b680b9fd7d7c2185ca0fe1f574,delivered,2017-07-01 10:13:00,2017-07-01 10:25:15,2017-07-04 12:17:54,2017-07-06 11:58:04,2017-07-17 00:00:00
ff07ff058c25c993a564127557043c5a,26691fd4b554daeab6e92626ac575689,delivered,2018-03-22 23:18:56,2018-03-22 23:30:30,2018-03-27 20:46:38,2018-04-04 17:19:20,2018-04-10 00:00:00
0f6d4797b3933b25519398b754dfe58c,4e07dd0417777efe5b61679498ca7df1,delivered,2018-07-21 23:05:53,2018-07-21 23:15:14,2018-07-23 14:04:00,2018-07-28 00:44:42,2018-08-07 00:00:00
1ee5d17041db39cb827e197b01ff53cd,02c2e2139222f456f8a73e0ef7d59a49,delivered,2018-04-13 19:26:46,2018-04-14 11:51:41,2018-04-16 18:28:32,2018-04-28 01:26:47,2018-05-09 00:00:00
bec7d5a25c600cedea70947a1aa39092,745eaa8698b4c162b69a731316cb890f,delivered,2018-05-06 16:26:17,2018-05-07 09:14:14,2018-05-10 08:48:00,2018-05-16 21:38:35,2018-06-05 00:00:00
ace7aa756ef3c4d4d89c8d311d1bd0be,38224125387e55599f81b1c4655fb432,delivered,2018-04-09 21:43:29,2018-04-09 23:30:13,2018-04-16 18:42:19,2018-04-18 18:36:49,2018-04-19 00:00:00
451fbdf4d10b8d3d4da3f5d226bc5ae9,abd10efcba52884626c22cdca7dba539,delivered,2017-08-07 16:20:45,2017-08-07 16:43:45,2017-08-08 20:45:56,2017-08-17 18:25:28,2017-08-29 00:00:00
0bec9641279215e466966512f6b444cb,bdb599f32a95c53f1c17076217f3db9e,delivered,2017-10-04 09:57:16,2017-10-06 17:49:24,2017-10-11 23:07:54,2017-10-20 19:31:32,2017-11-01 00:00:00
24812bb88ca7c88144814233a1d6f78e,77fe80ba95f07692a4b59c0360d2331f,delivered,2018-01-14 21:42:32,2018-01-14 21:51:27,2018-01-15 20:24:17,2018-01-26 00:46:52,2018-02-09 00:00:00
547b3596c03dfad1b87305e9c5a554c2,e14b08a5e109d77846ce7d4cb8b12d6c,delivered,2018-04-22 23:05:38,2018-04-24 19:23:54,2018-04-23 19:04:05,2018-04-24 19:18:35,2018-05-10 00:00:00
94df1f9b9ae08c944036a4ef894be868,6b98e2694f54c88081d697a859f2eb1a,delivered,2018-03-05 09:45:00,2018-03-05 10:40:36,2018-03-09 01:07:25,2018-04-14 00:25:36,2018-04-03 00:00:00
6ca45b5a3976343d5ac388f06ab70f09,c86d6f7e3ec3afde83e27950cdcefce4,delivered,2018-05-04 21:36:24,2018-05-04 21:50:18,2018-05-07 15:19:00,2018-05-11 17:28:43,2018-05-28 00:00:00
f83a0ce66c457dfdf564dafa364ae1d4,36b3d8619300c9c57d92f7a175452db9,delivered,2018-08-23 10:25:47,2018-08-24 10:36:32,2018-08-24 14:46:00,2018-08-29 19:19:31,2018-09-10 00:00:00
58c5215132c75e7d8226faaf2fab73a2,b4d23b30963fc02dd0e8f2ce917b2ecc,delivered,2018-07-19 08:58:48,2018-07-19 09:10:16,2018-07-20 13:59:00,2018-07-26 12:33:19,2018-08-06 00:00:00
c84590a1df6ea0f368982305cc668c46,6c1595b2f1b1609773c6f8b81031c1e8,delivered,2017-04-09 20:51:23,2017-04-09 21:02:19,2017-04-10 08:51:56,2017-04-19 14:59:28,2017-05-08 00:00:00
8ecf756527d9cf65da9905fc38ce191f,bf573519a4128a9b186c883fdfa86006,delivered,2017-07-19 11:21:51,2017-07-19 11:35:08,2017-07-21 12:46:41,2017-07-28 20:22:44,2017-08-08 00:00:00
db62e0a0d6c8476c079bda2174228551,0e0358ab8881973f3783b6c5a134a034,unavailable,2018-08-02 12:05:49,2018-08-03 12:04:54,,,2018-08-07 00:00:00
3751767f4ddcfe9540bd8408a210a87e,8c03c33a08c916abf8b469b5612c42a3,delivered,2018-03-09 20:41:43,2018-03-09 21:20:30,2018-03-13 22:38:36,2018-03-28 00:27:23,2018-04-17 00:00:00
3c3757e099924a1ef846889be651f146,91aee4d0ee42a532d122d9aa9255230e,delivered,2018-07-17 11:51:45,2018-07-18 04:35:13,2018-07-19 14:39:00,2018-07-23 16:44:44,2018-08-02 00:00:00
1ab55c7db816b2ab39b5b324a22f4251,15778bb5115aa08c143de76f1fb32f24,delivered,2018-04-13 21:10:56,2018-04-13 21:32:39,2018-04-18 02:14:39,2018-04-19 19:32:22,2018-04-30 00:00:00
a066c85d1e1e9a456a370a161d07f4d7,1546b3e5168a85e73bd978716d69aa9b,delivered,2017-11-07 19:27:04,2017-11-07 19:46:02,2017-11-10 21:28:50,2017-11-30 21:33:59,2017-12-04 00:00:00
be70f7847d04a2b2a559b992e92e21d8,f884cab2a438b4660410ce8df1d77d24,delivered,2018-01-18 14:00:43,2018-01-20 09:10:40,2018-01-22 14:22:48,2018-02-05 18:03:32,2018-02-20 00:00:00
598e3e1a06cd6e5aa4779c6d4c11e11a,24f975454d8528ca3f05cdcc15329f4a,delivered,2018-07-16 20:53:53,2018-07-18 02:41:44,2018-07-19 13:49:00,2018-07-24 21:09:38,2018-08-08 00:00:00
312a57661e067d44df1a3aa93b583a36,c634eae6e91f27d25b3da1cef9a23b3d,delivered,2017-12-19 13:41:31,2017-12-19 14:57:24,2017-12-22 00:15:16,2018-01-02 12:24:51,2018-01-24 00:00:00
9e9c6cc35be71fb9615d8a289dbf39d3,c8b8581e1155e15c17f6ee4308ed9622,delivered,2017-09-26 19:17:06,2017-09-27 03:34:31,2017-09-27 12:47:32,2017-10-04 21:03:05,2017-10-23 00:00:00
a229af912d66e534353b1fa59daef44b,8541728bf74c0f7a3277c15c4950a994,unavailable,2017-10-27 10:04:29,2017-10-27 10:31:06,,,2017-11-22 00:00:00
09e78337fade609c785bdc87f287a535,259be3b485b1e4c6f3e732d88d673e68,delivered,2018-03-31 11:09:58,2018-04-01 11:07:40,2018-04-02 21:59:06,2018-04-07 00:19:12,2018-04-19 00:00:00
0dde32a7d38a8fd9a7e5b383271a5eea,14be3a39e6f9ac5eb3d4047b0e10c02a,delivered,2018-01-22 18:47:25,2018-01-22 18:57:34,2018-01-26 15:45:10,2018-02-06 22:53:25,2018-02-20 00:00:00
855a174fc0471c4ddf1a01a131c9cf6d,9544ada5916048c770957175f11aeab1,delivered,2017-02-03 23:26:02,2017-02-07 03:55:14,2017-02-08 11:48:01,2017-02-14 11:41:42,2017-02-28 00:00:00
97a046d5a9aba90849e4279fdd014fb9,7aa45f0da7dbc08f11d376d597b2403f,delivered,2017-03-11 18:39:33,2017-03-11 18:39:33,2017-03-15 11:58:26,2017-03-27 12:23:06,2017-04-04 00:00:00
0e26d0a204b8688d2481b72560ac3ddf,67a7832d970ee56b142fae3633b38aae,delivered,2018-08-01 22:37:00,2018-08-02 22:35:13,2018-08-03 14:24:00,2018-08-07 17:52:45,2018-08-14 00:00:00
c1aaa57bccca2685bc9efc87094b3662,fec029da0e401b9aa4f46df25d3b64e7,delivered,2018-02-09 19:04:22,2018-02-09 19:15:26,2018-02-15 16:37:12,2018-02-16 16:19:22,2018-02-23 00:00:00
6ea6f5d85441b7bfcccbc44e082d02e3,37d1749538dfc2e600e932c4f26d4805,delivered,2018-01-03 21:03:30,2018-01-03 21:11:20,2018-01-06 13:09:57,2018-01-09 16:59:38,2018-01-19 00:00:00
5a6e89bbd9436596a727dee37c59a9da,d914f4e177e2821680e21684d05379a2,delivered,2018-06-23 15:25:59,2018-06-23 15:55:47,2018-06-25 10:52:00,2018-07-08 12:51:19,2018-07-18 00:00:00
60fc3da2ac0596b07fc0bf1d4e9b005e,2586ee19ba02a26fa0a5b76feb616699,delivered,2017-06-16 22:04:44,2017-06-16 22:15:24,2017-06-20 08:39:45,2017-06-27 16:32:03,2017-07-10 00:00:00
5531fe7f2c87a5ace3b26b6d27014fac,b5b6402b9db02fbab100c228f449c936,delivered,2017-12-04 13:33:50,2017-12-04 17:07:16,2017-12-05 22:46:55,2017-12-12 22:28:32,2018-01-04 00:00:00
d79a5defeb5c3d2d81229a4cea976476,38ea8b9ac6e58928f083c96661616fef,delivered,2017-09-06 08:46:17,2017-09-09 05:04:06,2017-09-12 21:18:50,2017-09-19 21:45:01,2017-10-04 00:00:00
14984dd96b9f40cfe572b31c79247c76,f6a53e7bfd553a8616b6b113fbce73cd,delivered,2018-02-20 16:34:25,2018-02-20 16:50:46,2018-03-01 23:42:21,2018-03-14 20:11:50,2018-03-20 00:00:00
222e1e28fb0988b1d06fdd31082d7625,6db1d46b53c6eebb6acf6f0f52736350,delivered,2018-03-13 17:44:42,2018-03-13 18:20:23,2018-03-14 20:14:54,2018-04-03 16:51:17,2018-04-04 00:00:00
42f4c86bcf6208509573ee18d460b636,420c703f3f1139bbf850bd6d8b31490d,delivered,2018-05-02 17:05:19,2018-05-02 17:54:36,2018-05-03 15:16:00,2018-05-12 13:18:35,2018-05-21 00:00:00
8f126d353c3cf5fbebe0d2de3fc3dd06,97a0edb4186f404003107f9a94f8bf3f,delivered,2017-07-08 19:49:30,2017-07-08 20:03:31,2017-07-12 16:04:54,2017-07-20 19:44:41,2017-08-03 00:00:00
4a6275d157fb6be4f1a49ee025e68c18,b327fd76ece769c66b82a814c1e82a6d,delivered,2017-09-17 22:37:47,2017-09-17 23:20:47,2017-09-19 21:03:15,2017-09-26 18:11:53,2017-10-17 00:00:00
cf44876bfd55ae8410f52472df9007fb,242444a84a60084fec7c964b8048c91f,delivered,2018-05-02 14:52:27,2018-05-02 15:40:27,2018-05-04 15:46:00,2018-05-10 18:45:56,2018-05-25 00:00:00
d071b7bd406df53883553c4eceb94936,8366f6a3bb6a89d07739536e2005cf24,delivered,2018-05-07 16:27:09,2018-05-07 17:56:13,2018-05-09 14:18:00,2018-05-14 19:28:27,2018-05-23 00:00:00
0e66640866a31ece3f09d5e8e99126a2,17d8a7100117d98c88e8c259bac4b468,delivered,2017-04-26 13:08:05,2017-04-27 13:05:32,2017-04-28 11:21:55,2017-05-11 13:09:56,2017-05-17 00:00:00
db8eada3caefb89041191d366a349d85,52e697a7093de3141b225560bf164858,delivered,2018-04-28 12:00:20,2018-04-28 12:13:33,2018-04-30 14:18:00,2018-05-02 14:20:57,2018-05-14 00:00:00
491e593aee916fa4bf7b6cabb2f80070,092770113dc0bfba2c362dba9b7903cb,delivered,2018-08-02 12:32:36,2018-08-02 13:23:49,2018-08-03 12:20:00,2018-08-07 21:04:25,2018-08-17 00:00:00
51fea792e465500a842c7325adabf0ad,3c36ed23dfeb3ab95dbaca492472f1f7,delivered,2018-07-01 14:43:11,2018-07-05 16:04:56,2018-07-03 14:35:00,2018-07-11 00:22:48,2018-08-08 00:00:00
2d20b2e2272e869dbdc7f194d98e76a9,4fa13e7337b7e5ac87b133e2c7c6a432,delivered,2017-02-23 22:50:03,2017-02-24 01:05:33,2017-02-24 12:27:38,2017-03-08 02:14:33,2017-03-16 00:00:00
56dcfb3b5a29fb9edb862287a6c485a0,fc12eb2e05763798854a387f484fe194,delivered,2018-02-18 15:56:51,2018-02-19 16:46:54,2018-02-20 19:48:01,2018-03-15 20:24:52,2018-03-14 00:00:00
e7bf5b3305b73ad31a0306f433c8dd84,192c6d78c5af56baf060b9b2792bdbb5,delivered,2017-09-06 13:14:11,2017-09-08 13:30:10,2017-09-15 17:38:01,2017-09-21 16:13:12,2017-10-04 00:00:00
4cff2c47144ef818a9d9e6ef853b2bd2,67526e56370e8de6a3e0f128d8e331b6,delivered,2017-11-27 10:40:50,2017-11-28 03:44:48,2017-11-28 22:48:52,2017-12-11 21:41:47,2017-12-19 00:00:00
4f9a350ccfff326b528a0d7e24ca8743,2d8610587725959ffe9ff9e9696f6c86,delivered,2018-08-19 08:24:27,2018-08-20 11:10:16,2018-08-21 14:54:00,2018-08-28 19:11:05,2018-09-03 00:00:00
632532c6ace2a1281a27e66bd5f4278f,0f11f3592b2780145f6e1fdd6119234c,delivered,2018-03-07 14:04:21,2018-03-08 13:55:35,2018-03-08 23:36:29,2018-03-27 17:13:03,2018-04-03 00:00:00
f2b2293097b45c698c9d524667b319e7,40da32f88ff82de9fec41e8c3de5a273,delivered,2018-05-11 13:41:16,2018-05-11 13:55:24,2018-05-14 13:44:00,2018-05-21 10:46:33,2018-05-30 00:00:00
1a79fd4d46c70e9342008e9057e615da,2e30eb02d277ad000fad7282fe758c35,delivered,2018-03-25 18:43:55,2018-03-25 18:55:33,2018-03-27 01:36:30,2018-04-04 15:31:43,2018-04-17 00:00:00
988117e4f714ed70371d15b7063e0add,b7c298836e032af92023696084c6350c,delivered,2018-08-05 12:20:50,2018-08-05 12:35:18,2018-08-08 16:18:00,2018-08-10 00:44:52,2018-08-14 00:00:00
28ef7ea1532ed7eb57904e7e55e9f6a1,39ce40c5b233c8f232fd274a8bff6089,delivered,2017-08-31 17:48:33,2017-08-31 18:05:20,2017-09-04 15:14:46,2017-09-15 20:05:52,2017-09-22 00:00:00
33a7b8ae888999afb219263e9a36fb77,028514f8be6e8c2adb9d0b4647ef3a39,delivered,2018-08-19 21:37:54,2018-08-20 13:31:53,2018-08-20 15:47:00,2018-08-28 00:29:22,2018-09-06 00:00:00
6ceec659ff4d6720d0296d133cb49745,1ffd4ed29264828d00542426f5285dac,delivered,2017-11-24 22:11:55,2017-11-25 01:14:01,2017-11-30 20:21:50,2017-12-20 20:32:53,2017-12-27 00:00:00
28338f972c72eef77e6751ad3657284d,20c00fa1bba1afbd5ad4c8ea594e2dff,delivered,2017-12-22 16:20:03,2017-12-22 17:02:12,2017-12-26 19:22:12,2018-01-08 21:17:27,2018-01-29 00:00:00
e0f407a849b857359cf7e72ed6348298,63cf63c436f143d146e1c84703b27f7f,delivered,2018-02-01 11:50:50,2018-02-01 12:15:37,2018-02-05 13:44:51,2018-02-19 20:53:18,2018-02-26 00:00:00
a50a23ee8e09f54388b66da19c633bc4,c41942f9066d318a16a84e5f467a7919,delivered,2018-04-07 10:56:18,2018-04-09 08:09:28,2018-04-09 22:52:24,2018-04-20 15:36:24,2018-05-09 00:00:00
bba3a4e52c97d6726d2faf1f91016c86,5f09aa87610a98957168855e0b781b09,delivered,2017-12-14 09:47:08,2017-12-14 09:54:27,2017-12-15 19:08:38,2017-12-20 18:29:10,2018-01-09 00:00:00
b2d002459b0fe0b25867248375558792,80e2067c90d027aa3fb01ece7f52571f,delivered,2017-11-09 12:56:00,2017-11-09 13:07:19,2017-11-09 18:38:48,2017-11-10 21:52:01,2017-11-23 00:00:00
aa2a0609fab50d659ead956ec8f69de1,64db84b65ce929e0a68373aece3e6acd,delivered,2018-01-14 10:38:47,2018-01-14 10:49:42,2018-01-20 00:32:30,2018-01-23 17:23:24,2018-02-15 00:00:00
f116ea300d14283e0d41ee15a18c93a6,e0cb06a5fc2c774c1e32318765851dd2,delivered,2018-05-01 23:31:09,2018-05-03 04:15:16,2018-05-03 14:12:00,2018-05-08 21:18:41,2018-05-28 00:00:00
83fc33b62b8c7c39e2258d081955143d,c6eb22e4e7b7e5b871c06250c3296ef9,processing,2018-05-15 20:00:48,2018-05-17 02:55:42,,,2018-05-30 00:00:00
2fa74b22c65ece27ba1edf1f40354e19,bdabc3470015248fd35dc88e7709a0b6,delivered,2017-11-30 10:52:33,2017-12-01 11:31:46,2017-12-04 11:03:51,2017-12-19 00:33:51,2018-01-04 00:00:00
05822c51346e781a05c5d2e497f1ccc2,6da649023525b7a22b12737c8f18423b,delivered,2017-06-30 21:49:43,2017-06-30 22:03:24,2017-07-07 19:22:41,2017-07-21 20:04:36,2017-08-09 00:00:00
a4d7798ee6134112ad2d8b3038c03cb1,19a0ad0f6adbd1761573d5807530f971,delivered,2017-09-11 23:17:32,2017-09-11 23:30:15,2017-09-21 20:00:15,2017-09-29 21:33:30,2017-10-06 00:00:00
b6a5d12becb37fd570472afa5a0daaba,35d7cb8a1edf1e3b3addcee35432082f,delivered,2017-11-24 14:25:02,2017-11-24 16:34:53,2017-11-30 14:47:06,2017-12-11 21:22:52,2017-12-15 00:00:00
e3a77965ebb85517b83f95f176ed1e57,3eedf498b1ab8e3143be0153cbeb4441,delivered,2017-07-17 10:17:43,2017-07-17 10:30:21,2017-07-18 18:38:46,2017-07-26 18:34:23,2017-08-08 00:00:00
d72f1372279cc7f3656e8253e755ee79,6c32f357130ee67a9ff3841459f2c86b,delivered,2018-04-16 18:01:55,2018-04-17 05:51:15,2018-04-17 21:37:49,2018-04-30 19:19:36,2018-05-14 00:00:00
c2f068ae849d057bf039aca384d2591d,64a9413c0d06e2170ffac2219c86bd19,delivered,2018-02-23 12:58:22,2018-02-23 13:15:48,2018-02-27 13:27:01,2018-03-05 14:13:46,2018-03-21 00:00:00
db1ae8f588760472271b496a2459ba6c,128dfb72bd29cd4dcc32059adb91c97e,delivered,2017-12-20 14:40:01,2017-12-21 14:31:29,2017-12-26 21:39:37,2018-03-14 18:45:24,2018-01-22 00:00:00
14a206c35ee9f241453e58a9b26bdc76,3b3702fc4b46a726bdfd0b51733f6f69,delivered,2018-03-10 11:13:59,2018-03-10 11:48:16,2018-03-13 23:48:48,2018-03-16 01:14:41,2018-03-22 00:00:00
27c49582f6db334767487df0646edb04,f46b0601b70c9fe11759823e2e6520bf,delivered,2017-11-29 13:44:07,2017-11-29 13:53:29,2017-12-04 20:29:32,2017-12-11 20:51:46,2017-12-22 00:00:00
2be4f7f37164c023bcab8f6468685f35,ac69761241fd49d49eaf17d92e602fd3,delivered,2018-03-14 09:25:14,2018-03-14 10:00:28,2018-03-14 19:36:45,2018-03-27 19:25:08,2018-04-05 00:00:00
a64ed3b52bdd8f1f7a42cf35e82db501,2a88d24a9b440d400002b6a32e35cb9b,delivered,2018-01-05 09:27:20,2018-01-05 09:39:30,2018-01-10 20:18:49,2018-01-16 17:03:27,2018-01-30 00:00:00
d9494d64d68f5be382644c6d748794ce,82a4593f9f099724e0e3c93993dc6cbf,delivered,2018-03-23 14:53:19,2018-03-23 15:08:46,2018-03-23 23:58:28,2018-03-26 16:16:44,2018-04-06 00:00:00
0bc39bd28c890bfc209ed033de71bbd4,258a9a5463df41a824ae9f7cd9d7ae5a,delivered,2018-03-08 23:48:42,2018-03-09 01:22:59,2018-03-13 00:32:12,2018-03-15 18:52:18,2018-03-26 00:00:00
4248cc55f19d24204c0c33dbb85fb696,d706ed121a700402a00a1e331395c6a5,delivered,2018-03-12 16:10:40,2018-03-12 16:27:54,2018-03-13 18:07:44,2018-03-22 12:39:00,2018-04-04 00:00:00
40ef7aaf85b2ab8cf2281b9c7678468c,2bc76a59a92b61074b9ce50c9b60b96d,delivered,2017-12-18 02:00:11,2017-12-18 03:12:22,2017-12-20 00:56:53,2017-12-26 18:37:33,2018-01-11 00:00:00
450fa7604128b5ab721a6bca04843efc,69d85531449d35e17ae35fb2a403a5cc,delivered,2017-10-16 21:40:33,2017-10-16 21:50:20,2017-10-17 18:07:16,2017-10-18 18:57:38,2017-10-26 00:00:00
96d4ceb5b0712cdd069256b87084f728,0daca68a2af35dd70f8441250be50c6e,delivered,2017-10-06 16:19:03,2017-10-06 16:28:30,2017-10-11 17:05:38,2017-10-16 23:07:52,2017-11-03 00:00:00
6077f256190b5f314ddd4051f25d2c02,5d3eebe078426a04dfb7091de73314f4,delivered,2017-04-12 16:23:23,2017-04-14 02:46:00,2017-04-17 15:06:43,2017-04-20 14:50:23,2017-05-04 00:00:00
a09a1cd89b42dac119675e8e9daed651,800604e8e19c792e62f85c2e8460e8a0,delivered,2017-05-11 16:33:46,2017-05-11 16:45:24,2017-05-12 09:57:55,2017-05-18 11:07:58,2017-05-31 00:00:00
80e1772e4e695fb8c74ccec030acdaa5,11210f93e29a4e9a61244d1e72da8d64,delivered,2018-06-24 15:08:42,2018-06-26 04:59:04,2018-07-02 14:34:00,2018-07-11 19:57:29,2018-07-30 00:00:00
39ad0c5033f19e6afaf54885158b5aeb,fb7fd95769f1743dda7465e64f290d3b,delivered,2018-06-20 12:15:59,2018-06-20 12:40:51,2018-06-29 16:05:00,2018-07-04 20:48:42,2018-08-07 00:00:00
33df70afce3d048ea97b52a230185c90,fb88930922844557bcffebc8f3478fca,delivered,2018-08-07 23:12:28,2018-08-08 23:05:10,2018-08-10 12:07:00,2018-08-14 13:03:40,2018-08-24 00:00:00
a8e71f90cc64f1bb855f48a020bb463a,f3e417e7a48199977a2c9b58b7cf09bf,delivered,2018-04-26 19:25:22,2018-04-26 19:35:22,2018-04-27 12:32:00,2018-04-30 21:38:45,2018-05-09 00:00:00
bc5089284951e16d020460e18de85fad,0d4a5cdbedc3aa83305c5d5ea18a19de,delivered,2018-03-24 12:10:07,2018-03-24 12:27:28,2018-03-26 20:42:44,2018-03-27 22:48:49,2018-04-06 00:00:00
534d77dfe962b8d3c624d2f069723b92,31216290711687fdd3c7fec5f4893ddc,delivered,2018-04-16 19:38:25,2018-04-16 19:51:50,2018-04-17 19:21:10,2018-04-18 19:21:53,2018-04-26 00:00:00
ccebcd5c2e0f34354c3a594331678a52,019a09b9518cccb899cde6033ca0af68,delivered,2018-02-12 10:09:45,2018-02-12 10:28:10,2018-02-15 19:49:13,2018-03-02 20:07:47,2018-03-13 00:00:00
bc54f31e7b469e9a92a649df95f54067,874334459e24e6ddfa3a326253f9f327,delivered,2018-06-17 21:00:56,2018-06-17 21:14:06,2018-06-27 06:02:00,2018-07-04 23:17:44,2018-07-27 00:00:00
9f80c79b3c2260ac4352d49fea965897,bd5c3a196a27361936b5ff684b567570,delivered,2018-06-16 14:27:04,2018-06-16 14:58:44,2018-06-18 14:42:00,2018-06-29 08:32:14,2018-07-13 00:00:00
a5963ec55629a3be5270283db13391a6,cefb86c8a049061f380600766d73ec9c,delivered,2018-08-11 21:48:41,2018-08-11 22:04:24,2018-08-16 14:43:00,2018-08-17 22:34:45,2018-08-20 00:00:00
b8e050c168370eed245ccf612471a597,698b389bc24dc5e637e772a2b4ebab67,delivered,2017-12-01 08:43:40,2017-12-01 11:32:04,2017-12-04 15:49:02,2017-12-12 23:14:53,2017-12-26 00:00:00
2db84a082bda455eb1da10727e7ca621,12f0a2db64cb3b8ffbe0a340acb99050,canceled,2018-02-02 15:29:05,2018-02-02 16:00:26,2018-02-06 14:54:44,,2018-02-20 00:00:00
3e5a5f26a57dc7918c951081887b0e88,f427fb5c3dde65b7d92a9bf57c2d9dd1,delivered,2018-07-02 18:46:20,2018-07-02 19:10:45,2018-07-10 13:50:00,2018-07-26 17:41:54,2018-08-08 00:00:00
e105d0f5799042c758b417e6dce2c3a5,c329c0883d4e70ebb322ddf77e68fecb,delivered,2017-08-09 12:30:18,2017-08-11 04:26:18,2017-08-14 21:12:52,2017-08-25 18:05:13,2017-08-31 00:00:00
d57ee317a5cd7f23d06b203ebdc2621f,5ea7dd7ba0d9ab74fe32c6858c42866d,delivered,2017-10-29 23:07:30,2017-10-29 23:15:15,2017-11-03 11:12:08,2017-11-09 21:33:56,2017-11-17 00:00:00
dad0fb5cfff80802c2917a9bdef21bd4,1a6485e76c0643994cedafa270691991,delivered,2017-03-18 08:17:01,2017-03-18 08:17:01,2017-03-29 16:17:47,2017-04-03 09:54:32,2017-04-24 00:00:00
f3a2cb6bc4577a27c9e494b14710aafe,8761f84f3214980abeaa08e4ae6595ce,delivered,2018-04-25 20:08:04,2018-04-25 20:31:35,2018-04-26 12:54:00,2018-04-30 16:22:06,2018-05-17 00:00:00
b19f37ba4b4c83791c9bead49f965926,0b873e99a8f0f2b3432d1678dc3fd2a0,delivered,2018-04-03 10:18:33,2018-04-03 10:30:32,2018-04-03 22:03:08,2018-04-11 15:58:50,2018-05-02 00:00:00
43c37b919d77db66c82f92bb20543879,cf22238cb2f930cf2f983e1d399d80cf,delivered,2018-04-25 22:37:56,2018-04-26 22:30:17,2018-04-27 14:34:00,2018-05-02 18:28:42,2018-05-17 00:00:00
d72d3f4cc43d48736c9d01b802a85bd9,2029c97567a35f65fd61b2b78eb092f4,delivered,2018-08-18 09:15:39,2018-08-18 09:30:17,2018-08-20 13:18:00,2018-08-24 15:58:28,2018-08-29 00:00:00
a65a9341ffd94a1881a1fd34436155f9,fe0eb85bd063e95293ac7731b8e8f974,delivered,2018-05-09 21:15:21,2018-05-09 21:34:14,2018-05-10 14:00:00,2018-05-15 23:21:53,2018-05-22 00:00:00
6a98404a0f7370f4922f570f83cd508f,7469e9b3dec857980ab4592b5bedeb78,delivered,2017-07-23 20:00:40,2017-07-25 03:30:42,2017-07-26 09:06:45,2017-07-28 18:41:45,2017-08-11 00:00:00
9caafc4899f9ae1afc02c6fbc8936180,1fb007447c1e0b6e1f0a7dfb5eef11a7,delivered,2018-06-21 07:16:23,2018-06-21 07:37:54,2018-06-21 08:34:00,2018-06-26 16:48:19,2018-07-16 00:00:00
da52966ce7dbd653b40b1fbbeaab6767,8c9e548518140fc63d1628623658c2f6,delivered,2018-02-15 10:31:58,2018-02-15 10:47:57,2018-02-20 18:32:45,2018-02-21 20:32:21,2018-03-02 00:00:00
373dfc7dcfcc86a8ffd1933a56576ce9,9daf87c91695d8cf63286463cdc69191,delivered,2018-05-08 19:25:07,2018-05-08 20:31:42,2018-05-10 09:16:00,2018-05-29 18:58:31,2018-06-01 00:00:00
c429015a547bb07b324a714d0800f1be,c6a209a9cae13f4768c11cb3812740be,delivered,2017-07-11 11:32:28,2017-07-11 11:45:21,2017-07-20 20:44:33,2017-07-28 19:33:11,2017-08-10 00:00:00
a5030749302e7c9a21f56e55fc391341,db923ab57ea2d9e73563d6a69825da4b,delivered,2018-07-04 09:52:09,2018-07-05 16:33:23,2018-07-05 08:47:00,2018-07-11 23:29:42,2018-08-01 00:00:00
e8c8faf5a3bf5f4897ae8ca83902afe8,7bb9480c1d5413975d01c3caefbfb081,delivered,2017-07-29 08:54:32,2017-08-02 02:37:17,2017-08-10 19:13:41,2017-08-14 16:18:06,2017-08-17 00:00:00
369c055c7ea13627ab3d3100c5af3e8b,c5bc0b02e0859e93ca70abdf22e9dd59,delivered,2018-08-06 15:03:53,2018-08-06 15:15:17,2018-08-13 12:01:00,2018-08-14 15:52:44,2018-08-10 00:00:00
d17af0e622acc56678df36ccb59c171a,33615d52f0c92e6958cc42155ec4f68b,delivered,2017-09-30 00:44:35,2017-09-30 00:56:15,2017-10-02 20:32:19,2017-10-03 20:43:58,2017-10-19 00:00:00
af8822dc30a41edce5b644f195e3f269,9fcfab0ef8326a8e5d435076772086c4,delivered,2017-02-13 15:55:09,2017-02-13 16:05:23,2017-02-14 11:05:39,2017-03-09 09:37:44,2017-03-20 00:00:00
036c6f5c3d6a81192f4896ddb2c00c83,7568855ab7b8c08837d50e8d9827090f,delivered,2018-07-22 17:08:05,2018-07-27 23:31:02,2018-07-24 14:18:00,2018-08-03 14:03:12,2018-08-16 00:00:00
b7a8a6b5eb0a253e2d80e80bb3badbe2,a023459b1f09822fe227fa0db9f3f0ec,delivered,2018-04-19 22:06:20,2018-04-24 18:03:14,2018-04-23 19:36:27,2018-05-03 13:02:56,2018-05-14 00:00:00
42006f4285a74fe6aeef976170d01e60,fa2a8cc9a1efb325b1d9bf94e57a629e,delivered,2018-08-22 15:53:04,2018-08-22 16:05:21,2018-08-23 15:23:00,2018-08-28 00:14:24,2018-08-30 00:00:00
40aaae873a0360f8189aa9ad6a528fe5,02c3ef2028e6224433a0ed8c4aeb9ba5,delivered,2017-12-04 11:10:38,2017-12-05 04:11:54,2017-12-05 20:54:34,2017-12-13 19:25:27,2017-12-28 00:00:00
d81873131923e5aa4f6dc362f77116a2,2d751f5b37b5eba217d21e3f60ccbf80,delivered,2018-04-08 19:09:50,2018-04-10 03:35:25,2018-04-10 19:14:47,2018-04-16 17:48:38,2018-05-03 00:00:00
1fe1e978b92f7df05fbfb749a2d20624,f4594a41e1c0ca5f4da786cf5ba9000f,delivered,2018-01-10 13:26:53,2018-01-10 13:36:32,2018-01-16 22:15:14,2018-01-23 21:43:10,2018-02-09 00:00:00
30c6565276e0294593392b8f18be62c4,e7c69a66bb533b0fd360a00c5f453ecc,delivered,2017-06-16 15:24:22,2017-06-17 10:05:13,2017-06-26 07:59:46,2017-07-05 14:49:56,2017-07-11 00:00:00
dca482e5aa125557f2b6522c4c85de34,58d0b942bfdee28b71517a4139f96043,delivered,2018-01-31 11:54:56,2018-01-31 14:21:25,2018-02-06 01:14:05,2018-02-20 14:03:59,2018-02-26 00:00:00
3a25790f0659c035cf7d5e3208deb6ce,64e07158c9d5745739e99b22c29b03b1,delivered,2018-07-26 16:53:33,2018-07-26 17:10:10,2018-07-27 14:51:00,2018-08-02 12:49:03,2018-08-16 00:00:00
0e708996976c68e134fee66107305c6a,e0f3079d7a5f0cf9284ff3476dd2672d,delivered,2018-03-10 17:44:21,2018-03-13 03:50:45,2018-03-13 21:24:48,2018-03-22 17:51:17,2018-03-28 00:00:00
89ad9301604c76e365ba9b9db109bcaa,aa1049ca8480f79761584cd0506de395,delivered,2018-07-19 08:39:07,2018-07-19 08:50:17,2018-07-19 12:27:00,2018-07-24 21:36:42,2018-08-09 00:00:00
f32d7a54ec5a62d53d78a7c812c9eaa8,ca1023aa63b961bbc962cdcff0f1bf39,delivered,2017-12-08 11:56:42,2017-12-09 02:34:26,2017-12-11 19:33:56,2018-01-05 17:20:28,2018-01-04 00:00:00
0c9850b2c179c1ef60d2855e2751d1fa,3bb15be93abf3c2a684d163ba6faaa5b,delivered,2017-09-04 15:17:11,2017-09-05 15:24:16,2017-09-06 20:08:51,2017-09-18 19:43:06,2017-09-29 00:00:00
6779036ed0ba358b53a569a733f3e408,dd67e5970a7912e2057d2af99b15467d,delivered,2017-09-09 17:12:59,2017-09-09 17:28:56,2017-09-12 23:42:53,2017-10-09 21:25:28,2017-10-02 00:00:00
a28ab5346693e4de68e085a9ca62da56,ebf86ca79813b04fc5f6641638ebb9f6,delivered,2018-02-05 14:16:18,2018-02-06 15:11:24,2018-02-09 20:34:46,2018-02-17 16:27:04,2018-02-21 00:00:00
17f6b36b21f52d18d86ad4b667495d03,fc408dfc94cec2624976c8c0d5bcea86,delivered,2017-10-21 19:21:08,2017-10-21 19:35:14,2017-10-24 19:54:56,2017-11-08 13:41:16,2017-11-21 00:00:00
db658dd622104d1e0dc6d4728bb3e267,5802117906b3f17c9e4878228d244799,delivered,2017-08-23 12:21:06,2017-08-24 03:06:34,2017-08-25 19:26:01,2017-09-01 18:52:19,2017-09-15 00:00:00
cd866ebb9aa10bfa70f22d11e82bc4e9,003177b3eeca50af17750f53802c9a09,delivered,2018-07-08 15:48:40,2018-07-08 16:05:22,2018-07-12 14:43:00,2018-07-25 11:59:55,2018-08-06 00:00:00
e865720063d35fe789029a6021f2df31,eb70fff1e6f5d8c627864ac88b9859c6,delivered,2017-11-29 09:37:47,2017-11-30 02:24:32,2017-12-05 02:49:52,2017-12-19 22:43:52,2017-12-28 00:00:00
03053b1cb20006c7f8160754d56f4f6f,1f33d0198032f3cb27bfe03e09064bdf,delivered,2018-02-19 13:18:57,2018-02-19 13:30:46,2018-02-20 20:49:07,2018-02-23 17:53:05,2018-03-13 00:00:00
dd0cba59df3a0bfd6e21bdd9cfefd7bc,1191179e28fa9807cd21f14b5bbb22e2,delivered,2018-06-04 17:47:50,2018-06-05 16:35:20,2018-06-06 14:47:00,2018-06-11 15:03:10,2018-07-30 00:00:00
f358900ce6c3997929cb9758ae638a16,0c9e8b5af54bf6151ad92274c63bb913,delivered,2018-08-24 08:45:38,2018-08-24 09:04:18,2018-08-24 12:31:00,2018-08-27 20:50:30,2018-08-30 00:00:00
10074a98ead181e64616038989bf97f1,f5c69b009b68c89c1ea19a9311907436,delivered,2018-05-13 17:41:38,2018-05-14 17:35:29,2018-05-16 14:49:00,2018-05-22 13:38:36,2018-06-04 00:00:00
0c4e23cb9c6ec62bd75c1019d58747f0,b759f23fd1901915ceb362ad5e66d5c0,delivered,2017-06-23 22:36:21,2017-06-23 22:50:16,2017-06-26 15:58:04,2017-07-05 14:12:55,2017-07-19 00:00:00
9cdc72b55b79350079c72ed8a2e8ee17,0145ffd2fcca22ddeebbcd95f7ad890e,delivered,2018-05-09 15:45:12,2018-05-09 16:16:28,2018-05-29 15:31:00,2018-05-30 18:48:23,2018-06-11 00:00:00
f6c27d701f56908211977640291b3ad3,3ca443f2eb396c52fb0e3c6ee0584f8e,delivered,2018-05-15 12:02:10,2018-05-16 11:58:28,2018-05-16 14:41:00,2018-06-13 18:04:49,2018-06-05 00:00:00
c8d07bf0161cd0a2aacc163c238f397e,e312f3c85be577c566c09d776b380735,delivered,2017-07-10 19:37:07,2017-07-10 19:50:17,2017-07-11 16:57:41,2017-07-13 19:32:20,2017-07-28 00:00:00
363f71c17d9b18f15c891f495e6fe713,9af8912973a0e63ecdee99da3c95c5dd,delivered,2018-06-02 14:19:50,2018-06-02 14:30:15,2018-06-04 13:12:00,2018-06-12 21:21:59,2018-07-12 00:00:00
7e58fa9d237f327d3779827e62ed965f,781631db44968ee7218c9602594751ca,delivered,2017-07-24 16:14:57,2017-07-24 16:25:14,2017-07-24 21:24:11,2017-08-01 16:38:10,2017-08-15 00:00:00
8b79235214c377ff89c61ab4667f404f,b2ce968dfdaf1da5b510bc7f310f8dd9,delivered,2017-11-20 12:53:36,2017-11-22 20:34:27,2017-11-23 17:12:25,2017-12-19 18:53:11,2017-12-12 00:00:00
8d13e349d7439353a923d49cc2598833,8d4958b500ee23ac8441f07a1a672e30,delivered,2017-11-27 12:26:08,2017-11-27 12:34:30,2017-11-28 20:52:01,2017-11-30 14:45:00,2017-12-11 00:00:00
47e929f2fe6a069955baa43ff1545d64,bb2d5913f2b30cf0d5ca8a4cdaa78c1f,delivered,2018-01-04 20:32:50,2018-01-05 02:33:41,2018-01-08 19:49:31,2018-01-09 15:15:47,2018-01-23 00:00:00
c142c7ab64bc271555af4edbff4d53b8,086752a19f026192b7993e4e8a3bbc9e,delivered,2018-03-31 06:58:27,2018-03-31 07:47:28,2018-04-02 21:27:56,2018-04-10 16:32:34,2018-04-19 00:00:00
23e61b7a50280ac24831f163542e5fe6,17224e2103f611bab48b1c5df0949d81,delivered,2018-08-19 22:02:19,2018-08-21 04:29:37,2018-08-29 13:48:00,2018-08-30 16:52:25,2018-09-03 00:00:00
2e93767495538de2e1c896a700ec7a6d,6f19b1185007bfefc030148d22316bd2,delivered,2017-03-01 20:15:16,2017-03-03 02:22:39,2017-03-03 10:22:28,2017-03-08 14:05:50,2017-03-20 00:00:00
99e8dc72b2020747e03965e5af86816d,9d1343a4d52ced7d0ab7414227e16f3f,delivered,2018-02-05 19:01:39,2018-02-05 19:15:26,2018-02-06 21:33:13,2018-02-16 23:13:35,2018-03-08 00:00:00
da1bf4bd73b666e0f4173221301aaca3,56cf785d58080a8b138f486cc34ff1bf,delivered,2018-07-25 19:13:56,2018-07-25 19:30:12,2018-07-26 14:31:00,2018-07-30 17:58:50,2018-08-08 00:00:00
7621cc2a775c5028fffdf0727940d435,5396d78e1b3653707e4818ffb0bdbbae,delivered,2018-02-01 11:48:02,2018-02-02 19:50:21,2018-02-06 22:46:31,2018-02-17 00:25:39,2018-02-26 00:00:00
ab53084367694043c28fbcb843d6d7f1,57bc8cf3eda46454d194910fb86d7596,delivered,2018-04-13 22:13:38,2018-04-13 22:29:56,2018-04-16 16:54:57,2018-04-20 16:47:35,2018-05-16 00:00:00
ae40329a07e105f799f1b2d7c2f4c81a,4646c2ac832792acf0d30a5e9f1e9e94,delivered,2017-07-10 17:48:20,2017-07-10 18:03:55,2017-07-11 17:48:57,2017-07-20 22:44:28,2017-08-07 00:00:00
dc6a8e8831352bf06b8b0e51ff58e69c,a17f3ccb45616d18e63e6cf5f5fe0f4f,delivered,2017-04-29 15:10:58,2017-04-30 15:15:09,2017-05-02 15:39:25,2017-05-12 17:07:51,2017-06-13 00:00:00
9c228c5070d3a5f64ff1a6f4dc44cf28,c7b4d8ce0eacbd252a006ae217b19fc0,delivered,2017-10-19 22:59:03,2017-10-20 00:05:55,2017-10-20 17:40:27,2017-11-03 17:57:33,2017-11-08 00:00:00
8e47346bc3dea2d181257a36606bd522,6b18bc17b44b24d637f36f969ee5f64a,delivered,2017-12-06 10:09:03,2017-12-06 10:30:35,2017-12-11 22:52:34,2017-12-18 18:56:35,2018-01-03 00:00:00
d5b7a3030feb818d49d955a32425d329,62189b05812bf34dc2aefcb4119080b8,delivered,2018-03-29 17:40:36,2018-03-29 17:55:32,2018-04-04 16:42:29,2018-04-15 15:25:45,2018-04-20 00:00:00
f1e48a14ba64e8d42111f392a85cbb09,ee6f05b56e67e84814b8441091e3b960,delivered,2018-05-08 20:53:57,2018-05-08 21:15:29,2018-05-09 13:41:00,2018-05-11 12:25:47,2018-05-30 00:00:00
083ade26303c53b4aa1c779b67d44485,9388bb1d7e8b53211cff72e787efb6e7,delivered,2018-06-07 20:38:06,2018-06-07 21:35:59,2018-06-11 11:27:00,2018-06-15 15:38:44,2018-07-23 00:00:00
541d81a8afee2348b192cc10df37367c,c7148da8b575be2e41e23cb3e34edf5b,canceled,2018-05-07 17:46:04,2018-05-07 18:34:41,,,2018-05-29 00:00:00
e98077a0d199a25a40eab3b14cc230d4,5161d5feec98ade754f67746caf8e0c9,delivered,2018-04-17 13:25:36,2018-04-18 13:31:35,2018-04-19 21:03:34,2018-04-27 20:56:32,2018-05-10 00:00:00
41912407aa4f806e91639c89391eceef,3fde7d02996a43b3865c66baf02cbafd,delivered,2018-04-13 19:07:29,2018-04-14 19:11:07,2018-04-16 23:08:52,2018-04-17 23:03:44,2018-05-02 00:00:00
681eb1e9c66474188164d230257bb087,f1fbe37da16b5a0c8ae8dfccc91e4340,delivered,2018-05-17 03:31:53,2018-05-19 03:13:03,2018-05-22 14:04:00,2018-06-01 23:13:25,2018-06-05 00:00:00
a4cb4720582c75021fae7dbbd99f3375,e24bfe617491b1049d94bc4e5245da53,shipped,2018-02-28 12:53:24,2018-03-01 02:50:41,2018-03-07 20:12:42,,2018-03-22 00:00:00
4a514eb755fe5187e79bb4765ba82d51,885ba72f5da34cb4737e67487ade6e6c,delivered,2017-04-03 10:26:43,2017-04-03 10:35:21,2017-04-11 06:10:11,2017-04-13 21:22:58,2017-05-05 00:00:00
a02898dcd7117b317f28c8de4cb9af61,cfd383a0f3ec39f210d4f668ae24a23c,delivered,2018-03-07 22:38:02,2018-03-07 22:50:25,2018-03-31 13:54:35,2018-04-10 19:17:44,2018-04-06 00:00:00
1add1aa4c6e709fd74a4eb691a9fc6bc,076a5ddb5b1240c532093a399dcb47f5,delivered,2016-10-06 17:45:30,2016-10-07 08:29:50,2016-10-11 08:29:50,2016-10-14 08:29:50,2016-12-06 00:00:00
fb19bf53808ab2fab7f30f09cded534c,27252cd6ebbc6360b155eea3fa40ee70,delivered,2017-05-18 18:10:03,2017-05-18 18:25:09,2017-05-24 09:59:53,2017-06-07 10:57:42,2017-06-22 00:00:00
38dbe367a0d3a9f0954bc7593ea53b25,ee86753d48f7eeff7eb33c6ea9b5ea46,delivered,2017-04-19 13:03:56,2017-04-19 16:25:13,2017-04-20 12:28:10,2017-04-27 12:24:40,2017-05-11 00:00:00
67543007812c990098e0ac6c6fcb3093,55370cd0afa128c7978a0935bc865fd4,delivered,2017-02-10 20:24:30,2017-02-10 20:43:13,2017-02-13 12:05:52,2017-02-21 14:51:53,2017-03-09 00:00:00
85031edc7b58dbec75ff2e24d7365e13,91524308b1a531051d75c3eae41d7594,delivered,2017-03-09 23:56:22,2017-03-09 23:56:22,2017-03-10 10:23:56,2017-03-14 12:53:56,2017-03-29 00:00:00
9cea4da315b929647107f229c6f8cfb7,d468ddcddc78daa8afa21e5ec804916e,delivered,2018-04-24 10:55:26,2018-04-24 18:47:47,2018-04-24 20:16:46,2018-04-27 21:53:56,2018-05-17 00:00:00
2e732f3baff2aeb3f81752eb0368577a,c7a39e57073d24ff31afa32250179296,delivered,2018-03-30 18:24:44,2018-03-30 18:47:15,2018-04-02 18:22:05,2018-04-17 20:49:29,2018-04-26 00:00:00
05e7f330b0c9d2769d5aa193ee88baa7,d26a4aefb8a686145db0b96b8b428c5f,delivered,2017-03-27 16:43:20,2017-03-27 16:55:12,2017-03-29 15:33:13,2017-04-06 15:45:58,2017-04-19 00:00:00
365fb819701436011708b1be4a1d4810,f34242a0bf7d9691e3ca46e8eb3f2ddc,delivered,2017-09-25 12:31:37,2017-09-25 12:45:17,2017-09-27 15:30:34,2017-09-28 20:02:01,2017-10-13 00:00:00
a079628ac8002126e75f86b0f87332e4,62d561a5b1260c4476fd985dcae3eb78,delivered,2018-04-24 10:19:45,2018-04-24 18:29:37,2018-04-25 12:30:00,2018-05-14 19:12:50,2018-05-29 00:00:00
9061c246bf482d3062cc4a342aadf137,a8d4edc24823fba2e3baafe8e521894a,delivered,2017-08-15 11:49:32,2017-08-15 12:15:09,2017-08-15 17:17:53,2017-08-23 15:49:00,2017-09-06 00:00:00
9d34d5659dfa39b38d29bfcf0c85ead9,dd32ce6c2b55f4746c288375a89ce176,delivered,2017-01-26 22:23:15,2017-01-26 22:30:18,2017-01-30 09:02:53,2017-02-08 16:47:45,2017-03-02 00:00:00
670e3b20191d3198a76069c8f9b12355,f76bd438480c183ffb510bad040f3bd9,canceled,2017-02-03 00:55:24,,,,2017-03-09 00:00:00
d0cbe4010369ff1b911352d8d99b162b,a1204b75abcdb9adc1a6017e570438e4,delivered,2018-06-30 00:45:19,2018-06-30 01:10:09,2018-07-03 14:21:00,2018-07-08 09:16:38,2018-07-20 00:00:00
637a3cd5ee5f1185db82f36c636a68e2,bfda6681a4a9cfdb7e8608c0a810b095,delivered,2017-05-17 18:04:39,2017-05-17 18:15:10,2017-05-23 13:22:02,2017-06-02 11:55:52,2017-06-12 00:00:00
732d14176b86ff078b82fa071d56f74c,8f1f3ea08a5acbff27930efabfcb0d59,delivered,2017-12-25 18:43:37,2017-12-27 09:48:05,2017-12-27 20:37:45,2018-02-15 11:52:12,2018-01-22 00:00:00
6f30719645a7c81a06ce38e29981b899,6e1ec2c5b36319affdac7ebccc601a19,delivered,2017-12-14 10:38:28,2017-12-14 10:47:23,2017-12-14 20:14:02,2017-12-19 14:39:49,2018-01-09 00:00:00
e3a71253e252d061bdc5e538fa1879e8,f410948f43b18cb655584e4bae33910d,delivered,2018-06-17 15:36:18,2018-06-17 15:52:56,2018-06-18 15:06:00,2018-06-19 19:56:34,2018-06-28 00:00:00
1a479eca71e8e8efb68b0968a43d8fb1,bd94a4060f0f4b3fe744e4719d75d97d,delivered,2018-08-01 17:10:43,2018-08-01 17:24:12,2018-08-02 16:30:00,2018-08-09 15:57:46,2018-08-17 00:00:00
78d5c205c38367a8894d4721fdbb6962,bf3790c6f75a5ffa9bab9588276430b1,delivered,2018-08-27 10:46:11,2018-08-27 11:04:18,2018-08-27 15:52:00,2018-08-31 02:03:13,2018-09-05 00:00:00
ef4b0dc494de58aea86ac5293bbdb59f,c4f04ae9424da8b4c5293078303db438,delivered,2018-02-21 07:37:56,2018-02-21 08:30:25,2018-02-21 20:07:54,2018-03-01 22:39:13,2018-03-16 00:00:00
3addeedb2235eeb1e75dd513cd6eeb35,386031dc5202d867cdc6083a353493d1,canceled,2018-03-21 15:41:24,2018-03-23 02:31:02,,,2018-04-09 00:00:00
73174cbe1a7108ca72fa9547cfd77e4e,14eade9f72fa9ae6c8d8b066d20d611c,delivered,2017-11-08 16:46:34,2017-11-08 16:55:59,2017-11-14 18:19:23,2017-11-24 01:32:28,2017-11-30 00:00:00
e04d4af0a4a1090bf68ccfee2dd809ef,de4e13fd7d6469c5ada77d0843c55e42,delivered,2018-05-08 22:55:20,2018-05-08 23:11:59,2018-05-10 18:29:00,2018-05-24 20:28:49,2018-06-06 00:00:00
df8ab61cb615d551483618533aceb364,3922d6a8ed0273142c88d1d9fa62f3ad,delivered,2017-08-03 12:08:45,2017-08-03 14:35:19,2017-08-07 14:37:22,2017-08-21 18:20:18,2017-09-05 00:00:00
62ffb8b5fc46e6cba7ccb763025fd09c,a83954b9f4f3c29dd4b886e2d32f0cd9,delivered,2018-02-25 11:09:10,2018-02-25 11:28:04,2018-02-27 17:38:30,2018-02-28 17:54:02,2018-03-12 00:00:00
585408183a59b92dd0308fc1fdacac49,b89fd25a1db85d8bef4ef37b2bcf696f,delivered,2018-03-17 18:58:17,2018-03-17 19:10:25,2018-03-19 20:09:45,2018-04-03 20:22:26,2018-04-10 00:00:00
6ef1df7600097569fe0e359bb6130496,05af4522d26d0a46926e0337ef153dd9,delivered,2018-04-09 17:12:15,2018-04-09 17:29:26,2018-04-10 22:07:45,2018-04-11 22:48:35,2018-04-19 00:00:00
7dfb222987465be3379d47dd9e98a1a0,5a1821dc355e60b9a34b60a1b4b3f3e9,delivered,2017-05-05 23:41:13,2017-05-05 23:50:15,2017-05-08 15:45:24,2017-05-11 10:46:40,2017-05-30 00:00:00
c11a22a599df12f33da9a25948a605ca,37bcb1035c6a4b6d713e03801dc3bbe1,delivered,2018-06-12 22:35:03,2018-06-12 22:59:48,2018-06-13 12:37:00,2018-06-15 18:03:52,2018-06-21 00:00:00
d195cac9ccaa1394ede717d38d075fac,a3a156d272fd0b0e302d2020357cc0f8,delivered,2018-08-12 18:14:29,2018-08-12 18:25:16,2018-08-14 13:41:00,2018-08-23 02:08:44,2018-10-04 00:00:00
511e75993a3d9bf8c19c8e730daa49c0,221e9ab15662a1eecda80cf9768f81eb,delivered,2017-11-30 16:32:45,2017-11-30 16:51:13,2017-12-05 15:39:17,2017-12-10 14:04:05,2017-12-22 00:00:00
5e34ad6a26152d8d8743a70e214b1a98,a0e9c9c5a19366c5eec698ac38498a1e,delivered,2017-12-26 09:43:05,2017-12-27 17:11:21,2018-01-03 23:08:41,2018-01-08 16:03:40,2018-01-19 00:00:00
19f5c85e19a737633630b114dbb7d1d3,c2c1c70da9cfb80d5c885aaa1c5401b1,delivered,2017-06-08 19:55:30,2017-06-08 20:10:07,2017-06-09 10:53:27,2017-06-19 13:42:17,2017-06-29 00:00:00
48e7963f79e6edc66ff1730ab512fce0,5643be948bb322722835f79635077474,delivered,2017-05-01 19:27:31,2017-05-01 19:35:19,2017-05-02 17:53:00,2017-05-07 15:22:02,2017-05-25 00:00:00
9ed3a86e08c45494a997dbf45beba170,b16df372869e62072d35d7628ca6a82b,delivered,2018-06-19 13:43:16,2018-06-20 02:37:45,2018-06-20 11:20:00,2018-06-27 00:09:28,2018-07-11 00:00:00
f98376009c93a60a4d80496d4e294637,220504d6aa9c2b1de671c7a3c487a537,delivered,2018-02-26 07:16:13,2018-02-26 07:28:23,2018-02-27 13:52:04,2018-03-03 15:52:09,2018-03-16 00:00:00
7071ba6aa1a3b7450cbdbd948d556bd2,1deead2cef2fb634cd0bf12bed851c1d,delivered,2018-01-11 13:34:17,2018-01-11 13:47:27,2018-01-11 20:25:18,2018-01-31 14:42:58,2018-03-05 00:00:00
5c2630d9eb5757718ef5a12b09368935,54099127e93a69b6697c6d12fba8fa2c,delivered,2018-07-12 11:31:04,2018-07-13 02:45:12,2018-07-16 14:29:00,2018-07-26 20:33:10,2018-08-08 00:00:00
7cba130d7fd9cbf1fa889eaaf7c89d29,6721a9af688cfa69d376ccb13bbe9ae7,delivered,2017-11-23 14:49:21,2017-11-23 14:56:22,2017-11-27 17:27:02,2017-12-01 11:51:09,2017-12-13 00:00:00
99221769ebf04d97afe0f08894b75586,cdc52f69c17d2edb73646f3834bf5488,delivered,2018-03-02 01:11:39,2018-03-03 02:51:05,2018-03-06 16:05:24,2018-03-24 18:08:34,2018-03-28 00:00:00
201c5ac9debe4c98c375ceaa9172cc87,d0a75aa0dd765aa5dcc5a0540dcc11b0,delivered,2018-06-22 13:20:17,2018-06-25 10:53:57,2018-06-27 10:23:00,2018-07-12 16:22:39,2018-07-25 00:00:00
0dfbfe4feb12cdb98beff8efb1c013c9,c7c105ab9b22a47c552fe20be8c0ce23,delivered,2017-07-20 21:11:45,2017-07-20 21:25:14,2017-07-21 20:03:34,2017-07-28 20:21:38,2017-08-21 00:00:00
66f7aaabc647b43d94e8a841bb99612b,396e0fb767c26fbfbb494aa0e2a34878,delivered,2017-11-25 17:38:55,2017-11-25 17:53:09,2017-11-28 14:23:13,2017-12-08 00:22:16,2017-12-15 00:00:00
d522ea055ceb7a828b6a82e266837784,2a610c0e2622c121f09f8878fa3152d3,delivered,2018-06-09 13:27:06,2018-06-09 13:51:32,2018-06-13 12:07:00,2018-06-14 15:06:48,2018-06-26 00:00:00
f521ec5e0383231d5aa567e8d8153fbf,4838991c7e42996e65f9386f91b1f014,delivered,2017-11-19 20:51:56,2017-11-19 21:06:35,2017-11-22 18:32:03,2017-11-25 11:57:13,2017-12-07 00:00:00
87f83d5d5bb0b9a13ec25c61c4a71361,2180a404621f6553ec9bbcf49f740175,delivered,2017-06-21 18:38:17,2017-06-21 19:33:26,2017-07-04 13:29:44,2017-07-14 19:07:31,2017-07-17 00:00:00
a434cfda13115168ed9fbb287031eff1,928d05fd0700122729f23765e85bbca2,delivered,2017-03-28 07:28:47,2017-03-28 07:42:31,2017-03-28 18:39:47,2017-04-20 08:58:23,2017-04-19 00:00:00
b226cacb0f9d03a94be963d2d8ceff65,3fd923429a0a3f921b44ae5e4dc2c96f,delivered,2018-06-04 07:25:50,2018-06-04 07:51:21,2018-06-04 14:29:00,2018-06-11 20:46:20,2018-07-24 00:00:00
7f2401dd864cb66d12840ebff7581231,547b5b32ae43c9578237a9a8ed03baf2,delivered,2018-06-26 03:59:21,2018-06-27 08:29:59,2018-07-06 08:45:00,2018-07-11 18:02:21,2018-07-23 00:00:00
e0ef0c2437f6730f46ebb869c34c0656,b0d9c083435131f63ff0e98721be105b,delivered,2018-02-12 14:47:07,2018-02-12 15:07:55,2018-02-15 18:13:04,2018-02-16 18:05:09,2018-02-26 00:00:00
7597acfdc4c37d290f854bba148c0e4f,610de329a6563928830c83fea3e8f21c,delivered,2017-04-19 16:01:21,2017-04-19 16:25:16,2017-05-11 14:26:04,2017-05-17 12:45:45,2017-05-11 00:00:00
43ca8c89fce98ad1d116d5fef106001d,a05c84f1b1af54e7733b5e84b8d9a7cc,delivered,2018-03-28 19:03:39,2018-03-30 03:15:49,2018-04-12 22:18:35,2018-04-27 20:28:34,2018-04-18 00:00:00
aa31e416f67318939922854f9af2b087,6fa292be2a8b1beaf488023433d49522,delivered,2018-08-09 20:00:05,2018-08-09 20:10:13,2018-08-10 13:32:00,2018-08-15 17:13:04,2018-08-17 00:00:00
741697f23730a7985de543b58b116227,f434fe1070ccb0545b0caa8563a52810,delivered,2017-05-19 19:00:36,2017-05-19 19:15:27,2017-05-24 10:45:04,2017-05-30 05:13:06,2017-06-12 00:00:00
639b5d8bf7e249da69911af69ff9ec37,5b7bd807fe0dcfe5208c642e07e268c9,delivered,2018-06-13 18:25:44,2018-06-13 18:41:01,2018-06-14 15:48:00,2018-06-21 17:08:31,2018-07-13 00:00:00
cc19fa48ab62aa94cc6e54f9c56f53e3,c13796645c57355fe1503204f1cea54e,delivered,2017-04-22 18:41:03,2017-04-22 18:50:19,2017-04-26 12:09:12,2017-05-02 15:30:46,2017-05-15 00:00:00
6dc82b96e967ee5e211d1690573f8de5,4c77c973538d06c6c1fd404abaf885f8,delivered,2018-02-21 10:22:09,2018-02-22 02:10:31,2018-02-22 22:47:01,2018-02-28 14:19:20,2018-03-15 00:00:00
0bbbb66c440b6ff7b34420eb273868ae,fc5e4bfe03533eeea603a12179af3388,delivered,2018-04-06 10:42:06,2018-04-06 10:55:10,2018-04-10 16:07:34,2018-04-21 01:18:20,2018-05-04 00:00:00
f29b9823160624a047a208abf3dd703f,2cf3766f59e548763bd2ee1c2c81f3b3,delivered,2017-12-22 10:43:45,2017-12-27 04:07:18,2017-12-27 16:15:38,2018-01-10 21:08:51,2018-01-23 00:00:00
fbf2e87d7c7542aa36e1d91e5b462c60,c57c16abec4fbb154792e80e491a6fe6,delivered,2018-08-03 07:06:35,2018-08-04 07:04:11,2018-08-07 07:33:00,2018-08-13 23:56:46,2018-08-24 00:00:00
cbf962ea0d3753eb77e28f576f636f71,ca010bab03307159bd329c6c806b98dd,delivered,2017-10-28 12:31:30,2017-10-28 12:45:48,2017-10-31 18:47:26,2017-11-23 22:31:52,2017-11-29 00:00:00
1c178bdd4563b60122dd90a44cdff191,126ef3e3910767db1353e751327dcbf6,delivered,2017-12-16 11:48:28,2017-12-16 13:11:06,2017-12-18 18:59:16,2017-12-28 17:48:16,2018-01-17 00:00:00
74d72b7e6831bb80fef1c2dd59994fc5,fe2d1e76f9a2bf5457eb40291e9f4e17,delivered,2017-09-05 21:41:18,2017-09-07 10:34:21,2017-09-08 20:07:43,2017-09-26 21:03:19,2017-09-29 00:00:00
57958dd5540bb9761f0e10453515650f,33a763d9f2e6507cf544fc898b3774da,delivered,2018-04-03 15:40:26,2018-04-03 17:10:23,2018-04-05 22:53:29,2018-04-16 20:02:48,2018-04-30 00:00:00
5fac67d3be074030a8dba9d398fa14ef,61787c2e0950c809fa994931f878b1b3,delivered,2017-12-18 17:36:35,2017-12-19 09:56:52,2017-12-19 18:04:03,2017-12-22 16:47:06,2018-01-11 00:00:00
9d80c772b0c65884e80514abb626b94d,1c7d3f9a5cad0ae81ecee8c4d1e50e10,delivered,2018-01-03 18:50:22,2018-01-04 05:23:29,2018-01-04 16:46:04,2018-01-08 15:04:19,2018-01-22 00:00:00
108041cfc40e06d2d7a97c426bc6b90f,5851e07c5c83c1049ab80f808fa6a582,delivered,2018-06-07 14:17:24,2018-06-07 14:37:46,2018-06-13 11:01:00,2018-06-15 14:36:58,2018-07-24 00:00:00
d712c9d57be3d48a79c033437994908b,60166efb07b460c5feb03639c9ffc462,delivered,2017-03-06 10:50:50,2017-03-08 02:45:19,2017-03-08 17:22:57,2017-03-15 16:04:58,2017-03-29 00:00:00
c5d16e3d5c24cc5fa2200d448d8cb4d7,e1dfaae415bf74e473403a8fd04ba7d1,delivered,2018-06-19 19:00:04,2018-06-19 19:19:00,2018-06-22 15:11:00,2018-06-27 13:28:40,2018-07-24 00:00:00
6444228a697a97d50b23bb9fd5c7ccac,a55d0e0d5e8af985ecc5e32d9bd5392d,delivered,2017-02-08 22:48:18,2017-02-08 23:03:13,2017-02-09 13:43:18,2017-03-02 16:38:48,2017-03-17 00:00:00
9d27094c5a72cbf877d632e2d03356e4,acb4334d42e78620fd025c2da7847bd0,delivered,2018-03-03 20:24:24,2018-03-03 20:35:31,2018-03-06 00:18:31,2018-04-09 18:31:53,2018-03-29 00:00:00
1bf38e3450f15beeafbebe6e0665d612,21a9772e10934cf4598522d6ec827697,delivered,2018-06-15 20:36:23,2018-06-15 21:01:16,2018-06-18 16:01:00,2018-06-22 18:57:34,2018-07-18 00:00:00
cf2ae7f823490d9b4ec3d33f889609e4,549b554209824d8a5d48256ca44cbbe3,delivered,2017-03-09 21:18:57,2017-03-09 21:18:57,2017-03-10 10:28:05,2017-03-27 16:18:05,2017-03-28 00:00:00
b880d9ccc22f98deadf2e35998922699,1d47a5754e0491baeacb09c0f7bd180c,delivered,2017-06-08 16:46:35,2017-06-12 13:10:24,2017-06-14 16:56:49,2017-07-13 18:23:33,2017-06-22 00:00:00
b172a003a35f407e54bc6d8ba4c5b1fa,881678d19d1fbdc8a6f4210452f8e611,delivered,2017-07-22 15:26:00,2017-07-22 15:43:02,2017-07-24 20:17:34,2017-08-11 19:57:46,2017-08-25 00:00:00
38f1e6ca3a0de904e7597fd07ad95b6f,8a6a93709181815296f18ea59233a3b0,delivered,2018-02-10 19:35:02,2018-02-10 19:50:28,2018-02-14 16:05:13,2018-02-17 21:35:46,2018-02-26 00:00:00
f6c2048ba495542244325b8cdb03b25c,bfe17773cfe3db3ebf4658c3367ebc22,delivered,2018-04-26 06:52:46,2018-04-27 03:51:17,2018-04-27 15:40:00,2018-05-04 21:09:05,2018-05-25 00:00:00
ae2fbf3e49f52fb3c913ce645fa52dc4,46dc7e781b1af14990e339d42bbb6477,delivered,2017-08-30 00:02:39,2017-08-30 00:25:58,2017-08-31 17:44:06,2017-09-14 20:33:45,2017-10-03 00:00:00
e1090e366ab626c68ca02d56a6dd1821,1bd7e7f56fdc321a90128087e3e3e220,delivered,2017-11-05 10:22:00,2017-11-07 07:30:38,2017-11-09 22:32:06,2017-11-22 22:14:35,2017-12-04 00:00:00
34ba2afac95150bb6486265a234bd3b7,51937836340c3e832da64c7c6b524f1b,delivered,2018-04-17 10:55:49,2018-04-17 12:29:53,2018-04-18 19:35:07,2018-05-09 21:57:53,2018-05-18 00:00:00
ba2821b49c92e278db491d3e19fa0556,159ca8ee3ba03b17c749a3bc8e099e87,canceled,2017-05-02 17:51:28,,,,2017-05-26 00:00:00
5b09dc1d3c9b771ba377ab696f2eb361,2bebdfc097c73124d84350eb821abac3,delivered,2017-09-29 12:42:40,2017-10-03 04:28:26,2017-10-03 15:19:16,2017-10-11 19:23:02,2017-10-26 00:00:00
a70b9fc38f6fd0bde4a3f02b19643ec0,ec969a27db96260fb93c52ab2c073b5c,delivered,2017-12-14 18:50:52,2017-12-14 18:57:30,2017-12-19 03:05:04,2018-01-08 22:47:13,2018-01-19 00:00:00
29aa894dd1e254d4a65a409b917c9e87,21a29f39dd0e3f1b5837af591e068150,delivered,2018-02-12 21:41:59,2018-02-12 21:55:20,2018-02-16 19:52:30,2018-03-01 00:43:05,2018-03-13 00:00:00
1a20763865fc18cbb4d82cffcf893f31,ecd4294cc1c20eb519940d800d535eef,delivered,2018-02-12 15:45:43,2018-02-12 15:55:31,2018-02-16 23:47:42,2018-02-21 20:14:39,2018-03-13 00:00:00
ea36139bc595b9fe7aa21e2c78037185,b02cff4a051c13296319151593eb5218,delivered,2017-11-23 12:01:18,2017-11-23 12:12:26,2017-11-29 21:49:51,2017-12-03 18:48:30,2017-12-05 00:00:00
9567f25dfe794bcd32a2a16ec00d7e96,f0b4476b909be4a76388e384b1b48347,delivered,2017-10-17 17:08:25,2017-10-17 17:46:04,2017-10-18 19:29:59,2017-10-31 17:58:03,2017-11-09 00:00:00
90b3ce1268706ec7923743d5867f26a1,b77a36877fb9b74ab4dec5f4e939419a,delivered,2018-04-04 16:58:30,2018-04-05 16:55:34,2018-04-07 01:18:35,2018-04-11 01:10:56,2018-04-16 00:00:00
554439efcd602dbfd71bbae1658f4ff0,687b1aeed8d2bbe119d0414b3b9c0136,delivered,2018-03-06 12:25:04,2018-03-07 02:31:40,2018-03-08 18:18:33,2018-03-10 17:48:42,2018-03-16 00:00:00
9abe82df39e950e1e0c1a5969e22571e,0d0616e01497d605e2bc400cba06de99,canceled,2017-03-21 14:45:36,2017-03-21 14:45:36,,,2017-04-12 00:00:00
a2a67a1e6b0846e8dd8f93830efe1260,e782bf813dddd4e1671d3fe1ddb4c480,delivered,2018-03-15 09:04:52,2018-03-16 04:15:08,2018-03-21 18:48:50,2018-03-22 21:07:14,2018-03-27 00:00:00
84de8dbb17d48ddbcc15987307c5ae56,3cde50513c06747ac11d313adc3e18dd,delivered,2018-01-06 20:19:04,2018-01-06 20:31:27,2018-01-11 20:10:22,2018-01-15 20:39:09,2018-01-24 00:00:00
fd1bc6424a4e2f0f5d8acd868aef11e9,4c3c19f9f7027a391f0432e24fb1d7cc,delivered,2017-11-05 21:01:05,2017-11-05 21:15:37,2017-11-06 16:35:32,2017-11-15 16:44:40,2017-12-06 00:00:00
4db6394e792193904621c7cab3e2120f,9b49896c37e6556e1fab54d5bf0f817c,delivered,2018-01-29 22:29:52,2018-01-29 22:53:30,2018-02-05 17:55:03,2018-02-23 20:04:45,2018-02-20 00:00:00
e153a0dcb8018427c43753f0e1edba6e,d226fa8846cd0fb905b59b9dcff9002d,delivered,2017-11-21 23:43:12,2017-11-22 23:48:26,2017-11-25 17:23:12,2017-12-08 21:54:33,2017-12-07 00:00:00
b3424a1c4c3af064d3472b285180bed0,6ed4bc068468ce67d11a938a9f6691de,delivered,2017-08-30 15:46:07,2017-08-30 16:04:13,2017-08-31 21:19:57,2017-09-25 13:56:47,2017-09-28 00:00:00
6f1a8d85b71101ab1e342aa9b8dfa5ff,50a19a2bbbc9fe086f09ccd05b51ffa7,delivered,2017-07-29 15:38:49,2017-07-29 15:50:19,2017-08-01 16:26:50,2017-08-09 21:15:14,2017-08-21 00:00:00
c8258090bca7cc6a62c1e15d7fd995d4,7155051815aa96d970a1a40583f95e8b,delivered,2016-10-08 21:58:32,2016-10-09 23:48:46,2016-11-01 18:15:52,2016-11-08 14:24:44,2016-12-02 00:00:00
ecd519812fc16942120ac1f9ccdc4105,041c1bdcf826ead159cc4052a86db094,delivered,2017-08-06 22:00:24,2017-08-06 22:15:26,2017-08-07 18:33:55,2017-08-08 16:20:05,2017-08-18 00:00:00
2e57cf8eddb25f33ef61a1598c075e2d,e64bea90dd19bd199f20eabd788066aa,delivered,2018-03-08 21:11:45,2018-03-09 00:42:39,2018-03-14 19:57:28,2018-03-16 20:51:24,2018-04-04 00:00:00
51d967125c0a12392dfdd135be86ab3a,111d223aa280f74076fbeb16e7f682cd,delivered,2017-09-22 07:54:26,2017-09-22 08:05:54,2017-09-22 19:57:52,2017-10-04 16:14:37,2017-10-26 00:00:00
ffca67b9419980488c476f7f7f7bc070,d7d8a9d593596826008262fc4cbc3b14,delivered,2017-03-10 08:29:36,2017-03-10 08:29:36,2017-03-13 09:33:50,2017-03-16 04:54:45,2017-03-31 00:00:00
3f8a42c6c50fec78cba08047e46810b0,006496598c918064dc19eef95e5e47f8,delivered,2018-02-22 14:32:12,2018-02-23 14:36:39,2018-02-27 01:06:03,2018-03-08 16:49:50,2018-03-23 00:00:00
bcd3f65a42c31d80afe51626263a8644,f95dec2dd92f1caa88e67cc83927b868,delivered,2018-05-22 23:23:23,2018-05-22 23:36:24,2018-05-29 07:16:00,2018-06-08 23:44:53,2018-06-27 00:00:00
46bccbbbcccb1a8afec60c3bcbd287b7,ebff917ea54bbda6b10b23802b36c8c1,delivered,2017-08-22 13:14:43,2017-08-23 02:51:02,2017-08-24 19:18:14,2017-08-31 17:28:28,2017-09-14 00:00:00
8e99a2cfed539d7ef02eabb5551d98d2,744f333d22ebaf5a201e17ec6a799309,delivered,2017-12-01 00:01:14,2017-12-01 10:31:06,2017-12-02 01:33:55,2017-12-12 17:18:57,2017-12-29 00:00:00
53b74e6d05c2fa0f3915c608e6537d30,04d0ea09064b28a174ede28c73af8a75,delivered,2018-07-29 00:46:28,2018-07-29 01:04:08,2018-07-31 15:45:00,2018-08-07 11:46:34,2018-08-13 00:00:00
c05002c71f007c6a4056ca538113e991,f0192b8500e66726ff809a70709bcfbd,delivered,2017-05-28 21:45:01,2017-05-28 21:55:09,2017-05-29 12:18:36,2017-06-12 12:06:34,2017-06-29 00:00:00
5572d7f32284f0040862f8948d5a20f8,91e0006cd0d20c63ff3f37ce31480a1d,delivered,2018-06-17 19:54:16,2018-06-17 20:17:43,2018-06-18 08:42:00,2018-06-22 00:24:42,2018-07-18 00:00:00
da0831d4484d6bb80afb9ddc8c12068c,d1493b7fc8c69384bae2af1d631a33bd,delivered,2017-05-12 12:38:05,2017-05-12 13:10:11,2017-05-15 10:47:45,2017-05-16 14:12:53,2017-05-22 00:00:00
f5634bb229469454dc416165c748320e,b277a176a8b8fe4f944d7df34c50259f,delivered,2018-03-18 13:06:32,2018-03-18 13:15:27,2018-03-20 19:36:49,2018-03-28 22:37:33,2018-04-05 00:00:00
ec864a967206dcb874a7db0ffa6fb17d,5400d19826efc73f28c7c15242c325a4,delivered,2018-04-18 11:31:29,2018-04-18 11:51:52,2018-04-19 19:18:19,2018-04-27 19:34:50,2018-05-23 00:00:00
fbb362a74494da7dcf08aed5f2a471e2,eeb655491e6773be3db09c8e33eaed19,delivered,2018-08-06 15:59:07,2018-08-06 16:10:20,2018-08-07 13:10:00,2018-08-11 14:16:53,2018-08-14 00:00:00
779a3bc4c3cbc160e87af29992ab16e6,a22162e8fad03ee9572306efe84ee72c,delivered,2018-05-13 21:01:42,2018-05-13 21:12:54,2018-05-14 07:57:00,2018-05-23 01:05:38,2018-06-06 00:00:00
5d15ec992a829ae0c5a53d8e6030f08f,5530a184b424cae7a59afab7ac0c1d84,delivered,2018-06-23 12:17:50,2018-06-26 05:37:22,2018-06-29 09:42:00,2018-07-06 18:21:22,2018-08-03 00:00:00
9feb31244fa82ce0a5fb912500881873,cb6525bca47a6a80d18977a78508cdb8,delivered,2018-04-18 13:33:46,2018-04-18 18:36:38,2018-04-24 11:47:49,2018-04-27 22:03:01,2018-05-18 00:00:00
4ff360dbfc89fdc00cd35d99cb3efef6,395c44bf285c05b0139dc04884c393e9,delivered,2017-04-15 08:14:40,2017-04-18 04:11:10,2017-04-18 10:06:56,2017-05-11 15:54:01,2017-05-12 00:00:00
6cf8b5d146910e3d1b0f23f82a132194,81a1275bcfb9293d363987cb4150d435,delivered,2017-10-02 10:17:14,2017-10-03 04:05:13,2017-10-03 15:38:05,2017-10-09 22:27:51,2017-10-25 00:00:00
10cd85520165aa0f64d484b8f9bf60c4,ad417eed258291b622014bf443a0633b,delivered,2018-04-27 17:06:42,2018-04-27 17:33:07,2018-04-30 14:43:00,2018-05-03 00:21:07,2018-05-15 00:00:00
83906d88623796246961d2a1de70175d,9835d4d85e61f69f5c873810c3ab8e4d,delivered,2018-04-11 12:06:51,2018-04-11 12:15:27,2018-04-13 00:51:21,2018-04-16 21:35:34,2018-05-02 00:00:00
0c4a1120fa16a1ccbb365aae4f54b16d,cd25b85f3cf1debb4376bafc231f8137,delivered,2017-10-17 13:39:39,2017-10-17 13:56:16,2017-10-19 16:40:00,2017-10-25 21:27:41,2017-11-14 00:00:00
8e0596076e4dd8dfc010e2cf60af9fab,93bf8aea22238db071f484d0ade255f1,delivered,2018-08-10 15:55:05,2018-08-10 16:05:21,2018-08-13 14:56:00,2018-08-20 14:36:49,2018-08-28 00:00:00
8b39d1c6866286d6ac9326224b43ef95,222560149e5044a28201217b8179194a,delivered,2018-03-02 12:58:01,2018-03-02 13:15:32,2018-03-05 18:52:13,2018-03-10 16:50:26,2018-03-27 00:00:00
4bd13580e951063d19e99e60bc4d1492,1e731fba87f0c669e7909fb9a7ce408d,delivered,2018-08-03 13:37:30,2018-08-03 13:50:07,2018-08-03 15:19:00,2018-08-06 18:42:40,2018-08-15 00:00:00
f16290559c863b848c56bd040fe3831c,f8bb51833f4bacae9141c50c1f726c30,delivered,2018-02-19 09:54:35,2018-02-19 10:27:27,2018-02-19 20:56:35,2018-03-29 19:38:55,2018-03-16 00:00:00
754e0ef304d14ac589b026c5442c12bd,def035a499140a603a98c86bb4fec328,delivered,2017-05-03 09:27:42,2017-05-04 10:25:12,2017-05-12 13:33:20,2017-06-19 18:03:24,2017-06-12 00:00:00
55746788165fdcc86610e34f6096d321,50d6ad553ced2c384c4640e77c389f07,delivered,2017-10-11 23:33:03,2017-10-11 23:52:50,2017-10-17 18:45:27,2017-11-01 18:22:35,2017-11-08 00:00:00
60721992ef4cec39824837f08c79afec,ca4dfba4840aa9ac286c79e6f2b95d43,delivered,2017-09-21 09:19:41,2017-09-21 09:30:16,2017-09-22 16:03:43,2017-10-02 20:58:02,2017-10-23 00:00:00
a69cfdf2a1c59f8ff05718f69d021e81,a4a6227ac25717d6495f0ac16be85017,delivered,2018-07-19 11:29:25,2018-07-19 11:42:55,2018-07-20 13:41:00,2018-07-26 17:58:43,2018-08-06 00:00:00
c3f3950db40a5207ec136f8541fa9597,72288e6222e21e57a3a4fa04f16298dd,delivered,2017-08-25 07:59:13,2017-08-25 08:10:17,2017-08-25 19:57:27,2017-08-30 17:13:11,2017-09-15 00:00:00
48d007b3d7183bc54336d813b1380d26,a3bfe1551d298300aa31c837568a68a0,delivered,2017-08-03 18:35:24,2017-08-05 03:03:17,2017-08-07 19:32:58,2017-08-11 21:52:05,2017-08-25 00:00:00
c76fd77e58c85590b4bd502a69c87913,595837850a435a5986e0574d4880642b,delivered,2017-06-27 10:43:17,2017-06-27 10:55:19,2017-06-28 14:52:09,2017-07-07 18:21:23,2017-07-19 00:00:00
4ec19b697aade053fdce351d848f2a01,601da0d71dfc743e8ccf7fb4f689a991,delivered,2018-06-08 22:15:10,2018-06-08 22:32:29,2018-06-12 12:33:00,2018-06-27 19:21:52,2018-07-13 00:00:00
ea6cf34e28edb0228155d6cdbbe46bdc,f248d3e53fd30ccbaf458d4c96ab8b94,delivered,2018-08-07 08:23:33,2018-08-08 03:10:26,2018-08-09 14:57:00,2018-08-10 19:12:15,2018-08-13 00:00:00
2d736835b63820cfdc9c9e7eef22daf2,c06dfa7240c4304b19b4246f3b107d38,delivered,2017-11-14 10:40:21,2017-11-15 02:56:21,2017-11-16 15:34:49,2017-11-17 20:11:36,2017-12-04 00:00:00
2e2005a55f448272a7f91f8ec48db9ee,de3f106541e9cf42f36a02b78a4ecc5b,delivered,2018-05-15 17:07:39,2018-05-15 17:37:28,2018-05-16 14:14:00,2018-06-02 02:41:55,2018-06-07 00:00:00
69583cd28b004d804a6d819b11c8725c,092ad782532d523d228cc922f044ef7a,delivered,2017-11-20 11:45:52,2017-11-20 12:07:39,2017-11-20 18:55:04,2017-11-23 23:38:33,2017-12-07 00:00:00
7c2b39d429d502e10a0ef4dd8fc88830,4e15860db558ead969bfd0fef2ba9691,delivered,2018-07-31 13:35:03,2018-07-31 14:31:55,2018-08-02 14:14:00,2018-08-14 00:36:28,2018-08-21 00:00:00
fbc8e8d5591dc594ede3b88033625bd0,bac7b04d729fa677b66ba672c6d4508e,delivered,2018-08-16 23:24:34,2018-08-20 19:09:48,2018-08-21 10:41:00,2018-08-22 19:21:28,2018-08-23 00:00:00
2e55db958a20257bc57183a4e74e6b47,91db678752ee943f3565ef444a7072ad,delivered,2018-07-30 16:04:45,2018-08-01 16:31:33,2018-07-31 10:01:00,2018-08-03 15:08:38,2018-08-29 00:00:00
41360009dce5e75361ad80cf695ccf24,30e90d4c04c8faf928fe017f115ac776,delivered,2017-08-14 22:12:29,2017-08-14 23:10:17,2017-08-15 12:36:30,2017-08-18 18:22:41,2017-09-12 00:00:00
59a23f52c86c016f573b4b5ecbb8e4ab,6dc4a31694206ba2374417a37640a49e,delivered,2018-01-03 13:01:10,2018-01-04 05:14:46,2018-01-04 17:17:32,2018-01-12 23:37:02,2018-01-26 00:00:00
658f8d7112d20419aba9c6b7436b1af5,a08d416710ced0087475eb4b4dbbb74d,delivered,2018-02-11 18:40:02,2018-02-11 18:55:27,2018-02-15 00:33:50,2018-02-26 21:24:19,2018-02-26 00:00:00
7adfbf493c629b11e4a3ceb40c136d63,e8acc4b86f8f111bcea1c218a5c9bb8d,delivered,2018-06-02 19:53:55,2018-06-02 20:12:22,2018-06-04 15:56:00,2018-06-13 22:48:22,2018-07-11 00:00:00
cca51c8aee8800be07563b1ed2bc4bb3,5b1e8a6804073d1ad4798b2a75762ed4,delivered,2018-02-06 10:36:57,2018-02-06 11:11:50,2018-02-09 23:09:38,2018-02-23 22:06:48,2018-03-05 00:00:00
33e55758032096d2080af654fa76e144,492d7832f942e0e4b353854ad83c295a,delivered,2018-03-04 22:38:11,2018-03-06 03:35:45,2018-03-07 00:58:33,2018-03-27 15:03:47,2018-03-27 00:00:00
4093476253605c646eadca91a226a6f3,9c2c21ecaba90bc6a8e1c97cd97c6353,delivered,2018-03-16 11:06:43,2018-03-16 11:15:38,2018-03-16 21:20:52,2018-04-02 23:40:54,2018-04-12 00:00:00
9cb4f8b17250c5cf99d923b8a66c0f33,0ac3283d04020b3ee091fe6496d9837b,delivered,2017-10-22 19:44:24,2017-10-22 19:56:23,2017-10-24 20:47:39,2017-10-31 21:47:34,2017-11-17 00:00:00
3158067c30c82428202611ba4ee5d977,d2690de6c17e258b5cd23a7e6d33beb4,delivered,2017-11-22 08:11:52,2017-11-22 08:28:30,2017-11-23 23:22:57,2017-11-26 18:04:02,2017-12-05 00:00:00
6c84c7c7fe25c0f6f1cd09e00e70585d,1cfd4ea45437f523559fd5cd23d8fb8c,delivered,2017-12-27 16:54:24,2017-12-27 17:07:20,2018-01-02 21:47:15,2018-01-10 23:04:23,2018-01-31 00:00:00
2df094c40051a8f5ed95344421039ced,bce18f4149867f1f7d3e602c6240aa62,shipped,2017-03-13 18:44:18,2017-03-13 18:44:18,2017-03-15 07:34:16,,2017-04-05 00:00:00
ccec60e021d4c074d2625443f9b97ecb,fa46e5bd37e3aac658183fc6c27ef653,delivered,2017-12-08 15:11:46,2017-12-08 15:30:26,2017-12-14 11:42:04,2018-01-03 17:52:34,2018-01-08 00:00:00
5982fca4536769e5024e12eb8b6f473c,60277a3e7abbb02da56b4a1ff79f985a,delivered,2018-03-21 15:09:08,2018-03-21 16:08:37,2018-03-22 20:58:52,2018-04-04 00:48:30,2018-04-18 00:00:00
1e20cf4705f6ebc093f591e8bcde44a3,da3426b6f48a742f073e84a0ea6d7357,delivered,2017-07-27 21:53:58,2017-07-27 22:05:46,2017-07-28 18:53:40,2017-07-31 14:17:38,2017-08-10 00:00:00
d27dcb450ff82aaf3b5c1dd27389f251,b7dcd5787b9df84395520580f7e0ca34,delivered,2017-10-01 13:28:07,2017-10-01 13:49:47,2017-10-04 19:36:12,2017-10-16 19:33:57,2017-10-26 00:00:00
d08af97946f43d83db8dfda3f21dfc94,170de57eb76b3ff6a2badb236c0afa5f,delivered,2018-04-24 02:19:18,2018-04-24 18:53:46,2018-04-25 16:07:00,2018-05-03 19:28:49,2018-05-25 00:00:00
cd3e9759dc483946db2133168746fddf,8ebee0cc741eb27e8501e4b4e3c6422d,delivered,2017-06-28 10:49:33,2017-06-28 11:05:15,2017-06-29 17:01:55,2017-07-07 23:36:56,2017-08-01 00:00:00
ab9f455e1c97dd7b220696054e9ab481,5105f034f8d887a817febd1732ab5952,delivered,2017-12-18 13:24:36,2017-12-19 09:38:50,2017-12-19 20:37:00,2018-01-12 20:22:48,2018-01-16 00:00:00
4974295376c45fc743638ffad01b8959,1b1db207b5fcfb3102a1899c38c9a9fd,delivered,2018-07-21 17:51:16,2018-07-21 18:04:09,2018-07-23 14:40:00,2018-08-01 20:24:37,2018-08-10 00:00:00
2ac69ee25b6ceeb2cc1675c34254f0f3,117a76c69023d9b7cb0e3d2e16fdfbe2,delivered,2017-07-19 17:01:58,2017-07-19 17:15:16,2017-07-21 15:47:59,2017-08-01 20:57:43,2017-08-14 00:00:00
aef3d8bb94c1ad3761b18b80327cea9c,6950d4f602451c2d9ec3690f1ab3f9d1,delivered,2017-09-10 16:05:31,2017-09-10 16:23:40,2017-09-12 18:49:38,2017-09-13 16:05:47,2017-09-21 00:00:00
75facca3570bf0f7f953b469dbe5b8db,01c5a393f22ed7149432cd8984aa7791,delivered,2017-07-20 10:03:57,2017-07-20 11:10:12,2017-07-20 19:57:30,2017-07-27 15:44:46,2017-08-02 00:00:00
df2d47392b52182c652465e3ec8f5ed4,3186724acb14eb58267a37290a0a962f,delivered,2018-03-24 10:00:48,2018-03-24 11:41:03,2018-03-26 17:57:57,2018-04-04 18:38:35,2018-04-18 00:00:00
62d6b75c62b447ebcacb509154ae9958,e01d4d0c98a1f1e998f3b78aa5c48874,delivered,2018-01-31 16:27:44,2018-01-31 16:51:15,2018-02-02 20:39:19,2018-02-06 17:14:56,2018-02-22 00:00:00
483c22865f4aa9d0bd3cceb535b176ab,209ff5d502f02e97bc3cd9bc444945a4,delivered,2018-01-03 18:58:59,2018-01-05 02:39:34,2018-01-10 22:59:52,2018-01-18 17:23:08,2018-02-01 00:00:00
0d589922bd8469967d1a5e192caa5925,de1ae3b94bc07ae5bcc61beadc70b8aa,delivered,2018-03-09 20:44:22,2018-03-13 04:10:44,2018-03-16 19:06:01,2018-03-18 17:07:47,2018-03-21 00:00:00
c1e8a7211f3b7ecb71cf5e740ad0e3ad,40d72d9a2f89a765b140530775e75495,delivered,2018-04-09 19:32:06,2018-04-09 19:50:54,2018-04-12 21:46:50,2018-04-19 20:50:42,2018-05-07 00:00:00
af5ef0c2ce03a9545b49f818244d759c,77c6c090276d77c5c20d52a14a05dd21,delivered,2018-05-04 10:06:22,2018-05-04 10:15:13,2018-05-08 11:55:00,2018-05-15 21:19:11,2018-05-28 00:00:00
1124c329070977fbd414f046bba149d7,b70f8552b91ef49129519206966e2472,delivered,2017-12-01 22:37:41,2017-12-01 22:52:47,2017-12-04 22:09:20,2017-12-19 19:15:14,2018-01-02 00:00:00
1085720f31a2cf648549e3b8eee5db30,219f23d354eb4b07a861c97172f7ef73,delivered,2018-05-22 20:17:22,2018-05-22 20:37:30,2018-05-23 12:10:00,2018-05-24 16:46:30,2018-06-04 00:00:00
3eaf0488f419dab6c6d582b1d28ab37e,df78f7ad1361e743d3329b3eee8f5df7,delivered,2018-04-03 20:08:15,2018-04-03 20:29:09,2018-04-04 20:51:42,2018-04-30 23:24:50,2018-04-30 00:00:00
eb6033b2518720d786be9501a56fb156,d58b2d1a1bc61268841dc888e2779f51,delivered,2017-11-20 19:21:48,2017-11-20 19:32:27,2017-11-21 22:00:16,2017-12-18 12:23:04,2017-12-13 00:00:00
9da1e2d6e6aa860458615758682c1357,758e64c1a6e4fda4017265734e140f12,delivered,2018-05-10 19:29:01,2018-05-10 19:51:02,2018-05-11 15:58:00,2018-06-05 15:53:56,2018-06-07 00:00:00
cc7403cc8930609fb8201add01828b05,90c953f93f2106812b1547d61fb96494,delivered,2018-08-21 20:57:32,2018-08-21 21:05:16,2018-08-22 11:27:00,2018-08-23 22:35:29,2018-08-28 00:00:00
a7489739535fa6a82e5cec2b52902488,8b316b6e975477bad2f7f6954807eeaa,shipped,2017-04-17 23:39:01,2017-04-18 23:45:19,2017-04-19 14:42:10,,2017-05-22 00:00:00
8a40025b51fa72583cc8d0fa95439181,317654e298bb1b3e0894efa5808d3eca,delivered,2017-12-29 18:56:31,2017-12-29 19:37:17,2018-01-02 18:17:26,2018-01-25 14:34:48,2018-03-13 00:00:00
64d371a6a389e045ce802658f2bc4281,9ae49f774ba91f69c93163548c13c61a,delivered,2017-05-26 12:17:06,2017-05-26 13:04:03,2017-05-26 14:41:56,2017-05-30 11:53:18,2017-06-16 00:00:00
89295af77ed4ae2952f65f4f432f53c5,356d58cb9c6869d1d646195d7b2033b3,delivered,2018-06-04 12:54:12,2018-06-05 04:15:15,2018-06-05 15:16:00,2018-06-08 19:47:50,2018-06-28 00:00:00
f981ff892e7c8fb06f45c2b98e2c4a73,92169b75de57d2e984f28cd62183ae49,delivered,2017-11-24 20:35:18,2017-11-24 23:34:39,2017-11-29 22:44:50,2017-12-07 21:35:08,2017-12-20 00:00:00
e85cc7bf67b73e1700ee99b800496267,55770885623f29be5cca70c94523333b,delivered,2017-10-05 01:00:37,2017-10-06 16:14:12,2017-10-09 13:38:26,2017-10-10 19:04:54,2017-10-26 00:00:00
ccfc366f9a65ee1750a938bd18aa489f,98965f2e554e2f75fcf1411133f41245,delivered,2018-05-31 21:27:20,2018-05-31 21:52:30,2018-06-01 09:03:00,2018-06-03 11:24:41,2018-06-26 00:00:00
aeeb0a68040240daa8065187ca9d0770,6d1f22bd0825cf224f21a5e3a5f90dee,delivered,2017-06-14 19:28:01,2017-06-14 19:42:45,2017-06-23 12:52:09,2017-07-12 13:59:41,2017-07-07 00:00:00
277f0bb8cf28ee39feee7825b5578c34,97fd4f2134b09d085b2c3b7cd2f7b127,delivered,2018-06-28 12:43:39,2018-06-28 12:55:28,2018-07-03 13:25:00,2018-07-04 20:18:41,2018-07-17 00:00:00
f1adc476dcc05bdb3df49c73d0990a13,e8c284b0b1954c53541af75e510f4286,delivered,2018-08-16 10:06:46,2018-08-16 10:24:06,2018-08-17 08:38:00,2018-08-23 23:53:41,2018-09-03 00:00:00
4e906592ffe21666b515f88ec700cdeb,ae5c642733edee1c18c1653a75270ed5,delivered,2017-11-20 13:27:59,2017-11-20 13:39:27,2017-12-04 23:42:00,2017-12-20 16:34:28,2017-12-20 00:00:00
e2007b2e0b236f254ac322260a2dcb1d,f05935d3c717a26361221ca371ed65ee,delivered,2017-05-18 14:38:08,2017-05-18 15:55:19,2017-05-19 14:54:39,2017-05-25 15:15:33,2017-06-09 00:00:00
ee5392faf51501d5019a14eadb3d59a1,f8bf5e130e38db01573aa587ea2e9a2e,delivered,2018-08-17 08:28:19,2018-08-17 09:09:50,2018-08-17 12:44:00,2018-08-27 17:51:55,2018-09-04 00:00:00
ed9e33c926c94cc5cc50a68696119dea,a2d19f05cef411aa2938ca9d2a92d156,delivered,2018-01-10 11:32:09,2018-01-12 02:34:29,2018-01-15 17:13:00,2018-01-19 17:49:25,2018-02-02 00:00:00
c2abe874b6f1922459cfee827c8f02f8,bb3e235ef62784e88695b41dbc5ded47,delivered,2017-11-06 21:38:23,2017-11-07 05:31:26,2017-11-08 20:19:01,2017-12-19 02:38:06,2017-12-04 00:00:00
7a8107927fd13f239a62ba070873fe45,39627b5018f045c6237bd64635234d65,delivered,2018-07-30 00:04:55,2018-08-01 16:31:33,2018-07-31 11:01:00,2018-08-02 01:46:45,2018-08-03 00:00:00
a00de27f9585ad0dcde9842ad65a43a7,550377e256b41e5d48b5d3f6913d9e55,delivered,2018-05-03 19:43:53,2018-05-04 19:35:17,2018-05-08 10:15:00,2018-05-10 01:02:54,2018-05-17 00:00:00
e8b925dae758913bf3c48971ce416c57,f732374f1ef394ef02779fb939c7d32e,delivered,2017-09-25 15:27:56,2017-09-26 04:07:12,2017-09-28 17:58:11,2017-10-06 23:13:52,2017-10-20 00:00:00
877c56a87d1eefa29773ebc703954287,371b390ab804298b9f7a0acaa44f4128,delivered,2018-05-08 23:30:59,2018-05-08 23:52:00,2018-05-09 10:28:00,2018-05-14 15:29:56,2018-05-22 00:00:00
ee491eb103d02acce80f7c5950def51d,0b451ba5ecdeaf9cb93c0a67c92c29c8,delivered,2017-10-06 18:27:34,2017-10-06 18:35:22,2017-10-11 20:24:50,2017-10-18 22:37:42,2017-11-07 00:00:00
e3f172aaf1f60065be92d36fc71fab65,7d622173e13aab026b87c0cb81c16ab6,delivered,2017-07-29 15:52:10,2017-07-29 16:05:48,2017-07-31 20:34:05,2017-08-09 20:52:49,2017-08-22 00:00:00
50f9fe32edde21b508c0916cae106e13,21fa25c251581ebe0baf96479f9c93c8,delivered,2017-03-31 13:30:57,2017-04-04 06:05:21,2017-04-04 15:11:08,2017-04-12 07:43:17,2017-05-03 00:00:00
4d4add2b5baa4193d64a211acb6fb117,c094f4a9f12920e476335d963a872023,delivered,2018-02-27 23:19:55,2018-02-28 00:00:20,2018-03-01 16:43:00,2018-03-13 19:45:42,2018-03-19 00:00:00
d2f636c21b8c69ea8ceb90f373babd4f,9c2fb70bbdefbd722d175be10d59947c,delivered,2018-01-11 23:38:06,2018-01-11 23:47:27,2018-01-15 23:17:01,2018-01-26 16:54:48,2018-02-06 00:00:00
f23863d36bbebad07e688d0010148a26,70dadea89e8294361606fe742fceabec,delivered,2018-01-09 22:17:57,2018-01-10 10:32:13,2018-01-11 22:29:19,2018-01-22 18:29:11,2018-02-19 00:00:00
349a7619914f3000dc07ae639ae080b8,e74cf7ebe7cb961ddda6e4cf58e493e3,delivered,2017-08-01 09:13:04,2017-08-03 03:06:16,2017-08-04 20:29:59,2017-08-07 21:58:39,2017-08-23 00:00:00
dda2dbc7b1340a2c9f8743feb8cbc432,a07e4cfe748353daf4ae34b4b3c609b4,delivered,2018-08-01 14:01:08,2018-08-01 14:10:17,2018-08-02 13:49:00,2018-08-08 14:28:41,2018-08-06 00:00:00
65190ebf6d5ddbbb29883d2399fc531c,aa7cf323e96bd6b5a996552058e6289d,delivered,2018-08-21 14:08:51,2018-08-21 14:30:31,2018-08-27 12:43:00,2018-08-30 20:58:49,2018-09-21 00:00:00
eb87432d1b32d99db89d573d77767a01,a22ecc2c34b892685233022097d1ba0a,delivered,2017-01-17 09:15:55,2017-01-17 09:25:11,2017-01-17 14:16:55,2017-01-23 13:12:10,2017-02-27 00:00:00
76aa52a8bd8995742d4da905ed1db5ac,282ae180b69678a933118f4585d5beb5,delivered,2017-05-29 18:50:57,2017-05-31 06:55:43,2017-06-01 16:32:57,2017-06-16 14:13:03,2017-06-27 00:00:00
3b056e92067a43aaa660bc71598dc68e,52b3da34f204c7de2c9ee201e1491664,delivered,2017-11-25 18:51:06,2017-11-25 18:57:35,2017-11-28 22:11:28,2017-12-04 21:05:13,2017-12-11 00:00:00
53ac46162dfb7cb376df27dd85690fb5,15f79e36926f237097562182ac8ba2bb,delivered,2018-01-17 16:21:10,2018-01-19 02:37:11,2018-01-19 22:22:48,2018-02-15 17:11:04,2018-02-16 00:00:00
e7aa8ec1453b9d7fa35da99ee0f22e65,099fee4e83ce1bfcd2315002b7a2cf47,delivered,2018-06-11 22:55:43,2018-06-11 23:18:29,2018-06-12 12:04:00,2018-06-15 23:52:02,2018-07-16 00:00:00
03d5b9a74ff46435640f8bd737ac2237,3985d677d82341e381758018d936ef49,delivered,2017-12-04 20:55:31,2017-12-05 08:31:04,2017-12-07 20:41:37,2017-12-12 10:42:21,2017-12-27 00:00:00
6aedefde651c239abf93383dd9175022,af019120a3fed93494f80d315186f3f8,delivered,2017-12-19 11:55:26,2017-12-19 12:09:29,2017-12-21 22:21:47,2017-12-27 12:10:29,2018-01-19 00:00:00
80503508be2a3417d594a5d158c22ec1,852de476b6c9c3cb40da002ab67d5c5d,delivered,2018-07-31 11:17:10,2018-08-01 02:35:18,2018-08-01 15:17:00,2018-08-06 20:44:42,2018-08-13 00:00:00
f006810a786871fd371a14d0370e88b1,430ffe436ef40a76f045f4263b7436dc,delivered,2017-03-24 08:27:43,2017-03-25 02:22:36,2017-03-27 11:52:40,2017-03-30 10:04:18,2017-04-13 00:00:00
112f1c24ebff7575c3829274cad94e28,4217d99ce9006d56d00b88996f384420,delivered,2017-12-18 10:43:30,2017-12-18 12:39:25,2017-12-19 16:13:58,2017-12-21 18:44:57,2018-01-05 00:00:00
a52fca56c21fd8b4564823dd3c99120c,c059e9c054e8b1d94fc946fa5fe0973f,delivered,2017-12-26 12:19:08,2017-12-26 12:28:56,2018-01-10 18:10:56,2018-01-16 20:35:35,2018-01-23 00:00:00
2bb6b9ebbb0ae5423d46be8e62e09538,44566495148f3f497992e83442761f82,delivered,2017-09-27 09:32:58,2017-09-27 09:49:46,2017-10-02 20:33:23,2017-10-13 20:44:15,2017-10-24 00:00:00
11e75c2a931a2968007c44bddf001102,1b8ede5a4791e27daf584a5ec611f7d7,delivered,2018-03-16 11:03:07,2018-03-16 11:15:40,2018-03-22 14:18:21,2018-03-27 21:49:55,2018-04-09 00:00:00
68d8838c90191c81a8e3e1273e230414,421816b9aae0de4a978a9b3005e5127c,delivered,2018-04-19 18:55:57,2018-04-19 19:11:00,2018-04-23 22:38:30,2018-05-03 01:28:41,2018-05-17 00:00:00
99b4647e792ac5029235bbd15476e6bf,fad350ab71026dc64961281da7ddc063,delivered,2018-08-24 18:37:17,2018-08-24 18:50:13,2018-08-27 11:05:00,2018-08-30 20:47:33,2018-09-05 00:00:00
ca096b7aaeb4fc794c0e4e8e9ad8294f,4c9abe6b3ff4a667ffdd3e74aaee75af,delivered,2018-07-24 10:17:23,2018-07-24 11:40:37,2018-07-24 14:47:00,2018-07-27 16:55:29,2018-08-09 00:00:00
b79f1a780ca7d2e25fdd46f7cce4db04,d85d3d50ccfd1a908e83cc3e2ad32622,delivered,2017-04-25 16:48:18,2017-04-25 16:55:22,2017-04-26 07:58:11,2017-05-05 15:47:39,2017-05-17 00:00:00
b08e77f09baf59e555941a454cc56dbb,ed8e4541645947f30fca3040759d224d,delivered,2018-07-07 23:07:46,2018-07-10 08:35:15,2018-07-10 14:46:00,2018-07-11 18:13:34,2018-07-19 00:00:00
9490bfca05997e51ea0beb78eb0918fd,0c1f8afa8316730b20388c1b0f7598fa,delivered,2017-09-19 15:47:07,2017-09-19 16:04:33,2017-09-21 18:00:14,2017-09-29 09:13:53,2017-10-11 00:00:00
7dd8c91586e38659c39c2e1d0fb01511,71cae8ce2f6db9655de76e212d34fe56,delivered,2018-01-21 11:25:43,2018-01-22 13:47:32,2018-01-23 16:42:14,2018-01-24 13:33:05,2018-02-06 00:00:00
601fb7b5c950f370e9b7fa94529b8880,9289d8bcd95805bc1ac27c949a99da98,delivered,2018-07-05 15:16:59,2018-07-05 16:12:45,2018-07-06 09:53:00,2018-07-10 16:14:52,2018-07-18 00:00:00
8d177df0bc7f19cc605da776c8730ce8,b1778311ca1da06bd07eae33928c7dda,delivered,2018-05-28 17:01:26,2018-05-29 03:55:15,2018-05-29 15:18:00,2018-06-05 19:32:37,2018-06-28 00:00:00
7cb7082833b403a3d40a1596b54f2fba,fdc77c52de77c88664c7767a81abfb56,delivered,2018-07-24 10:56:17,2018-07-24 11:25:06,2018-07-25 07:03:00,2018-07-27 20:16:47,2018-08-07 00:00:00
25c67de908372a479b4e6fffa2caa7e5,691e676db8112780e2a2fcaef6bbc09a,delivered,2018-01-19 11:47:36,2018-01-23 03:38:27,2018-01-24 18:47:12,2018-02-01 21:37:53,2018-02-22 00:00:00
03afb3c10af52ddfa3c33b9881bf43f8,44e25679aa4d5d2ef5103f6b0174a586,delivered,2017-12-07 16:41:50,2017-12-07 16:51:57,2017-12-15 13:04:12,2017-12-18 18:10:28,2018-01-09 00:00:00
d8ae8039b59ce1eb9a0f9579e07d30c7,a6f13157245571c035876037e4cc3ca1,shipped,2018-02-25 14:44:31,2018-02-27 04:30:55,2018-02-27 23:12:41,,2018-03-21 00:00:00
ed69463ce85109f7c23511a77f8dc603,becc8a3706ed0f7e1c7d7becba19f3e3,delivered,2018-03-07 17:15:20,2018-03-07 17:35:38,2018-03-08 19:07:42,2018-04-02 15:05:47,2018-03-26 00:00:00
9949f7af3885f27e84044841513de26e,6ff5db926f197c0c624b1fcdd6ce0d0f,delivered,2018-07-19 16:03:52,2018-07-19 16:23:19,2018-07-26 15:46:00,2018-08-03 00:02:44,2018-09-10 00:00:00
32d6d5105a3262e4da6eac850c9bd963,64fcc24bf12f5b16c914dadfe547665b,delivered,2017-11-30 00:27:10,2017-12-01 11:31:18,2017-12-04 21:03:55,2017-12-08 14:57:11,2017-12-26 00:00:00
fb7394481514a3870d70bdf7f9c2382a,cd0573e2683d1437f048d42480d96bb4,delivered,2018-04-24 22:46:43,2018-04-24 23:42:30,2018-04-26 11:06:00,2018-05-19 18:18:40,2018-05-24 00:00:00
5c0cc9b87566505f6f3d3a3de406c7e7,2ca318e13d4ab06f0ac323a20575d76a,delivered,2018-01-18 14:53:30,2018-01-19 02:37:49,2018-01-23 18:29:00,2018-01-26 17:49:06,2018-02-08 00:00:00
1e8b5739cd3836175c13682f71530a85,df031c1ab49fc29e895a7f319990dd47,delivered,2018-07-22 20:11:19,2018-07-23 12:32:06,2018-07-24 15:04:00,2018-07-26 22:03:59,2018-08-01 00:00:00
b7c7121d097737e9dc40325e48481e42,f246238b7705e24d780b2585516d50c0,delivered,2017-06-28 12:48:55,2017-06-28 13:03:35,2017-06-28 13:31:11,2017-07-03 14:32:55,2017-07-20 00:00:00
a3777b94ef07749f031ade4ae824ddb2,65b2d78564e9d776cca877028b764eac,unavailable,2017-05-30 20:06:02,2017-05-31 06:45:24,,,2017-06-28 00:00:00
0e391a35ebcc42be741987c538330764,1228cb8350751ff7a6b47e04910e4fb7,delivered,2017-12-02 01:57:11,2017-12-02 13:50:12,2017-12-07 18:49:54,2017-12-12 14:12:18,2017-12-29 00:00:00
f42fd1b7b634f6761504f8e16bb4e81b,73ca4cce5607ef3278d458d164d545e4,delivered,2018-07-12 22:55:08,2018-07-12 23:05:16,2018-07-17 15:22:00,2018-07-21 12:26:43,2018-08-13 00:00:00
431d5e312bed6ff804f464a5e0c63cf8,1d1675fc8bb113d2244bf8778d7074e5,delivered,2018-06-13 21:37:01,2018-06-13 21:59:26,2018-06-14 14:04:00,2018-06-20 23:58:37,2018-07-23 00:00:00
2bcd39973a8dfd7a288abc83193497bd,7ab1b6ff4410c89cad8cc8242f8d4f92,delivered,2018-03-19 21:32:09,2018-03-21 02:49:05,2018-03-22 21:52:57,2018-03-27 20:44:33,2018-04-05 00:00:00
d778bedecb77b234aeb18dc79ff59194,5bafd270928490735e0122c4ee597a1f,delivered,2018-05-04 08:48:19,2018-05-05 17:10:20,2018-05-09 16:19:00,2018-05-15 15:34:43,2018-06-05 00:00:00
d42c3af33e0f04b3d5f012b6559e70c9,25c2777ca6e69ffaf3ff45bc8db161e7,delivered,2017-03-13 15:43:08,2017-03-13 15:43:08,2017-03-15 09:49:34,2017-03-22 13:08:38,2017-04-04 00:00:00
940732b8dc54f854975ffb339263bcd6,037b8a87b79ef80a342929651eeaa760,delivered,2017-09-30 13:46:30,2017-10-01 02:33:37,2017-10-06 18:29:09,2017-10-24 18:36:07,2017-10-24 00:00:00
65693e3a7937ea70a977e883a08de8b8,497ccac91e19ea5df7516a1fc06735d5,delivered,2018-02-22 16:51:30,2018-02-23 02:30:26,2018-02-27 17:20:02,2018-03-01 02:55:12,2018-03-09 00:00:00
6f2241a169e16e47cdbe68ce9d8c5865,9a5111885ab24714102b914108825590,shipped,2017-12-05 10:20:17,2017-12-05 11:05:20,2017-12-05 20:38:04,,2018-01-03 00:00:00
57b9cf4a37a14014639920e1f6d81e52,7ae471bc92b0ecb06c812292ffef849b,delivered,2018-01-23 22:47:46,2018-01-23 22:57:25,2018-01-25 00:33:16,2018-02-06 19:00:54,2018-02-16 00:00:00
623a128bf7d41f9326d9038040bd42a4,db946124b6774ad521438963b7611ee4,delivered,2018-03-15 09:05:21,2018-03-16 09:07:29,2018-03-16 23:42:00,2018-03-28 16:29:48,2018-04-03 00:00:00
24040647efd179bd506acacbbbabd838,91a10aff1998894aefda53b691a5d6f6,delivered,2017-01-29 19:59:20,2017-01-31 04:38:44,2017-01-31 09:38:21,2017-02-13 05:58:56,2017-03-16 00:00:00
678ec27e8a4c8d92384bd0834f21b308,47c34bcae24080749be1315ad1fc2bb4,delivered,2018-08-14 20:59:19,2018-08-14 21:10:10,2018-08-20 13:36:00,2018-08-25 16:56:25,2018-08-24 00:00:00
7725825d039fc1f0ceb7635e3f7d9206,3aa00401736823c73e9fe8683328fa6b,delivered,2018-06-22 16:47:28,2018-06-22 18:15:29,2018-06-25 12:58:00,2018-06-30 12:57:51,2018-07-16 00:00:00
e52c2cb181473eb8935fbb121d21628c,c9c0ac0ede68e7a4b8819c0dbb72eaca,delivered,2017-10-07 00:51:07,2017-10-07 01:04:56,2017-10-13 16:38:07,2017-10-16 16:07:26,2017-10-25 00:00:00
967684d880b1ebbfe2e94df16af6d01a,b725c254fc9b5469c48b1f15bf548517,delivered,2018-05-18 12:24:26,2018-05-22 08:16:22,2018-05-28 13:58:00,2018-06-08 20:46:48,2018-06-04 00:00:00
4da38cd7084ce9fdeae2412858379255,4c6da7ab2ec98e80e7c2dbba28b57cda,delivered,2017-10-11 00:19:17,2017-10-11 00:56:24,2017-10-19 18:33:42,2017-11-08 20:31:49,2017-11-21 00:00:00
f32d6929db9c0600d0b70c698f45ed71,790a0cfd196ae3c697972ff8aa365feb,delivered,2017-10-25 13:05:03,2017-10-26 02:56:32,2017-10-27 22:55:56,2017-11-04 14:07:48,2017-11-13 00:00:00
1ccd1537ab2eaa0587bf7495f32473a8,a41b6165704cff4b6976bdc73d9ecf05,delivered,2018-01-18 20:46:23,2018-01-18 20:56:24,2018-01-19 21:52:17,2018-01-22 18:54:57,2018-02-02 00:00:00
06e93d3bf0469b969d3eb95a8d55d68f,b8f3c05805a908d846c178e4f3f0e875,delivered,2018-02-19 10:52:32,2018-02-19 11:07:41,2018-02-19 20:51:28,2018-02-20 21:39:37,2018-03-05 00:00:00
ab78c0e74f7486a3c47185c0f5cfbb89,c26682fa19520b10d982ce0a36517926,delivered,2017-02-10 17:46:12,2017-02-10 17:55:21,2017-02-13 15:03:47,2017-03-01 05:10:30,2017-03-15 00:00:00
b830f1009892772f1ef2dafa14f4d937,73f18be2e5cfa08095fe3f24975d1b0a,delivered,2017-10-09 16:58:37,2017-10-09 17:09:47,2017-10-11 20:47:32,2017-10-19 21:57:47,2017-10-31 00:00:00
8c0a3c7a61e6e3720d7dd4d4f45122d7,8993926d713ff449ca3680f5cd6b0101,delivered,2017-11-27 12:06:38,2017-11-28 04:31:14,2017-11-29 20:24:49,2017-12-04 13:12:09,2017-12-21 00:00:00
b3f296816426c556cdf428974ffa9543,04f9573f711359386b4fed690f57cd11,delivered,2017-07-17 13:47:32,2017-07-17 14:04:33,2017-07-18 17:56:53,2017-07-26 11:23:59,2017-08-14 00:00:00
84d1f58195cae334b50f9088b38b3495,544e77a62037110df48c7f23d0a320e7,delivered,2017-04-26 08:45:44,2017-05-01 22:33:38,2017-05-04 15:14:39,2017-05-11 13:33:01,2017-05-17 00:00:00
812855c58b365035c104626bd744eddc,b614474faab2abe1b9d0bfede1460f85,delivered,2018-08-16 23:42:17,2018-08-16 23:50:12,2018-08-20 17:09:00,2018-08-27 15:38:23,2018-09-03 00:00:00
ffba9bdc3f52eb0c4e3bac55391f706d,b0ef4139112416ffbeaf57bcff1f1309,delivered,2017-03-06 17:50:27,2017-03-06 18:02:51,2017-03-07 09:53:42,2017-03-10 18:43:05,2017-03-29 00:00:00
8900d15492ac0e3b382fd3bd53c17e81,958f2d1bc9c1a5094e03d5dc379909bf,delivered,2018-04-18 19:45:24,2018-04-18 20:09:47,2018-04-23 16:31:32,2018-05-02 18:33:49,2018-05-18 00:00:00
4dac5a355ca2b9da23d60ed243be5673,6c0a32063bce9f24338b38d689988b98,delivered,2018-04-14 16:11:37,2018-04-17 06:11:36,2018-04-30 13:44:00,2018-05-07 20:49:01,2018-05-25 00:00:00
067ce97888318cd8d89a45bcb4adc94b,93a9213a3f26b087500abb8186f71703,delivered,2017-10-10 17:41:27,2017-10-10 17:56:27,2017-10-13 14:10:11,2017-10-20 20:53:37,2017-11-10 00:00:00
6e3aaafcf7924b84b6d7368466339f89,58007bed392da6ec633dcbb0b29abdb9,delivered,2018-01-21 14:32:09,2018-01-22 13:50:57,2018-01-24 19:54:04,2018-01-30 23:57:56,2018-02-14 00:00:00
ad01d61ec53a43d200f359c11347316f,b0f7d66b4d70db11231afb73b21560f6,delivered,2018-03-19 00:56:51,2018-03-20 03:28:43,2018-03-21 18:44:37,2018-03-27 01:42:56,2018-04-19 00:00:00
d431779bcfa54dfd8bb1beafd561e63d,988b11a12b7d63e551159e52a620eaac,delivered,2018-06-27 11:31:04,2018-06-27 11:57:05,2018-06-29 08:14:00,2018-07-06 11:41:46,2018-08-06 00:00:00
6f22c8fb3d095ee588cacb68807f5c24,9a6e2175536179a79aeb8fa1ff364cef,delivered,2018-05-06 22:28:53,2018-05-08 19:53:01,2018-05-09 16:41:00,2018-05-16 14:26:51,2018-05-25 00:00:00
a730530dd5bf5940d9b50ffac9d297dd,1d6fdc8b0ff3d93c5b3961bfedea7f7e,delivered,2018-04-18 15:24:47,2018-04-19 02:32:24,2018-04-19 19:21:50,2018-05-03 17:29:33,2018-05-22 00:00:00
234ca3f0b20c63f1aad520a9de28aa08,0e2e92dd6517cdbf1de8261977b9af04,delivered,2018-05-03 09:23:38,2018-05-04 03:31:59,2018-05-04 15:47:00,2018-05-16 21:06:43,2018-05-28 00:00:00
894d027fa4e4510468b2b7bb87e15c56,afd614c2216929e093dfd364a3fdac7f,delivered,2017-12-18 21:18:08,2017-12-20 07:18:24,2017-12-21 12:28:50,2018-01-04 17:09:24,2018-01-18 00:00:00
1606103139f42c0d1a6ff98702274039,5e5fcb984e10a84d0ba9f2ee8e4ad94e,delivered,2017-12-04 15:13:28,2017-12-06 16:16:24,2017-12-09 16:38:45,2017-12-15 20:27:50,2017-12-27 00:00:00
c6df20907b36a49402c4665cd5a0ce8e,510bdc58eeceb86b015aeefbfafcb5f7,delivered,2017-08-06 11:48:27,2017-08-06 12:03:10,2017-08-08 21:05:42,2017-08-27 16:12:35,2017-09-11 00:00:00
810b5ff0a01a71a907e3d4f35362c88a,f3b6b12454a41c96a83c6186c41f5e2a,delivered,2017-12-29 09:52:30,2017-12-29 10:07:34,2018-01-02 17:59:01,2018-01-08 19:55:36,2018-01-18 00:00:00
061e6ce7ec63fcace40d4ae11584763c,3b249b017d15eee7d092ddd5cfae4fa4,delivered,2018-03-09 11:38:44,2018-03-09 12:20:23,2018-03-10 00:08:51,2018-03-22 18:39:00,2018-04-11 00:00:00
ead4bdb20456cba846bb4d83e5a870a0,6f20d25d531f55dab91b8dff9d7ccb3b,delivered,2017-03-27 22:20:14,2017-03-27 22:30:17,2017-03-30 15:05:22,2017-05-09 08:16:41,2017-04-25 00:00:00
785bbdf4b0c361c38da0f5d3dc5cc14d,8d7683a495eb362937f3956fb4608b44,delivered,2017-11-07 08:48:12,2017-11-07 09:06:08,2017-11-17 19:07:45,2017-11-22 01:45:25,2017-11-24 00:00:00
d30ebaf399ed0c5ec1cc71ed36c0dd68,6cec3bf613919f962b9f8492aa4d404e,delivered,2018-03-25 17:04:48,2018-03-25 17:15:30,2018-03-26 19:17:21,2018-04-04 19:28:36,2018-04-18 00:00:00
e7a0d968e1490c9d5c075df5f3e751ce,ba1bcabcf79c8686e6032d9aa9d573a0,delivered,2018-07-12 21:51:56,2018-07-12 22:05:13,2018-07-31 14:10:00,2018-08-08 16:16:37,2018-08-01 00:00:00
7575f0c5a89cdb0c577224d9efde0266,1f9f966dbeb3547e8bef580b321992ad,delivered,2017-07-11 12:10:10,2017-07-11 12:45:18,2017-07-11 19:33:53,2017-07-19 21:51:47,2017-08-04 00:00:00
3c52e7be8ba845bcc76da9b51990e6cc,628f1237180b751c1a995cda15e51b76,delivered,2017-05-11 14:58:59,2017-05-12 02:50:22,2017-05-12 11:31:04,2017-05-17 11:37:45,2017-05-29 00:00:00
382cc76dffc717f6f05ce8c2fba428bc,e2de9994c35478f475fdadaaf092ca51,delivered,2017-12-09 13:02:33,2017-12-09 13:19:25,2017-12-11 19:47:10,2017-12-19 22:57:33,2018-01-15 00:00:00
dc6200aa38e0aedcfc581a09bba8c170,961e6433caf29ca532968cf0a62a99cd,delivered,2017-05-09 10:34:29,2017-05-11 04:02:54,2017-05-12 18:26:05,2017-05-22 10:12:21,2017-05-29 00:00:00
76507bbf7372c5261e9cecab5d23c252,ad4a181dcbfd84ad41fbba776d1ea5f1,delivered,2017-11-20 15:45:23,2017-11-21 10:16:30,2017-11-22 01:52:55,2017-11-25 13:42:00,2017-12-18 00:00:00
4bae63148c0e5ba0afb03cace07f580b,e8ef033012a92abd4fa76e7db69b124e,delivered,2018-05-10 11:06:18,2018-05-10 11:36:28,2018-05-15 08:27:00,2018-06-01 18:42:44,2018-06-08 00:00:00
4e3bb52f6ab81cd1d26e60a8ef12ffa5,31971317e63dab3e284f229ef985abd3,delivered,2017-08-16 12:17:35,2017-08-16 12:55:07,2017-08-16 21:39:47,2017-08-24 21:20:10,2017-09-08 00:00:00
7d11ea85fd4de61373b6b8ab0387d011,215ebdb1bb6a8d7a74004f5320349615,delivered,2017-09-05 15:07:48,2017-09-05 15:25:21,2017-09-09 13:42:37,2017-09-20 20:18:48,2017-09-26 00:00:00
56489a88db0de4afa3664cb5712f7d31,959e2b4cfbaa8e96e2919abe12f9b3ea,delivered,2018-08-16 18:44:49,2018-08-16 18:55:19,2018-08-17 14:51:00,2018-08-24 14:06:48,2018-09-13 00:00:00
39dd6ee10ed18591bddeb83c8136dd52,fd679638cf2e396b35e20a5ed75316e1,delivered,2018-04-23 17:55:26,2018-04-24 18:47:36,2018-04-27 09:47:00,2018-05-04 20:04:59,2018-05-10 00:00:00
883d0564720695a23787ff3224aaa83f,183c3398be94a461ea6c6691a25cea39,delivered,2018-04-26 18:31:40,2018-04-28 02:51:44,2018-04-30 13:48:00,2018-05-07 21:18:43,2018-05-24 00:00:00
0fcd3f7c5275b49cc83dd15129700b71,91c5faf27c8ebb48c71fe62afb3e5a3c,delivered,2018-06-04 16:39:02,2018-06-04 16:53:17,2018-06-06 11:24:00,2018-06-16 18:03:21,2018-07-11 00:00:00
e3e0e01b4d15c9d4c33f312a2dee8799,53564848c56e9132beb729889974e307,delivered,2018-04-25 21:31:23,2018-04-26 19:15:11,2018-04-27 11:44:00,2018-05-05 11:47:40,2018-05-14 00:00:00
1181af08903c7e8cc1cd6cd5df586dd6,e09feaba1b9e1b07fd0203fc3d1e23c9,delivered,2018-06-03 07:38:50,2018-06-03 07:55:08,2018-06-04 14:47:00,2018-06-05 22:22:31,2018-07-11 00:00:00
17e604bb550e265b46ebefe61430751b,30e8a49cee668a4435b2f91cc77c9d15,delivered,2018-08-21 11:34:26,2018-08-21 11:50:53,2018-08-22 12:43:00,2018-08-27 13:11:40,2018-09-05 00:00:00
1c34540e08aaa8566e32b53509f14ebb,f4285ca515912592837da578425f59e3,delivered,2018-08-26 19:45:32,2018-08-26 20:04:21,2018-08-27 15:57:00,2018-08-30 20:36:52,2018-09-13 00:00:00
4162db4ff964981d38bc20ff6818d268,ae6adbcc62ac5a6b33d5ef24a15bdf5b,delivered,2017-06-11 18:30:16,2017-06-11 18:42:41,2017-06-14 15:03:34,2017-06-27 16:26:53,2017-07-11 00:00:00
4a8b56b6641818f8cf2457dedd663bcf,11af43ab5aead1caaef7a490b1420a82,delivered,2018-05-28 10:54:51,2018-05-28 11:13:47,2018-05-29 14:36:00,2018-06-01 18:02:39,2018-06-13 00:00:00
85cf5eb6282df443f5677863fa7e660b,8d8b2fa411cedab0a38abb6123a318dc,delivered,2018-04-11 08:22:30,2018-04-11 10:35:44,2018-04-13 18:03:11,2018-04-20 15:58:45,2018-05-02 00:00:00
89babe508d7970dd64bc5c43f771e15b,7bdb3efd72dc6a577b3f155442919872,delivered,2018-08-21 16:09:41,2018-08-23 08:45:00,2018-08-24 14:11:00,2018-08-29 15:16:39,2018-09-14 00:00:00
b9a0e33ac8e971f6a147d68b09d7f589,647f900332d9e5339d6d05c7da34f651,delivered,2017-12-08 22:29:00,2017-12-12 03:50:05,2017-12-13 21:19:33,2017-12-22 21:08:58,2018-01-10 00:00:00
34c378834dba3fa2b4e91a9aea8d1d70,7c42a4df52043a235ab15ea2f97c449b,delivered,2018-05-12 22:17:59,2018-05-15 05:32:38,2018-05-15 10:09:00,2018-06-04 13:18:36,2018-06-08 00:00:00
01825d0debce07b6502f4aff38a00e69,8d4ed4f811a7873a31183d7d7db8f470,delivered,2018-07-11 10:46:20,2018-07-11 11:08:06,2018-07-13 15:05:00,2018-07-25 11:41:06,2018-08-03 00:00:00
871d475aeaf2288a225fe1ade32d1b44,61cfdf9916a5a215dfe42663648b99c9,delivered,2017-09-08 14:44:39,2017-09-09 17:28:53,2017-09-12 21:35:02,2017-09-28 20:07:28,2017-09-28 00:00:00
10216a8fe4be87320fb696c8752ad08f,c978f2fd46dad1cd91bea65c69607bf9,delivered,2018-05-01 22:22:04,2018-05-01 22:35:15,2018-05-07 15:00:00,2018-05-14 20:21:22,2018-05-24 00:00:00
2b229d21bf1fdfaf9e0ff6d8799303d5,2694ed5ae8d87e1265879eab1c2d7c74,delivered,2018-02-28 17:31:08,2018-03-03 02:50:47,2018-03-07 20:22:11,2018-03-09 22:08:24,2018-03-13 00:00:00
99c8af04316c292e23ca57d8917db2ad,c05d36c6e2c9dcd92507fdc72e5ce44b,delivered,2018-01-12 16:21:42,2018-01-12 16:31:24,2018-01-16 13:06:54,2018-03-15 20:25:26,2018-02-08 00:00:00
7ea64b9b8029d78ab2a77b1d4df4a008,8e02372092146ab95fb369def067fa42,delivered,2018-01-13 21:13:35,2018-01-13 21:30:04,2018-01-17 15:33:52,2018-02-06 17:28:50,2018-02-15 00:00:00
86c94a0d5411b58234ceb4ddda0ee6c1,95b61375b8db1edef592263d82896801,delivered,2018-08-09 14:08:20,2018-08-10 03:15:21,2018-08-10 14:13:00,2018-08-21 17:32:51,2018-08-23 00:00:00
83356f1b8d875976b75b83c623f73546,e44baab954ccbbfb965518ca818b36a8,delivered,2017-08-02 13:03:12,2017-08-02 13:15:15,2017-08-03 18:22:27,2017-08-07 17:43:19,2017-08-24 00:00:00
c160599d4ea4eefa0e420db0a0cc9926,42b8b6afb59c64843d2af64de263c937,shipped,2017-10-27 12:56:40,2017-10-30 07:15:06,2017-10-30 21:37:31,,2017-11-10 00:00:00
ebdd8f60c506c9990015a3ec68997ee1,e60f7509ed8d2f603445374680dcf968,delivered,2018-06-14 22:53:50,2018-06-14 23:19:14,2018-06-15 13:56:00,2018-07-05 23:37:23,2018-07-19 00:00:00
7170daec36d1a1d42734374aff679a47,1bc02a8d09b09dfa1c5e6d332462b248,delivered,2018-05-07 22:08:07,2018-05-07 22:34:16,2018-05-08 14:17:00,2018-05-11 17:18:46,2018-05-24 00:00:00
79d3522a0854c853a4979ff2691abd91,4312e816d88fa8bdb6246878f61cdad5,delivered,2017-06-05 20:52:34,2017-06-06 20:55:09,2017-06-12 06:42:26,2017-06-16 16:46:56,2017-07-06 00:00:00
22f11cab9bb8aa2ae260c43ab69d82f0,1d8d049d2320a51520300f4b41dae8f8,delivered,2018-03-14 16:14:52,2018-03-14 17:15:37,2018-03-23 20:48:26,2018-04-02 17:14:40,2018-05-15 00:00:00
25497446fdd1ad63461e82dd59f92cf4,f0a9125c6f1d3e49fbd7ddccc8fb6259,delivered,2018-04-21 15:16:52,2018-04-24 19:24:43,2018-05-02 15:32:00,2018-05-04 18:38:54,2018-05-25 00:00:00
6e66eeb2dcd054d228cbfdbe27ac10ba,bbd0d7058c24fb7d36bf6885d5b15866,delivered,2018-01-08 14:02:48,2018-01-08 14:11:28,2018-01-16 20:51:29,2018-01-22 14:37:09,2018-02-07 00:00:00
35608f7cae2658ba060f4fec29ee1f81,7dd3ca97fe318346a390afe61293f89f,delivered,2017-02-20 07:54:16,2017-02-20 08:05:12,2017-02-21 12:32:25,2017-02-24 12:34:54,2017-03-21 00:00:00
e56bc2e95abb435cbc48cd0002499852,124c44d3e546ebc14b1f480ac4cec398,delivered,2017-11-30 19:34:27,2017-12-01 09:31:10,2017-12-05 12:48:42,2017-12-07 16:53:35,2017-12-18 00:00:00
3495837ea2ea4a98c76ca37122b2a933,9ad2bb40f5ee7830938a7c6147146376,delivered,2018-03-08 15:59:13,2018-03-09 02:15:45,2018-03-09 22:28:40,2018-04-12 21:27:19,2018-03-27 00:00:00
296354937d156bb322d68e56f8e2729d,74bd86ec34be047727c52fdc45c9447b,shipped,2018-06-18 15:55:12,2018-06-18 16:41:21,2018-06-19 09:24:00,,2018-07-24 00:00:00
71822a8b6993991560c8feb50026203b,e4ca07270aaaf398aca7239ce3234357,delivered,2018-05-23 18:52:36,2018-05-24 18:54:43,2018-05-25 14:11:00,2018-06-04 21:06:08,2018-06-08 00:00:00
459ba095fed4bd99956a2cb32fcffd41,28e262005ecd4861eddb5c0d6f27c1c2,delivered,2017-11-21 09:33:36,2017-11-21 09:53:23,2017-11-27 17:27:09,2017-12-06 01:52:47,2017-12-07 00:00:00
1d6bda6e5595652f956770a32ae4ba0d,c903f7a5a846c6117e671107d202286c,delivered,2018-05-22 00:49:37,2018-05-24 02:18:34,2018-05-25 13:48:00,2018-06-04 21:54:28,2018-05-30 00:00:00
3ce5f19b0313072214db579286e3734c,a7755fd28da8f162785c56eda30e357c,delivered,2017-12-21 18:54:43,2017-12-21 19:09:59,2017-12-22 19:25:51,2018-01-05 21:15:26,2018-01-18 00:00:00
ac02ae4f8159f7bc6f0b5320dd7d5f7e,4acb0cea53596e589d79dd40271c725e,delivered,2018-05-04 15:12:44,2018-05-04 15:33:30,2018-05-10 09:03:00,2018-05-17 15:28:51,2018-06-07 00:00:00
96d3d32268dac080180a2da0140a709b,3ac8f1fd1cdf7bbdcc05ed5385ff7b51,delivered,2018-03-06 11:15:51,2018-03-06 11:30:40,2018-03-07 21:14:11,2018-03-13 22:34:32,2018-03-22 00:00:00
eb84a9e87c375d0dd9d1481b5abfd430,660f09ec2be9dab4f53543c57fbf8693,delivered,2018-05-14 04:14:50,2018-05-14 04:30:54,2018-05-14 15:49:00,2018-05-18 20:54:45,2018-06-05 00:00:00
bd3137fd711a2c0ff1765bafbae489a8,639c4f09f533b9236ee3193f39f0e9ee,delivered,2017-02-21 08:40:39,2017-02-21 08:55:17,2017-02-21 12:23:42,2017-03-03 17:09:08,2017-04-24 00:00:00
cfa2faba61860f34b537dc9a7e42f544,1d664a33f118a2b1dab70bf077984316,delivered,2018-01-30 20:38:58,2018-02-04 23:31:41,2018-01-31 18:14:34,2018-02-14 19:24:52,2018-03-07 00:00:00
5f0950844b0ba28b7a063457f7709df9,f5dc8e2fce64baa9b57e88badcc428d0,delivered,2017-12-08 13:54:39,2017-12-08 14:09:42,2017-12-11 18:10:18,2017-12-14 19:45:54,2017-12-27 00:00:00
28603c1c1a61da3897ea97a1846b1d22,a18586d80f8ed6f6d41d08c66e7f847e,delivered,2017-06-13 15:50:51,2017-06-13 16:10:17,2017-06-14 14:57:00,2017-06-30 14:03:41,2017-07-06 00:00:00
636d45d43d34423e6089d87a1869a4c3,6f1209bb65641b3cf8c669934485a467,delivered,2017-03-06 18:57:55,2017-03-06 19:05:15,2017-03-07 10:55:19,2017-03-15 11:17:57,2017-03-27 00:00:00
afef48d3c8a0b1b7c9b7f8f922fb5674,65f09de0b77ca07963fde8601c6be1fb,invoiced,2017-11-10 16:27:32,2017-11-10 16:50:47,,,2017-12-06 00:00:00
1d77c7c5078be3063af35c806a5dd843,b11d76f67dc034aa0ff605a1069662dd,delivered,2018-01-06 22:30:29,2018-01-06 22:37:23,2018-01-08 20:06:24,2018-01-20 01:08:42,2018-02-02 00:00:00
c5c8bc5afd5caf252e62d89148e0d342,59d897d033a38b312a0384b74e0b3fb9,delivered,2018-06-17 23:15:32,2018-06-17 23:39:02,2018-06-25 14:44:00,2018-06-28 17:38:55,2018-07-13 00:00:00
ed8473472f2378535c5b44ca20306ad7,ce149a268d6f78089c67ba911415d864,delivered,2017-10-12 22:16:00,2017-10-12 22:28:10,2017-10-13 17:27:56,2017-10-26 21:13:04,2017-11-10 00:00:00
f714269036f547389a3e426b33e1e787,0adc4805de3051fab8d98080c6cb2775,delivered,2017-08-10 13:11:23,2017-08-11 04:24:57,2017-08-17 21:54:58,2017-08-29 18:43:31,2017-09-01 00:00:00
b75fb3fad479a8d1dfff143f49f2f76d,6f463a79f3c9e5c6048406464a7d5228,delivered,2018-07-14 20:52:07,2018-07-14 21:03:58,2018-07-18 14:10:00,2018-07-24 17:03:39,2018-07-30 00:00:00
e2e7ed46703108a39d779daeeb8e4f23,713e1c9b84d40f0ec86e5f04fe959edb,delivered,2018-07-14 12:01:24,2018-07-14 12:15:12,2018-07-17 08:54:00,2018-07-24 21:24:35,2018-08-20 00:00:00
85eeda44e93bdd0ac057cdf18179d693,91c2c887a9279ad257b85a27813d16ce,delivered,2018-08-19 18:45:41,2018-08-20 12:50:55,2018-08-22 14:50:00,2018-08-24 19:03:29,2018-08-29 00:00:00
ee567e300ec0ae4dd30d3e26ac581021,9631152c3218e9f00bd87dee439ff6b0,delivered,2018-05-21 19:56:29,2018-05-21 21:36:04,2018-05-24 16:58:00,2018-06-05 21:58:38,2018-06-20 00:00:00
35396f77ed59c57d4b0a6005a7cc23c0,1a85365fe188f3009be6321042f1217d,delivered,2018-06-30 10:50:03,2018-06-30 11:09:58,2018-07-03 07:55:00,2018-07-04 02:49:10,2018-07-19 00:00:00
30833901a5dd334649ed9090a103fc35,d27615a51a5038316cd58427648a46a2,delivered,2017-10-19 20:56:17,2017-10-21 02:49:41,2017-10-23 17:48:00,2017-10-26 19:49:40,2017-11-07 00:00:00
c861c72a760c0b073de162e9e981509b,0383cb4f0f80f571863a2542410f51e0,delivered,2018-05-14 10:01:52,2018-05-14 10:12:13,2018-05-25 13:06:00,2018-06-09 15:51:12,2018-06-08 00:00:00
08869d221628341d81a9dd18a07f625a,a48d8fbdbed3a8b9840c3f6bb5215a86,delivered,2018-05-06 22:31:38,2018-05-08 19:35:27,2018-05-10 15:09:00,2018-05-18 20:12:41,2018-05-23 00:00:00
126e18991a668c9b69e0525f2ba59376,c5d1b0c941bce8ce8c2b3f8273684c8e,delivered,2018-02-09 01:29:01,2018-02-10 01:28:48,2018-02-14 22:13:01,2018-03-07 23:52:21,2018-03-16 00:00:00
c7a102f6b038137e135115a15c791f74,c641e645c883a6ad6f0c0b8f5a5d91b6,delivered,2018-03-23 17:30:35,2018-03-23 17:50:34,2018-03-27 01:11:29,2018-04-11 00:58:48,2018-04-16 00:00:00
914a491b0919b0205dc6fe31c052ac49,e91fad4d3d93870002bad8f5590193d8,delivered,2018-08-03 18:05:37,2018-08-03 18:40:10,2018-08-06 12:24:00,2018-08-24 18:52:41,2018-08-30 00:00:00
41089c08c8d6cdd2964afad8aaa8405b,5fad97b0b396ee2e8ff1af56d659d0cb,delivered,2018-02-22 18:41:33,2018-02-22 18:50:40,2018-02-23 20:07:36,2018-02-28 16:52:30,2018-03-08 00:00:00
a70ff61f0d853a260f33d7a6cda42e8e,98ef3111c052c31ff3ae78c26c0cf04b,delivered,2017-11-01 14:10:32,2017-11-01 14:26:04,2017-11-07 16:36:55,2017-11-30 21:28:54,2017-12-12 00:00:00
3ffb5839790306f5e88e8319508dae29,e5f65110b354e660abf6ba77dd78c4c3,delivered,2017-05-19 15:28:55,2017-05-19 15:42:49,2017-05-22 15:53:38,2017-06-02 09:13:23,2017-06-12 00:00:00
4e2684a10a34219d0106d1623609652c,7e7f09357837fdeeaea18c4605c2be77,delivered,2017-05-06 23:29:14,2017-05-06 23:42:17,2017-05-12 06:27:34,2017-05-22 11:54:50,2017-06-08 00:00:00
9260fe164cbc9a78f0fbea132c3072d7,2ce148b3f9b7dc18d6dcf55b2cd603fa,delivered,2017-11-24 15:43:48,2017-11-24 19:17:23,2017-11-27 18:52:10,2017-11-30 16:09:19,2017-12-14 00:00:00
a5504f1984f84201ce8630f9b7df369d,ace09d14d303bd3ca7346b9273f3a824,delivered,2018-05-12 19:15:40,2018-05-12 19:30:16,2018-05-21 16:12:00,2018-06-15 19:08:43,2018-06-07 00:00:00
ee09dcda8e3b3acff396f084582c8c8a,d9d79b377ee54800bfac2b94fe09ca2f,delivered,2018-07-20 13:24:24,2018-07-23 11:31:53,2018-07-26 15:05:00,2018-07-30 15:24:41,2018-08-14 00:00:00
f8b3a190c48ca5261da8494b51c540bd,54ac14c3edc253de071e90f1e541bffc,delivered,2017-11-05 15:56:14,2017-11-05 16:10:28,2017-11-06 19:33:24,2017-11-14 22:59:46,2017-11-28 00:00:00
73f9e7745dc950ef3b9ecc24fbfcf6e4,d01e3ba3f38a8c91324705cda56cb1ec,delivered,2018-03-02 15:59:02,2018-03-02 16:31:39,2018-03-06 23:38:32,2018-03-19 18:54:38,2018-03-26 00:00:00
69bd4e4ff1a990052d8ae84b843ee045,c1906a6ec5d769197497ee2c619f97b4,delivered,2017-05-28 15:54:02,2017-05-28 16:05:07,2017-06-01 16:26:35,2017-06-12 11:54:57,2017-06-21 00:00:00
8914de0f43ff7668bb9b82fd774629ef,e59277b168390718b57dd1f0fdbd6306,delivered,2017-10-10 15:57:19,2017-10-10 16:08:52,2017-10-13 21:36:53,2017-10-18 15:56:15,2017-11-03 00:00:00
6da2f53b79a45c8701e66f227cea7955,53ccb31f1af2d83726c2943b32357f17,delivered,2017-11-03 02:43:08,2017-11-04 02:35:24,2017-11-06 20:18:34,2017-11-17 18:49:02,2017-12-08 00:00:00
7a5b3f682886d750ce6eae941ad0d793,878d8c63b45f5785836732d642ec2a16,delivered,2018-06-07 17:40:22,2018-06-07 17:58:48,2018-06-08 09:20:00,2018-06-12 12:32:35,2018-06-25 00:00:00
c8e8f8ab00ec5d13a1d93718f5af9e4a,136e5f727307a6bed0a74338d7ee9a3f,delivered,2018-08-16 17:00:18,2018-08-16 17:10:16,2018-08-22 13:47:00,2018-08-27 15:11:11,2018-09-06 00:00:00
222ca921eb7f9e8bb4fd4cc5af27d943,61554a130b1e37aeddb8828c8fe5c4a4,delivered,2017-08-25 14:11:59,2017-08-25 14:25:11,2017-08-30 19:57:58,2017-09-04 17:11:20,2017-09-22 00:00:00
e31b902db540d867cf64c82630abfc61,379ee4762769a6a5267ecb041c89104e,delivered,2017-10-27 20:25:06,2017-10-27 20:46:06,2017-10-31 22:29:30,2017-11-10 18:52:45,2017-11-28 00:00:00
dafb12075abc3168e9addb5ccf7a02c5,a623062e2e6941fa9cc54558ea3229a6,canceled,2017-07-16 21:59:33,,,,2017-07-28 00:00:00
a5eb6930340dbd674f7f881269ce9579,cc908e0395e8cfbdaee7e977c033746b,delivered,2017-08-03 14:11:05,2017-08-03 15:15:15,2017-08-04 13:23:07,2017-08-12 14:20:06,2017-08-23 00:00:00
94cb2dc75a318daa6b70375697c4d3ed,5a4b754ec98d34c53658d10de7b1f620,delivered,2018-02-13 16:10:17,2018-02-13 16:27:10,2018-02-20 23:18:33,2018-03-05 18:39:44,2018-03-08 00:00:00
81edaf58687cb71cecc077db78dd57ec,150af294754bba42dcb29e19b7e09c19,delivered,2018-06-16 22:50:20,2018-06-17 22:58:54,2018-06-18 14:10:00,2018-06-25 20:58:40,2018-07-17 00:00:00
aeef7d3d012337cf78f2deec426bb46c,a014a75050a792fab507b0131d442b32,delivered,2017-03-27 00:16:39,2017-03-28 06:42:35,2017-03-30 10:34:48,2017-04-07 09:53:59,2017-04-24 00:00:00
fe393d2abc096e78011cdc0bb5b3e776,9bbb164bce1773571bde10037092bc42,delivered,2018-02-17 16:59:08,2018-02-17 17:10:24,2018-02-19 20:43:46,2018-03-02 01:15:05,2018-03-09 00:00:00
294d70a37f9e32ceb08958fd03ee49fc,6543393dbd7da4c36d67ab82914d750c,delivered,2017-07-17 21:58:56,2017-07-17 22:10:18,2017-07-18 12:28:39,2017-07-19 16:57:37,2017-07-28 00:00:00
7a593091662f42d413aaa255a1da5e81,129dc6f70fd033ff1b8c267daf0e0298,shipped,2018-03-19 10:57:37,2018-03-19 14:10:37,2018-03-20 23:02:51,,2018-04-19 00:00:00
21dcd2fcf462127526881cdf07741ab7,c1d18d1cc766c7f36c4c42d7fc32a609,delivered,2018-05-08 18:37:43,2018-05-09 19:34:06,2018-05-10 19:07:00,2018-05-14 22:10:49,2018-05-29 00:00:00
91021949691f50cf0608e62a2b5efb31,8a84ce464e8139c8a6a20ed9289b12a5,delivered,2018-05-10 17:45:55,2018-05-11 03:10:52,2018-05-11 14:17:00,2018-05-12 15:22:19,2018-05-24 00:00:00
fd863d3852b0a9ebf6b0669312fb71b3,6719f20371d31cb16a4b76b7e2d1cfe3,delivered,2018-06-10 08:43:48,2018-06-12 04:17:45,2018-06-12 15:44:00,2018-06-19 19:42:47,2018-07-16 00:00:00
9835adc5025c5e457d80894eb4f3ed4a,4bb18efca428af4eea2d3c7bc8c6596e,delivered,2018-01-04 12:02:33,2018-01-04 12:12:29,2018-01-09 17:04:48,2018-01-23 21:29:04,2018-02-01 00:00:00
1d26b193d715a5362a2ce64676a9e0a0,4af1cf58702f9a59d4e3c02301ae461d,delivered,2018-03-05 16:02:07,2018-03-05 16:15:48,2018-03-06 20:14:49,2018-03-13 14:51:16,2018-03-29 00:00:00
d19f4ab4bd008d9b26f5eb3afc6cc251,b71d390fe8dc57d420c1e5bf672fe8ee,delivered,2017-05-29 10:25:47,2017-05-30 02:42:42,2017-06-01 12:05:02,2017-06-06 14:17:29,2017-06-09 00:00:00
650f5af6e97eb26968ad6397615c3b7d,9357df5cd335e221640e65e674eeb3ff,delivered,2018-03-08 01:46:55,2018-03-08 02:10:31,2018-03-12 18:42:45,2018-04-12 21:10:36,2018-03-29 00:00:00
7758efb652718b8224924d2ada0ad50c,75b742fd3919fbe920d6ae8a2b4e14e1,delivered,2017-10-28 19:50:21,2017-10-28 20:05:50,2017-10-30 18:04:59,2017-11-06 20:15:07,2017-11-21 00:00:00
360d76d7c241f62303fa5ffda2197daa,35c4ec67fc777b98caee64bd92e37276,delivered,2018-01-25 12:34:34,2018-01-25 12:59:33,2018-01-26 17:29:06,2018-01-31 17:35:22,2018-02-09 00:00:00
8ab08a832f16966f270a9bbffe395cfa,8b51e4bda546aa5454419448c305a7e3,delivered,2018-01-11 13:49:32,2018-01-13 04:55:10,2018-02-27 23:06:53,2018-03-09 22:04:14,2018-02-09 00:00:00
4abd25ff34f0b324cadc39a6529b05c8,48fd5f9b1d184c27ecb32729042a3200,delivered,2018-03-30 21:23:47,2018-03-30 21:35:16,2018-04-03 00:34:36,2018-04-12 19:58:30,2018-04-24 00:00:00
459966d40a5da1b469e57a0824ad08f2,668ff606a358230c1204757616500c95,delivered,2018-06-27 08:32:02,2018-06-28 02:15:36,2018-06-28 13:16:00,2018-07-09 19:48:49,2018-08-01 00:00:00
226bc0c2f038af61a10705e253ef0d6a,0f657c8b0636781290d265e0bdacfbe5,delivered,2018-07-16 12:00:49,2018-07-16 12:15:21,2018-07-17 14:03:00,2018-08-10 19:51:46,2018-08-07 00:00:00
2daeb5c4ba54c3f15aedbc5546eebd4d,f71e45be96467de0a803e7c24ac235dd,delivered,2017-06-16 15:49:00,2017-06-16 16:03:44,2017-06-19 09:51:57,2017-06-24 09:52:22,2017-07-13 00:00:00
b9cc0087ac70da1f27b5c2b6d4f78600,579373e314e23d51cd992969b574a0fa,delivered,2017-10-05 19:38:32,2017-10-05 19:49:21,2017-10-11 20:24:53,2017-10-19 20:58:10,2017-10-31 00:00:00
4ef066c3099dcff818ee6123fe0f8195,ca7852d5cebcef492e32d92050eea7d1,delivered,2018-04-18 11:11:51,2018-04-19 02:51:09,2018-04-24 19:07:05,2018-04-25 19:36:47,2018-05-03 00:00:00
2e72051a5ea424279a106185004222bc,98d3f1497f563a04b97f938cf60a95eb,delivered,2017-04-05 10:55:28,2017-04-05 11:05:14,2017-04-05 11:31:48,2017-04-07 09:49:51,2017-04-26 00:00:00
94ba7fae290ee6077e0e28a4ef7b693e,861782a28c13ab2bef0a7d1fdb70bd37,delivered,2017-12-10 08:58:19,2017-12-10 09:10:02,2017-12-14 18:52:00,2018-01-04 16:06:49,2018-01-05 00:00:00
bac2b6fc8f5a8adbd94a4f4ed0f510d1,278e1994234ea87886e366e439a407a3,delivered,2018-01-04 09:07:39,2018-01-05 02:37:51,2018-01-08 21:16:22,2018-01-17 11:26:58,2018-02-02 00:00:00
169dbd59d432dd792647dc89ba948d40,fc024c596725f743f0d7bff1b3786457,delivered,2018-03-18 21:51:49,2018-03-18 22:07:45,2018-03-19 23:07:30,2018-04-18 13:04:31,2018-04-20 00:00:00
73130e7702a070351d67c7859ed9e12a,9a27ec65232b3c605bf532a2506045d5,delivered,2018-05-03 03:40:01,2018-05-03 04:32:59,2018-05-03 13:33:00,2018-05-04 19:42:52,2018-05-15 00:00:00
11609008a7e4bb0256bcfd643ebc6a7f,fbd93990fcbda517a7c376246180a358,delivered,2017-11-09 23:46:55,2017-11-10 00:06:34,2017-11-10 18:11:11,2017-11-21 18:12:24,2017-12-04 00:00:00
20e966193a16a101f6a264df9dd92968,f90c709a935c79bd0451739c56511ff3,delivered,2018-07-02 22:42:14,2018-07-02 22:55:08,2018-07-03 13:34:00,2018-07-11 15:28:32,2018-08-01 00:00:00
e44ab38a09c7c1c8491ba831c5527914,98f2de76457ee90e5d8b763c25c734de,delivered,2018-02-28 10:21:31,2018-02-28 10:35:42,2018-03-02 17:51:52,2018-03-13 19:23:46,2018-03-23 00:00:00
ff4016a97eee56d25f0e97b360d5eefe,fe14033a61feda571d5927c670fb9bff,delivered,2018-07-16 19:20:36,2018-07-16 19:35:16,2018-07-18 14:35:00,2018-07-27 16:17:07,2018-08-09 00:00:00
ffc16cecff8dc037f60458f28d1c1ba5,bca26aa1960632e9fcb269e5eb8faabd,delivered,2017-11-21 19:25:15,2017-11-21 19:34:24,2017-11-23 18:38:50,2017-11-25 13:07:03,2017-12-01 00:00:00
c4e4f418e16546c854c899cde06a3385,adc5ab32626c83187d0614706e1a5e58,delivered,2018-05-16 11:35:34,2018-05-16 11:58:20,2018-05-16 11:41:00,2018-05-22 18:13:30,2018-06-06 00:00:00
4a45f9f66971302cf881ecfa142f42ba,ccd6a4af78390b7ae560c1cc1cb1a2ff,delivered,2017-12-23 19:03:24,2017-12-23 19:13:20,2017-12-28 15:13:58,2018-01-25 22:17:15,2018-01-29 00:00:00
982f11c6a768ad4cd2c08c45b259e5a8,0b7651ec101b5e85956d6cd186adcbc2,delivered,2018-05-22 22:45:50,2018-05-23 00:38:56,2018-05-23 14:52:00,2018-05-24 15:42:00,2018-05-30 00:00:00
23cc7aa90e16bd6d589dcc92c67c914e,da5982cf1739b87bf01693678d31cdb3,delivered,2018-03-09 13:03:17,2018-03-09 13:15:26,2018-03-13 00:16:29,2018-03-31 18:56:45,2018-04-04 00:00:00
64eeb35d3ade7fcdff9fbb1ca5175bcf,d00827c5fac201b079be8af3a7fc9f08,delivered,2018-08-16 07:55:32,2018-08-16 08:15:14,2018-08-17 10:40:00,2018-08-23 00:09:45,2018-10-04 00:00:00
d0e63077f6007e4a398345cfb93225ac,db6c660d9e74e438134fe4085d3383eb,delivered,2017-11-07 22:02:05,2017-11-07 22:15:31,2017-11-16 10:11:05,2017-12-01 19:34:43,2017-12-13 00:00:00
066da535b01be4b26ca70864a62d92e1,17575cf5c2a523e21115d818fd467253,delivered,2018-04-07 23:44:38,2018-04-10 03:49:31,2018-04-10 20:21:30,2018-05-22 22:36:24,2018-05-15 00:00:00
e6ed19491b2a8932cadafcf68e2745e3,1b5f04113a525155711b0603c69ef723,delivered,2017-08-11 21:11:29,2017-08-11 21:50:18,2017-08-15 17:25:00,2017-08-28 09:48:50,2017-09-04 00:00:00
4450472f01f7fd687ccf5cfc12a12eef,e8e5b48e333a470d023ca944e6541d6b,delivered,2017-11-18 01:05:37,2017-11-22 03:16:23,2017-11-22 20:46:47,2017-11-23 20:44:54,2017-12-01 00:00:00
91fcd0f8ef7c38a54003f5f4a236dd0c,3fa30c21a4432c13d4996c374191f4c0,delivered,2018-05-15 21:04:28,2018-05-15 21:15:31,2018-05-16 10:38:00,2018-05-21 20:21:39,2018-06-07 00:00:00
b876459be8cda353e0830b7ce970e067,3e4da72fb0173f9f994ee85a0d01a140,delivered,2018-08-02 21:24:24,2018-08-02 21:35:18,2018-08-03 14:18:00,2018-08-21 00:28:39,2018-08-16 00:00:00
e669f037ffe4a64a1bd28bc8d9c97d34,17f43f11fb46d92e981d533228ccdf59,delivered,2018-05-08 08:01:17,2018-05-08 08:15:47,2018-05-10 18:29:00,2018-05-16 13:49:26,2018-05-29 00:00:00
0a9f89404bdc46f9d6be1c8c0226ba85,37dbceec9ec09c507522d791301df431,delivered,2018-03-02 17:28:49,2018-03-02 17:49:31,2018-03-06 19:55:02,2018-03-16 15:28:54,2018-03-27 00:00:00
f7b736bf93ccc535ded543a109635e28,b168386e2703ba84ac9e51d038731270,delivered,2018-08-14 21:08:29,2018-08-14 21:24:05,2018-08-16 14:53:00,2018-08-17 21:05:15,2018-08-23 00:00:00
4d534c410387ea8b416873bd900d1b40,d83a7e09753bfb23e7f23853b6f91ee9,delivered,2018-03-08 20:10:54,2018-03-08 20:29:10,2018-03-12 21:18:34,2018-03-13 21:12:24,2018-03-21 00:00:00
e1a9a4e68f9e918e0b27952d64dc51f8,5e887eb80d189ce9c80ab2d56d4a0f29,delivered,2018-01-29 00:04:05,2018-01-29 17:55:19,2018-01-31 13:36:25,2018-03-07 22:25:32,2018-03-05 00:00:00
60bb02359df66816035993b8130945e7,437a11fac2c2620588bd20096cd7051e,delivered,2017-05-10 12:21:59,2017-05-10 13:02:55,2017-05-11 10:25:25,2017-05-19 13:13:15,2017-06-02 00:00:00
4148591d51d8741aef65abefd186887b,86d870bc6aaa37f7c193f9b2d19b8015,delivered,2018-04-20 17:09:14,2018-04-24 18:57:29,2018-04-23 21:48:43,2018-05-08 16:48:46,2018-05-22 00:00:00
32bde441c2a8669167988229bcafe2d7,25efd76e2a587902b55689c2d3eaea8c,delivered,2018-05-26 09:27:50,2018-05-26 09:50:02,2018-05-28 13:19:00,2018-06-16 14:08:53,2018-07-03 00:00:00
fe49c4a1416840f8ed6bd36daac85aae,88ed0ffd90c7e0c8ab95752a16f01d2c,delivered,2018-06-19 12:00:08,2018-06-19 12:18:31,2018-06-25 09:15:00,2018-07-02 19:24:40,2018-07-18 00:00:00
b40a211d71d4ae25b0be4be0e539fe25,b2812bd485f3594db213cc3c786c2c70,delivered,2018-05-19 15:54:48,2018-05-19 16:19:13,2018-05-22 11:05:00,2018-05-24 15:18:24,2018-06-07 00:00:00
a854d06f865577c1a097985385896d42,fd6eb9abeb780067580abc6384a9ef39,delivered,2018-06-20 13:09:20,2018-06-20 13:38:09,2018-06-21 14:12:00,2018-06-27 12:56:42,2018-07-18 00:00:00
0596e04bc1e3bb1649cf6d1f8545e5eb,293ef520846cc863d3bf09df2e5245a0,delivered,2018-08-13 16:53:34,2018-08-13 17:10:09,2018-08-14 15:55:00,2018-08-22 00:02:37,2018-08-23 00:00:00
17f1e34933ddc8813aac392cf52fc5ba,4f7c8c8a0c6a897ec1bef8c92c8959fe,delivered,2018-02-08 18:26:45,2018-02-08 19:20:34,2018-02-09 23:33:18,2018-02-16 21:37:14,2018-03-02 00:00:00
fe3fe238d066fcabb1fe969d182573e6,336588dd3bcee786be896211f3c19138,delivered,2017-06-18 16:07:55,2017-06-18 16:25:11,2017-06-19 21:15:15,2017-06-28 12:23:49,2017-07-14 00:00:00
ccfc484fcb27730cc6594fdbd1dd1c88,bc46e1900c9797ebbe427178196fdab1,delivered,2017-11-17 19:51:52,2017-11-18 02:35:35,2017-11-24 18:34:01,2017-12-08 01:54:37,2017-12-14 00:00:00
474422ad1854778feb30bf77b7801bf3,edf0ceceb15b92d2b85852266f00e41b,delivered,2018-04-18 13:03:15,2018-04-18 13:15:22,2018-04-19 18:06:42,2018-04-30 12:08:58,2018-05-10 00:00:00
1cd399dcea276c15247818674bb83c63,f993b0045d93d3f6c49417bc141e3161,delivered,2017-06-19 11:56:27,2017-06-20 10:35:23,2017-06-27 10:51:30,2017-07-03 14:51:21,2017-07-11 00:00:00
99ae4dfbf51fa5875227d43e7b5c95c1,e6746025c842eea668be9825f0476359,delivered,2018-08-24 18:47:44,2018-08-24 19:04:08,2018-08-27 09:43:00,2018-08-28 11:12:00,2018-08-30 00:00:00
43004196fdbcc54ae90a84736bb13afe,0e44a2576bb7c61c931ec4db9f5db5ce,delivered,2018-06-11 17:20:15,2018-06-11 17:40:05,2018-06-12 13:49:00,2018-06-19 13:40:57,2018-07-03 00:00:00
bea1416bda62c3b5fb9ecdad82621058,7b2202e457980bbe38a595122736116a,delivered,2017-06-13 13:34:19,2017-06-14 02:15:51,2017-06-14 14:29:59,2017-06-19 21:07:56,2017-07-06 00:00:00
9abfcdf89ba71476090b2c80fb6ecada,361416d575772f5f3a27a919f1c796ee,delivered,2017-10-08 19:25:19,2017-10-08 19:35:24,2017-10-09 18:03:15,2017-10-12 14:09:12,2017-10-25 00:00:00
e1c27845029801e7461bce7d580db092,9d9b4d0f33eff32fc19b99d73ea7f9db,delivered,2018-04-15 17:04:40,2018-04-17 22:12:24,2018-04-18 23:41:53,2018-05-15 14:12:55,2018-05-11 00:00:00
04b23c68df88327f687ea03eb2f34d7e,90efed13526439903b044c40844a38f3,delivered,2018-02-09 20:41:26,2018-02-09 21:20:26,2018-02-16 15:13:53,2018-03-12 17:34:30,2018-03-07 00:00:00
b0aab812f60f61971b4695951d09766d,a70c2efa2aed78b31d5f40e0b2e6b99b,delivered,2017-02-17 10:01:37,2017-02-17 14:55:09,2017-02-23 12:56:02,2017-03-02 10:51:53,2017-03-24 00:00:00
3d352a1e37d7eabd08d9104244fa0e21,7012918b3e6f74df5ac98f8eb735b12b,delivered,2018-07-31 18:50:26,2018-08-01 02:44:16,2018-08-01 12:21:00,2018-08-06 19:38:35,2018-08-09 00:00:00
a43bf41cb94b07041262735892521605,29fac21a28f8aa4ae82030aa5f586620,delivered,2018-04-06 10:35:26,2018-04-06 10:50:16,2018-04-09 17:42:00,2018-04-30 22:32:54,2018-05-04 00:00:00
cbd0b1bfca1e8dbbdf17f34ac37e1129,0b4e456c57095f6f805c6f0774fb79f4,delivered,2017-10-12 09:19:59,2017-10-12 09:35:18,2017-10-17 18:47:46,2017-10-30 14:04:54,2017-11-10 00:00:00
aab7f3f00c73e3e209b6e84412a3758b,c51460dcb59443d89846e238653f6002,delivered,2017-08-07 10:25:57,2017-08-07 10:35:23,2017-08-08 14:42:13,2017-08-14 16:17:38,2017-08-31 00:00:00
1cb4d27eb9d959e7c803e6886b8f1552,b97047ecd83b1bf7e6ce76b89168e9e4,delivered,2017-11-27 10:36:19,2017-11-27 11:17:25,2017-11-27 21:10:38,2017-12-14 19:14:43,2017-12-20 00:00:00
4bd59c9149ad4be79cbc3dc2c2ef76af,90aa25ba657c2ef8528494e4f5e99abc,delivered,2018-03-05 11:09:37,2018-03-06 03:48:51,2018-03-07 20:08:02,2018-03-12 20:24:48,2018-03-21 00:00:00
7421a871e3fe41d29fd7dcc9b3be5544,0c8245c152ff3c334a3e64f49f7bc33c,delivered,2018-03-22 23:34:42,2018-03-22 23:50:22,2018-03-23 18:28:55,2018-04-10 19:52:10,2018-04-17 00:00:00
756707b801841459446c7e0e8c0862bc,c4eb325091a03f5a95a8b188eea38273,delivered,2017-10-19 10:00:15,2017-10-19 10:14:32,2017-10-19 21:15:50,2017-10-26 13:23:13,2017-11-08 00:00:00
ceabb3e5878fd35ef9451cb2aeda20b1,1671f344bd401d0cc0ba2869cf2ae973,delivered,2017-05-30 17:29:14,2017-05-31 17:35:10,2017-06-01 08:38:15,2017-06-13 14:38:16,2017-06-20 00:00:00
f7286cad79bffb23e77a11e113977387,299d01f5fc62b1fffd24b2bc8a3745db,delivered,2017-09-20 19:35:49,2017-09-20 19:45:40,2017-09-22 17:26:54,2017-09-27 19:15:35,2017-10-13 00:00:00
633d97d8ad5f705ead6c58358a8bc827,1b937fdca3d63e703ac55efcbffca362,delivered,2017-11-29 13:35:22,2017-11-30 02:22:30,2017-11-30 20:42:15,2017-12-19 09:07:27,2017-12-27 00:00:00
3e18227567dbe13ebe679ef9eea4d872,b7e657b12cba6b628653085d819ba8ed,delivered,2018-05-07 22:48:44,2018-05-08 10:15:59,2018-05-08 13:37:00,2018-05-18 18:27:50,2018-06-04 00:00:00
19e50267c874c90f2a5a2bc9c2719e2b,b2e70d3def6e8c63a635a26a7915159b,delivered,2018-05-19 14:46:42,2018-05-22 09:14:22,2018-05-22 14:16:00,2018-06-06 19:22:44,2018-06-06 00:00:00
ae1a1856425e1feb9fe7371ef9132616,537c2a32c37a1b1803f55b255f2fce37,delivered,2018-04-26 21:32:01,2018-04-27 03:30:42,2018-04-27 14:44:00,2018-05-18 13:09:53,2018-05-25 00:00:00
7904ad4690e52067be7de5f91f2ad3b3,46f8c73c4480f31445e62eff7d2a5d3c,delivered,2018-07-22 19:13:15,2018-07-23 12:32:11,2018-07-23 16:21:00,2018-07-24 19:46:29,2018-07-31 00:00:00
1ac347121eefa52ab9ed2cb87693afb0,f84d4f781159bcacddf2359446f5e346,delivered,2017-05-25 22:40:09,2017-05-25 22:50:13,2017-05-26 11:56:08,2017-06-05 13:47:57,2017-06-21 00:00:00
ce2e637f27a33a1fd345f4844e866449,2eb17db1dd21795d769b6c17ff59f470,delivered,2018-06-13 10:08:56,2018-06-13 10:36:16,2018-06-13 12:38:00,2018-06-20 21:51:50,2018-07-16 00:00:00
b60e4bb897c3faf7417e11850072fab0,9c78a4b143253799ac3fc65d6dd8e2c4,delivered,2017-11-25 18:41:10,2017-11-25 18:52:35,2017-11-28 19:56:54,2017-12-16 18:09:21,2017-12-15 00:00:00
26aa7fd8593cb211c78df356f45b4cbb,7c2ea04fa08bad623b28654dfc2801fc,delivered,2018-01-19 14:33:57,2018-01-19 14:57:11,2018-01-23 22:55:38,2018-01-30 10:15:04,2018-02-09 00:00:00
1fa8e437e5fc2d62dee8989fd5e8df97,cfb5969d922ce93f09fe5f973c734a01,delivered,2017-09-26 16:04:10,2017-09-27 10:25:09,2017-09-27 19:43:19,2017-10-02 22:45:59,2017-10-19 00:00:00
1254db2858a5edb97a4c724409299e13,541b8feff9af77de5253a26c7b2dd7b9,delivered,2018-08-05 22:14:53,2018-08-05 22:25:11,2018-08-10 19:12:00,2018-08-13 23:08:48,2018-08-13 00:00:00
4abe45d3258a19bc521cdd64b940acf1,9fad0cbea18c67d95c21db7c76670226,delivered,2017-06-20 21:01:58,2017-06-20 21:15:14,2017-06-29 16:57:25,2017-07-04 13:35:39,2017-07-04 00:00:00
57da72fe3874a5e5770131fc98e0b309,e3bbd34655b1092f73e7575705d5c465,delivered,2017-10-22 17:10:35,2017-10-22 17:26:00,2017-10-23 14:08:46,2017-10-27 16:51:19,2017-11-09 00:00:00
571a8f73010bc659b5a692e9d3db0480,06e3ab9b654241d5b8d94c4b5e25f705,shipped,2018-05-07 01:24:47,2018-05-08 20:32:01,2018-05-15 14:38:00,,2018-05-29 00:00:00
2a979e13109e885e514dd6e33ea99895,cb77f3d2b5dc3e69b9cf55ada50e0c09,delivered,2018-05-22 15:56:21,2018-05-22 16:19:39,2018-05-23 14:22:00,2018-06-08 22:42:24,2018-06-11 00:00:00
f03980d2c3fd228857ee4af323e301a1,f9174e0cd78caf5d444cab8479868979,processing,2017-11-27 13:26:43,2017-11-27 13:39:34,,,2017-12-15 00:00:00
e1174d9bb5f8e6dcc490106c8c6b1bd8,414ee807f9a069ff6fa70d9580089f79,delivered,2018-01-29 14:28:17,2018-01-29 14:51:15,2018-01-30 21:25:13,2018-02-15 19:07:49,2018-03-01 00:00:00
43e13541e43361e50ca0f4f18e4a4863,5f063b22160f5b66dd74ab507d230169,delivered,2017-12-07 19:47:54,2017-12-07 19:59:32,2017-12-08 22:48:44,2018-01-10 22:43:48,2018-01-12 00:00:00
206a3a8906ca90cfd9c9d3b330e518d3,d9cd408455221dba113986ba36665863,delivered,2018-03-13 14:41:48,2018-03-14 02:50:51,2018-03-14 18:38:35,2018-03-21 02:42:31,2018-03-29 00:00:00
3598d5876c343ad3d9699be24dc09b8a,68d54b6b1f24a481a2f472046153c118,delivered,2018-05-17 17:15:08,2018-05-18 02:14:37,2018-05-18 14:19:00,2018-06-07 15:24:52,2018-06-05 00:00:00
f4b9868b45403be3ef96c4f41744570a,4e8d063c46d7a41b91f4b53eda447c7f,delivered,2018-06-19 12:11:42,2018-06-20 02:54:58,2018-06-20 14:21:00,2018-07-03 02:58:53,2018-07-27 00:00:00
314313f56bd89ca04231bb9378291806,c0982cbfc1f224dc1db422f982f4376a,delivered,2018-04-23 21:10:23,2018-04-24 19:06:33,2018-04-26 14:43:00,2018-05-03 22:26:48,2018-05-17 00:00:00
c52fb5a3a299efd957043c432ca93553,79504a5baca12dda1230e34effa970d7,delivered,2018-04-13 20:23:03,2018-04-14 15:32:55,2018-04-16 23:32:42,2018-04-17 23:19:12,2018-05-07 00:00:00
b479bb7a8182b9fcf71fccba6cfcf859,a976df9e4b96d8809d7389dc2b51c0b4,delivered,2017-11-09 10:20:31,2017-11-09 10:35:32,2017-11-10 19:21:30,2017-12-01 19:32:12,2017-12-04 00:00:00
13cf8836b6a3654748e09e70c6ab4f4d,21cfa0d3860a6887e90e02e4b37e8940,delivered,2018-02-02 21:18:45,2018-02-02 21:30:34,2018-02-05 21:58:48,2018-02-16 15:23:29,2018-03-01 00:00:00
1ae30c5681d6d6b47eec63792fda4ff1,741040bf9b7fea26de777b52d3c48328,delivered,2018-04-23 21:37:40,2018-04-24 18:33:50,2018-04-24 18:38:58,2018-05-02 20:23:47,2018-05-21 00:00:00
437da4479f6a9e80c0f69e98a85f48a0,1b2ae93ce93f0b820358bd22b27a9837,delivered,2018-03-04 21:08:28,2018-03-04 21:48:28,2018-03-06 19:14:53,2018-03-09 15:12:35,2018-03-15 00:00:00
b8a4cbf978ddb7ef0264c480a122329f,0c9250b6e51b94c3250b3992631fb100,delivered,2017-01-27 11:36:22,2017-01-27 11:55:47,2017-01-27 12:30:55,2017-01-31 11:57:36,2017-02-21 00:00:00
01dd912bf415bd6f499af600aebdb866,35d1d4cb6cb9997376abb3d7e1a97b19,delivered,2018-02-09 23:35:00,2018-02-09 23:48:16,2018-02-14 21:16:34,2018-02-16 11:38:58,2018-02-23 00:00:00
04f9ef79f6d6439da363d065445c2325,8cde4b3a00b6db8b6604a2553cf0c78a,delivered,2018-05-16 16:50:24,2018-05-16 17:21:28,2018-05-17 12:46:00,2018-05-21 21:15:53,2018-05-30 00:00:00
7cb960e4db19c8f1728b07b97fc8bacd,393c8e557940bae425ca66ee5a803291,delivered,2018-02-23 17:30:08,2018-02-23 17:49:30,2018-02-27 19:02:41,2018-03-15 19:21:20,2018-03-19 00:00:00
94e8d2b7d72b40f0392a9398aae8b46b,8b0c382e81940a3cf58eb028a756aeaa,delivered,2017-07-03 23:04:26,2017-07-03 23:23:28,2017-07-04 15:45:04,2017-07-12 16:21:42,2017-07-25 00:00:00
abd354c184e0394672290b846384b3b3,f9a20af88c4a471038ee26f502abecc2,delivered,2017-06-06 14:01:29,2017-06-07 02:50:07,2017-06-07 10:07:52,2017-06-08 13:37:31,2017-06-20 00:00:00
04a1e228e53006582fabe65a7767258c,270149cb3f66b7edaa4645d21c7ff646,delivered,2018-05-12 19:34:22,2018-05-12 19:56:38,2018-05-15 07:48:00,2018-05-18 20:14:41,2018-05-30 00:00:00
a3d974992b6e4d46af6f3c6259ad725d,88782b2c9e75029d37432e25fdd9839c,delivered,2018-08-16 16:50:31,2018-08-16 17:09:09,2018-08-17 12:37:00,2018-08-29 17:38:45,2018-09-03 00:00:00
31db96cf06ad051a3d234fc35ea2488a,98b6c7d5318c95d0bf714d786ac0eed2,delivered,2017-12-10 11:32:22,2017-12-10 11:38:21,2017-12-11 21:34:23,2017-12-27 22:40:06,2018-01-16 00:00:00
d7a3323d7301fb3fcdbba1385ae56042,42c396811787a52f31ecfe9e7e0841d5,delivered,2018-03-19 16:43:41,2018-03-19 16:55:58,2018-03-20 22:22:30,2018-03-24 19:03:47,2018-03-29 00:00:00
6581c3a6471126317f93733a373b0eaf,216bb67e5cf120c382038ecb86b5fbe9,delivered,2018-02-25 20:07:57,2018-02-25 20:27:43,2018-03-05 21:53:08,2018-04-18 21:47:19,2018-04-03 00:00:00
9857f54859b9fdd422603774883d90ae,00b78d0d0484fc9f3e1138e1ab752db6,delivered,2017-12-04 08:36:15,2017-12-04 09:16:50,2017-12-08 01:12:43,2017-12-12 13:59:15,2017-12-29 00:00:00
9aa048e5cf0be9f697cc0fe8d1e0d6db,6901dc5c2acd5cf1e428f3384d9a1938,delivered,2018-03-20 14:07:40,2018-03-20 14:29:55,2018-03-29 17:38:02,2018-04-11 12:40:01,2018-04-13 00:00:00
17af00a7d6a2c7f01a870122f1b2c92b,032ecf6afa4af219d338d03dd4f80f65,delivered,2018-06-20 12:30:41,2018-06-22 04:36:05,2018-06-22 14:11:00,2018-06-26 22:38:34,2018-07-03 00:00:00
4a57c473825a49217f1360b23fce6e65,aecb00735827bbb3264dd07c1250fa08,delivered,2017-08-20 15:18:23,2017-08-20 15:30:14,2017-08-22 15:03:41,2017-08-29 15:35:06,2017-09-15 00:00:00
b624f24da75ff7f8e6e8d7b10f398426,6733ee7e350e4519ba716cfd3a1b7a32,delivered,2017-05-12 14:48:10,2017-05-12 16:42:54,2017-05-15 13:06:39,2017-05-22 07:45:35,2017-06-07 00:00:00
a6d9999c33b017f6d907c296e13db22c,f27ae830b105fa0c204da2ef6a3ad0de,delivered,2018-07-30 09:52:26,2018-07-31 10:31:00,2018-07-31 12:36:00,2018-08-03 14:37:42,2018-08-20 00:00:00
d57be2dc327f29fd0ef3927ac58931d6,159ae4fe9a31988f89fd1fa5c449efea,delivered,2017-10-24 13:00:08,2017-10-24 13:14:12,2017-10-25 22:03:38,2017-10-26 18:07:58,2017-11-06 00:00:00
7b6e1ab9552ada063fdf51be01976226,40c72408ed17990879b35e71bdb46025,delivered,2017-09-27 11:18:41,2017-09-27 11:35:16,2017-09-28 16:42:41,2017-10-13 19:08:49,2017-11-08 00:00:00
0ff3566a4db1d9d6c88e6350d7074b45,0b79a7d7a6df52a649be6d91cf310590,delivered,2017-12-29 21:04:24,2017-12-29 21:11:26,2017-12-30 16:52:40,2018-01-06 11:13:44,2018-01-24 00:00:00
b533dea24ada4dc5c1a9041d25d7c812,3a4ccb2c6fb972d301b8f9edfbf81fbd,delivered,2016-10-08 21:12:48,2016-10-11 04:56:40,2016-10-21 12:37:01,2016-10-28 16:31:34,2016-12-02 00:00:00
99be4182146d779870a657ca6ca5700a,0eb17fc0fd65d49a0946e9af2107afcc,delivered,2018-08-11 21:27:06,2018-08-11 21:44:14,2018-08-13 14:39:00,2018-08-14 23:03:28,2018-08-16 00:00:00
06a02b60d897c8f12fb3287e9de120e3,5dab4b965caa157b2a14f3a7cc5324a3,delivered,2018-08-14 18:33:39,2018-08-14 18:55:22,2018-08-15 12:07:00,2018-08-20 15:56:43,2018-08-28 00:00:00
d6f49f5dff3052a0ecf30c9493a975f3,7799674e081f0c2366343cdbc6e59ab0,delivered,2018-08-17 14:25:49,2018-08-17 14:50:24,2018-08-20 14:06:00,2018-08-22 22:44:43,2018-08-22 00:00:00
8dff5f86ffac550293fa1de6e64cfe08,82d7ba990758833f6b915a05d21f89a4,delivered,2018-05-22 23:33:43,2018-05-23 07:19:20,2018-05-23 12:10:00,2018-05-25 17:56:32,2018-05-30 00:00:00
2b86487ced52ef357d5454397ff5538a,0b516b1985a3c37fc5b3e2d513d3f688,delivered,2018-04-12 18:39:41,2018-04-12 18:55:19,2018-04-14 00:02:39,2018-04-26 22:34:59,2018-05-16 00:00:00
ba01067136771e2103d611dc1d74d709,64c26ea8310a299e2d0785aa77ee1ca0,delivered,2018-05-27 17:42:25,2018-05-27 17:55:19,2018-05-29 14:04:00,2018-06-04 17:06:09,2018-06-29 00:00:00
6f8026dc118f5bb6ff82b03e8eaae469,410b6b4c567227cf189cc4ceec3a1411,delivered,2018-04-30 20:09:27,2018-05-01 03:14:54,2018-05-03 12:37:00,2018-05-11 16:56:49,2018-05-18 00:00:00
9e5ddd73e11f7b84e460dcd20a130f62,ea416f195cf2061d48e89e8609a0e85d,delivered,2017-10-30 16:14:57,2017-10-30 16:31:21,2017-10-31 17:15:55,2017-11-01 13:33:16,2017-11-10 00:00:00
6a8400c1ae628fd6e3770950582c8b99,80b26789f069971fc4b1483f33f545c2,delivered,2018-04-05 15:34:33,2018-04-05 15:50:19,2018-04-12 19:06:42,2018-05-04 15:24:41,2018-05-09 00:00:00
4f6919f0144dfbe984adb649c1fea46d,bebf1952eebc5a2a07eadbe88a68ed6b,delivered,2017-10-31 10:17:55,2017-10-31 10:30:12,2017-11-01 19:58:29,2017-11-07 18:16:55,2017-11-23 00:00:00
ed1a38eb0ec41e0051d7efc7552388dd,d48a6843713e8c244485569deb121499,delivered,2017-08-31 11:11:53,2017-09-02 02:50:16,2017-09-05 18:29:29,2017-09-11 18:59:52,2017-09-13 00:00:00
696619f3852ee3540c5e5809e9191ef3,c0814b694253f313e356c161e26f36f1,delivered,2017-11-24 10:21:14,2017-11-24 11:38:23,2017-11-28 14:10:06,2017-12-05 16:47:26,2017-12-14 00:00:00
6f8747aed0e0bf14065fb5a312ff7fa8,54d79e95c62df916da6879bb711ead20,delivered,2018-03-11 18:36:17,2018-03-11 18:50:28,2018-03-15 15:54:32,2018-03-28 01:52:41,2018-04-03 00:00:00
ebd31a90e66528c36222f1d33b588105,633564eef76e91d33b1cf574fa7ca510,invoiced,2018-03-22 01:18:32,2018-03-23 02:27:56,,,2018-04-12 00:00:00
561bf26c30573110a8a2d484985b3419,8d5305107c2a57b59469e502826f1571,delivered,2018-03-12 08:20:13,2018-03-12 08:35:39,2018-03-14 00:48:45,2018-03-22 22:14:56,2018-03-29 00:00:00
6e6527028de694ccade37f5a15a6d84a,a48d74b7c46f9ee06e4ca93cae7b598f,delivered,2017-11-25 23:51:54,2017-11-25 23:59:27,2017-11-28 17:11:21,2018-05-10 00:06:20,2017-12-18 00:00:00
09d9dfc52ee6df196fdd19dd3b7440a7,131ae605cc2534ffa8e03fca81c54d3e,delivered,2017-12-02 12:30:05,2017-12-04 16:31:59,2017-12-08 01:07:56,2017-12-21 19:37:11,2017-12-29 00:00:00
fff0db5573c78c1cb5a2b68a2bbd8d4a,57343e0c5ed32cb5a60d261fb66f7f35,delivered,2018-06-27 09:02:19,2018-06-27 11:05:27,2018-06-27 10:19:00,2018-06-28 17:52:43,2018-07-12 00:00:00
b6ab1ce66f41dbbd8e998bfb0eab8bd5,8d61d4e9db55270ed265a5def0d1b9b7,delivered,2018-06-26 14:14:25,2018-06-26 14:34:15,2018-06-26 13:53:00,2018-06-30 18:18:32,2018-07-31 00:00:00
afed00b9cae687f1f1a07bad548aaa50,cc965eb87f92dbe0571ba70f96602e9d,delivered,2018-07-02 21:15:37,2018-07-02 22:50:22,2018-07-03 14:52:00,2018-07-06 18:44:34,2018-07-23 00:00:00
fecffb6b5e750f531ed929dee1067ee0,e42117207edd780c43fa5ecc2f85c406,delivered,2017-10-15 18:55:27,2017-10-15 19:07:16,2017-10-16 20:09:17,2017-10-26 20:05:51,2017-11-10 00:00:00
b0c7196170c9adcbf44c5b77f03165e5,9c3644078ac04eb62d98d3c2f6e51206,delivered,2018-08-11 22:17:09,2018-08-11 22:30:13,2018-08-13 16:11:00,2018-08-23 14:31:09,2018-09-03 00:00:00
9df65e0ad2cbfa0485262629bb2b6605,92feee9c4c01dfc0bfdacf52eacea448,delivered,2018-02-20 09:43:30,2018-02-22 02:08:45,2018-02-27 18:45:08,2018-03-20 18:12:24,2018-03-16 00:00:00
68f53d7c6dd56601cca617ab0ccc7a0b,0bcf0d29267c6b219e27f727bcb0ad88,delivered,2017-11-19 14:08:26,2017-11-19 14:26:46,2017-11-24 17:25:43,2017-12-06 19:23:15,2017-12-18 00:00:00
fa09bf06f137e4496f69f730fd93dcaf,093e07dbdcc9f26d16a5cf4c0b8173ab,delivered,2018-06-12 19:03:16,2018-06-12 19:27:31,2018-06-13 13:52:00,2018-06-26 18:38:24,2018-07-26 00:00:00
e0232e690d8db08e0abc81a3a744f9b7,1a9679dfc4dafed8c9bc8a907ea29e7c,delivered,2018-05-15 09:06:48,2018-05-16 02:53:53,2018-05-17 14:52:00,2018-05-24 13:44:35,2018-05-24 00:00:00
87afe03582c1a7f1914fd26170b7701c,cdba0cece04a0f6241f6ae72f87f2cc4,delivered,2018-04-04 21:01:02,2018-04-06 03:15:40,2018-04-07 01:16:47,2018-04-12 20:11:33,2018-04-24 00:00:00
d3bf11d57ac787afe683e9e638023576,608ad8754d7804251b348ba11b644053,delivered,2018-02-16 13:39:21,2018-02-16 13:50:35,2018-02-19 23:51:54,2018-02-26 18:09:40,2018-03-21 00:00:00
39fa02e23ac8857769bdcdd496180f7c,df326c1806d432cd11ae4ff65c1c2483,delivered,2018-08-11 00:34:38,2018-08-11 00:50:07,2018-08-14 15:54:00,2018-08-17 13:32:22,2018-08-29 00:00:00
aa2dc936dd126536c8f2eb4dbaf37333,3be90202886d6cb57a63f578f4f70cca,delivered,2018-07-30 08:34:27,2018-07-30 08:45:09,2018-07-30 15:52:00,2018-08-04 00:28:25,2018-08-08 00:00:00
4c3812e7963e6b0932c6142e3d6a6b85,b148b2b71b47b2bf513cb703bd07b63d,delivered,2017-04-19 09:25:15,2017-04-21 05:16:03,2017-04-27 03:30:15,2017-05-03 11:07:25,2017-05-18 00:00:00
eaf25d31a437014ab7271e91dead59c4,c468e7c6af0176a40092ffb15f3119b0,delivered,2017-12-01 15:44:08,2017-12-01 16:00:31,2017-12-04 18:35:05,2017-12-06 15:42:31,2017-12-26 00:00:00
469486849094bf1935cd99d96e117ded,4823c52e962bd334cf992817bcdff533,delivered,2017-08-23 19:47:18,2017-08-23 20:06:55,2017-08-24 15:27:12,2017-09-01 15:51:37,2017-09-15 00:00:00
4dc7e4499db06c25a94a1b3cbdd9c8df,21440e882fe13916d2db386c20736826,delivered,2017-07-09 11:43:54,2017-07-09 11:55:18,2017-07-11 14:46:21,2017-07-12 17:54:38,2017-07-21 00:00:00
4ca4a1922b582950b25cce6e7ef34315,c037e55c28eaaaa458a447f6fb9ac8a7,delivered,2017-10-26 15:43:23,2017-10-26 15:56:25,2017-10-27 16:58:30,2017-10-30 13:48:01,2017-11-14 00:00:00
aad5afa8c6f6c436e07eb1107d02f34e,d4aa5e0e3077341b5cb473ccba437951,delivered,2018-03-24 15:35:10,2018-03-24 15:50:29,2018-03-26 19:02:19,2018-03-27 21:49:03,2018-04-17 00:00:00
1ac0eff2487c84f0181b8204a9bf6124,45cd1c128f672736618571f7b873ab73,delivered,2017-06-14 13:30:35,2017-06-14 13:42:28,2017-06-22 17:32:31,2017-07-05 18:44:10,2017-07-07 00:00:00
977ec2dc0bff193996408d1631b22181,20362112f844c8a9416e4bd44398ace2,delivered,2018-08-02 12:05:57,2018-08-03 02:50:37,2018-08-03 14:38:00,2018-08-10 15:32:34,2018-08-22 00:00:00
3415d8ed3da0f4c3f72b608ad678a895,9a5287ae4b7c874293dac95b843f82b5,delivered,2017-08-18 09:01:49,2017-08-18 09:15:21,2017-08-23 18:55:20,2017-08-25 18:13:41,2017-09-11 00:00:00
31ee7866f7203208e59eba90498ead4c,a5ffaf89f5f7e639ce935676baf2c314,delivered,2017-07-26 16:16:24,2017-07-27 11:25:24,2017-07-27 21:33:54,2017-08-03 11:49:41,2017-08-21 00:00:00
b1e0c67bbf6c050cb6b1eb71e3ccdb37,9213aac1b5ff45da25ff7bedebb9a6e8,delivered,2017-12-08 09:15:28,2017-12-08 09:30:35,2017-12-14 19:33:16,2017-12-28 01:34:46,2018-01-04 00:00:00
9e1516d69461cbce6204729191230717,0629ffa463b7bb65e62829ee41b0934b,delivered,2017-07-23 23:05:01,2017-07-25 03:30:13,2017-07-28 19:17:38,2017-08-03 16:08:27,2017-08-17 00:00:00
7828ebfebc66999cec37ddc06c63870f,861c4eff6dcc1cd1ce85c4d47fd54509,delivered,2017-09-22 14:27:52,2017-09-22 14:45:35,2017-09-26 19:57:41,2017-10-09 15:53:05,2017-10-24 00:00:00
097255cccb9ac174d481479fae72556d,aec0636da1a15a55683856d9a5821ffd,delivered,2018-06-28 03:08:38,2018-06-28 03:31:33,2018-06-28 13:30:00,2018-06-29 17:48:48,2018-07-12 00:00:00
6b37f541eb6753f5383147a84d419d11,864fd7d2112ae79ef1095208edb6372b,delivered,2017-06-02 21:52:23,2017-06-02 22:05:11,2017-06-06 09:43:25,2017-06-19 19:45:47,2017-07-06 00:00:00
bbfed558e5d7c7cb32f6e7a4026b0d2e,21d39c44e49d24cbd3e842263e1672b1,delivered,2018-05-09 10:22:52,2018-05-09 10:35:13,2018-05-10 08:11:00,2018-05-15 19:20:56,2018-06-01 00:00:00
5be8e1e5d0ed823d38d05d5b7cce9581,c44394168c29d3bab271b2077bb2cd9b,delivered,2018-02-22 10:43:03,2018-02-24 03:30:34,2018-02-28 15:45:12,2018-03-08 12:47:26,2018-03-22 00:00:00
23538663b36489215fd49765baa4ba8f,14b0912a842b58de740de4a7b5ec8e1d,delivered,2018-08-05 14:07:53,2018-08-06 14:04:43,2018-08-08 08:39:00,2018-08-16 16:27:51,2018-08-28 00:00:00
3b842ff9ea0324f7726503cadd3c0db5,26982dd51b55e2a5cd7793d84a0787c8,delivered,2018-08-07 08:53:33,2018-08-09 03:44:56,2018-08-10 11:53:00,2018-08-24 17:08:34,2018-09-04 00:00:00
c9fe382a47de702dfad8f4b2ea3d2b3a,fb944ca3fae591b47729c008b3cb1aa4,delivered,2017-05-13 09:03:16,2017-05-13 09:10:15,2017-05-19 14:51:34,2017-05-27 23:13:42,2017-06-19 00:00:00
284039cca9a61886953286f5dae55fdf,1d17a1a799c8c9c248c1816d48b5a689,delivered,2017-01-30 18:30:53,2017-01-30 19:31:10,2017-01-31 05:40:30,2017-02-08 09:03:47,2017-03-06 00:00:00
6a9a4c2b15294a31288a5fabc2427807,39bca3007293ab6992e74006abc9b462,delivered,2017-11-27 21:45:48,2017-11-27 21:58:29,2017-12-01 16:45:52,2018-01-06 15:27:02,2017-12-20 00:00:00
4048feff4f2e6e394bcaf4981d27a9bd,1549a2a8e05b28e7ba31eeb0ab1bd84b,delivered,2018-06-25 11:59:16,2018-06-25 12:13:40,2018-06-25 11:56:00,2018-06-26 20:45:42,2018-07-05 00:00:00
4b0c84473bd3be3ee00dba465265e79d,e9480985d1c0e64ea0754e6aa4e78566,delivered,2018-02-14 13:34:53,2018-02-14 13:47:43,2018-02-20 17:52:50,2018-02-27 19:59:01,2018-03-14 00:00:00
b12c22449b10c20ca59c61ae92eb3e72,10727469edb56e3e75ad79165deaac4a,delivered,2018-04-19 16:36:33,2018-04-19 16:58:38,2018-04-20 17:32:43,2018-04-23 22:47:50,2018-05-04 00:00:00
ba45e84c712135fbb4ebfc999ff5fa42,63fb7a6bde3a209ef4d4f91a4be96798,delivered,2018-03-05 21:27:34,2018-03-05 21:48:39,2018-03-10 02:14:29,2018-04-04 17:48:44,2018-03-26 00:00:00
7296ad758e6c852b351261c5eb31bf51,4c734d9ccc49f0068cb5c75b3e88739d,delivered,2017-11-26 20:28:28,2017-11-26 20:37:24,2017-12-06 13:51:48,2017-12-17 17:14:48,2017-12-15 00:00:00
585ce4ee0af830235ceed384bcbe545f,b037a695c6950aff65e546972aded583,delivered,2018-07-19 18:17:11,2018-07-21 03:30:13,2018-07-23 14:26:00,2018-08-01 14:51:41,2018-08-07 00:00:00
8b75cb6fd9531cacf7f2cb7dadf7467b,1a663679384785e911792fb4a86d61c4,delivered,2018-02-20 18:35:00,2018-02-20 18:50:24,2018-02-21 19:48:00,2018-03-07 00:15:35,2018-03-19 00:00:00
73696c4354b75af323cf793aa474acfc,c99b3cf4d3a8c1829fc7b4c71bd3e43c,delivered,2017-05-05 07:48:46,2017-05-10 21:32:36,2017-05-10 09:47:50,2017-05-16 06:50:09,2017-05-26 00:00:00
dde2650c0fa0e73271dc339daf400ac9,e24afd292df4c36dca1a8e419dfc7bc0,delivered,2018-07-30 00:46:43,2018-07-30 00:55:25,2018-07-30 17:13:00,2018-08-03 18:21:53,2018-08-10 00:00:00
727c209cf1bf38111a8f69422ad7fab7,205a1b52104efa306fb9a38c0cffdace,delivered,2017-09-18 17:54:27,2017-09-18 18:15:31,2017-09-19 17:24:03,2017-09-22 22:12:17,2017-10-04 00:00:00
336a16de6914823ae7487a9023eb6d20,83cac99fb2abfb992f329be5bbba18b7,delivered,2017-10-19 13:25:52,2017-10-19 13:35:20,2017-10-23 18:05:07,2017-11-06 19:24:37,2017-11-17 00:00:00
7f5d123edea7962b20bf26e29262f9e5,c3539d3d4dfb2fe3b6de4bb8f277e989,delivered,2018-05-02 21:25:27,2018-05-02 22:17:03,2018-05-03 19:01:00,2018-05-04 14:34:36,2018-05-10 00:00:00
58a72152512644cd6ee65accc9206cf4,c4981c3e4fc10c84b4ffcf5d3b051edb,delivered,2017-04-30 21:38:13,2017-05-03 11:33:09,2017-05-04 07:48:10,2017-05-15 14:03:59,2017-05-25 00:00:00
a38fda8c7745d9c406a48daf230f957a,d815502657bd93cb52c48c3df5fdc0bb,delivered,2018-05-27 19:47:43,2018-05-27 20:14:32,2018-05-28 12:44:00,2018-06-08 15:02:28,2018-07-03 00:00:00
baf89f4d2a891b5818e779ffbf022723,7c85998ec2e86b8557b338c098b23339,delivered,2018-05-03 10:46:02,2018-05-03 12:19:35,2018-05-03 13:11:00,2018-05-07 18:02:31,2018-05-23 00:00:00
a9de9da3261a82140a4a82b5fb13494f,76b188ee21a094e29876c446938dc0a6,delivered,2018-02-15 10:59:46,2018-02-15 11:10:26,2018-02-16 00:06:51,2018-02-19 17:54:56,2018-03-05 00:00:00
777ee9fd50fbe50e788ef536b1656b08,81d15034733f633b91858fc912702c79,delivered,2017-04-10 21:29:16,2017-04-10 21:42:07,2017-04-13 09:35:42,2017-04-19 17:04:27,2017-05-02 00:00:00
67b464eee8fa44d78ac019e09dcc25ee,f50d17e6ef8a2e95fc8594af9c570a3c,delivered,2017-03-18 20:06:36,2017-03-18 20:06:36,2017-03-21 14:06:57,2017-03-23 07:53:36,2017-04-06 00:00:00
4f0ae5e0706a3e90f9f36d0f34fe60aa,f85e5fced79b04b2b43798ee12ea1308,delivered,2018-06-21 18:04:09,2018-06-21 18:40:22,2018-06-22 10:57:00,2018-06-28 19:07:50,2018-07-16 00:00:00
7bb79f0edc7627c4bd27cf2979b0b7ef,0c94eecde2258c132a639159d8671cc2,delivered,2017-09-28 07:47:12,2017-09-28 08:20:10,2017-09-29 18:30:05,2017-10-09 18:18:50,2017-10-30 00:00:00
e1c3d92e7f97e0bc149440c0e3bbfe2d,fa74ce9561e3e49b9c38a7f34faf0d9b,delivered,2017-10-30 18:48:50,2017-10-30 20:31:37,2017-11-07 00:22:21,2017-11-14 00:10:01,2017-11-16 00:00:00
76b8568803f110a59ece4167463a4a7e,9d13f5da757d6d19132fa0980c9e9729,delivered,2018-04-28 14:07:52,2018-04-28 14:30:19,2018-04-30 16:01:00,2018-05-03 00:03:52,2018-05-17 00:00:00
c88d3aed5c03ca278b7cfae5f6e9d1b1,5f5f3e3a16d182b77b8b555a0852b6d1,delivered,2018-02-05 13:52:45,2018-02-06 04:32:22,2018-02-08 18:34:59,2018-02-23 22:09:40,2018-03-12 00:00:00
70ed857e24fd6bf1e25a9bc791a2f6b9,7eab641be5b633438b8082aad878cb4a,delivered,2017-08-30 12:26:52,2017-08-31 12:35:16,2017-09-04 17:55:01,2017-09-06 19:36:58,2017-09-12 00:00:00
f79585e401509fe06dda49a4cc8f22b4,a18b4eb021ca5546fc672029c7ce50a3,delivered,2017-09-18 14:12:37,2017-09-20 02:10:16,2017-09-25 20:08:00,2017-10-16 20:17:46,2017-10-24 00:00:00
e3e71ae706915dade3d9cbcd7a792a69,0b530e0541b196e2873192ff6cd44dae,delivered,2017-02-18 10:22:39,2017-02-18 10:30:16,2017-02-21 12:16:08,2017-03-05 05:22:17,2017-03-31 00:00:00
9340ec2a1f243ae60a2b70696db3b202,2548f1470944abf5e4ba22316b039b91,delivered,2018-07-02 17:06:24,2018-07-02 17:15:17,2018-07-03 14:48:00,2018-07-05 20:28:31,2018-07-16 00:00:00
56301ae69daec31f44fa405fc3a09518,2aca3117e088794c5b5db8089d383e07,delivered,2018-01-25 00:23:20,2018-01-27 02:52:25,2018-01-30 22:07:34,2018-02-24 17:27:10,2018-02-26 00:00:00
f0704d8911f0469d5abbaf6096052409,8cda4bd14575a660f2bb6638f54857dd,delivered,2017-02-01 10:11:58,2017-02-03 03:41:38,2017-02-08 10:32:48,2017-02-15 15:40:52,2017-03-10 00:00:00
9dabd200c58f609f380ecd1e44898086,1bb2273c4c26af24561221cfc4fbd7f1,delivered,2018-06-12 20:50:18,2018-06-12 21:24:02,2018-06-15 13:48:00,2018-06-27 17:11:52,2018-07-19 00:00:00
37193e64eb9a46b7f3197762f242b20a,8e4bd65db637116b6b68109e4df21b84,delivered,2018-06-21 20:29:25,2018-06-23 01:40:32,2018-06-25 14:38:00,2018-07-04 14:04:53,2018-07-12 00:00:00
5efb55c3cc550a13a9af885e225f8d9e,9acc463224f2913d510896fb47e1f8e6,delivered,2017-10-12 08:56:17,2017-10-12 09:14:11,2017-10-18 22:13:42,2017-10-24 21:57:49,2017-11-09 00:00:00
f7dcd88b218022d33734106bf56e3165,f15455349aef0d798e08de51e42959b6,delivered,2018-06-29 09:00:33,2018-06-30 08:55:20,2018-07-02 13:54:00,2018-07-07 08:52:46,2018-07-30 00:00:00
1ab81205bd97428adba5715c92dae13a,35b3b2f7a035f2b0d30f4ca7e358fa39,delivered,2018-05-13 15:41:30,2018-05-13 15:55:15,2018-05-14 15:18:00,2018-05-15 22:03:05,2018-05-28 00:00:00
c7f27c1776def4a1c9b1585107d0f209,d6369644f940bf60c49dfa4d4c046ccc,delivered,2018-04-17 15:15:15,2018-04-17 15:31:50,2018-04-19 00:36:34,2018-05-09 00:04:51,2018-05-11 00:00:00
05ad071b550b1cf2815e8bf3bec3291f,51883bf50149a3028f35341d1fc008e8,delivered,2017-04-27 12:57:18,2017-04-28 13:06:17,2017-05-02 13:51:27,2017-05-19 12:56:52,2017-06-07 00:00:00
e9fe4a25c4b2cf9709c06e7e6aef0a8c,fe467cb0cabde021ce57f8c11899dcc7,delivered,2018-05-26 21:38:10,2018-05-26 21:50:10,2018-05-28 14:15:00,2018-05-30 16:39:29,2018-06-20 00:00:00
f5d8546541a4875d1b5702fa3a24711a,cec0e48517c07c754928dc9098a9d4c1,delivered,2017-09-18 15:10:32,2017-09-20 02:35:40,2017-09-20 18:42:45,2017-09-26 13:46:44,2017-10-05 00:00:00
d5440e126957d8548489716a186fa787,1ab18a93183fa43daeeac6eefd12f746,delivered,2018-06-12 21:42:33,2018-06-12 22:01:40,2018-06-13 15:59:00,2018-06-15 19:58:43,2018-06-25 00:00:00
76464635ac7911e6670c028e667ca7f0,a94e78deb3579cab87a6df262fb7620c,shipped,2018-08-08 12:07:33,2018-08-08 12:15:19,2018-08-09 14:22:00,,2018-08-23 00:00:00
71f78dbe56e4ceb4b7ce394fb6de8f15,1414a515ad96f8644b1b207cb04929d1,delivered,2018-08-24 11:09:05,2018-08-24 11:24:29,2018-08-27 13:30:00,2018-08-29 20:33:04,2018-08-31 00:00:00
853fe50d4c26c20382e582ba2421215f,5a6f60ea15d65cda6e7cba5b4ac8c735,delivered,2017-06-04 20:27:06,2017-06-04 21:05:15,2017-06-05 11:09:59,2017-06-13 15:38:11,2017-06-30 00:00:00
30e476c243252bdf160c2490607bc3f0,153f9ed55da08a668c70699abfb30404,delivered,2017-07-26 14:55:58,2017-07-26 15:10:16,2017-07-27 20:53:42,2017-07-28 18:18:18,2017-08-08 00:00:00
947e7e0eac14a5d58e68cdb9daa8f2a5,03a81070a9a6e3bc2c4209e564764204,delivered,2017-08-29 21:59:28,2017-08-29 22:10:18,2017-08-31 14:34:27,2017-09-08 22:41:59,2017-09-25 00:00:00
ce96aaaf67d8c7585475ecf3f8c3ff7a,b3fa4bcbb6920b17d2b67ac5d4e1560b,delivered,2017-11-19 21:12:34,2017-11-19 21:26:46,2017-11-21 18:58:51,2017-11-25 14:24:32,2017-12-11 00:00:00
4fc5ec575e29e20bf408697cea273c3b,5da1095a53f33f6a963e8a39ade47df7,delivered,2018-02-13 16:43:41,2018-02-13 17:27:20,2018-02-14 19:52:37,2018-02-19 20:39:55,2018-03-08 00:00:00
3d05beaecc79d768517b2542c5ffb040,3524f26e642f1815c236c83699035b69,delivered,2018-04-24 11:11:17,2018-04-24 18:55:11,2018-04-25 12:24:00,2018-04-26 16:12:50,2018-05-10 00:00:00
e5aff9f0f4b4bcae611f419c900e94a6,99ebde4033307c9e5fa759154f71a2d4,delivered,2017-07-28 15:56:44,2017-07-28 16:05:18,2017-07-31 20:17:49,2017-08-11 14:57:54,2017-08-17 00:00:00
5c5bddc85dbccc2797c8fcfc4aeeb3a7,51213d198073a44b1d741f3bd18b7dbd,delivered,2017-05-22 00:05:53,2017-05-22 00:22:01,2017-05-22 11:04:56,2017-05-30 10:08:11,2017-06-16 00:00:00
b409363b150c3fc8fe6dddae1bceb1d3,836a7bfd738af688ed28899ff7e61873,delivered,2018-04-04 10:05:24,2018-04-04 10:29:24,2018-04-06 23:08:43,2018-04-11 15:12:00,2018-04-20 00:00:00
acfdb303dfeb6e187ceaab1d84bf6b17,02924d523effc179caf33962172bd6b8,delivered,2017-06-17 11:06:33,2017-06-17 11:25:06,2017-06-20 12:22:35,2017-07-05 16:41:59,2017-07-14 00:00:00
4911bfcdd33739f5324b35e82e0104de,9eb0519e897f87ed0debce219b38c5a0,delivered,2018-05-11 12:20:35,2018-05-11 12:35:15,2018-05-11 16:32:00,2018-05-21 20:28:19,2018-06-04 00:00:00
85f03a6957d64b16acc3b422c31875f4,e577cdd8e41beda4c3ff7eae5aa873d1,delivered,2017-05-03 16:58:47,2017-05-03 17:10:23,2017-05-05 14:49:56,2017-05-09 21:43:56,2017-05-24 00:00:00
023aa4b0585594124bc50e55e0e11a5f,678c7714cdd189c7aca5cd7e6c70fb94,delivered,2018-04-01 23:03:34,2018-04-03 05:48:29,2018-04-04 21:57:32,2018-04-09 11:46:41,2018-04-18 00:00:00
dbe11e597002bdf88775b0fb71ff6fb6,c43d64ae4ca2327e908fd9adb1544d28,delivered,2017-12-07 10:35:25,2017-12-07 10:52:47,2017-12-13 16:35:20,2017-12-19 01:27:02,2018-01-02 00:00:00
cfc130b608476dd1cc71396ebc483e1b,5ffaff7ef372cb9be1247ef069f79fad,delivered,2017-12-01 22:19:00,2017-12-01 22:34:49,2017-12-05 19:23:19,2017-12-11 22:48:47,2017-12-26 00:00:00
1f2add19935fc1d5e1b372fb638d8c6a,e750252eff11293d9914d3840d92ddb5,delivered,2018-03-03 15:35:31,2018-03-03 15:48:37,2018-03-05 20:58:31,2018-03-13 16:52:33,2018-03-22 00:00:00
d642a38548f81511430dcb7e904fc023,b007d2e0c2e64157ec08e33b3a3b1894,delivered,2017-06-26 13:39:18,2017-06-26 13:50:14,2017-07-11 17:06:27,2017-07-13 19:28:06,2017-07-18 00:00:00
0ffdb6473bc02f6e0b767083d21457d0,55cc6114f9fb967d84fc85d6e7db019e,delivered,2017-10-09 15:00:59,2017-10-09 15:15:26,2017-10-10 17:10:29,2017-10-17 19:23:14,2017-10-26 00:00:00
21dd600edd64e225d04af3670d1803b3,32835bcf475e3945745927a62bbb7fc8,delivered,2018-05-05 18:11:08,2018-05-05 18:30:28,2018-05-08 15:55:00,2018-05-14 22:16:26,2018-06-12 00:00:00
56f1d06ce4c0cf8a60c9d1af768f39de,8835260f376f7746c4e6cb38547bdfb9,delivered,2018-07-17 15:21:10,2018-07-18 03:01:44,2018-08-14 13:05:00,2018-08-20 12:08:32,2018-08-14 00:00:00
8b4a1a6f0e8e8695feba49f260195ee8,21fa606c2b3d80fa8910fa958df41cb5,delivered,2018-02-16 12:15:04,2018-02-16 12:26:46,2018-02-19 21:42:14,2018-03-02 03:03:38,2018-03-05 00:00:00
555e60e282181725debc9eb2d69fda3f,1d1300e5823331f1065112a2a6aa5b19,delivered,2018-06-05 14:55:04,2018-06-06 14:53:47,2018-06-07 12:31:00,2018-06-08 15:59:34,2018-06-29 00:00:00
3c845174981c9b87340aa1ce5ef7fc9e,3d42fbbb0e8e6fbe7b33e92c5d2fdc66,delivered,2018-03-10 20:51:54,2018-03-10 21:08:12,2018-03-21 00:34:27,2018-03-27 18:18:49,2018-04-16 00:00:00
54b41e4e2188389bb41503b2b088b093,d1943e0a3f0529cfc9c4e5e9465bd470,delivered,2018-01-18 13:29:55,2018-01-18 13:38:27,2018-01-19 22:17:44,2018-01-22 11:25:21,2018-02-05 00:00:00
0f785010dcc39b620a31199592907f64,1d49ad11416fc3571d6d1da8b344d9d1,delivered,2017-09-10 10:21:53,2017-09-10 10:30:27,2017-09-11 19:13:31,2017-09-21 18:48:08,2017-10-02 00:00:00
042a2a13d31a166caca991455002fe1a,1def91404fa948308dc43c04f282f68f,delivered,2018-03-27 13:34:42,2018-03-27 13:50:08,2018-03-28 17:48:30,2018-03-29 19:54:24,2018-04-09 00:00:00
b8b8d73455ada889914390847d5e90b8,5627f4bd835bdebddbf03ccd77b117d5,delivered,2018-05-22 16:12:00,2018-05-24 02:18:19,2018-05-25 06:30:00,2018-05-28 22:58:30,2018-06-06 00:00:00
aad1f17a009853a69d204e2c5e58a11c,afd087e97215a023e1b25a1d3b820218,delivered,2018-04-16 14:12:17,2018-04-16 14:50:59,2018-04-18 23:02:39,2018-04-27 14:51:43,2018-05-09 00:00:00
a530dc19f1969dc7898a1b96fcd6e602,3d46462ecc04c0fdc644e5f4695f7e51,delivered,2018-08-05 11:58:34,2018-08-05 12:10:17,2018-08-06 15:01:00,2018-08-07 18:08:40,2018-08-13 00:00:00
630fef4cb38a0f9fce00a6b096243942,d9543151e0caf50bc548bc9e1bac9f60,delivered,2018-06-25 11:15:35,2018-06-26 11:18:27,2018-06-26 16:11:00,2018-06-28 14:18:56,2018-07-12 00:00:00
6325af88a0611fc357055cb87dcec11e,bfc24858928300e9b18e0d96637b8404,delivered,2018-07-18 13:40:31,2018-07-19 02:43:07,2018-07-25 15:27:00,2018-09-17 13:48:28,2018-08-21 00:00:00
55ba74a964a104d4a7278eb43e11b16a,4719eebfe6168257c9359fa680d44a2a,delivered,2017-06-11 17:31:42,2017-06-11 17:42:38,2017-06-13 13:03:31,2017-06-26 15:09:53,2017-07-07 00:00:00
a72e4250533d5e3f689f91d403ae3d1f,fefc4ea930468dbc9d29fcf06df52bef,delivered,2017-11-02 17:37:20,2017-11-02 17:50:32,2017-11-07 21:17:52,2017-11-17 19:47:26,2017-11-28 00:00:00
dd5d0d5c3c3b67e1e49686ecc9b692fc,850bcfeeb815f00c7cb4220f29a331c6,delivered,2017-12-02 00:52:34,2017-12-05 04:15:40,2017-12-07 00:39:53,2018-01-08 23:39:10,2018-01-05 00:00:00
5a213cd2c31b85edd98ae1ab50c50aee,b8a0bddc4a62992acbf7ba801e980c98,delivered,2018-07-08 15:02:16,2018-07-08 15:15:21,2018-07-20 07:26:00,2018-07-26 17:56:26,2018-08-14 00:00:00
00d1e381c0995f0bdb95909fe7434d0b,3fb1b736500b371cd8576c7050fe7256,delivered,2018-03-24 16:14:47,2018-03-25 16:10:31,2018-03-28 23:18:35,2018-04-02 15:28:35,2018-04-13 00:00:00
4af4a8c73158246a4d21a91b084821b6,7451e9c9b6ef9b4ecd0450d916f06ea8,delivered,2017-04-29 20:01:08,2017-04-29 20:10:17,2017-05-05 10:19:00,2017-05-24 13:56:35,2017-06-02 00:00:00
1aa2373a5597e5431f08d809fde15d5b,7c6d2c5a15f97e2fdf626ba09c19bb07,delivered,2017-08-07 20:31:26,2017-08-09 02:50:58,2017-08-11 19:35:40,2017-08-15 19:32:48,2017-08-31 00:00:00
5764b52361ed5b661d24dff30c8c3625,ff45a8aaeebad334186dbfd659168d65,delivered,2018-01-16 14:33:54,2018-01-16 14:51:35,2018-01-23 22:25:55,2018-01-26 00:53:30,2018-01-31 00:00:00
c143d4b65e016cb4f04c7a723a4f55ec,2885d1321f7811e7c2e04644eb2e0cdb,delivered,2018-03-30 21:13:36,2018-03-30 21:27:23,2018-04-03 14:35:49,2018-04-10 00:08:29,2018-04-24 00:00:00
636f0241ddc83a3b9e37a8088167bd45,0d14d28bc941474750feb2e030e54460,delivered,2017-10-22 00:31:28,2017-10-22 18:33:27,2017-10-23 12:48:04,2017-11-03 17:27:44,2017-11-09 00:00:00
f9604c62f4691fd43013cd1e6489e332,d3ca3a344d5f960ad6733ccc5b27005c,delivered,2017-06-19 10:10:22,2017-06-19 10:25:15,2017-06-19 20:51:50,2017-06-26 17:21:55,2017-07-07 00:00:00
3917a4e61779a9c43bb9a923ff6ec663,ea18d3d21da9d1dbe288ce635ea5237b,delivered,2017-02-12 22:20:18,2017-02-12 22:30:16,2017-02-17 11:09:38,2017-02-21 15:43:44,2017-03-21 00:00:00
45c00baf33a1d544fb774dc8dac7e09b,27b383be03755a7020073d086fa76a49,delivered,2017-11-29 09:23:47,2017-11-29 09:39:10,2017-12-05 12:06:50,2017-12-11 23:30:42,2017-12-22 00:00:00
a448db85a66067bc5873642489b25e42,871417ab89b24e2388bfba0e5c2c351c,delivered,2017-08-26 16:11:22,2017-08-26 16:25:17,2017-08-28 19:52:33,2017-08-30 20:07:50,2017-09-14 00:00:00
e57ab4127be9907d3078d0227c45e63e,b7d75a382d48af7918464a319d6b5587,delivered,2018-04-26 18:11:20,2018-04-26 18:32:00,2018-04-27 15:25:00,2018-05-10 23:07:44,2018-05-23 00:00:00
629bb9d04c91f3a7d95a5fe1432ce47b,042bcdea41b22aa79516d40e4f374ed8,delivered,2018-01-30 18:30:35,2018-01-31 13:31:55,2018-02-01 13:28:46,2018-02-15 23:09:15,2018-03-06 00:00:00
7c1874537dafaf7092ff655e2d8f3ef7,518a8554eb5cbe488d4232c6b5385aa1,delivered,2018-02-06 02:46:48,2018-02-06 03:09:43,2018-02-14 19:41:32,2018-02-27 14:58:44,2018-03-16 00:00:00
ef412fa088f7e0c67215be59670059f7,12568c10deefadda97ee70eee39cedda,delivered,2018-03-09 08:52:48,2018-03-09 09:28:34,2018-03-09 18:39:30,2018-03-14 18:08:28,2018-03-27 00:00:00
30dbde4bdf3bc12594c469bc67159a8d,986abe57dbe26943f44426f181227fc6,delivered,2018-06-21 19:29:33,2018-06-23 01:40:16,2018-06-26 14:53:00,2018-07-05 21:48:41,2018-07-19 00:00:00
e7c528a2df211045020684c3db8bddc4,d5d2ae6113c8685d150d34863a5df141,delivered,2017-03-14 12:18:58,2017-03-14 12:18:58,2017-03-16 05:07:41,2017-04-13 11:42:08,2017-04-06 00:00:00
08b090ef007b191a5f9c454f1068be24,2b3a2fae42ef353d6548f1b7eed8a7b2,delivered,2018-03-07 19:03:14,2018-03-07 19:15:38,2018-03-09 15:46:32,2018-03-17 16:12:26,2018-03-23 00:00:00
36eaf39d8bbef8a728ee1a7515980fc0,d3abb13b7f606df53ab716cc94fcf17b,delivered,2017-11-28 19:02:47,2017-11-28 19:13:29,2017-12-13 20:10:36,2018-01-05 22:16:20,2017-12-26 00:00:00
1a9eb3bcc740324dc4c07ee364ef837d,6f247498822c4500c77d6202b4d1733c,shipped,2018-03-13 13:39:57,2018-03-13 13:50:39,2018-03-14 20:32:43,,2018-03-29 00:00:00
f71e43a268bbabaa7736af38f0c02710,01cc8550598fb6140923843e6c06326e,delivered,2018-04-19 22:39:41,2018-04-20 00:16:31,2018-04-24 00:12:07,2018-05-04 13:58:42,2018-05-17 00:00:00
1470619b8b354e627045227e5509d6b7,393d13b528d6ac270b1cff9aae09721e,delivered,2017-08-05 21:39:56,2017-08-05 21:55:08,2017-08-08 22:49:40,2017-08-14 20:22:37,2017-09-01 00:00:00
4d23597bf5b51ea1013b02b6f435115b,6aca43b6fe52b0e9ed48efcaef471851,delivered,2017-04-13 01:42:36,2017-04-13 01:55:18,2017-04-17 12:24:01,2017-04-20 13:27:36,2017-05-05 00:00:00
cbd72cbf159870fc637be9db5374ab3d,d89203a69ce1ed72a446a483f9d49991,delivered,2017-05-19 09:41:21,2017-05-20 09:35:10,2017-05-22 08:54:17,2017-05-25 14:23:22,2017-06-05 00:00:00
df5e0e070c372394ac03c781fcfc443e,16fbdfa7654444436e8dcb3f77cc2519,delivered,2017-08-01 11:36:35,2017-08-01 11:50:14,2017-08-01 18:06:57,2017-08-03 18:53:32,2017-08-14 00:00:00
3ed1ef20c8c54360c670c3f6c793c130,a25857c3cf17484ba12fa43b8bab8685,delivered,2018-05-03 17:36:53,2018-05-04 17:35:21,2018-05-08 09:58:00,2018-05-10 18:34:21,2018-06-06 00:00:00
134b66d457b6eb43c7fa8519fa0f8870,daed9392a48f1d4884e593c08c5011bb,delivered,2018-06-21 00:25:44,2018-06-21 01:17:03,2018-06-21 18:50:00,2018-06-23 00:03:17,2018-07-04 00:00:00
bb9e31e54af342d8e3f32fc1cb2d8804,687dd24bd9fcbeec556d553371082a8d,delivered,2018-06-11 23:55:26,2018-06-13 03:06:02,2018-06-15 19:12:00,2018-06-18 19:02:46,2018-06-25 00:00:00
7a2e13975471a7fa79bf252ac36cc095,83901f425d913fa2261031ae7d879018,delivered,2018-01-26 00:26:59,2018-01-30 04:31:17,2018-01-30 21:07:09,2018-01-31 18:56:39,2018-02-09 00:00:00
d985fb531fec480414b13531ab8c6e24,5bdebe0bf44ced6aa0ad9a97753e5776,delivered,2018-05-09 15:17:02,2018-05-09 15:37:00,2018-05-10 15:25:00,2018-05-15 20:57:30,2018-05-29 00:00:00
a1aa085af097613cc86d6105d15b39f3,b660ecb042da66e115e9f902b131de32,delivered,2018-08-22 22:04:09,2018-08-22 22:40:08,2018-08-24 12:33:00,2018-08-30 00:51:21,2018-08-31 00:00:00
7f2527b00aba2c4ea2631cbf2a1d0f68,5a5f70fead43dc16ec4d5afed5281239,delivered,2017-08-04 17:09:51,2017-08-04 17:25:20,2017-08-07 16:12:44,2017-08-16 21:36:34,2017-09-08 00:00:00
417b131e29d2a7f71397ed5fd21ff40d,8ab1fc5d1948f7d9fe4bc2683b757495,delivered,2017-07-06 10:14:31,2017-07-08 03:23:20,2017-07-14 20:21:22,2017-07-26 10:54:25,2017-07-28 00:00:00
937c631033176b4e2493fa20637c9323,bde48ea5472dbc2099004a0eae12bbf1,delivered,2018-04-07 15:42:25,2018-04-07 15:55:21,2018-04-11 00:38:39,2018-04-27 23:58:43,2018-05-16 00:00:00
397fc3f6922c5bc66bbb9701bd117b6d,7603f1a2c553061b4c6278c1f9165c49,delivered,2018-02-26 13:35:45,2018-02-26 13:49:44,2018-02-27 23:18:45,2018-03-08 23:58:23,2018-03-23 00:00:00
4a44baef6fa5092959174a04ff7ddc42,888af659f4e8e4e05483cff58a449b60,delivered,2018-04-26 11:01:16,2018-04-27 03:10:27,2018-05-02 05:16:00,2018-05-09 21:08:04,2018-05-15 00:00:00
47bc2fbe3e9b64a723dd530a4f1612b8,308979f2faf0919392503a7818aefcb1,delivered,2018-01-26 15:49:31,2018-01-26 15:58:28,2018-01-30 23:34:43,2018-02-16 22:42:21,2018-02-22 00:00:00
0a457a7e838f772d804eebe8d6261ed0,c1caaf8d7b5c8f2d3567fe0c9f96cb6f,delivered,2018-08-08 13:48:22,2018-08-09 03:45:15,2018-08-09 13:44:00,2018-08-10 18:07:43,2018-08-13 00:00:00
fc5a55031c9426c529327e0ca05096c4,033230cd77689ed3080a4d79b32132d3,delivered,2018-03-20 20:58:36,2018-03-20 21:10:30,2018-03-27 01:52:37,2018-03-27 19:22:27,2018-04-02 00:00:00
3f23bdebc73fa439fcd2b1b77fbeaf7a,4e251837133d004b7c2827c9a9dae5b3,delivered,2018-07-14 20:33:34,2018-07-14 20:45:20,2018-07-17 14:51:00,2018-07-23 15:48:33,2018-08-03 00:00:00
29e6f39d57976e61801fbb8f266f30e6,1fe7ee22f6ae1b8dff6b6c83eaf1cd54,delivered,2017-12-11 17:06:20,2017-12-11 17:14:27,2017-12-13 15:38:09,2018-01-10 18:28:16,2018-01-11 00:00:00
f50831820f59c2d3dabc561246c10d8c,2bfdf8e6b7427dccabf26c8138a6e03a,delivered,2018-01-22 14:07:22,2018-01-22 14:33:07,2018-01-24 19:18:54,2018-01-30 15:57:05,2018-02-14 00:00:00
d9f0325894bf21440caaed1e42006eaa,2a152f19b9ffb8d4241d66126b6f3bb3,unavailable,2017-11-12 12:20:04,2017-11-12 12:35:21,,,2017-11-27 00:00:00
68db1e9c4b7bb26ce60fc4749d8b904d,2aba5a3c63d560154bc75ce4f52ee553,delivered,2017-03-18 16:42:47,2017-03-18 16:42:47,2017-03-20 09:28:42,2017-03-24 14:13:20,2017-04-10 00:00:00
89253d28593c5b4eec3bbc9638a055d3,221dcdad673d808783fa3ca936233e18,delivered,2017-08-08 13:10:28,2017-08-10 03:25:40,2017-08-11 20:04:50,2017-08-17 18:30:46,2017-08-30 00:00:00
f19fb77bae3d3b3d2394eee444ad0e54,26f5d944dda9c2754dfbd4e5018169d4,delivered,2017-11-24 02:05:17,2017-11-24 02:14:25,2017-11-24 21:33:23,2017-12-01 19:46:56,2017-12-27 00:00:00
4bb72dde289a979497e30c301beda3c4,04e0aae337a6d96f0b1311fe9ef13752,delivered,2018-02-20 14:06:01,2018-02-20 14:15:43,2018-02-21 17:27:13,2018-02-22 18:45:27,2018-03-06 00:00:00
3f74987a2030cff1cd1829b3c4b8149a,631fcc3fa1ad2d9b5af6b889b547d3ab,delivered,2018-02-15 22:10:02,2018-02-16 14:32:28,2018-02-26 23:09:18,2018-02-27 06:29:10,2018-03-12 00:00:00
2df648255d54fec6e4751bbcf8344ca3,4ac6f2035a88ae9b22379d9406d82bee,delivered,2018-01-21 21:18:10,2018-01-22 14:00:56,2018-01-24 15:52:35,2018-02-14 19:41:33,2018-02-19 00:00:00
fbb12f53a3985ca2a92e718f7b6a8162,f58a7bbf2c58573b67632dcdcf9c0d40,delivered,2017-09-21 13:40:39,2017-09-21 13:55:20,2017-09-22 16:03:37,2017-10-09 13:45:28,2017-10-25 00:00:00
54bf0940ace684d597657354c7496905,c7f2cac5bd5e577cc6b72a253ee7d5b7,delivered,2018-06-02 11:44:39,2018-06-02 12:11:27,2018-06-07 14:12:00,2018-06-14 16:34:26,2018-07-18 00:00:00
50767c383e0ad56bb2cd8cdf8f6c1d3a,7c6f1e09e4a23008a6c053351b51948f,delivered,2017-10-19 15:08:35,2017-10-19 15:30:07,2017-10-23 17:52:47,2017-10-24 20:46:48,2017-10-31 00:00:00
bf9c50664a2f68936562e38446c321d9,d290f5eb059c764a7a93338e360a310c,delivered,2017-11-24 20:24:54,2017-11-25 03:33:08,2017-11-28 14:49:37,2017-12-20 13:34:57,2017-12-19 00:00:00
3db0dfe8a379d76e5c29f635c277325f,76840b8dc90860dadc2888c03309569e,delivered,2018-01-24 04:17:11,2018-01-24 04:28:23,2018-01-24 23:19:06,2018-03-05 15:19:46,2018-03-15 00:00:00
b5780df6f99a1b41aaf41e0937ca5e9f,1d39c005fb892105c6db1a25001d952e,delivered,2018-08-02 12:14:15,2018-08-02 13:15:20,2018-08-03 14:06:00,2018-08-13 19:32:18,2018-08-21 00:00:00
8d7394529f217471379930f10b4237a2,8d1715b8466bb61876e49d198b87a421,delivered,2018-04-30 13:10:03,2018-04-30 13:34:21,2018-05-02 14:29:00,2018-06-01 13:56:20,2018-06-08 00:00:00
c29935f9146cc4781bc5855fd2c1d880,811ed486544757b18e155e637e87a379,delivered,2017-03-21 00:04:33,2017-03-21 00:04:33,2017-03-21 12:05:44,2017-03-27 15:03:46,2017-04-07 00:00:00
c4694142c485a1a9d1ca666ea9c00d07,b210593a5576b40aee78f5dee31f5bf4,delivered,2018-07-03 21:55:37,2018-07-05 16:33:19,2018-07-04 14:59:00,2018-07-05 19:36:48,2018-07-16 00:00:00
84e37af08e63ea7261d22a0af81e73cd,9f0d2e42f83c55179cf336b77a28acb2,delivered,2017-02-11 22:10:04,2017-02-15 11:32:52,2017-02-17 13:50:55,2017-02-25 04:47:59,2017-03-10 00:00:00
0d711a2c41f1b93655be1666ddcae684,213904d01203d2e280dbacb35c3042ae,delivered,2018-04-24 15:27:46,2018-04-24 18:55:55,2018-04-25 15:41:00,2018-05-15 20:08:51,2018-06-07 00:00:00
44bd3ef9b3ebf01ad7d3c061b882a88c,aead531d618236366def3264fa1377d7,delivered,2018-02-26 11:18:07,2018-02-27 11:10:50,2018-02-28 00:47:59,2018-03-09 15:27:31,2018-04-05 00:00:00
a8dab5a72130fd27326322c2b8cdfb5e,7be67d03028a7dcc2b3399ba290f8a45,delivered,2018-08-17 08:51:37,2018-08-17 09:09:46,2018-08-17 12:05:00,2018-08-21 21:33:53,2018-08-30 00:00:00
07220c39eb26068368e675009154d635,2cea17a5c06d7322a3f8ccef29eb9e3e,delivered,2018-03-18 23:08:34,2018-03-18 23:27:48,2018-03-21 19:18:43,2018-04-27 17:35:00,2018-04-09 00:00:00
2ac259040ff5632c80a28851fb876996,8f60029e03ce786d8da780666ca6dcb6,delivered,2017-12-27 17:38:26,2017-12-27 17:48:18,2018-01-02 18:51:37,2018-01-11 20:06:21,2018-02-01 00:00:00
36f3f1d96022b41043bf6db3266453cd,840b5c8902b80e63aa691ca5cbaa9bb6,delivered,2018-05-25 17:46:39,2018-05-28 12:34:20,2018-06-01 13:54:00,2018-06-11 22:05:15,2018-06-26 00:00:00
5d8614cc1b5fa0f33976b87215bbdb0c,179404687da732e002e33a0ea0f27a57,delivered,2017-08-17 21:08:09,2017-08-17 22:25:13,2017-08-18 15:08:04,2017-08-28 19:06:43,2017-09-11 00:00:00
cafae278ef8c0665728ca6a04f710832,ec3051ceda116c9ad7d71352265f1169,delivered,2018-05-18 07:55:35,2018-05-18 08:14:22,2018-05-21 09:17:00,2018-05-24 15:06:43,2018-06-06 00:00:00
7e030f7ce01972bbf5aeeadffe8f930a,83b5f2b720344397153281b6f4021d20,delivered,2017-09-10 09:22:44,2017-09-10 09:35:10,2017-09-11 19:34:41,2017-09-18 19:16:34,2017-10-04 00:00:00
ec37aa5bbde25b0fc0560bf7c34a645c,4543d1d45d8938b993630a876b517070,delivered,2018-03-21 18:28:11,2018-03-21 18:49:09,2018-03-22 19:43:39,2018-04-02 12:54:30,2018-04-09 00:00:00
e024b7de0d4c8896d442d786f81f7db7,536b315e47f318f8144a85175c2a1769,delivered,2018-03-27 13:36:54,2018-03-28 02:47:45,2018-03-29 19:14:46,2018-04-18 13:35:38,2018-04-18 00:00:00
be291a47551443642d4de4c9c165886e,62700f8d4a9563f7bf60faf623e866b8,delivered,2018-03-04 15:02:39,2018-03-04 15:30:46,2018-03-09 20:13:23,2018-03-17 19:57:19,2018-04-12 00:00:00
64ba2e3d931d38f4eb1c1d3fd51ced8d,ed3d7c63e488556f7b8b6f03a40de62a,delivered,2017-09-20 15:55:54,2017-09-21 02:55:19,2017-09-21 19:04:22,2017-09-25 16:04:22,2017-10-13 00:00:00
8a3c41e07ed9a435a6fe2749311f2b04,d722ad7d2867ec257ed3d62603da4744,delivered,2017-04-12 10:53:49,2017-04-12 11:10:09,2017-04-17 11:59:43,2017-04-28 05:14:40,2017-05-08 00:00:00
47cb08d5bac6105ae32587814fca96ca,b6368ca0f56d4632f44d58ca431487b2,delivered,2018-02-11 14:07:45,2018-02-11 14:48:15,2018-02-14 18:38:51,2018-02-27 20:46:42,2018-03-08 00:00:00
620e41d66853f928215b41c1700a9936,8272edd527850ce932066354691eaeee,delivered,2018-05-07 17:29:05,2018-05-07 18:10:43,2018-05-11 13:55:00,2018-05-18 18:08:57,2018-05-23 00:00:00
581b6c8cdb4576b82d9066c29e9d2e9c,074449d94197a408f2ff3bdd985a20fb,delivered,2018-06-19 21:45:46,2018-06-21 03:39:03,2018-06-22 10:53:00,2018-07-09 22:43:19,2018-07-20 00:00:00
9c2d5628db46192a3b862b98468795fc,bcbea1e73b1279467bacc6e5d653bfb4,delivered,2018-01-18 16:24:22,2018-01-20 09:08:44,2018-01-26 19:46:38,2018-02-15 21:28:30,2018-02-21 00:00:00
00a99c50fdff7e36262caba33821875a,7a399396442d5601cbedfbd0a3cf1da4,shipped,2018-08-17 16:25:04,2018-08-17 16:35:18,2018-08-18 09:07:00,,2018-09-18 00:00:00
7c0ce5e0916d0bca80839ea19d6112c7,f4fd1f42308fc47dee6d73ae1f6c9883,delivered,2017-08-05 11:04:36,2017-08-05 11:23:14,2017-08-14 14:23:08,2017-08-23 13:17:53,2017-08-18 00:00:00
0d221dabf9051681797df7bba5701cb6,cf807a5f40605d447229279eb252ab34,delivered,2018-08-10 07:24:55,2018-08-10 08:04:44,2018-08-10 11:07:00,2018-08-23 17:28:20,2018-09-04 00:00:00
6814452b321179f571954d27041139b2,3916988227a640a3c0a13ca4c6aeec4c,delivered,2018-01-04 12:00:50,2018-01-04 12:13:21,2018-01-13 02:42:01,2018-01-26 19:05:39,2018-01-31 00:00:00
c0c1edfe2e51faac7f501bac1827c056,afef4367f50fc1faacdf6c82bd46c6e8,delivered,2018-04-09 22:58:05,2018-04-11 09:11:53,2018-04-12 17:28:29,2018-04-16 14:52:56,2018-05-07 00:00:00
82779777675c9ae6f1e10c9385572ca6,8bf717e4a59fe4116f0629910f545f9e,delivered,2017-02-02 22:08:16,2017-02-02 22:15:19,2017-02-03 13:26:00,2017-02-08 13:48:49,2017-03-09 00:00:00
b27d51cc8af8e7572e42389489c8f748,e92f92603c0c6dbdeb7b081068de681f,delivered,2018-05-04 15:30:39,2018-05-04 15:51:18,2018-05-07 09:58:00,2018-05-22 19:41:18,2018-06-20 00:00:00
504d3fdb152668257245784f42c6fbc7,4591b7c98d8a8a1491e9a6a6b6b44223,delivered,2017-05-07 14:26:53,2017-05-07 14:41:56,2017-05-09 14:32:41,2017-05-15 06:18:03,2017-05-29 00:00:00
20d7abe06a51b7f148c505a2f1c7b785,ed272867c9e0ce1d40b164f7204b0f22,delivered,2018-01-04 20:58:06,2018-01-04 21:09:45,2018-01-10 15:26:51,2018-02-16 16:07:58,2018-02-08 00:00:00
62e9c99570efe4131bd3b6676a4fcd00,fff5dd22d522cf28a902185817642a2e,delivered,2018-03-25 01:11:03,2018-03-25 01:27:25,2018-03-27 01:06:44,2018-04-13 17:28:54,2018-04-12 00:00:00
6eab6f37ff2d390d23be84642739b500,27768518f44c74470bd1f7dc0533c001,delivered,2017-03-05 16:14:41,2017-03-05 16:25:13,2017-03-06 10:15:59,2017-03-15 05:14:07,2017-03-30 00:00:00
c0e51d78b3b0a4b699f7ff3f09826524,114018f425b37ae57838892eb20437aa,delivered,2018-02-22 12:48:04,2018-02-22 13:08:02,2018-02-24 18:06:41,2018-03-02 19:07:17,2018-03-15 00:00:00
4819cd593b17ce6f5757d395b2597a9d,9202f01b2ebd095e340abd57e02b65e6,delivered,2017-06-02 11:06:09,2017-06-02 11:23:00,2017-06-08 14:58:56,2017-06-14 15:35:06,2017-06-22 00:00:00
f62c75a1e0b4e381aab33418a63670a4,320442d075116d982d8912a76fb9ade6,delivered,2018-05-24 11:53:29,2018-05-24 12:19:03,2018-05-30 14:29:00,2018-06-06 16:06:51,2018-06-26 00:00:00
c1954a9b5ac71d26d0ddc091c2bda135,d07f08ab374f2e4641e41229fa0bf264,delivered,2017-11-29 19:10:49,2017-11-30 02:20:17,2017-12-01 22:09:24,2017-12-12 19:42:01,2017-12-27 00:00:00
89c04d2250464948257c7dbd4e41c3cc,06a0072ff4abdf1a5928eb6a66f75246,delivered,2018-03-07 23:36:50,2018-03-08 00:20:26,2018-03-09 11:12:27,2018-03-21 22:24:51,2018-03-29 00:00:00
ad22d501d12b05b17afda08f06ce8bfd,cc0cd7cfb34e6249da817e50177dcc40,delivered,2018-03-12 17:42:34,2018-03-12 18:09:40,2018-03-13 22:03:45,2018-03-29 18:22:12,2018-04-04 00:00:00
1d5685dc33b104f71bb3a8709255c729,684680c60a529be4948fb9373882b214,delivered,2018-07-20 01:22:03,2018-07-20 01:30:13,2018-07-24 08:30:00,2018-07-27 18:07:33,2018-08-03 00:00:00
eba553fed0622c7741f1e47ea751ad04,5a180fc495e36a07b7c0a697bc68c860,delivered,2018-03-27 09:53:40,2018-03-27 10:07:30,2018-03-28 17:33:38,2018-04-04 22:06:32,2018-04-18 00:00:00
14e80e4600a8d7fafeb635d6d4ef7151,235dbacd9cbfaee70bf092cecac8b62d,delivered,2018-04-16 17:21:17,2018-04-18 02:31:43,2018-04-18 18:22:19,2018-05-02 12:32:49,2018-05-21 00:00:00
de43e0e00259ee7b44c7a11e9b5d114f,c3ea664ff88d7468de59ee62516b0c55,delivered,2017-11-13 22:09:39,2017-11-13 22:31:26,2017-11-16 21:07:51,2017-11-20 21:27:59,2017-11-27 00:00:00
7f619a0e50f20db4bbddcf9d58a69e56,0b298086e30348fd0f51d04485f4a876,delivered,2017-11-10 16:33:04,2017-11-10 16:50:47,2017-11-14 23:58:39,2017-11-27 16:59:42,2017-12-08 00:00:00
f60e24afa1a33daf8c332325bafb1687,bf6313d9148432b6ac91c824e263e86a,delivered,2018-03-04 17:48:42,2018-03-05 18:31:21,2018-03-10 02:41:32,2018-03-21 21:04:01,2018-03-22 00:00:00
88a4f29c2b17523d24ae04fac707c83f,1da33efb4b01151365e5dfd68884e614,delivered,2017-12-27 15:35:25,2017-12-29 02:08:33,2017-12-29 16:42:37,2018-01-09 10:04:09,2018-01-24 00:00:00
1655b4671d5cb121e9e7d9fff9a44084,a6557f6a9a47396b574b9a5b6e944192,delivered,2017-12-19 10:09:04,2017-12-20 06:59:38,2017-12-20 20:25:23,2018-01-03 21:18:59,2018-01-18 00:00:00
1ce3ff41294921f70c327561096eb467,ad6c28fc517874a1e80044ecd92f7841,delivered,2018-01-23 08:20:31,2018-01-23 08:32:25,2018-01-23 22:34:41,2018-01-29 18:33:31,2018-02-16 00:00:00
eed6de9f4e402f8a8f204646b98307ab,de017a7470c1080fb969cf1241087883,delivered,2018-05-30 02:17:36,2018-06-02 03:31:49,2018-06-04 14:31:00,2018-06-12 12:13:52,2018-07-11 00:00:00
f126672370e29ca70e98d927eabcadfd,68cb6cde7bee6b378e8a753cf8e5c9b9,delivered,2017-07-11 09:48:41,2017-07-11 10:03:59,2017-07-12 18:46:09,2017-07-14 17:47:46,2017-07-24 00:00:00
a1dd8c3d72d95a11312293743c4064a6,4c67e0a1613b34e3047e157f9dd98d1b,delivered,2018-05-28 15:23:45,2018-05-28 15:35:11,2018-05-29 15:44:00,2018-06-01 19:52:02,2018-06-13 00:00:00
20824f4d96365315a1f191746a385a0c,4fb548a2a29046f4b1d54477725ee8d3,delivered,2018-05-22 22:24:43,2018-05-22 22:38:03,2018-05-23 13:04:00,2018-06-04 18:17:30,2018-06-08 00:00:00
28443792b60e1229531d828dc74087ff,7b706262b29ae6d4b3523ec628254c6e,delivered,2018-04-04 14:06:24,2018-04-04 14:28:54,2018-04-09 14:42:42,2018-04-18 23:06:33,2018-05-03 00:00:00
de1fd807103f4bbdf1bd55bcceec0276,edac083f1a20e237fc65e3c159623f76,delivered,2017-06-12 20:44:04,2017-06-12 21:20:15,2017-06-13 14:49:01,2017-06-19 18:23:35,2017-07-05 00:00:00
b782d486ebb05fdf0ba6ec05652f704f,3afe43b81b0d102b2ca5138ab53f418a,delivered,2017-01-26 16:29:30,2017-01-28 02:32:24,2017-02-01 08:37:30,2017-02-06 14:23:54,2017-03-02 00:00:00
7c22f4e3b26cdfc146cb18998b3905b5,9b913bcb627ae76e3fe17e187559f06a,delivered,2018-01-01 20:31:36,2018-01-01 20:38:27,2018-01-04 22:45:22,2018-01-11 15:27:27,2018-01-29 00:00:00
878d7b205a8f5eb546d03baa3404fb4c,d61138db5bdc5abf1775b4420cf6682c,delivered,2017-09-10 13:07:21,2017-09-10 13:23:55,2017-09-11 21:23:06,2017-09-15 21:52:52,2017-10-02 00:00:00
151a947a0eba9ad24a327a471cd282ca,0ec0f812b0dbc104929395841ebecfc7,delivered,2018-03-26 19:28:08,2018-03-26 19:48:00,2018-03-27 20:22:16,2018-03-28 13:05:28,2018-04-20 00:00:00
2d089d0a3acc8734734e60850db44254,0d81cdd5209a30ae17750f9a7510f745,delivered,2018-05-25 12:00:14,2018-05-25 12:17:24,2018-05-29 12:24:00,2018-05-30 14:38:33,2018-06-13 00:00:00
613c7ca2a39bae57ee5d85632c821555,805314e5a4c05f092b4bf862d651e726,delivered,2017-07-22 22:19:00,2017-07-22 22:30:12,2017-07-24 18:02:48,2017-07-28 20:33:10,2017-08-17 00:00:00
1dc1eb95861df4745ec5c863b93f9691,0434f4ff62dd653e243ded765d430c6e,delivered,2017-09-10 11:38:00,2017-09-10 11:50:19,2017-09-11 20:54:43,2017-09-12 17:22:58,2017-09-22 00:00:00
7a73fa784937ecc3d3f4a6fdd795ee1c,f698ecbcdf5e7530bc1fb607f8407479,delivered,2018-02-21 20:46:03,2018-02-22 02:15:49,2018-02-22 22:09:18,2018-03-09 23:22:49,2018-03-20 00:00:00
a7cab2d2ad5de6e0bd0ede9e8d3a1322,cef801d1929fd81ce1cbd403b937b007,delivered,2017-12-14 23:59:52,2017-12-15 00:55:50,2017-12-20 14:28:26,2017-12-26 12:08:54,2018-01-09 00:00:00
37f61d782089bd338aff5207a31fb933,4883322c6fd5bdaa2beb408d27427ea4,delivered,2018-02-19 15:41:08,2018-02-20 16:00:21,2018-02-21 23:06:59,2018-03-05 16:34:15,2018-03-14 00:00:00
9103eec003eec6e15daddb31db5d756d,cc580bfc263029899790d177d610329f,delivered,2017-07-05 15:46:51,2017-07-05 17:35:01,2017-07-06 16:58:47,2017-07-18 18:48:56,2017-08-03 00:00:00
3be018db2cccab04983c171b901ad20e,d73e92e39e68f4e9778cdb1cb87615fe,delivered,2018-01-16 11:20:27,2018-01-16 11:32:09,2018-01-24 17:13:15,2018-02-05 21:09:02,2018-02-08 00:00:00
21e66217f32d0775592d587a9cee5860,ce40bdf89725ab732c923660e1e3c932,delivered,2017-04-10 11:36:05,2017-04-11 03:55:24,2017-04-11 08:55:55,2017-04-13 15:26:45,2017-05-02 00:00:00
171a1f1ee5fb6ee190e46e3a9dbf85c7,0fbd8d7dd77b4aa7c3b8a93ec376a581,delivered,2018-07-22 17:27:02,2018-07-23 12:32:17,2018-07-23 14:51:00,2018-07-26 16:38:30,2018-08-09 00:00:00
cfaa877f09b4f4bc73fc768bf5817df7,bdc8a93d24ec975556babebc0bdfb9c3,delivered,2018-05-14 11:33:52,2018-05-14 11:58:32,2018-05-17 11:58:00,2018-05-18 15:32:05,2018-05-30 00:00:00
255e207e77964616c3c1ede4741a13fa,fba2f66408d9d7f00f1eeb6c78f1d071,delivered,2018-08-10 23:26:18,2018-08-14 04:25:14,2018-08-14 13:23:00,2018-08-20 17:43:51,2018-09-03 00:00:00
d49594aea51e89d1b67d2bda3f062695,2d0eb4225831ecebc89c64829e35c31d,delivered,2017-11-15 14:16:19,2017-11-16 14:28:02,2017-11-17 19:22:03,2017-11-24 20:34:43,2017-12-06 00:00:00
1d455a95262f0f58fadece96d61cf0db,cf802717497a6cd5ec39da799cf06d6c,delivered,2017-05-04 14:30:51,2017-05-06 02:25:32,2017-05-08 16:36:52,2017-05-16 10:12:31,2017-05-29 00:00:00
9e4fa2c0dfc591cf67a209b057e1907a,8cb5c95e41d7589e72453a8ce44a273a,delivered,2018-02-24 19:43:09,2018-02-27 05:31:02,2018-02-28 18:19:01,2018-04-05 16:37:58,2018-03-16 00:00:00
7d2276ea7a66f8f021896610318e047e,9f55901fca9de3a1febce7f3ebb33b89,delivered,2018-03-09 10:54:45,2018-03-09 11:10:56,2018-03-14 19:11:04,2018-03-21 03:06:37,2018-03-27 00:00:00
870c2436fb461222b14dd9fa78a962d2,e36b4fc0db47825f86924fbf1ba79487,delivered,2018-02-27 23:03:40,2018-02-27 23:15:27,2018-02-28 15:53:01,2018-03-03 17:56:35,2018-03-22 00:00:00
274bfb4da66b528e1e0b332a343fe403,f3537ea2926c0f4178db2d36baaed5bc,delivered,2018-01-13 00:20:36,2018-01-16 03:40:10,2018-01-16 21:45:18,2018-01-31 22:09:04,2018-02-09 00:00:00
5f834cc4ee109c58dff88c60b8ba5ecf,1124aa987445b3d3f42412a375522a89,delivered,2016-10-10 11:22:36,2016-10-10 12:03:12,2016-10-21 16:35:18,2016-10-24 16:35:18,2016-12-06 00:00:00
2cad1cf90acc3870d982eafa58b9a657,67401bf7da895105fbf1b67ff146bc10,delivered,2018-08-02 12:06:05,2018-08-02 13:04:12,2018-08-16 09:28:00,2018-08-20 16:07:46,2018-08-24 00:00:00
21a6a3d0477ec6bada948436fd516e84,51f22b9e1e9360aaed6a38906a820ba5,delivered,2018-01-20 21:21:28,2018-01-22 13:59:33,2018-01-26 21:29:05,2018-02-20 23:23:24,2018-02-26 00:00:00
663ccd66895e16bba443625e63a777ff,2ef0f7f70617d7905b13028bf5c25a30,delivered,2018-02-26 14:28:39,2018-02-26 14:49:36,2018-02-27 15:36:12,2018-03-12 20:48:27,2018-03-26 00:00:00
7056ed3b6f11b379db7915d1f6a69ad9,d906c4099ee449f7420baf549c4d5cc4,delivered,2018-04-21 16:57:10,2018-04-24 19:06:41,2018-04-23 19:03:25,2018-05-02 20:08:46,2018-05-18 00:00:00
990dd7fbb9ecbada4647e9e05a4739d2,6929301c2dd23e9c034837037a2ad189,delivered,2017-04-10 13:54:32,2017-04-10 14:10:28,2017-04-13 16:33:47,2017-05-22 15:46:12,2017-05-12 00:00:00
893c5d0f1a2fd75917c6b37fcd220601,8da2925151cb49aad7fbfa4798167f10,delivered,2017-05-27 10:44:41,2017-05-28 06:35:17,2017-05-31 15:25:48,2017-06-13 13:54:18,2017-07-03 00:00:00
67c78c07a98cbe27b5acebd87a164192,1aef2277225c3bef344c77bc28a13efb,delivered,2018-03-22 23:02:39,2018-03-23 22:55:38,2018-03-27 21:38:37,2018-04-11 19:22:42,2018-04-10 00:00:00
da9aa61ec7bb8713f483bf0bf94c71c2,b1a6b0dfac9abaf320097ee028cc7830,delivered,2017-10-03 09:50:13,2017-10-03 09:56:19,2017-10-05 20:59:52,2017-10-20 16:27:53,2017-11-06 00:00:00
209892dc297e6b541a2251e5af9cb07b,7add1817e4b937b1b86a729146d3e2e3,delivered,2018-04-18 15:04:42,2018-04-18 15:15:32,2018-05-08 14:04:00,2018-05-09 18:51:59,2018-05-11 00:00:00
a29ab32710213cb26d652ffae0386f44,1f83f153f903e4cebf7f5cd78422e674,delivered,2017-07-03 20:02:47,2017-07-03 20:15:12,2017-07-05 15:22:41,2017-07-11 16:05:41,2017-07-21 00:00:00
4fbc8d6f2f4db3e789d5a876fa349b56,bf391aa5a48fbaee55092f1993be3926,delivered,2018-02-02 21:38:36,2018-02-03 20:10:18,2018-02-08 01:04:18,2018-07-20 23:37:50,2018-03-08 00:00:00
8389e56bf17964405109e56799563a03,5453a9dfe80cc116e6839bd77a6df6e3,delivered,2017-02-16 21:51:20,2017-02-16 22:05:17,2017-02-17 08:26:24,2017-02-23 08:15:53,2017-03-17 00:00:00
e21f5c7662bfd911118d391867417f49,c6cfc67be6e0e9cac9113fb7e5be0f6b,delivered,2017-11-22 19:37:41,2017-11-24 19:32:54,2017-11-27 21:25:04,2017-12-06 20:04:14,2017-12-15 00:00:00
80e2ed9ee8878458ac2191eb469cb0fb,c8a2e9332221768c8df71f0936227a05,delivered,2017-06-04 12:09:59,2017-06-04 13:02:01,2017-06-12 14:34:50,2017-06-13 17:13:52,2017-06-20 00:00:00
f391902a7436d24842c938f2e5b1bc34,7119d3c62d0ed7d4c97aebe8bd6704ee,delivered,2017-08-15 22:52:30,2017-08-16 02:05:19,2017-08-23 19:06:51,2017-08-25 23:08:36,2017-09-13 00:00:00
e53550183258c1680dd24b5923d44e7e,3f0e725e7ec44041799bf649e48618ab,delivered,2017-10-06 07:54:00,2017-10-07 08:06:57,2017-10-11 10:18:34,2017-10-22 12:33:45,2017-10-30 00:00:00
8440936faa0c663bc5df31cc598dd8b9,5519a510e5eb7dff3e95c0acff085cda,delivered,2017-12-21 23:21:27,2017-12-21 23:32:23,2017-12-22 19:15:06,2017-12-30 15:49:00,2018-01-17 00:00:00
4ac2b21645a33938ab26a37096fcd16e,90caca072b6ba6b23f41621fcb354449,delivered,2018-03-13 09:28:21,2018-03-13 09:47:32,2018-03-14 20:11:39,2018-03-16 21:46:47,2018-03-23 00:00:00
2eed473a355a3965e5a3fbcea0ffa40d,fc87e5c06780700952aa42998a22968f,delivered,2017-02-01 12:59:24,2017-02-02 02:41:25,2017-02-03 15:37:34,2017-02-16 10:41:25,2017-03-14 00:00:00
0dccb365ad960364b43a228ff6cebd3b,a9ca3b39e35d10ccf296775214d2014d,delivered,2018-02-13 10:20:54,2018-02-15 03:51:09,2018-02-20 17:28:15,2018-03-09 19:39:42,2018-03-19 00:00:00
b63d5080c2de46861754004d25ae9362,9574415136385170a178cb4497477f0d,delivered,2017-08-15 09:05:20,2017-08-15 09:24:09,2017-08-15 14:33:17,2017-08-16 17:35:35,2017-09-04 00:00:00
d04757c9594f6b1953682f34c0b1086c,1cea0c9e9a40f2a7c264e9fb0629cc32,delivered,2018-04-20 15:12:39,2018-04-24 19:26:31,2018-04-23 22:03:33,2018-04-30 19:21:58,2018-05-18 00:00:00
cab8cba54a55cc19762e10bf029dae6d,83515b26846c0c6375ce1d237e5f8bf8,delivered,2018-06-12 14:47:30,2018-06-12 15:47:35,2018-06-13 15:02:00,2018-06-14 10:52:27,2018-06-21 00:00:00
a07b30a459f83015fb2927d732e20943,11774e935f45f1583ef4422b01e8d1f0,delivered,2017-03-09 15:51:21,2017-03-09 15:51:21,2017-03-16 12:43:58,2017-03-20 10:18:50,2017-03-30 00:00:00
462ec2e1d2a6a3ae425fdb77837d326d,9e79faf37d10edc76b6b7076887794ee,delivered,2018-05-09 17:17:57,2018-05-09 17:36:21,2018-05-10 16:16:00,2018-05-25 16:21:07,2018-05-30 00:00:00
7d2a9b5d033ed3eb9cdfe92ba882a621,c4b4a528ae36f2f533406dd55b9858f9,delivered,2018-06-11 20:44:22,2018-06-11 21:40:25,2018-06-12 13:11:00,2018-06-14 23:51:43,2018-07-03 00:00:00
09dbda42baac941ca241f8cea65b2306,45e2389ac675ee3f4804b5f58c318d0f,delivered,2018-01-14 09:20:37,2018-01-15 09:30:52,2018-01-16 19:03:21,2018-02-22 19:17:00,2018-02-05 00:00:00
a61a5c36b1749690eb8fd91ea1b0ada4,006e0e7aa73b77bfcc0c4b2a3f3ab0cc,delivered,2017-06-10 22:12:09,2017-06-13 04:15:29,2017-06-22 16:25:11,2017-06-30 13:17:34,2017-07-03 00:00:00
7d3cd94ead444e7d5a948a9e0021c426,9a4bab346d564c0b0afe5f7f5b9854f6,delivered,2018-03-05 15:56:52,2018-03-05 16:15:49,2018-03-08 23:12:31,2018-03-27 15:06:11,2018-03-27 00:00:00
3731f953758c3a1222e5c041140236fd,16668424537b99f118b25bbbfc45aea8,delivered,2018-04-03 11:59:08,2018-04-04 03:29:31,2018-04-18 22:24:40,2018-04-23 20:55:25,2018-04-23 00:00:00
31cad6ec7ac19b48d3eca43d624f6cfd,54a313a0e979a0881b26acc884f03197,delivered,2018-07-18 23:01:12,2018-07-20 04:55:28,2018-07-25 14:44:00,2018-07-28 00:48:21,2018-08-13 00:00:00
7888cdac405b09671099be62efb2de3d,bfe0e1c002e75e57b057eef574261073,delivered,2018-02-01 18:47:08,2018-02-01 19:37:36,2018-02-05 11:13:17,2018-02-16 17:32:33,2018-03-02 00:00:00
cfa3ebc822bd859ba19fa0daf5c77c9d,6e9e186cebaffb3eab8730c5dc2ea8ea,delivered,2018-06-25 21:38:38,2018-06-25 21:55:17,2018-07-05 14:02:00,2018-07-11 18:21:45,2018-08-02 00:00:00
e4359be0adeea34c8db93c37391dcf9d,d042569e31dda17519847f4bfc9bd327,delivered,2017-02-14 16:38:30,2017-02-16 02:23:38,2017-02-17 13:05:15,2017-02-21 10:04:58,2017-03-15 00:00:00
36c68e2e8ad21203f7f149a315550bb7,e32964dbb1ef9fcd089eaea349e3766a,delivered,2018-08-01 22:56:04,2018-08-03 02:35:21,2018-08-03 13:16:00,2018-08-11 21:31:14,2018-08-06 00:00:00
869fbc1490b3463106241d10454b6eab,88aa57af603d46615d5d2dd0c8b35949,delivered,2018-06-21 11:16:18,2018-06-22 04:36:03,2018-06-22 12:55:00,2018-06-25 15:48:45,2018-07-04 00:00:00
61bc37c42c68767e75243b8c2061f5aa,b3beef70f17ed56c0f98f810e411d87b,unavailable,2018-01-11 15:07:19,2018-01-12 14:57:24,,,2018-01-31 00:00:00
f1ffa84db833c490ced2c3bc52b1b833,0d1ee76cb9ade0437e79b7d5e081f70d,delivered,2018-08-05 19:41:36,2018-08-05 19:50:14,2018-08-06 11:59:00,2018-08-09 21:36:32,2018-08-22 00:00:00
48483d781181b0424eb4d9729ce4ccca,c3b04ecafd51f2397be52af9ec00e07b,delivered,2018-08-03 16:13:40,2018-08-03 16:25:15,2018-08-07 12:10:00,2018-08-13 14:38:44,2018-08-16 00:00:00
4e2451cb6e8ca4428c8f7e305bbfbbea,f660f1eb95ba1b9b20451d71725efc67,delivered,2017-08-07 09:55:21,2017-08-07 10:10:14,2017-08-07 17:34:39,2017-08-17 18:09:30,2017-08-31 00:00:00
136a3da67b93100ec6fc05442613bcec,0b1112dc536e328e5ed2eddeed21b5de,delivered,2018-08-03 15:54:30,2018-08-04 04:15:41,2018-08-07 14:06:00,2018-08-10 21:51:50,2018-08-24 00:00:00
2a938ab677c1c4b10ef1a62a22279dce,8013d95ecd587043c16b7f3c809e2a37,delivered,2017-08-16 09:08:26,2017-08-16 09:30:10,2017-08-16 18:33:15,2017-08-24 14:04:43,2017-09-11 00:00:00
d2dece433559912b3b1d40ac3afc35cb,7a55dc07a929d8dbef76694c3e454978,delivered,2018-05-03 22:30:01,2018-05-03 22:52:45,2018-05-04 10:29:00,2018-05-10 17:58:49,2018-05-28 00:00:00
675d4a6271a945ab36d34c5f0951f0ad,a3b4c3dae12aba9af184847b0bd58144,shipped,2018-01-09 12:23:00,2018-01-10 10:32:29,2018-01-17 18:45:24,,2018-02-05 00:00:00
708d8f65b7d44e636e299978fa1f11a4,7c88f9e6560eb826d135c5b234704036,delivered,2017-12-20 15:14:17,2017-12-27 17:37:20,2017-12-28 21:13:58,2018-01-08 18:04:45,2018-01-18 00:00:00
9986ac2a8cad0d983e8a964b94aa8149,8e6f5fce73ad1569600b35407ed6721b,delivered,2018-05-30 00:17:10,2018-05-30 14:57:23,2018-06-01 14:52:00,2018-06-13 19:36:44,2018-07-11 00:00:00
37a4e7df89c72e67269149696ba6cb71,d8f61bfb10e9586732b688b520670d13,delivered,2018-03-08 19:53:10,2018-03-08 20:09:43,2018-03-13 01:03:05,2018-03-20 20:24:51,2018-03-29 00:00:00
80a9ad939bd816de40da5a87156a5497,618b8a8069f55d05ad5f1ccc488afa5e,delivered,2018-06-08 13:36:38,2018-06-08 14:53:58,2018-06-11 12:21:00,2018-06-20 17:52:32,2018-07-04 00:00:00
82f255ceb9406e722a069255a0d40630,1fcdf88873d477c1fad8e83368f7f9d9,delivered,2017-09-19 16:06:06,2017-09-19 16:24:35,2017-09-21 20:48:40,2017-09-29 12:50:01,2017-10-05 00:00:00
447e8aceeed0daf26dc6c021e72b73ea,aba778637b5257b913982223c1b375f5,delivered,2017-08-27 20:30:57,2017-08-27 20:44:39,2017-08-28 20:05:50,2017-09-06 18:20:05,2017-09-19 00:00:00
29378d5129c88c97f152331affe2ed00,928decbd71d845b2a6bf900ec9a84ffb,delivered,2018-03-22 11:43:09,2018-03-22 11:55:40,2018-03-23 23:58:28,2018-03-27 18:58:35,2018-04-13 00:00:00
abfacef50a27d7cea3f2c7aa60c08245,5f2d32c9dc38e07a3f364d00b94ff674,unavailable,2017-09-29 13:55:25,2017-09-30 02:36:26,,,2017-10-25 00:00:00
fd98db0c60caa964759465417876e390,887fa8c54c01aeec56fb2ed2f44d533c,delivered,2018-06-11 11:52:05,2018-06-11 12:22:38,2018-06-11 14:14:00,2018-06-20 21:54:29,2018-07-12 00:00:00
4f2dc4a949823819bfc75b784fb32686,f9e02bc10bfffa9852c78f6c9a5d06ec,delivered,2018-06-27 16:50:00,2018-06-28 02:15:54,2018-06-29 14:45:00,2018-07-04 20:26:25,2018-07-18 00:00:00
6258f184f313311383d31c1a6ea59b7a,4a83a9d842d4d7401b972ecf62e85c1e,delivered,2018-08-18 22:47:36,2018-08-20 10:50:15,2018-08-21 12:51:00,2018-08-24 21:22:36,2018-09-04 00:00:00
37ce40447807e0d3e58cc474ce549881,72d1b8564e088b8bb0a080d3ff03de1a,canceled,2018-01-27 11:20:50,2018-01-27 11:34:30,,,2018-02-26 00:00:00
7d51427ec940da2e27bc824dd56a2300,532b4a0dfe9bb0a12b26792a2a224d5f,delivered,2018-02-21 16:37:59,2018-02-22 02:10:46,2018-02-27 20:41:54,2018-04-03 17:28:42,2018-03-19 00:00:00
767f00750341a13761a30bb3d0447229,4388b9faefc42efae6a73a5513571ef6,delivered,2017-12-12 13:57:58,2017-12-12 14:40:21,2017-12-13 15:57:10,2017-12-29 23:16:14,2018-01-10 00:00:00
469047e99377da914f6d4eb996977190,7eb0ed58083a45d5fd210c15f0c07079,delivered,2017-05-05 14:15:32,2017-05-05 14:25:22,2017-05-09 07:47:59,2017-05-17 17:09:31,2017-06-05 00:00:00
2728f05b0714bfb8af3dc31e0abf0901,0827b8ba0083ce864acc1e1de2428666,delivered,2017-10-23 12:18:47,2017-10-23 12:28:24,2017-10-25 16:37:49,2017-10-26 18:22:35,2017-11-06 00:00:00
c89a29cbd8db5a3dc5750a3748985526,92fc685f17d42e87f9ad5933203b06ed,delivered,2018-08-02 15:47:42,2018-08-02 16:04:13,2018-08-09 13:53:00,2018-08-14 16:32:26,2018-08-23 00:00:00
a2940f1b67316eac4f302e29554392aa,cf6e2b8a22d2788c9b3e26b2a276a065,delivered,2017-06-26 16:47:48,2017-06-26 16:55:11,2017-06-27 15:35:45,2017-07-03 18:12:17,2017-07-14 00:00:00
474f2b1387a07ea0159ca7a996dd09e8,af9f1f9ade37d77f67931dc3ee2210ba,delivered,2018-05-25 13:00:02,2018-05-25 13:13:31,2018-05-28 14:37:00,2018-06-02 13:50:39,2018-06-14 00:00:00
a54b9350f120bf643b010046fc8d7790,b7b94ef92d6a86934e2a60a6b8fb8f3d,delivered,2018-07-05 00:44:25,2018-07-05 16:32:24,2018-07-05 14:43:00,2018-07-10 20:43:57,2018-07-23 00:00:00
fd6eda1ff5aedbd14847c99543d9162f,8d670f03d4aad9113c023b555c8effb8,delivered,2017-11-05 21:53:52,2017-11-05 22:06:49,2017-11-07 19:03:15,2017-11-10 21:56:53,2017-11-24 00:00:00
11abc6f4bd19a0153ae77beb0177ba1e,d511f1aec4f336c81bcaafd146e95066,delivered,2018-02-14 02:30:34,2018-02-14 02:47:05,2018-02-15 20:13:11,2018-02-23 19:21:48,2018-02-22 00:00:00
eb31615d4fb1db2f9a185385df563762,23c2f0cffc1eef4b0dae154e4d1b2764,delivered,2018-03-13 14:34:24,2018-03-15 03:16:21,2018-03-21 20:28:37,2018-03-23 16:32:19,2018-03-23 00:00:00
5143a430945a2dd6f4fe4ed2dac0b47a,410ed911a275f00b913bb31188096797,delivered,2018-06-13 13:45:00,2018-06-14 02:57:31,2018-06-14 08:48:00,2018-06-25 12:06:28,2018-07-05 00:00:00
ae444b0ace16023ecd8b22ea477c263d,a3ed651de47cbc84bd9075c252dd6fa8,delivered,2018-08-15 16:03:52,2018-08-15 16:15:27,2018-08-16 11:49:00,2018-08-21 16:59:28,2018-08-30 00:00:00
3f975d6254e730e9262bc7be0b71a589,1fa70ec76b78a75a9d0127b26d5095b6,delivered,2018-07-31 23:34:53,2018-08-01 23:30:16,2018-08-06 19:36:00,2018-08-08 14:38:21,2018-08-06 00:00:00
78275af5c9a2f3d0e1d19f9f4bc62922,99182e080513861b4cd1c88dae4c020c,delivered,2018-08-15 10:31:34,2018-08-15 10:55:21,2018-08-20 14:25:00,2018-08-21 14:38:56,2018-08-23 00:00:00
b0b3dc7e3c7cdba072b4e086dc5c3cec,c29d003e165817ef52daa830952c2ded,delivered,2017-07-14 21:31:30,2017-07-14 21:43:28,2017-07-18 16:03:47,2017-07-24 17:48:35,2017-08-07 00:00:00
c8e35783a2527cdf286c54e2ae9727db,891966aa607cc04bf5575d6b22ef9e57,delivered,2017-11-23 08:35:26,2017-11-23 08:48:00,2017-11-27 18:14:59,2018-01-03 14:36:20,2017-12-14 00:00:00
0e82d5829ca1e9cd05b34dfcc62f1381,4e129e00fc6bf71e230b5671c22261e3,delivered,2018-03-27 20:35:09,2018-03-27 20:47:13,2018-04-03 20:04:53,2018-04-04 21:33:02,2018-04-09 00:00:00
7fb6586ab530ed69383ddde20ef388f9,b0d72b227b0caa8a7156db18f5cbe0f4,delivered,2018-03-02 10:22:22,2018-03-03 02:51:27,2018-03-08 12:59:51,2018-04-16 20:22:03,2018-03-26 00:00:00
d933bc3298b938687c5aab9685d2108c,a0ce4f6c04746a55b96b6344e07cceb1,delivered,2017-08-28 20:26:41,2017-08-28 20:44:56,2017-08-29 16:58:14,2017-09-08 20:30:07,2017-09-21 00:00:00
edb393cd17dd2237275ded0a4e2bbddd,1a0de9ba25ea44e1437e00540d33b3cd,delivered,2017-06-09 15:50:50,2017-06-09 16:05:16,2017-06-14 10:06:49,2017-06-19 12:15:57,2017-07-04 00:00:00
78a883974d6c4d296a7c7ff7f784a1d4,9ad05c7dbb22a5c9f31adb8fcc73b48f,delivered,2017-11-27 13:24:05,2017-11-27 13:38:36,2017-11-29 19:58:34,2017-12-11 22:52:37,2017-12-26 00:00:00
738ab6c7be5e44aff6c34378317215b2,4fdeaa6314f23f4d94093b9e1b7d60ac,delivered,2017-09-15 22:59:54,2017-09-19 03:50:28,2017-09-21 19:07:18,2017-09-25 20:13:25,2017-09-27 00:00:00
de667b5fad55b8d18285f1d32a4f5e49,7725b79e7d1dff9dcad0f1eb02ecedcf,delivered,2018-02-18 18:46:14,2018-02-18 19:46:50,2018-02-19 21:37:04,2018-03-13 21:23:28,2018-03-16 00:00:00
e7c93d513c10924fe1f15a0838e4ce95,3f6ae99881c82dfb4cfbb0f95e17d157,delivered,2017-08-01 23:41:09,2017-08-02 00:35:16,2017-08-04 19:57:54,2017-08-07 21:16:49,2017-08-14 00:00:00
c45965834bc929b4242b82f924d52c49,3f0b493fe107e4453cc7c9e7a8f57f29,delivered,2018-06-03 19:45:59,2018-06-03 20:09:29,2018-06-04 13:58:00,2018-06-08 15:36:55,2018-07-12 00:00:00
b52312202c9a950b9054cb94fd040440,bd9704a4da1d3d36e5eeec69f4b5af09,delivered,2017-09-28 13:19:35,2017-09-30 02:14:41,2017-10-04 18:52:10,2017-10-09 19:51:38,2017-10-20 00:00:00
c287665fc4b5b02e3a834918712358f0,e1ad369d0ec1bf2fae2a72a49f273e82,delivered,2018-05-02 16:06:23,2018-05-02 17:32:08,2018-05-04 14:40:00,2018-05-09 22:42:52,2018-05-22 00:00:00
cfc4f48d827c5f241da9edda7f8890c5,7308fbfe5202601e78a01cec26ff4294,delivered,2017-12-09 20:08:19,2017-12-11 20:11:43,2017-12-12 18:27:14,2018-01-08 09:59:16,2018-01-18 00:00:00
24d9966e0448b19c57091951a299c0c4,f8cefb56f4cda0d4bb72f22a1c3e0961,delivered,2017-05-14 21:17:41,2017-05-14 21:25:18,2017-05-16 12:16:59,2017-05-22 12:46:10,2017-06-02 00:00:00
5f6cee60d80a6dd034b88aef816803c5,fd64f86e80a42c3506752ebf7949ad1f,delivered,2017-12-20 09:47:30,2017-12-20 10:09:45,2017-12-20 18:19:10,2018-01-08 18:45:30,2018-01-17 00:00:00
04f92792b1960e9302825742e0751a5c,8dddf27adc934a43b2ab68289ec22651,delivered,2018-05-12 09:01:06,2018-05-12 09:14:41,2018-05-29 07:07:00,2018-06-01 19:24:41,2018-06-19 00:00:00
760209837cc5c577075aeb32eb2f219f,2e7a7949ed59755832f8877b154bb202,delivered,2018-08-14 23:38:02,2018-08-14 23:50:45,2018-08-15 12:20:00,2018-08-18 20:08:55,2018-08-29 00:00:00
e144a54c13458667eb25fc1a5eaf5139,cd40968134f4910e8a0b772a0012154d,delivered,2018-08-17 22:23:06,2018-08-17 22:35:11,2018-08-20 13:30:00,2018-08-22 16:08:53,2018-08-23 00:00:00
8585531565f837954132c3e78ff8afc7,d1ec94f80186282546f865ed5db47170,delivered,2018-08-12 12:53:18,2018-08-12 13:05:11,2018-08-13 16:17:00,2018-08-16 02:32:18,2018-08-21 00:00:00
1523268cac9326ce1a5fbac7f88a6f20,657df615e86dce4fd9723ad0038cac71,delivered,2018-02-17 01:27:05,2018-02-17 02:07:50,2018-02-20 23:39:09,2018-02-23 20:07:41,2018-03-12 00:00:00
67c029563d7111f0c266898988cc30d7,f2a517cdb90d799c2c54fc8836978628,delivered,2018-05-03 14:05:39,2018-05-04 03:31:47,2018-05-04 15:45:00,2018-05-15 17:06:03,2018-05-25 00:00:00
750e563540da2f000293d963702ade0f,d2110324541912e3b261b172f4a09027,delivered,2017-12-04 12:37:36,2017-12-04 16:33:11,2017-12-06 20:43:14,2017-12-08 23:43:09,2017-12-20 00:00:00
681a34bb485c77196838976dbbbdf8d7,8f6eb2e2f77b726bfdaf4757533a97ab,delivered,2017-08-19 20:39:47,2017-08-19 20:55:18,2017-08-24 21:53:14,2017-08-29 21:36:44,2017-09-15 00:00:00
acc2a63ccf0116a0851f085f5f19b7a0,b19f542d676ea384dc2bfe700115e09e,delivered,2017-05-31 00:28:32,2017-06-01 03:55:20,2017-06-02 14:49:06,2017-06-13 17:07:43,2017-06-23 00:00:00
7ed1923ef9c8ce180035acd26a2d8eae,1c29747884fdd7ff5fd35fb194c08379,delivered,2018-06-11 12:42:32,2018-06-11 12:58:41,2018-06-13 14:04:00,2018-06-20 16:48:43,2018-07-13 00:00:00
5860cc6e7b232e3c597af193d7760d1a,d6ea00d4a2dca6a01c708931b325a9e5,delivered,2017-02-13 10:20:42,2017-02-14 03:45:17,2017-02-17 10:46:21,2017-02-23 11:11:58,2017-04-03 00:00:00
8ba7b9688864f088106780b9f367ee4f,ea42fc12ce6d7f1f94b5df6a997bf8b6,delivered,2018-05-17 16:36:55,2018-05-18 02:36:36,2018-05-21 19:25:00,2018-05-22 13:44:52,2018-05-29 00:00:00
3dca6d9d8b512cc7f4b303e609b8c0e1,e02f44d7cbe1d2ab287b7f52ad26620e,delivered,2018-06-12 16:27:45,2018-06-12 17:13:29,2018-06-13 15:49:00,2018-06-21 00:56:40,2018-07-16 00:00:00
02da43e64b38100ea4b0b4a76cc2ba66,3f4b4fe7e5dbc66d4c5a38904823d1e0,delivered,2017-05-24 08:26:19,2017-05-24 08:42:34,2017-05-24 16:00:12,2017-05-31 16:59:59,2017-06-22 00:00:00
3c75574b6ba7015391e4755c6c03bd12,36ba83214eae032b948f6a0aa772b0c4,delivered,2018-08-01 16:03:30,2018-08-01 17:05:14,2018-08-02 15:07:00,2018-08-06 16:08:41,2018-08-15 00:00:00
39ff1e358efa92ceae42de6d5f9d37cf,0636c00ff07cc01420d79a193b3496f3,delivered,2017-12-09 19:27:43,2017-12-09 19:37:21,2017-12-15 23:52:39,2017-12-21 13:22:27,2018-03-06 00:00:00
34a0ae203a8819db9d40960b5e456001,ee41984b4358785eb49d2ea192c532fa,delivered,2018-03-21 22:01:33,2018-03-21 22:10:32,2018-03-27 19:41:28,2018-04-11 18:28:31,2018-04-17 00:00:00
856a7ab58f3a7cc4560202758d971b38,b4a63ceeb0466c92a04c584e251b4579,delivered,2017-09-25 01:11:48,2017-09-26 03:56:25,2017-09-26 19:48:45,2017-10-04 19:32:50,2017-10-18 00:00:00
f976bd9178b8f3927dbf9f4b5f9e7f16,df75707f355311a21d7797b936fe342f,delivered,2018-03-04 20:44:25,2018-03-04 20:56:14,2018-03-08 18:38:39,2018-05-18 18:48:43,2018-03-26 00:00:00
b67a5312d2d005a148c1c5b0f767bf72,d595b92f8ce23b99619ff596b8d5ee3f,delivered,2018-02-13 18:02:24,2018-02-13 18:15:28,2018-02-15 20:56:03,2018-02-27 01:24:57,2018-03-15 00:00:00
737fb9e22c4e0cf05ae8e8d8f6992b71,a398ed93af6c349a0351c5f171d2a3ba,delivered,2017-11-26 22:01:00,2017-11-26 22:14:27,2017-12-02 00:28:55,2017-12-11 18:37:22,2017-12-22 00:00:00
322e0693b07397cdc9adce3006dcce22,21eba4e14182cef9794979f9a85eb20e,delivered,2018-01-26 09:12:36,2018-01-26 09:19:25,2018-01-31 22:28:57,2018-02-01 22:26:47,2018-02-09 00:00:00
733fd3fbb07ad971f1570aa18efe747a,359046030b0923355f2fad902c6427b1,delivered,2018-07-24 20:35:37,2018-07-25 16:55:30,2018-07-31 14:01:00,2018-08-02 16:48:48,2018-08-10 00:00:00
9351027800b2ca5df75c6d6999cd5774,432e843186d4ed1be1c754d8fea8c14a,delivered,2018-01-10 12:47:41,2018-01-11 03:08:40,2018-01-16 19:42:58,2018-01-17 15:48:55,2018-01-29 00:00:00
eeb7ec17386d00ac88c486894a069505,1cba1ad3c6c46f2693ec946bf239642c,delivered,2017-10-22 19:17:43,2017-10-22 19:28:18,2017-10-24 14:35:59,2017-10-25 21:23:35,2017-11-03 00:00:00
4ab8819fc4b34e4d6b2710f3121b2400,7f4dd5f1bbd777aac4f37a4ec70fe503,delivered,2018-02-07 14:04:08,2018-02-07 14:15:27,2018-02-08 22:43:08,2018-02-09 21:19:02,2018-03-05 00:00:00
533e799c38f442b59dfd2c9b73ebd8a4,75f3c17f0e74607e2278a8804fdb5895,delivered,2017-11-27 00:02:43,2017-11-27 00:18:55,2017-11-28 23:58:35,2017-12-07 17:56:48,2017-12-20 00:00:00
e3801209a2584fae1500a65188c9a60f,e11d54cdd142275dd29cdab42fe2c086,delivered,2018-02-15 14:25:03,2018-02-15 14:35:37,2018-02-16 16:24:45,2018-03-06 15:04:23,2018-03-15 00:00:00
711a14d38a221a3d744f33b8b8e78981,6763f99558a5f6fa9777ff839a910c16,shipped,2017-06-28 15:59:10,2017-06-29 09:10:17,2017-06-30 13:12:47,,2017-07-20 00:00:00
7b88b6206dd4a32a6d7301d8d6973303,28e5dd68bcf6664750d9c6963d1ac2ac,delivered,2017-11-07 17:05:59,2017-11-07 17:16:17,2017-11-10 20:26:59,2017-11-21 14:54:00,2017-12-04 00:00:00
2aed991f5c4a0db2a7aa9bbaf9f4044f,129ccde4bb98af5b8f8b0b7e15972852,delivered,2018-05-03 11:38:16,2018-05-04 11:51:33,2018-05-07 16:16:00,2018-05-15 18:53:01,2018-06-12 00:00:00
6dc6e99a01bde217886fd6fba71f91c8,569de3aecdacc79742e292a16a8aeeab,delivered,2017-04-07 13:39:55,2017-04-08 06:35:16,2017-04-10 14:43:17,2017-05-02 16:10:13,2017-05-11 00:00:00
72338cbe5e2e8e0e6018f8497ee34420,a413b3b1559d33322bef30c42f3651f6,delivered,2017-12-18 13:41:01,2017-12-18 14:51:30,2017-12-20 19:23:12,2018-01-03 19:36:44,2018-01-12 00:00:00
e4e95d2b1c7eb000eefef2efea68ef15,a8754f3407fc3cbce6b4ca5ccca4bd44,delivered,2018-02-05 00:50:06,2018-02-05 01:10:45,2018-02-06 22:58:18,2018-03-13 16:27:42,2018-03-06 00:00:00
46bda15a7762d32270b8141ad9c27c2c,399c706d8c2c93239ebf9f0287aad6c1,delivered,2018-06-11 15:38:29,2018-06-12 09:00:53,2018-06-12 15:05:00,2018-06-14 20:15:35,2018-06-26 00:00:00
b10944098c8ae5130e647d08da104c38,55f0342427bc5610d5da97421b46c985,delivered,2018-06-03 23:22:33,2018-06-05 04:51:51,2018-06-05 08:01:00,2018-06-11 12:26:33,2018-07-17 00:00:00
587036b6e4bc7cdb0e844892f271ec24,ab5d3626a2764c80612a8212e071cffb,delivered,2018-03-22 12:42:39,2018-03-22 12:55:35,2018-03-23 19:58:44,2018-03-24 19:27:36,2018-04-09 00:00:00
fc2b731f9c539d7f27f5e598f9c14e59,dae3e3027c9aefced5c69fdb46dfd231,delivered,2017-10-16 10:07:40,2017-10-16 10:27:12,2017-10-19 14:48:54,2017-10-28 14:31:59,2017-11-08 00:00:00
c3172e32bc52d8dde2aa5c6cb36cddfd,e8ed7572e721227ba8633a723b2562d2,delivered,2018-01-24 21:06:55,2018-01-25 02:38:20,2018-01-26 17:24:42,2018-03-02 01:49:11,2018-02-21 00:00:00
fe468f428b8be30b4e7ca85901a35dac,950087336d1384f2086620dd28246cba,shipped,2017-06-05 09:23:16,2017-06-07 02:25:33,2017-06-07 15:21:38,,2017-06-28 00:00:00
f769d5778736c059f21be80b520c0b86,9b6103f5f1d4589d533383cd48675eee,delivered,2018-01-30 12:08:40,2018-01-30 13:00:26,2018-02-01 20:33:56,2018-02-15 21:14:22,2018-02-23 00:00:00
fd0926fd1e8031a9cf228b88589a085b,04ac10c2ecdfe490a4bf9339c3c145c3,delivered,2017-03-20 14:14:31,2017-03-20 14:14:31,2017-03-22 08:48:00,2017-04-07 18:46:48,2017-04-19 00:00:00
2c05e86354de83162d3ef5a185cb5822,f1f15eb8f532286faaf09fdfe38387c5,delivered,2018-01-15 13:09:23,2018-01-15 13:30:19,2018-01-15 21:44:55,2018-01-24 12:49:02,2018-02-05 00:00:00
a7172161f4280142285eebbe70b8c8fa,9dfdab8e5b4586c673627fd1bdab3d36,delivered,2017-03-04 16:14:20,2017-03-07 03:55:30,2017-03-10 16:23:43,2017-03-24 12:05:10,2017-03-29 00:00:00
93fac531a5d1aa75846d96103217e85b,411e55a7552f5194f492ee0c4d62c0f7,delivered,2017-10-05 06:36:34,2017-10-06 02:25:16,2017-10-13 20:18:53,2017-10-18 21:02:59,2017-11-07 00:00:00
be255c29d745dad22bed17e8e2731706,73c27cdc4de9cfdc9ecb90ab01acfdcf,delivered,2017-12-03 13:40:51,2017-12-03 13:52:21,2017-12-05 00:37:41,2017-12-21 22:59:01,2018-01-08 00:00:00
19988184f9c2b5a7bb91bc3a4eb13ff3,ef163ed0721d0ccf1dc5e172487375b5,delivered,2018-01-26 14:58:57,2018-01-27 02:46:36,2018-01-30 21:22:51,2018-02-05 20:12:05,2018-02-21 00:00:00
2e82339ec0f39a69be776815f3bac508,66d5a520e4f7af2cdc4f725d8d8ed705,delivered,2018-01-29 22:49:11,2018-01-29 23:11:20,2018-01-30 19:37:08,2018-02-01 17:54:54,2018-02-16 00:00:00
09b216c85c7fb2105c85987be09e7ec9,3c83de52146ed3ce7c9786f3cf800565,delivered,2018-04-10 14:01:14,2018-04-10 14:10:23,2018-04-10 23:13:50,2018-04-19 22:44:47,2018-05-10 00:00:00
55f3c870c1e40785268450603096ec90,57f23b901652eab7f1e37d43d6fdc273,delivered,2018-03-10 14:07:19,2018-03-10 14:27:58,2018-03-12 14:31:17,2018-04-06 23:19:15,2018-04-11 00:00:00
3772bd82db6b988f9a7008bdb3a4b729,d00682c2eaf70db1869809d2fbaf7aba,delivered,2017-08-30 14:01:17,2017-09-01 06:24:30,2017-09-01 18:17:49,2017-09-06 17:52:25,2017-09-22 00:00:00
3818dcc3b7bd25996c0f1684437f019b,7fa7bd0cf78ec810d6a60fd27acf15a9,delivered,2018-01-03 00:06:12,2018-01-03 00:14:28,2018-01-03 21:12:52,2018-01-12 22:10:26,2018-01-26 00:00:00
0ebe7b603e2e4b83d9adf9f169585f0d,3ffe2ccbfbf181d3e261ff9ba134a26d,delivered,2017-11-03 14:42:52,2017-11-03 14:55:28,2017-11-06 19:28:50,2017-11-18 18:08:44,2017-11-23 00:00:00
6c0c06748330cb44b0e4d49f295251c3,9683869125c8e2cd4c6681f7d0f5b91c,delivered,2017-10-12 21:19:05,2017-10-12 21:35:27,2017-10-13 14:35:44,2017-10-20 17:48:12,2017-11-01 00:00:00
f6151443391cbb0f7fb0fcaf6d79e963,fa6ac2e4164ca0db95051469d1876bc9,delivered,2018-01-29 11:48:36,2018-01-30 05:31:35,2018-03-01 18:39:09,2018-03-13 23:16:22,2018-03-13 00:00:00
f73b31435ce6dec43df056154c39a1ce,f0f671d4034e98cdf20f0c452d6db02b,shipped,2018-08-20 12:37:54,2018-08-20 15:35:42,2018-08-24 16:48:00,,2018-08-27 00:00:00
0d597bde3929912cb11ba2fe571a4267,1e95a3150bf91dc251e39741df7192de,delivered,2017-11-24 13:42:26,2017-11-24 15:54:19,2017-11-28 20:37:06,2017-12-16 19:48:42,2017-12-18 00:00:00
b9d5bea267e1dd6838786cc12ba40ceb,5dd87fec0c1fcc4a00774fa5f898d5c2,delivered,2018-03-15 14:19:41,2018-03-15 14:35:21,2018-03-16 21:04:46,2018-04-16 20:14:43,2018-04-12 00:00:00
890e966b2b72ba13da8c01387874afee,4cd1c9f0fc14298ee95437bef771aac2,delivered,2018-03-18 19:26:01,2018-03-18 19:47:36,2018-03-23 20:04:24,2018-04-11 20:47:49,2018-04-16 00:00:00
bc42a955f289870d5789e6e437206300,b8733025113e28454fd06c6e97ce9748,delivered,2018-03-01 18:32:56,2018-03-01 18:49:03,2018-03-03 03:09:12,2018-03-24 13:54:40,2018-03-26 00:00:00
e6602e10c88f7439767c3edfac0b00d5,3cd3934aefffdfaea7e25af854533526,delivered,2018-03-27 13:03:10,2018-03-28 02:35:21,2018-04-03 21:05:29,2018-04-09 21:42:25,2018-04-13 00:00:00
d0e36957b6d2a04cc21ba07f7bbad90a,a3e3c08a055077321854eb4855a7a8c3,delivered,2017-10-15 21:25:16,2017-10-17 14:56:32,2017-10-18 21:12:14,2017-11-07 17:37:54,2017-11-03 00:00:00
9dc9cfe8dd61f0e37b0baa3043517059,a8e9a8abb0f2e70472f4484550eedb73,delivered,2018-02-25 21:01:07,2018-02-26 09:35:52,2018-03-02 00:42:31,2018-03-28 16:46:49,2018-04-02 00:00:00
1ae76304686bb902dc30d60e5dbf9237,afe505252a17ffb026986235a7615c71,delivered,2018-03-26 17:16:00,2018-03-26 17:30:13,2018-03-28 17:32:10,2018-04-03 21:17:31,2018-04-17 00:00:00
0f7aa32fdabc5a9e10d0e9da37110525,7ca7b507bcd23c39aad8c8b60041567b,delivered,2017-08-08 11:27:03,2017-08-10 03:16:08,2017-08-11 17:04:19,2017-08-25 19:33:58,2017-09-14 00:00:00
93c5ca94a86b96968decd0a16f17ef60,a30188dc4c8e67dcf05b313855039c05,delivered,2018-02-14 20:32:40,2018-02-19 08:35:21,2018-02-19 22:49:02,2018-02-22 00:48:42,2018-02-26 00:00:00
166a835dcb0ffdb5d917db2a93358502,3274aedc859b9aa7d7e5db28cfb7768d,delivered,2017-07-11 23:14:57,2017-07-11 23:25:18,2017-07-13 19:09:52,2017-07-31 11:34:32,2017-08-04 00:00:00
7ec371e6b9ff628bcd34eb8bc60730ee,33f2819f6b0267c2942f2672ce7021a9,delivered,2017-05-19 19:34:36,2017-05-19 19:45:22,2017-05-22 13:56:38,2017-06-01 12:55:30,2017-06-12 00:00:00
06a1b81d611c5616272de7c53c41472e,8626a2b044790a9eee2473a9d464d5f3,delivered,2018-02-11 18:47:36,2018-02-11 19:20:22,2018-02-14 21:59:08,2018-02-28 16:52:12,2018-02-26 00:00:00
d338e94a703f4d7af1612be068a85bb6,f8d047b3dd09b4c6f4e873d925f56c4b,delivered,2018-08-10 15:06:18,2018-08-10 15:24:36,2018-08-13 14:55:00,2018-08-14 19:58:47,2018-08-22 00:00:00
5ba291a4740d9f7973e2f135a6a7f54f,adb9611d609b58d037272249e0c06bbb,delivered,2017-05-08 11:45:34,2017-05-08 11:55:15,2017-05-09 15:01:54,2017-05-16 17:13:23,2017-05-30 00:00:00
84b1048a4e9d46efbb9e5a65c973cd11,2a9f8b956621aa122762ae3cc892aaf8,delivered,2018-04-05 18:57:58,2018-04-05 19:15:07,2018-04-09 21:14:28,2018-04-25 20:41:54,2018-05-17 00:00:00
b391aeb86b28ac5a2085e0a77833bd15,28d68be5ae44019ecb72679a1402840c,delivered,2018-03-02 12:50:21,2018-03-02 13:09:26,2018-03-02 22:12:04,2018-03-15 00:38:36,2018-03-20 00:00:00
b290e4dd94ec1715d29cc7d82dcf4d2f,4a0e08a063a29ba6840734015f08d920,delivered,2018-03-15 14:04:19,2018-03-16 19:07:54,2018-03-19 17:24:27,2018-03-22 22:04:01,2018-04-11 00:00:00
f1a24be96cc3d824b45822be11fede0d,2623cb3e0c74bcbf6c85f78c0673819e,delivered,2018-04-01 18:21:45,2018-04-01 19:08:20,2018-04-02 19:33:07,2018-04-13 17:31:43,2018-04-26 00:00:00
611aef870c45d1ba9c852bab44e25f36,a1a779486ad5e2f9deb27e850219d330,delivered,2018-06-11 18:19:19,2018-06-11 18:42:35,2018-06-20 14:16:00,2018-06-26 22:12:13,2018-07-12 00:00:00
b5fee6930befd43772aa0134db77b649,5f92804b72032ac9f653c422d80f0333,delivered,2017-06-16 20:21:33,2017-06-16 20:30:19,2017-06-19 17:29:37,2017-06-27 19:25:37,2017-07-06 00:00:00
86c1a1c5de6b99e0aed1e7f053862ff9,aea90054cb9facaca9c6f762e3483a5a,delivered,2018-01-31 14:38:02,2018-02-02 02:55:29,2018-02-05 20:03:42,2018-02-14 21:38:43,2018-02-22 00:00:00
f9738bd11e7b55e079a85fd057acf232,51a4c0fe0a21d5eeba0b60a0de272051,delivered,2018-02-04 11:16:42,2018-02-06 05:31:50,2018-02-07 23:08:40,2018-02-20 19:38:06,2018-03-13 00:00:00
7bfaace314d5c68160cbbb20c50b1438,e753a8c5c00e7acb6be62acbcb6726c2,delivered,2018-06-04 19:15:28,2018-06-04 19:30:20,2018-06-05 12:23:00,2018-06-14 19:05:24,2018-07-11 00:00:00
aa9113495d5498b01ea4a235c64f2849,08d19de4f7caa5e58b233fa6b9f4d3a8,delivered,2017-09-11 18:57:46,2017-09-11 19:10:39,2017-09-13 23:25:35,2017-09-29 17:41:20,2017-09-29 00:00:00
adf766a719fd52b485fa2127fa0dd9a7,aa62a16b10e3fb24ecdefd7e4dc3fa65,delivered,2018-06-24 14:37:17,2018-06-24 14:55:00,2018-06-25 12:09:00,2018-06-29 20:41:48,2018-07-20 00:00:00
f52952f4c900a5c0295a392769f7538e,e98719d1f6780ce146828b440839781e,delivered,2018-06-13 23:06:08,2018-06-13 23:38:36,2018-06-14 15:07:00,2018-06-18 23:21:59,2018-06-28 00:00:00
48a8a6c760d13fbcdf6542200ce572b5,3d841cc542d87235715f9fff1c8c355a,delivered,2017-09-07 15:14:00,2017-09-07 15:30:15,2017-09-11 12:34:21,2017-09-22 21:29:17,2017-09-28 00:00:00
fa939fb695a0a458a472916809af767d,991818841077c459f7da74f4f9cde348,delivered,2018-03-15 20:34:38,2018-03-15 20:48:41,2018-03-17 16:28:35,2018-03-23 22:28:39,2018-04-10 00:00:00
e2b2feccda2c913e120d23c72b550cca,7754a974b02485c72aa600f3dbfc8dc7,delivered,2018-01-24 12:16:13,2018-01-25 02:38:17,2018-01-25 22:56:30,2018-02-27 00:17:01,2018-02-26 00:00:00
e55d3c162a91d5eddf33f6f5f7259579,ea0bd9bfedc110721a404c9a793f8f09,delivered,2018-04-12 20:28:20,2018-04-13 13:14:42,2018-04-14 00:04:10,2018-04-24 12:26:40,2018-05-11 00:00:00
a5d7086b3574973a5df31d93bf524039,7640e5568c56caebc8e765dd896b6182,delivered,2018-05-20 20:41:30,2018-05-20 21:01:24,2018-05-29 07:13:00,2018-06-06 19:38:42,2018-06-18 00:00:00
a698966a44dec5eb80ac9c132b5d2a53,941913272005809a002595532d5ecc41,delivered,2018-07-25 23:10:19,2018-07-26 23:05:18,2018-07-27 12:51:00,2018-07-31 17:34:52,2018-08-13 00:00:00
48a7fc253b8c47a7442e210258118c33,3b9f56115f9155c14da816b78663d546,delivered,2017-08-01 22:00:44,2017-08-01 22:35:14,2017-08-02 18:20:04,2017-08-07 20:46:44,2017-08-23 00:00:00
c6348cac7802ee9fd447ba1162bea658,39d6f551f9775483b5c99874ae5dfce0,delivered,2018-01-19 11:34:41,2018-01-19 12:34:01,2018-01-26 14:49:59,2018-01-28 15:12:26,2018-02-05 00:00:00
90858cf145c3bfaa25dca2f279bf8ac2,e44f15aad2720323261079b0290f4248,delivered,2017-06-22 20:42:30,2017-06-22 20:55:15,2017-06-27 15:41:52,2017-07-05 07:45:43,2017-07-14 00:00:00
7b909c21ef8b4027fc9bda5c7efe0717,a71a356a23ff4e07d424f8f7192fd451,delivered,2017-07-27 17:49:13,2017-07-27 18:03:33,2017-08-02 18:12:16,2017-08-14 14:07:51,2017-08-25 00:00:00
1aaf27bab389531a50d1a6b86c24e6b7,39b1241d7cd3540455201a5a0bc79936,delivered,2017-10-31 16:03:45,2017-10-31 16:31:17,2017-11-06 19:56:56,2017-11-10 23:28:32,2017-11-21 00:00:00
c6a8408a66e38da8f30bee8e73a34a67,7e7664514011a7ae9513d462d7e61493,delivered,2017-06-16 20:00:57,2017-06-20 10:45:14,2017-06-22 13:13:29,2017-06-30 15:14:52,2017-07-06 00:00:00
fb987fd6c147ac8fa97e907cd973cc37,8b3245ecc602fe1004536d47df1facd1,delivered,2018-06-18 09:37:42,2018-06-18 09:53:49,2018-06-18 15:15:00,2018-06-25 12:12:48,2018-06-28 00:00:00
3788e0af9e212034588d6d24fa1b7fd1,69be2469e83511c9d3c230e91b400cf7,delivered,2018-07-30 22:36:22,2018-07-30 23:04:44,2018-07-31 13:54:00,2018-08-07 17:48:25,2018-08-08 00:00:00
07dacc7fe07040f20aac7d9510950eff,d2b324ed82defef43c4a555620013809,delivered,2017-11-26 18:23:03,2017-11-26 18:32:51,2017-11-28 13:34:58,2017-12-04 19:24:43,2017-12-15 00:00:00
daa82801011a09e5047dca31d70b6be1,0ba404d00159d8ce1548b956e1018c55,delivered,2018-08-07 10:12:20,2018-08-08 03:10:29,2018-08-20 14:20:00,2018-08-21 23:29:54,2018-08-22 00:00:00
3501186fe160a6e3162126a1bfcb2e08,2186009b718b71dbcc74eb3b71600414,delivered,2018-05-02 03:50:02,2018-05-02 05:01:29,2018-05-04 10:30:00,2018-05-18 11:22:38,2018-06-01 00:00:00
48182f93c2c0bc28cb145431fa5bcc16,2069a41636b7238c9ebb007af92e652f,delivered,2018-07-25 10:13:31,2018-07-25 10:25:25,2018-07-25 14:53:00,2018-07-30 18:48:34,2018-08-09 00:00:00
e39a42a73eda90d2876d17017239f6d4,cc576e3bd0e5e400279d0437cdfe1ed2,delivered,2017-07-03 16:03:02,2017-07-03 16:15:21,2017-07-06 15:21:55,2017-07-13 19:49:52,2017-07-31 00:00:00
bce830798b60635f1cdb43fed38ab2f2,fca4bf09f407ec8716f7add76debdad5,delivered,2017-08-29 22:00:27,2017-08-29 22:10:20,2017-09-18 21:53:38,2017-09-27 10:10:37,2017-09-15 00:00:00
35c2decdf1241aa585186aa82df2f768,7243da195433b48139d52f8fa9f6a25b,delivered,2018-03-13 15:16:24,2018-03-13 15:48:17,2018-03-14 22:46:25,2018-04-06 21:58:58,2018-04-04 00:00:00
9fbe3fca2706c665022b219b8ff8d27d,d122dc5a239b7b36552bab0dc05b5f55,delivered,2017-07-18 13:12:53,2017-07-20 02:25:13,2017-07-20 17:49:49,2017-07-27 19:32:06,2017-08-10 00:00:00
31a5a662fe535944e960fec047746e95,8b4dfd56e3d88cc1af32815a14d2b400,delivered,2018-03-25 14:25:30,2018-03-25 14:48:00,2018-03-26 19:07:46,2018-04-17 15:48:32,2018-04-17 00:00:00
5e5f6953f889acbe87f07949f373762a,136b0612c4d3b66835e0dd5165398135,delivered,2018-01-16 21:01:50,2018-01-18 02:13:13,2018-01-22 18:17:05,2018-01-24 19:58:51,2018-02-15 00:00:00
1f990d2b7b5a992e60e4c0ac2ff40f36,e9c5b5a2ac7092e9cea253d18528ac0f,delivered,2018-01-29 21:48:23,2018-01-29 21:55:30,2018-01-31 23:04:07,2018-02-05 16:43:07,2018-02-22 00:00:00
e485751217522068a393e874ed8b5298,e5e221713049b4ca7d373340f611c2bd,delivered,2018-07-28 19:17:11,2018-07-28 19:30:33,2018-07-30 08:43:00,2018-08-07 16:41:39,2018-08-08 00:00:00
dffb9004059a7aa9a84571480d7a1c0f,7822d16f7560fff772f780fc8b47bb24,delivered,2018-07-23 22:06:24,2018-07-24 10:31:23,2018-07-24 15:57:00,2018-08-02 19:06:40,2018-08-17 00:00:00
10d5f0eaccc82a1edadfdf784a8c2928,f7cdd5d18b0ff601406d1da826e6f395,delivered,2018-08-20 21:59:44,2018-08-22 03:55:19,2018-08-22 14:38:00,2018-08-23 21:11:42,2018-08-28 00:00:00
0aaa175985080e11c7a94a84620d4016,fe8c2af8a8a466fb4131716fa9b3858a,delivered,2018-06-10 18:04:25,2018-06-10 19:51:18,2018-06-11 14:30:00,2018-06-18 21:46:30,2018-06-28 00:00:00
86bd8f13f08f856936e7b6c676445c67,1b73399c6265066d369d0c70034e0f49,delivered,2017-06-07 17:24:53,2017-06-08 02:23:17,2017-06-08 09:02:17,2017-06-14 15:07:51,2017-06-30 00:00:00
ee2fac75aa66d8457b22c46fd08a47f3,3061fdad2cae5d7f676066d5b12ed727,delivered,2018-07-18 21:05:59,2018-07-18 21:22:28,2018-07-19 19:26:00,2018-07-20 21:31:56,2018-07-31 00:00:00
a9e54364dc587f4973da05e26ac8c419,f10ddfd3502d2ca8e86c91bac063760e,delivered,2017-06-17 23:57:02,2017-06-18 00:50:45,2017-06-21 15:54:36,2017-06-30 14:03:51,2017-07-19 00:00:00
c27a26005da9b758c804674cc9aa2da1,8e6507774d7c8987cc2b3a7cd0db2c9a,delivered,2017-02-27 20:35:32,2017-02-27 20:45:17,2017-03-02 08:57:56,2017-04-04 14:09:35,2017-03-30 00:00:00
f78b8a5a2d346837ff5e14e52f42f06d,75b5331ae2175bc678a7714ad8d92892,delivered,2018-04-17 00:12:44,2018-04-19 02:35:20,2018-04-19 23:38:26,2018-04-24 22:35:34,2018-05-10 00:00:00
8224adc48f3ab28936439f668b9c3739,f75295933e7327404320b0afeb527e96,delivered,2017-12-02 14:00:52,2017-12-02 14:17:08,2017-12-05 19:28:40,2017-12-12 19:33:11,2018-01-02 00:00:00
73fe3ec6e789782281c550a9349e0edd,82b6da1961a25e8324ecd99eff5903ea,delivered,2018-03-18 17:01:00,2018-03-18 17:10:29,2018-03-19 19:57:20,2018-04-22 17:51:02,2018-04-17 00:00:00
5454971549d855538eb746e4d263f9a5,210320fcc92cdf5c39245b92c8c42730,delivered,2018-04-27 00:04:35,2018-04-27 00:15:22,2018-04-27 13:22:00,2018-05-03 18:51:57,2018-05-17 00:00:00
3b48b36a80274ce463ba3def46d6f998,6b043d042efab585bf4752d7e9dd24a0,delivered,2017-12-02 10:06:15,2017-12-02 10:18:35,2017-12-05 23:51:38,2017-12-18 23:41:55,2018-01-04 00:00:00
892d88aa8747d0e191d10bb0a87b9337,168fe9e12001de4aa4b035efcd035de5,delivered,2017-02-09 12:03:29,2017-02-09 12:31:32,2017-02-09 15:11:41,2017-02-17 17:05:05,2017-03-10 00:00:00
521178899813b6116b4bbe4e64dc5285,93bc0b64da3fd759da11c9a5baa501e9,delivered,2017-07-18 14:38:31,2017-07-18 14:50:13,2017-07-19 17:06:00,2017-07-20 17:42:59,2017-08-04 00:00:00
8f896313326eb7ff2740ec77ce78df4b,6e398fdd8f3b385dba2f846e348c5cd9,delivered,2018-05-25 11:46:03,2018-05-25 11:55:19,2018-05-25 14:02:00,2018-06-08 00:18:41,2018-06-28 00:00:00
3f63743b561bfda616e23f460bd70d58,db46a2dcf676874d4c99565946437b08,delivered,2018-01-08 17:10:03,2018-01-10 10:32:40,2018-01-12 13:59:06,2018-01-24 22:42:41,2018-02-09 00:00:00
1f151cb71f4f48164123b34c0b753ddf,f7c37ea4c192ca34a41159557f27837b,delivered,2017-10-13 23:03:01,2017-10-13 23:14:21,2017-10-17 17:10:14,2017-10-26 19:22:32,2017-11-08 00:00:00
4547e931fe370c3853e4afebc234811a,7bbb1759121abb6bce97505e003256ca,delivered,2017-10-12 09:04:48,2017-10-14 03:46:34,2017-10-17 18:14:02,2017-10-23 21:17:54,2017-11-08 00:00:00
59880d8439b6a1a697727592bdab4b96,0b1bf138748b7fa32060369844de26ca,delivered,2017-10-18 10:44:38,2017-10-18 11:06:31,2017-10-20 20:58:00,2017-11-11 14:51:31,2017-11-10 00:00:00
519969ff2784ef6b51d1a89f1534c23f,b75740288b209973aa736f4dd1b65502,delivered,2018-01-26 14:36:46,2018-01-26 14:59:02,2018-01-30 15:48:53,2018-02-27 19:16:48,2018-02-22 00:00:00
8ff88873f03f1912c00741f8e5ae6c79,ff0bdbbb629b5dc2918fb41b89dd14d8,shipped,2018-01-22 12:49:38,2018-01-24 02:53:02,2018-01-24 20:41:52,,2018-02-15 00:00:00
3bb17a1322700272d8886d9d5e174bd8,95e70e201e5f27dacc75e726e86f85a4,delivered,2017-12-03 23:57:30,2017-12-05 23:56:57,2017-12-06 21:27:14,2017-12-09 15:03:57,2017-12-27 00:00:00
b3981f7b203bb77c3d52bc97e46c5b25,730769d8a5103f14d741ad1706e1c352,delivered,2017-04-22 18:49:48,2017-04-22 19:01:19,2017-04-27 05:41:59,2017-05-03 12:32:44,2017-05-18 00:00:00
bc0e68520e8fee16c105116281ea8eb7,1ddde5a696caa6d5f0130742338cebdc,delivered,2018-02-09 10:06:27,2018-02-10 02:35:58,2018-02-15 17:04:38,2018-02-26 19:46:44,2018-03-13 00:00:00
a271a428c3186d0c7325878c2075a8d8,b128321979749f9034763ea47023bdd4,delivered,2018-05-09 11:34:55,2018-05-10 03:09:47,2018-05-10 14:00:00,2018-05-17 19:41:51,2018-06-01 00:00:00
65cc9958974d9b84cb4caad96226d10f,d3609e0209e59ecadd26f066cd344349,delivered,2018-08-04 17:07:34,2018-08-07 06:15:10,2018-08-09 12:02:00,2018-08-13 18:28:41,2018-08-21 00:00:00
7da9a007cba69dfef04b68594e8d8584,654822911a381dd5c804318a3a555e38,delivered,2017-11-18 11:25:03,2017-11-18 11:35:32,2017-11-21 16:03:18,2017-11-27 19:18:17,2017-12-13 00:00:00
f6ffb29c9fc11f94687426f77bfb45b4,c67cbee02d1a52e38766ce39b58a5526,delivered,2018-06-07 13:48:39,2018-06-07 14:20:15,2018-06-11 14:57:00,2018-06-12 21:06:51,2018-06-18 00:00:00
a4f587088f6fd162bb6ccf903d7dd582,5a3dff5b019c56fb6a8f16b5bfa25833,delivered,2017-07-30 04:33:28,2017-08-02 02:34:31,2017-08-02 17:39:36,2017-08-11 16:42:51,2017-08-24 00:00:00
b4ace41bce272979d55939a8ecd05dc2,df0e2cf8e8bea7f90addc0c23a52e7d3,delivered,2017-04-05 22:14:15,2017-04-05 22:30:16,2017-04-06 14:54:40,2017-05-16 18:23:55,2017-05-09 00:00:00
c4e736f668cbfe837a8f4718225b402b,c4d0c1e115e53fdd81287bab6857c3b7,delivered,2017-10-01 21:06:02,2017-10-01 21:24:06,2017-10-03 15:28:47,2017-10-10 21:10:42,2017-10-24 00:00:00
d9faf6f49d2c7b35db2ee149350d371a,127c6ffab5cb903da08254d7aaa35b47,delivered,2018-07-22 15:22:42,2018-07-23 12:31:42,2018-07-26 16:52:00,2018-08-02 20:02:25,2018-08-13 00:00:00
56a699750378066e427e2feaaa048399,9b2ba3e7bd5a92f404fff86ff301a07f,delivered,2017-06-20 12:40:40,2017-06-20 12:50:31,2017-06-20 15:42:41,2017-07-05 17:44:36,2017-07-14 00:00:00
cd94dbdc801da0cd93b0c8f33663973d,17ba50f54399b61694fbb138a3831d56,canceled,2018-02-21 20:54:45,2018-02-21 21:29:00,2018-02-24 00:21:47,,2018-03-15 00:00:00
21e668861c7c6205d1e20ce7b24fae41,8a93c28bb5fb7910e0bd529156d87d2d,delivered,2018-05-02 22:57:45,2018-05-03 03:55:22,2018-05-08 08:46:00,2018-06-07 16:44:21,2018-05-28 00:00:00
cf6dae8cde51d9482f323783a76b6446,31ce650a18a3f7a0c506fb4bf728867f,delivered,2018-03-17 21:11:23,2018-03-17 21:29:11,2018-03-19 22:51:39,2018-03-29 02:56:36,2018-04-10 00:00:00
864fbd229edcb913bdec4fb30b0c532f,7d9cd38926a665d46f1c912b616b3742,delivered,2018-01-03 10:05:32,2018-01-04 05:15:18,2018-01-08 18:47:18,2018-01-25 00:16:51,2018-02-06 00:00:00
b90edb88aa8235216b0f06e1a8ecee43,f3b0ddd4fcd5eb6b9a3975a4440cb9ec,delivered,2018-07-02 09:59:37,2018-07-02 10:10:44,2018-07-03 14:02:00,2018-07-11 00:32:23,2018-07-25 00:00:00
3ace6f2805072fe7b4512a1e3d11217b,83aec5c557978975ccf546bfd82eaf45,delivered,2018-08-23 20:08:15,2018-08-23 20:24:35,2018-08-27 09:20:00,2018-08-30 20:26:50,2018-09-05 00:00:00
f9a6e72c6b5a49a9aaa0a85b32adc581,3f6fd186f7e40f9cd5a3c8c3965b7c48,delivered,2017-10-01 00:06:09,2017-10-01 00:28:20,2017-10-02 19:52:18,2017-10-13 19:44:08,2017-10-31 00:00:00
e5e59fe47003046e2ed48ebb641564b2,9ce70b8dafe76524f3d5e5e68cbf29f5,shipped,2018-04-27 13:52:12,2018-04-27 14:09:00,2018-05-02 14:39:00,,2018-05-23 00:00:00
95163691e3a73076ed83f3a8c946a823,069b9a5f6dd36f1c59d36a9a703fcb7b,delivered,2017-10-20 16:17:22,2017-10-20 17:28:15,2017-10-24 22:38:20,2017-11-07 17:44:05,2017-11-10 00:00:00
d136b518be06f7ea4ea85de10fc1c9af,0cd75b7b90295f982887d4770190281b,delivered,2017-12-31 08:03:40,2017-12-31 08:11:18,2018-01-05 18:39:06,2018-01-06 13:47:39,2018-01-18 00:00:00
944dd13721d42e317c58c9613d714d67,e2fbf107ce84bbcaca6f0dff445f697c,delivered,2017-07-24 09:50:34,2017-07-24 11:05:09,2017-07-25 14:33:29,2017-08-07 16:16:58,2017-08-17 00:00:00
7a971cef9d150a941f2dc6a90a2cf904,b23ee95fb2dba205de0f7a0181778b1b,delivered,2017-05-18 15:42:24,2017-05-18 15:55:44,2017-05-26 12:43:58,2017-06-10 10:53:52,2017-06-22 00:00:00
3683a05264a0926a8c06607f4623a0a3,7f25f39f0ad8473a2c14772e1056b885,delivered,2017-11-17 23:57:27,2017-11-18 00:10:47,2017-11-20 14:26:41,2017-11-29 22:51:36,2017-12-14 00:00:00
e2b9859bf979f248fe6fa970d1710b91,113ac78cf3c9c006adbfc3b051eead92,delivered,2018-03-18 18:55:40,2018-03-18 20:07:34,2018-03-20 23:37:30,2018-04-02 17:52:10,2018-04-12 00:00:00
4f75714930281cf2a8b983e0dd8a3fde,794b7a5f4b3ce4dcb5ad02975a234353,delivered,2018-08-09 20:03:05,2018-08-09 20:24:42,2018-08-10 15:56:00,2018-08-14 17:58:31,2018-08-14 00:00:00
121e29055e551edf515b58477ca53c39,acea50a6ef8ec5df5b11ce75b47b5a3a,delivered,2017-12-27 12:59:08,2017-12-27 13:10:32,2017-12-27 20:44:52,2018-01-09 15:09:48,2018-01-26 00:00:00
747af114bbea56ac1e6841d66553b0bc,3f9f956720566758b250a7701b100564,delivered,2018-03-04 13:46:06,2018-03-04 13:55:33,2018-03-06 00:23:06,2018-03-09 23:09:38,2018-03-23 00:00:00
19a24ba386e8363a6dd9973d015e5410,e944426cb230e5f33b25ed3cd8212dec,delivered,2017-12-04 15:00:42,2017-12-04 17:07:36,2017-12-05 16:06:57,2017-12-09 15:08:58,2018-01-11 00:00:00
f926dd5a1a7345c98f0f19f07adc65c8,af4eb5fda65726393fe12a5a437d8732,delivered,2017-12-21 16:28:55,2017-12-22 02:50:48,2017-12-22 21:25:06,2017-12-27 19:34:04,2018-01-16 00:00:00
0dac831729de109c5f878882316eb43f,865ac93cc703fbbe0d4c1d7fdd62b78d,delivered,2018-03-30 12:26:42,2018-03-30 14:07:57,2018-04-02 17:46:02,2018-04-30 18:21:20,2018-05-02 00:00:00
14b61cb802c6c32f64f9fa632cdaa60b,f74c725015fa473cb4bcc60c250f7b5b,delivered,2017-07-12 09:13:44,2017-07-12 09:23:07,2017-07-12 17:11:45,2017-07-18 20:07:53,2017-08-03 00:00:00
df01064b1830e79d98304217aaccbac0,0672e3c3c00569fd0824ee72f92073a4,delivered,2018-01-29 21:54:54,2018-01-31 13:32:05,2018-02-02 17:37:39,2018-02-05 17:48:57,2018-02-14 00:00:00
22543ab72b10fb061808feb20d9e7531,af3c71cdd7b17c594709c89593110601,delivered,2017-03-04 22:19:42,2017-03-04 22:30:19,2017-03-06 09:35:30,2017-03-10 08:17:56,2017-03-27 00:00:00
7b4f660a72183fc98991998a65320863,fa951727fe95bbd6c7488b84d147b7bd,delivered,2018-08-28 13:28:34,2018-08-28 13:44:54,2018-08-29 14:58:00,2018-08-30 22:41:16,2018-09-04 00:00:00
396a800e1a64e6e4db379d941a4bc7d7,4c981b98e93a10a4bab3696f83623fca,delivered,2018-06-13 08:32:19,2018-06-13 09:00:41,2018-06-21 16:50:00,2018-07-02 16:29:08,2018-07-17 00:00:00
d575136ae1384bc45bd2c20dff0084dc,1c6b4de684d792bfa570d23e1f894667,delivered,2018-03-25 17:18:33,2018-03-25 17:30:31,2018-03-26 21:48:00,2018-04-24 18:18:50,2018-04-27 00:00:00
e67ff3fa4043001cd351f27b12a64eda,71e9ae1fdf1131cc670a51d3b7a03300,delivered,2017-09-18 23:05:10,2017-09-18 23:15:15,2017-09-21 20:07:16,2017-09-30 10:26:40,2017-10-17 00:00:00
6fe3414012f04c290481f594b854e6e1,c849ace72771155d3ce3a8aabbabfff9,delivered,2018-05-07 22:52:58,2018-05-07 23:12:40,2018-05-08 12:06:00,2018-05-14 19:36:49,2018-05-24 00:00:00
1dcb1b82de3a13d219b6c84a8ca45b8c,05361832ee98653ec08e7370c4cccfd8,delivered,2017-05-21 19:14:44,2017-05-23 04:15:27,2017-05-24 09:29:54,2017-06-01 17:07:58,2017-06-20 00:00:00
33bc4c72007ae1b6043cdbe5cf1bdd0e,a2b083a1276679c5188e29feb7d4fbe0,delivered,2018-07-17 22:35:28,2018-07-17 22:45:17,2018-07-18 14:09:00,2018-07-23 22:41:21,2018-08-07 00:00:00
110fb617059394261537548c8124ee1e,4e99e5342705c1e76c35f51ad0af2722,shipped,2018-08-08 16:37:28,2018-08-10 03:24:37,2018-08-20 10:57:00,,2018-08-28 00:00:00
0f44bed17f819c79f48b9d260406a445,e23daca049a52fb8f925cd236f37283b,delivered,2017-05-28 20:41:16,2017-05-28 20:55:18,2017-05-29 09:47:35,2017-06-02 15:02:33,2017-06-23 00:00:00
989b311c6f1b2dc47aeec072786f1757,1ffabb4bc9e0be4398c80264d0034d42,delivered,2018-05-21 17:03:57,2018-05-21 17:56:37,2018-05-23 14:58:00,2018-05-25 18:51:54,2018-05-30 00:00:00
e548f19535ce3b22126e497bcc5d6e16,d564beb5fac0483631d916413f96e666,delivered,2017-07-15 22:45:51,2017-07-18 05:55:18,2017-07-18 20:46:45,2017-07-21 16:57:45,2017-07-28 00:00:00
19c32126a85a7e87c6bcf2aa99e6ae9e,08f94d51129e9289745af658b2c5e578,delivered,2017-04-02 10:37:38,2017-04-02 10:45:20,2017-05-16 08:17:45,2017-05-23 16:35:33,2017-05-31 00:00:00
4c5ca9fa9506e544045d6ccfb2ec7b15,33be5c7b3301e5729a5fa7101700a5cc,delivered,2017-08-11 18:47:41,2017-08-11 19:03:30,2017-08-14 15:17:35,2017-08-17 15:14:42,2017-09-04 00:00:00
9184e4fb03ebdcb5a06a6d1237463ca5,eeb1498af1ef1f5c9c612b6130298f66,delivered,2017-11-26 11:34:47,2017-11-28 12:31:54,2017-11-28 19:51:59,2017-12-14 13:29:52,2017-12-28 00:00:00
2d28eb893fa75595ccee7c92df0d7ce2,6714247d186f702c0cae25ab661f821a,delivered,2017-08-01 14:47:02,2017-08-01 15:03:37,2017-08-04 17:57:53,2017-08-07 19:17:48,2017-08-14 00:00:00
63f6e76a9eda18784ab77b51eb55d816,7aa6a1e59e2bdc73c151128d53e9cf5f,delivered,2018-04-24 10:40:06,2018-04-24 18:34:23,2018-04-25 15:24:00,2018-05-04 12:04:19,2018-05-22 00:00:00
03e53afdd1e98f83636c3fd14562c7ab,e870d0f2d7496ef238b5baef98f03ac9,delivered,2017-12-17 16:31:16,2017-12-19 09:51:39,2017-12-19 21:52:15,2018-01-05 22:28:20,2018-01-18 00:00:00
e1b0640460ef6ca7edd7c0039805e515,41c84d249534f0b43f32334adb7ab7f1,delivered,2018-03-12 20:59:48,2018-03-12 21:10:34,2018-03-13 21:59:52,2018-04-16 13:31:30,2018-03-29 00:00:00
fe7b642fb30e2a103d1dc36f861b44cd,afe0cb3cef1354ee82317557b902dfcc,delivered,2017-07-20 16:09:05,2017-07-20 16:25:18,2017-07-25 19:39:27,2017-07-26 16:13:50,2017-08-04 00:00:00
36e16c2da456685fc88c12da6244c9af,ce7d210eefbdd540fddc0cd8899eead9,shipped,2017-12-12 11:34:41,2017-12-13 02:50:19,2017-12-13 22:38:44,,2018-01-05 00:00:00
8566e90365360ba75d5ddc17b90a8b58,528856e594c25f1afc08aba07e40ccf1,delivered,2017-06-25 18:47:44,2017-06-25 19:03:03,2017-06-27 16:28:49,2017-06-30 13:17:41,2017-07-07 00:00:00
7284ecc4524ff324863b12456e842055,3d2b9fa23140627c260894ae1b93663f,delivered,2018-03-03 16:18:44,2018-03-03 16:29:31,2018-03-08 17:08:20,2018-04-09 17:03:13,2018-03-21 00:00:00
93ef5624aaaeded1aa197fd63116d902,212cbfc19e38169d798c140e12b0cf02,delivered,2018-07-05 20:33:55,2018-07-05 20:50:49,2018-07-06 10:19:00,2018-07-10 13:14:50,2018-07-24 00:00:00
0a6c8aa5c12b86c6f96308839eb7417b,f56e6a45937a0dafd82c6713cff1e50e,delivered,2018-02-27 23:55:01,2018-02-28 00:10:43,2018-02-28 16:26:03,2018-03-05 17:28:50,2018-03-29 00:00:00
5f4c10d4bedd746cefe9291035d2f8a4,27c780104447b3e818131d9e17e58c00,delivered,2018-08-04 17:06:08,2018-08-07 04:24:31,2018-08-07 11:15:00,2018-08-16 23:31:32,2018-08-15 00:00:00
f9b4c8173a45d1b57d0bcf5400a6ccd4,c45206e382316020fc79fff63278a3c5,delivered,2018-01-10 15:11:29,2018-01-12 22:08:20,2018-01-15 21:15:06,2018-02-07 14:46:44,2018-02-08 00:00:00
1422538d5efc818dc7eca4d0b6eb58a7,4d602a31ac00fbf8a19eaec3d2dbd763,delivered,2018-06-03 19:06:21,2018-06-05 03:49:52,2018-06-06 16:13:00,2018-06-11 20:37:39,2018-07-13 00:00:00
bce84813eb86a81120f6155933af7bf0,a013d06ad531a8aa1f29389a013cdf8b,delivered,2017-12-13 21:20:31,2017-12-13 21:29:23,2017-12-14 21:43:57,2017-12-18 18:10:37,2018-01-02 00:00:00
e8208d83bd260fc57b4d889f8883dfd1,6e48d7670ed33717bfa54a210ca49c35,delivered,2018-03-21 19:07:38,2018-03-23 02:10:29,2018-03-23 21:43:56,2018-03-26 14:04:24,2018-04-09 00:00:00
73df7f271536068cac9f113c9d73cbb0,4d2063ca8a2563066b6c5fea4c9242f7,delivered,2018-08-13 17:54:44,2018-08-15 03:15:30,2018-08-16 11:35:00,2018-08-23 16:32:39,2018-08-27 00:00:00
64d5bb1764f742cbecaed917d384da32,8846d3215f703ab414d01bc7c1da407c,delivered,2017-04-20 02:43:36,2017-04-21 05:15:25,2017-04-24 13:43:29,2017-05-05 11:59:59,2017-05-24 00:00:00
f872170fde91c3b0006f1e57ce27b835,abc1fc1fa3830aa1e9279f3e5966ed7b,delivered,2017-03-31 18:15:06,2017-03-31 18:25:16,2017-04-03 12:38:07,2017-04-11 13:15:25,2017-04-27 00:00:00
bd429f272e71ed50b0adf8defc8d24e1,9fd3cddab06fae6ecf593a31a3842263,delivered,2018-08-07 16:49:52,2018-08-09 03:50:22,2018-08-20 19:35:00,2018-08-21 20:18:24,2018-08-14 00:00:00
64930a85c555750a1f71af3d49b0c54b,6bdc6bd2a184acd029712b3ab0037565,delivered,2018-05-01 17:20:54,2018-05-01 17:35:15,2018-05-10 16:51:00,2018-05-16 18:10:53,2018-05-23 00:00:00
7079818788ceda52a3142be6aa82dee2,a3ffcd48df3a7d67aa1c42de727bb41c,delivered,2017-07-29 13:29:15,2017-07-29 13:43:42,2017-07-31 17:32:36,2017-08-03 20:57:48,2017-08-18 00:00:00
96b167a5afcb2a93da774f9135bf62db,7a2d29861228940832b9b1063e2581a6,delivered,2017-06-11 06:08:31,2017-06-11 06:15:12,2017-06-13 09:18:58,2017-06-19 19:02:50,2017-07-03 00:00:00
39fa4236f74ce3cf9427df583375b046,23427ce8578ef103e47c305b7367ca95,delivered,2018-07-11 21:15:18,2018-07-11 21:26:10,2018-07-12 15:09:00,2018-07-13 18:38:53,2018-07-23 00:00:00
5b18e0708f150becd4334b9e3d79fbd4,11929b8d09371bb23f361895802efa95,delivered,2017-10-21 14:10:35,2017-10-24 06:36:55,2017-11-01 23:22:49,2017-11-06 14:56:59,2017-11-16 00:00:00
f7535290d652a7fbf7dc0c271209048a,4f3f8578858df89ed5d3cb18b7c28b80,delivered,2017-10-21 16:10:52,2017-10-24 06:33:29,2017-10-25 22:35:47,2017-10-31 21:32:03,2017-11-09 00:00:00
13dae3b277e3fe7e2596f842cbb6d62b,f94919d65319be68cc4e8d6c85c89e5c,delivered,2017-09-01 10:16:49,2017-09-01 10:25:47,2017-09-04 22:57:55,2017-09-05 20:38:47,2017-09-15 00:00:00
ffce02d92a959d8894c8568d7a0f6435,246fdbb2a404aaee6bb5d93190dbf7e0,delivered,2017-11-07 12:23:54,2017-11-08 03:50:25,2017-11-10 19:34:43,2017-11-22 20:27:36,2017-12-06 00:00:00
4b93eeee7d99794a3ea259b23131bb2d,f24453b720f2c68a53cea2a5611670cd,delivered,2018-02-20 09:30:33,2018-02-21 12:03:00,2018-02-22 21:25:29,2018-02-28 21:44:42,2018-03-13 00:00:00
446965992096e4620bf30d170edc3f9e,cd4939a4356f7857c5b698932ee3eeab,delivered,2018-08-21 10:21:58,2018-08-21 10:35:17,2018-08-22 13:59:00,2018-08-24 18:25:49,2018-08-31 00:00:00
7de07ec95928feca2cc51d11d2561f3c,9057be89fc10aa537f28280823bc1095,delivered,2018-06-27 21:32:37,2018-06-28 02:15:44,2018-07-03 16:27:00,2018-07-04 20:28:40,2018-07-16 00:00:00
75eb4961753a34329f5bcd1b654a7ea4,3ca7ad671477a48e73b2a600a6ce6ef4,delivered,2018-01-22 23:08:38,2018-01-22 23:19:35,2018-01-23 22:44:44,2018-02-14 21:20:09,2018-02-19 00:00:00
4edb04562e9ffe632e82e59f5b6fc115,a9e3f0df0bc6bc24bb620ceea2fb6b7d,delivered,2018-02-22 21:18:39,2018-02-22 21:30:29,2018-02-23 21:37:21,2018-03-05 19:55:41,2018-03-14 00:00:00
21c9855588b3946347dcaa1f159edcd8,499311489d89baa6ed8f9f9f1f3758b8,delivered,2018-06-02 12:40:09,2018-06-02 12:51:57,2018-06-05 15:01:00,2018-06-06 22:12:47,2018-06-28 00:00:00
c477fc53ce47c17b7c9dc786ac9925f0,890a54fef64cc9262ed0ce3a729a2b0b,delivered,2018-08-21 15:13:19,2018-08-21 15:30:38,2018-08-22 08:22:00,2018-08-27 20:15:51,2018-09-10 00:00:00
2a2facd836dcb344b5af3736c563b1ac,2543c80010d02dc24fe29ea907085409,delivered,2017-08-23 09:11:03,2017-08-23 09:25:47,2017-08-24 17:27:33,2017-08-30 18:42:31,2017-09-13 00:00:00
8a427bdc7beb440c5e77ef02944b9b75,fa20d10c86952143d6eaefce22d61b65,delivered,2017-11-26 16:39:39,2017-11-28 03:43:42,2017-12-01 21:38:50,2017-12-13 18:13:15,2017-12-28 00:00:00
3fc128a8f984d127ab677a04ade63121,e4fad92c84caf0cd752eacadde52d9a7,delivered,2018-02-14 13:06:04,2018-02-15 13:07:39,2018-02-15 23:48:55,2018-03-10 18:03:06,2018-03-14 00:00:00
bdc2873154c5a2699958e9246e2a4c1c,8871dbb26f82041149a34614183818cd,shipped,2018-04-04 23:08:06,2018-04-05 22:29:09,2018-04-10 23:37:42,,2018-04-30 00:00:00
10680478e22d29ed34e872b89144ccda,bc70e8fd63f5af6fc034171eb6dd238d,delivered,2018-05-14 21:36:43,2018-05-15 08:52:56,2018-05-18 12:45:00,2018-06-01 17:42:07,2018-05-30 00:00:00
1ab07c303a5312d4fead8ce3ef6fcdb1,08c09f773095ffbf190840b7b922a4ea,delivered,2018-06-26 08:18:16,2018-06-26 08:57:56,2018-06-27 09:06:00,2018-07-03 09:38:59,2018-07-25 00:00:00
889d953454eb01607e1ded9e6c9e1657,febaa0b6a9a58299fe86ab3cc375080f,delivered,2017-08-31 12:58:38,2017-08-31 13:10:20,2017-09-04 13:14:56,2017-09-06 20:28:42,2017-09-18 00:00:00
36b8ca63eb9822b5f68630749ff70e32,389e7165873cd6f31d17f6d5f94fcba0,delivered,2018-08-17 09:07:53,2018-08-17 09:15:19,2018-08-21 08:58:00,2018-08-27 15:55:51,2018-09-11 00:00:00
5715c6701d59aadf0e034a4f26264390,25b02c8a74e16eff6d298cd7c24a0504,delivered,2018-04-06 13:49:16,2018-04-06 14:09:10,2018-04-12 01:02:33,2018-04-13 17:36:31,2018-04-18 00:00:00
70e7a11b175c444133b3b4e8e655fa52,6efd3977e557c4e2c1ee275282e44dd4,delivered,2018-08-08 08:45:33,2018-08-08 09:05:09,2018-08-17 09:14:00,2018-08-21 00:19:41,2018-08-20 00:00:00
7f05caffe3d52e1a609b8dcb957024bc,6922c3afb2cadec30c156c781dcee406,delivered,2017-10-14 14:46:54,2017-10-17 10:49:20,2017-10-18 20:52:51,2017-10-19 20:39:52,2017-10-26 00:00:00
4c3898f5e7ca29c2fe30781d80f88857,746e70218aa146b8a9b9fb2fc5101860,delivered,2017-11-02 21:51:51,2017-11-02 22:05:51,2017-11-03 22:52:45,2017-11-13 12:17:40,2017-11-24 00:00:00
cd1734bd80ae0e3a91f16ea6e3ded326,fc2a36b8a1f2ac0bcc9fbffc3a8f7235,delivered,2018-06-14 02:01:44,2018-06-14 02:57:32,2018-06-15 10:32:00,2018-06-22 22:54:19,2018-07-17 00:00:00
9f68a07289d60a3f9f253ff96529ca70,3af06309cb6cd6fe4b2c6999a0816161,delivered,2018-04-08 23:54:56,2018-04-09 00:10:11,2018-04-10 19:32:18,2018-04-19 02:04:48,2018-05-09 00:00:00
b69bfdde98abccd9501aeba56d887ea5,27e0fd82639175a364671665673bd18b,delivered,2017-12-07 09:45:51,2017-12-07 10:30:27,2017-12-07 20:57:00,2017-12-09 15:52:00,2017-12-26 00:00:00
7bf51ca28b0a2718c909eb8296bc98d1,757d1a39e3075c8a41f4111859221b1e,delivered,2018-05-25 15:52:57,2018-05-25 16:21:58,2018-05-28 13:37:00,2018-06-05 18:38:58,2018-06-25 00:00:00
2618381879ed242e21138d73f79374d2,7bf1567e9cfbae7088c756e852d682b0,delivered,2017-10-08 21:18:39,2017-10-08 21:35:21,2017-10-09 19:06:02,2017-10-23 17:25:19,2017-10-31 00:00:00
ee33d838de5dc1568b5b31d505ccdafb,f20cb49e077065fc592acf65fd03cdab,delivered,2018-06-02 00:35:51,2018-06-02 00:52:23,2018-06-04 09:09:00,2018-06-13 18:48:55,2018-07-13 00:00:00
7d09e4056c3bfda6715955ee27a98e5d,40a0d357c320ac8ed09f3ea83e5aad0d,delivered,2017-02-06 11:06:15,2017-02-06 11:22:06,2017-02-07 15:53:59,2017-02-14 14:05:06,2017-03-03 00:00:00
1f75a7630a802a5ca4b723d03b2560b4,aeccea6f33964065f73897084dbe2aec,delivered,2018-07-04 20:54:18,2018-07-05 16:35:27,2018-07-06 09:43:00,2018-07-24 21:38:24,2018-08-02 00:00:00
491f6ec025e763b2fea3db1bf2b9b43e,c5b419242f62a7d1197531f4e4537154,delivered,2017-12-18 16:18:06,2017-12-20 07:18:28,2017-12-20 20:38:53,2017-12-26 18:17:57,2018-01-05 00:00:00
877448ea783b661571099dbd672a4fa3,95e132f4d2c2698340f5cb26e07e510e,delivered,2018-02-05 15:18:24,2018-02-06 20:31:22,2018-02-09 22:16:33,2018-02-21 18:08:28,2018-03-12 00:00:00
f13f5fdf45611c82c2e37a20c065ddd1,20256d1b88643a4f8efaae9213d04da5,delivered,2017-07-10 21:41:19,2017-07-10 21:55:24,2017-07-11 18:24:36,2017-07-25 20:47:47,2017-08-09 00:00:00
bf63e72c6c17fc3204c0124ce16426d1,38d2b4629523c6df929e8e1ea42d1327,delivered,2017-08-02 11:44:45,2017-08-03 03:05:49,2017-08-03 21:10:58,2017-08-10 18:43:09,2017-08-22 00:00:00
a0d0610703403a3ae85d5777c8c5897a,50540fa104b2cb99c95d9e5d53efb109,delivered,2018-08-09 13:11:54,2018-08-09 15:05:34,2018-08-09 14:04:00,2018-08-10 15:37:02,2018-08-14 00:00:00
76b1653b8b73dfc5eee0a0cb25c88801,9cf6af179685dff1f509e350ef36fc9e,delivered,2017-10-23 13:01:55,2017-10-23 13:14:46,2017-10-26 18:03:22,2017-11-01 17:37:43,2017-11-17 00:00:00
834f1f6bfd5b32cabaa2d0d31dfcf63c,c3c5566434df9ae3d5c663e4a29494eb,delivered,2017-07-08 19:10:03,2017-07-08 19:23:10,2017-07-12 19:48:45,2017-07-21 18:43:12,2017-08-01 00:00:00
10bc271bab7798c98b6889a54e45fc8f,08ab4c257d3664e4e28edf27010616de,delivered,2018-04-04 14:18:36,2018-04-04 14:30:20,2018-04-05 16:53:15,2018-04-09 22:56:40,2018-04-20 00:00:00
88f162df555c1ba5f45becb23b9e521b,f4496e91712e3a90cd82e287ea53c256,delivered,2018-01-29 09:29:10,2018-01-30 06:53:08,2018-01-30 18:51:59,2018-02-23 19:07:35,2018-02-16 00:00:00
bf59b8c2b20f173069f5304326665611,a12a3ebc7f6266741d29eda03bad1777,delivered,2018-03-02 20:33:02,2018-03-06 03:49:02,2018-03-23 20:48:29,2018-03-28 00:12:26,2018-03-20 00:00:00
592f7e6106642583c61e25ecf2cb8cef,bd05d079f44e25d2c95a8935c2f83363,delivered,2018-05-14 15:58:22,2018-05-14 16:13:57,2018-05-16 15:01:00,2018-05-17 20:14:28,2018-05-22 00:00:00
b591d108e5c3f485635223ddaf07dc36,77f7fce090bc5794f0cabfac948b34c8,delivered,2017-11-17 19:51:32,2017-11-18 19:50:31,2017-11-21 16:26:01,2017-11-29 19:18:16,2017-12-06 00:00:00
91d9b7669f0960199e5d2e42a11b6b1d,c9341f47a1c2979e035e0dbe4e28320e,delivered,2018-04-10 14:36:19,2018-04-13 12:35:23,2018-04-16 20:02:11,2018-04-30 15:56:34,2018-05-24 00:00:00
1ddedd282e921efe5e3e931f5a1369d9,3fa21fe15c2cc64d69005b41de1fee36,unavailable,2017-05-25 23:08:04,2017-05-25 23:22:35,,,2017-06-19 00:00:00
6f79ab44c1626d8b73b8797f179b9c0a,acc03cfdf7d03ee1bebbeb087ec439b5,delivered,2018-01-03 23:46:30,2018-01-04 01:08:02,2018-01-05 16:27:34,2018-01-10 18:25:55,2018-02-01 00:00:00
fdf53b9c9096b37ec391987b1b5c21a3,bf10cdf5df8679477eeadbff0e3da501,delivered,2018-02-03 19:43:35,2018-02-03 22:49:41,2018-02-05 18:26:40,2018-02-21 21:55:19,2018-03-01 00:00:00
62903abc3e86fdbe5f815b3d050907bc,b8fd1545c8442745cb56df1c665e5860,delivered,2018-03-11 20:04:49,2018-03-11 20:28:00,2018-03-13 19:51:51,2018-03-16 21:48:29,2018-03-28 00:00:00
bb1d699eccd1fe0e0b22aea230eab2d0,31ad6b689eef45fc804eae97be42ca4b,delivered,2017-11-29 20:03:11,2017-11-29 20:10:00,2017-11-30 22:42:02,2017-12-09 18:04:55,2017-12-27 00:00:00
43925f942d825dff700fae3187ee8e59,28cbc8ed09b002430902c1f2a3bc822b,delivered,2017-07-28 18:33:01,2017-07-28 18:45:15,2017-07-31 18:33:28,2017-08-12 14:33:36,2017-08-29 00:00:00
e4272ba8b50a19a75e9905e062ddebbe,6db77551e8bc4595a5f1b00859b7bd43,delivered,2017-12-10 22:51:43,2017-12-12 22:50:55,2017-12-13 23:46:15,2017-12-22 22:43:22,2018-01-10 00:00:00
3c63400d519c5dd742db492fffc5a49f,3541c8e60ed42dee3390eefb313520c2,delivered,2018-07-07 15:57:22,2018-07-07 16:10:10,2018-07-09 15:32:00,2018-07-14 16:56:46,2018-08-01 00:00:00
f7b919c0d2c64a38f645de0bb6f20e4e,8b2aa07f0b53487be833fb71a06df0ed,delivered,2017-11-17 13:10:16,2017-11-17 13:46:35,2017-11-17 21:56:42,2017-11-27 13:05:59,2017-12-11 00:00:00
517c5482beb73742b5f8b08e4197dde6,07c5453d0cc0683141b3b76577d9cb32,delivered,2017-09-08 12:54:46,2017-09-08 13:05:12,2017-09-08 20:02:42,2017-09-18 19:18:51,2017-10-25 00:00:00
8dff71d623cf6a422b03adc61a69368b,d07d27e6b9264d32b36661ace1319d53,delivered,2017-11-15 17:54:51,2017-11-15 18:10:28,2017-11-16 17:37:40,2017-11-18 15:18:48,2017-11-29 00:00:00
f3239f4f6c8cdfc9043534b20c0b6179,94747b8a0c77eb8947fecdfa5b717435,delivered,2017-08-06 19:05:45,2017-08-08 04:23:53,2017-08-08 19:32:29,2017-08-21 20:40:01,2017-08-29 00:00:00
49ec6dcd0e22a1a2eb4657b5f02046da,a30378a29ac174b9a1a158ce067e1fd2,delivered,2018-04-12 06:29:38,2018-04-14 02:15:25,2018-04-19 02:19:07,2018-05-16 00:28:34,2018-05-11 00:00:00
7627cb930af1800bf8aa7275633c9eba,7ac184c768bab5786e54dd40a85f390c,delivered,2018-08-01 06:26:12,2018-08-01 06:44:27,2018-08-03 16:25:00,2018-08-06 16:32:17,2018-08-09 00:00:00
24ea76bb3b4beaf60ca30ddb12a8ccd7,31d233c035df67b427afd83c727b2653,delivered,2018-01-20 12:12:45,2018-01-20 12:19:17,2018-01-23 01:14:05,2018-02-07 20:59:06,2018-02-19 00:00:00
f2963764a8f4f435ab860e2e8c633d39,64c0fe5df70a219d94954da44e24718b,delivered,2018-04-28 12:41:55,2018-04-28 12:55:29,2018-05-03 11:33:00,2018-05-08 17:03:02,2018-06-04 00:00:00
360b04a1d5ade05ad883270f2d2580de,cbd521be7c6c73a475630d1807b30327,delivered,2017-05-30 20:39:31,2017-05-31 07:02:44,2017-05-31 09:17:04,2017-06-06 10:57:28,2017-06-26 00:00:00
1958dfc7a44c7967a1f5339f67db8fe3,8dc42110e8149a83283cb1ade4b2eca5,delivered,2018-01-10 12:57:06,2018-01-10 13:09:24,2018-01-10 20:48:37,2018-01-13 17:26:51,2018-02-01 00:00:00
7bf262f298d3a3e62a691b4bcb82916d,21128c7bab1ce9de02ecd04bee493880,delivered,2018-07-18 23:13:33,2018-07-19 23:05:14,2018-07-20 14:42:00,2018-07-27 13:32:32,2018-08-09 00:00:00
374fa6a5abe1f7de3edd2add780eb791,fe7abd700836b4f8d8a8a87624f4071a,delivered,2017-05-28 16:05:32,2017-05-30 05:05:21,2017-05-31 11:04:36,2017-06-05 15:08:28,2017-06-21 00:00:00
4056ebb28fca7221561bf47ffaf7451f,9db63dc819326e31364028615a6d017c,delivered,2018-02-10 02:19:27,2018-02-10 02:30:27,2018-02-14 19:46:37,2018-02-19 20:19:16,2018-03-06 00:00:00
b45255a6696ebb8f53915a109a16458a,6c69f878f99ce6a9a5fd91c0a9957d53,delivered,2017-11-01 12:31:43,2017-11-01 13:31:18,2017-11-03 18:51:29,2017-11-09 19:52:58,2017-11-22 00:00:00
1a496064ceafeee379d9a37e8010e7e5,b588c83bac8f042810bd655d13b1ec2d,delivered,2017-08-28 16:14:45,2017-08-28 16:25:39,2017-08-31 12:22:13,2017-09-05 17:15:13,2017-09-22 00:00:00
14d669598f68c894de7412ad5b49d724,5e74fdb092ef6450a1a39cfccd73a2d1,delivered,2018-04-03 21:23:48,2018-04-03 21:35:22,2018-04-04 21:48:23,2018-04-17 21:19:23,2018-04-30 00:00:00
47c7065d871347ee5eecfddf704fb767,9302bde5262126fe133c527b3736f823,delivered,2018-04-01 21:22:23,2018-04-02 15:11:54,2018-04-04 19:50:52,2018-04-09 18:19:14,2018-04-23 00:00:00
65643122669afb8b86bd3c945f13a7cc,a1940d4b5b10dad0932c10d510ef0694,delivered,2018-03-23 19:42:13,2018-03-23 19:55:33,2018-03-27 05:47:00,2018-04-12 23:34:59,2018-04-19 00:00:00
3d4e6631f372be21b143a5d9aa2326d6,811b12780dc60c0a4554d92353878a99,delivered,2018-04-17 18:03:30,2018-04-18 02:15:25,2018-04-20 16:28:35,2018-04-30 22:31:44,2018-05-16 00:00:00
9af2d38526e268195d2fcfb62a158314,f68312987c796a4b29fa222afa28c4c1,delivered,2017-11-10 19:10:18,2017-11-10 19:27:22,2017-11-17 10:07:52,2017-11-20 22:44:34,2017-11-30 00:00:00
60949b693497040edfbbef6045e4d024,82a5bbdd3ce9c1005a71557a3584a6f3,delivered,2018-02-05 12:22:37,2018-02-05 12:30:26,2018-02-08 22:08:56,2018-03-02 19:13:15,2018-03-09 00:00:00
b46846b45a07d12a5553a67d4320ba61,bdf43d2af85fb8be05435a7b551f005d,delivered,2018-07-17 15:30:50,2018-07-17 15:41:36,2018-07-19 12:52:00,2018-07-24 17:03:41,2018-08-01 00:00:00
1be21009011f8032ec2932d23966bbd2,fe7cca8488ed19952d43c39f4a35ff89,delivered,2018-04-16 19:43:21,2018-04-16 20:15:26,2018-04-17 18:36:46,2018-04-27 19:11:52,2018-05-10 00:00:00
74afb33a8db1143adbf0e62541a4ca25,9e9db31377c20f56f1fbfe611425b5c1,delivered,2018-01-03 08:58:37,2018-01-04 05:15:11,2018-01-04 20:29:33,2018-01-06 16:47:10,2018-01-22 00:00:00
e57a911e022b8f667771dd09d31b9af1,2836f9005cb3054b35cf70739711bda7,delivered,2017-04-23 20:16:59,2017-04-25 08:10:52,2017-04-27 06:46:52,2017-06-06 08:35:50,2017-05-15 00:00:00
5f24553283f2c7a74869675a02035bd7,7a2af63d84fdaa8d3cd5034e5ea09d7a,delivered,2017-09-03 21:25:25,2017-09-04 21:30:20,2017-09-13 11:45:44,2017-09-22 21:50:21,2017-09-27 00:00:00
2c48969e48da7da20b6122d12778ea37,c87464756849e9ae28ff65d899ad809f,delivered,2018-07-06 00:22:39,2018-07-06 00:35:12,2018-07-10 21:16:00,2018-07-13 20:22:39,2018-07-25 00:00:00
d4dbf57d426f53d8324bdd93b74642ea,14193d049ca7c44a5c2bbb29f43a6f0c,delivered,2018-01-23 13:39:44,2018-01-24 02:35:42,2018-01-26 17:47:50,2018-02-09 18:58:34,2018-02-23 00:00:00
6a145a0bfebe28cf3c33bffdcc1be30a,2e85f736535c5bc4afcdc3c86b429eae,delivered,2018-08-15 17:47:48,2018-08-15 17:55:48,2018-08-16 15:07:00,2018-08-20 21:48:55,2018-09-03 00:00:00
d8b354d53fff40dcc80a7e64dbfc2878,0a7db3996b88954c7aa763b5dd621d5b,delivered,2018-02-13 18:20:51,2018-02-13 18:30:31,2018-02-14 20:22:56,2018-03-29 20:26:42,2018-03-15 00:00:00
63c9a278e2db31d8f1c92babe1b0ae5d,92c7ec0f765c23a7e86b6b96a6b707ac,delivered,2017-03-15 18:08:19,2017-03-15 18:08:19,2017-03-17 11:52:24,2017-03-27 14:34:04,2017-04-05 00:00:00
ad56333a7f58e14fd80c621db8f6e89a,030770361597328c6dfeffc197915bcc,delivered,2018-03-02 13:03:01,2018-03-02 13:15:37,2018-03-05 22:38:41,2018-03-15 21:14:24,2018-04-10 00:00:00
d2c2a40d9d3d9479b0784a08930ebc75,13be93651c09a42decee6be064c4ee6f,delivered,2017-03-13 23:05:19,2017-03-13 23:05:19,2017-03-14 09:26:09,2017-03-22 11:19:11,2017-04-07 00:00:00
248b9e7139f9afa6227c51a42ecb915a,e2793697038f61d6ceb3ae89e93d0dab,delivered,2018-04-02 23:45:38,2018-04-04 03:09:00,2018-04-05 00:49:41,2018-04-12 01:12:24,2018-04-19 00:00:00
d9ba89fb1ef0cec7d158b8a2679186f7,baf83ca8fb2533044b834d2cbea4cc26,delivered,2018-02-07 10:24:26,2018-02-07 10:35:34,2018-02-09 22:14:30,2018-02-26 17:09:46,2018-03-07 00:00:00
8a3c2c90a94d0d385e338f5765a86292,868abd036b449e8e53761765bf59bbbf,delivered,2017-11-26 21:09:26,2017-11-26 21:18:21,2017-11-28 18:51:50,2017-12-18 15:39:47,2017-12-19 00:00:00
d155f2e86c4956027b24bb6769cf2f80,b9811e8109305241e41ca136ce24556a,delivered,2018-01-16 08:36:36,2018-01-16 08:50:01,2018-01-17 15:29:11,2018-01-18 19:03:40,2018-02-07 00:00:00
bbd8e564f8a7baebca36f716fa4ae247,138ebdbd7b3bbf93c029dce0dda3353f,delivered,2018-07-23 11:59:39,2018-07-24 11:32:42,2018-07-25 14:00:00,2018-07-28 17:28:28,2018-08-08 00:00:00
1693d3b069866bbe03167ef59ecb639e,a688dfb397b2185b971dde35c385ec7a,delivered,2018-02-13 15:08:34,2018-02-13 15:27:25,2018-02-15 19:56:37,2018-02-26 22:38:50,2018-03-20 00:00:00
320830bbdec047e0eb59a44965450195,103da636b7570853d710e71c1cb4617b,delivered,2018-01-28 18:55:08,2018-01-29 18:51:37,2018-01-30 21:16:51,2018-02-07 01:15:36,2018-02-14 00:00:00
3a1b7d917cc04f710c5afdd8fbbabe85,de1bf47c6fadd8c028c7834a6ac27a1d,delivered,2017-11-26 01:18:42,2017-11-26 01:35:18,2017-11-27 18:48:05,2017-12-18 18:35:24,2017-12-20 00:00:00
a24d08cc90fa49d3bb3be98d915423e3,fc570b6557c9a63780acb28007d313f0,delivered,2018-02-02 15:52:51,2018-02-03 15:50:17,2018-02-20 21:07:38,2018-02-21 22:46:58,2018-03-09 00:00:00
470bd7c916de78d36c5ed1f1990f1c5a,32158399285b7347046a6ab6d19331ca,delivered,2018-08-14 13:19:13,2018-08-14 13:35:11,2018-08-16 14:40:00,2018-08-28 01:06:23,2018-08-31 00:00:00
053abf362c2b73b283a3bd5a814320ac,2d44f70281161cbf9bb10e22dfa63fb3,delivered,2018-03-28 07:43:11,2018-03-28 08:15:16,2018-03-30 01:22:12,2018-04-02 16:11:22,2018-04-24 00:00:00
21b9bb429b09c08b2ae81e3ed20e8d2f,e8fe0f56504f85ac492a818a3e659de2,delivered,2018-08-27 15:18:45,2018-08-27 16:00:07,2018-08-28 14:06:00,2018-08-29 21:57:01,2018-08-30 00:00:00
9f8eca0088cfbcac9b37cdb8fe5159dd,fbdc15d3098061f18f82853bfbfd771c,delivered,2018-03-10 11:14:24,2018-03-11 12:28:48,2018-03-13 19:39:30,2018-04-03 00:11:58,2018-04-26 00:00:00
6a5586aef88bff8c258fec8c11a31e07,cdfc52019bb0d9ad47cddf2ed52ed2f8,delivered,2018-07-31 21:13:42,2018-07-31 21:30:06,2018-08-01 11:45:00,2018-08-09 16:17:36,2018-08-23 00:00:00
12905797f6a5f67c41d036a0ea9a40be,fd6ddc090d4815733d4ff3ebb14c7d20,delivered,2017-09-17 12:59:53,2017-09-17 13:10:13,2017-09-18 21:04:16,2017-09-22 18:28:52,2017-10-09 00:00:00
d980f50000c27ca36394bcac0cc7285b,7f4c282242a6c95555130ae68bd83a57,delivered,2018-03-08 16:33:24,2018-03-08 16:56:11,2018-03-14 00:58:46,2018-03-16 18:51:15,2018-04-10 00:00:00
6287b2bf8c9689868aadfd52c50f1160,32e4bd735156597b566450319760c72e,delivered,2017-06-14 01:00:14,2017-06-14 01:10:19,2017-06-16 08:41:51,2017-06-30 11:09:17,2017-07-11 00:00:00
5d23c305abfcdc141c263c99c7dd6b21,3972e71685615c37216988d30a24d4f3,delivered,2017-09-25 12:24:16,2017-09-25 12:35:15,2017-09-27 21:14:07,2017-10-06 21:54:48,2017-10-17 00:00:00
779c5a7c2cd3e729d3195fce1837445c,e71bc052424770177302796c5867257a,delivered,2018-04-10 16:18:42,2018-04-11 21:09:42,2018-04-17 17:15:52,2018-05-12 01:18:28,2018-05-29 00:00:00
03dffd456132253d009d20fc4a228c9b,1789a9c308d16b63a0d1a496756a6942,delivered,2018-07-22 23:27:13,2018-07-23 12:31:55,2018-07-24 09:31:00,2018-07-25 18:36:46,2018-07-31 00:00:00
b6b94b1cc59892d36b45ad8df8055206,899f6aa53846ef2f3775f4f4c58336da,delivered,2017-02-14 01:42:52,2017-02-14 01:55:09,2017-02-14 07:39:11,2017-03-01 16:41:50,2017-03-21 00:00:00
10aa3224bbb698312ca210f229f91b5e,849f4c3ce60179d983c950271c580b7f,shipped,2018-02-05 16:28:54,2018-02-05 16:52:02,2018-02-19 22:46:52,,2018-03-05 00:00:00
3f6833af28b1e2885b8df4899e9aa8d1,d47c8bb51df6f716e196ecd6cd5d2c09,delivered,2017-08-31 17:25:03,2017-08-31 17:35:22,2017-09-01 16:27:38,2017-09-14 22:32:47,2017-09-22 00:00:00
62dd396ac0abf39a27c18f75a5952fca,41ef6a2ec2be4d4d42ac9becc45dc57e,delivered,2017-05-04 09:02:38,2017-05-04 09:10:17,2017-05-05 14:49:52,2017-05-09 15:34:00,2017-05-25 00:00:00
c0eeb5703693e76ee775cdbffc8df848,4bfe061af37ee42fb43c06a5a0d795d7,delivered,2018-04-16 22:28:42,2018-04-16 22:50:10,2018-04-17 23:03:20,2018-04-18 23:31:14,2018-05-02 00:00:00
f016bad9967e9cc4cb4e6337ff50ed1f,adab968330b10dd8f1b1bf395da8d698,delivered,2017-10-09 16:06:46,2017-10-09 16:44:03,2017-10-10 15:43:20,2017-10-16 15:20:14,2017-10-26 00:00:00
2047058984e5864a83158101943495bb,68b62859e3953143b9a370d565e81c44,delivered,2017-07-29 17:28:18,2017-07-29 17:43:16,2017-07-31 14:27:00,2017-08-24 18:58:55,2017-09-01 00:00:00
9f8cafb0bdf2f13c7d2406c36296592b,b37dfa765c704039a689aed328bdc92f,delivered,2018-05-04 09:02:32,2018-05-04 09:15:20,2018-05-09 07:46:00,2018-05-19 12:48:49,2018-06-08 00:00:00
7d6c0dec1e6a1670dce5f5d97dad5051,f4db74faf1ab52d4858eaf188673d8e1,delivered,2017-10-19 15:29:41,2017-10-19 15:49:25,2017-10-20 17:48:12,2017-11-03 12:29:46,2017-11-10 00:00:00
020c01e41104519842f8a15605af646c,0fb0919d1c2791fb41c75bec69db8df1,delivered,2017-02-08 13:10:22,2017-02-08 13:22:39,2017-02-08 15:29:14,2017-02-14 14:47:33,2017-03-09 00:00:00
2dacc81722bbde834907930ea0ea3377,7e3b9e64bd08115ec6f24b521207ebd6,delivered,2017-07-27 08:46:34,2017-07-28 08:45:22,2017-08-04 19:47:27,2017-08-08 18:58:13,2017-08-15 00:00:00
78288ea406e8bdc11d35c15f1ac36931,25cccd60b48558d02884cfe4ca56cc70,delivered,2018-05-15 18:06:07,2018-05-15 18:34:44,2018-05-17 11:57:00,2018-05-18 21:42:47,2018-05-30 00:00:00
2663ce3526465b7ee9809428adabdc45,032a544bbe984490f6ff7450e3c8b0bc,canceled,2018-08-30 13:07:46,,,,2018-09-12 00:00:00
2262f6e2778c369031168e981215c70d,51d99428b23627a102c5866cf00b7813,delivered,2017-07-17 16:18:44,2017-07-17 16:35:10,2017-07-24 17:39:52,2017-07-31 21:10:24,2017-08-11 00:00:00
cad42b09c7b0a54df0097a65da14d324,516034d1679bb8a6ea490edb5343c0e4,delivered,2017-05-05 19:06:14,2017-05-05 19:22:20,2017-05-08 11:42:11,2017-05-13 12:12:21,2017-05-30 00:00:00
e02d3b3c85978cdf1f69221dadf12d21,a3fffde028a099d424723d6be9963459,delivered,2018-04-24 14:24:42,2018-04-24 18:08:31,2018-04-26 09:38:00,2018-05-07 20:16:41,2018-05-24 00:00:00
09ca36d55d4afbcc785cf9def43c9078,d9ee1a7cb4871d90758fec8a1bbbb0b0,delivered,2018-07-14 19:44:35,2018-07-17 04:31:36,2018-07-17 14:28:00,2018-08-01 17:41:14,2018-08-02 00:00:00
9c84d33c8583db075bc4e9df4e5949a6,8d8f4d670280de0542d35c1513829da4,delivered,2018-05-04 22:12:07,2018-05-08 03:35:22,2018-05-09 12:31:00,2018-05-10 19:05:36,2018-05-14 00:00:00
8a22bbf4a8d46b845e7b24add6dc5bce,856d87f37ded3711e685ea724e5ca248,delivered,2018-01-24 20:42:35,2018-01-24 20:52:27,2018-01-25 21:56:53,2018-02-05 20:05:52,2018-02-21 00:00:00
4bb092f397e56a28c0207882c135f5bc,a37aca35a5ff14fefa24de86e12048f3,delivered,2017-11-28 07:49:45,2017-11-28 07:59:29,2017-12-15 01:38:40,2018-01-05 16:19:24,2017-12-22 00:00:00
5af2c148f1516ec3a6480292f74363f2,53bcd392dd20b57eb9697413d737bf31,delivered,2017-10-26 23:08:52,2017-10-26 23:26:33,2017-10-30 21:33:43,2017-11-06 23:04:44,2017-11-23 00:00:00
477749bcfe4bc5261ca38dd7fad8859b,469607928798754b49ca3658338a6451,delivered,2018-08-10 08:56:30,2018-08-11 02:55:17,2018-08-13 09:04:00,2018-08-17 12:43:30,2018-08-28 00:00:00
f1c1c3cfd14f75b7475d7df0d341d99c,2c2cf42c9a603bf3e1181fe3be2cae55,delivered,2017-08-17 01:02:24,2017-08-18 02:25:36,2017-08-22 14:37:12,2017-08-28 17:04:56,2017-09-15 00:00:00
da8a7bf7ae80c846ee09d610e58097e0,210639025fc2dcf33c3bce7c1dd5ee1b,delivered,2017-08-10 10:39:42,2017-08-11 10:50:21,2017-08-11 18:19:53,2017-08-14 20:17:54,2017-08-23 00:00:00
6e0eaecee9bbc83b77b4632e6c592963,a612afb529148dcb23632b4059250877,delivered,2018-03-15 22:54:22,2018-03-15 23:11:02,2018-03-16 16:48:55,2018-04-20 21:26:29,2018-04-09 00:00:00
cd20255d832f391f5913880c91c8ff58,880ee35f3bed690adfc19ef8f257f9ec,delivered,2018-04-12 10:56:09,2018-04-13 12:50:45,2018-04-16 20:08:28,2018-04-24 19:02:47,2018-05-14 00:00:00
89bbe8cb725ec2806d48d291eda86d93,0c7f99b2ed02dba92c6ea518906ab90c,delivered,2018-04-19 09:03:26,2018-04-19 16:58:38,2018-04-20 23:03:50,2018-04-24 11:58:41,2018-05-08 00:00:00
886ceeb29f5b123632b0f6149a1ed4bf,7807e273d1323e27710c8887ecdd3540,delivered,2018-06-13 16:03:13,2018-06-13 16:20:27,2018-06-14 16:13:00,2018-06-20 19:02:46,2018-07-17 00:00:00
18440dc1eacd354c5c6c6f87747e667e,5212ac438aec2f2e16191db8379dcb2d,delivered,2017-09-14 22:26:10,2017-09-14 22:44:10,2017-09-19 16:58:58,2017-10-01 15:42:27,2017-10-03 00:00:00
02cdf0f2b05845468fdf0c104e24ae17,01952039ba4abb6c459e7b6d62a69d7a,delivered,2018-08-17 23:24:19,2018-08-17 23:35:11,2018-08-21 15:03:00,2018-08-30 15:37:52,2018-09-28 00:00:00
3601e0c7b50fe6de74f3dfd5dc76b122,8fa651e6c34125a822080f2c838ffe35,delivered,2018-05-25 18:15:25,2018-05-25 18:32:31,2018-05-28 14:26:00,2018-05-29 17:48:41,2018-06-12 00:00:00
5f7c5a387a87c6c7a3fefa36dc21929a,f6a7e0ba6be36e5fdf7f15cdb3d21df2,delivered,2017-08-02 16:23:29,2017-08-02 16:35:25,2017-08-08 21:47:32,2017-08-12 14:35:46,2017-08-24 00:00:00
60de731b89e8c9651392a445b2813ff9,9e7e03debd14a03ed116a37125d8f250,delivered,2017-11-02 09:54:37,2017-11-02 10:06:18,2017-11-06 17:49:01,2017-11-09 20:15:44,2017-11-27 00:00:00
c1546d805c5e0a500643938cfeff117b,8e9978e43a0f61f5ebccf0ab645271bb,delivered,2017-08-20 09:23:44,2017-08-20 09:35:13,2017-08-21 20:58:40,2017-08-25 17:51:01,2017-09-13 00:00:00
9b4e27fffc39dbabdbd712352ff353df,5a1e5c42e6d73688dfd4597bf24eb988,delivered,2017-05-08 09:08:43,2017-05-08 09:22:04,2017-05-09 09:46:10,2017-05-15 15:26:34,2017-05-29 00:00:00
e154274f8d5b5bcef8bb9f51a54b218a,3088d567d9a1e008db4e3be276708b80,delivered,2018-02-06 16:50:48,2018-02-06 17:11:17,2018-02-07 20:42:44,2018-02-19 18:47:01,2018-03-07 00:00:00
16e1e21ae459315114f092dc02743dea,0677520cd18a8ae626bd2b7ec8358d08,delivered,2018-05-15 11:14:30,2018-05-15 11:34:46,2018-05-15 19:03:00,2018-05-16 21:18:55,2018-05-28 00:00:00
8e1d1de0ffc6127b3fbda09aba9fe9b4,3cc5f97c46e349492f4de8bb7f9a6c82,delivered,2018-05-03 10:26:05,2018-05-03 10:57:14,2018-05-07 15:47:00,2018-05-09 16:54:31,2018-05-16 00:00:00
d79d241a5cf403c982409819c8aaaa98,f48bb6ae97f067d5e7341e5de79c70a3,delivered,2017-10-20 11:27:43,2017-10-24 06:35:09,2017-10-24 17:57:50,2017-10-26 20:49:58,2017-11-08 00:00:00
53e134c152888a0bc7fe1da0dd4cee0f,ecbecd6ba589b89e56db7f5b74d387d0,delivered,2018-02-14 11:43:40,2018-02-14 11:55:26,2018-02-15 20:26:52,2018-02-27 17:39:11,2018-03-19 00:00:00
49df96b5d7690592c9cfc2c3c10e9a5a,4fedd71ebdc557d3a1a4bd9375489b6a,delivered,2018-06-05 23:41:24,2018-06-05 23:52:38,2018-06-06 13:04:00,2018-06-07 22:11:13,2018-06-29 00:00:00
db04082694e24f9e426fd68f516b46a3,79298f6a8720081178c7741e3eff8216,shipped,2018-05-16 16:49:12,2018-05-16 17:21:32,2018-05-22 18:44:00,,2018-05-28 00:00:00
fa3bef56b181acc039313f37d131a068,a57281cbee552d26ef69b249c2eadbc0,delivered,2018-07-31 13:46:00,2018-07-31 14:31:37,2018-08-03 10:05:00,2018-08-15 01:06:41,2018-08-30 00:00:00
4557160ef501e35446081b5111d79004,42f665acb231b6747c46d690abda2685,delivered,2017-05-24 16:51:44,2017-05-24 17:05:28,2017-05-25 15:32:48,2017-06-05 16:03:27,2017-06-16 00:00:00
b8752fc264f1692031237bb715061cc4,217368c0bfd8d50699dfb3f303d4c387,canceled,2018-02-22 16:58:06,2018-02-22 17:15:47,2018-02-23 20:49:02,,2018-03-09 00:00:00
2462c45b710dea677b715637b7716def,fdaa1993171038b32649eaf5ff680d9c,delivered,2018-02-03 12:54:35,2018-02-06 03:48:38,2018-02-07 14:53:42,2018-02-20 21:03:41,2018-03-01 00:00:00
7df3fcf1165828f7300fe1816834530e,5284c4d2691988b1689d22d04a002d34,delivered,2018-05-19 11:11:04,2018-05-19 11:40:15,2018-05-21 14:40:00,2018-05-22 15:22:54,2018-06-08 00:00:00
6f433e1b5764eb255869aedbee1b9d72,643ae37af3bdfee8f50a9dbba9d2d70a,delivered,2018-01-11 16:23:09,2018-01-11 16:35:27,2018-01-15 15:04:56,2018-01-29 21:06:59,2018-02-14 00:00:00
0e577169a545cf287894094d0146feba,ce5a044fc70f03fbe28127390fa27373,delivered,2017-12-20 10:02:04,2017-12-21 02:11:14,2018-01-10 01:28:58,2018-01-19 23:42:50,2018-01-22 00:00:00
50f578c4c614fa6e0466f3a624487da8,c0092febd2a5b6716c8955d6a2bc60cf,delivered,2017-05-18 17:33:09,2017-05-20 04:05:07,2017-05-22 08:29:54,2017-06-05 11:23:55,2017-06-09 00:00:00
82b0919653c8b121cf8b4beb9eda83fb,036c04b97edba65881be384d9ef54ee4,delivered,2017-10-09 11:40:18,2017-10-09 11:49:48,2017-10-13 13:54:38,2017-10-19 20:29:04,2017-11-03 00:00:00
951465eab40f27ad0841ed050ba48349,ff82a901ab0eb2b99d8f6ce30e975a0d,delivered,2018-04-22 22:07:08,2018-04-24 17:46:25,2018-04-27 14:15:00,2018-05-03 17:51:55,2018-05-17 00:00:00
e01de4bb8dc46ea4d7e8c5ea3afe2f8d,10c1529311141c1bce5e8a4d808b2729,delivered,2018-04-21 09:54:41,2018-04-24 19:09:57,2018-04-23 19:41:27,2018-04-24 20:03:53,2018-05-11 00:00:00
1726692d7d3bf55b3bf72214ed9e6f7e,693d02fe5397d7acda742a75d955610e,delivered,2017-02-04 13:00:52,2017-02-04 13:15:12,2017-02-06 14:17:36,2017-02-08 14:05:10,2017-03-01 00:00:00
ba9010430233c7f3cfea464354fed620,39e73876ccb56f80d2ae60b888dea740,delivered,2017-07-24 11:52:30,2017-07-24 12:05:10,2017-07-24 21:06:00,2017-08-07 16:17:53,2017-08-04 00:00:00
d4bf4c2cae2256d8e92b6ec8f1fd248b,857543e7eeb34537a105aa66e3321440,processing,2017-02-22 21:14:33,2017-02-22 21:25:14,,,2017-03-21 00:00:00
11920e11fe97283e241e22b84dc6a89d,ca178666fc3dd7acfbb9837d9ab3388d,delivered,2017-03-03 08:34:09,2017-03-03 08:45:16,2017-03-03 09:03:05,2017-03-28 01:44:02,2017-04-03 00:00:00
3e6c77a5839517805ed2f8f80e7d9054,a6fe690d5608de5a62f7d88b87fafba0,delivered,2018-06-06 21:29:12,2018-06-06 21:55:04,2018-06-07 14:25:00,2018-06-08 20:28:30,2018-07-03 00:00:00
ea0472e5d6f63e79bfed49785b12e467,412fbdfb8fd10fe210f249a438349ae2,delivered,2017-12-07 22:04:39,2017-12-07 22:12:26,2017-12-09 16:58:25,2017-12-20 13:24:32,2018-01-05 00:00:00
30c6a9aa866d68119430c9679d22690c,065495b7879ad8844fa8f999493906e7,delivered,2018-06-09 21:25:15,2018-06-12 04:35:31,2018-06-13 11:19:00,2018-06-19 02:36:23,2018-07-19 00:00:00
7122630ed5f706d6cc7faddb780673d9,c96dd2c130f726c251154d10b21c50ca,delivered,2017-07-30 21:18:52,2017-07-30 21:36:07,2017-08-03 19:37:36,2017-08-10 17:37:58,2017-08-22 00:00:00
dc32213e0063284eb5f3bdb81c9afbcd,48f43810876d876679cfe34b8cb78a52,delivered,2018-03-15 10:01:20,2018-03-15 10:15:31,2018-03-15 19:28:25,2018-04-07 16:24:37,2018-04-23 00:00:00
f80a2d6485e38a437fca857efb7b1b66,3f1b54aa1bd161f6840b4bf436b47588,shipped,2018-04-11 23:05:04,2018-04-13 12:34:39,2018-04-16 23:35:34,,2018-05-21 00:00:00
9a7284f20265daee38fb94a63f91bf98,c7f6ee122d318f8e376cfb4b2912e42f,delivered,2017-10-26 14:45:20,2017-10-26 15:07:58,2017-10-27 18:55:01,2017-10-31 16:12:46,2017-11-14 00:00:00
28b6917cb6d7f6fe0540986342ec6866,da60fc458fbb1d80edcd359e2116d015,delivered,2018-08-01 08:37:07,2018-08-01 08:50:14,2018-08-01 16:00:00,2018-08-07 19:48:37,2018-08-16 00:00:00
dbba7ff437dcecd5e70b6ea4bb3ab37b,b939726f0c84b51a4ecd3ff5bd61e314,delivered,2018-01-29 22:44:15,2018-01-30 22:35:48,2018-01-31 22:48:48,2018-02-07 19:16:40,2018-02-21 00:00:00
e7bf6c078fcd0eac3b977d498537e2b3,1ef155243064f7c445c0d8bfaec8e12d,delivered,2017-05-05 13:48:02,2017-05-06 02:25:24,2017-05-09 16:47:46,2017-05-15 18:26:13,2017-05-30 00:00:00
5505392067e8b24913b7142f3c6489e7,0c1699c37326ecf93e3a029ef1159431,delivered,2018-02-13 17:00:33,2018-02-13 17:10:27,2018-02-15 15:13:18,2018-03-01 22:18:44,2018-03-06 00:00:00
c9beb1873d3060dba404c5d5628758a2,8af1593e90dc41a8920bcf5e51439446,delivered,2017-12-03 14:41:45,2017-12-03 14:55:32,2017-12-05 00:48:43,2017-12-12 01:49:08,2018-01-09 00:00:00
c33f6b9840953ad210b51a86f6aa13a9,a03851354f0d59c91b9796815d5ec52e,delivered,2017-05-31 15:39:51,2017-05-31 15:50:22,2017-06-02 15:34:59,2017-06-07 09:38:44,2017-06-23 00:00:00
8a42544dd494aebf0d95467be030d2d7,311926aa7d26a97be988107ea7faf602,delivered,2017-07-22 18:36:53,2017-07-22 18:50:18,2017-08-01 19:32:46,2017-08-09 20:15:35,2017-08-15 00:00:00
71e44b6c5e64fe2f82234724f9ffba2d,8ec0369343ea30889cdd7ae88561b61f,delivered,2017-12-27 23:57:29,2017-12-29 02:09:05,2018-01-03 23:32:27,2018-01-05 13:29:31,2018-01-16 00:00:00
a4e56a5d579e9d4268c4cacb5a6e5747,cd866103686af47c76617a55875dbebe,delivered,2018-03-05 13:09:28,2018-03-05 18:31:18,2018-03-06 19:55:07,2018-03-30 02:58:32,2018-03-27 00:00:00
b9ac97245b38bb678929cfbe68a37a5a,db16867c8fed0a2a0ae4cd8a17286437,delivered,2018-06-20 08:50:03,2018-06-20 09:20:22,2018-06-26 14:46:00,2018-07-04 19:22:14,2018-07-25 00:00:00
09514821d13482daa26aadf8c2273e7f,6f3981043130b73e335ccf2b30dbf116,delivered,2017-02-07 20:08:49,2017-02-07 20:22:19,2017-02-08 07:38:39,2017-02-17 18:05:15,2017-03-06 00:00:00
b01c50f438279f3dabf8b744fa68dacb,ccfba1a75c6b8968105c35b86389bffb,delivered,2017-12-31 10:36:04,2017-12-31 10:47:19,2018-01-05 20:19:53,2018-01-13 12:15:04,2018-02-01 00:00:00
d614d13ed2aca6884ec736b100a96c50,d6b1cad208edf495d5ef09d969eeb5ee,delivered,2018-06-25 18:29:22,2018-06-25 19:02:10,2018-06-27 15:47:00,2018-06-30 15:28:53,2018-07-13 00:00:00
b19f842d0b61315ace1d5428f07f7b98,c7b204f3ef56183108dce3b69f5a964b,delivered,2017-12-15 19:57:58,2017-12-15 20:11:19,2017-12-18 21:34:45,2017-12-21 15:25:09,2018-01-04 00:00:00
0352796ceb3700a87606f6f19b1d20b3,e48c7c057b69c92110eeb16fa5d4136a,delivered,2018-02-06 17:00:44,2018-02-06 17:15:39,2018-02-08 23:33:38,2018-02-14 21:19:00,2018-02-23 00:00:00
ddf67cc31b78ae6a5b969da2158d6bb3,52ef069fa39db50ea9770d2078a74859,delivered,2018-04-25 15:55:35,2018-04-25 16:53:40,2018-04-26 14:19:00,2018-04-27 21:44:31,2018-05-09 00:00:00
77ce7f33b46e4a158d452e6ccf0dff14,6311a3c1ac4f50b4d94af47a6cd0e20e,delivered,2018-03-24 16:17:19,2018-03-24 17:08:04,2018-03-26 21:46:59,2018-04-07 13:11:54,2018-04-17 00:00:00
c76d2d304f60e2fd258910e47c8dc5f8,9fa6f4d5caad5fb2dd00719fd4dfd2a1,delivered,2018-05-12 20:52:12,2018-05-12 21:16:02,2018-05-15 11:19:00,2018-05-23 23:36:44,2018-06-06 00:00:00
26398993ea4ace9cdbaa65c00bcaabdc,131179cafae9c36a207ead0936a05f86,delivered,2017-11-18 12:19:21,2017-11-22 02:36:26,2017-11-27 23:32:21,2017-12-12 17:58:49,2017-12-12 00:00:00
371dcdd114490b436dff8fac7d52a928,4f84b7661cfd485a6a01d77cdf0b3a20,delivered,2018-06-27 15:44:06,2018-06-29 02:53:27,2018-06-29 11:03:00,2018-07-11 17:11:55,2018-07-30 00:00:00
8317d8f8a48f752de4f562843083134c,04ce89d665a380f14ab7dabb784ef293,delivered,2018-04-09 10:07:58,2018-04-09 10:30:33,2018-04-11 20:26:33,2018-04-16 18:41:48,2018-04-27 00:00:00
e8782ab91b5bd339a3250f9564b4b168,1154c11fd11d89d487e1ec3f6f7befc1,delivered,2017-04-30 08:23:52,2017-04-30 08:35:19,2017-05-03 11:38:34,2017-05-15 05:00:00,2017-06-02 00:00:00
bdb1554633e5b5bf1a3b47940263c00b,0be948a55db2c18553bc293d52ca6c61,delivered,2017-11-27 23:19:45,2017-11-27 23:37:33,2017-12-01 18:18:44,2017-12-28 21:35:20,2017-12-20 00:00:00
6a436bfc9dcfaf12d5075d521f38afe9,d3026f8e45f46142dc55f6801ae02a47,delivered,2017-10-03 20:37:50,2017-10-03 20:56:23,2017-10-04 16:23:20,2017-10-07 12:29:03,2017-10-25 00:00:00
55bf73806954eaa4c141c837fc717391,738f964911f73b4c3582dd27a848c6c9,delivered,2018-01-30 22:37:34,2018-01-30 23:31:39,2018-02-05 17:44:50,2018-02-20 18:39:08,2018-02-23 00:00:00
46cdb9878bdee04146a71668b8c0c5e8,880827853540620bdacd1d7b70d213a6,delivered,2018-01-23 10:27:45,2018-01-23 10:38:34,2018-01-23 18:18:06,2018-02-02 20:18:55,2018-02-20 00:00:00
e94049a4979c0cca812d339264c0792e,71cc26bc7864619a4a736dd09806d067,delivered,2018-01-31 00:27:29,2018-01-31 21:09:43,2018-02-01 22:38:45,2018-02-16 22:23:02,2018-02-23 00:00:00
cacd075ead957703244655d22b0cb474,de6707c64119c18cc15bb87e70cafe58,delivered,2017-11-23 22:14:49,2017-11-25 04:15:09,2017-11-27 21:48:17,2017-12-01 23:26:59,2017-12-19 00:00:00
1d11d88a12def23535f1299d26d8ebda,ca3d413ad083d24db4775381aa24ae54,delivered,2018-03-30 18:29:32,2018-03-30 18:47:21,2018-04-02 18:30:57,2018-04-15 14:52:07,2018-04-23 00:00:00
21098189656e63812f552eeabc4eea79,2ebd75027981cac9bde613ab2de194bd,delivered,2018-01-13 10:28:16,2018-01-13 10:38:28,2018-01-15 17:38:29,2018-01-17 16:15:19,2018-02-01 00:00:00
03d81b72be3d0b572b58b215fc156e72,a9f11314b76b5d3662b70b192c3cafbf,delivered,2018-01-07 17:42:11,2018-01-07 17:51:27,2018-01-09 00:39:23,2018-01-16 19:06:39,2018-02-23 00:00:00
d6db7f667096b9209c177893ddedb788,63469895c7367d40ce7a72e99d8347c9,delivered,2017-11-29 20:53:57,2017-11-29 21:17:10,2017-11-30 22:32:55,2017-12-07 21:46:49,2017-12-15 00:00:00
ca956d502f34466301d1268a2df5b0a3,be6ad148cd108f6148d20a8ec756fa1c,delivered,2018-08-03 17:13:19,2018-08-03 17:25:20,2018-08-08 18:21:00,2018-08-13 18:03:39,2018-08-20 00:00:00
203a9f020a3ddd0f46400de701b212df,c48f80d49ae289dd9a54abcec2ba76bd,delivered,2017-11-14 16:57:33,2017-11-15 02:36:07,2017-11-17 21:23:56,2017-12-01 17:57:31,2017-12-14 00:00:00
23d16dddab46fd3d06e8d9d27ffea3f5,7fd5064d974b0d44fb17dd7fa58c9ada,delivered,2018-01-25 21:49:14,2018-01-25 22:17:51,2018-01-26 19:21:40,2018-02-19 19:38:33,2018-02-19 00:00:00
08fe21124b36efe247030b7939603f1b,188961c3a59cf2dc947be5a75e4d62ce,delivered,2018-05-04 11:07:13,2018-05-04 11:15:24,2018-05-08 12:35:00,2018-05-09 18:58:42,2018-05-18 00:00:00
e0162395d367ee9b019d565333294e14,c7ce66c269ffe3278f2ac313bea10912,delivered,2018-06-27 11:57:36,2018-06-27 12:10:14,2018-06-27 15:46:00,2018-07-03 21:58:39,2018-07-24 00:00:00
a1c6049bfa9b859edb1f80846a9ca9ea,759563393edced798e28bccca495cde8,delivered,2017-08-17 10:55:04,2017-08-18 02:30:54,2017-08-22 10:09:06,2017-08-30 18:23:15,2017-09-11 00:00:00
d3c0d82bf3404b729415987a6166420a,04ae58c675dbb11f51e6c9b23e368c3e,delivered,2018-05-06 14:45:01,2018-05-06 15:10:06,2018-05-09 14:58:00,2018-05-15 15:04:56,2018-05-25 00:00:00
810c62fc6dcbec308df5e90b8add2f4d,4a652b352b855e5e22de8d83490f14e7,delivered,2018-03-21 20:35:30,2018-03-22 02:49:56,2018-03-27 20:05:29,2018-03-28 21:21:40,2018-04-03 00:00:00
42a64eac09d0a6be5a307753093d45e8,d8690d5619753ee8295c1a1f602d9fc0,delivered,2017-10-25 08:53:51,2017-10-25 09:06:11,2017-10-25 17:02:45,2017-10-26 19:05:14,2017-11-07 00:00:00
a3475ffe00b0ffdf1951a56d5a6b8102,40eb5f82c09d34902b3f2425898b93cf,delivered,2018-01-06 17:50:14,2018-01-09 16:30:06,2018-01-10 20:18:24,2018-01-29 15:19:11,2018-02-08 00:00:00
e1041ca455e08b097d279568b13b22a1,f1ebe3628f15f8a83b0b380accafb017,delivered,2017-03-09 11:09:46,2017-03-09 11:09:46,2017-03-10 14:32:58,2017-03-20 16:42:28,2017-03-30 00:00:00
fb5903db78c27a8ce31f5840de3c0abd,d77356fcf88bf30395d31a7eb4cc1928,delivered,2017-08-17 14:23:16,2017-08-17 14:50:14,2017-08-22 15:04:18,2017-08-26 15:36:25,2017-09-06 00:00:00
78e0775b7967227a9d6f00277bed69e2,57b1284ee4544b378d7f1d5cc857815c,delivered,2018-04-05 12:13:24,2018-04-06 03:08:29,2018-04-13 13:48:21,2018-04-17 19:38:44,2018-04-24 00:00:00
d9c27eceb93c734d5711f417a691e904,c3d3e00eb0741f6662891cb94a986ecc,delivered,2018-01-29 14:59:34,2018-01-29 15:18:50,2018-01-31 20:41:26,2018-03-03 21:33:41,2018-03-08 00:00:00
7b4a44bc5f1454fa1a746c97a135011d,5a39e7d39440b67d24d8c1873cb65ab2,delivered,2017-10-29 15:53:04,2017-10-29 16:55:28,2017-11-01 00:47:28,2017-11-03 18:29:53,2017-11-22 00:00:00
b8b88108eac141a885b496b3df46e5ac,39ee7d31641c3f04b65dc46f462ffabc,delivered,2018-05-21 20:48:37,2018-05-21 22:56:35,2018-05-22 19:04:00,2018-05-24 17:47:29,2018-05-29 00:00:00
1f940fc941da73865323a8c30e2871f0,5af24a9ac18ec436b4958257b776349b,delivered,2018-08-13 15:13:23,2018-08-13 15:25:14,2018-08-23 09:16:00,2018-08-29 12:30:04,2018-09-03 00:00:00
9f26d6e7d343f91817f608ab2cb56cdd,ab2e069dc0a781952e8a2447efda4bdb,delivered,2017-02-10 15:43:45,2017-02-10 15:55:16,2017-02-15 12:54:49,2017-03-02 18:49:08,2017-03-13 00:00:00
9eab9b5db2edcd3d67654eea38f74ad9,1edb49f0b83fae7a1c43f9bfca9caf34,delivered,2018-01-09 10:16:34,2018-01-09 10:29:41,2018-01-11 18:23:02,2018-01-13 00:27:03,2018-01-24 00:00:00
f37cdd40de53fd4b961aa07433c716fc,474b9f393f2d19999e4a9fc7ce3a898e,delivered,2018-03-02 12:58:20,2018-03-02 13:40:24,2018-03-05 23:07:03,2018-04-05 19:09:30,2018-03-23 00:00:00
42ae5f07337ca05cc783cbf53a52e1b5,999b34c71c1cd291021fc96f67a1e3cf,delivered,2018-07-30 11:40:50,2018-07-30 12:30:58,2018-08-01 08:18:00,2018-08-03 20:32:23,2018-08-08 00:00:00
08fc1aa23fef732befd3559729544a6a,464c432b9a954fdde0a2620ffed7f681,delivered,2018-04-30 12:44:31,2018-05-03 03:52:55,2018-05-03 15:21:00,2018-05-07 19:51:59,2018-05-24 00:00:00
e5100188966a71404b1ac65f51487cb4,cad3adb2a6965a5e1180a68ee254e2cf,delivered,2018-06-18 21:12:18,2018-06-18 21:35:36,2018-06-19 13:34:00,2018-06-22 15:21:39,2018-07-05 00:00:00
6b64cb311a0d5baa18bc37ead02d657c,cec5fb258ac2eb3210402449e54f4743,delivered,2017-12-12 10:17:49,2017-12-12 10:50:38,2017-12-14 19:52:13,2017-12-18 23:34:51,2018-01-05 00:00:00
00130c0eee84a3d909e75bc08c5c3ca1,47d656c08a282ec5ab4c1f18303a3a30,delivered,2018-06-11 21:17:00,2018-06-12 05:16:24,2018-06-12 14:22:00,2018-06-13 15:28:25,2018-06-20 00:00:00
32246337a2acef34f1c9b793e13032d5,7438ff3aefb340ad9c04d0a5b1cec14c,delivered,2017-12-04 19:18:09,2017-12-04 19:30:18,2017-12-05 19:27:30,2017-12-07 15:37:13,2017-12-20 00:00:00
81789600931518629cdd008140f7defa,600c7fa664ebe06507a29f2e71d549ca,delivered,2017-11-30 22:34:44,2017-12-01 10:30:59,2017-12-04 20:49:34,2017-12-05 19:24:54,2017-12-18 00:00:00
ed6d45b167eb69d46908edf490f396b1,719c87a4b983b44744b888450aad4093,delivered,2018-01-05 09:38:46,2018-01-05 09:48:24,2018-01-05 23:37:54,2018-01-08 21:08:42,2018-01-26 00:00:00
9cb82a3ae51fb07b957662bdff7a189a,bd985ccb5e83e8fea3144ef00f602de7,delivered,2018-01-03 22:24:40,2018-01-05 02:35:47,2018-01-09 19:06:52,2018-01-12 23:18:58,2018-01-19 00:00:00
02bd92abe094825e0683bacaacb64285,d71c8d46b852f467520c039ceefcc433,delivered,2017-11-27 15:30:19,2017-11-27 15:38:32,2017-11-29 20:32:46,2017-12-14 19:21:51,2017-12-26 00:00:00
a58702c3d5801746f53c535039460c60,a86d2945cbd7499a32d45c1bd041c351,delivered,2017-11-02 21:53:59,2017-11-02 22:05:59,2017-11-06 23:31:38,2017-11-13 19:12:55,2017-11-29 00:00:00
51526aa307cfd9cd8d3e9d4fa0c26121,97f6772ce3a8fd0482229a1c57d48da2,delivered,2017-12-14 10:52:55,2017-12-14 11:17:49,2017-12-14 21:22:45,2018-01-09 00:08:13,2018-01-16 00:00:00
3243b6004aa13062aab8b5d81b54fc98,7f230bc3e608f26f8ecaa710abd5d2d2,delivered,2017-10-13 17:21:29,2017-10-14 03:46:25,2017-10-25 18:47:57,2017-11-06 18:23:00,2017-11-13 00:00:00
b8722b30ef2c3090b0f15cc03481049d,a8d1bf1b834203e8f61eec1192d6c166,delivered,2017-07-19 12:44:05,2017-07-19 13:03:00,2017-07-21 20:57:32,2017-07-22 13:11:57,2017-08-01 00:00:00
afed4265a8b956d840bc032e54dfccd1,e08f49e30ad8f0c2a6db4d6fc316c841,delivered,2017-07-26 17:22:34,2017-07-26 17:35:21,2017-07-28 17:47:39,2017-08-16 18:45:49,2017-08-23 00:00:00
c3fea8c95a1b94af7d629c3c2952334b,16ee708807a1311a42642843b427b00f,delivered,2018-06-02 23:40:57,2018-06-02 23:50:23,2018-06-04 09:42:00,2018-06-11 16:28:36,2018-07-11 00:00:00
45904bc2f27b4b3d71f27fc638080399,029be5fce165c111d15eb737d28d44b8,delivered,2018-07-18 14:46:26,2018-07-18 15:45:22,2018-07-24 14:14:00,2018-07-25 11:47:26,2018-07-30 00:00:00
735c97c58832ee67c2f23aa70deb343c,a5c303ce62b6a228d4ff0133f63932c1,delivered,2018-07-21 19:24:09,2018-07-21 19:44:12,2018-07-23 16:05:00,2018-08-05 17:35:36,2018-08-14 00:00:00
c2682afdb84368351a76f8b0c8cc47d9,8e9d6975c2eed815dcddf57645e28c18,delivered,2017-07-30 12:27:33,2017-07-30 12:43:06,2017-07-31 19:12:58,2017-09-17 16:24:32,2017-08-30 00:00:00
723ad8c008a67d2af51d205bec0a69ac,8d43602a38aad2e3712856431d9c2f69,delivered,2017-08-12 16:40:39,2017-08-12 16:55:12,2017-08-14 13:30:08,2017-08-21 17:17:03,2017-09-05 00:00:00
ae3e8160dfb11ba7791e416b096d2525,cc13f005c0fde5c8edb518f1d7f4adef,delivered,2017-08-05 00:19:31,2017-08-05 00:30:18,2017-08-07 15:40:05,2017-08-11 18:32:53,2017-08-29 00:00:00
b0200f320613faea21c999a90efa28ab,cb3e59ee986f4594de1982df4ae214f7,delivered,2018-02-10 17:58:16,2018-02-10 18:48:12,2018-02-19 21:42:18,2018-02-20 22:33:02,2018-02-26 00:00:00
16cf9720961cf627fa5911f4e37fc6f9,cc09120bb2e0a1e9473b4d9a2f2d7b3b,delivered,2017-11-25 01:02:19,2017-11-25 03:51:39,2017-11-29 11:36:53,2017-12-11 20:51:40,2017-12-19 00:00:00
072a8923b88a4247c16f4c0bca2f3177,45b965b024a060a20f35be157bd46415,delivered,2018-01-09 20:47:36,2018-01-11 02:37:27,2018-01-13 02:29:15,2018-01-16 20:53:25,2018-01-26 00:00:00
d5bd26cb62e49fde71c09ef5039cf2f6,5e63d746b7b0811e6e09d7259661ca25,delivered,2018-02-27 20:19:32,2018-02-27 20:30:25,2018-03-08 13:24:50,2018-03-28 17:46:35,2018-04-04 00:00:00
2771d3ac1d43785ed9c2fdcb077a87b0,a558bfe4300d0404d6493b278ac18ca2,delivered,2018-02-15 19:33:06,2018-02-15 19:46:28,2018-02-16 22:18:54,2018-02-26 18:58:50,2018-03-12 00:00:00
99bc267f49d76932cd195bfb2a94dd03,a74d22d1fa7ac7e321a09c49fb1b3b15,delivered,2018-02-26 11:25:38,2018-02-26 11:49:41,2018-03-23 20:44:24,2018-04-03 19:26:38,2018-03-20 00:00:00
7e03ea2749db964d64386d5ba76cad36,b205df5e86441d2b2f404ffc0c762fe5,delivered,2018-08-09 22:58:56,2018-08-09 23:10:11,2018-08-10 14:59:00,2018-08-20 20:51:19,2018-08-27 00:00:00
523b7abdcc8e629f4bc493a9824341f5,bb56c2b674bccae86229cfb114cfa422,delivered,2018-01-15 16:13:36,2018-01-16 03:36:36,2018-01-19 23:04:41,2018-01-25 18:07:31,2018-02-05 00:00:00
5dd4ba32ddd49be56001b6436d8ef44c,574d62d458f862a40cc12c3f41418c3b,delivered,2018-05-16 16:19:18,2018-05-16 16:38:52,2018-06-01 14:03:00,2018-06-05 20:19:00,2018-06-08 00:00:00
5138967f3495b0b86c11eb58abade91b,305c91e91ba4201b5e1da9f488bf64c3,delivered,2017-08-29 19:54:35,2017-08-29 20:05:52,2017-08-31 11:07:59,2017-09-13 20:17:46,2017-09-21 00:00:00
b277cd83cbc203702ec0b15ca86799fb,ab0ed6d3425b97299131aa272b3cacf7,delivered,2018-06-24 18:44:40,2018-06-24 19:20:03,2018-06-25 13:12:00,2018-07-03 08:51:50,2018-07-19 00:00:00
5e889b27fcf62bb902c417303e5f688f,a77cd04603184ba353fd0fd98d4d3aaa,delivered,2017-11-06 16:57:56,2017-11-07 02:31:47,2017-11-08 17:55:40,2017-11-22 12:39:15,2017-12-05 00:00:00
6212a47660b2565578064374703be19d,fc5f9fa109597cb6c9ff852af942c1e0,shipped,2018-04-06 02:22:15,2018-04-06 11:49:02,2018-04-07 01:17:42,,2018-05-02 00:00:00
cdd2a05ff6a4cd9dbb4a63f46f0806e4,543efa23813eb8a5fa5fa5ee959f4944,delivered,2018-02-19 18:32:21,2018-02-21 06:25:18,2018-02-22 19:56:42,2018-02-26 19:42:39,2018-03-05 00:00:00
91dd5af14efa32795fa00503841506c5,3e3f791730f212dfe837272bd313fb60,delivered,2018-07-25 10:03:19,2018-07-27 02:05:17,2018-08-07 11:42:00,2018-08-14 11:04:00,2018-08-21 00:00:00
125065dcda5fb5549b43a1ce085bec63,1622f2d9b3f7674f53e69d66f98e3517,shipped,2017-07-20 16:57:21,2017-07-20 17:10:09,2017-07-24 10:10:01,,2017-08-15 00:00:00
24c78c3d4dc744978c9e4e077d3caf8e,d2a8c832f148746c2ea01272de8bd606,delivered,2018-04-29 16:15:08,2018-04-30 09:50:34,2018-04-30 12:58:00,2018-05-07 20:18:38,2018-05-18 00:00:00
25f9ba70a00ea2a3907973a340834885,24c38fd30a0c822c183c67d3720f2c47,delivered,2018-01-05 23:30:03,2018-01-09 07:17:28,2018-01-09 15:34:29,2018-01-11 20:28:43,2018-01-23 00:00:00
6202fea10a6355e22332c7d5a964e401,f1d702f7f5dfd71800d4557053a100ae,delivered,2018-06-06 16:59:41,2018-06-06 17:13:17,2018-06-07 14:06:00,2018-06-20 01:32:07,2018-07-18 00:00:00
7b1c9d44d6e6a5fa56cc9d084f9e1698,86ff70f8d524fc65ed5f59c12384e411,delivered,2017-09-23 18:15:44,2017-09-23 18:35:14,2017-09-28 12:55:38,2017-10-11 20:04:21,2017-10-23 00:00:00
9720bd5580d585bdc13b3da5a5197323,7a8607339cd00d491766c6c08e2a5c03,delivered,2017-05-03 20:13:43,2017-05-03 20:25:08,2017-05-04 14:10:11,2017-05-15 14:32:36,2017-05-30 00:00:00
4a1b2eddbc026752feeb5bdc37943b0d,33b28a041517bfa554ac9cf2556210d5,delivered,2018-08-09 10:12:15,2018-08-09 10:55:22,2018-08-09 17:10:00,2018-08-17 00:48:51,2018-08-24 00:00:00
2dbb2d54315778065c399a7e83002a57,4368f0421da8cbe3603fc13ee5dec576,delivered,2017-05-06 22:26:44,2017-05-07 22:25:12,2017-05-11 07:24:47,2017-05-16 11:16:14,2017-05-29 00:00:00
b1e17419a95b98d8710e2354fe7b714a,18063c04b3b271bd41f87d5f2c0300a3,delivered,2018-06-07 22:36:08,2018-06-07 22:56:02,2018-06-08 15:02:00,2018-06-11 18:31:56,2018-06-25 00:00:00
7a125641d07db9def010cf07e54913fe,5c666fa03ba6450edbc6a15bf7c5e6d9,delivered,2017-02-03 13:12:29,2017-02-03 13:25:15,2017-02-06 11:51:52,2017-02-15 15:25:48,2017-03-07 00:00:00
81756fe1903a10b2a5fbb3d843382cf0,3f5d541c043d1dc244fc7fb2bbcc9e67,delivered,2018-02-26 14:07:17,2018-02-26 14:29:49,2018-02-27 20:08:59,2018-03-08 18:16:38,2018-03-22 00:00:00
deae800566c689f2a076d37be35e4c7a,a1ebc0ecb085dc9bca51a620eeb15acf,delivered,2018-02-21 17:23:29,2018-02-22 14:40:25,2018-02-26 21:57:44,2018-03-20 12:46:51,2018-03-27 00:00:00
99330d45c3ba6f45ad5745f6de036c5f,223f5e3208f2fa202a8ff706a4d9b206,delivered,2017-10-17 10:16:16,2017-10-17 10:28:18,2017-10-17 21:05:56,2017-10-20 22:05:20,2017-11-07 00:00:00
85a00341850d3ac099340d190e2ec046,35ff5c9e1014c64117a3b3f4a92fbbb6,delivered,2018-03-14 22:00:19,2018-03-14 22:10:52,2018-03-15 17:36:32,2018-04-18 16:52:32,2018-04-17 00:00:00
85599745768805ce8a4885e5098d0d9e,92bb4e3db74b1a4e1afd9c9dbaf7c25f,delivered,2018-07-30 08:20:22,2018-07-31 04:31:27,2018-07-31 15:54:00,2018-08-07 21:41:33,2018-08-27 00:00:00
0240c9d87266e4cabc3bacdcdc6e77e4,9ff020a259deb59e7cd97016824d8039,delivered,2018-06-12 08:40:31,2018-06-12 09:18:02,2018-06-12 14:18:00,2018-06-18 15:52:15,2018-07-13 00:00:00
45a3c5cc6bb7e9bb65bcd185df669a6e,3c47494ffc16280758dd950f117cb810,delivered,2017-12-11 21:05:32,2017-12-11 21:12:36,2017-12-15 17:16:37,2018-01-10 15:24:24,2018-01-08 00:00:00
767ed97fc7b0133058b858a89951972a,d1ff3e388062ad5a81ba9c2b1766e93c,delivered,2018-05-09 09:59:33,2018-05-10 07:15:19,2018-05-16 15:31:00,2018-06-02 15:22:03,2018-06-04 00:00:00
938324ab7faf3c0b99fe286fdda92dd5,7100068d2eb190d83a9d751087f9bc31,delivered,2018-01-11 20:40:46,2018-01-13 04:55:08,2018-01-17 00:28:24,2018-01-23 22:46:48,2018-02-05 00:00:00
d5e27d7291d4571c883c69143b590fd5,1bde7825953734db2df2dd6a27cfec02,delivered,2017-11-26 22:49:05,2017-11-27 10:55:17,2017-11-30 16:15:48,2017-12-16 12:36:35,2017-12-20 00:00:00
1b9fa622cb692f6e9d803d4a346bf021,dfbbd201fb084e2ec56f8c93e8cf1421,delivered,2017-03-17 16:47:13,2017-03-17 16:47:13,2017-03-18 10:37:00,2017-03-30 11:14:59,2017-04-07 00:00:00
6d78e79c696c9f3be8ef263ead6a119b,a829af0c8a5e125dafae1be7a814f72f,shipped,2018-06-22 17:07:59,2018-06-22 18:16:05,2018-07-05 15:48:00,,2018-07-26 00:00:00
0b223d92c27432930dfe407c6aea3041,e60df9449653a95af4549bbfcb18a6eb,delivered,2018-08-29 14:18:23,2018-08-29 14:31:07,2018-08-29 15:29:00,2018-08-30 16:24:55,2018-09-04 00:00:00
942667533dd65545cd5c94bf8890170b,a59d43dffaa9ba50678839b373c5253e,delivered,2017-12-11 23:40:35,2017-12-13 16:35:26,2017-12-14 17:25:04,2018-01-03 16:05:06,2018-01-09 00:00:00
b26530f9c2437788f9290f8339dba184,68d6a047603087e91e53b767332e917b,delivered,2018-03-18 22:28:09,2018-03-18 22:48:20,2018-03-19 19:58:32,2018-03-29 16:21:19,2018-04-13 00:00:00
44d3984d00152b899eff3953948a0124,9cf795ff93fd465c917a295a67712ea6,delivered,2017-07-04 11:22:34,2017-07-04 11:35:15,2017-07-04 14:27:51,2017-07-06 18:25:37,2017-07-24 00:00:00
9f672a6ad991e6e232e91e479ab1d0ef,efd0675fcbdaf56e198a09ad3829ecf8,delivered,2018-05-29 13:30:18,2018-05-29 13:58:03,2018-05-30 11:27:00,2018-06-13 18:38:28,2018-07-11 00:00:00
61924caaf0facc4cb3c580d9bdc2f690,fd1f36c6b0aff16b4b3bcc1160db7b18,delivered,2017-07-09 10:26:29,2017-07-11 03:50:45,2017-07-13 19:32:19,2017-07-25 14:50:08,2017-08-18 00:00:00
8f4011d8935e9c3e8f9f5a23efa980c2,f4c0dbcdce53f792ca2f96ac9d8e99cb,delivered,2017-06-22 01:03:38,2017-06-23 02:25:28,2017-06-28 15:05:11,2017-06-29 18:33:40,2017-07-17 00:00:00
a8c3f65a43b2e956cbfca10db4300853,c2c97a4df7be5639a8976ed8b8516e81,delivered,2016-10-04 23:39:01,2016-10-06 15:46:26,2016-10-15 12:39:45,2016-10-20 19:14:53,2016-11-24 00:00:00
83055c0065bec470a99316217bb2b639,db362d7742e55c0f476bfcece3a19917,delivered,2018-02-20 20:10:07,2018-02-22 02:10:46,2018-02-22 22:49:07,2018-03-01 16:07:31,2018-03-12 00:00:00
cd8a58a1d0ff7371bf0452763dc5c0fd,665d1ce8d05017886774eeec06243f3a,delivered,2018-04-22 18:12:50,2018-04-24 19:25:14,2018-04-26 15:02:00,2018-05-04 20:04:12,2018-05-21 00:00:00
e2e6981a464151382dad2865d02642ed,eddaa8af6d3be5af666176a35718f182,delivered,2018-01-03 19:31:35,2018-01-03 19:46:59,2018-01-04 15:29:03,2018-01-05 23:49:40,2018-01-19 00:00:00
3536d74406907f8978513900207e05ee,67757507f4e23de2a1180be9c36a2702,delivered,2017-08-09 15:16:29,2017-08-09 15:36:26,2017-08-11 18:22:13,2017-08-18 21:41:09,2017-08-31 00:00:00
9d4837e9f15d4e57e4783e22786cb407,98303708a4554ac30dd99ed2fb6f9c0b,delivered,2018-02-06 18:23:16,2018-02-06 18:54:55,2018-02-07 16:42:32,2018-03-05 11:08:15,2018-03-12 00:00:00
e047cffc6007a32bed61812f7a9ba04c,4dcecc67ccdc6f75f9b3621310442f75,delivered,2017-12-08 16:02:40,2017-12-08 16:14:21,2017-12-12 19:10:19,2017-12-17 13:57:02,2018-01-05 00:00:00
545b9d98685b98a2203d2ba6e56b8e3a,c1c485afcd2871d243f7f3282b3366a2,delivered,2017-05-02 13:35:51,2017-05-02 13:45:19,2017-05-03 12:02:00,2017-05-16 15:56:53,2017-05-25 00:00:00
fa83e155dfa5da681c4754559e6d1043,4a0a9ff7be23502c8356f3b5fbf5472c,shipped,2017-05-20 07:49:33,2017-05-20 08:03:19,2017-05-24 11:55:56,,2017-06-13 00:00:00
6966b21d5a0ca10f795dc14508c1b7bf,07d2a5fdbee70f085319ad636a84e6cd,delivered,2018-02-24 11:41:05,2018-02-24 11:55:25,2018-02-27 23:37:01,2018-04-19 22:18:27,2018-03-21 00:00:00
db0c4d3804fd0676152a2ac39cf5cc27,45f416cd82ad9c52c6ed085aabf3f203,delivered,2018-07-13 16:11:46,2018-07-13 16:31:26,2018-07-16 14:10:00,2018-07-24 15:52:03,2018-08-02 00:00:00
d5413af9e6a487fb5ebbee25ae9495cd,93ad1bfeae11321da2d9daf61e594b3a,delivered,2018-01-12 20:14:48,2018-01-12 20:25:26,2018-01-15 23:23:07,2018-01-19 17:22:55,2018-02-06 00:00:00
f29d63dc20fad4b72cce6b486876ec3e,b223de141ac675b7317a8a04ff905905,delivered,2018-07-02 21:06:36,2018-07-02 21:15:16,2018-07-05 12:24:00,2018-07-09 14:56:35,2018-07-25 00:00:00
114483c2698c3681197da8cbb87204b8,0d8a449d198d88f6a8df2a7272000cb2,delivered,2018-03-29 14:02:04,2018-03-29 14:15:18,2018-04-03 00:38:37,2018-04-26 10:19:42,2018-04-27 00:00:00
d4b7cee184f5ec6e5819759fd4178b90,6c4595ae9091ec95248b0ee5e91b478d,delivered,2017-03-20 13:32:15,2017-03-20 13:32:15,2017-03-22 13:49:07,2017-03-28 12:53:56,2017-04-27 00:00:00
0d140a890cdc7ac00c5540b11c5ee93c,a0e08b8248764d911334b7997a7de1d0,delivered,2017-10-10 21:08:34,2017-10-11 03:14:23,2017-10-11 11:28:56,2017-10-13 22:32:35,2017-10-23 00:00:00
012dc9e42da722d22e32c618a2521bec,90de167c37925320a60cc9f4cc750117,delivered,2018-04-04 14:19:18,2018-04-04 14:30:20,2018-04-05 17:03:31,2018-04-09 23:41:44,2018-04-16 00:00:00
7e405814c829cafee9c827024e3c714d,fdb25935b3091f24524bab7fff017e95,delivered,2018-06-28 21:52:33,2018-06-28 22:10:12,2018-07-03 05:06:00,2018-07-05 15:52:54,2018-07-23 00:00:00
0a1bbcb7a1af6b58931664e147542a2d,32cb0dc27ceb91adb151c23ba2a3da27,delivered,2018-04-04 14:23:40,2018-04-04 14:35:11,2018-04-05 22:37:46,2018-04-18 21:06:40,2018-04-25 00:00:00
38246d20fb91403c9ed13e1aa3c665ad,68362d853bb8306b7fe6862d06575fb8,delivered,2017-08-01 09:53:24,2017-08-01 10:10:15,2017-08-02 12:12:42,2017-08-09 18:45:13,2017-08-25 00:00:00
6432c54782ac5771915214151b143975,e1031ddd53cf80ca70d30d057851aa72,delivered,2017-11-17 15:31:56,2017-11-17 15:50:34,2017-11-22 00:08:34,2017-11-29 20:26:52,2017-12-15 00:00:00
d458c1c3490c500eb8ee41abe912626e,aa94ddb0d9628d99374e0ba9a4a077c9,delivered,2018-02-04 12:42:34,2018-02-04 12:55:56,2018-02-05 22:14:31,2018-02-15 22:37:13,2018-03-05 00:00:00
46b6b021ac3c927cdf04d4d7533e8759,6ba564b5fa2a2cabf5bc71543320817a,delivered,2018-02-14 12:13:05,2018-02-14 12:27:13,2018-02-16 11:59:59,2018-02-21 16:17:20,2018-03-01 00:00:00
9a60aa4f4e624f758ed933742410bf32,9210200fde8b061e36a929721ddcca43,delivered,2017-11-16 12:33:47,2017-11-16 13:50:01,2017-11-17 16:45:32,2017-11-23 23:26:38,2017-12-11 00:00:00
f7f82ee7ff273ef6632f165b3ec2e9b0,ba9add251abd9e0bfba7fcf971d6d9ed,delivered,2018-08-21 10:10:40,2018-08-21 10:35:17,2018-08-21 12:24:00,2018-08-24 23:36:45,2018-09-06 00:00:00
70d6a585155b39ed84fc4cab834764ee,c7833cbd562aa927ed4cadb97a4964f4,delivered,2017-11-02 23:23:49,2017-11-02 23:35:29,2017-11-06 18:46:51,2017-11-20 19:54:33,2017-12-04 00:00:00
a60cc6832b1b78e7cc684d7c82b1be03,6c9265db41f93fd7cebb1ee9e90506f4,delivered,2017-10-04 14:14:37,2017-10-04 14:28:55,2017-10-13 16:37:52,2017-10-23 16:33:14,2017-10-27 00:00:00
1efa3bd33f2a887addccba92edc88340,8ae206912a2afe2c2bc2f1cd3d31cc90,delivered,2018-05-28 17:11:38,2018-05-28 17:30:25,2018-05-29 10:25:00,2018-06-01 14:19:37,2018-06-20 00:00:00
eb31fdfb332cea92e0b75fbe92b0a1cd,c13fb77725debf9be5e88e59125fbb0f,delivered,2017-11-26 19:43:27,2017-11-26 19:53:46,2017-11-27 22:26:57,2017-12-12 16:23:38,2017-12-15 00:00:00
c6f76eab23a24f9d7c56f217debbdb65,5f4c2699f48637b47f98a1ae92bb6bd4,delivered,2017-08-02 06:14:43,2017-08-02 06:25:10,2017-08-02 20:52:07,2017-08-08 20:55:10,2017-08-31 00:00:00
02ed129a369c56d40549270ac5900864,a9bb7262db7f75330d596923bcd27be9,delivered,2018-07-02 21:30:10,2018-07-02 21:50:22,2018-07-03 13:57:00,2018-07-05 13:08:49,2018-07-27 00:00:00
685f8172db0440c031fefe2081cbef7f,4b740cad2c22a5ac0556c056c494f478,delivered,2018-06-28 13:32:50,2018-06-28 13:50:35,2018-06-29 12:30:00,2018-07-04 17:37:51,2018-07-30 00:00:00
e17f744bed784a76426455ca2b4f35d0,de011f37c5bc27a59dd1c53efae99e20,delivered,2017-12-27 01:27:38,2017-12-29 02:08:55,2017-12-29 16:42:38,2018-01-05 17:10:31,2018-01-24 00:00:00
cf1763a6cef94ae43c5fc1d02976d5a3,58c26d9f4361488a9a1de023ad4e744d,delivered,2017-04-14 14:33:32,2017-04-14 14:45:17,2017-04-17 14:00:14,2017-05-02 13:01:36,2017-05-26 00:00:00
019543c0de8386be97738b589ee695aa,ee78e2394f33a3bf7e81e1ba6192863e,delivered,2018-05-27 17:10:25,2018-05-27 17:34:47,2018-05-28 14:30:00,2018-05-29 19:27:25,2018-06-20 00:00:00
1f30fde124ba6ceed74f5e7022b78641,9388d79b88a9696b7c053a52fa57c859,delivered,2018-03-08 12:02:23,2018-03-08 12:15:26,2018-03-12 23:08:50,2018-03-15 16:56:25,2018-03-21 00:00:00
165c8cb6857ddef74549e79056c60b06,549a9f5b9ac02e302a38f2e14c8929a3,delivered,2017-07-06 15:10:51,2017-07-06 15:23:52,2017-07-07 19:39:02,2017-07-08 14:18:43,2017-07-19 00:00:00
c2485fbf261ae20fb834f6679afbed53,1b4d105211b13b833f020c713d4bb56f,delivered,2017-11-16 12:53:23,2017-11-17 04:06:22,2017-11-17 18:31:41,2017-11-27 17:43:22,2017-12-13 00:00:00
0849ccbfff0e8fd7168be6a62ca74a0d,0687042f138418a235175398780d7d69,delivered,2018-05-08 14:38:21,2018-05-08 14:55:46,2018-05-10 18:29:00,2018-05-16 15:22:48,2018-05-30 00:00:00
51583e82a02a89f3d5d82954c62f0e03,786f127aaf29002193d526221dd85679,delivered,2017-08-20 05:41:56,2017-08-20 05:50:07,2017-08-21 21:36:37,2017-08-30 21:05:07,2017-09-25 00:00:00
d0ea601e79bae1c3f0c140aa4bc298c8,76ade414116262df942c67fd9922c64f,delivered,2017-10-04 00:55:00,2017-10-04 01:07:13,2017-10-06 19:37:40,2017-10-17 22:39:21,2017-11-08 00:00:00
a00e73405373c561c9df18fa53fb1af2,9f3e6af406a610a1715b84cba194cbfc,delivered,2017-07-17 12:03:59,2017-07-17 12:15:15,2017-07-18 18:05:29,2017-07-31 14:56:52,2017-08-11 00:00:00
3dff7447814a5f3da382bcedafa59462,23631c049ed4b436d8a991ccdeb55b3c,delivered,2018-03-30 18:33:39,2018-03-30 19:15:16,2018-04-02 18:08:32,2018-04-03 20:24:35,2018-04-26 00:00:00
7419d74066b299f2c4c8640ce5fa8e7d,f1ddb964ad9968d0648753d7970799de,delivered,2017-02-06 16:37:37,2017-02-06 17:41:25,2017-02-07 08:44:48,2017-02-13 09:24:03,2017-03-07 00:00:00
39a304edd15b91acd82d65b785e84a76,7e0a09dfdea272201984dfb23d0ed999,delivered,2017-06-09 14:08:53,2017-06-10 03:03:51,2017-06-12 15:44:57,2017-06-14 14:44:09,2017-06-23 00:00:00
b80154273cbd7248eccd7d13128b99c0,8efe3040c4786f06898cfac0e9e99627,delivered,2017-07-24 17:18:40,2017-07-24 17:30:21,2017-07-26 18:24:43,2017-08-03 19:22:47,2017-08-16 00:00:00
4c38dc6e460b5c6de2b1acf65e646cdd,31bc2ab4be7965c0d6c9c1852ad9875a,delivered,2018-04-06 14:59:25,2018-04-07 02:47:56,2018-04-11 10:52:27,2018-04-14 11:39:25,2018-04-25 00:00:00
e5b57b95d37521ae98578f0d22af3a2b,b619eb6a180984678e8c1165e6b3ea90,delivered,2017-05-15 20:22:26,2017-05-15 20:35:15,2017-05-16 12:54:55,2017-05-18 17:01:12,2017-06-02 00:00:00
80e2b63fdff0ad53daef256e9b0f2c8e,26200259c9bba6e2708558f225ce4ed6,delivered,2018-04-26 00:13:51,2018-04-27 00:13:14,2018-04-27 12:54:00,2018-05-15 14:46:55,2018-06-01 00:00:00
f2b620afa1cd911f5bce90e1f9646760,29a1a69307bc6be09b16df522b56b397,shipped,2018-01-04 20:25:12,2018-01-04 20:32:29,2018-01-05 23:53:37,,2018-01-26 00:00:00
17e73283864f2c7bbdb6856a2b7bc13e,7b4728d74f0ce27ff4e8da81a5891c47,delivered,2018-06-11 13:57:23,2018-06-12 08:41:33,2018-06-12 13:06:00,2018-06-20 19:26:39,2018-07-13 00:00:00
a00f891df81b2ee87c6c5eb73c81c571,60f4e882b701ca5aea3378dfd8dc55d9,delivered,2017-02-08 21:38:50,2017-02-10 02:50:14,2017-02-10 10:41:12,2017-02-14 13:07:42,2017-03-07 00:00:00
e4d23e4aa01e7ed940ad8a6c2e94934e,3444b6df29161fdf7e00469f6f79693d,delivered,2017-11-25 19:58:38,2017-11-25 20:11:24,2017-11-28 13:19:09,2017-12-01 18:58:53,2017-12-11 00:00:00
f8be452a84b539d25445efac063ac421,83ec2d588690ad4dffcd98fc9565478a,delivered,2018-07-24 18:59:11,2018-07-24 19:10:16,2018-07-26 14:25:00,2018-07-30 15:57:37,2018-08-03 00:00:00
0bbb3f7791a87d0307555e57da3a1ff1,126e796f3f459d75233ffae11eda5001,delivered,2017-04-11 09:24:49,2017-04-11 09:35:16,2017-04-13 09:17:02,2017-04-20 09:19:39,2017-05-11 00:00:00
45a410b9ee5e2362f406a525457778f9,4c685d2c689e0df1c31d74028b5efebe,delivered,2018-07-24 16:00:02,2018-07-24 16:40:12,2018-07-27 15:10:00,2018-08-02 21:50:53,2018-08-16 00:00:00
b73c273d02a8045c60df03ae7c03dc4b,7aea4c1a850cf1f179099fa1c85e9c51,delivered,2017-07-05 22:24:44,2017-07-06 03:30:13,2017-07-06 14:27:36,2017-09-05 15:51:55,2017-08-08 00:00:00
559d83199eaa46854cd06da9ce8961fa,ea032836b7a4b823d5c06b196f1ec862,delivered,2017-10-14 02:23:19,2017-10-14 02:35:08,2017-10-17 14:12:52,2017-10-18 19:32:42,2017-10-31 00:00:00
2dafb4132a26189c56b5443762cba44e,83d4314403a6ecbafa4bb78d58299b94,delivered,2017-03-19 23:57:08,2017-03-19 23:57:08,2017-03-24 10:12:17,2017-03-29 12:48:33,2017-04-10 00:00:00
d234a970b741b7ea0578de7dd3dba128,22e295fa2af8d7eed44d5821a7a76dee,delivered,2018-06-01 13:15:11,2018-06-05 04:12:42,2018-06-06 14:41:00,2018-06-16 00:27:53,2018-07-16 00:00:00
12661e88e7fb495c59a6db6050546e4d,45cad50122c68fe993f875925eeb8854,delivered,2017-11-24 23:22:56,2017-11-25 02:14:54,2017-11-27 22:38:54,2017-12-07 21:42:16,2017-12-18 00:00:00
813c637484948baa6c0e02abefc2a204,7510cf46e51f644b27b79e938c1c1ae5,delivered,2017-10-14 11:08:24,2017-10-14 11:26:05,2017-10-19 18:47:42,2017-10-31 18:10:02,2017-11-03 00:00:00
f3d92b10debc6571287fc47b1b077003,d0207bfb3658030a07c672bf3bbdbe21,delivered,2018-05-14 16:36:05,2018-05-14 16:52:51,2018-05-15 13:59:00,2018-05-22 20:14:51,2018-05-30 00:00:00
dfcde524471a02bb09be29951cc089bb,1e8e1c62473f56df55197028a8b67324,delivered,2018-05-24 16:01:40,2018-05-25 08:36:52,2018-05-29 15:36:00,2018-06-11 20:18:19,2018-06-26 00:00:00
23d5d28c2bf332ea0034ec9ec17437f9,b3aa19f75c5aaef3e8d56ec06ec8b4f4,delivered,2018-07-30 13:12:38,2018-07-30 13:30:12,2018-07-31 12:44:00,2018-08-07 19:21:37,2018-08-29 00:00:00
f3775ff29924bbead0a149bf8614c39d,9384cf5d0f851996fe73d99440add186,delivered,2018-08-20 22:17:11,2018-08-20 22:30:10,2018-08-21 15:38:00,2018-08-23 23:48:32,2018-08-24 00:00:00
92d731517f17c26f16182d45498c4c3d,95c44daefa7bfb91c6bb0665a0cd22fc,canceled,2016-10-05 11:23:13,,,,2016-11-14 00:00:00
e2daa9281728e47abae1c8799a4abd9d,f36aaf634475955f4c50e193961ca70d,delivered,2018-05-28 10:54:42,2018-05-28 11:13:47,2018-05-29 14:45:00,2018-06-01 15:32:03,2018-06-20 00:00:00
6a333077739385e594ea01b12faf9323,d78d9586e8895b302072d5438ae4fbf3,delivered,2018-01-15 16:29:22,2018-01-15 16:51:07,2018-01-18 12:47:35,2018-01-20 15:48:34,2018-01-30 00:00:00
35c4b628dd86b372a3382436139c22ac,b876bd1457c8275a8bb42728d0476e1f,delivered,2017-06-29 17:20:54,2017-06-29 17:30:16,2017-07-04 11:37:51,2017-07-10 18:49:32,2017-07-13 00:00:00
bbcd8e46520fed222134c829d40f79a6,6d5d8bf0bd779f372db4ed11ca72b514,delivered,2018-05-01 11:09:04,2018-05-02 12:55:12,2018-05-02 14:20:00,2018-05-17 18:18:34,2018-05-24 00:00:00
63a3eb68025b31c84a0bfca8a8b27ec3,b34dffef04a2e8ecce637601e7733dfd,delivered,2017-12-22 12:36:18,2017-12-23 12:31:26,2017-12-27 12:59:09,2018-01-05 22:17:04,2018-02-19 00:00:00
c5f8207301eae78cb829cb3df3755196,81ead83512b812f9a51a8a268c76af48,delivered,2017-11-26 16:17:07,2017-11-26 16:35:59,2017-11-27 21:29:00,2017-12-06 21:49:47,2017-12-22 00:00:00
acba89405234491dd6704dbf3fd8f653,d09e32e1434fea56e44cb50f5e339c04,delivered,2018-05-14 09:49:58,2018-05-14 10:12:29,2018-05-15 14:25:00,2018-05-18 20:24:45,2018-05-30 00:00:00
617e9e939fe662eb114540a7d2008eca,7d5f98d04443ed87f53433191d7676af,delivered,2018-08-06 15:09:17,2018-08-07 04:30:27,2018-08-07 14:22:00,2018-08-14 17:57:37,2018-08-29 00:00:00
0741ee0ba3cb46d86325be2879e18706,2fcfc9d4b333b0b81e5d3ce23d6d0ba6,delivered,2018-02-21 08:52:11,2018-02-22 08:48:42,2018-02-23 19:22:54,2018-03-08 15:25:26,2018-03-20 00:00:00
dec5a901a17fadd6f6c3e62b5bd36bf2,a4e18e14c32019f5f66dba4c4db390fa,delivered,2018-05-16 18:19:42,2018-05-16 18:41:51,2018-05-17 10:15:00,2018-05-22 12:38:50,2018-06-05 00:00:00
fd6a51f9eb40dd4bca270db2bd18aae4,45d0f33f9a4e1688ceefd7a8fc7d54d9,delivered,2018-03-08 17:10:52,2018-03-08 17:30:32,2018-03-09 19:32:00,2018-03-20 20:38:45,2018-03-29 00:00:00
53036d8a739a905871d7f0096fa3b339,fb4b4cb8bda9db9b27e86ac7865d4e7e,delivered,2017-11-26 22:16:15,2017-11-26 22:33:46,2017-11-28 09:18:35,2017-12-01 21:14:33,2017-12-18 00:00:00
1b46c5cd349b4c1e7bda383bb8d64731,9a3f52e1bec201f8966f6d0a8faddbb4,delivered,2017-07-17 21:48:20,2017-07-18 21:55:10,2017-07-19 19:05:31,2017-07-24 21:32:44,2017-08-09 00:00:00
d028a64c05f08a92c571f7c90337dd1b,25f26e7600734a0927afb2767ad3286d,delivered,2017-03-29 09:03:28,2017-03-30 09:10:14,2017-03-30 14:18:37,2017-04-03 13:37:43,2017-04-18 00:00:00
1742b3c36c990766100378e610fe957e,46ea3c538b5686fe4cb8a62c8fa06dae,delivered,2018-01-10 15:19:50,2018-01-10 15:30:30,2018-01-11 18:09:46,2018-01-26 16:45:49,2018-02-09 00:00:00
8455db911d020aad3cc78b9fad423695,018346fb20f70801a88a7b8c6dbc2e31,delivered,2018-01-10 10:20:38,2018-01-11 02:35:53,2018-01-11 18:10:41,2018-02-06 21:56:02,2018-02-09 00:00:00
80a16d66483cba1e11bd7f56a3cc175d,d3742082e769c6467c320bdd7b9d059b,delivered,2018-07-26 15:57:48,2018-07-28 02:45:22,2018-07-31 14:00:00,2018-08-04 17:47:37,2018-08-07 00:00:00
fbfc97df1457d7d38a31cb4ffd994f6f,10693241cdb6f6538e240723a250a957,delivered,2017-05-03 11:24:08,2017-05-03 11:45:50,2017-05-10 11:13:24,2017-05-16 11:24:00,2017-05-24 00:00:00
0640b06b89343b8b664b6ddef40ba020,93be387010f0b00896cf0d40d5921885,delivered,2017-11-04 00:36:39,2017-11-04 00:50:21,2017-11-06 14:43:02,2017-11-13 20:32:41,2017-11-27 00:00:00
d5d389d5dac0ca10a385e00351eda2d6,3622d0c6239c84a8b1d7798a0410aa3a,delivered,2017-04-24 21:46:59,2017-04-24 21:55:21,2017-05-15 13:23:15,2017-05-19 13:31:57,2017-05-23 00:00:00
a4d541965fdf41f59fcbdd53630627b9,3e4cc55b37b733a77f767349b2d350db,delivered,2017-03-06 00:54:20,2017-03-07 04:10:16,2017-03-08 10:42:02,2017-03-13 14:23:53,2017-03-24 00:00:00
f1ce104562bd756dd17eecf2a55766bd,68364d8b890d0237a0b34a62910e9309,delivered,2017-12-08 08:15:50,2017-12-12 03:49:38,2017-12-13 21:10:30,2018-01-10 23:52:44,2018-01-05 00:00:00
0c77e9308e3c15bbeb6c16405a2da080,ae632365142083e22587dcd1553a1cdb,delivered,2017-07-13 18:19:24,2017-07-13 18:30:16,2017-07-14 15:09:24,2017-07-21 19:26:49,2017-08-02 00:00:00
5e70bcf826ffb41fbf68e94ba929635e,7100e029840cace5a1d56ccc75b83ccb,delivered,2017-05-06 16:59:23,2017-05-06 17:10:18,2017-05-19 09:37:47,2017-06-23 11:44:40,2017-06-02 00:00:00
638c43326cd8c7403a2bf818e46b779e,b22658c153336a249dd82bae710c2f9a,delivered,2017-12-01 16:19:38,2017-12-01 16:40:34,2017-12-04 22:09:39,2017-12-24 10:28:02,2018-01-02 00:00:00
601d20f33163e575f4eb9704e3730c1a,41b73e4199c7fb14607fb96d55cfbd8f,delivered,2018-07-05 18:35:55,2018-07-05 18:51:11,2018-07-06 11:15:00,2018-07-13 21:26:26,2018-07-19 00:00:00
41fda9edc88497c311e7ef6d4f79f934,f39b60f54b475d95d610a8f3f279c0ba,delivered,2017-12-27 12:03:40,2017-12-27 12:10:29,2018-01-02 15:35:24,2018-01-08 15:30:12,2018-02-01 00:00:00
91744dee3192bc28caf20eaa3c2251ef,e1f8dc9e6f8e31d52490a40ebc94572b,delivered,2018-06-17 12:05:55,2018-06-17 12:19:29,2018-06-18 10:03:00,2018-06-28 15:40:55,2018-07-16 00:00:00
723e504b15ea4fbdaf6b550717c24b93,d1b1af901bb696f338aaea3d11dde886,delivered,2017-12-11 20:08:50,2017-12-11 20:30:11,2017-12-14 01:23:57,2017-12-21 19:32:45,2018-01-04 00:00:00
46ac11dfb657fb82eed780478f2936c7,db1ee26300ce7bd14b6aba2b822c31cd,delivered,2018-06-24 20:37:01,2018-06-24 20:55:04,2018-06-25 14:31:00,2018-07-06 19:07:54,2018-07-25 00:00:00
00f324f6ec332cd73ef8be4888573662,e067722fcbc90ea29be6932c863fea87,delivered,2017-06-29 21:47:27,2017-06-29 22:03:39,2017-07-07 18:04:34,2017-07-17 19:57:42,2017-07-25 00:00:00
0d5496b5cfdb09d8276c5234c42585da,c623bda1dea517d87d913ae3260a32d3,delivered,2017-06-07 21:41:14,2017-06-07 21:55:16,2017-06-08 12:46:46,2017-06-09 14:25:42,2017-06-21 00:00:00
ee72cc3828a08dc0672d88d212db3452,c5588c8e646c1dacebdeed67ce6c2020,delivered,2017-09-08 12:12:48,2017-09-11 07:06:03,2017-09-14 19:34:57,2017-10-05 20:14:08,2017-10-06 00:00:00
43acf8b2268f1586cf4eea1d99aba08e,02d5496b9b45a41b93e234d3a92eea0e,delivered,2017-11-26 07:54:11,2017-11-26 08:13:17,2017-11-27 20:26:51,2017-12-06 19:37:11,2017-12-27 00:00:00
9ca767bff71e0db7ad334bde5f300c2a,17f0bf3ee55a47f1300daff51d479b1e,delivered,2017-11-16 17:02:35,2017-11-17 21:15:49,2017-11-21 17:47:45,2017-12-01 15:14:32,2017-12-12 00:00:00
178955fdb788182bcd71cb34542b1067,18af9e4b5bd9da0a9c658e1226e621cd,delivered,2017-02-13 15:30:37,2017-02-14 04:10:33,2017-02-14 15:57:20,2017-02-23 10:47:47,2017-03-16 00:00:00
abf1130bc676c9dcadf91e24f5e30a30,ec6bd30783896fce1908161c537f69e2,delivered,2018-01-11 16:24:13,2018-01-11 16:35:28,2018-01-12 21:36:10,2018-01-19 19:58:54,2018-02-05 00:00:00
fd10deeb9842f5c285152824f810fc08,ac9f629ac1b9ac8a765332bcfaa0f99c,delivered,2017-05-08 19:54:09,2017-05-08 20:10:17,2017-05-10 10:04:33,2017-05-22 17:39:33,2017-06-05 00:00:00
4426515e1fede07af676dc0c1caaa2d3,840521ecbbfe51b514c46b33081bdd97,delivered,2018-03-05 16:24:44,2018-03-06 03:50:49,2018-03-06 16:09:50,2018-03-10 20:15:31,2018-03-15 00:00:00
0719c4577b69cf807be736608c144bc8,394c4be8d4a26fd3668aa47dbf088891,delivered,2018-01-20 20:10:56,2018-01-20 20:40:18,2018-01-22 22:43:25,2018-01-30 12:56:28,2018-03-20 00:00:00
e02b879dd0de39526ef78a55f65fa922,a1b67d3d18d91e15c5fe82badbec082e,delivered,2018-04-05 13:01:05,2018-04-07 02:47:58,2018-04-09 23:07:37,2018-04-20 15:51:59,2018-05-11 00:00:00
fe62bcdcf8ce8da3e223a41f588abdce,32cb7327d17784d2cff0134d28892d72,delivered,2017-09-29 21:28:32,2017-09-29 21:49:10,2017-10-04 19:43:34,2017-10-09 20:12:54,2017-10-24 00:00:00
3f24b1ee5184d84b2d4fe634755ab3f9,4bc9e1c13c2695b5f6c90be398a40021,delivered,2018-02-07 22:57:41,2018-02-08 07:35:24,2018-02-08 19:39:53,2018-02-09 18:23:57,2018-02-23 00:00:00
d949922726bdc62d5829069a73cc15ca,1f29abf411bfd452f339ac131885c3e1,delivered,2018-03-24 20:31:13,2018-03-24 20:47:23,2018-03-27 00:32:43,2018-04-05 23:44:48,2018-04-20 00:00:00
e6bae50af8e5b4880276314fd3ef0673,a64e1160112c85d4be9b1ff550626db9,delivered,2018-02-05 22:11:16,2018-02-05 22:30:13,2018-02-07 20:33:45,2018-02-08 18:42:45,2018-03-01 00:00:00
95e07772220c46b29b44d09579d28662,6620f3561e31ae438976c2c4c8981d1b,delivered,2017-06-11 20:20:40,2017-06-11 20:30:29,2017-06-12 14:04:17,2017-06-27 13:18:51,2017-07-17 00:00:00
16a50f1f11876372829112e48b471e3e,f2a86ca070522d6089d6de98878e879a,delivered,2018-04-20 17:19:12,2018-04-24 19:25:26,2018-04-24 18:51:04,2018-05-03 11:24:38,2018-05-15 00:00:00
0b5143acf46cd4dd573604b449451bcc,b4028a61e0f13ed5789bb2b270e7672f,delivered,2018-06-29 09:19:59,2018-06-29 09:31:35,2018-06-29 14:10:00,2018-07-02 19:42:31,2018-07-19 00:00:00
bed08d809ce385e99da63ae043f7e786,f5c85dfdc9f8a3de031505da6472580d,delivered,2017-03-23 21:33:09,2017-03-23 21:42:59,2017-03-24 14:51:56,2017-03-29 11:21:49,2017-04-11 00:00:00
c58478c0a746d4188108e2ec71001110,f37530fccfe475559747e4c591f8d409,delivered,2018-06-10 00:58:14,2018-06-10 10:58:06,2018-06-12 08:52:00,2018-06-25 20:32:55,2018-07-23 00:00:00
e24897d16e9e9993e55e91c606074d52,9c94b4fdba6f3d512088c99afbeb1372,delivered,2017-08-07 22:27:09,2017-08-09 02:45:53,2017-08-14 23:21:48,2017-08-21 23:22:10,2017-09-01 00:00:00
ca61d72c0b9e1072b94af79bac8ff610,5787c53dfb820eda3595a3fc7162f5e8,delivered,2018-03-27 14:11:00,2018-03-27 14:28:56,2018-03-29 00:36:49,2018-04-10 21:27:28,2018-04-18 00:00:00
24e7eb8286ce5ef529b9fcc4fe92ecb1,135ea3d76df7cd1000e7f62591ebfd18,delivered,2018-02-22 15:13:31,2018-02-22 15:35:25,2018-02-23 21:58:55,2018-03-10 17:41:58,2018-03-16 00:00:00
e14045fc421874626731a74b8cbff4ce,3a30c9e0ace35152cfe87773de1ad89a,delivered,2018-03-07 22:23:33,2018-03-08 23:37:57,2018-03-13 00:12:30,2018-03-13 16:02:57,2018-03-19 00:00:00
34f7af5479dd2e19cb5e205d6cc40bc1,293468c778c7dfa812bf7ed8b766577e,delivered,2017-11-21 21:54:17,2017-11-21 22:07:44,2017-11-24 18:37:49,2017-11-28 17:48:57,2017-12-04 00:00:00
a5b275ada51fc66b482047f159e215a4,c22185cc433907f06f04cd2663179e18,delivered,2017-03-24 21:42:11,2017-03-24 21:55:16,2017-03-28 08:43:06,2017-04-06 12:34:30,2017-04-28 00:00:00
2a3510ed79746b2668793262896d3aa3,0fb9ff3c870105cc7a0d9bc616c869f2,delivered,2018-07-10 13:05:34,2018-07-10 13:31:00,2018-07-12 09:39:00,2018-07-16 15:41:57,2018-08-01 00:00:00
abe5ab54fe457eecba0ede09db8fa0ef,a0ca52e60ec228db293267c56b025035,delivered,2018-02-14 20:50:33,2018-02-14 21:07:38,2018-02-16 00:12:30,2018-03-05 12:06:11,2018-03-13 00:00:00
c7a4d51facd152881353d10029119a40,883517ce41085eb0fd1209f6ab8e7a61,delivered,2017-05-21 22:38:51,2017-05-21 22:45:13,2017-05-22 11:04:55,2017-05-26 12:05:38,2017-06-13 00:00:00
22e4e5e6fa9631bbda1fa4bc19893826,4763ff59bbbc8011967507144ed4fa60,delivered,2018-05-02 10:15:02,2018-05-02 10:34:27,2018-05-03 13:45:00,2018-05-04 18:32:21,2018-05-15 00:00:00
d1588d441c1e70c5a7997c91a6e1ca37,52ae42a07cfe33d38598652b80e63324,delivered,2018-01-14 22:26:31,2018-01-14 23:31:08,2018-01-16 00:04:13,2018-01-17 16:22:34,2018-01-31 00:00:00
a3e5049813109c94cc49cc0883c80ee7,893a3eae366fa6fee006bf0b809a0585,delivered,2018-03-08 15:38:53,2018-03-09 02:10:39,2018-03-09 20:18:47,2018-04-02 23:32:29,2018-04-04 00:00:00
9b027054a981a89fca1af6a5341e81e2,e4c5a9dddf667522845dbcb2312c40c7,delivered,2018-08-18 13:49:02,2018-08-18 14:09:19,2018-08-20 15:39:00,2018-08-22 14:46:39,2018-08-24 00:00:00
34ab0cb9a828372a0c1de84088b216ae,66aeda5555542d7cc245264c97dd52c3,delivered,2018-07-03 17:08:07,2018-07-05 16:32:49,2018-07-04 12:09:00,2018-07-05 23:14:21,2018-07-17 00:00:00
f8d1f0c2928f268becf4f82b181295c8,2c1234b6bbd4728d2836bfac2c52d1c8,delivered,2018-07-01 20:55:05,2018-07-01 21:10:12,2018-07-03 13:56:00,2018-07-10 12:27:38,2018-07-20 00:00:00
b6f543c68b695c88dd2d1e0f5c7528e9,e1fabfdec84ec2b60621a1dca9c4ecc0,delivered,2018-01-02 10:03:57,2018-01-02 10:13:30,2018-01-02 19:29:12,2018-01-08 21:57:01,2018-01-31 00:00:00
ccfe85ff3893b9efe8d101891fdd40ee,16a30ce5e482ed5a947eca6f6b33c962,delivered,2018-06-26 16:11:26,2018-06-27 17:10:37,2018-06-28 11:57:00,2018-07-03 16:37:09,2018-07-30 00:00:00
faf132fb35b3b3b533a67efbd6e7c02d,01b6593aa123cea222a7b4c18c3e6961,delivered,2017-04-22 20:28:53,2017-04-22 20:41:37,2017-04-25 08:23:07,2017-05-05 15:37:59,2017-05-26 00:00:00
f2bb3a124d84782133f5aadabe42adca,818d1d4546811376391993b7b82d689b,delivered,2017-08-07 14:29:45,2017-08-07 14:45:16,2017-08-11 20:41:49,2017-08-14 18:14:11,2017-08-18 00:00:00
ba8ebbd4a50913dea058ff7695922d95,3f3aa91e753c454557cb29ee5a852eab,delivered,2018-05-19 18:06:11,2018-05-19 18:32:42,2018-05-21 14:57:00,2018-06-04 22:12:27,2018-06-07 00:00:00
4aea71163dbc64882fae599a2ce103d2,cbd55dff082c38949f4a03a3719c3422,delivered,2017-06-06 18:09:37,2017-06-06 18:25:21,2017-06-08 12:47:21,2017-06-10 10:49:52,2017-06-27 00:00:00
a6b7a54fd0db4d3a5d6c9d6af0aae6d1,5db13cce4f0d86bd1ddeded4262b0db0,delivered,2017-11-01 11:06:46,2017-11-01 13:10:09,2017-11-06 20:12:24,2017-11-13 16:14:47,2017-11-23 00:00:00
0796436a57062ff1b4a95616fdf3f2fa,a75ca30b933e47441e6edf4c990647e4,delivered,2018-08-19 18:34:21,2018-08-20 12:50:18,2018-08-24 16:24:00,2018-08-28 19:36:39,2018-09-12 00:00:00
283a28089024b597c5b18cfa50e0a701,33af5d8a3edfb11b8beba1f4e694aef4,processing,2017-03-07 20:57:33,2017-03-07 21:10:13,,,2017-04-06 00:00:00
bfaf52f28000e56f19ad821354fa9cab,a1340b701298787cb1692c4890945dc9,delivered,2017-06-22 17:01:36,2017-06-22 17:10:13,2017-06-27 16:12:57,2017-06-29 18:32:18,2017-07-05 00:00:00
7da6593a6a479c63c002d6b448470811,91b4dd1910326420758ac3f21d5babab,delivered,2017-06-13 09:18:30,2017-06-13 09:30:28,2017-06-16 17:16:22,2017-06-23 10:54:44,2017-07-04 00:00:00
47ba8ee2f9f72b56bccd68cfb89aced9,fdffa2aa717e2d2f61a584ccc57c2404,delivered,2018-04-03 22:20:20,2018-04-03 22:35:16,2018-04-04 19:12:13,2018-04-05 11:19:29,2018-04-13 00:00:00
ce9d0bfdd783741ef20e0b120108b8d9,d9d779b2c038524f10cfd58a4ccf6ec8,delivered,2018-04-16 14:15:14,2018-04-16 14:51:09,2018-04-18 00:36:47,2018-04-24 00:41:15,2018-05-11 00:00:00
dcb97cff5ad47d9a584ac61d5b857f41,fe84bd242903da1b257065a81f330118,delivered,2018-08-08 17:06:34,2018-08-08 17:15:24,2018-08-14 10:11:00,2018-08-20 21:32:28,2018-08-20 00:00:00
3c7a85bec79aa0e49a8c03c3fbece2de,fe3c7865182a7b0d5485e438ec3e7b63,delivered,2018-08-15 20:49:33,2018-08-15 21:05:17,2018-08-16 14:46:00,2018-08-18 16:06:45,2018-08-20 00:00:00
62f45e4a3ac45d14c761131a05fc32cf,8f421e570a79f0372910a860978d6ac1,delivered,2017-07-07 10:44:07,2017-07-08 03:30:24,2017-07-11 14:09:00,2017-07-19 17:03:20,2017-08-03 00:00:00
fd320d88b0222a59b4216257f02f6aa2,1a2fc84ac9642ad8a3cd748716e498f0,delivered,2018-01-29 22:03:02,2018-01-29 22:15:29,2018-01-30 18:43:13,2018-02-02 17:16:46,2018-02-20 00:00:00
a48eabba6adc895c6392572ddd644cfd,6494470b3070e2a5e1f1801aa6af1c4a,delivered,2018-03-18 16:07:11,2018-03-18 16:28:14,2018-03-19 21:58:36,2018-03-28 00:11:53,2018-04-19 00:00:00
d3e4a1e18bc6278ceaec89c39a69083b,2c7fd6962c9c9b307fd06531b85035fd,delivered,2018-04-05 22:07:30,2018-04-05 22:29:06,2018-04-11 23:38:23,2018-04-13 15:49:35,2018-04-20 00:00:00
cf014dc8804713618176fc95af41b221,67ec955996d7971b82e80aea6029aead,delivered,2018-06-28 00:41:07,2018-06-28 00:50:33,2018-06-28 11:30:00,2018-07-05 18:21:49,2018-08-03 00:00:00
f259ace2918014b4f1e11fc422ed703a,fda8efd1272b75cd0f1e9a7b710b0d57,delivered,2017-04-24 15:51:38,2017-04-29 23:33:00,2017-05-04 14:47:09,2017-05-10 14:19:45,2017-05-11 00:00:00
ae8978d20234f0da191a909faba05574,c3ff12f28cbe59029c7100a1f9d5ae44,delivered,2017-07-20 18:01:45,2017-07-20 18:10:13,2017-07-21 18:56:59,2017-07-27 18:27:38,2017-08-02 00:00:00
47016aad5e46195be82ac5fe39b63483,b1d18d7e82e61c0226cc8588d609cb57,delivered,2018-07-02 09:30:35,2018-07-02 09:50:07,2018-07-12 14:06:00,2018-07-28 14:12:53,2018-08-01 00:00:00
4256e4eb92bdf0eda17c3bcee4c0771c,c6c64ff99175ed3bfa9dadb680cc0dba,delivered,2017-03-29 19:08:14,2017-03-29 19:22:35,2017-03-31 12:37:37,2017-04-09 09:51:57,2017-04-26 00:00:00
81220f667163d5eebb4357899f42a737,5f8701c124f5456334c36d83fa44a2a8,delivered,2017-03-08 21:51:49,2017-03-08 21:51:49,2017-03-10 09:25:50,2017-03-14 10:52:03,2017-03-28 00:00:00
3a4ce496edcc2323227f5a6726d1ed49,7175760685e41c5a8c27adfeef1f55e2,delivered,2018-01-10 18:15:17,2018-01-12 02:37:40,2018-01-12 22:39:04,2018-01-30 17:23:26,2018-02-05 00:00:00
fcab9e8b311ef84e1dce97a58af5b7c5,794e36931413a3c109957ee1df3b6567,delivered,2018-06-13 12:32:57,2018-06-13 13:01:13,2018-06-13 14:53:00,2018-06-18 15:58:50,2018-07-05 00:00:00
9f8bd7c72fac37bb250c3e3640e27050,6a05e32bc49278c3b776856f333d0afa,delivered,2018-04-30 09:26:04,2018-04-30 09:50:13,2018-05-03 13:27:00,2018-05-07 19:04:16,2018-05-18 00:00:00
93185bd1aed7a10299305299fcbebf3d,7c54c02a524ea1aa3e14523144919588,delivered,2017-04-20 16:28:51,2017-04-20 16:41:38,2017-04-24 08:27:59,2017-05-03 14:22:13,2017-05-12 00:00:00
eda3f5678e561d64fa75367186df15ab,574b75eb445dc885dc65eee5460752f7,delivered,2017-10-31 16:01:24,2017-11-01 13:50:23,2017-11-04 00:22:08,2017-11-18 05:18:45,2017-11-28 00:00:00
157527bd197cc424626aa0f831302229,17676a92f096b72990eb3866a8c22df5,delivered,2018-05-03 15:54:30,2018-05-03 16:46:30,2018-05-09 15:48:00,2018-05-24 14:35:34,2018-06-04 00:00:00
65b5697d10acdb50f0d5ce555c8aa46e,c5c064df6a4c428df004ad4759092dcb,delivered,2018-03-23 19:11:32,2018-03-23 19:27:39,2018-03-26 22:12:15,2018-03-28 16:51:18,2018-04-05 00:00:00
c2575ff905b5b189ccda375084be2de2,e7d13351cb9b5e948ce8e069e6290992,delivered,2018-05-01 20:49:02,2018-05-01 21:12:12,2018-05-07 12:31:00,2018-05-11 23:45:31,2018-05-29 00:00:00
e17b66e5337dee2de3d676c5698fa71f,9338144d4b5f5ca9a8300c36a59e7afd,delivered,2018-08-20 22:47:04,2018-08-20 23:09:21,2018-08-22 12:16:00,2018-08-27 23:02:47,2018-08-31 00:00:00
0166cc8756d58b4a30fb49de83527120,19e9dac43eee8df98092482fdce676da,canceled,2018-02-08 21:09:18,2018-02-08 21:27:56,2018-02-09 23:12:30,,2018-02-22 00:00:00
754af8a169601b3ad5dc333db745b158,f467915ef79de307f7d1a7d8cb43d1ed,delivered,2018-07-26 16:18:00,2018-07-26 16:30:49,2018-07-27 10:56:00,2018-08-04 14:12:38,2018-08-17 00:00:00
aa78a1acd5e6ccbb96c3f16a4f04121c,86696e59caa67ca5a14b885cb581ee21,delivered,2018-05-07 14:00:40,2018-05-09 03:11:45,2018-05-09 10:13:00,2018-05-23 17:56:38,2018-05-30 00:00:00
706296e2ab240216ffef853d1095d04f,f0685eff82fe533447ab1a84c25704c1,delivered,2017-08-29 16:25:58,2017-08-30 16:25:11,2017-08-31 19:33:50,2017-09-04 19:27:34,2017-09-18 00:00:00
50a98bed547040031825f02f6606c7d7,913b08f751244e50dd1e3418724e77b9,delivered,2018-07-13 17:55:51,2018-07-17 04:31:53,2018-07-18 09:19:00,2018-07-23 11:52:38,2018-08-01 00:00:00
642b02cc49a41f1a1edfcad2d7222c3c,5f19c4244489d622370b549055182a73,delivered,2017-02-07 11:58:19,2017-02-07 12:30:36,2017-02-08 10:29:45,2017-02-12 12:24:07,2017-03-02 00:00:00
a79e71cf3a8c8b52b0fe82c772927688,7aa6eb6e24f566f4ec744e82bd1118d4,delivered,2018-05-01 10:31:57,2018-05-01 10:57:12,2018-05-02 12:11:00,2018-05-08 16:06:29,2018-05-23 00:00:00
d44fc0af1ec0ebbab612f2936147f717,69a31ae9d37da2d7f5bea9bfe729b280,delivered,2017-06-15 23:13:26,2017-06-15 23:25:10,2017-06-16 14:16:31,2017-06-30 15:06:38,2017-07-10 00:00:00
c45725810993c33b0e77b1fb8262692b,c7c9489d6ff8e0fb7355f8ed6c0deab2,delivered,2018-04-10 17:05:41,2018-04-10 17:32:18,2018-04-11 18:52:23,2018-04-13 02:58:39,2018-04-24 00:00:00
b78fe356032335a43cffa305a1efabf1,46ebe3a21256a35e49e4e1c049d6593a,delivered,2018-05-07 23:45:58,2018-05-08 00:35:12,2018-05-08 12:08:00,2018-05-09 19:26:48,2018-05-15 00:00:00
9a0997c7958188cc3759a1694a1954a8,9729ae176b0457bb03d974dade5f5bfa,delivered,2018-01-28 19:20:36,2018-01-28 19:33:26,2018-02-17 02:11:42,2018-03-01 17:33:53,2018-04-06 00:00:00
90b4fba45ca7518e9d3bf07e7d4fcd9d,322790ab5eff71e8ab7827434a02346e,delivered,2018-04-07 15:37:07,2018-04-07 15:50:17,2018-04-09 19:41:28,2018-04-10 21:06:51,2018-04-23 00:00:00
08b54ba8454bed7d08802bc62e33fbc4,68eec3e6a739288fb08b5948faca1f5c,delivered,2018-06-12 19:14:55,2018-06-12 19:46:24,2018-06-13 14:24:00,2018-06-15 20:26:35,2018-07-20 00:00:00
3eb2926661890add37ff467c6c5ead88,919e71e89a5acd45b0d25d59583b63e1,delivered,2017-07-09 09:48:45,2017-07-09 10:03:31,2017-07-10 18:17:49,2017-07-17 18:04:05,2017-08-11 00:00:00
3456100f29a9f4d7a6ca83e0751f7159,0d5e5bd2273df8e099aab124c278fa6d,delivered,2018-01-03 16:28:16,2018-01-03 16:36:18,2018-01-05 00:59:08,2018-01-16 23:12:39,2018-02-14 00:00:00
31890e605bf108c3cbef0e15bd533614,da27c0954190ae4e95f4cf1fc0c101e8,delivered,2018-08-16 15:44:33,2018-08-16 15:55:24,2018-08-21 14:09:00,2018-08-28 18:08:44,2018-10-05 00:00:00
e77667e4e913dd81cbd1eb473c01fee0,62811f652afa91300cb15c6d2c35fb1f,delivered,2018-07-04 21:54:13,2018-07-05 21:51:41,2018-07-10 15:43:00,2018-07-11 19:38:43,2018-07-17 00:00:00
7a0b0782d667ac14f59763612a94f928,1465ca27dd25f3ae240f81747fe93e22,delivered,2018-04-10 16:02:13,2018-04-11 05:50:19,2018-04-11 22:38:42,2018-04-24 18:46:50,2018-05-03 00:00:00
f6352f413ce4e20f67354a9c6f5460e5,e8f69905ef0387d08a36888561545c9b,delivered,2017-05-08 14:09:36,2017-05-08 14:22:37,2017-05-11 16:29:52,2017-05-19 15:40:57,2017-06-14 00:00:00
8e3dac8843f85625f54bef3730b457ce,501435a1d820f757937d48ab56c9d9e4,delivered,2017-06-25 17:11:04,2017-06-25 17:22:55,2017-06-26 12:38:59,2017-07-10 17:43:13,2017-07-18 00:00:00
0f1fc45267bd2edfbaa6af5e47dbd0d8,966f573b2758a1ba47501a93b010285f,delivered,2017-11-25 14:33:53,2017-11-25 14:55:37,2017-11-29 20:08:38,2017-12-05 21:33:04,2017-12-15 00:00:00
ca2b020221599ee940c1bb5be191cbf9,524cc3abf1a67f7416b27a75f29014ce,delivered,2018-04-01 18:44:24,2018-04-02 17:55:28,2018-04-06 19:16:41,2018-04-30 15:32:11,2018-04-25 00:00:00
ba00aa276bce1031f0e144282affad55,d29d13575b6d8f1669dfc8fd58b43ace,delivered,2017-09-18 20:10:27,2017-09-18 20:25:22,2017-09-19 19:52:27,2017-09-23 14:32:59,2017-10-02 00:00:00
ec5da550d6b5c949c1ad66f7a766de4d,9702436c4900981e3ce7285276bb9640,delivered,2018-04-11 14:57:18,2018-04-11 15:12:19,2018-04-12 00:05:20,2018-04-18 22:06:21,2018-05-08 00:00:00
1b71709a68a41c5d7ec189efc6629d0c,c6f88ad594118bcdd76f6d43b597a595,delivered,2018-02-05 13:10:41,2018-02-07 09:31:36,2018-02-08 19:36:00,2018-02-27 22:18:50,2018-03-06 00:00:00
b213718ea651bba092dfdf03b7e07af1,1bc38870144132d17fd5b33044b52c59,delivered,2017-11-24 14:37:59,2017-11-24 16:37:26,2017-12-06 03:07:17,2017-12-08 13:47:13,2017-12-19 00:00:00
906609c210dfa5854a32765ad5d8d1cf,d635bacbdfc8027ef348079e8d2a9ddc,delivered,2017-09-15 16:14:01,2017-09-15 16:25:30,2017-09-18 21:42:13,2017-09-25 20:37:36,2017-10-13 00:00:00
7576a97a255ac81433d3932443db8fad,89636364bde857c5d73d2a64036cf3df,delivered,2018-01-17 19:35:44,2018-01-17 19:49:56,2018-01-22 22:54:32,2018-01-31 20:08:00,2018-02-15 00:00:00
b46cf2034656db4fdaa0cb0c403edf04,359d58b88a05cb6227c101f8574c3cc4,delivered,2017-12-06 19:07:31,2017-12-06 19:15:21,2017-12-20 15:36:02,2018-01-05 20:16:32,2018-01-15 00:00:00
031096cba2ef517ed59888ecb13d69e2,b5819fde21e7b125acfb1977d116e4b2,delivered,2018-01-11 20:48:11,2018-01-12 02:36:38,2018-01-12 22:32:57,2018-01-16 16:33:56,2018-01-26 00:00:00
bdf15710eda59b7ede173c565c787a83,ba1bedb9aa95b7bb6afb499b3ea3b3e0,delivered,2017-10-28 00:24:20,2017-10-30 14:31:58,2017-10-30 20:25:13,2017-11-09 19:59:01,2017-12-05 00:00:00
725bd1de71d306a7803aad540b487fae,f477696aeb945347ac7e991ef8de0218,delivered,2018-07-02 16:10:01,2018-07-02 16:31:15,2018-07-03 12:26:00,2018-07-10 17:37:53,2018-07-23 00:00:00
161505c64f201d3bbcfe5c6116474ebd,bfc6a6bcebc53e0f92bd9f95273d6548,delivered,2018-08-20 10:46:56,2018-08-20 15:10:42,2018-08-21 17:55:00,2018-08-23 21:58:50,2018-08-24 00:00:00
d7f7f3b19ccf1b6ee1f4b876df47e9ff,869b329d6dcf12add510edf0e516565e,delivered,2017-12-19 13:08:34,2017-12-21 02:11:00,2017-12-22 00:28:49,2017-12-28 14:54:09,2018-01-15 00:00:00
3b818825757e8aa6466925f2a0fe1a6e,ff9f5774bdf98c9eb203a168b58ded57,delivered,2018-04-12 17:09:34,2018-04-13 12:50:52,2018-04-16 17:22:18,2018-04-19 17:17:54,2018-05-07 00:00:00
a5faf579cc2b53168cc080836b834078,7d4c2f26339ec3889de2483be32d34d5,delivered,2018-08-28 12:18:54,2018-08-28 12:30:14,2018-08-28 15:04:00,2018-08-29 22:51:47,2018-09-04 00:00:00
56662456107b37b658f65eb5b1aeb992,e365beefd48250481d837448d9fee4eb,delivered,2018-01-22 22:15:12,2018-01-24 02:37:31,2018-01-24 23:56:44,2018-01-29 22:22:34,2018-02-14 00:00:00
2189323f24aabddc8f324451eb75419b,842feec1839c2cde7d7671ce510d5e0b,delivered,2017-06-04 18:45:18,2017-06-04 18:55:18,2017-06-06 10:39:40,2017-06-22 19:51:57,2017-06-28 00:00:00
b050c4789515afbf9494031e52fcb0ac,f1c644808cff23dee2ab83dcc9368ff2,delivered,2017-11-27 23:49:08,2017-11-27 23:58:24,2017-11-28 16:46:56,2017-12-26 15:36:49,2017-12-18 00:00:00
be9b657bc6db0ce7ee053472ae3e3fb6,b26703924c569fa4f11cc90f8161a043,delivered,2018-08-08 19:38:41,2018-08-08 19:55:13,2018-08-10 09:54:00,2018-08-14 19:51:43,2018-08-24 00:00:00
abf95d8f93963d70ab53ff935297c315,555128d9759ad81dd318c2120966fe57,delivered,2017-03-21 15:07:48,2017-03-21 15:07:48,2017-03-24 18:43:42,2017-04-05 09:39:42,2017-04-20 00:00:00
db064b03849f2171a59f4a8cd50778f0,14cae843310ff181765658f645208e6b,delivered,2018-07-30 18:34:13,2018-07-30 19:31:59,2018-08-01 16:35:00,2018-08-07 18:11:55,2018-08-14 00:00:00
6573371c19a6169b6ec350eb61b8cea1,3f18d39c19c13f4ccc8f96522f3c3e60,delivered,2017-10-31 18:55:01,2017-11-01 03:10:43,2017-11-03 20:46:47,2017-11-21 21:12:39,2017-12-01 00:00:00
0055b77cca3186676c147f532dd2547b,3747cfcc18da3cff44fd440770d92d97,delivered,2018-02-19 21:47:44,2018-02-19 22:47:21,2018-02-20 19:35:24,2018-03-07 19:38:34,2018-03-14 00:00:00
ab85e3c92c828eb802fd91345e45d92e,4487a084654cdf96e3d715d55b48a04b,delivered,2018-05-18 23:47:11,2018-05-19 00:35:14,2018-05-21 12:41:00,2018-06-02 14:03:03,2018-06-07 00:00:00
d626131b771ffd6c88169da39f702900,75ae88f78b6ff4cde016ee3108c47eb6,delivered,2017-07-31 21:31:33,2017-07-31 21:50:15,2017-08-01 16:39:59,2017-08-04 18:51:17,2017-08-22 00:00:00
6c21f6a1d56c99f439fe378d0ac026f2,9a27f37ace12e5522df5a9d5bbedbfb5,delivered,2018-04-07 15:24:30,2018-04-07 15:35:10,2018-04-09 22:21:59,2018-04-10 14:52:07,2018-04-25 00:00:00
e6af9b3f52266ed3aee09ff6bb028afc,1e7669e900934e588bb96f581c45d359,delivered,2018-04-10 13:25:19,2018-04-10 13:50:52,2018-04-13 23:31:36,2018-04-26 20:42:27,2018-05-08 00:00:00
d3037ef55ee7f4d6c892da7493f4912f,a92c7dc386e43df776cae3f8c5bc3d25,delivered,2017-05-17 16:12:44,2017-05-17 16:22:22,2017-05-22 14:42:54,2017-05-23 16:57:56,2017-06-06 00:00:00
6bb796381998e8a626006950f6ef8dc0,332fa12f7a0048839dc93ccdb16b749b,delivered,2018-05-08 19:46:46,2018-05-08 20:31:59,2018-05-09 13:11:00,2018-05-14 22:16:42,2018-05-24 00:00:00
fb1418494ba4e6ced8a7ae840dd9fbfc,b81c3308f759ff484e5e5173442a882b,delivered,2018-07-28 18:46:45,2018-07-28 18:55:22,2018-08-02 16:15:00,2018-08-08 18:36:49,2018-08-15 00:00:00
4d513811c3447933c3472defe4992141,cac1de9a447d5238cb62bd9ea20ff7d8,delivered,2018-07-03 13:26:10,2018-07-05 16:32:12,2018-07-06 11:06:00,2018-07-11 19:51:02,2018-07-18 00:00:00
4d9a2be7276029d8369fbf0fe73b6c0e,cdb4b652db32f3d644367ed686fbbff7,delivered,2017-05-19 01:03:40,2017-05-19 01:30:23,2017-05-24 18:42:07,2017-06-08 17:40:08,2017-06-21 00:00:00
bcaa9390e85fe694eefdf1e33f77b3b5,164ade8f6fd9fd670414d9288127b6ae,delivered,2018-03-05 15:32:16,2018-03-05 15:49:41,2018-03-10 00:08:46,2018-05-02 22:12:46,2018-03-26 00:00:00
6726395519c13e15034fb6bfb4fcd904,85b76dd1968d7babd53a7dec6074acf6,delivered,2018-04-09 16:28:27,2018-04-09 16:50:02,2018-04-11 14:51:28,2018-04-23 21:52:37,2018-05-10 00:00:00
d2028724669c20a217e6146e6855cd12,88e6c91e3f8479fc2f83e3be6280e05e,delivered,2018-01-27 16:42:52,2018-01-27 16:53:11,2018-02-01 17:02:25,2018-02-02 18:52:12,2018-02-22 00:00:00
cea892923b3775abd19f80626d4b5d37,03b971e3d286d50f6136487edf61782a,delivered,2017-07-24 20:37:52,2017-07-24 20:50:14,2017-07-28 18:53:43,2017-08-07 18:47:38,2017-08-22 00:00:00
70d77f16b85f5aa024c0ae15ba465dd8,8240750d69ac44318a7cae78341633a8,delivered,2018-03-20 14:40:13,2018-03-20 14:56:07,2018-03-22 21:16:44,2018-04-09 15:03:52,2018-04-20 00:00:00
fc187810529ecab8ec6fbf1b4b1d27ae,39daea6250bbdfeccb17472c1592ff9d,delivered,2018-01-23 10:25:39,2018-01-25 14:19:58,2018-01-26 16:03:22,2018-02-06 20:52:06,2018-02-20 00:00:00
07441f525824bc6b31d4dc19c5d49fc9,5e90428c469d2fa05f5622a910189232,delivered,2018-04-21 13:07:41,2018-04-24 18:04:35,2018-04-25 00:57:27,2018-05-03 20:24:27,2018-06-05 00:00:00
d9257c8e34393415a403600f6289fbc4,4a59da975dc45b6c9dd86cec34515ae9,delivered,2017-06-29 15:54:58,2017-06-29 16:05:48,2017-07-07 18:21:54,2017-07-20 12:42:49,2017-07-21 00:00:00
7bc9425754bf6e2275442bcde2337180,039e022bbbf82354bd7ea61f3d2d8339,delivered,2017-06-23 13:10:13,2017-06-23 13:24:20,2017-06-26 13:42:19,2017-07-04 14:47:39,2017-07-17 00:00:00
5e82591b43cb83a7dd419ff564e44d04,af7177e092a630042e08c4301b7421bd,delivered,2017-09-18 16:17:16,2017-09-18 16:35:37,2017-09-19 14:44:18,2017-09-27 19:45:09,2017-10-09 00:00:00
b387f865628d82d75c2c17b2f18e02fb,31df264f96419e0a27b0dd3d23f52170,delivered,2018-01-30 05:33:26,2018-02-01 02:35:54,2018-02-02 02:06:35,2018-02-12 16:28:49,2018-02-23 00:00:00
0a63a472b54f4e94fa67f374b05fc3ea,099b2cc431e3ef6cdf16d32b2b8fbc34,delivered,2018-05-07 09:03:48,2018-05-07 16:33:44,2018-05-08 13:36:00,2018-05-11 20:54:29,2018-05-23 00:00:00
d21ac314662db0838c14d8a6e6c0ddca,22ada7e7aee4c701a64b7d2a8b1d3772,delivered,2018-06-05 15:54:44,2018-06-06 02:54:01,2018-06-06 07:15:00,2018-06-12 10:12:50,2018-07-17 00:00:00
4103cb8c02ddae6eff9f233ba22ae0ad,ddcb9a6c17c703895e618d0387f36f96,delivered,2018-02-10 18:53:24,2018-02-10 19:05:29,2018-02-14 18:18:57,2018-02-26 22:12:43,2018-03-08 00:00:00
c31a859e34e3adac22f376954e19b39d,98f485515e575607a8003b17e91990bd,delivered,2018-08-07 23:12:29,2018-08-07 23:25:10,2018-08-08 14:18:00,2018-08-13 18:08:28,2018-10-10 00:00:00
428a2f660dc84138d969ccd69a0ab6d5,10de381f8a8d23fff822753305f71cae,delivered,2017-11-23 20:30:52,2017-11-24 10:31:10,2017-11-28 16:42:21,2017-12-13 20:19:35,2017-12-19 00:00:00
c4a813b981516ec9f56994ad042d9fbd,d8b15e859d1c6cbc4c1178953d544cae,delivered,2018-08-09 18:06:55,2018-08-11 02:35:13,2018-08-16 14:07:00,2018-08-17 17:46:51,2018-08-14 00:00:00
9320dfc3fd49dc6e3fb9f688c8ea6c37,914cd02d51a7024210cb68c41d4db0a0,delivered,2017-05-24 11:25:23,2017-05-24 11:35:24,2017-05-29 11:46:01,2017-06-12 15:37:09,2017-06-26 00:00:00
97cf410955342f171c31559b5846b379,d6ba39c70cc208a64e6daa81c205cc03,delivered,2018-05-07 15:04:57,2018-05-07 16:53:03,2018-05-08 06:32:00,2018-05-15 20:36:57,2018-05-29 00:00:00
c8cfb4925dd910cb0cf8c67761fdbe5d,d658da90f50919c17c04713e9d2b5a77,delivered,2018-05-13 18:53:49,2018-05-13 19:12:32,2018-05-14 13:44:00,2018-05-21 19:38:50,2018-06-08 00:00:00
33097b1461e9e4dce6383085eef494b9,821997e264d6487e3ca1bf6df9983a68,delivered,2018-04-29 12:54:20,2018-04-29 13:10:58,2018-04-30 14:43:00,2018-05-05 11:48:48,2018-06-07 00:00:00
1a15666c4d5cfc217337ceebd70c3884,f30d9fd20656414c2e1380cb9978d292,delivered,2017-12-02 09:01:42,2017-12-02 09:12:20,2017-12-06 19:19:15,2017-12-14 23:48:47,2017-12-27 00:00:00
0217ad862ae7391cc3964c07ce3d6ea1,6a72b0e91fbb821cdade717f5899a67f,delivered,2017-11-29 14:43:25,2017-11-29 14:58:38,2017-12-01 21:14:41,2017-12-26 21:32:13,2017-12-26 00:00:00
8d71c4f38d584ca7e192f7e02dd592f1,708b3eaa2026f88c403e4a295e1ca335,delivered,2018-08-06 10:56:11,2018-08-06 11:30:30,2018-08-10 15:29:00,2018-08-14 20:11:06,2018-08-10 00:00:00
fb8a1aa2a0931ede3ac1d6ae42d4ffdc,6d642bd3b5d938ac910451c9103b2100,delivered,2018-03-12 17:04:46,2018-03-14 09:48:38,2018-03-14 19:57:32,2018-03-28 13:23:29,2018-04-12 00:00:00
651d23074e72bafaefb84f47ace1b9fb,50c0e41541f173964bd64e367bd37171,delivered,2018-02-28 12:05:51,2018-03-01 12:10:19,2018-03-02 18:07:31,2018-04-04 02:22:20,2018-03-20 00:00:00
d9aa5509422ca53597e0806067d52f05,a1693c7bbde5ca1cd0df54986dfb6767,delivered,2017-05-24 11:48:38,2017-05-24 12:03:54,2017-05-25 10:39:21,2017-06-06 15:35:56,2017-06-16 00:00:00
36a79c8b08508519935e9179e1958413,01bea2d6055eaa52f2df647590eb85e1,delivered,2017-08-15 14:56:19,2017-08-17 03:06:15,2017-08-18 13:28:55,2017-08-25 16:19:35,2017-08-31 00:00:00
a2327607847cf10fd418e7a63c12ac7e,6d4391a3775152a85530bf511b366c66,delivered,2017-10-16 15:04:08,2017-10-16 15:28:00,2017-10-18 18:15:10,2017-10-24 17:22:49,2017-11-03 00:00:00
99ca8b25a7b584ec1b48b0a857a9211b,2e9e510644901db368fe1e00af131345,delivered,2018-03-31 11:15:27,2018-03-31 11:27:19,2018-04-02 21:28:30,2018-04-24 22:06:27,2018-05-03 00:00:00
1f731a787d315cb2512cc781f7466d19,2b81366d30a655e53976a458e9bc7bf7,delivered,2017-11-29 16:21:06,2017-11-29 17:30:55,2017-12-04 23:09:45,2017-12-10 11:42:45,2017-12-19 00:00:00
13b1d703b453fd67b66850bd2846e13b,8223b8597e3435d687fa3a9206838700,delivered,2017-09-27 19:51:45,2017-09-29 02:31:28,2017-09-29 15:28:09,2017-10-05 16:15:20,2017-10-19 00:00:00
0decd9643e5f685a9fc1bf05ab16a186,87098d76b83db407855da8e9d303f041,delivered,2018-03-06 15:43:28,2018-03-06 15:55:32,2018-03-20 00:45:47,2018-04-02 22:12:16,2018-04-02 00:00:00
b4869c2e4b11586a953130fa13632aa9,1f32801ff0c8f0aeaa8a6af5ca6ce862,delivered,2017-09-01 10:51:00,2017-09-01 11:04:36,2017-09-04 21:21:33,2017-09-11 20:03:11,2017-09-25 00:00:00
76d820534ecdb9ff90b20c635d1c593c,197b426cedb5936cdb34c7ac176d58b9,delivered,2017-11-03 16:43:28,2017-11-06 14:33:03,2017-11-07 19:28:54,2017-11-08 21:34:59,2017-11-24 00:00:00
1c92d119b3e5c714c4265d02746a8dad,0e7729dea48a3e8539f24d888cfe3c69,delivered,2018-06-29 12:47:49,2018-06-30 12:50:08,2018-07-02 19:23:00,2018-07-11 21:11:28,2018-07-30 00:00:00
d72d470d3183857c15873b43a50fa314,b03ca09111fbab1d3dab28a28413356c,delivered,2017-12-06 12:17:21,2017-12-06 12:32:19,2017-12-11 23:17:02,2017-12-16 00:24:36,2018-01-12 00:00:00
e5cee28542e829bfd8e8ab719c386311,9ba0b4f4ee665808d39fe864b491bf15,delivered,2018-03-17 19:56:53,2018-03-17 20:10:24,2018-03-19 18:03:12,2018-04-03 15:33:00,2018-04-16 00:00:00
20d4d7e0dd4c49e080b80042a9cb4b71,75d51f2a15e55a6a320a333a24a21076,delivered,2017-11-25 01:17:00,2017-11-25 03:52:52,2017-11-30 00:03:51,2017-12-13 23:04:04,2017-12-19 00:00:00
488f659efac45e9067e284ded2bf7daa,be5f889aa121640fd2a60a253fb70120,delivered,2017-05-27 21:10:18,2017-05-27 21:22:05,2017-05-30 14:33:31,2017-05-31 09:04:26,2017-06-09 00:00:00
7b2c7245f98789589c0f17e37f43fe0d,c5667137b8de63b31942003b0979ae66,delivered,2018-04-05 17:06:44,2018-04-05 17:29:48,2018-04-07 01:08:45,2018-04-09 15:14:43,2018-04-17 00:00:00
9b256bac4d128fa4841abe19f6126836,68e21e530398f4f4f2a32d9d512e83d0,delivered,2018-02-28 16:33:54,2018-03-01 02:35:45,2018-03-01 22:11:54,2018-03-08 17:47:36,2018-03-22 00:00:00
48a5ec0a402d8941529c17a7bc057e0a,413b1847da73958bcd319c23a8b9cb14,delivered,2017-06-25 18:17:05,2017-06-25 18:25:14,2017-06-27 10:57:42,2017-07-02 11:56:16,2017-07-14 00:00:00
3cfcc0ca272d41bdfa5d2ec747019f73,384a18cb907d54b358c068b1b07cae14,delivered,2018-04-04 09:19:56,2018-04-05 08:10:15,2018-04-07 01:21:28,2018-04-12 18:56:42,2018-04-19 00:00:00
1f72c797b1b82ab729c38055a2921b2c,19f3cdd24196689774e4e432fb7f6eb0,delivered,2018-01-30 21:31:08,2018-01-30 21:53:37,2018-01-31 22:13:02,2018-02-14 21:56:47,2018-02-21 00:00:00
ab6ed7b021b48bfe44142b3c2b761e4d,9cad9976d375e6e00ac966df6cd5ceef,delivered,2018-06-03 21:21:01,2018-06-05 03:50:14,2018-06-05 14:44:00,2018-06-12 17:59:38,2018-07-11 00:00:00
d2e99f5400c5eca09b3862c78a0afe77,32f7e622cfbdd94691a85692f992a9d5,delivered,2017-12-03 12:38:53,2017-12-03 12:53:16,2017-12-06 01:07:18,2017-12-11 19:39:38,2017-12-28 00:00:00
d0474ae1c2cc3b4e0ac853b073fec9e9,17b8a885b9fe961edd408993cd61e606,delivered,2018-07-12 19:04:23,2018-07-12 19:15:14,2018-08-01 15:37:00,2018-08-06 21:52:29,2018-08-14 00:00:00
b36f6a292525ebee68392ea412e750c2,3da4f5f4a30f156e67fb6e3eeac00c0e,delivered,2018-06-07 23:40:07,2018-06-07 23:53:58,2018-06-08 14:45:00,2018-06-14 00:37:30,2018-06-25 00:00:00
27167c20a18a136683606cb93c0168a9,d27aeb5071c4ea47a7345b7f14fd4398,delivered,2017-11-26 14:50:48,2017-11-26 15:14:08,2017-11-29 17:09:22,2018-01-25 15:16:43,2017-12-20 00:00:00
70a752414a13d09cc1f2b437b914b28e,db3234528c502acda9991fd53d7223d6,delivered,2017-09-19 20:03:29,2017-09-19 20:24:07,2017-09-20 21:48:52,2017-09-28 21:58:54,2017-10-10 00:00:00
aba560ab127e5b68433f34376747f9aa,8a920081eb3a86e479830b3e3184bc8c,delivered,2018-08-01 21:11:21,2018-08-02 21:05:26,2018-08-03 14:41:00,2018-08-09 21:38:51,2018-08-22 00:00:00
39af19b1c6ebb39c4e7100d28e4330b6,38a49a19c6dfe1e2581b373855fc3d8b,delivered,2017-07-05 09:31:18,2017-07-06 07:10:15,2017-07-07 15:11:25,2017-07-25 21:51:58,2017-07-27 00:00:00
7fae897a23c0c0b24a16aa156a536f91,594f97ee14747a7fe1d623bf200a7587,delivered,2018-01-13 21:22:32,2018-01-16 03:51:13,2018-01-23 20:51:38,2018-01-26 13:42:42,2018-02-02 00:00:00
292eca290a6a63a28f9d60e200fea1a1,9dc7a30099b2485f7e35ba90cf781c88,delivered,2018-04-15 16:40:14,2018-04-15 16:50:21,2018-04-16 21:04:14,2018-04-19 22:02:23,2018-05-09 00:00:00
408b675f9e40be5250625c8c70472409,c5e7d668bb18948a7bd56396e9a261a1,delivered,2018-07-19 10:44:21,2018-07-20 12:55:22,2018-07-20 14:07:00,2018-07-26 18:12:27,2018-08-08 00:00:00
0ec0a26ea9679980a173bdfb70f3559f,2a7395da07867a067c01c65fce78f479,delivered,2017-11-15 11:34:23,2017-11-17 04:10:29,2017-11-17 17:21:31,2017-11-29 21:03:38,2017-12-14 00:00:00
be035da013bb467f707ecc6bbf8575c1,b47b23dadd6d8a6fdd1ef7f33d8f9aab,delivered,2018-01-15 14:48:33,2018-01-16 03:35:47,2018-01-16 20:38:41,2018-01-24 23:41:35,2018-02-07 00:00:00
734db12c3a1651cf9f036481d273c5c1,70201c46df8a5a5acf1388595fe1fcb6,delivered,2017-09-04 10:24:19,2017-09-04 10:44:36,2017-09-11 17:06:57,2017-09-19 15:52:52,2017-10-04 00:00:00
083a0434b4fe46096d27412266b29d36,fd62142b93c2502e26ae2c2277a6dc6d,delivered,2018-03-29 10:47:24,2018-03-29 11:09:03,2018-04-03 00:42:09,2018-04-11 20:24:22,2018-04-23 00:00:00
f89a51effc7d2760e697be96c77149bd,b54ff90c39e772a3fb59be2b571ada86,delivered,2018-02-02 13:40:59,2018-02-06 04:33:20,2018-02-10 14:09:02,2018-02-16 23:34:06,2018-03-07 00:00:00
88277a9285f6f57753cd60d110227455,53dbfb760ba0871ec0ab89c75a75c9bb,delivered,2018-02-15 01:16:03,2018-02-15 01:27:43,2018-02-17 00:27:00,2018-02-23 16:54:57,2018-03-08 00:00:00
19d8197e89721596f26906b2a0d324e5,9ae375d61c8aa75cd1cee7f6949f232e,delivered,2017-04-26 17:15:59,2017-04-28 11:41:32,2017-05-03 16:35:37,2017-05-09 10:57:50,2017-05-15 00:00:00
4708b6cbf7e34b7dbf3f7b75d6bfbd00,ee84ec15c366e3ff069dfc73b8046069,delivered,2018-08-13 13:54:00,2018-08-14 15:04:11,2018-08-15 09:17:00,2018-08-20 20:42:02,2018-08-28 00:00:00
bc1e260c14566150f353c716e61215e4,e4356c5636c21749cc7b40da4713bffd,delivered,2018-02-25 14:15:50,2018-02-25 14:30:28,2018-02-26 19:59:19,2018-03-02 22:12:05,2018-03-20 00:00:00
a910d611631e3e0e3f105040e1878f33,6ca1e1d28efabe87e5a94ad3f0c7282f,delivered,2018-01-27 16:28:15,2018-01-27 16:39:19,2018-01-30 20:18:58,2018-02-06 17:06:25,2018-02-21 00:00:00
0d8bde7325af3ab269064a609e832c91,52377ba56a9cb8c016e22bac30a53ebc,delivered,2018-07-05 09:38:50,2018-07-05 16:30:48,2018-07-05 13:10:00,2018-07-10 12:04:37,2018-08-08 00:00:00
36e08847e59e1d2e3dc6b1c1fb69fcda,41780f5332fd74783f7f527fcf58d21b,delivered,2018-03-10 12:41:26,2018-03-10 12:50:28,2018-03-12 20:32:12,2018-04-04 18:57:12,2018-04-03 00:00:00
04da4dc0ed95cc93f9f25375fa08ad47,e9fa18734cb99d218c0bee8e5b02ab5c,delivered,2018-08-23 14:13:46,2018-08-23 14:25:56,2018-08-24 12:26:00,2018-08-29 18:03:30,2018-09-05 00:00:00
61933015cb23bfe0cc59155373172d78,cec67855e440dab26bed6e4f780ea6f0,delivered,2018-02-18 16:15:59,2018-02-18 17:27:03,2018-02-20 21:23:17,2018-02-21 22:51:56,2018-03-07 00:00:00
f77b693181aabb75ad5c54b4f158cf87,0fd700c3808e829c7bfd88d2a38e6c6b,delivered,2017-05-25 10:56:40,2017-05-26 02:45:26,2017-05-30 08:52:40,2017-05-31 13:41:39,2017-06-07 00:00:00
38d5ef6462d5c0929ea356606f4e58bf,82d29e420677807a2db924538cd25b48,delivered,2018-07-17 17:09:10,2018-07-18 17:02:29,2018-07-19 15:57:00,2018-07-27 20:50:45,2018-08-10 00:00:00
1570fe1d14badec761d75ca93916bd6a,ed064a574e08a0062cf08d485375c9d0,delivered,2018-05-27 18:26:29,2018-05-27 18:54:56,2018-05-28 15:55:00,2018-06-07 18:08:45,2018-07-11 00:00:00
ff978de32e717acd3b5abe1fb069d2b6,82808ea6794ed5643bd23f65508aed70,delivered,2017-12-12 09:50:42,2017-12-12 09:57:24,2017-12-12 19:21:50,2018-01-15 21:12:27,2018-01-31 00:00:00
cf082b2bb0204ce0ba54ba584cbd3fd4,d3a7a0e5d26621573e347f943861316c,delivered,2017-11-26 15:54:52,2017-11-26 16:10:33,2018-01-04 21:13:46,2018-01-10 17:27:47,2017-12-21 00:00:00
b0aab42458e44a4368d8e548c55f998a,2eb58edf4b8493e1430234d8aaf76e30,delivered,2018-05-08 15:52:07,2018-05-08 16:18:12,2018-05-09 13:57:00,2018-05-17 17:06:35,2018-06-06 00:00:00
4c03716ec6e1d9291c862446c7d03fcc,3ff2ac0632e64a32fd699dda7e628b81,delivered,2017-03-27 08:03:45,2017-03-27 16:05:18,2017-03-28 18:05:14,2017-04-11 13:51:54,2017-05-02 00:00:00
18259631aab7299bf25f83f5eac4c8d1,77725f1458a3c3efcbfa208fd02da9cc,delivered,2018-07-10 17:22:37,2018-07-10 20:31:35,2018-07-11 16:08:00,2018-07-20 19:54:55,2018-07-31 00:00:00
eca3f5e429027f406b64f21754673030,1470c7af104f8a4e129eace53c91c75e,delivered,2018-03-24 18:17:14,2018-03-24 18:27:32,2018-03-26 19:03:43,2018-04-12 19:38:43,2018-04-12 00:00:00
7f592ad42732ac393e0840a95fe32d7c,7d9eaf7bc81cb21be02765b903a7d525,delivered,2017-06-28 06:52:27,2017-06-28 07:05:09,2017-06-29 12:37:43,2017-07-05 13:56:49,2017-07-18 00:00:00
61cfa60003f1d98a86cc3562f13b2ea0,8414a80d93d8f959167a33bf4f3e9a65,delivered,2017-08-09 15:48:19,2017-08-09 16:05:21,2017-08-11 19:43:09,2017-08-16 19:35:02,2017-08-24 00:00:00
d5e9734f54e05a41246389d38b732a51,bc46822a62f07f6f519876caf542661f,delivered,2018-06-14 15:52:22,2018-06-14 16:18:59,2018-06-15 13:48:00,2018-07-02 18:04:09,2018-07-17 00:00:00
adcb2eeef370c9bf98f5d1e975397950,33b80fb8f69874ba86e105154a5e7712,delivered,2017-09-08 10:57:15,2017-09-09 05:04:31,2017-09-12 16:33:24,2017-09-21 19:09:38,2017-09-28 00:00:00
22fd6b3ad5e66520608b3eb76b19becf,e471f9bb185600f7662de69708e31862,delivered,2017-11-23 19:55:38,2017-11-24 16:13:08,2017-11-28 18:48:46,2017-12-04 18:08:53,2017-12-19 00:00:00
b6906ad8ffc10ced26f9f5850aabea27,a32f6f5b04da9aac4458faab366dbdc0,shipped,2018-07-29 20:19:14,2018-07-29 20:35:14,2018-07-31 14:24:00,,2018-08-07 00:00:00
2305a735f5b64c8b4e0e7e3d64b5a39f,44ad33d49b814b211776dc5002fbc561,delivered,2018-07-06 08:52:47,2018-07-06 11:15:14,2018-07-11 15:22:00,2018-07-14 01:09:29,2018-07-19 00:00:00
587ed74a3001b5f1083b78c5bb0090c2,8e6524e5a9d3b947669c4202dcca38c4,delivered,2017-05-06 00:20:48,2017-05-06 00:30:26,2017-05-10 04:37:52,2017-05-12 12:47:56,2017-05-29 00:00:00
237bc9f2aa86b56ab439b6a508832d88,7b3bcacef7cca9f803ce7ca9f3c43285,delivered,2018-08-21 16:25:09,2018-08-21 16:35:26,2018-08-22 13:52:00,2018-08-28 20:22:07,2018-09-19 00:00:00
ac91b5810b959182a8f4366cef85eb59,6cfc78a2f324d2fc60ecf4c66e72dd18,delivered,2017-02-13 07:17:02,2017-02-13 07:30:12,2017-02-15 10:25:39,2017-02-21 12:47:33,2017-03-10 00:00:00
4876b4ecbb74b9092df123fd372b4419,16d565425477f516882cc7bae128ea5d,delivered,2018-07-06 18:54:32,2018-07-06 19:11:12,2018-07-10 15:37:00,2018-07-12 21:04:46,2018-07-19 00:00:00
bda2f04a41788a693faa650bac613441,16c4024b31236bbdb509f655a45b4969,shipped,2017-04-15 17:57:47,2017-04-15 18:10:13,2017-04-18 11:53:53,,2017-05-08 00:00:00
56ba02ddcb5947d6fe4d7816e623e054,cf30e087aa47a8348ecf72af4a2c63eb,delivered,2018-02-07 12:08:41,2018-02-07 12:15:33,2018-02-09 17:09:30,2018-02-26 18:58:24,2018-03-07 00:00:00
f811812f4598bc238e5006ba2acf8b4b,8003beed69b7930e175731e7d69f6563,delivered,2017-03-05 17:06:14,2017-03-05 17:15:15,2017-03-06 09:54:54,2017-03-09 14:19:06,2017-03-27 00:00:00
f1820747ffc1cde68a5b2c501dfe8292,dbf165106b71b1f129d0e677505aae57,delivered,2018-02-06 22:28:15,2018-02-08 07:49:36,2018-02-08 19:53:25,2018-02-21 22:03:12,2018-03-08 00:00:00
db73b0bf183667da81ff755fd5ab1228,f6491b702a81fb2c4b8e25d5ab0e56c4,delivered,2018-04-29 10:10:04,2018-04-30 09:55:58,2018-05-07 13:31:00,2018-06-01 12:12:39,2018-05-28 00:00:00
b5339ee686743c519402f862fba76aee,ea50d78b023d96a5d45a86d2059348e1,delivered,2017-11-29 01:13:28,2017-11-30 02:25:28,2017-11-30 18:02:45,2017-12-01 23:07:04,2017-12-13 00:00:00
905295157bd28424f6c3139dcde920aa,097ce021afdda40c7055a54a30c2f6bd,delivered,2018-02-24 15:00:27,2018-02-24 15:10:24,2018-02-28 21:38:50,2018-03-29 16:37:22,2018-03-22 00:00:00
f09126bf1e12e8ed060f26f510be949f,3e46d957b84b38b6d616d4a486ef89a2,delivered,2017-09-27 14:19:23,2017-09-27 14:35:16,2017-09-27 19:57:58,2017-10-05 20:23:42,2017-10-20 00:00:00
e72618bee51ae5e11af9d42ce16be85d,614b330a676641a9d3f34e333d096612,delivered,2017-07-27 10:31:56,2017-07-29 19:45:09,2017-07-31 16:44:02,2017-09-12 15:14:28,2017-08-30 00:00:00
fc849f5748eaa28001b2d222c598e8d0,d257fe0a4f5d705fc14ed0d30aa9ba71,delivered,2017-05-28 19:44:31,2017-05-28 19:55:14,2017-05-30 17:07:40,2017-06-05 12:10:34,2017-06-26 00:00:00
25b5031c6f1b02a190624b01069627c3,b6b658d58a60c4bedf0c112f80e7bcb6,delivered,2018-01-24 11:34:34,2018-01-24 15:07:29,2018-01-25 23:48:55,2018-02-06 19:05:29,2018-02-26 00:00:00
b3718f28653857ba876b640844d45d9b,338ee842af71339085c560431cfeae52,delivered,2018-03-15 10:58:37,2018-03-15 11:10:38,2018-03-19 14:44:34,2018-03-21 00:37:23,2018-03-29 00:00:00
e3911e9d71dfe83390a806612556c49b,35097ec0bdc9c57a7be632bf203c3c0c,unavailable,2017-11-13 17:35:24,2017-11-15 02:55:49,,,2017-12-04 00:00:00
448f2134b405628295b62b343cac4d01,54dd8cd0f421dae2d107f605c5e8f7fe,delivered,2018-05-14 17:02:19,2018-05-14 17:19:05,2018-05-15 10:43:00,2018-05-21 19:43:00,2018-06-01 00:00:00
5543f968d44e1a22c64d1caf5eef5186,b77899db8038bdab58b749545d11fd88,delivered,2018-03-11 20:51:17,2018-03-11 21:00:40,2018-03-13 17:48:44,2018-03-27 12:38:35,2018-04-09 00:00:00
c1ec0ee0375e8c46ed793b079d1b31b4,04a20bd4f5e48fb7b93c496ce933f0d9,delivered,2017-05-29 20:23:35,2017-05-31 06:55:28,2017-05-31 09:22:58,2017-06-07 11:34:38,2017-06-19 00:00:00
c83bfcbbc1e49ea80f7a77732efa3d48,d58f980a3110c5ab361e0b110ac333b8,delivered,2018-06-27 22:09:27,2018-06-28 01:11:23,2018-06-28 14:03:00,2018-08-27 15:57:27,2018-07-25 00:00:00
dfff9fc44808a969ec1211d3ceca855c,80c1c4476652026dbed170c2892f13e2,shipped,2017-08-15 14:00:05,2017-08-15 14:50:16,2017-08-23 22:14:08,,2017-09-13 00:00:00
038721fd1802532dae558bac820968d4,61e6a5b24f292e7d1763da7697b0f94f,delivered,2017-10-18 11:31:27,2017-10-18 11:50:08,2017-10-24 18:46:36,2017-10-26 17:18:40,2017-11-08 00:00:00
525e80907574dfabd0d59adfaa107f89,69ac0bfbf88374692b7bc46fa05cb5a0,delivered,2017-12-04 19:18:25,2017-12-04 19:31:54,2017-12-06 19:15:44,2017-12-12 21:17:03,2018-01-04 00:00:00
beb278f2f2946133b76dd6196b02d0e5,ba0761afd7146619e11ab4390e66bdd5,delivered,2017-10-30 15:52:12,2017-10-31 04:26:21,2017-11-22 23:46:45,2017-11-24 23:41:53,2017-11-10 00:00:00
251426971212d3b3bae10ca7062c6241,eb3ae87718e44bcc08735499926d839a,delivered,2017-11-08 15:08:18,2017-11-08 15:26:54,2017-11-09 17:05:39,2017-11-10 19:57:48,2017-11-22 00:00:00
2373680d3bd825670bee96c048b19731,5e4868cdf4f54ae28d96d958cdbcc5f6,shipped,2017-11-25 14:19:26,2017-11-25 14:30:59,2017-11-28 20:25:54,,2017-12-21 00:00:00
64b6860d0ff4339bec73a08ed44a99f2,8f08b29cda61da37f0bb4c06d4090fb0,delivered,2017-02-15 11:04:52,2017-02-15 11:15:19,2017-02-16 16:12:43,2017-02-20 14:21:28,2017-03-24 00:00:00
7463f829999f41a9eea1e98f4e52b48d,fc1344637b9c3c2987e17c03a9624ba2,delivered,2017-10-03 11:51:24,2017-10-04 02:49:22,2017-10-04 14:22:29,2017-10-18 20:34:15,2017-10-30 00:00:00
2356321f56c436e5108239a15643f42f,db123ecd452946335004af26e11ff209,delivered,2018-06-28 13:35:07,2018-06-28 13:50:31,2018-06-29 12:30:00,2018-06-30 16:23:30,2018-07-12 00:00:00
24d4bff2b51955551d358847eded0c52,4a818639e1977506b2cfa1b8047310df,delivered,2017-09-15 12:12:44,2017-09-15 12:25:25,2017-09-22 20:36:10,2017-09-26 12:33:02,2017-10-03 00:00:00
e1e667177bf730d0964be7732d806213,fc13b8bee7302ebebe10949e338c3bc4,delivered,2018-02-04 01:17:31,2018-02-06 05:31:44,2018-02-14 15:25:18,2018-02-21 18:35:49,2018-03-07 00:00:00
eb4d09476b0c4b4e17bee697d1adde36,d30c5b4b3b5e3156670d70ec32e26476,delivered,2017-12-18 22:09:16,2017-12-18 23:12:28,2017-12-20 16:46:46,2017-12-26 20:47:41,2018-01-15 00:00:00
c560927c49695a19738493bd782687dc,a107670af1e9ad09b98f9f966e9d8291,delivered,2017-05-29 22:06:23,2017-05-31 06:55:26,2017-06-01 13:48:39,2017-06-14 17:23:03,2017-06-23 00:00:00
9e96f8b123651165684173d490bb7a82,74f5899eded43be6ab7cac34f31da656,delivered,2017-12-28 10:51:11,2017-12-28 11:08:07,2018-01-03 20:46:52,2018-01-08 22:19:50,2018-01-23 00:00:00
44069d5290f313c03130f40e31c676ee,e6680cbc6ea1e3cf07a5803eb1a54e50,delivered,2017-05-17 10:26:23,2017-05-17 10:42:25,2017-05-17 16:02:23,2017-05-23 12:12:54,2017-05-30 00:00:00
a9ad904bde6787e355771489eef73012,9a8ff91307a424b26e4ffb88eb1e79b9,delivered,2017-01-23 21:38:10,2017-01-25 02:55:14,2017-01-28 11:12:16,2017-02-07 08:47:52,2017-02-20 00:00:00
7e4428c9e14a7586963f5a518c9aa4a0,ad333e6ded9268a907aaa1d480826f7d,delivered,2017-11-20 11:45:42,2017-11-20 11:55:51,2017-11-22 00:31:48,2017-11-28 23:26:54,2017-12-07 00:00:00
09d3cd95f911da31613353ea97a651e6,4c0e4e69a60620838f4c131f46498b06,delivered,2017-10-24 17:31:27,2017-10-24 18:06:18,2017-10-26 19:12:49,2017-11-07 18:12:22,2017-11-13 00:00:00
6d306f5d7fbcb1959017af34579fb7a6,05e07b271bcf1cfa9390e028b498bd71,delivered,2017-10-09 22:55:32,2017-10-09 23:14:29,2017-10-10 20:33:09,2017-10-23 19:04:02,2017-10-31 00:00:00
b6f55e4af06bdd71bdfa6805094331ab,c56d4b738ebf7cf9cecd2bb436541852,delivered,2018-05-23 14:53:11,2018-05-23 15:16:38,2018-05-24 17:30:00,2018-05-25 19:36:23,2018-06-08 00:00:00
18039c75b688e58760cca5b168b3b240,def513eb26f183ad903b94b9eef04bdf,delivered,2018-02-06 14:08:44,2018-02-06 15:56:05,2018-02-07 19:32:05,2018-02-08 18:08:57,2018-02-22 00:00:00
51d33e03b53c86c11bb49dac397b1a46,ec359a502fd8a54ed98d8d607e130f65,delivered,2018-08-02 19:18:03,2018-08-03 19:30:43,2018-08-07 07:33:00,2018-08-15 00:04:30,2018-08-23 00:00:00
044223df7cb37509bfeb2a0df1250ca4,f2d67e6cf876a8f7aa9e9119415510fd,delivered,2017-11-02 09:19:16,2017-11-02 09:35:30,2017-11-06 19:48:41,2017-11-20 20:28:37,2017-11-29 00:00:00
e5b496243933ca726952157c6d6bb648,7311c29202fefce5535fba58232fb2c0,delivered,2017-04-24 18:32:49,2017-04-24 18:45:12,2017-04-25 11:34:56,2017-05-11 14:09:53,2017-05-15 00:00:00
7c97f3002c24421012ed83f34b377c3b,2506b56afdb0faef63b98c0e0328b4ab,delivered,2018-01-31 22:50:53,2018-01-31 23:10:07,2018-02-01 20:38:46,2018-02-19 19:22:40,2018-03-01 00:00:00
75b60fe8ae4a01ed4c3152a11651218c,782de7052ff8ec3f9770843c3fbfd8bb,delivered,2018-06-29 23:02:10,2018-06-29 23:15:10,2018-07-02 14:37:00,2018-07-03 19:48:06,2018-07-13 00:00:00
6de8edc4855c85bbcaf86b5e27b8d367,32ac8996f8fc1a221e11fa48bd39fa18,delivered,2018-02-07 13:29:38,2018-02-07 13:51:21,2018-02-07 23:39:22,2018-03-07 20:16:30,2018-03-08 00:00:00
aa3e939d90791cb80173b38e4faf79a1,a879d50fdd72760d7cbc0b7a4fbd8a30,delivered,2017-02-05 23:52:09,2017-02-06 01:05:37,2017-02-13 12:23:46,2017-02-16 13:22:08,2017-03-17 00:00:00
41139489fb8433d34419f648aa690815,9909b2105c93cda0354677dde50d062b,delivered,2018-08-09 20:03:12,2018-08-09 20:24:41,2018-08-13 14:38:00,2018-08-14 19:52:38,2018-08-16 00:00:00
4ccb18585c6005147fbfe3c78a9caf2b,6697c56bf8cc15ac55a3642f37e503eb,delivered,2018-02-15 14:18:07,2018-02-17 03:47:42,2018-02-22 05:19:50,2018-02-27 13:25:00,2018-03-02 00:00:00
6fad49da8f66678c9590e7c44a4944f9,0d266b837839ed7dab5ac9252f974995,delivered,2017-04-11 17:39:16,2017-04-11 18:02:32,2017-04-12 12:43:40,2017-04-17 08:58:36,2017-05-12 00:00:00
e8a6076acc910f75cb8b149ecc89441e,4cf5be43eb5569afdfe16e158ae940c2,delivered,2017-07-04 12:34:28,2017-07-04 12:45:19,2017-07-11 15:17:00,2017-07-19 19:43:11,2017-07-26 00:00:00
ad1e6579c0a8fffc5d8fe3f60fec72f5,0176dd91cb1143804dd30b2f4968b23a,delivered,2018-01-26 15:29:54,2018-01-26 15:40:31,2018-01-30 01:58:58,2018-02-05 16:54:22,2018-02-21 00:00:00
c4e1ea7f49c3156d4ec6e597f9299c7d,f4b6532c70b2307896e02a2213906314,delivered,2017-10-30 14:56:36,2017-10-31 04:06:23,2017-10-31 17:05:54,2017-11-03 15:47:48,2017-11-10 00:00:00
4b17e1c5883e048067f7ea46b74fe222,aa6ee75a5950e07fa3f543bf48ee608e,delivered,2018-05-07 14:52:26,2018-05-07 16:52:51,2018-05-08 13:59:00,2018-05-14 22:32:18,2018-05-30 00:00:00
934b7f6dbf65d976b415011a2e286581,fef1650febdaa4fbc1a1420ee9f0f6be,delivered,2017-10-01 14:46:59,2017-10-01 14:56:14,2017-10-02 20:00:10,2017-10-09 12:35:08,2017-10-18 00:00:00
5958fb8c6e854b986800307f995fd209,7ec8405b4aee6ab5a9747aead0e096b7,delivered,2017-09-01 20:04:49,2017-09-12 12:35:16,2017-09-12 18:47:56,2017-09-19 20:27:58,2017-09-22 00:00:00
67bc7ff7cf5396dc164d5d3c3d251760,afd73acdd42405b032d0128e5e2f271a,delivered,2017-11-24 09:10:08,2017-11-24 13:31:21,2017-11-27 14:59:16,2017-12-29 15:16:33,2017-12-27 00:00:00
a17d4b0709e6ac90ab18c03c61224c26,0223b85b1e7ae199e2336d4f8da036b1,delivered,2018-06-25 10:23:15,2018-06-25 10:37:46,2018-06-26 14:19:00,2018-07-05 00:51:15,2018-07-17 00:00:00
7264146dc0b366ab7e89b2f947bff7ef,b755f062c2c480beb455b40627f6dfd7,delivered,2018-04-29 23:43:15,2018-04-30 00:25:15,2018-05-02 14:11:00,2018-05-10 20:51:31,2018-05-18 00:00:00
d15d5477cce94ff7cc703231f43288a2,2ed038155d7facf771a02b24d1a90447,delivered,2018-07-20 19:11:27,2018-07-20 19:35:17,2018-07-23 12:02:00,2018-07-26 22:46:39,2018-08-07 00:00:00
f1c5c99f2f4d0beb275aea3a7bfa7583,d534784ad25e4d6e1aeb1f66ffb9e09a,delivered,2017-12-08 21:13:04,2017-12-08 21:32:36,2017-12-12 16:18:50,2017-12-26 16:09:57,2017-12-27 00:00:00
7dc612f01ed1ea109cca1490c9e59a7d,1f36b92329b44c41b271497703be85e6,delivered,2018-05-10 17:44:55,2018-05-10 18:17:55,2018-05-11 13:46:00,2018-05-28 20:58:27,2018-06-11 00:00:00
f1a96431843abf74cfdda6b6307971fa,6a670a778bea4407bae72f8e5c4e7ffd,delivered,2017-04-03 22:37:55,2017-04-03 22:50:17,2017-04-04 13:52:56,2017-04-06 15:33:07,2017-04-24 00:00:00
b570dd6ed360911428867a6962dee65b,1ab6843063af57afe30595a3444467cc,delivered,2018-02-07 20:45:24,2018-02-07 20:55:55,2018-02-09 23:03:59,2018-02-22 16:59:49,2018-03-09 00:00:00
fbf96285c7d996a4ddcc48002f857af1,236423b6751e8c624b3e72f25ca8adfd,delivered,2017-07-23 22:20:23,2017-07-23 22:30:16,2017-07-25 19:34:08,2017-07-26 16:33:58,2017-08-15 00:00:00
f49a4845f6b824e13d9a0e15ad9e599c,2edd95950a67ad28828e6cb82d31bded,delivered,2017-11-14 16:08:09,2017-11-14 16:35:33,2017-11-21 23:18:55,2017-12-20 18:59:05,2017-12-26 00:00:00
15b47aae9b2b85e58cef96eeb609c1de,d45d4419f38d21a9248af9ac01791269,delivered,2017-11-23 20:21:40,2017-11-23 20:32:00,2017-11-24 18:36:58,2017-12-11 22:58:31,2017-12-19 00:00:00
52ef81c49a349b1162a7bd4a8c2034e4,3caa046edff3326e7b06ce037829952c,delivered,2017-04-16 14:25:05,2017-04-16 14:35:19,2017-04-18 17:18:11,2017-05-02 16:55:10,2017-05-08 00:00:00
aa65687a2c44d9477d815b5e2d568901,a215b276dcbea05a216373c4f00768f6,delivered,2017-12-28 17:01:59,2017-12-28 17:14:33,2018-01-02 15:44:38,2018-01-09 19:04:48,2018-01-23 00:00:00
58acbb7315ddfcd40497860d21ab1662,7a3c49c71b36b26e7901cac9209707a1,delivered,2018-02-19 19:57:48,2018-02-19 21:07:14,2018-02-26 16:43:24,2018-03-08 14:37:27,2018-03-12 00:00:00
5e3e20f7b30f0f66aa9dccc8e30cfb1e,6ec09f6887b146bb77c576f4f07c6f1d,delivered,2018-02-02 00:35:13,2018-02-02 00:52:14,2018-02-06 14:54:58,2018-02-15 15:33:37,2018-03-05 00:00:00
08791ec24b12af5af099ce45bdf3a396,98910418a06188d89fe89354cf41ccd7,delivered,2018-04-17 08:38:41,2018-04-18 15:45:18,2018-04-20 00:03:37,2018-04-25 14:13:54,2018-05-17 00:00:00
88860d93217b743a342d87689e17bdbd,b64809e875690f8bbd63c3b726a8959e,delivered,2018-03-10 10:48:11,2018-03-10 11:08:20,2018-03-12 23:08:34,2018-03-21 17:24:49,2018-03-22 00:00:00
4becfda49755e3759f3bef6ebb43e88d,bb7b6f78873d1f1914829f1e0fcbecdc,delivered,2018-06-03 20:06:40,2018-06-03 20:31:16,2018-06-05 11:36:00,2018-06-07 14:16:58,2018-06-28 00:00:00
029f37989dcd7c9b928028086d68034b,953d151252d1305b272923cb0776a79b,delivered,2017-11-01 08:00:08,2017-11-01 08:15:19,2017-11-08 00:52:54,2017-11-14 20:09:17,2017-11-22 00:00:00
587065077b677088697c8e99e2c8e273,da9d48cb8449edad3619186b3dd0c180,delivered,2018-08-13 12:55:39,2018-08-13 13:05:20,2018-08-14 14:05:00,2018-08-15 21:17:50,2018-08-20 00:00:00
940f98f306f127ddd621e4a991e03478,d52da13f5938784b86666bade7b1d578,delivered,2017-07-27 12:40:56,2017-07-27 12:50:17,2017-07-27 20:24:20,2017-08-09 20:16:47,2017-08-28 00:00:00
4183d7a336883150da3c52cfae5688f7,937e64116b8e024eea0b4c0153692fd6,delivered,2017-11-25 00:33:24,2017-11-25 02:33:06,2017-11-27 21:16:08,2017-12-02 19:58:06,2017-12-20 00:00:00
d9773132aa1151c56c6f940c8d29cc0a,343506512287287cf0c18d485fe44c9f,delivered,2017-11-24 16:26:15,2017-11-24 20:30:58,2017-11-28 20:51:43,2017-12-10 16:03:08,2017-12-15 00:00:00
84a649c5b7af51c49e0041fb5e3486d8,f43f42c150e9eab7bf629d7e3fb3709f,delivered,2018-05-08 07:25:45,2018-05-08 07:55:13,2018-05-10 18:29:00,2018-05-18 17:39:58,2018-05-25 00:00:00
397fbd7be8f44b1e8bd7499ed8fab4a4,c88844e0c19da69e0525890d2b666e94,delivered,2017-10-20 14:47:37,2017-10-20 15:05:57,2017-10-24 11:33:07,2017-11-06 20:58:34,2017-11-08 00:00:00
2cedb157302d27f18d5648e77f92d56d,6efd038b1c60be0ab8d554e9b488a40d,delivered,2018-06-18 20:56:17,2018-06-18 21:17:51,2018-06-19 14:04:00,2018-06-28 19:08:41,2018-08-01 00:00:00
8ad883016b6266c5cbbface4f5e4ecab,29fbf33d732cdc639a51bcab305ec6a9,delivered,2017-04-20 15:59:14,2017-04-25 21:34:50,2017-04-27 09:18:02,2017-05-04 16:18:49,2017-05-31 00:00:00
bea71d4639ca3f09311fda9ea2fc7798,e4bd5664268cc038333db36f57625a24,delivered,2018-03-31 10:49:52,2018-03-31 11:08:23,2018-04-02 19:42:20,2018-04-06 22:21:44,2018-04-19 00:00:00
df2f177b04bac67798590bc71213dcc2,fbf0bdb831c80d46f0001ecaecd18ca6,unavailable,2017-11-17 15:29:22,2017-11-18 15:35:28,,,2017-11-30 00:00:00
13d42b83c086bc8b73e3b9c8aca4b88c,14cd775671f1cbb1db0e4c19b6a2961d,delivered,2018-08-01 17:16:02,2018-08-01 17:30:42,2018-08-02 16:30:00,2018-08-03 22:28:54,2018-08-07 00:00:00
f4f4b61bf60372c3ecb43d647e163aa6,a3a21bf032df1c3f4b3c3304f25e7843,delivered,2017-11-21 12:11:30,2017-11-21 12:31:32,2017-11-23 19:20:39,2017-12-09 00:33:47,2017-12-12 00:00:00
185248b3660c8b12960b1b45f81758a6,c188123bd070ee752ddea0aa7ca1f6e8,delivered,2017-11-25 16:39:53,2017-11-25 16:51:56,2017-11-29 13:09:56,2017-12-08 00:58:57,2017-12-15 00:00:00
2b08b8f0627e686604ba0e5e9f3a06c7,fcfaf181e701e5915168b7ecfd02e160,delivered,2018-05-09 16:30:33,2018-05-09 16:57:42,2018-05-10 15:40:00,2018-05-15 23:08:55,2018-05-17 00:00:00
51aa2039fc98dc9e49bc883ead78ae54,b36a66381596ca6824c2ed8059e2a63c,shipped,2017-07-02 13:30:49,2017-07-02 13:43:40,2017-07-03 14:56:57,,2017-07-25 00:00:00
c502827b2dc9fca209db1fdd910ebe22,b6afa385a4753bba4d17062428268bb6,delivered,2018-06-12 09:30:20,2018-06-12 09:58:40,2018-06-13 05:09:00,2018-06-26 01:03:27,2018-07-12 00:00:00
fc6fd71961ba15e10fb27b9cda74fdb8,c958dd1901b023167a8b54c18b7cd526,delivered,2018-08-03 10:16:07,2018-08-04 05:05:18,2018-08-06 18:00:00,2018-08-16 16:22:46,2018-08-24 00:00:00
6c9841106812441f8d244c22b9d07ba3,18a7334e84d18a1258eb22367af3498d,delivered,2018-03-03 17:02:40,2018-03-06 03:50:42,2018-03-07 18:05:51,2018-03-23 11:18:33,2018-03-28 00:00:00
7bcacfd812c9d8194d414b83d7e28153,f58c599c3632821a4a9fbbea187fabde,delivered,2018-08-13 13:33:15,2018-08-13 13:45:17,2018-08-14 10:56:00,2018-08-22 14:24:47,2018-09-10 00:00:00
848b99752538e17e5a48212d76416846,9d27f64e63e4599ce90c0646b2f09efd,delivered,2018-02-28 20:57:51,2018-03-01 02:48:17,2018-03-02 12:39:17,2018-04-05 19:07:42,2018-03-22 00:00:00
7eee039d49ee815e69350a021cae95fc,a178c62795494a0a0eb68d6014677440,delivered,2017-04-25 19:12:43,2017-04-27 06:35:32,2017-05-05 12:23:06,2017-05-13 08:27:53,2017-05-12 00:00:00
023faf5fac58639f7cf53cb7dd219859,affe45dfbbc85f104e46987acfae38b3,delivered,2018-01-14 20:18:38,2018-01-14 20:31:34,2018-01-20 10:45:40,2018-02-02 22:48:40,2018-02-06 00:00:00
1c1975ccdbd34c48a241f30cc2258dbb,4b8aa85bd0844a2cfa46261b1afd9386,delivered,2017-12-20 22:44:00,2017-12-21 16:13:10,2018-01-17 14:49:56,2018-03-07 17:48:47,2018-02-22 00:00:00
107280d6c872d2faa258ccce4d2e8798,d2a29aeee0376ac64c4169f79ff15d84,delivered,2017-03-16 10:02:57,2017-03-16 10:02:57,2017-03-17 11:03:33,2017-03-22 12:34:17,2017-04-04 00:00:00
9cb6476278f2baad1be61b03dc7c8d59,17050a0d14bd35a6897daf9eefbd7d00,delivered,2018-01-03 14:55:34,2018-01-04 05:10:17,2018-01-05 12:12:31,2018-01-08 15:19:00,2018-01-19 00:00:00
32e761ce606f7a8625682e65990b94ed,d7ee3bfb60f039d94e21001ab6a9a7af,delivered,2018-03-26 07:29:31,2018-03-26 07:47:22,2018-03-26 21:49:04,2018-03-27 23:58:36,2018-04-06 00:00:00
067410a773ded180052ac522f139ab41,f8bd07c127a4ae4a6674d9af09b1934e,delivered,2018-01-04 19:42:04,2018-01-06 02:08:30,2018-01-08 21:23:36,2018-01-13 16:07:50,2018-01-29 00:00:00
78cf5dc2baadfbac2c47c6ef7c2a2282,bdced1e75dafe66bd70dc84af644bca7,delivered,2018-01-12 16:19:31,2018-01-13 07:48:35,2018-01-17 18:55:35,2018-01-23 16:09:26,2018-02-07 00:00:00
d634e78710f26d98ace611f615489774,28a8d09f82de529e674494be659d4c86,delivered,2017-11-26 21:51:50,2017-11-26 21:59:33,2017-11-27 16:07:04,2017-12-21 23:19:11,2018-01-23 00:00:00
54d65ba100747f2456fc1d1e314ceb26,db59c47f100c554beb2fdf19d892b32a,delivered,2018-01-19 12:55:53,2018-01-19 14:59:29,2018-01-19 23:28:57,2018-01-29 19:19:07,2018-02-14 00:00:00
09b748b3799286e3df820f2d5528abbc,2a2fd17c1706896127eff21e3750c0ea,delivered,2017-05-11 17:15:48,2017-05-12 02:45:25,2017-05-15 09:45:54,2017-05-18 09:47:37,2017-06-06 00:00:00
29e40e2efb1493c943466c5e401d08ab,ae76c44184338c1561d13d5639fbd726,delivered,2017-03-22 12:10:36,2017-03-24 01:43:19,2017-03-29 15:17:05,2017-04-03 14:55:45,2017-04-18 00:00:00
07a4d91148af619890def9a1ac3de73f,b18c3b2965c137609a80f4254444c0a8,delivered,2018-06-04 19:59:56,2018-06-04 20:15:13,2018-06-05 14:01:00,2018-06-13 17:08:45,2018-07-24 00:00:00
7115f68b3dcb8f49a29394c0046e2a66,4f553648de87c57ab72ad47bca12fdf0,delivered,2017-09-25 09:26:43,2017-09-25 09:44:03,2017-09-27 19:53:11,2017-09-29 19:26:49,2017-10-10 00:00:00
beab8ba6e1c08b35966c8d1711b9f591,f8b5a4d4af546a104faa5f7bc10619b3,delivered,2018-03-02 17:58:09,2018-03-02 19:42:23,2018-03-08 09:32:06,2018-03-16 11:33:37,2018-03-23 00:00:00
d2ef78d642086d0cea1193953c8732be,6d54acc72b9bb27db5e46f04fe577e74,delivered,2017-11-24 19:46:05,2017-11-25 05:16:33,2017-11-29 13:29:13,2017-12-04 20:42:32,2017-12-18 00:00:00
6638ad71e30623cf87cdf58a9a0d4d15,f90ea0e649c53031d7eba1debc731684,delivered,2018-06-26 23:09:08,2018-06-27 13:32:54,2018-06-28 14:31:00,2018-06-29 22:44:33,2018-07-13 00:00:00
0810ae0fa88d7880bf3d2fa5fa172f60,906f75ff5f7787189179654a7db420eb,delivered,2018-01-21 20:43:26,2018-01-22 13:59:24,2018-01-24 17:14:35,2018-02-15 20:32:23,2018-02-19 00:00:00
7ac3402986077088fc8185e65ec5c7b1,c71aa5eeaeb9279b09bb725f6a2c8cd3,delivered,2017-10-31 20:17:23,2017-11-01 14:26:06,2017-11-03 14:05:39,2017-11-10 17:11:35,2017-11-24 00:00:00
6a8cd9e90574ad4ac8c5850d2365648e,716ec70b79099dd7fe34755d31c54c3d,delivered,2017-09-27 11:55:27,2017-09-28 03:36:02,2017-09-28 19:26:51,2017-10-09 19:17:52,2017-10-30 00:00:00
9deb96b0101b346adab6ec2418c56e7c,9f63cda61ba29ae3189ee28f4056e4a8,delivered,2018-01-22 13:48:41,2018-01-22 15:53:28,2018-01-23 22:25:57,2018-02-16 15:06:49,2018-02-21 00:00:00
02cb7027f3074adf1407706d712298f7,70bcff60e160a0009c17030cdc375f6e,delivered,2018-08-07 19:33:01,2018-08-07 19:45:18,2018-08-08 22:25:00,2018-08-17 20:54:31,2018-08-23 00:00:00
67f05f6d7d84bf6e1abf7d7d8e8a41e3,997f151339e5077fe22d22b321308d2f,delivered,2018-07-27 19:46:45,2018-07-27 19:55:11,2018-07-30 12:24:00,2018-08-06 14:48:50,2018-08-17 00:00:00
f61b4ccbaddccab272bfc6fb3832cd85,0a2c4321fc554a60d3e3a7c0349c53b3,shipped,2018-07-10 08:10:51,2018-07-10 08:45:18,2018-07-12 13:56:00,,2018-08-09 00:00:00
ce7364e31a5ed0653bfcfc6d7f2b9785,c4b7c369e658d66e104d7dbc1738b3f9,delivered,2017-07-15 19:51:13,2017-07-15 20:05:28,2017-07-18 13:07:48,2017-07-22 13:37:40,2017-08-04 00:00:00
af18dcad5c76de4eec9a63dfc1672296,285061238e7b7f6095975a7c36322e05,delivered,2018-01-07 22:59:13,2018-01-07 23:09:22,2018-01-09 18:16:04,2018-01-23 22:18:06,2018-02-08 00:00:00
c6b9d35e4e9ddeeeeb374acaf98dbf2b,4fe6e159f06434ef5ddae50ff1fa6533,delivered,2017-09-27 22:01:24,2017-09-27 22:14:24,2017-09-28 16:42:43,2017-10-10 22:28:22,2017-10-27 00:00:00
eb2d1fc632c7ad28095c6e9276422646,251bf9a821762a3e95155e2519ad616b,delivered,2018-03-19 14:22:48,2018-03-19 14:35:59,2018-03-20 15:48:43,2018-03-29 11:34:36,2018-03-29 00:00:00
31602bd34088eca0a7371827ab479b92,66ff5782ffd6ce3e04be03a839ef91d8,delivered,2018-01-03 17:20:23,2018-01-03 17:28:32,2018-01-04 23:48:50,2018-01-23 22:48:58,2018-02-05 00:00:00
37171240b533064451dd9e3f15e36c9e,e53b534236436f97ebaf56e1f3929c46,delivered,2018-07-11 23:21:05,2018-07-13 04:35:17,2018-07-13 15:16:00,2018-07-20 16:43:36,2018-08-03 00:00:00
efe25c5060f2a7fe3f1db0477f58b0dd,57d74bba7d8b5157d8b900559eaea3b3,delivered,2017-06-23 09:27:56,2017-06-24 02:45:15,2017-06-28 12:30:19,2017-07-03 16:05:08,2017-07-17 00:00:00
bf19011f60f7f394faf33366baf9fa16,6f8512c9dfb483de55e1aa1312f007f4,delivered,2017-09-01 15:03:02,2017-09-01 15:15:21,2017-09-04 16:05:07,2017-09-06 17:58:02,2017-09-14 00:00:00
b4924647a0523d99010023d68b76c18d,80600605c908c076d9e4073f2cb9430a,delivered,2017-01-28 13:23:50,2017-01-28 14:31:35,2017-01-30 16:20:47,2017-02-07 10:48:29,2017-03-27 00:00:00
9bcd65834ef8fc54f03ef36f27bc5645,ec25fe55c673e43d4b3a9bf813cc189c,delivered,2018-03-04 22:02:07,2018-03-04 22:15:34,2018-03-06 19:08:15,2018-03-29 02:16:35,2018-03-28 00:00:00
1faf2c3bb6bc67c10fdb7a7fcf3814de,b1765d36dbc9e11b7f0f68d2fce1d37a,delivered,2018-06-02 09:22:04,2018-06-05 03:49:59,2018-07-04 06:38:00,2018-07-09 17:38:38,2018-07-26 00:00:00
606449909d777e082c5043319f58c6dc,12af1b4304576908180963085a624693,delivered,2017-06-19 15:24:21,2017-06-19 15:35:12,2017-06-23 10:29:59,2017-07-14 19:53:52,2017-07-24 00:00:00
ae0b13cbf6e82e2f49f46634049d7d1f,6a4956f994ad41edae4c73b35b459a0f,delivered,2018-04-06 08:35:51,2018-04-06 08:50:16,2018-04-09 23:32:09,2018-04-13 17:44:47,2018-04-23 00:00:00
d02c8608e14b940d4efee267ae23dc93,f6c2fddb486424d746d4a6ba2d27ccdb,delivered,2018-06-06 23:27:54,2018-06-06 23:54:11,2018-06-07 14:27:00,2018-06-13 00:36:37,2018-07-12 00:00:00
264a331d5c477e9c99eda714b40f91f8,6cb971e55ee3a3e3c2a900e79c450d1c,delivered,2018-05-15 14:57:01,2018-05-15 15:30:58,2018-05-17 16:22:00,2018-05-18 19:03:39,2018-05-23 00:00:00
18651239aa9e038a2e9e9f69557175f9,799f6e4d6741ab691299088bc5a7f424,delivered,2018-02-25 06:29:03,2018-02-27 05:30:53,2018-02-27 18:39:54,2018-03-01 21:04:12,2018-03-12 00:00:00
d640a4c3a88331780424c072148b386d,2985f6b30228725ea3b233e6c8b87735,delivered,2018-03-14 13:42:40,2018-03-16 03:45:32,2018-03-21 21:25:36,2018-04-05 11:28:45,2018-04-11 00:00:00
585b56fe5bb7298eb2871ea0f6baa354,d4a40e2c4fd8890d35972f1062139b45,delivered,2018-03-16 12:43:55,2018-03-16 12:55:43,2018-03-20 22:42:05,2018-03-26 22:14:50,2018-04-02 00:00:00
f27e6836b49533e5507bad24755cac6d,9b5071755b38b9acb7b9212e70117f8c,delivered,2017-11-19 10:22:49,2017-11-19 10:30:32,2017-11-21 20:36:50,2017-11-27 23:51:38,2017-12-14 00:00:00
4789ca04239c99a9256e59d23ca3bd2c,e3f1b1c4b98f6312e51439b307986f10,delivered,2017-10-16 14:29:43,2017-10-16 14:50:11,2017-10-17 13:40:50,2017-10-20 19:48:11,2017-11-07 00:00:00
ddbbf91a5dc91f4757ad2ed77ab9616b,3e256600a04440a0b46eef09e5f994ed,delivered,2018-07-01 16:48:22,2018-07-01 17:10:03,2018-07-02 15:22:00,2018-07-03 21:21:21,2018-07-16 00:00:00
1b56eac6a1af4ad14e269f7639592b6d,87391f6f287f51cc9d2c7830bbed80cf,delivered,2017-04-15 15:28:36,2017-04-15 15:42:12,2017-04-18 15:38:01,2017-05-11 18:09:13,2017-05-23 00:00:00
dafd4cd63e908de9d1d745fee1c89637,0f861f51e8b8cad6206f2942881bbb56,delivered,2017-10-03 16:03:14,2017-10-04 03:07:12,2017-10-05 18:24:55,2017-10-16 22:38:48,2017-11-07 00:00:00
2711089c7fec59d4dc8483e3c6a12fa3,0ef59d9bb071def3dbf7e7b055965e95,delivered,2017-11-23 19:36:27,2017-11-23 19:47:39,2017-11-24 18:36:35,2017-12-21 21:52:08,2017-12-19 00:00:00
20cea985bb2eb263b7abb5b2589a3f32,74ae211a91c91502f0b7d55d6f9eddf3,delivered,2018-04-15 15:24:21,2018-04-15 15:51:21,2018-04-18 18:56:42,2018-04-19 19:28:26,2018-04-26 00:00:00
46539a2a7ba12ec60ad78ead51805b26,09109390db732a0b45175f2da752f6ce,delivered,2018-07-25 22:06:19,2018-07-27 02:05:15,2018-07-27 13:25:00,2018-08-03 19:29:27,2018-08-09 00:00:00
29167b624a7980a896eefbf16c7c3974,e4a5fb15ebc9bbe4e224fad7989b5e65,delivered,2018-08-20 21:05:03,2018-08-20 21:30:07,2018-08-23 17:19:00,2018-08-28 11:51:22,2018-09-11 00:00:00
20eb41a03c48823d50ca95fe6c17d438,f17c56f099132b68c0e46cbc666d24ac,delivered,2017-04-26 12:35:57,2017-04-26 13:10:38,2017-04-28 15:44:17,2017-05-10 09:24:47,2017-05-19 00:00:00
2d84a50c6a3aaae840d7a0dbdde2df45,ba9de40a10a883feeb7bb4ca71ec9904,delivered,2018-07-31 12:46:23,2018-08-01 09:04:07,2018-08-02 14:11:00,2018-08-03 21:37:38,2018-08-06 00:00:00
1d5f437b878f76103ac129b13e81bbbb,e17feb0f580f7f763ccb5684dd52cb1e,delivered,2018-08-03 13:19:41,2018-08-04 05:05:26,2018-08-13 07:35:00,2018-08-14 17:46:31,2018-08-17 00:00:00
01e71f17355fc56620b0d3678f796c42,004a2b3e8b026284407c620f4f01f686,delivered,2018-04-18 22:19:28,2018-04-18 22:31:03,2018-04-20 19:42:01,2018-05-10 21:12:12,2018-05-18 00:00:00
210f6de2695396bc0cc864241676e17a,79be080dff9011b58f6aec949be3224b,delivered,2017-10-25 21:33:47,2017-10-25 21:49:29,2017-10-26 21:19:45,2017-11-03 18:18:02,2017-11-13 00:00:00
64e109aaf7444f521fb45a857dc33128,09d08b0705e879f4d8bcd0792308e83d,delivered,2017-11-24 10:59:57,2017-11-28 03:18:21,2017-11-30 19:28:58,2017-12-08 11:58:27,2017-12-21 00:00:00
e5bc812e034a9041261c8637e4dc4497,a63fcd0e94a363c54647f26b254c6ee1,delivered,2017-07-20 13:56:18,2017-07-20 14:10:15,2017-07-21 18:13:54,2017-07-28 16:28:59,2017-08-09 00:00:00
1dc6b058a15ea2fd8d58612bba662ab5,660608e62e70ab3f3bfe728f5098e686,delivered,2018-01-16 13:03:19,2018-01-16 13:12:21,2018-01-17 19:03:17,2018-01-24 12:12:13,2018-02-08 00:00:00
d8f135a040950408cd059c27a623bd97,1304ac93f1f11eea17208a52de500b24,canceled,2018-03-03 11:09:57,2018-03-03 11:20:35,,,2018-03-21 00:00:00
4ad8cbb7faf3db8150935f1f06b16663,a5acc83d0613fa082aee11996117121c,delivered,2017-02-10 21:37:36,2017-02-10 21:50:13,2017-02-14 13:55:26,2017-03-03 16:04:37,2017-03-21 00:00:00
b53c76841e4d019129a1304df6739fe1,2b8d8c09f1f53771fcefd8b0e8ae7b60,delivered,2017-03-19 20:05:19,2017-03-19 20:05:19,2017-03-21 09:17:46,2017-03-29 13:29:52,2017-04-10 00:00:00
a0e645abd6eb15b02cdf8a5af28ba8f0,913ba50f9cfc946e0c92a9515cc1bceb,delivered,2017-03-13 09:54:44,2017-03-13 09:54:44,2017-03-15 14:47:50,2017-03-20 15:14:03,2017-04-04 00:00:00
3dcd704a7a3f197f6c974cc97e5a3313,d3d15f8ea937386cd303c296833ea313,delivered,2017-12-08 15:30:50,2017-12-08 15:38:31,2017-12-12 13:41:34,2017-12-18 19:53:18,2018-01-03 00:00:00
ed836a8fccba401754e0b283c9b32f09,cd259f364efa4e2633c2d2d2dd6f25c6,delivered,2017-11-11 17:22:10,2017-11-11 17:30:44,2017-11-16 16:37:30,2017-11-20 17:03:02,2017-12-04 00:00:00
33504b554c6fd21bee085f5a180a7fa3,1d30837716e836dea995c5dc66212fb8,delivered,2017-07-04 11:46:54,2017-07-04 11:55:18,2017-07-05 12:30:47,2017-07-19 18:42:11,2017-07-26 00:00:00
8e013dae97f228e06604de7385cdb043,6d40c0addf1b97e24b37fd486c3ddc55,delivered,2017-10-31 14:40:16,2017-11-01 12:32:20,2017-11-01 23:08:41,2017-11-24 18:28:55,2017-11-27 00:00:00
2f6bbf69e7e15f419cef8a59761df265,e63ec20c198016eed02495c34bb68c08,delivered,2017-04-12 20:32:23,2017-04-14 02:45:40,2017-04-17 13:32:10,2017-05-05 14:08:10,2017-05-16 00:00:00
98c8189ebf8816906dd9286580008261,d1fa1e219ddbb850e40ea06fa1be83cd,delivered,2017-12-15 11:11:40,2017-12-15 11:19:32,2017-12-19 18:23:44,2018-01-04 19:42:27,2018-01-22 00:00:00
9edaabce3c4beef5432b6327ade4109b,d85a33fefc77c4027226b4af1683e21e,delivered,2017-01-26 11:39:55,2017-01-26 11:50:12,2017-02-06 08:35:10,2017-02-14 08:41:51,2017-02-28 00:00:00
bb14443a5ce028e310466aaf0cacb2f9,3949590bb28376fcf2b77f181e76b765,delivered,2018-03-21 23:55:20,2018-03-22 00:10:40,2018-03-23 11:33:26,2018-04-04 21:32:53,2018-04-11 00:00:00
6c199b299fb721a27ece7358cf2be1da,f56953e513949005732f41ebacee1aa6,delivered,2017-09-03 20:11:07,2017-09-03 20:25:18,2017-09-04 15:28:10,2017-09-13 21:03:59,2017-09-25 00:00:00
84992c4145bf78ab42c0e997506e8ecf,495a15eb160b6c85259f568b9042ef5d,delivered,2018-03-18 10:38:22,2018-03-18 10:50:28,2018-03-19 18:11:36,2018-03-28 22:19:41,2018-04-10 00:00:00
8c3a5781b4f217b12c76e4216007e2db,ee446be704f02e18b31a0007ee5c1670,canceled,2018-03-20 15:23:29,2018-03-20 15:35:40,,,2018-04-09 00:00:00
d2e0fadb18eae2ce47cee10a51b09351,39d4d0661ae8b1a254691fae96fb0147,delivered,2018-08-17 10:23:01,2018-08-17 10:35:16,2018-08-21 08:00:00,2018-08-29 22:27:48,2018-09-10 00:00:00
49a7909b97f9d04abf822c29353fe343,d6c52e7cfae2c1fda93a81b706555188,delivered,2017-12-05 14:39:16,2017-12-05 15:21:27,2017-12-11 20:29:10,2017-12-15 20:29:06,2018-01-10 00:00:00
e738cb6a4fc5eb973194f81ed496b299,c206e0bfe99ad285d962862629f6fe25,delivered,2017-12-15 21:01:01,2017-12-15 21:11:30,2017-12-18 20:56:54,2018-01-09 19:35:57,2018-01-15 00:00:00
b999bcbc5dcb6e24a831378739f69e88,299c964d79e3788cd73f4958f533dce0,delivered,2017-11-09 21:23:41,2017-11-11 02:55:44,2017-11-14 19:48:39,2017-11-27 20:22:07,2017-12-06 00:00:00
186b94634429b12c00204e57cfaf60ca,2215c3561e7410509f7dcc57154100e0,delivered,2017-11-28 12:46:26,2017-11-28 12:55:24,2017-12-06 00:28:57,2017-12-19 21:49:54,2017-12-20 00:00:00
9dc6090bbebbe8d60da36a471fa46ddd,bb02ba4101d75efec2d27efad9bfe279,delivered,2017-04-28 13:40:15,2017-04-28 13:50:23,2017-05-02 15:36:24,2017-05-10 09:07:01,2017-05-23 00:00:00
d5911e5558cc0fdc917ff7421fe7e704,170078dbc688ee0902d9ec412728d3c7,delivered,2017-07-31 20:21:47,2017-07-31 21:15:18,2017-08-01 18:06:05,2017-08-14 17:28:04,2017-08-28 00:00:00
b140cbedf84255e2eba118dff4f5cb6c,b400f2f5e114db9a66e14c9d8103158f,delivered,2018-04-12 16:35:05,2018-04-13 02:15:36,2018-05-08 14:04:00,2018-05-11 18:38:46,2018-05-25 00:00:00
acc957c82b00d1fb5b75a1f27a6d5a5c,f0475449a5e7db1fdc4148ea907fda6f,delivered,2017-11-17 13:01:19,2017-11-17 13:16:12,2017-11-20 14:49:01,2017-11-28 20:44:40,2017-12-11 00:00:00
c2c8a6bf69f9530b40dbe6b53119fcd0,118085aad226a83743ad0742382f2fea,delivered,2018-07-07 18:59:28,2018-07-07 19:15:09,2018-07-10 16:54:00,2018-07-11 21:28:24,2018-07-26 00:00:00
e39fab126fb47dd2f1a47b2af6422bc5,1537ca382e272f726154251d5c2789c1,delivered,2017-07-13 13:55:09,2017-07-13 14:05:26,2017-07-19 20:16:47,2017-07-26 16:32:20,2017-08-04 00:00:00
48fa6f60d62fb1e0d0ada35a50180531,798e77ab78e5c41706598e1caaee0426,delivered,2017-07-26 19:05:17,2017-07-27 09:55:16,2017-07-27 17:46:03,2017-08-02 21:24:22,2017-08-17 00:00:00
2161b956d146a9bfd00fd463b69c6ba1,9dead22f3fb9ad35d4a1b5f9561dc362,delivered,2018-02-19 14:54:33,2018-02-19 16:07:44,2018-02-27 00:03:30,2018-03-06 18:42:12,2018-03-13 00:00:00
93222f3437bf5871248bac05a9e60454,59e332f4d0312e62e17ae68c81aae8cc,delivered,2017-12-01 11:35:29,2017-12-01 12:31:37,2017-12-14 01:43:14,2017-12-21 21:21:29,2018-01-09 00:00:00
9b226b2f43bb3e7863264a6cd3836ab8,ec5bf80cf58057e42f00b1e5eceb3c21,delivered,2018-06-16 23:17:13,2018-06-16 23:38:31,2018-06-18 13:27:00,2018-06-22 15:25:46,2018-07-25 00:00:00
54ff026266225c4598536539a9648c88,0294d91f6bcc29bc9c30fae5872430d0,delivered,2017-12-27 10:21:01,2017-12-28 02:37:39,2018-01-03 17:33:15,2018-01-04 19:43:49,2018-01-16 00:00:00
b042196844fac663617a8534823b6720,1b647f8a54bfd8baa6a26e3fadac97c4,delivered,2018-08-04 12:03:14,2018-08-04 12:15:13,2018-08-06 14:00:00,2018-08-13 13:37:45,2018-09-05 00:00:00
f258f1bbb090cc1a4c185540c7038332,c7d883a5d5ca22a57ace289db0004851,delivered,2018-03-06 20:23:58,2018-03-06 21:00:23,2018-03-07 22:34:15,2018-03-17 15:58:28,2018-04-02 00:00:00
a1ef4df483e27aab8cfdb7841f0fe317,1a6829104b045d6b112f944fda049193,delivered,2018-06-22 14:21:50,2018-06-23 01:00:10,2018-06-25 10:38:00,2018-06-28 15:38:53,2018-07-16 00:00:00
3823f120a83e20af66f49d377207bbeb,1e268e4d4dd343a3d8bcb8bc78839569,delivered,2018-07-17 18:18:59,2018-07-18 03:05:22,2018-07-18 15:20:00,2018-07-20 21:07:36,2018-07-26 00:00:00
98da8355e186d682f0013046d8ad6db7,c3c290b32c2b985a74214ea1e7e11323,delivered,2017-12-08 22:47:45,2017-12-08 22:54:28,2017-12-15 09:33:58,2018-01-11 17:28:46,2018-01-08 00:00:00
b2c02abc77fd85115efdf30b9ca63b4c,e6e331b08650558480720c95b2e77a53,delivered,2018-07-06 11:33:14,2018-07-06 12:51:16,2018-07-11 14:42:00,2018-07-12 17:37:33,2018-07-19 00:00:00
ed9cdcd0c62219331616e805ca7a824b,dc390c61e6ebaa34892110fccac0d58d,delivered,2017-12-01 20:27:56,2017-12-01 21:24:01,2017-12-05 12:07:05,2017-12-13 12:23:35,2017-12-26 00:00:00
ab06984b04c0624abda79b20ba1f985f,3acc59b50c125a36647e0e9fb87a2668,delivered,2017-11-06 15:55:08,2017-11-08 03:31:06,2017-11-14 20:43:15,2017-11-29 20:05:39,2017-11-29 00:00:00
0ec73995908cf00519d1da725119d114,399cb3db1d7a4c442e4833b5f57a4429,delivered,2018-03-13 21:56:58,2018-03-13 22:40:30,2018-03-20 18:42:32,2018-03-26 16:17:01,2018-04-06 00:00:00
6b62c1fd112c4fd97899170bfb19a43d,947ac03152b213b0b824f7ae6b030499,delivered,2018-08-21 23:14:33,2018-08-23 02:44:21,2018-08-23 14:46:00,2018-08-29 19:44:47,2018-09-11 00:00:00
5f9500d487e1ab13436ab55d3b1c27d6,7d9f40a95248706df2f0f8f2406fe759,delivered,2017-10-08 16:34:44,2017-10-08 16:49:19,2017-10-09 20:21:27,2017-10-31 19:17:07,2017-11-09 00:00:00
5762165bd52d70f5a54d4cfe067fe5fd,48c53e32f6c0534b869152393f374a2b,delivered,2017-04-07 13:34:22,2017-04-08 02:43:34,2017-04-13 14:14:41,2017-04-27 15:43:33,2017-06-07 00:00:00
387d33b2be3d1d8dd063941d1b57d3fb,a3631211bc272aaab72fad2aa11125f9,delivered,2017-07-14 09:55:17,2017-07-14 10:10:12,2017-08-10 23:02:30,2017-08-15 12:36:25,2017-08-24 00:00:00
84e340f8ce26dd8b76b86f8d2c84debd,759395ee0edd9984b572964443e98a81,delivered,2018-04-06 18:01:18,2018-04-07 02:48:22,2018-04-10 16:15:29,2018-04-16 22:41:08,2018-04-30 00:00:00
788bca2425763e7cb77699ab9a1b135e,9944836d5a56d5519e181665f6371f3c,delivered,2017-03-23 11:09:40,2017-03-23 11:09:40,2017-03-23 15:53:52,2017-03-28 16:35:02,2017-04-11 00:00:00
df568f7f29522ff496adab0dcd60a3f6,7d9fba320ab9c9a2b2e2cda432b07e8b,delivered,2018-01-31 15:08:42,2018-01-31 15:30:25,2018-02-03 00:59:50,2018-02-06 21:22:38,2018-02-16 00:00:00
ee99cacd16c4ea4176729910016df70a,9d6c3f94903d3c85f5691210dbe2d95f,delivered,2017-11-29 19:01:25,2017-11-30 02:24:03,2017-11-30 20:18:46,2017-12-20 19:47:04,2017-12-26 00:00:00
44150e408d0bd0a5341db3e4f11a98d8,163a680a8f1fe1a8eef1b0c40276bf64,delivered,2018-08-06 16:49:12,2018-08-06 17:04:38,2018-08-09 11:49:00,2018-08-16 02:08:27,2018-08-20 00:00:00
91c4a93764c64f05b6548ef057e6d3e5,170d57b7b1038cf7158b12025161b890,delivered,2018-08-18 15:38:06,2018-08-18 15:50:17,2018-08-20 12:20:00,2018-08-28 19:12:54,2018-09-14 00:00:00
e7ad5555cd68853b98cff91be575f605,01f1dc6000f77f9b0807f01ebde9ec12,delivered,2017-12-27 23:41:28,2017-12-27 23:50:22,2017-12-28 17:29:01,2017-12-30 01:17:04,2018-01-16 00:00:00
0abf7f13c92f93e708a28f32316b13d3,0adbcea65a531588e0a7c68142d54192,delivered,2018-03-23 22:03:04,2018-03-23 22:10:26,2018-03-27 00:52:33,2018-04-02 21:06:43,2018-04-19 00:00:00
c918c3225cd5d12cacf8c7e54e9444c5,6792b0ebecf141d45746d320bed0d951,delivered,2017-08-22 19:43:36,2017-08-23 02:55:35,2017-08-23 14:44:03,2017-08-24 23:22:40,2017-09-05 00:00:00
901726cc51af45cdf902b4791c57d310,5d39a27662556eb01f5601ea0c7398af,delivered,2017-04-07 11:32:15,2017-04-07 11:50:14,2017-04-12 13:32:57,2017-04-19 15:53:46,2017-05-05 00:00:00
d07d8db4850966f820d3775360ccd6b8,20789090e052be519b3e8d97813bbfa2,delivered,2017-07-25 12:06:38,2017-07-26 02:25:40,2017-07-26 19:21:23,2017-08-07 18:34:30,2017-08-18 00:00:00
c4de2c9027b739331dbfaebac612e662,40841af3671f219e781cb38f3bfb5e8b,delivered,2017-03-22 16:15:15,2017-03-24 02:44:04,2017-03-24 14:56:03,2017-04-04 16:52:54,2017-04-19 00:00:00
5cd9247ce82763db1d90bad25a221456,9d39986f52c6b7c373762b2e47a3205a,delivered,2018-02-05 19:53:48,2018-02-07 02:35:49,2018-02-08 22:52:44,2018-02-19 19:28:47,2018-03-01 00:00:00
79675ac76b2c97ba601ce736de298724,1173a4bd917d4e1a64917dd9851ccea9,delivered,2017-11-27 21:35:51,2017-11-29 02:22:17,2017-11-29 15:03:23,2017-12-05 23:43:09,2017-12-20 00:00:00
0b9585496a9549d76a405252c9a5a027,033f6866f9435a8fe0bca6b54666f543,delivered,2018-03-12 16:48:03,2018-03-12 17:10:03,2018-03-13 19:32:29,2018-03-20 21:26:46,2018-03-28 00:00:00
1c2fb7f84aa77300fcb6b698481c1e2e,169e46bb9d6c7e98ad722850e21e4c4b,delivered,2017-12-12 11:02:24,2017-12-12 11:12:19,2017-12-13 21:47:45,2017-12-22 20:42:09,2018-01-11 00:00:00
9e88094f9e6e638086346612624a6071,f82ef0f9c7032eaa21a18990b6e2679a,delivered,2017-11-13 15:48:38,2017-11-13 16:07:50,2017-11-20 19:22:56,2017-12-01 23:13:38,2017-12-08 00:00:00
6e7e6eaf0039ee7fee0886266ab15e3c,1538b69956aff493fda40edb1e6cbd45,delivered,2017-12-04 00:12:06,2017-12-04 00:19:24,2017-12-04 17:53:04,2017-12-26 17:16:02,2018-01-02 00:00:00
8f601ac781af24a47c8faaa3ae3e2f1c,705d1f079872bb68d52f0a9968caae65,delivered,2017-11-08 20:08:25,2017-11-10 03:10:47,2017-11-16 19:29:48,2017-11-25 01:24:37,2017-11-24 00:00:00
f0480d88b450df6f626639e82382b722,0fbb00ce9569487ef8b95b9ec0b8e118,delivered,2017-04-02 21:26:18,2017-04-02 21:42:18,2017-04-03 15:15:42,2017-04-10 15:05:06,2017-04-26 00:00:00
92907309dff7adcd19bbbb29d5fda792,5f5babb717b93691c4757d4bfc1293a2,delivered,2018-08-18 22:38:03,2018-08-20 10:50:21,2018-08-21 14:24:00,2018-08-24 21:12:04,2018-08-30 00:00:00
544ad058c3e8e84b8839be8fccfc91b5,f9307a868d628f108b5f304e4a6a4e12,delivered,2018-05-16 14:28:52,2018-05-17 19:33:54,2018-05-18 14:55:00,2018-05-22 16:42:49,2018-05-30 00:00:00
2f90cbbae872c312d21619dbd02ab3a5,7b9acf95f2a5e2c59942cd80b765db6b,delivered,2018-01-12 12:05:12,2018-01-13 04:55:15,2018-01-15 17:24:09,2018-01-19 03:49:36,2018-02-09 00:00:00
dbdd3beb8869ae263445924f3f08a695,e0b3665bc7b553f473071062e7c99391,delivered,2017-11-23 23:22:03,2017-11-23 23:31:56,2017-11-27 10:18:53,2017-12-22 22:18:35,2017-12-26 00:00:00
283bf5d2f306422175c079231da015f7,42b5c4925f0f3725649d33e3833114a5,delivered,2018-08-03 23:18:06,2018-08-06 08:04:29,2018-08-07 16:09:00,2018-08-13 16:44:23,2018-08-14 00:00:00
57d910db0cbe63c5b908c829fb9f3c17,77239c5f803e0d0cbb4e070dae9c28c3,delivered,2018-08-16 20:08:38,2018-08-16 20:29:39,2018-08-17 15:45:00,2018-08-21 15:38:53,2018-08-24 00:00:00
2c927414e22e9898e9e0958b417f7ef5,e6fc377c18f51d5304e8d0a39c6c1251,delivered,2017-06-23 17:37:35,2017-06-23 17:50:09,2017-06-26 14:56:39,2017-07-04 15:36:44,2017-07-17 00:00:00
8fee0f490cce11cc2dc792974e21b3d6,6638fe29a1ceb0cad30aa332ee0d59a0,delivered,2018-04-17 13:31:43,2018-04-17 13:51:29,2018-04-18 21:38:38,2018-04-20 14:58:45,2018-05-04 00:00:00
ebe208c5144e6963534e6a772c6a6939,32140932420c55308ddd876d2b6d7c15,delivered,2018-06-09 22:24:51,2018-06-09 22:35:13,2018-06-11 12:08:00,2018-06-25 18:48:31,2018-07-12 00:00:00
6a6c30136e870dc8e8338fbb826ee41e,318168026c8d63d150f69ebd54c3d887,delivered,2018-07-05 21:34:17,2018-07-05 21:51:44,2018-07-06 08:28:00,2018-07-13 20:12:07,2018-08-07 00:00:00
f41fbf3e30f0f79822348910ca2009f2,6c2b01b370aca085e18fb9d77d56cd31,delivered,2018-06-25 18:22:41,2018-06-25 18:50:50,2018-06-26 08:32:00,2018-07-03 22:34:35,2018-07-18 00:00:00
f1e204c409acb229eafc85a297a96778,da973a9c1fa85eb83771f202ed67fc88,delivered,2018-01-20 18:28:49,2018-01-23 03:37:34,2018-01-24 02:24:36,2018-01-29 23:03:34,2018-02-14 00:00:00
994e1f4a0a62e1dea607edbf63528bcb,1d0fe953ea5d13fc948d2f793c102483,delivered,2018-07-30 16:04:02,2018-07-30 19:32:13,2018-07-31 13:53:00,2018-08-02 21:48:54,2018-08-07 00:00:00
d6512a0a704823e18aa30696ac4d6060,bf49919bfd6740a5f7aef378c264934c,delivered,2017-12-06 23:55:34,2017-12-07 00:10:05,2017-12-11 17:52:52,2017-12-19 12:26:58,2018-01-08 00:00:00
7cb0e189a22c83ad1be22c76d4f45538,f0d8aab4b5ba5429f2ffca4c381bd44d,delivered,2018-01-19 09:53:11,2018-01-20 09:54:21,2018-01-23 14:10:01,2018-01-24 20:27:42,2018-02-05 00:00:00
e6111c89e3438595ea3370509994a3a5,d829398fbdcb8dae2747726ad64bc41e,delivered,2018-06-01 12:52:57,2018-06-01 13:12:38,2018-06-04 18:11:00,2018-06-11 22:36:23,2018-07-04 00:00:00
e1b0785b334a4a0b4229eb5aa137fcf7,5fd33934ba472fec76798db3d0856e15,delivered,2017-08-16 16:37:51,2017-08-17 06:45:20,2017-08-17 19:00:14,2017-08-28 20:53:52,2017-09-20 00:00:00
0bd94afa88fb4a4ad9657569c9cc9ed2,5907de63c26a780293c48ea763ec76cc,delivered,2018-06-26 00:10:09,2018-06-26 00:57:35,2018-06-26 14:00:00,2018-06-30 20:52:55,2018-07-19 00:00:00
6c7a96d309d8664e67c6c88cb02f49dd,0d8bb1033198b1b6307a25d62cdf7a84,delivered,2018-03-20 13:37:23,2018-03-21 02:35:29,2018-03-23 18:38:48,2018-04-04 19:06:33,2018-04-12 00:00:00
0bba959fbb649221ae07d0c128ba1809,e3bf47f4bae64f039f4b4ad98a4f18f7,delivered,2017-09-15 01:32:20,2017-09-15 01:45:10,2017-09-15 18:32:11,2017-10-02 16:20:39,2017-10-11 00:00:00
cd49c5c6f772ac87200f116a7a5499e5,c68f1a0b156eeb49b2b3168e4ab55681,delivered,2017-03-08 01:59:31,2017-03-09 02:51:06,2017-03-09 13:31:27,2017-03-14 10:34:44,2017-03-29 00:00:00
7645406942825a748f5db38c177b0a5e,ab0703a77ae050888f246bbe42ae20d4,delivered,2018-01-07 08:07:19,2018-01-10 10:32:44,2018-01-13 03:52:31,2018-01-27 09:32:32,2018-02-02 00:00:00
4b4f4465ed0f3c314fcd6e082d00c288,a265b2c9123eeff3a1c988005167de07,delivered,2017-10-01 20:16:08,2017-10-01 20:28:19,2017-10-09 20:29:20,2017-10-16 21:57:52,2017-10-24 00:00:00
95287574a39117622fd74f06cadf5eae,9d763d8a54fb8bb371f06d0ec3d9a7de,delivered,2017-08-05 08:25:09,2017-08-05 08:35:43,2017-08-08 13:18:08,2017-08-18 19:03:51,2017-09-14 00:00:00
4d312c4094736b92bf0f13f99d80ec86,cdb4836345c6e428e8ab34ccc1daf96d,delivered,2018-05-28 13:14:51,2018-05-28 13:31:28,2018-05-29 15:41:00,2018-06-15 23:41:22,2018-07-05 00:00:00
74dacb2dfb8eb52a7a5130854cb9d58e,404621e15e8d049652f4287d8757a1c6,delivered,2017-12-28 17:45:41,2017-12-28 18:30:48,2018-01-03 18:54:39,2018-01-22 20:07:11,2018-01-30 00:00:00
815f08745d6a759deb919c5e1bce8301,d0cc28a5ac316de296f6cb3babc9e665,delivered,2018-02-08 09:41:47,2018-02-08 09:55:25,2018-02-09 19:35:15,2018-03-12 22:31:31,2018-03-07 00:00:00
4dee0af7a42637f58cde016b73d93216,265aba8883a5eeeafbbc198c3015e85d,delivered,2017-08-16 10:40:51,2017-08-16 11:10:23,2017-08-18 17:52:55,2017-08-23 13:48:57,2017-09-05 00:00:00
20824837882dd673707e0adfcaec1bc1,e59afa77a6682d6efe6297d7d1b1796b,delivered,2017-10-29 18:36:21,2017-10-29 18:45:36,2017-10-30 16:03:18,2017-11-03 20:07:58,2017-11-17 00:00:00
29bf476a5068eca4bb2d21bdb684a737,ef8248040541ee5e70d453c61d019184,delivered,2018-06-04 11:36:46,2018-06-04 11:51:25,2018-06-06 14:39:00,2018-06-11 21:58:49,2018-07-12 00:00:00
6a4470891791e62891c4c6b8dc8675b0,528afb11d81bed37164a6a3387510a4b,delivered,2017-08-18 22:50:38,2017-08-22 04:27:36,2017-08-25 20:32:44,2017-09-05 14:58:07,2017-09-19 00:00:00
0d56e8508b66a43c6f5141863185c917,c41577db6be598c85be04a2d94c3a8eb,delivered,2018-02-28 20:23:05,2018-03-02 02:16:42,2018-03-09 16:01:46,2018-03-11 14:42:26,2018-03-28 00:00:00
7a7afad8caa7dffdb8773430c8fab7ea,8403e0bdf7c80058e9287797b7a90abe,delivered,2017-12-11 12:42:55,2017-12-13 02:39:32,2017-12-13 22:38:38,2018-01-08 17:57:57,2018-02-01 00:00:00
03a3628434dd670dd5b9896337451c86,e4c8227df878d2e203bc81fc1351342f,delivered,2017-07-20 19:26:06,2017-07-20 19:35:21,2017-07-21 19:32:37,2017-08-01 16:46:56,2017-08-11 00:00:00
80ebc4b394da179618cb81b97f9db2cd,a20ce0f9b5dc63281fac2f6b2ce053a5,delivered,2018-03-07 15:03:26,2018-03-07 15:31:51,2018-03-08 23:18:34,2018-03-09 15:20:32,2018-03-19 00:00:00
7f69be6a74d05db1d62cff32b2049b6e,cbdca9d4fb92fc005ba3fcd0fb350e5d,delivered,2017-07-14 19:27:17,2017-07-14 20:04:36,2017-07-17 19:51:50,2017-07-21 19:17:54,2017-08-03 00:00:00
83a2c8f38977e68d54c3c28a49c6cb99,98ff6681a58f1d1194842a37b08c4894,delivered,2018-08-04 14:32:10,2018-08-04 14:45:19,2018-08-09 14:43:00,2018-08-10 16:18:43,2018-08-14 00:00:00
f7c983ea77108633138dd0ff5e2fbd3a,2625038eb968f0a5103f65539b3744f4,invoiced,2017-10-03 17:29:50,2017-10-04 02:43:39,,,2017-11-01 00:00:00
887303e6bff84534c7ce32614581f7c9,e3b0b1f2ba0407dc084bffc65ca80479,delivered,2017-06-13 16:50:49,2017-06-13 17:34:36,2017-06-14 13:34:39,2017-06-26 17:43:30,2017-07-10 00:00:00
a2a216a3b0034fa46d13dfa2ef86a62c,ab040f42655531a604d76231293df69e,delivered,2018-03-21 09:25:26,2018-03-23 02:15:49,2018-03-29 01:32:01,2018-04-17 23:50:33,2018-04-09 00:00:00
ca9cdbe7cd45cc4e4ae5f80115d3643c,f2e55a93dc320bbef4ff2defe0bb3c4b,delivered,2018-05-05 16:34:38,2018-05-07 08:33:16,2018-05-09 11:09:00,2018-05-17 17:38:24,2018-05-30 00:00:00
a60c7939ff26d351755d55d3a65e5318,a92a76cb78cc4ed4b87e86d6a27c4f34,delivered,2018-02-12 22:10:33,2018-02-13 22:27:10,2018-02-20 23:14:06,2018-03-05 18:58:46,2018-03-08 00:00:00
d1a6ee88427645deee3a642c9f27e39a,454b4ee87a1b006a8c8b46203d670790,delivered,2018-08-01 19:52:37,2018-08-01 20:10:21,2018-08-03 17:04:00,2018-08-06 19:38:38,2018-08-08 00:00:00
07294ed0ece67bb004a4813c77dfc3e3,ff2fbcf5290b75ae615bc293f2a9dfc0,delivered,2018-07-17 20:20:46,2018-07-17 20:30:16,2018-07-18 10:09:00,2018-07-25 18:41:55,2018-08-07 00:00:00
2a30d0183924e9ef95a30acaaa8b8d3e,5d131831578dccad11e19992a9af66b0,delivered,2017-04-22 22:39:05,2017-04-22 22:50:17,2017-04-25 14:39:46,2017-05-07 10:27:48,2017-05-19 00:00:00
ffc2926aeab97ab6dc7585276c9b9371,d75338bef05f07c317d8285a806ff68e,delivered,2018-04-13 09:29:56,2018-04-14 02:30:57,2018-04-19 23:46:30,2018-04-25 14:52:17,2018-05-10 00:00:00
658f2b1a0519115cc565db32cec425fe,d3fcc52e324c3c31feadab1600cee977,delivered,2017-09-10 12:54:36,2017-09-10 13:05:10,2017-09-11 20:04:27,2017-09-14 21:59:10,2017-09-29 00:00:00
414643c3ed26cd6d93ac777a102a3ac0,359a2f5153fd7d2d178c72aa9e701e45,delivered,2018-02-09 00:22:10,2018-02-09 00:32:23,2018-02-11 06:12:04,2018-02-20 19:17:02,2018-02-26 00:00:00
dfdbb5222ccb0db3a64c6a09ba0995b1,f96d1e884731f2c5327d02bf12c8d451,delivered,2017-05-03 12:13:55,2017-05-03 13:03:10,2017-05-05 09:44:03,2017-05-16 13:17:47,2017-05-30 00:00:00
433069333714082fdb039d4a92682534,d709882bacabeecfcba6ed0cb415be83,delivered,2018-05-11 16:40:39,2018-05-11 17:00:04,2018-05-14 12:56:00,2018-05-18 16:55:46,2018-05-28 00:00:00
d83aba07ceeacfba5b6edc931e9fb9a3,cb975b6c947fd99585d739e36394c740,delivered,2018-01-18 11:27:38,2018-01-18 11:37:22,2018-01-18 20:48:01,2018-01-29 23:18:30,2018-02-16 00:00:00
e558bf8bb8fddae947c5ab3a53b8ff64,ecb88f4dc2cb334203374d9ff39cd818,delivered,2017-08-26 22:38:13,2017-08-26 22:50:17,2017-08-29 19:29:06,2017-09-04 14:55:59,2017-09-20 00:00:00
b778b1973ac33ebdb97a4d9b25426c61,8e64ee8a8087e2105aacb3eb1611242b,delivered,2017-04-21 11:51:07,2017-04-24 16:30:20,2017-04-25 11:47:58,2017-05-03 11:54:40,2017-05-30 00:00:00
258e4ed66ea8e2696f74f6fe835e7111,09083a83baee60ac3e4a9a3b43a2df49,delivered,2017-11-09 22:28:11,2017-11-09 22:46:37,2017-11-16 21:05:07,2017-11-27 20:26:14,2017-12-07 00:00:00
ff0b6187cf7193bed62f8974ee957d5f,07fcbc2e9b0e4d8b1f9698560ee91a16,delivered,2018-01-17 22:34:38,2018-01-17 22:50:04,2018-01-19 03:09:56,2018-01-23 19:02:54,2018-02-16 00:00:00
d97ceab969b84967a5c136683ab0625e,0ad97367914ab84e094499c86ff0057f,delivered,2018-07-18 19:35:02,2018-07-19 19:30:12,2018-07-30 14:19:00,2018-08-08 04:31:54,2018-08-15 00:00:00
e432872c2eef5b6ec19d17834f4277c8,43adfa5ce5381934088f3d73cda31c24,delivered,2018-04-04 13:27:15,2018-04-06 03:28:48,2018-04-12 20:29:33,2018-04-20 11:13:18,2018-05-03 00:00:00
c924e1b4e4e8406a086385b5136d25a3,2e13a3858bd2ee59880231d5de81bdf7,delivered,2017-10-31 17:26:08,2017-10-31 18:31:13,2017-11-01 21:28:48,2017-11-07 19:38:49,2017-11-21 00:00:00
cc0a676b66d4a6615ad8125548b44d12,ff365cf639c0f524559a48b9b0c25327,delivered,2017-02-08 01:42:45,2017-02-09 01:45:10,2017-02-10 15:14:10,2017-02-21 06:57:27,2017-03-17 00:00:00
7dad8386882370f876c81ad68341014c,00ca4dec2a491c4c1a9081a3c5a1e8b1,delivered,2018-05-06 15:20:22,2018-05-08 04:55:27,2018-05-08 13:28:00,2018-05-15 11:34:36,2018-05-28 00:00:00
0e80321be8a729339d21fdcfb58967bd,ea2caaeb89337bb02c4795b08b1fd8fb,delivered,2018-03-16 08:59:25,2018-03-16 09:10:35,2018-03-16 21:41:52,2018-03-20 20:58:49,2018-03-28 00:00:00
ad9e44af42db38670b57f8df1451b739,0bd3f14716a8cac2b946dacd0a543d92,delivered,2017-05-05 15:03:09,2017-05-05 15:15:12,2017-05-11 06:47:48,2017-05-12 15:33:59,2017-05-29 00:00:00
4d670bfb2b38280f2d62f1dc5807cb8e,b82ebeb157f7cbe3162e05f2bc3c7c23,delivered,2018-06-27 14:16:15,2018-06-27 14:32:28,2018-06-28 14:45:00,2018-07-03 16:21:43,2018-07-26 00:00:00
68a103d3cbef07b7a8cc14147b26aa96,f63472b56baf790031d3a7d0f19c2d47,delivered,2018-07-19 18:07:55,2018-07-19 18:23:11,2018-07-20 12:19:00,2018-07-25 13:12:50,2018-08-06 00:00:00
b5d124183f47ec6adf54b1cfc3e445f8,0c17965e427088da168bf202d9847f7a,delivered,2017-01-27 12:22:34,2017-01-27 13:31:03,2017-01-27 14:21:27,2017-01-31 13:18:06,2017-03-07 00:00:00
8343719a3a2ba5f03b26696bccdc754c,1eda884faab2f84fa3f4ca19e7c28ba8,delivered,2017-11-08 22:03:54,2017-11-08 22:16:03,2017-11-16 20:56:54,2017-11-29 18:09:55,2017-12-05 00:00:00
dead1de9577e00061dad2b64f30dced3,28c1808799150f8f16c4b59b2f5bca4b,delivered,2017-11-25 22:38:36,2017-11-25 22:53:49,2017-11-27 18:53:28,2017-12-08 05:32:23,2017-12-27 00:00:00
e8ef78a9ce417db856269e84091403f2,166d8812cf2ee98c9ce154d2f28334e7,delivered,2018-05-15 12:40:15,2018-05-15 12:55:22,2018-05-16 07:58:00,2018-07-12 21:26:00,2018-06-11 00:00:00
1b986cc80c09e314d5989c417e4b7ac0,1eb5bb873777ad08b25770ab550adf72,delivered,2017-06-20 13:26:51,2017-06-20 13:43:05,2017-06-20 14:19:40,2017-06-22 18:42:46,2017-07-03 00:00:00
7e486325a643ff4ed591ad4fd1b80d16,e50d0472f1fdd87f7bcdcde4138673fb,delivered,2017-11-23 15:40:50,2017-11-25 03:52:14,2017-12-07 22:51:55,2017-12-27 01:56:48,2017-12-14 00:00:00
bc013111c60b015626cc7e438ddb0823,7a260373f7f724e7b049f73c88ddda55,delivered,2017-06-28 18:52:40,2017-06-29 02:50:29,2017-06-29 14:16:53,2017-07-14 17:33:59,2017-07-26 00:00:00
1d5627fc461ef90a7a7c03f06266aa54,85713881aac92cf5c3f65c7b7c63b290,delivered,2018-08-01 19:46:06,2018-08-01 20:15:22,2018-08-02 14:20:00,2018-08-08 18:13:20,2018-08-17 00:00:00
5514f341fc1dc2f32da4facf97699be2,45ac302fd2581ec255fb247cf7731778,delivered,2017-08-01 15:42:33,2017-08-01 15:55:33,2017-08-03 18:26:00,2017-08-14 18:30:05,2017-08-23 00:00:00
728e45f5c577ad0806b4de7f9034200f,8d5c6484c19d2e9b5bbbbd53711c2c68,delivered,2018-03-08 10:52:01,2018-03-09 02:31:25,2018-03-09 20:11:19,2018-04-03 00:04:25,2018-03-27 00:00:00
ed1436604076711db664bd5063508cc6,25e7f8bd0e19c0c112b944f4c0ab9c9f,delivered,2017-12-07 12:36:47,2017-12-07 15:43:19,2017-12-12 19:55:47,2017-12-28 18:03:48,2018-01-10 00:00:00
d177b7c08ed2934d5888e7fd236d42e1,045d8fcab59f603256eefe86e45f0350,canceled,2017-08-17 13:20:41,,,,2017-09-04 00:00:00
f5e3df1b6d4ee5b4e795cbd56705d35b,e32ded4c09ef9207932b87ad9db49e5c,delivered,2017-11-28 14:05:09,2017-11-28 14:20:15,2017-12-01 00:08:59,2017-12-12 12:38:46,2017-12-22 00:00:00
90df744c11a29b5ae02787a746456481,d0fa8739b954eadf1d625455ad82c292,delivered,2018-01-23 08:27:54,2018-01-23 08:57:22,2018-01-26 21:33:24,2018-01-29 10:40:11,2018-02-15 00:00:00
dfde6c784a00bbd75c7f13644e9f302c,40e7dcf771ca0ec3ca8385388775f3e7,delivered,2018-05-03 09:44:23,2018-05-03 10:34:33,2018-05-04 15:43:00,2018-05-09 18:34:55,2018-05-28 00:00:00
4cb3d457db54c2facba2120257f1dc8d,0dcb15a53acff7313554506cdf66b6ae,delivered,2018-03-17 09:38:13,2018-03-17 09:50:33,2018-03-21 19:22:27,2018-04-03 23:07:47,2018-04-10 00:00:00
db681ddec887abf991bac122d6c6d4e9,2b8bf31fbedc0d88ccb1f48c3fe903bb,delivered,2017-10-24 12:11:43,2017-10-25 02:26:41,2017-10-27 16:35:01,2017-11-04 14:31:44,2017-11-14 00:00:00
a828e0f4a94f745a43d3b3f238574074,1fa3c507d05b404a98c2edadd8a05030,delivered,2018-02-20 15:22:13,2018-02-20 15:35:46,2018-02-21 19:57:19,2018-03-02 23:51:38,2018-03-12 00:00:00
c582a4926632a43d138711ca8b412ef3,88dd9d5557adddd06ec7e12980596cff,delivered,2018-06-25 16:26:14,2018-06-25 16:55:12,2018-06-26 14:55:00,2018-06-29 16:52:59,2018-07-23 00:00:00
e19019255986daaec52392b5058e2aaa,48f393741354adda8d6fb24150557969,delivered,2017-12-11 09:38:34,2017-12-12 03:56:27,2017-12-14 19:27:32,2017-12-22 19:59:00,2018-01-05 00:00:00
2e782e419da1d80f6d1b9c7eb67b6dde,450c27e5b2962a410207ebdbe0d15f43,delivered,2017-09-24 00:20:13,2017-09-24 00:30:18,2017-09-28 19:20:22,2017-10-06 19:07:20,2017-10-23 00:00:00
55b653f93de6e994b6dda90f615c7a8f,333e42c06df929c78bb4d60f03fe14b7,delivered,2018-04-30 13:05:23,2018-04-30 13:15:21,2018-04-30 13:01:00,2018-05-04 18:03:43,2018-05-21 00:00:00
5f9146371506c318a20721d5689dfb57,bb0c2b706251dfd7d003f3e76c798c9d,shipped,2017-12-14 15:40:11,2017-12-14 16:31:54,2017-12-19 18:06:43,,2018-01-11 00:00:00
1c1898497fc8543e0f31343dc1c31553,a953c3ef4e1493223bb32a525fe2a43d,delivered,2018-03-29 15:41:07,2018-03-29 15:55:19,2018-04-02 23:38:31,2018-04-06 18:19:08,2018-04-12 00:00:00
3ffd3e41fbb901f25a82fa96e9460a0f,e8846ec30b3b4c839ae3edd0693d8473,delivered,2017-03-12 09:00:27,2017-03-12 09:00:27,2017-03-13 14:42:56,2017-03-21 10:34:25,2017-04-03 00:00:00
acf86ff3bc3c19b1f61c2b0c04c60d52,dc2f72aa54d226854638f17fa00fc400,delivered,2018-03-31 21:36:25,2018-03-31 21:50:15,2018-04-03 19:44:20,2018-04-10 21:03:34,2018-04-23 00:00:00
b7d0c58d1481d0c3f2465efcbf9bb83b,d9b4a26e122e830decf445a401ff0506,delivered,2017-06-09 11:25:09,2017-06-10 02:45:23,2017-06-13 12:16:08,2017-06-19 21:16:49,2017-07-06 00:00:00
91046b977c00091c0ee45b2e2478120b,69024cae6b6752094fab12b5e28fe551,delivered,2018-06-06 17:50:44,2018-06-06 18:12:18,2018-06-07 13:56:00,2018-06-18 17:56:31,2018-07-17 00:00:00
26b6b4704db80d57e1bee54d1a453553,2225ab9f80f9125e0d9895d9ce92cb61,delivered,2017-11-28 09:25:59,2017-11-30 09:18:32,2017-12-04 21:03:27,2017-12-22 01:47:13,2017-12-29 00:00:00
e2b12d317e3875999cbcfc47a2e5a88f,30bfd27242de04156cbd74859ea23da8,delivered,2018-02-10 23:31:59,2018-02-11 00:45:31,2018-02-16 13:42:41,2018-03-06 15:05:11,2018-03-13 00:00:00
c22b21487688078371d7c2a9ee2d04c3,1c2892b86921932bc4c4ac3045481688,delivered,2017-05-21 11:23:41,2017-05-21 11:35:14,2017-05-23 15:48:58,2017-06-06 14:46:51,2017-06-14 00:00:00
c1f96d0e2636bcdef5ba712724d9dd6e,c00c6c4b8a4c407310603209af3a3eda,delivered,2017-10-06 10:11:49,2017-10-06 10:26:08,2017-10-06 21:10:13,2017-10-11 16:23:23,2017-10-30 00:00:00
8f666421a7087098ff93d80f26e0bd6d,8062c2173394d6f56c5dd8aa353bf914,delivered,2017-07-04 15:46:13,2017-07-04 16:04:00,2017-07-05 09:14:08,2017-07-06 15:06:54,2017-07-24 00:00:00
25453993dba7bcda3607e0f745672b1a,b986675a148362c7cbc38095d4d54f26,delivered,2017-07-10 16:40:50,2017-07-10 16:50:21,2017-07-14 11:24:53,2017-07-31 21:03:34,2017-08-11 00:00:00
ec2363de62794f8558b84ef108738f06,841de7bc0b593cc61eff8ca0fb1dfef8,delivered,2018-08-21 18:44:58,2018-08-22 03:35:20,2018-08-23 15:17:00,2018-08-27 14:18:26,2018-08-27 00:00:00
5d79d483f058dc640b8948650d14562f,ede0ac19ab7b3c19d496b523aea0a514,delivered,2017-09-02 19:32:05,2017-09-02 19:45:11,2017-09-04 16:22:28,2017-09-15 19:42:49,2017-10-05 00:00:00
92b30d7bdeeac47d9fdea335ae0536b4,664feac03a82f2dd6e04fdc6d9664df1,delivered,2017-11-07 14:07:03,2017-11-08 03:46:19,2017-11-09 17:42:00,2017-11-14 19:44:54,2017-11-27 00:00:00
bfbd0f9bdef84302105ad712db648a6c,86dc2ffce2dfff336de2f386a786e574,delivered,2016-09-15 12:16:38,2016-09-15 12:16:38,2016-11-07 17:11:53,2016-11-09 07:47:38,2016-10-04 00:00:00
82792f854bf7882eb02921129a2c8cb4,c1d7be54fee2b8dec4ebd5beea9ad0ae,delivered,2018-06-10 19:42:29,2018-06-10 19:55:09,2018-06-11 13:53:00,2018-06-15 17:30:59,2018-06-28 00:00:00
73a701180eb8c7933d23e211f735302b,aac65970c34b7e2d82149deb7c06d5a9,delivered,2018-07-30 17:24:54,2018-07-30 19:31:44,2018-08-10 12:51:00,2018-08-16 18:51:08,2018-08-23 00:00:00
6f8152f5fff81d90b3824cd6ab230d8d,0ebb6d45fdc7c49738cd93b0cd95f123,delivered,2017-12-02 11:43:33,2017-12-02 11:51:28,2017-12-12 00:42:33,2017-12-18 21:16:52,2017-12-20 00:00:00
e31702cc8c72b6d9b834ae3b7904ea4f,b4e29de7bdbc95e1d0738be3f3d5217f,delivered,2017-06-05 21:45:25,2017-06-05 21:55:11,2017-06-08 16:23:05,2017-06-16 16:29:28,2017-06-29 00:00:00
bdf4a80e044daa0de2d8d7f3ea697f7f,06c123e1ac4a2d2a9e6bd9858a383087,delivered,2018-05-18 11:34:05,2018-05-19 02:58:49,2018-05-29 13:50:00,2018-05-30 15:51:50,2018-05-28 00:00:00
0441b92c70bbdc1ae99a187e05d52621,3b75ee56fb7838262adbb238abcb829a,delivered,2018-01-11 17:08:50,2018-01-11 17:17:24,2018-01-17 13:58:48,2018-02-02 00:43:16,2018-02-06 00:00:00
29354cb2b4aa066762853d685a2b224d,99d7e99012dd19810914beb36a28d97b,delivered,2017-07-08 16:25:31,2017-07-08 16:35:12,2017-07-11 15:34:18,2017-07-24 22:18:49,2017-08-01 00:00:00
4ba83c2746627aa89b8cbf168fbb6fa3,66dff61ac82f40a1ad90762783e8a5ee,delivered,2018-01-26 16:52:56,2018-01-26 17:52:17,2018-02-16 23:32:08,2018-02-26 20:11:55,2018-03-05 00:00:00
dfec7411ab4ba17202e5aa72bcd3a3e1,6f0e037423a31f6b624f905700044d26,delivered,2017-11-12 10:00:56,2017-11-14 04:26:34,2017-11-15 00:07:36,2017-11-25 12:03:05,2017-12-01 00:00:00
67b963609580980a2d4dd86c6509b849,f6929c03c4fa102f05cecd8480ccfa4d,delivered,2017-11-06 12:34:27,2017-11-06 14:32:57,2017-11-07 14:51:35,2017-11-13 17:58:32,2017-11-27 00:00:00
38ff29b6f54b264f8992081bcd3f3c6e,0eb44e1c1af5c72ed712162d28dc13f1,shipped,2018-04-28 17:51:24,2018-04-28 18:14:37,2018-05-08 08:06:00,,2018-05-23 00:00:00
82daccb8bfc3bb76bc1616a4f22c3cb1,d47e69f46624eccc55b349af80fc4c53,delivered,2017-11-22 23:26:12,2017-11-25 01:57:37,2017-11-27 21:48:41,2017-12-12 15:27:08,2017-12-22 00:00:00
1c8757886a51b1d2a57ef26e7004ee37,386e4ddbf54f557c9d251e49d32ca7c2,delivered,2017-03-15 19:26:44,2017-03-15 19:26:44,2017-03-17 10:41:46,2017-03-28 18:24:57,2017-04-07 00:00:00
019536ad39a0dea8bb75c00359a0386b,958b47e797d9db0979238d3b7fc08b9b,delivered,2017-09-01 22:51:17,2017-09-02 16:10:14,2017-09-04 17:39:57,2017-09-26 21:14:19,2017-10-04 00:00:00
6a28b46b87ca2e2e83c8fbd829570ae8,0ead8cb530e0ab5664bd793cbe2c3f91,delivered,2017-02-25 06:19:20,2017-02-25 06:30:11,2017-03-01 14:32:50,2017-03-14 10:14:05,2017-03-27 00:00:00
19d3484384a0e1eef23357b8c193bd86,2cec9be88ae4cd3cdb1832edf3b7c46b,unavailable,2017-11-02 22:33:01,2017-11-02 22:45:54,,,2017-11-23 00:00:00
de8fd9a0d076acaf013673eb8a4c9b0b,f6b267fb461c26e4ae3ea501f4297503,delivered,2018-01-13 15:00:03,2018-01-13 15:12:21,2018-01-16 00:18:06,2018-01-22 16:09:15,2018-02-05 00:00:00
2194d1dc5f73fad748d7a90fd673291d,7b5d15455a058bbefa9c1d9f4aec2f95,delivered,2017-01-31 13:41:56,2017-01-31 13:55:24,2017-01-31 18:24:23,2017-02-13 15:24:16,2017-04-14 00:00:00
83449730f699ad6cb7c8ac34acf0ac84,ffa68c2831c28939574acedca340d5ae,delivered,2018-06-05 13:27:30,2018-06-06 02:35:14,2018-06-06 17:29:00,2018-06-11 17:46:58,2018-07-11 00:00:00
9eb880d9b164dc9f49020d887c0de37d,9ac2959f4d43d9e085366c1093a45b35,delivered,2017-06-20 09:58:10,2017-06-20 10:10:09,2017-06-21 11:35:44,2017-07-07 17:28:27,2017-07-20 00:00:00
79a5b94dea7a9f15cc10b5c7b54c6774,861840102ebde6fa719f7fd8cbfbd269,delivered,2017-10-26 07:12:12,2017-10-26 07:27:26,2017-10-27 22:57:28,2017-11-03 23:03:48,2017-11-21 00:00:00
6bc6b07e448bae52d248c4df401d6157,7ab83c4dcbf17bff5832baf041f71fab,delivered,2017-01-20 19:44:07,2017-01-20 19:55:19,2017-01-24 07:34:51,2017-01-26 15:53:46,2017-03-03 00:00:00
19e18e6a46b546eea7c58ebbf42e0624,e29d3a2c9bfcb170f913361494799e4f,delivered,2018-05-07 10:09:40,2018-05-07 17:29:43,2018-05-09 12:52:00,2018-05-14 16:21:14,2018-05-28 00:00:00
d14e5c5300262d554b76179fa67e6f71,c3ec8298dfec9ba5dce54e6e1e1d99ed,delivered,2017-11-20 15:51:38,2017-11-20 16:06:42,2017-11-22 22:31:49,2017-12-05 20:14:52,2017-12-19 00:00:00
4b25b8fa39f9cbf4b728426f6b09b1aa,77a7cf31a977baea81384a16e8ab52b7,delivered,2017-11-23 11:04:31,2017-11-24 03:13:02,2017-11-30 18:53:19,2017-12-13 19:52:41,2017-12-11 00:00:00
48ed90a16494e16357d2fd32fb1e1ac8,82628cbf879a9546d6693c25cbd5e915,delivered,2017-07-25 17:04:04,2017-07-25 17:15:17,2017-07-26 19:42:57,2017-08-10 20:23:19,2017-08-18 00:00:00
7ff5e5b4fa580ec5acd92fe6690d0855,153a96492a1f15a8991fd4ed761290e9,delivered,2018-05-09 09:20:22,2018-05-09 09:35:30,2018-05-09 12:02:00,2018-05-14 13:47:47,2018-05-29 00:00:00
6cf24cdeeb913dc50be3b7f30ffc3e89,b5587e467a19f58809cbfc9b119c3375,delivered,2017-09-19 17:08:35,2017-09-19 17:24:57,2017-09-20 19:43:46,2017-10-02 19:23:57,2017-10-10 00:00:00
9374b5aa4433ce60115973a1ef0b1541,f61421856963437ff3a44d62eff0d656,delivered,2018-06-26 21:33:09,2018-06-27 08:29:50,2018-06-28 15:07:00,2018-07-10 13:41:50,2018-07-20 00:00:00
f7b9821d83a86f942cd40560f3c06622,668bca75c9fde63d376e1042ff8e2fe8,delivered,2017-01-13 17:53:10,2017-01-13 18:05:20,2017-01-18 15:14:48,2017-01-25 13:58:33,2017-02-23 00:00:00
88f4f8db113ed457801a7d675ed0ea61,bed0f8658eb431df6ae2636cb1b5b8ce,delivered,2017-08-19 11:34:47,2017-08-21 14:05:29,2017-08-22 17:54:03,2017-09-06 22:31:57,2017-10-03 00:00:00
38fd57a781f31c3c00a012db1e52f6fa,0b1cbaf9e8123b00a50e3fbd846e10d3,delivered,2018-04-23 17:49:25,2018-04-24 18:42:15,2018-04-24 15:03:30,2018-05-14 17:40:30,2018-05-24 00:00:00
b07a6274640ebe112c2180a18ea07b3c,8483b31f7dde87f8cbb3d04529df4c5b,delivered,2017-02-06 11:12:29,2017-02-08 03:10:40,2017-02-10 14:04:11,2017-02-17 09:35:41,2017-03-13 00:00:00
6156a1c77273b737bbe1c1dc14c44112,972b42200bd45ae8e6ab6b2acd66d732,delivered,2018-05-09 09:35:07,2018-05-10 03:09:56,2018-05-10 15:25:00,2018-05-17 17:14:30,2018-05-22 00:00:00
d7fd2bd860b186de1db4ac71b5d29b84,c9b2464c27827cd5bf7b2e9865bea1d8,delivered,2018-04-12 22:02:35,2018-04-13 13:14:37,2018-04-18 16:24:46,2018-04-25 17:08:49,2018-05-10 00:00:00
3568ebea6d5338487cf9c64e9f59abfe,3acf1e8de9fc5bdbaa875a2b01f217fb,delivered,2018-05-14 17:21:01,2018-05-14 17:35:29,2018-05-17 14:36:00,2018-06-08 22:27:45,2018-06-19 00:00:00
bc7de131c11fe08e0311312624e2d752,bc0e1034fbb8ae2dc686562b304dd0f7,delivered,2017-05-02 22:26:38,2017-05-03 16:05:12,2017-05-04 16:57:37,2017-05-08 16:28:09,2017-05-23 00:00:00
e6ac453a32e67906ab8b3f79608341c3,251edc5a4d2b38f123ae7c16b6dff017,shipped,2018-05-04 10:10:12,2018-05-04 10:32:22,2018-05-04 15:28:00,,2018-05-21 00:00:00
7e28ace88f5848adf24d9771e1ca2a62,e7304df26c35ee85bb68efe843a1441a,shipped,2018-01-13 22:59:33,2018-01-13 23:09:10,2018-01-15 22:53:53,,2018-02-08 00:00:00
3ea229e7822f0d2d84b4b59b5f8df0de,e21d78b12f4c1a59673af05aa14bf055,delivered,2018-01-22 20:55:58,2018-01-22 21:14:34,2018-01-25 18:08:02,2018-01-29 18:33:13,2018-02-19 00:00:00
35a3fda780d64bcef27e2922fe37b24d,1b6ea1907f4199b0a0298495bfc9f9dc,delivered,2017-07-15 08:34:41,2017-07-16 07:10:12,2017-07-17 16:49:49,2017-07-31 17:27:06,2017-08-16 00:00:00
54ba74414bed49a8b13864b3e8666f57,1e79e4f1a4653e041c3ce1ddb2ff239f,delivered,2018-07-31 08:30:27,2018-07-31 08:44:22,2018-07-31 13:55:00,2018-08-06 23:42:46,2018-08-16 00:00:00
e5e6018499159c0f02053fd10b55dbc8,44616e2c76f699cf4fad3d8ed735ddb4,delivered,2017-06-13 15:29:23,2017-06-14 02:25:19,2017-06-14 17:22:38,2017-06-30 16:32:10,2017-07-12 00:00:00
963d2768670ecd5c585e20b21a3d295c,e177e4a8061e528696ed9e5f54ee92c6,delivered,2018-07-23 22:48:57,2018-07-24 10:31:12,2018-07-24 12:01:00,2018-07-31 00:48:30,2018-07-31 00:00:00
b143aeb37a4d82ae652c5c4ba8461411,14f1aa9f09ea57b04d0cedf0febb33c4,delivered,2017-12-02 20:54:12,2017-12-02 21:17:17,2017-12-05 18:58:42,2017-12-15 22:22:05,2018-01-04 00:00:00
553a1f1b74cf15fe6cb4a01a627ab41f,af51a4f719cdf5b830e233f353dcf69c,delivered,2018-01-19 04:24:00,2018-01-23 03:52:30,2018-02-07 00:33:22,2018-02-08 15:08:19,2018-02-22 00:00:00
599d6e8a6c48719bfc536e4f6e65b92e,d1c625e57026a199bca1ed772f6fb89e,delivered,2017-12-11 15:42:35,2017-12-11 15:53:32,2017-12-12 20:26:46,2017-12-13 17:57:01,2017-12-28 00:00:00
981eda1c13990d54b1af7d1a73b46f48,f4ebe2523bfa5138b74541fa1210c00d,delivered,2017-05-04 09:26:53,2017-05-04 09:35:13,2017-05-04 15:03:06,2017-05-13 09:37:36,2017-06-05 00:00:00
8af15bd33c34d03d1ec679cc09fc6e1f,69a853500e2d6fe1f87645c56a7084d2,delivered,2017-10-26 22:22:31,2017-10-26 22:35:08,2017-10-31 14:46:06,2017-11-06 22:19:36,2017-11-22 00:00:00
5b0060ee75c02410928f7ca9e4632c5d,4f48789f76d0b81afbbc50209b157740,delivered,2017-06-28 22:34:09,2017-06-29 12:43:44,2017-07-06 07:55:37,2017-07-19 16:34:29,2017-07-28 00:00:00
dcc63ba3bf0ced293f88135e0b666ec6,108a30402ac643573119cb9568862549,delivered,2017-10-10 14:35:12,2017-10-10 15:49:16,2017-10-16 22:44:13,2017-10-23 19:13:06,2017-10-27 00:00:00
aa22c8b8e14d747a83a7a8876837fc82,3cdc0173943f051e46d6f1d616a70609,delivered,2017-08-12 22:35:47,2017-08-12 22:50:14,2017-08-15 15:52:33,2017-08-23 19:09:47,2017-09-08 00:00:00
e35ad21539b5000d5f10bff2b242a66f,26a298bb676f81cd24b1fe59adfa3b14,delivered,2018-02-24 18:17:32,2018-02-24 18:30:31,2018-02-27 22:48:44,2018-03-13 20:18:55,2018-03-23 00:00:00
3dc83811b95fef30cdbfcdae61bdb25d,d751e3db6ffe142eb707f90f8b2f9b39,delivered,2018-02-03 12:25:33,2018-02-03 13:31:48,2018-02-05 17:32:05,2018-02-16 01:11:55,2018-03-01 00:00:00
796af24ef8fe72445e1c739fd272ec14,fcb0632d5c4df71e640a71041f21a6f1,delivered,2018-06-27 10:25:42,2018-06-27 11:06:46,2018-06-28 15:41:00,2018-07-03 17:45:44,2018-07-31 00:00:00
cbc580be74ae53ef1eedf0f82fa02384,0dc2889ec2c15104bb10a9e8cd0dcb10,delivered,2018-02-01 11:38:42,2018-02-02 02:55:36,2018-02-02 16:36:59,2018-02-09 17:11:47,2018-03-02 00:00:00
b8a890f39e274d5853601790a14f8c90,e8fb532bc326a9335708fc2d9f906ac8,delivered,2018-08-21 09:37:38,2018-08-21 09:50:29,2018-08-22 12:07:00,2018-08-29 20:08:46,2018-09-25 00:00:00
c0b7aa955b674c70e833720661fa765f,8d62c34ba7c00a6338a02643d01eae6a,delivered,2018-08-16 20:56:16,2018-08-16 21:10:15,2018-08-21 14:14:00,2018-08-24 19:58:31,2018-08-29 00:00:00
3434cad6217a61a1d20bee991adbd8bb,c06ed558753b26a871544eb71f7ea9c2,delivered,2017-06-07 15:22:25,2017-06-07 15:42:28,2017-06-08 09:57:38,2017-06-17 09:24:37,2017-06-30 00:00:00
e3dfc1d63188473e77b32f94f94aeea3,ea30bc4e3e0a08b37f8ba66b7118d3e2,delivered,2017-09-27 19:12:25,2017-09-29 02:28:56,2017-09-29 21:21:38,2017-10-16 23:04:23,2017-10-26 00:00:00
995e90c3995e0f19a9579b90c6dcbad2,407559f7d5a8ca6e622c406eed7feb6e,delivered,2018-07-04 14:52:16,2018-07-05 16:11:47,2018-07-04 14:51:00,2018-07-10 17:48:23,2018-08-07 00:00:00
e6d0bbe2424dd2fc97db5851253f90d3,5880e46677c68394bda62479fd673340,delivered,2018-02-17 21:51:05,2018-02-17 22:07:15,2018-02-20 11:30:12,2018-03-09 23:22:47,2018-04-06 00:00:00
d3fc45461660252856d603ed31eb4e77,a244afc7a1ec53f1aad296d1cd6e91ba,delivered,2017-11-20 11:46:07,2017-11-21 03:59:21,2017-11-21 20:05:26,2017-11-24 19:36:57,2017-12-07 00:00:00
fb283edffd658a4805cb0e8bd4642bd8,0d59903fdd01cbd6f347f8f41da985aa,delivered,2017-05-31 13:04:04,2017-05-31 13:15:24,2017-06-03 10:24:14,2017-06-08 16:05:32,2017-06-23 00:00:00
9dbb47a816e64c6e76b057bbc95fe52d,a0a942d054dbda15d1d48bfdd2c24422,delivered,2018-01-28 02:33:05,2018-01-28 02:57:31,2018-01-30 21:55:00,2018-01-31 19:51:22,2018-02-14 00:00:00
bdfe93bb42c76425b86540b96ef4761c,ff59794772232a6d231437214aaca65c,delivered,2017-09-10 22:23:46,2017-09-12 04:50:47,2017-09-13 21:27:34,2017-09-22 10:38:05,2017-10-03 00:00:00
0f3fa3a2cb34840acd1e3d0fc1b95382,699233a1e789ebe8d05a9c32e654b2ad,delivered,2017-12-29 08:15:09,2018-01-03 04:18:36,2018-01-03 20:51:59,2018-01-18 23:24:41,2018-01-30 00:00:00
ef200b21ae2bbae5122b5c5c75dcbce8,4a5c16183847325df9ffeb0c0035e807,delivered,2017-08-26 10:11:09,2017-08-29 04:51:04,2017-09-01 19:09:00,2017-09-11 18:58:48,2017-09-27 00:00:00
7e6507919e5e16849dd9a0f4354209d9,a914ed346024398bc8fa0ef53d925018,delivered,2018-07-13 15:57:34,2018-07-14 03:10:15,2018-07-16 13:47:00,2018-07-27 17:24:40,2018-08-03 00:00:00
30e5f6d1724b24b1d19d90ec48d9c7d6,4c894f6e216155223b9b26bce619e96d,delivered,2018-07-08 11:34:42,2018-07-08 11:45:39,2018-07-10 13:58:00,2018-07-13 18:42:51,2018-07-27 00:00:00
eb0992cac4de66577bd1488c4e32ff55,d4a63d7782e96c6d0e83a2f101d18861,delivered,2017-06-23 16:08:14,2017-06-23 17:15:20,2017-06-27 08:09:37,2017-07-13 19:22:01,2017-07-25 00:00:00
e9ec883d782fcfea6fec9beb9f626976,40ae4a813dad7ef7f80539a91da80d5d,delivered,2018-05-12 10:26:45,2018-05-12 10:52:14,2018-05-14 15:46:00,2018-05-21 18:33:01,2018-06-01 00:00:00
28cee6e32da30679cbfe3da21d2608e1,3a1a43b64b07a4252f466e05381a74f5,delivered,2018-08-22 19:19:31,2018-08-22 19:30:25,2018-08-23 13:06:00,2018-08-29 13:31:47,2018-09-06 00:00:00
d15975c69a074c65aecad997cbc6b748,72822883dc4f12b4c4c118e01f1376a1,delivered,2017-04-03 10:11:36,2017-04-04 05:55:35,2017-04-06 15:35:33,2017-04-12 08:49:53,2017-04-24 00:00:00
81423cb5cab58676a3d5cde8b76b22ce,e58741b1cfc9fbb17c8fe8374a3fefa2,delivered,2017-12-13 10:27:19,2017-12-13 10:36:27,2017-12-15 11:52:28,2017-12-19 00:22:39,2018-01-02 00:00:00
736bc8f7f380882879634ac0922e49e1,eee877487bd27956010c31db444ec903,delivered,2017-09-21 18:51:42,2017-09-21 19:04:00,2017-09-25 19:50:02,2017-09-27 18:58:00,2017-10-09 00:00:00
7db74378461e084a164426412ea407ba,3f8435b0db36ab2b3ec999feb43bf8a3,delivered,2017-09-15 07:20:34,2017-09-15 07:30:08,2017-09-15 14:57:49,2017-09-27 20:34:59,2017-10-11 00:00:00
5a8e12083eb7fe31e98674aee1f73269,6a2f487e008af5e5bd31858f7a1dc554,delivered,2017-11-25 18:03:21,2017-11-25 18:12:43,2017-12-05 01:24:30,2017-12-14 13:12:43,2017-12-15 00:00:00
dbdf0c5c635838a46d0034dce3dc646e,63b6438d1c730d87d4781b28de7ac834,delivered,2017-12-16 09:48:58,2017-12-16 09:57:24,2017-12-19 23:04:44,2017-12-22 15:35:46,2018-01-12 00:00:00
b3ba8e02d55ded05adb8e54c09cadd79,90f1d9af2694da66a8d70c29536198a0,delivered,2018-03-16 06:49:04,2018-03-16 09:05:56,2018-03-19 19:04:44,2018-03-23 00:03:52,2018-03-28 00:00:00
f7a7709b479c021664777ee929ab3ee4,213949158139ccc95073842f0ff7c2a3,delivered,2018-01-16 09:15:25,2018-01-16 09:30:09,2018-01-17 21:34:01,2018-01-23 16:33:12,2018-02-16 00:00:00
81194be55fc90582cc03fab5c592f817,514eba5aa9d0a2e9066c0ab4b14ee53b,delivered,2018-05-13 15:06:36,2018-05-13 15:33:28,2018-05-15 14:17:00,2018-06-06 01:33:21,2018-06-04 00:00:00
1c64f41d5e7033dc330721ce0b229d78,4831ecadbc63dc9e41cf292cc7a7314e,delivered,2017-12-09 09:40:56,2017-12-09 12:30:19,2017-12-13 23:22:49,2017-12-14 22:29:01,2018-01-11 00:00:00
5498ba63a9af481c25f2f0b98b6b264b,a4a5f407999f3fdea0c1cd239a9df7fb,delivered,2018-06-21 20:07:34,2018-06-21 20:17:40,2018-06-22 14:34:00,2018-06-29 03:12:14,2018-07-11 00:00:00
4ccceb1115420e37ee333461047ee22b,9b0f7b8754b6d8abbf3a3961b34aa3cc,delivered,2018-02-15 09:26:07,2018-02-15 09:47:38,2018-02-16 19:39:09,2018-02-19 20:53:38,2018-03-02 00:00:00
a5a1a9c036a5213d2833ca3b19de15dd,abd89f3a9b428d61119d1c7710cb01e0,delivered,2018-01-04 11:22:25,2018-01-05 02:38:38,2018-01-23 22:34:21,2018-02-02 23:19:04,2018-02-05 00:00:00
0fdcd459c264e8cefc8b377c3ff8d14f,8946af2634bf83b52c86664a2a57b41f,delivered,2017-06-22 20:15:24,2017-06-24 02:23:08,2017-06-27 16:17:39,2017-06-28 15:14:59,2017-07-05 00:00:00
8e799e5d820ceeffb9b581001cc1521c,f6949ea82c82c0cf177e05220c22e232,delivered,2017-05-29 13:04:08,2017-05-29 13:15:06,2017-05-30 15:59:37,2017-06-02 10:19:05,2017-06-20 00:00:00
bfc8d3ca0ee3a93d7eee14d27639c90f,27efe9d1e24b5c1e0b2945b4a86c1dbf,delivered,2018-08-16 18:11:19,2018-08-16 18:29:05,2018-08-17 14:14:00,2018-08-21 00:12:00,2018-08-22 00:00:00
b6f97ad9a7a85e2ad594c746a46dab44,7ee3b6ba60d9136f98ec0875ffa33375,delivered,2018-01-17 17:34:42,2018-01-17 17:50:48,2018-01-19 18:32:14,2018-01-31 19:22:56,2018-02-14 00:00:00
62f808f5e8babdf5f0092f748ce5b554,ccfc8745472a2addccbf7af46409aef6,delivered,2018-02-15 19:02:26,2018-02-17 03:48:00,2018-02-21 20:07:41,2018-02-23 23:39:11,2018-03-08 00:00:00
d5b8231ec694904371f3efcd3450ee94,a48d0f3e23fe165709856a06c9fe1d5f,delivered,2018-06-06 14:58:22,2018-06-06 15:13:46,2018-06-06 14:34:00,2018-06-14 01:38:35,2018-07-17 00:00:00
c11a68c413a5bab666d3afe5a3ed7ef5,b7a710ed2201bd2cbe88944e34b40bcc,delivered,2017-10-01 16:34:38,2017-10-01 16:49:19,2017-10-02 15:43:19,2017-10-24 17:50:44,2017-11-22 00:00:00
92988ce7c3efa5eb21e25836cca53191,77c3947e076f8bee99adda6c9c26ed2d,delivered,2018-01-11 23:27:27,2018-01-13 04:54:45,2018-01-16 18:44:48,2018-01-19 15:28:09,2018-02-06 00:00:00
7b7e1acab40b5a906d8f82e23d1c8687,73c5717dd8b47b172b7a1496d2b2b3a0,delivered,2018-05-13 23:24:12,2018-05-13 23:35:19,2018-05-14 11:59:00,2018-05-19 15:56:30,2018-06-05 00:00:00
654d7c4edb2db36fbde5f35f50a02a83,345b4f3b04d616c894ef3a897653c7fc,delivered,2018-02-13 12:38:05,2018-02-13 12:50:29,2018-02-15 00:13:01,2018-02-20 16:33:27,2018-03-12 00:00:00
556689f3e30f4662d3ec219bdc556b93,2199cd4bd4244284d9ba6004835d0d82,invoiced,2017-01-30 14:01:38,2017-01-30 14:32:52,,,2017-03-20 00:00:00
7248d76d3e1ffa83c3c2cf9774657f76,2c3f5f8e033669bb6f354799040784ec,delivered,2018-02-19 18:11:36,2018-02-19 19:10:35,2018-02-20 21:12:38,2018-02-27 22:55:21,2018-03-12 00:00:00
86df051b358d78a419a88d76515d6d80,da415e0250d0996188ae352d6cb4bd00,delivered,2018-06-06 20:06:46,2018-06-06 20:34:11,2018-06-08 10:48:00,2018-06-13 19:58:39,2018-07-12 00:00:00
57a05984170fbb84344898547914f22c,e95bf722477e76e8bec8c721acbdb418,delivered,2018-08-20 21:38:56,2018-08-20 21:50:13,2018-08-23 14:09:00,2018-08-27 20:21:23,2018-08-30 00:00:00
a7241713cfa855604d2db6659e74ecc6,2ac967d965f4e21c8fc26739a7834040,delivered,2018-05-17 09:50:12,2018-05-17 12:31:59,2018-05-21 17:24:00,2018-05-23 19:45:40,2018-06-05 00:00:00
6b1f38ed45f18e6053aa0504bd2e9036,ed94a39e503eec744a8effba6c900c0b,shipped,2017-05-13 20:44:54,2017-05-13 20:55:14,2017-05-16 10:54:19,,2017-06-12 00:00:00
ef3d3d6bac50c7e2e1cc25ba953e11f6,522499972c38320fb80a96a38d3b5395,delivered,2018-07-30 11:13:19,2018-08-01 16:31:33,2018-07-31 15:21:00,2018-08-09 18:22:45,2018-08-30 00:00:00
ef3cef230796c0133556a0a8f013f6fe,cbb3bb9a9502ac4d9f02fc38b75fe62c,delivered,2017-08-10 19:19:48,2017-08-10 19:35:18,2017-08-16 19:42:20,2017-08-25 21:47:46,2017-09-13 00:00:00
a6f1dca3527b8ae1a077c9c9375d9f06,f744e91c00c30f8d6fbf8b82a0903c40,delivered,2017-11-01 10:50:27,2017-11-01 13:06:31,2017-11-07 15:09:10,2017-11-14 16:45:19,2017-11-29 00:00:00
dd4a10d4083490eaed4d0d21bb84bf1a,e2122d6c0f496f7d112252b2cd8fd682,delivered,2018-03-20 13:10:36,2018-03-20 13:28:22,2018-03-27 04:38:28,2018-03-28 23:08:29,2018-04-02 00:00:00
46bc29944be88ef9dc8d7223421577d0,c60291fb14ccfbcb17d0b36cdd34b848,delivered,2018-06-26 23:08:32,2018-06-27 00:10:43,2018-06-28 15:25:00,2018-07-03 19:12:29,2018-07-20 00:00:00
300e12a84758b5aa3c990863afafa9d9,4a626299fd0fb054ba3b4dd245ecb2ab,delivered,2018-08-09 09:30:30,2018-08-09 09:45:03,2018-08-14 13:58:00,2018-08-17 23:43:43,2018-08-31 00:00:00
9f6f7bafe618544760073fbd384bc007,4d7fe7e565f6fc70c3253d64171b7672,delivered,2018-04-23 21:42:34,2018-04-24 18:34:12,2018-04-26 13:06:00,2018-04-30 23:12:48,2018-05-17 00:00:00
5fff1e31dcee73af47628c1a40edb24d,02554a34cc5ba2d5e8908cb7468aec7c,delivered,2017-10-21 21:19:24,2017-10-23 10:37:23,2017-10-23 19:10:54,2017-10-30 09:12:40,2017-11-10 00:00:00
06a3bd42be69cdf39cd785d311b54a45,9e43617117f81bfddf4b3ec7625752aa,delivered,2017-09-19 15:39:10,2017-09-19 15:55:40,2017-09-19 20:53:51,2017-09-26 21:30:08,2017-10-11 00:00:00
574a92fb05e01159e32c2a4cba131e3e,2a7d2a567dbf4e484dc9ff01ee6a5a29,delivered,2018-05-23 20:40:56,2018-05-23 20:57:35,2018-05-24 10:39:00,2018-06-06 19:32:01,2018-06-20 00:00:00
ef00af19f3e4667ac596baf6656e0ee4,3cd1d0a2bebd858eff1d3a84b68eea22,delivered,2017-11-26 11:31:29,2017-11-26 11:54:39,2017-12-05 14:22:21,2017-12-26 16:19:02,2017-12-19 00:00:00
29557adf1f00504612cbebf82c843d77,e5aed707ee7e99bcc46d19ccb4921bd4,unavailable,2017-04-22 16:14:48,2017-04-27 23:33:37,,,2017-05-15 00:00:00
a38d3f174370890c07a5d34cae339ea9,038580298aa9911636f2c2ef00b72a8e,delivered,2018-03-21 21:46:48,2018-03-21 22:08:35,2018-03-22 19:22:20,2018-03-26 14:03:39,2018-04-03 00:00:00
f59ede2da7d659b1ead8da6a44181e25,f9865112b59ae9e3c6c5a6a55f6c313a,delivered,2017-04-07 10:11:16,2017-04-07 10:24:09,2017-04-13 13:23:13,2017-04-19 14:27:45,2017-05-03 00:00:00
edef0b2745085ba24975770ae2ce155a,adc42898a8fb68eb3f10d09767c1a158,delivered,2018-03-06 07:18:08,2018-03-06 07:30:30,2018-03-15 20:22:22,2018-04-04 19:58:21,2018-04-09 00:00:00
4dd4745f66dc08de8b825edf6155ce4b,9ea7875477b41433fd8e2f65a65a1d1f,delivered,2018-04-16 16:27:46,2018-04-16 16:53:31,2018-04-17 21:16:53,2018-04-23 20:06:51,2018-05-23 00:00:00
fe9178012c726b1780a3553d7972a9b8,ef9fbca59376f45868cfd03ca0d711c1,delivered,2017-03-06 14:21:54,2017-03-06 14:30:21,2017-03-08 08:24:38,2017-03-13 12:12:59,2017-03-23 00:00:00
18f946a462c7b48981fb551535be4a74,ab749b53268b969dd8a4309e6f11c065,delivered,2017-09-12 16:16:55,2017-09-12 16:30:28,2017-09-14 17:54:07,2017-09-21 19:14:32,2017-10-05 00:00:00
4ee3b0b0e73dea59d1548c92994c3838,5d4a2a1ca5758306c8addf538200a125,delivered,2017-07-28 14:22:59,2017-07-28 14:35:24,2017-07-31 13:19:43,2017-08-03 15:19:35,2017-08-21 00:00:00
8d4109569482ba175b5497482e79522a,efa62c03d176d71ec447fd71f55dc12f,delivered,2018-01-01 19:50:28,2018-01-01 19:59:28,2018-01-02 18:13:12,2018-01-19 20:25:41,2018-02-08 00:00:00
b391fd34f5d52bfc8de47b44d609e490,af42aa6cd70a1a5faa9b3549ae6aeaeb,delivered,2017-08-08 23:30:40,2017-08-08 23:45:10,2017-08-10 13:51:56,2017-08-11 20:53:07,2017-08-22 00:00:00
330ef0a4fda3b673b429290366ce32ca,226fdf6be465be5bad603b4e1e9e8dbb,delivered,2018-07-17 18:40:33,2018-07-17 18:50:23,2018-07-18 15:36:00,2018-07-25 17:08:00,2018-08-01 00:00:00
973bdd70c3cd13e9d42646b29ab8c9a3,71410e64b57c1008949953f23acb5263,delivered,2017-09-18 08:53:13,2017-09-18 09:10:20,2017-09-18 16:47:13,2017-10-03 22:02:54,2017-10-17 00:00:00
e31ec91cea1ecf97797787471f98a8c2,56b18e2166679b8a959d72dd06da27f9,delivered,2017-11-03 21:08:33,2017-11-03 21:31:20,2017-11-06 18:24:41,2017-11-16 19:58:39,2017-12-05 00:00:00
cfce0ad0c924cecbe5fde10535420084,276efbef4c6f512a21a9cd9ccb4ecb31,unavailable,2017-05-07 20:39:35,2017-05-07 20:55:20,,,2017-06-12 00:00:00
103a7b5711f736d920fcb1fe4bd28bcb,63c0e998a8a49b7937fcb229c96c968f,delivered,2017-06-06 17:46:28,2017-06-08 03:05:23,2017-06-08 08:15:05,2017-06-28 14:34:56,2017-07-05 00:00:00
9bf744c017456c82da8849a2c92bae84,89812eca4c49b39c432a57dbc4e95f27,delivered,2018-01-06 05:15:19,2018-01-09 07:19:36,2018-01-10 16:33:23,2018-01-17 20:56:22,2018-02-06 00:00:00
e7475420bf383cf47bda792c4efc13c8,9f676b4421baed4cc735a7367a44957d,delivered,2018-01-29 19:42:14,2018-01-29 19:55:23,2018-01-31 00:08:37,2018-02-15 19:52:03,2018-02-20 00:00:00
738c536e3bfc3c99dddffed112e89349,c38f238897e6413a43a0f302bf8b7b9e,delivered,2018-03-01 16:12:35,2018-03-01 16:30:10,2018-03-02 17:42:52,2018-03-05 16:59:34,2018-03-13 00:00:00
985106d37edb11c738adc8e8b9fbed01,8b7e5c8dcd0889f39a19d63cc3f53ad7,delivered,2017-11-07 17:56:06,2017-11-07 18:11:57,2017-11-09 00:26:42,2017-11-21 20:28:57,2017-12-05 00:00:00
820d5775b6d0316cdebc64673baf4871,9d37c4e8a4d46ee5b52e0bd812e81572,delivered,2017-05-03 21:12:22,2017-05-03 21:22:27,2017-05-04 14:46:14,2017-05-12 14:53:52,2017-05-26 00:00:00
83d0c85dbcc4f41c0608144b122c4034,2ebd9fe4483c471718102ebf83d5ea85,delivered,2018-08-06 14:48:29,2018-08-06 15:04:34,2018-08-10 07:14:00,2018-08-13 15:32:08,2018-08-13 00:00:00
33eef7fdc8d66d56aec3a027f087f8bc,14949512ee391d8c8ce42c0682f2cdee,delivered,2018-06-23 15:18:07,2018-06-26 05:12:55,2018-06-26 08:38:00,2018-06-28 20:46:47,2018-07-20 00:00:00
8643fbd2f309c5530887b6e3cbee56fb,2b22de01292ece3dd52531b13e8ddcb3,delivered,2018-04-26 18:15:54,2018-04-26 18:32:02,2018-04-27 08:46:00,2018-05-04 20:04:58,2018-05-24 00:00:00
2b9781917af4a7321519dd1db68cb72b,5be4d5fe459cb5f42d54481c6df8e313,delivered,2017-02-05 10:49:33,2017-02-05 11:02:04,2017-02-06 11:00:29,2017-02-08 10:19:06,2017-03-01 00:00:00
1b038ed4462a55b31db5679b9597f045,706135bd8fb925e8ca9aad45c44a594f,delivered,2017-11-14 16:00:13,2017-11-14 16:12:14,2017-11-16 17:41:52,2017-11-27 21:03:13,2017-12-11 00:00:00
dd381329189b25cc931a46e975159655,0105f165f3be4b229fcca1cba2349186,delivered,2018-03-01 20:16:22,2018-03-03 02:35:26,2018-03-06 18:52:12,2018-03-07 21:44:37,2018-03-13 00:00:00
6553bc307b0ce8eded2609f0008ae2bd,5c896117244c11cdcc73221662757e05,delivered,2018-06-01 12:41:29,2018-06-01 12:55:31,2018-06-04 17:03:00,2018-06-13 23:41:30,2018-07-13 00:00:00
ff3137ffb0ead0baad8da8a2a7b063b9,52e63ecd64db4f95be34bed683fa029e,delivered,2017-11-05 22:12:29,2017-11-05 22:26:52,2017-11-06 19:04:38,2017-11-25 13:04:58,2017-11-28 00:00:00
f53c55d69ec100514da4915a8a3d72b2,0dd1098b87c24451307ef832e71db6e8,delivered,2017-10-31 04:16:46,2017-11-01 03:31:21,2017-11-03 17:28:01,2017-11-06 21:58:34,2017-11-08 00:00:00
8d5e10fa7f259ed886ca55788bbf797d,abc04b2e7196b64e40603beb7d4d392e,delivered,2018-03-01 12:36:08,2018-03-01 12:55:58,2018-03-01 23:17:14,2018-04-09 18:05:39,2018-04-13 00:00:00
71d9e0a457c4ad4c8ecc9f38a1c0f739,aa15c4d66673887c9953a4fd5e181f60,delivered,2018-01-12 20:00:08,2018-01-12 20:10:55,2018-01-13 14:42:33,2018-01-22 22:55:22,2018-02-02 00:00:00
43dbc670fce72c601cf0064c216cbf02,b347e73849539f4192d96005795848f3,delivered,2018-06-09 16:38:17,2018-06-09 16:59:44,2018-06-18 12:16:00,2018-06-21 15:51:42,2018-07-17 00:00:00
f5b9dc711b5c8bbb790782cc79db82d5,7c5f2bf1eb681316188352257eab6baf,delivered,2018-08-01 14:17:13,2018-08-01 14:25:18,2018-08-01 15:58:00,2018-08-09 22:58:44,2018-08-27 00:00:00
2001c0c8545591add8b8dbb31c36c30a,3af592b8d0d70ca974d68edba8a94656,delivered,2017-07-12 17:07:08,2017-07-12 17:15:18,2017-07-14 20:55:34,2017-07-20 18:31:54,2017-08-10 00:00:00
1f37d913f46f90c082f6bb4996c3fc9a,2863600ac9c60c4d4914a22489af11b7,delivered,2017-04-19 19:58:55,2017-04-19 20:10:18,2017-04-20 08:20:17,2017-05-04 11:49:10,2017-05-17 00:00:00
59d7a8119bf89c6444ae76a6cf2f9479,166b36fe485b3846aaec4fb96544b7b5,delivered,2018-08-24 11:44:39,2018-08-24 11:55:19,2018-08-24 13:39:00,2018-08-29 19:38:23,2018-09-05 00:00:00
61f6bdb47b62e119d6cbe6b3af05ceb6,178c94084b6160780bea4065bff9d33d,delivered,2017-10-23 19:17:15,2017-10-23 20:06:30,2017-10-26 21:21:55,2017-11-03 18:33:00,2017-11-13 00:00:00
d206a5a8a29c1d4479b5d2ca40b7e102,89b0d2b9bc218ca1e860525dae563033,delivered,2017-10-08 22:49:52,2017-10-10 03:26:58,2017-10-17 18:52:17,2017-10-18 14:09:25,2017-10-25 00:00:00
7cf3887824504a66be11bf1bab9fca46,73af977f0da1536e5bcc118b0bdf4544,delivered,2018-03-03 12:29:04,2018-03-03 13:08:51,2018-03-05 20:36:00,2018-03-06 22:33:31,2018-03-15 00:00:00
61c136fddac571834516a52d2e03458d,fb5f2c08ba026b94235ea72c0368be0d,delivered,2018-08-01 12:53:27,2018-08-02 09:15:18,2018-08-03 15:10:00,2018-08-14 20:28:41,2018-08-13 00:00:00
0544d7932387565226ae96a9ec8c03c8,763f69d62147292383080e70b397c3f0,delivered,2018-06-06 18:16:20,2018-06-06 18:34:31,2018-06-07 17:33:00,2018-06-13 17:32:20,2018-07-17 00:00:00
01be661b8196707ef60f062632d6d1bd,e7232b4d5318177ea3ab911dfb920cbf,delivered,2017-05-17 10:26:53,2017-05-17 10:42:27,2017-05-17 15:00:10,2017-05-23 13:03:32,2017-06-07 00:00:00
425c277055776f14d8d66b86692a6428,d7a2212037163cab1dbbc8901aec73f1,delivered,2017-10-27 13:13:07,2017-10-30 10:35:49,2017-10-30 20:36:39,2017-11-09 18:17:54,2017-11-21 00:00:00
902ec12570bd6b13462824125beeda65,8a98f9883d95fa731e6255fc8c12d762,delivered,2017-08-13 20:44:06,2017-08-13 21:05:12,2017-08-15 17:52:42,2017-09-04 21:22:35,2017-09-25 00:00:00
a0b44209913b27635b5d9813244b7f87,a1c66b94797658e934a9fdc38ccd2106,delivered,2017-11-25 10:49:51,2017-11-25 11:10:30,2017-11-29 21:55:32,2017-12-15 20:19:22,2017-12-19 00:00:00
869eb48662057e0341d47dae5334b693,792fa21ca8a787f90d1a3c274ec853e4,unavailable,2017-10-31 22:14:54,2017-10-31 22:26:11,,,2017-11-23 00:00:00
3a0e2e2771b84c2fd7e321c15624517e,b7e8d47a4ce48a612420eca18fa1dfdc,delivered,2017-10-02 05:41:37,2017-10-03 06:33:55,2017-10-04 16:36:02,2017-10-10 22:50:06,2017-10-26 00:00:00
8929fce83f27ebe948da9c53dcea6bea,2b784701261a664c8a3fd4ce83c9679c,delivered,2018-06-13 20:49:51,2018-06-14 10:20:11,2018-06-14 14:51:00,2018-06-15 21:18:49,2018-06-25 00:00:00
f97b22f43ebe3a849c11dec2d26ad2d9,9556f574fcc285171e4f59f2b38ba3af,delivered,2018-04-25 21:23:20,2018-04-25 21:35:09,2018-04-26 08:52:00,2018-05-15 18:22:33,2018-05-22 00:00:00
0a62a2ee479a419db8aebf78129b2f5e,253c9223dfa3bf75327514da2145fe9d,delivered,2017-10-01 21:45:41,2017-10-01 22:04:56,2017-10-03 12:54:20,2017-10-13 20:52:14,2017-10-31 00:00:00
213a49cf987d92121b29d44bb96ec066,8bd967eb5c26c92f034572f28c70a300,delivered,2017-06-14 11:59:10,2017-06-14 12:15:37,2017-06-16 05:53:48,2017-06-23 11:12:46,2017-07-07 00:00:00
17335ccb96b98156a4fd1b635e11e107,9849e664a01a9e99e07fb42f32a2fccf,delivered,2018-03-20 07:49:40,2018-03-20 08:08:23,2018-03-21 22:24:40,2018-03-23 18:58:54,2018-04-02 00:00:00
6782b1071318ad334c2a648586098947,47aa605e32d7c5f1b6c37de4a646f20a,delivered,2018-08-15 23:29:24,2018-08-17 22:10:21,2018-08-20 14:56:00,2018-08-21 19:22:03,2018-08-22 00:00:00
de0bf4e0a4d6dd65281279bfbbb815c9,e498b60d4bee16a9faec4643a2f44e3b,delivered,2018-07-04 11:17:05,2018-07-05 16:40:46,2018-07-04 14:02:00,2018-07-05 17:31:56,2018-07-19 00:00:00
e84b5f26050a7928a7541078a7947e05,503ecd8753e44d86d70a64458fa5da5c,delivered,2018-03-26 15:41:26,2018-03-26 15:50:56,2018-04-03 22:11:53,2018-04-09 21:50:48,2018-04-18 00:00:00
402571417385ea134265f371272b0cce,538fcd1fda5ac9cb7129fdfb18a6a95b,delivered,2017-07-25 13:31:54,2017-07-25 13:45:18,2017-07-26 18:49:46,2017-08-15 18:12:33,2017-08-28 00:00:00
42c2b836618db2b955ea569011464e97,dc65d433aebdabfb3e8ef0612d7a3e67,delivered,2018-05-23 17:27:50,2018-05-23 17:37:05,2018-05-30 13:44:00,2018-06-02 12:06:21,2018-06-29 00:00:00
e9fd172d2d2a77f5c09321b9c69e223e,a940cd5c3c2b264fa59cef01883572c3,delivered,2017-09-13 08:45:32,2017-09-13 08:55:20,2017-09-14 15:17:22,2017-09-19 22:33:49,2017-10-03 00:00:00
623695cd72cc41aa116c10c7c28608a1,a852a1fd87371f874c3f2c1361dedf1a,delivered,2018-04-04 21:04:05,2018-04-04 21:15:22,2018-04-06 21:49:27,2018-04-09 11:51:51,2018-04-23 00:00:00
c14280403027095676ce13109d5e2864,bc673b29705cd8b01f9238a1dd8fdf3c,delivered,2018-03-17 16:38:49,2018-03-19 07:28:21,2018-03-23 23:08:42,2018-04-16 22:22:55,2018-04-19 00:00:00
f6661fe3177a741fbfd91547b86a00e9,5c8ad45158ccd55a42cc132c584409e7,delivered,2017-11-24 23:21:49,2017-11-25 02:16:36,2017-11-29 20:42:00,2017-12-01 15:46:37,2017-12-08 00:00:00
4883042a7a5f22fee4e519f15da7f9e2,961adc029c2b1f8a955922a9eae2af4c,delivered,2017-09-14 21:37:50,2017-09-14 21:50:15,2017-09-15 17:24:52,2017-09-21 16:04:17,2017-10-04 00:00:00
826221f0c1a1915308dccb83b841eb2f,aa4c9ebf1ab4d645556cc96679f4cb92,delivered,2017-07-21 00:45:07,2017-07-21 01:03:27,2017-07-21 18:09:54,2017-07-24 16:33:55,2017-08-07 00:00:00
958159f0dab5b09c3dad9dc3dc352565,3f6b216f1586e1e66cbf463d0a2eb535,delivered,2018-05-04 15:09:48,2018-05-04 15:33:27,2018-05-07 06:53:00,2018-05-15 11:29:06,2018-05-25 00:00:00
695f957c5e1c06e6e1669586890867f6,8edc0c4d54043b99b14b4888e3dc2d93,delivered,2018-05-18 15:00:32,2018-05-18 15:15:36,2018-05-22 14:08:00,2018-06-04 23:44:29,2018-06-06 00:00:00
7141a7eee8944cb711fa1fd4f76300bc,9a5d390630499694895f2d2357a9967e,delivered,2018-01-03 12:15:06,2018-01-03 12:26:50,2018-02-21 20:38:56,2018-02-27 12:33:34,2018-02-09 00:00:00
d9858ec8ea40a6321206b4ebb6ea621a,ae98ca07977906a78cfedffd0b3b90da,delivered,2018-03-24 21:00:03,2018-03-27 04:08:29,2018-03-28 12:13:11,2018-04-05 01:22:41,2018-04-12 00:00:00
251aa2c943f75ad00a62107e4a9e83ec,569ca092bc9e14268fcf7a5448de8647,delivered,2018-04-25 11:03:24,2018-04-25 11:15:11,2018-04-26 14:08:00,2018-04-30 18:24:28,2018-05-16 00:00:00
2eb8d7103527b48ed39070bd8cb2368e,30fbea743f55c0f1d3090e9774a3d6ca,delivered,2018-07-01 13:19:06,2018-07-01 13:30:29,2018-07-05 13:25:00,2018-07-10 20:54:50,2018-08-03 00:00:00
2ae5260ce606b477a55abe5a13cd5cad,915e5fac40ec41440f8709a2a62944f4,delivered,2017-12-11 19:39:39,2017-12-11 19:50:14,2017-12-12 21:37:05,2017-12-19 18:58:22,2018-01-04 00:00:00
e8474158736fcaca4c7f83b6f610aba1,4729a8816e36c44ad313045dbeca9562,delivered,2017-03-22 19:41:48,2017-03-22 19:41:48,2017-03-23 10:08:50,2017-03-31 14:52:27,2017-04-10 00:00:00
bab38c27fa5095e8c2d70c3973cc78cd,90b516ed3fb8da82d2610b62afcac965,delivered,2017-12-27 21:53:06,2017-12-29 02:09:34,2018-01-02 21:41:49,2018-01-08 17:14:50,2018-01-24 00:00:00
d68bca6b32291bfc980e6c3a89257ea1,05f6417c7a29d3f102b0714fbe276295,delivered,2018-04-17 15:46:37,2018-04-17 16:30:33,2018-04-18 20:34:39,2018-04-27 11:19:21,2018-05-24 00:00:00
828999d80d891785ff88623835515884,b1dec2ea6859708786a1c916fd69bb51,delivered,2018-08-08 14:18:50,2018-08-08 14:30:23,2018-08-09 14:10:00,2018-08-23 20:05:47,2018-08-17 00:00:00
ef4327728e4c06e8ca7c8da666e4438d,519bdf0c5aa27c8cfff90d4e5d56897b,delivered,2017-11-09 19:42:02,2017-11-10 14:27:09,2017-11-13 17:30:54,2017-11-30 18:38:34,2017-12-04 00:00:00
3ff1b7767f8db536438a4d8a98244347,04c1a998c3b21a343330f101a03c5b06,delivered,2018-03-02 17:17:26,2018-03-03 17:10:20,2018-03-05 20:20:16,2018-03-17 17:26:56,2018-03-20 00:00:00
065c05543ebdfd79fb629b2b4a6ab904,51d502a84c571171762fbda013cb4e09,invoiced,2018-03-20 18:02:29,2018-03-20 18:15:27,,,2018-04-02 00:00:00
8925a70c5c2e5b4ce423e37036e03571,52fd614bcf2cb390624779fd05110d84,delivered,2017-12-17 14:36:14,2017-12-19 15:11:49,2017-12-20 11:49:06,2017-12-26 16:24:55,2018-01-18 00:00:00
4df904af63b025b5abbd9412e2c674b1,4839bb35237f24bc8916bb398b0411af,delivered,2018-03-16 13:17:40,2018-03-16 13:30:37,2018-03-19 16:41:41,2018-04-06 22:48:35,2018-04-09 00:00:00
7a6618d50657d925e88544b2e1c06372,bbf6fab2824ab87e88fbeb4b9af257cf,delivered,2017-12-16 19:01:18,2017-12-16 19:10:20,2017-12-18 18:44:57,2017-12-22 15:48:28,2018-01-19 00:00:00
53a71627049b3cd04fe655e979d8b4a6,74b82d49b3b81780a41bcfe099abeb86,processing,2018-04-20 11:20:41,2018-04-20 11:35:16,,,2018-05-17 00:00:00
242c9821e1036401ddc1d061ffcb034c,d21a1b30f682a1faa9cccc16d674eacf,delivered,2018-04-19 21:10:42,2018-04-19 21:30:55,2018-04-20 18:34:33,2018-05-10 18:32:30,2018-05-15 00:00:00
b00226019e5bae10bcb0b8ee041e96d4,daeeb8e1536e1934cbdb68a76cc3d788,delivered,2018-01-24 11:01:00,2018-01-25 10:58:26,2018-01-26 17:19:49,2018-02-05 18:15:04,2018-02-21 00:00:00
236c5c6711eb7864803f0f0c739e5c05,1c1ad3c35a22aac00ba2c90156b27e8d,delivered,2018-05-23 16:20:54,2018-05-25 02:55:17,2018-05-25 12:57:00,2018-06-07 19:54:50,2018-06-19 00:00:00
cbd6b0d6698b0b6018dc2f613942fd42,6208833ec713f1ff2b12eeb8cf8d9260,delivered,2018-08-06 13:23:19,2018-08-06 13:35:17,2018-08-08 15:41:00,2018-08-11 18:51:31,2018-08-17 00:00:00
f9662cf84141094dc6ad14261f518662,8c1ec538b031faec7c83ddf4914bf92a,delivered,2018-05-24 21:20:46,2018-05-25 08:36:53,2018-05-25 13:01:00,2018-06-10 14:58:30,2018-06-25 00:00:00
596e35e2fccc09d06be80e504dccab38,f6ea50ebf77b37c12e15529d3f2a151c,delivered,2018-02-01 16:32:49,2018-02-01 16:57:04,2018-02-03 00:25:13,2018-02-05 23:51:48,2018-02-19 00:00:00
577cc3d29287f353a670e93406960701,155fe704ee1c6765bdbd1c466f8cab71,delivered,2018-03-08 16:19:47,2018-03-10 03:49:29,2018-03-13 16:18:45,2018-03-27 19:48:54,2018-04-02 00:00:00
2292fcf4509e47c46e20904e756678d3,f9c8bb7616dfb814330708bc943ace1d,delivered,2018-04-01 12:11:55,2018-04-03 05:48:38,2018-04-04 03:37:47,2018-04-07 12:36:30,2018-04-18 00:00:00
fc01b3ae390d2a2ed60bc4a3d68b577f,6b4e082b14e562a79465f516bd129f3b,delivered,2017-07-06 12:53:06,2017-07-06 13:05:21,2017-07-10 19:13:53,2017-07-18 20:47:56,2017-08-10 00:00:00
13ffd5a36060f10de50532f3e299c446,7899bb2c21ccb01dc8ee88a587b14d13,shipped,2017-11-24 18:13:47,2017-11-24 21:36:38,2017-11-27 18:27:34,,2017-12-21 00:00:00
af84f0b808d076913403b036e34b12fa,34b3b3f183f9d4bc8f747fd07e34245b,delivered,2018-08-19 23:51:27,2018-08-20 13:55:39,2018-08-20 14:35:00,2018-08-28 15:45:58,2018-09-03 00:00:00
9c3843505b51a21d1955b27664f70827,fe9dda7284a8e2bcba116b9ec263b46e,delivered,2018-01-24 21:55:18,2018-01-24 22:12:37,2018-01-26 21:21:41,2018-02-22 19:05:11,2018-02-20 00:00:00
1e2f320acd9cf7428412fb4ba5c537fe,03e4aa263433c6741b5d22e28272c520,delivered,2018-08-15 08:48:29,2018-08-15 09:05:07,2018-08-23 13:24:00,2018-08-29 17:30:16,2018-08-27 00:00:00
2cba3cbb6058bc3efbf3531e9dcafeb5,6b3dd49a9dcb03a49f8f7e1848d96a21,delivered,2018-05-12 11:47:38,2018-05-12 12:12:26,2018-05-16 12:33:00,2018-05-24 19:22:13,2018-06-07 00:00:00
2d063770853ccc944a0eea618c125f82,76823576d62e00348cf6434982063b45,delivered,2017-08-18 17:57:28,2017-08-19 02:10:23,2017-08-22 20:33:11,2017-08-25 19:14:58,2017-09-12 00:00:00
bd5de289aee2b10eb505c63fc91df4d7,8ab1b9d34b04c3ac1d49a07e5d4814aa,delivered,2018-05-01 18:18:50,2018-05-03 04:13:11,2018-05-03 14:47:00,2018-05-08 19:12:34,2018-05-30 00:00:00
52bad2204cde9f891c55922f3a93f2af,b9ba9af563885055c7204c3b25357f0e,delivered,2018-04-07 10:25:28,2018-04-10 06:55:09,2018-04-11 22:14:34,2018-05-04 11:12:07,2018-05-10 00:00:00
c785e1253807cd0f11b1377d44b440d8,13d7948a710dbfc52fe1547877ec8874,delivered,2017-06-19 14:34:14,2017-06-19 14:50:18,2017-06-21 18:17:57,2017-07-03 16:53:53,2017-07-11 00:00:00
ae0c255a73ce7465486f62fb5f79953a,1cf59e965ef313acb7995db312a61740,delivered,2017-12-10 18:33:56,2017-12-10 18:50:10,2017-12-14 17:41:53,2018-01-09 20:29:23,2018-01-08 00:00:00
0708e6a0b38282fbfed40eccdaa4a597,733209067ba60698392d0d7c43523a7f,delivered,2018-05-09 14:37:05,2018-05-10 04:16:28,2018-05-10 15:16:00,2018-05-17 18:36:52,2018-05-29 00:00:00
11ecea021072c62767879235a840565c,a70fc00f4ad360bd48ea7e3603fed39d,delivered,2017-09-18 19:43:49,2017-09-18 19:55:07,2017-09-21 13:49:56,2017-10-04 18:51:28,2017-10-09 00:00:00
d01892cabdc79c6a7592dbe80c5d7192,5b45714ef05cd86c20bda11b3e06b0c0,delivered,2017-09-10 19:29:49,2017-09-10 19:45:08,2017-09-12 17:57:54,2017-09-20 14:22:45,2017-09-27 00:00:00
ecb4506fc58364816a5133b8abf1f645,e181b4b143315372522c1c34b5eeebc8,delivered,2018-05-03 15:56:00,2018-05-04 15:55:23,2018-05-05 09:30:00,2018-06-20 11:23:29,2018-06-12 00:00:00
2e175b759e9d426f83e9b55b6a0661b2,9796b90a755bc5f210d18a7daa8ea8d7,delivered,2017-10-26 12:31:32,2017-10-28 02:51:24,2017-10-30 17:48:47,2017-10-31 22:27:43,2017-11-08 00:00:00
6f10565ddd7e947a6918e2f551144704,cc81b5668b2b56a7bed7b92e60daff8e,delivered,2018-08-18 12:58:38,2018-08-20 20:35:16,2018-08-23 14:08:00,2018-08-27 17:47:55,2018-09-03 00:00:00
98750f114ae6088d04ea0d3cfe3f137f,01fc05160cf790b9ed54ec795ff07688,delivered,2016-10-05 11:44:41,2016-10-06 03:07:51,2016-10-10 03:07:51,2016-10-28 12:23:43,2016-11-29 00:00:00
4194efa7ec651ea7442c7f01988877bd,553401fd74b3b623533d44c214a46431,delivered,2018-06-18 22:47:46,2018-06-18 22:56:23,2018-06-22 14:18:00,2018-06-27 16:21:33,2018-07-17 00:00:00
9a20d02245abb1a63e3ab97e32ea2274,215428c6a440ef651c57099d60344542,delivered,2018-06-02 17:55:32,2018-06-03 17:50:59,2018-06-05 11:44:00,2018-06-08 01:05:33,2018-06-28 00:00:00
ef492dce2e07e7ca0f54bb9fb1aabda2,4726470732530d99dad13c8e2a3cc1d7,delivered,2017-06-28 18:28:34,2017-06-29 02:43:51,2017-06-30 11:15:03,2017-07-03 16:21:19,2017-07-11 00:00:00
83073309378cf709e67e8368e97447c4,3e0deaa9670f05d91d2f9cd373e1aeae,delivered,2017-07-19 13:58:48,2017-07-19 14:10:21,2017-07-21 12:17:30,2017-07-24 15:52:33,2017-08-04 00:00:00
6216b939598157d2f16cdedf8997b83f,cb50b742004760f7a5835600332c29b9,delivered,2017-08-09 08:54:29,2017-08-11 04:15:20,2017-08-14 13:03:59,2017-08-21 20:07:43,2017-09-04 00:00:00
cb8add3d9d1e64220e64944c428eadc9,c83ceef725175bc8789fd9b820098b08,delivered,2017-12-02 11:04:57,2017-12-02 11:30:35,2017-12-06 10:12:12,2017-12-18 19:48:58,2018-01-02 00:00:00
1d9103176f443bb7c1f7212f9462b31a,58abbe3d883de2e747c3b0485bc0c26f,delivered,2018-05-06 12:52:59,2018-05-06 13:10:07,2018-05-08 12:05:00,2018-05-11 01:12:08,2018-05-21 00:00:00
c2b0ee6a1e5f209275ed0f373614b9b2,b1ffde1bd138a338e8a12531e9493820,delivered,2018-03-13 16:55:48,2018-03-13 17:10:26,2018-03-14 22:58:45,2018-04-09 19:02:51,2018-04-04 00:00:00
0b4e790fdbd7616b010599cc3e5f873f,e1fb3bd29f0cc22b821938d2853e4cd5,delivered,2018-01-19 19:47:26,2018-01-19 19:56:29,2018-01-23 19:59:11,2018-02-01 20:05:21,2018-02-09 00:00:00
40f263da2fff3c6d39ed98ff3700546b,6ce22bdc14d3764795a53811003ec29f,delivered,2017-09-21 16:50:56,2017-09-21 17:06:05,2017-09-22 15:48:49,2017-10-03 21:02:40,2017-10-25 00:00:00
c43af0d27028ef826111663d8a3baa33,ee631ea57c3a362e86099783950118cc,delivered,2018-02-12 11:10:56,2018-02-12 11:28:07,2018-02-14 22:18:54,2018-02-26 18:07:52,2018-03-06 00:00:00
39f95a00d83145b299d7b0aeddccd24f,f1665cfd724684997d92966a9ed77700,delivered,2018-01-27 18:19:58,2018-01-27 18:36:44,2018-01-29 21:37:17,2018-02-07 21:48:34,2018-03-01 00:00:00
f1d6646fab846df9751a81821b4178c7,f4d981af4486002e7c9bea7032e0215c,delivered,2018-01-04 12:20:04,2018-01-06 02:08:33,2018-01-08 18:56:27,2018-01-20 12:46:36,2018-01-31 00:00:00
2d7bf1651f60d1ac9e1be74a075ce01f,278ec4f5486b6a046b2a4c496d16a723,delivered,2018-06-22 17:01:05,2018-06-23 16:59:07,2018-06-25 13:18:00,2018-07-02 18:36:56,2018-07-20 00:00:00
68b4e818c05f12bec3a76417829c2846,84c1606acc0b24087addbbb85be4ee28,delivered,2018-05-21 08:08:19,2018-05-22 09:14:33,2018-06-11 11:37:00,2018-06-13 16:23:35,2018-06-13 00:00:00
d08a45bfb5b6342c010911e51868f688,fe3d5d84819ddde6e98f37b43831c126,delivered,2017-08-07 20:07:03,2017-08-07 20:50:21,2017-08-08 18:32:32,2017-08-16 18:22:50,2017-08-29 00:00:00
7f7198074b26ee520359379a889980fd,d0360e99592173aa5bd39165c3ab3e28,delivered,2017-08-21 16:19:25,2017-08-22 16:28:06,2017-08-23 14:26:20,2017-08-31 19:05:42,2017-09-26 00:00:00
6d44e8ec62952a37be589d7fabc7cab0,c404b21e3e614fe7a14a8f0ab50e2dce,delivered,2018-05-14 20:55:16,2018-05-16 03:34:02,2018-05-16 12:02:00,2018-05-22 00:06:52,2018-05-28 00:00:00
741f2c4e19ea249883b7eab05a4061f6,ac8e2c478cb1b8bd0ebf1915f0d789e4,delivered,2017-04-26 20:47:50,2017-04-26 21:02:32,2017-05-03 14:48:17,2017-05-10 09:49:55,2017-05-31 00:00:00
90346710cfeac855230fe9a162980274,178f9d5e3a867229bef0e5363833715b,delivered,2017-12-16 14:11:37,2017-12-16 14:19:22,2017-12-22 01:38:22,2017-12-24 13:39:00,2018-01-11 00:00:00
a5513b009a0b7d07504788dc524a70f5,b5005ca040b9871f084da3061b278fd0,delivered,2017-05-16 20:36:21,2017-05-16 20:50:17,2017-05-18 14:18:52,2017-05-19 08:42:44,2017-05-29 00:00:00
b8aea51136617c5b9e79b074849b9144,e1304a4739249d446c3db9926222ae14,delivered,2018-03-15 10:52:44,2018-03-15 11:09:40,2018-03-15 20:55:53,2018-03-20 19:57:32,2018-03-27 00:00:00
1d868462a56ffa7bbcd66b5b003d2982,854ff3250421ce4acce98f67cf4aabc9,delivered,2017-12-28 09:20:08,2017-12-29 09:14:29,2018-01-02 16:43:45,2018-01-06 15:54:05,2018-01-17 00:00:00
5d0b508f52e300518b26bdf4807a29a6,1a9539bf502eca6d99aecfd13c7cc0a4,delivered,2017-10-04 16:29:11,2017-10-04 16:46:00,2017-10-06 10:45:34,2017-10-27 18:33:35,2017-11-17 00:00:00
8b9cc01337bcc7c9bf25da79353efb6a,d629cc87a70ae77b43bdc72304263923,delivered,2018-05-07 14:08:49,2018-05-07 16:15:38,2018-05-09 14:06:00,2018-05-10 20:21:49,2018-05-18 00:00:00
949fc9318254747642271556f50339d0,a459383f702f0417d0d65fff9945aac1,delivered,2018-04-28 21:50:41,2018-04-28 22:13:22,2018-05-02 15:15:00,2018-05-07 17:29:31,2018-05-23 00:00:00
978c88fce8bfdad5559f67f50abfb7da,886b49d12074e82e2587e7e09fd1f7d0,delivered,2018-06-09 15:47:49,2018-06-09 15:55:18,2018-06-14 08:19:00,2018-06-26 23:42:04,2018-07-19 00:00:00
6199ea959a9602f3c10fe2b7573bb325,10e278e411c84734185ed9a4c28113c2,delivered,2017-02-15 16:00:24,2017-02-15 16:10:15,2017-02-16 15:16:55,2017-02-20 05:57:59,2017-03-14 00:00:00
64cbe98d3ef9d927297f7dea3fab17d6,c2c832eecd792fba9a48c6820ae9bbce,delivered,2017-05-07 21:33:37,2017-05-07 21:45:14,2017-05-11 11:19:39,2017-05-25 13:27:47,2017-06-02 00:00:00
087f3b4c583de715fda96594b3a03b65,598c9545a37f10508a8c3b51b849d8dc,delivered,2018-02-07 14:55:48,2018-02-07 15:11:12,2018-02-08 18:57:05,2018-02-15 15:28:42,2018-03-08 00:00:00
94179e454a575df8240e5f5246490129,60e93aa280a9925a2af61c812bc4e1c8,delivered,2017-04-29 14:34:26,2017-04-29 14:45:14,2017-05-02 14:09:00,2017-05-15 04:43:56,2017-06-13 00:00:00
927eda1d91913116e94535f4120dc578,1679eda7c247b174221c5f850c26e076,delivered,2017-08-14 22:29:13,2017-08-15 00:50:06,2017-08-23 18:52:00,2017-08-30 12:30:14,2017-09-12 00:00:00
88bbef3f1ea4f3bd644c960cb645c072,c0d48da3a52a85f4159b10d3fe81c557,delivered,2017-10-15 08:57:15,2017-10-15 09:14:10,2017-10-17 22:30:20,2017-10-24 21:37:56,2017-11-03 00:00:00
e37400ea2216206cb88f2d8c87b4aa35,35c5fd514f5eed2913f71df5a01451f2,delivered,2017-08-22 21:03:27,2017-08-22 21:15:25,2017-08-23 20:34:12,2017-09-11 18:52:49,2017-09-18 00:00:00
08748bafebfe3d00f17771505f3df1e4,fe1d751718c414270932bac5a8b024f5,delivered,2018-03-16 19:44:04,2018-03-20 03:15:48,2018-03-20 19:36:25,2018-04-07 15:12:11,2018-04-12 00:00:00
9856503e3360fab415c2efa086e44c85,a909c70e103548bc4e7dc1b6c553497c,delivered,2018-03-23 09:47:17,2018-03-23 10:08:36,2018-03-23 23:05:37,2018-04-02 20:45:51,2018-04-11 00:00:00
88ec70d10d0a2e45b46dc7fc335b56fb,bb4ce2b83507191e273401d42f75410f,delivered,2018-06-09 22:03:54,2018-06-09 22:19:16,2018-07-04 11:36:00,2018-07-10 12:41:27,2018-08-09 00:00:00
8281751e57c88c456c81120e259c4367,2118725b646b0df667831735291dbe7b,delivered,2018-02-26 19:06:58,2018-02-26 19:15:39,2018-02-27 17:32:58,2018-03-02 20:42:48,2018-03-16 00:00:00
8b019d057bcca4a22ee5bbd62e8ffe0e,1ae3847ae6c98b481b672104f0a806d5,delivered,2018-03-31 13:57:59,2018-03-31 14:10:13,2018-04-09 23:57:01,2018-04-19 00:11:32,2018-05-04 00:00:00
408049720996030bf12798d1338df7a1,f80fade9fce4eed558050e82a69a590f,delivered,2018-07-24 12:22:38,2018-07-24 13:40:16,2018-07-24 14:40:00,2018-07-26 20:12:28,2018-08-13 00:00:00
c341b928652ab66dc02f4a2e9bb2d969,a0d71ab81a7bc3212eb98275c65c04ac,delivered,2017-11-24 16:08:11,2017-11-24 20:11:57,2017-11-28 15:47:12,2017-12-21 21:17:11,2018-01-05 00:00:00
6ebc232b5e255e922b876735d4cbbb31,324dc2010d97d9fb303d814529cec409,delivered,2017-06-14 20:46:50,2017-06-17 03:15:47,2017-07-07 14:47:41,2017-07-21 11:33:34,2017-07-18 00:00:00
877261415157af624686e150af5295af,eaa818282a335e15f010e4a6a3af9de4,delivered,2018-04-30 22:09:03,2018-05-01 03:32:36,2018-05-02 11:10:00,2018-05-07 13:34:48,2018-06-01 00:00:00
18137b5db086c8612160066abecac8a7,97c905bbb48e654d4c54d35f094337b5,delivered,2018-07-20 23:33:59,2018-07-20 23:45:06,2018-07-23 13:32:00,2018-07-26 19:41:31,2018-09-06 00:00:00
b475d09fc9d7e739a7c8bbdbdaed3b8e,b4cb7305298ebeb89d13a2f78cfc9c08,delivered,2017-09-07 15:46:11,2017-09-07 16:07:07,2017-09-11 14:15:40,2017-09-12 21:12:08,2017-09-21 00:00:00
cc8607fdeb822bbb13aadae04f3bb7aa,5cedd34edc16d4695d35c75eb4af56c0,delivered,2017-06-24 16:20:25,2017-06-24 16:43:34,2017-06-26 08:59:30,2017-07-06 13:33:50,2017-07-20 00:00:00
4cc2d69355f58ec964dfd4c0621b5a14,e2c09e699d1b2301790514ac52ca2e4d,delivered,2017-12-27 12:10:43,2017-12-27 12:29:11,2017-12-28 23:32:45,2017-12-29 18:34:33,2018-01-17 00:00:00
084ded1a75b230fac5331c786694ab7f,6c889130b007b6b26cdef380c00e10f7,delivered,2018-01-03 21:00:21,2018-01-05 02:39:26,2018-01-08 20:48:37,2018-01-10 18:39:01,2018-01-24 00:00:00
3e22992053887624e88bf136002962d5,f52515e506c16ff02e8f9a8dcab675ef,delivered,2017-11-22 13:10:44,2017-11-22 13:40:54,2017-11-23 22:04:49,2017-12-20 15:43:42,2017-12-14 00:00:00
2a426a30d3d6787eaab8d32365278593,1f90b2cc130733e64c99940da0940b50,delivered,2017-11-30 16:25:41,2017-12-02 02:51:05,2017-12-04 22:16:33,2017-12-28 19:37:08,2017-12-26 00:00:00
31ac604de6bd9460ebfc6af9e5401ee2,0beb6f83a9e13f0dc0645df5c1f8475f,delivered,2018-05-19 14:07:22,2018-05-19 14:31:16,2018-05-22 15:22:00,2018-06-02 00:14:52,2018-06-04 00:00:00
c45e4de164ec4d68c64e752d6728e249,76dc9e33e0c0f5abda10293f94c86423,delivered,2018-03-20 12:35:01,2018-03-22 02:49:53,2018-03-26 23:09:07,2018-04-05 17:18:40,2018-04-18 00:00:00
9f1d0b98c248d6afcfd3c708a723edf8,ee346cba5a3efbdd8663133d9ff755e8,delivered,2018-01-30 23:42:58,2018-01-30 23:55:47,2018-01-31 16:19:26,2018-02-23 22:08:28,2018-02-22 00:00:00
e2f2d9285d6514581a9e7a20868a4e95,1fe6b9758bbf667a036b6c2620da3423,delivered,2018-01-14 10:35:25,2018-01-14 10:49:45,2018-01-18 15:49:10,2018-01-20 18:06:59,2018-02-05 00:00:00
32f36c4204dd49c1e1055b4cc4c558a3,71cd39c7efaa1482f3d111e5caef0b7b,delivered,2018-03-01 11:07:53,2018-03-01 11:50:09,2018-03-01 21:41:26,2018-03-08 18:21:59,2018-03-29 00:00:00
70c166d4c5cb846d78663b5b3e4adbb5,1d6f2e4efdab5db04ec1b691e00cd664,delivered,2018-07-15 07:56:59,2018-07-15 08:05:10,2018-07-17 16:14:00,2018-07-23 20:48:41,2018-07-30 00:00:00
b0bfc6d0d1a6a935d526a495cb223d3f,137bf1e25f97145d03a07e38a8568f40,delivered,2017-06-13 08:37:27,2017-06-13 08:50:10,2017-06-13 15:44:09,2017-06-14 15:42:10,2017-06-27 00:00:00
729ce1f9ecfc14e350cbf500f27cc709,59320045cf9859a283301adca55dd224,delivered,2018-01-15 12:46:00,2018-01-16 10:14:30,2018-01-16 23:21:25,2018-01-25 16:52:45,2018-02-05 00:00:00
43e967533a1c4a25bd90cd80acfd7950,8f17c01ad40d7124489dfebd8f459eeb,delivered,2018-06-02 20:51:09,2018-06-02 21:09:48,2018-06-04 13:30:00,2018-06-08 21:20:47,2018-07-05 00:00:00
7af905809ddbaaed2af20592006857e0,5c9c326c6ba02d6301cb8c68292316f0,delivered,2018-04-15 23:38:38,2018-04-15 23:50:13,2018-04-19 01:38:40,2018-04-21 17:20:57,2018-05-11 00:00:00
a50d174e10ae3a318551a633cffe8e9b,5eb90b3b173b853d40a5a388fc9f9f35,delivered,2017-05-11 14:35:52,2017-05-12 02:55:34,2017-05-22 20:17:47,2017-05-29 13:05:52,2017-05-19 00:00:00
12038c61d2a50f95412b96ac0e47502d,0d1b3897d00258d347dcd93a43924123,delivered,2018-04-25 11:01:37,2018-04-25 11:15:14,2018-04-26 12:01:00,2018-04-30 21:21:38,2018-05-18 00:00:00
25b6103279d49abad8b1b03989c6a7ee,3d8a8c537b49189fbf45f199acd93020,delivered,2018-05-11 10:19:57,2018-05-11 10:30:26,2018-05-12 08:39:00,2018-05-17 18:46:40,2018-05-30 00:00:00
4dac0c9aec5f460f203ce439f8af0f8c,72b368a9206b6e158934fdc1b79f962c,delivered,2018-05-07 23:49:04,2018-05-09 03:55:20,2018-05-09 14:01:00,2018-05-23 17:38:39,2018-05-29 00:00:00
b24b30b2680c0388fd18c9175271a8cb,7df1cd17dbbeae3711371434fb3f1531,delivered,2017-08-24 16:36:58,2017-08-25 15:05:40,2017-08-31 21:26:31,2017-09-01 17:27:47,2017-09-06 00:00:00
635b541d9f7dc7f9a3ec7531f16014e7,c56032bb1f28ae631c26e3c83a1d80a7,shipped,2018-05-14 14:35:45,2018-05-14 14:51:12,2018-05-15 14:50:00,,2018-05-24 00:00:00
eaac284918a0bae18197faef197f83e0,c94358f47b136fc8e5fc75123ff15213,delivered,2018-07-01 17:20:18,2018-07-01 17:35:11,2018-07-02 10:27:00,2018-07-06 16:41:45,2018-07-23 00:00:00
ae60b17185a7a0d74929448e21803329,d75ec94339dfd4d525dac0f255ffa695,delivered,2017-11-15 20:16:30,2017-11-15 20:30:21,2017-11-16 15:34:52,2017-11-22 20:17:35,2017-12-13 00:00:00
e068276f5e75a66212f75b84ebfeaccf,8b8e02be8fef10b7c6e2d210dbcfba7c,delivered,2017-01-16 13:17:46,2017-01-18 09:35:19,2017-01-20 07:13:46,2017-01-25 11:00:16,2017-03-09 00:00:00
e90f54c60527a57006c1beb79d15f03f,f5a2160c43645c1fe0f683eacd1581be,delivered,2017-10-20 17:08:39,2017-10-20 17:26:49,2017-10-23 22:06:45,2017-10-24 20:14:59,2017-12-12 00:00:00
04464191f1b76f60684eac5609f3bdda,20e464a07327b8acb79e2603ba845569,delivered,2018-07-30 15:03:10,2018-07-30 18:31:10,2018-07-31 15:54:00,2018-08-02 22:42:49,2018-08-07 00:00:00
1ac4ac576a3e3ef61ffbb64937ed1f62,3c452be4bf253c6f9a9a04e35f09b220,delivered,2018-06-06 11:44:08,2018-06-06 14:03:53,2018-06-07 14:09:00,2018-06-18 16:12:54,2018-07-04 00:00:00
1dc7e32417078aefd90f48772816008a,d7a30a15621f7476b06e0104ffef1cfa,delivered,2018-06-18 20:19:21,2018-06-19 20:16:28,2018-06-20 08:43:00,2018-06-25 18:48:29,2018-07-05 00:00:00
6eac247f4bce09d7fe35d7cf903c74b3,abc3efee9e5e539286ff709b2f654d8f,delivered,2017-07-12 13:39:52,2017-07-12 14:23:39,2017-07-13 15:31:59,2017-07-24 17:27:57,2017-08-10 00:00:00
e9d2ee85d4e02fd80bd039f3eb4d549d,deeffd0ed94f3f4edeaf96a13efce71a,delivered,2017-09-12 21:42:52,2017-09-12 21:55:13,2017-09-14 20:29:56,2017-10-03 19:57:42,2017-10-06 00:00:00
d3ebfb013e1078eaff4a664df869315a,36e70d326ab414aaf5be6ba0eab5bfde,delivered,2018-06-07 12:38:31,2018-06-08 12:37:00,2018-06-11 12:29:00,2018-06-18 14:06:40,2018-07-11 00:00:00
ba6e771c39f5c537cf32b54a8d238c08,fe1b37f3aa6b2fe245e6b8eb651d7d07,delivered,2017-06-15 15:56:29,2017-06-15 16:05:19,2017-06-16 13:33:51,2017-06-26 15:04:03,2017-07-17 00:00:00
dd61571f850e8cc02065e8f2921c3bbb,0495c25635aefe36adb7c788c6ff9f28,delivered,2018-01-07 13:55:58,2018-01-07 14:07:02,2018-01-08 22:08:42,2018-01-17 17:50:14,2018-02-02 00:00:00
a186c935e0231e23f12de2e3c6443684,ad6fdc534e9acad243a6760379f3fe9d,delivered,2018-02-13 18:18:25,2018-02-13 18:30:30,2018-02-16 00:12:01,2018-02-23 13:24:10,2018-03-06 00:00:00
c38c9bc64c50852ae814ac2dc6bff45d,b57504f62d129f5eefa6fe4a035e0e0b,delivered,2018-06-08 22:28:13,2018-06-09 07:12:19,2018-06-11 13:21:00,2018-07-07 16:48:55,2018-07-05 00:00:00
31b2ff78299f9c71d536cca98394ebe1,4f60b8e950a3f012e9fd35f7bc291803,delivered,2017-09-15 09:16:20,2017-09-15 09:30:20,2017-09-15 17:11:09,2017-09-28 17:23:50,2017-10-09 00:00:00
f87c07a7c9a3572f1a53b8dadd6b84c3,dd4bd98af49ad053c0f4dc6107234217,delivered,2017-12-24 14:48:00,2017-12-24 14:59:22,2017-12-26 20:34:43,2018-01-03 17:58:57,2018-01-22 00:00:00
7229af88b3e016ae8214948aecf9d19e,2fce48d96bf48183ba42e30a9f24ca48,delivered,2018-01-18 12:24:49,2018-01-19 02:38:26,2018-01-19 16:26:26,2018-02-06 16:31:47,2018-02-19 00:00:00
729efff80ae9b31f5435169b08c8bf8a,a1b34e0298e44c75495c32a71bca8949,delivered,2018-03-06 09:51:17,2018-03-06 10:09:41,2018-03-08 00:05:27,2018-03-15 17:08:35,2018-03-23 00:00:00
a89532f439dee652b2e9bc7bc3af44c7,1c0cf5b6dc8b8c2c166b6566e1005db8,delivered,2018-03-19 17:54:45,2018-03-19 18:15:51,2018-03-21 19:14:46,2018-04-03 23:46:37,2018-04-20 00:00:00
4421a7200d8a1f6a0dd6fbf8c96d01d5,4ffff1067fc518fcf4d439bec4ebbae1,delivered,2018-06-12 17:17:01,2018-06-14 02:57:37,2018-06-20 15:25:00,2018-06-27 14:38:45,2018-07-12 00:00:00
845f40bea2ead3894b6d95b621e108c0,9e3eaa4b238d6102e6e49c919187e222,unavailable,2017-02-06 20:27:06,2017-02-06 20:35:18,,,2017-03-07 00:00:00
ffc1fd8337b12fe96a4c39a0c2991296,ada0af90cd5f4e7c13f84fb47e0a5628,delivered,2017-05-03 16:51:47,2017-05-03 17:05:10,2017-05-04 15:03:06,2017-05-08 11:03:14,2017-06-02 00:00:00
aa5bc7c80064a78e898a7c2defceb690,f2b15f9e51e4e6f10da92a8030b95566,delivered,2018-01-09 08:29:41,2018-01-09 08:38:20,2018-01-16 01:48:42,2018-02-09 12:38:58,2018-02-15 00:00:00
61598b90b927811b3b38013ec10b8e5d,f04ae41c75d423a833694f86375f16c9,delivered,2018-03-15 18:39:56,2018-03-15 18:50:35,2018-03-17 00:18:44,2018-03-17 15:26:41,2018-03-27 00:00:00
52b6657a05a886dd78d180e8d2f29ae8,42fdfdfecf1c27d4a546df29f956ca2a,delivered,2018-07-23 18:08:41,2018-07-24 10:31:45,2018-07-24 14:09:00,2018-07-31 17:21:18,2018-08-14 00:00:00
2f669767ce462a3c52c5e53561229252,995463cc3940449ac2e89e8f9df06d10,delivered,2018-03-06 18:46:32,2018-03-06 19:30:28,2018-03-07 22:45:18,2018-03-14 14:38:33,2018-03-26 00:00:00
81d6ac4e9d7c1c677ea8d5d128e7f659,1484aa9c76bbac8c518f7eb7328494ac,delivered,2018-05-05 22:35:28,2018-05-10 10:15:07,2018-05-10 15:53:00,2018-05-21 22:24:19,2018-06-04 00:00:00
491f193fc52075598871cfe6f19976d4,754ca6f0a4efa94136ab04789648590e,delivered,2018-06-08 11:48:33,2018-06-08 12:21:35,2018-06-13 13:55:00,2018-06-18 13:29:43,2018-06-28 00:00:00
55a21991029dc5b9239c5bddc0f09e33,f6270ae120d1f3132f73b60d3e91de1d,delivered,2017-08-29 13:49:41,2017-08-29 14:05:25,2017-08-30 20:02:58,2017-09-01 18:55:43,2017-09-12 00:00:00
f7e9a79b157a77f2b176767e16124553,76de3012849125aa7a57a8a721f303f9,delivered,2018-06-17 22:24:52,2018-06-19 04:16:57,2018-06-19 15:38:00,2018-06-30 15:44:56,2018-07-25 00:00:00
fb14d0b924669f4fedd4109bbbfbb736,a6fb7a48402f0b53260a6b518b2119ee,delivered,2017-04-24 17:08:07,2017-04-24 17:22:39,2017-04-26 09:21:57,2017-05-03 12:58:57,2017-05-12 00:00:00
9ae23540f2733800190476b85aa910cd,92dd4b87879a4dc3450ccfb6ae1932f2,shipped,2018-03-12 10:32:11,2018-03-12 11:15:38,2018-03-14 22:32:04,,2018-04-06 00:00:00
d84ce4acc4a19690d7a7b6f5df4d3023,df617ecf75e122f5982420b0495cae50,delivered,2017-07-13 15:52:11,2017-07-13 16:04:46,2017-07-19 18:27:38,2017-07-27 15:36:44,2017-08-02 00:00:00
5b02e3190400ea2755927d0ee0647d73,a54c000c261e820c31699fe7bd16046f,delivered,2017-10-14 20:53:48,2017-10-14 21:07:17,2017-10-17 16:21:34,2017-10-21 13:22:38,2017-11-07 00:00:00
3786490a9435828d9b33fa35664aff99,f745a07300ff4f04eeafe9fbafaa3b98,delivered,2018-01-09 17:03:35,2018-01-09 17:32:18,2018-01-10 22:43:54,2018-01-22 19:58:16,2018-02-23 00:00:00
c34da1288f178b15970f8d7aa8c45cbf,32a69ea152f154c162be65ae0389fbef,delivered,2018-04-08 08:35:18,2018-04-08 08:50:43,2018-04-10 22:52:03,2018-04-11 15:17:54,2018-04-20 00:00:00
063f6b61015cb748333bd76ef0deac47,3375961a3c02d5650dadc9294ea54bbd,delivered,2018-01-04 14:12:09,2018-01-04 14:19:22,2018-01-10 00:22:39,2018-01-11 23:03:54,2018-01-31 00:00:00
1bc003426b11b20491aa5b7810c9cbf2,8533aa252bf31a01e141f49c31cf319a,delivered,2018-08-22 00:12:31,2018-08-22 00:25:09,2018-08-22 09:25:00,2018-08-29 02:22:30,2018-09-18 00:00:00
8f8e4c6e05e4b84707bf0dafc310fc7b,9249476dff8f7a54d21b00f1423b5bf1,delivered,2017-08-03 14:42:09,2017-08-03 16:15:14,2017-08-03 20:49:46,2017-08-08 18:00:13,2017-09-11 00:00:00
0b398dbb3e7c81005f3c69b01488c4c9,d5a8b5d8ed21f5234e1278a477e751a9,unavailable,2017-09-27 20:51:53,2017-09-27 21:07:13,,,2017-10-24 00:00:00
f6bc8c7b31f02638a377f399f2bd201f,5434dbc80a2451a651a3fba4997a9b87,delivered,2017-03-06 09:27:36,2017-03-06 09:35:21,2017-03-06 13:59:55,2017-03-09 09:18:41,2017-03-27 00:00:00
c8e4d7b6268150138b3cce1a49c8863b,feb6b22599ba8d9269ddc01c798116b0,delivered,2018-01-08 19:31:14,2018-01-09 07:19:41,2018-01-11 20:33:41,2018-01-24 23:58:08,2018-02-16 00:00:00
d98f635a12ded39ef1002ffefe2c80f6,2510dab99846cf86151167128b2032e1,delivered,2017-02-10 13:54:57,2017-02-10 14:05:13,2017-02-15 11:54:43,2017-02-17 17:17:31,2017-03-10 00:00:00
a835505a16cefe4fe794476d79374f81,faa0c4abeacc34fadc4bdcf878b42b63,delivered,2018-08-15 14:40:37,2018-08-15 15:05:13,2018-08-17 12:44:00,2018-08-20 19:22:26,2018-08-21 00:00:00
4ba3f21bd638fd2e98fc97de01b63a34,c4ac881f58db1a55366d4fd58128f7f0,delivered,2018-03-25 15:22:52,2018-03-25 15:30:33,2018-03-26 20:03:53,2018-04-12 22:47:35,2018-04-13 00:00:00
ec618314861f02fad4e606d750489ee5,d02d430313cf955bb70f8c079566aff1,delivered,2017-11-23 11:30:46,2017-11-23 11:49:00,2017-11-23 22:02:29,2017-12-05 19:23:33,2017-12-19 00:00:00
acc49e9dd2387ecf0a331d12c5774d52,b9dbc440e8e2b2b72d19dc88459f6794,delivered,2017-12-21 15:48:11,2017-12-21 15:55:31,2017-12-22 21:08:53,2018-01-04 21:18:07,2018-01-17 00:00:00
cd785ff917fd0d23a0ff435cb39c037d,884a0382689fb4085be0b4811e3a4d59,delivered,2018-06-25 12:04:22,2018-06-25 12:15:25,2018-06-25 15:31:00,2018-06-28 20:41:43,2018-07-16 00:00:00
3713fe13d5a4c736c62e235af932a494,70aea4d4d3272d80dae93bb0b54dbe29,delivered,2018-06-18 12:34:24,2018-06-18 12:57:52,2018-06-19 11:17:00,2018-06-20 16:06:50,2018-07-03 00:00:00
fc785ee76910f164cc65821f006a58d5,72cb30eee8406d375e223bf6532f6c4a,delivered,2017-06-12 09:15:35,2017-06-12 09:25:24,2017-06-19 16:10:58,2017-06-23 12:03:09,2017-07-05 00:00:00
6a7a2caec1c515a203d22bfdd390da63,04b6b85b1ffc6867540213d69a3ec01d,delivered,2018-03-06 09:24:12,2018-03-06 09:35:22,2018-03-06 19:09:33,2018-04-07 11:14:25,2018-03-29 00:00:00
7b553267b4a47c97b6c27a6aafb549f3,fe80289c760cab85736b9f4429bf7538,delivered,2017-07-14 22:39:35,2017-07-15 03:33:18,2017-07-17 16:53:58,2017-07-20 20:16:54,2017-08-03 00:00:00
c9d46caad10d4c85f1eded254193e2a5,84fe777cc65bf2b45cfaa88b6c1188e7,delivered,2017-12-12 17:14:09,2017-12-12 17:31:50,2017-12-13 23:52:38,2018-01-12 21:53:40,2018-01-11 00:00:00
115a5def49198c358d372dccac79ce54,b61644c2fc96943d712a9f4a249234ce,delivered,2018-07-26 09:54:55,2018-07-26 10:05:53,2018-07-26 14:44:00,2018-08-01 20:32:11,2018-08-15 00:00:00
0eb292344b2b6367acf848e125a32538,8d1eb0233a90478bafc36d66f468de9c,delivered,2017-06-27 20:53:52,2017-06-27 21:05:14,2017-06-28 14:47:43,2017-07-07 17:32:22,2017-07-21 00:00:00
fd654135e9d2b7c59f1f301c8b7eea44,e2bfd6c5e26d3365ab8553471b537bbc,delivered,2018-04-21 13:24:51,2018-04-24 18:49:51,2018-04-26 15:06:00,2018-04-27 21:51:28,2018-05-11 00:00:00
498fddb261b6ddd5974cf8bea3374388,99c8c2b1c8b9cb95024ca7cd1c84059e,delivered,2018-08-08 09:01:31,2018-08-09 03:45:14,2018-08-10 13:55:00,2018-08-15 21:26:42,2018-08-16 00:00:00
4f53648717b48854fb9db283e2cf5d27,6f511bdde13d8de37379becebabb7fd2,delivered,2017-05-13 20:17:09,2017-05-13 20:25:11,2017-05-17 16:32:38,2017-05-19 09:27:55,2017-05-31 00:00:00
2477eccf092b3407c1442bf98cde9729,41c745d2f76353fbe24e980cf298b6ad,delivered,2017-12-06 21:55:04,2017-12-06 22:09:52,2017-12-11 17:19:03,2017-12-13 20:10:45,2018-01-05 00:00:00
ffb8f7de8940249a3221252818937ecb,036a2b2e7d16c12b97890ea51a2ef172,delivered,2018-07-22 12:58:25,2018-07-23 09:04:32,2018-07-23 11:41:00,2018-07-31 15:05:05,2018-08-10 00:00:00
79c0fac13b3965c6b73c3fa600059b36,c34a5917571c7ffe960785111bfa4061,delivered,2018-02-20 22:32:06,2018-02-20 22:47:30,2018-02-22 19:29:13,2018-03-01 22:07:54,2018-03-16 00:00:00
5e235e61ce267978794f9d8f22465386,db020f723e4bc1be8a09d3f47cf2c94c,delivered,2018-03-12 16:47:42,2018-03-12 16:55:59,2018-03-13 19:38:37,2018-04-03 18:23:00,2018-04-05 00:00:00
ddcf6c758c04fe3f2e0d1ae301ec5f40,52128c30f27e3166029ab4ad0b502c94,delivered,2017-04-11 12:45:06,2017-04-12 09:02:14,2017-04-13 10:50:43,2017-05-09 17:57:59,2017-05-18 00:00:00
a07589bd08c0f6f6e01dad0a425aa352,2900c95fa594a00e8e83ce658bc915f0,delivered,2018-06-22 10:17:53,2018-06-22 10:36:02,2018-06-22 14:41:00,2018-06-27 14:36:34,2018-07-23 00:00:00
f7791fd674aa787f1f33ae0fc5bb0e3c,a022d09d6218dea5a35a53d834e62912,delivered,2017-07-04 17:54:07,2017-07-05 17:40:43,2017-07-06 11:32:00,2017-07-10 17:52:45,2017-07-26 00:00:00
62ef149989532929ee727f458049bb98,75eb6159884efe3ef7da3449c8ab244a,delivered,2017-10-16 10:32:58,2017-10-16 10:49:17,2017-10-17 15:48:01,2017-10-21 12:53:34,2017-10-26 00:00:00
aac15589b232e9722429d3a06a547b6d,d81eec91dac9e0886753b2062c26b1ab,delivered,2017-09-16 19:16:20,2017-09-16 19:30:10,2017-09-19 14:53:22,2017-09-27 21:15:04,2017-10-10 00:00:00
d64a14f0bda63154a36174c4870ee78c,8100182ef5153393aaa0b0ee5e7c0fb7,delivered,2018-05-21 09:38:36,2018-05-22 08:16:34,2018-05-29 09:25:00,2018-06-05 21:41:58,2018-06-07 00:00:00
760999ff07a3e111f8f559e83a11499b,2a7f7a3839af32d2fdfe6f36af812971,delivered,2018-08-22 20:09:46,2018-08-22 20:25:12,2018-08-23 13:16:00,2018-08-30 21:05:27,2018-09-05 00:00:00
4ac47dc578518440150fbf3780d83a30,069a425b9e8a1f9e8d508eff8d7c3925,delivered,2017-10-01 21:06:02,2017-10-01 21:24:05,2017-10-03 12:57:31,2017-10-06 14:17:30,2017-10-26 00:00:00
9e9019ce043c4bb38f4bb4afa8bd55ca,24a7428e950dbbda9356425d3191e586,delivered,2018-08-19 11:47:05,2018-08-20 11:31:35,2018-08-21 12:51:00,2018-08-27 17:54:53,2018-08-30 00:00:00
6b688d7c200891c0f00b36cbb2156a78,44e56c0c6009b03c72041bd465811294,delivered,2018-02-14 14:48:37,2018-02-15 04:20:19,2018-02-15 23:33:50,2018-02-21 18:38:47,2018-02-26 00:00:00
7533fbd27a9bfcacc9cb7d7e1b95c30b,5631ca2b8971a198d12cf1b83deb6ec5,delivered,2018-03-09 20:45:07,2018-03-09 21:09:54,2018-03-13 10:42:25,2018-03-21 22:12:50,2018-03-28 00:00:00
aaebd610c2ce12f554c4614fd969f798,876a2e72947d6a479c85438160717b28,delivered,2017-11-15 16:48:29,2017-11-15 17:07:07,2017-11-16 18:33:07,2017-11-21 18:46:42,2017-12-07 00:00:00
8c33d668c93faeb68c9fbf5fadd93e3a,f65a9d5dc0c49064efc04ca1d4667935,delivered,2017-04-23 11:33:03,2017-04-23 11:42:10,2017-04-25 08:47:25,2017-05-11 12:29:50,2017-05-30 00:00:00
79ec7fcffa4121dbb55b945aee306e12,002348c1099e3229276c8ad7d4ddc702,processing,2018-01-10 12:28:22,2018-01-11 03:09:22,,,2018-02-02 00:00:00
1ec6a22830cd894e36c04b72a905dd43,c5451f407a42c7fbca8b2f1adf9944e2,delivered,2018-01-08 13:17:05,2018-01-10 10:32:51,2018-01-12 23:39:36,2018-01-19 16:28:09,2018-02-05 00:00:00
26de0ad903879b7f28b74d5f60426198,b51839b045d441da8da60ea3eee3a3e1,delivered,2017-03-01 09:25:31,2017-03-01 09:35:20,2017-03-03 08:23:57,2017-03-12 08:16:02,2017-03-30 00:00:00
c5a35c39a04a0da294d01d0854dd2e9b,cd5f2ac7558ccaebe665f1595ae61fff,delivered,2018-01-06 16:36:51,2018-01-06 16:46:51,2018-01-10 20:51:49,2018-02-06 20:46:53,2018-02-09 00:00:00
395fcc8123e7a3a7c5054d6dae0dad9e,4d11f37e9a81c1e42a04b749b85d68d8,delivered,2018-05-02 13:22:49,2018-05-02 17:54:04,2018-05-04 08:32:00,2018-05-10 20:08:43,2018-06-01 00:00:00
43f4557e2a514edbbd692027ca5cf280,1c3ba04947c5b1390ded9d8533791ebf,delivered,2017-05-29 16:25:48,2017-05-31 06:50:32,2017-05-31 12:50:45,2017-06-16 15:22:10,2017-06-29 00:00:00
9c94bfacc09a4a008c0eac2e86cb1628,ad2086a7a9ff955e5d632076b549746e,delivered,2017-06-02 21:22:03,2017-06-02 21:35:07,2017-06-05 10:46:50,2017-06-12 13:43:08,2017-06-27 00:00:00
a98fe09b46d38252ffe1bcccb1a6641b,3f25df1e9c68750d7e3d3125a386e531,delivered,2017-12-01 10:49:12,2017-12-01 12:31:33,2017-12-01 21:13:25,2017-12-11 21:13:39,2018-01-03 00:00:00
877e77fa066905d1dc21d9677a649b85,ea6e237ce2de204046adcc63b08096c2,delivered,2018-06-25 15:50:43,2018-06-25 16:15:33,2018-06-29 16:32:00,2018-07-02 09:11:27,2018-07-24 00:00:00
f1ef0cea033ae487dc3ebc664cb10d1b,62b928147854bc65eeeff14bb787a009,delivered,2018-02-22 13:13:12,2018-02-22 13:47:52,2018-02-23 22:42:48,2018-02-26 19:22:37,2018-03-08 00:00:00
44e9e7a851d64518b40a6887d84b8b60,3a3967691d56a8d93256a5eb0c541e19,delivered,2017-05-03 22:51:05,2017-05-04 01:45:22,2017-05-16 09:42:04,2017-05-30 10:08:23,2017-06-06 00:00:00
62f85456fc470d391e292c649d8f0124,8578b195ef00d35534b548af9e9a152d,delivered,2017-12-28 08:28:20,2017-12-29 08:27:31,2017-12-29 16:38:45,2018-01-09 15:18:40,2018-01-30 00:00:00
41cb41ef29a6cd8f633cac105998332f,f2085b31ca99c19ce9203a2cbb344dc6,delivered,2018-08-10 17:09:47,2018-08-14 04:30:22,2018-08-16 14:16:00,2018-08-24 14:56:24,2018-09-04 00:00:00
d465c10f1f89099cfd6c57cd84249f6f,49e3545f69f394b6e1ce143157a73642,delivered,2018-01-08 20:48:30,2018-01-08 20:59:32,2018-01-11 00:24:26,2018-01-12 14:54:54,2018-01-24 00:00:00
78d1ad5b65aecc8f61c0fab7b28e8281,dbb68cef9a37ab412a671c35ef258d33,delivered,2018-03-21 11:47:29,2018-03-21 11:55:49,2018-03-22 18:51:59,2018-04-04 16:21:01,2018-04-17 00:00:00
f35e557434d42e2818e3e8b3c4bbf1e4,e64cafd89602b921eff1a79cf24f0613,delivered,2018-06-26 09:31:19,2018-06-26 09:52:54,2018-06-26 11:18:00,2018-07-06 17:34:35,2018-07-27 00:00:00
9c28244a57606ad0cd766dbef78f98a8,0cdc56cae92a99834552b88218f2baa5,delivered,2018-07-20 12:26:01,2018-07-20 12:43:35,2018-07-20 14:37:00,2018-07-24 19:33:23,2018-07-31 00:00:00
01ba495d945c6a1c5b198bbad63e61c6,e8f23326e2c34831368372a3dbcf8ce3,delivered,2018-01-31 11:22:27,2018-01-31 14:01:52,2018-02-02 17:12:30,2018-02-16 17:02:39,2018-02-23 00:00:00
dea1e695f08ba5ff543ac1f0132f6db3,d564b70e32e3a90a00477b7a1d3f0e40,delivered,2018-02-21 17:59:32,2018-02-21 18:15:24,2018-02-23 22:45:49,2018-02-24 20:54:11,2018-03-07 00:00:00
17825f24877a9289214c301ae0c9424b,9b8ce803689b3562defaad4613ef426f,delivered,2017-05-11 13:48:47,2017-05-13 11:55:16,2017-05-15 15:30:02,2017-06-07 12:02:14,2017-05-30 00:00:00
029b2daf51dda061aeb1cf32c9306db7,46490458d353247266448e9bdc7bd115,delivered,2018-08-06 16:20:23,2018-08-06 16:35:20,2018-08-07 14:22:00,2018-08-15 19:24:42,2018-09-04 00:00:00
9fe33416283b9bfb49fcdea66c415777,5d0ce5948d35340bb6edf34595d1f2d3,delivered,2018-01-13 22:19:47,2018-01-13 22:29:45,2018-01-15 22:41:44,2018-02-08 18:34:13,2018-02-15 00:00:00
47ced0a7515c9c759da126fad76397d5,35a797c4719b70b2a1ca87b197b90c58,delivered,2018-06-10 19:45:23,2018-06-10 20:17:18,2018-06-12 08:50:00,2018-06-14 16:58:55,2018-06-20 00:00:00
626d1cc366da566023f1b3d8e202d568,0977ccd98cf666f24223669c1aae0180,delivered,2018-06-26 04:15:10,2018-06-26 04:32:05,2018-06-26 14:37:00,2018-06-27 18:12:33,2018-07-18 00:00:00
f912318b97b5cc776cbcd05bc2b4dee5,9d33cff321da4458db9596168e309392,delivered,2018-08-08 23:22:02,2018-08-08 23:35:16,2018-08-10 07:27:00,2018-08-28 13:57:40,2018-08-29 00:00:00
1337d5367a799babc13f9f71c63bf7ab,84bf6a4346118c8306d16b593c15176e,delivered,2017-09-09 19:36:37,2017-09-10 01:34:04,2017-09-11 20:32:12,2017-09-19 13:48:19,2017-09-27 00:00:00
368f8d217d97abd561399215e13db4e3,bb033b43dc2c1e3fb26312d16e38bf50,delivered,2018-03-07 01:00:09,2018-03-07 01:15:24,2018-03-07 20:28:57,2018-04-14 15:13:02,2018-04-05 00:00:00
18d97970f63e7ee06cc61aabb05cb6b6,6fcd437a7ec74153d5d279c854213536,delivered,2018-04-16 13:46:39,2018-04-16 14:32:35,2018-04-18 12:28:51,2018-04-19 21:41:56,2018-04-30 00:00:00
47cb6230e12948960e82a4924f9ca0b1,33a37e2f0ce971293fb3386e246e851a,delivered,2018-04-09 20:09:44,2018-04-09 20:30:05,2018-04-11 21:03:40,2018-04-12 13:09:33,2018-04-19 00:00:00
bcd58566a69cec15b9dbecaf661df388,ee0eeeb62c7639298a849f360e1e6d35,delivered,2018-03-20 11:03:07,2018-03-22 02:49:50,2018-03-28 14:58:39,2018-04-04 19:36:10,2018-04-11 00:00:00
7b38728b3f2fb3b9c622306b2ddcbe96,4da72641124921d442507519f5373e51,delivered,2017-10-22 18:35:45,2017-10-22 18:49:21,2017-10-25 18:33:39,2017-11-02 14:43:07,2017-11-14 00:00:00
e8a9b36dea36cc9c246000b8c7cca976,f7335df2eeca0716c89a87c5692dea34,delivered,2018-04-23 12:49:27,2018-04-24 17:36:01,2018-04-24 17:32:27,2018-04-25 18:18:33,2018-05-11 00:00:00
79e8e10e18151e5d8b8223a0ce9ee34f,e0dea86e76e3cb7a8225b70a1ebc0e74,delivered,2017-10-25 01:58:21,2017-10-25 02:28:39,2017-10-25 19:37:58,2017-10-31 14:42:10,2017-11-14 00:00:00
3d6024a65d547d75ce7c38da01993565,71dcbb257571501de1dc58ac8321a39b,delivered,2018-05-29 18:27:08,2018-05-29 18:51:21,2018-05-30 16:40:00,2018-06-02 11:16:42,2018-06-21 00:00:00
6318d8c5f6857de384c0b3186d036457,e16043b6c48d4fcfcf5500300001a665,delivered,2017-06-08 20:02:41,2017-06-09 19:55:14,2017-06-13 14:38:45,2017-06-26 13:08:19,2017-07-14 00:00:00
a8b287712f97be514752ebf62271b2a2,632e9560c4fab7134a5e11e8ad599c86,delivered,2018-02-24 21:08:50,2018-02-24 21:28:18,2018-02-27 22:09:26,2018-04-21 20:36:27,2018-03-21 00:00:00
1eb9a93c492ef0337c6855555dea8ae2,6a9a12e6f2dfaaffaf61d48d35c2e08c,delivered,2017-10-15 16:01:06,2017-10-15 16:14:57,2017-10-19 14:16:45,2017-10-24 17:52:44,2017-11-06 00:00:00
cace1a92b9984790083116a9f2e7ae5c,49c3a1a50b8142d5b884209cf0db476e,delivered,2017-11-16 13:50:41,2017-11-16 14:08:17,2017-11-17 18:42:53,2017-11-20 20:10:04,2017-11-29 00:00:00
ace8119e1ccd050e898a31eeaf829121,6d2fc313c058293791f4f94623f1cf80,delivered,2017-11-26 18:13:28,2017-11-26 18:32:37,2017-11-28 00:05:31,2017-12-05 19:04:45,2017-12-22 00:00:00
490f9c9fc86a9e753c5729f7119e84d7,0d9406fc091e557580d0d2171f268d88,delivered,2018-05-04 10:46:21,2018-05-05 03:50:28,2018-05-07 13:16:00,2018-05-10 15:18:47,2018-05-24 00:00:00
b69b3998539f1f68e146ab4db97cd0a5,8a69afb6812887ee507ff9ab87fb36bf,delivered,2018-03-05 09:29:59,2018-03-05 09:48:15,2018-03-05 19:28:53,2018-03-06 12:16:34,2018-03-15 00:00:00
9883744c6400cfad8a620ddb82b9793c,df7f0c302322f4a233a07fb9cbddb46c,delivered,2018-05-02 10:19:23,2018-05-02 10:34:27,2018-05-07 11:32:00,2018-05-08 21:06:05,2018-05-24 00:00:00
ec967af67c54436554c9389770962aa4,bfcb83e71e3778e69dbb16fb4f259143,delivered,2017-12-11 10:24:39,2017-12-11 10:34:31,2017-12-11 18:12:40,2018-01-05 21:28:51,2018-01-05 00:00:00
f927763b2f03e72c178092609d6be813,f1b85d7cf113664b6dd49f3de3f9355e,delivered,2018-05-02 16:22:09,2018-05-02 17:32:10,2018-05-07 12:31:00,2018-05-09 21:51:34,2018-05-25 00:00:00
040c71e2bb944537100baa9dfff8e2ac,7d0eaeecc730e5953bf95a9f00f236d6,delivered,2018-02-22 12:44:10,2018-02-22 12:55:52,2018-02-23 21:23:20,2018-03-01 20:37:46,2018-03-19 00:00:00
ee1fd5d090d5f8772860cad42d39c986,d6154b35746d6957d70e8187799faecf,delivered,2017-08-15 22:47:10,2017-08-17 02:50:14,2017-08-30 22:07:45,2017-09-09 16:09:46,2017-09-13 00:00:00
f4829d4aec1e7ce6d1f88c4eb8086c3e,e601ca133e5e7ef8ed11669470d28472,delivered,2018-08-21 14:41:32,2018-08-23 02:55:24,2018-08-24 16:05:00,2018-08-27 22:38:24,2018-09-26 00:00:00
cb5b7fb63c0add7098c025cb737df02e,7e2d8e10c5c9339ad1492ad76452465f,delivered,2018-02-25 17:37:04,2018-02-27 04:31:06,2018-03-01 21:36:54,2018-03-19 16:46:35,2018-04-12 00:00:00
a2ccba6b49ba609c283317d2754b4fa4,97976723d84afda08b4bfc980d17e2f7,delivered,2017-12-11 12:09:34,2017-12-11 12:17:25,2017-12-11 20:28:52,2017-12-19 00:39:00,2018-01-11 00:00:00
6e5eb9bf354b388aac8561d04e9b0ef0,7c9bd29ba762dee02252ee11180a5f08,delivered,2017-10-25 10:11:12,2017-10-25 10:33:27,2017-10-25 20:14:09,2017-11-03 19:47:37,2017-11-21 00:00:00
61c0331f4a2916cc12ae6abe6f4caf41,69a3dbdc444fd4620ea62358f213491b,delivered,2018-02-18 20:50:45,2018-02-18 21:50:38,2018-02-20 19:04:36,2018-03-16 20:32:37,2018-03-12 00:00:00
b132124ca9d69faf63989e08a5851151,2e6d07b7d21a82360f3b981e93f20c45,delivered,2018-05-22 10:50:04,2018-05-22 11:14:31,2018-05-25 12:40:00,2018-06-04 19:26:52,2018-06-08 00:00:00
1258254c11dace819eb300c703d74d50,ed40fefcaeaecbeac079d45a7ff70996,delivered,2017-12-03 11:04:52,2017-12-03 11:16:28,2017-12-04 22:53:55,2017-12-05 21:32:17,2017-12-20 00:00:00
414cadf0b930cce31271e8d9d6c1da64,48e3f5541dee310caf8cb2c5d1828015,delivered,2018-01-31 19:39:55,2018-01-31 19:55:34,2018-02-05 20:08:50,2018-02-17 16:22:49,2018-03-02 00:00:00
d4dd30b0bae8f3e541debeec24928732,e6a01ce8fcce3ed1ff67b57f35a71c2e,delivered,2017-11-23 08:27:04,2017-11-23 08:38:20,2017-11-24 19:47:46,2017-11-30 20:21:52,2017-12-12 00:00:00
ed9b3b9e44dcd0fdbe1bffbdeaf4d2ce,f45a92b3df5e28c6d60e80bf4d1b67af,delivered,2018-04-10 09:28:31,2018-04-10 09:51:04,2018-04-18 23:26:51,2018-04-26 22:55:41,2018-04-20 00:00:00
d05cac15bc1000a8d38860c44fc4af09,edaf081727eac11647e9cdba5f9ceb48,delivered,2017-05-12 01:23:16,2017-05-12 01:35:17,2017-05-15 07:41:43,2017-06-12 10:04:57,2017-06-21 00:00:00
1367467fb1eec22652fb5bc05c72a73a,3904ba9aac7b2e3f7de89443f67ef2fb,delivered,2018-05-09 11:38:03,2018-05-09 11:51:36,2018-05-09 14:30:00,2018-05-15 14:38:35,2018-05-28 00:00:00
0410ab9a8e8b28e6399bca3e89562f95,9cfad66c82697c8385f5efedeea1b878,delivered,2017-09-13 03:15:40,2017-09-13 03:45:35,2017-09-15 18:46:48,2017-09-28 13:44:47,2017-10-03 00:00:00
8300640f8328abe9ac6691e4caf3c2bf,1e0918f0d58bd46e2465857831ec892c,invoiced,2017-02-09 15:27:30,2017-02-09 15:35:18,,,2017-03-14 00:00:00
2193f5bb6c9f9d32aa596cda03c6aa03,7ef663a8207160332584b183b6cdd739,delivered,2018-08-17 11:52:18,2018-08-17 12:09:46,2018-08-17 19:37:00,2018-08-20 16:42:28,2018-08-22 00:00:00
4dc589e6389192764e1bad67c0fecf8f,f7962da40aedf8ef1a4d3caaaf10f941,delivered,2018-01-17 14:08:41,2018-01-17 14:16:33,2018-01-18 22:00:28,2018-01-27 09:48:09,2018-02-14 00:00:00
f655e064aa3f4617ec0f8d5ab4885a26,f5471b550eb47981e7b33165df33bd20,delivered,2018-03-20 13:44:22,2018-03-21 02:55:41,2018-03-22 22:07:21,2018-04-10 16:32:40,2018-04-26 00:00:00
cc6b4b00ee3769433a23d8d24ccdec3d,3ae9d43ff9d654653047e514d0013dd6,delivered,2018-05-09 13:01:39,2018-05-10 11:36:40,2018-05-10 15:25:00,2018-05-14 15:03:50,2018-05-25 00:00:00
137264e02b6bb16372279951e7258ec6,551ba6f8e39bce3ccc0785753f73ba10,delivered,2017-08-04 12:23:32,2017-08-04 12:43:19,2017-08-08 20:13:42,2017-08-15 20:12:23,2017-08-30 00:00:00
416e49799e9260d93c8f636ce6661a55,c986404d6cdb4c44f42b32e11f5b4296,delivered,2017-12-11 00:21:08,2017-12-11 00:30:29,2017-12-12 21:35:55,2017-12-16 00:14:54,2017-12-29 00:00:00
97d3b9b0032e8db77dbde7759a33d984,a393c963191397a4370f0e3119068da2,delivered,2018-05-12 17:37:05,2018-05-12 17:56:58,2018-05-15 16:22:00,2018-05-19 11:23:36,2018-06-06 00:00:00
7b728dc4326b3d4fd31af03837b573de,a155783863e4e349af2f828a703b90c8,delivered,2018-01-17 20:10:48,2018-01-17 20:30:36,2018-01-19 12:54:27,2018-01-26 20:36:30,2018-02-16 00:00:00
1924766ffdd4d4a99d7a138edd875e38,7baaa37a1c452f1969c629351d44da7a,delivered,2017-03-24 01:01:52,2017-03-24 01:01:52,2017-03-24 13:37:32,2017-03-27 18:40:22,2017-05-03 00:00:00
79dadf439ff9c9463421094b730899f8,b97e1da54c9beed84628fc0a29339fa5,delivered,2018-08-02 12:07:04,2018-08-02 13:10:14,2018-08-03 12:53:00,2018-08-06 21:56:35,2018-08-10 00:00:00
908fa8f2c6d9100f8efb75338167c8a6,edf16944c4d033cdacf0123ce27592d3,delivered,2018-07-02 10:22:35,2018-07-02 10:35:16,2018-07-03 08:56:00,2018-07-10 18:28:30,2018-07-30 00:00:00
34d91b022de394cf98320a2109457501,5d19714e81cbec2bfb9573edf9e1346c,delivered,2018-04-13 16:35:16,2018-04-13 16:52:52,2018-04-16 22:13:28,2018-04-24 12:37:58,2018-05-15 00:00:00
5f2e44ea1fc61083103e1a75f61d2bdf,5ce194db2a0013852fdb744ac95ef05c,delivered,2017-02-02 17:00:25,2017-02-03 07:01:30,2017-02-03 12:00:59,2017-02-15 16:22:08,2017-03-03 00:00:00
d733617b9855b9e43121c84fa731e3b5,7a2f424f3285ca1f05eef3e8ff9b58c0,delivered,2017-03-23 10:20:33,2017-03-24 02:44:17,2017-03-24 14:14:05,2017-04-03 14:38:56,2017-04-11 00:00:00
d8bfdbbe1b81198977776595047a0d98,2b2d359a435f18e958b8a5671b9acb4d,delivered,2018-07-20 13:30:37,2018-07-20 14:05:13,2018-07-23 12:39:00,2018-07-30 17:36:36,2018-08-13 00:00:00
1999bacd196c3e2004dfebecf36b7576,2eabcb73cf91cd83b39c8fff0704a1af,delivered,2018-07-29 18:49:38,2018-07-29 19:04:25,2018-07-31 15:35:00,2018-08-07 15:22:24,2018-08-21 00:00:00
28c04f43311b7418e84ad77c76d1adee,d312fa5d7119e7be2538e9dac623aea1,delivered,2017-08-02 12:17:57,2017-08-02 12:36:59,2017-08-04 14:19:38,2017-08-08 19:32:40,2017-08-22 00:00:00
b27a97d99c7b7966d9860555f748ec70,d12e078e5f950d108069a5a368fd98a0,delivered,2017-05-23 16:25:28,2017-05-23 16:42:56,2017-05-26 08:05:07,2017-06-01 18:04:28,2017-06-23 00:00:00
9af977c382c0327169fc10939881b472,a002e1b6a0cfb5d00124f12ab2e90fac,delivered,2017-12-29 12:29:00,2017-12-29 12:46:44,2018-01-02 18:32:18,2018-01-08 19:10:01,2018-01-26 00:00:00
52f0252ece9cc6fa57f20b1f309ba1e2,56a306824116a7cb0704155c76fa7c13,delivered,2018-02-05 21:02:41,2018-02-05 21:15:27,2018-02-08 15:50:48,2018-02-14 21:34:20,2018-03-09 00:00:00
a6e963c11e80432334e984ead4797a8b,86192eb3f1a46e72f9569d99b1122746,delivered,2017-09-21 22:00:49,2017-09-21 22:46:45,2017-09-22 18:13:08,2017-10-03 23:08:20,2017-10-13 00:00:00
2a873cd8f2f02ea9bf84a5ae74970e20,397b7d549b23ff5b44b642b19a8f4a07,delivered,2018-03-07 11:21:55,2018-03-07 11:35:40,2018-03-09 17:51:59,2018-04-16 15:52:08,2018-04-04 00:00:00
db3c88b2458388bddcd3b2a99f0b8b99,c812dde413256071206505c743db48df,delivered,2017-11-12 21:41:10,2017-11-12 21:50:29,2017-11-14 22:02:29,2017-11-16 19:12:59,2017-11-27 00:00:00
6b1a7e1ba96a182c5eef89a67ef8217b,9eab694211f764b1e83aafaed16ac561,delivered,2018-04-11 18:19:49,2018-04-11 18:35:19,2018-04-12 22:06:41,2018-04-26 19:47:06,2018-05-10 00:00:00
60d415e84551cac375bb52d28412c53f,0ead7340511a999b040e9d1726a72191,delivered,2018-05-12 20:04:27,2018-05-12 20:35:46,2018-05-14 14:14:00,2018-05-22 20:04:34,2018-06-06 00:00:00
c8086b4492f0deb3456e98d734f85d5d,8fc770c599b24a6353628d32cd069285,delivered,2018-04-12 11:45:10,2018-04-13 12:50:12,2018-04-17 19:56:41,2018-04-23 18:22:06,2018-05-09 00:00:00
2d96648ebbad7ad9cfc40c4c9c820f92,5d152b976411db52ea2800964fd26cac,delivered,2018-07-18 08:46:54,2018-07-18 09:01:59,2018-07-18 15:06:00,2018-07-23 17:16:59,2018-08-03 00:00:00
63cb9481eda48b82bb600b4e38026b91,293e0aee00552885c4407f33b5876170,delivered,2018-08-08 09:50:01,2018-08-08 10:05:12,2018-08-09 09:28:00,2018-08-13 23:21:48,2018-08-20 00:00:00
34d3746ff00ec19dffcf5a7f6761a1eb,0e481f23c930890042610bab117fe8af,delivered,2017-04-07 11:05:48,2017-04-07 11:15:17,2017-04-07 15:45:15,2017-04-24 07:22:38,2017-04-28 00:00:00
0da349c060ac948eb81278fa539fd719,ada0bc41dcb4ab7393ed03ff6a8e6484,delivered,2017-06-15 14:58:23,2017-06-17 03:48:31,2017-06-19 10:20:10,2017-07-03 15:32:37,2017-07-24 00:00:00
cf72ba515bbb8a0ee1723579cc7d0380,91567d33ff85c9c6b6b6d244870bcb01,delivered,2017-10-18 16:20:32,2017-10-18 17:06:35,2017-10-23 17:10:27,2017-10-24 14:59:03,2017-10-30 00:00:00
22fe0bf39d80f86f5f4a106875e9adf9,9ca8d3e162050ac6598654057255a86c,delivered,2018-03-02 20:34:57,2018-03-03 20:30:32,2018-03-06 19:10:19,2018-03-16 15:26:50,2018-03-14 00:00:00
81e3da45661c66c76a36f2666d77edc3,13a9b79f16ea8cba4df16a9d6142bd78,delivered,2017-06-01 17:29:03,2017-06-01 17:42:48,2017-06-02 14:59:59,2017-06-12 11:04:37,2017-06-23 00:00:00
8cb7a371e202c1bcc7e5c58da9ed70e1,32052a1aab7fe2d80cdeb22ad44d9871,shipped,2018-04-24 13:53:29,2018-04-25 08:51:56,2018-04-25 13:36:00,,2018-05-28 00:00:00
37c5868b5c8845b91732bc25ac5c6fd8,3d31566bf663e7b5281ba60229c552bd,delivered,2018-06-13 16:26:53,2018-06-15 02:17:21,2018-06-19 07:44:00,2018-06-22 19:51:55,2018-07-16 00:00:00
b495fd147ba3d65a05f35d76239c22ce,2757ed164fc43dd663817cc7d8f9d617,delivered,2017-09-10 11:22:48,2017-09-10 11:35:20,2017-09-11 20:51:54,2017-09-12 17:18:03,2017-09-21 00:00:00
fdaf98feac227eb978d8f33f36e0231d,81ae83ce1a10af9f93fa3512bd9713b1,delivered,2017-04-19 10:20:51,2017-04-21 05:10:28,2017-05-04 15:06:24,2017-05-24 10:52:43,2017-05-22 00:00:00
777c67eab7c0712ccde8ffbb22715adb,42b08ad3a6f9efff737693acc37008df,delivered,2017-02-26 05:12:17,2017-03-03 02:22:26,2017-03-30 11:52:48,2017-04-07 06:32:42,2017-03-28 00:00:00
21a00b08cbeb5716bbb66105e3dbd850,002b5342c72978cf0aba6aae1f5d5293,canceled,2018-09-10 17:51:25,,,,2018-09-20 00:00:00
e9be21541bd47fe15f1bdfd5f952471f,fec5987c34861cb7929523fb3c6759ab,delivered,2017-03-13 11:04:22,2017-03-13 11:04:22,2017-03-17 08:12:53,2017-03-23 17:30:18,2017-04-10 00:00:00
ed8b39ca40c2b2464abdf8e7772ace64,73b8f4f44c9029041b2b0d1e8f2a1360,delivered,2017-04-17 06:27:39,2017-04-17 06:35:16,2017-04-19 13:50:05,2017-05-05 10:14:49,2017-05-18 00:00:00
9ae880d57df6bee34365e6406e1e0203,7d71a24ddcc86e69b9ebf9d982e53739,delivered,2017-12-02 21:32:46,2017-12-02 22:05:02,2017-12-06 11:47:09,2017-12-11 22:53:05,2017-12-29 00:00:00
05e94f64bd375a4fc88a39430e020d54,c398fd7e5ceea0de7aa38c539c061e1a,delivered,2018-01-19 10:51:06,2018-01-19 10:58:25,2018-01-20 00:15:07,2018-01-30 19:16:49,2018-02-21 00:00:00
b1e15228dd108a356a074c3a6cf1696d,0e415d6840157e2c279f954199bed12d,delivered,2017-05-23 10:52:27,2017-05-24 06:42:30,2017-05-24 09:10:53,2017-05-26 14:42:10,2017-06-12 00:00:00
a17bd7f642968cf1b7e5d7b0d77c27a1,a96c1bb3cc69d70f87108896c9f331a5,delivered,2018-01-24 10:48:33,2018-01-24 10:59:28,2018-01-26 00:05:07,2018-02-03 05:42:50,2018-02-22 00:00:00
542f6adc8252efb82f286307de986bc4,bccbfbc9afd946c9f72b9a00bb91e2a4,delivered,2017-04-18 23:53:54,2017-04-20 13:10:32,2017-05-10 10:45:40,2017-05-17 16:46:18,2017-05-16 00:00:00
840d702062c0e3f061669071b0b27747,24d62ee299b8132fe10e7ec36a32c4f1,delivered,2018-04-26 21:59:11,2018-04-28 02:51:51,2018-04-30 13:52:00,2018-05-07 16:19:04,2018-05-23 00:00:00
360fd3c9f0384d65adb0cfd334fc152f,9b520c39c027f9a311c9c09f9b1c5044,delivered,2018-03-15 06:17:18,2018-03-15 06:30:29,2018-03-16 16:37:39,2018-04-12 01:28:42,2018-04-04 00:00:00
08c79f0b250cc3b309a69dcbd0debdc7,cdd33d0b02c81a178d88dfbc1ed9f0af,delivered,2017-11-25 11:48:45,2017-11-28 03:39:56,2017-12-01 17:34:14,2017-12-21 22:28:35,2017-12-20 00:00:00
1bc1ac5e4876ad4e4459fe6aa516ddc5,f385f36d3294e4cf066cb4e2b4dc8afd,delivered,2017-09-15 22:00:19,2017-09-15 22:10:16,2017-09-20 20:07:43,2017-09-29 14:57:48,2017-10-06 00:00:00
c1a9b3fbea92e83c4a08229da82a0136,4e5570ae69c1badaab290766540ed0af,delivered,2018-08-01 17:27:04,2018-08-01 18:31:30,2018-08-03 12:39:00,2018-09-06 22:12:34,2018-08-21 00:00:00
d6aac305add81d76183a41fa21e7a3e1,a49fe63924cb611356f19d90e43788ef,delivered,2017-06-13 15:49:08,2017-06-13 16:10:14,2017-06-16 14:27:42,2017-06-28 15:19:50,2017-07-06 00:00:00
ccffb7374c0c5619226394e8b85e0746,c5cb631ed666b1d427ba3c4cfc761c3c,delivered,2017-10-26 11:05:47,2017-10-27 10:31:06,2017-10-27 16:23:15,2017-11-16 21:43:03,2017-11-28 00:00:00
a0c1632c3bd45c48bed924a7dae3a664,e3030cf0f2814a231fa06eb6d82154f3,unavailable,2018-02-17 15:48:11,2018-02-17 16:06:35,,,2018-03-15 00:00:00
07ffab4def2a95548ff6ef1b9d7e0f5a,c26a312d7b5619ee24db36e2d25e473c,delivered,2018-03-19 22:08:42,2018-03-19 22:27:56,2018-03-20 21:25:49,2018-04-12 22:14:41,2018-04-05 00:00:00
c765682ebe69c1034eba583189350fa7,74fd68180000391e2193996e80738b1c,delivered,2017-11-02 23:24:09,2017-11-02 23:35:26,2017-11-03 19:29:01,2017-11-09 19:48:49,2017-11-23 00:00:00
e6ffcd88cc3d2795303c2fd25cadf74a,95389eec1d6f5e5a7ed3a2439f08cf62,delivered,2018-05-06 12:35:54,2018-05-06 12:53:22,2018-05-09 08:46:00,2018-05-28 20:06:38,2018-06-01 00:00:00
138f3f66f9024197655880c8c010fd53,afd5e05e2e5ed07eb8f084deee6d7616,delivered,2018-02-27 09:55:29,2018-02-27 10:31:24,2018-02-28 23:47:30,2018-03-27 23:17:47,2018-04-11 00:00:00
1f1dc5a03fa943b0cb5674b3326185b2,556b07c9a05ab49aa2b4f74608c71324,delivered,2018-08-13 11:15:49,2018-08-13 12:24:20,2018-08-14 12:19:00,2018-08-23 18:03:14,2018-09-11 00:00:00
6793b8d767d2608a93635c0657012443,98eb72cd4d1c9408fa1a695a5e7f195e,delivered,2017-07-14 14:08:49,2017-07-14 14:24:35,2017-07-17 16:25:21,2017-07-31 17:42:28,2017-08-15 00:00:00
31ad4814ceda6fbaf80287df5e35073c,0139721501e0a6fe8f79253f6794ab2d,delivered,2017-11-30 10:57:33,2017-11-30 11:11:07,2017-12-06 00:41:24,2017-12-13 16:05:13,2017-12-18 00:00:00
e23eaa3bc8275c392145e736dbdea275,50bb775cd30a21ae108d4866abb6d9df,canceled,2017-06-18 17:22:09,2017-06-18 17:35:24,,,2017-06-30 00:00:00
b53a5ae7a42c37159e3cc26b92174246,c7cebd7aae0dd4903dbd5396b7731639,delivered,2018-06-23 18:17:16,2018-06-25 11:18:21,2018-06-25 13:21:00,2018-06-29 19:33:42,2018-07-16 00:00:00
5daf14428a3c29d9dd22f97b7d5b3230,1809b56e12fc169272b817677c509ddf,delivered,2018-01-21 20:33:38,2018-01-22 13:58:45,2018-01-23 21:04:13,2018-03-09 18:12:49,2018-02-22 00:00:00
09dd83f72b2516179cd46b81121fad23,d70f382aefc5e3273ba95831d8588930,delivered,2016-10-10 16:55:10,2016-10-12 03:02:04,2016-11-18 12:43:10,2016-11-28 15:38:37,2016-12-12 00:00:00
5f4727d9a2d6c472c961c9f21c508132,1e8aa3c3725bb28d332cf08aca2e5e1b,delivered,2017-10-16 12:38:07,2017-10-17 04:06:09,2017-10-20 18:57:42,2017-10-27 17:33:49,2017-11-03 00:00:00
8c1b520fb18c4cd54ac3c058faf000d5,d5ccd1ab534cefef9d940030f898c4ad,delivered,2018-03-26 09:23:55,2018-03-26 09:35:38,2018-03-28 21:28:27,2018-04-02 21:24:33,2018-04-12 00:00:00
9f0dee1bed79cb72f5e296eacf6b0a82,62488077b67f2fe2558dd09fa9e81ed9,shipped,2017-11-26 16:13:13,2017-11-28 20:15:29,2017-12-01 23:19:42,,2017-12-18 00:00:00
161436481a8780aea9e2139793246aa5,4a8fd791410e8ec07fd17d12cdfdd662,delivered,2017-11-25 12:49:04,2017-11-27 12:55:23,2017-11-29 22:44:42,2017-12-27 18:07:49,2018-01-02 00:00:00
2a401c4b19cbf59127af3d4af52f9090,008f931f2de5414536a04cdd033bea60,delivered,2017-12-14 15:08:06,2017-12-14 15:14:24,2017-12-18 23:39:05,2018-01-10 19:39:11,2018-01-15 00:00:00
427fb603381c1e7a4b224eac2a5acb29,3f27dab6f20dfabd52490c042b6a517b,delivered,2018-08-27 12:11:07,2018-08-27 12:25:11,2018-08-28 11:54:00,2018-08-30 11:21:53,2018-09-06 00:00:00
9b284089759cd14dac2d44b34b985990,ffe509f377a33554f5a677dcd83e669e,delivered,2017-12-27 17:38:31,2017-12-28 02:35:54,2018-01-03 14:06:07,2018-01-09 21:19:46,2018-01-24 00:00:00
822a35d3573cb3c90167aa647a7a6e63,ee3abf5e5a86dba3c3fe3c8ce3481740,delivered,2017-11-24 22:22:05,2017-11-25 01:34:16,2017-11-28 23:08:53,2017-12-09 12:49:26,2017-12-14 00:00:00
2f99eb7c20846f2cfab5cf7c257370ab,65095fecef8545e033e0b83b85e146fa,delivered,2017-11-03 09:40:30,2017-11-03 09:50:41,2017-11-03 15:08:34,2017-11-10 13:19:42,2017-12-04 00:00:00
75c493c31566f1a5d15fb9d248d5e4a4,3bdc7b8fd9d6abb2e4987b81e069116c,delivered,2018-02-11 09:50:01,2018-02-11 10:08:53,2018-02-21 20:52:39,2018-03-08 18:51:32,2018-03-07 00:00:00
27613f16c823ee73e2da1a6116467293,35de8ab44ecc9a65225a5ef51294d204,processing,2018-01-04 20:10:42,2018-01-04 20:31:53,,,2018-01-30 00:00:00
f64d3fcec2473409b404374ea0ce4ded,38015a7eb67f32e373806cf89e4900fc,delivered,2018-06-27 19:31:21,2018-06-27 19:51:19,2018-06-28 13:41:00,2018-07-02 16:29:53,2018-07-27 00:00:00
42ff676d61e2f5f1b7dfc8404dc3160d,f0a44676cb97b8d7b986aaea97a53897,delivered,2017-12-06 15:27:03,2017-12-09 17:30:34,2017-12-11 23:49:08,2017-12-29 14:32:36,2018-01-04 00:00:00
c92ef068e2628ab736ea295a7d536c7d,c7c24a8379c7f5593529e88ec2c31a8a,delivered,2018-04-14 09:16:09,2018-04-17 05:50:18,2018-05-02 08:32:00,2018-05-15 23:46:31,2018-05-16 00:00:00
bc4854efd86d9f42140c951c595d20c1,30aef21b6dd78da1334dd1164cc0b05e,delivered,2017-09-01 20:05:42,2017-09-13 22:00:51,2017-09-04 20:49:57,2017-09-06 22:15:45,2017-09-20 00:00:00
9ce475d5a0f449a5b6f9c86c7e98e331,85ce617f99db2ef021c899b10d81ea0b,delivered,2018-01-18 18:22:38,2018-01-20 09:10:39,2018-01-31 23:52:26,2018-02-23 21:54:44,2018-02-15 00:00:00
fe4275936c291c453f09fad434e6b3d2,c83c1715a135347d7342686585a2b080,delivered,2018-01-29 21:46:35,2018-02-03 23:31:47,2018-01-31 20:39:40,2018-02-23 18:06:02,2018-03-05 00:00:00
fbb1dcc23c750e40b43bed6f5dc230a1,0117fc26c948641502349399aa649dc0,delivered,2018-02-19 09:49:33,2018-02-19 10:15:36,2018-02-22 18:29:21,2018-03-07 23:29:09,2018-03-15 00:00:00
42b3efddacc3779b9fc72dcdb430e00a,b9d69df919644f01ce52266b0b9280b4,delivered,2017-11-03 11:25:16,2017-11-03 11:35:27,2017-11-04 13:37:33,2017-11-20 21:17:49,2017-11-28 00:00:00
e0f440a717f42eab01c2bfdfdf890273,b443dcc8f15d5f0ca85a5ef3797ea38f,delivered,2017-10-30 18:22:35,2017-10-30 19:31:45,2017-11-06 16:42:46,2017-11-16 17:10:03,2017-11-17 00:00:00
d18d75604ee9a0be083eeb6e9f86cd65,92050d1a779b0ab74ae3352731dc2374,delivered,2017-11-26 15:42:22,2017-11-26 15:55:01,2017-12-01 17:27:02,2017-12-21 19:58:55,2018-01-02 00:00:00
3b68491e0d8205fe9fdce2ed7656f2af,c6442058d54408d422443ed346fac6ff,delivered,2018-05-07 19:24:51,2018-05-07 19:35:25,2018-05-11 12:46:00,2018-05-16 18:41:25,2018-06-01 00:00:00
0fea6a02bab80f930dafd00ad75923ed,4515290e99ec959859fa146603a66ff7,delivered,2018-02-21 08:48:19,2018-02-22 02:28:33,2018-02-23 19:12:46,2018-03-05 16:47:27,2018-03-14 00:00:00
56773c6296d19876ac496486dcf2d566,c1ffb8e28f7ca17cd219ed70abf2d62a,delivered,2017-06-30 10:31:58,2017-06-30 10:45:10,2017-07-04 14:57:55,2017-07-19 15:13:11,2017-07-13 00:00:00
3ef5b20302c49fc70c926348301d065c,1f4e709098e1cf86de5a8bedcb26e99d,delivered,2017-09-15 18:55:59,2017-09-15 19:10:16,2017-09-20 17:38:17,2017-10-01 18:21:40,2017-10-13 00:00:00
7c9669c84a4eea3a3ab4f052945346b0,46bd7b2d76f0bf028e26d0f80d57ba7f,delivered,2018-01-13 00:23:16,2018-01-15 10:11:11,2018-01-19 17:49:20,2018-01-25 22:11:03,2018-01-30 00:00:00
f068cf7680252cb38a48b6c831c03342,ee94754cc685fccc80e5f9ced9ca9a8a,delivered,2018-03-11 13:02:38,2018-03-13 04:20:28,2018-03-13 17:21:52,2018-03-21 20:50:46,2018-04-03 00:00:00
011331376a4c6cc7a9e5bc165ec169d0,e62a03d00892173f46bb99a1da0f86f3,delivered,2017-06-23 13:03:34,2017-06-23 13:10:20,2017-06-27 06:32:18,2017-07-05 14:07:37,2017-07-17 00:00:00
c37e429ac201c3e07174f542634638b9,3fcecbc27a9c9d1d71c2e0297689c1ac,delivered,2017-05-02 16:18:15,2017-05-03 14:42:43,2017-05-03 15:58:24,2017-05-15 14:21:11,2017-05-24 00:00:00
0e993b4910bc84a0c2b26fb528d2e8c0,ee4dac4fe4d15f708ce54254ab5c6bb2,delivered,2018-03-25 13:59:42,2018-03-25 14:10:18,2018-03-28 12:40:58,2018-04-04 18:12:17,2018-04-12 00:00:00
55f48d94df188b3d4f74c9db5396b6db,a2db5b8ebecdcc046aba7a1991e73c6a,delivered,2018-04-08 10:10:10,2018-04-08 10:29:50,2018-04-11 00:38:20,2018-04-29 11:58:53,2018-05-07 00:00:00
dfe5f68118c2576143240b8d78e5940a,8f6ceed676a529b29619a598b377de08,delivered,2017-03-17 12:32:22,2017-03-17 12:32:22,2017-03-21 18:28:04,2017-09-19 18:13:19,2017-04-19 00:00:00
f9a68878fc98bcaaa39b14e773ca6970,8ddad16131b6e876e6b5e1c8d01f14da,delivered,2017-11-06 19:23:13,2017-11-07 04:32:14,2017-11-10 21:13:05,2017-11-28 14:22:11,2017-12-01 00:00:00
6d7a9c1028453b6ee47863e588d93afd,593380b36ff4cb80ac853aafebd9ff81,delivered,2018-02-09 09:58:07,2018-02-09 10:14:39,2018-02-09 18:47:08,2018-02-17 00:08:16,2018-03-08 00:00:00
a65450e1eea508ae15573d9c254966ae,2b94b921bc7c333ef7fb6004b658f725,delivered,2017-09-28 09:48:38,2017-09-28 09:56:44,2017-09-29 19:24:54,2017-10-05 18:29:46,2017-10-30 00:00:00
1073c39f7b5d5091bb6dfd342d1f4be0,0fe5a97d856c6e12e88270cd49d08b2a,delivered,2018-03-04 20:58:36,2018-03-04 21:11:00,2018-03-07 22:17:43,2018-03-22 19:52:40,2018-04-10 00:00:00
22fbdd6f729be005701007029d8e0d16,7f4b051e8b634cd50f385125b0288dd6,delivered,2017-10-02 16:55:39,2017-10-02 17:07:24,2017-10-03 16:14:42,2017-10-09 18:22:28,2017-10-27 00:00:00
813036395db381f187d5429f5ee758ac,11a216d3670865418a5b3a1e66ef30d9,delivered,2017-08-01 12:09:54,2017-08-01 12:23:28,2017-08-07 20:58:21,2017-08-23 18:03:13,2017-09-04 00:00:00
909d9ac37adbcdf3da090710ec913863,e483e4439145055bf71f7b74b3b87558,delivered,2018-03-24 19:14:42,2018-03-27 03:48:51,2018-03-28 00:48:51,2018-04-02 19:39:40,2018-04-12 00:00:00
e5af575637557e5be53b2df8b32a5452,f1bdf27d218c669055685957b5910511,delivered,2017-11-22 19:20:46,2017-11-22 19:30:25,2017-11-23 15:38:35,2017-11-30 21:09:34,2017-12-13 00:00:00
a3b45c3744c4a07892d51bc29f6b1281,6a4b76a89df86cce6a5bd6d5ea253c8b,delivered,2018-03-09 23:14:32,2018-03-09 23:48:05,2018-03-12 18:38:38,2018-04-14 10:16:38,2018-04-09 00:00:00
78984e2daa6afc729ccb1ea44b7efd19,8362dba21ea63f9d95cfcdb196f6a5a9,delivered,2018-02-28 11:52:09,2018-02-28 12:09:51,2018-03-02 16:52:48,2018-03-08 20:52:27,2018-03-23 00:00:00
605bef5cb70439384c5b53ecc7c38996,9ed647ae5dd3bcaf166b0fea7c9bd3b4,delivered,2017-08-07 19:47:44,2017-08-07 20:43:06,2017-08-08 16:13:51,2017-08-25 19:43:33,2017-09-11 00:00:00
622cd02bfa274728c8d0260bc7c492a2,4d545e854893ff8e7bed40e22bd55ab0,delivered,2017-07-28 09:35:08,2017-07-28 09:50:17,2017-08-07 21:02:56,2017-08-09 13:45:42,2017-08-30 00:00:00
2ef3dc148b9087149e2b5673eea276ac,057f00cb7a5ba328ca62472de1472fcc,delivered,2017-10-17 15:32:37,2017-10-17 15:49:41,2017-10-20 11:32:58,2017-10-25 23:33:26,2017-11-07 00:00:00
a1f7a3803f5afa1b25182cbc0b2c38be,bca7362f1e13747e7a3617c2b064f23d,delivered,2017-08-15 12:15:23,2017-08-16 03:10:21,2017-08-22 20:54:43,2017-08-24 19:37:04,2017-09-12 00:00:00
e96e01f8670b7127f79534c069c3cd20,3ecd1b9b4c5f6f6288f6e95485527938,delivered,2018-07-08 19:09:12,2018-07-08 19:25:09,2018-07-18 12:41:00,2018-07-23 11:15:02,2018-08-08 00:00:00
dec187408e75f0e3a10eb475e45e6ab6,8b4792c0e1ca51d3eafe9d434b4ed281,delivered,2018-01-11 10:34:34,2018-01-11 10:48:29,2018-01-12 22:14:10,2018-01-19 21:25:05,2018-02-01 00:00:00
ce2f6c44bc139015d1036d40c0cf2915,e5b6bec607343666867fad97ed8801bb,delivered,2018-08-16 18:04:47,2018-08-16 18:15:21,2018-08-17 13:47:00,2018-08-27 17:40:56,2018-09-03 00:00:00
df4a5680a53eb14aa69c035b1c759413,6a50f6039c1a07d6426115947a4228c6,delivered,2018-05-01 12:48:33,2018-05-03 03:53:15,2018-05-03 14:09:00,2018-05-04 20:36:36,2018-05-16 00:00:00
6c8b1b59b9c97b5dc0a4c618e3ccbf19,da46bf181702dec37daf370b447ddb5c,delivered,2017-11-10 09:29:08,2017-11-10 09:46:56,2017-11-10 15:53:39,2017-11-16 21:37:22,2017-12-05 00:00:00
308b7e21ad330aa50c1c7a9987437a53,2468e8e24c7f7f1afb422a334c11b531,delivered,2018-07-30 13:12:56,2018-07-30 13:31:29,2018-07-31 11:24:00,2018-08-03 18:02:31,2018-08-13 00:00:00
2df86a1fe8ce1dbff076f3eef50a664e,9d58f19e8d5d306f2d15eb225c3adeb5,delivered,2018-02-28 18:49:29,2018-02-28 19:08:48,2018-03-05 21:56:32,2018-03-06 15:47:50,2018-03-13 00:00:00
58a4c696515fef3e9c865e1a70b950d1,826459bc63377f4313c515d873ccf8eb,delivered,2018-01-31 13:36:25,2018-01-31 13:55:36,2018-02-01 18:14:58,2018-02-16 02:10:04,2018-03-06 00:00:00
5e9fbea0a384b612fd7b6d66c1e21152,ad99fc380a7ba9017f035a67c4c36e1c,delivered,2017-09-30 13:41:30,2017-10-01 13:50:22,2017-10-02 20:27:40,2017-10-09 13:27:26,2017-10-31 00:00:00
1eba8812bd34c3579947a0f26ea0462a,899450df8a74166f1ab7dddf96b09b15,delivered,2018-04-30 21:27:46,2018-05-01 03:15:43,2018-05-03 15:05:00,2018-05-19 12:22:48,2018-06-04 00:00:00
509a879b07f7712dcb1ef3e18a5b9fbe,0a851332c413fd5042a7ee911ee6a07c,delivered,2018-05-13 20:44:17,2018-05-13 20:55:37,2018-05-14 12:39:00,2018-05-19 17:12:51,2018-06-04 00:00:00
3860050d9215e2a3b78cf97bb1d5c65b,1eac646a166c7c9f07a7ece6ff4f8905,delivered,2018-07-23 10:40:30,2018-07-23 13:40:22,2018-07-26 13:56:00,2018-08-13 20:03:51,2018-08-14 00:00:00
0198e0de42189b3941d46857a87fac91,bc057e26a901167220c6e4a0b0c3ec5d,delivered,2017-11-04 12:33:53,2017-11-06 11:31:01,2017-11-07 19:32:42,2017-11-08 16:22:07,2017-11-23 00:00:00
08bc5baa3da6ce0746413cd9cf227e9e,3dfe06159548750f3766901dd35c4faf,delivered,2017-10-17 15:37:59,2017-10-17 15:49:39,2017-10-23 21:38:57,2017-10-25 20:52:55,2017-10-27 00:00:00
3260c5040c13241b3f5f7bb7ed852c89,7483110df32ada21179477a69cb7b83d,delivered,2017-02-20 09:14:03,2017-02-21 04:42:30,2017-02-22 15:32:30,2017-03-01 14:58:52,2017-03-21 00:00:00
83a0a5e31aac098fd9926b97e3b15459,cca02c25dabdd47a2c93cd1b2391f3c9,delivered,2017-10-23 22:26:01,2017-10-25 02:26:28,2017-11-08 22:09:17,2017-11-16 18:42:00,2017-11-30 00:00:00
c0f7519024e35aecc37f31b7578711ba,70c8d5b746f5f68a9760a6f5bc8ddc9e,delivered,2018-03-17 00:56:00,2018-03-18 00:50:32,2018-03-19 23:24:29,2018-04-16 23:33:08,2018-04-13 00:00:00
812efffc01e68075f474355460720eec,d737e63d3a5d786844e474d5cc21d6c0,delivered,2018-03-05 12:34:20,2018-03-05 12:50:42,2018-03-12 15:42:03,2018-04-10 15:36:30,2018-04-20 00:00:00
dcc15ae978fb3fdf4dbe24079e768652,76fb9d2ed14cf5608ea6306c249b8789,delivered,2017-05-06 07:14:03,2017-05-06 07:25:07,2017-05-09 12:09:54,2017-05-17 14:26:31,2017-05-31 00:00:00
8407285337c080fb6f204a76ed3a5c83,9bec41f1434c2b7c5b826ce829354eee,delivered,2018-02-24 12:15:06,2018-02-24 12:47:48,2018-02-27 15:06:30,2018-03-27 07:32:16,2018-03-23 00:00:00
3e1ad9b01933fc3e801cb95ecf40c14f,2d8950b6756914afd2d6f53c90dbf514,delivered,2017-10-09 22:12:36,2017-10-09 22:26:29,2017-10-11 18:13:01,2017-10-18 18:54:57,2017-10-31 00:00:00
7a93c1b0839987c2e80e344e52173ff4,4e1b541a6afd832a40659edf6270e2c2,invoiced,2017-10-03 13:33:18,2017-10-04 02:56:23,,,2017-10-26 00:00:00
00c842d0ae6462afc1d38fc055b02c75,3eb456ae69430643eb134b74ccc4f261,delivered,2017-11-08 17:36:48,2017-11-08 18:30:52,2017-11-16 18:42:49,2017-11-21 17:37:51,2017-11-29 00:00:00
b00e398b9fedc8b818679422af47d3ad,d03d84aabd2502cf10698e4153c70eeb,delivered,2018-07-21 18:59:31,2018-07-21 19:40:05,2018-07-23 15:56:00,2018-07-27 20:26:40,2018-08-16 00:00:00
9583044d94d7eef1547cdcefb0c8f611,bc3d576cf17f2ee6476cb6f8d34ffb54,delivered,2017-12-04 09:27:20,2017-12-05 10:03:17,2017-12-07 22:32:35,2017-12-14 15:39:06,2018-01-10 00:00:00
1755f2445de4dbedff7644056e446759,95306421a0aa01b3d9c6ade87d80313d,delivered,2018-06-22 07:25:32,2018-06-23 02:20:25,2018-06-25 21:48:00,2018-06-26 17:03:16,2018-07-11 00:00:00
1665c699253879123405eb92ddc643a7,075ee6aaac2c7e60a0ce60debca314a4,delivered,2018-01-12 18:23:06,2018-01-12 18:31:34,2018-01-19 18:48:59,2018-01-30 13:22:38,2018-02-15 00:00:00
d6e233b5ace3d517b1a0fc015f6de444,28505c5efca8dab00df2c5cfa98464f8,delivered,2017-12-11 15:51:40,2017-12-11 16:12:27,2017-12-12 17:39:12,2017-12-17 19:22:40,2017-12-28 00:00:00
dcc97daebf3b61efe164a8e507c677d1,c143f54321f786f3976731880aaf24dd,delivered,2018-03-14 21:15:35,2018-03-15 21:10:29,2018-03-16 19:54:24,2018-04-19 23:21:46,2018-04-17 00:00:00
3d4e8e0a5464da5715162fd9d3602be1,61fc3ff04464802dd9ecb1b2bada3f65,delivered,2017-08-16 15:28:18,2017-08-16 16:35:28,2017-08-17 17:48:03,2017-08-29 22:22:06,2017-09-08 00:00:00
1fbf5baa345604aa56a1e8a510eafd49,ab90b1f7d064000a9389493c14ec0232,delivered,2017-12-11 17:20:39,2017-12-11 17:32:36,2017-12-13 17:28:41,2018-01-14 17:03:31,2018-01-05 00:00:00
ca606a26db7efe20af253f9c45747bd4,12e4e0e1ce59c80e14852a970e178325,delivered,2017-11-24 22:30:04,2017-11-25 01:34:09,2017-11-28 21:28:56,2017-12-18 17:49:26,2017-12-18 00:00:00
59a102271eb92484cb4b57af66a13e02,00ed8dde25f27c50ed32e0c4f1f8e76e,delivered,2018-05-16 13:11:29,2018-05-16 13:33:47,2018-05-22 07:59:00,2018-06-04 23:18:21,2018-06-08 00:00:00
730dca8eb849beb16fce32d000b8e7df,4188829e4de568a3d5afcf510d240061,delivered,2017-12-10 00:49:25,2017-12-10 01:31:02,2017-12-11 15:22:55,2017-12-18 20:08:12,2018-01-04 00:00:00
959505aeccc35d003ab580410022f433,4683cd55eddaafa12fe03e637c5bf9c6,delivered,2018-07-14 13:14:33,2018-07-16 08:26:55,2018-07-16 17:31:00,2018-07-20 16:34:10,2018-07-31 00:00:00
9f54e902758b31d39a8dd691868a9f48,ac6f5fe1ba2cbe43820cf92b12fa598e,delivered,2018-08-13 12:20:57,2018-08-13 12:30:21,2018-08-14 14:08:00,2018-08-20 20:55:41,2018-08-28 00:00:00
85f5fbdff0f711046e726fd48a2276d3,4113b3520416b6e8d2752ead7426ebd0,delivered,2017-12-26 16:40:32,2017-12-26 16:53:29,2017-12-27 20:59:07,2018-01-04 14:29:36,2018-01-19 00:00:00
953b30095a07fb4b4f3b90f84fe843eb,7dab7380954749219dc87deea26d4434,delivered,2017-11-25 17:18:31,2017-11-25 17:32:34,2017-11-28 18:18:56,2018-01-09 14:53:59,2017-12-27 00:00:00
72924fab02f94a383308f2c45c916ee8,bae7317c9b32fa3da18d85eb9718d8cd,delivered,2018-05-16 00:30:39,2018-05-17 02:55:36,2018-05-17 13:39:00,2018-05-23 21:08:08,2018-06-04 00:00:00
92f144c6732e7617d13768d337193453,b5fe6ca1e7daaa6c628f5fc1e3180b31,delivered,2018-08-06 21:57:06,2018-08-07 04:44:39,2018-08-07 12:30:00,2018-08-21 20:06:31,2018-08-24 00:00:00
94876636c0c9ddd3455bffe120d95c68,e1d569375b1ae9c7f97e864718ab4b50,delivered,2017-11-08 17:07:41,2017-11-09 04:31:09,2017-11-10 21:21:15,2017-11-13 18:12:45,2017-12-06 00:00:00
1b4ba3cd652dda7ec4b796a7982f326e,b91c70a3709d00bc842dfe0b08464d79,delivered,2018-05-14 17:05:00,2018-05-14 17:30:08,2018-05-18 15:12:00,2018-05-21 18:28:53,2018-05-23 00:00:00
759d3dd8671b3c60e168fbcef417a033,37c0ecd9010b98888a02504c69abfc50,delivered,2017-09-05 14:31:21,2017-09-05 14:43:55,2017-09-06 20:57:46,2017-09-08 19:16:44,2017-09-18 00:00:00
b8bfa12431142333a0c84802f9529d87,c81be24f970cdf800017108e48d4b098,delivered,2018-01-19 00:21:43,2018-01-20 09:08:37,2018-01-23 14:19:36,2018-01-31 00:23:01,2018-02-09 00:00:00
373021bf39310f6dcba6e36f71719d4e,24bc8d666b091ed2dc91f10af9987cf9,delivered,2018-05-01 20:00:22,2018-05-01 20:16:06,2018-05-03 11:34:00,2018-05-12 16:44:42,2018-05-16 00:00:00
cf4d00ace6566015d92509e1cc8b243e,224c0ca09b1e8b471104a957dc90c72b,delivered,2017-12-06 17:21:33,2017-12-06 17:31:36,2017-12-08 19:56:54,2017-12-19 23:23:15,2017-12-29 00:00:00
ed2a96e455e3b014a6e99e5671873b69,4450c6a83f4bcae20ad2c76ee33e8f6e,delivered,2018-08-05 13:51:07,2018-08-05 14:05:17,2018-08-07 15:00:00,2018-08-13 17:58:51,2018-08-31 00:00:00
32c0650191d60417a072ec2387f78954,165f19edb02b8e3c2c7b4d426ab8a7fc,delivered,2017-03-24 09:12:17,2017-03-24 09:25:29,2017-03-24 09:55:15,2017-04-09 12:57:47,2017-04-17 00:00:00
c556be66c245e4bfc475064dbe859d61,9b2ba7cb3cb15bba2ada6a34cb7188ea,delivered,2017-03-27 14:58:55,2017-03-27 15:10:20,2017-03-28 17:58:12,2017-03-30 15:25:48,2017-04-13 00:00:00
54ef7706bc8a0c0209e7aca10d463608,2b4ee808fb510ba674b47f509fa03c38,delivered,2017-08-19 20:38:45,2017-08-22 04:31:50,2017-08-22 15:08:16,2017-09-11 22:17:59,2017-09-21 00:00:00
1bc5841ae612527adc7d41b80412295e,1bc53b9a233400e4060e63417a8b9cc6,delivered,2018-07-05 14:31:29,2018-07-05 16:08:18,2018-07-06 09:11:00,2018-07-10 18:44:33,2018-07-18 00:00:00
59463b9c36d6a23c7c054114382f6d33,6e54ca6eaff27c22c1380cfcba213e7b,delivered,2018-05-11 09:09:30,2018-05-11 09:39:15,2018-05-11 14:13:00,2018-05-17 21:03:42,2018-06-04 00:00:00
93b9173d182af83f59074baf05d8c13e,75465accefc98db11062d9f8b89482b5,delivered,2018-03-30 13:22:07,2018-03-30 14:08:01,2018-04-04 00:18:20,2018-05-22 17:04:19,2018-04-23 00:00:00
c391d14cd15fc8e3e71ef9dd58fdb6c3,2c3e8d890d489edbacc814614c3c2543,delivered,2017-08-17 21:51:05,2017-08-17 22:30:23,2017-08-21 14:56:03,2017-08-30 18:47:46,2017-09-13 00:00:00
b27504af5e7290f1a8e28b74ac2a6981,fa2f27ff8c51f5aba5c31e878af932eb,delivered,2018-04-14 09:41:39,2018-04-14 09:55:15,2018-04-16 21:21:48,2018-05-03 20:17:00,2018-05-23 00:00:00
5ca690af546d3a73c2ebc63c352d7dd7,75b466adc54e9166e302448f3a6dcc3b,delivered,2017-12-23 12:07:30,2017-12-23 12:15:22,2017-12-26 23:29:13,2017-12-27 13:00:35,2018-01-17 00:00:00
06b196454b51b7191c7e2eb44ea77717,ee72fb782e7724b04820a72307e299f2,delivered,2017-11-24 22:04:26,2017-11-25 00:37:44,2017-11-27 20:57:39,2017-12-20 18:15:16,2017-12-21 00:00:00
02a58113b6c316d2aa7e110c8bdcbe6a,16457aa87c0aa54bf5a3ba8b46f5a5ba,delivered,2018-03-11 11:48:05,2018-03-12 08:30:53,2018-03-13 01:26:43,2018-03-19 16:56:39,2018-03-29 00:00:00
81bfdf6a2390123c48c5632de6413e2a,d46a4ea906c4a9de600ef073a3dfd209,delivered,2018-02-11 01:08:17,2018-02-15 03:51:31,2018-02-26 12:46:07,2018-03-07 00:04:45,2018-03-06 00:00:00
3e4ed3610f9edd2a3598aec6e93a345d,a2f66df84f8974549eda37082474054b,delivered,2018-04-26 20:32:19,2018-04-26 20:51:29,2018-05-02 14:12:00,2018-05-09 16:13:02,2018-05-23 00:00:00
580603672a21252f21fa8a8b4ca85986,c742ac1fd3f3b453ea59c439d6dc4e39,delivered,2018-04-19 22:05:25,2018-04-19 22:15:19,2018-04-20 19:37:44,2018-04-26 17:44:27,2018-05-08 00:00:00
92adde32a6e8a93d08501e1ac7f2e51b,9f648ba69a1b07f98c93a84f99a0c9e7,delivered,2017-11-24 11:34:27,2017-11-24 13:33:10,2017-11-27 15:41:52,2017-12-04 15:18:37,2017-12-14 00:00:00
361af307ce8a881a715a9fdd64f6d026,f022976c6e446362f8a6e5b795605001,delivered,2018-02-16 15:45:03,2018-02-16 15:55:40,2018-02-21 17:57:15,2018-02-22 18:53:02,2018-03-05 00:00:00
20a1537691864a0ec56e69c40ec2ae95,f73600d04bdd11ef1d6f4b53165b2f00,delivered,2018-05-11 16:33:12,2018-05-11 16:59:54,2018-05-14 15:26:00,2018-05-24 21:12:48,2018-06-04 00:00:00
4a690c399549365763c91fd29ead7345,2b081031c964f171ecc1aa3b13d99068,delivered,2018-05-05 16:45:11,2018-05-05 17:10:16,2018-05-07 14:48:00,2018-05-16 17:51:51,2018-06-04 00:00:00
0678d595b99f7162722e241ea36f7512,698bd3b24e4bdcce6cbf20053d17f0d4,delivered,2018-02-22 18:54:37,2018-02-22 19:08:33,2018-02-23 23:39:24,2018-03-26 18:42:23,2018-03-19 00:00:00
b80ba0f0c3d2a63feac0116f533cc6a9,aaa558d0c007b22e0f16af83de54582c,delivered,2017-10-16 15:08:15,2017-10-16 15:27:50,2017-10-19 19:14:44,2017-10-27 17:49:49,2017-11-03 00:00:00
9daeefebc1067e23b8722753332f9fce,24a2ea05adf7b544924385aa75059535,delivered,2018-04-29 13:10:41,2018-04-29 13:33:55,2018-04-30 14:23:00,2018-05-14 18:03:06,2018-05-18 00:00:00
782280edec0182ee4b1e2cff514fc712,74c13a9a97a7c47cb019e0321d632c21,delivered,2017-09-12 11:44:02,2017-09-12 11:55:41,2017-09-13 17:27:55,2017-09-23 15:47:50,2017-10-04 00:00:00
848888ce8cca87df133ef1dc66decf88,f1a09785ee90d1ace51ce03bbea6f6ed,delivered,2018-01-04 18:30:52,2018-01-06 02:08:39,2018-01-08 17:52:37,2018-01-10 23:09:14,2018-02-02 00:00:00
fbb8b95a779702d51ecf6fa530a997d4,0c98695352c85d7b6f28a78dcbaff914,unavailable,2017-07-06 08:47:05,2017-07-06 09:05:15,,,2017-08-01 00:00:00
a001b4bdccb41f62d0c780dcfa1f6ab1,fcbaae64e3b2c5a47f6a6ecf9a1734de,delivered,2017-07-14 23:28:04,2017-07-14 23:43:21,2017-07-17 16:12:54,2017-07-26 17:04:31,2017-08-07 00:00:00
58a905d84e652e79a19de830f2209bd3,d9b8cffd550e76d276ae03bdab2f5a66,delivered,2017-10-30 10:49:19,2017-10-30 11:10:05,2017-10-30 18:32:38,2017-11-03 18:03:55,2017-11-22 00:00:00
020bc32fbdded2a43147c70a5eb3ec21,6cffa1011064035b56965e363955f701,delivered,2017-07-14 22:03:05,2017-07-14 22:15:18,2017-07-18 20:51:38,2017-07-28 21:53:24,2017-08-09 00:00:00
13c6bd504e2a5056f0f471ea7b220507,df1f8cd492dca10f9819016400f5cf9a,delivered,2017-06-12 17:48:05,2017-06-13 04:32:17,2017-06-20 11:26:03,2017-06-27 15:18:38,2017-07-19 00:00:00
0182f6cbb4fb10918a76485fc92d7c49,16c11c76b58be7de894336de67d21260,delivered,2017-11-25 00:40:11,2017-11-28 03:33:07,2017-12-04 20:58:57,2017-12-12 20:09:11,2017-12-19 00:00:00
34933c9ece23c40d4591be765e2b7f27,43e812d46063b9ec7d048031c9722c78,delivered,2018-03-04 19:19:26,2018-03-04 20:00:26,2018-03-09 21:04:28,2018-04-09 19:48:46,2018-04-02 00:00:00
b46eafc0b21e1cddcd5f94167c67c729,85cdfd07a32b8c544f2718302c361301,delivered,2018-06-18 11:03:18,2018-06-18 12:18:36,2018-06-19 13:39:00,2018-06-21 00:33:37,2018-06-28 00:00:00
e4056cda2102828227ab4626fcbfcded,b5e4fe5a35e5fa5e4858482d792cccd0,delivered,2017-12-13 14:38:26,2017-12-13 14:57:01,2017-12-14 18:10:27,2018-01-04 22:09:25,2018-01-11 00:00:00
f5979d5f4e85e073bf3cdd17e94c79d0,e4b7a517c164b0a527e81f5c25f9c902,delivered,2017-11-18 16:05:19,2017-11-18 16:26:12,2017-11-23 22:27:09,2017-12-06 18:58:47,2017-12-19 00:00:00
d4d5d282946b01dc1d8365bd227a8b28,af26f2c3dfded71c46a19536d9d01fe7,delivered,2017-10-31 13:43:56,2017-10-31 13:55:50,2017-10-31 20:03:04,2017-11-06 23:04:46,2017-11-21 00:00:00
8a9cc5b8aa4fc0941dff1d405e1b25dc,225039e285ca2f82f0f22d0ccfda23e3,delivered,2018-02-08 20:36:41,2018-02-08 20:50:32,2018-02-09 19:46:29,2018-02-28 13:37:19,2018-03-15 00:00:00
3e6265a523641fb92371584458d20168,7f3a1ecbec9303f7c9bd18b02ae1ff56,delivered,2017-11-22 15:44:19,2017-11-22 15:53:33,2017-11-30 23:03:25,2017-12-04 20:56:38,2017-12-11 00:00:00
3d9cd9f9ace18ba32716bd0b93e0ce62,77d767cce2733fe1025b6e0740242db2,delivered,2018-05-17 17:01:17,2018-05-18 00:55:36,2018-05-18 10:10:00,2018-05-19 15:03:38,2018-05-25 00:00:00
357f073c68543005a0065892f53ae4f4,735d56579112c3d18725357404ca2d54,delivered,2018-07-23 16:57:57,2018-07-24 08:31:38,2018-07-24 11:32:00,2018-07-25 16:06:24,2018-07-31 00:00:00
34cea4a1fdf5fefdf4d48d7dafe53911,42f02a31215fe880d602230d08406909,unavailable,2017-10-15 18:50:09,2017-10-15 19:07:08,,,2017-11-09 00:00:00
6bccb079bb15008eb3a71c4ed74cf9b5,4fa7c505a30147ad5404c85e26d404b7,delivered,2017-10-18 21:48:21,2017-10-18 21:56:42,2017-10-23 15:28:55,2017-10-27 17:18:45,2017-11-08 00:00:00
0a14f9fc5324099db2a5418351592675,58c021d7a27ccda0f20f3c1658b0544e,delivered,2018-03-03 10:30:17,2018-03-03 10:48:49,2018-03-06 20:04:30,2018-03-13 21:38:50,2018-04-05 00:00:00
da0270ce1d44a68ad7f23a00aaa066a2,e4be72be1f23e97bd34c353e08d7ae4a,delivered,2017-06-03 14:55:12,2017-06-03 15:10:14,2017-06-07 11:05:01,2017-06-12 15:58:06,2017-06-30 00:00:00
55ccd4969754c36c0e5d45ce55594aa4,ffdeb329ff51afd3a45ae5dcd7239ac6,delivered,2017-10-22 20:01:31,2017-10-22 20:14:27,2017-10-23 20:37:54,2017-10-24 18:13:44,2017-11-03 00:00:00
fa6d0c0ef7a7849ab7847303d458df3c,1ec1771954d299bf9a497cec57932c3d,canceled,2018-02-05 14:32:21,2018-02-05 14:48:31,,,2018-03-14 00:00:00
399b46458951afe483b41ead035ed9d6,a79e7a514a9d8f8b9f0a6d89adb690cc,delivered,2018-07-01 20:03:18,2018-07-01 20:15:17,2018-07-02 15:37:00,2018-07-05 19:22:40,2018-07-25 00:00:00
42b728c418ed710abe935da2195bc7e6,28179fd1063260776ef2e3a6aa0ac39b,delivered,2017-08-11 19:07:35,2017-08-11 19:23:49,2017-08-14 19:47:46,2017-08-25 11:17:20,2017-09-13 00:00:00
29fd35acc2205a78e40f2141e78a839a,ecbbede9e638eb4f165af1b6078d51d7,delivered,2017-10-07 09:17:38,2017-10-07 09:35:15,2017-10-20 21:21:31,2017-11-03 18:32:22,2017-10-31 00:00:00
559e9d91731612dbcf09e8103ac2cd60,b98e0d5aca458a26a6ff30fee0416ca2,shipped,2017-05-18 00:41:32,2017-05-19 02:25:40,2017-05-25 15:37:50,,2017-06-16 00:00:00
189c034bd0ef4966a8f86ed7b5df5797,c5e1d73ae43d2c667eaeba149008223d,delivered,2017-07-20 15:04:22,2017-07-20 15:25:10,2017-07-21 18:35:57,2017-07-26 20:32:24,2017-08-09 00:00:00
286a461fcd1b94e24227817fa93f8a57,833d1eea64eebdeec7aaa771afddc2aa,delivered,2018-03-13 16:13:11,2018-03-14 16:10:24,2018-03-16 22:36:32,2018-03-20 23:22:44,2018-04-13 00:00:00
0d931f4590e355bc7aedc79ca822cd82,165ec9f9d535ca2aba9173b87a4a596a,delivered,2018-01-23 10:59:07,2018-01-23 11:10:33,2018-01-29 22:56:00,2018-01-31 12:03:41,2018-02-07 00:00:00
992cbe3e064cd39f9ccde60a29ffcd3c,6f1f14b51bbc02c293a1429fc4d79826,delivered,2018-01-16 07:02:55,2018-01-16 21:11:44,2018-01-18 19:13:36,2018-02-26 21:22:10,2018-02-09 00:00:00
045524a5ae6c874b746523a6fd79f4f9,c767121cc11b2c981fc93dc686c8c9cd,delivered,2017-09-02 18:22:11,2017-09-02 18:30:21,2017-09-04 21:55:06,2017-09-08 22:47:42,2017-09-21 00:00:00
372ef34f0b6bc2c938f6e3029fae3223,67489d81675f4b88968840bef400b02f,delivered,2018-02-08 08:21:11,2018-02-08 08:30:19,2018-02-09 20:51:23,2018-02-16 20:43:51,2018-03-08 00:00:00
2b7d922e73fbd058099b6ff4b33e99f7,0ea66986b3704c6a5212c9327cb5a27c,delivered,2017-10-02 18:02:21,2017-10-02 18:14:22,2017-10-04 13:39:00,2017-10-16 21:37:57,2017-10-30 00:00:00
76aed3603faee7c84cb4b6857f655a9e,de5544ef599ba27f6a6467cc981e9fd8,delivered,2017-07-10 22:36:42,2017-07-12 00:45:08,2017-07-14 20:49:42,2017-07-20 12:13:59,2017-07-21 00:00:00
e2b9380fcb4f1f7e2a7d2d3c77666c7c,df5c29f85be81da0fc70651fe54704d1,delivered,2018-04-05 17:47:12,2018-04-06 03:28:27,2018-04-07 16:31:31,2018-04-11 01:21:26,2018-04-20 00:00:00
d568db372124bae10404acba43558652,dfd98d84e66b465250732382ff6a5d34,delivered,2017-09-03 11:20:06,2017-09-03 11:30:13,2017-09-04 19:09:11,2017-09-11 17:09:06,2017-09-26 00:00:00
916c4f6b4d3cf3e78ebbf5c6b7e20dbd,7ff71a4acd7e22fa72ea070155a125f6,delivered,2017-09-21 20:13:55,2017-09-21 20:25:18,2017-09-22 20:30:05,2017-10-03 20:43:11,2017-10-18 00:00:00
58563954fff8aefe4f7ca6827885a5f6,25d01c9e3543c4b4a915f9373fae44c2,delivered,2017-11-04 21:01:13,2017-11-05 21:06:53,2017-11-06 19:28:45,2017-11-10 13:36:58,2017-11-17 00:00:00
711446e2cbe250789dc7b3ecdfce793c,61dfb2ae9399454cb12545524d192978,delivered,2018-07-04 21:03:18,2018-07-05 16:32:23,2018-07-05 12:04:00,2018-07-13 17:12:35,2018-08-06 00:00:00
fca48763ac254b18f48de642701d7b48,ed0a9f8dca4552786be0b8675e0eefad,delivered,2018-03-18 15:54:18,2018-03-18 16:05:26,2018-03-20 19:09:09,2018-03-26 17:49:08,2018-04-05 00:00:00
46dba1d22a6ee9cb6200c1cb899f583c,9110693a12c644b2c2c95778234ba8cd,shipped,2017-08-26 14:07:04,2017-08-29 04:30:18,2017-08-29 20:22:08,,2017-09-11 00:00:00
35bb1075fe5a1a4510c3c8915f84a137,4616e7f2877f49bf47330e57fa1a4105,delivered,2018-04-12 11:46:31,2018-04-13 12:50:46,2018-04-16 23:25:52,2018-04-20 16:32:35,2018-05-07 00:00:00
60b9132c2fd47eb78c1bcf2a3a621ea8,279f89e72b3c2b07a59131882dbd738b,delivered,2018-08-24 18:04:47,2018-08-25 02:45:17,2018-08-29 14:49:00,2018-08-30 16:41:59,2018-09-04 00:00:00
615881190acfd290a2122e6e4d6055c8,38ae66eca48b8ee852219d96d98c0b85,delivered,2018-01-13 16:33:01,2018-01-13 17:31:07,2018-01-16 01:18:35,2018-01-18 21:52:46,2018-02-14 00:00:00
80ff8e4db69c66d000da0845f52408f5,054b63b8606d2faa194328b09033b53c,delivered,2018-02-04 20:53:03,2018-02-04 21:09:55,2018-02-05 18:56:35,2018-03-14 20:48:20,2018-03-06 00:00:00
0b6ea9219b1603082ec87a9842e8e017,873225c67413f7a89b35895080e8689f,delivered,2018-02-13 21:34:27,2018-02-15 03:47:49,2018-02-15 20:56:54,2018-03-07 13:10:51,2018-03-14 00:00:00
ead4a4f0272fc900657829676e8d963d,2ffa798151feeb9238e6c60c6facd88b,delivered,2018-06-19 09:58:17,2018-06-19 10:15:46,2018-06-19 15:11:00,2018-06-20 21:12:33,2018-07-03 00:00:00
2628a8a365fb7f3cf467c72cbe6f6566,9ff28d5de706b0006389aa09a501feed,delivered,2017-10-21 11:22:57,2017-10-21 11:35:25,2017-10-23 19:18:07,2017-10-25 18:38:07,2017-11-09 00:00:00
990ef3539979cd76d0cc98835b2ad2f7,a3dd25a2b8cc57fffa17f57e7ad82f00,delivered,2018-07-30 21:32:14,2018-07-30 22:31:44,2018-07-31 15:39:00,2018-08-08 12:01:24,2018-08-10 00:00:00
72da19d53265a57c6e81454bb0c7add3,2cd340f0483672ef400892090c549289,delivered,2017-08-21 23:14:08,2017-08-21 23:25:34,2017-08-22 21:27:49,2017-08-29 16:28:15,2017-09-21 00:00:00
b02fd360342e2520c0361b430c150a92,22880fe3d20998c8399a9e50f6c7c162,delivered,2017-12-08 20:17:06,2017-12-08 20:30:55,2017-12-11 23:33:28,2017-12-14 17:22:05,2018-01-03 00:00:00
69a1da5ee773fe4d68b8e27567e2185c,33a232f7b7a529e24eb77de5293d71be,delivered,2018-04-20 13:39:07,2018-04-24 18:55:46,2018-04-23 18:02:33,2018-04-30 15:44:28,2018-05-09 00:00:00
b4b9e15f3787253b781c561f2d8f7eb7,8b46fef28148846b62971ed30ffee02b,delivered,2017-10-09 16:10:20,2017-10-10 21:07:13,2017-10-11 21:38:45,2017-10-17 21:45:48,2017-10-31 00:00:00
13a945cf4dff971e45059d790da4daf4,941d03f0883fa067d8897ef31b501488,delivered,2018-02-23 20:55:32,2018-02-23 21:08:24,2018-02-26 22:56:56,2018-03-28 18:34:36,2018-03-22 00:00:00
657c1689361cce2eeaabea76ced5e30f,9debacf3f48d6ebb2f1883f2a6d73b4a,delivered,2017-12-12 13:36:46,2017-12-14 02:12:21,2017-12-14 21:42:16,2017-12-17 19:09:38,2018-01-02 00:00:00
ab84bf29e9617a0fc438bb0a95a50d6d,d158ce9e0f20d24d2235731f42f1249b,delivered,2018-01-23 18:23:05,2018-01-23 18:38:40,2018-01-24 19:16:33,2018-02-08 18:48:53,2018-02-20 00:00:00
0552997d7a7283a7761acc3a5f9bcefd,4ebc2a023f9c5a95de15d342694a46a9,delivered,2018-02-24 18:28:51,2018-02-24 18:47:14,2018-02-28 00:06:43,2018-03-05 17:18:43,2018-03-16 00:00:00
9d4c054c383e63f85862599e8e3216d4,8c26df444a09dd733e7b0b0453cae0fb,delivered,2017-03-28 17:07:18,2017-03-30 02:15:49,2017-03-31 15:38:31,2017-04-04 14:13:32,2017-04-19 00:00:00
ceba7b9f1fa81a563a3e31ee64fdfb16,8d3051d40086f3777d72074bdc4a2036,delivered,2017-06-25 07:14:59,2017-06-25 07:25:08,2017-06-27 15:49:43,2017-07-03 11:39:51,2017-07-14 00:00:00
fc2c12b292a51acfbf420522f25dc2be,880d7ca6cfa159dd4a6c2bd1ad73a7f6,delivered,2018-05-11 20:52:06,2018-05-12 10:35:21,2018-05-14 14:05:00,2018-05-21 18:41:52,2018-06-08 00:00:00
911c0c489bf4354f38fc64491075e8ba,6c6319d15d79f6ef8c06f85aa7656f05,delivered,2018-06-12 16:25:08,2018-06-12 17:12:59,2018-06-13 11:22:00,2018-06-19 23:33:32,2018-07-04 00:00:00
f46b842d9b4dfd29acf5eec998837ede,97fd3f96bfd52233a59ed171a7356cf4,delivered,2018-07-12 22:21:00,2018-07-12 22:35:17,2018-08-02 05:34:00,2018-08-06 17:36:46,2018-08-02 00:00:00
6a13517381ec12deba06f6a117428702,0c7b9210b550cd224cda4f815573fc56,delivered,2018-01-10 20:43:40,2018-01-10 20:52:21,2018-01-15 17:42:31,2018-03-06 17:17:31,2018-02-07 00:00:00
5f39fdc052a768523f7c3bed2cfd3fc3,cf650de26211073211c10d5b7236ad49,processing,2017-12-23 18:25:24,2017-12-23 18:34:19,,,2018-02-01 00:00:00
3f832dc6ed52a23f1f8ad91e7610396a,aa6c9d83b00de08bd2a32f934d7f275f,delivered,2017-06-09 10:08:27,2017-06-09 10:22:23,2017-06-09 12:44:28,2017-06-23 11:42:07,2017-08-08 00:00:00
8398bfef4b9c8fa47c4d2dc9fea8c42d,bac6a392af2adc51993284cd5a44c8f7,delivered,2017-11-26 16:50:52,2017-11-26 16:58:34,2017-11-29 02:32:11,2017-12-11 19:44:52,2017-12-15 00:00:00
0b8df9666ae41f9985a6f7d73047d62a,8e3d29a001bce34acad03f9871f89204,delivered,2017-11-28 14:05:02,2017-11-30 02:34:24,2017-12-05 21:41:24,2017-12-12 21:29:08,2017-12-18 00:00:00
81a9ef6a0791099bb5859d0104f94dc9,7d5e98a2e485f0735beee6e2d1c43e0e,delivered,2018-05-31 14:51:03,2018-05-31 15:12:10,2018-06-01 15:17:00,2018-06-06 22:05:20,2018-07-13 00:00:00
647ce922555f433f94e02c2458c6e164,99582de391dc1de0e31cec0aab41f2fd,delivered,2018-04-23 10:39:30,2018-04-24 18:30:30,2018-04-24 14:38:40,2018-04-30 19:36:43,2018-05-09 00:00:00
e985c8488218e5162cef0338ba6d5236,ef243d0cc0bce65fe28540b16691f9d6,delivered,2017-10-10 13:57:31,2017-10-11 10:49:17,2017-10-11 20:19:57,2017-10-20 11:43:34,2017-10-23 00:00:00
d02ab2f026a474b1ab8e19dfefb80ec4,e32f5e6caba0c49af037c91356fadf83,delivered,2017-10-16 20:05:46,2017-10-16 20:14:54,2017-10-19 18:10:05,2017-10-26 21:37:51,2017-11-07 00:00:00
501b6d9a20b143063d1711970953fcb0,8a8cd362d6cc4c7e7fbb8050526da599,delivered,2018-06-16 21:17:24,2018-06-16 21:37:01,2018-06-18 10:55:00,2018-06-22 20:56:23,2018-07-18 00:00:00
719a2a4825d52ce82cbc8698a71495ba,bd7f3abe8cf23c1f80aff58fb4d12861,delivered,2018-04-13 12:56:27,2018-04-13 13:53:53,2018-04-17 00:18:36,2018-06-05 08:33:51,2018-05-22 00:00:00
05bf7a31e9d3eecf93db6a8e4508ed8a,17effd274d2fba6bd4b91ac477f63991,delivered,2018-03-02 13:11:03,2018-03-02 13:29:52,2018-03-02 23:27:56,2018-03-13 01:52:47,2018-03-22 00:00:00
0d27c6a7e907a99b7a7e08f9afa22d90,604ee403a6a70bc3e4c5831ebce4afdf,delivered,2018-03-01 19:24:33,2018-03-01 19:49:17,2018-03-02 22:46:32,2018-04-07 18:24:41,2018-03-21 00:00:00
b3bcacdd3b409fff8c57b4cc4f40f4e5,b7126a9d53da7109ad76b05cc8b6e224,delivered,2018-02-08 17:48:19,2018-02-08 18:32:15,2018-02-21 10:07:43,2018-03-16 19:41:51,2018-03-13 00:00:00
bae01434ee73e10ab8194c06807f29cb,8516f98c1d30a73c254faa80e4e49029,shipped,2017-12-06 22:46:43,2017-12-07 14:31:15,2017-12-11 18:28:50,,2018-01-02 00:00:00
42d823440aaa97195dc6f367332376f9,b57df61302e6f76163a0b5950d49793d,delivered,2017-11-24 08:14:35,2017-11-24 08:33:31,2017-11-24 18:28:21,2017-12-06 22:25:49,2017-12-20 00:00:00
3e67a858c3fcd6a3929e94f287d9772d,f299efe8059770d577b6b06420de12a2,delivered,2018-03-19 11:47:06,2018-03-19 12:10:27,2018-03-20 15:26:37,2018-03-28 01:37:28,2018-04-13 00:00:00
6a92e66b9d3bd75efeb50c6494ede745,78fef5c1af6d5f84ff1b12f609561901,delivered,2018-04-20 17:05:12,2018-04-24 17:27:45,2018-04-23 15:45:28,2018-05-14 18:02:20,2018-05-17 00:00:00
2f2e121506a561cd285173b300fd992f,b8e1d732cc707b8359e633ed95a8e55e,delivered,2018-02-03 10:59:39,2018-02-03 11:11:00,2018-02-07 00:45:03,2018-03-01 18:09:08,2018-03-13 00:00:00
fcd5c129c40bee5c7fc66a1493bd9b6d,23dce7eada3584aaf201ea9b29b4699c,delivered,2018-01-31 14:00:11,2018-01-31 14:13:36,2018-02-02 18:12:42,2018-02-22 21:12:19,2018-02-23 00:00:00
0c6f709251c3df262aeb79458ad96a1d,cd61ea4c014ba01e198cbb7863b8e212,delivered,2018-03-01 16:55:08,2018-03-01 17:15:35,2018-03-06 23:52:00,2018-03-09 19:56:46,2018-03-13 00:00:00
aa0ada08c461e7c8b384d1e311d474f4,8a59859c3e0b4fe72567a54c7baddc80,delivered,2018-02-27 19:09:55,2018-03-01 02:50:48,2018-03-05 19:28:54,2018-04-03 23:04:04,2018-03-19 00:00:00
cf08f889cfc7f4e20d52cf7c6828eeee,7713e861b6b25bb555804711dc1a57e8,delivered,2018-07-14 10:04:12,2018-07-14 10:24:15,2018-07-24 16:07:00,2018-07-30 13:51:38,2018-08-09 00:00:00
48a32a844d2782e2d2b33c2ccb6a941a,bdab8bc8ecc3b284ddf047a31601cd33,delivered,2017-08-19 22:49:42,2017-08-22 04:05:43,2017-08-23 18:00:19,2017-08-29 14:04:35,2017-09-04 00:00:00
7e5ce7d4d9940b4b7e3a1fcf138d3750,d24b774a22ec4061c7ba22a7f7974efb,delivered,2018-01-07 23:03:41,2018-01-07 23:15:26,2018-01-09 23:33:34,2018-01-16 17:33:32,2018-02-02 00:00:00
c3a4dcc5c4ae575cb04444cf1b3f0a09,4f24efa07ad431bbb04c7f1eb54a19bf,delivered,2018-08-26 19:56:12,2018-08-26 20:10:15,2018-08-27 14:21:00,2018-08-30 23:03:32,2018-09-18 00:00:00
505bd68247a13876bb61245104daf074,7e3cd1f802c695e446c446288bcffc97,delivered,2018-01-02 00:40:15,2018-01-02 00:47:24,2018-01-09 17:35:51,2018-01-16 15:38:43,2018-02-01 00:00:00
f856b8b90a83c3e6c6bccd3b1665fb79,b37ad61561a4c8c53e4105a3ae90fa34,delivered,2017-07-04 07:36:01,2017-07-04 07:45:13,2017-07-04 13:56:34,2017-07-26 15:25:50,2017-08-07 00:00:00
6cd4b1d2491c44f2fb48d9e55687321b,565eda93808d23d3f35e5adef155148b,delivered,2017-11-27 23:03:23,2017-11-29 02:20:27,2017-12-06 19:13:58,2017-12-12 20:33:18,2017-12-15 00:00:00
46c0b3ab3b1d05b0f8af19f0100a33c4,6a8f01843537891ff93700664ca11c7b,delivered,2018-08-18 18:37:12,2018-08-18 18:49:26,2018-08-21 13:31:00,2018-08-28 19:30:41,2018-09-19 00:00:00
12b63b3416a5f2cfb2db709782a07af5,082f15c3971915712f89b49d4099326c,delivered,2017-12-07 11:06:04,2017-12-12 04:09:25,2017-12-12 20:49:09,2017-12-19 12:28:38,2018-01-08 00:00:00
6dd6f76aa47e5d35ad4d19541715dd9d,92cad8e5fda2b485e79051b39333b461,delivered,2017-11-24 12:17:21,2017-11-24 14:31:26,2017-11-28 17:56:57,2017-12-05 23:18:55,2017-12-19 00:00:00
5b4a5c06f7c8192686f2792b0dafb785,5fae9fbd06c81844d036e4d3cf3a9f43,delivered,2017-12-17 18:32:09,2017-12-17 19:31:23,2017-12-20 15:54:41,2017-12-21 20:43:20,2018-01-05 00:00:00
bd751ddcab3b8972d79a87e9cb5df8f4,2af532c873aa98204e14929109f0c7fd,delivered,2017-04-06 11:53:43,2017-04-06 13:05:26,2017-04-07 10:53:58,2017-05-02 11:47:48,2017-05-10 00:00:00
675ea662391ef609e39645b25940d453,7d643c6504deebe6d2ab830865d71584,delivered,2017-11-08 18:44:44,2017-11-10 03:06:36,2017-11-16 22:58:01,2017-11-29 14:09:20,2017-12-01 00:00:00
a556af28fe6f1e8804087924fdced810,eba04ee856b162cbb63d97476cde1726,delivered,2017-08-17 18:00:20,2017-08-17 18:50:20,2017-08-21 11:57:29,2017-08-24 19:57:52,2017-09-08 00:00:00
2313fc14bc3187d0691674f1016242d9,9bd1ef1ade50165ae93cf9c6ff3c8b0c,delivered,2018-06-23 23:28:03,2018-06-23 23:54:34,2018-06-26 14:52:00,2018-07-06 18:21:18,2018-07-18 00:00:00
a997ce452b12e113ccd903fd9323d382,cbb28c8357c170dabf764f9be265e1f1,delivered,2017-12-09 11:09:08,2017-12-09 13:10:59,2017-12-11 23:55:34,2017-12-23 14:12:47,2018-01-10 00:00:00
4867306a7b3d9d5620d493184c6a4a7f,b4029065dc8dd2130e521520cc16dae4,delivered,2018-01-24 13:46:44,2018-01-25 02:38:21,2018-01-25 16:19:19,2018-02-02 15:53:14,2018-02-08 00:00:00
4b8554eedaef8a794db32fd6f2663cc0,a72dec46c717c9c54828035b012b82b5,delivered,2018-01-13 17:03:25,2018-01-13 17:15:26,2018-01-15 22:41:48,2018-01-22 20:43:25,2018-02-05 00:00:00
9ae84d27762f3fddb23d96e69a81f3ed,5761ae0f6a33d1ca20c620eea9ff0685,delivered,2017-10-04 21:48:39,2017-10-04 22:04:36,2017-10-05 20:39:53,2017-10-10 20:57:33,2017-10-25 00:00:00
1588b79ef6078fb4a06549ed42ae7fd3,234a9c4a789ea5dc38db5beb628e4803,delivered,2017-09-16 10:33:11,2017-09-16 10:48:36,2017-09-18 10:28:55,2017-09-27 18:48:00,2017-10-10 00:00:00
5217800f8025b50bbddf0d58461486af,f8081ceae7621874a1311c2473ee612e,delivered,2017-12-05 19:04:22,2017-12-05 19:30:49,2017-12-06 17:16:36,2017-12-11 22:12:08,2018-01-05 00:00:00
701ed63cdee1bf7a8aeb7f690acb04a2,05f0ba650e96816117cc49d9194cf3f5,delivered,2018-08-13 13:11:04,2018-08-13 13:25:14,2018-08-14 11:37:00,2018-08-21 17:06:48,2018-09-03 00:00:00
f738b7f44b5be61ae982e3ea9c87289f,e05ca5295fa14909119f1623a1737fb5,delivered,2017-10-07 19:24:09,2017-10-07 19:49:33,2017-10-11 20:13:41,2017-10-14 00:26:44,2017-10-26 00:00:00
c66d52ab7ee1f262449a1c5aad867d82,bd89c03e638dc238d284e1873e366171,delivered,2017-09-15 17:36:25,2017-09-15 17:45:40,2017-09-20 14:41:23,2017-09-26 20:13:50,2017-10-05 00:00:00
5070ab7aeaa32fade8da1f8d1027ac63,12ad82511e00603d0f878b5fa67cbd1c,delivered,2017-12-08 20:02:56,2017-12-08 20:12:19,2017-12-11 20:48:45,2018-01-17 18:52:46,2018-01-09 00:00:00
97970934fe4f84a9169a79b05923fa0c,3ffe39972b3f48e2907b1ca5386cd4a5,delivered,2018-03-19 19:16:30,2018-03-21 02:49:03,2018-03-23 01:33:13,2018-04-05 21:55:44,2018-04-05 00:00:00
a08f93229ff75ba67fbdc36e6ad7c5c7,7c3f8286d229c232d2fec7d8e750e7ea,delivered,2018-05-02 01:27:50,2018-05-02 04:21:15,2018-05-04 15:11:00,2018-05-07 22:08:38,2018-05-16 00:00:00
ebbe13361b5642fa1a02ae9fa3d7fb3d,b9bdb8462ebf51bdcbf78b442cf43ed7,delivered,2018-01-29 00:44:47,2018-01-29 01:58:49,2018-01-30 18:55:04,2018-02-02 17:52:19,2018-02-14 00:00:00
a20eb879de62e2e2ef54074f5f71db9f,f112b34d0cf6556f7c5c029ff5c67ba3,delivered,2018-01-30 10:01:23,2018-01-31 17:54:04,2018-02-19 11:04:00,2018-02-20 20:15:11,2018-03-26 00:00:00
66c8dae0eb958ee945dc71efd0a99659,50ce1380a46e62a29e1749267839d4a3,delivered,2018-02-01 17:35:51,2018-02-01 17:53:20,2018-02-06 20:22:37,2018-02-19 16:24:50,2018-02-23 00:00:00
83cb604e747a6aacb0a7e425f0b21a77,394a21d5633737086ebc2fef3686bc2a,delivered,2017-06-19 22:37:10,2017-06-21 02:30:29,2017-06-21 13:23:35,2017-06-22 16:54:34,2017-06-30 00:00:00
eb4c34f6c71f98b594e9df32d8e3c851,76cdbc077d1f0ab2a243edcb6dac3ec8,delivered,2017-10-29 10:19:49,2017-10-29 11:26:01,2017-10-30 23:07:48,2017-11-13 14:59:09,2017-11-17 00:00:00
13d1f1aae5f022a221984b4b9802a73d,d65fb8db178f6bb3c8bcec231908b96e,delivered,2018-02-15 15:49:12,2018-02-15 16:06:35,2018-02-16 22:25:06,2018-02-19 15:43:42,2018-03-02 00:00:00
153f3406d034142db04fcb576d6987cc,80988b11269d81589d963ff44080ccca,delivered,2018-06-01 10:55:57,2018-06-01 11:12:27,2018-06-04 20:19:00,2018-06-05 16:16:52,2018-06-26 00:00:00
509b86c65fe4e2ad5b96408cfef9755e,69f07139131eb94ecb8e5b5d601b1f7a,delivered,2018-01-31 23:37:38,2018-02-02 16:00:30,2018-02-05 20:38:02,2018-02-06 18:12:22,2018-02-16 00:00:00
90ea1a3defd31881bd311c87249c6fdb,4d0c3d50027cfbe7eb020590e8a81ce0,delivered,2017-07-06 15:42:09,2017-07-06 16:04:21,2017-07-07 18:07:44,2017-07-24 19:59:42,2017-08-09 00:00:00
36e14a46e5b025f82308a10f7a942db0,7cb60a605d9d8f9ade653d72231b3c68,delivered,2017-10-11 15:44:53,2017-10-11 15:56:21,2017-10-16 18:13:09,2017-10-20 14:17:01,2017-11-08 00:00:00
61d0f8073b3d86c34c69845c9e0dfd54,014734aef2673760779034c8f95ca598,delivered,2018-03-05 14:10:26,2018-03-05 14:49:21,2018-03-09 23:29:29,2018-03-15 23:08:55,2018-04-05 00:00:00
318a41eb5de685684d15e6ce68fa5ab7,69174d2ab6401c71be802bf71f111b93,delivered,2017-10-04 08:32:08,2017-10-04 08:49:23,2017-10-04 20:28:56,2017-10-11 23:49:01,2017-10-27 00:00:00
83f3d57e77ac04a095a21b92ae0fd835,dd8cbb2002c9992c20c5d2d74e2fd5f5,delivered,2018-05-24 12:31:39,2018-05-24 12:59:24,2018-05-29 14:11:00,2018-06-01 22:22:46,2018-07-18 00:00:00
59777653a9cfaef8d8aa7162181c7ba1,04cb82f80c2964ddb436a3d74fc14ef9,delivered,2017-11-26 22:52:17,2017-11-28 22:57:01,2017-12-05 02:47:33,2017-12-15 21:48:44,2018-01-03 00:00:00
453b1d86b22e9fdb0d1da9c446dd2828,0afa45aa9b2befa48d4056a9037aeaaf,delivered,2017-11-28 15:52:31,2017-11-28 16:17:30,2017-12-01 22:09:09,2017-12-14 16:21:29,2017-12-19 00:00:00
c8bedae351d76a3163c9840172c1285f,586982bc4d41d9fa769c7ee3e7907b7b,delivered,2018-08-23 17:04:55,2018-08-23 17:15:27,2018-08-24 14:31:00,2018-08-27 16:08:49,2018-08-30 00:00:00
9ccf81055013ee5c95099ed3baf8ae4f,e4713a0e07528b06babe87ec0d8fe450,delivered,2017-10-21 00:17:19,2017-10-21 00:35:23,2017-10-24 21:03:27,2017-10-31 21:38:48,2017-11-17 00:00:00
2c065390b0d9a4daae8b736170a3e9b8,0f66b03abf9016f15be4fef131efa629,delivered,2017-11-25 23:20:36,2017-11-28 03:41:50,2017-11-28 22:15:57,2017-12-05 18:56:45,2017-12-27 00:00:00
079034c04662f3d7dce287df9e4e5489,de8e33a82d162c02dc4dd95ffe7fe42c,delivered,2018-07-24 17:17:48,2018-07-24 17:30:15,2018-07-25 14:08:00,2018-08-02 19:32:45,2018-08-14 00:00:00
491d0f75b13fe6ae121d0deb9a410a51,8bb0928c36fbf8a37b88a419e3cb0ffa,delivered,2017-06-21 14:59:12,2017-06-23 02:30:45,2017-06-23 12:46:44,2017-06-29 16:47:50,2017-07-11 00:00:00
6e3a62e4b3150455350d30705dc23ac3,3fecab5810a61428b1f916f932d3e44a,delivered,2017-10-14 17:16:56,2017-10-15 17:36:49,2017-10-17 18:48:49,2017-10-23 16:58:37,2017-11-06 00:00:00
9fdcac8d1f22da3941b458e835f199e3,d468f9fd5b79e8d23f71a60901ccf2eb,delivered,2017-08-19 14:52:19,2017-08-22 09:45:44,2017-08-22 18:41:53,2017-08-25 21:47:48,2017-09-25 00:00:00
84e4486c820db46414cbfb1dbbe80889,93a76cec9665317ca677f7800987b681,delivered,2017-11-23 22:56:37,2017-11-23 23:08:23,2017-11-24 21:38:41,2017-12-02 17:28:52,2017-12-14 00:00:00
d59990b8113b909332b7eb63d417c86a,1a22a929e1167b7a71cc69544814526e,delivered,2017-11-26 15:39:40,2017-11-26 15:54:47,2017-12-05 20:26:43,2017-12-11 22:44:45,2017-12-15 00:00:00
a3387455ec2a51ea33eb1d7557994979,64bfeb705b436477f84efa0fd4623dc1,delivered,2018-06-01 12:50:14,2018-06-01 13:12:38,2018-06-01 14:07:00,2018-06-08 18:08:28,2018-06-29 00:00:00
25857521bead5be64bf8305c71db1fa2,db50237cf3062997bb7f609e7ce57533,delivered,2017-08-15 17:53:51,2017-08-15 19:35:15,2017-08-17 19:16:37,2017-09-19 17:02:54,2017-09-29 00:00:00
bebaff5f4489a8d0b10a929087be21a9,980c50b9937474c6340021542088ab28,delivered,2017-12-04 15:43:56,2017-12-05 04:12:06,2017-12-05 23:07:47,2017-12-13 21:06:45,2017-12-29 00:00:00
8d2ca1078f464825b9e902aaa37e0683,6e46150f461f2f295fe792668fc3dc4c,delivered,2018-08-07 11:28:21,2018-08-07 11:44:46,2018-08-07 14:24:00,2018-08-16 17:36:40,2018-08-21 00:00:00
aef48a244608d4b43b75063d4f902eda,0b19416215bceca38e7dcae2bdd64124,delivered,2018-05-03 23:18:24,2018-05-03 23:32:41,2018-05-04 15:15:00,2018-05-09 01:16:49,2018-05-11 00:00:00
20fa8f2f9e0e99e74b93545b01a6f24a,8a39ba1fb8abc94cc279453bce49038c,delivered,2018-07-30 14:54:31,2018-08-02 13:42:58,2018-07-31 14:51:00,2018-08-13 19:38:28,2018-08-28 00:00:00
3ece0cf2cf0883cbd70a586e3174ad1d,859db6b9f2a220d350e2feb49ac0336d,delivered,2017-12-20 16:02:57,2017-12-20 16:13:23,2017-12-21 23:49:01,2018-01-04 22:33:42,2018-01-23 00:00:00
a7833628c3a6c045fc5795989947707a,cd970e72a666ac583850eb53ebf620b8,delivered,2018-05-30 17:38:59,2018-06-02 03:11:30,2018-06-04 14:07:00,2018-06-06 19:07:46,2018-06-25 00:00:00
4a5ae0241cc3b71a2ebeaafdac23168f,e1f84ac160ef6931ca5a907ff08ca26a,delivered,2017-06-03 14:21:12,2017-06-06 13:10:14,2017-06-07 13:29:58,2017-06-14 16:42:36,2017-07-10 00:00:00
4d018d28940042ac4bfd91cb21ac8b8b,d1e1e6357ad88f9f2849304c44884cf0,delivered,2017-12-15 21:19:13,2017-12-15 21:31:25,2017-12-19 18:45:22,2018-01-03 21:45:58,2018-01-15 00:00:00
a97c3c176ba255c62bb5400d42d47e96,eecd9ec5c04aa9abce50544663d50038,delivered,2017-12-12 18:35:03,2017-12-12 18:50:26,2017-12-15 22:09:57,2017-12-21 19:13:58,2018-01-05 00:00:00
36887f26ba41322fdfc422db106a7b05,95a1f083a4b89920794453885216b486,delivered,2018-01-31 13:29:40,2018-02-01 02:35:38,2018-02-01 18:13:11,2018-02-02 19:28:30,2018-02-16 00:00:00
386725597660fc7a49b706655de2ffdf,b49e14478833d1c6657386586d0aa695,delivered,2017-11-24 13:22:22,2017-11-24 15:19:28,2017-11-28 20:34:29,2017-12-02 16:42:07,2017-12-08 00:00:00
d264cc09df2d6232397d0a9db018d01a,a495090e1f5e00fb6e1301fafb05f43c,delivered,2017-08-25 01:14:27,2017-08-29 04:31:03,2017-08-29 23:02:55,2017-09-08 18:18:08,2017-09-19 00:00:00
0fc4514962014882225600c063477bd3,fa990bebf6f54b2afd8f2bd514730415,delivered,2017-06-08 13:59:17,2017-06-08 14:25:25,2017-06-09 12:10:58,2017-06-16 12:54:08,2017-07-05 00:00:00
7c90d586e963f486acac5a2731869a5d,4a649e63666609f1e8535c98b8e1a5b7,delivered,2018-05-05 10:35:37,2018-05-08 04:33:41,2018-05-08 12:27:00,2018-05-18 20:06:56,2018-06-01 00:00:00
b29b045636b2047829feea3fa73a0f10,a3b14fdd39729ad50cb9f94515df48b3,invoiced,2017-05-23 20:55:59,2017-05-23 21:10:11,,,2017-06-27 00:00:00
cd382a708b09cb1bf4a61d9d4fc0c1e6,3a1adea21ea40d4f30807a9b3e4f7043,delivered,2017-11-24 15:17:35,2017-11-24 17:54:11,2017-11-30 16:33:10,2017-12-08 21:27:11,2017-12-19 00:00:00
789ef8e547844763c96f5e815b5478e3,8a71eb0a0092b48c6cf685f059bf0940,delivered,2018-07-12 08:47:25,2018-07-13 08:45:15,2018-07-23 15:08:00,2018-08-06 19:08:46,2018-08-22 00:00:00
d1c3d911ad830cab7d16ad8acfc36a46,053773e477b7af0d6678c1669b397cda,delivered,2018-05-11 14:47:16,2018-05-11 15:12:12,2018-05-14 14:16:00,2018-05-16 20:06:39,2018-06-12 00:00:00
309b9de8813533826a3005f94bee92b9,7d256faf9786f86ad032ffdc9554ea2d,delivered,2018-04-24 14:31:39,2018-04-25 14:33:20,2018-04-26 13:38:00,2018-05-04 18:56:50,2018-05-23 00:00:00
4da1c4073a1bdbb3968cd681337f254d,7dca8ae78b5b510249184750e69930f5,delivered,2018-05-09 17:38:07,2018-05-11 03:10:52,2018-05-29 13:18:00,2018-06-08 16:12:45,2018-05-25 00:00:00
42113e78f28f6201edc22b1a9f50ca81,9002b566a0a335d74116ee1978d5ade9,delivered,2017-04-21 18:00:02,2017-04-21 18:10:14,2017-04-25 11:25:42,2017-05-02 16:31:15,2017-05-15 00:00:00
c16ec8e984cff6fc7c08ca725f3ea5d9,1eaf911d0367602f4f9087353b3af6fe,delivered,2018-06-18 12:02:37,2018-06-18 12:37:21,2018-06-19 10:39:00,2018-06-20 17:54:59,2018-07-03 00:00:00
033dac2c6721b55b4323f622ea5c1500,1ee6f20f34afd82b191668114c8c26d8,delivered,2018-06-29 12:25:39,2018-06-29 12:35:14,2018-07-03 14:15:00,2018-07-13 19:48:27,2018-08-02 00:00:00
567b8d2e08305bf8754eb7f1a3ad7351,85232ee8d607e2b9ad2540ba90bb3c09,delivered,2017-04-27 10:51:58,2017-04-27 11:05:10,2017-05-03 10:38:32,2017-05-18 09:44:56,2017-06-08 00:00:00
8a3b1e83e4d61d19b4a8981b81368711,0fb9e15bc538d4a7fbe146abfc767a15,delivered,2017-10-22 21:59:28,2017-10-22 22:14:14,2017-10-31 17:03:53,2017-11-07 20:27:26,2017-11-27 00:00:00
3ccb8870c169b9a65a6ce1b3736c49a5,2b9e2ff31010e6a231adf3f8cc4fa8bd,delivered,2017-12-19 16:58:19,2017-12-19 18:31:48,2017-12-26 20:51:43,2018-01-08 18:57:44,2018-01-19 00:00:00
f896589d5423240044b0425caf71bc96,e1cb8930e519bdbbc6c7354d7b1cb170,delivered,2018-02-04 17:12:23,2018-02-04 17:49:07,2018-02-07 22:22:45,2018-02-27 23:10:17,2018-03-08 00:00:00
c9f0b297ad32f156608f2db479e1bb06,84869909eb6bd2b47b2871587dedb848,delivered,2018-08-02 12:06:15,2018-08-02 13:04:22,2018-08-03 11:42:00,2018-08-07 16:41:10,2018-08-15 00:00:00
9e4a465874eb1b2bb19bd8e6197615e2,11a3e46b98d08eb603d8862efbffcb42,delivered,2018-02-25 11:27:31,2018-02-25 12:09:26,2018-02-26 14:18:46,2018-03-02 01:22:39,2018-03-19 00:00:00
d9e0e6c219155daf624e2cd31056d474,7ad81ba6ffad3deaefb12dc8097c9f5f,delivered,2018-04-02 10:09:23,2018-04-03 10:09:40,2018-04-04 00:36:43,2018-04-10 18:24:36,2018-04-25 00:00:00
cb853e8420ad49b1a4c1a35000a24f69,f36896ee9f1173ab26a7fb902080e060,delivered,2017-09-30 09:17:47,2017-09-30 09:28:11,2017-10-04 18:27:48,2017-10-11 15:35:58,2017-11-01 00:00:00
0b8e8a083ebc7823271b2618f31eb1bd,c19159b713b6d5384d233f5805a68b3b,delivered,2018-03-13 08:08:03,2018-03-13 09:04:01,2018-03-14 17:27:25,2018-03-16 18:18:38,2018-03-23 00:00:00
22d041eb8aacc1c62569f7e903a64f52,b32de211be666fe1ff430c4a18a1810e,delivered,2017-08-22 09:50:57,2017-08-22 18:32:45,2017-08-24 20:03:04,2017-08-29 21:53:48,2017-09-22 00:00:00
d99a2dd6225862296012cf4a779f16da,92a602b71384f8781ec3cd8ce620dcd4,delivered,2018-05-07 16:57:12,2018-05-08 08:35:23,2018-05-16 12:06:00,2018-05-21 18:32:58,2018-06-07 00:00:00
2518a3eb047912b58514fc2f405ea73a,980eeb25c7a6c02bd16f50f698223c33,delivered,2017-03-12 21:17:57,2017-03-12 21:17:57,2017-03-14 13:40:08,2017-03-20 12:02:26,2017-04-03 00:00:00
39fa60081010d638c00e98a2acf219fc,bf77f36fd7def22e383bdd67c28fe84e,delivered,2018-03-19 14:45:18,2018-03-20 03:35:40,2018-03-26 23:08:43,2018-04-02 20:17:25,2018-04-16 00:00:00
4c9ddca2b75016c60d1bcad0f53dfbb3,fe2495e9d24d7d00018c5a75cf35ef74,delivered,2017-12-11 15:59:18,2017-12-11 16:12:39,2017-12-13 21:58:36,2017-12-15 19:34:58,2017-12-28 00:00:00
168626408cb32af0ffaf76711caae1dc,6e353700bc7bcdf6ebc15d6de16d7002,delivered,2018-08-29 14:18:28,2018-08-29 14:30:23,2018-08-29 18:51:00,2018-08-30 16:52:31,2018-09-11 00:00:00
6e924d48f1cd0e231543fef06a3a99ac,49448355180f018b9167239d283ccbb5,delivered,2017-10-30 16:24:04,2017-11-01 03:15:21,2017-11-03 18:50:07,2017-11-14 21:05:06,2017-12-01 00:00:00
5a169456a6ecf7c4cbd88cdf18c23c83,7674b7547e4ac856317c4070b1703146,delivered,2017-10-14 11:38:35,2017-10-14 12:13:22,2017-10-16 22:38:55,2017-10-23 18:42:23,2017-11-01 00:00:00
8fc875584ecf1bbea7cc5e895d4ece6a,9f1d0829689993f3a43fd9961c4e738b,delivered,2018-01-16 09:55:52,2018-01-16 10:10:57,2018-01-16 22:51:52,2018-01-23 20:37:04,2018-02-14 00:00:00
c831c64f0cd1f084f23944c0f1f9d123,6e2155e4c5218340df96c5be87f8931b,delivered,2017-06-20 16:47:24,2017-06-20 16:55:17,2017-06-21 09:15:44,2017-06-29 10:41:35,2017-07-12 00:00:00
99bc429ddaa03f67e02a463a20c2379f,a3cbf4257c79c31a551ab11948b2a774,delivered,2017-06-27 15:39:38,2017-06-28 15:35:21,2017-06-29 14:33:52,2017-07-05 14:14:33,2017-07-17 00:00:00
60afca4f94b2edc36d1387fc6887be65,08ed58dbc26bae69537e6361df9981f4,delivered,2017-06-29 11:46:18,2017-06-30 03:15:17,2017-07-05 15:15:55,2017-07-10 16:27:48,2017-07-12 00:00:00
830766a6f59d1f6e2fb978b1fb83feda,ceff51defd5a15d65f1ff842ae18e33d,delivered,2017-09-14 10:23:41,2017-09-14 10:36:23,2017-09-28 14:33:42,2017-10-03 17:31:52,2017-10-10 00:00:00
c308c2ae15a981044aa6d93a3c6bcf1a,88489527cc5297af6ef25ae19ed5506b,delivered,2018-05-25 16:06:15,2018-05-29 03:55:04,2018-05-29 12:39:00,2018-06-05 14:45:09,2018-06-21 00:00:00
413f4326b6acbad986db3984844f8a0e,57e95f462421f19f7f38515d6ff55fa1,delivered,2017-12-15 13:50:13,2017-12-15 13:59:31,2017-12-22 16:07:18,2018-01-08 16:09:51,2018-01-22 00:00:00
3987b835c34fa14457d123796b99ba27,50edf1bb01f965f14bee7527c3bed42f,delivered,2018-02-25 12:52:37,2018-02-25 13:07:51,2018-02-28 19:32:45,2018-03-18 17:21:22,2018-03-27 00:00:00
c0d9f365ee87e29a7b16a2c55e1a6d5b,51eacbaffd2fa372bf9853dacf832c9d,delivered,2018-06-07 22:52:43,2018-06-07 23:13:56,2018-06-08 13:19:00,2018-06-16 01:44:47,2018-07-20 00:00:00
c2e2ebe5c3ed97d7d487c65bb2b1a663,3af18ffb878bd1e4821d5d9e01c79d01,delivered,2017-10-27 14:56:45,2017-10-27 15:11:51,2017-10-30 18:03:26,2017-10-31 17:58:51,2017-11-06 00:00:00
93b74681985a4a11ca3b48be35576434,65761947a056b26b4e0e853086f7b1e3,delivered,2018-07-23 13:33:46,2018-07-23 16:00:12,2018-07-24 14:15:00,2018-07-25 16:45:04,2018-07-31 00:00:00
d4bc0ad85ade29acdd0a51c7ce9367b1,2f77504d95a71ffa709d5a8939e384e2,delivered,2018-08-15 18:44:40,2018-08-15 18:55:17,2018-08-17 06:15:00,2018-08-22 00:42:03,2018-08-28 00:00:00
c52e9809d37cb1da882dc573f4240878,d2a568db82977556bb2acd4ed397b59f,delivered,2017-05-05 19:36:29,2017-05-09 09:45:16,2017-05-10 11:07:29,2017-05-15 15:13:57,2017-06-01 00:00:00
5d6b252b7498a940c9faa592213429e6,2a88f869ff60c357f6e00e6dded4442f,delivered,2017-04-03 22:00:31,2017-04-03 22:15:14,2017-04-08 11:14:37,2017-04-19 14:24:05,2017-05-04 00:00:00
f8573b9bf02d001ec2885d6c8193a436,2497f94fd70c1ceb3b57e5c194efc4d2,delivered,2017-10-31 13:30:47,2017-10-31 14:31:28,2017-11-01 16:44:59,2017-11-13 15:32:46,2017-11-21 00:00:00
d2fb203e007fe808d4bb06b2df37b610,14f5d95b701702e7eac6f8ee27c5a586,delivered,2018-05-12 13:50:23,2018-05-12 14:11:56,2018-05-14 08:17:00,2018-05-18 18:29:01,2018-06-20 00:00:00
849eace12a4c38cc5d4647af9f942eff,5a36bd2a84d5b3f6ea920871476935e0,delivered,2017-02-09 12:48:59,2017-02-09 13:11:15,2017-02-09 14:33:32,2017-02-17 16:32:56,2017-03-14 00:00:00
14eabcc7b2e278362bdfe6bdfcb822f9,83f0d7704949fa424f2e64c2bea15708,processing,2017-02-14 19:51:39,2017-02-14 20:03:21,,,2017-03-13 00:00:00
dbe68b74bd4b3b7e0b5151c19263237d,ca24f52b0ee858d2afc596af46643d68,delivered,2017-03-14 13:35:25,2017-03-14 13:35:25,2017-03-16 11:33:53,2017-03-27 15:28:18,2017-03-31 00:00:00
cc652a820b30631f5db92ac08dcadbc7,cf02cea5a00d7ec7e67022f0c11b5873,delivered,2018-02-01 15:15:52,2018-02-01 15:34:57,2018-02-02 01:57:08,2018-02-04 18:56:29,2018-02-19 00:00:00
4a742fa7344845af73696d98a380f430,4dd8114cf78b33d0703304103b7a96c0,delivered,2018-02-09 14:58:19,2018-02-09 15:10:33,2018-02-10 13:36:32,2018-02-27 19:16:55,2018-03-16 00:00:00
95b77d025d47143b0ac25edd12536293,5dafa7c6ef92319d160eaf859fda0aa6,delivered,2018-07-30 14:23:40,2018-07-30 16:05:06,2018-07-31 16:20:00,2018-08-08 00:29:51,2018-08-20 00:00:00
fc8c2e8bc069aea361c41c313464993c,d9b197652014856c8d81108eff5f6cff,delivered,2018-06-23 13:18:24,2018-06-26 04:59:16,2018-06-27 11:54:00,2018-07-03 21:21:15,2018-07-23 00:00:00
750732fef7a3be35c99c21fab182e597,2b33c3e1a015bd441dcc5773ef142c7e,delivered,2018-06-05 21:37:26,2018-06-05 21:53:13,2018-06-06 11:21:00,2018-06-15 18:26:44,2018-07-18 00:00:00
0fbfabe0eab1da587d8cb38f67efa0dd,0bbd5833a02f8f7aae1c7692bfe25320,delivered,2018-08-24 07:20:47,2018-08-24 07:30:09,2018-08-24 12:55:00,2018-08-27 20:08:49,2018-08-30 00:00:00
9b2e00ce6088a0c1811bf51b01f2b034,f1b1fdbce377337fa5032c63729b67b4,delivered,2018-03-15 10:13:07,2018-03-15 10:29:37,2018-03-15 23:58:51,2018-03-27 16:57:27,2018-04-03 00:00:00
74cc0ed335d038500396da34763043a6,90c74d2a364948608eb6b45bf576940d,delivered,2017-10-11 17:29:28,2017-10-11 17:46:31,2017-10-13 21:29:54,2017-10-16 21:37:48,2017-10-24 00:00:00
999a06d4f5f99f712c14e37308f5aa6e,5df6dda4226bd9c10dd9d75ca65221ff,delivered,2018-08-21 12:15:04,2018-08-21 12:30:53,2018-08-21 16:38:00,2018-08-23 16:56:26,2018-08-27 00:00:00
94f1e81783b607dd10f270a0ceaf9d40,36a9fe16e0dccf8efd8b98fc7002378d,delivered,2017-12-12 13:09:38,2017-12-14 13:12:18,2017-12-15 20:10:18,2017-12-19 14:52:05,2018-01-09 00:00:00
e0409d7f1bbf560cbc2472a046339c3c,b57ede159d0a0ad4aee357d0219ddaca,delivered,2017-09-04 22:43:35,2017-09-04 22:55:13,2017-09-12 17:11:55,2017-09-20 19:38:53,2017-09-28 00:00:00
a7945c880a9ae5ff74905e316695ac77,c13456c30487488edbbf3e483a24a577,delivered,2018-04-09 16:17:38,2018-04-09 16:50:09,2018-04-10 19:56:44,2018-04-11 20:21:15,2018-04-19 00:00:00
bb31bb913d812a8bd72342f8aad3fec3,9f0867a938d2e4e4dfbbdc60d402f20d,delivered,2018-06-01 15:54:46,2018-06-01 16:11:42,2018-06-05 12:28:00,2018-06-09 01:08:18,2018-07-04 00:00:00
72ec72091aea2b3b17c98c71172c4247,0f1bcbaec0169c78780f5ab7e1d5aa36,delivered,2018-02-16 15:44:31,2018-02-16 16:07:04,2018-02-19 23:08:58,2018-03-07 14:58:51,2018-03-15 00:00:00
1d893dd7ca5f77ebf5f59f0d2017eee0,b19da0df0271e8a3553e3670f86aeab5,delivered,2017-06-19 08:19:45,2017-06-19 08:30:20,2017-06-19 13:32:04,2017-06-19 21:07:52,2017-06-30 00:00:00
79f04f286db371d16fa7bb23b3ca8b5f,46a12f26b4e591ecaf6b86f5f5e2fdbf,delivered,2018-04-26 05:01:24,2018-04-27 10:12:23,2018-04-27 12:46:00,2018-05-08 22:28:30,2018-06-22 00:00:00
4ea3c6eaf3dc15ad857675322bfb6bd0,cf514939041cb2b8724a3e685e2bb43b,delivered,2018-08-19 15:10:51,2018-08-20 12:10:43,2018-08-21 15:20:00,2018-08-29 06:21:52,2018-09-06 00:00:00
3a4e44cbd3bff237fa62857370a2214e,9e896940b0732656cf7a9689c160df44,delivered,2017-10-03 14:14:32,2017-10-03 14:35:14,2017-10-03 20:37:55,2017-10-10 19:20:03,2017-10-25 00:00:00
592f871804e88d1167c1532ebff9fb84,01d46d05097a25fb0d755e86ab3a6fb3,delivered,2018-02-11 10:16:55,2018-02-11 10:48:09,2018-02-19 21:52:46,2018-02-28 00:16:35,2018-03-12 00:00:00
5e0f498aef45e2d62d0c983110ef0892,522d1cb904fccfde85524da152df8f60,delivered,2018-01-09 15:42:08,2018-01-10 10:32:38,2018-01-15 19:53:01,2018-01-19 21:23:07,2018-02-01 00:00:00
b6b73b9c0cab8ac7a2b02a49623d4cfe,3d7bcbc81919ffc313f9286f8516ca84,delivered,2017-07-04 13:25:07,2017-07-04 13:35:18,2017-07-07 17:19:33,2017-07-11 18:32:20,2017-07-24 00:00:00
f53a2d931e67099351c1cb7cbd9b5e94,bf21f454f0c15f710bb4d6619692e4d5,delivered,2017-11-02 18:41:53,2017-11-09 15:15:31,2017-11-10 19:32:22,2017-11-13 15:03:34,2017-12-07 00:00:00
a8e5aabb9432e7bedd2907661abb81d9,81af6d23c8d9d71ef6b7a7d011c8f1c6,delivered,2018-08-16 23:29:29,2018-08-16 23:49:37,2018-08-17 15:28:00,2018-08-23 22:04:04,2018-09-13 00:00:00
e8f8bd78ba485b6b2cd2d751dac28eb5,b527077fcf783cd4a721674ffb07931f,delivered,2018-03-23 22:04:37,2018-03-24 22:07:35,2018-03-27 15:04:20,2018-04-04 20:51:28,2018-04-17 00:00:00
6a188f1161967f21d6b80a19a283dfec,f89fc036be2dc77bebe3939e2c5e30b0,delivered,2018-01-11 12:59:34,2018-01-11 13:10:34,2018-01-12 23:19:19,2018-01-27 18:05:24,2018-02-22 00:00:00
c84b383da1173fe2b3b8dc1052c66821,d452a5b89cea2506ed5d8e032964787f,delivered,2017-05-11 13:43:44,2017-05-13 03:10:07,2017-05-20 07:43:41,2017-05-23 15:25:01,2017-05-31 00:00:00
19b458c5801e5fc6d67e6cf0d61b98c4,b7528f0ddb41ac295dc0cb58459adc46,delivered,2017-03-03 09:47:48,2017-03-07 04:15:17,2017-03-14 04:32:51,2017-03-17 14:45:34,2017-03-22 00:00:00
e26f52b2a37b0ce41ba38979221bf39d,a280a8b7c50d6f1a0dc077018b66e835,delivered,2017-02-24 20:41:29,2017-02-24 20:55:10,2017-03-01 10:55:33,2017-03-03 11:12:18,2017-03-23 00:00:00
a405efe2b87215277a81cdcd45355628,cd8268aa18118923a96823a06745e0da,delivered,2018-06-02 12:50:03,2018-06-02 13:10:06,2018-06-05 08:45:00,2018-06-13 17:41:38,2018-07-13 00:00:00
dedd4d19b664a56fe9b13c30491e32c8,a576cb7e83a15a60f7d5da21cba053cb,delivered,2017-12-05 20:23:39,2017-12-05 20:36:16,2017-12-06 18:12:33,2017-12-21 19:51:59,2018-01-03 00:00:00
1534abac962760cbb058568f7dffc105,b846ef8789f3c1086d7777b1c575688f,delivered,2017-10-26 22:24:13,2017-10-26 22:35:15,2017-10-27 16:12:47,2017-11-17 21:04:49,2017-11-22 00:00:00
31026c762ccd760199ad552ea17e0269,25ba518be2faaf1678b183d103fd8bf3,delivered,2018-01-23 20:57:44,2018-01-23 21:20:20,2018-01-29 23:59:03,2018-02-05 21:13:25,2018-02-16 00:00:00
173426e15a3e72e3bc27ec26ebd8b526,5be79e4548b8a3f05f15a7207d372f68,delivered,2018-05-11 13:05:45,2018-05-11 13:37:17,2018-05-15 14:12:00,2018-05-17 00:06:47,2018-06-07 00:00:00
01f7d29898cf7c5fcb583a2a29508202,bafd4361ea9061be4b18bbc25300f2b9,delivered,2017-12-11 01:09:44,2017-12-11 01:19:24,2017-12-15 15:12:07,2017-12-19 17:59:52,2017-12-28 00:00:00
aebb9ea169213280a20a4acaea15b7e6,3eb423a84af3314496ef52d9e172345b,delivered,2017-09-25 20:32:00,2017-09-25 20:49:21,2017-09-27 13:18:11,2017-10-12 15:44:47,2017-10-18 00:00:00
e140deee5e833b2f83a5ef0dcc602db9,b08e74997b2f1829f23a9f69e7c79cde,delivered,2018-05-08 10:02:04,2018-05-09 03:51:45,2018-05-09 14:06:00,2018-05-14 16:48:29,2018-05-28 00:00:00
5dd64c69f0f1a0f2cb3a5272837fb904,8ea66ae4d3f2dc12f923574e837df7b3,delivered,2018-08-21 19:01:03,2018-08-21 19:10:23,2018-08-23 14:09:00,2018-08-27 20:29:30,2018-09-04 00:00:00
dd95d0db9c5b772bb855486678dc8a87,f78eff62f9eea9cdabb344137d1f6ed8,delivered,2018-02-07 19:04:42,2018-02-07 19:29:55,2018-02-14 18:24:00,2018-02-19 18:04:38,2018-03-05 00:00:00
3a0b207c999d48a7385a3ec9ceb251fe,c89ec71952197c093c9161bb737dec5d,delivered,2017-02-24 18:23:10,2017-02-24 18:35:11,2017-03-01 10:37:51,2017-03-13 12:14:37,2017-03-21 00:00:00
14c06653b7d532679bdd383da5d8e0c8,af14f91d10108ac2c2b34bf4c0f9f712,delivered,2017-02-02 15:53:09,2017-02-02 16:05:19,2017-02-03 09:48:27,2017-02-10 08:17:04,2017-03-01 00:00:00
be000eea7b699cb1b93baa620f7ddfa0,4e80d7cccb888efa8e16f20438a35298,delivered,2018-04-20 22:49:08,2018-04-24 19:28:20,2018-04-23 19:06:49,2018-05-04 19:42:29,2018-05-24 00:00:00
edd63d440fff63cfb4a5d662945a6a28,66a087287abc31ac35dbbcafb6284f32,delivered,2018-08-07 10:16:31,2018-08-07 10:30:19,2018-08-07 13:43:00,2018-08-11 19:48:49,2018-08-22 00:00:00
1d699c4fd2ee485c965116e9c3fae0b3,b353576acb75a31101c682a70e89e6bd,delivered,2017-08-21 22:04:27,2017-08-21 22:15:08,2017-08-23 13:53:24,2017-08-28 18:45:59,2017-09-14 00:00:00
a068798f50f86a588b2bd22dd16c6fc1,2fc04b3d35b2fc966103d8e24300a25c,delivered,2018-07-26 19:02:58,2018-07-26 19:40:08,2018-07-30 14:26:00,2018-07-31 20:09:31,2018-08-03 00:00:00
6c004aa51ca258da5f0936ce3a38ab18,da7128a50cbb13d110a14cfa2b017e66,delivered,2017-12-11 11:33:27,2017-12-13 09:30:49,2017-12-15 15:56:02,2017-12-18 20:35:07,2018-01-02 00:00:00
05fdf5f17c4a8b374e99ed52416d8766,20cea3d895864b48be0cf73a9286c9e3,delivered,2018-06-27 20:53:18,2018-06-28 02:15:43,2018-06-28 14:15:00,2018-07-03 15:57:03,2018-08-02 00:00:00
fe3ca9765d6e5b105da173688a12974f,4147936731c5b4312f3baadbf7a642f8,invoiced,2017-04-29 08:07:48,2017-04-29 08:15:14,,,2017-05-30 00:00:00
46194c8e92b01770503efdd7aeb49c1a,a0369b6ba3e37ee49c6850753858fa08,delivered,2017-12-08 15:13:58,2017-12-08 16:00:32,2017-12-12 22:19:20,2017-12-18 22:17:21,2018-01-10 00:00:00
06c28b87569a91a7c96e7f62e828827b,f495468ea3520f4c1ed6bef24cf3135a,delivered,2017-07-24 23:21:33,2017-07-26 02:30:10,2017-07-27 14:54:33,2017-07-28 20:42:13,2017-08-04 00:00:00
b8b5d715b21f52ff405e5045a9c32eb2,6471dd6297d68d024d60f9362f537420,delivered,2017-09-11 10:49:19,2017-09-11 11:05:14,2017-09-13 15:37:04,2017-09-18 23:03:09,2017-09-27 00:00:00
4c4ac421c86a29cf288e4283badb1093,2665837f940fca108d0ae157730f5756,delivered,2017-11-24 09:39:48,2017-11-24 11:12:54,2017-11-27 17:09:35,2017-12-06 01:06:16,2018-01-02 00:00:00
d7ed6c0330486c8239f4fd349450d270,67a973fd5fbad181639e544e6edfefd1,delivered,2017-11-24 09:18:27,2017-11-24 09:34:15,2017-11-27 18:17:12,2017-12-01 20:21:57,2017-12-18 00:00:00
418f645ce19284efcb0faacc40f563b2,c3bd08b9de353291de99167ad7a3b7b7,delivered,2018-01-04 07:58:22,2018-01-04 09:03:28,2018-01-05 12:30:09,2018-01-16 17:33:23,2018-02-02 00:00:00
07dba073c2b18c2c748f28ed51c87ee8,39fd6d063a9335b98a5045cada7081dc,delivered,2018-02-08 21:14:22,2018-02-08 21:28:11,2018-02-14 21:45:16,2018-03-09 01:19:23,2018-03-13 00:00:00
a6a62b06c5d37cd28cb1040a710bde38,a2a0406f57a7c03b8db27889d18e040e,shipped,2017-05-13 18:14:03,2017-05-13 18:25:08,2017-05-18 09:29:48,,2017-06-08 00:00:00
84dae977d83c491ec866b683875db2bf,9204dae4645baa76dc0b22ec604207fe,delivered,2017-08-18 15:10:21,2017-08-18 15:35:11,2017-08-22 10:33:42,2017-08-25 12:26:22,2017-09-21 00:00:00
d7ebe26f7b9c7600c40edd2b0edc7afc,994ce8a078d9b40c268787c6ff42d514,delivered,2017-05-20 10:41:57,2017-05-23 03:22:53,2017-05-25 10:37:45,2017-06-06 18:52:29,2017-07-03 00:00:00
0d9e86e02c1a823b20c03ea29d616607,edaad9e07395713e9f5a2124f6c846a1,delivered,2017-10-13 10:22:20,2017-10-13 10:49:48,2017-10-17 13:48:22,2017-10-24 19:13:41,2017-11-08 00:00:00
a35cd49972d7afbd0822f2da96d94d62,ea2faf6b4dcc7a2196f1c647cddd7714,delivered,2018-03-19 02:21:39,2018-03-19 04:35:27,2018-03-19 18:36:46,2018-03-26 17:13:56,2018-04-06 00:00:00
2efdc67dc7c8303d759f24ebbf9d2ef7,3afdfbe97490e2de65689bd2ea60238d,delivered,2018-08-11 13:15:14,2018-08-11 13:25:15,2018-08-13 15:29:00,2018-08-16 13:17:31,2018-08-23 00:00:00
893c67d6d4cfdccd40fb76d7c250d7f0,0913baeffcef69d809064e4e09338fe0,delivered,2018-02-12 09:05:10,2018-02-12 09:36:04,2018-02-14 17:22:01,2018-02-26 13:13:42,2018-03-12 00:00:00
05bdb94211a1ae1e3734545262f50da3,8569e9f2797775eb7a3c4263e868ddad,delivered,2018-06-01 16:22:44,2018-06-01 16:35:19,2018-06-04 13:54:00,2018-06-05 18:32:46,2018-06-26 00:00:00
4a5a742a2a571604208cc3f88ea253fc,026134c333097d60a052ab271aa99159,delivered,2018-01-14 19:46:07,2018-01-14 19:54:23,2018-01-24 13:22:13,2018-02-09 17:03:20,2018-02-19 00:00:00
5fefa018b496e8145dfd56ae7320e222,c2612bb60a3070e0645ae554b00cb690,delivered,2017-11-13 19:14:59,2017-11-13 19:31:02,2017-11-16 17:19:43,2017-11-21 23:10:48,2017-11-27 00:00:00
fce05609044e53ac3adaa8ecc88301e0,f9dddb829b92d4226e458efff3c49047,delivered,2018-01-19 15:41:35,2018-01-19 15:56:16,2018-01-22 23:56:31,2018-01-30 14:37:45,2018-02-14 00:00:00
12e8c054bdee17bfc0fd3d92d8cbda10,464475d49052b9317bf74a4d8428466c,delivered,2017-10-16 01:21:34,2017-10-16 01:35:10,2017-10-16 21:47:32,2017-10-18 22:47:39,2017-11-07 00:00:00
728bab0ec00db2d2385200ce1b5a3ec7,2417eddcf87ccb8b24235761f8b09568,delivered,2017-10-19 16:07:11,2017-10-21 03:05:53,2017-11-01 18:58:38,2017-11-06 16:48:53,2017-12-05 00:00:00
113a61c584df74eef5d2f6e449d2890e,45c3116824672fd443b1f5d6dcb299cd,delivered,2017-11-23 18:39:31,2017-11-23 18:50:41,2017-11-25 11:53:23,2017-12-05 15:47:49,2017-12-20 00:00:00
1dcf1d0893b367c602c4af8db66a5a18,a6e43a3c657cf02040c2b123eb89a892,delivered,2017-07-19 19:56:42,2017-07-19 20:10:14,2017-07-20 19:13:04,2017-07-21 21:23:22,2017-08-01 00:00:00
033dbd83c331548108afda89d5bc6b79,80838cdcafdf698b203534ab9a14cc91,delivered,2018-04-15 20:48:28,2018-04-15 21:09:50,2018-04-16 18:19:11,2018-04-19 19:09:34,2018-05-09 00:00:00
e8e805e78f96e0ff9ba477f9cc5e3448,e0c77096ebcb9aedc1c613ac43e0ccfc,delivered,2017-07-12 23:03:19,2017-07-12 23:23:08,2017-07-14 19:43:41,2017-07-24 17:55:00,2017-08-04 00:00:00
f91ebd94de8a3da272808b5187316a7a,bf49078cb518b0cb971b18b177c54969,delivered,2017-10-24 15:12:34,2017-10-24 15:36:37,2017-10-25 19:34:01,2017-11-06 21:37:01,2017-11-21 00:00:00
d2f6b89578aee72f553aad3c76098e63,941b415ac43a2e974940f5a1bbfe03bb,delivered,2018-04-19 14:03:29,2018-04-19 14:15:24,2018-04-20 18:48:23,2018-05-04 16:22:58,2018-05-23 00:00:00
8021c3dc6a034e6f153035028d421c94,dbce625996b257695026f8bd3c5ee160,delivered,2018-04-17 00:15:54,2018-04-17 00:34:43,2018-04-17 19:11:24,2018-04-18 19:38:23,2018-05-03 00:00:00
cacb4e68a51765f58c6cd9ea8359fa9b,be5470cdea5552dec6469e8e959c849e,delivered,2018-03-14 10:42:03,2018-03-14 10:55:25,2018-03-14 23:36:53,2018-03-19 23:15:45,2018-04-17 00:00:00
8171d9c270f72f461104055ce2cada91,2b1160b8618a4da5fd4a7f74c38dc409,delivered,2018-08-01 16:47:12,2018-08-02 11:30:09,2018-08-06 16:27:00,2018-08-14 01:00:52,2018-08-23 00:00:00
f1147937e588f3e556bf8b1d57bf4881,103835507c129aa7ef38bda11d7863e6,delivered,2018-06-06 10:11:30,2018-06-06 10:31:11,2018-06-14 07:27:00,2018-06-18 14:06:20,2018-07-17 00:00:00
a304822264c42e355a3235fa2395b018,17113c767908a333aa231284d0a0941c,delivered,2017-03-07 12:16:36,2017-03-07 12:32:23,2017-03-09 13:19:32,2017-03-13 06:03:17,2017-03-24 00:00:00
6c4e90e5210c8bb1f66613dc9a932010,8cfd4d3fc72d6f46f8534bc290c0b398,delivered,2018-01-17 14:52:50,2018-01-17 15:10:07,2018-01-22 15:37:07,2018-01-29 16:18:54,2018-02-01 00:00:00
b247533037f372225bee2cfa5793d75f,f729b7c28ff81599a20cea19508fe61f,delivered,2017-02-23 14:53:58,2017-02-23 15:05:10,2017-02-24 15:20:38,2017-03-06 09:34:56,2017-03-21 00:00:00
40f3b86bf26d578cbe4fc74c6c3a18f3,beda7f74910b896fb7413c12748be1a1,delivered,2018-01-22 11:40:28,2018-01-22 14:53:30,2018-01-29 16:52:25,2018-02-14 21:33:00,2018-02-15 00:00:00
7e44fbbef1ef258486c161d0f53f2c19,10d85da0ed559d273d03253223257e5a,delivered,2018-07-04 19:41:16,2018-07-05 16:25:15,2018-07-05 14:45:00,2018-07-06 18:17:31,2018-07-17 00:00:00
d41ebe858c1aa2cef4e728fee0b07230,1400ebf0d96ab707b2ecf5cd40091a3f,delivered,2018-06-19 19:15:12,2018-06-20 03:18:30,2018-06-23 08:31:00,2018-06-27 14:11:36,2018-08-02 00:00:00
9e98692197ace8ec15c6db45b5bfd9bf,80756c382faeafd4a091d7bd3565acb6,delivered,2017-11-25 20:35:35,2017-11-25 20:51:52,2017-11-28 00:03:46,2017-11-28 20:11:01,2017-12-11 00:00:00
60e2a7b97548f877f76232cd2bf807e7,287775aeae82431dc317a670a5fd4f02,delivered,2017-07-18 00:27:59,2017-07-18 00:43:40,2017-07-20 13:53:32,2017-07-29 13:33:16,2017-08-07 00:00:00
3307f8928b8114ca0acccad2dd716b35,76701e80d1aa63f37e0a8cf2da276a26,delivered,2018-05-04 21:52:28,2018-05-04 22:13:48,2018-05-07 12:31:00,2018-05-10 22:25:39,2018-05-29 00:00:00
5fa31572cddd9405f1eda482f8106353,e1d2f4a8673a4dda0838ac511f3fc8a7,delivered,2017-07-09 14:55:28,2017-07-09 15:15:17,2017-07-13 20:33:28,2017-07-28 17:14:56,2017-07-27 00:00:00
9da99352a27f7bbe1fdbc9b036749172,4a5e97c2daed37ddfb41657123120899,delivered,2017-09-04 16:39:25,2017-09-04 17:15:22,2017-09-05 20:37:45,2017-09-20 19:48:54,2017-09-26 00:00:00
21e52ff2fe2fd01824fe0e13fbef5963,96c181fc9a7e358776d60521b3ccdc22,delivered,2018-08-19 11:28:23,2018-08-20 11:32:09,2018-08-22 08:34:00,2018-08-28 19:32:35,2018-09-17 00:00:00
ee8315f5c0c889ea9b3d30b08964679a,a8e96c63b740c4669200ca0aa38d2180,delivered,2018-07-08 19:40:30,2018-07-08 19:50:12,2018-07-09 15:32:00,2018-07-11 21:18:42,2018-07-25 00:00:00
f9542e833e765ebde05fa8449989fc83,26f548cf7e36c8ff56020cc845f5df8c,delivered,2017-04-05 21:40:45,2017-04-05 21:50:12,2017-04-06 14:09:50,2017-04-11 10:40:00,2017-04-28 00:00:00
2f7fe3e1ea91048064ff91175ebe6df8,a3fdba764690c8ef42c34a13e94cc48b,delivered,2018-03-07 17:48:18,2018-03-08 07:08:12,2018-03-09 23:48:24,2018-03-20 14:03:52,2018-04-06 00:00:00
b494f624c631105b24fe497277085909,eda10d7eb51a675d000956fa1aabc7dd,delivered,2018-08-01 18:58:49,2018-08-02 18:50:15,2018-08-03 15:39:00,2018-08-13 23:16:46,2018-08-27 00:00:00
bd5fb1f78168328d1f86591c9c631171,76c5eedb331145a40e1c9481acd9633b,delivered,2017-07-09 20:10:55,2017-07-09 20:25:17,2017-07-11 18:17:53,2017-07-12 17:40:02,2017-07-21 00:00:00
1607aa1dabb96d104838f96ccb72f225,65f2c5942e588caf6ecc68c778a0ebf7,delivered,2018-03-06 08:37:03,2018-03-06 08:50:29,2018-03-06 19:55:05,2018-04-12 22:36:48,2018-04-10 00:00:00
fb43fd15582708b731c65d9ffe35a5f0,ec9dfbd6b5010c0bb5164e740e002d6d,delivered,2017-04-25 19:37:11,2017-04-25 19:50:18,2017-04-27 13:19:05,2017-05-05 12:13:37,2017-05-26 00:00:00
039dffcfcd2b5404d42beff4bbeff110,321f41f3515edf9c58437c5aeaa163a8,delivered,2017-05-24 08:13:54,2017-05-25 08:22:28,2017-05-25 10:39:16,2017-05-26 08:00:01,2017-06-06 00:00:00
b11885588302a2ee5cae9e5895eed42d,ba872cbbf97d4d4fceb595cb1e1ef62a,delivered,2017-05-12 10:26:46,2017-05-12 10:35:19,2017-05-12 15:14:23,2017-05-24 11:32:45,2017-06-02 00:00:00
691a3325b50750e7c8b30ebc3390f63a,7d20dbb6b87656a8657915adaf75b20f,delivered,2018-08-19 22:08:56,2018-08-21 04:50:06,2018-08-21 13:27:00,2018-08-22 18:33:12,2018-08-29 00:00:00
0f750136a7458e323a95eb451e1d47cc,dd5ccf4e1213506430d89b556e2b9d3b,delivered,2018-02-24 15:50:36,2018-02-24 16:05:27,2018-02-26 21:13:34,2018-04-03 21:08:38,2018-03-21 00:00:00
234c9bfb16c85a964249d228963d0adb,e85651194748aaf0f1a4703d6658e7d9,delivered,2017-12-21 19:18:43,2017-12-23 02:12:29,2017-12-29 00:07:22,2018-01-10 00:19:47,2018-01-22 00:00:00
dc0f17c86e9fac88765b96ff304994f1,f73966e944251751c3432b29b2c54793,delivered,2017-10-13 10:22:21,2017-10-13 10:49:32,2017-10-13 16:46:16,2017-10-17 22:22:34,2017-10-31 00:00:00
cc2480ffed97aa0b9a9676f40f9bb1db,4d36f99640ab0dd5ce16ddc05ea49857,delivered,2018-04-17 07:45:28,2018-04-18 08:51:41,2018-04-20 16:56:55,2018-04-24 23:38:40,2018-05-04 00:00:00
43fb59e264c079e9579f33f7d0f240a8,9b870504e5aab43ab753e7d0e8991449,delivered,2018-03-04 17:16:35,2018-03-04 17:30:24,2018-03-07 03:06:57,2018-03-08 22:58:22,2018-03-20 00:00:00
d4d7c1beb2c6dc87bb984a3179558ac4,e47110abdbd56729270e9c2a8c552a72,delivered,2017-05-05 20:59:41,2017-05-05 21:10:13,2017-05-09 12:12:09,2017-05-18 09:46:39,2017-06-07 00:00:00
52de3d5a01b5243a279fa5a6b64ebafe,ded5061729068b28e0efdc8ff1b1522c,delivered,2017-10-13 16:14:10,2017-10-14 03:27:55,2017-10-16 21:04:11,2017-10-19 17:13:51,2017-11-09 00:00:00
240daaf6efd35c9e062dbfd0a74beb91,b61c7cf0d265d241cf892c4864ba7ec9,delivered,2018-05-16 11:51:39,2018-05-16 12:13:46,2018-05-17 14:57:00,2018-05-18 15:58:47,2018-05-25 00:00:00
e71a1248d8a46799adbbd50262053732,a2d83307160c4d1a516a94fc52ff4a46,delivered,2017-09-06 20:18:36,2017-09-06 20:30:12,2017-09-08 19:17:41,2017-09-25 17:24:09,2017-10-09 00:00:00
e61446b718befe7289d6a8451938b645,32c2f812cff3dacab1dff78ccad17c78,delivered,2017-11-27 13:25:08,2017-11-28 03:41:03,2017-11-28 23:26:36,2017-11-30 23:57:02,2017-12-11 00:00:00
cbb72509db819f7369c9f19d15b8c64c,f7aab1004ed655882ef7d1478446011c,delivered,2017-06-30 10:35:12,2017-06-30 21:15:08,2017-07-03 12:32:20,2017-07-14 17:19:33,2017-08-07 00:00:00
f8aa9d218fccb3e05cac6d9744a19883,05220456bcf05145e812c1aae7e40aac,delivered,2017-11-06 10:39:30,2017-11-08 03:46:26,2017-11-08 19:33:17,2017-11-16 20:08:56,2017-11-30 00:00:00
61a23849dae9124f254660f6c968fc37,38073e90f1d3c50d9026b9dbda5f9352,delivered,2018-08-06 08:44:44,2018-08-06 09:04:34,2018-08-07 16:11:00,2018-08-14 22:18:33,2018-08-21 00:00:00
fe68b52db13993f58175fa589125d345,94203a446c1b46b5ac95b0aaf7221804,delivered,2017-08-11 10:15:22,2017-08-12 02:55:27,2017-08-14 22:03:19,2017-08-17 17:47:55,2017-09-04 00:00:00
1765804f6753bf6a25ba8c9fd45977f9,5a1a3d8af7807e5570135ef3fbd66b5e,delivered,2018-07-04 17:03:24,2018-07-05 16:21:52,2018-07-05 15:27:00,2018-07-11 18:34:47,2018-08-07 00:00:00
8238c8981751f59176cb33a393282ae4,5eede8ea10ae483cfbe88a8e4be22b03,delivered,2017-05-09 17:35:02,2017-05-09 17:45:18,2017-05-15 16:01:15,2017-05-24 17:18:08,2017-06-06 00:00:00
293d3c2a058c0395d19e7d1a4aa87f41,0ca5257ba1280eb54d0e7c5823f8f9b4,delivered,2017-05-18 09:55:25,2017-05-19 02:30:31,2017-05-22 11:33:30,2017-05-29 07:05:42,2017-06-01 00:00:00
21e4cb49918b1d01621e459fc79a60d1,e1eb3c7b3b41539a48dcdd3b4367457e,delivered,2018-08-04 17:55:14,2018-08-07 04:15:28,2018-08-07 13:13:00,2018-08-17 19:48:37,2018-09-03 00:00:00
16ff340ba4219b1117ea9ec2ea0a6b47,3c3cc838c1d08fbda64948b6502e92be,delivered,2017-10-22 23:47:01,2017-10-23 00:45:44,2017-10-25 20:35:02,2017-11-06 20:13:59,2017-11-13 00:00:00
4c2b907fb694dc3ec7affecb0725c420,584f21d934565995403bc7a53f41c764,delivered,2017-11-23 23:58:14,2017-11-24 00:50:57,2017-11-27 16:06:52,2017-11-28 19:24:37,2017-12-07 00:00:00
d53b0c7749144befd074083817d58880,f5f93a1af93698522ec79d5a12fea0b0,delivered,2018-02-10 12:08:10,2018-02-10 12:28:31,2018-02-15 20:34:41,2018-02-20 23:12:59,2018-03-06 00:00:00
0743d4433cd56bbd7b36287a05f94e10,027a044faafdafcaf3956c9e2cfbe69b,delivered,2017-06-07 21:55:57,2017-06-09 02:30:32,2017-06-14 09:53:49,2017-06-16 14:25:38,2017-06-21 00:00:00
e25c98a973e86ba5c95c06722eb8fadc,83c103071581c1e2b9b88c10c7c81ec9,delivered,2018-01-03 19:25:01,2018-01-03 19:34:23,2018-01-04 17:22:21,2018-01-11 22:36:12,2018-02-06 00:00:00
adf0faf55bcd8289814220aea34f1e4b,9131a413a15ad07ccf7654611d6436a7,delivered,2018-03-20 14:25:13,2018-03-21 14:27:41,2018-03-22 20:23:40,2018-03-24 14:40:59,2018-04-02 00:00:00
a5bc73dcdd8f7c5d608532a6e58d29d9,d315b65ed1f865c88ffaef3fcdabd200,processing,2017-06-17 13:34:04,2017-06-20 10:25:11,,,2017-07-12 00:00:00
724c63c0c7f775d58382c4fb12081867,8d728722e525d9c57d445ac0b8aab301,delivered,2018-07-26 08:25:42,2018-07-26 08:35:18,2018-07-30 14:08:00,2018-08-10 16:16:31,2018-08-17 00:00:00
fbc5af15d5085c218e6b1ee0b94c3620,d97d304d630afb2f0ca4ec44bc054922,delivered,2018-06-22 13:24:23,2018-06-26 05:37:29,2018-06-28 13:18:00,2018-07-03 01:58:38,2018-07-17 00:00:00
4013e92991ac3a8e8dd249db406f2a80,a71552f4d724031766db05c58fc7d097,delivered,2017-11-28 19:41:25,2017-11-28 19:51:52,2017-11-30 20:44:22,2017-12-16 18:11:39,2018-01-03 00:00:00
11e22e541201ac67ff98e87193b4fc8d,acc3529bdb650f4442cc91f8b40e9a7d,delivered,2017-09-26 11:52:33,2017-09-26 12:07:15,2017-09-29 18:12:52,2017-10-04 18:27:57,2017-10-20 00:00:00
b2f3d2d1f85fbcb5a6c45772be41c65f,b3a43c04804041a51dcbda3c6a2a4500,delivered,2018-01-19 13:24:46,2018-01-20 09:07:48,2018-01-26 16:07:43,2018-02-05 17:53:25,2018-02-21 00:00:00
3c42071acf925f589bd9a83f291c6b8a,fb95bf5f9a8ab9de2133b255e4e23c08,delivered,2017-09-24 22:40:39,2017-09-26 03:35:23,2017-10-05 21:35:55,2017-10-26 22:32:21,2017-10-27 00:00:00
2b52151af87075998345ef238d3756a3,9b689a53cb49a96c7ca5f1559644951c,delivered,2018-06-08 20:50:13,2018-06-09 20:59:27,2018-06-11 14:21:00,2018-06-25 17:49:48,2018-07-17 00:00:00
64186fc41dae6b5dcb3e6b743d4220a1,60c0622ace374f7f29cbd0e206127643,delivered,2017-08-09 16:14:49,2017-08-09 16:30:11,2017-08-10 21:04:44,2017-08-16 14:54:43,2017-08-29 00:00:00
45d3bab2e12de78e29ba522146da7e91,58e0ddf2e49461d6f76d048b8f2e77bf,delivered,2017-08-29 13:39:57,2017-08-29 13:50:20,2017-08-31 14:34:27,2017-09-01 16:13:00,2017-09-12 00:00:00
37b6a6302848e0ce3dfefef7716a70b7,9d5d0ae23628bd7835869290caebde9e,delivered,2018-06-27 22:26:14,2018-06-28 10:11:06,2018-06-28 14:48:00,2018-07-11 13:37:41,2018-07-25 00:00:00
764bcaebe1a019d6c12165f67656db9b,4c529f790c9af49f184fc36151d28dcd,delivered,2018-06-23 17:45:33,2018-06-23 18:18:52,2018-06-25 15:04:00,2018-06-29 22:41:12,2018-07-26 00:00:00
a3b7e3c4940b7170e55211a9c4e32b0d,ac5677a03f0321d6d2b90779c5388987,delivered,2017-12-08 23:35:55,2017-12-08 23:50:16,2017-12-11 20:13:58,2017-12-13 22:37:52,2017-12-27 00:00:00
cd58e7c862e0fb077541c4b5a331599e,eefd9e5a6bd7866ce4718f91c20cf522,delivered,2017-08-27 15:58:32,2017-08-28 15:15:14,2017-08-29 20:47:36,2017-09-06 19:53:10,2017-09-20 00:00:00
4e1fb96e2f63c315a9ca0c11d9254ada,d2f262e4f938b4fe0b5015fa24a2d7a2,delivered,2018-08-14 20:06:02,2018-08-14 20:24:03,2018-08-15 12:27:00,2018-08-23 17:30:59,2018-08-29 00:00:00
1c8b4e99b0bc55e61bda13d020efb26d,337c852ccde94a3fd2b633895534a4c0,delivered,2018-05-26 12:03:33,2018-05-26 12:30:36,2018-05-28 13:43:00,2018-05-29 12:18:46,2018-06-20 00:00:00
b97ba48cd74f9ae244f54338636046b3,66f5f0c5a0240902a45b2a6fa8302fd2,delivered,2018-03-12 00:06:54,2018-03-12 00:28:28,2018-03-12 21:12:26,2018-04-24 17:48:49,2018-04-02 00:00:00
4a8e88b3aeb9aa051f967f7f551213ab,80946cbd8d20161272e3dcdcb1777517,delivered,2017-05-10 10:25:20,2017-05-10 10:35:23,2017-05-10 12:40:51,2017-05-25 14:15:37,2017-06-05 00:00:00
3263ce99ba29ddb2a3a4133210581dce,54ea3c7fd302cb400cf1369bdcd3c988,delivered,2017-05-28 15:40:57,2017-05-28 15:55:14,2017-05-29 13:52:16,2017-06-05 16:12:48,2017-06-27 00:00:00
b434987762763bf0d2d94d288374e90d,76a92cce5cda9a3ffce1f9878a36f05f,delivered,2018-03-28 00:25:55,2018-03-28 00:35:21,2018-03-28 22:08:58,2018-04-16 17:14:26,2018-04-19 00:00:00
abd0736f947aa672d9254ad3cfaca4ff,494e06598140699017261a37e250cc52,delivered,2017-07-02 16:32:13,2017-07-02 16:43:53,2017-07-03 18:22:10,2017-07-18 17:45:57,2017-08-04 00:00:00
df6aa08f7cc272ab5c188923ce319f39,6775882273c160e7c61df402719d4ca6,delivered,2018-08-22 01:44:18,2018-08-22 01:55:14,2018-08-24 19:02:00,2018-08-27 17:03:31,2018-08-30 00:00:00
4379c802ba499c2c871ee501a835c33c,9a1f5555eaee7cc9a44ee79edca16b5a,delivered,2017-10-27 14:49:48,2017-10-28 03:06:12,2017-10-30 19:03:03,2017-11-06 21:11:59,2017-11-13 00:00:00
3909acdde3ea5641fcad856ebc2b5867,97e784991367f2d8352cd5e456266578,delivered,2018-06-29 09:25:12,2018-06-30 02:52:13,2018-07-06 10:10:00,2018-07-11 17:32:37,2018-07-19 00:00:00
ea46c272418bd96a8126fda1e13b64ec,23e1335c1b9eaa9944c14f21ea60ae40,delivered,2018-03-30 18:55:46,2018-03-31 18:50:13,2018-04-03 21:07:26,2018-04-20 22:22:16,2018-05-03 00:00:00
af256e5861b37190d89da2ecd8dcae4a,c2582af30840b93f339e170d12dd3d1b,delivered,2018-08-03 12:21:55,2018-08-04 05:05:24,2018-08-06 15:07:00,2018-08-08 18:03:49,2018-08-08 00:00:00
fa65d721b5cd6f9f0576b0e17c1998fa,d50ae78e21c9d0162b6a9515dbdfa108,delivered,2018-06-04 23:54:39,2018-06-05 16:35:30,2018-06-13 10:31:00,2018-06-19 19:41:50,2018-07-11 00:00:00
7eeee20ce93c5e4c8e68984bb116eea0,60aa251f8bec65a806815cf26879a4e3,delivered,2017-06-25 13:50:03,2017-06-27 03:55:27,2017-06-27 14:51:36,2017-06-28 17:42:30,2017-07-07 00:00:00
80b201a88f23aa35799eac75fa4cdf99,d32471338272fc62c8dd19a2a004aedb,delivered,2018-08-05 13:09:12,2018-08-05 13:24:22,2018-08-10 15:29:00,2018-08-14 20:48:41,2018-08-14 00:00:00
4aba2130d53fd001fc18322c94b58105,fb214d0a7d0085dd093f3912a4e8844b,delivered,2017-07-28 11:09:49,2017-07-28 11:23:31,2017-07-28 16:49:45,2017-07-31 15:37:21,2017-08-10 00:00:00
262118ce178bb3e4590a3adcf6d62e6b,2a69da30b726b7f3db7f1059af5d4304,delivered,2016-10-06 14:59:56,2016-10-07 12:13:49,2016-11-17 08:27:59,2016-11-17 16:23:46,2016-11-30 00:00:00
9e1480254968bb91a2ec2177ab6bb05e,13d8a070e8d7e2c66a9d7a6ce85ab2d1,delivered,2018-02-07 16:03:58,2018-02-07 16:28:25,2018-02-08 16:33:23,2018-02-16 22:38:50,2018-03-13 00:00:00
1dbed8d8827e4f91dfbb03ce97b38109,ab836f077c0bfd95a66b4ef495d3234d,delivered,2018-03-19 17:40:34,2018-03-21 02:50:33,2018-03-27 20:36:59,2018-04-02 14:12:13,2018-04-05 00:00:00
2c6ae86ae5a3e97baa148a17002e6684,37f1edfd21ebaf9902cfaf468d72d4a1,delivered,2018-06-16 14:43:44,2018-06-16 14:59:00,2018-06-18 15:10:00,2018-06-24 13:51:57,2018-07-11 00:00:00
e31fbb2860d15276b1e38f43e9423924,eea812b0e14641c47ba205796bf8ff31,delivered,2018-05-18 15:58:03,2018-05-19 19:12:55,2018-05-21 14:46:00,2018-06-04 20:24:42,2018-06-21 00:00:00
ed43ef5525ec92016160579ad9921e9a,9c312eb3d14e893a936466c65d144e1d,delivered,2017-12-18 18:09:43,2017-12-20 06:53:40,2017-12-20 15:48:02,2018-01-04 16:36:36,2018-01-24 00:00:00
618c8ae12269b2fcb1eaedac90d6ed30,e7171b8785136cf7834d62f0227bcf23,delivered,2018-06-04 19:37:38,2018-06-05 07:10:31,2018-06-05 14:01:00,2018-06-08 17:12:01,2018-07-05 00:00:00
cf14ed9ce2e247684574f4acb873d39e,1833568d9b2e3bd5a2b833a20b7e56a7,delivered,2017-12-19 01:20:24,2017-12-19 02:50:40,2018-01-02 13:10:22,2018-01-08 20:43:18,2018-01-12 00:00:00
868b169b8545e9a1f6390f46814c79d1,1dfd7d2f5947c02697aba7aef555343c,delivered,2018-02-05 10:51:48,2018-02-07 02:55:46,2018-02-07 18:27:07,2018-02-17 19:12:36,2018-03-12 00:00:00
160d1364f477494647a995f6bbec0b5f,f03f14db3b18bbe32c48602f3adcd811,delivered,2018-04-10 08:23:28,2018-04-10 12:35:18,2018-04-13 21:19:24,2018-07-27 15:16:57,2018-05-07 00:00:00
80c3106baaf516ab1dc5e9ee851c5d93,cd5cc06ef4bf227539dc13d85a025935,delivered,2018-05-12 12:48:41,2018-05-12 13:14:22,2018-05-15 07:49:00,2018-05-22 17:36:45,2018-06-06 00:00:00
2d58df29239f4ee3887103ef2576e857,04771a2b2b8dece0f3a1db5c9dadafec,delivered,2018-02-10 18:34:09,2018-02-10 18:48:22,2018-02-15 19:23:01,2018-03-29 03:08:50,2018-03-06 00:00:00
3388b4784580beada8469d15e88c0efa,3b2888c34f60f3aa6d7cb2227f61ae79,delivered,2018-04-28 10:40:49,2018-05-01 05:55:03,2018-05-03 09:07:00,2018-05-07 21:07:07,2018-05-21 00:00:00
f1102aaed56d382cca01e04bec7b9910,b2fd080b765a476b2b2a5ae373d51e40,delivered,2018-06-13 10:31:43,2018-06-13 11:00:00,2018-06-13 13:49:00,2018-06-21 18:22:48,2018-07-13 00:00:00
00c9d9e61ed13f5bf2f0344da1aa4775,ed3cfd8b632008c67e448e6cafd0738c,delivered,2017-02-24 13:13:49,2017-02-24 13:25:10,2017-03-01 10:09:26,2017-03-06 12:45:47,2017-03-17 00:00:00
45447cb1eb40858d9ca660548af0100d,8070f9a17d6620a36be583fd7905e8ac,delivered,2017-12-03 19:46:57,2017-12-03 19:55:22,2017-12-05 00:14:29,2017-12-14 20:51:28,2017-12-27 00:00:00
80125daa0fddb9545d564a48f4f8caea,e89fcc6763bbb428a40982c827ccc44e,delivered,2017-10-13 11:10:13,2017-10-13 11:26:41,2017-10-16 22:26:58,2017-10-26 15:24:40,2017-11-06 00:00:00
2fe14af1d4563c0e76f382bc63c9a245,f452754a165d7476e748b313ee417183,delivered,2017-06-22 22:53:54,2017-06-22 23:10:22,2017-06-26 11:07:38,2017-07-10 23:02:50,2017-07-20 00:00:00
7fabd5670856f9508229716816520d5b,19cb85e5a9784d460854b75b82c069ba,delivered,2017-10-16 14:19:51,2017-10-16 14:28:27,2017-10-17 16:27:55,2017-10-25 12:10:10,2017-11-09 00:00:00
2d3e339e7fe1aec59de04ff2c3525a69,1d5ff4f3adccc4a651df014533d39493,delivered,2018-03-07 10:33:57,2018-03-07 11:29:59,2018-03-07 22:12:56,2018-03-27 17:58:57,2018-03-27 00:00:00
5f9571ac1f7bd358f3fcfa9d07900869,bcde4a90c6095d70bfc2085e755383cc,delivered,2017-07-30 00:24:27,2017-07-30 00:43:37,2017-08-03 19:33:53,2017-08-15 22:29:28,2017-08-29 00:00:00
e068f293bea19116e59f683da3f71e2c,cce85635cd5f6932542c98fa9e115731,delivered,2017-10-01 22:11:04,2017-10-01 22:28:18,2017-10-02 20:36:38,2017-10-16 19:32:14,2017-11-07 00:00:00
4c701da56bc7e10f17d06fcbe6d1d070,99a0025b7ffeb94cdc8b13344e0fbf0b,delivered,2017-02-06 20:51:09,2017-02-07 04:10:37,2017-02-08 15:48:43,2017-03-01 08:37:46,2017-03-03 00:00:00
b0ba58e96fcf1892b604e398e472af5e,5b9eb8c83ef8e578c2bbaefc6f8100de,delivered,2018-01-04 13:37:09,2018-01-05 02:37:56,2018-01-27 14:48:42,2018-02-26 21:58:53,2018-02-20 00:00:00
95a5814dfb290ddf4bc43b075dbf4d49,faa369ba7859002304d43256a0c968e1,delivered,2018-05-12 21:59:57,2018-05-12 22:10:19,2018-05-14 13:11:00,2018-05-18 16:22:43,2018-06-07 00:00:00
0c73b283fdefcef04be55400a4f6ccd1,4cd1aba36c0408f9dd728acb8e7704ef,delivered,2018-08-05 17:03:46,2018-08-07 04:15:23,2018-08-07 12:36:00,2018-08-14 14:56:41,2018-08-28 00:00:00
7e7854ea93e1ac916da1c6a44feef201,3dbfd7c612d7cb2bd4f4740141e4b437,delivered,2017-08-31 22:39:02,2017-08-31 22:50:10,2017-09-05 18:29:51,2017-09-06 22:21:29,2017-09-15 00:00:00
cae3cbca63ed88a251ad906468b11da6,5ac0a0fa20bc154ac58f78f00cc30c57,delivered,2018-02-21 08:50:41,2018-02-21 11:59:40,2018-02-21 19:52:31,2018-02-27 20:15:01,2018-03-14 00:00:00
6be1646fccbb69d34b22da3b1807d51d,bec0bf00ac5bee64ce8ef5283051a70c,delivered,2017-09-14 14:24:04,2017-09-14 14:39:31,2017-09-14 20:43:36,2017-09-18 20:47:54,2017-10-02 00:00:00
4ee7221f81fc4aa1e0324dac310f87b6,efacbeaf5e411d722010d0b8a4ba859a,delivered,2017-09-25 19:54:39,2017-09-25 20:07:14,2017-09-26 20:57:40,2017-09-29 21:14:08,2017-10-20 00:00:00
db1cfa492610bccff9d25d439a9ff2b6,d67409b18fea6a27c87240f38798b20f,delivered,2018-04-18 11:54:50,2018-04-18 12:10:14,2018-04-19 22:52:32,2018-04-23 12:18:29,2018-05-08 00:00:00
c2ed9a4ca7d4dca13950ec7e2505eada,d596b241d0b3c075184f660834898b7e,delivered,2018-07-18 10:24:54,2018-07-19 02:55:28,2018-08-15 15:41:00,2018-08-17 14:57:21,2018-08-17 00:00:00
20c122b304189bf992c45a91a1b88726,176f00233c93d10cbd23a3dce0ca4eeb,delivered,2018-02-13 23:45:34,2018-02-16 07:50:53,2018-02-20 18:17:07,2018-02-27 20:35:28,2018-03-06 00:00:00
3745cc99bd10a2c16e31403fe9654502,40c28d38ffbf6198d54388c7e1930d95,delivered,2018-06-08 11:20:24,2018-06-08 11:38:59,2018-06-08 14:26:00,2018-06-11 17:51:48,2018-06-26 00:00:00
ad15c9a28a11dd4bd654f655432b931a,ecebbb3c8bc2536b39db4d3f2ba6ecbb,delivered,2017-07-23 17:07:30,2017-07-23 17:15:25,2017-07-25 21:47:46,2017-08-05 14:32:05,2017-08-15 00:00:00
be86cd9f96e674ebdbb586454780a1ea,7697f7872fb522d66c20682c7e9311e6,delivered,2018-01-14 21:59:23,2018-01-14 22:10:26,2018-01-16 22:21:35,2018-01-22 16:59:05,2018-02-20 00:00:00
4551cef6547305066c9e8a9bd4c5641d,d3d79c0d244fdd2a969683816cdb128e,delivered,2018-04-04 18:54:17,2018-04-05 02:30:27,2018-04-05 23:07:53,2018-04-06 21:36:25,2018-04-16 00:00:00
2ab17daedbb4312627c61c38d20dac10,0734aa7c0af8bbb557d1a11e8b07be9d,delivered,2018-06-03 18:11:45,2018-06-03 18:31:05,2018-06-04 15:03:00,2018-06-11 23:57:42,2018-07-13 00:00:00
a68667474430fadbcfc1bfbb9e2adc0b,616fa20bdc978ccaf552b46fbc0567a5,processing,2017-01-18 20:48:59,2017-01-20 02:10:55,,,2017-03-06 00:00:00
5577732f45750a36aff4da8b88658485,60f67a438666394c312de0582e1aee18,delivered,2018-03-13 10:26:05,2018-03-14 10:28:14,2018-03-14 22:03:39,2018-03-16 22:48:33,2018-03-23 00:00:00
bbb0f163b011eec0c55e5b764f7811cf,eeb51f4afec8f120dc1bbebb90ee43bb,delivered,2017-06-26 10:49:44,2017-06-26 11:05:11,2017-06-27 11:37:01,2017-06-28 14:41:56,2017-07-07 00:00:00
2d587ea1d70ea2fa8bc79a23cfe02ab4,eae093d656d27d5bd3805671206eaf8a,delivered,2017-12-21 14:09:51,2017-12-22 02:50:43,2017-12-22 22:11:05,2018-01-04 22:57:14,2018-01-26 00:00:00
2f730a899936d8cce7319fb4f6d0cd5a,80334ecf11e4e821d920f6f4cbe52e7a,delivered,2018-06-28 16:29:24,2018-06-28 16:50:35,2018-06-29 15:20:00,2018-07-07 14:42:44,2018-08-02 00:00:00
b6ee22c53f26ef8d97d96465c8899e16,b0e3b5761cd36ed181095a4861511e05,delivered,2018-05-28 18:47:46,2018-05-28 18:55:24,2018-05-29 13:48:00,2018-06-13 16:04:11,2018-07-04 00:00:00
05f18c930e9961675a68af3b18efaf6b,c98cf172e6421f9786c711fa72fc90b4,delivered,2018-08-03 14:06:35,2018-08-03 14:24:05,2018-08-07 14:32:00,2018-08-09 22:11:15,2018-08-16 00:00:00
3bb3f2f93941b43b0eef5618c565d650,8190a777da9fa9ca0d8e65e22cb823ca,delivered,2017-12-05 20:11:25,2017-12-05 20:36:01,2017-12-11 17:52:02,2017-12-18 15:15:21,2017-12-28 00:00:00
9c958729ea25738c217bb66e1cfa200c,72c5d828be36178b56d479513b123638,delivered,2017-12-02 14:55:02,2017-12-02 15:10:36,2017-12-13 20:23:28,2017-12-15 17:57:28,2017-12-20 00:00:00
4a9535cd904e916ca0286823298d30ed,1e4750abc882c2b10806fbbf46a5ad6b,delivered,2017-11-24 21:33:29,2017-11-25 00:37:29,2017-11-27 20:11:35,2017-12-06 20:22:25,2017-12-15 00:00:00
8db53c9ad7debeabb7cc7136cd7c6786,f3895339fd9c5b17e405c0cbb3dfda8e,delivered,2017-07-21 22:14:35,2017-07-21 22:25:18,2017-07-27 15:47:44,2017-08-02 21:57:36,2017-08-11 00:00:00
0283a5f1680cc866884c09960d2462e3,c5aa3c712cd1b1c509b3adb34dc14187,delivered,2018-05-14 12:34:50,2018-05-14 12:52:40,2018-05-15 15:19:00,2018-05-23 17:51:56,2018-06-07 00:00:00
db0bef559aa4eeff3bec3e8268318c33,7c93ba922b100a817873089ef6e57552,delivered,2017-08-03 10:15:31,2017-08-03 10:25:13,2017-08-03 18:28:02,2017-08-09 18:19:49,2017-08-23 00:00:00
a24c341da692fe0a57ba6140bf33e1a5,eb113d359a9ae4ba112d2cfc3568b085,delivered,2017-10-23 12:09:24,2017-10-23 12:28:12,2017-10-23 19:33:09,2017-10-26 14:44:31,2017-11-09 00:00:00
6cdd447ec5998b49b1846abfc795662a,8c9f9f3fa188674e6d52e4ee94fb0c07,delivered,2017-05-16 14:10:44,2017-05-16 14:22:32,2017-05-17 11:19:24,2017-06-02 12:18:48,2017-06-20 00:00:00
5730dad6ecb4f73d55da69d127c2bb6b,695d206207b2d41598f8d78b77ac67af,delivered,2017-12-11 13:06:04,2017-12-12 03:50:04,2017-12-18 16:57:54,2017-12-26 19:13:31,2018-01-04 00:00:00
dd162c4f0d3abff78621372170e9c19a,e32a0bbb991b6d310e3f70e6e5526807,delivered,2018-07-02 19:52:57,2018-07-02 20:10:07,2018-07-03 12:30:00,2018-07-06 11:28:38,2018-07-23 00:00:00
07ca34c2d97b99d913debf2866805373,379398543850d0f1ad33cf2ebfd3f81b,delivered,2017-09-23 00:09:48,2017-09-23 00:25:44,2017-09-25 21:03:03,2017-10-02 17:58:50,2017-10-18 00:00:00
5d073530ec28aa4104bb37b6c4b1a22b,406d563b44f6f53e9ae72f26ec135183,delivered,2018-01-17 15:47:44,2018-01-17 15:58:20,2018-01-19 19:50:18,2018-02-01 19:43:31,2018-02-16 00:00:00
02546acbfd2949a1f63c44ad04978ea1,b3ee7fdfb85dc3e5de3517c7be1bfc6e,delivered,2018-07-22 23:31:31,2018-07-23 12:32:25,2018-07-24 13:34:00,2018-07-26 00:46:19,2018-07-31 00:00:00
2343dbf79839ce221f3e1ec059cbff9f,ba00af16d846533769f19fa6c87aa62a,delivered,2018-07-04 21:42:04,2018-07-05 16:08:13,2018-07-12 08:45:00,2018-07-23 22:37:47,2018-08-10 00:00:00
ea8d7eb561a1c07f203cd9af8c59873b,026378e6d9977bf974a1ebe64f92cfee,delivered,2017-10-21 12:43:21,2017-10-21 12:56:26,2017-10-23 16:43:19,2017-11-01 14:11:36,2017-11-10 00:00:00
f2f162457ceb32f4b3e294792b7aad5a,9fb956af93725a39a84493c1d73d7d70,delivered,2018-05-11 09:10:07,2018-05-11 09:39:18,2018-05-24 11:22:00,2018-05-26 16:25:38,2018-06-05 00:00:00
0adb50a218c2b7e86f14120be935b949,3518f2be2f99c06e220f5dcc2dc04ecd,delivered,2017-11-20 16:52:14,2017-11-21 16:51:13,2017-11-22 15:26:50,2017-12-01 13:57:04,2017-12-20 00:00:00
8a354bb43e2659551a9e6abdc9d1e933,9b8e49036d8bba6e2a8b0924b331fcda,delivered,2017-07-23 19:35:14,2017-07-23 19:45:09,2017-07-26 16:42:16,2017-07-27 19:12:55,2017-08-04 00:00:00
682704b4a31edba0cbbec9c7f39a7d21,c988611195c88cbb128db1c35013c66a,delivered,2017-11-24 18:13:02,2017-11-24 21:34:19,2017-11-29 22:22:18,2017-12-09 14:48:56,2017-12-21 00:00:00
c177bd75cb8bbff3f8ce6842201c7b6f,2a9bf6ab9526b5ef47aefc35a0667d7d,delivered,2018-05-28 19:04:30,2018-05-28 19:17:10,2018-05-30 14:24:00,2018-06-05 18:03:41,2018-07-18 00:00:00
20cc195f7abe525abd0697163e2c8e0d,8e8d4784516e71494188748e6f45f260,delivered,2018-02-16 16:35:17,2018-02-16 16:46:59,2018-02-19 11:22:43,2018-02-26 22:38:27,2018-03-08 00:00:00
bf59031b111d726792fe47666cc55ed6,2bd57ce861f8c873381a69446cd62498,delivered,2018-08-17 12:41:08,2018-08-17 12:55:23,2018-08-20 15:33:00,2018-08-27 19:38:39,2018-09-26 00:00:00
6c9421af091dff9b36e3da3f85e85827,e7bfac7a208afc8252c45dd90ffee77c,delivered,2018-01-17 11:14:28,2018-01-17 11:30:52,2018-01-19 21:52:13,2018-02-06 21:55:08,2018-02-16 00:00:00
5ee25db3905647605d30aa9aff44782b,5c383b73cedb9c8d7770d50b6d32fe4f,delivered,2018-06-24 18:00:00,2018-06-26 04:35:12,2018-06-27 08:34:00,2018-06-28 14:52:46,2018-07-05 00:00:00
cc49d89baa138480d6ec7ff7f7a88499,c14d30746e31c39207ba3693e21c0320,delivered,2017-06-29 16:12:30,2017-06-30 06:50:22,2017-06-30 16:08:19,2017-07-07 18:34:55,2017-07-21 00:00:00
3282d3194ddf7794d2ac89795ed74cd1,d2890e0b74569896e5ddc38bb7eee8ff,delivered,2017-07-29 23:37:55,2017-07-29 23:52:37,2017-08-01 17:42:47,2017-08-07 18:22:34,2017-09-01 00:00:00
fb10c8bcc7ea9a61120a84484aef8553,8df193dab10301e074e1c586c929a89e,delivered,2018-08-02 12:06:25,2018-08-03 02:50:29,2018-08-03 14:27:00,2018-08-07 14:37:46,2018-08-16 00:00:00
57e784238be7a617f533ecdc347ece0c,a45577149e2fb67976fd8a7385d54570,delivered,2017-05-27 14:51:42,2017-05-27 15:05:07,2017-05-29 09:37:31,2017-06-16 14:47:56,2017-06-21 00:00:00
58e6526f1ade5070dcfbc31f7eacfe50,598d66fab82d8be2710823b2998d5843,delivered,2017-05-03 08:23:09,2017-05-04 10:15:27,2017-05-15 08:04:09,2017-05-29 19:03:52,2017-05-26 00:00:00
9ace889082238720c827037211d2510f,1a8b306bb6065747acf856fd94d1632b,delivered,2018-04-30 08:16:25,2018-05-01 06:12:46,2018-05-02 13:36:00,2018-05-15 15:44:57,2018-05-28 00:00:00
e3daea0200104991cb979c2fcc509ae7,4730251e8934a542a009d77dfd027375,delivered,2017-03-30 14:07:44,2017-03-30 14:22:36,2017-03-31 22:06:32,2017-04-07 14:43:38,2017-04-25 00:00:00
fdecb4e87b3590ed5252f7264c442b49,6a308d8ce00180257fe19de08a08f4d9,delivered,2018-07-26 14:03:40,2018-07-28 02:44:34,2018-07-30 14:35:00,2018-08-06 18:08:37,2018-08-15 00:00:00
ac57a5e116e95f1b04e07e0b57a5f6f5,cd1782de5d260d0a90737fb52bcf8a28,delivered,2018-08-06 21:04:32,2018-08-06 21:15:21,2018-08-07 12:34:00,2018-08-22 01:03:30,2018-08-16 00:00:00
4b8e7877b3a106b2df0a75470a397339,72d886d5743156953f86d0b3fce515f9,delivered,2018-04-03 09:47:49,2018-04-04 03:29:24,2018-04-05 23:49:22,2018-04-11 23:48:36,2018-04-19 00:00:00
6307a9d630a301cd0bcacd488fbd1182,41c7af148a3efb419a9b6da38a9790f4,delivered,2018-06-16 11:58:28,2018-06-16 12:18:47,2018-06-18 13:16:00,2018-06-26 17:38:35,2018-07-12 00:00:00
e9469e5fcdd939ebabbcd92bd8e8cb39,21f689b5d4b8d4244d8db96e37690a6d,delivered,2018-04-18 16:06:28,2018-04-19 08:30:11,2018-04-23 17:41:27,2018-04-30 13:58:54,2018-05-11 00:00:00
a5a8f79e024db5dd26d9b264c2aacb26,532721e38f0c0a589beaf74dca169cd1,delivered,2018-04-14 14:31:51,2018-04-14 14:51:58,2018-04-16 22:22:56,2018-04-20 22:52:28,2018-05-09 00:00:00
f432f3c0fa070bf9e7fc4d4598124027,c2f9ed82d68dce37c6b515af03fe2f05,delivered,2017-07-16 15:44:34,2017-07-18 06:10:34,2017-07-18 21:43:58,2017-07-26 10:44:31,2017-08-14 00:00:00
3bc383f96dded5aa5e75309ecab074c5,2090d890643c458aea7ccf5046cee92a,delivered,2017-11-30 14:14:17,2017-12-02 14:17:09,2017-12-06 00:22:18,2017-12-10 14:13:08,2017-12-28 00:00:00
09bcbc199f0fa4268cc0122304696ea4,7286ad26234d396b67e5bfa8245cec4d,delivered,2017-11-24 14:54:56,2017-11-24 17:12:27,2017-11-28 20:59:00,2017-12-19 23:58:39,2017-12-22 00:00:00
1c0a7a0c422473ac09e61c7def41bb0d,99abe0be8bcd2a43a3a374b4579d8212,delivered,2018-08-15 10:36:43,2018-08-15 10:50:16,2018-08-15 14:22:00,2018-08-21 18:28:27,2018-08-29 00:00:00
9aaa05e5944d0625906c8e3f535e5197,c71699ede1ef04bdcf2ff48b87b179ff,delivered,2017-10-03 12:18:08,2017-10-03 12:28:20,2017-10-04 09:47:05,2017-10-09 20:38:34,2017-10-30 00:00:00
c8714809bc84ffb9c675dcf4a6455df9,e02b0a31345a94677bcc33aa9bc0909a,delivered,2017-09-21 18:21:46,2017-09-21 18:35:14,2017-09-28 18:14:36,2017-10-09 17:58:16,2017-10-23 00:00:00
0132fef017ccf586491ca3685de667df,6ed04295dca042b17dc984a992352343,delivered,2018-06-06 08:51:20,2018-06-06 09:11:16,2018-06-06 15:00:00,2018-06-07 17:28:54,2018-07-03 00:00:00
1ff7d1a88a4fc1b04896c9d02f34351c,35b378dda27c0f902c7fa786af427b2b,delivered,2018-04-25 17:59:34,2018-04-25 18:15:15,2018-04-26 15:08:00,2018-05-04 20:36:33,2018-06-01 00:00:00
475f773f6c0d909e49b758adb2401e3a,7a6ebfb04fcb2e21ced42bbc8794892d,delivered,2017-01-30 18:39:24,2017-01-30 19:33:37,2017-01-31 09:08:47,2017-02-20 14:09:26,2017-03-10 00:00:00
48b126710532d052800a89a6131d40f3,b9311705b7ea9001f8f6f501b854e944,delivered,2018-07-29 19:33:34,2018-07-30 20:30:53,2018-07-31 13:54:00,2018-08-08 01:06:45,2018-08-14 00:00:00
753c0bfa44e84d26e6e8f9095a12607b,774a3f0f568b720be35c8a92db1a5aa6,delivered,2018-01-15 19:06:08,2018-01-15 19:17:34,2018-01-18 20:09:15,2018-01-25 21:38:54,2018-02-19 00:00:00
9ccdba05192bfa286b86afb44d5296c6,19b28cd3a6d94e58269012fe64e77be2,delivered,2017-07-21 17:01:06,2017-07-22 02:15:33,2017-07-24 16:27:43,2017-07-26 11:17:58,2017-08-03 00:00:00
cbd4818fd2df9243a5f4698948f80bd0,1863b95f5438f793f49ba1c6995860e7,delivered,2017-12-07 13:29:50,2017-12-07 15:29:38,2017-12-11 18:21:41,2017-12-14 11:26:54,2018-01-03 00:00:00
19f99e34df3950b323bd2bbc16152983,397adec2fef33872b88f158c0317d5bc,delivered,2018-04-17 11:55:07,2018-04-17 12:29:58,2018-04-19 02:13:30,2018-04-20 19:28:45,2018-05-04 00:00:00
3e94a8c8e34e42fff9e500e404d5d233,f3718048122cb167994a9aa9fc671411,delivered,2018-05-14 19:18:11,2018-05-14 19:30:30,2018-05-15 14:48:00,2018-05-17 18:21:51,2018-05-29 00:00:00
3eeee3b998098a2c5f50ce39ab462a20,ed696b15376f0d883ef70d6386cb908a,delivered,2017-07-17 14:07:15,2017-07-17 14:23:17,2017-07-19 15:33:02,2017-08-02 16:47:49,2017-08-16 00:00:00
bf336f3e46fa42ff45394bd91b962885,605bdc891f4cc6a3431fc038419d8307,delivered,2017-08-15 18:00:29,2017-08-16 12:24:37,2017-08-24 14:36:45,2017-09-08 18:04:10,2017-09-21 00:00:00
045fb730a757a5379d79bdbc42d4e84b,57cffec2e5c21ad9bee83cc699bfc9b0,delivered,2018-08-03 06:19:40,2018-08-04 04:10:19,2018-08-13 14:45:00,2018-08-17 00:31:36,2018-08-23 00:00:00
66823322383fb178187b76028b8f8eab,7d3460ebd7b140cb166071ca96858a90,delivered,2017-10-11 11:01:17,2017-10-11 11:14:12,2017-10-23 16:14:15,2017-11-08 18:18:47,2017-11-13 00:00:00
c8634f3e7a329c927fe2973bf2b54caf,2bbeb09dc86b81185d6ab5592b1e2e8c,delivered,2018-01-10 20:58:40,2018-01-10 21:09:00,2018-01-18 12:15:57,2018-02-04 15:21:27,2018-02-20 00:00:00
c4f3b6a5e1b0cd332ac54136c94c5053,8c3ef80af590b71396ade3b7a82484f5,delivered,2017-03-28 23:10:01,2017-03-28 23:22:42,2017-03-30 15:05:23,2017-04-03 08:17:52,2017-04-24 00:00:00
85ae4ead3b37285b1e538a206b99b67a,9853878485ceae16ecccbb96eab9ab5b,delivered,2018-03-29 10:40:04,2018-03-30 03:27:04,2018-04-04 03:40:43,2018-04-10 21:26:48,2018-04-23 00:00:00
c33917dff50a1d91d9d26ea3c5e3a65a,35658cd4402d33f3e7622486e64714a6,delivered,2018-08-04 16:24:49,2018-08-04 16:44:17,2018-08-20 11:39:00,2018-08-21 18:19:04,2018-08-13 00:00:00
8dc9057a0a0ffce645c10580a9cd0594,49c2c04765b56656cf3fdac56f31b798,delivered,2017-12-26 17:56:05,2017-12-27 21:29:28,2017-12-28 18:33:10,2018-01-11 18:21:11,2018-01-29 00:00:00
7700cd588241bdd7614416812683d789,5a640517c107d62dc931327c40632325,delivered,2017-02-25 11:55:26,2017-03-02 03:50:37,2017-03-06 14:06:58,2017-03-08 09:12:11,2017-03-21 00:00:00
f149be0602ecbdd2222b8fdfa075a73f,ba1ef22fc88cd9a2fa164686e91b5692,delivered,2018-07-06 00:20:22,2018-07-06 00:35:12,2018-07-06 11:06:00,2018-07-11 23:31:41,2018-07-26 00:00:00
16ef87ed2e298fd5de508be5d5d29833,aaf8e88f992dccd91774ed10859098f4,delivered,2017-11-12 08:44:39,2017-11-12 08:56:38,2017-11-17 21:34:59,2017-12-05 13:05:16,2017-12-05 00:00:00
13bc7bea9d1bce4d95bb4917ed0f94ce,266ebe42426f177e906e396c69a3d170,delivered,2017-12-06 14:30:15,2017-12-06 17:30:43,2017-12-12 17:58:51,2017-12-23 12:31:58,2017-12-22 00:00:00
063250ed406abc1e7730639c79d16a0b,b20e7f3206dd52a8cf8accc6f53d261b,delivered,2017-09-06 20:46:22,2017-09-06 21:03:33,2017-09-08 18:55:26,2017-09-18 17:10:21,2017-09-28 00:00:00
08bb21f621b955cf27343f29059d2696,aaf87fdb0cbdf2a3040221661525a54c,delivered,2018-04-16 12:35:30,2018-04-16 12:51:31,2018-04-19 00:54:35,2018-04-25 23:46:46,2018-05-11 00:00:00
719b940ab2f1e351ffb14a0a02ffe3c4,ede9a1daf58d256c0d648ef7e1479010,delivered,2017-01-16 13:01:51,2017-01-17 03:05:22,2017-01-17 13:37:00,2017-02-21 14:51:58,2017-03-03 00:00:00
53bf51495103abe64e330f5360456ca0,3583e7045ba9171afe0674eb209fb6ee,delivered,2017-11-05 22:52:55,2017-11-07 05:31:26,2017-11-07 15:31:51,2017-11-10 17:48:38,2017-12-07 00:00:00
ef5555014add0fdfbe3f34f85365f650,8c9790f243de6c4fe54abedaff739359,delivered,2018-07-22 10:55:26,2018-07-23 11:31:42,2018-07-23 09:34:00,2018-07-26 17:38:57,2018-08-06 00:00:00
2edf35d55b806cc2d389c8008e0d7f27,8d889513985d1715b45c0b94c453ecae,delivered,2017-08-18 15:35:45,2017-08-19 15:45:15,2017-08-21 22:19:52,2017-08-24 20:38:36,2017-09-08 00:00:00
df89c4a0456584e2878310de66fc9fec,3c648ff8badb1c19ac66c0b74a64faee,delivered,2018-07-22 16:28:38,2018-07-24 11:33:00,2018-07-25 15:25:00,2018-07-31 19:51:10,2018-08-10 00:00:00
f930f5aa8c609a7550c8f7bf84548dad,d15cf31ebd90f57bef9ef62efd50ba15,delivered,2018-06-19 11:18:42,2018-06-19 11:35:26,2018-06-20 12:47:00,2018-06-27 13:03:21,2018-07-20 00:00:00
b55ed7407eb340d0db40dfb2759c756a,cffb7882374d2bbada77a2a689034981,delivered,2018-08-08 12:22:24,2018-08-08 12:35:16,2018-08-09 15:30:00,2018-08-14 22:26:42,2018-08-22 00:00:00
e2bb17a967ab5cdc146e4f06064ba0c7,ead9596c98d884370562f862c8f9e349,delivered,2017-12-10 23:36:31,2017-12-10 23:49:15,2017-12-12 14:32:56,2017-12-20 18:19:51,2018-01-10 00:00:00
baad5004c5d12ad2ed5467f21914396b,16fd28bae68d51e34f732ae6d1337918,delivered,2018-01-29 10:54:36,2018-01-30 04:31:05,2018-01-31 22:48:12,2018-02-14 23:53:36,2018-02-20 00:00:00
6b460c25c2bb8e1323536e9e921d04a1,95d2bac8c1d115b9c5291fba7b9186aa,canceled,2018-01-29 16:07:41,2018-01-29 16:36:51,2018-01-30 21:12:59,,2018-03-02 00:00:00
da91ef7fcad23d653d582725ded9b667,050d71332d34aa50e009386b9d734d43,delivered,2017-07-07 14:51:25,2017-07-07 15:05:09,2017-07-10 19:52:20,2017-07-20 14:53:48,2017-07-31 00:00:00
c1ae5adcaac94051df90bff4b73bebd9,f2fd3db2356eeb60c898172e65eb64eb,delivered,2018-07-04 15:12:35,2018-07-05 16:32:49,2018-07-10 14:04:00,2018-07-16 12:12:22,2018-07-31 00:00:00
bf5e738a4999370cea8ac59801c748e8,4f9d2f4a5d093805bb6949385799b967,delivered,2017-07-24 11:18:16,2017-07-25 03:45:32,2017-07-28 18:15:47,2017-08-03 20:13:49,2017-08-21 00:00:00
839603976328ab364c4ff2b4d806de8f,337900928f7a941ef7365f079cd36830,delivered,2018-02-13 22:57:20,2018-02-15 00:31:00,2018-02-16 20:13:06,2018-03-19 23:41:28,2018-03-19 00:00:00
b7bc29a25d146eb20f8f60d3bfa6996c,d87e31dd53e1beb80ed26ed740b647cb,delivered,2017-04-30 11:38:42,2017-04-30 11:45:15,2017-05-10 10:57:42,2017-05-17 16:17:57,2017-05-23 00:00:00
d2597ccadcbb4bede6cefca892c7094e,d576252544d4d92d868e65ab3590cb77,delivered,2018-03-13 14:55:22,2018-03-13 16:00:37,2018-03-14 19:27:22,2018-03-19 18:24:52,2018-03-29 00:00:00
1946c4925cef4f63c6d90302b3d8caf4,c70d51086d1a00d014cec2e4a2aeea5f,delivered,2017-07-09 15:01:59,2017-07-09 15:10:13,2017-07-18 22:47:01,2017-07-20 15:59:35,2017-07-21 00:00:00
0c4d07bcd65a6ce95cbe8e8e228a98cf,30d6a066b7e76c8fd66610d4b36e891d,delivered,2017-02-06 12:15:34,2017-02-07 03:50:12,2017-03-15 10:07:50,2017-03-23 05:17:36,2017-03-03 00:00:00
3b1367c314dd3ee56c7f68621977d142,06535d08099971aa6f56a2344a3856ec,delivered,2018-05-10 08:53:59,2018-05-11 02:57:46,2018-05-11 14:14:00,2018-05-18 16:05:55,2018-05-29 00:00:00
db4c181f6ac63a558233e98861beda3e,fe86f452d3595048dd7000032a0283aa,delivered,2018-02-26 11:11:05,2018-02-28 09:29:40,2018-02-28 22:54:41,2018-03-23 21:22:52,2018-03-23 00:00:00
7656f4ca2d491ba4f1ecb0d8779e5e7d,bdf7555b68e732af4bfe2171b8f257ed,delivered,2017-08-03 06:04:15,2017-08-03 06:15:13,2017-08-03 14:17:29,2017-08-04 20:49:06,2017-08-23 00:00:00
056ea0ed4a967ffdde98507a7d5656a2,a81f98f9ecc7838dd8e9853eee3be318,delivered,2018-05-29 16:07:19,2018-05-29 16:38:56,2018-05-30 12:29:00,2018-06-06 21:12:41,2018-06-29 00:00:00
096ff3d928fd9b00eed2c839ad0c2223,c25b788e63b4f8ac4a3dc15c00b7d499,delivered,2017-05-30 20:29:07,2017-05-30 20:35:25,2017-05-31 11:34:27,2017-06-01 08:23:01,2017-06-13 00:00:00
c4100458441e176cca58edec8b0e477f,f9b059f4342b9bb33e0e1d54ed161dbc,delivered,2018-01-07 10:58:11,2018-01-09 07:16:42,2018-01-09 18:29:44,2018-01-17 19:08:56,2018-02-01 00:00:00
ba6ceea3a35916e51113b91f726b1f89,5997ffe50c62de1654caff67d410f8f8,delivered,2017-09-12 11:25:44,2017-09-12 11:44:07,2017-09-13 17:17:20,2017-09-29 21:15:31,2017-10-03 00:00:00
03da04c1427d7b8bff38d76efca1029d,709116483105e4198b439016da66d4d0,delivered,2017-12-13 16:56:40,2017-12-15 02:17:46,2017-12-15 17:39:33,2017-12-18 21:27:25,2018-01-02 00:00:00
2b022b533c7e96c66a5d9e2539065bea,1b660a15d095dc956092864ab9c6fd59,delivered,2017-12-28 17:18:40,2017-12-28 17:29:43,2018-01-02 16:49:23,2018-01-13 12:54:40,2018-02-02 00:00:00
e0ff8fbdba29b1192269bb50ef72245e,02acb1d49edb6c09b61d2f496afc61b5,delivered,2018-02-04 21:02:18,2018-02-04 21:15:32,2018-02-06 00:16:41,2018-02-15 23:27:48,2018-03-05 00:00:00
de90c6becfae7b59fc7f1642e8578a17,fd0f799263c58a9fd3c65d72963046aa,delivered,2018-04-15 17:58:53,2018-04-15 18:10:55,2018-04-17 19:42:27,2018-04-18 19:47:36,2018-05-03 00:00:00
09bd279b1d189a59de559c5f558ca857,f5099455960fd677edc4badb55917954,delivered,2017-02-26 20:55:50,2017-03-02 04:15:23,2017-03-03 11:35:52,2017-03-08 09:13:57,2017-03-20 00:00:00
06f157e2c7fe91f2e7ae8d344c6fd456,c11041983dbb097b3e7f8054edb680d7,delivered,2017-08-26 22:27:16,2017-08-26 22:35:16,2017-08-28 19:12:31,2017-08-31 15:26:19,2017-09-14 00:00:00
ee46e60afd0a0052089f6729df72feec,9bc9ba55fbe97a847d41d2a0324b1ca7,delivered,2018-03-14 21:30:10,2018-03-15 03:15:37,2018-03-15 20:04:34,2018-03-22 13:54:28,2018-04-10 00:00:00
1541c47057fa62778f2f86eb39a329b1,6da4c3e14358d3229707e152e700e3ac,delivered,2018-06-24 20:44:39,2018-06-26 04:35:15,2018-06-27 09:07:00,2018-06-29 16:42:05,2018-07-12 00:00:00
4498a90ce01bc4d0f03ee12f1779ecbf,4d7554a9ece8963a6e505c6bb9daf108,delivered,2018-04-18 01:12:52,2018-04-18 01:31:36,2018-04-18 23:28:44,2018-04-23 13:22:05,2018-05-15 00:00:00
fefc60b6174117cb96cd5eeaec4188b5,fe8d5179f52ce81e03233bd79bbe5f28,delivered,2018-05-30 13:42:45,2018-05-30 14:47:43,2018-05-30 14:11:00,2018-06-12 15:10:58,2018-07-11 00:00:00
c7d561ef533f624416dd087083e5539b,af716e66a2cb5edad96d3a43ac94932c,delivered,2018-04-12 19:47:37,2018-04-13 13:35:44,2018-04-13 22:56:31,2018-04-21 12:38:41,2018-05-07 00:00:00
0f7f0f5f679b32fd80e1535ca33a7c30,542225aee88bf09fe21f73ffe2fd9bff,delivered,2018-01-29 01:05:19,2018-01-29 02:10:36,2018-02-02 00:46:34,2018-02-16 00:03:24,2018-03-09 00:00:00
7e7c0e989429a8dcd7853fb2a666dbad,55257b99ab3886a92258796316c4fa69,delivered,2018-01-23 13:47:35,2018-01-23 13:56:27,2018-01-29 17:04:37,2018-02-15 00:08:05,2018-02-26 00:00:00
b25add7c80a79c6857f7a0a3180debde,4987ed7b51d4233b6fc8f4dca9812a06,delivered,2018-01-15 10:52:45,2018-01-17 03:36:45,2018-01-17 22:12:51,2018-01-19 17:23:00,2018-02-07 00:00:00
72096fec7f0a5c65db72ae549c086803,709cc21d90b1c1afba62d1bec7d2761b,delivered,2018-02-28 18:31:11,2018-02-28 18:48:20,2018-03-02 20:49:03,2018-03-20 01:32:20,2018-03-21 00:00:00
13fe5b8b3ad46c558f0c53939589776b,a685e039c2149f0278def380b654b0b8,delivered,2018-07-14 17:43:48,2018-07-14 18:04:21,2018-07-24 14:13:00,2018-08-01 18:52:14,2018-09-12 00:00:00
e56707e3091b56e19c6234125fc87943,b098d962a6848a2321d0fcdf11b006e6,delivered,2018-08-08 17:59:33,2018-08-08 18:10:21,2018-08-15 14:15:00,2018-08-20 19:59:04,2018-09-05 00:00:00
101d45ec36017120849bced34020c170,0066d0530824a5e8044c71af62dea8d5,delivered,2017-11-22 09:51:35,2017-11-22 09:59:58,2017-11-24 18:56:52,2017-12-06 14:16:35,2017-12-12 00:00:00
dccf5f082deff344c087201ccbd2d1d6,cd437737ec19d74ccb8d6dd461aabe73,delivered,2017-09-11 17:35:25,2017-09-11 18:04:33,2017-09-12 19:33:11,2017-10-05 20:43:40,2017-10-11 00:00:00
40566e07284e5387c3c479d0ac7aab9c,2d402a85298af9a5f4e3962a396fae4b,delivered,2017-12-01 19:34:11,2017-12-01 19:57:11,2017-12-06 21:58:10,2017-12-15 18:38:43,2017-12-27 00:00:00
1bd518c15ee16570e9b8c8e29fde9ab6,002905287304e28c0218389269b4759b,delivered,2018-07-22 17:13:46,2018-07-24 11:33:00,2018-07-31 09:25:00,2018-08-08 00:32:44,2018-08-17 00:00:00
b9dd3f0e6a1d159b84a47b61a8824f65,ed8d2a26ec958da7c1b38092025cd7e9,delivered,2017-11-24 04:46:05,2017-11-24 04:56:21,2017-11-24 16:03:43,2017-12-01 14:09:15,2017-12-14 00:00:00
ea402a52e47bbc683974efe466ed5271,7c5abccd0319853b8b3718591f5e7117,delivered,2017-07-14 01:30:24,2017-07-14 01:43:33,2017-07-14 17:51:46,2017-07-26 00:39:31,2017-08-07 00:00:00
60c03a80ee95e6f0b2be392657ba6c1c,348d1f235674cbfe52089a8d7e3a318f,delivered,2017-09-28 21:38:48,2017-09-28 21:49:30,2017-09-29 19:24:57,2017-10-02 22:06:39,2017-10-20 00:00:00
1853e9a86c06c73c095d0657db4737fc,a914135257fb9099bb4c51da34edf7b5,delivered,2018-02-18 09:16:05,2018-02-18 09:26:32,2018-02-20 16:27:27,2018-02-23 22:19:15,2018-03-13 00:00:00
57d952543113d2025900459d06269475,1fe3e3ae49d2a072f32177fb772f7dd3,delivered,2018-04-30 10:33:16,2018-04-30 10:55:06,2018-05-04 12:09:00,2018-05-17 20:44:32,2018-05-25 00:00:00
1ed70e8d41f1ea6bd7763ade88da02a6,2e271b89e49e36d89b51f78aa7900850,delivered,2018-08-18 22:35:28,2018-08-20 10:50:44,2018-08-21 14:40:00,2018-08-24 19:08:35,2018-09-10 00:00:00
7736e9fe1d1c7d942e10ec7e57e94bbc,4acdf61f00c231891e30ce833d9227ed,delivered,2018-08-09 09:53:36,2018-08-09 10:05:10,2018-08-09 17:13:00,2018-08-15 16:18:42,2018-08-24 00:00:00
736813b41544d3ca0ed5d508802f4ca1,b4f165c52bae5d2d45193cd87801929f,shipped,2017-09-15 09:05:41,2017-09-15 09:15:13,2017-09-20 20:41:38,,2017-10-05 00:00:00
4ebed5a2d80995d747c4f4728007b406,87753d19371f5dbbaa878954d87fa0f5,delivered,2017-11-30 01:12:17,2017-12-01 10:31:19,2017-12-05 00:11:50,2018-01-04 00:18:47,2017-12-28 00:00:00
f1b3a624e786c025ff2cb9f5fb59515d,77c82fd1eb30bc7ca2e3075fc4bbdbd7,delivered,2018-05-06 17:09:25,2018-05-07 09:13:43,2018-05-08 16:52:00,2018-05-18 14:57:52,2018-06-05 00:00:00
7df0be89ace3eb8776cd96ef3df0f12e,902da30d27a7563502da22b47f9f48a8,delivered,2017-11-25 19:27:31,2017-11-25 19:35:22,2017-11-30 21:58:48,2018-01-05 20:03:31,2017-12-22 00:00:00
bd5d8e4ebcc034472954de8f591cd151,4e2edc825b43010a5ca8a1002dbf0e5b,delivered,2018-08-03 15:19:03,2018-08-03 15:30:22,2018-08-04 08:41:00,2018-08-14 22:59:46,2018-08-24 00:00:00
9183260cf469f329e0804feccc1cf0f4,b8bdc0faa5b1065d49cb18deea099885,delivered,2017-12-06 22:20:30,2017-12-06 22:33:13,2017-12-08 01:12:47,2017-12-11 16:37:47,2018-01-02 00:00:00
ba32ca81e6f254f77b25b2959a1bb776,32b58a7d02e96a3bd310bb3dfa5baec9,delivered,2018-06-16 21:10:37,2018-06-19 04:16:56,2018-06-20 14:58:00,2018-06-21 19:56:54,2018-06-29 00:00:00
df56e27fb87ba6d4beb70719ffdd707b,cac8086da9e69106699a14f7f9ae977a,delivered,2017-03-13 08:43:10,2017-03-13 08:43:10,2017-03-14 13:21:52,2017-04-05 14:23:59,2017-04-11 00:00:00
154f07e395b8990c8aa5a60b0f38fc3e,0597c9c022748f4c23f019f01b8286f4,delivered,2017-05-29 13:49:46,2017-05-31 06:55:24,2017-05-31 08:13:55,2017-06-08 13:13:44,2017-06-27 00:00:00
45f470a790aede4d492919f4df65b123,ed6ae96460478dd6080dabe8038a246e,delivered,2018-08-06 11:15:25,2018-08-07 04:24:47,2018-08-08 14:45:00,2018-08-20 22:48:54,2018-08-20 00:00:00
b282dff26b02dc8eb8715aa5996b13a0,b7afc661f446c22413d9f3e0c1b5aeed,delivered,2018-04-05 07:41:46,2018-04-07 02:48:13,2018-04-11 04:18:29,2018-04-12 12:42:53,2018-04-19 00:00:00
5319d79dbab671824060b110de9d8346,4e09b5a438e739bed892cb3980e5332b,delivered,2017-11-05 20:11:03,2017-11-05 20:26:43,2017-11-09 14:46:44,2017-11-28 11:29:27,2017-11-29 00:00:00
4f06521f4a3d0a3635cc4430430d1cef,9c52e4d9187afd7b33cbc250d5ac605e,delivered,2018-04-11 11:52:13,2018-04-13 02:32:08,2018-04-13 17:41:25,2018-04-19 15:06:23,2018-05-14 00:00:00
028ffc48d3a4004a010e5847d7266cdb,7ab6bf8e79e131fb7052921a49aabb2c,delivered,2017-07-27 17:28:13,2017-07-27 17:50:18,2017-07-28 18:38:04,2017-08-02 22:22:15,2017-08-21 00:00:00
b0f282feab66596e7100f9baded8b54f,c8afbdb8bcb6ff18e1396158952379a7,delivered,2017-05-05 15:30:38,2017-05-06 02:15:59,2017-05-09 11:17:14,2017-05-18 09:07:50,2017-05-29 00:00:00
29748bf43e13388a744dbf9111d073e9,750a09a70b7d253006037ca5187980c9,delivered,2018-04-09 16:36:09,2018-04-09 16:50:14,2018-04-10 18:18:24,2018-04-12 19:21:22,2018-04-27 00:00:00
3749e1bbc7bc1d318446e7c177727a01,684fb41123159abd77da3416cf999acb,delivered,2017-05-19 18:55:29,2017-05-22 15:45:15,2017-05-23 14:46:13,2017-05-30 09:34:16,2017-06-12 00:00:00
048297b4e795502db60be292e12dd390,d5504bb8d69de23d8c49bd96e55e51ec,delivered,2018-03-26 03:50:48,2018-03-26 04:08:31,2018-03-29 16:22:03,2018-04-09 18:46:51,2018-04-12 00:00:00
c736eebe212e3065b4ca629fb98389f8,ccd88d5a028a8673a1f2e9b98af66132,delivered,2018-08-23 07:36:13,2018-08-23 07:50:12,2018-08-23 15:35:00,2018-08-28 20:18:26,2018-09-11 00:00:00
2b0d020da35221c291bb03a55f70794a,08a01db5764bdab850af621dc71a35bf,shipped,2018-04-02 20:27:07,2018-04-02 20:49:57,2018-04-06 01:02:27,,2018-04-12 00:00:00
48a51dd8d092c2c777f8dc6446f5684b,65a75a3c78a824c9df00b338e265023a,delivered,2018-01-16 12:05:27,2018-01-16 12:52:09,2018-01-18 21:46:35,2018-01-22 16:38:32,2018-01-31 00:00:00
80b0d3793468761fc92ec09064ef6223,12c4681e232d47d03c141538596d252d,delivered,2017-07-07 18:36:58,2017-07-07 18:50:11,2017-07-10 18:36:32,2017-07-15 13:07:51,2017-07-31 00:00:00
a4f4688be9887418ee0c130b6f061586,3ee02d8633882ec406812543d39467bd,delivered,2017-12-04 13:03:36,2017-12-05 04:11:39,2017-12-06 20:14:44,2017-12-12 00:23:33,2017-12-28 00:00:00
262b756fedea5f6b366d4b2502305836,8dc05898bdb12786a2bf61bcea1c5f74,delivered,2017-09-22 22:44:09,2017-09-22 22:55:18,2017-09-25 14:25:04,2017-09-26 18:37:47,2017-10-09 00:00:00
a3c299fda1b92fa41de80b43ecc70ddd,ab72b4d341557427246cd29f153d583b,delivered,2018-08-13 12:33:44,2018-08-13 12:45:09,2018-08-13 17:57:00,2018-08-16 18:18:48,2018-08-22 00:00:00
894619d2fc0479d115a9bd72bfa0df34,f3b3891ff0afe3e2d70489634fb1bfbd,delivered,2017-06-24 11:59:58,2017-06-27 03:55:23,2017-06-27 13:10:07,2017-07-04 14:22:49,2017-07-18 00:00:00
1936ad02cf90caffb1558f148050521e,2a0289202e14198ac9d962dad6a703b0,delivered,2018-08-06 14:39:15,2018-08-06 14:50:14,2018-08-09 09:25:00,2018-08-14 01:29:50,2018-08-10 00:00:00
677903861e5a22d39b6c208476a62fe4,e7277a1754c3ea5a86f83ede09db9c91,delivered,2018-03-15 08:34:44,2018-03-15 08:49:33,2018-03-16 20:12:50,2018-03-22 22:41:04,2018-04-05 00:00:00
ebe62bcd645483aa0241c300d095781a,cfb42b1989c010c2dc4dfd94cfadd08b,delivered,2018-07-22 20:47:14,2018-07-24 11:32:33,2018-07-30 13:23:00,2018-07-31 19:11:41,2018-08-08 00:00:00
379663f7c5cf76e4a3cc7a2833071a39,398ddc24c8d53e2854a97f79965ba8f4,delivered,2017-11-20 11:46:30,2017-11-20 13:07:08,2017-11-22 12:31:54,2017-11-28 18:02:32,2017-12-01 00:00:00
558eca1d22374a40aa35c2d9f88573a3,a7261b8467989c8b5c1800b4bfd705bf,delivered,2018-05-28 22:29:25,2018-05-28 22:50:35,2018-06-01 08:47:00,2018-06-07 20:03:41,2018-07-12 00:00:00
dc15b9e0016b708d301f392106b5dd8f,5b908cece884341d65da37a92210d839,delivered,2017-08-09 20:43:39,2017-08-11 04:26:08,2017-08-11 18:19:51,2017-08-21 20:29:43,2017-09-04 00:00:00
3e01bcdfc97eab0de1ea04ac3848d32d,8843bb636edd3fc66fe18b063773cf4e,delivered,2018-01-30 16:33:31,2018-01-30 16:52:51,2018-02-01 15:22:59,2018-02-09 15:42:39,2018-02-23 00:00:00
2b859a50927381b5e99fbf88aea9d1df,c8a5fc21ea39790afb9055fbaf1b430a,delivered,2017-08-28 07:20:53,2017-08-28 07:30:18,2017-08-28 19:27:33,2017-09-11 19:29:41,2017-09-19 00:00:00
3734ef852a0ffc47fd80c97740466f68,ea53ba261e9a844d7878bccd09b06114,delivered,2017-05-19 16:02:38,2017-05-20 16:05:21,2017-05-26 09:12:25,2017-06-01 14:14:33,2017-06-09 00:00:00
88cbdeaeb8c50426897ba268a0b163e6,38d35e17e122dfd358e624c1d85746a1,delivered,2018-03-01 11:12:35,2018-03-02 11:15:31,2018-03-06 11:30:16,2018-03-08 15:11:57,2018-03-13 00:00:00
7c5c5961b54c4057653d3b72bc612585,66ba2748d049b1519d1961df10d3d46d,delivered,2018-06-03 18:24:25,2018-06-05 04:51:55,2018-06-06 12:47:00,2018-06-14 16:56:00,2018-07-18 00:00:00
cba50ee7d72101bacb9accfaaf1d087d,a21458e978c59c41679d6a8559bf4a85,delivered,2018-01-22 10:33:42,2018-01-22 14:16:25,2018-01-23 18:22:47,2018-01-29 21:14:52,2018-02-16 00:00:00
016d1bdf6efab4f6b805df1c03043113,32ea572ef909ce200bf5097211d79d22,delivered,2017-10-04 20:26:53,2017-10-04 20:35:24,2017-10-05 19:50:09,2017-12-01 18:49:05,2017-10-31 00:00:00
b0d65843c6f571427a85638c3cf35194,8cca78a0f2d9dee5fd38f79b3afce8cf,delivered,2017-11-29 10:53:27,2017-11-30 02:21:06,2017-12-04 20:49:28,2017-12-14 00:46:14,2017-12-27 00:00:00
60b3fa9424e97cd3b6b95ca799d511c6,57e35c7eed060b1d17f1ab92d9c856df,delivered,2017-07-31 10:00:03,2017-07-31 10:15:09,2017-08-22 11:34:02,2017-08-22 11:34:03,2017-08-22 00:00:00
3f35b92ed8249125038852a2742bd514,e1504409fcf87ab3a65f3e819c8bfcce,processing,2017-02-19 16:06:22,2017-02-19 16:15:12,,,2017-04-10 00:00:00
b91486041622a3542a1c4b44865a4eaa,b4e45cbfb54188b16762b0f2bc0f24e3,delivered,2018-01-19 18:52:29,2018-01-23 03:38:28,2018-01-29 18:13:44,2018-02-14 23:21:36,2018-02-15 00:00:00
d0e90fb668eb0cd266dfec287a74306e,8f5335d82fed2d5e0d0b20c9750e56a7,delivered,2018-04-17 17:59:38,2018-04-17 18:11:22,2018-04-19 16:32:57,2018-04-23 22:04:29,2018-05-15 00:00:00
412e22f7bfca70106c77569bbe81ed1a,e35e19361dc332f82925c6baecf4f2ea,delivered,2018-05-14 10:22:09,2018-05-14 10:35:09,2018-05-14 12:53:00,2018-05-21 19:12:44,2018-06-01 00:00:00
718db37c9161a7d6124c332ea8780b19,d71ad29a42d24318dd3059f288e2854e,delivered,2017-10-21 10:40:14,2017-10-21 10:49:29,2017-10-23 19:42:47,2017-10-27 21:51:59,2017-11-09 00:00:00
e9a18a01a641ece17c11a804a3651208,f6a410defc688664c9817dbfa4017e8c,delivered,2018-07-23 09:33:10,2018-07-23 14:30:56,2018-07-26 15:03:00,2018-08-02 15:21:38,2018-08-02 00:00:00
49de2042facc292abd730e3dc6c0a75a,41a27a1274fe5d0d5d88585f37769043,delivered,2018-08-05 19:50:50,2018-08-05 20:05:22,2018-08-07 15:33:00,2018-08-13 18:02:49,2018-08-20 00:00:00
be6b82c466147a814c936f0b4a4714ca,49ae5fe564cf8aacc2524d9fba919cab,delivered,2017-04-22 21:17:54,2017-04-22 21:30:06,2017-04-27 05:53:20,2017-05-09 23:32:26,2017-05-29 00:00:00
7a0b657901f79cf17980c043f9536dcf,c7201484ae70fbceb803edabe73f85d2,delivered,2017-08-26 21:37:39,2017-08-26 21:50:22,2017-08-28 22:09:59,2017-09-01 22:18:02,2017-09-15 00:00:00
dc28b4fe4b9aee6d106b4fdb21e6c894,37dab09620092cfea0db7fbd560812ba,delivered,2018-08-02 16:45:44,2018-08-02 16:55:30,2018-08-07 14:55:00,2018-08-14 18:04:50,2018-08-22 00:00:00
61e278d1de3edd9fe7a19d62737ebbf0,f89e164f998875098e0325c1d30090e2,delivered,2017-12-06 21:45:59,2017-12-06 21:55:18,2017-12-08 19:38:36,2017-12-11 13:25:36,2017-12-22 00:00:00
1484421169dee9ceefa1d3584a49d529,92ec846ffd177f0850f3a69b5ed861b1,delivered,2017-12-14 20:26:46,2017-12-14 20:38:29,2017-12-20 22:03:28,2018-01-05 20:19:58,2018-01-17 00:00:00
28522593d073f4f1738c608a4326ca7e,07ad509a190ee73379e32edd0af4f0d7,delivered,2017-05-12 11:59:55,2017-05-12 13:06:42,2017-05-15 12:12:11,2017-05-20 08:59:35,2017-06-01 00:00:00
51b293b7ef9af17da9a922ce4069c202,81807f6e141a41c8b2005b775042a5f4,delivered,2017-11-25 09:27:31,2017-11-25 09:36:27,2017-11-27 20:58:46,2017-12-07 19:15:09,2017-12-29 00:00:00
b2119fc1abe3ce8896e2e0e951ec8d9e,62b1788eb836d7afcfc0c229b9a68887,delivered,2017-03-23 13:54:11,2017-03-23 14:05:08,2017-03-24 09:56:08,2017-03-29 16:54:01,2017-04-11 00:00:00
fec1a2a1810b5d8cb301a4ddfebbd306,72e3f9e9aa5a38a707bdbd9bb1b91a4b,delivered,2017-10-24 23:07:57,2017-10-26 02:56:38,2017-10-26 14:47:37,2017-10-30 19:14:58,2017-11-13 00:00:00
7f12392edffa8c0d0ac2d70b26ae6c0d,b0d01a72741a1df7fb5dc44f13320db6,delivered,2017-11-25 09:38:44,2017-11-25 09:50:57,2017-12-08 00:13:26,2017-12-12 20:53:44,2017-12-12 00:00:00
ffea20c7630343a6cd9e09858c1295cd,79e8c1737d903a4055c4d2aa87661bf7,delivered,2018-05-23 23:33:30,2018-05-23 23:54:50,2018-05-25 07:10:00,2018-06-04 17:58:36,2018-06-20 00:00:00
041687935b1e4c3715beb1602270b40c,212eabb96351d2749fac79129e8de92d,delivered,2017-12-26 10:35:22,2017-12-26 10:46:43,2018-01-09 22:04:03,2018-01-10 18:37:24,2018-01-15 00:00:00
1a48457d74e555ecee7280368ee20123,879ba647fb33e5abbc085e25df942716,delivered,2017-03-12 15:19:12,2017-03-12 15:19:12,2017-03-13 15:01:51,2017-03-16 09:21:48,2017-04-05 00:00:00
12b14ff427f6ae44eaeda7943fd08eec,23ea3c64f567e7d09d4cc68afde2588e,delivered,2018-07-03 09:58:51,2018-07-05 16:21:32,2018-07-04 14:24:00,2018-07-09 11:54:48,2018-07-24 00:00:00
52e12db27448fca8dcb88bf7bc7ae037,2b4d7fd64cc2e0e288f40151855a1dd9,delivered,2017-04-06 20:24:10,2017-04-06 20:35:12,2017-04-07 15:54:36,2017-04-12 12:18:27,2017-04-27 00:00:00
5eb8cab859a459c603cf3e90204e6ec7,409a4744aa5c2af44e194aff56430322,delivered,2018-05-20 23:11:36,2018-05-20 23:37:51,2018-05-22 14:15:00,2018-06-06 19:32:24,2018-06-27 00:00:00
71119930004c36d94916e3674d12741b,a3a976476b6ac6f10a6aeaa6a6a24d4c,delivered,2018-02-20 11:22:10,2018-02-20 11:35:30,2018-02-21 22:59:04,2018-02-26 23:22:49,2018-03-13 00:00:00
a2ac6dad85cf8af5b0afb510a240fe8c,4c2ec60c29d10c34bd49cb88aa85cfc4,canceled,2018-10-03 18:55:29,,,,2018-10-16 00:00:00
bafb9bde5f5c7eceb94ddab229f884d0,4d7678eafda68567d5f606090c25fd95,delivered,2017-04-24 13:51:20,2017-04-24 14:02:37,2017-04-25 19:20:11,2017-04-27 13:47:12,2017-05-11 00:00:00
ac27daef675b553c0c33385c9e32b7a1,aec77f52ad492c98a6edbe277120228d,delivered,2017-12-07 12:44:16,2017-12-07 15:33:17,2017-12-09 04:28:55,2017-12-27 16:27:16,2018-01-03 00:00:00
f33c74a1f0e8455e000cb264ce877e84,757e51fbcd39ef2a9315f39f4459e30b,delivered,2017-04-07 12:07:32,2017-04-08 02:43:45,2017-04-11 07:41:32,2017-04-17 13:05:09,2017-05-09 00:00:00
f36e6ba50146eb8900cad146dd95e9e8,866d24c7e22324caf53cc6b90d5789ef,delivered,2017-04-11 23:44:10,2017-04-12 01:25:28,2017-04-17 10:33:27,2017-04-20 12:50:05,2017-05-03 00:00:00
9b897ee284874f0bfc0174e53c8ebcfb,7a38bbf1ab93ed3d05e54c57d7e5f66d,delivered,2018-07-23 14:08:57,2018-07-23 15:31:47,2018-07-24 14:45:00,2018-07-30 18:24:43,2018-08-16 00:00:00
cedde3e913410b115a589c84c79b263a,3e473a3db2fe0c95efc450964e456779,delivered,2017-10-26 21:03:41,2017-10-26 21:26:28,2017-10-30 13:04:20,2017-11-06 14:18:37,2017-11-14 00:00:00
51d713e7827d7fce65be8df2395cb0bd,92cd246c0e13f888349600875012b35f,delivered,2018-07-30 22:40:21,2018-07-30 23:20:09,2018-07-31 13:10:00,2018-08-06 18:45:02,2018-08-10 00:00:00
ba9c3da1371e15178fa1a6f6bc8be6b2,fadd5f316ed143becbaba151fd4b16b1,delivered,2018-04-24 19:03:54,2018-04-24 19:27:33,2018-04-25 15:48:00,2018-05-19 14:32:14,2018-05-25 00:00:00
1551a397c99806c946fb1b1e7c729d8d,dc75e0a58a28420f6dfa3714fdf39222,delivered,2018-07-09 10:14:12,2018-07-10 09:10:10,2018-07-10 11:22:00,2018-07-13 13:38:55,2018-07-24 00:00:00
4ff76509ab49169df6382331fae23a4f,0ee0bf22ca4ebbb591a314b4689c8a36,delivered,2018-05-05 11:54:07,2018-05-08 04:32:55,2018-05-08 11:42:00,2018-05-10 00:41:39,2018-05-17 00:00:00
3584a4511f8aa783607bd52ff517b73c,559bf7f8a3667fd2f4d0e4fd701d1678,delivered,2018-01-10 19:10:18,2018-01-10 20:08:06,2018-01-25 16:16:36,2018-01-26 20:51:40,2018-02-09 00:00:00
f0dd9d95e7d45baae0926c374e0df783,e6655eb60aefb0e8304f126c99b3eda6,delivered,2018-01-07 16:22:06,2018-01-07 16:29:25,2018-01-09 15:04:55,2018-01-15 16:46:53,2018-02-02 00:00:00
f4293a053b040f6515c5b48808a282be,9c2be6e8f872e092e549c5d295e8bdb7,delivered,2017-11-28 20:34:22,2017-11-28 20:56:58,2017-12-01 20:21:41,2017-12-09 18:25:43,2017-12-19 00:00:00
7d0eb8de17d494f4151e4470cd1b0605,80a9f7586c30dab1b6cf315b01f20174,delivered,2016-10-06 17:10:05,2016-10-06 17:53:05,2016-10-14 18:29:03,2016-10-17 19:29:03,2016-11-28 00:00:00
7b1c4067e1c0f598ff2ac836df756f66,0d94387e1ef2bdc01b7c4dcccc98007b,delivered,2018-05-21 18:08:56,2018-05-21 18:54:04,2018-05-22 14:14:00,2018-06-06 09:34:44,2018-06-07 00:00:00
299a5bd1c2d7b32f5108fe0e84661e5d,01870df5434a15efdf52f02d895d3931,delivered,2017-12-25 20:22:00,2017-12-25 20:48:02,2017-12-26 22:42:43,2018-01-03 18:10:10,2018-02-05 00:00:00
c0364ee18a0b18e6da5e7754cf4f4e8a,6842592a4cdd735bf3fd43ce522773ef,delivered,2018-02-13 11:35:15,2018-02-13 12:47:05,2018-02-21 10:53:06,2018-02-26 20:54:11,2018-03-15 00:00:00
b5a015f522905531762c38c60f7e9a4a,c0d33d25a96ddb5c871de6bf0ce88c13,delivered,2018-03-21 11:22:31,2018-03-21 11:35:31,2018-04-07 01:05:50,2018-04-11 18:33:02,2018-04-25 00:00:00
d2bc174d5c413f457a21db6899afb682,0337719c3caba8187a276942d35347fd,canceled,2018-08-09 09:50:42,,,,2018-09-14 00:00:00
e35f04a0b16431eb95c9f179c004f500,f8c39e0e6bfc93d6b12d7ea11a4ecf90,delivered,2018-05-29 20:16:41,2018-05-29 20:34:31,2018-06-01 12:54:00,2018-06-13 14:29:02,2018-07-20 00:00:00
d446c3b58885af902aa7182d140afd0f,c194b82916f0a767cbc1195072f8d623,delivered,2017-07-26 22:06:40,2017-07-28 08:43:43,2017-07-28 16:44:13,2017-08-01 19:04:06,2017-08-08 00:00:00
5dee4f20dad15577d54e207b68b96be7,639d8567cc1c4963745cbbbf059ceb3b,delivered,2018-06-09 09:56:19,2018-06-09 10:17:30,2018-06-11 14:05:00,2018-06-18 18:46:43,2018-07-04 00:00:00
07ac486a7e139e73d66011849fa5779d,1addc7d0ea1d5587f4cec79230ef78c5,delivered,2018-07-28 15:34:10,2018-07-28 16:04:24,2018-07-30 13:39:00,2018-08-02 19:32:51,2018-08-15 00:00:00
bdde0e6ab375f21ce8915c8b0c359f91,26478ee582f4b86952910fb4c7ee93b2,delivered,2018-08-06 09:54:22,2018-08-06 10:24:16,2018-08-06 13:12:00,2018-08-17 23:50:52,2018-08-27 00:00:00
b8b17051a70af754f5a15916490b578c,263f578b432f4c4a154e9c7002bc6c06,delivered,2018-01-04 12:32:11,2018-01-04 12:48:35,2018-01-09 23:52:33,2018-01-23 01:03:48,2018-02-02 00:00:00
7ad0fb12f6d6b5d498db0bbfde6038bd,2d7104a85d14a9ff66cc049ba9ae2f73,delivered,2018-07-26 18:47:30,2018-07-26 19:04:37,2018-07-27 14:55:00,2018-08-02 13:37:53,2018-08-16 00:00:00
e75c86c6a3956189c2c40685452ae75e,84ff6c64c583bdec4bc0b0d2296879da,delivered,2017-11-20 13:11:11,2017-11-21 13:06:58,2017-11-22 14:25:00,2017-12-18 17:19:09,2017-12-21 00:00:00
15d975f1c3d089ac26a9b8b40df63d7b,1fe42529934b191efb447972c43ac91c,delivered,2017-10-24 17:22:54,2017-10-24 17:49:27,2017-11-17 00:24:49,2017-11-20 17:38:44,2017-11-13 00:00:00
3c97549bb72f1b9c0917dc29d750b34e,fe0ae410fb9ce8dd50a05eaf0ffcb60b,delivered,2017-11-01 18:59:06,2017-11-03 14:10:37,2017-11-06 20:51:45,2017-11-22 23:36:56,2017-12-01 00:00:00
3776ca53eef7dc944d1b615e9ec3ad36,58c9cac8b8d827ecd1854a007b921fca,delivered,2018-06-27 09:36:14,2018-06-28 02:15:49,2018-06-28 11:09:00,2018-07-04 10:24:40,2018-07-20 00:00:00
55f6389d37492e413b7dc1cab498db13,edf23d5286e7dc19ba96d4276bb9b3fd,delivered,2018-05-14 18:17:21,2018-05-14 18:37:38,2018-05-15 12:41:00,2018-05-22 19:48:53,2018-06-01 00:00:00
082b39e89779891345c6ebc6def4822d,b1ad9ed44c9f38c75ddabd01eb6f6585,delivered,2018-01-29 17:54:40,2018-01-29 18:12:27,2018-01-30 17:36:59,2018-02-01 15:22:56,2018-02-14 00:00:00
5771faae60a2852e55b8cd938a0dab30,8b6edda68c5b813a279c016c99a54ba9,delivered,2018-03-01 20:02:47,2018-03-01 20:15:30,2018-03-02 22:14:02,2018-03-15 02:37:51,2018-03-19 00:00:00
e2ec0a81f014ff5006648b818c33219c,9920c66af298e7dc6997930aae31f1cd,delivered,2018-05-27 13:34:45,2018-05-27 13:49:49,2018-05-28 13:34:00,2018-06-14 17:32:47,2018-07-18 00:00:00
decde2051f14d8e9213dfc5d257c1d43,8cbccdc86fcba81b6a46ff57e594e428,delivered,2018-03-06 16:05:42,2018-03-06 16:30:01,2018-03-16 12:22:37,2018-03-17 12:08:47,2018-03-22 00:00:00
c44f6d4c3cb98eb24f64eb9e2a39dd20,41769ddd0d1199c4f5f9066d2c2e65fc,delivered,2017-12-08 19:40:54,2017-12-08 19:53:21,2017-12-12 00:57:06,2017-12-20 18:00:20,2018-01-08 00:00:00
771596702a2e0245fb67b093182acb03,e16ec82ed66f16aa48f8bc6bbb287575,delivered,2017-11-27 15:47:46,2017-11-29 15:59:50,2017-12-05 20:59:01,2017-12-14 17:36:42,2017-12-20 00:00:00
bfb022f17ef48196bf7cda1a9a437517,3dda9e6c4c336587def527c9d32eac08,delivered,2017-02-12 14:14:09,2017-02-12 14:22:54,2017-02-17 13:52:47,2017-03-08 11:57:48,2017-03-14 00:00:00
61bcc94e09b161651c909623e8a2c751,d868db4e10343d69177ba7592e3ddde3,delivered,2018-04-03 16:59:06,2018-04-03 17:28:51,2018-04-04 18:12:30,2018-04-09 15:56:42,2018-04-25 00:00:00
e6cb268ffb0ba3f571bbc8b60a2e90fe,739b7ba21659b8da269022378fd86391,delivered,2018-02-12 15:29:00,2018-02-12 15:55:28,2018-02-14 16:04:11,2018-02-19 15:12:06,2018-03-12 00:00:00
30b0c07d80784b7d59b1a276ccdb0ae3,3ff62a38cee596b9cead9ca8f56c1781,delivered,2017-07-24 15:12:36,2017-07-25 03:35:31,2017-07-27 22:17:33,2017-07-31 20:06:19,2017-08-11 00:00:00
9a48076f2c268d23ca5495c7c6069315,9e6f48cff45a901d5e9c5ae4c9127456,delivered,2017-02-27 19:33:53,2017-02-27 19:45:15,2017-03-02 13:37:37,2017-03-17 10:51:51,2017-03-22 00:00:00
82b78c893274e1819b2b91866ec11014,189f361b8be0044c229467d2f95bdfb4,delivered,2018-07-14 14:07:32,2018-07-16 11:15:23,2018-07-17 06:43:00,2018-07-24 18:24:28,2018-08-14 00:00:00
5a42abf0eee65d3a1e361aa49561a521,59e70f1a3f114665e9d5e636b52c2607,delivered,2018-08-13 13:03:17,2018-08-15 03:10:18,2018-08-15 12:53:00,2018-08-21 21:05:20,2018-08-22 00:00:00
37877918d022198d7516624a45572923,0e957415e6f5c063ba77fd99df8da5b3,delivered,2018-08-18 06:34:01,2018-08-18 06:49:17,2018-08-23 17:14:00,2018-08-29 20:11:47,2018-09-04 00:00:00
a70a3d5d9d82bb809324d3bb6df076b2,128c188f45804a1a93bcae455c0e4578,delivered,2018-08-17 15:33:51,2018-08-17 15:49:39,2018-08-20 13:04:00,2018-08-24 17:38:52,2018-09-18 00:00:00
b3bcc046b1a81b0a1068f3b5e6de5be0,891093e5bc0702330aab8713a0a45551,delivered,2018-03-06 21:12:51,2018-03-06 21:29:00,2018-03-09 21:36:20,2018-04-03 17:08:36,2018-03-27 00:00:00
3dc960d5915983c12f6dc9277ad14b29,0e690432c515db8755f64ec9bc8f28f1,delivered,2017-12-20 12:46:59,2017-12-22 02:38:55,2017-12-22 19:25:05,2018-01-03 18:46:05,2018-01-22 00:00:00
e17f748fe026c219e312859a2188b07a,c4afd1cfe980f2dc3022f3646411cb9c,delivered,2018-05-30 08:31:49,2018-05-30 08:54:41,2018-06-01 14:45:00,2018-06-06 21:38:48,2018-06-25 00:00:00
c733bae44f0aa970fb902baf713a1372,38496ae5427ee5df7d2371c8acd4ca91,delivered,2017-04-20 22:02:32,2017-04-25 08:15:31,2017-04-25 11:30:26,2017-05-09 07:00:07,2017-05-12 00:00:00
b56aea9fd0510dad0a8d11f4ec40e1bd,84509b7022a7f2b53412d3572651c4da,delivered,2018-07-10 22:00:56,2018-07-10 22:15:07,2018-07-11 14:54:00,2018-07-12 20:04:28,2018-07-19 00:00:00
8d00078c87467e65796aa4032f0a0011,ff3720094423c3ef3b5635ddfd6c4bda,delivered,2017-10-27 10:32:51,2017-10-27 10:48:26,2017-10-27 19:40:08,2017-11-03 22:42:21,2017-11-22 00:00:00
d5a9bcd8e843bed6dc81287ccf656d3f,2496d71f2e9f0ce3e43dcbf3905b0a9a,delivered,2018-06-18 17:47:59,2018-06-18 18:03:04,2018-06-19 13:21:00,2018-06-28 16:53:41,2018-07-17 00:00:00
973acef56bf70feefa8264d4e9f300fc,729757803bd437f7cfaf568d4769b106,delivered,2017-12-04 09:50:25,2017-12-05 11:30:00,2017-12-11 16:22:11,2018-01-03 18:17:36,2017-12-28 00:00:00
dab37f5992b4ece308cb13f6141743b4,045042d40940bdd1ded5fcc2207ee31a,delivered,2017-03-07 14:02:34,2017-03-07 14:15:16,2017-03-10 09:40:23,2017-03-22 14:53:05,2017-03-28 00:00:00
cda991534f8532948f833dcfb0f3ad42,0089c34393989276de67746531e0df21,delivered,2017-10-17 22:31:03,2017-10-17 22:49:51,2017-10-23 13:42:48,2017-10-24 22:04:39,2017-10-27 00:00:00
74cac755eeb7be9b59c009ac2e5b3241,5e6f9be50727314362343a9db183bae0,shipped,2018-03-16 22:07:44,2018-03-16 22:28:10,2018-03-20 16:58:25,,2018-04-04 00:00:00
5b00e836f30ccd2096e07d70fc5712cf,4984300460446e6887643cdb10d21688,delivered,2017-09-23 00:58:28,2017-09-26 03:56:18,2017-09-27 15:58:03,2017-10-03 17:07:08,2017-10-18 00:00:00
f22b5d7d572e174ee9e14f0e04c7962c,2803c057d3a734c257e48b068d04722a,delivered,2018-05-01 09:22:30,2018-05-01 09:35:19,2018-05-02 08:21:00,2018-05-10 22:07:32,2018-06-04 00:00:00
719628a909505f12f342015fd53a8d43,5bef68c4d2d04c09aee2195ff540f131,delivered,2016-10-05 14:49:49,2016-10-06 15:52:44,2016-10-15 12:39:19,2016-10-18 19:17:36,2016-11-25 00:00:00
6744ba320cc05c157f4ce99347a87e12,86107f26343c3cd328fb9e6cdaa7bf95,delivered,2018-05-07 21:53:12,2018-05-08 04:32:21,2018-05-09 15:55:00,2018-05-11 19:07:36,2018-05-16 00:00:00
3f13c6c8bb6e531e041cc02ecda5880b,c72ebc9c80e11a4e61915573c2d5a39c,delivered,2018-06-13 21:27:31,2018-06-13 22:00:24,2018-06-15 07:40:00,2018-06-26 19:36:29,2018-07-16 00:00:00
e956fad47f301a19144afead1786de9d,1d1304f7c4219c811517a8efa5985b39,delivered,2017-11-12 16:50:50,2017-11-12 17:06:59,2017-11-13 19:09:04,2017-11-28 17:22:33,2017-12-06 00:00:00
c6c17394464f987209982d3f1423f068,4f4ed20c56c49d645e19d6e63e37517e,delivered,2018-05-16 19:04:43,2018-05-16 19:36:44,2018-05-17 13:51:00,2018-05-28 18:03:37,2018-06-14 00:00:00
58933cbe8ca93dbada467cc7b2eebd7c,0e05e54f8ee266e19c910ec3073c24d4,delivered,2018-05-30 09:10:37,2018-05-30 09:35:13,2018-05-30 14:05:00,2018-06-06 01:06:36,2018-07-04 00:00:00
275ae19d3b5b88d41fe617cae7a1e056,d9d16f838d9b54ce3beeb5ba6e5793cc,delivered,2017-12-12 13:04:27,2017-12-12 13:14:29,2017-12-13 21:29:49,2017-12-19 13:33:37,2018-01-09 00:00:00
5dec6c7bf0e703f21f033724925a62db,5873ae605bc4583bf32fe8ff3b582cf8,delivered,2018-07-24 08:37:02,2018-07-25 02:55:07,2018-07-25 13:44:00,2018-07-31 21:12:45,2018-08-10 00:00:00
9f64fb4d29aa2f254cc325c59a8f8b00,0826150e089ab7d5356b412e9f3bea76,delivered,2018-05-28 09:17:07,2018-05-28 09:34:31,2018-05-28 14:06:00,2018-06-07 18:34:56,2018-07-11 00:00:00
9bb824ec73ee38dbbc585f3bba4b34ac,cd115eebfb9859498e984e800023bbc9,delivered,2018-01-15 12:48:17,2018-01-15 12:56:46,2018-01-16 18:14:09,2018-01-30 18:57:37,2018-02-14 00:00:00
f84cf1b66945f7dd5a8f3d20d06a875c,2d8e6928e55e8da0c7ef096702a74b48,delivered,2018-02-04 10:06:42,2018-02-04 10:29:55,2018-02-06 22:38:30,2018-02-08 19:17:38,2018-03-05 00:00:00
b71b1607c1949b5b24e81fa2976fb42d,6909f4c42279489774489083cc9f314e,delivered,2018-05-14 10:12:59,2018-05-15 10:15:40,2018-05-15 14:10:00,2018-05-21 14:41:44,2018-05-29 00:00:00
b19b783be83450d0c4d0b92c5343a528,5673cde32ce3810e1eab5570d458d827,delivered,2017-09-12 22:53:28,2017-09-12 23:10:09,2017-09-14 19:49:56,2017-09-20 20:38:04,2017-10-02 00:00:00
49d48b30b2996f2d8076dec559e40c54,21d0c2f015aa6080f1807950bd2c099f,delivered,2018-02-21 07:42:39,2018-02-21 12:03:35,2018-02-22 20:38:57,2018-03-14 19:03:15,2018-03-20 00:00:00
b7a70c5355ba0e41915b2ae56209a2bb,1c95e915c23145ea7853a7a64bd396ca,delivered,2017-12-27 22:43:30,2017-12-27 22:55:21,2017-12-28 19:26:34,2017-12-29 14:19:19,2018-01-16 00:00:00
a2f1b733d3d3cb7185e9661387534161,cd8c7feb6e5a1f734ef52ffcf4a25c6a,delivered,2018-02-16 13:40:46,2018-02-16 13:55:20,2018-02-19 23:12:13,2018-02-27 18:56:42,2018-03-13 00:00:00
abf6c7f874686f41f606c83a8e8d2a9f,ef1da686c3cbeb7aad736391842d0446,delivered,2018-06-06 14:26:36,2018-06-08 02:56:28,2018-06-08 14:26:00,2018-06-11 15:14:38,2018-07-03 00:00:00
b26fad48211e9a54051ac561925ffa23,6262ea8ba816dc9e2a15983222ebf04d,delivered,2018-08-04 16:48:37,2018-08-04 17:05:07,2018-08-15 15:04:00,2018-08-22 17:18:55,2018-08-29 00:00:00
c11b16eb4eea5f484d9c91a0e19b7777,826a55ea1cbe8699ea5f908bc4670da1,delivered,2017-04-05 09:13:54,2017-04-07 03:15:24,2017-04-10 10:14:41,2017-04-19 14:39:07,2017-05-11 00:00:00
db38b153b053e72dea0f69d14d429ac6,3807775dbc0ada986e045cbfca95acff,delivered,2017-07-24 21:55:46,2017-07-26 02:16:18,2017-07-28 14:49:54,2017-08-02 13:42:07,2017-08-15 00:00:00
67ae27e6a1431d168d3a2233ce4045f8,0af7ee4eebf2aceb18354ceec83c9e05,delivered,2017-11-28 12:05:26,2017-11-28 12:15:04,2017-11-29 12:04:53,2017-12-07 15:58:35,2017-12-22 00:00:00
0ecf0978216edaeca677433db9480a7c,301e5281967c0b6cc5a379c4a3f90782,delivered,2017-08-04 15:34:27,2017-08-04 15:50:13,2017-08-17 19:15:57,2017-08-21 18:24:49,2017-09-11 00:00:00
3924ecb5e299e5fb70a6f38e34aa4c1a,4a223eaeee96be7f334e992863178d50,delivered,2018-08-03 16:58:12,2018-08-03 17:10:19,2018-08-08 14:01:00,2018-08-13 16:51:50,2018-08-29 00:00:00
d8460f226ff46cc80847aa244ac3d478,ec12b9273efd993bc45b74cf9765571c,delivered,2017-07-27 23:21:59,2017-07-29 02:30:34,2017-07-31 15:17:30,2017-08-04 18:04:50,2017-09-04 00:00:00
64a364c5de0cfda3d0621b433b516203,8c9b0172c7793cf0798ce58ee3bfb94b,delivered,2018-05-16 15:46:44,2018-05-16 16:14:39,2018-05-18 08:56:00,2018-06-05 17:56:40,2018-06-07 00:00:00
31f1be86be8795e41ef55b592873ae37,c3189548cd373b2d1f4d190e5008fe7b,delivered,2018-07-23 20:51:50,2018-07-24 10:31:38,2018-07-24 15:30:00,2018-07-30 20:16:20,2018-08-14 00:00:00
82ae1c851b481c7c7f6fbfdfb05e5131,a79a3128c32bbc4b1dddfd957d17b4ae,delivered,2017-11-27 14:39:18,2017-11-27 15:03:04,2017-11-28 23:32:21,2017-12-21 21:33:50,2017-12-20 00:00:00
9d9b7e26c7daa6c169b9cd3859930770,9cf2f5dd2bc0b6bd1b8d4f8b74335868,delivered,2018-08-15 08:53:27,2018-08-16 08:45:15,2018-08-20 09:52:00,2018-08-24 17:31:04,2018-08-30 00:00:00
264deac888717a54971fa3109f6709e3,82bd57d22e9cfed2a29cf955f3c743ac,delivered,2017-11-25 20:24:37,2017-11-25 20:36:26,2017-11-28 22:27:00,2017-12-08 14:33:51,2017-12-19 00:00:00
e7a8ad4c0e5f135b0e6502878f493e2d,40109dddc7ee8fca0fe65c044e1faf02,delivered,2017-08-31 17:56:41,2017-08-31 18:05:27,2017-09-05 18:52:20,2017-09-14 15:43:08,2017-09-25 00:00:00
2a903dd5e53423b47484fd2130e2b6c3,570933aa4c17cddbfa0ab5b071298689,delivered,2018-07-20 13:00:57,2018-07-23 15:31:57,2018-07-26 13:56:00,2018-08-17 15:14:19,2018-08-10 00:00:00
e79151590aa7ee3040361aa72796c4b4,084ae656b4e00a699f6f2ce1692c07e1,delivered,2017-07-13 11:24:43,2017-07-14 02:24:53,2017-07-14 16:45:46,2017-07-15 12:35:49,2017-07-26 00:00:00
b65162879a74ce2aeca593f3ca44cc82,fbc42f9ed93a277c32801fbf815fe9fd,delivered,2018-05-29 21:09:02,2018-05-29 21:35:04,2018-06-01 13:10:00,2018-06-08 18:29:57,2018-07-11 00:00:00
fd743a30d9c92e9f0b93a8733cd2039c,2771dda07bfea1c6adcd6319ae8ae62c,delivered,2017-08-25 11:32:19,2017-08-26 02:05:41,2017-08-28 19:56:38,2017-09-06 18:35:57,2017-09-19 00:00:00
eb450be758d33d276751d89ccb4b5b54,06ffd9960e9ec5811b24d8d5904a89d9,delivered,2018-05-11 19:53:19,2018-05-11 20:16:53,2018-05-15 07:04:00,2018-05-18 16:49:10,2018-06-05 00:00:00
103407760762721e1dbb7247b5f7c331,6ead49cdaaf1f5b7c003a60d336fce13,delivered,2018-08-08 14:22:09,2018-08-08 14:35:17,2018-08-09 12:11:00,2018-08-16 18:57:31,2018-08-30 00:00:00
7758cf0b4302587a9628d90b58d56dd8,5949ab038c2004d5045146bfbdd61467,shipped,2017-02-21 13:09:28,2017-02-22 03:22:33,2017-02-22 10:46:47,,2017-03-20 00:00:00
91d74caa280901d4fb685fede0703987,1bd6f39d750ca2f4807030b375a5513b,delivered,2017-08-16 11:39:39,2017-08-17 03:05:17,2017-08-18 14:33:54,2017-08-30 21:26:05,2017-08-29 00:00:00
67237faa0d1a15c51811b4888270a4c2,3bf49ff295a43e42c29f70b2b63f914b,delivered,2018-06-08 19:32:28,2018-06-08 20:53:05,2018-06-11 07:15:00,2018-06-15 10:55:52,2018-07-03 00:00:00
bbec914f0b66a98578b9d47f241ba92d,6b6ac61e207ee133ec0bc98a3d94077d,delivered,2018-07-05 11:47:08,2018-07-05 16:33:10,2018-07-07 00:02:00,2018-07-10 21:48:37,2018-07-20 00:00:00
3f9cdc88397ce0308a37483fb2f146c1,e14faebe244698de485170d9275badc5,delivered,2018-02-07 19:27:18,2018-02-07 19:49:29,2018-02-10 06:18:41,2018-02-27 18:51:49,2018-03-14 00:00:00
6b6e94314b51fb34f0f7724250d70914,26fc31b3e822e305474cacc185d399d1,delivered,2018-06-24 17:58:20,2018-06-24 18:15:21,2018-06-26 15:16:00,2018-07-06 17:30:46,2018-07-23 00:00:00
811aa634f1f023214663b65ce71832d1,efc408cda5ddce99cad68b8e2b141c88,delivered,2018-01-25 11:18:45,2018-01-26 03:16:53,2018-01-26 15:52:29,2018-02-07 19:18:58,2018-02-26 00:00:00
4a1cdb6acae789b7687bf12c6441949b,c0357ea4d9212b51cd537ce680f08d55,delivered,2018-05-04 13:26:36,2018-05-08 04:54:14,2018-05-11 12:53:00,2018-05-18 14:48:42,2018-05-30 00:00:00
a014df361e44d96998c820138fcd9ece,f6c2d6d91ed17d749ad0a5ffd23f710e,delivered,2018-04-18 10:33:40,2018-04-19 11:12:11,2018-04-23 23:03:38,2018-05-01 03:32:24,2018-05-16 00:00:00
b8817cf40f8cf861cbe022a3b0c61893,9882a8996f125bb658ee48be22c022c6,delivered,2017-05-09 18:31:27,2017-05-09 18:45:16,2017-05-10 11:23:40,2017-05-24 11:47:47,2017-06-06 00:00:00
1dea8bb55507de40f0a05504ebc1bc7a,c40f713c1e6d79a3f857aa3689b26f1c,delivered,2017-07-19 19:37:58,2017-07-21 02:55:38,2017-07-24 17:12:16,2017-08-10 09:30:11,2017-08-18 00:00:00
9aee4ebad2ec4e0ac243cfd62de682e7,cc17e813b63c679d370ab359fc852e26,delivered,2017-03-19 08:00:10,2017-03-19 08:00:10,2017-03-20 10:38:13,2017-04-05 17:09:43,2017-04-10 00:00:00
d59d8415ba3a51ac2edc13616065868e,a7f39661552152d1c00359ad2fb5fb48,delivered,2017-09-25 09:22:45,2017-09-25 09:35:15,2017-09-25 18:46:29,2017-10-06 18:42:32,2017-10-19 00:00:00
9bd5ab93fc163dd17a9d531c39806e05,35fd6066756cc7d4d5e5d456fecc8422,delivered,2017-09-27 21:06:52,2017-09-27 21:14:23,2017-10-04 15:22:41,2017-10-16 22:49:03,2017-10-23 00:00:00
5f88deb3b305ef3a9060b25c62d01bb2,dc4b52f60677215cb7eb507cb82f3976,delivered,2017-12-21 10:42:38,2017-12-21 10:52:31,2017-12-22 19:07:00,2018-01-03 18:53:13,2018-01-18 00:00:00
2f803c32f469729b9a81a120bcf74567,ecccf01a5732bcd6e1cbe1e0a7157366,delivered,2018-05-25 20:26:15,2018-05-25 20:35:20,2018-05-28 14:20:00,2018-06-20 16:08:51,2018-07-12 00:00:00
5f21071bb4421ccceaf3ae565558f63f,e3116c1fe9def22e8ddb95c6901aaefd,delivered,2017-11-04 09:29:36,2017-11-04 09:46:24,2017-11-08 19:08:58,2017-11-21 21:47:04,2017-12-05 00:00:00
63ae84a9387b93ffa05dde71794f61f9,cb2931ea3f789f27dae36f4f94e6c86b,delivered,2018-08-12 21:11:28,2018-08-12 21:25:16,2018-08-13 17:57:00,2018-08-17 18:04:37,2018-08-23 00:00:00
e82e8e5dfb4288f8cb62bd9b46a4c8e6,bba0c954a4b69a8bd33cb47b27e34d29,delivered,2018-04-06 20:23:43,2018-04-06 20:35:08,2018-04-09 23:41:40,2018-04-12 01:32:44,2018-04-23 00:00:00
ede7b5524ebd1997c2b828352f3e0f24,3715c330013d1ed016d2625f834267b7,delivered,2017-10-24 11:13:38,2017-10-24 11:29:33,2017-10-25 15:42:33,2017-11-03 10:52:55,2017-11-23 00:00:00
fc965b1e986dea6cd20ac94c50878a75,b04f3618968faccdf40501b5798e66bc,delivered,2017-11-24 19:40:07,2017-11-24 22:39:23,2017-11-28 00:03:46,2017-12-22 18:48:01,2017-12-19 00:00:00
0c40894addb46fce19ca6ca1f11d9bff,30ff74ba6ed04c0069481436021bc4aa,delivered,2017-11-29 09:39:20,2017-11-30 02:34:29,2017-11-30 22:59:04,2017-12-01 20:53:19,2017-12-13 00:00:00
6c638080e010689db7a95bf97fc18727,ae9dcbe30bd251c9b90cad95ef84a150,delivered,2018-03-07 15:54:57,2018-03-07 16:15:34,2018-03-08 19:24:31,2018-03-13 17:51:47,2018-03-28 00:00:00
0b573ab05f5976a357a60e0d981b4327,5cb31e4d889afd369634b4d045403645,delivered,2018-03-21 15:37:53,2018-03-23 02:15:51,2018-03-27 02:28:48,2018-03-27 20:08:49,2018-04-03 00:00:00
4f1948db278b553e701c7930ee85cb8a,70ad007674b8e65f57884f8deed264ee,delivered,2018-05-17 21:55:13,2018-05-18 02:55:15,2018-05-21 14:49:00,2018-05-24 00:28:47,2018-05-25 00:00:00
87e7c081b88206fe9809796ba4e0ccbe,0d2566797e71fc574d9d997f29242936,delivered,2018-04-08 16:01:55,2018-04-08 16:15:18,2018-04-09 18:55:28,2018-04-19 18:08:26,2018-05-02 00:00:00
0ff30e9eb2b70b51c2788ec38f266a0e,9ffac27bdbe0a590cb5233d1d8442271,delivered,2018-05-11 07:08:35,2018-05-15 04:34:57,2018-05-16 10:55:00,2018-05-18 19:08:44,2018-05-23 00:00:00
ad3989d776d90e85011ba488a267f5a0,3e0a38788f7d59deb1f826cad1aa35a9,delivered,2017-07-18 08:33:32,2017-07-18 08:45:12,2017-07-28 20:36:24,2017-08-09 13:10:31,2017-08-15 00:00:00
df9cda79de3c1e888f839780ae7b2706,dde388ccd1b81511edd5cbebe81aef1e,delivered,2018-02-19 19:14:35,2018-02-20 19:05:35,2018-02-24 18:13:19,2018-03-01 18:36:00,2018-03-14 00:00:00
5404828155a6ed66ac6bb53e05525d39,85f811b6af8146949931a11913719763,delivered,2017-09-19 18:51:06,2017-09-19 19:04:16,2017-09-20 19:49:57,2017-09-25 20:36:51,2017-10-10 00:00:00
6ef0679f937afb1cb20c8cab157f6f9a,db27297d513bc9f50d255ee7b7ee8cd6,delivered,2017-12-27 17:05:32,2017-12-27 17:12:22,2017-12-28 19:06:03,2018-01-03 17:12:32,2018-01-29 00:00:00
9b9993961d216f751b2b4cf2c85e1e85,e7c0ba41633ed69bf435337a8efc0c7e,delivered,2017-06-08 20:16:48,2017-06-08 20:25:14,2017-06-12 17:02:58,2017-06-19 19:16:37,2017-07-14 00:00:00
a44f35f58ca5ab5e5cf7fe66ffe9097a,02f0b823e1d7f9b63b25092db3208bdf,shipped,2017-12-12 18:26:57,2017-12-12 18:37:24,2017-12-15 00:14:57,,2017-12-29 00:00:00
042167409734e42b253083768c865409,655ca3d2f2feab46c63fea64f8a20ead,delivered,2017-12-06 19:48:16,2017-12-08 19:36:23,2017-12-13 17:15:45,2018-01-13 01:11:43,2018-01-11 00:00:00
36b53be88597f8fc8af05d1a35c0dc45,ec3032c0af9490ab5427a43ac0b0c426,delivered,2017-12-14 20:07:31,2017-12-14 20:18:34,2017-12-22 23:09:55,2018-01-09 14:04:47,2018-01-11 00:00:00
a4ec449685a17c13a7713a7dde31fba2,b286608a091dbc7a23c81fdd776d041b,delivered,2018-04-25 12:45:10,2018-04-25 12:55:32,2018-04-26 06:20:00,2018-05-03 18:36:42,2018-05-28 00:00:00
cb83b3b35a2362f3a560b69d959b6732,3ba6d2206dc4ca27f2bf1bae891c5cdc,delivered,2018-03-07 11:12:14,2018-03-09 03:00:34,2018-03-09 20:18:45,2018-03-16 20:28:44,2018-04-04 00:00:00
0ab82628350881eff00a09a3a0c73970,ab5b237c2d936d6bc9e7c7ad3d51bc11,delivered,2018-02-23 09:15:18,2018-02-23 09:29:36,2018-02-23 21:22:44,2018-03-09 17:54:39,2018-03-16 00:00:00
9e4d464ffd49d8042318b1f24cb6005e,673560cc159eac21c63a171e1afc39b1,delivered,2018-06-03 19:08:50,2018-06-05 03:49:57,2018-06-05 15:50:00,2018-06-08 22:32:01,2018-07-17 00:00:00
ce9348af8cd4c5166a650a1c840f2b28,c4825518503be8ab4843ccce8e856814,delivered,2018-01-17 08:14:57,2018-01-19 02:37:54,2018-01-23 19:58:50,2018-01-29 16:44:49,2018-02-15 00:00:00
094e2ca5a39bcc45b4077867bf5dbdff,157f5b7306ffe878d158e6ae05a859b2,delivered,2018-02-08 14:05:26,2018-02-08 14:15:45,2018-02-16 20:24:05,2018-02-22 18:04:28,2018-03-06 00:00:00
56ce3873eb6d633a47581ec221f50a65,788c3086fc4d0f220fdf77bcb1b0780f,delivered,2017-08-06 18:41:21,2017-08-06 19:20:13,2017-08-08 13:35:52,2017-08-17 14:47:40,2017-09-01 00:00:00
757a2790de00320b5025c522b180baf2,e7f8bbcad4cabbfca64780b831dbed30,delivered,2017-10-17 12:33:34,2017-10-17 12:49:18,2017-10-17 18:32:36,2017-11-17 19:46:38,2017-11-10 00:00:00
1ef3f20960d2c64d49f7154f3fd63a43,40ad2ed5cffb7e8019dd02fa0af921b2,delivered,2017-07-10 13:53:16,2017-07-10 14:10:13,2017-07-11 22:51:27,2017-08-15 20:53:03,2017-08-01 00:00:00
49e7180375786af0f0ba3d10aa233bd7,27979ba7ae1cbfc1a30aa9292b7cb1ec,delivered,2018-01-30 19:08:33,2018-01-30 19:28:53,2018-02-06 23:11:58,2018-02-15 17:52:01,2018-03-05 00:00:00
2f44c5c933e193467d596a00b18fbca7,a69cbe2a4ff0356a87a6de672b2f7b58,delivered,2017-11-24 10:40:17,2017-11-28 03:43:52,2017-11-28 19:57:59,2017-12-08 20:22:21,2017-12-19 00:00:00
5d3a8d8e8b6ececb6cecca1da56f46fc,4272c6ce1a89b920614cbec367be628c,delivered,2018-06-28 10:29:06,2018-06-28 10:50:23,2018-06-29 11:49:00,2018-07-05 22:08:23,2018-07-23 00:00:00
e086bc3dec55562863dd1d2f850e750b,3a8fd1f592165bdcfa20f72846201af9,delivered,2018-01-01 14:06:06,2018-01-03 04:31:37,2018-01-04 18:10:34,2018-01-11 15:26:14,2018-01-30 00:00:00
41a9892d27af50019d56c037a3256cab,93235e8f5e5eabc3b0cd61787f5a3f5a,delivered,2017-09-06 22:28:42,2017-09-06 22:43:24,2017-09-08 20:04:08,2017-09-18 19:07:49,2017-09-28 00:00:00
5f8692d4a41e2be3cf2a61b57cec915b,5010642b01c0abd1f03aa3f22748b782,delivered,2017-05-31 21:16:25,2017-05-31 21:30:24,2017-06-02 10:57:53,2017-06-12 14:46:58,2017-06-23 00:00:00
ecaccc93dddbfc205d1fcdd18acf5933,8e97a6ba3c70449dfc931be3e148b68d,delivered,2018-02-03 23:16:43,2018-02-03 23:29:56,2018-02-06 16:13:53,2018-02-08 20:50:54,2018-03-01 00:00:00
6a8f2976398f920ad337da439b22b202,65444b44c0f0ed4a08ee0ad501974b39,delivered,2018-05-12 10:53:41,2018-05-12 11:14:05,2018-05-14 15:12:00,2018-05-15 18:32:55,2018-05-24 00:00:00
7f8df73aeab603648dec28a5f6cfadc3,90f0014eb4ff7a436c6505ac7dfe2a27,delivered,2018-02-16 13:56:28,2018-02-16 14:10:30,2018-02-21 20:09:02,2018-02-27 11:39:12,2018-03-13 00:00:00
dde5ba33adc988d0007371756995fb3d,ace2349c75d0d1f4341b739db664248e,delivered,2017-08-20 19:20:05,2017-08-21 19:25:38,2017-08-22 18:34:11,2017-08-29 17:16:06,2017-09-20 00:00:00
f5c5b9b21c9e6cf7fd83d3a386607760,1164a980b6dee0683ced648a79ab761a,delivered,2017-11-10 14:59:15,2017-11-14 03:46:34,2017-11-16 19:04:57,2017-11-24 13:48:51,2017-11-30 00:00:00
c47b98a258cc2ebd4fd9db5e38a1b5fa,3e2fe6f0fa65fc4802dc9b29141f3a07,delivered,2017-12-12 07:57:22,2017-12-14 02:14:32,2017-12-14 20:21:55,2017-12-20 19:52:46,2018-01-15 00:00:00
72d78d466fc73ada5f9cc332c9beeedc,4039e92b7690e25133678378b7b8e6ad,delivered,2018-04-24 19:52:47,2018-04-24 20:10:32,2018-04-25 13:58:00,2018-05-05 14:38:30,2018-05-14 00:00:00
a04fe1cdb84761d8bed127686c65e405,c477a25b31dbb1ba3286fa3a3db6aa79,delivered,2017-04-13 12:44:32,2017-04-13 13:05:46,2017-04-19 15:58:18,2017-04-27 17:14:35,2017-05-11 00:00:00
9b9d21b1dc1050dc96db48854b488091,5373b64971a41341083baa1754460712,delivered,2018-08-15 19:33:04,2018-08-15 19:45:16,2018-08-20 13:23:00,2018-08-29 12:58:57,2018-08-29 00:00:00
bf19fcb92a3fa591bed19dc3c25297f0,1ff57cca2f72bc2fc67a3667950261ba,delivered,2017-05-29 15:49:02,2017-05-29 16:03:01,2017-06-01 15:18:35,2017-06-14 13:54:07,2017-06-21 00:00:00
fda5c50c453838651054465df87d595b,891127420859c1e1adc8991655549054,delivered,2017-12-04 20:45:39,2017-12-04 20:58:31,2017-12-06 02:32:52,2017-12-14 01:13:02,2018-01-04 00:00:00
f9e25e45bfe3cec5f375d833da7ee626,e1da9280fa6ef16ea9b49d9f0aeb279e,delivered,2017-11-24 13:31:46,2017-11-24 15:53:50,2017-11-27 17:28:52,2017-12-05 18:27:46,2017-12-20 00:00:00
d591675818376797a7a3b0d42c9241fb,6123f7544eaf097f5030823e1a7583e8,delivered,2017-05-15 17:15:56,2017-05-16 03:42:43,2017-05-16 13:13:35,2017-05-28 07:12:08,2017-06-06 00:00:00
91fbaf43eacf41ac78b17d7b7ff38156,a96bef626f62b1c5a027f808cd0e4198,delivered,2017-07-26 15:32:56,2017-07-26 15:45:18,2017-07-27 18:33:25,2017-08-01 23:06:40,2017-08-17 00:00:00
963258c35a8f30e4ab41bb49c4e493c7,f6eacc4b1de6e9b5187151afed99c320,delivered,2018-01-16 16:12:09,2018-01-17 03:38:42,2018-01-18 12:21:53,2018-01-19 18:23:03,2018-02-01 00:00:00
0713892246596f649555ebebe57a9a7b,012413f25e1a3f143b2001198e916594,delivered,2017-11-03 19:23:19,2017-11-03 19:35:22,2017-11-06 20:18:45,2017-11-14 19:03:30,2017-11-23 00:00:00
a7087dc75317cad3db08ed7830b09723,b52571e9628f7136123230bf6d3ad7f1,delivered,2017-08-28 10:37:55,2017-08-29 05:32:02,2017-08-31 19:25:27,2017-09-05 17:51:59,2017-09-19 00:00:00
5c63162ff15f6e39ca02c3dbc82ecf65,d27812f504d4415e126b6fba33f631d0,delivered,2017-10-13 22:30:31,2017-10-13 22:45:31,2017-10-16 18:05:17,2017-10-17 14:03:04,2017-10-25 00:00:00
cdc5c73d13831406606c28ea88d86ae9,457c8245390b1ced9adff0627ef06543,delivered,2018-01-06 13:03:06,2018-01-07 14:17:22,2018-01-08 18:56:30,2018-01-13 01:13:01,2018-01-31 00:00:00
a412fcc423174e5405df95cc482dba6a,dd265b228bcddbbb6142d6e9298da605,delivered,2017-11-14 15:39:37,2017-11-14 15:51:06,2017-11-16 17:29:07,2017-11-21 22:46:48,2017-12-04 00:00:00
968a408760f771cab3ce5db012e90a1f,e8ad8f13ce5567d53c2bcef7811c33b8,delivered,2018-03-10 22:58:30,2018-03-13 05:47:58,2018-03-16 18:25:38,2018-04-20 20:32:48,2018-04-12 00:00:00
8eaff5985d99ef7dd4578cbdc31b430f,b103962ee4a8e3cc9179412767a34d4c,delivered,2017-04-25 13:27:31,2017-04-25 13:42:18,2017-04-26 10:41:29,2017-05-11 11:26:43,2017-05-18 00:00:00
b44f8d3569ffd7ae6a83002aaf061b98,5c13ef4a096ac39db6bc827024b66542,delivered,2017-10-18 20:52:43,2017-10-18 21:56:21,2017-10-23 18:13:02,2017-11-14 12:39:49,2017-12-01 00:00:00
baa8610afcede477008f6d832c7c7c86,e6b779441e26a77ec665c63dc45363ec,delivered,2017-08-09 08:27:59,2017-08-09 08:43:15,2017-08-09 18:32:50,2017-08-22 20:45:31,2017-09-06 00:00:00
afef03e9561e4321c46c94c6df9c6827,9ea39e2ec7b823ba5deb2c903ecd6d1e,delivered,2018-06-29 09:45:06,2018-06-29 21:50:29,2018-06-30 08:41:00,2018-07-09 19:48:49,2018-08-01 00:00:00
b2f92b2f7047cd8b35580d629d7b3bfb,1cbeb91a58bd89ee2df1bc32f3311209,delivered,2016-10-05 08:04:21,2016-10-06 15:57:10,2016-11-11 07:31:31,2016-11-17 16:23:47,2016-11-25 00:00:00
f9772fe1819ff19a370a234d7697b841,3ad90b7197bb5232ec6d5a13be93354b,delivered,2017-07-29 09:08:08,2017-07-29 09:23:29,2017-07-31 19:13:01,2017-08-01 12:27:01,2017-08-11 00:00:00
31282ee0054022835d9fcedb4efaee01,86e7fdb61f1420ad74c33dcfadd833fb,delivered,2017-05-02 14:10:14,2017-05-02 14:22:53,2017-05-08 11:43:12,2017-05-11 11:46:56,2017-06-21 00:00:00
3598211db755ee86a39eb09bbb4d4365,87c30aea9a70444630a33baa379017a6,delivered,2018-01-11 14:11:47,2018-01-12 11:29:43,2018-01-12 23:53:46,2018-01-25 18:26:44,2018-03-02 00:00:00
8e9168f5b8cbf3a8e5d2f6767cefa724,32dee19a706a627011743dd7c54f3c35,delivered,2018-03-27 22:00:22,2018-03-27 22:10:26,2018-03-29 22:41:55,2018-04-07 00:48:41,2018-04-13 00:00:00
effac4ec58d76962fb4ffbee25d18215,3472d285196e1db5246524096e7fd618,delivered,2017-07-08 21:39:03,2017-07-11 03:50:19,2017-07-11 17:20:00,2017-07-25 14:33:24,2017-08-14 00:00:00
79ffdd52a918bbe867895a4b183d6457,f9808148a262b51d20e2d777eee6676c,delivered,2016-10-04 12:06:11,2016-10-04 12:25:20,2016-10-25 14:16:48,2016-10-26 16:41:21,2016-11-24 00:00:00
194a9f43598155086b091e0c827ad480,ceecf302e4a8a4018810a27e9501d422,delivered,2017-02-12 19:08:25,2017-02-12 19:15:12,2017-02-14 14:05:21,2017-04-13 08:29:43,2017-03-14 00:00:00
cb0cb26c017d2cfb4e9ed39cd6ee9fa2,d9f56101970c3a221469e5fc2f270c34,delivered,2017-09-04 21:58:15,2017-09-04 22:05:43,2017-09-06 19:54:57,2017-09-18 18:21:44,2017-09-28 00:00:00
6d2cb1a61d735811e501bb71b6dd9c35,4d6a4d801f7f07fd8e3f52f34d5b41fc,delivered,2017-02-10 17:44:00,2017-02-10 17:55:20,2017-02-13 13:39:42,2017-02-20 11:48:59,2017-03-13 00:00:00
05c32a488871489caad8b008dc77b890,26c9b7152117d1360ba0453bc796dc2e,delivered,2017-07-23 15:26:19,2017-07-25 03:50:25,2017-07-27 16:44:20,2017-08-10 20:49:55,2017-08-24 00:00:00
a012081ae7cc2159673399ef664ed7fe,bd3235c8b16f3eef2bab89dd3bce20ce,delivered,2018-04-25 12:26:29,2018-04-25 12:35:22,2018-04-25 14:02:00,2018-05-03 23:33:54,2018-05-17 00:00:00
47e488415ce9fda6fee06ab849f35ec0,e9e92bb69da148861d99774aea4209b7,delivered,2018-02-12 11:51:40,2018-02-12 12:05:33,2018-02-14 18:06:01,2018-02-20 18:37:38,2018-03-08 00:00:00
917d8097fb3b7051788e281616e20659,dfa50f00a7e926894dec66844109a59f,delivered,2018-06-09 20:01:54,2018-06-12 04:57:16,2018-06-14 10:56:00,2018-06-18 22:10:59,2018-07-05 00:00:00
39e3311579afb8c467eac9a76b7e8561,1c62440cda77a9850bf3e546d3518c7d,delivered,2018-01-18 13:36:21,2018-01-18 13:53:05,2018-02-06 14:39:31,2018-02-15 15:07:09,2018-02-09 00:00:00
2e604b3614664aa66867856dba7e61b7,6bc8d08963a135220ed6c6d098831f84,delivered,2018-02-03 19:45:40,2018-02-04 22:29:19,2018-02-19 18:21:47,2018-02-28 21:09:00,2018-03-22 00:00:00
04eafa8a91ba0d51dc0c193bb67afc87,6b63f5ef5bfc6d4989c9a07d5513d154,delivered,2017-11-26 01:02:57,2017-11-26 01:15:24,2017-11-27 17:32:02,2017-12-06 16:42:50,2017-12-20 00:00:00
4d2e19ae56a1a07f7e506913229d76fa,368cde2b50c8d9b3f6eb285f544de77c,delivered,2018-02-12 21:18:43,2018-02-12 21:30:30,2018-02-16 02:47:25,2018-02-26 22:48:45,2018-03-12 00:00:00
ec2849a3e5771d9f27e2158628b8fc62,ef4e1b85f2e0f761bffceb7b510b532b,delivered,2017-06-12 21:43:36,2017-06-12 21:55:23,2017-06-16 18:22:55,2017-06-23 13:02:48,2017-07-05 00:00:00
f77c5146e7248e3ce7934c1a2396ee70,8cf4d011190096e3e13d34a6cee42bd5,delivered,2017-07-06 18:23:33,2017-07-08 03:25:30,2017-07-14 20:03:29,2017-07-21 18:08:45,2017-08-11 00:00:00
8aed297dafaae7e8244ea765fd3592a3,5e5b442d4eb29101eaee6a9efe25c840,delivered,2018-08-19 22:38:41,2018-08-20 13:50:02,2018-08-21 11:30:00,2018-08-24 23:14:23,2018-09-11 00:00:00
6170e7d09524ad908eea19146523706e,9b4f8a6fef490a9dc955483425c60e16,processing,2017-10-16 19:46:51,2017-10-16 19:56:22,,,2017-11-01 00:00:00
25f3f0ae63b48a081e219325f1d4df84,bbb555d3e572820b99a0469b147228b5,delivered,2018-05-27 21:35:39,2018-05-27 21:51:28,2018-05-29 11:20:00,2018-06-13 18:32:00,2018-07-13 00:00:00
08a9634db941b72179ed30feeaac2541,bd6716dadc80ab513e5ef67fc53e6934,delivered,2017-02-27 15:07:11,2017-02-27 15:21:54,2017-03-02 13:49:05,2017-03-06 07:14:00,2017-03-20 00:00:00
2fe96ee292d9f7a92740785a276d2de1,df95b8f390d3ee2f7c0b7785a6e1f5c0,delivered,2017-06-15 18:52:58,2017-06-16 13:25:19,2017-07-06 15:22:04,2017-07-14 16:24:54,2017-07-12 00:00:00
444928c349bed18bd960cf50ac772e7c,9e78b597f0130477ef444251e93b5298,delivered,2017-12-11 08:42:59,2017-12-11 08:50:28,2017-12-12 18:32:10,2017-12-19 16:23:33,2018-01-04 00:00:00
deefddac1368fc8231f1db9657f5d69d,a5b68a10e087c33ad9b0736f87013735,delivered,2018-01-21 16:37:23,2018-01-23 08:15:52,2018-02-07 15:13:36,2018-02-14 18:59:41,2018-03-05 00:00:00
8366eb6d45f021bc51cd0ab247697fd8,ecc9d1e0b9028c358a230d765d23332c,delivered,2018-04-08 23:56:02,2018-04-09 00:10:02,2018-04-12 21:34:32,2018-04-30 20:08:38,2018-05-21 00:00:00
3981a5c8c4dbdfc725c00d6f464d852d,6724a6cae17ace276a06cc89e89fc33b,delivered,2018-07-13 20:48:50,2018-07-13 21:04:33,2018-07-17 06:30:00,2018-07-23 18:04:36,2018-08-01 00:00:00
4ee4f0e0b56bda44d48cac579f3c5908,ea67add1182b56661cfc447886723214,delivered,2017-03-20 14:18:36,2017-03-20 14:18:36,2017-03-22 07:41:54,2017-03-30 09:33:22,2017-04-10 00:00:00
6d0da5add693d625079fa8fdf40967d6,c6d834527ef04cefed15fc9bf3bbdb7c,delivered,2017-12-26 14:20:25,2017-12-27 04:07:45,2017-12-27 19:17:01,2018-01-11 00:26:54,2018-01-19 00:00:00
4af3b706b2f143642fdfb7c219649890,d7416e9404dbd973c5e83cf2d0e6cea2,delivered,2017-06-05 22:38:03,2017-06-06 22:45:18,2017-06-09 07:13:30,2017-06-14 12:15:33,2017-06-28 00:00:00
4e71292813192531d46de4a94b8ba881,9bf26789347373fdee54ca67f973cf29,delivered,2018-02-07 22:46:48,2018-02-08 22:50:29,2018-02-09 17:14:59,2018-02-15 00:28:51,2018-02-26 00:00:00
f0691b76292c349ef0ebe7e30b7b2823,4c3f41eb599693acdaaf7dabf75cc6ae,delivered,2018-07-04 10:04:42,2018-07-05 16:06:19,2018-07-06 10:51:00,2018-07-09 18:41:37,2018-07-24 00:00:00
04011f820bf820fa27cf4cc1fc06d3be,512ab098fa4d12ef6885a8ccedc02eaf,delivered,2017-10-23 12:48:12,2017-10-23 13:06:25,2017-10-23 20:28:49,2017-11-23 23:10:00,2017-12-12 00:00:00
2fdbce55deb01ac3ebbb397d65d2b9b3,073d2959178dec403eb31e95d52d473d,delivered,2018-01-09 19:42:30,2018-01-10 10:32:00,2018-01-10 17:21:56,2018-01-18 20:26:10,2018-02-07 00:00:00
c177f5a6ca27ad47cffbbcddbb6abee8,c2f8619be9ba2bf5949980be6ea9ac71,delivered,2018-08-22 19:54:03,2018-08-22 20:05:16,2018-08-23 16:01:00,2018-08-30 19:03:12,2018-09-04 00:00:00
b0ef0058ac844b1e34ee3a8c396a21d8,0c96336240a1d7290a3d3b60198c6a96,delivered,2017-07-19 01:08:24,2017-07-20 01:15:20,2017-07-21 21:42:21,2017-07-31 16:24:05,2017-08-17 00:00:00
5850a159b783424b168c438678b6cc61,d8026fd77d007821d7adceaf8cdf205f,delivered,2017-08-07 18:38:22,2017-08-09 02:45:38,2017-08-14 23:21:48,2017-08-17 18:34:24,2017-09-01 00:00:00
d407f6aa0355a8c511f0bbcf52259730,1f479b1d550f8519d3f950fffa557af9,delivered,2018-08-20 09:52:41,2018-08-20 14:51:17,2018-08-21 13:03:00,2018-08-24 15:15:35,2018-08-29 00:00:00
c5fb461f4d5a4b5457fd3029e1d1543a,2d2dbabf96416a7a0ffbd16659697a9b,delivered,2017-11-25 00:16:52,2017-11-25 03:11:30,2017-11-27 22:22:04,2018-01-10 20:35:09,2017-12-27 00:00:00
fc8088acbc3136f9baf41c1d43d2599d,f993b7c11e80272c74bed809d3671a7c,delivered,2017-09-25 17:54:01,2017-09-25 18:10:13,2017-09-28 19:26:49,2017-10-09 18:17:55,2017-10-23 00:00:00
5a409b9e0ab85bdafd5a5b75f4571b7a,23c6c63704f7efd494d4d77561cdf602,delivered,2018-04-16 20:28:54,2018-04-16 20:51:34,2018-04-17 17:12:45,2018-04-19 17:24:52,2018-04-26 00:00:00
708d24301975cd5be16d65c280b4b2f0,be2e3eed1024642d2ed3d69cdd80959e,delivered,2017-07-28 12:16:33,2017-07-28 12:30:15,2017-07-31 23:25:51,2017-08-08 19:15:14,2017-08-23 00:00:00
8c96e8114dc36ac1a6e1524a8ad514de,cd6c72d5cf170f3b0a80de4c6e087303,delivered,2017-12-06 18:42:31,2017-12-07 03:14:21,2017-12-08 23:51:57,2017-12-21 09:43:33,2018-01-04 00:00:00
af912be10bef7ce49f288385afc1717b,cb4af6aa5b3fffa0d566e3b6beb702a8,delivered,2018-05-17 14:31:50,2018-05-17 23:31:21,2018-05-18 13:36:00,2018-05-24 20:16:50,2018-06-01 00:00:00
5ec17d5853c4bad3b18adb6778b3ac0d,8bc1170e90f388332edae6f23c388d38,delivered,2018-08-07 14:36:35,2018-08-07 14:50:16,2018-08-14 14:09:00,2018-08-15 17:03:37,2018-08-15 00:00:00
3d62214bc821ec54aac1a2e240b42650,bf66bde8b6fef4caee9c8115c25693e1,delivered,2018-01-22 08:45:18,2018-01-23 11:10:51,2018-01-26 20:03:24,2018-02-05 20:17:54,2018-02-20 00:00:00
9bca900557a01da7a51779dd1d2326b9,5bf8cb17e2d092cd21bcf379f734b93a,delivered,2018-04-10 22:11:58,2018-04-10 22:29:35,2018-04-11 21:48:48,2018-04-17 20:51:39,2018-05-02 00:00:00
c45bac21efb8f0856af311a0f8d67695,965c92c8332f6580e2ddba1564f1445f,delivered,2018-03-23 11:59:35,2018-03-23 12:15:38,2018-03-27 00:48:43,2018-04-20 00:03:43,2018-05-04 00:00:00
3584d2b8b46935e835424180bcc17702,9aa94371a681279abc010cc5ed7ed4ea,delivered,2017-05-04 17:25:45,2017-05-04 17:44:27,2017-05-10 09:54:40,2017-05-15 07:37:46,2017-05-26 00:00:00
2c990009034e1fc83904584b26b5fd25,6e568303db60ca2bb3aec0b1f9183492,unavailable,2018-07-18 09:52:46,2018-07-18 10:05:20,,,2018-07-26 00:00:00
eba78f5ad48cd2dc7f836491fd62e335,f4e7ab7598cbef510a638a6068fbc56a,delivered,2018-04-12 17:54:28,2018-04-13 17:31:33,2018-04-19 15:41:23,2018-04-27 16:02:35,2018-05-11 00:00:00
48d5b6816e1f11f1272000b4af1fd7ed,6efe6238680c57d7c67367acf30bb2f0,delivered,2018-08-14 23:20:29,2018-08-14 23:30:21,2018-08-15 13:33:00,2018-08-20 20:58:39,2018-09-10 00:00:00
a8b7e67dfcd176f45fc9e278adec1917,c6cf92ed54527447bd0e5848e33c65b6,delivered,2017-08-17 15:08:58,2017-08-19 02:15:33,2017-08-22 21:18:01,2017-08-31 17:55:06,2017-09-19 00:00:00
8f8667e94ac7adf9edca104f92c97bcd,24da4ce30940cad28575b38a389b9388,delivered,2017-05-05 12:18:55,2017-05-05 13:05:46,2017-05-11 15:08:22,2017-05-15 14:13:30,2017-05-26 00:00:00
a2773e1bc198e397853da179908a5724,630faf8ff0f9e9c6fd9c6033a9f94d95,delivered,2017-12-23 15:04:03,2017-12-23 15:14:26,2017-12-27 20:15:32,2018-01-06 00:27:14,2018-01-24 00:00:00
bf737c2aafd98353171a777c526656df,fb0153959477d7ea9b59c4a8c4486c17,delivered,2017-05-21 07:59:20,2017-05-22 20:55:19,2017-05-23 15:47:22,2017-05-30 12:03:23,2017-06-13 00:00:00
70ff94aa6a317bfb3ab751f7abac108a,96642d524742c5e6caf3ca1c9e4f37f0,delivered,2018-02-20 18:07:15,2018-02-20 18:25:35,2018-02-22 01:19:24,2018-03-09 23:46:37,2018-03-29 00:00:00
88d3ffbd9471d0ba780fd0370a0d7892,773b672fa164724437f6e8b82b6e0f06,delivered,2018-07-05 16:50:26,2018-07-06 16:51:17,2018-07-13 11:18:00,2018-07-26 20:54:27,2018-08-07 00:00:00
da84a8216703f542bc03d93c9394d9b1,7912cef0fe56d9bd9ac8b45baec145bb,delivered,2017-08-06 23:34:48,2017-08-06 23:55:18,2017-08-07 18:27:32,2017-08-16 16:25:30,2017-09-04 00:00:00
9d7a3ee5e3aeb43589c049d8940e9ba9,bba6bda10abbe401624c67e199e58e0a,delivered,2017-03-23 19:30:57,2017-03-24 19:35:09,2017-03-28 19:05:36,2017-04-03 16:23:51,2017-04-17 00:00:00
773f048245dc975a5f7c67c2415c88a0,1ad8bdb3f2f3403ef79ad8d80dc8d425,delivered,2018-01-24 16:45:34,2018-01-25 16:37:31,2018-01-26 18:22:07,2018-05-30 16:56:49,2018-02-23 00:00:00
5ced3c3a76ef7d2ab6b014b379d414fe,3f9cf90712425af96d7d55fc6c08d450,delivered,2018-07-30 22:03:49,2018-07-30 22:31:32,2018-08-01 09:40:00,2018-08-06 15:28:35,2018-08-07 00:00:00
27cccab59c02b5c742ec003898dfabec,c2cd75f49d23793dcf0bb6cd84af4832,delivered,2018-07-23 10:31:16,2018-07-28 23:31:04,2018-07-24 14:57:00,2018-07-31 00:11:37,2018-08-09 00:00:00
11b7adfd63537ace6ab5ede1feb62610,1d50ef713093771ec10c3ba611db3afb,delivered,2018-06-26 08:08:04,2018-06-27 08:30:51,2018-06-27 10:16:00,2018-07-03 22:36:33,2018-07-17 00:00:00
eeca9f5d045896f3545298cf7a55f101,ea85434d6eb8e8b3acb85291385bc410,delivered,2017-11-28 15:11:25,2017-11-28 15:19:41,2017-11-30 18:09:46,2017-12-05 14:11:41,2017-12-19 00:00:00
19e2a5909c8b0167ecbe280ecf35112c,a48570e816dd8d8a313d075e5cb0dfcc,delivered,2017-11-28 07:56:28,2017-11-28 08:11:26,2017-11-29 21:09:06,2017-12-08 23:35:01,2017-12-18 00:00:00
cb61ea3467956c7b83c342c1cc488364,682ada82d00f8a8f7c766f10b6f641dc,delivered,2017-09-09 14:37:13,2017-09-09 14:50:23,2017-09-12 12:22:46,2017-10-03 16:33:50,2017-10-09 00:00:00
ff2e9b2298b4e147dd0e57c182d42528,44b854aca157538bfd8e60c02877f887,delivered,2017-09-02 17:37:45,2017-09-02 17:50:20,2017-09-04 23:57:35,2017-09-13 16:07:48,2017-09-21 00:00:00
0de497b1f069927c15c241a833bb67d0,49a385b4c7bfe2a0c2e12220bb169dab,delivered,2017-07-11 11:56:29,2017-07-11 12:23:45,2017-07-14 17:51:37,2017-07-26 18:43:53,2017-08-04 00:00:00
c3a071b5ca0f9c693c5276d4dcf7fdcf,2b7b9574c7e5ce266ee57ebd7a5ca094,delivered,2018-08-22 18:32:39,2018-08-22 18:45:09,2018-08-23 13:10:00,2018-08-27 14:58:29,2018-09-11 00:00:00
2e92b6acae58342ffb8861708b8c8270,8bc779ff1fc9e05ab2c0e81a27953832,delivered,2017-03-26 16:44:07,2017-03-28 03:43:49,2017-03-29 15:05:12,2017-04-05 10:19:05,2017-04-18 00:00:00
5c4190a9ffe4e2a2b5355ab764c1cabf,be9844ed6239f8ba16b4b43b5d20a920,delivered,2018-06-02 08:49:07,2018-06-02 09:11:39,2018-06-04 13:33:00,2018-06-14 18:37:40,2018-07-20 00:00:00
09475a764868b0fa004ced42388fe6c6,13db6d94faa6734d80cd12f22df84a56,delivered,2018-05-30 14:14:02,2018-05-30 14:31:56,2018-06-01 14:40:00,2018-06-09 13:42:40,2018-07-03 00:00:00
1c74ffde86fb781136c43931617a5958,0e9eb3e3b8e61f91e5dc792fcddb8dd3,delivered,2017-11-30 19:49:44,2017-12-01 09:30:49,2017-12-01 18:14:46,2017-12-11 19:32:50,2018-01-02 00:00:00
5a6da3ba0d659abdabc4359be7697099,1307edca800db1ac287111e35ee9a588,delivered,2017-04-15 22:26:39,2017-04-15 22:35:11,2017-04-17 11:53:03,2017-04-20 10:56:42,2017-05-08 00:00:00
2326e62a79b6d61d95f414e44724d427,08112656aac7e7f6f51324b2f1d85f02,delivered,2018-01-18 08:02:14,2018-01-20 09:08:44,2018-01-23 15:22:43,2018-01-25 19:11:56,2018-02-08 00:00:00
04652586a8416e68609d21f267dee2f6,401d49ba9a2b427967dd578821c55b2d,delivered,2018-07-31 09:41:10,2018-08-01 04:35:22,2018-08-01 11:20:00,2018-08-09 20:04:38,2018-08-21 00:00:00
9aecb82bfe0db20de65127f00bbb158f,0ae2a7fe487a9e59d21a1413570cae2e,delivered,2018-02-05 14:39:00,2018-02-06 15:56:08,2018-02-08 22:58:25,2018-02-14 21:09:19,2018-03-05 00:00:00
7284a4f946c71afdbdd5e508d8f7814f,857c689eb18e76f316740bb9ee3ae189,delivered,2018-02-20 13:30:36,2018-02-20 13:48:49,2018-02-20 23:49:17,2018-03-14 18:04:01,2018-03-15 00:00:00
0436c197b0ba8265af9fa94b7f444866,d2bc0da79a4e2ae1e11523f27454311b,delivered,2018-08-07 15:54:26,2018-08-07 16:05:22,2018-08-08 14:52:00,2018-08-16 20:08:42,2018-08-24 00:00:00
199143704f839c9a7e8eb0ce7b52fcdf,8699daec121578c9a9acfdb360ffe2e1,delivered,2018-04-18 15:36:07,2018-04-19 02:51:13,2018-04-25 16:07:00,2018-04-30 15:51:54,2018-05-11 00:00:00
2e69009ed3ebd65c2e8188a8d7e8c0eb,8a0a4551ad5fc7b8b811deaf5afcf6ae,delivered,2018-05-23 22:01:51,2018-05-23 22:17:17,2018-05-24 14:10:00,2018-06-04 17:50:36,2018-06-21 00:00:00
e5bf502cf18eaf816a5cb7d036dd46c4,9e0452110adad445e1fe1b892ca16392,delivered,2018-08-01 23:45:37,2018-08-01 23:55:13,2018-08-03 20:27:00,2018-08-07 20:58:26,2018-08-10 00:00:00
d2724690c822b993917c586e8032667a,d8abb787789981db1a4fadceb55a7e35,delivered,2018-03-16 10:34:07,2018-03-17 02:45:30,2018-03-19 21:22:06,2018-03-26 20:57:16,2018-04-11 00:00:00
c429654419aacfe84ec52dd4c45f064d,4f6d65038bd393dd461e0f8e7f318287,delivered,2018-05-19 22:12:15,2018-05-20 01:02:35,2018-05-23 12:24:00,2018-06-25 21:14:37,2018-06-06 00:00:00
b408eebfa22431115ec0811eff9d8561,4d914121becbb45c404a3b27a8db7073,processing,2017-08-12 14:10:11,2017-08-12 14:25:12,,,2017-09-05 00:00:00
ad46543febeab4e4e1f1aab5a3ae28db,7ca7993040083feccb77fabd881ce270,delivered,2018-02-13 07:17:20,2018-02-13 07:30:18,2018-02-14 22:43:07,2018-02-15 21:53:01,2018-03-01 00:00:00
2c494cef88b908df152b7d6d69c8beba,f64b4d4b9e4185ce59b00e617e565bca,delivered,2018-05-10 15:49:11,2018-05-11 11:37:28,2018-05-18 14:02:00,2018-06-07 21:08:57,2018-05-28 00:00:00
55a90b35362150673d3546509274be53,16b5a0c654239c91496f748d0ced75b1,delivered,2018-08-13 14:18:20,2018-08-13 14:30:22,2018-08-17 13:55:00,2018-08-29 16:41:35,2018-08-29 00:00:00
cbdd135deb197f0e58e13b3168600666,9c09e23c3e0db1a6157b983e6b6db539,delivered,2018-04-03 16:30:59,2018-04-03 17:15:27,2018-04-04 23:36:32,2018-04-10 23:05:26,2018-04-23 00:00:00
4d615e558a28fc608949a029ab18cc87,4096a1334bdc2b6d0f2c22228c1b47ed,delivered,2017-04-08 01:04:51,2017-04-08 01:15:12,2017-04-11 14:06:43,2017-04-19 19:28:22,2017-05-11 00:00:00
9f495a88e6454713d2963970d7a119ed,9a2b3f6cdd9a69334f83072012328619,delivered,2017-03-24 22:43:37,2017-03-24 22:55:17,2017-03-28 09:08:03,2017-04-03 14:12:50,2017-04-17 00:00:00
eeee6bb6362f699fcaf86a54fe701c7d,82b7c4df2bd96eb13d394cf8d77c98fd,delivered,2018-04-11 12:17:31,2018-04-11 12:50:47,2018-04-12 22:59:36,2018-05-02 19:58:37,2018-05-18 00:00:00
81161411335afb1d9c6dfd1b42a63eb3,ab2e87ad1a915cf88638ab6f43f5450c,delivered,2018-06-30 20:44:28,2018-06-30 20:55:21,2018-07-03 05:28:00,2018-07-05 01:13:01,2018-07-20 00:00:00
455f0e2655475e2d69c91c45490550a5,79fe43e014435439f7e9d753a4bb720e,delivered,2018-01-31 22:09:40,2018-01-31 22:29:46,2018-02-02 00:07:14,2018-02-07 18:32:52,2018-02-23 00:00:00
df07571cefaed71337a66295010ddb44,357ea86137051c554e5a5f673ad8e14a,delivered,2017-09-30 15:04:50,2017-09-30 15:14:25,2017-10-03 17:17:34,2017-10-10 19:23:03,2017-10-19 00:00:00
5c3fbb4009b158eb4cc91a0c6747ebfa,449bbc0df0bf1e966a7d4c41fad151bd,delivered,2017-09-17 13:00:51,2017-09-19 03:50:37,2017-09-19 19:25:27,2017-10-10 17:05:12,2017-10-17 00:00:00
c31c5506867767b7649a3833086c2925,cebc471c85bf6d400cd4ee8a664f8571,delivered,2017-10-04 06:37:23,2017-10-04 06:49:10,2017-10-16 21:35:34,2017-10-30 17:27:55,2017-11-10 00:00:00
bdf6434f99a355f695608dd18719b358,4ec19da27439c169647fd8abb44acf41,delivered,2018-03-24 15:09:33,2018-03-27 04:08:39,2018-03-27 20:13:21,2018-03-28 21:27:53,2018-04-06 00:00:00
25876bdef3cecd304a7be7b88c6522df,e3493ef4ec671df3be783e7669eb71a4,delivered,2018-07-01 21:04:39,2018-07-01 21:15:14,2018-07-06 09:58:00,2018-07-23 22:28:28,2018-07-31 00:00:00
e74cddc9bc11794b017044166896d69f,e50df94b9dad7dd2c97692f3b4b00d96,delivered,2017-11-12 15:57:43,2017-11-12 16:10:32,2017-11-16 20:37:02,2017-11-22 20:31:30,2017-12-01 00:00:00
0bb0ac36c272438c710c3ee74c77da1b,47faef3420bd0e1dc047ce4e9171e03d,delivered,2017-11-28 16:26:20,2017-11-28 16:58:13,2017-12-04 23:41:51,2017-12-19 20:04:27,2017-12-22 00:00:00
5e45560833c4c43e2ce402256ae47069,2fd0620d6116592888cc82540b396dc3,delivered,2018-01-24 12:38:33,2018-01-26 03:16:55,2018-01-31 18:12:57,2018-02-06 16:41:29,2018-02-20 00:00:00
f71f5d96e49fe0c442fbacecd491debf,71230fe4a71ab6a004067dfe6adaf743,delivered,2018-08-13 22:38:13,2018-08-13 22:50:16,2018-08-14 10:06:00,2018-08-30 09:26:24,2018-08-31 00:00:00
42e981c81e8c45cbe5b10d8456a0bc1f,24476e2a8c393ecaea905e2621e1d2ea,delivered,2018-04-12 07:28:14,2018-04-13 02:32:04,2018-04-17 17:03:11,2018-04-20 18:36:36,2018-05-15 00:00:00
c61f24b4d04a247a7b8f182d3bdb7e18,6876c072b2c44bdeff9b5cc3eed9d108,delivered,2017-04-04 13:47:15,2017-04-04 14:02:57,2017-04-04 15:05:33,2017-04-12 15:24:23,2017-04-27 00:00:00
91d593443c46df640b0aed417f114374,9648b07145cfaa61d8ac6bc1bc294ebf,delivered,2018-05-22 14:23:45,2018-05-23 02:38:21,2018-05-23 14:59:00,2018-05-24 16:42:23,2018-05-30 00:00:00
7bcffa5963aefdcd6c8cca5cfd6d0e32,4810c2ce9d15f307f600efd361eccbb0,delivered,2018-06-04 19:02:10,2018-06-04 19:15:11,2018-06-05 11:15:00,2018-06-06 17:46:34,2018-06-20 00:00:00
cf30fe76d1505192acee1c6dccb15545,3692097ced25d93525a447a4276fcf2f,delivered,2017-10-10 14:04:45,2017-10-10 14:29:53,2017-10-24 18:36:28,2017-10-25 14:49:11,2017-11-03 00:00:00
64478c0495ed9d0c628e8cfa896b83f7,e75f582835be082b8ead72b1c7231f72,delivered,2017-12-05 19:43:24,2017-12-05 19:56:28,2017-12-06 18:44:43,2017-12-20 15:51:56,2018-01-05 00:00:00
37bb906305fed075bde1eac3f0023938,8a41c7f9953f6de004c96265762ac7e0,delivered,2018-04-17 16:11:55,2018-04-18 16:18:48,2018-04-20 14:20:54,2018-04-25 22:09:49,2018-05-11 00:00:00
e4539a1ef30b450fe69aac4b87fe5434,e2739b85af8403921b2b1bb2e99325df,delivered,2017-10-10 12:03:02,2017-10-11 07:33:36,2017-10-11 20:19:58,2017-10-17 14:47:56,2017-10-23 00:00:00
d3220f2771d590e93736b9078ab008ce,4c905422f491aa302e218b77cc8b3e88,delivered,2017-12-07 16:07:54,2017-12-07 16:16:27,2017-12-08 21:54:49,2017-12-15 15:32:47,2018-01-04 00:00:00
716d94482440b2b6bbd8346eb9fb3e14,3f64f68ca314162409d03c369cc1fa8e,delivered,2017-07-03 21:01:08,2017-07-04 18:05:21,2017-07-13 17:58:35,2017-07-26 19:17:22,2017-08-15 00:00:00
16b8c07980cc1e47a31ebb35d9222807,d4c730f60fa6479e35ab867cdd3c8a9b,unavailable,2017-05-31 13:14:22,2017-05-31 13:30:16,,,2017-06-23 00:00:00
bdabc74894435691ce6c9987a61b3d55,3919e68e67f1f09742535d65295914c5,delivered,2017-09-04 22:47:46,2017-09-04 23:04:00,2017-09-12 01:03:52,2017-09-13 18:55:04,2017-09-21 00:00:00
951670f92359f4fe4a63112aa7306eba,b2b6027bc5c5109e529d4dc6358b12c3,delivered,2018-03-13 16:06:38,2018-03-13 17:29:19,2018-03-27 23:22:42,2018-03-28 16:04:25,2018-04-10 00:00:00
df73920801529869f3f9aabfd3630c8f,11dcd28e3f52708f274d6cdff2a7364c,delivered,2017-11-22 22:30:33,2017-11-22 22:46:24,2017-11-23 13:41:08,2017-11-24 20:15:13,2017-12-04 00:00:00
952c3a4510a7db68bfa6a957bdfa0aeb,54f25e1fa9df79970f3ed1df347243fd,delivered,2018-07-31 14:31:31,2018-07-31 15:31:50,2018-08-01 15:58:00,2018-08-03 19:47:34,2018-08-08 00:00:00
8ef17147aad160f7780239dcf0acb400,4970bb6b474c87daaa34c517d06745fd,delivered,2017-06-18 22:01:51,2017-06-20 10:30:24,2017-06-20 15:34:43,2017-06-26 12:06:08,2017-07-07 00:00:00
afa0a26ce5b6abc3ffb6387fe93e2721,c0c0dd0d1683ca0612d2e1147a0eb895,delivered,2017-09-26 21:14:41,2017-09-26 21:28:18,2017-09-27 16:43:34,2017-10-05 17:04:31,2017-10-20 00:00:00
aa14b8f4567fef1be1a8912ca010f1c7,cec800e76b1cc898de17926aa9e1e146,delivered,2018-08-24 21:17:00,2018-08-24 21:30:16,2018-08-27 12:43:00,2018-08-30 21:32:40,2018-09-10 00:00:00
d0c3c2b7f8194da48a7f9954d79fa2e6,3fdfdcd1a075603bc95b9082e5ae6e10,delivered,2018-01-08 18:03:44,2018-01-11 11:28:31,2018-01-15 17:33:30,2018-01-16 20:51:31,2018-01-24 00:00:00
18fa032cf65a1c5c2820d16276b4741a,54c5c9dcdc6cca32b4fb425a215d39f5,delivered,2017-10-29 12:13:26,2017-10-31 19:34:36,2017-11-01 20:33:34,2017-11-08 22:52:38,2017-11-22 00:00:00
aa1b607cfe0e87e9a0251b792ef61d3f,08d0e76c56b69ca0609304af98889707,delivered,2018-03-03 14:02:08,2018-03-03 14:15:29,2018-03-06 17:33:06,2018-03-19 20:09:41,2018-03-22 00:00:00
aa0639a3e2aa426f0b46f6a4c2d2efce,04872433c17e4ca13b0aa2381838d11e,shipped,2018-07-14 19:00:44,2018-07-14 19:15:15,2018-07-20 09:41:00,,2018-08-07 00:00:00
cea264d1835395ebe139f481d4b3fc5e,410283cc80041c4e264bebd76d51cdad,delivered,2017-12-09 20:03:41,2017-12-09 20:14:21,2017-12-12 22:19:36,2017-12-17 16:37:00,2018-01-04 00:00:00
019d029f0b101343d44017d249b1f64f,7c71e90638cc8c6940af7e83d490cfeb,delivered,2018-06-11 21:55:43,2018-06-11 22:19:26,2018-06-13 08:06:00,2018-07-04 14:41:50,2018-07-12 00:00:00
cac82deb37cf2bbc3f1ccb5ed31aceb4,6bd3cf62d1a263cc4aa9bf23929d9bd1,delivered,2018-02-21 23:16:18,2018-02-23 02:31:15,2018-02-23 18:48:55,2018-03-06 01:13:51,2018-03-13 00:00:00
48d16c1c3913eec3eb5733c0f9fdeaa9,70bb3544ae0b9faccb7c0336a23e60b7,delivered,2017-12-10 01:07:52,2017-12-10 01:43:09,2017-12-11 21:41:46,2017-12-15 22:12:10,2018-01-05 00:00:00
16f3197b63d493ba1c9fa0fd6c75f985,0c43ce6eb8a94b14d8eacee4b844d0d7,delivered,2018-03-25 23:19:51,2018-03-27 03:55:27,2018-03-28 01:46:50,2018-03-28 18:41:52,2018-04-06 00:00:00
7712472a07a10232dd2e57a0c2532cd3,3f60ed8ad54ea9618a3ffa906a6b45f6,delivered,2017-03-23 21:57:33,2017-03-23 22:05:35,2017-03-27 12:14:02,2017-04-04 13:54:38,2017-04-13 00:00:00
7fd35dbb2e6b19af4c9e7814a650597d,92ae73900149aab92d6120b9ffa42675,delivered,2018-04-26 10:55:15,2018-04-26 11:12:49,2018-04-26 14:02:00,2018-05-03 22:38:27,2018-05-21 00:00:00
8b050d41c0452652c3f1a6cd855005b1,6f7e05f9beee9d934ffcf02bb309d52a,delivered,2017-10-01 07:50:32,2017-10-02 22:03:56,2017-10-04 12:36:10,2017-10-07 13:13:02,2017-10-19 00:00:00
8c59638b578341d034f1d7ffce0a5575,9e8589c52f8d894c393473469d98624c,delivered,2018-01-21 20:54:08,2018-01-22 13:59:03,2018-01-23 19:18:58,2018-01-29 15:13:42,2018-02-19 00:00:00
2bed7602716232f428dd9a52fb9bd809,208e5e422e5690c147d774f551fefbbf,delivered,2017-12-12 23:16:29,2017-12-14 02:12:36,2017-12-15 20:13:29,2017-12-26 19:13:34,2018-01-15 00:00:00
b88330a020772cd6f9b2454f307a486d,658a7d941c6f5fc09e7a2ef4fed57dca,delivered,2018-04-04 19:07:44,2018-04-05 02:15:34,2018-04-05 21:58:51,2018-04-17 20:21:53,2018-05-02 00:00:00
62fd23282da01c8b7467acd4876b03f6,b0ed92092fac9c620ba0a0ce59eca40a,delivered,2018-05-02 18:44:43,2018-05-02 19:15:45,2018-05-03 12:29:00,2018-05-04 19:45:03,2018-05-10 00:00:00
034e643b615bc5da33b1ede13e2ae803,455d3b0a4ba690caca990d8a6ae98f29,delivered,2017-11-05 13:45:28,2017-11-05 13:55:26,2017-11-07 00:48:42,2017-11-16 20:43:46,2017-11-27 00:00:00
5870c61c60ceece3d575eecb68252abe,454586ba91da2327e8b3797673c84707,delivered,2018-06-09 09:06:45,2018-06-09 09:37:09,2018-06-12 10:40:00,2018-06-18 17:52:24,2018-06-29 00:00:00
8a6927284335d25c41814675321cf9f4,d7e34873f26bcf3c083e4fa35d5a0c81,delivered,2017-03-03 15:44:38,2017-03-03 15:55:11,2017-03-08 09:57:20,2017-03-13 12:42:27,2017-03-27 00:00:00
13990518755c419d33e4fb67c28e843f,bb6fbf6fc0129c677084ae0f9e41e356,delivered,2018-02-03 15:45:11,2018-02-03 15:55:19,2018-02-05 21:17:40,2018-03-02 22:19:08,2018-03-13 00:00:00
8cbe9120736aad9c8fdbf431bcd16e5e,79d7e956c2d03b3e3113f470935ed88d,delivered,2018-06-09 15:07:45,2018-06-09 15:39:54,2018-06-11 14:43:00,2018-06-12 19:43:43,2018-06-20 00:00:00
e5cb8cec63271f7ad2569b86e2eae45e,b31eaa661afe014345c3f985657e7743,delivered,2017-05-23 15:27:58,2017-05-23 15:43:27,2017-05-24 09:28:20,2017-05-27 16:52:56,2017-06-12 00:00:00
1a5800523e4a42619420e13b49c522b6,ec9ca22307897a31bb0635c4811cf672,delivered,2018-08-13 09:38:37,2018-08-13 09:50:19,2018-08-13 15:26:00,2018-08-24 20:58:30,2018-08-29 00:00:00
8cb72bfae52a43b2b37a1b6044bb05e9,a1ae92e31e82dc93be192ee4fd8c2cb4,delivered,2018-01-17 00:21:53,2018-01-17 00:33:20,2018-01-17 18:12:28,2018-01-22 16:36:54,2018-02-05 00:00:00
395428aa1754d877ead58b1e47b29a64,98194ea82cd33e0875838cd51faf7e07,delivered,2017-08-13 13:03:27,2017-08-14 13:24:05,2017-08-16 17:12:50,2017-08-24 17:45:41,2017-09-06 00:00:00
90747e77f1f92c16ef47b7e5aa910e0d,1a1e2f5f736b406930c33aba1d9dface,delivered,2018-08-21 21:14:44,2018-08-22 03:44:28,2018-08-22 13:21:00,2018-08-28 17:03:38,2018-09-10 00:00:00
675a27f901e5f0350eed10f052e09b60,296f5301f45389edbfbaf19581acae8d,delivered,2018-03-05 13:22:10,2018-03-06 13:15:28,2018-03-08 19:58:21,2018-03-15 20:26:44,2018-04-05 00:00:00
992896ae125eab618e4959e3ea83dc8c,228cc0dcd11493f23d3748b2aed1f988,delivered,2018-03-12 10:13:05,2018-03-12 10:30:50,2018-03-13 16:52:36,2018-04-24 18:27:01,2018-04-11 00:00:00
f12388e0e8c7694fc38c8de19261054c,de481cb60487d1171ef850f3d818467c,delivered,2018-02-24 18:03:19,2018-02-26 17:30:05,2018-02-28 13:05:51,2018-04-18 13:08:46,2018-03-23 00:00:00
d1cfa1831820d2e3c0d6994a86491206,8c914738dc496dffcdc9bfa277b0254c,delivered,2018-03-06 20:25:02,2018-03-08 02:15:37,2018-03-09 00:21:20,2018-03-14 23:49:30,2018-03-22 00:00:00
30f0c1cbcfb334c331b788655f973cae,756b44d886451d4dbfa82dfe67ecf0ec,delivered,2017-10-15 22:52:42,2017-10-15 23:07:11,2017-10-17 18:42:56,2017-10-21 10:11:47,2017-11-01 00:00:00
dace8fef361782cc885129d17c2df11f,f7f8a1a3c14981f719f65275db4d27c5,delivered,2018-06-22 09:29:37,2018-06-23 02:36:06,2018-06-26 14:43:00,2018-06-27 14:35:46,2018-07-05 00:00:00
61504b58bbd4959c4ff676a93d713b04,4c099655b8632e99c4db7e1341746c3e,delivered,2018-04-08 21:32:43,2018-04-08 21:49:34,2018-04-09 22:22:00,2018-04-21 00:08:46,2018-04-30 00:00:00
f50f12991ec8bcff03994381dcf9ce08,92dc7fe11830de5c6159644a1b1d84ba,delivered,2017-12-19 20:52:25,2017-12-19 21:53:12,2017-12-22 16:37:23,2017-12-26 20:07:36,2018-01-08 00:00:00
aba3d4020a1c5706855e1b5ba5569338,f7917f73a6f8e4419346b35286f28732,delivered,2018-08-16 20:56:32,2018-08-16 21:10:18,2018-08-17 18:07:00,2018-08-18 15:54:38,2018-08-22 00:00:00
d800ed6cc3e992f98f1b25959791706d,f1a302b1bf40fa1112e7cc6341de9368,invoiced,2018-07-31 16:01:43,2018-07-31 17:31:24,,,2018-08-06 00:00:00
b5c6824f5679af0b7ba508468f598fa8,24e42ccce21c8f59494de0cc4f162fce,delivered,2018-08-03 13:33:14,2018-08-04 05:10:18,2018-08-06 14:33:00,2018-08-10 15:24:38,2018-08-23 00:00:00
9fbb5075d54585f5a28a955a0f68b8c7,3e5c2c488b72c38a8c0d67227f69f30c,delivered,2018-07-31 21:48:48,2018-08-02 03:10:15,2018-08-06 08:27:00,2018-08-08 22:36:49,2018-08-17 00:00:00
9afe4ac694cb1ed15bc9b0d9130e8166,3857ccff1f7ab55786a8c851348b133b,delivered,2018-02-08 11:54:26,2018-02-09 10:11:45,2018-02-14 16:10:00,2018-02-27 11:49:37,2018-03-21 00:00:00
98bd948995276012ef529fe379949f4a,57586d586212de079c4fa6fcb7fb80c2,delivered,2017-12-14 14:41:04,2017-12-14 14:50:41,2017-12-14 23:36:52,2017-12-21 12:48:51,2018-01-09 00:00:00
75f7b50b5222f09346ec8672c17121a3,5bd83f73e8be292c3e97498b88d94784,delivered,2017-10-24 22:50:15,2017-10-24 23:06:16,2017-10-26 16:42:05,2017-11-03 23:52:52,2017-11-10 00:00:00
565f70f153b3d8a2684d6808ba284de7,2fa7b0fe956bffb7394467ca776543f2,delivered,2018-01-30 13:50:27,2018-01-30 14:15:19,2018-01-30 23:41:34,2018-02-01 22:32:50,2018-02-15 00:00:00
18bb1c0caaacf9daae70e0bac6e5956c,f454ed1e6f77b22f822bf70fc749b4d6,delivered,2017-07-28 15:43:06,2017-07-28 15:55:18,2017-07-31 13:37:01,2017-08-04 17:54:31,2017-08-24 00:00:00
ee2019ddac943d402d6c59d8c39d4465,f2b39bd3ac38be151462f460b7ca5759,delivered,2017-12-10 19:58:56,2017-12-12 03:56:23,2017-12-13 15:47:13,2018-01-03 20:19:18,2018-01-10 00:00:00
8fd1ec4ed9e9e7107a5a1b5d4d8fb209,1b20c7cb67a754803a8333fbba322472,delivered,2018-01-31 13:57:40,2018-02-01 14:15:29,2018-02-09 00:09:22,2018-02-15 12:49:10,2018-02-16 00:00:00
5ebc0e4396ff850d059771c6a0a3b4ab,8f328c1ccdd8ca4e1c18d6a31ed528db,delivered,2018-08-03 14:48:25,2018-08-03 15:04:13,2018-08-06 15:23:00,2018-08-16 22:54:26,2018-09-06 00:00:00
0425635629d7b1e1aefedf34bd15e289,1ac3126c5135c77318214fd99cf238d4,delivered,2018-08-27 11:16:19,2018-08-27 11:35:17,2018-08-29 14:49:00,2018-08-30 23:04:13,2018-09-06 00:00:00
4a0022b7c6eacca832d731731402f5c9,a1a17a4dfc2e4d635c2bc83034b2a1a7,delivered,2018-02-27 23:13:22,2018-02-28 00:00:19,2018-02-28 18:58:44,2018-03-12 16:26:50,2018-03-27 00:00:00
8dbbc5ad6c925d0327601a5a11b364c8,8802f2a5879f0b53708e5ee21358792a,delivered,2018-04-21 10:29:58,2018-04-24 18:05:40,2018-04-26 08:18:00,2018-04-30 15:22:30,2018-05-18 00:00:00
c4b9744b03d4c89b98b6847ef0b04321,31c2345fa645f9d5850497c8eb4491aa,delivered,2018-05-09 09:24:42,2018-05-09 09:35:27,2018-05-09 13:41:00,2018-05-14 22:04:51,2018-06-07 00:00:00
69b5bed2f63d703cc230ecce9fa7d86a,bea8e016003c0579ec3d2ff83a7dda42,delivered,2018-01-08 17:47:47,2018-01-08 18:32:13,2018-01-10 17:00:54,2018-01-22 20:54:44,2018-02-14 00:00:00
712d7cfcfc32b2849434e973309ed3f0,28d38e114a66a3cd24072409fae3e9c1,delivered,2018-03-19 16:20:55,2018-03-19 16:30:47,2018-03-20 23:12:13,2018-03-28 17:08:45,2018-04-13 00:00:00
f1f58481b84bb57156f86cf3d5b2a1c2,76e3128e2d86acede8e18ae01e0594d8,delivered,2017-07-29 11:12:23,2017-07-29 11:25:19,2017-08-01 20:49:31,2017-08-07 20:41:56,2017-08-18 00:00:00
1a785632cbf5301f146c5b3c67268911,9b1235a30973118303a0a017d3b5793b,delivered,2018-08-12 18:04:00,2018-08-12 18:24:19,2018-08-13 17:20:00,2018-08-21 17:41:09,2018-08-27 00:00:00
7b2c820a0c74e5a87489ee2463ae2492,7dd7eaca9b852c556a104ef0778b80cc,delivered,2017-07-05 15:20:45,2017-07-05 17:38:20,2017-07-07 17:03:23,2017-07-18 20:02:50,2017-07-27 00:00:00
bfc39df4f36c3693ff3b63fcbea9e90a,53904ddbea91e1e92b2b3f1d09a7af86,delivered,2017-10-23 23:26:46,2017-10-25 02:14:11,2017-10-27 16:48:46,2017-11-07 18:04:59,2017-11-13 00:00:00
8e72d023c1371c9bb78de1516a30174b,809369f02cc668ada63b0e2f521c3aea,delivered,2017-11-24 14:28:06,2017-11-24 16:33:48,2017-11-27 23:27:47,2017-12-05 23:56:44,2017-12-26 00:00:00
b3a63aeb668343cbf7b37e72abb932f3,88312bc5fe4c1c594abf422b854b6677,delivered,2017-09-11 10:09:19,2017-09-11 10:24:13,2017-09-12 14:54:57,2017-09-14 15:38:48,2017-09-27 00:00:00
4e05179f3e0dc912276faf9da529cf6b,86647fcacfe017b63403169c2369b7b9,delivered,2017-09-17 12:18:26,2017-09-17 12:30:10,2017-09-18 14:48:11,2017-09-28 16:47:50,2017-10-13 00:00:00
67108cb298a177e412fffded667043fc,b33813781b50fd5c62372e61ed8ee618,delivered,2018-01-16 17:07:27,2018-01-17 03:38:52,2018-01-17 17:22:28,2018-01-22 17:13:39,2018-02-06 00:00:00
7cd9adb43a8f23fee278ae5e79d4c957,f65ff32357fe40277ac5c181c4528b3b,delivered,2017-11-13 13:02:02,2017-11-13 13:15:31,2017-11-15 00:18:45,2017-11-17 21:09:08,2017-11-27 00:00:00
27981b144a3edfc540ff14f416ff7311,f2b00d796387c985440e4ff2121ea753,delivered,2017-08-09 00:16:55,2017-08-09 00:35:48,2017-08-09 17:52:48,2017-08-12 16:03:39,2017-08-29 00:00:00
749eb4902527dc1a8e81681cd9c1b016,45ad4b978561d9458629572c1f4feb7a,delivered,2017-05-09 13:46:55,2017-05-09 13:55:31,2017-05-12 12:23:53,2017-05-22 16:52:39,2017-05-29 00:00:00
502ffac2e1d978a412b48e2b290bfb4d,9f723d2f804064dd1c12c95b250fea2f,delivered,2017-06-29 17:45:24,2017-07-01 04:50:15,2017-07-27 17:17:44,2017-08-03 16:35:47,2017-08-01 00:00:00
4f19a1eec8629269d786257709253fc9,a77f4a287082ca57b574ecc1f2685f5b,delivered,2017-12-15 13:17:40,2017-12-16 02:39:23,2017-12-20 19:54:49,2017-12-28 21:19:28,2018-01-15 00:00:00
9b7130a90e8f2c23cba417fd1e9be425,462af9ace3dd404900c42f4086ab64bd,delivered,2017-07-26 15:38:35,2017-07-26 15:50:18,2017-07-27 14:09:47,2017-07-28 20:12:59,2017-08-08 00:00:00
16b2fea16c665281ed07933ee9b9f095,437fc0f859ca8efaa18fb2e02bd09265,delivered,2018-05-15 18:11:48,2018-05-15 18:34:51,2018-05-16 13:44:00,2018-05-25 18:07:37,2018-06-05 00:00:00
677829eb9901f0a1e2fc70b129937cc7,2eb0e0eaa388db62d3a6121ceaef31ba,delivered,2018-02-21 18:56:54,2018-02-22 02:10:47,2018-02-22 21:04:25,2018-03-06 23:52:57,2018-03-22 00:00:00
d23a16076a7e0b48e1f7d598df7136c9,0c9ad64da2a12f7b5f649f61eafb3f55,delivered,2017-09-13 17:10:25,2017-09-13 17:28:00,2017-09-15 17:57:50,2017-09-18 18:48:51,2017-09-27 00:00:00
c4ee04fd6b5632ac5b0b3c6834a9f3cd,15240b74823a3c800622437091896fef,delivered,2018-06-27 07:17:23,2018-06-28 07:15:09,2018-06-29 14:47:00,2018-07-10 15:58:36,2018-07-16 00:00:00
8b0bf3b8f82ddc03f25fced51cf9398f,8e7a72c32756a94370654bc332fc1dc5,delivered,2017-03-10 07:53:57,2017-03-10 07:53:57,2017-03-13 09:35:08,2017-03-16 13:05:18,2017-04-03 00:00:00
0bd166e72c588bcc71cf432b653c1667,40efe1655a1721e65dce406440349517,delivered,2018-07-03 16:27:56,2018-07-05 16:23:33,2018-07-04 15:36:00,2018-07-06 00:42:54,2018-07-16 00:00:00
a1e6c98ad1716db91efc64d1bd0271bf,bc40b6c7a39b5a6a0f551902fd9fba71,delivered,2017-04-10 16:52:46,2017-04-10 17:05:09,2017-04-11 12:03:17,2017-04-19 14:54:10,2017-05-04 00:00:00
7d15087ec6066de9ee6e63afe93ef9b0,a4a8f70c6e841e099bc5106ea46bf078,delivered,2018-02-13 12:56:45,2018-02-13 14:35:23,2018-02-15 00:17:44,2018-02-27 12:43:23,2018-03-09 00:00:00
ec7450aa92a97c3397d0f535a6a78030,f1c95802730af255b21b1bffaf202154,delivered,2017-07-12 00:49:22,2017-07-12 01:03:59,2017-07-12 18:48:01,2017-07-28 19:05:40,2017-08-07 00:00:00
162e915bc5d7c6b2de7eca743a65b033,5958f5b5fd615a8898caed646014c55b,delivered,2018-01-01 22:11:36,2018-01-01 22:27:26,2018-01-03 14:19:21,2018-01-12 22:10:50,2018-01-18 00:00:00
b50e9081ca228b1950dba3678b9e13b8,434bc3aedc95ddf957860ece02f33b22,delivered,2017-11-25 18:26:39,2017-11-25 18:36:53,2017-11-27 17:58:42,2017-12-05 18:38:43,2017-12-19 00:00:00
6eb5748888c6dd2345d8654d18fef604,399c1245c703ee686c105e1e6349038b,delivered,2018-06-06 07:59:36,2018-06-08 03:13:22,2018-06-15 14:58:00,2018-06-22 14:46:49,2018-07-12 00:00:00
f41397c4cf4c8a67f5f540472acbfe4f,039a50ec3dc563eaf0bb3ecf176cdf99,delivered,2018-02-28 11:14:58,2018-02-28 11:32:43,2018-02-28 20:32:38,2018-03-28 20:58:25,2018-03-23 00:00:00
8177815f3ac5dbbcb7a0502a59a1646f,18999498830a97a820aecdca59e84901,delivered,2017-10-23 20:55:23,2017-10-23 21:14:18,2017-10-24 21:33:36,2017-11-07 21:08:54,2017-11-22 00:00:00
f524c90cfde704f5c89dbdff12ecffcc,56f812b810b971d6956ce107ed51c0fb,delivered,2018-02-20 00:05:15,2018-02-21 06:25:05,2018-02-24 18:44:56,2018-03-29 21:06:04,2018-03-19 00:00:00
8bade36d5fb562974296bcca22a7a064,4061b7542b6c15e3322f9d3384f83d39,delivered,2017-07-27 20:35:40,2017-07-27 20:50:25,2017-07-28 19:56:45,2017-08-10 21:23:07,2017-08-18 00:00:00
233b550c1867b0e741d7e0dd197e8be1,e211679d1f3eeb540b0445486b181d2a,delivered,2018-05-13 16:04:02,2018-05-13 16:31:37,2018-05-14 14:12:00,2018-06-06 01:12:25,2018-06-19 00:00:00
701ba4e30193470253a5e099210a2054,4e2bf783a80c004ceb49a68cf872d1a7,delivered,2017-10-29 20:18:46,2017-10-31 04:30:14,2017-10-31 18:08:54,2017-11-06 21:06:53,2017-11-23 00:00:00
05dbe6bf3e09d4e05160a98d0a926bb1,c9fb84e88f11e478d569305888e89920,delivered,2017-10-03 19:05:31,2017-10-03 19:14:32,2017-10-05 21:42:42,2017-10-16 19:33:25,2017-11-03 00:00:00
f637db9f107a517712822ef3c44024aa,301636c99160f8491897102bc9314600,delivered,2018-03-16 16:24:35,2018-03-17 16:31:08,2018-03-19 23:58:34,2018-04-24 20:02:56,2018-04-09 00:00:00
d8d126f05b944cb1a5d78542e4a34f9a,962711498269fa29f1513109270d80d4,delivered,2017-12-19 19:01:13,2017-12-19 19:15:37,2017-12-20 20:49:16,2017-12-28 16:15:07,2018-01-12 00:00:00
b63934429b72730e2046b81d20feb876,56680d29aae964249f09d0db2c36ce9e,delivered,2017-10-14 13:00:54,2017-10-14 13:30:25,2017-10-17 16:15:10,2017-10-21 17:49:56,2017-11-01 00:00:00
88d0d4abf5b21d74c9085dc4ea2cdcd1,dae4a42ae9564313cd02f47617dd9c25,delivered,2018-03-09 15:50:17,2018-03-09 16:10:31,2018-03-12 15:14:48,2018-04-05 16:24:46,2018-04-13 00:00:00
1d037b45a3e5aa5599d4c06a31bc6ffd,1b7021bb3db4ec80bb1e414259e592cf,delivered,2017-10-23 18:28:39,2017-10-24 18:28:09,2017-10-27 18:47:11,2017-11-07 22:33:46,2017-11-09 00:00:00
0d0e88a418636d40ea780339701db49c,32feb02b40768c61b91835e766bc87f4,delivered,2018-01-29 15:19:19,2018-01-29 16:31:31,2018-01-31 22:58:15,2018-02-22 16:29:09,2018-03-02 00:00:00
6279ab28c298c3e50c3750926c603eb7,e65c8b6df69319b376bbf9669fbb1588,delivered,2017-12-14 00:49:38,2017-12-14 01:31:34,2017-12-14 16:42:09,2017-12-18 20:22:34,2018-01-03 00:00:00
7f12656efc70e6657b398d760df1f8d0,6ce37f27521276d8d498c7c90d40c1f9,delivered,2018-05-16 11:59:04,2018-05-17 21:31:55,2018-05-18 14:18:00,2018-06-01 18:24:40,2018-06-19 00:00:00
fac5aea2eb44617d8aab053d9172f29a,cdab12770ff06d22874eb69b43033d29,delivered,2017-06-27 11:03:53,2017-06-27 12:15:14,2017-07-04 13:28:42,2017-07-10 17:52:46,2017-07-19 00:00:00
30f953550693db6ca376d49de5533bd1,7f2d6684ea8983e7091e92f795e17af6,delivered,2018-04-24 21:07:06,2018-04-24 21:30:35,2018-04-26 07:03:00,2018-05-05 15:38:45,2018-05-23 00:00:00
f0d0b94bec48f0f61bfe9ff4cfc97662,c2b80e257177ffb559e4d99dd5d06d54,delivered,2017-09-08 08:25:13,2017-09-12 04:45:07,2017-09-12 15:35:08,2017-09-19 22:42:25,2017-10-04 00:00:00
975c25ceabcdb01040d28911b13e54d3,015c3378ca571c1468e2be925e4dd502,delivered,2018-01-16 15:40:06,2018-01-16 15:50:50,2018-01-17 22:48:33,2018-02-06 22:41:44,2018-02-21 00:00:00
5187d6e3efdec859c111d889c9ad7d9a,6afb49b08ae306fee3f98b95fe395a47,delivered,2017-06-04 11:52:38,2017-06-05 11:55:14,2017-06-05 12:45:16,2017-06-19 20:04:19,2017-07-03 00:00:00
2c68510f2fa96a537e4c75da3b3bada8,f7f5f8060a3c5cb40309f6ca8b9e008d,delivered,2017-10-16 14:04:25,2017-10-16 14:27:26,2017-10-16 21:08:04,2017-10-23 17:56:20,2017-11-06 00:00:00
947bb98f6734ec8fdb3b0a222f19c454,efd4f4482383fb800db09386eb83f7d1,delivered,2018-05-01 18:03:53,2018-05-01 18:15:17,2018-05-03 13:19:00,2018-05-08 23:54:38,2018-05-24 00:00:00
88bdc1b450547cf9abf79d07f2aedbac,f1ac16433d7ba82b35cf60446432bc44,delivered,2017-06-24 16:35:50,2017-06-24 16:45:10,2017-06-26 15:16:29,2017-07-28 17:52:20,2017-07-24 00:00:00
6ccb433e00daae1283ccc956189c82ae,843b211abe7b0264dd4a69eafc5bdf43,delivered,2017-10-26 23:51:35,2017-10-27 00:46:58,2017-10-27 19:53:03,2017-11-08 18:47:00,2017-11-22 00:00:00
af99e2024c32e91db8bd36c7508ba102,3b86fbb06ac936d02fd8b237538291dc,delivered,2018-05-13 15:10:21,2018-05-13 15:33:21,2018-05-15 14:20:00,2018-06-04 22:18:34,2018-06-11 00:00:00
8edd2076400f12faa67a3917145f6450,be3551852b61c601065326556460747a,delivered,2018-01-22 13:52:39,2018-01-22 14:33:07,2018-01-25 17:33:16,2018-02-09 16:33:26,2018-02-20 00:00:00
4723727d090decf1ca86404dfe72d373,17cc67a8e493d2fc6c761f39b4ee9648,delivered,2018-02-25 11:27:26,2018-02-25 11:45:34,2018-02-27 18:14:12,2018-03-05 20:21:48,2018-03-16 00:00:00
df987254ccf34931126a2292eddf72a9,82c1169f8932e7d57ef2a2f4afbb8a51,delivered,2018-06-08 17:21:28,2018-06-08 20:32:19,2018-06-12 14:26:00,2018-06-15 17:57:32,2018-06-29 00:00:00
409bb100cf5efeb2ee6789b1a63589f2,12d61ba72600fbee1886879f039ae8fe,delivered,2018-02-23 13:35:05,2018-02-23 13:50:32,2018-02-27 12:16:58,2018-04-01 15:42:28,2018-03-21 00:00:00
1a7af25ac2d2bf35b05f8f87c050a6d5,feac68487f7ac58b65ecc8e6b4a12e85,delivered,2017-04-03 11:09:58,2017-04-03 11:22:26,2017-04-05 15:33:12,2017-04-07 12:32:59,2017-05-02 00:00:00
5745e260f636fdd0cef91f81a164631d,11cd32106f57df8da221ecbd88155607,delivered,2017-09-17 17:01:49,2017-09-17 17:15:09,2017-09-18 16:43:14,2017-09-22 18:39:09,2017-10-04 00:00:00
5b2f1ff03b77977af4258e7cfc2ec799,d6f5e35320aa04df3bba1dea33d0daab,delivered,2018-04-26 13:28:35,2018-04-26 13:51:38,2018-05-07 12:53:00,2018-05-14 11:33:52,2018-05-21 00:00:00
520c724197ad994918261e680ad7b8b5,8b03ea3f9f3057112117ca08e7c3212b,delivered,2017-11-26 10:05:27,2017-11-26 10:16:21,2017-11-29 23:12:14,2017-12-11 11:59:01,2017-12-20 00:00:00
b5694945c5538eaf411c76300dd2af47,c699ff4b2dc424677f785aaa566ab0dc,delivered,2017-07-31 11:45:33,2017-08-02 02:55:51,2017-08-02 18:35:58,2017-08-09 15:55:02,2017-08-22 00:00:00
6ef34c0fc67f8eb9f2fee84357c1ae39,647f99eb0007e6db23fa6ad97b03b1db,delivered,2017-09-04 20:39:09,2017-09-06 03:04:22,2017-09-13 19:39:55,2017-09-28 15:52:32,2017-10-03 00:00:00
9630c683d2abb010ae3d4c70fdc7225f,6893cf3b3146616cda5e6fbdcd68db9a,delivered,2017-10-30 10:44:51,2017-10-31 21:31:16,2017-11-01 20:05:06,2017-11-12 15:16:50,2017-11-29 00:00:00
144e54e15ca33ab0c0789119fe2aa09c,eca860b256d2f63ad2f41d09f7655283,delivered,2018-08-17 22:46:06,2018-08-17 23:09:33,2018-08-20 15:00:00,2018-08-21 19:56:37,2018-08-22 00:00:00
0923b9182325b77894f97a1a532c7102,a4b27f9e304ffa3842ea3b920a22b09e,delivered,2017-10-12 19:42:09,2017-10-12 20:49:36,2017-10-16 19:38:42,2017-10-24 19:10:24,2017-11-01 00:00:00
353fcb9f0aa5bfdba9d0f676bdc044f3,c158314d2b6005f79ba91e8e39f09f9a,delivered,2018-01-06 22:47:57,2018-01-06 22:55:21,2018-01-09 19:00:02,2018-01-29 21:59:38,2018-02-01 00:00:00
57faaa762a71e0603439c7a742527524,a3bbbce815da0de197a60a066006ad75,delivered,2018-01-17 15:54:43,2018-01-17 16:11:18,2018-01-18 23:48:37,2018-02-01 12:16:44,2018-02-21 00:00:00
1375e960b8d45028154f93a737eee0b3,d2ad4d4a08ddd64864abab1693374be7,delivered,2018-02-20 14:25:52,2018-02-21 06:20:20,2018-02-21 22:33:12,2018-02-27 21:58:34,2018-03-13 00:00:00
12224004d3218865e0485410be6e0afc,74668b233d4a12c699c8b338824d9468,delivered,2018-06-04 11:55:12,2018-06-05 04:51:58,2018-06-07 10:56:00,2018-06-11 11:18:28,2018-06-29 00:00:00
67e2b3a30d665abe59b95f2d60676138,67c0b78998f16fcd722c1fcd70f51bd0,delivered,2017-01-19 15:37:26,2017-01-19 15:50:16,2017-02-10 09:11:27,2017-02-10 19:21:54,2017-03-01 00:00:00
47ff8d381edb0deb837f57d7805f0a56,d849cb7234793ea46649de5ac4fbc012,delivered,2018-03-02 12:01:02,2018-03-02 12:40:19,2018-03-09 22:55:24,2018-03-18 14:07:47,2018-03-14 00:00:00
bdea5bf2b68897e7d1b45eb51db0f18b,f12766b8ed1d86d0ed6825ef27d3d1ec,delivered,2018-07-17 14:10:52,2018-07-18 02:50:23,2018-07-19 11:52:00,2018-07-23 18:26:29,2018-07-31 00:00:00
82b8501b11a46fc08df6bb260ac4e40b,b7387411e1331720315e1f4aaec75703,delivered,2017-11-26 20:09:14,2017-11-28 02:55:19,2017-11-28 22:53:02,2017-12-11 16:23:44,2017-12-20 00:00:00
2fb20060c4293790e86d35ac3943e141,3045bdcbe6cdbe95cb0a1094c494f2d7,delivered,2017-11-26 11:51:36,2017-11-26 11:58:34,2017-11-27 21:14:59,2017-12-10 19:04:08,2017-12-22 00:00:00
241d2c88c664bb5edb079bab71467239,6d93238b479f37dcdba8183183448898,delivered,2018-05-09 16:00:51,2018-05-09 16:16:59,2018-05-11 09:23:00,2018-05-15 21:05:36,2018-05-28 00:00:00
0bd46f135d0346fb97b4901188374829,0b18d4eda847aa4c48550e26283c5675,delivered,2017-10-19 19:26:59,2017-10-19 19:35:26,2017-10-20 21:37:20,2017-10-26 23:03:28,2017-11-10 00:00:00
13a9bf67e01c960886119fe9b8761a77,cf862c5539236e2e95939e3f0585a8ac,delivered,2018-04-22 22:20:09,2018-04-24 18:03:37,2018-04-24 20:26:59,2018-05-03 11:57:38,2018-05-16 00:00:00
980ffab6bd5d3545e3e7bbcffed71ea4,e3f30ab2f9f27b28f0415bdd7f8e4a92,delivered,2018-05-19 16:18:30,2018-05-19 16:32:21,2018-05-21 10:14:00,2018-05-24 14:48:30,2018-06-07 00:00:00
a3670896f8c6f70396896223eb4ca8be,01c45d896d5f6343ae095f6acfc2df4a,delivered,2017-05-02 16:56:42,2017-05-03 11:45:11,2017-05-03 15:02:53,2017-05-26 09:19:47,2017-05-30 00:00:00
a9cd6a8565b10d36007e7a68f48af097,577b0e97dcb857725b8b232423bc3760,delivered,2018-08-06 23:49:14,2018-08-07 00:04:32,2018-08-13 10:49:00,2018-08-14 23:38:37,2018-08-10 00:00:00
28116a9f673362aaa7a4349192ad5e61,1915e15858cfdff3c6e7417640ebc5ea,delivered,2017-05-24 12:17:36,2017-05-24 12:31:06,2017-05-25 09:41:27,2017-06-01 12:33:30,2017-06-16 00:00:00
d6437054670e9395cfaeabb37a69e32b,7accad78821efdf3fdd3ad8925d106a9,delivered,2017-12-12 23:50:37,2017-12-14 08:12:19,2017-12-15 16:41:43,2018-01-11 00:59:27,2018-01-15 00:00:00
45f0db29787836d9c41e760c90588af1,f59a170a57d7888bb0757b74e7dc53d3,delivered,2017-04-11 20:18:31,2017-04-11 20:30:21,2017-04-12 09:49:58,2017-04-18 13:37:45,2017-05-19 00:00:00
e11630dcf47900a87f3f6c30141c1078,1b182137f0d8a87e9233b9f0c0f52c8f,delivered,2018-07-15 17:14:31,2018-07-16 22:30:59,2018-07-17 15:56:00,2018-07-23 17:46:29,2018-08-08 00:00:00
e740fe8c6dbc208393a4ae5a567070c1,6743adcde6f609c0dbc985c111ffb9b0,delivered,2017-12-03 11:55:59,2017-12-03 12:12:00,2017-12-07 01:43:50,2017-12-19 03:12:44,2018-01-09 00:00:00
2cc9089445046817a7539d90805e6e5a,05455dfa7cd02f13d132aa7a6a9729c6,delivered,2017-11-24 11:03:35,2017-11-28 12:55:46,2017-12-06 11:52:14,2017-12-13 12:16:02,2017-12-22 00:00:00
cd5c1268e844dba45efdf51b22570143,c89afc9845116057d29003edcd515ed4,delivered,2018-04-05 01:32:17,2018-04-05 01:47:31,2018-04-05 22:22:03,2018-04-06 20:44:29,2018-04-18 00:00:00
f5f61cf2cbe09e08293021b6b12d9e4d,a7e3acb56bdf39422a21ad5cb963d5ec,delivered,2017-10-02 14:34:39,2017-10-02 14:49:14,2017-10-05 19:16:43,2017-10-18 22:15:00,2017-10-26 00:00:00
68b3cbc68e4cd1fe19bec35f1d3bb7ee,1a814d4c8923ef3a0e978777f00b717c,delivered,2018-03-10 00:42:20,2018-03-10 01:21:04,2018-03-12 21:05:34,2018-03-28 18:13:06,2018-03-29 00:00:00
2b954554f16bda26b0674892c02c6684,5f20763b5bd262026f3594475650ba50,delivered,2017-12-07 22:38:16,2017-12-07 22:50:37,2017-12-11 16:58:59,2018-01-19 18:46:09,2018-01-09 00:00:00
6098632af482e77f99ea9888da679c98,f0264d4b14def982146a5487929d32da,delivered,2017-10-20 14:57:27,2017-10-20 16:07:03,2017-10-23 15:38:59,2017-11-01 21:45:10,2017-11-08 00:00:00
2f44c2b7118ffe6d6a8821c9b8adf1c6,9566401b9029f2de8d914e9cfb472dba,delivered,2018-05-02 17:42:21,2018-05-02 18:32:44,2018-05-04 15:19:00,2018-05-09 18:42:53,2018-05-25 00:00:00
c8cb7b0f298cd146d61e1ce533494bca,9cc17bb45c605dc49e16aeb5ae3be739,delivered,2017-04-03 16:37:07,2017-04-03 16:50:17,2017-04-04 10:27:52,2017-05-02 15:04:27,2017-04-28 00:00:00
5a6688af028a842e8a5eefbf4d752334,a5b8f485e9c4e712ef9bb211cb8dd126,delivered,2018-06-18 20:16:30,2018-06-20 02:37:51,2018-06-20 14:42:00,2018-06-28 16:48:40,2018-07-13 00:00:00
a43f64ef96ea58be757bb2afccfd0e4f,37098aaebe2e2e211a48742c17c9567e,delivered,2017-04-28 18:18:34,2017-04-28 18:25:36,2017-05-03 07:33:34,2017-05-09 07:31:50,2017-06-20 00:00:00
8f8bc0535394094e24486da5f27ddc8d,4d9e35dbf257c500b85259d79c87c343,delivered,2017-10-25 19:55:31,2017-10-27 03:07:02,2017-10-27 23:57:48,2017-11-07 21:18:56,2017-11-21 00:00:00
8a022a9ef01a1c899cd33cff15aa43db,1cd42cdd99a937e2fa316e8588ee5044,delivered,2018-01-26 17:17:17,2018-01-26 17:39:26,2018-01-29 19:12:00,2018-02-02 15:27:49,2018-02-20 00:00:00
752c20debb41dbddf6f5898e8d83e766,7703821c2658d5b334972740e5eb7c35,delivered,2017-06-23 18:21:23,2017-06-23 18:30:14,2017-06-26 14:35:55,2017-07-10 17:23:16,2017-07-17 00:00:00
9b2a9d4d3efb4ad2318f65b28a776175,d8e42482d0eda51e849d77e79d749534,delivered,2018-05-21 17:01:26,2018-05-21 17:56:16,2018-05-22 10:31:00,2018-06-05 18:42:53,2018-06-13 00:00:00
9d02a36395b93b35ec7f46d79ee3e8b9,9b9c07a0eaadb3eed67732a6fc954e4f,delivered,2018-01-29 18:29:35,2018-01-31 13:32:23,2018-02-01 21:46:07,2018-04-09 15:58:31,2018-03-09 00:00:00
da07d4f43fafc6af5f26b48f87b710d8,4c64c464e6631d8e5ec399272e4e4cf8,delivered,2018-02-27 11:36:43,2018-02-27 11:50:23,2018-02-28 19:53:11,2018-03-16 10:20:37,2018-03-21 00:00:00
1b76e3d417b12339d254588a95496581,0d9ef7459dfab7b6b3f70bc5f436741d,delivered,2017-05-21 09:43:18,2017-05-21 09:55:08,2017-05-25 15:59:57,2017-05-31 14:16:43,2017-06-13 00:00:00
a889adb9dae2a1639e74395e692c0055,fbbb39b80d5d738c7060c499c8b132d0,delivered,2017-02-26 15:43:16,2017-02-26 15:55:17,2017-03-01 13:54:51,2017-03-06 08:33:47,2017-03-20 00:00:00
e73f1e4b75fb2dfc4c18f8c2afd75687,e7067f47085adab23af0e0a72857de91,delivered,2018-05-29 08:53:36,2018-05-29 09:15:38,2018-05-30 08:53:00,2018-06-13 19:08:24,2018-07-05 00:00:00
64f0da9068715955d37b40377363ecc7,0c874ea1ad6b13fb0eb47582136b6b17,delivered,2017-10-05 19:54:13,2017-10-05 20:07:15,2017-10-06 14:45:55,2017-10-12 12:23:34,2017-11-09 00:00:00
3c7871f5af3741b43672af62bf262d46,3cb2dbb0982e2c3ac0fb60850248a0b1,delivered,2018-07-09 19:54:37,2018-07-09 20:10:10,2018-07-10 15:06:00,2018-07-11 19:34:33,2018-07-18 00:00:00
dca1c8442dbaa43f544c8f51160d42ca,0a87f40f674858ab38bbfb2e069f8437,delivered,2018-05-11 08:48:33,2018-05-12 02:53:33,2018-05-18 12:23:00,2018-05-21 14:44:48,2018-06-01 00:00:00
649aa2900b06d80727880b4e94da7919,881cde96227ba4ff44f52daa470b497a,delivered,2018-07-15 18:57:28,2018-07-16 22:30:59,2018-07-17 13:15:00,2018-07-24 19:51:49,2018-08-02 00:00:00
6768c474e9019cdd1b5f11bb7a126f8f,ea14f618eddbb42cc4651a98fb22f2e5,delivered,2017-03-06 12:52:25,2017-03-06 13:10:52,2017-03-08 08:08:43,2017-03-16 15:27:58,2017-03-28 00:00:00
e83f4ca0e182aa00e538e354aea8a6a8,bd5ef06b3f1546fa26e653fc94df5a97,delivered,2018-04-23 16:31:53,2018-04-24 17:50:37,2018-04-30 13:58:00,2018-05-07 14:08:42,2018-05-07 00:00:00
b896461e3ed46fe0c2f27a21c5a895aa,91e93abb370cd3dc6af2a46b988c593f,delivered,2017-05-31 11:55:59,2017-05-31 13:07:27,2017-06-02 05:19:45,2017-06-08 14:33:14,2017-07-03 00:00:00
a041155864e5141116458291313b35c2,8fbab2ff4df1a7cc9531b14a686bb3ce,delivered,2016-10-04 15:10:15,2016-10-06 15:56:27,2016-10-10 15:56:28,2016-10-13 15:56:28,2016-11-24 00:00:00
f3b96845efd71daecf6b331fb3a9f537,6f92779347724b67e44e3224f3b4cffd,delivered,2017-11-26 20:59:24,2017-11-27 09:16:13,2017-11-30 16:38:43,2017-12-09 11:56:34,2017-12-18 00:00:00
9d7aed3d4801f8607e1fd449c6c11fd2,b101d0e68d719e2d868bc96624f0c471,delivered,2017-09-10 23:05:46,2017-09-10 23:23:19,2017-09-28 18:49:05,2017-10-13 19:12:55,2017-10-05 00:00:00
8f1f4588bb78bae5d946b755f2655f6c,d994618b15e844ee3acdc2cf9d6d881b,delivered,2017-08-14 15:19:06,2017-08-14 15:35:13,2017-08-15 16:18:08,2017-08-25 18:40:05,2017-09-05 00:00:00
c745e617482a01d21b32bca11a598621,2612c133977f2e61129d9b8ca5641fb2,delivered,2018-05-22 23:06:04,2018-05-22 23:17:50,2018-05-23 13:03:00,2018-06-16 11:06:35,2018-06-07 00:00:00
3f759c1be195e02e58191e02a9e8a565,3dd45c81d2f452d90f1e79368cae7579,delivered,2018-05-12 23:53:28,2018-05-13 00:11:22,2018-05-14 12:59:00,2018-05-18 18:07:39,2018-06-08 00:00:00
5e4523cabf8f93bbd962cb5a9671f669,3622212810b9193c5ebf77083e75a164,delivered,2017-11-27 09:16:57,2017-11-27 09:31:25,2017-11-30 23:56:57,2017-12-22 09:54:17,2017-12-20 00:00:00
308256913db7cca26b82a45703a10432,225d7f77c40f2ba1a5a9689b7fdf2537,delivered,2017-07-05 08:29:05,2017-07-05 17:40:45,2017-07-06 13:25:26,2017-07-10 16:42:41,2017-07-27 00:00:00
912013de8efa1e912b59b103a537071f,f9be960abd2531a9b400e714b95ff1f9,delivered,2018-08-13 10:22:22,2018-08-13 10:30:20,2018-08-20 13:41:00,2018-08-23 18:24:48,2018-09-03 00:00:00
a1bb68068326efb8e9c0bfa0e0a02466,076a95451d19c0d270b3174fde51bdc8,delivered,2018-04-24 16:29:58,2018-04-24 19:10:15,2018-04-27 15:25:00,2018-05-04 20:12:28,2018-05-15 00:00:00
e5896b4982934748a02e2d3d889fd1e1,7ce84e2711055b434ef209ae62eebcdb,delivered,2017-05-16 14:07:18,2017-05-17 06:35:17,2017-05-17 09:32:09,2017-05-20 07:33:20,2017-06-08 00:00:00
0645b256ee8f4939ae426819da55488c,356db73529dc6e2c37f3712f9a2c67da,delivered,2018-07-26 14:08:01,2018-07-26 14:24:46,2018-07-27 14:52:00,2018-07-30 21:33:07,2018-08-09 00:00:00
bb74d6a0640a083fa904f08f785f4734,599a693c1fb07cbc0aae49b4c6f54a24,delivered,2017-08-05 11:22:09,2017-08-05 11:35:09,2017-08-07 13:37:30,2017-08-23 15:51:49,2017-09-11 00:00:00
047f9a218bccce8342d77f72c2240f8a,b2027e001d7cd8107cec9f7123f43930,delivered,2017-04-22 17:20:56,2017-04-22 17:35:20,2017-04-24 09:48:55,2017-04-29 09:14:12,2017-05-15 00:00:00
1086086dc8f1556f2238eb1d973e3ac7,550200ca7a0ed2fd23b951edf86a884c,delivered,2018-01-02 21:28:51,2018-01-03 18:14:23,2018-01-09 18:19:22,2018-01-10 13:54:34,2018-01-18 00:00:00
b822f4f445ecd8a555f37cd6aef591ac,c5f01802e14689fa043dd02e57ee0477,delivered,2017-04-06 11:32:08,2017-04-08 02:45:31,2017-04-13 14:14:41,2017-04-24 12:31:03,2017-05-16 00:00:00
4b3c7f8318b056586e0407857f44a136,a7c6653654e36720ded54cb3f92432a3,delivered,2017-10-31 16:20:25,2017-11-01 03:26:13,2017-11-01 18:25:27,2017-11-03 20:27:30,2017-11-08 00:00:00
815ba48fd172b6a71f09180c118a31ca,626da291c796ef2695981deb0bbc9eed,processing,2017-09-15 13:24:29,2017-09-16 03:06:14,,,2017-10-09 00:00:00
59c9ef4cc5672739658022aedd2e01dc,29ea25c295de93b5ee8cf55c286fa0e4,delivered,2017-12-06 18:05:03,2017-12-06 18:16:26,2017-12-11 16:23:16,2017-12-14 02:18:31,2017-12-22 00:00:00
fdfd424dfca9dd4e5e8a895e20bc97e3,ba15a56648e741b218314296f9647e01,delivered,2017-10-09 12:15:42,2017-10-09 12:28:13,2017-10-09 20:43:40,2017-10-18 19:05:39,2017-11-01 00:00:00
2881b13af2b1dee73ff94bad8d235e16,4fa9e718f71d91588d41b11ffb09e8f8,delivered,2017-10-22 13:56:20,2017-10-22 14:14:17,2017-10-25 15:51:56,2017-10-26 22:34:47,2017-11-03 00:00:00
16c2b4477b37b68095480c82b5627def,2a70f969356e2a4bf261fbd483830d5f,delivered,2017-11-10 13:29:12,2017-11-10 13:46:30,2017-11-23 15:58:46,2017-12-05 20:17:05,2017-12-06 00:00:00
34a0606eca141f2c9ccb352883ee3fbe,18a7aeb193cba51394e6c333230dbfb0,delivered,2017-08-25 11:48:54,2017-08-25 12:04:45,2017-08-29 18:22:08,2017-09-01 21:42:48,2017-09-21 00:00:00
0efd0bc268d34da3f01f4ff25a6d4335,95446917717bb58d553d107d0f1668f6,shipped,2016-10-07 15:53:31,2016-10-07 16:12:22,2016-10-11 16:12:23,,2016-12-13 00:00:00
c96fce6251b1af10a35cdf0675566dd0,3e9799c29c70ce74f4d64cf58e7114d6,delivered,2017-09-26 12:48:14,2017-09-27 02:49:52,2017-09-28 17:40:11,2017-10-01 17:09:36,2017-10-16 00:00:00
f65b97e0ce63435e9d58afec633f3f69,1c72ed9963ce45f7733bcc782536c858,delivered,2017-07-10 13:07:00,2017-07-10 13:23:24,2017-07-12 18:46:10,2017-07-13 18:13:43,2017-07-21 00:00:00
5683975334cf0cbd77e90d11c940b257,3c4426db9150769c092488058c9c59e5,delivered,2017-11-02 19:46:06,2017-11-02 20:05:16,2017-11-06 17:35:39,2017-11-14 20:44:15,2017-11-29 00:00:00
7bc7165d19e5d485ac75504e52904be2,c2ae2ef380ab9c79079da7e6157cdbba,delivered,2017-09-12 06:55:12,2017-09-14 02:50:39,2017-09-15 17:57:45,2017-09-21 20:46:50,2017-10-03 00:00:00
0c431e960acdfda9c7a640ee9bac19f0,1c244737574dde88c13a85c04017d496,delivered,2017-11-26 21:26:16,2017-11-28 21:36:24,2017-11-30 22:53:07,2017-12-04 21:18:49,2017-12-11 00:00:00
7af014956ed06246005b5e0740fd891c,913e1c5bc2d3a433d3886677298dcbf9,delivered,2017-10-26 21:31:25,2017-10-26 21:46:17,2017-11-01 19:44:52,2017-11-09 17:03:48,2017-11-08 00:00:00
9a965cd710da5125076afbd641624600,f26dc4fb2f5373199f3430bda158626c,delivered,2017-05-15 22:53:50,2017-05-17 03:55:28,2017-05-18 08:00:00,2017-05-23 17:42:41,2017-05-26 00:00:00
4a9abb72c66423766ec1a903dc6c70fb,3026909b7b21888a53f87fbc65ae6e5f,delivered,2017-11-23 22:02:16,2017-11-23 22:19:54,2017-11-29 14:51:36,2017-12-26 22:34:36,2017-12-14 00:00:00
2b87a0e7f47bf0c58a291e0ddb173774,693d065dd4a1d11c5732f3c64c495a0c,delivered,2017-09-01 14:32:29,2017-09-02 14:25:10,2017-09-04 23:28:07,2017-09-13 11:03:16,2017-09-26 00:00:00
0be1de7b2e4f05c1dfa7455be69706db,3880eba5034584724992ca0fb55fb91f,delivered,2017-05-25 18:33:47,2017-05-25 18:42:29,2017-05-26 10:53:55,2017-06-01 14:43:56,2017-06-14 00:00:00
d05cf40cb923ba228822414cc52067c3,2f8d1f27dbf2a944f1b5bda2de277ccf,canceled,2017-09-23 06:23:19,2017-09-23 07:00:06,,,2017-10-10 00:00:00
bfa7f4169cb6c6e8221434275a2a0ab7,25a4663e18df5049ebda091ed940b810,delivered,2017-04-29 20:32:25,2017-04-29 20:42:45,2017-05-02 15:35:35,2017-06-23 10:47:38,2017-06-05 00:00:00
590e553dbe26e3d9c4b68e521b9b2510,ff435cc65cd916dc80ccdb0d1dba39f1,delivered,2017-12-03 23:06:10,2017-12-03 23:31:27,2017-12-06 00:33:34,2017-12-21 23:16:59,2017-12-29 00:00:00
6053546de45b3aa8422ee0020b1a2da4,a0321a8ae1027f1f4740410953baf258,delivered,2017-05-12 20:44:21,2017-05-12 21:25:18,2017-05-15 13:10:22,2017-05-25 08:25:56,2017-06-01 00:00:00
225c2d5256f969a58d04909cccbdbed0,6d0e4977b6c66f02151b69c461845724,delivered,2017-07-03 19:02:49,2017-07-03 19:15:19,2017-07-04 14:07:04,2017-07-19 22:11:25,2017-08-02 00:00:00
d152d9b39cef5941978b389e5ffee780,1f6ba909178c5b0e523cabcadb617a4c,delivered,2018-06-30 21:02:21,2018-06-30 21:15:12,2018-07-03 19:41:00,2018-07-04 14:41:40,2018-07-16 00:00:00
852fdd7b9e0ba140e88ebb71a0ff0094,a3c4029a2c764204030ab1c1cb88e6ae,delivered,2017-04-24 18:46:23,2017-04-24 18:55:19,2017-04-25 18:52:39,2017-05-12 20:38:56,2017-05-11 00:00:00
8f33d31c2e4218814fa61caecbd724c2,ef9cb89d841192944af064c171bb901e,delivered,2018-07-29 14:02:33,2018-07-29 14:15:14,2018-07-30 13:36:00,2018-08-03 12:48:36,2018-08-03 00:00:00
e88f99d9e433a6a8968b38b7dd55b080,4e0516b0703449a20cea0664ab29c339,delivered,2018-01-19 11:05:41,2018-01-26 17:03:53,2018-01-29 23:29:13,2018-02-19 22:07:11,2018-02-09 00:00:00
1d682037f2c5327f76a76a18f8053908,4b3d787a9e9869521189c533d2faa9cb,delivered,2018-06-11 20:32:09,2018-06-11 20:59:30,2018-06-14 13:17:00,2018-06-18 20:50:45,2018-07-03 00:00:00
77b17b2f92133e6f97e04418fbd53a01,00b7c3aa68e7f0e83117105ee4964a49,delivered,2018-07-14 11:47:06,2018-07-14 12:04:07,2018-07-16 14:56:00,2018-07-24 20:31:45,2018-08-01 00:00:00
c0070e7146aa7d97028eac87ba2df69c,5f978a59ff0d88d6c665ec75ffa8bc5f,delivered,2017-11-13 21:47:14,2017-11-14 21:46:45,2017-11-16 15:34:54,2017-11-17 20:16:59,2017-11-27 00:00:00
15c2d2803c9a7a4ba8f528a65814848d,474ea672696b1f26ea40d7e7e2bf357f,delivered,2018-04-24 13:34:14,2018-04-24 17:42:46,2018-04-25 13:41:00,2018-04-30 15:08:44,2018-05-17 00:00:00
05f99bfc5053a88e0955bea396422a81,8def9d598c2a056d7d5f048bb2a86f88,delivered,2017-10-25 23:21:21,2017-10-25 23:35:16,2017-11-07 20:52:57,2017-11-21 12:44:48,2017-11-24 00:00:00
016ff85737c2072ab00a705cd8f87799,590db569569a4a1b3074694f522309fc,delivered,2018-01-02 11:12:14,2018-01-02 11:19:25,2018-01-04 14:55:14,2018-01-10 18:53:23,2018-01-30 00:00:00
f09ee33b5d977c908ce324417907f574,8d955047b04c2c2d2a8d47b90f7e71c3,delivered,2018-02-09 08:42:35,2018-02-10 02:35:54,2018-02-15 01:09:12,2018-02-22 21:47:40,2018-03-09 00:00:00
90ddd79887b51000b7c93a420dd927a6,69238435cb9d4014c89bb7f8d8f0a467,delivered,2018-07-12 19:07:40,2018-07-13 02:50:17,2018-07-13 09:11:00,2018-07-20 17:47:36,2018-07-20 00:00:00
6563b375a3fad2d240225b16ee246f68,698b25aa11b2faee7c690a4b5f865730,delivered,2018-08-07 15:10:27,2018-08-07 15:25:05,2018-08-08 14:22:00,2018-08-13 17:26:48,2018-09-21 00:00:00
57b49374c8a506e6a26dfef7b426f342,26753513441a5bea0e70e60c4713d04a,delivered,2017-11-08 16:52:19,2017-11-10 03:06:26,2017-11-10 21:12:11,2017-11-17 21:46:45,2017-12-08 00:00:00
2f0bf5f44f075c8b48a0adbcc3eaa408,1f3ae51a39012c80a1932ec6deda6dc1,delivered,2018-02-03 21:44:39,2018-02-03 21:55:24,2018-02-07 23:22:03,2018-03-08 21:44:22,2018-03-13 00:00:00
d80acd042318a15fe9be8faa8ee23d06,d55e59cb88c71f59123ab5ae3656f185,delivered,2018-05-27 11:44:23,2018-05-27 11:55:14,2018-05-28 13:19:00,2018-06-08 14:33:38,2018-07-11 00:00:00
f3d080189527bee0d1c18363cb6a7b88,3ae98ac231e3e2df7ecfac91f184b626,delivered,2017-04-26 21:53:54,2017-04-26 22:55:20,2017-04-27 10:20:11,2017-05-08 08:56:52,2017-05-24 00:00:00
47a9a1491f70a8280d5f449baaba7c03,9c62b85664e1ec0955cead693b1c74af,delivered,2018-02-02 13:40:38,2018-02-02 14:51:44,2018-02-03 01:04:02,2018-02-07 11:10:28,2018-03-02 00:00:00
a251945eec0cc0482667c716eab7c09c,9ec9cb2a44ecdd3fd0c412cb3d331c03,delivered,2018-07-23 11:56:55,2018-07-23 14:31:01,2018-07-23 14:56:00,2018-07-30 21:51:15,2018-08-14 00:00:00
823543bada3fd3a5ba1f68e7a35fb9eb,a3413efece911dfc80dd67c37ed1fa30,delivered,2018-01-30 13:04:47,2018-01-30 13:15:33,2018-02-02 01:38:46,2018-02-05 16:45:47,2018-02-21 00:00:00
cc0ee746e44b018d18115fbcea7547e2,7ec218a8de458e6acd25155e4a63f68a,delivered,2017-05-22 23:21:58,2017-05-22 23:30:11,2017-05-23 13:31:46,2017-05-30 12:38:58,2017-06-20 00:00:00
4571099e8d87a92750edfddf99e5b56a,a9c84e1f26030a62a8f1ed9ae3ded6de,delivered,2017-06-16 17:12:16,2017-06-20 11:35:14,2017-06-22 15:34:14,2017-06-29 16:22:03,2017-06-29 00:00:00
78eda8cdf7d5a0f8b22ad393f0139981,865642a01a73d8731725095e54313684,delivered,2018-06-03 17:22:13,2018-06-03 17:35:13,2018-06-05 08:53:00,2018-06-08 19:51:49,2018-07-05 00:00:00
385ee6bd014c3ca0b3be6215f97349d0,f90aaea7d2f604616c2f3cf4af915d7b,delivered,2018-06-21 16:49:59,2018-06-23 01:15:51,2018-06-25 14:45:00,2018-06-26 18:42:37,2018-07-04 00:00:00
b6a87380ebe0e02e7ed12272492b3ca0,5c1d6f2b9a790917140df3013643b6c4,delivered,2017-11-26 07:52:37,2017-11-26 08:13:16,2017-11-28 10:09:59,2017-12-04 22:25:29,2017-12-19 00:00:00
ebc94658c583ab37ad4f8e9091c4bef2,92dbb92ac5c6b1822c3aa951d33e61d0,delivered,2018-04-14 08:22:43,2018-04-24 18:04:50,2018-04-26 15:57:00,2018-04-30 20:39:01,2018-05-03 00:00:00
2b8ba44b2befca2f4f5f089a38c1b86a,c2d4fcf7c133078a567cef39ed2aac04,delivered,2018-02-22 08:44:31,2018-02-22 08:55:56,2018-02-27 01:48:54,2018-03-21 19:31:36,2018-03-26 00:00:00
f6d1cdaea8f3582ecfef0882b910ad6d,4e43213ffcda4860e318417251b8f12f,delivered,2018-04-26 14:36:32,2018-04-26 16:52:59,2018-04-27 14:17:00,2018-04-30 17:15:32,2018-05-30 00:00:00
21193ceb3126a8f074b52e7855442366,29c1dd7d642766efc9ef981feee0c691,delivered,2018-03-21 11:46:15,2018-03-22 02:51:07,2018-03-22 20:38:23,2018-04-06 00:31:50,2018-04-09 00:00:00
e02aeb8a43d1603416dec00e3e77cd94,82af4b6b59693e1239a928ecfdec020a,delivered,2017-09-14 15:10:48,2017-09-14 15:26:08,2017-09-19 21:57:00,2017-09-25 20:13:30,2017-10-03 00:00:00
4d171855324a9f6bbfceca895af66e6b,0237d2fa2b48e6fe5e53c09fc74a5cda,delivered,2017-09-25 16:13:35,2017-09-25 16:45:04,2017-09-27 15:15:19,2017-10-03 18:48:29,2017-10-18 00:00:00
49cf32489672b15ea441df827b693bfb,fdbd4c985b856764d8a4a30a3cdd1d8f,delivered,2018-03-26 00:57:58,2018-03-26 01:10:39,2018-03-27 22:24:50,2018-04-11 21:22:57,2018-04-18 00:00:00
5cb4a587f7a1629930151748b4197991,c99660d36898e353ee71bd909f7c37c3,delivered,2018-06-12 08:51:21,2018-06-12 09:18:05,2018-06-12 12:38:00,2018-06-19 12:38:34,2018-07-13 00:00:00
ffd5efbd46bbf72ad374862a05ef4c72,486d66df3ef703d001f77632e7fe6bd8,delivered,2017-02-01 18:39:14,2017-02-03 03:35:07,2017-02-08 11:05:23,2017-02-15 14:41:47,2017-03-17 00:00:00
125f4dd03bbae6aa696e6196ac423f72,7af73a8a96ff524df046d8b5ed974024,delivered,2017-08-15 11:58:33,2017-08-15 12:50:17,2017-08-15 18:39:56,2017-08-21 19:07:28,2017-09-08 00:00:00
e5b292baeb54bb25ac86ffbfc531c8ff,28cbe238e90cf428598b2a2e58f0b595,delivered,2018-03-22 20:43:40,2018-03-22 20:55:35,2018-03-26 21:58:57,2018-04-06 21:38:43,2018-04-13 00:00:00
f12e512d4a25a3aef0acba13d8860fd1,7c721f8ee69460435bb2e8b6c0d63995,delivered,2018-06-06 14:45:21,2018-06-06 14:55:32,2018-06-11 06:47:00,2018-06-15 18:33:44,2018-07-20 00:00:00
52692fd13ed3c4d1ec0df879ad5e7a6b,3de3e8522e10142f9c6d2027154ad596,delivered,2017-04-29 19:11:54,2017-04-29 19:22:37,2017-05-03 15:33:56,2017-05-12 11:07:38,2017-06-02 00:00:00
e26405d4ea696a94eea2c9b2a344f625,10939fe7d24f9b514eae65d8a0e94935,delivered,2017-11-28 18:34:27,2017-11-28 18:56:51,2017-12-07 21:03:34,2018-01-10 21:58:46,2017-12-27 00:00:00
f2a3d556c40ae141f8633033d5589bc5,c05c34b1afc0457b51c2eec69cc08eff,delivered,2018-07-15 18:02:57,2018-07-15 18:15:09,2018-07-16 13:37:00,2018-07-20 18:47:37,2018-07-31 00:00:00
6f834f2bc49204574e674eaefec43d14,2642ddd5e404f21e99f96e3f51a25cb5,delivered,2017-10-07 22:46:30,2017-10-07 22:56:12,2017-10-11 19:38:59,2017-11-07 21:58:41,2017-11-06 00:00:00
56259896085ecf2a38806e4f171032c0,93afa2593efd4f09f64c0b0394f6621e,delivered,2018-06-21 08:48:47,2018-06-22 02:37:08,2018-06-22 14:51:00,2018-07-03 20:46:46,2018-07-25 00:00:00
30bef37a80d21494c619aea50b367550,01a9e6a66ed15bb3c5b3d9abc2e046a4,delivered,2018-08-07 15:22:32,2018-08-07 15:35:21,2018-08-15 06:25:00,2018-08-16 12:48:47,2018-08-13 00:00:00
6ad8f26313f94953c151cd98f46d1688,d8bffb0086cfdfd4a2139d7c8a461106,delivered,2018-02-22 23:21:08,2018-02-22 23:30:28,2018-02-23 22:59:32,2018-03-02 16:04:52,2018-03-14 00:00:00
d34b91927899aaba97d258d038884053,cf50af49e1f2f2757e157b3ff3506bcb,delivered,2018-03-12 17:38:17,2018-03-12 18:09:37,2018-03-16 19:19:42,2018-03-21 19:19:30,2018-03-28 00:00:00
8a869c5b11ad7a70c229a9d119f245a8,77052b5023b16260835d701c7040f9b0,delivered,2017-07-28 09:38:42,2017-07-28 09:50:25,2017-07-28 19:32:44,2017-08-03 17:17:52,2017-08-28 00:00:00
774bdf79f367d25dd36a9e0a8c739423,a9979110f5ae50a3ba4742be43c123db,delivered,2018-08-26 13:49:27,2018-08-26 14:04:18,2018-08-27 07:28:00,2018-08-29 17:54:29,2018-09-14 00:00:00
e9ab3fdd8251492add1d9ccc054c8b4a,6ebeb2d4900ac11ccaefd4071e0507fe,delivered,2018-02-18 20:18:23,2018-02-18 21:26:46,2018-02-20 17:23:03,2018-03-06 13:59:16,2018-03-13 00:00:00
0b2a43ec15f983f589ecd097455b283d,9a73612485c1eaf2ea1e2b46d3890cb8,delivered,2017-04-02 20:14:13,2017-04-04 05:50:45,2017-04-04 15:28:46,2017-04-13 16:14:09,2017-05-04 00:00:00
a427db09dd194740f13a3a2c7bcf38bc,35db0c2edcd70d3ebd5cdc04b009ae38,delivered,2017-03-11 16:33:35,2017-03-11 16:33:35,2017-03-13 16:22:09,2017-03-24 13:17:46,2017-04-03 00:00:00
5b3eecddd7b10744360abfff7a6a74a4,45c76559b2c80c41022e3c6877a49a4a,delivered,2018-07-25 09:54:17,2018-07-26 03:05:15,2018-07-27 14:15:00,2018-07-31 19:07:34,2018-08-07 00:00:00
f98afca2779cb0337d7eb2bdcd2f8553,12c949ba7c24e9587a88c406d2aecbb0,delivered,2018-08-21 19:59:01,2018-08-21 20:10:20,2018-08-23 13:57:00,2018-08-25 17:24:34,2018-09-17 00:00:00
f791078f5bc7c09db8f76d26f0db4588,10c4efb37540624591e9cc876785fa40,delivered,2018-01-20 17:28:28,2018-01-22 13:54:58,2018-01-23 20:59:37,2018-02-14 21:29:11,2018-02-19 00:00:00
b1df53a4660846754f7bf67df104f6de,79d01f9efd7c41ad47abace96c33c09f,delivered,2018-04-20 12:29:17,2018-04-24 19:09:31,2018-04-26 11:37:00,2018-05-20 13:03:58,2018-05-15 00:00:00
d395487acc00973147547457dc3af3f9,243006bde78b37ee1cc3a24727e8f5de,delivered,2017-10-10 01:06:52,2017-10-11 03:14:39,2017-10-11 19:47:55,2017-10-17 15:38:05,2017-11-10 00:00:00
0263464225bdea582f602c369c2b6061,f36723822267d804066b22ef8b5eb655,delivered,2018-04-04 22:23:19,2018-04-04 22:35:17,2018-04-06 17:54:36,2018-04-30 13:51:11,2018-05-07 00:00:00
012973f4cb6743d00d7e2644ddc8804c,eb00b6b34bb7da3b9cf13c9ba8d1e136,delivered,2017-01-27 22:02:29,2017-01-28 10:32:38,2017-01-31 10:21:48,2017-02-06 13:58:54,2017-03-09 00:00:00
2228184e3773ea7d28d150ed03ef65dc,3a30f46ca4c7d968237e18784dd3495a,delivered,2017-04-09 17:21:29,2017-04-09 17:30:11,2017-04-11 15:19:41,2017-04-28 16:34:20,2017-05-04 00:00:00
081aa4722ec9005a164bb9e2c2090911,853bcde006a5a776eaf9930b5b0f961c,delivered,2018-06-19 12:42:57,2018-06-19 12:58:26,2018-06-21 14:18:00,2018-06-22 21:33:02,2018-06-29 00:00:00
6a91f55a2fad58d1b580326cd07f5795,ca970e8045a80d7bfb9b994b321439f8,unavailable,2017-08-14 00:22:36,2017-08-14 00:35:20,,,2017-09-05 00:00:00
0419d1888e0a963802e403d8507c753a,fc67f5d5228bebc0bd370df60b7687c6,delivered,2017-11-21 22:30:45,2017-11-21 22:46:50,2017-11-22 21:51:08,2017-12-02 17:03:56,2017-12-13 00:00:00
a4fcc7fbe8b6b02b25175965c44780ef,24f35142319f5e6de65cf5cd4220dfcc,delivered,2017-03-23 15:22:05,2017-03-23 15:32:19,2017-03-28 14:17:45,2017-03-30 15:42:33,2017-04-13 00:00:00
178b5b0a92e0eb145266afde0c2fb50f,86c0003573cc55927d66373f55ddbf6b,delivered,2018-06-23 18:48:25,2018-06-23 19:16:07,2018-06-25 14:57:00,2018-06-29 14:12:08,2018-07-19 00:00:00
487c027c71928d6a1401ed7e13ad94ec,4dfb74a56305f2e02273941a2905115f,delivered,2017-09-23 08:13:05,2017-09-23 08:25:37,2017-09-25 14:22:56,2017-10-18 20:51:50,2017-10-31 00:00:00
62be68249b40c739190fcce9a791f406,1af572fe09cb375a153938ba4c428e2b,delivered,2017-12-02 18:56:39,2017-12-02 19:10:47,2017-12-04 15:37:11,2017-12-06 21:18:57,2017-12-20 00:00:00
77be5fd20b7a094653fc11f969c22eea,adf1188c878b3485a0c5c402d95fc692,delivered,2017-08-17 06:51:13,2017-08-18 02:25:52,2017-08-18 18:08:07,2017-08-30 17:52:33,2017-09-18 00:00:00
3e07f3e5491c1c3d9c9f02a1071006a7,934cb46592d9125ac95165b62fd4a737,delivered,2018-04-12 11:55:25,2018-04-13 13:14:12,2018-04-19 22:05:03,2018-04-23 19:56:48,2018-05-07 00:00:00
28d2a5cfa6ad3fed5f73c66dca690d22,1a569f84f0d009ad5ffe957ac8471572,delivered,2018-06-08 13:56:46,2018-06-08 14:47:18,2018-06-12 10:09:00,2018-06-23 00:51:19,2018-06-29 00:00:00
fa8ab18ea94ab4c733ceefb609fab318,0db36b3f2051fa4dd7db065bbadfd7b4,delivered,2017-04-13 10:14:47,2017-04-13 10:25:15,2017-04-13 11:51:48,2017-04-18 11:44:12,2017-05-12 00:00:00
424e818a199f6e82a246973ed096f5cd,893322fe32b6324feb35a9eedf977675,delivered,2018-03-19 10:20:04,2018-03-20 10:15:31,2018-03-21 19:05:33,2018-03-29 21:26:33,2018-04-11 00:00:00
827b21495b95bc672dfaa1fd55d7025f,943dfe8d4ad25b86e1d05cf6ed029772,delivered,2018-02-19 14:26:27,2018-02-19 14:35:28,2018-02-20 01:04:53,2018-02-27 11:59:38,2018-03-15 00:00:00
f103be8682f589d58ea25909ad7d74f9,42ed17dd9dd112b5f482da819af01e08,delivered,2017-05-15 12:01:45,2017-05-15 12:18:51,2017-05-16 13:06:11,2017-05-17 09:32:20,2017-05-26 00:00:00
bc1a9933d400e03035913b81f0481158,f739022be038edc7b5e746c83256c80e,delivered,2017-05-14 12:50:58,2017-05-14 13:05:25,2017-05-17 14:58:38,2017-05-23 12:14:05,2017-06-02 00:00:00
aeb24c8a3ff615b3a6fe47e27996fb7c,8fa1e3e238ef73b441de4459dca8a032,delivered,2017-12-09 22:09:30,2017-12-09 22:18:25,2017-12-11 19:05:07,2017-12-19 22:27:38,2018-01-09 00:00:00
6054a8f23a3a1509607a206e7b6f6e1c,ce9a1bfe7bb87600f05f5c3a6ca24ce7,delivered,2018-04-25 08:19:54,2018-04-25 08:31:02,2018-04-26 06:40:00,2018-04-30 21:03:19,2018-05-17 00:00:00
bd73b77940b4755971250ad4a3cd95b8,7895ebfbdd8fc2dacfde641703e4d481,delivered,2018-03-11 21:41:48,2018-03-13 04:15:39,2018-03-15 21:13:32,2018-03-27 22:22:18,2018-04-04 00:00:00
80f2ad91eff25a16d7c2f14250d84274,8a5bfb2a4133b557df91c46ab115fab0,delivered,2018-01-29 13:56:15,2018-01-30 15:33:34,2018-02-06 15:07:52,2018-02-17 07:37:26,2018-02-21 00:00:00
f91c5f1e1175df3a7bb0aea646ca91fd,ae4d83181ab3495da4768ab7ed8b5a5d,delivered,2018-05-08 08:38:58,2018-05-09 12:31:23,2018-05-09 15:37:00,2018-05-16 20:55:43,2018-05-23 00:00:00
c6b9d9f3b3e711c1cceadb55a9e02db9,9118fa17cfbbea237530d27536ec6eaf,delivered,2018-06-28 19:58:39,2018-06-28 20:10:11,2018-07-03 08:29:00,2018-07-11 16:20:49,2018-07-23 00:00:00
34baf8fd958f556b5ac8a6bb9ed94c81,23ef0f232de5ca31341107399234dbc7,delivered,2018-03-20 14:44:43,2018-03-22 02:56:15,2018-03-26 21:59:01,2018-04-04 20:58:37,2018-04-10 00:00:00
a70c2731036432f7c710356af12518ee,2f3c92e587aaca2bdc0ccb6b09caf5e2,delivered,2017-12-05 21:51:49,2017-12-05 21:59:24,2017-12-08 18:57:16,2017-12-21 18:46:39,2018-01-04 00:00:00
dfb6a56c471c1a04a0714eed6ce75de1,a2afcd1851ebd758bcc566697c69369d,delivered,2018-01-10 16:41:10,2018-01-10 16:49:37,2018-01-24 10:24:58,2018-02-01 21:31:35,2018-02-09 00:00:00
ec8cbb2f067bf3af1cdf3c82ce77e1c9,9dadc4bfa2ec469a923c2ac8ffdc3a0f,delivered,2018-01-22 22:03:53,2018-01-22 22:16:24,2018-01-24 19:22:11,2018-01-26 21:33:24,2018-02-14 00:00:00
b2f4a8f4cbaf1ca08d4454b73851e754,df49b4bbc3535190a56a275caf8835c0,delivered,2018-01-16 12:56:02,2018-01-16 13:10:13,2018-01-16 21:04:28,2018-01-22 23:38:41,2018-02-15 00:00:00
63a2b4d7eada51b13286108f3dc29b3d,0d9734a4567cc69f0c6631ef532eb423,delivered,2018-06-24 18:47:55,2018-06-24 18:56:01,2018-06-27 10:46:00,2018-06-28 15:51:04,2018-07-13 00:00:00
1e00c916d9813c0f523a32d1af47f5d8,1316bddb2ff7d5ad98530bd2b0c9a454,delivered,2017-12-07 23:21:47,2017-12-07 23:30:29,2017-12-20 19:09:26,2017-12-30 11:48:52,2018-01-05 00:00:00
de785327509b53e26bbac35504eda97d,cab782713f3d7b3847d6221940768673,delivered,2018-05-07 01:00:48,2018-05-08 19:53:05,2018-05-10 10:57:00,2018-05-18 23:35:21,2018-05-30 00:00:00
c920c9b4a0fbe334f146d3b9822f3cce,b79dae897347b6c137d63e50b5be5b1a,delivered,2017-02-09 12:53:13,2017-02-09 13:15:17,2017-02-10 11:34:07,2017-02-22 17:17:40,2017-03-14 00:00:00
5658e0069bd2fa9423e4d9d94469b7c3,14b558f0e7224d69873f694dea6c7cd6,delivered,2017-09-30 18:38:26,2017-09-30 18:57:51,2017-10-03 16:40:21,2017-10-04 22:29:40,2017-10-18 00:00:00
0ddfbabc1c05f7dbef2c054efed7902f,575ceeb297976876affc5f1ae9cf865f,delivered,2018-01-07 23:17:46,2018-01-07 23:27:43,2018-01-10 21:13:39,2018-01-11 23:03:34,2018-01-31 00:00:00
842b6e7534c63c7956d72bb3f64bbecd,3d8b7af41db37fdc3542e4382a019b83,delivered,2018-02-20 10:59:58,2018-02-20 11:10:27,2018-02-23 01:32:50,2018-02-27 18:19:20,2018-03-12 00:00:00
bac291727c72229414dc95282651bf0b,2b5603bb4431518dcfe8233705589c71,delivered,2018-03-17 10:31:47,2018-03-17 10:50:31,2018-03-19 21:22:07,2018-03-28 17:03:47,2018-04-05 00:00:00
a6885484f375e5b08eef9d9cac53af34,8346871a40eb7d34a0de012dd8730ab2,delivered,2018-07-29 12:29:19,2018-07-30 16:25:27,2018-07-31 13:05:00,2018-08-01 23:48:44,2018-08-07 00:00:00
77f1154408d21b17a8bb5ff045e9153c,842a6c0885e47c69615b599eba940e0b,delivered,2018-03-13 14:16:46,2018-03-13 14:28:36,2018-03-14 23:51:33,2018-03-15 15:44:23,2018-03-29 00:00:00
26968873aef9380ae17bfc3717c8cd7d,a16025dec02306f6b74a5bef5e6a3dfb,delivered,2018-06-30 13:21:53,2018-07-05 16:17:45,2018-07-03 13:55:00,2018-07-12 13:38:42,2018-08-08 00:00:00
f9785aac2c09a1713d8a8901598807a2,871186e2f16364a2861be9b5abdad193,delivered,2018-02-20 16:35:29,2018-02-20 16:50:39,2018-02-21 22:22:34,2018-03-13 11:22:03,2018-03-27 00:00:00
27ae4a0be8ab218e05e205f6fcacb88b,ecbc1f93ebdd2a1623844a2a7a636204,delivered,2017-08-14 10:04:37,2017-08-15 03:44:03,2017-08-16 17:04:39,2017-08-19 13:23:56,2017-08-28 00:00:00
a3928d42c137a3c6fcd9c61712ad678f,5233c58c91a5feca56cfc6ac7ff0b6fe,delivered,2017-12-19 17:51:32,2017-12-19 18:52:32,2017-12-20 20:49:17,2017-12-23 11:13:23,2018-01-12 00:00:00
92b678b4a340519864bc48f15ec27285,003bc8d06ebed9d146eb9f100d0a89ae,delivered,2018-03-07 15:08:14,2018-03-07 15:32:10,2018-03-08 22:30:43,2018-04-05 19:23:32,2018-04-06 00:00:00
4b43461ed06d891d8c85531845c7f2ee,b4694eda03bf5091adee5c21f837a67a,delivered,2017-12-02 17:51:45,2017-12-02 18:17:38,2017-12-19 23:13:02,2018-01-02 11:19:15,2017-12-20 00:00:00
d4a2243950b928b012d06a50b8dcbcb7,1f85bacdd00ea14684d2de1c26456f31,delivered,2017-11-24 14:51:32,2017-11-25 03:55:34,2017-11-28 22:16:01,2017-11-30 22:29:05,2017-12-08 00:00:00
816b15129b14c066ff4f5755938aefb0,1d676b0771f334b33856636aedba43c1,delivered,2018-01-11 15:32:58,2018-01-13 04:54:48,2018-01-15 23:56:01,2018-01-18 12:19:24,2018-02-02 00:00:00
92636fba2bec02c660ed866c0ab6f4bd,0840d7dc97709287f5fde4d15a357595,delivered,2018-01-24 23:44:30,2018-01-24 23:56:29,2018-01-25 18:32:28,2018-01-30 17:33:15,2018-02-19 00:00:00
ab74744c8fcb2aebc5495e4a03c30aa1,dcca8e337decb11f366852c75ccf156e,delivered,2018-08-08 11:10:15,2018-08-08 11:25:11,2018-08-08 16:26:00,2018-08-14 14:30:41,2018-08-16 00:00:00
cb6eba3723e0145a57f6d9cc2c5dce4b,c4652b51edab50d87139ea73e4cdfc2e,delivered,2018-07-27 15:24:26,2018-07-28 09:25:14,2018-07-30 19:01:00,2018-07-31 20:52:40,2018-08-06 00:00:00
13e5354115bbe8a836521ae423852ffe,e776d2b8ab9a626626d2763701cbd640,delivered,2017-10-03 21:36:05,2017-10-04 03:07:25,2017-10-04 19:17:57,2017-10-08 14:30:07,2017-10-26 00:00:00
816a46a1473af18688a832b10acf062b,bfd67443b57d0bf7c809e99ce4ebf132,delivered,2017-12-10 13:30:00,2017-12-10 13:37:33,2017-12-11 19:28:47,2017-12-13 15:09:00,2017-12-28 00:00:00
4e759d3af1eb92cd808db2a87ce21282,8ed61098286e7149e1cd56e639609c7a,delivered,2017-10-15 16:10:56,2017-10-15 17:08:36,2017-10-16 21:03:07,2017-10-24 21:45:12,2017-11-14 00:00:00
c340db08a331e90da6cf5f9bdb0d2d31,0d052cd94da173d03fd97ef2de6b6223,delivered,2017-11-24 22:52:28,2017-11-25 01:16:08,2017-12-01 21:46:59,2017-12-11 23:42:42,2017-12-15 00:00:00
cc6b24184c966c627e754fcdc80e9e53,66c1df9a7da92f26904500c8159545c4,delivered,2017-12-25 14:32:24,2017-12-25 14:49:25,2017-12-26 20:19:34,2017-12-28 18:12:34,2018-01-15 00:00:00
bea1da5f113566234f755218971ad0f1,d1b124e1dd9cd2632db8aa899f111dd9,delivered,2018-04-16 09:49:08,2018-04-16 10:10:53,2018-04-17 19:58:35,2018-04-23 17:56:34,2018-05-14 00:00:00
ec14fe27cdd56da769c9bdd391d045bb,ae9d2891117e90ccb2f5c67fe6788a59,delivered,2017-05-03 14:19:02,2017-05-03 14:30:18,2017-05-08 15:34:05,2017-05-16 13:42:59,2017-05-30 00:00:00
0f4ace47be2863cb7e7e547f32afbe2a,37a6be75367f9868cc1af702f0833136,processing,2017-12-04 22:14:17,2017-12-05 10:30:53,,,2017-12-29 00:00:00
c5ad7fdd6f4b3a546653f42ca0c64da3,691d9a220987890bc307768fda93e890,delivered,2017-05-23 13:21:19,2017-05-23 13:35:08,2017-05-25 09:32:49,2017-05-26 14:29:57,2017-06-07 00:00:00
add3e322151e47705826b60fbe20356f,b2ef679648d3600d19b9eb1ee8c853e7,delivered,2017-10-26 19:14:52,2017-10-26 19:26:35,2017-10-30 20:13:58,2017-11-21 18:11:27,2017-11-16 00:00:00
84dac351c4b0c1cf7151928e14e03008,38b3e1d7ff83dcfe80315b3de83c4676,delivered,2018-08-18 13:57:49,2018-08-18 14:10:10,2018-08-20 12:15:00,2018-08-21 18:48:55,2018-08-30 00:00:00
3f8e641fbeeebd6f2d786d0b280e300c,6e89d2f39a8b7bcc43316d5e8c4c494a,delivered,2017-07-27 13:33:50,2017-07-27 13:50:09,2017-07-28 20:33:40,2017-08-10 22:03:17,2017-08-18 00:00:00
9e8f609ab62bba5274e9fd4b055f1ecf,0b9381d1a69372ad15c2ea03f69d3413,delivered,2018-01-05 08:34:48,2018-01-05 09:31:47,2018-01-09 19:43:05,2018-01-26 17:23:21,2018-02-08 00:00:00
d23ff5dc2ba7e3aeb50eb93b6c3204e5,d2df9db8fa2f5cf328fa1e6c7a349994,delivered,2017-10-24 17:52:21,2017-10-24 18:14:41,2017-10-25 19:58:49,2017-10-30 14:53:20,2017-11-10 00:00:00
781558df49ad78a40698dc8cb5c739d1,a00f913be49c322cbdef526d61ac8380,delivered,2017-12-18 17:07:28,2017-12-18 18:12:05,2017-12-20 19:07:21,2017-12-27 18:24:47,2018-01-05 00:00:00
4f3e282da4819759c89437af78a30d05,b0a943bf46b8ef2d0e0967066d7a67cb,delivered,2018-01-17 21:05:39,2018-01-19 02:38:27,2018-01-19 14:54:27,2018-01-24 20:52:06,2018-02-14 00:00:00
4de290ecd73ccd938232cef65d1c2bcb,8310c27f705802263986d24aa21bf014,delivered,2018-04-25 09:16:32,2018-04-26 04:10:31,2018-05-02 11:55:00,2018-05-14 17:41:03,2018-05-25 00:00:00
72aeedf3697d876659fb6711fb171b26,84088fe0fbc0f0e62e3ed152ea13885a,delivered,2018-06-03 18:05:52,2018-06-03 18:15:16,2018-06-05 10:15:00,2018-06-20 14:12:51,2018-07-19 00:00:00
6bf033a604dd601317705db318a6095d,e6c812786584e6ad9d3b0dc444913bdc,delivered,2018-08-20 14:39:46,2018-08-20 16:30:43,2018-08-21 15:56:00,2018-08-24 23:55:34,2018-08-30 00:00:00
b9017cb1a567f916deb91b09e54947ba,35e9d7c99639d067f39b4797503648a6,delivered,2017-06-13 21:25:18,2017-06-13 21:42:40,2017-06-14 10:55:58,2017-06-22 13:02:53,2017-07-14 00:00:00
9f47d2a87f425d871b3dafe4bc377b01,da513f66aecb0c97a487d422bf105af0,delivered,2018-05-19 21:04:30,2018-05-22 09:15:33,2018-05-23 15:01:00,2018-06-05 18:26:35,2018-06-06 00:00:00
7e40398e4b930885edc608594647816d,c185833d462da144099384d6ac6a1ea2,delivered,2017-12-05 20:29:02,2017-12-08 15:13:18,2017-12-09 13:32:36,2017-12-29 19:25:21,2018-01-02 00:00:00
6aee55e0d891d50d5235891f90c938c8,135ed82d00d601dd15e861f2bf1deb93,delivered,2018-05-09 16:37:39,2018-05-10 03:49:54,2018-05-10 15:51:00,2018-05-11 22:42:59,2018-05-21 00:00:00
d68eb6b128698c1bcb463ccf238e4c50,6bd8daf4333d1260039e94e9d1a84700,delivered,2018-02-18 22:05:33,2018-02-19 10:10:42,2018-02-20 20:37:16,2018-03-05 16:04:18,2018-03-15 00:00:00
5c1daa9abdfcc8ffc4ae2439d37f331a,9c71a88f010a258dcf8fc459e0de1b22,delivered,2017-08-21 21:51:10,2017-08-21 22:06:55,2017-08-25 18:00:35,2017-08-31 21:46:48,2017-09-13 00:00:00
164935244f7bc83874bad6ca0150ebd1,f0eab4d631b3cde9341aaca0868559c9,delivered,2017-07-24 16:54:39,2017-07-24 17:05:18,2017-08-01 20:59:59,2017-08-03 21:06:45,2017-08-17 00:00:00
4a366e6974586cb4b230d85c8ca77186,8c9c798f9b0ace383d1ec9587f4eba53,delivered,2018-04-15 09:38:05,2018-04-15 10:15:13,2018-04-16 16:29:29,2018-04-24 22:41:30,2018-05-14 00:00:00
54ac8f134227883330db3517a19b4b5c,a19ca530fbc46743d5a951219cf04f2c,delivered,2018-07-19 07:38:53,2018-07-20 04:55:26,2018-08-09 14:52:00,2018-08-15 00:52:33,2018-09-03 00:00:00
d199e49e9cd642beda8a36b85fd6d51d,fad5cfec056b2a0c95c7ed673254e6c6,delivered,2017-08-08 12:18:26,2017-08-08 12:30:19,2017-08-11 16:01:21,2017-08-15 17:02:32,2017-08-28 00:00:00
2f711707a90088b9f2ee4ae352dffe6d,2809b7541e5006a73204bb7c9f8817ee,delivered,2018-02-15 22:28:33,2018-02-16 14:32:13,2018-02-17 15:42:40,2018-03-07 18:33:56,2018-03-13 00:00:00
b64c467f4c3c4270ca94367a26503be2,57cb02ea9844cd71e3d9a53c30f88a6a,delivered,2017-11-20 18:11:00,2017-11-20 18:26:25,2017-11-30 18:22:55,2017-12-10 12:09:12,2017-12-20 00:00:00
a0f74a1d59cf95d1ff371a6e9d3a1f61,f7dcda3c5064b91558ffa7e9ff2521cd,delivered,2018-08-02 16:06:42,2018-08-02 16:43:51,2018-08-03 15:10:00,2018-08-09 18:18:27,2018-08-10 00:00:00
ba20aec042d23e822e02149895665b97,6fd7ac88b09163b38f18c5943a6c6885,delivered,2018-04-18 12:19:38,2018-04-20 07:11:19,2018-04-20 23:12:49,2018-04-26 21:21:22,2018-05-09 00:00:00
e50d7ddc8da687eef58e56ea9444d302,5b82a28f986ce87f2435c24ec055a905,delivered,2017-05-07 20:15:32,2017-05-09 09:35:22,2017-05-10 15:50:03,2017-05-16 13:37:38,2017-05-29 00:00:00
6216ac14dd3412edfaecc261269cd07f,2ea4ce20f0fc9da88a7d19803be280dc,delivered,2018-01-29 10:12:13,2018-01-29 10:39:02,2018-02-02 00:52:40,2018-02-14 16:08:41,2018-03-01 00:00:00
cfe2129968372224ea392ad47c0d5b02,0599f126a96e82b600270dca9776effb,delivered,2018-01-08 09:56:46,2018-01-08 10:09:24,2018-01-12 21:14:03,2018-01-22 22:58:10,2018-04-09 00:00:00
0be2b6c22a3cd022d2986721e1faaafc,02d258ceacbfd544777a64c2ba0773eb,delivered,2018-02-27 09:00:31,2018-02-27 09:10:54,2018-03-01 21:32:40,2018-03-08 17:39:54,2018-03-21 00:00:00
29cd5bdaa8ca1890a2688d40839043c1,0f337ceffd2233ad8575fd02fab410b6,delivered,2017-09-01 21:44:28,2017-09-01 22:07:01,2017-09-04 19:17:47,2017-09-18 08:51:51,2017-09-26 00:00:00
707029282a0541fda1572e968b5d35b2,1c646053cf63b0b74b593b545d4d87c8,delivered,2017-11-17 15:29:23,2017-11-17 15:55:36,2017-11-20 20:34:28,2017-11-27 22:13:43,2017-12-13 00:00:00
6ded11f0a307eed2ae0931fe59f4c599,96acf11f5c1d5f2ddba8bedc04d41d3c,delivered,2017-05-22 15:15:24,2017-05-22 15:25:11,2017-05-22 15:36:44,2017-05-26 08:43:52,2017-06-13 00:00:00
42438eb68c55de2ecd158307119790c1,f0962138bed00ecfe37d99b2502ac289,delivered,2017-08-05 14:55:40,2017-08-05 15:10:15,2017-08-07 21:22:44,2017-08-14 12:22:57,2017-08-31 00:00:00
bb5b0d8f3e9c964760c674f2aa2ae0cf,3b9375de9837ce03b6516b3a343ad6be,delivered,2018-02-26 11:08:05,2018-02-26 11:31:11,2018-02-27 20:18:39,2018-04-04 18:52:49,2018-03-27 00:00:00
107f069fdb62a9cbe252b043323e4e32,ef0ce737cbf4c0d6aefb7c7281b658e3,delivered,2018-05-18 08:24:28,2018-05-18 08:55:36,2018-05-24 09:45:00,2018-06-12 18:18:45,2018-06-07 00:00:00
e4d119e7381ee6074eb45934cad67286,a0fcfe55b0364c357c463b955f1539bf,delivered,2018-04-27 11:56:39,2018-04-27 12:10:22,2018-04-30 08:22:00,2018-05-07 17:39:34,2018-06-07 00:00:00
4185607d55c555fc65b5af2bb98062ff,84481caf6ed900fd90c1c4414b4838e9,delivered,2018-01-15 14:34:11,2018-01-15 14:50:12,2018-01-17 23:34:55,2018-02-02 20:51:58,2018-02-14 00:00:00
380c501bd03f8059ea933d24459206b0,a3481522539266ce67d71dcb43026612,delivered,2017-08-28 21:01:26,2017-08-28 21:15:17,2017-08-29 21:52:20,2017-09-06 21:43:44,2017-09-21 00:00:00
d2c74d209011319ed82c959b605f850c,c2399a4f182aa68dd5c49ed917d90587,delivered,2017-12-05 19:31:59,2017-12-05 19:54:55,2017-12-07 00:19:01,2017-12-11 20:09:10,2017-12-28 00:00:00
7f081049d243d9a51d4235dfc310a73f,8f308e7e5aead948f03f2a0454e2a50a,delivered,2018-08-19 15:43:09,2018-08-20 12:10:18,2018-08-22 14:49:00,2018-08-29 21:32:25,2018-09-14 00:00:00
b34f86c59a76bef28aa32825ab4370f6,6078c8dc51c6fd4e5b6eedc57b35c1bb,delivered,2018-05-13 21:55:45,2018-05-13 22:13:37,2018-05-14 15:29:00,2018-05-15 17:39:00,2018-05-24 00:00:00
3caf6c286c8cde37ea9c0fb2da0e3169,c8b8fc6a174f7e78125428ff2e452cca,delivered,2018-06-11 09:37:23,2018-06-12 05:15:58,2018-06-13 10:25:00,2018-06-19 16:18:43,2018-07-13 00:00:00
93fba502065017afe14eb3b3dce60a05,b4aed612bc4bba43b16b3b8e6d707fa6,delivered,2017-11-16 17:01:59,2017-11-17 04:15:29,2017-11-17 22:22:42,2017-11-23 22:34:47,2017-12-11 00:00:00
396712c68f59e647911d707604f4591a,90c091f5aa58aced1aac4576a90f7220,delivered,2018-05-24 20:37:51,2018-05-25 02:55:25,2018-05-25 14:42:00,2018-05-28 17:16:27,2018-06-11 00:00:00
a51486486a5608e9220c5b61e65f6ec1,8781f2cf85849ef0cf952afa15974337,delivered,2017-11-16 15:43:29,2017-11-18 02:30:28,2017-11-20 16:36:41,2017-11-27 18:59:12,2017-12-05 00:00:00
a742e3a941299687aed413c581a7dce9,f1e6293b21eebd4e0cd6828301c669b1,delivered,2017-06-04 14:53:58,2017-06-06 13:10:20,2017-06-08 12:47:20,2017-06-19 18:03:57,2017-06-19 00:00:00
dd3e21a337aa1b10edf9ce57c0772a2e,937a297223ed84fd61bfba360901a29e,delivered,2018-03-07 16:43:19,2018-03-07 16:55:43,2018-03-09 22:59:46,2018-03-20 23:12:52,2018-04-05 00:00:00
b0abfc26b17791c260e0d86f4d739da0,7cd95e56917b143ad918fb595bdabcb2,delivered,2018-05-07 13:26:55,2018-05-07 15:32:30,2018-05-08 13:41:00,2018-05-16 16:36:52,2018-05-28 00:00:00
2c1c76b055716216ebf282a6e2b7d18c,b0aa4e154cca1e3ce961c7267e5b975d,delivered,2018-05-02 20:17:10,2018-05-02 20:53:33,2018-05-03 12:14:00,2018-05-09 19:46:34,2018-05-28 00:00:00
9416d46f37f3852f96df822e953ff6c5,be1013a9e2d92667fe3c7b8654c639d0,delivered,2018-04-04 18:43:12,2018-04-04 18:55:20,2018-04-05 17:21:50,2018-04-10 16:19:20,2018-05-04 00:00:00
dfa133091470b285a434fad21fb4bbd9,ae2424a66e95f739497a3466651874fc,delivered,2018-07-26 16:13:48,2018-07-26 16:25:24,2018-07-30 13:37:00,2018-08-06 21:48:40,2018-08-16 00:00:00
dbb56a8ecf60edb17a584daea927824a,d94b3b454957707eb99be5b96da7b71c,delivered,2018-04-02 11:21:55,2018-04-03 11:15:27,2018-04-07 01:08:35,2018-05-01 10:30:44,2018-04-20 00:00:00
d9a41cf97194a66136b6c6b4f9118cef,da55d95490988ce417fbf234ed9119bb,delivered,2018-04-13 20:11:09,2018-04-14 02:31:44,2018-04-16 20:11:51,2018-04-23 18:36:59,2018-05-11 00:00:00
11483c6a164cf839a3b0c945acc5935e,83fd700aa4507f07005fc6014a130b5e,delivered,2018-01-24 00:29:42,2018-01-24 00:38:24,2018-01-29 20:33:34,2018-02-03 02:16:19,2018-02-16 00:00:00
fed8a749f5633fa9f58ed475eb2c5cef,3d58bf9be1514f3002aeefccf9746d26,delivered,2017-12-04 19:13:48,2017-12-04 19:30:16,2017-12-06 23:12:51,2017-12-21 12:39:50,2017-12-20 00:00:00
6d93a5151f8327f068c536d29513d94f,d982b0ddd77c8c1448ae7c4cb4aaa409,delivered,2017-12-07 14:13:01,2017-12-08 02:36:42,2017-12-08 17:18:30,2017-12-12 23:28:41,2017-12-26 00:00:00
0539642c2ba6dfd6c8ca8dbdb16d85d4,5577986e87a01d8f0d0055fb5229b436,delivered,2018-02-23 15:19:52,2018-02-23 15:35:21,2018-02-26 23:38:00,2018-02-28 15:38:58,2018-03-15 00:00:00
093e91ac900104e2f587ff8d020447aa,fb34d8086ff2d4fedc7160b7346ad4a7,delivered,2018-01-15 20:23:58,2018-01-15 20:35:29,2018-01-19 21:09:01,2018-01-26 14:59:42,2018-02-19 00:00:00
cbb3b005ace04a18b85a3f06542d2c39,a42c684adc9da001d3bb2765dc2fa9ee,delivered,2017-04-19 17:57:48,2017-04-21 05:11:10,2017-04-24 17:37:53,2017-05-04 11:41:25,2017-05-11 00:00:00
c6738800d95e18d66c681a8dac8e2b7f,2ed09823e71fb5ae028dc8c32c3ed539,delivered,2018-02-22 15:18:45,2018-02-22 16:00:29,2018-02-27 21:04:34,2018-02-28 22:16:42,2018-03-08 00:00:00
f368c3e5edb7b7db5296654ed37464b2,f4d64a735d1f90f13a057ca7f7b5ff87,delivered,2017-11-17 19:46:56,2017-11-18 19:45:55,2017-11-23 20:19:01,2017-11-27 16:52:08,2017-12-07 00:00:00
2852b90d074ef46f6bf2f700a06ae7e6,33210d00c54c2950c5d2236c056452bd,delivered,2017-11-07 21:05:46,2017-11-08 21:06:24,2017-11-10 15:02:01,2017-11-21 23:02:39,2017-12-05 00:00:00
4033aa2bed487107c0ab9ee14ce180e6,ce71073196f0b2c05aa6c4dd0495a04a,delivered,2017-11-20 21:06:59,2017-11-20 21:14:20,2017-11-21 19:45:48,2017-11-23 19:22:08,2017-12-07 00:00:00
02b7a3c4c3376a74359add1cdf94bbd8,7d5e2dffb600af537e752f0e89c59b68,delivered,2018-08-14 11:29:59,2018-08-14 11:45:17,2018-08-15 07:00:00,2018-08-21 18:08:48,2018-08-27 00:00:00
d8c9ca47e603a786abd4b67b75fd7a06,2bb704b826fbccaaf997c2f1f6967698,delivered,2017-06-16 00:20:14,2017-06-16 00:30:22,2017-06-19 19:03:50,2017-06-21 16:09:58,2017-06-29 00:00:00
bb18fa095535600a94fd3e6741d53b9d,32310106268df19502c10ab4b70f26ff,delivered,2018-01-08 17:18:36,2018-01-10 10:32:46,2018-01-10 18:32:36,2018-01-23 19:04:50,2018-02-02 00:00:00
52a33f96555a51b48edfbc76f5158dc2,dc1a33440c4324cd65028d2cf2adce0e,delivered,2018-03-02 08:23:08,2018-03-02 08:49:49,2018-03-03 01:52:16,2018-03-28 15:51:40,2018-03-26 00:00:00
8c0a4c58ee098fea192d86cb195786e6,743eb1a642f457af79087cfaa894a63b,delivered,2017-01-18 12:27:53,2017-01-18 12:41:46,2017-01-19 15:55:22,2017-01-30 11:47:28,2017-03-10 00:00:00
541c844f36e4b57a49d0baa723855958,78cc60e3f5c4141e0011e83edcfc9702,delivered,2018-05-08 16:04:36,2018-05-08 16:31:41,2018-05-09 10:36:00,2018-05-10 18:48:49,2018-05-16 00:00:00
055bb586a2d17c7677a6096c56b6e2b0,86979f4c8980b4b673ad22d42e807103,delivered,2018-03-03 17:44:51,2018-03-06 03:50:49,2018-03-09 20:11:15,2018-03-23 23:13:41,2018-03-26 00:00:00
68894575c06d54c17b7b9e64c8e396d4,aa893f731ff0b46eb4acdeb0d6941642,delivered,2018-07-07 14:48:29,2018-07-07 15:05:54,2018-07-12 14:18:00,2018-07-13 19:11:49,2018-07-25 00:00:00
cdda221e8ff79e7dc0c3158e14e40d46,a06d256918aced7588c2acf33a4238da,delivered,2017-04-06 10:10:32,2017-04-06 10:25:11,2017-04-06 10:55:45,2017-04-12 13:22:40,2017-05-02 00:00:00
c0bcf2bb8a872c09da87c174a0f4e21b,28446a6a76016b89f90c4a0e29f79d56,delivered,2017-09-25 16:05:46,2017-09-25 16:15:12,2017-09-26 11:52:29,2017-09-29 16:12:59,2017-10-17 00:00:00
004fb11815bc03b01b20a614eef69d14,9e2690a7ad4a0fd8bbf0a5b355d5e6ea,delivered,2017-11-25 13:56:55,2017-11-25 14:16:42,2017-11-27 18:22:41,2017-12-16 14:31:43,2017-12-26 00:00:00
bce3ba299a4d73c52b90686a13c29a57,acf9d493618557e6bf542739f7c1ea8c,delivered,2018-02-12 10:19:43,2018-02-15 03:55:54,2018-02-15 20:21:38,2018-02-26 23:42:12,2018-03-16 00:00:00
6878dd8f91f3b3ee7fa8edbea6c3af45,86c9a39c17fae370a496545e5d9a324c,delivered,2017-09-02 16:57:50,2017-09-05 04:25:48,2017-09-05 14:49:47,2017-09-11 22:16:28,2017-09-21 00:00:00
aa78679c9f61a2896e5fe26761b6a8bf,8d51030ae02d1b7d4177c1d63683ab99,delivered,2018-02-17 12:37:22,2018-02-17 12:50:26,2018-02-23 17:28:38,2018-02-26 23:03:37,2018-03-09 00:00:00
9df4cca73d4b09f1e153a3767cda18e6,418398a534ddffb19a62d282e8285db4,delivered,2017-09-04 15:12:27,2017-09-04 15:25:21,2017-09-11 16:12:24,2017-09-15 21:17:44,2017-09-26 00:00:00
232ea59cdf4f9ff14bad61399d646d7c,34eb26c3f18b5b9033447908332a0043,delivered,2017-05-16 22:03:39,2017-05-17 22:10:09,2017-05-23 12:36:41,2017-06-09 05:13:01,2017-06-30 00:00:00
44bba9f46db37145d420ff8e02b679a3,c8dbf8c6c3026ee3158b95c9baefa58e,delivered,2017-08-13 00:38:27,2017-08-15 03:50:32,2017-08-17 17:58:18,2017-08-18 16:57:40,2017-08-25 00:00:00
2826054171c4c4aa3eb41b9dfab2388e,228d9df3277eb2917179613d661ce3be,delivered,2017-11-15 13:22:25,2017-11-15 13:31:06,2017-11-16 21:21:36,2017-11-21 20:51:55,2017-12-05 00:00:00
5383435eb2b05b6f4d5be7720974fe67,7fe98b2b2fa5e20a973f275bd5121c2a,delivered,2017-12-18 11:09:29,2017-12-19 09:59:40,2017-12-22 22:17:01,2018-01-04 23:09:15,2018-01-17 00:00:00
dadb01b1be2452288cad226dc8deb6d7,e29a5639b31697bc8d229413b5c0e6fa,delivered,2017-10-14 16:04:05,2017-10-14 16:25:46,2017-10-16 21:33:46,2017-10-25 23:14:03,2017-11-06 00:00:00
abd78b3b49820a5123521bb2204af795,8e1aacdd0ecb7164d5bca94b7fab4135,delivered,2018-01-16 09:45:37,2018-01-16 09:53:21,2018-01-19 23:29:32,2018-01-26 15:52:35,2018-02-07 00:00:00
2a223b8aedde6996b0d5a3f4505b765e,6da0f7621f8577373f57815c20cff9ea,delivered,2018-04-04 12:48:55,2018-04-04 13:09:55,2018-04-06 01:20:49,2018-04-10 15:24:59,2018-04-20 00:00:00
08cb000ba1516a67d8d9fbbe5f9a1091,9bee3266e0057fddc13b5e3e791bd52a,delivered,2018-05-05 10:47:29,2018-05-05 11:10:10,2018-05-08 13:08:00,2018-05-18 22:52:38,2018-06-06 00:00:00
1dd7af1a6ccd3e95b66f717350c9e41a,bc233ab00b63e8ab556331a67703cb0a,delivered,2018-04-23 09:12:48,2018-04-24 18:38:57,2018-04-24 19:11:11,2018-05-07 22:26:42,2018-05-15 00:00:00
d220d9ce04a20db90d0cf9b2ab34ed7f,edd8be2a0d8a9ceb81141bdb7316648b,delivered,2018-06-22 23:19:30,2018-06-23 01:40:04,2018-06-27 09:52:00,2018-07-03 02:27:50,2018-07-24 00:00:00
8ee2011c5153b4e8805e40ce05214166,9df2ae985ac3e26504b96acd94b4727c,delivered,2018-03-25 10:24:08,2018-03-26 10:08:37,2018-03-26 21:32:34,2018-04-09 20:12:25,2018-04-23 00:00:00
8bf14f24c8e8641850e22e01ca1fd3bd,1f76be603ec8cf2834211d958c1c4fa4,delivered,2017-11-29 18:15:23,2017-11-29 19:08:23,2017-12-07 15:49:03,2017-12-18 18:51:51,2018-01-02 00:00:00
ad7dbdfbd06591893e48b29f3f45c9f3,86ecd407da1fd5e3627db4f6c35d52f6,delivered,2018-03-20 13:18:17,2018-03-20 13:35:40,2018-03-20 22:51:24,2018-03-26 10:14:56,2018-04-18 00:00:00
459aa8ae0e09ae140ba9f75c1f429524,da7d957a36ea44a3b6dc9531d2e83148,delivered,2017-04-08 19:33:26,2017-04-11 04:02:03,2017-04-11 14:28:46,2017-04-19 11:18:33,2017-05-08 00:00:00
0b83b48cff92afd5eb4360860cad0ff1,54d964b83ac779bf3ab0fdb1877a51bc,delivered,2017-02-15 15:27:15,2017-02-16 02:23:17,2017-02-16 09:33:46,2017-02-23 16:12:29,2017-03-24 00:00:00
0e308535f2149cdf7ea180fa7495d659,134f3a400dc4f7b090d33194c814623d,delivered,2017-10-05 11:30:36,2017-10-05 11:49:21,2017-10-06 16:10:17,2017-10-18 14:28:08,2017-10-30 00:00:00
14dca2543b44a6699edcca2bd49b261a,ae22402d31c0645bd39d69d37df3013e,delivered,2018-07-21 14:53:34,2018-07-23 11:31:49,2018-07-24 14:33:00,2018-07-31 00:41:38,2018-08-22 00:00:00
ce22c7595bc4d3ca9b15ea08412a6b94,1a939aa50bad8358c1a043d98065a70c,delivered,2017-12-20 12:44:22,2017-12-21 12:33:30,2017-12-22 17:19:12,2017-12-29 20:10:36,2018-01-15 00:00:00
4b37519166b98d3938e01162a4e29aca,1c5f3a0f0e8fceca5ef74a89eb54dfe8,delivered,2017-04-29 08:13:13,2017-04-29 08:23:13,2017-05-02 14:52:53,2017-05-15 09:54:44,2017-06-01 00:00:00
e4ace38893f7d4e22939778dd93b3dee,9dbda8f2ce19f108d4c32d085ec6ffa3,delivered,2018-08-15 16:12:27,2018-08-17 03:15:27,2018-08-17 13:58:00,2018-08-23 01:21:34,2018-08-29 00:00:00
197c1d7e2df41beeb978ee6859d6dacc,600a6b104ec3030369aeee14fb0a5917,delivered,2018-06-01 22:27:46,2018-06-01 22:51:20,2018-06-05 14:15:00,2018-06-07 17:59:28,2018-07-23 00:00:00
31944c223e12e51000bbca2b8705ebf7,71240d22dc6a214da602809d7040ae16,delivered,2017-07-18 11:51:40,2017-07-20 02:25:39,2017-07-21 14:39:57,2017-08-01 22:04:49,2017-08-09 00:00:00
6bd41909d90c9f91e22ad236ea395623,f45ac6dfd34f67fc16e581fe9ae0028e,delivered,2017-10-03 16:41:47,2017-10-03 16:49:50,2017-10-04 16:10:20,2017-10-10 16:48:26,2017-10-30 00:00:00
5f9df00779aa30de4cf114162401ce70,7dff8fc2b075d7f4653960cf2639046d,delivered,2017-11-21 15:25:56,2017-11-21 15:35:55,2017-11-22 20:21:59,2017-11-24 14:18:56,2017-12-01 00:00:00
9e0d5f27a7557c8c59cb7dafa6a060e3,a98f8beee9d9dd8974996ce5f5f40635,delivered,2018-04-10 21:46:56,2018-04-10 22:11:01,2018-04-11 20:03:14,2018-04-12 20:29:30,2018-04-26 00:00:00
a3f157a067efbb72090189af1f7b78b4,0165051ac7514aff1b132007d915622f,delivered,2018-03-26 18:37:44,2018-03-26 18:50:15,2018-03-27 18:52:44,2018-04-11 16:48:52,2018-04-18 00:00:00
4f44b2c6ae837b5f817a2d621973fc34,d56c72083ae950d9e0be19333795e7cd,delivered,2018-03-23 08:17:36,2018-03-23 08:30:30,2018-03-27 01:18:50,2018-04-12 00:32:33,2018-04-17 00:00:00
bbc289789c7c2753320ce35b3fb773a2,842ad511dc462bfad1c2201546d542d6,delivered,2017-07-01 18:50:04,2017-07-02 19:03:48,2017-07-03 16:47:35,2017-07-14 17:45:55,2017-08-11 00:00:00
fa84bb10b3e22907ee72175763051dca,c400d925fe66cbabb0bc2a8397e562a4,delivered,2017-06-05 20:49:23,2017-06-05 21:05:11,2017-06-06 14:51:41,2017-06-16 15:51:57,2017-06-27 00:00:00
6be09fd2c367b8fad5b25b1315c335bb,5f0a81d48ee9e8197044530b42532849,invoiced,2017-11-27 19:38:56,2017-11-27 19:57:33,,,2017-12-21 00:00:00
de62ef786960497d8f8becbc10887906,d82454613838117a0b401c99021874b1,delivered,2017-11-10 05:11:06,2017-11-10 05:26:19,2017-11-10 18:52:51,2017-11-16 19:42:09,2017-11-30 00:00:00
61a86f238895780d1ddc6344985537ef,cc7312be4b88561a34750c50e3cd4ff2,unavailable,2017-11-24 23:53:23,2017-11-25 02:53:09,,,2017-12-15 00:00:00
7b0714f45a0369b445c5cd4fe277573b,54893f45267708e3cb3f7d400307b09e,delivered,2018-05-07 09:47:07,2018-05-08 09:50:41,2018-05-08 13:33:00,2018-05-18 18:22:44,2018-05-29 00:00:00
39a0e2f723def2e12a51e963006c9242,4b231c90751c27521f7ee27ed2dc3b8f,delivered,2017-04-02 16:33:30,2017-04-02 16:42:23,2017-04-06 10:38:35,2017-04-19 16:13:08,2017-04-28 00:00:00
f4508bb7696cb9597c0bdbb0fba901a9,4db0427a121435c7bbb022f9a4770d39,delivered,2018-06-26 22:19:48,2018-06-28 01:11:10,2018-06-28 14:02:00,2018-07-09 12:58:24,2018-08-06 00:00:00
e03be3ebbeec6df71299d49c3e32c750,0d545b37abf4f5e898ab30a72c1e6c79,delivered,2018-01-30 22:01:59,2018-01-30 22:11:36,2018-02-02 01:59:37,2018-02-02 17:47:21,2018-02-15 00:00:00
a1a5a93917c05f8f0a018f68e63a8f52,b3e54faf12368511ce322a3ef8675bab,delivered,2018-04-01 15:20:06,2018-04-01 15:35:13,2018-04-02 17:56:26,2018-04-09 11:51:50,2018-04-25 00:00:00
a910d527d324ae071c473e5154238031,cda1e3f188ae936829b145f1b2f35152,delivered,2018-04-30 15:39:07,2018-05-01 02:52:59,2018-05-02 14:13:00,2018-05-09 20:11:48,2018-05-23 00:00:00
f3144b968537c3068bdd820f07160523,2380848750a60be40c0eedca1be0b272,delivered,2017-11-28 19:54:05,2017-11-28 20:15:31,2017-11-29 16:38:47,2017-12-06 22:32:27,2017-12-20 00:00:00
961a477711141b3811b897eb49216db1,92e68079c7279941d8a95546c20f340d,delivered,2018-01-15 10:48:25,2018-01-15 10:58:32,2018-01-23 23:33:21,2018-02-28 19:43:57,2018-02-05 00:00:00
38efd1ae907b1b533315ebc00abd55e2,48a40b0cc080812a5e77d16d4e74abde,delivered,2017-09-14 00:08:27,2017-09-16 03:06:07,2017-09-21 13:49:56,2017-10-03 13:20:19,2017-09-26 00:00:00
a61202a33583131307321a09ff16a0fb,1a865a23a7f3bd3fff2d5557fb2a11dd,delivered,2018-03-22 03:34:22,2018-03-22 03:49:21,2018-03-23 00:58:44,2018-04-02 15:08:46,2018-04-10 00:00:00
4ce91fec2f80a813034eabe864e5f910,cc7fed6a21d9de6727fde3c7974c2907,delivered,2018-03-15 18:58:28,2018-03-15 19:10:33,2018-03-24 00:42:30,2018-04-07 01:34:27,2018-05-11 00:00:00
d020f5569b2ed40da35996f2e433d0c7,3f1db6e3075aa98be8ee64d9f8a2a65f,delivered,2017-06-22 16:48:22,2017-06-23 02:23:09,2017-06-26 09:03:51,2017-06-27 09:15:50,2017-07-05 00:00:00
5afbfbc1d4f7235258bea4e37dcbf406,5286e92641536e814f85f6f5f45e9d2b,delivered,2018-04-14 16:41:35,2018-04-14 16:55:28,2018-04-17 17:21:58,2018-04-23 23:08:47,2018-05-17 00:00:00
1b4ef3bdad72cad23a9bd4b06f87ab7b,ac3785013e660eab7bd9d293de1db05e,delivered,2018-07-30 14:44:00,2018-08-01 03:31:56,2018-08-01 13:01:00,2018-08-13 20:48:44,2018-08-20 00:00:00
4a6f650f54a036cc750d33bfd57269c4,c03a0f96387198c66916e4ff2922e57a,delivered,2017-12-03 21:31:03,2017-12-03 22:58:09,2017-12-06 14:59:04,2017-12-07 20:44:57,2017-12-20 00:00:00
d71fa55fc75019aa91ab9a4a1c148540,19a1ee299b3303b78b6518d0a800c5c1,delivered,2017-10-27 15:33:02,2017-10-27 16:31:57,2017-10-30 16:42:37,2017-11-01 12:17:36,2017-11-16 00:00:00
c7fa96b02a00b5cb4693e0aa924b330d,7ac35423839341a44c95424351311093,delivered,2017-02-24 14:00:07,2017-02-24 17:15:17,2017-03-02 10:14:08,2017-03-16 12:55:24,2017-03-27 00:00:00
dcd55caf6dcb4c4a54e6f09eecdb4822,338ceb7a4e121b2cf002f41b325d76d4,delivered,2017-10-12 15:03:54,2017-10-13 10:28:11,2017-10-13 16:46:16,2017-10-17 17:50:00,2017-10-31 00:00:00
4677cd3fce18a3a30369628353085578,384a8d5643cc3e1a4fd8d72ee61c2016,delivered,2017-10-17 21:33:51,2017-10-17 21:46:06,2017-10-23 15:22:54,2017-10-31 20:37:55,2017-11-07 00:00:00
61b73d6deb118dad91fa0cca4365e4dd,a8fb590bc25c544e61460926ab10a3c0,delivered,2018-01-25 10:42:59,2018-01-25 10:58:25,2018-01-27 00:48:45,2018-02-01 00:45:01,2018-02-23 00:00:00
8707527cd8dca1dbc51f8f4d188b4e80,1898ae4dfa5a465fed8dc65b6303266a,delivered,2018-02-16 08:45:47,2018-02-19 09:30:38,2018-02-21 01:22:51,2018-03-07 18:25:55,2018-03-12 00:00:00
5d00299f340746f1a331c674d4fbb211,16b4fe84e11d113214ba5bfc967bf782,delivered,2017-12-16 23:06:17,2017-12-16 23:18:27,2017-12-19 23:32:42,2018-01-16 21:56:40,2018-01-16 00:00:00
5381e67ea3b6bfda0cad04e569d1e447,59f0f1854435bc2fcb6603c1494ca439,delivered,2017-11-21 22:32:12,2017-11-21 22:46:55,2017-11-22 23:42:43,2017-12-20 01:52:58,2017-12-15 00:00:00
5be61c2985384bfd881d4463c25ee652,bb369151acbc6fd8da224b42667ba944,delivered,2018-07-16 12:53:40,2018-07-16 13:10:14,2018-07-18 14:03:00,2018-07-27 18:36:48,2018-08-08 00:00:00
b1f6abbaec3261269b9ecc0f895f8c2d,1b645255cae7b99bf2c4527627515729,shipped,2018-03-26 12:45:46,2018-03-26 13:08:23,2018-04-03 17:44:24,,2018-04-18 00:00:00
ba75e370e47503142da34eea6301546a,dc6ab71bcbf17b38e8702924f379b68a,delivered,2018-08-14 20:14:55,2018-08-14 20:25:26,2018-08-17 13:53:00,2018-08-24 17:08:30,2018-08-30 00:00:00
b9ae8347ff0acee82f6bc8eea0067eb8,22ea83979016274d205e3d7b6c5a02cc,delivered,2017-10-31 12:35:31,2017-10-31 12:48:18,2017-10-31 18:32:36,2017-11-01 15:05:36,2017-11-08 00:00:00
69673f2942f230a76d45815ea310fcc1,430faa4c9224e8d08dd34e09c3daa1b8,delivered,2017-04-03 21:27:12,2017-04-03 21:35:19,2017-04-05 11:14:13,2017-04-11 16:16:32,2017-04-26 00:00:00
f811e0db5991b2b39a1fe8a057fc6f96,22ba5f25614614247dce2c95a3c4f208,delivered,2018-03-17 11:07:24,2018-03-17 11:28:48,2018-03-24 15:54:45,2018-05-05 12:58:40,2018-04-13 00:00:00
4a89e6eb1bda97d56896581b1f3cb740,ac726fb9d92b7260bdf8282feac6382d,delivered,2018-05-07 15:19:53,2018-05-07 17:17:12,2018-05-08 06:32:00,2018-05-22 12:08:46,2018-06-01 00:00:00
fc0c50f90120412d596dbda411f6fbe4,763fec41ac35eed4b9daa4124d4deda9,delivered,2018-04-19 13:15:35,2018-04-19 14:30:50,2018-04-19 23:48:32,2018-04-26 22:29:33,2018-05-15 00:00:00
b3a8fd762c98dce0277b24a7dd8cdfbb,67bfe13c22b0ab60b3ba1a602aa55b71,delivered,2017-03-16 08:58:14,2017-03-16 08:58:14,2017-03-17 15:18:56,2017-03-22 16:43:37,2017-04-04 00:00:00
75a2e2da21f649f4801aa47bf518be49,47bf1bff38af6287f6749bec13383f37,delivered,2018-03-21 15:00:45,2018-03-22 11:35:24,2018-03-23 21:43:55,2018-04-03 22:11:03,2018-04-19 00:00:00
93dceeb33abaa33342dc05f8a495f2a7,9f98e5589a2af1344b2ead14cf9c455f,delivered,2018-03-13 21:54:21,2018-03-13 22:10:51,2018-03-15 21:56:29,2018-03-28 14:42:31,2018-04-27 00:00:00
db60e394992598875152973b766b89b0,cae6bf6f0e7c53141fd9e62a44e8f4a5,delivered,2017-12-02 19:27:57,2017-12-02 19:37:44,2017-12-04 18:23:54,2017-12-06 15:25:06,2017-12-20 00:00:00
a28f6c9d0933acd34c3ae149cc537b65,93a449c8c999a89f29461ea0d7dcef4b,delivered,2018-05-15 17:42:46,2018-05-16 17:57:36,2018-05-18 13:22:00,2018-05-25 18:52:39,2018-05-30 00:00:00
57d0f29d2d770802ab8e393778fc9052,9eacb91940312f2ff79fef11b622694b,delivered,2018-07-16 15:30:37,2018-07-16 15:50:21,2018-07-18 15:41:00,2018-07-27 12:44:37,2018-08-15 00:00:00
79a05edf91062a44fa6e79b0f6bbf308,3742a49f285efd976914215fa73e4baa,delivered,2017-08-17 20:31:28,2017-08-17 21:15:23,2017-08-23 13:50:17,2017-08-28 18:06:01,2017-09-21 00:00:00
ae1fecb2cfb176ba7c1d0feb3aabcbfe,0b9bceeae7e86e91ccf6f30fd63ac857,delivered,2017-10-21 16:00:40,2017-10-21 16:14:23,2017-10-23 22:07:52,2017-10-30 17:27:51,2017-11-17 00:00:00
1d8e763e8c1932624e855ff0c5240d02,ce81857f083f69b2138d01598cc284cf,delivered,2018-04-24 09:10:20,2018-04-24 17:48:01,2018-04-25 00:19:22,2018-05-18 03:12:15,2018-05-21 00:00:00
c0c876d98ac48f4ddb75a5645f6f5016,99a377f3bfbb3b62c50282a74ef60580,delivered,2018-02-06 15:14:10,2018-02-06 16:11:41,2018-02-14 18:27:05,2018-03-05 22:43:31,2018-03-02 00:00:00
86cd6336fbcfdf0879fa120a60b8ee28,368acaa62ae2f7339d7a5a1a9ca82232,delivered,2017-11-21 15:00:33,2017-11-21 15:10:28,2017-11-22 21:36:36,2017-11-30 23:33:05,2017-12-07 00:00:00
45beee86f9309e732ea650d21add5269,38ca609e3a5351044a410087a76d25a9,delivered,2018-04-18 21:21:32,2018-04-18 21:35:17,2018-04-19 18:37:55,2018-04-20 10:47:53,2018-04-30 00:00:00
9ff3e241540e425f38d0d2d2ba90bbfb,0df14460b658637bd8c5e4e984283313,delivered,2017-07-31 15:41:07,2017-07-31 15:55:12,2017-08-01 14:23:21,2017-08-08 15:42:56,2017-08-23 00:00:00
1dc00931526c6633db6df2a5f862830f,6e20bece97c49a1acb50dd8a05c0220a,delivered,2017-04-10 18:11:16,2017-04-10 18:22:38,2017-04-11 11:34:22,2017-04-19 14:05:47,2017-05-02 00:00:00
6b87336da12a7508327bfe1c03855707,751bc71f149030dbe504e77bcf24000b,delivered,2018-08-08 16:54:04,2018-08-08 17:05:17,2018-08-09 15:54:00,2018-08-13 22:12:36,2018-08-23 00:00:00
4cae8f063630ed7e8cac158618f1c83b,9de4d816d8f902680ce581950b0a7eb7,delivered,2018-01-09 21:34:31,2018-01-10 10:32:24,2018-01-13 02:42:05,2018-01-17 23:21:15,2018-02-01 00:00:00
0cd778893772d400d2ad0a7d2feda5b8,1bab05433ef18b837f0fad9e3c0fc2a4,delivered,2018-08-13 12:37:56,2018-08-14 04:30:10,2018-08-15 14:16:00,2018-08-22 01:49:36,2018-09-04 00:00:00
42a212a14fd3e3b7e9c8245a00e35369,1aa402090c81ae32f4a46c5ebbf55a07,delivered,2018-07-26 13:37:11,2018-07-26 13:50:54,2018-07-26 12:52:00,2018-08-01 20:02:09,2018-08-15 00:00:00
62f3b85438e9485d84c4940776f9ed67,0207cb4b78c07d93bd1a82443c2dbaea,delivered,2017-11-18 21:14:55,2017-11-19 21:10:28,2017-11-22 14:18:06,2017-12-02 16:05:09,2017-12-08 00:00:00
8ca67a00cb1a96ff0c0fee5dae267e99,2a98e9f57e5c66f9c4f12eb25f6ca6f2,delivered,2017-03-04 11:39:18,2017-03-07 03:45:25,2017-03-14 07:54:02,2017-03-20 15:08:14,2017-03-27 00:00:00
4bbd33a0def862d1273f79f0fb4d597a,ba7e1e959b775b9f00b4dd4fc937d607,delivered,2018-06-12 09:15:43,2018-06-12 09:40:35,2018-06-15 14:43:00,2018-06-26 17:21:06,2018-07-11 00:00:00
e8a7971efe578b8e5a140c59f190c52b,70b6f7d1c71cb3a1449da5a4fe5a8d02,delivered,2018-08-01 20:07:43,2018-08-02 14:55:13,2018-08-06 07:16:00,2018-08-09 17:27:37,2018-08-24 00:00:00
4766e711723e6e3454fc7a6809464336,21026fe7ad0685000278df7ac7f6ca7b,delivered,2018-03-24 18:10:33,2018-03-24 18:27:19,2018-03-27 11:34:41,2018-04-03 14:33:22,2018-04-12 00:00:00
1f61454f0be6c852699c3711101eab74,0470a8d9b6a4161506860bbd6256fd0e,delivered,2017-11-12 20:29:28,2017-11-12 20:46:17,2017-11-21 19:42:36,2017-11-23 19:50:13,2017-11-28 00:00:00
b44d71edad65f41824d2e177470ef8f6,ad29d9bb283d87e61e190d40bc7bc15b,delivered,2016-10-10 15:23:51,2016-10-10 16:02:57,2016-10-21 18:02:55,2016-10-24 18:02:55,2016-11-30 00:00:00
727a51d784105f91883012d7a797fcc0,0f2472966982432136bd3dc7098d5bde,delivered,2018-02-08 11:17:55,2018-02-08 11:50:36,2018-02-16 16:41:37,2018-02-22 13:26:53,2018-03-21 00:00:00
e92495a2d1ba8587502a3cb99e5325e7,87ca5da35d1391b71529cd0203f45f26,delivered,2017-08-22 17:22:35,2017-08-22 18:32:15,2017-08-23 18:35:47,2017-08-25 16:40:21,2017-09-14 00:00:00
bcbac60ca25886440827dba070e303c7,ead9975d982af12749c01f2d1e5dbede,delivered,2018-03-17 10:45:46,2018-03-17 10:55:26,2018-03-19 22:12:23,2018-03-26 21:07:31,2018-04-13 00:00:00
20643f3f5e6c738074425d5ea256551a,f8c4a8218238f0c3c87d39cb27c00593,delivered,2018-03-31 21:04:40,2018-03-31 21:15:15,2018-04-09 16:14:52,2018-04-19 00:28:37,2018-05-03 00:00:00
eb659e24ed654c43d1e9b8b13ba04f5f,114160a5c0479d82ba49213e40a690c7,delivered,2018-04-05 08:02:41,2018-04-06 03:28:22,2018-04-07 00:26:34,2018-04-09 14:32:33,2018-04-30 00:00:00
4a285271de93865d4865f3cb399ec41c,c989620b1ead42384a4e2c8ea666ba5c,delivered,2017-04-18 23:38:18,2017-04-18 23:45:22,2017-04-20 12:03:53,2017-05-03 06:55:43,2017-05-10 00:00:00
31aac8ab69f5fdbc7c0ae9b6e1beee30,25830ba171e2e612b4f7dc8d2df58308,delivered,2017-04-27 15:54:24,2017-04-28 11:46:43,2017-04-28 11:21:52,2017-05-05 15:24:47,2017-06-02 00:00:00
09ebfabd9f6552771f5d90e099fa0738,648bbd07536c67c93bef21abe6da8e51,delivered,2017-05-08 22:53:56,2017-05-08 23:05:17,2017-05-11 15:47:53,2017-05-17 09:23:54,2017-05-31 00:00:00
b6dfaa6e9eb8b7356276c90969376f51,28f35c0280cb2d277371b827981cd8c4,delivered,2018-05-18 13:29:09,2018-05-18 13:54:54,2018-05-19 09:02:00,2018-06-01 13:54:26,2018-06-05 00:00:00
4fe68e1b224989d596e61f2fcf892012,c22d019fcaaea90eb321c0e08f9e7d51,delivered,2018-04-07 17:35:00,2018-04-07 17:50:10,2018-04-09 21:06:38,2018-04-13 15:48:49,2018-04-27 00:00:00
d4e27dc356ca647fd39f91affa4feb89,30f83ded5a1d46d831783b7f5ab3927b,delivered,2017-05-19 17:44:16,2017-05-19 17:55:11,2017-05-22 13:18:05,2017-05-31 06:22:02,2017-06-12 00:00:00
87939211002bca774df103ab153b62d2,df0b266e9bce9cf438ee15203a72338a,delivered,2018-02-05 15:05:48,2018-02-05 15:16:03,2018-02-07 21:36:42,2018-02-23 22:52:43,2018-03-05 00:00:00
0c4efb413bce2d4e4985bfd63bb0bc49,77bc76d7d24087d5c8fb9d47ac288562,delivered,2017-12-04 23:14:05,2017-12-06 02:50:38,2017-12-08 14:53:20,2017-12-18 20:24:51,2017-12-27 00:00:00
4665a66ed8a60266a8b2f3d4b7e17cb9,9e73104400d0ddbc16850901891c7eeb,delivered,2017-08-03 11:00:57,2017-08-03 13:45:07,2017-08-04 18:57:59,2017-08-11 18:35:42,2017-08-25 00:00:00
3c1c18de3b4459c8116a23272c4599d1,b5c36e7b16994772e98044915c5cdd83,delivered,2017-09-24 23:09:09,2017-09-25 23:27:33,2017-09-26 19:27:42,2017-10-11 20:07:53,2017-10-20 00:00:00
6e1979943e76d1c5dd345f34790c5dc0,f1f213fc2d98543b4d7a34d72754f880,delivered,2017-09-23 12:49:13,2017-09-23 13:04:10,2017-09-25 15:58:14,2017-10-03 20:40:23,2017-10-27 00:00:00
cc2f534a432b33d1e7e67204ab44f662,db969fad91c6771c8617e1a89aa6d810,delivered,2018-07-28 23:32:39,2018-07-28 23:45:09,2018-08-02 08:13:00,2018-08-14 17:21:27,2018-08-30 00:00:00
802a4ce6a0333eb94effff686abc8f27,77d20cce54e3b6b20b7207081077b084,delivered,2017-06-06 09:24:17,2017-06-06 09:35:15,2017-06-08 13:36:27,2017-06-21 17:54:39,2017-07-05 00:00:00
9cca82f566f14878d871fcf5cd0125e3,0c514e0396feddf312e4522c38c22247,delivered,2017-09-20 17:10:13,2017-09-21 02:45:35,2017-09-22 18:33:37,2017-09-25 15:39:13,2017-10-09 00:00:00
f5d54f3d6cc2c7125dc1de8888ce8975,7f18a55ab36bb9522b71a169132b049a,delivered,2017-01-20 19:18:03,2017-01-24 03:45:39,2017-01-24 15:02:13,2017-01-30 11:51:55,2017-02-28 00:00:00
3045cb6b74fcafec7c76248f1737b73a,6000951601e16e89bf2430485e01f796,delivered,2017-08-26 17:22:05,2017-08-26 17:35:39,2017-08-28 12:59:56,2017-08-31 19:53:05,2017-09-15 00:00:00
3bad88adde3b0947e92cdeca75800f58,c2b189b3302f679b82b0ebb778292f0c,delivered,2018-06-28 11:35:44,2018-06-28 12:31:10,2018-06-29 12:07:00,2018-07-12 14:28:36,2018-08-02 00:00:00
970390fb495e959776145e1bfe58de8a,4dc18367d91f3e5a8676608d536153cc,delivered,2017-07-30 22:02:19,2017-07-30 22:15:18,2017-07-31 18:39:54,2017-08-01 16:42:16,2017-08-11 00:00:00
0f503b220e9d1fd78562e41a427a0c6a,3810ae52bde69bed0acd162b5c18aadb,delivered,2017-09-09 12:12:43,2017-09-09 12:25:21,2017-09-18 19:27:42,2017-10-06 22:21:51,2017-10-02 00:00:00
9ab7e83865799ba29a85d51263a137cd,c70629e28f9196e2b7b939613b1279f7,delivered,2018-05-03 18:38:54,2018-05-03 18:55:41,2018-05-07 13:10:00,2018-05-11 21:15:05,2018-05-24 00:00:00
1a5d21f44c73693b9930d0ca33a9d0b1,a21871375ed19fc3f2d8c62fdc75b9dc,canceled,2018-08-16 17:50:14,,,,2018-09-12 00:00:00
a470f84c0f59a6ed8f6733031b7dbeee,8397372fbe2dd1038114cece54a82c04,delivered,2018-06-11 23:28:46,2018-06-11 23:58:33,2018-06-21 14:50:00,2018-06-22 21:18:47,2018-06-28 00:00:00
fc3443668654977029c4cc2ead0cc0b9,8b12706add8da11e0633415bf6def248,delivered,2018-02-01 09:39:48,2018-02-01 09:55:25,2018-02-02 20:45:04,2018-02-14 20:35:46,2018-03-05 00:00:00
91d87f183dde318c03f68e1b1eab1314,2a5ec1cee7600fbb0290c0dbeb0870a6,delivered,2017-05-14 14:08:25,2017-05-16 03:35:15,2017-05-16 10:50:25,2017-05-19 14:29:42,2017-05-31 00:00:00
20d07181f8cec8c3fa51212c7dd926ea,e327e6e9d4055f8fc881dbb6c9d838d7,delivered,2017-12-12 16:32:43,2017-12-12 16:39:19,2017-12-14 18:59:20,2017-12-29 21:55:03,2018-02-05 00:00:00
4be2cc8a10974da63ebe8651f2dcc5c7,2865cc1e26f68403d48e4b9fdf4e6a77,delivered,2017-10-12 22:05:51,2017-10-12 22:26:15,2017-10-16 14:04:50,2017-10-24 08:45:32,2017-10-31 00:00:00
2c45397dc5512200c931a12dfd62b627,7c94ad571958671ff59db977cc541007,delivered,2017-10-05 17:06:49,2017-10-05 17:26:02,2017-10-06 21:58:41,2017-10-10 16:37:22,2017-10-23 00:00:00
83473068577d922cfe5ce5b7f409519d,56fe13450129ccd7960d4a2208eb56b6,delivered,2018-08-06 21:46:55,2018-08-06 22:04:39,2018-08-07 15:37:00,2018-08-08 16:08:52,2018-08-09 00:00:00
8567d0e0c41a3f32730d8d68b7a73d33,b2d11e9b51fedcbef949f55c89f4dc84,delivered,2017-11-05 23:08:59,2017-11-05 23:27:01,2017-11-14 22:33:13,2017-11-25 01:56:49,2017-12-05 00:00:00
cd8d629b349458e7b1d5e13e5aa54a7a,d0f7dca23b4dab4053a883e0e88daeda,delivered,2018-07-23 14:05:43,2018-07-23 15:31:26,2018-07-25 15:37:00,2018-08-01 21:04:35,2018-08-15 00:00:00
8dc78af1cf59ea64fd1cbc09304b02c7,fd0050cfc15a4a9bb1f1bd0605bf5329,delivered,2018-04-09 20:40:30,2018-04-09 20:55:34,2018-04-10 19:35:42,2018-04-17 19:22:45,2018-05-07 00:00:00
688e9b5d6542594aa59ed0fad8be557f,3999c492cf5ba2461d5da388dbb28aa1,delivered,2018-05-18 19:25:00,2018-05-18 19:37:49,2018-05-21 10:37:00,2018-06-05 16:12:05,2018-06-04 00:00:00
d3b019b69082303782e91f315a23491c,1bc2adaa2667350db67c3a87d7a3b9be,delivered,2017-11-24 18:41:54,2017-11-24 22:11:55,2017-11-27 21:49:00,2017-12-05 00:49:36,2017-12-18 00:00:00
405e31197c9ced1ce6839e8eb84ba10b,82699946fac8fbaec3cc3c36ad0312fa,delivered,2018-04-10 16:07:47,2018-04-10 16:31:20,2018-04-12 00:32:12,2018-04-13 17:13:41,2018-04-23 00:00:00
b3ce73d980953e0dfe24d815dc1210e9,fd9b1ede52597bfa03176164a24960f6,processing,2017-05-23 22:11:22,2017-05-23 22:22:40,,,2017-06-23 00:00:00
cac1850fae99ea24a8186fad4db365bb,c36cae233a8ba856a4892d8a869822c5,delivered,2018-05-13 08:23:22,2018-05-13 08:35:11,2018-05-14 14:23:00,2018-05-17 19:15:32,2018-05-24 00:00:00
e7a494d97325d27783d2cb0baa6aef1c,666a3a364a32f94a166c761b82a58981,delivered,2018-03-04 23:23:20,2018-03-04 23:35:32,2018-03-05 19:56:40,2018-03-06 21:58:25,2018-03-15 00:00:00
8000f59ee550d96d1bea2af205da4cd9,e8ef960312f461572145df65f501f80a,delivered,2017-12-16 23:35:03,2017-12-16 23:53:15,2017-12-19 22:07:01,2018-01-08 15:00:07,2018-01-19 00:00:00
029e9be2972cf662f2cb336e98872ae3,3c420d15857f754a4d41196173c9f412,delivered,2018-04-27 23:20:59,2018-04-27 23:30:51,2018-05-02 11:12:00,2018-05-09 18:38:43,2018-05-21 00:00:00
883915e4c377d6f9192fad3ae5d4374c,65587a73fe6ed4b379bdbf1f27f95bb3,delivered,2018-08-17 10:28:31,2018-08-17 10:49:28,2018-08-20 13:33:00,2018-08-21 18:56:41,2018-08-23 00:00:00
45ef0cf6b60d59760bc550fe33d12570,9ad2dc0ac86b57bd7f878fe94ee810c2,delivered,2017-09-12 19:07:59,2017-09-12 19:24:33,2017-09-15 18:35:06,2017-09-25 19:05:36,2017-10-18 00:00:00
ddfbaf4d75ab8f1a0db775cb0dad0e6e,63fe8fccdb34a846d19bea32463008e4,delivered,2017-03-28 15:27:29,2017-03-28 15:35:20,2017-03-29 14:42:06,2017-04-11 16:52:32,2017-04-28 00:00:00
838e05e4f58ba2fc4a4fe39bcbdc7284,47ef435dfe068181264047c1a392584a,delivered,2018-04-12 15:20:03,2018-04-12 15:35:24,2018-04-16 19:07:29,2018-04-26 20:33:16,2018-05-16 00:00:00
fb3579e233140aac61c80d50536941b4,818605a3fbfb79fc9fd17d61dc159018,delivered,2017-09-21 08:13:45,2017-09-21 08:26:17,2017-09-26 20:28:34,2017-10-01 14:14:46,2017-10-06 00:00:00
9c23c901b928e02774ae74f0100f30ef,f12e117de2a2175d17afd805f61bbbf0,delivered,2017-12-04 09:36:32,2017-12-05 11:29:54,2017-12-06 13:52:35,2017-12-20 18:53:42,2018-01-02 00:00:00
81475b047da69f6518ba1e586ef0f92b,cfefb9250ee211b7d9b34b928d232796,delivered,2017-11-24 18:07:43,2017-11-24 21:34:25,2017-12-07 22:48:47,2017-12-20 00:22:38,2017-12-20 00:00:00
76470594c180d77030ca422085253493,9c4d3e9cdd1645fd30ac9f6332c93285,delivered,2018-03-17 17:21:47,2018-03-17 17:35:51,2018-03-19 18:46:52,2018-03-21 20:49:00,2018-04-05 00:00:00
599cc8757abf10de056680e4b66187cc,0a03a6a1d24de1a847f6a8a26d5ab014,delivered,2017-04-27 22:01:14,2017-04-28 12:53:53,2017-05-02 07:47:40,2017-05-09 14:17:02,2017-05-29 00:00:00
7062eab93cccc51550b18e1787e7b8b1,61c16c9d460fa52d535e304bf907ee31,delivered,2017-05-31 12:41:01,2017-06-01 13:10:24,2017-06-02 14:39:32,2017-06-07 15:52:43,2017-06-27 00:00:00
30eeb34e0eedff2e265d8e144a3b8c51,862f143bc3949d8503d8e96621b112ac,delivered,2018-05-03 11:45:49,2018-05-03 12:35:37,2018-05-03 15:30:00,2018-05-15 17:32:31,2018-05-29 00:00:00
e34a6ebdacb6b70e573e1e3a2a97a1f4,f174ef355ea4aaf8b3cc746ac5972da8,delivered,2017-10-11 19:45:50,2017-10-11 20:05:55,2017-10-13 18:27:33,2017-10-20 19:23:05,2017-11-03 00:00:00
fd174ef3d3535971d1bea4398b2248bd,d9f96b6e191543c352d24e69b251af91,delivered,2017-09-20 20:29:14,2017-09-22 04:32:50,2017-09-27 19:09:13,2017-10-08 15:18:47,2017-10-17 00:00:00
6ffb3f1686bceae3466facf7e02ce3fb,0bb18eb234e80c2f203cac31f9b03078,delivered,2018-01-23 20:15:12,2018-01-23 21:20:27,2018-01-24 22:55:29,2018-02-14 18:48:51,2018-02-20 00:00:00
1539c0a503a87cb20a5d11a435149b2a,3d86355baeb91ee332daa6a7299b4280,delivered,2017-06-13 16:38:14,2017-06-13 16:50:24,2017-06-16 16:02:39,2017-06-26 10:03:43,2017-07-04 00:00:00
bb6b0cda2ad6b1af261188c55a57550d,a2b04cadccfc3b95ff49974295621275,delivered,2018-01-07 18:47:29,2018-01-07 18:54:46,2018-01-08 23:04:26,2018-01-24 20:03:18,2018-01-24 00:00:00
4b36c120a0c6045f851737d51653a036,19a4b3431071ef0088f9891c3fb8278a,delivered,2017-04-10 23:40:48,2017-04-10 23:50:15,2017-04-13 13:05:50,2017-04-18 12:18:24,2017-05-04 00:00:00
c9d67cf174e14fc88f32b39a0201230f,4e141336d1cdaa93513480ae3b553feb,delivered,2017-12-29 17:42:12,2017-12-29 17:53:24,2018-01-04 14:36:30,2018-01-21 19:22:56,2018-02-02 00:00:00
17819d04603c3b79c2865e8a4d24a7ab,a57f56b2df041bebdd0c2efdfb1cbfed,delivered,2017-08-05 11:20:48,2017-08-05 11:35:15,2017-08-07 20:32:36,2017-08-09 12:57:14,2017-08-21 00:00:00
4418075144d646b6ecb7228571cec59e,957eb9ed2b71b5439f68a865a736de0d,delivered,2017-01-27 17:39:36,2017-01-27 19:31:12,2017-02-02 15:55:50,2017-02-16 16:21:34,2017-03-24 00:00:00
c30c32ccb820fc222d87bc0ea8b6eac3,183d6ae59de08a9f3a67e15c9eb6a00f,delivered,2017-08-08 01:49:02,2017-08-08 02:03:42,2017-08-08 19:42:10,2017-08-22 20:43:42,2017-09-01 00:00:00
92c15142e314731cebdb5b1cd25962ac,003ec17a1389fa302f3a0423dddd8650,delivered,2018-01-14 17:25:31,2018-01-14 17:36:34,2018-01-15 23:08:56,2018-01-20 00:12:41,2018-01-31 00:00:00
b68bc5e23953ce5d6eb6fd2fc3055763,8901c3b17ec32af7630fe1d96955db36,delivered,2017-08-24 15:22:24,2017-08-24 15:35:15,2017-08-25 15:53:49,2017-09-06 11:39:57,2017-09-28 00:00:00
4641a7999ca05850ee60509c213dc8ac,a7ff2f7795c7e202a24fc881252112bf,canceled,2017-11-20 12:48:37,,,,2017-12-01 00:00:00
49a76356bba249478a61707cb37319ea,59eb71336fbb39a683b38f0d1b9f21a7,delivered,2017-10-17 08:43:45,2017-10-18 08:49:09,2017-10-18 14:49:07,2017-11-04 00:07:26,2017-11-21 00:00:00
0eaa4845a6182d6b72de720fb976abd4,4d7f34d701f198e39e1c0cd92c3ee12c,delivered,2017-01-17 18:44:09,2017-01-17 18:55:20,2017-01-18 10:55:18,2017-01-27 12:13:56,2017-03-07 00:00:00
6b62e2b730a85cfa0ed45351bb31291d,2741335a5e048d897020cbc09e5fd9b5,delivered,2017-10-02 16:40:50,2017-10-02 16:56:38,2017-10-03 23:33:00,2017-10-17 18:17:20,2017-10-25 00:00:00
b345195f4b87a06b90abe651081fb600,b3f30427aed5455987b08a3c0ca81bc8,delivered,2017-08-09 22:57:52,2017-08-10 08:55:20,2017-08-11 19:52:27,2017-08-24 19:43:37,2017-09-13 00:00:00
e5cba854ed90614d4334d4c5fa4fcbcf,5bf7405054f31da473e0a6cbaaf127d5,delivered,2017-08-16 15:12:33,2017-08-16 16:25:18,2017-08-17 20:17:33,2017-08-23 18:42:38,2017-09-05 00:00:00
2d288e83d37a0c4589564d5b679693de,742b152faffd75c6805b67df287f2c15,delivered,2017-10-23 19:55:54,2017-10-23 20:14:43,2017-10-25 17:46:22,2017-11-01 19:33:48,2017-11-14 00:00:00
d1e0a6cc55d1db3058bb6803fc08ccc3,5d723e545d7fa13747195838b1408c15,delivered,2018-01-15 14:03:20,2018-01-15 14:11:18,2018-01-17 02:28:41,2018-01-18 18:49:55,2018-01-30 00:00:00
d1ee4bc3ffe8a30f23ecc003e76f958f,1d6de342db49ad620ae9d93fd3010cfa,delivered,2018-03-05 10:16:46,2018-03-05 11:00:28,2018-03-06 23:38:49,2018-03-13 18:21:40,2018-03-28 00:00:00
411753995b9d6dde2c840f9b96ad946a,dbf9a1c59cf0d00800719b3c51ca2e45,delivered,2017-10-13 21:25:29,2017-10-13 21:35:18,2017-10-18 18:02:41,2017-10-20 18:53:05,2017-10-25 00:00:00
5471298c2cafa3ef73e2eee59a5a9f4b,b41ae94503388788862a0cada283994c,delivered,2017-03-16 14:20:09,2017-03-16 14:20:09,2017-03-17 03:05:50,2017-03-21 11:24:03,2017-04-04 00:00:00
621b885e17980cd76471b8414029617a,5d5577005dbf8ce00f7edb417650f2b6,delivered,2017-07-21 13:24:01,2017-07-22 09:10:18,2017-07-24 15:52:03,2017-08-07 12:22:27,2017-08-24 00:00:00
e803d4e56a315a38eb3a6d339b02278d,73723e9dddda63b50fc0c9afc46f9bee,delivered,2018-07-01 09:21:57,2018-07-05 16:14:56,2018-07-05 14:12:00,2018-07-10 19:03:07,2018-07-25 00:00:00
412dad94b112337b7416c24b70ad8ee6,6d134f9f8bf77b2e7da24b15754cbf28,delivered,2018-04-30 22:10:35,2018-05-01 03:32:37,2018-05-03 14:47:00,2018-05-09 21:12:59,2018-05-24 00:00:00
788fdf598d5dbd1de9c4865b1b1824bd,1700391c8dfc8bd005f553a061675982,delivered,2018-08-07 19:38:33,2018-08-07 19:50:16,2018-08-08 17:05:00,2018-08-09 21:40:54,2018-08-13 00:00:00
8ccca2b704c41f41ce4d2f2602031691,7d68d1471b39c21eaa8caf3165278f8e,shipped,2017-03-16 11:53:10,2017-03-16 11:53:10,2017-03-21 08:45:36,,2017-04-19 00:00:00
413161628976daea9b5a74b5f93fe767,70bccc2f0d3aafe8a9fcadac4af9187b,delivered,2018-03-18 11:52:40,2018-03-18 12:08:12,2018-03-20 23:12:00,2018-03-29 01:18:53,2018-04-11 00:00:00
a0f9acf0b6294ed8561e32cde1a966bc,4851b3bca4a48b395dfad7aa57c3f72a,delivered,2017-07-27 15:11:51,2017-07-28 15:23:46,2017-08-02 18:32:34,2017-08-31 20:19:52,2017-08-24 00:00:00
5a4622fea27ea392ef817c16c9aa3da7,08cf49b41940b8f8ac1e677b262851de,delivered,2017-11-20 20:12:17,2017-11-20 20:28:56,2017-11-21 18:19:40,2017-11-29 22:12:39,2017-12-07 00:00:00
9de2a2221c70367c014ab770286b3c31,544ea8ca43bb67842ae971f955d67f7e,delivered,2018-01-04 19:09:36,2018-01-04 19:27:57,2018-01-06 00:04:37,2018-01-06 12:27:02,2018-01-24 00:00:00
09f2c6e797b432724b3a123f1ec897bb,c08a028e3cf76efe09f3ca8526ea2dcb,delivered,2018-02-15 16:10:26,2018-02-15 16:26:39,2018-02-17 01:08:13,2018-03-23 18:08:28,2018-03-07 00:00:00
41953608ebba26ffc747bfd944c6245d,b1072d62bc4318bf70d81aab42b638ca,delivered,2018-07-19 13:06:09,2018-07-20 04:55:23,2018-07-20 17:45:00,2018-07-24 20:08:26,2018-07-27 00:00:00
5602c7ec0703c496d76b3e8d812b150d,61dbac8585e5cb789947090f1395825c,delivered,2017-05-29 19:58:26,2017-05-29 20:10:13,2017-05-30 12:01:51,2017-06-05 14:42:47,2017-06-23 00:00:00
b2673ed6360dc341a4728dbd632f935b,acd30e8ac809a440f8a10918d0683a17,unavailable,2018-06-26 19:21:56,2018-06-26 19:35:21,,,2018-07-24 00:00:00
19ddb42a5be901faf63f0caa5cfbfd38,d918e8f6809326606a89bcf49a04419e,delivered,2018-06-22 13:13:36,2018-06-22 13:40:12,2018-06-26 16:09:00,2018-06-28 14:05:24,2018-07-12 00:00:00
20ae21b63b409890b6f852c06d2458f8,151e77b720345c563348a887573e025d,delivered,2017-10-04 21:17:03,2017-10-04 21:35:11,2017-10-06 19:23:12,2017-10-10 18:42:49,2017-10-31 00:00:00
bd6437320f40bcdf9ea4b0e63bf00a8e,22024b665e2a6cea26c7d8da7c2a0757,delivered,2017-08-19 17:16:54,2017-08-19 17:30:18,2017-08-22 10:33:44,2017-08-29 19:56:45,2017-09-25 00:00:00
f26ba1ada1565890a3a7a1529858e952,693b539ec329fc7f7eac2bf96bdbf0aa,delivered,2017-05-09 08:25:08,2017-05-09 08:35:13,2017-05-09 12:17:13,2017-05-18 14:03:46,2017-05-22 00:00:00
a0819d5b3f3ed0dd5e6d4d852d51ff79,ac3260ec3effcade1e0b7ce67dc11269,delivered,2018-03-21 20:55:23,2018-03-21 21:09:02,2018-03-26 21:32:42,2018-03-27 23:51:11,2018-04-03 00:00:00
7529dd1778a9d75bcd367a8ddc1e9d14,04fe7d4311ae1d93d159f77fd513a91f,delivered,2017-10-01 20:49:32,2017-10-01 21:07:02,2017-10-02 19:12:09,2017-10-20 20:38:52,2017-10-31 00:00:00
e86076594f76aaab01e5c99b1863fb50,6c4dbf4c2c9cfb6a9d7d8afd6b72072f,delivered,2017-11-12 18:30:43,2017-11-12 18:46:19,2017-11-16 17:55:58,2017-11-17 22:26:47,2017-12-04 00:00:00
92488b546fc879a0fd88f9294de828ee,f319269dcc6eb5135730d2bc516d0121,delivered,2018-07-29 22:16:11,2018-07-31 07:30:49,2018-08-03 13:08:00,2018-08-10 15:22:48,2018-08-20 00:00:00
3789e9b1be0db55442c1ae8b24ab51ec,6d52fd2bb97581b9a3fd5998e06f5c46,delivered,2017-12-22 11:40:52,2017-12-22 11:52:29,2017-12-27 00:08:46,2018-01-09 15:26:21,2018-01-30 00:00:00
f1fc8634fad0f0a2b838c28a680deb92,f174b5ada6fc3e38a4c51cb9c77e3c4f,delivered,2018-01-28 11:24:39,2018-01-28 11:32:20,2018-01-30 17:14:38,2018-02-06 20:17:31,2018-02-21 00:00:00
620955f27d3e918a0d703400e7a54692,6892fc610c58fef96c0d77c049870cb4,delivered,2017-10-02 23:27:38,2017-10-02 23:35:15,2017-10-04 20:05:16,2017-10-08 15:51:56,2017-10-25 00:00:00
e87d63870bcff2f72abfc64454bfff05,da5edefc151065bf935b9bf2c412e96b,delivered,2017-08-09 13:23:18,2017-08-09 13:44:08,2017-08-10 19:09:48,2017-08-18 15:49:50,2017-08-31 00:00:00
60114243c9bedbdafe9bc312bd608936,9340fee89818bd84d3a005f8fbfe5b82,delivered,2017-12-22 19:23:43,2017-12-22 19:35:19,2017-12-26 20:15:14,2017-12-27 16:15:46,2018-01-12 00:00:00
03d7dd4730b71e0a310c9b30431c1961,da8dfb2660ba315e2a99e6e3aa2f5c10,shipped,2018-05-30 19:42:15,2018-05-30 19:55:16,2018-06-01 14:11:00,,2018-07-03 00:00:00
25d3072dc56915e5a39b1b745be7e001,4f329f7d0bcdade895543c8be9036068,delivered,2018-04-15 15:08:11,2018-04-15 15:30:12,2018-04-16 18:20:47,2018-04-20 20:14:43,2018-05-08 00:00:00
e36b754064ae37070ed35ef7a9fad5e2,55c26ac3861a19bc1c31c172accd5f16,delivered,2018-08-13 21:04:21,2018-08-13 21:15:19,2018-08-15 14:06:00,2018-08-18 15:48:44,2018-08-24 00:00:00
a30d8838d122e0c839d5aadaa6753bc8,301b3278447e15614133d0b43196ebd3,delivered,2018-07-16 12:01:52,2018-07-16 12:15:10,2018-07-17 15:54:00,2018-07-24 19:48:49,2018-08-03 00:00:00
45af011411986b48414c28e5be9b3632,034114dc2bf3002b8d1bad87a64e0ade,delivered,2018-06-20 13:25:15,2018-06-20 13:57:36,2018-06-21 12:05:00,2018-07-13 20:33:06,2018-07-18 00:00:00
da99cd03d06d3800fdc9c43b1581507a,158f500dc97199224f2b80572814646f,delivered,2017-04-21 14:40:37,2017-04-21 14:50:14,2017-04-26 10:19:48,2017-05-02 14:27:57,2017-05-15 00:00:00
6940e87346db7bae9c22f3b52ea437be,ac2d501a519f765a4b944b5142a19a33,delivered,2018-02-28 19:21:17,2018-02-28 19:30:27,2018-03-07 00:10:50,2018-03-09 20:28:59,2018-03-19 00:00:00
0d21189c5494d8288ee358b3b24f85b4,c0464fc43033013d56d9ea076ccf6065,delivered,2017-07-12 10:36:01,2017-07-13 03:05:23,2017-07-14 17:45:44,2017-07-26 10:39:52,2017-08-03 00:00:00
79825575fbf14d70f89cdf4643ff4e77,766b48fc8b09f103ef8f68e1dc6952b6,delivered,2017-08-11 23:00:28,2017-08-11 23:10:19,2017-08-16 13:16:36,2017-08-23 18:42:40,2017-09-04 00:00:00
e4d1be2964413777e6122970a3c1f675,acd301df4b0537d9a236a416b2efc9c1,delivered,2018-03-16 11:50:43,2018-03-16 12:09:40,2018-03-24 00:50:48,2018-04-13 19:13:41,2018-04-13 00:00:00
c711e1b54b085d35d928d9749be0497e,ebe9549e207a4ae52883511e4cb51f6f,delivered,2018-01-02 13:48:59,2018-01-02 14:07:54,2018-01-05 00:34:38,2018-01-09 17:15:31,2018-02-06 00:00:00
38812ede52a6842d03eb017fc2c9d92c,6c600072d9cb0bfcf713667cec62f67e,shipped,2018-03-18 16:33:25,2018-03-18 16:45:27,2018-03-19 17:03:16,,2018-04-12 00:00:00
c632f9a8a1b942e306b0335429bdb142,552d0e5a44018a46a380e34ab1ddb6ba,delivered,2018-04-02 10:44:37,2018-04-02 11:09:07,2018-04-03 01:09:55,2018-06-09 14:49:53,2018-04-12 00:00:00
a5094cc262d3a6c524bd2614b0cd6207,a3825afb142aa6b241b448d37792caea,delivered,2018-01-02 11:44:07,2018-01-02 11:56:31,2018-01-08 14:44:29,2018-01-13 16:52:58,2018-01-24 00:00:00
5a87e8c67abd6328a86c6165a91a547d,c01b8d38e70bb40c4a1703933a095d15,delivered,2018-05-03 16:43:36,2018-05-03 17:31:29,2018-05-04 14:46:00,2018-05-16 14:38:21,2018-05-21 00:00:00
5a87769ff430e7d1873e2bb9b3968af3,dd1a12426ed78bacc77fd02911ed1117,delivered,2017-09-27 21:24:27,2017-09-27 21:35:29,2017-09-28 13:58:08,2017-10-03 12:34:25,2017-10-24 00:00:00
a975a4d132e3cd7cb429e0deffc7cf8d,931c557bb82dd84248fca50e15eab603,delivered,2018-08-05 13:45:33,2018-08-05 13:55:20,2018-08-06 15:13:00,2018-08-10 14:58:48,2018-08-14 00:00:00
3cac7f07562ea3955f478ce84e2f94f5,735f58d6534a91e80b977b2ae1ece584,delivered,2018-02-05 21:41:05,2018-02-06 17:11:24,2018-02-07 19:18:57,2018-02-22 19:33:37,2018-03-01 00:00:00
dcef8d5b70aaacd6bd89d0b649a95e8f,3f004d89b01cb576527bcc9149d4cc1f,delivered,2017-05-23 22:02:19,2017-05-23 22:15:14,2017-05-25 10:14:41,2017-05-31 08:42:19,2017-06-27 00:00:00
ee604aa0fa0065d16fa19f49ca51ad76,d5570ec973698b3aabdc76b8e78b26d4,delivered,2017-10-12 00:51:41,2017-10-14 18:33:57,2017-10-16 20:33:27,2017-10-19 11:22:29,2017-10-31 00:00:00
4db7592df9b6ac416a36fe91e06682ea,7d70fd59b16bee6236b91d30b91459dd,delivered,2017-09-11 15:34:49,2017-09-11 15:45:32,2017-09-13 21:09:54,2017-09-19 19:20:02,2017-09-29 00:00:00
6fbe7b902dedc6669ba972b640f993d6,ce2b0d041ce769c1a4387a6e675b3d2e,delivered,2017-08-01 13:46:53,2017-08-01 14:03:23,2017-08-04 15:38:59,2017-08-11 17:51:21,2017-08-31 00:00:00
304137040eac6e7582eb945e3f347120,3384115feb88ac6ec6294086d0345836,processing,2018-01-05 12:18:07,2018-01-05 12:27:46,,,2018-02-05 00:00:00
d229d9c8f88ad9cb25a36803dc7a9a90,eaeedf2d64cd4ccbc74ade9c879ea06e,delivered,2017-07-17 11:44:41,2017-07-17 11:55:27,2017-07-18 20:25:57,2017-07-25 22:30:11,2017-08-09 00:00:00
f80f1384081e853ae3bb03c6a87a4bbb,0a8590845fd49614cc44c39969900ac0,delivered,2018-01-21 10:15:13,2018-01-23 03:37:56,2018-01-25 17:48:50,2018-02-05 22:08:44,2018-02-26 00:00:00
ecd8ba33ab5ecfaf1e454c1ff3889b27,fa77b18f726edd2bfde260da2cc2dbba,delivered,2017-08-05 11:54:07,2017-08-05 12:10:09,2017-08-07 17:37:18,2017-08-21 21:25:54,2017-09-13 00:00:00
575c25ea64e39b4c7bcd67d46a1fd1c9,919c35733c90c55e0b38c024f232a124,delivered,2018-04-08 09:28:18,2018-04-09 09:30:56,2018-04-10 00:06:37,2018-04-28 15:07:27,2018-05-07 00:00:00
0d8ff4d3ee065cf5aef7c9cda8778536,a5c79d7dad2bb491238b09d68dd1f464,delivered,2018-03-20 11:25:09,2018-03-20 11:49:51,2018-03-20 22:42:02,2018-04-04 22:18:33,2018-04-10 00:00:00
f5c5440eeced6d9ade07af5e1fcc69e4,eb64c2a4713ed54aac3d2d9b078b413c,delivered,2018-02-14 16:00:20,2018-02-14 16:30:33,2018-02-15 18:50:01,2018-02-28 15:18:49,2018-03-08 00:00:00
e3a645e56f26072a4ea4ca6187ae208a,107e9ad240231ed3055437dc2bf81d28,delivered,2017-11-09 18:10:19,2017-11-09 18:27:35,2017-11-10 18:02:52,2017-11-29 15:51:40,2017-12-06 00:00:00
b6bfb06d57aba458ce3dd894dcdadb11,e5a58f8eec6bdcfc18451e8458455e98,delivered,2018-04-26 21:29:36,2018-04-26 21:50:26,2018-04-27 14:30:00,2018-05-09 11:47:55,2018-05-21 00:00:00
76f9d7c41ec81afb53b8d00dc0fecede,9c978712900e0546c48062a001f4e4ab,delivered,2017-09-06 12:45:46,2017-09-08 13:23:33,2017-09-11 13:10:12,2017-09-13 22:46:32,2017-09-20 00:00:00
a9893544355d8abefe6473f21f162c5b,1f2f1fd768ccbfb05764c5a6fc6ae3cd,delivered,2017-07-17 10:42:23,2017-07-18 06:05:25,2017-07-19 16:32:20,2017-07-26 13:21:33,2017-08-09 00:00:00
504a512b08ad37f84e4d9b8de998f821,884775ad2d9c90f742bb0deab470e6fa,delivered,2018-07-17 17:13:40,2018-07-18 03:01:49,2018-07-24 14:14:00,2018-07-25 11:18:31,2018-07-27 00:00:00
a24e28c5eac9b7e62c315eb54a21a1e0,d4a2fd6c61fdfe63fcd62dccc14b79fe,delivered,2017-10-04 23:49:30,2017-10-06 02:07:35,2017-10-06 17:30:20,2017-10-19 21:17:27,2017-11-13 00:00:00
c65c60ac3ffcb69a2a4496a670a4998d,af9bc9bc13afa559bf63b0cd6539884e,delivered,2018-02-04 21:58:25,2018-02-04 22:10:32,2018-02-08 01:04:03,2018-02-19 22:12:02,2018-03-02 00:00:00
827d13f1e8fe2d4c2b3becfa2b0035ca,6e0cfceb2d49f48738767d48272a8ea8,delivered,2018-04-02 22:56:21,2018-04-02 23:10:16,2018-04-04 12:38:25,2018-04-17 03:58:45,2018-04-30 00:00:00
00c62d05602c1ca8164b98746d127fa8,2c64fc3c9f0672a9f2481654a7bf109b,delivered,2018-06-03 11:10:53,2018-06-05 04:52:02,2018-06-05 10:57:00,2018-06-12 20:15:51,2018-07-12 00:00:00
ab7247404a9215230d6977f0e1dfe5fb,bbab0e16e150f2c43a5250b0e586f839,delivered,2017-09-06 21:30:23,2017-09-06 21:43:44,2017-09-08 15:12:11,2017-10-02 17:27:12,2017-10-04 00:00:00
673c33bc0fb36d9b542e2bb104c14841,3375af073244691dddbae118c1b518d3,delivered,2017-12-01 14:40:25,2017-12-01 14:49:49,2017-12-06 22:10:58,2017-12-29 18:18:03,2018-01-04 00:00:00
252a22829815d332157a9f3a8fe174e6,fb10b4ac35c8d3b7d387ebc37a500d6e,delivered,2017-09-13 10:58:28,2017-09-13 11:25:12,2017-09-13 19:05:47,2017-09-22 17:52:00,2017-10-04 00:00:00
727be733cb840c05e9fc14028a1892e2,4e39a18ced98f08c5e1d20c2c5d9f7aa,delivered,2018-07-01 18:42:22,2018-07-02 18:35:20,2018-07-04 16:09:00,2018-07-11 13:24:30,2018-07-30 00:00:00
112ba690c4750a816a8862fefc3855b5,7ed8cd86353bf8c4e78091c8f84fdcd0,delivered,2017-04-06 20:24:10,2017-04-06 20:35:13,2017-04-10 06:53:43,2017-04-17 08:32:40,2017-05-02 00:00:00
1cd7c89429be94ecaafb5a84daf3beee,c673b54ef9683fe3e00c358b54eedf9e,delivered,2017-12-29 10:41:00,2017-12-29 10:52:27,2018-01-04 19:39:20,2018-01-15 20:36:56,2018-02-05 00:00:00
ca9e949cdccd6ccd93a7d31c7bbb90ae,6dc03b7785c3ad8b1f2f69a96afaf0d9,delivered,2017-07-31 17:29:07,2017-08-01 17:35:14,2017-08-02 19:06:50,2017-08-09 16:13:52,2017-08-22 00:00:00
6d08b9609c4e0cb107497f8307539077,4aebd659dd21ca7c5cc8454ae1d73e56,delivered,2018-05-14 21:46:20,2018-05-14 22:10:23,2018-05-15 14:44:00,2018-05-21 17:59:47,2018-05-29 00:00:00
4ed44a3f31464867648d26ef5ddb9826,67a62a16e3ad15ffc36f2c37147bde63,delivered,2017-07-24 21:41:53,2017-07-24 21:55:19,2017-07-28 14:49:55,2017-08-01 16:35:45,2017-08-15 00:00:00
a6475bb7a50387e3c665534e15bd40ac,442d66f0d96f656096dd70f1b0391e40,invoiced,2016-10-04 16:28:25,2016-10-05 02:46:17,,,2016-11-28 00:00:00
442c20f1686da98436dda5a6c7c52e16,2b33fb50f4ecaf4910139c4e303e2cf0,delivered,2017-11-24 22:40:33,2017-11-25 01:38:29,2017-11-28 15:12:22,2017-12-05 19:06:10,2017-12-22 00:00:00
c1356e664f314b0da7a3e6f73db083ca,07575be5de5f9f414f6b35ea2dbed840,delivered,2018-01-06 10:54:55,2018-01-06 11:08:08,2018-01-08 23:45:05,2018-01-19 23:42:00,2018-02-05 00:00:00
ea3925cbd40537018367b46fe65ee75c,475ab7a5bfe7b5de14fcb98efd3cfcf3,delivered,2018-05-22 10:26:33,2018-05-22 17:15:27,2018-05-24 10:07:00,2018-05-25 17:40:42,2018-05-30 00:00:00
347af76e162e8281d4d37d7d7f103f81,a8aed72e00a7cb48962499e15acccfc9,delivered,2017-11-24 21:04:40,2017-11-28 03:46:23,2017-11-28 17:59:14,2017-12-01 16:05:28,2017-12-14 00:00:00
f36263024190c7e3817fe397e16b2a39,2c1025a58a324df1c3dea8c1bca37ea5,delivered,2018-02-08 20:09:44,2018-02-08 20:29:06,2018-02-22 00:09:12,2018-03-05 17:16:10,2018-03-13 00:00:00
9ba51431194758a07b4d5a2164813d03,9d3baccee20167b221ec174af23827e3,delivered,2017-05-24 20:26:21,2017-05-24 20:35:07,2017-05-29 09:06:46,2017-06-02 12:18:12,2017-06-16 00:00:00
415c1b3a4f7d686212cf08f53ad40271,32733c119b64dd300881c12466d48e98,delivered,2018-02-22 10:06:12,2018-02-22 10:34:17,2018-02-26 23:54:33,2018-03-02 01:49:08,2018-03-08 00:00:00
54f781d2329c48177911be9fe3f7d7f8,4805662f4576e7b2c113ddb5bea8a07d,delivered,2017-11-02 17:11:32,2017-11-03 17:16:24,2017-11-07 15:11:32,2017-11-10 16:32:20,2017-11-23 00:00:00
2ec517892d22fd59d39b4cfa2a69637b,94043b53a282a595f1d3b5abf5a05e0b,delivered,2018-08-07 17:33:29,2018-08-07 17:45:11,2018-08-08 09:53:00,2018-08-16 20:04:35,2018-09-12 00:00:00
bdb029fd9aad9c2b487eff2b448346c5,94a5ea61a424dc143b493f6009ee9211,delivered,2017-03-07 11:41:43,2017-03-07 11:50:20,2017-03-07 13:34:57,2017-03-14 14:05:26,2017-04-04 00:00:00
b29c6fe4cbadff8b38f96806127dfc53,a317ad435deb7beb5632846c5ffc9592,delivered,2018-03-18 15:06:38,2018-03-18 15:15:32,2018-03-20 13:29:33,2018-03-28 15:38:55,2018-04-05 00:00:00
07dc1dc61c5ee9a1387069fec64b6663,d4e5a610541428f3938253b37860a323,delivered,2018-08-03 08:26:22,2018-08-04 10:24:06,2018-08-06 16:59:00,2018-08-08 17:08:47,2018-08-14 00:00:00
f3a3becaf45a4f7799cd93b1fdeea2c7,f85c1412c63126bbfaa30cac5590c0aa,delivered,2018-08-06 13:20:42,2018-08-07 13:15:19,2018-08-08 11:11:00,2018-08-20 21:41:34,2018-08-24 00:00:00
74d2901d06590ded0f5de058f78bc500,7a11dd385852e7c6d60e1a25c8c37a9e,delivered,2018-02-28 22:41:29,2018-03-02 02:11:04,2018-03-05 20:53:37,2018-03-17 11:28:33,2018-03-27 00:00:00
d849519c380fc7427ba88fc312ade389,8d580fea29b9d93a4f404349ff07de56,delivered,2018-02-10 15:34:38,2018-02-10 15:48:25,2018-02-16 17:07:13,2018-03-20 13:38:55,2018-03-22 00:00:00
3b37ea038e53ec7ddd17eaf745201db2,b814450275c3815ada3733398aee1a80,delivered,2017-07-31 15:26:22,2017-07-31 15:43:28,2017-08-04 19:07:41,2017-08-07 20:32:09,2017-08-18 00:00:00
0d5f49b8f9f7176361444dcc91621776,9f01f4bbdd9ec6f633d823f620431444,delivered,2017-08-11 11:58:43,2017-08-11 12:10:21,2017-08-11 21:33:00,2017-08-17 15:45:26,2017-09-04 00:00:00
7030a04693edbcaef31266ac0c58f5e5,6e177e72d2f06503b4b3dabd74db4a2a,delivered,2017-12-10 19:01:54,2017-12-10 19:10:15,2017-12-14 17:43:51,2017-12-19 19:27:02,2018-01-04 00:00:00
7169bb201e926e2686e974262cd6bcd5,f64d27fa18c097c17200f7076f0556ba,delivered,2018-07-11 15:39:55,2018-07-12 08:46:16,2018-07-13 09:41:00,2018-07-23 23:51:16,2018-08-02 00:00:00
1da43de9c3856e95d783cf969181e42a,a2549c5958509a1be730da3ec5098046,delivered,2018-02-06 18:52:21,2018-02-07 03:10:06,2018-02-08 14:07:57,2018-02-14 20:07:38,2018-03-07 00:00:00
8dc7d1029415223a0367067aeebe711f,7ededb8426467b84329d3114a37d81a3,delivered,2017-09-07 16:06:29,2017-09-07 16:23:28,2017-09-12 21:48:51,2017-09-19 18:44:11,2017-10-06 00:00:00
890fff31c4646aca2e6372ee1b6ac443,a946afba89f43c82cb53210137f23ac1,delivered,2017-05-17 17:18:27,2017-05-18 02:31:49,2017-05-24 16:38:01,2017-05-31 09:43:54,2017-06-01 00:00:00
283548b206a96af4094495858774befe,8fb17055fd54b0e086d5320642721a88,delivered,2018-04-02 20:31:32,2018-04-02 20:49:53,2018-04-04 03:07:39,2018-04-09 18:29:49,2018-04-23 00:00:00
037fdead4ade679aec8ee3dc6a75368c,f95370ea34c6c1e0dc4cc99480858a54,delivered,2018-05-03 14:12:52,2018-05-03 14:32:36,2018-05-14 15:01:00,2018-05-23 18:54:51,2018-05-25 00:00:00
6550f76a630f229b798ea19ef27694d9,9ef5831c1ecc3fcac9e45c3b873c1bf9,delivered,2018-08-17 15:11:21,2018-08-17 15:29:32,2018-08-20 14:38:00,2018-08-24 21:32:52,2018-09-10 00:00:00
ed4bb81d1c09ad5eb9d421a2447387ce,76c0ea5962945b3b545b34f99844cbcb,delivered,2018-03-02 09:41:34,2018-03-05 13:48:43,2018-03-08 02:05:34,2018-03-29 15:33:02,2018-03-26 00:00:00
9d3ec17c877b8a749b1f9523a47773c8,69a367da4f911c98e382d5dd0c6f82ad,delivered,2017-12-25 22:34:37,2017-12-25 22:47:59,2017-12-26 21:16:34,2018-01-04 17:58:56,2018-01-26 00:00:00
45de33f845159283ab4792dec56ba9d4,1bbe8a696554b93a76665c3d54e2a5f7,delivered,2018-01-20 21:08:39,2018-01-22 13:58:55,2018-01-26 19:12:38,2018-02-06 15:16:42,2018-02-21 00:00:00
875776703718e362c278092c5504ccc3,6a27bd9987f00a5a0e732abf2ebcee78,delivered,2017-05-15 21:20:33,2017-05-15 21:35:11,2017-05-16 10:13:00,2017-05-23 11:28:00,2017-06-06 00:00:00
58ac1346bc2ee0cfbe205aacad678d60,b79038e2c6938f51e4fa02b1801589e6,delivered,2018-02-21 12:30:04,2018-02-21 12:50:18,2018-03-05 22:25:38,2018-03-21 11:18:34,2018-03-21 00:00:00
8d0ae84c25c48ed1b0ecf1eb0b834c5a,7814655ba11d388e25aa22d97131da57,delivered,2017-12-20 00:33:29,2017-12-20 00:50:48,2017-12-21 22:15:47,2017-12-27 17:32:19,2018-01-15 00:00:00
7587c428b98d8c3ce7111bae4ca910e6,b7267133b73f405dc40ecc46bf9bc96d,delivered,2017-10-10 23:58:26,2017-10-14 18:35:07,2017-10-17 18:52:07,2017-10-26 16:52:16,2017-10-27 00:00:00
948368c5523e4c43acf831fa3353992b,8bc0984a1c087377e468ef59faaf37d7,delivered,2017-08-18 08:45:59,2017-08-18 09:04:24,2017-08-22 19:52:30,2017-08-23 14:22:35,2017-08-31 00:00:00
b228e6b7a06468abcf8c203f8e86689c,26d42563197b6dee87cd3c74a65cca39,delivered,2018-08-05 15:56:36,2018-08-05 16:10:10,2018-08-06 16:45:00,2018-08-10 18:16:22,2018-09-05 00:00:00
fddf57c74b8cdfa31aacc5a974885ae5,46370d123e1788bede7a6f615f3a997a,delivered,2018-06-05 17:55:40,2018-06-05 18:13:12,2018-06-06 07:42:00,2018-06-28 20:58:34,2018-07-18 00:00:00
c1a3f085dae6065e1cdff2df7d95d990,f961764b9600b0fd7ba8e43a21daae4d,delivered,2017-05-09 13:21:53,2017-05-09 13:31:22,2017-05-17 08:32:17,2017-05-25 10:13:56,2017-05-25 00:00:00
04c0dac88714e8ee1ca2c0254cab2a22,2194fbf68f31edcb5a92443a516ac591,delivered,2018-05-15 19:06:04,2018-05-16 02:54:06,2018-05-16 12:58:00,2018-05-17 17:04:30,2018-05-23 00:00:00
9602ea99096d399504c80bb201775a0c,d83e597340744895ef969f98e040ded7,delivered,2018-03-07 10:07:39,2018-03-08 02:41:02,2018-03-09 23:33:14,2018-03-15 23:30:50,2018-03-26 00:00:00
788bfedba1f3c6d71e9572fbf8dc033e,fc301a28547d4f7a0b7673bae668c0b4,delivered,2018-06-13 19:35:05,2018-06-14 19:37:47,2018-06-15 10:30:00,2018-06-25 17:07:50,2018-07-18 00:00:00
27fd0c263b9d38e9cb2c2d07fc0c706e,d1cd0d62067d359adace8839818a614e,delivered,2018-07-30 21:54:00,2018-07-30 22:24:22,2018-07-31 08:40:00,2018-08-06 17:07:59,2018-08-17 00:00:00
b6b5fb0fbf0d0f55fc382e3857520a1c,77e71d7705bc1e9ed7f466abf1bc8c8d,delivered,2018-02-02 11:42:35,2018-02-02 12:51:49,2018-02-02 21:49:12,2018-02-09 14:06:58,2018-02-26 00:00:00
de511d43118e7cd3c327dded8e3597a6,fbe06f7f0b1b8b3fab72e38d22cb74da,delivered,2018-08-13 18:13:18,2018-08-13 18:44:08,2018-08-15 13:56:00,2018-08-23 01:06:25,2018-09-17 00:00:00
8e2fb2dbedcc04e6230d18b3edd75574,67f89d8b4ac09476bb20a89c98a9f928,delivered,2017-09-28 10:05:03,2017-09-28 10:24:57,2017-10-02 23:38:36,2017-10-09 20:21:28,2017-10-24 00:00:00
ff903285ed6a7f76ecda147fc463ef57,093c53ca0c7fd7fa49a193e600c54e91,delivered,2017-11-04 13:53:28,2017-11-04 14:10:31,2017-11-06 22:05:21,2017-11-08 21:22:21,2017-11-17 00:00:00
34fdc362961364d3ff08986ccff2212d,c2719bf8e555adcf1fa503708bea998c,delivered,2018-05-08 17:40:24,2018-05-08 17:55:23,2018-05-09 11:51:00,2018-05-14 19:02:25,2018-05-29 00:00:00
2a63765c400304a82efd12bd16d8f1d4,1adc79ab67375fd7d0fe045da2bcad32,delivered,2017-09-14 22:29:52,2017-09-14 22:45:39,2017-09-15 18:15:11,2017-09-22 16:27:57,2017-10-06 00:00:00
8ee5be155201411ad345c45727c600d4,fa325f2547911ff9127c287e3b64ee98,delivered,2018-04-24 21:49:57,2018-04-24 22:09:57,2018-04-25 18:35:00,2018-04-30 18:57:57,2018-05-10 00:00:00
e939c92235a2317f8222c7e4585a6255,e407ccb33c52d1292bdc4cb44619eb19,delivered,2017-05-27 22:10:24,2017-05-29 22:45:18,2017-06-05 14:57:53,2017-06-19 21:37:53,2017-06-28 00:00:00
d2404c15c71863f869f71c9fb72c2af6,50605289653d6b738b88a0ca7c0e8fac,delivered,2017-07-25 14:00:37,2017-07-25 14:15:13,2017-07-26 10:42:34,2017-07-26 14:53:06,2017-08-09 00:00:00
59e9079196bab6c6a1634387ec66167f,32c608689172699f708eca9ad42b373d,delivered,2017-09-21 00:28:13,2017-09-21 00:46:06,2017-09-22 17:27:04,2017-10-09 17:58:16,2017-10-19 00:00:00
8b1a87ef2390d75e9fe2d8e1e74a8f99,17287391e40fe26b985fbe9844c8b08c,delivered,2018-07-26 21:40:10,2018-07-26 21:50:19,2018-07-27 14:08:00,2018-08-01 19:07:09,2018-08-08 00:00:00
2d260d3f0b13b0bde48ceb29fdc05931,a2a06e46fa4b76d28d47ee73cb1a0616,delivered,2018-05-20 15:53:12,2018-05-22 09:36:32,2018-05-23 11:17:00,2018-06-09 17:44:17,2018-06-06 00:00:00
13dc168f94bccaa04fa06a6ba89e212c,73e6d55cf331c57b5108d5c700d55a25,delivered,2018-05-16 22:57:01,2018-05-18 04:54:44,2018-05-22 14:53:00,2018-06-05 19:52:19,2018-06-08 00:00:00
ebdf00c28193aed91e3f3d9fa71d9d13,67cf89bcb57e90039ac1539f1c112481,delivered,2017-04-22 20:29:37,2017-04-22 20:41:39,2017-04-24 11:23:57,2017-05-05 13:38:05,2017-06-01 00:00:00
f8b625b1a8ae63614f1c171fb18c7a49,28de693affea36d16d7d74bb663f7c7c,delivered,2017-11-20 18:43:00,2017-11-21 18:34:22,2017-11-29 19:24:33,2017-12-11 23:41:34,2017-12-07 00:00:00
bf5099786cc9dcd17a4961c9406fb3f3,89887a50791b725adc9f8e1ffdcab0d3,delivered,2018-02-19 15:09:51,2018-02-19 16:10:33,2018-02-22 00:21:27,2018-03-26 23:07:09,2018-03-14 00:00:00
63e9f378e99a3e83709e85223d637944,69025827c1e088ba732e7904f14a5c50,delivered,2017-09-05 16:19:06,2017-09-05 16:30:11,2017-09-06 21:42:45,2017-09-14 20:33:37,2017-09-25 00:00:00
8115c56b23b02cb96cdfce13531a5a7d,3ea99345369a3d2eee4b0e3ab06c445e,delivered,2018-06-11 14:34:33,2018-06-12 04:35:47,2018-06-14 15:53:00,2018-06-21 19:38:20,2018-07-05 00:00:00
07c86971c5f40e822bd71ab44f684fad,113bdfd53b6c5dbc25dd4aab954b9efe,delivered,2017-07-13 00:19:43,2017-07-15 03:35:24,2017-07-18 12:34:05,2017-07-21 20:47:51,2017-08-02 00:00:00
71ffbe37a2e7ac438c81adb916832bba,5a94b0b5e939d29d07cb80e1c236ce5b,delivered,2017-12-08 20:15:27,2017-12-12 03:51:23,2017-12-13 21:27:00,2017-12-29 14:53:15,2018-01-16 00:00:00
97c83fc9b400d1808b5c8ef56e4b3c3a,ee3019b29ea8476311889e95ea6e4224,delivered,2018-07-10 11:06:34,2018-07-12 03:30:19,2018-07-17 08:19:00,2018-07-24 19:52:36,2018-07-30 00:00:00
0cc53a27cb4eec43723454e212e469cc,ded515b7d98b7d3425a9e26ce985e31a,delivered,2018-02-28 19:23:10,2018-02-28 19:35:38,2018-03-02 17:17:07,2018-03-26 13:09:00,2018-03-21 00:00:00
8533497ec8830f25e8a90bcbe74563db,53e3607c5c03c9f0bffd0db6c8e55d21,delivered,2018-04-17 09:58:31,2018-04-18 04:51:11,2018-04-18 19:44:38,2018-04-19 19:57:47,2018-05-04 00:00:00
62caefca677649f08758f7582ef4ef52,d5f568e92cfc43f0cdfc863dee639275,delivered,2018-03-11 09:13:55,2018-03-11 10:29:28,2018-03-14 00:51:40,2018-03-20 19:09:33,2018-03-29 00:00:00
39ed3e039306a582ec28f1f997cbff75,a2a7143d7c9767d8d6795920e88354bf,delivered,2018-01-22 09:30:50,2018-01-22 14:14:44,2018-01-23 14:23:32,2018-01-31 21:52:19,2018-02-22 00:00:00
9ee4d099f38e890ac389c977ec066c67,b7e72b9d9d5b378ed2050e817fa757e1,delivered,2017-08-03 14:06:43,2017-08-03 15:30:14,2017-08-03 21:22:12,2017-08-10 20:04:27,2017-08-28 00:00:00
d0719a919a0047c092328afe72722e2e,7a850172956be670dde1f63ab6bf8bc4,delivered,2018-03-15 13:24:36,2018-03-15 13:49:32,2018-03-23 20:04:23,2018-04-04 22:29:53,2018-04-05 00:00:00
cd80b68b81d09322cb7d076a19e615f3,524526cc3df595244cd2b951e60b9044,delivered,2018-05-18 16:28:29,2018-05-19 14:35:15,2018-05-21 11:09:00,2018-05-28 19:40:42,2018-06-04 00:00:00
00cfabbe2a93b70beeec4894f86712a8,bf2cd0dfd7ad8b44be636ba1079d6358,delivered,2017-06-10 07:56:30,2017-06-13 04:50:29,2017-06-14 17:06:10,2017-06-22 15:27:09,2017-07-05 00:00:00
ca23ddf87cf569c651185e5ad2628e2d,bd59e8962363969956a881d48e0114ed,delivered,2018-03-20 17:41:34,2018-03-22 02:50:09,2018-03-23 16:18:36,2018-04-02 21:48:35,2018-04-16 00:00:00
0330631bdb2ec8c341f487ed9c22fc8b,e3109970a3fe8021d5ff82c577ce5606,delivered,2018-05-25 12:02:08,2018-05-26 02:31:54,2018-05-29 15:41:00,2018-06-07 22:42:02,2018-06-26 00:00:00
13e6d8c97847f1b195474fab7dd73bde,f09a97aa30ea595d27a84b306a86ce96,delivered,2018-05-28 15:53:08,2018-05-28 16:11:46,2018-05-30 11:30:00,2018-06-13 21:28:57,2018-06-28 00:00:00
ee8dd47ef3b125366e4e1817bfb04ed3,d5fefeef35118da492c3515f72878226,delivered,2018-05-08 18:44:55,2018-05-08 20:54:51,2018-05-09 13:41:00,2018-05-11 22:34:39,2018-06-01 00:00:00
9d87d0391a942964abee51bf76befef0,f3e3db008381abfe88fbcde5ceb68d4c,delivered,2018-08-06 00:17:44,2018-08-06 00:30:19,2018-08-08 15:37:00,2018-08-10 19:18:31,2018-08-27 00:00:00
5dfb8335958a3157a733c424ba959ced,84eede470cab0ab3fefa00d13993c8b7,delivered,2018-01-24 21:48:46,2018-01-26 08:29:51,2018-01-29 22:32:46,2018-02-06 17:54:40,2018-02-19 00:00:00
9ba3eb09b640e758fbe96e152dc8ac73,749aed9e961f6722df4c356e38a2be78,delivered,2018-04-10 13:51:57,2018-04-10 14:10:08,2018-04-12 19:41:09,2018-04-28 15:58:45,2018-05-16 00:00:00
7d90148763f13aa4f24dc38ecfd0d5fb,aa5d81c64ac61c8124eb6c249c2c2ca5,delivered,2017-09-11 13:52:37,2017-09-11 14:05:22,2017-09-12 21:33:19,2017-09-18 19:36:52,2017-10-02 00:00:00
187098e4e124f41f3a325782e3c372ac,39da874a859b9e6124e1b121131937a1,delivered,2018-08-12 10:39:58,2018-08-12 10:55:12,2018-08-13 13:48:00,2018-08-17 13:46:26,2018-08-24 00:00:00
272a052a03ba0cf15ce9cd712650604e,35f1c550ef8ddd61a5fed03a69ed6043,delivered,2017-12-18 18:57:53,2017-12-18 20:31:22,2017-12-19 17:41:57,2017-12-29 19:38:55,2018-01-17 00:00:00
27c9a7fc93005e3344a0c1ffa6f931e2,0298eec43baa253837fca6e98da66903,delivered,2017-09-16 11:20:10,2017-09-18 10:35:17,2017-09-19 20:04:14,2017-10-08 15:37:41,2017-10-06 00:00:00
68ffb6a8abb783325c37e66d91eeb191,5032ecd958a19df06ff0623d8ef712a1,delivered,2017-07-04 19:43:44,2017-07-05 17:42:39,2017-07-07 13:55:44,2017-07-12 20:52:40,2017-07-27 00:00:00
431478a35228bb7816df8336af000672,8397d3c7e88a2f43a4d125c164045a32,delivered,2018-06-18 14:16:04,2018-06-18 14:35:59,2018-06-19 12:28:00,2018-06-27 14:40:47,2018-07-11 00:00:00
cabad88da7829d30f53a581fffcd6eeb,22a160d7729a16f713d2876288a0e227,delivered,2017-04-27 20:10:05,2017-04-27 20:22:55,2017-05-03 12:04:54,2017-05-05 16:59:53,2017-06-01 00:00:00
a4b60a92ece5dce086fa34fd28b20aa4,eec2fe37691f5bd4f2a0e2a99c9a60b1,delivered,2018-06-14 23:11:22,2018-06-14 23:36:31,2018-06-18 13:28:00,2018-06-20 17:52:35,2018-07-05 00:00:00
a5c654c2a0126153f98af71a65a159de,b2817df30d7390a156ef1514c284010c,delivered,2018-05-30 23:05:14,2018-06-04 12:10:35,2018-06-05 08:45:00,2018-06-12 20:06:48,2018-07-13 00:00:00
90b27d5506a9be4b5fb162ac5857d2b7,a3b261d6bf44645e797b4cb6b9620809,delivered,2017-01-30 19:43:36,2017-01-31 04:36:54,2017-01-31 17:12:06,2017-02-03 10:38:55,2017-03-20 00:00:00
0a998b0552bd0e04c7b38f0f58737c54,f650ed65abda7782ac4adb70edb5f62e,delivered,2018-08-01 19:01:08,2018-08-01 19:15:21,2018-08-02 15:18:00,2018-08-07 20:08:31,2018-08-17 00:00:00
2b3914c5dfff87df339937130ad79fbf,27a5c3f64e3c7a22e2d03c50fc37fa31,delivered,2017-12-11 21:27:45,2017-12-12 11:12:00,2017-12-13 00:12:59,2017-12-29 17:03:32,2018-01-08 00:00:00
819adcd651eaa6b9ce751285bfb7e85d,3ee66d65dd46cf1a5839e7198b9eda59,delivered,2017-10-19 08:38:00,2017-10-19 08:49:17,2017-10-19 18:55:45,2017-10-30 13:13:01,2017-11-10 00:00:00
bd75e9df026607f1d2589db648d90ed3,9fa2624b235740613073584d127daa3e,delivered,2018-04-26 12:33:11,2018-04-27 12:32:10,2018-04-30 15:09:00,2018-05-02 19:03:18,2018-05-11 00:00:00
b5588f82c19d257d1b59252478f76ab2,4ec73a195462e949caf053148050c9f6,delivered,2017-11-24 12:12:50,2017-11-24 14:14:26,2017-11-24 20:54:35,2017-11-26 15:46:00,2017-12-08 00:00:00
edf914c62e2abd7b4859327aac9a7727,1503f463072a6c3255885713f173bf9d,delivered,2018-07-26 08:43:49,2018-07-26 08:55:23,2018-07-26 13:08:00,2018-07-27 18:24:40,2018-08-03 00:00:00
e57f9e7c60adf9829a8cadaf9d153e5d,b8494b9943cd16f91008627a6ec8ac85,delivered,2018-02-07 12:41:18,2018-02-08 07:35:58,2018-02-09 19:58:29,2018-03-02 00:28:43,2018-03-13 00:00:00
2589706e89ca32933a2371219bab4143,32109ab502f8494956c8e19a5a57838b,delivered,2018-03-18 10:32:19,2018-03-18 10:48:34,2018-03-20 03:24:49,2018-03-27 22:28:41,2018-04-05 00:00:00
e22116e42381e36f0af20afcdba45065,8e48c167166a5f5d252955cca84f4701,delivered,2017-11-07 22:26:03,2017-11-07 22:46:35,2017-11-09 19:24:28,2017-11-17 22:10:51,2017-11-30 00:00:00
5978c23150e32abac4af3b0a9cc2637d,760663b7f3e48507e43082cb33cda1a5,delivered,2017-09-17 21:41:25,2017-09-19 04:10:08,2017-09-20 17:42:06,2017-09-21 17:38:20,2017-09-28 00:00:00
44978a07c53273143a18ff837c2dd68d,0440345aa3f318c95691cd2345894071,delivered,2018-04-18 00:52:43,2018-04-19 00:50:24,2018-04-19 18:35:29,2018-04-27 01:06:47,2018-05-11 00:00:00
f063fd7dd487e7fbaa3dae8d260b2ec6,dfd1d11301e7d9f12451a1ae54439206,delivered,2017-08-11 23:34:33,2017-08-11 23:45:12,2017-08-16 21:20:12,2017-08-23 18:34:21,2017-09-04 00:00:00
b2f01d619b5557f295317bca57f07471,1978aed6ddb95a376254c94bcc3ff6e7,delivered,2018-04-21 11:32:59,2018-04-24 18:41:45,2018-04-23 19:34:41,2018-04-24 20:34:47,2018-05-10 00:00:00
82c1d5e96ea750adc1f2c2011af5b0e6,5acb73b6b3d97377b7f750208b7ff478,delivered,2018-05-30 18:47:56,2018-05-31 03:36:16,2018-06-05 13:21:00,2018-06-06 16:33:03,2018-06-18 00:00:00
b2349a3f20dfbeef62e7b31baa22f84b,0ff24a24edd69d8774270ac863c8e230,delivered,2018-05-08 14:53:17,2018-05-08 15:09:59,2018-05-10 18:29:00,2018-05-17 18:42:13,2018-06-07 00:00:00
e5220ef7f976cab4427f16a5e1d6c29c,f920395e4693d8730802e67e57e3d3b6,delivered,2018-05-01 09:36:46,2018-05-01 09:57:05,2018-05-03 11:09:00,2018-05-10 20:48:34,2018-05-28 00:00:00
5eb9ebc80ba6975ff121215b56cdce26,447a6a4a1c174d733a08b68480ba79e6,delivered,2018-03-14 23:33:16,2018-03-14 23:49:44,2018-03-15 20:03:27,2018-04-19 18:46:22,2018-04-13 00:00:00
a97e8bd621edbcb4558c0de4c02f05a9,3a87bba540134fa5bd77266286ae8ec0,delivered,2018-05-14 15:48:10,2018-05-14 16:13:36,2018-05-18 07:52:00,2018-06-11 20:51:51,2018-06-04 00:00:00
fed2c6b5a6f5bbf776e52240101359fe,5110f48f7609169fbec145320da4512e,delivered,2017-05-17 21:58:18,2017-05-17 22:10:10,2017-05-18 07:17:45,2017-05-23 12:43:38,2017-06-12 00:00:00
d1c6877db9eb405a3ff09fca7c637f3a,4cb73f8b4e17408828e23d6797c6b340,delivered,2017-12-26 01:48:51,2017-12-26 02:31:01,2018-01-03 17:52:21,2018-01-05 21:04:53,2018-01-15 00:00:00
7d960d3f481b040257655876b44e79bc,84afdd359b5f71559512a1316f1fac16,delivered,2017-02-06 21:11:50,2017-02-08 03:15:12,2017-02-13 01:52:17,2017-02-16 04:14:54,2017-03-01 00:00:00
33b50846ef5349564b8be2af1d6000aa,3d34ebc358aac6406eb02d4d46aaa4ed,delivered,2017-09-13 14:12:25,2017-09-14 09:30:17,2017-09-14 16:09:13,2017-09-26 18:37:50,2017-10-02 00:00:00
ed6e5c9d8209e22b1e620138aef88d6f,0a0a7a0dea2d35a9a6be32e0945575d8,delivered,2017-12-10 22:52:32,2017-12-10 23:11:28,2017-12-11 18:42:13,2017-12-18 22:57:14,2018-01-11 00:00:00
f9021afbb4a99d23f8e0adc2c702ad95,29f4c5c4086d5058694817ba99ff6798,delivered,2018-04-16 19:18:41,2018-04-16 19:35:10,2018-04-17 23:26:35,2018-04-18 16:03:57,2018-04-30 00:00:00
6e258bdc53ebb3349a06f43a96f3fb6a,b8314bd695a1b3373a6f434d3d7caac6,delivered,2018-04-21 10:36:38,2018-04-24 18:40:00,2018-04-26 13:50:00,2018-05-04 16:19:10,2018-05-29 00:00:00
0091a677651feaf5a08d7bb147681e14,93d82c58a8f2b0d2db80f16867b99edd,delivered,2018-08-24 13:27:17,2018-08-24 13:44:42,2018-08-27 18:33:00,2018-08-28 16:32:05,2018-08-31 00:00:00
c9739ce4c2bbfdbb76e36956cd43dd46,d9cf0797cdab2a59b89b314e459dd862,delivered,2018-05-13 21:15:25,2018-05-13 21:33:22,2018-05-14 13:17:00,2018-05-17 12:48:30,2018-05-28 00:00:00
8484b56b3b3bc2afabbfb853f86cda93,1626761519a806e354216dace02df1e8,delivered,2017-12-13 10:57:49,2017-12-13 11:11:30,2017-12-14 20:13:07,2017-12-15 19:03:43,2018-01-02 00:00:00
a6ea59851ffee8cb73761179fc7bcb6c,4f431dee2efccd72a2b5707929dc85bf,delivered,2017-11-28 12:18:08,2017-12-01 12:31:34,2017-12-01 21:17:41,2017-12-15 22:28:37,2017-12-28 00:00:00
a220ac2db42e26dbde74a77bb1a30bef,7ca93e75d64f65590a631b085c32e869,delivered,2018-03-26 20:01:11,2018-03-26 20:10:21,2018-03-28 22:21:16,2018-04-11 20:28:18,2018-04-13 00:00:00
a6ba8648e5a290ca5c5d01adb610e447,e6c2a9c517d876f257a4c9d749b0631f,delivered,2018-07-27 22:08:00,2018-07-27 22:24:25,2018-08-01 15:27:00,2018-08-07 23:28:56,2018-08-10 00:00:00
021363783b521e9813dd62bbcb77d1dd,8c28706c8f9e0cc8ceea7d7e116960e9,delivered,2018-02-23 11:52:46,2018-02-24 15:27:26,2018-03-01 23:19:21,2018-03-21 22:05:31,2018-03-20 00:00:00
a0fcff0745f09b147877dd1fdb17230a,c6911816d1c75fdeb3694cc4d1f06dbc,delivered,2017-12-07 18:08:14,2017-12-07 18:52:39,2017-12-20 19:14:58,2017-12-28 13:37:33,2018-01-12 00:00:00
b167109334768a2c342b85139a6437d6,111acc29194a247a328b7cf4f1f8d5df,delivered,2018-02-16 19:30:08,2018-02-16 19:46:47,2018-02-20 22:23:18,2018-02-21 14:59:12,2018-03-02 00:00:00
66349c255eb9d3c6dc26d8e36dbd83bf,a564fe760f592c19109251bee1a54b98,delivered,2018-05-13 21:17:18,2018-05-13 21:33:07,2018-05-17 15:06:00,2018-05-21 19:55:26,2018-06-04 00:00:00
d6705951df2cac2fe31e4701c9a29214,be216fa0ff62882b04972080bc6af335,delivered,2018-05-29 16:59:17,2018-05-29 17:30:25,2018-06-04 15:23:00,2018-06-12 19:28:28,2018-07-04 00:00:00
32c6cdfda3c983d4b4d2953b9af3dbd3,06310364d1a86fb500d18a2b70a26df0,delivered,2017-11-11 09:55:38,2017-11-11 10:10:24,2017-11-17 20:58:49,2017-11-24 21:08:58,2017-12-01 00:00:00
bc22d1005019c231fda1873c3fc71fc8,ea52ee6d81654c6e71ccb379095539d0,delivered,2017-11-03 00:44:46,2017-11-03 01:26:11,2017-11-16 18:55:40,2017-11-21 18:22:29,2017-11-27 00:00:00
b07078baf6a1bbbc998cdfa28e7f8230,22e10c220b507e45ada14579c6e84503,delivered,2017-07-24 21:44:50,2017-07-24 21:55:22,2017-07-26 10:47:42,2017-07-27 17:17:57,2017-08-15 00:00:00
1525ae17b338cdbe83eafba4135425d8,41d7e81f19a029d8c0b56f7898398b2a,delivered,2018-07-17 13:21:24,2018-07-18 08:35:15,2018-07-18 13:44:00,2018-07-25 14:38:30,2018-08-08 00:00:00
83a5318382fbbea998fec6417a9b8030,70e2350198c11f4b50dee6ab81464c98,delivered,2018-06-08 10:33:45,2018-06-08 10:57:14,2018-06-08 13:47:00,2018-06-12 23:11:31,2018-07-04 00:00:00
31f21cb58ae87d5f8f3076dcc93ec4d2,c7a4f00f2439c3d918aec59cd25a8948,delivered,2018-08-17 17:25:51,2018-08-17 17:49:36,2018-08-18 10:12:00,2018-08-23 15:52:31,2018-09-13 00:00:00
9bfee44b6fa92f64b8dcc72d2170686b,29e0e64fe43d5a03a37dc252ba6a1682,delivered,2018-01-09 09:21:28,2018-01-09 09:31:31,2018-01-12 23:25:58,2018-01-18 19:03:14,2018-01-30 00:00:00
bf6861804f97bcf7644f603c5bcf7784,10af356de782e4d80677dc414c3d8325,delivered,2017-03-23 00:50:42,2017-03-24 03:32:33,2017-03-24 08:51:00,2017-03-30 15:34:50,2017-04-13 00:00:00
f847f9f6a559fe5fedf35c9542c29dbe,96563a6cccd0e1af7719f9a67929f13c,delivered,2018-08-15 21:40:08,2018-08-15 21:50:16,2018-08-16 13:41:00,2018-08-23 15:37:51,2018-09-21 00:00:00
48e6590a35c4212b1525039dbe8cd750,193a0a61cc788e051974f428cc35df10,delivered,2018-07-10 15:47:15,2018-07-10 15:55:15,2018-07-12 14:57:00,2018-07-13 18:33:33,2018-07-18 00:00:00
fb46ec58122be3837cc47f9d175de2bf,4cad73afd092cc3432dd5ce0b5fa5d6d,delivered,2017-11-24 14:07:14,2017-11-24 16:15:04,2017-11-28 12:49:07,2018-01-18 22:13:36,2017-12-22 00:00:00
ad87776df87aa84719c1be3456cbbf4d,eb03682e1118b3af176b229932bfa8be,delivered,2018-02-26 23:20:11,2018-02-27 00:00:26,2018-02-28 15:04:13,2018-03-08 21:26:33,2018-03-28 00:00:00
1852019948d9a47a6c035457a6f71410,a897c59227049657ec35b6e7d03edeed,delivered,2018-04-12 07:53:03,2018-04-13 02:31:47,2018-04-13 21:48:33,2018-04-18 19:38:31,2018-05-09 00:00:00
40bf40ed29a5bbdb73aaeb5eb134168f,2cb7447e1f39e0226cb412707cf38a09,delivered,2018-07-13 12:13:23,2018-07-14 11:25:10,2018-07-17 14:16:00,2018-07-24 22:04:52,2018-08-17 00:00:00
c0412e955e8866bd36d56c196d1c9d82,f66f2668857fa2ede0a1d2147fe10bde,delivered,2017-10-19 10:17:18,2017-10-19 10:35:19,2017-10-24 16:07:43,2017-10-30 18:44:04,2017-11-07 00:00:00
3ecaa8212e4afe6b832d77f3d19a4932,ed4b3b6e79c4968541563daa00d1fe71,delivered,2018-06-24 09:36:37,2018-06-24 09:56:27,2018-07-04 15:30:00,2018-07-11 19:16:48,2018-08-01 00:00:00
adfb15b690df8a5aa4c327edfc6ea9f3,563bb72874c0389d13629841d8cb4b39,delivered,2018-08-02 12:42:04,2018-08-02 13:25:14,2018-08-03 10:31:00,2018-08-23 17:03:55,2018-08-28 00:00:00
191bb83e4a502bb51e6dd4d229082939,fbb9905bfd1a8b623b15dcc1e9d76a33,delivered,2017-07-20 16:59:53,2017-07-21 02:55:19,2017-07-28 17:28:44,2017-08-09 20:25:44,2017-08-29 00:00:00
be4c0eb384232a183463d7d7604842d3,28c6bfe9a3f5185dd1edba41d9e6a975,delivered,2017-08-31 13:14:14,2017-08-31 13:25:46,2017-08-31 20:24:22,2017-09-11 18:52:06,2017-09-27 00:00:00
afd5ca74e46f54e04d9104595814ccb1,3c12c66685930cfd507eb4201111b516,delivered,2017-10-01 19:27:14,2017-10-03 14:07:33,2017-10-06 22:35:54,2017-10-23 20:24:43,2017-10-30 00:00:00
884989e29f137d8ce42518666158b8ce,2ea5497e8e41a40f8f2c710b627ce684,delivered,2018-07-04 22:44:05,2018-07-05 16:35:50,2018-07-10 11:14:00,2018-07-13 20:04:07,2018-07-26 00:00:00
3be920fd3c1704bf6fe6102ff9641407,2f30a62e115284c1833d742d4fd5a38d,delivered,2017-08-28 12:37:42,2017-08-28 12:50:10,2017-08-28 18:22:19,2017-09-01 21:43:37,2017-09-25 00:00:00
c925170f41b84e071f6fe928f4c16643,c894d9ce948f4d2240532e7e3a826aa2,delivered,2017-04-24 17:00:16,2017-04-24 17:15:21,2017-04-26 10:08:54,2017-05-02 14:40:23,2017-05-16 00:00:00
f43d93234718239094d891aca09e73b0,50483dfbfd009cb9498a4c45d09440f2,delivered,2018-06-25 19:54:41,2018-06-25 20:17:47,2018-06-29 15:20:00,2018-07-05 19:52:26,2018-07-31 00:00:00
3f744e5030fb02e02651eb31d5204878,1bdc548fd755c5d81e0e9ddcff5483c8,delivered,2018-07-31 13:52:24,2018-08-01 03:31:42,2018-08-02 06:57:00,2018-08-07 22:32:47,2018-08-20 00:00:00
1511a49e1c1fda8e27cee1de2b51706c,1bec5b38781c43624a3ab0fa0f79cc00,delivered,2018-03-28 17:35:07,2018-03-28 17:50:16,2018-04-02 20:05:25,2018-04-09 21:48:25,2018-04-26 00:00:00
d6d3c27cbe9a9b4316cdf8d26917051c,e40d465acc4a4fb5b7c5cdd4b903b622,delivered,2018-01-13 12:21:27,2018-01-14 12:11:27,2018-01-15 22:35:27,2018-01-23 18:17:15,2018-02-07 00:00:00
ad8d7afc4ce7dd5cdee9ffb2d0f03f3a,8b1ffcf82b6eff47a8e286c00a74ff7c,delivered,2018-05-10 00:10:21,2018-05-11 03:10:56,2018-05-14 07:06:00,2018-05-16 17:28:43,2018-06-01 00:00:00
23b89f00eb70f9f93ebe743fd79bd787,3008ff2ba551da3613146780b11a9818,delivered,2018-07-29 19:26:18,2018-07-30 20:30:58,2018-07-31 13:55:00,2018-08-02 18:59:59,2018-09-03 00:00:00
2cc8baa61075bfd10b12feb5c585349d,d5edff389845de1412d16950c96e563a,delivered,2018-04-14 16:56:56,2018-04-14 17:10:31,2018-04-16 18:19:09,2018-04-18 19:03:18,2018-05-09 00:00:00
d2231c35916ce1b4819acbfb88730816,cb03d8ae2fe62405d0814de807d8a369,delivered,2018-01-17 20:58:54,2018-01-19 02:38:37,2018-01-19 18:27:57,2018-01-24 16:33:23,2018-02-07 00:00:00
363a9cad1728c3e133254825f3e853cf,9b39fd84d3a948bb2af53bcb2d57e69c,delivered,2017-11-06 10:57:21,2017-11-08 03:26:48,2017-11-16 17:36:00,2017-12-04 22:03:10,2017-11-27 00:00:00
db7576b1fe440f4c0a808855aacf0948,fc30386d1f0ca6d7f48845275ac0cd23,delivered,2017-01-05 13:37:27,2017-01-07 03:44:27,2017-01-11 15:37:55,2017-01-16 14:25:01,2017-02-13 00:00:00
9255ad2a47494da79baea8e89933d2ac,e48ecbefc8de969c3addfb516ea3bc19,delivered,2018-02-08 04:26:15,2018-02-08 05:30:07,2018-02-08 17:48:58,2018-02-17 13:32:30,2018-03-19 00:00:00
84c1ef4f5624b36f93862b353cd6fef0,707c311b1066c896632b320852cd3900,delivered,2017-11-10 15:36:04,2017-11-14 04:26:55,2017-11-21 14:22:03,2017-12-06 16:38:43,2017-12-05 00:00:00
cc53e94bb84070cdc9969ba71b3eaec8,44acabc45f7d329effe63f3aa22245ee,delivered,2018-03-22 12:57:22,2018-03-22 13:15:34,2018-03-23 01:55:32,2018-04-03 09:42:05,2018-04-19 00:00:00
dd1b512cf445a2e1d58c294c4d5093e2,e9f77211e2963936cd6aec45f8a5f195,delivered,2018-07-23 19:40:12,2018-07-25 02:45:11,2018-07-26 14:14:00,2018-08-01 12:12:42,2018-08-10 00:00:00
5f73bbecd9ccefd0b80eae3c8b114736,2bbbd7df0586aaf94b0505b6f20fe05f,delivered,2017-03-31 10:32:10,2017-03-31 10:42:27,2017-04-12 13:44:54,2017-04-19 15:42:38,2017-05-03 00:00:00
a9ad04772c6cf0d63efb9444ea80bbaa,eab2880591a21d4581a807d98d67f489,delivered,2017-11-06 22:46:03,2017-11-07 05:32:22,2017-11-07 15:17:36,2017-11-08 22:58:32,2017-11-17 00:00:00
29e438b97b6d677fa72eeb836259ac4d,2e6bfc32b964709f5b065f57c809db2b,delivered,2017-04-09 16:59:13,2017-04-10 17:02:17,2017-04-12 12:35:43,2017-04-18 14:51:38,2017-05-02 00:00:00
83e57ebcbcf567c776aeb9c96f9181f3,bdcf33d907fe2aebe8e1dc1f936af750,delivered,2018-08-09 15:05:05,2018-08-09 17:24:52,2018-08-09 15:24:00,2018-08-14 18:11:40,2018-08-22 00:00:00
f1b070043fd1979039538e8644181f9d,f081a6d9b9934d107db41cd0e35fc36d,delivered,2018-04-06 20:34:39,2018-04-06 20:49:07,2018-04-09 21:26:51,2018-04-10 22:19:19,2018-04-18 00:00:00
cfc11850b5712ee41775f9cddd809b85,a1374f269ff1b4e12688de1df1be6e71,delivered,2018-01-10 13:41:27,2018-01-11 02:48:30,2018-01-15 20:54:45,2018-01-18 16:05:45,2018-02-06 00:00:00
3905a00bbf19b69bc9875bd40c6fcf5c,4dbbfc58da1f30d49f397bddc200802d,delivered,2017-11-15 21:27:34,2017-11-15 21:46:39,2017-11-16 17:16:47,2017-11-29 19:29:01,2017-12-22 00:00:00
e96a4c3bfb4afc0cb895a76f5ba0440b,09241c552e9fe2420997a6c535e9d408,delivered,2018-04-15 21:23:16,2018-04-15 21:35:12,2018-04-19 11:58:29,2018-04-20 20:47:43,2018-05-02 00:00:00
fae3a27fae556e4943abf630277a6efc,279b1deb50e8e49c1a26ddc168600240,delivered,2018-04-20 16:27:50,2018-04-24 19:22:00,2018-04-23 19:31:45,2018-04-26 20:12:10,2018-05-18 00:00:00
b1fd045765d02d216fa215c6ab6461cc,3b071474c089226e0f57cc29a00ac6e9,delivered,2017-07-09 16:21:13,2017-07-09 16:30:13,2017-07-10 19:27:19,2017-07-14 19:51:37,2017-08-01 00:00:00
5bcde4ca8f0878aab60dc18cc310fa4d,756081646e96cb2e48ecd496079a688a,delivered,2018-07-18 11:53:31,2018-07-18 12:05:14,2018-07-18 14:03:00,2018-07-23 17:31:04,2018-08-03 00:00:00
8c773ab2b6b214fa7ec9e401f2026e40,fa47b342250fe2d6bf2b4d83d7c81e94,delivered,2017-09-21 19:06:49,2017-09-21 19:24:22,2017-09-25 19:07:55,2017-10-07 19:08:44,2017-10-13 00:00:00
643072b191b07f013f4d88ec43acb812,760f3b1f882a27beb42debb97ae28974,processing,2017-07-27 23:06:39,2017-07-28 13:05:11,,,2017-08-30 00:00:00
d3eb3d3d09637fa9093a25b933eaf1d4,12d891f44ebd942b629fd4e0916e9e34,delivered,2017-05-27 14:01:19,2017-05-30 05:02:36,2017-05-30 09:19:53,2017-06-13 11:42:06,2017-06-27 00:00:00
5fc64d4205c6a465db774fa064e4107d,845dcc9e2b9f736be62c55199f7b7649,delivered,2017-08-29 08:06:12,2017-08-30 02:16:17,2017-09-01 21:02:42,2017-09-08 19:22:14,2017-09-21 00:00:00
f104033beebfd7e8f12217531c2275f9,4cb8a348a32b76300b86cc1478882be4,delivered,2017-11-06 14:20:14,2017-11-06 19:36:58,2017-11-07 20:08:33,2017-11-14 20:29:30,2017-11-30 00:00:00
2049584f67990d0732321de66fb36c55,ed92d1913b9c8d523d1564eda756d622,delivered,2018-03-02 23:32:54,2018-03-06 03:55:30,2018-03-06 19:07:55,2018-03-22 17:04:37,2018-03-26 00:00:00
63ac66255bb4562cd506681eb19c5be4,0e27a2aeccb3a049d9d3acf1b9561fc3,delivered,2018-08-06 17:44:32,2018-08-06 17:55:26,2018-08-07 13:29:00,2018-08-10 14:06:17,2018-08-24 00:00:00
221551c6f382d4a72ae787a2b65c2ccc,347e101206864757b72e2b1b64a3cf5a,delivered,2018-06-19 15:05:11,2018-06-20 02:55:33,2018-06-28 12:08:00,2018-07-10 15:26:26,2018-07-26 00:00:00
9218159b7b4899ff64d48431905c03b6,0efcf77f4835470b9d86604a7a754aa0,delivered,2018-02-07 21:41:13,2018-02-09 02:35:22,2018-02-21 10:49:55,2018-02-28 13:07:41,2018-03-13 00:00:00
c1e3438118cf08ca6a976e20295afb1b,c9c9bc29218c998759821344e429a60f,delivered,2018-02-24 18:01:14,2018-02-24 18:10:37,2018-02-28 22:43:12,2018-03-10 15:05:43,2018-03-19 00:00:00
1da60f73e3ebd1c7566be78f0cf00f98,1a885911cd0e37973686a8fc922bff94,delivered,2017-09-12 14:03:00,2017-09-12 14:10:24,2017-09-13 13:24:55,2017-09-26 19:55:54,2017-10-02 00:00:00
6fac3b0946f1bea16dc2cd1cb032aa92,7db355df99a56ad307464851d9f45e23,delivered,2018-01-17 09:09:28,2018-01-17 09:30:52,2018-01-17 17:49:04,2018-01-31 11:33:14,2018-02-21 00:00:00
da1614839066b897fd837a7898bd26e0,20efb5c040966aba7e0300047a229831,delivered,2018-04-30 08:53:46,2018-04-30 09:10:01,2018-04-30 16:53:00,2018-05-04 19:27:40,2018-05-17 00:00:00
96483030ebe9ba32808037bfadaa1119,58c5d9ae5381c6f89991aa8504c131c5,delivered,2018-05-12 12:40:16,2018-05-12 12:55:28,2018-05-14 14:29:00,2018-05-31 02:48:31,2018-06-06 00:00:00
a9f11c56bcbe844bc11934ac128d5b82,335c4adf6c5d371418f1f44a1dc2c428,delivered,2017-06-13 18:31:19,2017-06-13 18:45:10,2017-06-14 13:53:32,2017-06-23 10:51:23,2017-07-12 00:00:00
c609f82bcf7a90292a5940205ebd7e93,b08064e24083fee8fbe8797902b07ecd,unavailable,2018-05-13 16:45:55,2018-05-13 17:11:58,,,2018-06-05 00:00:00
92f654ca285e336e08ad955c7c5761a7,1ff6c31571ee9a69f0ebf6327da0920f,delivered,2018-06-07 15:22:07,2018-06-07 15:40:33,2018-06-08 14:01:00,2018-06-12 12:33:05,2018-06-18 00:00:00
5e42b08c85265b0991546c0551956b87,96c539a8b0ec601832479366f6e937f0,delivered,2017-06-04 13:48:45,2017-06-04 14:05:05,2017-06-09 21:10:10,2017-06-16 14:47:44,2017-06-28 00:00:00
c145341df96866c0282d832acbda1225,ec3ec417b16fb18d288705ec41bdd297,delivered,2017-05-06 16:19:08,2017-05-09 09:50:25,2017-05-09 11:17:02,2017-05-12 17:53:36,2017-05-19 00:00:00
6d4fbffb6862725cc8485066b8aca192,747ac70e4caa61315026312e740a1346,delivered,2017-05-15 21:29:32,2017-05-15 21:42:54,2017-05-16 10:52:51,2017-05-24 17:44:05,2017-06-08 00:00:00
cea5e0855983d7dea24b0b20fae2008a,c6ff6fd9176187686250b6305139f9a5,delivered,2018-04-20 16:46:17,2018-04-24 18:59:21,2018-04-26 13:42:00,2018-04-30 15:33:16,2018-05-10 00:00:00
295458b743d8f806fbd5fb290d0b1b8d,4c5c67635f3cc2b433d6212e6f5c0ec8,delivered,2017-04-03 09:50:46,2017-04-04 05:55:29,2017-04-05 15:51:03,2017-04-13 17:08:58,2017-04-28 00:00:00
0aeb0613e8d42e1a7f122908bee18eca,2ec5baba2248f403e2877fa9e679045a,delivered,2017-09-13 16:35:28,2017-09-13 16:51:30,2017-09-15 17:57:38,2017-10-26 19:24:38,2017-10-13 00:00:00
167b62d7c79628cf5f36776281be5731,ad0a1c45e76e4608a273cfc5616042de,delivered,2018-06-12 19:42:08,2018-06-12 20:06:39,2018-06-13 14:58:00,2018-06-27 10:42:22,2018-07-18 00:00:00
a3d20c33ef5a2ef98d27444699be5715,2cd0b919411c93078b6169037903815b,delivered,2018-04-07 13:29:31,2018-04-07 13:47:56,2018-04-09 17:08:33,2018-05-05 14:37:52,2018-05-11 00:00:00
98f5ba265609a7205ee3467ccfdd96c4,7a209c7e4801e89a787510aef7bdea77,delivered,2017-12-27 10:07:27,2017-12-27 10:16:54,2017-12-28 21:58:50,2018-01-09 21:45:30,2018-01-29 00:00:00
e3adb1c6d76fb05369fbbc2b8b9f6c3f,3a5f9131215d3657087b12cffe31903a,delivered,2017-03-13 13:50:42,2017-03-13 13:50:42,2017-03-15 14:37:50,2017-03-22 08:42:10,2017-04-04 00:00:00
cf165c316414f3f5ef8fe2ef84a443c3,ac734542905d1d9388c7cac465361984,delivered,2018-01-30 02:02:30,2018-01-31 13:32:25,2018-02-07 00:11:59,2018-02-15 19:22:02,2018-03-09 00:00:00
013aa6ba5077072401773f83f1ee6408,4c91265edcfe58dd5ce2dcdb2fba7813,delivered,2018-07-25 11:31:15,2018-07-25 11:45:10,2018-08-02 13:27:00,2018-08-15 17:55:38,2018-08-20 00:00:00
5bec9dad5626dc4e86bf625a3a6d0523,acab1931f3327c583da518ee45806014,delivered,2017-07-24 18:11:59,2017-07-24 18:25:22,2017-07-26 10:17:43,2017-07-27 17:06:30,2017-08-11 00:00:00
ef690426d84aff4f5560cb63d1092557,fcf4489206e85420f841813c98df6e33,delivered,2018-01-07 16:31:00,2018-01-08 16:28:17,2018-01-09 23:33:13,2018-01-13 16:58:55,2018-02-01 00:00:00
345de0cb4a0a058abaa652096fd1f89e,faae7c482c489250578077e52576b3e9,delivered,2017-06-29 16:24:53,2017-06-29 16:35:45,2017-07-04 14:03:00,2017-07-13 18:59:56,2017-07-25 00:00:00
fbe1661023a94e53d4ec2c938e38c8f2,4383f87d5f45debd945f3ffede25398a,delivered,2017-05-01 09:35:45,2017-05-01 09:50:11,2017-05-03 12:10:34,2017-05-05 17:42:02,2017-05-25 00:00:00
3398d0aab09ae1ec063d32622b15b1ba,b2f930a6508108d4a877ceb27a66ff77,delivered,2017-02-12 21:19:29,2017-02-12 21:30:17,2017-02-14 12:17:33,2017-02-22 15:52:25,2017-03-14 00:00:00
8fe2e00c742ffd8ef837c0651c76166c,bb0801ebc512fa519601419633953eb2,delivered,2018-04-26 17:03:00,2018-04-26 17:31:47,2018-04-30 06:19:00,2018-05-07 17:04:54,2018-05-25 00:00:00
588454faf6ae4ce8b0f387e19b7115a2,1898e33d23781c0e4574a114fe73c73d,delivered,2017-01-10 13:58:33,2017-01-11 02:10:40,2017-01-12 09:58:14,2017-01-20 16:11:31,2017-02-28 00:00:00
2b28a74a8b08931237c8f73bb7262bcc,37f3ba51e96268505c74bc8cc6fd252d,delivered,2017-08-02 12:47:03,2017-08-02 13:05:18,2017-08-02 18:07:29,2017-08-10 19:27:33,2017-08-24 00:00:00
e979ae327ab74afbaf6f54421c6e4d74,67672ce6d9f5650e7b59142d7e15ee62,delivered,2018-05-21 13:14:36,2018-05-23 02:38:13,2018-05-23 14:17:00,2018-06-04 23:02:11,2018-06-14 00:00:00
c0b6d4c66078f849fe7e8baf7276888d,264cff0b093508acd289c3f780b1d66b,delivered,2018-08-18 20:32:59,2018-08-18 20:49:57,2018-08-21 14:49:00,2018-08-29 11:47:46,2018-09-05 00:00:00
5e754503796f05f2ad0541feb16a6a85,ff9ec39d2bb09243f0139f792ad1ec7b,delivered,2018-08-22 20:38:49,2018-08-23 02:50:24,2018-08-23 14:12:00,2018-08-29 16:43:25,2018-09-14 00:00:00
667c96777c18991310cd8d38335962a1,339ee61d8cf9ede8b5927f7e40e122cf,delivered,2018-06-05 11:43:48,2018-06-05 14:31:31,2018-06-05 14:45:00,2018-06-12 17:08:07,2018-07-04 00:00:00
6de82414b08e811561e73db3df4fb9f1,e6c1524bfeec6ab7722d1ac3a85c4fcd,delivered,2018-08-20 09:05:16,2018-08-20 14:32:07,2018-08-21 14:14:00,2018-08-27 21:19:47,2018-09-10 00:00:00
32d522d28c7a6cf525cc85599d763c65,7fcc90e66d1388fd1806614f67bcb487,delivered,2018-03-12 09:04:37,2018-03-13 04:10:24,2018-03-14 17:03:15,2018-04-03 22:40:57,2018-04-06 00:00:00
377eef73ad584b24afe1da9bb3edd04b,de171c2b8c93519f31418e3512fd74d8,delivered,2017-10-19 16:48:46,2017-10-20 02:56:24,2017-10-20 20:11:30,2017-10-23 20:49:38,2017-11-07 00:00:00
0a2c8538b97333899a075ae94b85b037,7224fe0e862b9561bca105d385baccca,delivered,2018-03-12 11:37:48,2018-03-14 02:55:38,2018-03-14 20:35:34,2018-03-17 13:08:32,2018-03-22 00:00:00
8180b588f7239fba96aeaa6985040c1a,733c209ccd9653f70557611cae3c33e4,delivered,2018-02-16 20:00:03,2018-02-16 20:10:25,2018-02-20 22:57:05,2018-02-26 17:04:44,2018-03-13 00:00:00
5d84d2af140f3d69293995b16e8f8eeb,3cf1e152f5f67aaca5dd7c13e375713d,delivered,2017-05-18 15:38:31,2017-05-20 04:15:12,2017-05-22 09:41:01,2017-05-29 12:33:59,2017-06-07 00:00:00
7dbdda97c8aa87c003f73602c45e4f90,86a98f38a86ef73afdfdcba36be9402c,delivered,2018-03-27 17:27:08,2018-03-27 17:48:40,2018-03-29 00:51:11,2018-04-13 22:11:58,2018-04-30 00:00:00
1149d72adba9246665c80103bd7011c5,d621d7e38d772ec39f30e6cf2329d708,delivered,2017-07-29 22:51:35,2017-07-29 23:03:37,2017-07-31 19:27:50,2017-08-23 18:13:51,2017-09-01 00:00:00
1722f4de186ebcdb68411641263f6ae2,093e02292e3d50a0e2d37a5c9d77dbbf,delivered,2018-08-05 12:32:31,2018-08-07 04:25:24,2018-08-07 15:54:00,2018-08-11 19:34:51,2018-08-16 00:00:00
512f7787a2182fd11754598a2a1b4e03,1a4497c40c34c9c41256cc3a7422d97c,delivered,2018-02-18 20:49:54,2018-02-18 21:50:35,2018-02-19 16:57:17,2018-03-07 00:53:46,2018-03-14 00:00:00
e10c9ad36c79606f76bfc8da8eb83aa5,8effdb78a610cf0b7452f1fb02e7ab9a,delivered,2018-02-03 14:33:03,2018-02-03 14:49:39,2018-02-05 20:57:11,2018-02-14 20:36:52,2018-03-08 00:00:00
9c978d47acdd5de3c4588d5af74c5c66,01391e5f325943c1d9dee9e6202aa7e5,delivered,2017-02-18 16:32:17,2017-02-18 16:45:08,2017-02-24 07:53:59,2017-03-08 12:09:33,2017-04-06 00:00:00
106d077c4997efaa9e2221af8ebf2c22,0fccc41bbc39fdf529019305f1db8113,delivered,2018-01-29 09:49:44,2018-01-29 09:58:42,2018-01-30 18:05:48,2018-02-06 15:05:00,2018-02-22 00:00:00
278e7730f7062014d198fbf20451b935,a5515803cb77c11e29d6ff219f704309,delivered,2018-07-30 11:57:40,2018-08-01 16:31:40,2018-07-31 13:03:00,2018-08-02 20:22:25,2018-08-02 00:00:00
3e290444f5680a0f8a95b7d87980a358,f072965e658fe6c9591cc88d5b6cd9fe,delivered,2018-04-15 20:44:23,2018-04-15 20:55:36,2018-04-18 17:04:33,2018-04-26 15:44:25,2018-05-16 00:00:00
64eb693e04aa8e46522872834d4dbe03,1702930a3b6e173f7ac11b692a0390cf,delivered,2018-06-18 20:09:06,2018-06-18 20:36:39,2018-06-19 13:43:00,2018-06-27 16:24:34,2018-07-16 00:00:00
c8114f17241723311fd349c747e151b0,d3acf0cb35c7f65f74ae144bcd967965,delivered,2017-07-16 18:14:49,2017-07-18 06:15:32,2017-07-20 22:42:14,2017-07-26 12:59:39,2017-08-28 00:00:00
ef4e75686c79d2eb0f53648928f9add9,61243a439b7024dbc182245abdc37c2b,delivered,2017-11-24 21:37:07,2017-11-25 00:36:01,2017-11-27 20:51:28,2017-12-12 13:35:28,2017-12-22 00:00:00
d2ee62caaa93703fb0562d3bd6f74dcd,38247382c098741cabd562674561e72f,delivered,2018-04-17 16:34:47,2018-04-17 16:52:13,2018-04-20 19:48:32,2018-04-30 23:02:06,2018-05-17 00:00:00
6917bf2ef92587d31987c8c01aa1b4e0,782439c1913d6f928285350906a9662f,delivered,2018-08-25 20:26:35,2018-08-25 20:35:13,2018-08-27 15:10:00,2018-08-28 20:56:30,2018-09-06 00:00:00
dbbfe6ff2cb66699ef8bd6725226c011,42fb1d5face0f66d488aa7b934bb6e2b,delivered,2018-05-14 14:57:44,2018-05-14 15:17:38,2018-05-17 15:06:00,2018-05-18 21:54:52,2018-05-25 00:00:00
464cedd739a103ce68a9fbf5812523ed,c91399cba7a537840d0db2f5906accfa,delivered,2017-07-12 22:26:51,2017-07-13 03:03:42,2017-07-18 16:54:52,2017-07-24 18:51:43,2017-08-07 00:00:00
d43c3e1412d9022efffd1148ece29ef0,6c76d4b3946e791e65b33173ffc14da0,delivered,2018-03-16 12:50:22,2018-03-17 02:50:49,2018-03-21 22:45:41,2018-03-23 01:26:32,2018-03-28 00:00:00
d7a77baab69330a11a384b31591498b3,4911d0b5eafb98f3062baef57f9ebf83,delivered,2018-07-13 13:34:08,2018-07-13 13:45:23,2018-07-19 12:33:00,2018-07-23 15:56:39,2018-08-03 00:00:00
ee85f68477a9f40e6229ffb383a21d72,bfa14233442fe7379952ddfae5b270c8,delivered,2018-02-09 17:21:16,2018-02-09 17:35:32,2018-02-14 15:27:02,2018-02-15 23:09:39,2018-02-23 00:00:00
b2026cc24ae47d44bdfb8fbe3b38b78d,bd5f97a553bbec7fc62b0f7866b62447,delivered,2018-07-26 23:01:59,2018-07-26 23:40:06,2018-07-27 12:30:00,2018-08-02 22:28:39,2018-08-16 00:00:00
cebe614a9a5e9acd39e3cecceb95d3bd,4a72cdbfe299f4c1cb76450b1926dc1a,delivered,2018-02-14 19:35:54,2018-02-14 20:07:18,2018-02-21 20:27:11,2018-02-22 21:25:21,2018-03-02 00:00:00
356ea36ebe22ad07450d83d36a348270,3a27240363d85547bdbec2d23b0b0ab3,delivered,2017-05-27 17:37:37,2017-05-30 04:25:34,2017-05-31 03:13:05,2017-06-05 17:27:39,2017-06-19 00:00:00
f539d0423a5e7bd1ec489c23211cf9e3,03510abea6b35f3fd38e50b4e8f8287f,delivered,2018-02-20 19:27:17,2018-02-20 19:47:34,2018-02-26 15:18:41,2018-03-13 23:21:59,2018-03-12 00:00:00
c2d3596a04c210110354bc6e84240658,7e7f2883e880909409b7ce80db935258,delivered,2017-03-02 12:52:43,2017-03-04 02:15:30,2017-03-10 16:48:10,2017-03-16 18:20:07,2017-03-23 00:00:00
07015ec9fa46c951514edc46a108d719,a7adc93e1086eab42f28ee3d1c4b77d5,delivered,2017-12-30 18:25:34,2017-12-30 18:32:28,2018-01-04 22:38:01,2018-01-28 14:36:47,2018-02-02 00:00:00
a033e71a9fdc7a30404bd7a39d3ad173,7967273ffe4b8e02d0fde3762994b1de,delivered,2017-02-11 17:06:41,2017-02-15 11:32:13,2017-02-20 04:34:06,2017-02-25 02:38:36,2017-03-10 00:00:00
148e062419478699b7c98e0666e538a8,7d8755c31a7f2ea3e2b42c1d72707c8a,delivered,2017-10-04 14:15:17,2017-10-04 15:25:58,2017-10-06 18:27:19,2017-10-11 14:50:06,2017-10-27 00:00:00
fc297415452e5dc0d06afcd16e864ca8,9f1ce9707ac4a64d4d9e99339fa0b08e,delivered,2017-10-30 22:06:35,2017-10-31 10:28:11,2017-10-31 17:47:32,2017-11-06 21:06:43,2017-11-16 00:00:00
3712bf9e4525972f61949a33072fcca1,e3a4128a53cbd4ff83c47fdfcad702f6,delivered,2018-03-19 16:21:11,2018-03-19 16:30:51,2018-03-20 18:58:54,2018-03-26 16:07:43,2018-04-09 00:00:00
9776c1b12ae5fd1da578a2b8e064f2a9,349b3b4346e71035d7bff5fd4980f5de,delivered,2018-08-13 23:49:44,2018-08-14 00:04:12,2018-08-16 15:24:00,2018-08-20 23:02:32,2018-08-22 00:00:00
fa3cc6b1b48c7b730f6c4c43e423c5aa,5d1caf9872c76c10e211e5b25d061ab1,delivered,2018-08-02 17:53:47,2018-08-02 18:05:31,2018-08-03 10:01:00,2018-08-17 17:56:25,2018-08-30 00:00:00
d789033ff5cafc7de5e78d639e026c72,146416a4e83af4a088d237ec9731523a,delivered,2018-02-05 21:45:33,2018-02-05 21:55:28,2018-02-06 18:08:28,2018-02-21 15:15:06,2018-03-15 00:00:00
74e4eb74d4d588aecf5a7c58c56345be,5456487b3c180178ee34fbb76bb7b0ce,delivered,2018-07-21 11:58:25,2018-07-21 12:10:13,2018-07-24 13:27:00,2018-07-25 18:03:28,2018-08-17 00:00:00
7b966a23d891f3f129f1bd76dfcfced9,11adf848a888e157c13ef9b5998eafdf,delivered,2018-05-16 10:55:26,2018-05-17 03:35:17,2018-05-22 12:37:00,2018-05-23 22:36:43,2018-05-25 00:00:00
dabc3532f4548867a4095bb24ad1f66e,42ceed495d827c53515fdd269934ed96,delivered,2018-02-26 09:14:31,2018-02-26 09:35:39,2018-02-27 21:09:40,2018-03-02 15:58:40,2018-03-12 00:00:00
5c973d2b4652e1dec15353b59339f3b4,8a863458d761a9b40faba0ea98094eb9,delivered,2016-10-07 10:45:48,2016-10-07 12:13:51,2016-10-11 12:13:52,2016-10-14 12:13:52,2016-11-25 00:00:00
ba736edc6e8f0e518cb66499bd46d774,69f08e0e159fe4bea4f387eeb8a57634,delivered,2018-01-13 12:41:53,2018-01-13 12:51:21,2018-01-20 00:33:20,2018-02-02 17:28:38,2018-02-09 00:00:00
84aaa1a774e37a0a7c1a5413dc49e168,7cc4123da344ba5ca2fa23c0f7903fce,delivered,2017-07-21 10:03:34,2017-07-21 10:23:25,2017-07-25 19:45:28,2017-07-26 21:13:05,2017-08-03 00:00:00
d4e497fbb372f7fa8565a310a7243b53,148d65cf58e13521241d8f9206ee1348,delivered,2018-07-05 15:59:09,2018-07-05 16:35:33,2018-07-10 15:42:00,2018-07-13 00:38:40,2018-07-24 00:00:00
bb24f9658de05baa4397140cb9116911,a091a44d41f56b046ebfc36aea2c96fe,delivered,2017-04-19 23:03:55,2017-04-19 23:15:20,2017-04-20 17:36:07,2017-04-30 09:41:44,2017-05-09 00:00:00
1ad675bff9dacbdbd5333b02fc828d92,f70e2487eb11214e14b72c1c6d340eee,delivered,2017-11-27 22:00:14,2017-11-27 22:18:10,2017-11-30 19:45:35,2017-12-06 22:33:18,2017-12-11 00:00:00
8eaa57692984fa5db36b0fdeaf44b66a,c9585548cd0d00a3ab9fc16671ce1f65,delivered,2018-02-13 19:06:14,2018-02-14 19:00:31,2018-02-15 20:53:18,2018-03-19 12:29:09,2018-03-14 00:00:00
da1bae15304a82479da9efcbc567e7b0,cdd9ad4cda041fbe4deedf56eb6aa862,delivered,2017-07-26 14:44:24,2017-07-26 14:55:22,2017-07-28 21:05:47,2017-08-08 17:08:02,2017-08-17 00:00:00
be6229f5b2e1673b034fe6de9141b667,8d448867c298ff9f233763eb683b27fd,delivered,2018-01-23 20:27:57,2018-01-23 20:39:28,2018-01-26 18:56:34,2018-01-31 19:33:59,2018-02-08 00:00:00
6ffcafc5934324a01c7758dde8a28513,fa2eecd28c496ad4228e88fb116d24b7,delivered,2018-04-11 21:13:25,2018-04-12 08:32:44,2018-04-13 19:22:49,2018-05-21 20:14:48,2018-05-08 00:00:00
246dd6417fa15cba189361fdf6907017,e1915798c4c479ac75abf35afc3dd45e,delivered,2017-05-10 12:11:22,2017-05-10 13:02:33,2017-05-18 12:54:32,2017-05-24 11:05:13,2017-06-01 00:00:00
892e01736ad734f028d207bb6578ff85,83564e084d6459291605b2d7fd3ef239,delivered,2018-01-07 15:00:06,2018-01-07 15:09:27,2018-01-08 18:52:37,2018-01-16 21:34:54,2018-02-05 00:00:00
43124f0bf70404231018bff9b132a297,d22898ccc66640313fef6774eb39f4e2,delivered,2018-03-19 10:21:46,2018-03-19 11:31:11,2018-03-21 20:37:40,2018-03-29 23:09:34,2018-04-19 00:00:00
dea4092d49f4c8bf9decabdbf029322f,0591f2f79bbfedf3ebcf8ef2b16fae63,delivered,2017-03-28 22:50:45,2017-03-29 22:55:15,2017-04-06 12:12:34,2017-04-10 15:35:34,2017-04-17 00:00:00
ee3db58fcad4472bc02859541f6f9a5c,b70c0c3fc30dc4148b079cb7fd374e7a,delivered,2018-07-29 13:24:46,2018-07-29 13:35:14,2018-07-30 14:55:00,2018-07-31 13:52:00,2018-08-07 00:00:00
25bcb5644535c6bacdc1b64cd1a9dab0,028e29b651eae6076b5b70613201c493,delivered,2017-03-25 20:07:12,2017-03-25 20:22:29,2017-03-27 18:12:24,2017-04-28 11:43:10,2017-05-02 00:00:00
a198fadedc070d85fe672afa298f1a84,3615384330cc6ab631ddd3a480440253,delivered,2017-08-14 10:07:18,2017-08-14 10:24:08,2017-08-15 20:05:09,2017-08-26 14:05:59,2017-09-08 00:00:00
acb08a83f62cfd54a98e76c21cd268fd,0c972ffe540bb0560f264c58899f5dc1,delivered,2017-07-28 04:06:33,2017-07-28 04:24:05,2017-07-28 17:58:07,2017-08-03 21:15:55,2017-08-29 00:00:00
2fd0fb45a29d604441578de95e174bb1,5a3bc3042d393b11573b5ef67e6f9a0e,delivered,2018-05-11 06:57:08,2018-05-11 07:37:08,2018-05-12 08:09:00,2018-05-22 20:34:28,2018-06-07 00:00:00
762e43a4ec270117f892451cad4a1bb7,6a6540fb91f94cfd5d51360f75900de5,delivered,2017-09-19 12:44:23,2017-09-19 12:55:16,2017-09-22 19:09:54,2017-10-02 19:33:10,2017-10-05 00:00:00
773e052382094f4af5d9a4a7be618971,de0d386ed51d52ffed86fb1c2a0512d7,delivered,2017-07-11 18:04:08,2017-07-11 18:10:15,2017-07-13 10:48:02,2017-07-24 20:47:41,2017-08-02 00:00:00
709503c0d4ce76c2fdb6627c0ca8738a,57b74a2a339ded39c128788bec370de7,delivered,2017-04-11 22:01:04,2017-04-11 22:15:15,2017-04-12 11:51:10,2017-04-25 11:28:06,2017-05-09 00:00:00
5eeac31e1838a5a8563b9d111cd09a5d,696107b2309e169b96576869e2a41b81,delivered,2017-10-29 12:43:30,2017-10-29 13:55:14,2017-10-30 20:39:54,2017-11-09 20:33:08,2017-11-17 00:00:00
364b5f3b94152788007c68501e6c79b9,e766b2237b6c87f74f34d932ca8aa2ec,delivered,2017-11-24 14:03:15,2017-11-24 16:13:18,2017-11-27 18:22:50,2017-11-30 15:27:13,2017-12-14 00:00:00
d796f0a0d15e6ade192b2a03afc755cf,f0e410f972fff0c19ee79af9a33705eb,delivered,2018-03-07 12:50:04,2018-03-07 13:10:45,2018-03-08 18:33:32,2018-03-23 17:32:50,2018-03-29 00:00:00
1f4d31c92c16cb108f6eec093728b629,d041ca80dd74bda96747b454bffe15f2,delivered,2017-06-28 13:03:15,2017-06-28 13:10:19,2017-06-29 17:56:43,2017-07-04 12:27:54,2017-07-11 00:00:00
8139c6ba17098ce29be01da362849540,2b6d1919922116d56f250fe6316bb9dc,delivered,2018-05-04 19:43:13,2018-05-05 19:50:42,2018-05-07 11:33:00,2018-05-10 22:27:22,2018-05-25 00:00:00
ce5fa76be23d99133bb5c88b56ee3a79,6c085bf1ce3e86479e1645ee53449953,delivered,2018-02-04 17:11:24,2018-02-04 17:49:02,2018-02-05 20:07:17,2018-03-01 18:29:37,2018-03-21 00:00:00
8376f6035204b549b6bae5c4a7aa5a44,a2b2a36f8fc933744ce13a81e2a28291,delivered,2017-11-16 19:12:57,2017-11-16 19:35:02,2017-11-20 13:35:31,2017-12-06 21:35:48,2017-12-12 00:00:00
8e580dc7233ba4a6f93b8de2fe826bb3,07d5cc9ef6daee5c5205f14545476b09,delivered,2017-08-28 21:12:41,2017-08-28 21:25:17,2017-08-29 18:52:01,2017-09-05 15:32:44,2017-09-20 00:00:00
1c95c0aa3b0fc5495c09cbba1793b9d8,52438ca332ca1c6752629e6dead3b43e,delivered,2017-09-19 09:21:34,2017-09-19 09:30:27,2017-09-19 22:29:39,2017-09-25 19:22:39,2017-10-09 00:00:00
b210a0936a3dd8fe4428863f8e352693,6a7100171d73419693ebd1b891f80b53,delivered,2018-02-28 10:57:06,2018-03-01 10:50:39,2018-03-08 13:53:40,2018-03-21 23:05:06,2018-04-06 00:00:00
c806951ed2556522be8fbace2f4d36cb,cb13c9337236d46c075f9096672dc2da,delivered,2017-08-01 18:57:26,2017-08-01 19:10:19,2017-08-02 18:49:36,2017-08-08 21:15:24,2017-08-23 00:00:00
24bbec3490c63fb110f13f2c47a5b559,92b93355d2f02a8f871ea3b01fea701b,delivered,2018-03-02 10:29:33,2018-03-06 03:49:04,2018-03-07 20:17:50,2018-03-09 22:32:15,2018-03-14 00:00:00
43c20095b0f5f569fe0d24426cf8a7d2,8f1ef83e4c4114368bfa4e4cd446ad51,delivered,2018-07-07 15:35:46,2018-07-07 15:50:08,2018-07-11 18:01:00,2018-07-21 14:58:50,2018-07-31 00:00:00
f401f2b28163b7debb21e18ba755b088,233c9ed49888da67dfd0f03789836dc8,delivered,2017-07-15 10:39:11,2017-07-15 10:55:13,2017-07-17 17:12:29,2017-07-31 19:36:04,2017-08-07 00:00:00
6cd651f3a661956fad760116b2745b3a,819478282706b05fe0491ca57f315e3d,delivered,2017-11-25 23:03:39,2017-11-25 23:14:30,2017-11-29 20:39:02,2017-12-04 22:42:20,2017-12-18 00:00:00
55dfff244bc5d5f81d58d4148062c9b6,94a06f5121bb1ef07a8be5ee510024ef,shipped,2017-05-01 08:29:14,2017-05-01 08:42:22,2017-05-03 11:16:33,,2017-06-08 00:00:00
9aafcc551d18b973a8088ef74ced921d,1c0ab454b61dcf299e22a64a14ae09af,delivered,2017-10-04 20:41:38,2017-10-04 20:56:28,2017-10-05 20:49:36,2017-10-10 16:23:52,2017-10-27 00:00:00
9d6e82d895f71ace96e14e85f57bcdf7,a1d6e13802152289fcc45e318966308d,delivered,2017-11-26 21:13:40,2017-11-26 21:32:54,2017-11-28 16:31:56,2017-12-06 17:48:17,2017-12-26 00:00:00
1ef09d75953043a71a73428e15bc2f5c,572178b4530a9a986a59205bedea0712,delivered,2017-01-18 14:53:29,2017-01-19 06:50:22,2017-01-20 10:57:54,2017-01-25 15:06:36,2017-02-24 00:00:00
60180f4646c22066c948bddfa24cb0c7,34b00598403adaca9fad22b7d6ceb960,delivered,2018-01-06 11:05:53,2018-01-06 11:19:52,2018-01-09 23:35:44,2018-01-10 20:14:39,2018-01-24 00:00:00
33586701609eca570b2be2c053dcba78,00f31970034cf8ebd290529f7a97beb9,delivered,2017-08-27 23:29:11,2017-08-27 23:45:12,2017-08-29 18:15:05,2017-09-08 21:25:50,2017-09-18 00:00:00
4b5e919faabfc4bfda408c4810e8aa9e,927915ecedbdb6b7d5af71a55721af3d,delivered,2017-11-13 15:32:29,2017-11-13 15:47:25,2017-11-14 17:03:15,2017-11-30 19:47:02,2017-12-12 00:00:00
66388e4c9a0fc7c863a36fcbabbd2565,0ffb30b4b77cd3a90d847e69fe787c33,delivered,2017-08-19 01:16:24,2017-08-19 01:30:12,2017-08-22 20:54:38,2017-08-31 17:57:43,2017-09-26 00:00:00
ca8e9e412507bda954dc7e3cc20cb2c3,756c49a3aad3dcb06d41238f1038719b,delivered,2017-10-23 18:17:16,2017-10-23 18:28:20,2017-10-24 15:39:59,2017-11-17 20:24:27,2017-11-27 00:00:00
3a221cd6b7d813e2b6cf57339f37a062,fb4d778f6b01565f209b561c9928747b,delivered,2018-02-05 20:19:14,2018-02-05 20:30:26,2018-02-06 18:55:01,2018-04-26 17:02:20,2018-03-08 00:00:00
20f837a22a0326636f941c343fa912ed,5bcda612f570bbb270b49d701f062be2,delivered,2017-03-23 12:03:34,2017-03-23 13:03:50,2017-03-24 10:25:40,2017-03-30 12:27:03,2017-04-17 00:00:00
5920911a4b7ec5909428e9189952b130,4debaffe51960b42acb6787611c9a20b,delivered,2018-01-03 18:43:43,2018-01-03 19:31:39,2018-01-26 13:34:51,2018-02-14 21:45:11,2018-03-12 00:00:00
50674ee456f3c2c64977e8950c01f781,7b14e248ae990a7115c3c0de45cf6967,delivered,2018-02-03 16:59:37,2018-02-03 17:10:56,2018-02-08 01:08:31,2018-02-14 12:52:38,2018-03-02 00:00:00
5880c002ad3de7fa88c10cd2412ce5f2,8beb74a4cd2645d9f4403e01425b5166,delivered,2018-01-13 19:03:26,2018-01-16 03:35:28,2018-01-16 19:59:00,2018-01-21 18:12:58,2018-02-09 00:00:00
825b974f88e72b86b69342568dafe286,e72306f4f0011e63cf0eee15549aaee2,delivered,2018-05-23 13:02:19,2018-05-23 13:16:52,2018-05-23 14:52:00,2018-06-08 19:14:33,2018-06-22 00:00:00
f66700bc0daa1c69ee30003597354134,1e3cc418d008eb445aeca1e65fe1a9a1,delivered,2018-07-13 16:55:11,2018-07-13 17:05:20,2018-07-14 10:28:00,2018-07-25 17:37:37,2018-08-07 00:00:00
087889e1fca3301cc56532907bfe811c,458ae436ee64dcf226e07e3e80d0ea15,delivered,2017-11-28 09:26:02,2017-11-30 09:39:43,2017-12-05 21:22:05,2017-12-21 21:17:03,2018-01-03 00:00:00
213fa687a6a7d5d3cbcb1ac3ec9c5633,3acabfe69f5cc65c47b9d3357757758f,delivered,2017-12-06 10:27:21,2017-12-07 03:13:00,2017-12-07 16:51:26,2017-12-21 14:21:32,2018-01-03 00:00:00
d04e58d009641c790ddf6b7b41790f87,59a7da17a354b4ef42f557e5fb5112af,delivered,2018-04-22 21:00:26,2018-04-24 19:27:39,2018-04-23 19:26:39,2018-04-25 20:08:39,2018-05-14 00:00:00
54c60b5e55b7cfa229a34e7ef63ddb96,6e18192d5c8f68aa7318bf300a0cac8b,delivered,2018-01-10 18:40:29,2018-01-10 18:51:31,2018-01-15 17:07:47,2018-01-29 21:38:46,2018-02-15 00:00:00
a24556b6b72ac70719c99dea12e0aa75,3acf3c3d3ec1166c687b53e929e2093a,shipped,2018-04-28 20:46:31,2018-04-28 20:55:33,2018-04-30 12:42:00,,2018-05-23 00:00:00
36acd0e7abb8ba0ac7fba360e09c5451,42f104a41e8e13c7eaaa9d8e11e7c7f5,delivered,2017-05-07 17:21:58,2017-05-07 17:35:09,2017-05-25 08:39:27,2017-05-26 12:35:52,2017-06-27 00:00:00
911caddee9193485ecfacba64e139beb,a33988fde632872a5c5458823b9c2d01,delivered,2018-08-12 21:16:42,2018-08-12 21:30:50,2018-08-15 12:12:00,2018-08-23 18:53:44,2018-09-10 00:00:00
17e5131fe1d4b1a8dc14d4a66914f9d7,0b8520e0d24d4e14482e01e73e5740c0,delivered,2017-10-12 17:35:47,2017-10-12 17:55:17,2017-10-13 20:36:56,2017-10-19 21:58:59,2017-10-31 00:00:00
737a2768fd261ef8391251a0ccbf150a,fdb23f61fc434280c9c4775870bb3e25,shipped,2017-06-08 16:43:45,2017-06-08 18:00:26,2017-06-09 15:12:34,,2017-07-13 00:00:00
01115c06246220def210911556bdc0e5,7db5bde0f0fcee8817a4c317cf05429a,delivered,2018-03-14 09:20:38,2018-03-14 09:35:34,2018-03-14 19:22:05,2018-04-03 00:07:46,2018-04-04 00:00:00
3adcce2e211993b4e696031bf97409dc,8582c9ab7a8379bdbb1836bda59b5f4a,delivered,2018-04-25 01:20:45,2018-04-27 03:51:01,2018-04-27 12:35:00,2018-05-08 23:24:50,2018-05-22 00:00:00
1336e40005c591d3d84862f0e9035882,d54b0b684c24cdf188fdc62cf59df0a7,delivered,2017-02-19 18:53:46,2017-02-21 04:50:34,2017-02-21 15:51:31,2017-03-01 13:09:08,2017-03-17 00:00:00
e046efc2f91c44080fe99098aadc8514,cffdfdd13102c36c35e0442d4894053e,delivered,2018-02-02 08:52:50,2018-02-02 09:12:16,2018-02-06 01:23:04,2018-02-22 21:41:49,2018-03-07 00:00:00
224d5440ae7516a5ca867b2d5311147b,04fd187530ffcbd8a94f5fdc33989941,delivered,2018-02-10 13:34:40,2018-02-10 14:08:24,2018-02-16 19:57:03,2018-03-09 16:38:32,2018-03-07 00:00:00
6111350dd1f8b825ac82e9caea339f07,d46ae795ce93d1cec2f41eea68a58982,unavailable,2017-11-17 10:23:15,2017-11-18 09:49:16,,,2017-11-30 00:00:00
48f1b67d362a1a223557ae1dc34acf05,0844959722ab5c6b324c6a95471332f4,delivered,2018-06-28 18:00:36,2018-06-28 18:10:39,2018-07-04 09:13:00,2018-07-10 17:27:39,2018-08-03 00:00:00
bd84b661eb4bfa46487d94324e56dfec,fa37c71b257f8a67ce2e7018b3aeac32,delivered,2017-11-24 19:56:15,2017-11-24 22:59:55,2017-11-28 11:46:10,2017-12-06 14:32:29,2017-12-21 00:00:00
d43d694cf81ca89d8e50c6f3c199f0de,1e46b29a43929d0f05b69dc61a3668aa,shipped,2018-01-18 15:07:13,2018-01-19 16:59:45,2018-01-23 23:14:50,,2018-02-09 00:00:00
e801a93b3904ca9e8350f176a037047b,ae8269d850cd3a3d06a56877c450b3f8,delivered,2017-11-22 10:56:57,2017-11-22 11:07:26,2017-11-22 18:08:54,2017-12-01 23:06:46,2017-12-13 00:00:00
ac3ce7eda1246f39509a505242fcc169,f2507ea56d748a23037bb1214964e87d,delivered,2018-03-23 11:48:15,2018-03-23 12:09:02,2018-03-27 00:38:22,2018-03-27 17:59:32,2018-04-05 00:00:00
be879f757debd3b384b540daa6ddd97e,eb3d995301c320683de629f5b4dd0c78,delivered,2017-05-09 18:03:35,2017-05-10 02:45:26,2017-05-11 09:32:35,2017-05-18 11:14:05,2017-06-01 00:00:00
6b8986012d61963295ffa3ea869aff86,39585f08d13377e50fde35467984e6eb,delivered,2017-11-19 16:59:04,2017-11-22 03:07:19,2017-11-28 17:17:47,2017-12-18 13:13:44,2017-12-07 00:00:00
f615e2f340afc051466c50c06d4a453d,e72d7c42e6184c4f88acbfa547d77a0d,delivered,2018-06-20 13:39:05,2018-06-20 13:57:59,2018-06-22 11:14:00,2018-06-25 17:09:47,2018-07-03 00:00:00
a80d0a163fe3b7a1b2b3e9a5f5453357,128ca1cce5c7b800188d3b91f8578b35,delivered,2017-10-19 11:03:40,2017-10-19 11:14:13,2017-10-19 18:18:41,2017-10-23 19:02:29,2017-11-07 00:00:00
1d537e412ed346acc70b0e721ba2620a,becec6158cf50315fdde081c3264fdb9,delivered,2017-12-27 19:13:05,2017-12-27 19:26:39,2017-12-28 21:21:54,2018-01-04 21:13:06,2018-01-22 00:00:00
d83db9b9c140ed9b64cf6e636caebb04,2ab60fd96df98dda774845cbc22d5468,delivered,2017-12-18 12:45:44,2017-12-20 06:53:40,2017-12-20 16:39:04,2018-01-12 12:59:41,2018-01-23 00:00:00
3bd820484fb08cbd09f9d3f378fae1a4,6260e99309fefdfaef12d0ef8fe82e77,delivered,2018-06-01 18:20:55,2018-06-01 18:33:36,2018-06-04 14:55:00,2018-08-10 17:52:42,2018-07-17 00:00:00
996c7e73600ad3723e8627ab7bef81e4,16be3ab0d37467d1f96d6fc30613ee57,delivered,2018-07-16 09:58:16,2018-07-16 10:10:18,2018-07-18 11:01:00,2018-07-20 22:11:39,2018-07-30 00:00:00
b48b94de3dabf70f47dc9c149817eae7,e90cc0e61fa7f47c18252d0dc0881bb6,delivered,2017-11-24 18:05:58,2017-11-24 21:17:40,2017-11-28 21:08:55,2017-12-07 01:12:54,2017-12-27 00:00:00
49b04193feaab16b8eb1d3c438b28bca,2b788f6e8bf4709bf82c3ab867062813,delivered,2017-05-12 20:15:17,2017-05-12 20:25:17,2017-05-17 11:53:53,2017-05-29 11:13:47,2017-06-01 00:00:00
81d3c99b31b4d1972ce5ae0f8cf769e4,327c04fcf9630d1eadf0d4c458e37201,delivered,2017-12-12 14:13:06,2017-12-13 02:49:59,2017-12-13 21:38:37,2017-12-19 20:57:07,2018-01-12 00:00:00
fe8841ab3a5db0eb7bcf5b2b3dccb6a6,1ac98de7a64e4f5127a181184c1fa924,delivered,2018-04-26 18:08:03,2018-04-26 18:32:09,2018-05-02 13:36:00,2018-05-07 20:45:40,2018-05-15 00:00:00
f1decef53d9a81ae9e0b8e315a6548e2,c39581c5ad3fbf516202897ff89f8bd7,delivered,2018-02-20 21:44:11,2018-02-20 21:55:50,2018-02-21 20:03:45,2018-02-27 20:54:05,2018-03-12 00:00:00
f2be3946c5ae27518a65c37a05b914f9,c794b43a21994c0b726f1803d2773f19,delivered,2018-02-15 21:23:20,2018-02-17 03:50:35,2018-02-19 20:22:45,2018-02-28 22:52:17,2018-03-05 00:00:00
dc18a044b56ed174037ca164cdf2e921,4a06381959b6670756de02e07b83815f,unavailable,2016-10-05 14:16:28,2016-10-06 15:56:49,,,2016-11-29 00:00:00
da36f0ed6b7669628846afd6d75a9a7c,8372eb499d7f5baf1f41b42cd6597074,delivered,2018-03-04 23:57:11,2018-03-05 00:15:34,2018-03-07 21:17:28,2018-03-18 13:28:39,2018-03-21 00:00:00
136e42854980018398bfe35a8eecf470,c30dc83700d4b4f4e9a1f852bd60a3b4,delivered,2017-09-02 15:23:36,2017-09-02 15:35:26,2017-09-05 12:43:23,2017-09-14 22:12:56,2017-09-25 00:00:00
e7d970bfdd1725c64b0a4188b2c35e87,3f13ac929b046c754deaf694f350faef,delivered,2018-02-08 16:17:02,2018-02-08 17:06:01,2018-02-09 18:47:08,2018-02-21 20:29:12,2018-03-02 00:00:00
a1a26fd368e8d98c468ecd201ea55af8,95462f6d1cb366ce19620fa03dfe0cc4,delivered,2018-02-22 10:11:39,2018-02-23 02:15:29,2018-02-24 00:00:00,2018-03-07 18:55:11,2018-03-20 00:00:00
111647853c748737a4d90751bcc75db9,5d44399566af5c2d0a047663518179fb,delivered,2018-05-22 12:38:04,2018-05-22 12:56:18,2018-06-08 14:03:00,2018-06-14 16:22:39,2018-06-21 00:00:00
8878a85f1d2317973cca3011664cfbe9,65dbb1106bc97b6ff96cc495b0c3ff6b,delivered,2018-04-23 17:26:37,2018-04-24 18:22:16,2018-04-27 15:14:00,2018-04-30 22:36:29,2018-05-07 00:00:00
b3919ae133e2225033bb2e4107735ce7,c516b73d266a5c5a35c1419d5535036a,delivered,2017-11-13 09:42:57,2017-11-14 04:26:33,2017-11-16 17:31:38,2017-11-29 19:42:53,2017-12-06 00:00:00
7a2ea112b017a44fc1ba0eb88979f3f9,8ee3752ed676be5e448ebda2266e87e5,delivered,2017-11-26 15:05:45,2017-11-26 15:18:26,2017-11-27 16:43:11,2017-12-04 17:53:06,2017-12-11 00:00:00
df56136b8031ecd28e200bb18e6ddb2e,b7770073b02ed1d626a027ce86a4ff82,delivered,2017-01-26 13:15:41,2017-01-27 03:05:27,2017-01-31 19:44:07,2017-02-06 09:52:10,2017-03-23 00:00:00
e1b489d5811a2f0401eb7bfb88887cd1,968a67f39df931e3d773be73ea13e235,delivered,2017-07-31 10:39:11,2017-07-31 10:55:17,2017-08-02 10:12:44,2017-08-04 18:30:10,2017-08-18 00:00:00
ec34503555e993a9e7e2272b563d416c,dbad14e1cbdb1f106ac9b2b3f4b89d15,delivered,2018-08-07 17:16:46,2018-08-07 17:30:10,2018-08-09 12:49:00,2018-08-15 18:47:32,2018-08-27 00:00:00
bc0c05b935880725008f3ae103e828e1,f86ef9a9bd878f3c22617b38ea06d3ff,delivered,2017-06-24 19:38:52,2017-06-26 11:08:01,2017-06-26 18:41:37,2017-06-28 08:25:56,2017-07-07 00:00:00
23c6b96eb0aa6024129f306af7befe3e,2d0ef7c75a0403680d304c62ba3b2721,delivered,2018-08-12 10:08:01,2018-08-12 10:24:31,2018-08-22 15:27:00,2018-08-27 19:27:52,2018-08-31 00:00:00
3bc21ef8ec2cadd7703b05a26cc51b35,41719c34900034230304c9266e5b6713,delivered,2018-07-25 10:52:55,2018-07-26 10:50:17,2018-07-27 13:23:00,2018-07-30 12:51:34,2018-08-13 00:00:00
21988f4f4d0971038b9c9d35f3be1ccf,7e1174a42900bb7555695ccb75c7aa59,invoiced,2018-02-15 16:51:40,2018-02-15 17:07:36,,,2018-03-02 00:00:00
3c6566c0b8aa1eb2382e08cc0ae4bab4,80d3aec52e59c9f1699cb37578939c7b,delivered,2017-12-23 11:00:34,2017-12-24 11:27:49,2017-12-26 18:05:43,2017-12-27 21:06:43,2018-01-17 00:00:00
1ae8e19bcbb76c8858e9e94da5ed17e7,6abca237f70bf072ffb9855407d08873,delivered,2018-02-15 11:05:48,2018-02-15 11:30:30,2018-02-16 16:48:36,2018-02-22 21:13:39,2018-03-15 00:00:00
c714dc1b4064a670401d208c1f67e7e1,8938c1147d18fad6c301a529e5b4e605,delivered,2017-07-17 15:12:58,2017-07-17 15:25:17,2017-07-24 18:13:43,2017-07-31 20:29:53,2017-08-10 00:00:00
4220f297891051c2f40f96bee807a998,2354598cc2ca1735aa0ed0994a6d92b9,delivered,2018-03-24 21:41:42,2018-03-24 21:55:34,2018-03-26 22:34:36,2018-03-29 18:37:30,2018-04-12 00:00:00
929fa720a53f0036ad3b444f08d59bc2,f0abcd422de451fd6eb08090d4809f8b,delivered,2018-01-14 22:45:12,2018-01-16 03:51:02,2018-01-18 18:35:22,2018-01-26 17:29:02,2018-02-05 00:00:00
c2546b80d080e344c3698d9d75bd439f,3aaf1aed94e3b857dca44be88ad136c7,delivered,2018-04-19 10:38:49,2018-04-19 10:55:15,2018-04-20 18:32:06,2018-05-29 17:07:56,2018-05-29 00:00:00
867effa42bd3592c4dbada5a0ebc42bc,ec05463bee705c8b30f418e28a9c0083,delivered,2017-06-11 20:27:59,2017-06-13 04:55:35,2017-06-13 09:32:06,2017-06-19 20:17:54,2017-07-07 00:00:00
a60e21c021af3e8b42bf68b8683800ac,a7d480b29f6f75773a461845c7a645c4,delivered,2018-07-18 13:07:19,2018-07-18 13:21:55,2018-07-30 06:16:00,2018-08-09 15:03:48,2018-08-08 00:00:00
bdac74e927fa2c4083f33e1b213e1937,9c52f253ba7d3a3d21ff24bc18c9996a,delivered,2018-01-11 15:19:54,2018-01-12 02:36:50,2018-01-17 01:11:34,2018-01-19 15:26:41,2018-02-05 00:00:00
875011f2f7c12ea43db55297e2a29d82,8579fef79f526c8ab26376006604d040,delivered,2018-02-13 00:59:36,2018-02-13 01:10:26,2018-02-16 22:51:58,2018-03-14 01:56:38,2018-03-12 00:00:00
d9bf43027ddbeee4ced772f175c2dc40,a3d6117116d98e1e41689a653c4b72f3,delivered,2018-07-20 17:26:30,2018-07-20 17:44:21,2018-07-24 06:26:00,2018-07-27 22:26:20,2018-08-08 00:00:00
8c077233d04d9bca0a5bef45afddf354,52220722b1316d8b493799035cb38463,delivered,2018-08-03 10:23:31,2018-08-04 04:10:24,2018-08-06 10:03:00,2018-08-10 18:38:38,2018-08-16 00:00:00
97eb382d696097115c838def753f676b,8c3bae44fe68e44c6b16c120bf51456a,delivered,2018-01-15 15:35:27,2018-01-15 15:50:47,2018-01-16 15:18:49,2018-01-18 22:13:16,2018-01-30 00:00:00
4f22cd3d78d124f7ac060a3171493ef4,dc1ed3d6dd03f5dddaf941da3a51e88b,delivered,2017-11-21 14:55:17,2017-11-21 16:18:24,2017-11-24 19:13:02,2017-12-06 15:58:50,2017-12-07 00:00:00
5cef0136de603dac5471ed33114164ed,21294aadb43a37affd883654606c610c,delivered,2018-06-24 20:05:55,2018-06-26 05:12:53,2018-06-26 14:44:00,2018-07-03 22:58:33,2018-07-05 00:00:00
3860987243c481275152ad76e491c663,f13262e493e128d15dc1b5de35fcc5e6,delivered,2017-11-13 09:43:20,2017-11-13 09:51:02,2017-11-14 20:22:11,2017-12-01 19:55:47,2017-12-07 00:00:00
85bb0aae7a51f1e5e6541dded1f89a86,bd82bc59b4b34a472f0e65bc1aaaad2a,delivered,2018-01-09 12:21:52,2018-01-10 10:31:42,2018-01-25 22:25:06,2018-01-30 20:07:12,2018-02-26 00:00:00
4eb3e11c28260d8a8524f0513b0ce771,959f76d6d4c26184cb83d2d2e85b9d53,delivered,2018-03-31 14:24:53,2018-03-31 14:47:21,2018-04-05 17:17:38,2018-04-07 00:40:49,2018-04-17 00:00:00
2ce76cebf99f85d0ab90dc021c02c59d,f8905c78de5587c49435373871fd2e17,delivered,2017-07-12 13:42:13,2017-07-12 14:23:42,2017-07-14 18:34:27,2017-07-17 18:06:43,2017-07-25 00:00:00
a728af054b243b3b11132b6e57284ff0,0be6f5000bb956916f065d0d1e8f137f,delivered,2018-03-17 23:46:08,2018-03-17 23:55:28,2018-03-22 19:48:45,2018-04-09 13:08:42,2018-04-13 00:00:00
037540b18a708608c766355696a57467,a35401291a0580dbcef88f14d8938900,delivered,2017-11-28 10:46:46,2017-11-28 10:55:03,2017-12-01 00:52:19,2017-12-13 00:22:38,2017-12-21 00:00:00
af2fedf9f49d8dab90fba9c19b52c001,572ea23066532418756ac80538e05de4,delivered,2018-05-10 16:08:05,2018-05-11 03:50:34,2018-05-11 14:14:00,2018-05-16 21:41:12,2018-05-24 00:00:00
57db58fa887c4205f3bf01211de5cceb,db55b2c93fa9997f28cdef04794eb027,delivered,2018-07-14 19:23:47,2018-07-14 19:35:22,2018-07-17 09:33:00,2018-07-20 16:44:27,2018-07-31 00:00:00
06a702a3caf8f33af30200f804d877ec,59d8f775e59cb4feccd4fe7c23216541,delivered,2018-03-21 10:36:52,2018-03-21 10:50:19,2018-03-22 19:29:54,2018-04-03 22:42:04,2018-04-13 00:00:00
938cf86c22cfbcdef5e04f4038fad081,c9eb8a8ef99b47cda776effb97e13b63,delivered,2018-01-22 23:19:30,2018-01-22 23:35:17,2018-01-23 16:38:59,2018-01-29 19:58:44,2018-02-14 00:00:00
aa240e84341dc3a58a69fdaa1c0b927c,45278fbc936e6358d4cb198cc3dcddb6,delivered,2018-08-02 21:58:11,2018-08-02 22:10:19,2018-08-03 10:34:00,2018-08-04 13:38:31,2018-08-07 00:00:00
e3852ebb9e79c3422a17692da2c89ee5,6c8c750a8bdda3b271cb8e9ff5c13bfa,delivered,2017-05-11 17:19:02,2017-05-11 17:25:27,2017-05-12 15:03:00,2017-05-22 14:15:43,2017-05-31 00:00:00
3d07a476264a25476f6a5aa642696bd4,8d34bc21c972f82d188661dd3bd97521,delivered,2017-11-16 16:19:50,2017-11-16 16:36:04,2017-11-17 15:24:33,2017-11-20 17:24:45,2017-11-29 00:00:00
484f924a6135837d4195a42442905b8d,a01d75e34d60b742278e85774f0fd80e,delivered,2018-01-02 14:04:54,2018-01-02 14:13:24,2018-01-03 18:24:54,2018-01-04 20:32:20,2018-01-18 00:00:00
f0e0be414a28021f1a90bfaae3b26c61,2160421cae73963d7d4842ca9f340aff,delivered,2018-04-30 17:59:31,2018-05-01 05:15:08,2018-05-02 10:53:00,2018-05-04 00:04:22,2018-05-15 00:00:00
349d8e152f810f983be80e244a8030c2,89a1a3f72e06c63bae4a7e9f830defe1,delivered,2017-08-07 12:45:26,2017-08-08 04:10:57,2017-08-08 18:46:14,2017-08-09 17:38:48,2017-08-18 00:00:00
fad816458419d971cf858054b4482acc,9ec488daa0d155f091d5c35097785238,delivered,2018-01-16 12:40:56,2018-01-16 12:52:08,2018-01-19 20:03:53,2018-01-29 22:46:52,2018-02-14 00:00:00
b27f6a3ed9bfe29879c912b10bcf081b,dd774d127953e12f6953a9d36e6a3cc4,delivered,2018-01-02 20:32:36,2018-01-02 20:50:16,2018-01-08 12:32:48,2018-01-16 20:52:39,2018-01-24 00:00:00
9a7a3e7bd7a7715213f58e05dd999824,1a700c8b0ea5c7700237221567261552,delivered,2017-03-14 13:48:36,2017-03-14 13:48:36,2017-03-15 11:41:36,2017-03-17 13:18:37,2017-03-31 00:00:00
8e858345f007bdd1acd669c595f43e8d,acac8132a5468cf70dd49fefca51bd85,delivered,2018-05-04 17:44:48,2018-05-04 18:15:53,2018-05-07 11:53:00,2018-05-15 20:36:43,2018-06-01 00:00:00
8c48a29935d95dd45daa77ac63f6786d,e27c12dc6178ba111a48e4fe8deaca15,delivered,2018-08-23 09:57:21,2018-08-23 10:10:18,2018-08-23 14:03:00,2018-08-28 17:36:20,2018-09-11 00:00:00
09a38776c4e31230864f867821174daa,f7c7eee947743e900cad930670b94341,delivered,2018-02-02 18:19:18,2018-02-03 02:53:13,2018-02-20 19:55:57,2018-03-09 21:41:54,2018-03-02 00:00:00
36004805bfb0ea8d00efb94e260b0789,17516e0535c6e91f958bd63f6cfc07f6,delivered,2018-05-14 00:21:31,2018-05-14 00:35:24,2018-05-14 16:13:00,2018-05-21 14:46:48,2018-06-12 00:00:00
507d1e709281d55c6f0f4901f3ef00c9,421c70ef8c58203d4f3020197533751f,delivered,2018-04-25 20:10:45,2018-04-25 20:31:37,2018-04-27 12:02:00,2018-05-04 18:08:29,2018-05-21 00:00:00
e3814831894acaf0ee4561b4a610b580,55e2db26414f3481723018e15279c9a9,delivered,2018-01-30 13:45:20,2018-01-31 13:31:59,2018-02-01 00:22:39,2018-02-06 15:04:54,2018-02-26 00:00:00
de0d5d6bf2003cc68cddbcbb3783b87d,572c55e6ec9e1ccd62db5a04f67499bf,delivered,2018-06-07 12:05:36,2018-06-07 12:19:20,2018-06-14 11:23:00,2018-06-25 21:22:26,2018-07-04 00:00:00
f20d2065cf43144b10631f85002fe6ca,4a4f8033b4e440d8337404aa4086daaa,delivered,2018-01-02 20:28:10,2018-01-02 20:38:22,2018-01-03 19:22:33,2018-01-08 19:26:53,2018-01-26 00:00:00
89375eabf1f0c640f093abce3f12a9f3,118801ab348bf60aa1f636ef333ab3b3,delivered,2018-04-10 21:58:17,2018-04-10 22:11:13,2018-04-13 23:14:41,2018-04-20 22:11:47,2018-05-15 00:00:00
bcf932ed1d1f89a66891f8c5b22c5d20,781de2cd92ae008925e19e520732bc2d,delivered,2018-07-17 08:06:39,2018-07-17 08:21:11,2018-07-17 15:46:00,2018-07-23 20:49:06,2018-08-02 00:00:00
960df7e0ec50c4c9e4502930d59783a1,9b11bf69b2e1769ebec95be7c30c87a3,delivered,2017-07-26 18:08:45,2017-07-27 12:22:54,2017-07-27 17:47:44,2017-08-01 21:51:10,2017-08-17 00:00:00
72d4db7bdeb8827a6dcdb6a40f7149c4,522b39c82a9a0eeed9fca23de766cbc8,delivered,2017-06-30 14:29:17,2017-06-30 14:43:33,2017-07-03 17:40:08,2017-07-07 18:12:14,2017-08-03 00:00:00
a7b6379e7ca83fc534678ad86108cff7,4e6d91ec43fe43f57a2211044a2b096f,delivered,2018-02-17 21:47:35,2018-02-17 21:55:39,2018-02-22 20:38:06,2018-04-18 17:09:20,2018-03-12 00:00:00
1501eaa2540a52164308d1dc061f89e0,77f94a8479757404d1c14a4ff16a23a7,delivered,2017-04-15 18:18:06,2017-04-18 06:55:15,2017-04-18 15:44:20,2017-04-28 06:13:56,2017-05-11 00:00:00
327ee18cf93b73d75911ca52f0c73ed4,22d32625b59ff10115c8863926933a99,delivered,2018-02-27 19:38:59,2018-02-27 20:09:31,2018-03-02 00:33:11,2018-03-05 15:58:40,2018-03-19 00:00:00
9f68344a0c5f9d8794de633c159cbc26,b4981ccfa8f05cdba4382d753554a71f,delivered,2017-10-04 20:48:30,2017-10-04 21:04:33,2017-10-05 19:45:00,2017-10-16 23:05:33,2017-11-03 00:00:00
e940e33cefca8e48b759474760c2fb41,50b5f1c8ac9da947ac1b3489f7395192,delivered,2018-08-16 20:43:40,2018-08-16 21:09:35,2018-08-17 12:05:00,2018-08-22 23:31:46,2018-08-29 00:00:00
e82e0697786dcef38c215ec9d2dc308a,1f02e9e9b0864235d4ff570a181d2c97,delivered,2018-08-19 15:25:29,2018-08-22 03:35:15,2018-08-23 13:18:00,2018-08-27 21:08:47,2018-09-10 00:00:00
b266c12d9bececa3942c1bef84f13716,b66dc7dd3528076160bc42b0c89207fa,delivered,2018-06-12 00:57:09,2018-06-12 09:01:38,2018-06-12 17:05:00,2018-06-19 17:02:46,2018-07-05 00:00:00
94a1020970476388adf12c46628499be,9dca293f928f7a1aaa6ab447b2093234,delivered,2018-01-24 07:21:50,2018-01-24 07:36:14,2018-01-24 23:03:26,2018-02-01 18:09:58,2018-02-21 00:00:00
b7fc42dea7da9916727efa0ab2f3f89d,7a1559fef97a80249f1a88e23b0155be,delivered,2017-12-20 00:06:07,2017-12-20 01:31:28,2017-12-21 16:09:28,2018-01-09 21:42:59,2018-01-16 00:00:00
217ec7b7a29a68b086c07bda53f3f6b5,068496092363b0e16a6a289da4212d87,delivered,2018-06-24 20:22:23,2018-06-24 20:39:52,2018-06-26 19:44:00,2018-06-29 11:21:34,2018-07-05 00:00:00
e723fd90e2d095c2762e5e800d759bfa,5dc6f4b9453584208557163c26079be1,shipped,2017-11-25 17:14:25,2017-11-25 17:32:04,2017-11-27 15:28:26,,2017-12-21 00:00:00
eb7e858d6252b3de0c50073e03a654fc,790df581ab0e398b8af6d60bb74894e7,delivered,2018-01-04 20:48:05,2018-01-05 02:36:47,2018-01-10 22:07:43,2018-01-17 13:29:13,2018-02-02 00:00:00
6d2deca91b22bd2e7fcccd13c8dc73f4,db2fca299c5b77095bdf801103a80fee,delivered,2018-05-11 12:54:02,2018-05-11 13:11:21,2018-05-15 10:33:00,2018-05-18 18:24:36,2018-05-29 00:00:00
9910e116d36a19d176b63642db85b559,ed3dc75383c6ba932ed43adc4bfdd287,delivered,2018-07-04 18:24:16,2018-07-05 18:31:57,2018-07-06 09:34:00,2018-07-12 17:48:45,2018-07-30 00:00:00
8435b228083742b605b95a6c3e9c9534,bb361d2be472ec1a19b94c115ccd3fd6,delivered,2018-01-23 15:19:38,2018-01-23 15:37:18,2018-01-24 20:15:41,2018-02-03 00:19:59,2018-02-21 00:00:00
3b2306ebbd3f8e2923984f42b2c03228,7e1f018f45f99375dcfaae0fe8816b4a,delivered,2018-02-22 20:46:34,2018-02-22 21:08:24,2018-02-26 15:39:17,2018-03-21 15:49:44,2018-03-15 00:00:00
442f0c23874c2066610c590e95ebfa4a,f38e7e94fe8e324a27a966b5903aeb7a,delivered,2018-03-30 21:44:53,2018-04-03 05:48:51,2018-04-04 00:12:53,2018-04-11 17:36:29,2018-04-26 00:00:00
7b53b94402ded889f5be8098bb6e2885,05775243ed704519f900b91f95b9593a,delivered,2017-02-18 01:57:33,2017-02-18 02:05:10,2017-02-21 07:36:31,2017-03-04 08:32:46,2017-03-23 00:00:00
e23fa6908df9fa4ffdc5bf2a0ad6ae76,3bda81e663d894e6913572dfe41f9ce1,delivered,2017-06-03 15:23:13,2017-06-03 15:30:16,2017-06-08 16:03:18,2017-06-12 13:32:57,2017-06-19 00:00:00
afcf3863fcb506587dd64998940c5785,0980d1bf97df05137f76ff388b1b2ec9,delivered,2018-05-18 09:43:47,2018-05-19 03:38:38,2018-05-21 13:59:00,2018-06-07 16:38:35,2018-06-12 00:00:00
783ead164482dd5df46e82d73ee73949,1756068e3f68f0b5f318af25ce1ec988,shipped,2017-05-30 21:27:09,2017-05-31 06:50:16,2017-06-02 16:21:50,,2017-06-22 00:00:00
6c110f11373e534d875da9554b318f26,031833e77c963eb19e4a5c4bc2d368f8,delivered,2018-04-04 10:45:46,2018-04-04 11:09:56,2018-04-05 15:28:51,2018-04-06 22:46:42,2018-04-20 00:00:00
c68d536a69b345791fac24a064e2648f,486a90d073c2351d2a053f214e2dee56,delivered,2017-05-02 21:49:29,2017-05-03 14:22:20,2017-05-04 16:07:36,2017-05-24 18:30:17,2017-05-23 00:00:00
466b5bdc3e3f24e98c294859fe2d58b1,7f0fdc10daead822e5db41583f613e7d,delivered,2018-01-09 13:53:44,2018-01-09 14:09:24,2018-01-10 19:42:46,2018-01-16 16:08:06,2018-01-30 00:00:00
c7e60efb6feb0df33ec3cd61043dd39f,1252407040f15cc03032ada7119ac124,delivered,2018-06-04 20:59:05,2018-06-04 21:12:49,2018-06-05 12:10:00,2018-06-12 17:27:39,2018-07-11 00:00:00
bd086ca155971e41011456e63e94f36e,7fcdfc53be63ce7736097948a46d9fef,delivered,2018-06-12 16:26:37,2018-06-12 17:14:02,2018-06-14 16:42:00,2018-06-19 17:18:33,2018-07-17 00:00:00
da7c99259b71f5a3fb36e14cc693e31b,04e2980731d4bbd86a9f20793cc78c8b,delivered,2018-04-25 06:50:39,2018-04-25 07:10:56,2018-04-26 12:52:00,2018-04-30 15:38:46,2018-05-18 00:00:00
b43e5b62115893759c15e7e9c96cb25b,6b58b82f79f4f6d4b1663dbc9824ce15,delivered,2017-05-23 21:42:40,2017-05-23 21:50:57,2017-05-30 14:11:15,2017-06-06 17:48:45,2017-06-16 00:00:00
67b28af24f672d7436f8ff5eda41a88e,092b21da7f42569218d5fdf4f96c1025,delivered,2017-09-12 12:50:56,2017-09-12 13:05:14,2017-09-12 18:39:46,2017-09-19 14:32:39,2017-10-03 00:00:00
503d1a98081c7307e6e875ba8af189e6,4148787d8f2962b2cc882879f242b2d7,delivered,2018-05-08 19:28:42,2018-05-10 02:57:29,2018-05-10 11:22:00,2018-06-04 18:27:53,2018-05-24 00:00:00
22b09303fa1607a11b0bf4b2e79627be,cb5c12b09604bea937c2c8dc9c4598c3,delivered,2018-04-17 13:47:45,2018-04-17 14:11:29,2018-04-19 00:24:39,2018-04-20 17:12:09,2018-05-08 00:00:00
9fafe0a1253661cb02ef32961e541418,e68dc6ddc66106494b71509df5d300d4,delivered,2018-04-21 19:05:21,2018-04-24 18:06:03,2018-04-25 10:25:00,2018-05-10 18:08:51,2018-05-22 00:00:00
8b82030c5d25241f3295468c82ad4f0b,b9c97ebd0f562ae172b3273f6f716b68,delivered,2017-11-29 20:10:51,2017-11-29 20:36:56,2017-12-06 20:56:45,2017-12-14 19:57:09,2017-12-21 00:00:00
f08abbff7e606943778266ee1267b369,42bf2b478fd25788ef01f6d8e4a4ffd5,delivered,2018-03-15 07:19:27,2018-03-16 03:45:12,2018-03-16 21:48:50,2018-03-18 19:46:46,2018-03-27 00:00:00
3ad8b95da1d9a9f797b5d79dffcdd15f,54e45f61024a906d5ed85efa3cc79c4e,delivered,2018-02-14 15:13:26,2018-02-15 03:56:02,2018-02-16 19:56:47,2018-03-02 17:47:08,2018-03-09 00:00:00
70ecbe22c2346dd38085cba820c9c462,8dd752df1ad746e4c67d1519ca16917f,delivered,2018-06-19 12:51:41,2018-06-19 13:17:05,2018-06-20 11:35:00,2018-06-26 14:38:51,2018-07-12 00:00:00
b4547d5f620b508ff80fb940f8d17274,846892645b3a7110ae50c1a920d52b60,delivered,2018-02-27 09:48:16,2018-02-27 10:09:35,2018-03-01 00:06:32,2018-03-06 19:39:03,2018-03-19 00:00:00
1b2b354adeb38c1c308c915faf7d3288,b0962c45b3881a52d605fe965ca9a776,delivered,2017-08-30 09:33:21,2017-08-30 09:45:15,2017-08-31 19:32:28,2017-09-04 20:51:33,2017-09-19 00:00:00
fd9fd21af695ddc1b8200a18954f7b73,52ff4b247a5a4c45b46ece17b94ff728,delivered,2018-03-07 14:16:10,2018-03-07 15:00:19,2018-03-08 16:14:39,2018-05-07 23:04:07,2018-03-29 00:00:00
6c8221844e21df82eaa09b45f2ca47b7,7ff6c1a0c25241143f4865c737f23801,delivered,2017-11-24 16:53:46,2017-11-24 20:39:36,2017-11-28 20:54:50,2017-12-08 20:24:34,2017-12-15 00:00:00
68887b90a91e3d256872f6a54a90cfda,350110bd65be64335e112291bd986a9a,delivered,2018-01-25 19:36:26,2018-01-25 19:52:34,2018-01-26 16:12:23,2018-02-02 16:32:55,2018-02-22 00:00:00
05691e7046cf3a798bfce39b35377b78,532106a874f0e6d89668d5aa4066d9cd,delivered,2018-06-22 15:27:17,2018-06-22 15:38:46,2018-06-25 11:37:00,2018-06-26 23:28:46,2018-07-05 00:00:00
9a64165cf939b42867416b35f8c13649,1b37cbcdf20cfad2295c2511eb543048,delivered,2018-06-07 19:11:24,2018-06-07 19:34:48,2018-06-08 10:22:00,2018-06-13 22:42:42,2018-07-11 00:00:00
410d24bf2012bc9b2a94352bcc3639eb,0d0590bc20e9fd71eb9d0eb72ea7329a,delivered,2018-04-11 13:04:38,2018-04-11 13:15:13,2018-04-12 23:29:48,2018-04-16 20:46:42,2018-05-07 00:00:00
6190a94657e1012983a274b831d9e811,5fc4c97dcb63903f99671452409065c0,shipped,2017-07-11 13:36:30,2017-07-11 13:45:15,2017-07-13 17:55:46,,2017-08-14 00:00:00
3516e5d5f67c23496363aa89756c4cba,bca98cba3540b3b6f3f3a9ea5aa3f62d,delivered,2017-04-29 12:09:43,2017-04-29 13:03:41,2017-05-04 14:50:46,2017-05-26 07:04:44,2017-05-25 00:00:00
64e1395d7ea3914c0f8a6706849e73ad,e4aed9317758d8d67a37d70936802791,delivered,2018-05-03 20:37:41,2018-05-03 20:52:53,2018-05-08 08:41:00,2018-05-11 20:34:49,2018-05-28 00:00:00
66b2aa2de6027471ff9406d7667fa94a,956c206c17f5d28cc333d89b80d40bf9,delivered,2017-11-29 02:06:06,2017-11-29 02:23:35,2017-12-12 16:09:24,2017-12-14 19:29:25,2017-12-13 00:00:00
457c5fb81a06b09b10e752720b28f5c5,29983e9662d5dd14e9d133fe7d0b639e,delivered,2018-07-15 22:22:59,2018-07-17 04:31:29,2018-07-17 14:30:00,2018-07-23 17:12:38,2018-08-02 00:00:00
b41055f900d670bae8cfbf3a8df79d8c,6e63adb48a6871ebb6a58539ed62a3d8,delivered,2018-07-29 15:57:45,2018-07-29 16:10:15,2018-07-31 11:33:00,2018-08-01 23:32:47,2018-08-08 00:00:00
dcd32eca6ea6334727d9f7b7ffe58a65,c071c2e25144672d3c33d7396b982916,delivered,2018-03-13 22:29:37,2018-03-15 03:16:15,2018-03-21 19:28:36,2018-04-02 13:12:36,2018-04-09 00:00:00
784d7e60c3fb0cdd1b539166302ecd5b,b02d54a7514873cc4378045dcd7af30a,delivered,2017-04-15 20:28:44,2017-04-15 20:42:09,2017-04-17 10:44:07,2017-05-12 14:26:06,2017-05-22 00:00:00
930e558d49307bfece16cef73bf168ec,df4305e81c932c9140b25a3d83e8049b,delivered,2017-12-11 18:21:24,2017-12-13 02:50:58,2017-12-14 18:10:45,2017-12-27 18:12:46,2018-01-09 00:00:00
a3316b63c1f065d129b524f658cce198,5c14e1a67adfe167ba191f7e45311de9,delivered,2018-02-17 19:47:52,2018-02-20 07:46:10,2018-02-22 02:56:48,2018-03-14 18:44:34,2018-03-20 00:00:00
6a796b64b820d098a93b2f1351cd1e59,1bd1c81ef56f32d5c7bee7f14905b53d,shipped,2018-04-12 09:07:29,2018-04-13 02:32:31,2018-04-19 17:21:28,,2018-05-10 00:00:00
7ccd0a8b6bdddf8ea32095431194bfbe,a345cd3ae230f1028a9c995b9d03ad8e,delivered,2018-08-07 20:41:27,2018-08-07 20:50:20,2018-08-09 14:23:00,2018-08-10 19:35:21,2018-08-13 00:00:00
d3d4b84b9e497a1bcec277409c35176b,3171941d2a21d87fa11134ea4bbf8418,delivered,2017-09-20 17:57:07,2017-09-21 20:10:29,2017-09-26 15:56:05,2017-10-04 18:48:07,2017-10-16 00:00:00
b9bac4395416779d29e17d31e06386ca,3bfb44b36d63a8ad057509b33b188bc6,delivered,2018-07-29 20:43:48,2018-07-29 20:55:21,2018-07-31 15:15:00,2018-08-01 14:16:38,2018-08-08 00:00:00
d253964df13ce1e157cebc496a2b9017,9b0af39a61e65dcf6f006e5b74043124,delivered,2017-05-11 21:54:57,2017-05-11 22:05:16,2017-05-12 10:09:27,2017-05-23 10:32:48,2017-06-08 00:00:00
e63f9dfbe6583ed5ea1dab97a5743793,9a5151e9b2e0447ac741b37a97bffb55,delivered,2017-11-24 23:53:43,2017-11-25 01:53:19,2017-11-27 17:41:57,2017-11-28 21:06:33,2017-12-14 00:00:00
96867881a8d245ffae18dd2f1c4898d2,40e7a663ffaa7aa2f2ad20d6d40d6b14,delivered,2017-01-26 22:19:43,2017-01-26 22:30:17,2017-01-27 11:47:20,2017-02-08 12:12:39,2017-03-02 00:00:00
23915d6cad231d54df8c6db7106b29ca,af1104b531adc2df06d6f8d2fe2199d0,delivered,2018-08-18 11:41:38,2018-08-18 11:51:08,2018-08-24 08:18:00,2018-08-30 15:41:49,2018-10-01 00:00:00
24bfe29693d0dbabd5e08b3b3bf1064c,c015a1e9dfe7e60a802b1e3bdc882e08,delivered,2017-05-22 20:40:26,2017-05-24 10:30:13,2017-05-24 11:45:56,2017-05-29 08:36:02,2017-06-22 00:00:00
0d7d82b22e0c6fdfecb716bb965ef11d,1f877cdc5d276445d0bfcedb8731b25a,delivered,2017-12-04 10:54:09,2017-12-04 16:31:43,2017-12-05 22:07:32,2017-12-07 18:22:41,2017-12-20 00:00:00
873d039c319333bd488dbf6b66d602c9,311242360432d1fc2afc8ffe2e13259e,delivered,2017-05-07 19:44:29,2017-05-07 19:55:07,2017-05-09 09:44:44,2017-05-15 09:00:00,2017-06-20 00:00:00
c9283076b0f196acde755765fcfaec9b,a854caf1b1cc61e8c864be51d1e4338a,delivered,2018-02-20 09:23:20,2018-02-21 06:15:19,2018-02-28 01:26:56,2018-03-14 22:19:29,2018-04-27 00:00:00
60320e541a6e9dc0cb5919399543f905,06d198a416dd7728c452636fd04633a6,delivered,2018-07-30 14:12:50,2018-08-01 02:44:12,2018-08-01 15:59:00,2018-08-04 17:51:48,2018-08-07 00:00:00
6bae7f6955b8a1758053a464757a72a6,14423ad70a3aa64dee01bf0991b5891b,delivered,2017-08-14 08:27:51,2017-08-15 03:43:57,2017-08-16 13:09:47,2017-08-21 20:42:26,2017-09-01 00:00:00
bb410325795fc7a944df598360cf5f08,0449d1b1afc5212a6805aa3b6d84e049,delivered,2018-08-02 15:29:13,2018-08-02 15:45:12,2018-08-06 13:09:00,2018-08-08 01:26:42,2018-08-10 00:00:00
c1331ba0cd03a2a346d54d5fa2ed7576,623e9156d6d6709045ba59f4753f6421,delivered,2018-07-23 18:42:13,2018-07-24 10:31:13,2018-07-30 14:46:00,2018-08-02 18:27:41,2018-08-10 00:00:00
53c31e515549ff8d58c7e4bf134ea258,ccbf6424a15da081285f662ac97e37a6,delivered,2018-07-26 06:38:49,2018-07-26 06:50:11,2018-07-26 11:39:00,2018-07-31 23:29:29,2018-08-09 00:00:00
6dd49a48b361f1d0f6d8241dd029dd22,0f753a0814caee1942c04f4b68cea4ed,delivered,2018-02-11 13:55:04,2018-02-15 04:06:59,2018-02-16 13:17:08,2018-02-23 21:39:04,2018-03-08 00:00:00
efe7afc1f3087fc5294dd8a208208d4b,1409dbd0d0157ebe4c8d17e76ad0dfa7,delivered,2018-05-22 21:45:29,2018-05-22 21:58:04,2018-05-24 08:51:00,2018-06-04 15:40:58,2018-06-19 00:00:00
ca2b3adfa13249c87545515d1f9a4156,5f4f207f8beafdb253623b83c3015847,delivered,2018-07-25 19:30:31,2018-07-25 19:45:13,2018-07-26 18:56:00,2018-07-27 14:03:02,2018-08-07 00:00:00
406d7ae7632b47850ebdaaf719a4c715,f0fabede5d24a0b694cf9d8ba4627ec0,delivered,2018-03-23 13:04:15,2018-03-23 13:28:22,2018-03-27 01:11:28,2018-04-05 00:12:03,2018-04-18 00:00:00
df6378bbbc39d69ba74b22e63d3bbeae,c17e22ada66b6a0582a07370338adcec,delivered,2017-11-27 22:25:36,2017-11-27 22:32:23,2017-11-28 22:12:26,2017-12-12 19:41:58,2017-12-18 00:00:00
335874150963b28de5e55b480495739e,9906c44b485432db112526c0a5c2f24d,delivered,2018-08-01 11:55:07,2018-08-01 12:44:15,2018-08-02 14:20:00,2018-08-21 19:41:50,2018-09-20 00:00:00
7a48f02683e86599fc3570c293fe4ca8,fc88a860a165a23886e3ed02e802c861,delivered,2017-10-25 16:03:05,2017-10-25 16:14:49,2017-10-26 20:57:52,2017-11-01 20:51:29,2017-11-22 00:00:00
de8b8d147a2848da3ae69f51bda35bfd,e7225c2d19065af16a37d85e6a0248d9,delivered,2018-06-16 14:12:36,2018-06-16 14:38:46,2018-06-18 13:09:00,2018-06-21 15:42:00,2018-07-11 00:00:00
92b8d0b30483bd64c2548331777e52a3,d2a2e802df597dca467a3bef01ae131d,delivered,2017-08-02 17:30:01,2017-08-04 02:25:17,2017-08-07 17:41:57,2017-08-11 19:37:53,2017-08-24 00:00:00
2491bd7aadcf6869fb55f9c55f2a99e5,554121cbd5fb5b0c7e56028195886472,delivered,2017-12-20 20:01:12,2017-12-20 20:10:43,2017-12-21 17:38:49,2017-12-22 21:22:11,2018-01-09 00:00:00
8b1cba0bb2172087341d9dfdda6d39d7,20609d696686ef03d3fe91fdbbe99b71,delivered,2018-06-13 09:22:36,2018-06-14 02:38:42,2018-06-14 15:12:00,2018-06-22 14:35:50,2018-07-13 00:00:00
578934b271d46bf8278509302d38b8fe,97803aed8804b136e5352bc762528e99,delivered,2018-01-21 21:31:47,2018-01-22 14:00:37,2018-01-24 19:54:58,2018-01-30 17:03:58,2018-02-14 00:00:00
c97cbfce4294d32b1566a3132cbf4127,fa98795c4f0fdb2240d930eef4a98924,delivered,2017-11-26 12:33:29,2017-11-26 12:52:25,2017-12-05 19:46:42,2017-12-13 18:41:29,2017-12-18 00:00:00
3c885cdc499dd0042129083823a88e7d,ee87611c901daac70ff8cd52797d585c,delivered,2017-07-10 08:54:47,2017-07-10 09:05:19,2017-07-10 20:13:37,2017-07-24 19:49:36,2017-08-03 00:00:00
148ba0f4f771be94ad368512ca50a07f,d56a03dc17ca55211e1925ae458ce174,delivered,2018-03-08 12:50:40,2018-03-08 13:10:32,2018-03-13 16:30:48,2018-03-23 15:23:34,2018-03-29 00:00:00
a086251b34a5cee0b8f56c7de72dba72,62dda28a95e7910a905f9579090d9d52,delivered,2017-07-20 15:58:22,2017-07-20 16:10:24,2017-07-24 11:44:03,2017-07-27 21:46:41,2017-08-17 00:00:00
ec323db17a13fc07c4b07f0f7f86986d,f9c96252874067d98cead6b1f3859c02,delivered,2017-12-09 17:59:48,2017-12-09 18:10:42,2017-12-13 23:49:37,2018-01-07 14:52:10,2018-01-16 00:00:00
8c0a5b32d858e3c6d66a9be944cad7aa,37eaec200cba2f87e201d049f30538d2,delivered,2018-07-20 16:38:17,2018-07-24 10:31:30,2018-07-31 16:05:00,2018-08-02 22:24:48,2018-08-14 00:00:00
042cfa84b1415cdcea821bcbc1bb8f4c,c6a3e1a0af3891b7f81c78d1ccb16f5b,delivered,2017-12-17 10:49:02,2017-12-17 11:14:12,2017-12-19 02:52:50,2017-12-22 17:10:11,2018-01-05 00:00:00
64cf1005615f1de47bc3715fd74f95cd,d10cd8cffde7523db8d9053b5599580a,delivered,2017-09-09 10:59:51,2017-09-09 11:40:07,2017-09-14 19:13:52,2017-09-21 12:07:44,2017-10-03 00:00:00
b703337465b56b40ca0fa126fe39858c,f4f30cbd40f21ac5cd9a2915293ab764,delivered,2018-06-15 22:33:00,2018-06-15 23:01:07,2018-06-26 14:34:00,2018-07-10 18:47:46,2018-07-25 00:00:00
f4b56fe7668e96ac977ad7bb6471bacb,0f46f6d2defa501848ba031c8ceff69a,delivered,2017-09-29 18:39:14,2017-09-30 20:14:08,2017-10-04 22:22:19,2017-10-23 18:43:03,2017-11-03 00:00:00
a5193a3fb5d87ef36d9c60ae7085dbb9,79735f2e8136ba8c16524a5bf978baf3,delivered,2017-04-02 09:24:49,2017-04-02 09:35:08,2017-04-03 16:37:28,2017-04-12 16:23:32,2017-04-26 00:00:00
f9d6e36d6c09ef9acae870b642100f11,f41d5a6739520ad992fc32f0f56759b7,delivered,2018-07-16 18:21:18,2018-07-16 18:30:23,2018-07-27 12:46:00,2018-08-08 18:07:41,2018-08-08 00:00:00
efb4de6556b343a36237a04683bbbb06,d006a3f71c4203792241734805108bbf,delivered,2018-03-17 19:38:32,2018-03-17 19:51:02,2018-03-28 19:12:55,2018-04-06 01:19:10,2018-04-23 00:00:00
dbc097913df341f30b9f9e92f459cee2,ebb4b033a7cadf1c7d73e8a7bab49594,delivered,2017-09-04 12:21:58,2017-09-04 12:30:30,2017-09-05 15:42:49,2017-10-09 20:28:05,2017-09-21 00:00:00
bd7951a7bf6dcababde910954ff2316c,db4969adaf29238d85d7e267a22e33fa,delivered,2017-06-13 16:11:57,2017-06-13 16:25:20,2017-06-14 12:22:44,2017-06-22 16:06:33,2017-07-06 00:00:00
74b9c5a1b6f7632750a25db4de597512,3d89e437bbd02dfc96b7ebf2d791bfc2,delivered,2017-01-17 16:25:29,2017-01-17 16:41:52,2017-01-23 11:53:31,2017-01-31 10:58:00,2017-02-17 00:00:00
ee16c51f125b7df3e418ad66a3a95434,b7b5515d2aca164e4e75517a1931e138,delivered,2017-12-18 16:55:39,2017-12-19 09:52:24,2017-12-21 22:12:28,2017-12-27 18:58:51,2018-01-05 00:00:00
24bb40ee9b9b6fc1cf2392a93aff4f6e,4ead00aa973c2c2a7690f03095428809,delivered,2018-07-11 18:20:18,2018-07-11 18:35:13,2018-07-31 13:00:00,2018-08-09 10:54:43,2018-08-07 00:00:00
488af1da339f776ccc9c5d4b26203cec,5f7a039b6721267134ab5850eb7b5209,delivered,2017-12-09 18:41:29,2017-12-09 18:50:54,2017-12-11 17:15:30,2017-12-12 15:23:38,2017-12-28 00:00:00
b3bdaf64ae3778709ebf333ae90f1673,5425029a2f4be868f3f017b84dabd8da,delivered,2018-01-18 18:39:15,2018-01-18 18:54:25,2018-01-23 21:52:51,2018-01-31 22:41:08,2018-02-15 00:00:00
36450fdd3cb1533803539fee6245b508,072d5af6d1c25d24d84182a5c1ce6451,delivered,2018-05-16 21:25:09,2018-05-16 21:54:32,2018-05-17 13:55:00,2018-06-07 17:03:19,2018-06-07 00:00:00
be65bdeffac02d6d8d3b667875e6da05,921be88f79a82a0ae7053a435213ef07,delivered,2018-07-25 21:04:58,2018-07-25 21:24:48,2018-07-26 12:33:00,2018-07-27 16:28:45,2018-08-07 00:00:00
ec9077fde3d69549e7a6b55a90aab5bc,8063cbc4d11f16fcdea4114bf325acd5,delivered,2017-12-17 15:14:16,2017-12-17 15:29:13,2017-12-18 23:49:58,2017-12-28 15:09:08,2018-01-11 00:00:00
a69861ade02dc3d5fe3dfbd36763519c,38defdcf4f60f144562fee6a432f1d55,delivered,2018-05-11 12:51:09,2018-05-15 04:35:08,2018-05-15 15:58:00,2018-06-04 18:52:20,2018-06-07 00:00:00
8cccd50efb50c504ad366e97a278355f,2bbada11cccfd46dac66a97c9604aeae,delivered,2017-02-14 14:24:24,2017-02-14 14:35:26,2017-02-17 12:47:47,2017-03-03 13:41:56,2017-03-21 00:00:00
000e63d38ae8c00bbcb5a30573b99628,98884e672c5ba85f4394f2044e1a3eab,delivered,2018-03-23 19:48:26,2018-03-23 20:07:49,2018-03-26 21:38:48,2018-03-27 14:51:47,2018-04-05 00:00:00
2c52a5a630ca9e849ec5fad8932bab44,6aba59b1c67fe19d82c9e2c568ad4872,delivered,2017-03-16 14:41:46,2017-03-16 14:41:46,2017-03-17 15:34:47,2017-04-05 13:43:51,2017-05-16 00:00:00
c6a9c77bb8c5622e8ce686a274dbf281,b22b06c2482bbf14c1c20f69e28a8a62,delivered,2018-07-31 21:11:54,2018-07-31 21:25:12,2018-08-01 14:27:00,2018-08-02 15:11:26,2018-08-03 00:00:00
0d4bf86877b0763d194d50ca6a136bf9,a94eea151778a67bca934ac8d771b120,delivered,2017-06-29 23:13:09,2017-06-29 23:25:19,2017-06-30 15:36:00,2017-07-12 17:43:30,2017-07-31 00:00:00
ac8f533b96ef19b111869e752c59a61c,75662c3dd2cfd0fbd4b10232e327e215,delivered,2018-03-01 00:52:45,2018-03-02 02:10:34,2018-03-03 00:05:58,2018-04-10 19:20:59,2018-03-19 00:00:00
2da878ecf6888b9ef86f601d9a8b9492,8d8822ee90f727a3355664c50dbdbfdd,delivered,2017-03-19 11:19:12,2017-03-19 11:19:12,2017-03-20 12:46:06,2017-03-30 10:52:22,2017-04-10 00:00:00
c172f96808d5e1df5a287d171592d3c6,13597bcb1cdff68183732f71fdb6dce6,delivered,2018-07-20 22:10:15,2018-07-24 11:31:54,2018-07-30 10:35:00,2018-08-02 20:12:20,2018-08-10 00:00:00
b06afd29b34d9fc7e3b139bd1739a229,a7fd54728459993a4ef7fc9e605f9349,delivered,2017-06-12 20:20:08,2017-06-12 20:35:48,2017-06-13 13:26:26,2017-06-19 08:51:37,2017-06-26 00:00:00
de0d2b20f954a9610c624bd2706ca857,7950d04c62db11c2e2899dffcf132991,delivered,2018-03-14 21:17:11,2018-03-14 21:30:37,2018-03-15 18:06:55,2018-04-06 23:48:27,2018-04-05 00:00:00
980496fd521b7f8fe2d75593d11ee1fb,8a4eb74e28aa9a4a177fd01da6254463,delivered,2017-11-03 22:16:26,2017-11-03 22:31:29,2017-11-14 21:51:43,2017-11-24 19:07:12,2017-12-08 00:00:00
7f9cfcd3dfc19a1794d3529db50dc342,087862d99a9290061f333c550aaea1c5,delivered,2018-03-01 09:26:01,2018-03-01 09:35:31,2018-03-02 18:34:09,2018-03-05 17:13:51,2018-03-13 00:00:00
34d8085664591b6233e939572becebb9,fb3c17a0741fbb9e328d54374a56f2cc,delivered,2018-06-04 10:28:41,2018-06-04 10:50:43,2018-06-04 13:58:00,2018-06-12 20:13:44,2018-07-13 00:00:00
5c0d142e02002952ffe6ae4db1b02baf,5a856c285ea3eaed4bef0c587fde2b49,delivered,2018-05-09 15:37:32,2018-05-09 15:51:51,2018-05-10 09:01:00,2018-05-21 23:05:16,2018-06-04 00:00:00
d2088349aa517876ebda33eec33406f1,5d82b4dd8d81d80346f024b80e8f167c,delivered,2017-11-16 19:55:49,2017-11-16 20:12:24,2017-11-22 16:40:27,2017-11-23 22:07:05,2017-11-29 00:00:00
f63731e821c4ff4415d1b434cff51884,48bbb2176457bc561959fc570e50e231,delivered,2018-05-13 07:12:05,2018-05-13 07:32:01,2018-05-15 15:15:00,2018-05-19 14:12:37,2018-05-30 00:00:00
13d936efcc1a197d00449039d86a442a,4cfa6759af07a2313ece847750793dad,delivered,2018-04-20 16:33:24,2018-04-24 17:27:48,2018-04-23 23:35:30,2018-05-04 00:32:55,2018-05-16 00:00:00
58436e5def1ae6e50a4ce46e06061355,3e283a32b77be4f90e90af1c3c770d6f,delivered,2018-04-04 21:32:10,2018-04-04 21:48:54,2018-04-05 22:37:44,2018-04-10 21:26:47,2018-04-20 00:00:00
859b8b69ff63d94b4c45df72adb387b2,69b0d25b238a51bbff5b391d5983e975,delivered,2018-06-06 02:34:37,2018-06-07 12:19:04,2018-06-11 13:01:00,2018-06-15 21:26:32,2018-07-16 00:00:00
e78777ae8bbd5574ac03f4fd12e5daed,aacae358a27a239fda5d05eb57a2a86c,delivered,2018-08-14 19:28:27,2018-08-16 09:24:17,2018-08-16 15:54:00,2018-08-23 20:02:23,2018-09-10 00:00:00
c97aeda2ad1d2668a28ab15d1d9e5b5a,1c1739c7924d449cab6ff918adc5dfcd,delivered,2018-05-31 22:22:23,2018-06-02 03:11:27,2018-06-06 17:29:00,2018-06-11 17:46:45,2018-07-04 00:00:00
29124c072d8e7d7681a0bebfe267c67a,bc44c4c170767755c0321dc6aa1aa05b,delivered,2017-03-18 12:00:57,2017-03-18 12:00:57,2017-03-23 16:09:07,2017-03-30 14:37:29,2017-04-10 00:00:00
011c899816ea29773525bd3322dbb6aa,c15a53f6fbae984bcbf4ac7bc4395cc3,delivered,2018-04-30 15:02:34,2018-05-01 05:32:34,2018-05-03 16:51:00,2018-05-15 22:33:37,2018-05-24 00:00:00
3230019a07d0eee8a3816cb1732fe39f,5a8e2785fb6ccc605c533ea303fb867d,delivered,2018-07-05 12:07:37,2018-07-06 02:51:09,2018-07-13 13:38:00,2018-07-23 15:33:43,2018-07-31 00:00:00
f5ad4a2c259ed7d9c34b7e4efcd375ad,c29a23ef7387be172dd4df7bd7b219bf,delivered,2018-04-15 15:26:39,2018-04-15 15:51:07,2018-04-16 19:12:22,2018-04-20 20:32:47,2018-05-08 00:00:00
874d3597cd2c8ff693902b0b5323646a,26445343c024875dba1b18ad8178b905,delivered,2018-03-27 15:40:33,2018-03-27 15:55:19,2018-03-28 20:26:56,2018-04-02 12:46:52,2018-04-13 00:00:00
541d399cde50e380f01d8646e4851d1b,5fed823f3e24ed74ff3a9db3ff4f869d,delivered,2018-02-05 17:18:43,2018-02-05 17:35:39,2018-02-07 23:22:53,2018-02-14 21:11:44,2018-03-08 00:00:00
c2aa77318ccfe5fea754a5d1c2ff1544,9a09e1150a3e2333eb93d3c1612bf15f,delivered,2018-04-01 19:44:52,2018-04-01 20:30:16,2018-04-02 18:58:40,2018-04-06 20:38:25,2018-04-26 00:00:00
7f6c38d94419df12f35f8b8b0ba9167f,64d32a4d85566bcbe3cf6feb51635e13,delivered,2017-12-09 14:10:13,2017-12-09 14:19:20,2017-12-12 21:59:16,2017-12-26 17:09:49,2018-01-11 00:00:00
18b5dc19d0cf40a8d307902c30296340,8785fb9182b02416865849cae455d154,delivered,2018-02-25 11:50:52,2018-02-25 12:09:36,2018-02-27 14:39:30,2018-03-27 22:25:49,2018-03-23 00:00:00
bf7c6e08d475b7f505065edf5357ba16,a0a9f4ce85052e085aa8fabdbdd4055d,delivered,2018-01-03 13:02:19,2018-01-04 12:55:50,2018-01-15 20:34:58,2018-01-19 00:33:02,2018-01-22 00:00:00
538e58df1e2da6715870a4cbb42a1b4e,333b7d62978a1cdcc338e2545aeea45f,delivered,2017-11-21 11:54:47,2017-11-21 12:31:30,2017-11-22 17:03:50,2017-11-24 23:09:13,2017-12-15 00:00:00
562759780fcad12cd40fa0b1311a4ade,faa0d6637fb2a718b4fd3b6173034d71,delivered,2018-05-09 21:31:17,2018-05-09 21:55:14,2018-05-10 20:16:00,2018-05-11 17:24:57,2018-05-23 00:00:00
c85617bff1ff615fb850f55304688d60,203628078a2e7779fae27d1dec973b44,delivered,2018-07-18 10:35:01,2018-07-18 10:50:23,2018-07-18 11:55:00,2018-07-24 22:58:35,2018-08-08 00:00:00
b31eac1961980ead26d0df38911ac5e6,c30a6a79a913a05c611e56edc0b4fd37,delivered,2017-09-13 13:13:15,2017-09-13 13:33:17,2017-09-14 22:24:06,2017-10-02 14:48:02,2017-10-13 00:00:00
47435f657d2323e5eb4455aa5bc6a436,bab47e7a1b74c94a99ea042acfa7ea66,delivered,2018-07-23 13:19:36,2018-07-23 15:32:27,2018-07-24 14:05:00,2018-07-25 17:48:48,2018-08-14 00:00:00
db2bd06455f798cb0da8e649c3aa06f9,f8d3de89915324398f75b2f37ee7406f,delivered,2017-10-23 10:40:44,2017-10-25 02:28:35,2017-10-26 19:46:46,2017-11-08 21:06:49,2017-11-14 00:00:00
099319b5b8567c490c01a857c6dbe73f,96d5f5f1a7eb5de66d26556c745015c9,delivered,2018-06-03 14:05:03,2018-06-03 14:15:23,2018-06-05 13:22:00,2018-06-20 18:04:03,2018-07-25 00:00:00
ff536d93ae4214b4d51c2894ccfc569f,8891eb5ca0e28df961b2b5b8f3c0eb23,shipped,2017-12-21 09:01:00,2017-12-22 12:33:26,2018-01-03 18:22:09,,2018-01-10 00:00:00
f0da18535563cff323fabde1c9316f85,5c5a396e9851e85e964c551d92286877,delivered,2017-05-19 00:02:29,2017-05-19 01:25:18,2017-05-24 12:52:23,2017-05-25 14:27:02,2017-06-01 00:00:00
4f26458e3155ac93aa479a6d3ab6f909,d4fd1b1267b39e94b38a282c2d80e7ae,delivered,2017-04-03 20:47:44,2017-04-04 05:45:26,2017-04-05 14:57:37,2017-04-10 15:05:05,2017-04-27 00:00:00
c36353bc20e464fa631292ac4a42bd17,f3ccedece830a5bc0302a88efc05a850,delivered,2018-07-04 14:33:26,2018-07-05 16:17:00,2018-07-06 10:57:00,2018-07-10 22:39:40,2018-07-24 00:00:00
646ae3eab219e3a2d2281f5ade632b74,569bf91b8565de6f03ab9a026869a451,delivered,2018-01-12 09:52:54,2018-01-12 10:32:22,2018-01-13 01:47:46,2018-01-20 16:06:48,2018-02-09 00:00:00
556a854645a80f5c86ec936469f6903a,83db8ac860d9ff037ff45c4aaf6c39b0,delivered,2018-03-27 14:58:24,2018-03-28 02:47:45,2018-04-03 21:32:21,2018-04-18 20:57:27,2018-04-13 00:00:00
23e0fed8d930901ffe66340570278bdb,c57fc7ed7ed1eb12e52d6079e8efe275,delivered,2018-05-05 16:12:59,2018-05-05 16:29:56,2018-05-07 14:17:00,2018-05-09 17:04:18,2018-05-18 00:00:00
1d6960313e1efe2dbdc3ce9efc796024,dfdbe8d0a6644129c9b415cade8ee0b8,delivered,2018-07-16 15:11:23,2018-07-18 04:35:15,2018-07-18 12:40:00,2018-08-03 14:03:20,2018-08-15 00:00:00
5b7c6dbea3e21dc6314451ed73907c0c,23ff88906d6e5bfbb904867f888b3658,delivered,2018-06-11 20:09:45,2018-06-12 04:57:28,2018-06-14 12:42:00,2018-06-20 22:38:32,2018-07-11 00:00:00
ede510a059fd07ccec20bff19a227fa3,4b346b47b84bd54b2fdac6fb7963f1d5,processing,2017-10-23 16:42:15,2017-10-25 02:08:13,,,2017-11-08 00:00:00
75ceee59b8189aba5543675b806600ae,e92cf12c7abcfda93511da666ac2240f,delivered,2017-07-02 19:49:55,2017-07-02 20:03:56,2017-07-04 16:03:58,2017-07-05 14:03:22,2017-07-14 00:00:00
5296911d4dc8bf3bc994de9534be9eb2,6d4f0e7d120684cae2d015f65ab2473a,delivered,2017-08-15 17:22:31,2017-08-15 17:55:19,2017-08-16 16:42:35,2017-08-30 18:40:13,2017-09-06 00:00:00
7a309e99001d2a284a1747c7cc4186bc,6c6e0770deb19fabc54d902741d13d76,delivered,2018-05-03 17:37:49,2018-05-04 11:33:18,2018-05-07 12:42:00,2018-05-08 22:58:38,2018-05-16 00:00:00
a68ec02f230006f4c1ed1fd0a64c23ca,f619b4330701af65eb83e1540d775550,delivered,2018-05-03 13:28:29,2018-05-03 13:52:40,2018-05-03 14:14:00,2018-05-11 18:03:11,2018-05-29 00:00:00
b87afc89cd215f60565ed29fd804b4c8,2a2bc4b0a26498448f7f6a887f048bb7,delivered,2017-07-02 15:05:31,2017-07-02 18:50:15,2017-07-05 14:53:15,2017-07-06 16:34:32,2017-07-14 00:00:00
3c0b67bd85f2dfc07ce29067544177e7,9885ce55720b7a76b140a5ed53480d74,delivered,2018-04-19 15:27:32,2018-04-19 15:49:03,2018-04-20 18:51:33,2018-04-27 19:19:31,2018-05-15 00:00:00
205d7052a6505124d200f6fea6b423bc,d020d4abe6475a8382f53d763fe24a65,delivered,2017-01-05 13:59:30,2017-01-07 03:44:23,2017-01-11 16:09:00,2017-01-17 17:52:31,2017-02-13 00:00:00
98095edd22a4a2d45b28419b5ea48668,5a03908d0ff8c424783d742736eeb41d,delivered,2017-06-05 16:59:45,2017-06-06 13:15:41,2017-06-08 09:55:42,2017-06-14 11:32:43,2017-06-30 00:00:00
ae290dfa003291158e45547b06ee3251,87070d66b7ab1f1f2f17c357a62d7ee4,delivered,2018-03-31 00:41:42,2018-04-03 05:27:56,2018-04-05 18:31:01,2018-04-17 01:20:43,2018-04-25 00:00:00
0cbfa7741e21d7a732157a50ad8381de,68fe5bc21c5a3ad828108dc360c41fc9,delivered,2018-05-15 19:07:02,2018-05-15 19:35:58,2018-05-16 14:49:00,2018-05-21 17:18:32,2018-06-04 00:00:00
6b0ac1bdea322c7060eea92feb9e9a6f,78d3ee0870e91f6ee67363695e0a705b,delivered,2018-06-28 14:29:37,2018-06-28 14:50:53,2018-06-29 14:15:00,2018-07-09 20:52:47,2018-08-01 00:00:00
01f99c97a2034ffb373556e8fdb5c7cf,3a9795ba3f6c5d04cbca83a5d29cfaf6,delivered,2018-05-08 10:50:38,2018-05-08 11:09:44,2018-05-09 14:51:00,2018-05-16 22:37:44,2018-05-24 00:00:00
edcf1e1eeb52381be9388c90152be52d,ce2172509c4149d65212484eb761bc37,delivered,2018-08-21 11:29:05,2018-08-21 11:50:47,2018-08-21 15:37:00,2018-08-24 13:06:25,2018-09-06 00:00:00
300a0fb67e14c56475f361381f629060,34a181fed533272fed37fddcd45625a3,delivered,2017-11-13 17:05:52,2017-11-14 17:30:30,2017-11-21 19:09:47,2017-11-27 14:37:43,2017-12-04 00:00:00
4dfd09fb6fb2f256416a206b44888d27,940425068929ff16971a8739200e6c9a,delivered,2017-12-04 09:50:34,2017-12-05 11:25:07,2017-12-11 20:18:07,2017-12-28 21:39:08,2017-12-29 00:00:00
a2bcbea8668a0d93334cf7f7fafe921d,1d07a5e66ea2c0bb74e2523526326ba3,unavailable,2018-02-12 15:38:41,2018-02-13 15:30:45,,,2018-03-06 00:00:00
f4784cc10b71c854627d55e0f3999ed0,69cf60bf94b939bbffdc94c48bc166ae,delivered,2018-04-01 17:53:49,2018-04-01 18:35:14,2018-04-09 16:15:35,2018-04-10 17:27:23,2018-04-12 00:00:00
5f28a9d35378818c5a8a1a56874c5a32,464374e2978f309e923b8abfd247e92e,delivered,2017-11-23 19:09:19,2017-11-23 19:19:47,2017-11-24 21:34:56,2017-11-26 16:11:54,2017-12-07 00:00:00
248f977b0cbdc09f2c33465578b76873,e3927d011a411c732fa0a9037ceb8737,delivered,2017-08-21 12:42:00,2017-08-22 13:06:57,2017-08-29 21:42:58,2017-09-06 20:56:59,2017-09-19 00:00:00
63c10abe3e4a1cfbeda3cdde88766893,4ba02b06cb8d9a5be5e34902fe02eb62,delivered,2017-08-13 12:46:42,2017-08-13 13:11:25,2017-08-15 21:12:37,2017-08-18 17:56:40,2017-09-05 00:00:00
a0f7769c320fd4c1900add6490eab094,74513f73285330d3a484736bdc3b3671,delivered,2018-05-31 15:39:15,2018-06-01 15:35:28,2018-07-04 06:38:00,2018-07-09 18:04:16,2018-07-25 00:00:00
b7abd082ee6dd79ee1e8b2eba07d86b3,6f112dd10f33826462a528bcede68046,delivered,2017-11-17 19:55:20,2017-11-17 20:56:06,2017-11-22 21:25:26,2017-11-24 21:08:50,2017-11-30 00:00:00
40db4f0f82bffb39d451e25160375df2,1dfd803a021e815503586aaeef4250d9,delivered,2017-09-19 19:26:07,2017-09-19 19:35:12,2017-09-20 18:03:29,2017-09-25 15:08:31,2017-10-05 00:00:00
38774303eed7ea4f45f31ba37969381d,18b22d597785579797e1526c9621beff,delivered,2018-03-31 20:27:56,2018-03-31 20:47:24,2018-04-03 00:18:51,2018-04-26 17:58:52,2018-04-18 00:00:00
b9d42d3c4b0b357f92488c43be786520,93fbfdd65e16d784938699b2af7f8b27,delivered,2018-07-13 07:02:01,2018-07-13 07:10:17,2018-07-24 19:07:00,2018-07-25 13:28:53,2018-07-31 00:00:00
f70334f7397fbe35445739c793099fe6,1ca068671d3f087b2981eaf452ff0bb9,delivered,2018-07-04 12:16:01,2018-07-05 16:40:46,2018-07-05 10:43:00,2018-07-10 21:38:35,2018-07-27 00:00:00
db2e05029f564b8953ddf3766e3b99f5,e392266c72da3c0c12da2d2bf0bdc386,delivered,2018-02-15 07:45:24,2018-02-16 07:50:44,2018-02-16 19:32:34,2018-03-23 21:19:00,2018-03-08 00:00:00
16288edc7382ecd4230909d0907fb939,84b1334ece1e0dba8a2ec7746f90bca7,delivered,2018-03-01 11:05:55,2018-03-01 11:29:15,2018-03-06 22:58:54,2018-03-14 01:14:40,2018-03-26 00:00:00
8d053738b817a245da596c4aac057923,d7be54516b09d327e904b5bcfbe0a79e,delivered,2017-02-11 12:25:50,2017-02-11 19:31:52,2017-02-16 14:36:07,2017-02-24 12:47:58,2017-03-24 00:00:00
6a905c93dd651967766fa3a1a7389361,15a47b3e6b010337746a401b0e67b618,delivered,2018-08-09 21:18:17,2018-08-09 21:30:18,2018-08-10 15:50:00,2018-08-14 16:38:32,2018-08-29 00:00:00
4992f0162a4e7f36cf293bdc49e42f5e,6b18da7374b00d0c01f17396b67f63d9,delivered,2018-02-08 20:28:56,2018-02-08 20:48:49,2018-02-14 18:39:03,2018-03-08 20:27:24,2018-03-12 00:00:00
bc23a8b8a743eb2f2b66eb86a77f8740,dcd3d418bc3f3a6b9617ef14ddbde12c,delivered,2017-09-07 19:38:45,2017-09-07 19:50:23,2017-09-08 18:57:23,2017-09-18 18:36:01,2017-10-03 00:00:00
a85429530fd3281381e34d128b357d91,71e5bce2e825f8bc773f6c355b6ef33a,delivered,2017-03-10 21:50:49,2017-03-10 21:50:49,2017-03-13 03:15:52,2017-04-05 02:23:43,2017-04-12 00:00:00
f41ef35b2b93249c5239c5df242e8b28,ac312444c1b3a645bf132fadfa1bede4,delivered,2018-05-09 16:59:45,2018-05-09 17:36:03,2018-05-11 18:17:00,2018-05-15 19:05:55,2018-05-21 00:00:00
6ffd704e6933899e26c59d4756c43b7e,9f44ff9e2950fc39c241aa6d30587200,delivered,2018-01-06 09:54:49,2018-01-06 10:07:11,2018-01-09 18:44:31,2018-01-10 15:03:28,2018-01-24 00:00:00
320fd6cfc4bead8197eca162b2f705ef,35ffa23fb1d2e7216a1ca7a8f2ed8ba1,delivered,2018-05-16 17:31:37,2018-05-16 17:58:05,2018-05-17 14:59:00,2018-05-22 15:58:50,2018-06-05 00:00:00
3b93a7bb88f4b1160dc579d15c706a2e,ddc14377d542cc888baf7ed3e4df1a77,delivered,2018-06-16 12:20:53,2018-06-16 12:40:12,2018-06-18 14:58:00,2018-06-25 14:51:49,2018-07-18 00:00:00
c634bb8a8e3ca4f7c67b8d92e7a0740c,3de4c8a03aa3ee782ac186c56c7bb4b1,delivered,2018-07-06 11:50:56,2018-07-06 12:41:00,2018-07-10 11:30:00,2018-07-13 19:44:33,2018-07-20 00:00:00
5364251a5919bf6a0aede30159704e83,cfb79c33a1566fcdd237c45cf383d5b8,delivered,2017-04-04 20:43:40,2017-04-04 20:55:19,2017-04-05 13:25:18,2017-04-17 10:47:57,2017-04-28 00:00:00
6fb94eba66b44dad1973e9109f89136d,6b741dd403f43757d73c55038fabbc77,delivered,2017-05-22 20:09:55,2017-05-22 20:22:52,2017-05-26 09:29:24,2017-05-31 11:37:01,2017-06-13 00:00:00
8bd234ce8ee3bfc5da0cf859cd80e414,9b5efc166095e901a6d0ba70bf0cb80a,delivered,2017-05-09 15:44:24,2017-05-09 15:55:15,2017-05-10 11:24:38,2017-05-16 09:14:34,2017-05-26 00:00:00
aec22e7fdce5eb4bb18379fa44aa0662,2d91d851c42c4baa050a2137d3b6dcce,delivered,2018-01-30 17:04:51,2018-01-31 16:51:21,2018-02-05 18:18:50,2018-02-19 18:17:18,2018-02-21 00:00:00
7b42f564d505ea0c0783bb273062ca8b,f40df781e8d1e5f46a4b19b347441b39,delivered,2017-11-14 09:02:08,2017-11-14 09:15:55,2017-11-16 14:32:53,2017-11-21 21:06:45,2017-12-19 00:00:00
5f580ea84de3f42cce60c69c8db9bdc6,a49d53ba51c7b50622b3b2ed6e5b9312,delivered,2017-12-12 19:13:05,2017-12-12 19:29:54,2017-12-13 23:52:49,2017-12-26 13:07:16,2018-01-08 00:00:00
60b90d12b2451a3a055c8b86ad3478e3,5df4376513ffb2740d5d4122d6d98992,delivered,2017-08-08 17:56:34,2017-08-08 18:05:18,2017-08-10 14:36:47,2017-08-28 18:56:42,2017-09-01 00:00:00
b636037a882bd588f102f9f3fc29b2ca,88206da384579aec06cbca25d61dfbf9,delivered,2018-07-20 19:54:16,2018-07-25 23:31:59,2018-07-24 14:40:00,2018-08-07 14:27:45,2018-08-09 00:00:00
4e176003290e383bf0252afedac983ea,bc27754b418ead128c0fd41cc14f81a2,delivered,2017-05-30 20:10:16,2017-06-01 04:15:25,2017-06-02 12:52:35,2017-06-14 16:06:00,2017-06-22 00:00:00
531e9bdcb32d997677a092e639fcca4c,cdb8ecb52c4bffb6c6300353e4c7467d,delivered,2017-06-22 22:35:34,2017-06-22 22:50:07,2017-06-23 10:27:46,2017-06-30 16:58:02,2017-07-14 00:00:00
0e48ca107de4291a6f7536b4f5cf512e,282fbce48e4d2077aad602dd125c9225,delivered,2018-05-15 10:39:41,2018-05-15 14:30:29,2018-05-15 15:55:00,2018-05-22 19:42:12,2018-06-12 00:00:00
3e68d0953d76c816cb9b580357cf65a1,dadf79040bc86eda46a4fb0dba778fd4,delivered,2018-08-07 20:29:36,2018-08-07 20:44:52,2018-08-10 12:25:00,2018-08-14 15:41:06,2018-08-10 00:00:00
fb454622174e0c8226d0959a17d45112,88de43651d3ee3675d2fb40245e0b157,delivered,2017-07-31 16:17:31,2017-08-02 02:55:18,2017-08-04 17:29:52,2017-08-10 18:32:43,2017-08-22 00:00:00
79e2f7d45aa63a71363003bd1e16f081,6ffa46811511c3d264c6a0069b27eb83,delivered,2017-12-12 19:47:15,2017-12-12 19:59:28,2017-12-14 20:26:46,2017-12-20 20:33:20,2018-01-09 00:00:00
633ab17bf4665666fdef150a01469e84,fcc823f0ae4f596e54cd461c145dfd5d,delivered,2018-06-02 13:53:43,2018-06-03 13:51:21,2018-06-04 14:17:00,2018-06-19 17:54:36,2018-07-17 00:00:00
3822b25e989ac059e7f232678b67a465,44b6addf8f0742048c4bd7a8797db51f,delivered,2018-07-24 08:01:33,2018-07-24 11:41:04,2018-07-25 12:06:00,2018-07-30 16:06:50,2018-08-10 00:00:00
34fa15662de2057126fbb0b0f1c1120f,d79f039ffbcb11e3ffe7410595788f03,delivered,2017-11-27 20:41:04,2017-11-27 20:59:33,2017-12-08 14:55:35,2017-12-15 00:34:10,2017-12-11 00:00:00
6ebd87c68b43c9ab7c98930b4492dd1b,99395f407106db1f579fc0f795dda55e,delivered,2018-06-26 23:09:41,2018-06-28 02:15:48,2018-06-28 08:01:00,2018-07-04 21:21:57,2018-07-19 00:00:00
f9d9fcf57feb770b0ea568f6a92bb2f2,127b82d6bde5446b1193941efd6d1200,delivered,2017-10-20 06:55:49,2017-10-20 07:07:16,2017-10-20 17:03:44,2017-10-25 21:15:05,2017-11-09 00:00:00
28cdc94ad78d265b499b509df02643b7,83302d09599dec41f0194aa83d1e7e0c,delivered,2017-11-18 13:59:47,2017-11-18 14:10:35,2017-11-22 22:24:32,2017-12-18 18:58:44,2017-12-12 00:00:00
dc90e3bb74a1bebc1091534ceb664313,1c9eecbc0afba71d4f1402106b1b36b2,delivered,2017-06-11 13:50:00,2017-06-12 13:10:53,2017-06-16 13:03:16,2017-06-27 16:42:50,2017-07-05 00:00:00
a75a84b2908ea544bff7d2e015fcedaa,8640e6b98222ae7c5f794b839de74a41,delivered,2018-06-07 14:32:48,2018-06-08 03:13:25,2018-06-08 12:03:00,2018-06-18 13:28:46,2018-07-13 00:00:00
8cab96495293d1bfed0c4f34ae7fb9e9,e18e455d09f8bdb9e3754303e9b37b85,delivered,2017-05-20 15:07:59,2017-05-20 15:32:12,2017-05-22 14:43:18,2017-05-23 10:16:59,2017-06-02 00:00:00
25bf4fc1a8e7ebf66f0c47dc36c00f77,628560346c01705122e0b4516e9bc588,delivered,2018-05-14 17:25:13,2018-05-15 03:56:04,2018-05-16 12:31:00,2018-05-23 22:51:51,2018-06-26 00:00:00
88367c23420c866abd6157288f3c7a0d,451efe6b44494639a089b5f2209bf88d,delivered,2018-06-03 09:31:00,2018-06-03 09:51:05,2018-06-05 07:06:00,2018-06-06 23:38:52,2018-06-28 00:00:00
4d387befd269a77ed5ebf7274fac2751,d6569f2077c6ca847fbab125d0d47837,shipped,2017-03-05 18:25:38,2017-03-05 18:35:16,2017-03-22 05:32:16,,2017-04-10 00:00:00
eb1fef50749c960bb52e6b27761970fa,4862627bc39ae472300a5da8a548af82,delivered,2018-07-19 11:43:02,2018-07-21 03:15:24,2018-07-23 11:45:00,2018-07-24 18:28:37,2018-07-27 00:00:00
6e50c3286b2f4fef7e6adc496afd5b70,5a64af38f58acc23a5240a7ae411eb03,delivered,2017-11-23 17:39:46,2017-11-23 18:24:59,2017-11-27 12:28:41,2017-12-19 17:26:43,2017-12-19 00:00:00
d59cc61c2dae8aad29577564430a4e6b,e48fe5d0e0da16a99b9ed1e40ddeac72,delivered,2018-01-19 11:16:31,2018-01-19 11:36:13,2018-01-19 21:11:32,2018-01-31 22:48:57,2018-02-19 00:00:00
bc98cb8e1e7301ff6ae37a80c1bb020f,46b1f2eb370aa6d44b1c39e748eb0510,delivered,2018-04-14 16:56:29,2018-04-16 08:51:20,2018-04-16 22:03:32,2018-04-20 23:57:30,2018-05-09 00:00:00
1aeb7327979c2a19b8f80b9df367d99f,14dc25a6ed75c0301955b530e15e1b91,delivered,2017-11-24 20:22:09,2017-11-24 23:32:45,2017-11-27 18:39:21,2017-12-21 21:23:36,2017-12-18 00:00:00
6508933c739b7b3666a99f91541f3246,b88234e097f4a1587861e51d3288f500,delivered,2018-01-30 09:57:20,2018-01-30 10:14:48,2018-02-02 06:28:43,2018-02-05 13:38:33,2018-02-26 00:00:00
11fc45612392482891635d05c69756ba,1baf4b4d0360f77e66818f48b3f095d6,delivered,2018-04-02 10:43:49,2018-04-02 10:55:24,2018-04-04 11:52:45,2018-04-10 11:32:50,2018-05-02 00:00:00
645f607d5609144dd5eb78fe1c5a22d4,c7ef249622117e641738a76505595318,delivered,2018-03-23 20:17:59,2018-03-27 03:49:52,2018-03-29 22:19:32,2018-04-24 15:42:37,2018-05-10 00:00:00
80eae376fddb50c28eb0e4857691de4f,02035a6c43039fa299e0492df023bad2,delivered,2018-08-07 09:31:09,2018-08-07 09:45:14,2018-08-13 15:27:00,2018-08-15 20:43:38,2018-08-10 00:00:00
868d2668d3bff66258de12631b298034,5aca54e53eab097bf761383641913a4c,delivered,2017-09-25 17:07:00,2017-09-27 03:07:20,2017-09-28 17:26:10,2017-10-05 21:29:02,2017-10-17 00:00:00
f814e911eb0f9834305ddacbaa7e83e8,68556e69464bac3ce95fc3110467f914,delivered,2018-08-17 14:22:37,2018-08-18 13:49:51,2018-08-22 16:20:00,2018-08-29 21:24:27,2018-09-17 00:00:00
ece8853f47b1069c213415c8b64ad6b3,e00efa08727aeec3f33c4c59e8cd6633,delivered,2017-11-18 14:27:34,2017-11-18 14:35:27,2017-11-20 17:57:15,2017-11-25 12:12:19,2017-12-12 00:00:00
3f9e443363932c59458a52c1ffd3655d,5eae7515c696eddaad72b5f9983963c1,delivered,2017-05-28 13:09:33,2017-05-29 13:10:20,2017-06-01 07:25:56,2017-06-08 11:47:00,2017-06-23 00:00:00
7ba66cc7f94f613ad60852e42e42e7e7,f96605120e03b2562298bbd2495d85f8,delivered,2017-10-08 22:08:28,2017-10-08 22:25:46,2017-10-10 19:03:59,2017-10-20 19:55:27,2017-11-07 00:00:00
8717b95453a85a457f3f3cbe1aaa118a,eabddc7ba2dc071e70f20c9022a79ece,delivered,2018-08-10 22:21:38,2018-08-10 22:35:15,2018-08-13 15:27:00,2018-08-17 16:13:27,2018-08-27 00:00:00
96a37e69d0e47674bb4214448cf76dc8,4fd779435ce96ecf52189efb9ee329de,delivered,2017-09-01 13:44:38,2017-09-01 13:55:14,2017-09-12 02:15:52,2017-09-13 14:28:01,2017-09-20 00:00:00
a2b2d6d1919f4f35f47c42de3f62a1fc,26bc7a790e0b09e634990bd957f09ef4,delivered,2018-07-14 11:40:54,2018-07-14 11:55:18,2018-07-23 15:08:00,2018-07-30 20:19:34,2018-08-10 00:00:00
a15a0b2ddcff917321e721b84d7217cd,d49d050b968aa2bfef80ee4a2906ab8e,delivered,2017-07-14 09:30:29,2017-07-14 09:43:52,2017-07-14 18:29:50,2017-07-27 18:03:09,2017-08-07 00:00:00
5b023700ca22594b76150412fb31d733,4f85689223f7451e3754e857750c6847,delivered,2018-04-16 07:25:38,2018-04-17 05:55:42,2018-04-17 19:19:12,2018-04-27 18:32:02,2018-05-03 00:00:00
dcd8ae10d3d29ae2ef27cbe41848380b,37249a38bb2565aabae11a5b88e409d5,delivered,2018-03-22 13:37:34,2018-03-22 13:55:34,2018-03-23 00:53:48,2018-03-23 19:23:03,2018-04-04 00:00:00
6368f15cde8b7283ce52067367693a98,632716214ea050e8e513962866f8ed80,delivered,2017-12-21 11:44:58,2017-12-22 02:38:48,2017-12-22 19:30:05,2017-12-27 18:58:30,2018-01-11 00:00:00
9f1d5df23613cd18005adb56a0a67feb,1f1be5326b8d55ed94640290e0edfbfd,delivered,2018-07-16 12:49:47,2018-07-16 13:05:09,2018-07-19 10:49:00,2018-07-20 18:16:26,2018-07-26 00:00:00
006127b8b9a1681a982313ed7129c3c0,1aac2b5adf8aec2c00fe67d06aa8ebc2,delivered,2018-03-08 16:01:59,2018-03-09 02:31:25,2018-03-13 03:42:06,2018-03-20 22:27:30,2018-03-26 00:00:00
c7896e235d6efc7e0ea52d3c5abe5cec,b3f2d599683d9da3ec5a09d1fd39ee4c,delivered,2018-01-02 10:45:15,2018-01-02 10:55:20,2018-01-03 16:45:07,2018-01-11 17:08:24,2018-01-26 00:00:00
32e34fe202c1776f1f6670feb9a28a73,96dfc016637a147605872f99cdca9f4f,canceled,2017-08-05 16:11:14,2017-08-05 16:25:16,,,2017-08-18 00:00:00
2221e081ca8adbc501639130055176ca,afe64a53e1a348ec5dfc7c97af12816e,delivered,2018-05-23 16:44:33,2018-05-23 16:57:01,2018-05-24 14:10:00,2018-05-28 20:46:38,2018-06-11 00:00:00
60968a386889fb91ca9c02b4f2eaa9bc,469848a22e35982f0568b2eb9fb208f2,delivered,2018-08-05 19:33:52,2018-08-07 04:30:30,2018-08-08 17:15:00,2018-08-22 11:41:30,2018-08-22 00:00:00
8031adfac87d3fb5ff7b41a0342aae74,5b9343b3c967f742d950e5b74e1f4ab6,delivered,2017-09-06 20:20:25,2017-09-06 20:35:13,2017-09-08 14:32:37,2017-10-09 20:59:47,2017-09-29 00:00:00
a5b59e1722f00778c620013cf7ef958f,1fc2eac68aca255a26d5d03894ddc6f9,delivered,2018-01-26 23:08:56,2018-01-26 23:31:35,2018-02-01 00:18:45,2018-02-16 17:48:42,2018-03-02 00:00:00
ee7f4e0a5223e51719a98941129bbc24,fd8c1c13c5a8e810e542362ffe896cb0,delivered,2017-02-09 14:18:34,2017-02-09 14:30:15,2017-02-10 14:29:02,2017-02-14 08:44:35,2017-03-22 00:00:00
bf9d705db9fe15b5bd6a0a35c3e3365f,cd7fc3b7e625b3b0492197326b461c4c,delivered,2017-01-11 19:21:04,2017-01-11 19:35:14,2017-01-13 14:25:01,2017-01-20 21:11:43,2017-02-17 00:00:00
0a5862d87bffd3cfdc0615c7aafcf408,4138cbe661da10a8a2428754495ab8fb,delivered,2017-11-04 10:28:59,2017-11-04 10:45:22,2017-11-09 15:38:39,2017-11-21 20:28:45,2017-11-28 00:00:00
5d4e56918ccde2aa7e18e48d3042fc6d,c9bb3eded2d82109dd047788d425e3d9,delivered,2017-08-14 21:48:47,2017-08-14 22:50:14,2017-08-16 20:49:51,2017-08-22 16:00:37,2017-09-01 00:00:00
151137bf7ab537c1a2da6bba1368d87d,8678ce9bb3f23410f28b6caa0813528a,delivered,2017-09-05 13:52:21,2017-09-05 14:05:17,2017-09-11 18:11:49,2017-09-18 18:59:39,2017-10-03 00:00:00
f2b3722d411fc47e5ead1fecbfe6c1c1,27e870080e742c5d8822fa6790b4de9e,delivered,2018-03-13 21:41:16,2018-03-13 21:50:36,2018-03-14 16:50:01,2018-03-16 18:05:11,2018-03-23 00:00:00
4ac657f0949f8f58a10b48c192df0b4e,92504252be756b023437fbe7e6db9463,delivered,2018-07-05 13:15:27,2018-07-05 16:09:18,2018-07-05 14:48:00,2018-07-07 11:08:33,2018-07-18 00:00:00
aa39e753399d95834f9d16ac80fc60e3,76c5e2e161873de2942ed5f0f9539986,delivered,2018-01-21 09:13:44,2018-01-22 13:45:34,2018-01-24 18:48:44,2018-02-23 20:43:21,2018-03-07 00:00:00
0909121693cdb66d170b212e65c2bf59,cd1437f95cf93146c0fdacd572480dd1,delivered,2018-06-26 15:35:11,2018-06-26 17:18:20,2018-06-27 07:56:00,2018-07-23 18:18:47,2018-07-26 00:00:00
1ac9d38dde347ffac03bdb653003682b,667cece2c46332f911cf581ff412cdf5,delivered,2017-11-13 16:27:21,2017-11-14 04:16:11,2017-11-16 13:51:56,2017-11-24 01:43:47,2017-12-06 00:00:00
aa1b889390528c108e089b5653303727,47f65598c29fdf5ff7560cf8a532b07b,delivered,2017-05-04 18:36:49,2017-05-05 14:35:19,2017-05-10 10:04:36,2017-05-11 15:11:44,2017-05-26 00:00:00
9ed5fb43923ff520458d675521c4f9a7,184ef3f8d7677a1d6d43c8478637229e,delivered,2017-07-24 10:55:51,2017-07-24 11:10:11,2017-07-26 11:28:03,2017-08-07 08:06:02,2017-08-25 00:00:00
054042ab7dc07121b53acdbe6837a3ce,76717af7e94ef8aab18364647e9ea892,delivered,2018-01-25 17:44:07,2018-01-25 17:55:28,2018-01-26 18:47:34,2018-02-15 19:43:02,2018-02-22 00:00:00
e8c74b2f4746d1c6048aa585a61c87ec,4f31e27037f93a14ee32b11bacf4b36b,delivered,2018-04-21 11:13:48,2018-04-24 19:17:11,2018-04-25 15:00:00,2018-05-04 12:24:38,2018-05-18 00:00:00
395363317a9cc3945212a000edf960d3,dc5cdaee8fb928470e237d86e3a75459,delivered,2018-02-21 20:49:41,2018-02-23 02:31:07,2018-02-26 15:33:37,2018-03-21 00:17:35,2018-03-21 00:00:00
ec95bda03fcd25491f6e0142ef318ee8,e1f665b9a62b55d9bfc07edf2bbfc9c2,delivered,2017-02-12 18:46:20,2017-02-12 19:02:51,2017-02-13 09:50:59,2017-02-22 10:13:40,2017-03-24 00:00:00
b66fd6a341d01f4aa177f68794414e6a,5d0c7555246fa35873886d3d0ffb4ad0,delivered,2017-04-25 17:54:07,2017-04-25 18:05:26,2017-04-27 11:58:29,2017-05-09 08:47:04,2017-05-18 00:00:00
143f8e1be12f4d99301cec6f0d7a3834,c084c36f269f29c66bb61f3ac37303e8,delivered,2017-01-24 16:58:46,2017-01-24 17:10:21,2017-01-26 05:41:52,2017-02-01 11:59:07,2017-02-17 00:00:00
96232025cb67bf9cece00d90f9d225e8,5ebb2807da8cd7913d493913c67e7e27,delivered,2018-04-18 00:51:50,2018-04-18 01:11:39,2018-04-18 19:58:44,2018-04-19 11:48:47,2018-04-30 00:00:00
0c04a8d0583f8011fd121211aac94d05,6a3593ddb3fa10742d7f50578eb6820a,delivered,2018-05-10 12:49:00,2018-05-10 13:11:57,2018-05-11 12:25:00,2018-05-18 19:06:54,2018-06-01 00:00:00
5bcc0d98a5287486bbe51150e6ed90f9,8e8b8bdab69c0b848ed680d4f60b9760,delivered,2017-10-24 19:37:30,2017-10-24 19:49:38,2017-10-25 18:27:25,2017-11-01 20:32:37,2017-11-10 00:00:00
0a7f55f1119615e9adba581bc94ee02c,344a27b3c9562cf236082962d1767630,delivered,2018-06-25 20:26:10,2018-06-25 20:35:20,2018-06-27 06:23:00,2018-07-04 21:06:48,2018-07-19 00:00:00
6129370214b115f45a7b9b13e33c83d9,e6e579b8f68f697b058dc326d10acef2,delivered,2017-10-01 10:55:25,2017-10-03 04:05:02,2017-10-04 02:10:05,2017-10-14 00:32:48,2017-10-27 00:00:00
a47d207ca025212d0615efa2862fc3e7,f0ccc3d671b3cf44387e66dd1253005b,delivered,2017-08-01 20:05:26,2017-08-02 02:33:53,2017-08-08 18:12:06,2017-08-11 16:52:24,2017-08-21 00:00:00
fd4db108a62ede2be6aa8ef940b04fee,9e7d7aac45876ccdebb580ef0854d5d2,delivered,2018-03-07 20:10:55,2018-03-07 20:29:33,2018-03-09 18:22:49,2018-06-01 17:02:26,2018-04-02 00:00:00
3d02ffd53fae296eda2c7d777ab2f4ab,a680fe6d7d39da354273aefb119308c8,delivered,2018-04-02 15:28:24,2018-04-02 15:49:05,2018-04-05 15:28:52,2018-04-13 16:32:18,2018-04-19 00:00:00
f0f9153be6d430178e9a23d78d3c1261,7a23911b99a042af8ad1497dff94528f,delivered,2018-03-24 14:30:14,2018-03-24 14:48:18,2018-03-27 17:09:43,2018-04-26 21:42:37,2018-04-25 00:00:00
26311ba8158c3b1527c7f5f6d782be41,fd1e8f741dddd37b475e9737d0b01c6e,delivered,2017-04-29 16:48:19,2017-04-29 17:02:38,2017-05-03 14:47:31,2017-05-16 11:27:36,2017-05-25 00:00:00
6c42561edb555b388b19e7bd2abb27b5,d534c62a535a062f55d22085540573c9,delivered,2018-02-27 15:41:31,2018-03-01 02:50:43,2018-03-08 21:27:23,2018-03-28 17:48:31,2018-03-19 00:00:00
702c1e398b49275935f9d3a6e344083d,fa2699be5f49cf1be7e66acaeb2a64bc,delivered,2018-04-28 11:26:41,2018-04-28 11:50:27,2018-04-30 15:37:00,2018-05-04 13:58:37,2018-05-23 00:00:00
730829b3aeb0e111d1d9bcb2b04c3179,bbb9cd869774a135413dc0aa80e698d6,delivered,2017-08-21 07:17:42,2017-08-21 07:30:12,2017-08-21 20:24:02,2017-08-22 20:22:21,2017-09-06 00:00:00
d4720dbbca128b0bf8d6c03b640445cf,b75b00b1545eac25a3eb6831a1cefdac,delivered,2017-09-27 22:10:10,2017-09-27 22:24:23,2017-09-29 17:11:38,2017-10-11 23:42:48,2017-10-17 00:00:00
e670e635e13b902d8de6bdb5026d9a88,bd1f394952ce93642d6134297a23a4f2,delivered,2017-08-23 12:58:09,2017-08-25 02:50:20,2017-08-28 18:04:13,2017-09-06 23:11:56,2017-09-19 00:00:00
e16650a3a92e18a06ea6653a3144fbbe,63fad851f1baab6ad6bf74a8b59f5521,delivered,2017-07-04 20:34:10,2017-07-05 17:39:26,2017-07-06 14:24:16,2017-07-21 19:12:42,2017-08-07 00:00:00
98a613c82d389a76b358d963e0390e33,5f7a7855218d7c079e31edb235f11638,delivered,2017-10-18 23:24:05,2017-10-19 00:36:12,2017-10-19 19:26:33,2017-11-01 20:32:09,2017-11-09 00:00:00
f6283491927c2351151a06cf8c22f7d5,bc731f33215a6ba7fd9ec9f2d984f132,delivered,2017-06-28 18:16:49,2017-06-29 18:25:09,2017-07-04 11:37:51,2017-07-20 19:23:45,2017-08-03 00:00:00
60cb9171ec9aac65b572bf0486ff8751,6cc8599cf241b69a70553bb37f460591,delivered,2017-03-29 10:16:46,2017-03-29 10:35:13,2017-04-01 07:46:54,2017-04-05 17:17:48,2017-05-03 00:00:00
ef1b29b591d31d57c0d7337460dd83c9,dc607dc98d6a11d5d04d9f2a70aa6c34,delivered,2016-10-03 22:51:30,2016-10-04 10:28:19,2016-10-21 14:23:36,2016-11-01 15:14:45,2016-11-25 00:00:00
1a109ace7bc73c15e6ef45d6d4423dbd,7be6507bba601fe8224a25ec56e81844,delivered,2018-08-15 11:44:35,2018-08-15 11:55:20,2018-08-20 12:28:00,2018-08-29 13:10:54,2018-09-06 00:00:00
12218ebbacef18ed517a437b562c7d7d,d811129fc9b1b47d31159cd43308804c,delivered,2018-05-11 22:47:30,2018-05-11 23:11:10,2018-05-14 09:05:00,2018-05-15 14:21:44,2018-05-23 00:00:00
b974b0392e8168e425f77abccf5563a4,d3245ddd01f51c50c6893b37b7146778,delivered,2017-11-07 02:02:03,2017-11-07 06:31:19,2017-11-09 19:44:43,2017-11-13 23:47:32,2017-11-21 00:00:00
c3197d78e42b450c28ecee747e96c807,b8cfb3955dc7967625be1f2b0f0db7a3,delivered,2017-12-09 10:01:50,2017-12-09 12:37:19,2017-12-12 21:18:55,2017-12-23 15:19:15,2018-01-05 00:00:00
7ecb6c38b166531663fdecce49dc1a6f,288f90dc3b55afaff2904553fa5cbfe0,unavailable,2017-12-29 00:18:54,2017-12-30 00:11:18,,,2018-01-26 00:00:00
804303525c8434fad9da099a84b1910b,d2031bf9cdd84daf07a2f29a688a4158,delivered,2018-04-12 21:56:58,2018-04-12 22:11:04,2018-04-13 22:03:45,2018-04-20 20:58:45,2018-05-02 00:00:00
bc2bdb398f6c17b554ffcd37aa1c1e03,5b611a9b2bc9a0024d6de14faebf0363,delivered,2018-07-05 12:06:28,2018-07-06 05:10:45,2018-07-10 19:04:00,2018-07-12 20:41:54,2018-07-19 00:00:00
45b0a3cd00a2eb44c271fdacffc8d859,518d97172e34c1aa7f4fcbee678c8b5c,delivered,2018-02-12 14:22:32,2018-02-16 07:55:49,2018-02-19 23:38:45,2018-02-28 17:14:19,2018-03-21 00:00:00
bc328531838a1584761dc22dcfb54c2c,2a00d5bce6c51c6e083f7265bace9f13,delivered,2017-10-31 17:50:19,2017-11-01 03:35:14,2017-11-01 21:33:14,2017-11-08 21:26:56,2017-11-17 00:00:00
688e8c4e44449eb1a6733ff458e9e70e,d1255e64f807485b092bec0fd3319618,delivered,2017-02-13 16:46:17,2017-02-13 17:03:33,2017-02-15 09:28:44,2017-02-22 15:35:14,2017-04-12 00:00:00
5640d8d8b0a6c23956f12c8dedfef8e3,56afdae0aca2a146c5c139fd1fbf0a63,delivered,2018-08-02 18:50:46,2018-08-03 04:35:21,2018-08-07 12:37:00,2018-08-13 18:17:43,2018-08-10 00:00:00
0ef9e877644c6bc7049bbd78f6e2846b,701ae35bbfaccb518776269872fc98a3,delivered,2018-05-07 16:47:40,2018-05-07 17:56:50,2018-05-09 13:58:00,2018-05-24 19:23:40,2018-05-29 00:00:00
26d9b71852ece528577a85aa2e70a10f,fedb7f806e8f65e7ee6fa83d24cfc49c,delivered,2018-02-27 10:25:59,2018-02-27 10:35:36,2018-02-28 23:41:53,2018-03-16 23:18:49,2018-03-27 00:00:00
681448fe6536db81da33377d7a5d88d5,bdadcbb5c869312e9ae5bb35e787fee0,delivered,2018-01-24 09:37:27,2018-01-24 09:51:41,2018-01-26 18:37:05,2018-02-01 17:53:52,2018-03-08 00:00:00
8ca5bdac5ebe8f2d6fc9171d5ebc906a,155716e7d7dbee88852ff931b86889aa,delivered,2018-03-18 22:58:56,2018-03-19 22:55:28,2018-03-20 17:22:02,2018-03-23 15:14:45,2018-04-05 00:00:00
798311fa3620844fda6b22131873887a,8b07314ca3f3eccb9fc9cb7a08aa4b55,delivered,2018-04-29 21:47:42,2018-04-29 21:55:14,2018-04-30 12:57:00,2018-05-08 16:21:05,2018-05-24 00:00:00
af61c5af747aeb578b7e5a08250ed6f2,bb4cb76c45ed66b0726bc78368940396,delivered,2018-02-27 07:38:47,2018-02-27 07:50:23,2018-02-28 22:33:54,2018-03-05 15:05:01,2018-03-29 00:00:00
9c2e92a11614b3b94ef257a4eb8540d7,158af3ad0742719d373724b762396918,unavailable,2017-11-18 18:41:53,2017-11-18 18:55:27,,,2017-12-14 00:00:00
9262aac73cb6b5fc9e1470cc0caeebfd,2d50520f5c984053e638bd4d68c9b878,delivered,2018-03-13 15:44:44,2018-03-14 02:50:58,2018-03-19 22:18:26,2018-05-08 13:45:44,2018-04-19 00:00:00
e0d9fab53226e95f004cdbd712a4b06d,2469cf22e7ce32bfe501b0e3860e2a10,delivered,2017-02-18 15:30:49,2017-02-18 15:45:15,2017-02-20 15:22:06,2017-03-06 19:17:58,2017-03-23 00:00:00
8ab73774d1bf1ccd52e66b86ccb40ea1,f0bbbd92655a3b87693c7521baf03840,delivered,2017-11-24 19:57:53,2017-11-24 23:13:35,2017-11-29 00:56:51,2017-12-07 18:58:40,2017-12-22 00:00:00
d10d073e94c144befb776edab73b84b8,c660b4750bea299993849b1b8d388687,delivered,2017-06-07 15:29:14,2017-06-07 15:42:23,2017-06-08 13:06:22,2017-06-09 14:27:42,2017-06-29 00:00:00
50c0b3061124f52038988f4f6a41dc79,a222bb224f80be905c63736bbd20c315,delivered,2018-05-16 17:09:56,2018-05-16 17:37:59,2018-05-18 11:16:00,2018-05-21 13:38:19,2018-06-04 00:00:00
49cafbbff42233d698ba0e203810e394,d5212be925407010fcefbbe4b7087929,delivered,2017-03-09 10:32:31,2017-03-09 10:32:31,2017-03-09 13:22:02,2017-03-14 10:23:57,2017-03-30 00:00:00
509e2c6ade7330dedf7417cbe8c5378b,a14e8243c3bb40f2a84fb58295c8c05e,delivered,2017-06-18 23:14:46,2017-06-18 23:30:11,2017-06-19 21:15:14,2017-06-21 17:57:22,2017-07-05 00:00:00
7a06f1e596e63eac60cd9f3085ea501f,2bb3f48aadf30f93a0dd64c50048e789,delivered,2018-02-19 18:01:21,2018-02-19 19:27:03,2018-02-20 23:48:24,2018-02-27 17:58:54,2018-03-09 00:00:00
562693a5d62dbe4b8b988a728efdf02e,a148e7991079af57b382db2592b7b16b,delivered,2018-05-01 10:48:16,2018-05-03 03:53:15,2018-05-09 15:48:00,2018-05-17 20:07:26,2018-05-25 00:00:00
5026ddae0cd10e29c5d2f0f37f2fe917,585a173e6339ccb640d466db50b28325,delivered,2018-06-07 14:44:23,2018-06-07 15:01:06,2018-06-07 15:42:00,2018-06-22 19:08:57,2018-06-29 00:00:00
5cc05e57c52bebf2882278793ed1ba3a,d0e8e7106624eeb3d3ac7c7ca89ef136,delivered,2018-05-24 21:07:35,2018-05-26 02:18:24,2018-05-28 14:01:00,2018-06-06 16:05:21,2018-06-21 00:00:00
ebdb4fd632b60b7a8956b367c15692a0,32f4a965c6bdc83352b503354695ad9d,delivered,2017-04-17 10:50:15,2017-04-17 11:02:13,2017-04-18 15:44:24,2017-04-29 07:03:40,2017-05-11 00:00:00
e3968a0c251516530db38b5cc66111d7,452f6eb6e66d0232d1e44b98f09e8a62,delivered,2017-06-10 00:37:41,2017-06-10 01:22:42,2017-06-12 09:14:38,2017-06-23 10:22:22,2017-07-13 00:00:00
949c80f001e60528e8bc8c30b312ac5c,d27e0eb44e14b91d3c5912734571b1c6,delivered,2017-07-10 16:09:38,2017-07-10 16:24:09,2017-07-13 18:48:43,2017-07-17 18:10:24,2017-08-01 00:00:00
46b39d2dce11278e24c0f17526d0f21c,658480d2a0e358f9e6961b670102f640,delivered,2017-09-04 19:06:29,2017-09-04 19:24:04,2017-09-11 18:40:50,2017-09-14 15:57:42,2017-09-22 00:00:00
007bbb40c95870c0f75a7855f2636c65,72a46280034e63cc3703b1f969f65733,delivered,2018-04-24 10:37:50,2018-04-24 18:33:50,2018-04-25 15:40:00,2018-04-26 18:38:54,2018-05-07 00:00:00
4affd1928d3900a415e9886a179d5124,fd2ae8c714a773f85ef1b53fbebeda1f,delivered,2018-04-13 16:01:34,2018-04-17 05:50:20,2018-04-24 00:16:31,2018-04-30 12:27:48,2018-05-23 00:00:00
cd553d196341933ae98c30c57be9f7e6,5a22c3eebf3e71c7ac682d3bc9152395,delivered,2017-09-16 13:16:16,2017-09-16 13:30:07,2017-09-19 14:15:38,2017-09-21 19:27:44,2017-10-04 00:00:00
eb7ff80dafc8d0ed8bcba5b21aef9da7,524d40cf543096d912f74f5e21cf3e1b,delivered,2017-12-13 19:58:00,2017-12-13 20:06:47,2017-12-18 12:06:44,2018-01-04 20:10:43,2018-01-10 00:00:00
e9e56ab7d8e993bda2988ed430524126,e897805b8661b837d4f0ec8dc77106f2,unavailable,2017-03-05 19:52:00,2017-03-05 20:05:18,,,2017-04-04 00:00:00
64dc36f7ade2dd689c9d38c055a3bd90,a21d6012aaac55e66b7a3bfef0d0fe47,delivered,2017-06-24 20:19:23,2017-06-24 20:30:12,2017-06-26 13:28:39,2017-07-03 14:47:37,2017-07-18 00:00:00
8b20b8fa86dbb367ce6a9df9bd102f03,3fffe84b3380a52f26b87f0a3c14c08c,delivered,2018-05-15 15:09:39,2018-05-15 15:35:02,2018-05-16 14:49:00,2018-05-21 16:42:33,2018-06-06 00:00:00
89a5ef83a41559d5c8d248e28b57b193,ab404258ad36d371346b5fd3942490cb,delivered,2017-08-25 14:59:20,2017-08-26 02:15:09,2017-08-28 18:03:47,2017-09-05 19:24:02,2017-09-19 00:00:00
0e659173ebf2a1d39e076be9bd0b2872,9333fb1c5675b69afe49a9cf6b91defe,delivered,2017-02-01 08:42:43,2017-02-01 08:55:19,2017-02-03 08:17:54,2017-02-07 16:51:49,2017-03-20 00:00:00
94bc8ddcff97b273c27ce96992e0425d,dd606722b1d47306f006d765d17501ae,delivered,2017-03-10 09:50:27,2017-03-10 09:50:27,2017-03-17 14:16:09,2017-03-31 14:05:31,2017-03-31 00:00:00
32b65057542330adb6513a62849221be,8ec1b67247c93d68d97c6e7452a34517,delivered,2017-07-18 17:02:49,2017-07-19 17:24:50,2017-07-20 16:16:56,2017-07-31 20:51:36,2017-08-22 00:00:00
bd9f09d40404c0c0ede7616a04051f66,ae32e12ca40da10ce616e0fc19329173,delivered,2017-11-27 01:59:49,2017-11-27 02:15:22,2017-12-01 22:07:08,2017-12-21 22:14:21,2017-12-28 00:00:00
d509aa49d39dc58a013b6e4a7d258648,ab50b4488453af2a860d8457574b1f21,delivered,2018-01-18 10:55:46,2018-01-18 11:11:15,2018-01-19 22:28:41,2018-02-05 23:04:02,2018-02-19 00:00:00
afed4d2938154fa926667651aa232e9e,9bbd165a1b2443025f44284e749d890b,delivered,2018-01-08 17:56:10,2018-01-09 07:17:41,2018-01-10 17:20:08,2018-01-22 15:11:10,2018-01-26 00:00:00
aac567189889ebd3f40e46a0f8a5a63c,b5d25eb3292eb12a072039a8803e68b7,delivered,2018-03-20 10:17:27,2018-03-20 10:28:16,2018-03-22 21:51:34,2018-03-29 21:58:41,2018-04-17 00:00:00
c6c4968384d962710e1d7064f6a2d8fc,3c72e14202808c9c147aeccaa0ce63f0,delivered,2018-01-16 13:14:38,2018-01-17 03:36:45,2018-01-17 21:58:07,2018-01-26 17:44:19,2018-02-06 00:00:00
a859e7f761d60eec7984cab567f9e80d,6961cd49ead818e552201bfeae4db742,delivered,2018-06-14 17:59:18,2018-06-14 18:18:44,2018-06-18 17:00:00,2018-06-20 20:42:10,2018-06-28 00:00:00
4f21594649a0235ad65ded11ba7c8ea7,6a78c7286417b74603c44bb8562c9f15,processing,2017-04-03 22:08:47,2017-04-05 02:45:41,,,2017-05-09 00:00:00
46db25fef4b8fb1f438f15f38808bde5,6ad1149ee2519543872d4e67f07c2e11,delivered,2017-04-04 14:37:27,2017-04-04 14:50:30,2017-04-05 13:53:06,2017-04-10 14:46:13,2017-04-27 00:00:00
fe98bde348882015e26b7660d5db70f6,22e9b06384774854fe0716250ee2ebee,delivered,2018-08-07 22:46:23,2018-08-07 23:05:12,2018-08-08 08:53:00,2018-08-15 19:32:48,2018-08-21 00:00:00
6d05cdd0e6f91b65f6b328634ddc86b6,526a51435597c0e82910edc4e055d05e,delivered,2018-03-30 19:54:45,2018-03-30 20:10:12,2018-04-04 01:52:38,2018-04-11 20:41:49,2018-04-24 00:00:00
99f1f94626984c186485ce94d7ebe634,1f6aa820a7b2ecdaaaceaa9e4f353aaf,delivered,2017-02-12 21:50:45,2017-02-14 03:55:10,2017-02-17 15:18:34,2017-02-23 16:22:33,2017-03-14 00:00:00
3f7aea4e3cecef996bd62713fbf8712b,03265354a307d917a63a8f486ac4f277,delivered,2018-02-03 13:38:35,2018-02-03 13:49:41,2018-02-05 22:17:02,2018-02-14 22:06:44,2018-03-06 00:00:00
de09bc4ff6a9de96b6895cd565f80e69,864ac617f28e226558e823780f171c9f,delivered,2017-03-11 19:23:25,2017-03-11 19:23:25,2017-03-20 08:03:53,2017-04-17 14:17:52,2017-04-11 00:00:00
f6a40045364c9ef1f9405ef1d094c389,73522d9ec5b4e4b71550fc64f77cfa27,delivered,2018-01-06 09:45:08,2018-01-09 07:21:05,2018-01-10 18:09:36,2018-01-13 02:22:39,2018-01-31 00:00:00
6faf343915ba58482055ea7f62e192d9,25bf4bb4d77019e2eadc14ac245225e2,delivered,2018-03-24 17:26:26,2018-03-25 17:27:40,2018-03-27 15:15:01,2018-03-31 16:38:25,2018-04-12 00:00:00
fc7751d45cde74709da50019543e755e,a3a1aad42cd8cf0be115ba5dd3b49db5,delivered,2017-04-28 20:13:41,2017-04-28 20:25:12,2017-05-02 14:43:28,2017-05-23 15:39:32,2017-06-08 00:00:00
3e129ebe73e35b1d1f7de69fee38dde8,200e21989c5aaa585ac362e8a26448d5,delivered,2017-04-18 16:34:50,2017-04-19 02:50:17,2017-04-19 15:24:33,2017-05-05 18:29:50,2017-05-09 00:00:00
50d1084dac37a15b7dad150d578f690e,433325586e3185dc77ffd0dca92984f5,delivered,2018-08-22 01:27:49,2018-08-22 01:35:13,2018-08-22 14:56:00,2018-08-27 21:26:49,2018-09-11 00:00:00
c34636be7a1584abe05847e5d4b1c3c8,b88e97fc641b78c256cca3665fe4aebb,delivered,2017-09-22 17:52:26,2017-09-22 18:06:11,2017-09-26 10:45:58,2017-09-30 14:50:06,2017-10-19 00:00:00
abdc66adfb59c21caa145e7791e59a25,a835c8deb5d1ff60aea83f05e4e803df,delivered,2018-04-23 20:37:00,2018-04-24 18:02:40,2018-04-24 18:34:53,2018-04-27 19:47:34,2018-05-14 00:00:00
62d4c5d34949afc8d73f2be9043e5ad4,8396777e50d6a772be52bb610e36f412,delivered,2018-08-18 23:19:12,2018-08-20 11:09:44,2018-08-21 15:46:00,2018-08-24 21:04:07,2018-09-10 00:00:00
b2e648744e95512d23eed8b0de38d6cf,96663010bd82b8bf00945fe35f8b61fa,delivered,2017-06-07 22:05:49,2017-06-07 22:22:30,2017-06-08 16:57:59,2017-06-14 13:54:08,2017-06-30 00:00:00
2206d4b3228f595310b95897101878ad,d8387dc05dc3ef66f65a2a2577d5f87d,delivered,2017-08-18 10:20:18,2017-08-19 02:25:48,2017-08-21 15:52:24,2017-08-31 22:24:47,2017-09-12 00:00:00
7375f7055b79547b2007662c2a509879,717a4dc3c405d10278904800b0ecfe60,delivered,2018-04-11 11:02:59,2018-04-12 06:30:58,2018-04-12 20:03:42,2018-04-16 18:17:52,2018-04-27 00:00:00
86c1886c8f8d1e3418ec90bbec17e67a,81fabe977218400e510cb1790a2d2635,delivered,2018-04-19 13:17:43,2018-04-19 14:01:39,2018-04-25 01:06:35,2018-05-03 18:03:32,2018-05-15 00:00:00
ef13107bb93c2e7cd4509174a883022b,6c57476a3189ce875193272eac86024d,delivered,2018-08-01 20:04:56,2018-08-03 02:50:21,2018-08-10 14:00:00,2018-08-21 19:57:49,2018-09-03 00:00:00
e3ca5aaa7c0ebf70aab37862b7aff263,3f6b07e03d873bff6f46c0891e4c3274,delivered,2018-05-01 22:37:30,2018-05-03 04:12:55,2018-05-03 15:08:00,2018-05-17 16:47:29,2018-05-24 00:00:00
2b8983e40075bd6bd01ddafb90f62415,76469dae2d3c81abb1df6904d6c92e74,delivered,2017-04-20 17:24:38,2017-04-20 17:41:41,2017-04-24 08:15:02,2017-04-26 18:52:33,2017-05-10 00:00:00
a07b4171d5e4ccbc057d6321244933cb,3ab8bc00f8740d54afc4c771fb6c7f69,delivered,2017-12-28 09:04:50,2017-12-29 02:09:23,2018-01-02 19:42:32,2018-01-15 18:12:41,2018-01-23 00:00:00
0a0bb5e5ea635dc355ca8ef22dfac150,fd7f607e063c6ff3a6f6403b35d821c3,delivered,2018-07-08 16:27:03,2018-07-08 16:35:19,2018-07-10 13:29:00,2018-07-13 23:31:00,2018-07-30 00:00:00
9d9d6000cf3720974ab8da03bcc741c2,7f59e4e8a71ab50abe6f08288e94480e,delivered,2018-01-14 20:44:16,2018-01-15 20:35:24,2018-01-16 22:36:03,2018-02-09 23:53:02,2018-02-05 00:00:00
4ab99aa84c8140d406cbdf001bf1bbd6,dd2b8e83a0cb15e07cfeaf40038c3a24,delivered,2018-03-06 17:17:11,2018-03-06 17:35:44,2018-03-07 20:52:03,2018-03-14 21:21:17,2018-03-22 00:00:00
c10cae5ba4cb39a32bfb0fc880160cfc,93df9548c15167faed51d37784039ef1,delivered,2017-09-14 20:04:28,2017-09-14 20:15:18,2017-09-20 19:25:12,2017-09-21 19:18:05,2017-09-26 00:00:00
cb2909ecbfb8c77f77bdcce55ddcfba1,0c6e32ec71aa88984aedb1ee4e48fe59,delivered,2017-08-16 21:11:56,2017-08-16 22:55:08,2017-08-18 13:34:46,2017-09-11 12:13:57,2017-08-30 00:00:00
ac9452e14908c9e76ac7701ab3f617a1,f22e5d704acae54bfef534811c77597d,delivered,2018-04-03 22:34:46,2018-04-03 22:49:42,2018-04-05 20:38:35,2018-04-16 18:56:51,2018-05-07 00:00:00
32a36b92faf67aebedb4eea534a49c4b,b20eba2c7b0fc410e6802a58f6a36cbc,delivered,2017-08-14 13:12:27,2017-08-14 13:45:09,2017-08-15 20:19:59,2017-09-04 11:43:14,2017-09-08 00:00:00
2b64e4873e7bec66f8c1f551f88d3e91,4e3b46e9770f521ea3c91fb857c4ae76,delivered,2018-03-25 17:19:41,2018-03-25 17:35:19,2018-03-30 01:40:55,2018-04-12 13:32:59,2018-04-16 00:00:00
915e61444d403c1c57fa206962c3e60f,47171f14cb6b6369a2f845cd67a3bcce,delivered,2018-08-04 17:28:03,2018-08-05 17:25:09,2018-08-06 14:55:00,2018-08-13 23:16:41,2018-08-24 00:00:00
6042aab766ef2c352f7b2aae4e1f9290,daa6c672e522160f734bd6d7a4f80d47,delivered,2017-09-24 11:08:30,2017-09-24 11:24:35,2017-09-26 20:13:19,2017-10-01 14:18:57,2017-10-10 00:00:00
13022256b6b5b8535e57b1877c0812ee,2f675e79088fce26aa25be1e977632e9,delivered,2017-12-30 02:04:31,2017-12-30 02:14:24,2018-01-03 15:10:30,2018-01-08 15:33:07,2018-01-24 00:00:00
228f7aeae8e2a59064dbfb2955d6f317,52a200ac25412e4f180edd8fdf047116,delivered,2017-06-05 22:41:41,2017-06-07 02:42:34,2017-06-08 09:52:07,2017-06-12 11:57:59,2017-06-19 00:00:00
1c49e3fd28c9c369b12fd84446e475ab,14d2e011f94561a55aa3a97e0deff19e,processing,2017-04-06 07:04:06,2017-04-07 03:22:32,,,2017-04-27 00:00:00
5510961b19757530245aca63bf486893,87eb62d2bbffbdb056a2e56fa22f76b5,delivered,2017-12-12 21:09:11,2017-12-14 21:03:50,2017-12-15 21:10:18,2017-12-21 18:12:46,2018-01-10 00:00:00
6a03d0d3197b58dac687046338e114db,2f7c58a76f79b264511460115940754d,delivered,2018-04-26 14:53:19,2018-04-28 02:51:31,2018-04-30 14:23:00,2018-05-23 22:32:19,2018-05-14 00:00:00
884ddcd0965c8f4d41006f07efa3c32b,f34cd6c38354857985ae92056f6c2db8,invoiced,2017-11-20 22:13:47,2017-11-20 22:27:34,,,2017-12-07 00:00:00
0aaaf9abbd6e61df3d49c4d8e200bf2b,f61c9dcf020d4cecd99298cd3833ee7a,delivered,2018-05-15 18:32:52,2018-05-15 18:59:06,2018-05-16 14:26:00,2018-05-21 20:22:42,2018-05-29 00:00:00
764784b2e19d54da239286b0757f222c,91a894fe53bd1472d31c66b0b90d88ce,delivered,2018-07-15 15:38:21,2018-07-15 15:50:21,2018-07-16 13:32:00,2018-07-30 17:21:52,2018-08-10 00:00:00
b80658b0fe989d9699344386255ed40b,11ba41051197470cd97e61e09a9dd92f,delivered,2017-03-12 22:23:52,2017-03-12 22:23:52,2017-03-15 07:27:33,2017-03-24 12:08:14,2017-04-24 00:00:00
af06bde35029a2f75949ee83a195f5c8,014f4ea4b3ed7aaf2db2f8acb6d96e75,delivered,2018-03-24 12:58:30,2018-03-24 13:10:34,2018-03-27 18:12:55,2018-03-28 19:52:40,2018-04-06 00:00:00
89e97436eb773d674dff53e707784585,3fd3cb7f1da449f7ed4efea311c5db48,delivered,2017-11-15 17:21:01,2017-11-17 04:06:29,2017-11-21 23:15:26,2017-12-20 23:42:03,2017-12-15 00:00:00
5f5fa984fd9357997a52f936e8c0a08e,36f86f4abe21fa4ef147816fe0f90ef0,delivered,2017-11-24 13:06:07,2017-11-24 15:14:15,2017-11-27 19:22:23,2017-12-03 15:19:00,2017-12-14 00:00:00
b1a000260e2f3760e5ec18566db7d592,c727fb82883e584942d94eaac9d45186,delivered,2017-06-21 13:09:08,2017-06-21 13:20:25,2017-06-22 09:00:26,2017-06-29 16:32:57,2017-07-18 00:00:00
2dd019804f5320bb744f10885b6a7d40,95667731d4b44976df7595cb7fcd48c3,delivered,2018-01-26 15:03:01,2018-01-26 15:31:15,2018-01-26 23:25:50,2018-01-30 19:25:05,2018-02-09 00:00:00
af30636aaea85d40ad4f4025c7841236,2fbab47bd8983ab033f868c8e0134f45,delivered,2017-11-13 21:32:02,2017-11-13 21:46:49,2017-11-14 16:59:00,2017-11-22 18:21:19,2017-12-04 00:00:00
85b4db0acc8f67917cb9245d8547ecaa,9f889b9d8259f664571ce0080a5f54bf,shipped,2018-02-22 22:46:00,2018-02-23 18:30:28,2018-02-26 23:09:16,,2018-03-21 00:00:00
10856b02e17c5d56a06c2ee75079d338,6dc23a614e67f5198beb035996e34db0,delivered,2017-12-29 23:03:47,2017-12-29 23:11:26,2018-01-02 16:49:35,2018-01-10 22:28:33,2018-01-29 00:00:00
9645c5cc1c315607f2524b2189d3efe1,6e5f9e821311e997d9c67b678310153e,delivered,2017-06-28 20:47:15,2017-06-28 21:03:45,2017-06-30 15:43:35,2017-07-06 13:22:01,2017-07-24 00:00:00
8b4f68b99e03c0cffb07fd5711d61fe1,38cc66405ea0e35b9a3acc1e89f98a17,delivered,2018-04-23 17:10:14,2018-04-24 19:07:34,2018-04-26 09:14:00,2018-05-08 15:49:41,2018-05-21 00:00:00
da7c8d10be75239ed8393bba1dcc4ca0,a053fa192b4a6197e220e6052002e8e1,delivered,2018-06-18 21:53:19,2018-06-18 22:16:05,2018-06-25 13:48:00,2018-06-28 18:44:40,2018-07-23 00:00:00
f72f74f21032d3db0b6631a64b1c9126,3d3ae6743919022977765165cde71b6c,delivered,2018-05-06 18:50:27,2018-05-07 09:15:23,2018-05-08 13:31:00,2018-05-10 22:06:40,2018-05-23 00:00:00
ae40d2ac0cd2d22399f561044c426e8a,b1d6310718897903e079bd76b7035d86,delivered,2017-08-23 18:38:22,2017-08-23 18:45:34,2017-08-24 18:26:19,2017-08-28 23:13:38,2017-09-13 00:00:00
3474c14d90050d7f344dbcdcdc919bb5,70d8185f1bb6f495f3ed2cd8c8cf11bc,delivered,2017-12-27 13:31:40,2017-12-27 14:08:08,2017-12-28 17:23:11,2018-01-05 14:16:45,2018-01-18 00:00:00
fd38d5793a4393e031ea8da57e094f88,26da56b4fbd69a10435bd728443fd107,delivered,2018-06-03 16:35:46,2018-06-03 16:50:40,2018-06-05 10:36:00,2018-06-08 21:38:33,2018-06-28 00:00:00
97cd2653d53d5404413e2241289d5418,f8b83b95c4f8cb66651c2b114ac7d296,processing,2017-11-06 15:29:29,2017-11-06 21:36:02,,,2017-11-27 00:00:00
5e71f5832e566171d43c90da65f506c4,e6ab08e113b7a2bc8dd8caadf346b789,delivered,2017-08-23 11:59:03,2017-08-24 03:06:19,2017-08-24 17:02:50,2017-09-04 13:56:55,2017-09-15 00:00:00
54dac781d5d1b670cad7b3a9445c339c,63ed4087ff8ec3cca407fa5ebd255d40,delivered,2017-11-06 22:43:38,2017-11-07 06:31:26,2017-11-08 15:14:41,2017-11-13 17:14:26,2017-11-24 00:00:00
4b07e96261a6c3f0dd713dd75a1d0658,f7bef8c9b7bede863c07ff21309f1b80,delivered,2017-12-12 18:04:22,2017-12-12 18:16:17,2017-12-14 21:35:15,2017-12-18 16:37:59,2018-01-15 00:00:00
d25ec5d787991580395a4dc72118db6c,95da61d7f174a12e6b0d212df70c67a1,delivered,2018-07-13 02:50:41,2018-07-13 03:10:25,2018-07-13 13:32:00,2018-08-01 19:51:17,2018-08-03 00:00:00
c35484b3b5d9597703a72d8a96839819,dc436451f77098b76018402da2c37e14,delivered,2017-05-07 14:31:32,2017-05-07 14:41:52,2017-05-10 17:05:05,2017-05-22 10:45:05,2017-06-14 00:00:00
b7daca2d24a93ab9351485e0bdcbb7e6,002d597546b2cf44428232c9f237f873,delivered,2018-07-22 09:29:19,2018-07-23 11:32:10,2018-07-23 07:19:00,2018-07-30 16:38:58,2018-08-16 00:00:00
bd7a44c3216be67318d6776fa920703d,459a2924c50c9e9e44290c42e668b624,delivered,2017-08-18 16:15:26,2017-08-18 16:45:11,2017-08-24 18:47:30,2017-08-25 17:51:06,2017-08-31 00:00:00
7902f1e4e448f0d59d80e60bc25ec61c,aa199982564f53f710a2115e8a5689e4,delivered,2017-05-24 00:13:29,2017-05-24 01:25:25,2017-06-01 18:34:33,2017-06-13 13:00:17,2017-06-27 00:00:00
684c3c1d1b032d52568994de2b76945c,871b9c40a3cf08219e272fe43666f18e,delivered,2017-08-20 12:01:03,2017-08-20 12:25:16,2017-08-23 20:56:04,2017-08-28 15:32:53,2017-09-22 00:00:00
c879dff70ad9d2d3c315fc40492c660e,b317ff7aa0f8aec84ee237363b6ca0fd,delivered,2018-02-14 13:47:36,2018-02-14 14:07:07,2018-02-15 20:04:17,2018-02-21 23:13:21,2018-03-16 00:00:00
9f6efc0aee217956f49ec6db05922667,d731522c61ca319abfc4d1550d45e635,delivered,2017-07-08 18:05:26,2017-07-08 18:15:21,2017-07-11 19:00:23,2017-07-12 22:03:53,2017-07-28 00:00:00
bae0685618c3c445fd4b477c9e265727,2a13e004f5fc69c2c5556546c972db9a,delivered,2018-03-09 15:13:10,2018-03-09 15:28:34,2018-03-12 21:21:49,2018-03-16 16:32:25,2018-03-21 00:00:00
25002fcfee05773be1d9bfe045b95fec,8d1d9151c6eb5fb90b19d52e8b337e2f,delivered,2018-08-21 16:31:46,2018-08-21 16:50:33,2018-08-22 14:04:00,2018-08-28 20:50:58,2018-09-24 00:00:00
12d5f23ba1e52d7174d5d15c96972401,60ab42b9e1e7c823ead6d89cd26b0eb4,delivered,2018-02-20 13:35:32,2018-02-21 06:25:13,2018-02-21 22:37:42,2018-03-06 01:23:11,2018-03-12 00:00:00
6f27ae84e8f6ee63438f59c04830b28a,4e8353ef6600cd4caf1999491c8a5910,delivered,2018-06-19 14:58:59,2018-06-19 15:19:48,2018-06-19 14:26:00,2018-07-05 23:42:22,2018-07-16 00:00:00
d3f1f35c8583aa166c2a666209a16b71,8a575e5343c252cd706b8f8629936ac7,delivered,2018-04-28 14:15:37,2018-04-28 14:30:36,2018-05-02 19:01:00,2018-05-03 14:36:57,2018-05-11 00:00:00
ff0ce2a8ea25fbe31464674b30ecc983,af894f28732b32cb74164ce87e54718b,delivered,2018-02-25 22:43:34,2018-02-25 22:55:26,2018-02-27 03:27:19,2018-03-09 19:36:31,2018-03-16 00:00:00
e5b028d46d9a166f78ac079067c847c2,c5d82efcfae4a61553a2fee4a8309bf9,delivered,2017-07-21 20:26:09,2017-07-21 20:42:44,2017-07-24 17:53:56,2017-08-15 14:37:48,2017-08-14 00:00:00
9729a585634ed0ce4a0f4e38763c31da,73ed978e7d56acd3561e84ff6159ed2c,delivered,2018-07-12 17:31:37,2018-07-12 17:45:17,2018-07-13 14:12:00,2018-07-16 13:22:53,2018-07-27 00:00:00
9497fdeba0ce6632e8e88b47fba765fe,6486e770116c56de60003384fba4f50e,delivered,2018-04-11 23:33:17,2018-04-11 23:50:03,2018-04-12 19:14:57,2018-04-20 18:42:01,2018-05-03 00:00:00
852379f00ddcbcce9e7a4efca266e940,fbf87c24c2ea29e860cc8d80cc4728e8,delivered,2017-04-17 12:27:28,2017-04-18 03:55:30,2017-04-18 11:10:47,2017-04-27 11:54:23,2017-05-19 00:00:00
02332b54c758506809fd87d9c2748086,b7fefe142962b04fa4d97b8bec20f8a1,delivered,2017-11-06 12:48:43,2017-11-06 16:58:07,2017-11-06 18:46:48,2017-12-11 21:52:38,2017-11-28 00:00:00
1b3308992abe10ed7ce26077dce05e8e,41fa220eede53dadcc159a91d067533b,delivered,2018-08-03 16:14:15,2018-08-07 04:35:22,2018-08-13 15:39:00,2018-08-14 17:22:35,2018-08-13 00:00:00
bebea877b428a591d93c72cccc33f53b,5dc0e49e3601132bd500f0b01058354c,delivered,2017-07-15 01:19:15,2017-07-15 01:30:10,2017-07-24 20:07:31,2017-08-03 17:22:17,2017-08-10 00:00:00
16fac761b4906243ece450c7a9179329,fe4a5493fd7197b7bf81a1545e21bdf5,delivered,2018-02-25 22:09:34,2018-02-25 22:28:00,2018-02-27 21:57:29,2018-03-14 12:48:24,2018-03-23 00:00:00
df111b726761108ddc8bd410a4d54b09,ff928f3db711776273a3d955016932f8,delivered,2018-03-10 16:13:30,2018-03-10 16:28:07,2018-03-13 00:17:21,2018-03-15 18:17:45,2018-03-22 00:00:00
baaed1de8d45224736f9660579d8cc97,13df5b8f192a4a2d1c88fc564b6ac830,delivered,2017-06-02 14:16:29,2017-06-02 14:30:21,2017-06-06 10:17:33,2017-06-08 15:22:06,2017-07-03 00:00:00
0866001f9f2ff47df177b77ce6abecd4,acb794270abe7a3049df2793c2da7f5c,delivered,2018-07-12 05:34:34,2018-07-12 05:45:56,2018-07-19 13:32:00,2018-07-23 17:08:48,2018-07-30 00:00:00
bd9e8d4cec0e721d5ffebe153035eeea,5ac11154d99a05392efa674705073e34,delivered,2017-03-07 20:32:03,2017-03-07 20:45:14,2017-03-08 09:43:11,2017-03-15 15:07:49,2017-04-11 00:00:00
774b695881d6fca884c8d52df7a3ccb2,6574ca38b40efa458f1e7c08c701318b,delivered,2018-03-08 16:06:25,2018-03-10 04:09:06,2018-03-10 17:33:04,2018-03-29 22:36:39,2018-03-29 00:00:00
99010278c2b3874e0f208c91587975d8,11f4c7384d8debfbb64acf9c9a44bc95,delivered,2017-06-01 18:58:41,2017-06-01 19:10:19,2017-06-02 08:05:51,2017-06-05 10:28:05,2017-06-14 00:00:00
1d1eef34606d3f029ac9f5a9fa8a87bc,0db648e0927c41bf012db90ef68b645f,delivered,2018-01-16 13:39:20,2018-01-17 03:35:49,2018-01-17 21:54:33,2018-02-05 18:58:52,2018-02-19 00:00:00
2dcf5497d9dc70e0e723bbc2bd26fe7d,e731292398b99dcea2bf190c3327dfec,delivered,2017-11-29 13:45:10,2017-12-01 10:31:29,2017-12-04 20:53:01,2018-01-04 16:12:47,2017-12-21 00:00:00
6367055387daca23e4b22b6fdf4b4ed8,9f184cd2aa748ce963a8d5e075aff28e,delivered,2017-07-15 11:29:35,2017-07-18 06:35:13,2017-07-19 19:11:59,2017-07-26 03:23:35,2017-08-18 00:00:00
520abddc927a700feff7540c0299d225,bd5a9cf926384411a6c2f0696449a603,delivered,2018-01-26 12:21:20,2018-01-26 12:32:32,2018-01-30 13:42:43,2018-02-20 12:18:59,2018-02-19 00:00:00
602fd0f12980f5a92b67acc19187fb87,6156cc24d1fb47ea3976b55ed489de3c,delivered,2018-08-15 06:12:03,2018-08-15 06:24:28,2018-08-17 10:50:00,2018-08-22 18:26:53,2018-09-20 00:00:00
507920861be390ea5beb588607e4b0ab,31982f03a9615f0b78174bd6662d4aad,delivered,2018-01-04 13:30:02,2018-01-04 13:37:32,2018-01-04 22:37:42,2018-01-09 16:59:35,2018-01-30 00:00:00
fd4c3a2912e854eedd463b329540da4b,d2fdd1d3725bccaa0900e360a985398f,canceled,2017-10-28 11:18:48,,,,2017-11-21 00:00:00
fc00556d8a4cf362add9deb2574aae92,162a9833296aee2dee6c7163ae9954ed,delivered,2018-04-09 13:04:44,2018-04-09 13:29:40,2018-04-10 17:50:32,2018-04-11 18:56:41,2018-05-04 00:00:00
eb6fb95e3c0248ad7f1e3b668ac3f8b8,5ea5208d6f127b82bac75a6a3292237d,delivered,2018-02-11 14:42:47,2018-02-11 14:55:30,2018-02-14 21:27:15,2018-03-01 18:48:47,2018-03-09 00:00:00
040b9db3ba0a38c2c2b139d6604576c8,05401fad06eec92dc8a514d6f277d68b,delivered,2018-07-02 11:04:27,2018-07-02 11:15:16,2018-07-03 07:39:00,2018-07-03 15:58:53,2018-07-16 00:00:00
73c1b352d22c76a80877525319449412,ccd5f93d7fbea14090e5178994049583,delivered,2018-08-12 23:58:09,2018-08-13 00:15:10,2018-08-15 06:41:00,2018-08-21 19:22:47,2018-09-03 00:00:00
a1b54f30ed711d13163bfa0c07e8c847,4bd62c9ef8238366a55babd065151b46,delivered,2018-04-04 20:17:01,2018-04-04 20:30:15,2018-04-05 23:24:41,2018-04-10 13:52:36,2018-04-19 00:00:00
2cc44017e7eba3d4a59e029af9df7e31,a002b6265756c2bf5ba1f596ac8847b2,delivered,2018-08-07 12:21:32,2018-08-07 12:35:16,2018-08-09 14:28:00,2018-08-14 16:55:31,2018-08-31 00:00:00
a61d617fbe5bd006e40d3a0988fc844b,1b4a75b3478138e99902678254b260f4,delivered,2017-07-27 14:13:03,2017-07-27 14:25:14,2017-07-28 17:45:36,2017-08-04 16:26:54,2017-08-18 00:00:00
043f43899c67438005004d160d18f55c,8f017d0d38c8cc245c816da55fe4a590,delivered,2018-06-13 19:59:40,2018-06-13 20:21:11,2018-06-16 08:46:00,2018-06-19 18:04:36,2018-06-28 00:00:00
b1b7d5ed61bf1eddfc24d53ce60f4f71,c3ad39ce65d442266f5257c9f55853c9,delivered,2018-08-08 19:53:48,2018-08-08 20:05:20,2018-08-09 09:35:00,2018-08-13 22:05:45,2018-08-27 00:00:00
bb91c3b36fbe9aa9873d12ffb7371942,c5e7211f8786d4dd60119623f6364818,delivered,2018-06-06 19:31:04,2018-06-06 19:54:44,2018-06-07 14:08:00,2018-06-18 11:58:31,2018-07-18 00:00:00
05ec9565bccc292561dec1d33bfefdfa,928194af995122dd13f29b05cedc6a68,delivered,2018-08-05 11:15:46,2018-08-05 11:30:16,2018-08-07 10:34:00,2018-08-10 19:12:12,2018-08-15 00:00:00
f4ab3840a4f72a98a950099cfcb83502,37d690c79919bb1d5e34370df11fa2c7,delivered,2017-08-01 14:24:04,2017-08-02 02:50:59,2017-08-03 18:03:37,2017-08-21 20:16:43,2017-08-23 00:00:00
10747be3ee825f1a6d8bead521a4e55a,1cf1e4a5dab1a3a9603bb1a4661c0fc1,delivered,2017-11-09 09:16:20,2017-11-09 09:30:30,2017-11-09 15:58:01,2017-11-15 00:03:54,2017-11-29 00:00:00
17ad74507f8e8c0aa3de8b25e167e287,fb7a67cc5d355f166b37799b82938c1a,delivered,2018-02-26 12:22:14,2018-02-26 12:30:48,2018-03-07 01:08:31,2018-03-14 19:06:53,2018-03-26 00:00:00
589795a183cebb8c0023a76a44447747,c1c5f746e2e64d4708601296fe4899a6,delivered,2017-05-22 17:13:28,2017-05-22 17:25:21,2017-05-25 13:42:23,2017-06-08 17:13:16,2017-06-26 00:00:00
76429fbc635b9ff0b06833ef6bf11d0d,d63ff5bfce18972e63ee218384877d4e,delivered,2018-01-25 21:23:13,2018-01-25 21:37:59,2018-01-26 18:42:05,2018-02-01 02:32:50,2018-02-19 00:00:00
db1c20a4da0424fc89761d0a694ea01a,a0e4dd3110c8e935735669706447da3f,delivered,2018-05-24 13:37:32,2018-05-24 13:53:26,2018-05-24 14:54:00,2018-05-28 17:43:06,2018-06-18 00:00:00
07bebda8aee4b9a600d9c2c1a73f93a5,bc3944c929f6bef6cfff35bf6473781d,delivered,2017-10-26 16:52:36,2017-10-26 17:32:23,2017-10-27 16:04:05,2017-11-06 19:46:41,2017-11-23 00:00:00
6098713f9480abe64f64dea083dac6b8,3724292dee0984bef85cda017ee77d30,delivered,2018-03-31 20:54:18,2018-03-31 21:47:34,2018-04-03 18:35:49,2018-04-10 19:24:36,2018-04-30 00:00:00
25f9cd6cf05f1ee2caea2bfecc60abdd,0abbad9859d57687867b8fbb2650a5ce,delivered,2018-07-28 02:37:01,2018-07-28 02:50:29,2018-07-30 10:07:00,2018-08-03 18:56:49,2018-08-09 00:00:00
416644f246fec0176f413ba4e49a4292,c11f08a4824c29c57464c20ac031cfc6,delivered,2017-04-22 15:05:33,2017-04-22 15:15:19,2017-04-24 10:05:07,2017-05-11 09:33:44,2017-05-19 00:00:00
c1875eb040541568d58640849b68b052,f2df5610e57acbb50214fa571d833bc7,delivered,2018-03-10 13:11:49,2018-03-10 13:28:03,2018-03-13 15:26:39,2018-05-11 17:58:47,2018-04-05 00:00:00
747f604b7af55628b51cec5d2d80c779,e723347abd63dda9f04006377db3a9c6,delivered,2017-10-29 08:00:54,2017-10-29 08:10:14,2017-10-30 18:07:57,2017-11-06 21:58:49,2017-11-23 00:00:00
d0de4776fa71c498cca9d82f5c206092,c2bf0bb1f00bd98c72d7545bec147bfa,delivered,2018-03-08 16:12:28,2018-03-08 16:55:37,2018-03-09 22:16:25,2018-03-25 10:41:03,2018-03-28 00:00:00
9cb1a5b9af2fa27ca6a510f64245f869,72818cc027ac2fb7e5f7dba71da98aca,delivered,2017-08-15 09:13:13,2017-08-15 09:25:17,2017-08-15 14:37:32,2017-08-18 15:39:58,2017-09-04 00:00:00
199c544290f4c34265e9b01c137baecd,3416e45f6c9842bfc863fe211e22a261,delivered,2018-07-23 17:57:33,2018-07-24 10:31:25,2018-07-26 13:03:00,2018-07-27 20:26:43,2018-07-31 00:00:00
02a96c679e6086ecd026c42a83136068,d911a2fb88a320f9a86188bd9c6bd47f,delivered,2017-12-19 09:55:01,2017-12-19 10:11:35,2017-12-19 21:58:29,2017-12-26 16:07:11,2018-01-12 00:00:00
bb134fd7bd4f5da7b854abaaf6a83a1f,7f8c839bf5487a7167bc27ca02cb7dc2,delivered,2018-05-14 21:45:54,2018-05-16 03:14:55,2018-05-18 11:13:00,2018-06-01 20:55:50,2018-05-29 00:00:00
742e519465c1d0ed1dc1664ad04ba238,11cd281d555bc011b8f9ed53d78f0d64,delivered,2018-08-02 22:01:27,2018-08-02 22:15:19,2018-08-10 15:36:00,2018-08-22 23:31:49,2018-08-31 00:00:00
adc1270afd7fb1ef466f8ee66cab3773,e84f200509c18b8bbcd78d607138feb3,delivered,2018-07-24 17:36:19,2018-07-24 17:50:10,2018-07-25 10:55:00,2018-07-31 19:16:40,2018-08-17 00:00:00
31689facc9a793e124745e1573b6a50b,cc41c8de84aa86dddc709eb5633946c1,delivered,2017-08-10 20:02:42,2017-08-10 20:15:22,2017-08-11 18:15:52,2017-08-25 18:58:07,2017-09-08 00:00:00
9a817712555d1bbd18414531f1211275,fc33ae751a438446b4abb5962e5252d0,delivered,2018-02-07 22:45:13,2018-02-08 22:47:47,2018-02-09 19:13:14,2018-02-22 15:38:45,2018-03-09 00:00:00
efdd2a16264f8e4d18564f8e7deb071c,195f30dba556ad925afba1ecca917439,delivered,2017-04-21 11:10:32,2017-04-21 11:21:51,2017-04-27 05:40:16,2017-05-23 11:37:37,2017-05-29 00:00:00
e282c4391c744da1e194f6c322f1255f,098ff9996de8b54d861bf8da445ba2ca,delivered,2018-01-30 12:40:44,2018-01-30 12:55:49,2018-01-31 14:32:13,2018-02-16 21:52:16,2018-03-13 00:00:00
3bf64404e90aaf774854f9d82327af00,6d7fda62de7cb7acf2894cb5ad071ad6,delivered,2017-07-25 19:04:39,2017-07-27 11:55:22,2017-07-28 10:53:27,2017-09-19 14:02:33,2017-08-22 00:00:00
2318f7d3046fc9a035c165169b54d4b8,dcea546715db4488cff53eb2d6dc7dc2,delivered,2017-03-27 20:32:22,2017-03-27 20:43:08,2017-03-28 11:33:19,2017-03-31 18:22:11,2017-04-13 00:00:00
d6c586c22c45b70b766fef19e469e86d,9b665c863801afc3a66ce320339a82d2,delivered,2017-09-30 22:39:05,2017-10-03 04:14:29,2017-10-16 15:13:33,2017-10-24 20:05:59,2017-10-30 00:00:00
83f7e1cbad6386d501c636d6cfb23e55,dac61d4a2d58258d6d176306621ced20,delivered,2018-05-10 11:26:25,2018-05-10 11:51:39,2018-05-10 19:07:00,2018-05-15 20:29:52,2018-06-08 00:00:00
21cd0af59d306fa46a923c811618e3be,b552c118c9199c7aea566abee73b56c4,delivered,2017-08-29 11:42:53,2017-08-29 11:55:28,2017-08-29 18:16:49,2017-09-20 20:05:14,2017-09-15 00:00:00
23f958d8fed53e69461c299f20da7a11,200d79ec010d135a8890699200e18488,delivered,2017-11-25 19:56:46,2017-11-25 20:11:18,2017-11-30 17:33:22,2018-01-11 20:05:11,2017-12-15 00:00:00
3f510ee6758ee5af3f189cbf3a3393a1,3b1fc045609252174df7a4a59655c4eb,delivered,2018-06-07 14:00:38,2018-06-07 14:20:39,2018-06-07 14:08:00,2018-06-12 16:48:56,2018-07-24 00:00:00
5212d3692378658f5807cd76ed591b13,1305743bc4d423ec9954f42deff4ef8d,delivered,2017-05-07 13:13:25,2017-05-07 13:21:48,2017-05-09 07:46:55,2017-05-10 10:51:49,2017-05-19 00:00:00
29b71dc3837a954158a1d1b30d0605bc,b797f0849d0dfec16d6bebfae8db6cf6,delivered,2018-07-01 17:27:51,2018-07-01 17:50:04,2018-07-03 12:52:00,2018-07-10 16:17:40,2018-07-20 00:00:00
67864542c9896d890a14b76003098580,e3e1a353c73450030b4b06da57deff0a,delivered,2018-07-14 15:47:20,2018-07-14 16:04:08,2018-07-17 11:58:00,2018-07-24 20:31:57,2018-08-06 00:00:00
97a93af6088a39c8691e3aa4f63bcb2b,863ef3bf1f0e34cf5de7f30f96de4621,delivered,2017-05-23 14:00:46,2017-05-23 14:15:15,2017-05-25 10:25:57,2017-05-30 14:42:47,2017-06-14 00:00:00
ecdc847ed73d804147eb009dec3a0a0c,c6a9becaa9e9a12a50b0f9ec880b67d3,delivered,2017-05-11 07:17:44,2017-05-11 08:02:32,2017-05-11 10:12:05,2017-05-12 14:52:54,2017-05-22 00:00:00
f203ff896860dd89c812c809102145ba,7083d00488ab9bbc6d8791c7a6858692,processing,2017-05-05 00:23:54,2017-05-05 01:25:13,,,2017-06-06 00:00:00
4d51303408e4b9b036532f0b2a7462e1,b50ff2e9f7bb2c795fdd768b3a3b205d,delivered,2017-04-21 21:43:06,2017-04-21 21:55:21,2017-04-24 09:40:50,2017-05-09 13:22:23,2017-05-25 00:00:00
6253925a5ffb2987f7cd545b8023a12a,31913bb1cdd2cc792604bdcf9fad29f6,delivered,2018-02-01 11:00:52,2018-02-02 02:54:13,2018-02-03 00:12:21,2018-02-20 23:33:35,2018-03-06 00:00:00
62ce1c9906369b2f38a1d3fb4472c306,23b456db8fb258de4d1de7060f7d6f69,delivered,2018-07-04 15:46:44,2018-07-05 16:22:24,2018-07-05 13:53:00,2018-07-31 19:12:05,2018-07-23 00:00:00
8bb2eba1812af22e6933f1b246741cfb,cd19b945e52697d44bd054b692badfde,delivered,2017-06-08 16:43:27,2017-06-08 17:40:20,2017-06-09 09:47:19,2017-06-23 13:22:40,2017-07-03 00:00:00
50a790149ec089ab00a4630204396f0f,f93bb6c70a7306d18a24f77f1889916d,delivered,2017-07-23 20:44:17,2017-07-23 20:55:18,2017-07-24 16:57:55,2017-08-02 17:15:06,2017-08-17 00:00:00
4f62d593acae92cea3c5662c76122478,dfb941d6f7b02f57a44c3b7c3fefb44b,delivered,2017-07-18 23:10:58,2017-07-18 23:23:26,2017-07-20 19:00:02,2017-07-21 16:19:40,2017-07-31 00:00:00
cd3181fe74393d54f51abead6ff1abb9,2d0789135ff0a352142fb68207c0737b,delivered,2017-07-24 13:37:49,2017-07-24 13:50:12,2017-07-26 10:34:52,2017-08-03 15:39:51,2017-08-17 00:00:00
714139cb1b46c8e5aee546ebdb5aeb4d,9cc008464ef7ba2d32e3b93fcdc227b6,delivered,2017-11-26 22:02:30,2017-11-26 22:13:26,2017-11-29 00:16:38,2017-12-06 20:33:56,2017-12-18 00:00:00
1be481b1e0ffb9b02da8c7b80b75e5dc,703a4658a9882c3bc7d617aa26d0a0b0,delivered,2017-12-20 18:51:27,2017-12-22 02:51:01,2017-12-22 19:29:11,2017-12-26 15:24:45,2018-01-09 00:00:00
bf5a0b2281067192ee4215a039245d05,95ec1beb8f866a4f30899ec797d01a21,delivered,2018-02-05 12:04:09,2018-02-05 12:15:37,2018-02-06 21:44:49,2018-03-02 13:19:17,2018-03-08 00:00:00
704966e2252d9ef26bfb8203cb8fbf1b,28026498023f3d6b3d8167d07ba85cdd,delivered,2018-04-19 22:24:23,2018-04-19 22:35:23,2018-04-23 12:42:05,2018-04-30 18:38:53,2018-05-16 00:00:00
e7374ec864786dbea6a5478d93332e1b,ba3e8c7215f0c4648bf0811d2cc50472,delivered,2017-08-19 22:11:32,2017-08-19 22:30:06,2017-08-21 19:03:55,2017-08-28 23:49:53,2017-09-12 00:00:00
41c98cbb87767859d6ccfc3fde762d4f,de7910a50205fa700775fae3da0adfd1,delivered,2018-05-15 21:37:42,2018-05-16 03:15:09,2018-05-21 14:53:00,2018-05-22 22:28:35,2018-05-29 00:00:00
b06148c7becf3bd438661b35330e4eaa,760f259329e5def2ecf277a223dd1e76,delivered,2017-11-20 21:55:53,2017-11-21 22:29:19,2017-11-22 22:41:14,2017-11-28 22:11:27,2017-12-07 00:00:00
ccfed873cb913a60c9603cfe245060ff,d327143ecb01da9e729c822d3152f285,delivered,2018-01-04 20:11:09,2018-01-06 02:07:25,2018-01-08 21:54:29,2018-01-22 17:53:52,2018-02-06 00:00:00
fb6601cf3e1e52f7cf4ce42b7242cd95,200c8a775d0e684ed428c706d987f9e6,delivered,2018-02-21 11:48:01,2018-02-23 02:15:45,2018-02-23 23:33:46,2018-03-27 21:54:47,2018-03-23 00:00:00
bc2f333203bc7e7aaf60226e8c890a02,b0b956241217fac9ee1d3a96e4c4b053,delivered,2017-10-05 21:50:06,2017-10-06 21:49:09,2017-10-20 22:38:49,2017-11-07 20:38:50,2017-11-07 00:00:00
cde7e4455fa7083f7ab8c2d5eb0c8d12,9be3743249e2bba6586e4f78a339ab75,delivered,2018-01-05 20:13:00,2018-01-06 02:08:28,2018-01-10 10:23:44,2018-01-13 15:53:07,2018-02-02 00:00:00
1c57efb710fa0df4433b44a5c39e4b6e,c08918207829d5bf956a43e7de410bb8,shipped,2018-04-25 22:13:26,2018-04-25 22:31:57,2018-04-30 06:22:00,,2018-06-01 00:00:00
d622abecd14d7a399897b7aaeda91e17,bc97b187be598a316ba8c85413c40c83,delivered,2017-08-23 20:58:54,2017-08-23 21:10:23,2017-08-24 21:58:56,2017-09-05 00:52:09,2017-09-15 00:00:00
e16532416e7fa0b226f67cb0a05696c2,acc7d23ec27f4666d82e72a78fe6cae8,delivered,2017-12-09 22:15:11,2017-12-11 23:36:41,2018-01-26 19:03:46,2018-02-23 19:04:39,2018-01-26 00:00:00
40a1b377583e234ad0cb70b2a7f3ea30,b28927af041ac988a6e3f7bb60d9bc11,processing,2018-03-05 14:25:21,2018-03-05 15:40:34,,,2018-03-28 00:00:00
b8e8aa8bd53c50e5be82ea6f6a04e417,8d52d0165f53badec237c721bb2e13a9,delivered,2017-08-10 21:36:59,2017-08-10 21:50:24,2017-08-11 19:56:32,2017-08-17 22:43:59,2017-09-01 00:00:00
82f36bdc0196b518ac49483e7af21d02,c6f030c1e7bc3a6128a1e1fa50bee5e4,delivered,2018-07-09 11:29:18,2018-07-09 11:45:12,2018-07-10 14:46:00,2018-07-13 15:11:52,2018-07-26 00:00:00
298b961b82fd30c53433ae821ba75aa9,3e4718dc40018dfaf06f5cf2638cff1d,unavailable,2018-07-10 09:56:11,2018-07-11 03:10:16,,,2018-08-01 00:00:00
18193d834e0d2e9787375ad24d4e2b33,688b2b64611a55aee33ee800f372a54f,delivered,2018-05-14 15:27:20,2018-05-14 15:56:41,2018-05-15 10:21:00,2018-05-23 19:07:06,2018-06-01 00:00:00
790adedc3b5b66b16b14675e794382b3,fef3c1e7682886eeb159b88d5660545c,delivered,2018-07-03 11:11:29,2018-07-05 16:27:45,2018-07-05 14:25:00,2018-07-09 17:06:38,2018-07-27 00:00:00
657ea9232c582c9e40330a60f68dc189,37dc44dfae678962e8b35133ab925246,delivered,2018-08-12 16:01:45,2018-08-13 15:55:18,2018-08-15 14:30:00,2018-08-20 19:55:45,2018-08-23 00:00:00
5b733d05e2c2909d6e5e9a81408ed99a,e3f8719d6155a530d63f2e3b81d74e5d,delivered,2018-02-10 16:08:29,2018-02-10 16:28:09,2018-02-14 17:33:56,2018-03-02 14:07:04,2018-03-08 00:00:00
d252e32f481bed5bbbbc4c0c76261939,539fde993d645fdcb0a1998f7d14f7e2,delivered,2017-03-11 22:57:05,2017-03-11 22:57:05,2017-03-13 13:11:27,2017-03-14 16:21:44,2017-04-10 00:00:00
5c54271ee917cae6f59c5609f8baa986,04dc51f7e58146766c01a8b361bbdc03,delivered,2017-10-22 23:12:53,2017-10-22 23:25:39,2017-10-24 18:58:51,2017-11-04 11:48:42,2017-11-16 00:00:00
b6508cc635e024a2db73451e22649413,5b2bf549c79ba993b8a6ace6927cd070,delivered,2018-03-11 22:19:18,2018-03-12 00:20:33,2018-03-12 23:22:59,2018-03-17 01:48:32,2018-04-03 00:00:00
ffd7f21b9b4ea30d3536d4cadd19fa42,3aa42c09878ea293cacb60290fe10035,delivered,2018-05-16 10:02:45,2018-05-17 03:35:19,2018-05-18 09:45:00,2018-06-05 20:08:46,2018-06-20 00:00:00
54c9556bfdeffbc7cc3558ab954114f6,73a8b67e06535b1c08e018f83cf750da,delivered,2017-09-11 19:39:43,2017-09-11 19:50:23,2017-09-12 17:13:26,2017-09-13 13:55:38,2017-09-28 00:00:00
79c8897f906ea5e193609356e218f5aa,d04148bcf1de38f8aa9e19c74b2c91e1,delivered,2018-01-28 18:02:58,2018-01-28 18:15:23,2018-01-29 20:24:59,2018-02-05 17:58:54,2018-02-23 00:00:00
e98a3b2b3472d167a1ea3b0702b78ad9,30b5c0f997cd71bea1f750c863d002d5,delivered,2018-07-28 19:42:23,2018-07-31 04:05:42,2018-07-31 12:19:00,2018-08-06 17:22:25,2018-08-27 00:00:00
0209ef2fa3cce5eb798c98f5b6142849,1735aa00e7e53aafa92b65a536089fdb,delivered,2018-02-24 22:44:28,2018-02-24 22:55:29,2018-02-26 21:13:56,2018-02-27 21:21:34,2018-03-12 00:00:00
6e53f3d94a384e3e000da1b6d43641ab,e8513735b55502a0440356ac982fad51,delivered,2018-08-06 16:45:06,2018-08-06 17:04:38,2018-08-09 00:28:00,2018-08-09 20:24:26,2018-08-14 00:00:00
fa794cef99ed64f42ebb766a8af51c64,6889c34115335ccadf584370c38907cd,delivered,2018-03-21 14:55:23,2018-03-21 15:15:33,2018-04-18 19:22:35,2018-04-23 17:40:53,2018-04-12 00:00:00
6a6601cae4b43a36b3e89110c3a7f497,7ef54c008d37c1051eec1537cb44a0db,processing,2017-08-16 17:18:48,2017-08-18 02:24:37,,,2017-09-11 00:00:00
e6802927f05b68de2a6b3c2079fcd830,6aabc5e15ea83418e8ed9777f16ca451,delivered,2017-05-13 01:07:34,2017-05-16 03:35:21,2017-05-17 13:35:49,2017-05-24 11:17:59,2017-06-01 00:00:00
badb0dd3be1e47b016f7ce9a3a7168b8,8a3339f252e9dc4e354d7a2984558974,delivered,2018-01-15 19:21:30,2018-01-17 03:38:42,2018-01-22 18:49:01,2018-01-31 14:48:49,2018-02-20 00:00:00
ef6921f26962d93e0637eeaacf9941de,35b87045be1864a4b58652c2f9eb0192,delivered,2018-03-27 22:16:32,2018-03-27 22:30:11,2018-03-28 23:46:24,2018-03-30 00:44:48,2018-04-09 00:00:00
c255d417bffb18b3c55955e368d2da81,b8227ce6a6e6afd11de4eaaa7898811b,delivered,2017-08-04 13:54:51,2017-08-04 14:05:26,2017-08-07 17:36:11,2017-08-08 15:43:06,2017-08-17 00:00:00
769edf3b3fbf7e26277b5188c2b76ba3,8e6103f34c89287ebcbb05d852e8a31c,delivered,2018-03-11 12:47:23,2018-03-11 13:50:40,2018-03-12 18:46:45,2018-03-19 19:58:43,2018-04-16 00:00:00
71035ba1aacb91b34786a7c4647e6486,12c4d32011fcbdd2572be72eccaea17e,delivered,2018-07-02 18:07:57,2018-07-02 18:15:16,2018-07-03 11:09:00,2018-07-10 22:34:25,2018-07-25 00:00:00
7217572256d0fb150b86021f70d421fe,6ffe821e64bf61f081034e0976e74e59,delivered,2018-08-03 16:54:39,2018-08-03 17:40:06,2018-08-06 11:10:00,2018-08-13 20:32:40,2018-08-23 00:00:00
3a846739cd347ad3bf437314b9cdda78,7ddd9152d1a85790ad53511c0b6b536a,delivered,2018-03-01 10:29:08,2018-03-01 10:50:29,2018-03-02 22:22:18,2018-03-03 13:07:10,2018-03-13 00:00:00
3571bf5785e29132d318f3c5222560f7,8237cee61c92196c2722acf5ed10368d,delivered,2018-04-30 12:54:15,2018-04-30 13:12:08,2018-05-02 15:05:00,2018-05-03 18:12:20,2018-05-18 00:00:00
f8d4190f8951914e3d79e7b6b7871470,e2e3404315182f704a25f3e4f4c45109,delivered,2018-07-19 19:22:05,2018-07-19 19:35:25,2018-07-23 15:39:00,2018-07-25 18:07:15,2018-07-27 00:00:00
476fc9fd42dd474f1b044aa18508596a,3bf875459d8b5849e5cf337d53a01cee,delivered,2018-03-29 17:45:05,2018-03-29 17:55:24,2018-04-02 19:33:34,2018-04-04 22:58:40,2018-04-11 00:00:00
dd00823b8101c67e44520dd1ecead431,b1f9668ff685337055df4dc21582320d,delivered,2017-05-06 17:51:11,2017-05-06 18:05:10,2017-05-09 07:48:46,2017-05-15 14:26:43,2017-06-02 00:00:00
c754e56721e29d971fe4e9a005a3e439,b75356785b66e1b0b53860a4d5689c34,delivered,2017-06-09 14:22:38,2017-06-09 14:35:17,2017-06-12 16:07:42,2017-06-19 21:47:38,2017-07-06 00:00:00
5b6bb420d4d6d53ae28c948c9a6b900a,4b1d9c46c5fa2de5c66bade77ba60720,delivered,2017-02-01 18:00:24,2017-02-01 18:15:16,2017-02-02 09:00:57,2017-02-10 11:13:40,2017-03-10 00:00:00
b84394f64014d2bc61ef7e890cf10a0a,d7eddcfab75659e77f4423338b2b04df,delivered,2018-02-06 16:04:20,2018-02-06 16:15:31,2018-02-07 17:23:35,2018-02-15 20:13:22,2018-03-09 00:00:00
fe84e8950d87d6b977d9871fd883b76f,a25e45534cc339ba71eb5c0de2a3ad99,shipped,2018-07-23 14:53:21,2018-07-24 14:50:16,2018-07-30 15:48:00,,2018-08-16 00:00:00
64dc52176d3e6cca1ae75c53eb0e727a,ed041abc2b26793a0c64f880fc39a295,delivered,2018-01-09 12:25:33,2018-01-11 02:38:31,2018-01-13 00:13:23,2018-01-17 13:44:53,2018-02-02 00:00:00
12b1cdf04230c77662cfee01e322fbdb,4a9de1fa08a18852b69d87b5b96b7e7c,delivered,2018-07-04 20:28:21,2018-07-05 16:31:02,2018-07-05 12:27:00,2018-07-12 16:48:41,2018-08-10 00:00:00
5bbe7f112bd14e57a504dd0fd237e362,a95017f19805adc3b0c466bb6fb3c053,delivered,2018-03-03 21:30:29,2018-03-03 21:48:36,2018-03-05 23:57:26,2018-03-06 17:08:57,2018-03-15 00:00:00
1f26d6dc18f5315e3177b291a579b492,be21429a47f9e357db99554634064f00,delivered,2017-10-12 17:27:15,2017-10-12 17:36:32,2017-10-13 22:41:20,2017-10-30 16:22:42,2017-11-09 00:00:00
049c19712aca2d6e4ddc43c83183cdf6,6ed3266befbae92b0eed83e8bde7ca27,delivered,2018-04-14 11:42:40,2018-04-14 11:55:17,2018-04-17 00:42:39,2018-04-23 23:21:53,2018-05-09 00:00:00
c7f2160ec04e1391b0c36a9414fbd118,331a3a68b62e0881c9ead76644882bc2,delivered,2018-01-09 21:50:02,2018-01-10 10:31:59,2018-01-16 11:52:17,2018-01-19 23:57:56,2018-02-07 00:00:00
a7a623c645c38ce143105be339a3781e,95c2ea614dbaea0a9d84eef22753b373,delivered,2017-11-07 09:51:32,2017-11-07 10:06:40,2017-11-07 20:34:00,2017-11-14 21:33:11,2017-12-04 00:00:00
79ff3f0a53335a2e8424d3f3c4afccea,81de1552fff952c8262932446c387a7f,delivered,2017-03-11 23:31:18,2017-03-11 23:31:18,2017-03-15 07:57:53,2017-03-22 10:16:05,2017-03-30 00:00:00
eca757f656dab48a66c9b049ae050b96,69b1caf1a9ccad914fb958699cd1468c,delivered,2018-04-17 16:25:22,2018-04-17 16:35:25,2018-04-18 21:05:24,2018-04-27 21:22:30,2018-05-16 00:00:00
373fa646df70e5064388905c109571ec,af67b2b2d0c9bf64c5337d46fcacaa00,delivered,2018-08-05 14:07:33,2018-08-05 14:24:25,2018-08-06 14:10:00,2018-08-09 18:51:55,2018-08-15 00:00:00
8f4dff9c7bdbfd26aee6064637637f24,59d30339943de8792b79b2a7835e1752,delivered,2018-08-03 10:47:35,2018-08-03 11:04:09,2018-08-03 14:57:00,2018-08-06 16:09:01,2018-08-09 00:00:00
5ebce795f868b14058961eb09ebf1cbc,334d2f3da18803bd68cdf58a72f93d65,delivered,2018-03-03 09:11:43,2018-03-06 03:55:51,2018-03-09 17:07:06,2018-03-21 16:12:11,2018-03-29 00:00:00
fd7f923cec63405c5df9b1f05d0572bb,d350a613608b1daf059e9ecf45d0aa54,delivered,2018-08-12 11:24:47,2018-08-12 11:35:16,2018-08-13 13:11:00,2018-08-17 01:52:31,2018-08-23 00:00:00
c01aae679dd48cf072b9e26756b4ba11,5231b1faaf0bc107b97fb0c764f2ed76,delivered,2018-08-16 16:39:14,2018-08-16 16:50:20,2018-08-17 12:15:00,2018-08-23 21:08:45,2018-09-10 00:00:00
6affff7ca93622555a65d2d9a169070f,0e681bde5fba98aac2a57c904d4401c9,delivered,2018-04-09 13:58:18,2018-04-09 14:10:26,2018-04-10 19:12:15,2018-05-04 19:42:14,2018-05-08 00:00:00
139dbedc84f28f9d9da423fb52a57f80,6df2682141364855f009693a8e17f07f,delivered,2017-08-26 17:56:05,2017-08-26 19:31:00,2017-08-28 13:57:48,2017-09-09 13:44:56,2017-09-22 00:00:00
002af7fa9eb99d1456bceb6a13d6fc0b,bacf5021c97183a2a3946dff31e56098,delivered,2018-02-18 18:46:28,2018-02-18 19:46:50,2018-02-19 20:35:16,2018-03-12 18:15:42,2018-03-15 00:00:00
34ce4b17ec05e81a70a78a7ff7a76930,9290739baf91f2aa41a56d1fce6d7f12,delivered,2017-09-18 22:03:19,2017-09-18 22:15:22,2017-09-19 20:02:16,2017-09-25 22:34:53,2017-10-04 00:00:00
fc1f487d0efab2d3865ea6a570eaa9e7,bb29d68e8170d6917599ffb4b929486d,delivered,2017-11-29 10:09:16,2017-11-30 02:24:12,2017-12-01 20:49:48,2017-12-19 18:38:54,2017-12-27 00:00:00
c5e3762173a6276b31e43d49c34aaca5,06d58d7e936fa3072aa438a94f62a667,delivered,2017-11-14 22:39:20,2017-11-14 22:51:10,2017-11-21 14:55:39,2017-11-30 19:22:58,2017-12-27 00:00:00
7e92dca255c67a8c5a8516d401938727,dd46ad4fa9185c967cd7b2a1223ab180,delivered,2017-04-02 12:15:34,2017-04-04 05:45:13,2017-04-04 13:16:50,2017-04-10 14:19:20,2017-04-24 00:00:00
26bcc6734abd841f5e3d6244bf0dbacb,bec1251276f3b4e0da3595cd587f7a92,delivered,2018-03-22 14:59:06,2018-03-22 15:15:40,2018-03-23 19:49:25,2018-04-03 01:41:51,2018-04-18 00:00:00
888cd47e6e7e16e596224b8217f725d9,0b67df0f3cd35096e2b545e0c11d7422,delivered,2018-06-11 14:58:57,2018-06-12 09:37:21,2018-06-13 07:04:00,2018-06-16 16:32:21,2018-07-12 00:00:00
01e4eeac4002b2e57b7ada6bc3a3c38f,73b858b84d3afef2fdc6a26f3ee8c6f7,delivered,2017-08-01 18:44:07,2017-08-01 18:55:11,2017-08-03 18:32:51,2017-08-08 20:33:42,2017-08-21 00:00:00
920756b1d71382fbb42a0e9fd5b7e31b,37735129555bd983d0fc87bff0f32d4d,delivered,2018-06-26 22:09:38,2018-06-26 22:47:47,2018-06-27 08:03:00,2018-07-03 02:16:54,2018-07-18 00:00:00
8f403b0cd8695918b7937e91e5b39c5e,6b6ce6c8cd50fb6696add6fdecb1a574,delivered,2018-03-12 13:30:51,2018-03-12 13:45:30,2018-03-12 23:36:27,2018-04-24 21:50:46,2018-03-28 00:00:00
1a6d26b1e091ff1b177f8d1c45d46650,468685ea2f9a9f45b7b7d8fd81a3251e,delivered,2017-04-23 19:38:20,2017-04-25 08:23:06,2017-04-26 19:46:04,2017-05-09 09:50:04,2017-05-15 00:00:00
fd4b42de96e38f3ff9bfc0072f2bd40c,a6158e68df6fcd19fff7051f119f2072,delivered,2017-09-01 15:33:11,2017-09-02 15:25:11,2017-09-04 20:14:04,2017-09-15 23:27:52,2017-09-29 00:00:00
f13b840cea352162c91e2b38d2fc89a0,3b44a902249fc98487de5a44872a9cee,delivered,2018-01-12 09:51:27,2018-01-12 09:59:23,2018-01-12 23:53:44,2018-01-15 15:21:32,2018-02-05 00:00:00
890808772a9033ae8c53ca09ef4d95a7,f27a826c24b960c00718bd0673d47e74,delivered,2018-01-23 22:21:52,2018-01-23 22:34:53,2018-01-24 22:24:50,2018-02-16 17:34:22,2018-02-22 00:00:00
6607ca536882b974ea594bc640b01519,bd4395ee7d93d3f00931fb86112ac69a,delivered,2017-05-14 21:00:40,2017-05-14 21:10:18,2017-05-17 06:52:36,2017-05-22 13:17:55,2017-05-31 00:00:00
ab013cc9a51ed2e31f9a0e775f9c0ab5,4be55781e1b8b6ba44bc3d19e1f0dc79,delivered,2017-12-27 19:09:38,2017-12-27 19:17:22,2017-12-28 16:39:07,2018-01-24 17:27:49,2018-01-26 00:00:00
e871767324d95447813ac1bf3d68b3cb,89bac28ef445727eab74b24051c8e20d,delivered,2018-04-06 17:55:11,2018-04-06 18:08:50,2018-04-10 00:22:40,2018-04-11 01:14:48,2018-04-23 00:00:00
a4053182813e7c27c89a787f74361603,39fc11c8d5b35f317879b697e7d9dcfa,delivered,2018-02-05 12:39:49,2018-02-06 04:32:27,2018-02-06 19:23:05,2018-03-02 18:42:36,2018-03-09 00:00:00
d674f43f35a8b46f907663eeabefb819,8fdcba1fbdd38ada559e315d16ecda00,delivered,2018-03-28 14:52:06,2018-03-28 15:08:53,2018-03-29 20:58:49,2018-04-09 16:27:35,2018-04-10 00:00:00
f51cb113ad5e21bc6d8082bc824fb25e,23304f69dac259edcc18688d38ab9250,delivered,2017-02-08 14:36:40,2017-02-08 14:45:16,2017-02-09 16:08:52,2017-02-13 10:05:41,2017-03-09 00:00:00
d628ca546be1f0eb162833abafc51a4a,44e0d6b64a6d16bb9db15927427084b6,delivered,2017-12-18 20:49:53,2017-12-18 21:11:03,2017-12-19 17:47:10,2018-01-16 17:03:54,2018-01-22 00:00:00
1fe30f95453f4a27d9730603bca07ebe,d6e5dc4f46a8ddad718544fa2aff3ab9,delivered,2018-05-01 13:30:05,2018-05-01 13:50:30,2018-05-02 10:19:00,2018-05-10 20:44:42,2018-05-25 00:00:00
edf0694bebf9fc2684735a6397a7a37f,d152359aea05f28cfdf5b9bf50353240,delivered,2017-10-29 11:49:41,2017-10-31 04:26:31,2017-10-31 22:03:02,2017-11-03 20:14:08,2017-11-24 00:00:00
3aebf099badf8a95a8c1831fc2373eda,c1b20d05e97c613b0983d4532371c13d,delivered,2018-06-21 22:40:05,2018-06-21 22:57:22,2018-06-22 14:51:00,2018-07-03 19:17:49,2018-07-30 00:00:00
a957d0a2751e196bf75d8ae7da002947,9121f857c9a2b19287d8d16a97b9faa0,delivered,2018-02-16 12:45:58,2018-02-16 13:06:55,2018-02-16 22:06:30,2018-03-02 23:34:53,2018-03-21 00:00:00
5c4e2e5f4cf06bd28d6020ea2afc884b,cb985c6505d91abacf7830b219c95d2f,delivered,2018-05-15 15:39:13,2018-05-15 15:56:14,2018-05-18 12:24:00,2018-06-14 23:28:29,2018-06-07 00:00:00
d3db589726a9b7179c7aa92b6b6e477e,363bec0b3084aa6749793f6406708b99,delivered,2018-04-16 23:01:24,2018-04-16 23:15:22,2018-04-17 17:08:34,2018-04-18 17:24:29,2018-05-03 00:00:00
1e7aa60419488b934fe799d6faad8b7b,cecac42920e43d56366114931e2c45ef,delivered,2017-08-01 07:51:27,2017-08-02 11:22:31,2017-08-08 14:18:38,2017-08-16 13:38:01,2017-08-14 00:00:00
ba58c5a73e8f1d2300f86d2ad3576657,3ba36e4404305d8d8a9dfdf4ca0124a7,delivered,2018-05-05 21:19:37,2018-05-08 03:55:53,2018-05-09 11:27:00,2018-05-16 15:03:54,2018-06-05 00:00:00
ce7402bf4b1e2e390963fef91b8c0df4,3ab7b49b4bbb6b99727bfd5f640b9166,delivered,2018-05-10 12:46:00,2018-05-10 13:11:57,2018-05-16 11:00:00,2018-05-23 18:51:33,2018-06-01 00:00:00
483a06928959b498933c3b7efe98a755,61398642b474ce5cdb1531eaac1b9f34,delivered,2017-05-31 18:46:48,2017-06-02 04:33:47,2017-06-02 13:12:40,2017-06-13 07:12:24,2017-06-21 00:00:00
342aec7e6313f37e8c61478fa378b7dc,5b1994bd2076858421ee0d203c3cd206,delivered,2017-10-12 16:16:15,2017-10-12 16:35:19,2017-10-16 13:38:54,2017-10-19 16:16:07,2017-11-08 00:00:00
0c16f8307002e4ec5c616b4824fef268,fb72b7779e168d8e34a6400ff4c30c29,delivered,2018-04-17 09:30:22,2018-04-17 09:51:23,2018-04-17 19:32:31,2018-04-28 16:32:36,2018-05-14 00:00:00
5f79591dc99f5f8850f6259c80b83be2,f35de5e4afc2f0462050170cb553321f,delivered,2018-06-23 23:22:24,2018-06-26 05:12:59,2018-06-29 15:48:00,2018-07-03 17:17:06,2018-07-25 00:00:00
5b5ca75222f3aeb5ae3b27547d4d8792,d0063b73907fed10b23f0dcca4a9bcf3,delivered,2017-03-22 07:14:31,2017-03-22 07:14:31,2017-03-23 14:42:54,2017-03-27 11:51:51,2017-04-13 00:00:00
11465335eaf9161b2af16053bd18631d,0d4d04092cac5c656bf7ae1c4b6a90f5,delivered,2017-11-10 23:46:05,2017-11-10 23:55:22,2017-11-16 19:53:24,2017-11-23 19:22:12,2017-12-04 00:00:00
c487fa98ecd15cd13d1467d49ec6af47,7834afa97968dd289e626584199c7b0e,delivered,2018-05-04 11:52:04,2018-05-05 03:35:18,2018-05-07 15:01:00,2018-05-10 18:02:49,2018-06-12 00:00:00
1181230c4743b8e0ace4ef00a84670e5,136f8c475ac7abd11f3c8f93c24f88d8,delivered,2017-07-19 17:32:29,2017-07-21 02:50:33,2017-07-21 18:28:20,2017-08-09 21:18:41,2017-08-22 00:00:00
4ad760354457429a4d9206e508608268,a9bafa3709ad518f5ee4cce33af62751,delivered,2018-01-07 21:18:44,2018-01-07 21:28:32,2018-01-10 00:03:18,2018-01-10 20:18:40,2018-01-24 00:00:00
fec5a30841300e1ebf3aa37f9023f345,d7646582015c6b6a78181b7ea0688f12,delivered,2017-11-20 11:46:56,2017-11-20 12:07:07,2017-11-21 21:30:11,2017-12-05 18:19:09,2017-12-12 00:00:00
45d0086d88024df86e193e5bf86bc989,daa89e848fb45343429ecba9c5021aa3,delivered,2018-06-07 15:54:18,2018-06-07 16:20:57,2018-06-08 13:37:00,2018-06-19 13:40:54,2018-07-11 00:00:00
40d702a17a6d8b52548cb922505283a9,f03aaf0ded9a8ad957afbd1efef59e80,delivered,2017-03-14 23:41:19,2017-03-14 23:41:19,2017-03-24 17:08:45,2017-04-10 11:57:10,2017-04-07 00:00:00
a0374a3c81d4e6b8d83689f9b9345dcf,6d3a7e32c60fe9d9c65210c893d5d980,delivered,2018-04-05 11:27:47,2018-04-07 02:48:16,2018-04-10 01:42:50,2018-04-10 18:55:32,2018-04-20 00:00:00
6c6ad994709e497d8bbc043b3d9884ba,c20523f1c93a2817b6e0d83819c52607,delivered,2018-08-09 16:56:44,2018-08-09 17:45:18,2018-08-13 14:32:00,2018-08-14 21:11:49,2018-08-14 00:00:00
ec3f1d110d6cf6a87602ad54a075f04b,3f33cd9a014cc74c243f89efa2ef3ec6,delivered,2018-08-23 19:09:34,2018-08-23 19:24:38,2018-08-24 14:19:00,2018-08-30 20:36:49,2018-09-04 00:00:00
04e45523ce26353e6ba6a713afd77b82,1621186550be18f3174537f01be9a088,delivered,2018-02-27 14:09:55,2018-02-27 14:29:06,2018-03-02 02:14:10,2018-03-20 22:03:34,2018-03-19 00:00:00
194722a4c1cad67f5b368dce6edcc88a,575ef70c7539be8b334b433a37246097,delivered,2018-03-28 16:30:53,2018-03-28 16:47:58,2018-04-04 21:32:01,2018-04-06 20:56:50,2018-04-10 00:00:00
d4e42f9170131eed76bf87f17541bc48,eccc13ce9951db3da439027211bdb3dc,delivered,2017-03-11 14:21:09,2017-03-11 14:21:09,2017-03-13 10:41:20,2017-03-21 16:18:00,2017-03-30 00:00:00
691548a8f95ca2e83c1ffa5df7140739,2e9885a628a85fa34163ca87cebb5d44,delivered,2018-02-14 00:37:19,2018-02-15 03:51:30,2018-02-21 21:09:15,2018-03-05 14:33:25,2018-03-19 00:00:00
34632259a2507c931af71e41faaf35a5,dcc80d06b3488b79f9e4ad23364b16bc,delivered,2017-04-05 19:59:24,2017-04-05 20:10:17,2017-04-06 14:38:36,2017-04-18 14:15:03,2017-05-08 00:00:00
d47c2d8c2b87d0d6ef7d4db06bf359ee,1b4161aae1f4de9b9756f21e46ae2106,delivered,2017-07-05 09:59:32,2017-07-05 17:39:28,2017-07-07 19:39:00,2017-07-14 20:23:47,2017-07-27 00:00:00
e0bacd42e5f8077488c0a9f4dcfe66da,ad9e8236c07bc00edfcd2f7805ceb771,delivered,2017-04-21 00:11:35,2017-04-21 01:05:19,2017-05-19 08:46:40,2017-06-08 13:22:16,2017-06-02 00:00:00
26693e638808e1e5a1b09eaa16a1fde8,d2b8fe9527c39135994ad21bd147ab3e,delivered,2018-01-03 15:32:26,2018-01-03 15:46:44,2018-01-11 14:37:27,2018-01-12 21:06:52,2018-01-19 00:00:00
4726e333b8605a51b03b823f5021f3d1,4b3ad0a2a19d1c9c0f06e0010204094a,delivered,2018-06-20 13:41:47,2018-06-20 13:58:00,2018-06-21 14:46:00,2018-06-26 21:24:47,2018-07-19 00:00:00
9740d42a9b2382330f2b00d90f34def0,4095e905c0684c956424a8b941a2868c,delivered,2017-03-14 10:20:54,2017-03-14 10:20:54,2017-03-17 10:41:52,2017-03-21 11:12:10,2017-04-04 00:00:00
816ccd9d21435796e8ffa9802b2a782f,6eb400779c4aad2461aa5f0badbcf7ec,delivered,2018-08-01 22:00:47,2018-08-01 22:10:16,2018-08-03 08:54:00,2018-08-07 15:13:50,2018-08-22 00:00:00
0c7a17af18a4180dbfee261ce22edb69,73c2df352cbd86c80f9aaa6da043d2f1,delivered,2018-03-17 17:38:38,2018-03-17 17:51:01,2018-03-19 23:48:20,2018-03-20 16:03:18,2018-04-05 00:00:00
c84e12372b525943bc1de0f837193aa1,1cbb5a95ca930a326a89fe1160953851,delivered,2018-07-30 12:14:11,2018-08-01 03:32:18,2018-08-02 13:21:00,2018-08-06 16:42:43,2018-08-13 00:00:00
69d126e78947276280838ee9361f5505,247a1241b0292ffc8167f7391be2f7cc,processing,2017-03-30 15:23:23,2017-03-30 15:35:11,,,2017-08-22 00:00:00
583538329b34516bedbb834c9fe05325,28dd168fc770453ccc672de7c71b3813,delivered,2018-01-20 17:59:20,2018-01-20 18:30:28,2018-01-22 16:41:32,2018-01-27 16:55:41,2018-02-14 00:00:00
8e4f9161e403e220dee5b8eb22f0a3c2,f1767a32653232f3dba7cf216c6e340b,delivered,2017-10-26 17:52:41,2017-10-26 18:31:28,2017-11-06 19:28:19,2017-11-13 19:28:51,2017-11-23 00:00:00
b99e5b462412361aab3168e1a40bdde8,725a1142e2f3af3a6795d5fcecba5217,delivered,2018-04-11 18:50:41,2018-04-11 19:10:37,2018-04-12 20:51:52,2018-04-13 20:51:21,2018-04-26 00:00:00
75f041ff00fa67ba7b8b9521ea8d3a2f,39f1cf2887c445a68f47797f05872f38,delivered,2017-03-12 10:02:30,2017-03-12 10:02:30,2017-03-22 06:06:04,2017-03-24 15:45:36,2017-04-20 00:00:00
361f034789232a97f47cc1d000c930ae,72bf3d263baa8682be8224662f7e3671,delivered,2017-07-02 16:57:39,2017-07-02 17:10:18,2017-07-04 12:44:45,2017-07-12 19:39:23,2017-07-28 00:00:00
9e119efc7690fb6c238eca967793fd34,fd2ca161eb019112dc7215d72b574e9e,delivered,2018-08-18 15:26:01,2018-08-18 15:49:16,2018-08-20 15:40:00,2018-08-24 18:48:40,2018-08-30 00:00:00
e05fc2bf6a17ea7abb299e131dde76fa,fc969cccd424bdf1a70bd6eb204c4984,delivered,2017-12-06 14:07:34,2017-12-06 14:15:22,2017-12-08 21:38:42,2017-12-14 18:51:55,2017-12-26 00:00:00
5065c673bd9aed56b2628c56c93d0619,684c54e39ad144042159c307a9222af7,delivered,2018-04-13 09:32:26,2018-04-13 13:15:39,2018-04-13 22:18:31,2018-05-02 19:51:02,2018-05-15 00:00:00
e543b020936a3e9d38da0839c47bc358,e23e8c2a4188a963412e36bebe5382f0,delivered,2017-08-31 22:26:00,2017-08-31 22:35:21,2017-09-05 21:42:42,2017-09-13 16:38:21,2017-10-06 00:00:00
d3f66901a6743e15f9311547cc623b91,19b32919fa1198aefc0773ee2e46e693,delivered,2018-03-21 15:06:34,2018-03-22 17:48:31,2018-03-23 17:37:05,2018-04-02 23:33:33,2018-04-12 00:00:00
9e7088941513acdd786e771544ff78a7,e71fe33c737841b5ecb75b8562490529,delivered,2017-11-24 21:33:41,2017-11-25 00:36:05,2017-12-05 18:22:36,2017-12-06 16:57:53,2017-12-11 00:00:00
338515ff7c1216299678e18a593799a5,a5252e81424e5fb2c7ddf01256cf94e0,delivered,2017-10-22 17:32:58,2017-10-22 17:49:24,2017-10-24 22:07:55,2017-10-30 19:33:50,2017-11-14 00:00:00
abe4bb0d5f5e83b74e08e54f5aef8c35,4828a6413ea05bd3e64c16b7adf755cd,delivered,2017-09-28 00:23:56,2017-09-28 01:32:48,2017-09-28 17:38:54,2017-09-29 12:51:43,2017-10-16 00:00:00
1d5d2c4b53d1185f9184aac9e441e521,f6cdb144990183171068ee3199caa965,delivered,2018-03-14 14:34:27,2018-03-14 15:08:34,2018-03-20 18:44:45,2018-03-29 23:34:38,2018-04-05 00:00:00
0d318172edd07ca95c0015267fab29ad,6708d02d736947cd061c16d7f077ab3c,delivered,2018-04-29 14:26:30,2018-05-01 05:54:36,2018-05-03 14:03:00,2018-05-17 01:33:43,2018-05-25 00:00:00
ec6dbe29a25ab63db6148325f242268e,b137076cda741658193ccbdec3b05d9b,delivered,2017-11-21 14:26:31,2017-11-22 14:16:04,2017-11-23 17:02:57,2017-12-01 20:48:45,2017-12-15 00:00:00
2eaf7dfaeccf310af1144ee1fa72fe08,434578b516569304f13fbe1d24226ffc,delivered,2017-06-08 17:59:16,2017-06-08 19:03:27,2017-06-09 17:25:56,2017-06-16 14:12:04,2017-07-03 00:00:00
de4200e70f1ba056e8e0ce5a6b057f76,59b6f5938b3ea3ffc6326ec7fc60f7b7,delivered,2018-08-15 14:03:08,2018-08-17 03:30:35,2018-08-20 11:26:00,2018-08-28 13:48:52,2018-09-25 00:00:00
882634702ad671a4a28319adef8f058b,64e3294ce026b7e6af1342b9985423b8,delivered,2018-08-26 22:41:03,2018-08-26 22:50:21,2018-08-27 12:08:00,2018-08-28 19:11:57,2018-08-31 00:00:00
de70c6f08877949ed4973bb0e4aaaa77,fb669b7a4d4ea214fb00d2e4cd70b321,delivered,2017-07-19 01:26:50,2017-07-19 01:43:46,2017-07-19 17:56:47,2017-07-26 10:46:31,2017-08-11 00:00:00
8c2a426cd8a3c5fbe7d79b4696a5d20b,642e3b504a61c1898bf061f0d48dae51,delivered,2018-03-17 23:06:17,2018-03-17 23:27:44,2018-03-20 16:11:43,2018-03-21 17:13:25,2018-04-02 00:00:00
396a192aba5ce4ea3612711cf5d6bfc1,f5c3ad225e5c12d6a5b22e684f73c907,delivered,2018-06-08 22:23:18,2018-06-08 22:35:11,2018-06-11 10:49:00,2018-06-19 21:03:11,2018-07-03 00:00:00
dfb257681efc64103bc309ffee479b9f,8fe979441d9c7ea25e5bf77c7b1d06b6,delivered,2017-07-26 19:27:18,2017-07-26 19:43:18,2017-07-27 14:31:53,2017-08-02 19:35:55,2017-08-15 00:00:00
e8c31684699efc784688d7ab3396b77f,5ad73b0889b04ff1e68d489677b7cb64,delivered,2017-09-12 08:40:32,2017-09-12 08:50:20,2017-09-12 21:46:55,2017-09-18 19:49:45,2017-10-06 00:00:00
898b6a712c7a937ddd5c83464360d51d,8b5e899f6beae4402997de27e382c736,delivered,2018-01-22 11:29:04,2018-01-22 14:22:18,2018-01-26 22:53:01,2018-02-01 23:31:37,2018-02-21 00:00:00
b16d9ba816a4e2f57ca956815f71f856,b11c500270db8e91851a015eb7268f9b,delivered,2018-05-07 11:30:12,2018-05-08 04:15:31,2018-05-08 15:55:00,2018-05-11 20:34:42,2018-05-30 00:00:00
fcf819c2f6fb3772c2fe09e127697ba3,52f2e38afd9ee156881683cfe8a89ffc,delivered,2017-07-03 13:58:53,2017-07-03 14:15:17,2017-07-06 09:54:30,2017-07-12 19:07:50,2017-07-25 00:00:00
1894d82dee0829455132dc62056cd7da,75f3f184df3d845335a012d683988884,delivered,2018-01-15 18:31:48,2018-01-15 18:51:45,2018-01-16 18:03:31,2018-01-31 00:33:16,2018-02-09 00:00:00
42224531474cdee935585c33923edeb5,9302710415234bb43b1971474511267d,delivered,2018-03-14 08:03:24,2018-03-15 03:31:35,2018-03-20 11:11:33,2018-04-04 01:21:58,2018-04-12 00:00:00
0b710815eacb6ac13165d4cf70dbd5cf,48c75023334a516ed72d8dfb615be9d2,delivered,2017-02-18 17:26:05,2017-02-18 17:42:35,2017-02-20 14:20:33,2017-02-24 05:11:47,2017-03-21 00:00:00
1dfc7ead9e47fdebed64c8ad48b4bb89,2fc48ea267ef127da7bb3bd9d34be2ee,delivered,2017-06-02 19:50:45,2017-06-02 20:05:13,2017-06-03 09:38:18,2017-06-08 10:12:40,2017-06-27 00:00:00
91bc1260ece478b989b1ea298d153ac8,cbb626598bec148e34d513bae9280e8e,delivered,2018-01-25 14:47:07,2018-01-25 15:09:37,2018-01-26 19:08:42,2018-02-06 16:04:04,2018-02-26 00:00:00
9c990d5aff064d220ea8962a5d97f4a9,42a2af95bbf8a66f1eef9611be7231b2,delivered,2017-03-13 02:22:34,2017-03-13 02:22:34,2017-03-13 11:15:34,2017-04-01 14:45:57,2017-04-04 00:00:00
7b2bc7c55531623ea7b22e2a191b21cd,ee7406f297c95bc245c9fbd29a8895d1,delivered,2018-04-16 14:49:20,2018-04-16 15:15:25,2018-04-17 19:22:08,2018-04-25 19:34:57,2018-05-29 00:00:00
566664b31c9fed474421011b0fe4aaed,61ca1c91479ab015711930b5e4e429a3,delivered,2017-08-07 14:20:35,2017-08-08 10:50:15,2017-08-16 19:35:03,2017-08-24 19:36:49,2017-09-08 00:00:00
e20048c62eafbe51818f6dd9f3be724e,56e63406ad840b9429b59c47b9122f42,delivered,2018-03-07 16:05:56,2018-03-07 16:40:32,2018-03-08 17:05:30,2018-03-09 17:56:39,2018-03-19 00:00:00
f2db192253fbe0e938681e583c8e99e4,9dcad5209031922904ad237a92dd0969,processing,2017-09-22 11:05:56,2017-09-22 11:27:36,,,2017-10-17 00:00:00
580e2b6c3cb7687af1cb01ebeed86265,6c9a5923526346cbc0bd7bbd92269c01,delivered,2018-08-22 11:39:32,2018-08-22 11:50:14,2018-08-22 22:07:00,2018-08-23 18:34:25,2018-08-27 00:00:00
6cb0e1664e861687126a22bcb14e9def,e403023e5cf3d1058cab56bbf045f020,delivered,2018-01-09 08:58:44,2018-01-09 09:32:26,2018-01-10 20:30:14,2018-01-17 18:53:11,2018-02-07 00:00:00
f1036577176d907152534984bfd5018f,31c43d592a664912961da43c0484db8e,delivered,2018-08-05 20:28:39,2018-08-07 04:24:39,2018-08-07 14:05:00,2018-08-11 19:27:38,2018-08-15 00:00:00
724b19e5eca8ec552146bf7904b4cbeb,9e0773fb262bb0872dddbb606ccf3fb7,delivered,2017-08-08 09:02:22,2017-08-09 03:04:27,2017-08-21 22:41:11,2017-09-04 20:07:59,2017-09-26 00:00:00
7a2a2633b023ac3ee1dc583d44181b2a,acda596e71f174ace07dc4901cdd07dc,delivered,2018-08-16 11:37:32,2018-08-16 11:50:15,2018-08-16 14:40:00,2018-08-20 19:33:12,2018-09-10 00:00:00
f862cc760ea45f37e508061af8392161,47192afca0ea2f6927f782257e18fe4e,delivered,2018-04-08 19:27:48,2018-04-08 19:35:22,2018-04-10 17:59:42,2018-04-12 10:51:54,2018-04-25 00:00:00
0eb2e52e71b7f59b62ea59b139e5a254,ff636b0dc3b46a716505c283339c4490,delivered,2018-07-06 10:27:34,2018-07-06 10:35:13,2018-07-06 11:23:00,2018-07-11 16:24:40,2018-07-19 00:00:00
1e8ea8fda49ecffe10111ac1d475ff47,693a6fb212be2902e0a252ca094c61e2,delivered,2018-02-09 12:02:26,2018-02-09 12:11:06,2018-02-09 20:52:25,2018-02-28 16:38:47,2018-03-09 00:00:00
78ed13dc9c5f51a880ae17567451dc74,c1213f08baad6169d988b64cc7da1f97,delivered,2018-01-16 12:50:50,2018-01-17 12:50:06,2018-01-25 22:25:33,2018-02-02 20:29:07,2018-03-07 00:00:00
a13562e9c4b0eb8e6ae0946073b213f8,135e503efe2b8d5fdf89541557c5aa37,delivered,2017-06-14 13:59:35,2017-06-17 03:46:10,2017-06-22 12:44:00,2017-06-23 11:22:15,2017-07-13 00:00:00
2447371e2d56b6efd605d73aff766657,214ce9e02ac216cd4635b77c9f8e2fa9,delivered,2017-11-07 11:37:18,2017-11-09 08:26:17,2017-11-10 20:07:41,2017-12-13 18:48:37,2017-12-11 00:00:00
3c8ac84fe0d090d76cb65e2db3bdefbf,2accf81d596636b3992c483970215df5,delivered,2017-11-12 12:33:00,2017-11-14 12:50:29,2017-11-16 20:48:45,2017-11-22 21:34:42,2017-12-04 00:00:00
ec75a563a9c1e88a534f34f1280b0c8b,fecfd9ec343c6f14772632fd353af15c,delivered,2017-07-16 23:57:02,2017-07-18 06:05:39,2017-07-19 11:46:44,2017-07-25 22:39:42,2017-08-14 00:00:00
c606b6bf8e4f7fd3289dae004615ded4,59a1219ee5697cdabb24d96feb977fb6,delivered,2018-08-07 19:57:46,2018-08-07 20:10:19,2018-08-08 14:44:00,2018-08-15 22:20:56,2018-09-03 00:00:00
ab61bc2f1cfb5d35ddec00c374c09970,7961bd238ef76f1e6defc5e33bc9457d,delivered,2017-11-13 09:06:38,2017-11-13 09:15:33,2017-11-16 14:49:44,2017-12-11 18:37:39,2017-12-13 00:00:00
003a94f778ef8cfd50247c8c1b582257,da108bc410acffb1400cf9caea65a332,delivered,2018-08-03 14:52:31,2018-08-03 15:05:14,2018-08-06 14:12:00,2018-08-24 00:18:38,2018-08-15 00:00:00
854188fefe5ebe57606ffc9cbd963d93,63f4197fc4ab9986a9d1a9af4f313974,delivered,2018-03-08 09:24:34,2018-03-09 02:35:24,2018-03-12 16:28:40,2018-03-20 19:32:48,2018-04-03 00:00:00
81539e7eb97d9fba708603ac8f00b6c9,d8c691db81a5838b59f3bd3ae93e5291,delivered,2018-04-30 11:29:36,2018-04-30 11:51:15,2018-05-03 12:16:00,2018-05-14 17:36:51,2018-05-18 00:00:00
c99bf9bf2c26094ff4786e6bf919d14c,50e215d0a467bdcbe63fe427bcff8698,delivered,2018-07-25 14:51:37,2018-07-26 09:04:34,2018-08-02 12:08:00,2018-08-08 14:41:46,2018-08-20 00:00:00
b7d132ccaa4a7e53c9fb25ff9979fc35,4b9a9a8f782e51945f239d38303a0d5a,delivered,2018-08-02 12:05:57,2018-08-02 13:04:18,2018-08-03 14:14:00,2018-08-09 23:26:42,2018-08-22 00:00:00
53525abf5054043e8c142bcb76170605,0df33b409cd66353c380327afa092214,delivered,2018-05-26 16:06:49,2018-05-26 16:30:27,2018-05-28 15:26:00,2018-06-01 19:48:41,2018-06-20 00:00:00
c7aa0d557dc01880717bbcce8c72640e,cc492e0bf69baaceb9f1e1d432e63960,delivered,2017-11-05 16:14:34,2017-11-05 16:26:44,2017-11-08 20:28:48,2017-11-20 22:48:45,2017-12-06 00:00:00
cd9a4a2f34981d431266156f950ce0ef,1a29814ab6e4206da679cab75575ccaf,delivered,2018-06-07 13:36:53,2018-06-07 13:57:30,2018-06-22 08:34:00,2018-06-28 11:12:46,2018-07-04 00:00:00
de8d4b40800d2483074fe491bd25aed4,95b0cd118d1f2dea54bdd21f996daf24,delivered,2018-03-29 17:39:12,2018-03-29 17:50:12,2018-04-02 15:37:22,2018-04-05 20:19:05,2018-05-03 00:00:00
1a561b1e30fd914ae3cf3f82bf41d02b,81a3e7cd170e78eb9298e035f5afbcba,delivered,2018-08-15 15:39:22,2018-08-15 15:50:33,2018-08-16 14:42:00,2018-08-20 21:58:39,2018-08-29 00:00:00
5feeb22d03c193159f3e223c2a87e745,f73609d2a35c0eb14e3918d3eaf41ae4,delivered,2018-07-09 19:44:31,2018-07-09 19:55:24,2018-07-10 12:22:00,2018-07-11 16:28:30,2018-07-18 00:00:00
4d605dc9c5436f936edfd77a5c410297,c98fb088d7f8d69689e87c26a87b17ae,delivered,2018-05-15 10:56:29,2018-05-16 10:54:13,2018-05-17 09:34:00,2018-05-22 20:26:54,2018-06-04 00:00:00
ca70cf8792727da384ba1b6e384cfbf6,2a0fac767e1db2a693c798963e7a597a,delivered,2018-06-07 22:42:55,2018-06-07 23:13:56,2018-06-20 14:09:00,2018-06-25 21:42:28,2018-07-27 00:00:00
2a66d384322fe0cce57c8083d687a79e,1abb0c19ec88e40555c8ee5ba6f2a102,delivered,2018-07-05 21:27:24,2018-07-06 21:30:56,2018-07-10 15:42:00,2018-07-23 22:33:44,2018-07-31 00:00:00
e062a8654d4b657cdf2b673c0b2bac8d,4e1407992163f99771bf7b645a948473,shipped,2017-07-03 21:34:43,2017-07-04 21:25:19,2017-07-05 14:59:41,,2017-07-25 00:00:00
e85e15e26534991f32622474410df797,88d59b96701be9dcff55c631576534e5,delivered,2017-05-15 23:58:39,2017-05-16 01:02:33,2017-05-16 10:50:26,2017-05-22 08:35:59,2017-06-06 00:00:00
c1deab56eafcb4bec7703bbe7bd25137,e79dc41727a1e98c2f8f042a432b6ead,delivered,2018-07-19 09:36:34,2018-07-19 09:45:16,2018-07-19 11:23:00,2018-07-25 13:56:45,2018-08-06 00:00:00
7653f0e54956ba6711e889c7556220d8,d56e7f4b619c4e92bb318fb9543d0015,delivered,2017-10-18 16:19:20,2017-10-18 16:36:09,2017-10-19 15:23:08,2017-10-24 13:17:15,2017-11-06 00:00:00
c98b0fbac2717f072d5089e8af088304,1c1e931635c21508c29086be9de9aada,delivered,2016-10-08 18:45:34,2016-10-09 13:57:01,2016-10-13 13:57:02,2016-10-16 14:57:02,2016-11-30 00:00:00
1775d08d5bb17403e4aa021b892af4fd,866d7bc09758ce96d446bd607aef45cd,delivered,2018-05-10 15:52:03,2018-05-10 16:20:45,2018-05-11 09:19:00,2018-05-16 16:18:57,2018-05-29 00:00:00
4b0643d86789f4338499288433e36b70,72a06cb6380fb74e2ad5c3ec0347304b,delivered,2018-06-11 17:02:49,2018-06-11 17:38:22,2018-06-14 14:28:00,2018-06-29 18:34:31,2018-07-18 00:00:00
6700e629f418ddeb79399ea782299e0b,e288e444e861a640a1180abf998c44a6,delivered,2018-01-18 14:10:18,2018-01-19 02:37:29,2018-01-24 18:54:19,2018-02-02 22:22:19,2018-02-22 00:00:00
3cf431b2cfa1f67ed4e516f923cab5be,d8c55c7422664ef325ce902ff97c6221,delivered,2018-03-02 11:30:07,2018-03-03 13:31:01,2018-03-06 23:33:05,2018-03-13 17:18:58,2018-03-26 00:00:00
466956eafdf33e09b80a44e188ceb5b9,ac5fff54784cd57c4f30e4e90639c8a3,delivered,2018-02-06 13:38:06,2018-02-06 14:15:45,2018-02-09 15:22:28,2018-02-11 16:32:42,2018-03-05 00:00:00
b88def55d8e39ea8afc287fe308871ac,a68b8b4011c3d0f373a80920fef871c3,delivered,2017-11-24 12:59:09,2017-11-24 15:13:54,2017-11-27 18:28:57,2017-12-19 17:09:59,2017-12-21 00:00:00
3c874b19a0eb27d93a473e03468d44b2,d99a90ad206e0b575ecbe91bf65b4c1c,delivered,2018-01-17 15:34:28,2018-01-18 15:36:25,2018-01-22 14:38:22,2018-01-29 21:45:08,2018-02-07 00:00:00
cf8599929a878b1cd1ef7844dbf4d7f2,bc325f6a16500a6eb5ac8d20ef1290ce,delivered,2017-02-26 20:16:47,2017-03-02 03:45:12,2017-03-08 01:17:48,2017-03-10 04:34:17,2017-03-20 00:00:00
99f1b8c7375ffb25df3f411e1268cd7f,b4f631cfec661a9c707a64ec7cb0c9ee,delivered,2018-05-07 21:24:38,2018-05-07 21:35:28,2018-05-09 12:39:00,2018-05-19 00:12:31,2018-05-28 00:00:00
a5ea4a54db4df8ed51c9044097d480ea,2519617f72eb156b405fdefb65641ca1,delivered,2017-07-01 23:17:58,2017-07-03 13:05:14,2017-07-04 14:51:49,2017-07-26 19:25:44,2017-08-04 00:00:00
3f66951bb45f5371d8127bb5147f6aba,43b55482f2fcf1aa507f493fa60ad3d2,delivered,2017-03-12 18:57:31,2017-03-12 18:57:31,2017-03-17 15:04:16,2017-03-21 15:14:28,2017-04-06 00:00:00
0ae3b855f8b744f0999f8dd01e3598f0,98fc2f89ab49b52794051074ef9fd395,delivered,2017-08-01 15:14:09,2017-08-01 15:35:26,2017-08-03 21:32:46,2017-08-10 18:27:39,2017-09-04 00:00:00
f309544e0fa881330c466bff31564da2,e3955fa3e47f671daee67a0d145e119e,delivered,2017-03-11 13:53:27,2017-03-11 13:53:27,2017-03-13 14:52:07,2017-03-17 11:06:56,2017-04-05 00:00:00
a4a234174a4aa5d0d13f339d9308c4ec,aa14097868008504a3c5304dbbd71f9c,delivered,2018-08-17 12:58:36,2018-08-17 14:27:18,2018-08-20 14:11:00,2018-08-27 17:34:44,2018-09-21 00:00:00
d0b00b87c4e240a8c84a2cf01548439f,3723c0426e228af1f40c3a81174547db,delivered,2018-02-10 18:28:45,2018-02-10 18:48:19,2018-02-17 03:58:57,2018-02-22 16:29:03,2018-03-06 00:00:00
69cb0d195f5c4d7f9d4a13bfb8d65600,0af59dbe6e966baed8513b1093e7228b,delivered,2018-06-07 18:01:09,2018-06-07 18:17:35,2018-06-09 08:32:00,2018-06-13 21:48:50,2018-06-26 00:00:00
fe11b81a5e03910e810cd1d5381f24bf,0b8d2ad15128237bd3cd846b803da9b0,delivered,2018-06-08 20:44:23,2018-06-12 05:36:47,2018-06-12 10:47:00,2018-06-15 15:14:51,2018-06-26 00:00:00
b2ab1e0470beda1aac2094a2ff9d5bd8,27bd319dc286f46206b0339c28d3161a,delivered,2017-08-14 21:32:38,2017-08-14 22:25:14,2017-08-15 17:50:06,2017-08-18 18:13:34,2017-09-08 00:00:00
86dfa937c43f021fdd93264d20c8537b,28f3fc31aefbcec77fb558bfc2f91e61,delivered,2017-09-07 18:04:41,2017-09-09 05:04:13,2017-09-11 16:56:00,2017-09-21 14:50:35,2017-10-13 00:00:00
5ba66d346be6e2116fed589d3d644346,4f3f2731dffc6342c607559b905e4201,delivered,2018-05-07 09:22:57,2018-05-07 16:55:58,2018-05-09 15:48:00,2018-05-14 16:57:36,2018-05-25 00:00:00
a79c3cd45ec537f2601568523049fde2,168a7c55addb68d11de8cb6f86ea367c,delivered,2018-02-08 23:12:48,2018-02-08 23:27:32,2018-02-10 04:16:42,2018-02-19 21:13:05,2018-03-09 00:00:00
78d197a2bfdde2a4c64cf3e58ab2b7a3,969b677e0624a27d4166d9a7364d9025,delivered,2018-07-14 19:11:38,2018-07-17 04:31:40,2018-07-18 14:20:00,2018-07-26 15:06:35,2018-08-06 00:00:00
70cd45f4715c8840b197efee2b9d533c,af990140f8d86900f33c6d996b9eeae4,delivered,2017-10-31 23:50:58,2017-11-01 00:05:57,2017-11-09 20:31:53,2017-11-30 19:26:43,2017-12-04 00:00:00
24b5077ff1a5cfb489ffaf2a6ae71f43,93abd65e3064ef2fbaeef2759ad93c0b,delivered,2017-06-05 18:35:59,2017-06-05 18:50:08,2017-06-06 16:30:37,2017-06-12 13:22:17,2017-06-26 00:00:00
253de8d00f833d7d4d6d002025a8d5fa,52d8b6135686c07f3eb37641f6c8d4c8,delivered,2018-04-17 09:08:11,2018-04-17 09:31:25,2018-04-19 19:36:45,2018-04-24 01:08:50,2018-05-11 00:00:00
8a9da308d726841021141d81dea615b1,7c27da568f6235869ce339a08727f125,delivered,2017-09-15 20:04:28,2017-09-18 06:30:11,2017-09-19 20:02:17,2017-09-29 15:33:25,2017-09-27 00:00:00
037f6ef7fcfd0d80ea84dbe396972f6d,54fef4bb475376e95000143add7a1557,delivered,2018-04-23 16:43:10,2018-04-24 20:10:14,2018-04-25 14:43:00,2018-04-26 21:51:30,2018-05-10 00:00:00
96fac65dca5efca83efce7194c1b8605,9fd7e69beedc256a8c3e26435e9bdd44,delivered,2018-07-25 15:27:04,2018-07-27 04:05:17,2018-07-27 13:49:00,2018-08-01 20:16:47,2018-08-16 00:00:00
c825eaa2f80be1f3ff71347c814051b5,e5909576bb25ddaa6b7b67653bcf40db,delivered,2017-05-28 11:08:07,2017-05-28 11:15:13,2017-05-29 15:43:21,2017-06-01 15:53:16,2017-06-21 00:00:00
30fb68ec9b460ddad4e36bf5b4c457e4,a5f34beea57219eee3220430d5f2f9ba,delivered,2017-10-25 15:08:44,2017-10-25 15:34:20,2017-10-26 18:33:29,2017-11-04 17:42:01,2017-11-23 00:00:00
b85b4d3eb7887ec7b9479e2f45362dc6,802b04a8ed4c7b303d6d5277ae02b2b0,delivered,2017-07-13 00:06:19,2017-07-13 00:23:26,2017-07-18 12:19:52,2017-08-01 18:14:29,2017-08-14 00:00:00
5ee4ad936c8a4d0211809cf29b3fafc8,38b7eca3d9bc7ba86bf6e9765db0783c,delivered,2018-03-05 15:05:51,2018-03-05 16:15:40,2018-03-06 23:29:46,2018-03-09 19:38:41,2018-03-15 00:00:00
ce716318c763d03347f07a20bf57d4f2,0312f2cc870e861cac88a34c9ca5f21f,delivered,2018-03-12 11:18:32,2018-03-12 11:49:02,2018-03-12 22:31:34,2018-03-20 16:08:38,2018-04-06 00:00:00
67e38e175cf79b1600eab312aec838c0,605645fcbab47e76cb9f4b7432a0ece8,delivered,2018-04-02 20:45:17,2018-04-02 21:09:22,2018-04-03 18:35:36,2018-04-11 20:21:46,2018-04-19 00:00:00
ab4bf25a305b9f6d8355117286100d67,83a2f4f3aa8d4d67689541c5d5ab20c8,delivered,2018-02-26 13:56:04,2018-02-26 14:11:22,2018-02-27 18:12:59,2018-03-05 19:10:08,2018-03-16 00:00:00
50ed3915a15313618b11ab959726de8c,588e867141b52512293f6fc59ec00bf0,delivered,2017-11-21 20:41:25,2017-11-23 02:50:21,2017-11-24 22:21:17,2017-12-27 21:46:56,2018-01-03 00:00:00
c10dafc6c705859588b0d1e62a49ddba,f0e434e9cf3e503c26360844e2040253,delivered,2018-05-21 13:46:52,2018-05-21 16:14:41,2018-05-22 13:36:00,2018-06-08 20:14:42,2018-06-13 00:00:00
f084543786418b1f552673e4c213632e,ffb0ffdb00e2e0b31c423577db3520eb,delivered,2017-09-01 00:49:12,2017-09-01 01:24:50,2017-09-06 21:26:37,2017-09-16 15:03:55,2017-10-03 00:00:00
cf008a8ccb8f6eafc66de884e6bc2728,bf27f44f034f1f93a72da324644c364a,delivered,2018-07-29 10:00:52,2018-07-29 10:15:11,2018-07-30 15:07:00,2018-08-03 14:32:48,2018-08-20 00:00:00
2927b6be262c5528b8135e5d330c00f9,001051abfcfdbed9f87b4266213a5df1,delivered,2018-05-30 09:19:31,2018-05-30 09:34:59,2018-05-30 14:10:00,2018-06-04 19:08:54,2018-07-04 00:00:00
70915618c90bd351320a2880ab6e7d6e,3385a55d489032a43d381a9312eaac50,delivered,2018-07-23 21:47:34,2018-07-24 10:32:10,2018-07-24 13:05:00,2018-07-27 18:45:26,2018-08-09 00:00:00
6fd02c57bbfd14c7ccd7d01f408f1058,94e3118c33c6c87d5b4935c8c378f9b1,delivered,2018-04-06 14:58:21,2018-04-06 15:09:46,2018-04-11 20:38:43,2018-04-18 20:03:26,2018-05-23 00:00:00
f79d45437fabc8818adfc625ba9bf526,3f3dc918ca51ae7bc670633e137bd0bd,delivered,2017-02-22 16:41:49,2017-02-22 16:50:13,2017-03-01 15:28:12,2017-03-06 17:42:16,2017-03-23 00:00:00
ddebbbff46c170583ad0c76fcf152e99,6432b1823d5690f3a703b14533b9c6c7,delivered,2018-01-25 22:06:25,2018-01-25 22:18:03,2018-01-26 22:42:49,2018-02-01 23:29:04,2018-02-19 00:00:00
85eaa27aacbad988234b742f85ca7cd3,4f6b63ab9179d2cae7d2b9be48c33271,delivered,2018-05-24 12:41:49,2018-05-24 12:59:30,2018-05-30 14:58:00,2018-06-11 15:17:39,2018-07-11 00:00:00
e804ad37d90d9c32dc3ae61e90a06345,eb18d64ac5fd600895682f2c78731b4d,unavailable,2017-12-06 19:30:43,2017-12-06 19:38:24,,,2018-01-02 00:00:00
71e378d732b6816d87b711bd2911b854,1ac1430bcebe7977df7bab47cb4227ee,delivered,2017-12-11 20:51:16,2017-12-11 21:12:15,2017-12-12 17:41:55,2018-01-03 16:17:24,2018-01-18 00:00:00
a7b2dea846384ba7e7e9577dc8c5bd54,d328db02118a12b17f88ad604241130f,delivered,2017-11-21 14:15:21,2017-11-21 14:51:22,2017-11-22 22:11:29,2017-11-28 13:53:26,2017-12-01 00:00:00
0a6941f89f53dc1f622f877b23601ed7,b4051bb7f29ee4b588846c865187bd9f,delivered,2018-06-03 10:45:31,2018-06-03 10:55:20,2018-06-04 11:17:00,2018-06-08 00:38:26,2018-07-23 00:00:00
680fa5c6b4ff5efa74b9ee8c95638ac2,e0dd320157a7f8f023cdf6a7b7eeed8e,delivered,2018-08-05 17:53:03,2018-08-05 18:10:10,2018-08-07 06:12:00,2018-08-09 01:03:02,2018-08-17 00:00:00
8ec9ebffb3172ce7edaf4c7511d41917,0fe716f72e998ef9288404dcb9d3d051,delivered,2018-02-02 07:44:42,2018-02-02 07:55:23,2018-02-08 22:16:38,2018-02-26 17:32:24,2018-03-07 00:00:00
13560ce213996d123d92f607e1ed93c7,4b25a602db6555d3fb9b68fa850aa954,delivered,2018-05-02 20:22:11,2018-05-02 20:53:36,2018-05-03 16:38:00,2018-05-18 18:19:41,2018-05-28 00:00:00
e4664080e3689ac85ac132f91bc753db,ad164bb2415b810b37459f95d776725e,shipped,2018-02-22 23:19:01,2018-02-22 23:30:24,2018-02-28 02:17:31,,2018-03-15 00:00:00
f25bbb036033d9fdbce59f6858f0bcd2,35066f8de10e6dd4bf75b093694e2770,delivered,2017-11-24 21:27:42,2017-11-25 00:16:51,2017-11-27 18:17:02,2017-12-04 19:39:26,2017-12-15 00:00:00
b341df7d52419536e264834ea45afd16,b3740f9a5a2e7f17ba184a16b5754d7c,delivered,2018-03-15 21:50:37,2018-03-15 22:09:08,2018-03-16 21:33:13,2018-03-23 18:06:54,2018-04-11 00:00:00
ab04e2fd9c9fa0360ff57735b6211f7f,b489662b3e775ff533a1bbd6454e6308,delivered,2017-08-22 02:59:07,2017-08-22 03:10:11,2017-08-25 11:23:00,2017-08-28 21:49:59,2017-09-04 00:00:00
54abf521e33bacc71760b64de5b06e4d,2dc678eee633bd28a1552820a8fa6b26,delivered,2017-10-18 08:46:18,2017-10-18 08:56:29,2017-10-25 20:22:35,2017-11-03 18:52:14,2017-11-08 00:00:00
52077492551466732827ca46228dcc1e,201a4e49186cd822d3584d9553b76f91,delivered,2018-06-15 10:01:49,2018-06-15 10:18:33,2018-06-15 13:18:00,2018-06-21 16:22:39,2018-07-13 00:00:00
eabd655acd4b2c89bd505ae21dbeb102,2c668eeb3d8ed0e8ee4f2953cfe7eaf8,delivered,2018-04-26 18:00:35,2018-04-26 18:15:18,2018-04-27 14:43:00,2018-05-04 18:42:21,2018-05-17 00:00:00
05cece27facc8007b2952d0b5bbfe9d6,8eb45c23e35fbd73046416ab84202f3c,delivered,2018-01-26 14:09:20,2018-01-26 14:22:18,2018-01-30 14:25:04,2018-02-08 16:12:43,2018-02-22 00:00:00
d24e85d6039de97467e1ed73a04923ac,83be94afeff12a086027a0b050704a5e,delivered,2017-02-16 14:28:23,2017-02-16 14:43:12,2017-02-20 10:53:55,2017-03-01 09:29:02,2017-03-15 00:00:00
95ab576c40cc5e27afe26b35bf6198eb,e9418d322fe41c3c08925015ef03d222,delivered,2018-06-23 15:07:26,2018-06-23 15:38:44,2018-06-26 14:13:00,2018-07-09 15:18:50,2018-07-23 00:00:00
7bfa5cf288b9dab1fe987fdde74c14fd,7dd5baf5ba6884882bc08f0f35384644,delivered,2018-08-17 10:10:31,2018-08-17 10:29:13,2018-08-17 14:48:00,2018-08-20 21:15:39,2018-09-19 00:00:00
cfeb3afaa54f31d14c4d9a8107717ad8,abc6a537ee9498af3b3e1b59ce2b2ea3,delivered,2017-12-05 06:32:23,2017-12-05 10:42:08,2017-12-06 20:41:29,2017-12-08 02:04:15,2017-12-21 00:00:00
b7929f710c765a64dc5d82076a7fe109,dd817c1e02e5874210801e57943e5edb,delivered,2017-06-23 14:27:13,2017-06-23 14:35:19,2017-06-26 14:22:31,2017-07-04 15:21:50,2017-07-18 00:00:00
12589c257a3c1fbe98b76eae91008b19,3697b69352f809fff563b921d4b3ab38,delivered,2017-08-16 11:06:19,2017-08-16 11:35:21,2017-08-16 17:49:47,2017-08-24 20:13:21,2017-09-20 00:00:00
5f0b8b7a4106112072d89904b2d237e1,f65cc2c11569e99a7e7b9abe01831594,delivered,2018-03-05 20:01:17,2018-03-07 02:49:04,2018-03-08 19:56:22,2018-04-04 19:34:30,2018-03-23 00:00:00
984fa77b154dff230f52eb3a26b75ede,b2e56d958563791a6cd9030d201f9cb3,delivered,2017-09-28 08:26:10,2017-09-28 08:49:17,2017-09-28 19:08:19,2017-10-09 20:12:40,2017-10-27 00:00:00
385c8818107c6b6121324f1498d0c64e,034662fc1c391b6a886dae99c70b3c0b,delivered,2018-04-26 15:48:11,2018-04-26 17:10:14,2018-04-27 06:50:00,2018-05-07 16:13:04,2018-05-18 00:00:00
88f4847c75e52df56f47047103f4697d,9e275200117e662219ddfe417c986f6e,delivered,2017-12-13 06:59:57,2017-12-13 07:09:24,2017-12-13 19:22:16,2017-12-29 19:48:57,2018-01-16 00:00:00
62ba4fa6bee7a583369ff4aa2dc3131e,5b2ccd42be24b2334c61a8cbbecc2f3b,delivered,2018-02-20 08:15:46,2018-02-21 06:10:26,2018-02-21 20:16:55,2018-02-27 19:47:06,2018-03-12 00:00:00
eb2bbf81f167ac5783bd05c392f320ae,a4e587bca4d55fd1731b6669f531700e,delivered,2018-03-21 20:47:59,2018-03-21 21:08:36,2018-03-22 19:41:46,2018-04-09 15:36:40,2018-04-13 00:00:00
a20191650d84d1d59f72139a87207a3b,94c1a60de2eed5c304c731a6ec674387,canceled,2018-01-22 17:10:19,2018-01-22 17:19:21,,,2018-03-14 00:00:00
6fc8cd5f4cfbea0b694434a10475fd6f,b56f0c76d060167be49b4f8208576cca,delivered,2017-08-17 12:55:47,2017-08-18 13:05:17,2017-08-21 18:24:48,2017-08-25 20:57:36,2017-09-15 00:00:00
04711aafa1156335ba1ea7f6f7b7daef,fac293f9f6919969f4172b0bd1dc3c42,delivered,2017-11-05 22:04:34,2017-11-07 07:30:33,2017-11-07 21:46:51,2017-11-16 15:58:25,2017-11-29 00:00:00
ae125b80547d3ba1360e23d720f43e8f,43fe60e7ba431636df6e1c7414c2b17b,delivered,2017-11-24 09:55:38,2017-11-24 11:16:00,2017-11-29 20:58:33,2017-12-05 21:47:05,2017-12-14 00:00:00
6806dc6f7899a6add6dddd2c61ccf8b0,96679434c6a876d506bec9d1d1dda7b4,delivered,2018-02-22 12:48:14,2018-02-22 13:08:03,2018-02-26 17:53:03,2018-03-13 15:41:32,2018-03-22 00:00:00
c86653fc19a4c3bf738d4d94e59008b3,a8b8f3c610495ac2e75f9089d8b477e0,delivered,2017-07-25 16:09:26,2017-07-27 10:50:12,2017-07-27 18:51:54,2017-08-07 17:07:56,2017-08-07 00:00:00
bc659b259306be889d0321cb368b7cdc,ca7f53448a3e7c9fe86f2aff9932a39b,delivered,2018-03-28 07:34:42,2018-03-29 07:35:13,2018-03-29 23:05:42,2018-04-27 14:12:13,2018-04-30 00:00:00
5aac76cf7b07dd06fa4d50bf461d2f40,7a8a02e54cf3472df427e927f8b9c046,canceled,2018-09-25 11:59:18,,,,2018-10-11 00:00:00
5c673b6f0d8e4e50fabaf4428fd2f944,e0d3183e8ff8cac00ec77df643595074,delivered,2017-12-06 13:05:37,2017-12-07 03:16:15,2017-12-13 19:16:44,2018-01-09 12:04:56,2017-12-29 00:00:00
5046b5aa838475ca6c22f6b4e2a59783,079ee05d1b96df5828d59f580842027d,delivered,2017-09-17 10:32:28,2017-09-17 11:04:30,2017-09-19 16:38:58,2017-10-06 18:47:32,2017-10-10 00:00:00
7219bbc67d036600cbc65e84abfd581a,9816d0326859ba1eb4e164f69079c447,delivered,2018-01-21 00:42:04,2018-01-22 09:03:32,2018-01-22 20:34:59,2018-02-06 16:08:55,2018-02-15 00:00:00
c0dc40c9b75544f724446006672844a8,d3201f67ed3163f8e32b6f3ec53fb1e9,delivered,2017-05-23 15:15:15,2017-05-25 02:45:18,2017-05-26 14:31:24,2017-06-02 13:06:01,2017-06-22 00:00:00
c33421c96efacce72747c9208101259c,4c239802ee77c68a42af4eed24eb6e0c,delivered,2018-07-16 10:47:55,2018-07-17 04:31:15,2018-07-25 13:58:00,2018-08-01 13:58:53,2018-08-15 00:00:00
15de6843350851629a5466a37d2b3486,edebb8880f0aad0c05946257fe9edcb2,delivered,2017-06-02 19:43:28,2017-06-02 19:55:16,2017-06-06 14:04:44,2017-06-07 15:38:15,2017-06-21 00:00:00
4065c0062f606b943e2fef1d5454ce80,df94163aaf41dc29d2051c88b9b6aa17,delivered,2018-03-01 10:18:57,2018-03-01 10:35:40,2018-03-02 18:21:53,2018-03-28 01:36:40,2018-03-19 00:00:00
cc7e03bc8530749e5b107609bb905580,b4c3a256dec5983719c2d4f3481ea9dc,delivered,2018-02-23 17:55:18,2018-02-27 04:31:18,2018-02-28 23:54:36,2018-03-06 19:47:39,2018-03-16 00:00:00
474b7ce14c066d845352314f51725fd4,8a2d6fe16ddcea0cb16b58ae5686586c,delivered,2018-05-07 22:53:02,2018-05-07 23:12:32,2018-05-08 13:06:00,2018-05-09 19:58:53,2018-05-17 00:00:00
e840e5955073ba6b71936b76740014f4,0e2392ff3e56a376f4a3c002af2df0cc,delivered,2018-03-30 21:06:55,2018-03-30 21:27:13,2018-04-03 20:41:40,2018-04-06 21:07:00,2018-04-25 00:00:00
8559fd18b5af843c5ee613c3b4b1bb95,a44fcd351dc016bdf79484e2eabf9392,delivered,2018-04-13 17:38:50,2018-04-13 17:52:26,2018-04-16 22:21:57,2018-05-08 16:27:40,2018-05-08 00:00:00
85d53ca32c3c845a6c59172061451a2c,e68c529ea854b09379b7753755ec8e88,delivered,2018-04-04 11:51:04,2018-04-04 12:11:37,2018-04-05 23:31:53,2018-04-11 22:31:42,2018-04-26 00:00:00
db5a21571d549b443f1b502b880e2358,55945e7471c527fc4ff7066baeb8c477,delivered,2017-11-16 22:55:45,2017-11-18 02:35:43,2017-11-20 11:28:50,2017-11-30 19:24:34,2017-12-06 00:00:00
b4c86abf900a8e53f4b9622532c87ea4,8be057b6ab98f2f424902ba013556895,delivered,2018-06-21 09:46:27,2018-06-21 10:22:44,2018-06-21 14:21:00,2018-06-23 12:34:25,2018-07-04 00:00:00
46dc90c294321a6e0bc324c6d9522927,0968544cfbeb92285311bbdda670509f,delivered,2018-02-25 15:58:55,2018-02-25 16:10:23,2018-02-26 20:44:55,2018-03-06 16:06:30,2018-03-16 00:00:00
e406b65a510b2724b055573a680435b2,c73864e8242fb1fffea38e5215960104,delivered,2017-05-29 09:45:47,2017-05-29 09:55:14,2017-05-29 14:40:54,2017-06-01 14:43:54,2017-06-19 00:00:00
044496e055fca9c2f17e1309e77a48b6,9d31491a1bcaf9849aaf5459d56971d6,delivered,2017-09-13 07:59:23,2017-09-13 08:10:07,2017-09-13 20:32:46,2017-09-18 22:42:30,2017-10-11 00:00:00
e11c61aa2d539f826865ea728496f6d4,876382f7dd7c20124a74a1912d5d435e,delivered,2018-08-11 19:20:38,2018-08-14 19:24:15,2018-08-15 11:53:00,2018-08-22 15:58:38,2018-08-24 00:00:00
78e7b9229291551de0928e8c4182d3ea,2572b5cd6ac919dcdc36995abb0ac41a,delivered,2017-04-25 20:45:29,2017-04-25 21:02:24,2017-04-27 08:06:30,2017-05-04 08:12:06,2017-05-16 00:00:00
1e7f171b11eff2ba0ffbf95130c2f18a,4d13014c8bb7cd5fe2d9df4ce2a2d200,delivered,2017-07-28 14:08:37,2017-07-28 14:23:51,2017-07-31 16:16:13,2017-08-03 18:23:30,2017-08-10 00:00:00
6e1ea408fa8ccf55cee9c6707e5584bf,8a80d1c0dbab66ff29910823054684f0,delivered,2017-05-17 15:56:53,2017-05-17 16:10:09,2017-05-18 13:29:00,2017-05-23 12:24:43,2017-06-08 00:00:00
343146b92daf167255eed8e706a25d2d,fa087a55fc5440e1c1d55438c2cf7890,delivered,2017-07-10 22:08:53,2017-07-10 22:23:29,2017-07-12 19:57:56,2017-07-17 14:58:06,2017-07-28 00:00:00
4c6151d7e5a304ab49f1ef2d76d8a30f,5518e8c318dc100b490ab78cfd249c71,delivered,2018-01-15 11:25:31,2018-01-16 03:50:57,2018-01-17 22:28:42,2018-01-26 11:13:22,2018-02-07 00:00:00
95b5a24a57e2b8bd97b2998acb594d53,e0d310f4721fef7575c5ec725b2e9b94,delivered,2018-04-19 13:26:10,2018-04-19 14:30:56,2018-04-20 19:07:47,2018-04-27 19:51:59,2018-05-15 00:00:00
0e8a52f34b055d2027ea7807c20119c4,eb842a4e3f013cd22643e02100ed430b,delivered,2018-07-31 20:25:18,2018-07-31 20:44:20,2018-08-01 13:04:00,2018-08-06 16:28:55,2018-08-09 00:00:00
c5dd7d8ff84739ecc6526d97ee22f784,d5ef627c0311f0bf2fe4488c8922d438,delivered,2017-02-07 15:46:54,2017-02-07 15:55:20,2017-02-08 16:14:06,2017-02-13 19:42:18,2017-03-02 00:00:00
27f80456be871c8bcd250bf61f7684f1,00af1761df71da362764c51bb96f5118,delivered,2017-11-28 18:00:54,2017-11-28 18:16:37,2017-11-29 22:42:17,2017-12-15 20:18:56,2017-12-19 00:00:00
1ae35fdd1e36d167c790179f16cad2e0,55f97f92c63a40b9f9591f26b4e22de1,shipped,2018-01-10 21:54:19,2018-01-10 22:08:35,2018-01-12 10:59:09,,2018-01-31 00:00:00
defa53bfb8de9da3857ed69277b54d10,7b35de71a17b54fcc4c346901b06e7f9,delivered,2018-02-05 18:10:36,2018-02-05 18:30:04,2018-02-06 17:08:59,2018-03-03 16:51:39,2018-02-21 00:00:00
4fece39f33bf2496da17ef4392c6288d,3b07ab4324b9b1f80d87fddefcb9f6de,delivered,2017-05-31 13:07:23,2017-05-31 13:22:57,2017-06-01 14:26:33,2017-06-02 16:03:11,2017-06-13 00:00:00
c5c563437568ad88f8243cda53218d0e,acf1e6076f30d9c7bd8c41937e1d7d9c,delivered,2018-06-08 11:09:25,2018-06-08 11:38:44,2018-06-11 09:51:00,2018-06-14 16:11:33,2018-07-12 00:00:00
0e958d055789e054bf7483acea302398,79fe689fc7ef8ebf72cfef260273c6ed,delivered,2018-07-02 12:38:01,2018-07-02 12:50:12,2018-07-03 15:01:00,2018-07-09 13:32:21,2018-07-25 00:00:00
bebbbe90253dadf5c7d8dbacfaf446f4,9709ffa24c12b2fb47c3ec2470b16952,delivered,2018-05-14 15:29:32,2018-05-14 15:56:40,2018-05-15 14:42:00,2018-06-04 17:28:51,2018-06-08 00:00:00
349b3940d239cbc995c0664d87629d93,cba2f0b361c1ab3b0dd3b24a3b9634ac,delivered,2018-06-22 15:52:14,2018-06-23 02:20:24,2018-06-26 08:52:00,2018-07-10 22:03:38,2018-08-03 00:00:00
c6dfaf0f0cbfbb5e1f2964e4feb57160,8a6fc2f3ec46301a9bafbbf99b013157,delivered,2018-03-28 19:41:03,2018-03-28 19:55:17,2018-03-29 13:33:41,2018-04-05 18:07:48,2018-04-16 00:00:00
0a9578b7213cdc97d31f2e5b5a359bdf,5584b1ace8b18cc156ce51b989fd2958,delivered,2018-05-01 18:47:44,2018-05-01 19:13:22,2018-05-03 12:28:00,2018-05-10 19:55:18,2018-05-24 00:00:00
84040a45ab0e33cc43b8c196aad15732,c8b2f7daf091d6fde3a11dd6a866f4f2,delivered,2018-03-16 19:14:37,2018-03-16 19:28:20,2018-03-27 17:17:48,2018-04-04 22:44:38,2018-04-16 00:00:00
148ffca6d6b46bd5f71a7b22154baae6,afe2dbbbff26049c1e7ad8538cdf3390,delivered,2017-11-26 00:19:03,2017-11-26 00:33:13,2017-12-04 18:22:12,2017-12-10 14:17:53,2017-12-27 00:00:00
683fd5275f1f6459105a681c65da10c7,63e5624d457e328cb841c981b28ad9c4,delivered,2017-06-17 15:21:29,2017-06-17 15:30:11,2017-06-19 15:27:59,2017-06-28 15:42:52,2017-07-17 00:00:00
329799621fa31033287e1294f418de06,641fdee96e63906c9c52a2e6c8be25d6,delivered,2017-02-02 21:51:29,2017-02-04 02:22:13,2017-02-06 15:07:22,2017-02-20 17:03:31,2017-03-07 00:00:00
b19b72e56e6641e94e3858dc4a311b14,ea5eaca6154e1fa057cc5dba702c6eb1,delivered,2018-03-15 19:24:19,2018-03-15 19:35:27,2018-03-16 17:48:59,2018-04-13 16:56:42,2018-04-09 00:00:00
178f859d222729f650b08c3c8417f9bb,0e74405d8d09a75bba4ddf3407975a80,delivered,2018-05-08 19:42:14,2018-05-08 20:31:43,2018-05-09 10:42:00,2018-05-11 18:07:43,2018-05-29 00:00:00
7059e298ca1c44f113a32fe9719bc4a4,12c7495c7caabfb836cfdacfb07f8ae8,delivered,2018-07-20 11:02:19,2018-07-20 11:15:15,2018-07-23 09:01:00,2018-07-25 16:46:56,2018-07-30 00:00:00
7ddbd32f36eb90946b9a702e43bba8ac,9f39681d922e6f04b06ad5527fdeb0a2,delivered,2017-06-09 22:47:11,2017-06-09 23:03:54,2017-06-13 09:34:17,2017-06-19 20:49:33,2017-06-30 00:00:00
868caab96a9a36b7ef9f89dcbd814e3e,91d2ffeeea8628cb639e91d6a9fbd07c,delivered,2018-05-01 19:38:20,2018-05-01 19:52:56,2018-05-14 15:49:00,2018-05-29 09:54:39,2018-06-01 00:00:00
34ae1a80ab2f660940fbf9a2110f86e4,dd5fe772009b97031b9e497278667f5c,delivered,2017-11-24 00:21:12,2017-11-24 00:56:31,2017-11-25 13:07:16,2017-12-22 20:08:07,2017-12-21 00:00:00
e1bcc5095d07604629d0bce9477d77a9,b9ed68da40fa3b4f5df462ef5b3438a6,delivered,2018-03-27 10:24:28,2018-03-27 10:35:27,2018-03-28 22:34:32,2018-04-02 13:36:43,2018-04-12 00:00:00
7c55b41468cbcfb21c9dcd304257b718,b8fc812e855c57f9756b7ec1df9238a1,delivered,2018-08-14 08:12:10,2018-08-14 16:35:27,2018-08-16 13:59:00,2018-09-05 22:48:36,2018-08-28 00:00:00
ee5e794b783fcf28dc28ff987a6f08b2,da23d4ed5cb0efe5ea22d93e26a0924d,delivered,2018-03-09 07:40:46,2018-03-09 07:50:28,2018-03-09 19:38:48,2018-04-11 15:44:43,2018-04-02 00:00:00
fa6df59af574aa7767d6b43cc8f64085,1663f57cc456c4be89d92776ebaf5a21,delivered,2018-01-27 19:10:27,2018-01-27 19:19:46,2018-01-31 23:06:09,2018-02-05 14:41:39,2018-02-20 00:00:00
8d5ac17806cd132680edc938d69d0359,2dabcfea6e966f05865eb0d80ba6f645,delivered,2018-08-19 08:26:18,2018-08-20 11:30:00,2018-08-21 16:12:00,2018-08-27 18:06:43,2018-08-27 00:00:00
4b4a6837149161d336cba6c3816f376e,67e458f934b8c189096941e98a64615d,delivered,2017-03-02 10:19:51,2017-03-02 10:30:12,2017-03-03 13:51:35,2017-03-23 05:37:51,2017-03-23 00:00:00
308af2adf367ec45187f929522f6b9ac,6161425cbbafac1081823f055f12cd98,delivered,2018-07-03 19:25:38,2018-07-05 16:33:01,2018-07-04 15:20:00,2018-07-09 15:51:05,2018-08-09 00:00:00
d4546a6eca6dd37e19a290e4b362fe6a,0f26c5869edd055bd3c7660e6220c5b2,delivered,2017-04-30 14:55:01,2017-05-03 11:25:19,2017-05-04 06:03:03,2017-05-09 08:52:02,2017-05-29 00:00:00
557d6978e67b46040feebb5bf50e62d2,cfeafea7443bbb29bde529a614c77115,delivered,2017-06-10 14:31:18,2017-06-13 06:42:59,2017-06-13 13:28:14,2017-06-16 18:43:38,2017-06-29 00:00:00
5d6a02cac99fa9799762b72352be69df,57a2aee1d4e57be34da24f7d856db588,delivered,2017-02-05 09:26:52,2017-02-05 09:41:58,2017-02-07 16:19:06,2017-02-15 09:58:43,2017-03-03 00:00:00
50d73aae647c6c12616d5bf9e6aee1c2,2f5d191b0d3451ef0e69e182248d6090,delivered,2017-11-21 12:44:23,2017-11-22 03:26:09,2017-11-22 19:58:55,2017-11-29 23:15:45,2017-12-11 00:00:00
50ec90e7d2e95d073208b9bb8010846b,a24ffcf9b1ce65a6f32f6972e9db282d,delivered,2017-10-08 15:03:41,2017-10-10 03:28:26,2017-10-10 19:52:54,2017-10-13 16:37:47,2017-10-25 00:00:00
15054f27c8947786f3ca73a3b74f33ad,343c25401e9d4e099d34e49434b0a6c7,delivered,2017-08-28 13:27:21,2017-08-28 13:44:55,2017-08-28 19:52:28,2017-08-31 22:04:01,2017-09-20 00:00:00
585373fc4f46e52b354d122d73e67fab,ab1261c8d8df84be427a3300c451c9ce,delivered,2017-11-10 20:15:35,2017-11-10 20:30:30,2017-11-13 20:14:52,2017-11-22 19:26:49,2017-12-06 00:00:00
3453f6956295695e0125cf11b651bce7,feda036b332e007a11cb6399f3bbb806,delivered,2017-07-11 11:47:04,2017-07-11 12:10:24,2017-07-12 19:04:01,2017-07-20 17:26:09,2017-08-09 00:00:00
674fde036873612fe9ea8e4cff66ead0,7ec9b1194543f84f4ecc13ad66467fc7,delivered,2018-03-26 11:04:33,2018-03-26 11:15:38,2018-03-26 22:34:38,2018-04-06 22:36:50,2018-04-23 00:00:00
8f815207602f16cdf25a3fb1858ca6be,5c6aa01a2dd25458cc58481f40a25bc3,delivered,2017-03-31 02:27:06,2017-04-04 05:55:28,2017-04-04 16:19:52,2017-04-10 12:03:28,2017-04-26 00:00:00
a5c681209e1bcb90066e530c285ce2c5,2d3475236fe57f9f651be1b918bcde00,delivered,2017-12-15 20:42:07,2017-12-15 20:51:36,2017-12-18 19:37:17,2017-12-20 22:46:17,2018-01-04 00:00:00
1c0f9417f551a547f89b1451b15d1756,ae90d6c9a67541bebe0fb08a9f19b124,delivered,2017-12-20 12:49:44,2017-12-20 12:57:35,2018-01-03 17:37:21,2018-01-03 23:56:50,2018-01-09 00:00:00
8cd5cbda56cfb7023246adf2b148bb91,fd06cb456e6429bc045f67ef3655d0ee,delivered,2018-07-19 19:29:41,2018-07-19 19:43:20,2018-07-20 12:12:00,2018-07-25 23:08:55,2018-08-06 00:00:00
08fa8b49ff198d1332df4668087150ed,a45bb6b2defa953b1e4025c6f40532a0,delivered,2018-06-02 13:50:53,2018-06-02 14:12:15,2018-06-06 15:43:00,2018-06-09 17:16:48,2018-07-05 00:00:00
d3007af14d2bfce1fbb2875870808b9f,a2fbca2d233e0e5cbcfe95e7545bc6ec,delivered,2017-10-25 18:15:00,2017-10-25 18:29:01,2017-10-27 20:07:58,2017-11-07 17:57:42,2017-11-21 00:00:00
488e14d5f98e30e2e5aa3fa2e58d058e,0c337f608f8ac9445aba813206134fbc,delivered,2017-11-18 21:03:14,2017-11-18 21:15:47,2017-11-21 18:57:37,2017-12-11 16:59:09,2017-12-12 00:00:00
d2a94b559b24b1de56f07450701095ff,2aae5c44e64d12944ad4a1f93105151a,delivered,2018-03-20 12:38:26,2018-03-21 02:51:00,2018-03-21 20:03:37,2018-04-13 19:48:39,2018-04-11 00:00:00
1e2fdbfa655daff7faa277e05f608081,094aac58ed371b7e3af7746d5319cae1,delivered,2017-11-10 19:57:05,2017-11-10 20:10:36,2017-11-11 14:41:37,2017-11-23 23:26:56,2017-12-05 00:00:00
d2c879fe9085258d38e3cb17af134189,44f9f8d695b6b897671ffa2cca447e09,delivered,2017-10-23 12:51:42,2017-10-23 13:14:15,2017-10-24 23:03:58,2017-11-06 21:48:35,2017-11-24 00:00:00
26abbf5ff43e58c72f83f98b6374ab1b,45b86506b463d521ae4213504874baf6,delivered,2018-08-17 11:46:03,2018-08-18 02:49:53,2018-08-20 10:50:00,2018-08-27 19:43:01,2018-09-13 00:00:00
c7ffb347c8b6adfd234f93bf03ee2e2f,ffae76ff9b35ca5bd4458c6f855a3553,delivered,2018-02-27 00:19:11,2018-02-27 01:00:20,2018-02-27 21:48:30,2018-02-28 22:33:50,2018-03-13 00:00:00
a3806645f130f5c3caad4397ca9dfc56,84d97064d428f0f8a08ab8b5165e2283,delivered,2018-08-08 19:37:34,2018-08-09 19:10:11,2018-08-13 15:30:00,2018-08-17 15:07:27,2018-08-22 00:00:00
d2d2b46f15aac179d92c40438fb3a4e6,5ed9935669cb1a6a81a20282f48a5ce6,delivered,2017-07-31 15:26:03,2017-08-02 02:35:54,2017-08-07 19:27:56,2017-08-10 23:10:16,2017-08-18 00:00:00
cd71d69fb5ac89e508686bcecc0818f0,9089a76b103deefa3d0edf02bf06ff7b,delivered,2018-02-26 09:15:59,2018-02-26 09:35:39,2018-02-28 21:39:00,2018-03-16 22:16:21,2018-03-27 00:00:00
9cd142b4697df74bb8f34fd7b5573a51,53ccbaa196330fe88ca8ba987c72891a,delivered,2018-07-18 22:41:57,2018-07-18 22:55:24,2018-07-19 13:26:00,2018-07-23 15:03:54,2018-08-02 00:00:00
1fe7ec0247e48fc569547149cfea181d,6dbc94485ef6dbb31227201d25e89c3d,delivered,2018-07-05 17:29:45,2018-07-10 04:35:21,2018-07-11 12:31:00,2018-07-12 22:31:10,2018-07-19 00:00:00
7fec39266beac625517d8f68a00912eb,66547f7170b98ccdb163928a0f56ed2c,delivered,2017-09-20 19:07:31,2017-09-20 19:15:18,2017-09-21 19:17:56,2017-09-25 16:08:03,2017-10-11 00:00:00
8d204be4884a2307f1486df7260010f4,19e79f3c130850cfbde71ddc43910641,delivered,2017-07-28 01:17:03,2017-07-29 01:25:11,2017-07-31 16:41:57,2017-08-01 14:19:56,2017-08-14 00:00:00
f6fe071c40a5c65d2756f92dac3506e0,fc0946b162054edb8bb00e624f2d1ce0,delivered,2017-07-18 13:48:28,2017-07-19 03:55:23,2017-07-19 16:22:02,2017-07-28 20:27:56,2017-08-09 00:00:00
8e6df87600aae0285919b5529f7f0bfd,03b5e23eae0971b9eb46cd97cff21a60,delivered,2017-10-29 21:59:17,2017-10-31 04:15:21,2017-11-01 19:13:26,2017-11-07 22:35:38,2017-11-23 00:00:00
555abbd521ea234b5a6b908bb132244b,9dbd3bb081a2c4def1e0388a11c3efd1,delivered,2017-11-27 20:48:04,2017-11-27 21:00:15,2017-11-29 19:12:42,2018-01-08 17:37:32,2017-12-20 00:00:00
c40251d941c82933d4c4645793793577,189c34e996a949f104c0976d2a9a8400,delivered,2018-04-16 22:36:26,2018-04-16 22:50:33,2018-04-19 18:46:46,2018-04-27 00:32:42,2018-05-09 00:00:00
3e6ebaae08b8e1811e855277cdd27f23,700abdbf00ddc509476b56de64d025d9,delivered,2017-03-11 16:45:11,2017-03-11 16:45:11,2017-03-13 12:13:25,2017-03-17 07:57:48,2017-04-17 00:00:00
c270a9f0fa1ce4470b8313c8adbe20e2,1231ca7e128f70b30b4f6f5c17fef759,delivered,2017-05-05 12:27:55,2017-05-09 09:35:47,2017-05-09 13:22:13,2017-05-24 22:33:14,2017-05-26 00:00:00
29ddd4014e51ef7b17ec133956f557f2,98fa50d8068d3c2ca1a7f9993432a132,delivered,2017-12-12 20:59:03,2017-12-12 21:11:36,2017-12-15 00:14:43,2017-12-22 17:22:26,2017-12-29 00:00:00
b4b1a36c4c7b2eefca47b21df8d5d535,38b3d05c2ea1640ebc6acd359989801d,delivered,2017-10-15 23:34:07,2017-10-15 23:49:14,2017-10-30 20:49:38,2017-10-31 20:24:51,2017-11-08 00:00:00
2af21e3d4dfd0aeb032cc78b514f5a29,06986ec3d270896f79b12b4b0982e4e7,delivered,2018-01-02 23:47:28,2018-01-04 01:07:46,2018-01-10 17:01:53,2018-01-31 18:35:15,2018-02-09 00:00:00
89cbb94d35366b1135a03af71cdaa3ff,bbd836f8663b4d4df07b0da12a9e5d7a,delivered,2017-06-06 15:26:00,2017-06-08 02:50:25,2017-06-08 14:33:13,2017-06-19 16:47:35,2017-07-03 00:00:00
ae374449d2caf70b0df8b7504bad8bdd,ea9fe0f3cba46217db8ceda9752144e8,delivered,2018-05-16 20:14:30,2018-05-16 20:35:15,2018-05-17 12:55:00,2018-05-22 19:26:40,2018-06-20 00:00:00
59697a047029d320ad8cd20be053f39d,42af8991a3fe9285369b2fd2f2fd0c65,delivered,2017-10-10 11:56:22,2017-10-10 12:14:30,2017-10-10 19:03:55,2017-10-18 16:36:36,2017-10-30 00:00:00
df410b19c3e348fb548ae68badd49827,6a6c433159ff775ba7f5ff8ec38b5b6f,delivered,2017-01-14 23:05:01,2017-01-14 23:15:17,2017-01-17 05:18:01,2017-01-24 15:11:39,2017-02-14 00:00:00
68561f321bfa3dcaf142cf65f8df2033,3c5f7f28e5a53412a6c024aba76ab815,delivered,2017-04-20 20:06:05,2017-04-20 20:22:01,2017-04-24 11:44:47,2017-04-27 10:57:38,2017-05-10 00:00:00
46efc03bc3416ac275de77fe13f28f69,5570686147f6ca3b604569e47552efed,delivered,2018-08-08 16:03:06,2018-08-08 16:15:22,2018-08-09 11:57:00,2018-08-15 20:18:35,2018-08-21 00:00:00
47337df7ad68b2516542cd62e78cec3d,ac59af422867c34edf0192df5a172067,delivered,2018-03-02 20:14:09,2018-03-02 20:35:28,2018-03-07 23:48:29,2018-03-23 21:58:38,2018-03-20 00:00:00
c765342582f1d08f16285fb827f88b1b,4b4bae6b6b096a30f61fd61b3762e5ff,delivered,2018-02-26 14:58:14,2018-02-28 09:15:23,2018-03-02 18:23:25,2018-03-10 15:27:55,2018-03-26 00:00:00
78886227da2df65c57f57d2fec577bce,2aec4fc22605a14aa0d8faf81aa795c8,delivered,2017-04-07 17:05:52,2017-04-07 17:15:13,2017-04-10 10:22:41,2017-04-12 09:27:32,2017-04-28 00:00:00
414a0b1cbb58b3ae7ce9c39083fcf007,ae85e9bbee2574fbe5ccaba61da335a3,delivered,2018-08-01 17:03:52,2018-08-01 17:15:24,2018-08-02 13:47:00,2018-08-03 20:18:48,2018-08-06 00:00:00
118b09c1cf1b29c8401cb7833d29c10a,c5ef4b508381ea9766c2d7e798985bae,delivered,2018-01-09 22:03:32,2018-01-10 10:32:05,2018-01-11 22:38:04,2018-01-31 15:28:48,2018-02-08 00:00:00
96caea89f911608c4d05f012e3c4efa9,269253c44f10c64d69d01f4308dc66e7,delivered,2018-02-09 17:12:43,2018-02-09 17:30:24,2018-02-19 16:41:47,2018-02-22 20:58:10,2018-03-09 00:00:00
e5a27742b0ebeb86dd3cae97b4fd3eb0,7415631c940daa565d091e2222de565d,delivered,2018-03-26 21:29:13,2018-03-26 21:47:22,2018-03-28 00:26:38,2018-04-09 20:02:51,2018-04-18 00:00:00
31f54256f355ebb3c36f1bd8af1ad88e,a29a8f7ba2f1548f9509525b8db4f677,delivered,2018-07-06 21:47:02,2018-07-06 22:10:44,2018-07-10 14:19:00,2018-07-11 17:36:25,2018-07-19 00:00:00
a6d0edc01300d51955bc9c2f0c8fe71c,824a057129a435bd0c0fa281345ed874,delivered,2018-02-22 10:38:40,2018-02-24 02:50:36,2018-02-27 00:52:19,2018-03-06 19:19:20,2018-03-27 00:00:00
3e30e6710e775ebfeecbd90fad476396,0c16f77e243787b61748a79eb1634329,delivered,2017-12-11 18:18:04,2017-12-12 03:59:41,2017-12-12 19:56:53,2017-12-13 17:29:13,2017-12-29 00:00:00
3c1d975e12dfecfa6c8ecbf5cb29759d,2bbdba15c2839582fb9289c882aa9e8c,delivered,2018-03-18 17:31:22,2018-03-18 17:50:36,2018-03-19 15:26:34,2018-04-03 22:26:58,2018-04-19 00:00:00
0ef3d3e097e4e819e47197ee3389a3a1,b8008878f51a35d102758a3927f6a074,delivered,2018-02-21 14:05:28,2018-02-21 14:30:46,2018-02-26 11:27:54,2018-03-28 15:48:46,2018-03-23 00:00:00
43821d139f1c335c64656805a8394ba2,02bf3f33e6774c0aa0f9a8713f087162,delivered,2018-03-11 17:26:54,2018-03-11 17:35:26,2018-03-12 18:42:14,2018-03-14 21:08:42,2018-03-28 00:00:00
4f78e12d1c6bf7ab77ecfdb4226a9c82,3acfb24193bc926226b6f483ae1ebb3a,delivered,2017-03-26 13:06:30,2017-03-26 13:15:15,2017-03-28 11:42:59,2017-04-07 16:54:42,2017-04-19 00:00:00
d224c4be964a33d8d803b33661c18d8a,1f1e84d70d135fd0b39595da681b9d37,delivered,2017-12-07 20:46:58,2017-12-07 21:31:18,2017-12-12 19:28:39,2017-12-15 21:48:45,2018-01-02 00:00:00
1cbc4baabac9832d53b29dc25766d494,a04a886f2e53033d0e01eba5bfef02bb,delivered,2017-08-23 12:04:33,2017-08-23 12:55:30,2017-08-24 18:10:18,2017-08-25 17:40:43,2017-09-05 00:00:00
701297a4e969ea9de58134eef0561b8f,bc4557fea80f39aa958f283432b14cc8,delivered,2017-11-05 18:27:48,2017-11-07 02:31:12,2017-11-08 19:38:46,2017-11-10 20:16:47,2017-11-29 00:00:00
e154bd31074cedc28398f95da6dddd55,91ff451a9340e83ea1e31d2e66fed0be,delivered,2017-07-14 21:52:43,2017-07-14 22:05:21,2017-07-17 19:16:55,2017-07-24 19:07:49,2017-08-11 00:00:00
46ac809c6b319398df696f5668806fee,8059f4ffe7ad8b008c7180d4ef488528,unavailable,2018-04-03 18:28:35,2018-04-03 18:49:53,,,2018-04-30 00:00:00
e414d2bbb8c0c4fe5e9d51888c14c192,0c25c869d50456099b3026f0427afa64,delivered,2017-03-15 09:03:38,2017-03-15 09:03:38,2017-03-16 10:04:25,2017-03-27 11:23:54,2017-04-11 00:00:00
c0c339f8d69784a8cb6b51f9aa9f85d2,ffbd6fd1ff815c8392bb0f6e2fdeef75,delivered,2018-01-05 10:01:43,2018-01-05 10:31:48,2018-01-05 20:03:33,2018-01-19 16:15:15,2018-02-02 00:00:00
29921b6b001ba493f381f3f1d396af16,c945b259f3fbb068c27c9646a2f9a532,delivered,2018-05-07 22:53:53,2018-05-07 23:12:26,2018-05-09 16:22:00,2018-05-14 17:40:32,2018-05-24 00:00:00
17f12788b667e6b9af13a3f11ae1db08,20fb94e0cc0f98c6bedc0e73bea1b98c,delivered,2018-06-01 14:50:42,2018-06-01 15:15:37,2018-06-08 12:47:00,2018-06-13 13:57:38,2018-07-05 00:00:00
7d32c87acba91ed87ebd98310fe1c54d,876356df457f952458a764348e1858bc,delivered,2018-05-23 20:14:21,2018-05-23 20:35:15,2018-05-29 14:09:00,2018-06-11 20:41:33,2018-06-27 00:00:00
7b41dd01e9782f30bce07161d2780740,65a2e8bc5cabf5e6a78752325aadccda,delivered,2017-09-21 20:02:44,2017-09-21 20:15:14,2017-09-22 14:54:07,2017-09-30 15:37:50,2017-10-13 00:00:00
6e1a8bb31b6a7f387513f6a62ca4a66f,1b65a9d6bd83772340252ea663eb6a52,delivered,2018-08-12 15:55:36,2018-08-12 16:05:13,2018-08-13 15:49:00,2018-08-14 16:12:08,2018-08-16 00:00:00
717ebc80bfe535507bbd58304add242a,f4899cf83f81912a76a040f92699dcd8,delivered,2018-03-26 11:35:41,2018-03-26 11:47:50,2018-03-27 21:36:53,2018-03-28 22:34:26,2018-04-20 00:00:00
c4bf028d6e5a58c26a474435d7839e03,cfefa4ab3518c82bfb172165dbde7edc,delivered,2017-11-02 16:43:01,2017-11-02 16:51:03,2017-11-06 16:38:40,2017-11-15 12:12:22,2017-11-28 00:00:00
360e4c361e56f19fc4093559b59b4bfd,4b181001e6372571717941edd074d6ac,delivered,2018-04-30 09:26:03,2018-04-30 09:50:14,2018-04-30 13:56:00,2018-05-03 23:11:44,2018-05-21 00:00:00
d28a7e04bda001c57d07c08a2f5316e6,2e1976065c67e38c850da087d8f930e3,delivered,2018-03-06 16:07:56,2018-03-06 16:30:05,2018-03-07 20:53:14,2018-03-08 22:17:25,2018-04-06 00:00:00
4e9d991478ce9d386648f6dd85475b6c,24db1335c37a942bbb41f129d265ae51,delivered,2018-07-31 10:32:59,2018-07-31 11:04:44,2018-07-31 11:36:00,2018-08-10 21:05:28,2018-08-28 00:00:00
ac4e3339d0db86542d12bfd6fd5068e2,692a966102bb3e6faead0f03fcd197b7,delivered,2017-11-27 09:43:08,2017-11-27 09:55:59,2017-12-07 19:09:57,2017-12-19 14:07:43,2017-12-21 00:00:00
c279543d72807dc9b91e39e5d87b5493,f615b9fba62078d016eced173b68b46a,delivered,2017-02-25 18:06:22,2017-02-25 18:21:58,2017-03-10 13:51:29,2017-03-14 14:05:03,2017-03-24 00:00:00
ed8a6e0832d4fbbd240110423cd1b707,226236428096449139ada8b6e6bf4136,delivered,2017-11-24 14:22:09,2017-11-25 05:50:06,2017-11-28 18:32:27,2017-12-14 21:35:17,2017-12-21 00:00:00
12c8a9b7b11a8922911c9ecf62dc0aa7,3ce508227b305ee3fffb0dcb4f89db79,delivered,2017-12-20 22:22:05,2017-12-20 22:34:36,2017-12-22 18:05:02,2017-12-26 21:39:22,2018-01-09 00:00:00
8fa02a6beaf631e5a3a05daaee039df6,b064912c102c176d5569d59a78632f84,delivered,2018-05-09 19:00:25,2018-05-10 02:57:07,2018-05-10 23:22:00,2018-05-12 16:47:29,2018-05-17 00:00:00
80288d8ccb8b1899f5377f27feebb1f0,16c0611f3a08c752bf104023af02da40,delivered,2018-06-10 21:27:49,2018-06-10 21:37:23,2018-06-15 16:38:00,2018-06-20 17:52:45,2018-07-04 00:00:00
d907363eb029510b5ebe3bb438dec976,f9e43f2b7039e72b764a6686ebb3f230,delivered,2017-07-09 19:47:15,2017-07-09 20:03:18,2017-07-10 19:51:41,2017-07-18 20:42:29,2017-08-14 00:00:00
afccc522bf13dddde0b240b86c7b9f21,caff9af2062e591e7017127bb205d7a8,delivered,2017-11-08 17:33:56,2017-11-09 17:48:23,2017-11-10 21:59:41,2017-11-21 22:19:05,2017-11-30 00:00:00
de310c00c4111ff98be9166aa6213e22,993c9a108c65a6b71f864f9acde3099c,delivered,2018-05-12 23:07:22,2018-05-13 23:11:47,2018-05-17 15:06:00,2018-05-19 18:44:40,2018-06-08 00:00:00
ca83c931f7d8b39349c064deb23167a7,a79913af3ef7a79373c51ba90ca1e8df,delivered,2018-04-30 11:38:33,2018-04-30 11:51:28,2018-05-02 14:20:00,2018-05-07 20:28:59,2018-05-23 00:00:00
ed5ef608c882944a831992d6ca0cdc66,4f7554d9ae7426d7b2bf3fc9ec0eacbb,delivered,2017-10-13 07:54:53,2017-10-13 08:14:10,2017-10-13 17:08:09,2017-10-24 18:00:04,2017-11-08 00:00:00
7851495947d26fc0c390eb65975d2428,972ef0a10807f5dacdafdd7612e12324,delivered,2018-06-05 06:31:31,2018-06-06 06:30:10,2018-06-06 14:14:00,2018-06-07 22:58:55,2018-06-29 00:00:00
996776d8458d4b210ab2db71b6cc5e4a,f70a083cb6ca2f2f807b9cda179486cf,delivered,2017-12-28 22:33:16,2017-12-28 22:54:26,2018-01-02 19:47:15,2018-01-10 20:42:16,2018-01-30 00:00:00
8f2da1ebf763886822d2ee38c2986cbf,f7c66b89ed1b69afa941061d1513b8b6,delivered,2017-08-23 09:00:41,2017-08-23 09:10:19,2017-08-24 19:10:06,2017-09-02 13:50:02,2017-09-15 00:00:00
86a7e1a43647d220fe197594614c9b0e,e861a50a920a00fa4b30ce14e22b4fe9,delivered,2018-01-07 17:39:39,2018-01-07 17:46:59,2018-01-08 20:45:58,2018-01-11 14:44:13,2018-02-02 00:00:00
0ea5760bfbfe671160e0599cf68f1981,e016de14d2abd37825c4c485cd780b74,canceled,2018-07-18 09:56:16,,,,2018-08-16 00:00:00
6d204580ed48ecaf67ad0b21a778979b,bafe8af59e2e0f88bbfb2f53d5e87429,delivered,2018-04-16 00:04:42,2018-04-16 00:15:13,2018-04-16 23:34:27,2018-04-26 15:32:53,2018-05-16 00:00:00
516b0fe870022210bab4e170fbf10ec1,843a1bf7449148a26bfcc7e20c644aeb,delivered,2018-05-15 15:54:42,2018-05-15 16:15:19,2018-05-16 14:22:00,2018-05-25 14:42:19,2018-06-08 00:00:00
5be47775fbd521b6104cf7ed466afafb,301b8488e73b154141c3a0c5737262bf,delivered,2018-05-26 16:35:36,2018-05-26 16:58:57,2018-05-28 15:04:00,2018-05-29 11:18:53,2018-06-20 00:00:00
a204ef2b035bc702ec72a0d80922c071,90e6f34587203aec0ce33b4e42aacb0f,delivered,2017-10-10 21:38:57,2017-10-10 21:49:33,2017-10-13 20:57:43,2017-10-25 19:11:16,2017-10-30 00:00:00
cf08d69c4cea9709409621927e2e41fc,2c14a849a684e7f8e9b652ac1365015d,delivered,2017-12-11 11:53:45,2017-12-13 02:38:32,2017-12-14 22:27:05,2018-01-04 21:28:36,2018-01-08 00:00:00
4cc7a837ccbd410b6a7ebe3e15dc8800,87197160151c810ec85942bb0e50b07b,delivered,2017-11-17 10:24:52,2017-11-18 02:10:49,2017-11-22 22:43:44,2017-11-28 21:55:45,2017-12-11 00:00:00
b7109d0854226ce7bf1794e43363e8e9,2e86121890c1c02879668ab0cc0462d7,delivered,2017-10-25 16:54:17,2017-10-25 17:35:33,2017-10-27 14:23:01,2017-11-11 00:07:38,2017-11-14 00:00:00
5e5530068f0392de72f1683629e5e8db,e92c289ca9f7ba2ec64490b043208e2c,delivered,2017-10-19 21:47:37,2017-10-19 22:56:09,2017-10-23 14:59:49,2017-10-27 18:18:57,2017-11-07 00:00:00
6447ac90fec2245143232faee2c1728b,413dca4652223c3bd75a6aa1efd52c5f,delivered,2018-05-04 00:05:02,2018-05-05 03:35:23,2018-05-07 14:18:00,2018-05-10 15:21:24,2018-05-25 00:00:00
d9248ece96bedf878b5e570f2a838c79,b57b37f4b1619ebff12fc81a85ce6b08,delivered,2017-10-13 08:18:46,2017-10-13 08:35:15,2017-10-18 21:20:07,2017-10-23 16:07:57,2017-10-25 00:00:00
6dc67cb39f917644a71c8f9410d6505a,498e133a13395236012aed36ccde9a42,delivered,2017-11-24 22:43:20,2017-11-25 01:31:23,2017-12-01 16:48:53,2017-12-07 20:32:09,2017-12-18 00:00:00
4f6ffbfd74a55bd9bac8c39ea1e0b48c,89f1b36ca1b8840720e7ef1b713b6f40,delivered,2018-04-18 10:35:28,2018-04-18 10:51:48,2018-04-24 17:18:41,2018-04-25 18:32:52,2018-05-07 00:00:00
fac209312c95149afe74f4cbcdd87c85,5daa5c0e7db8286fc9a67ef146ad1b96,delivered,2017-09-27 18:30:00,2017-09-27 18:49:25,2017-09-28 14:52:20,2017-10-04 18:58:40,2017-10-24 00:00:00
e89e48d863049f7ca8a49758ae99f58a,c276d4ce04e35d109575d3282cd2bd20,delivered,2018-05-07 10:28:17,2018-05-08 20:15:40,2018-05-09 14:43:00,2018-05-14 19:18:47,2018-05-23 00:00:00
779e5d7986235ddc059c04a8304aabed,c525d46112ad98d99e948b4de9541ee6,delivered,2018-08-14 18:09:24,2018-08-14 18:45:11,2018-08-15 12:21:00,2018-08-16 21:08:57,2018-09-11 00:00:00
e4a03aa31a44aef0f584dff623119c72,7e29d996caf508b65825f57600ebef69,delivered,2018-08-16 00:18:25,2018-08-16 16:38:42,2018-08-16 13:17:00,2018-08-23 17:07:50,2018-09-06 00:00:00
4d49d457ad5fc517a2a6f4f9ba232067,845333576029359404cff4062547c67a,delivered,2017-06-06 23:32:25,2017-06-08 03:03:40,2017-06-14 16:56:50,2017-06-23 12:27:48,2017-07-03 00:00:00
84568d93e897d1d8db26cb9b9d157700,652af637b5e0eec2286ec5a8104816c2,delivered,2017-06-30 19:22:34,2017-06-30 19:30:18,2017-07-04 18:22:17,2017-07-18 12:15:12,2017-08-01 00:00:00
89d31974d10311f921548949d210c6c7,8046ddcfc0a7eda6cf7cefaebbfd7efd,delivered,2017-08-27 16:53:01,2017-08-27 17:10:19,2017-08-29 15:49:11,2017-09-09 15:17:38,2017-09-22 00:00:00
9899f511f5fad599e46683421fd9e6d3,5eecf86c8c40a17f85ba8c96632f2d1c,delivered,2017-07-15 00:52:32,2017-07-15 01:05:09,2017-07-18 13:37:36,2017-07-25 14:39:42,2017-08-02 00:00:00
c6d7cba27932e1d0cc2d052db5a2dce6,6f78bc73edfd91d21466c92cf0a43b00,delivered,2018-08-20 13:37:54,2018-08-20 16:01:30,2018-08-21 13:15:00,2018-08-23 18:54:24,2018-09-04 00:00:00
47c94576cf0ea364610aff3e9f6a6d0a,ac4fc3e275223ab8c2dd8a53fade8c6e,delivered,2017-08-20 14:05:23,2017-08-22 04:27:10,2017-08-25 13:45:34,2017-09-19 20:21:55,2017-09-25 00:00:00
6275a054b07c80fe5b7abe07dda2b366,ec65c0f50eb9aa9d6bf2a98c7624e91c,delivered,2018-05-09 17:41:08,2018-05-09 17:55:17,2018-05-10 14:48:00,2018-05-16 17:03:54,2018-05-29 00:00:00
e1fba0870a0b10ccd04d57ed78831c13,3451ca7392f4f8043c95edf9645252a6,delivered,2018-03-09 18:05:10,2018-03-09 18:49:12,2018-03-13 19:21:32,2018-03-21 20:35:42,2018-04-11 00:00:00
7cba85540e273d2d75f23ee6e88c3214,e683aa9741bb090b9798e8f14b8c00c4,delivered,2018-04-22 20:50:07,2018-04-24 19:03:54,2018-04-26 12:25:00,2018-05-03 18:53:44,2018-05-21 00:00:00
ca726b66fb5a8d36376b73e09e4958b9,c5daa48d49abedb25f4bc9e7a1d9cf60,delivered,2018-06-29 14:47:56,2018-06-29 15:11:05,2018-07-03 11:01:00,2018-07-05 22:38:48,2018-07-25 00:00:00
712f5ae305be29ba538edb90e7d8d321,acf69197b55936d30b27ae255b403887,delivered,2017-12-28 20:51:34,2017-12-28 21:08:36,2018-01-03 21:22:59,2018-01-11 20:10:22,2018-01-24 00:00:00
5b9b9b9f3470db72620013b03eec2e3e,737fd7369b88da2c4de05ae281df531c,shipped,2018-06-03 00:35:47,2018-06-04 00:35:15,2018-06-04 13:06:00,,2018-07-20 00:00:00
198078b833ce5c6249ea278d2bb3e220,1871a12ac5e835c89fa644d16d17dd22,delivered,2017-07-10 09:44:10,2017-07-12 02:10:42,2017-07-13 12:17:40,2017-07-26 00:51:22,2017-08-09 00:00:00
5a4ae77af140c48f0cd65b631bdcb342,92af42b44706727c163d09e7b0d8a76c,delivered,2017-08-05 14:55:19,2017-08-05 15:10:13,2017-08-07 19:51:51,2017-08-24 19:36:46,2017-09-12 00:00:00
00fc308dd7f0937682698becaa9dcc45,f40f31f8bfcc5f74d9d246354b90af09,delivered,2018-08-20 19:51:32,2018-08-20 20:10:12,2018-08-22 14:26:00,2018-08-28 01:52:03,2018-09-06 00:00:00
32cf225a72e589313cd8d967203effc6,3da1df4d9cb694fc33051ca98d40415d,unavailable,2017-07-16 14:26:59,2017-07-16 14:35:28,,,2017-07-28 00:00:00
9c37d7a7de99233fd6490a1c09ba0404,0d33a9b58b18573efd07ed7ee3c18405,delivered,2018-07-05 09:32:49,2018-07-05 16:07:20,2018-07-05 14:50:00,2018-07-13 19:07:29,2018-08-02 00:00:00
1095806f851129963474b5f20d6520fd,a192468dc4a03af2d3c89093c26283f1,delivered,2017-03-03 19:46:10,2017-03-03 19:55:14,2017-03-14 08:15:28,2017-04-15 11:17:34,2017-03-22 00:00:00
ffa9f4ba8992cf704640411b3cc3fb90,4333a96bf6bd67842abaf1d84970f14e,delivered,2017-02-14 19:12:38,2017-02-14 19:25:16,2017-02-17 08:32:37,2017-02-24 16:35:53,2017-03-23 00:00:00
cb71dc72237d3c654e1ac60c2ea343e2,8ac977b83cae48a1d1216f13b06aaa2c,delivered,2018-06-25 14:45:20,2018-06-25 15:18:22,2018-06-27 06:23:00,2018-06-28 16:35:24,2018-07-05 00:00:00
a2a25b6cdda4df1153122e0300995334,0b8235b65e5edc54a726c674bf16661f,delivered,2018-07-23 13:25:47,2018-07-23 15:33:19,2018-07-24 11:02:00,2018-07-27 15:21:25,2018-08-09 00:00:00
668b19356f27bf9a854053836ced5053,97a0771636cd3ecff4b7cce15b71df5a,delivered,2018-08-23 16:38:38,2018-08-24 03:15:12,2018-08-24 13:04:00,2018-08-27 20:04:51,2018-09-03 00:00:00
e3f0b406629d8e6309d61f34a2087d71,17635f40f800086f9e8990bd43d9aee7,delivered,2018-04-22 19:42:32,2018-04-24 18:05:33,2018-04-23 19:04:00,2018-04-24 19:20:53,2018-05-18 00:00:00
795c16acb4e3c30dfa5b6827727ef488,d2727dd889fb74cc0b8d40cfaba7a696,delivered,2018-08-12 10:41:39,2018-08-12 10:55:12,2018-08-16 13:40:00,2018-08-20 19:48:50,2018-08-30 00:00:00
fecd7c5fef57b69db425479e2cd41d3b,7a2b5e2c8099b9d261fe168ee55cabb0,delivered,2017-10-10 17:26:34,2017-10-12 02:30:48,2017-10-13 16:52:42,2017-10-27 18:27:47,2017-11-01 00:00:00
94db8945405f2a5bfa3b93346ff1f3ab,89df6e912cbda4fa44bb1a7b4d26f21c,delivered,2017-04-26 15:24:58,2017-04-26 15:35:13,2017-04-27 14:04:50,2017-05-08 08:11:51,2017-05-22 00:00:00
f5cb5068f3b8d01c82803f3fc7924e35,a1749c06e30128cd241317600d73dd37,delivered,2017-11-29 21:59:11,2017-12-01 11:31:30,2017-12-04 13:19:52,2017-12-15 14:55:03,2018-01-03 00:00:00
a4186d9eb0c08c0618614b111418707a,620584cb5bc308f3a44907cd75e98f6f,delivered,2018-03-10 22:18:52,2018-03-10 22:30:22,2018-03-12 20:28:25,2018-03-21 23:12:46,2018-04-02 00:00:00
f81ecd6dcd58df8e96d343f81f0fdb1a,15e52e567d03be3d53e639ce260148ec,delivered,2018-02-14 21:53:29,2018-02-14 22:07:44,2018-02-16 02:13:12,2018-03-03 15:56:59,2018-03-12 00:00:00
6bb214f60f0b2331b730f74f70dc322f,4109c63be22f97950143c4acbfa68e4d,delivered,2017-04-24 21:21:45,2017-04-24 21:30:18,2017-05-05 15:31:28,2017-05-15 15:39:53,2017-05-24 00:00:00
da12fc2d67c74ed6d2f60ee4ad9fd3cd,afe71bfba9fc5fa3edd264886f973c49,delivered,2018-04-12 08:49:47,2018-04-13 08:50:57,2018-04-13 22:22:42,2018-05-08 12:37:41,2018-05-10 00:00:00
ece9ae0d97a26c6978c0691dc190ff1d,309b93ec3ed3ba60315a1454c506ffe6,delivered,2017-11-23 13:32:00,2017-11-25 13:33:55,2017-11-27 16:23:56,2017-12-06 14:52:08,2017-12-22 00:00:00
97b6ab675f38dce08fc58f7e5ddfa1a7,17602b0ca034c6c3142313d06c6beee2,delivered,2017-05-17 14:51:43,2017-05-18 02:15:36,2017-06-16 13:11:04,2017-06-28 07:19:47,2017-06-29 00:00:00
169d7e0fd71d624d306f132acd791cbe,9b75d329d5d07427875e8443ce939770,delivered,2018-02-17 12:23:21,2018-02-17 12:35:36,2018-02-21 20:17:59,2018-03-09 12:28:27,2018-03-20 00:00:00
77db593eee0149b5e2bfac62a6011a4e,32f9ab38c7f8f0a627ee957c50ea0ac2,delivered,2018-03-14 15:44:29,2018-03-14 15:55:34,2018-03-16 22:36:32,2018-03-21 22:06:59,2018-03-26 00:00:00
e9965bb148ec7e8cb64c20b78218adf3,ed76cdbb0c0ff741552f5ec16de70723,delivered,2018-08-10 13:10:40,2018-08-14 04:25:21,2018-08-14 14:28:00,2018-08-21 15:45:45,2018-09-05 00:00:00
fe76817b881fdb722620459a94dcf7d3,29f9200f84f922ee0a3f56274b004680,delivered,2018-03-02 12:32:34,2018-03-02 12:48:47,2018-03-02 22:19:14,2018-03-14 18:19:43,2018-03-27 00:00:00
a656e365b72863ee3bd696c41c4fcc95,40dd50dbf3ac855ac5e321643a5fbe79,delivered,2018-01-16 15:33:05,2018-01-16 15:50:37,2018-01-17 20:30:19,2018-02-01 00:41:17,2018-02-15 00:00:00
a043f3361a5b8a8bb4d09377ba9991fd,d77f71e5d47568ebb672b13aacbfe606,delivered,2018-02-24 21:23:43,2018-02-24 21:35:28,2018-03-01 18:47:01,2018-03-13 21:06:53,2018-03-20 00:00:00
cbd6c1031c0e9d143f20669e385c5e43,96cbb6eeb8aed04c5ce88339a032c17d,delivered,2017-08-28 21:23:14,2017-08-30 02:24:51,2017-08-31 21:53:06,2017-09-15 16:39:54,2017-09-19 00:00:00
4dfe2ddcd2de2e45fd88e8c6bae55901,4682711611a149a9f288e05f7093a526,delivered,2018-01-05 10:07:57,2018-01-05 10:16:26,2018-01-05 19:37:33,2018-01-10 21:49:22,2018-01-23 00:00:00
26d25b216d95d45c3c74ab339d25b534,9a19918870ea368b679af4ccead1a682,delivered,2018-05-07 22:52:56,2018-05-07 23:12:36,2018-05-08 08:07:00,2018-05-17 22:34:53,2018-06-04 00:00:00
9a7e2fda18922ba60aba4f140aead4dd,84b37eb4e166599b6d40f6a4376589de,unavailable,2017-05-05 14:01:47,2017-05-05 14:15:13,,,2017-06-06 00:00:00
aae245e2849c2032f94d4baad11dab79,41e0fc4b66cb6cfe6dadaea3129a08f3,delivered,2018-02-28 11:09:27,2018-02-28 12:01:43,2018-02-28 22:05:27,2018-03-08 12:21:49,2018-03-19 00:00:00
e83de4d40102eb9d76e227fdafff7548,80d373de62c0d5d296dc5530e68c7974,delivered,2018-05-16 16:19:40,2018-05-16 17:08:55,2018-05-17 11:11:00,2018-06-06 11:33:23,2018-06-11 00:00:00
704be8bf8fd6f9246d75c2e09734cdf7,51900b4fbafcdd8f9fee317cfb9e657c,delivered,2018-06-11 09:30:00,2018-06-11 09:52:58,2018-06-13 14:34:00,2018-06-14 14:31:43,2018-06-20 00:00:00
d22becaa3f8e1dff446e32c25028de2b,947c810e89096e900d04c53df5de2922,delivered,2018-05-14 22:38:49,2018-05-14 22:50:58,2018-05-16 14:01:00,2018-05-23 18:35:34,2018-05-28 00:00:00
9aa6637f278e37448385a4293706e8ae,53c4e91c6e006b404ab61e39e24bc769,delivered,2018-05-03 14:28:54,2018-05-04 14:30:38,2018-05-07 11:43:00,2018-05-08 15:54:22,2018-05-22 00:00:00
59af46052a799e80e2f0c665c587731d,b7563d94162ed0aa3f8d9cada4bcc536,delivered,2017-09-09 19:52:54,2017-09-10 20:03:31,2017-09-11 20:54:42,2017-09-13 20:17:41,2017-10-02 00:00:00
2f78f892f107dc4638cc196dbfee6ba2,cb6f374f4e636a14299bf465d2ee264e,delivered,2018-01-15 14:34:14,2018-01-15 14:50:06,2018-01-18 21:07:59,2018-02-06 02:13:12,2018-02-16 00:00:00
003822434f91204da0a51fe4cf2aba18,327679cc34d41d4c48ee5e55246aa6d6,delivered,2018-06-13 14:10:54,2018-06-15 02:37:21,2018-06-15 14:48:00,2018-06-19 13:34:35,2018-07-20 00:00:00
3f6da1442aba80bcf61179602dfab9ca,8b499e9d16a602dcdf3bca4ad3c794f9,delivered,2018-05-09 20:02:31,2018-05-10 20:17:06,2018-05-15 14:45:00,2018-06-12 17:14:50,2018-06-06 00:00:00
0c5f42741cb893d18fdbdce191decef5,a1c1928fbe0263c93dd26d1c061b586e,delivered,2018-06-30 18:00:34,2018-06-30 19:10:17,2018-07-02 14:01:00,2018-07-06 17:47:54,2018-07-26 00:00:00
25d919c7187a3f82b5437023a5e98e46,ebc03139c4eacc7f77065c3dcfd98612,delivered,2017-12-12 15:55:19,2017-12-12 16:12:22,2017-12-14 11:38:53,2017-12-18 22:34:03,2017-12-29 00:00:00
e1dd3bcc1f22b4213a185eec19606daf,8745b35618d22fea8be7fff3e7e71e91,delivered,2018-07-21 14:03:24,2018-07-21 14:10:11,2018-07-23 14:35:00,2018-07-26 16:26:29,2018-08-06 00:00:00
859251cf2a5cfdc89031c995e47842e4,153bf0506c6412533e16757df9c62a5d,delivered,2018-08-16 15:21:50,2018-08-16 15:35:15,2018-08-17 10:20:00,2018-08-20 23:58:29,2018-08-28 00:00:00
09c03e22399940d7e6fb194297ae84a3,48d41600b11988788665a2442780e992,delivered,2018-06-12 22:39:32,2018-06-12 22:59:48,2018-06-13 15:56:00,2018-06-15 19:58:42,2018-06-21 00:00:00
b13d41f7f58e83efb42dde0657777b9e,0570eff03cfce2f794d818d3f6bec651,delivered,2018-06-25 11:05:02,2018-06-26 04:35:15,2018-06-26 11:30:00,2018-07-03 21:08:53,2018-07-26 00:00:00
add940502d0460714892c63cc13c07eb,d842843c08c46c76816b2a4fc293a7a2,delivered,2017-11-30 10:54:14,2017-11-30 11:11:07,2017-11-30 23:52:05,2017-12-27 18:05:16,2017-12-22 00:00:00
8b371a467d5d8cb50bc8dfd535dc7f25,456e88746e116393262f6be40a43224f,delivered,2018-01-16 16:42:59,2018-01-16 16:52:20,2018-01-23 20:39:13,2018-02-05 21:56:35,2018-02-16 00:00:00
8cefcd4d626074f8b6fa9c501659da8e,823ad0d5432f4992ce749eac3ed94b52,delivered,2018-06-25 20:01:01,2018-06-26 20:07:46,2018-06-27 10:33:00,2018-07-04 13:42:10,2018-07-23 00:00:00
d5ab426a149bfee66ff88db9c6a8836a,fdb25d73ff1068cb0fe401c24cfaf002,unavailable,2017-02-01 10:40:43,2017-02-01 10:50:16,,,2017-03-14 00:00:00
4ef317aa4c1f35d3fe599a85512cda21,bbcef0e4721b10d0105963b7eaf686d0,delivered,2017-08-15 15:58:35,2017-08-15 17:10:16,2017-08-16 18:47:47,2017-08-28 19:23:12,2017-09-19 00:00:00
1702dd469ef502af250c4b02c8ab4a4f,847a58a689e3ae9ead5d38c6f179bd22,delivered,2017-12-02 15:43:09,2017-12-02 15:50:51,2017-12-06 20:18:32,2017-12-13 19:09:05,2017-12-27 00:00:00
7665a43dfebf16e330953e78ebc5a259,ebc6a200f1dfff475bf1fc1ce8acb2d9,delivered,2018-06-18 14:26:08,2018-06-18 14:36:19,2018-06-18 15:03:00,2018-06-22 19:38:53,2018-07-26 00:00:00
8f6dccb4b483eca3ba0237c1db35fd0c,9edf9b97ee44ffbd1f5151653afed401,delivered,2018-05-08 00:06:19,2018-05-08 00:15:22,2018-05-08 14:23:00,2018-05-17 19:09:56,2018-05-17 00:00:00
5251ac9886fbf2953b24c9f45364837e,530f1a953a4e313fbe3b5c81edebf793,delivered,2017-09-10 16:30:16,2017-09-10 16:43:26,2017-09-11 20:03:23,2017-09-16 16:27:47,2017-10-10 00:00:00
184cb3de27ca20b3641aeb65c7c429b6,1b01ec7f2308e02da64e83efb0c6bbad,delivered,2018-01-31 01:00:56,2018-01-31 13:32:14,2018-02-03 15:17:03,2018-02-22 19:22:50,2018-03-08 00:00:00
10d94479d66117fb7748e5117855db0c,8edf66ccf70461b7aa871fb0f8d97e19,delivered,2017-11-06 14:55:05,2017-11-06 22:35:47,2017-11-09 16:09:42,2017-11-17 20:41:56,2017-11-28 00:00:00
618450817fba79842e9347f1c03714d3,5b547dd68c1218f594ed1c26bea5d0fa,delivered,2017-10-30 10:40:38,2017-10-30 11:10:06,2017-10-31 16:42:57,2017-11-07 17:34:47,2017-12-01 00:00:00
e4d08950321814112909360f9dca2e3d,4700d1a6f247079a2e60dc883b4c0c16,delivered,2017-08-08 21:30:55,2017-08-08 21:45:08,2017-08-10 18:15:49,2017-08-11 12:12:00,2017-08-23 00:00:00
d392709d59adcaff2d80dee55da91748,77ed68c1f51e428898c4d4ae3eb5f23d,delivered,2018-02-12 09:25:17,2018-02-12 09:48:43,2018-02-16 20:41:40,2018-03-02 19:04:11,2018-03-14 00:00:00
03b769c4844b71608c388fcf6f4287d4,dbef5eb24f60585a8d9b2b118aee84de,delivered,2017-11-20 20:21:13,2017-11-20 20:31:50,2017-11-22 22:32:36,2017-11-24 22:33:05,2017-12-01 00:00:00
458ce9ed0016410eb81b196544fd987f,da820f92e794fd43b2806f52cf2f2109,delivered,2017-07-08 12:14:30,2017-07-08 12:25:18,2017-07-10 17:29:47,2017-07-17 18:22:41,2017-08-01 00:00:00
940b17cda16a315ebce41e39a03a759e,2441a0481b3df45bfabeee5e7567b5eb,delivered,2017-09-19 12:19:57,2017-09-19 12:30:11,2017-09-21 13:58:06,2017-09-25 19:49:57,2017-10-05 00:00:00
2d3c3cbfc3286b15ef13547f94567459,9c8c7021766b19f1857d1af3e458ec3d,shipped,2017-04-09 23:15:16,2017-04-09 23:25:13,2017-04-11 06:24:43,,2017-05-10 00:00:00
21c362b5b414c727c47d29ae5a653c3e,b712314e68a48b96b83d96ada0c91173,delivered,2018-03-11 21:44:41,2018-03-13 03:50:40,2018-03-13 21:05:46,2018-03-21 15:12:21,2018-04-09 00:00:00
96a3e667da37fbf1a734e7ac4cfb566b,bd138ea8b82f8ed2d553b071d18533c0,delivered,2017-03-08 15:05:18,2017-03-08 15:05:18,2017-03-10 08:36:52,2017-03-21 11:34:14,2017-03-31 00:00:00
5fda248f43023d5528e3a28e886f9b8e,5e57a8408969b94d9572d59fc3501051,delivered,2017-09-15 00:53:25,2017-09-15 01:04:35,2017-09-19 17:33:19,2017-09-26 20:15:35,2017-10-06 00:00:00
75e005e5bcbda5404c4c3f5dcb16f7ae,941e3d52d6ec11f3162bd535afecee7f,delivered,2018-02-27 23:59:53,2018-03-01 02:50:49,2018-03-02 19:52:36,2018-03-05 18:00:04,2018-03-14 00:00:00
ef9b0fd26c25baaf42b8ebc3417fff01,24dbee633a293442e2316432ee44e73c,delivered,2017-04-24 19:52:11,2017-04-24 20:05:19,2017-05-03 08:27:39,2017-05-12 14:29:46,2017-06-01 00:00:00
b5dd543f543e5ff34d1600de642c98bb,91f95abd4086c845a60d86f48179d134,delivered,2017-11-21 11:44:23,2017-11-21 12:10:34,2017-11-21 20:57:07,2017-11-23 20:14:42,2017-12-14 00:00:00
a59fd1b51d1198a8845cfb665209ea4d,db385be90c817dcb9a73ddcc0b88be79,delivered,2017-02-07 14:24:45,2017-02-07 14:42:12,2017-02-08 14:02:56,2017-02-11 15:35:49,2017-03-16 00:00:00
d98222e2d133bcdcb2352eb1161ddd30,add6b7ed50b1198eae6b78268e07c043,delivered,2017-11-14 15:32:02,2017-11-14 15:47:53,2017-11-21 19:33:16,2017-11-29 01:21:59,2017-12-06 00:00:00
f22994b30f7ab7b86eacb2ea99e61a86,939b596a4a7229ebad09bcbad40538e6,delivered,2018-08-16 10:30:31,2018-08-18 02:35:17,2018-08-20 09:25:00,2018-08-21 17:27:56,2018-08-21 00:00:00
0f47f9183ff34c4a76633181b380acbc,391ea9f08646bb9c99de7a3b24eb8641,delivered,2017-09-27 19:57:59,2017-09-27 20:07:31,2017-09-29 18:53:32,2017-10-06 21:03:45,2017-10-24 00:00:00
3adf1c191833181e2e17f0639140b2cd,f667a9ea537f04d56f04ffa59507c6be,delivered,2017-10-28 13:18:28,2017-10-28 13:35:14,2017-10-31 16:48:43,2017-11-10 17:23:41,2017-11-29 00:00:00
8f78b315dd28cdac3c6fc9b52cb56795,aa22daee92f1c49865df08f7b28b4d57,delivered,2017-06-04 21:52:53,2017-06-04 22:02:25,2017-06-06 11:17:53,2017-06-07 14:04:53,2017-06-19 00:00:00
0bea7c54ed17281e684c8bc1191e0272,a587568552acc7996edef3369f972bde,delivered,2017-03-11 15:04:29,2017-03-11 15:04:29,2017-03-13 09:27:59,2017-03-17 14:19:19,2017-04-03 00:00:00
05861bbf66a8cc3d5cdb6db76fece371,a0004afe35efb0e69a20cbe006d17e05,delivered,2018-04-17 18:04:16,2018-04-18 05:11:27,2018-04-18 16:22:28,2018-04-19 16:54:37,2018-04-30 00:00:00
08273b57741a2ee2f20725323393b0a2,422c1063e6bb4e39e0f40de0c06450e7,delivered,2018-04-08 21:10:37,2018-04-08 21:29:24,2018-04-10 02:22:01,2018-04-10 19:18:45,2018-04-25 00:00:00
c5c3f8505307266d936b0127ad17be75,9431058c0d24bf917751473cca9b9054,delivered,2018-05-24 08:57:14,2018-05-24 09:13:07,2018-05-25 14:05:00,2018-05-28 12:47:33,2018-06-11 00:00:00
4cbe4b6de34cedf25c083ae816e4dc97,2a82d7cd3bb6eb87bf2ae493195d4fb3,delivered,2017-04-25 14:20:17,2017-04-25 14:35:15,2017-04-28 10:27:33,2017-05-10 17:03:32,2017-05-17 00:00:00
454e3d66dfb9e670fd53406db78100ae,64938ba76130bbfe20ee8a87e78ec8dd,delivered,2018-07-05 17:56:40,2018-07-05 18:10:50,2018-07-23 11:36:00,2018-07-24 14:57:39,2018-08-01 00:00:00
eea58982d534991bfd7f844e9ff0e28f,a62a5baefbc81700a250ec92a072809e,delivered,2017-03-25 22:15:25,2017-03-25 22:15:25,2017-03-29 15:55:51,2017-04-13 13:52:30,2017-04-20 00:00:00
6610d1b2f774539f028cc2850a795657,d1e06f851aade9e435acec5bc8635b30,delivered,2017-08-13 17:31:32,2017-08-13 17:46:18,2017-08-14 19:03:46,2017-09-08 18:36:30,2017-09-18 00:00:00
d9e690521484caca3fe0ed22443df035,2dce2b50607ca4cda61b851e571cd505,delivered,2018-03-24 18:21:38,2018-03-24 18:30:36,2018-04-09 21:42:53,2018-04-23 12:17:48,2018-05-03 00:00:00
41490608ca43942cf4ac60d48275a230,65aac1297cd0a4877068df3157002005,delivered,2018-05-17 17:55:54,2018-05-18 17:55:41,2018-05-21 09:08:00,2018-06-04 15:42:10,2018-06-11 00:00:00
da95f8b22acd8e17362c16bf0eb86714,e5ebeccac97f5d1d0580b471b47a8843,delivered,2018-05-09 00:44:03,2018-05-11 11:09:02,2018-05-15 12:36:00,2018-05-28 12:34:48,2018-06-01 00:00:00
d26fe2b5a755aba1046aa0e0acea40f1,93a4bacb8a4b7dd992d746ffca745f32,delivered,2018-02-09 00:14:41,2018-02-09 00:32:22,2018-02-14 14:22:39,2018-03-02 19:57:35,2018-03-09 00:00:00
47c99bccd0e7674a94f97d36e8b00dbc,d157ebb8ebe34202c1c494d8b38049a7,delivered,2017-07-25 13:58:08,2017-07-25 14:10:19,2017-07-28 16:06:53,2017-08-24 21:18:04,2017-08-23 00:00:00
47029bb7d64e424ea49c0adb7526d2d9,f23fd4f7a90cb6f5280d8633a08e0be6,delivered,2018-01-26 14:56:14,2018-01-26 15:15:06,2018-01-30 20:44:55,2018-02-02 04:04:46,2018-02-09 00:00:00
6620e428554c0be33f1fcb699c9d683d,48723bcc46fc991caa0480dea031d579,delivered,2018-06-14 21:03:49,2018-06-14 21:21:22,2018-06-15 12:40:00,2018-06-20 20:04:06,2018-07-05 00:00:00
ab6d087fa821a556e55c7a9b5acf3b8a,3f7f25ccf4beb24d50687f014215ed4b,delivered,2018-07-09 19:53:39,2018-07-09 20:10:11,2018-07-11 13:55:00,2018-07-14 00:16:42,2018-08-02 00:00:00
7dd6305a1d458ac09cd7581092afd396,5119b68a7f7dc6faac44effbf3153f12,delivered,2017-05-01 13:38:57,2017-05-01 13:50:13,2017-05-09 07:00:09,2017-05-19 16:15:07,2017-06-01 00:00:00
51d99333bb2215b763043750f030dce5,3ecc9e555e7fea523b8bb0201cd520b8,delivered,2018-05-05 15:32:53,2018-05-06 15:33:28,2018-05-08 13:51:00,2018-05-14 21:38:28,2018-06-01 00:00:00
07528311766b5aa54d193747c66663df,36cdc8dbf199fc4fed2822ddc0d07c7d,delivered,2018-02-27 21:49:09,2018-02-28 21:48:29,2018-03-05 19:28:39,2018-04-16 20:46:25,2018-03-23 00:00:00
be5855d64fcac12e1e9c036a4932ff7d,84c8a0fdb488208ca422163ed34ae1dd,delivered,2018-08-15 11:05:02,2018-08-15 11:15:23,2018-08-17 06:26:00,2018-08-20 21:57:39,2018-09-03 00:00:00
2c6a443a179d58ca22cbb911e1aec4fb,acf8ca57c25914876742d5dfe72aa44c,delivered,2018-08-10 09:20:02,2018-08-10 09:30:20,2018-08-13 16:11:00,2018-08-16 23:32:27,2018-08-16 00:00:00
bde9dcf0dc69c52b11ed05d22d3ae4fd,a8eaaed41944c9f4102f0787aeae30ee,delivered,2018-02-22 10:01:22,2018-02-22 10:15:41,2018-02-22 20:35:40,2018-03-02 00:19:01,2018-03-14 00:00:00
a42b8e89c40b20239fd256bd449eb7b7,f62a748374fb9339c8b2a648c160715b,delivered,2017-07-01 00:17:33,2017-07-01 00:25:13,2017-07-04 15:37:34,2017-07-10 18:53:37,2017-07-25 00:00:00
f509234966435e8aef743720d595470b,7e091887a648aa71aa89584aff731686,delivered,2018-01-08 20:54:28,2018-01-08 21:08:36,2018-01-09 20:15:45,2018-01-22 21:08:35,2018-01-31 00:00:00
49d320895c0fd04922eff4cebfa20027,6bbffeae45cd33dcbfda5445fb9bb5f9,delivered,2018-02-19 14:33:27,2018-02-19 14:47:32,2018-02-21 12:40:14,2018-03-06 17:25:32,2018-03-14 00:00:00
6026ab778a91a44d6099fd3734dfb44a,419416765315af7eec3cc52b6590c2cf,delivered,2017-11-21 20:05:55,2017-11-21 20:16:33,2017-11-22 21:11:32,2017-11-28 20:52:57,2017-12-19 00:00:00
15ac0c27c404a6601dc7a613faddc813,9123589cf44b8f276882e8388173188a,delivered,2018-05-14 15:06:35,2018-05-14 15:17:57,2018-05-15 11:39:00,2018-05-21 20:48:23,2018-06-14 00:00:00
20622ef355900d1bef22d837aecbe32f,820e141efe617d74379e4e05836806f4,delivered,2018-05-03 10:27:40,2018-05-04 10:32:24,2018-05-04 12:33:00,2018-05-17 23:32:10,2018-06-08 00:00:00
9f07fd1359b3011a31560b21a4eb1fc4,5c234e3e80502a9e4ff425d6daa3b8fe,delivered,2018-08-10 16:36:48,2018-08-10 16:50:14,2018-08-13 14:55:00,2018-08-16 16:41:53,2018-08-30 00:00:00
413570abe3d3b2e99c63f5d9ceadb6b3,e71ab3a5414af041e8be3e1cb8981a23,delivered,2017-12-07 14:07:50,2017-12-07 15:29:28,2017-12-19 16:23:30,2017-12-23 17:15:57,2018-01-08 00:00:00
e1c161cec46262db2bdd7b36d9ee2450,25b659cdb72b96f7848aba71af036fe6,delivered,2018-06-14 07:07:06,2018-06-14 07:35:33,2018-06-14 13:10:00,2018-06-18 21:28:32,2018-07-11 00:00:00
09fd9b0402ed675bbd1ee1e81171ac7c,06d529bccb0825265d8b5b73c66e53d8,delivered,2018-08-18 21:36:49,2018-08-18 23:31:32,2018-08-20 13:47:00,2018-08-29 20:17:39,2018-09-21 00:00:00
37ef684ef56e80eac9ebcf864d5989b3,05ffdc40a1cd1b27274fb4d460103f04,delivered,2018-01-09 16:39:32,2018-01-09 16:52:56,2018-01-10 18:57:09,2018-01-22 15:51:59,2018-02-01 00:00:00
9edf763ce028bf85b1902693c252bdff,7de0155359e8225c2e5016d53d932066,delivered,2018-04-11 21:37:56,2018-04-13 12:50:12,2018-04-13 22:09:38,2018-04-20 21:38:41,2018-05-03 00:00:00
6d44b31ace9597cb17ddf0de40a6ea51,09fec4d70947d5f83147b9e781962e8b,delivered,2018-07-16 23:18:53,2018-07-16 23:30:15,2018-07-18 14:24:00,2018-07-24 16:06:52,2018-08-06 00:00:00
c5f43352377291361dad9a7366ae1c89,f9796700c0a1d4455471776293bbbc09,delivered,2017-11-22 14:15:15,2017-11-22 21:48:22,2017-11-27 18:57:23,2018-04-06 21:52:36,2017-12-18 00:00:00
a7a059568a1148582144bcc98773cb10,6f02f922fac04edffca4b545e5bfefe8,delivered,2017-03-15 21:38:46,2017-03-15 21:38:46,2017-03-16 14:40:47,2017-03-30 16:57:41,2017-04-20 00:00:00
5ac5d690e12a26a84e1dc443d318e82f,9b020fa3af617070b8d9988c2aff7fde,delivered,2018-08-17 01:10:44,2018-08-18 01:09:32,2018-08-20 14:52:00,2018-08-23 12:18:59,2018-09-19 00:00:00
4947e751fe684314c040cac7a908143c,658209d1209b7ba76db76dacc08da700,delivered,2017-07-31 00:34:15,2017-07-31 00:45:17,2017-08-02 17:09:50,2017-08-10 21:09:33,2017-09-15 00:00:00
89bed55dd88d035e3b1b2489862e53cc,d2086bed6bec231d8db6a6158cc4b407,delivered,2018-01-05 17:03:43,2018-01-05 17:12:22,2018-01-10 19:56:56,2018-01-22 09:35:29,2018-02-09 00:00:00
7e81615ea78ee199445fca4f2b1e760a,4c4f820a610c5c687e56d69a2f54ffcd,delivered,2018-02-08 19:03:12,2018-02-08 19:40:37,2018-02-09 19:36:49,2018-02-19 19:32:46,2018-03-02 00:00:00
dec9866b0879f08278292fdf8ba51b62,f64c39748646a71d48509cc4d9908f2a,delivered,2018-03-14 12:09:51,2018-03-15 12:09:49,2018-03-15 23:04:26,2018-04-06 00:04:11,2018-04-09 00:00:00
6df63dddfc5b87dd7294f148d6956c27,5467e28a6f75b063b51105ed95a8e111,delivered,2017-11-24 11:10:28,2017-11-24 13:14:53,2017-11-27 20:27:37,2017-12-16 14:24:44,2017-12-22 00:00:00
f15a1e73acaf52cc00304cd1c2b5f09d,20c8e36988db1c1f79d15317a43c0005,delivered,2017-07-12 09:16:44,2017-07-13 07:23:35,2017-07-18 17:56:16,2017-07-31 18:32:19,2017-08-07 00:00:00
915f541ee5f9fd7b10797945cfabf971,f29a766a89f68d0ee767d2cb03503603,delivered,2018-05-28 17:57:07,2018-05-30 02:32:29,2018-05-30 14:26:00,2018-06-13 19:58:24,2018-07-16 00:00:00
cacc1fb58a377d93574c303d6c901986,82750cc54b85f69aa3d33e87bcbfd55c,delivered,2017-11-07 08:53:13,2017-11-07 09:06:11,2017-11-14 20:17:11,2017-11-24 15:39:45,2017-11-27 00:00:00
a8cf8e962c524adf2aaedc5a876d0ab6,a8dd3c1ab4eeccb2a1bd2aec4f8d32e0,delivered,2018-04-05 07:53:49,2018-04-05 08:10:15,2018-04-05 21:08:21,2018-04-11 22:08:07,2018-04-30 00:00:00
4f080f85daf0d53e2757336275292310,355fde2e1bf1fccfd0b734184246deba,delivered,2018-07-25 14:38:22,2018-07-25 14:50:07,2018-07-26 08:32:00,2018-07-27 14:11:51,2018-08-02 00:00:00
425de35c38a6fbe5030783d1ebf2b93f,d757f3fd109b21e730d6ca8c9df50908,delivered,2017-08-26 19:27:19,2017-08-26 20:00:15,2017-08-29 20:34:01,2017-09-11 21:55:51,2017-09-18 00:00:00
85897c1837af1ba410fee4573c3f16de,a30761dd5c59782f811c2b413af317dd,delivered,2018-07-30 20:15:34,2018-07-30 21:31:44,2018-07-31 11:28:00,2018-08-06 16:02:44,2018-09-06 00:00:00
c05a45e107ce04b5439d590f79acf195,d9827127aa081ca5fbef7e37408d1be4,delivered,2018-03-05 21:13:28,2018-03-05 21:28:58,2018-03-07 02:42:04,2018-03-29 17:58:34,2018-03-28 00:00:00
51ff4a10777aeb7e9a0e28f9c5211ec8,4ceff68d9954da5a2b1b42a4ce0e0064,delivered,2018-01-10 21:44:01,2018-01-11 02:39:36,2018-01-15 17:47:55,2018-01-23 19:59:54,2018-02-02 00:00:00
e81032820ec46f233a5cb7e835274872,81ff89d07f81125f4c3d1d570b49e826,delivered,2018-05-23 17:01:37,2018-05-24 02:34:39,2018-05-25 13:58:00,2018-06-07 19:48:33,2018-06-28 00:00:00
1f68fb8b75dab6bde29558a8f1c8fe34,e761fa60706c9383584a879dadec7d64,delivered,2018-08-12 09:43:40,2018-08-14 04:44:20,2018-08-14 10:11:00,2018-08-24 20:48:30,2018-09-26 00:00:00
eb24356203f63304c71d81f2c841a02a,3ade1bb252ff5a9ac28b1f8738ec01b2,delivered,2017-06-04 12:44:27,2017-06-04 13:05:15,2017-06-06 06:53:47,2017-06-08 16:13:31,2017-06-19 00:00:00
ed36a885373249eb36b298e9907b5ac3,f6eb32de7446f7ba98122e5b4d09b3c0,delivered,2017-11-25 10:50:33,2017-11-25 10:59:26,2017-11-27 18:36:14,2017-12-14 15:12:40,2017-12-22 00:00:00
741653b1b2d0d37c62f1a1f90e93f02d,6915b266c843d2173c26493656177e5d,delivered,2018-06-27 09:46:09,2018-06-27 11:06:25,2018-06-27 15:02:00,2018-07-03 16:05:22,2018-07-20 00:00:00
30995c2450c43a071181b6f0c3602296,a1c153a37108b432398900fb6974d49c,delivered,2018-02-10 13:28:35,2018-02-10 14:08:20,2018-02-15 19:52:54,2018-02-28 15:45:38,2018-03-08 00:00:00
1c27ca778555f1927ccc2517c6509e1a,5d5607a9bee2ae41ec3cc5c6dba540ff,delivered,2017-05-21 11:29:45,2017-05-21 11:42:38,2017-05-24 20:04:03,2017-05-30 10:59:36,2017-06-09 00:00:00
508febacffe1f7bfaf96a76a59677e6d,dbddac608b5206746031a5b32d8fb469,delivered,2017-05-08 12:06:44,2017-05-09 13:10:43,2017-05-09 13:36:01,2017-05-30 09:43:51,2017-06-08 00:00:00
d673aab5cd4319eaaa7a9d00c12f1b0a,42bd78e6d23808ff87644a53123ffdbc,delivered,2017-08-20 17:06:42,2017-08-20 17:24:52,2017-08-22 20:52:15,2017-08-24 20:02:36,2017-09-13 00:00:00
da627a0b6c0976733e24aac04405eaa6,5124af0baf58d5daaab528b151972178,delivered,2018-05-08 22:56:02,2018-05-09 22:55:25,2018-05-15 16:03:00,2018-05-21 23:18:31,2018-05-30 00:00:00
fd65651f855608ad1aa52ff4a741c31a,d3cdfbb148046355e5f28cb8ca25fc7b,delivered,2018-04-28 22:01:33,2018-05-01 05:32:23,2018-05-02 13:05:00,2018-05-09 21:49:02,2018-05-25 00:00:00
119e67c344bd250bb9d6a6f1028fd678,3d2379343a747f1645e5cfdee7ebb595,delivered,2018-02-26 09:14:24,2018-02-27 04:31:04,2018-02-27 21:29:13,2018-03-12 18:21:42,2018-03-23 00:00:00
5d681580aa55e4c0146507109ed65a98,1f5b69f5dd7c256aa9a601a4ec353abf,delivered,2017-11-28 11:10:35,2017-11-28 11:31:26,2017-12-05 17:39:06,2017-12-18 18:12:46,2018-01-10 00:00:00
682d2a1eb8b2676fc3337cf90c96ca8b,ae4cf79e3528752966e1eeb9743fee41,invoiced,2018-03-05 16:26:53,2018-03-05 16:36:13,,,2018-03-21 00:00:00
d7db08dbc78c01587c1da8ce08e6269c,8790cf1cb7ba8a4fa434bea0529d1c54,delivered,2018-07-24 18:36:55,2018-07-24 18:45:13,2018-07-25 12:45:00,2018-07-26 15:38:49,2018-08-01 00:00:00
0f93d63baf9f573e2d349ff7f1873f75,b98974c5a4c3e37d99a4a70e5c6e99ce,delivered,2018-01-17 16:54:50,2018-01-17 17:15:13,2018-01-24 11:15:47,2018-01-30 16:05:05,2018-02-23 00:00:00
7c303e55404bf2462c89a320c8d47688,46562c13f2603ce314ac9047cf85bc42,delivered,2017-10-11 17:15:54,2017-10-11 17:28:27,2017-10-16 23:49:04,2017-10-21 16:08:15,2017-10-24 00:00:00
a806770e48c22cc0c2607982f3e87e30,ec690140f77f5ff4c884704c976e3489,delivered,2017-09-01 14:00:39,2017-09-01 14:15:19,2017-09-04 20:51:53,2017-09-15 18:53:49,2017-09-25 00:00:00
49c6d2d936de699d0f22a5b66451200c,5ab2ff8c31146d43f7549a9c15a64be3,delivered,2018-06-27 07:45:51,2018-06-27 11:02:04,2018-06-28 10:04:00,2018-07-03 17:55:12,2018-07-18 00:00:00
d32d839e4c6f7772888cc70c40f23abe,f282c09c41cb14c6a88481deb1c0b25e,delivered,2018-01-18 23:19:22,2018-01-18 23:30:34,2018-01-19 17:48:36,2018-02-01 17:39:04,2018-02-15 00:00:00
af4e1751fceaef178caea3c840671a83,b451a2164a5f018b0c83050e005c5d70,delivered,2017-10-31 23:00:50,2017-10-31 23:15:16,2017-11-01 15:52:18,2017-11-14 20:58:48,2017-11-23 00:00:00
4f916177e07bacaaaf3d51df3cc133a6,6eebaa1366d1fecc9273ab402af38d5d,delivered,2017-10-27 14:28:52,2017-10-27 14:48:02,2017-10-30 15:33:58,2017-11-08 15:04:40,2017-11-13 00:00:00
ea9c1cc0e0584ca0228d483668d95799,f94c9d68a66760b7e46248dec580e423,delivered,2018-05-17 21:56:38,2018-05-18 17:55:25,2018-05-22 14:57:00,2018-06-08 14:38:54,2018-06-13 00:00:00
cebaf65c7b34d3f42d887421dbaa1a30,5467b2f372aabb3861904be583bff4b9,delivered,2017-10-04 19:08:47,2017-10-04 19:25:51,2017-10-06 15:41:30,2017-10-19 20:53:26,2017-11-09 00:00:00
08e9e443708079a97897e24456987f83,3ba82631bd5d98cf9aed23c57a08cc13,delivered,2017-11-26 05:14:06,2017-11-28 05:18:06,2017-11-29 22:24:44,2017-12-02 00:44:47,2017-12-11 00:00:00
f05cbc7f54dc6bbc92c808e2e8f7a305,9f9913a52dbfedbf6c7724c8a819bb1e,delivered,2018-01-20 16:49:19,2018-01-20 17:21:25,2018-01-24 18:09:24,2018-01-29 23:23:16,2018-02-14 00:00:00
c0f3bbb3ae2e2d74db5fcd5a0e3c84e3,e2e25e1f6c10e641654ef18aa598cb58,delivered,2018-04-22 23:01:26,2018-04-24 19:23:54,2018-04-24 18:48:33,2018-04-30 15:50:02,2018-05-16 00:00:00
71b2f7e12c3ef6574e1deaddbef86465,e96f726a36912911368a300dc6cdc621,delivered,2018-01-04 22:19:40,2018-01-06 02:31:48,2018-01-09 20:00:06,2018-01-17 21:23:41,2018-02-02 00:00:00
1ca14127ecae7a3d413ed6b2f2447d44,36fd3beaf034e87d9acec32723c50fcc,delivered,2018-02-25 18:03:24,2018-02-25 18:10:38,2018-02-26 18:53:50,2018-03-06 13:21:53,2018-03-16 00:00:00
9e01038648e0a5eec4646fa5fd32b322,9ee4a3d1a9fb58a84f719389ef1e8285,processing,2018-01-05 10:33:03,2018-01-05 10:47:21,,,2018-02-05 00:00:00
b9d664fece7771cd481b9fbd80715a8c,16359e16ed708f704e655b1b301a3a9d,delivered,2017-11-26 23:30:01,2017-11-26 23:53:18,2017-11-28 20:26:55,2017-12-05 17:47:43,2017-12-20 00:00:00
f1e294ff3cef22b5bf945d1720dceb9e,e8181e1d84efc3d14d2d8a1827644608,delivered,2017-05-06 08:35:20,2017-05-06 08:45:11,2017-05-09 10:31:16,2017-05-22 16:00:04,2017-06-07 00:00:00
d70fd017aef831ae5be08b4a58ad57ea,5bcee47546812cfd1ae22f687a1e266d,delivered,2017-06-27 22:10:42,2017-06-27 22:27:30,2017-06-29 09:08:03,2017-06-30 16:02:19,2017-07-11 00:00:00
e8ac6018ea6a72532812adc8ec5fd61b,d3c54c41e7fb58398a9853d20b7b03bb,delivered,2018-06-18 10:26:16,2018-06-19 12:58:13,2018-06-20 16:57:00,2018-06-25 16:54:26,2018-07-30 00:00:00
5b936ab56019f1650defd8eb181bfe6d,2a8e4ea4ec8d14fd8ffaacb4eac10c7e,delivered,2017-08-04 16:55:19,2017-08-04 17:10:13,2017-08-07 16:12:44,2017-08-18 19:43:28,2017-08-24 00:00:00
cf848a1927357659bfc5aec6664e9254,043563b734e56fc7efa52c47e58d339f,delivered,2018-05-10 20:12:10,2018-05-10 20:31:16,2018-05-14 06:35:00,2018-05-24 10:58:49,2018-06-05 00:00:00
bda572f45be73ea760e1284b291abdca,4d92f7f7f7318308f9f4e3c169bb8e5b,delivered,2017-07-28 01:06:08,2017-07-28 01:23:56,2017-08-03 18:39:39,2017-08-08 21:05:12,2017-08-21 00:00:00
d1be5514260cbf085a5c99771a5b2741,b52057107651c25fbef2e3f3170b3035,delivered,2017-06-16 22:00:17,2017-06-16 22:15:17,2017-06-19 13:22:34,2017-06-26 15:27:52,2017-07-06 00:00:00
eff853aac91ab73f53304207c4571d1f,c01e761974ab95b489519a88d0a3ca10,delivered,2018-02-09 23:23:23,2018-02-10 00:21:23,2018-02-15 00:23:29,2018-02-20 19:06:53,2018-03-12 00:00:00
b2c44ea2cec62e4994c10e8e84c266c5,e0afe6aecb9f6406541ff71b13fd9aa9,delivered,2018-07-18 11:09:48,2018-07-19 02:50:19,2018-07-19 09:22:00,2018-07-23 21:54:33,2018-08-08 00:00:00
c98ff3e97a8d66fbea39ae151011b528,5b2e218f36d883174900b097068df0a0,delivered,2017-03-21 21:41:57,2017-03-21 21:41:57,2017-03-23 15:31:18,2017-03-31 13:33:25,2017-04-11 00:00:00
745101b25a8cf56c6a666486d68096c4,61aed053b6e0ce33701c758309d0c73e,delivered,2018-06-29 23:02:53,2018-06-29 23:15:10,2018-07-03 12:52:00,2018-07-10 17:51:30,2018-07-27 00:00:00
a841f631323b344289173ff816576be6,a615e88159365c7690be8ff5c3816a24,delivered,2018-04-19 00:23:04,2018-04-19 00:35:16,2018-04-19 22:55:22,2018-04-30 18:27:39,2018-05-10 00:00:00
761504d99664606c4c83458bc89144a2,37b845ee1198626c1545c4b81f591960,delivered,2018-07-07 01:21:33,2018-07-07 10:15:25,2018-07-10 11:54:00,2018-07-12 20:56:49,2018-08-07 00:00:00
6a05e48937319f63bbb0b27612473839,2d74cbac7470fa0af814cc8eb6913a97,delivered,2018-04-22 13:50:30,2018-04-24 19:03:39,2018-04-23 22:45:40,2018-04-26 23:41:29,2018-05-24 00:00:00
4b6aa78846ad555241cc92ee58c815c6,07ae746c23c06957d56ae4f0a3f7b3fe,delivered,2017-12-03 18:18:26,2017-12-05 04:11:58,2017-12-07 16:39:58,2018-01-23 15:58:31,2017-12-28 00:00:00
5f5b21953fb3ca7d0ecdb72d5625d59b,98af4dc8bbae5bd1e334d1188985a12a,processing,2017-03-25 14:49:56,2017-03-25 15:02:37,,,2017-04-27 00:00:00
0bfda094bb90714ad608c1b0bd16a458,224596c5a40f0b3fab3be69edd4db8b1,delivered,2017-12-07 10:31:38,2017-12-07 10:52:38,2017-12-08 20:08:52,2018-01-05 17:04:15,2018-01-08 00:00:00
f9d6e4f177c33d17573279292f1473e4,59409983803dc8c6d5420c64f8fbb75e,delivered,2017-08-30 18:53:29,2017-08-30 19:10:45,2017-08-31 14:47:48,2017-09-14 20:57:42,2017-09-22 00:00:00
1d549356573aec2c60e329901bdba77e,e087e4206a57c94336bb38ae8966bc25,delivered,2017-10-14 22:12:01,2017-10-14 22:28:16,2017-10-17 23:07:58,2017-10-30 15:13:55,2017-11-14 00:00:00
5d31808356c1ecbf7eeadc61144a098c,96893778bb00036d90c7c6c8082660b3,delivered,2017-10-17 11:47:02,2017-10-18 03:27:23,2017-10-27 22:04:39,2017-10-31 13:53:49,2017-11-03 00:00:00
28f079a1f1568fda3a17841d6fe48390,459f6d9169372a39b0fe1f00e96947b4,delivered,2018-06-18 13:03:53,2018-06-18 13:16:52,2018-06-20 06:32:00,2018-06-23 15:03:44,2018-07-12 00:00:00
9409061640fce9127ff7a2ee181a54dd,91a6d980cba73daae8c44f9dc8cbf87c,delivered,2017-08-13 12:37:51,2017-08-13 12:50:16,2017-08-14 18:51:28,2017-08-22 22:48:00,2017-09-11 00:00:00
156caec56018baa2f6c72fb6e88ba840,84dbf812901784d77f950cc0fcb9014f,delivered,2018-02-09 14:19:36,2018-02-09 14:30:39,2018-02-14 20:15:22,2018-03-05 16:05:07,2018-03-05 00:00:00
3ea0f9eb52e24e617df91f59795c8e97,3f9f099bb393a0445eb678708573d505,delivered,2017-05-19 13:07:05,2017-05-20 04:10:24,2017-05-24 15:44:58,2017-06-03 13:04:12,2017-06-23 00:00:00
96430a36fecfa20f1eace66e1a99709d,49474459ede7f8da6d91842919d03b77,delivered,2017-12-04 14:44:18,2017-12-05 04:18:35,2017-12-11 20:35:26,2017-12-13 16:17:04,2018-01-02 00:00:00
9c3a601d7089e5ecff0515e743748165,4a2dd9d4f4e3b6f3f69b5ed6804e6741,delivered,2017-08-25 08:54:14,2017-08-25 09:05:12,2017-08-25 19:00:17,2017-09-05 14:34:23,2017-09-22 00:00:00
68e33327507074efed3dedd5d5c5d2bb,7229a83df3a86ede0f260e81e41cfe8f,delivered,2017-11-28 23:47:46,2017-11-29 00:15:57,2017-12-04 23:32:50,2017-12-13 19:19:00,2017-12-29 00:00:00
15820c28eeafa10a575899c57bba6cf9,bebae093f4094a228504a731abe54904,delivered,2018-02-26 18:51:50,2018-02-26 19:08:57,2018-02-28 00:55:10,2018-03-10 16:37:36,2018-03-26 00:00:00
5989e29098198898f9fe8490e6040c6b,0be456ed130a857046b0b296e0f9badf,delivered,2018-04-11 21:14:26,2018-04-11 21:30:22,2018-04-13 00:42:23,2018-04-14 01:10:50,2018-04-27 00:00:00
aa7968b0028d36ccc666016b18193b0b,994d1cb2a69ad8faa51355e9f82d87e5,delivered,2017-07-23 19:54:45,2017-07-24 20:03:29,2017-07-26 10:49:43,2017-08-03 19:59:37,2017-08-15 00:00:00
684325e74b4d2f07cfe986595c839a38,ab7bd3a7b1ef15e64891c730082323d7,delivered,2017-08-14 15:37:22,2017-08-17 03:05:58,2017-08-18 15:08:04,2017-08-30 21:25:06,2017-09-05 00:00:00
5e7b379aa81e0e21c5894e1f71cb45d6,92acf3602b221560d5f2eb2ffa151b30,delivered,2018-08-16 11:54:31,2018-08-16 16:49:14,2018-08-17 12:04:00,2018-08-28 19:08:41,2018-09-27 00:00:00
ac5de1927e41e3b34bc42017cd09a639,a5f0b30823ffc4dc423a99e3c1117093,delivered,2017-04-08 19:56:54,2017-04-08 20:05:19,2017-04-12 16:07:33,2017-04-19 12:56:15,2017-05-02 00:00:00
94eb877f9f8fc251fafee5cd18ccbfa2,149ebf64a793b360ae72c444f70f09a2,delivered,2017-06-19 10:46:23,2017-06-19 11:03:31,2017-06-19 13:22:26,2017-06-30 09:49:29,2017-07-21 00:00:00
2009bc59edeb703f6656ed6103650c3a,8141fa15295fa6765313f1ff94d55251,delivered,2017-10-19 16:28:11,2017-10-19 16:49:43,2017-10-20 17:03:38,2017-11-01 21:38:38,2017-11-16 00:00:00
8cb4af66a9f35f0578f7fe7f325bb06b,9b1cb64a819230ecd6f20e2f3979ed56,delivered,2018-08-08 16:32:08,2018-08-08 16:45:21,2018-08-09 15:53:00,2018-08-10 20:38:46,2018-08-16 00:00:00
81e8c09d522d219a0cd01783458d450a,752e29e23f75f2d4681d00034970a391,delivered,2018-06-09 09:00:27,2018-06-09 09:15:10,2018-06-11 15:16:00,2018-06-12 19:36:24,2018-06-20 00:00:00
5478595838b69d4f1d19e87ec399eee6,e294a68d25cb786637b9bc7e4b9b7102,delivered,2017-08-27 09:12:42,2017-08-27 09:25:09,2017-08-28 22:43:18,2017-09-08 15:54:48,2017-09-25 00:00:00
51bad80ba72ab8a453ed649e57f720d8,fbf5451e738fcfa9db314282cf63e42d,delivered,2018-02-23 12:26:34,2018-02-23 12:35:45,2018-02-26 21:06:11,2018-03-02 22:57:37,2018-03-20 00:00:00
0c13a63ac0ab32f6187a8347b7a3ce2a,b987d527657e243b4f3e40ee0c54f601,delivered,2018-04-26 14:14:34,2018-04-26 14:30:23,2018-04-27 14:00:00,2018-05-04 13:28:45,2018-05-22 00:00:00
db00b566587066d4b94d12353f314334,5ea240c07b656d3b4437a5fdb6e49467,delivered,2017-10-06 09:42:10,2017-10-06 09:49:37,2017-10-06 19:36:39,2017-10-18 20:33:28,2017-11-03 00:00:00
fcdc0725071f9d22fbb097c56f249f97,90fd95d36b8aa140a8d707170159f589,delivered,2017-07-17 13:29:33,2017-07-17 13:43:29,2017-07-17 20:27:41,2017-07-29 14:04:21,2017-07-28 00:00:00
9b9e08cb1a66ae45d2a91815cd8f4426,490759be2844c3b899a2fb95e6146bd8,delivered,2017-11-18 11:10:00,2017-11-18 15:50:26,2017-11-20 19:04:33,2017-12-11 15:28:46,2017-12-19 00:00:00
d9b266532a703ffbf8d79b7c3f5878f5,d22a7c815670fdbfdf82f5d0ce5992f4,delivered,2018-01-04 14:35:44,2018-01-04 14:48:34,2018-01-05 14:36:55,2018-01-13 00:26:12,2018-01-30 00:00:00
46c5390f7670fb920f4ae9475c41cc5b,dcdbef6bf82b96189946e4eeea97cf24,delivered,2017-11-21 09:24:21,2017-11-23 02:47:32,2017-11-23 15:09:10,2017-11-28 20:57:50,2017-12-08 00:00:00
4d5e5391b853a3490c37d35e1c8c2c16,7a72f907fc15f755a5ce5713bee4677b,delivered,2018-01-16 15:59:41,2018-01-16 16:30:46,2018-01-18 21:09:11,2018-01-24 18:29:12,2018-02-06 00:00:00
ab588e77cdbcc3d63e479ba2862256a5,795c7957e005b7c433e0406269b6aa59,delivered,2017-10-01 16:55:36,2017-10-01 17:07:13,2017-10-05 16:13:55,2017-10-10 17:28:20,2017-11-01 00:00:00
64682ca1db0a46065072f31a87b390f8,f04aaccd5c720604537a81a6b14c46e6,delivered,2017-02-07 20:20:49,2017-02-07 20:30:12,2017-02-10 13:08:01,2017-02-24 08:21:38,2017-03-13 00:00:00
35a13b7de9e5b55996ceda5d5a5c039e,f12afed3b77d01de0d586131a3ca763d,delivered,2018-05-07 13:38:03,2018-05-09 03:11:35,2018-05-09 10:22:00,2018-05-14 14:24:57,2018-05-24 00:00:00
c676e726f8a14a9527b41b9dc50ca1bc,2ca78d68b23aa3531eb8c29f55194c4e,delivered,2017-11-08 17:50:22,2017-11-09 17:48:09,2017-11-13 20:58:39,2017-11-21 21:07:03,2017-11-30 00:00:00
7721205aced0b3db1d1f721f1a3cdd7e,077857f2672b24eef822c0e0e9b17e4b,delivered,2018-06-11 15:50:46,2018-06-11 16:20:11,2018-06-13 14:36:00,2018-06-27 19:11:12,2018-07-13 00:00:00
41410b416c3844a176f9246b27dd6816,8c210744246eea8e570126608adbf67f,delivered,2018-05-10 11:29:58,2018-05-11 03:10:47,2018-05-14 14:21:00,2018-05-17 15:48:59,2018-06-01 00:00:00
78b0551ae57e69c46a4e611580a87758,7d8e9609c6d42c59d166f7abaa03a518,delivered,2018-03-06 14:57:33,2018-03-07 02:10:36,2018-03-07 22:48:30,2018-03-15 16:37:23,2018-03-27 00:00:00
69264247c0a6cc0003e9c47fda4c4693,e5965ae365a0c0595e3eede0d156d975,delivered,2017-12-03 19:46:19,2017-12-04 18:30:31,2017-12-06 22:34:14,2017-12-29 17:27:31,2018-01-09 00:00:00
da563e750f105c9dd1639bc8723677bb,522a49d1abcff5abae18f39988f43de9,delivered,2018-02-06 19:44:18,2018-02-06 20:31:22,2018-02-22 01:07:52,2018-03-12 21:58:29,2018-03-14 00:00:00
a45f14114281e909364e9833b3c22047,118eb1a0ef26fdf4b7474738d208d3b6,delivered,2017-07-22 20:19:42,2017-07-22 20:30:14,2017-07-25 12:04:43,2017-08-04 18:17:55,2017-08-21 00:00:00
0bcaf262925111aa4be36f35bcb92fdd,b28cfa829bf591383854c3fe2bc809da,delivered,2018-04-08 19:26:09,2018-04-08 19:35:20,2018-04-09 18:52:26,2018-05-04 19:26:35,2018-05-10 00:00:00
206dc2e3ed3121cb9271e8922d9650b3,f989b6b1bb5f0245a0280ff76a677f11,delivered,2018-04-04 08:31:35,2018-04-05 02:10:42,2018-04-05 20:48:35,2018-04-15 12:59:03,2018-04-23 00:00:00
bcc93ae5358fc8dbcbcb60fbcfff8f41,eb8f0c025a3b5b13a273229de9fe33c5,delivered,2018-03-16 23:14:02,2018-03-16 23:27:58,2018-03-19 23:47:40,2018-04-12 16:44:52,2018-04-16 00:00:00
0fa9912ed473d9281b394bb3f562cfba,d9044406394fa70a99a15c07f7f215f1,delivered,2018-08-20 22:06:01,2018-08-21 04:50:03,2018-08-22 14:27:00,2018-08-23 13:56:43,2018-08-27 00:00:00
de5881f12fd365b2a48dbcccf5241510,62b7ce7bd2b7d0bcca837c766ddf4193,delivered,2017-07-12 19:58:51,2017-07-14 02:25:22,2017-07-14 18:21:29,2017-07-24 21:54:34,2017-08-03 00:00:00
81710e0039b0dcda11c1f114e3dda5cf,1bdfe41bb922828fb6d4eb176ac20071,delivered,2018-08-22 18:03:39,2018-08-22 18:24:18,2018-08-23 12:07:00,2018-08-28 09:31:24,2018-09-27 00:00:00
9f8177425941a76fb6aece9cb6d05660,ebce6fc6a9bec43c687015788821a9e3,delivered,2017-04-26 21:51:37,2017-04-26 22:05:11,2017-04-27 10:15:23,2017-05-08 16:52:14,2017-06-07 00:00:00
dd76a5f4fd89348d27741160d6025fc8,14004fd07ceaa42a07f06dcdee343fa4,delivered,2018-08-08 15:21:54,2018-08-08 16:05:09,2018-08-09 09:45:00,2018-08-10 17:08:46,2018-08-13 00:00:00
e10c080e6f7f8136087836cadcd26199,6f58e369991106fe684c3c4364508a94,delivered,2018-08-02 13:38:58,2018-08-02 13:50:23,2018-08-03 08:48:00,2018-09-10 19:53:45,2018-08-23 00:00:00
afc58387b17fa794fd73b0773a9f6ea7,19365ad6a18ccf1baf6eb71c30651096,delivered,2017-06-18 18:57:04,2017-06-19 06:35:26,2017-06-22 05:47:46,2017-07-06 16:48:41,2017-08-02 00:00:00
403a0fd88d423ef5d91893e2787c806f,3d3cb9e12226eb6ec0e87ad38b0fcb82,delivered,2018-04-23 12:44:33,2018-04-24 17:37:20,2018-04-26 12:25:00,2018-05-16 17:28:36,2018-05-18 00:00:00
674f118582ce68f137f8a355527a1edc,18ba4e53d6602576bd29b279e46b8fa6,delivered,2018-06-23 15:41:38,2018-06-23 15:55:58,2018-06-27 09:15:00,2018-07-10 14:31:58,2018-07-20 00:00:00
d839387d867d8d152843b37c4b8b09e8,de3fa59dd658cd8b47a1634125047c01,delivered,2018-03-25 19:15:06,2018-03-25 19:30:28,2018-03-27 00:58:38,2018-04-02 12:31:40,2018-04-12 00:00:00
fb5ae559d53a2c9ad1f34f3b98085457,e7e417314d3929e21b06799c5ee30e19,delivered,2018-05-14 11:43:47,2018-05-14 12:16:50,2018-05-17 14:36:00,2018-05-21 17:03:48,2018-06-01 00:00:00
ee952aac074eb5c8cf647ff715c6d8f1,15e8e627b3c67564f6278c7e5737e8b2,delivered,2018-02-05 09:38:11,2018-02-05 09:50:21,2018-02-06 11:58:27,2018-02-14 14:19:05,2018-03-06 00:00:00
83cdaf1fee6d4d6571452dc67cf1c0b0,141cf07c404451e83e162668b126d0b6,delivered,2018-02-14 10:20:58,2018-02-14 10:35:27,2018-02-15 00:17:00,2018-03-12 17:26:30,2018-03-14 00:00:00
2869ddcbc4b0d9b659598ff9b1e68e14,d6cabea39275e01eaeaea9945d2380e3,delivered,2017-11-10 10:10:34,2017-11-10 10:26:45,2017-11-10 19:45:33,2017-11-13 21:12:25,2017-11-24 00:00:00
897f61323b0f93ac1775c22e91889758,790edc01cc91b3933f4bdd8f0724deab,delivered,2018-02-05 17:04:21,2018-02-05 17:32:46,2018-02-14 20:51:54,2018-02-19 21:22:42,2018-03-09 00:00:00
8f392cfc52d27b65c4c194b60216873e,4cc039b3cff6bee52ab83a5976066c9e,delivered,2018-05-12 15:00:46,2018-05-12 15:22:47,2018-05-15 10:33:00,2018-05-21 14:28:41,2018-05-30 00:00:00
5c94ad4e194c0e6794688a9d2b9ea94b,ad6acb9e0ffc35906b64d488bbdb6d5a,delivered,2018-03-12 00:08:47,2018-03-12 18:50:24,2018-03-14 16:58:35,2018-04-12 23:47:35,2018-04-02 00:00:00
0ab49faaefb509c82d19a0d26239a4e3,c10b88c988a53a341a80374467f2251b,delivered,2018-02-25 15:27:02,2018-02-25 15:35:24,2018-03-05 21:04:30,2018-03-15 18:03:37,2018-04-03 00:00:00
424fede77e7b571eca6ff46a2276f8af,4a090bc0cc777184ea3be03e5ebe2d97,delivered,2017-08-04 19:12:56,2017-08-04 19:25:16,2017-08-07 15:28:36,2017-08-09 16:49:55,2017-08-17 00:00:00
6cb6dd42d4278b77aded588ee52089af,c7a2010b40eb2a407925648fe8a01b3b,delivered,2017-09-24 15:17:01,2017-09-24 15:30:22,2017-09-27 15:38:10,2017-10-13 19:06:45,2017-10-26 00:00:00
51a7e6cfd3daa5187a2f973c44a74a74,c04eb50c0972e84c3c4f3bbe3e8e4205,delivered,2017-09-26 22:47:22,2017-09-26 22:56:24,2017-09-28 17:27:52,2017-10-04 22:04:15,2017-10-23 00:00:00
e4355b11f8adb9cfd1883d34dfedb6c7,812886b70c5584fc028811f11a1ee2bf,delivered,2018-05-28 17:42:26,2018-05-28 17:55:58,2018-05-29 13:02:00,2018-06-07 21:48:29,2018-07-16 00:00:00
2f7ba623f95dc3038a0a6ffd1ff0ee05,ef3507482071764374d15fa9a2daf229,delivered,2018-02-04 23:30:40,2018-02-04 23:49:48,2018-02-06 20:45:58,2018-02-20 00:35:52,2018-03-13 00:00:00
bac64cbfd217477d0b1d11fd3552ffbf,1600093c29588c00ddcdecf90a48a37e,delivered,2018-06-01 08:53:45,2018-06-01 09:12:26,2018-06-05 11:36:00,2018-06-08 14:51:57,2018-07-05 00:00:00
2d5ace7adfe7a22628453f05952b4ebd,4daa0d0981e9d618145125161e32e609,delivered,2017-10-15 15:02:11,2017-10-15 15:14:09,2017-10-17 12:05:06,2017-10-26 18:43:00,2017-11-07 00:00:00
f2739add905097812d5742efa6236dd8,236b80758733fd4d08eabe89ac988ba2,delivered,2018-04-04 22:11:56,2018-04-06 03:28:27,2018-04-11 18:28:30,2018-04-16 17:52:08,2018-04-24 00:00:00
f100cd7a3bb7126a954ad2cbc2b3715a,fb944bccd653c5ddbd20241772e5c11d,delivered,2018-01-04 21:27:37,2018-01-04 21:35:26,2018-01-08 21:28:17,2018-01-09 22:43:52,2018-01-23 00:00:00
d0b89f48792a49d4ed750adcc08236c5,30109fdf21ee8eee47eadbe1cc84bec5,shipped,2017-11-04 17:35:10,2017-11-07 06:31:22,2017-11-08 22:56:46,,2017-12-06 00:00:00
8c6a8f98b933ff47c7aa8404079d9136,4074bd6acc805899fffe98d0a3f2a27d,delivered,2018-08-21 11:28:41,2018-08-21 12:20:35,2018-08-21 18:33:00,2018-08-24 19:48:47,2018-09-03 00:00:00
592acf1c0b9009209dc5aa920c851eb1,3f56dd50e9e17610e6ecd05e5d40f1fa,delivered,2018-03-19 14:51:55,2018-03-19 15:17:37,2018-03-21 18:51:15,2018-04-26 21:38:28,2018-04-13 00:00:00
367733070da9a9f5f70e9a9cceb99ea3,a5d3e93a8713730e3228a6cb80a983ef,delivered,2017-05-17 02:00:05,2017-05-17 02:15:16,2017-05-18 13:39:14,2017-05-19 08:47:43,2017-05-30 00:00:00
6182a6a2883cf658f3a1988d3b962361,4529b4ef395aedf9efb99f2e529742b4,delivered,2017-11-24 00:23:23,2017-11-24 00:56:42,2017-11-29 10:19:07,2017-12-05 17:59:13,2017-12-27 00:00:00
2683588ebcc532200c4f60c63f07564e,1ba98719bd1a96bacf6e1f03a1a0c58b,delivered,2018-02-14 11:35:41,2018-02-14 11:50:25,2018-02-23 20:39:01,2018-02-25 10:38:41,2018-03-07 00:00:00
ec7374fe6c0218473cecb08f8fbeca34,0c0770e40680fcb4ae855ee1493ff116,delivered,2018-03-19 20:17:12,2018-03-21 02:56:22,2018-03-21 19:23:38,2018-04-20 16:25:25,2018-04-20 00:00:00
290ddcae91adc1a252875ba0b4d079b6,46ee1808ca23dac63ed903192d64caad,delivered,2017-11-29 11:10:20,2017-11-29 11:30:28,2017-12-04 20:29:13,2017-12-09 18:25:06,2017-12-19 00:00:00
0113c9989fe6e5007795daec0633b405,b655e5fd84f933787506b58d4060458c,delivered,2018-06-25 13:18:44,2018-06-25 13:34:00,2018-06-27 09:06:00,2018-06-29 22:14:28,2018-07-17 00:00:00
84d73646bd06c266e75c700a81865efa,bb122a2b84d2a7541c303a69605b1407,delivered,2017-08-11 22:33:15,2017-08-11 22:45:18,2017-08-16 19:45:28,2017-08-25 19:11:57,2017-09-04 00:00:00
d1839b49944e9f40df652ab476e812b7,31a49e7216dce11ebc422cc2b3226b11,delivered,2018-03-01 10:35:27,2018-03-01 10:50:23,2018-03-01 21:39:58,2018-03-02 21:52:39,2018-03-13 00:00:00
7b14b680a9c285d579e2a51495f30173,c68fdd92d5ccd9fcb9af63f50661c9d1,delivered,2017-05-03 19:41:22,2017-05-04 02:50:45,2017-05-04 13:12:11,2017-05-16 12:25:50,2017-05-24 00:00:00
4b1267d8500339f462cf46b50a8a9636,8af67380cc7a746bf33c38edc3d9f25b,delivered,2017-11-26 09:24:19,2017-11-26 09:35:25,2017-11-28 10:11:28,2017-12-05 21:51:42,2017-12-15 00:00:00
1573c1514d9e6b02151d3f7a1e9b0b20,223811908c4b45b0238ea546789c3c4b,delivered,2018-02-15 09:48:48,2018-02-15 18:06:59,2018-02-20 15:12:06,2018-02-21 17:39:15,2018-03-02 00:00:00
a56858987ef5c87519d953a5b32ba118,bcd0ae50d596ef7885e4f4674f42e8be,delivered,2018-08-02 14:08:17,2018-08-03 02:45:24,2018-08-03 17:04:00,2018-08-07 19:12:44,2018-08-09 00:00:00
bf73e0181d7714c0895819417808a4db,1098ce1ccc3bfaa12bbe23ba3238d29a,delivered,2018-01-29 14:31:08,2018-01-30 03:39:05,2018-02-01 20:33:19,2018-02-06 17:52:04,2018-02-14 00:00:00
e27f75a6e3e2d3bb69d8b4b19b12c03b,8344d6a46470022a952cb0eaad98b5fd,delivered,2018-01-22 09:42:20,2018-01-22 14:14:55,2018-01-24 20:43:11,2018-02-02 16:21:58,2018-02-23 00:00:00
f83c68e578bac1175f2406be22ffa402,ab42f0d79cbb06a620ad8cdf613aaa04,delivered,2018-03-11 11:00:55,2018-03-11 11:10:33,2018-03-20 17:51:30,2018-04-11 01:06:31,2018-04-26 00:00:00
89dfa3424af84d352b23e927753fcc2a,116a1ceb6192897d74b02c187537a42b,delivered,2018-01-22 20:27:05,2018-01-22 20:38:25,2018-01-24 18:02:43,2018-01-25 23:27:54,2018-02-06 00:00:00
81c79eab1c92dee31a9a5194bf6098a4,a9d6d93225edcd259f4cd5e10d5ef656,delivered,2018-06-25 22:49:29,2018-06-26 00:33:21,2018-06-26 17:17:00,2018-06-28 16:51:04,2018-07-12 00:00:00
722386554db30cc491765712a63ddf36,c93628f3179270d786e3b86127cea956,delivered,2018-01-03 01:03:55,2018-01-05 02:32:41,2018-01-06 08:58:59,2018-01-09 20:25:26,2018-01-19 00:00:00
175825d48ba5a2082a843888ac1b08fb,3a0c8119f309fd45eba9438633c4bb90,delivered,2018-01-15 11:46:18,2018-01-15 16:37:22,2018-01-24 18:21:47,2018-02-16 19:16:40,2018-02-26 00:00:00
396edbf3fd93df6ebe7bb415f5af60c9,73525342ac09c029b29da85b83796bd7,delivered,2017-09-01 12:43:38,2017-09-01 12:55:17,2017-09-01 20:37:24,2017-09-13 18:17:38,2017-09-27 00:00:00
02a9c0d24428f373731752bcc9719ebe,2d99f1ab585a5ca8c2d77dd6fa57eae4,delivered,2017-06-11 11:00:52,2017-06-11 11:10:21,2017-06-13 11:14:06,2017-07-13 14:13:39,2017-07-04 00:00:00
9fbc0f9b99b05800100124db58b25182,e112ed07fe7a10bd700bcd050ffcb80b,delivered,2018-01-05 13:03:02,2018-01-09 07:20:45,2018-01-10 18:16:44,2018-01-12 15:26:40,2018-01-29 00:00:00
bf1f8df62b104db3de943cf23ed71435,f09da4a140386d7af34fb63abe90d9eb,delivered,2018-05-25 08:16:47,2018-05-25 08:36:53,2018-05-25 13:35:00,2018-06-01 21:10:47,2018-06-12 00:00:00
e4a0627e35b5bb50621fc55c9ccc7ea2,7c1280fec3db2b7f7a48f4f82f543857,delivered,2018-04-09 15:27:06,2018-04-09 15:51:07,2018-04-12 12:33:25,2018-04-17 18:51:44,2018-05-03 00:00:00
ac527bd1d7b039324e6abde8f56655f7,43dba26ab5410670330c828f8d9f0b5f,delivered,2017-10-20 17:23:49,2017-10-23 13:49:19,2017-10-25 21:02:56,2017-10-30 16:17:58,2017-11-03 00:00:00
ef09e0c5ee546ca303e96e3fe4c0c435,bdf828d06745a472fb6fcaba6cd2fff0,delivered,2018-03-08 21:28:02,2018-03-08 21:35:31,2018-03-09 17:12:46,2018-03-28 17:56:37,2018-04-17 00:00:00
0b9a8b8e703c7c54c11e7f2a057d3cfc,5a6661b43e78a355ca55ac1443db9e50,delivered,2018-03-11 09:27:22,2018-03-11 10:29:30,2018-03-12 18:59:42,2018-04-11 21:38:53,2018-04-13 00:00:00
7bcfb6639ba008fcba63f5ffc157caa0,d13a7286a1134d92e5683129e5cad53e,delivered,2017-10-17 22:35:43,2017-10-17 22:50:04,2017-10-19 12:34:09,2017-10-27 14:27:49,2017-11-08 00:00:00
5d4641e1bc38e17f79478bb33fdfbb0e,da8ba8c96cedb55c833c0371aff309bf,delivered,2018-04-03 21:05:30,2018-04-03 21:15:21,2018-04-04 19:09:02,2018-04-13 20:12:53,2018-04-25 00:00:00
3c31094fbd7da6168cc190beedf23888,61011b38e0c96a6745cd20950babd60c,delivered,2017-10-16 15:39:28,2017-10-17 03:46:00,2017-10-23 18:50:06,2017-11-01 19:29:47,2017-11-08 00:00:00
1bb2f9c66f255ce7f266291901ba9c26,c674fbbf227a2a5b3b49f02d259954d0,delivered,2018-07-28 15:50:13,2018-07-28 16:05:13,2018-07-30 11:53:00,2018-08-03 11:22:00,2018-08-14 00:00:00
3525c1f0c416e65d601c6a9b2ecc9e96,4faa5d21866af70e949cce2680fdfe0f,delivered,2018-06-23 01:17:19,2018-06-23 01:40:41,2018-06-25 15:14:00,2018-06-29 18:22:15,2018-07-30 00:00:00
bc73dee75b47199fd9c5c4140ae5b1d9,758bbbd183263ddb54951ac5230b9aee,delivered,2018-04-09 13:23:52,2018-04-10 03:50:31,2018-04-10 19:58:44,2018-04-13 21:07:34,2018-04-19 00:00:00
f44117f1303c4e6573d463bdedff85de,e6dd87c0a279cc723ce26f838b5b6ca3,delivered,2018-04-20 18:02:52,2018-04-24 19:19:40,2018-04-25 11:58:00,2018-05-07 14:54:58,2018-05-18 00:00:00
fd58bdbb6cc5d7519e063c3ceb7e951b,df015cc56f529c0969b94f5985b0a970,delivered,2018-04-25 13:02:26,2018-04-25 13:15:26,2018-04-25 12:36:00,2018-05-08 16:32:17,2018-05-28 00:00:00
52af753a3f7bef8c2802da99f6a57751,3a581f67db730aa4b679954a56cc5840,delivered,2018-03-05 12:37:23,2018-03-06 12:35:45,2018-03-08 16:16:35,2018-03-26 23:44:43,2018-04-02 00:00:00
9d39599dfc361c9c47a4b03d29938289,f39e1f8c72771843ae949827cf3d122c,delivered,2017-09-22 22:12:04,2017-09-22 22:24:22,2017-09-26 20:28:09,2017-09-28 19:52:43,2017-10-16 00:00:00
4e6998b16cea0eaa364e4e20c31ea5a5,ebb49c4725b53f20d3b9ee915dc85365,delivered,2018-08-12 19:30:53,2018-08-12 19:45:13,2018-08-16 14:10:00,2018-08-23 23:12:08,2018-08-28 00:00:00
499973f14af890d0e5c08bc600590ec4,a644339bf7abd0f72f6de816e4a2f80a,delivered,2018-05-08 13:53:49,2018-05-09 03:35:10,2018-05-10 14:19:00,2018-05-17 21:54:32,2018-06-07 00:00:00
e6e3ea418f0f343e88a3dc62eaf24699,01c77b0f81a1e64cc8de4f736226f7a1,delivered,2018-03-12 21:31:18,2018-03-14 02:48:54,2018-03-14 20:47:24,2018-03-16 21:40:44,2018-03-22 00:00:00
415c8cb8b60f8371900c2abb3ce6a0c3,647c41a2f25905e22085a06adca6c76f,delivered,2018-06-09 19:43:35,2018-06-09 20:18:39,2018-06-11 14:37:00,2018-06-28 17:05:35,2018-07-16 00:00:00
81a1711311a8709f7d6522bd98d36745,41d767e74e4e672f2f185ca5eb71cb68,delivered,2018-04-30 12:34:54,2018-05-01 05:32:31,2018-05-03 14:47:00,2018-05-15 18:31:30,2018-05-29 00:00:00
1ed9a7f3d298570629e4d027458f4d49,98c3d3ba07fd808cfab5296bcdf5e2c7,delivered,2017-09-21 13:07:21,2017-09-23 02:25:54,2017-09-25 14:04:34,2017-10-07 14:28:34,2017-10-24 00:00:00
544d402a31face804470974fc7f191e9,57200c2e69f0df7ebf5275849c9272a5,delivered,2018-07-19 19:04:28,2018-07-19 19:23:15,2018-07-20 15:11:00,2018-07-25 13:04:45,2018-08-10 00:00:00
73b4137fe1a1e6cc800bd6ee7bde208d,97d444c822cacc3d740f6de35fe5998a,delivered,2018-06-03 20:50:30,2018-06-03 21:11:30,2018-06-04 14:00:00,2018-06-18 21:12:35,2018-07-24 00:00:00
43c77c1881febf0c89c17b98fa782d6d,23922448e9b4204253e23526929255a2,delivered,2017-10-04 14:12:12,2017-10-04 14:28:54,2017-10-09 21:35:58,2017-10-17 14:13:07,2017-10-27 00:00:00
75d2d598319b1d4228d4ee4b82e61ff3,a408804c2ca25f708718ea11750de00f,delivered,2017-12-12 11:11:56,2017-12-12 11:28:51,2017-12-15 19:54:51,2017-12-27 19:51:40,2018-01-10 00:00:00
7ced17eac048bb56b535174eae0bcb7d,c85bb283fa5d77323cdbeb754b936e99,delivered,2017-05-06 17:47:06,2017-05-06 17:55:19,2017-05-09 15:21:06,2017-05-22 17:36:57,2017-05-31 00:00:00
abb7c138395463396390ee722de3f80b,5c99d451690cfa7e46e01cd86efcc265,delivered,2017-09-05 14:40:43,2017-09-06 02:55:12,2017-09-06 20:35:50,2017-09-12 20:24:49,2017-09-26 00:00:00
d311155c38169d602c7337aba432ee01,bb80f141117e7139d81a37ec79a558c5,delivered,2018-01-26 13:19:23,2018-01-27 02:40:16,2018-01-30 00:45:02,2018-02-21 17:42:50,2018-02-19 00:00:00
cff314344e536186940328c1c6ceec96,c4431889054423d14f32d584f7155bb1,delivered,2018-01-26 14:40:54,2018-01-26 14:59:05,2018-01-26 23:25:46,2018-02-06 22:08:55,2018-02-09 00:00:00
91eefa3cd52e8361bd4f6106356c6d0c,b3cf661a70e3c94f3cc83a11bdc90613,delivered,2017-04-09 13:15:47,2017-04-09 13:25:07,2017-04-11 12:55:25,2017-04-17 11:48:18,2017-05-05 00:00:00
b41d775a8d51e0fc8f93d72cdcdf1b39,7f6cabc1cfc4fa9e3db23f6dd1ea6317,delivered,2018-03-26 16:21:49,2018-03-26 16:35:20,2018-03-28 19:57:36,2018-04-09 22:12:52,2018-04-17 00:00:00
6fe0da0adf3efb1bdf8b3423379928b1,52d65bbe0f3fd71c8bf08f3f38e498c5,delivered,2018-02-17 23:18:19,2018-02-18 00:26:41,2018-02-21 19:26:53,2018-02-26 20:29:56,2018-03-14 00:00:00
4619fa9317a02816b5b83631ff90b93f,91df91f61d39461148a862af99f34ee5,delivered,2017-12-15 11:06:15,2017-12-15 11:13:18,2017-12-15 19:27:41,2017-12-18 16:13:03,2018-01-04 00:00:00
e684eea8e657e070728db7f897e2c6ab,a16986ccb65a66e2845b427a0ecfbca0,delivered,2018-06-27 22:22:54,2018-06-28 01:11:17,2018-06-28 15:14:00,2018-07-04 20:03:08,2018-07-18 00:00:00
6976421e858af2e4b388ccfac68236ee,ee2cf50cca8c6f163c99082f8ed86c1a,delivered,2017-06-09 13:20:26,2017-06-09 13:30:24,2017-06-12 09:49:30,2017-06-19 17:53:40,2017-07-04 00:00:00
3be2b1040cee4f1c19a48c57ca3d2640,15baa4d1c9fd174d26e105980d24aeb9,delivered,2017-09-12 09:21:38,2017-09-12 09:35:13,2017-09-14 17:39:03,2017-10-06 19:47:55,2017-10-02 00:00:00
fcb1e2586649d5835b9d01200905a76c,5c0a1e095bb3f9c4d9e64b4a0d597923,delivered,2018-03-22 15:59:15,2018-03-22 16:50:33,2018-03-23 20:41:32,2018-04-02 18:47:02,2018-04-10 00:00:00
fdd1fb95516e360a47c2a3babcd4edd0,5da45c1f98656331089701cb8f850153,delivered,2017-04-03 23:19:02,2017-04-05 02:45:18,2017-04-07 14:42:19,2017-04-27 09:17:26,2017-05-02 00:00:00
acbd43df296646b7b242d1e25b18a646,ab73bc2a2fc1188712c1c764be830d08,delivered,2018-07-25 16:11:44,2018-07-27 04:05:21,2018-07-31 15:29:00,2018-08-06 14:06:26,2018-08-21 00:00:00
ed286021929210cd8973f975041a275a,a60d40261ec9375242b49a6638016a53,delivered,2017-05-21 19:28:01,2017-05-21 19:42:39,2017-05-25 09:28:00,2017-06-01 13:39:39,2017-06-13 00:00:00
71c22e96648b3b4f4c78e6e4de6bdc0a,34187558ea2cd0d9f69474373a707779,delivered,2018-08-12 21:31:36,2018-08-12 22:04:25,2018-08-13 16:59:00,2018-08-17 17:46:53,2018-08-24 00:00:00
46d2741b78a72c2f07bf0f3c34c4ceab,a34deff3fac2f07c8a085e4d832034be,delivered,2017-05-19 10:02:05,2017-05-20 04:03:03,2017-05-23 16:35:31,2017-06-02 10:32:54,2017-06-14 00:00:00
1a5f3cb34d205c22bc1a1cd8538c5882,a2ebd8efb0daed12066e577a78a8e1d6,delivered,2018-04-25 13:21:41,2018-04-25 13:31:09,2018-04-25 13:49:00,2018-04-27 23:19:41,2018-05-10 00:00:00
ceaf86ddb7d33482ac58dc3afc2f2f8c,8c72bcabb6fe7e1a6dcdbdb4cd72d4e9,delivered,2018-04-24 19:01:07,2018-04-24 19:27:35,2018-04-26 12:52:00,2018-05-02 12:31:55,2018-05-17 00:00:00
c125e883b34e4012f606e77b227ed690,9862d4d0ef56756d8d68195d6b7f3381,delivered,2018-06-02 12:07:25,2018-06-02 12:30:25,2018-06-04 15:05:00,2018-06-13 10:52:17,2018-07-17 00:00:00
c8426a2c3cc5c11e8aa0789c3238d4d9,6b05139c22666edaab8363c643187ed1,delivered,2017-10-16 23:26:54,2017-10-16 23:49:08,2017-10-17 22:35:05,2017-10-24 17:33:30,2017-11-01 00:00:00
fb0eb3f76da8e00ae19795115ec51d47,6da50f6621366b6139595ae7ddb708d5,invoiced,2017-08-31 17:36:33,2017-08-31 17:50:09,,,2017-09-29 00:00:00
0e87080068e82503382f3c532778fb24,d137c07565f044ac3f6090ab8f77eabf,delivered,2017-05-11 10:42:06,2017-05-11 11:02:50,2017-05-12 10:41:19,2017-05-25 12:34:34,2017-06-06 00:00:00
107836df203f233ea55a11b5b96aebec,4d024b48611b802e9b45a04d4476a754,delivered,2017-12-07 21:00:11,2017-12-07 21:11:52,2017-12-12 01:19:12,2017-12-15 02:28:56,2018-01-02 00:00:00
200e97c3760ae66937859b03653ccabd,e8dddda26942e4141e957870ba0ad2e6,delivered,2018-08-22 11:27:59,2018-08-23 02:50:24,2018-08-23 14:51:00,2018-08-27 13:59:03,2018-09-04 00:00:00
b28d46b1868c3e5ad7bec94c220e36ef,a2df3f2abba350e6bbe53f43eafb781b,delivered,2018-04-02 21:38:23,2018-04-02 21:49:11,2018-04-03 21:51:27,2018-04-10 14:02:57,2018-04-18 00:00:00
0b39d78b430d574a6eafefe82c11b4a3,3e3aac425794c9d8f210c7fe2daff787,delivered,2018-03-01 09:01:53,2018-03-01 09:15:25,2018-03-10 01:48:30,2018-04-02 23:07:59,2018-03-20 00:00:00
c516efeee3182f8b1ea4a7e8a91da163,b3240741f338744f015c1470b6970c4b,delivered,2018-08-22 11:44:50,2018-08-24 03:05:18,2018-08-24 10:30:00,2018-08-30 13:39:50,2018-09-05 00:00:00
7a00da9515dc144e302458e696d61943,164564995667621b6653afd715ba0e6f,delivered,2018-01-16 21:51:54,2018-01-17 13:50:06,2018-01-17 21:33:56,2018-01-22 19:55:41,2018-02-07 00:00:00
b22f46d14bcfec19b69fd36b7c0842b2,f1be02745fc41b528c22e2ab3da6941d,delivered,2018-05-01 15:44:31,2018-05-03 04:32:44,2018-05-03 14:21:00,2018-05-08 15:38:58,2018-05-25 00:00:00
a12ac41904fb4122fafbd91fbb9230ed,8641ccf2e70d0cc04229db3e0b887fd7,delivered,2017-10-20 10:08:59,2017-10-21 02:49:16,2017-10-23 20:33:36,2017-10-26 21:05:59,2017-11-09 00:00:00
4d11452ff6c06fef98b89c5f6512ef51,5bc1bf7176469cce9690d4d9d42ae679,delivered,2018-08-24 16:08:33,2018-08-24 16:15:16,2018-08-25 09:21:00,2018-08-27 19:56:40,2018-08-31 00:00:00
f5194ba2a4560ffa0e87746852c61fc1,5210104bc6715b18253dec68af7376c7,delivered,2017-11-24 22:53:26,2017-12-07 09:50:07,2017-12-08 18:15:11,2017-12-13 22:06:13,2017-12-14 00:00:00
e2532fe843f45b7a1aa7ede9474ca960,8ac0a23bbeb76d7c5244660c19f9d552,delivered,2018-04-03 07:08:31,2018-04-03 07:28:15,2018-04-05 23:32:49,2018-04-06 22:00:17,2018-04-16 00:00:00
f0b3b8301161711933b5fa04d6191a0e,fdcb84c0fa114d61fd1bebf7f5803f57,delivered,2018-03-10 16:32:36,2018-03-10 16:48:15,2018-03-12 23:22:05,2018-04-28 15:38:30,2018-04-02 00:00:00
6031b4a1dbafab99322d682f7d2070fa,1f67b347641be0ada243c88ea88cda6a,delivered,2017-12-30 14:36:31,2018-01-03 04:16:33,2018-01-10 10:27:47,2018-01-15 18:54:05,2018-01-24 00:00:00
eecde1205c668fec3e2b7643c4f805cc,b4739566d73bf2c8a647f55e9aaa4ffd,delivered,2017-05-05 21:18:27,2017-05-05 21:30:14,2017-05-09 15:22:01,2017-05-10 09:12:22,2017-05-30 00:00:00
3f319eb09e31aa1ea2a4079bdd655c62,29ef03ca38e7360ede99ef73e193a136,delivered,2018-04-03 22:21:12,2018-04-03 22:35:13,2018-04-05 00:18:31,2018-04-07 00:19:57,2018-04-13 00:00:00
a7eddde56d5836e33a95adc2e8586cf6,d291eec623ce7388cb517384573395cd,delivered,2018-02-19 19:58:34,2018-02-19 21:07:13,2018-02-27 16:23:50,2018-03-01 00:42:18,2018-03-19 00:00:00
76b23067a9ab8343b34607f1be84ca6c,4df21f92a25f5b9eecda78ff30a142b9,delivered,2018-02-23 13:50:29,2018-02-23 14:09:48,2018-02-26 21:22:19,2018-03-21 23:36:42,2018-03-15 00:00:00
0e1ac2cf21f589ee45dc574349228a9c,c9d88d6e1149572be3556d7b0024c654,delivered,2018-01-28 16:51:58,2018-01-28 17:20:09,2018-01-30 20:53:15,2018-01-31 18:42:43,2018-02-14 00:00:00
6066c3889ab8affd2c01906b2d3b943c,c7f3514b8a07a5ff8a946f6b48674aa2,delivered,2018-07-09 19:46:18,2018-07-09 19:55:25,2018-07-11 14:37:00,2018-07-24 16:58:36,2018-08-02 00:00:00
d74872a40866989344f6470c6527edb5,e7e7b771a96874f3f7fcc9398e263bba,delivered,2017-08-18 11:56:30,2017-08-22 03:45:15,2017-08-22 20:07:47,2017-08-25 18:55:00,2017-09-12 00:00:00
d2176b03a3d39c462bb88f935ea12fb5,bb4c160ddf26300d42ed1c0a27ba83ed,delivered,2017-03-07 22:01:46,2017-03-07 22:15:12,2017-03-08 10:25:19,2017-03-14 09:17:49,2017-03-28 00:00:00
6b2e6953c172b21f54050c74b8b86250,616a99333f53ae84f0cf56ae2693024f,delivered,2018-06-12 07:17:39,2018-06-12 07:37:12,2018-06-12 13:26:00,2018-06-14 19:36:32,2018-07-26 00:00:00
6eb3911724b9c8dff28062f417a5db4c,86af5061988dda4f033b6fc18619f4e4,delivered,2017-08-02 08:46:09,2017-08-02 09:03:22,2017-08-02 20:32:54,2017-08-21 21:48:03,2017-08-24 00:00:00
0517edc6ddee491e072a844bfbb54c86,264b1a5854f238bf3424eb75a27d7d66,delivered,2018-04-26 22:38:28,2018-04-28 03:11:13,2018-04-30 13:11:00,2018-05-02 23:26:46,2018-05-07 00:00:00
98432d028db538f876f9236a038d7c02,81de0f49e5ce04655d8ea24b3239cc80,delivered,2018-01-02 12:39:20,2018-01-02 12:49:00,2018-01-03 21:43:15,2018-01-29 19:13:24,2018-02-14 00:00:00
b259e2247d6ab1750b9e4789b87b3f23,e87b2d91292fb8748d79dc40c2c5d0a1,delivered,2017-09-06 21:34:22,2017-09-06 21:45:16,2017-09-08 20:42:20,2017-09-20 22:07:35,2017-09-28 00:00:00
109de627429eb7801ce1030634a693b0,46c12c3a7a805df51cfb4287cd2a67bf,delivered,2018-04-05 12:34:39,2018-04-07 02:55:29,2018-04-10 04:12:23,2018-04-19 21:36:38,2018-04-27 00:00:00
613664f2d7289e4a0898d9bfeb426db0,3e200903aca79b3d19e14c2e20edd369,delivered,2018-01-02 20:34:57,2018-01-02 20:50:17,2018-01-03 22:53:10,2018-01-04 17:28:47,2018-01-18 00:00:00
cafe257a6af47e3a0f99d202c0bbdbf4,72f02da56adb4850be5d63288e906390,delivered,2017-11-10 19:21:38,2017-11-10 19:35:25,2017-11-16 20:24:24,2017-11-23 18:41:37,2017-12-04 00:00:00
d2ebd7492d92dfb6a5737ba33a58f920,46fb9135f9e0704f411c96476df9d09c,delivered,2018-03-13 21:35:24,2018-03-13 22:08:26,2018-03-14 20:19:32,2018-03-21 12:32:21,2018-04-03 00:00:00
30f9be7f907cf245717f939654504bb2,de5672612dd30cb2b2830385a3b3507d,delivered,2018-04-26 13:24:41,2018-04-26 13:50:55,2018-04-30 09:57:00,2018-05-05 16:14:29,2018-06-04 00:00:00
e0cffe000300808a979b9f9eb9f6f60b,a6bfa80f8f4588f1efbfe0c4a287cf19,delivered,2017-05-17 22:57:18,2017-05-18 23:05:17,2017-05-19 09:02:03,2017-05-24 12:58:27,2017-06-06 00:00:00
0ac1d3244719cbbfbc0574631fb0186e,ac56ffb080fb67333f922591764855c5,delivered,2017-11-01 10:42:25,2017-11-01 13:31:18,2017-12-04 22:52:16,2017-12-08 15:58:33,2017-11-29 00:00:00
f103c0690f687250cc224964d54e53fe,87f00e31fc0872863aaa41f038b28aa9,delivered,2018-03-16 16:42:33,2018-03-20 03:48:44,2018-03-21 23:46:47,2018-04-12 13:48:49,2018-04-09 00:00:00
292bb4eb07f86cd88e500ee1dd10523d,fd771c26c5bca0eda082ae1290993194,delivered,2018-05-28 08:53:58,2018-05-29 03:15:26,2018-06-08 13:43:00,2018-06-13 18:28:43,2018-07-12 00:00:00
8aa41a2ff86625ff13d88f289b48714c,adccd36d4162a8a92d6db5541069082b,delivered,2017-07-05 18:04:35,2017-07-07 02:45:59,2017-07-07 17:59:29,2017-07-14 18:13:31,2017-07-27 00:00:00
6f752180f34073c79120a1f2827a39ed,afd6242f0eac168cd2e2715ded17aba7,delivered,2017-05-03 22:33:14,2017-05-05 02:23:37,2017-05-11 11:51:36,2017-05-18 09:42:09,2017-05-30 00:00:00
6b38e49992a77d12586e9cc2cc5b94a2,ad1262041fde68e95b732a9e23cc9465,delivered,2017-03-03 12:25:49,2017-03-03 13:05:35,2017-03-28 13:16:09,2017-04-01 11:59:56,2017-04-05 00:00:00
b5451d0eb008a4475aeab937ab5f4e0a,c3052c989cc4d3d2d750a8beacf3f4fc,delivered,2017-03-14 15:05:20,2017-03-14 15:05:20,2017-03-15 13:27:03,2017-04-03 10:33:57,2017-04-17 00:00:00
eea15eff73fcb780a208b80fff38e457,06343064a4554dfdfff580095169869b,delivered,2017-07-18 12:25:05,2017-07-18 12:43:31,2017-07-19 18:49:23,2017-07-27 15:59:51,2017-07-31 00:00:00
805610c9f9b57b3900d462627b7ce062,2678c09a553cf8d87f3789bb61f12ee8,delivered,2017-06-05 15:12:32,2017-06-06 13:25:37,2017-06-13 12:15:40,2017-06-26 12:58:51,2017-07-05 00:00:00
2629c961d080657de062559a9187b49b,cefb21b1a6f1db8d2c2af1eae9f92cd8,delivered,2017-06-10 08:48:52,2017-06-10 09:02:39,2017-06-12 13:52:23,2017-06-22 17:57:37,2017-07-05 00:00:00
4c5ca64fb9410a3ee7bc041df508a9b8,452a6d55f932885a9313ee6255cb3e73,delivered,2017-08-17 20:31:00,2017-08-18 20:44:28,2017-08-23 19:23:19,2017-08-28 17:52:00,2017-09-11 00:00:00
da6723418eaa03813473e0e15a72e425,14690f3ebb623c4a7ee5c99c9476879a,delivered,2018-08-11 22:14:01,2018-08-11 22:25:16,2018-08-13 15:21:00,2018-08-20 19:08:27,2018-08-22 00:00:00
91b429393d223b94094f2b7671a634b9,ae37c7c2f03632d387b922d9179f3cdb,delivered,2018-04-12 09:12:37,2018-04-13 02:31:40,2018-04-13 23:08:39,2018-04-26 19:59:43,2018-05-21 00:00:00
c491180b1043c3bddadb8354fa15b311,95b7073183a67aae7fb88e88ae1f4576,delivered,2018-01-12 11:33:03,2018-01-12 11:48:27,2018-01-17 21:45:26,2018-01-23 16:42:12,2018-02-07 00:00:00
ac62d970206a88360318e1eff941c6ec,830743a0ff94437e9454511b28e36380,delivered,2017-11-15 19:55:54,2017-11-15 20:10:36,2017-11-17 16:02:57,2017-11-23 22:55:01,2017-12-05 00:00:00
0f8b415ff8750cef8f40058606c6b115,dc5c9983f7d2fe07a74061ecfc3517f5,delivered,2018-03-06 17:27:38,2018-03-06 17:50:15,2018-03-08 00:23:26,2018-04-13 18:37:30,2018-03-23 00:00:00
e32f175b8e3e4f572ffbbf921f49f2db,f093488f89cad49912ebbed5bd5e66bf,delivered,2017-03-24 21:50:51,2017-03-24 22:02:28,2017-03-27 15:40:00,2017-04-05 15:43:02,2017-04-12 00:00:00
628892249eb28e0376c57474af8ffb26,4ec3c1ee5c1f2f468a23a948dfd03f79,delivered,2017-10-08 22:00:57,2017-10-08 22:14:18,2017-10-11 20:42:04,2017-10-19 20:50:09,2017-10-31 00:00:00
bee14f2069e7e9f1ed6ef5e2f76841f9,343a25ade25b0aa9b86283e4e765b7cf,delivered,2018-03-02 00:30:21,2018-03-02 00:56:23,2018-03-03 00:09:51,2018-03-12 18:28:39,2018-03-23 00:00:00
1e849e4a2805bfa9c4db43379e52d046,7b709eb982ab76c0e6722741a0c12f70,delivered,2018-07-23 19:22:05,2018-07-24 10:31:41,2018-07-25 09:46:00,2018-07-30 20:07:07,2018-08-10 00:00:00
e5606996314126e707e6cdb585c4de0f,02df47cd0b49a7f0be9b09411594328a,delivered,2018-05-17 09:15:16,2018-05-17 10:38:32,2018-05-18 08:38:00,2018-06-04 18:06:48,2018-06-05 00:00:00
417b5687161450887ef2e6b283c15c32,1475f4faed88140845d11c61adb65a0e,delivered,2017-11-18 23:03:56,2017-11-18 23:25:59,2017-11-21 21:42:13,2017-12-08 12:27:16,2017-12-21 00:00:00
45973912e490866800c0aea8f63099c8,912f108a7026f25f99240a5c4c60e2c3,shipped,2016-10-07 22:45:28,2016-10-07 22:58:37,2016-10-26 13:18:16,,2016-12-01 00:00:00
be713173db53bf7fa11050f91ac461ce,67024d6825a5785b14cf420eb8882fef,delivered,2018-03-10 17:00:24,2018-03-10 17:10:34,2018-03-12 23:32:09,2018-04-17 16:14:29,2018-04-13 00:00:00
34a9f5d9dc692eef97911d47564b1af1,13ad98a83a2c1cefcf679eee57dee7bc,delivered,2017-06-08 09:29:48,2017-06-08 09:45:15,2017-06-08 16:57:29,2017-06-19 13:12:10,2017-07-13 00:00:00
634b12cc99145e1398b5f8fc1321c058,2aea01d060864df3899978a97f7b9de9,delivered,2017-11-27 22:10:49,2017-11-27 22:30:10,2017-12-01 23:33:50,2017-12-22 18:29:14,2017-12-15 00:00:00
c41800e56afef4cea003d192653b8c8e,724fd59997d717ff15ad781e2424b149,delivered,2018-08-11 20:02:15,2018-08-11 20:15:21,2018-08-15 15:19:00,2018-08-22 16:45:00,2018-09-10 00:00:00
48a964e9ba3ce166150d2980a2f19ed1,28d5f8d98761e92629dbb6e2f770e7ee,delivered,2018-03-08 22:38:53,2018-03-08 23:46:23,2018-03-09 20:34:42,2018-04-24 00:11:51,2018-04-23 00:00:00
0c68e2888d3fde2067bee5cc1c638f09,2806f6ba34fe7079b216671f02d4fdb3,delivered,2017-10-17 16:01:18,2017-10-18 03:27:44,2017-10-18 19:45:29,2017-10-21 15:22:09,2017-10-27 00:00:00
667a343388666e0ff92e3ae5fe3b727f,a0cb5077a7c872aef81839dfbfb6177d,delivered,2018-02-13 21:50:31,2018-02-13 22:07:56,2018-02-15 19:23:13,2018-02-21 22:42:35,2018-03-07 00:00:00
cd3ad05bdb70488e29c3afb5641cc178,83b54583d45924de2866eff235f84a2f,delivered,2017-01-26 13:52:09,2017-01-28 04:36:06,2017-01-30 14:39:23,2017-02-03 14:51:42,2017-03-06 00:00:00
28b7ba800d2192c58d258b973cc5abef,08afef5441616f4175e4b05f3201f23b,delivered,2018-01-09 09:59:05,2018-01-09 10:10:47,2018-01-10 17:43:05,2018-01-16 13:52:53,2018-02-01 00:00:00
2bd6a9cea9df97f5f2d0717bb6307f32,bbfcd35b7bde08b872286d6b3d74e254,delivered,2018-05-02 22:35:34,2018-05-03 00:12:57,2018-05-04 15:46:00,2018-05-15 12:27:44,2018-05-25 00:00:00
deb3c789caa8b0587a5117cba27cd8b9,683d3313f810ce49e73b4543593c1c88,delivered,2018-04-26 18:02:59,2018-04-26 18:15:14,2018-04-27 08:35:00,2018-06-13 19:18:44,2018-05-28 00:00:00
27eefac938270184a597acd3c44344ca,86e9d6db0820da6b4a3bc4a3f0750f73,delivered,2018-08-02 18:34:11,2018-08-02 19:03:58,2018-08-03 14:23:00,2018-08-08 18:42:46,2018-08-16 00:00:00
c7cd3c19aef809218b54579be10b4209,7d79f5b2624829ec42de13f0f661ac04,delivered,2017-07-08 19:14:46,2017-07-09 19:25:11,2017-07-10 15:57:25,2017-07-25 19:07:52,2017-08-11 00:00:00
6196411f3e5ffd34a1a630d44d8396f2,6498585d215691d85122192071230014,delivered,2017-12-21 17:56:55,2017-12-23 02:12:35,2017-12-26 18:09:23,2018-01-19 18:43:14,2018-01-17 00:00:00
ebb921d271b8b17989e08220637b921f,9ad3cb19919815536d4ae2c46d69279c,unavailable,2018-01-03 21:01:54,2018-01-03 21:14:27,,,2018-01-26 00:00:00
0fa2c93bbfbce2c287bb56660c3998e3,85e9526ec7444cdf5907f1bda7edd899,delivered,2018-06-18 14:54:21,2018-06-18 15:17:12,2018-06-18 14:06:00,2018-06-28 18:41:14,2018-07-25 00:00:00
7139cfc52657eafe990b5b23ed163482,05929b58add0a2e46bb430439b7130a9,delivered,2018-02-04 10:33:14,2018-02-04 11:09:26,2018-02-06 20:25:41,2018-02-11 16:25:48,2018-03-01 00:00:00
ca59a12c00e1e5fd88c42789115fb8d3,5584316b2da9c31a4896bb8a54c06fb9,shipped,2017-03-04 20:23:54,2017-03-04 20:32:47,2017-03-07 15:49:35,,2017-03-23 00:00:00
89472d2aaca9a6765521c309ef6c814a,75389af458abaf28cce96f5f719211b4,delivered,2018-04-23 09:49:26,2018-04-24 18:15:00,2018-04-23 19:21:50,2018-05-08 22:47:50,2018-05-18 00:00:00
896fbd78a9ef3839b34b893f48f6bc67,20153d17ff713721abd8b4c082d5e4d5,canceled,2018-05-12 01:48:33,,,,2018-05-30 00:00:00
05e28a6a1994b77257df51a5e304b6ab,756d469ce2dc599ff5dcda8440dc5417,delivered,2017-11-24 20:55:09,2017-11-24 23:56:02,2017-11-28 19:42:24,2017-12-07 21:37:12,2017-12-26 00:00:00
0d42686b1d1936e4c256ce2fa2cc9db2,317dfe2cb3fca126b8d9dddb3119e281,delivered,2018-05-09 10:15:45,2018-05-09 10:31:42,2018-05-09 12:47:00,2018-05-10 21:12:43,2018-05-22 00:00:00
93bf5323e2c3624fdc56fc6083bc71d4,c79e345faa91d6f3bb1777bb3c12291d,delivered,2017-10-08 13:09:41,2017-10-10 03:28:23,2017-10-10 20:32:31,2017-10-13 21:15:44,2017-11-01 00:00:00
8fc11d5503f6e2b6e15242e0365633e4,724c05aa6b2b6d25f0efcac808efbc03,delivered,2018-02-27 16:42:09,2018-03-01 02:50:50,2018-03-01 16:42:26,2018-03-19 20:54:23,2018-04-04 00:00:00
c0ad22fb83f1019e8abbdf1d38ffe6aa,67ffd7e91bfa7548cc1738f299de6746,delivered,2017-10-09 23:04:01,2017-10-09 23:14:42,2017-10-17 14:20:09,2017-10-27 20:42:02,2017-10-27 00:00:00
f9d2dfcbc89dc4d66e0848019d99bfc9,a6578491147295b1ff31962e01ed8a13,delivered,2018-03-03 20:26:50,2018-03-03 21:08:44,2018-03-05 18:06:40,2018-03-07 22:14:02,2018-03-15 00:00:00
47a3c04f7387c728c0d69265f9cf04c5,6e765d00d4f347d86e14dc073cd0a4dc,delivered,2018-03-26 06:37:26,2018-03-26 06:50:23,2018-03-27 21:36:52,2018-05-03 20:16:42,2018-04-17 00:00:00
06bd4e8d281ae8780eadabe2f8886368,4dd3a0f00eda9c4ec8d3b86cf231823c,delivered,2018-08-15 11:24:01,2018-08-15 11:35:25,2018-08-16 14:25:00,2018-08-21 20:20:59,2018-08-31 00:00:00
f5a01b62a6a5be0468cc0c195192927e,342dc8988d373818c60d8a3ca1c5c730,delivered,2017-02-14 19:47:01,2017-02-14 19:55:19,2017-02-20 09:38:53,2017-02-24 16:53:44,2017-03-15 00:00:00
28383d85696543514548a51a43c03936,6d8f6d0d4e1dff0a887b6a12957bdf3d,delivered,2017-10-08 12:44:02,2017-10-08 12:56:26,2017-10-11 20:24:54,2017-10-20 11:04:07,2017-11-08 00:00:00
84d49379a00e593760307d4eaf2733da,28cc933fc409acbd1009d63669faa05b,delivered,2017-02-10 15:32:14,2017-02-11 02:43:07,2017-02-14 08:51:49,2017-02-22 11:52:32,2017-03-13 00:00:00
340be9cc41d50a5233f4849d93d8d2f1,dce9dedc0fe9dd0aa2ad7df80d81b358,delivered,2017-01-25 11:32:02,2017-01-25 11:42:07,2017-01-30 14:35:18,2017-02-02 10:24:01,2017-02-20 00:00:00
f07e5e978651bb48927a71ab7f56f2c8,ae447e76e331a2d1fb37473deb2ccae0,delivered,2018-08-21 20:05:40,2018-08-21 20:24:16,2018-08-22 15:19:00,2018-08-24 22:38:47,2018-09-04 00:00:00
2f09f8c80542f3260ec457517de0a463,9f03c12d78d5dfec18b888fc6bc7ecb7,delivered,2017-07-10 17:44:36,2017-07-12 02:10:51,2017-07-14 17:30:04,2017-08-16 19:57:38,2017-08-09 00:00:00
871785b214cc8a90e501c4a4200f25e4,66e2f80c06f37ad506fee5024dfd3ae9,delivered,2017-11-22 22:48:29,2017-11-23 19:29:05,2017-11-24 17:13:16,2017-11-29 13:46:00,2017-12-04 00:00:00
fbefd1a1d596025d72cd7cbf21c4f804,7535f9ce5c5ca7c248ed0ff6ed129d04,delivered,2018-02-28 11:52:37,2018-02-28 12:31:09,2018-03-08 02:33:31,2018-04-08 16:53:36,2018-03-20 00:00:00
0248cb6c91b223b74dc554e1d2c2a59d,720f9eb7343c0fb80260074ae6c3fc35,delivered,2018-04-25 17:50:13,2018-04-25 18:10:11,2018-04-26 13:44:00,2018-05-08 21:24:39,2018-05-25 00:00:00
81c625b19905554b5b5fd2277f4e5a0a,b235a07c86f25ef61dfb0240392b0afe,delivered,2017-11-30 10:37:53,2017-11-30 11:02:25,2017-12-04 21:17:26,2017-12-15 21:34:08,2017-12-27 00:00:00
ba45595538a13176b4850483d5f787e3,1e62ceb7892fa195f10e9189f1266eb7,delivered,2018-07-30 20:23:34,2018-07-30 21:00:15,2018-07-31 11:20:00,2018-08-07 22:44:40,2018-08-09 00:00:00
114b1cbf281d72023b151203775b0b4f,9f0a6132b4dc6010d7b675cdd84aef5d,delivered,2018-05-25 18:44:29,2018-05-25 19:12:33,2018-05-28 15:22:00,2018-06-08 14:36:33,2018-06-28 00:00:00
0c371b43b9718b0e9412b2b496c96178,c395be79a22d8f63692e48a68edf3199,delivered,2018-06-10 09:39:11,2018-06-10 10:30:47,2018-06-11 14:28:00,2018-06-12 19:18:44,2018-06-20 00:00:00
f024323e3c3e4f505cd695bc87a9bee9,84c816645752a1ded611ae7ca018ae39,delivered,2018-01-03 11:52:20,2018-01-03 12:07:13,2018-01-05 18:09:47,2018-01-14 19:22:40,2018-01-29 00:00:00
529a18626bb2bb7907cfcb5b5f2b0e6e,fef445423df985e112e1b8b357f1cbee,delivered,2017-07-18 14:00:00,2017-07-18 14:15:14,2017-07-20 11:35:01,2017-07-26 19:13:47,2017-08-09 00:00:00
ae1f2d3db5462b71c16cb90ff969f099,2103322e0d6cf88a07afaddfd8578608,delivered,2018-04-11 19:18:25,2018-04-11 19:32:08,2018-04-12 19:38:38,2018-04-20 18:06:53,2018-05-07 00:00:00
0512553e39efd59a9572ce7eebacd43a,0fb9deeb22eef8579c6104c8b1007f19,delivered,2017-10-26 08:48:12,2017-10-27 03:07:02,2017-10-27 19:03:25,2017-11-20 18:22:05,2017-11-16 00:00:00
c9f7bcb4ff5c6c8e661cb6cd7fd0974b,316639548b42fa621d9317afcbff05fd,delivered,2017-01-30 11:47:10,2017-01-30 12:33:56,2017-01-30 12:58:16,2017-02-07 07:23:35,2017-03-17 00:00:00
afd980edb690e47249915c1a1735e922,537a03fa6d77f18015e844965b36edef,invoiced,2018-02-24 08:45:12,2018-02-24 09:20:29,,,2018-03-22 00:00:00
d08eb402923cd72cb3b9f91028330de7,a5499235199510a8ce01d6b3699ff08d,delivered,2018-05-05 17:29:55,2018-05-05 17:50:50,2018-05-07 15:22:00,2018-05-11 21:16:29,2018-05-21 00:00:00
96855425ac02c08fd0467f1fa9186d4d,606455b5cf65c6a0faf47740d836d62a,delivered,2017-05-25 09:43:38,2017-05-26 02:35:20,2017-05-26 10:08:25,2017-05-29 16:21:57,2017-06-07 00:00:00
5462150a55227cc8cba846f26101492e,adfd5b68ee720910253520bfcf6b3b1a,delivered,2017-12-02 15:25:55,2017-12-02 15:38:18,2017-12-07 19:56:46,2017-12-19 13:55:13,2017-12-28 00:00:00
405d28af4fe06990456c82cdfe457b1a,0a2d230e2761d958999166488ce599fe,invoiced,2017-04-05 09:11:24,2017-04-05 09:22:51,,,2017-05-04 00:00:00
cb2471f3b559b61183698ec6eb8694ba,2bc510226c45dbedc779fd0c67b98bf1,delivered,2017-12-16 13:08:08,2017-12-16 13:19:29,2017-12-18 19:48:40,2017-12-26 15:23:24,2018-01-18 00:00:00
acb77b31022128308393bdbc66e3e5bd,026cbd2abdef48032f42084a8ec122fe,delivered,2017-11-12 15:48:46,2017-11-12 16:06:40,2017-11-14 23:16:47,2017-12-05 02:08:56,2017-12-08 00:00:00
261bdcab01e8f8ebcf82abf1c64d9501,027ae9ecc616da8c33d137a1d7e40f0a,delivered,2018-08-20 11:59:20,2018-08-21 04:55:37,2018-08-22 11:33:00,2018-08-27 16:26:26,2018-09-05 00:00:00
b5106eeb869b64ba86ab9d880e31c0bb,ca13e387fcbd7936e2415f18e62e7d1c,delivered,2017-03-18 09:33:43,2017-03-18 09:33:43,2017-03-20 12:12:40,2017-03-28 18:23:51,2017-04-12 00:00:00
bd80b9345b95ad0a5ce3c064ed1b978e,9a99e708648d1215092a52e22376c0a3,delivered,2017-07-27 08:42:12,2017-07-28 10:43:38,2017-07-28 17:32:24,2017-08-08 17:02:44,2017-08-22 00:00:00
48f02e28a0210f65bded7cd00ff8422b,e32d18fe3413f83048db689e66ca5f02,delivered,2018-03-28 21:35:46,2018-03-29 13:28:47,2018-03-30 00:52:33,2018-04-05 11:08:51,2018-04-26 00:00:00
26dbb32053df6d12465fe5eb115e484a,88bf6f648e00e223da6d2d0cbad14ede,delivered,2017-05-27 14:15:33,2017-05-27 14:25:16,2017-06-02 12:54:46,2017-06-08 17:59:57,2017-06-29 00:00:00
deea4294a344e9365bcb722dca9047d1,f7cadf307a192b65c847a1fe65ca288e,delivered,2018-05-12 10:49:46,2018-05-12 11:13:59,2018-05-15 12:39:00,2018-05-16 19:41:32,2018-05-25 00:00:00
349de605467ed7131cc22d614313551a,01c622ea29f8ca6980b1ff07eadff0f0,delivered,2017-07-17 23:12:22,2017-07-18 00:25:13,2017-07-27 15:46:42,2017-08-05 15:33:52,2017-08-10 00:00:00
77f5d4e674acb013c60cb6ad00830cea,c8ccf6047e26411751b9ccf8a6a8ce27,delivered,2018-08-13 22:14:42,2018-08-13 22:25:12,2018-08-15 14:09:00,2018-08-24 19:08:39,2018-09-10 00:00:00
a434358927e93bb6e639e7f0b9355e8c,d5877e2654ddce01041b38423265fd20,delivered,2017-05-19 09:47:46,2017-05-19 10:02:46,2017-05-19 16:01:40,2017-05-26 14:11:51,2017-06-08 00:00:00
c8947a583ab9791a5a9d02384cb84302,57c047e791e69bef0af220b0a165a22d,delivered,2017-07-27 10:29:58,2017-07-27 10:45:15,2017-07-28 20:18:56,2017-08-03 21:42:01,2017-08-16 00:00:00
37d928cc42067f69b394747c5c71a260,5f79f446984a2ba4f1cb86bf26f3ef64,delivered,2017-08-07 16:08:33,2017-08-08 16:15:18,2017-08-10 19:10:33,2017-08-11 21:55:50,2017-09-04 00:00:00
c713f1fadf9be09f8f37e21eddce6a3f,0a7a01c85394193b60b4edea15964d7a,delivered,2018-08-16 11:00:28,2018-08-16 11:15:16,2018-08-16 12:58:00,2018-08-24 13:43:23,2018-08-31 00:00:00
a7e7febecea6f5fe00ebcc7a0a91080d,fc1a7a82d2c88b74e577cad5ae501f30,delivered,2018-04-25 17:53:32,2018-04-25 18:10:25,2018-05-02 14:22:00,2018-05-08 16:06:56,2018-05-22 00:00:00
c60c3441e0f514547c9408b300e74ef3,af6cbd13d8dfebe8dcfed4b4cc616525,delivered,2018-04-12 08:42:57,2018-04-12 08:55:24,2018-04-17 21:17:39,2018-04-24 19:46:29,2018-05-04 00:00:00
60b7e5a162d167cb66b9539f14171eb0,a9509fd6fbf74f21f49451b41f7a99d0,delivered,2017-11-29 15:35:02,2017-11-29 15:59:55,2017-11-30 23:46:43,2017-12-08 21:38:39,2017-12-22 00:00:00
5acf78c509b083a69d8dd05a63a17185,21c11854807d25c65f28257f14277612,shipped,2018-01-12 14:37:14,2018-01-12 14:48:23,2018-02-06 21:21:46,,2018-02-09 00:00:00
28e558fad2f33aabbcd55156fbcc9e24,04293309a0d09ff6718521058e1afe19,delivered,2018-01-06 09:48:24,2018-01-06 09:57:53,2018-01-09 21:09:29,2018-01-17 16:39:01,2018-02-08 00:00:00
962deb19ddb93d915e52a727506752df,c1fc54fe404b87306c70b6ebc8dff004,delivered,2017-08-10 22:33:59,2017-08-12 02:55:35,2017-08-14 20:55:57,2017-08-28 17:47:37,2017-09-05 00:00:00
09ab8a3234b24017600673c296756fdf,5c40be15b2c8fc641d9a1fc0493ac2bf,delivered,2018-01-22 11:14:54,2018-01-22 14:53:25,2018-01-23 21:12:08,2018-02-04 15:33:02,2018-02-19 00:00:00
2a33fbcf408a5e7ff0383d4b0daa7f77,369fc6a529f0b32a100a2c30a34a8e3e,delivered,2017-09-28 11:07:04,2017-09-28 11:25:04,2017-09-28 20:21:33,2017-10-14 01:53:00,2017-10-27 00:00:00
9b27acea1ceeaf0e2c4409066b85c93d,fba7127c5408d58b69e6a5502865a4ce,delivered,2018-07-26 12:31:19,2018-07-26 12:44:36,2018-07-30 14:01:00,2018-07-31 19:44:28,2018-08-07 00:00:00
7d6e61d9e5cbe64880924d4b7c366cd8,25c02365611124c7e9a013edc5c26584,delivered,2018-08-06 12:21:15,2018-08-06 12:35:18,2018-08-09 15:07:00,2018-08-15 20:32:54,2018-08-28 00:00:00
2c430e81282718d0db9786accc6d7443,dab909a0d3e409f1bc3bfaba39d56340,delivered,2017-06-09 16:11:04,2017-06-09 16:22:33,2017-06-16 18:37:30,2017-06-22 09:57:58,2017-07-11 00:00:00
993b2e3062c079f457a10aa536f9ca31,8bd5c421d45d6bd586c368f79a30cd2c,delivered,2017-11-11 17:39:53,2017-11-11 17:50:51,2017-11-16 12:18:40,2017-11-23 22:15:51,2017-12-04 00:00:00
9fc2a41d74cb13d98db36092842755f8,cfb7b32743b749d40fcd7244f0c4db76,delivered,2018-03-11 12:26:22,2018-03-11 12:35:55,2018-03-12 15:10:49,2018-03-21 17:27:29,2018-04-04 00:00:00
e55d0223c37b4e75982efffd10fcdd39,1a22acd74a5d1eecfdd5c47375ea8226,delivered,2017-08-15 20:54:42,2017-08-17 02:45:15,2017-08-17 19:39:56,2017-08-31 18:53:36,2017-09-06 00:00:00
503e8daafed23dbae78ff210f2d41f0f,b803a36f5b9d8d6f91c23a92d2e5bac2,canceled,2018-08-20 14:16:15,,,,2018-09-04 00:00:00
27320261393ac78cc0a9624a92da02c9,6b4bc7a9072f4af4f62ecd1b4a4786fe,delivered,2017-06-07 16:56:31,2017-06-09 06:42:46,2017-06-14 16:56:49,2017-06-18 09:45:59,2017-06-21 00:00:00
b8702f50a689621ab21ef200b55a5b8d,bf2854da4d893079388d84e0382f8d9c,delivered,2018-01-06 21:54:20,2018-01-06 22:07:28,2018-01-09 23:10:06,2018-01-15 20:16:56,2018-02-06 00:00:00
f0a3681de8bc46b204500087357b2a89,4ccd5436cac2c43451cdc82952924d45,delivered,2018-02-08 17:14:59,2018-02-08 17:50:48,2018-02-09 20:16:33,2018-02-16 18:45:08,2018-03-08 00:00:00
cacbadb716f3aaaf88b7271395671483,59759daed218627c5f03ec3849bcf25a,delivered,2017-02-16 01:41:53,2017-02-16 01:50:15,2017-02-16 13:19:00,2017-02-23 18:45:43,2017-03-22 00:00:00
cd302f435cdd4b5fa4775e9f6243c74f,b766b0ced4645c929816d37756f353bf,delivered,2017-03-16 10:26:45,2017-03-16 10:26:45,2017-03-23 09:57:41,2017-03-28 16:29:06,2017-04-06 00:00:00
ababdab25dc831464e6dec92bcb1beac,319b0b8fca928caf9f619d0b77418263,delivered,2017-08-09 09:26:56,2017-08-09 09:43:49,2017-08-09 19:45:59,2017-08-11 16:43:43,2017-08-31 00:00:00
1d0179e06d705c4c8b0cccd7c58c30cb,79bdcfaf97119fe5ebe2e9922cfed68d,delivered,2017-11-03 22:32:42,2017-11-03 22:50:19,2017-11-07 15:36:46,2017-11-09 14:51:44,2017-11-16 00:00:00
93a157bd42d5aee115dbfbca895d9998,489bab9b8add8f1970756681d0787135,delivered,2017-08-29 18:48:54,2017-08-29 19:04:46,2017-08-30 20:17:48,2017-09-22 17:57:50,2017-09-27 00:00:00
8998e5470215f07da1f2529b486d0416,afce25a8c7e74305b67647127e1ca22c,delivered,2018-02-15 20:52:29,2018-02-15 21:06:38,2018-02-16 17:38:36,2018-02-28 23:19:54,2018-03-12 00:00:00
5f517c344edea684043f8c69608b7f47,93e2b668f75cb137a4318ad4aad0a984,delivered,2018-02-16 07:39:47,2018-02-16 08:07:36,2018-02-20 00:42:32,2018-02-25 12:42:44,2018-03-13 00:00:00
cc2f0434752c03815831750224a555af,108abb05c0d5975098a2997c70b2ef24,delivered,2017-04-05 16:39:11,2017-04-05 16:50:17,2017-04-06 11:43:36,2017-04-13 14:57:33,2017-04-26 00:00:00
95a0ff508a5ed31c41ba5c1139fdc8c5,1b7612e09ba91e4d182c07b2830daf54,delivered,2018-04-16 21:21:20,2018-04-17 12:53:47,2018-04-17 23:42:16,2018-04-23 21:58:47,2018-05-03 00:00:00
77415617cafb4e144386cee170a52698,2212f1a6763a5a5f8e37750929239ea2,delivered,2018-03-11 14:28:10,2018-03-11 15:07:58,2018-03-12 17:27:46,2018-03-16 21:08:42,2018-04-04 00:00:00
1e23bdb1aecf93173622912a55e691ba,702cdfc9c50ada5ba417aec8678ce22f,delivered,2017-11-28 09:44:59,2017-11-29 02:16:57,2017-12-04 21:22:22,2017-12-12 20:59:43,2017-12-26 00:00:00
1468556ad5a95f57ef848cf278d8c6dc,dc0ac1aef635298b6a835b090dd7edf7,delivered,2017-02-05 20:44:21,2017-02-05 20:55:10,2017-02-06 14:25:54,2017-02-15 17:02:45,2017-03-01 00:00:00
fe20459ba8839f9d9a187ccea24bb24a,61941d2c8a513b8b5bbfacc441fd9333,delivered,2017-12-03 23:00:25,2017-12-03 23:31:27,2017-12-08 01:07:58,2017-12-27 18:04:42,2018-01-02 00:00:00
2289ae813066fbb0d0e65239212ee5d3,730ec2ba3a8c9b4ce02b938be8b61ac1,delivered,2017-11-21 11:11:41,2017-11-21 11:31:30,2017-11-21 18:34:34,2017-12-04 23:42:36,2017-12-14 00:00:00
1d168d043fa86715964cec5b45433fd4,56592057a862a75cc27d9be9b90a2ef5,delivered,2018-06-19 15:36:19,2018-06-19 16:25:29,2018-06-21 14:00:00,2018-06-25 21:05:55,2018-07-17 00:00:00
947326b280848dfde976cd7fceaa7d3b,40390a1ff116b1f94606d89075be6cc5,delivered,2017-06-15 21:07:56,2017-06-16 21:03:22,2017-06-19 16:27:39,2017-06-23 13:13:39,2017-07-20 00:00:00
3ff74df75d244d7b291dc5a16004b2f0,10a3d7b4223ff863dad2a7238129fec0,delivered,2018-07-04 12:22:03,2018-07-05 16:31:33,2018-07-05 15:51:00,2018-07-11 20:38:46,2018-08-07 00:00:00
2bf0bf5cbf38b387798a9143e05d4c2c,b5bec5fb82d6aca9fc79d52b5446adbe,delivered,2017-11-07 09:01:01,2017-11-08 03:46:05,2017-11-09 12:09:26,2017-11-10 15:07:54,2017-11-21 00:00:00
d4f373442b0a496652c35a6138a6bdcb,2838a8fff1a7dd43ea7d6e49786118e3,delivered,2018-07-22 10:11:35,2018-07-23 11:30:49,2018-07-23 12:02:00,2018-08-01 18:42:39,2018-08-16 00:00:00
91de6d82a66a52cbc3286556438b4705,f1a09318e72e9fb52681f649ff77926c,delivered,2018-03-16 21:56:13,2018-03-19 17:15:38,2018-03-20 20:03:49,2018-04-20 18:58:55,2018-04-12 00:00:00
ac3b973c9266d0035615e92f77c87420,e7a4a490b45ad3e43a293f04a5bd6910,delivered,2017-08-06 12:51:07,2017-08-06 13:23:36,2017-08-09 20:07:42,2017-08-14 19:29:58,2017-09-01 00:00:00
f01dcdf8b36b19f3443d5209c827796f,e433f1adb60e4638fb1f463a5bad4c38,delivered,2018-07-31 22:11:26,2018-07-31 22:24:19,2018-08-01 12:54:00,2018-08-06 18:48:46,2018-08-09 00:00:00
bc2130ff9dfd738fb36f7f0e8cee8f0c,27e704283e264dbdefadca39267d11b4,shipped,2018-07-17 15:20:05,2018-07-17 15:30:18,2018-07-19 15:09:00,,2018-07-26 00:00:00
3e359ab408e7a2bdd39d256d9edb05ff,3f136c01368022773885be0b582620a2,delivered,2017-06-01 12:24:44,2017-06-02 04:32:21,2017-06-02 17:17:59,2017-06-22 17:52:02,2017-06-22 00:00:00
83454c8207f5c2102d2789a7ded17190,9bd8d9d841219efb38c073456f396896,delivered,2018-01-12 15:57:04,2018-01-12 16:09:00,2018-01-13 15:27:41,2018-01-22 15:18:46,2018-02-07 00:00:00
3f4d4de8598b31eee79eca23f927f676,6b853054552c1c6b3ac6b20db348828b,delivered,2017-06-03 21:56:14,2017-06-03 22:05:16,2017-06-07 10:00:10,2017-06-10 11:59:51,2017-06-28 00:00:00
a380e6e7800d5e6d6fb008fe587e4202,0adafec56047601ede5352ba02a5c5bf,delivered,2017-02-22 16:30:40,2017-02-23 16:42:49,2017-03-21 11:08:55,2017-03-23 12:51:35,2017-03-21 00:00:00
b2415aa888da881becd698f59da124b8,38f713d474b0f92b5f6225ce13b61a29,delivered,2018-04-03 16:33:58,2018-04-04 16:30:27,2018-04-05 19:54:23,2018-04-11 20:07:53,2018-05-07 00:00:00
6f678401da533b025aedf90ee59ab1d6,7883870fe70828d5e0ec335429a06b0c,delivered,2017-10-16 14:52:38,2017-10-16 15:07:19,2017-10-17 18:52:23,2017-10-23 20:58:09,2017-11-10 00:00:00
5c1ae756614f9d0fabf5173af5c9e55e,6fba2f2bd26fc0e5f05a1e007730bb70,delivered,2018-02-05 19:08:19,2018-02-05 19:30:40,2018-02-07 14:35:00,2018-02-16 02:24:43,2018-03-05 00:00:00
31002d1cf4364e884a8a59e0e0bc2373,654899711c20239561104a18f1d8d077,delivered,2017-11-08 12:04:00,2017-11-08 12:15:59,2017-11-08 18:48:27,2017-11-14 17:52:42,2017-12-01 00:00:00
b6276d65b997fa8398537cac9f42c55e,8bac3e94affaa3db3b8a26999b5b0f58,delivered,2018-07-01 15:00:37,2018-07-01 15:29:52,2018-07-02 14:35:00,2018-07-10 16:32:14,2018-08-06 00:00:00
6101d68c2fb03e7c4571839add1a24b0,2a8ca956e86443110f087a53ae82b52f,delivered,2018-06-13 15:45:23,2018-06-13 15:59:43,2018-06-18 14:32:00,2018-06-26 18:58:40,2018-07-13 00:00:00
82d48f3eb08cf0beca3cead1f85f525a,e75fd5941b7930d6926f5420e3b6a4ea,delivered,2017-08-18 11:58:13,2017-08-18 12:10:15,2017-08-22 11:13:13,2017-09-05 20:18:00,2017-09-15 00:00:00
5a8f3e078b9a03b9bb16baa101e1c0ae,2c17138279e491eb5a6f827b36e99ce7,delivered,2018-02-07 18:40:17,2018-02-07 18:50:24,2018-02-09 16:35:37,2018-02-21 18:53:34,2018-03-06 00:00:00
bb03daf7fc738a6fce908d083fd0f4aa,a6f0c75be71555a84a73cabdc58b45d8,delivered,2018-03-13 13:32:06,2018-03-13 14:31:44,2018-03-17 10:36:18,2018-03-30 05:49:54,2018-04-16 00:00:00
ac5a06cf04a02c5c5ec9f09f9db3ddb9,7f938220d2d18d58491d9377786c3a64,delivered,2018-05-14 18:37:58,2018-05-14 18:50:21,2018-05-18 17:14:00,2018-05-23 15:48:31,2018-05-30 00:00:00
0f3d9a2f9aad2a8e778efe652994aced,703a591347ded08ef2aeed07b1f3f384,delivered,2017-07-16 20:11:04,2017-07-16 20:25:24,2017-07-17 20:41:29,2017-07-24 18:16:25,2017-08-04 00:00:00
c40ece9c7721bdfa00fd606bbe7b8464,f889f85e7338927a1a51de65484911f1,delivered,2018-07-02 12:09:02,2018-07-02 12:29:59,2018-07-04 13:00:00,2018-07-10 20:39:42,2018-07-23 00:00:00
06adc78b559bb5077b7748618fb45c17,2e666de5b2240e7418d06135ff3b95aa,delivered,2017-08-31 11:56:14,2017-08-31 12:05:18,2017-08-31 19:13:44,2017-09-06 22:41:37,2017-09-21 00:00:00
6c60fad7f5361149be76272428814d7e,47b829330c5a0c6c89cad9cb0ac6aa3c,delivered,2018-03-15 08:01:37,2018-03-16 09:42:30,2018-03-19 21:51:30,2018-04-16 21:04:32,2018-04-05 00:00:00
fb7e82c858b82e6021869acd02bff2ab,a92dcbd9afbc87cfcf0923eed2df56ab,delivered,2018-01-29 20:32:55,2018-01-29 21:13:19,2018-01-31 18:58:06,2018-02-09 12:59:02,2018-02-20 00:00:00
de1f470a407aead094cd885293ea9ba1,356d32392e15a3d6bd13fe57ba72af7e,delivered,2018-02-06 01:12:43,2018-02-06 01:31:14,2018-02-06 21:32:54,2018-02-20 00:03:52,2018-03-09 00:00:00
c03e2d7edc52d3ef8683b7f2e34a55cf,729b15bf469f3b62d400f30ad18e7395,delivered,2017-03-03 14:12:45,2017-03-04 06:45:15,2017-03-06 15:04:14,2017-03-20 08:54:41,2017-04-05 00:00:00
3d7049015382ca6c580e571399607c30,641381b1eaeefe78b1e883b468b65ffa,delivered,2017-10-27 08:04:43,2017-10-27 08:15:21,2017-10-30 15:55:02,2017-11-06 18:53:18,2017-11-16 00:00:00
dda1bffaed62982b5b1608c765989f75,cef72e449e913c993566dfd1ad2d1322,delivered,2018-04-22 22:58:31,2018-04-24 18:38:35,2018-04-24 23:38:43,2018-04-30 12:09:11,2018-05-14 00:00:00
c8b69047cbbe06592f979f7a1ca08df2,af1a7e2229bed1f32991107366db591a,delivered,2017-11-24 14:12:37,2017-11-24 16:16:56,2017-11-25 18:45:05,2017-11-28 18:25:38,2017-12-15 00:00:00
f43f30b7f0ab764f863d9340e06c3f25,bbd7307f65bd2faed7cdeb0791a319c7,delivered,2018-07-23 10:18:13,2018-07-23 13:20:19,2018-07-25 14:55:00,2018-08-02 12:58:28,2018-08-16 00:00:00
1beaf0622df76c7b2b3be0746722f381,24099e5fbb7f1218d905043eec4c5b8b,delivered,2018-04-02 08:02:16,2018-04-02 08:48:53,2018-04-03 22:04:39,2018-04-04 14:27:27,2018-04-12 00:00:00
3b7ddbdc4ef4c59cee4047a5fc2e49fe,fc1d5dec9fbaf2411afe15b60eaefd61,delivered,2017-11-07 19:30:41,2017-11-07 19:50:53,2017-11-10 21:14:53,2017-11-21 20:44:54,2017-12-04 00:00:00
9fbe7e5fb8d03b367b8a3b7b995ce6ca,582c658b197e8497bc5c72b4e278b85a,delivered,2018-07-22 11:29:21,2018-07-23 11:31:42,2018-07-24 16:01:00,2018-07-25 23:35:47,2018-08-03 00:00:00
767fda6e19393700c009ed3c4cb55980,7b32e0b104173535db7a5644c60a2e33,delivered,2017-09-11 19:22:15,2017-09-11 19:35:15,2017-09-12 20:37:50,2017-09-14 15:30:04,2017-09-21 00:00:00
f6f4658567da4b739eacf70531b041df,9585a6e7aee2694d60fc9a1b6370f3ba,delivered,2018-01-04 22:55:56,2018-01-06 02:08:20,2018-01-11 20:57:36,2018-01-16 15:38:36,2018-01-29 00:00:00
f115b668258e0abcf6bf0e4f5aea2eb9,e138796477a31ad9d26398b9f46a45b0,delivered,2018-01-16 13:38:50,2018-01-16 13:50:51,2018-01-23 12:32:12,2018-02-01 18:46:36,2018-02-06 00:00:00
2d30bcdaaf18c2598140aa6f7f230216,c16e1ee1f43fc784a849789cbf31c9b9,delivered,2018-05-28 11:21:24,2018-05-28 11:35:11,2018-05-29 13:16:00,2018-06-13 16:53:25,2018-07-11 00:00:00
ada852cf7a2944b2980679fbf593bf6e,9341fecaab3e912d71cf05c31ead299f,delivered,2017-06-28 22:12:22,2017-06-28 22:30:11,2017-06-29 16:05:49,2017-07-07 16:17:53,2017-07-26 00:00:00
03d61f050de69049f4153f164c6f78b5,801ab7c35919d6c252d9d983a07103ba,delivered,2018-07-12 21:38:13,2018-07-13 08:44:05,2018-07-20 12:24:00,2018-07-25 15:17:29,2018-08-01 00:00:00
bdf2232a3cc316d1649fc8faabec0f21,015895fd0bf723100a64b0ead7c69cd6,delivered,2017-12-04 14:07:18,2017-12-04 16:49:00,2017-12-11 13:28:35,2017-12-14 00:33:16,2017-12-20 00:00:00
448d70cc4699daf71c492798bcf12d05,a1d4b69d4351efe51ce19692dbdb9416,delivered,2017-11-21 22:08:02,2017-11-21 22:17:31,2017-11-23 14:33:08,2017-11-30 00:32:18,2017-12-19 00:00:00
710bc497ddb33d94263a302f17416924,b22eeea84d8a63d56ee0ebb6ec8e0ae0,delivered,2018-01-30 09:47:48,2018-02-01 02:56:26,2018-02-06 16:32:30,2018-02-14 18:52:42,2018-03-01 00:00:00
2f74da01c18f58ec893bcf10f9bbc2f2,757da6478b7e44d6f5d6d2a437b47451,delivered,2017-12-18 19:42:51,2017-12-18 20:50:38,2017-12-22 16:47:01,2018-01-09 18:13:16,2018-01-17 00:00:00
081acb555a1113c7c97b5c19a34852a1,5eefc6c2bd7d572ca6fedbf4bc92f495,delivered,2017-07-16 20:38:03,2017-07-16 20:50:15,2017-07-17 19:07:31,2017-07-31 19:57:43,2017-08-16 00:00:00
69c5ed61a7bd20a9761c8fb11d727833,d3e6f4644fab253987a428200b71d988,delivered,2017-07-31 11:11:53,2017-08-02 08:32:11,2017-08-01 12:26:58,2017-08-07 16:12:51,2017-08-22 00:00:00
42b3a797a1829ba085add4da4900bd8a,32cc7238a20f3b4c366326d46fffdf63,shipped,2018-05-12 13:06:33,2018-05-12 13:32:00,2018-05-14 13:21:00,,2018-05-24 00:00:00
34479af2d143031f3a316ed407892b51,8f96972b98cb7bfa22013af482439ba2,delivered,2017-11-23 23:06:02,2017-11-23 23:13:29,2017-11-24 23:42:17,2017-12-06 20:27:02,2017-12-13 00:00:00
d2616f825b0e4b6d022b711bbdb684bf,d02dd09256ea7524bd9dd54d50d26076,delivered,2018-05-16 07:50:34,2018-05-16 08:53:30,2018-05-16 13:43:00,2018-05-19 12:47:45,2018-06-04 00:00:00
ba4c51e2b3f76361019f66b1295f2593,5373f6eae8ad2d60b7bc4dc2c71be539,delivered,2018-06-15 06:47:17,2018-06-15 06:55:10,2018-06-15 15:37:00,2018-06-21 21:08:30,2018-07-05 00:00:00
6e2cdd89bd171bd4572aaa9535c4a202,a2d2d6b21bf7c4a1f2e5156e43258eaa,delivered,2018-01-30 23:30:43,2018-01-30 23:54:54,2018-02-01 00:13:54,2018-02-09 18:42:37,2018-02-22 00:00:00
326056a428af991a9b566275682fe31e,13ebcb8036b0908147a1f63f062f9f6e,delivered,2017-11-01 13:44:51,2017-11-01 14:31:32,2017-11-03 16:26:51,2017-11-06 14:14:52,2017-11-14 00:00:00
2fdf8b4961bb0577225d66f6b7c19d52,8e145b0bdb5d5e7d5666df954772a522,delivered,2017-12-07 19:39:49,2017-12-07 19:51:05,2017-12-13 15:44:53,2017-12-26 18:15:07,2018-01-15 00:00:00
7fdf8dd46052f2a079f69f94d3f07e52,69c132118704b5773040b96ba8cd67d3,delivered,2018-01-25 13:08:45,2018-01-25 13:18:22,2018-01-26 19:26:23,2018-01-29 23:06:50,2018-02-09 00:00:00
e876096220cbb869c0fc1b88d1ed0fc2,25e1b4a284e60b236be7a05d6af36c72,delivered,2017-10-06 08:49:02,2017-10-07 02:44:45,2017-10-10 20:48:02,2017-10-16 16:12:23,2017-10-25 00:00:00
c0101e90b905c8518103661781b2c6f2,74de83afe08d2529497f0852773a0403,delivered,2017-04-10 13:04:04,2017-04-10 13:15:11,2017-04-11 12:18:25,2017-04-13 13:34:36,2017-05-02 00:00:00
45da61f7d9e9167809a7b49b252bccd3,67c30b8e5c9d3381e22a5737a65a810c,delivered,2018-02-17 19:14:50,2018-02-17 19:30:24,2018-02-20 23:22:04,2018-03-05 20:47:03,2018-03-13 00:00:00
3e1588105bcf5ae8155dfd11d81db733,faa620b99336f779d6ed431347eb83b7,delivered,2018-05-10 14:36:50,2018-05-10 14:56:58,2018-05-11 11:45:00,2018-05-21 12:30:51,2018-06-06 00:00:00
9d00d5c50382768149ce030b6ab28fc5,641cbccce28ca2f8b8482667f1dff4f4,delivered,2017-09-26 17:11:06,2017-09-26 17:28:18,2017-09-29 20:21:32,2017-10-05 00:22:47,2017-10-16 00:00:00
1782119bc21f8f920e4557c56091a68a,0d3ef975f64f9faa709568c6b48b5f97,delivered,2018-06-21 13:28:51,2018-06-21 14:00:00,2018-06-26 11:25:00,2018-07-05 21:10:59,2018-07-31 00:00:00
0c41f512e2783cc1d84227b9afee153d,975ba3a74e5c88391c411030324032c6,delivered,2017-07-27 11:31:24,2017-07-29 02:30:41,2017-07-31 17:59:52,2017-08-07 18:02:37,2017-08-18 00:00:00
af8a65413a5278f53502a4c24ec7e343,4b1247edd255f5c6d0742646c4b3db66,delivered,2017-05-05 11:33:21,2017-05-08 13:05:39,2017-05-09 08:07:55,2017-05-11 15:57:42,2017-05-26 00:00:00
550ae45f40c5748efec912c204903d9e,10306ac6e28d0b63f5bd4477b093e063,delivered,2017-12-18 08:01:45,2017-12-18 09:12:00,2017-12-22 20:13:33,2017-12-28 20:35:11,2018-01-11 00:00:00
ce5e27204460fb41a0a6122a50206ebd,ef66cc15d398275f5488bb363bb585d8,delivered,2018-06-10 22:28:53,2018-06-12 04:57:34,2018-06-13 13:07:00,2018-06-14 19:25:34,2018-06-20 00:00:00
5202706af09cfff62208ae5a56926b6d,ae68a047db8668d643d62fd6c90b7202,delivered,2018-04-04 14:15:00,2018-04-06 03:28:27,2018-04-10 17:19:11,2018-04-13 18:58:43,2018-05-03 00:00:00
fccc6a1135bbde7546ea85d6ab3cec87,65f6f10609e5c8911038b9bde0e27b89,delivered,2018-01-09 18:24:59,2018-01-10 18:19:24,2018-01-16 21:04:15,2018-01-23 12:12:16,2018-02-02 00:00:00
0d556f5bfd6f6a807960f7e971e8dfd9,90f2f00e590c8683e41a97fb88328691,delivered,2018-06-18 13:53:20,2018-06-19 06:35:53,2018-06-19 15:06:00,2018-06-20 13:55:32,2018-06-28 00:00:00
6f22dfc6908427b839369dd36662e575,9d4aac880ba02ccefc6f724c85f89bee,delivered,2018-08-20 16:44:06,2018-08-20 17:10:47,2018-08-22 08:42:00,2018-08-28 21:58:40,2018-09-13 00:00:00
672b1bba837c3aa34b3e8ddd95ba6eab,2967800a1e6a657df2f13ef37b65c9ba,delivered,2017-11-16 01:52:58,2017-11-16 02:06:58,2017-11-22 15:34:33,2017-12-05 19:23:36,2017-12-07 00:00:00
ee230b38900d26f6334311714d502d30,2572c5aaa8f5391040fdb831e5bd3d1b,delivered,2018-06-07 10:48:15,2018-06-07 11:37:02,2018-06-07 14:53:00,2018-06-18 17:45:46,2018-07-18 00:00:00
14c9f30dcfd7bff68d5663ce8626cc19,c5a2778a8dbd64d32e3d0ee4995539a0,delivered,2017-07-04 19:23:29,2017-07-05 17:37:54,2017-07-06 10:28:51,2017-07-21 15:22:52,2017-08-09 00:00:00
ca5c4d665a41e608da0261a9c2739c32,2e120c17bc8f3c45465d410faafebbb8,delivered,2017-11-28 00:42:25,2017-11-28 00:50:21,2017-11-29 22:31:59,2017-12-07 19:32:24,2017-12-28 00:00:00
5837fff4c5c9ea52b2e96674efccbc66,ba77ebb5a04276eff9b0bd56db33bfae,delivered,2017-11-24 12:25:03,2017-11-24 14:32:58,2017-11-24 20:51:28,2017-12-27 23:14:07,2017-12-22 00:00:00
8216d7ffa665e6b5100c873eb7a44c18,9a78f75b77d6d6c49f563f1453bb113c,delivered,2017-12-30 11:55:21,2017-12-30 12:06:42,2018-01-04 22:32:59,2018-01-19 02:54:31,2018-02-01 00:00:00
1810618b56a9acf3df4d8a4945bd909e,e9fceae02eaf49f88a3332048e249b0f,delivered,2017-07-26 14:36:53,2017-07-26 14:55:09,2017-07-28 14:12:02,2017-08-01 19:47:45,2017-08-17 00:00:00
b27025d21677712033b453ec8bc2fed0,5c2252e80398f0d74434863dc25faf92,delivered,2017-11-15 13:48:18,2017-11-17 04:10:37,2017-11-17 17:21:27,2017-12-04 14:33:02,2017-12-08 00:00:00
f593228a7a25e9633ff78a4ce0d0d4cc,97fc384eaf80697d0a9a5b5e75ab5d01,delivered,2018-02-18 17:33:07,2018-02-18 18:35:26,2018-02-20 12:55:14,2018-03-05 17:23:13,2018-03-12 00:00:00
bca52ee5fc699061c5fbd5b7cb99d47a,38c335d0b5817a4303bc506e48323ca4,delivered,2017-10-18 13:41:33,2017-10-20 02:45:49,2017-10-23 20:55:36,2017-10-26 22:00:07,2017-11-06 00:00:00
7fc163ae2a200d57c1118812221bcf8e,16f1fb10c836b62abe1c810fcf365a1e,delivered,2018-07-31 12:55:23,2018-07-31 13:10:20,2018-08-08 16:11:00,2018-08-10 00:32:21,2018-08-10 00:00:00
bcd228c06b9b1714cbe3bc43673c423b,d09df551a351f70e922ad58090aad0a8,processing,2018-02-10 10:16:52,2018-02-11 10:15:24,,,2018-02-26 00:00:00
64c04b1fbf1d65307ee77fa046ea3b7a,7ee37cd773f9b9d512246953410a97c4,delivered,2018-06-13 17:05:11,2018-06-14 10:19:57,2018-06-14 15:08:00,2018-06-21 15:20:43,2018-07-05 00:00:00
7df0f938e1ed850fcc16e29882f872f7,68323fa98e660b153f32b459be15849a,delivered,2017-11-07 16:00:09,2017-11-07 17:10:35,2017-11-09 18:58:52,2017-11-17 16:21:35,2017-11-28 00:00:00
f325a745f44598592ea78a6e64b589b4,59077d5c620a379906c1130b4cb666ae,delivered,2017-11-09 15:24:14,2017-11-09 15:35:33,2017-11-10 20:28:27,2017-11-21 21:07:57,2017-12-08 00:00:00
1116c3f9b18a7680ea8f531b11b4b15e,5224cca00cc6574164a987220d88cd1e,delivered,2018-04-15 19:14:53,2018-04-15 19:31:10,2018-04-16 23:42:19,2018-04-18 23:38:34,2018-05-04 00:00:00
ef6705ee8f12d45eabd6549c3e10c790,6aa6e3750467bce6dc1a4ab34cd2456b,delivered,2017-07-10 13:18:45,2017-07-10 13:30:20,2017-07-12 17:04:40,2017-07-25 19:32:07,2017-08-07 00:00:00
e9cdba9b8112d2c4cd5cd65431742977,314f5515cf84ac3a11ba7fea4e9a2822,delivered,2017-09-14 16:49:48,2017-09-14 17:05:38,2017-09-21 16:22:39,2017-09-22 16:08:53,2017-09-26 00:00:00
d6f9e75b25f4d86db87bf9c7e6d14a4b,2445f5abc357155e6dc516632b02bb21,shipped,2017-07-03 18:59:31,2017-07-03 19:15:09,2017-07-04 13:57:28,,2017-07-25 00:00:00
b13a6349dc3ffd0d949a6e03cf5c5aea,bed634711aadd752f21d3bd8b2dcd9c1,delivered,2017-09-27 22:17:38,2017-09-27 22:28:22,2017-09-29 19:13:58,2017-10-06 19:30:02,2017-10-26 00:00:00
7b08a0bb1ddb197312b1bebe6cfd9caa,d6c12e28c97ea51cb6643e45f7e01358,delivered,2018-01-05 09:58:33,2018-01-08 06:47:25,2018-01-09 16:51:52,2018-01-19 21:52:43,2018-02-09 00:00:00
d2f4bbcf8e2d36f9e13fba6a75c7269a,5839d530a9dcd7a25bae64efc272b24d,delivered,2018-03-10 20:23:49,2018-03-10 21:00:27,2018-03-13 15:56:20,2018-03-29 13:28:47,2018-03-28 00:00:00
ab21d46cb0d123ea937d107425f82829,e818bc8add3d282d02b2eb2f64406645,delivered,2018-06-17 22:08:14,2018-06-17 22:32:29,2018-06-19 10:58:00,2018-06-25 17:22:32,2018-07-16 00:00:00
1a647a88b6fa7b167cb5414a372edeb1,a6e927129ccc2bfc77279fb42c178858,delivered,2017-04-11 14:10:19,2017-04-11 14:22:44,2017-04-12 16:07:34,2017-04-24 10:37:35,2017-05-18 00:00:00
13c352b184f81a5ef34fe2d204c2a968,0cda9d1432384b83ab1be4549c311e28,delivered,2018-06-23 20:53:54,2018-06-24 20:54:52,2018-06-25 09:59:00,2018-07-06 18:48:41,2018-07-30 00:00:00
d9a58029d2a4e7730b0d6446600fdb6c,84c9c372c3900f5f48b60916d5851fbf,delivered,2017-06-18 22:08:11,2017-06-18 22:15:23,2017-06-19 13:25:52,2017-06-28 12:57:43,2017-07-13 00:00:00
4bad794236d71eada0390ce3edb591fc,8072452f5e9108b02a0e8a57961ddcfc,delivered,2017-09-14 22:05:38,2017-09-14 22:24:15,2017-09-21 21:34:14,2017-09-22 16:08:53,2017-09-26 00:00:00
1d5971c6ac68e27ee67fcb4ef122897f,8a795f8302a07067181e2b08c8e9280c,delivered,2018-01-04 01:55:07,2018-01-04 04:55:32,2018-01-04 21:52:10,2018-01-21 12:03:40,2018-02-07 00:00:00
e09dd765041e9934d762d51ccb26adee,915b040fe51ec246edf9bd062ee7da8b,delivered,2017-01-21 06:58:31,2017-01-21 07:10:09,2017-01-24 09:36:22,2017-01-30 13:57:45,2017-03-21 00:00:00
c5a04e8b14a30499f45857da5edfea7e,c0a6f7b24c9ba50d36786a33ca6a7ffd,processing,2017-05-15 20:39:40,2017-05-15 20:55:16,,,2017-06-02 00:00:00
3dd5f3e88e755bfddd878c1be9903b4c,946b7e93d437f40f31318b7c37886e9a,delivered,2018-08-16 11:38:08,2018-08-16 11:50:48,2018-08-16 15:34:00,2018-08-20 18:48:06,2018-09-04 00:00:00
0e19122f9fa8f2ac31d7ee9742b7d98b,193422684d7e12df2ca405f88df5d891,delivered,2017-06-26 16:04:07,2017-06-26 16:15:21,2017-06-29 10:03:14,2017-07-03 12:33:38,2017-07-14 00:00:00
3a8e8e947707941c5e3af4aa4da84478,de0944cfee0d3c5e328399740f56e989,delivered,2018-04-30 11:45:19,2018-04-30 12:15:22,2018-04-30 14:23:00,2018-05-07 13:10:03,2018-06-07 00:00:00
141f7d3071b3a6ebbc34ea1454624e3f,8fad1c45f7d9d8210fa58f3b754c0932,delivered,2018-05-17 21:26:53,2018-05-18 02:54:28,2018-05-18 13:34:00,2018-05-24 14:38:43,2018-06-04 00:00:00
7d1cf8b48f855eab4eddfa96b2c61ec8,f8c74089ec6e1afff6401a71bf3bb4d4,delivered,2017-12-10 13:46:15,2017-12-10 13:53:29,2017-12-11 18:49:54,2017-12-14 20:46:51,2018-01-08 00:00:00
b73183cb490ec16839818660ffc3d832,9c6bf855fea8ceee89c3a2f9073e65de,delivered,2018-05-14 11:01:01,2018-05-14 11:15:27,2018-05-16 15:50:00,2018-05-23 18:38:18,2018-06-06 00:00:00
ee916829c2d13ef9cc8168badcd31411,a93d50442b6048d2393da05c5ca06a3c,delivered,2018-01-25 18:21:58,2018-01-26 18:17:27,2018-01-31 14:58:21,2018-02-17 13:08:05,2018-02-22 00:00:00
d40f37941fe5d7cc0ee5bf4180ae9f3d,8b064a200d335d30d609487f84414812,delivered,2018-07-05 15:24:52,2018-07-05 16:21:50,2018-07-11 13:00:00,2018-07-12 17:47:36,2018-07-19 00:00:00
469a7494ad77aec29dcd9958164ecfda,89cc6bc87c7d96b36dff1b1c1233e884,delivered,2018-06-27 10:01:00,2018-06-27 11:06:50,2018-06-28 11:36:00,2018-06-29 23:08:49,2018-07-12 00:00:00
32b1d3f7e7a0149ea3c10792131839d5,5abf5079ca122b0018b08562e51ad1bd,delivered,2018-07-19 11:22:55,2018-07-20 05:05:12,2018-07-20 13:16:00,2018-07-25 19:06:32,2018-08-06 00:00:00
d08257023bba46fdf7e3cfcccac606b8,0129ed0b91663e92e982965f3a6245f6,delivered,2018-07-24 21:53:52,2018-07-24 22:05:16,2018-07-27 11:07:00,2018-07-31 14:55:37,2018-08-27 00:00:00
5b1ff9c294ce6149733c6912262c60f9,1cee7be2a8055eeac71626608c2360b9,delivered,2017-02-08 10:18:09,2017-02-10 03:03:16,2017-02-10 08:12:35,2017-02-23 10:51:16,2017-03-17 00:00:00
d857d0a4f3a11a5edda482cd70b6008a,daf79fe6906ca75732fe78d5ef551d6d,delivered,2018-06-13 16:54:03,2018-06-13 17:20:00,2018-06-14 07:58:00,2018-06-19 21:11:19,2018-07-03 00:00:00
0822275bffed889280029c0c32b003e6,8271ceeaf964f129bcc35e89a3d4520c,delivered,2018-02-05 13:12:47,2018-02-05 13:30:45,2018-02-06 21:07:48,2018-04-05 21:32:46,2018-03-01 00:00:00
308163f9666c3f335e92b0f0f61554ed,1d8301ecbc5e43043f66ed6b8bfc8009,delivered,2018-07-12 11:24:13,2018-07-12 13:25:52,2018-07-26 15:28:00,2018-08-01 00:05:14,2018-08-01 00:00:00
982a2255031a99176b6786069e8fa1ae,babd1efb823e55641d3e5e99d6972418,delivered,2018-03-02 13:00:16,2018-03-02 13:15:26,2018-03-02 22:09:11,2018-03-11 18:41:47,2018-03-20 00:00:00
0ecd7312b4a222a3a86590e46f1c2b90,a2a34d52a5ca3c214067d8d87f6ddf21,delivered,2017-07-26 20:50:09,2017-07-26 21:05:10,2017-08-03 21:43:41,2017-08-05 13:37:46,2017-08-14 00:00:00
45193dbb3e96a6b68bcd317c6f840fb5,66d393f3aa4297b658208fce69282699,delivered,2017-09-24 16:01:26,2017-09-24 16:15:08,2017-09-26 18:53:59,2017-10-07 15:03:44,2017-10-24 00:00:00
433a9459ece4c6083b2aa89b2480a1a8,57c9497cf41d06236857628d650858be,delivered,2018-07-31 23:27:43,2018-08-02 05:05:09,2018-08-10 14:10:00,2018-08-13 13:52:40,2018-08-08 00:00:00
199b954f78aa6406855014a9a935ef5a,1c76fe8aee9a8e6c4e431c68db930c38,delivered,2018-02-05 15:51:27,2018-02-05 16:11:01,2018-02-08 15:54:46,2018-02-22 02:12:52,2018-03-06 00:00:00
4db8f00462910a1daf07bd78e151c075,2060e318ca3331cd5a8b03eafa04f813,delivered,2018-06-19 11:59:29,2018-06-19 12:18:40,2018-06-20 10:46:00,2018-06-28 17:38:53,2018-07-13 00:00:00
1aa61b751b1fcf147418fe35148bd4cc,e50ebc827aac483cd6a356d73877f9ca,delivered,2018-01-12 10:31:30,2018-01-12 10:48:30,2018-01-12 22:30:06,2018-01-26 21:27:31,2018-02-07 00:00:00
21cf2a548764530e2638e941f0dc7fed,55acca2232d766f885c2f8b52cb09416,delivered,2018-04-14 02:28:53,2018-04-14 02:51:55,2018-04-24 01:32:44,2018-04-30 21:48:55,2018-05-18 00:00:00
3f26faa9494be61027d0c04483436498,2bfbff5eb42c14a3ed9e37efbf840e33,delivered,2018-03-23 09:34:43,2018-03-23 09:50:37,2018-03-23 22:09:45,2018-03-26 23:28:46,2018-04-05 00:00:00
724f1ffc2af7bb0275a9c981cb21909a,322f36046dd936288a20347c181996df,delivered,2017-06-26 08:33:16,2017-06-26 10:33:19,2017-06-27 14:46:43,2017-07-20 19:36:31,2017-07-28 00:00:00
529de011939a17a088e8df57b4356585,d9d643b00c98c1b7ae45d925285eccba,delivered,2017-09-19 17:41:41,2017-09-21 02:51:06,2017-09-21 18:22:42,2017-09-22 18:22:01,2017-09-29 00:00:00
f77e126a18d3f6d78bab9e393cf25a73,5863bb76ca9ee3075fc26943071fe556,delivered,2017-05-09 15:14:06,2017-05-10 06:35:25,2017-05-12 19:36:06,2017-05-18 16:27:32,2017-06-08 00:00:00
9592e993fa9bd76e414ffecdceaa13c9,851fe64644348018b08d59e8d0002abb,delivered,2018-03-14 07:47:52,2018-03-14 08:47:35,2018-03-20 15:44:27,2018-03-27 16:20:55,2018-04-09 00:00:00
3834ec7f71dbcb2d82167e52a4448d33,c78e1ce3a499d6979069f82c20c9178c,delivered,2018-03-03 15:38:52,2018-03-03 15:50:25,2018-03-06 20:17:57,2018-04-16 23:07:00,2018-04-10 00:00:00
883454d5fb48deb4193c387cf1c64a49,be5bbe31ad3a20d311793e67950f664e,delivered,2017-12-19 20:20:53,2017-12-20 07:18:15,2017-12-28 17:49:08,2018-01-08 21:09:07,2018-01-15 00:00:00
2e8080693faebedb3ba68531167c6313,9e36e87b2ed55c78b24bd7a4b58be3a0,delivered,2018-07-14 19:38:26,2018-07-14 19:50:18,2018-07-16 15:10:00,2018-07-23 22:38:40,2018-08-03 00:00:00
f7404ef9274b77e82cba63629c091e3f,e2bfd0a3a3e2677586821cb7f3a27d07,delivered,2018-04-04 18:14:40,2018-04-06 03:08:22,2018-04-07 01:22:14,2018-04-18 17:18:24,2018-04-26 00:00:00
66c0ba5488a397208076ece07748d0fa,50577f33200de8b27ca46bf8ec17d82b,delivered,2017-09-03 21:01:28,2017-09-05 04:10:32,2017-09-05 18:53:06,2017-09-13 20:15:01,2017-09-29 00:00:00
c071755e071e5e8819f78265639b102e,343a0b7bc6b0daa1c9b781cc1aa46445,delivered,2018-01-16 20:44:59,2018-01-16 20:57:20,2018-01-18 20:18:31,2018-02-02 09:38:31,2018-02-07 00:00:00
adc792b07aa3cea4f62946c3c00c6274,26d9f7a0be92fddf04d1db3e581ab46d,delivered,2018-03-12 04:16:34,2018-03-12 05:28:52,2018-03-13 15:59:45,2018-03-19 16:08:44,2018-03-28 00:00:00
7be32d3b5331e7aa64f9e557b59ea32e,d2f1b10127eb4947c2df14f43edc6ac2,delivered,2018-01-13 20:58:37,2018-01-13 21:10:17,2018-01-15 18:06:18,2018-01-16 13:56:59,2018-02-01 00:00:00
bb6c4377932cd3f89a92ec9b1f1f37f0,6285985007f6fe44b21f65e3d0f5ec97,delivered,2018-06-26 20:16:18,2018-06-26 20:30:13,2018-06-29 11:43:00,2018-07-10 19:12:10,2018-07-27 00:00:00
a53f0870aa46960c914e6e0fd739304b,a7ceb6b7f4879047ce555dbbd233bccb,delivered,2017-05-21 07:57:45,2017-05-22 10:42:02,2017-05-22 12:17:30,2017-05-25 09:22:21,2017-06-13 00:00:00
17c9362cdf27556b1765d93729c3beb2,efb45eecb70bb27f975a210586d2c726,delivered,2017-05-11 14:37:06,2017-05-11 14:45:15,2017-05-12 12:47:53,2017-05-26 10:37:57,2017-06-05 00:00:00
6fc7f9a5ce44ab38483dcf761802cb7e,cdfc3817abb437c8b8fdd0c9a25cd691,delivered,2017-05-30 22:43:38,2017-06-01 04:02:57,2017-06-01 10:54:37,2017-06-06 14:19:05,2017-06-29 00:00:00
4bcb31b6a61c7fdbcb397a502edd29a1,88c7ed43b844a8645bad673db2d98774,processing,2017-07-24 10:16:56,2017-07-24 10:30:16,,,2017-08-15 00:00:00
67acbda15487a0495068196ebdfbbcf7,883e06c99a6a4a338f2b74fcd4d4e344,delivered,2017-03-27 19:30:45,2017-03-27 19:42:56,2017-03-28 15:21:43,2017-04-10 16:44:18,2017-04-28 00:00:00
6e91382a2e9da8b39ee94e7e249e18a7,2fdd8a2a76a8e1cdd5f16379dc080bb8,delivered,2017-09-21 21:55:27,2017-09-21 22:47:35,2017-09-22 19:32:05,2017-09-25 16:02:34,2017-10-06 00:00:00
ea84febf2596b3e1a6f4c7eee0f05abc,250f08b15a366c0a8cb7f4e6ba953167,delivered,2017-06-16 22:16:33,2017-06-16 22:25:20,2017-06-21 13:49:24,2017-06-28 15:12:42,2017-07-14 00:00:00
41f619c5b2e315db16368518f5fd3405,0a18445510505b0fbc67fefff8231df0,delivered,2018-07-18 14:01:02,2018-07-18 14:10:19,2018-07-20 13:55:00,2018-07-23 20:03:05,2018-08-07 00:00:00
b8eddc75e14deb94310c124b0458c626,fe39086685f95933fda7f32f50a9abcc,delivered,2018-07-02 13:07:15,2018-07-02 13:15:13,2018-07-03 11:55:00,2018-07-04 19:58:23,2018-07-16 00:00:00
6bc3c767bc73e1e4e1ba0670c3d90397,29e3dd4d4c101e8afb1f84aa611ec130,delivered,2018-02-26 16:19:39,2018-02-28 09:56:09,2018-02-28 21:25:17,2018-04-03 17:03:49,2018-03-16 00:00:00
92775060bd32858e4ae0d6b886f37219,e3781bf27bd1e9e1d2e65bd417bc754d,delivered,2018-03-09 14:27:29,2018-03-09 15:10:36,2018-03-12 16:43:54,2018-03-24 16:26:33,2018-04-09 00:00:00
25e08e5a23ab24f86595aadbe50bc739,e476fcea99c9ce561bfdd36692edcbd0,delivered,2017-09-19 12:16:06,2017-09-19 12:30:12,2017-09-22 18:54:56,2017-10-13 16:12:44,2017-10-11 00:00:00
f5306185c917952d794bb6da1280a050,5ccf1c712d44f6ffd2698798916e59ee,delivered,2017-09-16 22:05:02,2017-09-17 01:04:02,2017-09-21 19:55:16,2017-10-03 19:58:07,2017-10-09 00:00:00
3e84398caa2b0be876731343bab75b06,92710a995cc113c830f287b62883189c,delivered,2017-03-13 18:14:02,2017-03-13 18:14:02,2017-03-14 06:33:13,2017-03-20 12:51:33,2017-03-31 00:00:00
6b7c51889439d1226b105ac94db9688d,80d559f43415392b923172d3a7137c60,delivered,2018-07-08 21:38:25,2018-07-08 21:50:11,2018-07-13 13:38:00,2018-07-23 21:32:23,2018-07-31 00:00:00
5601efc723d40b097b2c97df55cb8fbe,2f99a41ccda00228ce7e60a63b541ab9,delivered,2018-02-21 21:01:55,2018-02-22 16:15:33,2018-02-24 00:18:32,2018-04-12 22:22:27,2018-03-29 00:00:00
9781e9a5064f50e5bb4ce028b9f1963b,4d23f457e4048ca6b97665749240d1f8,delivered,2018-02-17 18:33:00,2018-02-17 18:46:41,2018-02-23 00:45:22,2018-03-22 23:28:42,2018-03-15 00:00:00
7a0256c1bbed2e05c3c312f6b89aba71,a39b1a4ba781c82a8b9166d20c127414,delivered,2018-08-11 00:15:46,2018-08-11 00:30:17,2018-08-13 15:03:00,2018-08-17 22:28:28,2018-08-23 00:00:00
115778b69ef3f8bece387ae594bcecba,cecc7f9a9384f6df323bef4be5f761a5,delivered,2018-02-17 11:00:31,2018-02-17 11:10:58,2018-02-19 20:49:10,2018-03-02 17:04:27,2018-03-09 00:00:00
455fee41e70f71e657081231b2b57252,441fbdd88f57c1f57c86c9d782fb09a1,delivered,2018-02-28 10:48:45,2018-02-28 11:09:46,2018-02-28 22:13:53,2018-03-06 00:04:34,2018-03-13 00:00:00
652050879a7da861024a1114f926958d,e69d6b0170d42884fd9c5623edd97b0a,delivered,2018-05-19 13:24:23,2018-05-19 13:51:33,2018-05-22 06:57:00,2018-06-07 18:59:44,2018-06-08 00:00:00
57e7266082ceac10484f5aa2da2dd90e,9e7843064b6d598a3835a6c25da3a412,delivered,2017-12-01 22:25:12,2017-12-01 22:34:51,2017-12-06 18:23:15,2017-12-20 17:17:05,2018-01-02 00:00:00
cf2d1ce92345a8db1f8b09ac4575aa7f,adfc188f0e340c2365b6da5eef469d27,delivered,2018-05-09 16:07:25,2018-05-09 16:30:07,2018-05-10 10:54:00,2018-05-16 15:56:29,2018-06-08 00:00:00
e54fadbb3cef276c1b184ec780d06ae2,9194b81f653a21ddac05211e071c9d7f,delivered,2017-02-12 21:48:59,2017-02-12 22:02:59,2017-02-13 08:58:08,2017-02-16 17:53:48,2017-03-10 00:00:00
6c37a73c622940bb9dee7b76f6d4058d,0c4c3d7ecb729f77fb18ddb0ba5442a9,delivered,2018-07-17 21:09:56,2018-07-17 21:21:40,2018-07-24 14:14:00,2018-08-02 20:23:40,2018-08-08 00:00:00
10dd6db4f61345e5fdaeebc10db28a72,a45285dc686a4d9cefd4fd1c886e3689,delivered,2017-02-07 10:07:57,2017-02-07 10:25:19,2017-02-09 14:41:53,2017-02-23 08:21:48,2017-03-07 00:00:00
62ffdc08aacc0d5763a38e07039234d8,a7df6cb7a8debf4132e292cb793cd105,delivered,2017-07-15 16:50:35,2017-07-15 17:05:20,2017-07-21 20:04:22,2017-08-10 18:16:58,2017-08-18 00:00:00
f84ed066131e26a100371eb314bfa094,8766b43c0e2fa872702fa9bde4dc8bf6,delivered,2017-03-06 11:06:27,2017-03-07 03:43:01,2017-03-07 13:28:43,2017-03-13 10:07:49,2017-03-27 00:00:00
e79f873315375aad54aa74ee8119dc40,bb4a5a4ffe14ca07ec7a100091914d93,delivered,2018-07-16 11:04:37,2018-07-17 04:31:23,2018-07-18 15:20:00,2018-07-25 17:44:52,2018-08-10 00:00:00
efacca5eaae8bd32666ea169089f3e59,35cc12371670f472b711f691ed7f6edf,delivered,2017-04-11 15:06:33,2017-04-13 20:05:16,2017-04-20 09:07:39,2017-05-09 15:17:30,2017-05-18 00:00:00
8e9739a379cb2d138f351acfb693eaba,206be412d24a2671defc55f90bf1662c,delivered,2017-09-19 05:14:02,2017-09-19 05:25:09,2017-09-29 13:37:50,2017-10-11 16:25:17,2017-10-17 00:00:00
9e8f0fdec8fe8bee4f4c399b4dc46175,4daaa9308cabd7d0ff4a847b64d97b28,delivered,2017-09-17 20:22:40,2017-09-19 03:50:37,2017-09-19 20:53:59,2017-10-07 12:23:33,2017-10-13 00:00:00
4a9a9d64ccb1bbcb0db6634dbfae10d6,ebb7a2942172efa549f149c74e43c3d6,delivered,2017-09-04 11:07:37,2017-09-04 11:24:24,2017-09-05 21:52:07,2017-09-12 03:44:57,2017-09-26 00:00:00
945552359381c20f8e692b034ba74c44,6cf478902f8f587b6516e41059da1c2c,delivered,2018-06-19 09:18:54,2018-06-19 09:36:51,2018-07-10 14:19:00,2018-07-13 20:12:16,2018-07-11 00:00:00
d9b4f2ffa6ecd7c3ba59f13458e3ebb2,2a16ecfaa8192a53f40b1531dee2409c,delivered,2018-07-08 20:10:30,2018-07-08 20:25:19,2018-07-12 12:21:00,2018-07-20 16:32:12,2018-08-01 00:00:00
b14878ee970d09943d562f30749318ae,ee7efb55168b12043c19a6a2a2defbfc,delivered,2018-04-17 13:29:59,2018-04-17 13:51:14,2018-04-17 22:54:54,2018-04-25 15:38:19,2018-05-11 00:00:00
a8b7b51948bf9deabad95734d8470c5f,b933dffd7bce914ecf44a45630277fdb,delivered,2018-01-03 14:32:04,2018-01-04 05:11:07,2018-01-04 22:20:07,2018-01-23 19:51:52,2018-02-01 00:00:00
9b1d5acce1c77a5da1b65b436cc68c7e,87c99eb6962fecdfcc37883d6a898195,delivered,2018-07-22 13:17:51,2018-07-23 11:31:28,2018-07-27 14:28:00,2018-08-02 19:22:19,2018-08-16 00:00:00
06c5e0b010707e400bcc627771a27226,d22be3ef41b2dd919e8a0f327a02f284,delivered,2018-03-26 16:53:54,2018-03-26 17:08:08,2018-03-29 19:59:03,2018-04-13 00:38:35,2018-04-12 00:00:00
73462226b9dad0fb514e39b1ee832193,b08b08ece04745a6e719ac71e09d89fd,delivered,2018-04-05 21:17:14,2018-04-05 21:30:19,2018-04-07 01:32:24,2018-04-10 18:44:38,2018-04-23 00:00:00
9eead354475b8b8fde3811f26b2599fc,13e7480f7e6534616eca292f8267ef56,delivered,2017-11-28 13:30:58,2017-11-28 13:51:05,2017-11-29 16:02:43,2017-12-06 14:28:59,2017-12-27 00:00:00
086cb9cd0cf7067d77fe09f31620a52b,7df0b66f0f2cba22ba501317ba7c69f9,delivered,2018-06-20 09:09:04,2018-06-20 17:00:45,2018-06-21 14:31:00,2018-06-28 12:54:48,2018-07-25 00:00:00
c50b038fff0cb3b7da8fc39272cedc8b,1f6ff3dafd398100d0c68a9e6cba78a7,delivered,2018-03-09 12:27:35,2018-03-10 12:28:15,2018-03-13 01:28:40,2018-03-19 18:08:48,2018-03-23 00:00:00
1f18ee0a409056c8fb31ec0e16fbeb40,22acdc5a401b5ccb535fb27cfa9cfffe,delivered,2018-02-09 13:47:08,2018-02-09 14:15:34,2018-02-09 22:42:17,2018-02-14 13:52:52,2018-02-23 00:00:00
a56a69de5d08abcdd997b45a40cdbeed,d96a0a53b1076cd1fb71326dec092f0c,delivered,2018-05-28 02:16:38,2018-05-29 02:11:10,2018-06-06 12:31:00,2018-06-08 19:22:08,2018-07-05 00:00:00
f2d5ab09d0a8af8a6c3b93031647b532,4569fca334fb135a08aabc4209ee48ad,delivered,2018-07-24 16:11:14,2018-07-26 03:25:07,2018-07-26 16:03:00,2018-08-02 19:03:00,2018-08-20 00:00:00
ff28c0612d31703caeb619081868bd35,9584350801d16bfb6670a6ed33331336,delivered,2017-05-20 03:00:18,2017-05-20 03:30:18,2017-05-23 08:39:58,2017-05-29 16:25:33,2017-06-28 00:00:00
fde57015e8a551f04dac99621c01678b,bc2c417b8564e1c6bf942d4e93960a2e,delivered,2017-03-15 21:55:28,2017-03-15 21:55:28,2017-03-17 09:11:58,2017-03-27 15:19:03,2017-04-10 00:00:00
99003adc13e59fb4d93b3a6461ba4335,83e767990961e638119daa7d44416d14,delivered,2017-11-14 17:02:16,2017-11-17 03:46:27,2017-11-22 21:26:48,2017-11-28 19:12:47,2017-12-05 00:00:00
fc9ad67c49c1269a2b4d3e55cc30faa4,8045508700bc8b3c31063230eec62913,delivered,2018-04-30 22:19:52,2018-05-01 03:32:38,2018-05-02 12:20:00,2018-05-09 22:28:00,2018-05-25 00:00:00
bd335a38abd734d788851cb0b0fb1a48,ef2dd497f0b364922173062f4c7a36b9,delivered,2017-11-29 11:27:07,2017-11-29 11:38:04,2017-12-04 14:36:40,2017-12-07 18:13:00,2017-12-19 00:00:00
a8bf3c34d62fdbb261cda157deee9b0f,b167b852c85288c36b6dab4a96635f59,delivered,2017-10-11 18:20:16,2017-10-11 18:28:24,2017-10-13 21:13:47,2017-10-20 22:53:36,2017-10-31 00:00:00
b4e47a448289bb284758470f606229c4,57856512eeb5d55a99c26b58906b291c,delivered,2018-05-28 15:54:55,2018-05-28 16:11:53,2018-05-29 13:45:00,2018-06-01 21:34:39,2018-06-20 00:00:00
82fd71ee2e80629725923a24ac97f213,b3850cb165a04ee20453f0455663c8ba,delivered,2017-06-04 22:18:59,2017-06-06 13:23:19,2017-06-08 15:25:35,2017-06-19 18:28:44,2017-06-27 00:00:00
e94d7f11e3a990b65f46d2b02b1c23a2,bfb621af0210286456134f06b8b92b8d,delivered,2017-11-05 18:36:40,2017-11-05 18:50:54,2017-11-07 20:47:47,2017-11-18 00:28:39,2017-12-01 00:00:00
30fb13279028a5d1ebc47f8ace9b041f,8b36301602029ac8f28e6f14a682c089,delivered,2018-02-03 19:49:00,2018-02-04 19:49:25,2018-02-05 19:53:20,2018-02-22 14:59:18,2018-03-08 00:00:00
d2faaae07c685cce7b2828aa10c43b0f,5a113025f6654d8f73018aedf5ea5f38,delivered,2017-04-18 08:58:04,2017-04-19 09:05:17,2017-04-19 12:46:40,2017-04-27 11:41:49,2017-05-18 00:00:00
d0f9f41e51b973c669a8c5f4c629eda9,b9ed552047d9caec7b90ff5f1cbba509,delivered,2018-05-30 19:01:18,2018-05-30 19:35:42,2018-06-01 13:21:00,2018-06-12 17:31:04,2018-07-18 00:00:00
b1567912ffcf619427d2b2104ea02e1c,bd6f301e48ee563b392581fad5a46286,delivered,2017-10-14 15:58:49,2017-10-14 16:14:17,2017-10-24 00:09:27,2017-10-27 16:43:40,2017-11-01 00:00:00
17f1a38cf243632b938f18aa6b80928a,3e7b6a143331d0a923dbe940e123797d,delivered,2018-02-07 00:38:09,2018-02-07 00:53:51,2018-02-07 20:28:31,2018-02-24 00:26:38,2018-03-13 00:00:00
b7bea96258b9caf5e97816fe944b2971,af1e1f0117711e14bddc1714670dfa27,delivered,2017-03-10 14:56:15,2017-03-10 14:56:15,2017-03-16 14:36:42,2017-03-30 14:23:46,2017-04-28 00:00:00
d9e223f2fca6aee33e9374cd57b8d220,e4d3e69638cf6d6f16d90b5fa69e5021,delivered,2018-03-24 14:24:28,2018-03-24 14:48:09,2018-03-27 00:46:43,2018-04-03 22:37:31,2018-04-12 00:00:00
42a19395ca15b0662870b6b41be02edc,71e5e75dfaa74b62bfb191e28152d528,delivered,2018-05-24 11:11:42,2018-05-24 11:39:10,2018-05-28 13:20:00,2018-06-01 16:07:22,2018-06-29 00:00:00
920e3d44eef0b91599e027ba1592e949,9d5587391b02f9c7561534b159b4afc2,delivered,2018-04-19 17:30:07,2018-04-24 17:13:19,2018-04-23 17:33:53,2018-04-27 19:38:52,2018-05-18 00:00:00
bd9b227e61a0dc0debd7399e3b5c0c82,75e08f705115501406bca3bd781a8cc7,delivered,2017-04-12 23:50:54,2017-04-13 01:05:23,2017-04-13 15:07:59,2017-04-23 10:22:53,2017-05-23 00:00:00
9fa2b518229715cade50be6375126ebf,6116ca30253940aa1f3a6ae5ce2e624f,delivered,2018-03-30 11:08:04,2018-03-31 08:48:04,2018-03-31 18:22:09,2018-04-07 14:18:34,2018-04-19 00:00:00
fd4440c3eff791f70d022bdcb82dbbd2,80780c952021dc6b9e6c0eb37b4e8e2f,delivered,2017-09-07 13:14:51,2017-09-07 13:25:21,2017-09-08 20:37:29,2017-09-11 18:00:24,2017-09-21 00:00:00
1f66126a353c1308d1396bec7cf67f37,bc7574e13c5310492ac937fec0a34d42,delivered,2018-04-18 16:26:40,2018-04-18 17:15:26,2018-04-19 22:52:35,2018-05-01 02:13:44,2018-05-15 00:00:00
34cc8cb419e5e8ffe6a5090b551dbf61,e0b9262d01399885847c98481b33da06,delivered,2017-05-25 18:01:49,2017-05-27 02:55:08,2017-05-29 02:34:55,2017-06-07 11:23:36,2017-06-07 00:00:00
56fcad23d524d139c18ce601575e06db,5ec5ec37e6836b538bcf20fd7e6fc0b2,delivered,2017-10-05 14:36:14,2017-10-05 14:50:22,2017-10-06 18:30:01,2017-10-10 18:58:01,2017-10-24 00:00:00
fd700d48d34b0b4f75767e4502c3fce2,54fbfd8234200d91cf277f159fdeae7f,delivered,2017-09-16 22:43:48,2017-09-17 01:10:11,2017-09-20 17:27:38,2017-10-09 22:33:46,2017-10-10 00:00:00
2154126e5b702c936d6507a6c20bd73d,aa3e8d6f20aeba10bbf8952efa49894a,delivered,2018-06-16 12:45:58,2018-06-17 12:58:40,2018-06-19 06:56:00,2018-06-22 18:35:43,2018-07-16 00:00:00
ac056e19c77f2d10da3097371332da46,849c1babfe2c41bde64e8034139c61e7,delivered,2018-06-06 09:16:29,2018-06-07 03:12:32,2018-06-07 12:26:00,2018-06-18 13:56:49,2018-07-13 00:00:00
2a1f2a555014d3eb75492fd0a08942a1,be2e45cc0094d2ca20f16e31924f389f,delivered,2017-11-25 17:47:15,2017-11-25 17:54:43,2017-11-27 12:39:18,2017-12-04 21:52:35,2017-12-21 00:00:00
a8100cbab69c8afb050a57b02ab6f73d,88973adbb8d9a870b3d12137c4fe6c8b,delivered,2018-08-01 11:56:01,2018-08-03 02:44:11,2018-08-06 15:23:00,2018-08-09 18:06:49,2018-08-13 00:00:00
aa6344864a8ba3918bc0bee0a9b0fbc3,6d33b4f1d814e8a483440d1821db68a1,delivered,2018-07-11 22:56:22,2018-07-12 22:50:21,2018-07-18 11:54:00,2018-07-23 23:51:55,2018-07-31 00:00:00
fa2e103e8d7fa0d07f04bd9fafb74d75,b47393771b85e7fe166f11a17423e4a1,delivered,2017-06-16 17:19:31,2017-06-16 17:35:23,2017-06-19 20:23:26,2017-06-27 14:23:32,2017-07-10 00:00:00
8d49bed8f03eff2e3595adfc9043a4f9,cb75f1b57449ab6f2efb6da4648d906e,delivered,2018-04-18 14:47:52,2018-04-18 15:11:27,2018-04-19 19:41:57,2018-04-23 18:22:44,2018-05-08 00:00:00
c1daaeaf51b3f251a3c6c2b04abec127,6d219cb246ef6f905618da8e27cf5ddc,delivered,2017-05-08 10:53:44,2017-05-09 09:35:48,2017-05-09 12:44:28,2017-05-26 08:41:23,2017-06-12 00:00:00
571e58edcddc5a553546eecfa4b09aa0,16e45d25fd633da8279d9b24b3cf58e5,delivered,2018-04-19 20:03:42,2018-04-19 20:15:21,2018-04-20 20:03:32,2018-04-23 16:46:53,2018-05-08 00:00:00
8b046243c0d75b859c1bddf498cfb968,829b558342b71f56b37ed42a6070811c,delivered,2017-11-25 11:41:23,2017-11-25 11:53:24,2017-11-28 17:38:31,2017-12-04 14:46:37,2017-12-20 00:00:00
8b5cf5ac7d33694c12564d2f8ca47535,f82d62c40f8aa96a0539ff63897cbdd5,delivered,2018-04-27 15:35:47,2018-04-27 15:55:15,2018-05-02 15:15:00,2018-05-29 22:36:49,2018-06-18 00:00:00
652138adffce146ad78592e6d17b2552,da8045919bf3010941c2d2ab84c0a848,delivered,2017-02-05 19:31:37,2017-02-05 19:42:31,2017-02-07 07:28:05,2017-02-14 07:32:21,2017-03-09 00:00:00
260da592a3c3072f2c3b9ddc840f8a63,66f3530251fb5d60d0122bb9ee1f82aa,delivered,2017-04-28 21:22:30,2017-04-28 21:35:13,2017-05-02 14:57:51,2017-05-05 15:06:41,2017-05-30 00:00:00
272edf81c6d2434e61f4e15520a0512e,9eae8b1b98146633c65773c08c98835b,delivered,2017-09-27 09:07:17,2017-09-27 09:24:59,2017-09-27 19:32:10,2017-10-03 17:16:06,2017-10-23 00:00:00
2a92b584c43412db1ce17f7fca94e930,36b1c603b6b65fcb28a9f9ab375bdef7,delivered,2017-11-24 16:38:09,2017-11-24 20:32:47,2017-11-27 19:15:10,2017-12-04 20:46:16,2017-12-20 00:00:00
031cf625cad56f5761e51c2675f0c0ae,024528dfafe67bb6421ef6e6da9adc9e,delivered,2017-03-18 06:52:28,2017-03-18 06:52:28,2017-03-20 08:02:03,2017-04-04 08:36:54,2017-04-27 00:00:00
6ddda171d214be5f13055479d8b41364,3efd6634c0d7ebbdcadfb0f56b75ceef,delivered,2017-10-10 21:33:47,2017-10-10 21:49:28,2017-10-11 20:20:01,2017-10-17 20:42:07,2017-10-31 00:00:00
082143e4f5f63e4e768aa4d5c70d0d02,24d8bb5ce835d746abf0d7aed090dbcb,delivered,2017-06-14 20:34:06,2017-06-14 20:55:18,2017-06-16 15:07:36,2017-06-26 13:47:53,2017-07-07 00:00:00
167dc2b0f73ab3c0cc069599ea571b68,829026809b4e078dd71695d5a22dc4ae,delivered,2018-01-21 19:03:05,2018-01-23 03:38:52,2018-01-30 13:16:09,2018-02-15 18:19:18,2018-03-12 00:00:00
af07804a2d53e8639954baf97fbf803a,61a39d14e096f31b0d84c33bf54ace42,canceled,2018-04-19 13:46:42,2018-04-20 10:22:46,,,2018-05-03 00:00:00
af3825173c835f6748e0dfbbfa344d32,e07b6d73f942bcb256228f5717f33537,delivered,2018-07-20 18:38:27,2018-07-20 18:50:13,2018-07-24 10:25:00,2018-07-27 16:47:33,2018-08-06 00:00:00
4200e64fc68666999e2a696dfb2661a1,7c7856f9a967460c46d270ec2e67dd7c,delivered,2018-02-13 21:51:49,2018-02-16 07:47:05,2018-02-20 18:34:24,2018-02-23 23:48:56,2018-03-06 00:00:00
55aabd1c605ccaa6bddb6caec3cf74e4,24fce6899f122da5bda9995cbfe7bf23,delivered,2018-02-13 18:26:19,2018-02-13 19:40:27,2018-02-15 19:23:54,2018-03-01 15:17:01,2018-03-07 00:00:00
25b66d9cb3dd45d25788fdb3e226c5b9,2d7932246f97f6a45b82a77fb4c72d4a,delivered,2017-08-15 06:50:00,2017-08-15 07:05:12,2017-08-15 19:52:01,2017-08-21 21:10:52,2017-09-12 00:00:00
166e0843a2272293d75ba8d81804de6a,809476bf737c26ec99167089e755cae6,delivered,2018-04-02 09:45:05,2018-04-02 11:48:36,2018-04-04 01:44:57,2018-04-11 20:12:35,2018-04-30 00:00:00
9580960c270d4525b7224af7ef41235a,74abf9eeaf6b3001f885f433582783a2,delivered,2017-03-14 22:04:24,2017-03-14 22:04:24,2017-03-15 08:58:15,2017-03-25 11:52:19,2017-04-04 00:00:00
f3f15e9fc76a0d1ee15de585f49911d8,37f46c48ce060bb1a77065a5d8672ba3,delivered,2017-11-11 21:19:34,2017-11-14 03:36:16,2017-11-14 16:46:54,2017-11-25 00:31:46,2017-12-11 00:00:00
fe12e676fd493885d417a34bc3917411,8600e7ab4bb1f46a5e24854bcc988b9c,delivered,2017-05-22 18:28:29,2017-05-22 18:35:15,2017-06-05 17:08:45,2017-06-13 07:25:40,2017-07-05 00:00:00
cdbd7f161aa1fcaa66712604021d4fd3,a14226e893b38c7907a09882f8e7063a,delivered,2018-03-13 12:59:30,2018-03-15 03:15:34,2018-03-16 18:08:29,2018-04-02 19:39:35,2018-04-04 00:00:00
0c5c8063a673f3c44b6499053e534ccb,3b0841e521dffa992a8ef9e4e00b2c9e,delivered,2018-01-08 20:04:06,2018-01-08 20:12:30,2018-01-10 19:28:08,2018-01-17 18:59:02,2018-02-06 00:00:00
f05c4e37bf7ce04b9cfe8e310d08eaf7,bcfe21a120bbae5d45cf229b1329b5ec,delivered,2017-05-17 08:59:49,2017-05-17 09:10:14,2017-05-18 16:16:54,2017-05-24 14:25:37,2017-06-21 00:00:00
47476a4cdc9f6c8f0fb1517e2e557c5e,4d3549e2ac2a97c5f787e4c1f557173d,delivered,2018-02-25 22:36:17,2018-02-25 22:50:21,2018-02-27 14:12:42,2018-03-02 00:55:31,2018-03-12 00:00:00
8733c8d440c173e524d2fab8025063f4,c561230659c12a017bdb3a60786bc97a,shipped,2018-08-05 17:00:00,2018-08-05 17:10:15,2018-08-06 15:18:00,,2018-08-09 00:00:00
403065b674f9cd3a0ab4d217dac82725,29e96fb282c3989c38e825a01053c73d,delivered,2018-03-31 13:20:56,2018-03-31 13:35:18,2018-04-02 22:58:22,2018-04-16 18:04:22,2018-05-04 00:00:00
0d7409418627f0c642e73823145c505b,fa91f82f3d5d8fe6814035b85c202bff,delivered,2017-08-28 15:12:59,2017-08-28 15:25:31,2017-08-29 16:22:46,2017-09-04 18:13:06,2017-09-28 00:00:00
71ae442d46d1764c665ba4c9e3073864,72f564f4ab4a6a155d8b84a0b5ad8a2b,delivered,2018-08-06 17:03:57,2018-08-07 04:25:12,2018-08-17 16:56:00,2018-08-25 15:36:54,2018-08-21 00:00:00
a2ae845d7d4ef0baf31d017fe7979483,31304d07af393406ff55aa71d5be1014,delivered,2018-08-21 12:20:19,2018-08-21 12:30:47,2018-08-23 14:24:00,2018-08-24 19:36:33,2018-08-27 00:00:00
09f7918cf38caeef665ddea1a74a6a5c,35189beb274359f6244b9b70af5cd87d,delivered,2017-10-03 12:08:42,2017-10-04 03:07:25,2017-10-06 20:29:41,2017-10-11 22:45:00,2017-10-25 00:00:00
811aa327b15973b2865ec0e0ede70374,226b95c7c8f8587f805a7c0c809e5170,delivered,2018-05-07 21:21:35,2018-05-07 21:35:20,2018-05-10 14:28:00,2018-05-11 23:00:10,2018-05-18 00:00:00
2d2084741ee31a371ffe0b838051d0dc,1a66bf0ca8926c664ad542e9d551805d,delivered,2018-02-20 09:36:18,2018-02-20 10:07:34,2018-02-22 20:42:33,2018-03-26 17:42:49,2018-03-16 00:00:00
573a63f55da869597574d6ce4e1719a3,3b84c81b13c1c7278b099793e720998f,delivered,2017-04-09 19:12:02,2017-04-10 19:10:13,2017-04-12 11:49:47,2017-05-18 14:29:40,2017-05-23 00:00:00
07bcb0695fd4e3121e2fae21fbef3d28,4b63383d57d7b45e8c7df93cdbc5029d,delivered,2018-07-25 14:38:30,2018-07-25 14:55:10,2018-08-01 16:27:00,2018-08-03 16:56:38,2018-08-14 00:00:00
ff09be38535fa5ed89ee63099283986c,293d581356f81c157e068d7847251726,delivered,2017-07-24 22:16:59,2017-07-24 22:30:11,2017-07-26 10:47:41,2017-08-10 11:40:10,2017-08-15 00:00:00
0fb5c1eed567a130668d5f2797413053,359fa6ba39e8c2627b3a5ebf64df6e34,delivered,2017-05-22 17:41:39,2017-05-22 17:55:13,2017-05-25 10:43:07,2017-06-14 16:26:41,2017-06-28 00:00:00
1e91914c9706a5d4665b8c5a6294b107,fcaff30609f39ee3b27f1e686b036ff6,delivered,2018-04-18 20:45:20,2018-04-18 21:11:09,2018-04-20 02:16:40,2018-05-14 13:03:26,2018-05-17 00:00:00
4505e46acb9311ffa4d1ee953432fd61,d45f20057bafb3da1c0b404a76da42c9,delivered,2017-06-16 00:23:34,2017-06-16 00:45:24,2017-06-16 18:44:46,2017-07-04 15:21:38,2017-07-14 00:00:00
9eb075cc33882ff5997d289a55aab488,4951ae40c746cbd07eecef33fc053e89,delivered,2018-07-28 09:06:39,2018-07-28 09:24:17,2018-08-01 12:42:00,2018-08-16 15:34:49,2018-08-23 00:00:00
58ce513a55c740a3a81e8c8b75e2582a,530d41b47b9dda9bc6f31d856f11a527,shipped,2017-07-29 18:05:07,2017-07-29 18:15:17,2017-07-31 16:41:59,,2017-08-14 00:00:00
aa62ed0f229f8631e59c8b849621124b,a7cf3a94b9f48cade9a9e38fa3fffee4,delivered,2018-01-31 00:47:06,2018-02-01 03:15:40,2018-02-07 22:33:01,2018-02-20 21:43:10,2018-03-06 00:00:00
2beb9e7414f552d6f876c5b9efbfe2be,66d0ddbc2448544e0e546a0dccb782f9,delivered,2018-04-15 21:31:42,2018-04-17 06:11:29,2018-04-17 21:40:54,2018-04-24 21:05:52,2018-05-14 00:00:00
26c4ac9998f72d4fcdca3c6e27089f1b,23ea7968e6b9cd4226e24393bcb1c43b,delivered,2017-10-04 20:20:54,2017-10-06 02:14:35,2017-10-06 13:22:59,2017-10-26 18:40:02,2017-11-07 00:00:00
6f814df1f550b59cabbed26b26a96e69,1c8128cc073f8a70e41ea25abcd96e50,delivered,2018-05-02 14:43:04,2018-05-02 15:00:18,2018-05-08 11:48:00,2018-05-16 12:41:00,2018-05-28 00:00:00
124282aeb36f71699a910e0670c08769,77089f53d5c42c03dc08dad99b373989,delivered,2018-06-04 21:09:34,2018-06-06 03:11:05,2018-06-07 13:27:00,2018-06-15 18:58:54,2018-07-13 00:00:00
7f3a98ba983d8671d25c8cbcae5e9ee1,fa26a55a2ee9fa2fd44b421a6e41e153,delivered,2017-04-17 19:55:27,2017-04-17 20:10:15,2017-04-20 11:04:10,2017-05-08 08:04:04,2017-05-17 00:00:00
c13a287f74c4fa0c3cda18cdba8252b5,0192b93a11b1f588d6f19888b82d02bf,delivered,2018-03-11 12:01:35,2018-03-11 12:10:59,2018-03-12 18:55:22,2018-03-28 15:14:48,2018-04-02 00:00:00
b3312a188dae0d167f15c025aab9852a,24c75f9811e066333bad50ce22419e1c,delivered,2017-07-13 15:13:15,2017-07-13 15:25:32,2017-07-13 20:29:19,2017-07-19 17:58:54,2017-08-04 00:00:00
eb8f24cf4aa474bfe99c062aff65c4c9,c93425583027046f9893dcd578aa6e22,delivered,2018-03-15 15:11:08,2018-03-16 03:25:09,2018-03-20 01:18:45,2018-03-20 17:43:38,2018-03-27 00:00:00
60de67cf35d9303bbbb7b559c9eadc84,f34a489042f2031d3ab7cafb7903f2f8,delivered,2017-10-17 22:20:59,2017-10-17 22:35:23,2017-10-27 21:37:36,2017-11-06 21:17:51,2017-11-08 00:00:00
03211eda276999d5eaa8a167a4b6286a,a1c4fffd5de4478c21989bd29f9a4aa4,delivered,2018-06-22 18:47:50,2018-06-22 19:19:09,2018-06-26 14:23:00,2018-07-05 14:11:38,2018-07-20 00:00:00
fcfd2d9dca1b759a8838eac01a9ce2eb,c5ea7eaffd9007a6eb4f4ec61f705def,delivered,2018-08-06 21:06:19,2018-08-06 21:15:27,2018-08-07 09:44:00,2018-08-15 22:04:41,2018-09-03 00:00:00
0d19bf95af32b57fe7835825f4b0fb3a,f533b752d5b1602dfc7d6b5135eb313e,delivered,2018-05-22 22:32:01,2018-05-22 22:56:07,2018-05-23 14:49:00,2018-06-06 18:19:02,2018-06-06 00:00:00
8803154001f5f8c27c7a8854ff1832d3,0aa7617bfe67793528a4ea111f8a8d15,delivered,2018-07-28 13:47:35,2018-07-30 15:55:21,2018-07-31 13:30:00,2018-08-07 16:52:27,2018-08-16 00:00:00
5346bcb22a18bec5bef1184fc6ce4948,1481cf5f02418d2ba16f2ded358c1c2c,delivered,2018-02-22 13:48:46,2018-02-24 02:51:14,2018-02-27 17:39:00,2018-03-12 15:21:53,2018-03-19 00:00:00
c3125124ed3dad68e667a2f7807e3e1c,28034fcbb40d61224503867d6c1396ee,delivered,2017-09-25 13:09:01,2017-09-25 13:24:43,2017-09-26 21:12:51,2017-10-05 19:46:40,2017-10-10 00:00:00
143bfc6b9cf902d763549e6764121aaf,ec7529362d2858e7a58c5f4f7f63b999,delivered,2018-05-15 22:50:56,2018-05-16 22:55:49,2018-05-17 15:36:00,2018-05-24 17:14:33,2018-06-06 00:00:00
49ca036c28f05c435aa83b00e220efd9,15074bf19189089f296f3016dc640cbc,delivered,2018-04-10 22:34:54,2018-04-10 22:52:36,2018-04-12 19:04:49,2018-04-19 17:08:49,2018-05-10 00:00:00
5d300afae7f792b2a15b92b523a65a8f,4970cda49cb6e78d40d9316b5e8e6d87,delivered,2017-02-13 16:12:43,2017-02-13 16:25:09,2017-02-14 10:58:44,2017-03-01 11:16:06,2017-03-24 00:00:00
2d3ee63d21894eb0e7c3879fa3f9b0d1,60df88bce5b9d9a75cc72356d94cb803,delivered,2017-11-16 12:39:26,2017-11-17 04:10:39,2017-11-17 19:22:03,2017-11-21 19:32:44,2017-11-29 00:00:00
8accfc040e66d8b4eac1ce4321c40911,9d3247c9ba072a69095e08c07dfd1341,delivered,2018-06-04 19:51:43,2018-06-05 19:54:55,2018-06-06 15:27:00,2018-06-08 15:52:46,2018-07-05 00:00:00
6f23c3c5a508f83e3068eb9f6d16d4b1,15b99f656b8a2b6a316dbe3b45c671ea,delivered,2018-03-17 15:41:13,2018-03-18 15:35:25,2018-03-20 01:56:36,2018-03-27 21:12:07,2018-04-11 00:00:00
0ef8970186aa8eab14d04be4eda9407a,abef5bab88d8303f981860d036d2ebcc,delivered,2018-03-05 21:47:34,2018-03-05 22:08:47,2018-03-07 13:41:25,2018-03-19 15:18:58,2018-03-26 00:00:00
500368690d38fbc1b8ceaa8c0b05e456,e38e5708b32bb082b4d7577236505a87,delivered,2017-02-14 20:40:52,2017-02-14 20:50:18,2017-02-15 08:26:12,2017-02-23 12:42:27,2017-03-21 00:00:00
1d942a0debeb43eee8a316c245b9cc34,edea86bf4ed0cf235954acce2327f71d,delivered,2017-09-16 11:15:51,2017-09-16 11:30:11,2017-09-19 20:33:54,2017-10-02 20:43:47,2017-10-05 00:00:00
8ffefeda31ab0d9c7c8b732ea9e1330e,80f2d28c54c8a5611e5109bcbbd63490,delivered,2018-01-08 14:16:01,2018-01-08 14:28:02,2018-01-09 17:19:47,2018-01-11 16:08:32,2018-02-01 00:00:00
41d91684460f5c59c96272f53bc14fa2,5cfc3b340e44b2681d5091504aa8caa5,delivered,2017-12-03 12:58:56,2017-12-03 13:13:09,2017-12-05 22:38:50,2017-12-26 17:35:58,2017-12-27 00:00:00
8b9869c224811a696cf8d65ebeb40c8a,e1d4edae73206177f7f95b5417066584,delivered,2017-12-26 18:33:00,2017-12-27 04:09:48,2017-12-27 16:34:12,2018-01-04 17:42:06,2018-01-24 00:00:00
797cbe6650a540e0515a523152c7f868,615063e4a4d4fc2ef9cda7c7358e2d4e,delivered,2018-02-08 13:38:14,2018-02-10 02:49:48,2018-02-14 16:38:56,2018-03-02 22:54:01,2018-03-06 00:00:00
a3b803010363e5ad20664a8853b1056d,572f96319eccafe8072a7a3906516d94,delivered,2018-06-25 23:18:46,2018-06-26 00:57:41,2018-06-26 12:03:00,2018-06-28 16:51:05,2018-07-16 00:00:00
5cb4fa11d9f8e1c1dbff3ac693ddcbf5,8d85bd22891af8adf0c471b68d6bf808,delivered,2017-04-23 20:56:12,2017-04-23 21:05:18,2017-04-25 09:13:53,2017-05-11 16:12:21,2017-05-18 00:00:00
ab37728868ab54d404aeb0398696940d,7c0a2b85cde9635f2d029375a1074816,delivered,2018-04-04 22:18:33,2018-04-05 22:10:15,2018-04-10 00:42:39,2018-04-17 16:12:54,2018-04-30 00:00:00
70f565643fc6912f8cd3a42456be82a2,6d87b4409fa0b68dc46d488a42439bc0,delivered,2018-07-25 10:31:43,2018-07-25 10:45:13,2018-07-25 15:37:00,2018-07-28 13:25:44,2018-08-13 00:00:00
dcaed4b4cf1c609025ab617862cc869d,3ad431a9d09bcd4b300f4ec8c8c371e6,delivered,2017-08-15 22:19:18,2017-08-16 00:50:19,2017-08-16 18:03:56,2017-08-23 22:52:33,2017-09-06 00:00:00
58274272cfde0e71c0ee61eaee5a60e1,b9cac70fb717faca4acaca1b59ba4e44,delivered,2018-08-14 22:35:01,2018-08-14 22:45:13,2018-08-24 15:36:00,2018-08-28 00:19:37,2018-08-23 00:00:00
ef041ca26484a13a31e77758edcf34c5,3a4b9798c717317e477801fcb2f1cb38,delivered,2017-09-28 07:50:58,2017-09-28 08:07:12,2017-10-05 21:59:52,2017-10-20 20:08:37,2017-10-25 00:00:00
92d79acdfb2573ac9a4560ae039355d3,0234b5cac2c4d895fdb1ef8d2956c84d,delivered,2018-05-31 16:39:30,2018-05-31 16:53:21,2018-06-04 15:04:00,2018-06-07 20:39:41,2018-07-04 00:00:00
2b4509bf2ed25bb2181a5279f8a4123a,755c9654771837295c90ed693c1dfc19,delivered,2018-08-15 21:28:03,2018-08-15 21:44:05,2018-08-16 14:18:00,2018-08-24 17:48:44,2018-09-19 00:00:00
1968d312d61f3cd40b17ca0846ae3e90,8d397f2b636a37d80fe6a2c327cc7d43,delivered,2017-05-14 20:24:01,2017-05-14 20:35:13,2017-05-15 11:36:11,2017-05-24 09:53:28,2017-06-14 00:00:00
a58e64aaf179aee88af27f932d4da7b2,580a64317ff5a9b53fa9599097ebe654,delivered,2018-05-02 10:49:54,2018-05-02 11:13:54,2018-05-03 16:12:00,2018-05-08 00:41:49,2018-05-24 00:00:00
6854fffdfe70d857523100e4364518d5,51874468901543b327963cf39127a2ad,delivered,2018-06-25 11:38:23,2018-06-26 09:53:03,2018-06-26 13:43:00,2018-06-29 15:43:35,2018-07-11 00:00:00
fa91e7e50fe0b08ee650cfece2a86c22,8fdafdac83e635a280d3d86ca5f68611,delivered,2018-05-01 11:52:33,2018-05-02 11:15:12,2018-05-03 14:42:00,2018-05-05 01:05:02,2018-05-14 00:00:00
84aa7bb89246c45bad952b8904e0337b,3093237e466fc270d23cfcb6732ed83c,delivered,2017-04-16 22:19:23,2017-04-16 22:30:20,2017-04-17 11:53:01,2017-05-03 10:44:47,2017-05-08 00:00:00
c6d53b50b9624bf6575b96607dd5b109,a602f08085718b73d296d7af2a7e5916,delivered,2018-05-20 23:30:39,2018-05-20 23:50:20,2018-05-22 12:26:00,2018-06-18 20:46:56,2018-06-06 00:00:00
8ee530ebcd1df2efa8f0f5b08ef3beb7,a2f887a154a4978b280e0430deed9d05,delivered,2017-10-10 22:25:06,2017-10-12 03:00:11,2017-10-13 20:36:54,2017-10-24 20:52:19,2017-11-09 00:00:00
807ee7a2d983c4e157f8929c5e106ddf,177522b2e82f2058eeb31df85a106f28,delivered,2017-04-27 18:20:58,2017-04-29 02:45:23,2017-05-02 18:31:09,2017-05-11 09:11:58,2017-06-30 00:00:00
6cf76644c711a9290b56193c43685a77,bcd146ad0529dbed88048c6bb5397ff3,delivered,2017-04-25 14:17:44,2017-04-25 14:25:15,2017-04-25 15:01:50,2017-05-02 11:56:33,2017-05-19 00:00:00
b9b288cdc42a600d0a460dcb92865e4e,21ca1a2e14168f027c558201ebda6528,delivered,2018-02-28 16:20:42,2018-02-28 16:35:40,2018-03-06 22:42:29,2018-03-08 18:18:57,2018-03-27 00:00:00
c626db29ab3699e67c95a88bb63aa471,e1c4ffcfe541eafef20ba795b776a613,delivered,2017-08-17 23:03:15,2017-08-19 09:45:15,2017-08-22 17:54:04,2017-08-23 17:22:47,2017-09-12 00:00:00
9d92d6b679a62c069b6c7d7ecc1a4b90,1e66da1469bc3ff123127f2f299c3d69,delivered,2017-11-17 13:15:06,2017-11-17 13:55:23,2017-12-05 18:27:06,2017-12-18 16:41:43,2017-12-11 00:00:00
0ccc4bf75e4ae3839f210bd0381c964a,06a41c2a3c926fc7b680fbf3d3589a4d,delivered,2017-11-29 10:14:34,2017-11-29 10:30:27,2017-11-30 14:48:59,2017-12-11 20:07:17,2017-12-20 00:00:00
46b3e34b2fe9e7cb16d75fca93aaa180,47c710720f6d36fbdf35a01adc90e221,delivered,2017-11-25 16:11:30,2017-11-25 16:32:38,2017-11-27 21:13:23,2017-12-04 16:14:58,2017-12-26 00:00:00
5ba2971983dbd7066539c01bcaad029d,4cfac0916604de1a7014976efb0548a8,delivered,2017-08-23 12:17:57,2017-08-24 03:15:43,2017-08-25 20:07:53,2017-08-29 15:58:57,2017-09-14 00:00:00
94fe39bee80c1c3079352b97adba095a,3926adbfbecd9bc9746045fa0fd01519,delivered,2018-01-18 15:07:51,2018-01-18 15:18:27,2018-01-19 21:13:13,2018-01-31 22:06:03,2018-02-16 00:00:00
1087c248afded2f1d5c0a0a760e34695,641e9c515a78e13fbe53f7470e52a663,delivered,2018-04-09 14:48:04,2018-04-11 05:50:17,2018-04-11 18:38:39,2018-04-23 15:53:53,2018-05-04 00:00:00
9ea29024f36561184f0253cccb1b3fc7,9cf59d7ac388b59fe805de855de08c69,delivered,2017-05-30 14:36:44,2017-05-30 14:50:27,2017-05-31 13:07:43,2017-06-09 09:22:20,2017-06-30 00:00:00
938de98c1b6d50724e3819cab940c36a,11d4a055ba1cbf1b63ad4d0bdd30934b,delivered,2018-01-03 22:09:24,2018-01-03 22:19:30,2018-01-09 21:25:53,2018-01-16 20:54:43,2018-02-06 00:00:00
0a45ff140fcaf02e1b09ca845b0ebb13,57fd872e13a43d2832a5727837bc800b,delivered,2018-02-04 19:14:58,2018-02-04 19:30:20,2018-02-06 00:38:44,2018-02-07 20:36:34,2018-02-21 00:00:00
0e2ea0c260680ee673cef326f5fdd088,39c2caab4766cb59747988222842b0b3,delivered,2018-03-05 19:59:11,2018-03-05 20:15:32,2018-03-06 20:18:46,2018-03-21 00:45:02,2018-03-26 00:00:00
4d7b93709f08f674ff9d2185fd811cf9,3e2d140f0acbb3da83a30d59fb0f805c,delivered,2017-01-31 17:11:49,2017-01-31 17:25:14,2017-02-01 00:00:29,2017-02-07 14:06:10,2017-03-15 00:00:00
2939b6d48c2488e276205bc547c56aac,6efbee10da96b631dcd2c0f3dcfccbd1,delivered,2018-01-04 17:32:20,2018-01-05 02:38:00,2018-01-09 17:35:49,2018-01-11 22:43:31,2018-01-22 00:00:00
c1e2bf2b7dd3309f2f5356c6b63968fa,e37d47e7eec62f08dc5deecc7d5532d6,delivered,2017-02-10 10:19:10,2017-02-10 10:30:13,2017-03-02 17:34:26,2017-02-14 15:15:57,2017-03-15 00:00:00
64a84bc3bb67d3a25cbc2d744eb2968c,ea1f7bb81ed4f141540bf434ef141f42,delivered,2017-05-16 13:56:23,2017-05-16 14:05:23,2017-05-19 13:40:52,2017-05-23 11:13:52,2017-06-05 00:00:00
96ad8ef0669dc53c0830b44376e975f5,71eccffe659a733fbdaf0ca49a9d1b37,delivered,2018-07-01 11:07:54,2018-07-01 11:15:17,2018-07-03 11:50:00,2018-07-10 20:02:45,2018-07-25 00:00:00
5377d92bf883c16eea93ee9625f3190c,1bf7076a50821623df388f22ead99764,delivered,2017-12-15 14:17:23,2017-12-15 14:33:19,2017-12-22 20:52:23,2017-12-27 19:49:13,2018-01-10 00:00:00
e8114ebb6eae4aff63282fef68ad6a4c,238dfa907df715b7d899027fb5e01316,delivered,2017-12-22 22:13:26,2017-12-22 22:30:32,2017-12-27 18:35:12,2018-01-05 20:10:24,2018-01-19 00:00:00
0e1bd6280d543519379a15614783b9fe,a87c62f5866a4732f56ab5c819317f9e,delivered,2017-03-27 15:50:37,2017-03-28 16:02:37,2017-03-31 10:12:45,2017-04-19 10:37:54,2017-05-02 00:00:00
ee9f3d0f79a91c7ea3153483af83ac3d,8c6c946f51aabd5309eef335831a9d85,delivered,2017-10-19 21:07:38,2017-10-19 21:27:54,2017-10-25 17:18:52,2017-10-30 17:57:47,2017-11-09 00:00:00
4d653190f205f16928ee12a80b571a8b,ce84a70ed03758979ab282873087aa06,delivered,2018-01-24 10:30:43,2018-01-25 06:15:16,2018-01-27 00:16:35,2018-02-16 17:25:29,2018-03-01 00:00:00
c0aa7b8e7596f25711073d95e0dbbec5,fa5689be033065ccb7e05f37958daacd,delivered,2018-08-18 13:20:33,2018-08-18 13:35:12,2018-08-20 14:33:00,2018-08-23 21:19:32,2018-09-11 00:00:00
02748e01a6356d0e5072ac06f4dd0bc4,438df7b1a12e7eb43f99b35531167e0a,delivered,2018-06-04 21:38:25,2018-06-04 21:53:21,2018-06-06 13:35:00,2018-06-14 01:41:48,2018-06-28 00:00:00
37ddd5dd20d5259555dc5c1801039b7d,fbc52509a4028b608472c6b923136fc9,delivered,2017-02-14 16:43:13,2017-02-14 16:55:14,2017-02-17 09:54:11,2017-02-23 09:25:58,2017-03-23 00:00:00
88822075f4a40a08341559346c171018,e0b0809fbdc11e448ee71e40402ee734,delivered,2018-05-09 23:16:53,2018-05-10 16:58:41,2018-05-11 15:50:00,2018-05-17 12:59:01,2018-06-08 00:00:00
3413eb8515318f34dd2984e1b4b301fd,30fb0bd8a8a4c9d315bbaf6bd295581f,delivered,2018-05-04 08:41:08,2018-05-04 08:55:26,2018-05-04 13:57:00,2018-06-12 12:32:08,2018-05-30 00:00:00
8a2914855b65c59992d45f1b611388ea,1047d587287fb7710763586802c0c256,delivered,2017-08-07 21:06:36,2017-08-07 22:04:10,2017-08-08 17:32:35,2017-08-14 18:52:00,2017-08-29 00:00:00
8f36df2bc6e5ad22c4b9a86b42da5cd6,cbe6a717d37978ec85d8b6c08cff47e9,delivered,2018-06-03 21:23:53,2018-06-03 21:51:17,2018-06-05 14:46:00,2018-06-06 17:58:46,2018-06-28 00:00:00
66d6e2c96b28f2e7c260b7e009d421df,4b20ef1b23a5b7a27a4ba54dee35a078,delivered,2017-06-10 00:05:17,2017-06-10 01:10:29,2017-06-12 10:58:54,2017-06-27 08:32:08,2017-07-13 00:00:00
649c4145bbf6cdb7b096afa02bf5e299,c0703d9275d93c6138c769adff0a4da2,delivered,2017-09-16 16:37:48,2017-09-16 16:45:37,2017-09-18 14:48:11,2017-09-28 20:27:40,2017-10-13 00:00:00
8ea7aebc18842332aad5f41ca74b334c,349509b216bd5ec11c5fae929fd13595,delivered,2017-04-01 15:58:41,2017-04-03 13:25:19,2017-04-11 14:42:25,2017-04-17 14:36:23,2017-05-09 00:00:00
9e8c40945ca99090d64646771fb19a6d,02de82179d94624708a8832cb0c97a1f,delivered,2017-12-31 13:49:49,2017-12-31 14:11:23,2018-01-05 17:42:24,2018-01-16 14:23:43,2018-02-01 00:00:00
bfca565035711cdb02880c530c383872,f6bf07a73ad7c17791a5fd4c33c9b8f9,delivered,2017-03-23 20:18:15,2017-03-23 21:22:48,2017-03-28 09:07:20,2017-04-06 14:27:46,2017-04-19 00:00:00
8cca5f9f04056cb2d8abb9b845e89b62,7573237856d19beef367370dd2285f37,delivered,2018-05-12 07:21:13,2018-05-12 07:35:42,2018-05-14 14:59:00,2018-05-18 20:44:31,2018-06-04 00:00:00
07242ddf6ad8487cbbb700fd9ca45906,d05a2fc75287e80ba6aa6c9958d2abb2,delivered,2018-02-25 19:54:16,2018-02-25 20:08:16,2018-02-27 23:53:22,2018-03-26 23:42:16,2018-03-22 00:00:00
802d0f108d32ef094401c8cd4e965680,2ca6c5097107f90390b8798977b97c1c,delivered,2018-05-22 23:01:12,2018-05-22 23:17:56,2018-05-23 13:01:00,2018-06-04 20:47:42,2018-06-11 00:00:00
9a1fd7b63a47bfa545b120cece07526d,bf0e63f7c254834e195f0eb9ffc03681,delivered,2018-01-28 23:40:13,2018-01-30 00:04:59,2018-02-02 02:41:50,2018-02-15 16:53:17,2018-03-01 00:00:00
89d8e27be3cad1ed7780fd7838ef2b0d,5ee58011648c4a85365707950e4d7925,delivered,2017-11-06 21:11:45,2017-11-07 05:31:27,2017-11-07 19:57:12,2017-11-14 21:37:58,2017-11-24 00:00:00
5d681b5588723aa46f699b097a563a60,16b16dc22deb83d29f64a941d0382435,delivered,2018-07-01 01:04:05,2018-07-01 02:10:16,2018-07-02 23:12:00,2018-07-04 13:38:01,2018-07-16 00:00:00
08915f902759876fcac1ccf9bbc966cf,fb83c8cb9ecf4b1cbf1c4f56795d91f2,delivered,2017-08-18 20:41:08,2017-08-19 12:30:21,2017-08-21 13:33:32,2017-09-01 21:24:49,2017-09-22 00:00:00
be844f368fa6d0d3ea9f81f72d668b67,b4b9a82533213cf286475d51c421640e,delivered,2017-07-06 19:51:35,2017-07-06 20:03:36,2017-07-12 18:03:30,2017-07-21 19:42:05,2017-07-28 00:00:00
99ced390cb3920dd78d289dcddfc6ce4,722faefed2a13f6521b5b1af3aa04087,shipped,2018-01-14 20:36:48,2018-01-14 20:49:11,2018-01-15 15:37:18,,2018-02-16 00:00:00
fd910e1bec44f27b8680a01c7a5e377c,860b1d9e8b261a7ec7cbe827d7cf3aa2,delivered,2017-08-19 12:17:36,2017-08-22 04:32:06,2017-08-25 20:32:43,2017-09-02 12:41:31,2017-09-20 00:00:00
1ccabc4484a32c4c369b21c05cf03fbe,f4351b806df6ba3f5c1d0453de0d3b7c,delivered,2017-11-12 23:23:45,2017-11-12 23:30:33,2017-11-17 13:45:03,2017-11-30 12:48:46,2017-12-14 00:00:00
2a9d70160f5851dffc39e01a5486fb62,bf06992fd27d8a0a950104151b8ca61e,delivered,2017-02-07 09:07:17,2017-02-07 09:23:11,2017-02-10 12:09:13,2017-02-14 13:49:03,2017-03-14 00:00:00
6396a9281831158e4cdc8eb76ac7601a,b92a5d9d79af87f5bc497bda2873a462,delivered,2018-07-20 13:42:08,2018-07-20 14:05:17,2018-07-26 14:23:00,2018-07-30 16:55:41,2018-08-09 00:00:00
ab6c966d2edc2a1f9b49337511fdc87c,f8af1d4f3f5a4beb260c5ffecdcb478c,delivered,2017-05-31 15:14:10,2017-06-01 03:55:17,2017-06-05 12:52:55,2017-06-06 14:38:18,2017-06-14 00:00:00
fdaf0fd938efa36f6b32471ef6b7e63f,0d96a1fb32c4c68e63245cbdbe523457,delivered,2017-03-28 18:37:40,2017-03-30 02:15:24,2017-03-30 16:25:25,2017-04-05 16:07:35,2017-04-19 00:00:00
11e1ed3bdff66e40249e686b93e657ba,7934be0941e6d506eb37c1daa97c56d7,delivered,2017-04-13 21:06:38,2017-04-13 21:15:15,2017-04-17 08:33:29,2017-05-08 16:51:52,2017-05-11 00:00:00
847ccc5f89e0b4539959c0d02d548b88,b2b799d3bc4d74ecc801e25d46644327,delivered,2018-07-31 19:28:52,2018-07-31 20:04:06,2018-08-02 15:32:00,2018-08-03 19:21:21,2018-08-07 00:00:00
adafec3176fb473c2f0ad1d92154630f,f0438deadf42972eb27bf32bbd0ccfa8,delivered,2018-06-10 14:03:57,2018-06-10 14:16:40,2018-06-11 15:22:00,2018-06-12 11:18:44,2018-06-20 00:00:00
d0b370edbe33be9a8b8eb1e6c526984d,23e838b7e63651d981ace7ce4833bf84,delivered,2017-07-31 21:54:46,2017-07-31 23:42:57,2017-08-01 15:07:13,2017-08-07 19:26:35,2017-08-22 00:00:00
2f8eae41d935a729065d6b24ea0eebc0,c49fea04c1fb3dbf6e5e35226b5efcf6,delivered,2017-08-18 12:27:22,2017-08-19 12:25:08,2017-08-23 06:52:22,2017-08-25 19:51:37,2017-09-08 00:00:00
cadebf635daf8de3edf4ca3a162433ec,7ee0952c8c02af4f93762c21ddb66607,delivered,2018-05-09 11:34:06,2018-05-09 11:51:21,2018-05-10 13:58:00,2018-05-18 18:06:30,2018-05-22 00:00:00
f0ffa7b0eb3d20f79c53411956471769,974683297757fa8bd7d66ffbf98bc520,delivered,2017-06-09 11:25:54,2017-06-09 11:43:08,2017-06-09 14:37:40,2017-06-21 15:52:03,2017-07-13 00:00:00
1efe916e0147732877ae7c2ae6a245ba,19ba1ad275a13a70eb4d745c95647a78,delivered,2018-04-24 14:39:42,2018-04-24 18:16:16,2018-04-27 14:23:00,2018-05-10 16:54:43,2018-05-18 00:00:00
a7224f3edaeba1830d4f98b1df4bbbf7,a49a1539074f5f5603dbb8f310eef69e,delivered,2018-07-09 13:08:45,2018-07-09 13:25:05,2018-07-18 13:45:00,2018-07-25 01:04:56,2018-08-06 00:00:00
9ee53d821aec1c97d5b1514199c74c27,c78a0848edc376b5bf05f22ad093aa0f,delivered,2017-02-02 12:37:02,2017-02-02 13:01:36,2017-02-03 16:39:10,2017-02-13 11:24:46,2017-02-27 00:00:00
01dfa7b5bb8dcd546273e480c27043bc,6a9b5719c17e4f44e30d33c298c0739e,delivered,2018-04-27 10:01:33,2018-04-27 10:15:31,2018-04-30 15:24:00,2018-05-09 18:42:54,2018-05-16 00:00:00
d95551ac89d6513a7df861906c4f40ca,4c68ac94ddcf13e92380e40b5d56d2e4,delivered,2017-07-19 23:33:55,2017-07-20 07:15:13,2017-07-20 19:12:16,2017-07-21 21:23:27,2017-08-01 00:00:00
bdeeea2fc303da3546a2ed06740d57f9,a57ca220adc4f32aed85f2faa734f3eb,delivered,2018-03-13 14:46:52,2018-03-13 14:55:37,2018-03-14 19:28:53,2018-04-03 16:34:50,2018-04-13 00:00:00
06b29dbcb820a53c15525933a91ada27,0ef6c3eb9b6225c4e6e938b4d1016713,delivered,2017-10-16 22:33:02,2017-10-16 22:49:29,2017-10-17 15:51:17,2017-10-19 21:53:52,2017-11-01 00:00:00
b973523974e2976383d50c875587531c,ea5744917d5a275155a8732c1c18e994,delivered,2018-04-26 20:25:25,2018-04-26 20:35:23,2018-04-27 10:41:00,2018-05-03 21:08:37,2018-05-24 00:00:00
58d34816de3da57e9e07d7b34aced1b8,b821d548247d9c319bd595260efe677e,delivered,2017-06-28 11:08:38,2017-06-28 11:15:24,2017-06-30 10:18:13,2017-07-06 17:11:46,2017-07-26 00:00:00
2844e37cb0577ea913df6ea748885344,43d5514759447766d2bd505eefad89d3,delivered,2018-01-10 17:58:03,2018-01-10 18:28:53,2018-01-11 21:05:01,2018-01-16 21:53:54,2018-02-02 00:00:00
18d4e6891576559aeaaef675e25d53ad,8ed3a953186a64ad090056ee27657038,delivered,2017-06-21 13:13:52,2017-06-21 13:30:18,2017-06-27 14:57:26,2017-06-29 17:32:54,2017-07-13 00:00:00
7d23dea62e7241762a980fbe316ff0f1,b6865a026e2cc18c57cb343b012f0cbd,delivered,2017-12-04 19:49:29,2017-12-04 19:58:25,2017-12-06 12:37:05,2017-12-15 16:18:53,2018-01-02 00:00:00
5e0140671ad91ce830fb2b33a3210d1b,8c045d0442a9354cfc68a056c51a817b,delivered,2017-09-20 08:59:00,2017-09-20 09:15:14,2017-09-20 18:44:52,2017-10-19 22:47:35,2017-10-16 00:00:00
4a78f9fe9c743a66531a6063ec8a46db,9c5f1d09799f8e43199c6a90d8d89ca4,delivered,2017-04-25 16:36:14,2017-04-25 16:45:15,2017-04-27 06:56:09,2017-05-12 13:47:58,2017-05-26 00:00:00
df5cc31d446df3719dde958e4f9dd5dc,babdd387394b20e5cb5c015bbfadc9d8,delivered,2018-08-04 21:15:44,2018-08-04 21:30:14,2018-08-07 14:37:00,2018-08-14 22:21:39,2018-08-27 00:00:00
92026f2f1b805cb9d6b1ce692ee38313,8b248b11dba02be9728a5a80ab3f4081,delivered,2018-06-12 13:05:30,2018-06-12 13:25:28,2018-06-15 16:33:00,2018-06-20 16:58:46,2018-07-05 00:00:00
b096b46ef5b2eababa4ceafb529f4881,1fcaab1a7e0c3df486dc409ac3216123,delivered,2017-10-25 16:40:50,2017-10-25 16:50:02,2017-10-30 22:09:11,2017-11-13 18:38:46,2017-11-27 00:00:00
fe4e52536814275494989d5f8427b484,71a350f57570c6963201ebe7e38b9e6c,delivered,2018-01-15 12:57:40,2018-01-15 13:10:38,2018-01-17 20:07:06,2018-02-18 19:37:04,2018-02-07 00:00:00
054316a4a3afc149108b6b1431d11274,f22c368483fea4ae42665976c5e5bdd3,delivered,2017-07-21 08:50:38,2017-07-21 09:02:54,2017-07-26 15:53:49,2017-08-02 21:05:03,2017-08-14 00:00:00
9f1c82ad0dd23c77d357787af9920195,612701fbf6924171d1968e9cf7f53e6b,delivered,2018-02-11 19:50:15,2018-02-11 20:56:23,2018-02-14 19:08:33,2018-03-01 16:47:36,2018-03-06 00:00:00
9b70b4748090dafc923b60f9381d174c,03bcdec411d2d7119b11fd9e21299419,delivered,2018-01-11 01:14:14,2018-01-11 08:50:35,2018-01-11 22:42:25,2018-01-23 14:36:42,2018-02-08 00:00:00
000e906b789b55f64edcb1f84030f90d,6a3b2fc9f270df258605e22bef19fd88,delivered,2017-11-21 18:54:23,2017-11-21 19:09:02,2017-11-22 20:46:54,2017-12-09 17:27:23,2017-12-07 00:00:00
69cd806f54b86ec97dfbc6e717691e86,6974faf3955385817f89a280c51c2f46,shipped,2018-01-23 21:05:30,2018-01-24 21:36:19,2018-01-26 14:27:49,,2018-02-07 00:00:00
36cfe0289488f169d3269cea0496d66c,37158bf83b9f6eeadb5893a053a2971f,delivered,2017-08-31 18:39:54,2017-09-02 02:45:31,2017-09-04 21:47:49,2017-09-12 18:15:50,2017-09-21 00:00:00
2c76644ebdca47aa2d980e3b2714af13,b4467cd694e953f5a158868b25b78240,delivered,2018-04-17 15:12:46,2018-04-17 15:32:02,2018-04-19 19:21:17,2018-04-26 18:12:43,2018-05-09 00:00:00
aa8b6e3167ddb35c1f7fa63717f8cc37,d49e1e78905d7a74187639f1b28d534e,delivered,2017-09-25 12:04:33,2017-09-25 12:15:20,2017-09-26 14:37:58,2017-10-03 21:22:48,2017-10-17 00:00:00
7f922477f06db4ab69f6f173f439088e,ef019b3cc077faf03d999168daaf8d07,delivered,2018-06-06 21:47:57,2018-06-06 22:12:17,2018-06-07 15:01:00,2018-06-15 19:41:33,2018-07-03 00:00:00
74dc1c443804373ca86896a9b26a02c2,aabb0076dc8016bbc33dd9890b1cdafb,delivered,2017-04-11 12:45:57,2017-04-12 13:07:09,2017-04-18 16:48:25,2017-05-12 13:21:50,2017-05-05 00:00:00
87466e583daa1445bfc03e595265cdcb,f7071de1c71624c2284315426ecbff2c,delivered,2018-08-01 21:36:45,2018-08-01 21:45:15,2018-08-14 09:18:00,2018-08-16 00:20:35,2018-08-09 00:00:00
6a491833d437ece196bf4185e6748271,5c8411c4553f08e12c2a485122113417,delivered,2018-02-14 12:23:08,2018-02-14 12:35:32,2018-02-16 20:45:19,2018-03-12 21:28:26,2018-03-15 00:00:00
302a24de3b0c53d916a333a0ad6dce5f,a4084e7c34e378d0b7e211622e8b8b0c,delivered,2018-07-04 18:15:26,2018-07-05 16:11:25,2018-07-06 11:03:00,2018-07-11 20:42:27,2018-07-27 00:00:00
34225a124aef4e4ad2d5df2c52c57e1d,850a1df97338476bae10e875c6d671cb,delivered,2017-08-07 14:15:03,2017-08-07 14:30:06,2017-08-07 20:53:53,2017-08-21 20:14:31,2017-09-06 00:00:00
cda166f7dae2993118f807e7215c7faf,1dbb6a2e118d81461c712bdb93398726,delivered,2017-09-13 08:10:50,2017-09-13 08:24:42,2017-09-13 15:15:59,2017-09-18 22:49:56,2017-09-29 00:00:00
4e8c3b29f4bcb44200ab8296779d910b,f52048aa7c7272e8cf66d63f3e5957ce,delivered,2018-04-27 21:25:04,2018-04-28 19:33:47,2018-04-30 14:19:00,2018-05-07 20:12:51,2018-05-17 00:00:00
8ef12780aa1f3903b1d9ab621f69abfb,8ef3ac951609d325e4819c0184b3b397,delivered,2017-11-03 01:59:42,2017-11-03 02:10:22,2017-11-06 13:06:30,2017-11-13 19:03:58,2017-11-30 00:00:00
dc65d81323bb8febba04644a959a6fc6,1b1aeca72c529981a8939da6859c4db9,delivered,2018-02-08 16:32:21,2018-02-08 17:32:33,2018-02-09 16:52:11,2018-03-02 22:49:02,2018-03-08 00:00:00
185567188e9560063ce82e8a30f82e03,841991865fe44b9b4bb0519d9bc4557e,delivered,2017-10-04 10:10:41,2017-10-04 10:28:14,2017-10-09 21:36:01,2017-10-23 20:57:42,2017-10-27 00:00:00
e99bb46d32c47a666290f7c5928f7236,98bcaad4f40ea5c657778b435efa7c5b,delivered,2017-07-12 18:33:35,2017-07-12 18:45:14,2017-07-14 14:40:00,2017-07-24 20:36:52,2017-08-03 00:00:00
620ddc9fbe3e445676a8e71d4a830821,fffcb937e9dd47a13f05ecb8290f4d3e,delivered,2018-03-17 00:55:27,2018-03-17 01:35:21,2018-03-17 17:58:48,2018-03-21 19:24:46,2018-04-05 00:00:00
41592d2f13bff6d83152f39754f78552,d06700a6178066421f3bcc4e834926c4,delivered,2017-12-11 23:55:56,2017-12-12 00:29:06,2017-12-12 23:28:43,2017-12-18 22:09:29,2018-01-05 00:00:00
fb89dbec79bc8b1f0d12165058cb1cb3,9f26cf541e3e5cc2e1dafa5555cc78ba,delivered,2018-02-24 13:28:11,2018-02-24 13:47:36,2018-02-27 20:24:08,2018-03-08 19:44:28,2018-03-21 00:00:00
8b5a08df8e19cb41fe82bc319d30e0c6,9a655dd46cf75a4faf768fb889bd1b12,delivered,2017-03-05 11:42:44,2017-03-05 11:55:19,2017-03-06 10:34:36,2017-03-21 15:44:16,2017-04-06 00:00:00
2fa86775694fc9f2f7f5132b8109544f,3219b5c17ecc64d91344f6ded92a6e0f,delivered,2018-02-09 14:11:16,2018-02-09 14:29:18,2018-02-10 13:36:33,2018-02-22 03:06:20,2018-03-05 00:00:00
85dbef7e8d4c780110b5900a73b43556,4067ca2fbdff1cd37626acf984f56f4b,delivered,2018-03-05 15:56:18,2018-03-05 16:15:39,2018-03-06 19:15:22,2018-04-07 19:41:35,2018-03-21 00:00:00
9699c01a896c01b9cb591cdd6ad1adc3,dd2ee193b20b98224502484a26b61d66,delivered,2017-06-08 10:49:34,2017-06-10 02:55:14,2017-06-12 09:00:57,2017-06-23 12:11:40,2017-07-07 00:00:00
f6efef5d403a2c70636e3903f1ebd151,627b29f111e1f4c11daf1e83b8202cd5,delivered,2018-06-18 19:57:43,2018-06-18 20:36:35,2018-06-22 09:49:00,2018-06-28 20:50:59,2018-07-24 00:00:00
05bc55c2402923914487bf644d917ad5,3f00c5554323c1de1b010995f7bdbbd2,delivered,2017-12-01 15:17:48,2017-12-01 15:30:50,2017-12-07 18:44:45,2017-12-20 18:39:07,2017-12-26 00:00:00
21990fe9b5b40fd681da192e4594884d,2d428f584e3f831f770a1de54a30532f,delivered,2018-01-12 12:45:01,2018-01-12 12:54:35,2018-01-19 11:58:42,2018-01-31 22:13:29,2018-02-05 00:00:00
f5406ee32e8586e5a8834586c65c4187,1e4390f0fddd44b98a4c25f27009e1cf,delivered,2018-04-19 13:38:28,2018-04-19 13:53:48,2018-04-21 00:22:02,2018-05-04 21:51:34,2018-05-29 00:00:00
36af5b0b0ededbf6f30d1d809f05536b,7f4ca5e104cea64afdf3d68d84d4b520,delivered,2018-06-03 20:39:37,2018-06-03 20:55:27,2018-06-04 14:10:00,2018-06-08 21:24:26,2018-07-05 00:00:00
c2a3b4f6776c793ad0853b4076fda375,bce147fed31cc4142a6e6f9bfea690c1,delivered,2018-03-23 09:18:38,2018-03-23 09:30:37,2018-03-23 23:05:37,2018-04-02 20:28:39,2018-04-11 00:00:00
bc4df405798e78b26965a4b62efdebb7,2455a94ebab82b39829283f823a69bba,delivered,2018-03-10 23:00:59,2018-03-10 23:10:26,2018-03-13 15:38:33,2018-04-04 02:52:28,2018-04-06 00:00:00
5ae9bb819d9fe122f095fe919a408e17,aaa3dc5798a9cbd3a1234aeae3723740,delivered,2018-02-01 09:03:00,2018-02-01 09:15:35,2018-02-03 02:52:37,2018-02-21 19:08:11,2018-03-05 00:00:00
2c039eca196d1a548fd739e82713a1b1,211edf902a95b6f72c38ea7d669911d9,delivered,2018-08-19 11:28:18,2018-08-20 12:15:33,2018-08-21 12:36:00,2018-08-23 18:41:51,2018-08-31 00:00:00
1017e188d93cee2c3292c71a98dbec38,861728f9a0d9bfa588e238e30a20e278,delivered,2017-04-20 17:17:29,2017-04-22 14:41:15,2017-04-24 14:43:10,2017-05-03 12:36:30,2017-05-16 00:00:00
984d046c833232079162e22c7ef8c15d,6cdb70bd1221c6913ebb68b580713161,delivered,2017-01-19 10:33:22,2017-01-19 10:41:43,2017-01-20 13:57:33,2017-01-26 13:05:06,2017-03-01 00:00:00
92cac3c69ca34e5fa1b54e0fd64de09e,cfd0cf1de6eb6298cd8d89a662a96f76,delivered,2017-03-02 09:15:28,2017-03-02 09:25:16,2017-03-08 10:43:10,2017-03-15 08:07:49,2017-03-27 00:00:00
0e59758c67cf787fa8b8be982b41686e,1efa6313bceb1c18c02fa46f33c6ec77,delivered,2018-04-24 22:41:03,2018-04-24 23:29:53,2018-04-26 09:06:00,2018-04-27 20:17:43,2018-05-08 00:00:00
77cb76a3dbea0b781dfe09e6935f1bcf,11e80318a196fa414669dccb5bb03655,delivered,2018-02-02 16:37:27,2018-02-03 15:55:23,2018-02-05 20:08:52,2018-02-14 21:28:44,2018-03-07 00:00:00
5a0339c1df9cd94d7f04121e32f79ddc,6f33f5f3c71fe4426a272320145028e3,delivered,2018-02-20 10:47:14,2018-02-21 06:25:09,2018-02-22 15:39:02,2018-03-07 22:26:58,2018-03-13 00:00:00
838182c127d317f0eca3ea49a529146d,1b00a1649b55301c17b93fb2b0ae2dae,delivered,2017-11-07 10:46:50,2017-11-07 10:55:52,2017-11-07 18:48:46,2017-11-18 16:06:45,2017-11-30 00:00:00
405b235ca935c45dbff98550512b37d2,5928fad2f857413a13a6bb69e268a49c,delivered,2017-11-26 10:42:55,2017-11-26 10:52:30,2017-11-29 01:12:10,2017-12-05 14:59:18,2017-12-18 00:00:00
53a1210daacade25d3e5ba8c7119ad0a,e612b64b198a948389297313d7e9c568,delivered,2017-07-18 21:01:28,2017-07-19 06:43:05,2017-07-19 19:42:31,2017-08-09 22:07:31,2017-08-21 00:00:00
e2331d349b7b06c4d722196ca3cdb096,8223cced69cfc254c7f0946a0c08d6d5,delivered,2018-05-08 17:10:08,2018-05-08 17:35:06,2018-05-09 15:08:00,2018-05-12 02:08:47,2018-05-30 00:00:00
4b90aa110f5e0cb3e51453e858d17d03,e07ba807ef33bcc2cb7e25dbafdd6a61,delivered,2018-06-16 16:52:13,2018-06-16 17:18:03,2018-06-18 13:26:00,2018-06-22 14:38:22,2018-07-17 00:00:00
8f332ee6ffc2a01f7e78ae983f257379,520197ec7846ba49b688f810b5639b47,delivered,2017-10-10 19:43:03,2017-10-10 19:56:18,2017-10-17 22:15:31,2017-10-25 22:49:02,2017-11-08 00:00:00
f18209d8f562e6e43f73013f3e9aa40c,34497fb7afde431c36bfe5d62cb39716,delivered,2018-04-27 16:10:14,2018-04-27 16:32:32,2018-04-30 14:44:00,2018-05-02 14:58:40,2018-05-25 00:00:00
93cb3576b5e361f46b9a9f1720a3eb06,30e20b600c72408514e38306ffc7138b,delivered,2018-08-03 14:08:55,2018-08-03 14:43:54,2018-08-06 15:37:00,2018-08-07 23:18:41,2018-08-09 00:00:00
d28b75209a5e2bb2ef86b7eb3b81dd55,974a1d1df0ff8d4f9adb1e18bea7dc23,delivered,2018-01-08 09:40:25,2018-01-10 10:32:49,2018-01-23 11:41:43,2018-01-31 18:27:07,2018-03-15 00:00:00
b51636cb252c5b72813e83843f8f73d4,89be18e38f73e5fa754fb173d64a9bcf,delivered,2018-03-09 20:07:27,2018-03-09 20:40:22,2018-03-12 21:21:53,2018-03-16 00:32:16,2018-03-21 00:00:00
693571876f68cfd82ad0772a4fe8136f,25b47b76e47894309042c440d0b52481,delivered,2018-06-13 10:32:14,2018-06-13 11:00:14,2018-06-14 14:22:00,2018-07-03 20:12:48,2018-07-18 00:00:00
4f5c54be4162fc29637f7fc1237ba307,ba54e3c7e8c4307e4e9d01ca0192ecca,delivered,2017-07-06 13:04:57,2017-07-06 13:23:40,2017-07-06 14:07:55,2017-07-18 19:47:47,2017-07-28 00:00:00
5f89fe705a2983c0ebc6f95ebf671c1e,10d8755a2833889b456fa414433e8369,delivered,2018-02-25 00:34:29,2018-02-25 00:48:41,2018-02-27 02:17:48,2018-03-02 21:19:09,2018-03-16 00:00:00
ff6373dfa00603bd092cb8f6eef3349a,e4b19d0505e3d2d41745132438f0f31b,delivered,2017-08-15 22:55:20,2017-08-16 02:31:01,2017-08-17 17:18:39,2017-08-22 20:45:28,2017-09-11 00:00:00
13aa698f0d1ec97c9fa5dfad0639aa59,d9ee6ed88d9aca023cfc9aa1faccf57f,delivered,2018-03-21 22:05:47,2018-03-21 22:15:52,2018-03-24 01:08:33,2018-03-31 13:38:39,2018-04-13 00:00:00
44aa72f4eebc8c0ff7a3636f6369201b,6984aa9651157fa05f5814889e11de87,delivered,2017-06-05 00:11:23,2017-06-05 00:52:51,2017-06-06 09:15:19,2017-06-14 16:48:11,2017-06-29 00:00:00
1f084ff83b5bb40072e2ffe6f52ec7f2,e84b9343c4d7f0ff33f48ef21b9dc45b,delivered,2018-04-14 00:04:39,2018-04-14 00:29:29,2018-04-16 23:35:33,2018-04-25 23:10:58,2018-05-24 00:00:00
cd143ca82dbe97242de86f5cb2c79ff0,5485ef186dddaa07c8a21e02150d4f87,shipped,2018-06-30 18:45:47,2018-07-05 16:05:55,2018-07-06 10:31:00,,2018-07-26 00:00:00
f5f064b225aee545d86cca63757f0bc0,c6a12a46006e432891e81e929a0f042b,delivered,2017-12-13 21:20:12,2017-12-13 21:29:13,2017-12-15 15:19:34,2017-12-19 17:42:34,2018-01-08 00:00:00
0db6dd5b3b3fa8748b570991fca1a79d,7c28b8a36e097889e59fcb967ecafcf3,delivered,2018-03-20 11:13:04,2018-03-20 11:28:36,2018-03-23 05:42:38,2018-03-31 20:12:35,2018-04-06 00:00:00
50fb2be4ba420484efb378781afaad67,18207f7808e72e283deb5732177157b1,delivered,2017-11-28 12:05:07,2017-11-28 12:15:43,2017-12-01 21:42:27,2017-12-07 17:54:44,2017-12-18 00:00:00
bb00e44342a8d895d7d96bfb88b1dc8a,7c9be4cff0a3734d50e7dba63650beaa,delivered,2017-11-06 11:49:07,2017-11-06 12:31:57,2017-11-08 20:09:17,2017-11-13 20:26:39,2017-11-27 00:00:00
cb0909932c118481a0e44396d80ab2e8,68b476a4ea762d1de4bc7eea1942cc93,delivered,2018-04-22 21:15:32,2018-04-24 19:24:43,2018-04-23 23:21:10,2018-04-24 15:32:26,2018-05-10 00:00:00
4c7e0a5ac91085b463608e9c32589610,533697c445aa1e22114261e14760499c,delivered,2018-03-05 06:17:17,2018-03-06 03:49:07,2018-03-08 16:26:41,2018-03-14 16:03:38,2018-03-22 00:00:00
2663f91a68c89174d7550cdcdb1d5df3,7824401066ed05d75024827848680f14,delivered,2017-05-31 21:12:24,2017-05-31 21:30:17,2017-06-01 10:49:23,2017-06-22 17:25:51,2017-06-27 00:00:00
deee3dcdb24a546fe11dbf20968395c8,53670c76d6102c1c558d62d6d6346b6d,delivered,2017-12-12 09:34:16,2017-12-12 09:50:13,2017-12-12 19:21:46,2017-12-16 12:44:54,2017-12-29 00:00:00
7cb6e4af5a197f3923e8c8358ca71f0a,96a29a72deccaf02a77bdc0930c21f33,delivered,2018-07-12 19:20:21,2018-07-14 04:43:56,2018-07-26 18:11:00,2018-07-27 22:22:02,2018-07-27 00:00:00
d28265eafbe1955982d540b0d2237076,aa4e13fb69ce0c9e456d9f6bb47d46db,delivered,2018-03-03 11:07:25,2018-03-06 03:35:33,2018-03-06 17:46:46,2018-03-19 20:42:42,2018-03-26 00:00:00
f0cd34ba1dce8cb8adc7e3b61fa0bf2e,948d597661f84f3dad5c9075f23fdd76,delivered,2018-03-28 08:24:41,2018-03-30 03:26:55,2018-04-13 18:42:03,2018-04-16 23:36:44,2018-04-25 00:00:00
9dbf8fe4707946fc762500b1bae02cfc,0b6b3c11e9adac61ab45c4905a1ae766,delivered,2018-01-12 12:32:50,2018-01-13 04:54:50,2018-01-15 18:07:40,2018-01-30 22:21:38,2018-02-14 00:00:00
00229e4e43f7a7e0b9dd819ad43268d3,655418b3cc52d17ccb5b4330a7f03197,delivered,2018-03-31 16:41:54,2018-03-31 16:50:11,2018-04-02 22:38:53,2018-04-05 19:02:44,2018-04-26 00:00:00
a391a925a8abd723d4bade209c7c90b6,e1bdfcb8fc8d84fac9f5486f89620397,delivered,2017-12-20 16:45:26,2017-12-20 16:52:29,2017-12-21 17:42:35,2018-01-04 01:13:03,2018-01-15 00:00:00
8283cb8792b84009b158a085333ee8b3,09f548315be5f30a9610b83ad933aaf1,delivered,2018-04-20 08:18:07,2018-04-24 18:14:55,2018-04-23 19:21:04,2018-05-08 16:35:47,2018-05-23 00:00:00
bc7de38480db075d6d2688333888e8f5,e51eb6ff135391a371b5a03a800d27d1,delivered,2018-05-31 09:04:01,2018-05-31 09:15:08,2018-06-01 14:11:00,2018-06-13 16:41:04,2018-07-04 00:00:00
3d31baf1573b52990d33a1f9d2f03ce5,5d5a1f726e41c476ccc0b8142a8c8251,delivered,2018-05-01 20:46:25,2018-05-01 21:12:05,2018-05-02 14:06:00,2018-05-08 00:48:47,2018-05-29 00:00:00
c2eaa6cab239c2145886f8311deb6249,bdaafa758b0018a554a5eaf1beb39ac1,delivered,2017-04-23 15:05:25,2017-04-23 15:15:20,2017-04-24 13:20:27,2017-05-19 16:29:55,2017-05-25 00:00:00
89ad3e3edbff23042463f6b6adc8eead,afd69f75ba9d687b7fdea79ab3ccbbb5,delivered,2018-02-07 16:32:15,2018-02-07 16:49:34,2018-02-09 23:33:47,2018-02-14 22:32:18,2018-02-23 00:00:00
898ded7ecb1e4d92997856bd8b7a8aa1,c8f6c692a4e62702f5e636d2865dd447,delivered,2017-03-21 20:03:16,2017-03-21 20:03:16,2017-03-23 15:14:24,2017-03-27 15:45:50,2017-04-07 00:00:00
55dfe839c1db3060005158c694bddb4e,292681415e931a252f86297c5623c48b,delivered,2017-11-29 15:56:22,2017-11-29 17:11:40,2017-11-30 23:07:32,2017-12-10 16:51:28,2017-12-19 00:00:00
51e88bc351dd268bb9c9e78d263c4a06,0e203af4ca880dcead36325e5e0c2ac9,delivered,2018-03-07 15:32:34,2018-03-07 15:55:46,2018-03-08 23:14:24,2018-03-09 23:48:20,2018-03-19 00:00:00
5c854b6c34734a14492237ff34e32a60,2d8731e7ce6a7eb2471b2ea33aa66cf4,delivered,2018-01-08 20:13:43,2018-01-08 20:28:12,2018-01-17 20:06:00,2018-01-29 21:03:34,2018-02-07 00:00:00
f09e36e258656850b92657ac5f67b6d5,77a34d46f6ebd1dcb9b4df9ae5739226,delivered,2018-07-03 12:37:02,2018-07-05 16:25:40,2018-07-04 09:56:00,2018-07-10 10:24:34,2018-07-24 00:00:00
3891ed2dfed1d43066ed7d9f188ad89e,d7bd9851956e423274945459c4ec7af8,delivered,2018-07-18 16:19:51,2018-07-19 16:15:12,2018-07-20 10:27:00,2018-07-30 16:56:23,2018-08-08 00:00:00
87371766ff552cec9566f0c892cb061d,046ca7ad3a85cbffda0372a4af0c8855,delivered,2018-03-01 09:16:26,2018-03-01 09:33:15,2018-03-09 16:01:45,2018-04-02 20:22:02,2018-04-20 00:00:00
21d83e75dc0edc8c7aa58b4370a3518a,a5dc43bd2a1dfae692b0597e2446fe29,delivered,2018-07-23 14:09:42,2018-07-28 23:31:12,2018-07-24 13:59:00,2018-07-30 16:58:37,2018-08-08 00:00:00
68a6a32c41cd1cfeab8e2e1507813e84,4b7d83b919310b17588c79823058ddc1,delivered,2017-09-25 04:15:28,2017-09-26 14:35:55,2017-09-27 19:42:39,2017-09-28 15:10:38,2017-10-11 00:00:00
88356c5bbc83ec0e1f10866b51b33342,68d33255dae222bd6b4d4ccb0baebed0,delivered,2018-05-22 12:43:25,2018-05-23 02:38:19,2018-05-23 13:16:00,2018-06-01 19:29:31,2018-06-12 00:00:00
c9ad6eb320a7ed6a0a66b48ed02429b3,5b1017ab18dabf58d2c39064ccc89816,delivered,2018-06-18 16:33:01,2018-06-18 17:01:48,2018-06-20 15:42:00,2018-06-22 18:02:47,2018-07-03 00:00:00
ed547e006a962def50f36ec5cedbe46b,5faa97d81dd17e0a1d02cf6bc4186dc4,delivered,2017-11-09 19:46:59,2017-11-09 20:08:26,2017-11-16 18:09:13,2017-11-22 00:16:46,2017-11-29 00:00:00
ffa378a0d8e871367fbe51bdd9e12a1f,c974a02d47734b7ac9c18ab828e318fd,delivered,2017-09-22 20:17:03,2017-09-22 20:30:15,2017-09-25 14:21:55,2017-10-03 18:23:18,2017-10-23 00:00:00
2dc3f680b2788d38f7162482b575e41a,279d7e599187f21cbf7e392f51be0797,delivered,2017-03-15 23:37:32,2017-03-15 23:37:32,2017-03-20 15:21:01,2017-03-28 09:58:03,2017-04-11 00:00:00
adeaede19791cc3d2eb6f340a6249aa7,f718a2c31336e1bd948bf62c2424ff62,delivered,2017-07-03 15:10:37,2017-07-03 15:24:26,2017-07-06 13:06:51,2017-07-12 20:32:29,2017-07-25 00:00:00
84f58fa486ce5cc8fcc701d211e80749,b785d2314d0f934135d9fd1725230f6b,delivered,2018-07-16 14:13:14,2018-07-17 04:15:18,2018-07-17 14:16:00,2018-07-30 15:02:45,2018-08-09 00:00:00
9a33a8e80401e0190e9299a6547b5723,0e72c974940e1711c77d62de89ab0083,delivered,2017-03-04 15:54:18,2017-03-04 16:05:15,2017-03-07 06:57:58,2017-03-13 11:54:09,2017-03-23 00:00:00
030475e22d114f70be1a265fee326192,09fdefd1702f72c144ad0de71d639900,delivered,2018-04-23 16:06:44,2018-04-24 19:10:38,2018-04-24 16:50:50,2018-04-26 17:24:47,2018-05-16 00:00:00
697495e65867be26f25a3b5df26fcdac,d688c4f6c5a3cbf5d750cfffc6197da9,canceled,2017-10-21 11:08:42,2017-10-21 11:21:20,,,2017-11-09 00:00:00
aa41daf4827f0e42287245f7467a6d6f,36cba08df023967e12f8bfdea7ea2a65,delivered,2017-12-11 15:36:12,2017-12-11 15:48:58,2017-12-12 16:23:32,2017-12-27 20:32:14,2018-01-09 00:00:00
092ae7e7141e3d69ecd0935d97e14fd9,6e27bba7912469fdd0527f2c6c8ea100,delivered,2018-01-17 09:19:54,2018-01-17 09:31:07,2018-01-19 20:35:16,2018-02-08 22:43:16,2018-02-16 00:00:00
79779a656c87065c8e3ff7f7510e08a6,6e005a23cbd5b225652526efebc0df26,delivered,2018-01-04 11:15:38,2018-01-05 02:37:50,2018-01-08 20:50:27,2018-01-19 21:07:22,2018-02-01 00:00:00
7bcb99610f15bdb8d701787bf59f0c25,583261b06de4aceabf4be22bc6885c70,delivered,2018-04-28 16:42:13,2018-04-28 16:53:34,2018-05-02 09:17:00,2018-05-09 18:18:35,2018-05-23 00:00:00
31757b95c65bd61af1af6d30103b64cf,b27076fa2b6253d80d3e3cfc6b4427ca,delivered,2018-05-09 14:09:43,2018-05-09 14:30:51,2018-05-11 14:21:00,2018-05-22 16:54:36,2018-05-29 00:00:00
bc77707b484afdc5bc5fedbdac867746,2f82fb3939b9090dd4888bd6236b46ec,delivered,2018-03-14 23:01:45,2018-03-14 23:10:44,2018-03-15 18:48:50,2018-03-16 19:42:28,2018-03-26 00:00:00
ba4fc1372578f794d63fb9eccd7fae96,d4e67127174931f5332ed51a264cbde9,delivered,2017-05-08 09:20:20,2017-05-08 09:30:13,2017-05-09 12:44:38,2017-05-15 15:41:29,2017-05-31 00:00:00
871294c2faf8ee65dace13b21512735a,51a88ba8580d25bc1185deff1d221521,delivered,2018-04-04 16:05:12,2018-04-04 16:28:28,2018-04-06 22:07:37,2018-04-07 13:41:58,2018-04-16 00:00:00
e08ebbd3a910e30ccb05aa241e9243fb,535fbb8e6f9ead96b1271ca6f2945712,delivered,2017-11-30 11:03:17,2017-11-30 11:52:41,2017-12-04 23:47:54,2017-12-11 23:47:11,2017-12-29 00:00:00
a5d7b9827699ed17c944d69a172c7820,0e7bbce8bd341be0316b6d744c10e5ce,delivered,2018-06-10 21:13:25,2018-06-10 21:37:20,2018-06-11 14:53:00,2018-06-12 16:34:26,2018-06-21 00:00:00
940e896188811aa2bf507e26b3af6f14,74d12506558a6bbbde586458f73d328e,delivered,2018-05-14 22:04:44,2018-05-14 22:37:31,2018-05-15 13:42:00,2018-06-04 16:58:33,2018-06-14 00:00:00
9b015744ffb8748e8888aa87144186a1,b7fd83bf8017a1700dda8bcc37199759,delivered,2018-07-02 21:40:58,2018-07-02 21:55:18,2018-07-04 15:13:00,2018-07-10 15:14:50,2018-07-27 00:00:00
c15c84efefa2c82591783d3685003286,bb805786687f8b1fba003c8705a6d1a0,delivered,2017-04-22 20:34:51,2017-04-25 08:05:16,2017-04-25 10:55:49,2017-05-02 16:31:56,2017-05-18 00:00:00
d1e0427b410886678a52f73caa44e264,1cd22e66beeecc44840a7891d76b13d0,delivered,2018-01-16 01:18:59,2018-01-16 01:33:01,2018-01-18 01:09:16,2018-03-05 16:53:18,2018-02-09 00:00:00
2a289c7b780d648ef3ff20d647ea1a16,58703240866cb2bb2a44139147547da5,delivered,2018-03-27 21:44:00,2018-03-27 21:55:15,2018-04-03 20:35:25,2018-04-06 23:09:32,2018-04-16 00:00:00
59fcd6efd47e8f61ca7c5d872abe3ccf,dcb29962ced40715479284011d7442f0,delivered,2017-11-04 21:07:29,2017-11-04 21:25:28,2017-11-07 19:17:04,2017-11-21 23:21:19,2017-12-01 00:00:00
f7f4144d75e0bde023714f0d78420e61,872509846f6e77a52fd53369bba3676b,delivered,2018-03-16 19:33:53,2018-03-16 19:50:47,2018-03-19 19:08:36,2018-03-26 18:23:22,2018-04-10 00:00:00
46095dff98fab25f0cb4306a0430612f,87b3a6c0358691775bad9e0c6d0a2414,delivered,2018-06-29 19:01:22,2018-06-29 19:10:41,2018-07-02 12:27:00,2018-07-09 10:32:34,2018-07-27 00:00:00
f1724bba252ecf9cd468ae63c9a6adb0,28d9a702613516ecece8a13f7b015026,delivered,2017-12-12 22:01:00,2017-12-13 12:12:26,2017-12-14 19:12:37,2017-12-19 20:19:05,2018-01-09 00:00:00
b6373737638442df0342f512435488df,978ba8a51afaa684218215143672b3cf,delivered,2017-12-05 02:27:07,2017-12-07 08:31:58,2017-12-09 00:09:38,2017-12-16 00:38:39,2017-12-28 00:00:00
c26d364add43c6e2d99740f5a8b0b559,f3a5b428e2be1a4e8ddfbeec1a26825b,delivered,2017-03-21 18:36:37,2017-03-21 18:36:37,2017-03-22 08:38:38,2017-03-28 15:34:53,2017-04-11 00:00:00
330e3148093b448657312bcab034f769,ee244c97a7af81c9e54f576bd433b07d,delivered,2018-08-09 15:29:23,2018-08-09 17:15:23,2018-08-10 15:00:00,2018-08-20 23:04:52,2018-08-21 00:00:00
38d267f455de107fb8f352cf99d2042e,20a459f06bebee6460f9b18bc196998e,delivered,2017-02-28 16:11:51,2017-03-02 03:45:19,2017-03-02 09:10:04,2017-03-09 16:32:22,2017-03-22 00:00:00
03104945dce5c57f748dbb3dbd62daeb,015f98a7155c15075a5f77a37a8205ed,delivered,2018-06-27 22:22:24,2018-06-29 02:55:20,2018-07-04 13:07:00,2018-07-10 16:41:18,2018-07-20 00:00:00
27a9505321037616d2e112a11760adcd,d4326e5beb8116efdcdc71e8299a7476,delivered,2018-08-15 09:22:37,2018-08-15 09:30:17,2018-08-16 16:05:00,2018-08-17 14:44:56,2018-08-20 00:00:00
e97dd3d6f4710b02abf24319dd9478cd,2bfe408af241d0a1274a8479bdf8cab8,delivered,2018-03-13 20:54:50,2018-03-13 21:47:59,2018-03-15 00:41:42,2018-03-20 16:36:26,2018-04-04 00:00:00
3cda13d682be73f01bd057ed2a998c86,c87858edbf69dc16344e313cae72b375,delivered,2017-06-08 09:05:20,2017-06-08 09:15:13,2017-06-12 13:16:19,2017-06-14 16:59:59,2017-06-22 00:00:00
f8996cd2f7dd93f511ff71d336e510dc,77818db62605ed275a3f2b060e215ca0,delivered,2018-05-15 18:10:51,2018-05-15 18:34:53,2018-05-16 11:04:00,2018-05-22 15:26:53,2018-06-01 00:00:00
cacd456511570f43f9f06e36aaec8608,9c5afe2cef64bd96f36e06b23aa7067b,delivered,2018-02-07 11:13:03,2018-02-07 11:31:14,2018-02-08 19:36:00,2018-02-20 18:43:11,2018-03-08 00:00:00
abe8ef4e8c937aee88261fad3b80d503,f2c3302338d8e1d5293b47105382bfc2,delivered,2018-02-27 20:12:16,2018-02-27 20:28:58,2018-02-28 22:58:53,2018-03-13 20:21:16,2018-03-27 00:00:00
101827c549fffc0725534eb293f31af1,d95c5b9690c44ea8e2ae8dd3a33d314f,delivered,2018-03-21 15:12:10,2018-03-21 15:27:49,2018-03-22 20:32:28,2018-04-05 00:31:21,2018-04-09 00:00:00
776013dc5bae5b16f29f4b98e694cae4,d2dd0d296120bd8886f775860bd3a3cd,delivered,2017-06-04 20:04:17,2017-06-06 13:15:19,2017-06-07 13:01:22,2017-06-13 11:26:35,2017-06-26 00:00:00
e0f9660f398f606fc4326973728ad4cd,c88ab5ea9550d93be4e31243c7c8b7a2,delivered,2018-01-24 21:57:44,2018-01-25 07:14:17,2018-01-29 18:28:33,2018-02-02 23:36:38,2018-02-21 00:00:00
90c3dfda1a11b888a187ae2ecc55645e,d63e2accfa24bb994c545dc9298368ec,delivered,2018-05-01 23:08:31,2018-05-03 04:52:34,2018-05-03 11:11:00,2018-05-11 19:11:12,2018-05-25 00:00:00
ddc7f4a64323c9c3bdbce657dc3e9973,452f796f89f55ddd140604f18d4c1228,delivered,2018-01-07 13:06:13,2018-01-07 13:15:32,2018-01-08 22:08:41,2018-01-11 21:43:38,2018-01-29 00:00:00
1239c47cd51a11ce6c5b16e84517626f,e54e4e978ca8efd46143bc9df0cd09c4,delivered,2018-05-14 20:30:36,2018-05-16 02:35:41,2018-05-17 15:10:00,2018-05-19 09:51:51,2018-05-24 00:00:00
93694762710b53132d45f1a0aa2d05db,6796f2c7525a512caa5c2ca49edb1e0f,delivered,2017-04-16 20:13:57,2017-04-16 20:21:41,2017-04-18 14:51:34,2017-04-21 10:43:30,2017-05-10 00:00:00
c5a1b0ee6416312709869716d1c54d73,0bd4b2650d06ce9880370c6b5e4ff2b6,delivered,2017-10-09 11:56:16,2017-10-11 03:49:22,2017-10-16 21:14:13,2017-10-19 22:22:01,2017-10-27 00:00:00
e37a0ddb7818d37e517904371d679c74,de01eec4ab351f4bbe94b38e8d1e9c45,delivered,2017-05-02 07:55:06,2017-05-03 11:32:11,2017-05-10 12:46:06,2017-05-18 15:14:06,2017-05-23 00:00:00
bb70cb558d0783914c5ebb0c37330776,96368b660b3b57393e669836011087ee,delivered,2017-10-09 07:33:36,2017-10-09 07:49:08,2017-10-09 22:16:19,2017-10-17 19:56:37,2017-11-08 00:00:00
d876b34afec9a37354e30d656829878d,2d4aaec26c7137baf5818598fda371e3,delivered,2018-01-25 19:48:57,2018-01-25 19:58:29,2018-01-26 23:43:59,2018-02-07 21:32:54,2018-02-23 00:00:00
0010dedd556712d7bb69a19cb7bbd37a,3a92efdb6e6163dc1734d44f2f5f6d04,unavailable,2017-10-21 19:32:06,2017-10-24 03:25:32,,,2017-11-03 00:00:00
b8b61059626efa996a60be9bb9320e10,5d719b0d300663188169c6560e243f27,delivered,2018-08-07 23:26:13,2018-08-07 23:45:00,2018-08-09 11:46:00,2018-08-21 22:41:46,2018-08-24 00:00:00
70f427024dbea24f9d879d8fd7d19df3,ffb9d77106a6c70e8853d213c7ad8c6f,delivered,2017-11-06 16:22:30,2017-11-06 23:32:05,2017-11-08 21:08:51,2017-11-09 18:12:18,2017-11-17 00:00:00
a032ccc7ae1c571488bce168f110cdfe,0861d5de0f6df826e07bcd0e0d6a42d6,delivered,2018-04-22 14:10:33,2018-04-24 17:21:41,2018-04-24 21:44:29,2018-04-26 22:11:00,2018-05-14 00:00:00
4384f8a8c60174d1823e74933e466c12,9231d5ded2fb3c2edcf6fa260e417206,delivered,2017-04-28 11:13:16,2017-05-03 15:33:28,2017-05-04 15:26:35,2017-05-16 13:47:40,2017-06-05 00:00:00
3af427dfb9464cd660ac27292bb5d30b,296fcaa5fafeccd48433a91f4019d99b,canceled,2018-01-30 13:28:14,2018-01-30 14:21:31,2018-02-01 01:58:41,,2018-03-01 00:00:00
3e01fe3c29238179f003bf1c3445bc34,f18d040315191e5cb9496d84186075b0,delivered,2018-07-28 13:12:19,2018-07-28 13:44:32,2018-07-31 12:46:00,2018-08-02 20:47:43,2018-08-16 00:00:00
ec63c198f700051fb0a74c40a757af0e,a1ebf55f38ab9ffa56b94b524a291c6f,delivered,2017-01-21 14:00:52,2017-01-21 14:10:17,2017-01-23 15:04:00,2017-01-31 14:56:08,2017-03-02 00:00:00
2ce81d16edb6568f5ff5b9ec2e5cb4b7,a2a5fc7e8fc7e880cd68a9768b8caa22,delivered,2017-12-28 14:45:48,2017-12-28 14:55:33,2018-01-03 23:23:01,2018-01-08 16:28:42,2018-01-19 00:00:00
028116828b6e9f2b8070f1c4f66c68f0,8f0352cfaa71a939a2aa8dfc4b4165fb,delivered,2017-11-16 12:30:43,2017-11-16 12:50:45,2017-11-17 14:18:29,2017-12-01 18:09:55,2017-12-12 00:00:00
c557d8e5e437bc8ab2f3240b65a97e27,979896ca231b5548990a725e2ad5773f,delivered,2018-08-18 15:11:40,2018-08-18 15:29:51,2018-08-23 17:10:00,2018-08-29 19:39:46,2018-09-03 00:00:00
5f40a2492ceef8196dae8b163a97530e,d74802c9d51f1b7325b03f595ebe85e6,delivered,2017-06-13 21:11:56,2017-06-13 21:22:42,2017-06-19 08:10:14,2017-06-23 12:55:06,2017-07-10 00:00:00
2b98d5c9b1969095e65f74308ae2e861,640e434ec3d0792f339955ac55798c63,delivered,2017-01-26 15:01:45,2017-01-27 15:31:33,2017-01-31 16:24:59,2017-02-06 11:04:25,2017-02-20 00:00:00
8612cf18484bb0bfb9d98a7e1ed2766d,2a4f46deb28e6867b88c553c355ea34a,delivered,2018-07-04 00:53:40,2018-07-05 16:32:47,2018-07-04 12:09:00,2018-07-10 15:57:50,2018-08-08 00:00:00
7a43bbe9766ce937332b6f9dcba36715,190e309dab6cd148ca0c5e7ada50ec23,shipped,2017-11-02 13:24:21,2017-11-04 04:25:14,2017-11-09 19:21:47,,2017-11-16 00:00:00
549a64c18685183a33b68184178807fa,34bbcae303fcd2a8e8a9d7493e01e745,delivered,2018-03-31 20:55:30,2018-04-03 05:48:38,2018-04-03 18:48:20,2018-04-13 12:04:45,2018-04-24 00:00:00
fea759da1fbb4566e226c7bb2c257a5e,c6f8c11c9f6efe1a3d4f9e5e65d1e01a,delivered,2018-04-01 19:42:09,2018-04-02 19:35:18,2018-04-03 21:05:26,2018-04-16 15:07:50,2018-04-20 00:00:00
26e3479944a2474469bd497d2b01ab24,1783f6be6ff423505459462e62ba6482,delivered,2018-04-29 20:28:46,2018-04-29 20:54:25,2018-04-30 13:30:00,2018-05-08 17:08:57,2018-05-21 00:00:00
86efb185d971175118f61d7dfe86ec8b,bee372538e9a8298215a97ea9bc0f520,delivered,2018-03-12 09:49:18,2018-03-14 09:35:24,2018-03-15 17:07:00,2018-03-29 11:06:57,2018-04-06 00:00:00
a68a639ac918e408ed684ffd22872fa6,e0a720da8f7baff1febdb14dcea01314,delivered,2018-03-25 01:59:41,2018-03-25 02:15:23,2018-03-27 20:19:02,2018-04-11 19:56:28,2018-05-03 00:00:00
1da5fa1f1507745c40e2aefe0b6941e7,8f65fe07942611b5c45b5f81fc057819,delivered,2017-11-24 21:43:41,2017-11-25 01:31:22,2017-11-30 19:21:36,2017-12-14 21:05:55,2017-12-18 00:00:00
e5529743a1c280328cb7fa14a08b69dc,c4cee4edee9d85a78db3eb7990444595,delivered,2017-08-22 12:09:09,2017-08-22 12:26:31,2017-08-24 19:05:10,2017-09-06 16:43:16,2017-09-12 00:00:00
3eae7531a136877d61e1aaea2684fcea,b10fcf9afd1931e287eb39e53041e6cd,delivered,2018-07-01 18:03:34,2018-07-01 18:15:15,2018-07-06 09:58:00,2018-07-12 18:26:42,2018-07-26 00:00:00
808beec7603db80bc6a975bc9f509814,29cf3c28e1ecbd9ef408aea337cc344d,delivered,2018-05-27 19:17:18,2018-05-27 19:35:17,2018-05-28 14:02:00,2018-06-19 22:08:48,2018-07-13 00:00:00
dcc687639a7cb64baa13932efcd03265,15b7abd0109cfe810a9200fb799d5506,delivered,2018-05-07 10:22:24,2018-05-08 20:54:48,2018-05-09 16:32:00,2018-05-21 10:23:46,2018-06-08 00:00:00
21818c420ef980f72b5ef46606977cf9,33e459b53bac5c141d0256c11d4ddfb3,delivered,2018-03-26 16:05:01,2018-03-26 16:15:15,2018-03-27 19:10:57,2018-03-28 20:21:19,2018-04-06 00:00:00
2b14839ae891517dd0d253279ac79b0e,195723bad1cadf0ee55cf2c9269365f0,delivered,2018-02-14 21:02:25,2018-02-14 21:10:47,2018-02-15 19:42:59,2018-02-28 00:18:41,2018-03-07 00:00:00
982e90afe2a0e9a5b5b69165a47c3a4e,33ca2d3705d8c3d3aa3dc1ffd96a988f,delivered,2017-04-26 20:26:10,2017-04-26 20:42:27,2017-04-27 09:11:29,2017-05-16 14:57:51,2017-05-26 00:00:00
72effeb8a2be92644dddb7dbf5df144a,e75e3f20be32a23e4cc20abb982fc31a,delivered,2017-10-09 17:40:38,2017-10-09 17:51:56,2017-10-11 17:42:32,2017-10-18 18:22:36,2017-10-31 00:00:00
3643f070f0ecf3a35acc73cc863b296f,7d8a11e0bc1b9c10f2fdd908a43634ee,delivered,2017-11-05 07:21:55,2017-11-05 07:35:26,2017-11-09 19:33:35,2017-11-16 23:58:48,2017-11-24 00:00:00
f0bf41cba5c2794ccebd7ab9a6abc27d,4855e1a8df391a0df190b042f84da0bd,delivered,2018-04-16 22:45:21,2018-04-16 22:55:18,2018-04-18 03:22:42,2018-04-18 20:03:28,2018-04-30 00:00:00
8426c20fc1f780e653122762baef129e,e432b25f546d2cc6643c25d070e75c62,delivered,2017-12-16 00:58:56,2017-12-18 16:33:29,2017-12-20 21:27:13,2017-12-27 21:18:39,2018-01-11 00:00:00
097d6bb9430467d7744c857f5d023959,1844a112247f91a8d724251978df5a4b,delivered,2017-11-15 11:53:35,2017-11-15 12:16:24,2017-11-17 21:38:31,2017-11-21 21:58:16,2017-12-04 00:00:00
677baf2124c367847775baafbd4d609b,4dde8f4b64e3c3584c9edf5fc3bea545,delivered,2018-04-27 16:40:51,2018-04-27 17:11:41,2018-04-30 15:03:00,2018-05-09 21:22:53,2018-05-11 00:00:00
728935946b7371d6bf3c484ce0ad4ff1,8c393e4cc8dd59ba1438662fce873576,delivered,2018-05-07 21:23:40,2018-05-07 21:35:27,2018-05-09 14:05:00,2018-05-14 10:48:41,2018-05-24 00:00:00
0baf99fae5355ac5c8b31a2d33fd830b,c3d289c17f8f7ff380061f524006e8ba,delivered,2017-05-31 09:12:51,2017-06-01 09:05:13,2017-06-02 09:04:44,2017-06-08 14:54:26,2017-07-04 00:00:00
c58da945b58d132163a5b7c3b0312903,dd57b93c16ea6beea83d08c466fa6dcc,delivered,2017-10-30 21:22:26,2017-10-30 22:31:40,2017-11-03 16:04:04,2017-11-13 20:54:42,2017-11-14 00:00:00
dc8cf8a0844543e3cbebc3917b08d00f,be0c739d184760c9effb409a317c2cc1,delivered,2017-09-03 16:56:11,2017-09-03 17:10:11,2017-09-05 18:21:56,2017-09-18 19:35:49,2017-09-29 00:00:00
d62e59ee0c5020813dbe50f9204b9a26,7a8497861d01f7d387a2ad4d4504d6b9,delivered,2018-06-26 11:17:35,2018-06-27 08:30:06,2018-07-04 09:21:00,2018-07-06 14:51:59,2018-07-17 00:00:00
e95f655fc4bb105e8915ab28d7bd0ec6,8188c6a1010d4c1a47201638633841dd,shipped,2018-04-07 20:46:32,2018-04-08 20:50:08,2018-04-09 21:47:37,,2018-05-10 00:00:00
fc6fa7fa7977262db8df0b27a56474d8,3c3652ffccad55c942f2f2f2f67a6d78,delivered,2018-03-07 18:34:51,2018-03-09 03:00:36,2018-03-09 19:51:44,2018-03-19 19:19:51,2018-04-10 00:00:00
168181560f9cbee863926c0d0957c56a,af05ae9632b87952d4e679eaa389046e,delivered,2018-07-27 15:27:42,2018-07-27 15:44:29,2018-08-02 12:54:00,2018-08-08 16:18:45,2018-08-27 00:00:00
0c51a7661156c6f9ae61b33610dca175,84dc684f01a447dec8a0f76530e5894c,delivered,2018-08-26 23:31:24,2018-08-26 23:45:08,2018-08-29 13:03:00,2018-08-30 21:32:38,2018-09-05 00:00:00
5e594c0fba46b4a42cc7b766fa0e06fe,f7336014fe3c048b2057b456ca3808e1,delivered,2017-05-12 19:10:20,2017-05-12 19:25:13,2017-05-16 08:18:55,2017-05-17 11:38:25,2017-05-25 00:00:00
0711187b308dcd4265872d4d1b565b06,759f9fb2ea5a4a789bf67139e484cb1f,delivered,2018-02-25 19:25:59,2018-02-25 19:47:54,2018-02-27 22:22:48,2018-03-09 13:26:28,2018-03-21 00:00:00
931e76c33f2109e760025ef697884eed,895ebf13f70811385a4922e54c182404,delivered,2018-06-14 23:41:56,2018-06-14 23:58:28,2018-06-15 13:35:00,2018-06-18 13:31:07,2018-06-26 00:00:00
fea313ef8be419d678a5eb321aa4dd24,3394021d3c7269b7e27caedaf7af8ef9,delivered,2017-05-16 17:04:02,2017-05-18 02:22:49,2017-05-18 10:50:10,2017-05-19 13:33:56,2017-05-29 00:00:00
329b935dc9e117a0a15ea77fba51e1e5,b9015afeee771af91d383074b2bbc3b2,delivered,2017-12-16 17:28:20,2017-12-16 17:38:26,2017-12-18 21:32:26,2017-12-19 12:06:15,2018-01-05 00:00:00
52984a3dc9ffd08f55fe620d03675067,6f383780e8c8bbe7dcb5256bb2d488e6,delivered,2017-11-24 23:26:26,2017-11-25 02:19:30,2017-12-02 00:05:51,2017-12-09 00:32:08,2017-12-14 00:00:00
e48b8d245a4e83db60a76367fe7ffad2,041d75798215fd7ebffd6cf6b60bfac5,delivered,2018-02-06 09:58:36,2018-02-06 10:11:42,2018-02-09 21:12:59,2018-02-21 15:47:43,2018-03-02 00:00:00
e51d5fd82a186a64728b4de03b0fd8f8,079bc1808c0fda17593c5642b429bee7,delivered,2017-06-16 14:55:45,2017-06-19 08:25:05,2017-06-23 08:35:49,2017-07-03 18:45:48,2017-07-12 00:00:00
1a6c3832fcc2947c38b41bd24fe0201e,91bb67066c8638f483d7e2e5e277389f,delivered,2017-06-30 15:31:51,2017-06-30 15:50:15,2017-07-05 12:00:33,2017-07-18 17:53:33,2017-08-03 00:00:00
b3a2d97ad344891edc2cd82ea19c2d56,fe87bf86b81f9298937213e5c23d7707,delivered,2018-05-02 11:49:46,2018-05-02 12:14:37,2018-05-03 15:09:00,2018-05-04 20:16:56,2018-05-21 00:00:00
973d0da651ae6607b18859b36ed1d6ad,8e22a5ea91de638ad65f58b8473f1e1b,delivered,2017-11-25 19:44:56,2017-11-25 19:54:59,2017-12-12 00:35:32,2017-12-22 20:13:42,2017-12-26 00:00:00
a7652ffa94af425f684a2d55cc06945e,85691bd7ec5c294433df4e88b54bc4f9,delivered,2017-08-04 10:14:35,2017-08-08 04:04:20,2017-08-15 11:25:18,2017-08-22 16:15:36,2017-08-30 00:00:00
c7ba0cafd5334b18b4103846dfd723d4,ab75fc05e770d670b6b3224e762e9bc0,delivered,2018-04-03 15:32:46,2018-04-05 02:15:13,2018-04-19 00:31:58,2018-05-02 17:13:44,2018-04-27 00:00:00
505176e13ad63d7d438d19f018e52c56,418db76f1dad4f7f0999189d488ab0a0,delivered,2017-09-26 16:02:44,2017-09-26 16:14:18,2017-09-27 20:22:27,2017-10-06 10:18:00,2017-10-31 00:00:00
fd9ee5b912fcbd8a218a3c7cf6fb4f0d,08ef3c3458f9ebc1b7cda8fc71592a8c,delivered,2018-03-21 10:59:55,2018-03-21 11:10:40,2018-03-22 20:05:00,2018-04-02 19:24:54,2018-04-09 00:00:00
b3b8763bff1a0f3f2ae0757e3d59a5e4,5c1ab4cd10a1abc78951c01d88e593d4,delivered,2017-12-08 14:31:33,2017-12-09 02:37:24,2017-12-11 15:52:24,2017-12-16 00:21:50,2018-01-11 00:00:00
f162504b437717036cc81bdd9a02c4ba,f45dc44959f8086d22e2d52553f15f57,delivered,2018-08-21 14:42:00,2018-08-21 14:55:10,2018-08-22 14:26:00,2018-08-30 13:37:38,2018-10-03 00:00:00
2fe3ee8c60f4a3c45135d7d5540e21ac,8b9a9ceec0addddcbbeb044920dd0faa,delivered,2017-12-14 17:52:43,2017-12-14 18:12:01,2017-12-15 16:17:38,2017-12-20 18:18:41,2018-01-09 00:00:00
7fb9a8071a075a78c82420971e66dd77,7c551622beecf95bfb83f5dfb921191f,delivered,2018-01-04 16:46:11,2018-01-04 16:56:25,2018-01-10 15:35:17,2018-01-11 17:42:44,2018-01-22 00:00:00
857c7d158a6669fae8d2aa86c645f021,ed856d3e00e01bfee9589662dabf9ab2,delivered,2017-11-05 22:41:51,2017-11-07 07:30:40,2017-11-07 20:41:56,2017-11-16 19:16:36,2017-12-05 00:00:00
3caeb4389178c6b0cad926fcd9a939de,3a39e063be6ca5cd7bcd9e04cc761d63,delivered,2018-02-10 21:12:37,2018-02-10 21:35:28,2018-02-15 01:37:02,2018-02-22 20:22:39,2018-03-08 00:00:00
7670ae05a433adda95fc640919a2737b,c0739546331f6ab6a761488a1f2eda79,delivered,2018-01-03 19:09:09,2018-01-03 19:17:27,2018-01-04 20:54:34,2018-01-10 16:55:21,2018-02-02 00:00:00
ff2ac13b0f36dffb6af9699f59b18377,c7a68b2b2775db26644d8f4e28c03604,delivered,2017-09-04 14:26:51,2017-09-04 14:35:25,2017-09-06 18:08:04,2017-09-11 19:35:42,2017-09-26 00:00:00
4a28fe31d1808616ef3925084765c8b3,33fa5f62ee976339d9b237e3cfb52bce,delivered,2018-03-13 13:29:52,2018-03-14 02:50:31,2018-03-14 19:51:46,2018-03-23 18:26:40,2018-04-18 00:00:00
2cd487f56c4c8e2600c902f8ac475597,376c8b9583b94167b5869fad6d6155db,delivered,2017-12-19 15:16:43,2017-12-19 16:10:20,2017-12-20 17:48:38,2017-12-28 20:43:41,2018-01-12 00:00:00
50f586b30979f7ff925cbca8376bfe6e,c26c6a0e1e51fa3fc9151391bfc02a63,delivered,2018-03-19 23:22:23,2018-03-19 23:30:31,2018-03-21 20:41:50,2018-04-18 19:11:56,2018-04-13 00:00:00
8167f9fa48c58d9f28b2c10a8def5366,a42afe9d85a5ac755e466eef53418281,delivered,2018-03-17 12:35:19,2018-03-17 12:50:34,2018-03-19 20:38:11,2018-03-23 18:28:42,2018-04-05 00:00:00
e7b8437c3c5f2441634448e5a2a3d8fb,e46aa2e872873ed7cdd3e055c9d3e6db,delivered,2018-02-07 18:01:54,2018-02-07 18:15:32,2018-02-16 22:18:46,2018-03-06 01:36:37,2018-03-14 00:00:00
a445dc87690b262055f44d1641033069,8b58108c65a7d5be76731c6643d00a83,delivered,2017-11-11 14:43:00,2017-11-11 14:55:41,2017-11-16 13:06:53,2017-11-26 18:19:01,2017-12-01 00:00:00
5f7252bf13701d879f6fc28e72b71a9b,70136d50614636d92e9a66bd6058151f,delivered,2017-07-10 11:15:03,2017-07-10 11:25:23,2017-07-11 17:47:45,2017-07-19 20:02:53,2017-08-01 00:00:00
8f61e12de83228fa74304ec5096cb79d,3b63b6bf1640794c17a79ea7c2cb11c3,delivered,2017-09-20 22:34:43,2017-09-20 22:45:38,2017-09-21 20:58:14,2017-09-29 23:09:16,2017-10-16 00:00:00
b17b0e273b31b9bdc4c86d55ce1f2b87,40568f04c85dd2a9b73fd39069b89a6a,delivered,2018-07-25 20:37:44,2018-07-27 02:05:17,2018-07-27 14:04:00,2018-08-01 15:26:02,2018-08-08 00:00:00
97f48024fcc76f1898e397ad6966e3a0,66d376416dfbdcb87ddc1f2384d343ba,delivered,2017-11-29 12:25:00,2017-11-29 12:41:24,2018-03-16 13:58:02,2018-03-16 13:58:10,2017-12-26 00:00:00
83e50e2e58cfc9839fb932948f1d7ce8,71c41989b581f59300b8dc475aa48c0b,delivered,2018-05-03 08:48:56,2018-05-03 09:12:26,2018-05-03 13:25:00,2018-05-08 15:48:40,2018-05-23 00:00:00
8c3a8d8a16234d5aac3979fb63733778,0c99b2b452519d45c5621c21b0f4ae12,delivered,2018-08-16 10:37:06,2018-08-16 10:45:19,2018-08-17 16:04:00,2018-08-27 18:42:07,2018-08-27 00:00:00
b5defa632178b4e058b80da1efb6dda5,86f83e504f1f7224ca34deb792a40e66,delivered,2017-10-17 13:06:30,2017-10-18 13:06:17,2017-10-23 18:28:47,2017-10-30 14:15:26,2017-11-21 00:00:00
2623ed35158b345e208f55f03565c1b9,5d21dcd0e87b4db10fb132bfc21620bb,delivered,2017-09-29 12:06:06,2017-09-29 12:24:17,2017-10-02 21:18:57,2017-10-06 13:33:45,2017-10-24 00:00:00
0f988c663fc739ff00872046c2e43ce4,0e4158fca07c5650137a2e610aaa6efb,delivered,2017-12-27 18:44:39,2017-12-27 18:58:18,2017-12-28 17:38:49,2018-01-04 16:39:31,2018-01-22 00:00:00
62af8efbe1211f527ab062c3b29d7f5f,7254b9d004bb679823c2d2c8dfbb5eda,delivered,2017-08-28 10:39:52,2017-08-28 10:50:22,2017-08-29 19:26:08,2017-09-06 20:02:58,2017-09-20 00:00:00
a77a378498a60424c73641a2bce561f8,a165af70cc13470e311ddcd4fd33c070,delivered,2018-02-14 19:01:46,2018-02-15 06:30:26,2018-02-16 19:12:09,2018-02-21 23:29:06,2018-03-13 00:00:00
9a1868b5b95ed88747fa160701bf6d8f,76446677a46e1f51a0f01371e3f46bdc,delivered,2018-06-18 16:17:47,2018-06-18 17:01:27,2018-06-20 14:24:00,2018-06-22 20:28:30,2018-07-05 00:00:00
51c7735438088dc983751f683f652995,ea62078ca96a4eef51c43ca0538a57ab,delivered,2018-08-22 21:06:11,2018-08-22 21:24:36,2018-08-23 13:07:00,2018-08-28 20:07:43,2018-09-05 00:00:00
c64790d2002c1c29cc6890a8123fb222,2aa0137ee863ad6d30c38d370ff97347,delivered,2017-09-27 15:17:01,2017-09-27 16:49:26,2017-09-28 18:28:55,2017-10-10 06:04:13,2017-10-19 00:00:00
5ab0f11d0dffdb3aa7084f276108fdfb,92f24993236f99b8448fa691826dc67d,delivered,2018-05-15 13:36:29,2018-05-15 13:55:10,2018-05-16 09:45:00,2018-05-22 18:25:33,2018-05-30 00:00:00
dc6eee28a658fd5850d3f88a9c0abbc2,66d35d28e228ee885e0d95da6f1b0fd7,delivered,2017-05-10 16:58:01,2017-05-10 17:05:20,2017-05-11 10:41:07,2017-05-12 10:15:59,2017-05-30 00:00:00
917fa92d0e4a7a2297aa28d79a35b64d,5690bedf5be601567f2c558f9240e51d,delivered,2018-08-07 16:24:37,2018-08-07 16:44:53,2018-08-09 12:19:00,2018-08-13 16:54:29,2018-08-20 00:00:00
f44bbaf60b84b0a7fd51994bb8dfc090,1718537edd72e4fa514fd813bd0df9c4,delivered,2017-10-11 12:58:21,2017-10-12 02:20:16,2017-10-13 15:38:02,2017-10-20 18:52:25,2017-10-30 00:00:00
6a6f6e316fbfc5524414489d06c8533c,9207f1d43091730646697eb497a6819e,delivered,2017-11-25 00:20:41,2017-11-25 03:11:50,2017-11-28 17:33:31,2017-12-12 22:48:46,2017-12-28 00:00:00
4f4da9932bc77a525ca672e3b1b232f6,b09017d118d18d405c8538ae256f2104,delivered,2018-07-29 11:15:05,2018-07-30 11:31:19,2018-07-30 15:11:00,2018-08-02 18:58:38,2018-08-21 00:00:00
e8f0faaa20856c6c482c67ebce09c227,c9f162f33a749d2957c751afd7f7bfd0,delivered,2017-12-18 22:38:39,2017-12-18 23:51:32,2017-12-20 18:32:33,2018-01-10 15:58:36,2018-01-24 00:00:00
39787d0779e9c0f1326d35469d0239c5,cefd26f9b12d8dc01a8029667888206d,delivered,2018-02-10 19:11:19,2018-02-10 19:28:13,2018-02-14 15:21:55,2018-02-16 13:56:39,2018-03-06 00:00:00
d9d104af1ea99e0b7f6b0644eedc74d0,53e3035bb56a2266b08ab2cd01efd603,delivered,2017-02-15 00:24:14,2017-02-15 01:06:01,2017-02-15 11:37:48,2017-02-21 13:14:39,2017-03-14 00:00:00
1eeef7bced6c37a113b31c503ba1cdc4,d44e6e4e2f9ec6b853399edd23397163,delivered,2017-12-08 00:08:43,2017-12-10 00:10:15,2017-12-15 15:57:23,2017-12-23 13:58:47,2018-01-04 00:00:00
98b8868388a8f86ba780cac8e6c2b496,68a0f29cea50706bdffa949b1624bbd4,delivered,2018-05-11 20:28:30,2018-05-11 20:56:54,2018-05-17 16:22:00,2018-05-23 16:37:00,2018-06-18 00:00:00
3b44236022543714625fb6d8daaa0734,c7c90262b16c46073cdc9feef45807ec,delivered,2018-04-20 18:47:04,2018-04-24 17:45:50,2018-04-23 21:52:07,2018-04-25 22:21:39,2018-05-09 00:00:00
91917ed8f3cff7119b635ee161fc926c,79ea5edbfaef2735d701da955519c034,delivered,2017-08-26 22:22:52,2017-08-29 04:44:39,2017-08-29 20:10:04,2017-09-04 18:03:31,2017-09-21 00:00:00
242858ac7189702187e2f99aed4e2695,ed428ee145a75b8846cfbb94fab90477,delivered,2018-06-18 18:47:16,2018-06-18 19:20:57,2018-06-19 15:11:00,2018-06-26 00:18:22,2018-07-05 00:00:00
00d50baf1bc56a3c59de1810a6b84b0d,430dae64e910e717c1135ff28b67aad2,delivered,2017-05-23 21:55:24,2017-05-23 22:10:12,2017-06-01 11:55:31,2017-06-28 11:19:37,2017-06-23 00:00:00
53d24131ea4ca6a7c6f0cc03e2edfcab,34ec470debe9683b360eebc304fe7705,delivered,2018-01-26 11:41:27,2018-01-27 02:40:13,2018-01-30 15:18:32,2018-02-03 13:41:42,2018-02-09 00:00:00
a7646fef3ed7769ca091e05201151fe3,62c5d429dae186491c09545422a8b65d,delivered,2018-05-07 13:36:39,2018-05-07 15:32:41,2018-05-08 11:53:00,2018-05-17 16:41:51,2018-05-23 00:00:00
6ea54477ac162f4f343694737cf53f82,c5361a925018d4f112472445da6abb84,delivered,2017-03-27 19:10:47,2017-03-28 10:15:24,2017-04-05 09:14:22,2017-04-20 16:37:44,2017-05-08 00:00:00
50cf8b336667ffa7386d24568d6716e5,3278a540e215b737e4b44a61770dbc6f,shipped,2017-07-26 08:48:03,2017-07-26 09:03:11,2017-07-28 16:09:27,,2017-08-18 00:00:00
680d7235e89a19239f2562d940e7c86d,eaf14ef190b83a2e0cb7f72835d5c5c3,delivered,2017-10-10 14:53:25,2017-10-10 15:07:18,2017-10-11 17:48:03,2017-11-03 17:29:49,2017-11-08 00:00:00
14d113827939e9deace0b2afb528f1bb,f6ec7c6e0151f752c79e2f026a90da12,delivered,2018-05-30 15:19:30,2018-05-30 15:35:40,2018-06-04 19:22:00,2018-06-05 22:46:34,2018-06-26 00:00:00
5f79e2da24a52e76bc22897df03a7901,d064be88116eb8b958727aec4cf56a59,delivered,2017-08-23 13:15:29,2017-08-23 13:30:19,2017-09-22 13:45:55,2017-09-25 21:34:47,2017-09-21 00:00:00
644c9c6187a3cad1f1102c0c6715b094,3f969314aec43c3a2fd62e9ed7a791fa,delivered,2017-10-12 16:04:40,2017-10-12 16:35:06,2017-10-23 16:24:00,2017-11-11 00:47:47,2017-11-13 00:00:00
51dfe9f034afda72c27c6b01e98526f6,7356ed923effb67be04df8bdbfcb49c8,delivered,2018-02-09 22:44:39,2018-02-15 03:55:52,2018-02-16 19:08:54,2018-03-28 18:05:49,2018-03-28 00:00:00
b059fad2b2e545a813a04d3a482bc50f,4a33ff609e6c3acbd466f282620422dd,delivered,2017-07-17 22:52:59,2017-07-18 00:30:20,2017-07-18 18:42:10,2017-07-20 11:06:24,2017-07-28 00:00:00
90ff3cffbad0c03e76cdb32a788a649e,404625763e1fb3d80a8f2b984a19b1eb,canceled,2017-02-20 11:29:19,2017-02-22 03:22:35,,,2017-03-27 00:00:00
767e4a48d385494c5c662f61f9145530,aa428ada45a0e774da1ecb6830102ca9,delivered,2017-05-14 14:22:46,2017-05-14 14:35:10,2017-05-17 14:14:58,2017-05-24 10:47:36,2017-06-12 00:00:00
34adfe85692f724087a52976282ea92f,64bce8bd37d9f4b8a8d92264a086ba03,delivered,2018-02-16 14:27:22,2018-02-17 03:35:59,2018-02-20 18:44:51,2018-02-26 20:43:06,2018-03-08 00:00:00
0625530241d6fc5812c0062962c29a7e,5a5ff214d077aa3eb285242ed7e36c4d,delivered,2018-06-24 18:35:49,2018-06-24 18:55:46,2018-06-26 09:28:00,2018-07-03 19:25:49,2018-07-24 00:00:00
09c103240d66c0e0d945071a9518d6ee,247741a92e8790b27cea613f7a5d4f79,delivered,2017-02-03 22:33:38,2017-02-03 22:45:09,2017-02-07 17:03:20,2017-02-15 18:55:59,2017-03-02 00:00:00
81c2d284094f3b39baddefb519a30149,7852937a7bba97be33ab2f1577949aec,delivered,2018-02-28 16:07:14,2018-03-02 02:11:18,2018-03-05 23:56:36,2018-03-20 22:03:16,2018-03-26 00:00:00
e58277dbef9d3b789a28903baa9c1a8e,29801c89dd21583fd730e4afd774530f,delivered,2017-03-26 20:25:50,2017-03-27 20:30:18,2017-03-30 14:58:17,2017-04-07 16:50:09,2017-04-18 00:00:00
c182056c231712791b448f605cc15589,1df542b40460b46d1dacf23ef66bf3e8,delivered,2017-11-25 18:50:18,2017-11-25 18:57:33,2017-11-29 22:36:57,2017-12-18 15:26:42,2017-12-19 00:00:00
a7e683a499b23ba394f360777a480a43,b27ef133dc148dcd56ab0549319b1743,delivered,2018-07-28 18:27:25,2018-07-28 18:44:11,2018-07-30 13:48:00,2018-08-04 14:38:48,2018-08-14 00:00:00
106179e2ad058eef3f7aa5b8f7dea1b0,6785394051d55d44a1cf44ebb2d3a4cd,delivered,2018-03-11 18:14:56,2018-03-11 18:28:00,2018-03-13 19:44:29,2018-03-20 21:32:09,2018-04-03 00:00:00
97f24c8a0a4dc245b0a8c4e9b7139e0e,154b550a221177b362f085100e0ea1a4,delivered,2017-07-04 11:00:14,2017-07-05 02:45:20,2017-07-05 12:57:35,2017-07-24 19:12:17,2017-08-01 00:00:00
05eb212cd5b01c76bdb5215a49df19b6,efeb1f8a504d300879922d4cd4a8a0d4,processing,2017-06-28 21:28:34,2017-06-28 21:45:14,,,2017-07-20 00:00:00
58d2daf589cf891698126d1b77ed5860,851258217687b82b84189f26e747d2d9,delivered,2018-06-21 21:08:29,2018-06-21 21:36:27,2018-06-22 10:34:00,2018-06-28 20:07:46,2018-07-16 00:00:00
3933b7e5a1db4b87455b4c0a6c561690,9df17b8d40bc9830bc95cae9b08847e8,delivered,2017-07-14 09:20:25,2017-07-18 06:35:15,2017-07-24 19:32:43,2017-08-09 20:51:30,2017-08-17 00:00:00
61cabe0c7863902624818230a6b61a17,3b3d4b5a0e6e6e335b8b7fcb37c5dd51,delivered,2018-02-12 22:18:35,2018-02-12 22:30:27,2018-02-21 20:42:06,2018-03-05 15:41:37,2018-03-13 00:00:00
631bf0797fc3480d6eae9757b0c816b4,2bfdfc487c9342cc6ceac940adb36c11,delivered,2018-08-16 21:31:19,2018-08-16 21:49:31,2018-08-20 12:41:00,2018-08-27 15:23:50,2018-09-04 00:00:00
b6a89d6b9a0f7e821a59bdb3e44d8420,0d96bcb52476d4965d0b50080cd9a443,delivered,2017-07-26 00:34:08,2017-07-26 00:45:11,2017-07-27 18:17:33,2017-08-10 18:08:44,2017-08-30 00:00:00
6b4186f5efd99b748d530675413ef6cb,b1c0bd0ef7a4ac0bb37c4f2cdc9c30e6,delivered,2017-08-01 12:56:09,2017-08-03 03:10:42,2017-08-03 13:13:53,2017-08-11 18:33:26,2017-08-29 00:00:00
7166e7a4e43979ac3d8e1ce72dde92ec,b2c127d117c6606594c6e499975ebe84,delivered,2018-04-29 15:05:33,2018-04-29 15:15:21,2018-05-02 13:34:00,2018-05-07 22:03:18,2018-05-22 00:00:00
c7c1820a74542b67b30b740697e55d01,ca15767a3c28ef04c7f7b6bb3cace110,delivered,2018-08-15 23:39:52,2018-08-17 03:15:23,2018-08-17 12:08:00,2018-08-24 19:04:44,2018-08-28 00:00:00
b11356165e2d19ac9c425e2f38b770e3,498b577d46347e99e2134f84c42ed257,delivered,2017-02-08 13:23:53,2017-02-08 13:35:13,2017-02-08 15:16:04,2017-02-22 09:46:04,2017-03-21 00:00:00
dd621d7d942344da783d1d390dc06f17,031cd5f826be3d804771e3e3a1b21a1c,delivered,2017-04-30 20:04:38,2017-05-03 14:25:41,2017-05-04 15:32:31,2017-05-23 21:02:34,2017-06-07 00:00:00
3689526fafad22de181f6e9230bb4d49,e4dd83da8d4355e9f69ed371d64d6638,delivered,2017-11-28 15:13:24,2017-11-28 15:34:30,2017-11-29 13:51:53,2017-12-11 17:33:28,2017-12-21 00:00:00
e5b203174e16a24326eca2118bf82a94,d9ecff4f4363cdedd69de972b3f926ef,delivered,2018-05-26 08:26:02,2018-05-26 08:35:18,2018-05-28 15:12:00,2018-06-04 10:18:50,2018-06-26 00:00:00
1da63677fa1ab2793e98f11327b5756a,03651203127d40f0063e5cc08d464b64,delivered,2018-01-29 16:52:05,2018-01-29 17:17:42,2018-02-01 17:52:58,2018-02-22 12:49:05,2018-03-05 00:00:00
232ac1c81c6a84fd76f9653b248b5d92,e516029bbcb3710bc5e9909c47c6cfa8,delivered,2018-07-26 17:41:27,2018-07-26 17:55:16,2018-07-27 12:30:00,2018-08-07 17:08:50,2018-08-17 00:00:00
d6e2b70c5dd291b6a91fa86497fd9221,8bc3c577492dc4722818b1f66b1adba0,delivered,2018-03-06 10:51:03,2018-03-06 11:15:35,2018-03-08 16:49:52,2018-03-26 23:59:41,2018-03-28 00:00:00
94e1a02f0937bbffcdff479b763927cf,145937105270f3b4c5fd6168e12a3b01,delivered,2018-01-26 20:32:40,2018-01-26 20:39:32,2018-01-29 21:26:46,2018-01-31 17:39:24,2018-02-21 00:00:00
f80ad99e797d6ae86865bed1ff9483dc,56f782fa47a9dd4a8afbd385ac3a8061,delivered,2017-12-31 16:52:58,2017-12-31 17:07:34,2018-01-02 16:49:03,2018-01-11 19:48:47,2018-01-18 00:00:00
f1161a389865672e2d7e28e13809e2b1,4f7761afa7933376f5c3372c7b301750,delivered,2018-06-12 23:18:56,2018-06-12 23:41:27,2018-06-13 13:41:00,2018-06-16 13:17:26,2018-06-29 00:00:00
bb87483a5b76ab87a5a3aec0e066526e,f5b2a6ae3c8a7478b891e4f150431c0d,delivered,2017-12-05 13:50:22,2017-12-05 13:58:29,2017-12-12 21:19:07,2017-12-17 16:09:49,2018-01-31 00:00:00
2cb1dbf399fd85ab146055c539b09ccf,0a1431f7019951b42e8a79ca9c9776f7,delivered,2017-10-03 15:35:27,2017-10-04 02:56:32,2017-10-04 19:13:19,2017-10-23 18:21:09,2017-11-01 00:00:00
aceb1960c578f181bef6f5981235eb3f,8a3edfcb25845185d88c9466e067fcd2,delivered,2018-06-25 12:59:15,2018-06-25 13:48:03,2018-06-25 13:58:00,2018-06-28 18:52:03,2018-07-17 00:00:00
f0fd20d755f9483ae15892625f3e603d,358114a3a0d2b8f99e1ac9c0186a7d98,delivered,2018-03-12 15:55:51,2018-03-13 15:50:31,2018-03-15 01:31:44,2018-03-18 17:19:49,2018-03-22 00:00:00
60927505586ab381b9b50e3c6e75d736,a816e8cf96f6008bc1b6d8959654ed95,delivered,2017-10-23 10:33:37,2017-10-23 10:50:14,2017-10-24 15:33:35,2017-10-26 18:16:11,2017-11-03 00:00:00
da395b46cb926910276c0b3ef76b7bab,874b203d77d5ee9f12214a37a6584237,delivered,2017-11-28 00:48:33,2017-11-30 16:39:57,2017-12-01 17:38:35,2017-12-02 15:08:36,2017-12-12 00:00:00
8f22b4b97d1fd2f187f3106ffb0021c4,7543aeacbb6f5814830a5aa5c5c65090,delivered,2017-07-24 13:40:58,2017-07-25 06:43:03,2017-07-25 22:21:40,2017-08-03 19:11:21,2017-08-18 00:00:00
2ea1dbdc60b26f5ec122e844a3f114f7,f563f48019b585df1a59666e2d65c46d,delivered,2018-03-11 19:29:42,2018-03-11 19:47:54,2018-03-15 20:48:29,2018-03-20 21:07:19,2018-04-05 00:00:00
2650915aaf92c36da9a8f87debb7bb59,afe5ae8335a79b230d244dc3b8cf2f53,delivered,2017-12-31 11:31:58,2017-12-31 11:39:28,2018-01-08 16:49:34,2018-01-16 17:46:06,2018-02-06 00:00:00
9f9dbdaa390ccbff68e07b6181e0b06e,1c50cf6bd2a4fb1fa75dfcc08e3b879a,delivered,2017-10-14 14:54:36,2017-10-14 15:07:11,2017-10-16 19:12:06,2017-10-26 21:59:43,2017-11-03 00:00:00
361153d26935f66999c5164b09c19710,fa4182fa28e02b3aefc1f6c07f26ecc1,delivered,2018-08-10 17:04:52,2018-08-11 02:35:13,2018-08-13 12:20:00,2018-08-16 16:28:56,2018-08-20 00:00:00
ed35e61f1ad9eb350bf81839d6bbda23,cbf1262d4b7a8d68888233f1aba4919a,delivered,2017-05-23 18:48:27,2017-05-23 18:55:11,2017-05-25 17:50:07,2017-05-31 11:44:10,2017-06-14 00:00:00
d40e7a80365572af2e27d31a9cf79169,d01c7d818c6b39a0657b11a9e85f99d2,delivered,2017-06-27 14:26:48,2017-06-27 14:43:58,2017-06-28 09:10:19,2017-07-04 16:02:38,2017-07-17 00:00:00
0b1651a280049a50402bc56d50785c3c,1681ec16c9d648d3ce572488919a48d6,delivered,2017-09-28 13:13:18,2017-09-29 02:30:57,2017-09-29 20:18:50,2017-10-16 15:58:49,2017-10-24 00:00:00
73d6995833620101fc0275c451f6f9e2,79bb38211c0224e3862991d3557a5828,delivered,2018-04-18 08:20:29,2018-04-19 02:51:29,2018-04-19 18:26:47,2018-04-26 17:36:53,2018-05-17 00:00:00
1ecd8552c5fabe586455a849370b4198,bafadd13406a662c71cd8df5794cad55,shipped,2017-05-24 18:32:55,2017-05-24 18:42:44,2017-05-29 12:23:14,,2017-06-20 00:00:00
eb994ff501ea0ee354f36776225f3fb5,c9802360688432c3bdd2b2b29b3514d9,delivered,2017-08-06 12:27:22,2017-08-06 13:04:21,2017-08-10 19:33:18,2017-08-18 18:10:46,2017-08-30 00:00:00
b1d5751557bca097afe9c461a22cdc0b,f41d8c045d64733f404e956aef3e569d,delivered,2018-05-18 15:05:30,2018-05-19 15:11:02,2018-05-21 15:01:00,2018-06-04 18:33:08,2018-06-22 00:00:00
23640e7307c51b05dd5ce3b34dbce5b7,68e58c93aaeae25328b25a47d3155af1,delivered,2018-08-16 09:05:16,2018-08-16 09:15:14,2018-08-16 12:45:00,2018-08-17 20:48:39,2018-08-22 00:00:00
5b0cb832563a9fc75605f9edea8fba22,e3a3727c218826c94669cd0f5c035c52,delivered,2017-10-13 23:04:40,2017-10-13 23:25:41,2017-10-16 22:23:29,2017-10-25 18:56:05,2017-11-08 00:00:00
c7c821c9f5e125961eeb3e195dc8fcb4,408ae50d6802e888491a09c0c6aae8ef,delivered,2017-07-19 08:35:51,2017-07-19 08:45:15,2017-07-20 19:00:01,2017-07-28 17:28:43,2017-08-22 00:00:00
ecb7b1b5d15cf872f986f88e7344d9ed,26a79255059d6bc824df6e1e97def249,delivered,2018-08-06 22:25:21,2018-08-06 22:35:18,2018-08-08 14:04:00,2018-08-14 00:37:51,2018-08-28 00:00:00
38933687de905dff1914deea4ce58a0d,41bc17101bda1494ebca12a3705b262b,delivered,2018-05-03 19:13:44,2018-05-04 02:51:45,2018-05-04 08:04:00,2018-05-22 20:28:54,2018-06-06 00:00:00
bede3503afed051733eeb4a84d1adcc5,919570a26efbd068d6a0f66d5c5072a3,delivered,2017-09-17 16:51:43,2017-09-19 04:05:52,2017-09-19 20:22:49,2017-09-28 18:14:35,2017-10-11 00:00:00
b9e0c2dfab4b400170fc1bdc4765a35e,2754a7cefac9fb43b30e62440b7f41a4,delivered,2017-09-29 18:13:42,2017-09-29 18:28:18,2017-10-03 17:05:51,2017-10-11 20:52:37,2017-10-27 00:00:00
266db02796689abfdcdec737742b6c8a,4ca563f7c94e7c1c7fedb3512b510c0b,delivered,2018-08-23 11:43:36,2018-08-24 03:10:18,2018-08-27 11:25:00,2018-08-30 20:28:44,2018-09-05 00:00:00
71b4f27c8c24d17a3c51c2e10613fa23,3dc8cf64aaa71f55d02fe4f0ebf4efce,delivered,2018-05-22 18:58:59,2018-05-22 19:17:30,2018-05-23 15:08:00,2018-05-24 22:36:20,2018-06-05 00:00:00
e37e8b2274cafef8334e4f7f8e2eda80,87d9342da9faa41e0c4d640759318436,delivered,2017-10-21 18:17:37,2017-10-21 18:28:42,2017-10-23 19:04:01,2017-10-27 16:17:29,2017-11-21 00:00:00
91bcb2a4582479914b3c1e17a7464caa,6c9aa2a966336aff2f22be9da776f8c8,delivered,2017-12-14 00:29:03,2017-12-14 00:36:23,2017-12-26 18:49:55,2017-12-30 13:11:05,2018-01-17 00:00:00
9fa3ac86373c11b7d4604b966602a778,fdf542a9656a9ce9cb0bb1a30a56f1e3,delivered,2017-11-24 15:44:49,2017-11-28 02:53:36,2017-12-01 03:13:39,2017-12-09 15:39:01,2017-12-27 00:00:00
9a1f54eaf9aeef72861a0838a4d6715c,6d26c6abae432e3e8cfec8309e20ccdc,delivered,2018-04-16 14:39:27,2018-04-16 15:15:37,2018-04-17 17:05:29,2018-04-19 01:54:37,2018-04-30 00:00:00
82ba09cde004c6bcefd36545670ac5de,61523d11d253c053d2567669b8e761d6,invoiced,2017-12-05 21:34:58,2017-12-05 21:58:41,,,2017-12-29 00:00:00
57310609001cf90e2292085b36b8609c,9131c8f842bc6cf0844b3464a4205b02,delivered,2018-04-13 00:47:05,2018-04-13 13:35:24,2018-04-13 22:48:29,2018-04-23 19:56:48,2018-05-07 00:00:00
c9228d6b986db23662580682699083d2,2f3798854c73781e826856a4f3336bba,delivered,2018-03-23 15:02:42,2018-03-23 15:15:22,2018-03-26 19:47:27,2018-04-13 20:24:22,2018-04-16 00:00:00
6c460532021f5ccc4559bd6b46086408,eedaf60ee523753b6cf22c9a81ccd8da,delivered,2017-11-24 09:14:28,2017-11-25 04:33:25,2017-11-28 18:06:54,2017-12-06 20:46:30,2017-12-14 00:00:00
266f8c8ad2326ea2f2272adcb43b7ed9,b11343590580fa3b3ac95097d0b739f6,delivered,2017-11-04 12:02:33,2017-11-04 12:15:40,2017-11-07 15:47:50,2017-11-14 17:41:31,2017-11-27 00:00:00
96d3715ccba9f1142b73c862c1c9c322,4bd8f16f1eea99ae36382282aa03d538,delivered,2017-11-09 20:32:33,2017-11-09 20:47:13,2017-11-10 13:39:27,2017-11-20 20:41:26,2017-12-11 00:00:00
df85286f77ee8760333080a6b3bb97d8,1f59c9e6b19ba3dad43015a93678f878,delivered,2018-02-11 15:53:46,2018-02-11 16:27:44,2018-02-14 19:51:40,2018-02-22 22:39:02,2018-03-09 00:00:00
0c3a3b87904bb79c4042f7e75896b56a,7ae2c19d2a758e510d43a9ba38abf6d3,delivered,2017-12-26 19:09:28,2017-12-26 19:17:25,2017-12-28 16:19:01,2017-12-29 17:19:03,2018-01-16 00:00:00
21235c5a99a117c776a72a4de3276027,a5c7faf5cec9b387040c3e5bf4d71925,delivered,2018-05-14 21:59:25,2018-05-14 22:10:34,2018-05-15 10:32:00,2018-05-24 14:18:29,2018-06-04 00:00:00
bcdab55f44bb436dc1b014c0cd004cf8,e8efbd6f49cf9ead02dcb759c6c07e6b,delivered,2018-08-13 14:44:15,2018-08-13 14:55:21,2018-08-14 10:11:00,2018-08-21 22:11:14,2018-08-27 00:00:00
8bfc63af64083bd9e303d2732bd62470,489edc9908dfebf174395c3ca974586a,delivered,2017-10-09 17:27:45,2017-10-10 17:35:48,2017-10-17 11:32:07,2017-10-27 17:28:15,2017-10-30 00:00:00
59c134c32edc0046c31ad8bd6f521b61,4a5eab03ad0ee1503ed736150a484cda,delivered,2017-11-21 14:45:07,2017-11-21 15:22:11,2017-11-22 21:03:23,2017-11-25 15:21:09,2017-12-08 00:00:00
bd00d34f6838a36ae481384a997575ec,2ad3de0c1767ab3a9c0949d992573b33,delivered,2018-02-03 16:33:28,2018-02-06 04:33:20,2018-02-07 18:16:59,2018-02-28 20:36:04,2018-03-05 00:00:00
e72bc47a7e87d43a6adc5f80b90786e9,1752af45d5caebc15239fd7071e68990,delivered,2017-12-03 13:26:38,2017-12-05 04:18:34,2017-12-07 21:51:36,2017-12-19 22:14:59,2017-12-27 00:00:00
9ada0db3646e21d9c02c794e3ff4f202,3b87fadef1d076676e27d1696baca9de,delivered,2018-03-24 12:00:32,2018-03-24 12:15:43,2018-03-27 19:42:15,2018-04-02 20:52:10,2018-04-12 00:00:00
21f2dc64dc574bc823e5c05420267860,a39064d8efead91ba8c5e3617cf2a108,delivered,2018-07-23 17:14:12,2018-07-23 17:25:59,2018-07-24 13:21:00,2018-07-30 19:58:38,2018-08-07 00:00:00
8c552a81cd185f54e557a0c955602a75,ceb3ed4e8ea33e599750c82eb23e50a1,delivered,2018-08-06 12:43:05,2018-08-08 03:30:21,2018-08-08 14:10:00,2018-08-10 09:32:01,2018-08-14 00:00:00
ea974c111a2a711f43305d2968ffa86e,25cc5042606c108675729a1e2967486f,delivered,2018-02-22 23:33:58,2018-02-22 23:47:52,2018-02-26 22:17:43,2018-02-28 22:12:58,2018-03-12 00:00:00
1e34943faee67957ebdc93ece5a8f906,e7d9c6487ba15bee967f0f1305c75c8b,delivered,2018-03-26 21:34:55,2018-03-27 21:30:12,2018-03-29 23:18:31,2018-04-03 15:13:01,2018-04-19 00:00:00
8fa458f76ef73aca3834d8092d86dd10,5cc6b88d94db4f81637649570a0b2b91,delivered,2017-05-19 11:00:27,2017-05-19 11:10:24,2017-05-22 13:13:52,2017-05-25 16:34:48,2017-06-12 00:00:00
ef0b0dd189a432d8d66f2856c5d3f28a,3fb25fc9b3e15d10e46b7bcc3288f537,delivered,2018-06-09 15:33:28,2018-06-09 15:50:18,2018-06-11 14:46:00,2018-06-18 20:32:30,2018-07-04 00:00:00
c1c4911d5c28f6d20c01a3ce2e2b8413,9bfd2b30a2249cea0e84f81315122e46,delivered,2017-12-15 11:31:43,2017-12-15 11:53:12,2017-12-18 18:34:16,2018-01-12 20:28:17,2018-01-11 00:00:00
c163feacff02c34f3c3bcee4b6fe3552,eb84d1592d2c84ff5f8e411cd50c5469,delivered,2017-08-21 18:31:40,2017-08-21 18:45:08,2017-08-25 15:36:39,2017-08-30 18:04:50,2017-09-11 00:00:00
aa742a222149269edb62a3fc79cf52cd,81c919be7bba7184cb1cd8dc446c2e31,delivered,2018-03-19 11:00:50,2018-03-19 11:15:39,2018-03-20 22:41:50,2018-03-29 17:21:03,2018-04-19 00:00:00
47a0dd64c37d493b6979b404f36ccc6b,c6ec65616e5bed7851ebf6ebf0f1adc3,delivered,2018-06-20 15:05:32,2018-06-20 15:19:37,2018-06-21 07:23:00,2018-06-25 17:36:37,2018-07-16 00:00:00
f5c1da9aba0b0b41ec20f6771bfd060a,55cf037bf8aab8f9546a9ef52eade642,delivered,2018-07-16 21:51:51,2018-07-18 02:55:22,2018-07-18 14:10:00,2018-07-23 20:42:17,2018-07-30 00:00:00
3b2d47df8aa11bc72eb017ae96631c4d,ca98f9d0b9cd527137b99812c0e0b918,delivered,2017-08-22 21:52:58,2017-08-22 22:10:35,2017-08-24 16:13:40,2017-08-25 20:30:02,2017-09-08 00:00:00
c506c39efc92ce2be6baf5046afef5c8,7af5709a72b86f251d59e55bc5d35c4c,delivered,2018-01-15 11:31:45,2018-01-15 11:50:23,2018-01-24 22:56:45,2018-02-01 16:53:05,2018-02-16 00:00:00
6762c128b601a5d3cf6c51958ecec54f,1636ea836eb8309398c3a98f0fcf4951,shipped,2017-04-03 14:51:22,2017-04-03 15:02:41,2017-04-03 16:06:52,,2017-04-27 00:00:00
4f2fa4f9710bf00b09c28ac555393d2a,c73e6e8a8b134f319bf99f491bfc147f,delivered,2018-07-17 11:34:34,2018-07-17 11:45:17,2018-07-18 14:30:00,2018-07-24 20:26:37,2018-08-07 00:00:00
fc8396075ce143601c2d9e44e8e7777d,d1dbb00932fd17771d25a90c9f3feedf,delivered,2018-04-25 16:50:39,2018-04-25 17:15:26,2018-04-26 15:08:00,2018-05-02 15:09:01,2018-05-10 00:00:00
ee44ba984c6672cf6f87358e64b63a64,8bd2b8776a440399acfa350e269736b3,delivered,2018-01-15 09:45:25,2018-01-15 09:56:30,2018-01-25 05:06:11,2018-01-26 23:28:52,2018-02-05 00:00:00
9a1ee1a8feb17ebd8368c1b36e97bac1,e2959190c63f7e405ee99e28c372a9b1,delivered,2018-01-30 15:25:29,2018-01-30 15:35:39,2018-01-31 14:09:06,2018-02-08 23:39:30,2018-02-21 00:00:00
8baa038ccba688e5d3c2d087d7ac5ca2,be55be4c49ea283f0f51ba4b332568bb,delivered,2017-04-14 14:28:24,2017-04-14 14:41:50,2017-04-20 12:57:26,2017-05-09 12:22:31,2017-05-18 00:00:00
6a618b375464d738bf225aa25553e50c,327c1945b6d3f759f3ff4a9f89f8058d,delivered,2017-11-08 16:05:25,2017-11-08 16:16:02,2017-11-10 20:18:37,2017-11-16 21:29:18,2017-12-05 00:00:00
f1460ccc2a627656b01d6b9301f66c5a,dd66b821762c71af5c8b3a0cb4e436a9,delivered,2018-08-13 18:39:22,2018-08-14 18:35:08,2018-08-15 15:19:00,2018-08-23 15:32:30,2018-08-27 00:00:00
c821401a2442b0b99428fb297c4b127c,1ecf434b5a01864957c940be8862e457,delivered,2017-12-17 19:07:07,2017-12-17 20:10:57,2017-12-19 00:38:43,2017-12-27 12:35:17,2018-01-11 00:00:00
e8ddca0d6240b571472906ab8a331f85,626820bab85cb11f5acf1873ed3c6dd4,delivered,2018-04-24 20:06:47,2018-04-24 20:33:12,2018-04-25 14:19:00,2018-04-26 22:03:26,2018-05-08 00:00:00
48e715c549b6c9eb4ac2c75f6df8b01e,7cd85ff9a069e8822b0f0b328e9f7dc4,shipped,2017-04-29 21:12:29,2017-04-29 21:22:35,2017-05-04 15:51:51,,2017-06-06 00:00:00
7ecf083716ec54fd45fc322a9ecd0e23,4d5e2385658717cd75dee70afb887aca,delivered,2018-07-08 21:54:10,2018-07-08 22:05:23,2018-07-10 08:26:00,2018-07-11 21:51:34,2018-07-19 00:00:00
07c670122da5df034ba8618528ed9bc8,f0e4a95200a47e2ae1aa8e8c1af0b24c,shipped,2017-08-16 19:23:50,2017-08-16 21:04:42,2017-08-18 18:31:57,,2017-09-08 00:00:00
cfe7e131a001d6fa542824cdc23399fe,b629e16459b744364da70da3e72f761b,delivered,2018-04-22 08:20:28,2018-04-24 17:57:03,2018-04-24 22:38:59,2018-04-28 00:08:46,2018-05-23 00:00:00
e17e4f88e31525f7deef66779844ddce,f8a3e963a310aa58b60a5b1fed5bceb5,delivered,2018-04-24 16:16:53,2018-04-24 19:04:19,2018-04-25 17:01:00,2018-04-27 16:42:17,2018-05-09 00:00:00
6167cbcf55c4f79a6a86d57b3b7e7a2f,8f6059cbe139bc7a6136ac455d713c40,delivered,2017-06-27 10:43:21,2017-06-27 11:04:19,2017-06-27 15:20:16,2017-06-29 13:12:53,2017-07-19 00:00:00
e12fe57998130b5374d8c1a89d367c04,6da402a6d134597d6717d704067ad269,delivered,2018-04-13 15:05:35,2018-04-13 15:33:18,2018-04-18 22:41:32,2018-04-19 23:14:47,2018-05-02 00:00:00
793e4123530e5d56e9ac29206774799e,6f93628134917fa9395a84f69c6a15da,delivered,2018-08-09 20:14:39,2018-08-09 20:30:12,2018-08-10 15:18:00,2018-08-17 14:38:39,2018-08-23 00:00:00
737ec1b843e5c26b0f026c0254d3ad67,3af72ade715e12875a9d23d275ac773d,delivered,2017-09-07 12:18:16,2017-09-07 12:30:19,2017-09-08 20:13:48,2017-09-12 19:59:47,2017-09-27 00:00:00
98118a946846ed39501f78fef6ff3ea7,16a2e2b2a97824fa864facd6f2d0d6ae,delivered,2018-03-02 22:33:06,2018-03-02 22:55:34,2018-03-06 02:45:29,2018-03-09 17:24:46,2018-03-16 00:00:00
950f0e1bdbb03fb26f76d3373ad70e54,c78ce21cb11b3b0ceacf5be3e158f502,delivered,2018-03-03 17:11:26,2018-03-03 17:29:12,2018-03-05 22:48:41,2018-03-13 00:51:30,2018-03-21 00:00:00
8baf28445cb6bb0afdb2e6c88c8287c3,4ee2995e626e330876459ac7b9e7f517,delivered,2018-03-29 14:20:38,2018-03-29 14:35:08,2018-04-11 01:34:49,2018-04-16 15:46:40,2018-05-07 00:00:00
470aaf67aea3ff90fa50bada79776333,ef33e82dcfe1d7e0e75624c35f17cb8b,delivered,2017-10-09 21:06:49,2017-10-09 21:14:38,2017-10-10 19:33:24,2017-10-23 19:13:02,2017-10-27 00:00:00
f731b243c311f0d8e1dc406d1d5eb1e4,784670620bb3b37e93bde269994d5d4f,delivered,2017-05-02 08:55:49,2017-05-04 02:50:35,2017-05-11 10:06:03,2017-05-27 10:13:52,2017-05-25 00:00:00
b3b79c755af727f1f4f48351296842c6,24fee86a288d8c480e32c9ebe2520e6c,delivered,2018-02-20 08:42:27,2018-02-20 08:56:14,2018-02-24 18:27:51,2018-02-28 17:16:54,2018-03-15 00:00:00
3a7ca38e787a31a356329fad4b45ac35,daf6556f032ed495209024a61f359cbc,processing,2018-02-16 08:57:03,2018-02-16 09:07:08,,,2018-03-14 00:00:00
8f9c062eb4d6a81cd9d24beeb532e0f8,9a91eb50cf55e8c29be0025166f06f38,delivered,2018-07-26 13:40:34,2018-07-26 13:50:24,2018-07-27 10:56:00,2018-08-04 14:36:50,2018-08-15 00:00:00
c531e20fbbaf3e7302ff967fb3c7340b,da8692c491948c8f9de006cfe9d2ad67,delivered,2017-07-30 23:10:56,2017-07-31 23:30:16,2017-08-03 18:47:31,2017-08-11 15:46:41,2017-08-22 00:00:00
f01040f161c801679c263084377b85e8,20b527208d23dd761d0f26fa4f788a37,delivered,2018-01-31 11:09:55,2018-02-01 02:35:59,2018-02-01 17:17:48,2018-02-17 00:03:56,2018-03-01 00:00:00
a7ef78c3a5df5c8ec972fec1bda6c55c,a4275ab53821438a83cf6e6dfe85f88b,delivered,2018-06-19 13:21:35,2018-06-19 13:38:00,2018-06-20 14:45:00,2018-06-29 20:57:15,2018-07-11 00:00:00
5f88cd646a937d40a9514fb0e587269d,ac25eef5399014681463e939fae1dfd4,delivered,2017-09-16 13:15:00,2017-09-16 13:30:13,2017-09-18 14:45:59,2017-09-19 17:11:58,2017-10-05 00:00:00
9fdf7b5e959065e5c0d14fbc37b751d3,e474230f2f2d8886595d470351fbadba,delivered,2018-01-06 15:20:06,2018-01-06 15:31:49,2018-01-08 23:38:00,2018-01-12 22:48:07,2018-01-31 00:00:00
3fc956a467f7ebdb94ce31e7ff8dd95b,68c2e9de3671404a8f65a869f7a61e5a,delivered,2018-05-19 13:07:57,2018-05-19 14:18:52,2018-05-22 15:39:00,2018-06-07 21:06:27,2018-06-21 00:00:00
17854cb973394948ffc171595b2ea615,6c07c8c0969167614207678f7235bdf1,delivered,2018-06-24 18:48:25,2018-06-24 19:20:02,2018-06-29 15:08:00,2018-07-02 19:07:45,2018-07-13 00:00:00
1ee8f299315c112e3442b232cb9c6f3c,e428b952c1e0d1092005f58e3123b545,delivered,2018-08-07 19:00:24,2018-08-07 19:24:56,2018-08-09 13:38:00,2018-08-20 20:21:38,2018-08-24 00:00:00
25f6a84bb4462034741cec7bbc139f9c,8e68059b819a389508e2a37f46343e60,delivered,2017-05-19 20:19:38,2017-05-23 04:10:16,2017-05-23 14:37:35,2017-05-30 15:06:35,2017-06-23 00:00:00
eb11c7ec7dd5cc671f15b4de6672aad6,5f3723cda88a7d6657c5a210014def9a,delivered,2018-02-08 13:17:12,2018-02-08 13:30:34,2018-02-08 23:48:31,2018-02-09 14:21:48,2018-02-26 00:00:00
458661c70cd0af0cb182a2afb5033c8a,7cbcf7f49823f300c2309bb4344c0e61,delivered,2018-05-10 12:03:12,2018-05-11 03:37:47,2018-05-11 16:28:00,2018-05-18 20:58:43,2018-06-05 00:00:00
e6fab5eab715bc4786f1f555aac7b32b,cc4b3ff0e95d7cb184dda30ab5e1e255,delivered,2017-05-15 14:45:10,2017-05-17 03:45:08,2017-05-18 10:27:38,2017-05-23 15:34:35,2017-06-06 00:00:00
eb3f49181d8f9fb967004f264af0b329,6582b96a9add89bd4a5a7a6b5b9391b6,delivered,2017-04-09 15:32:33,2017-04-09 15:45:16,2017-04-12 10:27:55,2017-04-17 09:59:04,2017-05-02 00:00:00
d97964c911feff7a28e51777c2ffbc7f,f9b311e286445b71d5b5d0ec5b3076ab,delivered,2018-02-02 15:46:22,2018-02-02 16:08:59,2018-02-07 15:04:46,2018-02-14 18:34:37,2018-02-26 00:00:00
679d28292ba2c51a735c96d9e8b7ab8e,7971bf17081196035ea5dc10000cb21f,delivered,2018-06-30 00:31:28,2018-06-30 00:50:30,2018-07-03 08:29:00,2018-07-11 22:52:20,2018-07-31 00:00:00
36fa95f01d9fbb6f3605c6b758460ce0,9aa55c2ab36b9f183627f984104cfd73,delivered,2018-01-31 14:21:33,2018-01-31 14:50:12,2018-02-02 23:24:15,2018-02-20 22:50:23,2018-03-01 00:00:00
f422fc9079ad77e0ec5a6ef2fbfc51cb,f7b2dd42915166febfae34a4925e2733,delivered,2017-07-24 10:53:05,2017-07-24 11:05:24,2017-07-27 14:37:37,2017-08-03 17:57:43,2017-09-06 00:00:00
3f2502be2cb245c8c7ca170ddf39465b,f6f66dd6fa586fba39dc2484d0ab4947,delivered,2018-03-27 11:23:09,2018-03-27 11:35:14,2018-03-27 21:59:58,2018-04-20 19:17:33,2018-04-24 00:00:00
3a2012438f0919dc24e43b9e8b21c4f1,391896deec196c10c6829f9f4e4ce719,delivered,2018-03-02 18:12:57,2018-03-02 18:33:38,2018-03-09 23:04:10,2018-03-23 20:07:49,2018-03-27 00:00:00
af099467911b979b79b3a49231876086,6a2896a95ecb9df4c195ac3ba4139cf7,delivered,2018-02-28 09:48:37,2018-03-01 09:55:58,2018-03-01 20:22:39,2018-03-18 16:56:33,2018-03-19 00:00:00
878a17cea3ed0bda2fb9726c2d4ad57c,d75f7a65c23672520fa4dc4125443ff9,delivered,2017-11-23 13:16:55,2017-11-23 13:26:27,2017-11-29 22:48:24,2017-12-06 22:35:10,2017-12-15 00:00:00
49b569121eeb2f246d369618b5804605,7fb28b72559f15550a82e040b117dcc6,delivered,2018-02-13 19:22:25,2018-02-13 19:30:32,2018-02-16 22:18:27,2018-02-28 00:56:06,2018-03-19 00:00:00
6d2fc09d62a66a0e432cb3d6e98a504e,741a12b94b48a426f2cbd87b83a62c29,delivered,2017-10-07 22:32:50,2017-10-07 22:49:13,2017-10-11 23:06:19,2017-10-13 22:47:35,2017-10-30 00:00:00
191c451ac0475419ae3c6e7dd134545d,595db1a58f8b33d7c1358fc3d894c1a4,delivered,2017-04-07 19:48:37,2017-04-07 20:03:09,2017-04-12 06:52:48,2017-04-19 15:58:05,2017-05-03 00:00:00
dc8e3dc6a8e29fdc96bb539516a4a175,cd4df1ae5312a4ec95eebf39cf52dbd1,delivered,2017-06-10 18:28:28,2017-06-10 18:42:35,2017-06-13 09:55:42,2017-06-19 14:17:54,2017-07-11 00:00:00
38eb881851d90ec36b46d10b81792089,9605611724e3d18d409d01f49f56ff54,delivered,2017-01-27 09:29:40,2017-01-27 09:41:26,2017-01-30 10:14:02,2017-02-07 11:33:44,2017-03-09 00:00:00
4c093f4ead050e56e7c9087f8530fd21,a79fd52fe8c942a0041742458df8cc62,delivered,2017-08-09 23:01:43,2017-08-09 23:15:18,2017-08-10 15:34:11,2017-08-14 20:12:41,2017-08-22 00:00:00
396f84886eb4046aa249fdf2aacf3994,1be6957e14f6abf03bda9e6529df876e,delivered,2017-11-29 16:20:51,2017-11-29 18:10:31,2017-12-02 15:34:43,2018-01-08 15:50:32,2018-01-02 00:00:00
1e6df4ea0f78bcf1e9e1a3abf97f28e1,462903f7a882d16b16e174dfec5aece4,delivered,2018-05-03 09:31:04,2018-05-04 03:52:03,2018-05-04 13:27:00,2018-05-11 18:22:06,2018-05-21 00:00:00
1373f8a3742861c26892cc2aab7c41e1,630b189fb0c73900cf3360c4a795680e,delivered,2018-05-23 14:33:25,2018-05-23 14:54:47,2018-05-24 12:15:00,2018-06-04 15:14:41,2018-06-19 00:00:00
2eadb8e36b6d6465dc9e2e3f3b95751d,a71faac9f56802e89e3ae192fd53f1af,delivered,2018-01-24 14:20:08,2018-01-24 15:18:28,2018-02-09 15:05:47,2018-02-28 19:41:40,2018-02-21 00:00:00
f2b0b1751d796ee3bf5df90cb7c1c213,fc329f76b6bbfcdb6faafd1ec6c2dcc2,delivered,2018-05-29 22:00:30,2018-05-29 22:13:57,2018-06-04 11:02:00,2018-06-08 22:57:44,2018-07-04 00:00:00
0fc8b7fbf6a7c5ab753e2e3d0ae70d8f,9d8b2a0211096189deeed55864ca3f7e,delivered,2018-08-05 14:43:30,2018-08-05 14:50:22,2018-08-07 21:27:00,2018-08-14 03:56:47,2018-08-16 00:00:00
f6574123907a6dbd5a6815a933352dd1,f00a40a998dc124f39d13639c2b0ab89,delivered,2018-08-14 21:17:37,2018-08-14 21:35:08,2018-08-15 15:01:00,2018-08-16 16:47:54,2018-08-22 00:00:00
1dca2485fad83accbda87a3a319645df,2d88629a83d26875a27469aae1ca4e59,delivered,2018-06-07 12:21:11,2018-06-08 03:13:33,2018-06-08 12:09:00,2018-06-13 19:51:10,2018-07-03 00:00:00
35066d34d3d361931bd8dbad2a94bb0e,07b37fbfa3d8fe1c16ace64c754b4b0f,delivered,2018-06-28 07:49:51,2018-06-28 08:10:41,2018-06-28 14:38:00,2018-07-03 20:21:35,2018-07-19 00:00:00
bef0a9fd3674bdfdb2a292fab7793cfd,15ecd23b1acbeaad411b5e7fadb5b82a,delivered,2017-11-29 11:03:39,2017-11-30 02:23:36,2017-12-01 20:52:33,2017-12-18 11:59:02,2017-12-22 00:00:00
225876f643a4b8aaacc6afc0aa77db8f,e6cc2c8d49315f74f3e69afa6612828b,delivered,2017-11-17 13:12:02,2017-11-17 13:46:40,2017-11-22 18:18:34,2017-11-28 17:49:01,2017-12-07 00:00:00
08e4ca5f437f69407fb01cabd2d7a0b8,597bd0e14e006030f62d7f250c38cdc8,delivered,2018-03-29 11:14:04,2018-03-29 11:28:09,2018-03-29 23:27:22,2018-04-09 18:14:51,2018-04-11 00:00:00
e560cc6069dbeeb38995174a47c13674,b31b732721552a38f5e8c1a10ea02399,delivered,2017-11-28 11:42:49,2017-11-29 02:16:41,2017-11-29 14:37:27,2017-12-26 14:37:08,2017-12-29 00:00:00
f785d080775c235e41c1bd3326841a93,8bf454b89beff2ec924926ab56882cc1,delivered,2018-06-26 17:21:03,2018-06-26 19:04:13,2018-06-28 14:56:00,2018-07-04 18:28:39,2018-07-19 00:00:00
171d3263754e4e5227db940932f6a97f,e5dd90b1403b3e5fc69a12644aeee5bb,delivered,2018-04-04 22:39:54,2018-04-04 22:55:09,2018-04-26 15:10:00,2018-04-30 17:09:50,2018-04-17 00:00:00
98c927d938727c3ea7afd9a8f96c14bc,d436c42addfe867533ea17b839311b5f,delivered,2017-02-20 22:06:53,2017-02-20 22:15:16,2017-02-22 13:37:41,2017-03-02 11:54:24,2017-04-06 00:00:00
2a463210d1a9df13867520674e9358dc,ba0bfb46dd7216784ecd3695c4ee60d0,delivered,2017-09-07 20:34:30,2017-09-09 04:50:06,2017-09-11 21:23:04,2017-09-15 20:35:40,2017-10-03 00:00:00
cc06f04e742657f674ab020cdb9ab887,e32a0c2d53e5a5e6102eb41cbaa3d645,delivered,2017-07-11 22:28:49,2017-07-12 00:32:15,2017-07-12 17:07:36,2017-07-19 17:41:47,2017-08-11 00:00:00
4ce497c83d9c68348561cada6e2a2869,024ae08edb07b933f90cf66233749218,delivered,2017-09-26 07:57:17,2017-09-26 08:07:11,2017-09-29 17:13:37,2017-10-09 16:28:20,2017-10-20 00:00:00
3ea2afb905927c34e0283d00eb811103,bcf8e0126c082f9a8a07d18687265bcb,delivered,2017-09-21 22:42:44,2017-09-21 22:55:12,2017-09-27 18:24:54,2017-10-03 21:40:12,2017-10-19 00:00:00
e395f41a7b2899eae1063fabe767e755,25e7d85f9b7b93a7f0b5c1021faaa3e4,delivered,2017-06-14 02:13:46,2017-06-17 03:20:08,2017-06-19 21:14:49,2017-06-28 14:49:46,2017-07-12 00:00:00
809866afc43dd3f06fc471f5eebe53e6,f72fbb835edf6b8939d099b436e89f49,delivered,2017-08-05 19:34:53,2017-08-05 19:50:11,2017-08-11 21:14:28,2017-08-16 21:05:56,2017-08-31 00:00:00
2f4f4e713ba94c2880bd26d5adb142e1,5f95660fe02859083a84e50cc6a23f48,delivered,2017-05-30 09:53:32,2017-05-30 10:05:20,2017-06-06 05:49:35,2017-06-16 15:17:36,2017-07-07 00:00:00
b6ac9e1564a4ab43f7958280ebc3ea23,2328fde11c9510cb7674a4bc73ce2075,shipped,2018-01-08 17:11:17,2018-01-08 17:18:33,2018-01-13 03:52:27,,2018-01-31 00:00:00
41ec1c3e85fe3ec775c90dc99e697991,74286e84c53dc33b9ea00c5b20274a5e,delivered,2017-08-07 10:19:47,2017-08-07 10:35:19,2017-08-08 16:22:17,2017-08-17 18:07:49,2017-08-29 00:00:00
90f5bc49a00bbb174525836eeacc4970,fd07331c4101d0fdb0a32655958da8d5,delivered,2017-10-18 23:23:06,2017-10-20 02:45:57,2017-10-20 16:29:29,2017-10-28 13:52:57,2017-10-31 00:00:00
d4c73de44c6a4b71eb3d06d3b362d57b,3de901159b2d9cea0b4b358a5d5afdc6,delivered,2018-06-12 00:00:58,2018-06-12 00:56:25,2018-06-12 13:09:00,2018-06-26 22:44:31,2018-07-16 00:00:00
1100a32038f8a2194f67f0cf30cb434e,e53d099c01ad635b7dca18573d4ab1ad,delivered,2017-05-04 15:01:04,2017-05-04 15:10:21,2017-05-05 09:11:21,2017-05-17 08:54:45,2017-06-07 00:00:00
d8be9ae1b47e841991f6985619f70ddb,c511befcf798066fca8ef14738aa0468,delivered,2018-04-01 23:37:16,2018-04-01 23:50:20,2018-04-04 12:33:00,2018-04-16 20:14:36,2018-05-21 00:00:00
e55ccf4e8ae6aa77431729b1bf96d741,a05d492275cc70b7edef237403ef8fed,delivered,2018-06-12 11:56:40,2018-06-12 12:43:42,2018-07-03 13:55:00,2018-07-12 18:58:24,2018-07-05 00:00:00
25a404f22637eb472d87aea1b5358908,37477516d7b6f959ce137f49f1842a72,delivered,2018-02-08 10:08:50,2018-02-09 02:50:40,2018-02-09 19:35:13,2018-02-21 10:33:23,2018-03-06 00:00:00
bd64d101b15234bb5f46c6b01ec42aa1,74c1341b048d9fb5284b1abec60c4eb6,delivered,2017-05-08 11:07:47,2017-05-08 11:22:32,2017-05-12 15:21:54,2017-05-23 23:43:29,2017-06-20 00:00:00
16587ab039631e704fecc41c056967a5,1fd573985161f34c098e4a0eb1e3ae71,delivered,2018-03-27 17:10:20,2018-03-29 13:28:50,2018-04-03 00:31:30,2018-04-12 12:44:34,2018-04-13 00:00:00
0dcaff4e23cee08bff0fe78261d1baaa,628a26e8b89edee1e4c60264818ebe63,delivered,2018-03-09 15:10:41,2018-03-12 08:35:28,2018-03-12 21:26:54,2018-04-06 21:38:27,2018-04-16 00:00:00
302587fd403c7a79ec30441e21c320ed,fa2f2f4d0b78b78474e84de70992ee47,delivered,2017-04-12 10:07:33,2017-04-12 10:22:15,2017-04-12 13:43:57,2017-04-17 14:17:20,2017-05-04 00:00:00
790710021a014a0263cef04999d451ee,fca8329f8acb14ce34528309daebceab,delivered,2018-05-28 11:58:55,2018-05-28 12:12:32,2018-05-29 15:18:00,2018-06-12 21:04:33,2018-07-19 00:00:00
f64d913f55a51b368d17498f8cdef01d,c777b902d1733ccee3c92bc2c451538f,delivered,2018-01-08 09:05:10,2018-01-08 09:16:20,2018-01-09 20:22:34,2018-01-10 16:32:24,2018-01-30 00:00:00
e0ee4258e269f1bb1f882f851b05bafa,ccc35ad52db11ea0aca08a8662cfb048,delivered,2018-02-09 07:04:02,2018-02-10 02:49:28,2018-02-15 15:17:43,2018-03-14 17:06:33,2018-03-15 00:00:00
57403600149411ebe00580622d55a65c,cee6807aacc85c9f6272230e3f1a2283,delivered,2018-01-06 07:49:02,2018-01-06 08:08:14,2018-01-09 17:53:05,2018-01-11 16:43:12,2018-01-26 00:00:00
46cdb74fc020d853a9d8d5100b77dfe5,d399f99a4070fd5fdcd24f4d7f43a217,delivered,2018-02-16 10:13:03,2018-02-16 10:27:58,2018-02-21 20:58:57,2018-02-27 12:34:04,2018-03-14 00:00:00
a0257c63797f7dfa662f7c6fa6af1cc3,29e7a938492cb8122fce44bbe605f274,delivered,2018-07-20 15:14:29,2018-07-21 03:05:09,2018-07-24 08:30:00,2018-07-27 10:51:03,2018-08-08 00:00:00
f81d082e88c93adee5b45ea41c711d67,3db8d7ab9640d049e6cf96272d1c934c,delivered,2017-03-24 21:35:03,2017-03-24 21:45:15,2017-03-28 15:27:51,2017-03-31 18:36:46,2017-04-17 00:00:00
16f6cf86122c11b8b1e46d21f4b31f89,ff509fd8f1551fc37d3e394e2bd95b4f,delivered,2018-04-17 13:06:22,2018-04-18 03:30:07,2018-04-25 14:30:00,2018-05-07 21:58:31,2018-05-14 00:00:00
798a8105c87bcc1f35bc710d5b31278f,e8299043927a80150a49daed412b9ac9,delivered,2018-07-17 14:31:04,2018-07-17 14:45:16,2018-07-18 10:04:00,2018-07-24 20:41:44,2018-08-01 00:00:00
c6bf66e37e4bdab5ad532291c72a1d71,0a0700ae1606e3682281763fc7f1b50a,delivered,2017-06-25 21:03:37,2017-06-25 21:15:23,2017-06-26 17:05:54,2017-07-03 15:13:30,2017-07-18 00:00:00
a8715df62ddbba56b77f5ac4ecf71d4f,ad1d8fcdf98223e86c6863f69e579c58,delivered,2017-09-12 17:40:49,2017-09-12 17:55:26,2017-09-14 12:37:30,2017-10-02 16:58:19,2017-09-28 00:00:00
dcb668b21e7c36224624fc4b4ddbf0fd,6c9a9031dd1214977dfef7ef3338988e,delivered,2018-08-15 15:12:00,2018-08-15 20:25:32,2018-08-16 16:24:00,2018-08-20 18:22:41,2018-08-28 00:00:00
59a5648d91a60574c541152e2fe1c66c,afdf544a50f99cf8bd472e2867a883c0,delivered,2017-09-12 13:52:02,2017-09-14 03:05:47,2017-09-15 15:44:44,2017-09-28 19:45:06,2017-09-29 00:00:00
7327c30a5230ce07bc2c7a695d553a00,e6d617c1fba954faad8b4a49340aa91b,delivered,2018-08-17 19:54:45,2018-08-17 20:10:02,2018-08-20 13:54:00,2018-08-23 22:52:35,2018-09-04 00:00:00
0b82a32f3caec8e9157049e294486ade,f3a7ebd01294cc0c18f30693542694e0,delivered,2018-02-19 15:33:55,2018-02-19 16:35:26,2018-02-22 17:17:04,2018-03-05 20:34:32,2018-03-19 00:00:00
1c1edc51639298654e55f2408a244f29,4019c8a62bc1d577f20482e60b3f8250,delivered,2017-04-01 14:19:45,2017-04-01 14:30:16,2017-04-05 08:22:36,2017-04-12 12:11:52,2017-04-27 00:00:00
80aa2135c5b3fe41dc3d30aa45bffc92,2e1bab943be16f7ecac46e1648222eab,delivered,2018-02-21 09:19:28,2018-02-22 09:15:33,2018-02-22 20:03:50,2018-03-05 22:36:59,2018-03-13 00:00:00
070492c570207c7d9207ed0eb2254ec7,a639eb942974831cb8c12bd71c43c91e,delivered,2018-05-03 10:16:09,2018-05-03 10:57:15,2018-05-03 13:05:00,2018-05-09 13:59:10,2018-05-22 00:00:00
3227045c7007663566ae3d19aed8cca7,b9da6623473d64470e9f4bf9f600cd25,delivered,2018-07-28 13:20:43,2018-07-30 18:31:23,2018-08-01 15:01:00,2018-08-03 19:42:28,2018-08-06 00:00:00
33a87700d69548a4c5e19b95ac6f7612,652ef9556765496f4513c5ff2784cc92,delivered,2017-10-16 08:43:32,2017-10-16 08:56:32,2017-10-16 20:22:38,2017-10-19 13:14:20,2017-11-03 00:00:00
1751f4e14a08d5188324c3a04175f76f,b7a90f561b18304e3b27a624a291fe5a,delivered,2018-07-19 15:42:35,2018-07-19 15:55:14,2018-07-20 10:30:00,2018-07-27 21:58:35,2018-08-24 00:00:00
0965b209e76b9ac20f7dc673c735ade3,62beebea8629d73ab3ca95c23ed239ae,delivered,2018-02-08 09:30:54,2018-02-09 02:55:51,2018-02-09 22:17:22,2018-03-07 20:35:18,2018-03-07 00:00:00
3e25999bf7aaaa6030eae32f9ec7a7e3,4499d160ec40728533c4b23180bf6140,delivered,2017-10-26 16:14:29,2017-10-26 16:31:07,2017-10-27 21:09:01,2017-11-08 14:28:10,2017-11-27 00:00:00
aa9db0502703dcac7b66401ee4128525,0f414c3de4b25372b9db335c5570a095,delivered,2018-06-01 13:38:34,2018-06-01 13:52:39,2018-06-12 14:20:00,2018-06-20 21:19:29,2018-07-23 00:00:00
0e2b7e9ea88624cc24fe978983190dea,278bd592e79315f09047f589279bf742,delivered,2017-08-19 17:33:47,2017-08-19 17:50:17,2017-08-25 18:45:51,2017-09-13 20:23:44,2017-09-15 00:00:00
309688f286ca9fb39735664ba1e37b29,be9e16f7c118e7f49f6399f01fb4a48c,unavailable,2017-11-26 22:38:45,2017-11-28 03:19:58,,,2017-12-18 00:00:00
56b7ca6309bd6a7a28e721e5d4b0b490,41ec3f2197c435d9c1da89f4da6d6d4b,delivered,2018-01-14 18:33:21,2018-01-14 18:49:19,2018-01-17 13:06:32,2018-02-04 13:05:03,2018-02-08 00:00:00
fbab2f1499ada7711dc92e28e8e2cee9,ba17f3083626c96ea274189cc1011df8,delivered,2018-02-17 10:22:58,2018-02-17 12:30:27,2018-02-20 22:27:37,2018-02-23 20:04:40,2018-03-09 00:00:00
244eca4c9c8dd0dd793f6ea85d5ddc7b,3f4696db4e5c88ce4bd4d4fa2bbe318d,delivered,2017-10-17 23:11:15,2017-10-17 23:25:41,2017-10-20 22:34:52,2017-10-26 13:38:54,2017-10-27 00:00:00
35fa6439ba94d9ae82eb04e05b5f0cfa,d84702a9b331fb9c654014dfa116c55e,delivered,2018-05-02 20:20:32,2018-05-02 20:53:37,2018-05-03 11:09:00,2018-05-17 14:05:01,2018-06-01 00:00:00
4da0b6d6c8c1ecb4588a756d5e2d2f54,6d51e47d2de21f745835c676f497423f,delivered,2017-11-28 09:37:49,2017-11-28 09:58:26,2017-11-29 20:48:37,2017-12-04 15:58:59,2017-12-27 00:00:00
5ccb4a64fc9be1b3a80e261aef938115,6c8a4da7b11b28b528bbb1561cd232f7,delivered,2017-05-08 10:20:57,2017-05-08 10:35:24,2017-05-08 16:36:51,2017-05-24 11:38:01,2017-06-08 00:00:00
47cbe02b9cbc9a962569b1fb312b3f0f,9e284cef10301abed03dee54ab89bd1f,delivered,2017-12-11 11:26:02,2017-12-11 11:33:34,2017-12-12 21:53:28,2017-12-29 19:47:05,2018-01-16 00:00:00
1eaa935853fe167483625d418b44a5ca,68abdcfa9b4da73dca5594ee769d3ca4,delivered,2018-01-22 16:33:37,2018-01-22 17:00:03,2018-01-23 23:47:50,2018-02-20 00:52:16,2018-02-14 00:00:00
3e6e1b157030813612778573761473cd,19d5418e2a5745573e27926244ff25ef,delivered,2018-06-08 23:41:43,2018-06-09 23:38:25,2018-06-13 14:13:00,2018-06-20 19:58:50,2018-07-11 00:00:00
63e2061a4407562cd451960ffcddf631,02fa88c1b03de13858abb54758c93276,delivered,2017-06-20 23:49:08,2017-06-21 00:45:22,2017-06-22 13:53:55,2017-07-04 13:57:35,2017-07-12 00:00:00
f98dc0bb1b5d1102af20837256cca2c5,3f045735fd30e3e9900dc9fe56d05bbd,shipped,2018-06-10 14:46:38,2018-06-10 15:11:57,2018-06-11 13:08:00,,2018-06-20 00:00:00
3cd800ca7c2571661a5d8f0fe9053536,b08ecc6bd3a04248974edee362d8ad9a,delivered,2018-06-28 20:39:52,2018-06-28 20:50:16,2018-07-02 13:25:00,2018-07-09 14:24:35,2018-07-23 00:00:00
6b8f597844181710961184cee39a2aa4,ff792fe1772fd36b73b4ef17a42f7e6c,delivered,2017-10-25 11:11:48,2017-10-25 12:06:10,2017-10-30 20:55:34,2017-11-06 18:27:57,2017-11-16 00:00:00
deddf7d706863120a317dee83aefafea,cc86d93407044ed296e1797f53f9013f,delivered,2018-02-14 13:25:10,2018-02-15 04:10:50,2018-02-20 18:42:46,2018-02-24 14:25:45,2018-03-06 00:00:00
86f81c004682148df5165e2730148b07,72d17b92f09d90b63f157fb9fceb8b6b,invoiced,2017-06-10 17:20:44,2017-06-10 17:35:08,,,2017-07-10 00:00:00
a92dbdbc5549075a9831481180d02575,e00d297616884675d1a234e6fc7eb4d4,delivered,2017-06-12 10:06:39,2017-06-12 10:22:28,2017-06-13 13:21:46,2017-06-22 15:27:59,2017-07-05 00:00:00
81c7dd9cf79280e0bb811aded534aaa1,cf264ac5e3cd14a8c67c76c5ac574162,delivered,2018-05-11 22:33:28,2018-05-11 22:56:03,2018-05-16 10:17:00,2018-05-19 15:46:28,2018-05-30 00:00:00
a2b3e75e2e444a9ce134788d66d5dec1,3982c2958292950bf13e6df79c25aa3f,delivered,2018-08-16 10:45:11,2018-08-16 10:55:25,2018-08-16 13:57:00,2018-08-22 01:17:44,2018-08-31 00:00:00
4cddfa3db1f20697139ba4a46c4fd399,24cddae2e51926ae7ac40c628a8338ca,delivered,2017-07-22 19:06:31,2017-07-22 19:15:09,2017-07-26 18:46:35,2017-08-17 13:42:42,2017-08-21 00:00:00
7cb8c91adbd919548af46374c1c03c0e,9cbf9ea37b38abb5508c5528afe4bf61,delivered,2018-05-10 16:19:49,2018-05-10 16:33:00,2018-05-17 16:14:00,2018-05-28 16:12:24,2018-06-06 00:00:00
45f515769238adec68b3ed763acbc3b2,01208d73b8f2d0e10347aae1242a12fa,delivered,2017-06-09 23:23:45,2017-06-09 23:35:19,2017-06-12 16:14:06,2017-06-19 14:40:39,2017-07-06 00:00:00
6ef172eee30cfbfa01516ce2eb2ee68f,506a9747164ba320cf874723aad41c23,delivered,2016-10-07 11:37:12,2016-10-08 03:51:24,2016-10-12 03:51:25,2016-10-15 03:51:25,2016-11-29 00:00:00
11f61eaa0c763460148326fd83749fd0,e9b09b15e028a4f1ec776f98bb525182,delivered,2018-06-04 11:13:53,2018-06-04 11:30:41,2018-06-07 13:18:00,2018-06-09 15:41:38,2018-06-28 00:00:00
01efe0209a92b2f21f6e0edee4bd4eb6,a096c55fc5ab79f92c64f63541ac39e8,delivered,2018-06-24 19:18:27,2018-06-24 19:36:05,2018-06-25 10:49:00,2018-07-06 11:41:04,2018-07-19 00:00:00
cfac0d6ffa23400c25da017e69a17370,af228f53b88e6a0fe167b55a8e6c8af2,delivered,2018-07-20 10:07:02,2018-07-20 10:23:54,2018-07-20 15:25:00,2018-07-24 17:39:46,2018-08-03 00:00:00
38fad35c11cb18574e36b947cdd1a222,25c9e5b149518a28b6ce5cf64c5edf39,delivered,2018-02-14 16:34:30,2018-02-14 16:45:38,2018-02-22 19:58:04,2018-03-20 15:37:30,2018-03-14 00:00:00
5eb48a486860d85108f3e9b4276445b9,c25554a6eb88dd24ee0c9490945e6f78,delivered,2018-08-19 22:47:43,2018-08-20 13:49:32,2018-08-21 15:03:00,2018-08-23 01:41:20,2018-08-29 00:00:00
4b1130720b31500948a942732f0befc1,993369a7d509b78331e63690031b1dac,delivered,2017-10-17 23:18:53,2017-10-19 02:56:19,2017-10-23 14:15:08,2017-10-24 17:16:56,2017-10-27 00:00:00
fe198069c03f548e40276d7c9d67c9a3,c8c67eae0994c44a07fe8cd2c5e54caf,delivered,2017-10-03 17:57:29,2017-10-03 18:14:38,2017-10-05 20:01:23,2017-10-13 16:39:40,2017-10-26 00:00:00
3a119f52de09d1b2700815732def8b47,86e0f1f27a4905bbb04e1567c40af946,delivered,2017-11-24 19:39:43,2017-11-28 03:19:20,2017-11-30 01:28:31,2017-12-16 18:46:40,2017-12-08 00:00:00
e537459d4e4d330e0f64b1ae07bbd74c,235f7685b66b79f8be076f42e6b101bf,delivered,2018-04-12 22:28:45,2018-04-13 13:31:40,2018-04-13 23:08:17,2018-04-18 21:31:56,2018-05-09 00:00:00
0da255e3ceb9c5b49f60e84f45822f50,bcd02ea345feee75d1449db054552f3f,delivered,2018-02-18 17:00:36,2018-02-18 18:06:55,2018-02-20 00:48:29,2018-02-20 16:48:15,2018-03-05 00:00:00
56b6c0c35525102d39f7314a90f95977,bc5070ca41ac816753a5644f5940c923,delivered,2018-03-05 15:44:41,2018-03-05 15:55:41,2018-03-07 21:22:13,2018-03-12 21:42:41,2018-03-21 00:00:00
52e71da3bc9b0aabdba702eefe259a71,accd6a35e5113320900099e88fca468f,delivered,2017-04-17 09:46:16,2017-04-17 09:55:18,2017-04-20 14:04:10,2017-04-26 09:10:35,2017-05-08 00:00:00
0e0cb073422fcdc0645935e23d672736,890756905264b648874867f666812c4a,delivered,2017-08-08 23:50:03,2017-08-09 00:03:10,2017-08-10 20:02:48,2017-08-17 20:43:54,2017-09-04 00:00:00
7a82d6437abb93a8fb527f64e86cd407,6127e000a375cb76adac1f4eb6691ee2,delivered,2018-04-13 06:41:04,2018-04-13 06:55:09,2018-04-19 22:08:37,2018-04-24 20:39:42,2018-05-25 00:00:00
2657524b4f269657a166535a1cb3fc3f,c39bbcffc6e2a782a4ad8ab65c6f2f96,delivered,2018-07-20 09:29:48,2018-07-20 09:45:13,2018-07-20 13:17:00,2018-07-21 17:18:25,2018-07-30 00:00:00
1f7565efbb90c33b80f467d6a75332c5,83fded1664502281de0a00b06f17781e,delivered,2017-08-21 00:40:16,2017-08-21 00:55:05,2017-08-30 17:35:05,2017-09-20 19:05:33,2017-09-15 00:00:00
25a78946026443985bc3bc5cb3593716,5af035a6f32c72b48b15d727238e9175,delivered,2017-05-24 08:52:21,2017-05-24 09:05:14,2017-05-24 13:48:54,2017-06-05 16:22:29,2017-06-20 00:00:00
b6df8ec45b7a0b36bae45fcac237f298,07073537c7394038818895e9cca2ab06,delivered,2017-12-20 06:08:35,2017-12-22 02:38:56,2017-12-22 17:53:49,2018-01-12 23:58:42,2018-01-24 00:00:00
aae94c2aeef4dd87a92315ae2f25f67e,398058a183d74d961177b370d76e443f,delivered,2018-03-15 18:15:20,2018-03-15 18:28:48,2018-03-16 12:52:05,2018-03-22 14:18:33,2018-04-09 00:00:00
5545be5d02a0d70d1e9b038bf1a5acd7,45de6c6bb7d2638f72528d49c014795d,delivered,2018-03-04 15:21:00,2018-03-04 15:30:27,2018-03-20 19:58:56,2018-03-29 23:51:11,2018-03-29 00:00:00
c45fc3f02071c80125dc24edd7806e60,c3c2faaf00e8fef9be8c780b6114d8c9,delivered,2018-02-20 08:49:16,2018-02-20 11:30:27,2018-02-21 20:19:10,2018-03-06 22:48:47,2018-03-22 00:00:00
b26e3810d22f6c580f65bba31809c43a,d8b28055e9083596268ba0a4fdfc364b,delivered,2018-05-15 21:10:13,2018-05-16 17:38:25,2018-05-17 12:46:00,2018-06-04 20:44:43,2018-06-01 00:00:00
c3adfb7dccc4a164923c5813219dc39f,9a8ad886dfa1417b5e3a1907fa292e68,delivered,2017-03-05 14:27:03,2017-03-05 14:35:11,2017-03-06 11:20:15,2017-03-13 09:07:39,2017-03-30 00:00:00
25fd4274a09c3a289e988295ca88a14d,c6ba85e0a706e6dfe8100d1b7ea8d622,delivered,2017-12-27 10:43:33,2017-12-27 10:52:29,2017-12-27 20:33:25,2018-01-09 22:36:02,2018-01-26 00:00:00
0af034558afede965f6b00c62d5176ed,215b793742b8f48abd2a927ff9a5ec94,delivered,2017-12-26 13:20:27,2017-12-27 04:08:46,2018-01-17 20:03:06,2018-01-24 19:46:34,2018-02-02 00:00:00
72ca18d829e0a0e0a9165f32316fefad,71eaae96fb41c592ccc7473f6ea3e917,delivered,2017-12-06 10:57:30,2017-12-06 11:44:20,2017-12-12 01:49:53,2017-12-18 23:29:14,2017-12-29 00:00:00
591308f186c21ad0ea5f8bbeb7e8594d,d042c55565b8b046955fa68fd139d413,delivered,2017-06-10 19:55:18,2017-06-10 20:05:17,2017-06-19 12:17:57,2017-06-22 15:07:27,2017-07-05 00:00:00
d0b61531bc87dd7b8815c8ce1682ec0c,2bbd26eb6c71ff3750d2a1f41a9e82d5,delivered,2017-11-20 21:10:02,2017-11-20 21:19:44,2017-11-23 18:55:39,2017-12-07 20:23:04,2017-12-13 00:00:00
813a1385b04dcbffe8f58fce8a32bd51,d91f21efc9d69e77a846388e27c86cc4,delivered,2018-07-30 15:14:54,2018-07-31 03:55:14,2018-08-01 16:09:00,2018-08-04 16:58:31,2018-08-14 00:00:00
9e5ad464d579c1593e82dee8ffaf05f9,6166d475cc68bdeb964bee918448f0d4,delivered,2018-08-02 13:14:23,2018-08-02 13:35:13,2018-08-16 14:46:00,2018-08-20 22:04:56,2018-08-27 00:00:00
4d12305ed1d71e4e1dece5e358a92d15,b8bad2c81dc314ee03f9140f9965c514,delivered,2017-06-17 11:40:10,2017-06-17 11:50:23,2017-06-19 09:18:47,2017-06-27 14:41:32,2017-07-13 00:00:00
b4dc09cbd4cc735632779c738cda842b,6f25b294d48cc71893594ae8ace3056e,delivered,2017-03-20 14:10:45,2017-03-20 14:10:45,2017-03-22 10:42:18,2017-03-28 14:22:42,2017-04-06 00:00:00
cc6e97ae2828fbe0e3d687628b51c155,79bd2d8fb55cc5bb88553ca32ea10658,delivered,2018-04-11 16:43:39,2018-04-13 02:15:24,2018-04-13 17:12:39,2018-04-24 21:34:58,2018-05-08 00:00:00
871bb7860901ad46c75b6082df7b2915,e57543cce378012b13546991db7f3cd5,delivered,2018-06-17 19:54:39,2018-06-17 20:17:42,2018-06-18 14:13:00,2018-06-22 17:33:49,2018-07-19 00:00:00
3d0a2787777e731001936c8a443b22fb,12898a6722d72027d1862c147969adfd,delivered,2017-09-14 10:12:04,2017-09-14 10:25:46,2017-09-14 21:03:50,2017-09-27 17:42:23,2017-10-11 00:00:00
f1f0a8670b0a8efc20b2d185daf5e3ee,cdb1a97c4e99cd8bdfa8c7e9ee41060d,delivered,2018-03-17 14:21:29,2018-03-17 14:30:29,2018-03-19 09:49:44,2018-04-05 18:12:51,2018-04-17 00:00:00
a26774d26cc0d76f63f1df3115529d6c,e8a7fbe87306feb64382f03b7a14a2c8,delivered,2018-02-19 16:42:58,2018-02-19 17:47:35,2018-02-21 19:26:58,2018-03-05 22:25:00,2018-03-12 00:00:00
bad46ed77a751d33a1a1b352075c3cdf,225eea8847d66d819b5187fc0b35c8ea,delivered,2018-01-11 13:11:51,2018-01-11 13:28:35,2018-01-11 20:51:54,2018-01-30 14:37:16,2018-02-02 00:00:00
5665e01f621cbdf9ff6883af3cb818e6,3326e679cc621eded2c1d778f1d8361a,delivered,2018-08-08 17:59:56,2018-08-08 18:10:19,2018-08-09 13:45:00,2018-08-15 15:04:11,2018-08-24 00:00:00
6cd6b68f7a9798a25f718d069608419f,ae3cdeaf540be9f8c1be897ef4ba3998,delivered,2017-12-01 11:15:16,2017-12-01 12:31:30,2017-12-01 22:45:32,2018-01-04 12:17:03,2018-01-03 00:00:00
c00b4f2c634bb01fb074795268bd1a6c,9737abdeec0da756281e3c5293aed339,delivered,2018-06-08 16:17:51,2018-06-08 17:11:37,2018-06-09 08:40:00,2018-06-12 20:18:21,2018-06-29 00:00:00
5bf0c7788e61420541921eb52120d901,4b8ec382a3340d72b97b13d1fd19281a,delivered,2017-11-15 12:50:22,2017-11-15 13:07:25,2017-11-16 22:28:41,2017-11-27 19:18:59,2017-12-06 00:00:00
f3d1583d73bad757e13d4e25b24efb32,c4a111edfb69bcf3c00710ccfd23575c,delivered,2017-04-08 17:02:22,2017-04-08 17:10:18,2017-04-12 17:04:18,2017-05-16 12:33:46,2017-05-12 00:00:00
5ce6115708c300fbcc79f7886d0163ec,4e32ac19f4d82eb93a61b07b37c24eac,delivered,2018-08-10 15:55:40,2018-08-10 16:05:17,2018-08-13 14:43:00,2018-08-17 16:04:40,2018-08-28 00:00:00
a41222506c789f70f25201004288819a,30fff87c4d37b461960a74a62047b356,delivered,2018-07-24 16:06:38,2018-07-24 16:44:06,2018-07-25 10:13:00,2018-07-30 22:42:00,2018-08-24 00:00:00
c08b5d1119e91f504a884106dad8d4de,a7ac5b973a7212f3574c67c63182c90f,delivered,2017-10-24 13:09:07,2017-10-24 13:26:36,2017-10-24 19:57:55,2017-10-27 18:25:08,2017-11-16 00:00:00
fa9ef315051f18a68686aca274ae8f2a,fd72fb768029bc04b1331be11ea3daf4,delivered,2017-09-23 16:04:49,2017-09-23 16:15:22,2017-09-26 15:12:54,2017-10-03 17:23:08,2017-10-20 00:00:00
4534e0f076366321574b9b39f3c3ff52,9e7736550d54dfeaae924986ae031c75,delivered,2017-04-28 09:12:28,2017-04-29 02:42:52,2017-05-03 10:30:27,2017-05-19 12:49:37,2017-05-25 00:00:00
907f97a18c02082128c530919e8fe089,d65b5eb4db1dc746ce03098d3eee419c,delivered,2017-08-07 21:11:12,2017-08-07 22:04:14,2017-08-11 15:58:55,2017-08-17 19:08:00,2017-09-18 00:00:00
10a0be3ae9093afbffac333cf6670922,ef68f44cd44c15de0cb8bc53c4fe3782,delivered,2017-06-08 22:23:05,2017-06-08 22:30:14,2017-06-09 16:02:31,2017-06-16 12:44:52,2017-06-29 00:00:00
febdd4292b7bc064ae8e10f572aa2ce9,7c47e730a960e7d9ded4626c589580e6,delivered,2018-08-02 12:06:10,2018-08-02 13:30:56,2018-08-03 12:09:00,2018-08-16 14:31:23,2018-08-30 00:00:00
8b789ca665189f9775d769aae16cf24f,e13c22b9d062cfe08945c4f1de743846,delivered,2017-11-21 15:19:25,2017-11-21 19:30:31,2017-11-22 16:13:48,2017-11-23 15:59:16,2017-12-01 00:00:00
4f119798c24c4840ae9e70d952b75446,73a6fd83d86ec00cea2c16a45be6a8a5,delivered,2018-04-02 10:57:50,2018-04-03 10:50:21,2018-04-05 17:28:33,2018-04-13 18:07:26,2018-04-23 00:00:00
f51caaad17a98a30ea12622f94c45779,c84fd01f38cb2c637dfe633b8eff2ced,delivered,2018-02-09 13:48:31,2018-02-09 14:15:32,2018-02-15 02:37:37,2018-02-22 21:49:39,2018-03-05 00:00:00
c37055276c0cc69b996259acf465906b,98dac8fbc1a84c7faeb30b308701b29c,delivered,2018-02-17 19:25:30,2018-02-17 19:46:31,2018-02-20 20:07:48,2018-03-14 22:11:59,2018-03-13 00:00:00
35725e258cb9737116914bd049f987d4,a13bd5b42c826a7e9c495dfce14ebbe0,delivered,2017-07-12 18:55:08,2017-07-12 19:05:16,2017-07-14 18:05:47,2017-07-26 21:32:10,2017-08-09 00:00:00
032b42b17fe9daa676ba9447f3dbbd0a,566725ddad946bd0c0934125dc3126bd,delivered,2018-08-06 22:30:04,2018-08-06 22:44:39,2018-08-07 12:53:00,2018-08-16 20:41:29,2018-08-13 00:00:00
a27f62a78cf61c0b88a3897a2e5cd8a6,19d69b74986ae90aa6b2de4b709aeb05,delivered,2017-06-15 01:06:46,2017-06-16 08:23:03,2017-06-16 13:23:49,2017-06-23 10:13:39,2017-07-11 00:00:00
441e21387d52f5f2e85249669881fc79,06129db16c0bae7c085d17a999f6148b,delivered,2017-09-16 23:49:43,2017-09-17 01:10:23,2017-09-20 18:27:59,2017-09-22 12:42:11,2017-10-11 00:00:00
b51231f33893d9819e080213165c1c6d,6cd416977b902da3ef9ac6c4e0ece5a8,delivered,2017-11-24 17:38:56,2017-11-24 21:12:42,2017-11-27 16:16:53,2017-12-08 18:14:03,2017-12-21 00:00:00
b9ecce1bcd409855fc37729cae69239f,b0f8e245a39d12379abcc27aea0bb688,delivered,2017-06-02 19:55:51,2017-06-02 20:05:15,2017-06-05 16:18:52,2017-06-07 13:50:44,2017-06-23 00:00:00
6961987bf1f3af131cc426530c982cc7,fb3fbf7ed79b31b570ac5f62bd029642,delivered,2017-11-19 17:27:57,2017-11-19 17:46:08,2017-11-20 19:18:42,2017-11-27 22:38:35,2017-12-11 00:00:00
973e00cb65f098e0a38f96d5df2f5b8d,2a6bf42f7763e0d3f6c4bbd18b1a992b,delivered,2018-03-18 08:25:36,2018-03-19 18:15:48,2018-03-20 19:08:49,2018-03-22 12:04:10,2018-03-29 00:00:00
bfab719f64f6c06620c60d71353b2b76,af034e4bf00b0ddf9941a93f2c0710ed,delivered,2017-12-28 13:49:39,2017-12-28 14:07:08,2018-01-04 17:41:57,2018-01-18 17:14:02,2018-01-23 00:00:00
5536d8682e25ee3f39ed444105996fee,c0f3b6a49e1ca142c8ce84a423f4ba72,delivered,2017-11-28 22:18:10,2017-11-28 22:30:28,2017-12-01 15:39:04,2017-12-11 23:36:57,2017-12-12 00:00:00
f5219d97208f4c6aed81985144497f1e,ea1d44731617545fe33f839b60da6b9c,delivered,2018-04-20 13:37:48,2018-04-24 18:54:01,2018-04-20 23:16:34,2018-04-26 14:08:44,2018-05-15 00:00:00
ab36f41e5d298012acb2179337f1a9db,a9cfea1a41e154c0a239c11d2a61712b,delivered,2018-02-04 22:04:16,2018-02-04 22:29:17,2018-02-06 21:08:29,2018-02-21 00:46:55,2018-03-05 00:00:00
b3b127f0721e34178b72159da72d7694,28e94a3e825c0af13443d867262a7e6c,delivered,2018-04-04 13:34:02,2018-04-05 13:30:27,2018-04-06 23:36:40,2018-04-09 14:26:31,2018-04-20 00:00:00
19eccdbcd24b02d1dd3953f04ed7699a,edd54c79d42824d702691585dbf3fa39,delivered,2018-08-01 19:39:38,2018-08-01 20:23:56,2018-08-06 16:32:00,2018-08-20 19:56:49,2018-08-23 00:00:00
26eb89695b8e32d466d5fa42266eaf87,96c6c027ecb140f181a93ccee82f84e4,delivered,2018-05-20 19:50:23,2018-05-20 20:18:53,2018-05-22 14:34:00,2018-05-23 11:41:33,2018-06-04 00:00:00
820967deb14804facfa599c683438b09,c336ffa7394e94710f4ebf37935825fb,delivered,2017-10-22 14:40:39,2017-10-22 14:56:07,2017-10-24 11:18:45,2017-10-27 16:12:55,2017-11-09 00:00:00
b737e0546916c525c8a4481243ecade0,8ab6212123c4c94cd06680949cf017c4,delivered,2018-03-21 13:07:02,2018-03-21 13:48:15,2018-03-22 21:28:52,2018-03-27 20:04:35,2018-04-09 00:00:00
d7541649368af95f781177990c686696,095e83440b663f60b4fa7b13731f0a04,delivered,2017-12-20 17:18:31,2017-12-21 16:35:22,2017-12-26 23:58:36,2018-01-11 21:24:21,2018-01-22 00:00:00
9adae62961a3cc489a66f4032ceb57a6,eb8b6bfe2f62fad3e1279f4c8e7905a2,delivered,2018-01-05 12:33:07,2018-01-06 02:08:09,2018-01-10 12:41:52,2018-01-12 22:15:06,2018-01-30 00:00:00
ec43c57e035991962d29648ea5463096,b4fd952974f786b6a9877053a27c0bdf,delivered,2018-01-20 08:59:19,2018-01-20 09:16:44,2018-01-22 19:21:30,2018-01-27 12:28:47,2018-02-06 00:00:00
877e88c213b1ca25f07ece4878bb8acc,f6592d1d656f3e8f3762f9e2c88cbdff,delivered,2018-05-24 20:41:49,2018-05-24 20:54:13,2018-05-25 14:03:00,2018-06-04 12:14:27,2018-06-19 00:00:00
bbab597cf5357b95cfff24d3ce830088,a74a322ca717a1cc1a81e9bb6c5f9f4b,delivered,2018-01-11 23:53:57,2018-01-12 00:07:46,2018-02-01 18:54:33,2018-02-14 19:42:22,2018-02-09 00:00:00
497f1ff2bc62b9932e473fdd62ddde3d,21fc955fb24ddc67285298ece594906a,delivered,2018-03-19 22:05:05,2018-03-20 03:48:44,2018-03-22 20:34:40,2018-04-06 01:28:26,2018-04-17 00:00:00
84d54e2fe6fc76e34d897b32c59dd75d,40ada5e3dc4b3c488f9367c4ba39727a,delivered,2017-06-24 16:20:33,2017-06-24 17:00:07,2017-06-28 13:43:57,2017-07-03 06:52:00,2017-07-20 00:00:00
4689301ba3cbffea28d57a22a80987c3,bc5bd0ea0abd3f669c9de1dcef666da2,canceled,2017-08-16 20:51:24,2017-08-17 02:45:20,,,2017-09-20 00:00:00
7ebfb1659cebc1f80eb8d39b1f4d73ed,6c0f919eebc04e36d551d51887fbc080,delivered,2017-10-17 20:31:09,2017-10-17 22:28:13,2017-10-18 12:43:03,2017-10-24 20:04:34,2017-11-17 00:00:00
fa82edaf6d788f4a8a80e2f8fc4cb9b7,0c5be6b354afcc24ff40642e4538268a,delivered,2018-08-26 19:04:05,2018-08-26 19:15:16,2018-08-27 14:43:00,2018-08-28 19:52:42,2018-08-30 00:00:00
d7cfea82cf5f7148d0a6f7e5a45be7bd,9959867cf478a35be11d96c775411a28,delivered,2018-02-19 01:49:59,2018-02-20 07:27:56,2018-02-21 17:51:43,2018-03-07 14:58:43,2018-03-13 00:00:00
c9df12344ba358f97f2ee696709f2415,990136747799dba17827e8abbae277e4,delivered,2018-08-06 22:54:52,2018-08-07 22:50:21,2018-08-08 13:44:00,2018-08-16 21:11:49,2018-08-17 00:00:00
e80d6fe5c5cfe16add52544fe3b4e8f1,fd044d16c89faf34c00d0bf6a386e8bb,delivered,2017-04-13 00:13:36,2017-04-13 00:25:22,2017-04-13 13:06:15,2017-05-12 12:12:24,2017-05-24 00:00:00
6f35836667ade2d13ba10c2b18bfd713,45a080d6112af03beb726ac2f33cd8a0,delivered,2018-06-12 15:04:59,2018-06-14 02:17:17,2018-06-14 13:44:00,2018-06-19 16:20:30,2018-07-16 00:00:00
935c71d5c924d23711a40367cb43913c,fb868ee37e21aece79f2c65ed9f3f118,delivered,2018-08-08 16:15:40,2018-08-08 16:30:15,2018-08-09 15:02:00,2018-08-16 13:11:57,2018-08-30 00:00:00
6c2208178d59f2c0518261028373f5fd,6b0dfebc9be06d364c0d83c5e92c00ff,delivered,2018-07-31 14:42:55,2018-07-31 15:40:18,2018-08-01 12:49:00,2018-08-04 16:27:45,2018-08-03 00:00:00
5764ae851e6c27213dc25d7c7e4c713f,fcb12467c41c93cf1161a94fe9b77a84,delivered,2017-08-03 15:24:18,2017-08-03 16:30:11,2017-08-08 14:20:06,2017-08-16 22:12:43,2017-08-25 00:00:00
8cfccf55774b9fea28d9d85e30b2745e,61e8ef5eb679581a2df4e1fee6018e84,delivered,2018-03-20 09:23:20,2018-03-20 09:35:34,2018-03-27 20:03:07,2018-04-02 13:18:34,2018-04-17 00:00:00
1badd176eb41888c1a20a7614fba59e1,ed189d4d749b9877a2aa93d9d32f339b,delivered,2017-09-18 01:50:20,2017-09-19 09:50:11,2017-09-20 19:38:50,2017-10-02 19:25:49,2017-10-13 00:00:00
62e5680786ab7eb90e8129db68366952,5c237eccb69f035f2640e0f3af060c53,delivered,2018-05-01 13:58:43,2018-05-01 15:12:21,2018-05-03 16:45:00,2018-05-11 19:32:56,2018-05-28 00:00:00
e1a8e28c43be15a1b32b5fce8c126594,b1d110ec158377a6ec3d2e5280525d7e,delivered,2017-08-08 23:13:48,2017-08-08 23:25:06,2017-08-09 13:40:48,2017-08-14 22:10:55,2017-08-30 00:00:00
59ac8c15c7c211589748d088b14d034c,f588fd1fcd5274c4fecff58caeb194c6,delivered,2017-11-11 22:15:00,2017-11-11 22:30:59,2017-11-14 21:45:59,2017-11-21 18:37:38,2017-12-01 00:00:00
b25e83776a0bf6440214b6258416e4e1,0e9a1a195d9e737e602ffc9cfe19053a,delivered,2018-07-26 17:26:17,2018-07-27 09:10:15,2018-07-30 09:15:00,2018-08-06 20:44:41,2018-08-15 00:00:00
78b0df67ddee0b34012114100c7a549d,9f83cd10077cb0b96225321ab81fdbee,delivered,2017-03-05 17:16:27,2017-03-05 17:30:07,2017-03-07 18:07:48,2017-03-10 06:05:12,2017-04-03 00:00:00
2996b875517e6da5784bfd2ad30e41f3,47a1c33a06c9e5aaeb9ac3923d79b742,delivered,2018-07-18 21:49:58,2018-07-18 22:02:30,2018-07-19 13:27:00,2018-07-24 22:12:40,2018-08-15 00:00:00
e4d54c2566ec92a7c50a268c87242065,c5d6a4555f126d0158ce59615b285436,delivered,2017-12-07 23:28:53,2017-12-07 23:36:26,2017-12-08 23:42:07,2018-01-04 16:54:35,2018-01-02 00:00:00
8c39f8c248ad24b41345fbdc827861d1,9a66793cc8c7f92c20121dd985f47739,delivered,2017-07-17 16:45:15,2017-07-17 16:55:15,2017-07-18 18:38:46,2017-07-28 13:29:03,2017-07-28 00:00:00
de27f484a71645943ecc7e3d7f7af5a8,9593bae47dfc03aa5a1f85dbcf03943a,delivered,2018-07-28 08:44:36,2018-07-31 04:31:39,2018-07-31 16:15:00,2018-08-03 20:11:29,2018-08-10 00:00:00
a91791d0efd3f452b31466e06f150d95,c887b83bfb0882c29183ef4bb90a1a2f,delivered,2018-03-31 16:18:10,2018-03-31 17:09:54,2018-04-03 00:40:48,2018-04-05 20:44:32,2018-04-12 00:00:00
4a63bdb264d95eae86109b24b4880aee,e3ecae2c1c7408b84d64573d0f264d78,canceled,2018-03-26 11:59:06,2018-03-26 19:50:10,,,2018-04-06 00:00:00
d90c74ac81e1df6eb8fa862f94aeb132,4a961874c6f36b766aa4663a8ad1fba6,delivered,2017-05-01 19:02:24,2017-05-03 11:35:33,2017-05-04 10:11:30,2017-05-15 10:59:47,2017-05-25 00:00:00
ba1e49527baf8b4ad4b501e9dcaa9f6d,40eb4521dafbb310e123f62ed4c20225,delivered,2018-01-09 21:31:55,2018-01-10 10:31:49,2018-01-15 19:59:13,2018-01-17 18:33:35,2018-02-05 00:00:00
d87565906f3fd865c7d42113ba3bc703,fbf020c341e434544b597f36567c44da,delivered,2017-09-11 13:06:16,2017-09-11 13:15:17,2017-09-14 18:59:31,2017-09-20 20:28:51,2017-10-02 00:00:00
82172f2c466d4e1298dab08c8f0e111c,57458ec5d4b1bcb40817a87cd407898f,delivered,2017-08-28 15:14:21,2017-08-28 15:25:27,2017-09-01 20:23:38,2017-09-02 16:33:42,2017-09-15 00:00:00
12479ce4b03d722018ec07e6471083c3,ae5ff20a1d69718fe7d1386408013ee3,delivered,2017-07-16 06:48:51,2017-07-16 07:03:03,2017-07-18 18:44:40,2017-07-31 19:54:14,2017-09-04 00:00:00
fd85ec210522091e1e3e0318218860c8,d34341f5b5a77c0a6af01365d9608371,delivered,2017-07-05 20:56:59,2017-07-05 21:05:15,2017-07-06 14:59:45,2017-07-19 20:54:48,2017-08-04 00:00:00
24ddb4a03f3a6eb92a862416d7f597eb,6976bd8f3982478db4ca2617656ac86e,delivered,2018-05-12 20:48:51,2018-05-12 21:15:51,2018-05-14 15:21:00,2018-06-19 15:51:24,2018-06-04 00:00:00
38d4786d1c7b6dae14470fdfb8616bb0,f5498d05cf105bdd3bc601ff77601d7b,delivered,2018-08-01 20:32:43,2018-08-02 20:25:17,2018-08-03 13:26:00,2018-08-09 21:34:50,2018-08-21 00:00:00
b2c82d183b4cba4fc52074fe9384150a,514c535f8d8f3c3b5bd2a8b07753d352,delivered,2018-05-31 16:35:58,2018-05-31 16:53:17,2018-06-04 14:49:00,2018-06-05 18:21:42,2018-06-26 00:00:00
74a73605b5d8e00f1692a308a2ea566e,843b7d4774939fba2fbc6fa2a014bd81,delivered,2017-12-27 10:22:01,2017-12-29 02:08:44,2018-01-02 17:44:31,2018-01-23 17:09:24,2018-01-30 00:00:00
7b875e17a8b649ecb72124320bdfd20f,399c6c81654067bed2b65f0265f1282b,delivered,2018-01-28 22:45:22,2018-01-28 22:53:23,2018-02-02 01:42:28,2018-02-16 00:46:39,2018-04-30 00:00:00
d7bd9020e0a2758aef0994ea533ee928,d8b713b0fba96bafbe4dd833507b8493,delivered,2017-05-06 10:43:44,2017-05-06 10:55:17,2017-05-09 06:48:37,2017-05-27 05:03:23,2017-06-12 00:00:00
d041111c5d8c66db0816ad51870d58c4,2a5450bb1196a27cbe8b9a94adcd82e1,delivered,2017-04-07 11:50:59,2017-04-07 13:05:26,2017-04-10 10:30:28,2017-04-18 15:59:03,2017-05-03 00:00:00
629eb58d177eb9d9e6e3708993aad451,c2a5b87a0232ec231635c5bb14d3079d,delivered,2017-04-25 10:23:00,2017-04-26 09:36:04,2017-04-26 10:19:15,2017-05-02 18:22:00,2017-05-12 00:00:00
801f0faf13878ee42788d7bd0e4c72fe,bc663c6676b42a3a44599580484fde89,delivered,2017-12-26 13:55:52,2017-12-26 14:08:58,2017-12-27 16:44:46,2018-01-05 19:39:48,2018-01-22 00:00:00
f36968a6fff53a64b407f705a0566478,1062d9c6d405aeb42ec6fa9b937238a7,delivered,2017-12-16 12:40:05,2017-12-16 12:55:49,2017-12-18 21:03:20,2017-12-28 18:29:12,2018-01-11 00:00:00
17c378811f6ab30e2c7d554f2d4fbd44,ed3a94d132e06f96fa99c1f1640496db,delivered,2017-07-27 20:36:00,2017-07-27 20:50:26,2017-08-04 17:47:41,2017-08-29 19:00:29,2017-09-11 00:00:00
eb91575e0aa379948936984f822ef76c,087c08f1c244014ad1decff147c3c038,delivered,2018-01-08 09:54:19,2018-01-08 10:08:37,2018-01-10 10:38:06,2018-01-17 15:57:32,2018-02-01 00:00:00
3a20bcc250e5404ca717dfa90e8a9c05,9fa6244400a4503b42cde3c30b3d268e,delivered,2017-11-20 13:26:25,2017-11-20 13:37:25,2017-11-22 00:52:52,2017-12-11 22:24:54,2017-12-07 00:00:00
5ff137f6691adb19932f45cced2cdc80,c2f5a75a0745dbdfbd79b6b925dc6ad2,delivered,2018-07-17 17:24:11,2018-07-18 02:41:45,2018-07-18 13:41:00,2018-07-23 16:03:37,2018-07-31 00:00:00
6d888f8abd52d2a117f3d9844510d2d2,e2ee7c7bdeaba94d4dcca33293dc2ab5,delivered,2018-07-23 19:23:12,2018-07-24 10:31:39,2018-07-25 10:13:00,2018-08-01 21:28:36,2018-08-17 00:00:00
000e562887b1f2006d75e0be9558292e,2b01d668726fb0b751c55918c0437b7b,delivered,2018-02-22 11:54:42,2018-02-22 12:08:37,2018-02-26 14:18:32,2018-03-12 18:46:34,2018-03-19 00:00:00
1cd8d1567debd198821fe9d46d99b5b1,ef775ae2f3b831b79dd2e9bcf77bfb06,canceled,2017-09-25 20:16:38,2017-09-25 20:28:20,,,2017-10-20 00:00:00
8f83b7fcba464b677274cb8fcf22eef8,ee80fd5b86cbb55e2b93eabf04ede7a4,delivered,2018-04-21 14:30:01,2018-04-24 19:19:39,2018-04-23 20:38:35,2018-04-27 22:23:41,2018-05-15 00:00:00
7b83a2b7e5dd1374c00bd1c76c3438f2,abf8b0b1e1ea6f32a934d44fdd235048,delivered,2018-05-31 08:53:57,2018-05-31 09:10:37,2018-06-01 11:54:00,2018-06-04 23:12:38,2018-06-26 00:00:00
17a7658b3921d1511dd996bd92f02e27,9aeb7b13ba80d97f91dcdf20048fa5a0,delivered,2018-04-26 10:55:01,2018-04-28 03:11:20,2018-04-30 14:39:00,2018-05-09 16:48:51,2018-05-22 00:00:00
4277dbc4f6e73a6cd3378628f7883f92,f58323e013370cea83bbb78d629c2a3a,delivered,2017-11-27 21:12:52,2017-11-27 21:38:03,2017-11-28 18:19:02,2017-12-02 14:34:39,2017-12-11 00:00:00
4415361bddc6491e81dff0a462283bb7,878fdb568a2cc05dce77c30f729f439a,delivered,2018-03-28 20:52:11,2018-03-30 03:10:31,2018-04-04 00:34:26,2018-04-05 18:32:45,2018-04-10 00:00:00
e328a6bcc5577fb747cb1c2a16bd07ea,d23e3624d75a5bde49758e281e470174,delivered,2017-11-10 20:54:34,2017-11-10 21:27:15,2017-11-13 20:37:24,2017-11-27 09:39:11,2017-12-12 00:00:00
870335b5a5bfbeaf4c307deb62e63ef5,efd1042b88d03c806edab2861bcc1906,delivered,2018-05-12 17:10:13,2018-05-12 17:29:30,2018-05-14 15:07:00,2018-05-21 22:04:05,2018-05-29 00:00:00
9621eafd687a505c4f065d9181331a48,89ea2f69941fde6370dfb8f85e57f15b,delivered,2017-09-18 10:50:16,2017-09-19 10:56:09,2017-09-20 18:04:00,2017-09-27 17:30:21,2017-10-06 00:00:00
32d02c7aaee4f08d65f23e86e6fd4ac7,3320860ccb3634183ac6746aa1e9264c,delivered,2018-01-26 09:03:10,2018-01-26 09:14:27,2018-01-26 18:29:18,2018-02-09 19:18:49,2018-02-21 00:00:00
b45f8849e29c3cdd34c3f4ca5944be36,5ed24e420fd540c38e5cc3923bed7610,delivered,2018-05-07 15:08:35,2018-05-07 16:55:57,2018-05-09 06:46:00,2018-06-08 21:05:04,2018-05-28 00:00:00
14f0429b74bbb862693e5a88af6f6f6a,f7046a8b240746366664bc7462548824,delivered,2017-10-21 13:30:15,2017-10-24 03:49:29,2017-10-24 17:28:37,2017-10-30 20:54:43,2017-11-09 00:00:00
006557c3221c1fcd02b0106343ab357b,ca9e43d2589e04a0608d8989d5c5452d,delivered,2018-02-23 14:36:15,2018-02-23 14:51:13,2018-02-26 22:51:58,2018-03-02 17:28:56,2018-03-23 00:00:00
d64129bd118f963e990da57952b940a8,61f669b57bc39cc991807a58ea19b98b,delivered,2018-03-28 17:14:10,2018-03-28 17:28:03,2018-04-05 20:51:33,2018-04-07 11:06:41,2018-04-25 00:00:00
4decb358ab08877ea0febfd7d1112a98,b04a30fae309e92ba5210356fde7191f,delivered,2017-05-15 23:55:29,2017-05-16 01:02:26,2017-05-17 11:44:43,2017-05-22 13:09:39,2017-06-02 00:00:00
1dfe1249fb9a3871f918c37f1e5f68a6,630b53ee81b257e794880292133bf170,delivered,2018-06-24 20:38:56,2018-06-24 20:54:56,2018-06-26 16:43:00,2018-06-28 11:48:31,2018-07-18 00:00:00
ab0c3c453c2467ddddf00d7c3b1cfdef,abdcc1689c72dac777cf9f9cf1ec01b5,delivered,2018-03-19 14:04:25,2018-03-19 14:29:40,2018-03-23 19:24:42,2018-04-03 19:34:40,2018-04-06 00:00:00
b7f44ef7fe56341d2d0d0703d65a429b,11abccf0ff641d344604f0d9e072f91e,delivered,2017-08-04 16:41:25,2017-08-04 16:55:09,2017-08-07 21:46:00,2017-08-08 21:52:11,2017-08-30 00:00:00
975164af4cc35b037fbd7bf48728f622,434307c016e186e16cc50df7b23da3e6,delivered,2018-01-14 22:26:14,2018-01-16 03:50:22,2018-01-17 16:22:07,2018-01-23 12:33:03,2018-02-08 00:00:00
96aa0966b88abeb986cc17b9a6ee63d0,c42527f634cdcc96d4576f9961815586,delivered,2018-04-23 20:23:18,2018-04-24 17:53:55,2018-04-24 22:22:35,2018-05-04 22:21:50,2018-05-22 00:00:00
0d199f9246dfe250de1d10106c30d208,6543e7ae239ee97ee2f0a5b63eeeaae5,delivered,2017-06-08 17:10:21,2017-06-08 18:43:24,2017-06-10 10:32:05,2017-06-16 13:56:49,2017-07-03 00:00:00
c867dd64bd728f7a87d1c868c7c2c33f,7203adde3a9d76f21c2b01223d07c2b0,delivered,2017-02-09 20:56:00,2017-02-09 21:05:23,2017-02-10 11:20:32,2017-03-06 07:48:00,2017-03-20 00:00:00
966004c159b5f144988649907841b502,e4c369918c62b6fc091b0a72c50c4cd6,delivered,2018-02-28 12:50:48,2018-02-28 13:10:14,2018-03-09 22:09:32,2018-03-20 21:43:33,2018-04-02 00:00:00
a0f26edb69d57d6b0624f0ebef947c79,10511fcfd228afa2040219b363eb9f05,delivered,2018-07-03 21:51:45,2018-07-05 16:14:41,2018-07-04 08:51:00,2018-07-10 20:35:48,2018-07-24 00:00:00
4154bf1348caac78152fe76e3e9c4af8,90ce0548c953a250526eac9fbc2c2951,delivered,2018-08-23 20:34:07,2018-08-23 20:55:32,2018-08-27 13:41:00,2018-08-30 16:43:34,2018-08-31 00:00:00
9b45de49b277899b23ba41cbb79d3a5e,ac91fae4bc0f17e772e21db6cc84e9c3,delivered,2018-01-20 12:17:20,2018-01-20 12:37:14,2018-01-24 23:09:19,2018-02-01 16:53:10,2018-02-14 00:00:00
7d1e3a395580e827eff45e47efd8017d,472beb48321dbb71c4b3c1667a285ea7,delivered,2018-06-28 23:26:41,2018-06-28 23:50:55,2018-07-03 15:18:00,2018-07-09 16:51:09,2018-07-25 00:00:00
e3d83da524afead5265900f2cd40d592,f145cc75412500f2dbe71a57c2d4dc9f,delivered,2018-08-25 11:31:22,2018-08-25 11:45:19,2018-08-27 14:36:00,2018-08-29 20:17:53,2018-09-06 00:00:00
b2b7043343c97ca1dfc624e1d71e43df,dbdac9ead3187fed68b68fd81a5321da,delivered,2017-08-01 03:36:49,2017-08-02 11:23:40,2017-08-03 16:03:35,2017-08-10 17:32:49,2017-08-25 00:00:00
5f303c97922b4eed59bca1e3b503f984,43082d4044011b783b48cf02f3c7880c,delivered,2017-10-16 13:56:29,2017-10-17 03:46:06,2017-10-18 22:13:54,2017-10-23 17:52:45,2017-11-06 00:00:00
99bd93d530d8b588cc9fe65dddee7411,d4d42d766020a2cab496ebe924934162,delivered,2017-10-30 14:21:13,2017-10-31 14:15:56,2017-11-01 19:27:05,2017-11-03 21:38:35,2017-11-16 00:00:00
0d319cdad03395ebc9942c66fb16b7a9,13c8f815b04673c0930db34c9426b349,delivered,2017-02-03 13:58:44,2017-02-03 14:05:21,2017-02-03 14:59:00,2017-02-17 16:56:57,2017-03-14 00:00:00
8a8a994e1490309488dfb4f502f76b0c,ee942848b42d179e07bd0979c23fd853,delivered,2018-02-14 13:05:06,2018-02-14 13:15:38,2018-02-15 20:21:39,2018-03-07 22:13:42,2018-03-08 00:00:00
2246b00cedc24cbba0af186b95a3e885,d19f6ab3248be287201d7985d4c63eda,delivered,2018-07-21 17:43:34,2018-07-21 17:55:17,2018-07-24 16:01:00,2018-07-26 21:16:55,2018-08-03 00:00:00
82419d35f3c2a4d515d9bd272ecbc050,94053bde7b4b7845017b84a2f540ca91,delivered,2017-12-17 13:43:43,2017-12-17 13:54:24,2017-12-19 14:28:58,2017-12-26 16:14:39,2018-02-13 00:00:00
be80ccb8f620862ee6fec40409d35aee,b2c14a4ba338f57692c8a8afcd85f141,delivered,2018-08-01 13:23:19,2018-08-01 14:00:14,2018-08-02 15:34:00,2018-08-08 23:09:35,2018-08-20 00:00:00
3202ed2f2aeb0f12728c23faf6b61bf8,3f746b19aced0452de93862d6ddef4ab,delivered,2018-05-03 23:59:21,2018-05-04 00:13:31,2018-05-04 14:19:00,2018-05-09 19:47:51,2018-05-28 00:00:00
2860a8f93184d56f89d3b2aebb912a83,a56b179c3c9e1ca1b6c153c1e0b8117c,delivered,2018-06-18 10:01:17,2018-06-18 10:20:10,2018-06-19 12:09:00,2018-06-20 14:59:39,2018-06-29 00:00:00
42576ea27f4b718451f1466e7e66f923,3d74f485dc8132ea8f838e7663e3b3b9,delivered,2017-04-11 22:38:59,2017-04-11 22:50:18,2017-04-24 11:01:45,2017-05-17 06:41:58,2017-05-11 00:00:00
7b097f892b3cba2de93590049d8875c0,4beac3af7d4cd0b525af0e407194e29d,delivered,2018-04-02 09:33:05,2018-04-03 05:28:05,2018-04-04 22:34:27,2018-04-07 13:29:31,2018-04-24 00:00:00
96c26f94aabe1e27bcc5068044c5da90,54beafe443d4349d60293245538ea602,delivered,2018-06-09 18:10:11,2018-06-09 18:30:38,2018-06-12 15:09:00,2018-06-19 22:04:13,2018-07-05 00:00:00
db4d1cf54509ad6f47b9e8b09d2a2c40,42d941d7421f648124342e05e8478022,delivered,2017-09-21 13:27:16,2017-09-22 05:34:11,2017-09-26 14:02:48,2017-09-29 23:09:57,2017-10-11 00:00:00
1e40acbc25a8373a85419489d08d2fc9,f445bec4e10f9b0252da3607c053a41b,shipped,2017-11-22 00:18:00,2017-11-22 00:29:23,2017-11-22 20:23:31,,2017-12-22 00:00:00
14b5c4cd4b8db87b8c7582add54038c5,c33d94510461f224d7e0ee117becf361,delivered,2018-04-26 09:11:49,2018-04-26 10:15:13,2018-04-26 15:18:00,2018-05-02 22:32:29,2018-05-23 00:00:00
9cbffd61028eba6badc7fe8367674130,1ed36ee881662e81622d2baf3944ccc0,delivered,2018-01-08 23:55:28,2018-01-10 10:31:43,2018-01-15 23:48:58,2018-01-18 18:32:49,2018-01-31 00:00:00
8b658d5b253115ce870a3b21f39899df,c756fb4b7da90c88f12aca1ae75dc1a3,delivered,2018-02-01 19:36:03,2018-02-02 02:53:38,2018-02-05 18:23:08,2018-02-17 01:17:53,2018-02-26 00:00:00
b7a0874c2d7329a9f277027471bef747,9719596a7621bf849efb0037dafdaa62,delivered,2018-03-16 15:06:27,2018-03-16 15:15:34,2018-03-20 21:22:29,2018-03-23 18:59:36,2018-04-12 00:00:00
cb131af379d402c6f6c9b62bde622e75,890516c4fd0502448c48e605456e7c4d,delivered,2017-07-27 15:20:42,2017-07-27 15:30:22,2017-07-28 18:41:43,2017-07-29 15:32:06,2017-08-09 00:00:00
b438ae3323566a4e25ebef7b8b3e50e4,1ed2c1a5e5b04ce52f991aaa8a7b2fff,delivered,2018-02-08 00:40:50,2018-02-09 02:50:09,2018-02-09 19:26:27,2018-02-16 16:53:18,2018-03-06 00:00:00
f9f06b8cf6add7953a28dbced729fa8f,9fef7c7ffc4421952c01aafb68394c53,delivered,2018-04-21 15:33:15,2018-04-24 17:27:45,2018-04-24 22:22:06,2018-04-26 22:34:49,2018-05-24 00:00:00
c68ea4392f5b47e1dd1623a6d9af8f20,1466807c460a633a141042faed40b5a6,delivered,2017-09-15 09:57:51,2017-09-15 10:15:28,2017-09-21 14:04:17,2017-10-02 16:58:17,2017-10-13 00:00:00
d31a86f344f9c8ab4f01481b4ef0e68a,33172265d2b2cd8c04496680794341fc,delivered,2017-12-12 16:42:15,2017-12-12 16:54:51,2017-12-18 21:44:00,2018-01-03 16:47:30,2018-01-12 00:00:00
908d1d255f2d754f743ccadc6cff3b3e,9872c59c7d334fd71354134a7a4bf00f,invoiced,2018-04-18 15:42:49,2018-04-19 02:10:54,,,2018-05-10 00:00:00
6c529370da5caa0a00a077160dc16b01,307f69409b94f1287cd478d154225cd3,delivered,2018-04-08 23:46:53,2018-04-08 23:55:13,2018-04-12 20:58:34,2018-04-16 18:49:35,2018-04-25 00:00:00
b6785f62f47a35b971f1353294849dff,7e42e1b6d62913f7c891b8418c7e6481,delivered,2017-12-14 15:38:37,2017-12-14 16:24:50,2017-12-15 16:49:31,2018-01-03 16:17:30,2018-01-15 00:00:00
de4c508282732a9138afe232f9c7285e,07cbe02494c601060a293c344a4e4fcf,delivered,2017-12-11 20:03:10,2017-12-11 20:12:26,2017-12-19 20:08:51,2017-12-22 20:04:10,2018-01-03 00:00:00
188804952924592ac0678c7ab1b42860,02469bb79cf0096970abae40244a4c6f,delivered,2018-08-12 13:51:25,2018-08-12 14:04:36,2018-08-13 13:40:00,2018-08-30 12:21:35,2018-09-17 00:00:00
2f0edc89820744d9e9ff3b7ef7c936b7,40e26a46ed470562ca16ed2d686fae4a,delivered,2018-06-20 06:42:04,2018-06-20 18:47:19,2018-06-21 15:17:00,2018-06-29 13:36:41,2018-07-03 00:00:00
a790d27c030796b3b877c1df82635d3c,a383a40e05a23d144cd024086414783b,delivered,2017-10-19 11:18:10,2017-10-19 12:06:18,2017-10-19 18:53:09,2017-10-25 19:17:37,2017-11-13 00:00:00
4985a7fdb01bf57b6546b9ea5790adbd,802e8b67850e74f3d9894d4f5a3035e1,delivered,2018-06-09 16:50:56,2018-06-09 17:10:03,2018-06-11 14:02:00,2018-07-08 18:44:22,2018-07-13 00:00:00
9a40c467105246b59eb5dfa3f5b04539,cb3056c727f96c9d29a1d938fa533bfe,delivered,2018-03-27 09:26:49,2018-03-27 09:47:05,2018-03-27 19:08:38,2018-04-07 01:14:46,2018-04-18 00:00:00
6dc8b8f970d5256ebe88e075c1428321,34f5ffc25f144e1f6b9d0db0fa1050cb,delivered,2018-08-04 12:21:20,2018-08-05 12:15:19,2018-08-06 14:00:00,2018-08-14 06:44:34,2018-09-05 00:00:00
35b93dcd988cc9e90dd933769bb196c4,8f278fe8beaf13805e548072c6d990ab,delivered,2018-05-01 16:25:05,2018-05-01 16:35:19,2018-05-02 15:43:00,2018-05-03 19:26:44,2018-05-15 00:00:00
c2339bbec3aaccee5dfb887e03903617,f12f332ebbf1b1f68126b31bcc25429b,delivered,2018-06-01 13:49:15,2018-06-01 16:11:41,2018-06-04 14:08:00,2018-06-12 20:42:08,2018-07-19 00:00:00
0dc0f6c0d3aae130bad1ba526469f2e2,37ee751f742df9220a0f7a73b618f7a6,delivered,2017-11-20 15:58:59,2017-11-20 16:08:29,2017-11-21 20:57:04,2017-11-29 16:18:32,2017-12-14 00:00:00
30b693f731699f8468a99b453bd26dd7,aa0cf3058e9942647ecd15789fbb4993,delivered,2018-03-03 09:19:54,2018-03-03 09:30:27,2018-03-06 16:05:22,2018-03-14 19:41:39,2018-03-21 00:00:00
582fd4fa596ee1af88f153a5ba0523f2,deaa19219d8e3afdf04e2685df1bda8a,canceled,2017-11-09 17:38:45,,,,2017-12-05 00:00:00
efabea2bf6185e12d09484abcc4bff85,42590c6b9aff7258e8cd3ee9de871e64,delivered,2017-07-24 01:16:13,2017-07-24 01:30:12,2017-07-26 04:41:55,2017-07-31 22:10:07,2017-08-11 00:00:00
994454efd51b0727e49fa7323d1ea2e2,3ad5eec80add5901fec68c9605016872,delivered,2017-04-17 13:57:42,2017-04-17 14:10:10,2017-04-19 11:53:06,2017-04-27 13:47:45,2017-05-12 00:00:00
3e7d62de8eab0ea8d37a2983df8f7af9,9840175c487cbad0c849d9e76c898afc,delivered,2017-10-09 13:40:58,2017-10-10 06:34:12,2017-10-11 17:38:57,2017-10-16 21:48:45,2017-10-31 00:00:00
068d6b1cc2388cb0c5dcff8815760818,20739257747044d02d19276bacd71f66,delivered,2018-07-16 13:14:48,2018-07-18 02:41:50,2018-07-18 09:46:00,2018-07-25 23:28:48,2018-08-01 00:00:00
4462bafbef3a623e13088c31afb8d976,60d92131b9965763a97d72949c745982,delivered,2017-11-26 10:18:35,2017-11-28 10:16:25,2017-12-01 21:38:52,2017-12-08 22:05:01,2017-12-27 00:00:00
3fcbf2059f4b76ed137fb591f6e826b4,26cb7b36e5d28d9d0bf236afe312013e,delivered,2018-08-16 12:46:36,2018-08-16 13:04:04,2018-08-17 12:59:00,2018-08-28 15:59:00,2018-08-30 00:00:00
cf07604a298e52c07c772d3dbc9edc1d,b94c12a8801864a021cd6bd4d888d2c0,delivered,2018-02-06 13:54:03,2018-02-06 15:55:46,2018-02-06 23:44:17,2018-02-09 18:58:42,2018-02-22 00:00:00
2fa183e49c2092ebf306bfd2f6ce9378,743c0a31efdac563c043641dcdb8173b,delivered,2018-05-06 19:51:35,2018-05-07 09:56:12,2018-05-08 11:42:00,2018-05-11 14:40:47,2018-05-30 00:00:00
2f10477788160831a76bb28cac8bbfb6,8452aca15fe14314fbacbda44b8b0cd6,delivered,2017-08-05 14:10:59,2017-08-08 04:20:20,2017-08-09 17:53:16,2017-08-16 14:23:40,2017-08-29 00:00:00
29500656822f8cf6e25315bba794b4e8,438af069bdfc2cdff4fa2b35c3cccee3,delivered,2018-04-26 18:16:50,2018-04-26 18:32:09,2018-04-28 07:58:00,2018-05-15 18:28:39,2018-05-30 00:00:00
39e1cc336087cefad5b96a4e37ec170d,d39272eb1ded3bfedc7660c7ccde6477,delivered,2017-12-26 16:55:12,2017-12-27 04:12:43,2017-12-27 18:49:06,2017-12-30 17:05:05,2018-01-24 00:00:00
57d81cf23bae8a7dac02a955f3a6d81d,f352d72ba42301488d1b6da8a9a5b03d,delivered,2018-05-05 22:51:07,2018-05-05 23:10:34,2018-05-07 10:54:00,2018-05-14 16:03:25,2018-05-29 00:00:00
eddf1b58726e1b53c010f681422195fc,9fff124c067a8e923fbcf6cdea20ea56,delivered,2017-08-03 14:17:03,2017-08-03 15:30:17,2017-08-09 21:27:36,2017-08-17 21:03:05,2017-09-01 00:00:00
94534dca4b70b22116250b471102602e,f413d1831bd15a64a7b73db89282fa77,delivered,2018-08-06 16:07:50,2018-08-06 16:24:38,2018-08-10 08:51:00,2018-08-22 15:48:45,2018-08-30 00:00:00
67fc5f606ae3826fe2e204222407f87d,b001541b13d3ee5c51092d7565cf0fca,delivered,2018-08-16 09:11:40,2018-08-17 03:29:59,2018-08-17 12:05:00,2018-08-24 16:16:49,2018-09-11 00:00:00
ebb615f4359b27e961316b3959532f6c,14fd3eba514b49c33317f567ae94a1d7,delivered,2018-07-25 07:55:42,2018-07-25 08:05:11,2018-07-26 14:53:00,2018-07-31 16:38:44,2018-08-09 00:00:00
ae68db7133205767bf752b04da1d3b50,06497bec842a481bd823944e52528944,delivered,2018-01-13 22:24:39,2018-01-16 03:51:07,2018-01-18 18:53:03,2018-01-24 22:38:52,2018-02-05 00:00:00
275b46c1b462043f24768a0b168bc654,e0844d74d286167ac9cf10d02cda2bfc,delivered,2018-07-24 09:01:09,2018-07-24 11:40:45,2018-07-26 13:09:00,2018-07-30 11:42:09,2018-08-09 00:00:00
76605cf925ed0ddb1629abe46ecf0fe7,4a30fabb5431e637b6a8ef606e9ea9ba,delivered,2018-06-26 12:08:57,2018-06-27 12:08:25,2018-06-28 15:41:00,2018-07-02 22:37:58,2018-07-20 00:00:00
c9b448b4e0098e41e8ac370c26bcccd3,83137b77c6e808c1a38760af8b0ba7c0,delivered,2017-06-25 19:54:54,2017-06-25 20:05:18,2017-06-27 07:51:46,2017-07-20 18:27:40,2017-07-14 00:00:00
b21e3162e757bdf451e3aead9be19148,ef6175a8a1635137174ca0cd10d6090a,delivered,2018-08-20 11:05:44,2018-08-21 11:10:09,2018-08-23 11:48:00,2018-08-30 22:27:52,2018-09-13 00:00:00
1397250bcaab6cf804f34197ffcf0424,fcab992f275f6be6560db89992f93701,delivered,2017-12-25 15:21:02,2017-12-25 15:31:33,2017-12-27 00:01:05,2018-01-09 22:16:31,2018-02-05 00:00:00
7050ca67abc28e54c96dda64fc044dc6,8b74477fc8168aeeed71d94c2b040125,delivered,2018-01-20 12:42:14,2018-01-20 12:52:07,2018-01-23 13:38:56,2018-02-06 12:51:49,2018-02-23 00:00:00
a5f26d6de016f2a849296eb5dac40eb8,df211c82a6114506ccfe030a60973fbf,delivered,2018-05-09 17:37:03,2018-05-09 17:52:54,2018-05-15 15:13:00,2018-06-04 23:04:58,2018-06-04 00:00:00
4017df0a0c73564d88bd596e06e42c2d,de29a2c594d88f6e10fc329bf72d5774,delivered,2017-11-20 20:37:34,2017-11-22 16:17:58,2017-11-23 23:09:23,2017-11-28 16:32:36,2017-12-07 00:00:00
21ce1808ea117d397cae34b95036a4c7,52fb8cfe0efcb927648b8fe7e8f0a509,delivered,2018-01-14 15:09:23,2018-01-14 15:28:29,2018-01-15 17:46:47,2018-01-31 17:34:37,2018-02-09 00:00:00
d5d94fa0d1e2f561eb38c08dd582cad8,d57fee640224bb34de29f6e6d6f31c2a,delivered,2018-07-05 09:49:54,2018-07-05 16:25:16,2018-07-05 12:44:00,2018-07-11 14:14:41,2018-08-03 00:00:00
4fb76fa13b108a0d0478483421b0992c,5152585f73b24d675bd2e8316b4fa99d,delivered,2017-03-15 11:23:38,2017-03-15 11:23:38,2017-03-17 13:31:53,2017-03-21 13:31:59,2017-04-05 00:00:00
fdf69195de599720c7b0292fb09fa55d,86e7edd809435f8d26c220cec1349795,delivered,2018-05-05 23:45:35,2018-05-06 00:14:06,2018-05-08 15:41:00,2018-05-14 13:12:27,2018-06-14 00:00:00
d8097587799efe19a24233909b0513c4,171c5523ee56a47b6494aa15fd84acf8,delivered,2017-08-09 15:18:23,2017-08-11 04:30:06,2017-08-14 20:17:56,2017-08-21 18:44:33,2017-09-06 00:00:00
5d9c5817e278892b7498d90bfa28ade8,b583a7efe4522c8ce8942bd47f33d487,canceled,2018-04-26 08:13:54,2018-04-26 08:32:52,,,2018-05-10 00:00:00
c1f39bb1d57f413cc9d3086d546b3866,2f20e98344b75554e78a681c992cb5d3,delivered,2017-09-12 00:22:40,2017-09-12 14:30:32,2017-09-14 14:03:57,2017-09-19 19:38:47,2017-09-28 00:00:00
e2cdd25091607dcc893bb86f3ce52b26,1a988c0b396ce0e056d68b90be213ded,delivered,2018-08-18 19:15:41,2018-08-18 19:30:16,2018-08-21 16:14:00,2018-08-25 13:38:56,2018-09-05 00:00:00
22a6d394ca7d999b417f339db55d2cf8,7a24d3886c1bf5b130a1c1f0b2671ad1,delivered,2018-01-14 19:54:49,2018-01-15 10:11:34,2018-01-18 21:35:35,2018-02-05 19:49:08,2018-02-16 00:00:00
71a9b0571a7e3a1094faefdd6be2a999,2b9a21297fcfae527fccb19cc3e73ed3,delivered,2018-08-23 11:30:22,2018-08-23 11:46:03,2018-08-24 14:46:00,2018-08-29 15:16:43,2018-09-20 00:00:00
7a3bdd1ce4ff0098b32fe17565739815,36b9f7098dcb4280c45ae8f617645db6,delivered,2018-08-13 19:38:40,2018-08-13 19:50:17,2018-08-14 13:27:00,2018-08-15 14:51:47,2018-08-21 00:00:00
77695976859e3c3e692c5a5bc670f31b,1ac452a99daac9ce73b82b28c32a3da1,delivered,2018-08-06 22:33:37,2018-08-08 04:35:15,2018-08-09 10:13:00,2018-08-15 19:21:19,2018-08-22 00:00:00
babf4b3af8749669fef673abd352fab9,0addc0618187d40767e6c49c395cc565,delivered,2018-03-20 15:40:29,2018-03-20 15:55:49,2018-03-22 11:52:47,2018-04-03 23:59:03,2018-04-24 00:00:00
395522d74b4f19e9d229bacaab803c99,9d715b9fb75a9d081c14126c09218b96,delivered,2018-05-12 14:03:02,2018-05-12 14:15:18,2018-05-14 13:21:00,2018-06-18 17:19:58,2018-06-12 00:00:00
1103c4be46dcfaefc2a3b79d3ef6c866,a1f6530f940d0e5f625593bd7fc29f60,delivered,2018-08-20 16:08:31,2018-08-21 06:09:57,2018-08-23 10:56:00,2018-08-30 12:06:57,2018-09-11 00:00:00
ecf7e61d0f5617017f9105bf07f390f6,4603b60ea92a73e8a68c72269d5a88a5,delivered,2017-02-19 03:33:17,2017-02-19 03:45:13,2017-02-21 14:34:38,2017-02-24 09:47:39,2017-03-17 00:00:00
050c064324e4ea0fd891e928b776a24a,50fa7b568bb20a89723d9e7361ea6455,delivered,2018-01-09 16:43:47,2018-01-09 16:53:49,2018-01-17 14:04:00,2018-02-09 17:29:45,2018-02-15 00:00:00
0550cddd79cea841641e17c802d9c403,02385ca219b24812b4c7c65818e3b06a,delivered,2017-08-09 16:57:21,2017-08-10 06:45:12,2017-08-11 13:49:40,2017-08-14 11:25:51,2017-08-22 00:00:00
93fc3bc7b6247585e28ea46b9e8d3d47,1eee04b64ca1ad8c06ec85570fbbaec3,delivered,2018-02-20 14:10:01,2018-02-20 14:30:39,2018-02-23 23:51:52,2018-02-26 21:06:28,2018-03-06 00:00:00
652dd239023471248957a1a2d5173b60,35cc89fc7a4a108e58af6d20943348d6,delivered,2018-08-08 20:41:24,2018-08-08 20:55:24,2018-08-09 14:52:00,2018-08-16 22:03:14,2018-08-27 00:00:00
b2a55ef9c0ebd8b6d955fdffa15e7bfa,742d405d3f6197a983010df7d445be3e,delivered,2018-04-18 13:58:43,2018-04-19 02:51:37,2018-04-19 20:28:44,2018-04-24 18:57:47,2018-05-11 00:00:00
4e41f78649da5383f210424cf0d04966,84bca97a82197c251dd791de6921279f,delivered,2018-06-05 23:07:48,2018-06-05 23:31:50,2018-06-06 14:23:00,2018-06-15 16:22:27,2018-07-18 00:00:00
defa35b1f40e19ddeea7aa2aadb0ef3f,7173fdb38c454281f1f23addad4534c0,delivered,2017-10-09 10:59:04,2017-10-10 03:49:14,2017-10-10 18:41:24,2017-10-23 19:06:40,2017-11-07 00:00:00
226e081eeb9e359389b212a6b26f84dd,9b89cfdb4e6c82015a5b07d0557dcc58,delivered,2017-10-05 18:33:46,2017-10-05 18:45:28,2017-10-06 13:51:53,2017-10-13 16:03:13,2017-10-27 00:00:00
5e4a5632c531091bf04eb6e365e84d36,058b4cfa2da81472fbfe410a03f536c7,delivered,2018-02-22 19:24:45,2018-02-22 19:48:31,2018-02-23 22:57:02,2018-03-14 19:03:02,2018-03-20 00:00:00
c7ed918d8db50526f07711b3cb8ec6e2,f4ca5b65eb24fd60b5d47147acce5b82,delivered,2017-12-18 19:52:10,2017-12-18 20:52:33,2017-12-19 21:53:25,2017-12-26 16:37:38,2018-01-05 00:00:00
182499c96e47e2fa18c6d442a1fa6b1f,5dd4fcd1d55de7ae96cae3fa0ec13839,delivered,2018-06-04 16:20:33,2018-06-04 16:30:28,2018-06-05 11:41:00,2018-06-08 15:54:48,2018-07-18 00:00:00
2e69eb402e990dd7df2f12806dc38a4a,fdad7da94289d3521ce425b4edfbfc60,delivered,2017-12-15 00:55:29,2017-12-15 01:12:22,2017-12-19 00:16:07,2017-12-20 19:33:54,2018-01-05 00:00:00
64214eee33528e79cda8311c1a40d259,ad8e61b43475be715767337d38f95196,delivered,2017-03-31 10:21:22,2017-03-31 10:35:20,2017-04-03 15:38:50,2017-04-20 08:52:10,2017-05-03 00:00:00
0c2a184d46c54e6a31e9d7a2a920b4b4,15cf1c39f5851adb0bc3ed236060c8cb,delivered,2017-11-24 17:43:45,2017-11-24 21:12:55,2017-11-28 21:05:32,2017-12-13 16:42:36,2017-12-28 00:00:00
e677ab34eb52c66dd39e65b9aa84fe4c,34c1f8fa2e7d48d5f334b5f56702cde4,delivered,2017-11-26 22:58:55,2017-11-28 03:39:32,2017-11-28 16:19:00,2017-12-08 23:07:46,2017-12-26 00:00:00
241ed1aad96c4cc788ee6f8ab96242ef,31ef214ca2b1a59ca5819bcbf64b6349,delivered,2018-01-04 22:57:13,2018-01-06 02:08:45,2018-01-11 22:07:58,2018-01-25 02:17:51,2018-02-05 00:00:00
9d0dea2e11b3af0d11ba66eac116bc6c,08d31253590799b23b34713713a5f7d0,delivered,2018-03-21 19:37:58,2018-03-21 19:50:52,2018-03-23 22:18:54,2018-04-04 23:41:54,2018-04-16 00:00:00
60d899100b7d9333a614a610c5b619fc,70299e106f6e6cab75bc08777a3a4480,delivered,2017-05-02 13:24:39,2017-05-02 13:42:19,2017-05-02 14:36:35,2017-05-10 12:56:36,2017-05-25 00:00:00
a6684913599fe52e243ed5d52a2ab57b,7f9e38df3bdcc0a32b5b330288cf7b6d,delivered,2017-03-28 17:03:51,2017-03-28 17:15:37,2017-03-29 15:18:21,2017-04-06 10:12:50,2017-04-24 00:00:00
195ff45c167e808ee4f7ef32d7d8c984,043227bab04086b2fb932f1d612a575e,delivered,2017-09-21 13:45:32,2017-09-22 04:05:17,2017-09-22 16:25:47,2017-10-02 22:12:46,2017-10-23 00:00:00
8b75c1d5d99e30c53acf26bdfd1f29bc,2d7be18e8894ac27d2ca4eb3a41c285f,delivered,2018-08-06 20:29:43,2018-08-06 20:44:31,2018-08-14 13:55:00,2018-08-15 19:14:47,2018-08-13 00:00:00
a338d0ade09a3ac954ecbf64b3b3b485,fbbbf9c39662ec023c52d0169700b4d6,delivered,2018-05-31 11:29:34,2018-05-31 11:51:13,2018-06-01 12:22:00,2018-06-19 15:13:02,2018-06-28 00:00:00
bf7633822714776cc60f51470f805b92,a413396dcb9a0e9398058e4eb99bda84,delivered,2018-06-19 13:38:32,2018-06-19 13:57:43,2018-06-20 16:57:00,2018-06-27 21:33:31,2018-07-17 00:00:00
d579a51c897e8a3467e71e4db5a88b29,d68203296f0f13f31f3c07d186746360,delivered,2018-06-30 14:24:12,2018-06-30 14:50:07,2018-07-03 14:36:00,2018-07-12 15:06:38,2018-07-31 00:00:00
6f8d53661cb6c0103f103915644d0a06,0d45270e541b3d3140d7240434b324c8,delivered,2017-06-07 12:09:46,2017-06-07 13:15:35,2017-06-08 09:47:46,2017-06-09 12:00:54,2017-06-22 00:00:00
885c961bdc49f349fbc62709b7ad859b,b2ff945a0190e60266b483711041dba5,invoiced,2017-11-13 17:52:54,2017-11-14 04:15:33,,,2017-12-18 00:00:00
8dfcba64312b559340f9c9f65ac6205c,ac45e35bf2b9db0b1da073260e0455ff,delivered,2017-06-09 05:48:49,2017-06-10 03:03:48,2017-06-12 07:06:25,2017-06-19 12:26:11,2017-07-04 00:00:00
9053a7a342729c317ced50baf9de3040,74d9abd6a35eb64311c49aa052e32f92,delivered,2017-09-28 12:34:28,2017-09-28 12:49:53,2017-10-02 16:30:33,2017-10-06 18:33:20,2017-10-16 00:00:00
cef686cbfa22c545c06fc046126f6a02,f372dd9ffc7c3279633787779747a055,delivered,2018-05-18 23:23:37,2018-05-18 23:53:37,2018-05-21 12:01:00,2018-06-05 20:32:42,2018-06-05 00:00:00
1d8747e28d2a17848780cacc9b445280,910c0c38cc99cb4a16a2d3c764bfdba0,delivered,2017-07-13 20:16:58,2017-07-14 16:15:23,2017-07-19 18:27:36,2017-07-31 18:26:46,2017-08-04 00:00:00
c80568cc3de3ee4efd40e9329b74b233,282e5e59f9bed5c561e52c14586bd6c5,delivered,2017-07-27 11:15:09,2017-07-27 11:30:07,2017-07-28 17:45:37,2017-08-09 18:52:25,2017-08-30 00:00:00
9739c55348e0dff4c220e6c29285dca7,ff806b9005b5c5ceade753b2536f3833,delivered,2018-03-04 11:48:10,2018-03-04 12:41:24,2018-03-05 23:56:54,2018-03-12 18:42:43,2018-03-15 00:00:00
16a8ed3100a70b46cf67125e6bb54fa8,73a382623dc26b140d807f421a06b55c,delivered,2018-03-20 17:11:23,2018-03-20 17:28:19,2018-03-21 21:54:31,2018-03-29 16:16:43,2018-04-12 00:00:00
2e386e86851d57f3a4f9b2bde748df42,cd2aeb7652a5a67b8da8c50950351f0c,delivered,2018-01-03 22:02:54,2018-01-03 22:11:36,2018-01-05 00:20:03,2018-01-11 16:49:35,2018-01-26 00:00:00
f712d6b3989692ceb30fb3cefe2a3593,beecde6eb4cee2e570e0896ac6c8c611,delivered,2018-05-26 21:25:06,2018-05-26 21:50:05,2018-05-28 14:09:00,2018-06-04 17:44:28,2018-07-03 00:00:00
2a0e85d19656bd0a3c61a564b010ddd1,a990f3fb0ef120ed85a3ccfbd5c89090,delivered,2018-05-06 14:40:49,2018-05-06 14:55:19,2018-05-09 15:48:00,2018-05-15 15:58:50,2018-05-28 00:00:00
60807512895403580c67fa1fade73bda,554c9763dcf0b0d75321961cf6c76d6c,delivered,2018-06-12 21:52:44,2018-06-12 22:21:38,2018-06-13 13:58:00,2018-06-18 17:03:59,2018-06-29 00:00:00
f5e2d1503e518180a056ed6db9d99514,f9212cd382c1a1ff756884fba22217af,delivered,2018-04-08 11:14:23,2018-04-08 11:30:24,2018-04-10 20:08:41,2018-04-12 12:32:48,2018-04-27 00:00:00
bb8feb5c5a3d07a1e5e2ae3670a27910,ab287439e20c9dc4717ada1998dc06ee,delivered,2017-10-21 21:55:26,2017-10-24 06:34:09,2017-10-24 16:32:34,2017-11-06 16:34:38,2017-11-22 00:00:00
7bb02c36bd3bb7f11f1fce9fea141af3,5a1e0215018d048d9bb4878df261dcff,delivered,2018-05-04 01:57:58,2018-05-05 02:53:50,2018-05-07 15:22:00,2018-05-08 21:06:40,2018-05-17 00:00:00
19fa597ff1023ec1294c43cee05955e1,19eba63a5c9ec4910a5248b3d994a571,delivered,2017-10-19 14:19:38,2017-10-19 14:29:10,2017-10-20 16:29:28,2017-10-21 17:02:22,2017-10-31 00:00:00
f70dff3502fa3fe88532b170cf4f126a,03c75f8dfffde486ab30360f6e689a4f,delivered,2018-08-15 17:49:43,2018-08-15 18:05:20,2018-08-16 14:05:00,2018-08-20 16:58:40,2018-08-23 00:00:00
b7aa73a3119c47442c4ff1ee6bab2761,2bfc66d41e1b51c9512490097d79b407,delivered,2018-03-06 07:44:23,2018-03-06 09:00:33,2018-03-09 18:22:50,2018-04-02 21:21:32,2018-03-28 00:00:00
4de4b5399589ac552a438c88653fa27b,914f42ccf18ace2f564032913dce6bed,delivered,2017-05-08 23:55:09,2017-05-12 20:15:18,2017-05-23 12:11:13,2017-05-31 11:34:24,2017-06-13 00:00:00
9f47e04f95b2bba1442d5bbf0611733e,ed6d5239528458c1a45a3b15105ea27e,delivered,2017-05-09 19:28:46,2017-05-09 19:42:28,2017-05-16 15:36:22,2017-05-17 10:42:04,2017-05-25 00:00:00
ff8bf9c080a3d7c12864f7eba1fdd0c2,345a7e8d401d55e35830d078e5710a63,delivered,2017-09-12 21:53:09,2017-09-13 16:05:13,2017-09-14 21:11:22,2017-09-19 23:44:58,2017-09-29 00:00:00
d4c9b64645181fa7193ab68ae9ed3422,667d8b46b73cf480f307edad1d8d5760,delivered,2018-03-13 21:56:41,2018-03-14 21:55:22,2018-03-15 16:47:31,2018-03-22 19:44:56,2018-03-23 00:00:00
149d32ba42826835e09c375b8a1fa923,32a999da0202254e1933631170777178,delivered,2018-02-22 09:19:16,2018-02-22 09:35:38,2018-02-24 00:33:13,2018-04-06 18:16:42,2018-03-21 00:00:00
47073fb1adb2b41ef8bba8c77d8ed86f,014cb897286d70935bfa3c8eac776b76,delivered,2018-05-14 23:00:04,2018-05-14 23:17:42,2018-05-15 14:28:00,2018-06-01 17:39:12,2018-05-29 00:00:00
17bb28a9cd402cfee5ff64208ba89ade,6aa43631e35adce55f5779558a44e918,delivered,2018-06-16 23:41:06,2018-06-16 23:55:12,2018-06-18 07:57:00,2018-06-21 21:08:39,2018-07-05 00:00:00
6be0e40ad5ed600b9e6b90fb9f58ba3a,7c82476c0f50a544581f32a8b7d7eda1,delivered,2018-04-21 14:21:53,2018-04-24 18:00:22,2018-04-23 20:18:35,2018-04-25 21:16:50,2018-05-17 00:00:00
7a2226788e3271396a9eacab9c7533ff,afa43790ae863947519d2d28d5606633,delivered,2018-02-24 12:48:15,2018-02-24 13:07:42,2018-02-26 21:16:55,2018-03-12 18:36:43,2018-03-28 00:00:00
415cfaaaa8cea49f934470548797fed1,a8dff6357fea30071032ff2091d16430,delivered,2017-04-02 10:25:38,2017-04-02 10:35:19,2017-04-13 04:37:45,2017-04-29 10:14:19,2017-05-02 00:00:00
47de47e95fde65f1092e4d067cc83e0e,f80078e6edacdcf77a57a662b017e2a9,delivered,2018-05-08 11:37:48,2018-05-09 07:11:35,2018-05-11 08:39:00,2018-05-14 16:21:21,2018-05-17 00:00:00
dd028c5dfd0ae2d44370c0fc1ca82e19,80dd10412017dd7c11815ba1efc30096,delivered,2017-08-22 01:37:36,2017-08-22 03:25:24,2017-08-22 19:28:07,2017-08-30 18:45:41,2017-09-14 00:00:00
06351d6c05e58972856f24bc50d69b23,c5a92db38654f2f74f3983d03661e8ad,delivered,2018-05-08 19:38:58,2018-05-08 20:54:55,2018-05-11 17:25:00,2018-05-14 20:36:55,2018-05-21 00:00:00
8a881a4cd12decbfb14a30bd1f76e9a8,4f2805dc44b7d28dc8085c99c9ad55c9,delivered,2018-04-03 21:14:40,2018-04-03 21:30:14,2018-04-06 03:28:38,2018-04-12 11:21:18,2018-04-25 00:00:00
f5a9c17b18bafcf2b509819e576c7f1d,cc520770c674e35270d16b7464722c08,delivered,2018-07-28 17:27:08,2018-07-30 18:31:27,2018-07-31 11:21:00,2018-08-14 16:58:39,2018-08-16 00:00:00
6639717557f610a34aec7003122f7c33,0b524da779a488d1550b3e717bfe03d5,delivered,2017-05-29 21:18:06,2017-05-31 06:45:26,2017-06-13 11:09:05,2017-06-22 14:36:54,2017-07-06 00:00:00
39278e2718c6f2a7b23e42f955318fcc,cac49c568ffa3efb4ad9a9aea6f76fc6,delivered,2017-03-03 08:59:20,2017-03-03 09:10:11,2017-03-09 06:04:39,2017-03-16 11:54:58,2017-03-24 00:00:00
3b55f8bdca319d87fac505893a4a3440,a6a6ab9ca44dfb6bcb8faa2f764cfb6c,delivered,2017-06-15 00:36:09,2017-06-17 03:47:46,2017-06-19 17:29:37,2017-06-30 14:05:55,2017-07-10 00:00:00
0767f7b9a6d2c7db242000b27ca8e063,a4cba27784dff4e827894a6cf91fc55f,delivered,2018-01-02 15:38:10,2018-01-02 15:49:28,2018-01-03 21:41:30,2018-01-09 18:23:58,2018-01-24 00:00:00
ce59496beb223906ab55f6bce7fa86f5,8553fb012aaa382ff9b2eb9aae6d03fd,delivered,2017-06-02 10:53:33,2017-06-02 11:15:22,2017-06-05 14:05:55,2017-06-16 15:42:09,2017-06-29 00:00:00
193f0a2e7d76b4a6b080379a0fa83391,8821ed2641ed1a27d5d7e5ae0c6b7ce5,delivered,2018-04-03 09:47:44,2018-04-03 10:28:52,2018-04-04 19:08:48,2018-04-11 20:41:22,2018-04-26 00:00:00
be232325c4a25099b3bd0015b73141cf,e24fc7161cdab26a7f96e139faf161bf,delivered,2017-06-06 18:43:39,2017-06-06 18:55:14,2017-06-12 12:22:10,2017-06-19 14:08:10,2017-07-03 00:00:00
6a0633b045fa76bef36ac14dd4a3f165,455258f2bf9d3777b0dfc5e91a703fe3,delivered,2018-07-03 18:09:59,2018-07-05 16:10:39,2018-07-04 08:51:00,2018-07-11 19:13:48,2018-07-25 00:00:00
659abef602b62c08e71dbc6892a5cffd,f7c73f4b5faf697429c33ad71963b338,delivered,2018-08-08 12:45:12,2018-08-09 04:05:20,2018-08-13 13:27:00,2018-08-16 17:08:34,2018-08-22 00:00:00
b1503f3f344c66cf0a3bdc1e2a6e3fcb,698c9575d3f2b6fd6cd368475a5cf865,delivered,2018-01-13 22:30:17,2018-01-13 22:39:24,2018-01-15 15:46:54,2018-01-24 22:44:36,2018-02-09 00:00:00
2143393cca994a4b8235bc1d67ded772,5d7bf0dcf8306abcdd063a7883e23ae1,delivered,2018-03-02 14:16:44,2018-03-02 14:29:52,2018-03-02 23:55:29,2018-03-05 22:53:08,2018-03-14 00:00:00
1c11733dbdd5bd01b44d43c1ea15d09c,4b75343db338e4baf91d2307ed18232a,delivered,2018-07-25 09:25:00,2018-07-25 09:35:21,2018-08-07 08:45:00,2018-08-13 20:56:51,2018-08-20 00:00:00
aace0cf63f6c71ef4c9ea309cdafe5f7,08aec3c5e2f594f7818c930e95a0b494,delivered,2018-05-23 01:16:39,2018-05-24 02:34:42,2018-05-24 14:08:00,2018-06-02 12:13:00,2018-06-08 00:00:00
c60af7792f63f898ffc28eb10cd9d19a,538234e72ea3c12e36bac4e44680eafd,delivered,2018-08-17 08:20:42,2018-08-17 08:55:34,2018-08-17 14:58:00,2018-08-18 14:28:54,2018-08-28 00:00:00
6234c0a631c7ef6fa2bf006aadf30830,1375bdab8fea25e742665665cb71742a,delivered,2017-02-16 08:58:19,2017-02-18 03:23:09,2017-02-20 11:37:54,2017-03-07 13:43:43,2017-03-23 00:00:00
c5a6478adc7b22ab68336068e514376e,97804bd1a992502ac73b63b576911f42,delivered,2017-12-24 10:32:04,2017-12-24 10:47:03,2017-12-27 00:53:18,2018-01-08 15:46:41,2018-01-19 00:00:00
b7f65fc3d720a073a8fdc62a1266d5c5,45ee462646e80746679a459081941fd9,delivered,2018-07-28 07:16:49,2018-07-28 07:30:10,2018-07-30 12:58:00,2018-07-31 17:58:39,2018-08-13 00:00:00
acafc5aa4a3874a56fa4deb8f00b9d66,940231639c3ebc0ed7a7a023bf28fcac,delivered,2017-10-23 06:21:02,2017-10-23 06:35:14,2017-10-23 18:32:03,2017-10-24 16:14:42,2017-11-03 00:00:00
7658a22ab4067d4c92a25cf2835331cf,8549a9bff0476c807b9df9803bedc6fd,delivered,2017-09-27 15:39:40,2017-09-27 16:14:45,2017-10-02 22:46:02,2017-10-03 23:02:17,2017-10-13 00:00:00
cc5e67fa8185e51d52282cabf20dd8ba,83da75c215f198d2463e10f0fa9a56e6,delivered,2017-07-25 19:36:49,2017-07-25 19:50:12,2017-07-28 19:04:47,2017-08-03 18:04:46,2017-08-07 00:00:00
e36614a2f40167f0c427f794f873f4a7,7d76ebf018179f7d4c113d553ea71cc1,delivered,2018-06-18 22:37:21,2018-06-20 02:55:28,2018-06-20 14:21:00,2018-06-26 17:12:22,2018-07-12 00:00:00
b2487e261162c0d9162eab45862d42a0,83ff82f9e3b08b57d12ef4a5ca7b5834,delivered,2018-06-11 14:00:51,2018-06-11 14:18:31,2018-06-12 12:48:00,2018-06-18 20:53:40,2018-07-13 00:00:00
443f3ab34f06d2d9124cd153812b4ba6,796d05b11c21234c1840086faa0be307,delivered,2018-07-01 17:36:44,2018-07-01 17:50:03,2018-07-03 05:46:00,2018-07-05 17:43:39,2018-07-20 00:00:00
7c086fb9c0a3c91487ff8c4395bd64b6,7997729f17343b6f2bb7f4e809d868ba,delivered,2018-03-19 05:50:49,2018-03-19 06:09:23,2018-03-20 19:58:54,2018-04-10 18:56:26,2018-04-10 00:00:00
cfb8af32c76c2ffd85a000a1e223f667,ae5a5926ae3f6d1bcfe62cbf595d7e09,delivered,2018-04-17 18:42:12,2018-04-19 02:35:14,2018-04-24 00:50:57,2018-05-02 19:21:57,2018-05-14 00:00:00
b2aeaa081ba84843afdf0a5ad31e9832,a1ecadb957075c10c68440904378d9f5,delivered,2017-09-27 20:09:36,2017-09-27 20:24:17,2017-10-02 20:27:27,2017-10-17 21:56:00,2017-10-25 00:00:00
c4ae694131c2e15bee056c466f77f994,5c8a19c5ff615221bc946ebef86e9a94,delivered,2018-08-20 20:13:09,2018-08-20 20:29:57,2018-08-22 16:36:00,2018-08-24 13:48:37,2018-08-30 00:00:00
987430b7ddb6c5c4a9a83505e40a5f4c,86ac7f4694efea6b3b4593f93b1cb322,delivered,2017-05-14 18:07:50,2017-05-15 02:15:09,2017-05-22 09:57:35,2017-05-29 13:12:15,2017-06-07 00:00:00
d77815db97cd5ae5aa8e95e8e6404808,0315566ca17f35abbf61d58f3ea8b8bd,delivered,2018-07-19 19:07:11,2018-07-19 19:23:10,2018-07-25 14:44:00,2018-07-30 16:48:48,2018-08-24 00:00:00
66c597806a0a0fceb57c8acf9a89a842,8829227f8fbaab27bc41e5f7b8c519f6,delivered,2017-02-08 10:29:28,2017-02-09 02:50:15,2017-02-09 11:53:19,2017-02-20 12:42:39,2017-03-21 00:00:00
0f71c6da7b8d96627eb368097e8ca4dc,278a2cc7e2e7b90f0b62d57871a86fc3,delivered,2018-07-26 07:57:22,2018-07-26 08:05:12,2018-07-27 08:41:00,2018-08-01 23:36:44,2018-08-10 00:00:00
07adbbb19edf0b09473e75febe708354,16ea3b34aa8c716158f26e5a07536ecc,delivered,2017-04-26 17:09:51,2017-04-26 17:22:23,2017-04-27 08:04:28,2017-05-10 12:22:15,2017-05-22 00:00:00
5052e182aee58daae49fec8b9caad0c9,7af9d19891847b24d1003c709349774f,delivered,2018-08-02 20:20:53,2018-08-02 20:35:25,2018-08-03 14:55:00,2018-08-10 14:36:53,2018-08-15 00:00:00
5f896884b074055bd2e53b9f46fd3d42,480858488b4a18a4d0aa2eaf2901f009,delivered,2018-03-25 16:27:15,2018-03-25 16:47:55,2018-03-28 17:58:49,2018-04-23 18:27:48,2018-04-20 00:00:00
71094b187eea9583286a74a815c5b9ff,c2d27c09116a37f13666a80b5351140e,delivered,2017-05-15 19:45:02,2017-05-15 19:55:16,2017-05-16 09:24:21,2017-05-25 21:34:04,2017-06-08 00:00:00
18655e8acc771fadb130bf3048a5589e,620af8d8e9274c4396fe32ffcf65525d,delivered,2018-07-16 11:12:30,2018-07-16 11:25:24,2018-07-31 14:10:00,2018-08-10 16:58:46,2018-08-10 00:00:00
4d7cba9ac539bd48f7fdde25ccbf3eb2,24c696d961e37f3e72e7ab2a766390b8,delivered,2017-05-16 10:18:09,2017-05-17 04:05:31,2017-05-17 13:21:47,2017-05-23 11:54:42,2017-06-07 00:00:00
7d25201b841d0a91a003edf192834005,fba95f073ccc6b98c94f3c000b9c1472,delivered,2017-08-13 19:07:29,2017-08-15 03:30:46,2017-08-16 19:46:47,2017-08-18 16:57:57,2017-09-01 00:00:00
4986d3404b3145142cfa01221b069746,5291ca075766f28a7e3caf211c8b69bc,delivered,2018-04-09 16:15:34,2018-04-09 16:31:16,2018-04-12 20:02:20,2018-05-01 12:59:18,2018-05-08 00:00:00
a39d2611275f47a82918e1e457b2ef38,e8873af8a169c9455afe59c168730683,delivered,2017-09-22 18:11:44,2017-09-22 18:25:03,2017-09-26 23:23:52,2017-09-29 22:56:34,2017-10-17 00:00:00
32064cd340eabfc585488b852e90efaf,9e43100b3399c9b4d9a478bdc4968136,delivered,2017-11-28 12:01:12,2017-11-28 12:14:51,2017-11-29 20:24:50,2017-12-05 20:17:01,2017-12-19 00:00:00
6e1a982b49ab5d583b645b1bf892ea3f,73f61de7fead9fbc2021936d345c1531,delivered,2017-10-22 16:56:48,2017-10-22 17:14:45,2017-10-23 16:47:27,2017-10-24 14:09:08,2017-11-03 00:00:00
e5989171218c1c7948bcca1c93ec2a6b,3949edfef86218762911d9a16c513011,delivered,2018-03-15 19:35:42,2018-03-15 19:50:33,2018-03-20 21:07:18,2018-04-04 19:22:14,2018-04-11 00:00:00
27c7c6aa7b6f3de99d2a3a64674d296f,f7b55e33b283db33596d6be05d796448,delivered,2016-10-05 22:53:45,2016-10-06 16:03:31,2016-10-15 10:12:45,2016-10-18 20:14:38,2016-12-01 00:00:00
6631941f15912a0be1a1951cfbfaf3f3,31c63ee7e8a9df22da8c412f9ce1f844,delivered,2017-07-05 21:55:49,2017-07-05 22:05:25,2017-07-07 14:43:32,2017-07-12 21:33:16,2017-07-25 00:00:00
7c9c41b594f953926e7f525c62f69ee9,3744f79a9c9def58674b75117758ff27,delivered,2018-05-16 21:21:53,2018-05-18 02:54:16,2018-05-21 08:55:00,2018-06-08 23:20:49,2018-06-04 00:00:00
d228964643ea1bbbf7ef2d4381d2c4fb,d34dcc4103ad615f41797c3b3f9268ac,delivered,2017-07-03 14:37:29,2017-07-03 14:50:22,2017-07-03 15:33:01,2017-07-11 18:05:47,2017-07-21 00:00:00
cdd9601c7f7685708434a68d814fb53f,43e4aa8f5e956f0169a62f4b708872ac,delivered,2017-05-25 09:20:18,2017-05-25 09:30:19,2017-05-25 13:11:37,2017-05-30 09:17:59,2017-06-16 00:00:00
c92758b82c8796f0f576a9653e981689,162b9956835f34924ca94c209bec0d5a,delivered,2017-03-15 16:47:53,2017-03-15 16:47:53,2017-03-17 15:12:38,2017-04-04 17:24:08,2017-04-11 00:00:00
02c8da4642d8bb546d022a0701ea1b5a,6aa648d1941ad74851f11529a29d5fdf,delivered,2018-07-24 14:06:08,2018-07-24 14:24:35,2018-07-25 14:38:00,2018-07-27 16:35:35,2018-08-06 00:00:00
cf702c9690c3b8096cc51907ab108e0b,81864c463601e799c3a8dffa8f9681a8,delivered,2018-01-07 13:14:52,2018-01-07 13:27:08,2018-01-08 23:52:35,2018-01-12 22:48:06,2018-02-05 00:00:00
e86118c5fd6d905b7346a83baca017e2,dbfcf7c2a286c626b8ab695e310045d0,delivered,2018-03-12 17:27:41,2018-03-12 17:49:23,2018-03-13 23:41:41,2018-04-07 13:51:05,2018-04-03 00:00:00
ce5202f7d924f69727cab0ead92eea21,264f37241e1584a08cde6f7d9ec7e51a,delivered,2018-01-09 17:00:40,2018-01-10 10:32:22,2018-01-12 23:10:32,2018-01-29 19:52:22,2018-02-02 00:00:00
17fed53ba6dfef9b594ee2268642e2aa,c0352e94059e3e5a714c9ad0c8306a54,delivered,2017-01-05 14:50:54,2017-01-07 03:35:35,2017-01-11 15:59:08,2017-01-16 15:24:03,2017-02-13 00:00:00
d1129445a7d52481f5cd8c9198d4957e,f215bd697983e112b9b42330cf503c50,delivered,2018-06-20 19:41:16,2018-06-21 16:20:08,2018-06-27 17:22:00,2018-06-29 19:08:22,2018-07-05 00:00:00
44ea412889912509d6aa88837414f6e6,3b5f688e86766453439aed1d36b6b411,delivered,2017-11-19 00:27:42,2017-11-19 02:17:57,2017-11-20 15:33:00,2017-12-05 17:43:22,2017-12-15 00:00:00
e9320080aa3ee01f2ddb759c9660e140,3910c33668214cdc86cbb373ef2d75b0,delivered,2017-05-27 23:39:29,2017-05-27 23:50:14,2017-05-29 13:12:43,2017-05-30 16:38:19,2017-06-09 00:00:00
ac0716aa90541fcb9f100e8a7b38e2bf,9e2c9f8943ebaa7272b67d220be34fbd,delivered,2017-09-28 10:16:25,2017-09-28 10:28:21,2017-09-28 21:53:42,2017-10-02 18:57:35,2017-10-20 00:00:00
f357366b4ead4d267e1dbc2454e4a475,850be66093f139f399ba55d7cd96cf26,delivered,2018-07-25 09:27:14,2018-07-27 02:10:33,2018-07-27 14:43:00,2018-08-02 17:05:06,2018-08-10 00:00:00
e26446f0107a254acfb02c3d38707048,2133fd869805af7127a37a5fb5022b93,delivered,2017-11-28 17:54:10,2017-11-28 18:16:20,2017-12-01 21:56:43,2017-12-10 16:57:04,2017-12-18 00:00:00
485841420c8cee06025e9a75cd58b45d,14e02ed12bffbb5f509fa3010586dc88,delivered,2017-05-06 23:13:34,2017-05-06 23:25:14,2017-05-08 15:26:03,2017-05-16 11:54:38,2017-05-31 00:00:00
024ab991361d48e491b7dad2f172b43f,ef8a56cba316f40c236be1799e706e78,delivered,2018-05-17 17:25:10,2018-05-18 02:36:18,2018-06-07 07:48:00,2018-07-05 21:26:40,2018-06-22 00:00:00
fb9ba8d9d68c67b4fabe35f76d512f06,b2101ffadd7a4741ec0200d8bd290dc7,delivered,2018-02-08 07:51:09,2018-02-08 08:09:39,2018-02-21 10:43:05,2018-03-05 15:26:05,2018-03-15 00:00:00
37a4f672747cf7ec17050e7c1ebc1508,50811b375285c235a013d3d645d93641,delivered,2017-08-27 11:13:40,2017-08-27 11:25:20,2017-08-28 16:37:15,2017-08-30 16:23:18,2017-09-14 00:00:00
10516d5059a1ebd2841eafd0124d43ba,67d0b4958bc1696a19484767933531b3,delivered,2017-12-15 19:33:47,2017-12-15 19:51:40,2017-12-20 20:39:10,2017-12-22 22:18:42,2018-01-05 00:00:00
2f3421276983f8f73c05e988a95991ba,a25180756720f0e372a0a5701db97a6e,delivered,2018-07-30 12:26:35,2018-07-30 12:45:15,2018-07-30 13:22:00,2018-08-06 21:05:20,2018-08-14 00:00:00
a32f136cacf2a9b45eaeb507057b33f2,c8a0b7a3747bdf0764e839a4d1ec1d20,delivered,2017-10-01 23:11:18,2017-10-01 23:29:43,2017-10-02 20:32:19,2017-10-06 23:25:55,2017-11-01 00:00:00
0e903df9d14796df715e2f6cc52e2c1d,360b9136547fb569745fe24b675d6565,delivered,2018-03-21 11:08:46,2018-03-21 11:28:00,2018-03-27 19:42:45,2018-05-02 18:19:45,2018-04-10 00:00:00
b69670c19a123626e5734413fa447343,73cfdaa74ad0193c0fbb9b85e5d4869e,delivered,2017-05-08 08:46:43,2017-05-09 09:45:11,2017-05-10 07:47:43,2017-05-11 12:33:54,2017-05-19 00:00:00
717b5830932c155c67ba3232934a93c5,acec81168c11c0d01d9d5955a3d507ab,delivered,2018-07-23 12:50:09,2018-07-23 15:31:47,2018-07-24 14:51:00,2018-07-28 00:08:21,2018-08-14 00:00:00
a7ce71faa90255e55a627d8b1065e0c3,a128f8a5a209e64734a0a19ef49217f1,delivered,2017-05-12 22:27:41,2017-05-13 02:45:15,2017-05-15 12:19:10,2017-05-17 10:57:40,2017-06-01 00:00:00
b8cf03f4a08e3dc7eb2509ef520b20e2,3f4423d700a7c924ec43c17246a5ee6d,delivered,2018-08-22 08:25:48,2018-08-22 08:35:18,2018-08-24 10:16:00,2018-08-27 19:32:48,2018-09-04 00:00:00
32e943adb1bf8c4ed11dfb4e6ee5aea2,2ef92c87b494c20a08bb4b377f373a03,delivered,2018-05-04 20:39:55,2018-05-04 20:55:10,2018-05-07 14:35:00,2018-05-14 13:51:22,2018-05-30 00:00:00
1e1a6b58ec84f9f80db12fa7a237eae0,9f201bc45ce7cb8b9f19d5518233b98f,delivered,2018-04-04 02:08:41,2018-04-04 02:28:30,2018-04-06 20:52:50,2018-04-16 20:42:35,2018-04-20 00:00:00
f8599d6fa56cd679a3cd7f147a61e57f,c007046532d418a29cd29de874f500b5,delivered,2017-10-11 22:28:28,2017-10-11 22:45:53,2017-10-13 15:38:01,2017-10-25 21:38:42,2017-10-31 00:00:00
f9ce64033c2858881268310928221d1d,9f283eed9d5038951b3c3a1be1cb8cd0,delivered,2018-04-20 08:21:48,2018-04-20 08:35:13,2018-04-25 12:58:00,2018-05-03 00:03:45,2018-05-09 00:00:00
811eadaef225935d84d4d3fdcca7ee85,76c0c1cbc865dd70e1225ca35bd5f305,delivered,2017-01-11 11:34:58,2017-01-11 11:45:11,2017-01-11 14:07:44,2017-01-16 13:22:29,2017-02-21 00:00:00
d26fc4e0de94625d635210111725c127,e9d30d5067a204ddfa459c50d6311fc7,delivered,2018-08-03 14:09:35,2018-08-03 14:43:53,2018-08-03 16:24:00,2018-08-06 15:28:31,2018-08-10 00:00:00
04da77eda115c14a16e28e6d0bcdf33f,6710f7fe1c2f9abf00197047bea1fed7,delivered,2017-09-30 01:29:40,2017-10-02 08:56:25,2017-10-04 15:52:49,2017-10-09 21:37:28,2017-10-24 00:00:00
05e9e60e8b528b3563a1b1c2e8cfa64d,ec8315fb9315114eb8a8ed106264ff4f,delivered,2017-12-09 10:47:07,2017-12-09 12:51:02,2017-12-13 15:44:45,2017-12-21 18:15:18,2018-01-04 00:00:00
114fade4f3b82f8b065771e1b3c0ae14,16961e4900ce6f06e72342487ffe2297,delivered,2018-01-15 22:29:00,2018-01-15 23:30:27,2018-01-18 20:46:52,2018-02-02 05:39:43,2018-02-05 00:00:00
8b9a623daa9d813b547bdfaa6a2628da,739d8efff045b89bd0ef295fefa5411e,delivered,2018-01-21 16:50:36,2018-01-22 13:53:54,2018-01-22 21:48:44,2018-01-23 18:36:47,2018-02-06 00:00:00
41cb3bd1d36812fb4ffa52d34ba8eb21,f738a2cf8579894bbbc0c34a835f3fe2,delivered,2018-04-25 09:14:56,2018-04-26 04:10:53,2018-04-27 13:17:00,2018-05-04 15:16:37,2018-05-28 00:00:00
3f97741c29250239ff213d393949f2e3,1731db282fac679041eb553468a52e08,canceled,2017-03-20 19:36:51,2017-03-20 19:36:51,,,2017-04-19 00:00:00
784a38e6df598963bf1d5e1b633eca5c,4afabb31ddcf1de88f110a045ef355da,delivered,2017-12-28 15:13:20,2017-12-28 15:27:29,2018-01-02 20:27:18,2018-01-08 16:27:43,2018-01-31 00:00:00
77a3f6f5260c3255e7171093cc549851,e66737c72948bdd5691112794f57da1a,delivered,2018-05-18 22:03:10,2018-05-18 22:58:05,2018-05-21 14:53:00,2018-06-02 03:50:41,2018-06-01 00:00:00
97e06bd20069c56c504675d16bc5e657,97fccdf522527505c5002c22c5a0b720,delivered,2018-06-30 21:08:36,2018-06-30 21:30:06,2018-07-02 14:06:00,2018-07-11 17:56:33,2018-08-03 00:00:00
c283d7942d2bbca2c27a9c15ee2a390e,aa1c88ef1c54651170df45bffe3c2a87,delivered,2017-11-26 21:27:45,2017-11-26 21:35:21,2017-11-27 18:42:45,2017-12-21 19:52:04,2017-12-27 00:00:00
45cd1a6af2fc3bbb9c5869ace4eef304,53a19e234992bd5782f8ca4f79022f5d,delivered,2017-07-03 17:41:49,2017-07-03 17:55:20,2017-07-06 13:52:44,2017-07-11 20:14:54,2017-07-27 00:00:00
d5542d526e0bebb1db25cc2bf472a21e,861967030fce9a8f82fa9f91127c3213,delivered,2017-05-16 14:23:41,2017-05-16 14:35:22,2017-05-22 14:32:46,2017-05-23 10:13:59,2017-06-05 00:00:00
ed7b2aa82a62a84abd2c43e68d6fccfd,ced3c44e0f8c21cd57cee12d42b93fab,delivered,2017-10-11 20:19:10,2017-10-14 04:00:07,2017-10-16 20:58:45,2017-10-18 22:33:13,2017-10-25 00:00:00
05a5446738fb49ff21e44d318df1189d,d71aac5df6dac25e0a45e04a3aad1bdd,delivered,2018-07-22 20:44:34,2018-07-23 12:31:57,2018-07-24 11:15:00,2018-07-30 15:51:49,2018-08-16 00:00:00
0a511bcdd22a725ca670b0102ac0be73,b68f0151da6430c27ff22bbc6752916e,delivered,2017-11-25 00:37:49,2017-11-28 03:41:51,2017-12-06 20:49:02,2018-01-04 22:22:44,2017-12-18 00:00:00
494c2e94dcd29167f5fe359a45aa879d,6dd39ae1549359ab24a5110b54452360,delivered,2017-01-23 11:43:58,2017-01-23 11:55:22,2017-01-25 12:18:26,2017-02-01 13:22:01,2017-03-06 00:00:00
4f2d5b2e994088d66bfbfc72e7ccc002,fa8a4bda569c794150f39cda0dfe0734,delivered,2017-08-21 10:44:56,2017-08-21 11:04:40,2017-08-22 15:08:24,2017-08-29 19:22:49,2017-09-13 00:00:00
27dfe580597e36bfdb283184aa96a201,c9e36b6c0cabf0ca3e5831b9a9b1d2ee,delivered,2017-06-19 19:45:31,2017-06-20 10:25:14,2017-06-21 09:02:23,2017-06-30 17:36:42,2017-07-11 00:00:00
155809b08fd56a13a541ff3ea4e9db2a,e11aed475839c1e87064601d864fe01c,delivered,2017-10-25 12:58:49,2017-10-26 13:14:25,2017-10-27 22:15:00,2017-11-01 20:23:45,2017-11-14 00:00:00
f51de224914539ecac4ad066fcaa5a1e,6274ef97e53b7648554b8b8dce8518c7,delivered,2018-06-13 10:13:53,2018-06-14 02:39:54,2018-06-15 07:46:00,2018-06-19 15:56:35,2018-06-28 00:00:00
ba8eb4091aebc4dee2157e8caff5e78e,f39825f1d3527bc322f6818ce03bd088,delivered,2017-11-26 13:20:55,2017-11-26 13:31:09,2017-11-30 00:22:24,2017-12-01 19:48:20,2017-12-11 00:00:00
ec1d59af701d0a11971efcbfaad002e8,7457bd68c902744a9025aefae5833373,delivered,2017-09-20 21:05:17,2017-09-20 21:15:28,2017-09-26 11:19:54,2017-10-06 20:04:01,2017-10-25 00:00:00
5ab757281ff67823b81ca9b6cfd13e21,ef358fa041f1f7f202083690ddef54cc,delivered,2018-03-11 17:27:22,2018-03-11 17:35:22,2018-03-12 17:34:23,2018-03-20 02:08:25,2018-04-05 00:00:00
376b1ea6b9a96720773402f653a01f56,8a78af6df3093be3415deed378cf7c18,delivered,2018-01-22 10:17:05,2018-01-24 02:36:35,2018-01-24 16:53:33,2018-01-29 22:34:05,2018-02-21 00:00:00
564db6e83379512127bc60da803b4a36,8134db246a16a831c897deedc0f6e3eb,delivered,2017-11-24 12:35:20,2017-11-24 14:52:36,2017-11-28 20:27:41,2018-01-11 15:08:16,2017-12-14 00:00:00
ab034e0a0ec3d434382d39792afd90a2,fd19babfab0462f47c7f06d599258b11,delivered,2018-01-16 07:32:18,2018-01-16 07:49:54,2018-01-16 19:51:16,2018-01-25 20:03:46,2018-02-09 00:00:00
313e60572316093cd1a9a5db042389a9,ba6e59cb5236d13908b6fc94e36ec889,delivered,2018-05-01 15:50:07,2018-05-01 16:14:47,2018-05-03 14:36:00,2018-05-08 17:28:46,2018-06-05 00:00:00
c3d9e402b6a0fbe2a5f7fc5b41117c38,5720a15d022c09d2634c71c80c8d4102,delivered,2016-10-04 10:16:04,2016-10-04 10:45:33,2016-10-28 15:34:00,2016-11-08 10:41:54,2016-12-08 00:00:00
d22c571279d3726b807c6ac4562a3479,c26043ec7bc6e5a9582ab17280474c0b,delivered,2018-07-24 16:25:45,2018-07-25 16:24:39,2018-07-26 18:53:00,2018-07-27 22:36:29,2018-08-13 00:00:00
5be0a4b3c5edf92cb76efb03c61c2474,839b34274b35a7d587a82f2d22d4adb9,delivered,2018-08-01 00:25:31,2018-08-01 00:44:08,2018-08-03 15:10:00,2018-08-06 17:28:36,2018-08-10 00:00:00
2fd46e293aaaeefa2497ae0f70843971,681d7dfe5f983f08c143d27993778094,delivered,2018-02-25 13:42:18,2018-02-27 04:31:24,2018-03-01 21:31:14,2018-03-13 16:12:19,2018-04-05 00:00:00
d28830771e797451d8886435458033bc,05c7cc5968be57b066ef412d5fb4c59e,delivered,2018-01-19 15:05:34,2018-01-19 15:17:30,2018-01-25 18:09:09,2018-01-26 22:33:22,2018-02-05 00:00:00
78b07293590a365717f33fdd61e5bf1f,74f7d97b8e60380672dad29c602bbc6c,delivered,2018-08-11 21:44:49,2018-08-11 21:55:08,2018-08-14 13:39:00,2018-08-22 16:39:45,2018-09-03 00:00:00
8628cf35f313fe2e46a2168f21860031,e9fbe7886163acf808479322d2b87ccb,delivered,2017-11-18 19:49:54,2017-11-18 20:06:49,2017-11-22 13:38:29,2017-12-02 00:46:49,2017-12-11 00:00:00
616f3163d12cbaf681d34413542802bd,2c12f9ea6567e1395d740ee2714f7339,delivered,2017-08-08 10:40:16,2017-08-08 10:50:16,2017-08-09 19:15:10,2017-08-15 22:15:26,2017-08-28 00:00:00
2ccfe5d6558b5a6b11ab972747e26132,c05d551ecfde09e27798866394a1f888,delivered,2018-01-16 18:24:47,2018-01-17 18:17:36,2018-01-25 15:32:48,2018-01-29 15:18:39,2018-02-16 00:00:00
8ee32c0f656d4816294802830cd9c2cd,4971dbc8a7c2e77aacbd6fe6064dc45c,delivered,2017-05-22 09:38:37,2017-05-22 09:50:17,2017-05-24 11:28:56,2017-06-07 17:18:02,2017-06-09 00:00:00
52faca764f10e3c9f0527267b3aa7c95,512f27d822abe6af95d86529e73724a6,delivered,2017-11-29 11:49:01,2017-12-01 11:31:33,2017-12-04 19:39:05,2017-12-12 11:21:52,2017-12-22 00:00:00
7df532e9df5e7185f15df66997e787c8,43712210f3bda54791af9affec7b10bb,delivered,2018-04-12 00:38:04,2018-04-13 13:15:36,2018-04-17 18:58:30,2018-04-28 17:46:46,2018-05-09 00:00:00
3d7e8f32f5b59e005ccfc1076b4040b5,7d2c43741147f86f3242da5baacf1da7,delivered,2016-10-08 22:34:11,2016-10-11 05:02:06,2016-10-14 18:00:00,2016-10-15 05:02:06,2016-12-12 00:00:00
1d39bdda52c4e5dfe96ea227fc5420f9,3fac8674cafdee6b7a6e33ae7503824c,delivered,2018-04-12 11:57:02,2018-04-13 12:50:20,2018-04-13 23:32:59,2018-04-19 21:32:00,2018-05-04 00:00:00
86f781e4906cef14d537d4e6b205afbd,c1a312ad5e73b483367502468fbb8a3a,delivered,2017-09-30 03:55:27,2017-10-03 04:05:15,2017-10-04 21:39:50,2017-10-13 19:12:17,2017-10-24 00:00:00
368be3e65256098afbe3903548d47912,c5b18f38bd238afe95d36b0ecc6a2b3b,delivered,2017-06-02 14:57:01,2017-06-06 13:15:42,2017-06-06 15:01:45,2017-06-09 15:26:35,2017-06-27 00:00:00
3ba1ccc3882bd7df61ee5030f44ec1d2,99756ae345fb335776682e868965182b,delivered,2017-11-23 10:52:54,2017-11-23 11:08:51,2017-12-05 20:34:13,2017-12-23 16:35:16,2018-01-02 00:00:00
d2963c58df9137ef973abf2f3a8c634f,648ea50a014b283c36abaf4c254b9e9f,delivered,2017-11-29 12:06:14,2017-12-01 11:31:05,2017-12-05 23:43:09,2017-12-06 14:44:33,2017-12-26 00:00:00
27605871ba4ea7977aaf1aeed491ef9f,7b76ec9f065ed11de0542d269310ec51,delivered,2018-02-02 14:20:24,2018-02-06 03:51:02,2018-02-07 02:15:01,2018-02-21 23:47:15,2018-03-06 00:00:00
a2df93db5bfc1556857dd71cf685f2f1,86df34b66cf1c760b0045b9f4a3eb41a,delivered,2017-09-15 21:42:41,2017-09-17 03:38:29,2017-09-18 20:56:00,2017-09-26 16:48:13,2017-09-27 00:00:00
4360600957f220dadc9cd8589f76a9ac,93d5b6ca3bc75fef4023ee0d759948cf,delivered,2018-04-28 21:29:59,2018-05-01 05:55:24,2018-05-04 13:58:00,2018-05-11 17:05:20,2018-05-18 00:00:00
fad22efcd65a6f3739c15401b1db8492,7fbcdcc98639f4575dd455718c6affcb,delivered,2018-03-02 00:09:59,2018-03-02 01:09:10,2018-03-02 21:46:34,2018-03-06 12:49:20,2018-03-15 00:00:00
1192f8d4606dbcec8d0137839a9c4261,c54c318329881aa9e4ca5d8c7b2ab88a,delivered,2018-03-07 00:17:47,2018-03-07 00:32:58,2018-03-13 14:23:27,2018-03-20 00:22:11,2018-03-28 00:00:00
f4ca52bb4cdf0d58abc5784ded7c43b9,3dfdb9a708864dee33563ccd9ae7a4fc,delivered,2017-11-24 00:22:00,2017-11-25 05:49:50,2017-11-30 15:38:01,2017-12-06 18:43:05,2017-12-28 00:00:00
c0c4abe362862141005289577fa44d0a,46f1b8b713f75af4f82c28b077402226,delivered,2017-04-08 20:38:00,2017-04-08 20:50:08,2017-04-11 07:09:21,2017-04-19 15:47:59,2017-05-10 00:00:00
c3a5f9a1e22066b7cb175e1efa5b28bf,0992bb382c2c55324fa17f925d9a66bf,delivered,2018-01-19 16:33:20,2018-01-23 03:37:36,2018-01-23 22:50:54,2018-01-30 23:26:04,2018-02-14 00:00:00
84275d513f92f95d3e62865feeaab895,3248720a7617d01317ab868c2bb3676a,delivered,2018-01-14 11:32:28,2018-01-14 11:49:22,2018-01-15 19:11:21,2018-01-18 22:58:04,2018-02-09 00:00:00
b43365cc9528dca6ea3c02fe60822569,c5e41a9f8916a32a52a73c9a5acabec0,delivered,2017-05-23 23:13:40,2017-05-23 23:25:10,2017-05-25 13:33:30,2017-06-06 14:05:41,2017-06-20 00:00:00
f462e24c33bcf274ec671a93578d3aab,1a691b34ed57e1c9ab8fc9ce45c316b0,delivered,2018-05-12 20:24:29,2018-05-12 20:35:58,2018-05-16 08:13:00,2018-05-21 23:39:50,2018-06-19 00:00:00
3cd4d6461c966c84e6547503dc04df2a,26d81167c70403d2026325910c1dffbd,delivered,2017-11-24 12:27:36,2017-11-24 14:34:25,2017-11-28 21:52:18,2017-12-04 19:58:53,2017-12-14 00:00:00
b6d8b094c9a771ac0f54c664f5651a5f,4d92a80d65b5edabad7ce77c4beaafae,delivered,2018-07-02 20:15:27,2018-07-02 20:30:56,2018-07-03 15:21:00,2018-07-04 23:05:10,2018-07-30 00:00:00
abcc1a031465c469ccf2a24ce5e762cc,f1a1ac9a22c3498f2dbc4fb675c35d03,delivered,2018-02-17 18:13:01,2018-02-17 18:26:45,2018-02-22 15:41:55,2018-03-01 00:59:02,2018-03-12 00:00:00
c54856ceaaaf3a273f3921da4faf1e8f,8b173068db71c80e8c9ef951613cfe45,delivered,2017-11-25 22:41:07,2017-11-25 22:54:01,2017-11-27 19:09:18,2017-12-28 18:02:59,2017-12-22 00:00:00
4c7af4d4c1b4a92702a56aa95db27178,cbbb04f3fe930aeed1e330ca80fd40db,delivered,2017-11-14 23:34:11,2017-11-14 23:46:56,2017-11-17 21:02:36,2017-11-30 17:36:44,2017-12-07 00:00:00
ce32ad6f5dd0a93b62069747ee97d2f3,a205a2f4c9f81da12c894d8dd7d4861a,delivered,2017-07-29 09:56:56,2017-08-02 08:32:39,2017-08-03 21:14:49,2017-08-11 19:25:53,2017-08-22 00:00:00
77ce8174ece613ac99bd6506f3d679d8,7024b77e0f63bfa361f87eb7e4d21b51,delivered,2017-10-25 11:19:57,2017-10-26 11:16:18,2017-10-27 21:06:55,2017-11-03 21:22:06,2017-11-13 00:00:00
e0d5086e586b01507bbcb701bf3e8e12,cebcee337e680ca4f24cf642a91e18f2,delivered,2018-01-29 20:33:22,2018-01-29 21:13:14,2018-01-31 12:28:58,2018-02-14 21:26:42,2018-02-26 00:00:00
b72e264e0ef8537587bdf783c377c3fc,a5f4affe5051bdcfb83b5d94dd38fb07,delivered,2017-12-12 11:24:47,2017-12-12 12:48:48,2017-12-13 18:14:53,2018-01-03 13:46:58,2018-01-09 00:00:00
7eadf6b27280d4bfed6c3e1781b11247,cfda6c7c7457c9dac3dc1f132ff5587c,delivered,2018-02-21 23:27:04,2018-02-22 00:00:24,2018-02-22 16:23:06,2018-02-26 17:34:03,2018-03-08 00:00:00
59855c078a7519d73930b2c2ca624688,31ff2c8266e8e49a331ce18e1c77f61b,delivered,2018-04-08 15:52:07,2018-04-08 16:09:58,2018-04-10 19:03:18,2018-04-20 02:03:45,2018-05-03 00:00:00
ec1ecce6ed2f4a351a045a8de255e3af,6680ee2ede756c3fa20357158525bc98,delivered,2017-09-17 09:59:15,2017-09-17 10:10:20,2017-09-18 16:20:04,2017-09-21 13:07:52,2017-10-04 00:00:00
f162b72aa92d8ecf9cdb69e84fb2277c,e43f9f5c04061fe6337ace761510098d,delivered,2018-03-01 12:31:29,2018-03-01 17:49:42,2018-03-07 00:03:30,2018-04-17 01:41:40,2018-03-23 00:00:00
5ca29c3c00080a507890c89a0323f06d,e3e55fa35f62eea2d859f98e2317e80f,delivered,2017-06-07 08:47:46,2017-06-07 09:02:13,2017-06-13 16:03:02,2017-06-21 17:15:46,2017-06-30 00:00:00
83fa07d1dc69104a4cb1468ce3fbdc49,2007223e672598a56eef0066fd02531c,delivered,2017-02-23 13:39:37,2017-02-23 13:50:13,2017-02-24 11:39:22,2017-03-10 14:41:19,2017-04-10 00:00:00
bf240a39797d69697564087a6318e35d,86051e19d1625750a4c6ce98e6d25659,delivered,2018-03-28 14:15:59,2018-03-28 14:30:19,2018-03-29 16:12:53,2018-04-11 18:51:51,2018-04-19 00:00:00
d61da25757f95c373437060c5e2ed688,4e26cdaac1226b5799e32256519c6d4e,delivered,2017-12-20 18:05:22,2017-12-20 18:16:26,2017-12-22 12:59:17,2017-12-29 15:22:56,2018-01-09 00:00:00
f04f9ec8f0db3012431ef380a9c11f67,3c91adaa66ead9840121a52e4cb15337,delivered,2018-03-07 14:15:49,2018-03-07 14:30:25,2018-03-08 23:53:34,2018-03-19 13:32:30,2018-04-13 00:00:00
2e9f87abd0b9cb4737c51a8ed7a4097d,23a678fd737e94b4354c50247e843cbb,delivered,2018-06-13 20:49:57,2018-06-13 21:19:49,2018-06-14 13:37:00,2018-06-15 19:28:59,2018-07-05 00:00:00
a03ac1d748cc1533566bf2c8199159d4,d89f76444e908c953bd1f8390aec9a00,invoiced,2018-08-09 06:43:29,2018-08-09 06:55:06,,,2018-08-24 00:00:00
cc232fbf0724fb3e0289215b02b57707,6763c676c2f00cf34f6573b3e0b4750b,delivered,2018-07-26 16:45:22,2018-07-31 23:31:16,2018-07-28 08:56:00,2018-08-02 18:53:32,2018-08-24 00:00:00
9e7a3686660a2b85282c9b3e2111602e,96a150873b4c18818a6d9011c534abc9,delivered,2018-05-16 10:23:19,2018-05-16 10:37:35,2018-05-16 10:53:00,2018-06-05 01:02:17,2018-06-06 00:00:00
2417db4d82cff6b4bc6ad4da31cbb102,3db5fcc519f9b42ae5333c401467846a,delivered,2018-07-13 21:05:56,2018-07-13 21:24:06,2018-07-17 13:46:00,2018-07-26 17:16:44,2018-08-08 00:00:00
847ce38c5fcd5423e7409a0f9314a19a,66fcb6f0f49b90ee0fa8a4dd575ccf50,delivered,2018-06-28 12:39:48,2018-06-28 12:50:33,2018-06-29 08:42:00,2018-07-03 01:58:36,2018-07-12 00:00:00
611a2fcea0dd6ddfd383514c75a6834b,63866ff0f24fe466c2a6a2c19e76793b,delivered,2018-08-12 20:12:07,2018-08-12 20:25:14,2018-08-15 13:56:00,2018-08-22 15:27:37,2018-09-12 00:00:00
a2bc7c1f8a1af365261e4f280bff4f6d,f5733fab64544ce8617bf770ac5d8543,delivered,2018-05-26 23:17:20,2018-05-27 23:15:24,2018-05-28 14:58:00,2018-06-01 16:22:04,2018-06-20 00:00:00
c4c40026e751f9603f58fa3b332c937b,5d9bc2aa134dd8adae770399d88f42c4,delivered,2018-07-27 16:35:15,2018-07-27 16:45:19,2018-08-03 13:21:00,2018-08-06 22:03:00,2018-08-20 00:00:00
ca44b3191f021c9ecd9b9778ad60b072,d1346bb9ea61df1a779d52d1bafeb667,delivered,2017-12-07 13:41:29,2017-12-08 02:36:52,2017-12-08 17:33:48,2017-12-13 14:32:54,2017-12-26 00:00:00
8f7a223cdbc2ea83ac07383d97b46fd6,a27c58025590f2b1b7c03a82eb6637d5,delivered,2017-05-30 02:03:17,2017-05-30 02:15:17,2017-05-30 11:47:08,2017-06-05 15:12:35,2017-06-27 00:00:00
622a04245181161daeb35aa486ebfbcb,19ac8adc64eda97d576c45a40cb263f8,delivered,2018-03-27 17:19:01,2018-03-27 17:30:22,2018-03-30 00:32:54,2018-04-11 18:39:30,2018-04-13 00:00:00
79340f2ac5af10a369d02c1acc89eb1a,4f3bfa2a13f306977a996e625a72c698,delivered,2018-03-04 13:14:01,2018-03-04 14:08:37,2018-03-06 19:03:52,2018-03-19 21:51:41,2018-04-02 00:00:00
3b0dd50dc2aa331331704962064c8a8d,3c88b9a2b62754a92ad6715efb0f7ba6,delivered,2017-07-07 10:42:31,2017-07-07 10:55:24,2017-07-11 18:07:39,2017-07-14 19:47:52,2017-08-04 00:00:00
f654f714b94e829d982e2313f2343493,94c90dd6345dc271e7b76b634f03cab6,delivered,2018-08-16 18:26:45,2018-08-18 02:49:53,2018-08-20 10:09:00,2018-08-27 18:26:30,2018-09-12 00:00:00
fdf6635fc014c7f771754eefe24ff684,d204659d7a7e5e8d95820be143be3acc,delivered,2018-01-14 18:50:16,2018-01-14 19:09:18,2018-01-15 23:39:49,2018-02-02 02:50:58,2018-02-14 00:00:00
df639e770aa7ec752ab42c21b22ec3f1,e995e24d328107705d60f29a97c8bc5e,delivered,2017-03-16 12:12:42,2017-03-16 12:12:42,2017-03-17 13:33:25,2017-03-23 14:53:18,2017-04-18 00:00:00
4b5706ed2d547df22ce04c0356b9cb99,1d1978f8e820046fccfb94a20a3ae88b,delivered,2018-02-01 12:46:03,2018-02-01 13:10:42,2018-02-02 19:48:55,2018-02-07 23:12:08,2018-02-21 00:00:00
ac768e7352af801fc669b4c40278768e,6d54b2b3ee38a0af088d05f349aa9afc,delivered,2018-07-27 15:03:02,2018-07-27 15:15:13,2018-07-30 12:24:00,2018-08-03 18:31:58,2018-08-20 00:00:00
4b50640b1e15eabd0db5c82c7c1d8037,9e9bfbdef663665be1966a20c28d0c03,delivered,2017-09-22 12:39:58,2017-09-22 12:55:09,2017-09-22 18:52:34,2017-09-29 17:23:54,2017-10-23 00:00:00
8c939021af34c49333a38265686021ea,dc0d0eb1de5edcfdbf09ab68bf450951,delivered,2018-03-29 19:07:52,2018-03-29 19:27:51,2018-04-05 15:52:00,2018-04-13 16:24:41,2018-05-02 00:00:00
939fdd4ebbc9d67bd8074c97e6ecff63,7f49cbdafd1fc40e2ab997321a392220,delivered,2018-03-17 20:19:01,2018-03-17 20:30:40,2018-03-19 21:07:50,2018-03-20 22:04:26,2018-03-29 00:00:00
fc2d0ca5fbd67451a5f6afcac20b4805,ee230adbff5ee35ec82710760fcd38ae,delivered,2017-04-30 14:53:59,2017-04-30 15:05:13,2017-05-02 20:02:18,2017-05-11 11:15:58,2017-05-23 00:00:00
184c74e2eb22414e43a9a3164b1f4573,05ebb86c564df16541181662307b238c,delivered,2017-11-11 13:49:29,2017-11-14 04:30:24,2017-11-17 17:38:55,2017-11-23 23:48:59,2017-12-05 00:00:00
d515df6c2f06c05d78204a42d3a0bd11,50474ea7574ee03f95852dcba23a5639,delivered,2018-08-19 19:09:43,2018-08-20 12:55:27,2018-08-23 14:01:00,2018-08-29 22:21:19,2018-09-10 00:00:00
ffefb169ddf34cecc0622a6d3cc387f8,b607e077c8906af72c47a8554a26bc05,delivered,2017-07-02 19:22:03,2017-07-02 19:35:09,2017-07-03 15:21:43,2017-07-19 16:36:31,2017-07-14 00:00:00
a10b5cf95e016d8abd403c05970234a0,94f050fb387af0b4c3a6780278db299e,delivered,2018-03-27 10:18:13,2018-03-29 03:28:47,2018-04-18 18:26:26,2018-04-25 00:48:38,2018-05-02 00:00:00
59d8e36b1b4db3624866d8f4cf0d0a58,e21c3442d13a20b09663d90006158e30,delivered,2018-01-12 17:07:35,2018-01-12 17:31:29,2018-01-16 23:18:54,2018-01-31 22:08:50,2018-02-08 00:00:00
d98c008ab7402c99b12dc051744284e8,7828259afabc492846fc688e48663280,canceled,2018-02-21 09:43:49,2018-02-22 02:15:53,,,2018-03-07 00:00:00
176955bde3aeef44537dbc94dd232986,f82e03c3baad3eb7e4d84ed4099b4923,delivered,2017-06-25 20:32:05,2017-06-25 20:45:06,2017-06-27 08:09:37,2017-07-13 10:12:41,2017-07-18 00:00:00
0b27e5029dd7bd0891b5da96fa33a93b,f18cdb6c4c7b85a238a9ececbe4112e2,delivered,2018-08-18 13:38:46,2018-08-20 11:49:51,2018-08-21 20:05:00,2018-08-30 12:32:42,2018-09-25 00:00:00
1c09d927a885842107b1ffa9c65cc5ca,23a2f28693795176def2172543a4dcaa,delivered,2017-08-14 14:44:21,2017-08-14 17:25:23,2017-08-16 17:42:38,2017-08-25 16:58:07,2017-09-05 00:00:00
da205e39e5c9572ab09b0f2ee02e7c04,20a73b83014dca8ee7bfe6fc4a4692b0,delivered,2018-06-04 15:01:08,2018-06-05 04:31:15,2018-06-06 16:18:00,2018-06-20 18:04:10,2018-07-26 00:00:00
f68b65695da2c7beeee466ad1494f0c2,9d98270dce65699c065c2635ed25e79a,delivered,2018-03-30 17:10:31,2018-03-30 17:50:09,2018-04-02 19:22:31,2018-04-09 22:14:42,2018-04-25 00:00:00
820235f6d6341b0a1d64f22499ba07c0,b750aedcc3389221ea73e964bdca62b3,delivered,2018-07-14 10:05:10,2018-07-16 07:10:13,2018-07-17 10:29:00,2018-07-23 18:32:38,2018-08-13 00:00:00
dc2511c427e70f8da90cb2db49c1bdab,a0d08d967688a6793c6cde45681cc438,delivered,2018-06-05 23:11:39,2018-06-06 09:11:15,2018-06-07 07:52:00,2018-06-15 19:08:46,2018-07-13 00:00:00
3ff5bb3fdc326853eb4c2a265a5231da,4b6eb13b4edd7bcba2c88a07c522f53a,delivered,2017-08-27 17:42:00,2017-08-29 04:25:56,2017-08-29 18:06:22,2017-09-06 22:20:00,2017-09-20 00:00:00
06d5cbe68295558fd6c48998db3ea397,e3b51585362f32e3e0292d6dccb80882,delivered,2018-03-27 14:04:31,2018-03-27 14:15:12,2018-03-28 21:25:17,2018-03-29 19:24:35,2018-04-10 00:00:00
97553c366fcbfb1a3cd27514c50b34d5,eb1ef5f9f5bfd84a2fe58ee9274cc31f,delivered,2017-12-05 10:58:54,2017-12-06 02:39:38,2017-12-06 17:16:38,2017-12-11 21:28:07,2017-12-21 00:00:00
32eb9533178668935fffbc324671e9d2,f99c513d949e50b5bba00ab208adb793,delivered,2017-08-03 08:20:07,2017-08-03 08:30:19,2017-08-03 18:09:53,2017-08-23 20:09:00,2017-09-04 00:00:00
cac28bfe44e2fc9411c4f61b768d0081,a15995cdfba8c4758aeec7fc37f1df17,delivered,2018-03-08 16:12:55,2018-03-08 16:55:58,2018-03-09 18:08:25,2018-03-23 14:33:03,2018-04-04 00:00:00
954432a2b2661b54eac000446dfde330,c9f75fdd6934fe7d0fa4bab85e2c73b6,delivered,2018-05-25 18:06:56,2018-05-25 18:18:33,2018-05-28 15:55:00,2018-06-04 20:12:40,2018-06-20 00:00:00
b55f989e51d27606cb280adc72525743,770d8c1a79809bf66600845ccd260a42,delivered,2017-07-17 16:04:53,2017-07-17 16:15:12,2017-07-19 11:44:11,2017-07-28 15:46:35,2017-08-08 00:00:00
46dace37daa6edc055503fda275724b2,c23b8aaac4d3ad770efeaed8e42a6a9a,delivered,2017-08-31 13:13:28,2017-08-31 13:25:45,2017-09-01 15:23:24,2017-09-08 20:12:37,2017-09-20 00:00:00
b3fd6f1d726da32abced71e3fc845e35,caf184e2b12a29d43ca80073ca4a5cdf,delivered,2018-01-08 22:24:47,2018-01-08 22:33:23,2018-01-09 20:36:58,2018-02-01 17:53:08,2018-02-16 00:00:00
d23cd4e593b64b8b4d86ac59181f1c75,f8697e4617e4432a12fc827fe807f2b4,shipped,2018-07-24 07:15:02,2018-07-24 11:23:26,2018-07-25 14:19:00,,2018-08-23 00:00:00
34d2cd72aa12f6daa96cbfc1f57ebc34,6a77f2bf62c8df424312c673f182306b,delivered,2017-05-24 10:21:15,2017-05-25 10:25:18,2017-05-26 10:52:29,2017-06-01 15:04:43,2017-06-20 00:00:00
bc754437cf4aad8b6c5925481fa324f9,6e354d5ef6d358414f23df3bb5255ce0,delivered,2018-08-07 17:30:11,2018-08-07 17:44:57,2018-08-08 15:31:00,2018-08-13 18:28:58,2018-08-20 00:00:00
2aaec06a05dcae79035bc3b85c53d817,a69e5091c415ff6a705d0bb69b6c40cb,delivered,2017-08-19 22:53:38,2017-08-19 23:10:14,2017-08-22 15:40:13,2017-08-28 18:57:57,2017-09-13 00:00:00
3292455dce618c23d0687996cdc06d43,6ffcd8f5cb5232da06e9ce41e61f8c8d,delivered,2018-06-11 21:51:19,2018-06-11 22:19:21,2018-06-12 12:00:00,2018-06-15 15:18:54,2018-06-28 00:00:00
fc512d4792550a29d6b7941c38ab612e,c41a4728cac7bd1053babbbd2480bb83,delivered,2017-04-24 20:42:22,2017-04-29 23:32:46,2017-05-04 13:04:57,2017-05-22 12:06:05,2017-06-08 00:00:00
082b1b681e5c80c5334f290e6d5a5405,27e0e2e588a88587fb90be5470fb57b2,delivered,2017-11-22 14:37:39,2017-11-22 14:48:25,2017-11-23 19:31:36,2017-11-25 14:04:47,2017-12-04 00:00:00
ce9f67e52bc01bbf89c7ccc42923de1a,f21708444e76d160f1dd7f3beae7ed9b,delivered,2017-11-20 12:47:40,2017-11-20 13:14:30,2017-11-21 17:24:09,2017-11-22 17:31:34,2017-12-01 00:00:00
dc7b936d5f26f7506fc2242764d07424,3ecddf921de5c14ec1f8bad33216e058,delivered,2017-07-02 00:19:41,2017-07-02 00:30:12,2017-07-04 08:50:59,2017-07-07 18:21:52,2017-07-21 00:00:00
c2832e2c3cb08be3037288b19cc7a6fc,8ca35f5234651033a22356a2ff82b826,delivered,2017-03-27 09:50:39,2017-03-28 09:42:53,2017-03-29 14:40:02,2017-04-13 11:33:19,2017-04-18 00:00:00
9d0124aca2d9127bf007c14447f3c375,2ac977996338a34baf6c0a487921cfd9,delivered,2017-10-19 10:55:50,2017-10-19 11:07:48,2017-10-19 18:42:45,2017-10-21 14:09:34,2017-11-10 00:00:00
b9537572afb58dddb806613be382ad05,4ee61c3905a5c398d44b089108961bb3,delivered,2018-07-14 12:47:23,2018-07-14 13:04:07,2018-07-17 10:33:00,2018-07-23 20:44:53,2018-08-07 00:00:00
777e1991a17b077dc363745bbaf05e2f,0ee021d3f5f8797d7adc76dbf69a6b79,delivered,2018-06-03 11:53:02,2018-06-03 12:10:27,2018-06-04 16:42:00,2018-06-06 14:05:59,2018-06-28 00:00:00
c0cbad6a3c8fdde69b705b0016769afe,40d27646b244c9b66fd821672dde0d4c,delivered,2018-08-06 12:18:36,2018-08-07 12:15:24,2018-08-07 13:24:00,2018-08-13 21:36:44,2018-08-17 00:00:00
a92e6290657082950fa4ebb6fe8141a6,0f9fc50c9cc8ee06c5d2445655e4bca0,delivered,2018-05-20 16:15:36,2018-05-20 16:30:10,2018-05-22 08:06:00,2018-06-13 00:15:34,2018-06-08 00:00:00
c8e6cc0d58104bbddf6c5c8d07f58bf7,23134959b3fc7b1cf51c58db01bf04aa,delivered,2017-07-24 10:38:30,2017-07-25 03:43:40,2017-07-28 19:06:42,2017-08-24 20:07:47,2017-08-17 00:00:00
12ddc48a9deaa5607f5fe6dacbb1e436,399418247cd6a83c103fb7025b68405d,delivered,2017-12-04 11:38:57,2017-12-04 16:32:48,2017-12-08 18:24:53,2017-12-16 03:04:05,2017-12-27 00:00:00
9576a9f6ff95799162bcc6559622eedc,f635a2a388194b3c987c3e93f176a91c,delivered,2017-07-26 00:27:11,2017-07-26 00:35:13,2017-08-03 19:33:53,2017-09-15 16:55:47,2017-08-24 00:00:00
90674f59a21207f91a7387785c66f340,7dcff1457b8b742e76bd5eec155d2ba9,delivered,2018-08-14 22:31:52,2018-08-15 22:44:06,2018-08-16 15:03:00,2018-08-25 19:34:48,2018-08-24 00:00:00
a9953b2f0b1665ac7586cc5a6ac8f58c,1f5856eeda57cbd78ba0dcdddd0439e4,delivered,2017-09-13 20:28:20,2017-09-13 20:44:13,2017-09-19 19:02:35,2017-10-05 14:42:21,2017-10-11 00:00:00
5cfe218ef53f58dbe18f7a105fc51209,06a35a1790491a7342f5c257605bad56,delivered,2017-11-24 14:39:09,2017-11-28 03:45:29,2017-11-28 18:45:47,2017-11-29 15:36:00,2017-12-08 00:00:00
1dfb3295da489ecc5423ea20e152094c,4f003694fb139e982094125ff336be23,delivered,2017-11-24 08:17:23,2017-11-24 08:31:19,2017-11-24 17:09:00,2017-12-13 19:12:49,2017-12-18 00:00:00
5daed524d7545b33fafd99b7a9bc03e3,7ff015ac9abfa71209cd992bc6d054ac,delivered,2018-02-20 23:13:24,2018-02-20 23:47:21,2018-02-21 23:34:02,2018-02-28 23:35:12,2018-03-16 00:00:00
2bee1f8f9eee93e1c28bc1a9ca98a896,c2de0f8a86d98046feba1f4c5f88306a,delivered,2017-11-08 17:31:34,2017-11-10 02:56:19,2017-11-13 21:51:49,2017-11-17 21:42:05,2017-11-28 00:00:00
55cab049972ffdc89fd0f17ab75ee52d,d3a765b74c54ad8773ea5c0e25f2ffdc,delivered,2017-12-26 13:30:57,2017-12-27 04:09:41,2017-12-27 18:27:38,2018-01-09 00:13:16,2018-02-01 00:00:00
75fdb76bd6bd346ba369fb5c885c4dbd,4760da1dd72c23bd00d32169b486a820,delivered,2017-07-19 09:09:13,2017-07-21 02:45:45,2017-07-21 20:39:56,2017-07-29 15:10:42,2017-08-08 00:00:00
327eeec43bd2166ab6b6e0839ec11e99,3e38ba46dc9a8071d7a77f3a0479ef58,delivered,2018-04-03 11:45:21,2018-04-05 02:10:22,2018-04-06 23:54:43,2018-04-20 00:43:24,2018-04-19 00:00:00
c7100b00bb5041fcbb2d386392c7d2ac,ab73f5a2330697c909217f3fd9b37368,delivered,2018-06-24 19:48:13,2018-06-24 20:16:04,2018-06-25 14:09:00,2018-06-28 16:48:58,2018-07-16 00:00:00
c6ef8f535ddcebf7bf83a7def3978535,96263cc7984dc43d894baf9edbd4e314,delivered,2018-02-15 13:36:04,2018-02-16 07:50:36,2018-02-16 17:28:32,2018-03-05 22:51:34,2018-03-12 00:00:00
84e898dd83ad8b720859ce93c97509ba,5f30dc81a16680ec023fa68d7e19202a,delivered,2017-10-27 12:38:23,2017-10-27 12:50:09,2017-10-30 18:36:45,2017-11-15 20:38:42,2017-11-14 00:00:00
f6cc5ac0be9196f2fb3db04bace5cd8b,36851607cae18316467f054f11a2e627,shipped,2018-03-05 15:57:07,2018-03-05 16:15:37,2018-03-08 19:17:55,,2018-04-02 00:00:00
e684d169c6ce5450a7cf6af58dfeb900,f3b4094251fca27bdf0249d9539450af,delivered,2017-09-23 16:01:37,2017-09-23 16:10:16,2017-09-29 16:19:38,2017-10-04 15:39:11,2017-10-27 00:00:00
08f27a5ffb706cb79c10365101fe6791,ff3928bd6f5d6978c2515547ae381869,delivered,2018-06-24 17:35:50,2018-06-24 17:59:25,2018-06-25 14:39:00,2018-06-28 13:09:13,2018-07-20 00:00:00
80423624a58421eb6e6d9fd07cafb406,d487e70a5c882c55d82496f3b583eaab,delivered,2018-01-15 16:20:49,2018-01-15 16:31:20,2018-01-17 22:44:37,2018-01-29 22:07:55,2018-02-14 00:00:00
e8eb3171be89ea8e8c3fd39e336e868d,654616fe53836878f371ed7eb6119d19,delivered,2018-08-02 12:26:22,2018-08-02 13:15:20,2018-08-02 14:02:00,2018-08-08 18:22:07,2018-08-30 00:00:00
1e12d5b3e0bc11aa9db357373ccde6f8,80e535ac93366a42b2022d744cef5be3,delivered,2018-02-25 18:09:16,2018-02-25 18:47:41,2018-02-27 18:00:10,2018-05-08 22:23:48,2018-03-21 00:00:00
1a30d2ac91d72bf360521fad21067487,5abddde2386b756d8e9b9ed0a08fa05f,delivered,2017-06-12 10:30:58,2017-06-12 10:50:12,2017-06-13 13:13:13,2017-06-26 13:38:09,2017-07-07 00:00:00
06b7229726fb71407516395c69b6172a,daec67ae8b3c533bfcb79c3b3990d36b,delivered,2018-07-31 10:19:27,2018-07-31 11:00:06,2018-08-08 15:43:00,2018-08-14 21:57:32,2018-08-29 00:00:00
457e9bbfe5b17294f57280fe51c1223a,830595146420dc2ffe47a181d5ade13d,delivered,2018-04-19 11:16:07,2018-04-19 12:34:19,2018-04-19 22:08:47,2018-04-24 20:54:48,2018-05-11 00:00:00
c8536cac522b86cc17734cf6d15c3ae9,77f95a7936bf7baa7c112ccdaf0e97dc,delivered,2017-04-28 19:09:41,2017-05-03 11:10:46,2017-05-04 13:53:44,2017-05-15 13:52:13,2017-05-30 00:00:00
4886c605fd1f7edd568a936814a015b7,1f45dccd4cee402a119e6fe3edde26c5,delivered,2017-12-18 02:11:38,2017-12-18 02:31:50,2017-12-18 19:48:55,2017-12-20 15:26:41,2018-01-05 00:00:00
c229b75b5de5a2b3a83417c4d5b4343a,c2a245ef579dd7e4212f9bbf9a4d8cdf,delivered,2017-04-10 10:41:42,2017-04-11 02:15:07,2017-04-12 14:42:38,2017-04-18 16:26:15,2017-05-10 00:00:00
b92d1bf536be49a4848c59aa8ea36841,f9b86ef7aaa86e26dc4ae07d713429cc,delivered,2018-03-14 20:58:42,2018-03-14 21:10:33,2018-03-15 18:48:51,2018-03-23 23:48:01,2018-04-02 00:00:00
d14713175ab3ff245a441613d7242f3b,50b13fff702e463eb6a099ef609fa46f,delivered,2017-07-10 16:26:05,2017-07-10 16:43:56,2017-07-20 21:04:12,2017-07-25 22:58:29,2017-08-03 00:00:00
b50ba114699ad96c55931d8d58b6dbda,24a47545a96603c3f6894d11e0d46ac6,delivered,2017-04-22 20:48:54,2017-04-22 21:01:28,2017-04-24 14:41:06,2017-04-28 09:00:04,2017-05-26 00:00:00
e8995864e25d8b4a13a97f3f0e82f35f,4f814750bb04c10a7a0e9ae3aaee7478,delivered,2018-04-09 18:53:57,2018-04-11 05:50:10,2018-04-11 22:48:36,2018-04-17 21:14:25,2018-05-03 00:00:00
8ff01c6b1f838f46ff9cd5cf116f7753,9f20f64da0300fffa0000849c3b607c6,delivered,2018-07-26 22:24:38,2018-07-26 22:35:25,2018-07-30 11:11:00,2018-08-02 20:52:57,2018-08-30 00:00:00
0136390286be8a34efdc801ed150568f,a666bb7a77916be2716fa1420c73c56f,delivered,2017-07-16 12:26:05,2017-07-16 12:35:15,2017-07-20 12:12:32,2017-07-24 11:38:47,2017-08-10 00:00:00
a773d583e70375887bbdccfb00741493,1cf9cae1ae8dc035e2285446b731703e,delivered,2018-01-10 07:48:29,2018-01-10 10:31:30,2018-01-15 21:15:03,2018-01-16 04:03:49,2018-02-02 00:00:00
6df2cfb6624c3e0b13775087f1cda182,7c34bd204a60d620ac5f7e1b5022a122,delivered,2018-01-06 23:30:47,2018-01-06 23:39:29,2018-01-12 13:55:50,2018-01-30 20:38:40,2018-02-07 00:00:00
931feab1a9c2b8c04c3a132e309a0c64,d752eeb06a08c63e9e3ddf157415a78e,delivered,2018-02-01 19:36:48,2018-02-02 02:56:00,2018-02-05 18:09:52,2018-03-02 17:07:00,2018-03-09 00:00:00
0cd74b0dbfef5f1f8dbdcb3128f0dc51,647b9b127ae2e74aec386da8e8d9018a,delivered,2018-08-10 19:49:22,2018-08-14 04:45:20,2018-08-15 10:05:00,2018-08-30 14:36:21,2018-09-14 00:00:00
363db2084f02a7975229da39cd0ca573,7e3ecd4f189f8cd2ad16297184816cfb,delivered,2018-04-03 23:14:53,2018-04-04 23:10:15,2018-04-05 19:21:16,2018-04-09 17:38:53,2018-04-13 00:00:00
f3a34019663003872f3892902d2b7b2d,a01d15466cc19da855ba754cafae38ae,delivered,2017-12-14 20:46:27,2017-12-14 20:59:25,2017-12-18 18:53:18,2018-01-19 17:57:55,2018-01-09 00:00:00
e7541673fccb361d1221c62bb45ad1cb,8ec6a6d3c942b63b8922870ec474e0e7,delivered,2017-09-13 19:54:34,2017-09-13 20:10:21,2017-09-14 15:40:01,2017-10-09 20:43:10,2017-10-09 00:00:00
83c3c5d85ecc80dc98b322dc63c47cf2,aafba72cf438edbd63fd0a97bbcdfb1c,delivered,2017-11-06 19:27:32,2017-11-07 06:31:16,2017-11-08 17:57:41,2017-11-09 20:12:11,2017-11-17 00:00:00
28af73d7412f63a3e911be60bf966d70,368dbdc31e230a411c5d91546ab60ea3,shipped,2018-03-24 15:13:59,2018-03-24 15:27:44,2018-03-29 04:36:50,,2018-04-20 00:00:00
b18ff7eaac63f8d98d0dccfc5310a8b6,ec5337588333ffb24ae7ccdb89d5d94f,delivered,2017-12-03 18:07:35,2017-12-03 19:11:35,2017-12-04 19:27:02,2017-12-17 19:28:52,2018-01-04 00:00:00
ab64019b7c1b1400d2848d2dda69e13a,c75ba8c2044f28734bcac5cf12f37713,delivered,2018-02-28 00:13:49,2018-03-01 02:35:34,2018-03-02 20:04:17,2018-03-07 23:07:51,2018-03-19 00:00:00
070a8baa5e3a99e5eff94da597b78fa1,8f74e0e4e00e5811f6c80a9aa8661e0f,delivered,2018-06-11 23:16:52,2018-06-11 23:35:49,2018-06-12 11:39:00,2018-06-18 21:58:27,2018-07-11 00:00:00
6291a46a5ee32a81d7af74315c37849c,1a99c03afc9d7b49e994c0ef31d0db50,delivered,2017-12-03 23:03:35,2017-12-05 04:17:44,2017-12-19 20:14:52,2017-12-21 15:43:13,2017-12-27 00:00:00
baf8c1534a8e5161869ead8d0d8986c7,1c29934ba9549b76679e35cd755c6be9,delivered,2018-01-09 02:08:41,2018-01-10 10:32:30,2018-01-15 16:15:23,2018-01-17 21:27:43,2018-01-26 00:00:00
a1226839947001dfb15c46e812c68325,f5fc15a27cadab1bcb0c0bd001499d8a,delivered,2017-03-04 13:26:19,2017-03-05 13:35:08,2017-03-06 12:09:50,2017-03-09 17:27:37,2017-04-03 00:00:00
9a9b1aa64c91b92fded7090145e03331,08652ae7b7ac5fa6f707620671306ddc,delivered,2018-08-11 17:27:17,2018-08-11 17:35:16,2018-08-13 12:23:00,2018-08-20 21:15:36,2018-09-04 00:00:00
88355d23a2bdd3a707ab181aef5411e8,b2d4e0ab0bb21afe0f13b00f7b824fad,delivered,2017-11-20 10:59:42,2017-11-20 12:17:29,2017-11-21 14:39:50,2017-11-22 20:38:42,2017-12-01 00:00:00
05086b5a715c97d1971784b6ae899a6d,3cec5fcde75cb301d296c334e846f8e7,delivered,2018-06-26 13:01:38,2018-06-26 13:16:17,2018-06-29 14:16:00,2018-06-30 19:06:58,2018-07-11 00:00:00
a017b32aea2065d82fb952ce710537a7,e2844e8136dafbe26b6f32571c6201dd,delivered,2017-10-08 14:12:53,2017-10-08 14:27:03,2017-10-10 21:21:35,2017-10-25 19:47:33,2017-11-14 00:00:00
48c5c0e8b2601862cebafe7fad2142f9,92946d555e8b2d865a52a4a1943aa865,shipped,2017-12-01 03:16:01,2017-12-02 02:38:05,2017-12-07 15:19:10,,2017-12-19 00:00:00
5945dfbdeb40f07705cb97a90c68b68e,66d247f0fa0bd6815737e88786a29069,delivered,2017-12-07 16:25:55,2017-12-07 16:36:30,2017-12-08 19:57:02,2017-12-19 16:08:44,2018-01-02 00:00:00
bda01364adbef32fe7cb91a4cc4263e9,4e4b8a9420dcd733e933e1284ade9036,delivered,2018-05-10 14:32:26,2018-05-11 14:31:22,2018-05-17 12:11:00,2018-06-06 17:24:06,2018-06-05 00:00:00
8cfb5fe387c2ba3ce85ce201d35a5c30,aa08821031a17f120fe2b34bdc6bcf14,delivered,2018-04-26 15:03:57,2018-04-28 02:35:14,2018-04-30 15:24:00,2018-05-11 00:05:57,2018-05-25 00:00:00
5627a31940ca40213ead4a6a71e7b386,48d301b5b8df06178be995e0ae887bbe,canceled,2018-05-21 12:22:10,2018-05-21 15:34:08,,,2018-05-29 00:00:00
13bdf405f961a6deec817d817f5c6624,b279a1d441c73c1974d7a63618855aa0,canceled,2017-03-16 02:30:51,2017-03-16 02:30:51,,,2017-08-08 00:00:00
b812ed76702a2ef99a79eb6a32e410c7,ab874cd4e96cb693eda2458dfe17bd29,shipped,2018-05-05 18:27:06,2018-05-07 08:52:09,2018-05-17 12:25:00,,2018-06-04 00:00:00
0865bf48f1aecd458a5a2ff3211dee8c,a5b454391a2ec8f9245882a258186cda,delivered,2018-06-17 10:20:03,2018-06-19 08:56:46,2018-06-22 14:28:00,2018-06-25 19:06:38,2018-06-29 00:00:00
b411fc70fc2cf141b93d92f05f52d12d,a960eefcbe9d7ec4b8f37cf528c2e69f,delivered,2017-12-16 19:11:27,2017-12-19 09:10:54,2017-12-19 18:06:57,2017-12-27 17:10:04,2018-01-19 00:00:00
59e94c656aec3cee1b4a97e8324b47d2,c69c44d6121fd87aa2c3ad49ef16890c,delivered,2018-02-08 18:26:22,2018-02-10 02:36:05,2018-02-15 20:04:23,2018-04-03 19:51:47,2018-03-02 00:00:00
370b3c2ef8fa05039d7f93c4c9f66470,c4b85294855412a0dd45cffa945c0cc6,delivered,2018-06-14 23:13:32,2018-06-15 22:20:40,2018-06-20 06:41:00,2018-06-21 21:34:24,2018-06-28 00:00:00
ce1e2803ea11245b2537f957d011f115,fa1d38e22ef098c914de262f0f6d4c22,delivered,2017-07-21 19:47:02,2017-07-21 19:55:21,2017-07-24 22:56:27,2017-08-11 21:52:23,2017-08-28 00:00:00
05a61d016706110ed3580eeba84e31c7,4b635ddad21743917c499f9b05204909,delivered,2018-06-22 12:06:01,2018-06-22 12:36:23,2018-06-25 17:50:00,2018-07-02 19:12:29,2018-07-23 00:00:00
fccf6b4b4947848e5e72d5f3013b73fe,8480975127910c225f79e1037b9e1e50,delivered,2017-11-23 16:38:59,2017-11-23 16:50:24,2017-11-25 00:26:37,2017-12-04 16:09:01,2017-12-21 00:00:00
8a27a2209493d7aabe56ef113629c7cf,8c2b38e7c69c90732d340de8df115c89,delivered,2018-04-26 22:44:36,2018-04-26 22:55:11,2018-05-02 08:46:00,2018-05-08 19:08:37,2018-05-18 00:00:00
9fe72f719dc088c3eaed6fda02b077c9,8cdf3897078523bf6bfc1b039bb3e71f,delivered,2018-08-05 21:55:17,2018-08-07 14:10:20,2018-08-10 12:07:00,2018-08-11 11:31:54,2018-08-09 00:00:00
89ac66241f4fd570f7a775df77518567,1c129b22299b1afc482a52985561cd22,delivered,2018-06-05 13:15:32,2018-06-07 02:55:11,2018-06-07 19:07:00,2018-06-15 18:44:56,2018-07-23 00:00:00
bd157b8dd30d3e44becd90b45e6cfe9f,3b705d9646bbe74ff768f84e67a5512a,delivered,2018-06-21 11:38:25,2018-06-22 03:17:11,2018-06-22 13:07:00,2018-07-03 20:56:46,2018-07-20 00:00:00
afb8f47ec32e4f5422faa50ed40127d4,bca028720042e892653446350d295df2,delivered,2018-01-13 15:05:31,2018-01-16 03:51:14,2018-01-17 21:34:15,2018-02-08 20:52:13,2018-02-19 00:00:00
981222fe88bbeab39c6ca1fa7bceba4c,2e8ff3002ea6077d8b4b45f771612d3a,delivered,2017-11-26 01:37:15,2017-11-26 01:50:04,2017-11-28 15:19:25,2017-12-04 20:59:23,2017-12-20 00:00:00
abc18731ca4cab4fbe4c9e29e2a700ea,d9b1c00d88b6de0bd73f9f5260a65d87,delivered,2017-09-21 23:59:38,2017-09-23 02:30:18,2017-09-26 15:27:44,2017-10-13 19:26:54,2017-10-25 00:00:00
fff60e5408a9dd1e92ee30023052af30,3bd40b3dddcb1d27d1068ff0a1f95078,delivered,2018-01-30 10:30:33,2018-01-30 10:55:55,2018-02-06 18:53:12,2018-02-08 15:17:43,2018-02-21 00:00:00
940a542baeda1215a99a4fc39be706f1,d631d717fc0e961b0efea61a320d8152,delivered,2018-04-11 23:00:19,2018-04-13 12:35:35,2018-04-13 22:08:54,2018-04-18 20:06:22,2018-05-02 00:00:00
3deef99fb2f658d2cc80673c81fe9195,9db68c36c3f39dd78b1b7c37d3c9cce0,delivered,2017-09-17 14:46:11,2017-09-18 14:55:25,2017-09-20 18:27:57,2017-09-25 19:29:00,2017-10-16 00:00:00
9645ec392b0691767c5d0e2fabca23d7,82411b1c1ae5e8a58300099f7792f72a,delivered,2018-07-16 12:25:57,2018-07-16 12:35:20,2018-07-17 15:21:00,2018-07-26 15:08:58,2018-08-07 00:00:00
d74f1b25b78535c9b35042c0abb9c828,e0cbbba7a2fa78ffe362f2e99a750d7f,delivered,2018-07-13 15:45:11,2018-07-13 16:04:00,2018-07-16 17:09:00,2018-07-25 18:26:37,2018-08-07 00:00:00
d0a75d6eda61b8a7261946b34ffb350c,69e68f1d0a346b425f7a59e1773a8d10,delivered,2018-04-20 14:44:50,2018-04-24 19:21:47,2018-04-23 12:48:48,2018-05-18 08:18:40,2018-06-11 00:00:00
73734b833ddc5cd47edc08ac8c157f3e,174961a996b85068663a956eab55c2dd,delivered,2017-04-05 13:15:12,2017-04-05 13:25:18,2017-04-07 05:42:47,2017-04-12 16:49:34,2017-04-28 00:00:00
7726bdb7afd27bca31049d658bcc80af,3d3c4183023757df6fcb733dc6599298,delivered,2018-03-27 09:18:44,2018-03-28 02:47:51,2018-03-28 17:48:26,2018-03-29 19:14:47,2018-04-09 00:00:00
8cd8ab3299e57a72f3b279754fc9847f,11e967f2d4216f48bdd64fc5bb934074,delivered,2017-09-08 14:04:54,2017-09-08 14:24:05,2017-09-18 22:04:39,2017-09-20 19:05:19,2017-09-25 00:00:00
dd8b90a226aafeea68fd6144f173f2d7,c4a29c4b38dac6d1a9fc6f7047dad063,delivered,2018-08-18 21:48:53,2018-08-21 05:00:15,2018-08-22 18:46:00,2018-08-23 17:22:00,2018-08-29 00:00:00
a5bb5fa7247f09fa0a4f28ee69aa6dc6,c4cb1295499744937c6be430505b7003,delivered,2018-08-07 15:36:14,2018-08-07 15:45:15,2018-08-08 15:06:00,2018-08-13 12:03:40,2018-08-22 00:00:00
e7fc47a9bd5fd8c1d1b566d1553be0f4,de933a935e7c75c60cf44b12e0972268,delivered,2017-05-25 09:59:33,2017-05-25 10:10:14,2017-05-30 15:01:07,2017-09-19 13:38:16,2017-06-07 00:00:00
1bf797ec1ed7fcccdf61a61d5f8ce29b,72aa0f6f81513fc20edeb83db723d8a8,delivered,2017-11-27 08:02:13,2017-11-27 08:13:26,2017-12-20 23:23:24,2018-01-02 15:32:47,2018-01-05 00:00:00
f2b24727b13debfb30a1affc5bcbcede,148abfd45cba060c80a5bde8a076f143,delivered,2017-11-30 10:06:06,2017-12-01 11:32:01,2017-12-01 20:28:03,2017-12-04 20:58:33,2017-12-18 00:00:00
f80c6de211662d1b2d241380593ce1f4,18894e9402efdee826f9daf42c240dcb,delivered,2018-05-09 22:34:01,2018-05-09 22:53:48,2018-05-10 11:27:00,2018-05-11 20:48:59,2018-06-05 00:00:00
deaad56e4aacebfa4f49a54a97420651,a308aed432731a5b1fed61b5000ed664,delivered,2018-08-09 09:45:06,2018-08-09 10:05:09,2018-08-10 09:31:00,2018-08-15 15:48:50,2018-08-22 00:00:00
b9d63f11f4b5207d094ab26ba17ab0b2,22320e31c8488b747af56700e2fa37c4,delivered,2017-11-01 14:50:43,2017-11-01 15:08:25,2017-11-03 16:17:25,2017-11-14 18:29:05,2017-12-01 00:00:00
22603fec7e3f3ff128664c52148b0358,27988adec5e98cba7d43e24cd165d5cf,delivered,2018-01-21 17:36:26,2018-01-22 13:55:22,2018-01-24 23:38:38,2018-02-07 00:15:43,2018-02-19 00:00:00
a3f904ec7f40c56ce2987ccb9c73d4c3,cf5f546249072bc99cedea6d064c9d0b,delivered,2017-11-22 15:18:47,2017-11-23 02:47:30,2017-11-24 22:10:18,2017-11-27 19:49:03,2017-12-05 00:00:00
cafde70fc65139700e7366af413055fe,457c5b779426f95415ef8458d2040041,delivered,2018-05-02 21:45:20,2018-05-02 22:34:45,2018-05-14 15:01:00,2018-05-16 01:16:35,2018-05-15 00:00:00
c7ac9d091733ebd451d6dbebceee9191,384e863ce34d06b6b49e4c895ee4558a,delivered,2018-07-31 21:59:26,2018-07-31 22:40:22,2018-08-01 14:28:00,2018-08-14 19:18:45,2018-08-28 00:00:00
36e6b99ba54c4963136edbf31f33d781,579c2317c2896485cea43c7164f4bd14,delivered,2017-03-13 23:02:30,2017-03-13 23:02:30,2017-03-17 13:55:02,2017-04-04 14:53:10,2017-04-03 00:00:00
4bdaaba79beb58b6ac0b35bcc649693c,15e87cb079dec7c4a10b48d560ecfe4f,delivered,2018-04-09 19:21:49,2018-04-10 03:49:49,2018-04-10 23:12:27,2018-04-12 16:06:49,2018-04-25 00:00:00
f15028028ff1a3ccfd539531e3321975,dc9e53842f21de5317da704d63618278,delivered,2018-08-17 19:14:14,2018-08-17 19:30:12,2018-08-20 13:39:00,2018-08-23 16:09:49,2018-09-06 00:00:00
00d29386638bbfd1331a2cd7ab91b5b5,df6e8e7769e4a072c31ca99bf69fab12,delivered,2017-09-26 17:47:16,2017-09-26 18:06:01,2017-09-29 19:43:57,2017-10-04 23:07:48,2017-10-18 00:00:00
b9351dba71092089d0c4fdff1bb8c38b,039e247f51f48db99559485f01600562,delivered,2018-07-26 21:55:17,2018-07-26 22:05:11,2018-07-27 13:37:00,2018-08-13 19:41:40,2018-08-10 00:00:00
dddf3072374a44f4645fcfd6367ee77d,10e4b0b508006611dc99698dd5521b51,delivered,2017-10-06 15:34:13,2017-10-06 15:49:29,2017-10-09 20:43:05,2017-10-20 23:43:35,2017-11-03 00:00:00
e299d0b6b42a62df652195edf2b551da,f33a6f0e963962d41631564f969717de,delivered,2018-07-24 10:43:21,2018-07-24 11:40:37,2018-07-25 11:58:00,2018-07-31 19:34:29,2018-08-15 00:00:00
445736171736c70c6187ee83c34165fe,b0cd60f17cb2a0ffd09d607e65d3874a,delivered,2018-08-14 22:08:52,2018-08-14 22:24:23,2018-08-15 14:00:00,2018-08-21 14:24:37,2018-09-26 00:00:00
3e3c4a4dde46d9946ddc842ec389afdb,6a30130b2d73ea78f12bf8f477304e72,delivered,2017-11-06 13:33:47,2017-11-06 16:33:29,2017-11-07 18:19:07,2017-11-23 19:37:11,2017-11-29 00:00:00
e9bfa573b732937bcce0dfee81481cdb,a93610cb4263f961a306a0b70c41400a,delivered,2018-07-19 17:41:44,2018-07-19 17:50:15,2018-07-20 12:41:00,2018-07-27 11:06:54,2018-08-10 00:00:00
f65abc0b3f3401b14505a57fb6113cf1,b95f0b16399fec89329f39eedb53079e,delivered,2017-09-08 15:53:01,2017-09-08 16:05:44,2017-09-19 09:07:29,2017-09-28 11:42:07,2017-10-10 00:00:00
7c25901497bcbcd47e95319a15d2730c,ebda16fad7182fd56a4ed0fc160ff47b,delivered,2017-12-01 11:10:01,2017-12-01 11:31:05,2017-12-06 18:23:13,2017-12-12 20:33:08,2018-01-05 00:00:00
50325859f3cbe1386e11e8a253ac1068,d6ec518a7ac5399506de0c5535c1096d,delivered,2018-07-08 23:47:13,2018-07-09 00:05:19,2018-07-09 12:55:00,2018-07-13 02:11:51,2018-08-02 00:00:00
b0fd41f0de4534ebb1756c04ea181aab,c27adebab19f24ea9f44d01453882eb9,delivered,2018-07-16 15:53:39,2018-07-16 16:05:11,2018-07-17 14:23:00,2018-07-24 16:56:31,2018-08-07 00:00:00
184f17bb701af22b8e00f5830af704dc,d6d1c551a52cf82ad7e155cf0020e4e5,delivered,2017-05-06 18:04:27,2017-05-06 18:15:15,2017-05-15 13:16:14,2017-05-17 14:44:53,2017-05-31 00:00:00
d7a02af9805cff844c09f3fcf61a73b2,dc1df2b56719ddf9f948b9a6442fdf4f,delivered,2018-01-19 16:57:51,2018-01-19 17:42:29,2018-01-22 23:37:38,2018-02-05 22:22:39,2018-02-14 00:00:00
98a9159e1817e774888c9252f23283e6,96ff2fb4e02f1ad659f61b82516fb087,delivered,2018-08-13 08:50:36,2018-08-13 09:04:27,2018-08-14 13:49:00,2018-08-17 22:04:45,2018-08-27 00:00:00
d844cf5434575b8359b353fe82fb8d67,0137bbd3e8c493cfa735b98ef18bd1c6,delivered,2018-05-21 19:17:27,2018-05-22 19:17:29,2018-05-23 14:07:00,2018-06-05 20:58:47,2018-06-08 00:00:00
60864257be0835f1fc4225706a92cc00,8c6f09183a718cad684898dcaddc583e,delivered,2018-07-18 13:42:11,2018-07-19 13:35:17,2018-07-20 12:14:00,2018-07-27 16:36:25,2018-08-16 00:00:00
5e3eb18fc8a18f4ce40f831b01532b4a,4e01a32f9dc37358cf6abbb15917a96c,delivered,2017-06-08 19:33:51,2017-06-10 02:50:34,2017-06-16 12:28:39,2017-06-28 09:51:48,2017-07-03 00:00:00
59ac3c3ef46e5a6355dde8dd64a4ca4f,5869082f723b837ea4c7b64542d4c287,delivered,2017-06-26 10:02:05,2017-06-26 10:34:40,2017-06-26 14:56:36,2017-07-07 16:45:50,2017-07-18 00:00:00
8c4118286161a0cb92e5d2f9c5a175eb,1b4fcead21d83eb41a2c25fcfc4595f0,delivered,2017-12-14 07:18:31,2017-12-16 07:11:24,2017-12-19 21:32:09,2018-01-03 19:38:53,2018-01-11 00:00:00
aff7272552bd176268229d8c5883fce8,c900f77722739bee8cb2ca5053cfb49f,delivered,2018-08-15 18:12:21,2018-08-16 03:24:19,2018-08-16 11:53:00,2018-08-21 15:18:57,2018-08-28 00:00:00
f1b077d44b598f5bdb44d7324e527a04,e5b4d61850970b92a6f569e238861e53,delivered,2018-03-01 13:52:51,2018-03-01 14:10:06,2018-03-02 21:57:25,2018-03-13 15:42:02,2018-03-21 00:00:00
cb0168a6ece894f2e8329582577ddf5c,931bf9593e087bbd3b2c0153075defd5,delivered,2018-01-26 20:59:34,2018-01-26 21:17:10,2018-01-31 12:46:03,2018-02-10 11:49:46,2018-02-19 00:00:00
b74c97c444bcdc6ce2d1e547cf42228d,f3fb07f62a29762d49d364a2efdeb17f,delivered,2018-05-09 19:00:13,2018-05-09 19:12:23,2018-05-10 15:42:00,2018-05-14 15:52:42,2018-05-28 00:00:00
09b866628e60ce05f3e25fcfde9722c4,7d4ebb5d17f45bb406048c8566bdc18b,delivered,2017-07-31 15:18:44,2017-08-02 02:55:40,2017-08-02 21:03:51,2017-08-09 14:55:38,2017-08-22 00:00:00
42ba338f99f42e0261e5897c7da157c5,1b0eca3d4769358fa8bc9dc045fffa3e,delivered,2017-05-23 15:19:19,2017-05-23 15:35:16,2017-05-24 09:28:18,2017-05-31 08:53:37,2017-06-12 00:00:00
67b777d7aeb1fefbc4e88626f76955dd,659dbb4ebaf7a20e6b542adcc862c6f4,delivered,2017-08-11 09:28:43,2017-08-12 02:45:31,2017-08-14 19:07:58,2017-08-21 12:37:45,2017-09-01 00:00:00
9ac4df93702b3a7d40156ef4b6c81417,a2f0e5f633e77e713c7e49a836876c78,delivered,2017-07-05 14:23:53,2017-07-05 17:34:44,2017-07-06 11:16:52,2017-07-12 17:21:33,2017-07-25 00:00:00
5ab8c9146a69c23d2d92d7b5399705ce,3523eda934adb63d616d08e834a135b7,delivered,2018-01-05 21:44:30,2018-01-05 22:38:03,2018-01-09 20:17:54,2018-01-17 21:38:54,2018-02-01 00:00:00
570610b25d5f59c9e9d3dccb2cea3614,dd252d7402382484a7d6147557b4e3df,invoiced,2017-04-05 13:25:31,2017-04-05 13:35:14,,,2017-04-28 00:00:00
65c470b5a3afad5b2af39828131e3e8c,4ea732ce42d56033deb86255ba2f5115,delivered,2018-04-13 08:50:42,2018-04-13 09:11:49,2018-04-13 18:07:01,2018-04-18 15:32:00,2018-05-03 00:00:00
7eb37fd32e87d3ea061605da756f0572,27098d24681449215d65e7d661d10723,delivered,2017-11-24 13:16:52,2017-11-24 15:17:38,2017-11-27 14:52:25,2017-11-29 21:23:48,2017-12-15 00:00:00
a1cf07fbd9d5488a7703b84d40ce93e7,f428cc02d923b26e9de203ce7eead742,delivered,2018-08-20 18:28:23,2018-08-20 18:49:53,2018-08-21 10:38:00,2018-08-28 16:58:28,2018-09-13 00:00:00
1064f13c0d4e68e4ef47a2a99cca15f3,3aa247c374ef0288513bd6c00f828d6a,delivered,2017-02-04 18:56:39,2017-02-07 03:42:46,2017-02-07 11:55:14,2017-02-17 12:13:33,2017-03-03 00:00:00
6f7485cc8c52e561303a255ddec82ba0,ac7bb97f7e55de9b197e41b90fb56517,delivered,2018-06-23 13:21:24,2018-06-26 04:58:54,2018-06-26 11:37:00,2018-07-04 17:54:27,2018-07-20 00:00:00
464b622b9d163f8703cdfe7e0f24f8fc,2f2a18396252a2657d9410d4c36be0c6,delivered,2017-05-11 09:19:10,2017-05-11 09:25:28,2017-05-11 12:43:03,2017-05-19 15:41:39,2017-06-02 00:00:00
54dd1a0a63644a70b3a1ad75cbdbcede,4e8dc88c0552fde4c56a997c7fb8c782,delivered,2018-06-24 07:54:55,2018-06-24 08:16:35,2018-06-25 13:34:00,2018-07-03 22:52:56,2018-07-20 00:00:00
78c9dae3539db375cbc0786555c5f570,6ab1ee67b168deb40c5010cbfcc60b4a,delivered,2018-05-25 01:22:36,2018-05-25 01:35:11,2018-05-25 11:13:00,2018-06-04 19:57:27,2018-06-20 00:00:00
387016f36a926f6d861f812a8aeccffb,c3fb17f728ce93cf95563c72cc009f09,delivered,2017-12-07 17:13:11,2017-12-07 17:33:29,2017-12-20 19:03:58,2017-12-28 21:19:18,2018-01-05 00:00:00
9de95f56e518ba9bed6604438d1503eb,6a70864902807a5b3c682a14d881ee69,delivered,2018-04-11 14:47:14,2018-04-11 15:12:10,2018-04-17 23:46:29,2018-04-18 15:41:04,2018-04-26 00:00:00
46c2e1dc685486650310781268c4c885,74ff02ea2ba0dd5036a04d1459173455,delivered,2017-07-03 12:03:51,2017-07-03 12:10:19,2017-07-03 12:21:35,2017-07-07 14:03:01,2017-07-21 00:00:00
1a878941e5a0c2afd1b0a14fb61f89b8,a010fb2d681cc3221824b1d1d127e59c,delivered,2018-02-03 14:07:04,2018-02-04 14:09:43,2018-02-06 17:17:00,2018-02-20 20:48:35,2018-03-07 00:00:00
2ded5f79b289dfd258820d32253415c0,cdc65c1e2b591b18e25b2ad1a08cc50b,delivered,2018-03-24 18:40:55,2018-03-24 18:50:25,2018-03-26 19:52:10,2018-04-03 00:37:57,2018-04-17 00:00:00
5fcc2670963f8c4fb6659296e7833fc1,244991f6b1f3d73088e1f8af660507b7,delivered,2018-08-14 16:00:08,2018-08-14 16:15:14,2018-08-15 12:50:00,2018-08-20 14:50:58,2018-08-27 00:00:00
49d87c28f1599b558cc93dc1115ea785,c493b8c381efad283970ab7c79624db8,delivered,2017-08-14 22:11:47,2017-08-15 03:45:16,2017-08-15 16:59:03,2017-08-21 22:46:47,2017-09-06 00:00:00
241f626916f066b733b1e9013b91f059,547adb19bb9e49594e18a102fb7ee9c0,delivered,2018-03-02 14:21:54,2018-03-02 14:35:39,2018-03-07 00:37:46,2018-03-10 20:02:00,2018-04-04 00:00:00
12af24617f25e0c8cd411544f704f2f7,13733cc0a4aafa89ac9017036cc89fe6,canceled,2017-01-26 23:11:32,2017-01-28 10:33:06,,,2017-03-06 00:00:00
8375e62ff082f229096ecda5cbc957ea,328f33266451e729a2d27dc43051d0c8,delivered,2017-04-04 21:07:53,2017-04-04 21:22:30,2017-04-06 15:15:06,2017-04-19 16:24:46,2017-05-11 00:00:00
e9dba6bfcfe93b3c8e6f4ab356cb90df,80fa5e87f845ffa3b3176cc677e842cf,delivered,2018-08-10 09:06:25,2018-08-10 09:55:16,2018-08-10 11:11:00,2018-08-16 21:42:00,2018-08-29 00:00:00
3de239d3dec3f647b8a88bfdfc4c946a,8965c086fbf920c2a892239ef7bd2781,delivered,2018-07-30 12:50:41,2018-07-30 13:10:20,2018-07-30 19:02:00,2018-07-31 21:41:20,2018-08-03 00:00:00
a30cba7093267abeb0f8489d5c16c7af,46c6a82294d359a290ff408b11cbb643,delivered,2017-03-21 09:21:54,2017-03-21 09:21:54,2017-03-21 10:38:43,2017-03-27 13:56:19,2017-04-11 00:00:00
b662aa8d6c39f00e854cd5142e2b1174,b558dbb371f5e955bc68b7500fa46fe7,delivered,2017-03-27 13:31:57,2017-03-28 03:56:18,2017-03-29 16:55:59,2017-04-05 11:26:02,2017-04-24 00:00:00
44dda2cb3f0a0d9e29546d8afcb6c27a,6b15f826e575d1e47e854261c71895e3,delivered,2017-12-27 16:16:12,2017-12-27 16:28:45,2018-01-03 19:12:46,2018-01-04 20:57:21,2018-01-16 00:00:00
8975fbf4f1c0f928f1bc657594b6097a,fd012a9a5a2f0fd7131b51160ee6336a,delivered,2018-08-10 18:36:31,2018-08-10 18:50:21,2018-08-13 13:40:00,2018-08-16 22:37:36,2018-08-27 00:00:00
2787a8bf248d663260b0d2bb270a951f,9a699ab13156ac394b4ac0411fd2756d,delivered,2017-11-16 17:01:16,2017-11-18 02:15:26,2017-11-24 10:52:50,2017-12-08 22:35:02,2017-12-21 00:00:00
ab2fa8175483622f44ca36cf7f9198b2,f2d9d1d26e443830ed66e180412e5187,delivered,2018-03-21 15:38:13,2018-03-21 15:50:43,2018-03-23 17:44:22,2018-03-28 13:08:55,2018-04-10 00:00:00
f84ce87db546331194264e91b87fe84d,e1ef3cebaae1e789788698989cfcc210,delivered,2018-06-21 14:58:42,2018-06-21 15:17:50,2018-06-22 12:41:00,2018-07-02 18:33:09,2018-07-23 00:00:00
832ad6ddb27af590780d3419c9c34624,147aa7e2c6dd09dd20994c8c78bc1ef1,delivered,2017-05-29 22:47:17,2017-05-29 22:55:12,2017-05-31 06:34:51,2017-06-07 12:04:43,2017-06-26 00:00:00
c09f32e7ba9b4a134455b36eeff8fff3,9a8e127ee3d61981f8beea052bb5dc54,delivered,2018-03-30 11:58:04,2018-03-30 12:35:24,2018-04-04 23:57:46,2018-04-13 17:32:07,2018-04-24 00:00:00
4bb1efeacab943b0b5364e7121fbcd62,c21ad342c0ece538a14ad12f2fa17fc7,delivered,2018-04-30 14:04:18,2018-04-30 14:15:16,2018-05-03 07:45:00,2018-05-18 18:11:58,2018-05-29 00:00:00
3611dc9bf1ef8467179a69e2c97f24c6,b514f0552ad922bfc3be18e5fcc10e87,delivered,2018-06-12 21:05:23,2018-06-12 21:24:46,2018-06-13 15:35:00,2018-06-20 19:48:33,2018-06-26 00:00:00
fc9cfa2de496ffeee8c591c87070664f,9b187cb857bde65d3cd2864986ca8fd3,delivered,2017-09-13 17:04:21,2017-09-13 17:15:29,2017-09-14 15:55:59,2017-09-15 18:32:48,2017-09-25 00:00:00
9f34e578816993ab6665797c08919c90,a4239b620a64a0e59a683c996203747f,delivered,2018-05-13 19:35:43,2018-05-13 19:52:45,2018-05-14 13:16:00,2018-05-21 16:44:52,2018-06-05 00:00:00
61d903b9af9181717baf3abd115fbd71,aa294c7d7d7820cc338f7c39e08f93fb,delivered,2018-06-24 15:20:49,2018-06-26 04:58:45,2018-06-26 15:39:00,2018-07-11 18:28:41,2018-07-18 00:00:00
77810238ed0e20808a213bcdb0de6ae5,1c7832567f924bab626a92bbbdaafb93,delivered,2017-09-08 23:27:52,2017-09-08 23:43:42,2017-09-12 18:32:37,2017-09-19 20:06:57,2017-09-27 00:00:00
1413b3c018371e723a864ecc6c2d51b1,b064ec71d8d4579837d0a3e1788ce986,delivered,2017-12-25 22:50:44,2017-12-25 23:06:37,2018-01-11 23:59:32,2018-01-19 02:06:31,2018-01-19 00:00:00
d2586b48628c08153ed6ebcc26dcb208,45057034171e0faa788fa42f644dd62c,delivered,2018-06-24 22:30:49,2018-06-24 22:53:42,2018-06-25 13:31:00,2018-06-26 16:28:50,2018-07-17 00:00:00
e3f86830b259752caea52aaeea354699,c6c24ada0446273472afa129bdc6d29a,delivered,2018-04-28 13:57:52,2018-04-28 14:14:13,2018-05-02 12:26:00,2018-05-10 11:17:01,2018-05-23 00:00:00
d351ad232c9e018edafa9f34f5d03e63,0f710c2b9e05df56428ec2b15027db12,delivered,2018-07-30 16:36:03,2018-07-30 18:30:47,2018-07-31 14:57:00,2018-08-07 20:32:42,2018-08-13 00:00:00
e4318982ed51e84596216f47f154d767,86b214427e26d756475ac622671c0d30,delivered,2017-10-19 23:25:10,2017-10-20 01:26:28,2017-10-20 14:49:59,2017-10-21 15:33:27,2017-10-31 00:00:00
49765b9af39e0642708191e9a462490a,c967bec15d1cef4b1802136624a22d1b,delivered,2018-02-13 15:04:30,2018-02-13 15:15:26,2018-02-14 17:55:11,2018-03-03 15:22:45,2018-03-06 00:00:00
4fb3b317ad7e8e1d246e73b8ab6de2fa,a694746ff1ab375e60b169442f575439,delivered,2017-07-04 23:56:09,2017-07-05 17:39:45,2017-07-12 20:07:57,2017-07-17 13:03:29,2017-07-25 00:00:00
8f527e48221d505b8224a9b04749f319,83340e4b205bf32a8e3d5b7d02be5dbf,delivered,2017-02-07 13:50:56,2017-02-07 14:03:08,2017-02-10 05:55:39,2017-02-15 11:35:53,2017-03-09 00:00:00
3363aacaa7a6492f7e246c4fa3412a62,5f905ca9a5477f19f392bccdc8b32ca3,delivered,2018-04-25 22:47:33,2018-04-25 23:11:31,2018-04-27 13:15:00,2018-05-10 20:38:41,2018-05-18 00:00:00
dd845e1cdb19f08d029a727adc9a5a77,01f7b7a4e25cda9ce48c0f7263f7452d,invoiced,2016-10-10 09:59:46,2016-10-10 12:01:59,,,2016-12-06 00:00:00
46f09635953d421a1c088a6e28cea5e0,cc2b7cdb839e54fa6f55fe78acad8783,delivered,2017-10-22 13:38:49,2017-10-22 13:56:07,2017-10-23 19:08:01,2017-11-08 19:26:38,2017-11-14 00:00:00
1a4f26ea67b1c9f4013809ba466e84e7,b0fc45475b8d1f080ba078365e949262,delivered,2018-01-14 20:36:47,2018-01-14 20:49:10,2018-01-15 14:41:53,2018-01-30 14:21:23,2018-02-08 00:00:00
9ce991aaccb4817cc0ca0b4edb5c5ff1,917afe7faa23d88a557462c27eabccac,delivered,2018-05-01 20:33:44,2018-05-01 20:55:32,2018-05-02 19:01:00,2018-05-07 19:33:12,2018-05-15 00:00:00
dfd3b2df64ce5d1f5378d2e211743bbc,1bd9ffd81a6e5ad005c1d52b83d000bf,delivered,2017-07-10 17:53:40,2017-07-11 06:43:43,2017-07-11 18:36:33,2017-07-17 21:27:44,2017-08-01 00:00:00
bb2333fb2f478ee47fffef086d24da16,824388cd61c2ead4498366fcbab7a1f8,delivered,2017-09-13 00:03:31,2017-09-15 15:45:10,2017-09-18 18:42:58,2017-09-25 17:42:36,2017-09-29 00:00:00
15bbb8e1670937e6b9bdf611948c3bf9,72b927c092dc3b076732901869b447b5,delivered,2018-04-12 09:23:39,2018-04-13 12:50:05,2018-04-16 21:24:42,2018-04-23 19:32:31,2018-05-09 00:00:00
3938e682497b3b6d775de950467baefb,8c5ca191f8acbb3969aa8270d0d041fe,delivered,2017-11-24 13:48:45,2017-11-24 15:55:45,2017-11-27 19:08:03,2017-12-04 20:32:31,2017-12-14 00:00:00
ac98c1e7867abeaf4f7f82343124ad8b,49bce4fc8c79eb190f4f663da895549d,delivered,2017-12-14 10:35:03,2017-12-16 10:31:24,2017-12-18 19:39:00,2017-12-20 15:43:47,2018-01-03 00:00:00
d1c433d85b26e0171d6f80a9356ae7bf,df6e96da5aba22aaf0e63f79c82b0e6f,delivered,2017-11-24 10:33:49,2017-11-24 12:38:31,2017-11-29 22:52:43,2017-12-05 16:22:53,2017-12-26 00:00:00
010c995323bc17d8156fbe2c37fed63e,eada5b345b1d846ca260ad12e8ec98cd,delivered,2017-03-25 19:18:00,2017-03-25 19:25:22,2017-03-28 13:05:48,2017-03-31 10:46:01,2017-04-13 00:00:00
849463e6f473ab9f22655e71ed57b5e8,a6e1b2ca16f6fdb0eb443988df862f74,delivered,2017-09-04 18:13:42,2017-09-05 21:55:15,2017-09-08 19:45:38,2017-09-20 20:58:53,2017-10-03 00:00:00
1b4f84742c7c3d03f7c6d519212514ab,791d0d1144e6fb6603bb485bef1d73f6,delivered,2017-02-09 15:32:27,2017-02-09 15:43:34,2017-02-10 14:02:39,2017-02-14 08:43:35,2017-03-17 00:00:00
a5fca3053324330d4bf1e5fc7230e84d,bc450d309c1f7f595c70e89aa3dc7508,delivered,2017-06-30 20:06:54,2017-06-30 20:23:24,2017-07-03 09:44:26,2017-07-04 15:49:32,2017-07-13 00:00:00
10b352cbe8aabe99a33f470405f12ce6,69688283a11fd062da0abccc47d0adee,delivered,2017-05-21 07:59:59,2017-05-21 09:10:23,2017-05-23 14:21:18,2017-05-31 08:42:42,2017-06-26 00:00:00
7d72c733261b943737819f8166cd557e,b2204002f45fd6e8bbea354ce3708c5f,delivered,2018-04-10 23:19:12,2018-04-10 23:30:25,2018-04-11 22:35:28,2018-04-18 12:56:28,2018-05-14 00:00:00
102524fc738dc062948b705dac83d08e,4a6d1f984020395897cbf65a960d65a1,delivered,2017-12-06 20:31:18,2017-12-06 20:51:17,2017-12-09 16:37:03,2017-12-26 16:46:05,2018-01-11 00:00:00
246e2c3c7b7c4759966d8a76513b0ad8,1e1eeb9b7a16eb780c2728c498d5ea2b,delivered,2018-06-26 14:43:49,2018-06-26 14:57:23,2018-06-29 13:29:00,2018-07-03 17:57:43,2018-07-30 00:00:00
dcdf7dd18209c50593d1b6cdf2392e18,fd72e5a673c5b0cb41b16a6415e622ce,delivered,2018-08-07 08:12:54,2018-08-07 08:44:52,2018-08-07 13:46:00,2018-08-15 20:20:28,2018-09-03 00:00:00
fd29d4a27a68500cecd760540395b131,c48186aa94c4144379b2fc03d38e91a0,delivered,2018-07-13 13:20:39,2018-07-14 03:05:14,2018-07-16 13:22:00,2018-07-23 23:41:20,2018-08-02 00:00:00
245ddaef16302f47bdda5b7549ea20fe,e1d014e36903719545d5fa13d6ef3ac7,delivered,2018-04-10 17:48:41,2018-04-10 18:09:17,2018-04-12 19:14:56,2018-04-21 17:14:46,2018-05-15 00:00:00
a3f048db7f6523ded5c260c1ea0bf007,012ca3bed937a20fa19642e8e53d831c,delivered,2017-07-31 23:06:47,2017-07-31 23:25:25,2017-08-02 12:08:18,2017-08-07 22:17:26,2017-08-18 00:00:00
13be52fea867f703f9f4466bccbcc0c9,6d43775c3da9d5532adc74676415bca7,delivered,2018-03-09 22:05:49,2018-03-09 22:15:31,2018-03-13 03:08:38,2018-04-02 23:32:56,2018-04-03 00:00:00
adaf9c2200eccede886e041415e89df1,e72b9285149c7929bf099a373a3e2ad8,delivered,2017-10-09 20:57:37,2017-10-11 03:14:25,2017-10-11 21:05:03,2017-10-14 00:59:58,2017-10-23 00:00:00
7cf743c2c2f5595bf3780b5b379cbab5,996099e76d23cf9d25197bc7ca733a13,delivered,2018-04-05 13:28:41,2018-04-06 09:09:18,2018-04-07 01:17:43,2018-04-19 01:06:26,2018-04-24 00:00:00
85d1f27ce2b79aafb89810ff41fc3e72,051df23b0ca41d5daa47268b5b96a450,delivered,2017-12-23 01:23:00,2017-12-23 01:29:51,2017-12-26 22:17:14,2018-01-03 18:12:58,2018-01-24 00:00:00
deb556fbebd4343315d9ab970392674c,66d925f87715f42b875f1a75953baeb9,unavailable,2017-07-25 20:49:16,2017-07-27 11:30:15,,,2017-08-23 00:00:00
7b9c79725cdb375638eae34455acbef0,520b0063312c190bef5ebb63956fb223,delivered,2017-11-27 07:42:22,2017-11-27 08:50:12,2017-11-27 20:42:36,2017-11-30 17:32:01,2017-12-15 00:00:00
fdc0ec1ee168b2b7c9d3a501b0d1d69d,2effd138ecdcb406ded5b94ae2381d6c,delivered,2018-08-04 23:29:35,2018-08-06 13:10:12,2018-08-07 09:20:00,2018-08-15 21:41:38,2018-08-23 00:00:00
bc8e669b7c085a9d09f9c2b94c7693ab,0f0f0c6250a06ed825b57b8233a2bb3d,delivered,2017-12-03 20:22:55,2017-12-03 20:32:21,2017-12-07 23:51:40,2017-12-13 17:18:43,2017-12-27 00:00:00
0fb6f52cf122d35f2e5d0eed6c8d4ee1,0b2db9c611876df5cc5333eb3621bbd3,delivered,2017-08-25 15:12:36,2017-08-25 15:30:08,2017-08-28 21:24:33,2017-09-01 20:03:17,2017-09-19 00:00:00
f09ab6762312942497f5c45240901ead,fb7481b0cc9f7ef408c625a696cf3e51,delivered,2017-07-15 20:32:39,2017-07-15 20:43:34,2017-07-18 18:38:00,2017-07-26 19:47:27,2017-08-08 00:00:00
822430c455b49b1714466db2a15f4322,ba9624c6778d41f67dc8e228df61247e,delivered,2017-04-23 00:01:25,2017-04-24 00:45:24,2017-04-24 13:28:18,2017-05-09 14:15:12,2017-05-15 00:00:00
b33b80fe1b350e19b343f79f30b3df95,ed6c5d40a6572e9e2aa0cf273fa8cef5,delivered,2018-04-09 15:17:11,2018-04-10 07:35:17,2018-04-12 01:10:52,2018-04-18 23:18:26,2018-04-26 00:00:00
c1cd6f04d98968e420c3fd0e69c5612d,2aa1e475f2f967d335c870bdffa88d7e,delivered,2018-06-12 23:52:24,2018-06-13 01:31:56,2018-06-13 13:25:00,2018-06-14 17:50:32,2018-06-25 00:00:00
03005a2f16aaf981d51d8ef44222444a,961ab7d1f30476935fd856403381435f,delivered,2018-02-04 09:59:39,2018-02-06 05:31:47,2018-02-07 22:47:05,2018-02-21 13:18:50,2018-03-09 00:00:00
d47f38bfac7123996aa56e7dfa5ba657,3dd44512bed5b8f60ab5a531c3404b68,delivered,2017-07-05 20:56:53,2017-07-06 16:50:30,2017-07-07 18:08:48,2017-07-12 21:03:07,2017-07-25 00:00:00
8844a6f4804668ce97f0423a434a74f6,c35c61c180ade41a8a8d935b08236b8b,delivered,2017-10-16 14:49:26,2017-10-16 15:27:47,2017-10-24 18:53:40,2017-10-31 14:33:04,2017-11-09 00:00:00
6b1e226ba2512e424031208f6caffdca,64c6d788262efaaa051095da307c0bab,delivered,2018-04-10 11:17:34,2018-04-10 14:09:56,2018-04-11 16:14:35,2018-04-18 14:28:37,2018-05-03 00:00:00
68d26fb6265ab404953d918e97319c5c,2076f5cf507562f37d5afa2fa2405bc5,delivered,2017-02-02 09:33:28,2017-02-02 09:45:12,2017-02-20 10:27:41,2017-03-01 09:35:30,2017-03-01 00:00:00
fe1ec86f91f3b5b6bc46fc3e4b8262cd,9317b2bdc9f6a30c2429e462dc672e06,delivered,2017-11-25 21:38:47,2017-11-25 22:17:20,2017-11-30 14:35:00,2017-12-13 01:16:52,2017-12-15 00:00:00
df537c849af44beef86a7ef7de12126a,e97a76910029690bc1f5b67376c38af5,delivered,2017-01-19 21:48:41,2017-01-19 22:01:56,2017-01-25 16:05:15,2017-01-30 11:41:52,2017-03-15 00:00:00
aadf5fc042b64c57d336c1ad8a28a455,d7f4c9c4b263f6f0d8cd144f3f4533ab,delivered,2018-05-28 10:44:56,2018-05-28 10:55:24,2018-05-28 15:26:00,2018-05-29 17:06:56,2018-06-28 00:00:00
ecbd8d5fbb12d972ba4a898ce0bd43d4,1ddca89b0527c91d2bd8524d3614f051,delivered,2018-08-04 12:11:41,2018-08-04 12:25:13,2018-08-07 11:44:00,2018-08-13 21:41:51,2018-08-21 00:00:00
7beff063d9429757063beaf91965672b,c9a34e7ebfeea525ad3c564021a55254,delivered,2017-11-20 19:16:38,2017-11-20 19:29:08,2017-11-22 00:06:58,2017-12-01 15:12:35,2017-12-07 00:00:00
e3ea7db75c57be6a3779176cfa7802c3,f9f2cb313b6837f0a56e1d92fe67b0a6,delivered,2017-10-21 17:57:49,2017-10-21 18:14:17,2017-10-24 20:42:33,2017-11-06 20:58:44,2017-11-21 00:00:00
57b9732578915dbda7e17cb35b48966c,c60f195e77317cecb85e26ae57cbfa6d,delivered,2017-11-30 22:08:57,2017-12-02 02:37:16,2017-12-05 01:04:52,2017-12-08 18:14:53,2017-12-26 00:00:00
de1368ef7490f21023cbcdfa8eb6728a,aaeb5402d84bfe206aad4d8d606ea81a,delivered,2017-03-09 14:00:57,2017-03-09 14:00:57,2017-03-15 12:17:57,2017-04-04 06:57:54,2017-04-17 00:00:00
18226871b4bd351a6beee8c8310748e2,638eda83a853a03e3e4f1fe6e96bccf4,delivered,2017-12-22 15:34:35,2017-12-22 15:51:43,2017-12-28 18:23:41,2018-01-19 16:32:26,2018-01-22 00:00:00
9bd594c78a30e73158b926233be0b6e5,1ad961b96eb6c4680a8c35b8dd426d42,delivered,2018-07-09 20:46:54,2018-07-09 20:55:28,2018-07-16 12:58:00,2018-07-25 17:50:36,2018-08-07 00:00:00
b239f28ece6e222f53440e2ab90c5329,f2e7bb4a7ec776452c2387e1c897603d,delivered,2018-02-16 13:38:31,2018-02-16 13:50:35,2018-02-16 23:39:09,2018-02-20 01:35:18,2018-03-02 00:00:00
c445ae8645fae366842873c44919ae25,fac5d4c238fd7c1828c856d6c5182db5,delivered,2018-03-23 22:14:05,2018-03-23 22:28:04,2018-03-27 02:32:22,2018-04-06 17:22:30,2018-04-11 00:00:00
43b2b04bc7aba79e72acb260d116466b,ed066ea6b633ab8df2b9db89919b047b,delivered,2018-06-28 09:30:35,2018-06-29 09:10:29,2018-07-03 09:31:00,2018-07-09 22:44:28,2018-07-25 00:00:00
7e20b68bb504bd8d70b6ef457f287f76,825b32011af5640d4b9182f8b0d0f6bf,delivered,2018-04-28 23:16:55,2018-04-28 23:32:40,2018-04-30 13:14:00,2018-05-06 15:57:01,2018-05-18 00:00:00
f8e0d73a0d29119847eef26cb525bf16,3327920ff65dadcbfc7f2a44a772c2f2,delivered,2018-07-06 12:11:20,2018-07-06 12:32:12,2018-07-10 15:05:00,2018-07-11 23:29:40,2018-07-19 00:00:00
e441491edbdc584bf380f36bb5e048bf,9cecc6c6b3540b6d12bf4882fa423cc6,delivered,2018-04-12 21:38:02,2018-04-12 21:51:39,2018-04-16 16:18:31,2018-04-20 17:14:38,2018-05-08 00:00:00
6f14ef9e1c67a1ca8e572a477c1b58b1,019dc2cd7ae165a706dd249829e0e1f1,delivered,2017-07-18 14:32:15,2017-07-18 14:45:20,2017-07-21 19:32:28,2017-07-28 20:57:38,2017-08-09 00:00:00
6404e2bea6a36a8fd5bf64660a5e5187,5c16287b152fc792ae436dfdd5f8e488,delivered,2017-10-12 07:44:01,2017-10-12 07:56:13,2017-10-16 21:56:54,2017-10-25 19:13:58,2017-11-09 00:00:00
40e6e449d7ed3885b35b3925d7403cb2,36a95299dcc99992ac71defa090dc4c4,delivered,2018-02-26 14:34:01,2018-02-26 18:48:52,2018-02-28 01:36:48,2018-03-06 22:42:50,2018-03-16 00:00:00
a455dc7b8d6735fa6ef94adaa7b849b7,9502835f586a82df0f723afcf4ce8350,delivered,2018-01-21 13:47:57,2018-01-22 13:50:29,2018-01-23 13:51:31,2018-02-07 18:32:08,2018-02-15 00:00:00
38dc054731aefcdf92baf946cef55604,38ba20d8a900559297b3ff7a81aa750d,delivered,2018-03-07 12:10:49,2018-03-07 12:29:56,2018-03-07 22:04:14,2018-04-04 21:47:30,2018-04-02 00:00:00
1a068234f392ae1781aba7a3717d560e,08c82d1e90993b00869022fc4e98697f,delivered,2017-11-12 08:37:35,2017-11-14 11:10:58,2017-11-20 13:36:51,2017-11-22 18:36:56,2017-11-27 00:00:00
9b81934297f0b5aab6474d8eb7fb2b4e,be2be648d9b138656b913d423ed0ae19,delivered,2017-10-17 23:15:45,2017-10-17 23:28:11,2017-10-23 15:05:36,2017-10-24 18:14:04,2017-10-27 00:00:00
49c7df46784ee525af9f5cb40fc1d508,92c20486bda026216f613e3e4406f759,delivered,2018-06-04 09:49:31,2018-06-04 10:10:26,2018-06-04 15:40:00,2018-06-07 11:33:58,2018-06-28 00:00:00
24678bbf0564173279a1799d6bb11a7a,44fa9e92d8f954cc61aa5606b06c5982,delivered,2017-12-09 15:31:40,2017-12-12 03:36:29,2017-12-12 16:13:00,2017-12-15 18:47:20,2017-12-28 00:00:00
a517402e2a90089fb88afcdd05110927,2fc5bef746bbb488f889bd4046722e2a,delivered,2017-08-15 14:09:15,2017-08-16 03:25:40,2017-08-16 18:42:08,2017-08-24 19:51:30,2017-09-04 00:00:00
74598d42a2d833a5b9527fcd752a1185,d59b99db7f4287d8ecdb0843b59e80a2,delivered,2017-09-13 22:20:55,2017-09-13 22:30:20,2017-09-14 21:21:38,2017-09-28 17:43:42,2017-10-04 00:00:00
b2aac017e3d894267bf55fe86abb0dc6,b5992f48220a5eae7188a98b56446037,delivered,2018-08-01 06:05:07,2018-08-01 06:15:08,2018-08-03 18:19:00,2018-08-13 21:36:30,2018-08-29 00:00:00
877893a9d335938c3fdaeed687b3f6e9,38451f7954790eb28cdb29c802beabd3,delivered,2017-09-26 20:57:48,2017-09-26 21:07:21,2017-09-28 15:06:39,2017-10-12 13:32:46,2017-10-20 00:00:00
85770bce7ab858546d700c2e99ad57c9,8d4eda1c04f833f903399937b01f1539,delivered,2017-09-05 13:14:37,2017-09-05 13:30:15,2017-09-06 19:17:55,2017-09-14 18:19:46,2017-09-28 00:00:00
0057199db02d1a5ef41bacbf41f8f63b,c664dc5de5b5f4184bc4ca0285b9f8fe,delivered,2018-01-18 17:05:30,2018-01-20 09:07:51,2018-01-23 14:33:54,2018-02-06 20:07:20,2018-02-20 00:00:00
490e475128481b0ccedaa812af721e53,7434dd817ec65c99e9e1ee53195b3df7,delivered,2018-02-21 16:02:31,2018-02-21 16:31:21,2018-02-23 15:13:23,2018-03-12 17:39:30,2018-03-21 00:00:00
77a80305f3e556475b3dfe923e8d6735,260653b481f6bb5ec7cfc7650b4c4608,delivered,2018-05-29 10:48:34,2018-05-29 11:18:44,2018-06-05 13:32:00,2018-06-14 00:38:30,2018-07-12 00:00:00
68c7b161c0d53a4f67058ca18e0ae6c0,6a67d518f44441fb4f9a6781bb6282ac,delivered,2018-06-22 15:14:28,2018-06-22 15:38:27,2018-06-27 10:02:00,2018-07-03 17:36:53,2018-07-13 00:00:00
1f0caeab2e84048dd8f4d149904c0d8f,276be2a63cf33e04a5ec94c088414f93,delivered,2018-06-14 20:32:29,2018-06-14 20:56:20,2018-06-18 14:18:00,2018-07-06 13:36:45,2018-06-26 00:00:00
2823b5160c0166f3c0d1ea00cc519c7e,e794bcee9c3289fb13024bef2f6599e0,delivered,2017-04-27 15:15:48,2017-04-27 15:30:14,2017-05-02 11:04:14,2017-05-09 10:04:02,2017-05-25 00:00:00
709cb0731456cbfb2ca8d299b6616067,e3c1f8a4d644c63a86e870049d863a8b,shipped,2017-09-15 11:05:56,2017-09-15 11:15:15,2017-09-20 21:16:57,,2017-10-09 00:00:00
ed9a3a6d2f841f665754521774ccfaf2,d7ecba36649ea24f3404f08c9642c2f6,delivered,2018-02-15 13:43:21,2018-02-15 14:20:26,2018-02-23 23:19:26,2018-03-15 19:21:50,2018-03-26 00:00:00
e0e2dd62e7153d8f3f03e62b4b476392,ea58ba76f07c7e170630ae1ef2c7b66a,delivered,2017-02-21 21:50:47,2017-02-21 22:02:21,2017-02-23 12:09:38,2017-03-07 14:33:27,2017-03-28 00:00:00
352c1b4ad4321180c659a1ab18d24752,03e7a78ad85e305f9989298d3396f7ca,delivered,2018-07-28 10:06:09,2018-07-28 10:24:08,2018-08-02 12:42:00,2018-08-13 17:06:39,2018-08-22 00:00:00
6b0c1e4a670229bb6ad952718c3f7b10,18c5f93ae4021a5c6cd973ec495cdc38,delivered,2017-12-10 18:17:23,2017-12-10 18:29:58,2017-12-12 20:44:09,2017-12-18 20:55:01,2018-01-05 00:00:00
da2aeb448f7a4f8604a2d56cc3b2e02f,cfd66e8cb80e01b5d940ae54a7a9c007,delivered,2017-12-13 18:56:04,2017-12-13 19:10:15,2017-12-14 23:12:47,2017-12-22 23:26:53,2018-01-09 00:00:00
0b2a86ad4de68092f2026ba5cdccc64e,bc3389e52abbda44032300e38db97c25,delivered,2018-07-16 14:01:05,2018-07-16 14:15:09,2018-07-17 14:25:00,2018-07-26 16:38:51,2018-08-07 00:00:00
4d280f7e02765cbee0a2ce0359dafb2e,8b44866d1a919a20080812529e2a49d1,delivered,2018-07-01 15:06:53,2018-07-01 15:29:48,2018-07-02 15:13:00,2018-07-03 20:56:31,2018-07-16 00:00:00
78b0b2d56de7826cbaa0c7a2743b77c5,bb1745533038c6df892337963532c51d,delivered,2017-09-27 22:26:33,2017-09-27 22:44:12,2017-09-28 14:56:44,2017-10-06 19:33:30,2017-10-24 00:00:00
e9f01d29281098ee776a7954eae03dda,2f186d7d8de0cd7d0157c5abb1dc4a6a,delivered,2017-08-13 15:43:18,2017-08-13 15:55:18,2017-08-25 18:13:24,2017-09-04 17:24:08,2017-09-15 00:00:00
08accb1f1ce9ae08483229dd246b8911,7614bd222d72753a5598941edc462392,delivered,2017-07-01 20:08:46,2017-07-01 20:23:52,2017-07-04 11:37:50,2017-07-12 20:47:54,2017-07-28 00:00:00
fe8568b0167c1e87d6f1dab1033c9278,97396993d63e820df7610ffaa26f14fd,delivered,2018-03-30 10:14:34,2018-03-30 10:55:09,2018-04-02 19:08:18,2018-04-10 22:31:52,2018-04-18 00:00:00
ad49f229e233b39202eb79fdc1877074,41e9548a0f8a774ff63837fa26f9839d,delivered,2018-04-24 23:07:30,2018-04-24 23:29:50,2018-04-26 12:52:00,2018-05-02 20:16:21,2018-05-17 00:00:00
73aaa4d549aa39d83b85021685fd5d72,7810e8fd73ba33153dc9ebfd4b03a248,delivered,2018-03-10 12:31:34,2018-03-10 12:47:53,2018-03-14 00:48:43,2018-03-16 19:06:26,2018-03-22 00:00:00
75a75d6f39a5e6639e107bdf8760ac50,f48dc2e02e8b3576ae81898b1dfa1717,delivered,2017-03-10 21:04:58,2017-03-10 21:04:58,2017-03-15 11:29:37,2017-03-17 04:55:53,2017-03-29 00:00:00
dbe34cb0129b5b0507a4547c1fdbd3cc,6dce1c254422c0bd1bd20036ccbad17d,delivered,2017-11-28 22:29:21,2017-11-28 22:39:45,2017-12-05 00:22:09,2017-12-11 17:59:53,2017-12-21 00:00:00
055b200c986fe0efa2547b28241c3318,564b67a0cc888d056a2a238c1cea6dfe,delivered,2017-08-28 21:24:40,2017-08-28 21:44:42,2017-08-30 13:26:53,2017-09-06 17:30:08,2017-09-20 00:00:00
5253650c645f3d453fc1dadecbe9d2c8,e3215a794a319f3b7a9809a57f19bf21,delivered,2017-11-29 11:52:30,2017-11-29 12:18:29,2017-12-04 20:52:20,2017-12-18 19:39:42,2017-12-26 00:00:00
32855d7689b9f421de7025b1f94cabb8,7560d4eee6f467533295c86137bb4c34,delivered,2018-01-10 14:37:45,2018-01-10 14:49:58,2018-01-11 23:38:58,2018-01-29 11:36:39,2018-02-05 00:00:00
4cb8cb3ecb5dbc9df36cb56451499a0f,6daa8f0dc2e558d601f7ed53eb6188e0,delivered,2017-09-07 23:47:40,2017-09-08 00:03:08,2017-09-11 14:13:05,2017-09-24 17:39:50,2017-10-05 00:00:00
63518de6db5802b95c69d007115bc5e5,30dc1fcb030584401c7209e9129b68e7,delivered,2018-08-21 08:27:46,2018-08-21 08:49:18,2018-08-23 14:09:00,2018-08-27 20:29:40,2018-09-03 00:00:00
bae57f2adc242a88ed7589fe47efcd12,333304fcee5c64925d0ed399210d5770,delivered,2017-09-25 15:54:59,2017-09-25 16:10:07,2017-09-27 19:15:09,2017-10-10 19:07:02,2017-10-25 00:00:00
7c79ea4fa321e61956f7ee14427f6124,45cd65c80f6ea79a63c4feafe0091034,delivered,2018-05-12 12:23:33,2018-05-12 12:34:23,2018-05-14 09:49:00,2018-05-15 19:17:04,2018-05-23 00:00:00
3456e4510b8dbddfb1d17d38deb2bbe6,664e510b024ec9826cdb96c01669285f,delivered,2017-12-05 23:58:33,2017-12-06 00:10:26,2017-12-06 21:48:54,2017-12-08 17:07:37,2017-12-21 00:00:00
5cd9658ba9e8ad15b491928fd7ec370d,cf54331ed702f203f23da3cf5a0de4d2,delivered,2017-08-30 19:43:57,2017-08-30 19:55:20,2017-08-31 18:37:38,2017-09-04 20:04:42,2017-09-18 00:00:00
73b017a765ea2600be8cf4e374de23bd,0525fa756013f1d648c20c8892bdea3e,delivered,2018-07-21 17:45:54,2018-07-26 23:32:33,2018-07-23 15:13:00,2018-07-29 20:18:21,2018-08-08 00:00:00
35d8452c4085b7bad1b14bc47d24091b,bdf6663e51ad5bb48b08b9b37e6aa086,delivered,2017-10-15 18:32:37,2017-10-15 18:49:24,2017-10-25 17:19:41,2017-10-26 19:26:59,2017-11-03 00:00:00
1a1b532e9fc48a702923b8ef014735e9,19adb3f7b395a15790ce04b5e19276d5,delivered,2018-07-06 19:14:19,2018-07-06 19:30:55,2018-07-09 12:09:00,2018-07-10 21:48:54,2018-08-02 00:00:00
b3ff0769befe096a6da428d9991321bd,841f231e625ce8f34a0016c97e8c322f,delivered,2017-12-26 14:16:17,2017-12-26 14:28:55,2017-12-27 22:11:05,2017-12-28 11:10:17,2018-01-15 00:00:00
a306afa8587ad4c42f5a1c62184673a8,f997e4d637c5824aa3f892266bac8ebd,delivered,2018-08-17 07:44:54,2018-08-18 07:49:45,2018-08-20 13:57:00,2018-08-28 00:16:26,2018-09-04 00:00:00
a77cf1f9b2d22060320fa51a5906d02a,ab34a771f8b497c9a37efbb586372f79,delivered,2018-08-25 19:15:56,2018-08-25 19:25:10,2018-08-27 15:12:00,2018-08-30 15:22:53,2018-09-12 00:00:00
ba9cbecc6a528dc98683accf4656c945,105f5188a142d32dcfe97650f8e114f4,delivered,2018-04-19 14:29:32,2018-04-19 14:57:22,2018-04-23 23:41:50,2018-05-03 17:08:41,2018-06-11 00:00:00
3c9fe4c12f56411725fc69bc8685adb5,8e7eecd755eb34ec71e1955f19bb86d6,delivered,2018-03-06 19:11:51,2018-03-06 19:29:41,2018-03-08 14:09:34,2018-03-19 21:11:16,2018-04-06 00:00:00
207d7288d0109d3973a94a8d382dce54,5bfbb21f7e1a74e885d4453cb407c0e3,delivered,2017-07-18 17:55:09,2017-07-20 02:25:55,2017-07-21 18:22:59,2017-08-07 17:10:03,2017-08-18 00:00:00
61a0ecb5082b25a8cf031a6402a1e030,12d1dcea366cd212e4f579ae482e0e1b,delivered,2018-04-23 20:35:55,2018-04-25 04:11:20,2018-04-25 15:42:00,2018-04-28 14:18:28,2018-05-16 00:00:00
f1e2b7376f89e974ba81956b133ef935,4d6dcc03e46614005963c9e0eb029a80,delivered,2017-11-24 16:13:34,2017-11-24 20:13:18,2017-11-28 18:48:43,2017-12-09 16:43:41,2017-12-15 00:00:00
8099510db9a578b9c9e341e0a4026d08,ceefe214abad6f6344cc13f232d56529,delivered,2018-08-10 17:26:05,2018-08-10 17:35:21,2018-08-11 08:56:00,2018-08-16 11:04:29,2018-08-23 00:00:00
c79fcf430e3532739c1344bdc0a021db,edde43d7203ce8ef765673aebee3b966,delivered,2017-02-02 17:22:31,2017-02-02 17:35:12,2017-02-03 12:33:35,2017-02-17 14:09:11,2017-03-17 00:00:00
2dff08c63cc9d29788c8cccfc3799bf4,bd6fdc9fe74a5d7a4f5696815c2cb42d,delivered,2017-11-28 22:06:01,2017-11-30 02:22:29,2017-11-30 22:46:51,2017-12-20 23:39:15,2017-12-27 00:00:00
6f177560cdac40d55fa56882c853569b,455d0df20ea3cac0d66ed7609a01b80f,delivered,2018-08-03 16:44:03,2018-08-04 17:03:58,2018-08-09 14:07:00,2018-08-24 18:03:08,2018-09-03 00:00:00
80000ae9d118d79953522e35cce34f13,67372e0bce729cebb559886b6c4d9e2e,delivered,2017-02-27 11:33:35,2017-02-27 11:45:10,2017-03-01 11:03:51,2017-03-08 08:51:57,2017-03-20 00:00:00
7699e05f3c451052397a0248cf24a821,30115ee7a9182b11ce072122a37b6ca4,delivered,2018-04-01 11:12:20,2018-04-01 11:27:43,2018-04-02 18:58:35,2018-04-03 21:04:30,2018-04-16 00:00:00
00143d0f86d6fbd9f9b38ab440ac16f5,2e45292979b9b2700ea09560eeb0f803,delivered,2017-10-16 15:29:43,2017-10-16 16:07:52,2017-10-16 23:04:43,2017-10-27 18:43:56,2017-11-06 00:00:00
27dd4347486e954e77b2f577f6388819,5a37d7eace891a446596466cc8526c90,delivered,2018-03-18 16:27:18,2018-03-19 07:50:39,2018-03-23 04:11:04,2018-04-05 16:05:47,2018-04-09 00:00:00
0103878b7ed86b6ec873cfae01379472,e8a101d3de305ff620d4febe10137fd0,delivered,2018-08-16 00:03:16,2018-08-16 00:15:41,2018-08-17 13:25:00,2018-08-22 22:38:43,2018-08-31 00:00:00
853468812125d147c0d34a9f11f2716d,a8ac62d90741ce564ba4786909e17872,delivered,2018-08-11 20:29:26,2018-08-11 20:45:13,2018-08-13 14:16:00,2018-08-16 14:59:35,2018-09-25 00:00:00
491a1ab187b3a16213aa5b385333d943,8a4976f31f4c12074f026ab5244d7ebd,delivered,2018-01-08 23:12:50,2018-01-08 23:28:14,2018-01-09 15:05:51,2018-01-11 00:04:08,2018-01-24 00:00:00
ae4d24eaeb2f2184852be775af5cf9ca,922d9875c96d766b5427e8cbb9f07eb2,delivered,2017-02-28 23:47:08,2017-03-03 02:15:37,2017-03-06 07:43:38,2017-03-13 07:14:04,2017-03-20 00:00:00
e0c7a7d03b603444cdb851949e98d59d,8d1146d07386908aec9b6c439b5d33e8,delivered,2018-07-05 09:07:58,2018-07-05 16:16:35,2018-07-06 11:07:00,2018-07-10 12:14:23,2018-07-27 00:00:00
77625c9343b4dd4a9536f65e9ea50135,cf715977596afedab14869cb8d11d9e1,delivered,2018-03-19 14:06:14,2018-03-19 14:30:00,2018-03-20 20:14:27,2018-04-14 18:58:41,2018-05-02 00:00:00
4a04b801500a7b7f5dbaefe223e00338,7bf30e8c369da26439282a284134f49e,delivered,2017-07-24 23:41:25,2017-07-25 01:25:08,2017-07-26 18:52:21,2017-07-31 18:43:26,2017-08-18 00:00:00
89da573364809995840e3546344a0113,596838f01c8df34db964387ac5ab6333,delivered,2017-11-18 18:44:34,2017-11-18 18:55:31,2017-11-22 11:49:59,2017-11-23 17:19:24,2017-12-01 00:00:00
6fc1f769bfeb1481960874a33a43c449,2f8d38e4205fb38a567ae52311787f77,delivered,2018-07-01 21:39:57,2018-07-01 21:50:20,2018-07-03 02:43:00,2018-07-05 15:03:36,2018-07-30 00:00:00
d34d57040fbd8cc561fddf442352f8eb,0d0ee03c8b494f3343e61156cd13738a,delivered,2018-06-18 19:00:17,2018-06-18 19:21:17,2018-06-29 11:05:00,2018-07-03 20:26:47,2018-07-25 00:00:00
b090db406a3c2b8c132d12115b575fa8,b5663b19d130b89cfa4c66655dd35ba5,delivered,2018-07-04 18:25:26,2018-07-05 16:41:02,2018-07-05 14:47:00,2018-07-10 21:51:05,2018-07-23 00:00:00
58bdae413815114d8b8efa3df9cdf706,0171c99239a82a0794fe3e4016a0e629,delivered,2017-05-07 16:22:14,2017-05-09 09:50:14,2017-05-16 07:52:08,2017-05-18 15:49:38,2017-05-29 00:00:00
d1f9a1aec23787e664aa0ccd55fe2fd3,82dd196b2b5b57785945aa2f471a35f9,delivered,2018-07-16 19:19:37,2018-07-16 19:35:17,2018-07-18 15:21:00,2018-07-27 18:29:28,2018-08-10 00:00:00
3c1ceafa085d9c28c784b0ad99895a6e,dadfdba2f1a53778ac008daad465d544,delivered,2017-03-28 17:10:37,2017-03-29 02:22:33,2017-03-30 16:27:33,2017-04-18 06:48:58,2017-05-03 00:00:00
37f74ee624eec2d1ca28deaa62d04602,d7d63a15651d3301580a663f91652dbb,delivered,2017-10-03 11:23:30,2017-10-04 02:56:43,2017-10-10 17:06:10,2017-10-16 18:37:37,2017-10-26 00:00:00
ca85e8b80de7543b68e7443fdfe051e4,61109e00cae8fa7f8ae8011b45f06b0c,delivered,2017-06-02 18:13:24,2017-06-02 18:25:07,2017-06-05 10:47:38,2017-06-08 15:03:24,2017-06-27 00:00:00
5043c2e9366f7600db60c67283a20260,a7e11431c16c7321b2e8470daa9ff7e7,delivered,2018-08-06 12:43:36,2018-08-07 15:45:20,2018-08-16 13:20:00,2018-08-22 00:36:56,2018-08-24 00:00:00
7bd694d5531f148d22a89b11343e1d0d,d8b77ca4c8e3ba4eef5867c8fb489968,delivered,2017-03-12 17:43:05,2017-03-12 17:43:05,2017-03-13 12:19:09,2017-03-27 14:23:32,2017-04-05 00:00:00
aac21588f3ec44ceb1054b930039e50b,a800c02178bf99fd9d598cd9f3ba913d,delivered,2018-04-12 20:57:48,2018-04-13 13:14:38,2018-04-13 22:48:35,2018-04-27 21:07:36,2018-05-09 00:00:00
942ca92b6dd15a40d979cc95c6b8c761,433f70f1d652d249dd045f7922c5169c,delivered,2017-09-12 18:03:22,2017-09-13 03:30:13,2017-09-15 17:32:20,2017-09-20 11:37:20,2017-10-03 00:00:00
c8bf960cbb5f496561542f67c3aefc81,fa1bdf037cd6f8b9a7258b6d32a35f06,delivered,2018-03-29 15:01:10,2018-03-31 09:07:59,2018-04-02 19:05:18,2018-04-10 16:08:34,2018-04-18 00:00:00
469ebbc645e0d5bdfc7e2dc9c5a25f75,8c55c34b514bc8c604b3552a140b5f13,delivered,2018-01-03 09:43:58,2018-01-05 02:35:26,2018-01-12 20:51:50,2018-01-27 18:18:45,2018-02-23 00:00:00
414b227d34e12d2c95093f0bdb4c44bd,c05135e931996796d1b5bff60251825a,delivered,2018-05-18 11:04:32,2018-05-18 13:07:00,2018-05-21 16:43:00,2018-05-25 13:30:58,2018-06-07 00:00:00
ea5cec9447a41351dabd449056d1992a,6d76603dfdd852ed23672a8fd0364f5c,delivered,2018-04-19 09:53:03,2018-04-20 07:31:34,2018-04-23 10:32:32,2018-06-06 19:28:47,2018-05-28 00:00:00
179a6a5380b863ae5aae42e8eb754913,5183ebec380dce5c4d15954fa170301e,delivered,2018-06-26 14:37:59,2018-06-27 08:30:49,2018-07-03 04:30:00,2018-07-10 23:32:01,2018-07-19 00:00:00
ad81810596aa59ceb988de37dc47926c,9576cf68fcb03b4112bbc35d5b9146e5,delivered,2018-01-25 21:47:54,2018-01-25 21:56:22,2018-01-27 16:46:35,2018-02-02 21:22:03,2018-02-20 00:00:00
b11d3d0805ee25a1ca5ff9d55a65cd9d,05a874b660a8cd6552b1f462e033b44a,delivered,2018-04-12 12:52:01,2018-04-12 13:11:40,2018-04-13 16:46:45,2018-04-18 13:55:32,2018-05-08 00:00:00
0ef8215c9266b279249871d0af611e2c,9c8e51447d07719ca9d78cbaad9fea43,delivered,2018-04-14 08:43:15,2018-04-14 09:31:18,2018-04-16 21:32:32,2018-04-24 19:44:23,2018-05-08 00:00:00
15006f85b1559aaab8fc9798055d0e94,082166790414f3c9f62969e47ad91b96,delivered,2017-10-19 09:58:57,2017-10-19 10:14:31,2017-10-19 20:23:56,2017-10-23 21:42:12,2017-11-07 00:00:00
9fc1497693771a80bd64e4226d7e9b74,515858ffc4af7a61d581021e611198cd,delivered,2018-04-28 08:25:04,2018-04-28 08:53:53,2018-04-30 14:53:00,2018-05-07 20:10:44,2018-05-21 00:00:00
75bffa29a87d482f2599c96fae5a8ece,b6b99ec327def693671d5b0db57fe6d1,delivered,2018-03-27 15:23:57,2018-03-27 15:35:13,2018-03-28 21:51:27,2018-04-02 22:52:48,2018-04-13 00:00:00
8556edd77123b5e04862b951269eabed,ba9e2ff94ab776d05be0cbd067755c50,delivered,2018-08-03 17:21:48,2018-08-07 04:25:18,2018-08-07 15:28:00,2018-08-10 16:28:52,2018-08-21 00:00:00
53bae42113a177b31d3aa02c73e0d3cd,20f749b84ff4156f103323cb89fa4320,delivered,2018-03-27 17:48:27,2018-03-29 03:10:25,2018-04-02 16:04:04,2018-05-03 18:41:27,2018-05-15 00:00:00
8e1ac730ea9bca963b591024346e0679,dd163cc1d5c80098ad9e72126ca5c8c2,delivered,2017-09-05 17:28:08,2017-09-06 02:50:39,2017-09-06 18:04:43,2017-09-15 20:18:13,2017-09-28 00:00:00
bacc701eec298cb5520f251e863cde03,ca559371b1efa6b4733abba1c71494c9,delivered,2017-06-01 10:48:20,2017-06-01 11:03:14,2017-06-02 09:19:26,2017-06-09 18:42:36,2017-06-26 00:00:00
4bb508ed8217864a44341f4e5e41e04e,865293243bd058d40776ed211b54174c,delivered,2017-11-25 00:29:04,2017-11-25 03:11:59,2017-11-29 22:12:53,2017-12-04 18:22:59,2017-12-22 00:00:00
458d63620d4131af3f512aa1b326b5da,7aa3c8e6975af99664fc8395e5a075aa,delivered,2018-03-20 22:59:05,2018-03-20 23:10:30,2018-03-21 22:32:02,2018-04-06 20:28:45,2018-04-16 00:00:00
afcda0566edd7333aa8184a5985a47ba,727fe0579c184302356067cde9cd9185,delivered,2018-05-31 21:40:54,2018-05-31 21:52:42,2018-06-01 13:51:00,2018-06-05 20:24:37,2018-07-26 00:00:00
da81fbc27b55e0f3d2813cf2078dc780,9cb739dc712ebd193e4eb94f3aeb8d20,delivered,2017-11-14 21:07:55,2017-11-14 21:26:34,2018-03-20 15:44:40,2018-03-21 00:18:54,2017-12-11 00:00:00
a9601d068b873488daa5f72c7daa1f10,5cc2000a02011f09463e935d6f33ea6d,delivered,2017-10-24 13:00:44,2017-10-25 02:14:12,2017-10-27 21:08:51,2017-11-09 23:34:55,2017-11-24 00:00:00
f71cb2e4886fd0074284be2c8cc9b144,792b1af13fc356344a3c38bf7775caa8,delivered,2017-11-28 20:35:59,2017-11-30 02:25:33,2017-11-30 23:19:49,2017-12-06 18:32:36,2017-12-21 00:00:00
2c23a7464f6fbc39be8e3a13b9966c54,5a83b651944141609c66c414f8258ce3,delivered,2018-06-09 13:34:32,2018-06-09 13:51:34,2018-06-11 14:30:00,2018-06-20 12:20:44,2018-07-04 00:00:00
af8e7d8a37a728552281a38e79f5e82a,3f45cc8587c58a78556dae4c3f02c410,delivered,2017-05-02 18:34:59,2017-05-07 23:32:26,2017-05-09 17:03:20,2017-05-20 11:44:48,2017-06-09 00:00:00
aac66aa37e3c8d0fcc9571062fabb261,2c8ebc3ee57341a532642dbbe98294db,delivered,2017-09-28 18:17:47,2017-09-28 18:28:24,2017-09-29 19:23:48,2017-10-17 21:55:24,2017-10-26 00:00:00
def43ca6d79899925ea0c19f4fb63200,7fd3d557cf72df79e448740ca65d015e,delivered,2018-08-05 20:36:51,2018-08-05 20:45:10,2018-08-06 08:33:00,2018-08-09 16:51:58,2018-08-14 00:00:00
df63ae0d0b2e5965b6c56834f1ed3ec0,c945ee71ab489fc5275348dc98236bed,delivered,2017-03-29 17:58:13,2017-03-29 18:10:12,2017-03-30 13:38:05,2017-04-03 14:23:44,2017-04-18 00:00:00
a139630cbe2c9106179e382ba9e9d517,beb9271894cf44c6d9997233fdcc9603,delivered,2018-02-17 14:15:59,2018-02-17 14:30:25,2018-02-20 22:19:00,2018-03-17 00:12:05,2018-03-20 00:00:00
8f01c37e40b9262e477bb2e2d01058b1,c35d560e5a0e8462f092ff34f764e32b,delivered,2017-02-19 18:35:15,2017-02-21 04:35:14,2017-02-22 08:54:06,2017-03-10 07:42:47,2017-04-04 00:00:00
a769c6d90738b1546865c01148fad5cb,a8115f722d11bb835b310770f08c9766,delivered,2018-04-29 12:56:04,2018-04-29 13:50:56,2018-04-30 14:27:00,2018-05-11 21:08:16,2018-05-17 00:00:00
b15da40ece9d0f3c3440837babcb1a31,f49b4f80893cd8a36cce86e87b0fa50b,delivered,2017-09-14 12:18:38,2017-09-14 12:30:13,2017-09-15 17:32:46,2017-09-25 19:32:00,2017-10-04 00:00:00
c528c7334f28e47ccdd517a9288a5113,ba7452999510d3483e226bb287d743ff,delivered,2018-06-06 23:14:24,2018-06-06 23:33:16,2018-06-07 13:57:00,2018-06-11 20:18:24,2018-07-04 00:00:00
6cdad32a7c806be6cca65ff0d763389e,d7fd65c6b41fb24732cc9d3918f353f9,delivered,2018-02-13 19:33:07,2018-02-13 19:47:17,2018-02-14 10:23:22,2018-02-26 21:36:30,2018-03-16 00:00:00
dc942b12a2d1c261d42dbf4ecd4451f5,f9ee21e4ea8887385cab2d9cdeaa0804,delivered,2017-07-02 11:23:28,2017-07-04 04:05:29,2017-07-06 14:08:03,2017-07-25 22:47:29,2017-08-09 00:00:00
5fd3e686087ab4cd93b354b63771d6aa,cf212d0f6f868b6abdb9b852145ee55c,delivered,2017-11-29 13:38:49,2017-12-01 13:33:22,2017-12-05 22:04:55,2018-01-03 18:27:03,2017-12-21 00:00:00
b11be1ce9a1f9812763eba8c91fc84bd,58f5438d2d90acfb562eca64525bceda,delivered,2018-05-22 14:39:13,2018-05-22 14:56:22,2018-05-23 13:44:00,2018-05-30 14:18:03,2018-06-12 00:00:00
5ffc7455c07cb79260d36024277e417a,8edf9775ff2d85510096c409785457a3,delivered,2017-02-06 17:02:13,2017-02-06 17:15:06,2017-02-07 05:09:29,2017-02-21 10:57:37,2017-03-17 00:00:00
a2749402701871292b1ca325a1b9f6ff,34cf47dae2707f7f1a07a7ecb3b86faa,delivered,2018-08-20 21:01:40,2018-08-20 21:15:08,2018-08-21 17:04:00,2018-08-22 23:05:33,2018-08-23 00:00:00
4237d03d511e94c1d2504e01a20cd668,eefb1203ea84c235aaa024ab6a3b3b24,delivered,2018-08-17 21:47:37,2018-08-17 22:09:47,2018-08-20 15:30:00,2018-08-24 18:52:44,2018-09-14 00:00:00
d04f155dd04722bb1691263ccbe5eec0,1393f95a641d045e1ebc7a6db27258f7,delivered,2018-02-26 18:38:33,2018-02-26 18:55:27,2018-02-27 17:42:29,2018-03-21 18:41:55,2018-03-21 00:00:00
eff47d9b95b39aebec2e228f59baf2eb,bf84807bbb27a050c2bb73587203309c,delivered,2017-08-01 16:59:18,2017-08-02 02:50:24,2017-08-03 14:04:13,2017-08-12 11:09:51,2017-08-23 00:00:00
0dfa86a9022c9929b3d7311150151f68,0b60138b038f460baefa261d66dac712,delivered,2018-07-26 20:09:56,2018-07-26 20:25:08,2018-07-27 15:18:00,2018-08-08 15:03:39,2018-08-22 00:00:00
e17d2e2d4c3e655845a5ed84c9409490,5586c955a9c27ae5ace5b5349797ffb4,delivered,2017-10-27 21:31:33,2017-10-27 21:46:13,2017-11-10 21:33:10,2017-11-27 19:44:33,2017-11-24 00:00:00
50c057d3ce876e5fa2f5b9bb5e7cbe22,236a783c1ae829341bf56aeec56b5547,delivered,2018-01-17 00:40:37,2018-01-17 00:51:37,2018-01-18 18:14:24,2018-01-30 18:41:11,2018-02-14 00:00:00
87480ba74c6a68d47d28b4277439c8ac,0f3eb4973621984961ab99909023c585,delivered,2017-12-28 11:13:03,2017-12-28 11:28:04,2018-01-03 20:46:42,2018-01-10 19:29:56,2018-01-23 00:00:00
2691ae869f13b10f3d356461b4311c73,e551bab5d422fd3ad727235a8270aa67,delivered,2018-08-22 22:39:54,2018-08-23 02:45:13,2018-08-23 12:28:00,2018-08-29 19:11:48,2018-10-04 00:00:00
5038599d301a92796c7e52408dd0aea3,d5308480b0869493b69ce2bec1c1d415,delivered,2017-05-04 21:33:20,2017-05-06 02:15:25,2017-05-09 11:18:17,2017-05-16 11:48:04,2017-05-31 00:00:00
f5021290eb1a1105d7b9a7445f120c3d,5e346f0a6bcc85b1e87dfaf9bc5ec38c,delivered,2017-05-06 07:18:28,2017-05-06 07:30:12,2017-05-09 12:09:47,2017-05-17 11:07:38,2017-05-31 00:00:00
5ea599a9a67fae7fd7120b2b9add8a60,5406b19f54e812f661c116bae7f7a770,delivered,2017-02-22 17:54:36,2017-02-22 18:10:11,2017-02-23 11:31:31,2017-03-04 03:33:57,2017-03-27 00:00:00
0d8f485ffe96c81fe3e282095e942c2e,e7c1bcfe34cb8e778701ceb0b4b4780d,delivered,2017-07-31 23:06:40,2017-08-01 00:05:12,2017-08-02 02:36:50,2017-08-02 19:47:05,2017-08-14 00:00:00
2efef48118e6846607240cd8910e05d0,9c7d570b975ac49cc2a6467c3e1048d8,delivered,2017-02-12 00:20:45,2017-02-12 00:34:00,2017-02-20 07:52:39,2017-03-08 22:23:46,2017-04-03 00:00:00
559fb2cdf30bd53126d8d8e020226765,2b241a129c21fd8db7bb03ad32d165bb,delivered,2017-09-19 23:04:22,2017-09-19 23:24:09,2017-09-20 20:44:53,2017-09-27 12:23:55,2017-10-13 00:00:00
0a8f1a36db93c2d10a0ff456e5550ae8,c0d8c122eb9b251748d380735ceb72b7,delivered,2018-05-02 10:44:40,2018-05-03 10:57:13,2018-05-04 06:22:00,2018-05-18 15:58:51,2018-05-23 00:00:00
ca801e184e659bcf7b7e4f4995d30ba8,3c1d60349e1db4cbac79fe57b73ed57f,delivered,2018-01-03 15:02:13,2018-01-03 15:10:29,2018-01-10 01:07:45,2018-01-19 15:14:04,2018-02-02 00:00:00
1b0ca0c3b2421d7ffde52594b571c020,a568e815557dfe95e3b3ff832812486b,delivered,2017-12-12 17:51:10,2017-12-12 18:10:54,2017-12-13 17:08:51,2017-12-29 18:35:05,2018-01-08 00:00:00
14833d6278b9989cafd5e8930a961263,921dac886012ce8e2083c366e3b24a85,delivered,2017-08-15 17:07:01,2017-08-15 18:44:28,2017-08-16 20:42:05,2017-08-22 17:30:03,2017-09-06 00:00:00
42c9a9c778ca94f01517f4abb7e6df31,8fd68cfc0541d32dc20c7a90c0a1a6fd,delivered,2018-06-29 12:10:47,2018-06-29 12:31:22,2018-06-29 14:58:00,2018-07-05 18:49:44,2018-07-24 00:00:00
bcdd7ead3db5a78858c07e491d022d21,3349e2ce76a78eb07d3d5e3eaab8e62d,delivered,2017-09-04 14:39:30,2017-09-04 14:55:19,2017-09-06 19:53:12,2017-09-09 14:53:36,2017-09-15 00:00:00
bde296d0d14025c683710f65536878bb,355534ce07f1f5876699b29f5dcc540e,delivered,2018-02-20 17:13:20,2018-02-20 17:30:40,2018-02-22 18:19:06,2018-02-23 21:28:33,2018-03-06 00:00:00
e3ca9704b9f6ef0eb0c40f669da0d873,2dc39daf68faf88ac4409c3e55ed9a91,delivered,2018-08-18 21:11:34,2018-08-18 21:29:42,2018-08-21 14:13:00,2018-08-23 18:02:48,2018-08-31 00:00:00
782c81c8b7e670a75b50ca317ed4f758,d5dd22c4181f4d7b66b308177d74a65d,delivered,2017-07-30 20:51:02,2017-07-30 21:05:18,2017-07-31 19:22:57,2017-08-04 19:11:45,2017-08-22 00:00:00
483802a1476e667f12dbac40c707809b,9e2652c3469d9367573a7659b60a44a1,delivered,2018-02-03 17:13:26,2018-02-03 17:30:02,2018-02-05 19:22:30,2018-02-19 21:09:11,2018-03-07 00:00:00
241a31d78d0e20975a8e070a4882505a,729dfbf6fa56ed28db8f4ffab3df53bd,delivered,2017-07-12 19:14:25,2017-07-12 19:25:20,2017-07-13 12:29:40,2017-07-20 17:16:01,2017-08-01 00:00:00
6c6035b5c538935be5381cff46351355,840d738a6f0616378d9a497fd62e812d,delivered,2017-08-08 21:11:59,2017-08-08 21:30:14,2017-08-09 15:47:14,2017-08-17 19:42:34,2017-09-01 00:00:00
8a9e16e628ff47d5e3cd022089c9082a,676761aed74e8c2a56f78ea5dfbfedf7,delivered,2017-09-21 01:37:30,2017-09-22 01:44:35,2017-09-26 15:37:58,2017-10-01 16:13:51,2017-10-13 00:00:00
563cc94852488599d7c665e7f9fb7ab1,c9a80971444e9a7b61d645c6ff00d42a,delivered,2018-05-31 13:13:17,2018-06-01 08:01:56,2018-06-01 13:07:00,2018-06-09 17:18:44,2018-07-19 00:00:00
ae5c6e1388284e38412e62dd4bdbd966,e1df9d888af96ac730386f4b80ef546f,delivered,2017-07-08 14:21:09,2017-07-08 18:30:19,2017-07-10 15:57:31,2017-07-18 20:33:00,2017-08-11 00:00:00
8fd68b02e8630a663b13e18acec60712,f46e1689a2c6031af912a19a489a6329,delivered,2018-08-10 09:17:38,2018-08-11 02:55:15,2018-08-13 16:02:00,2018-08-22 13:22:42,2018-08-23 00:00:00
273ca519104461b29b7e89ebad868563,6c26f84cf2c64b34aabb545b1ce5442b,delivered,2017-09-21 14:24:30,2017-09-21 14:44:44,2017-10-06 17:12:49,2017-10-17 20:11:53,2017-10-23 00:00:00
bd43715721b5a4825d7cc544b97e5b78,216962229c0e00efdff1693996bb9ecb,delivered,2018-06-28 18:57:52,2018-06-28 19:11:43,2018-06-29 13:28:00,2018-07-03 23:06:48,2018-07-26 00:00:00
1c9383e11b19c66a7655bf8a31dd0ad3,68aee9718d1e57dfc6fd08c539f5e0fb,delivered,2017-08-24 10:24:06,2017-08-24 10:44:23,2017-08-28 21:55:57,2017-09-04 16:21:19,2017-09-18 00:00:00
7a9436be8022293777e4f2619c171b17,b2cbce849410403be11de7f51dc04ac0,delivered,2017-12-06 11:12:32,2017-12-06 12:03:40,2017-12-06 20:23:01,2017-12-19 19:56:43,2018-01-03 00:00:00
4e587ca33ad0c0f0ad2e445c30698ed8,6bd9e09f124d408482b182fd9903d5ee,delivered,2018-06-07 13:00:52,2018-06-08 03:13:32,2018-06-11 14:44:00,2018-06-21 21:06:15,2018-07-11 00:00:00
8431f97a257ec43f34fd13b183d362b9,e4fa6a2fb61edd0f84192b54a26c3b4b,delivered,2018-08-16 13:20:52,2018-08-17 03:15:16,2018-08-17 14:47:00,2018-08-24 18:36:19,2018-09-21 00:00:00
6990c1d6b6b834c84c9e1799a0824f67,d7bb32bb585899524e965a877d0281a0,delivered,2017-08-17 18:12:44,2017-08-17 18:55:12,2017-08-21 13:07:50,2017-08-25 21:02:48,2017-09-13 00:00:00
c29831d189569aeda9a401509412d8ba,36b7c241d7c541245697882622147c28,delivered,2018-04-13 22:40:44,2018-04-13 22:52:38,2018-04-16 23:52:12,2018-04-26 15:42:54,2018-05-11 00:00:00
8084fb81dfc973b3d492e788bfe45ab7,3b30358d0925561c9abffb926e3ca0e6,delivered,2018-07-09 09:46:03,2018-07-09 10:05:06,2018-07-11 07:05:00,2018-07-12 19:34:50,2018-07-18 00:00:00
decd71d55b8127d489aa78bbe87efe5e,19bc24edf9d888bb0454aa373dbf6a35,delivered,2017-11-05 23:08:19,2017-11-05 23:27:00,2017-11-06 22:25:22,2017-11-14 20:45:09,2017-11-27 00:00:00
f1a873fc10e7bd542bcc4198baade2b9,267cfc7a0e7f9e6c70a357bbd0708d7e,delivered,2018-08-06 00:14:08,2018-08-06 00:30:20,2018-08-06 15:13:00,2018-08-08 20:21:31,2018-08-15 00:00:00
12cbd6fae38a4bd1d77a7596eab0b7e1,70abade22b2c1d02b2d43e5a185d8883,delivered,2018-08-01 11:31:23,2018-08-01 12:43:57,2018-08-15 12:07:00,2018-08-23 15:42:00,2018-09-05 00:00:00
c81d8c64bac8003aa77329e1e4f078bb,dbb20b9885e70975b890d2406079c881,delivered,2018-07-30 14:04:33,2018-07-30 14:30:41,2018-08-02 12:00:00,2018-08-06 16:38:56,2018-08-08 00:00:00
d1922da6bb996e9c76dad9202618a7ca,dab063fedffcd74dc36cab8ce70d7c29,delivered,2017-02-09 16:01:21,2017-02-09 16:25:13,2017-02-20 16:27:38,2017-03-01 08:36:47,2017-03-13 00:00:00
a1011d45b3b442fc2af90299beb134a2,ae506753fec637cb96765560fac2e7e6,delivered,2018-06-10 10:05:52,2018-06-10 10:19:15,2018-06-11 12:14:00,2018-06-19 15:51:53,2018-07-03 00:00:00
73fa2decb92126f457f03a38cbb81c24,04b59b5941a73b8bce510973637d9adb,delivered,2018-03-23 01:11:18,2018-03-23 01:27:31,2018-03-24 17:46:33,2018-03-27 20:56:52,2018-04-05 00:00:00
07261a56ea5f8537a7bc47d5155d2f40,6778b46615b8624dc299c563ca6811a4,delivered,2017-03-24 14:40:58,2017-03-28 03:50:47,2017-03-28 13:03:10,2017-04-04 17:11:11,2017-04-20 00:00:00
11594a6b4b817fb6cc075700e80def3f,25f1a26f2cd003472ee7fc88e9da8adb,delivered,2017-06-07 11:07:29,2017-06-07 11:15:22,2017-06-07 11:26:16,2017-06-16 15:17:34,2017-07-03 00:00:00
8d99c825b718517c169c33a6c94933ab,2424c00ea6127a5ec31e5141af0df386,delivered,2017-10-18 23:51:56,2017-10-19 23:49:24,2017-10-20 18:22:36,2017-10-31 17:58:03,2017-11-06 00:00:00
70613a4d0fcc3ad95dd80f90a7d05a59,d8dc5b416324594269249da4d51983a6,delivered,2018-04-10 04:29:02,2018-04-10 04:35:14,2018-04-16 18:08:40,2018-04-26 17:38:37,2018-05-02 00:00:00
ad77addff836770adc988cb6b4b1d529,3fbf2a71c639926ce379d4c50b475e98,delivered,2018-07-16 18:59:50,2018-07-17 04:15:18,2018-07-19 10:14:00,2018-07-30 16:18:52,2018-08-15 00:00:00
014e78d1239f19fdcafd760d3e52f923,bd5dee4ca2945a0ecb54846178944df9,delivered,2018-01-26 10:45:35,2018-01-26 11:01:17,2018-01-29 21:33:48,2018-03-08 23:50:42,2018-02-26 00:00:00
bb43335fe8fbcd3f110fab5491183d02,f7187f0e8b3d357fbd1f146e6da7c105,delivered,2017-02-23 15:40:54,2017-02-23 15:50:14,2017-02-24 11:27:38,2017-03-09 08:54:54,2017-03-24 00:00:00
ab2689fb3d9f1cf323c75b49d6a393e8,66138f93472ce2d46ee1e3d7c716a51c,delivered,2018-05-04 15:59:47,2018-05-05 15:55:18,2018-05-08 15:55:00,2018-06-06 09:15:59,2018-06-07 00:00:00
525533c5eccb7f4665306a7e01783567,c1bb9c658a466e65be53b3c037672a3f,delivered,2018-05-22 17:18:18,2018-05-22 17:37:04,2018-05-23 16:04:00,2018-05-24 13:54:30,2018-05-30 00:00:00
016726239765c18f66826453f39c64e3,6204061101097bad0b25b3c4fce9ee8d,delivered,2017-06-14 09:16:44,2017-06-14 09:25:09,2017-06-14 13:53:32,2017-06-16 10:11:50,2017-06-30 00:00:00
aaf899ac4389cbf67485784ac38fce72,cd184331611a657645549cf6670313f0,delivered,2018-05-15 12:57:45,2018-05-15 13:14:40,2018-05-16 14:10:00,2018-05-18 18:52:45,2018-05-24 00:00:00
311f11836437bf8950d50701fb64fcbf,cd600417f3ba94952c8c4114a4f91264,delivered,2018-07-02 21:45:09,2018-07-02 22:10:32,2018-07-04 15:36:00,2018-07-10 17:51:24,2018-07-30 00:00:00
9099fbdbf8ce8489a7546442a0881f93,9a7326193749abbeb741641ddc15b222,delivered,2017-07-07 20:17:47,2017-07-08 18:45:13,2017-07-13 20:46:41,2017-07-21 19:52:15,2017-08-04 00:00:00
4f3e39331cc2ae23851f526e268a8880,255076106ffe1cb62993b4f96aa67e76,delivered,2018-02-26 15:15:43,2018-02-26 15:51:41,2018-02-28 22:12:43,2018-04-10 21:27:24,2018-03-26 00:00:00
491d37ca0bc2ccb55fd694266fa55ced,2f83411616db476517e697ce7f40dca4,delivered,2018-08-17 08:56:03,2018-08-17 09:10:15,2018-08-17 13:59:00,2018-08-29 15:46:28,2018-09-24 00:00:00
403ce7c187ea2be61ea4f564d3c71688,3bc3f6b21973b0d9ada8987209ea389d,delivered,2018-01-30 11:14:56,2018-01-30 11:50:09,2018-02-02 03:25:00,2018-03-02 20:07:52,2018-03-20 00:00:00
f2e62e5ce667ba626a17ef195d775796,47072cf880ed71431fb220f937f63d5b,delivered,2018-05-11 16:07:14,2018-05-11 16:31:38,2018-05-18 14:10:00,2018-06-27 18:04:02,2018-06-04 00:00:00
a1fdbe89772721a5d4831504d661b456,16db685686ec2a9a4ff87379b1a1d527,delivered,2017-11-27 11:06:04,2017-11-28 03:47:48,2017-12-01 19:37:07,2017-12-12 19:46:36,2017-12-27 00:00:00
eeb03ce693fcd06d0f6c65eb4411b9a6,19972794e68d84b6cc2244aab0e913ba,delivered,2018-07-08 22:40:27,2018-07-08 22:55:13,2018-07-12 19:02:00,2018-07-13 21:54:49,2018-07-19 00:00:00
ee0b98b10df9fb4544239f8053418118,b46ec2f0ca57df3f1300fd71d9b3ac50,delivered,2017-11-24 14:17:12,2017-11-24 16:19:02,2017-11-28 21:48:49,2017-12-20 21:54:49,2017-12-27 00:00:00
09859a28d56f326d009da66f7d02e99d,921ea7f6e2a5645d5d1288696ed9c953,delivered,2018-08-06 20:31:45,2018-08-06 20:45:15,2018-08-07 16:53:00,2018-08-13 21:08:36,2018-08-16 00:00:00
0e0a83454e13440c604b4206420d2a3e,915c7cf80b20bc406bf46baf757fdb40,delivered,2017-11-02 22:21:29,2017-11-02 22:35:24,2017-11-03 20:57:35,2017-11-09 22:07:31,2017-11-29 00:00:00
68b3b77e74b7ad7bb9d25331580ddcdf,614f4db4fc76b38bf6691690a5c87dcf,delivered,2017-07-03 18:34:19,2017-07-03 18:45:20,2017-07-11 19:45:52,2017-07-21 20:06:23,2017-08-01 00:00:00
7f8d9a73c2b510f9627ac02f1a79c789,0e04a0d0de3a7dd87a6d7a2931525f3b,delivered,2018-08-14 08:27:47,2018-08-20 19:09:57,2018-08-22 08:07:00,2018-08-27 14:54:44,2018-09-03 00:00:00
539fbc059a691c7fa7d239e2d495f60b,16d42879056c9a5d35f92938b5827e67,delivered,2017-10-22 23:02:00,2017-10-22 23:14:26,2017-10-24 12:17:42,2017-10-31 19:19:43,2017-11-13 00:00:00
cef6f460d918590e4b8304c2890f58f0,d40f7b913da4a8074642dd44f8d51e33,delivered,2018-01-12 13:55:32,2018-01-12 14:09:02,2018-01-15 18:05:58,2018-01-18 21:04:21,2018-02-02 00:00:00
02f6d9982a52e44cf5a2be82598d078d,d8d4839d9fecfbdc1641ecb1b22981ae,delivered,2017-09-16 20:28:28,2017-09-16 21:04:55,2017-09-18 14:02:52,2017-10-04 16:20:20,2017-10-10 00:00:00
ec300e68099785d2f09e65a62be091f1,9ffc74be666b9f5ec60c026a54e06525,delivered,2018-04-18 16:51:33,2018-04-18 17:33:58,2018-04-19 23:23:23,2018-05-04 23:21:22,2018-05-16 00:00:00
259e299cc556bb5b8d8412cbbc257306,a5b25f37ce6268f32a97f10d565f5f02,delivered,2018-02-28 10:23:04,2018-02-28 10:35:42,2018-03-03 00:16:28,2018-03-12 19:07:04,2018-03-19 00:00:00
16e6906345975bd3b9888970d2f2c7b1,0bd74f1b5a443003dd5671bf1eab744b,delivered,2018-08-21 21:50:57,2018-08-21 22:04:27,2018-08-23 07:11:00,2018-08-27 16:22:48,2018-08-31 00:00:00
1fd79dd0da723476a2633d9321a59f59,0d1d3910d8dcf00c0a13d5edef504faa,delivered,2018-04-19 17:06:46,2018-04-24 18:53:28,2018-04-24 22:54:45,2018-04-26 22:58:47,2018-05-15 00:00:00
2a2933426794a07b8826c9a59e6d17ed,dd146127504152f9336f1a2ec56c58a0,delivered,2017-12-03 14:02:30,2017-12-03 14:13:31,2017-12-08 18:24:52,2017-12-27 19:52:10,2018-01-02 00:00:00
70a75c42b1a46c6a84e3c4ec64edc900,515c493d8f1b823a519394f98cd5db01,delivered,2018-06-25 13:25:46,2018-06-25 13:35:22,2018-06-29 16:05:00,2018-07-04 18:08:28,2018-07-24 00:00:00
eddaccd03acbce06c3db36e1b9f8cd4b,df7b17258e06ca8120bc29b54ec38cb2,delivered,2018-03-31 17:52:52,2018-04-03 05:08:31,2018-04-03 18:28:34,2018-04-04 20:53:00,2018-04-12 00:00:00
782c4d5c8798575202f65724099caa4b,1c0f65288ca605e8f359d5dc62043aed,delivered,2018-02-25 11:25:49,2018-02-27 03:31:04,2018-02-28 17:43:10,2018-03-11 14:57:30,2018-03-26 00:00:00
3888f8b9abd84378f6f5b862a3ed2da2,8a1adc2c105929d91a4f6dfa371a0827,delivered,2018-04-04 11:01:57,2018-04-04 11:10:15,2018-04-05 23:42:27,2018-04-06 22:14:51,2018-04-20 00:00:00
60d1bad2dd9051ddf6155fa1965d5c72,1ea43911c7817ae202932454b9016329,delivered,2018-04-21 16:24:10,2018-04-24 18:59:44,2018-04-24 17:17:58,2018-04-30 21:45:43,2018-05-16 00:00:00
d505b1d74b4f7e22869e627c8331338e,45af25aa5613f4db424d4b0b9cdc4a2c,delivered,2018-05-16 09:15:57,2018-05-16 09:33:17,2018-05-16 15:56:00,2018-05-24 12:27:32,2018-06-11 00:00:00
2cec6c78bc16c3954626e44c56219686,dadbdb7ece837bfb88c93875df963a35,delivered,2018-02-17 09:17:56,2018-02-20 07:15:42,2018-02-20 19:19:07,2018-02-21 21:23:00,2018-03-09 00:00:00
c4745f711938c643ef4a604576d6289e,16049168e8b673b28d09858c49418c49,delivered,2018-06-10 09:01:00,2018-06-10 10:30:58,2018-06-11 14:50:00,2018-06-14 21:28:31,2018-07-03 00:00:00
1a6a57642cf324ac86f14bcba484cb32,3e8e7112a59814fe7007bb864f3cd3cb,delivered,2018-05-14 11:24:45,2018-05-14 11:35:24,2018-05-14 13:29:00,2018-05-18 12:49:46,2018-06-05 00:00:00
08ce9cd3e783fce12327d4071e041fc1,21c486a006994b9f9a19f18a9c5c714d,delivered,2018-04-16 22:37:00,2018-04-16 22:50:27,2018-04-20 15:44:20,2018-04-26 22:28:41,2018-05-09 00:00:00
0660b9ab6d1e2653ba4395a095e58cad,77f27aecab797512134865f2631de5e1,delivered,2018-02-27 23:25:30,2018-02-27 23:35:31,2018-03-05 15:39:02,2018-03-20 21:22:05,2018-03-26 00:00:00
dee9aa5c49815ac54d9348b7e4899efb,85e281e2ef61679bbc13465be598cd6a,delivered,2017-10-05 21:54:27,2017-10-05 22:07:16,2017-10-10 20:15:19,2017-10-20 17:03:34,2017-11-07 00:00:00
57d494b053f23a8eb4a5428f30758073,186608f18ca3d1976bd9c3b0cf3ceee9,delivered,2018-03-15 13:37:54,2018-03-15 14:49:32,2018-03-16 12:38:41,2018-03-29 15:36:40,2018-04-12 00:00:00
a2b98e0d4c46ef327bb78d902bfaf7b3,ff8bccea0f872d28efb3170d1be104a9,delivered,2017-07-08 17:12:00,2017-07-08 17:25:14,2017-07-13 10:57:27,2017-07-21 17:47:49,2017-08-07 00:00:00
0a3c7a080b1152884a662e6da68906e7,0a788c899a1caa2d6a12019e8828fa88,delivered,2017-06-16 16:51:28,2017-06-16 17:02:57,2017-06-19 19:19:58,2017-06-26 12:07:56,2017-07-06 00:00:00
e23115216f6b79bda05036f94744a2dd,4bad1bcf3f513d32f24e947e4aa23220,delivered,2017-10-10 20:23:53,2017-10-11 03:14:09,2017-10-25 15:16:41,2017-10-26 21:33:35,2017-10-23 00:00:00
b7b90cbf41450180620d92d36ab7e0c7,9fe0f1e8a4b461fc59cc93ed610e8d8e,delivered,2017-05-21 19:27:09,2017-05-23 03:42:30,2017-05-23 09:55:40,2017-05-30 09:58:07,2017-06-19 00:00:00
9fdbbd0977c4f7330b8c2c4aecd30110,8a48e881e1976588ab0b76db90754ed9,delivered,2017-12-07 20:12:59,2017-12-08 11:27:29,2017-12-11 19:10:50,2017-12-28 23:42:42,2018-01-05 00:00:00
6685b09627204e7cd04be4b077ad21d6,312543d64e7713e1993cb0f1eb618a22,delivered,2018-02-07 22:03:41,2018-02-07 23:09:52,2018-02-08 20:14:05,2018-02-19 20:22:33,2018-03-13 00:00:00
cd30b79021e46fbfccaacd57ffbaca5b,1ef52dc13ef0e0f4b614a916cb5b1d0c,delivered,2017-08-12 15:08:08,2017-08-12 15:23:53,2017-08-14 13:38:04,2017-08-16 19:22:07,2017-08-28 00:00:00
5c2bbf0c34b51eec1e79c0d7ef81f86b,67695b88e8c2e8705b117d549fa79c26,delivered,2017-05-24 00:48:51,2017-05-25 02:50:15,2017-05-25 11:56:54,2017-05-29 12:48:06,2017-06-26 00:00:00
afd2be9f021ab713651e41c2eaff1d04,90a652848f2fb8b5707218b4f3bbe494,delivered,2017-06-03 19:43:26,2017-06-03 19:55:13,2017-06-06 17:07:48,2017-06-13 12:39:47,2017-07-03 00:00:00
cf27a34836d48e933ab56b845c2337a2,19feed19b2084c7a8d30c3157e3c664d,delivered,2017-08-23 12:12:27,2017-08-23 12:55:28,2017-08-28 15:47:42,2017-08-30 20:53:18,2017-09-21 00:00:00
88596e84592cd67e51c4727732dddde0,0cd47d0f215e41d6ba8bbb5454aa8525,delivered,2018-03-23 13:52:33,2018-03-23 14:15:29,2018-03-26 22:12:09,2018-05-08 20:53:38,2018-04-25 00:00:00
22c65b1b78b59ef00578d7b2b00c01e3,17e8891130965314e2f7e71d6e1c5a0f,delivered,2018-05-24 15:22:39,2018-05-24 15:40:04,2018-05-28 11:37:00,2018-06-05 11:21:50,2018-07-13 00:00:00
4faeccf035f43d918905b68a474d4c47,cbff94e105ea931745492355ce3b9558,delivered,2017-12-16 21:07:26,2017-12-16 21:15:23,2017-12-20 00:35:13,2017-12-30 15:09:12,2018-01-15 00:00:00
a9ae9c9183cffc409ca7c544cd109c28,fb8f4bcc1be04e604d59d0e48e7b553c,delivered,2018-05-10 08:44:56,2018-05-10 09:11:40,2018-05-11 13:52:00,2018-05-14 18:30:03,2018-05-21 00:00:00
d44eea28de99a2a7102fc1426d36f4f5,4cb2751f09bc60b867c750f4e655adf5,delivered,2018-03-18 18:28:19,2018-03-18 18:47:29,2018-03-19 23:58:37,2018-03-23 14:04:29,2018-03-29 00:00:00
26c9c7c372a75607ecbff1e8253f0792,e55074dae89208e6ba1e21cbee03824e,shipped,2018-06-13 18:44:19,2018-06-13 19:01:00,2018-06-14 15:45:00,,2018-07-24 00:00:00
e625c854b7283c2fc48fae7f8048ec91,4e14dcf7c059cff380fc10d9b1f29514,delivered,2017-11-29 13:53:37,2017-11-29 14:29:50,2017-11-30 16:58:48,2017-12-28 20:16:41,2017-12-26 00:00:00
e79482cdab6fba3d35fd8293343e5aa7,7764d602fdd5147f4d58d98816abd4eb,delivered,2017-11-10 14:04:18,2017-11-11 03:10:26,2017-11-13 11:38:24,2017-11-22 16:22:54,2017-12-05 00:00:00
137e3a7815d41ef63ef508a85ee39cd8,9ba6cdcb39a2e9893df4b9118e468971,delivered,2018-07-26 16:23:01,2018-07-26 16:44:22,2018-07-27 10:38:00,2018-08-01 14:26:37,2018-08-09 00:00:00
bc250fb00c3c49af75ff964a4d987d6f,e7d86daf277ff8cbd05acaf2de72df59,delivered,2018-08-02 17:14:40,2018-08-02 17:30:23,2018-08-03 16:12:00,2018-08-07 18:36:48,2018-08-09 00:00:00
11c931d6ce4eaf462a90dd1248a767fd,73d3109d331fc1a1ab21f489b3979ef8,delivered,2018-01-24 20:56:37,2018-01-24 21:18:22,2018-01-26 21:49:00,2018-02-22 23:09:15,2018-02-22 00:00:00
71bb4b0d814139920f939608c9d37685,adbf0c3f16cf7a8694225b8853458877,delivered,2017-08-17 08:58:53,2017-08-18 02:31:03,2017-08-18 12:41:22,2017-09-02 15:29:53,2017-09-19 00:00:00
52e7908bc4ebbcbe3fb43d86b1c44294,d7c49a8de80f8c3d02e0a129e59e6eef,delivered,2018-03-07 13:53:01,2018-03-07 14:29:42,2018-03-08 20:11:36,2018-03-26 19:22:24,2018-03-26 00:00:00
abd05c85cdce8b1426ced8f27fb59eb1,bb9b3036f9f6c3c91404880a2a498a88,delivered,2017-11-10 17:57:01,2017-11-10 18:07:58,2017-11-27 16:48:53,2017-12-05 01:47:30,2017-11-30 00:00:00
d04e2331c1a87bfcf53605399f6445bc,d48650fa178f65c895446180e44fa3a7,delivered,2017-09-04 17:11:13,2017-09-04 17:24:03,2017-09-06 17:54:59,2017-09-08 21:53:34,2017-09-15 00:00:00
2ef78d4b9e33e5bb08a6ccff0771df05,4d1480f88a3426764e5caed4195d8a54,delivered,2018-06-01 12:47:04,2018-06-01 12:55:33,2018-06-04 14:02:00,2018-06-13 22:24:28,2018-07-17 00:00:00
2059d0da82b7b8d60f4a609d795bc9ed,65dd4312a8e9a71e8a916a9bbe464120,delivered,2017-09-12 18:35:59,2017-09-12 18:50:13,2017-09-14 17:33:12,2017-10-03 17:21:36,2017-10-10 00:00:00
4d9466366a6ea93d8bbd504529c9a1cf,2cd9d1e0f927ede9fb48aa760b66fd18,delivered,2017-09-25 21:07:06,2017-09-25 21:24:45,2017-09-27 19:52:14,2017-09-28 14:57:38,2017-10-10 00:00:00
836d0fa7922a98ebfd757fe914130592,7b5c8f4c68f979af2de83a7eb3331f8b,delivered,2018-01-10 02:05:46,2018-01-10 10:32:02,2018-01-23 00:51:23,2018-01-30 02:06:33,2018-02-05 00:00:00
715b8576b74d53796bcbb107a201eb55,94f61d2e240f16c9307c8d769c409445,delivered,2018-07-18 13:30:45,2018-07-19 15:35:18,2018-07-20 10:16:00,2018-07-21 14:08:33,2018-07-31 00:00:00
c64f99013aa55e3d950573bf1a8ede4e,2dfc298c9c63e33b5dd41f0d7fc8cb44,delivered,2017-12-13 23:17:55,2017-12-13 23:30:00,2017-12-15 20:13:25,2017-12-20 20:35:07,2018-01-03 00:00:00
816e9ea5a585767bf637afdfb6d536ed,9629cd856821f7cffff6f6238d5cb5e7,canceled,2017-09-27 20:03:11,,,,2017-10-19 00:00:00
c4e6c7d5fa7585017ea3c7bdaa32a956,bee0caa1c2c4ec9867df20ceef6b5a7e,delivered,2018-04-19 15:08:19,2018-04-19 15:38:29,2018-04-20 19:39:47,2018-05-09 20:26:55,2018-05-17 00:00:00
0dc47dbdd63f9e034b321b138d0d9092,459146dddf53fdcaefa4c534d73ce47a,delivered,2018-02-19 12:10:03,2018-02-19 12:27:16,2018-02-23 16:16:52,2018-03-14 12:17:04,2018-04-05 00:00:00
f979343ab80aa950517b9a9950e516ef,136721aa1970809db8b3f9976da2c317,delivered,2017-05-27 22:55:34,2017-05-27 23:05:19,2017-05-30 07:12:23,2017-06-09 11:52:13,2017-06-23 00:00:00
babf90abd65f41b5f2c55c4452048ee2,29a39a2b2d74efc63ad4bcef8073a0b3,delivered,2018-05-07 20:23:58,2018-05-07 20:35:27,2018-05-08 15:26:00,2018-05-14 22:53:26,2018-05-21 00:00:00
bfd3fb2d31cea2cfad3a43b7bcfe00b0,f562336dee8e854046a3621adf15aeec,delivered,2018-06-20 12:55:25,2018-06-22 03:17:15,2018-06-26 15:01:00,2018-07-03 17:32:20,2018-07-17 00:00:00
67afac235ed5f057e1112fea45ddfb05,b0e3140d944c0f745ec00954e086c0e2,delivered,2017-10-02 18:11:31,2017-10-02 18:28:17,2017-10-03 18:55:58,2017-10-06 20:39:33,2017-10-18 00:00:00
0cf3d6e83dcc1117999a235fd6dae842,9ef02e0bb31e88a1fde897b4adc31233,delivered,2018-05-28 12:59:14,2018-05-29 03:31:17,2018-05-29 12:40:00,2018-06-11 18:46:20,2018-07-05 00:00:00
099c89b21c9d60fe648ec0bbd837bb3e,d734d17e8f83265b2dd1054ca7990b57,delivered,2017-10-02 13:24:23,2017-10-02 13:49:37,2017-10-06 15:33:50,2017-10-09 15:38:19,2017-10-18 00:00:00
9cded624277b5db2eff76d40cf10f66b,822b106b017e5ae01b0122083c013fcb,delivered,2018-07-18 20:28:23,2018-07-18 21:02:22,2018-07-19 12:17:00,2018-07-20 23:14:44,2018-07-30 00:00:00
e1d9e9bb816ce0bdfaf1cd02b96c6d10,050fc780501aa65cce934dc3cb60e9a0,delivered,2017-11-29 14:19:10,2017-11-29 14:34:28,2017-12-06 00:23:20,2017-12-11 19:35:19,2017-12-13 00:00:00
843c4657d0e36a64ee5819729168339d,ed0d1253fed97fe35c2ac3c747e76147,delivered,2017-11-03 21:08:04,2017-11-03 21:31:22,2017-11-06 22:24:41,2017-11-27 23:53:01,2017-12-11 00:00:00
6ae725cd09f998296a4f043e8b3fde4b,52f82ac5aece199d516920d571167b27,delivered,2017-04-27 08:30:48,2017-04-27 08:42:35,2017-05-02 17:19:38,2017-05-06 08:58:03,2017-05-29 00:00:00
a0a2b9cdb28eba192410c480bdacc4fb,8ce461860e68eaf6e71c27fe009faac2,delivered,2018-04-05 20:11:00,2018-04-05 20:29:10,2018-04-06 23:41:57,2018-04-11 00:47:29,2018-04-17 00:00:00
e89fc3dc889628e2e8ff060c38ae7781,4db9dd146d2c14365957faeec4ccb797,delivered,2017-06-06 13:27:53,2017-06-06 13:45:42,2017-06-08 15:25:35,2017-06-16 13:03:13,2017-06-29 00:00:00
e562621b62675521d241e0a27a1ca900,1a9cd2d193b2d2d3d977d677c7bee0bd,delivered,2017-10-23 01:06:37,2017-10-23 01:14:14,2017-10-23 19:15:42,2017-10-24 16:51:39,2017-11-03 00:00:00
443ddf06ec0f23c8bf94bccb583714e2,c8ab96590456234a5973445b7b25555d,delivered,2018-05-03 22:29:29,2018-05-03 22:52:43,2018-05-08 10:15:00,2018-05-10 16:24:57,2018-05-17 00:00:00
9c37d94303e95d233a4608dabc34f802,d5829f079749e461df4192bdb5731e8d,delivered,2018-06-27 19:49:43,2018-06-27 20:11:51,2018-06-28 14:24:00,2018-06-29 21:18:50,2018-07-12 00:00:00
d37f1c9ea5fc235b81a0f3051d57b30b,7647d04d8895db7c1bcaafc5459adb98,delivered,2018-02-04 19:41:19,2018-02-05 07:30:21,2018-02-07 01:58:39,2018-03-16 15:14:50,2018-03-02 00:00:00
bd59d6b6646e18c7a1a97a639ff49e0f,04445deee7383ac75ad3026150466867,delivered,2017-12-06 16:08:05,2017-12-06 16:31:10,2017-12-08 13:53:22,2017-12-12 19:26:55,2017-12-22 00:00:00
2c6e01c8eed693c9cddbaf86bdd25e31,02bcc64ec51494bf78f5a83c1414a4eb,delivered,2017-08-14 12:19:13,2017-08-14 12:45:22,2017-08-15 17:52:43,2017-08-21 23:15:37,2017-09-05 00:00:00
e1746b01c76d5be983999db3fcd428da,ea47fabe452d49a57899ae39d4133bec,delivered,2018-01-23 15:30:25,2018-01-23 15:38:24,2018-01-24 23:33:04,2018-02-08 05:18:53,2018-02-20 00:00:00
8af844e18cf7ddedd50343fcd0990863,f9a64a6822305f6ef6d94f347af822ae,delivered,2018-03-08 12:49:00,2018-03-08 13:10:30,2018-03-09 19:32:16,2018-03-14 01:08:37,2018-03-20 00:00:00
411cb689d52e7d0468af7071748087b3,1193063ca14a791ac93a7d8426a00338,delivered,2018-04-10 00:31:04,2018-04-10 00:49:49,2018-04-17 21:50:40,2018-05-21 20:13:48,2018-05-04 00:00:00
9f06b4c6de2919821c9ab8d71fcc8ab1,363e8e98cdf4f37226e768da1154b3e2,delivered,2017-12-18 15:24:37,2017-12-20 07:18:11,2017-12-21 17:37:10,2018-01-15 17:08:05,2018-01-22 00:00:00
b0ba32a79f83ef1ae43216095e1c9ab8,b8302eadfd19b0b4f468211664bf18f1,delivered,2017-03-01 22:10:25,2017-03-01 22:25:08,2017-03-03 14:27:57,2017-03-07 17:03:41,2017-03-27 00:00:00
f62c1d95a213688bbeebb149afd3ad14,d7b642a97f26bd8fb05f71512ba0226a,delivered,2018-04-12 10:20:19,2018-04-13 02:11:18,2018-04-13 17:46:30,2018-04-25 21:48:55,2018-05-11 00:00:00
fed5e295c5412218d84f60a3d09717f4,6751d1c35a37bfc06df3bd73a8abfdd7,delivered,2017-10-13 10:59:41,2017-10-13 11:14:23,2017-10-16 18:05:17,2017-10-19 19:33:21,2017-10-25 00:00:00
9322826079b5b7b78e112e63cb587022,33d6f0d10a699550c63aad5df44372b2,delivered,2017-04-30 19:42:41,2017-04-30 19:55:08,2017-05-05 15:22:37,2017-05-10 12:59:59,2017-05-25 00:00:00
99bfc47dfc3eb2c2c11dc296ce126074,f1118c255591c7de6ef583350d10781a,delivered,2018-04-23 18:45:00,2018-04-24 19:05:10,2018-04-25 01:50:29,2018-04-27 19:31:53,2018-05-16 00:00:00
d04405124d1f94b23ab269ee4ca24058,836412a7480f992a78eac1f218ed9846,delivered,2017-10-24 22:25:24,2017-10-26 02:57:14,2017-10-26 19:59:50,2017-10-27 16:12:59,2017-11-17 00:00:00
64bd3c2db3673ba37030ccfcbfce8fe3,ab0d603f0c96d5bc3f292d200df9809e,delivered,2018-08-06 09:14:00,2018-08-08 03:15:14,2018-08-15 05:41:00,2018-08-16 19:16:55,2018-08-14 00:00:00
49e16a61a02330e3982bcb6c57f39377,97f6911fe2581d25cb4d274e436bf266,delivered,2018-06-19 10:21:41,2018-06-19 22:55:39,2018-06-22 14:59:00,2018-06-29 17:28:02,2018-07-20 00:00:00
ff74b64335bd668e3eeea5343cd65f74,5c5f995da84552ce94049b5b1600d037,delivered,2017-07-24 14:12:21,2017-07-25 14:05:26,2017-07-26 14:28:35,2017-08-02 20:04:48,2017-08-17 00:00:00
af74613502131dd6a43380df619a57ab,857989fed7e83a38033173b9852ca39c,delivered,2017-06-11 18:18:07,2017-06-11 18:35:12,2017-06-14 15:03:35,2017-06-28 15:05:07,2017-07-17 00:00:00
15044169648e6a6e9b1ffe21405b6391,a95086c7c98e7174f3dadd46b7be7b3e,delivered,2017-11-29 18:05:20,2017-12-01 11:31:55,2017-12-26 17:18:08,2017-12-28 21:18:09,2017-12-26 00:00:00
311155a0f4009bd8e4936e0ce45324ae,421d65b7d24e669c0d728b6ad9c0742c,delivered,2017-11-20 18:11:05,2017-11-21 03:46:21,2017-11-21 20:30:01,2017-11-29 15:19:07,2017-12-07 00:00:00
f367411734b07bc2652c4d87e14684c1,3fb4d17e4a2870060d6becf7e248504e,delivered,2018-04-29 21:12:52,2018-04-29 21:35:27,2018-04-30 10:03:00,2018-05-10 22:22:17,2018-05-18 00:00:00
20fb64e954a7483cb8795242e1ead5ce,7229e52ccc0d3ebe188a62df35123f7a,delivered,2018-07-13 14:12:16,2018-07-14 03:04:15,2018-07-16 13:23:00,2018-07-24 19:48:30,2018-08-06 00:00:00
4413e915d30cf9e317b0c016f76cdcbc,52f7baf30ea546558b3216fdd25b36c8,delivered,2017-05-11 13:22:02,2017-05-12 02:45:22,2017-05-20 09:15:01,2017-05-24 17:24:50,2017-06-07 00:00:00
f40c9a0dfd3542502b65ecac2fcbe501,cc354f07961872d40c151b570ba09e52,delivered,2017-08-15 17:17:53,2017-08-15 18:50:11,2017-08-16 17:25:35,2017-08-22 19:53:02,2017-09-06 00:00:00
db7f637a76e327e531bc84d186cc4f6a,ac334569be5669338a82dbf924288282,delivered,2018-05-03 08:52:41,2018-05-04 08:52:16,2018-05-07 12:47:00,2018-05-29 22:16:35,2018-06-04 00:00:00
66a4fa2d40fed98c34ced62496fdb1e7,b8fc2edd015cea8b8cd1f308c30541fd,delivered,2018-07-29 15:22:47,2018-07-30 18:31:09,2018-07-31 14:52:00,2018-08-01 19:08:51,2018-08-02 00:00:00
2c9b1f7bef0f4fd1ff94ce18f9ddc0bc,df7430050b2e4f6ea2a199eb90bc4d7b,delivered,2018-01-16 17:40:20,2018-01-16 17:50:40,2018-01-17 20:22:04,2018-01-30 19:31:49,2018-02-15 00:00:00
a9b67aa415d798b812b40a140b942486,e25778ef22bc9a95b7b57e0d133ba1af,delivered,2017-11-24 20:40:45,2017-11-24 23:33:58,2017-11-28 20:11:00,2017-12-11 19:42:04,2017-12-20 00:00:00
6706f390222e7bc202b12f387ecd6e29,ad5867d5cd9e1efda226a9b6fba182ae,delivered,2017-02-07 13:59:49,2017-02-09 02:50:11,2017-02-10 14:17:49,2017-03-01 09:03:41,2017-03-08 00:00:00
034e23cd76658cb8d602b1f1e42be7e6,8d8b6ea6bb05c408ebafbe40f2e14021,delivered,2017-11-13 22:24:25,2017-11-13 22:35:27,2017-11-14 14:21:37,2017-11-20 23:48:25,2017-12-01 00:00:00
a6f21373862ef61c2aba41794c9caf3b,814b41afcb94cb533af057e10587da20,delivered,2018-03-06 13:46:25,2018-03-06 13:55:46,2018-03-07 20:16:33,2018-03-09 21:48:45,2018-03-16 00:00:00
5420abaef4ca382f6916df704a0d54b0,3395c163e2393e3650afccb071973039,delivered,2017-10-02 08:14:29,2017-10-02 08:28:16,2017-10-02 16:52:50,2017-10-06 18:38:58,2017-10-25 00:00:00
c1b6a4848079f0c2f936c9535c73fb05,2b41d57ae795717911bbde0cc76ceb49,delivered,2018-05-08 09:57:57,2018-05-08 10:16:01,2018-05-09 15:49:00,2018-05-12 14:56:44,2018-05-29 00:00:00
1c6df404972aaa1832eabdde60936615,950314649912e547fbad1fe46f7ca854,delivered,2018-02-19 18:24:40,2018-02-19 18:35:35,2018-02-21 18:23:20,2018-02-27 18:27:49,2018-03-12 00:00:00
c6d222a38df267553737a56da260cca3,236164dd0ff42848fca581b887c1f6c9,delivered,2017-11-29 17:43:52,2017-11-29 18:30:55,2017-11-30 16:09:14,2017-12-14 17:03:06,2017-12-26 00:00:00
a33a09b1320a130c61d1d5d9b8aec5ee,3e05c1ad118dc0a4304a93b6b6012d5c,delivered,2018-07-06 19:08:05,2018-07-07 19:05:47,2018-07-10 15:54:00,2018-07-16 12:24:44,2018-08-08 00:00:00
55d5398213ed7a57e6841a7f436872fd,6a3f54e68ac3455c4522cfed7fc7ed3c,delivered,2017-09-05 22:06:34,2017-09-05 22:15:25,2017-09-06 20:52:38,2017-09-11 23:02:44,2017-09-18 00:00:00
1b2eb899988cdcc0c604910e20a76c5f,f1ac767c61a06ae554888bf690ef0b94,delivered,2018-05-24 22:54:31,2018-05-26 02:32:38,2018-05-30 12:47:00,2018-06-06 18:49:50,2018-06-21 00:00:00
10ee8dae1859d2e91a79ad35006d3412,614e7c22686bf602b90de7e9e8cbf47a,delivered,2018-08-07 20:06:47,2018-08-08 03:25:18,2018-08-08 10:14:00,2018-08-23 20:45:47,2018-08-29 00:00:00
7cb79316d2abe37e16ec83a07afb2895,f5025a3893cbcdd251b06c0b3f7451da,delivered,2018-03-22 18:08:10,2018-03-22 18:15:31,2018-03-23 18:57:24,2018-05-01 18:41:32,2018-04-13 00:00:00
9ad9270de3bd98ce09213f047dc7a16d,fe12c203c95f0465d6ede6d584c40b81,delivered,2018-04-27 22:15:18,2018-04-28 15:55:14,2018-05-02 16:03:00,2018-05-24 19:38:49,2018-06-01 00:00:00
8797dc96576f93204dc46d189f4a724b,1ed42bb6bf6c4a6dc85a7d2a48f209d4,delivered,2017-11-07 18:48:14,2017-11-07 18:55:33,2017-11-08 22:57:23,2017-11-20 18:18:52,2017-12-08 00:00:00
1a46a062d5afa2f9d05faea29d609077,7d9c2f005a0f791c3d68f0051eb5b8cb,invoiced,2018-05-12 15:48:03,2018-05-12 16:11:16,,,2018-06-07 00:00:00
7e50d85d90ed82feaf9011470ce9e36e,42247da546edf5752cf0a3259d18df38,delivered,2018-06-08 23:20:40,2018-06-11 08:58:15,2018-06-13 13:52:00,2018-06-22 19:58:31,2018-07-16 00:00:00
09026ebcef956ddfbc9af4af7c46d377,7623a517e40b45628d3c89bbce2eb1f4,delivered,2017-09-19 14:01:19,2017-09-19 14:10:50,2017-09-21 15:32:26,2017-10-04 22:55:46,2017-10-10 00:00:00
b544e719948795192f13772cc29b6316,6e6d7fac9ad57830d6627be51ad3b1c9,delivered,2017-11-15 17:43:48,2017-11-15 17:55:34,2017-11-16 20:56:48,2017-11-23 14:39:05,2017-12-05 00:00:00
d51e56e6a1d66d3b91bf2334a386cd69,4e9f7c472ba693814a2f590db355c0c6,delivered,2018-08-12 21:03:49,2018-08-12 21:15:14,2018-08-23 15:41:00,2018-08-27 13:37:51,2018-09-04 00:00:00
83ef337ab9aec7423050b7ecd0260399,f27aac76508cce8fbeb35feef10de23a,delivered,2018-07-01 13:44:51,2018-07-05 16:05:44,2018-07-10 15:27:00,2018-07-13 20:38:45,2018-07-25 00:00:00
5ef13293f44c9ba1b12e98237a956679,3c1b792ee531dc8feec4424412320fc2,delivered,2017-12-02 21:37:24,2017-12-02 22:05:06,2017-12-07 15:29:04,2017-12-11 22:14:00,2017-12-29 00:00:00
4881a6238632d9b0ffa3d48763aa2b7d,bac16e90b915fdd3cb0a5371bb122bd0,delivered,2017-11-29 15:15:58,2017-11-29 15:42:51,2017-11-30 20:18:50,2017-12-03 20:03:39,2017-12-19 00:00:00
a4575978f0926901f0b481061a24d73e,7912eb3afaedbf090b4dcf04d7457ff1,delivered,2017-09-03 11:49:16,2017-09-03 12:04:00,2017-09-05 21:42:37,2017-09-11 21:36:41,2017-09-26 00:00:00
e9977cc6d0f97447ef0f4fcc2e082fc8,9434d806ad79343f0380e4c9d87453bb,delivered,2017-02-07 10:26:05,2017-02-07 10:43:31,2017-02-15 14:21:10,2017-02-21 14:47:32,2017-03-06 00:00:00
4189bed5bcc86231422a2c652cbd66c8,385c7a465ae01748577b050c89106a04,delivered,2018-01-05 16:46:56,2018-01-09 07:17:02,2018-01-10 19:36:08,2018-01-12 22:07:50,2018-01-24 00:00:00
56de0edb4db33436ad3f4548267afdb7,f10dc4a09d9baf2cb4983ac1d580776a,shipped,2017-05-11 18:25:16,2017-05-11 18:35:09,2017-05-12 11:37:17,,2017-05-29 00:00:00
9349a2d01c73ceff09422b184cf0ec61,becd99e96b08ae2bca207c431703956f,delivered,2017-04-20 23:09:14,2017-04-20 23:22:00,2017-04-25 10:49:15,2017-05-02 17:56:36,2017-05-19 00:00:00
5bcdec60d84d4495d0d90b64a3e81804,6c65bbfd7a67ebafd5b8b3b931c75012,unavailable,2017-12-05 15:25:11,2017-12-06 12:30:39,,,2017-12-28 00:00:00
f6eb2f9a7f09d846ead6c089f9ffeab7,4e340f33bd4f7924a8e55db96ae4f96f,delivered,2017-09-13 12:03:26,2017-09-14 02:50:42,2017-09-18 19:31:43,2017-09-27 21:53:34,2017-09-29 00:00:00
6aeec0cf09e8cd90c75cdd0ece396867,84106b0fd15d17c59d5bd961521b443a,delivered,2017-10-08 22:49:59,2017-10-08 23:13:58,2017-10-16 21:14:55,2017-10-24 16:47:57,2017-11-01 00:00:00
de2fdea1c50dee1cb14d3e71927bf498,cef4fc64d5939bc3f04e00494f2eedcd,delivered,2018-06-15 19:11:28,2018-06-19 04:16:38,2018-06-22 15:44:00,2018-06-28 11:14:52,2018-07-12 00:00:00
e6a66a8350bb88497954d37688ab123e,8db09297f613aa7c953b997e92b750db,delivered,2017-04-03 18:59:59,2017-04-03 19:15:11,2017-04-05 17:09:22,2017-04-10 11:12:46,2017-04-25 00:00:00
a70705507f1747c0201350acad9d1408,fdf40effea31c11e4955889228003faa,processing,2017-12-15 09:16:12,2017-12-15 09:24:30,,,2018-01-04 00:00:00
c87eec6cce9feaa006f84b7154c745cd,a444ac8a7f4353e5218cc4b2040775a8,delivered,2017-11-23 21:52:19,2017-11-23 22:18:27,2017-11-30 21:33:15,2017-12-02 02:36:34,2017-12-07 00:00:00
760179e92a03be906bbbdabdf9c01273,3dd45f907251d466ae96d3cc124b6bbc,delivered,2018-02-26 09:25:57,2018-02-26 10:10:11,2018-02-27 13:04:20,2018-02-28 13:14:29,2018-03-12 00:00:00
ae32ac8eb468647f01858d133a4d4841,e3a36ca914b7c378178482853898137d,delivered,2017-12-16 17:22:15,2017-12-16 17:34:28,2017-12-19 21:25:05,2017-12-21 16:38:58,2018-01-05 00:00:00
ddbf66b94fb46c0d9e1eef69973da063,0f68974f7afb781c6ecc21db0db6cbc8,delivered,2018-08-14 21:34:34,2018-08-15 21:25:14,2018-08-16 13:49:00,2018-08-27 19:15:54,2018-08-30 00:00:00
ef1cba939b3e4639c534c42c2617fa9c,111c5f3477e53f51efb1d524e8cb7f20,delivered,2017-02-04 15:51:22,2017-02-04 16:05:12,2017-02-07 15:21:16,2017-02-13 08:14:12,2017-03-01 00:00:00
a738fd689fbc3c0cb1534bd4c0f9db9f,ea62921f15d73a2152d8f37d09c8c1be,delivered,2017-11-16 00:26:50,2017-11-16 00:50:33,2017-11-17 17:22:01,2017-11-23 12:30:00,2017-12-05 00:00:00
6017d921a03cc5fa25cae72a855914b5,86981014662021d3d35d895bc8dda7c0,delivered,2018-06-14 07:58:05,2018-06-14 08:16:18,2018-06-14 13:35:00,2018-06-21 19:44:33,2018-07-16 00:00:00
7068aef0fc98a8ad539101be36ca41cd,58dfdab06b8627a7ae9dba05c3db2738,delivered,2018-01-08 11:55:51,2018-01-09 07:26:18,2018-01-10 12:30:05,2018-01-22 16:41:27,2018-02-06 00:00:00
7769fd866a4a22e50c08f6dcdeb462b7,c33114c421c66c3e2c993bfd3abe17cb,delivered,2017-08-16 22:05:39,2017-08-17 00:05:41,2017-08-23 15:58:00,2017-08-25 20:14:35,2017-09-05 00:00:00
4efe78f6ef58eecff2dee027fca3a31f,07eaf59cf37435b71d43ff7153438708,delivered,2017-03-22 09:32:13,2017-03-22 09:32:13,2017-03-23 11:14:17,2017-03-29 12:11:02,2017-04-26 00:00:00
4eb514337231826065b55177f5f9e267,043af03b39a6275a432ae36c96928a74,delivered,2017-12-05 16:47:25,2017-12-05 16:58:22,2017-12-11 12:32:29,2017-12-18 16:38:43,2017-12-29 00:00:00
d33c032d00c773cc76eb9a20732ed4bb,9b27e89e2756f6f1cf8ef6a847c2b49c,delivered,2017-06-27 11:15:39,2017-06-27 12:03:59,2017-06-29 14:37:46,2017-07-18 22:19:32,2017-07-31 00:00:00
6df657a95f9bdff5c5c8552e4823d469,3af6b940fdfdee9a59c09e7a78aac4eb,delivered,2017-07-06 21:56:59,2017-07-06 22:05:29,2017-07-20 19:48:44,2017-08-04 23:24:18,2017-08-16 00:00:00
667d3f09efc825c4155dbbc820f01666,9d5391410feb280def84a27423d53148,delivered,2017-07-11 21:15:04,2017-07-11 21:50:17,2017-07-12 13:52:43,2017-07-18 20:22:11,2017-08-04 00:00:00
753356c741c466246c76d087610811e9,08f9f3269295904dd53afc2dbf26f202,delivered,2018-02-14 12:50:18,2018-02-14 13:07:26,2018-02-15 16:42:00,2018-02-28 22:09:00,2018-03-06 00:00:00
7bef8f86bcf95a926af423df1bb535c4,efcc714754000a32cf586adddc9fcbe7,delivered,2017-10-11 16:40:26,2017-10-11 16:56:49,2017-10-17 23:45:04,2017-10-20 19:02:34,2017-10-30 00:00:00
fc6a74f2fe46e7d94471556385398a1d,e6394a417ff7bbaa2578dd8043491b5e,delivered,2018-07-23 19:41:48,2018-07-25 02:55:24,2018-07-25 13:44:00,2018-07-26 18:22:35,2018-08-02 00:00:00
8a5b38ec15fb5bb88a060a17587a2590,089525d394be31397b994bcf92c6b31a,delivered,2017-11-17 19:49:26,2017-11-17 21:15:44,2017-11-21 15:58:40,2017-11-22 21:59:04,2017-11-30 00:00:00
33632083b7cada8ccfafd21c1a324a46,ec65a85f4c557054399874fb69983469,delivered,2018-01-18 16:21:27,2018-01-18 16:42:25,2018-01-19 23:07:16,2018-01-25 18:51:32,2018-02-14 00:00:00
071f0c6c7702218addddcbef0d46f76a,8bf2f12b614d32de2cb7ac7e1cc2602a,delivered,2018-05-22 22:17:10,2018-05-22 22:38:01,2018-05-25 14:06:00,2018-06-08 19:12:43,2018-06-12 00:00:00
58b13fbfad409587249249f2fcf879e4,1bab4d51a6fdda66f1abdbfcc1c907ae,delivered,2017-08-12 17:44:22,2017-08-13 06:43:50,2017-08-16 20:04:58,2017-09-06 22:59:38,2017-09-14 00:00:00
1839b1db32d5ea90a7fc3ca19bdd16ad,0026d252429f669d454d726e5e956aa1,shipped,2017-11-09 16:08:41,2017-11-10 20:50:37,2017-11-16 15:18:31,,2017-11-29 00:00:00
32171e467d31a017b609c0cb44441ee3,4335747056d15e3adee5aea2c8c411ac,delivered,2017-11-24 23:28:26,2017-11-25 02:18:41,2017-11-28 10:54:24,2017-12-06 19:47:14,2017-12-19 00:00:00
97ef2707f46b7d685e1da2b0c67be7fd,a7569195a2701fd7c2586bb39855966a,delivered,2017-10-10 13:59:48,2017-10-10 14:14:14,2017-10-30 19:34:03,2017-11-01 15:27:21,2017-10-27 00:00:00
fba96485cb359053087bb66dc9b5d6f2,2909df1003b1aa5d3a49acb20a776531,delivered,2018-08-02 18:52:55,2018-08-02 19:05:20,2018-08-03 10:03:00,2018-08-09 16:06:41,2018-08-23 00:00:00
a67e0ff4ee0edd2ef3973d90080cb0dc,39ee77e2aa7297977cbd1cbc12c912b1,delivered,2018-04-19 08:57:33,2018-04-19 09:09:28,2018-04-19 18:51:02,2018-04-25 01:06:41,2018-05-29 00:00:00
70b14d661add0cbde2c7f5288e5c531b,860ff122a98773fc264f13c61c22564f,delivered,2018-08-16 10:22:14,2018-08-16 10:35:13,2018-08-16 14:02:00,2018-08-21 22:26:39,2018-08-30 00:00:00
7ebb465e553544cd857833f5421c456b,8491928e247c258dc396efde00f2b6ed,delivered,2018-03-16 18:26:02,2018-03-17 02:50:44,2018-03-21 00:48:52,2018-03-29 19:36:50,2018-04-04 00:00:00
0cefa8913dd1e629ba0ab5da5ae6bdf8,0f5c8f3aaa4da4fe842ed055aa9fb606,delivered,2018-01-05 09:54:23,2018-01-06 02:08:23,2018-01-08 17:42:46,2018-01-20 12:59:27,2018-02-05 00:00:00
044c27c9fb6d9b51bba0efa1fd726c97,0b06b92f20cf1c739acdceb0e6f6d937,delivered,2018-04-05 15:25:53,2018-04-05 15:49:23,2018-04-07 01:22:12,2018-04-10 17:51:07,2018-04-25 00:00:00
0828ce181ff4d87d201f07043986d0d2,2d09dfc044031584fc09a6c003c06953,delivered,2018-07-15 15:09:05,2018-07-15 15:23:59,2018-07-16 16:31:00,2018-07-24 23:28:24,2018-08-06 00:00:00
f8f7fb9bc13c0bbfaf2eb09493de90d6,c715d45b17b262a858a5ae4c8777b2cf,delivered,2018-04-28 00:37:31,2018-04-28 00:52:03,2018-05-03 14:19:00,2018-06-11 17:51:39,2018-05-18 00:00:00
b9fdbff1d403555f4d184966b1ac398e,aaeab2e85bf09f0054194d80783a4cbc,delivered,2018-07-31 09:25:39,2018-07-31 10:00:10,2018-08-06 14:22:00,2018-08-07 18:55:09,2018-08-15 00:00:00
960ebed19a1d45c40c1ab0ed4dc03ebc,2eeba831771fb92a3076f148c090cc28,delivered,2017-02-07 17:18:57,2017-02-07 17:30:11,2017-02-10 14:42:51,2017-02-14 09:42:04,2017-03-16 00:00:00
44815cc7c0caea31d6002373f52bec23,4b5ea9d1e61ab5eba117fd91eb7862b9,delivered,2017-09-15 14:44:26,2017-09-16 10:08:13,2017-09-19 15:13:56,2017-10-04 21:11:04,2017-10-17 00:00:00
eb808f17e12419314395e5309b23258b,f797b305ff4fc7689400509ea249468a,delivered,2017-11-23 09:30:42,2017-11-24 03:10:53,2017-11-24 18:38:45,2017-12-01 17:13:45,2017-12-22 00:00:00
2475c5c954f98701b93b7ceb0f5bb669,0ab1722e3f8953ef04ed2b8db98bd0a9,delivered,2017-07-11 23:00:54,2017-07-12 13:50:12,2017-07-18 11:59:48,2017-07-25 22:58:01,2017-08-10 00:00:00
6439653c88076433f580f0ea995949ba,9d535cfb9c9d4e2d7d8670551ff202db,delivered,2018-07-05 07:31:20,2018-07-06 02:51:02,2018-07-06 09:45:00,2018-07-12 20:47:27,2018-07-26 00:00:00
ec94c4dc21bffad96b72b0e9fe8cd453,cf0258b51bd81324ef3cdc82b110a15f,delivered,2018-03-27 08:29:45,2018-03-29 03:29:04,2018-03-29 17:27:39,2018-04-13 20:43:35,2018-04-16 00:00:00
0c5ba56a140a9fea3b9815c2a191c47b,ad19729359871232cb5b33a9fabc1793,delivered,2018-04-05 14:42:16,2018-04-05 14:55:12,2018-04-07 00:22:28,2018-04-09 15:47:24,2018-04-20 00:00:00
7a490afdd127d5a584b98fd097425124,463b9fa96de25d1686165e7680f64cb7,delivered,2017-06-09 22:59:40,2017-06-09 23:22:38,2017-06-13 09:19:00,2017-06-19 19:25:00,2017-07-04 00:00:00
6bb75b523d42e4354aa183cdfe82bf43,5015c34573f1333993043de24f477b9b,delivered,2018-02-04 17:52:21,2018-02-04 18:10:01,2018-02-05 18:45:01,2018-02-14 19:47:46,2018-03-08 00:00:00
fba65f440e70a49fc76b781c48ca3e62,59877a6f1e3fcf62456198ec8659be56,delivered,2018-02-20 13:39:03,2018-02-21 06:25:11,2018-03-06 16:09:19,2018-03-15 22:26:53,2018-03-19 00:00:00
f9d9c91f3bc0804469f897454dcf2a78,299d84d9cf972bb72487b9e76f02eee3,delivered,2017-06-06 17:45:39,2017-06-06 17:55:21,2017-06-08 09:55:41,2017-06-16 15:26:30,2017-07-03 00:00:00
2b6e532558903184200ab657802e5ae6,1189440e2928a16f63c04df90266e8b8,delivered,2017-12-06 17:16:11,2017-12-08 14:33:54,2017-12-13 17:09:19,2017-12-19 17:22:39,2018-01-11 00:00:00
c92ad65cfc1951e1be667976a90d49ea,47a2bef87106c23f53ffa48f65c2c8f4,delivered,2018-04-05 11:23:16,2018-04-05 11:35:28,2018-04-07 01:42:32,2018-04-10 19:48:27,2018-04-27 00:00:00
88c33b2b9b484cba6a371fb39f8b2882,11554b1aa0d4cd1bae90ea1663b0fa85,delivered,2017-09-25 09:25:42,2017-09-26 09:28:20,2017-09-27 19:55:10,2017-10-17 17:33:12,2017-10-23 00:00:00
3dc986f74090ecea9081dc01fc03ddb3,4979ba0e6037e4b28ad9059d4f070001,delivered,2018-04-27 11:44:16,2018-04-27 11:55:14,2018-04-30 06:20:00,2018-05-09 18:30:49,2018-05-28 00:00:00
230c3aecc2d5f855e6dd4ce8a98ecf13,e6bedd7f7d309f51d01757db6368996f,delivered,2017-07-27 15:38:00,2017-07-27 15:51:05,2017-07-27 21:15:02,2017-07-31 18:51:57,2017-08-17 00:00:00
64c546d3105803846cfcca109d5bef43,e05d4dfb2b9d1274c58369a775fbda1f,delivered,2017-09-01 11:31:50,2017-09-01 11:45:37,2017-09-05 11:50:12,2017-09-08 20:06:45,2017-09-20 00:00:00
1c4e52b03bd97ecc8800eaf8c6046cb9,8f779615054237172976338200b04885,delivered,2018-04-17 08:48:50,2018-04-17 09:10:12,2018-04-18 15:53:31,2018-05-02 23:02:35,2018-05-11 00:00:00
dfa69728337ee9afc8d8cc1da313375a,49a09c48e19fb5d1c5b7e81040d1f3be,delivered,2017-12-07 16:22:44,2017-12-07 17:10:47,2017-12-09 00:07:00,2017-12-12 15:12:42,2017-12-28 00:00:00
d14e8fee9754d152513407e36b229575,f79477e895bca99203a23f8026931878,delivered,2017-02-16 11:31:51,2017-02-16 15:55:07,2017-02-17 10:27:00,2017-02-22 11:43:57,2017-03-15 00:00:00
6112465ce26bd647dea31c662d04cbde,a053b95d32607c31f7a02ddc583b7e49,delivered,2018-03-03 12:04:13,2018-03-03 12:15:42,2018-03-05 19:42:45,2018-03-09 01:49:21,2018-03-22 00:00:00
c2d1eb7bbca1e89e1ad0b87e339900ae,8ef3bbc492fed286ba2a1afbc56c008a,delivered,2018-07-06 10:07:51,2018-07-06 10:31:59,2018-07-24 14:43:00,2018-07-27 12:12:45,2018-08-23 00:00:00
4ee9f75e09a75657760a8f88ee1da3a1,0659855f18f793eb3f890c7c1233ebd8,delivered,2018-06-19 20:11:06,2018-06-19 20:38:29,2018-06-20 13:43:00,2018-06-22 13:22:48,2018-07-16 00:00:00
65b8cbd6d0ad97befea844cc40817ccb,220a1f1adf2be499250db06cd27d0a1e,delivered,2017-05-10 16:48:50,2017-05-10 17:02:49,2017-05-16 08:54:14,2017-05-22 20:26:17,2017-06-02 00:00:00
033b0e94801f401cd19503fec4b784d6,92e31a98ed57084b5b8d4a0457b12fa1,delivered,2017-09-27 21:49:59,2017-09-27 22:07:09,2017-10-04 18:09:08,2017-10-23 12:27:46,2017-10-31 00:00:00
ad430bc59db52b1f7522b6f19e669bc6,eed07583336a218b34ffa4773126a86b,canceled,2017-03-05 19:39:34,2017-03-05 19:50:09,,,2017-03-27 00:00:00
dbed8287895d2b87a0e3ae54e1860dbc,a934cd48fb6e90dd20b8179679223cea,delivered,2018-02-03 16:53:40,2018-02-03 17:10:52,2018-02-05 14:38:50,2018-02-15 23:26:37,2018-03-01 00:00:00
393e01721bf0c84196ccd4b423b53798,75f17f6f2c43a63ba8fc901bb00ba301,delivered,2018-07-26 19:00:25,2018-07-27 18:55:15,2018-07-31 15:03:00,2018-08-16 11:53:34,2018-08-20 00:00:00
d1a26dc0c31e929049044b86a868c08e,dacffceb81b6e8ccdc3c7f25a8c20cea,delivered,2018-02-14 13:26:11,2018-02-14 13:47:32,2018-02-15 23:09:24,2018-02-26 18:28:50,2018-03-06 00:00:00
89cfcb71856f9da1d6657a249ad239b2,1998daeb5df39bd96a9bb8a93c6e53c2,delivered,2018-08-17 19:16:00,2018-08-17 19:30:24,2018-08-20 14:24:00,2018-08-23 23:32:57,2018-08-27 00:00:00
dcbeca15561110ba65183082829941c9,a8a62f8d8e457bf2668ea328f0988de7,delivered,2018-01-26 20:00:20,2018-01-26 20:13:27,2018-01-30 14:57:16,2018-02-07 18:29:11,2018-02-21 00:00:00
2f9d791088532b218b41f892cc16073b,937bb74713a47912471275b234236764,delivered,2017-01-05 13:48:48,2017-01-07 03:35:21,2017-01-11 16:08:53,2017-01-17 16:57:46,2017-02-13 00:00:00
2d687102eef8e4949a9d2af49e8fa946,4abe7a7bad7763ee9e811d76260afcb0,delivered,2017-11-22 18:55:27,2017-11-24 18:51:44,2017-11-27 22:26:56,2017-12-18 22:53:16,2017-12-14 00:00:00
1dfbad39bdbdc81e1419b9e1972cff46,3050472410c271b388c03236d0bc6e75,delivered,2018-07-14 16:09:40,2018-07-14 16:23:56,2018-07-17 14:16:00,2018-07-24 14:56:50,2018-08-17 00:00:00
507bbf4a13d67d349b2d59fa652271bb,0489234793dcb6cb0dee7336d7d263d5,delivered,2017-04-16 16:59:40,2017-04-16 17:15:08,2017-04-20 08:42:22,2017-05-02 13:39:49,2017-05-08 00:00:00
60e26f1626a2bb07be0ab756309e5d76,273cb8ba22531ac5df93abfca72b9e91,delivered,2018-03-20 23:00:24,2018-03-20 23:10:29,2018-03-22 21:24:54,2018-04-13 18:05:06,2018-04-17 00:00:00
6dedf40fe422e8f0ae38641d2ed11f22,3df8e3229e923e35a2216ec28ced8def,delivered,2018-03-05 18:15:23,2018-03-05 18:30:59,2018-03-12 23:02:45,2018-04-20 14:34:48,2018-03-23 00:00:00
8f4ffb225a704e25511f490b651b6f2e,3966d538af8357574982ae2285464498,delivered,2018-04-04 15:45:06,2018-04-04 16:10:56,2018-04-07 01:05:01,2018-04-10 16:38:42,2018-05-07 00:00:00
e9d9bbc83efa26a046a8ce46ed30fd9b,93e8542f8b72525ae5209d9b2b4b5c45,delivered,2017-07-03 21:12:04,2017-07-03 21:25:31,2017-07-05 17:54:42,2017-07-15 12:37:57,2017-07-27 00:00:00
5b44c6f9e0661260464c004450816622,e4da40842c77acf1d600712d8ddff94e,delivered,2017-09-20 09:41:55,2017-09-22 04:10:52,2017-09-22 15:32:53,2017-10-02 20:33:11,2017-10-26 00:00:00
7af48c3262020f1e61fed763bbe80920,3fceae1db8d9a8ea20c73ebb3348932e,delivered,2018-02-05 16:30:40,2018-02-05 16:52:05,2018-02-07 23:37:12,2018-03-10 12:28:25,2018-03-16 00:00:00
a916ef54d66196808d8852471ef39edf,c3e03d1569832dcb3cdfa2ea53369220,delivered,2018-01-24 12:29:19,2018-01-25 02:57:47,2018-01-26 22:38:51,2018-01-31 22:35:41,2018-02-16 00:00:00
313b294ba33545e1fb850f2ca29a9c3a,500046bb995c187cdc717c98ea8f82a8,delivered,2017-09-08 17:37:09,2017-09-09 05:23:58,2017-09-11 20:42:58,2017-09-15 20:36:55,2017-09-27 00:00:00
93497823840bdd3e28dd14bc07a3c654,22be7bb6addc0126170bce627ac69f56,delivered,2018-06-04 15:14:05,2018-06-04 15:31:30,2018-06-05 12:15:00,2018-06-13 01:38:43,2018-07-12 00:00:00
94205d5566885abf3cb4da408bdb1ae9,985b5459eea14ff861542abf5f843f19,delivered,2018-07-14 08:11:55,2018-07-14 08:25:10,2018-07-16 14:51:00,2018-07-26 18:34:40,2018-08-03 00:00:00
522cbbbed021f59b773323ed5039ceee,895bbb0f6027aa8b3a841fdb10711dce,delivered,2017-05-31 01:17:48,2017-05-31 01:30:17,2017-05-31 15:38:15,2017-06-14 18:24:55,2017-06-27 00:00:00
ab39f24d0e515ab82f849a72b61597d3,b3f11282669b6cbde664be531d06a46f,delivered,2017-10-16 18:00:07,2017-10-16 18:23:58,2017-10-18 18:27:54,2017-10-19 19:05:37,2017-10-31 00:00:00
6bff2212deea719e5035c70aada2a045,f32ec7decf259ca6b5020bbf07f4bc8c,delivered,2017-05-28 21:33:38,2017-05-30 05:05:19,2017-06-01 14:09:34,2017-06-02 15:06:56,2017-06-09 00:00:00
cfcd1b446010715bb44c1babfe225e6e,a94ee852869d015626bae46e38e459ec,delivered,2017-03-16 07:07:43,2017-03-16 07:07:43,2017-03-16 10:34:30,2017-04-11 06:32:26,2017-04-18 00:00:00
05bef443b850685058070c9e781988e8,4ff3f3945300d8e040f2906998401e92,delivered,2018-05-30 16:33:11,2018-06-01 10:52:26,2018-06-01 13:54:00,2018-06-26 19:03:40,2018-07-05 00:00:00
b07914d5df46f9add3a5c708315da507,27001c4612819736a6967d93c88a1c32,delivered,2017-10-29 17:27:58,2017-10-29 17:35:42,2017-11-06 19:41:32,2017-11-14 17:45:09,2017-11-23 00:00:00
0ee10b39b0acad1a8348fe15514a1115,d8c177c235dc5faf09ddd22909bea731,delivered,2017-05-10 19:40:39,2017-05-10 19:50:15,2017-05-12 18:26:05,2017-05-23 13:42:15,2017-06-05 00:00:00
7175aabb77705c82c70d16055bd2a380,8b4538e5765d3fbbaa1dbff97d2f9ef5,delivered,2017-12-14 11:53:21,2017-12-14 12:10:57,2017-12-15 04:09:29,2017-12-19 22:07:14,2018-01-03 00:00:00
d4863946c55e209d189f5ee4e420bc9c,88ddedb9f546eb4ac5ab7e2ceceb8cfb,delivered,2018-05-04 10:03:05,2018-05-04 10:15:19,2018-05-07 12:47:00,2018-05-15 23:26:35,2018-06-01 00:00:00
f5234dc943e266dc8922b4870dc9d491,42f75f85ea5abce880a33720e1334d02,delivered,2018-07-02 09:29:17,2018-07-05 16:15:52,2018-07-03 16:52:00,2018-07-04 14:57:44,2018-07-16 00:00:00
26c71804bc6af868d57e6a409f219bfe,cf5b89fd10a74e325c93aa41bed3bd57,delivered,2018-01-03 13:39:43,2018-01-04 05:11:46,2018-01-05 22:43:00,2018-01-10 17:06:58,2018-01-19 00:00:00
406a5ab51424aef9f3674c18a3060945,be3909804136bf8c69d6f1349168c90e,delivered,2017-06-24 14:17:59,2017-06-24 14:25:17,2017-06-26 16:28:07,2017-06-30 16:44:52,2017-07-31 00:00:00
cabbda9faa21b3ae37ff649c0fec4f55,42ca0dd963baa088426c4dbdbac8b232,delivered,2018-05-09 21:36:13,2018-05-11 03:11:22,2018-05-12 08:02:00,2018-05-23 17:12:24,2018-05-30 00:00:00
f93c490f3040a2c005e2f21d86559dc7,15d1ff96168e59165bb5ccf454b44b85,delivered,2018-04-26 20:15:35,2018-04-26 20:31:52,2018-04-27 14:19:00,2018-05-17 13:20:59,2018-05-24 00:00:00
10aa1337b3cf0ca3578cc9dee7abd1a1,4572ea73ca62919fcd086a04ddd22f1a,delivered,2018-02-13 21:34:20,2018-02-14 21:30:31,2018-02-15 19:36:24,2018-02-26 16:25:50,2018-03-15 00:00:00
32db4da13d5f0ad10781de19e0973e88,a087f4c8f28a68fda9ee625b34e41b7b,delivered,2017-05-15 11:03:40,2017-05-15 11:15:17,2017-05-17 06:54:57,2017-05-20 08:44:37,2017-05-31 00:00:00
9ede3a76d22fdfce4d6be1e75ab3e1a5,c7e36e97f12db1f22a857dd5d6e50215,delivered,2017-06-10 13:07:05,2017-06-10 13:15:16,2017-06-12 15:00:43,2017-06-19 18:36:49,2017-07-07 00:00:00
5b8b540b5934e4af4790f609af380cf8,a592389ac0ee2443820c52e83b3b43d4,delivered,2018-02-21 12:48:27,2018-02-22 12:48:38,2018-02-24 01:16:54,2018-03-23 16:21:42,2018-03-20 00:00:00
29987cf19684b333665b685a76f8dd8e,9d4d495d057fab5a6fa1dd89d432a0cb,delivered,2018-07-09 14:09:25,2018-07-09 14:24:50,2018-07-10 13:45:00,2018-07-23 17:12:41,2018-08-03 00:00:00
def90fc6c7d21d34a14af3d6e4d866b6,c8830d8a8312a8b3b74370c4e61202ec,delivered,2018-04-14 13:09:25,2018-04-14 13:31:37,2018-04-17 15:11:40,2018-04-18 15:18:31,2018-05-02 00:00:00
bf6d16740d1cb07a4f223b7b367538b2,3d01bd265d1c451414f05045555e0c36,delivered,2018-01-01 13:17:49,2018-01-02 13:13:22,2018-01-04 14:55:16,2018-01-05 17:09:10,2018-01-18 00:00:00
a8a6ba331df6f7b1106abbc30489c428,a2a44c984bec2185bc06c123ec57454f,delivered,2018-04-01 18:33:04,2018-04-01 18:47:52,2018-04-03 18:32:47,2018-05-04 23:13:48,2018-04-30 00:00:00
3b5fbf2b705ef6784eceb4cfafb46d4b,8c5f64043ec77ea268cb345a39fb6815,delivered,2018-02-15 17:05:43,2018-02-15 17:27:12,2018-02-16 21:18:49,2018-02-19 13:51:46,2018-03-01 00:00:00
3ee6e5e6102ff07835f4a20e28caf3c7,0b6b18ebc85a97f659fa13bd9c05be58,delivered,2018-02-20 20:33:39,2018-02-20 20:50:28,2018-02-21 22:22:25,2018-03-14 14:53:24,2018-03-20 00:00:00
4c61ad2fcbc718550947fed75a4c0ee5,6e3f3f19276ee854efffc3be36dbc246,delivered,2018-02-14 22:06:11,2018-02-15 00:31:29,2018-02-15 18:46:13,2018-02-23 17:14:07,2018-03-14 00:00:00
3a09813d447f4054ac696debe1e6220d,83a087d99ce9ccfbb2a77ba78b165c2d,delivered,2018-03-06 13:14:30,2018-03-06 14:00:21,2018-03-09 16:50:37,2018-03-23 21:09:27,2018-04-13 00:00:00
c25173539a29a9b22d85fefd55e89a85,4b6c2bd9ec09807a1c830a493dae08f1,delivered,2017-07-11 11:50:22,2017-07-11 12:15:12,2017-07-13 21:54:58,2017-07-19 18:03:41,2017-07-26 00:00:00
d5355dced21ef64e6f081ec25945fbd6,eadf53307c826970c5d2cdc74d38e918,delivered,2017-08-30 10:56:39,2017-08-30 11:10:14,2017-09-01 15:14:36,2017-09-14 20:27:58,2017-09-26 00:00:00
fe6de2a2f0a13307c3b9718817d14c7c,a2149ebf1a15e45e7b38fd8e2d97c704,delivered,2017-07-09 19:01:26,2017-07-10 21:35:18,2017-07-12 10:16:36,2017-07-20 16:39:57,2017-08-04 00:00:00
a29d9c2b5d06b98ba0b5eca57feec6ca,69e280cbcf0da242631472c6e99a9cfe,delivered,2018-06-30 17:24:11,2018-06-30 18:30:18,2018-07-03 11:11:00,2018-07-05 21:38:26,2018-07-24 00:00:00
d314606b4bdfe800bef60e92196924f7,9129cf8276a56e1c8b1b61ed8cacf484,delivered,2018-01-25 20:02:02,2018-01-27 02:50:30,2018-01-29 19:57:08,2018-02-01 16:22:22,2018-02-09 00:00:00
4a30b23df08e6525271a2b1fdab7cce7,4faaab7241716e18dbd26260667a0d18,delivered,2017-08-21 11:06:39,2017-08-21 11:24:43,2017-08-22 16:50:03,2017-08-25 14:07:32,2017-09-11 00:00:00
3657d83f0ccdda70b89b5ae9e6fdb07c,25c6b9cdce83cd1359c01f00b9b239be,delivered,2018-03-04 01:48:54,2018-03-06 03:35:43,2018-03-07 16:45:22,2018-04-11 21:05:34,2018-03-28 00:00:00
7d87d6b3173540d739b15192cc787ae9,736cc29992a1e210cb3342ea2c1282b9,delivered,2018-02-18 18:49:50,2018-02-18 19:50:29,2018-02-19 23:09:56,2018-02-28 17:24:04,2018-03-16 00:00:00
10d220b706ebacc99c3de71db8c78105,8f48eefd02f901848aa23e358fda7926,delivered,2018-06-15 15:49:11,2018-06-18 11:42:12,2018-06-18 11:55:00,2018-06-22 18:21:33,2018-08-01 00:00:00
02754590c907eb40ac34ed9b446970f6,d667ea9696496830a23ff4a8e38db1e3,delivered,2017-08-20 11:09:18,2017-08-22 07:05:17,2017-08-23 17:41:21,2017-09-04 22:33:05,2017-09-25 00:00:00
7a2c8013c9c8e38f617beace0522b596,f4815d23bfceceddafd67f8af6c7577d,delivered,2018-01-19 11:00:44,2018-01-19 11:14:21,2018-01-19 19:12:46,2018-01-23 19:54:36,2018-02-14 00:00:00
8040bd2eb4b6e7cfcda94f1ccdcc703d,43d849aaaec5478f91ff9b26406d7808,canceled,2017-05-03 23:23:55,,,,2017-06-07 00:00:00
a7ee6297799ec44536e8b6bd536818b3,c9c5341ba5df460bd6c68935cd969e41,delivered,2017-06-05 16:34:47,2017-06-05 16:45:13,2017-06-09 11:22:38,2017-06-19 15:45:55,2017-06-28 00:00:00
804e5ddab73def7d5e86b8ae6f27e83b,ae9d8bf13681f31ec761764094e6ab95,delivered,2017-06-15 14:51:11,2017-06-17 03:43:54,2017-06-19 20:32:38,2017-06-30 13:12:08,2017-07-20 00:00:00
e1320973675a5fc37fab54cb22c582ab,b37ea7f1b8461e3bd4e534a81f126f5a,delivered,2018-07-16 16:56:04,2018-07-16 17:10:12,2018-08-01 12:00:00,2018-08-17 11:54:59,2018-08-07 00:00:00
c3a026aa647c5f58bfd25a10d326ec42,70dd390d4cce478ae3b76a877a1f8cd1,delivered,2018-03-05 18:17:01,2018-03-05 18:31:22,2018-03-12 18:16:38,2018-03-20 20:28:34,2018-03-27 00:00:00
f11d3c3e47d8200f86702cb11910c9be,9556bc2752b028dd824ecc090509c508,delivered,2017-12-08 01:23:34,2017-12-08 01:32:50,2017-12-11 17:42:31,2017-12-23 15:52:07,2018-01-03 00:00:00
03d9b0241efc2b1690172701f6800f21,b5e467a2fd8bbb9e93feecceae7f4261,delivered,2018-07-01 22:44:13,2018-07-05 16:05:42,2018-07-10 15:16:00,2018-07-13 15:48:41,2018-07-25 00:00:00
6e11f5b6972e1b602699867fc1d5b6c9,1675859cc4865cc850f7b7260bff365a,delivered,2018-07-24 09:42:59,2018-07-25 03:04:42,2018-07-26 14:32:00,2018-08-06 12:39:38,2018-08-14 00:00:00
f3ae56eac64675deaceadab284172cb6,068d6956b4f2f9a39cfb807516f55ecb,delivered,2017-11-24 10:35:46,2017-11-24 11:57:29,2017-11-27 18:35:50,2017-11-29 18:22:45,2017-12-08 00:00:00
52695594b593159bad40a8149c06408d,5697d19b6cda5ccc65d6e1f04270756a,delivered,2018-03-10 07:57:30,2018-03-10 08:28:29,2018-03-13 22:38:36,2018-03-29 19:22:04,2018-04-16 00:00:00
7f98b631c9e830dfaccaff9db636c65d,6d32b6314ca05875af6e8c301942afce,delivered,2017-12-04 23:42:26,2017-12-05 10:30:39,2017-12-08 00:58:03,2017-12-22 19:12:48,2018-01-03 00:00:00
6fed53de64adae1f81c93f80f62a7e90,d9b2ad06c6bc33624b15fd1aad224cc0,delivered,2018-01-28 12:54:56,2018-01-30 03:47:22,2018-02-07 00:11:59,2018-02-09 20:17:48,2018-02-23 00:00:00
f060d1eeb07c0294f897df1ff19d4b99,68ebcac94ae12019a0d4412660f8f1d9,delivered,2018-08-08 18:48:49,2018-08-08 19:04:49,2018-08-10 10:52:00,2018-08-22 15:33:51,2018-09-04 00:00:00
0b8e4fe7f85610340424b314dc68c366,b204afb461c278e57b4d2edb8cc947e9,delivered,2018-08-16 12:07:49,2018-08-18 03:09:31,2018-08-20 08:26:00,2018-08-27 18:52:51,2018-09-04 00:00:00
147e9f4682b02a1b8ef314d880654b45,30e6c5b40bde9fd8d765a2545509384b,delivered,2018-04-26 22:47:07,2018-04-26 23:10:13,2018-04-28 07:58:00,2018-05-11 19:50:56,2018-06-08 00:00:00
48ac23662de1f4a94e29e7f3452a85d9,093c2d35fa85b871eb936417a82a1ad2,delivered,2017-08-11 14:16:43,2017-08-11 14:30:16,2017-08-14 17:23:56,2017-08-26 15:27:28,2017-09-06 00:00:00
cb4468949989bffeeb1d3aa03efb25d0,66091413e273b6f33eff38a695392f3f,delivered,2017-11-25 23:25:16,2017-11-25 23:33:42,2017-11-29 20:52:27,2017-12-08 22:28:55,2017-12-27 00:00:00
82a779af9bebb4de11f9eb1152112f36,8808f125d9add736b425333b8078d0df,delivered,2017-08-12 20:40:18,2017-08-13 20:50:13,2017-08-15 13:16:36,2017-08-16 21:14:49,2017-08-25 00:00:00
0252299d97791cd5879873cba920d1f7,0ef08c64c1b6a57d81ced188dd485805,delivered,2017-10-20 12:37:34,2017-10-24 03:35:32,2017-10-25 15:45:36,2017-10-31 20:17:36,2017-11-16 00:00:00
b018fec2173b0642a742be5fd3a76683,9dcc9444185f5ada27a85ffa89923137,delivered,2018-02-26 10:59:43,2018-02-26 11:10:38,2018-02-28 18:53:40,2018-03-21 17:42:45,2018-03-23 00:00:00
b236144cf31046f9c15c9f37e9a7382e,56945b46086d075810eb3a3d86bc64d0,delivered,2017-06-30 17:24:26,2017-06-30 17:43:19,2017-07-04 11:26:25,2017-07-11 17:18:38,2017-07-28 00:00:00
5fbe2b81bb0cd59643b435d2ffcad024,a19fe9f70875f312739724f0ac17fe63,delivered,2017-11-23 09:42:03,2017-11-23 09:56:55,2017-11-24 17:12:09,2017-12-06 18:39:37,2017-12-13 00:00:00
6e463148b6be7828c383cfb68124dc0e,bc258d3e706ad4072547d5a81d00e6de,delivered,2017-04-05 00:01:51,2017-04-05 00:23:24,2017-04-05 12:22:18,2017-04-08 00:28:43,2017-04-26 00:00:00
95a87e0d2cf1cb63b02eba222ceaecc7,b93d757b24d7fe32863f81d69b43f2aa,delivered,2017-06-04 17:04:40,2017-06-04 17:15:10,2017-06-08 12:11:02,2017-06-19 18:48:42,2017-07-07 00:00:00
1b211e29b1a6d0431f4f9daff2f2e207,d5fcc29b8b9802010da44e8f873a96d8,delivered,2017-05-23 19:19:18,2017-05-23 19:35:15,2017-05-29 07:37:37,2017-06-07 11:09:48,2017-06-19 00:00:00
4217849b1ff18a9270fe048eabc4dc45,b64f25449ad728c879f193819537d54c,delivered,2018-05-02 09:59:31,2018-05-02 10:13:59,2018-05-02 15:09:00,2018-05-03 19:45:42,2018-05-16 00:00:00
807d573c36fdd71594efae0ca1db554e,b2fd5cda6445986a32221a9a29897f67,delivered,2017-07-20 07:30:51,2017-07-20 07:42:55,2017-07-20 14:49:27,2017-07-29 14:18:55,2017-08-23 00:00:00
45d63d388e24d8a9b424cf96c8c25f3c,7eb2555fddff9cb3ef0bc2ce2c64f945,shipped,2017-05-31 15:15:19,2017-05-31 15:30:20,2017-06-05 14:18:07,,2017-07-04 00:00:00
a998ec4b6a17e44f5fc86f4d0c8d734b,3b58d1afde0f2bf6745494bda8fd0c7d,delivered,2018-07-18 18:13:46,2018-07-18 18:25:25,2018-07-20 15:12:00,2018-07-26 18:04:43,2018-08-06 00:00:00
d29d63928559ca53630a4e064a42381a,1c6a3211e5215fb2cbc2f392b76fb37b,delivered,2017-03-27 11:33:36,2017-03-28 06:42:28,2017-03-28 15:10:04,2017-04-10 13:41:45,2017-05-05 00:00:00
ce76ba808390da98cbfd753c07545bfd,d6437cc930ef10527a2122c67d79e030,delivered,2017-09-12 19:10:06,2017-09-12 19:24:28,2017-09-13 20:27:56,2017-09-26 16:15:12,2017-10-05 00:00:00
5f4c7549b7a52062dbf797ca9344bd54,a7713e4efe4e926b8b69cf9789d8b3ad,delivered,2017-12-12 12:11:58,2017-12-13 02:36:32,2017-12-15 18:13:36,2018-01-09 19:58:37,2018-01-05 00:00:00
a4b19ba687d68b54e5598956990afa98,9cc508ab838e2303299fe5c9d97a2704,delivered,2018-02-14 17:48:51,2018-02-15 17:46:38,2018-02-20 00:42:57,2018-02-23 11:27:32,2018-03-13 00:00:00
14ef2221cc3570aa6ce512fc353529b3,c319e614bd117152d6919546633c9cc4,delivered,2018-02-09 09:27:56,2018-02-22 11:15:51,2018-02-24 02:53:01,2018-03-03 16:49:00,2018-03-07 00:00:00
5d2c4a0034dd6d5c152e987ff624efde,3b651f3b55ce1052fca3aee0ec589f30,delivered,2017-06-16 23:45:26,2017-06-17 00:44:25,2017-06-19 21:05:57,2017-06-23 13:09:20,2017-06-29 00:00:00
6018f6695e8318eab8f064a5700cb59a,1ef69a7f4445baa723f6fbae3227f4ee,delivered,2018-04-25 22:01:02,2018-04-25 22:10:27,2018-04-26 15:23:00,2018-04-30 21:22:33,2018-05-14 00:00:00
873b10344643e4206c7f04cd54a1fa72,f0cf70a2084f0fbe22266290b424ba21,delivered,2017-10-16 14:43:32,2017-10-17 04:14:49,2017-10-24 21:33:46,2017-11-08 19:28:48,2017-11-14 00:00:00
e2bacfc6a86c742ba0f3a6e1f9df13dd,ea2f8b242e71b6092164b760e3adfa11,processing,2018-01-22 10:41:08,2018-01-24 02:39:34,,,2018-02-14 00:00:00
dca63e525f9401c2d75b39006727511b,39532dc2af2baa5bd9140a31c5c66e98,delivered,2017-06-11 15:05:57,2017-06-11 15:15:16,2017-06-16 13:33:06,2017-07-24 17:17:38,2017-07-13 00:00:00
0c4c42e7e040dc423699b1d019b684e1,595a27292ecd8550ade73b5a81236879,delivered,2017-11-30 20:18:49,2017-12-02 02:52:18,2017-12-07 23:12:17,2017-12-22 22:48:38,2017-12-29 00:00:00
a56500b8683714e5010696513abcd267,7b7e5711bfaa0c6b06bc6328453fae8b,delivered,2018-08-13 17:45:12,2018-08-13 17:55:12,2018-08-24 11:18:00,2018-08-29 17:37:47,2018-09-14 00:00:00
ce1ff35e9ab20defb53717b8d56643cd,8aa88312c488118f07c808bfaa821483,delivered,2017-09-07 13:35:54,2017-09-07 13:50:17,2017-09-08 19:41:20,2017-09-21 11:07:48,2017-10-05 00:00:00
81fc6e842f84e86ce89b0f2e120e04cb,09fce00dbd0b6ac2ed1518c936c26527,delivered,2018-04-15 22:49:38,2018-04-15 23:09:51,2018-04-16 18:28:34,2018-04-20 19:11:39,2018-05-14 00:00:00
7bd4e2449b48b17c96f04de5349e06bf,bd4748b76931c03cf64232054040655b,delivered,2017-05-11 10:36:25,2017-05-11 10:45:15,2017-05-11 11:41:29,2017-05-17 11:04:22,2017-05-19 00:00:00
fef88a82df9affd47bdc67a4c8bbe4b2,bc6b9c888681765f177cacee35b6157d,delivered,2018-02-13 22:20:34,2018-02-13 22:35:25,2018-02-15 16:35:49,2018-03-01 23:36:41,2018-03-12 00:00:00
7226f4ceb664d56167de4b60aaecc01a,41d70a2081e8c114ff1b6a2e2af57737,delivered,2018-01-07 11:57:58,2018-01-07 12:08:24,2018-01-09 17:53:06,2018-01-12 22:28:44,2018-01-31 00:00:00
b360ccfc12c52d2fd6d1ab057e433de6,2360d17aa765e5e8b9e683dbd1f4ef89,delivered,2018-04-08 21:30:19,2018-04-08 21:49:37,2018-04-11 20:26:34,2018-04-13 21:10:39,2018-04-27 00:00:00
eeeef97bf3c86c4a53f1cf963efca5f1,efe7268671626ef54c866f7be8553717,delivered,2017-07-05 00:51:58,2017-07-05 17:38:08,2017-07-06 17:34:42,2017-07-25 19:04:39,2017-08-08 00:00:00
06db57a9e774a7fbdb7c8ee188baef65,54ba530ce202f1554612132ba1d8b42a,delivered,2017-10-17 14:02:53,2017-10-17 14:14:37,2017-10-18 18:38:50,2017-10-24 17:07:58,2017-11-09 00:00:00
fe20c1f331dc2b7bbc86836d6b6259db,05fd588b0794938274d5d0d605021a28,delivered,2018-01-16 10:01:54,2018-01-16 10:13:28,2018-01-16 18:13:11,2018-01-23 15:42:45,2018-02-09 00:00:00
e1abbcb492d0aaa646e6019be0c1934e,5b0002be89ca4f534337a7e7a876138c,delivered,2018-02-04 14:53:52,2018-02-06 04:32:10,2018-02-08 21:36:01,2018-02-14 19:42:07,2018-02-21 00:00:00
7f4980f2f2a103ba40fe45341a490ff5,2a6654d9b0abcfdec88a4c0f58b169a9,delivered,2018-03-19 21:19:14,2018-03-20 03:28:51,2018-03-22 20:46:47,2018-03-28 12:29:45,2018-04-12 00:00:00
f7e0a0ee22f80001cc0e9e7f0b906890,72497daddd289ecfc6ea0c12c61d3c26,delivered,2017-05-20 00:04:17,2017-05-20 01:15:12,2017-05-24 10:37:35,2017-05-31 11:26:49,2017-06-13 00:00:00
7f0b205d7947a456c8f352a33c78c2c1,550f4986af1d76c2432a0cd38a7242ac,delivered,2017-06-02 20:02:31,2017-06-02 20:10:10,2017-06-26 12:43:00,2017-07-11 18:16:53,2017-07-24 00:00:00
6647dee3862547714250f0c6e40b51a0,ef7d14a8b9f97073b747a5434e4cf7f0,delivered,2017-07-19 20:49:51,2017-07-19 21:05:16,2017-07-21 19:51:56,2017-08-01 21:23:38,2017-08-10 00:00:00
1619ac7c95b1d3968cc98be483959b2c,f3e70dbef3c069f99b47ef74148d6d58,delivered,2017-04-15 15:14:09,2017-04-15 15:25:08,2017-04-20 07:39:25,2017-05-02 12:11:03,2017-05-15 00:00:00
7a5d02d36c3933952297e3c01daa2e20,22acd7ce3bf3fbaca5f099905149e918,delivered,2018-03-09 15:30:03,2018-03-09 16:10:02,2018-03-12 23:14:46,2018-03-21 16:58:58,2018-04-17 00:00:00
800f40af9296b3b1cc4b669c08d68e81,2106ac68f2d649d3deca73e5c613881e,delivered,2018-06-11 23:20:12,2018-06-11 23:35:52,2018-06-12 12:02:00,2018-06-13 19:49:41,2018-06-28 00:00:00
a75f828f8272cec810f1fc3ec8e88964,bfcb0d2ee3b62041a02adbd550acd095,delivered,2018-02-15 20:32:44,2018-02-15 20:46:45,2018-02-16 19:28:49,2018-03-26 19:28:24,2018-03-09 00:00:00
a1af1d0338e14f7d900db898b5688c97,3c0f690c8e83b76f461fcc7ca70870ec,delivered,2018-01-30 23:59:43,2018-01-31 01:20:31,2018-02-01 22:36:36,2018-02-14 23:29:05,2018-02-22 00:00:00
848a8ddc7852a84bc58017be865b58f4,1b61e763668c00af8338b7dc23732fa7,delivered,2017-10-11 19:12:21,2017-10-11 19:28:13,2017-10-16 22:33:41,2017-10-20 23:29:36,2017-11-08 00:00:00
5919e9d15d8693529eecf3b5fcdc7327,2adcd0cb75d5ed29a3358dc2c56e6d12,delivered,2018-05-27 11:55:26,2018-05-27 12:16:51,2018-06-04 07:12:00,2018-06-12 23:44:49,2018-07-13 00:00:00
4c4e46efe9ab903ef5c07c9ed3f1e8a5,b9d1a42366ca3e231229b9eb192dd949,delivered,2017-08-16 21:42:52,2017-08-17 17:30:23,2017-08-22 20:33:10,2017-08-28 21:17:51,2017-09-05 00:00:00
0ff95576cbc4bec34c722c80b81a25fd,daeb3e3550182319f10031cedb5a8662,delivered,2018-05-07 18:02:00,2018-05-07 18:34:41,2018-05-09 15:04:00,2018-05-15 20:07:05,2018-05-23 00:00:00
93c876d3232e6a2353011f181e7f3c40,a3d2aebb19110db6d233642344452394,delivered,2018-04-05 15:10:04,2018-04-05 15:29:29,2018-04-06 23:41:10,2018-04-10 15:10:00,2018-04-30 00:00:00
d7bf53fc0c235f32fd61f11e6cc99a2a,bd63d147fd1e90cacffad1fe807d8911,delivered,2018-01-16 21:39:46,2018-01-19 12:34:05,2018-01-23 11:18:00,2018-01-31 19:13:10,2018-02-14 00:00:00
66ece7c73f4550ac89c08ffa53e85dc2,0b0cbf731fd9ea622226fc2d1fee5164,delivered,2018-07-18 10:42:13,2018-07-20 04:50:20,2018-07-25 14:08:00,2018-07-31 20:32:34,2018-08-03 00:00:00
b4ce0b4c7e26857f771d381adf9bb7de,797e5e1c5bd70efa9f1505dc76b8cd56,delivered,2018-03-11 18:50:35,2018-03-11 19:08:03,2018-03-12 18:21:52,2018-03-31 16:51:21,2018-04-05 00:00:00
4e374e4dfd548826be217c8b81aeb432,7ac74a5d1a7e2ab6a4a419460eee6da8,delivered,2018-04-10 09:24:49,2018-04-10 09:50:59,2018-04-10 19:18:48,2018-04-30 12:58:54,2018-05-07 00:00:00
dec3400e8c6d58f72b67b5cc12706458,b19bae666b5f5ac5a30bb5a3107fdc54,delivered,2017-11-30 17:08:59,2017-11-30 18:38:06,2017-12-01 22:15:10,2017-12-04 22:18:51,2017-12-18 00:00:00
fa77b4aa91c0a9f2bc533e0dc380d9c2,cb86c612ac1227e3ad9bdf3ee9503d7a,delivered,2018-08-04 00:28:48,2018-08-04 00:45:12,2018-08-06 11:04:00,2018-08-10 19:07:44,2018-08-29 00:00:00
2955100a3a62bfef50d22b0cbe150f0d,cc8b6bf7c757e83ddfcbb9016f9261b9,delivered,2017-07-16 09:21:47,2017-07-16 09:30:11,2017-07-17 21:46:47,2017-07-18 17:47:28,2017-07-28 00:00:00
1dc91db5eff6504549002a149b7a031e,a1b148ebcc27c66a3a2d7508c94be5ea,delivered,2017-09-08 10:09:43,2017-09-08 10:24:23,2017-09-27 13:16:05,2017-10-04 17:53:03,2017-10-06 00:00:00
f3a09e33cafe9e30a8c3f9c8b6b2416d,77a1696a32f38fb5e2992da68122e813,delivered,2017-12-06 22:28:12,2017-12-06 22:38:27,2017-12-08 01:12:40,2017-12-13 19:14:53,2018-01-03 00:00:00
db72d4b9dccc8768cb8691e888ae7f5f,28754e043ab5bf0dc60318d4f82177c0,delivered,2018-03-04 11:22:43,2018-03-04 11:30:43,2018-03-07 22:07:05,2018-05-14 17:08:54,2018-04-09 00:00:00
527f95bc978265984802f8ef4ed9dd51,19164000c4f2f70911bb28eb4b20325a,delivered,2017-07-04 22:39:18,2017-07-05 17:41:56,2017-07-07 13:55:42,2017-07-10 11:47:53,2017-07-17 00:00:00
6248558af11709756b658f25195656ce,f8e7c51f77db399c0ef8faa310c26bef,delivered,2018-06-23 18:05:23,2018-06-23 18:18:57,2018-06-25 14:31:00,2018-07-02 22:42:44,2018-07-20 00:00:00
924749e077350dcf416cfeaee379a61d,9c53439df4666c07719ff23540e82407,delivered,2017-12-12 12:50:48,2017-12-12 13:10:50,2017-12-14 18:26:54,2017-12-22 18:17:57,2018-01-05 00:00:00
610550e46b3a0a7f45723db57f2170f3,e0f7ea03af580988965ba67f0e2f9ef0,delivered,2017-10-20 23:07:30,2017-10-20 23:25:44,2017-10-24 18:55:06,2017-10-27 19:04:54,2017-11-14 00:00:00
a2908f88f2dcd20c02cca686aa5debda,a87399449477ec0d8884f0d575db8c44,delivered,2018-07-16 13:42:27,2018-07-16 15:05:22,2018-07-17 14:49:00,2018-07-20 21:52:32,2018-08-06 00:00:00
839bec66b5e8a01223b48fdcd7499682,33e0028c345f1fe28d2d12fffcf8539b,delivered,2018-08-08 15:11:39,2018-08-08 15:25:15,2018-08-13 14:43:00,2018-08-23 19:21:12,2018-08-21 00:00:00
97dcaf1261b71f6b774088bdd79c7890,693e593b3569223611d5a4d3cd442a86,delivered,2017-03-26 12:03:51,2017-03-26 13:05:40,2017-03-27 16:05:19,2017-04-08 00:54:47,2017-04-18 00:00:00
c7da51b752a41bf0fc419eb6b929b582,e1655c7d605b0ed5ec8fc10043ef3076,canceled,2018-07-04 13:11:55,2018-07-05 16:35:10,,,2018-07-23 00:00:00
39df1de47e267f7b0ab662c18a428319,767f8e8f093ad7f1f65561d69e39a3b5,delivered,2017-11-21 19:58:08,2017-11-22 03:20:29,2017-11-23 22:17:01,2017-12-08 14:57:31,2017-12-12 00:00:00
0620816b111616c1a7c0e03f8929bc4a,582af08f73e4b20bd0588b19280e87c1,delivered,2017-07-22 01:48:39,2017-07-23 01:55:12,2017-07-26 00:49:52,2017-07-31 18:14:10,2017-08-09 00:00:00
3dd70a36f5f41e56af19f4948fdc0745,cac55ff10981d6526f8745b3b2061ea5,delivered,2018-01-08 20:42:55,2018-01-08 20:51:23,2018-01-10 00:29:00,2018-01-12 23:25:26,2018-01-31 00:00:00
044b08f176981f660b98a85c559ad57d,de50f74e6eaf84cfbf83ee0c30ff3575,delivered,2018-07-18 18:43:04,2018-07-18 18:55:20,2018-07-19 11:50:00,2018-07-24 21:18:37,2018-08-01 00:00:00
055e121a8cefa5494be46fea4bd4f3ab,1b9aa90d016ad2968af5de5ec7cf0d64,delivered,2017-05-24 12:59:32,2017-05-24 13:10:17,2017-05-27 01:54:37,2017-07-14 12:12:40,2017-06-19 00:00:00
ddad987b1ab585281640b4b7e7261ede,bcb6f8f3a9e7a98accac27e694a52d00,delivered,2018-01-22 12:22:39,2018-01-22 14:53:42,2018-01-23 22:28:37,2018-02-07 19:22:19,2018-02-21 00:00:00
a2f7c5e2ecae30b202480a7aff91ab32,e03bd019378c1ad37fbd3c41bfcd23d7,delivered,2017-10-31 21:29:34,2017-10-31 21:50:46,2017-11-01 20:03:58,2017-11-10 16:36:38,2017-11-27 00:00:00
351c15bef09303939e36600fe668b5fd,19eb39e6ed9026791878172c4a694dba,delivered,2017-11-21 11:59:53,2017-11-21 12:10:49,2017-11-24 17:59:14,2017-12-08 01:05:38,2017-12-21 00:00:00
6f5e589af963263dc343906250c323ce,15e2c54d007482bc098449b458ad86fa,delivered,2018-01-15 10:43:41,2018-01-15 10:57:30,2018-01-17 18:56:42,2018-01-19 13:43:39,2018-01-30 00:00:00
63dbe0c8e63e5f1b4deec09d4f044a7f,7bb5a75d4a412872fa774b56e05d0c38,delivered,2017-11-27 20:01:56,2017-11-27 20:19:11,2017-11-28 20:10:57,2017-12-12 18:43:32,2017-12-29 00:00:00
0f3f4f23f10a3e4eff47b8d541ae60a7,235bcfa9fa0afbb8655bd099ae31674d,delivered,2018-04-06 18:55:18,2018-04-06 19:09:20,2018-04-10 00:22:44,2018-04-20 23:58:34,2018-05-08 00:00:00
8f578fbe296dae4b9f11a4996da9c47d,1582c109fe600f17495e417900294900,delivered,2017-07-05 17:29:04,2017-07-07 21:03:20,2017-07-14 18:09:35,2017-08-17 17:38:21,2017-08-11 00:00:00
a518b37b54f26e19044d8706b65e8133,be34eefd0a220ed60b55cf3d633f1b00,delivered,2017-11-15 21:24:39,2017-11-17 03:35:35,2017-11-17 22:22:40,2017-11-28 22:33:36,2017-12-05 00:00:00
386ea83ce5d0d303c3466ea227cead97,d5a4880634c57315c66c51e7e8cc3a3b,delivered,2017-09-15 22:08:17,2017-09-15 22:24:14,2017-09-19 20:07:44,2017-09-25 17:37:05,2017-10-03 00:00:00
f74730419f6f2508e020bfb728606058,e40ac6d2d8a71ed4d27468d5564b7a92,delivered,2018-08-08 17:54:25,2018-08-08 18:05:21,2018-08-10 08:26:00,2018-08-13 23:52:28,2018-08-21 00:00:00
18c0e47466dfe911dac270d92d6f55b5,e9b93d0696cd45658587aa9fcb8dd359,delivered,2017-06-11 14:40:44,2017-06-13 04:25:30,2017-06-30 14:53:58,2017-07-04 22:41:53,2017-07-10 00:00:00
7b9bc6b76ad9656ca99e8e1f2a6d249b,f3ca1ff383d87b5307cbe34cc3a6ec44,delivered,2018-07-19 13:55:05,2018-07-19 14:05:22,2018-07-20 12:12:00,2018-07-27 20:26:27,2018-08-09 00:00:00
b39b424d0d3ee3397614f97926ed63b6,b08d990513d3a4b14828642b56ae3c02,delivered,2018-08-03 11:26:27,2018-08-03 11:44:07,2018-08-07 14:51:00,2018-08-14 12:36:33,2018-08-16 00:00:00
6e37d33226a8c50b397a7a334bcfd8f4,01d87bd7900fc721cf5122c47b1d3a71,delivered,2018-03-18 21:43:23,2018-03-20 03:35:40,2018-03-21 12:42:01,2018-04-06 02:45:16,2018-04-11 00:00:00
8df2feeda535c3b57a1e8fd9bbb9e95c,81b760614714356a48bae829536c0b0a,delivered,2017-10-11 21:55:04,2017-10-13 15:56:24,2017-10-17 14:24:00,2017-10-19 19:59:48,2017-11-06 00:00:00
500aced6001e75a49db10f0ae54f94f1,5dee3e7c6309f7edd5ddab8816456cea,delivered,2017-08-10 13:55:28,2017-08-10 14:10:16,2017-08-11 20:22:21,2017-08-24 20:53:01,2017-09-12 00:00:00
af090d1b9b5c1f684bc6a48f6525e97c,129f607d343eb76cba304d930ae0312e,delivered,2018-04-01 14:33:03,2018-04-01 14:48:01,2018-04-02 19:48:41,2018-04-21 13:31:07,2018-04-25 00:00:00
63f33355005859ddb3eee5b1a2c48747,598e424c16110469fe1ca7e9269125a6,delivered,2017-08-01 13:11:47,2017-08-01 13:25:13,2017-08-03 19:45:35,2017-08-07 18:28:38,2017-08-15 00:00:00
41af94fc8bd7a1531543b0268314696f,425b47dea2a00770e103fca1c9b755bd,delivered,2018-05-19 16:23:57,2018-05-19 16:35:08,2018-05-21 15:07:00,2018-06-05 14:58:34,2018-06-19 00:00:00
ad4460c74803bfa6ab863423a2879860,a987996eacf94cb40f32b55628497574,delivered,2018-02-27 20:53:23,2018-02-27 21:08:54,2018-03-01 20:04:46,2018-03-02 21:17:52,2018-03-13 00:00:00
6a050dd1344ef1381e8be9a8d0565001,f811e0bf847dfb627a0ae3e6e89891f7,delivered,2018-08-23 11:55:46,2018-08-24 03:15:22,2018-08-24 19:02:00,2018-08-27 18:42:41,2018-08-31 00:00:00
0a393be90b03100dcea4aa21f2e027ec,175cd17c9e0cedbb8234469ec003c4a6,delivered,2017-11-18 16:04:57,2017-11-18 16:26:11,2017-11-22 00:16:08,2017-12-05 15:25:32,2017-12-15 00:00:00
5352c1dc5dd9f4aa2a6dedff4b9da9d9,70bf06e1322f07d30f5a893e71585c0b,delivered,2018-03-23 12:14:42,2018-03-23 12:29:14,2018-03-27 18:11:21,2018-04-02 19:59:00,2018-04-12 00:00:00
375460b07c62449c2237d05ff2282139,6e38fceafd263d906a4a198e5c5f98a2,delivered,2018-02-25 20:46:31,2018-02-25 21:08:04,2018-02-27 19:26:28,2018-03-20 01:21:42,2018-03-28 00:00:00
fe4e63c3ce772bf558a089b256e4e8d7,aa673d212bdc1e18eb1cea48efd99f5c,shipped,2017-06-24 11:21:10,2017-06-27 03:50:23,2017-06-28 11:41:35,,2017-07-24 00:00:00
81fd689a1dae218d934b58243480b726,1bc71b602df36cf88f5f670d787f4f34,delivered,2018-04-14 15:09:57,2018-04-16 08:33:01,2018-04-17 17:58:42,2018-04-27 18:51:25,2018-05-16 00:00:00
93b5be70ab423cbcff4ce9e100a8b595,22132aacc53ce55d47071188569d0c1b,delivered,2018-06-07 15:32:12,2018-06-07 16:00:06,2018-06-11 15:23:00,2018-06-16 16:12:29,2018-07-17 00:00:00
94cd0e6c0167d82a8806359b84dc0a0e,7035a6e06aed7827072e65d6400605e5,delivered,2018-07-30 11:17:50,2018-07-30 19:31:48,2018-07-31 14:07:00,2018-08-06 17:41:03,2018-08-30 00:00:00
346b96107cfff3b894f76c7e9224bb1e,52034a152a5128faf4ba7137633d3d0f,delivered,2018-01-07 18:19:23,2018-01-07 18:28:19,2018-01-09 18:16:08,2018-02-07 20:08:13,2018-02-09 00:00:00
bfdd46c3c7701671b938ca9505b6d188,0ea7708758e7164bb0448c06d7560b95,delivered,2018-03-08 16:00:15,2018-03-08 16:31:11,2018-03-12 23:51:30,2018-04-07 00:32:33,2018-04-13 00:00:00
85df9618973ec5807b30a864e352599f,bcffec72072249c0710ac3ce3224d782,delivered,2018-08-03 20:03:49,2018-08-03 20:15:13,2018-08-06 08:47:00,2018-08-09 14:27:36,2018-08-14 00:00:00
0c7e21efc59802d22c10a8fd7d3501ab,b685d8c2aff49286039c7893080fba73,delivered,2018-08-16 15:29:48,2018-08-17 03:31:09,2018-08-17 13:49:00,2018-08-28 20:08:48,2018-08-28 00:00:00
5b2c9910c96e7dec4dac98d009a43858,7b393e0d47d2fe92e1933ed517fbc89f,delivered,2017-02-19 21:58:48,2017-02-19 22:32:23,2017-02-22 10:09:00,2017-03-06 10:23:00,2017-03-21 00:00:00
4a1c3af89657b2177e85765d4390ef46,f03b4ce360b0d79f411799cf275fb9c3,delivered,2018-04-02 20:58:58,2018-04-02 21:10:29,2018-04-03 20:54:23,2018-04-09 21:38:50,2018-04-18 00:00:00
ec4bf7a1377a7b21237b8ece3b666946,9380c4d3c24f6c62c443c8da0f2f0ecf,delivered,2017-12-22 10:27:10,2017-12-22 10:34:28,2017-12-22 20:32:51,2017-12-26 16:54:46,2018-01-12 00:00:00
f289bb2bb19d49b2e6aa64cb10b0e4bc,2f3dc6fda9c82bef02f23f9387ef137e,canceled,2018-08-08 20:48:39,2018-08-08 21:05:04,,,2018-08-17 00:00:00
e5e34f7a2aebfe043a405c831b556f1e,3b8e73bb2d8b0b5e192ec5d998dadb45,shipped,2018-05-07 21:43:49,2018-05-07 21:55:07,2018-05-09 16:33:00,,2018-05-17 00:00:00
34c441b76d69e67457e0073633aeb4c0,0b1c5e7355b25ae7b5ae71fc81d47c1b,delivered,2017-09-28 07:17:11,2017-09-30 02:14:39,2017-10-04 13:52:18,2017-10-16 22:19:47,2017-10-20 00:00:00
98b0796c2b195347f4f85906a2b6c373,af6c6617155851e16396635223facdee,delivered,2017-10-17 16:18:58,2017-10-17 17:46:51,2017-10-24 21:43:49,2017-10-25 17:46:41,2017-11-06 00:00:00
63f977d58d0309c56e83b91b70693285,a9aa6c09b9864e59e014ea18d9294775,delivered,2017-08-21 09:42:21,2017-08-21 09:55:13,2017-08-23 21:12:46,2017-08-30 20:13:01,2017-09-11 00:00:00
d3d8ef2ce0a669dfc3302b606f979f6c,a56a8e003616609644d50ff6268bccdd,delivered,2017-11-06 17:00:15,2017-11-08 03:26:34,2017-11-21 15:04:01,2017-11-28 00:38:55,2017-12-12 00:00:00
84ea54523a2ce54a924e159fff3affd7,da61aea27c54e14b9063af7292f0e4bb,delivered,2017-10-27 23:56:29,2017-10-29 00:05:57,2017-10-30 15:20:19,2017-11-08 17:51:43,2017-12-11 00:00:00
2f0bf24dbe1cb004069c70687668f917,4ce4e110cf33766473d1388cf55f1bd5,delivered,2018-04-07 01:19:24,2018-04-07 01:30:15,2018-04-10 23:37:36,2018-04-12 00:27:36,2018-04-26 00:00:00
0f121110b75ef7c38c79d67833c49830,d506a6e68d7d209947cc3fb558a3a09c,delivered,2017-09-14 10:12:04,2017-09-14 10:25:47,2017-09-28 15:03:58,2017-10-10 15:13:21,2017-10-23 00:00:00
dceb6ab566e0d15ffaba53ef637afa3c,c357638ad6b3773047a316462e992235,unavailable,2017-01-26 16:51:32,2017-01-27 06:55:25,,,2017-02-21 00:00:00
6b07198fae1bb61de16e845a92fc876f,92932704db71729a8f947b9ffdce4c99,delivered,2017-02-06 21:14:15,2017-02-06 21:25:13,2017-02-13 14:14:57,2017-02-17 12:11:59,2017-03-15 00:00:00
9ad7523e9b0018cff18e52adaed6a3ae,46c18ff31d8dfbe995b587d9830492f1,delivered,2018-08-03 08:29:15,2018-08-03 08:45:07,2018-08-03 09:39:00,2018-08-17 18:35:25,2018-08-28 00:00:00
93670a5c977fd8e687b42178388d9ce7,39dea79a06151bc11ae1cbad542257fa,delivered,2018-08-17 14:33:23,2018-08-17 14:50:27,2018-08-21 14:24:00,2018-08-28 18:15:50,2018-09-14 00:00:00
9af89743e7144e56b5e028a248174ef1,6d9ded111ea89ad26ed04e6b806de89e,delivered,2018-03-03 15:04:01,2018-03-03 15:15:24,2018-03-07 23:18:43,2018-03-14 15:43:00,2018-03-21 00:00:00
357b3e52b16c253a241494d7350a7f3d,6e599680fac6fedcf093d102468a9676,delivered,2017-05-28 01:17:58,2017-05-28 01:30:09,2017-05-29 13:52:16,2017-06-08 17:40:05,2017-06-29 00:00:00
84a2a019c5e35c1b7930e967601312b7,5701ea1fb1188efea6f8a6795f4a9428,delivered,2018-03-19 21:08:09,2018-03-20 03:48:40,2018-03-20 22:43:34,2018-03-27 15:33:22,2018-04-05 00:00:00
19dc396137b147d804b74b9e5bbb9875,ff6b00a007b6c413a1106354f2588a07,delivered,2017-06-25 15:26:19,2017-06-27 03:43:24,2017-06-30 12:04:13,2017-07-11 16:03:31,2017-07-18 00:00:00
df506acc7ef7a1311a4602005f0c982e,1379dcee952b1e41e65f13755f51e001,delivered,2018-06-27 17:35:43,2018-06-27 17:51:07,2018-07-03 06:00:00,2018-07-09 21:38:31,2018-07-30 00:00:00
19b937e69325e082324396a05313613b,14a5fa5ec68a6b6a7fb8da1053487224,delivered,2018-07-17 22:31:11,2018-07-17 22:45:12,2018-07-18 15:06:00,2018-07-26 18:32:15,2018-07-25 00:00:00
acfe3b4611df7e7efbd402bb5b5be2a3,e0f648b11f4cb8f4ee5d9e78a9a14963,delivered,2017-08-29 09:43:52,2017-08-29 09:55:19,2017-08-29 16:01:06,2017-08-31 22:47:41,2017-09-15 00:00:00
80476387c3353416983324a60666664f,259f937f627731078e955050df3907f5,delivered,2018-04-27 16:55:50,2018-04-27 17:51:36,2018-04-30 11:48:00,2018-05-14 15:11:43,2018-05-24 00:00:00
92561e6b23660ccced04c88ee24f6df6,c83a9069abcbbcce875df6da03a2b901,delivered,2018-02-06 23:29:05,2018-02-06 23:49:14,2018-02-07 22:56:37,2018-03-01 00:13:02,2018-03-16 00:00:00
a10e6749400b3ea4a674cec3fd3a9605,4aa2e99b278fa15781806af208a86c32,delivered,2017-07-02 00:48:03,2017-07-02 01:04:19,2017-07-03 13:41:02,2017-07-05 14:17:36,2017-07-25 00:00:00
1ed3c7f08656149896b3e30bff0ad3ab,f18def4b8952c0f643f7323f2ece8567,delivered,2018-04-27 22:38:19,2018-04-27 22:50:21,2018-04-30 15:55:00,2018-05-14 14:08:32,2018-06-04 00:00:00
5829e8dbf7adce16a91e4ba7e8c1e4e0,9468a602ccd6dc84292052d0cb8a5548,delivered,2017-09-07 15:01:37,2017-09-09 05:04:40,2017-09-12 17:58:47,2017-09-27 20:36:20,2017-09-29 00:00:00
d5ef6a5136e7304fb5d70dbd4cfd3054,dae590e0dffcfa789523be6e018a307d,delivered,2018-08-08 18:22:24,2018-08-08 18:35:19,2018-08-09 12:28:00,2018-08-20 15:21:59,2018-08-29 00:00:00
fdd8197e350ed073eeb591a6dc3e74c8,e506103f74807102963d7f0d9f1860c6,delivered,2018-02-05 20:43:05,2018-02-05 20:55:51,2018-02-06 18:07:21,2018-02-16 20:43:53,2018-03-06 00:00:00
ec9438263957e65a13f13af7e283b7af,7e11d711baa0e9e75644f517fc0fc9ee,delivered,2017-08-10 14:24:00,2017-08-10 14:35:13,2017-08-11 20:04:48,2017-08-15 19:13:58,2017-08-30 00:00:00
da29ecf90246ba3404fab5ad9febafac,b6fda9274374a11b1014c8e871392bc3,delivered,2018-08-02 12:07:34,2018-08-03 11:10:08,2018-08-06 11:01:00,2018-08-08 18:28:51,2018-08-13 00:00:00
0356e39820a87bee3544a2025249451a,866dd245d597f9bb5288d41286834c83,delivered,2018-05-24 13:22:10,2018-05-24 13:39:18,2018-05-25 09:42:00,2018-06-05 15:36:45,2018-06-20 00:00:00
901237167ab49d21a23bd7181cd0eba6,6cb4ea12211604cb17327684d1ac4b98,delivered,2017-12-02 00:20:17,2017-12-04 18:30:39,2017-12-06 01:27:34,2017-12-19 00:59:46,2018-01-08 00:00:00
fd0be5d2bf919cd944fb8c57a5e89771,0558315c066b526b7e64705eb9ef1b87,delivered,2017-07-12 17:40:18,2017-07-12 17:55:16,2017-07-13 18:42:28,2017-07-17 22:03:47,2017-08-01 00:00:00
3f16ecca5e6ed7d003a0abe629c98876,258b61746a14eb077f4aa1a69b975ed9,delivered,2017-11-29 18:56:50,2017-11-29 19:16:55,2017-12-08 12:53:18,2017-12-20 14:00:16,2018-01-05 00:00:00
6f03abb3b9fdecea11093c52dfd8155e,e9e24284c4b5d4fb273d59e2436fbc2b,delivered,2018-06-03 20:30:07,2018-06-03 20:49:54,2018-06-05 13:24:00,2018-06-15 19:52:38,2018-07-26 00:00:00
65292b5890e7f0ef333b4a4904db838d,1101858718712788854b23b5587b5cc8,delivered,2017-07-06 11:50:39,2017-07-06 22:10:11,2017-07-11 14:06:30,2017-07-13 21:03:50,2017-07-21 00:00:00
5a820d0824578ef8ae5c54b8135d5565,19cb32bd24f504de35911fa98989b952,delivered,2018-04-16 22:00:49,2018-04-16 22:50:25,2018-04-17 23:11:07,2018-04-18 23:22:34,2018-04-26 00:00:00
555537da82b73708bc09f6b0c8fa6747,6065549b74cda90a4ffeb7da736c69c0,delivered,2017-02-19 11:03:43,2017-02-19 11:15:09,2017-02-21 15:02:14,2017-03-06 12:17:56,2017-03-27 00:00:00
5ce9fc801207a16522d494fcdc8e9dd6,e2bdb59e52b9c278e2e0a651c4f40ae6,delivered,2018-08-09 14:38:07,2018-08-09 15:05:23,2018-08-10 11:09:00,2018-08-15 18:38:31,2018-08-21 00:00:00
e0b7de0aa24eda55bbc841b5a19e3fb4,906a472b46ebf08dd781e3e75f5b0f79,delivered,2017-09-21 09:13:39,2017-09-22 04:32:30,2017-09-22 16:13:05,2017-09-25 18:07:37,2017-10-13 00:00:00
c2a74c32297a978e0e9b2b2797b917eb,f86277a8adcfbdd6a35360bf4f928652,delivered,2018-01-08 20:56:12,2018-01-08 21:08:44,2018-01-12 15:35:00,2018-01-27 15:23:28,2018-02-09 00:00:00
3ce1b0c541f9f11f10e841355e9caa7e,0b5bb9a3a1efd74fa5cccd30d26f4cd1,delivered,2018-02-18 16:08:24,2018-02-20 07:15:36,2018-02-20 18:18:53,2018-02-25 14:23:44,2018-03-06 00:00:00
8e3d8001d12c91d581b256dbb2762702,3188d71dec4455295a32959cb74363b0,delivered,2018-08-17 13:12:20,2018-08-17 14:30:39,2018-08-20 15:12:00,2018-08-23 22:27:36,2018-08-31 00:00:00
184603c2b2f23fd8585d48649c714ba2,a0f90b7e2bff101eb8d56969e719f2c8,delivered,2017-02-26 17:39:49,2017-02-26 17:50:18,2017-03-01 10:28:07,2017-03-13 11:34:35,2017-03-20 00:00:00
9acb81a52c99975f357641bb6886cd8e,915629689eacad2a9b739f4b3807d0e5,delivered,2018-03-01 07:06:52,2018-03-03 02:51:03,2018-03-06 00:29:57,2018-03-15 23:04:17,2018-03-28 00:00:00
40dea8151a4bad08c633c2a80251b8cb,80f3395a6ea10e0c83ba9ee52ca25086,delivered,2018-08-23 08:59:28,2018-08-23 17:45:16,2018-08-24 09:21:00,2018-08-30 23:51:50,2018-09-06 00:00:00
c895355af2bc9e095254d9581cd77699,fbf562d7f9c985e9c15d066a8abf6b1a,delivered,2017-10-03 17:33:52,2017-10-03 17:49:30,2017-10-05 18:28:38,2017-10-11 15:59:57,2017-11-01 00:00:00
0ecea2fc6db33ce872af556bef2f52e8,b83e8501d86fac2f64fe681076e8fe01,delivered,2017-12-16 08:56:09,2017-12-16 09:10:42,2017-12-20 14:53:15,2018-01-03 16:32:43,2018-01-11 00:00:00
bb0053cdec4b5850b4682e029eb3347f,4402a180e78ebeb26c7e430547a31226,delivered,2017-07-30 09:14:52,2017-07-31 12:35:12,2017-08-07 13:11:06,2017-08-07 21:36:06,2017-08-18 00:00:00
67e8d0e4cd27d92c4aeb38cecf962b0d,a5c9cced9df253732cf221be894b76b6,delivered,2017-09-03 22:31:13,2017-09-03 22:45:38,2017-09-05 12:33:21,2017-09-14 17:58:31,2017-09-27 00:00:00
f4683514d8411fbd52a4f1524915fff1,f3e2f7c38930a5bc15728d8208abb251,delivered,2018-01-09 12:11:33,2018-01-09 13:12:26,2018-01-10 13:00:09,2018-01-19 00:56:47,2018-02-07 00:00:00
b01f56415d8fd608605b7a1673abf6cd,05efa0e29a769010ba9eec84a6ccfba9,delivered,2018-08-07 09:52:05,2018-08-07 10:05:14,2018-08-10 15:07:00,2018-08-11 11:32:43,2018-08-13 00:00:00
79fa444e8356d0ed4f75c4666db50347,6d0c800d3fe9b8bb5fcea4693789605a,delivered,2018-07-04 19:23:38,2018-07-05 16:19:09,2018-07-05 13:50:00,2018-07-11 15:41:46,2018-07-30 00:00:00
ec4a8b6f050a71bbd34bea77493b7232,a9d22560ed91d7c5dd7dd3a059e8f76d,delivered,2017-05-15 20:46:00,2017-05-15 21:02:37,2017-05-19 10:59:16,2017-05-31 14:23:40,2017-06-16 00:00:00
2fe10d4ed06c8a5a632ed06bb5f33dc0,fa777a37be56a994adf36d437a3ae595,delivered,2018-07-28 13:09:33,2018-07-30 19:31:51,2018-07-31 15:02:00,2018-08-10 21:28:44,2018-08-24 00:00:00
2c13ece9c2af7270ebcba9ee8a33afc1,52f9bb76c4fbdf5ba4dc9bcfbcaeec51,delivered,2018-05-04 17:40:16,2018-05-04 17:55:22,2018-05-10 06:22:00,2018-05-17 17:03:15,2018-05-28 00:00:00
efcba885fdb0eaeb673bd9b42cf06be4,47b1ec72240dcd0dddd0827b10435424,delivered,2018-01-03 23:49:07,2018-01-04 01:08:07,2018-01-05 17:23:21,2018-01-17 17:48:15,2018-02-01 00:00:00
d2945e686c883978378a10e49be7fb24,73cb441c896a460a30affe43bff3df82,delivered,2016-10-06 19:38:12,2016-10-07 10:11:09,2016-10-14 23:21:11,2016-10-18 18:34:50,2016-11-28 00:00:00
8eb23149ea2c92f5180a0f5e5753e1b3,e2d43120d6194eb301089477bc9cb52b,delivered,2017-06-30 16:10:15,2017-06-30 16:23:25,2017-07-04 14:55:54,2017-07-13 21:32:04,2017-07-26 00:00:00
917860628f5261ebf4e484215cfe279c,a969cfdc9bb0e16f785c81a8bbdd28c0,delivered,2018-06-09 10:14:21,2018-06-09 10:31:44,2018-06-11 11:23:00,2018-06-16 00:40:38,2018-07-03 00:00:00
3d0fabe57f53334a24d36872a001f23c,ad41e67f80ad7ac61ec5b605751c56d0,delivered,2017-12-03 13:19:25,2017-12-03 13:33:12,2017-12-04 18:47:30,2017-12-12 18:24:25,2017-12-27 00:00:00
af4406338c93f1ae4eb1ce820f3506bc,d1493ea113e66d929cd7057095b560b9,delivered,2017-11-07 22:35:39,2017-11-08 17:55:21,2017-11-16 19:22:12,2017-11-28 18:38:33,2017-11-27 00:00:00
90d40a4ca05ddfea558d94047c3de2e9,a22db2cb53749ccca79f1fdb47d4a4e7,delivered,2017-12-14 20:01:48,2017-12-14 20:17:46,2017-12-15 22:35:12,2017-12-22 17:13:21,2018-01-12 00:00:00
7f5dfed48e701a5377de885c64a99aff,14eba40b8ec6185b47c93ddfecc1faac,delivered,2017-03-07 16:02:19,2017-03-09 02:51:04,2017-03-14 14:14:05,2017-03-20 14:49:31,2017-03-28 00:00:00
c3e808e0aba3cd04567957666cdbe28d,364f08c216b6e5c4810e198fe984416d,delivered,2017-06-06 15:32:24,2017-06-07 02:22:39,2017-06-13 13:42:33,2017-06-22 16:45:41,2017-06-27 00:00:00
d35ca5de99f9cb92be83a52973b5bbf6,9eca35b9c65ffe431d1159d7dc618355,delivered,2017-12-04 20:21:53,2017-12-04 20:35:19,2017-12-05 10:53:53,2017-12-06 17:54:51,2017-12-20 00:00:00
fa85fa75418b73f193949be7cb639fce,c3efc16af56a84e93d5f2356aec092ec,delivered,2018-01-26 09:14:20,2018-01-26 09:42:21,2018-01-30 23:21:57,2018-02-23 21:28:51,2018-03-01 00:00:00
624ece5892f73fbaf47eeb121c501547,85809839d024384e5326a41a2b1ae4cf,delivered,2018-02-28 15:56:02,2018-03-01 02:50:48,2018-03-01 21:18:38,2018-03-04 20:12:46,2018-03-13 00:00:00
e98379ee17e55f764423de1d693daf42,9d8a8652100cbf0cdcfbb06ce031c9ac,delivered,2018-01-30 10:37:04,2018-01-30 11:15:31,2018-02-01 17:08:39,2018-02-02 17:56:06,2018-02-15 00:00:00
e167837b2967616b88c23b061b9d32b6,3eae909e19a4d927c4630aa733a92ab8,delivered,2017-05-04 13:52:00,2017-05-04 14:05:19,2017-05-04 16:13:25,2017-05-16 10:33:50,2017-05-29 00:00:00
72d962900f248fa642ba065e45756455,79d079b8c2de5835e7979c910bfc880d,delivered,2017-03-29 14:23:48,2017-03-30 06:42:11,2017-03-31 12:01:44,2017-04-11 11:17:50,2017-04-20 00:00:00
81a57f43681d0997118092af56f37ce5,0e313e105cc8db5c511515cabd78c38b,delivered,2018-06-09 22:27:14,2018-06-12 07:57:13,2018-06-12 17:05:00,2018-07-03 19:44:31,2018-07-04 00:00:00
8b706aa34ce8828613d0ba320ead34fb,20111221619a712e367ff1579a410dee,delivered,2017-02-16 09:46:16,2017-02-16 10:03:39,2017-02-22 02:44:29,2017-03-02 17:10:20,2017-03-22 00:00:00
2107e0af867c766772a8f4501ccd1671,82839021fe430688c162e96552ba98ee,delivered,2017-10-19 10:19:15,2017-10-20 12:14:50,2017-10-20 21:16:56,2017-10-25 20:51:11,2017-11-08 00:00:00
d18824f4c7dfc9d5725eaec88f267ea3,9a3e7f2fbadee3361ec62b911539a6d3,delivered,2017-07-06 19:00:05,2017-07-06 19:15:20,2017-07-07 16:24:57,2017-07-17 20:00:03,2017-08-03 00:00:00
fd13060be6469ec5e5986eeb10930d90,1365f6a63f912822c3e466325c795bc5,delivered,2018-02-19 12:34:34,2018-02-19 12:50:34,2018-02-21 12:46:05,2018-03-06 01:13:54,2018-03-14 00:00:00
fa8ce665c349b97a0d3becbcbd37c849,db861bfc61cb7889ef2bdeb018f5f070,delivered,2017-06-25 15:36:06,2017-06-25 15:50:07,2017-06-29 15:18:40,2017-06-30 14:32:18,2017-07-14 00:00:00
032f490884e03049a3ec0379ea0abb82,09f1f35ba98e019dc3e29823af2954fd,delivered,2017-06-08 16:45:05,2017-06-10 02:50:30,2017-06-13 08:18:45,2017-06-22 17:06:02,2017-07-10 00:00:00
39cf5de8288d308ca4b8ed783cc56695,39dc7d2e2958197d4b40fd11fb78171c,delivered,2017-11-30 22:49:54,2017-12-02 09:50:24,2017-12-15 01:38:16,2018-01-03 22:51:51,2018-01-15 00:00:00
3f9e8fecf02f21c1a57dc20c0e7f95ab,a7e08eccf0ec5860c322f88d41f09cf9,delivered,2017-04-14 19:52:48,2017-04-14 20:05:09,2017-04-17 13:30:08,2017-04-25 12:41:03,2017-05-08 00:00:00
ebe44ea8678031f3e76cfac35b31080f,e8d7a637131e54daa4fa756969190f96,delivered,2018-05-06 22:26:51,2018-05-08 19:35:26,2018-05-09 15:28:00,2018-05-28 23:38:22,2018-06-07 00:00:00
8ded9e858af4bfcc66b2bfd35b762268,0fbcbe7aadcdd17621abb6f3661aae3e,delivered,2018-08-01 13:38:09,2018-08-01 13:50:18,2018-08-02 12:40:00,2018-08-07 21:34:31,2018-08-15 00:00:00
5f93c15063313abf1a114e682d6b6d71,3452a9ffe284a7466a4d5a4a800dcfa4,delivered,2018-05-12 10:56:06,2018-05-12 11:14:15,2018-05-14 14:08:00,2018-05-15 17:23:01,2018-06-06 00:00:00
93e945ea7c4457cea5d773c1225ac997,e7b72a7e6f6364b5ff0830ef7ee799e4,delivered,2018-04-03 13:54:17,2018-04-03 14:09:55,2018-04-05 19:12:11,2018-04-12 19:21:44,2018-04-30 00:00:00
2c9692d95147996e657865c7f5ec42fc,03d8d8b0f58a42941ae8dd9ef3988eed,delivered,2017-12-01 16:46:04,2017-12-01 16:57:27,2017-12-05 22:48:06,2017-12-08 16:45:24,2017-12-20 00:00:00
51dc4d44b3dd650e6e1ea0486819e0c2,2c113bbfd5da07dcc20666defb152dd0,delivered,2018-06-23 15:37:43,2018-06-23 15:56:02,2018-06-29 14:04:00,2018-07-03 16:08:30,2018-07-24 00:00:00
1d8c9526428c9c7c72e2e5f4b8d43edf,95605e9f0efb9fd315e9a784389208de,delivered,2018-05-20 00:44:33,2018-05-20 00:56:11,2018-05-22 11:41:00,2018-06-02 11:57:38,2018-06-13 00:00:00
99e4724c6accb3d63bd87535d713b856,05d66bbddd7daec5c6704d08e3fc3ca3,delivered,2017-03-30 21:36:05,2017-03-30 21:45:11,2017-03-31 17:18:05,2017-04-03 20:12:23,2017-04-24 00:00:00
74cafcc8c06b63eaa21ee53cf1678459,fcac2f2e9d198cbaa9e1fc45e751f63b,delivered,2018-06-13 21:04:50,2018-06-13 21:59:51,2018-06-14 15:54:00,2018-06-20 18:22:27,2018-07-12 00:00:00
baa3ed04931dc1b84c68896bc5cfeffb,6e36fa9bf71aa373a6adeceecbe06ee2,delivered,2018-02-26 14:33:41,2018-02-26 14:49:42,2018-03-01 21:49:13,2018-03-28 20:58:44,2018-03-28 00:00:00
8a9df0e90856f381a0cf115092f8dfdd,ba96c32ad232594262e9012eb3494502,delivered,2018-03-17 21:13:36,2018-03-17 21:28:41,2018-03-19 22:08:48,2018-03-24 12:26:48,2018-04-06 00:00:00
6e7d56b33e25e67ee602c9bfb9a63018,748d0a448acf0d2296b277ab8f8d451d,delivered,2017-07-30 11:30:39,2017-08-04 11:33:04,2017-08-01 17:25:38,2017-08-04 19:57:56,2017-08-11 00:00:00
fbcb36fe4b7d424d65663a88bbe2b24a,0420b6a1368a5577d96402bec1e4bf1e,delivered,2018-04-01 20:05:20,2018-04-01 20:47:40,2018-04-03 21:22:12,2018-04-12 22:49:34,2018-04-19 00:00:00
fa83009fc243c5d6981fa7c5b71b13aa,7295803302839659db10d83da057f75f,delivered,2017-09-17 12:34:39,2017-09-17 12:50:21,2017-09-25 20:29:52,2017-10-02 18:03:06,2017-10-11 00:00:00
620a855412168296816caddc230b00bf,7caf3439e77a9299b5f4eb31cbd74af7,delivered,2018-01-15 09:33:40,2018-01-15 09:49:58,2018-01-16 11:46:49,2018-01-23 18:12:33,2018-02-06 00:00:00
5372e3b548f5a2f193afb2c778e172df,0be79ac69f798b1d2b2556b82118940c,delivered,2018-03-21 19:17:46,2018-03-21 19:30:38,2018-03-23 00:48:34,2018-03-28 16:36:42,2018-04-13 00:00:00
8ed3cf9546af963a08c97b1edfe352d2,05c36681ebcba4e5116cb0046aa1f525,delivered,2017-12-17 18:26:09,2017-12-17 19:29:54,2017-12-21 18:23:25,2017-12-29 18:18:08,2018-01-15 00:00:00
60218eecf87eaeb58657769f328f2726,98a0dc59ecc82225fd647c39cbdf1494,delivered,2017-09-03 12:01:13,2017-09-03 12:15:15,2017-09-05 12:17:17,2017-09-11 19:34:03,2017-09-28 00:00:00
3958b17a88c13dfb60674b04bc79168c,0d7b40f01565cfa9b39df48d77c4367c,delivered,2018-07-18 10:09:15,2018-07-18 10:35:15,2018-07-25 15:11:00,2018-07-31 20:38:39,2018-08-06 00:00:00
6ba315d3028622e6e19fdb72e50b8ece,42775a1870efc59d6e39e81adbd37740,delivered,2017-02-14 10:59:33,2017-02-14 11:15:16,2017-02-22 07:17:28,2017-02-27 20:48:20,2017-03-15 00:00:00
98fdd250e01c66e91a1a2632a6445039,112f162c575bedc2f4b20c369282964c,delivered,2017-12-15 10:50:55,2017-12-15 10:59:25,2017-12-15 22:32:56,2017-12-18 19:23:50,2018-01-04 00:00:00
37974418f119afe7a1c6025eeea7c07a,b9016404916a5d1b53d20b437a010c9c,delivered,2017-11-24 23:07:41,2017-11-25 02:12:50,2017-12-07 14:54:38,2018-01-05 17:54:27,2017-12-21 00:00:00
4631c1e3bc2f88c99b9ffcb6a8a62e37,6467fe19883330361d51a6b3df90ce59,delivered,2018-01-13 15:17:12,2018-01-13 15:29:08,2018-01-15 16:34:30,2018-01-21 16:52:47,2018-02-14 00:00:00
6c8dc9b7ff1a1e35349382fa962de9fd,845519929407bc7db18f15685fe6badc,delivered,2018-06-11 20:10:38,2018-06-12 15:27:17,2018-06-13 12:43:00,2018-06-20 19:22:14,2018-07-11 00:00:00
720232d7a3eab2caa5238117e5ab2ee1,181aaef52310ba1599949728c36f544d,delivered,2018-08-17 12:20:02,2018-08-17 12:35:12,2018-08-17 14:49:00,2018-08-22 17:38:40,2018-08-29 00:00:00
48b4f1f96d5ae13b404fe7d041a8d393,77151da438a727054ce6430fd175793a,delivered,2018-08-09 13:41:59,2018-08-09 14:35:22,2018-08-09 13:57:00,2018-08-24 16:44:28,2018-09-26 00:00:00
fc9d434ce58e80e3ce78dd7f69e22bd4,3195e7cebd5ed019a58e8afb23c1da69,delivered,2017-12-06 22:35:17,2017-12-06 22:49:45,2017-12-20 12:55:10,2017-12-21 18:15:30,2017-12-29 00:00:00
43df7d0ebdaa1d4df7b8f25e2fc50fd8,75cd35c0927c7331c98da835c8718baa,delivered,2018-06-11 17:22:06,2018-06-11 17:40:12,2018-06-13 14:33:00,2018-06-26 22:21:44,2018-07-17 00:00:00
c91255e49926cfb63353034df59a25d5,2a7fe4ffcadfbf65ae5c06b02964e929,delivered,2018-07-29 14:09:00,2018-07-30 18:31:19,2018-07-31 13:51:00,2018-08-08 13:38:43,2018-08-10 00:00:00
b8d67526e7a669a43b4a53bbffc6fc0d,507f7a9eafd9f8c8fff398275e71b336,delivered,2017-09-08 10:01:46,2017-09-08 10:15:19,2017-09-13 14:04:10,2017-09-21 17:53:37,2017-10-16 00:00:00
817bba98b2dc8942fccbdaf7cd5c63b1,334d6fb8094ff301e5002617bb3f4a5f,delivered,2018-07-17 23:25:02,2018-07-17 23:35:16,2018-07-27 12:46:00,2018-08-07 17:39:20,2018-08-06 00:00:00
b0d7bb2bb38f7ce5f69f1fccc453b30a,76ed039225db7bd1098900ec155128cc,delivered,2017-08-31 09:32:24,2017-09-01 02:25:34,2017-09-04 15:14:47,2017-09-09 13:04:42,2017-09-19 00:00:00
44918cef2a112fc3f8e4a9b676e5ab23,265655cf1f2dfd4fc630004d1fe5f3cb,shipped,2018-02-06 22:08:09,2018-02-06 22:15:42,2018-02-07 22:45:44,,2018-03-12 00:00:00
ff1b05d81637f0904e3dd85ca4e50180,34be67598de227a6b323a75b6bf65878,delivered,2018-06-25 21:14:20,2018-06-25 21:37:36,2018-06-27 09:46:00,2018-06-28 21:16:37,2018-07-12 00:00:00
df14bdc601f10bff4d2757a9710be81f,51f34a61223200b58e35b7e7f3b462c3,delivered,2018-05-11 13:35:46,2018-05-11 13:50:59,2018-05-11 20:40:00,2018-05-14 16:32:57,2018-05-21 00:00:00
30552396e65cfc4856e8520b7867414f,051da0c8b95f2d53eefdb48da43a4058,delivered,2017-11-02 14:26:59,2017-11-02 14:46:16,2017-11-03 14:02:35,2017-11-07 19:36:47,2017-11-23 00:00:00
e1906c54deaabfbb7f4b6cce0cf336a1,96cb9c55bebdd9e62414a782dfe01fc5,delivered,2018-01-21 20:16:25,2018-01-23 03:36:50,2018-01-23 18:10:37,2018-02-20 21:52:55,2018-03-14 00:00:00
9cd69a292cbec7756bbef4d854c773ca,b118a3a9fe2e44ab444d2a473f84de63,delivered,2017-06-01 23:57:04,2017-06-02 01:10:17,2017-06-08 16:15:01,2017-06-10 09:24:52,2017-06-14 00:00:00
fa2299624a4957d95dd526fc552d1ff1,6c4db8956588a32f2e15cd587c31c12f,delivered,2018-05-30 19:32:45,2018-05-30 19:51:03,2018-06-01 13:23:00,2018-06-05 00:08:47,2018-07-03 00:00:00
cc295a32e72e4ebe54030c6ae3f75066,ea498e17d3dcba2ac3cba543698b901b,delivered,2017-03-12 11:15:29,2017-03-12 11:15:29,2017-03-13 12:36:16,2017-03-16 16:12:15,2017-04-03 00:00:00
fa70e6eb878dec546f11aba9afcf1f28,29d3bcf6907cfe9918a7d698d5bf874a,delivered,2017-08-16 01:00:34,2017-08-17 09:30:14,2017-08-18 20:16:36,2017-08-29 21:33:13,2017-09-22 00:00:00
1cfb1004795caeda0e94f5bfdb879dfb,c1055008565df6ac915396f459156c07,delivered,2018-05-25 18:44:28,2018-05-29 03:14:38,2018-05-29 13:28:00,2018-06-06 15:44:43,2018-06-19 00:00:00
3927d50ce663f7648ed0ca807740c6fe,da79d4dc6d443cfd01804d03420c90de,delivered,2018-05-07 13:31:20,2018-05-07 15:32:35,2018-05-10 08:02:00,2018-05-14 19:51:34,2018-06-04 00:00:00
7114487751b14b1d7f547fefba1eec75,d9701914d7ce67dae929a04783aa18d2,canceled,2017-11-22 19:56:37,2017-11-22 20:26:11,,,2017-12-12 00:00:00
fc303e9e3e6717098dbf0a3484304832,14aa902a1bec2236ae111bdcb39c94bf,delivered,2018-03-02 11:01:40,2018-03-02 11:15:42,2018-03-08 14:52:18,2018-04-06 22:38:05,2018-04-02 00:00:00
472d6b3e92be83f747dea801ed1d461c,762714720007f6df80b89a121d5101e0,delivered,2018-01-26 22:37:19,2018-01-26 22:52:05,2018-01-29 22:26:45,2018-02-21 22:16:47,2018-03-06 00:00:00
2c02d17ab6c97e9a58c6bf900a39aa46,0a8bbe8223edbb48f6525d97ee1b1d7d,delivered,2017-08-31 22:31:26,2017-09-01 02:30:33,2017-09-04 15:14:47,2017-09-09 13:10:07,2017-09-19 00:00:00
a47d0baf5bb361cf68e3f1ec57bf57e4,376b0d5753abc221c779a46ba028e9b7,delivered,2017-02-05 03:00:31,2017-02-05 05:20:12,2017-02-07 08:22:25,2017-02-14 15:05:35,2017-03-03 00:00:00
511665064721c1e68628a71b176c81f9,19885b25f450a981e4c9a3e2df120d41,delivered,2018-02-02 22:05:44,2018-02-06 04:32:54,2018-02-07 22:15:07,2018-02-16 16:22:58,2018-02-20 00:00:00
29d81fbe3a3300902407cf57272030c6,4c3163e024bd8bbd0843b6fe3604bd7e,delivered,2018-04-14 20:31:47,2018-04-16 08:51:09,2018-04-17 21:04:09,2018-04-25 20:38:47,2018-05-22 00:00:00
1fa227c2175161fa52871ff9113080f5,afcc64cd0cb57207266be44768e4da76,delivered,2017-07-31 16:29:22,2017-07-31 16:45:17,2017-08-03 10:22:16,2017-08-15 16:16:04,2017-08-24 00:00:00
c95e84ae7a7ece4f18736621998851f3,22069813f745ad53f6bbc9edaff58811,delivered,2018-02-24 09:00:16,2018-02-27 04:31:18,2018-02-27 23:29:09,2018-03-23 00:37:05,2018-03-16 00:00:00
1becc10041758cb1c9bcefcae76957cf,fcc9021730381cecfcc6921f4603de9b,delivered,2017-11-10 09:05:48,2017-11-10 09:15:48,2017-11-10 21:54:31,2017-11-16 11:32:32,2017-11-30 00:00:00
e70216ba107820e5ae3a74bae559bc6a,c782314cc13de5571cab76c232cac725,delivered,2017-09-22 08:21:04,2017-09-22 08:30:19,2017-09-27 21:12:37,2017-09-29 16:53:46,2017-10-10 00:00:00
7198e283e4a0c1146dcc3f5bedd276c2,601d0b60b2b201e4863fc5c248c47655,delivered,2017-03-03 16:08:51,2017-03-03 16:22:19,2017-03-06 09:51:00,2017-03-10 08:58:47,2017-03-22 00:00:00
7d0ed38550fa692c0dff9a4d0eddb8e7,0f3179de38741efcde57ff90a832e7b8,delivered,2017-08-03 11:21:10,2017-08-03 14:03:40,2017-08-08 13:52:44,2017-08-17 15:17:12,2017-08-25 00:00:00
1b2998ac4c3495c47a6f8cb5c2d65f35,2bec50359568aa1da8a53641e3d74e78,delivered,2018-01-24 21:31:07,2018-01-25 02:38:24,2018-01-26 13:42:41,2018-02-09 21:13:12,2018-02-22 00:00:00
b67e02ea060b19daa2f506a1357b29ac,3d25dcab79dd4d05a92125f189ca327b,delivered,2018-03-12 18:55:23,2018-03-12 19:09:54,2018-03-13 22:55:39,2018-04-02 10:35:04,2018-05-07 00:00:00
d8691426e29a4206ab5076fcdbc1736d,36478c0e016a642d15a5dffc20b56c4c,delivered,2018-03-01 21:56:03,2018-03-01 22:10:29,2018-03-02 22:46:37,2018-03-05 21:32:43,2018-03-13 00:00:00
8bd6a871f49ba51f3579479d79c6f145,7a008fcdb10f2c786f7277fa29c6b95d,delivered,2018-04-02 10:49:22,2018-04-03 20:09:03,2018-04-04 17:52:29,2018-04-23 13:58:27,2018-04-23 00:00:00
b99c041d0a55d659b66f51788c0c5817,497fbfe197a4cb43cc155956c71dbbcf,delivered,2018-07-10 07:42:46,2018-07-10 07:55:12,2018-07-10 11:22:00,2018-07-13 19:26:51,2018-08-02 00:00:00
d6322bbb41a10c3fe6721b45537106c8,cb0ae8d3e18ff1b675bdcadf373fc97f,delivered,2017-02-09 22:45:52,2017-02-11 02:45:27,2017-02-15 10:32:24,2017-03-02 08:55:52,2017-03-13 00:00:00
0c0c0f650ac2a2a5be13771662829d5e,ae6df2d35c8f67cdb9ad5648033a1a2c,delivered,2017-12-27 21:13:29,2017-12-27 21:26:41,2017-12-28 17:05:27,2018-01-08 15:37:42,2018-01-31 00:00:00
1a0b31f08d0d7e87935b819ede91a321,7e769bb9acb55403ebd7ea57a7a4421c,delivered,2017-04-11 13:50:49,2017-04-11 14:05:17,2017-04-13 17:35:03,2017-04-18 08:18:11,2017-05-18 00:00:00
c8659bbe606f2b5c31cc02f58fce4b5c,e3a3fce886936b263838d1f984dad2d2,delivered,2017-09-18 20:22:43,2017-09-18 20:36:20,2017-09-22 10:50:15,2017-09-27 22:39:48,2017-10-24 00:00:00
a0ecc11c21cacf6dc957678e792102c1,8f8e22820cc1eb5b2a66ace8d1c2033c,delivered,2018-08-19 17:17:45,2018-08-20 12:30:55,2018-08-21 11:56:00,2018-08-28 21:31:00,2018-09-04 00:00:00
b6cc16441c0ac5d724fbbfd192b801d6,9d41ac70d57de4ce5e134246bfe7b237,delivered,2017-09-13 12:50:26,2017-09-14 02:45:39,2017-09-15 21:24:48,2017-09-26 21:30:07,2017-10-03 00:00:00
c09bf2814fb67faaa01616fa08f0d482,26be51031ee800dd720d1e5f80e10433,delivered,2017-04-11 16:18:04,2017-04-11 16:32:02,2017-04-12 10:21:09,2017-04-19 14:44:37,2017-05-03 00:00:00
a08c01d5f51d5678f97d00ad2f228f8f,9bd8e567ef3dcb95975094315258139c,delivered,2017-05-22 19:44:21,2017-05-22 19:55:07,2017-05-23 08:45:20,2017-05-24 14:10:17,2017-06-09 00:00:00
4e1de8ce601dce8d9ec0049bb09af89d,dcd1eac68e471e3d8a26c7609891cbb0,delivered,2018-05-14 13:25:29,2018-05-14 13:35:22,2018-05-17 17:00:00,2018-05-24 15:42:03,2018-06-04 00:00:00
638c0b485b0d53ae317d2848475b0a6c,ae44e000623f8b6fdb32053a23853bec,delivered,2018-07-16 23:05:11,2018-07-18 02:45:24,2018-07-18 09:34:00,2018-07-23 19:48:43,2018-08-09 00:00:00
9b1ea0490fa9828ccdf677a07879d88d,90532b022f6573a7e3d4d57a4572864a,delivered,2018-01-12 15:58:36,2018-01-12 16:09:05,2018-01-18 19:05:52,2018-01-22 21:08:56,2018-02-05 00:00:00
965755dbb84ff452c0e084ef9d1f21a3,b167a5e662ef9b2ac117c7e7ebb8b304,delivered,2017-10-10 18:40:36,2017-10-10 18:49:24,2017-10-11 21:23:46,2017-10-19 16:51:45,2017-10-27 00:00:00
7e4781e7b053db140ebba2ed6e3fde99,15aa16b2327e928f15a72f11d98d241d,delivered,2018-07-02 08:36:24,2018-07-05 16:14:20,2018-07-04 16:05:00,2018-07-10 16:41:12,2018-07-25 00:00:00
92e50fc63b89872b2d7aae1c07b64d97,607738441825be3267dcc380da1a069d,delivered,2017-04-20 08:32:30,2017-04-21 05:15:28,2017-04-25 08:14:20,2017-05-04 16:07:40,2017-05-12 00:00:00
4989f3f8cec2a6f73b0d121c0e134624,8d0cefcf69559a014ec1ea6e8ebca2ae,delivered,2018-08-07 16:20:21,2018-08-07 16:35:26,2018-08-10 09:54:00,2018-08-17 21:27:45,2018-08-31 00:00:00
742d862c30615984a57a26626cd1b40f,55a054548002d8141917bd00ed88d9a7,delivered,2018-05-27 15:57:57,2018-05-27 16:15:04,2018-05-28 16:56:00,2018-06-08 01:32:55,2018-06-28 00:00:00
5836a9fd173a29689e12bf421d2d280b,744712b9c80935dedc6c1995e32bfdd9,delivered,2017-01-30 14:19:23,2017-01-30 14:36:35,2017-02-01 15:59:43,2017-02-08 10:12:18,2017-03-15 00:00:00
012e93f8170eb75b2f2f650629d04517,247d810acdcbc96b05e98fa5ddbc250e,delivered,2018-02-01 23:27:28,2018-02-01 23:51:37,2018-02-02 20:37:35,2018-02-07 15:15:58,2018-03-01 00:00:00
1f040a56df747205ee9e9a9cd8003877,dca1cedba0ec12fa1079b8f50f0cd16a,delivered,2017-05-15 00:18:42,2017-05-16 03:35:31,2017-05-16 14:05:08,2017-05-19 11:13:58,2017-06-06 00:00:00
f18f5a3bad7d9b08a5339c46ce64fdf7,991fd5f3b0cf6ed94c38f9f3c28b1a80,delivered,2017-08-10 15:30:50,2017-08-11 04:25:00,2017-08-11 14:36:49,2017-08-31 23:03:58,2017-09-05 00:00:00
60955f77d741a838580384007152692e,93cf06215ca4314f34a26e93ac0320d0,delivered,2018-05-11 16:17:34,2018-05-11 16:31:38,2018-05-14 13:41:00,2018-05-19 11:28:34,2018-05-30 00:00:00
f967a36beb9cc4a1c8899db2d4adfacb,5226d2384cbf25b91d36e3318170e479,delivered,2018-03-29 19:49:55,2018-03-29 20:08:07,2018-04-02 20:12:09,2018-04-24 13:32:44,2018-04-20 00:00:00
b025c63f2b137f993c1978609f2590b9,9772c01d2cb00abaca4ab9cd7df9a095,delivered,2018-04-03 19:49:08,2018-04-03 20:09:04,2018-04-05 17:44:35,2018-04-11 18:02:39,2018-04-24 00:00:00
6042c0c3800159373b3343dd442c86bd,3d86c7409e155bf2b6490a0a3384a48c,delivered,2018-07-14 00:35:22,2018-07-14 00:50:18,2018-07-16 13:53:00,2018-07-25 17:32:01,2018-08-03 00:00:00
bd082df331ea01e5fed75bd20f124cf3,b1b857f0298e3621b07763c03bc4676e,delivered,2018-04-02 03:54:22,2018-04-02 04:27:38,2018-04-03 18:44:37,2018-04-16 17:56:37,2018-04-23 00:00:00
3c05712f236fb4767524a73b0775ff27,84ae4d89a590f6343053cf1f33a0119c,shipped,2017-08-18 21:16:33,2017-08-18 21:30:16,2017-08-21 23:11:58,,2017-09-12 00:00:00
0e1bac945331ee7ac2676eaec01b8fc4,3ac6c4432699c5b4495a786857df6d14,delivered,2017-03-22 17:26:40,2017-03-22 17:26:40,2017-03-23 08:39:40,2017-04-18 11:46:30,2017-04-24 00:00:00
b43a43696d9a9950b681606b8c7786ec,8df2c8fa899507ec4c9709aecabbc68f,delivered,2018-02-20 10:38:18,2018-02-20 10:50:38,2018-02-22 15:19:21,2018-03-07 21:12:44,2018-03-16 00:00:00
49d10d709e14496d0d1d8d6cb556d2f3,996cc20f492fe7046b8562c4526f345f,delivered,2018-06-26 18:49:53,2018-06-26 19:18:25,2018-06-28 14:05:00,2018-07-03 16:12:58,2018-07-23 00:00:00
ca4ba0b98a93b132627b97a29c658637,16113da7eb5959b1085b146216d09bca,delivered,2018-03-25 23:15:31,2018-03-25 23:30:23,2018-03-27 14:24:50,2018-05-08 13:46:53,2018-05-02 00:00:00
7497d2863817fe3cacbf2190af7accf6,16d344034d088c4ea420da408ef77129,delivered,2017-12-05 15:44:26,2017-12-07 15:50:49,2017-12-08 23:38:51,2017-12-11 17:59:01,2017-12-21 00:00:00
5b4b69da34150b8394c7788bf2e9f99f,7f8c37ce90d3343ae2b49242ab8d3ddd,delivered,2018-07-15 13:38:37,2018-07-15 13:50:16,2018-07-16 10:20:00,2018-07-23 20:24:46,2018-08-06 00:00:00
0a76ae785560c5882874b2738c60d958,7c2b2f906d186327dc6e0fe22ed570d0,delivered,2017-08-02 12:48:40,2017-08-04 02:30:49,2017-08-07 18:08:04,2017-08-17 10:22:51,2017-08-28 00:00:00
c42c77adb71ee6c1ca91e61888a18932,f5ca65d1ad6deb11a9c5c37d948093e9,delivered,2018-02-24 17:48:04,2018-02-24 18:20:19,2018-03-12 22:08:39,2018-04-03 11:34:24,2018-03-23 00:00:00
d386985bfd6c699bcfc94596740fec3d,fa3bf08e3e39304580ec8fde1bead18f,delivered,2018-04-11 15:44:39,2018-04-11 16:10:40,2018-04-13 16:54:42,2018-04-19 15:48:44,2018-05-11 00:00:00
15735c67370744a57eb8978014aead04,ad010e59e66825ff57778772d2b9742e,delivered,2017-06-07 10:40:19,2017-06-07 10:50:36,2017-06-08 15:42:08,2017-06-19 19:07:50,2017-07-06 00:00:00
40ebc9d21ae5f5d7dfd398f87e63f455,54c424fd34699c65ea6d0c12a80e4a72,delivered,2018-03-12 16:57:52,2018-03-12 17:10:50,2018-03-13 22:04:05,2018-03-17 00:18:43,2018-03-22 00:00:00
112909cbca6ebc18ce400189ea165cae,4c669e5b6ae17e66d4551e3e625c7f1e,delivered,2018-06-26 13:22:57,2018-06-27 13:12:32,2018-06-28 15:11:00,2018-07-03 18:46:36,2018-07-17 00:00:00
f2cc9d063beb0b42924df2341183e910,3ae006470fe900879650b22b95080f2b,delivered,2017-12-02 18:33:40,2017-12-02 18:57:13,2017-12-05 00:37:41,2017-12-10 13:17:00,2017-12-27 00:00:00
67b0b5998d225c031727557708e9bfb3,0e64243e3c9e75223f747566587f40dd,delivered,2018-05-18 15:29:19,2018-05-18 15:55:41,2018-05-21 13:45:00,2018-06-08 10:41:30,2018-06-11 00:00:00
12774673db08de6a72c23442fe16e9a4,9df81b7cd5e2cbe09ab02e1a82b8d6c2,delivered,2018-03-02 11:38:59,2018-03-02 11:55:48,2018-03-05 19:38:51,2018-03-06 21:27:47,2018-03-14 00:00:00
e2f6bff876d784db1590923c91ead84a,33ae60240791bd96cb2e94e981759b32,delivered,2017-10-18 17:52:06,2017-10-19 15:49:28,2017-10-20 16:52:35,2017-10-23 22:20:17,2017-10-30 00:00:00
c432f9c7affd083765cdda588b7ea625,6e7bc0b4093e18eca545fb13d408a9ca,delivered,2018-07-09 14:06:20,2018-07-09 14:24:49,2018-07-10 08:57:00,2018-07-16 15:42:59,2018-08-03 00:00:00
73f078f94fbf270913ba09b8bb2d0f93,e943e6bedea48751d312af66c93f0592,delivered,2018-04-17 13:00:55,2018-04-17 13:15:18,2018-04-18 00:28:44,2018-04-23 22:46:48,2018-05-10 00:00:00
311048e1af4272bc3aca2843fb97ae44,195133a4df02bdaf18ce8446f3a48c46,delivered,2017-12-15 01:00:28,2017-12-15 01:10:32,2017-12-19 23:34:30,2017-12-23 18:27:00,2018-01-10 00:00:00
7f40bccfad4d1884bacd6cb9d10e84e1,d3ef0c42a88b099e427be86fff577e54,delivered,2018-05-13 22:17:28,2018-05-15 05:15:00,2018-05-15 14:59:00,2018-05-19 00:22:45,2018-06-07 00:00:00
3398470b1f117c681a7dc2ead5553724,ab74ad955374d980490e785a2f1e5f9e,delivered,2017-02-05 19:10:08,2017-02-07 04:03:12,2017-02-07 13:09:06,2017-02-14 12:42:35,2017-03-03 00:00:00
7a977daeefe13a57132b21579049d020,c453f2f11d99b58f83619407921ab6aa,delivered,2017-08-13 20:31:28,2017-08-13 20:45:18,2017-08-15 19:52:07,2017-08-19 14:45:39,2017-09-05 00:00:00
434ec3f57648befd76c4f52d8524cc1d,e116184443d10a4a7906e9fa24dfecb3,delivered,2018-04-25 21:11:16,2018-04-27 03:10:30,2018-04-30 14:07:00,2018-05-08 18:15:43,2018-05-18 00:00:00
d07974902bc980d801323050a1dd1644,7513b6833a1615ae5be15e84fb3a30f6,delivered,2017-10-10 21:59:58,2017-10-10 22:21:05,2017-10-11 17:45:55,2017-11-03 18:16:59,2017-11-06 00:00:00
329eb66ed3125473bd5c70dc291b2621,64921fede8259055e3944c02d8ba04b8,delivered,2017-05-26 20:18:51,2017-05-26 20:30:20,2017-05-30 15:26:51,2017-06-14 06:45:52,2017-07-05 00:00:00
ac8189e5e0b236fb91fbd04c3975b750,737a5a1dac264edd6dd49009e8dfdc87,delivered,2017-08-09 13:14:14,2017-08-10 13:25:18,2017-08-14 21:07:52,2017-08-23 19:18:03,2017-09-06 00:00:00
ccf9f826a9a2889f396bc19425443c9c,099dd240798668d46c5989ed873226c2,delivered,2018-01-30 18:19:18,2018-01-31 17:30:26,2018-02-01 19:10:34,2018-02-05 19:14:17,2018-02-15 00:00:00
4754d7bc057483f912a675e072cd7437,0fc720fc8c292a9f931206b6dcaf5245,delivered,2017-11-27 21:12:18,2017-11-27 21:19:27,2017-12-07 19:03:33,2017-12-13 12:19:14,2017-12-15 00:00:00
07d13d352c85dfbfa60dc56dea818335,b3588b0dfd394759bb0048856f365c95,delivered,2017-01-22 23:07:15,2017-01-24 03:50:36,2017-01-27 14:21:25,2017-02-01 21:23:21,2017-02-28 00:00:00
435f2daeb635ed643b734989e51553c6,805d3866943c88ce53b6a4e112e4fdbf,delivered,2018-02-27 15:10:06,2018-02-27 15:29:49,2018-02-28 23:23:16,2018-03-05 16:17:30,2018-03-19 00:00:00
070d0196420dc138bcfaa72cb10eea02,3bed766b475a1eb116f9bfa0121d75f4,delivered,2017-11-25 13:10:33,2017-11-25 13:33:16,2017-11-27 18:22:44,2017-11-29 04:28:50,2017-12-11 00:00:00
d7db188906a24b4ae6a02dc37693752c,c6a5b8db6885e67c4fbb7f21cae8ba16,delivered,2017-12-05 13:34:50,2017-12-06 02:50:38,2017-12-13 13:16:22,2017-12-20 19:48:33,2018-01-11 00:00:00
7a857abfe8790b4e9b8989ff734d5154,475cb9fbeae47d32b9f40e4711ea8111,delivered,2018-05-07 08:19:37,2018-05-07 16:33:44,2018-05-09 19:00:00,2018-05-10 22:28:55,2018-05-18 00:00:00
578c61a097978687b2c5109f39efe918,55e2dbd75d718a43e8c8282be9c4828f,delivered,2017-03-10 14:56:00,2017-03-10 14:56:00,2017-03-14 13:07:41,2017-03-17 14:48:16,2017-04-05 00:00:00
557c1116cc609730b617567dec5790b3,700445aab496515da3f6d78df2b11968,delivered,2017-06-09 16:01:45,2017-06-09 16:10:32,2017-06-14 10:41:58,2017-06-23 10:44:58,2017-07-06 00:00:00
6460e331ee8f69c01f1423cca48d9991,59b219b2e1d1b20580c3551e07db6648,delivered,2016-10-10 11:17:11,2016-10-11 05:02:23,2016-11-20 09:57:41,2016-11-24 15:44:05,2016-12-02 00:00:00
8411e6f64e8ba69af35b400712a77a8b,03c7ba581235c5cf6a6bf7d1c538d422,delivered,2017-05-22 08:50:07,2017-05-22 09:02:26,2017-05-22 16:02:56,2017-06-02 14:56:09,2017-06-22 00:00:00
a9121d9a1f7b2530fd9d2d6dc01647cd,366926d8a85ea42152d28ab83c462119,delivered,2017-01-31 03:52:34,2017-02-01 04:31:51,2017-02-01 10:40:12,2017-02-07 07:53:36,2017-03-21 00:00:00
1b18975169da58190ac88ceaaa29459c,cfe95194b045abcd321d5447e8391c4e,delivered,2018-01-16 17:51:32,2018-01-16 18:11:29,2018-01-17 17:42:44,2018-01-25 15:27:36,2018-02-09 00:00:00
ae0c90acc567c5caed29567429c341c4,3095dd80e5ee3e7f16667ca2af5d7f7e,delivered,2018-07-29 12:48:12,2018-07-29 13:24:09,2018-07-30 07:59:00,2018-08-02 22:38:45,2018-08-08 00:00:00
67bb62ec6f396662e56bcb9d61f09b57,a9d9f52bdd819917614deba59f4e56ca,delivered,2018-08-03 11:56:31,2018-08-03 12:31:33,2018-08-06 08:47:00,2018-08-09 19:36:27,2018-08-21 00:00:00
f4d74c1de6a7dd6cdaa7e10221fbae2a,75be520c2f39abbac9e235557f0b8e15,delivered,2017-11-17 13:13:15,2017-11-17 13:46:36,2017-11-22 21:04:35,2017-11-30 15:42:26,2017-12-07 00:00:00
54003f7c50e8d6150ba0d26f4b3e3a2c,8655fec02cd7546f279aad8752c8a726,delivered,2018-03-20 00:51:47,2018-03-20 01:08:37,2018-03-20 21:21:46,2018-03-21 13:54:27,2018-04-02 00:00:00
6127797c104df1ac653da2a9783f2d65,d0b25c3ff06f89424d29785b8142901d,delivered,2018-04-15 18:56:42,2018-04-15 19:10:56,2018-04-16 20:11:27,2018-04-17 19:58:46,2018-05-03 00:00:00
233eebd5164efa70e2f97046c2bb804c,71efc8423141b34577e6c63aefddd5bc,delivered,2018-03-26 16:32:34,2018-03-26 16:47:35,2018-03-27 22:57:22,2018-04-03 00:57:48,2018-04-12 00:00:00
37c814e314a9f68cd30d01a953025068,6057b3230ae1277e11dd7ee7452f6b63,delivered,2018-03-25 21:08:01,2018-03-27 04:08:27,2018-03-27 19:48:57,2018-04-10 14:28:52,2018-04-16 00:00:00
16aaefde5d48ac55cb13be6353f9d415,c616dbff41c008fb0d5f5e7bb8e742ba,delivered,2017-03-31 19:14:54,2017-03-31 19:25:07,2017-04-03 14:55:06,2017-04-07 11:52:11,2017-04-25 00:00:00
2950635023cad13f31781829ce4d6038,eca0a7f41f784eeaed7b306ca676dad6,delivered,2018-03-29 21:41:38,2018-04-03 05:48:55,2018-04-06 21:58:38,2018-04-16 20:27:51,2018-04-24 00:00:00
f05e28dab420413c46a8eb509b5767cf,5f6705d9c72fa68afdf8b23b94bfeb63,delivered,2017-12-06 22:32:50,2017-12-08 22:30:21,2017-12-12 01:08:46,2017-12-27 10:58:41,2017-12-29 00:00:00
0f6134bc3d92b2b091f7cab65b9f7ac2,8de47e3c79765207cd3b53d4c95ed949,delivered,2018-06-03 11:49:20,2018-06-03 12:10:28,2018-06-07 14:14:00,2018-06-14 21:33:26,2018-07-24 00:00:00
758fbb6d7ea877ff4005851bb75238c2,99b4d43e6fe62bf8ac5142de557dd80b,delivered,2017-05-20 13:29:03,2017-05-20 13:43:25,2017-05-25 09:27:44,2017-06-09 10:49:33,2017-06-09 00:00:00
eb2bc421011479d161bd927f2d43272f,0e03f37794e29b07c282c0c8cdf111a4,delivered,2017-11-25 19:24:26,2017-11-25 19:34:34,2017-11-28 02:47:46,2017-12-15 17:58:49,2017-12-18 00:00:00
9af30405d5b2815b66fcfd17e241fa90,ea16d707b31362619e32a72fb693e792,delivered,2017-12-26 16:45:21,2017-12-27 04:08:46,2017-12-27 16:44:48,2017-12-28 18:48:02,2018-01-15 00:00:00
e5c7ad83fffff48754bc2696e1ea59fb,c5444e3af35bf2098b42eba5c776c755,delivered,2018-07-05 07:52:09,2018-07-05 16:18:50,2018-07-06 12:03:00,2018-07-10 21:48:53,2018-07-24 00:00:00
77a5bfa62225470464b913edec2910a3,4af87b0f3169a9883b311bb33441349b,invoiced,2017-11-04 12:43:59,2017-11-07 07:30:44,,,2017-11-29 00:00:00
1eed3691b23af50a487c4f8828287734,6631da7e6d5498aafb370521ea6069e8,delivered,2017-07-20 00:17:09,2017-07-20 00:25:21,2017-07-24 20:34:00,2017-07-28 18:35:08,2017-08-11 00:00:00
ac0d19143b07550124df5139ba1faa6a,6c4746775f7e66bf1e3e44bc3e9065fa,delivered,2017-12-08 17:10:54,2017-12-08 17:30:27,2018-01-09 16:31:35,2018-01-09 22:58:06,2017-12-27 00:00:00
5cf4f1db71ef2896c0c286637f7dffd1,90c3de9eb482c56ce68a64076d68323c,delivered,2018-07-25 13:20:53,2018-07-25 13:30:15,2018-07-26 11:16:00,2018-07-30 15:55:11,2018-08-09 00:00:00
6f4a6eb3e4ef9a73f9b63fa7ee3ce425,252c0f494f702d4238a24ea47848b9bb,delivered,2017-02-20 13:31:57,2017-02-21 05:07:43,2017-02-21 12:00:56,2017-03-06 09:41:59,2017-03-21 00:00:00
902b131c259343f5ed33793abe78e408,697d2a6cdb2580c0bed46a3ff51acfa9,delivered,2017-07-10 12:26:03,2017-07-10 12:43:46,2017-07-11 17:17:32,2017-07-24 19:32:22,2017-08-03 00:00:00
192fa3a13695ed2ce3bb341e3313d69d,56d8324b1de540272cf519a7ee409c24,delivered,2017-10-16 21:56:21,2017-10-16 22:49:22,2017-10-17 16:27:44,2017-10-25 17:46:18,2017-11-07 00:00:00
d35588da5ba45ef8d7b51fa96db86059,71570974a826d2c978517fab207ccb7d,delivered,2017-10-06 08:36:57,2017-10-06 08:49:18,2017-10-06 17:55:20,2017-10-21 01:03:11,2017-11-09 00:00:00
c1366ef2cc8c78ce5497795b5c792431,714b4d2f0cde4bae597759c5fb41d161,delivered,2017-12-04 07:42:54,2017-12-05 04:12:09,2017-12-07 18:13:09,2017-12-08 15:53:17,2017-12-20 00:00:00
5ff9ebf728452fa38327107ff79df804,032a8a054066276df2c3df8e1be1611c,delivered,2018-04-27 19:04:19,2018-04-28 03:32:56,2018-05-11 06:38:00,2018-05-17 11:10:49,2018-05-28 00:00:00
1da6c2d53ad9f033ccf54f16801546eb,723debce8018cfe1a57bb4c4d9793696,delivered,2017-09-23 15:05:38,2017-09-23 15:15:16,2017-09-27 16:54:01,2017-10-06 17:28:06,2017-11-13 00:00:00
ad0dd8ca440dc2c8317a394821bce7b4,a4bdf6e6b0fdac1fd623e1c1a5417ce0,delivered,2017-06-07 11:58:12,2017-06-07 13:05:26,2017-06-09 13:02:52,2017-06-22 11:42:08,2017-07-10 00:00:00
68078862fcfa2002707c665997fee311,3801aefdf91a678d97c08325798a79bb,delivered,2017-05-25 15:02:57,2017-05-26 02:35:17,2017-05-29 10:00:55,2017-06-01 12:03:28,2017-06-14 00:00:00
37a4ce5cc129f57f3c0d75ea0930f420,a6c7918342b4916efb9c858a5554dc2b,delivered,2018-01-18 12:30:24,2018-01-18 12:56:26,2018-01-23 21:39:12,2018-02-09 21:38:56,2018-02-26 00:00:00
2fc4990b9de2806b1e361d39937c113c,8c9bfe4267c768c965a7a3770b06899b,delivered,2018-04-05 21:41:17,2018-04-05 21:55:15,2018-04-07 01:26:33,2018-04-12 19:23:43,2018-04-26 00:00:00
8881dc280b8de23e6913aaee6bf61bb5,1409d4984ed93c6cd3098952b9ff8ff1,delivered,2018-06-07 18:42:34,2018-06-07 18:55:58,2018-06-08 12:03:00,2018-06-15 18:42:41,2018-07-13 00:00:00
142b64dc3a09842572df17bdca68b5f3,29688803497585707a8b9bc412b3ef17,delivered,2017-11-02 14:55:45,2017-11-02 15:10:28,2017-11-09 17:53:17,2017-11-24 10:26:34,2017-11-29 00:00:00
f45c2739157a61ee8da5724e961a227e,e050f1d0ef8106ee8e751297866c1b6c,delivered,2017-06-27 11:21:39,2017-06-29 02:50:25,2017-06-29 15:26:23,2017-07-05 14:43:51,2017-07-26 00:00:00
d4483d3fe5bb19cb4dcfe5d9a0bd4604,a4006adf432fbcb1718231ca5a5ca743,delivered,2018-07-28 13:12:23,2018-07-28 13:44:35,2018-07-30 15:11:00,2018-08-02 21:46:43,2018-08-09 00:00:00
c68cb1496648de6d9c8ee2e4475f8fc3,4101a5d6c7424b949a43adc5a2c0b723,delivered,2018-04-27 14:28:05,2018-04-27 14:52:27,2018-04-30 08:43:00,2018-05-02 17:12:01,2018-05-10 00:00:00
47950fd9593ec583d56bcc690f12e245,5f9d4ba1b2825bd9d4c3af5722c8f790,delivered,2018-05-25 16:47:12,2018-05-26 02:31:38,2018-05-28 13:13:00,2018-06-08 17:39:44,2018-06-20 00:00:00
869997fbe01f39d184956b5c6bccfdbe,55c9dad94ec1a2ba57998bdb376c230a,canceled,2018-09-26 08:40:15,,,,2018-10-25 00:00:00
8ffdb23dc30d4050e387117034445f98,859a7b535e698c33782421bd099629b6,delivered,2017-05-02 23:03:56,2017-05-03 15:35:25,2017-05-11 14:29:05,2017-06-06 15:54:37,2017-05-30 00:00:00
66efd2908f85d751e42a8ef1b0bf103a,0eda78797211970cf380fa08b6cf5e89,delivered,2017-12-30 10:22:15,2017-12-30 10:30:29,2018-01-02 20:37:54,2018-01-10 20:28:59,2018-01-29 00:00:00
d20d521427100e96eb0298afc19d97f6,d711a88fdd3d5d149e3448061520dd71,delivered,2018-06-13 16:26:28,2018-06-13 17:00:13,2018-06-15 13:57:00,2018-06-26 21:44:26,2018-07-26 00:00:00
9dbf98463571bd46e501a18aa7c2899a,c5f1305fe9228545294036db7d4ac658,delivered,2017-12-21 22:16:40,2017-12-23 02:18:24,2017-12-28 17:19:17,2017-12-29 18:43:41,2018-01-11 00:00:00
78c0b2e524faf734fa7ecccff7e492aa,dad733d24b13b2b00ef4c1f1d2aa9a32,delivered,2018-06-03 17:02:22,2018-06-05 04:52:03,2018-06-06 14:37:00,2018-06-18 16:54:52,2018-07-12 00:00:00
6d5e182d08759de50f1ddd6990a8ca61,d257ce8fd49271a0c7a0a5c304fb3333,shipped,2018-04-11 20:08:25,2018-04-11 20:29:47,2018-04-12 22:12:13,,2018-05-04 00:00:00
5a21bc094a00548eb4ede75095889e95,ab990ef1c4e2bd1d627000a5bd51ab05,delivered,2018-02-19 15:13:10,2018-02-20 07:10:46,2018-02-21 21:15:10,2018-03-14 13:54:33,2018-03-19 00:00:00
9ee1e0b23de00d0f485da371304385f4,b74843e8f80a6bcb5946b73358cd43ed,delivered,2018-01-26 15:50:13,2018-01-26 16:19:27,2018-01-29 17:22:47,2018-02-15 15:25:18,2018-02-26 00:00:00
6c789c4531cce9df0350a20eba9936be,b2a524843883f80fec97328f138ac3bb,delivered,2017-11-10 12:58:10,2017-11-11 02:55:42,2017-11-17 19:51:17,2017-11-21 20:07:26,2017-11-24 00:00:00
abe67a843827a36b5f5c1b9e141b5531,0dfe07126bf358f2851e2a02aa46aecd,delivered,2018-07-16 19:30:44,2018-07-18 02:45:22,2018-07-19 18:04:00,2018-08-01 13:03:34,2018-08-09 00:00:00
b45a5a1ecf16bbfd6254cdb7ef0dc2f7,37be9132c30097517fd6acecbda58ad5,delivered,2018-03-15 09:02:36,2018-03-16 03:45:19,2018-03-16 18:24:29,2018-03-27 18:09:46,2018-04-06 00:00:00
7e1143a7f790cb46901efe6d2c3401b3,b763ab1e6ce4e740fd2c4ad17141ada2,delivered,2018-01-02 19:04:53,2018-01-02 19:31:33,2018-01-03 19:33:44,2018-01-05 16:14:23,2018-01-18 00:00:00
9ce6c58565a9f49c421d2c6e9f650041,d7c13c32539612fcc615e44ee3d9ecb8,delivered,2017-10-16 18:46:05,2017-10-18 03:09:14,2017-10-24 23:53:10,2017-11-14 20:51:54,2017-11-28 00:00:00
8251eaa2e6ddef54b733bbac505cb57b,2ad63219689e97540b167b3dca7c350a,delivered,2017-12-06 12:09:10,2017-12-06 12:19:31,2017-12-07 18:15:31,2017-12-27 03:04:20,2018-01-08 00:00:00
dd93ad321f58e7e25ad0dde34d747a5c,aa7bd59e3fd3e858e9ae5e3f2954ba42,delivered,2018-02-04 22:05:25,2018-02-05 21:55:29,2018-02-08 00:47:56,2018-02-27 00:07:38,2018-03-07 00:00:00
7e3df478d7ab6ef28c022acd6bc4df2f,119d2be4d56085b41d34fededa11b1bc,delivered,2018-01-31 14:25:28,2018-01-31 14:50:10,2018-02-02 01:18:13,2018-02-03 01:28:53,2018-02-16 00:00:00
5840068b97332d448a86a8123876c940,19c0e85760da9a9bce4e2472c4818c63,delivered,2018-01-14 11:50:59,2018-01-14 12:08:45,2018-01-22 19:16:44,2018-01-26 23:53:11,2018-01-30 00:00:00
99917575a602235938d9572d18ad0caf,e14fffe9e8a1c37261430c6f9c7a96b1,delivered,2017-10-14 20:22:17,2017-10-14 20:36:35,2017-10-16 16:34:09,2017-11-13 20:09:42,2017-11-16 00:00:00
c76aa58bebd46d59ad087870ece70dd7,4089e7341d53fc5d347d9d309272ffab,delivered,2018-05-16 13:05:30,2018-05-17 03:34:54,2018-05-18 14:15:00,2018-06-04 14:19:01,2018-06-07 00:00:00
2593934aa67c9cf886bba605ff28c2b8,9972cdbf7100c03964eee775f3327c9f,delivered,2018-05-31 16:47:51,2018-05-31 17:09:43,2018-06-01 12:26:00,2018-06-04 20:18:38,2018-06-26 00:00:00
c4c8b726ad7cd3710a9cf7bbbbcff111,c4f135e4cc9e64295cdc7cadf490b642,delivered,2017-10-01 18:55:23,2017-10-01 19:07:18,2017-10-02 19:37:34,2017-10-17 17:49:53,2017-10-31 00:00:00
9b5f1d8f674dbded691812e5fe07db5c,86d9c7683745d83c909476d82e7bc06e,delivered,2017-12-10 20:02:46,2017-12-13 14:58:28,2017-12-14 21:57:01,2017-12-27 20:53:28,2018-01-12 00:00:00
86200deb58eb0b29e666114e87e76302,27b151e6441fb44c683868ebf2a123dd,delivered,2017-11-29 21:24:02,2017-12-01 21:55:19,2017-12-06 16:23:02,2017-12-14 14:44:59,2017-12-15 00:00:00
d698f250537eaef39df378be5aae95f0,2947a753b45ea10edd8861584073e202,delivered,2018-03-24 17:23:22,2018-03-24 17:47:16,2018-03-27 16:46:54,2018-04-14 22:04:08,2018-04-12 00:00:00
2d46df0a9debda5d4ca0d1f8058bf73a,53e93728c3003229b2efdecdc2a807b4,delivered,2018-05-27 17:11:47,2018-05-27 17:34:43,2018-05-28 15:26:00,2018-05-29 18:08:54,2018-06-28 00:00:00
d24ea7235cbfd0959d74ed0ce8d59c5e,fce0a38ea4ce9584008af2e6fcbe2f04,delivered,2017-06-22 13:05:19,2017-06-23 13:10:22,2017-06-27 07:51:45,2017-07-04 11:15:56,2017-07-14 00:00:00
a0876d2ad6e38376443f17b3f1f7a716,4f92671b9446f9ce54ce9003bd704cf0,delivered,2017-12-10 21:18:41,2017-12-11 01:30:20,2017-12-11 20:12:54,2018-01-06 12:39:21,2018-01-04 00:00:00
208fd0f311f3bedefc7658b648736b8e,e21beb91d78c8390639f5ae9fa20a014,delivered,2017-12-22 20:35:38,2017-12-22 20:50:08,2017-12-27 23:10:59,2018-01-09 19:14:24,2018-01-24 00:00:00
641879e47a518bfcd257cdedda69f029,b3ecc2bd81952e83915d0df692cca31f,delivered,2018-04-21 22:03:59,2018-04-24 19:25:17,2018-04-23 19:04:12,2018-04-24 19:18:51,2018-05-10 00:00:00
38526edd44a1d0ae9f1bab48804da5e0,fd905acc8e4322baccc7e50efb4b8947,delivered,2017-02-21 21:27:33,2017-02-21 21:35:17,2017-03-01 08:22:29,2017-03-06 10:47:49,2017-04-13 00:00:00
26eea858a0672bfaaa61846e9dcfbfb5,ddd620bf955b11bdef3f56d668a17344,delivered,2017-11-24 11:07:35,2017-11-24 13:12:16,2017-11-28 18:39:01,2017-12-22 21:44:24,2017-12-18 00:00:00
92a0ba3943ad83671830b1091c606671,867c55ed114e42ec2f42e8f40b114cf4,canceled,2017-03-24 00:24:17,2017-03-24 01:23:01,,,2017-04-26 00:00:00
8f4350670751e101afb4d732a2ec8ac8,9e510c899bd362c1488f53df7dff0b42,delivered,2018-03-22 16:58:45,2018-03-24 02:15:51,2018-03-26 17:36:45,2018-05-01 18:52:54,2018-04-17 00:00:00
508ef00c7a0d53b647c360ff7780a69d,2cb2704db6efbaeb4469715793fa0f97,delivered,2017-10-26 09:19:29,2017-10-26 09:35:14,2017-10-27 19:24:13,2017-11-10 19:46:53,2017-11-24 00:00:00
12fcd7e7ba3b8dbe376fe73f27aa0a94,162ef1573c740876cf3265660c5ce579,delivered,2018-04-01 09:04:32,2018-04-01 09:15:15,2018-04-03 15:12:54,2018-04-18 01:43:27,2018-04-27 00:00:00
6aa761d20ab1c766a9fd060abd448f77,9690bb6edd4844dad4b5ffea8a4997c3,delivered,2018-08-16 22:57:11,2018-08-18 02:50:29,2018-08-21 14:49:00,2018-08-24 14:33:47,2018-09-05 00:00:00
034afd1b074e35a1d1dcf70c4a5641b5,9d571c9e16be4b04343afa2d84d94352,delivered,2017-12-01 22:42:12,2017-12-01 22:54:29,2017-12-04 21:07:51,2017-12-06 18:15:04,2017-12-19 00:00:00
7fc7d9c812c9ed9d6432cac2912a1091,a4ce1834b09060700fd8af2850b37b89,delivered,2018-01-05 06:15:55,2018-01-05 06:27:58,2018-01-05 23:14:37,2018-01-10 19:19:34,2018-01-30 00:00:00
a5db68fbdade236961fa0c90c8264898,9897cc2745dee2567ebdd9c8e997f6d1,delivered,2017-06-25 22:59:52,2017-06-25 23:15:12,2017-06-30 14:07:12,2017-07-11 20:10:15,2017-07-20 00:00:00
2060cb090f613a2c6e389e351afc8031,27384b6028d1bc63a679abe786e4c2ee,delivered,2018-08-07 01:27:47,2018-08-07 01:44:31,2018-08-07 13:51:00,2018-08-14 17:08:43,2018-08-21 00:00:00
af0bbb47f125381ce9f3597dc70ef07b,647ffc1aec9d59531d818a8c8db926b7,delivered,2018-02-09 12:28:02,2018-02-09 13:31:45,2018-02-14 20:07:06,2018-03-07 19:13:53,2018-03-05 00:00:00
fc397591bee787fb156a971904c4b51f,ea1fa31c879adb514ec0f5aeaaf4dda1,delivered,2017-09-13 19:55:52,2017-09-14 02:55:29,2017-09-15 15:02:50,2017-10-03 18:43:20,2017-10-23 00:00:00
b4c5ff803ab75f16ce38e62e25cab043,f1a658516724893151252a16cc7d5cc7,delivered,2018-05-26 10:35:01,2018-05-29 03:55:12,2018-06-05 13:32:00,2018-06-14 23:42:18,2018-07-11 00:00:00
1c30f782ac9a37cc2fc7db08f3ccf24a,af334a28d4e35cdde3c3a4c5826674bb,shipped,2017-11-28 11:14:06,2017-11-28 12:07:32,2017-12-04 23:57:47,,2017-12-20 00:00:00
84d60e19027c1623f295fe43b74ca280,6414adc9e0375fb95d8264bcbc8f880b,delivered,2018-07-29 11:51:43,2018-07-31 04:31:53,2018-08-13 14:45:00,2018-08-17 00:22:03,2018-08-24 00:00:00
de4958b5bf2da2859150af8192c3a3d0,b8e495ee58dee95b53dc612ed49bb0c3,delivered,2018-02-27 16:25:34,2018-03-01 13:55:35,2018-03-05 21:17:49,2018-04-06 17:14:43,2018-03-28 00:00:00
63df944db623c7313fae09f61564ff64,8f1baf5b8ee035d9f5a64b50f79d9e13,delivered,2017-10-07 17:22:48,2017-10-08 17:28:30,2017-10-10 18:08:17,2017-10-23 18:58:50,2017-11-06 00:00:00
e2899c01b0665046758356f4e338aca0,e10ddf68b7d7d3d3afb54497e28ad620,delivered,2017-09-10 14:44:57,2017-09-10 14:55:11,2017-09-12 17:52:54,2017-10-04 21:38:11,2017-10-10 00:00:00
ee3392ed69b3aa71906d6890c571cf81,0fde8e87ca38a4a0538f01500c508962,delivered,2018-07-01 14:31:03,2018-07-01 14:50:06,2018-07-02 15:03:00,2018-07-06 18:12:34,2018-07-25 00:00:00
1870435c92e656773aba0cb7b5a49b26,362e8547ed41f5bc4e7eccffb84c698d,delivered,2018-06-11 22:50:17,2018-06-11 23:18:24,2018-06-15 12:24:00,2018-06-21 19:51:50,2018-07-11 00:00:00
40c1597a3bf7628a0c70b7aeb1cb9c51,c90688a2dc8cd5c3dc310d524fa20795,delivered,2017-08-21 10:40:01,2017-08-22 10:46:03,2017-08-25 19:22:28,2017-09-01 14:10:23,2017-09-11 00:00:00
dd5419332273c31581ae758c74874997,314d29c9d4535a7b44172612e9300610,delivered,2017-11-26 01:25:30,2017-11-29 02:20:22,2017-12-01 21:07:06,2018-01-06 14:08:09,2017-12-20 00:00:00
8932f7d67eec4b3ed9a4d5ae0b30e06a,7efa4ffd3323a20dde6d1b3fd22c1152,delivered,2017-07-11 00:36:03,2017-07-11 00:50:11,2017-07-13 13:47:54,2017-08-01 19:33:51,2017-08-14 00:00:00
39463e03ee1cf3c0c36db7d3dda89117,ff5c7c8171b2745f2b4c009142e0dc90,delivered,2018-06-20 13:49:08,2018-06-20 14:18:21,2018-06-21 11:45:00,2018-06-28 17:19:01,2018-07-12 00:00:00
8e96b092573364fa542b5c5fb3a9d9a3,dacbd51de638539d7336ad7b85a46cba,unavailable,2017-11-02 12:17:17,2017-11-04 03:35:31,,,2017-11-16 00:00:00
bc8d3ca8eda2e79015ce0ddd10eeca47,37b8bf00dc7973d1bdc58fdbfeaee55e,delivered,2018-07-12 21:08:10,2018-07-12 21:30:18,2018-07-16 15:02:00,2018-07-26 22:28:51,2018-08-10 00:00:00
057b58254cebaa14e712b7beb7bfa9a8,944ef9f636fb17c976efe30712d21402,delivered,2017-06-16 11:50:58,2017-06-17 11:45:34,2017-06-19 16:49:42,2017-07-07 17:43:30,2017-07-25 00:00:00
dd483c08e967ecd4c5db676b84dfd1eb,d88285115e8517ca1f366dd4608a5dcc,delivered,2018-04-04 12:45:01,2018-04-04 13:09:55,2018-04-05 17:30:45,2018-04-07 01:00:45,2018-04-19 00:00:00
c91d40fb2f63b537cae12ea716b46350,5aa4d09312462210c3ab6de5dacdb33b,delivered,2017-07-18 11:49:32,2017-07-18 12:05:48,2017-07-19 19:36:55,2017-07-31 19:58:00,2017-08-11 00:00:00
f2774b2721b0f7d1a617a955bafdc9a8,f6355b874877aef487df847d39337321,delivered,2017-09-23 15:45:15,2017-09-23 16:04:25,2017-09-25 15:52:38,2017-10-02 14:27:48,2017-10-18 00:00:00
e544af259c17461504ff139fd5783179,ce10eba206282d64135a408029e09872,delivered,2017-07-20 16:25:56,2017-07-22 02:23:50,2017-07-26 00:49:50,2017-07-26 17:42:15,2017-08-07 00:00:00
b40d597f0eb58c117cb5d9e424f10426,22a4b8a7912abc2b02051dca85e02564,delivered,2018-05-13 16:04:51,2018-05-13 16:15:16,2018-05-17 11:57:00,2018-06-19 20:16:35,2018-06-13 00:00:00
4bf603cde1e3f217c4f534a43c79f36a,3745f821304d2d872da468c124e48b3e,delivered,2018-01-28 12:23:34,2018-01-28 12:40:04,2018-01-30 13:06:38,2018-02-06 17:12:14,2018-02-23 00:00:00
31932da1b041c8391eb82c14213e73fb,8c3ed15dd1d9aca4a40870f31a1e7253,delivered,2018-07-18 08:12:04,2018-07-18 08:35:17,2018-07-18 11:58:00,2018-07-31 17:21:46,2018-08-16 00:00:00
ee026f49fd0f7469eca393e46a073077,8f62f298087a5445d36cb4695c52ebeb,delivered,2017-10-18 20:48:31,2017-10-18 21:56:27,2017-10-19 19:54:06,2017-10-25 20:13:51,2017-11-17 00:00:00
93a864c37dae71568ea5f14dc1dc5aa5,7ece689f109300cc211b920f701279d5,delivered,2018-04-30 15:35:44,2018-05-01 02:38:08,2018-05-02 16:26:00,2018-05-03 10:52:01,2018-05-16 00:00:00
100d88397a04a3242753eba46891e7d4,0f092210b2b77d0766cb6f537321de78,delivered,2018-04-05 19:26:41,2018-04-05 19:48:55,2018-04-06 23:08:27,2018-04-13 23:40:38,2018-04-27 00:00:00
549d30fc0378a3645167a900c9ece399,14d40d1040dcfb5db5d4cbc12250c76f,delivered,2018-06-12 09:05:48,2018-06-12 09:18:58,2018-06-12 14:59:00,2018-06-19 14:38:34,2018-07-11 00:00:00
77b9ceb8cf451ae51ef8327983efd9d3,40f72292979fbeb548f2c32e21759062,delivered,2017-11-01 22:26:06,2017-11-01 22:45:10,2017-11-03 20:39:38,2017-11-17 17:12:57,2017-12-04 00:00:00
08c50a01a3260630c82c21826c0061e4,bed1104f53cd020a3a410b93952bebdc,delivered,2017-10-10 14:41:43,2017-10-11 03:49:28,2017-10-11 17:37:35,2017-10-20 18:23:53,2017-11-07 00:00:00
d600ade4b93f1464f08161e661d9812c,424072396f8f28b7522790dda26981bb,delivered,2018-02-20 14:36:01,2018-02-22 02:10:42,2018-02-22 22:58:42,2018-03-09 22:10:05,2018-03-22 00:00:00
7d9bcfa3311de116da3d91d20236b5c5,2b27bad8990a7ce592c11a8f23a1700d,delivered,2018-06-08 07:40:32,2018-06-08 07:54:35,2018-06-11 14:29:00,2018-06-15 18:33:08,2018-07-11 00:00:00
eb97cb9c0ed7c74852c09b053bf513c0,73ff9bf43ef84c0a779324bacd35cfe7,delivered,2017-11-08 22:24:04,2017-11-10 03:10:24,2017-11-10 22:05:39,2017-11-13 18:04:58,2017-11-22 00:00:00
5e799230fac44bd261f49b46edad3213,fde75f43574df6efbe20b37f9ec8668c,delivered,2018-02-26 14:09:57,2018-02-27 04:31:01,2018-02-28 19:42:59,2018-03-06 22:38:53,2018-03-16 00:00:00
bca78450f06dafb5a5a614e9365cbf23,79fb5aa7830e13fdf7101a22967c0721,delivered,2017-06-27 23:02:14,2017-06-28 06:45:23,2017-06-29 11:15:55,2017-07-11 18:37:46,2017-07-27 00:00:00
29e88d870b2322863f45602dc1a8bd89,b1577fe16fe26aa3e120b750bae28cdc,delivered,2018-05-02 10:23:08,2018-05-03 10:56:50,2018-05-03 16:28:00,2018-05-07 17:19:01,2018-05-22 00:00:00
f7f0b79050e7ef0b1cf7ffceb0aa114a,46fb8cff647939aaf32c4ab5be554501,delivered,2018-08-04 14:40:31,2018-08-07 04:44:36,2018-08-13 15:19:00,2018-08-14 15:08:57,2018-08-10 00:00:00
5dc269b7c4dce1624653e914a1b739f5,575a192461d4a325e5f9667e6ce5c2df,delivered,2017-01-18 17:20:39,2017-01-18 17:31:55,2017-01-20 13:02:22,2017-01-27 12:09:42,2017-02-24 00:00:00
ef8ab3e652b44dfe541199dc0b9f5d09,d1978f0fa5260fa6f2cac38d784785ab,delivered,2018-02-26 21:30:16,2018-02-26 21:48:15,2018-02-27 20:18:37,2018-04-04 03:00:31,2018-03-22 00:00:00
621f567448cbf2281b22381247c491ca,7a4e8b61d5570efb155ab9bf4a0659c3,delivered,2018-02-05 21:58:08,2018-02-07 02:55:43,2018-02-07 23:04:37,2018-04-18 21:16:43,2018-03-13 00:00:00
fc9faebb277d32cb60f602a7c4b769f5,cd9b1d451f848346d2938df6c3c4d2ac,delivered,2018-07-29 15:34:13,2018-07-29 15:45:17,2018-07-30 14:14:00,2018-08-02 21:59:43,2018-08-07 00:00:00
ed273ac994e955e0c775eccb0a6512c0,87a873789449499186421086a43f7bbf,delivered,2018-04-09 22:58:05,2018-04-11 08:50:46,2018-04-12 18:31:44,2018-04-16 15:48:28,2018-05-07 00:00:00
f1f595bed1ee64a492e47dfdd7306983,fb58bd5a632aaeafc101c68c4cd5ff7f,delivered,2018-01-07 10:21:07,2018-01-07 10:29:23,2018-01-09 00:03:24,2018-01-23 17:05:10,2018-02-09 00:00:00
7881c057cc4903a556196d4ce3a0a9c4,60fbd8eb60f7c1cc71664ba7e7ea25e1,delivered,2017-04-07 01:04:37,2017-04-10 03:05:10,2017-04-10 12:01:24,2017-04-17 11:54:05,2017-05-03 00:00:00
4fed7e164d72f95835ee9b4fdd2ebbe1,493a49563666be92550d578b66153b30,delivered,2017-10-08 14:15:50,2017-10-08 14:36:28,2017-10-10 20:52:16,2017-10-16 16:34:31,2017-11-08 00:00:00
e1c33883a87b85bad4296f6d61aa5f7d,f071f91e68f21e4314e4a21ed04a25c3,delivered,2018-02-06 14:43:51,2018-02-07 02:52:30,2018-02-07 20:08:45,2018-02-15 14:36:48,2018-02-22 00:00:00
41eb344f9cf7ac9c3e8decf5214f188d,fcd48f7d3c950cc58a3eea276144ee0d,delivered,2018-01-18 10:53:08,2018-01-18 10:59:23,2018-01-18 20:27:39,2018-01-25 00:12:35,2018-02-09 00:00:00
c2b5b20737274fee59fbe8ee26cefe2d,215fdafcd664294d57e811905a65db19,delivered,2018-02-06 21:37:26,2018-02-06 21:50:36,2018-02-07 23:33:28,2018-02-20 22:32:50,2018-03-07 00:00:00
b02577617dbe17d1ed25d63f6b47c413,92ece1b51cc7786e28203de4ae2608da,delivered,2018-05-22 23:47:25,2018-05-23 00:17:54,2018-05-24 13:55:00,2018-06-05 16:40:37,2018-06-07 00:00:00
bd6ab28252f15e7c57f212a725aa1c37,aa0633423572bf600bd7f9bda734ed44,delivered,2018-05-08 14:49:25,2018-05-08 15:09:59,2018-05-09 09:09:00,2018-05-16 16:28:45,2018-06-14 00:00:00
21fba9f048e9bc341bb296a44d7e5b2e,2958e9c6a7b26a98105d5154f03d01aa,delivered,2017-11-18 21:52:08,2017-11-18 22:07:04,2017-11-21 23:08:27,2017-11-27 19:44:52,2017-12-01 00:00:00
c01a70853733229479ca41a44c99b5fe,ede05252ae49fbbe385bbe41aba396ce,delivered,2018-07-24 14:31:29,2018-07-24 14:44:28,2018-07-24 15:02:00,2018-07-26 22:20:44,2018-08-08 00:00:00
2325d666957d7dff6712511c743fb2ff,6dce9fbed8fea7b86fa55d91cb8a30b4,delivered,2017-12-13 15:40:19,2017-12-13 15:50:37,2017-12-14 16:28:58,2018-01-12 22:59:10,2018-01-10 00:00:00
9afea2441fe052dfb87c02f739712316,6dbf790550aba689a981424631a43515,delivered,2018-04-24 21:31:17,2018-04-25 16:35:23,2018-04-26 14:36:00,2018-05-03 19:47:30,2018-06-01 00:00:00
13ff6c4c055b81a28af3b21f157f4255,452bba6986ea29efd283237ca1ba0725,delivered,2017-11-24 11:27:12,2017-11-24 13:32:25,2017-11-27 21:24:37,2017-12-04 16:23:44,2017-12-11 00:00:00
32306eaec4da3f63ff314515258b1500,d3503b10b18990444ed8642b7117c108,delivered,2017-11-23 23:57:11,2017-11-25 23:49:26,2017-11-27 20:24:42,2017-11-29 21:15:07,2017-12-13 00:00:00
7ed3955bf85eeaa3c55002dc9ea7cc2f,1e026c12ad119b266f71c0e1b432feb5,delivered,2018-05-11 08:15:10,2018-05-11 08:30:38,2018-05-11 14:27:00,2018-05-16 11:58:53,2018-05-30 00:00:00
cb1f3a44e8b8527e16913306a4d3de2f,dbe9495069f4ddb6875dfc83462d616f,delivered,2018-08-07 09:03:02,2018-08-08 09:05:09,2018-08-08 15:01:00,2018-08-15 19:28:29,2018-08-24 00:00:00
11b92cb31ef70accdf3705f879a0a891,bdbff934ece5c743168cddd09999e53b,delivered,2018-01-04 17:02:05,2018-01-04 17:13:30,2018-01-10 20:05:12,2018-01-12 22:17:26,2018-01-22 00:00:00
490f7da8ce3ca75b4405e631eb3703d7,9758cbc0b7849a7af70b0ceb5b74dd24,delivered,2017-09-19 12:43:49,2017-09-19 12:55:15,2017-09-20 13:40:12,2017-09-26 19:28:41,2017-09-29 00:00:00
57cf629636cf674f91cdf37b7118b27f,3ec51603a0f1720beba2958e290fa202,delivered,2017-07-26 09:59:35,2017-07-27 10:31:09,2017-07-28 18:42:12,2017-08-01 20:05:30,2017-08-15 00:00:00
34e6d418f368f8079ae152bc178bc66a,2734c283312a49194c5468aa8567d51c,delivered,2018-01-14 19:42:41,2018-01-14 19:54:25,2018-01-15 19:35:18,2018-01-30 20:43:11,2018-02-09 00:00:00
b6fdeddf213d1cb16ef046a438eca21d,0e3f6dc2220b578a198e4ebc48d918f5,delivered,2018-02-26 19:09:07,2018-02-26 19:29:05,2018-02-27 22:05:46,2018-03-08 19:41:24,2018-03-21 00:00:00
fbc40dce4e9b980972cbb7842987ca0d,bebd3f48e701a06fed883bbb2ea27748,delivered,2017-04-26 11:02:54,2017-04-26 11:15:13,2017-05-02 11:13:52,2017-05-08 10:27:41,2017-05-19 00:00:00
b9fc38dc43975b35f66bda2a063c2207,8ab7e3768778f94dfbd1d4511e986dfa,delivered,2017-12-14 12:33:37,2017-12-14 12:51:37,2017-12-19 04:13:58,2017-12-21 14:08:25,2018-01-03 00:00:00
ac1a1d01dcd4350d31887f6eab3f63d5,2f97782bbc64b71cba9e79d12757479b,delivered,2018-08-23 21:43:41,2018-08-23 21:55:16,2018-08-27 14:54:00,2018-08-30 21:05:56,2018-08-31 00:00:00
10aeaa60c0cc101b92c9a5d0fab52f84,e74e1a4dece835c923fbe5d0848f5338,delivered,2018-03-31 18:35:37,2018-04-01 18:30:10,2018-04-03 14:23:05,2018-04-13 19:12:20,2018-04-19 00:00:00
1d93bcd12780547aad1ea6a06e64b49c,859e69cb79da3f830588ac4774025a9a,delivered,2018-06-27 13:28:24,2018-06-27 13:49:32,2018-07-02 15:02:00,2018-07-04 19:38:31,2018-07-16 00:00:00
81192041563939605a3e86ae0d6d8579,5171d2fac93544a0e4b6ea1afb8bac3c,delivered,2017-07-25 09:07:16,2017-07-25 09:23:11,2017-07-25 22:52:59,2017-07-26 17:53:48,2017-08-07 00:00:00
3191a632facc88061613226d587845b3,416ecc22c3222509a575cf0cc61e4939,delivered,2018-03-24 11:46:38,2018-03-24 11:55:38,2018-03-26 22:14:36,2018-03-29 18:11:49,2018-04-18 00:00:00
64c9964d22277d994f527777add3c406,305e7efe0d3e93e9d201ecc4f5ba044b,delivered,2017-06-13 10:54:37,2017-06-14 02:30:18,2017-06-14 18:54:35,2017-06-19 18:06:34,2017-06-27 00:00:00
b8fe1ee18bb4fc8242cafbc4d3edb987,e8999e45e374e1ce4ff7ef09d5995931,delivered,2017-10-06 21:02:22,2017-10-06 21:14:12,2017-10-20 19:21:35,2017-11-17 20:42:58,2017-10-31 00:00:00
a551834624af764f01a27c3677e583e4,72a0e6c0565c685d7a6b977b516f59fb,delivered,2017-11-23 08:13:39,2017-11-23 08:30:32,2017-11-28 18:59:16,2017-12-13 22:39:17,2017-12-15 00:00:00
174b5b1a0a2498b8e2ba177359ff75ce,5d06fd4fdb616f12e46181efe64f317a,delivered,2018-08-06 11:00:57,2018-08-06 11:15:21,2018-08-06 15:21:00,2018-08-07 14:58:40,2018-08-09 00:00:00
858c1ff3f8bfa2eb4fc6b27be041ed8c,7a42e67e3638cc187cd614a3590a81b4,delivered,2018-01-03 10:04:31,2018-01-05 02:35:33,2018-01-13 01:58:28,2018-01-17 15:06:49,2018-01-29 00:00:00
bbd7db7bb1fab02f393167df71863946,7d9b51f3660c368ea526bacbc9fb6915,delivered,2018-08-22 19:43:54,2018-08-22 19:55:14,2018-08-24 14:13:00,2018-08-29 23:34:38,2018-09-06 00:00:00
a90ba85d1c3ec461d94c0a26cbe4d051,a2dd7bec046f971e6ff5037a77e79f50,delivered,2017-11-14 14:16:05,2017-11-14 14:30:33,2017-11-16 19:48:49,2017-11-24 20:22:19,2017-12-05 00:00:00
9498c57dc40df2e59a371faf85f37629,a8eff06bdf2495e11c29273b830ffd0d,delivered,2018-08-11 18:47:01,2018-08-11 19:04:31,2018-08-13 14:01:00,2018-08-26 13:18:23,2018-08-31 00:00:00
a07137b5e914d5a3b1270f7e3687e4da,f230efaa9c8103935fb5527be9c02a4f,delivered,2018-08-19 16:57:29,2018-08-20 12:29:56,2018-08-20 14:59:00,2018-08-29 22:32:19,2018-09-05 00:00:00
dafafa54ad54ef9c116bd8c6cca4b7ed,1cca1abf9fe910ae8f0ad2e332a3098e,delivered,2018-03-28 18:13:32,2018-03-30 03:15:22,2018-04-04 20:43:40,2018-04-12 21:16:53,2018-04-26 00:00:00
bedae710c15c4eabcfc42f4ea12c680e,6fff09352bfbca6e16a0dd54476e4640,delivered,2017-11-11 12:50:36,2017-11-11 13:06:41,2017-11-16 18:59:41,2017-11-22 02:03:38,2017-12-01 00:00:00
3b18ad0839d6984800c3bee0d41eadcd,4327e086c509ed3eeeee931392440e0f,delivered,2017-08-16 00:41:03,2017-08-16 02:30:14,2017-08-16 18:06:07,2017-08-28 16:42:14,2017-09-13 00:00:00
39686ff32951169c125d4f2bf5666774,a75b9228842527db31e8a9b8210135f3,delivered,2017-10-08 13:50:10,2017-10-08 14:14:17,2017-10-09 22:25:02,2017-10-13 19:15:01,2017-10-31 00:00:00
9d5435f6ba9bb1a52b6d0964139a3235,949aca9096947f634b8f38889799daf9,delivered,2017-09-04 18:53:08,2017-09-04 19:04:27,2017-09-06 23:17:35,2017-09-17 19:22:41,2017-09-26 00:00:00
1498b25563986950783a674b05e9a526,09aa95fd4e9472f20a0beed7b6ef0681,delivered,2018-01-25 21:14:07,2018-01-26 03:16:52,2018-01-26 17:59:15,2018-02-05 19:34:22,2018-02-21 00:00:00
896f988855a09982ee61d501ef6543a3,5c73080fe93e1ba7867bcd53ff3b1839,delivered,2018-05-29 14:51:00,2018-05-29 15:18:44,2018-05-30 14:46:00,2018-06-01 15:56:38,2018-06-14 00:00:00
432d2b5bc76e805e0a8adef4745ceb33,d4c35f67f4a92530ad04459c2986c162,delivered,2018-05-22 15:12:30,2018-05-23 15:16:45,2018-05-25 15:13:00,2018-06-06 20:16:00,2018-06-14 00:00:00
44c497744f3f3876b15039fac1716dc2,c7612e7a71324ad99ce4ab5ba49a51e2,delivered,2018-07-24 20:08:28,2018-07-24 20:25:07,2018-07-27 18:03:00,2018-08-07 15:27:42,2018-08-15 00:00:00
d2b0ee54c610c7e21c4ba15a4e5aafe2,c599a0db8bdda37b57b248a20a566446,delivered,2018-01-17 15:17:29,2018-01-17 15:32:48,2018-01-19 02:32:23,2018-01-24 01:09:37,2018-02-07 00:00:00
bdf2b8212af123f029e70c1036e2895e,579e6c506a2eb334f56576b996e356c2,delivered,2018-04-26 16:30:26,2018-04-26 17:10:30,2018-04-30 13:42:00,2018-05-10 20:56:47,2018-05-24 00:00:00
e2b26705fd38f3b49b9d13f14717ac9c,8e9b9f538fce17f7a827ed15f3b9b0ab,delivered,2017-02-27 10:10:15,2017-02-27 10:22:01,2017-03-08 14:53:10,2017-03-11 07:14:33,2017-03-22 00:00:00
a732abf936fdc135108293662d03b027,70d0bcbf4b9a9f9576d8443a68142597,delivered,2017-09-13 16:45:10,2017-09-14 02:55:39,2017-09-14 18:25:07,2017-09-25 20:37:44,2017-10-06 00:00:00
694e3d121f16bcbb9b4595b6c6ab3baf,2e0339ff984d6f41f11dfdbc7c93dcda,delivered,2017-12-15 13:43:13,2017-12-16 16:20:28,2017-12-19 23:19:04,2017-12-22 01:07:14,2018-01-10 00:00:00
f20f3bd3916e50fee33dbbb0b29164d3,9234ab980dc022c29eee75544ea6acdc,delivered,2017-10-27 16:42:40,2017-10-27 17:31:17,2017-10-31 13:33:36,2017-11-08 00:34:48,2017-11-23 00:00:00
f61e44e1363b7faca99c576a429860d7,b4f0885afcc24fcbb49f0fe8037e81fc,delivered,2017-11-09 16:29:18,2017-11-09 16:47:47,2017-11-17 19:48:50,2017-11-28 19:11:21,2017-12-07 00:00:00
72f065b9ff2994a7d3b887878e7f88c0,273dac17e086fa4c3f4cc6494776925c,delivered,2017-10-31 19:52:40,2017-10-31 20:33:27,2017-11-03 23:23:36,2017-11-04 14:37:34,2017-11-16 00:00:00
7cd7446904e8e1b7bf7ca80444f1dffa,b32bbbb56d8b6e00aa05998e66daf749,delivered,2017-08-26 17:49:31,2017-08-26 18:41:25,2017-08-28 15:55:45,2017-09-01 19:07:48,2017-09-19 00:00:00
e0ef63a06438a4f6dfa047fc41217f8e,3faca6b775e45e3b971ab1263ef1c2ec,delivered,2018-08-11 09:09:40,2018-08-12 07:10:10,2018-08-17 14:15:00,2018-08-20 15:43:08,2018-08-22 00:00:00
5809615d50c0de0f3750359fb6bb1df3,640e13440de2036276d0a4b915a08710,delivered,2017-06-02 11:48:10,2017-06-03 09:30:19,2017-06-05 11:51:47,2017-06-08 12:37:47,2017-06-27 00:00:00
95fe755116ad2d52358bfd8c4cb5d562,0236c91e3098446e2983cbbee1ad96a2,delivered,2018-01-03 21:18:31,2018-01-03 21:29:25,2018-01-05 18:43:42,2018-01-15 21:04:05,2018-01-30 00:00:00
bf4224a194089b88ebdaeda0a49ca9ea,2b0d89e5ab29d9ffdccce61e4c26e204,delivered,2018-04-13 14:50:08,2018-04-13 15:13:01,2018-04-20 00:59:19,2018-05-03 16:44:29,2018-05-15 00:00:00
0ad81eec70d65880c30299b73ac7945d,dd0530a5458545b42871ed1c67540afe,delivered,2018-06-12 07:34:01,2018-06-13 02:58:59,2018-06-13 13:40:00,2018-06-15 17:08:26,2018-06-21 00:00:00
a3958d69eb857cd9af63d8f40948e64d,c49e16e5e412769ba4488a1b0493582a,delivered,2018-02-27 08:20:03,2018-02-28 09:35:59,2018-03-01 19:49:21,2018-03-21 20:03:47,2018-03-20 00:00:00
2a64d8d089987b76daf457aac801cd1d,885f2a948ea775297dcba2d6fb9ce7c8,delivered,2017-06-20 14:34:37,2017-06-20 14:45:15,2017-06-23 11:57:44,2017-07-03 18:15:54,2017-07-12 00:00:00
9fdbb4e3852125934395217722756d93,28e7c43216a6d55d260c3fd9fd7f663c,delivered,2017-09-29 23:56:20,2017-09-30 00:24:51,2017-10-02 18:32:51,2017-10-09 20:03:48,2017-10-25 00:00:00
e32d8d43307c4e62e42bb84c3d247ca8,8695d6399992afdb418d4889beed5031,delivered,2018-03-23 10:13:19,2018-03-23 10:29:09,2018-03-26 21:24:45,2018-03-27 14:51:57,2018-04-09 00:00:00
8b1e13eab551b0db42daba4bf0d87728,2a5db970e34751bd6d46689aee5710a6,delivered,2017-07-16 20:57:25,2017-07-16 21:10:06,2017-07-19 18:55:40,2017-08-07 21:49:46,2017-08-18 00:00:00
c1e9380db44c0a514635cbaddc570fb3,2a85e594393010fbdbdd76f2b8c32140,delivered,2017-10-13 11:46:20,2017-10-13 11:56:17,2017-10-17 15:48:05,2017-10-25 17:23:51,2017-10-31 00:00:00
e98a7233637d3d8e07adcf92b23daaf3,e198ea664c0323a3e9806e09dd3eecef,delivered,2018-04-02 13:08:56,2018-04-02 13:28:34,2018-04-04 17:31:06,2018-04-06 18:03:45,2018-04-18 00:00:00
07d3edf3fa2d24ebc102315c95ec89f4,f3f396000326939460be279082874605,delivered,2018-08-01 16:08:42,2018-08-02 05:05:09,2018-08-03 12:37:00,2018-08-08 21:35:56,2018-08-14 00:00:00
873c916c2bff3ea61a59f7bf7f0879c2,83c25d4a789ac9054fa86a6e17284455,delivered,2018-08-06 13:35:57,2018-08-06 13:45:19,2018-08-08 15:01:00,2018-08-14 20:08:33,2018-08-24 00:00:00
5f77c667e359b2c0f82926620943feb0,b90eabb7b2444e27e85d007ebd63c8a6,delivered,2018-02-23 12:38:24,2018-02-24 03:20:27,2018-02-27 15:59:07,2018-03-13 22:24:36,2018-03-15 00:00:00
3c8fc3d2e9a8fee24a671599d99befaa,ad814d93306d7e3687738d4cee8d612a,delivered,2017-10-13 19:07:50,2017-10-13 19:27:08,2017-10-16 20:14:06,2017-10-27 19:19:40,2017-11-13 00:00:00
4274ff4a5df607e75b32b80e2f8eda3f,d6aee123d24e8ebc27de72e3e93a8600,delivered,2018-04-27 14:42:36,2018-04-27 14:55:24,2018-05-03 12:50:00,2018-05-10 19:36:52,2018-05-08 00:00:00
f98fd69be8fcd65fd0c873c48e21bc44,492b8f095527d8bfed2668e923cb83de,delivered,2018-07-20 07:59:33,2018-07-20 08:15:09,2018-07-20 13:21:00,2018-07-23 17:58:49,2018-08-10 00:00:00
f6a273cbe3f0dc8916053b129c00efca,7a48f093fc53243c578d7fa75282c813,delivered,2017-02-15 00:49:07,2017-02-16 02:25:58,2017-02-16 09:25:17,2017-02-25 05:52:27,2017-03-23 00:00:00
9f1d81a33c0c36452e83465a9c324c41,2be901279a0b7dc7983e27705c8eda62,delivered,2018-02-28 15:31:12,2018-02-28 15:49:57,2018-03-01 18:52:36,2018-03-19 15:06:46,2018-03-22 00:00:00
348f8709fce4309c6eb7f768d4388645,b6e79f5d6ead45980ac95e6ee816a145,delivered,2017-10-28 15:35:19,2017-10-28 15:46:24,2017-10-31 19:07:48,2017-11-06 21:41:43,2017-11-17 00:00:00
38c0490a36e405db00241fdefccc38f0,de1b604c6de6ecb80ad5ae7ced23e060,delivered,2017-06-05 14:00:05,2017-06-05 14:10:22,2017-06-06 09:37:08,2017-06-16 16:22:00,2017-06-28 00:00:00
55fa65fb6301cf8303e21fb769300614,4ed89e9004419f733a7b4c5ea41f4fef,delivered,2018-02-21 13:01:11,2018-02-21 13:10:37,2018-02-22 23:41:40,2018-02-28 23:49:00,2018-03-15 00:00:00
45dcb58c5c287e7fdf32ba72e75bc177,896dadd858fde9124a92d3a71f046d07,delivered,2017-11-23 17:06:28,2017-11-25 06:16:20,2017-11-28 21:36:03,2017-12-14 15:52:50,2017-12-19 00:00:00
9d53bad43766cf49aaffe9115114e484,5c4ccf281c25e3af5e405e3f9cbfe5bb,delivered,2017-11-01 19:33:41,2017-11-01 19:50:21,2017-11-06 18:38:44,2017-11-14 17:47:10,2017-11-14 00:00:00
d73b26310b53b3e3958a2aac75ad8e6c,07c05ef458086d53186e393b919ddd0f,delivered,2017-04-04 22:38:39,2017-04-04 22:50:18,2017-04-06 13:52:16,2017-04-17 10:24:10,2017-04-27 00:00:00
6482040c4887d33a7129473d3db4d0bd,83d7620a04ae7d18d775331e922ccd21,delivered,2018-05-02 08:58:04,2018-05-02 09:14:59,2018-05-04 14:21:00,2018-05-11 17:03:33,2018-05-25 00:00:00
0f90e415a1696862991f4ec94ed7ed47,34cbb3a993660a0bba756a17b94207c0,delivered,2017-10-27 11:30:45,2017-10-27 11:48:20,2017-11-01 20:27:30,2017-11-06 21:51:31,2017-11-10 00:00:00
f64e0c79388204f645a4a936b90feeb1,2cfe90a9b0b8f8c13f9c5b870d2dd14a,delivered,2017-10-08 13:43:07,2017-10-08 13:56:14,2017-10-11 19:59:43,2017-10-18 14:22:43,2017-10-31 00:00:00
17a1763cc4982f5c4ef732af7c6e683c,5beaf82912931889e4afdaa9ef9fb356,delivered,2017-08-06 22:31:16,2017-08-08 04:04:54,2017-08-08 13:43:52,2017-08-21 20:47:19,2017-08-29 00:00:00
57c9111896af16f45672d7c46e445dd2,3cbf30135055d5e3921df3de14353b1c,delivered,2018-05-22 12:53:03,2018-05-22 13:14:04,2018-05-23 15:22:00,2018-05-28 18:42:36,2018-06-14 00:00:00
1ed8d07471dcc2832eb42d1507847102,3649682bdc335d7df4c02126e7ed390c,delivered,2017-05-21 22:59:42,2017-05-23 04:22:41,2017-05-25 09:55:07,2017-05-29 10:33:51,2017-06-13 00:00:00
14f81abb54984ba116bc1994d6a34b9d,bb8bc452c4adb3027f2d7e6c47663e1a,delivered,2018-06-26 11:41:33,2018-06-26 11:57:12,2018-06-27 06:23:00,2018-07-09 16:12:47,2018-07-17 00:00:00
4a02bc45b72b95ce8a16efd46f2e1e47,56e7dc9ec7db12bd7cea05083b896a5c,delivered,2018-03-25 23:38:03,2018-03-25 23:50:35,2018-03-27 00:46:43,2018-03-28 19:38:45,2018-04-06 00:00:00
67fd617db75c8db65cca2054ac5c8bbd,5c4c65674f1e7ade0044898f308c14ae,delivered,2018-04-26 12:30:04,2018-04-27 03:15:22,2018-04-27 12:53:00,2018-05-04 01:34:36,2018-05-30 00:00:00
bf00ad2335cd5715823f0f1980a8e8ab,c19bd2838dfae130a38bbb73470aa416,delivered,2018-03-12 09:21:27,2018-03-13 17:55:40,2018-03-14 21:52:04,2018-04-10 18:54:31,2018-04-09 00:00:00
a25d43b087190f76ed13ac240693ded6,2e15b77f1422880d98206feb4ce7cbca,delivered,2018-06-07 18:26:33,2018-06-07 18:55:26,2018-06-08 13:05:00,2018-06-19 20:49:48,2018-07-11 00:00:00
4d0a364f71f715f93b8b96eaa4c2dcb6,caa060324a30054bae148e4d7ad1da22,delivered,2017-07-07 17:56:19,2017-07-07 18:10:10,2017-07-12 10:16:36,2017-07-17 20:32:58,2017-08-04 00:00:00
c88b1d1b157a9999ce368f218a407141,ae0fb7b01c548c4fd30f19f55453ec4a,delivered,2017-07-17 22:44:23,2017-07-18 22:50:12,2017-07-20 15:27:41,2017-07-21 17:06:30,2017-08-01 00:00:00
b2b4a30784f90926742019c8128376b8,12adb3903f52347f3e6123ce85e264ab,delivered,2018-02-08 18:36:30,2018-02-08 18:50:50,2018-03-02 22:58:48,2018-03-05 12:56:32,2018-03-08 00:00:00
e2221180a668e1cc096f9e9e3572868f,8c382656b44e6d6375d2fea25375fb02,delivered,2018-03-01 12:52:29,2018-03-01 13:09:46,2018-03-03 12:08:17,2018-03-09 01:34:54,2018-03-23 00:00:00
668ee4108169a1d58c55b20ddc3fa3c9,038f88979c9816294e2a236465e8096d,delivered,2017-01-26 11:32:30,2017-01-26 11:45:10,2017-01-27 11:49:01,2017-02-15 18:07:33,2017-03-10 00:00:00
409e065598ea4a9dba359d894ab0cab9,672b006efdabc0ee13568350bb6f29d0,delivered,2018-01-03 21:53:52,2018-01-04 05:12:33,2018-01-04 15:32:54,2018-01-09 22:39:43,2018-01-30 00:00:00
8775db0297a64cd48d3ea12be875d907,54a3493c38341a73332a8cb2e0ad94ce,delivered,2018-05-09 16:13:12,2018-05-09 16:30:42,2018-05-10 15:04:00,2018-05-15 17:38:59,2018-05-28 00:00:00
08ed4f84b1a078202e8da80c8d96dc77,934539e22ab6ba86337bce9541fa822d,delivered,2018-02-28 17:06:27,2018-02-28 17:30:08,2018-03-02 17:45:03,2018-03-09 14:28:23,2018-03-28 00:00:00
29aefbcf33949b65e5303167977e0362,158de880d7c84180a3422c406a1acb9b,delivered,2017-12-11 14:11:05,2017-12-11 14:18:25,2018-01-10 14:42:49,2018-01-13 11:59:54,2018-02-02 00:00:00
4d670725075298192ec296c1aa5f6eab,389e541058bcca8035f5fd63f5a9fb3c,delivered,2018-08-03 14:57:05,2018-08-04 15:30:36,2018-08-06 09:53:00,2018-08-24 16:41:41,2018-08-23 00:00:00
b22fb8549ff34d8632d2f6ecbc626af5,24492319013bd80889b061a84ca9c205,delivered,2017-11-29 20:00:49,2017-11-29 20:10:00,2017-11-30 16:03:48,2018-01-14 13:33:43,2017-12-27 00:00:00
bbdcda6bc4c7d4051fb9d26422a602ea,0199164bec886c94218205248559d7b6,delivered,2018-02-27 07:39:20,2018-02-28 09:51:05,2018-03-09 23:48:38,2018-03-12 13:03:26,2018-03-13 00:00:00
c9e893d2e32f6ca9988b30669eb71e5a,f56957527a53eaf4a716376e9fcbed7c,unavailable,2017-02-06 12:02:23,2017-02-06 12:10:26,,,2017-03-13 00:00:00
71afd4d3202442d362d5e52112ffe080,ecf80ed10beb4a60cb2ffb31bac3479d,delivered,2018-08-11 14:03:42,2018-08-11 14:15:10,2018-08-14 12:13:00,2018-08-22 21:49:50,2018-09-13 00:00:00
c84d88553f9878bf2c7ecda2eb211ece,c4c66f47534e09a03fc7a878a9eda5ea,delivered,2018-08-29 08:25:34,2018-08-29 08:44:13,2018-08-29 20:01:00,2018-08-30 16:56:24,2018-09-03 00:00:00
e5dad7f6c0e2ddd8daee42d61d7063fb,186093e7d810150c5c60f44f03ac2a23,delivered,2018-04-11 21:46:38,2018-04-11 22:09:35,2018-04-12 17:16:50,2018-04-19 23:42:25,2018-05-07 00:00:00
381821a2142de8e51f3d104559f1bfea,383525bd813c9db953a7991b7bd96f03,delivered,2017-03-14 16:03:19,2017-03-14 16:03:19,2017-03-15 10:01:33,2017-03-29 15:34:09,2017-04-06 00:00:00
cec3548a1677f74061b3802ecdb9e593,b02cce9a40436c973193673abe64658f,delivered,2018-01-07 03:46:18,2018-01-07 03:58:18,2018-01-10 15:56:11,2018-02-06 21:22:45,2018-02-07 00:00:00
bf2c58d30170e4cbd5153bacabc31d24,9a2087e92eea09f99ad37c3a9114c18a,delivered,2017-12-12 23:10:20,2017-12-12 23:27:50,2017-12-13 21:04:16,2017-12-14 19:59:37,2018-01-02 00:00:00
3ee542a715481176869e6cf2772d202e,b4fe4a3c0b4eeb9965ee44a06331d776,delivered,2018-06-15 17:36:25,2018-06-18 10:33:41,2018-06-18 14:34:00,2018-06-21 10:04:25,2018-07-12 00:00:00
82be2384f5d2751770574b84da68f2c1,ec97536c9e9db7f83f086fd2195e8c1c,delivered,2018-07-20 23:16:18,2018-07-20 23:30:16,2018-07-24 08:30:00,2018-07-25 19:51:02,2018-07-30 00:00:00
0348f1ca72aa738d53f585b01fc676f3,896be0715700bbc505b6fb32f4aa44a0,delivered,2017-08-17 00:16:05,2017-08-17 01:50:46,2017-08-18 13:24:30,2017-08-19 11:46:48,2017-08-31 00:00:00
f5a1d7fb9cd502618f942b1295676f1b,c1ba054116e13a367a09a45be363525c,delivered,2018-01-13 12:13:44,2018-01-13 12:29:16,2018-01-15 23:51:48,2018-01-22 20:28:42,2018-02-15 00:00:00
98361657306551e400c1037a76c7ce44,65b63693a2ff79139a26c94f260651a3,delivered,2017-10-04 23:44:53,2017-10-06 13:14:23,2017-10-09 19:13:32,2017-10-14 16:37:29,2017-10-27 00:00:00
793600b6f83c44827bd1d480fbde321f,029e575b0cdb8a5696a502ed2f9391e3,delivered,2018-03-02 22:20:48,2018-03-02 22:30:43,2018-03-07 02:24:47,2018-04-09 18:36:40,2018-03-22 00:00:00
1fed6df7b405432dd6dc44693a35b86c,0c42229f9ebb31ce346a983185d7743a,delivered,2018-07-30 12:06:23,2018-07-30 12:24:54,2018-07-30 15:17:00,2018-08-06 12:57:32,2018-08-02 00:00:00
eca79ed411acb63a03e097fa18411797,9d0b431db3b8f71e53aecf9af8ea0b27,delivered,2017-08-15 00:33:03,2017-08-16 03:10:22,2017-08-17 19:16:34,2017-08-28 18:03:48,2017-09-06 00:00:00
25aa51228f73fcd38cfebfe6e20edf6f,3a1a556195f1b6b85df1bf9aa4ba3d88,delivered,2017-09-20 08:29:33,2017-09-21 08:35:11,2017-09-28 13:12:04,2017-10-03 21:15:52,2017-10-09 00:00:00
cbb0c3b7cdc8206fdd747d618dc71af1,4f53f38de92e32faba788f35878dd4eb,delivered,2018-05-23 20:25:32,2018-05-23 20:35:22,2018-05-25 13:06:00,2018-06-04 21:26:33,2018-06-12 00:00:00
bf210c81ef1a94cbfb1bd7b2767a0cdb,d98fbfa5100d65442fa7dcb30be6770c,delivered,2017-08-18 17:58:20,2017-08-18 18:24:26,2017-08-21 21:03:52,2017-08-25 22:32:58,2017-09-08 00:00:00
678bd15805d851357f116d567cd7407a,2b1e9d6833d3bacf6bd396c45cd3f9e4,delivered,2017-05-03 13:45:35,2017-05-03 14:05:08,2017-05-09 07:34:33,2017-05-15 13:36:41,2017-05-30 00:00:00
434227ef75dde10f4049fe6b219d13c0,bad92566fe5c1e2c35651d6e2c7136fc,delivered,2018-04-16 17:17:10,2018-04-16 18:51:56,2018-04-26 12:59:00,2018-05-04 17:46:34,2018-05-10 00:00:00
fee62e6f13b8b6d7d343319f224376ff,d75428d51d90d21128003ff0e62a878e,delivered,2017-09-05 07:56:44,2017-09-06 02:45:33,2017-09-11 16:13:32,2017-09-20 20:19:01,2017-09-28 00:00:00
4a086aa623133c7141b0c9c6759c79ad,9e682c187ccd264cc1450abdbcf60328,delivered,2017-07-20 11:55:27,2017-07-20 12:05:51,2017-07-21 19:03:35,2017-08-09 21:33:11,2017-08-23 00:00:00
119be2d35bae88654dc45922a1ea3830,a376b08483daafb5a7c16988d7123cc0,delivered,2017-04-01 09:04:09,2017-04-01 09:15:10,2017-04-04 10:45:49,2017-04-07 17:37:06,2017-04-28 00:00:00
22f9fa3fa50f717ebcced52e935d8c12,b572730d592483d2965f067b623e648c,delivered,2017-11-15 11:38:34,2017-11-15 11:50:25,2017-11-17 15:54:32,2017-12-01 16:33:45,2017-12-22 00:00:00
81432ca9258f8686f124fb774cefa7c3,6e004a147033e6cd1b680c75b14db293,delivered,2018-06-27 17:53:43,2018-06-27 18:12:42,2018-06-29 13:23:00,2018-07-03 22:02:09,2018-07-24 00:00:00
7659908b7f0bf2c0381852a0102c54e8,6242f089e08495628144e302f88459b1,delivered,2018-08-07 21:20:49,2018-08-07 21:35:18,2018-08-09 12:31:00,2018-08-13 20:24:39,2018-08-24 00:00:00
1ebeec1bb9ce388ee2e00d401058ca8b,7d9631fe32b276d4c6aa04ba141a03e8,delivered,2016-10-09 22:36:49,2016-10-11 05:02:15,2016-10-14 18:00:00,2016-10-15 05:02:16,2016-12-02 00:00:00
17186e8730668b50ac4582f8b54c815c,9a12e00f66d6b5794f5825e62dc55a72,delivered,2018-06-17 16:11:04,2018-06-17 16:32:24,2018-06-22 14:34:00,2018-06-25 20:05:10,2018-07-13 00:00:00
c20880792e2d594e35eef29f22e7f6bb,6474c7d01599487486730b19fdb55578,delivered,2017-11-24 15:43:18,2017-11-24 19:13:33,2017-11-27 20:04:05,2017-12-04 21:12:22,2017-12-22 00:00:00
76d297b7eeb8abdaeb5d573e33336449,8e96901b7a996ba853422616c9c02701,delivered,2017-10-08 18:59:57,2017-10-10 09:14:19,2017-10-13 19:27:43,2017-10-26 22:46:10,2017-11-08 00:00:00
5fd9a69139ba87e71880fd5936171fe9,4cf87362654eb863bfe2d0544539cf79,delivered,2017-10-28 11:29:16,2017-10-28 11:45:11,2017-10-31 14:52:06,2017-11-08 21:08:54,2017-11-23 00:00:00
e1e2b559781f43694643d53e2ef681fe,d2cfabab7311785475d0925f287e37d3,delivered,2017-04-25 15:14:44,2017-04-25 15:25:24,2017-04-27 11:24:46,2017-05-09 16:21:32,2017-05-24 00:00:00
400c4796a3dc000011d0e63543c8ddf1,03bf979ff2db68ab067fe4fa11fede09,delivered,2017-03-21 17:34:37,2017-03-21 17:34:37,2017-03-22 08:39:25,2017-03-23 09:50:35,2017-04-17 00:00:00
a85ad381ff410bb40159e498feb30a13,3bef7341efc8f099c1ce8dbb59a409aa,delivered,2018-05-28 18:45:30,2018-05-28 18:55:22,2018-05-29 15:41:00,2018-06-07 20:03:27,2018-06-28 00:00:00
5aaba6681a3a926180ccd6ffaeaf6bd8,c0a0a47b6d1a780c7e6a247078168ec9,delivered,2017-12-25 23:45:35,2017-12-25 23:54:25,2018-01-11 20:25:18,2018-02-27 17:24:27,2018-04-06 00:00:00
3a584d92b987a7c7424dbff14eea843c,18298056f3ce66cf7c6a09d22407ea9f,delivered,2018-05-16 08:16:32,2018-05-16 08:37:06,2018-05-17 12:42:00,2018-05-22 16:39:03,2018-06-06 00:00:00
39435f1a1f3cde43181d5a14975147b7,68ead1bc2fc79c4ddb8f626a598487c8,delivered,2017-04-20 12:43:17,2017-04-20 13:10:22,2017-04-27 06:44:05,2017-05-09 12:47:50,2017-05-26 00:00:00
5475648b2026b3c1c9644656fa648bb8,3233824abac66b13902632706385b633,delivered,2017-04-01 09:51:18,2017-04-01 10:05:09,2017-04-04 13:48:43,2017-04-07 12:03:02,2017-04-24 00:00:00
11f78390cf30f82fe5d8aa95fda7173c,50f4d5f949e82950a8dc92f2b21dd3d3,delivered,2018-02-14 13:43:36,2018-02-14 14:07:00,2018-02-19 17:07:49,2018-02-26 20:22:20,2018-03-12 00:00:00
ec375850cc8dd9f34f98be4fd8657576,1ca497489db5c49365ff4725b1a4d192,delivered,2017-06-20 00:41:38,2017-06-20 00:55:22,2017-06-21 12:23:22,2017-06-28 16:32:09,2017-07-19 00:00:00
cc2fbd0261b53beb38cfd06e5a482bdc,fbac5b3de6c71bc5b7a9353350ec342a,delivered,2017-07-03 15:26:17,2017-07-03 15:44:09,2017-07-06 16:25:52,2017-07-10 20:16:05,2017-07-27 00:00:00
8a77c13015238c33f75ceca24b5392a6,1d2f29cf60dd1b256e7c0c5fe02261c2,delivered,2018-02-02 16:01:58,2018-02-02 16:10:33,2018-02-03 08:52:31,2018-02-16 00:34:03,2018-03-12 00:00:00
af7de7cc75eb2f7d0eff2e383eccf083,ef46ecbf5f28f403e0593d107b38c0be,delivered,2018-02-28 12:41:29,2018-02-28 12:50:26,2018-03-03 01:23:49,2018-03-29 17:09:14,2018-03-21 00:00:00
7590cdbb6ae2908a2745505759756fe3,5dcdc337ea9cd8af4372a55806497d0f,delivered,2018-05-07 10:49:35,2018-05-08 04:14:40,2018-05-08 14:21:00,2018-05-11 12:56:32,2018-05-29 00:00:00
4e4aa299535ead6fe63a779d539c493d,860403dc3e131f362cda3ddb09c5a0ce,delivered,2018-07-17 18:38:40,2018-07-17 18:50:24,2018-07-30 06:16:00,2018-08-10 17:51:46,2018-08-07 00:00:00
84e5cd0814900ddfdcc53213d07939e3,a59d04c9a76861580b6b7c3491570a5b,delivered,2018-08-16 15:55:22,2018-08-16 16:10:19,2018-08-20 15:39:00,2018-08-23 18:14:23,2018-09-13 00:00:00
a1ea75ae7c9c7bb3f5b51a9ee910de31,636e0a433880dfec0c8b743db2b98ef4,delivered,2018-01-11 13:55:06,2018-01-13 02:05:44,2018-01-16 22:55:38,2018-01-25 16:31:57,2018-02-02 00:00:00
711ae5df08388b211a1d6c1f7ae09e72,94f0918c41a1cdc9d5e4264273cd114f,delivered,2018-01-28 15:44:23,2018-01-28 15:58:53,2018-02-01 00:42:59,2018-02-02 02:15:19,2018-02-14 00:00:00
dec147b0fad4d41a208b7873dd7900e6,5726ad0e49501515e2b0553e11fb26bb,delivered,2018-06-01 11:57:33,2018-06-02 03:31:50,2018-06-06 11:34:00,2018-06-12 16:27:08,2018-07-04 00:00:00
751f1086c0b65fab3474d11d18de115d,f9d11796f409c164ef9ed4ffe92b9ae8,delivered,2018-04-03 00:20:36,2018-04-03 01:10:16,2018-04-05 02:22:44,2018-04-20 18:25:41,2018-04-23 00:00:00
5ac0d2c1229ba07ea5cd990360b21e34,3f3604cce1ae20d26d7503ab468cd86b,delivered,2017-02-23 20:22:33,2017-02-23 20:33:12,2017-03-01 18:13:52,2017-03-06 11:09:33,2017-03-16 00:00:00
43f88a4aaba945e906ccc8c113c6bc0d,9dcf645b5f9893549230e6346bb21a4f,delivered,2018-04-14 18:05:52,2018-04-14 18:31:24,2018-04-19 23:16:55,2018-05-04 00:22:01,2018-05-08 00:00:00
f5a511e584053180df75a3a2138e9ae3,752655de6382f697166ab67dfaa9b8fc,delivered,2017-11-22 20:48:57,2017-11-22 20:59:30,2017-11-23 17:24:38,2017-12-19 19:57:04,2017-12-13 00:00:00
4f1482e926881ff58f7384a6e6bd0771,394683dab19e214dafc244669dcc96c3,delivered,2018-02-03 23:36:46,2018-02-03 23:50:23,2018-02-06 18:56:28,2018-02-27 00:09:30,2018-02-21 00:00:00
7abb06b108806e10304ae7d1bdf3eabd,3365f99d277e162bfa8eec5b9596212e,delivered,2018-02-16 11:16:57,2018-02-21 12:10:31,2018-02-22 21:52:53,2018-02-26 22:33:05,2018-03-08 00:00:00
f69258a9318a993c9354122221c82980,b75d7dd5b05c4ad68a7497ec5bc92328,delivered,2018-08-07 18:34:26,2018-08-07 18:55:19,2018-08-09 12:53:00,2018-08-14 22:42:29,2018-09-04 00:00:00
b7e332393b5e64cdc10d308c971a41c4,6299a5987ed47573b619ece91f1b668e,delivered,2018-08-16 23:37:46,2018-08-16 23:50:12,2018-08-23 13:31:00,2018-08-27 13:27:38,2018-09-10 00:00:00
3ae3969a6f3d5e57d4f9fd85868ffefc,d02958d0f6d506f6f18d837c8aa16268,delivered,2017-04-26 13:45:25,2017-04-26 14:02:07,2017-04-27 08:29:31,2017-05-05 22:12:49,2017-05-15 00:00:00
42f0558cf0b5c9b1fa75df04ca0e901e,573e35a0db27b8a9cc744cd73c74f3d3,delivered,2017-10-25 14:09:16,2017-10-25 14:27:04,2017-10-26 19:19:53,2017-10-31 18:53:37,2017-11-29 00:00:00
e44883a879c6f6572bba41ae8ed98e93,8169a69c3e79ec22ca2c6ff602d68520,delivered,2018-04-16 10:38:50,2018-04-17 05:50:30,2018-04-18 13:34:55,2018-04-23 12:09:31,2018-05-09 00:00:00
d4a29f6b845d320ee77c7e2be449704b,d0f147a0b4374cfc8ae03d147cbd27f8,delivered,2018-03-21 20:32:20,2018-03-22 20:30:41,2018-03-27 23:23:28,2018-04-02 15:58:34,2018-04-12 00:00:00
e2cdcd4c94e29518c33449c5afe27583,98ce198be4b03c0a9057329b3d3c3035,delivered,2018-08-20 19:38:19,2018-08-20 19:50:41,2018-08-21 14:14:00,2018-08-28 01:39:35,2018-09-04 00:00:00
d4bc55bf7aa33f5d5d8b6b53d1e2eb8f,b55b61080c4b34e226fcf10540f690a5,delivered,2017-08-21 00:36:28,2017-08-21 00:50:10,2017-08-24 15:37:48,2017-09-01 17:46:50,2017-09-21 00:00:00
a334576cfd7e22f2ff0e0418124bf93e,f9f34ad555f478eb58a5b337c9b661f5,delivered,2017-05-27 21:27:05,2017-05-27 21:42:00,2017-05-31 11:35:23,2017-06-11 10:14:58,2017-06-27 00:00:00
adbbe31eab3ec8799e71b8fd89956464,40e86a3dad650ba87f73f66396ca34ef,delivered,2017-01-31 12:01:46,2017-02-01 02:50:26,2017-02-02 14:55:06,2017-02-09 11:05:05,2017-03-13 00:00:00
f40cab00f0f0f6d8f315adcda77fd5cb,cf0dfaabab12de076316cf77f376d17e,delivered,2017-08-01 16:12:48,2017-08-01 16:42:58,2017-08-02 20:52:09,2017-08-21 21:52:31,2017-09-08 00:00:00
da9f86485be515d23d10033bdfe2f8ad,0e97ad6542c12412f0324dd07cb0daed,delivered,2018-08-10 11:56:30,2018-08-10 12:05:18,2018-08-13 13:30:00,2018-08-20 15:37:58,2018-08-24 00:00:00
dced94fca9ee52e79241961c0e5a3d0d,a5accda9e28060c70a2607fd29ab4d59,delivered,2017-05-18 13:48:14,2017-05-18 14:02:42,2017-05-19 10:12:30,2017-05-22 19:06:54,2017-05-31 00:00:00
ab8e509b614e380982f71cb0247aa716,44622a7017151a977e8980f0d6f65f7c,delivered,2017-05-25 04:11:36,2017-05-26 02:42:45,2017-05-26 14:45:09,2017-05-31 17:22:56,2017-06-19 00:00:00
8a4611e08772a0a101cbeee84f121200,f62992f4db18d0fb581bfb925e104fdc,delivered,2018-03-05 20:40:38,2018-03-05 20:50:30,2018-03-13 19:29:33,2018-04-02 22:08:55,2018-04-06 00:00:00
f7943f103569d2bb8a79fe584fcd07e5,664faf6a6d8e13c91862cc36d070254c,delivered,2018-06-29 16:38:05,2018-06-30 02:52:15,2018-07-03 12:41:00,2018-07-06 15:36:33,2018-07-24 00:00:00
2f09d13518fa692574874a78444c616d,514ddcd76b9dacf06eada289ded5255f,delivered,2018-03-13 22:16:31,2018-03-15 03:16:18,2018-03-23 20:42:26,2018-03-28 18:54:35,2018-03-23 00:00:00
35b2be75ac71d838d1743e201de6bcaa,9797ebd812978869a779e146e9b2e140,delivered,2018-08-19 17:17:06,2018-08-20 12:30:55,2018-08-21 13:23:00,2018-08-27 18:59:54,2018-09-05 00:00:00
079ad290e98bc46b5d7e0ce9fc15af1b,26165bf3490f385b45f860cae56f4135,delivered,2018-04-04 20:49:44,2018-04-04 21:09:16,2018-04-05 19:38:19,2018-04-09 17:44:54,2018-04-26 00:00:00
4b1104831c2d0c40dc17dc5c9d5cfb35,1a8ba5f5861cf364d0e20ca1d9a2e3fa,delivered,2017-03-27 18:31:45,2017-03-27 18:43:10,2017-03-29 09:27:38,2017-04-05 13:45:58,2017-04-20 00:00:00
95ed64a88b4c676f2b713158041fdf98,b91b9dbb1f0b536a366f742dc3ccad91,delivered,2018-01-31 07:32:19,2018-01-31 14:01:34,2018-02-01 23:08:43,2018-02-27 20:45:28,2018-02-26 00:00:00
394038740b5a42db8607def1c170eed2,1d545f92cde8ef9ee9db09f963d6e6b5,delivered,2018-08-06 22:19:08,2018-08-06 22:30:12,2018-08-08 13:56:00,2018-08-13 18:58:43,2018-08-14 00:00:00
9da7320835e438e015d139c344164285,7d76b9e2c05681d60df438f449e8e584,delivered,2017-03-15 20:21:39,2017-03-15 20:21:39,2017-03-22 17:59:06,2017-03-27 15:57:47,2017-04-10 00:00:00
4ab2c1c6f21974d6332c0531a74eef20,7a95d4d532661c21c68fd13ebf6a95f4,delivered,2017-11-10 15:49:37,2017-11-10 16:11:10,2017-11-10 21:58:40,2017-11-13 23:03:23,2017-12-06 00:00:00
e8805f1923e711c407c454831b49643f,9b5d68f669f7ed215f789471556529fe,delivered,2017-04-05 11:04:33,2017-04-06 02:42:41,2017-04-13 15:42:12,2017-04-19 15:58:17,2017-05-02 00:00:00
9e14ba3a25712a0716d84a955940f200,26b849a0d8eed176f570248059cd4678,delivered,2018-02-11 22:57:07,2018-02-11 23:10:22,2018-02-15 18:58:27,2018-03-02 00:45:14,2018-03-08 00:00:00
16c4802ea5c28830deef826f1f0b6941,5c140943cd9f2d77b57ac1eaf00c6ccc,delivered,2018-03-27 09:52:58,2018-03-28 08:27:31,2018-03-28 23:37:34,2018-04-06 19:06:26,2018-04-24 00:00:00
4620a3e6219c6eea7771a93168745a25,f9a1cfb9770e74032505de388fee7dbb,delivered,2018-02-26 12:47:23,2018-02-26 13:10:47,2018-02-28 23:39:47,2018-03-19 22:06:37,2018-03-23 00:00:00
11120fb91d0191b1174ea4e37043ff39,21874f78065a8a28c5a82c36d95c0d2e,delivered,2018-08-07 08:56:29,2018-08-07 09:10:14,2018-08-07 12:30:00,2018-08-20 16:03:58,2018-09-11 00:00:00
1353506aaf9cbe711a4d41f9442d4167,fc2b715f699d791561d8330e42ac7350,delivered,2017-07-22 21:26:27,2017-07-25 03:30:31,2017-07-27 19:12:21,2017-08-02 16:09:44,2017-08-15 00:00:00
d54365a56c5a4a3addc1eed046256f96,f6b7b14d012c56fa8e843f6037924bfe,delivered,2018-03-06 14:45:15,2018-03-06 15:31:28,2018-03-14 02:42:04,2018-03-19 20:09:43,2018-03-29 00:00:00
d76b1c20f53889c519b279d714ddc647,a5c4754a855344eca515e2c40693c9b7,delivered,2018-02-26 16:35:49,2018-02-26 16:49:59,2018-02-27 17:54:40,2018-03-26 17:18:38,2018-03-22 00:00:00
b740e3ed38c0e1f354c2d78c15418f6e,c18cd6e987080976aa30a48bcdc10074,delivered,2018-01-20 15:18:01,2018-01-20 15:41:14,2018-01-22 15:35:53,2018-01-31 19:16:10,2018-02-19 00:00:00
dcc5d3c9b9eaab642229ffe7b651e172,32258530e66c8793f8754a18c2813913,delivered,2017-06-28 13:20:51,2017-06-28 13:30:17,2017-06-29 15:02:52,2017-07-10 21:04:10,2017-07-21 00:00:00
026f3440c258a87c9f6fb9c8e1bbb6e7,7518fa33beeab5aa7ebe84e85d36ef99,delivered,2017-10-18 12:36:14,2017-10-20 02:46:06,2017-10-23 21:12:59,2017-11-08 13:42:02,2017-10-30 00:00:00
8773f85e9426581a87796b56cdd8eff5,1ceac3bdaa825ff830917e131f85a2ce,delivered,2018-05-05 09:50:33,2018-05-05 10:13:54,2018-05-07 11:52:00,2018-05-11 14:08:46,2018-05-29 00:00:00
0a68b93a3fda1e48b30171c8db35b938,2627062e62fbbad031ac86476ea46889,delivered,2018-05-13 09:52:51,2018-05-13 10:13:00,2018-05-14 10:47:00,2018-05-25 18:26:44,2018-06-05 00:00:00
4d6aaa0dbe2223eac880e1aad0137929,07d3968109378e8483932cf70a79eefd,delivered,2017-10-18 15:27:09,2017-10-18 15:35:27,2017-10-23 19:57:39,2017-10-25 19:37:59,2017-11-07 00:00:00
c6a7876557e3e3e31f229852dfa4f5c3,7211f6a374836aa064addb1e52aa5500,delivered,2017-09-25 13:26:36,2017-09-25 13:44:53,2017-09-26 18:39:11,2017-10-05 18:12:02,2017-10-23 00:00:00
bfda4f6e444f936f87738b840f1221e8,8f0e341772a248cb96e5267c4386e35c,delivered,2018-05-29 10:07:36,2018-05-29 10:38:41,2018-05-29 14:38:00,2018-06-05 00:44:29,2018-07-19 00:00:00
229407b9e8b4a23ecee01a9d354fc79b,ba8f140572a94513e4f671f6f757f5b4,delivered,2018-07-23 08:57:55,2018-07-23 14:31:47,2018-07-23 12:36:00,2018-07-27 19:56:35,2018-08-07 00:00:00
55c3e087340bf45947dd9df30b3808d3,30da09f031536186153c0ff9e0dcc0a7,delivered,2018-08-20 23:20:11,2018-08-21 23:15:12,2018-08-22 14:09:00,2018-08-28 16:07:58,2018-08-31 00:00:00
1d51e1fe1c50aa8ab4844281efd36b6d,f922a70a6a93e8ebb024f6bdc8f1ab3e,delivered,2017-12-29 14:23:31,2017-12-29 14:33:22,2018-01-03 21:18:58,2018-01-08 20:11:51,2018-02-01 00:00:00
8770d612f74d5015ceb2d739911887a1,b9bf69e7f80b95b1cf9db48e9da84163,delivered,2018-07-05 16:10:28,2018-07-12 03:26:15,2018-07-12 15:05:00,2018-07-13 19:56:25,2018-07-18 00:00:00
9c1475129eb5d70df55a74bd2e7eed54,2c4b96015049567efbadd72085600c59,delivered,2017-10-10 10:37:52,2017-10-10 10:49:18,2017-10-10 19:07:00,2017-10-14 00:50:00,2017-10-23 00:00:00
d2881983257f5db81d89259c7d0c6012,ac26a19a99cb619d52447caa2c8b6a09,delivered,2017-08-29 20:13:34,2017-08-29 20:30:23,2017-08-31 12:09:18,2017-09-18 20:42:16,2017-09-26 00:00:00
58faef88b9fbcce2db4d1b68bdb0c2a3,4062747ee07fe2bcd812937bbfc4304f,delivered,2017-03-23 21:08:47,2017-03-23 21:22:42,2017-03-28 14:05:23,2017-04-04 09:32:54,2017-04-13 00:00:00
82121ebedf0f27bfb35630958489c7ea,d0296a9161a79996162a6a4f0835ed2d,delivered,2018-06-25 16:56:23,2018-06-25 17:19:17,2018-06-26 19:03:00,2018-06-27 14:57:58,2018-07-05 00:00:00
d0fcb0e64631dcf3a108b1837a69d9a5,0a1ab2962856f2d5008692f7d6e22ce2,delivered,2018-08-09 20:54:56,2018-08-09 21:05:11,2018-08-10 09:55:00,2018-08-14 00:41:39,2018-08-15 00:00:00
95f9d289eb0d1034066dbe1638e696f7,98bbc5fd5c70c1331d7e5382c6d8f19f,delivered,2017-06-22 10:53:49,2017-06-22 11:05:34,2017-06-22 17:21:53,2017-06-23 11:51:42,2017-07-05 00:00:00
e13fa6ca33d94bcbfd570edd20e475a9,778edc2dbe93c13982704f527738e6c2,delivered,2018-05-08 12:28:59,2018-05-08 12:56:50,2018-05-09 12:39:00,2018-05-10 17:08:48,2018-05-17 00:00:00
b5f45148cb552bb72d183e82cf6a36d1,6c7151ab32254f20b2ced39493d176b7,delivered,2017-07-12 14:37:58,2017-07-12 14:50:13,2017-07-18 18:36:55,2017-07-24 20:23:39,2017-08-01 00:00:00
7d8e7ba5542031bcf18157a07e42459a,b7471219b0b1f0ffd7c258484d4331bf,delivered,2018-02-13 10:15:23,2018-02-13 10:30:31,2018-02-14 23:32:07,2018-02-23 21:54:46,2018-03-07 00:00:00
44a7b71ff4db304382a32b229441b281,f0814ff81dba50dfc754f561b40f89b7,delivered,2018-07-19 13:32:10,2018-07-21 03:10:15,2018-07-24 14:17:00,2018-07-28 00:56:35,2018-08-06 00:00:00
1f56d6730df1a47e92e167f773c5f37c,bf1a6f9f94f61589f9349a76dd16e657,delivered,2017-04-06 19:57:38,2017-04-06 20:10:11,2017-04-07 15:26:12,2017-04-15 09:28:00,2017-05-02 00:00:00
1afd388dd86a030bd0d2b1d5434978d3,16f5cb910633b2a0a8d93b9da0168381,delivered,2017-12-21 12:42:24,2017-12-21 12:52:28,2017-12-22 16:32:43,2017-12-23 12:28:32,2018-01-10 00:00:00
810f2be64366fc23aa96accfc596ce3a,721a12abb906f7621afa0d517ed29aa7,delivered,2018-03-14 00:17:05,2018-03-14 00:29:10,2018-03-15 19:19:31,2018-03-26 17:52:44,2018-04-12 00:00:00
2de1a5d0edd8626305f1255e91b7d473,b2df7562698a9df2b394725e932a57fa,delivered,2018-01-05 17:06:19,2018-01-05 17:13:27,2018-01-09 22:35:54,2018-02-02 21:14:40,2018-02-05 00:00:00
7a5941b80b56b7d80e8e695e1c88eed4,8c341ce666b64e4e79c28b60db4f8248,delivered,2017-12-08 11:33:50,2017-12-08 11:52:59,2017-12-13 15:33:35,2017-12-22 15:54:39,2018-01-03 00:00:00
cc95d1ba07d976d27802ccd9e8f15db1,7c58c07718ba7a706dc41ef3d4702a18,delivered,2017-10-06 09:46:17,2017-10-06 09:56:23,2017-10-09 17:22:34,2017-10-10 17:15:57,2017-10-24 00:00:00
e135c8a351d629f6322ae5cd66a90291,96073cbbfd07afcaef8400bc4f440bcc,delivered,2018-08-14 07:37:13,2018-08-14 08:10:17,2018-08-14 15:14:00,2018-08-22 18:15:46,2018-09-13 00:00:00
eeae119fa8c06aa988a02dd0a40de8a3,d3b0f728a8bc1cba4b7e149484653ff2,delivered,2017-11-24 09:32:51,2017-11-25 05:35:37,2017-11-29 21:22:15,2017-12-05 15:12:57,2017-12-14 00:00:00
3b403954bc51826b0abdd90bcf1e379a,191cdad35845b53e9b337d97ff921759,delivered,2018-04-01 20:29:00,2018-04-01 20:47:33,2018-04-03 18:57:24,2018-04-06 20:21:03,2018-04-12 00:00:00
0a327f9c209a8317bacc1f86dda65f52,aede7cf4fe90e191b431d682aab7b863,delivered,2018-07-31 12:54:10,2018-07-31 13:24:24,2018-08-01 06:40:00,2018-08-02 19:26:47,2018-08-03 00:00:00
767b76997bafc4391a3018711fd833a9,5d67e31aa8cdc36c984e4079a287a60c,delivered,2017-11-26 12:29:41,2017-11-26 12:51:50,2017-11-29 13:05:31,2017-12-13 19:59:15,2017-12-21 00:00:00
4c4f39265955100d527fe377ac3c0f55,4e22a7cfb58d715b470fc91745a27960,delivered,2018-06-18 20:02:49,2018-06-20 04:38:34,2018-06-21 11:46:00,2018-07-05 18:50:55,2018-07-17 00:00:00
ebe03df05336a64593a9d06ed6b09db5,e965077e709d4f5097fbb5b20651ee44,delivered,2017-10-09 19:02:53,2017-10-09 19:14:40,2017-10-11 20:42:06,2017-10-16 20:12:27,2017-10-30 00:00:00
fb8691657006882157a1c0c0f380a585,51edd3e2ce3240854fe38ea1a71883e1,delivered,2017-10-14 17:07:44,2017-10-14 17:24:23,2017-10-16 18:33:53,2017-10-26 22:23:46,2017-11-06 00:00:00
98ecfc5c563ee4f1718c29d586a317b7,8a79aaef381ca7a2537b49081a0d8122,delivered,2018-04-14 11:15:10,2018-04-14 11:31:30,2018-04-17 22:06:46,2018-05-04 20:38:35,2018-05-18 00:00:00
040d14995ebc5de6373a0bc2b5485961,d4abe18305755e18089badeca5d274c3,delivered,2017-09-12 08:31:39,2017-09-12 08:43:31,2017-09-12 18:23:34,2017-09-20 20:09:56,2017-10-03 00:00:00
bb93c6dd59d2881e38fba9891aa63b7e,67817eb4255687172606062046a0c192,delivered,2018-06-10 16:31:19,2018-06-12 04:57:32,2018-06-12 13:42:00,2018-06-19 22:11:32,2018-06-29 00:00:00
395524f8aeeae5579f5b660148e450bc,1f31410fe9060920ac77faf5ad2e3632,delivered,2018-01-21 09:03:17,2018-01-22 13:44:32,2018-02-05 14:53:18,2018-02-23 20:49:10,2018-02-23 00:00:00
9c11cb61b9393edca31cfb6d985642a7,5b2f78b5f6e986453ff9fec40c86f44d,delivered,2018-08-07 14:33:07,2018-08-09 03:45:20,2018-08-09 15:16:00,2018-08-13 18:39:02,2018-08-15 00:00:00
2f0406761edfc84594b3ff458e5ddc6a,a07f5d3331424e82b9b329f311a53646,delivered,2017-11-03 16:55:44,2017-11-03 17:30:50,2017-11-06 19:57:46,2017-11-14 17:38:55,2017-11-27 00:00:00
363f8154ce0860b9c0c5a4c09e9f619c,2894d1f67d717f4ed8bde367b17e0005,delivered,2018-07-18 12:53:57,2018-07-18 13:05:19,2018-07-19 12:01:00,2018-07-20 23:20:53,2018-07-31 00:00:00
67f98e9ec7d20b6e39c806909565213c,0b673beb4a9e4f57ebfd292e388e87fc,shipped,2018-04-12 17:20:25,2018-04-12 17:35:14,2018-04-16 23:56:47,,2018-05-07 00:00:00
4c2efd43936f16115387b1ea65312cc4,67e9eac9d3fda0138a4cb74991b0c645,delivered,2018-03-20 11:58:59,2018-03-20 12:15:38,2018-03-29 22:41:03,2018-04-05 17:18:46,2018-04-05 00:00:00
f5f6ede2cc27f7ef506cf14e38d1ee16,da8886dfb5f7a6f98b45dace8c8e24a1,delivered,2018-06-14 22:39:41,2018-06-14 22:56:58,2018-06-18 15:52:00,2018-07-10 19:38:36,2018-07-13 00:00:00
4b160ae84bf86ca95ce56c7c83c0c5eb,c821a8b90c1d0df109200a6ca4926eb9,delivered,2018-05-17 17:57:24,2018-05-18 03:16:20,2018-05-18 12:43:00,2018-05-23 12:21:47,2018-06-01 00:00:00
c93dc4b4b4fee08f6cf1f6dba6c7c8dd,6057001e88263eeb0124c3bb64829102,delivered,2018-02-27 18:43:47,2018-03-01 02:48:24,2018-03-01 22:23:08,2018-03-07 16:46:09,2018-03-19 00:00:00
863d60e6027670800d65db6d2a9de10e,c00b382ae3b88e40d545d4ad2b5ea121,delivered,2017-10-20 12:25:18,2017-10-21 02:49:32,2017-10-23 19:48:41,2017-10-26 21:17:04,2017-11-08 00:00:00
f7c65be24000f516627adf853b60e268,9dd0f4a6edbd989b7f2f8da3a662bf3b,delivered,2018-04-15 00:31:53,2018-04-15 00:53:16,2018-04-17 03:32:44,2018-04-19 20:32:34,2018-05-11 00:00:00
84f89b4f4b956843277c6b990bd06b2f,5352d7b0e81c3b107191e70df710c5c5,delivered,2018-04-24 23:25:11,2018-04-24 23:35:09,2018-04-30 06:18:00,2018-05-05 17:31:33,2018-05-24 00:00:00
b9b3a57801f2cb36617b727e256b4089,a0d4b9ead9cc1fb314bf487c76605839,delivered,2017-02-03 06:55:52,2017-02-03 07:05:08,2017-02-03 09:30:30,2017-02-15 14:22:57,2017-03-22 00:00:00
d5c48cad732a71a573e038e81d428c18,7c90e33e5d5f35063ed43b54a5957cdb,delivered,2017-02-06 13:09:46,2017-02-06 13:22:08,2017-02-07 16:51:49,2017-02-23 13:23:01,2017-03-17 00:00:00
a91cd0ab480b37e19e1f6910d623d54c,7df9833f34e3cb45217e832783f991f5,delivered,2018-03-06 18:46:32,2018-03-07 02:35:33,2018-03-07 20:59:11,2018-03-23 22:08:34,2018-04-02 00:00:00
89bc56fc811f39de05111fa8d720ac60,dc7fc58159ec37840a3a640a84adc8d6,delivered,2017-08-04 10:48:52,2017-08-04 11:03:39,2017-08-07 19:12:14,2017-08-11 16:27:30,2017-08-24 00:00:00
c9dff4871bed0bc5d4b917767a22d67d,aaaa1ef4f90f3cf6cd099870ea77e99a,delivered,2017-11-24 11:23:38,2017-11-26 11:18:26,2017-11-28 16:09:19,2017-12-11 13:42:39,2017-12-26 00:00:00
33f70271657afa8d0e69c98ba812e841,d87971ae8acd4eac7864f054e44585f0,delivered,2017-08-22 09:28:07,2017-08-22 09:45:43,2017-08-23 12:18:34,2017-08-24 21:17:42,2017-09-04 00:00:00
bfd6463a3d508931213215b96d69f5b7,da702ab66677661dbee8ff4802eaf83a,delivered,2018-03-07 21:52:21,2018-03-07 22:09:10,2018-03-08 19:07:43,2018-04-07 01:02:46,2018-03-23 00:00:00
b01c6ff869f5625618ca2aeed1f4daf3,00931b6a1ae01ead1f98d4e1d1547106,delivered,2017-12-09 15:57:50,2017-12-09 16:10:16,2017-12-11 17:17:13,2017-12-18 21:58:43,2018-01-08 00:00:00
a445af0d83713885b6b576796191b1fa,c0717bf8d4587e085bfb7bb4e8a52e33,delivered,2018-07-23 19:07:01,2018-07-24 10:31:44,2018-07-24 13:48:00,2018-07-27 17:24:37,2018-08-09 00:00:00
d9ef23ac673ab7d0f7795354d2328b77,3497a69327334f063f8da0532da8e4d4,delivered,2018-08-11 20:03:29,2018-08-11 20:15:23,2018-08-15 14:21:00,2018-08-30 22:08:39,2018-09-10 00:00:00
2b8f925d21cb444a3118d0640bb09cc1,d2b164048dcefa2c5e24bb33173ca75b,delivered,2018-03-16 19:11:43,2018-03-16 19:28:22,2018-03-20 19:26:29,2018-04-02 22:48:28,2018-04-18 00:00:00
b2727344d4f955cb61829ed7f61b12fc,59941cfff43c8432579de4def65e6be6,delivered,2018-08-01 16:30:46,2018-08-01 16:45:11,2018-08-03 07:00:00,2018-08-13 19:46:35,2018-08-22 00:00:00
eb71a8bb87819d656f272861f49e3477,5c46e02c6ae6bc6d3a6f33966d05917c,delivered,2018-08-12 14:35:52,2018-08-14 04:24:22,2018-08-15 12:49:00,2018-08-16 13:38:42,2018-08-17 00:00:00
52a39a74e61ffa3d8ce5db4e780ee364,76df5bc8552a4baa36cc3becbedb6dce,delivered,2018-02-21 14:44:33,2018-02-22 02:28:43,2018-03-05 23:22:06,2018-03-20 20:56:57,2018-03-23 00:00:00
4624f54e368960605699b48f08d4ff9c,e056537de5ed9ff8fd487a5ad9570f45,delivered,2018-02-22 15:24:20,2018-02-22 15:35:41,2018-02-27 02:55:25,2018-03-19 18:42:36,2018-03-23 00:00:00
47c343d8d62ab013486081084cdffa2d,84dbc8cadf81995826879280316b6397,delivered,2017-08-14 12:00:32,2017-08-14 13:03:59,2017-08-15 15:37:48,2017-08-30 20:43:31,2017-09-14 00:00:00
259db3e83679426c2af73687a8c579d4,2ea0297a0f76054d2857c4859220b1c2,delivered,2018-05-18 11:40:09,2018-05-18 12:56:23,2018-05-18 15:32:00,2018-06-04 18:22:38,2018-06-14 00:00:00
0dd40e8c8c363027df66efe4fea48bdf,890795b5b323f86184a643e8e3480584,delivered,2017-11-26 23:57:25,2017-12-01 12:31:41,2017-12-06 21:09:23,2017-12-12 22:38:43,2017-12-19 00:00:00
6cd6ee8cba5c8dbddb25d90578edba0a,6570c3201dbf324786cba23cfe64fe2d,delivered,2017-09-28 15:35:20,2017-09-30 02:28:24,2017-10-03 14:11:41,2017-10-16 14:28:19,2017-10-31 00:00:00
324e2258a783f37df70a31a89860114e,5e846cb3c229e358021cf10316c72de1,delivered,2018-01-31 18:40:48,2018-01-31 18:51:11,2018-02-01 22:37:47,2018-02-28 19:13:22,2018-03-05 00:00:00
47a211c899f0043d4ce13337d863bf16,ff552e86993d783ace2864dbdd5226c5,delivered,2017-12-30 15:14:18,2017-12-30 15:26:48,2018-01-05 18:28:30,2018-01-11 15:15:03,2018-01-30 00:00:00
bf9b9000c617c6eb39e6666c98f7493d,7ea1796cd1883cc423df9b9a5483db94,delivered,2018-03-31 18:49:05,2018-04-03 05:15:28,2018-04-05 23:14:47,2018-04-20 14:41:40,2018-04-18 00:00:00
95a9275ad0bdfee65c7075463fc226a6,a7b89ebff7ddcea70479279889acdca0,delivered,2017-10-30 22:59:39,2017-10-30 23:31:09,2017-10-31 16:51:40,2017-11-09 20:55:49,2017-11-16 00:00:00
a10dfacbf1c8bc9c9e9591f60102bdef,8d12e45dee8c09b2510d95b8688a17a3,delivered,2018-07-18 20:20:58,2018-07-18 20:30:19,2018-07-23 13:50:00,2018-08-15 18:51:37,2018-08-13 00:00:00
b985389048e8bbb41d4993f4bd86f47f,475110b3cfbed77071437d7c45aae4bf,delivered,2017-08-22 09:40:20,2017-08-22 09:50:26,2017-09-26 20:37:03,2017-10-06 22:34:43,2017-09-20 00:00:00
eb54651b02b959e50ba4adaabeedfe80,234f9b7bd7eba28c42e8e8a09c98ea31,delivered,2017-12-05 11:20:24,2017-12-05 11:31:32,2017-12-05 20:13:38,2017-12-16 14:23:53,2018-01-08 00:00:00
a1b499a72aca650e451a357f1eb45c03,ef8d390153b43a963def1da4a61047cd,delivered,2018-07-29 15:44:15,2018-07-29 15:55:18,2018-07-30 15:19:00,2018-08-03 16:44:46,2018-08-22 00:00:00
f027ecaf5002b6e557ccdfaedbda2ac6,53f05b7e71451b8e943a7394f5d3edb4,delivered,2017-09-07 08:31:26,2017-09-07 08:43:37,2017-09-08 16:14:07,2017-09-11 20:22:37,2017-09-20 00:00:00
a01edf5b15e6c1a5cf9d9c975e23b7f9,46bd0418f6022bea82e4d1b6c182223b,delivered,2018-06-24 14:32:43,2018-06-24 14:54:54,2018-06-25 14:58:00,2018-07-04 21:28:43,2018-07-19 00:00:00
d124af20920be41458d0325b9827df31,615c294dbb4ab963db7ea37dc1f60cbc,delivered,2017-11-11 15:09:40,2017-11-11 15:27:02,2017-11-14 16:11:59,2017-12-05 17:14:14,2017-11-27 00:00:00
0f2bee3cf61b938dcfdf5cbc0bb2f9f4,d375c23d21738514cf78e36192848732,delivered,2017-09-26 16:25:37,2017-09-26 16:35:21,2017-09-28 22:37:05,2017-10-03 20:34:58,2017-10-24 00:00:00
dbebf60e0907d4124719fe7a872e7694,929552054064c59d6e5bcc06dd67a56b,delivered,2018-07-02 19:27:48,2018-07-05 16:27:11,2018-07-04 10:48:00,2018-07-11 20:14:33,2018-08-03 00:00:00
4ce0d39282d4d45834a51b1ca7fbb311,33b83055b03f489566ebb99c68d45cee,delivered,2018-02-01 09:11:43,2018-02-01 09:31:15,2018-02-06 00:48:33,2018-02-21 21:55:15,2018-02-23 00:00:00
a3e114681cc1e328e884a174f375e41e,cb1c5947c260382a1bfd4034cf35ab54,delivered,2017-05-04 10:07:21,2017-05-04 10:22:36,2017-05-04 13:20:22,2017-05-10 09:48:33,2017-05-31 00:00:00
30170ab8df1e61d04bcd55c3cab7f4ad,2fe42bd26424cd5c60201bb918266f8d,delivered,2018-02-20 21:51:36,2018-02-21 21:56:01,2018-02-23 22:28:36,2018-03-15 19:22:18,2018-03-12 00:00:00
d066df43cd1f2f04cc57f289179dd234,98cdd0afc57e8b072658ac1bb19db884,delivered,2018-03-29 17:00:25,2018-03-29 17:15:11,2018-04-05 20:03:48,2018-04-26 15:32:51,2018-04-24 00:00:00
bbab2e9b3ccc0a66fa711c81e21821f1,f5eb470638c9fb7cd5e5131ec5cc7b04,delivered,2018-06-27 19:21:26,2018-06-27 19:30:24,2018-06-28 13:42:00,2018-06-29 18:02:46,2018-07-12 00:00:00
566c54af4e636ee14ef5e97398919a60,0554357bede8e7adab8e4d3a88652483,delivered,2018-07-18 16:55:20,2018-07-19 03:02:32,2018-07-24 11:15:00,2018-08-02 20:18:56,2018-08-20 00:00:00
5045e4e69c4ba90bebf92266670bfeaf,ef4cc5183ddfe11d6a708e99fb6ef2cf,delivered,2017-04-24 16:24:58,2017-04-24 16:42:42,2017-05-04 13:53:50,2017-05-10 14:24:51,2017-05-17 00:00:00
d652490ad180f9a1a2a4e6e6772b50c5,5797325d4bf11531fcdec2b37d96c5a5,delivered,2018-05-11 19:37:43,2018-05-11 19:50:38,2018-05-15 07:15:00,2018-05-22 18:15:51,2018-05-30 00:00:00
e8146c8e2f62498a88401f3b82ce5a94,ee806345d09f89cbed254c4a290da10e,delivered,2018-08-08 15:32:23,2018-08-08 15:45:17,2018-08-09 14:59:00,2018-08-10 21:28:18,2018-08-13 00:00:00
6b8c62c594c79c27167d9337676cd93a,4b3cff69c9076b5c9f0b5e16b5328360,delivered,2018-03-23 10:44:18,2018-03-23 10:55:31,2018-03-26 22:05:28,2018-03-28 16:41:59,2018-04-05 00:00:00
58dbb941e2ecf4229524cfdda3f080ec,84c3a4890bb23c69e0ad2f0576802ffe,delivered,2017-09-28 07:55:13,2017-09-28 08:07:12,2017-09-29 18:20:13,2017-10-09 18:44:55,2017-10-27 00:00:00
49822ac9e14074c1575428d613ac3889,cda2c884f421e52353b8f80aea7d9c68,delivered,2017-09-15 10:55:33,2017-09-15 11:10:21,2017-09-15 17:11:08,2017-09-19 21:02:35,2017-10-03 00:00:00
4e8a81dd08968b65427a30b932a8fb0a,5e68ff4fe28a8fc50beaece056586fe6,delivered,2017-08-23 14:06:56,2017-08-25 03:04:10,2017-08-28 17:45:55,2017-09-04 18:46:57,2017-09-15 00:00:00
0d80282817c88ed77c05a7e4f72dec4f,bfbaa776ca378a2d38584020bbb3cec2,delivered,2018-06-14 09:45:47,2018-06-14 10:19:33,2018-06-22 05:31:00,2018-06-29 18:54:48,2018-06-29 00:00:00
2f313baa6fdec2fc305719ee717b26a2,9ce137c8df764bc7cd046a8c155e9c73,delivered,2018-02-02 10:13:18,2018-02-02 11:15:30,2018-02-08 20:07:51,2018-03-02 23:07:33,2018-03-02 00:00:00
6fd3076696fcac28e9d04a378fd4b5d7,6fd27e35d1c5cc781bec2f783ba2c85b,delivered,2017-08-14 15:38:08,2017-08-16 03:15:14,2017-08-16 19:04:58,2017-08-17 17:52:30,2017-08-25 00:00:00
47679ef5ae9dac7bec201631070f63b5,669186fd119ac53e75216f2765120fdd,delivered,2017-12-18 17:46:31,2017-12-18 18:52:06,2017-12-19 17:55:32,2017-12-27 22:25:21,2018-01-23 00:00:00
bf42ba647cf1164c3f1f5757b3f0cbd1,1c37caf11970a567b7fa4a716175d250,delivered,2017-12-23 12:41:22,2017-12-27 04:09:45,2018-01-03 17:12:27,2018-01-08 23:51:51,2018-01-19 00:00:00
449e7790774601c0b03963b03aa6b193,c377d539013dbb8fafd49152208c5524,delivered,2017-09-25 16:19:39,2017-09-26 04:07:31,2017-09-28 17:15:37,2017-10-11 18:58:06,2017-10-26 00:00:00
63fc384c8e172e856d4cde83ce2a5234,f0bbc828c2f3a154ac29c3736047372f,delivered,2017-11-24 22:08:39,2017-11-25 01:31:45,2018-01-04 23:15:20,2018-01-13 11:14:31,2017-12-22 00:00:00
d8e82d1f482cdb6ddce0701ace3bc6c8,8f08459a3c56d498990baa07ec4fe68d,delivered,2017-09-01 10:15:36,2017-09-02 02:56:10,2017-09-07 00:19:58,2017-09-21 18:16:33,2017-09-14 00:00:00
24f42a25ef8ead286299cf281c802b16,5b586fac23c7f8c29686a4d5663798df,delivered,2017-12-02 12:52:02,2017-12-05 04:15:42,2017-12-11 15:49:08,2018-01-03 23:12:49,2017-12-27 00:00:00
171723389846b8fbcea1d365e5719cc7,326872eabaf07944bad58240518a29ee,delivered,2018-05-16 15:58:01,2018-05-16 16:15:08,2018-05-17 06:01:00,2018-05-22 16:23:13,2018-06-05 00:00:00
0e1756f57187e203c6151ebe990fa670,ddd3b9ce8e10bc277c120c9a7bb007ac,delivered,2017-09-13 07:29:26,2017-09-14 14:04:24,2017-09-21 16:53:24,2017-09-26 22:20:02,2017-10-05 00:00:00
ed5d4a748b19272af146935199dc6329,13365c4939099a4a1de84f9cfe06b168,delivered,2018-02-16 10:45:46,2018-02-16 10:55:23,2018-02-16 23:17:59,2018-02-23 22:35:45,2018-03-07 00:00:00
f8aa20752115b536eacee3d561989f35,2dfbc6d1939d39a1071d64da95b663a3,delivered,2017-05-15 16:48:22,2017-05-15 17:03:01,2017-05-17 13:57:31,2017-05-23 10:32:49,2017-06-06 00:00:00
de9dfc1fb17ef671b0dfe13a4af413e0,69dba14ea6bbc43bc3f7aad54da1c19a,delivered,2018-01-25 11:31:36,2018-01-27 02:48:57,2018-01-31 20:09:07,2018-02-15 19:13:32,2018-03-06 00:00:00
60f2ddc8d4430b5d01a1b3aa873d2d03,9242e7e435577f88adf6cd4f7503883a,delivered,2018-01-11 14:20:28,2018-01-11 14:29:22,2018-01-17 01:08:46,2018-01-18 17:16:41,2018-01-30 00:00:00
387c2c33e495538e94878a500bf8e6d5,27f7d35941527e3ab4db13c6fe2a5e77,delivered,2017-04-22 21:11:50,2017-04-22 21:25:07,2017-04-27 05:43:02,2017-05-09 09:07:41,2017-05-29 00:00:00
a74fafc20413a7a0f1035a1b9d22d687,18c10dd75c15e93b35983677b1948da5,delivered,2018-07-18 11:01:57,2018-07-18 11:25:20,2018-07-18 14:20:00,2018-08-01 13:51:05,2018-08-09 00:00:00
bb2d7e3141540afc268df7ef6580fc75,8b325e34eab50c4b1e54500a3ff31e6e,shipped,2018-08-09 16:28:34,2018-08-09 17:35:17,2018-08-10 09:23:00,,2018-08-23 00:00:00
94302f2c0be2b8557b415b3330aca160,71f85f226eb965408ca5c0d1c0890d8a,delivered,2018-08-21 20:13:02,2018-08-23 03:04:28,2018-08-24 07:18:00,2018-08-29 16:18:48,2018-09-03 00:00:00
9a72b635fdd4396e5656a6028d13d09a,ae4c7a6bb591543c410facd14b571ea8,delivered,2018-02-19 11:51:35,2018-02-20 09:47:45,2018-02-21 15:59:13,2018-02-23 21:24:50,2018-03-05 00:00:00
2e8be4cb1a41afbbe6efc1c84831a55e,db069a57412f03c4931e54d61553ba14,delivered,2017-07-24 13:41:56,2017-07-24 13:55:12,2017-07-28 18:09:29,2017-08-01 15:12:39,2017-08-04 00:00:00
a57bebffbfa4ce3c72a856f94e1c589f,96d1f87fec96475ce25b292d7f76a557,delivered,2017-11-30 21:35:58,2017-12-01 10:31:25,2017-12-06 12:05:15,2018-01-15 16:48:57,2018-01-03 00:00:00
4e8b695203ce1447833493b8898ad943,11a2098ba613a6da385f0160b1671d8e,delivered,2018-04-27 18:12:41,2018-04-27 18:32:09,2018-05-02 15:15:00,2018-05-07 18:32:33,2018-06-05 00:00:00
0d466b4d8672f6390cb22dd8d2472b7b,be88b3443951f7d32ba596669e347980,delivered,2018-05-16 13:11:47,2018-05-16 13:33:36,2018-05-21 08:11:00,2018-06-08 17:25:03,2018-06-18 00:00:00
f508922be105d79a767d25d0ee4c85b6,9b429ad10ecab0e05dfad095c15812cd,delivered,2017-11-19 16:35:05,2017-11-19 16:46:23,2017-11-20 22:37:34,2017-11-21 16:09:16,2017-12-01 00:00:00
df30f88407baa98218b16abe7032899a,705ea3eb85deaed8f68356890e5e3c7d,delivered,2016-10-08 11:50:02,2016-10-08 13:22:12,2016-10-12 13:22:13,2016-10-15 13:22:13,2016-12-06 00:00:00
7b1628af9aa95c57c63665fb81cced3b,8a9a638f63cca68b06e5787535092bc4,delivered,2018-02-02 12:49:01,2018-02-03 02:53:41,2018-02-05 22:56:42,2018-02-14 22:42:11,2018-02-26 00:00:00
0f1e7409f75f39dd6de647d802dd1094,5a4a794ff4256de4a4068824bba52840,delivered,2018-04-03 00:09:27,2018-04-03 00:50:19,2018-04-03 21:07:03,2018-04-06 00:02:43,2018-04-13 00:00:00
4ef23acabdb7440d19895d1e64443342,569f639f26de23f683111fee0340d268,delivered,2018-04-30 20:45:22,2018-05-01 03:15:30,2018-05-04 12:27:00,2018-05-14 20:18:38,2018-05-29 00:00:00
f30e745209cd648c475f3949b1adb2e6,0d1d5438d7f01a46c249fee6c79e7e32,delivered,2018-06-14 00:16:57,2018-06-14 00:40:30,2018-06-21 12:11:00,2018-06-25 15:54:42,2018-07-11 00:00:00
eb3e4a3528dbc170affc24a94e97f638,ef68683a6c65b91289abbe1a058aa160,delivered,2018-02-07 20:04:45,2018-02-09 10:11:45,2018-02-09 18:57:06,2018-02-17 00:08:01,2018-03-05 00:00:00
967868315b8ce562c1deec7e1ce602a5,a947dfb481280eb7ef13c1c05727f340,delivered,2018-01-10 15:27:50,2018-01-11 02:39:34,2018-01-12 22:35:28,2018-01-24 21:59:11,2018-02-16 00:00:00
a8e0b9e3c94ebc0f5d0ebbfa4d6110b7,1ee50253e3788c72f0e1bc03e2c4b84e,delivered,2018-02-08 19:45:42,2018-02-08 19:55:28,2018-02-14 19:58:59,2018-03-09 16:43:22,2018-03-05 00:00:00
8993af9c591e49725d6658a86ab3314c,9f38ad900ef8cbe439bd2b18ac419203,delivered,2018-07-04 21:54:37,2018-07-05 21:51:39,2018-07-10 07:17:00,2018-07-12 20:56:27,2018-07-26 00:00:00
fd04ea30a531fba782ca80dbead05a5e,6a329b2bf1ada2100af15d7ad273c8d2,delivered,2018-02-21 21:39:12,2018-02-23 02:16:27,2018-03-14 16:36:39,2018-03-17 17:08:20,2018-03-28 00:00:00
f47250cb6ba54d6506935dc2e409b914,6fa4f15ed7bd6ed54b86f2124a8634e7,delivered,2018-07-03 13:52:30,2018-07-05 16:34:53,2018-07-04 15:01:00,2018-07-12 12:58:45,2018-08-02 00:00:00
45917d9b3d9fb27201ae36b4f1841f78,310621a52376d34af1a8fa28f57a05c1,delivered,2018-04-14 15:35:26,2018-04-14 15:50:41,2018-04-17 20:14:40,2018-04-20 21:17:40,2018-05-10 00:00:00
09df1b5edd28f22201dd19d1acccd5f3,082588d73998636420dc0c9b5589668c,delivered,2018-01-18 14:38:14,2018-01-18 14:56:25,2018-01-20 00:47:41,2018-02-17 01:19:00,2018-02-23 00:00:00
7d02110248a5338cf23b3878134147db,2efaea6a947384a3363192a15ef3623e,delivered,2017-04-21 11:08:41,2017-04-25 08:23:04,2017-04-25 10:56:25,2017-05-04 15:45:44,2017-05-23 00:00:00
c40dde193e5c66baefaaace305961861,6832faea23b41f6821642d1933cdee33,delivered,2017-10-21 12:01:09,2017-10-21 12:28:12,2017-10-25 20:32:59,2017-10-26 17:15:11,2017-11-16 00:00:00
91563e540f8b0e89389b96cf4d52296e,b557ba6be35b6f40ddec0f6a151226c4,delivered,2018-04-25 21:16:31,2018-04-25 21:30:24,2018-04-27 14:06:00,2018-05-03 20:19:18,2018-05-23 00:00:00
8e8fcb8fffd60bb3f6fbd647c6149286,24e42f89b0744189b63a6fe0d2223b6b,delivered,2017-08-22 14:06:32,2017-08-22 14:26:28,2017-08-23 18:45:06,2017-08-26 12:05:45,2017-09-14 00:00:00
20ef96a94887a09470ce16449d10b185,bbc517da3d654e825815ec0fa3b1cbe9,delivered,2017-10-16 14:12:01,2017-10-16 14:28:21,2017-10-17 15:23:14,2017-10-25 16:43:11,2017-11-07 00:00:00
bbb23eb343ea788460a735b0d5df605d,1a3c88aea42779ddfadce14271d6dce4,delivered,2018-04-19 16:29:49,2018-04-19 16:58:11,2018-04-23 14:52:44,2018-05-07 20:07:57,2018-05-25 00:00:00
fd723aa8e9502bc95f3bda013fd82072,4c481d3d45478fed9894eef726d4c228,delivered,2018-07-30 10:35:26,2018-07-30 11:31:16,2018-07-31 15:23:00,2018-08-06 12:25:06,2018-08-07 00:00:00
ea437d6c742d02a7efad561c9ea0fb40,6171dd1dd0b622320f004748186502f9,delivered,2017-04-25 16:47:19,2017-04-25 16:55:23,2017-04-26 23:48:01,2017-05-04 17:22:50,2017-05-12 00:00:00
e1ff3178bf322c2f131cdf7f3cd63613,1d759b815b80b9d9c17448c2b48f5509,delivered,2017-07-16 23:44:51,2017-07-17 07:35:12,2017-07-24 13:46:05,2017-07-26 20:58:28,2017-08-15 00:00:00
608d2b1247d371f22cbfa16713c82786,6f2606c75e06082426969fda7ae78f6c,delivered,2018-05-29 13:08:31,2018-05-29 13:31:13,2018-05-29 19:05:00,2018-05-30 21:47:32,2018-06-21 00:00:00
838411338443a817cfb4c26f0f7a9c9a,f6aa4b1360cc4c6186561ebc2caf14bc,delivered,2017-11-21 09:09:35,2017-11-22 03:07:52,2017-11-22 20:16:50,2017-11-30 19:32:35,2017-12-07 00:00:00
6a91d0735c577044a412845a12877d7d,a8a4952b701b04202be1387a00994c4c,delivered,2018-05-05 12:27:18,2018-05-05 12:53:18,2018-05-09 20:20:00,2018-05-15 00:51:54,2018-05-22 00:00:00
179888b7cca14fd041f122d95a9c3e26,4a6d9ebb57dbf795af14dded9a7c2501,delivered,2017-12-08 13:29:11,2017-12-08 13:38:25,2017-12-11 15:04:13,2017-12-18 20:32:18,2018-01-05 00:00:00
82b4245e0d249a436b157488d6607807,49f9471b7ca8b13ac0dab99d5d382e18,delivered,2017-10-09 23:33:10,2017-10-09 23:49:56,2017-10-11 18:13:04,2017-10-13 17:56:00,2017-10-20 00:00:00
262b62b8ed582cfe9cc79c93627adb8f,a04e3a209e3d2093c17df390116bd3aa,delivered,2018-02-27 15:57:25,2018-02-27 16:15:32,2018-03-02 22:47:02,2018-03-15 19:03:36,2018-03-20 00:00:00
3ce23ec58b30f84a32003c7bf535d14f,bce6ef9a2c74960345850bfae20ba406,delivered,2018-02-21 18:14:59,2018-02-21 18:32:14,2018-02-24 18:48:52,2018-03-01 18:16:47,2018-03-16 00:00:00
441c50254b975f2cf7ccd3583a01ed5e,fdda9677d1f7de367fc655dbed4658e5,delivered,2017-04-12 22:51:46,2017-04-12 23:02:15,2017-04-17 12:35:25,2017-04-27 09:14:46,2017-05-10 00:00:00
d40d7311ad7901cbd73d2669398c2035,0561fb8eb9d7840a0dd7869171759fa9,delivered,2017-10-13 00:01:23,2017-10-13 00:28:13,2017-10-16 14:48:07,2017-10-23 17:36:18,2017-11-06 00:00:00
87daa04cf49273df4f787a55b303e1a2,19a422db4550e44786350c8d079d3549,delivered,2018-08-02 21:26:49,2018-08-02 21:35:18,2018-08-10 15:07:00,2018-08-15 21:40:49,2018-08-28 00:00:00
73b6ddc94c65c2002e53a5cb71257232,97966ccb9ebeb90699f50c21714848e0,delivered,2018-08-07 16:20:01,2018-08-08 03:24:58,2018-08-10 12:13:00,2018-08-11 12:06:22,2018-08-16 00:00:00
af4a3b84719be0c3055f092f687f7142,1d695b142ccd56d1a1f0b057238109f3,delivered,2017-05-19 09:26:27,2017-05-19 09:35:23,2017-05-19 14:06:59,2017-05-21 12:09:54,2017-06-01 00:00:00
fcbde30c46201f8fb244724e710ccd57,14e7179a159cd1022234f28516fd823c,delivered,2017-11-25 20:12:05,2017-11-28 03:39:49,2017-11-30 02:16:51,2017-12-27 20:23:34,2017-12-22 00:00:00
c9eb0f567e306bb4c34dacbccf9491c8,376bdeec297b1446d89c29cd03296b4e,delivered,2017-04-21 16:36:05,2017-04-21 16:45:16,2017-04-24 08:08:51,2017-05-08 15:32:26,2017-05-23 00:00:00
ea6c1bccedd9137975bff2495dfd90ae,ad0ef39a2494d469bcb348a4273ca27f,processing,2018-01-17 17:09:02,2018-01-17 17:16:27,,,2018-02-19 00:00:00
767754680a13ebd92bee7405c6beea73,ecc7dce2de2de9826d6227d33f1b5942,delivered,2018-04-17 09:14:05,2018-04-17 09:31:34,2018-04-17 22:24:46,2018-04-28 05:48:32,2018-05-18 00:00:00
e07857247dc486cab4563ffb9d9aeba1,66e651cfce68db9739dc0cc641872eab,delivered,2018-08-07 14:14:15,2018-08-07 14:30:15,2018-08-10 14:03:00,2018-08-15 17:24:49,2018-08-13 00:00:00
b842a958b4bdb5de1b88ff1795c361b3,d1699859c5766fd262eae5bc34be213c,delivered,2017-05-14 17:00:36,2017-05-14 17:10:13,2017-05-16 12:28:07,2017-05-24 12:15:00,2017-06-02 00:00:00
705402bc1d956067338873d414158d09,35a436968e81c497c7f713bac80c42d0,delivered,2018-04-01 00:11:32,2018-04-01 00:31:21,2018-04-03 19:22:47,2018-04-30 16:12:13,2018-04-20 00:00:00
ea3690129d47c065366e711ee7dd666e,cdab2d152ace46567b31b7ae53f44b24,delivered,2018-02-24 13:14:15,2018-02-24 13:27:59,2018-03-01 02:16:57,2018-03-03 12:03:50,2018-03-12 00:00:00
c8cdd4400eb4d108c4fb6992339c9fa1,416c0bf0ad270a0ca1960aefec7ad6dc,delivered,2018-01-05 09:00:35,2018-01-05 09:08:20,2018-01-05 16:17:56,2018-01-15 18:12:37,2018-02-06 00:00:00
eaa99789a47020b46cb0effbc0db5c52,7cd835c51bf18427b0e32d2a4b2db1dc,delivered,2017-10-17 21:32:46,2017-10-19 16:35:38,2017-10-24 19:29:47,2017-11-07 19:42:06,2017-11-14 00:00:00
aaf3ed5d59c660ed5b94eb2dd4103ea0,3d393485f0289ad62f44ec59560a39e8,unavailable,2017-10-07 14:01:14,2017-10-07 14:14:16,,,2017-11-03 00:00:00
6a022aedc6fb8597eddd4b1ed70d14f7,97a1a7d434c0aec55e81662dcc0779be,delivered,2017-05-18 12:42:52,2017-05-18 13:10:25,2017-05-19 13:07:24,2017-06-06 05:23:30,2017-05-31 00:00:00
cbea2c5a36ffbfc6447172746e0d9da2,61596279ddb21ea65d3ad55636c1720c,delivered,2018-01-05 10:10:52,2018-01-06 02:08:59,2018-01-09 22:10:35,2018-01-17 17:25:26,2018-02-01 00:00:00
02d8a3fffa425e73385cc7f7a6518fbe,6104cde8d419deae69db335b70f5bf12,delivered,2018-04-27 12:20:35,2018-04-27 12:35:13,2018-04-27 14:53:00,2018-05-02 23:22:29,2018-05-10 00:00:00
e439d0a12293f3ce780e73285032235a,f8c048c24153d5e2e7df2190f84698b5,delivered,2018-07-23 00:37:29,2018-07-24 11:32:22,2018-07-24 15:51:00,2018-07-30 19:08:53,2018-08-09 00:00:00
397cda88cf14fa47dd00f8ce20346f25,b47024b93a109910a33dc796ea7593f9,delivered,2018-08-10 18:17:09,2018-08-14 04:55:27,2018-08-15 13:01:00,2018-08-16 18:28:54,2018-08-16 00:00:00
acda113f032ffc47eafcaad99a617bd9,ed4676d154bd29df2e8bcf60549621a7,delivered,2018-06-20 15:07:14,2018-06-20 15:40:25,2018-06-21 08:34:00,2018-06-28 12:24:35,2018-07-23 00:00:00
d6b655645db45dd1b22bcad86e108278,36dc23d5391b5a7e7722a016554c8657,delivered,2017-07-05 20:35:59,2017-07-06 16:50:29,2017-07-07 18:54:38,2017-07-21 13:18:33,2017-07-27 00:00:00
ecfb623451269ac76a1469faf66dad27,ff03e2ac07d6dd7580a7cc349e3b37a6,delivered,2017-11-21 21:35:39,2017-11-21 21:48:06,2017-11-25 15:06:54,2017-11-30 00:34:09,2017-12-07 00:00:00
dff0f80f3b67657d2e2f3d4f086a3c0f,757e1b315db5be21a081d9ce240ee72a,delivered,2017-11-24 15:41:32,2017-11-24 19:13:07,2017-11-27 23:52:02,2017-12-11 19:28:48,2017-12-18 00:00:00
04fecddbcf23f16238f35a21291ab7d0,5e36db9241439a2da5ba15f679116bec,delivered,2018-01-30 10:12:57,2018-01-30 10:30:47,2018-01-31 17:36:00,2018-02-15 19:19:04,2018-03-01 00:00:00
2e948d6a9d161cfafbe10825f86028d4,caae77d587dc3ad9c3bf7b473c74efb8,delivered,2018-04-20 10:31:42,2018-04-20 11:21:17,2018-04-24 19:45:10,2018-05-03 20:33:29,2018-05-11 00:00:00
a967dc63ea8966470a83bd0cb2d7d749,f5e01ca083981235016fbce46a13ff37,delivered,2017-05-05 19:24:59,2017-05-05 19:42:14,2017-05-08 16:02:05,2017-05-15 17:24:30,2017-05-30 00:00:00
600455cc1d96a23334c5a7d6eea38bd9,e362750942a269ffb3be2aa866d81344,delivered,2017-06-14 12:34:29,2017-06-17 03:45:25,2017-06-19 18:33:06,2017-07-04 12:53:38,2017-07-11 00:00:00
b8fba4dc6ff421731ed01f46c701084a,16292a565a0a28cb79837f9e0aee1ffa,delivered,2018-01-09 12:23:45,2018-01-11 03:08:40,2018-01-15 16:17:00,2018-01-22 21:51:17,2018-02-02 00:00:00
2841fd83431ec02cb85c516664c128a1,2b3ef16331eff62bfd93c245b3c8e408,delivered,2017-08-08 18:49:48,2017-08-08 19:05:41,2017-08-09 15:12:48,2017-08-22 12:12:10,2017-09-04 00:00:00
9d6127ca58b32bb6c99618d9a034d216,0d708e354668577599a4ec73b3b27679,delivered,2017-05-02 20:05:26,2017-05-03 15:10:26,2017-05-03 15:58:25,2017-05-15 11:36:20,2017-06-07 00:00:00
a2dd87f10cd0b3cdb73c6ba52e333250,21c0c4d41202817c20b246e5a5070ac4,unavailable,2017-10-11 18:51:26,2017-10-14 03:49:24,,,2017-11-07 00:00:00
f7c277e4e5f9a2e6f2b6728c6afa40d5,a7bccb592eb8f0db760ceb97ec15a497,delivered,2018-02-03 00:14:44,2018-02-06 03:51:19,2018-02-06 19:03:48,2018-02-23 21:49:18,2018-03-06 00:00:00
7e8946ff7380632d77de6298460ec652,2a0e09a47edf7e14b7225964d5b2e42d,delivered,2018-03-06 20:10:32,2018-03-07 02:10:46,2018-03-08 12:28:35,2018-03-12 19:29:24,2018-03-23 00:00:00
7033853f56455c1b2c26f0d135c8abd4,76571038e9d21dcac2a428a3d0341b59,delivered,2017-10-09 13:19:38,2017-10-09 13:36:02,2017-10-17 21:13:59,2017-11-13 12:26:54,2017-11-08 00:00:00
8b8d29b32c3d5f608cde1e13cd5df23e,bbd062940c94f28fcdc0bbcd93aefe1c,delivered,2017-09-16 22:28:50,2017-09-17 01:11:04,2017-09-18 21:17:22,2017-09-26 20:09:52,2017-10-10 00:00:00
610a42c3d738d3a80c0f95b8cde6db91,a5920b74bde463773fa0a63fb4834859,delivered,2017-07-06 20:54:09,2017-07-06 21:05:10,2017-07-07 18:32:18,2017-07-17 18:43:46,2017-07-28 00:00:00
82b5afc1133f4b14abbcb31fd3a3fa5d,e81df1fafbb287bfafbc2a4c9fae8c19,delivered,2017-12-28 00:03:31,2017-12-28 00:12:32,2017-12-28 19:56:25,2018-01-10 18:12:50,2018-01-30 00:00:00
2d5d83348a4d3d36d75a5dd807eb21e2,ee65d535649593a0e8a286d779e0949d,delivered,2018-03-11 16:50:03,2018-03-11 17:10:38,2018-03-13 19:02:51,2018-04-03 01:11:04,2018-03-28 00:00:00
3abdde0fd88e73a0651b9f90b6e553f5,33d806c441a4bc19a00471b97edb3f14,delivered,2018-01-27 17:01:16,2018-01-27 17:17:10,2018-01-29 20:21:43,2018-02-19 15:39:19,2018-02-23 00:00:00
9e52b130c2b57f5dbff34caec0e04467,1c6f43948a70aab39fae79e09b228c59,delivered,2018-01-08 19:54:24,2018-01-08 20:08:22,2018-01-10 19:39:19,2018-01-17 18:22:54,2018-02-06 00:00:00
394c18a986b05efaea171db3c1b11652,78d701f6ac80664a4b015c40495f8dd3,delivered,2017-08-14 21:07:57,2017-08-14 22:05:17,2017-08-16 20:17:37,2017-08-28 20:03:36,2017-09-18 00:00:00
cb06895eef8c353edd5828ac4281eb9b,fb52c7e87623a460b760cae7969da353,delivered,2017-05-31 17:23:07,2017-05-31 17:35:09,2017-06-01 14:26:33,2017-06-06 14:13:07,2017-06-28 00:00:00
0db1503ec6e7230c55407767f4e2cc5d,b79c9fed616f2dcebd9a50302c52411b,delivered,2017-04-10 16:15:58,2017-04-10 16:25:20,2017-04-12 12:34:17,2017-05-03 07:44:28,2017-05-18 00:00:00
464324a0ca5b6a5b1448b02f24e588ce,587548be8f9917924b6422e287eb4094,delivered,2018-03-05 15:39:06,2018-03-05 16:40:27,2018-03-06 19:54:58,2018-03-12 22:28:19,2018-03-26 00:00:00
e035b961b5292eb21034e4462013fa66,dc8f88e0f611e8fc82f51679658eb9e3,delivered,2017-05-04 16:36:27,2017-05-05 02:15:59,2017-05-05 13:22:35,2017-05-11 13:59:59,2017-05-31 00:00:00
b43fc68679d68f4e64e27a9c53aa5096,d99434b9f96330e5e05d63196a6a6812,delivered,2018-05-01 19:36:57,2018-05-01 19:52:51,2018-05-03 11:08:00,2018-05-10 16:47:28,2018-05-29 00:00:00
cdad365333623e415b8afe922b97aef9,8250b931afe432f9d9ecfd211d078913,delivered,2018-06-29 20:14:41,2018-06-29 20:30:24,2018-07-02 07:37:00,2018-07-09 17:28:39,2018-08-08 00:00:00
f85a3babb8f57542a4493f9c45523501,2abea2bf3e5611f7a96f8d24f21a7198,delivered,2018-07-04 11:13:48,2018-07-05 16:33:19,2018-07-04 16:10:00,2018-07-11 15:57:32,2018-07-31 00:00:00
2b4c98424c04c927d4f10fd35a3e3558,973340c885e8f9642becd20927970020,delivered,2018-08-06 11:09:38,2018-08-06 11:24:36,2018-08-08 18:21:00,2018-08-13 17:21:10,2018-08-16 00:00:00
cc92b6f226e07df00f790972584285da,ac7e033c3e1a25cfb8b46c50134804e9,delivered,2018-01-29 10:35:45,2018-01-29 10:52:23,2018-02-01 17:15:50,2018-02-16 17:52:22,2018-02-26 00:00:00
9d75498fdac565fd0088b13e1fb8c504,7446ae9b7c1fd9519aa903d4fb16575a,delivered,2017-05-09 16:35:31,2017-05-09 16:45:33,2017-05-10 08:58:14,2017-05-22 09:36:44,2017-05-30 00:00:00
29368d8ce1c627a562377e763eee8a3b,b1e982d1ef75f8260db674aeff3d1a95,delivered,2018-08-17 09:41:39,2018-08-17 09:55:12,2018-08-17 15:20:00,2018-08-25 03:03:45,2018-09-05 00:00:00
4e52da2f158abdf42c94b06eacf0eb60,93949b51a5c0a114de3d9b59d1cce78d,delivered,2017-11-13 10:18:41,2017-11-15 02:35:56,2017-11-16 19:48:44,2017-11-21 18:58:36,2017-12-01 00:00:00
d1f3aacf6953cd2cb98b26b17fa5ba14,6ddae4f84b0d366e83e9b673ffd32d74,delivered,2018-08-02 14:17:35,2018-08-02 14:30:44,2018-08-03 17:29:00,2018-08-20 18:21:43,2018-08-22 00:00:00
eaacf40019906b3cfa49494f390d8f83,709e455bc1d9238c02601873f4a9099f,delivered,2018-08-21 10:57:15,2018-08-21 14:10:27,2018-08-25 13:48:00,2018-08-29 12:54:44,2018-08-31 00:00:00
e34289f949f822de6f3a2f6a8402e5cb,ee7f551eeebe02f0820440598eb0dc25,delivered,2018-01-11 08:56:06,2018-01-13 02:05:42,2018-01-15 17:13:21,2018-01-23 11:12:36,2018-02-19 00:00:00
a60e074eb5678582482c8bc0612e591c,b081de6ac509ff7326578d9cf43f10db,delivered,2018-01-29 12:26:40,2018-01-30 18:49:57,2018-01-31 22:48:48,2018-02-19 15:40:11,2018-03-01 00:00:00
cb3633965eff0518e61c0d44f06fe48f,b47e0f683ae2359400e00c58466a689d,delivered,2018-07-08 22:06:06,2018-07-08 22:25:06,2018-07-31 14:36:00,2018-08-01 20:16:50,2018-07-24 00:00:00
953a453190f96f0f32ea10b03af65a08,73736dc7e92f2dda66762d655cd24462,delivered,2017-03-29 09:17:02,2017-03-31 02:15:28,2017-04-03 16:09:11,2017-04-11 10:07:13,2017-04-25 00:00:00
91663de20f19686d62e4dbc0087fcf62,ab2920fe8377dfb7f685a6591e3300d4,unavailable,2017-07-08 09:55:28,2017-07-08 10:05:46,,,2017-08-01 00:00:00
06e4e324b83309e575442446e34377d7,28635c64d8f2aee6e47124350f7ffb38,delivered,2017-06-21 22:40:33,2017-06-23 02:25:24,2017-06-26 13:31:18,2017-06-27 16:18:39,2017-07-05 00:00:00
c7d4612152c03871aefdfc3b87709952,80aab86612ad0adb740bd10897deaffa,delivered,2018-04-15 18:31:51,2018-04-15 18:50:44,2018-04-17 17:33:00,2018-04-23 16:03:32,2018-05-09 00:00:00
c5132855100a12d63ed4e8ae05f9594d,6e5b6ba2e8de70d9e920b541a619ba91,delivered,2017-10-13 14:45:03,2017-10-17 04:24:35,2017-10-18 19:37:31,2017-10-25 20:22:10,2018-01-11 00:00:00
658bea3a595af733d395a91ed9714160,795b7ae8e06558aae3a68ce5c74ee36a,delivered,2017-11-23 17:28:29,2017-11-23 18:25:02,2017-11-25 02:41:18,2017-12-01 19:06:37,2017-12-22 00:00:00
c8a51ea71826eea0c4b7341af09329f0,c8901f16e562e287157e0d6a502103ed,delivered,2018-08-06 05:17:22,2018-08-06 05:25:12,2018-08-07 19:17:00,2018-08-11 12:52:28,2018-08-17 00:00:00
8c7d20a74234353d921ace530816e2e5,08e51bf520ca8cdd5f95c5f38192598c,delivered,2018-04-16 21:52:12,2018-04-16 22:32:38,2018-04-17 20:21:23,2018-04-26 19:52:01,2018-05-07 00:00:00
3c8d85928df4e2df17662f0d9aad6027,8abc9c4a99bb150c9e5b8f63d4e2720e,shipped,2018-07-24 09:43:10,2018-07-24 11:40:45,2018-07-25 07:05:00,,2018-08-07 00:00:00
0f7dc069548c19f11ff030e2433b8c08,70a7136931d143222e79c6393ccc524d,delivered,2017-08-26 21:07:49,2017-08-29 04:44:55,2017-08-31 20:57:35,2017-09-11 19:10:11,2017-09-19 00:00:00
91e71aa08d584f3047135e97f092a586,4f1d2ff2e900488cdb71773b6a17587e,delivered,2018-05-17 14:21:40,2018-05-19 02:58:43,2018-05-23 12:45:00,2018-06-02 12:05:37,2018-06-05 00:00:00
53c71d3953507c6239ff73917ed358c9,26dcb450c4b5b390e79e6d5d0f2c6535,delivered,2018-07-24 20:41:01,2018-07-24 20:55:31,2018-07-27 15:24:00,2018-08-02 18:41:16,2018-08-21 00:00:00
4a423ddd436e4f40476f60caabd02d13,e692fac4c9d7676f362ebb6b8cebb884,delivered,2017-11-10 22:27:56,2017-11-10 22:35:26,2017-11-14 21:54:41,2017-11-29 16:23:10,2017-12-05 00:00:00
ce574e7ebf3b82a5cfc8140a5f3145e3,2131cece6dfa0c4b1088bb21d296bb41,delivered,2018-05-05 14:39:39,2018-05-07 15:55:30,2018-05-08 11:43:00,2018-05-10 02:51:49,2018-05-18 00:00:00
7c441024c62a371aab679196a26a5837,7d9b1c193c6ede14cd426b570a339739,delivered,2017-11-20 16:54:27,2017-11-20 17:07:03,2017-11-24 22:36:42,2017-11-25 16:42:04,2017-12-01 00:00:00
d1fae75b8b6aec241093c7ccb1a27d3c,6a99c3773d7b59274c24abb1efe292b5,delivered,2018-07-23 11:42:25,2018-07-23 13:43:59,2018-07-24 14:53:00,2018-07-25 16:29:07,2018-08-01 00:00:00
adaaf74d10de654fcf12afe727ac8d46,a7c1a00c3e86423d935e2c72d56f02f6,delivered,2018-06-14 23:15:56,2018-06-14 23:36:38,2018-06-15 14:22:00,2018-06-20 15:24:54,2018-07-13 00:00:00
18afb926a658a2f8a047e5cffc102bc6,48edbf62de4055e80823a90e7b65d7d3,delivered,2018-03-06 15:44:13,2018-03-06 16:20:27,2018-03-07 18:43:43,2018-03-20 10:48:57,2018-03-27 00:00:00
9f1c165cccc244ac8d0e3a1f2d3a296b,d59ea05d6a56927cc0d442088170ec50,delivered,2017-05-14 23:14:21,2017-05-16 14:15:09,2017-05-18 14:30:53,2017-05-29 05:04:01,2017-06-14 00:00:00
99511d2c38a3868964fa72b10e4bdb90,f176d7b5c0753ecc71a6493ac9ad4bd2,delivered,2018-03-28 09:51:15,2018-03-28 10:08:44,2018-03-29 17:46:46,2018-04-10 11:48:52,2018-04-17 00:00:00
38f95affd04d115a3cf2c655d000581f,294f90edf9d7f04ae89f4af0f2b64ed6,delivered,2017-11-25 10:11:24,2017-11-25 12:13:15,2017-11-29 22:09:14,2017-12-20 16:32:23,2017-12-21 00:00:00
bc4a4f7bac3e6d96ea9f3d282e621806,6d75a28d803fef50f764c1623fd87c4b,delivered,2018-04-19 09:24:53,2018-04-20 07:11:02,2018-04-20 21:26:37,2018-05-01 13:37:23,2018-05-16 00:00:00
1cbfc1686ec52edcda358b248aae81fd,bdab5a5fa56036a42d69344ae3006d0b,delivered,2017-11-17 19:42:24,2017-11-17 20:31:08,2017-11-22 21:04:26,2017-11-23 14:41:16,2017-12-01 00:00:00
b51274af163979e4ac06da7fe2826e33,339cc367b01c54deced987c2bc258831,delivered,2018-03-30 23:07:06,2018-03-30 23:26:57,2018-04-02 20:50:33,2018-04-03 22:43:40,2018-04-13 00:00:00
a8305d2dfd60042d6000b3de3bc533a3,896ca8dffa927becb8dca9eabff5ff84,delivered,2017-01-26 23:48:56,2017-01-27 01:05:27,2017-01-30 16:54:34,2017-02-01 15:28:03,2017-03-06 00:00:00
c3641f55c10bcfacf7fa7b8f677e1d5c,8173c84f17bc3acedc7517205e23c489,delivered,2017-05-30 15:54:24,2017-05-30 17:33:19,2017-06-07 13:28:43,2017-06-12 17:42:23,2017-06-27 00:00:00
cec8f5f7a13e5ab934a486ec9eb713c8,6be61d704faaff9b97ccf47289ce94f5,delivered,2017-03-17 15:56:47,2017-03-17 15:56:47,2017-04-04 10:53:37,2017-04-07 13:14:56,2017-05-18 00:00:00
aba3d283b846a03d398d549db17b649a,bd7cb78e215c62dd6de90af929ce719b,delivered,2018-04-01 14:31:41,2018-04-03 05:50:28,2018-04-03 22:28:53,2018-04-10 15:58:45,2018-04-18 00:00:00
a940a94fdec511a582a6da00ff8520c7,4d0062cd0951824fdf00db21c500831b,delivered,2018-02-22 20:44:21,2018-02-22 20:56:06,2018-02-26 14:29:08,2018-03-28 22:16:43,2018-03-21 00:00:00
52431c165ae5cfea49d3eaa3fcd6a7de,e808442ade9d84c082db6c3fa005c8fb,delivered,2017-08-06 20:53:38,2017-08-06 21:40:05,2017-08-09 20:24:44,2017-08-22 18:37:59,2017-09-08 00:00:00
613f6fb8dd1aea00ffe5b742c0f6f95c,c2262c9f09c9270ebffced928898948e,delivered,2018-04-08 18:08:13,2018-04-08 18:29:47,2018-04-12 16:39:34,2018-05-03 16:48:33,2018-04-27 00:00:00
fd076cf6644d84dfecebce0088006304,fdb55b71435665a1d0365011344dca22,delivered,2017-07-22 13:53:20,2017-07-23 06:43:16,2017-07-25 22:24:33,2017-08-14 18:42:36,2017-08-17 00:00:00
b948bdde0e60c872c56a559f349c1a66,e7e307a443d773d59d8e248b750589f1,delivered,2017-10-03 08:48:54,2017-10-04 03:04:03,2017-10-11 20:43:02,2017-10-17 20:23:58,2017-10-25 00:00:00
c4dbc879a0f2bca255b51ca96ef04847,2e3160c0e701d9d9142a02e1b363f48f,delivered,2017-06-20 08:57:13,2017-06-20 14:55:22,2017-06-20 15:58:38,2017-07-11 14:32:37,2017-07-10 00:00:00
0611a79fca63467aea19ba6f75536058,8f40d3fd9dc45300aa2922aa65d9570f,delivered,2017-07-10 11:49:42,2017-07-10 12:05:51,2017-07-10 17:47:26,2017-07-11 20:32:30,2017-07-21 00:00:00
cad08f9cafe86a00a19ad9376c356779,47904533b073544ff4554e7bf27003ea,delivered,2018-01-15 10:06:38,2018-01-15 10:30:57,2018-01-16 00:18:05,2018-02-01 20:50:15,2018-02-15 00:00:00
32fca0b6c17b41f74526dbe519809d8b,c837ceab73293b8742bf6c2e65e9191b,delivered,2018-02-13 16:35:48,2018-02-13 16:47:58,2018-02-14 23:29:03,2018-03-12 16:38:43,2018-03-16 00:00:00
053eb07a9c8d113f338336ff5544d18d,88741bb27ffaff281424cd7349bf090c,delivered,2018-04-19 12:24:17,2018-04-24 18:58:18,2018-04-25 20:34:00,2018-05-09 19:24:29,2018-05-17 00:00:00
5fcbc2f469eaa436b81cbaa4c05eedab,a234ba38e3ac005069111a6fccedf615,delivered,2018-05-06 10:51:24,2018-05-06 11:10:30,2018-05-08 12:01:00,2018-05-09 18:18:46,2018-05-23 00:00:00
6b751a27edaaa33537b2e893d7fd18ce,894337b29433786ec770ef5bf5475cba,delivered,2018-02-02 18:02:51,2018-02-02 18:31:15,2018-02-07 20:33:23,2018-02-20 18:41:50,2018-03-07 00:00:00
a48666b91822bf899e34f73323d5dc37,bc12c0a740d705dbe4bc7e1464fbd970,delivered,2017-03-30 14:31:28,2017-03-30 14:42:01,2017-03-31 14:04:37,2017-04-11 13:06:24,2017-04-26 00:00:00
aa7ec2352031fdede37174861e5b20ad,fa22e15957d9ea748f5f9d2ebf82d792,delivered,2017-07-01 19:23:16,2017-07-01 19:35:09,2017-07-03 16:44:49,2017-07-17 18:41:29,2017-07-28 00:00:00
a14753060efdf9e9c67f8449ba80ccdf,4c7b1a85dc9a7bd44f079e8ed1602ec2,delivered,2018-01-07 18:25:23,2018-01-08 10:08:31,2018-01-12 22:56:44,2018-01-19 22:54:05,2018-01-31 00:00:00
de9df170e0b97a46f12f9bc8eca0e0b7,c4d22f031c3697072e4d9186b454d5fd,delivered,2017-02-10 11:17:16,2017-02-10 11:25:10,2017-02-10 13:46:02,2017-02-16 10:22:16,2017-03-14 00:00:00
6573824675f1529754a485fedbe94ca3,c2c60fda4c26f349a5d1812385117ec8,delivered,2018-04-08 17:29:46,2018-04-09 17:29:23,2018-04-10 20:26:43,2018-04-13 21:21:35,2018-04-26 00:00:00
3d6b0a5241a441368d12c56b313c6f70,c658bb8cec1d8abc36b0f23ce79f49be,delivered,2017-06-14 11:00:28,2017-06-15 03:03:38,2017-06-16 12:07:56,2017-06-22 10:50:00,2017-07-21 00:00:00
c9b08bd33d449366d3b89454a3071b98,10b70116f12d6f64f25e04e219a8036d,delivered,2018-08-09 14:33:30,2018-08-09 15:05:17,2018-08-13 16:37:00,2018-08-15 19:36:37,2018-08-24 00:00:00
6d1e24636558186d996520563f53df00,6bf45280537c119fa70ed4a4fb7dd688,delivered,2018-07-14 09:43:38,2018-07-14 09:55:13,2018-07-17 13:35:00,2018-07-24 00:03:23,2018-08-13 00:00:00
03cf8d977a18ea1308ec10c0f7de2f4e,57523f30c7d806147639a898f023a462,delivered,2017-04-18 21:05:55,2017-04-19 21:10:10,2017-04-25 14:52:38,2017-05-02 16:05:17,2017-05-10 00:00:00
ea228f2b91b909f4aada1453dbbe27be,81988f486893c00852488b7803c3650d,delivered,2017-03-30 21:58:36,2017-04-04 05:45:38,2017-04-06 11:22:50,2017-04-19 14:34:41,2017-04-19 00:00:00
c63f5ac7a6d8ee6593a8b272aa533b5e,05a0608ede91cf6bfe4ea3eb2a7bfd84,delivered,2017-09-04 09:14:19,2017-09-06 02:50:19,2017-09-06 14:53:12,2017-09-12 21:12:45,2017-09-27 00:00:00
7dbeef696a1d0ba9fb55234d2810881d,395a74da4bd6d41e8867f99a608557e3,delivered,2018-04-13 16:51:56,2018-04-13 17:40:47,2018-04-17 18:20:53,2018-04-19 03:07:57,2018-04-30 00:00:00
685eef0e70bd850df886871cc0917e81,68fe35f2befb496c88c469dd4120dace,delivered,2017-12-29 21:00:37,2017-12-29 21:09:39,2018-01-04 22:32:58,2018-01-16 13:56:35,2018-02-01 00:00:00
711dc5c7f9864e658ee30f5122e40533,cec6b62ab6844c0bb8234d8fb47e8c19,delivered,2017-11-09 14:24:42,2017-11-09 14:36:27,2017-11-10 21:41:18,2017-11-21 23:14:52,2017-12-06 00:00:00
09905fd2dc65b5998da50f11ae3ed6f0,a8e4fcb04ab98006c138e1db0a084c28,delivered,2017-09-12 17:50:37,2017-09-12 18:04:33,2017-09-21 23:14:16,2017-09-26 20:06:49,2017-10-09 00:00:00
6765f32bbfac1642b2e1132fabab5ce4,cd5d029f3793dce60e4dbac49e2f4cd1,delivered,2017-08-11 20:35:14,2017-08-11 22:15:18,2017-08-18 19:24:53,2017-09-01 21:29:44,2017-09-19 00:00:00
64958fed45ad3cd3b84be03fd9ac01cd,51dcfe10205819fd2d3294782a1065cc,delivered,2018-02-14 12:14:39,2018-02-14 12:30:26,2018-02-14 21:41:42,2018-03-09 16:58:34,2018-03-06 00:00:00
84898d879641fa3dfb557d681959b311,bcee620f132246866385b6d2dd091d89,delivered,2017-05-18 07:58:46,2017-05-18 08:10:11,2017-05-19 17:00:45,2017-05-24 13:46:37,2017-06-13 00:00:00
90a9fea4de623b810e0b0c5226e21884,613578dd20ddb4ec94a6aaeb3ad67dce,delivered,2018-03-22 16:08:37,2018-03-22 16:50:20,2018-03-23 19:51:58,2018-03-28 16:41:50,2018-04-18 00:00:00
67b50899f52995848c427e361e10dde3,1b353c00c71689afba44554e43cc5a76,delivered,2018-06-16 21:24:10,2018-06-16 21:36:59,2018-06-21 13:55:00,2018-06-27 13:17:27,2018-07-16 00:00:00
be32306676f1b65193ce87367ecf3e34,0cbfb11934fdfab3cd95e2224b6c84f3,delivered,2017-11-06 15:04:50,2017-11-07 07:30:34,2017-11-08 20:26:48,2017-11-28 21:58:39,2017-11-29 00:00:00
6a07231081720ded5c208be252bdc004,c1aa50f6ee4138c1bfe0ae3a3b42f31e,delivered,2018-05-31 23:17:43,2018-05-31 23:30:43,2018-06-01 15:13:00,2018-07-13 23:06:37,2018-07-11 00:00:00
f3f907158aca4357b0f245b5aeb00a9a,0979d944dc34878750e6e0823044c62a,delivered,2017-05-19 09:29:21,2017-05-19 09:42:26,2017-05-23 13:05:32,2017-05-26 14:06:34,2017-06-13 00:00:00
a688fe5c2beae8c79ad4514b1b02c8e7,ae9fe2dbdd1123d0a5e3df14db6ef985,delivered,2018-04-24 20:43:25,2018-04-24 20:55:39,2018-04-26 10:56:00,2018-04-27 18:28:45,2018-05-14 00:00:00
460cf33073f045d5c0ac32dc1a4cacf2,47f6e5f9290475ef52bc0ef1aec2dd3a,delivered,2018-04-12 10:10:43,2018-04-13 13:14:06,2018-04-13 22:22:42,2018-04-18 11:58:24,2018-04-30 00:00:00
679ab8260055fda03783723687a8fd35,42157fc13fbc7530fc640b8d44b5a299,delivered,2018-02-19 17:05:26,2018-02-19 18:10:27,2018-02-20 19:19:20,2018-03-05 23:52:32,2018-03-21 00:00:00
20e2dddb8e92f51c9d7a595e7266b20f,fdc82a10c4b12618b31a50b68c5c3a6d,delivered,2018-08-05 18:13:35,2018-08-05 18:25:11,2018-08-06 12:42:00,2018-08-14 19:23:41,2018-08-23 00:00:00
feb8588347d37764969332accbf3937a,6f506de3995d61567142ad9fbc9a2f6f,delivered,2017-08-15 13:52:07,2017-08-15 14:50:10,2017-08-16 17:04:40,2017-08-24 18:29:52,2017-09-12 00:00:00
884690bd130f0d8ab50eacc125dac762,0a57f7c505eec1304c1ca927efadaeda,delivered,2017-08-17 21:21:14,2017-08-17 22:10:21,2017-08-18 21:35:56,2017-09-08 19:13:24,2017-09-11 00:00:00
ad6b07be756ec7284a64503ac34f6975,e34f1deeea3369207caab9fd7a49cee8,delivered,2017-04-05 15:04:14,2017-04-07 03:11:01,2017-04-10 15:50:46,2017-04-19 16:49:07,2017-05-09 00:00:00
2eb8e1144ea3959de1aaa9201b3b4518,d296357a8e81113de40c03daf5e95e7b,delivered,2018-02-02 17:28:28,2018-02-02 18:31:19,2018-02-06 12:05:16,2018-02-16 12:52:37,2018-03-05 00:00:00
a46dc6a0212b801e6864957e34476ab3,da3865a87af154f97a6de04afae086a9,delivered,2017-11-25 19:44:56,2017-11-25 19:56:26,2017-11-27 16:22:11,2018-01-07 13:09:27,2017-12-20 00:00:00
1a402828d6f17017c6b85b1f90dea327,78a801b94a8e9b7409c3a3dbcf0d8d67,delivered,2017-10-22 16:34:12,2017-10-22 16:56:34,2017-10-26 20:40:11,2017-11-06 20:41:36,2017-11-16 00:00:00
1a75c135cddd959bc928ad1cccf932a1,ecd17d7244b5f9e46297d976aef1cdd2,delivered,2018-04-27 11:23:21,2018-04-27 11:52:10,2018-04-30 15:09:00,2018-05-03 19:21:46,2018-05-11 00:00:00
5a6816abc699af392f8a2520aadf1cd9,6a2d6e58eeba8f38a5119e50e82878df,delivered,2017-11-12 19:44:21,2017-11-12 19:55:29,2017-11-13 19:21:42,2017-11-17 01:43:02,2017-11-28 00:00:00
2e40f4ca6760b2209d72989c1533fe0c,01e92a3b160b9a3751ffc7cf52dbed77,delivered,2018-03-07 22:44:08,2018-03-07 22:55:31,2018-03-09 05:32:23,2018-03-19 20:09:48,2018-05-08 00:00:00
c3d98859790f5ef3e0ec03a886506d35,979b8c7ddabb03954d1000d3b84b6a11,delivered,2018-03-20 22:30:20,2018-03-20 22:48:05,2018-03-21 20:41:35,2018-03-28 12:12:11,2018-04-16 00:00:00
1ee3f6b3f68027bf18b0a9e356edc4f3,763117fb7b230036eb6217e0a8b801e2,delivered,2017-09-15 16:40:35,2017-09-15 16:50:17,2017-09-20 18:32:43,2017-09-22 17:52:16,2017-09-27 00:00:00
53abe7c4aed1dfb3bf25e69723fd9a4d,49b471ebcb1aff8733ec7a476bcb4a10,delivered,2017-06-09 16:13:00,2017-06-13 04:30:32,2017-06-16 14:46:34,2017-06-19 20:37:42,2017-07-11 00:00:00
551b1f7008ab0e7ccc85caaaa27f8a42,85ea40a9684026fe82ea78356c8d1eaa,delivered,2017-11-25 15:28:04,2017-11-25 15:35:02,2017-11-29 21:05:00,2017-12-14 17:58:55,2017-12-22 00:00:00
5d1dea256331e5dfde86029097cc203c,0733254820b3e1198c31e190f4f2c67e,delivered,2017-12-13 17:21:27,2017-12-13 18:31:54,2017-12-20 18:59:19,2018-01-04 14:08:10,2018-01-11 00:00:00
520e9b73b66dd639c67ced184953ca2d,dfb128d07f7da6edf0fbe08f7cc89c4c,delivered,2017-07-20 19:42:34,2017-07-21 06:43:26,2017-07-21 18:53:52,2017-07-24 16:49:31,2017-08-02 00:00:00
1c70638bb9739cd0ec124e4af1367312,b4321daa9667a56a1c4fabb2cbb34ae5,delivered,2018-01-26 23:12:43,2018-01-26 23:31:35,2018-01-29 17:51:40,2018-02-09 17:09:38,2018-02-21 00:00:00
df68ea0d1a2a2b9d4dfa236820acbe9c,ed49fe4d74601cca98f28b3b5f3f8968,delivered,2018-08-01 12:07:12,2018-08-01 13:04:17,2018-08-02 13:56:00,2018-08-07 22:21:51,2018-08-24 00:00:00
b8da1a3a182f9172670e36c996363708,555e0a9ba813008221adb74ad01a3720,delivered,2018-04-24 07:33:08,2018-04-24 19:08:24,2018-04-24 17:58:39,2018-04-26 02:11:07,2018-05-11 00:00:00
1aba19a11ad5276dc9d409b95680caa6,72b02f1dedfa93df34149345e67bd4f8,delivered,2017-08-30 19:59:18,2017-08-30 20:10:22,2017-09-02 15:22:46,2017-09-08 19:05:58,2017-09-26 00:00:00
ff50008f24df5da8799bd7804c77686c,29cb846f9e90a86f6f32533d41280833,delivered,2017-09-03 10:19:14,2017-09-03 10:30:09,2017-09-04 21:39:59,2017-09-13 18:02:38,2017-09-27 00:00:00
7122fa45d10437278bab815f67002798,f041c33fa5c382bf3eb1433270778594,delivered,2017-02-20 21:44:03,2017-02-20 21:55:11,2017-02-22 05:15:33,2017-02-23 11:30:12,2017-03-17 00:00:00
7483928c3fa3706bcc1777178cb1793d,6fb1293bde3b204b920003a3989dbea5,delivered,2018-07-24 13:49:21,2018-07-24 14:04:30,2018-07-24 14:09:00,2018-07-27 20:14:44,2018-08-10 00:00:00
b2fd73f1bd0c6aab4bc4987c2b550c94,0fa6f9c417bd7ae5ff98be2aa4a66fdb,delivered,2018-03-01 15:38:52,2018-03-01 15:55:43,2018-03-02 16:35:30,2018-03-05 15:37:47,2018-03-13 00:00:00
2bd50f23991e78268a92afaf29d6e459,72a767a5bb465e72ea39aab45c2bc9c1,delivered,2017-05-22 21:00:12,2017-05-22 21:15:08,2017-05-23 12:33:08,2017-05-30 16:09:46,2017-06-26 00:00:00
8e573d30402e9b57443d6dd90ab0262f,0d0c904a1e7578972a0064a89e21eb9c,delivered,2018-01-26 11:06:38,2018-01-26 11:14:07,2018-01-30 23:12:58,2018-02-01 21:27:43,2018-02-09 00:00:00
a279cafcc7359382fdd603518130fd1b,66089d379d76160808a199e00164be15,delivered,2018-02-03 13:26:26,2018-02-03 13:35:35,2018-02-05 18:44:49,2018-02-07 22:33:43,2018-02-21 00:00:00
2db6929b692b91f237289729903d37cc,6096638d1c65231c08ba8d33ff598fda,delivered,2018-04-30 13:40:56,2018-04-30 13:55:13,2018-04-30 15:19:00,2018-05-07 22:07:36,2018-05-23 00:00:00
b635cbb9f7c2bc5de438f7429b8490e5,d80503003ba91d9d6803f8287544782e,unavailable,2018-07-31 11:26:30,2018-08-05 23:30:50,,,2018-08-10 00:00:00
d6d7735ea8ca2ff812e770a2bde2b193,324822666baab3f88b6799fb25b0bc24,delivered,2017-12-22 17:37:58,2017-12-22 17:50:07,2017-12-26 18:37:39,2018-01-04 22:35:09,2018-01-26 00:00:00
3d7769d40f0a71dd4954af1ddea4897e,8fcf47699a97e2603c19102a9412b4b0,delivered,2018-02-16 12:38:50,2018-02-17 19:50:27,2018-02-26 15:22:51,2018-03-17 16:41:03,2018-03-09 00:00:00
d40d0673164267d3615028b9043b264a,6f3696729b88ae43cf020b08dfc8d1c8,delivered,2017-07-12 16:19:19,2017-07-12 16:30:14,2017-07-14 20:12:35,2017-07-18 19:22:31,2017-08-01 00:00:00
cff4d10ff5b5d90df2c9747fa66119f8,40d7f7d53e5b1e2ecbfdcaac7961530e,delivered,2018-07-15 12:29:47,2018-07-17 07:31:30,2018-07-17 15:22:00,2018-07-20 17:04:40,2018-08-07 00:00:00
b523b77f215e6c094c97389acf24ea9c,7330b2142fc963806f7ac2f27fab4e42,delivered,2018-04-27 17:01:15,2018-04-27 17:51:36,2018-04-30 14:14:00,2018-05-04 19:15:23,2018-05-22 00:00:00
0d3c7f1597c769bd28269d06b31acbaf,4c99e42a8ad0b0e539091d1b42d1d937,delivered,2017-10-30 19:46:49,2017-10-30 22:31:36,2017-11-01 18:12:04,2017-11-03 20:37:25,2017-11-07 00:00:00
5f9b8704ad096052823d6e006cf03443,9435f264913e96d69160e6f90380c851,delivered,2017-08-16 04:14:00,2017-08-17 04:10:06,2017-08-21 11:57:30,2017-08-24 16:03:31,2017-08-30 00:00:00
24b0555959f9e29bcb212e1b0ed0b878,77caed296c3dc73d8038279950e7eafc,delivered,2017-10-06 06:30:11,2017-10-06 06:49:09,2017-10-06 20:51:28,2017-10-09 21:28:48,2017-10-26 00:00:00
a29ff9ad73114cca7be0859ec0cddd74,c4770e515fe794e4e18a70729e06f243,delivered,2017-11-19 15:59:17,2017-11-19 16:10:23,2017-11-20 21:47:41,2017-11-27 23:51:45,2017-12-07 00:00:00
9c3585240de3978338d7aa8c74ddfaa1,67049fbab04e981c926c3adce11f731d,delivered,2018-04-10 18:20:16,2018-04-12 04:35:07,2018-04-13 17:48:45,2018-04-24 21:42:12,2018-05-08 00:00:00
e40d3d3715dc8eff1f1b90a2cdb9bc1a,427d462a291aced79727d04fa36adb4a,delivered,2018-02-16 12:54:27,2018-02-16 13:07:02,2018-02-23 22:25:19,2018-03-11 16:18:51,2018-03-16 00:00:00
cf396e4f907df065cc3d876bff73266a,67824b5c176352144ad6b11ee6cb4376,delivered,2017-10-09 21:04:25,2017-10-09 21:14:20,2017-10-11 22:12:42,2017-10-13 16:42:40,2017-10-20 00:00:00
aa98da01257ceee830845e76cd9ef683,992a884e07e5321c1e9d5d33ae651fd5,delivered,2017-03-21 19:01:06,2017-03-21 19:01:06,2017-03-22 07:33:21,2017-03-27 16:10:30,2017-04-11 00:00:00
f2f2e2554ff7ce6f4ac51ce640a8a9d2,47056197ae35c0b1e8e6230dbce21a8b,delivered,2018-07-11 22:18:53,2018-07-11 22:26:21,2018-07-12 12:06:00,2018-07-13 15:21:58,2018-07-23 00:00:00
f974be4f3b9bbfd12587321f437e77b4,091fea6ad6eea188d7ef495b8b0a3551,delivered,2018-06-21 22:56:48,2018-06-21 23:18:27,2018-06-22 14:47:00,2018-07-04 19:28:37,2018-07-18 00:00:00
da02757374a4765efdc08488ec40e778,c2a1da0b8e0ff83be4deb1f0a9243364,delivered,2018-07-19 08:06:26,2018-07-19 08:22:39,2018-07-24 14:20:00,2018-07-30 23:23:43,2018-08-23 00:00:00
271664630912f9ea979c46c772f2187a,821655ab2e1dee407394c784caea8de0,delivered,2018-01-15 14:12:48,2018-01-15 14:19:25,2018-01-16 19:21:49,2018-01-29 20:13:27,2018-02-06 00:00:00
119132da8a360ce8e81841456844b962,b59da7bd516b6a609dfce4cbd3077f5d,delivered,2017-10-23 22:52:53,2017-10-24 14:56:22,2017-10-27 17:15:48,2017-11-01 21:09:57,2017-11-10 00:00:00
949685852c781dc1ceefe5810f2fbc27,269b0a35943abc8d354e9d50c8bd9d21,delivered,2018-08-04 18:36:26,2018-08-07 04:15:33,2018-08-07 13:51:00,2018-08-20 14:38:40,2018-08-24 00:00:00
9230c8324320aabb46dcfbc11da845aa,a7f2a62afeb5a0947416264e78e3d5f4,delivered,2018-05-07 07:17:20,2018-05-07 16:13:20,2018-05-07 15:05:00,2018-05-15 13:03:44,2018-05-28 00:00:00
be754126110440ba89a5456475333453,24c2d36dcc7f3ff6e41738c77dcf2def,delivered,2018-03-02 15:27:23,2018-03-06 03:55:55,2018-03-20 15:37:48,2018-03-29 19:21:58,2018-03-28 00:00:00
ecc5a7a6cd9df305db7d2781708d6599,d7f854e5ec6cd17195dbd7b3ae40cca2,delivered,2017-03-13 14:28:41,2017-03-13 14:28:41,2017-03-15 14:10:35,2017-03-21 08:35:44,2017-04-06 00:00:00
d6b0e562cdddbc5bae4f671aa1c72d14,0eea352a2fcdcb5cfd85ad85f9f20aac,delivered,2017-08-08 16:06:38,2017-08-08 17:03:48,2017-08-09 18:24:25,2017-08-10 16:18:51,2017-08-23 00:00:00
ae8a31461eb719be6507a81916beb77d,c386803d81b6b65686916f7231c2024c,delivered,2018-01-02 17:05:06,2018-01-02 17:13:34,2018-01-03 18:47:34,2018-01-04 20:47:53,2018-01-26 00:00:00
eb6b32a82d2459d0ce7f2089f9eba0f2,55a52a925384404b4e57b82938bf6062,delivered,2018-04-29 21:49:07,2018-05-01 03:15:51,2018-05-03 16:46:00,2018-05-07 18:16:35,2018-05-22 00:00:00
eaec6e2d982640b10c56b8eb00049f51,ca370b831b24aadb045f0fddf63effee,delivered,2018-05-10 19:19:48,2018-05-10 19:37:44,2018-05-12 08:18:00,2018-05-16 20:12:48,2018-05-21 00:00:00
846115786f1191946815c3b270d72d9c,40d877a4b785951fd15560e5e9d60625,delivered,2018-08-19 14:51:36,2018-08-20 12:12:14,2018-08-21 14:14:00,2018-08-24 16:34:30,2018-08-28 00:00:00
36c3bf59155e236837a7044dc3821b1a,e28a2cddec01873acb71884810975673,delivered,2017-04-23 17:28:18,2017-04-23 17:42:14,2017-04-24 12:05:40,2017-05-04 11:33:40,2017-05-18 00:00:00
d1ef6709c025c5368c9e4718bfcf23c0,5ddb3e6047a2890c36f3b1071e6b0025,delivered,2018-03-26 09:07:08,2018-03-27 03:55:12,2018-03-27 18:14:47,2018-04-03 23:05:10,2018-04-17 00:00:00
8ed9bbf52d875aa480a636c3cc1b6dc5,0a2b417f16a1f57ac465aa588a7367f9,delivered,2017-05-06 20:58:27,2017-05-06 22:02:23,2017-05-12 08:44:39,2017-05-15 16:51:59,2017-05-29 00:00:00
4c17c523dc7daa9cfdfb327f119179a4,7a6db14451dc639c79aed1792daf330d,delivered,2018-06-13 15:17:22,2018-06-15 02:17:32,2018-06-15 14:54:00,2018-06-20 20:27:48,2018-07-05 00:00:00
c54c4dcd2ad83fe552007e32abd35af7,fac0477e914deb8b872a8d4199f91383,delivered,2018-01-14 23:41:11,2018-01-14 23:48:54,2018-01-17 20:36:35,2018-01-23 16:09:12,2018-02-05 00:00:00
4274c629dbb28e0ca783cf3a7673acb4,b94a154f7f51cad4efd3c2ea0d4beca9,delivered,2017-10-24 18:24:54,2017-10-24 18:36:47,2017-10-25 15:10:18,2017-11-15 13:36:54,2017-11-14 00:00:00
f3824e1120311a6dd631dc92334fb0da,a3b90c80f2af4c97aecddac0729fa737,delivered,2018-06-08 14:17:16,2018-06-12 04:35:40,2018-06-12 13:18:00,2018-06-25 17:03:16,2018-07-18 00:00:00
384cb810297edfa8442e7b06f4d4850f,5033c92efdd31473011c06f4bbd89e78,delivered,2017-03-29 08:55:54,2017-03-29 09:05:23,2017-03-29 15:09:04,2017-04-28 09:36:39,2017-05-02 00:00:00
f16599b98c62d8e9ee08de8c41bed3d1,9bfe7794e18a8c329058e8a117cde1f4,delivered,2017-02-10 16:57:36,2017-02-15 11:33:00,2017-02-17 14:14:52,2017-02-21 18:24:57,2017-03-13 00:00:00
6e6bacc052a79d14a6e7d015188bef50,d962db498655c9a4b77db1b993f157d4,delivered,2018-02-27 17:55:16,2018-02-28 17:50:42,2018-03-01 21:41:26,2018-04-16 17:24:24,2018-03-22 00:00:00
217bf2a8e5504add2b381326f7582a24,31a317f8c2ed13578e35d87fd51754a3,delivered,2018-05-16 11:50:41,2018-05-16 12:14:02,2018-05-16 13:06:00,2018-05-22 20:12:19,2018-05-30 00:00:00
4fde26fa2510c48a5de5fd2fd876745d,610f4bb4b87c0b59529b0e7ceb282e59,delivered,2017-05-04 07:28:27,2017-05-04 07:42:27,2017-05-04 15:04:42,2017-05-17 12:33:16,2017-05-31 00:00:00
9ac5e503660add9c6e738f054e3ee483,1bff589b962ff48e1344ca69205bdbf6,delivered,2017-12-02 22:41:34,2017-12-02 23:08:13,2017-12-05 19:51:31,2017-12-08 00:12:35,2017-12-20 00:00:00
ea6967715bded6f2bef2c472c1f46939,468ecdd67d8337de4f01bc0c6523e35e,delivered,2018-05-05 19:08:35,2018-05-05 19:33:24,2018-05-07 17:52:00,2018-05-11 21:35:08,2018-05-28 00:00:00
c05e7a155611cc12aedafb3d0440f105,41cc3a16d47aaeb0d57a061c5236a713,delivered,2017-05-24 13:49:56,2017-05-24 14:02:43,2017-05-26 04:55:37,2017-06-13 11:44:03,2017-06-28 00:00:00
ff20ee702706d9e407a34de9fe2ff768,0499e8d702425ef8b10da2172f9fec96,delivered,2018-03-28 12:11:45,2018-03-28 12:27:54,2018-03-29 20:28:58,2018-04-05 23:31:56,2018-04-17 00:00:00
3f79906e1eae95209df3fb74edbdce8c,8f147bfb2e3088ac8959f073cf47eba2,delivered,2017-03-10 10:24:46,2017-03-10 10:24:46,2017-03-10 14:58:25,2017-03-16 17:17:50,2017-03-31 00:00:00
291c6962c2c9443529081cc6068e607b,78995f8262c26c0c11fb3c90acf5cab2,delivered,2018-08-19 13:43:48,2018-08-20 11:55:23,2018-08-21 13:46:00,2018-08-25 01:04:07,2018-08-29 00:00:00
f3bc6575842f8518d2bca5e71ea8c4de,9129d01f55b5063bb674586fa11ca8ac,delivered,2017-11-24 22:19:33,2017-11-25 01:16:24,2017-11-27 16:58:31,2017-12-12 17:48:37,2017-12-19 00:00:00
7d7b09adc383ca37307f36118c8dc856,a33e923cdc6186ba489ac4c2e0fa6d3b,delivered,2018-05-18 13:54:58,2018-05-19 12:59:33,2018-05-21 16:15:00,2018-05-23 18:42:13,2018-05-30 00:00:00
c3474da948bb89ce980046e431c0752f,e05f1f9cf952a4dd066aa550089b89dd,delivered,2017-09-21 13:45:27,2017-09-21 14:04:57,2017-09-22 18:03:10,2017-10-09 21:58:38,2017-10-18 00:00:00
2a9cb99ef87c3d128dc9ad43a7369854,2764cbd0d0c961d12ec1a2a3bfbfcd6d,delivered,2017-06-12 16:10:33,2017-06-12 16:25:19,2017-06-19 16:44:36,2017-06-30 14:39:46,2017-07-14 00:00:00
18365e069e7aa176d76d25df0a233e6a,3ad2d436356d6e6bc9d4de67210d8715,delivered,2017-11-27 12:29:08,2017-11-27 12:39:26,2017-11-28 19:24:43,2017-12-21 20:41:27,2018-01-04 00:00:00
bf95f59b6a122e97a05c7dcacb98d71f,d4c85a033e496942839f448797611939,delivered,2017-11-22 14:49:13,2017-11-22 15:06:29,2017-11-24 23:26:34,2017-12-05 21:14:31,2017-12-08 00:00:00
34f3d15f5aa42c451c827caa4d91e7ad,b60c609c5a1b19d463baa42112d7609f,delivered,2018-04-27 07:54:37,2018-04-28 03:11:08,2018-04-30 15:14:00,2018-05-04 20:32:56,2018-05-17 00:00:00
838eddbec488679c7db905429c5163f7,5e629f5cad9941c1f83b0ac0e287348a,delivered,2018-05-15 20:29:06,2018-05-15 20:56:04,2018-05-17 12:53:00,2018-05-23 00:22:39,2018-06-06 00:00:00
3ae812c4853411428918ecb80ccf11fb,2ae02d89d070e76870a0cae2a307f488,delivered,2017-12-30 10:22:46,2017-12-30 10:33:23,2018-01-02 14:04:37,2018-01-05 18:24:46,2018-01-18 00:00:00
f55dda7072d923a3191dbca61f40d8e3,d47f8741df1a3ff838352d123a9c0a0e,delivered,2017-11-05 09:53:54,2017-11-05 10:10:21,2017-11-06 19:18:46,2017-11-09 21:38:49,2017-11-24 00:00:00
763ff34638f08b1e6b6135c197e3a937,384f86bdd39dcf4505744c0132ac38a4,delivered,2018-08-17 13:59:11,2018-08-17 14:46:52,2018-08-17 14:42:00,2018-08-21 17:37:50,2018-08-29 00:00:00
a34e82fc511c9fb1866fba1dad2ac753,b117662727b8e15334ba1b8bbba61035,delivered,2018-02-07 17:47:18,2018-02-08 07:50:35,2018-02-09 22:28:47,2018-02-26 17:05:04,2018-03-12 00:00:00
999634d5935f33d0547e877223e04a63,76f19d6a7d77ce535fa4160a0a94358d,delivered,2018-08-16 12:49:01,2018-08-16 13:05:22,2018-08-17 10:05:00,2018-08-27 18:19:09,2018-08-30 00:00:00
755fdf89024021c6324864182b6657b5,071130e3d980f8327e5348b9ed889fc4,delivered,2018-03-02 14:06:12,2018-03-02 14:15:46,2018-03-06 17:08:32,2018-04-02 17:07:54,2018-03-23 00:00:00
733c73abed2883f2005808ba3e5214ce,91b0ff57126eda07b2d129bd59c2b689,delivered,2018-04-04 20:23:38,2018-04-04 20:35:21,2018-04-05 19:38:20,2018-04-11 20:19:16,2018-04-26 00:00:00
97d6ed0a050dac6d990b16908ce0a5fa,f4fb89f8cebad5f1a88a9df87c7a6b14,delivered,2018-07-25 21:24:26,2018-07-25 21:35:15,2018-07-27 14:49:00,2018-08-09 01:28:22,2018-08-17 00:00:00
7bc56777d8102ea04056ff4e3517df3c,3319be0da98f69058afc0c80c2103670,delivered,2018-02-21 12:33:09,2018-02-21 12:50:33,2018-02-23 19:53:15,2018-03-13 14:17:33,2018-03-15 00:00:00
2e1934467537a71d1ef09726c4c27b11,60a83ed379f5cb395fc861e965f6940e,delivered,2018-07-24 19:02:36,2018-07-24 19:15:07,2018-07-25 10:23:00,2018-07-31 22:02:51,2018-08-13 00:00:00
094dbecbb0ab054a620f21c04e82df03,ba24dd2a357ed4fed5ab575862f41b61,delivered,2017-10-01 13:26:22,2017-10-01 13:49:22,2017-10-04 19:36:45,2017-11-20 11:38:22,2017-10-27 00:00:00
17f11cd471c4f712a82d85c589119638,229b496914baf5b5c924e314b439490e,delivered,2018-02-12 00:27:57,2018-02-12 00:48:07,2018-02-15 17:45:52,2018-03-15 21:12:32,2018-03-15 00:00:00
10758901b602fdec377ba3f189e531f5,015bf7d488097b3b632e5b19f1c7621a,delivered,2017-11-21 16:40:43,2017-11-21 16:52:28,2017-11-27 16:12:23,2017-12-12 01:08:47,2017-12-07 00:00:00
cb8fb99234763886ee0253fd8fcd3d18,857c06eab9fb52c5ff1a25160356d449,delivered,2017-07-18 12:54:40,2017-07-18 13:10:06,2017-07-19 18:47:38,2017-08-01 18:37:30,2017-08-11 00:00:00
2d53b54fb747893711031caffe615f9c,d8820c41fa55a2229c9d79da5ab99565,delivered,2017-01-31 10:33:02,2017-01-31 11:31:09,2017-01-31 12:48:50,2017-02-09 15:58:43,2017-03-10 00:00:00
615a83726a65bcb641fcffb5a4b792ef,e4addd97f9029b883e277b56aaa34338,delivered,2018-07-14 11:38:58,2018-07-14 11:50:13,2018-07-17 15:24:00,2018-07-20 19:54:31,2018-08-02 00:00:00
9fcc8c2f25f450a6a15a295adb501e0f,6ce438c321ac1b32b87553b55511553c,delivered,2017-09-13 14:16:16,2017-09-13 14:30:20,2017-09-14 19:51:43,2017-09-21 16:04:58,2017-09-29 00:00:00
8a3a982956e0c1176a1f5197bd7f9552,7c7b95360c53f4a3054060af22a7c128,delivered,2018-08-16 16:02:44,2018-08-16 16:15:20,2018-08-17 14:01:00,2018-08-20 20:22:40,2018-08-21 00:00:00
ccb3e2fc8477b6fd3e3edf0dad0211b6,29a3828421400c1fb4c396a89a3bc4f9,invoiced,2018-08-05 23:14:19,2018-08-05 23:30:08,,,2018-08-09 00:00:00
e1274faf1894745f9ace27e525cc2ba7,1cde694a5779d9b3d230231c52fe9dbb,delivered,2017-09-21 00:33:57,2017-09-22 04:10:26,2017-09-28 17:54:58,2017-10-07 12:28:42,2017-10-18 00:00:00
73e6f205ca3c002b2f6b477a6e479cf7,9ebb52578cf5f1aa67e568c3f5aa4a22,delivered,2017-09-01 00:20:53,2017-09-01 01:32:55,2017-09-05 18:33:37,2017-09-11 18:03:37,2017-09-21 00:00:00
8b2acbdda33cff697b4195044ba5200c,ea83d54573333ca5106c8638d422c090,delivered,2017-11-27 10:23:58,2017-11-27 10:54:29,2017-11-30 23:56:53,2017-12-11 22:41:48,2017-12-18 00:00:00
d54668cf2e710089072d269f793d589b,ba67e12717ebcade35d313673445f242,delivered,2018-01-18 20:43:38,2018-01-19 20:35:22,2018-01-22 21:13:23,2018-01-26 17:59:46,2018-02-09 00:00:00
67d3db1e6d9adab9c49e67e8a2e65b8f,f7224426a8a68eda1674c2b84be34da2,delivered,2018-07-30 07:41:38,2018-08-01 03:32:08,2018-08-01 15:25:00,2018-08-04 15:12:07,2018-08-10 00:00:00
91738f432adb50d3fafd082ebfdecac7,f2e4b661e1d12af79d91f0de73226ee4,delivered,2017-09-02 15:05:31,2017-09-02 15:44:29,2017-09-05 18:33:24,2017-09-09 16:59:57,2017-09-15 00:00:00
7bd9450970b012adae7125eaca6c0df4,1fa408fe80981a6e6e69b61c3bc21698,delivered,2017-07-18 10:00:27,2017-07-19 03:45:47,2017-07-20 23:03:04,2017-07-28 17:32:49,2017-08-09 00:00:00
08bd4784e35a8be0fa12c4f4f91799ac,2fe26fbd416acc13822475ab38f1a4f6,delivered,2018-08-14 12:01:09,2018-08-14 12:15:15,2018-08-15 10:05:00,2018-08-27 17:12:04,2018-09-13 00:00:00
09fc554c8d37d678a6c182c5592ea881,ba46a6f93e09ffb7a22fd2b705fe8d50,delivered,2018-04-16 09:39:24,2018-04-16 09:53:03,2018-04-16 19:53:33,2018-04-23 20:34:27,2018-05-16 00:00:00
5bf9c5ac7dfc2d9cc6911038a0864fbf,fe8effb68afea983b75fab51cd03050f,delivered,2018-04-15 18:05:55,2018-04-15 18:31:06,2018-04-16 20:03:32,2018-04-30 15:58:43,2018-05-18 00:00:00
d98a17b8648ea9e13d2899e366912c6d,d79f4a65ae3208f10ffa62977683c546,delivered,2018-06-03 09:48:09,2018-06-04 09:51:34,2018-06-07 15:49:00,2018-06-25 18:54:55,2018-07-20 00:00:00
6aaac39c745e3f8bc6391b775041cd93,3e0d8ba42bd54ca581b2a8370558737f,delivered,2018-02-24 08:46:15,2018-02-24 08:55:53,2018-03-01 21:46:27,2018-03-02 21:56:53,2018-03-27 00:00:00
02bcd06d9bfda1c2a4037560bed7b90f,888aec5eec463be5a9aba99e3dfd97b0,delivered,2018-04-16 17:47:15,2018-04-16 19:11:35,2018-04-17 16:42:44,2018-04-20 18:05:56,2018-05-07 00:00:00
d70a8dce003d1e26d1d5003bb5839892,b2312965725658a954631841b3061a68,delivered,2018-07-16 16:49:04,2018-07-16 17:00:36,2018-07-17 15:22:00,2018-07-23 22:38:46,2018-07-30 00:00:00
ab114f47094abcacaf5888844db683ff,dc350d5cef089a6c9a444b4dd67811c7,delivered,2017-03-03 10:48:12,2017-03-03 10:55:16,2017-03-08 11:27:57,2017-03-14 09:26:35,2017-03-24 00:00:00
66418c06e5f1b83ea04c3d1a7221db5d,5489b0dfffe293c1007436f4a0b1544c,canceled,2018-05-07 15:02:10,2018-05-07 16:52:49,,,2018-05-22 00:00:00
bb83b0d50ebbe83d2d41514296baf238,9a24b6d573013c48b347b7a3219ec465,delivered,2018-06-11 23:08:00,2018-06-13 02:18:42,2018-06-14 11:14:00,2018-06-19 16:03:50,2018-07-03 00:00:00
e33ed9bacaf02833f0c4dff6e8e20bff,eaa7f09c09e38753fad7facfd20ecb5a,delivered,2017-03-30 10:06:16,2017-03-30 10:15:19,2017-03-30 13:12:57,2017-05-22 09:57:45,2017-05-03 00:00:00
031d26635bd08bb7f773e40be986cce0,7d445a9038b10dcb95db699dd5d9084f,delivered,2017-10-21 15:41:11,2017-10-21 15:49:25,2017-10-25 17:08:54,2017-11-10 18:57:26,2017-11-21 00:00:00
df3338a3bb3c6763d1228fe9305c68fc,2628d3b76a1d72d0c6df552b17c73ae0,delivered,2017-11-21 00:34:16,2017-11-21 00:46:41,2017-11-22 20:33:35,2017-11-29 16:47:36,2017-12-14 00:00:00
cc000aac6ca104393a6fc66938e19ca3,dcf1ae57963de0f6c27b8c03e8e384ac,delivered,2018-03-20 17:39:32,2018-03-20 18:28:03,2018-03-24 00:36:38,2018-04-02 13:06:46,2018-04-11 00:00:00
99b492e774feb838a15101dc48ecb6f0,0a095e1e6ef438f5fa02a40716b22126,canceled,2017-08-03 11:01:10,,,,2017-08-17 00:00:00
f71951324325e3af9ee2137e922d98ce,e05b882ec09f1e536450fdccda7dd023,delivered,2018-04-13 10:17:18,2018-04-13 13:15:42,2018-04-19 18:12:09,2018-04-30 13:58:32,2018-05-04 00:00:00
05a1daade893002ca3c8ec9253fbb1a0,561a193d7395d1f016e459d7fbc5aec9,delivered,2017-11-15 18:57:24,2017-11-15 19:06:31,2017-11-16 17:16:41,2017-11-25 12:57:05,2017-11-29 00:00:00
84b493c33c9917471d9c6322d3c2c4f3,e4c38b4ecb77d531fa6729428c7a41a1,delivered,2018-03-26 21:25:18,2018-03-27 03:48:30,2018-03-29 21:18:50,2018-04-03 23:37:23,2018-04-24 00:00:00
cae48a69bb1092bfbb8a65b42211a9dc,ff46d91a9635a0e6f8108d75516a759c,delivered,2017-08-09 22:26:32,2017-08-09 22:43:53,2017-08-11 13:36:57,2017-08-17 15:25:18,2017-09-01 00:00:00
339889810ba75dd015439b4ec6c33a5b,7f4ad506dda90ab3711e25b220c4ca77,delivered,2018-03-21 14:52:23,2018-03-21 15:48:40,2018-04-05 19:36:43,2018-04-13 20:08:40,2018-04-18 00:00:00
b00bfb424800f2b8208beced23e67c63,b7249df0932991a039bf6336c9524fda,delivered,2018-04-25 14:50:27,2018-04-25 15:12:13,2018-04-26 14:16:00,2018-05-04 19:18:44,2018-05-14 00:00:00
cb131e46e2b29aca864751d16e6030af,02cd8ee24434a2bb2574b61ba5f659a8,delivered,2017-06-07 13:46:12,2017-06-07 14:02:27,2017-06-09 15:53:59,2017-06-19 15:32:53,2017-07-19 00:00:00
b17bd9337504cfa6cc07d6e08fe9c884,7d6f6b2b8630f71c88ef06216cc49321,delivered,2017-12-19 23:47:20,2017-12-20 23:49:54,2017-12-21 19:42:38,2018-01-12 22:58:54,2018-01-17 00:00:00
727f1697a6e0fd3018c8ad97fb33be71,ef9b3312288710637e93dd9da7b62410,delivered,2017-11-13 10:06:33,2017-11-13 10:16:59,2017-11-16 22:22:00,2017-12-27 14:29:02,2017-12-06 00:00:00
aee3d95a7c0524bee2967e283ca5fb13,590512cdc06475cd6d3bb1db092822c0,delivered,2017-09-17 13:31:31,2017-09-17 13:44:06,2017-09-21 11:53:29,2017-09-27 18:25:48,2017-10-10 00:00:00
13ff949d7e71c05bce1a0facd3c36f83,5d0365ba7eb4d4c236674bd33f30f13f,delivered,2017-11-29 18:34:28,2017-11-29 18:49:20,2017-11-30 21:38:28,2017-12-23 17:56:55,2018-01-03 00:00:00
1a8549fdcb090e418620dd6b7bc7ca10,a1beb47c601965fd113716b0947ab37c,delivered,2018-08-17 12:23:58,2018-08-17 12:50:10,2018-08-20 07:04:00,2018-08-27 15:10:57,2018-09-04 00:00:00
afbc5dc3c3d0255f644df560b79f1b32,b580902207edc5a3b69c2c11b5a48879,delivered,2017-07-29 22:30:47,2017-07-29 22:45:07,2017-07-31 18:27:43,2017-08-07 21:49:29,2017-09-05 00:00:00
8bdbc426f547861538f7d59ac2c21c9f,1b2c1c9762e9d1b8c30e2e4867010484,delivered,2018-06-17 19:37:41,2018-06-18 09:01:19,2018-06-18 13:09:00,2018-06-20 16:09:48,2018-07-12 00:00:00
3985e11135ade6c95dffad95edc3d117,73c5348a67dcfe51d332594ab795021f,delivered,2017-07-06 08:51:27,2017-07-07 02:45:44,2017-07-12 20:13:43,2017-07-17 18:25:36,2017-07-28 00:00:00
2c4bebe8fc2cea16a75b62de3c712097,58ba76498d823b0628528665203de93a,delivered,2018-03-20 11:08:15,2018-03-20 14:55:25,2018-03-27 23:37:35,2018-03-29 18:03:50,2018-04-02 00:00:00
d9fee3504f55226ed8e155bdc0a36a06,d247c3419a9aa4ec6ca6fd6ae2fa24fb,delivered,2017-07-10 22:41:55,2017-07-10 22:55:17,2017-07-13 15:51:43,2017-07-27 15:16:51,2017-08-09 00:00:00
b8474aa90eb678e72fac6742e04efc6c,27b2c3a477570ceb2653cc72c79c94cf,delivered,2018-03-06 16:53:23,2018-03-06 17:12:43,2018-03-07 20:24:46,2018-03-27 15:08:39,2018-03-22 00:00:00
e349cfe864fffc00009b4cdbdd3a95ec,fa0e5df09f025f13bba8dd3c7f58ca9a,delivered,2017-05-16 14:02:59,2017-05-16 14:15:16,2017-05-17 12:51:25,2017-05-26 08:27:01,2017-06-05 00:00:00
3bdb4a8f9e391c81696a80c1bf7c67ff,ae1df93af04a6e463230fc1966638537,delivered,2017-04-05 13:04:39,2017-04-05 14:10:13,2017-04-06 16:37:36,2017-04-10 14:35:03,2017-04-28 00:00:00
e3428550b3108fe268fe36e8247a49cb,d852e1c144401bfd00aec76495541736,delivered,2018-04-23 11:42:32,2018-04-24 19:27:58,2018-04-24 22:38:45,2018-04-25 22:48:29,2018-05-11 00:00:00
76496d7a1a246afac1bb1d67bcb31661,326240ea272d5635e0d43a90eea4a55b,delivered,2018-01-24 22:39:01,2018-01-26 09:11:28,2018-01-29 19:18:57,2018-02-02 14:56:13,2018-02-22 00:00:00
5347a99b50c4d33d2959dcce4e19641c,a90eb0fd53226594f6390b44eab06946,canceled,2018-06-19 22:39:33,2018-06-19 22:55:57,,,2018-07-13 00:00:00
fbe1b2aeb4cba6d2bc309c735a062549,d64fe56e08421cdb86546859c9bffa73,delivered,2018-07-28 17:31:47,2018-07-30 16:15:14,2018-07-31 17:11:00,2018-08-06 15:31:30,2018-08-13 00:00:00
163dbb9a9e122705518ab2735e1c6008,76e4b20577a9afb78dc9b7dd335316ed,delivered,2018-04-15 14:14:01,2018-04-15 14:31:30,2018-04-17 14:56:55,2018-04-21 00:22:04,2018-05-14 00:00:00
28156e3f154f44bf5cb8c3ee9978d332,62e59ed7bae204fac65145597071cf76,delivered,2017-10-05 21:34:42,2017-10-06 13:24:29,2017-10-10 16:28:05,2017-10-19 17:23:35,2017-11-07 00:00:00
f4e9d675b92bf13778b4caa35ef5a206,f1d7c45979a18e5935d60e64b4dae786,delivered,2018-04-26 17:23:56,2018-04-26 18:09:28,2018-04-27 11:32:00,2018-04-30 21:28:41,2018-05-14 00:00:00
be18b8aecc40c580699c87905e6578dc,4a7efd81b4b3dce1ec5523c7b0f5730d,delivered,2017-03-28 07:23:16,2017-03-28 07:35:13,2017-03-29 09:10:57,2017-04-12 12:43:40,2017-04-26 00:00:00
59494ceaede0aabe7fddec5bba98d95f,379b91a51576531cbf7bb8f7ffb5016e,delivered,2018-07-25 21:12:52,2018-07-25 21:25:15,2018-07-26 10:01:00,2018-08-08 18:38:52,2018-08-10 00:00:00
592d9737afc6c5aa5016cbd3ccd549c5,a82c5591446e754bb47f39c0462fc640,delivered,2018-02-06 19:05:22,2018-02-06 19:15:45,2018-02-07 23:34:05,2018-03-05 17:34:17,2018-03-08 00:00:00
f793ec5b86c6086ba463cb389e39594e,13598fd026d245d7290768341b10cd0e,delivered,2017-08-31 13:34:46,2017-08-31 13:50:11,2017-09-01 19:56:36,2017-09-08 20:05:07,2017-09-19 00:00:00
3a77a7ed1713621145e55291dc896c5d,56b7d186949bcc60a3f5a730adc5fb4f,delivered,2017-07-10 20:31:05,2017-07-10 22:30:07,2017-07-11 11:51:47,2017-07-20 19:23:08,2017-08-11 00:00:00
b90e0b3baf0ccf666aa0e0631dfdb174,af9d4812a2d9a04aa1be0c136e42db9f,delivered,2017-12-01 12:02:45,2017-12-01 12:31:30,2017-12-08 18:19:06,2017-12-15 18:54:38,2017-12-26 00:00:00
2484292effef815afca81d5c348d769b,25b570ea7cf3fd1d72a66fdaaa7ca352,delivered,2018-01-16 01:55:33,2018-01-16 02:10:09,2018-02-01 02:33:01,2018-03-07 20:38:40,2018-04-05 00:00:00
8c8005895f46f6c1bdf16697c70e645a,74245fe8288c7bdcbcd4644b2edf5beb,delivered,2018-08-17 15:57:10,2018-08-17 16:10:14,2018-08-17 14:56:00,2018-08-25 16:08:37,2018-09-19 00:00:00
4399f0c95ac804e27baf82ea7799b102,60082cc2efb1b4d5c56da49fec0afcb1,delivered,2017-07-25 15:47:06,2017-07-25 16:03:22,2017-08-02 19:53:45,2017-08-04 19:48:57,2017-08-23 00:00:00
dc93ba4cf47339046ee8035efb73e2d4,de0492fbe95d153823c67b86e5782a91,delivered,2018-04-04 00:35:10,2018-04-04 00:48:51,2018-04-04 21:07:53,2018-04-17 19:08:17,2018-04-30 00:00:00
ef18c0e65576729dbf505f63f1414736,ec9e3bc81d6b93d5b6602984f860ffce,delivered,2018-08-04 06:20:10,2018-08-07 04:05:23,2018-08-14 10:56:00,2018-08-15 20:39:30,2018-08-16 00:00:00
cdd3f73daec692a65c1cb65c46154b84,89ff5bcd44ddd10ae61646d875620226,delivered,2017-11-25 13:12:40,2017-11-25 13:33:16,2017-11-27 21:16:01,2017-12-04 23:35:08,2017-12-20 00:00:00
6b649733dfd9b29ce2f231221a4eaa51,bbc66d515cabeaffde25d164a195b5e2,delivered,2018-06-01 16:33:11,2018-06-01 17:53:26,2018-06-04 14:57:00,2018-06-11 15:48:27,2018-07-13 00:00:00
ee878ee16f84c47738cda240e8550a90,79c2c3143dcf3a48ed21bbf402991b60,delivered,2018-01-25 14:42:47,2018-01-26 03:16:33,2018-01-29 20:07:30,2018-02-06 14:08:03,2018-02-21 00:00:00
bee237f3c574c7e3e0f415a1c7a44566,72cf43f216228ba60b9a7c3625962a48,delivered,2018-06-26 10:03:18,2018-06-27 08:55:39,2018-06-27 12:02:00,2018-07-05 19:38:20,2018-07-23 00:00:00
d72897662eb03d6b058a063d27c6e5e7,6745f0b95b60ead308db72ce7fff278c,delivered,2018-06-08 09:47:41,2018-06-08 09:56:01,2018-06-08 14:59:00,2018-06-11 19:17:41,2018-06-26 00:00:00
0948bd714f9f0ca68d9e70af5090d3f6,a2797e4ee0dd430eac06ca4b7eac8fde,delivered,2017-05-19 00:59:34,2017-05-19 01:30:21,2017-05-19 13:58:10,2017-05-23 18:39:30,2017-06-12 00:00:00
aa4f1c4318226e2f86adeb5578d8726b,b97a18a1140b1f32152473a3dce1a25d,delivered,2017-01-25 15:49:39,2017-01-25 15:55:21,2017-02-03 05:57:33,2017-02-09 12:45:42,2017-04-03 00:00:00
5f2aaf089bdf0d14f2357066f139c2a4,04fbe9cd7c2f918568c5b4e934a56316,delivered,2018-07-17 01:02:41,2018-07-17 01:15:12,2018-07-27 11:54:00,2018-08-28 21:18:35,2018-08-07 00:00:00
f7e6df47c78b982f0f117ad579519e15,4a32aba7dc9dd56a1dd2feb4773519d8,delivered,2018-08-19 11:50:07,2018-08-20 11:31:17,2018-08-21 14:05:00,2018-08-27 22:31:40,2018-09-05 00:00:00
34f054dbc6acae464a192cbf2083cf72,d5fcef627cc1c204baa4449ec165a48d,delivered,2018-08-06 20:55:21,2018-08-08 04:35:09,2018-08-09 07:25:00,2018-08-22 00:50:38,2018-08-22 00:00:00
ad07b2975044eedaa3d511eb7a6f80ba,7d03d934195e2c1f1233ad74146aafc0,delivered,2018-04-02 11:53:50,2018-04-04 03:30:25,2018-04-04 18:42:32,2018-04-13 19:39:09,2018-04-26 00:00:00
f23a6c3f9461a9b3486cc71611f046f4,f3c25e734ec92ee3732fd8baa45a7ffa,delivered,2017-07-19 12:34:38,2017-07-20 02:24:05,2017-07-21 12:17:29,2017-07-28 17:34:55,2017-08-14 00:00:00
0a13aec53ae766fb150be89f7c93a73f,4fe821dfbeee2f1b2e32afa525203efa,delivered,2017-10-01 20:40:19,2017-10-01 21:20:06,2017-10-02 18:40:08,2017-10-11 11:14:59,2017-10-27 00:00:00
341db9fcd72b3de80c6d9ee4309abacd,ddd244b741e13635a466619ab4805015,delivered,2018-01-22 21:41:47,2018-01-22 21:53:16,2018-01-24 01:28:44,2018-01-30 19:58:23,2018-03-01 00:00:00
53edac1a124286956f5a77aa6db858ac,ed3269b8bcca63b337b3625b4d8970b3,delivered,2018-05-26 16:17:25,2018-05-27 16:15:11,2018-06-04 12:19:00,2018-06-14 22:03:02,2018-07-11 00:00:00
1116eef143ff0ec32867729b83df8530,79d2e12ed1aad80999c0e06020a54959,delivered,2018-01-18 21:57:16,2018-01-18 22:09:59,2018-01-19 22:12:42,2018-02-17 00:58:43,2018-02-20 00:00:00
e78cde66f03731202b0f5e082b0b0cff,1ab919b1eac72cbf11b55217f5ae9210,delivered,2018-03-09 19:02:23,2018-03-09 20:00:35,2018-03-12 21:21:52,2018-04-04 14:22:02,2018-03-27 00:00:00
439f6d37b8ba10b7ba975f29ed951beb,ff590ff108857c7fab00afa99366dcec,delivered,2018-08-19 09:49:20,2018-08-20 11:10:21,2018-08-20 13:46:00,2018-08-21 15:48:50,2018-09-13 00:00:00
90022e1fc840350d2f9350866969521f,70c2ec64eed5c085a23f42d19fab19b2,delivered,2018-07-27 10:11:30,2018-07-27 10:25:14,2018-07-27 14:09:00,2018-08-01 21:48:43,2018-08-10 00:00:00
29f32f0cdbb988ca3cbb57521614e958,eac2f8d91ee63566906d465478c635e8,delivered,2018-01-04 11:56:25,2018-01-04 12:09:10,2018-01-05 15:34:50,2018-01-09 20:04:13,2018-01-31 00:00:00
b4c035ccb21c24eac46fc9298084e1f7,84fc75b23cddbf2ef3c0484369a143a7,delivered,2017-05-21 20:15:25,2017-05-23 03:42:32,2017-05-23 11:20:52,2017-05-30 14:14:50,2017-06-13 00:00:00
286f1870198ca5f7249774729bb46a45,dec1dba45f7c7c934cf40858d65337fe,delivered,2017-09-30 15:15:04,2017-09-30 15:50:49,2017-10-05 17:32:24,2017-10-25 17:21:59,2017-10-26 00:00:00
61d4c475163c393e194d9ccf2e31685d,2da05c3c0a1de5629620beb7fb726e15,delivered,2017-11-24 20:47:02,2017-11-24 23:53:14,2017-11-29 23:23:30,2017-12-12 01:18:34,2017-12-21 00:00:00
8cd7be194601db331acee102c799242f,4d8923819294bffca3edc507da304801,delivered,2018-02-01 00:35:39,2018-02-01 03:11:50,2018-02-02 16:03:58,2018-02-14 16:28:36,2018-03-01 00:00:00
5ceb3e4ee314981936b94070f2bf8270,b46c68c30126edf5c5dbb7c2961f8491,delivered,2018-01-14 00:12:17,2018-01-14 00:49:02,2018-01-17 22:21:33,2018-01-29 12:59:02,2018-02-08 00:00:00
122a971a12f2ddab39ade1e58c08cbda,2f3920a3132d84a8237f777afa4017b3,delivered,2018-05-16 17:52:45,2018-05-16 18:16:37,2018-05-23 11:27:00,2018-06-04 23:04:19,2018-06-01 00:00:00
e7bce5a1c5efd269eabdafea3013839b,7b5b875a0a87ae800cd0230aa35adbc3,delivered,2018-04-17 09:28:09,2018-04-17 09:51:10,2018-04-23 23:38:32,2018-04-27 17:08:57,2018-05-11 00:00:00
5dc59cf95fa0dc97fbe9961d2547b278,6d2d97c4b749c780e25335540601cd60,delivered,2018-06-13 20:17:01,2018-06-13 20:40:05,2018-06-14 11:59:00,2018-06-28 18:08:58,2018-07-17 00:00:00
fb37b4e097b850ea9b2a568362742d10,52f35df64db924db0b1efdf93f4ac0ed,delivered,2017-12-19 20:53:41,2017-12-20 06:58:30,2018-01-11 15:32:59,2018-01-12 21:57:14,2018-01-08 00:00:00
2f08b7d5e2f0cb3a1e8a8c95579a6b34,0ab8bf46aa552f5f1926e6a575afdf57,delivered,2018-08-20 22:50:07,2018-08-20 23:09:24,2018-08-21 15:23:00,2018-08-22 21:42:24,2018-08-24 00:00:00
caca64f71d73695719939294fa88c791,b4805fe9c617cfaa509d98d2c365495c,delivered,2018-08-23 21:25:26,2018-08-23 21:44:16,2018-08-29 14:45:00,2018-08-30 22:21:09,2018-08-31 00:00:00
d35f8048e8ab7b7c8e2080c53fe3cd10,c798c01690d37463672ac6710f7d6148,delivered,2017-05-21 08:05:33,2017-05-21 09:05:16,2017-05-22 11:56:20,2017-05-25 09:25:16,2017-06-19 00:00:00
495f56726168b6a736cc1220b7d49be1,0d57495768b1e3e56d813d71b24fbc4d,delivered,2018-07-24 12:35:38,2018-07-24 13:24:40,2018-07-24 14:19:00,2018-07-30 20:14:46,2018-08-20 00:00:00
b99a2fee4c6c76f8f22757566c90d534,d42a85a7f08524cec83afa0a1127054d,delivered,2018-02-27 21:52:11,2018-02-27 22:08:29,2018-03-01 22:36:39,2018-03-14 01:33:02,2018-03-20 00:00:00
905f99d528bb299e8c62c67657cd8ccc,d54e62fa217090b11232a26706a67604,delivered,2018-02-10 10:14:24,2018-02-15 03:51:41,2018-03-07 22:36:30,2018-03-10 00:57:17,2018-03-16 00:00:00
5aa65b67d199200514ab0d0a701199d2,b759d83c744ff08274fb4f1e1f9362db,delivered,2017-11-25 16:32:14,2017-11-27 10:58:25,2017-11-28 22:32:52,2017-12-21 15:58:46,2017-12-21 00:00:00
b0b83c41891bea98fddc70cb17441405,7ee644700fb5c86c08597b141f551e92,delivered,2017-08-15 15:41:17,2017-08-15 16:55:19,2017-08-17 19:16:40,2017-08-30 22:05:11,2017-09-26 00:00:00
bbf2cbe3fa966e8988c2ff247b7a3330,e4442a167ea250dbaaf8f8056915cc9e,delivered,2018-08-10 08:00:25,2018-08-10 20:25:11,2018-08-20 13:08:00,2018-08-24 19:41:45,2018-08-28 00:00:00
426810dc2665908eba9683825a6e922e,031bfdd243a35f3b665ed9833e01629d,delivered,2017-11-24 07:10:52,2017-11-24 07:28:19,2017-11-24 23:37:08,2017-11-30 17:33:50,2017-12-13 00:00:00
21a8ffca665bc7a1087d31751a7b7cbc,225aed9e773953084b09cf496c2be05a,delivered,2017-05-31 12:00:35,2017-05-31 13:07:28,2017-05-31 12:43:47,2017-06-01 10:28:24,2017-06-13 00:00:00
a7b10e487b0ab6b5e6f059a7fd2e79bc,41b9534b9c3c350df3cee8865cb0ce4d,delivered,2018-01-29 17:59:45,2018-02-03 23:31:49,2018-02-01 02:32:05,2018-02-06 17:22:50,2018-02-20 00:00:00
3391274af8aa8372225f9c42c63d853e,10c6c3b09d214daff1750003e2d2f64c,delivered,2018-06-13 12:33:49,2018-06-13 13:01:24,2018-06-15 16:35:00,2018-06-20 00:36:32,2018-07-11 00:00:00
14363bf0e98e4ac853c49e2e1b316014,56af2014afdd20f87502ea88b5a5ca0c,delivered,2018-04-06 23:07:09,2018-04-07 13:50:20,2018-04-10 09:31:03,2018-04-30 21:06:27,2018-05-04 00:00:00
7db4fb166f6ce2f0c77657c4c78683d9,6d5b4c9ce06ab89ee2984745c1cf699a,delivered,2017-12-08 14:04:16,2017-12-08 14:14:45,2017-12-12 16:35:26,2017-12-21 16:37:15,2017-12-27 00:00:00
b3c5a7da42d6a5aeea8dafdaed8048c0,dbf548744fcc0f4c4f3a56d420e6cbfb,delivered,2018-03-15 10:08:46,2018-03-15 10:29:35,2018-03-17 16:27:34,2018-03-27 16:58:51,2018-04-06 00:00:00
ed290fabcd8f57622249dcd888cb4ba5,4b7cc6a668f938434efccce03496ea7c,delivered,2017-03-23 11:56:35,2017-03-23 13:03:27,2017-03-24 13:36:04,2017-03-27 17:14:17,2017-05-04 00:00:00
062668b0f8fe98dbe6d23ab391e22c81,753fd7e7395748807780a2c7dde2bc6a,delivered,2018-01-02 12:33:25,2018-01-02 12:48:56,2018-01-03 23:13:29,2018-01-13 00:10:03,2018-02-02 00:00:00
a82dcbafd23833baa1a6f5328cedf5a2,442a8d84f052ca755b763932022a8bdf,delivered,2018-03-13 19:30:50,2018-03-13 19:49:51,2018-03-19 18:14:41,2018-03-29 14:03:16,2018-03-23 00:00:00
06c6a92df74580db95364b36aeb8f5b9,871215ee1ebfbec40e40094a0e69fa65,delivered,2017-05-17 19:12:15,2017-05-18 07:50:15,2017-05-18 08:02:01,2017-05-26 11:03:23,2017-06-06 00:00:00
e79df67f75682fe73238128b710c4328,f9ef7d0fe816e5c2c39382b5ce51141d,delivered,2018-06-01 08:45:23,2018-06-01 08:55:30,2018-06-04 06:23:00,2018-06-18 15:26:56,2018-07-11 00:00:00
195a3ab9bf618fe05066b2ce276d2bc0,28594c8bc3e44b319dca16d1bae86e59,delivered,2018-01-21 22:18:00,2018-01-22 14:02:53,2018-01-22 22:35:38,2018-02-02 20:33:05,2018-03-06 00:00:00
5253f3630960eb737c90b4ea7cf42614,988a863eab010820b4f4bfff09e2a13c,delivered,2018-01-31 14:06:09,2018-02-01 03:15:37,2018-02-07 20:07:06,2018-02-15 23:35:59,2018-02-16 00:00:00
4c5e883786df8d555be4dc12f11d3fe7,1fe8ff5b23920df6e3509db320011455,canceled,2018-06-10 06:44:32,2018-06-12 04:57:32,,,2018-06-25 00:00:00
99137bc9ba1f9cc74ae549cefc759b7d,00e7c822a5cd0647e9251fc711276ea7,delivered,2017-11-05 11:26:25,2017-11-05 11:35:29,2017-11-06 21:44:41,2017-11-20 21:38:51,2017-12-05 00:00:00
70f2dbf6303969f4c5f6764ab2e778fc,7c6be5f52c68fffa86b02b20a8df80cb,delivered,2017-03-20 09:33:47,2017-03-20 09:33:47,2017-03-21 09:17:46,2017-03-22 10:07:47,2017-04-06 00:00:00
0489c7b710f3ebccafbd087c3c53bc2d,fbcc6fa001bddd25a495c204f5f657a2,delivered,2017-10-10 09:21:38,2017-10-12 02:21:05,2017-10-13 18:24:05,2017-10-25 19:37:47,2017-10-31 00:00:00
ca9b19a284a8d880814586c5dcf15044,f1e126ab83d31cb60575ab76cb77f3de,delivered,2018-03-09 18:20:53,2018-03-10 03:35:40,2018-03-13 17:51:46,2018-03-22 23:14:43,2018-03-28 00:00:00
7cc511af09f6c0b54385d08aaca28680,af673f1b71d7d919bd67052f89f9b941,delivered,2017-07-15 23:20:10,2017-07-16 23:35:17,2017-07-17 15:52:48,2017-07-25 23:59:40,2017-08-04 00:00:00
20550ea4a86fb3f3cc065b2598ebb01c,04868d933fddca2e3fc9b32a6ca0b921,delivered,2017-01-30 15:32:24,2017-02-01 04:35:20,2017-02-01 10:08:16,2017-02-08 15:03:49,2017-03-13 00:00:00
904d11cd469667b16a5120682899827a,1b72867b2a38d4e787de4a1d5fb65ac0,delivered,2018-01-26 22:31:50,2018-01-26 22:52:04,2018-01-31 17:21:33,2018-02-20 18:36:44,2018-03-01 00:00:00
d6fc0defa454343c0a0224f4397b84cf,c43dd0af01b4a3bccaf6048484cd6798,delivered,2018-04-19 14:53:14,2018-04-19 15:11:23,2018-04-25 16:07:00,2018-05-08 22:32:14,2018-05-29 00:00:00
6b9c0a9a69de06aa2f51edb25dd196de,dd940eccd485dc083b0e733b37282ea4,delivered,2017-03-16 11:08:23,2017-03-16 11:08:23,2017-03-23 15:22:38,2017-03-31 15:28:07,2017-04-27 00:00:00
0f7f49cb7403190016ad3ddf2f4adfce,b556ee3f6cc30291445dbccf08a2503e,delivered,2017-08-31 10:18:29,2017-09-01 02:15:27,2017-09-01 19:30:08,2017-09-08 15:58:15,2017-09-20 00:00:00
e78664f2a1feab812e748b0d19162c46,9b984a4c5a7c0a4e112339194b6f8b1b,delivered,2017-08-22 10:42:28,2017-08-23 02:46:43,2017-08-23 19:05:52,2017-08-24 13:47:35,2017-09-04 00:00:00
59a819cd06eb0e6209b8eb1ba0df3d6a,048991ffa9899a2c39481b7d3251a561,delivered,2017-05-31 13:59:42,2017-05-31 14:10:15,2017-06-01 11:23:57,2017-06-05 19:19:57,2017-06-23 00:00:00
9846cae21962f6c6e65ad2e77d3c2be7,b7039da8de38f21de8833bd957b19365,delivered,2017-01-30 09:39:54,2017-01-30 10:33:04,2017-02-03 14:43:22,2017-02-06 17:02:51,2017-03-27 00:00:00
cc6e15491d167d2bd2d0eef0d14970c8,abc544c5a1298a863548ca55c0a727e8,delivered,2017-10-12 21:37:49,2017-10-12 21:49:33,2017-10-16 22:10:09,2017-11-22 17:03:44,2017-11-09 00:00:00
51375acfdef4d742df94640aa60d385b,7ce1d85a1d02f0b8e37e552259c8fb79,unavailable,2017-10-06 19:37:46,2017-10-06 19:49:25,,,2017-11-06 00:00:00
156282e58da82d36a58582a6a94211e5,a66e526a17860943206e0228567a2a1a,delivered,2018-08-04 20:00:03,2018-08-04 20:10:20,2018-08-06 14:27:00,2018-08-10 22:26:25,2018-08-15 00:00:00
f0a5eb092cfa7806badb010098ab646d,50485ea1d5e2950364b80e064d6160ec,delivered,2018-06-20 10:54:38,2018-06-22 02:58:50,2018-06-23 07:50:00,2018-06-27 12:19:00,2018-07-16 00:00:00
df6b7e4d84d400a45f67fb12a8b2881d,bb79eb4829cd191cdc2664df115f357d,delivered,2018-01-09 10:06:48,2018-01-10 10:32:45,2018-01-13 00:05:30,2018-01-25 19:08:51,2018-02-01 00:00:00
d54866a45a33784f6ff81bb5cb2778a5,944c02de4a75662a406065ee973c21b2,delivered,2017-10-14 17:48:04,2017-10-14 18:05:52,2017-10-16 13:34:18,2017-10-19 21:17:29,2017-11-03 00:00:00
7d37719edab33266657f56d6739b837e,1d2a414889f397a2f5e4ab18dc408a58,delivered,2018-07-27 09:33:29,2018-07-27 09:44:16,2018-07-27 13:54:00,2018-08-03 16:26:42,2018-08-16 00:00:00
04e46e7fa33e86e068e66a04601ed8e8,3b0f0b35d931303ad5c95133ea680414,delivered,2018-03-08 20:47:24,2018-03-08 21:28:10,2018-03-10 03:02:18,2018-03-19 18:38:29,2018-03-26 00:00:00
6d5e1e480d92f1bde5e9eb187fa388d5,4f3d7e6bbe7f1c9de320437cf6bf04d8,delivered,2017-03-02 12:33:10,2017-03-03 09:01:53,2017-03-03 15:21:10,2017-03-14 09:47:51,2017-03-28 00:00:00
a824bd4671f3e218495428f200af9bd4,87b727a66787917ed8a0cbe4bdc57acb,delivered,2018-02-02 00:54:15,2018-02-03 02:54:04,2018-02-05 20:35:21,2018-02-09 21:08:54,2018-03-06 00:00:00
a8509dc24b521846439b3c61f221af06,ffbda9243760f2492df6e71c590e070a,delivered,2018-03-21 12:14:37,2018-03-21 12:30:31,2018-03-27 17:07:51,2018-04-04 04:46:45,2018-04-03 00:00:00
9307eb406f745cbdb5934be961d05e9d,70e55dca905d5cb86c955d777ab64ab5,delivered,2017-11-20 11:45:21,2017-11-20 11:56:32,2017-11-22 01:15:32,2017-11-28 17:38:13,2017-12-07 00:00:00
01f67ca8027e959060afd840aa06f465,1b606aeedafbe92f4c55f4fcad9dbcb4,delivered,2018-04-30 16:19:48,2018-05-02 09:33:05,2018-05-03 12:26:00,2018-07-04 18:47:45,2018-05-24 00:00:00
4fe48790875f264fd93c9009892c3e39,52fcca01e852db365ea24614a227cbd0,delivered,2018-03-18 15:50:21,2018-03-18 16:05:30,2018-03-21 16:42:29,2018-03-24 13:38:27,2018-04-02 00:00:00
4464db47018d63c21ca7ca5dffc833e7,4f45379110a59aee1c77f9360a2e0095,delivered,2018-08-03 01:29:40,2018-08-03 01:43:57,2018-08-03 15:10:00,2018-08-09 22:21:21,2018-08-13 00:00:00
de836e862a18f8c17fca8d2418a16631,d17b6c7e6cf5a6d676975f362f8c96de,delivered,2017-11-26 13:06:54,2017-11-26 13:16:25,2017-11-28 17:57:55,2017-12-07 19:22:26,2017-12-15 00:00:00
438d21eed7b8ea0654acee9b08bdd5ce,7d54c6e032a2da0620e9490cdadebdce,delivered,2018-02-20 09:32:20,2018-02-20 09:47:46,2018-02-22 00:43:44,2018-03-08 22:56:36,2018-03-15 00:00:00
82edaaa3e8d63b2f7442f3f2199e3803,87625e615967355b18866bfd41894377,delivered,2018-04-12 10:46:13,2018-04-13 12:55:33,2018-04-19 00:21:19,2018-04-25 16:22:56,2018-05-11 00:00:00
97245df7fc03d1c1a85b38b83676528c,5caa2cc38f5ac242eafd865a1bc9a658,delivered,2018-02-17 20:56:59,2018-02-17 21:10:31,2018-02-22 00:42:15,2018-03-07 13:51:20,2018-04-05 00:00:00
06cc09320698aa17c751e20ac00ba7af,ef4d6d380a0eb168ed742e0085a3f359,delivered,2018-01-05 16:18:53,2018-01-06 02:08:39,2018-01-08 15:07:17,2018-01-12 21:52:53,2018-01-30 00:00:00
bf2167abb407021a362558b6a9fe6bc3,f6c018413a69afd6bbcfa38e7b392dfd,delivered,2017-11-25 16:11:28,2017-11-25 16:18:27,2017-12-01 14:28:52,2017-12-19 17:38:41,2017-12-26 00:00:00
ec6752845f9c553dcaeb40318b0df3ce,01a7b4df1b55e01c05863134a5e587be,delivered,2018-05-18 18:00:59,2018-05-18 18:19:27,2018-05-22 09:02:00,2018-05-23 20:38:24,2018-05-28 00:00:00
c3d1e51f7136b5a8d3f075ddacc80b7a,96cf7781083280794f5f93fbf2054128,delivered,2017-05-28 16:39:33,2017-05-28 16:55:12,2017-05-30 08:24:05,2017-06-13 15:21:51,2017-06-21 00:00:00
5958ed39b1c52e9a1f4a4cbfcfcc6506,ad7c772f08c612130e912d8055a3e636,delivered,2017-11-12 16:54:17,2017-11-12 17:07:01,2017-11-21 20:12:32,2017-11-23 19:44:58,2017-11-27 00:00:00
68581be5a169aa794008314a3f641b71,0f062dba700b575a63e42ca8229259b6,delivered,2018-06-29 15:02:45,2018-06-29 15:15:18,2018-07-03 15:52:00,2018-07-07 18:02:38,2018-07-30 00:00:00
6da0685c82e8535a05cf6b4e4eabc52e,e1d1dee29c972491405875c9e08cc86b,delivered,2018-06-02 21:58:31,2018-06-02 22:11:42,2018-06-04 13:49:00,2018-06-06 13:04:08,2018-07-18 00:00:00
7d01cf337c32eee6c03ebb4c19a7082f,85b41877fbf1c748f0b47229af39de4e,delivered,2017-12-05 19:57:06,2017-12-05 21:18:13,2017-12-12 17:51:58,2017-12-22 22:32:51,2017-12-28 00:00:00
d038483af80789e9de38f63310a82f9c,9be7121d4cf8f3e20e08d2b5366139df,delivered,2018-05-14 11:48:47,2018-05-15 19:36:17,2018-05-25 14:00:00,2018-06-08 15:21:58,2018-06-05 00:00:00
0dfb7076fde77db58fd962eb6bd91384,94315550b5efd479fdb0ab8fd36e8f73,delivered,2018-04-28 16:06:18,2018-04-28 16:30:21,2018-05-11 06:38:00,2018-05-15 21:46:32,2018-06-11 00:00:00
adf0466a37381e1ad2d2e717a23f28db,cf961b2fa8aab707b6ecc18fb472adff,delivered,2017-12-11 18:37:59,2017-12-11 18:51:13,2017-12-12 22:43:21,2018-01-09 19:55:17,2018-01-09 00:00:00
4c5ac16a6ed40ba5691024e3b3cf94bb,109f8e37f86217d30fedda3c9f3f0f9f,delivered,2017-08-17 09:47:56,2017-08-18 02:35:31,2017-08-21 16:22:31,2017-08-22 16:00:27,2017-08-30 00:00:00
3d9acad4fc9c38c213fea53a19562ecf,0b182c74e417ff5cb0beee59a395d861,delivered,2017-10-12 01:07:54,2017-10-14 03:36:07,2017-10-17 14:10:37,2017-10-31 21:49:45,2017-11-14 00:00:00
d23bc376aeb971eadf9129860f03c047,a9c72b55b1c016dee23e8aaa035e382d,delivered,2018-08-01 20:27:17,2018-08-01 23:03:52,2018-08-03 14:43:00,2018-08-11 16:30:48,2018-08-17 00:00:00
945dd5fdb173f89e1e87a833291b468e,eadaeca94cdf0c4d48a937d43155953b,delivered,2018-02-27 21:07:07,2018-02-27 21:15:43,2018-03-01 14:44:42,2018-03-08 21:01:51,2018-03-19 00:00:00
41c4b2ff8d7a24e95064ba2b122ec86a,f64b0019808be5fc86ed8d413d33ea3b,delivered,2018-02-12 00:46:37,2018-02-12 01:20:51,2018-02-14 20:33:24,2018-02-22 23:34:00,2018-03-13 00:00:00
02447024ad7cd72fab1af9b28bebb901,8c9abe2d8c6e95757ad580361d7541a5,delivered,2018-04-11 22:43:32,2018-04-11 22:50:24,2018-04-12 19:58:44,2018-04-13 20:12:17,2018-04-24 00:00:00
23dd9b9b8eb4352e2905bf46a41e5ad2,0ccda8ca5a2e6382c05ca6321324c14b,delivered,2017-05-09 08:26:21,2017-05-09 08:35:16,2017-05-09 12:44:26,2017-05-11 12:52:54,2017-05-22 00:00:00
61adad1a4c7270ba128c1b42a00dc513,47fd546b958abf99f25c4932e57596b0,delivered,2018-02-18 11:31:19,2018-02-18 12:30:25,2018-02-20 23:43:16,2018-02-28 18:42:31,2018-03-12 00:00:00
988551bc1edc4b81a7e98af061a60228,4077a4b90d0e37836e10b76c8589298f,delivered,2017-09-29 16:07:24,2017-10-03 04:23:43,2017-10-04 14:19:12,2017-10-13 23:17:35,2017-10-25 00:00:00
6605d4026bc07926d30228dc4de3f89c,cce86266bfd092e3938fe969666f1534,delivered,2017-04-23 12:21:06,2017-04-23 12:30:23,2017-04-24 08:46:41,2017-05-11 13:04:49,2017-05-23 00:00:00
72e596b33c9f3a4e002d73bd5d7c6cae,7fc561f7c9d3ae25888cce9daed1d9c9,delivered,2018-07-05 23:58:45,2018-07-06 00:11:23,2018-07-13 13:42:00,2018-07-21 11:49:24,2018-08-16 00:00:00
553c468f68af19869694de8bcd095213,a784288cae94e14997ba26f7e39435f5,delivered,2018-05-02 00:29:24,2018-05-02 00:56:39,2018-05-03 14:47:00,2018-06-05 20:48:40,2018-06-06 00:00:00
3f678ace108ecc7c2ffd70470390817b,7ca80fb4959fc6a8e996c4752387fcaf,delivered,2018-02-03 08:46:29,2018-02-06 05:31:52,2018-02-08 22:16:52,2018-02-14 20:48:51,2018-03-02 00:00:00
a31cd1f2ccad0246f0517f09035a1d36,6d4a9a1eac41912724dfe020ea534d6b,delivered,2018-02-04 10:58:23,2018-02-04 11:10:26,2018-02-05 21:04:50,2018-02-14 21:09:19,2018-03-02 00:00:00
53f3cb0dcdecd62675e235186f24adcf,723ced66722a0ab2c90a51bae00c7c96,delivered,2017-11-19 19:33:09,2017-11-19 19:46:19,2017-11-30 15:45:22,2017-12-15 22:34:17,2017-12-01 00:00:00
de5a814b231c540ae5995a95a149551e,df02d129ebfbb0c82edd11e2a6001dcc,delivered,2017-11-24 01:56:27,2017-11-24 02:10:02,2017-11-25 12:07:53,2017-12-14 21:06:20,2017-12-26 00:00:00
056905f3e09ca68fc9ed4780498db866,18badabf25972a66874bea0871fb9dd6,delivered,2018-04-07 17:15:59,2018-04-08 17:10:20,2018-04-10 23:02:27,2018-04-17 23:24:32,2018-04-30 00:00:00
4f940e976473a0facd3c6def01f9fc19,1034e43292e5dc5fe15729172cfb435e,delivered,2018-03-21 22:59:41,2018-03-21 23:10:29,2018-03-23 19:19:41,2018-04-06 18:51:42,2018-04-16 00:00:00
7b056b08bd6ecffcc044693543061ec5,4179f0f32ddf0566ae204816c4b1cb3b,delivered,2018-05-17 10:10:43,2018-05-17 22:08:35,2018-05-18 12:00:00,2018-06-04 21:32:29,2018-06-19 00:00:00
50873e5a38f623898b8643d008bb6609,8584ea017286d27074784842fe9945f0,delivered,2018-06-13 00:47:20,2018-06-13 01:01:45,2018-06-14 12:37:00,2018-06-18 21:22:10,2018-07-24 00:00:00
53983db8677eb702d142238b8a1e8ebb,ea462ac018be4dcdfcf916373a1979df,delivered,2017-08-27 13:51:51,2017-08-27 14:04:39,2017-09-01 12:02:53,2017-09-11 22:05:54,2017-09-21 00:00:00
366446679f4ddbffb2d8934f1abef1f8,eb9e4ffb14ee9484e33031726c7ec185,delivered,2018-04-22 22:38:49,2018-04-24 18:25:34,2018-04-23 20:08:28,2018-04-30 18:52:22,2018-05-17 00:00:00
3794be706c3088573f54b492768e7689,67a2903f301a0840437ec01ee0e52d92,delivered,2018-08-06 17:19:01,2018-08-06 17:44:33,2018-08-17 14:48:00,2018-09-12 02:38:41,2018-08-28 00:00:00
4baffd900565a4d95fde9d2057b95813,7a4987f0769f4540dccd1a3d7c6aec32,delivered,2017-11-14 20:23:45,2017-11-14 20:36:10,2017-11-17 16:52:18,2017-11-24 23:02:34,2017-12-07 00:00:00
4e2dd9e20a1cd0b33cb72ff01b8872de,e9bd0214b78584c2b7819f1312b0bd0d,delivered,2017-12-03 13:15:07,2017-12-05 04:13:30,2017-12-05 22:45:33,2017-12-16 17:22:50,2018-01-02 00:00:00
6e584156fb694163bf7b2f005416589e,15b9ae31dc0100c5258609476904e5b2,delivered,2017-12-12 14:27:50,2017-12-12 14:49:16,2017-12-14 20:27:13,2017-12-22 14:10:11,2018-01-10 00:00:00
09df42b3e78625578555d3d48cd57be5,6da4f9a7ce1e9c0eb31e860f92c866f5,delivered,2017-05-14 12:30:01,2017-05-14 13:05:22,2017-05-18 12:32:33,2017-05-19 14:23:57,2017-05-24 00:00:00
950d73734673943202a34946bb62db32,1ac612d46ac895dbe3666d3116b90a19,delivered,2017-12-14 10:37:19,2017-12-14 10:46:22,2017-12-14 18:53:15,2017-12-28 21:29:04,2018-01-10 00:00:00
b1e3487949a5a179250f5e81214578e6,9a63460fe86a248fb211087b0f9d6945,delivered,2017-12-26 19:10:48,2017-12-26 19:27:34,2017-12-27 23:43:48,2017-12-28 18:48:53,2018-01-16 00:00:00
38e68853613891ef987ac0772148218f,b541cb60861c5582c160394b419b0365,delivered,2018-06-12 18:30:22,2018-06-12 19:06:14,2018-06-15 15:55:00,2018-07-07 17:58:42,2018-07-03 00:00:00
f1450c491bd196d4089076234a1b5cae,963284c9d45bcbe8b9bf09773b58d1c8,delivered,2017-10-17 10:10:05,2017-10-17 10:28:04,2017-10-17 16:39:05,2017-10-27 21:22:59,2017-11-09 00:00:00
cae3d9146c1c3fa6eabd01c19c1dd9f4,ddb3210d529059762180da43418dca11,delivered,2018-02-23 22:27:17,2018-02-23 22:47:05,2018-02-27 23:13:22,2018-03-06 18:52:05,2018-03-19 00:00:00
6aec640ac5495838d57e1f3009f99898,dfdb6cbde08c4bc6b1508213ac4bdaf2,delivered,2018-05-05 12:52:47,2018-05-08 03:52:42,2018-05-08 14:20:00,2018-05-18 11:54:35,2018-06-01 00:00:00
1839c69dd9dbf835d82480c05964cbd4,b3792fdf98c0b1beb9a20639840d24cd,delivered,2017-12-27 17:48:18,2017-12-27 17:56:22,2018-01-02 18:17:08,2018-01-17 12:08:51,2018-01-22 00:00:00
1161944e39519870ff70405caa44acce,f120a49df1e34b725049678847e68ab9,delivered,2017-02-20 13:50:49,2017-02-20 14:05:09,2017-03-13 07:47:50,2017-03-13 17:17:55,2017-04-04 00:00:00
acf5ccf66bf3f5feb826e01d3766e474,90c3213a1c1f5d4ee3f8e9c37678ba64,delivered,2018-08-14 18:20:17,2018-08-14 18:50:14,2018-08-15 14:59:00,2018-08-17 20:04:35,2018-08-17 00:00:00
8facbc594dbaf8ad562c3e6cf196037e,9dfce679755956787ec12f175c771224,delivered,2017-12-17 23:31:33,2017-12-18 00:33:14,2017-12-18 20:03:10,2018-01-03 10:32:42,2018-01-12 00:00:00
6413a8cd79f9720426fd12968b388228,315d30072434c1feda91ba8676b54a25,delivered,2018-06-25 10:38:46,2018-06-25 10:53:51,2018-06-29 12:27:00,2018-07-03 16:48:51,2018-07-31 00:00:00
60d89454741d31c6c07226c6069864dd,72c264264a67e9f5aedf2ea52b8cbe65,delivered,2017-06-29 09:43:18,2017-06-29 09:55:20,2017-06-29 14:54:29,2017-07-01 11:37:54,2017-07-12 00:00:00
40a1c5c49a15e72aac742ee4ff8308b5,dfdeaadc8b16289da161229b0fea3ab9,delivered,2017-09-15 11:48:18,2017-09-15 12:05:08,2017-09-18 20:32:03,2017-09-29 20:47:43,2017-10-04 00:00:00
be1339321b0b8d2b580979ffc3cbf745,c9728ad3d3c05c3e531d2cd775c2af4a,delivered,2017-10-26 22:27:40,2017-10-26 22:46:05,2017-10-27 20:42:39,2017-10-31 16:57:43,2017-11-17 00:00:00
219e223faa8b8622006bc6242a1bf011,cc8b201a869080136fa56a45891df083,delivered,2017-06-16 22:26:23,2017-06-16 22:35:12,2017-06-20 10:55:10,2017-06-28 12:10:08,2017-07-11 00:00:00
6c758731c7ddb641e9d5ee253ea2b20b,d443cd81b14623e3184f1582f23ade6b,delivered,2018-02-20 20:27:49,2018-02-20 20:35:35,2018-02-21 19:54:56,2018-03-13 01:37:44,2018-04-03 00:00:00
bb371b4b646a971170ed23d709f5065a,d3d9e53bc164dbd4447f9ac2b01c354d,delivered,2018-02-24 14:24:57,2018-02-24 14:35:35,2018-02-26 22:05:57,2018-03-02 01:13:30,2018-03-14 00:00:00
01e7138289b75d9624b04dfe12379c1d,f396261ffae591f9905c76e28c3ac59b,delivered,2018-02-01 19:59:02,2018-02-01 20:14:01,2018-02-07 21:21:45,2018-02-20 18:03:47,2018-02-23 00:00:00
a6130d43aa3328e4a7d78ac8f8029e81,e4faf561b80855c9514ead44dacdb679,delivered,2017-10-22 18:05:23,2017-10-22 18:14:35,2017-10-24 21:48:58,2017-10-31 17:48:47,2017-11-09 00:00:00
41e26896c2835821f7622124a8ebf047,5d19e4ad46b3ba65d54ae635288c391d,delivered,2017-07-15 19:41:38,2017-07-15 19:55:17,2017-07-18 19:03:26,2017-07-27 13:33:21,2017-08-11 00:00:00
b8cca6dbde564f578882fcbda8e6df2e,97bf27df42b5d813877367ec2092a0ce,delivered,2017-11-24 08:04:14,2017-11-25 03:51:50,2017-12-07 23:52:32,2017-12-23 13:26:56,2017-12-20 00:00:00
8760a79c661c65e8e42365e7a4c24d9b,cacc9f2f5d2c406a6e4a889346161d8c,delivered,2017-12-07 00:12:26,2017-12-08 02:54:34,2017-12-11 16:59:03,2017-12-21 21:43:17,2018-01-09 00:00:00
9a0b2a68507680a6e151319e4b6e68f7,4c2c2a4401219b69cecc92106c149bd4,delivered,2018-05-26 16:05:31,2018-05-26 16:30:24,2018-05-28 15:36:00,2018-06-14 11:46:31,2018-07-13 00:00:00
91573a4598aedfc413fcb39e43d68768,319e5b18d03d185cabc10e2cf741c8cf,delivered,2017-04-29 13:05:14,2017-04-29 13:15:11,2017-05-02 09:34:40,2017-05-11 12:27:59,2017-05-25 00:00:00
37b3c19afcde72dc4b44eab880361af8,b2db7a87bd4d7771be7e69f032e60e6d,delivered,2017-09-17 15:35:47,2017-09-17 16:20:16,2017-09-18 18:57:25,2017-10-08 14:12:31,2017-10-17 00:00:00
02df7a4137081ada2a06ac6e2bca6364,9eee19151f5de68f264d26aa58c990ee,delivered,2017-09-19 13:53:09,2017-09-19 14:10:38,2017-09-28 11:55:05,2017-10-03 21:13:16,2017-09-29 00:00:00
52666f83fd40e5b2c08e62dbff7eafe1,04195f8de16121e6ffce0022c0cf4cb9,delivered,2017-09-28 18:07:58,2017-09-28 18:25:08,2017-09-29 15:48:01,2017-10-10 20:33:52,2017-10-25 00:00:00
bf2e7a6b9cf62bcc5d4276e1fa90f9bc,e63a81aeb874228ba9b2eaab33d9fbc3,delivered,2017-08-18 13:01:45,2017-08-18 13:15:25,2017-08-22 18:09:20,2017-09-01 18:53:07,2017-09-12 00:00:00
1d80070bfe715fe0b628207297d72eaa,728c2eca7bcd0381f461f7567b5aa8b5,delivered,2017-11-02 16:29:37,2017-11-03 16:35:52,2017-11-06 22:58:34,2017-11-13 23:06:45,2017-11-29 00:00:00
4c9765e8d244352198202cf29ffee005,5346a41559468a834967541242a1278e,delivered,2017-10-12 18:49:17,2017-10-13 18:56:16,2017-10-16 22:27:41,2017-10-27 19:33:00,2017-11-10 00:00:00
86a7cb5d6724e24612314e7a96b0b14a,ba1094995391ad2befd8a66830a2a48b,delivered,2018-08-19 14:12:37,2018-08-20 12:09:53,2018-08-21 15:14:00,2018-08-27 20:12:56,2018-09-14 00:00:00
3164a0591e7349349b8f57437a76133a,4b1e20bda0003d900c4360a80836442a,delivered,2017-11-26 11:43:52,2017-11-26 11:55:41,2017-11-28 18:04:25,2017-12-01 17:38:44,2017-12-26 00:00:00
c8c984c9e6372f6680ea8945d09c589b,721a29f8fd580ecc0ffa77c1eb55c653,delivered,2018-03-14 10:17:09,2018-03-14 10:30:36,2018-03-14 22:41:35,2018-03-16 15:45:39,2018-03-26 00:00:00
14946316e496ee502d12d8fae8ef7d75,b69034f0d8651a0414f4f52c07358331,delivered,2017-02-08 15:13:25,2017-02-08 15:22:57,2017-02-08 15:57:19,2017-02-13 09:14:38,2017-03-13 00:00:00
772db764b3c3c25f4bbd8ff9d4f5847a,ad700f0b10f75db2096a35b1043a1d8c,delivered,2017-04-02 17:00:43,2017-04-03 09:10:15,2017-04-04 13:52:55,2017-04-18 14:52:30,2017-04-26 00:00:00
33c6c0bb53e5f6b668bc9d9c2eba769f,e01307c6b8f2a3e562e1a650dedd48bc,delivered,2018-04-30 15:16:31,2018-05-01 02:10:51,2018-05-02 15:09:00,2018-05-08 19:03:15,2018-05-18 00:00:00
f0a85291bcfee7c068ecad1ed3a71f59,5495271a44749eb32d324db653d74184,delivered,2017-12-19 14:33:56,2017-12-19 15:54:28,2017-12-20 20:09:50,2018-01-08 21:35:36,2018-01-19 00:00:00
5181bed0040bd00f63c9efd96c5527d0,1ab5214615eeda5da291e8131b710d9f,delivered,2018-06-07 18:51:29,2018-06-07 19:16:39,2018-06-08 15:44:00,2018-06-15 11:03:40,2018-07-11 00:00:00
0c91b697f968a592811f9300675c6138,53ca038dcf2d8dfd5f49b2f8a5a0891f,delivered,2018-03-21 15:00:45,2018-03-21 15:15:50,2018-03-26 16:03:54,2018-04-06 17:44:32,2018-04-16 00:00:00
05ddf4cc62efcc6f34b8c693eaa2db01,b77ee5671feb9b6efce84cc804842024,delivered,2018-07-03 18:18:34,2018-07-05 16:26:57,2018-07-04 14:51:00,2018-07-09 16:34:28,2018-07-25 00:00:00
1bd8f8e52f0aceea6da681748be400fb,5a47b78396bd952859530a5aebfea1e9,delivered,2018-02-13 15:01:46,2018-02-13 15:15:28,2018-02-15 19:22:21,2018-02-21 22:37:08,2018-03-16 00:00:00
9e4732bc7d87af92e840a4427c41a5d9,22b28d7e0b56c8b79532c5799afd05ca,delivered,2018-05-22 12:30:01,2018-05-22 12:56:20,2018-05-23 12:33:00,2018-06-09 17:21:34,2018-06-18 00:00:00
f503bf4df121d79cc4907029e84dc441,0813bcd454657bb8511c54f0c95ca36a,delivered,2017-07-10 20:14:01,2017-07-12 02:24:25,2017-07-13 14:36:29,2017-07-18 17:53:35,2017-07-21 00:00:00
a3b12c57a19ac7a13e56c2387b30054e,00b196cc59531c4dbba23e94fff01d6c,delivered,2017-10-27 19:15:26,2017-10-27 19:30:50,2017-11-08 22:38:56,2017-11-13 18:44:55,2017-12-01 00:00:00
55298973d17a0c1dfb2281ae969a65d8,e61b859a115436605a21c45e607fa6b7,delivered,2018-02-07 21:00:56,2018-02-09 10:11:48,2018-02-09 21:53:49,2018-02-15 21:22:08,2018-03-13 00:00:00
5bc26c6e994c1fd9edb9e324ff85dded,a93ba2ce55c9d1ec30a192c5afd535e2,delivered,2017-12-23 10:12:54,2017-12-23 10:28:34,2017-12-27 16:53:29,2018-01-04 12:52:40,2018-01-24 00:00:00
53a9eabccdba4f6107845a78004e5844,0310d00c34f22d5e4c71fbd87c98f16a,delivered,2017-12-18 12:59:12,2017-12-18 13:56:31,2017-12-19 17:55:31,2018-01-18 15:08:55,2018-01-22 00:00:00
156168da8a5dcb5224afcebe8b0a9c88,c0cadbfc48ec27d089138f4e1e479556,delivered,2017-12-16 22:40:07,2017-12-16 22:51:01,2017-12-18 17:22:09,2017-12-19 16:43:10,2018-01-05 00:00:00
3a842b225282ff435d63bba66a7ca5e8,1ac4629c7cb3f6b3b3c24712aa77e276,delivered,2017-07-15 04:30:45,2017-07-15 04:50:09,2017-07-17 19:27:44,2017-07-23 13:03:34,2017-08-04 00:00:00
b6de9023a5c02974b26860e83d1643c2,c051437f9cea2ab19552eead2a350259,delivered,2017-12-07 13:19:30,2017-12-07 15:32:55,2017-12-15 19:15:00,2017-12-20 19:05:10,2018-01-03 00:00:00
ee34f36dac2c39b91cad39b9c8d74be2,42d4b94da5a468da7f1e703abfbbc7d8,delivered,2018-06-25 20:39:44,2018-06-25 20:57:38,2018-06-26 14:28:00,2018-06-29 21:41:40,2018-07-20 00:00:00
a3a7ac8f07fa7b6b6d24e489a43b479d,5ce9ae3923690dd36249c49da1d264a6,delivered,2017-04-03 17:36:49,2017-04-03 17:50:18,2017-04-05 09:43:01,2017-05-10 12:57:47,2017-05-05 00:00:00
9ea646a381c6b15daefcacd20f9b89fa,c82490ee32b5cc7dce034641ac400244,delivered,2018-01-06 23:13:06,2018-01-06 23:27:08,2018-01-10 16:48:28,2018-01-12 00:37:16,2018-01-26 00:00:00
5a8a7f4c51588126be426fa3d099b828,934988550c367cd0b058b47ae1b3d0de,delivered,2018-05-16 18:22:05,2018-05-16 18:41:54,2018-05-21 14:17:00,2018-06-04 14:05:15,2018-06-08 00:00:00
6f8a410f9542c68dbb680d2aa47b6d14,eb52f5dacff0959d0f040bb37943d821,delivered,2018-04-30 08:16:55,2018-05-01 06:15:14,2018-05-03 06:31:00,2018-05-08 15:26:25,2018-05-18 00:00:00
e78088a3b62d70382758f12a326a8503,e8eea2984a4778e4ab5f3769893fba81,delivered,2017-09-25 13:40:42,2017-09-26 08:49:30,2017-09-26 14:33:25,2017-10-02 19:29:47,2017-10-30 00:00:00
be24f704e21aba5290a31f80a3a55aa6,d10cb7bec703bf9d92542c6a68b6c8b5,delivered,2018-02-28 08:17:59,2018-02-28 08:30:23,2018-02-28 20:17:52,2018-03-01 21:49:27,2018-03-13 00:00:00
1facf0f943e2e863012876581d779f16,725d1fd5d4a73c89ec3b335a0cfe825a,delivered,2017-07-04 18:59:13,2017-07-06 03:25:52,2017-07-07 20:32:43,2017-07-12 17:28:02,2017-07-28 00:00:00
11d2a4111b0de56991e1ccbeaf4eb0e8,07436d5d1e7122889991218e3e297c27,delivered,2017-03-08 17:14:18,2017-03-08 17:14:18,2017-03-09 10:21:30,2017-03-21 10:32:46,2017-03-31 00:00:00
45e12e19713820e099be97aaeb65b4d4,e682692f67c05b1336ff42f0df2e77a7,delivered,2017-10-15 11:17:35,2017-10-15 11:28:16,2017-10-20 11:22:31,2017-11-03 22:38:06,2017-11-10 00:00:00
03b0f1587efe1abafd2dfd0e900b1eb2,32367359f4253fe54dcf1ec1b4a2273f,delivered,2018-06-03 15:09:10,2018-06-03 15:30:16,2018-06-04 18:11:00,2018-06-15 19:31:38,2018-07-18 00:00:00
133d08a542c28f4400480b9483517c32,81341fe38e3655b59db49c85c8d23d5b,delivered,2018-07-21 22:54:08,2018-07-26 23:31:55,2018-07-23 11:47:00,2018-08-07 14:45:31,2018-08-16 00:00:00
1ddb535efd93e4ceeb5b311eba6bf1b7,8ac1e0b199320f8019b466d9ac6f2a95,delivered,2018-03-16 10:00:36,2018-03-17 02:35:33,2018-03-19 19:28:41,2018-03-29 23:34:40,2018-04-09 00:00:00
5a5cbced9c57dbafd90dd9b04594b2d7,868a6893007668f7b4b5b545d16d4726,delivered,2018-08-01 09:34:28,2018-08-01 10:04:26,2018-08-03 10:28:00,2018-08-08 18:54:34,2018-08-16 00:00:00
d53a5c7f5b9c8a011c50a20c35cf7e9a,a68cca3e13345a014297f2aad3671c18,delivered,2017-05-12 14:09:13,2017-05-12 15:10:13,2017-05-17 14:06:56,2017-05-22 09:33:53,2017-05-30 00:00:00
6f3bcb56b24abe9303122deb9ab78295,175e7271f89704b7a7743cc2f679d78b,delivered,2017-05-28 21:10:48,2017-05-28 21:25:09,2017-05-29 12:42:37,2017-06-07 13:44:25,2017-06-26 00:00:00
b68feda578fe41870ba7a14082ce03fa,5fce67dca9a87b02a48c4c507abb355b,delivered,2017-03-31 07:18:02,2017-03-31 07:30:07,2017-04-03 14:43:12,2017-04-06 14:42:47,2017-04-26 00:00:00
4aac204400464cdc3239fecb78095120,47e75ad90536748c1419a97d68ec4229,delivered,2017-12-08 16:36:25,2017-12-08 16:50:49,2017-12-11 22:11:40,2017-12-20 16:17:33,2018-01-03 00:00:00
6b0bd2c2e59c7fb169874fbfeed4441a,8686c6f115aa4dddff8011037eea983c,delivered,2017-12-08 16:39:39,2017-12-08 16:53:25,2017-12-11 22:53:06,2017-12-15 22:47:43,2018-01-03 00:00:00
34b426d7bae7fa280beff9a3cda190da,9694eb57fcab7bd8fbbf7a174c9c0913,delivered,2018-06-20 22:51:39,2018-06-21 01:38:46,2018-06-21 17:17:00,2018-06-29 18:54:44,2018-07-26 00:00:00
d3308b06bdecff9a1d9e67f39d0039e7,88f1f681f57a72012fea8ef1118d2b26,delivered,2017-09-04 14:23:49,2017-09-04 14:43:47,2017-09-05 17:10:21,2017-09-16 13:05:48,2017-09-25 00:00:00
bd5b7e9241d5281b1d7e865b489d6ddd,1c74c355e4c0a69abc509b60421941c1,delivered,2017-12-21 14:36:19,2017-12-21 14:52:15,2017-12-27 19:10:09,2018-01-04 13:40:16,2018-01-10 00:00:00
5f75a0f53851659ccb7688c7ec228d99,6ddaa55f55b803126109ea0246790bbd,delivered,2017-05-07 11:24:29,2017-05-07 11:35:10,2017-05-09 10:13:29,2017-05-23 11:04:49,2017-06-02 00:00:00
db8894cfe8c406ce3a455d57f9c38f3f,a9ad270c13a3ce68bd61705c3d95f99b,delivered,2018-04-24 17:34:08,2018-04-26 03:51:48,2018-04-27 14:26:00,2018-05-03 01:39:46,2018-05-08 00:00:00
017dcb6892d4469a13dee34f241f8c4e,a29627c042ea26f7340db61ff04fbfc5,delivered,2017-11-12 20:17:40,2017-11-12 20:35:56,2017-11-14 16:35:17,2017-11-22 17:33:05,2017-11-27 00:00:00
86d6fa41b6c66125efbca077e4eb2d6b,7a07803f009e64b708ee52cec0808f85,delivered,2018-03-14 10:22:03,2018-03-14 11:00:36,2018-03-14 20:31:51,2018-03-29 17:42:42,2018-04-02 00:00:00
070c8ff950e077ba4948ef4db4733b74,78b25e360d8d5b6ec68c6bb392e90c48,delivered,2018-03-30 12:57:00,2018-03-30 13:10:11,2018-04-02 23:11:13,2018-04-11 18:58:23,2018-04-23 00:00:00
a3725dfe487d359b5be08cac48b64ec5,d22f25a9fadfb1abbc2e29395b1239f4,delivered,2018-05-12 12:28:58,2018-05-12 15:41:58,2018-05-14 14:25:00,2018-06-01 15:18:45,2018-06-05 00:00:00
2da6634703a5d34c99536f58334e9700,760640cf7e70b20bfa629430e7ebdff7,delivered,2017-07-14 00:00:34,2017-07-14 00:55:14,2017-07-18 16:03:10,2017-07-20 18:55:02,2017-07-31 00:00:00
bfb50f94da6d285b05b43043e97507be,57f6f5c93d7539325e2dc331531db4a3,delivered,2018-03-06 14:31:23,2018-03-06 15:15:40,2018-03-07 18:43:07,2018-03-20 20:07:39,2018-03-27 00:00:00
8ee667e6f4ac4034b939b09c26f1ce2e,02f3bf54b6d382c1726e1c8f1b8f9a9a,delivered,2017-11-13 10:23:44,2017-11-13 10:35:25,2017-11-14 15:56:28,2017-11-28 16:36:01,2017-12-14 00:00:00
c2f6a6b9aadff1a114b5d17ead982d24,c186409957e66d30547e91eba37122dd,delivered,2018-07-13 21:01:23,2018-07-13 21:10:19,2018-07-16 14:53:00,2018-07-20 21:06:30,2018-07-30 00:00:00
56c87d433bb46c7862e35e791b1907fa,8ec269bbb4cd0dc50384536a8b77c7f5,delivered,2018-04-26 03:55:33,2018-04-27 03:35:22,2018-04-27 11:59:00,2018-05-03 21:23:56,2018-05-15 00:00:00
a79bd7af35a4fffee2b23fded963b4ea,520ac67588ffaaf2c60691f72b4a7dcc,delivered,2017-04-21 20:16:02,2017-04-21 20:25:22,2017-04-28 14:29:17,2017-05-08 10:17:42,2017-05-17 00:00:00
a6b4a07846eeb32164672a9299ab8aa3,0b280cd2ad379473688c1be86b9056e7,delivered,2018-03-24 12:08:11,2018-03-24 12:27:29,2018-03-31 14:32:06,2018-04-07 01:08:21,2018-04-12 00:00:00
4795545b89143ebe101963b017599aae,154efa2b11fd0b55befb35a1e65b433a,delivered,2017-11-28 19:51:40,2017-11-29 09:39:09,2017-12-06 12:22:37,2017-12-21 14:21:33,2017-12-18 00:00:00
fe49401155e0ef1f8ff4e1fa13ebb38b,06248334dd53daa8b7aed74c27c6186d,delivered,2018-05-14 15:38:31,2018-05-14 15:56:46,2018-05-15 14:24:00,2018-05-21 18:14:44,2018-06-07 00:00:00
e4612c20fad84db70d164d5278c01d4d,b04337a5939fac7b5a29dc741c51e8de,delivered,2017-05-08 09:28:32,2017-05-08 09:42:20,2017-05-09 08:05:59,2017-05-23 09:22:19,2017-06-08 00:00:00
3b7e01e07d261a60f7d985ce537c8f4a,515c155f5703d4d4197c73bd27e986b1,delivered,2017-04-01 16:35:02,2017-04-01 16:45:22,2017-04-05 13:24:33,2017-05-09 16:05:10,2017-05-09 00:00:00
19c1376b2449385d598bc89c73cdf380,48c3e8e784086fd4b26b9929625373d6,delivered,2017-09-13 23:09:04,2017-09-13 23:24:25,2017-09-14 21:47:48,2017-09-21 22:17:52,2017-10-02 00:00:00
0ff01ca1108c8fea3d74a51ee283841e,143714b5db067ae9c9e2bb399b49e4ad,delivered,2018-03-07 17:22:45,2018-03-08 02:29:22,2018-03-12 20:46:26,2018-04-02 18:19:09,2018-04-02 00:00:00
f80bab3b47910373b5d3a4a4963192e6,989724cede76316391eb5c650b59938f,delivered,2018-04-23 21:14:21,2018-04-25 03:30:49,2018-04-25 15:01:00,2018-04-30 23:36:55,2018-05-16 00:00:00
bcefb2f90509c4f4fffc20527ebd3cb1,82358934501f09788dcec9c2b01f86c7,delivered,2018-07-14 15:02:12,2018-07-15 14:55:13,2018-07-18 16:23:00,2018-07-23 22:55:36,2018-08-14 00:00:00
42aaabf39b810fa0a3390fe791dbb880,11259004e69dac0f64c28698b2e702d3,delivered,2017-03-17 14:22:50,2017-03-17 14:22:50,2017-03-22 10:20:38,2017-03-31 11:47:39,2017-04-07 00:00:00
f3c1bb83e5aa29985d32f94e0434479d,189aacfabaaf9aaea8102a7f1af153b6,delivered,2018-06-11 23:13:13,2018-06-13 02:37:04,2018-06-13 16:28:00,2018-06-19 00:06:39,2018-06-29 00:00:00
a02f84215d0352b46e21cd5c8bba24f8,c1c4cfd2b0bb3a80402b5daa79cec6cf,delivered,2017-06-01 06:29:44,2017-06-01 06:42:41,2017-06-01 13:06:43,2017-06-08 14:19:57,2017-06-26 00:00:00
359004e77a67a2978e6809894f996c98,56bf63741e4317625e7e63d5bc79872d,delivered,2017-08-18 01:36:03,2017-08-19 02:15:57,2017-08-21 17:20:05,2017-08-23 17:18:02,2017-09-13 00:00:00
7373cc59f443c966a0428191344c6c4d,5715e4dd9b8bfeddafcee809661affb6,delivered,2017-11-18 12:21:51,2017-11-18 12:35:53,2017-11-22 21:24:33,2017-11-23 21:04:45,2017-12-01 00:00:00
3dd3d454c46d40fc27a3101c19477734,63911312cff4a0c076069e8b097c8d65,delivered,2018-07-14 13:29:51,2018-07-14 13:44:00,2018-07-17 08:52:00,2018-07-23 22:38:39,2018-08-01 00:00:00
62c054e7296e562b344c8392de0bf58b,5653eb3360ac329f6c2b7eb91fb8d776,delivered,2018-03-15 16:35:52,2018-03-15 16:49:07,2018-03-16 23:20:22,2018-03-19 21:53:59,2018-03-27 00:00:00
bbac13f5b68d5b86c46f0a89a014b5e5,51e10aa40395951c6350f93ea1aa20f8,delivered,2018-08-05 09:52:46,2018-08-05 10:25:07,2018-08-06 14:43:00,2018-08-17 17:58:48,2018-08-29 00:00:00
6f80ee94265381ae8310f1c44afd1a52,eef10f8b0d543ff05f8da03d926c8341,delivered,2017-08-24 17:53:32,2017-08-25 03:04:13,2017-08-25 15:20:42,2017-09-04 19:14:21,2017-09-18 00:00:00
c9155925aa573a017151d593ee25f976,c8123bc552de0c29afe117c6911d7fd1,delivered,2017-08-24 10:36:11,2017-08-26 02:15:24,2017-08-28 20:33:53,2017-09-05 21:57:31,2017-09-20 00:00:00
1656551f139b288763e626d0191fb3e4,a2060693f26d98db4b514d12339daad0,delivered,2017-04-13 07:53:05,2017-04-13 08:02:15,2017-04-13 08:37:44,2017-04-19 13:14:25,2017-05-05 00:00:00
886b114d034f4ac1d39d964c1b2a8182,cfc025a164a95cd7206415925d71021b,delivered,2017-04-01 15:44:55,2017-04-02 15:55:26,2017-04-06 14:27:53,2017-04-14 00:36:05,2017-04-26 00:00:00
75eea5833d9dc1ff4712cf962417ce1a,ac45d9f7d22771f974f9f713285cf06e,delivered,2018-06-16 14:01:39,2018-06-16 14:17:59,2018-06-18 14:45:00,2018-07-11 20:08:43,2018-08-06 00:00:00
86ea637df14082deeadd7600d8c3ca98,38c5ad2946f9337bf423f1ac342822e1,delivered,2018-07-24 20:29:31,2018-07-24 20:44:19,2018-07-25 13:07:00,2018-07-28 12:13:03,2018-08-07 00:00:00
dbe7501db7b1a43b25c86915eaff1112,64bd17035b8606fc6f536bf2f1ce7cf3,delivered,2018-07-16 18:59:22,2018-07-16 19:10:15,2018-07-20 14:42:00,2018-07-25 22:18:36,2018-08-02 00:00:00
c942c43e79ea8433aaa067e3c8f0fb75,3f3c653d87141f50a30e6818c98baf67,delivered,2018-03-15 09:59:00,2018-03-15 10:10:26,2018-03-20 12:57:32,2018-04-06 18:27:29,2018-04-13 00:00:00
c14317bde925bb399cb2a3cf8b07854b,82ed6b4e284f86a7dd79ac7fdc786fb6,delivered,2017-04-07 18:02:10,2017-04-07 18:10:22,2017-04-13 12:16:42,2017-04-18 13:28:35,2017-05-08 00:00:00
06ffc260a153bba52d82a18f91e8f760,4d89aa17cabb9666287aeec3288d07fb,delivered,2018-01-16 08:57:33,2018-01-17 08:51:28,2018-01-17 21:58:08,2018-01-24 01:03:37,2018-02-08 00:00:00
ec24ea9acb22b2520d36d72a75eab525,b69900109b655d75785e8e233495b472,shipped,2017-09-29 22:44:21,2017-09-29 22:56:40,2017-10-03 14:24:07,,2017-10-26 00:00:00
530cafa371466af70192849099f48cd5,f19cfbd63ec9e260c89eaa4c2f732165,delivered,2018-06-01 19:50:29,2018-06-05 04:31:04,2018-06-07 09:07:00,2018-06-08 14:02:30,2018-06-26 00:00:00
60d5d73a6b8e2e26aa2fc8c499fb3126,15a63416738533f8423bba238ed2895f,delivered,2017-11-21 18:50:10,2017-11-23 02:39:25,2017-11-27 18:59:49,2017-12-05 20:07:55,2017-12-11 00:00:00
da32fa81177a5a6ac35177b05714742d,aef4cc2639ecfc04d881dd687ed3ec1a,delivered,2017-06-12 21:48:33,2017-06-14 02:25:41,2017-06-14 09:30:55,2017-06-22 15:24:20,2017-07-07 00:00:00
7ee39ad7cefae28934df87c631928f88,78d740f9f001c40e69d12fe4cda78082,delivered,2017-11-28 14:17:39,2017-11-28 14:30:39,2017-11-28 22:53:01,2018-01-29 19:45:21,2017-12-27 00:00:00
5b666d7076734a6485176d2f3255804d,87f0ec364663b17030ed5182e814adc2,delivered,2018-02-18 19:20:46,2018-02-18 19:35:20,2018-02-19 19:59:14,2018-02-26 13:37:49,2018-03-14 00:00:00
e895bb1a02c9624c774e8d314d4ad0f7,a8e3857f8dd7398eb95a411a4a6ab148,delivered,2018-06-25 22:17:40,2018-06-26 22:27:30,2018-06-27 11:31:00,2018-07-03 16:52:05,2018-07-12 00:00:00
f10771b6b65c8933def79ca89bf14973,2568c831124db9538722e8f9dc29aecd,delivered,2017-11-29 10:04:30,2017-11-29 10:18:35,2017-11-29 22:51:40,2017-12-08 17:57:13,2017-12-21 00:00:00
26748c2a309fe92bbe436c13ff82ff36,35f70c052536b3da1eae952fb8e034fd,delivered,2018-03-18 10:42:50,2018-03-18 11:08:33,2018-03-22 16:06:40,2018-03-23 11:51:45,2018-03-29 00:00:00
ee8b2d168886de97bcaf86366cf3e2b0,60a8ec72dfc2c7c51c5983496cad1dba,delivered,2018-06-04 09:42:23,2018-06-04 09:51:37,2018-06-04 13:20:00,2018-06-05 18:42:32,2018-06-20 00:00:00
188c1ef63c6dd2e06120da3ca750e86c,70ff49e52ebaa8716e656957b23cec33,delivered,2017-09-29 10:07:19,2017-09-29 10:28:37,2017-10-02 17:15:56,2017-10-10 18:42:41,2017-10-25 00:00:00
38f774e2c34f2f57819fda4fe0de9d56,7198ed558f9d18a996669a02d20fa9d8,delivered,2018-07-30 09:35:23,2018-07-30 09:50:16,2018-07-30 15:34:00,2018-08-03 20:43:05,2018-08-07 00:00:00
97bcc96998b24fe6ee7cec4ae04001df,2ed91b89dc143b6e37e3adbec2c52fb8,delivered,2017-05-16 17:58:04,2017-05-16 18:05:21,2017-05-17 14:25:43,2017-05-22 15:25:44,2017-06-07 00:00:00
c44846c315b0c3428e0a660bdda4fb7c,fd03d461d47cf24785f5e7ee7a1c9708,delivered,2018-04-13 14:32:35,2018-04-13 14:51:16,2018-04-16 20:03:30,2018-04-19 20:26:30,2018-05-16 00:00:00
a1074f1de8cb7cb5f4ce95be13541ac0,3c47d4719df5c69ac15d62f9867019e9,delivered,2017-05-02 10:41:46,2017-05-04 02:50:47,2017-05-09 08:36:29,2017-05-15 10:52:06,2017-05-26 00:00:00
f7540aab098d4ad144b44ab17f44fa63,ff4e6e0da805f085c05327c77738f7cd,delivered,2018-03-18 13:02:19,2018-03-18 13:15:29,2018-03-20 18:05:22,2018-04-11 17:38:52,2018-04-10 00:00:00
76b25bee64215dc674a3715b71322c86,43b3c8f820df2026770022a559063a4b,delivered,2017-10-01 10:13:33,2017-10-01 10:24:09,2017-10-02 21:07:05,2017-10-06 22:59:53,2017-10-26 00:00:00
1286029258c6e6c886f266c096f92db5,bf60dc791a8bfc1b3e470f024d2789a0,delivered,2018-04-09 13:11:55,2018-04-09 13:29:45,2018-04-10 18:27:00,2018-04-11 18:46:31,2018-04-25 00:00:00
4a0f0a7c16096033ba5a3ca364bed42e,5ab29c6a0eb0df3b9b0bda45674f9e19,delivered,2018-02-18 14:11:41,2018-02-20 07:10:52,2018-02-20 20:08:48,2018-03-03 15:52:43,2018-03-19 00:00:00
30f3a786f4600561beb44b9e2f3e727b,a32e9c8f717ff0098cb8f36ac6ba6362,delivered,2017-12-21 23:30:00,2017-12-21 23:38:21,2017-12-27 00:13:49,2017-12-29 16:38:55,2018-01-23 00:00:00
3668ab500cf3bd43c55190cd48dc1925,10f0ae1044b58b20c83aaa1a6fdb9e1d,delivered,2017-08-21 21:29:45,2017-08-21 21:45:43,2017-08-23 20:25:19,2017-09-01 18:28:45,2017-09-19 00:00:00
a9f77c0325604197d9a0048d0dcad33f,8d64a96ac05f9ea593b461f9e461c016,delivered,2018-07-24 16:50:04,2018-07-26 03:05:07,2018-07-26 15:10:00,2018-08-01 13:24:54,2018-08-13 00:00:00
879dd3373c7f9f0412d2ee301cdadbdb,897bc7880413bc27e5cfd8dfaf16e792,delivered,2018-07-18 18:52:47,2018-07-18 19:02:58,2018-07-20 10:01:00,2018-07-26 14:38:36,2018-08-06 00:00:00
b7736986a062d9a733ac210a459f0dbc,53d5a29fdaeddd7a8c0be5cc638922ac,delivered,2017-09-22 09:18:51,2017-09-22 09:30:15,2017-10-14 14:43:33,2017-10-19 20:29:36,2017-10-20 00:00:00
75fa09943ed7e7f7312cc5ba5116feef,548cc51ddb01cbd670ef6a67e3738d48,delivered,2018-02-21 16:04:31,2018-02-22 02:10:41,2018-02-22 19:13:24,2018-03-08 16:29:44,2018-03-21 00:00:00
df6d8b7768a047c2981bae0a24afbb01,2da8c3c9c24c362231c8724105c23404,delivered,2017-04-04 10:46:22,2017-04-04 10:55:24,2017-04-05 15:24:20,2017-09-19 15:08:19,2017-05-10 00:00:00
a607d901010a9e02c14000b08e15cfe3,9f9ed93e52635d33163beb4ad932fc1b,delivered,2018-05-04 15:05:48,2018-05-04 15:15:25,2018-05-07 11:42:00,2018-05-11 17:03:03,2018-06-07 00:00:00
625b3ac41fea45dbd5aaa02d0941ee59,4f3e4e67565f7302194622e4a3a21365,delivered,2017-01-26 10:58:56,2017-01-26 11:10:28,2017-01-27 11:49:01,2017-02-13 15:24:40,2017-03-06 00:00:00
ce74c5a481b64dd9d76c6c766d5dc72b,b060b1e992e1ea3ef15a32f3d35a8bfa,delivered,2018-03-11 20:57:26,2018-03-13 03:50:34,2018-03-14 20:38:43,2018-04-15 17:03:25,2018-04-05 00:00:00
403faf66b2b69a6aedd65d14dd5fdc40,77f8083926fc5c88a718f8a49a6f1f2f,delivered,2018-03-13 11:34:55,2018-03-13 12:28:17,2018-03-15 23:41:24,2018-03-23 02:43:27,2018-04-05 00:00:00
c37564a174d094e685810303fd46b582,c90a8bc2bffa9389ee8c5246cb9a5f7b,invoiced,2017-04-24 17:15:49,2017-04-29 23:33:09,,,2017-05-26 00:00:00
a1118187790ace007bd83fc3ac113a3d,38ae69e357c299dba49b0f13f2333f84,delivered,2017-12-02 16:26:26,2017-12-02 16:37:17,2017-12-05 03:10:52,2017-12-06 17:41:39,2017-12-20 00:00:00
43aeddd1834ad7f991a3653e797d7132,47328fd43124ef373859bd187f731bd4,delivered,2018-03-08 16:00:20,2018-03-09 02:31:27,2018-03-14 01:28:26,2018-04-18 18:04:22,2018-03-27 00:00:00
ecab0ef57dde393108e5c0821c684f70,4dc1c501d1281c6c1ed10aa74599fb5f,delivered,2017-08-22 13:11:41,2017-08-23 02:56:17,2017-08-23 19:03:52,2017-09-09 14:52:23,2017-09-22 00:00:00
0f28dea25f498acb1ab8d7f947c2ceaf,0a99af6e6eaf8487f52d2d02212ff2aa,delivered,2017-06-19 09:57:49,2017-06-21 11:50:16,2017-06-29 15:36:02,2017-07-05 18:26:41,2017-07-25 00:00:00
22def07395185c22de97ddf37643037e,25c2b44f44746346e8df6fbd7ca25540,delivered,2018-05-11 15:48:36,2018-05-11 16:18:25,2018-05-14 13:21:00,2018-05-18 19:32:30,2018-05-29 00:00:00
ff2b99df83d1c413829f65efca33da17,0af90dc6248673cdc112c7ce66a7372c,delivered,2018-08-24 20:20:06,2018-08-24 20:30:18,2018-08-27 19:03:00,2018-08-28 17:32:20,2018-08-31 00:00:00
5fdb25268d3028c4872e585c474d0f9f,f38dd3e88ed9b5289eb7cb9271a7b240,delivered,2018-02-10 13:46:58,2018-02-10 14:10:36,2018-02-15 18:51:15,2018-02-17 17:04:34,2018-02-26 00:00:00
323edcfa718f1be4d393578d24d3072a,5d790884ac4eda9070124e96aef4e530,delivered,2018-07-30 19:47:05,2018-07-30 20:30:57,2018-07-31 13:53:00,2018-08-06 16:47:30,2018-08-09 00:00:00
7e7e487c8215464b81d26682798ee38c,24fdcb72c45f0dbd3c61f5b37006b855,delivered,2017-12-07 13:46:13,2017-12-12 03:57:33,2017-12-13 20:35:50,2017-12-16 16:28:46,2018-01-03 00:00:00
245aa8f9f04307432e42c3244bd3a1ff,4c6cbb920ed9c24a2fc96cf63e9d5732,delivered,2018-04-03 10:13:43,2018-04-03 10:28:49,2018-04-04 18:38:39,2018-04-18 18:03:12,2018-04-24 00:00:00
5c72a1e93e4f43b00cde64df569c2155,d2678d22d6727dfd53c7b918ae2301cb,delivered,2018-01-04 15:06:03,2018-01-04 15:15:21,2018-01-05 14:53:09,2018-01-16 12:34:07,2018-01-31 00:00:00
0f9db6b2900040157d27f21ae0f3d86d,bccdacce1d037dc77e75ff20d2851562,delivered,2018-08-01 09:51:27,2018-08-02 05:15:19,2018-08-03 16:09:00,2018-08-08 19:56:43,2018-08-14 00:00:00
67d7d2f069a2b83e36ab0304e03132e6,0b9da151bab9f3b6d4add45b3bd7de80,delivered,2018-08-15 15:11:49,2018-08-15 20:25:53,2018-08-16 12:23:00,2018-08-24 20:35:48,2018-09-04 00:00:00
3f01e7549f763a26cfa6bda60a8396a4,10b22fca096d0e9f49aba0051cfbdaf2,delivered,2018-08-22 22:55:19,2018-08-24 03:15:24,2018-08-24 14:05:00,2018-08-28 19:32:22,2018-08-31 00:00:00
727c518f08e50c90816678d404111db2,d21310e8bc2d28d055ffb06efb09ecf0,delivered,2018-01-21 10:35:33,2018-01-22 13:46:56,2018-01-22 23:09:09,2018-02-14 20:42:27,2018-02-20 00:00:00
694abc031584656b8a62d393c72ed05d,ba45b24196899d79381424d0ca7c7ea6,delivered,2018-05-09 18:07:02,2018-05-09 18:32:34,2018-05-24 11:22:00,2018-05-28 17:02:23,2018-06-01 00:00:00
02623e799dcc1e41066ddfe4af591f24,5ffea9b2ecf7eb23b4db0b1c4f76765d,delivered,2017-12-06 08:47:32,2017-12-06 08:57:21,2017-12-06 23:48:32,2017-12-23 18:14:39,2018-01-04 00:00:00
1ef7cb5f7b16f51098a0010102cdde77,67047e63a2b374c8abdb71f600526b33,delivered,2017-10-12 15:31:58,2017-10-12 15:49:31,2017-10-16 15:18:12,2017-10-24 19:39:34,2017-11-03 00:00:00
07429f7601b56a66d1854c79a2f5c9e5,aa9f03ecd3728c9bd12e6d962c66c7cb,delivered,2017-07-11 09:36:46,2017-07-11 09:50:30,2017-07-11 19:42:28,2017-07-21 20:06:22,2017-08-04 00:00:00
bb13c50bbe5f942eb71155339687d0c2,b49eba1395aef88d94f4fc14a4484082,delivered,2017-06-23 19:54:32,2017-06-27 04:05:31,2017-06-27 13:51:46,2017-07-05 09:49:33,2017-07-17 00:00:00
d0d2bc60ab96a5450c4182ecfa069ed9,23e8f9579ef5c6aef038027dc2522847,delivered,2018-06-30 13:32:33,2018-06-30 13:50:22,2018-07-02 14:47:00,2018-07-04 20:42:36,2018-07-20 00:00:00
e4b35ca9f1267c27309ebb5b2afc0587,340525290b9d4ff2e6c145fa85918d39,delivered,2017-11-17 23:19:42,2017-11-17 23:30:23,2017-11-21 23:52:13,2017-11-23 17:24:02,2017-12-21 00:00:00
e6ababa4e7ccd58b8bc7282d6bbd66e0,29a5d8a991b0527bda42857a66337abe,delivered,2018-06-08 15:10:14,2018-06-08 16:30:38,2018-06-11 15:01:00,2018-06-20 19:52:45,2018-07-11 00:00:00
ed12eb11ca8af64cd329c47b65e7e4fd,9ec9404f2b294f5635174b3d7e21c5df,delivered,2018-04-26 13:16:09,2018-04-26 13:31:02,2018-04-26 14:45:00,2018-05-03 23:41:36,2018-05-22 00:00:00
e964a325e20b6ce062b81b14b63675b9,eea3a5be72d5a1d6d87f06152f2d2bee,delivered,2017-11-29 13:22:03,2017-11-29 13:37:13,2017-11-30 19:22:42,2017-12-12 23:56:40,2017-12-26 00:00:00
a75d4b7463897480462a9e3f3f9ad8d2,0197368f9bed3b6ac07506404f78a155,delivered,2017-08-29 13:54:10,2017-08-29 14:05:36,2017-09-01 20:57:30,2017-09-11 15:08:04,2017-09-18 00:00:00
8b0357c1bad60045f29531041ed96942,8ff85decf36580a14779815ea2116a91,delivered,2017-05-17 22:24:58,2017-05-17 22:35:16,2017-05-23 15:32:53,2017-06-08 13:27:49,2017-06-26 00:00:00
b7e1da759d7b362340fef94519f33500,f7efbfdd624903afdc318beca96f519f,delivered,2017-03-03 21:43:21,2017-03-04 21:45:13,2017-03-07 11:15:25,2017-03-13 08:52:00,2017-03-22 00:00:00
56065795dbb3836e5698286b78306226,48342baa6af62deabf69b3d7c8b4c079,delivered,2018-07-24 08:08:00,2018-07-24 11:23:35,2018-07-24 14:59:00,2018-07-27 17:31:53,2018-08-07 00:00:00
caff85e7dc33e7dad852a50bb19bba72,e03867c72ac77eb2a2981e28ea0d0b2a,delivered,2017-09-16 17:28:17,2017-09-16 17:44:27,2017-09-19 19:39:17,2017-09-22 19:59:54,2017-10-09 00:00:00
f5f04dd481f2adae96df163474755163,62fdaf2211b823f8c457e4cf68a96ab9,delivered,2018-06-05 19:58:26,2018-06-05 20:15:13,2018-06-06 14:01:00,2018-06-07 18:14:25,2018-06-29 00:00:00
0faccee831e15bfa7b6b1bef3eeba735,8deb2c11cc255a4da7c7349d18717ef3,delivered,2018-01-29 09:47:12,2018-01-29 09:58:42,2018-01-30 23:23:25,2018-02-09 23:29:27,2018-02-20 00:00:00
afb829d86325360c29829a3fb2c15a8e,c55e91baa5b84fbb9542c7409726987a,delivered,2017-10-09 22:12:41,2017-10-11 03:28:27,2017-10-11 21:07:55,2017-10-25 18:03:45,2017-11-09 00:00:00
c054ae148086d8edf0f55f1dad0987e7,1387dd8c63136e2146c342690bc971f7,delivered,2017-12-17 20:43:23,2017-12-19 21:31:10,2017-12-20 21:04:04,2018-01-03 21:38:55,2018-01-18 00:00:00
46b06fc4d4a2d4e9645f19e1a689e543,7e30f48efd6aa0558efab0c936ec626e,delivered,2018-03-16 15:45:56,2018-03-20 03:10:40,2018-03-21 19:04:17,2018-03-29 22:16:42,2018-04-06 00:00:00
eacabc11d89126dfd871cddb597a0409,520f054a1dae283f1d09b11e621c27b8,delivered,2017-04-20 10:55:32,2017-04-21 05:22:10,2017-04-25 09:56:34,2017-04-28 15:08:18,2017-05-19 00:00:00
10467788e05701fc7e9293f6cbed5c11,a85e16c60e3462ec7eaec32f98745da6,delivered,2017-08-21 09:23:23,2017-08-21 09:35:28,2017-08-22 13:37:02,2017-09-11 20:13:40,2017-09-15 00:00:00
94d0901c92f4253bda4e9576a7a0e52f,d4cbc988e13862df5de35c6a4af931a2,delivered,2017-11-28 09:54:52,2017-11-28 10:14:34,2017-11-28 19:37:08,2017-12-01 19:06:09,2017-12-12 00:00:00
dc4830b0d061f5814315adf86ae7b314,51ce96915c12887208b633982c4d8435,delivered,2018-05-17 20:45:42,2018-05-18 02:36:19,2018-05-18 12:42:00,2018-06-05 19:05:31,2018-06-08 00:00:00
1fce50c1831b6809773e5020edc716e2,1ddcc619647ca008fdc24f8302c8573f,delivered,2018-07-24 20:08:54,2018-07-25 20:05:09,2018-07-26 16:04:00,2018-07-30 17:20:59,2018-08-07 00:00:00
2e71a5c523cd61c4d906ebc8203ef215,60f8d6d10a7662c8385a37c5d3b0b92c,delivered,2017-08-08 09:23:56,2017-08-08 09:43:20,2017-08-08 20:09:27,2017-08-11 19:47:46,2017-08-28 00:00:00
1db32e420783e3347ae3f1c6e65baf37,c79caa525bc43f02c4275a8d3e72a095,delivered,2017-07-11 23:10:02,2017-07-11 23:23:39,2017-07-14 09:51:32,2017-07-26 04:04:11,2017-07-31 00:00:00
854963422ef4369edb2416355e8323bd,4c47ecc85fce7602cc1989de3f83fe4a,delivered,2017-07-23 19:46:11,2017-07-23 20:06:26,2017-07-24 15:04:22,2017-08-01 19:03:31,2017-08-15 00:00:00
1d8f8ed077e12bbaeb0ee6675167d40f,339716994af08750e974eacac4131398,delivered,2017-11-23 11:45:01,2017-11-23 11:55:52,2017-11-27 22:13:30,2017-12-07 19:41:27,2017-12-18 00:00:00
c5c6895d5f18ff51c8fb2af8121d1c9c,966d6b478afaf9165164bd8b326b9773,delivered,2018-07-07 12:12:14,2018-07-07 12:25:56,2018-07-10 14:46:00,2018-07-11 20:02:24,2018-07-23 00:00:00
2323a467ad5a6329f413e1d14b240fcc,d33f0173f7ab50bf28aa228acf9d5688,delivered,2017-09-26 09:51:43,2017-09-26 10:07:19,2017-09-27 15:05:40,2017-09-30 19:27:30,2017-10-20 00:00:00
ddc5ef5f86c69f1a29ff3e05e3fc54ab,34fcc45e826ad499a61737ea97e8b3d6,delivered,2017-11-28 22:03:07,2017-11-28 22:17:35,2017-11-29 18:26:55,2017-12-26 19:48:47,2017-12-26 00:00:00
d8378bb103de9b68884b9e4cd2a8dbca,13d44a48280d6bd29ffbbf23c3680afc,delivered,2017-06-19 20:13:49,2017-06-19 20:25:20,2017-06-20 14:54:20,2017-07-01 10:32:34,2017-07-07 00:00:00
b22aa0e891fc84287cb67d41744f0600,c94b403e969aa3b0b9d09982a91d1b78,delivered,2018-06-18 09:53:52,2018-06-18 10:20:02,2018-06-19 11:35:00,2018-06-28 14:37:35,2018-07-20 00:00:00
2f1a68671a42c4f1cb4dad01656333da,048b0452f58c6e76c476af669812b2db,delivered,2017-12-05 14:44:59,2017-12-05 14:52:24,2017-12-12 16:06:40,2017-12-18 22:55:48,2017-12-28 00:00:00
2486b2851078973a32a2ef92918506f4,23f11d117b26cec9a5c7b70b271b718d,delivered,2018-06-13 12:37:22,2018-06-13 13:02:45,2018-06-14 12:47:00,2018-06-21 20:58:50,2018-07-17 00:00:00
a9c0a9c746e342b36428283561c3ed34,67268d8c06be1ef20f52460e7992dedf,delivered,2017-08-21 10:31:19,2017-08-21 11:04:35,2017-08-22 19:55:06,2017-08-25 21:50:02,2017-09-11 00:00:00
70e534acd4ff3f46956f7b4b36418474,5871240b438e21144634d9fdd480e0d8,delivered,2018-07-03 16:51:33,2018-07-05 16:34:40,2018-07-04 12:39:00,2018-07-05 15:13:43,2018-07-16 00:00:00
f06c19bf3191f1d176e8a11472b8f156,a79d3252e4c023b140a52486dcb0a916,delivered,2018-02-17 01:44:07,2018-02-17 02:07:56,2018-02-22 03:37:32,2018-03-01 23:12:09,2018-03-13 00:00:00
6b7c46dc34ed8ec1795b10a9c5213d61,150942330b6c45bba3d57bc1561229be,delivered,2017-08-06 17:55:55,2017-08-06 18:10:15,2017-08-07 19:02:50,2017-08-16 21:42:14,2017-09-04 00:00:00
88d149a2a3df0735f72b73e043f0bd13,17c806c1b700e6b9409959aeb544eac4,delivered,2018-05-14 09:08:22,2018-05-16 03:35:31,2018-05-16 14:49:00,2018-06-02 12:03:47,2018-06-08 00:00:00
38f4a7cbe99605d56e5ef45ab0547b80,b327ddd5ff19aa2c1b93989bfe4486ca,delivered,2018-06-11 16:49:06,2018-06-11 17:20:06,2018-06-12 14:04:00,2018-06-13 23:10:50,2018-06-26 00:00:00
5d1466f38183f13f22491a21c09982a1,e4371087909eb38cac3ee6c09832006e,delivered,2018-06-17 20:36:46,2018-06-17 20:58:30,2018-06-19 14:07:00,2018-06-25 23:54:31,2018-07-12 00:00:00
333fd556e66dcdb07b2081f258f42ece,5b14f89cd607c6251805e5506fa36fb8,delivered,2017-11-26 12:05:36,2017-11-26 12:12:33,2017-11-27 16:43:05,2017-12-05 23:51:13,2017-12-20 00:00:00
2709ee9d4fc363bd22b6bc782fa3668f,5e5da5412a9c2e535cf46f43cd8d8e4e,delivered,2018-06-03 12:26:37,2018-06-03 12:50:11,2018-06-04 15:34:00,2018-06-05 18:40:46,2018-06-29 00:00:00
2ab4524fd521bfb8a8ffc95ef44dd5ae,e1942da860849abd3a3425a102a2e18c,delivered,2017-11-21 17:37:08,2017-11-21 17:47:04,2017-11-29 21:39:04,2017-11-30 18:29:07,2017-12-01 00:00:00
2de6a73b60b6fb18004ea51e46bebc1d,589f178e3093bab9b9aa7bdbd96a369a,delivered,2018-05-14 01:37:42,2018-05-14 01:51:24,2018-05-14 14:58:00,2018-05-15 20:15:30,2018-05-24 00:00:00
215e5ab8d123b9e04a3c1185d90fe780,d1720c09f0e1fcf547f272d8b9c1fc67,delivered,2018-01-30 16:26:24,2018-01-30 16:52:45,2018-02-02 16:58:55,2018-02-24 00:33:02,2018-03-05 00:00:00
89ef28c964aac784a4030d38ae56fb60,5ebbf6dc4e62d0fc7e8391a75203ffea,delivered,2018-05-10 15:28:48,2018-05-11 15:37:50,2018-05-15 12:54:00,2018-05-23 16:22:38,2018-06-04 00:00:00
a25f8c8c17243276e72fca0857e94789,597eca837a19d2288235ca7df2966f4f,delivered,2017-12-06 15:28:30,2017-12-06 15:37:31,2017-12-07 15:48:38,2018-01-05 17:59:01,2018-01-04 00:00:00
7d4cd6551d37acb74e50b3acf0ea3b07,bb0faea38cea645a7755175bbadd6535,delivered,2018-08-18 23:38:42,2018-08-20 10:55:23,2018-08-20 13:45:00,2018-08-24 19:48:48,2018-08-31 00:00:00
591749138516fc08043a066ecc49963d,dcbe91bfb20f1a03cfdb25cc8800b590,delivered,2018-08-17 12:03:54,2018-08-20 19:10:05,2018-08-21 12:53:00,2018-08-27 17:28:48,2018-08-31 00:00:00
aad53ab538dea5e7315dca5fc140ec84,2b470412ecfced59370259be526106ca,delivered,2017-03-25 12:48:45,2017-03-25 13:06:03,2017-03-28 18:05:14,2017-04-03 15:27:38,2017-04-18 00:00:00
995c8dd1005727eb106998aab214e941,9c8238260ea546e75c56fc27c0fedfc8,delivered,2017-12-29 13:43:15,2018-01-03 04:18:23,2018-01-05 19:20:07,2018-01-12 23:52:43,2018-01-24 00:00:00
d9a9bc50c9da52930374f4884e3175f0,851085d7c3bb92c48e50fe2dcc8e9bcd,delivered,2018-07-03 17:50:54,2018-07-05 16:25:20,2018-07-05 08:16:00,2018-07-11 00:15:58,2018-07-23 00:00:00
dad38cc9bc5fe2b4a6febb5d1fc37443,3ff6f6e6874c814a1e3018464b6eb71a,delivered,2017-11-28 01:49:38,2017-11-29 02:18:32,2017-12-13 11:42:26,2017-12-13 19:09:51,2017-12-14 00:00:00
4d59685727333d1dbcbbcfd3f0795423,91b908a3599b613c9ebc32c50fcc1b3a,delivered,2017-05-29 18:49:51,2017-05-29 19:05:08,2017-06-02 10:48:01,2017-06-22 15:48:06,2017-07-03 00:00:00
5864c853e57402a64985156da5273233,d307d099d747f37ec262b7d886d422ad,delivered,2018-02-10 11:02:03,2018-02-10 11:10:24,2018-02-15 01:17:41,2018-02-23 15:56:55,2018-03-13 00:00:00
93e219b26fef634184aab97320ddeecb,84e07e0b715ea354e8c90d3ae8050d7d,delivered,2017-12-17 16:22:21,2017-12-17 17:18:36,2017-12-19 21:25:05,2017-12-28 21:25:29,2018-01-16 00:00:00
4a0e80769135f6a7ee952872fb2f7fc4,94e3bbb32ca95492eebcfc811695e965,delivered,2018-03-17 09:55:21,2018-03-17 10:09:02,2018-03-19 19:20:49,2018-03-24 02:32:10,2018-04-06 00:00:00
43ea1d83ee54086e26f0d9b65336975f,dd4fd143772aebd20cbc60b790d9db40,delivered,2017-10-22 14:35:01,2017-10-22 14:49:28,2017-10-23 20:42:20,2017-10-27 17:12:40,2017-11-13 00:00:00
1e098529b9705a78dba4c6b24ee2ef35,0f2893212c2c44df0fa30e9184006254,delivered,2017-07-24 09:33:52,2017-07-24 09:50:14,2017-07-24 17:32:56,2017-07-26 20:42:24,2017-08-04 00:00:00
b0db4e1bf966cf4e2b192e3d64044483,390195bb021426def386c8ecdc753ab0,delivered,2018-07-12 15:50:38,2018-07-12 16:05:59,2018-07-13 15:12:00,2018-07-20 18:25:36,2018-07-31 00:00:00
0ef3f9bef99a2c6430e0951e40cb8bf0,260a6304b9d1d23d0e52181a68272af5,delivered,2017-04-24 10:59:48,2017-04-24 11:15:11,2017-04-24 13:19:36,2017-05-05 12:03:34,2017-05-30 00:00:00
741657e2b9b6c4ee4cc84d86abb64158,6cced5e0fc9f4d0689d8e4d9906552bd,delivered,2018-06-25 10:35:08,2018-06-25 10:53:44,2018-06-25 14:57:00,2018-07-04 21:37:30,2018-07-30 00:00:00
de34a09fbecb667119c64e23d1232966,9bf0fff6e6ffd08c40f6ece6c20bf720,delivered,2018-06-08 15:29:58,2018-06-08 17:11:45,2018-06-12 14:15:00,2018-06-19 15:58:47,2018-07-12 00:00:00
fee26dd998861d207782234217b367ec,af1fbbcd3269883e60c418c309cc6d49,delivered,2017-09-25 19:58:46,2017-09-25 20:14:15,2017-09-26 17:52:36,2017-10-02 16:30:36,2017-10-30 00:00:00
bc69ce22573ef61da22888eb42b976d1,20c93ce4bf340f35b3d27d2219cc5937,delivered,2018-03-12 11:27:20,2018-03-12 11:49:02,2018-03-13 20:33:05,2018-03-28 18:40:58,2018-04-03 00:00:00
d9c51e8f2151f049f14ba77dfe8513b9,f849baffc31a2b2519ca2f66092fb39a,delivered,2018-08-11 16:41:06,2018-08-11 16:55:21,2018-08-13 15:25:00,2018-08-22 23:44:40,2018-08-28 00:00:00
0e5be31b9db540adad7d42899c64aa26,3d2b2cd45b02124cf195592ce4eefba0,delivered,2018-08-22 11:32:15,2018-08-23 08:35:21,2018-08-23 15:29:00,2018-08-24 20:31:49,2018-08-27 00:00:00
d07eb552f514f38f0107ee31243f8104,1cacaad02da03c1de0ac785137da2f6b,delivered,2018-08-02 12:06:13,2018-08-03 02:44:15,2018-08-03 12:57:00,2018-08-14 15:03:40,2018-08-24 00:00:00
7879a19dbf7ffa9e1063dfde96081185,c1d6df990d7abb2eb1d898aabb91c142,delivered,2017-11-30 15:46:49,2017-11-30 15:55:25,2017-12-04 16:33:07,2017-12-05 16:14:16,2017-12-18 00:00:00
8fdc42676c9c6c74c4f8f062b53ebafa,54545530685ab329b0d79c2e40ee3aca,invoiced,2017-12-03 21:20:17,2017-12-03 22:32:13,,,2017-12-29 00:00:00
f95d91071966bc70023eae0e1750c1fc,0f6ed132464fa43523a9bc602da44a85,delivered,2018-03-21 16:59:36,2018-03-21 17:10:31,2018-03-23 17:57:03,2018-03-27 21:36:30,2018-04-04 00:00:00
43eeba2441814ee8348a64e79749a290,a2e5b98ba9cb004814ab955f08d087d9,delivered,2018-02-20 16:03:09,2018-02-20 17:00:34,2018-02-24 00:13:58,2018-02-26 20:49:14,2018-03-13 00:00:00
dc92d883dd189c16557a2d1cea609de3,04b289fc410f311df1bd8235f4fac2e0,delivered,2018-05-02 14:31:59,2018-05-03 14:32:41,2018-05-11 15:29:00,2018-05-14 16:12:05,2018-05-16 00:00:00
8b50d4c9560cac1625c6fd9f536fc780,7372fb39ddd5b2bcfb9466a66fa69dd3,delivered,2018-04-24 21:34:35,2018-04-25 21:30:24,2018-04-26 07:17:00,2018-05-03 17:12:37,2018-05-22 00:00:00
f06876678e6f65feb46836d048f45a85,d52be8e3821283b0592f231cb6285b92,delivered,2017-02-02 20:04:43,2017-02-02 20:15:11,2017-02-03 12:33:35,2017-02-10 11:12:22,2017-03-06 00:00:00
b0cb43bc4638d44188430b7d42b35866,574c519c49cd1be818c075ed1ca5c6e6,delivered,2018-07-31 11:08:37,2018-07-31 12:31:14,2018-08-02 12:46:00,2018-08-08 16:26:52,2018-09-04 00:00:00
e8188a465bf2cff57576b4f077a7f403,04ff7a6a7ef36f6d4f0b6812463966bc,delivered,2017-02-19 10:18:48,2017-02-20 22:15:17,2017-02-22 13:05:42,2017-03-13 15:07:46,2017-03-31 00:00:00
74f97c26dd08c947570e01f5cf989793,38e131e11657d1c4a7c06e6962b9b5d5,delivered,2018-04-11 11:30:37,2018-04-11 11:50:12,2018-04-11 22:38:41,2018-04-20 14:32:48,2018-05-17 00:00:00
e9eaf8cbf7546d64273758c441ff8706,71de53405a26e7fdc3ebecb310220f70,delivered,2017-06-04 17:22:51,2017-06-04 17:30:23,2017-06-05 14:59:50,2017-06-07 17:37:14,2017-06-29 00:00:00
a0267eb49a1d3b71422c95ea1c0dd12e,bc80b4e6fc53eccd155fd449dbefda27,delivered,2018-04-06 15:01:43,2018-04-09 07:55:18,2018-04-10 00:04:25,2018-04-20 02:08:29,2018-04-27 00:00:00
947857fc478a90e909d7e3d4b2b9dfb3,1a638e2556f263ac0094533ef5a75586,delivered,2018-06-01 10:10:44,2018-06-01 10:31:47,2018-06-04 06:05:00,2018-06-13 20:03:19,2018-07-11 00:00:00
6dccfb3ecc8d480f75f2b28c745a30fd,a271f133c963082ed1c5e69bc0deb70e,delivered,2017-10-26 00:04:59,2017-10-26 00:28:08,2017-10-27 20:13:44,2017-11-10 22:47:57,2017-11-30 00:00:00
7def21d4295cb8526b988f3c693df9ec,7d1c76da6abdbfd705abdc8213050c3d,delivered,2018-06-12 11:31:00,2018-06-12 12:00:56,2018-06-13 12:02:00,2018-06-18 16:13:02,2018-07-16 00:00:00
e19d1a3f0ecd42e0ae3c3f37c6823270,875686e08e7fa3f3e9387d2817f509c4,delivered,2017-05-14 18:32:06,2017-05-14 18:45:16,2017-05-15 10:27:50,2017-05-22 14:16:41,2017-06-07 00:00:00
0b87d9e59c7c19b041fe36e77aa33a42,70b9a93d19b044822d5e5af9e673f250,delivered,2018-05-16 11:25:37,2018-05-16 11:35:24,2018-05-16 13:41:00,2018-05-22 17:28:30,2018-06-08 00:00:00
f2e15e1de54cd372765716e6bbd61fa5,f84ec40a029590cc02022cdcc711d322,delivered,2017-02-04 11:45:03,2017-02-04 11:55:21,2017-02-06 12:40:14,2017-02-09 20:37:34,2017-03-09 00:00:00
cd9f7b10571863a4339b5ccdd2365f2f,09a1d8d34896cc9569f3019eb0adec48,delivered,2018-02-21 16:06:32,2018-02-21 16:16:15,2018-02-26 20:44:24,2018-03-23 15:58:58,2018-03-13 00:00:00
ee6c9efbbd90c63c4f1a545b9332032b,7bb2e1915001b30dda3466d6c81b2265,delivered,2017-02-04 00:44:29,2017-02-04 01:05:37,2017-02-07 08:53:54,2017-02-22 01:54:02,2017-03-21 00:00:00
6149716112b7db1b76332e704d944cbb,9d230297f9a4605495215839109905b0,delivered,2017-08-24 17:13:53,2017-08-25 02:55:22,2017-08-25 17:39:01,2017-08-28 19:47:51,2017-09-14 00:00:00
b11fba7d4e0cad817d24e2c77032fa0a,d9916b700aca9e5f6b62ae0b61d90f46,delivered,2017-07-19 11:42:11,2017-07-20 02:25:55,2017-07-21 15:22:51,2017-08-02 18:33:45,2017-08-10 00:00:00
031530e9ab00574597b21443baa61f08,447e29ce729f67ed9ad316e8fba96adb,delivered,2018-03-03 10:25:35,2018-03-03 10:35:45,2018-03-06 02:24:52,2018-03-15 15:30:44,2018-03-26 00:00:00
78878e13ac39d33f3ef0e3aff752ccae,1f6ad5de3039e7bb46446ae9db9e44ff,delivered,2018-04-19 13:08:49,2018-04-20 07:15:27,2018-04-23 15:52:03,2018-05-02 16:02:44,2018-05-22 00:00:00
4bd15305c0c5f4d4d82b85f163b53954,f90f26ae5ceccfc421ea191d8e72e054,delivered,2018-07-29 02:55:34,2018-07-29 03:10:08,2018-07-30 17:52:00,2018-08-01 19:32:17,2018-08-08 00:00:00
54811adf8b498ae84eb8bef759873054,ed07761f61ae4f4d800e246d995584dd,delivered,2018-04-25 16:36:49,2018-04-25 17:12:46,2018-04-26 14:11:00,2018-05-02 16:48:24,2018-05-29 00:00:00
26e388ebc7a8a0fa0998ad6cc4755bec,efc99d32a78cfb0bb489007a27da2c6e,delivered,2018-07-12 09:28:43,2018-07-12 09:46:04,2018-07-23 17:05:00,2018-07-26 21:57:53,2018-08-17 00:00:00
61a6a9d66675969c4d37daae6bb0e30c,e363c2f43b09487b351bc2cab0eeaf1b,delivered,2018-02-17 01:23:02,2018-02-17 02:07:44,2018-02-19 13:28:57,2018-02-28 00:26:57,2018-03-22 00:00:00
01d80471e02a3ba49c8e1d0abc2c1a64,3106fe6ef3e7aa3053de377e22826161,delivered,2017-05-03 19:35:37,2017-05-08 23:32:30,2017-05-08 15:45:00,2017-05-16 13:11:49,2017-06-02 00:00:00
db811126381db2d82359d6872e2dacf4,29ec4290a002cc0a65ff669b7a61679f,delivered,2017-10-16 18:42:21,2017-10-16 19:40:11,2017-10-18 22:13:24,2017-10-23 19:42:23,2017-11-01 00:00:00
94464ba991f95b4699391b7759c29860,5051bdd00c23a04190dce73c99b4b383,delivered,2018-04-25 20:02:02,2018-04-25 20:31:28,2018-04-26 14:32:00,2018-05-14 21:58:44,2018-05-30 00:00:00
b5f68b1732839c0619cd9997360667b4,8af54e32ff7637cabbca5d77f6b5cdb4,delivered,2018-05-13 19:01:14,2018-05-13 19:12:44,2018-05-15 07:55:00,2018-05-19 16:40:39,2018-06-08 00:00:00
da7d3c6c66e6838cfb5b2ec2df177a57,691ed9d19188cfaa545496993fc8e907,delivered,2018-05-18 11:16:57,2018-05-22 09:14:33,2018-05-22 09:04:00,2018-06-07 18:58:25,2018-06-08 00:00:00
bf1e7cb733b5f8b20f249a57e21532e9,2d763d0f57fa03aec2dff29afef963d7,delivered,2018-01-27 22:01:42,2018-01-27 22:12:59,2018-01-30 18:08:50,2018-02-07 12:14:33,2018-03-01 00:00:00
2ed2bc9ea8f27ee7a45a3434b042272d,143a4083c98eed4151715356aab75996,delivered,2018-03-21 21:47:51,2018-03-21 22:08:33,2018-03-22 18:38:49,2018-03-23 22:22:04,2018-04-03 00:00:00
f35e931a720c89ba31489a6f86fbf985,58c0558cb537c7099b095b9f637b0709,delivered,2018-05-15 15:04:26,2018-05-15 15:15:26,2018-05-16 14:02:00,2018-05-21 15:29:52,2018-05-29 00:00:00
2e0b5c286e103111a7b4ecfdfce4f8dc,3a35a54bc346f48448704099ddd58107,delivered,2018-01-06 15:46:59,2018-01-06 15:57:22,2018-01-10 17:48:47,2018-01-12 14:56:02,2018-01-24 00:00:00
87feaeca6b457d3cc9129c26a4c71f63,4032cde8ae95228972fedbfbb48bf6a1,shipped,2017-12-27 21:59:20,2017-12-27 22:08:21,2018-01-04 20:32:14,,2018-01-29 00:00:00
f747f82cd6f4094876b1df81c7a50145,0f5d8af8e5807e8994a2c60d4b6b15a6,unavailable,2017-02-22 10:06:32,2017-02-22 10:22:33,,,2017-03-27 00:00:00
ba22a1fb553e3c6597c8c25d6478df2e,12d53177e4683bebc84096c140330369,delivered,2017-02-18 20:50:28,2017-02-18 21:25:54,2017-02-22 10:07:38,2017-03-02 10:14:29,2017-03-21 00:00:00
87bced03e631b959304311f077bfbe31,d2d7f7fc293b9394c24bea4a21d7cf12,delivered,2017-02-07 13:36:45,2017-02-07 13:50:15,2017-02-08 10:44:38,2017-02-13 16:05:34,2017-03-02 00:00:00
2dfceb6a6d47a3835536db64f6c610a7,d4aa842316467bde3b41ece4b5698704,delivered,2018-02-26 19:56:58,2018-02-26 20:15:20,2018-02-27 23:08:34,2018-03-01 15:57:33,2018-03-16 00:00:00
2c03309b2a52be289e66346a5da41209,2ee264a9765858722d6ccb1442b4a5be,delivered,2017-09-29 19:30:05,2017-10-03 06:35:03,2017-10-06 20:26:51,2017-10-19 19:52:39,2017-10-26 00:00:00
0b9705637e1c3ef0cc684ae4f190964b,11ad0ff67b7fb20bdddb437c0f60301b,delivered,2017-11-01 20:19:48,2017-11-01 21:31:23,2017-11-03 20:57:35,2017-11-10 18:04:48,2017-11-22 00:00:00
aa94e99bd2554aa3be1d546206cfe48d,bd62221e6e011f8811afc467e5a647e1,delivered,2018-08-11 18:30:27,2018-08-11 18:45:17,2018-08-13 12:53:00,2018-08-24 20:18:44,2018-08-21 00:00:00
896128ba70225c31859100341b20b186,0ba85ee41203875bced1c7d0a4102867,delivered,2018-04-25 13:10:47,2018-04-25 13:31:48,2018-05-02 19:01:00,2018-05-07 10:28:59,2018-05-22 00:00:00
dc952dba5b4ae9cc2ea0eb4757f0cdd0,7dc0de733b2e5f365577ec1440bb762e,delivered,2018-08-06 18:30:57,2018-08-06 18:44:40,2018-08-09 15:57:00,2018-08-16 12:13:01,2018-08-16 00:00:00
287e90d08a100fd2ecbfd8a82dddad5b,7d1219e8f53f6b445b3d230c0794e337,delivered,2017-05-11 14:39:53,2017-05-11 14:50:17,2017-05-12 11:14:30,2017-05-22 16:13:36,2017-05-31 00:00:00
8256729fe396aa16538e1790e33851f9,1ae5b5f2987e8d7e83a89a72a178e307,delivered,2018-03-26 12:26:23,2018-03-26 12:47:28,2018-03-27 01:19:33,2018-04-21 15:28:42,2018-04-13 00:00:00
e6e2049ec5847e14fd9898496125c8b9,39a2dc3d0040d4fe058e9578715ff9e9,delivered,2017-11-24 14:33:38,2017-11-24 16:34:49,2017-12-22 20:22:22,2018-01-04 14:34:18,2017-12-14 00:00:00
5c4e4e1d3abaee058758731094e9a7cc,2b60fa486873939bde1170b15b8ac6ac,unavailable,2017-12-04 10:49:52,2017-12-04 16:32:05,,,2018-01-04 00:00:00
011375f941b3695c3c3ee58bfe0d3655,03d804d4d3e76cbac2fdec148e8d2742,delivered,2017-09-23 17:59:17,2017-09-23 18:26:33,2017-09-29 23:36:55,2017-10-06 19:05:13,2017-10-18 00:00:00
f5fb033cb83c2cd5df7b7fea30ae0cbd,37609553fb8663b9b04b87c3d4f0e98c,delivered,2017-12-21 19:04:35,2017-12-21 19:13:25,2017-12-22 18:59:19,2018-01-03 18:07:09,2018-01-19 00:00:00
251de75257803bd25352975324ff2c64,65e444319579c6e8203cc88c1b8572d6,delivered,2018-04-01 16:53:25,2018-04-01 17:35:10,2018-04-03 14:48:39,2018-04-06 17:22:07,2018-04-18 00:00:00
ed4702d5c64be8a78291b25080218bea,103dc45e4f414114157866ba8cab9fd7,delivered,2018-05-07 18:38:57,2018-05-07 18:55:23,2018-05-10 18:29:00,2018-05-16 22:11:53,2018-05-29 00:00:00
1ce796ffd3b96e287899e429b44c0e3a,cdd251ceab48c424c2050a90555182ce,delivered,2018-08-17 21:02:19,2018-08-18 21:10:25,2018-08-21 13:33:00,2018-08-24 22:18:49,2018-09-03 00:00:00
aafa42c99c04de8208303c4dcf9a4e4b,9ba3e5e41bcce8de62bb57563aeb6086,delivered,2017-11-06 18:58:48,2017-11-08 03:35:30,2017-11-09 13:51:36,2017-11-20 19:18:37,2017-12-07 00:00:00
bfb369fd1877d8e3192f79562eacb5e8,752962c47169192a0f438cf9addb0dc5,delivered,2017-08-02 15:01:48,2017-08-03 16:10:20,2017-08-04 22:13:56,2017-08-09 20:39:49,2017-08-23 00:00:00
76c72bbed910cb530e30f5ad32119c62,83bbe9536e41c6030e18624172af90e8,delivered,2018-03-11 08:53:49,2018-03-11 10:55:53,2018-03-15 20:27:26,2018-03-21 22:02:27,2018-04-02 00:00:00
7ae0330e067654a1a8748925bcac88be,69dc48c531f3fa0a8b09e881dead8a5e,delivered,2017-09-03 09:45:42,2017-09-03 09:55:15,2017-09-06 17:13:01,2017-09-14 17:17:59,2017-09-29 00:00:00
feddddfdc57fdeb9137220406b82439a,aa1922a8ba370a11a86c1ad869c9f370,delivered,2017-12-15 10:16:57,2017-12-15 10:33:38,2017-12-15 21:44:58,2017-12-27 22:10:50,2018-01-16 00:00:00
e8d058928dd8b2837ef82db983c5f1d7,68aac507de4c0f73c322d085b709741a,delivered,2017-05-30 14:19:50,2017-05-30 14:43:30,2017-05-31 01:17:46,2017-06-01 13:33:36,2017-06-20 00:00:00
ba2effd965d1fc79dbcaa17d401b3c99,8ad04bff9d06c103ee398afe6d4a0cb4,delivered,2017-12-20 20:52:57,2017-12-20 21:10:26,2017-12-21 18:26:07,2018-01-03 21:34:36,2018-01-16 00:00:00
d29eb05d12b969d233bcde0c248597f3,0d5d92c27f1a3643f7cf88482dcd1d3e,delivered,2018-03-09 20:27:39,2018-03-09 21:31:49,2018-03-13 18:21:42,2018-03-21 21:53:40,2018-04-02 00:00:00
0b517c01a5b46fd3e16b389ea6f4ad3a,e8adfcdd079a803f2f9852ea1e27cc4c,delivered,2018-01-22 17:51:00,2018-01-22 18:16:28,2018-02-06 20:13:13,2018-02-28 18:52:28,2018-03-12 00:00:00
aab7b04f45546e03e7c86b9e8f12368e,23549dc8454087a9e2266d05c5de7602,delivered,2018-02-22 23:12:56,2018-02-24 02:55:41,2018-03-15 01:08:32,2018-04-11 17:51:25,2018-03-22 00:00:00
c276a6bf017d697f864fa8b703ce1b36,d86e410f7ace870f0d296c5f4a340f87,delivered,2017-07-18 01:16:22,2017-07-19 01:20:14,2017-07-19 18:11:48,2017-07-21 12:14:27,2017-07-31 00:00:00
4b918a356d581c76170acb5f5644e79f,2c10d6573171ca0c4b464ce27770eb12,delivered,2017-12-30 13:26:25,2018-01-02 09:31:57,2018-01-04 15:15:29,2018-01-09 22:41:23,2018-01-26 00:00:00
b2c336b44ecbf140c6eb570121e4d7e9,6af0b82f0af4a35310b46157a9b4e71c,delivered,2017-07-18 22:54:16,2017-07-18 23:10:18,2017-07-24 21:23:45,2017-08-01 21:13:27,2017-08-21 00:00:00
b9032353fde3f5b180ffe6b573c61cca,dd65bd0dae19b58d470707590360f1f6,delivered,2017-09-15 21:38:25,2017-09-15 21:50:15,2017-09-18 17:57:41,2017-09-26 22:13:34,2017-10-09 00:00:00
fc3de87b923f14c3605e6a0fb08882b1,8502ce27e2ea63b7a6f45a3c00f82f76,delivered,2017-11-05 21:02:37,2017-11-05 21:10:33,2017-11-06 19:51:33,2017-11-18 18:42:56,2017-11-30 00:00:00
139f0fd024db90e226eaf668da4f5f91,dc294f893f3a7465755fd2233ac574bc,delivered,2017-10-12 16:51:36,2017-10-12 17:15:31,2017-10-13 17:39:13,2017-10-19 17:58:56,2017-11-03 00:00:00
6b46cdd08224cbb894ae376f13c7062b,b8ec9a7ec8c749032875121b1eb2270f,delivered,2018-04-16 22:20:13,2018-04-16 22:32:37,2018-04-19 16:32:57,2018-05-04 22:21:15,2018-05-15 00:00:00
a6eace8d7affa686ec69d39f9c4c348a,4bfb2494e1e38f25d36f128b44a04e06,delivered,2018-08-06 22:00:02,2018-08-07 21:55:19,2018-08-08 14:22:00,2018-08-28 19:11:37,2018-09-14 00:00:00
6b99adce753cfb426a4f523b7b023185,3f90a07d2a7219021eb477703a14f817,delivered,2017-08-14 23:34:36,2017-08-15 00:44:09,2017-08-17 20:17:32,2017-08-22 18:09:25,2017-09-01 00:00:00
87a5815d49ea848c69d0d3227c5699cd,b5f3216609f09adaeb8d89a4de5057bf,delivered,2018-04-26 22:03:32,2018-04-26 22:15:23,2018-04-27 12:33:00,2018-05-13 12:27:34,2018-05-18 00:00:00
3fe0550ff13606fe21abb5e1fc426a20,7b75c3c106052a5a4a6f8b95e794f0e8,delivered,2018-02-05 08:28:16,2018-02-05 08:35:25,2018-02-06 14:58:51,2018-02-28 23:07:28,2018-03-07 00:00:00
45b1b3b169e059058cccd3eed24aa5cd,6f8fabdb68a6ad9c7f5d49413e65f46d,delivered,2017-11-21 13:00:21,2017-11-23 02:33:58,2017-11-23 22:10:29,2017-11-30 02:21:32,2017-12-21 00:00:00
5296a60e3eef35a29bfacb328de58d94,347d2d46e041e08671c945edaa69b28a,delivered,2017-12-02 22:02:19,2017-12-02 23:31:26,2017-12-06 19:29:27,2017-12-17 16:22:49,2018-01-02 00:00:00
a08da8f76f26fa82d1f0b71dc96088f0,1b6a91170099fdf2d39ef5bc066e38ec,delivered,2018-07-16 20:46:10,2018-07-16 20:55:28,2018-07-18 10:12:00,2018-07-26 11:26:56,2018-08-09 00:00:00
7195ea0d4c4e0e38d3d73002b6d9afd2,415b55e1665311edb2b5a80ecb608dc9,delivered,2018-04-25 16:28:05,2018-04-26 16:55:47,2018-05-09 15:00:00,2018-05-19 00:41:43,2018-06-05 00:00:00
394907a7e0a1e9aec1cda252b4548179,ac91864806bf82d33d665fe207af3ac4,delivered,2017-11-15 21:17:08,2017-11-15 21:27:33,2017-11-24 18:38:51,2017-11-27 21:42:21,2017-12-05 00:00:00
c58118a3ddd13cf8d8ed345485f5ba28,37bfa4d2789f73ee5dede363eca1d3e3,delivered,2018-01-19 10:38:55,2018-01-19 10:55:46,2018-01-19 19:52:27,2018-01-26 20:45:34,2018-02-09 00:00:00
b40ee43d69ef05a0fcd620401e329efc,5e482d27396e900d40249797158c5507,delivered,2018-08-01 22:24:04,2018-08-01 22:35:22,2018-08-02 14:24:00,2018-08-03 17:47:35,2018-08-07 00:00:00
4e19d5224178c861043985f3f63fed27,20e25c40b1cdd5ac516a4c74309b327a,delivered,2018-08-04 10:37:23,2018-08-04 10:50:10,2018-08-06 11:06:00,2018-08-09 20:47:51,2018-08-14 00:00:00
e6973efb7531da53045bc278f46665f8,79153fe008151c401cc66931835b78c6,delivered,2017-11-28 16:07:11,2017-11-28 16:18:36,2017-11-30 18:23:43,2017-12-06 20:22:11,2017-12-12 00:00:00
589933ac523b325d3739a6540f7f6715,036a5ec4de2e7e95d1bac6ba6cf5b327,delivered,2018-06-24 20:29:34,2018-06-24 20:54:52,2018-06-25 14:46:00,2018-07-06 15:32:10,2018-07-27 00:00:00
08d55e35f34806d85f4d99b62297e578,46c2fcd47be22a210f709e1cf4964ed2,delivered,2017-05-16 12:02:02,2017-05-17 13:05:20,2017-05-18 12:01:35,2017-06-01 10:56:43,2017-06-16 00:00:00
01725657be56c432d5aaa2f914ae2c56,d21e2497e6b83b755f5e6f4c8d159ed8,delivered,2017-10-17 08:52:14,2017-10-17 09:07:28,2017-10-18 10:40:07,2017-10-24 20:23:01,2017-11-08 00:00:00
55f2d8cb4b644ca9cc2da77732fd1117,c45d972653c58a5c8e83032f8749401d,delivered,2017-10-15 13:56:49,2017-10-15 14:14:18,2017-10-19 17:45:06,2017-10-20 17:51:53,2017-10-26 00:00:00
b9ea5c162239db0802dc052780f572c9,f5e54d73deacd8b5b2f5cb8558ec7059,delivered,2017-07-19 13:44:39,2017-07-19 13:55:15,2017-07-20 19:52:44,2017-07-27 20:57:49,2017-08-14 00:00:00
89c88883c8357590eb4ba9775221fa85,3b8e59b4dd459417692c3d9e1232f450,delivered,2017-11-28 12:01:19,2017-11-28 12:16:39,2017-12-01 14:08:33,2017-12-13 20:07:57,2017-12-29 00:00:00
01d5897e2c8a23b37ec65e0e72fbe956,f36f2bd8be3b6c261d6390939cb24620,delivered,2018-04-06 11:45:09,2018-04-06 11:55:19,2018-04-10 21:21:11,2018-04-11 21:46:53,2018-04-24 00:00:00
a19d3fedf94faa61bd1358631200e748,08b24593d911d9c0cdd1ba943a7a0cea,delivered,2018-08-23 01:11:48,2018-08-23 01:25:08,2018-08-23 16:26:00,2018-08-24 13:04:40,2018-09-11 00:00:00
3f50858a49c788f7633204f2fd7bf63f,b5d131af7951f37c72c8439e2eb9bf0b,delivered,2018-04-08 18:40:10,2018-04-09 18:35:17,2018-04-10 20:56:47,2018-04-25 20:48:56,2018-04-26 00:00:00
05da04fd9f94dfb49fd643216d2cbe1f,8dc1b1a511cd62c200c437fb43d2246e,unavailable,2018-01-04 11:33:15,2018-01-04 11:48:55,,,2018-02-01 00:00:00
b512ddc51c7e887830f3e11d3a4d0f9f,0e906c073c9418e8341f112d62703d7e,delivered,2018-07-28 21:59:02,2018-07-31 03:35:19,2018-07-31 11:32:00,2018-08-07 00:04:16,2018-08-22 00:00:00
8bc56c2bd5d8abe887ee0e3ec84a5c66,2ad23c1ae8b1bd75624c1c1874f1fd6f,delivered,2018-08-23 16:52:37,2018-08-24 08:30:14,2018-08-24 14:55:00,2018-08-29 17:46:36,2018-09-20 00:00:00
2d5058747a7287ed0678a7d65af01329,656a9a2137ff69e7b9f566af06069db7,delivered,2017-03-14 17:16:20,2017-03-14 17:16:20,2017-03-16 14:44:47,2017-03-28 14:35:12,2017-04-04 00:00:00
bb31e0bc46d4bf098ba2bea9092a59f1,89e206778d5691ee3bbe40bc2f6bb541,delivered,2018-07-27 20:07:41,2018-07-27 20:24:25,2018-07-30 10:56:00,2018-08-10 21:46:32,2018-08-16 00:00:00
27514105d8e0e8c947e55e04d00037a8,cce0ba687bf831df6a61c35720377ea6,delivered,2018-08-20 18:49:47,2018-08-20 19:09:55,2018-08-21 12:06:00,2018-08-23 21:18:39,2018-09-04 00:00:00
9f792c846e897702e89fb06829be1b0b,827cbe2af76bd50839030b7576d704e8,delivered,2017-09-13 23:41:20,2017-09-13 23:55:10,2017-09-19 16:44:57,2017-10-19 20:13:51,2017-10-06 00:00:00
944b3e66113a84e8e19010f5bf2701c4,3f34cbecc617815bc8418b236ae3065b,delivered,2017-03-29 11:15:45,2017-03-29 11:25:14,2017-03-31 12:32:31,2017-05-24 14:42:26,2017-04-20 00:00:00
8880101bd698b1b1c4d7f46a246c620d,8ba2ae86c5eea9ed1d54c74edd708364,delivered,2017-08-23 17:33:51,2017-08-23 17:48:47,2017-08-24 19:28:47,2017-08-28 21:52:24,2017-09-15 00:00:00
2819ec2a16c2a605c9f8662af33e1977,0e947f9fa7d3390ea3a8bd2499967679,delivered,2017-08-21 14:22:59,2017-08-22 04:15:55,2017-08-23 13:53:24,2017-08-29 19:06:58,2017-09-27 00:00:00
a9cbf21f2b8f64fff679d8e4e0c838c2,6c66e2071e5f03bed32caffdfff49061,delivered,2018-07-09 20:42:03,2018-07-09 20:55:29,2018-07-10 12:30:00,2018-07-13 17:32:13,2018-07-24 00:00:00
f37f105aa1128b56962047c8bd46b4a2,7da7de34bdf57bec6ab555adf3c8a356,delivered,2018-02-18 08:35:38,2018-02-18 09:35:29,2018-02-21 21:03:45,2018-02-22 21:09:56,2018-03-06 00:00:00
81fd7eecfe5e2fdb7788d4dfd3283f23,5248cad808d81e452e3dcbf7904d2a40,delivered,2018-07-10 15:43:01,2018-07-10 15:55:18,2018-07-13 12:46:00,2018-07-21 00:58:38,2018-08-17 00:00:00
c660221edd9f1170175ce048f14b6003,62df8cffaee82da991fa157039a84ff2,delivered,2018-06-12 16:04:11,2018-06-12 16:50:39,2018-06-13 08:23:00,2018-06-20 19:59:33,2018-07-03 00:00:00
0eae12a41feb1afc14ffe3ec81feb168,e4fdc57877b01294d35391436f6c1a2f,delivered,2017-07-18 15:19:37,2017-07-19 15:25:15,2017-07-20 17:48:43,2017-08-03 18:57:55,2017-08-11 00:00:00
58293f63cf0304768ab4811c0f4dbe17,8b0be9bfc47dd1771ba01b85951aa770,delivered,2017-08-01 21:55:55,2017-08-01 22:25:17,2017-08-02 16:32:31,2017-08-12 14:57:00,2017-08-23 00:00:00
2889d7816934298a0f5a4a30ef3ffbc7,494fb0bd072cd8ccf901962d207864a8,delivered,2018-01-28 18:28:32,2018-01-28 18:50:15,2018-01-29 17:19:01,2018-02-22 18:39:03,2018-03-22 00:00:00
ba81383846b0b6c97b5160f986fa3707,18e4dd593a3162753b5c6081fb581862,delivered,2017-07-29 21:51:40,2017-07-29 22:05:23,2017-08-03 20:39:42,2017-08-24 19:37:28,2017-08-18 00:00:00
bd6d3b7e4f942dff1e9731788271d31c,ddb0847704f64266c5ebe285ce0a79fe,delivered,2018-07-24 21:32:43,2018-07-24 21:45:45,2018-07-25 10:13:00,2018-07-28 05:29:30,2018-08-06 00:00:00
eb36186e43652c37fe13774f77e7271c,227479d882d32260a182a621faeb2bc3,delivered,2018-04-27 19:46:52,2018-04-27 20:10:57,2018-04-30 07:24:00,2018-05-07 22:53:45,2018-06-08 00:00:00
a050701f6d3065c5615ffaccf27ec567,7e2637810f18996f6578e128406a08a8,delivered,2018-08-18 20:19:40,2018-08-18 20:35:13,2018-08-24 13:24:00,2018-08-30 14:51:09,2018-09-10 00:00:00
0d6a64885a982f58d718b69ccab80755,60a4a920e3446d6063f64a583716a516,delivered,2017-07-20 11:44:01,2017-07-20 11:50:25,2017-07-22 14:07:18,2017-07-24 16:27:37,2017-08-04 00:00:00
93b3fec4ab5648e985ee7e781e0e1b6d,5af98f1851ab9a8e9e8f94d35f8fe478,delivered,2017-11-17 15:31:33,2017-11-22 02:47:28,2017-11-23 21:58:53,2017-11-24 21:51:33,2017-11-30 00:00:00
afc72297ba4fcad6dd5bbd73e9cfa715,75f96f9198e17d73fcdb956190b6bae8,delivered,2018-02-24 22:12:53,2018-02-24 22:30:41,2018-02-26 23:38:10,2018-03-05 15:33:21,2018-03-27 00:00:00
ba6a0a51f6852a4e562acc5feb6ca75e,d5963ef8d85391ac76157ec238ecfe6b,delivered,2018-06-12 14:14:08,2018-06-12 14:46:10,2018-06-12 13:50:00,2018-06-19 17:46:35,2018-07-05 00:00:00
3d28169cfef7d5273f7a6f7b1597f2ee,643b1660b79ac0af253ac10104f20427,delivered,2018-07-25 13:51:24,2018-07-26 03:10:26,2018-07-26 15:13:00,2018-07-27 19:13:23,2018-08-02 00:00:00
e51a9885ddaf8cc8e4a5f760fa7992bb,3dcbd63311cf3959c5a02ad4a923b714,delivered,2018-08-06 21:13:55,2018-08-06 21:25:19,2018-08-07 13:31:00,2018-08-18 00:21:53,2018-09-06 00:00:00
6b790716c732ae58171749841011d3bf,5ad00fc41f0c73546227681216f7df04,delivered,2018-06-27 09:48:32,2018-06-27 11:06:25,2018-06-28 11:23:00,2018-07-05 22:32:44,2018-07-27 00:00:00
4044d99051c9cd7f9f00188ac0c829f2,3e4587cc2ed066dec42316af7e29c95f,delivered,2018-05-30 02:19:29,2018-05-30 02:35:11,2018-05-30 14:51:00,2018-06-11 17:23:41,2018-07-13 00:00:00
de1404a068c6c8c909897886a314bad7,5116eacd8d620b734c26a0f04e19b60a,delivered,2016-10-04 15:12:18,2016-10-06 16:05:04,2016-10-18 16:13:50,2016-10-24 20:35:44,2016-12-16 00:00:00
ae4a905f158c49a81cd20d36a52ccc4b,80dceaacd607fe2959006b3796ad8a4d,delivered,2017-06-21 17:28:49,2017-06-21 18:32:58,2017-06-23 12:03:16,2017-06-25 08:02:51,2017-07-04 00:00:00
16a7204d840d81ed38a60b9539607280,9d992f2faf3d1ff0c2f25d12a0e09690,delivered,2018-02-27 22:16:25,2018-02-27 22:30:29,2018-03-02 20:12:43,2018-04-11 16:09:50,2018-03-23 00:00:00
0aa3718b7db60c5ebec88b485cb975db,aa6bbe83912aa4d9762752cf237ac30e,delivered,2018-07-13 01:11:10,2018-07-14 02:35:20,2018-07-16 13:48:00,2018-07-23 13:22:54,2018-07-27 00:00:00
c5c851cda96cf52bcdae7c0b6a803963,5424365f3a3a1983b91ed9a71997d18a,delivered,2017-09-17 11:21:14,2017-09-17 11:30:17,2017-09-20 10:36:11,2017-09-26 16:48:32,2017-10-09 00:00:00
e90d8a867960fe909ecb460cb3a9e4d1,6640e9f8151ad65f948011756c423e9d,delivered,2018-08-13 18:26:49,2018-08-13 18:35:26,2018-08-15 13:50:00,2018-08-20 20:58:25,2018-09-11 00:00:00
c32aa6c419d45714f23c9df96f217cc9,9f366b050522ce0b0a0642894cf42465,delivered,2017-10-05 22:52:23,2017-10-05 23:05:14,2017-10-10 16:36:58,2017-10-16 22:00:05,2017-11-07 00:00:00
fcf62e3aab276898567e4ab7e973417f,45fedf146203ef871bbcd56f99308d25,delivered,2017-06-19 15:17:49,2017-06-19 15:30:22,2017-06-20 12:19:49,2017-07-27 14:57:39,2017-07-13 00:00:00
24cf826a7c6a7038c6ec3a5173a4c78b,e5687fd6aa92cc5259ea61218a57e07d,delivered,2018-08-17 18:41:50,2018-08-17 18:50:28,2018-08-20 14:03:00,2018-08-29 15:12:36,2018-09-10 00:00:00
60243a953c19e3606e7757264ea2ad3e,1b520c220eb287288d456d947acec195,delivered,2017-07-09 20:46:12,2017-07-09 21:23:12,2017-07-12 20:03:37,2017-07-18 19:59:29,2017-07-28 00:00:00
a6ac9b2c62d9ecdcff51ae90bf85d448,1cb4c60bac8c08b0e68492046cda3f0e,delivered,2017-12-02 23:15:10,2017-12-02 23:45:57,2017-12-04 20:33:56,2017-12-11 21:27:55,2018-01-05 00:00:00
6a0d7306e3f0cccd85e8bffa052d05ac,5740fcbe18b3f9d163e8da1365619f50,delivered,2018-01-09 10:32:00,2018-01-09 10:39:24,2018-01-15 21:08:35,2018-01-22 18:03:35,2018-01-26 00:00:00
c43a1ac896c3a97a259af57ee8234ebb,e8b50ca21d06005cb154c363915124a7,delivered,2018-02-16 15:41:38,2018-02-16 15:55:35,2018-02-20 13:59:18,2018-03-01 01:44:35,2018-03-08 00:00:00
6affe3f16752393cba3cabe7d1731a2e,ee89679fe593f6d6ea420a3fac625110,delivered,2018-04-06 16:14:21,2018-04-06 16:29:10,2018-04-09 17:52:16,2018-04-30 22:27:48,2018-05-07 00:00:00
ec7aa10c8aeb4f2401199c40229fdbe4,191c6079fd74bb14301873023473bb9b,delivered,2017-04-25 15:05:13,2017-04-27 13:10:42,2017-04-28 13:17:46,2017-05-08 09:12:17,2017-05-16 00:00:00
4a1a527ff317ce92a076fa6aed06508d,4d32a98e390433a11d785b4078826807,delivered,2017-11-24 10:16:20,2017-11-25 03:34:03,2017-11-27 23:03:59,2017-11-29 22:57:09,2017-12-14 00:00:00
8e9049bcada2b3f54f57b50c14212597,26efa3c9bd249b238c241e06d41d89f7,delivered,2018-06-09 15:20:48,2018-06-09 15:40:06,2018-06-11 14:29:00,2018-06-15 19:02:13,2018-07-05 00:00:00
d931b40ce94a288787de6e568f9a76b3,1d0ded2f48df2b2bccec7f7cd8d2d17c,delivered,2018-06-07 19:21:36,2018-06-07 19:35:20,2018-06-08 14:23:00,2018-06-26 16:48:45,2018-07-18 00:00:00
263f3f7d242662e761668500f88a6e92,d0063dff607a2459fa4d56c823e718b6,delivered,2018-07-31 08:33:32,2018-08-01 03:31:45,2018-08-01 16:44:00,2018-08-03 21:28:56,2018-08-09 00:00:00
573b067a37070f89ee054b516f889171,2ae5618c6b6cdb298dccef0e69bc7850,delivered,2018-08-12 23:31:05,2018-08-13 14:15:21,2018-08-21 09:40:00,2018-08-29 16:03:18,2018-09-04 00:00:00
2b59ddd3b4175dd13033a71b56785a33,a192e83217022c634d89c73d018d8251,shipped,2018-08-18 11:59:18,2018-08-20 11:33:14,2018-08-23 14:57:00,,2018-08-28 00:00:00
bf912d30c6bc748c24a568e024cf1ec4,09740ab7c2513db9cf9e691b9266d292,delivered,2018-07-18 10:34:29,2018-07-18 10:45:11,2018-07-19 10:35:00,2018-07-20 13:39:33,2018-07-26 00:00:00
c89196f74a201cf6b6a9f51b860c1614,4da0ee944b4f4740831a82067b23e5dd,delivered,2017-07-27 08:42:43,2017-07-27 09:35:19,2017-08-07 13:58:11,2017-08-11 19:39:59,2017-08-24 00:00:00
4921567919029aa0950f3ebec0f91169,329970820ec5088911fd6d9c1926a73a,delivered,2018-06-17 22:38:30,2018-06-17 22:58:57,2018-06-18 09:24:00,2018-06-22 19:32:26,2018-07-13 00:00:00
925f350ec2562f25e3431c97c2c1546d,de7f63b58b9b21f0a8301ddce1e9f2fd,delivered,2017-10-16 16:31:53,2017-10-16 17:08:29,2017-10-23 17:15:42,2017-10-24 19:46:57,2017-10-26 00:00:00
326a3f53e1327657d03e8ed95ffe5578,1eb99a314855cb67eeb7e425572eeff1,delivered,2018-08-16 20:32:56,2018-08-17 20:31:02,2018-08-20 11:45:00,2018-08-23 18:48:47,2018-09-06 00:00:00
156d020e7c34fa12b2b61a68ba9c7c0e,7128153a5176fa37b2c282b24cea3119,delivered,2017-07-02 14:22:28,2017-07-02 14:35:57,2017-07-03 15:18:02,2017-07-07 19:19:43,2017-07-17 00:00:00
949e04ad7b67b1179b05d59b92beb7ba,388c16174d067179735b31163cb72c21,delivered,2018-01-17 00:31:26,2018-01-17 00:39:30,2018-01-17 16:18:14,2018-01-29 23:12:09,2018-03-01 00:00:00
845318736fbca40fb55c8043a9871b90,26c63d25060ed07de984713416320179,delivered,2018-02-18 05:05:00,2018-02-19 14:50:36,2018-02-21 01:21:47,2018-03-02 22:52:34,2018-03-09 00:00:00
88131f6562db887981cc8ab363deb03f,0d05af7e5a21aa81bdc60f6cb6ae91cf,delivered,2018-05-18 14:14:07,2018-05-18 14:34:53,2018-05-21 15:02:00,2018-05-23 20:24:37,2018-06-13 00:00:00
c3c86ecc0f7508ffce2a4662f49d9d8b,76f4fa4aa87fa89b2ef1e17b86b425f9,delivered,2018-05-14 12:42:52,2018-05-14 12:55:25,2018-05-14 12:25:00,2018-05-18 14:12:20,2018-06-01 00:00:00
a20df1b1076ed252dc37fa9687207e02,172f6c5da4c886b4013514d6de6b44b8,delivered,2018-02-26 19:04:56,2018-02-26 19:40:32,2018-02-27 18:28:40,2018-03-16 17:58:54,2018-03-29 00:00:00
fdc0c4c2efc395cf5b80b60f573097cd,d691e507881083888d101b80911604bf,delivered,2017-11-08 21:35:07,2017-11-08 21:50:25,2017-11-10 20:28:57,2017-11-23 01:58:48,2017-11-28 00:00:00
65b9d1326dd31ba17bd31dd467acb777,84bc99d4fa96340d94e6adce31619cb0,delivered,2018-01-12 20:44:17,2018-01-12 20:56:27,2018-01-15 22:14:24,2018-02-04 17:14:32,2018-02-08 00:00:00
5cf9bee99b19ff8b30c36f0a4d3483ba,4ce2275dc1246c364f683d473ae3081b,delivered,2017-09-10 11:07:44,2017-09-10 11:23:20,2017-09-11 20:03:10,2017-09-25 20:23:12,2017-10-03 00:00:00
62cf6dda02445af325376ddf00bbcfdb,13ee665987aa0e4a0774873d690d1ff3,delivered,2017-11-18 19:08:27,2017-11-18 19:26:04,2017-11-28 17:59:48,2017-12-04 15:29:03,2017-12-15 00:00:00
44899a0a37e97bd716c345a12ad20bbe,8727f4771a4e25695244eaf3588dd8d0,delivered,2017-12-14 16:52:18,2017-12-14 17:13:05,2017-12-18 21:48:06,2018-01-05 17:38:25,2018-01-09 00:00:00
9cc025093e16276c24f5b98f3dc158a2,a81158b76309e2a18d9585b7bfcbde88,delivered,2018-04-12 10:51:20,2018-04-12 11:11:31,2018-04-12 20:51:51,2018-04-18 19:08:49,2018-05-03 00:00:00
7e1c037b1854670dd27cda995f9b11e2,22a3b0e62211d8e0e28e374ce3cb6041,delivered,2018-07-08 17:57:25,2018-07-08 18:10:13,2018-07-10 12:11:00,2018-07-11 14:31:42,2018-07-20 00:00:00
3f9c762e7f77ba31d50df651c8870d82,d5520f9b1f40475cb91eeef4956e3b13,delivered,2017-05-31 21:55:40,2017-05-31 22:05:13,2017-06-02 15:37:59,2017-06-13 12:38:56,2017-06-27 00:00:00
7ecd3c8715462334ddba2f8da3988873,c8f8de9bca7ad3bca4a27578b5f210b3,delivered,2018-08-24 00:01:48,2018-08-25 04:05:16,2018-08-27 14:54:00,2018-08-30 18:21:44,2018-09-06 00:00:00
9617fe1d020cfc23b838a49896e0f4e0,a6fc0381aeb367470f89e0fce611d4f7,delivered,2018-04-09 23:12:50,2018-04-10 00:36:01,2018-04-10 22:24:42,2018-04-12 15:05:58,2018-04-26 00:00:00
4f6c9a6e90735ece5281f9ed8b5d9b10,dddffccfa38bffb0c6e906c17678009e,delivered,2018-06-25 13:09:05,2018-06-27 08:30:18,2018-06-28 16:20:00,2018-06-30 00:22:10,2018-07-11 00:00:00
bddc45d741b0d84cbed088e1f1d47a81,5684f8bf0ee27f2003ba2380c4ba8b08,delivered,2018-05-10 23:06:15,2018-05-12 18:36:12,2018-05-16 14:59:00,2018-05-23 19:48:24,2018-06-05 00:00:00
310abfc7bfd9ed2e2a2ffd77256c284f,bfa622c5b6ee7f16225494a05952cb73,delivered,2017-11-23 21:29:03,2017-11-24 03:11:41,2017-11-24 20:24:48,2017-11-30 20:52:02,2017-12-18 00:00:00
130ad13d352ea9a42e192286ce0bb54f,5f2863912271f8d8b3cb7b772300fa7c,delivered,2018-05-04 22:43:20,2018-05-04 22:55:12,2018-05-08 14:35:00,2018-05-22 17:58:47,2018-06-11 00:00:00
73d180818896fc261f4c0939225b536b,e2aaac764021d16f6585598a89c5e583,delivered,2018-06-28 14:57:01,2018-06-29 14:50:16,2018-07-03 06:01:00,2018-07-05 21:33:38,2018-07-23 00:00:00
b3514348dbf9b6aa45556bb03f2728a9,3a832bedadec4eeb67d0942c8f2f37b4,delivered,2018-04-05 22:08:31,2018-04-07 02:48:04,2018-04-09 23:52:04,2018-05-05 14:41:37,2018-04-27 00:00:00
db59e4d919b738f6f1b8b9b56345b567,45c7a5fbacda5a0c424b9dab652b2e8c,delivered,2017-07-05 14:50:36,2017-07-07 02:45:21,2017-07-07 18:32:17,2017-07-19 18:49:24,2017-07-31 00:00:00
eee3e81a1085cef3ebf94c6f7999bd94,632c2bbc016c9251e9856147d786583f,delivered,2018-01-16 15:03:08,2018-01-18 02:11:40,2018-01-18 23:04:40,2018-01-24 19:28:43,2018-02-08 00:00:00
676e8e8f2f7d4d644019e9aac8b76ef7,963d351c455e0aa38af6e2628c4e6eb4,delivered,2018-03-21 10:40:01,2018-03-21 10:50:38,2018-03-23 16:42:30,2018-04-04 00:28:44,2018-04-19 00:00:00
0de53a4efa2bd4fabcf88a53d812bfd6,384de3712964dac9608be5ca37617e39,delivered,2017-08-07 15:13:13,2017-08-09 02:56:00,2017-08-14 14:46:53,2017-09-18 16:57:57,2017-08-25 00:00:00
0259ec3c458d0e8c7564647a42408fa6,7c91fa46908712a478a20deaf86252bf,delivered,2018-03-14 08:53:31,2018-03-14 09:08:20,2018-03-14 21:52:41,2018-04-02 16:18:39,2018-04-11 00:00:00
5622cec2b5b8d2b00710fe5816a3b2d3,151fd668ec7efbd0d623655a0567050d,delivered,2017-06-23 12:53:56,2017-06-24 15:55:21,2017-06-26 12:18:04,2017-07-07 21:17:23,2017-07-27 00:00:00
3f14ebe155866508ab24849e541695dc,305605f68762a66d8601f01fb62a97f5,delivered,2018-01-26 16:14:21,2018-01-26 16:34:03,2018-01-31 20:07:28,2018-02-16 11:53:36,2018-03-01 00:00:00
aad9d209c0127f5edddca4e4a3fcd8e2,1b56becc60eeb912a3fbd83c000f51bb,delivered,2017-06-24 21:11:40,2017-06-24 21:25:12,2017-06-27 14:03:10,2017-07-03 13:51:56,2017-07-18 00:00:00
90cd03f08ec3def09cf99113a1d6daa0,d30b5dc94621b29eaa650a26bdfccf84,delivered,2018-01-23 13:49:16,2018-01-23 13:59:32,2018-01-24 17:19:05,2018-02-03 12:36:53,2018-02-16 00:00:00
c94afbac001c0b424f8ae04023a476b9,0be04a8ef16bc25b5dc43d6077d9f87d,delivered,2017-03-20 09:19:40,2017-03-20 09:19:40,2017-03-24 10:36:07,2017-03-30 09:34:40,2017-04-11 00:00:00
fd35f639e285f0bbaf74bda9f4e55b60,975205a0f979b7f66e9c34762117b38b,delivered,2017-04-04 14:54:18,2017-04-04 15:05:20,2017-04-05 16:35:50,2017-04-10 09:47:50,2017-04-27 00:00:00
e520f0510b121c81ee4602e3851642af,0dc06ef8da1acc3b8d98b0b019335e0c,delivered,2018-02-14 21:11:44,2018-02-14 21:25:26,2018-02-19 18:37:10,2018-02-23 16:09:48,2018-03-07 00:00:00
ed5603443e33d323cc6bbde5d9e74d25,9e1ee238ab71a46123701b18c7f96a70,delivered,2017-12-11 21:02:19,2017-12-11 21:14:29,2017-12-12 20:13:12,2017-12-17 15:27:14,2018-01-09 00:00:00
b514b1f7c5528c90353b809b62621ea5,859713d6b1398e71a978f356b694a7cf,delivered,2017-07-06 16:52:15,2017-07-08 03:25:17,2017-07-10 19:52:23,2017-07-19 16:43:00,2017-07-19 00:00:00
525d105e2cd069520f58e5dc01013b3a,fb1f59ef5601ec548e29f2d3a5b0b7c9,delivered,2018-05-15 19:42:45,2018-05-15 19:55:22,2018-05-16 21:23:00,2018-05-21 14:48:36,2018-06-01 00:00:00
bec23d0357e57ab1fccb9e62aafc0147,83f646283cf2aee6c89eec4139deb462,delivered,2018-03-21 21:51:20,2018-03-21 22:27:36,2018-03-23 19:54:52,2018-03-29 17:57:06,2018-04-09 00:00:00
b3e7c48746eba08d51acd48ea21e6c07,3e9da517604550f3c89b910c3af40a92,delivered,2017-05-23 15:22:21,2017-05-23 15:30:32,2017-05-24 14:07:02,2017-06-28 13:27:40,2017-06-21 00:00:00
0d90fa904d8777ce037843a9b0b501e1,f8c5bb7a1dea3cfb4e17d5306c62af6b,delivered,2018-01-26 22:01:58,2018-01-26 22:14:20,2018-01-29 19:24:49,2018-01-31 01:04:16,2018-02-09 00:00:00
33f85a7c0485cf4a504f78608c5d57c7,cf99f12a04c7b9dfb3d58338e80b7ae4,delivered,2017-02-05 05:19:23,2017-02-05 05:25:08,2017-02-06 13:30:11,2017-02-13 15:35:47,2017-03-15 00:00:00
f7a813a4fb81ba062da9767aff53ed6e,078d1ab1e800b24415a6d90e582df853,delivered,2018-03-12 14:29:39,2018-03-14 02:35:44,2018-03-14 21:52:45,2018-03-28 16:58:45,2018-04-12 00:00:00
8b982020bb9eb478d9cacb4d7e7f4a05,0223eb5be9da5ae975225c094452c472,delivered,2017-10-20 14:54:52,2017-10-20 16:07:04,2017-10-23 20:56:57,2017-10-31 02:15:47,2017-11-13 00:00:00
910009939cfb74f3c7bb36e1f8a27a39,4ce4a86c35b3be558433a12b6f55ffe0,delivered,2018-04-09 14:43:53,2018-04-09 14:55:15,2018-04-10 00:38:55,2018-04-10 17:23:28,2018-04-25 00:00:00
a312bb85adfdd8a06eff1dbd25f527b7,a8e0a1db9067553bedd48e45e9d20320,delivered,2018-06-10 11:32:43,2018-06-10 11:51:09,2018-06-11 13:49:00,2018-06-15 18:18:45,2018-06-28 00:00:00
c4c3ab935544a304e782b38b7c7aa044,410c833d05f34a5cc222c9b62fdc13dc,delivered,2018-08-06 11:27:41,2018-08-06 11:44:34,2018-08-07 10:34:00,2018-08-09 19:40:33,2018-08-14 00:00:00
e0ecc24cb9353995d68ef51d9fccc54e,183e4c140e9502479f274fc84c591267,delivered,2017-06-11 21:05:30,2017-06-11 21:15:24,2017-06-12 10:07:11,2017-06-21 16:07:23,2017-07-11 00:00:00
25b29cdbf0a67e91af791d5df6d1745c,9bb8cbc25d672cd5e5d83275157b076b,delivered,2018-05-05 22:07:26,2018-05-05 22:15:16,2018-05-08 12:46:00,2018-05-09 15:28:51,2018-05-18 00:00:00
5b11ad967b9d5763b6f2417944c07f57,9ed86c5702b8b4de57c3444769159a10,delivered,2018-05-03 23:50:00,2018-05-04 23:50:22,2018-05-08 08:27:00,2018-06-15 17:49:56,2018-06-01 00:00:00
4df87ac1ab76b77699ad16fc5635dbeb,e4ec9be4be7f266c3faf392040727a9b,delivered,2017-05-08 10:39:19,2017-05-08 10:55:13,2017-05-08 15:28:18,2017-05-18 12:24:36,2017-06-02 00:00:00
31d9a6982f9690f7618f0a5d647504b0,b9e34574be980df75b9142b558bcb243,delivered,2018-01-22 16:53:38,2018-01-22 17:16:04,2018-01-23 13:59:49,2018-02-07 17:41:36,2018-02-21 00:00:00
5fa285b6edf81b62a0b66dae40d38d0e,d2ba1482a253bd684cf7343871db748b,delivered,2017-11-24 01:45:00,2017-11-25 04:30:44,2017-11-28 14:24:31,2017-12-07 15:15:56,2018-01-05 00:00:00
9b8f3948f0476494b86f7785f7c1e848,a59ed836159803b7ada158d0b8364e84,delivered,2018-08-03 10:57:22,2018-08-03 11:10:10,2018-08-06 13:07:00,2018-08-09 23:40:56,2018-08-16 00:00:00
ed35f59756edecbfcefb866146f00905,3a1e5902bb274b86dd980f371e207651,delivered,2017-12-16 19:41:46,2017-12-16 19:50:57,2017-12-22 21:58:42,2018-01-03 19:43:35,2018-01-16 00:00:00
52c5b44c805ae7434617748f59467320,13f5f91f46713c9ca70ad436db456b77,delivered,2018-02-23 19:20:21,2018-02-23 19:30:26,2018-02-27 10:42:22,2018-03-12 23:45:10,2018-03-23 00:00:00
ff21d2af725ac280e439dc584456e19f,b38d15c7dc1cda6caded2ceb0d63cc3a,delivered,2017-07-13 20:07:41,2017-07-13 20:24:26,2017-07-18 16:06:48,2017-07-26 21:29:24,2017-08-07 00:00:00
fd95894b24d15538aa7d85f7039d81bd,65bb88fae56a78f0b0792dba22231f69,delivered,2017-12-01 23:29:16,2017-12-01 23:55:03,2017-12-07 14:43:02,2017-12-15 23:29:45,2017-12-26 00:00:00
6d04c19bc701d2f56dcc0a92e929de0c,de00c2f2f474d7fbf7368950077551f3,delivered,2017-10-10 13:09:55,2017-10-10 13:28:55,2017-10-13 18:00:07,2017-10-18 19:13:30,2017-10-30 00:00:00
125005c942aa889a867518019392d649,2916d07c039abec3c61650db8f0cf02d,delivered,2018-06-13 15:19:03,2018-06-13 15:38:35,2018-06-14 15:24:00,2018-06-15 18:08:37,2018-06-25 00:00:00
1eb823605a5556c5e6efcdb09eae3c0d,0d9c1897b75f4e73a36afd8a0a622f7f,delivered,2018-08-16 07:17:50,2018-08-16 07:25:09,2018-08-17 14:57:00,2018-08-29 17:09:33,2018-08-29 00:00:00
d2621e5ff64aedbbc297e323fc18bfe6,ec197c15f97c64139e0c62e7a358ff87,delivered,2018-03-15 00:05:18,2018-03-15 16:36:00,2018-03-16 19:19:43,2018-05-04 15:53:58,2018-04-17 00:00:00
b2183f3202315420b832c60b08cf7fd6,e570717173d102e11fb97d1731e80067,delivered,2018-02-19 19:05:00,2018-02-20 16:31:16,2018-02-21 19:34:09,2018-03-05 20:25:27,2018-03-09 00:00:00
de001e88a16cecc089b911816d0cc818,800e0a5881496753a6583daf93f88fa2,delivered,2018-06-24 20:22:37,2018-06-24 20:39:55,2018-06-25 14:06:00,2018-07-03 21:44:53,2018-07-23 00:00:00
fff8286f77788ab8b55b2e5747fa7dd8,e79f494063c25f5c673222d8a2cc6f47,delivered,2018-07-03 21:53:22,2018-07-05 16:22:01,2018-07-04 14:33:00,2018-07-06 14:51:40,2018-07-20 00:00:00
448632769b45cb2d1dfce6b88fb4bf88,611bb3d5428937dcb7a0a7ad5cf13056,delivered,2017-11-09 16:52:49,2017-11-10 03:07:00,2017-11-10 21:32:08,2017-11-22 22:44:06,2017-12-11 00:00:00
f804f51ce462b9e8544ac8db4b43362c,84f53814bed2afcc48218cd17b23aa80,delivered,2018-06-19 13:55:57,2018-06-19 14:17:31,2018-06-20 16:57:00,2018-06-28 18:53:28,2018-07-17 00:00:00
4082a09e70f0dcced54c17ec25ac2a50,cc385515e1e2e16798c876b78a024190,delivered,2018-02-07 16:41:24,2018-02-07 16:56:06,2018-02-14 11:33:19,2018-02-22 23:09:44,2018-03-15 00:00:00
84f40c055bf1ed329fcf2f4ec4e9e9df,20604bcc9703b6f0c4101a04e249ebd5,delivered,2018-08-03 23:11:47,2018-08-03 23:24:19,2018-08-06 13:54:00,2018-08-09 17:58:35,2018-08-21 00:00:00
79ac824c2c87ae595b94b069e1c78aa0,ce7415c21823c7a96d8f00f437557106,delivered,2018-05-17 16:59:15,2018-05-18 01:17:36,2018-05-22 16:29:00,2018-06-04 18:15:32,2018-06-18 00:00:00
e55094da7605b6e7fd370e4a4be7194d,0b27c03a0e52a22dac95ab11d810cbd8,delivered,2018-06-09 09:33:44,2018-06-09 09:52:06,2018-06-15 13:06:00,2018-06-30 15:37:56,2018-07-17 00:00:00
372df3741f14e71ce00b8cb9a28aee67,14cd94b89c89b4e65cec15efdacc0a88,delivered,2018-01-18 15:17:24,2018-01-18 15:36:20,2018-01-19 22:17:46,2018-01-25 18:33:32,2018-02-09 00:00:00
7ec44a8d0d3cf4b2933c5c6dff801adc,cdfcb5ee3d47d7bb53ff911358182913,delivered,2018-08-20 17:59:47,2018-08-20 18:15:08,2018-08-21 14:51:00,2018-08-30 10:51:20,2018-09-14 00:00:00
8e4090f70c05cc129247bc0edc095dbd,a2db0e3981649a07f611233bbc0550ed,unavailable,2018-04-02 10:32:19,2018-04-02 10:48:33,,,2018-04-18 00:00:00
77857b5f4745e31dcc0626a9326f6543,36aad88aa6b75c986f11eecc4380bd66,delivered,2017-02-09 20:26:53,2017-02-09 20:35:21,2017-02-10 09:37:55,2017-02-25 10:08:52,2017-03-14 00:00:00
4461b95e70e309fde34dd20048ecc0dd,5b130ea9627999a8a8be32af3381b7b8,delivered,2018-07-25 16:47:19,2018-07-25 17:04:22,2018-07-26 18:17:00,2018-07-27 15:03:13,2018-08-02 00:00:00
d69e5d356402adc8cf17e08b5033acfb,68d081753ad4fe22fc4d410a9eb1ca01,delivered,2017-02-19 01:28:47,,2017-02-23 03:11:48,2017-03-02 03:41:58,2017-03-27 00:00:00
032cf17f7a713287e46999fddea6051b,7ec44117b7760d297447f1cff2a10967,canceled,2016-10-07 12:21:07,,,,2016-11-17 00:00:00
2e318792ba96e5cfa5b52739226398ef,52eff6a6565545f41f636883bab3f2e8,delivered,2018-05-03 10:57:17,2018-05-03 17:15:22,2018-05-04 08:57:00,2018-05-11 20:33:12,2018-05-29 00:00:00
beab056c7361472f52bc576a3678c08d,dbe961508522b92585af6a7f387f912f,delivered,2017-05-27 20:58:23,2017-05-28 21:05:14,2017-05-30 13:14:08,2017-06-09 17:43:46,2017-06-21 00:00:00
f4ce5abb3bd4aac9e9c5f5685604cbcb,ddd8286004af97e1509997c76d83e106,delivered,2018-06-30 15:10:49,2018-06-30 15:30:12,2018-07-03 09:26:00,2018-07-10 15:44:53,2018-07-25 00:00:00
fb52c1aeadce7c26d4c57e429909eab6,b0c1aafff555304981f80c9447e70fda,delivered,2017-08-30 21:25:43,2017-08-30 21:35:18,2017-09-18 18:24:49,2017-09-26 16:28:52,2017-11-13 00:00:00
27caf2d2f406488cb17f200b98a2079e,2e668121ef0668b3acd48b081aeca131,delivered,2017-10-03 11:10:28,2017-10-03 11:24:40,2017-10-05 16:45:04,2017-10-20 20:53:00,2017-10-30 00:00:00
48a1c733458a579cd85f95918057dc82,95b738395bf0327a8ecfd0dc17118bd6,delivered,2018-04-10 12:31:30,2018-04-10 12:49:53,2018-04-13 00:12:06,2018-04-17 21:38:50,2018-05-03 00:00:00
7cd437e4308ccfdf9df64a5cd7cb3cce,4331f77fceb3590431c15325eb98d4c6,delivered,2017-06-07 15:12:14,2017-06-08 03:05:40,2017-06-08 14:59:42,2017-06-21 16:55:57,2017-06-28 00:00:00
ddc248e53783054c5f4db2e785d9543a,f6bb7b61f69f163fa92942a84c9233d6,delivered,2018-03-23 14:43:22,2018-03-23 14:55:33,2018-03-27 02:14:49,2018-04-05 19:03:44,2018-04-18 00:00:00
89e9df58f9467394ba51d33de90781b4,466b378a3d77d64aa19e741c7f72b204,delivered,2017-12-03 18:35:40,2017-12-03 18:53:44,2017-12-08 18:24:51,2017-12-22 20:23:45,2018-01-03 00:00:00
6a2c6de79569cdd1082c827a4684ffa8,aff8552216fa5b4c2d31ad27befe1559,delivered,2017-05-12 13:18:49,2017-05-12 15:02:47,2017-05-17 10:44:45,2017-06-12 16:17:54,2017-06-01 00:00:00
7f3a85f7f81ab955b7d591fbc71087b0,4fcf92d96f6050b6e2b3594a4823c2dc,delivered,2018-01-21 17:40:22,2018-01-23 03:36:53,2018-01-23 16:47:06,2018-02-07 21:28:36,2018-02-22 00:00:00
c71ee8376af932d723ef73120320af53,534b1baaa8b375f0fc4a2088dd5b0f68,delivered,2018-02-15 16:42:23,2018-02-16 16:35:33,2018-02-20 21:16:45,2018-02-25 15:28:53,2018-03-02 00:00:00
64ede567ce1ed14dc492557b0fc88e69,e15f2b74055ddd552aea620ec4cbec1f,delivered,2018-01-08 14:12:17,2018-01-08 14:28:02,2018-01-09 19:11:19,2018-01-16 18:58:45,2018-02-05 00:00:00
14a2ad28d59053cc7bf0e2b40660294f,b4f3c061fef15631681969b9aaacfffd,delivered,2017-07-07 12:05:48,2017-07-11 06:43:38,2017-07-12 13:06:05,2017-07-17 20:23:28,2017-08-15 00:00:00
3322f81bd149a446356f03c9803665cf,7c4c009dd4c62ab693a565454eb92df4,delivered,2017-11-28 13:50:19,2017-11-30 02:23:34,2017-12-21 19:18:00,2017-12-27 21:43:23,2017-12-21 00:00:00
f69e374b5692141d4343de7c1025a875,95c8b73877283a8c8d0bf5ec1f615cc2,delivered,2017-03-29 17:13:43,2017-03-29 17:42:30,2017-04-03 12:56:59,2017-04-11 10:26:04,2017-04-25 00:00:00
07edcfe51903bc7e23501f6b87f2bc46,758ca4ee2332bce93a8be678115f71aa,delivered,2018-05-30 14:08:09,2018-05-30 14:31:59,2018-06-01 06:12:00,2018-06-11 18:33:42,2018-07-25 00:00:00
934f4052b4cd86c9fe17e5ea7ceead8b,1392fdcad98720de6dcb4296794f204b,delivered,2017-07-25 00:13:53,2017-07-26 02:25:31,2017-07-26 17:32:09,2017-08-07 18:35:37,2017-08-24 00:00:00
675696464e3f1ec45c04dc5b171b2ed4,981cb320d6e0696b7ec07411513b18c2,delivered,2018-08-06 08:32:54,2018-08-06 09:04:22,2018-08-06 14:47:00,2018-08-13 22:08:34,2018-08-16 00:00:00
d4779354e609274fba14da72d3456c44,120e2f1bb009d3d5ca03393b862f5751,delivered,2017-04-13 11:00:40,2017-04-13 11:10:12,2017-04-17 10:07:42,2017-04-19 13:57:54,2017-05-10 00:00:00
f80aba8d439df1fe6269f1b52d5b2893,28d1d2e63385a2ccb0c2b0fe0dfebedc,delivered,2017-09-08 13:41:30,2017-09-08 13:55:16,2017-09-12 12:57:02,2017-09-19 18:38:13,2017-09-27 00:00:00
5ffbbd67f14392efe8fd533d38cd1338,9e7fe4ea65ba59140cab054bdbdf018e,delivered,2017-01-27 19:04:57,2017-01-27 20:31:43,2017-02-02 11:21:43,2017-02-06 10:05:42,2017-03-16 00:00:00
b83760bff972adc010a180e5219f90f5,a655b136627ef43032b2014004995098,delivered,2017-09-24 12:14:05,2017-09-24 12:25:24,2017-09-27 20:08:11,2017-10-03 19:04:12,2017-10-18 00:00:00
bc2851f553a887920c83a1367a23dded,f79b9fb57cf5e42ec58787f5291cc316,delivered,2018-04-12 14:18:16,2018-04-12 15:30:09,2018-04-14 00:36:33,2018-04-24 22:03:24,2018-05-10 00:00:00
4cde0c37517d3ec794acfea07588f060,c57bd456476b5400f11dce677c741e9c,delivered,2017-05-25 21:15:21,2017-05-25 21:25:14,2017-05-26 09:03:25,2017-06-02 15:33:56,2017-06-19 00:00:00
80c20223fb6b10d7e541a3cf6c5bf673,dd5c09cd7b2c059211d6663ce3c3f4fa,delivered,2018-04-01 09:29:48,2018-04-01 10:10:08,2018-04-02 17:07:25,2018-04-17 12:38:35,2018-04-25 00:00:00
741a088353f3774474ff3b2d7da8f0de,729bfe0a9c4c09edbff5510098c592b9,delivered,2017-05-08 04:21:55,2017-05-08 04:50:16,2017-05-09 15:39:45,2017-05-16 17:22:00,2017-05-31 00:00:00
4e1731379ed8376e1dcbaa32869b0a2c,d7e0e99b9a9b470be83e59e1ad9f761b,delivered,2017-08-15 21:33:49,2017-08-15 23:35:06,2017-08-23 19:32:49,2017-08-28 15:15:55,2017-09-08 00:00:00
6a1cffc6c9c0ad7e57c24270f9735865,80d45bd685475b4ba11b9111aa87f3d1,delivered,2017-08-29 17:24:40,2017-08-29 17:35:32,2017-08-30 09:00:00,2017-09-14 17:52:54,2017-09-20 00:00:00
e8db697a6bd22722ed990beab0b844c9,5315874b889d49018819b02de29ef596,delivered,2018-07-11 14:03:07,2018-07-11 14:15:15,2018-07-12 13:58:00,2018-07-30 16:11:02,2018-08-01 00:00:00
11353d8c2550bd22ef8c18735c303f5f,c070a39e2e1a6ffa15ac18f096422d2c,delivered,2018-03-19 23:11:53,2018-03-19 23:28:23,2018-03-20 19:21:36,2018-04-10 16:34:30,2018-04-11 00:00:00
94779a352003cbec1931fe5d7b041f7e,8388b9f092f21ae7a771509fade39ba5,delivered,2018-07-21 21:55:29,2018-07-21 22:10:12,2018-07-23 12:48:00,2018-07-26 20:26:46,2018-08-09 00:00:00
4b8ccf617b85f640e50a15d3e98cb0ab,b657f3427801a4910d3ada9e63307f7c,delivered,2018-03-20 17:08:25,2018-03-21 02:50:47,2018-03-21 19:48:20,2018-03-22 21:36:33,2018-04-02 00:00:00
41f02d9998aea7e212e8917bf2649cce,aafadfca432418d78060308df3c5fda6,delivered,2018-08-05 12:08:20,2018-08-07 04:35:11,2018-08-10 10:02:00,2018-08-13 16:32:03,2018-08-09 00:00:00
82d48842447f79616fa1edca6fc9e91f,0426c2ed75d4f79aa5c3090ec537375d,delivered,2017-08-02 16:43:23,2017-08-03 06:45:19,2017-08-04 19:33:52,2017-08-08 19:53:32,2017-08-29 00:00:00
354fc19d43cbb0ad997bd631a02fd169,cc7e12aed3bd2a272471c6060f80f543,delivered,2018-07-09 09:18:47,2018-07-09 09:35:13,2018-07-10 14:42:00,2018-07-23 17:26:31,2018-07-31 00:00:00
153e41d2dbed0732e8c41f472d912453,aae8ca7a4c507ca018e1f1188d0ed25b,delivered,2017-03-14 22:22:06,2017-03-14 22:22:06,2017-03-16 14:44:47,2017-03-31 17:06:48,2017-04-06 00:00:00
359dfdef7cf4ed1003c2a0463eb431ba,e1785c14638ae4ba1af6b80b9a123ce3,delivered,2018-08-04 23:53:01,2018-08-05 23:45:08,2018-08-06 16:18:00,2018-08-08 19:51:55,2018-08-10 00:00:00
78dec59f50d90e8c0cb22eff4dac7b07,ee0dd94cfd30e67ecbf17bf236f47c1b,delivered,2017-08-23 08:26:50,2017-08-23 08:45:37,2017-08-23 15:46:10,2017-08-28 15:54:50,2017-09-25 00:00:00
c50ed2bf9927ae7e870560f6fb8894ed,a64ab1908efa55042b07c945440c98a4,delivered,2017-09-18 09:02:16,2017-09-19 03:30:32,2017-10-02 12:42:14,2017-10-11 20:22:16,2017-10-16 00:00:00
33c04a3449586241381938f43df342e5,45ef11af1fdca65776516f93ce5d5cdd,delivered,2018-03-11 21:33:18,2018-03-11 21:48:40,2018-03-12 23:18:59,2018-03-16 00:47:26,2018-03-22 00:00:00
10444bce3a6e45509282fc392e7d7c14,8f2792b2443223c1714a5956f805d6f6,delivered,2017-11-10 13:38:42,2017-11-10 13:50:58,2017-11-16 22:12:37,2017-11-21 21:08:48,2017-11-30 00:00:00
f11b670018cde48868c96b03c4d3d1ce,a8a46b431d3684f3692579dbd45dcc9d,delivered,2018-07-28 19:06:36,2018-07-31 07:30:57,2018-08-01 10:37:00,2018-08-16 00:16:34,2018-08-27 00:00:00
129bcf7c8ac0deab5d5830dab42b51b0,419994ae9bc51517986b072b8462eec9,delivered,2017-11-30 08:26:49,2017-12-01 11:32:06,2017-12-04 20:53:32,2017-12-11 15:48:49,2017-12-18 00:00:00
2fc93d1386aaa543bacb4733abd6d796,89025dfa12aa3b676091d11c92ec5672,delivered,2017-12-20 14:00:39,2017-12-21 02:11:48,2017-12-21 15:43:21,2018-01-05 15:38:26,2018-01-19 00:00:00
33c7e7493d8049f7248e39fd3019ed6f,ef55f60b60d98b319265b2d268c14add,delivered,2018-01-03 22:20:04,2018-01-03 22:30:26,2018-01-04 15:53:02,2018-01-16 23:09:24,2018-01-31 00:00:00
86a1ec30055c8fdb9e4bcfec9f15705d,cb6e4f240437a7f5982925cfac3b9684,delivered,2018-03-14 21:00:14,2018-03-14 21:10:28,2018-03-15 17:50:27,2018-03-28 19:20:44,2018-04-02 00:00:00
189f4fd5230d4cb9093778f1fe5545dd,389282247e4d4fcf1e7ca8cc728c7b97,delivered,2018-07-14 20:30:45,2018-07-14 20:45:16,2018-07-25 15:07:00,2018-07-31 11:51:35,2018-08-07 00:00:00
849e77f9701faf689705a0eb09003764,13518d3af2e425cc97f19d1c8919808e,delivered,2017-11-23 12:29:18,2017-11-23 12:37:52,2017-11-23 22:02:31,2017-12-13 03:09:29,2017-12-22 00:00:00
9d1a6308e1de0ec94620e9663d33dd7a,79222563a454f8315bae77c7df710ea4,delivered,2018-03-21 00:40:42,2018-03-21 00:50:30,2018-03-21 19:26:46,2018-03-26 15:12:00,2018-04-10 00:00:00
3538ead6f9b48a09ea5f84cce99614f1,946e503ea55c7d86c408ce554593be1a,delivered,2017-10-07 22:33:52,2017-10-07 22:49:14,2017-10-10 15:48:25,2017-10-14 08:10:04,2017-10-26 00:00:00
85f8ad45e067abd694b627859fa57453,1d088dea8732788ec35dd4ee6dd76112,delivered,2017-01-29 21:40:02,2017-01-30 22:32:20,2017-02-02 05:04:58,2017-02-07 10:46:00,2017-03-08 00:00:00
4c46ed4ad9c8faf7543b2f9f6598b607,29b023a4169cab6e00cbf2ea2985652a,delivered,2017-11-15 18:44:32,2017-11-15 18:55:34,2017-11-16 19:48:43,2017-11-21 19:21:26,2017-12-08 00:00:00
5f9bce13c005ed8b257d26c484455d58,90ff3ee2c85a1ae2ad28ca8028481101,delivered,2018-04-17 07:59:55,2018-04-18 08:51:37,2018-04-23 16:31:33,2018-06-07 21:48:40,2018-05-24 00:00:00
24f2edef847fd6eeeddc6aa5dd82209b,c16889a295fa3650d502c5eb2e0fa5c3,delivered,2017-11-13 23:38:46,2017-11-13 23:46:37,2017-11-14 22:41:11,2017-11-21 19:43:04,2017-12-06 00:00:00
a7b984cb7dba04216ef3408f9fdc724f,abda0fc72e1f8c32dd8291c542e273c5,delivered,2018-02-16 21:27:05,2018-02-16 21:35:26,2018-02-21 23:35:38,2018-02-27 00:10:13,2018-03-12 00:00:00
35347ebe5a17d5710d0790df4b2f0f33,6cf9cd6406cc54d352e173a4f5959de5,delivered,2017-12-11 22:18:20,2017-12-12 00:14:49,2017-12-13 21:38:40,2017-12-28 20:16:11,2018-01-04 00:00:00
0aad58aeffa6b60c76d25a4bcda14815,735a6e515279067409c2341e9c090eec,delivered,2017-10-27 19:51:50,2017-10-27 20:06:57,2017-10-30 22:24:03,2017-11-07 00:42:40,2017-11-21 00:00:00
b6d8afcbedd981f81cd58c1ecf289add,9925762e9ebced24854c787ad2429492,delivered,2017-10-29 17:50:56,2017-10-29 18:55:09,2017-11-01 16:29:29,2017-11-13 17:38:59,2017-11-24 00:00:00
1ef6133727cdcc029e9dbcb68ad5d57f,7a56704a242550f842f7a623eb62c966,delivered,2017-11-26 17:53:36,2017-11-28 02:51:30,2017-12-06 17:33:32,2017-12-21 22:09:14,2017-12-22 00:00:00
f0af25b55365e27fbd6a93df45d9253f,bde8a1d2a7c3d0a34605532f55689054,delivered,2018-08-19 10:20:50,2018-08-20 11:15:22,2018-08-21 15:44:00,2018-08-22 23:16:35,2018-08-23 00:00:00
6b5531da82a446d2bc53f1ff21ea9e3f,62b62fa001db361113dda20e678cf596,delivered,2017-08-17 19:20:42,2017-08-17 20:04:46,2017-08-18 19:22:03,2017-08-26 11:32:52,2017-09-11 00:00:00
72171ec078e647529753a920a0af9327,b6c167bad6415d0e6854e26609ac9200,delivered,2018-04-03 15:40:16,2018-04-03 17:10:21,2018-04-04 11:31:20,2018-04-09 18:21:20,2018-05-02 00:00:00
7a363dd1eb003c19a36e4eba73e3105d,7c441e540648cd237ac925f7a2e7805e,delivered,2017-12-12 10:06:18,2017-12-13 02:49:57,2017-12-14 13:28:42,2017-12-20 19:09:17,2017-12-29 00:00:00
b1d045cd447d2961b72e0d67c18f5d94,aed3f1f445a4ea906938e139249662a9,delivered,2017-06-06 21:49:13,2017-06-06 21:55:14,2017-06-07 09:48:50,2017-06-26 14:22:43,2017-06-27 00:00:00
ca3708e6c8014edc9292636d42479ee7,07f681c9c43973a08f803999f285a2b7,delivered,2017-10-30 07:59:23,2017-10-30 08:10:09,2017-10-31 18:42:35,2017-11-04 17:42:43,2017-11-17 00:00:00
d004e53c74f73a94ae2e2e586a5e2f4a,96ffb0aef6843454c595d5927832ab60,delivered,2018-02-26 10:43:55,2018-02-27 10:48:40,2018-02-27 21:05:13,2018-03-26 17:18:28,2018-03-29 00:00:00
4e0091a0a84b39634a3ecc33bdc49d09,9998c6bf5ef16b8498d0202e25a2c33c,delivered,2017-11-25 13:43:45,2017-11-25 13:53:30,2017-11-27 19:51:28,2017-12-12 19:42:46,2017-12-19 00:00:00
dea56b3893564838aa0a8b56394f46a4,fd0c90df7aab8c8b52d93ae6fb48c6d8,delivered,2018-02-05 15:06:08,2018-02-05 15:16:07,2018-02-06 18:04:37,2018-04-03 22:07:24,2018-03-01 00:00:00
308bf37f155004751f789aff2afabaff,e2f49fd9379b49d1342be76e9b095afd,delivered,2018-01-26 09:49:40,2018-01-26 09:57:28,2018-01-29 19:57:10,2018-02-03 02:06:13,2018-02-19 00:00:00
9166f60cadc480c3e5de21ca8daf2fdc,ca126fd28ab8118c556b3b23b64ef662,delivered,2018-06-30 23:59:49,2018-07-01 00:15:12,2018-07-04 13:43:00,2018-07-09 17:22:39,2018-07-30 00:00:00
1effaa7e1288ba5f3eb6864da4b3f06b,3e18f03f31e621c23bc65a8322132f23,delivered,2017-10-19 15:31:56,2017-10-21 03:07:35,2017-10-23 18:57:09,2017-11-13 16:21:28,2017-11-22 00:00:00
dbb96df7d9b75d3dfde8d10da0d65cde,72780e9a805ea5c484a91e4a440201a6,delivered,2017-04-13 12:05:51,2017-04-13 12:25:04,2017-04-17 12:01:22,2017-04-26 12:12:28,2017-05-09 00:00:00
5ab1880595146abb553d7defb52b22eb,44eb5bb75cbb334149aff43d1572e63f,delivered,2017-12-24 22:16:01,2017-12-27 04:07:49,2017-12-28 21:23:41,2018-01-10 19:23:59,2018-01-29 00:00:00
89fe5e16d119e60870f0e2040c548094,4f8b41c1ab41295462898e09edea3b4d,delivered,2018-04-29 18:00:38,2018-05-01 05:35:20,2018-05-09 12:12:00,2018-05-10 21:34:36,2018-05-16 00:00:00
eccb333547035c917db4396ff94c3182,d1cbcc4df0dfd5cf07dd4aa96816742a,delivered,2018-01-20 17:59:58,2018-01-20 18:30:28,2018-02-09 16:58:56,2018-02-17 13:15:03,2018-02-14 00:00:00
1850ddbff1901eb4798e620006229131,6e5db51c4562a1a11fda0b8b24de7d6d,delivered,2018-05-03 16:34:57,2018-05-03 16:56:53,2018-05-04 13:41:00,2018-05-22 19:34:32,2018-06-12 00:00:00
de065b7e84000ca31be47aa282f6be6b,6786ced0d23e5edb131e553b4c0d4fc7,delivered,2018-06-11 13:11:46,2018-06-11 13:38:30,2018-06-13 14:04:00,2018-06-15 13:46:43,2018-06-25 00:00:00
263deb0d1a35645df1f371bfaded4589,c63b6fb69abc3e3b303a299ccbbe56dd,delivered,2017-12-03 16:15:50,2017-12-03 16:31:55,2017-12-08 22:21:51,2017-12-12 21:22:40,2018-01-09 00:00:00
0c57cbfd927d9e62af8beee6d48920b7,652084fec8b64f212491016127526bcf,delivered,2018-08-06 21:40:05,2018-08-06 21:50:13,2018-08-08 13:55:00,2018-08-10 16:07:24,2018-08-13 00:00:00
6a0af454249fd3d78c3878acba1b2543,57a0a8e149ea174b2e511d398d27466e,delivered,2018-03-13 11:50:23,2018-03-14 02:49:01,2018-03-14 16:56:29,2018-03-29 22:41:37,2018-04-03 00:00:00
9d578363f05f0a4f13c35ca532f88192,24d945b1286e8a0d63718f7e90c272df,delivered,2018-02-16 12:56:13,2018-02-16 13:35:31,2018-02-19 18:18:28,2018-04-09 20:06:44,2018-03-16 00:00:00
d4e6db82770ffca02d0bf60e4eede3ad,76ed00bb91c35675557f53cf791e6f04,delivered,2018-03-09 22:50:44,2018-03-09 23:48:03,2018-03-13 00:41:32,2018-03-20 20:27:44,2018-03-28 00:00:00
688e3c66bdfcae1321349fd70627b84c,a51e47ac951463f4271e64d41b628a7a,delivered,2017-06-07 11:41:26,2017-06-09 02:50:19,2017-06-16 15:56:42,2017-06-29 11:57:44,2017-07-04 00:00:00
dfa136dd7fea189934b6e9585e61d3ed,6f1a3eca32ef3b8379dd7814cf87c8d4,delivered,2018-08-22 21:34:14,2018-08-22 21:45:09,2018-08-24 14:10:00,2018-08-27 22:36:23,2018-09-04 00:00:00
f8a7f99695460acdbb89605f807bc78c,40efcb2188d8a35075b6ea52d2302943,delivered,2018-08-23 11:27:36,2018-08-23 11:45:51,2018-08-23 14:18:00,2018-08-27 14:11:54,2018-09-12 00:00:00
fecd25ad892371b02b90415a64005d61,2d8677d33307ff33ebf5f09adbab10ba,delivered,2017-06-29 21:23:55,2017-07-01 04:43:25,2017-07-03 15:24:40,2017-07-10 17:51:36,2017-07-19 00:00:00
e15f9bb155a2c4220bc17652dad20a4e,4b4f4ef953f81b615ef6df62d686f192,delivered,2018-05-02 23:44:12,2018-05-03 00:58:33,2018-05-03 12:51:00,2018-05-07 21:43:36,2018-05-25 00:00:00
42a45127f74061de7399a762d9728197,da435b6ace9cf6de3283647e2c33518e,delivered,2018-04-10 00:18:16,2018-04-10 00:35:13,2018-04-11 16:53:23,2018-04-12 17:28:42,2018-04-26 00:00:00
3728cc076b9b664b82517f786f1a8361,dbe8fae7c774caf4f8dcb30d7c51ba81,delivered,2017-12-29 17:56:32,2017-12-29 18:07:32,2018-01-03 19:52:22,2018-01-15 16:44:50,2018-01-30 00:00:00
4e5416cdcf38e8a7fb4084409c778327,6fbdcb5b4167b52374230ce08df932d5,delivered,2018-03-30 13:31:56,2018-03-30 13:47:26,2018-04-02 15:31:54,2018-04-04 19:21:09,2018-04-12 00:00:00
ddec1931aa991251d2540e8d5cd9020c,3098f830d9bafdde11e15c0d087fcc55,delivered,2017-03-23 15:16:21,2017-03-24 02:43:48,2017-03-31 20:00:12,2017-04-06 15:24:15,2017-04-13 00:00:00
6fd940e7a2a1f206de9cc3e4abfef433,66bfee5a94e8fe83382dc2778767e543,delivered,2018-02-28 08:35:28,2018-02-28 08:48:32,2018-03-01 19:33:50,2018-03-14 14:18:35,2018-04-02 00:00:00
f41f4f0667b69592fa5bef59e5ef7fad,d7c5773821f77c5341e5f00dbfff4115,delivered,2018-06-04 11:25:50,2018-06-04 11:51:12,2018-06-05 10:20:00,2018-06-13 19:12:11,2018-07-24 00:00:00
6b7eb46185e1e6f0df3c97ed2b16a563,c5ffad17b37657c86889372393f65a94,delivered,2018-03-26 10:06:54,2018-03-26 10:15:42,2018-03-28 18:11:11,2018-04-09 21:11:29,2018-04-12 00:00:00
81360270b5d4478eb5fcc0e12f31cee3,fcbc175d0bdc5d2ec51fbed84218cc94,delivered,2018-03-31 13:40:20,2018-03-31 13:50:15,2018-04-02 23:12:30,2018-04-10 01:41:27,2018-04-18 00:00:00
92caa5283abcb12faf71683ba259debd,9185771cb5633deb3788397062512ee0,delivered,2017-03-15 10:43:37,2017-03-15 10:43:37,2017-03-16 14:47:19,2017-03-27 15:07:48,2017-04-06 00:00:00
42859f65ccaf46af651014e239a1a71f,d15dc13c907b860a34a9475609231fa1,delivered,2017-06-28 09:49:29,2017-06-28 10:03:31,2017-06-30 15:42:09,2017-07-18 21:22:04,2017-08-03 00:00:00
e1cf4f3524c63c7e9c134666f89e722d,83bd185600ed4811ec23f273a2392dd5,delivered,2018-02-02 12:56:51,2018-02-02 14:09:38,2018-02-03 14:44:45,2018-03-07 00:22:45,2018-02-26 00:00:00
62f1923bf7409f0a4c029c4576499d4f,5d574e44c76dd451c45b92c78cb27863,delivered,2018-03-23 16:39:40,2018-03-23 16:50:59,2018-03-26 22:09:00,2018-03-27 15:37:00,2018-04-05 00:00:00
c6cc60f8aad17b2809b83bd02a1ccd48,e74f78f19907c4af9175fde9c438d312,delivered,2017-03-16 21:34:46,2017-03-16 21:34:46,2017-03-17 12:30:10,2017-03-23 14:37:19,2017-04-06 00:00:00
16fa5b14f9aa3823b135706bfea357c9,0c0466693c8e3f6f3c37044a0cf15447,delivered,2018-01-17 10:07:25,2018-01-17 10:14:32,2018-02-01 19:38:53,2018-02-08 13:46:55,2018-03-20 00:00:00
276084656b724c65551708d92d73222a,b7d9c5d7fe96cf3ef5172689d74482f9,delivered,2018-03-05 07:16:50,2018-03-05 07:48:27,2018-03-06 10:04:08,2018-03-19 12:16:46,2018-03-21 00:00:00
d1bca6bd89a51ad2a0753b608c06f469,a056b5c80306d01173b92f2ec265b90f,delivered,2018-03-21 11:43:49,2018-03-21 11:55:43,2018-03-23 22:57:29,2018-03-28 19:44:41,2018-04-13 00:00:00
9b745d27f038a7e9865cf448ab71e99f,f18baa2ddebabdde009935b96738d231,shipped,2018-07-26 14:25:48,2018-07-26 14:35:16,2018-07-27 12:47:00,,2018-08-09 00:00:00
ae0a032bd44efed5c2be566ef162d694,b7819f78202d389b5e04aeafa2c4eab7,delivered,2017-04-11 16:57:57,2017-04-13 02:42:37,2017-04-13 09:38:09,2017-04-22 08:14:55,2017-05-03 00:00:00
167966026c24ee96b8343a631634371e,a6b6bbc9094c62691874a8678f95de29,delivered,2018-06-14 10:09:27,2018-06-15 02:37:33,2018-06-15 15:40:00,2018-06-21 15:42:35,2018-07-11 00:00:00
e208a6bd0e030c2240ec286633bd9039,93c18d140f4e52abc28925e224e2c781,delivered,2018-06-08 17:24:29,2018-06-08 20:31:43,2018-06-25 13:48:00,2018-06-29 20:42:08,2018-07-20 00:00:00
f18578a9083482b2be8c3b35075568c2,3107f7888284d0508fd187c997533d58,delivered,2017-09-12 21:16:20,2017-09-12 21:25:42,2017-09-13 20:18:58,2017-09-19 17:52:17,2017-10-03 00:00:00
5bbe99cfacba17ac9fbfd3b9c873f41e,edf0da35d967d6dd4846962987b7fa00,delivered,2018-04-30 10:24:43,2018-04-30 12:15:50,2018-05-03 20:19:00,2018-05-10 01:11:11,2018-05-17 00:00:00
71796280d9fba67ea5ff0458a8e48544,f6363f477cb5fe9234b523b40cb395f1,delivered,2017-07-24 15:02:08,2017-07-24 15:10:12,2017-07-24 19:44:31,2017-07-27 20:04:18,2017-08-11 00:00:00
bd1befc72cade5c00562b4bfd1a85485,0fc4a56f2aa36f5d9d91323864ae0362,delivered,2017-09-18 13:42:17,2017-09-18 14:04:06,2017-09-20 22:41:58,2017-09-25 13:42:47,2017-10-16 00:00:00
5e8dbed878ecb57caf14b67e8f85ca34,39ace54f823a45d4ba2cd3a676c9fe47,delivered,2017-04-23 21:58:14,2017-04-23 22:10:14,2017-04-25 10:17:22,2017-04-27 13:17:46,2017-05-15 00:00:00
a6ae83eedb05638e88dace7706d71c26,d393b9491df482cf448e60aa9955b7f2,delivered,2017-07-07 22:35:49,2017-07-07 22:45:08,2017-07-10 17:29:47,2017-07-20 12:42:26,2017-07-31 00:00:00
12aa4d1dee3557fe772894b57cb0fad6,bac45e356238b5c7f36adfaae8a23c8b,delivered,2017-07-05 20:28:29,2017-07-05 20:43:10,2017-07-11 18:18:34,2017-07-14 17:49:22,2017-08-07 00:00:00
799236014ffd7f07bb4ab4172f2f9a56,159ac2552bf49fe290890620c02d767a,delivered,2017-07-19 21:06:53,2017-07-19 21:15:28,2017-07-20 18:26:25,2017-07-26 13:36:43,2017-08-08 00:00:00
15c8f741c0b7deafafea8af0f7bb6852,5fad1aa86a421b1f437e75c419d9c5e8,delivered,2018-04-02 21:44:47,2018-04-02 22:09:41,2018-04-04 21:47:39,2018-04-09 21:44:47,2018-04-23 00:00:00
4ea4adb15a999165cec29a243622d209,b59072270559cc55ca18e58631aa24f9,delivered,2018-04-08 22:45:51,2018-04-10 04:10:55,2018-04-10 17:21:44,2018-04-17 01:12:41,2018-04-26 00:00:00
10feb46f47b85fa9eee572eb5521dd54,07f4efb08d07550827c630c7bbf6e72f,delivered,2018-05-10 10:45:00,2018-05-11 03:10:44,2018-05-11 13:52:00,2018-05-23 14:54:57,2018-06-11 00:00:00
deef67da55d66c9b90df11047d8b65ea,e51f2a8949104c23d15abd26048a0af3,delivered,2018-06-12 13:34:53,2018-06-12 14:06:39,2018-06-13 14:33:00,2018-06-20 21:41:24,2018-06-29 00:00:00
a5f8439f1e560659a492608e370ecde2,e548277911829ffe81aac2b4407de701,delivered,2017-05-27 14:03:20,2017-05-27 14:15:16,2017-05-29 09:30:43,2017-06-03 09:20:19,2017-06-21 00:00:00
972570f8874c3f706d151201aca20e08,b42d691b31fef205f05f2c19897f5bbe,delivered,2018-02-25 14:56:29,2018-02-27 04:31:04,2018-03-02 19:07:43,2018-03-14 22:06:35,2018-03-29 00:00:00
24bb32382ef27d26bd21c0919620c4ff,81d9395aafe3aa9fcf32fe0478b59957,delivered,2017-05-16 20:44:28,2017-05-16 20:55:17,2017-05-17 15:24:46,2017-05-29 11:42:18,2017-06-09 00:00:00
63566db60bbeb077e5d7c18411674b8b,0295853908b4ba8c84a8e8b550eef3a1,delivered,2018-08-06 13:44:16,2018-08-06 14:04:25,2018-08-08 14:19:00,2018-08-16 21:45:20,2018-09-06 00:00:00
3ec2fdd4a3f6f2e2d053b3b0bcac4531,8a40ed38377fbe4c40903137d55f634c,delivered,2018-01-05 11:20:08,2018-01-06 02:27:49,2018-01-09 17:05:45,2018-01-15 19:36:47,2018-02-07 00:00:00
09581168b7c3d1c4480d4ba7a8437bdd,1fa0a6dffcd587c4a296237a7dca3e27,delivered,2017-12-03 15:29:57,2017-12-03 15:38:24,2017-12-06 00:12:06,2017-12-18 15:38:30,2017-12-29 00:00:00
56b0a761e8e5b8fa1ac43fb1dfb8ad3e,26f5b4928e07574170681725503932f9,delivered,2018-05-01 23:24:15,2018-05-02 18:31:29,2018-05-03 14:36:00,2018-05-16 17:11:23,2018-05-28 00:00:00
84ef6a73c1fcd8d48177e81dcf29e886,7666437651e45d394178c90df5210750,delivered,2017-08-08 14:52:46,2017-08-08 15:05:18,2017-08-10 18:57:28,2017-08-16 10:49:38,2017-08-30 00:00:00
fd8d6592a0d37e21eca3451890fe64d5,35bf8740c8b1f9ff9291e069d7621ae2,delivered,2018-05-29 19:09:30,2018-05-29 19:32:26,2018-06-01 10:03:00,2018-06-19 23:09:51,2018-07-05 00:00:00
6087f204aede647ef4720e5585966962,e1f402cd293ce51fe9be85bad82bb568,shipped,2017-10-21 23:02:57,2017-10-22 18:36:44,2017-10-23 21:13:56,,2017-11-16 00:00:00
d242e4368b3d82fc41caf793b03d603e,f04ce4eacfe67750cb01bd95399ebbd8,delivered,2018-01-31 22:23:35,2018-01-31 22:35:35,2018-02-01 19:45:47,2018-02-21 13:41:38,2018-02-26 00:00:00
063de687a6d9389fb6f6934d19d447f8,526633186ddc00e185c117db06d78d33,delivered,2018-06-30 21:40:36,2018-06-30 21:50:16,2018-07-02 12:13:00,2018-07-09 16:38:34,2018-07-16 00:00:00
97bb7e5d1176813061e12ca420b8a8e2,728be77f30519a56da991fbe192f2572,delivered,2017-12-09 20:00:06,2017-12-09 20:10:18,2017-12-12 00:34:29,2018-01-03 19:26:48,2017-12-28 00:00:00
06f66faa834248ccd67fa52058285d27,0b686b6cc50a4a516f7c2621e8d35287,delivered,2018-08-08 21:39:41,2018-08-08 21:55:12,2018-08-09 14:41:00,2018-08-13 14:36:32,2018-08-20 00:00:00
5d9d34ab320a65d476024f1146155415,974339e61a3c390681f9059d52938bfe,delivered,2017-08-17 00:02:20,2017-08-17 02:11:57,2017-08-22 18:52:19,2017-08-30 18:41:13,2017-09-21 00:00:00
6e6fe0a4ffa0d2ceb491628d18388697,3ef1961b4655f27d115bbd65b7ae17a5,delivered,2017-06-08 16:39:56,2017-06-08 17:03:52,2017-06-23 13:12:01,2017-07-03 14:47:46,2017-07-12 00:00:00
8a68020a3779749aba9552528b2b841b,89801e85c58d05a4a03c4c64f60cee07,delivered,2018-02-14 08:13:39,2018-02-14 08:27:10,2018-02-20 15:57:57,2018-03-01 11:25:34,2018-03-13 00:00:00
21fffc2b5c2da5c102a2faec84d352b8,4e3a88c13c2cbbeef7ed8a4876ca3289,delivered,2017-03-16 19:40:13,2017-03-16 19:40:13,2017-03-23 11:34:29,2017-03-29 13:43:09,2017-04-04 00:00:00
ff70ad5dd90ca8946ddb2ba48946c0e2,412974e7c238ff98dc3775a84b88429c,delivered,2017-11-15 19:23:43,2017-11-15 19:35:36,2017-11-16 13:18:38,2017-11-29 13:53:45,2017-12-07 00:00:00
e15ab2ec1abc926192e9da8f7e04326d,c95b52873284e1f5cc5754d2e926d919,delivered,2017-11-27 22:51:32,2017-11-29 02:17:24,2017-12-01 16:22:27,2017-12-08 16:52:12,2017-12-26 00:00:00
3a3c98aede7994faf4c5a37cf27877d4,dc0bd4e5d1e706773e212bd572996ec9,delivered,2017-01-31 21:14:52,2017-01-31 21:25:18,2017-02-02 06:23:58,2017-02-13 14:55:11,2017-02-27 00:00:00
18987d9e9060c343e5ed6e796aab9189,f5be20b2d50eca29b8977c5e4f51dda9,delivered,2018-05-23 08:23:15,2018-05-23 08:39:23,2018-05-24 08:44:00,2018-06-01 21:26:34,2018-06-07 00:00:00
f0e4f948ae4bea319a1a234026b3e22b,79edcc2cbde50d98a69878d4980e5fb4,delivered,2017-09-22 14:12:05,2017-09-23 02:25:36,2017-09-27 11:13:20,2017-09-29 21:24:50,2017-10-19 00:00:00
7ccdfd3342fd264fadc5bb59e1cfe163,08acf45fc7d699411450b76ba205cd6b,delivered,2017-09-20 00:54:10,2017-09-21 03:05:00,2017-09-26 16:41:51,2017-10-16 20:22:39,2017-10-18 00:00:00
f16cee914b281d60bc64534a18952330,93ad449b42cbb78aea99b3c5df295174,delivered,2017-07-29 18:35:46,2017-07-29 18:50:11,2017-08-03 12:04:40,2017-08-10 15:23:30,2017-08-22 00:00:00
2873f38fadf3dbce6bb4e15a62aa33dd,4111640f2261ffc2b5aefbb6d36c17a5,delivered,2018-04-21 22:26:20,2018-04-24 17:58:13,2018-04-24 21:50:49,2018-04-27 14:26:30,2018-06-04 00:00:00
df7cf69b92e5ffc5ff57038ee4990f00,e6b87d6ddad2302fabc2a8059ed210ca,delivered,2018-06-08 08:41:18,2018-06-12 04:35:51,2018-06-13 11:55:00,2018-06-18 18:12:15,2018-07-05 00:00:00
a46f6e08416c5d6fbc2134ed61c9e58b,2e4296c24612c218d6e2fe370f0a3c61,delivered,2017-06-06 23:18:10,2017-06-06 23:25:11,2017-06-08 15:11:24,2017-06-11 10:33:58,2017-06-20 00:00:00
750c2f8abeb99e69c24d98485ebb4022,e955fdb6b5d2ffcf9a67f0efa8e76550,delivered,2018-01-22 18:01:40,2018-01-22 18:16:54,2018-01-25 00:23:03,2018-02-05 20:53:02,2018-02-19 00:00:00
7ab64f42a8f9ab290e920eed320d7e60,0e8a675c17fd0098a9ba9cf466d8012b,delivered,2017-05-18 09:20:28,2017-05-19 02:35:18,2017-05-19 09:12:21,2017-05-26 07:49:06,2017-06-09 00:00:00
087a471c766adfaa11fd61670213b4c3,c095155cf7a5a0659a2cdf13287e43b6,delivered,2017-04-20 13:39:50,2017-04-21 13:45:09,2017-04-26 14:23:00,2017-05-08 13:45:55,2017-05-16 00:00:00
067c29bb966641e04d1d7a924aa3157c,6bd3af263aba7459bf1e349624a1512a,delivered,2017-10-02 20:56:12,2017-10-02 21:07:26,2017-10-05 13:03:19,2017-10-11 20:08:02,2017-10-27 00:00:00
066bb47ddf11dd2a74faed2b3d4d53ea,f2f525f654dc9fed6bb50aaa3aebb0da,delivered,2017-04-22 20:30:16,2017-04-22 20:41:36,2017-04-26 23:39:46,2017-05-10 10:04:37,2017-05-30 00:00:00
d61b83f993b6f618997a36f3ac4c2410,f25a63047e9c81999345623a11e9c090,delivered,2017-11-26 00:35:09,2017-11-26 00:53:42,2017-11-28 16:39:02,2017-12-11 17:49:21,2017-12-15 00:00:00
71282e3ab70a4319b82314e59041549a,0f866e064924e6caf059c4d0bf0335e8,delivered,2018-02-17 22:10:29,2018-02-17 22:26:36,2018-02-19 18:21:59,2018-02-28 21:09:15,2018-03-09 00:00:00
b8dee041f5693cc5bd0984155f847890,8d19b3ca44ba7b432f3d215b9ef8a2ff,delivered,2017-09-04 19:32:30,2017-09-04 19:45:16,2017-09-06 13:21:20,2017-09-13 21:22:16,2017-10-02 00:00:00
2d6c9f00e3d35a0f4e742fff1191d675,7b6c9b3a1320537ea96a805c11acd5b6,delivered,2017-09-13 12:17:25,2017-09-13 12:30:18,2017-09-14 19:16:45,2017-09-25 22:27:42,2017-10-06 00:00:00
f8b8a77937cd83cba18622b9e1e2681f,e651d841ae3705fa132b3fbeefcbd0ab,delivered,2017-10-03 17:05:02,2017-10-03 17:14:21,2017-10-05 15:02:51,2017-10-17 22:24:08,2017-10-27 00:00:00
a9687a65efa981b3d1e10a8b437962da,c9ae0cf86b3ca002831367892138ba7d,delivered,2017-11-22 09:48:14,2017-11-22 10:06:40,2017-11-23 18:13:11,2017-11-28 23:40:06,2017-12-12 00:00:00
dbe491c8c7def16cb4b93c51aa88c124,53a1c334c7e3dbf57ca4354ba5e93310,delivered,2018-05-04 20:30:28,2018-05-04 20:53:56,2018-05-05 09:30:00,2018-05-10 21:38:58,2018-05-29 00:00:00
779b6f84b404177ab8f8f5cfd0137216,21558b7b6743818a6667a0bae27ad407,delivered,2017-09-20 10:31:47,2017-09-20 10:45:20,2017-09-26 19:39:47,2017-09-28 15:07:39,2017-10-05 00:00:00
82101da55cd8646eed9d29379b7b2777,1dc1b2d1270f3857d9689e01dc8944b5,delivered,2017-12-11 09:17:04,2017-12-13 09:11:15,2017-12-15 22:47:03,2017-12-28 12:03:29,2018-01-08 00:00:00
954aedc4f98a5c752b4097b126a60832,b678b552b2e4fbd0447bcc1684789d36,delivered,2017-05-25 09:52:37,2017-05-25 10:05:10,2017-05-25 11:02:52,2017-06-07 15:12:34,2017-06-19 00:00:00
fe537e6a4ecefcef1306d5d67ed38c16,5fb6fe8fac6572d421201d0db52a0d9f,delivered,2018-02-17 19:16:50,2018-02-17 19:30:22,2018-02-19 23:12:12,2018-03-09 16:28:24,2018-03-20 00:00:00
dde801d2a66d76cddaff0a12600d459d,cd6de45188cef699892c78cc57df27ac,delivered,2017-07-19 09:40:04,2017-07-19 09:55:06,2017-07-19 19:12:00,2017-08-01 18:54:35,2017-08-14 00:00:00
3935314843d69e339825d1b0d7f6ebc0,aaf2c80bac819f4785dab771fa2742d5,delivered,2018-05-08 17:02:30,2018-05-08 17:31:01,2018-05-09 14:05:00,2018-05-18 12:25:52,2018-05-29 00:00:00
86245d8147b4d169e9e1587c6d4e7f45,271dadfff97f1e43071133688f875d24,delivered,2018-03-19 08:25:13,2018-03-19 08:35:28,2018-03-20 17:48:55,2018-03-27 02:06:40,2018-04-11 00:00:00
ea5552c430325cbf26a8b504d5805925,66d0f81a78ef68872539beb6c13430b7,delivered,2018-04-06 09:56:00,2018-04-06 10:09:03,2018-04-11 00:14:26,2018-05-04 20:58:47,2018-04-27 00:00:00
1a4dc88681af860f27b5e7af0cf35ecd,cdefa555b31181f8be693ab16ce1a8d6,delivered,2017-04-24 10:53:28,2017-04-25 11:05:17,2017-04-26 12:16:49,2017-05-03 12:20:11,2017-05-15 00:00:00
0758015124a0c9af755d31a7bf0efedc,6c4d762aaa6ab65c892e6cdd1de5947a,delivered,2017-09-16 14:51:37,2017-09-16 15:06:15,2017-09-19 16:55:57,2017-09-29 02:15:14,2017-10-11 00:00:00
8711deabc099e5d2c3c89afd73e485a6,8e7f8c397aa4a27f05e44625e5b9f9fd,delivered,2017-11-30 18:26:24,2017-12-01 12:31:33,2017-12-05 16:07:40,2017-12-21 17:25:58,2017-12-27 00:00:00
5a2fc8deabae69566f89581221d9a0dd,e35a9206d88ff93bc76a5cc78bd71235,delivered,2018-01-11 09:23:12,2018-01-12 02:35:21,2018-01-12 20:46:40,2018-01-15 13:04:35,2018-01-30 00:00:00
d61923c6cb80bdd877ba63a3c77830f0,a521c025a3c9cafce21c0156d1555715,delivered,2017-12-07 11:32:37,2017-12-07 15:01:31,2017-12-08 18:28:45,2017-12-15 19:57:06,2018-01-03 00:00:00
751faf67487905eeaf337644003ff82c,b3a21908915e2cb21871fb7c1a56a9e5,delivered,2017-10-19 19:24:07,2017-10-19 19:35:27,2017-10-20 19:23:06,2017-10-26 21:19:43,2017-11-07 00:00:00
f2bda88ec797456b974f810a84814028,f6bc1f7a73e63de75f85218f4ee4ba74,delivered,2018-04-12 21:14:09,2018-04-12 21:29:39,2018-04-13 22:22:24,2018-05-04 03:51:41,2018-05-11 00:00:00
2fe8d06695835130f65178317d0be4c7,2efbd1449f54af0ad6d218984bdf65b7,delivered,2018-05-25 18:29:53,2018-05-25 18:58:32,2018-05-28 16:19:00,2018-05-29 20:51:58,2018-06-12 00:00:00
fb2396a74aaecef7121159fc69a5a7d9,6bd987d89796d42d17d1581c76f3edb6,delivered,2017-12-03 15:58:51,2017-12-03 16:13:54,2017-12-05 19:03:49,2018-01-08 22:43:59,2018-01-04 00:00:00
4b99a000045d86380d5b014642fbc499,a6d0826873e7fd69267d460a167a51e9,delivered,2018-06-29 12:41:16,2018-06-29 12:50:17,2018-07-03 14:56:00,2018-07-13 16:58:35,2018-08-06 00:00:00
fc5701b47c62ca3a3f7c2514cd5edc56,5a9602cc6ddcdb2b24f0472bc9efaac1,delivered,2017-10-25 12:18:10,2017-10-25 12:28:13,2017-10-26 21:45:38,2017-10-27 17:31:52,2017-11-07 00:00:00
9d0e1b41a4281d12d3324e4b7635b21e,2d97b3ffd3a5911015a4415ff3d847e9,delivered,2018-08-17 15:43:32,2018-08-17 16:09:40,2018-08-23 14:40:00,2018-08-27 18:31:55,2018-09-12 00:00:00
690fcac48556995b83b79610b6732288,a8c5d1499b4a99c111add8f2c3c94049,delivered,2017-03-20 13:18:46,2017-03-20 13:18:46,2017-03-21 10:43:55,2017-03-24 13:05:59,2017-04-19 00:00:00
1b2e46dc89f67428df456980ad2ed5f9,9de1872ae494ed93aa3d2812f9b3aa1d,delivered,2018-07-23 16:59:27,2018-07-24 08:31:38,2018-07-24 15:07:00,2018-07-25 17:39:36,2018-07-31 00:00:00
777e12368d3bb5d1b085cdbc60c6f910,28deb679d1930565c09da8da090cbcbd,delivered,2018-08-15 11:56:10,2018-08-15 12:10:24,2018-08-20 14:39:00,2018-08-24 02:23:45,2018-08-30 00:00:00
669fd9e9df77c6f3c98b21439e07c31b,38b1c669658a056bbdb1e6c1bfbcfe76,delivered,2018-04-22 11:53:41,2018-04-24 19:17:08,2018-04-27 12:03:00,2018-04-30 20:24:00,2018-05-10 00:00:00
5b163ebdd5ac559f04d06af2069e23d3,1beee23bc97c837ff2053e648d9f338d,delivered,2017-10-25 17:17:30,2017-10-25 18:26:01,2017-10-26 16:59:02,2017-11-14 16:17:43,2017-11-21 00:00:00
8afb063e8c6757ee2a1a8fb16029aa8f,3b01b28ff924c07381c3a6d37ea2458a,delivered,2018-02-20 18:49:15,2018-02-20 19:28:32,2018-02-21 19:47:00,2018-03-10 13:11:44,2018-03-19 00:00:00
38ce6e56afadcd3a63c9ff944732287d,29d72e553ceab57d2c3ab9bf61d6e9a7,delivered,2018-05-07 12:59:03,2018-05-07 16:15:27,2018-05-10 16:03:00,2018-05-23 00:22:43,2018-06-04 00:00:00
c767c6e164464c133c309cd34b800997,09c87ec40e7dc86bfd0b79ccbcb73b67,delivered,2018-04-26 10:06:10,2018-04-26 10:33:46,2018-04-30 06:16:00,2018-05-15 21:09:17,2018-05-28 00:00:00
3ab5ea6981f6753595fe00318d111e5e,fe2626b9e5199ee9e77b01eadb8ef822,delivered,2017-05-23 21:30:32,2017-05-23 21:43:03,2017-05-24 15:39:51,2017-05-30 13:12:45,2017-06-12 00:00:00
5b361f79a49d353fe005273cc5dd725d,c37b049c9d46b1a0208d66bed08ff974,delivered,2018-05-12 19:50:52,2018-05-12 20:10:18,2018-05-14 14:04:00,2018-05-25 01:47:19,2018-06-01 00:00:00
0ebd409ca379ce0ed8b24e8f5a59a8ea,77d1c38d6cc3bc2b1b575097476543a0,delivered,2018-07-25 21:51:04,2018-07-25 22:15:14,2018-07-27 13:02:00,2018-07-30 19:49:05,2018-08-28 00:00:00
ca91862f94f3eb805b394ae462b669a6,50fca9169a180ed21779f010af207af0,delivered,2017-05-15 00:59:39,2017-05-15 01:10:08,2017-05-17 14:33:27,2017-05-18 12:33:34,2017-05-24 00:00:00
4c1cb7f4baf46ea807d4e65bc0494dba,d32e1e149743201b00ede9aca9df9209,delivered,2017-05-22 15:34:53,2017-05-23 17:45:16,2017-05-24 11:06:24,2017-06-08 12:35:51,2017-07-03 00:00:00
b1f3abcf6775aa5e52df38e4b157fe9c,b4e250c432ca2d8336fbe5e5affdddad,delivered,2017-12-24 14:19:46,2017-12-24 14:28:28,2017-12-28 17:42:15,2018-01-06 00:27:20,2018-01-26 00:00:00
dfa0b68ab249dcab78fb4046b7f3050d,47fbb158df800dc51ea6b33d40e214b5,delivered,2018-07-21 03:05:34,2018-07-21 11:50:12,2018-07-23 13:56:00,2018-08-01 23:21:55,2018-08-27 00:00:00
3417639844a3a88b3ee9e86ecbf802b7,2b64ee8770672fe8f26ee30b6830af94,delivered,2017-12-26 14:31:52,2017-12-26 14:49:16,2017-12-27 18:28:43,2018-01-09 12:53:44,2018-02-02 00:00:00
ee81daf572c595016b038f9dcf8f6a0a,d09527c5947fe80403de8cee76442c42,delivered,2018-07-04 20:14:04,2018-07-05 16:14:02,2018-07-05 14:17:00,2018-07-13 13:36:40,2018-08-02 00:00:00
b7efe64319f69973a0924eb8e7a1ed3e,a328e11781c6b668cea0a2bda09ed9d3,delivered,2017-12-28 16:42:46,2017-12-28 16:50:27,2017-12-29 16:04:01,2018-01-23 18:27:55,2018-02-01 00:00:00
3ca9bfb188b7a5dee65700923d088502,5eff91883bfa0e1c833a292e1a30e0bf,delivered,2017-11-28 12:25:35,2017-11-30 02:22:07,2017-12-08 12:58:18,2017-12-19 01:05:54,2018-01-09 00:00:00
196d07f4360358baef663fa6bbba95b0,857270fbac444dc798a0a452cec924f8,delivered,2018-05-11 19:46:38,2018-05-11 20:16:41,2018-05-14 13:46:00,2018-05-21 17:51:17,2018-05-30 00:00:00
c59585ab4509d02f4685423c12357ed6,7388c02748d6f6805ab8c2567cc7e0ad,delivered,2018-02-23 10:19:19,2018-02-24 02:48:32,2018-02-26 22:19:13,2018-03-07 19:13:26,2018-03-22 00:00:00
7af6541803424eeecb9ec5148df1f74a,f487d1e458323b7515501432ec6d8bc4,delivered,2017-10-29 20:51:29,2017-10-29 21:05:38,2017-11-01 23:23:27,2017-11-13 20:30:07,2017-11-21 00:00:00
6e839a316ec11c925e803dbcf1d8210a,d2ee05a1553278fc235a3cade4d19809,delivered,2018-01-16 19:37:33,2018-01-16 19:51:14,2018-01-20 02:18:54,2018-01-30 13:09:30,2018-02-09 00:00:00
7a2794a2a0fe321c8b3735dac52ca64d,36208b84575a59b68fde6b6241c10e26,delivered,2017-11-25 15:47:40,2017-11-25 15:58:37,2017-11-27 14:48:15,2017-12-20 19:53:42,2017-12-21 00:00:00
efb9ad1c5eb60ac2a3565723d18230fd,51316a30363c2c36855d836cb563e76d,shipped,2018-02-15 19:14:40,2018-02-15 19:30:43,2018-02-21 20:17:54,,2018-03-12 00:00:00
d368a1aad6fbecd01c20f4bef6bbad64,b7551075c84a52e0a16a2bdb12d89d90,delivered,2018-07-11 23:59:17,2018-07-12 00:10:12,2018-07-13 14:47:00,2018-07-14 13:04:28,2018-07-24 00:00:00
19530a2973e25dffb52a39210f27ebb0,fb414321e11f6ff470a42cf778c60753,delivered,2017-09-20 22:19:51,2017-09-20 22:30:15,2017-09-21 15:47:47,2017-09-22 20:03:12,2017-10-05 00:00:00
4653095ef7d71a9c9514e55131538126,402943ae9d74ed16a21da5455f419294,delivered,2017-11-04 06:59:58,2017-11-07 07:30:43,2017-11-08 19:26:51,2017-11-13 20:58:46,2017-11-29 00:00:00
2502fdbda37b0748046e3b6c9d33e7ea,19a81cc55bd0e8ad389c7b787c9c280d,delivered,2018-04-11 15:35:23,2018-04-13 10:50:18,2018-04-16 19:32:18,2018-04-27 19:48:39,2018-05-10 00:00:00
66cc026722b3407facaaa00f34cfef52,45734e91784cbe205cb096380e8197a0,delivered,2018-05-09 18:20:48,2018-05-09 18:35:16,2018-05-10 16:49:00,2018-05-24 19:49:39,2018-06-13 00:00:00
7222c3a8696a84d8f538ee8db5832c67,9fc04c616b5152752cf00b3e8c520a94,delivered,2017-11-12 21:15:48,2017-11-12 21:30:21,2017-11-14 16:49:36,2017-11-30 19:33:12,2017-12-14 00:00:00
977649a07fb7be354cc39d9a79ee83e1,d7d1465f1de475b3d507ab913951fb3c,delivered,2018-07-11 10:10:01,2018-07-11 10:26:31,2018-07-12 12:19:00,2018-07-27 16:51:14,2018-07-30 00:00:00
d0f04dee9c829112fe7fa0842b4b0a8a,adaf66d6338b6afdcf83c0f35a29aacb,delivered,2017-05-16 17:54:54,2017-05-16 18:05:22,2017-05-17 15:31:48,2017-05-24 11:48:08,2017-06-07 00:00:00
432a9adaeaabee5a6d9ffa692ef34689,ee2cd66d3b85edee9c2725c697db9c4f,delivered,2017-12-08 18:41:56,2017-12-08 18:53:33,2017-12-11 21:09:22,2018-01-04 22:47:55,2018-01-10 00:00:00
38c8ba427ad6da87673e4545427e9027,ba6bb98f155b2497990241226bf28eec,delivered,2017-07-28 08:39:44,2017-07-28 08:50:19,2017-07-28 18:33:12,2017-08-01 21:22:18,2017-08-21 00:00:00
9addcfb50039a7744e3385c20debb983,d4788cd29b824400650133d63034df02,delivered,2018-05-25 10:23:03,2018-05-25 10:35:11,2018-05-25 14:40:00,2018-06-06 16:26:51,2018-07-05 00:00:00
1ec810048eb69cc5b35a28f05c86bc8a,d4beef859d9a353bdf1b0876730c986a,delivered,2017-05-28 19:04:17,2017-05-28 19:15:13,2017-05-31 11:04:38,2017-06-06 12:44:38,2017-06-21 00:00:00
0f4519c5f1c541ddec9f21b3bddd533a,1a8a4a30dc296976717f44e7801fdeef,delivered,2017-03-09 13:26:57,2017-03-09 13:26:57,2017-03-22 05:28:14,2017-09-19 14:38:21,2017-04-11 00:00:00
81d715926d69a15e7220e3e7092f6c4d,477370c733868fe48e64bb3882ef1b4c,delivered,2018-04-11 12:55:20,2018-04-11 13:10:15,2018-04-12 14:22:44,2018-04-20 20:21:48,2018-05-04 00:00:00
b708bcdd3889b8e6df7323fcb64bec79,fe491bb998464f01edb29d2c967ea693,delivered,2017-10-11 11:03:15,2017-10-12 02:20:54,2017-10-13 18:21:41,2017-10-19 20:50:10,2017-10-30 00:00:00
fb08dd566174dbeebc7a8657b0c1aeb7,bde359315c6d85850ae136185b1060d5,delivered,2018-01-20 13:10:45,2018-01-20 13:30:16,2018-01-22 21:11:52,2018-02-01 18:42:19,2018-02-15 00:00:00
a111f1d17afc3e76dd0c2428a96a7617,b79ba9d57f765887e6f8523786186ae1,delivered,2018-08-05 22:13:55,2018-08-07 04:44:39,2018-08-08 15:29:00,2018-08-14 01:03:32,2018-08-10 00:00:00
cfba3ca25a049f8bdf836baa3b8be493,1c282323584deebf1025c4c72dde565a,delivered,2017-01-23 20:21:12,2017-01-25 02:45:48,2017-01-26 14:58:39,2017-01-30 18:23:45,2017-03-02 00:00:00
1fb6880d44ba288c88dd005bbba85b99,b8ec2a4b422f110c3511b9408ffaee3e,delivered,2018-02-13 19:13:34,2018-02-13 19:27:24,2018-02-14 16:14:44,2018-03-07 15:52:00,2018-03-15 00:00:00
3f515b21edaaa117bbab2833ce2cae32,8c49836680a00b97d63059dc43458e50,delivered,2018-01-26 11:31:25,2018-01-26 11:40:24,2018-01-26 21:03:52,2018-01-29 18:35:16,2018-02-14 00:00:00
5312f3d56a531aaf51a7b9b3e38905cf,e66cf38a4613e6c515fa66440545edfd,delivered,2017-11-27 21:54:52,2017-11-27 22:17:48,2017-12-04 11:09:34,2017-12-05 18:03:14,2017-12-18 00:00:00
c9df3da7ad0c96f09355e11504f68d55,7dac2d2be0b88202e20a740d1ead62a0,delivered,2017-04-19 15:49:44,2017-04-19 16:22:10,2017-04-20 08:27:44,2017-04-26 12:27:08,2017-05-11 00:00:00
16d3e6e8282d9f56a862a812e88ff366,dd62583c3bb8dcc05888cd20ed252745,delivered,2017-05-12 17:29:57,2017-05-14 15:55:17,2017-05-15 08:13:37,2017-05-18 14:54:59,2017-05-30 00:00:00
c72e248317c3bee8d95d20602d8f435c,d4a41ac59d9d6532649a6eec0e27b7e6,delivered,2018-04-27 17:02:54,2018-04-27 17:15:27,2018-05-02 13:36:00,2018-05-10 18:13:06,2018-05-29 00:00:00
e74c5411558a7a26de918d23a07e1cef,cfa82fe41a4fe2ba6d68e73d37350258,delivered,2018-07-10 08:54:41,2018-07-10 09:10:20,2018-07-12 16:05:00,2018-07-13 20:34:41,2018-07-26 00:00:00
d83d299f99cc0cc92038c685c73f60d6,36ff5b9abf34399f011005832bfd57a3,delivered,2018-08-12 19:59:26,2018-08-12 20:15:17,2018-08-13 13:57:00,2018-08-20 17:41:47,2018-08-29 00:00:00
de8f695cc30ff739ee50c1209638549d,48f74010d81b2386bacab0759eecb33f,delivered,2017-09-17 22:24:28,2017-09-17 23:20:29,2017-09-19 20:02:59,2017-09-26 17:35:15,2017-10-17 00:00:00
d770c2af072ad47e1f38031aac283ee9,fb7a48382e1775b67f2b5d637dd6c576,delivered,2017-05-17 23:37:20,2017-05-17 23:45:13,2017-05-19 09:27:59,2017-05-23 00:16:55,2017-06-06 00:00:00
93b78181e649b7f9afa19b6240ced12f,5c922f4fd6d3cbc3719a275f29db4e21,delivered,2017-09-14 14:08:27,2017-09-14 14:26:14,2017-09-19 14:19:42,2017-09-20 15:23:24,2017-09-26 00:00:00
cf8ace9395d2ee06b4b513df8ba682b3,ad02be9a3c992f78bc890f2696a0493b,delivered,2018-04-12 11:03:44,2018-04-12 11:31:48,2018-04-12 21:52:28,2018-04-13 21:57:48,2018-04-27 00:00:00
a66cfefa309e2beb4dbff4037b531ca8,5441313e6830e1a41ae1fd6d5ad9ab9e,delivered,2018-07-26 22:44:42,2018-07-26 23:20:14,2018-07-27 10:26:00,2018-07-30 17:54:58,2018-08-03 00:00:00
7b2a59ac3925f388c847aa4b8c3b9cd7,9a08d4100860cb1c8033a2c80f45c3e0,delivered,2018-02-09 18:34:05,2018-02-09 18:48:24,2018-02-14 18:42:10,2018-02-16 16:58:52,2018-02-23 00:00:00
5207664bb97d53e5e9cdfd0163380e2f,7b1d4d024295cc2b11b2896b06458baa,delivered,2017-03-26 21:29:35,2017-03-27 07:10:09,2017-03-27 12:41:53,2017-04-27 10:11:04,2017-04-26 00:00:00
da53168e1e12e3408d193c03604f260d,baa44e1b7be98ae9c59021a99509a628,delivered,2018-07-05 10:00:59,2018-07-05 16:05:29,2018-07-05 10:23:00,2018-07-10 22:03:28,2018-08-01 00:00:00
3d69b8fb75425d68773abee98e5217da,5547f4c45fa394bf146f873bdbefb07b,delivered,2018-06-23 11:31:17,2018-06-23 11:55:29,2018-06-25 14:07:00,2018-06-26 14:27:48,2018-07-11 00:00:00
34b52e1c183144d83dae0e368e920950,59803495009fd20d25c7a207b6a6fb81,delivered,2018-08-12 11:56:55,2018-08-12 12:05:17,2018-08-13 15:09:00,2018-08-14 15:50:51,2018-08-17 00:00:00
9c15c036c4f16b07067be66809ad0a9b,64aa80575506a08c3d6f3a38bd6576d1,delivered,2017-03-29 19:44:20,2017-03-31 02:15:34,2017-03-31 08:41:57,2017-04-04 16:08:50,2017-04-20 00:00:00
72d44473e1527dda73c900bbc004f294,b35ac25f1b652e254aa7962e33aa1d16,delivered,2018-06-01 15:59:34,2018-06-01 16:15:17,2018-06-04 14:56:00,2018-06-05 20:32:08,2018-06-26 00:00:00
ce5ac3d77cca9ee37ace392eb33cee3f,de8c0c2c84ae2509dfa7594c4e00a219,delivered,2017-10-17 19:05:01,2017-10-17 19:14:15,2017-10-24 12:11:10,2017-10-30 20:54:02,2017-11-08 00:00:00
4fa1f3386053fb83bfcb80df2abb0ed5,c0e7e79bcaabdbc3d801aeccbd349acd,delivered,2017-07-10 13:38:15,2017-07-11 03:55:36,2017-07-11 19:23:23,2017-07-25 00:18:19,2017-07-21 00:00:00
70e4a16cdaa84276ed287a38cf800b41,6a9bef4c174a9da90658bdb9574ef42c,delivered,2017-11-12 16:49:26,2017-11-14 04:10:40,2017-11-17 20:04:45,2017-11-26 15:46:07,2017-12-06 00:00:00
9813a3dc93e8c648e03270feca0e918b,b227d66d4c411666070d0bdafd1061f8,delivered,2017-04-04 23:14:23,2017-04-04 23:25:16,2017-04-05 14:39:10,2017-04-10 13:47:46,2017-04-27 00:00:00
bef6908876c633575a196a310d1b5d77,a83ac7ce2fbf35d6cfe824ee9035fb1d,delivered,2018-08-06 09:54:06,2018-08-06 10:55:21,2018-08-08 15:00:00,2018-08-10 17:28:25,2018-08-20 00:00:00
872076a76f2016c1ce453396f61c995b,bb5a8eb623c125a2de9f652361313c11,delivered,2018-05-14 14:03:42,2018-05-15 08:35:23,2018-05-15 15:17:00,2018-05-17 15:03:50,2018-05-24 00:00:00
8ec55bc714dc23ff93908bdaf8b97704,a2c6cf15697f03b627807d18d51f0c37,delivered,2018-01-19 11:46:16,2018-01-20 09:07:40,2018-01-23 12:17:10,2018-01-24 18:13:09,2018-02-05 00:00:00
f19f3e41a55de40d4ce494d1155a43d2,473ab0020167a0a29021463bade19fca,delivered,2018-04-06 07:08:27,2018-04-10 03:50:40,2018-04-10 19:52:16,2018-04-18 17:37:05,2018-05-04 00:00:00
67c962d7ef6cc2b3d925892e8613dd9f,f57ea69386fb2d18c59fd03b7bb01dd6,delivered,2017-09-11 21:19:55,2017-09-11 21:35:48,2017-09-12 18:47:51,2017-09-16 13:19:50,2017-10-09 00:00:00
4b78a3c3971b83606a959d5c98208c66,fe3a04d82937a1d7343249c13322e99c,delivered,2018-05-21 15:22:00,2018-05-22 09:15:34,2018-05-24 14:47:00,2018-05-25 22:46:46,2018-05-30 00:00:00
e45d7080e7473acc3193715209b095c4,976f152ef42f30a6e4bca8966a8b4099,delivered,2018-04-26 10:46:49,2018-04-26 11:12:47,2018-05-15 14:06:00,2018-05-18 17:11:48,2018-06-12 00:00:00
6808d92d02c7f9b169e83f402c98ddcf,8f2dbc1fcadb8bb144df2202bdc7aa9c,delivered,2018-08-23 23:15:26,2018-08-25 02:50:18,2018-08-27 15:19:00,2018-08-28 21:32:09,2018-08-29 00:00:00
5b0cbe028ba75896dcef147e3cfaae1b,e09b89f779d02d6dd26e43881670d935,delivered,2017-08-10 13:55:29,2017-08-10 14:10:17,2017-08-16 18:27:40,2017-08-23 19:57:48,2017-08-30 00:00:00
f12ff2a4932dcfb02448431710f346f9,db02c3f004a364b3fe0c9dbe24d808b5,shipped,2017-11-09 21:27:56,2017-11-09 21:47:46,2017-11-11 00:18:21,,2017-12-07 00:00:00
a9a5f4b190bf96ee22d3480fc1d17b41,805b88002d76a57eae5395ad1a655c98,delivered,2018-01-12 13:48:14,2018-01-12 13:57:28,2018-01-13 15:13:35,2018-02-03 13:14:47,2018-02-14 00:00:00
7124ccc1150a93e9f1d52032ebb1135c,b94419ee3dc0e32a94c0678d5da785d0,delivered,2017-11-25 09:16:44,2017-11-25 09:33:09,2017-11-27 16:34:28,2017-12-11 21:38:48,2017-12-20 00:00:00
7ec6696d228f74c2935e596f44195356,60b6d8366599eb7dc2169fe862b4286d,delivered,2018-02-15 12:54:56,2018-02-16 07:55:32,2018-02-17 00:12:50,2018-02-19 17:13:30,2018-03-01 00:00:00
938b0c8375c67353f8240990a0e781cc,53da9e04fa6b6b63403e3fb33c8222ad,delivered,2017-05-14 17:22:55,2017-05-14 17:35:17,2017-05-17 15:50:00,2017-05-26 12:37:39,2017-06-06 00:00:00
b047b314bbfa89e4a830fbdba55c7afd,9898e8eddc4e40527c7cda1dc8ef3a9f,delivered,2018-07-10 10:40:05,2018-07-11 15:30:20,2018-07-13 12:49:00,2018-07-25 13:53:39,2018-08-02 00:00:00
a58a3ce88136b2ca8432465f4bb5adaa,fbb076794786e1bd0a1e33eb71bcd595,delivered,2017-08-11 06:35:54,2017-08-11 06:45:08,2017-08-14 19:44:59,2017-08-24 16:19:25,2017-09-06 00:00:00
fa347fa4c2178db364a55330081ae2d1,9fb80d4cb0b26f8938d1dbba00c0348b,delivered,2017-11-25 19:13:23,2017-11-28 03:19:31,2017-11-29 21:34:44,2017-12-27 19:36:38,2017-12-11 00:00:00
b0ee42f5b3ee64a5acb42cbd955c6e97,b76aea676aabdab15c3c30fd1a8c5536,delivered,2018-05-06 12:08:42,2018-05-08 04:15:36,2018-05-08 14:40:00,2018-05-14 17:42:13,2018-06-05 00:00:00
23072f93197ce1005af84937345b910d,62db6986e87cb368bd98dfa252ecc606,delivered,2018-04-30 18:11:53,2018-05-01 02:53:11,2018-05-02 14:17:00,2018-05-08 23:42:55,2018-05-18 00:00:00
69f6c952c081cc5dcc49173473630516,ae4c4beb11e7a4b395a9acc4ea3ee895,delivered,2017-07-02 13:02:39,2017-07-02 13:23:37,2017-07-03 16:40:53,2017-07-14 18:03:53,2017-07-25 00:00:00
45231e392a71d6e8a9081c85ec33aa15,c96b4cfef71ae1ab097480c18abc21e2,delivered,2018-01-03 13:44:16,2018-01-03 13:52:33,2018-01-04 22:39:04,2018-01-05 16:56:49,2018-01-19 00:00:00
d16083ed35e57acd01a5ce52c16e5349,15833df384f0772466d927adc9e68d79,delivered,2018-07-18 17:54:31,2018-07-19 02:42:33,2018-07-20 13:16:00,2018-07-26 18:33:32,2018-08-16 00:00:00
9a3adeb47e7d9f58c6d32d1cf2fb118a,adf5eda727670766a5e36616580ee0f8,delivered,2017-05-19 19:15:15,2017-05-19 20:22:40,2017-05-23 06:27:42,2017-05-30 07:24:55,2017-06-12 00:00:00
517edafccdb3fbe4164342a0f5ada0ca,df5109a90fdf4b8749ff1f40ad43aad7,delivered,2017-11-22 20:53:59,2017-11-22 21:07:31,2017-11-23 14:46:51,2017-11-30 21:38:52,2017-12-14 00:00:00
faeeb4eb4150e4e1246627ee36ae6f60,166cca2d65c48d84cfe64329ed713c71,delivered,2018-03-14 11:58:07,2018-03-15 03:15:53,2018-03-15 20:04:02,2018-03-29 15:08:38,2018-04-09 00:00:00
1bc6f68ff248f7bf9856f60c4c43b8a5,be85a838ba9d5a534df81333b491655f,delivered,2018-07-26 17:59:20,2018-07-26 18:15:17,2018-07-27 15:14:00,2018-07-31 22:20:44,2018-08-09 00:00:00
061304e42542425c8ff0be14d03126e4,d48e06972235c6510cc66cebc10ab77e,delivered,2017-06-14 14:59:53,2017-06-15 14:50:21,2017-07-10 22:22:20,2017-07-14 11:42:07,2017-07-05 00:00:00
aa649f102949b264d3d83c5c545dedfd,09459fdb13104dcebd0c08f87be0c08b,delivered,2017-12-28 17:48:58,2017-12-28 18:08:51,2018-01-02 18:17:33,2018-01-10 16:45:53,2018-02-01 00:00:00
40a2f98011d4a7be3a934cc6ca8afd9b,5d7d2b31d60795166c2521bdd498b0cf,delivered,2017-05-16 18:26:49,2017-05-16 18:35:22,2017-05-19 09:23:43,2017-05-25 15:09:58,2017-06-07 00:00:00
09e74688e8059c85519cce1489af2e5c,212c138741751c407754e4ad14763dd4,delivered,2017-04-01 12:02:13,2017-04-01 12:15:26,2017-04-05 09:48:07,2017-04-07 07:22:24,2017-05-02 00:00:00
cee919bd7163243ec1de9cab6b7b7bc8,66a2895f55f89a9a33063dc8e781314e,delivered,2018-05-12 14:45:53,2018-05-12 15:22:21,2018-05-14 12:59:00,2018-06-04 12:52:02,2018-06-12 00:00:00
ce65464cf5fd5392097c6eb4a9a7918c,67ded7e65a2d293fde52b00d0fa6bd03,delivered,2017-11-27 11:21:53,2017-11-27 11:35:32,2017-11-28 18:02:37,2017-12-04 15:51:39,2017-12-22 00:00:00
37657bc9d98b4fc611e6671d40daa83c,9eb4421dcd3ef96e81c3d954d9d15ec4,delivered,2018-06-25 23:17:23,2018-06-26 00:35:19,2018-06-28 11:23:00,2018-07-03 16:36:33,2018-07-23 00:00:00
fd867bdd8258af11c6d8d6ff8c6c82db,ae534112af536deb8446fb273796316d,delivered,2017-03-23 21:36:05,2017-03-23 21:50:15,2017-03-24 11:33:19,2017-03-29 13:04:48,2017-04-13 00:00:00
b1e4c784d72d000802c113dc0d4420d0,2308ee1f4681e93de3a682e4411ee5d2,delivered,2017-09-12 08:47:03,2017-09-13 03:35:21,2017-09-19 14:10:29,2017-09-28 20:45:57,2017-10-04 00:00:00
2994f64a88d65527ae04561a83ed11fe,e7b8f5b4e3ea1f449dcab86a426b4e01,delivered,2017-02-09 15:43:30,2017-02-09 15:55:13,2017-02-13 08:34:37,2017-02-15 10:08:01,2017-03-08 00:00:00
a01f50d51f398895df76f0953182e1f2,69b904a580620dd2898f30a0ce35ccfd,delivered,2018-05-12 14:38:31,2018-05-15 09:58:39,2018-05-28 14:51:00,2018-05-30 14:22:05,2018-06-06 00:00:00
1e62c84c858e09d44e8612fd6efeeb32,64223c94da62fd36835fd3e6c2342fc7,delivered,2017-07-14 10:56:13,2017-07-18 06:03:44,2017-07-19 18:57:35,2017-07-31 21:33:59,2017-08-09 00:00:00
93e01af1a5d9d9d64c5668ec037ed020,056da52b4e48dfc71f202b78016c2ffa,delivered,2017-07-02 17:18:39,2017-07-02 17:30:10,2017-07-06 13:29:00,2017-07-14 18:47:45,2017-07-21 00:00:00
8a7b84dec7fc7df583a40c69e47d7774,00f6b2176ddb649359d064053de50c2e,delivered,2017-05-24 19:42:09,2017-05-24 19:55:16,2017-05-25 14:07:10,2017-06-07 15:50:24,2017-06-16 00:00:00
93d3acc57bd28d53e25e2624c13c470d,d472dbf6ecbea44dbc6078d5bb5c0c6d,delivered,2018-05-21 11:06:07,2018-05-23 02:55:12,2018-05-23 11:20:00,2018-06-01 20:51:58,2018-06-05 00:00:00
ebcb26a45847ef36be47894f2af9bfd7,533a50f4592ff36c1041d824d4c67ac9,delivered,2017-10-22 09:32:52,2017-10-23 09:35:17,2017-10-24 16:12:48,2017-10-30 18:17:49,2017-11-21 00:00:00
efb954f0f94973f526cbb1c0492bcffc,a621b3f60876c815447f6d571e3c226d,delivered,2017-07-31 17:21:36,2017-07-31 17:35:12,2017-08-02 19:58:59,2017-08-08 19:42:11,2017-08-29 00:00:00
34e0517759f61ad4194136f63ab3f3cb,c52e38620240ce2fe6550e41f64fcdf4,delivered,2017-06-03 13:59:31,2017-06-04 14:05:26,2017-06-05 15:10:10,2017-06-06 10:11:36,2017-06-26 00:00:00
5f61b71c278e0e65231c70f058f4ab00,6644f96e1da51ce92f80d0c2793199fa,delivered,2018-05-23 20:42:04,2018-05-23 20:57:32,2018-05-28 13:18:00,2018-06-01 15:28:41,2018-06-26 00:00:00
c992f37682e64f4ac2ec63136c54369d,55cfd643760b0684490f43423cb21c4a,delivered,2018-07-18 09:03:04,2018-07-18 09:15:13,2018-07-19 13:58:00,2018-07-30 20:45:52,2018-08-09 00:00:00
b3e7ea02bc00558f1ee99a2927181b4e,2b700cb734e7009c5b736376ca57ebac,delivered,2018-08-05 22:00:56,2018-08-05 22:15:24,2018-08-08 11:48:00,2018-08-17 13:52:25,2018-08-20 00:00:00
05c32785b5245ab31eb5bc6b0d41f698,e07f0f4cab25170d8b2d28cf80a38370,delivered,2018-05-12 22:16:52,2018-05-12 22:36:23,2018-05-15 13:46:00,2018-06-05 00:24:51,2018-06-27 00:00:00
9ce0c6d8c2be703af5c2a180b715fc8f,9a54b61650bb6b6dab4ad690c4b265e5,delivered,2017-03-26 18:56:38,2017-03-26 19:10:18,2017-03-28 15:42:48,2017-04-03 16:54:47,2017-04-13 00:00:00
3e260a92ff50c19fbc36aa8a1d0970d1,981e0c95984009d4b5f08e1cc422e0c8,delivered,2018-02-15 16:57:37,2018-02-15 17:10:24,2018-02-21 21:23:27,2018-03-07 19:26:40,2018-03-20 00:00:00
66b04218fe3a0af6ca54d243ecfb3737,5ffaa9e0952296664dfda701a20c5519,delivered,2018-02-03 21:44:23,2018-02-03 21:55:21,2018-02-16 17:03:53,2018-02-26 13:58:54,2018-03-20 00:00:00
0c469ff5fde3323c2a8b99387f46bb19,5473f5784ea911c98ae1da72138f37dd,delivered,2017-08-08 19:26:46,2017-08-09 19:24:31,2017-08-14 14:46:51,2017-08-30 20:42:46,2017-09-05 00:00:00
80a2b0dcabefef6a83477204433b2482,4fa80c5dc3ee4b69457bf4ec5c091d2f,delivered,2018-03-04 14:28:44,2018-03-04 14:48:48,2018-03-05 18:28:48,2018-03-10 15:58:55,2018-03-21 00:00:00
90e9b4dd7939ec6f522647db526f5ea0,6c63eb1db2aa1062cb8c81dd9a303dea,delivered,2018-05-02 15:27:11,2018-05-02 15:59:21,2018-05-03 11:26:00,2018-05-09 21:12:50,2018-05-28 00:00:00
6920ef9156484c35b45b8a13656860bc,719ee005a5a75b965d95e367a1be7caf,delivered,2017-09-18 17:46:15,2017-09-18 18:06:08,2017-09-20 20:13:51,2017-09-25 20:36:33,2017-10-04 00:00:00
c5dc3239938cdd5fbaa0dae29b966d2c,eb66863a17ee48ce53653ee4afd4af21,delivered,2018-07-01 11:35:55,2018-07-01 12:09:26,2018-07-03 11:18:00,2018-07-11 20:22:03,2018-08-07 00:00:00
5466d76b73c2c9ea826b3fc661288d0c,684e1aa246a9eadc3e6827685b10e48e,delivered,2017-08-21 13:47:03,2017-08-23 02:47:20,2017-08-23 15:52:51,2017-08-25 13:42:14,2017-09-11 00:00:00
1ca816da4b6e814732f7cdc2365bf540,7a58ad4933a353bfe3152b324b6af16b,delivered,2018-04-09 19:50:21,2018-04-09 20:10:39,2018-04-12 21:41:19,2018-05-04 19:40:58,2018-05-02 00:00:00
7d15ee19ba086bc60941dcc1b1c8f9b5,5cb606d43600f31c6bed6f2be64ba1df,delivered,2018-04-09 12:06:32,2018-04-09 12:29:53,2018-04-10 20:42:28,2018-04-11 21:48:20,2018-04-19 00:00:00
1133be08257f4765d8551429f4ad2144,177fc7ae2e9f2151a7273d1040eeb7a8,delivered,2018-07-20 10:25:59,2018-07-20 10:35:19,2018-07-20 14:41:00,2018-08-04 15:06:57,2018-08-15 00:00:00
271a60ca2e506446f84f15a5246bced3,a49ae7843fa7b392f6e13a14e5e18c16,delivered,2018-03-04 17:40:28,2018-03-06 03:48:51,2018-03-07 01:58:30,2018-03-16 15:03:56,2018-03-22 00:00:00
60ef2f57ad0bdb9491f0d62b4147d7f6,e488ec82faeb287d7d9fc85bd9960c22,delivered,2017-06-09 14:56:30,2017-06-09 15:10:13,2017-06-16 15:42:15,2017-06-29 15:06:52,2017-07-18 00:00:00
65e560b80ca884377880a124eb79a349,0bb10a5c4a815deda21cde1c4131e90a,delivered,2017-11-24 21:16:37,2017-11-28 03:47:18,2017-11-28 20:26:55,2017-12-13 00:59:45,2017-12-18 00:00:00
14a92ecd0503cd0c9f6cfb0aea76dfa7,e4e4549de3fcdc34ca36d2c96f85321e,delivered,2017-06-14 11:31:58,2017-06-14 11:50:16,2017-06-16 13:25:31,2017-06-19 19:23:47,2017-07-03 00:00:00
b1591d0dddc34fc0db8601799e1fbd9f,887ff35acabd7ba225eab1330ac7154f,shipped,2017-08-01 20:26:19,2017-08-02 02:35:01,2017-08-02 20:52:08,,2017-08-30 00:00:00
621e03f779410292b15f82803b88fabd,13d2a1d76856340c89fe82c204510180,delivered,2018-01-22 18:33:21,2018-01-22 18:57:05,2018-01-24 19:10:03,2018-01-26 21:52:40,2018-02-14 00:00:00
7be91eab3dac2edd89fc7f519e1649f5,7e01705680a54dc5c98635ed83de8508,delivered,2018-06-14 14:23:22,2018-06-15 14:25:39,2018-06-18 14:28:00,2018-06-29 21:04:59,2018-07-18 00:00:00
d1c0be9650d4276bd67e6f8cd3af248b,dcde62303950a15fc5b2aea31c11f5a8,delivered,2018-02-04 15:39:37,2018-02-04 15:55:33,2018-02-06 01:33:05,2018-02-15 16:59:21,2018-03-06 00:00:00
68a08e0bf6b9dd35f0bb977acd0f1358,09436a6184161df39d8528de4e13b7dc,delivered,2018-03-15 06:35:49,2018-03-15 06:50:20,2018-03-16 19:46:27,2018-04-13 19:44:28,2018-04-09 00:00:00
16de740155e4e909578bd90826a632c1,cafaf59bd14e7535e7b6620739ac144a,delivered,2018-08-24 10:16:19,2018-08-24 11:45:14,2018-08-24 15:35:00,2018-08-29 23:47:20,2018-09-10 00:00:00
d12c3951e6642988af6886426a27cf1d,1b5d94c383719290f813751e9253d6e3,delivered,2018-06-21 15:00:50,2018-06-21 15:17:50,2018-06-26 15:01:00,2018-07-06 13:23:46,2018-07-20 00:00:00
ba43195b0f997630dab0e5b6dae0a6ab,d4ebaccdb4593f7460e7936aca80db92,unavailable,2018-01-12 12:30:21,2018-01-13 02:05:31,,,2018-01-31 00:00:00
c5286c3adca434033c81d5622ebf1c2f,0e3e9543eeac727e8c5594ac6cb24797,delivered,2017-12-22 22:21:21,2017-12-22 22:32:25,2017-12-26 17:47:02,2017-12-27 20:38:54,2018-01-12 00:00:00
47aae990d1ea088fd601ee94fcdfe652,c4099b13d2795415cf8a9e77b8b7420d,delivered,2017-09-21 04:29:57,2017-09-21 22:35:25,2017-09-25 21:09:44,2017-10-16 21:44:49,2017-10-06 00:00:00
9975d8efcc8e0ffd4ebb4b3d16592110,e76656ce4486a41da00e471277b1d1e9,delivered,2017-06-16 00:18:25,2017-06-20 11:10:27,2017-06-23 11:33:17,2017-07-05 16:53:50,2017-07-07 00:00:00
84f7db01521f80940a5251ef37175555,547dbb57ee7806557d8c8ac8feb3cc93,delivered,2017-05-30 11:31:18,2017-05-31 06:35:12,2017-05-31 08:13:55,2017-06-07 16:01:41,2017-06-28 00:00:00
5f416901ed4850dea2341b0c8cf6fde7,9cfe17d7f310c898ff790dc592d005e1,canceled,2017-11-05 17:40:04,2017-11-05 17:50:55,,,2017-11-24 00:00:00
ba5aba1c68c4ba890bf8700e5536eadb,c438a0213f0bda495570ba27007f31aa,delivered,2017-03-17 01:39:40,2017-03-17 01:39:40,2017-03-17 10:13:17,2017-03-29 17:06:39,2017-04-11 00:00:00
acec051085be2d0f06efc5fd2f9037c9,b7bb72eef0f506931af2562d157987b9,delivered,2017-09-12 12:46:32,2017-09-13 20:25:11,2017-09-14 16:07:25,2017-09-20 22:51:58,2017-09-29 00:00:00
d973de85e22fa324fc26a2c4da7884b6,1e72e36effe5b90ecb0881fd77496950,delivered,2018-01-02 18:14:55,2018-01-04 05:13:30,2018-01-08 19:55:31,2018-01-09 21:37:29,2018-01-18 00:00:00
33585683a8a47f86b6183a75c974b2df,16826653dc051ac61430958fb64daf1b,delivered,2017-08-19 14:08:34,2017-08-21 15:45:56,2017-08-23 20:51:46,2017-08-28 11:57:55,2017-09-11 00:00:00
db901cbc067d748513fe59568a2d9f4a,e927a7eefdacf3a803ed90330d43f8ee,delivered,2017-02-21 18:55:42,2017-02-21 19:05:15,2017-02-23 03:09:12,2017-03-02 11:42:19,2017-03-24 00:00:00
25755fc654451b06940f9b66bbc7c890,2aeda3894a7d5796211eb201d0714ccd,delivered,2018-01-05 12:54:08,2018-01-08 09:28:15,2018-01-08 20:20:30,2018-01-22 23:42:42,2018-02-01 00:00:00
a583c2f5d73b6667b92ac37c4d44d4e7,8b83f6679552f1a62adbe84e0c68bfbb,delivered,2018-04-09 18:20:39,2018-04-09 18:31:37,2018-04-10 22:54:40,2018-04-14 15:11:15,2018-04-25 00:00:00
9e1948d3c411c8a72efadb93b6f8a4fd,20482623ebecb062754216d6dceb430d,delivered,2018-05-23 20:55:53,2018-05-23 21:15:03,2018-05-28 15:10:00,2018-06-02 15:44:25,2018-06-20 00:00:00
afe460f14b2dae859aa56fdaf0753797,e827f64380c24c83011b755d47c5ca99,delivered,2017-04-07 10:14:01,2017-04-07 10:25:21,2017-04-10 16:30:13,2017-04-13 17:20:06,2017-05-03 00:00:00
b8fbd8a0c07410289ec91234a8ad69c9,aa7210736aad65a84e964cfa8d64aa66,delivered,2018-03-29 08:49:38,2018-03-29 09:07:40,2018-03-29 22:27:32,2018-04-07 00:21:57,2018-04-12 00:00:00
038b8c914a94247880b6a34413e74a34,37522a871660ce8e75a583e9b4203793,delivered,2018-06-01 12:14:03,2018-06-01 12:32:16,2018-06-05 13:05:00,2018-06-11 16:32:26,2018-07-04 00:00:00
0fb1f7c7042e9fa84d8d415c5fdec5c9,92f5a8e2f0279dae4618a7a9dda38875,delivered,2018-02-23 15:11:04,2018-02-23 15:31:32,2018-02-26 22:39:41,2018-03-19 19:58:50,2018-03-15 00:00:00
be1b2440de60927d6a4432b36cc31c71,41181c4f1f3c814dfcfea3957eec452c,delivered,2017-09-07 18:36:26,2017-09-07 19:20:05,2017-09-11 21:24:51,2017-09-16 02:53:31,2017-09-28 00:00:00
5f1a3b52805b64613f0a07d44601b19d,7c3f9afa43e2d3a66ee68b8d41bc3bb2,delivered,2018-01-01 19:33:02,2018-01-01 19:41:58,2018-01-04 23:46:40,2018-02-02 20:03:13,2018-02-02 00:00:00
463a6c0963417e97f92017b2d8cc2eb2,5a6c80d33748cf0916af7223670b0a14,delivered,2018-02-14 19:21:58,2018-02-14 19:47:29,2018-02-22 23:57:16,2018-03-21 15:22:52,2018-03-13 00:00:00
0c4a4755b0b19ba216edd6af92e5656b,bcc899d69a3c93f883f15a72dd015868,delivered,2017-12-21 10:30:18,2017-12-21 10:49:44,2017-12-21 20:39:01,2017-12-29 19:57:21,2018-01-16 00:00:00
e7a65544a6dae490049ce2d3ce4af13d,6a7cc03b9b05f65433b2ac7f1503b349,delivered,2017-10-19 22:30:36,2017-10-19 23:35:09,2017-10-24 16:42:39,2017-10-31 17:25:52,2017-11-22 00:00:00
3200257acc9dd36d1fa819e72fca7e59,c8a84c4b2aea91e2cfd48a87ae2a8947,delivered,2017-11-24 12:58:53,2017-11-24 15:13:44,2017-11-28 15:29:05,2017-12-04 20:33:01,2017-12-27 00:00:00
d82a297437092371e1c2278befb2314b,3dc884c6324e6772af1dc9be78b1d853,delivered,2018-07-31 08:27:18,2018-08-01 03:31:59,2018-08-02 14:24:00,2018-08-08 12:08:29,2018-08-20 00:00:00
f1f812f73ca332c8951443e6dc2f8d54,138e4116bf4fa0d77b5fd7fbb4900a7d,invoiced,2017-08-28 14:39:34,2017-08-28 14:50:51,,,2017-09-11 00:00:00
2cdbf599e49aa956ed5da592301daadd,75d3cbfff1481ce69176ea39f5de2278,delivered,2018-01-10 18:57:51,2018-01-10 19:08:43,2018-01-16 14:56:04,2018-01-31 11:53:00,2018-02-15 00:00:00
8b1a95230c9ecbd01c91b80ba1f99a32,7d2316a38c698eae75531111db89ba33,shipped,2018-04-20 15:03:40,2018-04-24 19:17:27,2018-04-25 14:28:00,,2018-05-17 00:00:00
0c41d48612bf91d5aaf2dab6c0f3a3dc,a4f16a013ae45f11edd3552e63ce589a,delivered,2017-12-08 11:35:57,2017-12-08 11:53:02,2017-12-11 20:52:17,2017-12-17 19:52:11,2017-12-28 00:00:00
cd8f1098418f4fcc23c29232d9c04dd2,06faa17577c5ab4ecfc2e2390e3050a1,delivered,2017-10-14 07:32:13,2017-10-17 08:37:05,2017-10-18 19:09:53,2017-10-24 18:13:09,2017-11-08 00:00:00
5c9c7cfebd7a15f81479083d70636f51,e6a45e4f355662139f50c0ae6b5afa5d,delivered,2018-07-03 20:23:07,2018-07-05 16:21:04,2018-07-06 08:25:00,2018-07-10 19:03:27,2018-08-07 00:00:00
59c89c6f877fc8863ea3527950e3ae68,5a20dcfb449dd9191167ee988df7b258,delivered,2017-05-19 08:15:11,2017-05-19 08:25:07,2017-05-19 09:06:09,2017-05-29 10:41:50,2017-06-08 00:00:00
2ea8de59b8ab0ffadb485508fae5f608,6d92f68ebcc8f9931a3cf051fde4dc8e,delivered,2017-05-21 07:58:04,2017-05-22 10:39:25,2017-05-24 12:14:25,2017-05-25 12:07:48,2017-06-06 00:00:00
78d7b4c84d9192af69d5b8abcd83176e,8b5b9c0722d9af5673718d233a9c9421,delivered,2017-11-25 15:48:03,2017-11-25 15:58:38,2017-12-04 16:19:54,2017-12-08 18:12:07,2017-12-20 00:00:00
d7f7f7e7d5d70c736d9d3f8b9ce10e94,0a8f58005f1c1dc229442a9ab38d9f68,delivered,2017-11-13 23:30:09,2017-11-15 02:35:54,2017-11-17 19:08:56,2017-11-30 00:22:35,2017-12-13 00:00:00
664544bb88aaff855be52c01210033a5,67a187c3731c057a5671428353e653d1,delivered,2017-04-15 10:32:56,2017-04-15 10:42:01,2017-04-17 16:37:58,2017-04-19 16:35:15,2017-05-15 00:00:00
c5edb2bc00fb701345fbe2bd9aedaba4,ff34375909b5d34349b21a75dc6abce6,delivered,2018-05-03 03:26:26,2018-05-04 08:32:16,2018-05-07 10:08:00,2018-05-21 19:42:07,2018-05-29 00:00:00
53b48de8c162b1a00ace27c3c0a9b148,6cad8bda4d24c4f8c23b060739f09d50,delivered,2018-07-23 16:15:49,2018-07-23 17:20:33,2018-07-24 13:37:00,2018-07-30 18:16:31,2018-08-08 00:00:00
746bf6116b629631553f1a94a3054139,ebaf12daa4f5afc9ed0d88daa371f27e,delivered,2018-06-21 17:18:14,2018-06-22 03:17:14,2018-06-22 16:02:00,2018-07-09 16:58:42,2018-07-25 00:00:00
89564bd6a7ea1056554275f223301d84,7a488fa8ab38cf1c5fc2a7d95a1c84f0,delivered,2017-05-02 16:36:02,2017-05-07 23:32:49,2017-05-09 12:02:51,2017-05-23 13:25:54,2017-05-25 00:00:00
aad1dcbe4c9fe2e3486e5e04c6649097,2438ba50f3a77cbfd3377900835fb526,delivered,2018-04-24 14:52:50,2018-04-24 18:19:47,2018-04-25 11:37:00,2018-05-12 15:04:50,2018-05-21 00:00:00
c2c2218cf6b63e953f3901f9d838003f,67316a1a638cba075828c985fc6a8de6,delivered,2017-05-31 22:33:11,2017-06-01 21:25:08,2017-06-02 16:21:49,2017-06-07 15:05:14,2017-06-23 00:00:00
e12d873b226207d68d316a6bcf65123f,d0f4862195a37c1b6ba30abb64aa2039,delivered,2017-07-04 15:07:53,2017-07-04 15:25:06,2017-07-07 13:51:44,2017-07-14 20:19:22,2017-07-28 00:00:00
531e17477ae1ecd4809a2732f4a7c331,7a5a0c6a8cd5efc18aad6c8f32ed373b,delivered,2018-01-14 23:32:13,2018-01-15 23:29:57,2018-01-18 19:16:38,2018-01-19 17:59:32,2018-01-30 00:00:00
856f72462f5bbc588c10c3abce3a8545,d5306df028646bec411197068ad3d9b0,delivered,2017-11-25 15:05:52,2017-11-25 15:18:28,2017-11-29 18:09:00,2017-12-05 18:10:14,2017-12-15 00:00:00
fd6e534b0366ec705a15ccd410063b22,dc065837be6a4d1d0a51e58fdbd2ffce,delivered,2017-02-14 11:32:10,2017-02-16 02:25:56,2017-02-17 10:03:46,2017-03-03 09:55:44,2017-04-04 00:00:00
f7d5fa83743d8d78c798e7824125ee7f,7fc27bbc53e9ed44571ffb8382b954a6,delivered,2018-03-03 16:57:52,2018-03-06 03:50:38,2018-03-12 19:03:22,2018-03-19 21:49:29,2018-03-27 00:00:00
43bc7c4536c8e9551370565d9b101904,392b39f0a805298df22f55b3670c6187,delivered,2017-10-19 10:03:05,2017-10-19 16:27:03,2017-10-20 17:54:00,2017-10-30 18:35:32,2017-11-01 00:00:00
d21d8f9968ef789ea10f2fd94c53e3be,7b223c067f465acef7f67a7ec41004a3,delivered,2018-06-04 22:20:05,2018-06-04 22:35:17,2018-06-06 14:39:00,2018-06-11 12:08:24,2018-07-05 00:00:00
32df72b9f8dee31b9b3b8b8e31f2ba1d,c179c8690c67b29779474eaaed4e1b0a,delivered,2018-05-07 20:45:59,2018-05-07 21:13:59,2018-05-09 10:04:00,2018-05-31 16:40:52,2018-05-21 00:00:00
df4c0cdd0a9a9b0d0e9f755537a0b706,9ffaf0eddd645a934646c45dccd15d9b,delivered,2017-10-30 13:10:42,2017-10-30 13:31:02,2017-10-30 19:34:50,2017-10-31 19:21:45,2017-11-10 00:00:00
4a1e1c50a0cbfcab27c770fa8e92545e,12a72fb5d45a40da92479e66e6dc3597,delivered,2018-06-25 16:16:08,2018-06-25 17:08:09,2018-07-05 09:41:00,2018-07-10 18:21:19,2018-08-03 00:00:00
b74fdd0e8b23aa49b5d32de02043bf69,5e9bc3ca10a1311380e66fe7e830daba,delivered,2018-03-12 10:33:34,2018-03-13 04:20:29,2018-03-14 18:31:45,2018-04-09 17:22:14,2018-04-02 00:00:00
33f1e992ba3e439bfd0d432164a3d44a,ef898057565789279a822bd22a0b6dc0,delivered,2018-03-01 12:57:42,2018-03-01 13:40:22,2018-03-05 14:18:39,2018-04-07 00:06:45,2018-03-21 00:00:00
22fe4109ea0b3227fa3a2f5370ec9691,b4f5ccdd01480fe597e7aea8ef056198,delivered,2018-05-12 15:13:50,2018-05-12 15:42:22,2018-05-14 10:09:00,2018-05-23 16:45:41,2018-06-18 00:00:00
de983bdf0e92645dd32e0ba39d8e7dd8,faae3f96ccf16903b53b768dedf6aae9,delivered,2017-09-26 18:54:55,2017-09-28 02:56:10,2017-09-29 17:12:00,2017-10-16 22:14:36,2017-10-26 00:00:00
49bab3f94ce298f6fde6208f426978b4,6921224e0e53eea536125e700611b01c,delivered,2018-02-23 08:38:47,2018-02-23 08:50:25,2018-02-27 20:51:59,2018-03-02 23:52:29,2018-03-09 00:00:00
e415f12eab73fc5ed2c7de3cc29e5ecc,47bb346379bd7b5ba84a88b9cc441bd0,delivered,2018-01-22 23:17:20,2018-01-24 02:52:44,2018-01-24 16:27:55,2018-02-02 18:39:39,2018-02-19 00:00:00
8ac52bf45b719c91c665c11e5696f199,a91d3b41b3f176b1eca6148265a8f10c,delivered,2018-04-22 14:56:35,2018-04-24 18:08:28,2018-04-23 19:38:19,2018-05-04 20:06:40,2018-05-24 00:00:00
9953966666a1f0ea583d94649ea21344,cf789b8aa3b46c9d0603e59cc169b2ef,delivered,2018-07-21 23:24:30,2018-07-23 10:33:04,2018-07-24 07:41:00,2018-07-27 12:51:53,2018-08-07 00:00:00
95e6c94960f10f4af53767f027c9eae5,178e429847c50ccf72828c3296ae986f,delivered,2018-06-30 00:07:47,2018-06-30 00:30:16,2018-07-02 12:03:00,2018-07-06 17:56:32,2018-07-31 00:00:00
a7ccc4df2d363b2ba9037d1ef834a250,b0804e19ba8017080fdf4bff1e1418da,delivered,2018-02-20 22:54:52,2018-02-20 23:07:41,2018-02-22 00:15:16,2018-03-23 03:35:02,2018-03-12 00:00:00
e794b6f8bc2c405d7a2038f44b32a5d9,6bfb3bbd3d4a2d4b69d78a5ef9c752ae,shipped,2018-03-15 12:27:46,2018-03-15 12:49:09,2018-03-19 22:43:40,,2018-04-18 00:00:00
4c482dafefb6a39ce4de186a707efb75,5287baf6fd587eb5ed76b610b97135a8,delivered,2018-04-27 14:22:06,2018-04-28 03:11:05,2018-04-30 13:29:00,2018-05-31 00:09:39,2018-06-05 00:00:00
65cf674e5955bda301bb6619ddc9d7bd,0f4d0ce43e275049b57869be7cfb6ec0,delivered,2018-03-31 10:30:25,2018-03-31 10:48:05,2018-04-03 01:06:12,2018-05-04 19:08:36,2018-04-25 00:00:00
8cdc5f05c1232c8da9eb48e23e1207b7,542e9d27de3439eab9f60704b2f3cd1a,delivered,2017-02-28 18:07:55,2017-02-28 19:19:47,2017-03-01 08:50:46,2017-03-20 11:53:39,2017-03-30 00:00:00
d2e18fcf7ecfd667af457a9e7034c86a,2b0bd5eca653853a14cd538cc974a7d0,delivered,2017-02-24 13:09:32,2017-02-24 13:22:12,2017-03-01 08:28:52,2017-03-09 15:45:09,2017-03-29 00:00:00
4feb155d6d4d8b2ba3191d90655f3b99,65bdac23aebd44af1c85c71c4acb5c6b,delivered,2018-02-12 18:09:18,2018-02-12 18:28:21,2018-02-16 22:55:52,2018-03-01 19:58:50,2018-03-07 00:00:00
d8a8f0ec35b4d43643bb714f8cdf0872,db5ca846833cb1aa9d4ca15f1a0ed6dd,delivered,2018-02-07 15:22:06,2018-02-07 15:35:25,2018-02-08 23:46:28,2018-02-16 21:12:51,2018-03-08 00:00:00
27cce60fbd7767b0efb682ce2597e6d2,6d08c7d6519195b5b938b7d6e1588638,delivered,2018-07-18 15:38:04,2018-07-18 15:50:19,2018-07-19 11:53:00,2018-07-23 20:57:26,2018-08-02 00:00:00
f09afa8a9cfcfba64cb18282881fe509,9c86f05a667e70dbf3bc34004eaa113d,delivered,2018-08-12 11:04:12,2018-08-12 11:24:18,2018-08-13 12:03:00,2018-08-27 16:54:33,2018-09-12 00:00:00
67b5c76910e9bc4fa2e067cafe0ad722,141bbb502c7a5c26699480a17149f10f,delivered,2017-10-26 18:17:30,2017-10-27 16:31:55,2017-10-31 20:52:14,2017-11-07 16:21:53,2017-11-22 00:00:00
74aacfe89f7715e9d6655dd55c86da46,6e8de979438f491f476434cd1fc85325,delivered,2017-12-20 19:40:54,2017-12-20 19:54:27,2017-12-21 18:19:14,2018-01-03 14:39:23,2018-01-15 00:00:00
1a268552ed780a8692b6fc605e87a243,81f83454520b2f21689bc76d2d19a6b2,delivered,2018-05-01 21:56:50,2018-05-03 04:52:35,2018-05-04 17:26:00,2018-05-09 23:48:19,2018-05-21 00:00:00
e852413ae756fbc7fe9f6514b39aafdf,7c26a3de94d7bc7a532974bf3de191a1,delivered,2018-06-01 11:52:23,2018-06-01 12:11:38,2018-06-04 09:13:00,2018-06-08 16:02:46,2018-07-04 00:00:00
fa73021d06471826a5740f3188024ce2,0f02b6019136f15670d57be81d826d5e,delivered,2018-06-21 16:06:56,2018-06-26 05:37:25,2018-06-27 08:59:00,2018-07-04 13:41:41,2018-07-20 00:00:00
64b5f5bed476f1c9f84b2fddb945ca48,0fa04554222eb3da449fb457ffcf8d0b,delivered,2017-11-29 12:49:50,2017-11-29 12:58:38,2017-11-30 17:53:49,2017-12-28 18:24:54,2017-12-27 00:00:00
f86d7bc39aab05299691322044b63bb2,ff31bee1ba4bba00cc14b1b91c8d28f3,canceled,2018-08-13 18:43:06,,,,2018-09-25 00:00:00
7eb21cb5cc11e7dfa780480f4f6606df,90b7c81dee4b49059a84be99b44b5a4c,delivered,2017-06-02 15:37:31,2017-06-03 15:42:04,2017-06-05 13:03:52,2017-06-16 15:56:40,2017-07-10 00:00:00
bfa2d90f225e338dc4f848b58789a3e5,ab3b5999d3734808f5045e52702b8117,delivered,2017-09-26 19:38:18,2017-09-26 19:49:16,2017-09-28 17:43:41,2017-10-02 18:10:28,2017-10-23 00:00:00
741a4b710c55ef9e32632a7fbdf1078c,cdb8930e682ac290c0c645bd9307f65a,delivered,2018-01-16 10:46:05,2018-01-17 03:35:49,2018-01-24 11:16:53,2018-01-30 22:04:16,2018-02-14 00:00:00
21e532e1fe87c6d6f72b17543a12af1a,eb6d920de18987d68248fa1710a0a634,delivered,2017-11-20 16:10:11,2017-11-20 16:26:42,2017-11-21 20:37:50,2017-11-24 20:10:56,2017-12-07 00:00:00
8db0f0edb7e7b18d50df712eb5b1a1b4,f75c6622047fab3f5697e33b0a5c90b9,delivered,2017-11-28 22:47:13,2017-11-28 22:57:15,2017-11-29 22:42:05,2017-12-05 23:27:48,2017-12-18 00:00:00
4a67b546b856f02914a14967ded3c7af,50dbe1acb28dd57bc9abe805d6fb1966,shipped,2018-03-19 18:57:59,2018-03-20 18:50:31,2018-03-22 19:39:34,,2018-04-12 00:00:00
180b4ae191a63f7b4b84273c98470fef,1ab972e0df3d53501356ac9f78c8698a,delivered,2017-10-07 11:38:57,2017-10-07 11:49:27,2017-10-09 17:04:18,2017-10-13 22:35:42,2017-11-03 00:00:00
c2e3ee5ef901092148e19caccfe10ffb,cc220e7ea3acb606f74a9ef371b73dd5,delivered,2018-08-06 20:50:35,2018-08-06 21:05:09,2018-08-07 15:33:00,2018-08-09 22:34:43,2018-08-14 00:00:00
94a73bea9ac2ed16ebdebd00014a2209,5b842dcd4c4fe8e9a15487e3a72eae47,delivered,2018-05-07 14:31:18,2018-05-07 16:33:44,2018-05-08 15:13:00,2018-05-09 22:13:09,2018-05-29 00:00:00
a67a7dcbea2b5ce61ba8bc99ff7362db,a2e7ca2b5d23adf8d5b5b3c6d37ec9ef,delivered,2018-08-02 22:18:32,2018-08-03 08:24:06,2018-08-09 13:58:00,2018-08-21 21:11:30,2018-09-03 00:00:00
c1ede3b23d9f2d9d9262290967179d1d,9388427ec5b9553d12a6d3edeb70db8f,delivered,2018-05-20 13:25:11,2018-05-20 13:50:11,2018-05-23 14:38:00,2018-05-24 15:48:30,2018-06-01 00:00:00
196bb13f54807c3ce2d9f7385fad3769,8d81b260f2d55f888d53987475f51fa4,delivered,2018-03-20 09:23:27,2018-03-21 02:50:57,2018-03-22 00:09:05,2018-04-02 17:16:56,2018-04-10 00:00:00
5b8b4d4819cdb1edb181f172f6cf9a2c,c1d8da410642f2db087557428519b6e4,delivered,2018-01-19 20:27:23,2018-01-20 20:40:18,2018-01-22 17:34:06,2018-02-05 23:06:35,2018-02-16 00:00:00
6dcd6b86d6cddcf609cee72d0427d2da,3a4ce1bd2a9f1cb5a56f5a420f0a6072,delivered,2018-05-14 14:16:10,2018-05-15 15:31:04,2018-05-16 12:33:00,2018-05-21 18:15:36,2018-06-06 00:00:00
9639c9acf4aa298d4b0b4854136cb253,6f24b6f148afa846ce5669952171e819,delivered,2018-08-14 15:11:52,2018-08-14 15:25:33,2018-08-15 14:46:00,2018-08-16 16:57:48,2018-08-23 00:00:00
94d1193f2a0ae739f23399b913bd577c,8d4ec82c5c44cbe0d410ea9fc01c1060,delivered,2017-05-06 14:38:38,2017-05-06 14:50:18,2017-05-11 13:44:55,2017-05-23 16:24:14,2017-05-29 00:00:00
474eb7e66d3c88d69883090e5d308390,4b84bd85531fb608180d9cdd1f30b018,delivered,2017-10-17 11:15:37,2017-10-17 11:36:01,2017-10-20 20:11:20,2017-10-26 16:41:38,2017-11-06 00:00:00
d2a447028b1fbbc9200739e3fee4e22c,b0dbe26f4e6b3d6dfe331c70f7e2073e,delivered,2018-08-15 14:57:55,2018-08-15 20:29:49,2018-08-17 15:21:00,2018-08-21 21:14:58,2018-08-24 00:00:00
9c231099e037a07c32d043f7596a9c5d,edfa63ba2730436751bd828e74d483bb,delivered,2017-07-25 02:31:23,2017-07-25 02:45:06,2017-07-26 11:12:32,2017-08-07 17:14:09,2017-08-18 00:00:00
3dec8b48a2ca7a9568f4c63cc3fab4f1,f703634ba6cb40f44bb6c9edafd5b119,delivered,2017-03-30 15:50:17,2017-03-30 16:05:09,2017-03-31 12:51:30,2017-04-06 12:44:49,2017-04-25 00:00:00
c2de24c1d731498ba30b74272b611312,cc40bbf28a3ef4239801ae5e8a22227a,delivered,2018-08-20 11:27:27,2018-08-20 15:10:39,2018-08-22 15:57:00,2018-08-28 16:19:02,2018-10-02 00:00:00
a17c7cad1ce274604db62cc3d2def2c9,b43fb5e872cc859f6cfef355bb3c6a14,delivered,2017-03-08 19:29:04,2017-03-08 19:29:04,2017-03-13 08:38:59,2017-04-06 14:03:53,2017-03-29 00:00:00
1d5912d4e665fb2a085a50fc13007c02,c0d6c154f52c6850b032cd4c63602a73,delivered,2018-05-08 07:14:16,2018-05-09 02:35:14,2018-05-09 10:13:00,2018-05-19 12:50:57,2018-05-23 00:00:00
084ac56b13107e32ab92934f70638bc9,89129b4134df3289d76b155160d6e441,delivered,2017-11-25 13:47:05,2017-11-25 13:54:29,2017-11-27 22:24:45,2017-12-11 18:59:05,2017-12-26 00:00:00
ffd3ff583dec4975e6443d6a396f2f36,480b60f05b6caa21bd6edbea402d607b,delivered,2017-11-23 23:04:02,2017-11-23 23:12:31,2017-11-27 16:58:04,2017-12-05 18:07:48,2017-12-22 00:00:00
31157b4bc58dc4cb53fb5b390b4a0934,7f611fd3f7f0890f58f11d870355ef49,delivered,2017-06-20 14:18:31,2017-06-20 14:30:21,2017-06-21 10:07:13,2017-06-28 13:19:31,2017-07-12 00:00:00
962d15facd986392ded1944582624593,8b09fddbf7bdc4151ff6e855f61e0a9a,delivered,2017-07-21 22:46:13,2017-07-25 03:45:21,2017-07-31 22:07:43,2017-08-04 21:17:51,2017-08-03 00:00:00
5e7960ca1956b257f72a16a05c127cdc,03867a4d63736672b9276bef85ec277f,delivered,2017-07-08 21:50:46,2017-07-08 22:05:32,2017-07-10 17:13:59,2017-07-24 21:33:07,2017-08-09 00:00:00
9110751e359ba8d080caf6eaa34e7e8c,25615f9f06be32ed26c7dc0f4baccee7,delivered,2018-05-31 13:39:11,2018-06-05 04:12:48,2018-06-07 11:48:00,2018-06-11 18:31:54,2018-07-19 00:00:00
51bfdb83aacf1064814782f7109c6365,87af82b8a09271d8cb7596bb9e8fca5e,delivered,2018-07-17 11:46:28,2018-07-18 02:35:17,2018-07-19 15:34:00,2018-07-24 22:21:46,2018-07-31 00:00:00
34be9444467af1f6d854ea4054a47e85,7f16d43cea70ede77ed426833543f3d6,delivered,2017-11-21 20:14:00,2017-11-21 20:26:44,2017-11-22 16:46:38,2017-12-12 20:38:58,2017-12-08 00:00:00
e138f0eeabd6890e100c82b9f2925272,a0fbe83fc1a635675b2b6691f6d8e366,delivered,2018-01-17 12:12:11,2018-01-18 02:11:43,2018-01-19 20:52:32,2018-01-23 13:57:07,2018-02-21 00:00:00
bd4e585db5ffd50b1b7334b1dcb0bdb5,178b1880a7ccd2116b6ae0c3843cce92,delivered,2018-01-18 21:12:25,2018-01-23 10:20:22,2018-01-23 19:14:37,2018-01-31 17:36:49,2018-02-08 00:00:00
e2377065e61908db8e5ef401cfdd1b4d,74c64a7729326cda14bd3433f03f0c52,delivered,2017-11-28 18:44:52,2017-11-28 18:57:21,2017-12-04 22:12:51,2017-12-15 16:38:01,2017-12-26 00:00:00
3da634283ea34b9d2a32d6898ad91436,31f10ad47b4cd72f98591b31b0079bab,delivered,2018-08-16 13:57:44,2018-08-17 03:31:06,2018-08-20 16:02:00,2018-08-21 21:08:41,2018-08-23 00:00:00
7a52ab63cda983a2713878fc7e994277,bd96ad9d1c5bc76bc56f5becb99f39e9,delivered,2018-04-04 20:16:29,2018-04-05 20:10:22,2018-04-06 23:56:29,2018-04-09 14:22:53,2018-04-30 00:00:00
a0b6cb4f5458fd8d26744db7530b6de1,e662478d75f42e6e2d0c280a52e49e6a,delivered,2017-03-11 22:10:14,2017-03-11 22:10:14,2017-03-13 09:37:51,2017-03-16 13:35:34,2017-04-03 00:00:00
c71914b01f0c3167905e81718c53fc84,166b6f5eb9381424fe750256d257cac3,delivered,2018-03-18 09:52:22,2018-03-18 10:08:02,2018-03-19 19:12:40,2018-03-27 21:12:26,2018-04-09 00:00:00
2773c71324d727606cc71501a1de8afc,78384f09294e296e2210f1958e5569ac,delivered,2018-02-09 13:47:14,2018-02-09 14:15:31,2018-02-19 21:12:17,2018-03-13 21:26:24,2018-03-05 00:00:00
ad66f64c10df4649e7b50b942f5f4bd8,9e0be48bbcdb02a9dff7f9545ef3b6fe,delivered,2017-07-17 18:45:00,2017-07-17 18:55:17,2017-07-18 21:10:51,2017-07-19 13:37:32,2017-07-28 00:00:00
96521e809c9baf75bf1a6881d39e0d8e,3874a30e7d0c06664c168e83eb191ffd,delivered,2017-10-19 15:53:18,2017-10-19 16:07:40,2017-10-23 15:29:59,2017-10-31 01:07:42,2017-11-14 00:00:00
4888d985060eb4760da7373673343df2,519006a9906e15e8141109ff81be9365,delivered,2018-03-08 16:33:14,2018-03-08 16:56:17,2018-03-10 16:48:34,2018-03-29 02:24:37,2018-03-26 00:00:00
b7a3ee4c9793186db0906974936a0cab,1ef212752ef3f87c7fd55f725c151ed1,delivered,2018-03-21 21:24:56,2018-03-21 21:35:34,2018-03-22 19:23:28,2018-04-09 22:19:06,2018-04-18 00:00:00
e695c369ebd0ccf83008a14e42167d2b,f5dd0c062122ec16c46018394a47c86b,delivered,2018-03-24 14:02:01,2018-03-27 03:50:41,2018-03-27 18:38:27,2018-04-02 20:16:32,2018-04-13 00:00:00
4c379ba0590506b26a68dc00e29ba8ba,cc63d689185dd60bcfb934fd5a14a6e6,delivered,2017-01-30 18:54:46,2017-01-30 19:33:58,2017-01-31 15:11:11,2017-02-08 10:37:12,2017-03-17 00:00:00
9aab10ca9759779d1ec48cda93fe7c03,4222e370d79c4751361e4122928151c4,delivered,2017-06-20 18:36:17,2017-06-20 18:50:21,2017-06-29 13:44:54,2017-07-05 19:04:49,2017-07-17 00:00:00
3e24f7d95766568a604655166cde923a,1a5dbe17955f253dba47bb5853716345,delivered,2017-05-24 15:55:43,2017-05-24 16:05:25,2017-05-26 07:04:58,2017-06-01 16:45:45,2017-06-19 00:00:00
ad9808903b2bcf5408a3de11489ceadd,91403c1d45b0ecad1dc85803087a4a98,delivered,2017-03-25 07:51:57,2017-03-25 08:02:28,2017-03-27 10:20:04,2017-04-03 15:00:14,2017-04-19 00:00:00
ff498085978fb1959138f596bd09aaf0,27bffe21c1c14689c7a9fae1fe93d2bc,delivered,2017-08-06 21:15:55,2017-08-08 04:24:43,2017-08-09 19:40:37,2017-08-24 15:22:06,2017-09-11 00:00:00
4ddbc8366d7b18e042a35f6b4b5481e9,bd724004d9c0736e3cc2039972928de9,delivered,2018-06-22 13:16:31,2018-06-22 13:40:16,2018-06-28 14:11:00,2018-07-02 14:58:52,2018-07-18 00:00:00
b42efa12fc4809e0815df3eb3d636744,5660d9ac90fd8d5253a78eaeb3492a42,delivered,2018-08-08 12:18:29,2018-08-08 12:30:13,2018-08-09 14:06:00,2018-08-14 20:12:47,2018-08-21 00:00:00
b09d72418cab562c0f010453c7d1fcaa,5c3c2e670449ea5ba63f3d677e53b3af,delivered,2018-05-22 23:56:59,2018-05-24 02:35:23,2018-05-24 14:16:00,2018-05-28 19:12:58,2018-06-05 00:00:00
7f47f1066a8cc8c9a6020bd3d87ba8e9,c169f24f4c8aa4c97dac45a35ca0fdf1,delivered,2018-05-02 04:02:09,2018-05-02 04:31:26,2018-05-03 16:19:00,2018-05-08 23:26:34,2018-05-23 00:00:00
b1790ff077b7630f790bba65c012c64b,3f2d49651aac6322e00f50492dab09dc,delivered,2018-06-20 15:04:55,2018-06-20 15:40:12,2018-06-20 15:39:00,2018-06-25 15:52:39,2018-07-24 00:00:00
b18f96d97651133bd9a491945fa1d3bd,e342cc220c9ce03ad61939a23e6571fd,delivered,2018-08-28 10:57:13,2018-08-28 11:10:23,2018-08-28 15:26:00,2018-08-30 17:42:23,2018-08-31 00:00:00
9327dfbb07028fce8769daa61e598891,68e13d6e385d0fc2cde23373392c1bb6,delivered,2018-08-01 14:13:38,2018-08-01 15:04:30,2018-08-03 14:23:00,2018-08-06 17:12:25,2018-08-08 00:00:00
31a200fac55455bb8b28d747b21cfb83,beb0e6708010ee6d99e100be6334deb9,delivered,2018-07-03 23:37:11,2018-07-05 16:20:52,2018-07-04 10:17:00,2018-07-07 10:56:21,2018-07-25 00:00:00
24b08ee14cecb10e34d167467693c3d1,4ffb0b02816de65a0d11a97beda76f86,delivered,2017-05-20 14:01:25,2017-05-21 14:05:18,2017-05-22 14:09:11,2017-05-23 17:03:57,2017-06-02 00:00:00
046023c2e3840562a6320b2bc22bda81,8159eb36033866531b9147d8e73ec16c,delivered,2017-11-24 20:17:18,2017-11-24 23:33:12,2017-11-27 21:46:41,2017-11-28 17:57:59,2017-12-08 00:00:00
0ceeef56025eee22241c8d510ada51a7,7f2715e475d14727955a85e96a62fdb8,delivered,2018-01-25 10:32:10,2018-01-26 10:31:50,2018-02-01 01:41:34,2018-02-16 16:42:43,2018-03-05 00:00:00
62204efd019113a34dfac291b2749b8e,38ca5a38629190ded221ab2837f41eae,delivered,2018-03-29 17:12:26,2018-03-29 17:30:58,2018-04-02 18:58:38,2018-04-05 06:28:31,2018-04-11 00:00:00
d25f2ec5027e50e40c25fa0d55af60dc,117ba10d9ca00512031474194ea796e9,delivered,2018-01-18 18:55:25,2018-01-20 09:07:49,2018-01-23 17:49:54,2018-02-02 19:28:34,2018-02-16 00:00:00
6ad444f05cfc745b52fc228341482e98,eafc88fd8b45e53ffd0c45966c7a2592,delivered,2017-09-12 15:19:05,2017-09-12 15:30:21,2017-09-15 18:42:31,2017-09-18 14:37:28,2017-09-22 00:00:00
0978aeeb31e430bca8401306d75a8164,f432d282b2e8e587252b4ce932d4438d,delivered,2018-07-21 13:43:23,2018-07-21 13:55:18,2018-07-23 15:05:00,2018-07-26 18:08:41,2018-08-08 00:00:00
c9c0bd3b9db92cebece12e761bb8454c,e26479d04765d65d6a871173f38ff5a9,delivered,2017-09-12 08:37:51,2017-09-12 08:50:22,2017-09-13 13:12:27,2017-09-19 17:37:14,2017-10-04 00:00:00
45ab65433b358cdb30d0f2af36c96e7c,190ca57504ebfbf7a193d06b9fa79b02,delivered,2017-05-16 12:36:04,2017-05-16 13:10:22,2017-05-17 10:07:53,2017-05-22 13:43:02,2017-06-07 00:00:00
887fd510f45be7bea78ff0a3b0b334e2,bc9339cfc8fa218c5a478fae319251a2,delivered,2018-03-20 11:32:27,2018-03-20 11:49:59,2018-03-21 19:03:39,2018-04-04 14:21:46,2018-04-12 00:00:00
6fa76c8ed368d55189c8b0670e28d6d5,19380d46da295ca8dad39b513bf15750,delivered,2018-06-25 15:57:44,2018-06-25 16:15:42,2018-06-27 06:22:00,2018-07-03 16:12:32,2018-07-16 00:00:00
e3e10007e62951294ebd2947cdd0f27c,eba2b167e764f26251de139177a73708,delivered,2017-06-01 17:48:05,2017-06-01 18:02:58,2017-06-02 11:39:34,2017-06-05 18:22:22,2017-06-14 00:00:00
1ea0da27e5223a4695613c899d6adfdd,6a516dff9498725338b013bbfbfdfbcd,delivered,2018-07-07 16:24:14,2018-07-07 16:35:14,2018-07-10 15:27:00,2018-07-13 19:38:44,2018-08-08 00:00:00
3ffadf14829f9c35c258e08bb1982a70,60acefff7e20a4ee4981616d545ed441,delivered,2017-06-30 22:53:04,2017-07-04 04:25:15,2017-07-04 10:37:34,2017-07-28 18:27:59,2017-08-03 00:00:00
0715dfcf2383aa72c181d8b47f6cb589,0ea00ae539e6a29390c4e1d0841352e4,delivered,2018-02-14 11:43:41,2018-02-14 11:55:31,2018-02-15 20:28:44,2018-03-09 17:01:11,2018-03-19 00:00:00
3d0bb712c6a8ebe6bda01b3bdf6f331b,dfbbddd720e537cd1947405a1a15b585,delivered,2018-08-09 08:36:09,2018-08-09 08:50:22,2018-08-13 15:55:00,2018-08-17 18:53:33,2018-08-24 00:00:00
9cc3e50532214c8372b66872e49ccff9,2dd23b0ca5636d7975c9e9dfe78033ad,delivered,2018-01-15 12:33:12,2018-01-16 07:09:58,2018-01-17 18:36:44,2018-01-19 20:51:17,2018-01-30 00:00:00
c3118824bfc07f6594547b1bff19a021,a6154e759eed062fef4238b9faaa7077,delivered,2018-05-02 15:51:41,2018-05-02 16:37:59,2018-05-03 13:33:00,2018-05-09 23:45:47,2018-05-21 00:00:00
fa2501ee454804c1168d1687287f880b,a204d9d00ed69a1971ee0243c0d62a78,delivered,2018-05-15 01:30:06,2018-05-17 03:34:48,2018-05-17 14:08:00,2018-05-18 18:38:59,2018-05-24 00:00:00
c4c4eeb53fad4c777483ae36fb805478,3bff757f9ef59dc994820d3487ff30b6,delivered,2017-06-07 09:18:22,2017-06-07 09:32:01,2017-06-07 14:56:45,2017-06-14 13:57:54,2017-06-28 00:00:00
82de72f7135f60bf9348a045d6a7cc32,3f8564a9ce1b6dd73a4004526d7b8798,shipped,2017-12-08 13:10:05,2017-12-09 02:35:33,2017-12-13 20:15:25,,2018-01-04 00:00:00
9330d3796ff2bb8c7b750b4515151c42,57387a39a0f6661c71274d64eaa7646f,delivered,2017-10-29 16:05:41,2017-10-29 16:15:17,2017-10-30 16:03:18,2017-11-06 19:21:39,2017-11-23 00:00:00
65bf80b7cf4363113089bc022bfef891,3a8114b17781d69b6001c46764321674,delivered,2018-04-22 11:47:34,2018-04-24 19:05:55,2018-04-23 17:04:01,2018-05-02 19:19:20,2018-05-11 00:00:00
ce7c736a1e04308e78a6032b5b3a695e,c62cf0114735e25caa26facb2c537fef,delivered,2017-11-27 10:25:15,2017-11-27 10:54:54,2017-11-28 20:15:12,2017-12-27 20:05:00,2017-12-22 00:00:00
82de2fedb028c674daa827d7984fea98,ebb06eadb79fd97fc9a7a77f9b29e3a3,delivered,2017-09-22 16:22:16,2017-09-22 16:35:08,2017-09-25 20:52:50,2017-09-29 17:24:48,2017-10-09 00:00:00
60411edb1eb2c9ba56050e67e811b160,cfc99c024cf9d802e199cd999206fe8c,delivered,2017-06-03 20:41:34,2017-06-03 20:55:11,2017-06-05 10:47:35,2017-06-10 10:41:24,2017-06-30 00:00:00
e3a3cf20ed164fa04fd9d5f905b4f48d,723e28e304cf76bc60103207522eac46,delivered,2018-07-25 13:34:12,2018-07-25 13:50:14,2018-07-26 14:12:00,2018-08-03 15:52:56,2018-08-13 00:00:00
7dbe7b520d00d04a3f695cd91e904980,1989d5e844f74c7e85601fcef1045cb4,delivered,2017-03-13 20:31:32,2017-03-13 20:31:32,2017-03-17 09:43:09,2017-04-10 08:51:44,2017-04-03 00:00:00
4c21a19875c8530d3c8e9b28373ff034,ed77b9942fdb5a2edba716bc97fe0a58,delivered,2018-01-04 17:13:43,2018-01-04 17:28:40,2018-01-17 22:05:50,2018-02-05 10:57:05,2018-02-02 00:00:00
54130db48a3d7ee5636ba18659ab73a8,4785460c1de43d63bbe6adfec5f2be27,delivered,2018-06-22 18:51:38,2018-06-22 19:19:13,2018-06-25 12:38:00,2018-06-27 15:12:43,2018-07-13 00:00:00
6c53d99b0ba56006da10a8213850e9ac,5cb11b0c43c936bddb82b6b2931c1fc2,delivered,2018-02-01 10:54:35,2018-02-03 02:53:55,2018-02-08 01:06:02,2018-02-21 17:04:33,2018-03-01 00:00:00
c2efb2d934de1605bc2c96e51f7ee352,05926e4309a9cc5f7c224d9489b0acd6,delivered,2018-01-14 13:17:00,2018-01-14 13:28:30,2018-01-17 22:19:32,2018-02-09 21:54:25,2018-02-06 00:00:00
0373227125997244e6f59bd76e717abf,e8f5294ac14b69130e07090b8968d934,delivered,2018-08-10 15:26:47,2018-08-10 15:35:20,2018-08-14 06:13:00,2018-08-17 22:58:50,2018-09-05 00:00:00
b6197060d52f84eea9f7b3a2a6d70379,933ed96b9264f37332ad5e04912c7691,delivered,2017-07-11 16:14:04,2017-07-11 17:25:17,2017-07-12 18:07:37,2017-07-18 16:38:26,2017-07-31 00:00:00
7c9d9d4d723a61250d119c3ba8b1d27b,effd5aca956512e2f7883894b59dbe64,delivered,2017-09-19 02:06:24,2017-09-20 02:35:35,2017-09-21 14:18:48,2017-09-26 15:53:39,2017-10-05 00:00:00
3182ecdf3da0331bf56a6b4ff5e069d7,48f2c3b771af969350d566b444d3cf5e,delivered,2017-11-24 21:38:42,2017-11-25 00:36:55,2017-11-28 19:59:15,2017-12-27 22:09:59,2017-12-27 00:00:00
ea4b1db6a5d7e3519dd7e4a3c260c8b3,24efae63699a6054e210f15224f2197f,delivered,2018-02-11 21:13:44,2018-02-11 21:30:31,2018-02-14 19:09:02,2018-02-28 23:37:08,2018-03-07 00:00:00
9791bda638a9df3f81f78f47b871ad2e,3b274a84b79f7569de4b4d8f02fac4ae,delivered,2017-06-09 10:49:49,2017-06-09 11:05:10,2017-06-16 13:37:49,2017-06-30 16:29:07,2017-07-14 00:00:00
cedce2be74a9e660cec99d6f9c6674f3,664ef02a3eab1689df1c0c19eb1e4859,delivered,2017-05-15 18:46:53,2017-05-15 19:02:38,2017-05-17 16:15:22,2017-05-24 11:50:00,2017-06-12 00:00:00
63d44f6f75e4ac6761afb732931751c0,41d14dee386b72886a52f91141c811ed,delivered,2018-08-15 14:56:03,2018-08-15 20:20:25,2018-08-17 14:02:00,2018-08-23 17:53:42,2018-09-06 00:00:00
961da72306805ebbb55f39e1b83ef01c,7806523fe460a68fed9c0cb005038bc0,delivered,2018-04-25 10:36:59,2018-04-25 10:54:56,2018-04-26 12:18:00,2018-05-03 19:54:53,2018-05-23 00:00:00
e01371016351ae4493ecbd7a8c5a33f5,e1a191d6a40b0deefd2d37b132049e56,delivered,2017-12-26 15:29:42,2017-12-28 10:18:26,2018-01-09 19:03:01,2018-01-17 13:51:48,2018-02-19 00:00:00
cb6195812502c1fc75d2a379596543a8,51c434b18c724d161275dff5fde121d9,delivered,2018-02-18 11:41:04,2018-02-19 11:47:27,2018-02-20 14:22:02,2018-03-06 20:33:58,2018-03-16 00:00:00
56e434b038a40c8b9b03a9b9dcede8f9,36500dcb80b06ffd0380d889580b0071,delivered,2018-07-26 12:06:26,2018-07-26 12:24:30,2018-07-27 12:20:00,2018-08-01 16:15:58,2018-08-16 00:00:00
1fec6937fb6666c83cc1d3078a1949ab,c2fddf1ce02b80586cea9ea04932212a,delivered,2018-05-10 17:00:28,2018-05-10 17:10:25,2018-05-14 14:20:00,2018-06-05 12:56:39,2018-06-07 00:00:00
5e1ee454abff53066b6f4b3455890977,cb0dfa91ea2f9acab7316baf7708e621,delivered,2018-02-16 15:31:43,2018-02-20 07:27:11,2018-02-22 17:53:56,2018-02-27 17:32:33,2018-03-14 00:00:00
d307f9ed518d1ee6fe69995bf48ede89,93b1e92e3e0e0e8ef80e6623437377a3,delivered,2018-08-02 12:06:10,2018-08-02 13:30:54,2018-08-07 09:48:00,2018-08-14 22:59:52,2018-08-30 00:00:00
f3c6775ba3d2d9fe2826f93b71f12008,6aef84c09844a371d82a49152c550b95,delivered,2017-07-04 11:37:47,2017-07-04 11:50:21,2017-07-04 13:53:13,2017-07-05 08:09:26,2017-07-17 00:00:00
63a7cdcbeb840292008964a3654b9745,fae61b3ca7edec361575b1d0e7da7239,delivered,2018-01-17 09:59:58,2018-01-17 10:10:01,2018-01-17 17:13:02,2018-01-18 21:12:44,2018-02-02 00:00:00
ed6c7b5afbec5a527361ec20374e4057,d138ea4e35fb3efec4f710091919b561,delivered,2017-11-26 15:09:07,2017-11-26 15:16:23,2017-11-27 19:02:56,2017-12-01 20:48:37,2017-12-19 00:00:00
a622a08f7c22608bf1f2c546a830de74,87593a30f5380e0ec6bb4ec3a6ac54b7,delivered,2017-07-10 14:15:00,2017-07-10 14:25:18,2017-07-12 11:58:43,2017-07-24 18:24:32,2017-08-02 00:00:00
f4eb8741e3a999cc0893b2167fd19fde,c1cb06959712f05a747e13a554f44d4b,delivered,2018-01-19 12:30:36,2018-01-19 12:56:27,2018-01-19 23:28:57,2018-02-08 11:36:40,2018-02-20 00:00:00
065d7ca47199c0b027e288a77c59a167,b02fc839c91ea555a5e79cfd4abc2cbf,delivered,2018-07-29 16:07:13,2018-07-30 18:31:16,2018-07-31 10:31:00,2018-08-04 12:56:34,2018-08-27 00:00:00
71b7a76e413b9a5ac20a14d89ba2b681,728381d4672f3d3ad8854fd3674efd52,delivered,2018-08-20 17:05:38,2018-08-20 17:29:28,2018-08-21 13:59:00,2018-08-27 17:21:50,2018-08-31 00:00:00
dc5c1e4b9f70ea51724488c3f86b7c68,cc3c222a968a1019768eb395b034953e,delivered,2017-10-24 06:28:06,2017-10-24 06:49:07,2017-10-24 20:11:54,2017-11-01 19:04:30,2017-11-23 00:00:00
4b038a7f8dfc36755eca741381e379e3,e53edc46664edce7794d86baca23f75b,delivered,2016-10-10 11:39:06,2016-10-10 12:03:31,2016-11-14 12:38:44,2016-11-24 14:55:43,2016-12-08 00:00:00
62c56a57f999877042b4e8a6fb4264f2,12409588e4317b65f504f3c2e91a960f,delivered,2017-11-01 09:38:23,2017-11-01 12:45:53,2017-11-07 18:42:05,2017-11-13 22:48:52,2017-11-23 00:00:00
96bfce289cf4a045ce6adad34b55a912,8e3685a765bf97051fa84bac975d302a,delivered,2018-02-05 19:21:31,2018-02-06 19:11:20,2018-02-27 20:07:50,2018-03-05 21:57:03,2018-03-07 00:00:00
c347fb49d9d46619d71b2551fc83d6cf,c7f38a25ab50a30f2fe0e9859b92d474,delivered,2018-03-28 02:57:59,2018-03-28 03:10:08,2018-03-28 20:03:10,2018-03-31 12:22:22,2018-04-10 00:00:00
9527361365d330ea8c6064333750b909,f337dc9cfaf8bbd59327511f8251d901,delivered,2018-04-03 22:59:56,2018-04-03 23:10:16,2018-04-07 01:08:29,2018-04-12 17:49:48,2018-04-20 00:00:00
f802bb2c1b7a364738b3f86a30148853,dbf7a8f14fffde67c0bccfbcdf5543be,delivered,2018-06-09 08:56:57,2018-06-09 09:11:35,2018-06-12 12:38:00,2018-06-20 12:24:39,2018-07-16 00:00:00
156164b0c009c68c766b1ce1213cee18,04ebc2712225141ac34d1ba5ebee0629,delivered,2017-08-08 18:01:27,2017-08-08 18:15:17,2017-08-15 14:13:30,2017-08-21 15:05:02,2017-08-28 00:00:00
43fa6811f75be13f1033939f5a6b9ca1,bb36d8c5b34d858d183645a3a52e3f2b,delivered,2018-06-26 17:51:47,2018-06-26 18:18:28,2018-07-04 14:48:00,2018-07-13 11:33:51,2018-07-31 00:00:00
c81f82eab302914d20218d748b132f0a,735805cbd7cc98496da75c79687f5cd4,delivered,2017-12-11 09:32:32,2017-12-13 09:30:44,2017-12-15 16:13:43,2017-12-22 17:10:38,2018-01-08 00:00:00
ebe13d8c2f9983578a9aa31fd76148de,8f2e3727f77beeeae4a86a3d14b550a5,delivered,2018-03-05 13:07:38,2018-03-06 03:51:01,2018-03-21 20:04:20,2018-03-27 20:26:49,2018-04-11 00:00:00
9fcf522f6dca92c093d4607780d01a74,57a1a4f67efcf3baebea12caa5ae3ecb,delivered,2018-04-05 14:11:01,2018-04-05 14:29:03,2018-04-09 16:42:39,2018-04-11 19:11:56,2018-04-23 00:00:00
736fa605c3ae7ebfa61d3fc8caa49b47,4fd30188e2c4fb40cd31ea4eddd03653,delivered,2018-06-30 21:39:57,2018-07-05 16:17:17,2018-07-04 08:39:00,2018-07-12 22:47:41,2018-08-06 00:00:00
c6c96aae858cf470816e5080de363e47,3ea720b336a4ee1c2a5fa2b77cec0d48,delivered,2018-07-17 19:48:27,2018-07-17 20:10:18,2018-07-19 11:16:00,2018-07-23 22:37:43,2018-08-02 00:00:00
12c35b9467a007081f7b545b5f8fb15b,54383e6aababa529019a76c722f0945c,delivered,2018-05-15 10:14:23,2018-05-15 11:14:27,2018-05-15 14:20:00,2018-05-16 18:34:59,2018-06-01 00:00:00
4b4c7655aadab4cf1eb81eddf40afcaf,d8e1d69f3909531253a5de372a66af7c,delivered,2018-05-28 17:31:06,2018-05-28 17:55:52,2018-06-04 13:15:00,2018-06-12 20:03:43,2018-07-05 00:00:00
ed525f27dd4e72335596c7964f887dc5,3c1627aa698f08368f8182e8f9ec4839,delivered,2018-08-04 20:48:16,2018-08-04 21:04:07,2018-08-07 14:53:00,2018-08-10 16:41:52,2018-08-27 00:00:00
248420359d879dd7752d4333a3d7472b,e0213fab18b29329e69cbe1f365e99ab,delivered,2018-07-12 09:03:42,2018-07-12 09:15:23,2018-07-13 11:59:00,2018-07-30 11:07:07,2018-08-08 00:00:00
ed61c8a3d27cfd98066921e677ab5824,d9237b53be19973a71f379dfdfdc38b7,delivered,2018-01-23 00:30:58,2018-01-23 00:56:01,2018-01-24 00:51:49,2018-02-01 00:42:54,2018-02-19 00:00:00
c2859f3c830b3fab51d945c1c0ef45fc,daee9ceb68799b045600899b74629ee4,delivered,2018-08-22 10:54:37,2018-08-22 11:05:23,2018-08-23 07:16:00,2018-08-28 20:53:31,2018-09-03 00:00:00
cec61a2f94f55b2b392379dfc9a402ee,093ce66d767ff676396051dda46332f0,delivered,2018-01-30 20:27:38,2018-01-30 20:50:05,2018-02-01 00:35:16,2018-02-03 15:49:49,2018-02-15 00:00:00
d7c30fd6882d8cfa35a7413682542c87,382413ed2b40c42fd4fb8aa6caed11d5,delivered,2018-06-30 14:42:20,2018-06-30 14:55:13,2018-07-03 07:41:00,2018-07-04 17:37:49,2018-07-16 00:00:00
1daf08cbd75c8c42c6febf36b63e4bb2,2cbf6cb02acabd657570f14141006bd0,delivered,2018-01-03 14:58:25,2018-01-03 15:11:30,2018-01-04 22:34:32,2018-01-18 21:15:34,2018-02-19 00:00:00
934803b43ca04b1cd088ae5e65a5ae76,74b48a0bdefc8bedbfb04470914c9dce,delivered,2017-04-05 23:43:38,2017-04-06 01:10:13,2017-04-07 14:06:12,2017-04-18 16:38:07,2017-04-28 00:00:00
216466e0c94bda506e25adf7e905c5ef,646d64026bb6cf9f9d2e771af5d54ff1,delivered,2017-07-28 09:55:03,2017-07-28 10:05:56,2017-07-28 19:32:44,2017-08-04 22:49:58,2017-08-23 00:00:00
8421e7437b4c46dcf0e4895873ed8726,491dfc36c496e8880a5621b8ce98a2b6,delivered,2018-01-10 23:58:35,2018-01-11 18:27:40,2018-01-12 20:29:14,2018-01-18 00:32:21,2018-02-05 00:00:00
a2db9015fe477ad400fd0183ab308357,6afda3daa8873ace2e6ca5fc0bff2ead,delivered,2017-08-30 18:05:03,2017-08-30 18:15:15,2017-09-01 15:15:45,2017-09-04 14:08:54,2017-09-15 00:00:00
51868729f79f5a4f692a73234e21add8,736ed77f4ecefcc3722ea49389018134,delivered,2018-04-28 22:04:12,2018-05-01 06:13:37,2018-05-04 14:04:00,2018-05-16 22:41:41,2018-05-23 00:00:00
6d70b44b2d0742e51c0434faba7c9afe,192b1a2d0d7d5d391edab32669ef31ae,delivered,2018-07-21 05:48:37,2018-07-26 23:31:41,2018-07-24 11:05:00,2018-07-31 02:05:04,2018-08-07 00:00:00
6660735419b67a222968c81cd4e3fc9b,986666beea9f9971afa44b4bcf1df7cc,delivered,2017-10-16 11:28:49,2017-10-16 11:49:29,2017-10-16 19:42:26,2017-10-20 16:23:53,2017-11-06 00:00:00
03ee28c413aaef04d718e00ed85eb678,93ad62fc1229e9099881648f34813706,delivered,2017-02-21 10:54:37,2017-02-21 11:05:47,2017-02-22 07:00:14,2017-03-03 15:41:42,2017-03-24 00:00:00
e7666167df3a8011289e3980afcacf13,09d2d62001804e7ae2af3c29b13cb36c,delivered,2018-04-25 15:20:08,2018-04-25 15:30:29,2018-04-27 12:32:00,2018-05-08 11:22:34,2018-05-30 00:00:00
f205336be829af209878b6339cf02c7e,bea482168e59ee99ecadacecb808d058,delivered,2016-10-06 09:59:13,2016-10-06 15:56:43,2016-10-21 11:36:05,2016-10-27 17:55:56,2016-11-30 00:00:00
936b6d1c11f2b85ce1edfa34171b0e0d,02e5b5ecce34b118017c55151accfbe5,delivered,2018-07-30 22:59:30,2018-07-31 22:50:14,2018-08-01 15:59:00,2018-08-08 11:58:57,2018-08-15 00:00:00
b56dabf51bf716407925461f90b99f15,e4066f077a26a86907a4bcc57c432ce2,delivered,2017-05-12 16:55:54,2017-05-13 06:35:26,2017-05-16 11:36:19,2017-05-22 17:51:56,2017-06-16 00:00:00
cc72c534117f6b66be178c5ac9235adc,df710b0e7d20542f3c29d644be1f20cc,delivered,2017-07-11 14:45:08,2017-07-12 02:15:54,2017-07-12 17:26:55,2017-07-18 21:12:46,2017-08-04 00:00:00
583dfa864ad33b5056f352e0cff6b713,99077ffaf76f0a476865d067daae9670,delivered,2017-05-15 15:20:49,2017-05-16 03:35:18,2017-05-26 11:17:57,2017-06-01 10:10:17,2017-06-02 00:00:00
f082f28d8497b7ec4f89389dc373c7a6,f29933fff30fd131172ff842eaee564a,delivered,2017-07-25 18:12:38,2017-07-25 18:25:16,2017-07-27 21:37:50,2017-08-03 20:43:37,2017-08-18 00:00:00
9e8886e41052169460274de999ba954c,428b0360100fc4c328adc7773313cf2b,delivered,2018-05-11 20:03:07,2018-05-11 20:17:05,2018-05-14 15:49:00,2018-05-30 16:26:36,2018-06-07 00:00:00
ad71054dc5d178fd3d92e89a84f5edcc,13e310ef69a168c6d8876c9f932b6681,delivered,2018-03-04 18:39:32,2018-03-05 13:29:21,2018-03-06 19:38:36,2018-03-18 14:04:52,2018-03-22 00:00:00
031177de64d3bb73364a5f3306551105,1860483913e0190e2f0de57014df6a12,delivered,2018-04-27 19:23:08,2018-04-27 19:35:18,2018-04-30 14:24:00,2018-05-07 21:33:10,2018-05-18 00:00:00
6633cc9b9695c1fd9c51bd5afca04286,034dc20625271d7092e8228d1a80cac4,delivered,2018-07-24 22:33:06,2018-07-24 22:45:07,2018-07-25 12:44:00,2018-08-01 16:08:44,2018-08-09 00:00:00
9256fda5584ec43f6212f63bdf17b2ec,2b3c93b880505c1bbc5b3de1dd0ace3d,delivered,2018-06-27 11:34:34,2018-06-27 11:57:21,2018-06-27 11:56:00,2018-06-28 18:26:27,2018-07-16 00:00:00
f354a10235b5d253194c5285396abad1,8d37602184dc432a7ca227475ac81036,delivered,2017-05-12 13:46:05,2017-05-16 03:35:38,2017-05-16 13:38:34,2017-05-23 14:37:30,2017-06-08 00:00:00
9e98c3552018458c0a2dbfda35bbfbfb,fb21f7e36edb64a59f28725c2738a228,delivered,2017-12-03 10:18:45,2017-12-03 10:53:10,2017-12-06 23:28:08,2017-12-24 12:51:59,2017-12-29 00:00:00
94c2953e576ce67919379eef0d351816,286ceab451e4095a3fd1c76342fd157e,delivered,2018-02-23 18:13:43,2018-02-24 18:07:28,2018-02-28 18:42:34,2018-03-01 20:51:33,2018-03-09 00:00:00
b55b20186d1b1e9377f4fbeec39167bd,87f89eaa5b5eb1fb894ebf0c3ba5fa44,delivered,2018-03-15 00:34:21,2018-03-15 00:50:27,2018-03-15 19:48:42,2018-03-21 21:47:21,2018-04-03 00:00:00
b8872794c438d699251b948e4494a27b,10168c56912a6325727619cb593a6a37,delivered,2018-01-08 13:19:27,2018-01-08 13:31:20,2018-01-10 10:39:29,2018-01-16 15:14:57,2018-02-05 00:00:00
f3d1138add2934e968eaa91ce26da835,2845c3b58bbe2eb1dd1db586ae2badb3,delivered,2018-08-20 19:44:22,2018-08-20 19:55:16,2018-08-21 13:06:00,2018-08-22 17:58:49,2018-08-23 00:00:00
30e608f69bcd3b2758cc9f28c8af087f,7f10cfc70e5b4e8c9910f6d294d4bee1,delivered,2018-02-13 12:21:14,2018-02-13 13:28:02,2018-02-15 17:19:45,2018-02-26 21:28:04,2018-03-12 00:00:00
7c372cacf9e2626dd13cc5277d73c6e3,8e998a42d60ef12f9d2eef2a3aa5366e,delivered,2018-07-26 17:26:38,2018-07-28 02:35:17,2018-07-30 10:11:00,2018-08-03 00:05:12,2018-08-10 00:00:00
ed807db880719907eed75f32829ba5be,e0fa01cb87bab8b36f60bd56c00181a1,delivered,2017-12-21 16:55:25,2017-12-21 18:02:50,2017-12-28 18:54:53,2017-12-29 14:42:34,2018-01-11 00:00:00
314277faca3df2b7c0def6499dc16867,b0369ba1585d7b8ad5593c0f95c4316a,delivered,2018-01-01 10:26:08,2018-01-03 04:34:26,2018-01-05 22:20:21,2018-01-08 19:16:08,2018-01-19 00:00:00
b61d1cde65fdf2dffc129448698385c1,8dc29d61d9c74e70c9b5477ffe29f0e2,delivered,2017-09-28 19:21:51,2017-09-28 19:35:19,2017-10-02 16:37:59,2017-10-08 14:44:46,2017-10-25 00:00:00
a076e6a3d1401e58c8b6ced4d0d23225,e17ea06f5208a4adf2c64c1753ee9af5,delivered,2018-03-23 14:22:27,2018-03-23 14:35:30,2018-03-27 21:33:34,2018-04-16 16:48:49,2018-04-13 00:00:00
6bb821f726200115364aae8fe1126ee1,a6a1f9463a5d9a2e7e7ce3b654de6780,delivered,2018-04-01 10:30:25,2018-04-01 10:47:21,2018-04-03 15:04:52,2018-04-12 19:08:32,2018-04-18 00:00:00
d6e14e286083e99ba8571e9e8baac0b6,5054c030ff40c8dc6de75d4241035577,delivered,2018-08-22 18:57:21,2018-08-22 19:05:19,2018-08-23 14:53:00,2018-08-30 17:58:53,2018-09-11 00:00:00
837d1f8cf82a0c97441b80b64d287b94,c95ee9c661a55a74bdfa8bc3e08aed7a,delivered,2018-03-20 10:14:57,2018-03-21 02:48:59,2018-03-21 19:19:38,2018-04-03 22:58:34,2018-04-18 00:00:00
4f68ed0836136db8064bf34ebb1965e2,08a113f40963196742d5538a95776e34,delivered,2017-08-03 13:19:56,2017-08-03 14:30:09,2017-08-14 18:23:01,2017-08-17 19:03:48,2017-08-22 00:00:00
2fd164f74becbe83e1b81f3f3ab94d07,4b5df8f7bd263b1c620fbbe1bfc94369,delivered,2018-08-02 17:10:34,2018-08-02 18:00:08,2018-08-03 08:25:00,2018-08-08 18:47:30,2018-08-07 00:00:00
9ce1af91f300b02131e968687bca1732,37407068652762ec1079dfc51d332e87,delivered,2018-07-19 16:28:10,2018-07-19 16:43:02,2018-07-23 14:52:00,2018-07-28 00:28:29,2018-08-07 00:00:00
0b0b4cbb5b4eb45bad5bb031b56ea1e1,5c92c75f28189ffd8cf952b2ea478b76,delivered,2017-11-02 18:39:46,2017-11-02 18:50:35,2017-11-03 23:47:34,2017-11-17 20:38:23,2017-12-01 00:00:00
76932968baa3f3ec3eb6a11fe79c020f,41ec5c1a4fefc975303c7307936ee7b2,delivered,2018-08-11 10:25:29,2018-08-11 10:35:14,2018-08-13 08:55:00,2018-08-18 13:48:28,2018-08-23 00:00:00
24f686e03e134195c83dc3e2b6bf4cd0,8feae4bd81cd90e377f43588b900d3c2,unavailable,2017-05-08 14:20:50,2017-05-08 14:30:23,,,2017-05-31 00:00:00
421e787a5dec780e5db14facee9bdab5,ef4b4f3a32448a53c0692f135e4e9bbb,delivered,2018-01-09 19:08:15,2018-01-10 10:32:23,2018-01-11 18:38:58,2018-01-19 09:09:47,2018-02-06 00:00:00
c9d0741a7a1372f85dc44e9b73835240,424f86625efe107e467c2b741a786697,delivered,2018-04-23 18:13:14,2018-04-24 19:02:47,2018-04-25 14:11:00,2018-05-18 14:39:12,2018-05-28 00:00:00
8db43b1e3642a3227063d2517b63ecbe,45938ba1c04f7c36fa58f04c3d6e1540,unavailable,2017-03-24 14:35:51,2017-03-24 14:50:12,,,2017-04-20 00:00:00
2af092d75759971722843fc88d8509a1,1a046b7389bdcdd4a24091be91c8ca2d,delivered,2018-05-06 00:32:29,2018-05-06 00:54:35,2018-05-08 15:55:00,2018-05-11 20:21:25,2018-06-18 00:00:00
574a5f31f28e74854179a095e600e96c,914cbf733559144aaba5e8bf27d61001,delivered,2017-09-04 18:55:37,2017-09-05 04:44:38,2017-09-06 19:27:30,2017-09-11 23:03:00,2017-09-27 00:00:00
78bb9cb1e0d5fd2fb179e3a8205f0e4e,ab4806c1a9c4bc3e88aa1f900b88d98a,delivered,2017-07-29 21:51:05,2017-07-29 22:03:25,2017-08-07 17:39:02,2017-08-17 03:37:26,2017-08-30 00:00:00
f0b2f79f97e12f27b91c3570c725a81c,a0822dff344a63f5484f6f09dc6942e3,delivered,2017-04-21 20:05:33,2017-04-21 20:15:07,2017-04-24 12:07:13,2017-05-03 11:20:05,2017-05-15 00:00:00
5ea5b3c7c3a5213309b07f654f1fc416,371c644fca3c8e6854c3b16df9695e2b,delivered,2018-03-08 10:08:34,2018-03-09 13:48:04,2018-03-12 16:58:52,2018-03-17 12:22:21,2018-04-03 00:00:00
59bcc9fb2660aef0efcae5ef816fe8da,f701b1704873f79d6b5ac540db9faaea,delivered,2017-11-15 20:43:15,2017-11-15 20:55:53,2017-11-16 10:22:47,2017-11-23 21:05:09,2017-11-29 00:00:00
1182df110fbf0a14dfb08dd06c560836,18c577b56738bbba9d9f464eca7dd287,delivered,2017-03-11 21:26:56,2017-03-11 21:26:56,2017-03-13 14:54:54,2017-03-27 13:33:14,2017-04-17 00:00:00
8511c084d79be37aa0cdc0c9985738d3,aab3dae5b97f7188749343fe78c8947e,delivered,2018-08-11 09:24:29,2018-08-11 09:55:13,2018-08-13 09:24:00,2018-08-16 22:26:57,2018-09-12 00:00:00
4427836afdab8880f5ac2b25c710c822,7ef733cf0f7bb156665c627f1f5b4a5b,delivered,2018-03-09 19:08:29,2018-03-09 20:00:30,2018-03-12 16:17:33,2018-04-04 18:33:14,2018-03-29 00:00:00
c063c67e34bfcffe2492295dc03b8afa,e47d3e624ccc9b27956e4fa3777b8e51,delivered,2017-07-19 21:58:20,2017-07-19 22:31:20,2017-07-20 18:08:50,2017-07-25 23:47:56,2017-08-08 00:00:00
cf760ac414f55959d91e54756bb77fda,62b64a12ef5c1275684db5d78e0d50d1,delivered,2018-08-10 17:40:07,2018-08-10 17:55:11,2018-08-13 10:41:00,2018-08-20 23:18:41,2018-08-24 00:00:00
ab8a866574f73cbe65bb30367254c358,e87a4f15b2f6cabfa81b5567a661429b,delivered,2018-04-22 20:27:03,2018-04-24 18:48:20,2018-04-25 14:27:00,2018-05-02 20:12:01,2018-05-17 00:00:00
8d616a8d617842d9ab7a23a0f5b23e5c,d2c67f6ce0db029349ea52a96a82aeaf,delivered,2018-02-20 22:34:23,2018-02-20 22:47:31,2018-02-21 23:52:36,2018-03-05 18:27:01,2018-03-15 00:00:00
0281b24682fddf0c7efcaa299b066827,6d68129f050598becc89de9b781c298c,delivered,2018-06-24 15:02:20,2018-06-24 15:19:07,2018-06-25 14:08:00,2018-06-29 15:49:43,2018-07-16 00:00:00
8c6a3fab1ed272b02f23bb7dc9061d9a,9084b0a94916b534ac6e626011092567,delivered,2018-04-12 17:36:07,2018-04-14 02:31:39,2018-04-17 00:16:47,2018-04-30 19:44:38,2018-05-02 00:00:00
aed5fd4c4ada58504679761465a6486e,fb5adcc8d11e1000f05d9e6b683a0700,unavailable,2017-07-07 10:48:37,2017-07-07 11:03:33,,,2017-08-08 00:00:00
83d67fe6be9a0ed962f9ce12a1accdf3,7b2c888b9cc6cef7b7294d42d1600fc1,delivered,2017-05-11 17:51:45,2017-05-11 18:05:20,2017-05-12 12:26:32,2017-05-17 14:44:09,2017-06-20 00:00:00
eae3ed41188ee048187bd4841ae52b9c,fb6d6e72cb047e58c90844f7dc43c375,delivered,2017-09-13 11:57:37,2017-09-13 12:10:19,2017-09-14 19:53:45,2017-09-18 18:45:57,2017-10-05 00:00:00
3255ba790805f96d2755c07847d31f50,a9fec5ad67f80ea9bc491381b678e7c8,delivered,2017-12-18 11:27:40,2017-12-18 12:45:33,2017-12-19 17:28:38,2017-12-20 22:24:17,2018-01-05 00:00:00
17b33c457230992a193f0e7179fbf104,b6fa4fe04493bc219a264e39aad0de5a,delivered,2018-03-03 22:13:46,2018-03-03 22:28:38,2018-03-05 18:39:10,2018-03-26 12:51:27,2018-03-26 00:00:00
77ac59c6eca2cfec705ad0c804c6b092,759f6ec7aceb6e99b2b8392b6969acf4,delivered,2018-02-05 17:27:03,2018-02-06 05:31:42,2018-02-07 15:46:33,2018-02-15 19:33:10,2018-02-21 00:00:00
6597e9dbbb1d813a8807828870c2a0ba,810715abf035c34a06b6690f805376ea,delivered,2017-10-24 14:18:12,2017-10-24 14:35:22,2017-10-25 21:34:42,2017-10-30 16:47:04,2017-11-16 00:00:00
0dbdc97d32b0efccbdcbdf750aee17b9,88b37da7d26f1df8a97e91d349bee1c5,delivered,2017-05-03 17:25:30,2017-05-04 03:02:56,2017-05-05 11:28:00,2017-05-13 12:36:00,2017-06-02 00:00:00
98c9230069ea6f83d349fbdcac5928ea,2016496924ec7d507078544a9ac7bc30,delivered,2018-02-14 17:14:42,2018-02-16 08:10:38,2018-02-16 22:08:10,2018-02-22 17:28:04,2018-03-08 00:00:00
36534fe142509f207606ad15c006b7dd,cbccfa131f9417b13c43c21429910022,delivered,2018-08-13 00:00:57,2018-08-13 00:10:37,2018-08-13 15:30:00,2018-08-15 21:57:39,2018-08-17 00:00:00
443927ed7bbf7df399ca64efdb0b684c,0852444fb5c616452aa079549f38ca5e,delivered,2017-11-25 05:31:18,2017-11-25 06:33:29,2017-12-01 17:41:59,2017-12-09 01:52:19,2017-12-20 00:00:00
5346a99f61d771b889336c4a2c14e0b9,598dba00be5e701f7d8fbb9bd29753ef,delivered,2017-08-14 19:04:28,2017-08-14 19:44:21,2017-08-15 19:02:57,2017-08-16 17:33:35,2017-08-25 00:00:00
0a03ed20390f0245ab850bea4186190d,3fc5a0dbd1c9b084cb85b7f2a1ebdffa,delivered,2017-12-04 16:55:03,2017-12-04 18:30:27,2017-12-07 13:26:52,2017-12-23 10:44:33,2017-12-27 00:00:00
b15acd827ae5109303845f18ff8d4662,6b7fa5ec6f9230b7cb4f1a4481c89727,delivered,2018-01-22 01:28:27,2018-01-22 14:07:03,2018-01-26 16:52:27,2018-02-01 00:28:42,2018-02-19 00:00:00
f68d9380f798cfd964305e853071c0f8,c7c6c700a70e47413229de2fdea0528e,delivered,2018-04-17 12:03:11,2018-04-18 11:55:21,2018-04-19 20:04:52,2018-04-23 18:00:18,2018-05-17 00:00:00
0fc95c806aba2b8aef43db06838ec606,2e9ae3e10bcfcc16fe0eedc2ac5f9f6a,delivered,2018-08-23 21:49:33,2018-08-24 21:45:10,2018-08-27 19:09:00,2018-08-29 00:16:47,2018-08-30 00:00:00
6667ce63925742278c4eb0f5d83a913c,78b9900a0ff9d195d133d376c34b08c4,delivered,2018-02-15 11:26:40,2018-02-15 11:35:33,2018-02-17 00:18:33,2018-02-28 20:35:52,2018-03-09 00:00:00
a56289834f2dafadf7c571cc16d3249b,58cf5854ad59bf0a57a265c1f9e9b998,delivered,2018-01-26 11:49:05,2018-01-26 12:21:30,2018-01-30 13:58:59,2018-02-01 20:29:34,2018-02-09 00:00:00
1ada38b97a26793e53c1205050892669,d7ee2abd77a06c14710da7bc5233f234,delivered,2017-08-28 13:15:21,2017-08-30 02:15:19,2017-08-30 19:23:55,2017-08-31 21:15:04,2017-09-08 00:00:00
90ad1e3d82f91914b8daf79afc7d79a9,17c77aee53b37e65c31f475ed30b5832,delivered,2017-05-21 16:09:04,2017-05-23 04:22:40,2017-05-23 10:36:18,2017-05-30 15:44:08,2017-06-13 00:00:00
76b95d1df7db4efef64048b3f7653dc8,ebdc4e9056d3e63849ee02c6bc7c9578,processing,2017-08-01 23:16:17,2017-08-03 03:15:34,,,2017-09-04 00:00:00
f7f1e7aa2dda713297141d80375e9509,4da2c9c807e40ef2c7c78cca34ffa0f3,canceled,2017-08-12 19:53:24,2017-08-13 20:05:21,,,2017-09-18 00:00:00
814a581bb15822a49e046f3f612e18e0,158bc68009baa9f898feec21017b7f67,delivered,2017-11-24 09:08:38,2017-11-24 09:15:30,2017-11-24 18:46:54,2017-11-27 14:58:02,2017-12-13 00:00:00
eccfa497ce3b3c48e8ccb2a629ea5fe8,a979d4ac65ebbe603783c51cc7c94200,invoiced,2017-02-01 17:24:22,2017-02-01 17:35:16,,,2017-03-20 00:00:00
36782087b0d4f8cd6daa340872006259,f44b3f6747f4f5927e4034d63992603c,delivered,2018-02-07 12:59:55,2018-02-07 13:15:39,2018-02-14 17:48:49,2018-02-19 20:17:32,2018-03-05 00:00:00
77bc193fd7a345307735df45566126a6,b7a97ac8ea9c2fb9e438a076c163d41c,delivered,2018-02-20 22:48:19,2018-02-20 23:20:31,2018-02-22 01:07:16,2018-03-03 12:28:54,2018-03-13 00:00:00
812cd0d5b71a2f8fc46d2cb6bbd578a9,e081a4fa0a267bcd8c2da2513752c68e,delivered,2017-11-27 00:02:57,2017-11-27 00:19:30,2017-11-28 19:09:03,2017-12-05 17:22:29,2017-12-15 00:00:00
bbc13e09a09a77b4f6ea6a981a399473,7822a6861b0a8c3a5b4ed5f42268eab0,delivered,2018-05-28 22:11:08,2018-05-28 22:35:37,2018-05-29 14:04:00,2018-06-05 13:12:51,2018-07-04 00:00:00
7b60439ce00c75448babbcbfb0bdb6f0,477f523d95439da10291dd5659e120a4,delivered,2018-05-12 10:52:23,2018-05-14 14:10:18,2018-05-14 13:11:00,2018-05-22 18:22:03,2018-06-14 00:00:00
a37c35b30b6e6d6e5a62c846cb093a32,c7fc773153ce95d99d98dc0b57f52504,delivered,2018-08-26 19:07:32,2018-08-26 19:24:15,2018-08-27 06:28:00,2018-08-30 16:45:50,2018-09-14 00:00:00
37a96f0eb9749c5b149de75ffa669662,dd8803090eae7cd25b3eb6b86d05da47,delivered,2017-06-20 09:10:34,2017-06-21 09:15:15,2017-06-21 14:13:13,2017-07-03 15:46:46,2017-07-18 00:00:00
ecfef517213c787b773d09056b717560,9388ff9b58a5d55ff3027858f519d1fb,delivered,2017-11-27 11:33:43,2017-11-27 11:54:57,2017-11-30 18:57:08,2017-12-12 23:17:43,2017-12-18 00:00:00
1a2b0033f0b7a3116f00594ec5524344,e76d70baaf2e6bf919577966bdc5ce8f,delivered,2016-10-06 22:23:25,2016-10-06 22:58:22,2016-10-17 23:58:23,2016-10-20 23:58:23,2016-12-20 00:00:00
4fc320374afd63a53d0b5607ef49113c,e8ae3b3d200846af695118ba15688352,delivered,2017-05-20 07:59:38,2017-05-20 08:10:09,2017-05-23 13:37:42,2017-05-31 06:06:58,2017-06-22 00:00:00
14ac5864dbbe7ea0f936884e43b16fa3,87d23e68b92b0a82ea7d3f297d0dcf71,delivered,2018-02-02 15:53:03,2018-02-03 15:50:27,2018-02-06 01:32:20,2018-02-15 17:42:46,2018-02-26 00:00:00
ee75b742f1f1b17653750c0b6f0bbbac,6b99c5eee7f59e2403c56ff2bf2de3c9,delivered,2018-03-21 13:25:44,2018-03-21 13:48:02,2018-03-23 01:13:05,2018-03-27 22:32:29,2018-04-09 00:00:00
37998721893fc9117c5d69637031b515,1d30c84c1eb80215d21f9c1fbd046edc,delivered,2018-04-18 12:07:12,2018-04-20 07:15:20,2018-04-25 02:24:32,2018-05-24 15:14:33,2018-05-17 00:00:00
1b0473c7b9a74f2c6b2ad1098892b3ec,a513d9d214219138b0102cefc895d5cf,delivered,2017-12-16 14:02:41,2017-12-16 14:13:27,2017-12-18 19:22:19,2018-01-05 19:55:00,2018-01-16 00:00:00
b700e6feb73a0ffb4f4b8571b68049d2,12fc5bc3cfba3e325d3dd62b33edc725,delivered,2017-12-18 16:15:40,2017-12-18 16:53:14,2017-12-19 23:14:26,2018-01-05 19:06:10,2018-01-17 00:00:00
b956b417947842f743b0ca3d0c3fb1fa,3b5b6699a87f8039d1e602b8e04cffde,delivered,2018-01-13 15:24:28,2018-01-15 12:50:39,2018-01-30 19:31:58,2018-02-05 16:48:53,2018-02-21 00:00:00
94647755aed55676ec36da516c9d439f,04c4e37f0223344a2f02527118f33900,delivered,2018-01-25 00:00:06,2018-01-26 03:15:54,2018-01-26 18:26:20,2018-02-01 16:53:26,2018-02-22 00:00:00
a9e7b797dd41979738e86a33cc9e8520,9de58209bf50e78c31e5b6e603c3cba8,delivered,2017-05-05 19:57:06,2017-05-05 20:22:21,2017-05-08 15:44:50,2017-05-16 09:29:34,2017-05-30 00:00:00
a8a18e23a5c2a59c0a61550c6d690d96,b8f700d1d4aa1a148845ccaa48e04638,delivered,2018-03-19 19:25:55,2018-03-19 19:48:51,2018-03-28 15:41:49,2018-03-29 17:21:45,2018-04-06 00:00:00
1066ee7e50cd5ffa03605d4bddb316cf,b05a9ed4f2b97559aa957545915d0c16,delivered,2018-02-26 11:40:04,2018-02-27 11:35:49,2018-03-01 20:04:43,2018-03-02 21:19:55,2018-03-12 00:00:00
4db3f0539b3631ce246928eb9337df76,fded9a7647d4567e3a2b27065a1839ed,delivered,2018-02-19 21:27:11,2018-02-19 22:30:34,2018-02-20 21:12:49,2018-03-06 16:49:04,2018-03-16 00:00:00
c9d0365e799572906dd4a83e17d1b6e5,9ee66eb44f775d666d668af72dc76499,delivered,2017-01-29 23:24:19,2017-01-30 00:31:49,2017-01-30 10:52:01,2017-02-07 11:48:59,2017-03-16 00:00:00
2c9d0e7a53245b11b39d47e84b3d7ac9,e1a9260002f958ad5765a6e85172e0ae,delivered,2018-07-06 18:36:03,2018-07-06 18:50:55,2018-07-17 15:48:00,2018-07-21 16:38:46,2018-08-17 00:00:00
8b564962527dd053cfc85c8fc98ad1df,7a9f83795de1c16c6be36870eccd9b10,unavailable,2017-10-09 16:38:21,2017-10-09 16:56:30,,,2017-11-08 00:00:00
1dacb75a3f524523a6521835a6787057,92f8771418e7b8dff78750306809ecea,delivered,2018-08-13 16:50:25,2018-08-13 17:04:34,2018-08-21 16:30:00,2018-08-23 01:31:41,2018-08-20 00:00:00
a6aef11a3026e113df62739da7de964e,b103615614c3de1f0c5bd81ba07cbc38,delivered,2017-07-23 10:46:30,2017-07-23 11:03:12,2017-07-27 14:11:30,2017-08-03 19:46:39,2017-08-11 00:00:00
ea88f68397901f59ed9456a77f861c72,aba326a3f911f196bdf7665036f08a5e,delivered,2017-08-12 23:01:12,2017-08-13 23:05:17,2017-08-14 23:14:27,2017-08-18 20:53:41,2017-09-08 00:00:00
87f78de2f8a2b3547bfebccac7357b0a,cbab06c5976a687774aa85c1a6cc2f05,delivered,2018-01-16 18:05:23,2018-01-16 18:16:27,2018-01-19 01:42:39,2018-01-25 19:26:47,2018-01-31 00:00:00
187bccd4e95e2d51f099e6174311283f,e0d1023b561a622376880bc03708af44,delivered,2018-06-15 12:32:47,2018-06-18 15:57:13,2018-06-25 13:48:00,2018-06-26 19:08:38,2018-07-18 00:00:00
5b649740381032adc79831802d8d221a,9f953bb4452203555445d713827f1465,delivered,2017-11-04 11:11:51,2017-11-07 07:30:51,2017-11-08 15:46:59,2017-11-13 16:52:04,2017-11-30 00:00:00
c9203e1cece67a652cfa58cec64fde76,e079000c5f880a1b8bbef83f057ca9b7,delivered,2017-06-20 16:37:28,2017-06-21 02:25:32,2017-06-22 13:06:02,2017-06-26 13:52:11,2017-07-06 00:00:00
c65a9006ea98064829711ea412e5d9a1,f16d750c9405cda886db8c3c60dc00e0,delivered,2017-04-10 11:02:37,2017-04-11 03:45:14,2017-04-11 12:09:40,2017-04-18 14:10:46,2017-05-02 00:00:00
9cea6943c0d2ab67dc7bde8ab9b03f32,f346b807b1661ec6ca272e79fc2efa04,delivered,2018-08-22 09:09:10,2018-08-22 09:24:26,2018-08-24 06:20:00,2018-08-29 12:38:46,2018-09-13 00:00:00
60058e743955ad0595c97a485d1737f8,36765a285b8eec317a265593dec379d5,delivered,2018-05-31 09:55:00,2018-05-31 10:14:01,2018-06-01 14:11:00,2018-06-28 13:37:49,2018-07-13 00:00:00
cf46c4a1a3f077bf5cd7e232b9bfb796,ca354beea5d55bb432fce7e6cbd5edd7,delivered,2017-10-20 10:46:34,2017-10-20 11:56:27,2017-10-23 18:07:29,2017-10-26 18:03:30,2017-11-13 00:00:00
a5546177a26b3a3c1f39c7c7225a0e75,b256f3b919271334224ad96cd9d33a2c,delivered,2018-07-25 15:17:58,2018-07-26 03:10:21,2018-07-27 08:26:00,2018-08-07 15:19:00,2018-08-10 00:00:00
ff8bd473e4aaf9218bdcffd1a5b92a77,5eb5071a0658db5ffec8043466df8141,delivered,2017-05-21 22:16:00,2017-05-21 22:30:14,2017-05-22 12:41:51,2017-05-29 09:59:58,2017-06-13 00:00:00
84529952b44a7b19788d9398f07b6eea,0aa7617c001d7897e1b3e1efb95dc471,delivered,2018-02-04 20:37:41,2018-02-04 20:51:21,2018-02-08 22:16:37,2018-02-27 22:52:29,2018-03-08 00:00:00
eff6d1823541bd02a75eb960685b0230,a5f596b7a0f0b2b04aea6e8c4d809be6,delivered,2017-06-22 12:55:01,2017-06-22 13:05:17,2017-06-26 13:32:27,2017-07-05 16:12:32,2017-07-14 00:00:00
599c3870e523bd6be85a650381029959,241a9625091f3f11ea6ad6b3bad9a510,delivered,2018-07-23 11:20:03,2018-07-24 11:31:52,2018-07-24 13:11:00,2018-08-02 22:04:06,2018-08-22 00:00:00
39e36f442707e044192658098a73ec27,24990bb0b93389a084c6a0a628f2b544,delivered,2018-04-08 17:32:00,2018-04-08 17:49:49,2018-04-09 19:22:50,2018-04-14 12:51:36,2018-04-25 00:00:00
237fe1628607420f6e0a5a4c4a64b298,00674fe0f6a6f190bd022dbca99795dc,delivered,2018-05-06 21:29:07,2018-05-07 15:13:44,2018-05-08 09:55:00,2018-05-11 18:31:18,2018-05-15 00:00:00
94b3244b8c0ad78eb455a0638d92b351,4d809b5536eb462256a4cca3e1aa35e0,delivered,2018-08-05 20:16:48,2018-08-05 20:30:15,2018-08-15 17:06:00,2018-08-21 21:21:29,2018-08-30 00:00:00
dd2213aace9f8e664ae43060775f86a2,e89fc69d6f19edffa2cb3dbec3312f25,delivered,2017-12-13 10:18:24,2017-12-13 10:51:45,2017-12-14 16:22:22,2017-12-21 19:42:13,2018-01-12 00:00:00
9704b8f76b77e74be19dd79d9371b6b4,fc105fb8764574f55866fa877934c978,delivered,2017-07-05 17:22:50,2017-07-05 17:43:57,2017-07-13 20:33:02,2017-07-27 14:13:38,2017-07-24 00:00:00
94df3783882793e592e84e1c2430dffc,87f4ffa28a4526f3eda93f8f991e431e,delivered,2017-05-01 16:48:27,2017-05-01 17:05:36,2017-05-02 14:08:56,2017-05-09 06:03:02,2017-05-29 00:00:00
9aa01fd658d6e6794dfc650349c61735,1ec17945580956b4bd4b8389f93cc5a1,delivered,2018-03-18 17:34:01,2018-03-18 17:50:33,2018-03-19 20:11:08,2018-03-21 13:19:48,2018-04-02 00:00:00
d003080bcb95015f5bc092748ae52697,0927e313c410f8b7d64a99fb73360105,delivered,2017-10-03 21:08:38,2017-10-03 21:24:31,2017-10-13 21:42:04,2017-10-21 00:19:50,2017-10-26 00:00:00
f5c4e614e3b4378699e9bb00061816a5,d9622c31104d945612cdb1e6aac3e8c2,delivered,2017-11-23 22:13:26,2017-11-23 22:28:27,2017-11-24 17:42:05,2017-11-25 17:52:17,2017-12-07 00:00:00
b1a4a414356b54aba115cf84a9536752,a57f8b3a7a542931353bc16d141e4787,delivered,2017-03-31 17:11:00,2017-03-31 17:25:08,2017-04-03 16:29:52,2017-04-07 14:03:04,2017-04-26 00:00:00
b1886110c1ae28ae4f81d9bc674b4384,e30fa490cbcc9a729fc955c34fdf6267,delivered,2018-01-11 16:26:40,2018-01-11 16:33:24,2018-01-15 15:13:37,2018-01-22 19:58:54,2018-02-09 00:00:00
fdcbc941db4120521d0aae316f2f055a,c68f0eedfcaa1a44e88338a187e76275,delivered,2018-02-04 11:52:34,2018-02-04 12:10:35,2018-02-06 16:18:43,2018-02-08 20:33:08,2018-02-21 00:00:00
4c2da572497ba6e438bf4431c448092a,9df855aad44b6b19e9058410cbb4d95e,delivered,2018-04-06 08:39:52,2018-04-10 04:10:46,2018-04-12 02:42:36,2018-04-16 16:38:24,2018-05-08 00:00:00
ee8e24472be0999597648d72577ae895,44b48c6caacf57318845ebda905fc24b,unavailable,2018-02-11 11:23:28,2018-02-11 11:30:33,,,2018-03-09 00:00:00
4d28c569c6b1c56550cd20e1240d51cb,9d492180ae263f5954bdd0bf85fa5f09,delivered,2018-05-20 22:28:10,2018-05-20 22:58:17,2018-05-29 09:26:00,2018-06-04 17:38:25,2018-06-04 00:00:00
2124d1e1d8114cf8b7637b46d40ce9c2,3f56c3e805e0659f2691c78f4997c86c,delivered,2017-10-15 15:27:23,2017-10-15 15:49:08,2017-10-18 21:47:45,2017-10-19 21:47:41,2017-11-06 00:00:00
e01fc3338c40dc94ef890089c8deeffc,6d5173a8779c07d167c7479fd036717b,delivered,2018-04-10 18:04:06,2018-04-10 18:15:25,2018-04-13 20:48:48,2018-04-25 19:38:50,2018-04-26 00:00:00
c6d494c8b8f23ab293d35084ce4babd1,6dd52a73b6f4356624e6622b1a1e1b5f,delivered,2018-04-26 12:09:44,2018-04-27 03:30:52,2018-05-08 13:40:00,2018-05-14 14:58:49,2018-05-25 00:00:00
102a6b13aa973c8c169ba1d62ffa4cce,fef16d4748e573e3e48809c20be99bb3,delivered,2018-06-08 13:16:40,2018-06-09 03:13:10,2018-06-11 14:35:00,2018-06-21 19:51:45,2018-06-28 00:00:00
232a2ccad012f3cb2ebe4ea479e0b1af,ddd680886f3e0df8eceaf99bd327495e,delivered,2017-10-09 10:51:59,2017-10-11 03:49:34,2017-10-11 18:22:27,2017-10-17 18:36:06,2017-11-01 00:00:00
d776b075b96169ae9e7c789eeb991435,abb81fc0cb80ca9d4e384afc58e49717,delivered,2018-04-06 15:33:54,2018-04-07 02:48:23,2018-04-11 01:54:33,2018-04-24 15:32:42,2018-04-30 00:00:00
d06755faae98d8d12f395a11570f10ec,f36884f57905aeb942b296f97c63330d,delivered,2018-06-26 10:45:35,2018-06-26 11:19:07,2018-07-05 14:02:00,2018-07-10 18:26:42,2018-07-30 00:00:00
5fdfdf9c7e10eb512c9ba20fdf28e632,3af72eff337f394f1da7588435bdde2e,delivered,2018-01-10 19:34:51,2018-01-10 20:08:21,2018-01-11 21:23:50,2018-01-27 17:36:50,2018-01-31 00:00:00
c140905304357feaf8b66f88734561a1,caaee91bb5b342e7363dacca6cc4b1bb,delivered,2018-04-06 10:38:01,2018-04-06 10:50:21,2018-04-09 15:58:49,2018-04-18 16:19:19,2018-05-07 00:00:00
c3d4a434cde1a90cd2ca37244c83ed0d,c6633b67487952b89d6c2c34f8b4bb50,delivered,2017-06-09 10:08:50,2017-06-09 13:35:12,2017-06-14 16:43:58,2017-06-19 20:19:56,2017-07-06 00:00:00
6a5f6e137c8ecd4e1389645cfee6182b,dd9e4c1eca6003eba8ada3a5b1484563,delivered,2017-10-07 17:56:41,2017-10-07 18:07:25,2017-10-10 17:30:18,2017-10-16 18:42:27,2017-11-01 00:00:00
a1b9ef764d1de3a283a1e60320475964,6de7b73a97f0c187c0f163027139388d,delivered,2017-09-28 12:03:33,2017-09-28 12:24:27,2017-09-29 21:04:39,2017-10-16 20:33:48,2017-10-30 00:00:00
c1430335dd0a7398955a56bcd1ecb510,19a5ad83696253b7997c545cb5a3130c,delivered,2017-12-27 09:20:18,2017-12-27 09:28:26,2017-12-28 21:49:19,2018-01-16 16:39:45,2018-01-23 00:00:00
8273fd6bf6d04443265e6f244f8a6fe9,8860612bf15c90f98db7e4721101f944,delivered,2018-06-20 00:45:58,2018-06-20 01:18:51,2018-06-20 15:24:00,2018-06-27 16:58:54,2018-07-17 00:00:00
6b5c527f8d210097a9cfaddd7bf4ec94,6956947a848550caa689ee8222a11c4c,delivered,2018-01-07 23:11:47,2018-01-07 23:27:31,2018-01-08 19:47:16,2018-01-09 21:39:56,2018-01-24 00:00:00
657f263221ced6c31242141877e13f66,ed7bb266e71b90678e745117c592d9e7,delivered,2018-01-16 13:16:39,2018-01-16 13:30:20,2018-01-16 22:38:00,2018-02-15 20:52:23,2018-02-08 00:00:00
1515cf99add38d4baa19a14346e25b31,d9d7bb9302c367829891b1b1f9361659,delivered,2018-01-16 14:12:13,2018-01-16 14:19:22,2018-01-19 02:05:32,2018-01-25 19:37:47,2018-02-06 00:00:00
a822bdce05aae4a72e40171aed06096d,0ff52546be432c8346d431ad81c0a029,delivered,2017-08-16 08:55:30,2017-08-16 09:25:17,2017-08-16 19:54:45,2017-08-17 18:04:52,2017-08-29 00:00:00
8ac178356c346ebe393c8a54ae38ea3a,5a87d99b3d3b84811076c7a1c5bb54c5,delivered,2017-11-16 21:14:32,2017-11-16 21:33:59,2017-11-17 15:26:45,2017-11-28 00:18:35,2017-12-08 00:00:00
4adf69cec5c1814bd171dafc4c12ba73,d1739c719a801a392578b4a8e7902837,delivered,2017-10-02 10:35:14,2017-10-02 10:49:40,2017-10-04 17:13:09,2017-10-09 17:46:58,2017-10-27 00:00:00
8c4c8ec2a3220400b0dd56f270c90eea,5da77fb0d792edcaf3d2f6bfe9d65b5d,delivered,2018-02-11 11:01:47,2018-02-11 11:10:23,2018-02-14 15:35:58,2018-02-22 18:56:43,2018-03-09 00:00:00
41707ed875aaa6861979c1a2a8dfa9d5,b0ec3894ce1e2d319363928f8b4649a4,delivered,2018-06-29 10:09:36,2018-06-29 10:31:59,2018-07-02 14:24:00,2018-07-06 14:43:32,2018-07-19 00:00:00
5c35bf8376a214c893fc0bb5345cae94,0554c3266a8eb4ba8b72e3a559d418d9,delivered,2017-11-30 02:16:19,2017-11-30 02:35:22,2017-11-30 17:48:09,2017-12-08 01:03:54,2017-12-28 00:00:00
cdaa3fb8ca6c3e104eb00fe8a33c88f6,8929d4982f67133e36841637ee6f354f,delivered,2017-12-01 08:44:58,2017-12-01 11:31:24,2017-12-04 15:29:08,2018-01-03 20:12:54,2018-01-05 00:00:00
80ab91a3eb74b9f60c88ccb65e86197d,4297418af8f60c03bb773fb1181f77dd,delivered,2018-05-10 20:07:00,2018-05-10 20:17:44,2018-05-11 12:52:00,2018-05-22 18:54:24,2018-06-19 00:00:00
0eca887c933337f93c861dd445390720,e90d7b4a637d8c58d8ac83fda7726673,delivered,2018-03-17 10:05:19,2018-03-19 07:50:43,2018-03-29 20:17:36,2018-03-31 19:34:26,2018-04-16 00:00:00
0fb0e71d92a103ce203e4b32be458d9b,71e993ef101217dfb733f56e8f99cc20,delivered,2018-08-07 12:46:47,2018-08-07 13:04:45,2018-08-14 12:09:00,2018-08-15 16:38:45,2018-08-13 00:00:00
8b693238573589337ab106bbf08ed2b3,a8d9f64aec9cce8f0dee0b9f449e5dbf,delivered,2018-03-08 16:12:38,2018-03-09 02:31:30,2018-03-09 17:32:04,2018-03-26 14:32:26,2018-04-06 00:00:00
c5dc5eee680080a268100b420f8e960a,0f4ac644739f6e49175bb1baf0277b8c,delivered,2018-05-31 15:33:14,2018-05-31 15:51:47,2018-06-04 14:34:00,2018-06-05 22:08:23,2018-06-26 00:00:00
28f95fbaf018fe02fab079f4a7bd5815,541d2099af6bd275df6be724ca638452,delivered,2017-12-08 09:14:36,2017-12-08 09:30:34,2017-12-08 17:17:55,2017-12-14 20:27:47,2018-01-08 00:00:00
1a95c6f54a52a5b725f80bdbeac6cfda,5ad3fce8e3abe6a24c08115372f307dc,delivered,2018-03-28 19:28:24,2018-03-29 19:27:51,2018-04-04 23:51:29,2018-04-16 13:32:16,2018-04-16 00:00:00
bb5849f8ba21da43ffa31ea52ba81b37,bd1a163012abbb431a551fa95aab940f,delivered,2017-03-14 13:40:28,2017-03-14 13:40:28,2017-03-15 08:07:35,2017-03-23 17:17:00,2017-04-04 00:00:00
e54245d9ada10a3d2910565a0bc2fdbf,811304598ea0c428e694dd8a6ded84d1,delivered,2018-02-17 22:10:09,2018-02-17 22:26:31,2018-02-19 20:25:15,2018-03-15 14:41:50,2018-03-16 00:00:00
639c3cf682625ef18cf4539bcb0e510a,78e507bc638584ef237fa084dc2b5e42,delivered,2018-07-13 14:52:29,2018-07-17 04:32:29,2018-07-17 12:42:00,2018-07-24 20:41:48,2018-08-17 00:00:00
8682a030870edcce6a8b8299b68aa4d6,626ee03ce70d55d537a1e5d9f2072261,delivered,2018-07-29 23:08:40,2018-07-31 04:31:27,2018-08-01 15:45:00,2018-08-02 21:21:57,2018-08-06 00:00:00
9d70de973b8b083b57fc62f12634f914,0c2f74f093d807cf61e0efa724e6978e,delivered,2017-02-06 22:25:58,2017-02-06 22:35:20,2017-02-07 14:55:23,2017-02-21 12:33:37,2017-03-15 00:00:00
b48681f5e795989ee7e78953269720e2,713ccf2c8b341b2b1c0796960ae93fb8,delivered,2017-09-22 10:06:28,2017-09-22 10:28:02,2017-09-26 13:52:22,2017-10-05 17:52:31,2017-10-24 00:00:00
cee9b5953fbfa530733f94ddce959a15,0015f7887e2fde13ddaa7b8e385af919,delivered,2017-07-31 11:05:46,2017-07-31 11:24:56,2017-08-01 18:56:51,2017-08-08 20:53:03,2017-08-24 00:00:00
3b61275de41f60d8e48bef3f42ac8bed,cfea8643620e714a7f1344226e2bc21c,delivered,2018-06-10 21:08:01,2018-06-10 21:37:08,2018-06-11 15:17:00,2018-06-13 22:28:41,2018-06-20 00:00:00
2b83df43770dbcfe61c406dfc453068c,2188330a60ec2a9c8e9a20c5264c4bfb,delivered,2017-09-29 18:18:16,2017-10-03 04:14:15,2017-10-04 15:53:14,2017-10-11 17:48:09,2017-10-27 00:00:00
a0469b6e4b00520b86b346163905059e,bc3d67baa9151394d878ae0c0ca545b7,delivered,2018-08-16 12:37:38,2018-08-16 12:50:20,2018-08-16 14:03:00,2018-08-22 21:18:39,2018-08-27 00:00:00
d3f9898585d009b6f743c6c53739232d,4ab32cae3ab517dfd9db1103b658575d,delivered,2018-01-14 12:23:16,2018-01-14 12:35:28,2018-01-16 19:09:48,2018-01-26 23:31:59,2018-02-15 00:00:00
8d62f7dee37e4ec2dcd3843812005016,39b8943d34e2abdf1d9a7433b6342fa6,delivered,2018-03-22 15:08:15,2018-03-22 15:15:44,2018-03-27 20:52:32,2018-04-04 18:45:26,2018-04-27 00:00:00
ba4630480d9cb693430e8ee1e82b9c7a,d7a4e554d11cb0d1f2695ec77f8fefb8,delivered,2017-04-10 23:29:46,2017-04-10 23:42:09,2017-04-11 17:16:37,2017-04-20 12:03:14,2017-05-15 00:00:00
4d9398d65f7b55527d3e69ad7ff3622b,8c17ec1341bfa1d826f156e6148469a1,delivered,2018-05-07 08:58:38,2018-05-08 19:55:21,2018-05-09 14:35:00,2018-05-17 22:54:55,2018-06-04 00:00:00
f623347913bab0b18cc51aa736f16c2d,5a73cbfaa5062824202c66b6d32f2ccb,delivered,2018-01-22 08:22:42,2018-01-22 14:12:44,2018-01-23 19:09:43,2018-02-01 19:04:44,2018-02-14 00:00:00
1997d8e0fb0e3c1ffefac2b84bde7662,baaf9e2d0a88e523c46ae1a760bf0eb9,delivered,2018-05-07 10:45:57,2018-05-07 17:56:17,2018-05-10 16:16:00,2018-05-16 21:22:30,2018-05-25 00:00:00
bf4b7d92cdd615c46ada44becb184823,9e1e8d9f72fe02fdf424655e63bdf38c,delivered,2018-01-12 21:25:28,2018-01-12 21:36:29,2018-01-15 19:24:56,2018-01-19 12:11:23,2018-02-02 00:00:00
9cb560230b18aed833770219fd165e16,4a12498b256c30e2e59cf2ae246222b7,unavailable,2017-07-12 18:26:00,2017-07-13 02:55:33,,,2017-08-01 00:00:00
923d5b9c9859803b77bebedfbb23e6cb,5c5e827a07f0417ee449071f0a3a7052,delivered,2018-08-13 10:05:23,2018-08-13 10:24:21,2018-08-14 11:46:00,2018-08-18 15:38:36,2018-08-28 00:00:00
c3ce241c7faaab3516a3c9a1abb30c75,75193d47d5ebcb53aa34ebf1956e2e61,delivered,2017-11-25 14:38:49,2017-11-25 14:55:54,2017-11-28 13:39:00,2017-12-13 01:58:38,2017-12-19 00:00:00
96aabbf6c7fe4fc427862aa6db301f69,d1ec770c0d3921b84f96197901a9b213,delivered,2018-06-07 11:32:23,2018-06-08 02:56:15,2018-06-11 14:56:00,2018-06-19 20:10:53,2018-07-04 00:00:00
24cb2cb9a2ced76369e359626d439ad8,22a2d16b5407542b249057fcbb95f121,delivered,2017-02-14 13:54:15,2017-02-14 14:05:25,2017-02-16 13:18:51,2017-02-21 15:49:04,2017-03-13 00:00:00
c9882bc63e40be5cdc34d7274bf89761,260182b30490f385e08d9d9a755cee2c,delivered,2018-04-05 11:12:15,2018-04-05 11:28:17,2018-04-05 21:58:50,2018-04-06 20:21:59,2018-04-17 00:00:00
1bb86f8d6d2967cbf88b8a487d536e43,4737d20c64ded974df739986ba44244c,delivered,2018-06-07 12:44:20,2018-06-07 13:17:32,2018-06-08 16:55:00,2018-06-23 00:26:35,2018-07-17 00:00:00
5340b130e66f95396ce83ee3f6d36ee4,d98ac826b20bce9ec55627b63505214d,delivered,2018-07-28 23:15:29,2018-07-28 23:25:16,2018-07-30 15:22:00,2018-07-31 19:41:14,2018-08-06 00:00:00
74cb3fb0fb72d32590b7ce142be2a3e6,acf3736030b77c384568d4c35bc199f3,delivered,2018-04-10 11:05:53,2018-04-10 11:30:05,2018-04-10 23:06:25,2018-04-17 14:29:24,2018-04-26 00:00:00
5e0238f4a57ea0c2a69aad35627b57f0,09100e2874da1289c4f337ab2eb27db0,delivered,2018-06-08 00:37:44,2018-06-08 00:56:39,2018-06-08 13:17:00,2018-06-11 20:22:46,2018-06-26 00:00:00
9574b288490bcda13e1fd8f75a319bc3,db2aa09091760daab8e171c5575ec2c6,delivered,2017-02-13 09:32:48,2017-02-13 09:42:57,2017-02-16 03:04:56,2017-02-24 08:53:43,2017-03-14 00:00:00
44bbcd212c259d0ce5f8a9eb94084757,64d6315d8cffab9a6e494254f1297700,delivered,2018-02-09 13:48:58,2018-02-09 14:09:04,2018-02-15 10:53:49,2018-03-05 18:18:38,2018-03-22 00:00:00
c36e2db3e1489ff9c460ec23cc65af44,87279ee4ad47e57bd884877c18ad1f4d,delivered,2018-03-06 11:35:19,2018-03-06 11:55:26,2018-03-06 20:56:26,2018-03-09 00:06:34,2018-03-16 00:00:00
ac5ad4cfc85f922013597f80a6c59099,4cdfe57e4d764c5f21beaf377175c19f,delivered,2018-02-27 17:28:04,2018-02-28 10:15:42,2018-02-28 19:32:52,2018-04-11 15:48:43,2018-03-19 00:00:00
a8a92512496f02da00cf23fc2066121c,e500ecd3e20aa548a181842d8b0802e5,delivered,2017-07-05 15:39:17,2017-07-07 02:50:34,2017-07-10 19:54:43,2017-07-17 21:12:35,2017-07-28 00:00:00
f83e640575b80ecea64f0a11d55148dd,34c3b0bf0429912964bfb5cb7216a7d3,delivered,2017-10-20 18:32:41,2017-10-21 03:07:09,2017-11-01 20:33:41,2017-11-14 14:12:26,2017-11-21 00:00:00
c75a90e6201220dc506387228d8e0e54,1d6db6bde1eb5d91ce0063247e6d6303,delivered,2018-06-28 22:41:54,2018-06-28 22:50:11,2018-07-02 12:17:00,2018-07-03 21:33:06,2018-07-12 00:00:00
a8da750ead7290b859a6b05d62c9522f,c55e53a071e7aa2413545c5f720be9b5,shipped,2018-03-09 19:49:16,2018-03-09 20:08:55,2018-03-12 20:04:34,,2018-04-17 00:00:00
56f708dbbcd371c568332d3dc8dd5c09,1987d61027f43991f51dda7d9c901387,delivered,2018-01-12 14:38:24,2018-01-12 14:48:18,2018-01-15 17:28:00,2018-01-25 20:33:12,2018-02-06 00:00:00
c87eecae26103ac43f825bef3b6a36f5,7d25a7383b0544d7976ad6d7bfe57dea,delivered,2018-04-12 14:34:23,2018-04-12 15:15:18,2018-04-13 22:12:04,2018-04-25 18:22:42,2018-05-07 00:00:00
63a2ef605ed6a193d40b312ca1b014d5,a95ad7bcbf76f95fcb884dfdfa84ae68,delivered,2017-12-11 20:45:53,2017-12-13 21:10:46,2017-12-19 01:48:41,2018-01-06 14:05:54,2018-01-15 00:00:00
32ff69b01e56a350a0f80a25dcd93165,478906b67f7916ba12986c386406054c,delivered,2017-02-15 15:54:35,2017-02-15 16:05:18,2017-02-20 13:43:53,2017-02-23 13:18:10,2017-03-20 00:00:00
d000351234683484e2ef3ad59427bbba,dcf46089490159ec0c275d8797bac8f4,delivered,2017-10-22 11:14:51,2017-10-24 03:35:12,2017-10-25 20:37:36,2017-10-30 15:15:20,2017-11-16 00:00:00
1491a4777b694dc4c2e8916fd9a99b1e,d23d90c1f2e9ef50c8536ac262199950,delivered,2018-01-19 18:25:30,2018-01-19 18:35:20,2018-01-27 15:28:45,2018-03-02 18:18:36,2018-02-19 00:00:00
059b6e617cb9675ad8bc74b7aa750e7d,6cf015566aff008af26f65b0c770318c,delivered,2017-02-10 19:42:58,2017-02-10 19:55:09,2017-02-13 01:57:36,2017-02-21 07:41:41,2017-03-21 00:00:00
fcf3478bc90a1b2e214d529d0455dc1e,99b72b76d26475c4412b8d88c363b066,delivered,2017-02-10 00:35:08,2017-02-10 01:05:19,2017-02-21 07:38:56,2017-03-02 09:18:56,2017-03-20 00:00:00
1f8db122bf153dee50f12c5e38144665,f148779d679989e84bd75cb146a827c8,delivered,2018-02-01 13:32:27,2018-02-01 13:48:56,2018-02-05 20:57:49,2018-02-15 21:22:14,2018-02-23 00:00:00
50cb3b5a9be182d708715a0ea7d488b0,7b198042e64fa9e4dcd07ee294f0db65,delivered,2018-03-14 15:59:17,2018-03-14 16:10:45,2018-03-19 18:27:35,2018-03-26 17:17:40,2018-04-05 00:00:00
8b5a2d60eee784b4c2f3c6d1f6e8811c,c8e34c509fee92d0749bfac1ceb497a4,delivered,2018-01-29 13:09:33,2018-01-29 13:30:12,2018-01-30 00:16:46,2018-03-02 22:11:53,2018-03-07 00:00:00
8ee6bf77ff42839762f8907348ea50a6,74d2d8f3688a2c54c9ee44080973f60d,delivered,2018-01-03 10:51:21,2018-01-03 11:07:24,2018-01-05 20:35:00,2018-01-17 13:42:41,2018-01-30 00:00:00
ddcf5361d96d9fccf2ad351bfb96a58f,86f246f821229e7c842956b947dbcf46,delivered,2017-03-17 17:41:58,2017-03-17 17:41:58,2017-03-21 08:08:16,2017-03-30 11:58:29,2017-04-18 00:00:00
1ba88b07e29193945dafa8c04f4ea642,c9fb84a1ae7d2d55786603bff29808b8,delivered,2017-09-13 17:59:56,2017-09-15 02:26:04,2017-09-15 18:22:42,2017-09-26 17:03:31,2017-10-05 00:00:00
900ee0470f53ec2e4e4a50a57b06a85a,131fc1a18874ae3381d8b4d6d920bd5d,delivered,2018-01-07 10:14:42,2018-01-07 10:27:26,2018-01-08 14:17:49,2018-01-30 20:38:07,2018-02-08 00:00:00
10615b9256577b6707f424e16f40faaa,a11210008a18cbd61be90944ad6bef56,delivered,2018-01-23 13:11:22,2018-01-23 13:37:12,2018-01-24 18:29:14,2018-01-25 23:42:17,2018-02-07 00:00:00
cd152c10c2b137322bd87555c0553c16,70be873b5ea39f7ceb7bbc4d478c3f31,delivered,2018-07-04 15:22:38,2018-07-05 16:20:07,2018-07-05 14:05:00,2018-07-09 13:34:22,2018-07-17 00:00:00
ebb30219be9942791cb365838ca0dcc5,0b740973d0afec9625bbd885a48c9faf,delivered,2018-05-08 12:33:53,2018-05-08 12:56:53,2018-05-09 13:31:00,2018-06-01 19:46:31,2018-06-04 00:00:00
38db3f25d229356a18d8edf5a7bb4227,bfc623ffc9513b6aaafeea1c02bedf21,delivered,2018-04-11 14:38:48,2018-04-11 14:50:19,2018-04-17 12:44:25,2018-04-24 03:11:57,2018-05-04 00:00:00
45881387721786e660460cd8bfcb2010,bd7ca23c050b88950225b16f05d65e35,delivered,2018-04-16 20:41:12,2018-04-17 14:11:40,2018-04-18 12:38:50,2018-05-10 14:06:43,2018-05-15 00:00:00
0af96849112c968e7764ac7f17e4f9f7,83921c0d0f7fbb56e05892c41d5a2445,delivered,2017-02-23 16:55:51,2017-02-24 06:50:49,2017-03-30 16:39:56,2017-04-05 09:48:08,2017-03-16 00:00:00
33d470ee269df634f8a69cd40ee2c170,1f54c6618660cad09cfa77c20f05e825,delivered,2018-05-04 15:24:50,2018-05-08 04:55:06,2018-05-08 13:53:00,2018-05-22 00:48:53,2018-06-12 00:00:00
0618bf2e52dc2aaefd882d186558e642,10177dc3aea2feb6100db360ddc9192a,delivered,2018-04-08 13:00:48,2018-04-08 13:10:23,2018-04-09 23:34:44,2018-04-14 17:03:15,2018-05-04 00:00:00
872d9bc40126d71fbcfcd18895ae2cf7,c33344c245a3c183867511f96b701e40,delivered,2018-04-27 17:04:53,2018-04-27 17:15:31,2018-05-07 13:31:00,2018-05-14 21:04:11,2018-05-25 00:00:00
0c734449f0a8246894a537f0d4355dc8,6e36e65ac8a2d6648fe31c13aa4e7b42,delivered,2018-06-14 02:20:11,2018-06-14 02:57:34,2018-06-15 16:38:00,2018-06-29 15:18:49,2018-07-27 00:00:00
c6debc710c2b29405098532721c1a42b,15e8b23dbf6e9303bd7e59332049dd53,delivered,2017-04-10 11:18:24,2017-04-10 11:30:18,2017-04-10 13:17:48,2017-04-19 15:14:30,2017-05-05 00:00:00
5adc5247dae5445e0e95b51b2d29ebdd,d73ee7b90a120f091a66715a34196d31,delivered,2018-07-29 11:18:31,2018-07-30 18:31:21,2018-07-31 14:30:00,2018-08-03 16:37:37,2018-08-20 00:00:00
b8cf888c89bf19c6b6483fa79b0b13bd,25af3eee6a8c3cde69480ef02f135957,delivered,2017-05-09 13:57:38,2017-05-09 14:10:11,2017-05-12 16:49:32,2017-05-22 12:16:44,2017-06-05 00:00:00
2ec2bf93089bad17f6951b34c3763928,82829411038c21f87c23d8a785ed1ead,delivered,2017-05-07 17:33:31,2017-05-07 17:45:18,2017-05-11 09:45:01,2017-05-26 09:34:36,2017-05-19 00:00:00
fd5dcd7ef5f731d33e85a73c6a76e4a9,98b6834cd613456c3c7f38402ef94cc1,delivered,2018-01-04 17:54:28,2018-01-06 13:48:31,2018-01-08 21:27:15,2018-01-16 15:46:00,2018-02-02 00:00:00
56014565a50cd432153bbf6a24b8bd97,d0ec6b822c81c55e3adb5339ae509b1f,delivered,2017-06-16 20:37:28,2017-06-16 20:50:20,2017-06-22 08:16:35,2017-06-27 15:52:21,2017-07-17 00:00:00
547b80d070dd9bcffd75e40b0230280b,87852505ac66e288f4d4cd20c1a4ecf7,delivered,2017-11-09 20:03:58,2017-11-11 02:50:50,2017-11-16 13:42:57,2017-11-22 18:21:19,2017-12-05 00:00:00
6ab534505fb57203e69d50a39a28603f,e5b5cca1233647157ad0336d76996bab,delivered,2017-09-20 08:29:08,2017-09-20 08:45:18,2017-09-25 16:56:10,2017-09-29 15:08:25,2017-10-11 00:00:00
7459e9507588bf704829087454fd707b,5bcf79ff100effd92013b55e05f04869,delivered,2017-09-12 09:22:25,2017-09-12 09:35:17,2017-09-14 18:33:29,2017-09-25 22:31:59,2017-10-04 00:00:00
e4592cc0fdfbd50be507ff1d1cc7f7e4,beaf0015a19cd60aa3c7d4a6bf252ee6,delivered,2018-01-08 19:26:44,2018-01-09 07:27:09,2018-01-09 19:44:21,2018-01-23 15:41:44,2018-02-02 00:00:00
abfd18f163fb20366cc66f777f24d2d7,9c858642bbd041a9ff9ae3864d9724f9,delivered,2018-06-18 18:11:24,2018-06-18 18:38:06,2018-06-25 13:48:00,2018-07-09 19:34:34,2018-07-24 00:00:00
b7c7e92c0538642c5ac9a8cbfc098092,f5697523255562952cd0c53fa159858b,delivered,2018-07-31 13:35:40,2018-07-31 14:31:53,2018-07-31 15:06:00,2018-08-06 22:28:26,2018-08-14 00:00:00
68517b95130ed0ea1dbcc575b88d6a9c,f09f554198d748578c957bcc58291e08,delivered,2018-02-17 12:41:53,2018-02-17 12:50:26,2018-02-20 14:03:09,2018-03-19 16:37:38,2018-03-14 00:00:00
57a5ac0ae701a52922d4378152012f08,f0df035699e5e64a1bd7887457cdaa23,delivered,2017-06-07 16:27:51,2017-06-07 16:42:26,2017-06-08 20:27:18,2017-06-16 13:17:43,2017-06-30 00:00:00
6a35ef78926f1554520fce289fd49517,0623437ca922068ca17015ffa16c9733,delivered,2018-01-29 20:04:32,2018-01-29 20:35:32,2018-02-02 01:18:11,2018-02-14 16:32:38,2018-02-23 00:00:00
5e76d3cfcb1b71a6a78fabf6ec3ffb73,e5080a949c5c6925aa8b54b3f72bd8ba,delivered,2018-07-06 14:37:32,2018-07-06 14:51:15,2018-07-10 07:51:00,2018-07-13 22:08:43,2018-07-30 00:00:00
781f0600f5db24d6986577216c1dda05,b314f61ce490f69d09a150a40b0872e4,delivered,2017-11-26 20:52:35,2017-11-26 21:13:32,2017-11-30 23:02:05,2017-12-13 18:52:37,2017-12-18 00:00:00
ea5ed9fcddf7faecd1b82db7841fa558,63a900df8e32262e9137d1ab5d4238f0,delivered,2017-07-04 13:14:28,2017-07-04 13:30:18,2017-07-06 07:27:38,2017-07-12 02:14:48,2017-08-01 00:00:00
d4c18b8b231657cfa6a0a7553052430f,c40f2e43a18cc547a7ce187df484d641,delivered,2017-08-22 23:49:00,2017-08-23 00:32:28,2017-08-23 19:28:02,2017-08-25 23:12:33,2017-09-12 00:00:00
9177059e7749a43b26a44a14a313811b,1aa9c6c30f65c5f6d84e48490b46ac86,delivered,2017-03-18 11:12:46,2017-03-18 11:12:46,2017-03-21 12:36:30,2017-03-30 13:57:06,2017-04-10 00:00:00
bd9629bd5c3db3606ff891c6314be67a,40a7f711d403185fdc7517b5e7a0a2e0,delivered,2018-06-15 10:07:16,2018-06-15 10:39:38,2018-06-15 10:27:00,2018-06-20 22:31:48,2018-07-11 00:00:00
76b4763b4e176f7859739182dcf5ff2f,d0412a3782a6a8bcc605dc421bf01f9b,delivered,2018-02-05 11:20:50,2018-02-05 11:30:31,2018-02-06 19:49:03,2018-02-15 22:05:54,2018-03-01 00:00:00
f5b172630b8444484feaaa1fcd33937a,c51d37418f72905477f2fe45d209004c,delivered,2018-01-04 05:39:58,2018-01-04 09:20:36,2018-01-04 23:32:45,2018-01-12 21:46:36,2018-01-30 00:00:00
fd651b5d45523bedc2076c015e66b6ee,6433ce3c89daca2222c79192295f8ec4,delivered,2018-03-05 18:17:44,2018-03-07 02:48:56,2018-03-09 23:18:25,2018-03-26 20:47:33,2018-03-27 00:00:00
b8871d60cf4ec81490da7658b25c1c04,98320c18e7b0f0ad33ae1283f6482237,delivered,2018-04-30 12:31:24,2018-04-30 12:54:26,2018-05-09 06:11:00,2018-05-18 20:32:05,2018-06-01 00:00:00
89a591b9a088299ff2b3938b877f3ea3,f28fb10fe125fccf7e960e9e6cee6252,delivered,2018-05-03 21:22:09,2018-05-03 21:35:24,2018-05-04 13:40:00,2018-05-20 12:12:42,2018-05-25 00:00:00
73999a9333e138c624bc229c8b5a5301,8645ebcb173665f4205a188b1ee79b20,delivered,2018-05-03 08:51:08,2018-05-03 09:12:26,2018-05-03 15:19:00,2018-05-09 13:16:52,2018-06-04 00:00:00
cf5bae440125a8f7eccfde72d25e1913,54abf020696cac4caf9175f3b5530ed0,delivered,2017-09-01 22:51:39,2017-09-01 23:07:15,2017-09-05 18:55:44,2017-10-31 19:48:22,2017-09-27 00:00:00
6dd0cc64fed627388bf95943af884f70,4a31da2ba757502ad7fcc9dc6768cfa5,unavailable,2017-07-10 14:17:01,2017-07-10 14:25:18,,,2017-08-01 00:00:00
168cd953540aa3251bdfb407cdc4b6d4,029c5f9144457c97ecaa33bc4ac7f0a9,delivered,2018-02-08 13:31:36,2018-02-08 13:50:29,2018-02-14 18:19:17,2018-02-26 12:49:21,2018-03-08 00:00:00
b36a230278dc6eacfc8ac950d38e9a2b,2b953f703e91cf2c79c5f8af51f1336a,delivered,2017-03-21 18:44:58,2017-03-21 18:44:58,2017-03-22 11:01:16,2017-03-29 15:38:04,2017-04-07 00:00:00
76d6e480de6fc499067e6dedba5492fc,ee3ec8c107ee2e1e91a1375d5c5f4e0f,delivered,2017-11-28 13:52:03,2017-11-28 14:19:49,2017-11-29 17:04:51,2017-12-05 18:55:44,2017-12-26 00:00:00
b382fb5001304e782c71526663c196ce,6ae87ed210775b78ef0c6ae5e585bfbb,delivered,2018-04-01 13:09:16,2018-04-01 13:27:26,2018-04-03 18:37:00,2018-04-04 20:19:04,2018-04-16 00:00:00
361839ded9ac9654599f57db2220d0a3,8c35c389e9173ea034f49910d86c5fdb,delivered,2018-01-22 12:54:41,2018-01-22 14:23:33,2018-01-31 17:48:57,2018-02-07 21:53:30,2018-02-14 00:00:00
479ca7b6834ffb05666e813c9c0dddf8,7736f29fbade4b21885578b5030282dc,delivered,2018-05-21 11:15:00,2018-05-23 14:14:39,2018-06-01 14:04:00,2018-06-15 00:49:38,2018-06-06 00:00:00
0972cd8199019b252faf977c4d3da6ea,211a3a4b495becf111d81e66d9b955c6,delivered,2017-07-11 18:31:06,2017-07-12 12:05:25,2017-07-14 20:28:56,2017-08-01 18:33:12,2017-08-04 00:00:00
ef71f6c836e32ca79a2bf9d7048ee06c,4e6fa8b8cc0033fd4dcf040a26f8c72a,delivered,2017-11-16 12:55:09,2017-11-17 03:55:38,2017-11-17 19:02:38,2017-11-27 17:09:02,2017-12-08 00:00:00
5fc2475da462df87150a6013f0879f5b,00ba7e4052ff6531f4e8aa0b0054318b,delivered,2017-05-07 12:10:01,2017-05-07 13:05:55,2017-05-10 08:47:55,2017-05-19 14:27:50,2017-05-31 00:00:00
540aa72ba814b34b792f075b2164edd7,14b488bd62137d06775a9a63bfa01ce7,delivered,2018-04-22 18:42:38,2018-04-24 19:17:41,2018-04-26 11:37:00,2018-05-07 20:31:33,2018-05-15 00:00:00
adc2e339bbd0e2b9e09bfb524f284a4f,0c184ac73648d0a5017faf2430636ad3,delivered,2018-01-21 17:53:41,2018-01-22 13:55:41,2018-01-25 20:56:34,2018-02-02 20:49:00,2018-02-15 00:00:00
479118262cc4228b46c613b6b3efa669,61fbe846d8c16df8f9253391e158900a,delivered,2018-06-07 08:48:43,2018-06-07 09:15:16,2018-06-07 14:50:00,2018-06-25 19:38:34,2018-07-26 00:00:00
7d37bd17f502baa7c5a25453abcf9003,5c5b9435e0b93f50915bf6506ebc03f6,delivered,2017-09-26 06:40:06,2017-09-26 06:56:13,2017-09-27 15:38:44,2017-09-29 20:51:55,2017-10-18 00:00:00
0b937678b38558c4fec110aed9d5f8ac,5f235effbfef1537095b1024ab902244,delivered,2017-11-20 19:25:48,2017-11-21 03:56:30,2017-11-21 16:02:52,2017-11-23 15:26:40,2017-12-08 00:00:00
c0825f7ad51d670d765525e6761dbc0d,e9bd7cf911978428935a7532db3fa5f7,delivered,2017-11-25 14:04:10,2017-11-25 14:17:33,2017-11-27 18:53:00,2017-12-15 00:49:01,2017-12-19 00:00:00
1d46325dfd950feac6d805fe8a5bb44c,17c0058d0378dbfb60de56d8ff83a4d0,delivered,2018-08-12 21:07:27,2018-08-12 21:24:13,2018-08-13 12:06:00,2018-08-16 19:57:35,2018-08-27 00:00:00
fd0bf90d8165b278520062ea17733c9d,812f7acde5d7925b7e67ba2e53ee8afd,delivered,2017-06-05 16:41:11,2017-06-06 17:45:24,2017-06-07 15:59:16,2017-06-16 06:37:48,2017-06-26 00:00:00
2c852a7e0e3b7773bea4ad95ee8e03c3,19da5c0be0e099275881417cd8fc7c13,delivered,2018-01-21 13:45:43,2018-01-22 13:50:29,2018-01-24 19:42:41,2018-01-31 22:12:52,2018-02-14 00:00:00
ca4d9163f73c29c767a726571e8baf23,20deb76fd96659ae3d434ef56d42760b,delivered,2018-02-18 15:54:05,2018-02-18 16:10:23,2018-02-19 19:28:57,2018-04-10 13:04:14,2018-03-23 00:00:00
4091882136d80ac3ff9058c8d81e10a4,562ea8b679af1969a0e3d27c05f92c1f,delivered,2018-03-01 23:48:49,2018-03-02 00:09:33,2018-03-05 20:35:07,2018-03-16 10:57:32,2018-03-19 00:00:00
e8cab458223cfed14e73ea0d7fe1a511,b76f57fd6691e04b385d83fe8940d86a,delivered,2017-02-19 19:45:59,2017-02-19 19:55:17,2017-02-21 08:16:13,2017-02-23 10:48:46,2017-03-27 00:00:00
ce2ecdcbc1e28b1dc89e733087c941ed,5234a45d0b12bf0acc357749c724907c,delivered,2018-04-25 00:15:18,2018-04-25 00:31:35,2018-04-30 16:40:00,2018-05-04 17:19:58,2018-05-17 00:00:00
892e04325197686b3f5a32eb5fb38177,a95a3515eff43dcc042cd6af4c28bc7d,delivered,2018-02-14 11:52:13,2018-02-15 03:55:52,2018-02-16 01:26:55,2018-02-28 20:06:30,2018-03-01 00:00:00
c12a7300c1fdbd202faf783e3010203e,71bf942d4b32f3f76c91966ad20c076b,delivered,2018-01-13 00:07:22,2018-01-16 03:38:53,2018-01-19 21:29:35,2018-01-22 18:38:52,2018-01-30 00:00:00
562f45bf4a946810053214c29d752e85,40fee1fd0baf564218a0e83a6d2a546b,delivered,2018-03-14 10:12:45,2018-03-15 10:10:27,2018-03-15 23:14:57,2018-04-25 19:41:10,2018-05-11 00:00:00
4203d26d53fe22ba2d148af7c1a23028,740ebfe36e3ede0c31709ba18cb82f9d,delivered,2018-04-11 19:11:36,2018-04-11 19:31:43,2018-04-12 21:37:31,2018-04-30 22:38:38,2018-05-11 00:00:00
4d3e527a30bab6b3c6d43ef4fd24b676,d4f08d8a7ec0d29c5dabb5b4302a97d1,delivered,2017-12-23 19:10:18,2017-12-23 19:27:54,2017-12-26 16:34:36,2018-01-11 13:25:58,2018-01-23 00:00:00
c85ea30e9a24abecb353caa26294c81c,f6b48a3dd3d76b9f3a58d8e108df430b,delivered,2017-04-26 08:19:14,2017-04-27 13:36:17,2017-04-26 14:52:01,2017-05-08 16:07:01,2017-05-23 00:00:00
729ae5716c0955d5e326ffd5bb91368e,da148107500f105263d72e4731387542,delivered,2017-11-15 17:14:58,2017-11-15 17:26:47,2017-11-16 14:12:42,2017-11-22 20:17:36,2017-12-07 00:00:00
aa7ad6a7e355155075a22ce9de8664da,d3e4ad6760adbf81d8b379877e6293aa,delivered,2017-09-03 16:38:22,2017-09-03 16:50:19,2017-09-04 20:17:53,2017-09-14 14:33:28,2017-09-18 00:00:00
ccdf8513301e655dfe3d56c014952cd4,dd5c9c979013243db3251c51eb0bd536,delivered,2018-03-05 13:38:19,2018-03-06 13:35:35,2018-03-07 01:13:30,2018-03-22 23:56:53,2018-03-26 00:00:00
726abc77eaafb32b42b26eff1583186b,24c6bc43c71e16ac0fb22091f9b90637,delivered,2017-11-17 21:13:13,2017-11-17 22:00:28,2017-11-21 19:24:58,2017-11-22 19:08:50,2017-11-30 00:00:00
3262303e2eba3a73ec669ac0bb7411cd,013e49bb711629177d848e409b7566c5,delivered,2018-01-30 07:15:03,2018-01-30 07:32:44,2018-01-31 23:36:59,2018-02-05 15:17:17,2018-02-23 00:00:00
1c086b183353c56b2ad03c345330d9a5,800e3b05cc40f396118128d96927b805,delivered,2018-08-01 16:57:20,2018-08-01 17:10:12,2018-08-13 09:21:00,2018-08-14 14:18:56,2018-08-16 00:00:00
3e0b3c646992114caf984bb1987e23ea,c2876736e429637254a91c473ec60c4c,delivered,2017-10-19 00:37:57,2017-10-19 02:18:00,2017-10-23 15:28:56,2017-11-09 22:39:44,2017-11-28 00:00:00
baff031eabb2b15f770c6ae2f62d76dc,0a9da881cda07b1c0870449d93a9660b,delivered,2018-07-30 17:46:57,2018-08-01 04:35:14,2018-08-02 14:49:00,2018-08-07 00:32:21,2018-08-02 00:00:00
94d343eb93a8da737ff05484f33ea4b9,0d76663c9eafa17cccdb1af85030e8bd,delivered,2018-06-18 16:57:33,2018-06-19 17:05:10,2018-06-21 12:17:00,2018-06-27 13:03:14,2018-07-20 00:00:00
69bc60eaf6ebaa60161426acc2dc5fb4,0b47866f6acf641f66da758074842c0c,delivered,2018-02-24 22:03:42,2018-02-24 22:15:30,2018-02-27 18:05:28,2018-03-16 19:43:36,2018-03-16 00:00:00
619d55679601970d4f11fd01cd162ecd,b30e22e2c53bcb078b69f3cd1434b155,delivered,2018-07-22 13:09:04,2018-07-24 11:32:50,2018-07-26 13:59:00,2018-08-03 16:12:14,2018-08-17 00:00:00
a9514842c946fff73632509db47cc683,60e33d9ad2f5c6bd7d7dcc6165fc8f25,delivered,2017-09-07 20:32:41,2017-09-07 20:43:26,2017-09-13 16:57:42,2017-09-22 21:40:43,2017-10-11 00:00:00
8688aca523f4e461265ba91b91b1f377,bf2d7c9771fbbd35f421be8ea633b561,delivered,2018-07-03 23:06:15,2018-07-05 16:33:19,2018-07-10 14:26:00,2018-07-13 16:21:58,2018-07-24 00:00:00
a06533c9b7cc349bb345832a9bfe3c8b,f830ce2a3a0adc99b5887153b8edbdee,delivered,2018-05-18 11:40:43,2018-05-18 12:56:32,2018-05-23 14:42:00,2018-06-06 17:26:30,2018-06-11 00:00:00
5ef22ec79d2414ffa56518f9f631acae,decc66bc37af2784bd0358fb65f2bb3f,shipped,2018-07-29 13:41:51,2018-07-30 16:25:11,2018-07-31 12:57:00,,2018-08-09 00:00:00
eaf77fff2564e301d10b2a335babf44b,5b185f5620291f8d0011e4fa3a7a3e7c,delivered,2017-08-07 15:06:22,2017-08-07 16:03:28,2017-08-08 18:32:21,2017-09-15 17:37:53,2017-09-06 00:00:00
34d9ffa2e1d65d04ef6c8d4265180939,9cb517263961233b2a975d1381d03d54,delivered,2018-07-13 16:12:08,2018-07-13 16:31:31,2018-07-16 12:16:00,2018-07-25 15:48:29,2018-08-07 00:00:00
1930118fbe694636a60c0d5f97c32597,1b3847859f34e5654daa2df0739218b5,delivered,2017-05-14 22:37:22,2017-05-14 22:45:19,2017-05-16 09:40:04,2017-05-24 12:14:52,2017-06-12 00:00:00
4908c7c1919e42e7662e3cbd307edf74,b9c09012685c3318c9a1d921f9b08c3b,delivered,2017-09-20 08:40:04,2017-09-20 08:50:20,2017-09-27 14:45:22,2017-10-04 19:48:35,2017-10-10 00:00:00
06b0687cad7d69a9dc347dccb3cbe169,5ef779feddd7910eea6f5a41bf8dd881,delivered,2018-02-02 22:10:33,2018-02-02 22:30:44,2018-02-06 19:19:02,2018-02-14 20:42:00,2018-02-26 00:00:00
911022dc32144d6899afd62e7fe0734e,3079cc8ddcf954eb8ed76d665c04e84c,delivered,2018-04-15 13:12:40,2018-04-15 13:30:33,2018-04-18 22:22:36,2018-04-19 23:19:14,2018-04-26 00:00:00
c8eab0ccabe8cdfc2afce66c1c554ae2,2339ab3abbeebe72f2782a01c87a9bc0,delivered,2017-06-14 08:52:48,2017-06-14 09:10:10,2017-06-16 09:26:27,2017-06-21 16:38:56,2017-07-11 00:00:00
7d312a3fc642bf87ab667ce81cfc7cb1,67f0d41e6596373621408e3659f7b2a6,delivered,2018-03-31 18:29:17,2018-03-31 19:10:16,2018-04-03 00:42:21,2018-04-16 19:04:23,2018-04-25 00:00:00
0758aeea44cefb9c7f59333c7c691714,b4102b1f4dd2766f109baaebb5a946e4,delivered,2018-02-07 08:53:42,2018-02-07 09:09:46,2018-02-09 19:07:12,2018-02-15 16:22:58,2018-02-23 00:00:00
525e92612e912b7ee6e24ae17bb4a79f,930f40258343da906f8c3b274ae4b4e3,delivered,2018-07-25 20:39:21,2018-07-25 20:55:20,2018-07-27 14:32:00,2018-08-02 14:08:31,2018-08-23 00:00:00
5a9fabac5b438a92c01b25131de9f71c,7799eed03d37a5851a68b1ab77a87849,delivered,2018-03-07 14:54:01,2018-03-07 15:10:04,2018-03-12 23:33:34,2018-04-17 06:44:22,2018-04-09 00:00:00
dbc841e264c91362b1f1091a3fec3394,986783e63cf6436f3db019fc2d800aac,delivered,2018-04-17 08:56:23,2018-04-17 09:10:13,2018-04-17 19:11:24,2018-04-18 19:38:24,2018-05-03 00:00:00
ab4f549aa957d2c456a8d2c7ad54b761,7d06054cef84d3145a1b1b71bb7e1072,delivered,2017-12-05 10:48:09,2017-12-05 11:23:15,2017-12-07 03:51:31,2017-12-21 22:25:41,2018-01-02 00:00:00
246840373d06acdce224acc218f73c66,804635cc4cdadfca5df67fb156d9885f,delivered,2018-07-17 23:05:11,2018-07-17 23:15:16,2018-07-18 14:10:00,2018-07-23 15:56:56,2018-07-31 00:00:00
a5b30f9f44d2413db0b94cd9a3fdcf81,bc62514151f687ae93af879b7755c439,delivered,2017-11-24 18:07:10,2017-11-24 21:34:47,2017-11-29 18:19:10,2017-12-02 18:05:42,2017-12-14 00:00:00
8d362590a388a3c9c7de2dbb72edc957,2c7e836fa2d6ac331dc914cad45ceb12,delivered,2018-07-11 11:52:08,2018-07-11 12:06:14,2018-07-20 12:37:00,2018-07-27 13:54:34,2018-08-09 00:00:00
acb56e6695d371a1c50a34c38938277e,29457f76418b2b673b5c36b6aefbb6b5,delivered,2017-11-27 18:04:28,2017-11-27 18:14:20,2017-11-29 00:54:43,2017-12-12 22:37:03,2017-12-15 00:00:00
8c29553a081ec9b93f3a0407e902822a,8fc7a81939dca5b49b050cc3110bab57,delivered,2017-12-03 18:43:36,2017-12-03 18:54:22,2017-12-07 01:12:48,2017-12-08 20:54:27,2018-01-02 00:00:00
01fe473278bb7522f081c21ee8e4cbd4,ea6b8e999abbe1a2a86fccbebd51aec3,delivered,2018-05-20 15:39:38,2018-05-22 08:16:03,2018-05-23 15:52:00,2018-05-28 15:33:10,2018-06-05 00:00:00
0f67e615d797da223ac5601b9b08b180,74fbb79efe8970851ed1762f096e2d4d,delivered,2018-06-07 17:53:48,2018-06-07 18:17:23,2018-06-08 15:16:00,2018-06-09 17:13:42,2018-06-25 00:00:00
090967205f5215e5d3053cefdbce5aac,28888e758f4debf9d8d79a8f00222f04,delivered,2017-03-28 08:46:48,2017-03-28 09:02:49,2017-03-28 16:48:34,2017-04-11 17:29:37,2017-05-03 00:00:00
a9a2c78d1e141e7627d58444422ca153,a1cc7ba043c795a62707cee79758b7e1,delivered,2018-03-24 18:01:11,2018-03-24 18:15:24,2018-03-26 20:03:42,2018-04-03 16:48:38,2018-04-17 00:00:00
dab1208f2886c43e8bd155b40523d343,4fff50831fb0de5d5461901048e2df79,delivered,2017-09-24 10:06:38,2017-09-25 10:15:18,2017-09-28 18:28:56,2017-10-04 18:14:28,2017-10-23 00:00:00
89710eda9c7f1c37f55e89f035f5ceee,708ad6bebe512748f021cad45ce2b817,delivered,2018-04-18 18:34:15,2018-04-18 18:50:25,2018-04-20 14:44:41,2018-04-25 12:42:15,2018-05-16 00:00:00
ac811e63c2e84ebe382d2ec257410902,a8bece50bd810fa650f144973945cdbb,delivered,2018-02-27 09:01:54,2018-02-27 09:40:24,2018-03-01 19:49:17,2018-03-07 23:09:26,2018-03-26 00:00:00
d6352e09945d985e2d2ef82baed4cec0,9bebf94c7ebe565cb03adb61f93a8212,delivered,2018-03-05 19:49:55,2018-03-05 20:09:13,2018-03-12 17:58:48,2018-04-04 01:48:52,2018-04-02 00:00:00
0573bd213dab1f238af912e296c83944,48a8e08cbe87ac7b90b76ff80d3df46b,delivered,2017-06-18 08:47:53,2017-06-18 08:55:17,2017-06-19 20:04:19,2017-06-28 08:56:41,2017-07-13 00:00:00
5948fbee097af38b1319f4cd4040c2cd,e8bf1043062527c3fcb79a2523b1686c,delivered,2017-04-03 16:24:47,2017-04-03 16:35:14,2017-04-04 08:42:06,2017-04-13 08:03:34,2017-04-26 00:00:00
79149e16c4017cc512c938cbd445cdc3,ce09643dd5df16daaa47223a62c7bbee,delivered,2018-03-11 16:36:56,2018-03-11 17:20:29,2018-03-14 02:56:45,2018-04-06 18:02:24,2018-03-28 00:00:00
f6806cb575dffe2dd24873502bc0b413,f9f0c70f7f91d4bebab7ed1cb0206489,delivered,2018-06-29 13:50:02,2018-06-29 14:10:45,2018-06-29 15:34:00,2018-07-05 19:46:36,2018-08-07 00:00:00
75c838929fc9fdc534736298de895cf0,81be06e75bf1452c084bed698f89af1e,delivered,2018-03-20 21:32:20,2018-03-20 21:48:46,2018-03-27 19:23:04,2018-04-12 16:58:46,2018-04-13 00:00:00
5678b9b26584bd229904c764c3ede0cc,4b03aaf6722747883384c563c62a4720,delivered,2017-11-25 20:26:00,2017-11-25 20:36:28,2017-11-27 17:08:06,2017-11-30 13:41:49,2017-12-11 00:00:00
5f80e465e18f7f99372159cb3b5c88c6,61ec27a2b6b84f5cf31fef5553c1953b,delivered,2018-07-26 13:09:26,2018-07-26 13:24:17,2018-07-26 15:11:00,2018-07-31 13:29:20,2018-08-15 00:00:00
63a1a15fd615005f87b81bdc40618a05,5295bdf8e1bdc8e646e556d8285b9da5,delivered,2018-04-23 11:01:41,2018-04-24 18:42:04,2018-05-07 14:43:00,2018-05-14 13:55:44,2018-05-21 00:00:00
f3198cf092daad25ada2e464f1471522,1c97574913782ddfc8eaa8337329e81f,delivered,2018-03-01 23:29:46,2018-03-01 23:48:59,2018-03-05 23:28:28,2018-03-08 02:58:24,2018-03-13 00:00:00
2cddd5821b44b272c68fd4d199029359,8648d9faf417d0a1c306053ccfdab0f8,delivered,2018-08-06 22:29:33,2018-08-06 22:44:36,2018-08-10 12:06:00,2018-08-13 15:38:54,2018-08-10 00:00:00
0bf48b98131c5057bcb4754449acc91b,9eea647a40b59a0bcadbbd32538fbf04,delivered,2017-09-08 21:44:20,2017-09-08 22:10:17,2017-09-11 21:19:53,2017-09-22 15:28:47,2017-10-06 00:00:00
83f31b617b8a38b6bad530eb8ea3591a,c6d97bfecdcdabaf2c3cee43fd148373,delivered,2017-03-12 21:17:14,2017-03-12 21:17:14,2017-03-13 15:59:37,2017-03-30 15:48:00,2017-04-05 00:00:00
09d20920406c53e92821c0f4a82b3811,ef4330e4999fdb2780359307807093bd,delivered,2017-11-24 00:56:54,2017-11-24 01:19:38,2017-11-24 21:18:43,2017-11-27 12:04:08,2017-12-08 00:00:00
a194ac8fcd32099c21886a04ebe2e6e8,317328626c2de05ddc3fac2d737fffdf,delivered,2018-05-12 16:25:34,2018-05-12 16:41:20,2018-05-16 13:18:00,2018-05-21 22:34:27,2018-06-05 00:00:00
0fe99cdb0e30d4a1a48a35cd7ed5154b,5db8728c37c4cd805fa61a294efce7bb,delivered,2018-03-08 22:48:23,2018-03-10 04:09:07,2018-03-16 21:38:38,2018-04-02 23:03:29,2018-04-02 00:00:00
f694a43692e80583d2b5b561d4af4488,b7efbfd326e16ce7203d8306af0d0dbd,delivered,2018-05-14 14:46:41,2018-05-14 14:55:28,2018-05-15 14:44:00,2018-06-04 18:34:01,2018-05-30 00:00:00
ccb48770165d34335e1d156d6d2c6ec7,4b51c20a256e426ffa5fdf3471d20cfe,unavailable,2018-02-15 12:39:44,2018-02-15 12:50:26,,,2018-03-13 00:00:00
23a3ebd70aa833685123ca6dbd195a3e,929d7601337288f68ced289062b64161,delivered,2018-04-13 13:01:55,2018-04-13 13:35:34,2018-04-13 22:21:18,2018-04-14 13:23:26,2018-05-02 00:00:00
7a45b93cba1b6ebadb4498f33f110b4e,831b97f31276cc62dd67237883fdb3df,delivered,2017-06-27 12:23:51,2017-06-27 12:45:20,2017-06-27 17:29:34,2017-06-28 13:31:47,2017-07-10 00:00:00
f2096a3d2bb2743b500f6e6711cbf438,72107b393fc48945c67aafd573be9157,delivered,2017-09-05 16:03:18,2017-09-05 16:15:19,2017-09-11 18:17:33,2017-09-18 18:24:50,2017-09-28 00:00:00
96e1300e91ff2a20f88fef964db25315,eee794050554ac160892daad8d727ec8,delivered,2018-03-25 08:56:42,2018-03-27 04:08:24,2018-03-27 23:34:38,2018-04-11 20:51:49,2018-04-17 00:00:00
22bf3dde4d90667a74118fad0041bfd5,9d4b49b0fc9981a6ad9b314e6ce43925,delivered,2017-02-01 13:53:16,2017-02-01 14:05:16,2017-02-02 14:26:38,2017-02-10 09:32:53,2017-03-10 00:00:00
b552361bfa71f85d48c308d95c713f23,17fa3a2c6da2e0edb7b63fd3fff69bd2,delivered,2017-11-08 21:52:06,2017-11-08 22:10:20,2017-11-09 21:22:29,2017-11-14 23:24:54,2017-11-30 00:00:00
dc3fedc15bcfea3fb0e670ce3a8f3c27,38d75878e2052f90ba0691ca550bbe3e,delivered,2018-08-04 23:30:21,2018-08-05 23:25:07,2018-08-06 12:24:00,2018-08-13 21:18:51,2018-08-27 00:00:00
43087656122626e1409fa13f195a0e85,1a583c611246e94de1965827c1660830,delivered,2018-08-16 15:27:55,2018-08-17 15:29:34,2018-08-18 08:49:00,2018-08-24 23:58:29,2018-09-12 00:00:00
0b2861128d87d7a2b9c85eb25a514d0b,8342028fb42e8c6015bc69156c1281d6,delivered,2018-06-27 10:44:32,2018-06-27 11:15:59,2018-06-29 14:06:00,2018-07-03 15:46:42,2018-08-01 00:00:00
4a0def7a91395d10ccf5aef87e5ecc61,20077bfccd8f3f45b2e6e412f30a0414,delivered,2018-04-12 12:55:23,2018-04-12 13:11:45,2018-04-17 17:21:36,2018-04-20 19:03:41,2018-05-15 00:00:00
a4cc039dfeca8a0ebb241f3b44f29930,59b753171ccb66874f0c117e1b63f3cc,delivered,2018-08-05 19:18:24,2018-08-05 19:25:15,2018-08-07 14:25:00,2018-08-09 14:26:56,2018-08-21 00:00:00
e9b32bb640bc64f9721e699a66fbaa25,ebc7fc00c7327acb58cc64190b773e0e,delivered,2018-01-22 15:29:53,2018-01-23 03:39:06,2018-01-24 21:05:51,2018-01-29 19:42:55,2018-02-15 00:00:00
1e3afc9cb36a927cb383e0d51cf19342,ce159c391aa863a53149f159a761fbee,delivered,2018-04-02 21:22:59,2018-04-04 03:29:36,2018-04-04 20:41:00,2018-04-18 21:11:19,2018-04-20 00:00:00
c92a9fd680f588dcff7ff22fce0abbcc,3eebfdbd017a00f31af7809ddfc52cbc,delivered,2017-03-09 13:23:19,2017-03-09 13:23:19,2017-03-13 09:43:50,2017-03-17 14:42:03,2017-03-28 00:00:00
cda82176c91630890ede0612789bfa1e,a60a5c90a3dac75f0e186feb2d8985ef,delivered,2018-01-20 10:40:15,2018-01-20 10:53:20,2018-01-23 12:28:27,2018-01-29 23:03:39,2018-02-19 00:00:00
a509aa52e1b047594efae5f552612b3d,4c43628b832ab60529b77440792dec35,delivered,2018-06-05 08:25:20,2018-06-06 03:11:10,2018-06-07 09:03:00,2018-06-09 13:22:31,2018-06-29 00:00:00
1774ba82c4fe803da714e3f5c48cbcdc,4ed0e56b8bd981ca8c2db508aea518d6,delivered,2018-06-06 17:38:14,2018-06-06 17:55:13,2018-06-07 12:41:00,2018-06-09 19:38:43,2018-07-12 00:00:00
70e8eaadec664295db4ed418ccdd3d4c,5d433e3929682615ff8bc5c2481e3f3e,delivered,2018-02-14 12:20:44,2018-02-14 13:00:27,2018-02-16 22:28:49,2018-03-13 18:06:31,2018-03-12 00:00:00
bcaeee361335dfff837f461e0e3011e1,acfa23831b953d3b1891f6f164e78a0e,delivered,2017-08-29 20:40:44,2017-08-29 20:55:08,2017-08-30 20:43:43,2017-09-05 21:08:08,2017-09-20 00:00:00
8a8cd106c8e6e27e8832a3311755a9cc,cde31cc8cecb7f5bd25314f2a836b3d2,delivered,2017-08-14 20:51:23,2017-08-15 22:24:45,2017-08-18 20:02:49,2017-08-24 13:24:34,2017-09-05 00:00:00
2aee72588060c074fd45155346c97a84,ac1923b4dc16e2bf7b92a045b1147ad8,delivered,2018-06-02 20:05:41,2018-06-02 20:15:09,2018-06-05 05:40:00,2018-06-18 17:42:22,2018-07-19 00:00:00
48b3b1c01ca30985639fe1ab027e9b9f,fb231f793a63556c123e4c2e8c23536d,delivered,2018-01-15 08:48:14,2018-01-16 03:50:11,2018-01-18 18:22:57,2018-02-08 20:25:03,2018-02-14 00:00:00
1067b1fed93022ff928077f4db144386,0b3d0bf8648bf98fecf9551f0ac712ef,delivered,2018-02-05 15:38:22,2018-02-05 15:55:50,2018-02-09 20:22:39,2018-02-15 17:36:48,2018-03-01 00:00:00
5cd8853b4ec297e801336f317f9a1912,dd39e64f9817cbe0bcd5e427a7d2c5fd,delivered,2018-06-19 22:24:34,2018-06-19 22:55:44,2018-06-21 15:53:00,2018-06-25 18:08:32,2018-07-11 00:00:00
72a903683024f7612875c6e8500a9980,05142fcea1f1b7eb475754abf33ece6e,delivered,2017-04-04 16:45:03,2017-04-04 16:55:27,2017-04-05 13:57:13,2017-04-12 13:05:50,2017-05-02 00:00:00
a3675d53a727735e4e83c8e078666646,0280ead6134bfe639866306f1f0258ab,delivered,2018-06-03 00:27:27,2018-06-03 00:51:15,2018-06-08 07:41:00,2018-06-11 16:27:45,2018-06-28 00:00:00
ec3a75fb0ac595e461765d2d854b1d08,14308d2303a3e2bdf4939b86c46d2679,delivered,2017-03-15 21:04:08,2017-03-15 21:04:08,2017-03-20 08:34:12,2017-04-05 11:07:12,2017-04-26 00:00:00
8a089e8bded26bb207aa04ad5791f91d,9b63fc9c90f6be5237bf13b4804916fa,delivered,2018-01-07 17:14:25,2018-01-07 17:27:29,2018-01-09 15:05:52,2018-01-16 19:59:32,2018-02-08 00:00:00
d2cf258da81ae1043667e2f77c510deb,5a9dab9a998feb671962ee95d6cb2b88,delivered,2018-02-15 19:12:13,2018-02-15 19:26:14,2018-02-17 01:33:31,2018-03-26 19:56:46,2018-03-07 00:00:00
f58d7e09ece55d81aac40b317757069e,2945f7826483e9c7360613af4d7e6426,delivered,2017-06-28 21:41:35,2017-06-28 21:50:19,2017-07-03 09:51:41,2017-07-06 10:07:38,2017-07-24 00:00:00
25a328788a40be038f54f6b2d3c54b78,1cac59dc9ef3b43723372aca8b02f56d,delivered,2018-07-26 07:40:33,2018-07-26 07:55:15,2018-07-26 13:58:00,2018-07-31 20:56:51,2018-08-10 00:00:00
56c79c2be1ceff5839d56e340e847833,05c3177330bc9de5e895ecfe6eaf9687,delivered,2018-04-19 01:15:00,2018-04-20 07:11:16,2018-04-23 15:23:03,2018-05-07 14:17:34,2018-05-14 00:00:00
8b9842ff7795d2b3af1e7221299fe6f8,b3d4eaa1f3aaae50a2204927d522881b,delivered,2018-04-24 16:20:33,2018-04-24 19:10:19,2018-04-26 12:51:00,2018-05-04 22:31:05,2018-05-21 00:00:00
bc42350f1283e4cdf88ad8aee1cb2971,0ba74be179805cd74aeb7dc70fd0d054,delivered,2018-02-20 15:01:40,2018-02-20 15:10:41,2018-02-28 13:32:07,2018-03-01 14:29:03,2018-03-09 00:00:00
24385282a9d0bd77f93f0dd5accbb592,a998044c2973100ce2dbc8caa859191e,delivered,2017-11-08 22:50:01,2017-11-09 22:47:08,2017-11-14 17:37:36,2017-11-16 19:29:03,2017-11-22 00:00:00
baac0911f2a4d722ae9402a45b7e995f,edef03bdc413c0a6511fff76b3c9e0b7,delivered,2018-05-15 16:55:25,2018-05-15 17:15:24,2018-05-16 14:16:00,2018-06-01 15:41:24,2018-06-11 00:00:00
6ec1c5688688bee3df9dd2202ac41a7e,5d029f6ceaad42b4a10bc7e14f37e8f8,delivered,2018-03-08 18:41:37,2018-03-08 18:55:56,2018-03-20 17:49:47,2018-03-29 21:33:05,2018-04-05 00:00:00
7dfbacd668c23f1d45720c457f2aaa70,3888c042e9241f12d3e60d2323e3bc07,delivered,2017-05-29 10:50:47,2017-05-29 11:02:25,2017-05-30 03:21:50,2017-06-06 15:41:38,2017-06-23 00:00:00
fbb1a0e5c4ba183f6cac6076920dc097,4e215db752d0c3ac49cdd2868b371587,delivered,2018-02-03 12:16:08,2018-02-03 12:27:16,2018-02-09 20:21:44,2018-02-16 18:29:46,2018-02-22 00:00:00
493e8e1cbab42239778580dfb102b213,6e4123c8f91f940fcdbe9ba9beb6bae0,delivered,2018-04-24 00:54:46,2018-04-24 18:06:35,2018-05-02 13:38:00,2018-05-03 21:18:44,2018-05-10 00:00:00
8346e642eb8d376b57cddc53b6118a3a,0609f5889f00803311ba52e9219c3872,delivered,2018-08-01 09:50:24,2018-08-01 16:31:29,2018-08-01 12:39:00,2018-08-08 17:58:34,2018-08-15 00:00:00
7344c860833e7ea5b676e4575b225d6c,7ce0adff24b4b3d2b542175fce45d9b3,delivered,2018-04-22 14:09:27,2018-04-24 17:14:31,2018-04-23 23:56:52,2018-04-30 20:14:27,2018-05-21 00:00:00
7b9906348a4044ff73ce3034e9c8b7e9,4e830386ddbae62bb77201afe334c140,shipped,2018-01-08 21:43:10,2018-01-08 21:51:30,2018-01-09 17:18:24,,2018-02-06 00:00:00
4444ee622d44353604947c0232f3f62d,cd4e39304155e9faf215ed66d28f6e5d,delivered,2018-04-07 11:40:35,2018-04-07 11:50:14,2018-04-09 23:29:34,2018-04-27 23:44:36,2018-05-11 00:00:00
b20541ce2d6f4c7d3b204035f09ea681,e7939cb82c253885e5a3e92585980ac1,delivered,2018-05-02 09:01:03,2018-05-03 04:32:51,2018-05-03 15:18:00,2018-05-04 20:20:50,2018-05-15 00:00:00
66cce1a5edcf6eaaa50e28b6914de70a,250693cc963e32cae986a193a69593a5,delivered,2018-08-01 16:43:40,2018-08-01 17:20:08,2018-08-02 14:25:00,2018-08-06 19:03:01,2018-08-27 00:00:00
38ec15a8c5ee8b06e98a7db4f56f066a,9cae326cc4642d878c0cbf143ef29da7,delivered,2017-06-24 10:50:33,2017-06-24 11:08:35,2017-06-26 15:16:34,2017-07-10 20:13:52,2017-07-18 00:00:00
4d1169dbb1880a13338378683225356b,41977b04b5eddaf8caa7b61c54a06dc7,delivered,2017-12-06 23:14:59,2017-12-08 02:54:10,2017-12-11 16:17:36,2017-12-19 18:19:08,2018-01-10 00:00:00
7abc6cbea47e076ca46d3bbc4afab9bc,16b5db7bc88fbfe036a260b81a2224b2,delivered,2018-08-02 18:35:44,2018-08-03 02:45:28,2018-08-06 15:37:00,2018-08-07 23:03:13,2018-08-09 00:00:00
f2e7c5a142f10116a1e657090e50e83a,2ff40950a6ed1f599cdc0ef052862ca6,delivered,2018-06-12 21:50:27,2018-06-12 22:21:38,2018-06-13 11:13:00,2018-07-04 18:05:41,2018-07-23 00:00:00
7ca4d763a39831d8ba826af943d73ef2,b8880df4f114b1cb0c5b1b9c523f3db6,delivered,2018-07-17 20:02:06,2018-07-18 19:55:24,2018-07-23 14:58:00,2018-07-30 15:14:20,2018-08-06 00:00:00
91be51c856a90d7efe86cf9d082d6ae3,637321037fb8b34323ce7fd8aab4a0f1,delivered,2018-06-12 15:58:03,2018-06-12 16:32:26,2018-06-12 15:44:00,2018-06-15 15:42:07,2018-07-12 00:00:00
f9144beb4a52ad3ca5337e1f9409a3f4,1422bd723a806e194cfb273eaa75e60b,delivered,2018-07-17 22:33:54,2018-07-17 22:45:11,2018-07-19 11:27:00,2018-07-23 20:26:45,2018-08-07 00:00:00
0fafae9d817a5c3ce897f22d801b7395,6336a73ad07dc9ca8f5b52e39f23c51d,delivered,2017-09-13 10:35:15,2017-09-14 03:06:04,2017-09-14 21:35:58,2017-09-25 20:02:38,2017-10-03 00:00:00
fcf380438c697a895901151d7a333c5c,003a75d228dc67cb2918e40c2aacc4bf,delivered,2017-10-19 12:07:22,2017-10-19 12:26:11,2017-10-25 20:32:42,2017-10-26 17:32:30,2017-10-31 00:00:00
c190d3402592ee86d5e9978ced572730,09dab15980f3bbbacda11d9cd2db9466,delivered,2018-06-20 00:29:25,2018-06-20 00:55:55,2018-06-20 15:01:00,2018-06-22 15:18:34,2018-07-27 00:00:00
3a8fee68ab3d1942113e41f8f3396fed,f5cf8c95dcda99dbe9c0cffe8d284751,delivered,2017-06-20 11:02:24,2017-06-21 02:25:46,2017-06-22 19:22:58,2017-06-27 16:03:46,2017-07-10 00:00:00
a8a2941e92152e0edc39bb862cd6b6e2,c89a210a02f21b5c33c6c8013a22fa16,delivered,2017-02-03 16:32:12,2017-02-04 02:10:38,2017-02-07 14:00:39,2017-02-13 16:47:42,2017-03-10 00:00:00
9218ec94cd0d96e4c3e6b8c1504aa8dc,0b064f4278f75fcbc81349df482353aa,delivered,2017-12-10 11:08:29,2017-12-10 11:19:34,2017-12-11 13:28:32,2017-12-16 14:04:14,2018-01-04 00:00:00
b2eda1812564491a3461f7e08104ed8f,ebaefb74bad3930316a9134fb13bd8df,delivered,2018-08-15 16:08:01,2018-08-15 16:24:08,2018-08-17 12:00:00,2018-08-23 23:08:36,2018-09-17 00:00:00
d764dbf4808e4b71b8602d2c1655767e,9ff3b4f2efedcb1767dd4bb0ca75049c,delivered,2018-03-16 07:56:47,2018-03-16 09:06:55,2018-03-16 20:37:50,2018-03-19 20:03:59,2018-03-28 00:00:00
c75113aa2bd1c8e9b847c8c8c6490a12,a9b67bf2d6e9a3ea88323a2440e89646,delivered,2017-07-12 21:53:51,2017-07-12 22:05:41,2017-07-13 15:29:31,2017-07-26 03:46:41,2017-08-03 00:00:00
4ee8c2344eb547af4169bcee11664bb8,b6607d072053280d29eaad974debf575,delivered,2017-05-07 18:52:33,2017-05-07 19:05:16,2017-05-09 08:13:31,2017-05-17 09:56:46,2017-06-02 00:00:00
21af19181b59fd603fd2c40717d3897b,162063595acec23bfcab0eab134450b2,delivered,2017-09-18 11:45:11,2017-09-18 11:55:18,2017-09-19 16:39:05,2017-10-03 21:11:19,2017-10-17 00:00:00
d84217b494046fedbd03da87fe309615,50e3f999ec6d14e489a351c228c6b134,delivered,2018-06-08 17:16:14,2018-06-08 20:32:07,2018-06-11 13:01:00,2018-06-19 17:54:31,2018-06-26 00:00:00
2a6d1505d28e5a6956a20dcdaa6e0464,4bed497397b06b63041a9c64e7656443,delivered,2018-06-22 18:25:32,2018-06-22 18:58:15,2018-06-26 11:04:00,2018-07-03 17:19:49,2018-07-26 00:00:00
b4e6acaa8099879abe597c7f79f0c2b3,2e72384d36d09f4eb5e5a875f8f48fb1,delivered,2017-11-25 13:35:19,2017-11-25 13:47:32,2017-11-28 22:18:20,2017-12-19 17:49:05,2017-12-15 00:00:00
19f7c2937f28a1340a7a3c5c64a26123,474779cb02e6b3c09fbdd2d66b64422f,delivered,2018-05-04 08:25:51,2018-05-04 08:35:14,2018-05-09 16:20:00,2018-05-18 16:15:40,2018-06-12 00:00:00
8ea686421c93e25c034f9c1f0a0058be,b59209dd2ee2d48dbec6de3ee4a708a4,delivered,2018-05-04 22:58:01,2018-05-04 23:10:16,2018-05-07 15:10:00,2018-05-11 21:28:37,2018-05-21 00:00:00
5585e904baf149821491997c9499628b,596608168dc8c9051b2d6b92b541a8b8,delivered,2017-08-26 00:13:20,2017-08-27 00:25:13,2017-09-05 15:55:57,2017-09-12 18:27:46,2017-10-02 00:00:00
3921700d2866038326e6fa0b48962e35,c09880500ad047129ba8705553ee6ecb,delivered,2017-09-13 20:54:34,2017-09-13 21:05:43,2017-09-14 15:43:50,2017-09-18 19:56:49,2017-09-29 00:00:00
7c259a397799aa0b7043c30ff9d042a5,935a368be7c475d126ffe4c185ec0ced,shipped,2017-07-23 16:32:12,2017-07-23 16:45:18,2017-07-25 11:04:00,,2017-08-17 00:00:00
17836bd884d9f15719248827c625e977,3d3a914f6c224c43dfb53fb6d29bdb31,delivered,2018-01-15 17:09:11,2018-01-15 17:18:23,2018-01-16 17:50:03,2018-02-02 14:27:03,2018-02-15 00:00:00
47d334f5f5e5a8f38fd5893ae0e6af35,47fe6a72eb9d07dc449c78b69ce03e03,delivered,2017-06-13 08:16:19,2017-06-13 08:25:13,2017-06-14 06:34:10,2017-06-19 21:37:38,2017-07-06 00:00:00
3ac745c240dae78ad2e1b9e191e92143,b3f3105461c1fbbfa2643be0e7ef3359,delivered,2018-01-18 15:08:15,2018-01-19 14:59:26,2018-01-23 01:25:07,2018-01-31 14:41:55,2018-02-14 00:00:00
19fbc3165fe906b098d02a6bc25d5318,81bb108bff287a2e98e16008e1ce9128,delivered,2018-03-14 15:38:43,2018-03-14 16:20:25,2018-03-16 20:07:43,2018-03-29 23:03:51,2018-04-19 00:00:00
30813fea6f93412555f8f359701fc7e1,6e93ab5b7052dd417ac1c295eed8e843,delivered,2017-03-17 19:46:43,2017-03-17 19:46:43,2017-03-21 15:06:06,2017-03-28 15:40:18,2017-04-05 00:00:00
bd34db34f886a82d2f7e9214b6fd01e0,5c2bab9a09604f016d9ccd13242db649,delivered,2018-01-10 19:34:34,2018-01-10 20:08:16,2018-01-11 20:23:13,2018-01-23 19:52:54,2018-02-14 00:00:00
fc4bcada7517f413ad3d38e7404c9b3f,1334da127df70d32ddf5a1a27c675e65,delivered,2018-07-05 14:23:20,2018-07-05 16:32:07,2018-07-06 11:22:00,2018-07-11 13:54:30,2018-07-20 00:00:00
200b121c28e10ef638131a7c76753327,26bcca10e5c9679c306d8333bf527929,delivered,2018-08-04 15:55:59,2018-08-04 16:10:16,2018-08-08 14:35:00,2018-08-23 18:21:59,2018-08-30 00:00:00
90bf0d006edb962cf09943bf3e4ad217,60a63d5cfff369d6ca0d86ab8073c8d5,delivered,2017-01-19 17:17:28,2017-01-19 18:31:23,2017-01-23 10:23:56,2017-01-27 11:08:09,2017-03-03 00:00:00
1f57e9ff5f61f27154f91721393f9615,50074838d31ff6a3560df49cae0d534d,delivered,2018-03-01 07:30:51,2018-03-01 07:45:21,2018-03-01 20:37:09,2018-03-08 16:30:23,2018-03-21 00:00:00
029b99b0436c25c8de22cb828831ffa8,a7efc7f9a3444cd0b3d780d5a060b2c6,delivered,2018-07-30 23:11:57,2018-07-31 23:10:13,2018-08-03 13:50:00,2018-08-10 18:07:30,2018-08-17 00:00:00
9f0663bf008ccdbfbd96ac9a31ba7442,e82ac93ebcd376d09641417737b7e8b2,delivered,2017-11-24 10:56:16,2017-11-24 12:52:22,2017-11-30 18:29:22,2017-12-22 20:49:27,2017-12-19 00:00:00
16b2484e5171f8cde29df1cfac3ad7e4,20bf84a3528832d4d61d80ba03be4a9f,delivered,2017-09-25 21:21:05,2017-09-25 21:35:13,2017-09-28 19:58:10,2017-10-04 00:14:04,2017-10-17 00:00:00
127648601fc869b77e2e4467074a65b3,293672c73aadcce93f733f7e01d8aac9,delivered,2018-05-11 10:32:32,2018-05-11 10:58:12,2018-05-11 12:28:00,2018-05-18 19:51:33,2018-05-28 00:00:00
a5507507d82c1fb664405882ed065af0,1b304cdb65a252be98ec533eac75bbf2,delivered,2017-08-29 11:34:11,2017-08-30 11:44:33,2017-09-11 20:57:24,2017-09-13 20:40:10,2017-09-20 00:00:00
34a989b4dcc21e3151e957dfe67df824,319c850f33954b0d3911b7317282b335,delivered,2018-05-01 12:31:07,2018-05-01 12:59:27,2018-05-03 17:14:00,2018-05-07 17:52:45,2018-05-14 00:00:00
11d4183301045a75d359c663b8804adb,61bd0c47dc93a50dcac3e2ad1ea5cfb8,delivered,2017-07-23 15:39:56,2017-07-23 15:50:13,2017-07-24 18:49:33,2017-07-25 22:33:21,2017-08-04 00:00:00
039fc6a7aa5527e4cf6ed3c3eca00c15,6481279fcd5935cc4012de23ac379ab6,delivered,2018-01-02 13:40:05,2018-01-02 13:52:24,2018-01-03 21:38:46,2018-01-05 17:59:47,2018-01-18 00:00:00
fd70c48e9fe08ec1f96611c3b65e9c61,d0a1c30f503d889c6953722148dbfb95,delivered,2018-04-16 09:21:41,2018-04-16 09:31:24,2018-04-16 22:14:39,2018-04-19 23:12:56,2018-05-11 00:00:00
41683ad54cbd17bd932eb623e0ff7257,2c1b2a307648efdb06a48595a8e8b354,delivered,2018-06-21 12:16:28,2018-06-22 10:19:05,2018-07-03 05:55:00,2018-07-09 15:06:45,2018-07-30 00:00:00
fd54537438233bc798bd3fdac32bcfd9,201c90f4f548f6ac85f821578528b42d,delivered,2018-08-04 12:46:14,2018-08-04 12:55:25,2018-08-06 12:45:00,2018-08-09 19:54:54,2018-08-23 00:00:00
d904c8fc4955920c3cdb9a2681648f3d,e808298285a80ef79a218d5309b38faf,delivered,2017-05-29 12:04:33,2017-05-29 12:22:48,2017-05-31 08:22:15,2017-06-05 13:39:48,2017-06-22 00:00:00
ff0e955a45ce7d823147bc51559f7b8b,7a6b44be52a308e29cfd7a159b53d917,delivered,2017-11-27 09:42:13,2017-11-27 09:55:48,2017-12-05 00:06:49,2017-12-07 19:24:54,2017-12-11 00:00:00
f0c53ca3e5e7561fb1ff79116340d113,63b05f55c0ba62261a42fc7a48bad9bc,delivered,2018-03-10 23:17:10,2018-03-10 23:30:22,2018-03-13 16:48:34,2018-03-21 19:16:30,2018-03-22 00:00:00
40c8d67fd240c45c8d7b082a8ab8d9bf,af4e75a432ace603f8b572cce5f8cb83,delivered,2017-03-07 10:25:57,2017-03-07 10:42:44,2017-03-08 16:20:40,2017-03-13 11:24:56,2017-03-27 00:00:00
7781f29a6de6cb94622ec8cb927dded0,1869a07fb80a8eb124cc0619f6e503a5,delivered,2018-08-16 09:21:51,2018-08-16 16:35:26,2018-08-21 07:50:00,2018-08-23 02:18:04,2018-08-22 00:00:00
53bd622a8d20922d658c830bd18c22c4,eff15f751d5965e6f1d3c5870144cd31,delivered,2018-05-04 13:52:00,2018-05-08 04:54:07,2018-05-08 14:09:00,2018-05-23 12:48:32,2018-06-07 00:00:00
73cfd52c2ab878481307dcd97df6155c,3c2e7801b4935aab59ad135bab7207e6,delivered,2017-12-05 13:58:42,2017-12-06 12:30:44,2017-12-06 12:47:58,2017-12-12 15:07:32,2017-12-29 00:00:00
473defc0ac04db9fc14d871ab980e9d7,0098c4d01b3588b0b61ac012e5e4b228,delivered,2017-08-04 06:54:17,2017-08-04 07:10:08,2017-08-04 20:09:19,2017-08-11 18:22:49,2017-08-28 00:00:00
19fac8726c95312e1eb2a67af89f7723,a539d577f8423edaed4834095468f154,delivered,2017-11-17 13:17:21,2017-11-21 03:55:26,2017-11-22 16:43:37,2017-12-13 11:47:02,2017-12-12 00:00:00
74b622c0a0af22b8a2646c54e50f1c21,bfb8db4a119f18da64a8923f8e62272d,delivered,2018-01-15 10:16:14,2018-01-15 10:30:13,2018-01-16 16:21:58,2018-01-19 21:38:45,2018-02-05 00:00:00
8ab1d03fe8066ddf7b1882f20d699db2,dffcdbb73deaa08c8811c4d541c538a2,delivered,2018-06-20 13:18:14,2018-06-20 13:38:24,2018-06-20 19:51:00,2018-06-25 23:58:34,2018-07-12 00:00:00
3e12e60631dc37f47e3e3b6d866758e6,5094fbfacb2f3389cf4fa9b276caea3b,delivered,2018-07-29 18:12:14,2018-07-29 18:25:15,2018-07-31 14:05:00,2018-08-06 21:57:50,2018-08-21 00:00:00
7588fbb6c9001d45b0f2bafb4be7ef56,a1c991feff10a10e9c9e4d0bad6fe1e9,delivered,2017-10-15 17:15:38,2017-10-15 17:56:25,2017-10-18 16:22:43,2017-10-25 22:02:56,2017-11-01 00:00:00
08a5a57f90304e3e736623cdd8eb0166,29273dc3d377263d39a9161d8fd64121,delivered,2018-06-05 10:26:59,2018-06-05 14:31:23,2018-06-06 13:12:00,2018-06-12 20:41:01,2018-07-11 00:00:00
bbcee2bda0886af84f8dd8f19870063e,8e92ae50666d4e5e87ca29cf4c6d54e4,delivered,2017-04-07 11:53:04,2017-04-07 13:05:23,2017-04-07 13:33:01,2017-04-17 13:34:10,2017-05-03 00:00:00
ce4fc11eef7cb0c2cbcaf63598e3bc29,343e5d9dfbbeb67e92891d2054563ad0,delivered,2017-11-08 08:12:01,2017-11-09 04:31:15,2017-11-09 22:16:52,2017-11-20 21:14:51,2017-12-06 00:00:00
fa40e63c3c59d4bd7858f31c33e0d882,036f4b8b056789194b5f668eab64c84f,delivered,2018-04-21 20:41:35,2018-04-24 18:41:25,2018-04-23 18:00:09,2018-05-03 18:19:36,2018-05-22 00:00:00
a8a8a640c7861a9a20dacbfe8cd15edb,4d39e674acd2b6973236e1c0e0810046,delivered,2018-01-08 11:19:26,2018-01-08 11:30:23,2018-01-10 15:10:35,2018-01-12 23:29:10,2018-01-31 00:00:00
806d19127814e557e910ad0c90891886,d56fc85fbbd22594447cb37f68c02e95,delivered,2017-05-12 15:39:49,2017-05-12 15:55:15,2017-05-16 10:18:59,2017-06-01 15:03:23,2017-06-19 00:00:00
e37462f737a59fcd8f12079e0e927205,864deba6b142c6d04a53fd379a9256a3,delivered,2017-08-27 13:58:08,2017-08-29 04:30:23,2017-08-30 21:58:47,2017-09-11 18:16:52,2017-09-28 00:00:00
18edd1c2ced2bb5d3175b611864155b5,e0c396c670d880b3d892fd834aa6a154,delivered,2018-03-22 14:01:17,2018-03-23 13:55:44,2018-03-27 20:21:15,2018-04-07 00:36:38,2018-04-10 00:00:00
124f1c960dc017afef91dc9c65b771b1,a5e8da982c56df849ca92684e6e4d9e5,delivered,2018-08-18 14:30:30,2018-08-20 14:35:53,2018-08-21 13:58:00,2018-08-24 00:02:45,2018-09-03 00:00:00
f48f1f27399611e17088c57968bc1486,db3c36ca6cfec9f21c744dba2d3e1e24,delivered,2018-06-05 22:50:47,2018-06-06 02:35:11,2018-06-06 08:39:00,2018-06-20 19:26:37,2018-07-11 00:00:00
c9dc4e0914920294cf5dc4df353cb641,7f21886a1b3f4a266355c1b06eceb68b,delivered,2017-05-04 10:57:37,2017-05-06 02:15:39,2017-05-08 11:41:09,2017-05-17 11:16:49,2017-06-08 00:00:00
6559afcb08c9458feea561826c4a178d,935c0ed9a9cd571dbaeb21bffd9ccc40,delivered,2018-07-08 15:13:20,2018-07-09 15:10:14,2018-07-11 11:36:00,2018-07-30 20:58:49,2018-08-02 00:00:00
1a6106220209223cef1d0e09d629c677,183638a979f63f2d45ede936483bbab7,delivered,2017-10-15 11:31:50,2017-10-15 11:49:17,2017-10-16 19:13:56,2017-10-20 15:16:56,2017-11-06 00:00:00
cc3518a32accaeeca420bab0fedd0661,ab8f0f8aebb8b6b7369a7aee659fdcb1,delivered,2018-01-03 11:59:24,2018-01-04 05:14:56,2018-01-04 23:22:30,2018-01-23 22:36:11,2018-02-06 00:00:00
2dac1809f9dbdd8fa97870ee26c2736f,48551a5f05da712bf721e6e4d24dddda,delivered,2018-05-20 10:30:21,2018-05-20 10:58:31,2018-05-22 09:06:00,2018-06-07 16:09:57,2018-06-18 00:00:00
47d051e89cf6490245136694a26a4395,23954a8ef8b736e65195710c34683222,delivered,2017-06-19 23:45:01,2017-06-19 23:55:12,2017-06-23 10:13:46,2017-06-26 12:14:45,2017-06-30 00:00:00
0d4ec8ac8110edc00c3f378607191877,7cc0fd76a9092be4823dabadeee4fdd8,delivered,2017-07-14 11:35:02,2017-07-15 03:33:39,2017-07-24 18:13:28,2017-07-31 20:47:48,2017-08-15 00:00:00
ffcc17a2f3331d4d25cf692060921690,bf75820404561a3f35085c58a99a63fd,delivered,2018-06-29 14:41:28,2018-06-29 14:50:16,2018-06-29 14:40:00,2018-07-03 16:14:35,2018-07-13 00:00:00
3eede5914d6b7f238a92e405cb5ef35f,ecb76cdf1d50c4f7e5395c07f1edf46a,delivered,2017-07-05 21:05:59,2017-07-06 21:15:08,2017-07-07 17:21:49,2017-07-11 20:37:24,2017-07-18 00:00:00
278cc6221989b58d9a1a74134e0accfa,58495ea8d65ad7a0908d89cb58fb9804,delivered,2017-05-10 18:32:19,2017-05-10 18:45:13,2017-05-11 10:05:41,2017-05-17 12:24:38,2017-05-30 00:00:00
905aa2fd9fefde45aa8b7866b02554ae,2b039e6da2b5cc14db88cb39fc3d06ac,delivered,2018-01-30 09:43:09,2018-02-01 02:52:23,2018-02-05 15:57:06,2018-02-08 17:37:00,2018-02-26 00:00:00
9fcbcb4a0b2d62715ac988b220c621ec,15f71021d8d7ecadc08a88a3d8b91002,delivered,2018-01-24 17:05:26,2018-01-24 17:24:26,2018-01-26 15:41:59,2018-02-10 00:32:32,2018-03-02 00:00:00
3b477558dd43ca0e069be6c79321aa26,73e9ca3feda9327182d698425804e4cd,invoiced,2017-05-08 12:04:22,2017-05-08 13:02:50,,,2017-05-29 00:00:00
fd7f1e5cb7d88c786df9b8026d733572,953ee57ff32fa8b1ffac730c49b1604c,delivered,2018-02-05 20:47:48,2018-02-05 20:55:55,2018-02-06 21:07:51,2018-02-19 23:19:04,2018-03-01 00:00:00
5e362b5d60f22cf39bb6066118c31fae,743c1d91eb910917739b0713540a43f0,delivered,2017-08-08 20:14:46,2017-08-08 20:30:19,2017-08-09 19:47:39,2017-08-23 16:10:16,2017-09-08 00:00:00
9aad86a646fc47633629fbc7d2c2cfec,851fa3e0bf415f6945462c8359258618,delivered,2018-01-18 09:27:54,2018-01-18 09:38:29,2018-02-05 18:33:41,2018-02-23 16:33:33,2018-02-19 00:00:00
1a8e038996bda6eec89b10dce066e0c9,09126adc44fa5fa5de202278c2538cf8,delivered,2017-09-26 10:59:31,2017-09-26 11:40:06,2017-10-03 10:32:04,2017-10-06 21:40:06,2017-10-24 00:00:00
180b5d1aedd4d65830b858c471e44230,c34ca842cb954be537246cd2dd439329,delivered,2018-03-11 21:22:51,2018-03-11 22:20:34,2018-03-13 01:38:46,2018-03-21 21:32:36,2018-04-03 00:00:00
739706624ef992fc93bb60f5df5e1278,80d1b0a1bf64b3976917a886a2dd62dd,delivered,2018-08-15 22:27:30,2018-08-15 22:45:13,2018-08-17 10:55:00,2018-08-23 16:17:13,2018-08-29 00:00:00
bcf4f139b50c6689378fac7fe255a186,0c30178309c1c4a738622c81ae3d2f3b,delivered,2017-08-04 10:32:57,2017-08-04 10:50:18,2017-08-07 17:28:14,2017-08-10 20:59:44,2017-08-31 00:00:00
7708348e3397bde852e5dade4c632d8e,5a4ee1320c445a642238d915249864ac,delivered,2018-02-15 02:20:14,2018-02-15 02:35:19,2018-02-16 19:45:47,2018-02-27 23:33:00,2018-03-07 00:00:00
7df4a1e4f63494920c5e53da93a08183,35dd14f3ffded4b92a1569a0ee3e6d1d,delivered,2018-04-19 11:43:20,2018-04-19 12:34:15,2018-04-20 22:28:31,2018-05-04 20:08:54,2018-05-15 00:00:00
77b04f15396c882d9989245e0afc7147,e1904b5574a696e8b11209d62c02d198,shipped,2018-01-02 13:10:04,2018-01-02 13:19:19,2018-01-08 18:03:34,,2018-02-01 00:00:00
714b93bc4ed81c32fbf579f30619f3eb,7aa5985858f6df9299d202265b71028c,delivered,2018-02-07 22:43:12,2018-02-08 22:50:31,2018-02-10 00:57:08,2018-02-19 15:45:19,2018-03-06 00:00:00
652ea8ea554ac0339e725a3a9c028040,1d4e6a21d80dc3eaccec225fb5e78a6d,delivered,2018-04-20 09:41:41,2018-04-24 18:12:56,2018-04-24 00:41:47,2018-05-01 12:41:11,2018-05-28 00:00:00
8aa454f4a1257f74aa178aba255e7cf7,5758df8163a3dbf93ce402c6e0f0c4ec,delivered,2018-08-07 15:41:14,2018-08-07 15:50:24,2018-08-10 14:52:00,2018-08-13 14:12:06,2018-08-13 00:00:00
317e2909dc1f2ccf9d267681ec127887,40ece3840f58de35c2c47cf9390ed160,delivered,2018-08-14 10:10:13,2018-08-15 03:31:03,2018-08-16 13:46:00,2018-08-24 15:49:32,2018-09-05 00:00:00
a7547ae74369b19c925d4d0f11047e7c,ce60ab2efcaa31dcd020809ac6821afc,delivered,2017-05-19 23:09:00,2017-05-23 04:22:37,2017-05-26 13:17:51,2017-06-05 13:28:58,2017-06-23 00:00:00
965e76a46add2947780548a4a1e9d661,6507148ae0ed3627cb681738af94815a,delivered,2018-02-05 14:05:01,2018-02-05 14:31:28,2018-02-22 00:29:12,2018-03-12 21:51:16,2018-03-15 00:00:00
c19b1ddd7ab6d205a37aae9f0aaa6f0a,436f94ca58a0db5261ee73a1f22da7ee,delivered,2018-01-27 18:27:37,2018-01-27 18:36:48,2018-01-30 23:28:03,2018-02-02 14:07:29,2018-02-20 00:00:00
82cfc721893072e906ea29b1f0fa08f0,574dae3d2726530a55ab02c8fb9bc3da,delivered,2018-08-17 11:38:18,2018-08-18 02:49:59,2018-08-20 15:10:00,2018-08-27 20:47:32,2018-08-29 00:00:00
5dc2065524809a87208d760d279f88ca,81fbbce08531c4ba0446abd69996acc3,delivered,2018-07-29 17:02:03,2018-07-31 04:31:28,2018-08-01 12:37:00,2018-08-02 18:49:03,2018-08-06 00:00:00
341fd75c5d23b024ba2c98c53b491adb,90e1d0d9d447d13a6b9cb4c35524a2d6,delivered,2017-11-24 09:35:26,2017-11-24 10:56:52,2017-11-24 17:26:52,2017-12-04 23:39:59,2017-12-21 00:00:00
b19f25f057ac96ff8c7746e9590989b3,ab66e397db1b48e3bde13be7bc47aaf2,delivered,2018-02-21 08:39:02,2018-02-21 11:56:48,2018-03-01 20:58:30,2018-03-19 18:22:18,2018-03-16 00:00:00
8f21577e27c80ffb814f445c88ac04c0,362614b2140245271cfe4bb7ba93c602,delivered,2017-11-29 23:22:55,2017-11-29 23:36:27,2017-11-30 19:12:50,2017-12-12 15:52:00,2017-12-21 00:00:00
5fc3e04af31e724bfee5ffab7d3b41db,b49d90fa03783fddad3547534feace2b,delivered,2018-07-31 15:26:02,2018-07-31 16:31:54,2018-08-01 15:59:00,2018-08-03 19:14:50,2018-08-10 00:00:00
ef4d9afd6bab0beea21bbb3eb0c508b6,5664095a14e3730b63cbecaf09649cb6,delivered,2017-06-28 09:16:58,2017-06-28 09:30:17,2017-06-29 14:51:42,2017-07-04 14:33:07,2017-07-18 00:00:00
753c4a66ef772332b78edb65a317f903,158909ef81850b0ffd25419383fcd527,delivered,2017-10-21 13:42:03,2017-10-21 13:49:35,2017-10-26 16:10:09,2017-11-15 17:18:49,2017-11-17 00:00:00
55c9cfabdee5ea72c34f3861da9e817f,02c9c4785d6e1cb6a78e9ddf029aa51a,delivered,2018-03-17 15:49:23,2018-03-17 16:09:16,2018-03-20 00:51:02,2018-03-23 15:38:55,2018-04-12 00:00:00
9c6091fbefbb76532f8a51939765c532,b95d2f9bbd4c67ae66f0205e049bdd47,delivered,2018-04-06 11:07:05,2018-04-06 11:29:02,2018-04-10 19:12:19,2018-04-30 21:03:29,2018-05-09 00:00:00
f6a88671e8773e56db1b3d82d29a01ce,5d5d33e9eb05f3287dd028e3818a9a99,delivered,2017-07-11 20:16:19,2017-07-11 20:43:43,2017-07-12 19:14:39,2017-07-17 17:40:06,2017-07-31 00:00:00
0890337bc4f93f0370ccdd9a0c8b1f55,9948dd43c6e5b0ffa087dc32c1f78eab,delivered,2018-07-20 14:49:22,2018-07-20 15:04:27,2018-07-23 12:19:00,2018-08-02 19:12:05,2018-08-07 00:00:00
e3d00d0b8da3f7cb186267acb4b75eb7,bbbc3d5bb59190293cae4efbc5b66eb1,delivered,2018-01-03 00:04:11,2018-01-03 00:16:30,2018-01-05 20:51:32,2018-01-12 23:59:02,2018-02-05 00:00:00
f96b5c312ad850920b6aed06ee8881ad,87f02a067e858106e8bc1ee503540c83,delivered,2017-12-13 21:28:07,2017-12-13 21:35:32,2017-12-14 23:13:22,2018-01-12 22:21:46,2018-01-11 00:00:00
162fcce5f7c895e5afb504f6f1cee4ed,f581d009238201744f193e9fce843a3b,delivered,2018-06-01 07:11:05,2018-06-01 15:52:45,2018-06-04 09:14:00,2018-06-11 19:07:24,2018-07-04 00:00:00
e86fb2abd1932ca34230cb407378e9d8,abfb0f5c3e33e9758046fd150f11f8d7,delivered,2018-03-07 15:10:04,2018-03-07 15:32:16,2018-03-13 21:51:26,2018-04-17 21:58:21,2018-03-27 00:00:00
855c2d10e8d3135c6cd5af5dd14d080e,6392126e39bdc2bc69b67f1e7bd19dfa,delivered,2017-11-24 20:19:53,2017-11-24 23:32:24,2017-11-28 17:33:42,2017-12-28 19:52:28,2017-12-19 00:00:00
2ec3fb192c828ca618c797ccb2c22a3e,0ab3d6b4dbec9970125fb421e7d69f75,delivered,2017-10-31 13:39:17,2017-11-01 03:35:34,2017-11-04 04:12:50,2017-11-13 21:25:50,2017-12-01 00:00:00
aea58826ab6af5bcec0ed22041b7dcfe,b7e6c3b93c496e674a95460fd73f4b32,delivered,2017-04-20 09:04:14,2017-04-20 09:15:17,2017-04-22 07:18:05,2017-04-27 14:07:06,2017-05-12 00:00:00
1e36204fd8a2e695a35dd5e41cd392d8,c9acc9e10d24240e8ccedcacdf395bbd,delivered,2017-09-17 21:13:07,2017-09-18 21:15:16,2017-09-20 19:57:58,2017-10-12 17:13:31,2017-10-16 00:00:00
82516b1bbe4b8bbcb50025b8cbd62505,cba10f2bbe92f7f14a7c042facc2d358,delivered,2017-12-22 17:43:58,2017-12-22 17:53:26,2017-12-28 20:29:33,2018-01-03 18:34:34,2018-01-15 00:00:00
6596bb82d3587969e11ab60c661f199a,72af77f387a7afc780a97bd40fbfcb3b,delivered,2017-11-16 22:31:43,2017-11-16 22:54:14,2017-11-17 22:32:25,2017-11-24 17:27:19,2017-12-05 00:00:00
d77031d6a3c8a52f019764e68f211c69,0bf35cac6cc7327065da879e2d90fae8,delivered,2017-02-18 11:04:19,,2017-02-23 07:23:36,2017-03-02 16:15:23,2017-03-22 00:00:00
59ed221ecfd15cdf31844340d3875b7b,276963410b4f8035297d2afc212105b7,delivered,2017-04-21 11:21:04,2017-04-21 11:30:16,2017-04-27 16:07:01,2017-05-09 21:46:59,2017-06-02 00:00:00
0241b276e1e2b1d6873473c44240b426,d7985e6fd1cd00201093d271a93f3985,delivered,2018-02-21 09:38:26,2018-02-21 12:05:35,2018-02-22 23:23:18,2018-03-27 01:22:55,2018-03-22 00:00:00
0510b3fb25b0b62b1221ec1cd2e495ee,d6e816a35e42165ae9af6c44209dc565,delivered,2017-06-08 20:39:27,2017-06-09 20:35:13,2017-06-12 08:42:12,2017-06-26 16:57:39,2017-07-13 00:00:00
712f25b2ae7f5b20df02ac0c361a71bd,a0325e9bffee8bcf4cd6e50bb677111a,delivered,2017-07-24 10:17:28,2017-07-25 12:55:13,2017-07-31 19:54:11,2017-08-02 19:29:57,2017-08-04 00:00:00
04bf4de54cc6a9145f3ca780b9f45d54,430fc891a146939e7337da2a8aec525e,delivered,2017-05-12 06:48:10,2017-05-13 02:55:23,2017-05-16 17:12:43,2017-05-25 11:34:12,2017-06-01 00:00:00
b75e305d05101f6e3be82f6a07adf840,d1398f7516036eae967e7ca31a387dec,delivered,2018-01-22 13:44:30,2018-01-22 14:26:17,2018-01-23 20:28:58,2018-02-15 15:08:24,2018-03-02 00:00:00
a74094da6741c43e6cdd5fc25ca3ff98,3531fdff227e1e951edf02468e53d9c7,delivered,2018-08-14 15:00:32,2018-08-14 15:31:33,2018-08-16 15:18:00,2018-08-17 17:59:24,2018-08-27 00:00:00
232277bc3b7e6ff57e09e19b7ce21bd3,140a1f1ae996c0cb559167c652cf18fd,delivered,2017-05-06 01:05:39,2017-05-06 01:25:10,2017-05-09 14:09:40,2017-05-19 15:09:45,2017-05-31 00:00:00
c290cb2817cca2e8d2656617d17acfad,cdbc634c11939aa969432f57aa566414,delivered,2017-03-16 10:38:02,2017-03-16 10:38:02,2017-03-17 13:33:01,2017-03-20 10:37:50,2017-04-05 00:00:00
67e5eba68c1f19de1a6cb6dd510deaa7,3babbe0f93e94df8a3fc0f70ea9a9053,delivered,2018-08-07 16:45:43,2018-08-07 17:05:05,2018-08-08 12:38:00,2018-08-10 19:58:43,2018-08-27 00:00:00
b7d6888a6d024b1e676d3156e53defb8,968b6f4eb553288057c4433f19d0c7cd,delivered,2017-01-30 13:24:35,2017-01-31 13:32:53,2017-01-31 16:25:31,2017-02-08 09:45:44,2017-03-20 00:00:00
1454f9bf7010409e8e51291143c2a930,3ef452c856ccef9699730feee8c8b13f,delivered,2018-08-18 19:41:45,2018-08-21 04:10:22,2018-08-22 14:18:00,2018-08-27 16:03:31,2018-09-12 00:00:00
5fc583076cef84351509b68ddf84d932,7e85ee464cf792bd464179209a13b849,delivered,2017-11-15 18:06:53,2017-11-16 18:15:29,2017-11-21 21:32:31,2017-12-08 14:37:37,2017-12-18 00:00:00
05b771d711b0fa6d8ca9f42c3cc29f41,79b4e6917237551454e77c23285fa09a,delivered,2017-08-08 17:54:37,2017-08-08 18:10:17,2017-08-10 16:13:54,2017-08-14 21:23:02,2017-08-30 00:00:00
e26281cd7bdd68b44161fd215f4be0cc,62141c6c69540e6d9038c7bb5f7cd8ab,delivered,2017-04-18 12:41:40,2017-04-18 12:55:25,2017-04-19 08:36:58,2017-04-20 10:24:16,2017-05-09 00:00:00
327cce1fcc02fedef63c30dbde323402,e43b79f4e4752adf6887f7d9b7396cec,delivered,2017-05-04 07:48:30,2017-05-05 02:23:05,2017-05-25 21:13:55,2017-05-31 04:53:55,2017-06-08 00:00:00
c3355e93ebea38e75b9fed5a64a35592,165f1aa190273a0ddfb905d8bfa84823,delivered,2017-11-24 20:19:47,2017-11-24 23:32:51,2017-11-27 22:10:40,2017-12-02 14:49:45,2017-12-19 00:00:00
93a7c0666539ab7c0556eca093ba4dc6,9be177de63fe916dc713470621281eb7,delivered,2018-05-10 15:44:23,2018-05-10 16:20:29,2018-05-11 14:25:00,2018-05-21 16:58:34,2018-06-05 00:00:00
b99b9205eafc5fa75cfce1be7d1d9bff,578c6b9a577d79103c6328de248eea5e,delivered,2018-04-06 09:20:57,2018-04-06 09:30:21,2018-04-07 01:18:34,2018-04-13 22:51:49,2018-05-03 00:00:00
2236ffd5989a4b6263176d0359843c83,77d121b2c66bdceaf794af539d3781be,delivered,2017-05-22 23:13:13,2017-05-22 23:30:10,2017-05-24 14:05:07,2017-05-31 05:36:03,2017-06-21 00:00:00
0e2a4b5a168e8d1f4e4ce0fb458d1c7c,7497b2ff093d8531ac35ba46224a421b,delivered,2017-12-11 18:12:39,2017-12-11 18:32:26,2017-12-13 23:09:03,2017-12-19 22:37:45,2018-01-08 00:00:00
f0f32c83bd4335d68622f39d68724658,fd19265dfd86ea0dafc13a23b1a53c05,delivered,2017-07-05 08:49:13,2017-07-05 17:42:18,2017-07-07 14:15:35,2017-07-10 19:37:42,2017-07-20 00:00:00
64687fa34e8e3ccaf7856911061aad72,0587a01e8c36bab363b68c12f07d367d,delivered,2018-01-10 15:46:37,2018-01-11 03:09:07,2018-01-11 16:44:58,2018-01-26 16:49:00,2018-02-09 00:00:00
2c173fae740c25aaf8668bc3eeda0114,c21f952b2c5a136d5b3e16d43af119d4,delivered,2017-02-09 22:03:43,2017-02-09 22:10:13,2017-02-13 08:32:21,2017-02-16 09:44:52,2017-03-09 00:00:00
b6bb5d08beeff5a09c5af18ebca9f072,9e727e134ffab63825a5dbcf74e63d5a,delivered,2018-07-16 14:55:10,2018-07-16 15:05:15,2018-07-17 13:41:00,2018-07-26 16:09:46,2018-08-06 00:00:00
4e16f71b2a5ddc0266f9ddfdfd0bcfba,0e6c54c40385920c74542f153754aca6,delivered,2018-07-22 18:58:10,2018-07-27 23:30:54,2018-07-24 15:09:00,2018-07-27 16:46:38,2018-08-06 00:00:00
099d62f80912acec8ebfabeed29585cf,4466cbc4f45d42034ecf15c003bb013c,delivered,2018-06-25 10:31:05,2018-06-25 10:53:37,2018-06-26 15:16:00,2018-07-04 19:56:20,2018-07-27 00:00:00
21b97cd3f3ef1ede9e0f4e56103a476c,be2d7e9ecae8f1917dca505e18bd27df,delivered,2017-03-01 09:26:18,2017-03-02 04:03:05,2017-03-02 11:35:07,2017-03-11 08:35:51,2017-03-20 00:00:00
4cf65f650cc60791bfb99bbaa418faf9,8ee208e4a8579fc7bf74b535c4bb3aeb,delivered,2018-07-09 18:29:51,2018-07-11 03:50:18,2018-07-16 15:15:00,2018-08-24 11:28:33,2018-07-25 00:00:00
bcf5665129063675d2d1006d95d3c813,45c715dfcbdc6bda7b1190def7ab948a,delivered,2017-02-02 23:09:15,2017-02-02 23:21:30,2017-02-03 12:34:49,2017-03-08 18:16:00,2017-03-01 00:00:00
4de1d6ff6036a6aec2cedb92da5f8241,14923ddd6c9bda9ff1a4b2d3ae13bfcc,delivered,2017-08-05 20:20:46,2017-08-05 22:37:23,2017-08-07 15:17:47,2017-08-23 21:52:04,2017-09-04 00:00:00
378e9f1b518253964f1e82f349d90b7b,2d4f85e2a666df7f87ce6af544523dc3,delivered,2017-04-29 16:33:16,2017-04-29 16:45:17,2017-05-03 13:15:54,2017-05-16 12:25:53,2017-05-24 00:00:00
2f2a34292298ceb3802f19528c621d87,b690976af1599d1552e68bece00f260c,delivered,2017-11-24 20:39:09,2017-11-25 00:34:57,2017-11-27 20:38:39,2017-12-04 22:57:02,2017-12-19 00:00:00
39f8aaf58db880948c0d55e578166fc3,ff138dffd7d9e3feb88e9f70aecea743,delivered,2017-07-09 21:50:43,2017-07-09 22:03:31,2017-07-11 18:04:29,2017-07-14 12:34:51,2017-08-02 00:00:00
86c411cc5e0c28b069f3e98edc6e6290,37264a2e16c50d5240898ea7f185312d,delivered,2018-07-10 13:42:04,2018-07-10 13:50:17,2018-07-11 14:58:00,2018-07-12 17:41:35,2018-07-18 00:00:00
415b65a24b958bc64f9c3f8c1a7aef29,065c3ae02ac77bed6a7303aebf08379c,delivered,2017-12-26 22:58:46,2017-12-26 23:09:22,2017-12-27 21:23:49,2018-01-09 17:48:39,2018-01-22 00:00:00
d495dd3f39ec305acc17bcb39712f772,a6e8240939fddfd24161a340c6589aaf,delivered,2018-04-05 19:58:04,2018-04-05 20:10:23,2018-04-10 01:05:55,2018-04-18 17:12:33,2018-05-02 00:00:00
0297f94a646c942bde497bd200cce1ed,4da495ce705cd190ddf3a36268b61142,delivered,2017-12-26 18:10:57,2017-12-26 18:27:58,2017-12-29 20:52:22,2018-01-10 16:38:05,2018-01-19 00:00:00
c8a213120beabf236f804ec4212fe950,b98a2196cab5a14e08ec4138141f3f33,delivered,2018-07-23 10:12:13,2018-07-23 14:31:48,2018-07-26 14:23:00,2018-07-30 16:32:48,2018-08-09 00:00:00
4d43556083ebb5d85e8a49e87730add6,f0a88549dc79279163f18562c41ce81f,delivered,2017-05-02 06:49:31,2017-05-04 11:42:49,2017-05-04 18:47:49,2017-05-12 13:44:24,2017-05-25 00:00:00
587c997793ef2282aaf36ab59a074574,00660e817a39486a37c26b071d0741f8,delivered,2018-03-31 12:44:54,2018-03-31 12:55:29,2018-04-02 22:08:42,2018-04-07 17:19:35,2018-04-18 00:00:00
58b5827a8910147ec66b855b9d2096a4,516d0ba8390260eed3fa4ba2325b1b82,delivered,2018-07-22 17:39:09,2018-07-23 12:32:21,2018-07-24 14:40:00,2018-08-02 19:31:19,2018-08-08 00:00:00
25d98499d4fbac84c6e15d83148cf23a,e38a6b4ab8665483ee31d30c449b333e,delivered,2017-08-01 10:30:39,2017-08-01 10:50:37,2017-08-02 20:06:49,2017-08-07 17:19:48,2017-08-23 00:00:00
6b17faa4e2b485586a3bbe992eb96d0a,9bc3d80a9c929e0de1aba110d5f7bbab,delivered,2018-05-25 19:21:38,2018-05-25 19:38:43,2018-05-29 07:17:00,2018-06-09 12:04:02,2018-07-05 00:00:00
8a3a0e49e2e3eb825a6359d932c9f0a3,31068a3630c1019cf25a242d44218a5f,delivered,2018-01-13 22:36:03,2018-01-15 18:30:44,2018-01-22 18:48:59,2018-01-26 16:16:52,2018-02-15 00:00:00
c2df6bb33767176bdac3912ed6391b3b,0d905e1817d82fd46e645ec95449cc50,delivered,2018-03-24 19:32:59,2018-03-24 19:47:59,2018-03-26 18:46:47,2018-04-04 00:47:46,2018-04-17 00:00:00
02b089f5e85ee9c52935ede2207b13e7,cc3ad3a7d08c4d7263a50d076f10e43b,delivered,2018-05-13 13:15:36,2018-05-13 13:33:26,2018-05-15 13:43:00,2018-05-19 01:31:36,2018-05-23 00:00:00
90dbcfe5c30e1fd81cfaf22dc879e81b,124c96fb17eb2fc7f1611d3ca83d11ea,delivered,2018-08-17 10:15:31,2018-08-17 10:30:16,2018-08-20 13:32:00,2018-08-21 19:29:03,2018-08-27 00:00:00
3e4c8b8720f04552af6dd97f6fc22ae5,b54e2f0af25f6f2f1f105ef67c7f895c,delivered,2017-09-26 21:49:06,2017-09-27 21:56:19,2017-09-28 15:42:51,2017-10-07 16:03:21,2017-10-26 00:00:00
0b26649ec6ddf0ad51f419691e14a0db,d75b1a468435f5ad447bb2cc1e97a81e,delivered,2018-06-06 17:38:23,2018-06-07 16:20:55,2018-06-08 14:41:00,2018-06-11 22:02:46,2018-07-03 00:00:00
16a325dc8df44f9cc135ee3ca5afb8e5,b5580209f7f7dce9e470646556990340,delivered,2017-11-13 14:31:15,2017-11-13 14:47:24,2017-11-14 21:44:00,2017-11-21 23:51:48,2017-12-01 00:00:00
88ce73cc24548143016810f81a9e53d4,881ce84e31c104592c93a2e730cf69a7,delivered,2017-07-18 18:49:15,2017-07-18 19:05:10,2017-08-10 16:30:09,2017-08-12 12:43:56,2017-07-31 00:00:00
66ae9e2feb2290923a0f5ee2dd22b136,62bde41e6f1b689cf4ee49b947f70257,delivered,2018-03-25 14:50:08,2018-03-25 15:05:20,2018-03-26 23:38:51,2018-04-19 22:48:23,2018-04-23 00:00:00
b1c1cc09ffd5666fc13da046dc5900e3,dd4130b29fd8c3ff279241f7c39f124e,delivered,2017-07-12 08:58:21,2017-07-12 09:10:14,2017-07-14 12:11:07,2017-07-21 16:03:50,2017-08-01 00:00:00
23e3c5113b7bddff9218c89a30e99da4,4f614ff7d8f798b481645be2d8456479,delivered,2018-01-07 18:03:55,2018-01-10 13:33:34,2018-01-15 22:52:00,2018-01-29 22:25:14,2018-02-05 00:00:00
681c82d8dee3250b148aaabdd68a59ff,7d96202874e65d22c7793fb158ed8495,delivered,2018-02-28 15:39:15,2018-02-28 15:55:27,2018-03-08 12:56:54,2018-03-09 13:58:31,2018-03-28 00:00:00
a3a09d0a201027720550355df943b598,acf845d165d496b411bb1fb6c952b75d,delivered,2018-01-18 19:54:00,2018-01-18 20:14:08,2018-01-19 18:32:18,2018-01-26 19:04:07,2018-02-14 00:00:00
ae447a66e51409933b4ca567ac6c8a48,c93a9ec5d4bac23fb81ecb31559d9dbc,delivered,2017-09-29 17:33:02,2017-09-29 17:49:15,2017-10-02 21:03:56,2017-10-03 20:48:44,2017-10-17 00:00:00
164a6c920f4a6f51223792333af13e24,2fb547e1f38b78f5f2073b68ceee4f53,delivered,2018-01-13 01:18:04,2018-01-13 01:28:35,2018-01-15 13:48:20,2018-01-30 00:38:48,2018-02-16 00:00:00
741b425678e8c634fa376c96f689256d,fa7b2ad9e0410733cf18a62fe3d6568e,delivered,2018-05-15 19:08:08,2018-05-15 19:36:00,2018-05-16 16:36:00,2018-05-23 16:09:45,2018-06-05 00:00:00
67268ca1e8a89d4c08b6517a4de13994,606d6f66e1df8bdb3a58d9a1b3f2894d,delivered,2018-04-05 16:45:43,2018-04-05 17:09:37,2018-04-10 00:54:20,2018-04-13 19:36:39,2018-05-02 00:00:00
2dd6d2ec74e7e4413fd8a04bf7ac124f,ef672916931b8917dc5ab61c15a6768a,delivered,2018-03-08 03:55:42,2018-03-09 02:15:45,2018-03-12 23:41:32,2018-03-17 17:12:26,2018-03-20 00:00:00
b6af24208d3b5b07c4f1bbbfb57dd8c2,fef067e487e9911c42d7073ced30b5de,delivered,2018-01-30 13:17:34,2018-01-30 13:35:49,2018-01-31 20:34:28,2018-02-23 19:04:29,2018-03-02 00:00:00
e4f669bb9b79875231a2cf27ab8dd229,4c27e133e1de3148cb84c92249d51316,delivered,2017-01-23 22:29:11,2017-01-23 22:41:58,2017-01-26 16:15:01,2017-02-03 11:54:38,2017-03-02 00:00:00
0546ac640227025eb2df422b1f613f66,b6cd6b55b4870f765704b5dd17285430,delivered,2017-06-18 15:27:19,2017-06-18 15:42:59,2017-06-20 11:09:22,2017-06-29 10:11:44,2017-07-11 00:00:00
feac81be070a43ec0bd168b52fb03485,a97df828c72e38bd3a96aec10d02ee15,delivered,2018-04-03 18:43:44,2018-04-03 19:09:52,2018-04-04 23:36:52,2018-04-13 00:18:37,2018-04-25 00:00:00
f822dff2daea3e02fd418699a1068326,3f4ea183de6009df33cf21c4363cb2f2,delivered,2017-04-15 19:03:36,2017-04-15 19:10:21,2017-04-17 10:35:04,2017-04-19 07:55:38,2017-05-10 00:00:00
3a6ce7cca096e50508a84d2fee462b66,562d15e88d3f4a6184e8551622a07302,delivered,2018-05-01 10:49:55,2018-05-01 11:17:25,2018-05-04 16:04:00,2018-05-11 22:40:46,2018-05-30 00:00:00
dab084025124fbf71af416639b3c93bc,6b6c68e1bb0adec87704ea9d00b95273,delivered,2018-06-05 21:47:49,2018-06-05 22:11:35,2018-06-07 13:27:00,2018-06-19 12:58:47,2018-07-23 00:00:00
219666ef9b38f40246321c0e0df41cb9,701cc762de2f2ea4df85c390113a8bc9,delivered,2018-03-09 15:41:56,2018-03-09 16:20:28,2018-03-13 19:40:34,2018-03-15 22:21:06,2018-04-16 00:00:00
1b03d26a97ac5fda045a6f88d0d88d7a,18d46e1e396620d92cc0acbf564fd572,delivered,2018-02-25 13:05:21,2018-02-26 15:51:41,2018-02-28 21:14:50,2018-03-06 17:00:03,2018-03-19 00:00:00
f03606e5e4ae88ce00116fa7fcc84267,5110631c95ad19d06d5633e9f965d253,delivered,2018-02-10 12:44:13,2018-02-10 12:55:51,2018-02-16 17:28:50,2018-02-20 19:44:16,2018-03-05 00:00:00
376354084f6f8ee744a474abfb826ea2,882d90855d6d59cb6ccc2e18431b25ee,delivered,2017-03-13 20:27:59,2017-03-13 20:27:59,2017-03-14 11:01:57,2017-03-20 09:14:09,2017-03-30 00:00:00
00ac2a1ec784f71feeb7ba1e5959750d,47f6898621126fa91eda967684efadbb,delivered,2018-04-06 11:26:54,2018-04-06 11:49:01,2018-04-10 00:26:36,2018-04-17 17:17:41,2018-05-07 00:00:00
5986af0c84c245048bb86d39d66fe3c1,7a1a96d4644f77c1498383ee348c490b,delivered,2018-04-26 13:52:26,2018-04-26 14:11:59,2018-04-30 06:24:00,2018-05-05 19:07:53,2018-05-25 00:00:00
4986ad26a712831bf15208292d72e96d,faf4094628be1cb2e660fc9bedc2d72c,delivered,2018-06-07 17:06:22,2018-06-07 17:20:36,2018-06-08 11:22:00,2018-06-13 20:56:34,2018-07-03 00:00:00
e5d40f85d5e6270ed8680e3fbff77dbe,62db770757572d32da1bffc3b7d2ae10,delivered,2018-07-31 20:37:48,2018-07-31 21:04:16,2018-08-01 12:13:00,2018-08-04 16:28:45,2018-08-15 00:00:00
63455a963c823380655caf4dc3ba5397,04ee088fdb4047f962dfb2ce8577d85f,delivered,2018-01-11 21:54:06,2018-01-11 22:07:26,2018-01-13 02:43:03,2018-01-19 19:43:03,2018-01-30 00:00:00
84e7b71666cfcccffac18b19418c7e33,920f5c66da1ba1f669fd292fcc011af6,delivered,2018-01-28 16:39:30,2018-01-30 04:31:10,2018-02-01 15:22:58,2018-02-08 19:05:47,2018-02-26 00:00:00
10f0137bf8918dbe09b3744dbf5d6644,8e8e1c50fc474c09bffa992d7bf59bd1,delivered,2018-06-25 17:23:36,2018-06-25 17:35:24,2018-06-26 14:03:00,2018-06-29 16:56:33,2018-07-23 00:00:00
bec70b7a1c8969ad58a048aa111bec9b,786000552078dfc8978b80847daa4369,delivered,2017-10-10 22:49:27,2017-10-11 22:56:15,2017-10-16 21:22:39,2017-10-26 19:12:26,2017-11-01 00:00:00
9f52b6eb96c89533abcce1282b6ab411,bd3ad078b52fcb396d0074465620ae0e,delivered,2018-01-23 11:28:11,2018-01-24 11:18:28,2018-01-26 23:44:35,2018-02-02 01:17:51,2018-02-07 00:00:00
a560e0ea63089626704c4471adbe9367,a06fb9edb900bd169bfc40b348821ae4,delivered,2017-10-24 21:30:03,2017-10-24 21:49:33,2017-10-25 21:03:36,2017-11-07 20:39:40,2017-11-24 00:00:00
162475e808583e34c8306484480badb8,0a40d14cc5b7e11effd9b7a72ddbb24a,delivered,2018-05-03 16:24:43,2018-05-03 16:35:23,2018-05-04 14:25:00,2018-05-15 18:50:39,2018-06-08 00:00:00
94e804cbf3da3ae66126b5d81e1f72fc,64e1c7bcb9dc43fff8d80a10ef119e0f,delivered,2017-08-10 18:18:04,2017-08-12 02:50:58,2017-08-14 20:49:45,2017-08-18 20:06:44,2017-08-30 00:00:00
618f64df06c611bd4ea802bafba3e20c,68648ee2755091f79fe88e87b8cd8622,delivered,2018-08-05 10:32:56,2018-08-05 10:45:11,2018-08-06 15:14:00,2018-08-13 19:32:07,2018-08-29 00:00:00
21d31703cd5df37e311206bf328b022d,0f4bc01acde8f406451ca5270e8bf42c,delivered,2018-02-07 14:47:38,2018-02-07 15:11:07,2018-02-09 12:19:08,2018-02-20 21:59:19,2018-03-16 00:00:00
6224824670743fa15fe90e0b3a1ce5e1,844b96c263dd9829cacc9726ff2858c6,delivered,2017-03-18 15:59:08,2017-03-18 15:59:08,2017-03-23 08:42:41,2017-03-29 14:47:07,2017-04-11 00:00:00
fcaec602946ab37e8932adf40fcefccf,e3d7c50938867a57524676cc82a3501f,delivered,2017-11-16 00:12:22,2017-11-16 00:35:32,2017-11-20 20:52:38,2017-11-27 16:51:34,2017-12-08 00:00:00
483911cb189b99a0f8f7278c240c2975,3ff2b7b4797e590bf4d38310c565a009,delivered,2017-07-14 11:00:02,2017-07-14 11:10:17,2017-07-19 17:14:09,2017-07-30 16:03:37,2017-08-07 00:00:00
e81ca7ca15651afda77c69687b651bb5,b3c171ff72e6652a6cbeb21665f1bb3a,delivered,2018-05-22 22:47:16,2018-05-22 23:17:38,2018-05-23 12:56:00,2018-05-25 11:46:51,2018-06-08 00:00:00
b0b8a75fcb5b8311f01d5e12347d7e32,ec9ed8be674f660863975ced862bf2f9,delivered,2018-06-02 21:21:05,2018-06-05 04:12:49,2018-06-05 13:41:00,2018-06-11 19:56:38,2018-07-04 00:00:00
06a02ea4efeed60e7e8e29a50d4bedaf,0d038a7041deb46bb935bf687590a7b2,delivered,2018-01-06 17:31:40,2018-01-06 17:46:42,2018-01-08 17:48:54,2018-01-17 21:37:47,2018-02-02 00:00:00
5e7d51bfc94acb16cfcc272c581f85cc,2c951b08affead243b4c87bf6a273d79,delivered,2017-10-29 16:34:00,2017-10-29 17:06:08,2017-10-31 17:06:39,2017-11-03 21:37:46,2017-11-13 00:00:00
320e6748fc08ae549af6b07874fe6149,b633962231efbfd33f23fe787e99d3ea,delivered,2017-05-15 14:41:29,2017-05-15 14:55:13,2017-05-19 17:29:29,2017-05-26 12:04:35,2017-06-06 00:00:00
7c67a9f94c58c5b1c1a40953151fbccd,e3ee993f5b68f60fdda5d3fb16299fd2,delivered,2018-08-26 19:01:18,2018-08-26 19:15:16,2018-08-27 11:25:00,2018-08-30 12:07:55,2018-09-18 00:00:00
cb6257603930f3618def090a02e57d92,142929d98bac5b572443026400ec0322,delivered,2018-01-25 20:35:36,2018-01-25 20:59:10,2018-01-29 21:34:05,2018-02-04 19:51:18,2018-02-22 00:00:00
2b893cbdb971f40adfed4b7c9cee6cb5,6ea953662a102edcfd950a7c44231513,delivered,2018-03-24 16:49:31,2018-03-27 03:55:49,2018-03-28 20:47:40,2018-04-05 16:42:03,2018-04-12 00:00:00
1d4915fcba7b140e7a82379ded2c76d6,1fd14739f72c7139a806a85aca7956eb,delivered,2018-02-01 16:02:34,2018-02-01 16:29:43,2018-02-03 00:48:54,2018-02-19 16:52:59,2018-03-09 00:00:00
cc0c05a1ab5fad72c351bd0ca1b10fc8,163268204f062d206d34096330db60f6,delivered,2017-06-29 18:49:58,2017-06-29 19:35:20,2017-07-03 15:16:52,2017-07-04 13:18:04,2017-07-12 00:00:00
e246ac3f62e56576a4f95864cff73495,22b53ed9754711b0c879e9269ff9072e,delivered,2017-10-23 18:16:42,2017-10-23 18:28:24,2017-10-24 16:53:56,2017-10-28 01:24:36,2017-11-09 00:00:00
cf97ea340fcb30e950d9c656341fdf25,770d8f9537fcaa28b46c57d2f99aa0fb,delivered,2018-08-07 11:39:21,2018-08-07 11:55:10,2018-08-08 12:28:00,2018-08-13 17:41:09,2018-08-24 00:00:00
7c77dfe4ee780d97bc7247d7aa809ab8,67011afc862e48b537aec0a02f7afe3f,delivered,2018-07-31 22:01:48,2018-07-31 22:40:24,2018-08-01 13:51:00,2018-08-06 17:08:40,2018-08-13 00:00:00
40cc859428c50619d8053998d45aa202,da6fa920dcb1fcc00e06beb28a986bdf,delivered,2017-07-18 14:01:04,2017-07-18 14:15:20,2017-07-19 17:49:24,2017-07-28 18:08:07,2017-08-09 00:00:00
3e6d9386646cff76c2febcc71e5e5f51,5238533ad7a3d52a91a573d3cf9db1d7,delivered,2017-04-16 08:48:06,2017-04-16 09:02:04,2017-04-24 15:26:47,2017-04-27 14:24:58,2017-05-23 00:00:00
7643e9a97cec10c406e7966b2f884993,d2cfb77c9d67fb803bc897ae5f0a4c97,delivered,2017-11-21 10:19:09,2017-11-21 11:08:44,2017-11-22 20:58:31,2017-12-06 15:12:28,2017-12-07 00:00:00
cf8a4a06e137d7ac5db32cb925d6aaa6,da439a6171097bca575bafbf575b7d48,delivered,2018-04-21 15:34:04,2018-04-24 17:34:54,2018-04-24 20:08:32,2018-05-04 19:59:30,2018-05-22 00:00:00
e0ed91e2a699499df74df781f551bee5,036eed6f0650d445406ff23640b7911b,delivered,2017-04-20 09:47:51,2017-04-20 10:01:45,2017-04-20 18:15:30,2017-05-02 13:28:34,2017-05-12 00:00:00
6f67990385ad635034062e653f7e6493,a9e435c5800dffb292605fcedaf69574,delivered,2017-12-18 23:46:06,2017-12-19 01:13:17,2017-12-20 20:58:57,2017-12-27 15:17:40,2018-01-15 00:00:00
0ef8647af5bc37a0a511a194ae927e09,fed5b2be11a3c585de69796e97435b53,delivered,2017-06-07 09:59:22,2017-06-09 02:25:19,2017-06-16 13:59:49,2017-06-28 13:43:59,2017-07-12 00:00:00
1764b7f40d0e7f04994494ffabf34ecc,7a61f79445b6d154c26f9458c77a5cdb,delivered,2018-02-07 11:04:53,2018-02-07 11:15:35,2018-02-09 21:53:51,2018-03-09 19:29:34,2018-03-07 00:00:00
b779a9b1774b12944ab77d39b831f151,15eb80a894d70b00865534fd4bc1103a,delivered,2018-08-19 20:53:28,2018-08-20 13:15:59,2018-08-30 11:43:00,2018-09-04 01:28:45,2018-08-24 00:00:00
0943d27820129d9446a32ca20cf9bee1,18becbca2304b0e3031d1841a8b8b5c4,delivered,2017-02-09 11:01:14,2017-02-09 11:10:18,2017-02-15 06:17:33,2017-03-02 11:24:05,2017-04-03 00:00:00
5c71e221fbfe172146d1ded47bf97fee,00d4c7cec24152e73f88312fdbf09ffa,delivered,2018-02-22 20:46:16,2018-02-22 21:08:25,2018-02-23 22:33:31,2018-03-02 22:36:34,2018-03-14 00:00:00
b850a16d8faf65a74c51287ef34379ce,1bd3585471932167ab72a84955ebefea,delivered,2017-11-22 20:01:53,2017-11-22 20:12:32,2017-11-24 16:07:56,2017-11-27 18:49:13,2017-12-04 00:00:00
0378193927bcea58a229c432fa102ba9,1ff3a6c7d14e5d9f6ccc18b1f62a9668,delivered,2018-01-02 06:31:44,2018-01-02 06:39:22,2018-01-08 15:47:52,2018-01-10 13:08:52,2018-01-24 00:00:00
57e15c1ad29a85e248eeefad05d29453,f0289c6986fdfbe99462623ab490d8c2,delivered,2018-07-31 08:48:58,2018-07-31 09:05:09,2018-07-31 14:55:00,2018-08-01 22:14:08,2018-08-08 00:00:00
bd1a2d3cb80f46c33405cb03d31f0583,a927d98ffdcbf42206d896c538c5aa65,delivered,2018-01-21 12:30:34,2018-01-22 13:48:54,2018-01-29 23:04:38,2018-01-30 21:38:54,2018-02-09 00:00:00
256feadf50de02d3bfb225612c16013f,1f5eaf1f8630c247cfb0dda3236bf1b3,delivered,2017-06-04 21:42:59,2017-06-04 21:55:07,2017-06-12 15:26:31,2017-06-19 14:23:05,2017-06-28 00:00:00
c0b4ecd5c557f1672e88baf19be9d037,28739e607ef625b4769236fb10acb1ca,delivered,2017-04-25 20:28:08,2017-04-27 13:10:46,2017-05-02 08:23:52,2017-05-10 08:24:10,2017-05-16 00:00:00
9d933ce196b732edb1fdfe89094d4ddd,d740b790c937025f1b8cf6df468a0160,delivered,2018-08-08 20:07:22,2018-08-09 10:15:20,2018-08-09 16:08:00,2018-08-16 12:58:52,2018-08-27 00:00:00
3ac5f81cae4e0191f17d05323fb9ce6f,1ec8756699bd9918239bce55e91a4421,delivered,2017-12-30 21:13:02,2017-12-31 21:07:00,2018-01-05 22:20:45,2018-01-09 14:59:08,2018-02-01 00:00:00
fb397abfa00c95e74168ecf1b09de4db,bfe61f867018463e12adfcefcfd52652,delivered,2018-03-09 09:22:36,2018-03-09 09:35:44,2018-03-09 23:08:48,2018-03-20 23:44:42,2018-03-27 00:00:00
9981f1a6ab88e70da562887b6296de56,c8c5ec1b4ad39f4b5d6dc83f107ace3f,shipped,2018-03-22 20:12:15,2018-03-22 20:28:29,2018-04-05 15:42:21,,2018-04-27 00:00:00
f3468d6a2c7586711e9952242898aad4,4a16dfed3e9e577413c82835fe057767,delivered,2018-05-15 20:33:55,2018-05-15 20:56:02,2018-05-16 14:05:00,2018-05-22 17:48:47,2018-06-11 00:00:00
c05dd0beb102cea787767476aa03d03e,2adc4ecc065ed5dab8712d820c8a6849,delivered,2018-08-04 00:06:27,2018-08-04 00:30:11,2018-08-06 13:34:00,2018-08-08 19:18:44,2018-08-09 00:00:00
d482cb92e40c8f1f96da881196ddd956,316fc927e9216ff7843b15aec5179802,delivered,2017-07-08 13:51:00,2017-07-08 14:05:24,2017-07-10 19:52:17,2017-07-17 16:22:08,2017-08-01 00:00:00
4f971c4ebb15cc7cc89db8cf3acd2b33,f97aca2b8c62877d486e8afccaac5898,delivered,2018-04-09 23:34:35,2018-04-10 00:49:39,2018-04-11 15:24:36,2018-04-23 13:38:24,2018-05-04 00:00:00
427d1fd357bbc9330885c3e8f1c85325,d22cb0e586a9334ee707b5967c412a42,delivered,2017-06-20 08:52:39,2017-06-21 02:32:19,2017-06-23 12:27:53,2017-06-26 13:42:23,2017-07-05 00:00:00
bd0f032970584aa4a5b78947cb63e455,dbdeea4fb8e0fd4d40712789930a2455,delivered,2017-02-10 18:17:17,2017-02-10 18:25:16,2017-02-14 10:28:04,2017-02-20 12:12:46,2017-03-17 00:00:00
4de6fae240d7acb7e1a830665d941ae2,f9abf42c35fd606941b375dd45637434,delivered,2017-03-13 19:11:34,2017-03-13 19:11:34,2017-03-15 07:32:09,2017-03-23 11:27:42,2017-04-06 00:00:00
79aa7bf1529cb1d285df4ca588fc4a07,d7e954c737a834360364a4ed13446250,delivered,2018-04-03 15:26:14,2018-04-05 02:10:21,2018-04-05 18:41:38,2018-04-06 17:32:50,2018-04-19 00:00:00
217b8ba86d0c37dc9dcedacb5bb1dd94,fb034e95e07c905c1962a47e1babcaab,delivered,2018-03-29 01:30:21,2018-03-29 01:48:56,2018-03-29 23:32:32,2018-04-09 17:12:28,2018-04-17 00:00:00
3146e5198dddba5ff4a7843339a58226,646aa9a51168830e3f82112612b785f8,delivered,2018-07-01 11:21:24,2018-07-02 11:15:18,2018-07-09 15:12:00,2018-07-13 15:28:46,2018-07-26 00:00:00
08d27643b4ade2434f167dc1ba237b4b,4098b5d8a1400003c8cccba5aa9ffdd2,delivered,2018-02-10 20:50:32,2018-02-12 09:48:51,2018-02-14 23:21:48,2018-02-23 23:04:41,2018-03-08 00:00:00
e26a762d72841db1944e70176311fa6a,2ce2c13f72120c9922b3045cc28010db,delivered,2018-03-07 18:09:10,2018-03-07 19:09:47,2018-03-08 17:25:19,2018-03-15 19:24:29,2018-03-28 00:00:00
520a0432269a88e8665d60d74918f8b5,fa565f5c63b5f4853a76cb7d9d2bf1ed,delivered,2018-02-22 21:16:34,2018-02-22 21:30:33,2018-02-24 01:13:10,2018-03-14 22:02:16,2018-03-19 00:00:00
2268107fccbaa5d8b921f82146286350,b3927569e0d789c9d5239fbdbaaed7ad,delivered,2018-07-08 19:25:52,2018-07-08 19:35:16,2018-07-12 14:39:00,2018-08-07 23:58:48,2018-08-20 00:00:00
9327c73b786466a6815c3d5a7785bbe0,f6e0ef71d5db485c5d842f12dd67ba37,delivered,2017-05-22 22:46:42,2017-05-25 15:02:26,2017-05-31 05:18:09,2017-06-02 11:49:59,2017-06-13 00:00:00
9b17125defce8ecb669a929fce9bb7c8,076feaeadbaf45d1aed50960f6241e76,delivered,2018-07-19 19:24:22,2018-07-19 19:35:16,2018-07-20 13:17:00,2018-07-24 01:44:32,2018-07-30 00:00:00
46e2c9316a4e671b4b4ffb25154c28c5,2ddc27e5edef347a9c31fe3f4264675a,delivered,2018-04-16 23:15:33,2018-04-16 23:30:03,2018-04-18 21:28:37,2018-04-24 19:28:52,2018-05-23 00:00:00
f9e65963f3f83f99489c898626cadd7e,55557042d9b37fc15214afce245c79c4,delivered,2017-11-06 12:38:43,2017-11-06 13:31:22,2017-11-09 18:12:01,2017-11-10 21:02:19,2017-11-17 00:00:00
4bbf3cd0e516cad47209a71b4ed02f94,21cdaaba011d5b8ff31fd69ec8604197,delivered,2018-03-16 18:48:02,2018-03-17 11:35:33,2018-03-19 22:03:23,2018-03-26 21:53:53,2018-04-09 00:00:00
0025081dcf9330f9a5052ae82c6ce396,7e6fefa11d6a2c832593264f69df9de3,delivered,2018-03-27 16:25:35,2018-03-27 16:35:20,2018-03-28 17:58:37,2018-04-05 23:48:37,2018-04-17 00:00:00
c8cf9cd92734a5803265426a94989d0f,fd5df5d31bb44f4ffed6fe856c29802d,delivered,2018-06-26 14:05:44,2018-06-26 14:33:58,2018-06-27 10:17:00,2018-07-04 16:08:52,2018-07-31 00:00:00
7a2e1d164ce4fbeacd571c98adda74b6,6e4938817f628d0dc9762843b93c5930,delivered,2018-04-09 23:10:01,2018-04-10 00:35:59,2018-04-12 19:08:36,2018-04-17 16:31:41,2018-05-02 00:00:00
69fe57ea54b1926c309bb133b16f9501,2f1cc923322c79500723159c9b44b58e,delivered,2018-08-05 14:00:06,2018-08-07 04:10:21,2018-08-14 07:42:00,2018-08-15 14:42:06,2018-08-13 00:00:00
bb61950e7ebdb94de7471ce0d4fce73b,dbe32b3853560060d8d62657f15d77ec,delivered,2018-02-05 10:50:58,2018-02-05 11:13:05,2018-02-05 22:58:53,2018-02-14 16:56:30,2018-03-08 00:00:00
73b0a27c2caa16da9500aeeeebe1260a,dc4d362a1e75e43898ca175bafe1a7e2,delivered,2018-03-07 14:09:27,2018-03-08 19:49:19,2018-03-09 16:55:23,2018-03-22 19:22:27,2018-04-05 00:00:00
4ac4fb9e257eb00d2e54d539aacfe9a7,533403681c5beb718b40ea289fa04a2e,delivered,2018-08-22 17:30:50,2018-08-22 17:50:16,2018-08-23 15:40:00,2018-08-27 22:50:49,2018-09-06 00:00:00
dbd3b0f899c87897a6a56a86423fbcbd,0a28d1fd8e38cf81c39dd60eb59ab219,delivered,2017-03-13 19:44:15,2017-03-13 19:44:15,2017-03-14 10:59:10,2017-03-27 14:36:47,2017-04-05 00:00:00
fb91c6352bd8ce8a7efb6337a4becec1,e742ba4236b8254b91969f21d7220efd,delivered,2018-01-21 13:04:45,2018-01-22 13:49:23,2018-01-23 19:38:42,2018-01-30 20:55:03,2018-02-16 00:00:00
87218c61d4b05c0bc1b4f0872218a3c8,c59c934799c1688f73043362b63a203f,delivered,2017-12-05 10:55:11,2017-12-06 02:50:19,2017-12-06 17:33:17,2017-12-13 17:09:23,2018-01-03 00:00:00
ee8dd407e306b0808fd6fddc17ea6f78,001c7f05398c45b42eee0d5a77783bca,delivered,2018-04-12 13:41:07,2018-04-14 02:30:34,2018-04-16 20:22:11,2018-04-18 20:03:10,2018-04-30 00:00:00
177200d363504ea94b5064b05929e2e6,8cc14e8aaa4fdb80dc8ccb617382e3f3,delivered,2018-07-19 16:22:41,2018-07-21 03:10:15,2018-07-23 15:13:00,2018-07-27 17:15:46,2018-08-09 00:00:00
b57284d24eae2c19d2f6729dbb7bf4b7,bba2f79d86ff09fe96ef9b34525fe40d,delivered,2018-03-15 15:36:55,2018-03-15 17:35:38,2018-03-26 16:58:46,2018-04-10 00:03:59,2018-04-16 00:00:00
34b3d6f518fb789c443e4ec00f9bb0ce,0340b2de09f18a986fea9f26cc7b2d9c,canceled,2017-05-25 13:07:50,2017-05-25 13:22:31,,,2017-06-19 00:00:00
d7a2737b7058006a6fb4d5e468f1feaa,334b5999e983a9e9194c3aa9dc41c6a6,delivered,2017-12-16 23:11:00,2017-12-19 09:51:32,2017-12-19 20:23:41,2017-12-26 22:54:45,2018-01-11 00:00:00
30940f8c9494bf01d1cc3ab7b583ed09,06d84b87eab06a1cd1b6ccefa8836f1f,delivered,2018-04-27 15:20:46,2018-04-28 13:15:22,2018-04-30 14:08:00,2018-05-07 18:12:47,2018-05-24 00:00:00
5d2e7157465c583b526adf7d226d9623,0c18e52b37750f951f6ff01e8b9fc351,delivered,2018-05-16 09:52:34,2018-05-16 10:12:36,2018-05-22 14:47:00,2018-06-05 21:37:48,2018-06-11 00:00:00
d8b32d5403c47d8ee3dadd8efa2fa960,acad30e4ebb94a53408cd3796bb56a97,delivered,2018-05-29 21:23:48,2018-05-29 21:35:14,2018-05-30 20:35:00,2018-06-01 21:52:30,2018-06-21 00:00:00
8c4e90e34f03ddf7c8347d42c6b3c5ba,d94cfae3194de8e6915bd8adb4e6b77c,delivered,2018-02-16 16:22:10,2018-02-16 16:35:35,2018-02-17 01:08:33,2018-03-05 22:54:16,2018-03-21 00:00:00
1f4c55439dfb0750759521284d322815,19034dfcf5b62c5348199a6a6734e6df,delivered,2017-10-05 21:59:51,2017-10-05 22:14:25,2017-10-09 21:21:54,2017-10-13 22:32:27,2017-10-30 00:00:00
cc80504e2db2b7b744e2bfe2450c95d3,5a04d48281375e12441c83a2de43fb0a,delivered,2017-03-08 01:51:47,2017-03-08 02:05:08,2017-03-08 16:29:53,2017-03-14 15:07:56,2017-03-29 00:00:00
6bf03fb2e1bfba95e698287241ad732d,96231a91505acf8d633d5f6908d35605,delivered,2017-05-09 22:51:54,2017-05-09 23:02:41,2017-05-10 14:24:58,2017-05-15 09:24:38,2017-05-29 00:00:00
6a1c09a763e5c9c86e4189dc69f84165,4de103aa04ec54e93a13ce8b1db31710,delivered,2017-08-18 12:08:35,2017-08-18 12:25:15,2017-08-21 19:57:33,2017-08-28 20:21:46,2017-09-12 00:00:00
518e50004c3dded8e8a25b96b47d116a,2957526f1a463e562eec69de762ba7d5,delivered,2017-05-31 19:59:58,2017-05-31 20:10:17,2017-06-01 14:48:51,2017-06-06 07:16:47,2017-06-21 00:00:00
06851487bfc68744f67fbc8ad1934d43,e969dc5c6a9219727d0b39cd6757e936,delivered,2017-09-24 13:07:56,2017-09-24 13:24:17,2017-09-25 17:26:54,2017-10-04 20:06:01,2017-10-20 00:00:00
771fbabfc064df2faba7d317dda924b4,08f8f3723352b52033c98eff219a73ce,delivered,2017-07-11 16:18:16,2017-07-11 17:25:19,2017-07-12 20:18:55,2017-07-19 20:19:38,2017-08-10 00:00:00
f9b70a12018e8fc54ff01781ea794a6b,e54754d2e9742ee1060d207bd1e0b070,delivered,2018-01-14 17:48:42,2018-01-14 18:08:58,2018-01-16 11:48:40,2018-01-25 20:09:13,2018-02-08 00:00:00
aceb0ac9c2d49926c0eadc1510a3ff53,6bef26f5ffada3596c2e922c09a648bb,delivered,2018-07-30 19:56:33,2018-07-30 20:10:19,2018-07-31 09:38:00,2018-08-02 19:35:00,2018-08-10 00:00:00
bd5ecb9fa12843f036d45c35746f0631,2d053f37c5e72b650907a2d5c82c2937,delivered,2017-11-09 15:59:56,2017-11-11 03:31:11,2017-11-14 21:58:46,2017-11-22 18:08:55,2017-12-05 00:00:00
4c9fc17c613ece433527a91aab30f1ec,3b64f0c5fca1d47605fcea854b0672bd,delivered,2018-03-15 10:37:39,2018-03-15 10:50:34,2018-03-21 19:12:49,2018-04-04 16:02:33,2018-04-16 00:00:00
f098544578493ec57893c9030f6d0d45,2aa78400cf7d2609e181823a1a8b6278,delivered,2018-08-20 14:26:58,2018-08-20 16:32:03,2018-08-21 19:21:00,2018-08-23 18:26:37,2018-08-31 00:00:00
7a13334e5a41d1623e0c3120b19aa5e4,fb7a2937125a20b63497b82f16913f20,delivered,2017-12-17 20:35:30,2017-12-17 22:10:56,2017-12-19 18:55:50,2018-01-03 18:14:50,2018-01-19 00:00:00
cfdd88ea8caa35451b878dceabde22a1,96d9829ca69e8dce63b27175fd729e54,delivered,2018-03-29 21:48:06,2018-03-29 22:07:27,2018-04-09 22:51:51,2018-04-10 14:58:36,2018-04-11 00:00:00
61ec5109f4c9a59f41c57bbd183e9877,44b6daee2ecd7c8dc15781c3152f89fe,delivered,2018-03-29 05:37:32,2018-03-29 06:26:52,2018-04-04 17:38:57,2018-04-06 17:22:05,2018-04-12 00:00:00
467d8823c7b37e758ad17a9a61c347bf,e4dd07851ecba1fb21515fbde984dda8,delivered,2017-12-13 14:35:34,2017-12-13 14:56:49,2017-12-14 14:33:49,2018-01-07 11:52:41,2018-01-18 00:00:00
7a93a948d1378fc5fcfd0a09f00136c7,2eab8438ec51150fc124df8ed968f7c8,delivered,2018-02-22 23:42:08,2018-02-24 02:55:29,2018-02-26 18:49:08,2018-03-13 15:58:49,2018-03-26 00:00:00
29b60cd6f3760507c1e5271a67086333,41ecc5f7813cbbc034f3ed19c8f464d2,delivered,2017-10-16 22:24:02,2017-10-16 22:35:38,2017-10-19 10:46:41,2017-11-08 00:21:35,2017-11-03 00:00:00
9280325355a6fe53fe67ef8c3418b638,ef3f67cacd6f5d2bfae5473c8cae4306,delivered,2017-12-11 17:44:07,2017-12-11 17:54:43,2017-12-12 19:39:02,2017-12-13 17:29:11,2017-12-28 00:00:00
cac424e74cd7f269d55aecca60a99333,712ca407bde1bb1d03b671d4fb6d23d5,delivered,2018-07-02 12:39:24,2018-07-02 16:50:20,2018-07-03 08:43:00,2018-07-10 17:04:49,2018-07-20 00:00:00
5fe0491bbf2891e0f240aee0fa0332a1,6a0d947a17e548a260f8a0704af77282,delivered,2018-01-08 16:39:36,2018-01-08 16:49:38,2018-01-09 21:57:31,2018-01-23 12:28:11,2018-02-05 00:00:00
05e18a6cef41f63dc86b7b254954dffc,6aa98365fd711a9e996d0d41a80c3be0,delivered,2017-12-04 12:14:59,2017-12-04 16:44:59,2017-12-06 14:09:20,2018-01-04 15:28:56,2017-12-28 00:00:00
973bd34d8572bd529ef5b959c1429973,086f4c21c13b95fd8ccf0df6bc676e22,delivered,2018-06-16 20:34:30,2018-06-16 20:58:16,2018-06-22 10:53:00,2018-06-28 21:14:31,2018-07-31 00:00:00
82330e7226e957715bc2f39fde738f6b,f2c1759f9a3268223b2832bbd339198c,delivered,2018-04-27 15:59:27,2018-04-28 03:11:20,2018-04-30 13:44:00,2018-05-02 14:36:31,2018-05-16 00:00:00
51e8e9b5d80b938a3268cdffe95a59dc,5741b6f030a22bd35a06b1d168c6c6c9,delivered,2018-03-23 12:48:47,2018-03-23 13:09:16,2018-03-27 21:07:34,2018-04-04 02:08:52,2018-04-05 00:00:00
ce021ef42ff5227b0658faac2069ab5a,c3d9f985af9d83e5ce6304b61ddb0c57,delivered,2017-07-10 18:15:22,2017-07-11 06:43:42,2017-07-11 21:37:48,2017-07-13 20:38:48,2017-08-09 00:00:00
7dcb67f9ced1540f42924057d11b0d6b,5e67eb8c9cf1d2b093e2496da33f8060,delivered,2018-02-16 20:38:52,2018-02-16 20:46:41,2018-02-20 21:04:13,2018-03-07 20:23:06,2018-03-13 00:00:00
1e2e0bd44283a412e965e041198550c2,87990b89093037efada2de89091ecbfe,delivered,2017-03-10 14:02:50,2017-03-10 14:02:50,2017-03-14 13:39:58,2017-04-18 17:11:08,2017-04-12 00:00:00
7b037997dc5c0effc3ef3339f5e3d509,4c6113ce1061af072c9e439ee436fba4,delivered,2018-01-23 21:33:28,2018-01-23 21:59:25,2018-01-29 13:33:22,2018-01-31 17:57:27,2018-02-07 00:00:00
1ecf7a9583c0f92f07515fcd970004f2,5c6dceb0afab23a9d5db737499265462,delivered,2018-07-30 12:40:45,2018-07-30 14:30:41,2018-07-31 13:53:00,2018-08-03 13:12:33,2018-08-13 00:00:00
4092d9bdc6d89d05a6d5be6ef304f627,81fc34430fe53bb8eb3b8de3481e0353,delivered,2018-01-12 14:33:40,2018-01-13 02:13:10,2018-01-15 18:58:30,2018-01-17 17:24:26,2018-01-31 00:00:00
828bedfd74953fea90c650c36afbd36a,061d8030d0f605af68c6ef004ca15700,delivered,2018-02-17 15:08:48,2018-02-17 15:26:43,2018-02-20 19:04:26,2018-02-26 21:23:43,2018-03-09 00:00:00
dc3d2c21652c9d91fa3b1f74a3a68ae3,27ab33d6c14857fd5dcca0c26a063d3b,delivered,2017-03-22 09:55:14,2017-03-22 09:55:14,2017-03-22 14:51:19,2017-03-24 14:26:57,2017-04-05 00:00:00
83d8eb18982d706a86805eb80e12e88f,d63d781b1d1e990ae4c7f665e5ed9b0c,delivered,2018-03-30 21:44:09,2018-03-31 21:47:36,2018-04-03 17:58:38,2018-05-05 14:32:29,2018-04-25 00:00:00
cab6aa158d9699a614d92fb920c9ae3e,e7b37ef2a4b966f72195ee1d83367c0b,delivered,2018-07-28 13:20:43,2018-07-28 13:44:24,2018-07-31 09:57:00,2018-08-02 21:56:43,2018-08-15 00:00:00
0a0d25405f3880fbd46619f0852c250d,58fb5805fb543260da75a8219ce4a285,delivered,2018-07-02 22:14:46,2018-07-02 22:30:29,2018-07-06 11:12:00,2018-07-10 15:36:34,2018-07-24 00:00:00
86d0407492e51a6150dfa8883cbe4094,f6118aa0582fafd687c4839e83f9ec5a,delivered,2018-02-23 09:59:22,2018-02-23 10:15:25,2018-02-24 00:51:54,2018-03-08 19:18:34,2018-03-15 00:00:00
5057598da256a7629c0f6f21877215ba,16c2b0a5ce42533979d3f8150e1298c5,invoiced,2018-07-11 09:23:23,2018-07-11 09:30:30,,,2018-08-08 00:00:00
577c1950133b4b23ca356f7bf6f4beb9,c95fb14e3aa81b3d3115661e7659f72f,delivered,2018-02-21 20:36:22,2018-02-21 21:20:20,2018-02-22 18:13:45,2018-03-01 01:29:12,2018-03-13 00:00:00
dff84877fe810ec4fdb17a3cb7ac858e,671c1bf5104a25f2236a59f5bc24bc32,delivered,2017-08-13 16:29:32,2017-08-13 16:45:09,2017-08-15 19:12:02,2017-08-21 17:42:45,2017-09-05 00:00:00
5df44528d70dc33f65da33161231b8dc,9c3097eb5268eca3a3308834bfa8515c,delivered,2017-05-05 10:40:36,2017-05-05 10:50:25,2017-05-09 15:11:50,2017-05-16 10:57:41,2017-05-30 00:00:00
e4e486faca6effbf54e6325fd207319f,bc888715a1232ddbead485cbdd565cfd,delivered,2017-09-05 18:56:19,2017-09-05 19:10:20,2017-09-07 00:52:50,2017-09-14 19:23:04,2017-09-29 00:00:00
059fd94aa8716f14743caff2f433be05,09c5713746fdfa37f1ca6a92242da406,delivered,2018-02-24 14:59:06,2018-02-25 14:50:45,2018-02-26 17:27:53,2018-03-12 14:27:35,2018-03-21 00:00:00
fd6ddc28c261b6bd4f68c9205d40e9e0,7859881299efaa8a5fe772a7c1d7b215,delivered,2018-08-13 13:48:46,2018-08-13 14:04:33,2018-08-13 14:06:00,2018-08-17 18:02:51,2018-08-28 00:00:00
2a717d97f9d41948b82901d96fb388ff,fb7e6514e433bd65e2c4f4789d9fb518,delivered,2018-06-18 21:48:14,2018-06-18 21:58:21,2018-06-19 13:58:00,2018-06-25 18:14:48,2018-07-19 00:00:00
5005f0fff3706e3297c1015ed5e41d18,4aaa88f206d4aab0d3bd810c30df3755,delivered,2017-11-23 12:31:10,2017-11-23 12:49:46,2017-11-24 19:47:45,2018-01-15 20:57:45,2017-12-27 00:00:00
f9b07dd1e93ce7446339491bcbccd1c9,9e06b2a511a08b4f9fafb1ff6365bd3c,shipped,2017-03-18 12:11:43,2017-03-18 12:11:43,2017-03-23 14:56:55,,2017-04-10 00:00:00
85c515e575c1c602e0d8aec66e8f9574,3459ca3b86c74e8c051a3ebef93443b8,delivered,2018-07-31 18:15:56,2018-07-31 19:04:40,2018-08-01 11:20:00,2018-08-06 21:07:38,2018-08-10 00:00:00
bbc1f48e67db952b0a4f79ca06f59aed,17eb80192f073388dfad340bb5fcd775,delivered,2018-01-07 23:37:11,2018-01-07 23:47:04,2018-01-08 16:46:30,2018-01-13 00:23:30,2018-02-07 00:00:00
5c02bd0280dd1e668265d1500d2da8da,0083d9cca92e71d03d298721b572a77b,shipped,2017-05-15 15:24:31,2017-05-15 15:35:17,2017-05-17 09:43:44,,2017-05-26 00:00:00
475681bb16b5cd2f9120136f3ea950e3,3fc7efc06ad91e33f97175c2ddb4478c,delivered,2018-03-25 21:19:14,2018-03-25 21:35:23,2018-03-26 19:29:34,2018-04-11 21:32:57,2018-04-13 00:00:00
0e5cb6275a4da5610450d638021e5393,bf1e24c1ce1621c4510c718ba8010f48,delivered,2018-03-21 14:07:33,2018-03-22 11:35:23,2018-03-27 16:44:48,2018-03-29 19:26:57,2018-04-23 00:00:00
72e260ebb1a3c209dfd76c76f1d4f65c,11112c4cd680200fd3c3a00b6d37e0bd,delivered,2017-09-17 18:20:45,2017-09-19 03:38:08,2017-09-19 18:19:17,2017-09-27 19:44:56,2017-10-10 00:00:00
82e9cdd567caae62a6d0e4e9bbf28901,77c6a74373965c4872dfca1fec219d0d,delivered,2018-06-20 17:10:47,2018-06-20 17:41:27,2018-06-21 13:29:00,2018-06-25 10:58:33,2018-07-12 00:00:00
2a5fb538dd11c749a13dd935a06a7c39,555d18cdb92307f6fc7046a3579bc675,delivered,2018-08-16 23:53:09,2018-08-18 02:50:29,2018-08-20 12:28:00,2018-08-24 23:18:48,2018-08-29 00:00:00
3649c428a77ac1530029dbfb706a02ee,2f1c9e4e41bede115f482043c0210c82,delivered,2017-09-18 17:11:28,2017-09-19 17:15:21,2017-09-29 14:02:40,2017-10-18 19:13:50,2017-10-17 00:00:00
dbade3512c5b746ad2732bb5abd9bbff,f9c4ef88e2f5e4ec187a3258553b679f,delivered,2018-06-12 23:27:39,2018-06-13 00:00:50,2018-06-13 12:11:00,2018-06-18 14:33:16,2018-06-29 00:00:00
7d2dbda1755d184be6e27b4fd0b3629e,269ae8f67b993950cb22dd6ac9bf9177,delivered,2017-09-28 09:06:48,2017-09-30 02:28:30,2017-10-03 18:29:03,2017-10-08 15:35:19,2017-10-16 00:00:00
c524fe5cd8733dbcc2f74bed5a1ded68,0762fdbf997feb435866a7c221086091,delivered,2017-08-08 16:43:10,2017-08-08 17:24:11,2017-08-09 21:44:59,2017-08-10 15:20:06,2017-08-21 00:00:00
beffe64d2172f01e39f8c776eb5862b0,086a836b41203d3668bb1f312451932c,delivered,2017-08-22 14:47:32,2017-08-22 14:55:40,2017-08-25 16:31:43,2017-09-01 17:35:12,2017-09-25 00:00:00
4769dacef1cb49763ff733ddbcafd4b1,4316c4198a69c64bc7443fd497da9847,delivered,2017-09-03 09:17:05,2017-09-03 09:30:08,2017-09-05 15:35:00,2017-09-09 14:34:02,2017-09-25 00:00:00
642c72a626543627ab9d2750b2fb8d66,43ebfa877f3f00cdd316bd0affed5025,delivered,2017-05-29 16:23:10,2017-05-29 16:30:22,2017-06-01 15:34:11,2017-06-05 11:52:11,2017-06-19 00:00:00
9dfd8f2ac479e34a16d68ff827759a23,41b200d1ce8675f154c91c2da887bcee,invoiced,2018-05-15 15:55:01,2018-05-17 02:15:28,,,2018-06-01 00:00:00
9ffb8109facce85e8fca8e404bbc584c,55af6da5af6bf6dde05f23dec9502c33,delivered,2018-06-05 16:29:43,2018-06-06 03:11:16,2018-06-07 13:15:00,2018-06-21 16:18:41,2018-07-23 00:00:00
1b57522ebd11e3c3cdd09a554847b237,e13f0595c0edc8ae259273e9dce3e6b8,delivered,2017-07-07 22:55:15,2017-07-11 04:04:06,2017-07-20 20:39:47,2017-07-27 18:55:49,2017-08-14 00:00:00
240a9fb8d72be362d54b0c418d579504,e6fb71a5c771ff1889d56a084746493e,delivered,2018-01-10 00:22:42,2018-01-10 10:32:03,2018-01-10 20:48:45,2018-01-11 22:28:10,2018-01-30 00:00:00
77c7d0e57e5ab9ea28f8645cc1af62cd,814d4069c01e3a872de6b07c652a072b,delivered,2017-06-29 07:51:54,2017-06-29 08:05:07,2017-06-30 16:08:20,2017-07-02 08:54:37,2017-07-12 00:00:00
3bdee9037e5c8cb41e34af539f550cb0,067de14678d6cadadbdb7b92c8789127,delivered,2018-04-24 12:46:59,2018-04-24 17:16:44,2018-04-25 13:38:00,2018-05-05 17:53:35,2018-05-15 00:00:00
7cad431ecdca8fafe47f8ce701c3030e,c1be75b4986ff43a17ea5886cadd21a8,delivered,2017-10-21 15:08:04,2017-10-21 15:21:19,2017-10-23 19:13:48,2017-10-24 22:17:12,2017-11-03 00:00:00
e660da13091dbe48784500c1c3e2fb75,5c495510e9f861b83aa5fb7c308e8d76,delivered,2017-01-21 19:46:22,2017-01-21 20:01:49,2017-01-25 16:12:01,2017-02-13 15:54:10,2017-03-07 00:00:00
d32eb64faa945126f10f655ccdcb6fc5,2c82594b8635f4197cfbea760fedca1e,delivered,2018-01-05 15:07:11,2018-01-05 16:09:06,2018-01-08 15:29:28,2018-01-12 22:04:37,2018-01-29 00:00:00
1dfc0df462a5535aa569317a1cf19a17,378bb659f41bd501c7e1db351315aa48,delivered,2018-03-19 22:05:34,2018-03-19 22:28:02,2018-03-22 20:15:55,2018-04-18 16:50:48,2018-04-16 00:00:00
60af6d744aec3028a7f82fe7973de8a1,0f2abf2a75fcd856ee2a145b318de913,delivered,2018-03-12 09:26:53,2018-03-12 09:49:12,2018-03-13 04:04:59,2018-04-11 15:21:05,2018-04-12 00:00:00
074054ad3d2e5ee3fc6f098d06f321f9,ab6de5519f65c4dd2757858039d7748d,delivered,2018-01-23 23:24:25,2018-01-23 23:34:10,2018-01-24 19:18:40,2018-02-07 10:04:51,2018-02-15 00:00:00
ec79ae97ce242a5f1ba6c9aa1dc902d9,632d3fa26ee53b9c088a3750f0a6c775,delivered,2018-06-04 22:12:02,2018-06-05 14:31:37,2018-06-06 12:54:00,2018-06-15 22:24:56,2018-07-03 00:00:00
a5df54b2f6e8aeb73d9547b791a51823,4e29f7fe55a7292b5487b759e9c59a02,delivered,2018-03-08 15:59:21,2018-03-08 16:54:48,2018-03-12 20:33:06,2018-03-20 22:44:51,2018-04-05 00:00:00
ae550b099f8ea61e735f4d415511caa4,9e4e0a6bcb1f18dde9f42bf20dc4383d,delivered,2017-12-04 17:08:30,2017-12-04 18:30:43,2017-12-05 18:22:39,2017-12-12 11:59:02,2017-12-27 00:00:00
a8c8bc6b914193c0cd473a615d8e6e1b,66c004ff369bf0244761de86fd2c687c,delivered,2018-01-06 21:14:38,2018-01-06 21:26:35,2018-01-09 20:53:50,2018-01-25 00:29:51,2018-02-02 00:00:00
f6222b0551b7a86b06483e58df64df89,866797f8cd1ee4b1311ed5ff65bc6b0e,delivered,2018-06-24 19:47:21,2018-06-24 20:15:59,2018-06-25 14:34:00,2018-06-27 13:22:39,2018-07-26 00:00:00
af3fae91bafed6357991c4a3be0125d4,126cf4e9fd189d2d64bc9b112fd6a5e8,delivered,2017-03-28 11:16:48,2017-03-28 11:30:17,2017-03-30 11:22:43,2017-05-17 15:41:52,2017-05-03 00:00:00
b06d2e18ca56fb3cfc0d354ced901371,1f1652f33b2d34da0455a2c70cd9a32f,delivered,2018-07-25 23:30:24,2018-07-25 23:45:12,2018-07-26 19:35:00,2018-07-27 23:27:42,2018-08-02 00:00:00
7c6fd3dc4e3c696906ccc6a37a12da9c,d635ba5e62dd2ef082442664a865bb39,delivered,2017-08-02 13:57:16,2017-08-02 14:10:12,2017-08-02 20:17:24,2017-08-07 15:10:11,2017-08-22 00:00:00
961be3c7f91bbcb9cbcaeeb80a68a633,b5ef23001e4c334c545ae1520408f2b3,delivered,2017-09-30 14:35:11,2017-09-30 14:49:46,2017-10-02 18:25:11,2017-10-04 19:39:53,2017-10-24 00:00:00
a404ea50be6a196526edbedda3d1d083,8d09e89261d5af4e728f330a0c6ca0e1,delivered,2018-02-26 20:00:27,2018-02-26 20:15:32,2018-02-28 15:56:43,2018-03-23 21:32:19,2018-04-19 00:00:00
a37f223ddfb275821019dd70ef97b23f,19fe071421f0c3e88b95a638f494d4a7,delivered,2018-08-19 19:37:08,2018-08-20 14:30:15,2018-08-20 18:20:00,2018-08-22 00:42:33,2018-08-23 00:00:00
24ae7e308aa3bdd9e0723fe828acdc73,3150ca8ce62833540570bafda45a6b11,delivered,2017-08-12 18:01:32,2017-08-12 18:15:14,2017-08-14 20:09:50,2017-08-17 16:35:49,2017-09-01 00:00:00
707b6f03abbbc071c056f47706c0d43b,382975749bb46771a60f69022fb95f04,delivered,2017-10-17 20:02:04,2017-10-17 20:15:01,2017-10-20 19:17:50,2017-10-26 20:19:01,2017-11-13 00:00:00
c5a6dfaf1fb21d1d8988383d017123d1,00ffaeed5dc4a18cf44151b40f81a96f,delivered,2017-11-25 13:16:21,2017-11-25 13:33:58,2017-11-27 19:28:41,2017-11-30 23:44:53,2017-12-21 00:00:00
1a69d5fdff0003d4571dffa1a9a10967,ed12242ad54c1e72af61e6f7faa4ef09,delivered,2018-02-19 13:33:29,2018-02-19 13:46:44,2018-02-22 00:21:28,2018-03-08 23:34:31,2018-03-13 00:00:00
7df3717b5a5609af21ee9e719b68cef8,ec2dd7dac7d7127d2d9d7bb77a2fd226,delivered,2017-08-08 21:09:52,2017-08-10 03:15:46,2017-08-22 17:52:33,2017-09-19 17:12:28,2017-09-01 00:00:00
830bae1b14f630e9137b07c70940c0d8,eeb87d5be19d54c93c3ad46e5a882be7,delivered,2018-06-02 22:04:51,2018-06-02 22:15:12,2018-06-04 14:16:00,2018-06-05 19:46:50,2018-06-28 00:00:00
a1431d521cd6c63636bd85cdad970498,4298b27e7fb16fb2538ed0327176fa32,delivered,2017-02-13 21:40:20,2017-02-13 21:55:15,2017-02-16 13:51:08,2017-02-21 16:44:54,2017-03-24 00:00:00
02b0bf9164ac7753f9880e46dba17f6c,70a9b3a2a2f6c0e8cc4852bc3a591e2e,delivered,2017-06-17 17:04:31,2017-06-17 17:15:21,2017-06-19 19:57:31,2017-06-30 12:22:11,2017-07-07 00:00:00
6105e65ffe6d1531ecb3b8f42e1b0840,f5fed6e05c524ba7fc9d4ac862d3ae88,delivered,2017-11-12 19:57:59,2017-11-12 20:10:39,2017-11-16 17:28:35,2017-11-25 15:49:19,2017-12-06 00:00:00
9344b511665d7cc933ea273f0231bf61,9084a4f87533ee359f52a7fb7673e880,delivered,2018-02-15 01:01:56,2018-02-15 01:10:23,2018-02-15 23:08:05,2018-02-16 14:10:19,2018-03-02 00:00:00
0be2b529a3bc3a0f53bf110c1f01eeb4,666b57e26c2733d481e58ea62f8ff671,delivered,2018-07-31 21:08:04,2018-07-31 21:44:00,2018-08-01 16:44:00,2018-08-03 21:18:58,2018-08-10 00:00:00
677b1a4dd9c69ee17aafc0d2b33af06d,4014f8100253a286ddb8b4594f862531,delivered,2017-06-12 09:21:23,2017-06-12 09:35:21,2017-06-12 11:08:47,2017-06-29 15:13:52,2017-07-11 00:00:00
e126a4c926bda89ae444a788cb74d989,bb85c4ac0d64b224ec32224e91af4980,delivered,2017-11-09 17:04:00,2017-11-11 12:50:46,2017-11-13 23:08:34,2017-11-21 22:13:19,2017-12-07 00:00:00
594ad966cb8b56ec21f4b3c9b7048505,8c215a516a5d40f140276e5ae77e02ff,delivered,2017-06-27 19:41:50,2017-06-29 02:50:33,2017-06-30 16:09:18,2017-07-07 19:19:43,2017-07-17 00:00:00
977b4442a3c1dfc2f22496727bf1ce97,21779f705d7bc554063de51867b2e732,delivered,2018-04-11 18:29:21,2018-04-11 18:51:05,2018-04-12 21:56:29,2018-04-17 19:22:38,2018-05-02 00:00:00
ed5ff4c4d3ba83abadb44f00df484f0b,9765c88aaeab6304142cf4ee2caee6fd,delivered,2018-06-12 13:18:39,2018-06-14 02:57:11,2018-06-14 12:20:00,2018-06-21 17:18:23,2018-07-11 00:00:00
1106fe72d8d349daa85a1183335bdda4,a45ae5b81307423f7cf86a35810b52e1,delivered,2017-12-14 10:18:42,2017-12-16 10:31:33,2017-12-27 18:03:43,2018-01-03 17:28:31,2018-01-09 00:00:00
bff76a871750bd5f03d22c007cd7d26d,5c4dc29c67a87f143cea0b5df952d169,invoiced,2018-07-25 08:26:08,2018-07-25 16:24:39,,,2018-08-08 00:00:00
123110dfedcc15e34ed7c2d8514e1568,ebcac2812e0b98c99de4b61325c74396,delivered,2018-04-26 21:34:08,2018-04-27 03:10:21,2018-04-27 14:59:00,2018-05-04 12:30:58,2018-05-10 00:00:00
02e20d5cc0d1df880e43ab3ed50a238b,d58a66feb9cc844ddeebaa8ea7e5e84f,delivered,2018-01-24 10:01:41,2018-01-24 10:16:26,2018-01-26 19:42:07,2018-01-31 19:41:54,2018-02-08 00:00:00
053996f442ec9eb8666d97d3b911a15c,1ff9a62ca666573312fece78919c5668,delivered,2017-07-30 15:28:27,2017-08-02 02:34:27,2017-08-02 20:37:43,2017-08-09 19:59:48,2017-08-22 00:00:00
07acf8d0ac910602fc85e7355a386ba0,e6dd4b9e48d7f34244ef531a9a604e2b,delivered,2018-01-16 14:14:41,2018-01-16 14:30:23,2018-01-17 21:48:52,2018-01-27 14:33:33,2018-02-09 00:00:00
c09395a3ba913b8f6c2594a7df7df72b,9a9059f7c8537c6ffb5610f5202ccfb7,delivered,2017-09-16 16:25:19,2017-09-17 16:30:17,2017-09-22 18:30:08,2017-09-26 20:19:43,2017-09-28 00:00:00
e12aeddf85ba20f8e2d865a28b32fbd8,595713cd04130c26109cc971921fe409,delivered,2017-09-12 09:32:47,2017-09-12 09:45:41,2017-09-12 22:03:02,2017-10-18 23:09:01,2017-10-17 00:00:00
fef34b6fb683748342c85724a3fddfd3,f6365c594e14b2f842241a4845631c38,delivered,2018-08-01 13:19:12,2018-08-02 05:30:57,2018-08-03 12:20:00,2018-08-09 21:21:58,2018-08-16 00:00:00
fa4a23d3eacd4f1794252ef37ff4e999,748c99bb4e4102b01c3fcc04669f8940,delivered,2018-07-02 10:51:58,2018-07-02 11:09:59,2018-07-04 14:47:00,2018-07-05 18:31:07,2018-08-02 00:00:00
74fd22110fce99b893b31cada7e2c3e8,b79aa7aa4566ad1e71c4bb179a980b2f,delivered,2017-03-06 11:02:33,2017-03-06 11:23:20,2017-03-08 13:22:42,2017-03-17 15:08:01,2017-04-05 00:00:00
5bda3e4d7080c484cd646a53165a7892,e4c44f8397c63555e4d0b11f4e7addc5,delivered,2016-10-07 21:30:12,2016-10-07 21:59:02,2016-11-11 09:57:36,2016-11-16 23:47:37,2016-11-29 00:00:00
177232fa960427ae2a14f6b52a5473b1,89885df937157375f2aea4ccec60d274,delivered,2018-01-18 21:03:39,2018-01-18 21:15:27,2018-01-19 16:28:51,2018-02-06 16:59:05,2018-02-15 00:00:00
240891986117bf8fdfbed747309a06e9,574c554fe8c61e52dea6dcaf526d49e2,delivered,2017-07-21 14:39:10,2017-07-21 14:50:17,2017-07-24 17:35:46,2017-08-14 15:03:37,2017-08-24 00:00:00
e29dccdb88a3634febb4ec0b7407702e,ae215a458d22cf95b2289bab411160f6,delivered,2017-10-22 17:36:39,2017-10-22 17:49:26,2017-10-23 18:34:13,2017-10-26 20:29:03,2017-11-14 00:00:00
2ace7e1ba19304db3cc21291effaa7fc,c248cb866a60116f04bde9a86344de65,delivered,2017-11-29 11:57:21,2017-11-29 12:18:36,2017-12-01 13:42:23,2017-12-22 23:33:52,2017-12-19 00:00:00
c8a174ccfc523fa565b784ff38e2797d,0e7433ba0aa979efa04779bc77e8bfec,delivered,2017-12-20 19:56:17,2017-12-21 19:50:47,2017-12-22 22:59:05,2017-12-27 15:34:16,2018-01-09 00:00:00
2660e4e0c99dc944d9935e3b8781d81b,614a669b833b9fa788c043f854607611,delivered,2017-03-26 16:03:16,2017-03-26 16:15:14,2017-03-27 10:20:02,2017-04-05 10:23:39,2017-04-19 00:00:00
f7361cf43f37fb3e52d766023b2a2205,b7c6a7b4843f3e00ff86559c717db968,delivered,2017-05-25 09:00:19,2017-05-25 09:10:18,2017-05-26 10:18:48,2017-05-27 04:44:54,2017-06-07 00:00:00
a7735463a3354273d091f4b989e792c4,d1819fae7c40c1b27eac41a68186a593,delivered,2018-03-03 21:43:26,2018-03-03 21:50:35,2018-03-05 23:09:05,2018-03-28 01:04:46,2018-04-02 00:00:00
a3965b3546bff7e3ec5e766fa6e8d865,1a56b93a42160f456c60a3642ad51ffa,delivered,2017-10-24 23:10:01,2017-10-24 23:28:08,2017-10-25 17:42:53,2017-11-09 21:54:53,2017-11-21 00:00:00
96d881333d9aeecaab4f628ade82fa67,6973174251ecb1f546e5dc66a0d6c90e,delivered,2018-02-10 09:42:26,2018-02-10 09:55:29,2018-02-15 20:54:42,2018-02-26 18:47:00,2018-03-15 00:00:00
a3fab749aa2a4eb81b72627bc894c184,8e58115615a104ce0284d62c47274505,delivered,2018-06-17 14:53:15,2018-06-18 12:19:06,2018-06-21 16:08:00,2018-06-26 20:35:41,2018-07-26 00:00:00
6e4a67f3a94e46e6cc5af48093d14127,6f065c44abf2024a4cb9ee299921ed6a,delivered,2017-01-19 15:21:44,2017-01-19 15:30:15,2017-02-01 18:06:23,2017-02-01 18:06:23,2017-03-08 00:00:00
ca7c7cc82b6d5531b6ff87a7e232357c,438ad6d81467ace11850c8a96818ff42,delivered,2017-10-11 14:36:25,2017-10-11 14:49:22,2017-10-13 19:32:28,2017-10-18 20:13:47,2017-11-07 00:00:00
58651d692f3fb03a452df6646056b8e3,90a7c78139e448ae64279fd41cfee48e,delivered,2018-05-07 11:09:39,2018-05-07 17:56:33,2018-05-10 09:50:00,2018-05-14 21:59:42,2018-05-22 00:00:00
815b68de0bc7fa6c117e4bcf855734ef,0d5ac8dc4bf26eead9e5262d9da7abbe,delivered,2017-04-30 17:28:58,2017-05-02 14:42:55,2017-05-10 15:27:34,2017-09-19 16:49:30,2017-05-31 00:00:00
b9f99c9c33ee2bec41a8a975e57fb7b0,bdacae7fad7179f4a2c9b5790b76460e,delivered,2018-01-20 12:36:52,2018-01-22 14:59:15,2018-01-24 23:06:31,2018-02-05 17:22:34,2018-03-01 00:00:00
b15b9ad689e274a34b5b25df2364c96d,660ab4ec5eaa81a4531ad10c2663d79a,delivered,2017-09-12 08:48:42,2017-09-12 09:05:13,2017-09-14 21:11:29,2017-09-21 17:18:52,2017-09-29 00:00:00
9365c8c75027cd5e429a9355f1e088b8,0491083e2ce781339e49382f4ccee438,delivered,2017-11-22 21:41:58,2017-11-22 21:53:37,2017-11-23 23:31:58,2017-11-29 19:40:02,2017-12-08 00:00:00
43a57d07af3699cb326ea4b1f6d0bae3,b49cc676663ad8545fd56c4c2ec8545d,delivered,2017-07-07 10:17:17,2017-07-07 10:25:15,2017-07-12 19:48:48,2017-07-18 18:09:04,2017-07-27 00:00:00
2fa5e9f6c4873828710c581b86281125,10a3aace97d84274d63b3cf7af70449c,delivered,2018-08-02 20:21:12,2018-08-04 05:05:18,2018-08-06 15:27:00,2018-08-09 18:48:47,2018-08-17 00:00:00
b57b0a8e4374e4aa14d959fe79f4765a,a69fbad70edba5ff322f07ffe0529850,delivered,2018-04-18 23:31:57,2018-04-20 00:16:35,2018-04-20 15:57:26,2018-05-02 15:27:40,2018-05-16 00:00:00
a40c3d3b781b68ed6011193c6105eda1,97406ce3b7598fcdb519388974d490e3,delivered,2018-05-01 10:38:55,2018-05-01 10:57:17,2018-05-03 14:27:00,2018-05-07 17:26:49,2018-05-28 00:00:00
b962a071f9bf689775fbdf041a11372e,c8e498dee65a329a3952083292a9381d,delivered,2017-05-05 11:15:20,2017-05-05 11:25:14,2017-05-05 11:45:25,2017-05-15 08:04:40,2017-06-01 00:00:00
4846854b57d6c6567ce3e53b2f96f0fe,4028d0e98bc21c95b00aea6aeff03d44,delivered,2017-06-02 13:22:46,2017-06-02 13:35:18,2017-06-06 13:52:15,2017-06-27 14:22:23,2017-07-04 00:00:00
ae06ecd5e96edbfc44668e2cd8e0ff84,97172fa0d75aa231bb031e8d71b0f0a6,delivered,2017-08-10 21:56:13,2017-08-10 22:10:15,2017-08-14 14:41:50,2017-09-21 11:54:14,2017-09-14 00:00:00
8f09949ac786439a1e679a535495c409,e64aa02afcaa1e3d4ce21e3bee093bce,delivered,2018-04-12 18:58:18,2018-04-13 19:32:33,2018-04-17 02:44:36,2018-04-27 19:33:08,2018-05-14 00:00:00
08ceaa7aeb0f28f7f44988d179b5452b,e95db45635aff45b3ebfd6a711f681c2,delivered,2017-08-16 08:10:31,2017-08-16 08:25:15,2017-08-16 19:33:03,2017-08-17 18:34:30,2017-08-29 00:00:00
fdd2049f954806e2fe0d0bb830563035,d601c3396c4ce0fb5d5fa73400ab8c0b,delivered,2017-04-01 17:24:25,2017-04-01 17:35:13,2017-04-06 12:28:14,2017-04-11 15:32:55,2017-04-24 00:00:00
8e8f66d7e07a38eded748a76f43cff5f,2bcf917d6b43a5ad3406a0efc3ba7ab5,delivered,2017-05-20 11:19:39,2017-05-20 11:30:29,2017-05-22 09:02:03,2017-05-23 11:42:29,2017-06-09 00:00:00
3765df8b607992dccb4268b1e535c162,b9ab019e35acc41ce59d290989f01d88,delivered,2018-01-20 01:06:48,2018-01-20 01:20:46,2018-01-22 22:46:32,2018-01-30 21:04:31,2018-02-16 00:00:00
a0e5e8a92adebf62f063487d7af24fb1,23bad2a966f86ce792967692edb060e9,delivered,2018-02-26 14:31:31,2018-02-27 05:30:55,2018-02-28 19:07:31,2018-03-05 20:13:24,2018-03-12 00:00:00
86ffd26cba13b7ba4ca88e5a993f5f4b,cb900d4ba0a6f9fef5809876bcf9cbd7,delivered,2018-04-03 20:22:01,2018-04-03 20:35:21,2018-04-07 16:50:48,2018-04-17 18:05:26,2018-05-07 00:00:00
4b2b9a77b0645d1efdf00bc2ac1ba023,0cd40b29c5d9f3c41e71050ab7af3a7b,delivered,2017-12-07 09:54:06,2017-12-08 02:54:34,2017-12-12 21:56:59,2018-01-03 20:13:00,2018-01-02 00:00:00
8185ba302492c86291d7b1912c94ded3,f066138977b82fde31c0fa4c67c6600f,delivered,2018-04-18 22:10:06,2018-04-18 22:31:08,2018-04-19 22:37:39,2018-04-24 22:17:37,2018-05-14 00:00:00
44c5dae14c55309b097d6c510ef1a986,e61831eed6ce9ac253e452e3bc8a41a5,delivered,2018-07-19 11:18:27,2018-07-19 11:30:35,2018-07-23 09:47:00,2018-07-24 17:18:36,2018-07-31 00:00:00
46f25e7d703d3c2141818cd05b8819d8,9e978f16c7aa4947054853572df18e06,delivered,2018-06-19 16:49:58,2018-06-19 17:26:33,2018-06-25 13:11:00,2018-07-03 20:42:58,2018-07-18 00:00:00
359b8545fa52faae433eea1788c2556d,d3aa5ce911f5fbcdfa7fb8a59158a7a0,delivered,2017-07-06 23:47:38,2017-07-07 23:50:19,2017-07-10 11:42:44,2017-07-19 21:22:32,2017-08-07 00:00:00
fe114439ae61b71927352b185b73550d,7b07b69535a74728a0b01adb13414b46,delivered,2018-05-09 11:58:19,2018-05-09 12:15:30,2018-05-10 12:01:00,2018-05-18 12:32:54,2018-05-25 00:00:00
fb2e0a2eb0a7cd9fc655c3fdda628acc,cfebfc0e3c40c12fa6153e1e76d2685c,delivered,2018-07-30 10:17:54,2018-07-31 10:31:06,2018-08-06 10:46:00,2018-08-14 16:27:35,2018-08-20 00:00:00
bdd388b78e095998453503c63b83e280,bfe06b878acbfa50da99152d9319b0b3,delivered,2017-11-23 22:16:34,2017-11-23 22:28:58,2017-11-24 20:27:53,2017-12-04 18:27:43,2017-12-13 00:00:00
1552dd7e036af008561d1a65bb12a622,cf29149f8aa3113a1b24783414be5483,delivered,2018-05-22 07:31:05,2018-05-22 16:36:33,2018-05-24 07:24:00,2018-06-11 21:20:34,2018-06-07 00:00:00
97f3a84e96f9e837dae9f7e2f4570afe,74081feb88afbf611f4bb95713970ca2,delivered,2017-04-04 00:49:06,2017-04-04 01:05:25,2017-04-06 14:24:08,2017-04-17 15:05:44,2017-05-10 00:00:00
3aaee056441dcae251f360b1c71a7279,11398f922d45452a93da17cfbbedb991,delivered,2018-02-16 00:04:17,2018-02-16 00:15:35,2018-02-20 17:45:15,2018-03-21 13:43:25,2018-03-09 00:00:00
77a4605d8d0657f299caec021c55c14c,c60c6d348e3afcf17c68fa5f72af2cbb,delivered,2018-05-15 11:22:38,2018-05-15 11:35:19,2018-05-16 13:30:00,2018-05-21 19:18:25,2018-06-06 00:00:00
758d60d6a43952b7dd1e130edd26a18d,e8df9a2dedb6f1ce8db6910fd1772c16,delivered,2017-10-02 15:20:44,2017-10-02 15:35:19,2017-10-04 15:43:04,2017-10-05 21:11:02,2017-10-18 00:00:00
1f66f9bfd244a5383aeb00a84ad12a66,b692755548475c6db9d19858c5da06f1,canceled,2016-10-10 10:49:54,2016-10-10 12:01:56,,,2016-12-08 00:00:00
7a8adf1b52b8d3c0735699f5708bf513,c0b26f372775acfd5f2d1a8e256fb9d6,delivered,2018-02-26 20:27:00,2018-02-27 22:48:13,2018-02-28 19:57:42,2018-03-13 23:58:32,2018-03-23 00:00:00
64cb5db87de3dcce6f274e1e690c32ab,dbfc0c99b6d78ee54b8d277bf10371d9,delivered,2018-06-02 12:15:50,2018-06-02 12:30:29,2018-06-11 14:44:00,2018-06-21 19:34:34,2018-07-17 00:00:00
1def557ed62966137b261a8229f74e39,7f5a426d2b8d8865b311af0d52674b77,delivered,2018-03-28 22:20:31,2018-03-28 22:30:13,2018-03-29 21:24:51,2018-04-16 15:38:35,2018-04-16 00:00:00
ef053dcc610734a709e3003f9f8c0b3b,b2879c8c135a510dbdcaf2e2cb9518c5,delivered,2018-05-22 23:56:23,2018-05-23 00:18:46,2018-05-23 13:54:00,2018-06-01 23:04:12,2018-06-12 00:00:00
40937e994b9bf8d1d1d545e2605e3834,fba94032e6d3ae20580b20c04d55c399,delivered,2017-07-27 08:44:44,2017-07-27 09:45:21,2017-08-02 16:44:37,2017-08-14 19:23:37,2017-08-22 00:00:00
8595563cdfdd7b6274ba3dfef7ab6ed8,d61ef81ec4518a527d7fc8cfd015e0ab,delivered,2017-08-19 20:25:59,2017-08-22 04:05:17,2017-08-22 15:05:18,2017-08-25 17:56:13,2017-09-21 00:00:00
36ee5e5872c5ae9c20647fcc29511b56,521845e4dfaa5fa0f913a3baccb38d61,delivered,2018-05-06 23:28:50,2018-05-08 19:53:01,2018-05-09 13:03:00,2018-05-17 15:12:36,2018-05-29 00:00:00
721cdd34c6ff27fe0fb9f2c21f27d444,fa3e181e11d9ccc0daf16b77fdb5ae05,delivered,2018-07-16 10:21:31,2018-07-16 10:30:19,2018-07-17 14:19:00,2018-07-23 19:16:57,2018-08-02 00:00:00
fd856e3b03eb3e97aff228fc3914ae39,f9f9b6e4c0b5a46337ce2694a26cb3b6,delivered,2017-09-26 13:20:43,2017-09-26 13:28:27,2017-09-28 11:52:07,2017-10-07 11:26:58,2017-10-26 00:00:00
778ecfb1e51738fb3f885c62f76d5519,a4469901a1b99d810329af218d154768,delivered,2017-11-24 22:22:37,2017-11-25 07:15:27,2017-11-29 22:52:00,2017-12-09 14:24:25,2017-12-21 00:00:00
dbc01c2664181f1d91a6e30ec814ad57,e5f5462d1fc4d04da9427f0ef274ec32,delivered,2018-02-18 20:03:20,2018-02-18 21:15:35,2018-02-22 19:07:20,2018-03-09 19:03:07,2018-03-13 00:00:00
90a5ab921329e3765b29cef31994ee5c,379c4e1106a6441fbd8d283f0cd4a645,delivered,2018-06-25 08:44:28,2018-06-26 05:37:31,2018-06-26 11:22:00,2018-07-02 19:26:55,2018-07-25 00:00:00
44ed504dda677f0c2509cf533ceffba9,9c33dfce6c598c5937553e844591e0ca,delivered,2017-11-24 13:03:08,2017-11-24 15:14:58,2017-11-27 19:48:53,2017-12-01 21:51:53,2017-12-18 00:00:00
12aef789cfc998f5f44ddf27c24e354d,2b7e2056564c3cf62c3a538efe74ba8e,delivered,2017-07-29 11:21:44,2017-07-29 11:35:16,2017-07-31 18:39:36,2017-08-12 03:27:50,2017-09-01 00:00:00
8453dac90d79a1163ca3cc4399801d62,7df2027daaf624fff7a43f2726f3a69c,delivered,2017-08-07 22:05:44,2017-08-09 02:45:54,2017-08-11 20:11:06,2017-08-29 20:26:55,2017-08-29 00:00:00
ef18f5dcc7b8a44cbdb1a14de4164bd1,4f3505c2d2b2547a60e333a7eaac6cba,shipped,2018-07-04 10:52:38,2018-07-05 16:32:54,2018-07-04 14:18:00,,2018-07-20 00:00:00
0aba4750be63d17b0b841afb6a84a629,1052ae24b3c5acdf4c7f5d4165a11dbf,delivered,2017-11-08 16:32:33,2017-11-08 16:47:30,2017-11-11 10:52:54,2017-11-14 17:44:56,2017-12-04 00:00:00
d7856ff09c1797f7b7ebffae1cbd483f,658bce102db06c8750a7f481c7e14e28,shipped,2017-06-19 17:07:01,2017-06-21 02:23:38,2017-06-21 18:22:00,,2017-07-17 00:00:00
9b7fb06dfb1c2acd47f23960eaad40f6,f0ebb0640c12ddcd326e4e4af5143848,delivered,2018-06-09 18:48:37,2018-06-09 19:11:02,2018-06-11 15:50:00,2018-06-16 02:00:07,2018-06-28 00:00:00
cdeec5de39a62045ad7edd0f00cc8858,68fe7aa346f054eefa42c464175f7b2e,delivered,2018-02-16 13:56:54,2018-02-16 14:10:29,2018-03-13 20:42:29,2018-04-16 19:23:19,2018-03-14 00:00:00
6ace1bf55cd8feeb61cdff8069becf87,43eeaf4fa80626e1f275c7b117d7eeec,delivered,2017-04-20 19:01:06,2017-04-22 09:45:13,2017-04-24 12:07:17,2017-05-03 15:24:32,2017-05-12 00:00:00
c4474cfbad07cea75b27b984b1c687be,7d2bdba4939fa38bce31b864844e480d,delivered,2017-03-18 16:45:13,2017-03-18 16:45:13,2017-03-23 06:38:03,2017-03-29 12:15:12,2017-04-12 00:00:00
879877b4935ac3de514fe50c6a27d1f4,1f7a3529bb85665445a4a474cdc9159b,delivered,2017-09-19 15:38:11,2017-09-21 02:55:38,2017-09-26 16:41:48,2017-09-30 16:21:22,2017-10-05 00:00:00
f544502f7cd11a14cdc792d87c7795d5,c2c015c222df129ec56095380b34a3f0,delivered,2018-08-06 15:14:00,2018-08-06 15:30:17,2018-08-09 12:14:00,2018-08-16 18:24:44,2018-08-17 00:00:00
6640f59de104f0d99080a84abb0a9bbe,b22788dd1bcae68535e85800df4aea89,delivered,2017-12-18 09:13:03,2017-12-18 09:31:24,2017-12-18 17:36:59,2017-12-28 10:21:33,2018-01-11 00:00:00
8981058485651cba8b7d9c332fd47047,49cdc0a4940be40bc65ae35bef1eeaf5,delivered,2017-09-22 09:02:39,2017-09-22 09:15:20,2017-09-22 19:33:07,2017-09-26 16:10:44,2017-10-17 00:00:00
857963f443c1183582fc6386fd62ddcf,68735df1b09b8a52d5db6320a17934ce,delivered,2017-09-24 18:20:03,2017-09-24 18:30:14,2017-09-29 22:32:31,2017-10-08 14:58:49,2017-10-10 00:00:00
9244b03b112570e6f798f37c7eafe1a6,73d6e52130a752531279ac4642c5ec77,delivered,2018-08-08 17:09:32,2018-08-09 03:45:20,2018-08-09 14:36:00,2018-08-16 16:52:27,2018-09-03 00:00:00
acf439da18812b2e710a2e7abe7f0ab2,6c450c326e9c2432c271f7dc45105316,delivered,2017-06-06 23:47:03,2017-06-08 03:03:55,2017-06-08 15:11:53,2017-06-23 10:42:49,2017-07-05 00:00:00
d5a4e5577531dc95e5539e0b2bdac87d,73d9f32ef0104fe1b3203f711ca28e7e,delivered,2017-10-27 17:33:33,2017-10-27 17:50:29,2017-10-30 16:04:41,2017-11-08 15:58:37,2017-11-21 00:00:00
7f167760bcfc10e6e7ae769837be536f,b405be7ba8a6b89a3407ba52e0c3a236,delivered,2018-06-02 18:50:39,2018-06-02 19:10:35,2018-06-04 10:10:00,2018-06-12 20:12:23,2018-07-18 00:00:00
baa6bf9e45e84e1d9659e246e9f99146,62b8ef6432c7ab027447767c1f764319,delivered,2018-07-19 15:36:35,2018-07-20 09:15:22,2018-07-20 16:49:00,2018-07-27 01:09:01,2018-08-07 00:00:00
bdc386da6334df2a3ed8c51f0fe77c16,e77769a80e34cd27d3a09f5a2b095857,delivered,2018-08-07 11:15:48,2018-08-07 11:30:18,2018-08-20 14:20:00,2018-08-23 17:46:37,2018-08-29 00:00:00
5aca40f90bd2bb6a441b083a2e215d50,1975ad502bdc96d9af3ac4ce6afed287,delivered,2017-10-07 09:04:37,2017-10-07 09:14:19,2017-10-09 19:35:59,2017-10-19 23:17:42,2017-11-08 00:00:00
cf26deeff1aac4e6219050acc80573ab,a8fe1687220aeb4547efe4bcdb5a8332,delivered,2017-09-17 12:57:02,2017-09-17 13:05:38,2017-09-20 15:06:02,2017-09-21 19:22:55,2017-09-28 00:00:00
9c916cda025ac7a244116346b9e82344,f0c31765cb4a75e422a68ba7c3f7f8a7,delivered,2017-06-05 10:32:06,2017-06-05 10:45:16,2017-06-06 11:40:26,2017-06-23 11:39:43,2017-07-13 00:00:00
a3378e4a292eb4e3cf114857aa9d3133,8bd458d28db5db1848ac4475657b3b3a,delivered,2018-02-12 20:28:01,2018-02-12 20:35:51,2018-02-14 18:11:36,2018-02-22 12:53:50,2018-03-08 00:00:00
6bc4dfe9abc405f51a0ea37ef8804b2f,af6838e132cd4b57f17378cfeca1d011,delivered,2018-06-13 01:16:22,2018-06-14 02:39:00,2018-06-15 14:42:00,2018-06-18 12:48:40,2018-06-29 00:00:00
91cb837eb3bd9136636db21568d04a78,e14d6fb5ebfedb959887187908dbfb8a,delivered,2018-05-08 20:32:04,2018-05-08 21:11:49,2018-05-16 13:44:00,2018-06-12 17:36:34,2018-06-05 00:00:00
e0940e87c03215f63faf04c6d7675616,4d39f6e899ec7f2728b7493b8fabc2bf,delivered,2017-07-01 21:14:39,2017-07-01 21:25:12,2017-07-03 16:30:14,2017-07-26 18:14:29,2017-08-08 00:00:00
d1b2c9f55fd006b37fc9502454713a97,306b2b6a7eb2f4c2b1088d21036f55ab,delivered,2017-12-29 15:46:09,2017-12-29 15:53:29,2018-01-04 22:09:41,2018-01-13 03:23:13,2018-02-08 00:00:00
62bec84b920514dd9d777e095fb5be2b,fccc73b03ac8329be1c7b98011fd9638,delivered,2018-01-26 11:25:56,2018-01-26 11:39:35,2018-01-29 20:28:35,2018-02-15 01:13:29,2018-02-22 00:00:00
b9a9373fc111512d93f74cbafd0d15e5,b61c656c330cd99a4d2cd8e90a498c84,delivered,2018-01-27 20:34:58,2018-01-27 20:52:18,2018-01-29 18:25:07,2018-02-09 23:35:20,2018-03-06 00:00:00
d05d7ff2f99a1360d7a4e4c902eee05f,27f7a152c4868999493176dee4cfee4d,unavailable,2018-03-28 10:43:54,2018-03-28 10:55:14,,,2018-04-10 00:00:00
ce2d0e7e8a249b93d3cfadb57113023f,47c3a95e8891c38d11c77a4d28194f3f,delivered,2018-08-16 18:31:27,2018-08-16 18:49:32,2018-08-17 15:29:00,2018-08-23 18:41:28,2018-08-30 00:00:00
445cd7658594f062d61dc8a61d87e602,053c7943cf3218c20664c01973f729de,delivered,2018-05-09 09:10:34,2018-05-09 09:35:17,2018-05-09 11:05:00,2018-05-14 22:32:16,2018-05-23 00:00:00
54840a5ed7a4f22b46151119aa560fbb,1ee1735cf3d351d27c1d63251ee73de8,delivered,2017-07-03 19:06:15,2017-07-04 18:55:13,2017-07-05 14:14:30,2017-07-14 15:43:39,2017-07-25 00:00:00
d6013e8d2272c7b600345991485badc9,54093ee9fc74a8ca3ef7840cd591c22d,delivered,2018-01-22 16:09:39,2018-01-22 16:18:32,2018-01-23 21:06:59,2018-02-20 23:49:02,2018-02-21 00:00:00
7dd324f942802dde96fb63557eb716bb,f989f9ccb450d003391f92b8babdd038,delivered,2018-04-16 13:50:01,2018-04-17 05:50:21,2018-04-19 20:42:48,2018-04-27 21:16:53,2018-05-10 00:00:00
9dafa19eb6a1375cea8727c41ea74ca4,25fcb9904c37d352104043684f67028a,delivered,2017-10-13 21:31:54,2017-10-14 21:35:25,2017-10-16 15:03:35,2017-10-20 17:53:55,2017-11-01 00:00:00
fd28bd7a604fde40a52ee6716b971139,35482a246830bbc5d40ae2e56407abe8,delivered,2017-08-07 20:25:11,2017-08-07 21:30:15,2017-08-11 15:17:28,2017-08-24 22:08:18,2017-08-22 00:00:00
6118deb8f9c89337edb79d3ae789bc4e,29323b4ba1d62eec77efda916feebe03,delivered,2018-05-11 07:03:04,2018-05-12 03:32:17,2018-05-16 11:48:00,2018-05-22 17:47:03,2018-06-11 00:00:00
6c8e7fccd3a9d60db49c0264c1806ed6,4c7fa2c506851027e87f196848c89ff3,delivered,2017-08-29 12:26:32,2017-08-29 12:45:54,2017-08-30 19:14:13,2017-09-05 19:13:52,2017-09-19 00:00:00
95d8bd71f03cf8df6d7258464ac993c5,bc3c9c45fe3fd83f49adbcbf50daa3da,delivered,2017-10-22 19:59:11,2017-10-24 03:25:38,2017-10-26 12:58:35,2017-11-01 16:47:50,2017-11-16 00:00:00
1a0ef54626e4c3b75d3be7d92dabe9fd,e117fca322db0612b8282df12aa3d1e4,delivered,2018-05-07 21:59:15,2018-05-08 21:55:07,2018-05-09 07:08:00,2018-05-17 19:36:22,2018-06-05 00:00:00
ff2d3362026397b4633ed312ffcdab9f,1e7fbc5baaeed443154f891810096b64,delivered,2017-09-17 12:03:15,2017-09-19 03:55:28,2017-09-19 20:18:45,2017-09-29 21:04:40,2017-10-09 00:00:00
7b9f5e24a87d548effb470329e3705ea,fccae75f93f9d98d7be1e1c36a0820a7,delivered,2017-07-06 21:46:52,2017-07-07 02:43:40,2017-07-10 16:52:53,2017-07-11 19:29:53,2017-07-19 00:00:00
b9abdcc7b19ca8ed02a20da7575487e0,286377acb883b9f000fb16b91729a5d6,delivered,2018-07-28 14:48:23,2018-07-30 18:31:18,2018-07-31 13:29:00,2018-08-03 21:28:44,2018-08-08 00:00:00
ba6d92892febc6a5ca2dbae073427911,4e7e0377c75e401e33a8f26d03d4f47e,unavailable,2017-09-23 01:41:20,2017-09-26 03:49:18,,,2017-10-10 00:00:00
25f1a44846759c52334309da493877c6,24b85efab2e4f813b6848980e003f286,delivered,2018-01-02 17:22:35,2018-01-02 17:34:18,2018-01-05 20:28:43,2018-01-11 18:11:28,2018-01-26 00:00:00
ef88a4803cc4e345dc4aa9634783bba6,fdf2436565d91bfd979b97ec1496511e,delivered,2017-08-24 16:00:28,2017-08-25 21:04:54,2017-08-26 11:33:56,2017-09-01 20:24:57,2017-09-26 00:00:00
bd7913296aac13e8f6ed9ef5238cb966,3eacb8f02ef1febd5bb042e1f7cbed2c,delivered,2018-01-05 09:22:24,2018-01-05 09:35:22,2018-01-08 23:37:38,2018-01-19 22:27:53,2018-02-21 00:00:00
4f0db42a25e38b5376a4e33b5cd42687,75cd2e0c7dc1e1a9842fc85a6bbcccf9,delivered,2018-02-06 18:32:55,2018-02-06 18:55:02,2018-02-09 17:38:40,2018-03-05 20:09:34,2018-03-14 00:00:00
d2f2ce56e25363753d572f7b705070bb,9c7ecccd2cfeec9cde758c093cfc835d,delivered,2018-06-25 07:43:31,2018-06-25 07:58:12,2018-06-29 09:42:00,2018-07-03 21:27:39,2018-08-03 00:00:00
59162d0a7fe62c725ed7be7259ae3224,cffd72193910e89fa69446f344e32871,delivered,2017-11-19 17:37:09,2017-11-19 17:50:31,2017-11-20 21:38:57,2017-11-30 22:28:48,2017-12-15 00:00:00
afaee45f0a9f01571cc18395ecc4ad0e,48956a092e7d44d33215e84d2b71a53c,delivered,2018-08-15 16:54:26,2018-08-15 17:10:16,2018-08-16 12:52:00,2018-08-20 15:55:44,2018-08-24 00:00:00
d2b0a763647d885d0d3db2ee534ec02a,f112c661d9149f3844db8894fa301fc3,delivered,2018-06-20 18:42:20,2018-06-22 04:35:58,2018-06-26 16:52:00,2018-07-09 16:26:44,2018-07-18 00:00:00
4ff1875e3f8c120cfe6cef2ec1aca104,610080385422f68df555845ce3b081af,delivered,2018-03-07 09:33:52,2018-03-07 09:48:58,2018-03-07 23:06:06,2018-04-27 12:36:56,2018-03-29 00:00:00
6df5b7fa93966d4105dd318883a09a41,b71e8ee6c0e74054a65e43863cdf11cf,delivered,2017-08-17 14:48:18,2017-08-17 15:24:46,2017-08-22 20:42:39,2017-08-24 19:11:37,2017-09-01 00:00:00
52a5c8d1d911e44ad26897920c371b51,93d7e029a39295f3bc9b3c272365332e,delivered,2018-03-21 16:48:31,2018-03-21 17:35:38,2018-03-22 20:26:35,2018-04-02 21:16:34,2018-04-10 00:00:00
b405fed41fa637afcbe35298147290af,e8445197dcca593e6e30e0b4e3da55cc,delivered,2018-01-16 16:44:03,2018-01-18 02:12:59,2018-01-23 19:12:11,2018-02-08 21:52:44,2018-01-31 00:00:00
f8d631ef8b5096ff7454bf32eb066adc,d2097ad5b2a41f250574fcb77d7515cd,delivered,2018-05-22 23:36:17,2018-05-24 02:35:15,2018-05-30 13:44:00,2018-06-04 17:28:52,2018-06-25 00:00:00
5f22a7ee1c317c6e6f25ebe122f66bdd,cde6396076b1035d0daa4df503c2e102,delivered,2018-01-30 16:08:08,2018-01-30 16:34:54,2018-01-31 23:36:36,2018-02-02 00:44:29,2018-02-15 00:00:00
d6e1f6c47ebf654ee806ef2891e6b740,d9e3c5e88b851c9730f9bdc340da634f,delivered,2018-06-02 08:27:34,2018-06-02 09:31:25,2018-06-04 14:29:00,2018-06-08 17:32:35,2018-07-05 00:00:00
487e6e67e10e5756f886f5994439c22f,6c7aa7f4eee619102606e20914da066a,delivered,2018-06-04 15:29:14,2018-06-04 15:51:50,2018-06-05 13:41:00,2018-06-06 21:38:43,2018-07-05 00:00:00
1205025dd1d1757c82bc1f437bcc39c5,e5f0eed3e5dfedc38c8e05a13322a7c9,delivered,2018-02-25 20:29:45,2018-02-26 09:49:55,2018-03-02 20:04:23,2018-03-07 21:48:32,2018-04-11 00:00:00
e94d2aa1b4e27a13571357d326e1694d,ed11d279d89c44bca26fd1b29db725b5,delivered,2018-01-24 15:31:27,2018-01-24 15:58:02,2018-01-25 15:25:42,2018-02-07 15:48:56,2018-02-19 00:00:00
d85b0457ca24686fbe089a39aab111bd,c2855a9141e0a3f2d8193ee8f385ee25,delivered,2017-07-23 19:41:09,2017-07-25 03:35:40,2017-07-26 10:49:51,2017-07-31 18:02:20,2017-08-17 00:00:00
5132d60eed6685d7cb062a0cd4655caf,a121f1051e6eb2ab15dcf6b5a2be447e,delivered,2018-06-10 15:12:19,2018-06-11 16:21:09,2018-06-12 08:16:00,2018-06-14 00:36:45,2018-06-21 00:00:00
c1f5702e0e110ad2380343449ce19887,43823dba9e3fd0ef605d78181ae84a7e,delivered,2018-06-08 11:07:52,2018-06-08 11:38:43,2018-06-08 14:03:00,2018-06-18 13:34:54,2018-07-11 00:00:00
4e7909532524b84d763e7122b02a8220,7037d795a4f10890c8949c83fb4bffac,delivered,2018-07-19 17:36:31,2018-07-19 17:50:10,2018-07-20 10:49:00,2018-08-06 20:16:27,2018-08-15 00:00:00
c306eca42d32507b970739b5b6a5a33a,24b0e2bd287e47d54d193e7bbb51103f,canceled,2018-08-13 09:14:07,,,,2018-09-05 00:00:00
4ac4a782aaf1ef694ffe108de8c7da1c,996e73b2a3dac4d73d1a45c1623f98b4,delivered,2018-02-28 12:15:43,2018-02-28 12:48:30,2018-03-02 00:13:54,2018-03-26 19:05:37,2018-03-21 00:00:00
31d9e006c7c94bccba8798ded8f50034,1161b76d1f5fb0594a3f61d42fcf9c8a,delivered,2017-11-19 09:33:44,2017-11-19 09:47:06,2017-11-21 15:44:56,2017-12-01 17:58:47,2017-12-12 00:00:00
91f773f9e0ac13fce1ee51a83ded4b02,ae24f23860c6c45810fd8a7756a0d04c,delivered,2018-01-19 18:33:05,2018-01-19 18:57:44,2018-01-23 20:33:23,2018-01-24 18:06:39,2018-02-05 00:00:00
f1bc2e9a22c1bd86a33e5f04595f1bdd,f9b4a5c4cad76c978b5c0192cebb8ff9,delivered,2018-06-21 09:49:21,2018-06-21 10:22:44,2018-06-26 15:00:00,2018-07-03 22:56:53,2018-07-20 00:00:00
e2861ca80cc6969b2aa1e179dd7ca698,a69615e712681532c7abc08e695b466f,delivered,2018-06-03 19:08:43,2018-06-03 19:29:20,2018-06-05 07:24:00,2018-06-06 18:42:20,2018-06-20 00:00:00
e1672b092e2a9b65547387642a209145,e5b0afe11f94a8e9deb313561498c491,delivered,2017-12-26 16:46:00,2017-12-26 16:53:29,2017-12-27 18:32:41,2017-12-29 21:48:51,2018-01-18 00:00:00
1f7ca128c2e0034d8ebe8a38824c0db1,caa84cedc311453e6121d380f0b5ad26,delivered,2018-07-16 06:40:46,2018-07-16 06:50:09,2018-07-16 14:57:00,2018-07-26 10:33:40,2018-08-10 00:00:00
81111cf83100722b6a554323c86a10b8,ea06be215e742396fce5dd52375f2a00,delivered,2018-02-07 08:48:15,2018-02-07 11:11:10,2018-02-09 00:49:34,2018-02-27 17:45:02,2018-03-08 00:00:00
4afb1fa9cc394c9f295d203fc7b9bf19,11438b1c01227d2058484d74b0d71a54,delivered,2018-05-20 14:25:03,2018-05-20 14:59:15,2018-05-21 16:02:00,2018-05-22 23:42:45,2018-06-01 00:00:00
3559b64f2a9eac5b40b2951f7a594dee,fae3403c1e3ad692ca3776d48bc569f6,delivered,2018-01-18 13:49:37,2018-01-19 16:59:46,2018-01-22 17:39:34,2018-01-27 11:06:42,2018-02-08 00:00:00
f4371828f48e2b5080d079e60138f149,01fa32b1d1151078cb954b286256df42,delivered,2018-02-23 21:50:38,2018-02-23 22:07:39,2018-02-27 23:06:52,2018-03-12 18:58:23,2018-03-19 00:00:00
4623bbe84fc86655ac713dc181295a28,ea5c1717d00d855dd906b7a42ffb65f4,delivered,2018-03-20 22:50:34,2018-03-21 02:50:50,2018-03-29 00:37:29,2018-04-09 20:51:13,2018-04-13 00:00:00
d92723535a5a2d4b8c5d0763d2d94a63,c44f92e1d9b62af5102fabb459161222,delivered,2017-06-11 04:47:39,2017-06-11 05:02:43,2017-06-14 15:21:20,2017-06-19 18:29:40,2017-06-26 00:00:00
7afb8d408d72272d7353f90ec6870d5e,ae9eb176fc71a9dd239b71a82b3d6c88,delivered,2018-03-08 16:36:14,2018-03-08 17:24:40,2018-03-16 23:12:02,2018-03-26 22:11:47,2018-03-26 00:00:00
7a1309150f5d32c660989e9fc5dbcbc4,cec0f9df31c64636ab663d68079cfb2f,delivered,2018-02-15 11:00:48,2018-02-15 11:30:27,2018-02-20 20:12:58,2018-03-19 20:03:38,2018-03-19 00:00:00
e3369fffb9c064e20cc82f4f612ce0ca,7d6e327dc7acc214784c12a1848a4c0c,delivered,2018-05-04 16:52:13,2018-05-04 17:10:21,2018-05-07 14:12:00,2018-05-10 20:03:18,2018-05-29 00:00:00
5e17b70632f7a50b36f6601b955c9091,3f4ed4ea26d4071fce11eb57d75eac27,delivered,2017-09-21 12:08:47,2017-09-21 12:15:14,2017-09-22 18:39:04,2017-09-26 20:04:54,2017-10-13 00:00:00
45884a7283a93dd46695ead0cf9c0e95,46a88a4a39d8a33d8a93d7e410e43fa4,delivered,2018-06-02 19:20:09,2018-06-05 03:50:02,2018-06-05 13:43:00,2018-06-11 18:52:15,2018-07-16 00:00:00
da5ab50c359023c436f7965980c2470a,6adf590fdc1f4f88daaecf7138410e19,delivered,2017-12-12 14:12:20,2017-12-12 14:31:51,2017-12-13 19:49:06,2017-12-28 19:55:16,2018-01-23 00:00:00
7d2d231c0b3abb985ed020ffa3acf300,ef239d35ce43ebac174ad5c581b03ae4,delivered,2018-03-02 21:40:30,2018-03-02 22:55:34,2018-03-05 20:52:00,2018-04-07 00:13:31,2018-03-23 00:00:00
05c163d46637e5c0c23a0075dc1c854c,701c48b5cd4985397bddb8440b6d9696,delivered,2017-07-08 10:52:02,2017-07-11 04:10:34,2017-07-17 16:33:21,2017-07-19 16:41:16,2017-08-03 00:00:00
395cdd6553a4735ca1839ba756f6fbaf,83e0ab53251715a17d58356fd6567675,delivered,2018-07-23 19:56:39,2018-07-24 10:31:38,2018-07-24 15:26:00,2018-07-30 20:31:51,2018-08-20 00:00:00
283b742fe68780cce8df4470d11ac981,f1e2d5d8eb4c5af5e9012816294462ff,delivered,2017-08-14 09:29:58,2017-08-14 09:45:13,2017-08-15 19:29:39,2017-08-28 18:14:07,2017-09-14 00:00:00
bd50a7fe9fd97ea4b7663031a319e150,0975c3cf2e418ebfa5d1191a2dffd59d,delivered,2016-12-23 23:16:47,2016-12-23 23:31:37,2016-12-27 06:14:27,2016-12-28 15:54:44,2017-01-19 00:00:00
3aeb5dc8a6c964b163a87ad39263bf0f,efc4c623964e15c1c247a2b21e79aab5,delivered,2017-03-28 11:25:47,2017-03-28 11:35:24,2017-03-29 16:12:22,2017-04-10 14:49:39,2017-04-28 00:00:00
0c31953b008c5e98882d436f4298cde0,4aa1c9249c489f2b6a739f210c0af109,delivered,2018-04-30 18:59:21,2018-05-01 02:15:40,2018-05-02 19:00:00,2018-05-04 21:42:29,2018-05-14 00:00:00
81fe59dfdb8538cc9b604380742323e4,a99e22216fc57bff861e77c5bcd0707c,delivered,2017-07-10 20:50:35,2017-07-12 02:15:28,2017-07-13 12:54:25,2017-07-21 19:38:41,2017-08-03 00:00:00
931f9e49a6f7ca3626c01012168da10e,8125ae45f81d37b7158be0069ed0854b,delivered,2017-05-30 18:02:25,2017-05-30 18:15:16,2017-06-02 11:15:48,2017-06-28 07:46:54,2017-06-12 00:00:00
0cae0419c5938004fa8b8dba302552d1,7721bac08ba3e3a777291cd38463d39c,delivered,2017-07-03 16:43:26,2017-07-05 02:45:10,2017-07-06 15:29:51,2017-07-21 19:49:35,2017-08-04 00:00:00
d582719e4c601c4654de3f18049afd59,4a06e7ed3380d62957f2702cf3fa0ca2,delivered,2017-11-18 19:52:25,2017-11-21 03:49:28,2017-11-22 21:24:29,2017-12-07 16:51:39,2017-12-12 00:00:00
576e9a23f503e96fdc30b174e8c6d8be,c7d1d1f9c6ed9f0d7ef358eda44b9e71,delivered,2018-04-23 17:27:49,2018-04-24 18:29:32,2018-04-24 18:12:16,2018-04-28 18:34:04,2018-05-08 00:00:00
cbaae4690b753c38fbab4bf2621dfde3,cf66137c8eccf81cae5677032573f842,delivered,2018-05-18 10:02:57,2018-05-18 10:46:29,2018-05-23 08:18:00,2018-06-07 13:04:02,2018-06-20 00:00:00
2213bee227bfb36c66ea52bfb3bc233a,b12fc3e268a2f8d419cebb6e35851425,delivered,2018-04-16 14:29:03,2018-04-17 05:51:13,2018-04-17 20:24:35,2018-04-26 20:48:44,2018-05-14 00:00:00
5342d918c42e56be9a2f0f272c3fe39b,74fec52b25cd89db5c64b3ad5a7fc425,delivered,2017-08-10 11:46:57,2017-08-10 22:30:20,2017-08-15 15:08:05,2017-08-29 17:08:02,2017-09-14 00:00:00
6b19e991d45af8acd0fc9c7c2208f7ff,88410d3610f961ea8289fdff9523a33e,delivered,2018-01-31 16:08:33,2018-02-01 02:56:13,2018-02-01 17:54:59,2018-02-14 20:33:13,2018-02-23 00:00:00
4b5a633706a4d625b6ce674e3de0c445,f97554a1b5b8d167f20a6cdfbeb2bfa2,delivered,2018-04-26 15:22:36,2018-04-27 03:15:21,2018-04-27 14:09:00,2018-05-01 02:37:32,2018-05-10 00:00:00
4e1e69162873ae88ddd0569cba69aaf7,d064cf9aebab40b919fe8fc92f5dde21,delivered,2018-04-30 18:21:19,2018-05-01 02:53:17,2018-05-02 13:36:00,2018-05-10 01:18:41,2018-05-30 00:00:00
edefc0fa09c98cc491e9d2cf95ee4a5f,42c7319a2945a3b2965f0adaf0c68a3b,unavailable,2017-02-12 20:05:08,2017-02-12 20:15:22,,,2017-03-10 00:00:00
c4c6f4e48fd572d4d909012e522ab9c1,c707dd313093317154517ee4bdafdbfe,delivered,2018-08-07 19:18:52,2018-08-07 19:25:16,2018-08-08 15:48:00,2018-08-15 19:03:46,2018-08-21 00:00:00
ef30a80a52425b419de68e25624a8a9e,50a6803d938c39638b6f79224598833f,delivered,2017-12-05 19:10:38,2017-12-07 17:10:43,2017-12-08 22:51:49,2017-12-13 19:26:06,2017-12-28 00:00:00
caec30ce615ea62d4c91df14a8df2e2b,b87e54f76b85d9446c9c3c2cba4cf261,delivered,2018-05-06 16:36:26,2018-05-07 09:14:02,2018-05-07 15:35:00,2018-05-11 17:08:54,2018-05-30 00:00:00
1f75896433c52bab7768b5bb83830b2b,5314cc154297659f9790a9a2b40a5ee0,delivered,2017-12-25 21:31:57,2017-12-25 21:48:39,2017-12-26 23:29:14,2018-01-03 19:48:32,2018-01-19 00:00:00
4180b8cf37c71c6a654dcf1623a5ca54,f4acb283a42faea79a3adebec07340e9,delivered,2017-12-19 15:04:35,2017-12-19 16:10:22,2017-12-20 16:15:00,2018-02-03 01:36:24,2018-01-17 00:00:00
4a84b6a294715d6efbd396a9ecece857,9c2e38938ef603120eb967130257f6a2,delivered,2018-04-06 17:32:51,2018-04-06 17:51:18,2018-04-09 15:49:56,2018-04-10 16:48:32,2018-04-20 00:00:00
07c04599729da94f8aeb0974035ac307,8fee3d51a65bd588e2c8925f687ead80,delivered,2017-09-30 16:53:45,2017-10-01 02:33:10,2017-10-04 17:57:42,2017-10-13 21:37:42,2017-10-24 00:00:00
fd22bd0610424ec9e62c1d98288b51e9,067715fac053f8972e3887e3784e38f4,delivered,2017-03-19 13:08:49,2017-03-19 13:08:49,2017-03-22 06:44:34,2017-03-24 10:18:13,2017-04-11 00:00:00
461db8ff8e4b904c586c0547afe2b8fd,e4e92c8f4fd945a7c43fe7c78e643218,delivered,2017-07-19 08:32:57,2017-07-19 08:45:13,2017-07-19 18:39:23,2017-07-26 18:57:31,2017-08-10 00:00:00
1e08b6a6408c04834b0d96cb9ce194fc,236f4aa3f23eb55a11689a47d8851026,delivered,2017-05-04 14:20:34,2017-05-05 02:32:49,2017-05-10 15:26:12,2017-05-16 19:34:52,2017-05-29 00:00:00
c72a06dbd2869dbfa3dc93ca4f262f37,379a4be9ef9f203fbff2b2b6f686744f,delivered,2018-08-27 08:56:49,2018-08-27 09:24:25,2018-08-28 15:34:00,2018-08-30 22:48:37,2018-09-13 00:00:00
d2adf5300d2ee5f376ae9bdd68f7723f,caf4ba4570a6cde8d11583cb434b89b5,delivered,2018-07-24 12:11:35,2018-07-24 13:24:22,2018-07-26 12:43:00,2018-07-31 18:31:36,2018-08-13 00:00:00
45f016f4ad553379b5e7e9c0d3fff18a,14452743877d9e8f0a9b53081cb31566,delivered,2018-07-02 20:38:36,2018-07-02 20:55:22,2018-07-04 15:50:00,2018-07-09 15:22:43,2018-07-25 00:00:00
e73b248d4f6ecbef4a90906e0ec56290,f7c622a13c738dab416b48fd4d67d8ec,delivered,2018-05-26 16:33:50,2018-05-26 16:58:45,2018-05-28 14:08:00,2018-06-07 00:28:49,2018-06-28 00:00:00
35152cb67f98c4fdd13067357f357b27,6276e8b570661459322c7d568067adb2,delivered,2018-07-24 13:19:02,2018-07-24 13:30:13,2018-07-25 11:02:00,2018-07-30 17:41:58,2018-08-09 00:00:00
ac1f8bc6b3c078bfffea1d665ab682c8,4da799d14f41e5eba0086f5e718a4a52,delivered,2017-05-03 11:07:39,2017-05-04 02:55:44,2017-05-04 13:25:51,2017-05-18 14:13:11,2017-05-26 00:00:00
88ab23508366bde2dc715c9f05236499,d641ce9966d5491d374687ac80b189e8,delivered,2018-07-25 22:39:01,2018-07-25 22:50:15,2018-07-30 06:35:00,2018-08-06 10:47:48,2018-08-20 00:00:00
87cbf7ffbc8a1c96b554c759e6a6f5b0,f995b47806abc810ec42ba29991175a9,delivered,2017-04-05 14:51:15,2017-04-05 15:05:11,2017-04-06 09:18:14,2017-04-17 13:16:31,2017-04-28 00:00:00
a5d9378f02c74306626ebe0d8fb94d74,2e574fd43d6cb5030236f75ba2e552a8,delivered,2018-04-23 08:51:28,2018-04-24 19:17:49,2018-04-25 11:51:00,2018-04-26 16:32:48,2018-05-10 00:00:00
3a5ea246a74d3839864f0f2f49585663,021f73e75c9f89e051b514ddf1dba5b2,delivered,2017-11-15 14:31:58,2017-11-17 03:35:41,2017-11-20 13:26:41,2017-11-27 21:29:14,2017-12-07 00:00:00
fc835bbe9e62085b1e8a5d1556bc6065,ef60347fdedc32a90d201dabe721b525,delivered,2018-04-23 16:04:21,2018-04-24 17:26:25,2018-04-25 09:38:00,2018-05-02 14:17:22,2018-05-14 00:00:00
faa0bc258daa11bbbcc1797a59d3996f,7efa7ba622dbdc7eaa7a51b93203e9e8,delivered,2017-07-01 21:58:15,2017-07-01 22:10:14,2017-07-06 13:43:41,2017-07-12 21:51:57,2017-07-25 00:00:00
c36078aedc2e7cf1108ddc431667f517,23efc11a527327db188bf99ed2e37638,delivered,2017-06-12 11:39:00,2017-06-12 13:11:16,2017-06-14 09:27:31,2017-06-23 12:12:32,2017-07-05 00:00:00
10baace34a8f00b9b8a872d49d897fc9,e58f98729a032e4a32475e8592ce6bd2,delivered,2017-08-16 11:02:46,2017-08-16 11:35:13,2017-08-25 18:22:07,2017-09-08 22:15:41,2017-09-25 00:00:00
9e2554cc1c65d31fec92397a1d6b7b78,0222766ad058124916f73176998b8df3,delivered,2017-11-10 17:06:58,2017-11-10 17:28:25,2017-11-17 16:04:50,2017-11-21 23:58:54,2017-11-30 00:00:00
74da3383cde17137b2241e3b7e40c78b,f535b57e420bee9c710c0b9ceb46bab1,delivered,2017-10-04 11:17:09,2017-10-04 11:28:28,2017-10-06 12:57:40,2017-10-13 15:30:11,2017-11-07 00:00:00
41cd06b8f16a95fcaf0ebbf0a4c23040,f326b28a6f0855b827fcc0e581914da6,delivered,2018-05-07 10:00:04,2018-05-08 03:55:33,2018-05-08 15:23:00,2018-05-09 20:52:46,2018-05-17 00:00:00
dd9ab4c3632ba0320014ad633ea52470,aac1312b09bbe8ff9595f5c15f9906d7,delivered,2018-05-22 17:38:17,2018-05-22 17:56:33,2018-05-28 13:18:00,2018-06-12 23:51:51,2018-06-08 00:00:00
c36b0f4253481ba100d5a003cd3b6fc6,7dd79bd17d2be396ffdaabb3244e4213,delivered,2018-08-02 12:24:01,2018-08-02 13:15:26,2018-08-03 15:52:00,2018-08-08 16:36:53,2018-08-16 00:00:00
63c303bbfc61f7fea7c12039a331617e,5132492784e2cb68041fb14b457bfe4b,delivered,2018-01-26 18:25:25,2018-01-26 18:39:45,2018-01-30 19:33:39,2018-02-08 20:25:07,2018-02-19 00:00:00
d764cd060b8fb7db9b63026dbbd51d6f,958c1d57ccf24ec9f9fde350870a7a5b,delivered,2018-04-19 20:59:17,2018-04-19 21:10:21,2018-04-23 20:36:36,2018-04-25 22:12:12,2018-06-08 00:00:00
0dbd48af8e89b595eec029357764af2b,e4e5ff953eaae46ad6d35088e9db153f,delivered,2018-06-09 17:51:54,2018-06-09 18:18:57,2018-06-11 14:46:00,2018-06-21 15:05:02,2018-07-16 00:00:00
7799fe2d11ea5199a87e247eab4abcd2,a6aa137231a82a6c8587f8b6130338a4,delivered,2018-04-14 17:51:24,2018-04-14 18:12:08,2018-04-17 18:03:40,2018-05-12 14:12:15,2018-05-16 00:00:00
57fd8fedd552dd174321576bd4df11ad,f614c4aa1d48064ece3e56f6e9b43ec5,delivered,2017-08-19 13:14:31,2017-08-20 07:04:32,2017-08-22 09:34:09,2017-08-23 18:13:20,2017-09-05 00:00:00
ee43fa4abdcd5f9e2c4ab7f972628c3d,80b980f78e474fd033f298daeb5663f2,delivered,2018-07-10 11:37:03,2018-07-10 11:50:15,2018-07-12 14:34:00,2018-08-03 19:21:59,2018-08-01 00:00:00
e2fb90759edabe8462da889ac54fb0b1,f2760a5f7548e1db17a8045cf6caad9e,delivered,2018-06-10 14:08:05,2018-06-10 14:31:26,2018-06-14 09:45:00,2018-06-19 19:32:38,2018-07-11 00:00:00
3463c5474c21c4b02543cb5e9607f4e3,51a281580055f6675c99cf7bf58ee9e5,delivered,2017-09-30 18:07:09,2017-09-30 18:25:31,2017-10-03 22:12:19,2017-10-09 19:57:02,2017-10-30 00:00:00
46077eef0ad2e1103cd2970326b3712b,30e5e38dcab5b4f261e95cf80ff6b386,delivered,2018-04-13 22:53:57,2018-04-13 23:09:39,2018-04-17 15:08:50,2018-04-26 22:24:31,2018-05-28 00:00:00
d715a52ed67662a1f4fc1d94e68b2ff0,7e64b83c928d645bdee95d00750ea34d,delivered,2018-02-23 00:22:13,2018-02-23 00:35:36,2018-02-26 22:25:03,2018-03-05 16:45:06,2018-04-30 00:00:00
4f0c82eab94eb2ea093382969dfe6949,66acec0b594d1e6da7e248d3172fcc43,delivered,2017-08-22 09:24:02,2017-08-24 03:15:28,2017-08-24 14:23:13,2017-08-25 18:42:02,2017-09-04 00:00:00
837d0f47af4d0d6a1e3fc98603bd48ec,0355544e5f4818d9553faa520fedf38b,delivered,2018-02-16 16:19:31,2018-02-17 16:15:35,2018-02-21 00:27:17,2018-02-27 01:29:50,2018-03-08 00:00:00
bc3ec72d51f1b267777a3050c37949fd,1e34d5f2f76b66a767e02d4fcd550847,delivered,2018-05-01 15:24:51,2018-05-01 15:35:23,2018-05-02 15:19:00,2018-05-07 10:25:55,2018-05-15 00:00:00
3db9b03f9f2cf3ddee0ab4b753046ace,1111d304b41ee6f78da59683a4f95373,delivered,2018-05-07 15:37:19,2018-05-07 17:17:33,2018-05-08 12:24:00,2018-05-14 18:36:41,2018-05-21 00:00:00
49bc9d5a7ffb965e58cf15e4b9c283e3,eef3943a7e9119be2eb17f1bfc57e336,delivered,2017-06-15 19:38:16,2017-06-15 19:45:13,2017-06-16 12:07:55,2017-06-27 11:18:07,2017-07-10 00:00:00
f081de5f638ebea21bfb2cc74339e925,051a1ee05ed1abcc755cb96dd2b85fd8,delivered,2018-03-18 18:32:12,2018-03-18 18:47:38,2018-04-03 23:18:20,2018-04-10 16:38:44,2018-04-09 00:00:00
5d586b9ec73856b3d60e387282a1294f,62253c7b50cc45ba18d3f7f83c21d1d4,delivered,2017-07-12 22:25:08,2017-07-12 22:43:41,2017-07-18 18:41:10,2017-07-25 22:13:55,2017-08-01 00:00:00
77398a0f3a4c177f2c4c7010abb1d9d9,b04d5cda4ed1c2a60d127893d557b222,delivered,2017-07-16 12:04:19,2017-07-18 06:05:44,2017-07-20 18:14:36,2017-07-31 17:20:09,2017-08-04 00:00:00
e1d0f82fb7dcb6e5efb48ace3c44734e,7605a56bf8e58ba48eb33c0d6d5c87fa,delivered,2018-07-02 20:54:50,2018-07-02 21:10:49,2018-07-04 10:46:00,2018-07-07 11:44:26,2018-07-23 00:00:00
cef44224a07647470c1afcdbeaa43c92,b7101127b6df67aae4715734e0dca049,delivered,2017-05-22 13:14:25,2017-05-22 13:25:15,2017-05-23 12:34:12,2017-05-25 15:57:57,2017-06-02 00:00:00
7c5a2d5d250c97dae083141ed6981171,8fe5afc484d461215ac5a438f734d373,delivered,2018-08-13 11:39:13,2018-08-13 11:50:21,2018-08-13 16:47:00,2018-08-17 15:19:08,2018-08-23 00:00:00
cd466631c2bd74fbc4e744b131819ea5,dceab7a0356dfd73d5b0f9c14f1ce7ad,delivered,2017-10-20 07:43:43,2017-10-20 08:45:59,2017-10-25 11:53:08,2017-10-26 18:29:05,2017-11-01 00:00:00
81f0ac6df4dc86fd79d0ec097d0d4403,016976e1a8808cdefd68c7080e3899fe,delivered,2018-03-02 21:44:29,2018-03-02 21:55:55,2018-03-07 00:03:34,2018-03-08 18:48:36,2018-03-14 00:00:00
ee9678be9e885ce633a1ba9aabe35245,3dd70ca21e105245a350c4d2e5bfa488,delivered,2018-01-29 21:34:26,2018-01-30 03:39:04,2018-02-03 15:08:35,2018-03-02 14:06:53,2018-03-05 00:00:00
6c51f58aa6e93a65c7002b68ba2806cd,a09d60347e2da4735fdbe1ddf07eacda,delivered,2018-02-17 21:38:03,2018-02-18 22:26:59,2018-02-21 23:35:35,2018-02-25 16:19:39,2018-03-06 00:00:00
2b81ceae14ec578d18655477c0efa3e8,0fec7b885986f20c613f82c17dc0eb49,delivered,2018-07-24 20:41:14,2018-07-24 20:55:23,2018-07-25 13:44:00,2018-07-31 19:52:00,2018-08-16 00:00:00
d89b392ad0bd59b8e4aac2471ad29e59,180d4be0c64a3eaa7580af8f8b1e37eb,delivered,2018-04-18 11:30:13,2018-04-18 11:51:48,2018-04-18 23:28:33,2018-05-02 13:31:54,2018-05-15 00:00:00
fe752108fc4e35deba17eca323635246,591f3c97fbb1c6e0a5b9676b4d734a6e,delivered,2017-12-21 00:30:27,2017-12-21 21:11:04,2017-12-22 18:34:50,2017-12-28 19:13:16,2018-01-18 00:00:00
ee97923b6c1439e110fab51fb70c78b9,d4fa8569032b6fa841089b2e0cf39914,delivered,2018-02-12 18:11:54,2018-02-13 18:10:30,2018-02-14 23:09:51,2018-03-01 21:27:22,2018-03-06 00:00:00
ce0474c2f50a216ddec3b17b6852a5f2,e5bc9f8faba8738132bffaeb1a998ff4,delivered,2018-06-08 13:55:38,2018-06-08 14:47:09,2018-06-11 14:10:00,2018-06-18 14:02:46,2018-06-26 00:00:00
e5f831d72ad6fa8ea2a912886f2831c8,a379939b4e880bfb2522dffc9ffbb54a,delivered,2018-04-03 21:24:43,2018-04-05 02:30:21,2018-04-05 20:21:55,2018-04-10 19:37:57,2018-05-02 00:00:00
924d7c4505c90dd9c3a4ab2c3c5daa15,20aebc0f0e6da06736249c19e0eec816,delivered,2017-10-23 16:53:19,2017-10-24 03:28:42,2017-10-27 18:33:45,2017-11-08 16:53:03,2017-11-16 00:00:00
8d66e7c32beb75dd7515b4fb86b98988,1bf452c4be30be03b7dbec73578f0d05,delivered,2018-01-22 22:38:06,2018-01-22 22:55:56,2018-01-26 18:22:29,2018-02-06 16:08:43,2018-02-19 00:00:00
ae7ebc8121246202b1ff260fb0b9d719,be181460961ce08382498147b24974cb,delivered,2018-03-08 11:56:10,2018-03-09 02:15:40,2018-03-13 14:11:30,2018-04-13 15:42:45,2018-03-29 00:00:00
7791d87e3629a61832a9cee326042181,5331673b53ab96917e46619ea1d443f0,delivered,2017-09-28 09:03:53,2017-09-28 09:14:14,2017-09-28 17:35:10,2017-10-10 18:58:51,2017-10-23 00:00:00
f3c69e6269c6f234b356b832442c1621,940f8b3cc679eccb8b8595670a19bdeb,delivered,2017-12-27 20:20:38,2017-12-27 20:29:21,2017-12-28 17:43:55,2017-12-29 18:49:07,2018-01-16 00:00:00
431018542d8303268a574ea80da4cfb5,99a5a40178ddd41b526250426a60f363,delivered,2017-05-26 14:26:53,2017-05-26 14:42:33,2017-06-01 13:57:44,2017-06-14 16:07:43,2017-06-26 00:00:00
a50c2fd61e48768d42124c4b1477acb8,212efb04c16e7f11fd4c788666a39e8d,delivered,2018-03-28 23:21:27,2018-03-30 03:09:02,2018-04-09 21:19:10,2018-04-18 13:17:59,2018-04-19 00:00:00
aa55555c927df6a9f421ab6fab013656,990ca371664feb42a064c3503d40d749,delivered,2017-09-14 13:24:48,2017-09-14 13:37:05,2017-09-14 20:29:30,2017-09-25 18:54:37,2017-10-03 00:00:00
7d00af7c23ec65f8e98e9d7a348130f4,3bd38160b140b90ab82c95d76c507926,delivered,2018-05-16 17:54:57,2018-05-16 18:16:29,2018-05-17 11:58:00,2018-05-22 13:29:57,2018-06-05 00:00:00
7b905861d7c825891d6347454ea7863f,2079230c765a88530822a34a4cec2aa0,delivered,2017-08-18 09:45:35,2017-08-18 10:04:56,2017-08-18 18:04:24,2017-08-23 22:25:56,2017-09-12 00:00:00
c12658dc350b49b1970455764f1137f3,79c50087220a5bc7f7d990c39aad78e7,delivered,2018-02-22 14:50:05,2018-02-22 15:08:33,2018-02-23 21:08:25,2018-03-29 23:18:38,2018-03-21 00:00:00
8026c598dd1215d12c3c326458788d7d,824f3575a98b7382fdaf20c8a67737ab,delivered,2017-05-17 17:51:07,2017-05-19 02:15:22,2017-05-19 20:34:38,2017-05-25 10:27:38,2017-05-30 00:00:00
55f72a4c8e4ca95e4ffdd60cbbec8c68,8bd7ecb3d48667fd8781870e2333dd3b,delivered,2017-11-27 12:57:35,2017-11-27 15:02:44,2017-11-30 23:26:38,2017-12-08 21:12:02,2017-12-19 00:00:00
0b0448ca144af06370f09b67224e0eec,94f0aeb55a332b7a3480aae50c02c975,delivered,2017-11-21 16:14:06,2017-11-22 02:51:26,2017-12-01 15:35:40,2017-12-21 18:43:41,2017-12-15 00:00:00
96441f25ae3571bffdceb39da1ae7f00,e9c1dbf5c8116fe3de3dbec8fddbdc1b,delivered,2018-03-05 14:28:12,2018-03-06 10:40:25,2018-03-08 01:52:02,2018-03-23 01:08:37,2018-03-28 00:00:00
64b529353878328be729b0da4b3041bc,6d2a8a62ccdc51e36d7624e110ebd2a1,delivered,2018-05-24 06:31:37,2018-05-24 06:59:45,2018-05-24 14:04:00,2018-05-28 11:33:37,2018-06-26 00:00:00
b94e0a48d1692a46852bfce35ac0bea9,7b7baf10d43c5856548c375f2d44b29a,delivered,2017-11-09 20:35:41,2017-11-09 20:51:06,2017-11-10 18:28:07,2017-11-13 14:53:52,2017-11-23 00:00:00
48b8106306f7a0a72b4e74eed5635ffc,f2efdcd71b76cfbb70c85f07a1c26144,delivered,2017-04-20 21:07:01,2017-04-20 21:21:49,2017-04-27 09:56:34,2017-05-10 12:50:11,2017-05-17 00:00:00
e94fb29b3ede8e72edace56b9ba5f8b5,ac817008b6fc6e57ca003314ad0c45bc,delivered,2018-06-12 22:17:27,2018-06-13 02:36:48,2018-06-13 14:00:00,2018-06-15 16:49:04,2018-06-26 00:00:00
b599b60a3fa09e7a4003eb264aa99a07,3f0990509a5132d2af23ecbec28c0ef1,delivered,2017-10-08 09:11:46,2017-10-08 09:25:00,2017-10-09 15:48:14,2017-10-14 02:12:59,2017-10-25 00:00:00
30189c9fc2174b8677dd06fda47c097a,571f39ee08cc1563a8d7ee70545efab6,delivered,2017-11-30 10:56:14,2017-11-30 13:31:19,2017-12-08 23:26:40,2017-12-16 00:08:55,2017-12-22 00:00:00
686167f2fe956e81a6bbf02cf8885516,ebfd23469617d06d4537f338cdb39cd5,delivered,2017-10-28 15:50:49,2017-10-28 16:05:59,2017-10-31 16:37:38,2017-11-01 18:04:16,2017-11-10 00:00:00
4db394cc1f82f9677998cce47b3bfd21,179f2ea0a40973b56845f358338ea64d,delivered,2018-03-23 09:55:18,2018-03-23 10:08:41,2018-03-27 18:18:54,2018-04-18 16:48:44,2018-04-23 00:00:00
609bcd7c044347e6a61d3b1ad38a2838,81a251ec447a41665547d8928816b4c3,delivered,2017-12-27 15:23:33,2017-12-27 15:34:20,2017-12-29 19:19:22,2018-01-09 00:47:21,2018-01-26 00:00:00
ce59af8406c67fadb6ac3abf92db302a,e92c17d70d8258db4b7a90ad4d2b65ea,delivered,2018-04-15 19:21:25,2018-04-15 19:31:14,2018-04-17 22:14:37,2018-04-18 22:06:28,2018-05-03 00:00:00
477d714fae5a61fe245f9d4c7cebc2d5,6afbdea65594b7a013b89c9f1422e460,delivered,2017-06-29 11:16:08,2017-06-29 11:30:10,2017-07-04 14:52:10,2017-07-29 14:44:40,2017-08-09 00:00:00
64961856ac3ecffc69c5714564e17d39,d68ab9785a01b8a15f0879dbecc535e2,delivered,2017-12-14 12:43:26,2017-12-14 12:53:42,2018-01-09 16:47:36,2018-01-25 23:38:52,2018-01-30 00:00:00
f273dcf7249af785e126a1e8a9ef5835,128664a3f38d78795c698c380488a5dd,delivered,2017-12-18 16:33:13,2017-12-18 17:34:28,2017-12-22 16:47:01,2018-01-03 15:14:22,2018-01-05 00:00:00
aabde6ea676d05113f63f0de161b761f,00573ea7a2ac9dff51ac3d177cd6eaea,delivered,2018-02-03 22:50:59,2018-02-06 04:32:49,2018-02-07 00:52:02,2018-02-07 23:34:51,2018-02-21 00:00:00
672b229b951f5c0e6a574808b406bd53,9c5e881d4f16a4163a6590eb6c34aee0,delivered,2017-07-01 10:59:35,2017-07-01 11:10:07,2017-07-04 13:17:58,2017-07-10 22:02:49,2017-07-21 00:00:00
e6876b2ac1419a0cfe338aa1988dc787,5d3c60d028709921ab56f866c19acb57,delivered,2018-01-31 14:13:06,2018-01-31 14:32:23,2018-02-02 19:27:48,2018-02-14 17:42:01,2018-02-26 00:00:00
29ca95187f957e422a8474b950fdfa71,bb7c37b17b3235b74b68b1f36ba9c664,delivered,2017-05-23 17:41:01,2017-05-24 17:35:12,2017-05-26 13:31:51,2017-05-31 06:37:56,2017-06-19 00:00:00
784d141a794f0e73cc3c9ed3b6efa3ec,25e2e0e5db3147babf94786bc83d72c0,delivered,2018-01-05 21:43:50,2018-01-05 21:54:19,2018-01-08 18:16:45,2018-01-11 11:49:28,2018-02-05 00:00:00
7e61f390f3e0aa3b112e56091d2b9ee3,d6ae16638058915ff2ad94b83cc19e52,shipped,2018-08-17 22:25:09,2018-08-17 22:35:14,2018-08-20 14:30:00,,2018-08-28 00:00:00
b4db538b7e17b5575cfdc4566a7f36d6,77d0b52c3d24b250a6d179fdaad67b68,delivered,2017-07-21 19:03:56,2017-07-21 19:15:09,2017-07-25 14:29:52,2017-07-26 15:03:12,2017-08-24 00:00:00
62c3b8aeb068482a78dd4c95bbf5fc26,7aa5f0e2de31e0209ba5a43addba9a5f,delivered,2018-07-12 13:08:36,2018-07-14 10:25:17,2018-07-18 14:41:00,2018-07-24 14:58:46,2018-08-08 00:00:00
23f914da359b3f7854035b766fcbde02,710dd4bda0d8cbfb51e101c8085eea04,delivered,2018-03-11 17:23:55,2018-03-11 18:00:21,2018-03-12 19:32:23,2018-03-15 21:46:23,2018-03-28 00:00:00
1d144d26ac5d54930d851aebfe6889e4,a8c6be5c3186865b8d4a86fc90ea487d,delivered,2017-12-09 23:09:40,2017-12-12 03:56:30,2017-12-14 22:28:56,2017-12-28 22:37:59,2018-01-08 00:00:00
b51e7cbbbfa8be3170cd749bf5c8d2ba,4b258bea231a4efbde41c6d3437e9a50,delivered,2018-07-19 00:36:41,2018-07-20 05:05:14,2018-07-23 14:48:00,2018-08-06 17:56:28,2018-08-22 00:00:00
34f1e1534ff3a9055146407b5fc8e790,9069a64d2ee009244fcb144de3b128a7,delivered,2017-09-21 17:22:49,2017-09-23 02:15:50,2017-09-27 20:13:32,2017-09-30 20:09:53,2017-10-06 00:00:00
8391a032db0a71458e548af0b6e9eb8e,20030fb3202f47379931ee5ffd196b61,delivered,2017-09-25 21:01:43,2017-09-26 21:07:26,2017-09-27 20:39:19,2017-09-30 16:22:57,2017-10-10 00:00:00
227d9fcfc9f51432d5ad2898364eafff,05323a24770d4897bba59aab79f6d7b0,delivered,2017-08-27 23:00:33,2017-08-27 23:10:14,2017-08-31 17:53:41,2017-09-14 21:13:47,2017-09-26 00:00:00
10aa0d0d910582b19666c38c58588868,0fef141080d6ba78152b01c3f5ee14e2,delivered,2018-04-11 14:14:49,2018-04-11 15:29:55,2018-04-11 23:58:42,2018-04-12 16:12:11,2018-04-26 00:00:00
f65688a2dd980f034760d28080f065a5,ed9d6640dca24edb75404fbcbc7aa27c,delivered,2018-05-09 11:43:42,2018-05-09 12:14:39,2018-05-24 09:37:00,2018-06-04 22:32:26,2018-06-22 00:00:00
2bc74c35ed9306f5b5349454f3fbf321,33bca7a3d724c58d131611cf8f0f0d66,delivered,2017-12-05 12:58:41,2017-12-05 13:13:44,2017-12-06 21:48:48,2017-12-14 19:57:51,2017-12-29 00:00:00
87353bde98ae9505ac21bf4bc21b5d74,57adf4c0c4d983afe5aef9f1082ab09b,delivered,2018-02-10 12:37:45,2018-02-10 12:50:28,2018-02-14 18:43:49,2018-02-23 15:13:14,2018-03-12 00:00:00
ecacec879cf5892cc982fa6415e60371,bf7003b7f9e4c2ca6a2a169960ca51a9,delivered,2018-02-26 08:04:52,2018-02-26 08:48:25,2018-02-27 19:44:18,2018-03-05 21:42:16,2018-03-21 00:00:00
4879882eaf1d5027d4abb2f571df499c,76366953c50ff35f89fbd24d3f4d0221,delivered,2018-02-01 11:31:30,2018-02-01 11:50:36,2018-02-01 22:32:41,2018-02-02 14:32:52,2018-02-19 00:00:00
bc839831ba2010861cf9e75ed8f1306f,18fa70cafde8f76c4d24f23f5002e00a,delivered,2018-08-02 12:06:29,2018-08-02 13:05:26,2018-08-24 14:39:00,2018-08-28 18:03:50,2018-08-22 00:00:00
8092382d27000726d5ba93eac26c91fe,c3c857cd0a9d80003b1591bb31a49d30,delivered,2018-04-04 11:15:28,2018-04-04 11:30:27,2018-04-04 20:50:38,2018-04-10 19:56:32,2018-04-20 00:00:00
036ff362f1e7465c0ecad8f54b2e6c06,f3e49ba0a33ed964f5e7f20b9ae1c478,delivered,2017-12-22 15:26:51,2017-12-22 15:37:20,2017-12-27 00:27:30,2017-12-30 12:27:05,2018-01-18 00:00:00
591d010258be8e3bc48d82503022a507,c46809cdeaa8e5698a9169c27de52b7b,delivered,2018-05-22 13:04:15,2018-05-22 13:15:18,2018-05-25 12:41:00,2018-06-07 19:52:40,2018-06-04 00:00:00
304c27b7d7d7461111113b0d0618af2e,5714d4b3037a8b208ac50d4202fa3e67,delivered,2018-08-16 13:01:11,2018-08-16 13:40:05,2018-08-21 12:03:00,2018-08-22 18:06:41,2018-08-27 00:00:00
5fd9fce5ad52aeebd4a05717b2990ca4,7b644947ddfb4ce44b021b38a86280ae,delivered,2018-06-29 15:50:44,2018-06-30 02:52:34,2018-07-03 14:25:00,2018-07-07 18:56:29,2018-07-19 00:00:00
bf0cfc6928237115c830c949a774dc53,d8c58d422ac9b98559d7c6f9494a3b73,delivered,2017-12-09 16:57:39,2017-12-12 03:49:46,2017-12-14 18:49:58,2018-01-03 18:27:01,2018-01-05 00:00:00
1810b37b35111f0cf8e99dc2e0bed67b,c683eb31c14f40dd78a25a4053ca77fc,delivered,2018-06-14 22:29:48,2018-06-14 22:56:53,2018-06-19 15:25:00,2018-07-04 16:32:41,2018-07-18 00:00:00
faec0a1b907c6ceb300eaf9d8157028b,71f81b818b92414fd5af0e4f7eee2ff6,delivered,2017-06-18 22:09:32,2017-06-18 22:22:56,2017-06-19 21:07:51,2017-06-26 15:12:17,2017-07-11 00:00:00
a2a14c3ce5305a2e20126dac4cd05a1b,52e6df27100d10fcf3d0e809345e9926,delivered,2018-03-03 20:49:01,2018-03-03 21:08:50,2018-03-06 01:44:49,2018-03-09 15:42:39,2018-03-21 00:00:00
dd4b9b281b3184e347d861b12e4d617d,b5c9774c0a3d2615be0b0d4defe56c49,delivered,2017-09-13 08:23:41,2017-09-13 08:30:17,2017-09-14 13:37:18,2017-09-27 17:12:12,2017-10-04 00:00:00
592c655cc28e7b2331c58a5db83c2793,cee0d2b95b094eda415a6795f5f57810,delivered,2018-01-16 22:48:01,2018-01-16 23:31:25,2018-01-17 20:27:07,2018-01-19 15:41:55,2018-01-31 00:00:00
c95e5fb0ca685ee52a7db232285bf70e,8054353ddf4b0467f31987ace6bfef6d,delivered,2018-08-02 13:16:47,2018-08-02 13:35:15,2018-08-03 15:30:00,2018-08-09 20:39:07,2018-08-28 00:00:00
a57dcda5c9de217af977a92cd6168b3d,275db5beec4804dab556e6070a658374,delivered,2017-08-04 12:33:53,2017-08-04 12:50:20,2017-08-09 18:47:45,2017-08-10 17:38:49,2017-08-17 00:00:00
0e622d371212819a199d533eafd7e4c3,9bd86e62b19dfcec051d4ca9c5d10ee6,delivered,2017-11-26 15:16:48,2017-11-26 15:31:51,2017-11-27 16:16:53,2017-12-07 20:51:33,2017-12-22 00:00:00
19bb130ea3cc2dab25b3bcf2097aa462,50ca8ddb57748311869736678c8dde1e,unavailable,2017-07-19 15:00:02,2017-07-20 02:25:54,,,2017-08-18 00:00:00
ff9424310808d51de01b5e582c829336,2b96f99d1b1838b59e4f19960bbad123,delivered,2017-11-19 19:16:26,2017-11-19 19:30:33,2017-11-20 21:12:26,2017-12-07 16:29:03,2017-12-11 00:00:00
c71b55238f1b3f73eedf2cd06c62e959,b764cff9d626b19490fcee7d63ac872b,delivered,2018-01-18 18:44:19,2018-01-18 18:56:30,2018-01-23 14:29:53,2018-01-30 19:33:29,2018-02-08 00:00:00
8365dc5dc298b24c2dfa22b90c5df20e,d5c03540236fa0aaea6e730022ad76dc,delivered,2017-09-27 01:05:36,2017-09-27 01:14:14,2017-09-27 18:12:16,2017-10-04 17:25:23,2017-10-24 00:00:00
9144181fd06902570ce9c34860652f55,00953228b409090c774d955f2ab881e5,delivered,2018-08-23 13:46:00,2018-08-23 13:55:15,2018-08-29 13:03:00,2018-08-30 12:55:25,2018-09-04 00:00:00
bfcf0485f27b28982b084d1d0a4c34f0,2229b1fd66ed094404ca3e3e803eee11,delivered,2018-02-13 16:56:07,2018-02-13 17:05:34,2018-02-15 00:33:05,2018-03-05 20:46:39,2018-03-09 00:00:00
38e958945f54389c7d61cfee471b475f,42a0a2e3985fc8b9d0bf3adb6aa40731,delivered,2018-02-28 20:43:58,2018-02-28 20:55:51,2018-03-01 18:58:46,2018-03-29 19:22:24,2018-03-22 00:00:00
2307f3782fd14d75b1098608959769ff,834fbe386c3ff163d252b37b5487e118,delivered,2018-02-21 22:53:10,2018-02-23 02:31:11,2018-02-26 21:42:22,2018-03-05 22:38:44,2018-03-13 00:00:00
49210ebecdbca0d6aeb2a5e23cbfe9b0,b723d39f6b1c1b75dffd42720df76389,delivered,2017-04-24 19:39:36,2017-04-24 19:50:15,2017-04-25 11:35:34,2017-06-12 10:12:09,2017-05-23 00:00:00
cf04407ac40c37f0ec0e0873da74117f,81c2f8fefacd9f04618f06ca1772586b,processing,2017-11-05 16:26:33,2017-11-05 16:35:53,,,2017-12-06 00:00:00
2f303d04434f764d1c1dbaed0caf2e3e,e25325f0871a9bc34095834bdc231e29,delivered,2018-05-13 00:10:02,2018-05-13 00:35:08,2018-05-16 12:30:00,2018-06-04 20:38:34,2018-06-07 00:00:00
d8480a959e66ee2eb4420d02a097be49,b461a1a4f01c9aabbb19369c96cbd03b,delivered,2017-11-01 14:29:20,2017-11-01 15:10:16,2017-11-04 11:55:49,2017-11-14 18:38:51,2017-11-30 00:00:00
540189de73b7d465867e105be0ebf507,f8fc092d1a4dbfe94f2c4e1405dad260,delivered,2018-03-19 09:07:37,2018-03-21 02:50:58,2018-03-27 00:40:49,2018-04-03 12:28:47,2018-04-05 00:00:00
a878aea89f040852ba82d7366fb4360c,9bed2d43411502075eefa923e6ed73d1,delivered,2018-04-05 12:39:13,2018-04-07 02:50:16,2018-04-09 21:09:27,2018-04-25 21:11:22,2018-05-11 00:00:00
0f3a5047f59b6a2df32f4471eedb41c5,857e85c32faf11787e893fcb5eeeea26,delivered,2017-10-31 19:13:01,2017-11-01 12:30:22,2017-11-01 23:32:07,2017-11-07 15:48:34,2017-11-17 00:00:00
a02139e1bf51513338d2df19fd5d1d28,8280f338ff80fbf56c39d8248470f2c8,delivered,2018-07-12 10:49:24,2018-07-12 11:06:14,2018-07-17 07:52:00,2018-07-24 20:35:52,2018-08-06 00:00:00
dd1f137079393e8232e68722122b8716,3c45aa9ef46bb669d0de0a6c54fd08d1,delivered,2017-12-30 06:59:44,2017-12-30 07:09:19,2018-01-02 20:19:06,2018-01-08 15:05:38,2018-01-31 00:00:00
4fa9bcd761fc05ff16003d340c907acc,64567be7188b03c43b27b97a4d0596fb,delivered,2017-11-02 15:46:42,2017-11-04 06:25:50,2017-11-06 20:35:22,2017-11-17 15:32:19,2017-11-29 00:00:00
8b97abc734f59ea448e08b7e84695fbc,73744a516561e158c988dfccfc85d35f,delivered,2017-07-18 08:19:12,2017-07-18 08:30:16,2017-07-20 14:06:57,2017-07-25 19:39:26,2017-08-11 00:00:00
6ca2f0c1ba04fa2c59259ccaf7e0c44d,217fba140c8c1667d20ac3b6ebc7bc00,delivered,2017-10-17 19:13:27,2017-10-17 19:35:55,2017-10-18 16:54:23,2017-10-27 16:04:33,2017-11-10 00:00:00
4637ca194b6387e2d538dc89b124b0ee,a73c1f73f5772cf801434bf984b0b1a7,canceled,2018-09-03 14:14:25,,,,2018-09-10 00:00:00
a1baee3abc3766bff428abf6a20186f4,ddd0de1356a66c120ee1fa0c8ed7522b,delivered,2017-12-26 13:43:35,2017-12-26 13:56:22,2017-12-27 18:32:39,2018-01-04 17:33:05,2018-01-26 00:00:00
29cf7109ebb328f37a4c757bf8104827,b67b1f6db0cbe8fbd32bcccf7b12e854,delivered,2018-01-12 13:57:13,2018-01-13 04:55:03,2018-01-15 17:57:02,2018-01-26 13:05:52,2018-02-02 00:00:00
b6f50dae2488438e81d1828b3d45e161,dac963d58128e2aeb233fb786c9d96d8,delivered,2017-05-05 16:49:28,2017-05-06 06:35:18,2017-05-18 13:13:48,2017-05-25 09:35:47,2017-06-19 00:00:00
8ed2e158bceb31356405b9ac8a67ee0f,01cfa5a92a4710ae73e1c622ef11a7f2,delivered,2018-02-19 21:53:04,2018-02-19 22:55:34,2018-02-21 22:53:47,2018-03-27 07:24:45,2018-03-21 00:00:00
fdef371165dea256526258defc0b326d,a3e5361f7c25968ead0d78b66da9d20a,delivered,2018-06-27 12:05:04,2018-06-27 12:33:28,2018-06-28 15:41:00,2018-07-02 17:12:56,2018-08-02 00:00:00
4263f66dd6ea50568c4369369a163208,b4bc012958162251fd2f4cffb0ae54dd,invoiced,2018-05-02 21:19:22,2018-05-03 04:12:50,,,2018-06-13 00:00:00
60c6e004c97f71ef213a3e080068e790,701808ca114679d4c02ea1ffca6b0ecb,delivered,2017-11-10 23:39:55,2017-11-13 17:08:42,2017-11-17 11:19:01,2017-11-20 12:18:42,2017-11-27 00:00:00
b6cbc6d5691e8f90e30c96fce90bb62a,b19d16198d11b08a0730eac3471345f0,delivered,2018-08-13 22:26:16,2018-08-14 09:05:18,2018-08-15 13:55:00,2018-08-21 15:05:28,2018-09-04 00:00:00
0417b4ccdad2da3b88aa378eef45528c,124b29c0b577597f7379265f38d50490,delivered,2018-04-22 18:41:26,2018-04-24 19:05:58,2018-04-24 01:56:52,2018-05-08 20:52:46,2018-05-25 00:00:00
9dff7bf880b1277a4bfd5181d5a09ca8,7e33974689e3c8ee4d194bd6233cb89a,delivered,2018-06-27 14:31:41,2018-06-27 14:51:46,2018-06-29 08:23:00,2018-07-05 16:08:35,2018-07-20 00:00:00
34be06fa6e60f24cfb03b4b2303d9861,bd5a53ce0ab1105a8f94409062806014,delivered,2018-03-09 16:38:46,2018-03-09 16:50:54,2018-03-12 18:18:32,2018-03-15 21:44:52,2018-03-21 00:00:00
3c79b868b9b049326ad7439c20e3a812,f42f332c63e5f50363ab79511e16d268,delivered,2017-09-15 00:05:49,2017-09-16 03:06:12,2017-09-21 22:42:16,2017-09-29 19:38:28,2017-10-11 00:00:00
a1c47ee60da7efa582a5da058796df50,cc48ccc7941ecfdb38d051e94d34f7ee,delivered,2018-05-02 12:17:34,2018-05-02 12:33:43,2018-05-02 14:26:00,2018-05-08 15:06:41,2018-05-29 00:00:00
044bcd01474ba715e7cb11d5a70ccf0e,ab8c0f0638baa6bf18c7533cc06d83c1,delivered,2018-03-23 15:57:23,2018-03-23 16:15:24,2018-03-27 00:08:32,2018-04-07 13:54:21,2018-04-25 00:00:00
cefe510f726c2a8d6a5f0a8a515ebf50,d98bc47c9f6bd1744959109c8e37fd88,delivered,2017-10-23 03:00:59,2017-10-23 03:14:09,2017-10-27 19:05:26,2017-11-03 16:47:48,2017-11-14 00:00:00
ad35e12cac3d10509e40885edfbc33d9,d480066851e79ce3e97c6a9e7e1473c3,delivered,2018-08-15 20:21:46,2018-08-15 20:35:11,2018-08-16 16:05:00,2018-08-18 16:08:38,2018-08-20 00:00:00
bb826b56d55ad8b42a01591762024f17,657aca054d60a06f7ab9c2c9b6d075de,delivered,2017-09-07 14:07:23,2017-09-07 14:23:31,2017-09-12 14:03:16,2017-09-26 16:59:05,2017-10-10 00:00:00
7b9e72dad7b74f9bc089a7c543d90061,2bb4d542c35b4626635b8a771d9fa047,delivered,2017-09-19 21:38:06,2017-09-22 15:10:23,2017-09-26 16:43:49,2017-10-09 19:59:08,2017-10-17 00:00:00
52008998ed11bdd670e60f49dd40935c,6cb6c3977a3d51c6ae2bac379e4aab7a,delivered,2017-09-25 20:39:30,2017-09-25 20:57:03,2017-09-26 19:14:58,2017-10-02 18:12:42,2017-10-20 00:00:00
3a55ac3af25e4b295c861a2382e0afcf,e2b5d914e5123bd2320ba9f04704d942,delivered,2017-11-24 09:56:53,2017-11-24 11:17:17,2017-11-28 17:56:56,2017-12-14 22:11:40,2017-12-15 00:00:00
89a854a74c3f34399207674b686299b0,8e518bc566e21e1689bf3f7b139f527b,delivered,2018-07-17 21:25:12,2018-07-17 21:35:20,2018-07-25 15:47:00,2018-07-31 15:08:49,2018-08-17 00:00:00
ddec8781012135eae3bc327d84072388,75aed59b70e7bad24efd5c22af562a9a,delivered,2017-09-14 22:25:54,2017-09-14 22:35:14,2017-09-15 19:13:38,2017-09-25 19:14:08,2017-10-10 00:00:00
d6a41a84e4678642f3d747326570ce4d,b5b31f61fcebfbd7440ba9d0041133f9,delivered,2017-07-30 10:07:29,2017-07-30 10:23:30,2017-08-01 13:21:26,2017-08-08 21:32:51,2017-08-11 00:00:00
0a5a2c824e893eb66abd0d869f6c45e6,6f1591e62e5032b3d97250dbbead7b08,delivered,2017-08-27 22:13:57,2017-08-27 22:30:13,2017-08-29 18:46:40,2017-09-05 18:10:27,2017-09-19 00:00:00
b8363d01d95d576ce95a9283c6e12edc,a22fed3b48d1b9776ab55ff6e305a637,delivered,2017-12-11 09:45:32,2017-12-13 02:33:31,2017-12-14 00:07:21,2017-12-27 14:02:34,2018-01-11 00:00:00
00aa423621f35a9ca6c6240f275b0640,121e7c7ff597fcb5ad44189ffccafa70,delivered,2017-11-23 14:51:32,2017-11-23 15:10:19,2017-11-24 22:03:23,2017-12-04 19:24:58,2017-12-13 00:00:00
ae270175ffc265c84f5ce6a63c3a56aa,6bb04633db5504037783390c2aac8a37,delivered,2017-04-26 15:50:54,2017-04-27 10:03:08,2017-04-27 12:29:03,2017-05-05 17:06:32,2017-05-17 00:00:00
73b1e5c9d05c96ee6d19a6bf2f79e2d0,814fe5f156da3ce3123ead086048e852,delivered,2018-02-12 14:11:29,2018-02-12 14:27:37,2018-02-14 20:22:12,2018-03-05 18:08:51,2018-03-06 00:00:00
566bd20ab298b6bf2a27edc5084545d9,ddcefab3475c90437b6f147cc6c1fdb3,delivered,2018-06-25 10:41:24,2018-06-25 10:53:55,2018-06-26 16:32:00,2018-07-03 19:14:39,2018-07-26 00:00:00
f988c07fa4d593fb4b01e5990cb51c6b,b8e430459d81ab8daa5e1b885a7de5df,delivered,2017-10-31 14:08:10,2017-10-31 14:31:30,2017-11-01 17:12:40,2017-11-09 14:06:39,2017-11-22 00:00:00
6ff3a48be8338a98cb2c89c335514cfe,6cf9d8b8665004b6b8ce984f80074e39,delivered,2017-06-18 18:48:44,2017-06-18 19:03:42,2017-06-22 07:47:46,2017-07-06 16:24:30,2017-07-14 00:00:00
9cf2f823cb22dff0461c3e5419f0a016,1f04cfdc8c5570488a603c3834ba9c5c,delivered,2017-04-05 21:37:11,2017-04-05 21:45:18,2017-04-10 10:37:28,2017-04-11 13:29:50,2017-04-26 00:00:00
376e3ec5ba640fed451c34c6828c852e,81e904f22901f68f369dacdac4ac28c0,delivered,2017-12-14 12:24:24,2017-12-14 12:34:22,2017-12-14 21:48:46,2018-01-03 19:38:55,2018-01-11 00:00:00
13f6d4c60ec75fc597490e33afa885fd,d2d44ef2cd58a2d240dd30a6d96178af,delivered,2018-04-05 13:01:40,2018-04-05 13:10:13,2018-04-05 23:22:08,2018-04-19 21:56:43,2018-05-02 00:00:00
2baebe65c04491d526afff8c7b67703c,cfc717c6474d14f341aff6a633d59df1,delivered,2017-11-18 18:38:43,2017-11-18 18:50:24,2017-11-23 17:55:45,2017-11-30 17:54:38,2017-12-14 00:00:00
ee55010a370e987f203499f435a59847,9f074c63790b0ef8b01c66fd67a97601,delivered,2017-01-30 15:17:47,2017-01-30 15:31:58,2017-01-31 10:57:58,2017-02-03 14:03:28,2017-03-17 00:00:00
5d6e9993ecc20a59e637ce711858d081,47fd93db3f6e715f6d06f90ba501b94d,delivered,2017-01-19 11:26:57,2017-01-24 15:35:15,2017-03-13 09:16:51,2017-03-23 08:21:38,2017-02-27 00:00:00
b143963118349f3cb009f7af2e5e04df,4ca133e0f76f66715ec19d966aab3267,delivered,2017-12-25 12:12:11,2017-12-25 12:26:39,2017-12-26 18:23:35,2018-01-11 20:52:54,2018-01-29 00:00:00
b22d5e326467a7e6ce236f3bc54bfde5,e4c10b1023a914383b510aa47f043bfe,delivered,2017-11-15 16:40:10,2017-11-17 03:55:33,2017-11-17 21:32:39,2017-11-25 10:28:21,2017-12-07 00:00:00
e29cb1f5fe7801584de0f49a7423dc2c,56c1cf4b6abb00b12bcb6a01ee635acd,delivered,2018-04-25 14:14:35,2018-04-25 14:33:20,2018-04-26 12:35:00,2018-04-28 01:24:55,2018-05-14 00:00:00
b7224751323afdaf34d3c285bfe72866,7e053f267559b1246ca157359e65a800,delivered,2018-05-09 10:42:27,2018-05-09 10:55:28,2018-05-09 14:18:00,2018-05-12 14:29:47,2018-06-01 00:00:00
e1019f2695c5dab494b7efb92c9a0b6f,11cc55966ffc7f3db445018a66231359,delivered,2017-02-20 08:33:32,2017-02-20 08:45:12,2017-02-21 10:23:53,2017-03-01 13:54:48,2017-03-17 00:00:00
2b6eacbae341dd75d4c44babb566be08,6fe1bed693710a01d8f995fd57392dcc,delivered,2017-09-05 16:17:10,2017-09-05 16:25:42,2017-09-08 20:02:43,2017-09-14 21:37:43,2017-09-27 00:00:00
da8eefd7ee5ebac9e6163fec64141557,9dd030c8d696939ff4a035e932ac3b19,delivered,2017-04-29 18:02:09,2017-04-29 18:10:14,2017-05-02 14:57:33,2017-05-08 16:28:01,2017-05-25 00:00:00
b55f0a21f464a77eddb6a1b485795406,fa856c719176ea69e8584911baf9db77,delivered,2018-06-17 09:39:42,2018-06-17 09:55:15,2018-06-18 13:33:00,2018-06-21 18:38:46,2018-07-12 00:00:00
8b0f296c3900fc6945e8536812a789c0,1391850e2933d3bb8f2c50b8def2d0e9,delivered,2017-11-30 22:24:58,2017-12-01 10:30:56,2017-12-01 17:48:57,2017-12-07 21:03:13,2017-12-22 00:00:00
2eb519d713a6e605650dd4bd730c17d0,2e71aa109599d6697fb5a51d88a4600d,delivered,2017-11-26 21:11:22,2017-11-26 21:19:39,2017-12-12 22:09:43,2017-12-14 18:27:09,2017-12-14 00:00:00
468bd6899c762e315ec2a00f6d936b8d,d4495a0da891198458c13d8cabd0d7e3,delivered,2018-02-23 18:56:00,2018-02-24 02:50:42,2018-02-27 16:41:57,2018-03-08 15:11:16,2018-03-09 00:00:00
dda8f75fb8054c3ca6c30c815b3afa62,bdfb7a4f3e77fdc21e54e596f2e7189b,delivered,2018-03-14 15:59:35,2018-03-14 16:10:46,2018-03-15 16:36:55,2018-03-17 17:08:51,2018-03-26 00:00:00
9f858808ec5a86b30a41acb6dd729b45,85b7deed602225e7bcd4539b51df6a8b,delivered,2017-07-16 19:15:06,2017-07-18 08:15:14,2017-07-19 18:55:47,2017-07-21 17:47:50,2017-08-08 00:00:00
1c9de8c33db00893baeef2b9d1035bc7,511107f2e6b64baedcc4289bdf4bbc12,delivered,2017-10-03 17:45:23,2017-10-03 17:56:27,2017-10-06 21:17:03,2017-10-16 23:02:39,2017-10-25 00:00:00
b790fce1eff8be3c9ff35c97cde2afaa,94f36f6c04a60a56e269ad5aa80d3271,delivered,2017-03-28 21:31:22,2017-03-28 21:45:11,2017-03-29 14:43:34,2017-04-03 15:15:40,2017-04-19 00:00:00
5de9e77c89bb6f31552993baf408f3a3,8f1bc05d9235c2cd8901f74410a5f43a,delivered,2017-03-10 23:04:59,2017-03-10 23:04:59,2017-03-13 16:16:43,2017-03-20 08:43:41,2017-03-31 00:00:00
ff2d29f5e9893f6157d8fa1cce0278d6,82af2fade4e5f468d620aa02f786d681,delivered,2017-09-08 23:28:25,2017-09-08 23:50:12,2017-09-11 20:21:41,2017-09-22 18:37:03,2017-09-29 00:00:00
12c53179c03899ca06bc5d368995a21f,8b128a84fabb2b5d032389d7fe35509f,delivered,2018-03-06 20:49:47,2018-03-06 21:09:28,2018-03-08 23:58:32,2018-03-15 16:13:49,2018-03-22 00:00:00
b7d340862fa4167bf17497298bf8d84b,b58dcfda4c9957fc651450f200bde69a,delivered,2017-02-08 19:51:19,2017-02-10 02:55:19,2017-02-15 12:37:50,2017-02-17 18:44:54,2017-03-21 00:00:00
a96e2225313364ff034785d66ffc89ff,bfff9e1eedf0afc338a1ffb428c0354f,delivered,2018-01-09 12:42:15,2018-01-09 12:50:33,2018-01-10 16:47:20,2018-01-25 13:38:27,2018-02-06 00:00:00
dc20804f9d8ea2452990f7c41ccb34bc,57feb621213d35470d052e8c25b27e2c,delivered,2018-04-23 12:05:10,2018-04-24 19:07:37,2018-04-24 17:45:38,2018-04-27 19:33:10,2018-05-11 00:00:00
816712dda4284eedabcbdf0f9deb1b71,2136617aef9847db1501b8fe29cc9247,delivered,2017-08-08 21:21:23,2017-08-08 21:35:22,2017-08-09 18:46:20,2017-08-18 22:22:30,2017-08-30 00:00:00
b22f89f8305cb013c41a2865c9c59d6d,5f018688c10e86b63e9a680a30857bd6,delivered,2018-03-22 19:13:50,2018-03-22 19:30:30,2018-03-23 21:43:54,2018-03-29 18:36:31,2018-04-16 00:00:00
ed58aa22f4aad849189015b374336629,7089dec5edd14ca3b741ee5789b6f398,delivered,2017-09-01 17:28:57,2017-09-01 17:45:55,2017-09-08 15:37:51,2017-09-12 22:05:46,2017-09-26 00:00:00
8acda261d8c76b3206d9cb5279d0a18a,dc3daad47c0792f3bd4366246a7955dc,delivered,2017-12-31 23:24:10,2017-12-31 23:32:40,2018-01-04 11:15:57,2018-01-23 22:37:13,2018-02-08 00:00:00
a68bc190188549b7f338cbff5d091091,073da58beece042f898c92ff46d41dfb,delivered,2017-04-06 00:13:48,2017-04-06 01:06:37,2017-04-07 09:55:57,2017-04-11 10:20:28,2017-05-04 00:00:00
a4aecfaa64d23ee3758985066edde9c4,8fd43fa8febc018882821f4a7e2d4196,delivered,2018-04-23 20:44:57,2018-04-24 18:41:11,2018-04-24 22:41:55,2018-04-27 15:04:00,2018-05-11 00:00:00
681f6998a6bb650120b24343fb7aab6a,7581b1dd149fd3dd6fe22d79865923a9,delivered,2018-07-26 21:53:12,2018-07-26 22:05:12,2018-07-27 18:56:00,2018-07-30 15:35:55,2018-08-03 00:00:00
ce7cf6dd8f80dfb98716950ae40eca59,e2b3cf60eee891a56eda93f5ae37ad68,delivered,2018-08-11 12:49:15,2018-08-14 05:35:20,2018-08-14 15:25:00,2018-08-15 22:40:56,2018-08-17 00:00:00
a5c29e65ba3d6d39d26e1e989f10f798,34644523e4393cbb0c7f801b9a5f3043,delivered,2017-10-09 18:57:16,2017-10-09 19:37:44,2017-10-13 21:37:41,2017-10-19 21:47:42,2017-10-31 00:00:00
53e4afb03a9d1fd1346cb3536d79d326,21c65acee925fe47efde9bb2c75b7577,delivered,2017-09-27 11:27:04,2017-09-27 11:49:29,2017-09-27 21:03:55,2017-10-05 21:13:58,2017-10-13 00:00:00
0fcc8a86bc6abccde37d94e2a28f17b9,d51f638a65200d003b9e510ff57352d5,delivered,2018-08-17 18:15:08,2018-08-17 18:30:13,2018-08-20 15:24:00,2018-08-21 20:38:50,2018-08-22 00:00:00
281e6230f2de05d273019e23988c6496,38878f4361fc8d5714ca1820791b1320,delivered,2017-11-26 21:01:19,2017-11-26 21:14:32,2017-11-30 22:49:53,2017-12-19 18:52:20,2017-12-19 00:00:00
933b71c1c72e9ca1d118e9d30bd0706c,016a3b5b3185854fc7d9ac763c825494,delivered,2017-08-12 17:53:24,2017-08-12 18:06:05,2017-08-15 15:07:16,2017-08-16 18:27:55,2017-08-25 00:00:00
1a4ed278e4797230fbc18916eb8e8dae,8dad82945d0eeea58e2e91b451171710,delivered,2018-01-14 18:45:26,2018-01-15 18:51:15,2018-01-16 23:18:54,2018-01-30 00:51:42,2018-02-16 00:00:00
4808bac50299cd731a53c8c9f38c9a96,8da109a04aa2a0f77805aa9bb55762c4,delivered,2018-01-08 17:57:56,2018-01-08 18:05:25,2018-01-09 13:35:28,2018-01-25 19:11:59,2018-01-31 00:00:00
f3bd213a969549dd53ed48872f4bb69d,1b4970ad8aaf073fd9164c55384584a5,canceled,2017-09-22 21:15:18,2017-09-26 03:49:17,,,2017-10-17 00:00:00
1310586c8caa5a7d84ef95db79b1e054,98fa62e348f4aa8f69b6965d1808fb38,delivered,2017-03-10 08:13:06,2017-03-10 08:13:06,2017-03-13 12:16:08,2017-03-21 08:44:57,2017-04-03 00:00:00
02f4ae2225612fe9e42562a8e1f466b3,7e7a6bad55dc4c19a83581008f2e9d1e,delivered,2018-01-08 15:55:45,2018-01-08 16:08:45,2018-01-09 16:39:15,2018-01-17 11:36:36,2018-02-05 00:00:00
9bb0677f0c84788b3c3a9079ba085f69,3539e22bd0a0cf0a601c207ec0af55be,delivered,2018-05-21 18:12:16,2018-05-23 02:55:15,2018-05-23 14:21:00,2018-06-08 13:43:57,2018-06-12 00:00:00
9f1e272c76bf064ee7a4da8898a4beae,6890c1b7e13add84a58fe3b0c472b18f,delivered,2018-05-01 03:55:02,2018-05-02 09:35:18,2018-05-04 08:44:00,2018-06-06 12:22:29,2018-06-05 00:00:00
33d8795f04dd631f3480d7aaf90da3dc,b11ea459107d514dd45bce81c0ab4e74,unavailable,2017-07-07 21:17:36,2017-07-07 21:30:13,,,2017-07-27 00:00:00
144c41d3111c8d2b0bdbf9232f2e0a78,d0248b585adc1896538607af63cc8285,delivered,2018-03-06 20:57:29,2018-03-06 21:40:28,2018-03-07 20:58:53,2018-03-13 20:33:35,2018-04-02 00:00:00
115f2ca39e45b0ae938c0fbde15c145b,0c93424c2fb72cbfb2264a9d174d8513,delivered,2018-07-15 20:42:33,2018-07-15 20:55:29,2018-07-17 14:11:00,2018-07-21 12:21:33,2018-07-31 00:00:00
024a74550cdbd36c0fe3955fc9e2bcf0,5837b288ad076175ff451a905d6153f9,delivered,2018-08-09 08:10:23,2018-08-09 08:50:19,2018-08-14 14:42:00,2018-08-15 18:28:43,2018-08-14 00:00:00
a10f8134732c1979eea697d926498112,6d02fb309e1f895017edf9308dec5261,delivered,2017-11-02 16:50:55,2017-11-04 03:46:07,2017-11-07 18:36:54,2017-11-14 18:41:51,2017-11-24 00:00:00
67a3eb1dd398761dcbd4773e7d811cf6,5e0b1614f35426a60e29e7897c5935ee,delivered,2018-02-20 17:41:01,2018-02-20 17:55:22,2018-02-22 00:29:42,2018-03-04 12:03:46,2018-03-12 00:00:00
45cb2e92427657e6b10542751b5c6805,74610560322c0c6d0ec39bef84c2151a,delivered,2017-06-09 22:54:32,2017-06-13 04:25:23,2017-06-13 12:31:33,2017-06-14 22:27:53,2017-06-23 00:00:00
85a374349eadc9101064141bd31ed59a,c2104c655bc86770665ef358e287d64a,delivered,2018-05-01 14:00:58,2018-05-01 14:17:03,2018-05-03 15:02:00,2018-05-10 19:18:38,2018-05-24 00:00:00
c7fcffa49558768b02ee67ce65140cc1,a857a82a40ad62cdebf6683bfa5d6858,delivered,2018-02-21 09:20:41,2018-02-21 12:03:33,2018-02-21 22:08:59,2018-03-02 15:27:04,2018-03-13 00:00:00
7e181511ff53e1cfd1f9f73f5648e1e2,960170643bc319f5c0b1d0c813695e19,delivered,2018-06-21 20:35:18,2018-06-23 01:40:29,2018-06-28 06:13:00,2018-07-06 12:48:57,2018-07-11 00:00:00
9bfc2f3d9f6bdb2f0222e3220a7385f6,3b1a260815b673185573bec5daed5853,delivered,2017-11-19 18:19:35,2017-11-19 18:35:21,2017-11-22 23:21:10,2017-11-28 23:27:48,2017-12-08 00:00:00
c5b1ef77615cee7daa652c2184250171,a67fb0e2ca6fa0b8da696c27c9ae3392,delivered,2017-11-25 21:49:30,2017-11-25 22:34:29,2017-11-27 16:42:09,2017-12-06 00:12:47,2017-12-18 00:00:00
fa2de0086db43d394d58f69a111f8f69,254a99b66d18dc590fb0b5e226382afb,delivered,2018-06-05 21:32:16,2018-06-05 21:53:06,2018-06-06 14:17:00,2018-06-12 18:32:35,2018-07-16 00:00:00
0bbca56fc4659e5b3ee85bbe37284f13,4733753e3bd9b0dfec451269ed46544c,delivered,2018-07-26 11:59:17,2018-07-26 12:10:23,2018-07-27 10:38:00,2018-07-28 20:38:40,2018-08-06 00:00:00
26047a1aef2518e6b2d19aaac4cc1520,1b99a7edf8652baa0b57211cbb1b5c04,delivered,2018-02-21 17:27:57,2018-02-21 17:51:42,2018-02-22 19:45:16,2018-02-26 19:47:54,2018-03-07 00:00:00
58091d2b77a13202800dfb2a00879f51,6bdeeed6223206743d472ae1293f46d7,delivered,2018-01-22 10:58:56,2018-01-22 14:53:16,2018-01-26 20:07:55,2018-02-05 20:47:08,2018-02-15 00:00:00
e96a6b60ad34bbbfe8817cd0e6f79374,769c88c1b9d81bcd01d6061f2392c6d8,delivered,2017-03-15 22:48:48,2017-03-15 22:48:48,2017-03-16 11:20:55,2017-03-27 14:12:16,2017-04-03 00:00:00
f84e156e1671129eb01e38a679129538,208a00577865fc86cb2412586a0c2b86,delivered,2017-12-29 16:26:10,2017-12-29 16:35:22,2018-01-03 17:58:27,2018-01-19 17:49:24,2018-01-18 00:00:00
35b69c976146412e632585ca8260da83,2200d408e95d53a468269d70b24516c9,delivered,2018-03-10 15:18:53,2018-03-10 15:35:27,2018-03-13 18:48:51,2018-04-05 20:32:21,2018-03-29 00:00:00
a83bb8ac33348c821f5d1062e6aa2027,c843eff3ad4e1a193e299cef5b757284,delivered,2018-08-24 10:25:51,2018-08-24 10:37:38,2018-08-27 15:45:00,2018-08-30 16:34:40,2018-09-06 00:00:00
57c77ac6b334c14aef111922d59f7177,05c204bec3c3b5819ddb8eb7441048a8,delivered,2017-03-25 10:17:37,2017-03-25 10:17:37,2017-03-28 14:43:43,2017-03-30 13:12:52,2017-04-13 00:00:00
4c99aea96d822de4754f48ea13031c33,f8a91299d86c7e57b2a1299f3947f244,delivered,2017-11-23 12:40:47,2017-11-24 03:10:31,2017-11-28 21:43:04,2017-12-01 20:45:09,2017-12-07 00:00:00
c5b5ab085f7990b385bdef3b27b2df1b,2f394b55d46fa1a440fc7c12d6275736,delivered,2018-06-02 14:07:21,2018-06-02 14:15:16,2018-06-05 12:36:00,2018-06-06 13:23:06,2018-06-28 00:00:00
e907b53c6245de45677494c2348dc8cc,553203c044ef2745380115fb3696fba2,delivered,2018-06-26 22:19:28,2018-06-26 22:50:23,2018-06-27 11:17:00,2018-07-10 22:31:56,2018-07-17 00:00:00
9fb0d278c242a4fb8c75860e15720cc1,e0ecd315ca2d6e416ab23f0d6d1e97be,delivered,2018-05-18 22:27:01,2018-05-18 22:35:18,2018-05-21 15:49:00,2018-06-07 16:08:55,2018-06-11 00:00:00
f49de64f8655abdc94a86603570e10ec,6c1ac38cc2a083a2a08e487590605965,delivered,2017-09-20 13:18:27,2017-09-20 13:30:47,2017-09-20 19:42:05,2017-09-27 19:18:03,2017-10-18 00:00:00
f5ad4f3e25e8adb066f7c5ace4732dfc,a1680f33769e6cac0b3ac233e00231ea,delivered,2018-04-26 22:47:51,2018-04-26 22:55:13,2018-05-04 15:57:00,2018-05-07 13:16:26,2018-05-11 00:00:00
33e70b1305003580be0b34472acce620,1f32106989574673d60e54a146992c89,delivered,2018-01-29 15:18:03,2018-01-29 15:35:26,2018-01-30 22:51:46,2018-02-15 20:16:39,2018-02-22 00:00:00
008cfe221ab054c89bc31720098cca51,9890d391eac598a0bba5c6b6be617388,delivered,2018-08-08 07:52:21,2018-08-08 08:05:09,2018-08-09 16:22:00,2018-08-14 20:05:34,2018-08-20 00:00:00
791ce20aa4827ff1e05a8139eb1810b5,89c9f3d72721c993b7ef288dc6217f4b,delivered,2017-11-21 10:10:14,2017-11-21 11:08:41,2017-11-21 19:42:20,2017-11-25 01:32:14,2017-12-07 00:00:00
81ec112622b72e497169430ffa735f61,cb0ab7935862f8f422456b08b9d08f9c,delivered,2018-03-01 22:54:39,2018-03-01 23:09:47,2018-03-08 00:38:42,2018-03-12 14:12:47,2018-03-23 00:00:00
63ac25fa7a6efd7b94ace6adbb54b431,bb9dfced8ffe5e06c524a73848938b5e,delivered,2018-01-30 13:29:16,2018-02-01 02:35:37,2018-02-01 19:57:17,2018-02-06 17:57:33,2018-02-21 00:00:00
80868dd37e63ac8fbe1aa89083b8f2b0,444766ef7ae8469bdb459a158a1941c0,delivered,2018-08-25 14:09:50,2018-08-25 14:24:14,2018-08-27 14:28:00,2018-08-30 22:49:42,2018-09-11 00:00:00
9b402354813f3cab904867d9ca2dfc92,8557eb2ca315c2368a3bc93748fe49c2,delivered,2018-02-18 15:18:40,2018-02-18 16:26:31,2018-02-19 20:37:50,2018-03-02 18:48:29,2018-03-14 00:00:00
9170795672365189693d65667780f9ed,bf60fa574e188373d3cb331d04aeb4f1,delivered,2018-05-30 16:13:47,2018-05-30 16:31:00,2018-06-04 14:24:00,2018-06-05 20:17:31,2018-06-25 00:00:00
59b4abe1af7c9b48dcc8330a65a2be81,7e630d15d865b2701e663c2a6dec9079,delivered,2018-05-11 23:49:18,2018-05-12 01:05:41,2018-05-17 14:25:00,2018-06-05 15:49:07,2018-06-05 00:00:00
0224d4ce99f4262f9554d248dfad743c,3e3a04eb993fe7c6bab32b40fcc51f7f,delivered,2018-03-17 19:25:07,2018-03-17 19:48:07,2018-03-20 22:08:30,2018-03-21 22:48:50,2018-04-02 00:00:00
7bb345539ace4f961167f1cf740679eb,d308e62191603a4c18790024ca6da6f1,delivered,2017-12-01 13:28:30,2017-12-01 13:35:24,2017-12-05 23:18:53,2017-12-11 18:29:22,2017-12-19 00:00:00
16547d000ee8f177f45827613e2a17f3,7046abe749e4aafda4638fd2e718aff7,canceled,2017-03-21 21:16:22,2017-03-21 21:16:22,,,2017-04-13 00:00:00
55a9c84ae1f73c6a9d0bbcbf5da26e2c,008657b86f500495539ffa6d275351b7,delivered,2017-10-08 20:43:44,2017-10-08 20:56:26,2017-10-09 18:39:18,2017-10-16 20:38:45,2017-11-10 00:00:00
65a73d6e115832b01eb4de0056cafa9d,c8c31b6e9c14fdf3f5ed78bc47cc93d4,delivered,2018-05-03 00:47:16,2018-05-03 01:15:00,2018-05-03 15:50:00,2018-05-04 14:16:53,2018-05-16 00:00:00
f813be1cdc38407e8e55a3ff18509b8d,58aad244991735b54dffc6781d3a508d,delivered,2017-12-31 19:38:28,2017-12-31 19:46:51,2018-01-22 19:12:44,2018-03-12 23:28:34,2018-02-05 00:00:00
90ec36af71b9d7450e0db5083efc90fe,23dfa700f73ff0d3f5aabab3256d13fb,delivered,2018-02-05 22:23:38,2018-02-05 22:35:24,2018-02-14 23:22:39,2018-02-27 18:38:31,2018-03-02 00:00:00
4b73c0e7ff2959acc87faf89631f9943,0651e411f128c0cf8b813b7c133ace0f,delivered,2018-08-21 08:13:38,2018-08-21 08:30:06,2018-08-21 13:51:00,2018-08-22 18:32:49,2018-08-27 00:00:00
08204559bebd39e09ee52dcb56d8faa2,f6efe5d5c7b85e12355f9d5c3db46da2,delivered,2018-01-14 07:36:54,2018-01-14 07:49:28,2018-01-16 16:39:34,2018-01-19 22:14:14,2018-02-09 00:00:00
4cfd544260e7e5a3f69c95e9156f5f12,401044d8a4a11059a0fd4c9168e951a2,delivered,2017-12-14 12:56:30,2017-12-15 02:15:58,2017-12-15 18:56:35,2018-01-06 17:05:26,2018-01-11 00:00:00
62a0e822dd605871a747ee39a9131574,96fbdcccf8f0ac4854325b4d8609b911,delivered,2017-06-02 11:39:49,2017-06-02 11:50:18,2017-06-08 10:26:56,2017-06-12 12:23:34,2017-07-12 00:00:00
15f03e32c4f15c02ef2461951758bce9,bd0d5977c0b3bec77646fb084d0c75f3,delivered,2018-05-10 19:22:50,2018-05-10 19:37:44,2018-05-12 08:18:00,2018-05-18 18:28:33,2018-06-01 00:00:00
01ae5e4c5d2549f7c05000a2f5856c28,9951d99835f50c491d724e5be22150e3,delivered,2017-11-05 15:01:09,2017-11-05 15:15:23,2017-11-08 19:52:12,2017-11-16 15:28:42,2017-11-24 00:00:00
faeb0ac7f6e1480f3dd14e5cd802dc8a,fe64a8995496324377a381acd65cbec5,delivered,2018-01-04 21:21:00,2018-01-05 02:39:20,2018-01-17 11:34:54,2018-02-06 18:33:57,2018-02-09 00:00:00
3acdc95f43a4fb6a00019abc9e3bfe28,5c263ddb1e0e538b037e9bd59f0b054f,delivered,2018-02-06 15:43:43,2018-02-06 16:11:41,2018-02-07 19:43:26,2018-02-21 20:37:45,2018-03-05 00:00:00
c2ea1bba24e50ff0dae7d466c1e2986d,81391dccf0ddecf22324b3ed34008079,delivered,2018-04-02 13:16:39,2018-04-02 13:30:12,2018-04-04 19:02:27,2018-04-05 20:21:48,2018-04-12 00:00:00
d0279b35becff27d8de5a2278536388c,265b0b9cceac5c71a6f850d1341b7293,delivered,2018-06-26 11:52:40,2018-06-27 09:12:06,2018-06-27 11:08:00,2018-07-03 09:58:43,2018-08-13 00:00:00
977f8eef6a47769a1ed52e1dc7111340,54716fd2984a45618846789f0720d58f,delivered,2017-04-10 18:43:32,2017-04-10 18:55:10,2017-04-11 12:18:29,2017-04-18 15:17:14,2017-05-04 00:00:00
3c5133a035fd70adf2f7023fafd01d8a,bf529967b73d9163a926154e9a552cf1,delivered,2018-01-22 15:48:46,2018-01-22 16:18:09,2018-01-24 22:18:48,2018-02-02 16:06:39,2018-02-23 00:00:00
18f4178d9b3c33fa79c1a0d5eb214023,1f68e24da06f36cb8a5243e23c390bcf,delivered,2018-05-07 19:12:47,2018-05-07 19:30:08,2018-05-08 14:41:00,2018-05-14 16:48:43,2018-05-30 00:00:00
0901941512e5bef7c9fb39452262234d,0b98703974a1b3855df622c21cd17c82,delivered,2017-10-11 20:55:59,2017-10-11 21:08:18,2017-10-14 14:52:24,2017-10-24 21:22:51,2017-11-03 00:00:00
9e02ee1512cfa46417768f83ae22c98b,41e0dafd619f5869d267fc993736dc44,delivered,2018-04-21 18:23:32,2018-04-24 19:25:22,2018-04-25 01:29:23,2018-04-25 17:55:04,2018-05-09 00:00:00
ed9e4b8509d37b7dd87c23fb4cc69452,301990ac837c8ccf27ab9cf3dd3fb478,delivered,2018-01-10 21:35:48,2018-01-12 02:35:24,2018-01-13 01:03:49,2018-02-08 05:28:37,2018-02-05 00:00:00
55b349a50313d39611dceb2a3b0d4f11,8f87226b0ddaa6872971afe593506d0c,delivered,2018-03-28 16:08:58,2018-03-28 16:27:40,2018-03-29 20:18:59,2018-04-09 22:08:31,2018-04-26 00:00:00
3677265b3eb6f14577f63e2483b87882,335461915e4fdf011e46ae25afa3a1c8,delivered,2018-08-11 20:30:25,2018-08-14 04:10:19,2018-08-15 08:40:00,2018-08-20 18:32:16,2018-08-30 00:00:00
d6b40eecfed664621ea3e0076d2a58aa,9538a496551125bb56e2f3be77b9a45a,delivered,2017-09-30 01:30:57,2017-10-03 04:14:23,2017-10-05 20:49:27,2017-10-18 21:49:55,2017-10-27 00:00:00
2462994fc67121ce4376d1c6baf63388,de5af6c03310241012f6c59998a13089,delivered,2018-06-18 11:51:51,2018-06-19 06:35:49,2018-06-19 13:17:00,2018-06-23 17:46:43,2018-06-28 00:00:00
2b0604a6abc1309c3b36f16367e6ccbb,4372365b433a5c25b9af94ff681b756c,delivered,2018-06-11 17:07:06,2018-06-11 17:38:34,2018-06-12 14:24:00,2018-06-18 17:22:04,2018-06-29 00:00:00
25e8002575a945e8d4ae84ca208daa50,e8ab8f389636432382f031e90d3606bb,delivered,2018-06-18 07:49:22,2018-06-19 04:16:56,2018-06-19 15:47:00,2018-06-22 15:45:51,2018-07-05 00:00:00
9b75fa68354ea9cd02695d002b82b109,047294a4de92e622ab7aa66d6efc9efe,delivered,2017-12-29 18:28:25,2017-12-29 18:37:32,2018-01-05 00:52:46,2018-01-18 15:48:51,2018-01-31 00:00:00
553ca0a1ff1834f49d15d77ac8d08ca8,b85cfeeb9135227e8ba9a25eaf173872,delivered,2018-04-15 22:05:57,2018-04-15 22:29:53,2018-04-17 23:11:02,2018-04-23 22:22:00,2018-05-15 00:00:00
8a4d61d2b56495312a357a36c4e67d83,439a4e8a7e580a3cbfb50b4b6eb4bbfc,delivered,2017-12-19 20:18:06,2017-12-19 21:18:25,2017-12-23 13:10:47,2017-12-28 18:19:27,2018-01-16 00:00:00
1cf390da5ceb2c46855914e5d2520ebc,47ea785c9c0c8d75cd052b0f352fd7ea,delivered,2018-03-28 19:56:10,2018-03-30 03:10:30,2018-04-03 03:03:43,2018-04-03 21:06:35,2018-04-10 00:00:00
d14dc05cf3bfcbba3b03996ec5899999,44635a418c22d03cb84d84c6bbd96856,delivered,2018-04-10 14:54:51,2018-04-11 09:11:57,2018-04-12 02:28:25,2018-04-23 22:52:03,2018-05-03 00:00:00
8cd6746056efc30726855e09ce26a776,e10682de4ad385d0a8419b29f2c6d486,delivered,2017-03-10 23:40:38,2017-03-10 23:40:38,2017-03-22 08:17:45,2017-03-29 12:01:15,2017-04-25 00:00:00
7a8fd05a340c38948f7581e765cecb09,266aee2dcb42e400fcbd70f11d6d224d,delivered,2017-03-12 23:31:55,2017-03-12 23:31:55,2017-03-13 12:38:11,2017-03-20 06:04:30,2017-04-03 00:00:00
5e41ebabb65c9b6a46dbbfee1b4d6a4b,84b5db55a21ad27366b78ad45b8b8544,delivered,2018-08-05 22:22:17,2018-08-05 22:35:19,2018-08-08 00:17:00,2018-08-08 19:51:57,2018-08-09 00:00:00
9ca0824f0707d393f343607db317b6d1,08eb2a39027ff975b414729b8e5b8ee7,delivered,2017-09-29 16:29:57,2017-09-29 16:44:19,2017-10-03 16:29:25,2017-10-13 21:10:28,2017-10-25 00:00:00
189ed3ed53bacad70ac9471176b0f26c,dc559c575afc1ce546cc0444431b0988,delivered,2018-02-28 16:31:53,2018-03-01 16:35:25,2018-03-02 22:56:31,2018-03-05 21:42:21,2018-03-13 00:00:00
f5b582be9c6e306e36009285ca71038b,d1ef0a39a9f8e5015b05e2501b8006c2,delivered,2017-11-24 00:30:14,2017-11-24 01:10:17,2017-11-25 14:43:00,2017-12-06 22:55:35,2017-12-18 00:00:00
3e57128c6628df0162aefb87d11d4bc2,1313e73dd50aef9fc403df03401b498c,delivered,2018-07-13 11:40:23,2018-07-13 11:50:20,2018-07-16 15:07:00,2018-07-25 19:34:35,2018-08-02 00:00:00
b41304e99b5c1abf0181ee31c8b17146,014ea662e1cd7ed36b3c44a9539bb34a,delivered,2017-09-04 14:40:44,2017-09-04 14:55:17,2017-09-04 22:06:32,2017-09-13 20:22:33,2017-09-22 00:00:00
7fd4b0e047195ca197c3660772a8d8c0,fc253202cb10b4a99ac862321a854858,canceled,2016-10-08 07:02:33,2016-10-18 15:19:10,,,2016-11-18 00:00:00
477612d1e676932652d32281d67da87f,48cd4091de29a9ccd38f28271ee8431c,delivered,2018-05-26 22:18:05,2018-05-26 22:30:09,2018-05-28 14:49:00,2018-05-29 20:05:15,2018-06-20 00:00:00
33c2860be7125d5f79547239ef5a8721,74516b8193a7f9118063c50052dfacb4,delivered,2017-03-17 12:03:40,2017-03-17 12:03:40,2017-04-03 12:39:41,2017-04-07 14:12:39,2017-04-07 00:00:00
c85fdce6723ece9066d59f3a049c683d,21a049a6d84d04fe9d105aebb810d753,delivered,2017-07-27 12:48:29,2017-07-28 08:35:26,2017-07-28 17:44:01,2017-08-07 19:21:52,2017-08-18 00:00:00
1a4d91c156fe4c45c0ae24f67d49dc50,cb31a825fe443be3c532d58371f1bc45,delivered,2018-04-17 14:35:14,2018-04-18 06:51:22,2018-04-19 23:05:03,2018-04-27 12:57:00,2018-05-10 00:00:00
797d09101d970843eb1cb6e491b4da0b,0208fd622f545ae73dd1fc6a1a500ba0,delivered,2018-06-24 01:37:15,2018-06-24 01:56:49,2018-06-25 14:37:00,2018-07-03 18:28:29,2018-07-27 00:00:00
061f2692f309a270bc04537e0a2508bb,4479c24d672d4eb166c60188425da673,delivered,2017-12-05 19:03:15,2017-12-05 19:17:30,2017-12-07 19:53:25,2017-12-10 20:02:56,2017-12-27 00:00:00
c502981c13af31e66327c143bc885a2d,f7cb015ff73be957ee6a30e2577742c5,delivered,2018-05-31 14:38:55,2018-06-05 04:51:47,2018-06-13 15:08:00,2018-06-16 10:58:27,2018-07-12 00:00:00
c006bbd1a1ae4337965b7ad0dac0c61e,39eed57393ecf1f7fd09caea717a442f,delivered,2018-07-11 20:32:52,2018-07-12 08:46:08,2018-07-12 15:04:00,2018-07-14 01:23:36,2018-07-20 00:00:00
8bb61c38933e53a46312713c209dee29,5cf62d2467f616db098ec254256a4e81,delivered,2017-12-12 17:08:25,2017-12-12 17:15:31,2017-12-13 17:22:56,2017-12-18 19:02:15,2017-12-29 00:00:00
404ae63d165e7de5dd0bade9787b50c0,f716918648ce7de63976aa640b0c885f,delivered,2017-11-24 06:29:43,2017-11-27 18:15:32,2017-11-28 17:07:08,2017-12-04 13:38:58,2017-12-18 00:00:00
1728847cf9a9a8c5f57a2e38bec5ecf9,12ef26e7646470fe563e9fb2a28b837f,delivered,2018-07-10 12:15:42,2018-07-10 12:30:21,2018-07-12 06:54:00,2018-07-15 16:13:38,2018-07-18 00:00:00
e78e6c2d9d913cda60562cd825c90374,8da7d8627305e140749fd5d239d0e05e,delivered,2018-01-23 07:29:20,2018-01-23 07:38:23,2018-01-24 18:14:38,2018-02-02 17:17:11,2018-02-19 00:00:00
12a4d385bfae33140c65d031ed0d0c50,599daa6dccc8cd36595216dd3240b109,delivered,2018-01-23 19:44:06,2018-01-24 19:57:19,2018-01-27 00:33:01,2018-02-08 19:34:10,2018-03-02 00:00:00
eb1340135e81ffed22e5703c6fbbe879,3967b6091174afa2c3937592751e7de0,delivered,2018-04-07 15:25:46,2018-04-07 15:35:09,2018-04-10 22:24:40,2018-04-16 20:52:01,2018-05-02 00:00:00
8e69421c91f6d0c452894b190de0d321,7bca2bac972cf3b3c80ea06c30b7f309,delivered,2018-02-24 22:34:45,2018-02-27 04:31:19,2018-02-27 20:52:28,2018-03-16 12:22:04,2018-03-19 00:00:00
cca8f1b678e3b808b83f6466b048dc85,d156a8f86ce1451c235a39502b289767,delivered,2017-04-09 16:41:27,2017-04-11 03:42:06,2017-04-11 14:48:51,2017-04-27 12:09:09,2017-05-12 00:00:00
3ddc07d7669b7ee4d1741132ae14302c,cb8855bae6bea36802fe3e297ea4bcf2,delivered,2018-02-01 11:41:08,2018-02-01 11:50:42,2018-02-05 11:35:08,2018-02-28 15:59:10,2018-03-07 00:00:00
0607f0efea4b566f1eb8f7d3c2397320,a5fbb6579eacbeb02752a143bfe82405,delivered,2018-03-06 09:47:07,2018-03-06 09:55:47,2018-03-07 21:33:39,2018-03-09 23:36:47,2018-08-03 00:00:00
f61d8df3d4314897d9ddc27cf6b94bb5,5515bf006d2a0e06bced9ca65c312036,delivered,2018-04-20 21:47:46,2018-04-24 18:58:35,2018-04-25 13:12:00,2018-05-03 19:47:47,2018-05-18 00:00:00
b8b3f1a93f6899699c4cfab3f0cb85e0,63f58793879e91091b56be7228ded7fe,delivered,2017-09-08 14:49:36,2017-09-08 15:03:27,2017-10-11 12:01:29,2017-10-15 16:43:36,2017-09-29 00:00:00
eb1cb17937178982a34f2ffe226ae11c,acbe6c48917608988aed72b6f48d83c7,delivered,2018-02-20 16:01:53,2018-02-20 16:15:30,2018-02-23 18:57:12,2018-02-28 15:39:48,2018-03-15 00:00:00
1acffcfbb35247b9d15611ce0fe50460,b2e7d5661a4268a50ae70d5c044c5ff7,delivered,2018-02-25 09:24:05,2018-02-27 03:31:04,2018-03-01 23:27:36,2018-03-15 21:45:32,2018-03-23 00:00:00
a9096f7f0b61e8a65ae29ece51a43d03,a796b27faff0efc05c414371a3f26d17,delivered,2018-04-05 18:11:24,2018-04-06 03:28:11,2018-04-07 01:42:39,2018-04-12 18:46:19,2018-05-02 00:00:00
76dfdc67dd1cc3e3a74027dbee5d9cd8,d7e3bdcb55d1c2afb2e0973df1c22cb9,delivered,2018-05-15 14:30:40,2018-05-15 14:55:15,2018-05-16 14:22:00,2018-05-21 19:54:25,2018-06-05 00:00:00
535b12b639f49f41d41d00b9316b86f5,59e23d731e8ccec5e899a1ca8eeae988,delivered,2018-05-02 09:39:00,2018-05-02 09:57:15,2018-05-04 12:09:00,2018-05-14 19:12:27,2018-05-28 00:00:00
e7ab9d07de87ce3d09009cc0acc238fb,fdb64968cff6fbd0b580dd02ce916bfb,delivered,2018-07-22 08:53:59,2018-07-23 11:31:44,2018-07-23 15:39:00,2018-07-26 14:12:38,2018-08-06 00:00:00
dd9ee64158bd32d93a496fb0af82f160,2e558dc2f2797f4ebf11a261be0abd1d,delivered,2017-04-05 08:23:43,2017-04-05 09:25:11,2017-04-07 12:34:18,2017-04-13 15:38:13,2017-05-02 00:00:00
5be2150d1f3d2a7917c0a7b4ba74c93f,168c3a0d671645d10517d3a9a3cfd71d,delivered,2018-01-03 18:30:15,2018-01-03 18:38:22,2018-01-05 20:14:39,2018-01-11 17:19:49,2018-01-26 00:00:00
82e0be51b738da8e7e60e27649068de4,76bd923751cae856a286b6b98a0350a0,delivered,2017-03-22 18:59:50,2017-03-22 18:59:50,2017-03-25 09:26:24,2017-03-31 19:33:57,2017-04-17 00:00:00
da6d11c2027b52e35bf5089247eddd4d,cf787755d3ab6f7dc09e5212f2d1aa29,delivered,2018-01-08 14:14:41,2018-01-09 07:19:05,2018-01-15 15:04:57,2018-01-22 19:15:43,2018-02-05 00:00:00
e945c3f59acc1ba64d8c876ba137c938,6f6cdfa84080094bdb260a7a9a6ecd56,delivered,2017-10-06 10:27:34,2017-10-06 10:42:15,2017-10-06 21:32:54,2017-10-19 20:57:52,2017-11-01 00:00:00
113cda086060a05db0ef4fef6c8fe1d8,de3d9d27d3fe1ca96f132c282183fc08,delivered,2017-04-13 13:42:13,2017-04-13 14:02:29,2017-04-18 11:40:05,2017-05-05 17:06:39,2017-05-19 00:00:00
7a778b7745be3f801b6bdbd8d54da6fe,8c6dd8d4c67aba9eeff1cc996a8bc737,delivered,2018-06-20 18:53:42,2018-06-20 19:18:53,2018-06-21 11:14:00,2018-06-25 22:35:20,2018-07-12 00:00:00
2cf54503d7592a2554d8b5b2fc6902ff,54b7806a4147c33f974d33c910f6a5a0,delivered,2018-02-10 23:59:54,2018-02-11 01:08:29,2018-02-14 22:19:02,2018-02-19 14:48:42,2018-02-26 00:00:00
008a1b3db2a8bf63418c2cf7c7f494b1,cc2db083341ec9bb757b9f9a70b289d9,delivered,2018-04-02 09:33:25,2018-04-02 09:48:39,2018-04-04 17:34:50,2018-05-03 16:11:53,2018-04-23 00:00:00
718260f4f9c54fa6e56cfc5d2389e563,e2510bf12e9b671330c78abaf435ee61,delivered,2017-12-19 13:01:19,2017-12-19 13:42:52,2017-12-20 15:53:32,2018-01-05 22:16:33,2018-01-24 00:00:00
cb5c1ad1fb0068c83523238259a8e930,732b3392e5516cb60017547792c7e141,delivered,2018-05-29 08:10:45,2018-05-31 03:10:13,2018-06-05 07:06:00,2018-06-19 18:58:40,2018-07-13 00:00:00
4830473362441527781ef6c1860cac4c,72a366446dd3abfc90c598896714d85c,delivered,2018-08-26 11:02:58,2018-08-26 11:15:27,2018-08-27 13:25:00,2018-08-29 17:28:54,2018-09-11 00:00:00
e5faf44e4252434f1b561aa34e1a9ab3,b7c369ee1974391cd79eb8c38e6713c5,delivered,2017-11-29 16:10:24,2017-11-29 17:30:52,2017-12-04 20:42:47,2017-12-29 18:57:09,2017-12-21 00:00:00
a50966cf1b4f30449fcd368e0041af99,085b2a422d36a53c027062f47b3b5238,delivered,2017-11-13 00:37:15,2017-11-13 00:46:48,2017-11-14 21:28:52,2017-11-21 17:32:54,2017-12-05 00:00:00
5b771e035096a0cb850e90ee9f28f8b5,f84ec7dcc51c5d8a48e3acb3423005c4,delivered,2017-03-06 11:17:20,2017-03-08 03:35:12,2017-03-08 14:32:06,2017-03-15 13:21:40,2017-03-29 00:00:00
4369045e59969c285151e194c6ff699e,9df76debbc42f3b3bcc458fad0f4eed9,shipped,2017-10-28 12:09:33,2017-10-28 12:26:17,2017-11-01 20:54:56,,2017-11-22 00:00:00
17b7508c1910a10c24406ce07442115a,100d18a922c64bcc879866075f24913a,delivered,2018-03-11 20:18:05,2018-03-13 04:08:14,2018-03-13 19:56:33,2018-04-23 20:56:38,2018-04-06 00:00:00
afcbcc62e1ddbcad592c172eb3e409cb,509ea35d8113ffbabd4e26113582eeaf,delivered,2017-07-12 12:05:47,2017-07-13 03:04:31,2017-07-13 15:50:02,2017-07-26 00:11:18,2017-08-10 00:00:00
93fafdfa3d4b1b6728b7394782752120,b10b7ae379cd765bc93351f85d2efa40,delivered,2017-08-15 18:21:23,2017-08-16 03:30:34,2017-08-22 18:47:56,2017-08-25 18:15:45,2017-09-11 00:00:00
7f0cc9a8528cca2dc63cddba3940474f,1c41109ed8f74a322ea436af44c6c03f,delivered,2017-07-18 23:55:46,2017-07-19 22:23:58,2017-07-21 16:59:26,2017-07-28 18:52:06,2017-08-09 00:00:00
dcf05b0ffad45d04f992ba7dba355275,76627ad4c00c2df50f5de1c31eeec966,delivered,2018-07-21 19:41:30,2018-07-21 21:30:58,2018-07-24 16:18:00,2018-07-25 21:18:51,2018-08-02 00:00:00
deb2f56956147221f103aefb74c9ca2c,5397164e3d29e792856b4e9e8d80a69f,delivered,2018-04-13 17:57:45,2018-04-13 18:11:52,2018-04-20 01:44:46,2018-04-26 16:51:57,2018-05-02 00:00:00
930539e9e87e84332b23d178b3f67385,e89cd2c49972d182f0fb9deb845ccf62,delivered,2018-03-26 23:35:47,2018-03-26 23:47:11,2018-03-28 17:26:57,2018-04-02 17:08:31,2018-04-06 00:00:00
280fcdddcf237df99402868a09cf8f0b,b35da35b3a7da8608a3e16edae62ed5a,delivered,2018-01-17 14:21:20,2018-01-17 14:30:02,2018-01-18 20:03:30,2018-03-10 13:51:45,2018-02-14 00:00:00
771416ca662aedf861b2d6898e2be7dc,b2d0c5fdac40d03de7c81ebd3f67eeda,delivered,2017-12-17 11:53:55,2017-12-17 12:10:11,2017-12-19 18:08:58,2018-01-03 16:37:41,2018-01-12 00:00:00
a1ae7c02634b9a9911a9dfa3dfbf6c16,00b16eaf1e6b6bd4eeb54f97fc31f172,delivered,2018-07-26 12:05:54,2018-07-28 02:45:13,2018-07-30 16:46:00,2018-08-02 20:53:40,2018-08-28 00:00:00
cfec47e9c352e173e3a3fa663467e6ca,cce3a63160b8820b4a468a085d7e73fb,delivered,2017-11-29 18:13:39,2017-11-29 18:37:27,2017-11-30 15:13:05,2017-12-01 20:11:58,2017-12-13 00:00:00
d39e59e93bf34f4b2f6cef3902672a6f,c3a9744bc2f2ce8380e3d8556c4ba67f,delivered,2018-04-19 00:16:08,2018-04-19 00:31:50,2018-04-20 23:20:45,2018-05-03 22:14:30,2018-05-16 00:00:00
fc2010beb548588d1543ca8adaa132ba,f9067bdf09476acf12c7ea4935a5af52,delivered,2017-10-26 14:42:55,2017-10-26 14:56:22,2017-10-27 20:23:49,2017-11-06 20:47:59,2017-11-17 00:00:00
9f15e7cf61018edf0f17edb4c4d77b5b,073c25ebd966a952d38da1dbbb1f4227,delivered,2017-07-12 16:04:41,2017-07-12 16:23:45,2017-07-13 22:45:00,2017-07-17 22:08:45,2017-07-25 00:00:00
eb5158d41f671648c1c954d8330b2f8f,943ffeba4ca00dd9979a19d864743508,delivered,2017-06-28 17:55:08,2017-06-30 02:43:49,2017-07-10 12:32:42,2017-07-21 19:21:54,2017-07-20 00:00:00
642bb05feac1a0177c93210d0553e8e4,a76120dbad561450be157056582f5163,delivered,2018-08-20 19:42:22,2018-08-20 19:55:12,2018-08-21 18:11:00,2018-08-22 17:38:39,2018-08-31 00:00:00
264d1f3efc32d8d8243d16c9a582a0b7,08b6dd70f6a9b5bdd17a1387733e3511,delivered,2018-03-04 10:34:03,2018-03-04 11:10:23,2018-03-05 11:14:51,2018-03-17 17:22:09,2018-03-26 00:00:00
b6486d95eebb7818b61f0f052d470f0c,916a53f9eb268e42ef9c6844b6d090ce,delivered,2018-05-19 20:00:06,2018-05-20 00:41:48,2018-05-21 13:06:00,2018-06-04 17:51:33,2018-06-12 00:00:00
f07b0af882cdeef616def36fd78fbb23,560829a36d563e8395cc073071a02bfd,delivered,2017-07-16 19:20:47,2017-07-16 19:30:17,2017-07-18 19:47:50,2017-07-24 17:44:47,2017-08-08 00:00:00
058b8a9dbc89de84bb37a54c8c5be44d,1a594924ed06b136ec5af68177151e92,delivered,2018-03-17 19:34:43,2018-03-17 19:49:04,2018-03-19 20:48:41,2018-04-09 17:03:24,2018-04-11 00:00:00
6e8cdfac9a1f0a25230f4624a4d707f3,1c1569d6c160dbc103b50392ba28a01b,delivered,2018-04-01 15:34:09,2018-04-03 05:10:25,2018-04-03 21:44:16,2018-05-03 14:58:30,2018-05-24 00:00:00
c9dbfdbd1f10a0b35896dec49bee8884,029c1bebebe4314d00b4ebc26fb09225,delivered,2018-05-10 22:51:06,2018-05-10 23:11:04,2018-05-14 06:47:00,2018-06-11 16:33:12,2018-06-06 00:00:00
4199a7bc1c9f1b2df2a5fd055fce1e5d,280689d14c5ea18e0170407d4c68b6a0,delivered,2018-07-30 12:31:09,2018-07-30 19:31:43,2018-08-03 13:04:00,2018-08-08 21:28:25,2018-08-30 00:00:00
ea74d355b16bf9de1c103719173cb804,ce57da1d592e7f5a8606eca47d71664a,delivered,2018-08-06 10:10:27,2018-08-06 10:24:50,2018-08-14 10:56:00,2018-08-15 20:37:45,2018-08-17 00:00:00
1e83365a2599c645e08374e7b16558e6,b84ea048b9f3abfe7253fbe3f96c1933,delivered,2018-01-18 17:17:48,2018-01-20 09:07:50,2018-01-24 21:28:52,2018-01-31 15:27:09,2018-02-21 00:00:00
f319682858b7521e6b6ed7979bef72a8,f48420261894f4a4fce5c67afff258f4,delivered,2018-03-19 11:25:51,2018-03-19 11:35:35,2018-03-26 23:04:19,2018-03-27 16:32:04,2018-03-29 00:00:00
b7fd5d833fed053c23020ca5b793e6de,25ceccaffe4f1e0f7bbc552b862f9e24,delivered,2017-12-11 23:17:13,2017-12-13 23:09:43,2017-12-14 23:41:50,2018-01-09 17:28:28,2018-01-16 00:00:00
8f674e19defa0b20b6d47b6267f5c847,145af662031450cfa8bc9201f5868ae7,delivered,2018-04-29 16:54:14,2018-04-29 17:09:59,2018-05-02 14:24:00,2018-05-04 17:40:50,2018-05-23 00:00:00
c6657be5ece0d6d8475923eabe5b65e7,678dd8fa628fe74df013bbfb7a244c46,delivered,2017-12-08 22:46:47,2017-12-12 04:09:17,2017-12-22 18:15:29,2017-12-28 19:30:06,2018-01-17 00:00:00
023dced8c25f743c5fdcf14edabac7a8,9247365772940bb769c6a672afb55785,delivered,2018-03-25 23:03:22,2018-03-25 23:15:27,2018-03-27 02:03:53,2018-03-28 20:36:37,2018-04-06 00:00:00
66f4365a84caaf48a98a30f42f562986,99595c44b1f16a0c965f236d0bac1cfb,delivered,2018-05-16 09:03:43,2018-05-16 09:16:30,2018-05-18 08:10:00,2018-05-21 20:29:50,2018-06-01 00:00:00
fa3475ba2bc8960e12e2421b5883c340,54ac17dfc352bd943dee4d0f70dbd714,invoiced,2017-10-19 19:37:20,2017-10-19 19:49:11,,,2017-10-31 00:00:00
b0ca5afc6c53a1b2bd7c6af809913f9e,b7a32c8c1f8a3deace8865c07d2683de,delivered,2017-08-09 14:18:52,2017-08-09 14:35:11,2017-08-10 20:51:55,2017-08-11 14:06:30,2017-08-22 00:00:00
47cdfa4d3f0ebffd3064a5a7f1a1a901,7e9dd7f39416a450cea8e6457e20738b,delivered,2018-02-12 17:14:14,2018-02-14 09:46:53,2018-02-15 13:48:28,2018-02-26 19:04:48,2018-03-16 00:00:00
68a12bb95639602e21788f55c752857f,87b8555f86bb716ec7408383f4f3d889,delivered,2018-03-26 20:45:15,2018-03-27 08:07:26,2018-03-27 18:17:59,2018-03-29 20:58:54,2018-04-06 00:00:00
a76c04c041ff4afb92ba60bc6385d8e6,381d9ababb03332c63069775834717f4,delivered,2018-02-11 15:37:28,2018-02-11 15:50:33,2018-02-16 23:08:06,2018-02-27 18:13:15,2018-03-27 00:00:00
a323cb5c6d384a77b825dd05d1d3c843,c6e0ea5ae4bf336ea680fa22553e9a46,delivered,2018-01-25 18:19:10,2018-01-25 18:32:05,2018-01-26 18:47:08,2018-02-01 19:10:19,2018-02-21 00:00:00
496ed3d2f9bcb86cb243f5e9fe1627e5,06d970f4d3006a575508a217a7acb7e5,delivered,2017-09-19 16:33:22,2017-09-19 16:50:27,2017-09-20 19:12:44,2017-10-05 12:00:05,2017-10-20 00:00:00
d4b5cba849d461dc065544ffbdc37463,f8cb25e9d5e7200ee03dc9f1f51f197c,delivered,2018-06-11 15:53:43,2018-06-11 16:20:08,2018-06-12 13:45:00,2018-06-19 15:28:39,2018-07-05 00:00:00
0804701eb9f74ec349c0b1dce5a83df7,783f0cf708012c4c712921de5c773f10,delivered,2018-08-09 18:55:30,2018-08-09 19:05:17,2018-08-10 15:14:00,2018-08-14 20:52:02,2018-08-23 00:00:00
095eb530e061e441f8ad27b2c8ca549f,1a28ded1e3d29445d89990556e40cbcd,delivered,2018-02-12 21:07:19,2018-02-12 21:28:19,2018-02-15 15:28:58,2018-02-17 14:12:20,2018-03-07 00:00:00
bd53ed1dfe68bf904e131929022d8731,5dbbd2e9120f89944c0b564b41fcbf9b,delivered,2018-04-09 12:14:50,2018-04-09 12:49:45,2018-04-10 00:08:35,2018-04-20 17:51:08,2018-05-07 00:00:00
2f5b7d28366c2cee7d7d9be0c23136e5,902923d7d935a0c229148d3ed265faac,delivered,2018-04-24 08:32:03,2018-04-24 17:25:52,2018-04-30 15:57:00,2018-05-05 18:18:41,2018-05-23 00:00:00
d7b4654d3ca41a3b97437da02dff3df0,ccf6e6ddd95c74ad8b2c92700001e658,delivered,2017-11-04 00:32:11,2017-11-04 00:46:33,2017-11-07 00:33:43,2017-11-14 18:08:01,2017-12-01 00:00:00
fa3a12a1271d743e56d30a902cce0c1b,7f790f52b4671d848d3f945e708a713f,delivered,2018-04-30 11:21:31,2018-04-30 11:35:47,2018-05-02 12:20:00,2018-05-12 17:48:39,2018-06-01 00:00:00
74ba3677f15f456d0cf9f7081f3b1f30,55d125012ed8410157deac328f196288,delivered,2017-07-19 19:00:32,2017-07-19 19:10:12,2017-07-25 22:48:22,2017-07-31 17:27:57,2017-08-17 00:00:00
9f484bd34c118fb45ac92da12aa484bc,ee82dcf547849bd6650e4c6bb6721abb,delivered,2018-02-19 17:08:32,2018-02-19 18:10:34,2018-02-22 00:45:13,2018-03-19 14:46:37,2018-03-16 00:00:00
6d953888a914b67350d5bc4d48f2acab,a973c4e3ad82777add3fa188f91dacea,delivered,2017-05-05 16:12:29,2017-05-05 16:25:11,2017-05-12 05:43:55,2017-06-02 16:57:44,2017-05-30 00:00:00
843a1e7a744e7d107ee80b65be5394d2,4972784387b87fa4b63f5e18bc899e13,delivered,2017-03-20 19:57:40,2017-03-20 19:57:40,2017-03-22 10:42:18,2017-03-30 13:30:07,2017-04-19 00:00:00
21427785ea63ce9a9fa59a41a32fe78b,8e17fac20c999de5120b8ec2a85a9048,delivered,2017-11-16 13:57:53,2017-11-16 14:10:36,2017-11-21 21:23:13,2017-11-24 20:56:37,2017-11-30 00:00:00
b37f75b6989911c687965cee14dc22ca,560ab40a3d1ab0a2d570aa941266cf58,delivered,2018-07-21 14:54:10,2018-07-21 15:05:16,2018-07-23 14:58:00,2018-08-14 07:41:33,2018-08-10 00:00:00
0c4af986e0aaede577f05163c1ee5911,b825c71fecd094d9809cf05cfa80eb37,delivered,2018-08-20 21:51:20,2018-08-20 22:10:23,2018-08-22 08:42:00,2018-08-24 20:04:51,2018-09-04 00:00:00
ff71fa43cf5b726cd4a5763c7d819a35,14217d5d9e2e67faaae493aa0a181d4c,unavailable,2017-07-19 21:53:57,2017-07-21 02:50:44,,,2017-08-10 00:00:00
77b27c29ab339345ecc7678db3e23049,d56e47d2599ae4f9f59c62923c415e81,delivered,2017-10-29 21:43:25,2017-10-29 21:55:08,2017-10-30 19:47:03,2017-11-17 19:46:33,2017-11-24 00:00:00
0927a99c4c0b6c6b2487a4e869f7fc2d,4635c796ac0535050e1eac3e023c9166,shipped,2017-12-07 00:02:16,2017-12-09 02:49:41,2017-12-12 18:54:40,,2018-01-05 00:00:00
f131e172fef158275f49417eabdda10d,87f3a79f04a2f950a55ce228642e0377,delivered,2018-03-07 11:00:12,2018-03-07 11:15:36,2018-03-07 22:53:45,2018-04-30 20:28:37,2018-04-12 00:00:00
e74c3bd7b23859cb5dcd7ba8e70dde74,b2ae8bd45207d35c2ca367d5217430d6,delivered,2017-05-13 22:52:45,2017-05-13 23:08:52,2017-05-16 08:08:45,2017-05-23 18:22:03,2017-05-31 00:00:00
8fdcdb0ae93912af54bc9e0ae5e1545d,ab33b6ca98749b0af2da65865772ffce,delivered,2017-09-26 22:42:13,2017-09-27 02:49:26,2017-09-27 18:41:21,2017-10-03 22:59:13,2017-10-27 00:00:00
633d11c167d250fec5c37f8568ac6e80,2bf92ca1c7f79559c6320a0ff28c8d56,delivered,2018-01-18 17:48:20,2018-01-18 17:55:25,2018-01-19 22:29:12,2018-01-22 19:13:23,2018-02-02 00:00:00
ae9e4af9767b620b021b2952046266e9,30a659922d45b778895f185450b8b730,delivered,2018-06-10 14:52:08,2018-06-12 04:17:34,2018-06-12 08:16:00,2018-07-11 23:08:27,2018-07-04 00:00:00
904d1d3bf21a8c56e931f8ac05d284c6,417ba684f004a0a409878bbfe65cdf3b,delivered,2018-07-15 07:18:51,2018-07-17 07:31:30,2018-07-17 12:07:00,2018-07-24 16:04:10,2018-07-31 00:00:00
a7e2a9bcafab99efcc6c6c20523fa47d,369bcb82cdff39c928c145a9bcad9e29,delivered,2018-01-18 12:23:45,2018-01-18 12:32:28,2018-01-19 21:32:10,2018-01-23 13:46:53,2018-02-05 00:00:00
ab4f963cf3f826eda5b1b000a7af4de8,809dbfcce6167970c4839cebda798ce5,delivered,2018-03-12 08:36:50,2018-03-12 09:20:30,2018-03-13 16:51:55,2018-03-20 01:28:20,2018-03-27 00:00:00
55a8deb1ea82e104b019fa982402c685,7288a010258cab7db02ffe687e39847e,delivered,2017-11-21 19:37:21,2017-11-22 19:31:34,2017-11-24 19:19:13,2017-12-04 18:32:12,2017-12-07 00:00:00
7c17ce8cf9a32d634076a4b31ab03f8a,39191326614629fe426ee7f7a8d6e308,delivered,2017-06-18 22:17:25,2017-06-20 11:05:26,2017-06-22 14:32:34,2017-07-06 12:07:42,2017-07-17 00:00:00
41f1c1e22e7befb68bd39a783477ffb2,44306d7723c799b747e4da79f288de07,delivered,2017-09-16 22:40:42,2017-09-17 01:10:08,2017-09-19 17:48:09,2017-09-20 18:03:13,2017-09-28 00:00:00
5ebeafc8671fe60c04a814565386de2d,3206ec7df91c5f6fd8ac8b483384b708,delivered,2018-06-22 23:55:17,2018-06-23 01:40:31,2018-06-26 14:48:00,2018-07-02 10:35:50,2018-07-17 00:00:00
5d4a1f3fcbc44db367e18aa87b275996,1935e37c616650cc67f6770bd847a397,delivered,2018-05-09 11:41:46,2018-05-09 11:55:23,2018-05-10 14:28:00,2018-05-16 12:28:49,2018-05-23 00:00:00
07983cb4fc401b8663874432b9b14124,a237096e8b07d5d634173a9e8b6fc6aa,delivered,2018-03-06 20:38:34,2018-03-06 20:50:24,2018-03-07 23:09:23,2018-03-26 13:26:30,2018-03-27 00:00:00
481d2cbce45c1d2281aead91bff6dcae,e6a26b9742c8bd89eab9278e1f451354,delivered,2017-05-08 23:21:34,2017-05-08 23:30:15,2017-05-12 16:49:38,2017-06-16 11:11:50,2017-06-07 00:00:00
f1b0d27b392edf2469778d8885fc2375,1e73856ff88f7317350280a958fa25e2,delivered,2018-05-22 15:14:41,2018-05-22 17:36:42,2018-05-24 12:59:00,2018-06-08 19:28:59,2018-06-12 00:00:00
0ccb884361ec00003176dab0ea647f59,98a2d594a64eb5fea6f4eba1a5fd7041,delivered,2017-05-28 11:13:23,2017-05-28 11:25:11,2017-05-29 16:38:47,2017-06-01 11:43:48,2017-06-19 00:00:00
9a39823cabf87305e23b619a5636920d,f0026d63011720dd5c1fd38f43a83f75,delivered,2018-08-18 18:22:07,2018-08-18 18:35:08,2018-08-20 12:56:00,2018-08-28 01:21:25,2018-09-05 00:00:00
0baa0062fe85d1ac765aa6ee112bb624,dc1f5b609da6830acd08903116bc3f1a,delivered,2018-08-18 15:57:19,2018-08-18 16:10:14,2018-08-20 11:04:00,2018-08-21 19:18:03,2018-08-31 00:00:00
222e1885ba432dd5ead67bea2fcb89c0,052b13c60be8396535fb9c39b4cbd032,delivered,2017-06-13 14:12:58,2017-06-14 02:22:38,2017-06-19 20:04:40,2017-06-21 16:52:54,2017-06-27 00:00:00
b8a64156dccb910f2ed2aaf65e6cc5af,c261d62d747a5edece297d1f1254fe2d,delivered,2018-03-01 15:50:16,2018-03-03 02:50:56,2018-03-05 17:20:02,2018-03-08 22:54:27,2018-03-19 00:00:00
63b5c97d11e1acb173143262a082abea,b8ea8d6e274eb09417e6dbe8dd24d55a,delivered,2018-04-18 12:29:19,2018-04-18 12:51:37,2018-05-07 09:33:00,2018-06-04 18:12:25,2018-05-25 00:00:00
031e976ccc4a1678f5485552ed1ae778,1837c6c28707afbd624c47502b6cd99b,delivered,2018-08-07 17:07:38,2018-08-07 17:25:05,2018-08-09 08:12:00,2018-08-14 17:32:08,2018-09-10 00:00:00
8bce18fa222d49626263bbbf2413fcca,72794b76e6fca04ef17b06de430523f8,delivered,2017-12-09 09:55:54,2017-12-09 12:51:02,2017-12-13 17:17:15,2018-01-02 20:25:16,2018-01-04 00:00:00
efe29224ab6af2a162c9cb35940daca5,a8cf5e4ad3d3c90e47518a21b0b600f9,delivered,2018-05-13 20:05:37,2018-05-13 20:32:27,2018-05-16 19:07:00,2018-06-06 22:18:34,2018-06-07 00:00:00
2fc7fe2e06e84beba127768beb2f705e,eb45ea5db48052fd29e0c6dc79b40de3,delivered,2018-08-03 00:36:26,2018-08-03 00:50:14,2018-08-09 14:03:00,2018-08-13 23:06:44,2018-08-10 00:00:00
69102a2e64ac8f2f998f5c2c41c71862,f1a296a5548d9cbc53e17ad8ce77a16a,delivered,2018-05-12 19:56:50,2018-05-12 20:10:23,2018-05-28 14:52:00,2018-06-01 23:04:47,2018-06-12 00:00:00
7663c1a8c96ea5b2f5a3554241ce9711,583513428c1ed3e61e10cbc80b9c25ca,delivered,2018-07-17 23:04:05,2018-07-17 23:15:17,2018-07-18 13:51:00,2018-07-20 17:05:42,2018-07-31 00:00:00
58300b00ad189113ddb608765a954301,97855ab644c7bf9afcabb920bb5a6a57,delivered,2017-03-14 21:56:07,2017-03-14 21:56:07,2017-03-21 14:25:28,2017-03-28 13:36:01,2017-04-11 00:00:00
7ef259be178f9f06c72a57add85b71cd,a16a13abd16a9d85e4b382ecdc192d33,delivered,2018-06-06 16:55:17,2018-06-06 17:13:19,2018-06-29 15:22:00,2018-07-12 20:03:51,2018-08-09 00:00:00
d242fb417c35b6973c20dfab0514f8a1,86952b2c00e25ae433fc21f72236b360,delivered,2018-01-05 15:04:07,2018-01-06 02:27:52,2018-01-08 16:27:33,2018-01-29 21:18:59,2018-02-05 00:00:00
d7cd987e2097ac5faff39ff244b5e784,0353311decd3615e5c4c03b4595e3e27,shipped,2018-04-24 18:31:22,2018-04-24 19:23:39,2018-04-25 14:02:00,,2018-05-17 00:00:00
a2360f80888ccaa4da649c8d63001de6,a5f4ce5c4e85ffdeec9c44b6da6288c1,delivered,2018-02-14 12:19:15,2018-02-14 12:30:30,2018-02-19 23:57:47,2018-02-21 18:54:39,2018-03-01 00:00:00
5ddf0e8fc807d25c638fe981189bb8db,1fb4a509e6d4126bc8f73ba9cdec80d1,delivered,2017-08-30 22:01:23,2017-09-01 04:35:43,2017-09-04 15:14:45,2017-09-11 14:58:23,2017-09-18 00:00:00
e06b4a36b87fa33d65f03cc6b3108d1f,1043bcaca53fd656062c81d6b9b5bd77,delivered,2018-04-17 17:17:46,2018-04-18 17:33:49,2018-04-20 17:42:39,2018-05-22 14:03:38,2018-05-21 00:00:00
f18481fd839eabadc3d84dc73eead362,2634cfa17e633c8f78dbe962e5654652,delivered,2018-03-26 14:18:32,2018-03-26 14:30:15,2018-03-27 19:38:52,2018-04-16 23:18:44,2018-04-26 00:00:00
341ec2709ac1eea8f492c24d31a06942,f836208064b817a41fec6caf0cb648f4,delivered,2017-11-30 14:40:31,2017-11-30 15:53:15,2017-12-20 17:43:01,2018-01-09 19:42:07,2018-01-10 00:00:00
9526a0630cd88ab2d58db42a981eab74,45aaabf4dd157c79097eb75f00c87b9a,delivered,2018-05-02 21:07:22,2018-05-02 21:19:06,2018-05-03 16:28:00,2018-05-08 01:06:48,2018-05-21 00:00:00
04ffe5a8a70cc5dd6a00b68fd6c905e7,60ba4ae55efbc6dc0e428fc0f1fe0acb,delivered,2018-02-28 23:16:18,2018-03-01 17:30:41,2018-03-06 20:23:20,2018-03-12 14:04:14,2018-03-13 00:00:00
a9b84349900ef15cb616e1b75b4c4dcf,3bea25450797f4a7f50cd3082af21139,delivered,2018-06-12 13:28:27,2018-06-12 14:03:09,2018-06-13 14:08:00,2018-06-21 21:28:48,2018-07-11 00:00:00
f4ab7da19e58e253e0946d32501b279c,4d5240c021628847b09010fa6b8bc549,delivered,2018-04-13 09:33:09,2018-04-13 13:31:43,2018-04-16 19:48:42,2018-04-25 19:46:37,2018-05-22 00:00:00
89d5f92a293efac0b96497f3c0ad19e5,08401dcdc7bcc78f11f41f9621df7429,delivered,2018-07-03 18:58:41,2018-07-05 16:17:18,2018-07-06 08:00:00,2018-07-11 21:37:29,2018-07-19 00:00:00
28b33b3ff1e1ef5e83ff16ade701d262,152f7f1e31c841edcb2e9d218b90e2af,delivered,2017-03-15 20:31:34,2017-03-15 20:31:34,2017-03-16 06:39:06,2017-03-23 16:52:23,2017-04-04 00:00:00
e8cf1ea2e67a4904539450c50755d2ef,7ec9df8ea019ba4504e5535a7c9da8c4,delivered,2018-01-26 14:26:58,2018-01-26 14:35:22,2018-02-01 01:14:53,2018-02-07 20:19:00,2018-02-20 00:00:00
7f4e9dd947b8c7493391930878e8b778,a62023c791ee30d32d8c0b87baa161b3,delivered,2017-12-05 10:08:56,2017-12-07 10:12:20,2017-12-09 02:29:02,2017-12-19 22:23:48,2018-01-08 00:00:00
10d9e0700d28a9c502e7d81473bb2224,3098f766b6e8e9769533d7ffa2472423,delivered,2018-02-05 08:38:22,2018-02-05 08:50:26,2018-02-05 22:38:44,2018-02-15 21:57:21,2018-03-05 00:00:00
00259a44fcad3fc0474329e925d14fc3,7715f80f77f2ebf4583f97a0a6a7548b,delivered,2017-12-27 17:52:11,2017-12-27 17:59:35,2017-12-28 21:53:36,2018-01-04 13:32:46,2018-01-22 00:00:00
15040f094b4f4a45a4d885dd036842af,f84a6add7992918046f7c1fed62de3d2,delivered,2017-09-21 15:58:53,2017-09-21 16:10:23,2017-09-22 18:52:59,2017-09-29 13:52:37,2017-10-06 00:00:00
877232104402e5403db953da2a2fc9fb,4abfd09f7c44257a2dab53f2d9fa04d1,delivered,2018-06-28 16:00:06,2018-06-28 16:15:14,2018-06-29 14:50:00,2018-07-06 22:54:50,2018-07-20 00:00:00
416b0ed65ba7a348e1041689147debd1,5217eade2003b9612ac2aedf5fa1369e,delivered,2017-08-14 18:52:57,2017-08-15 03:55:23,2017-08-17 17:19:56,2017-08-22 16:14:16,2017-09-01 00:00:00
af9c76f5f4f218b688c4e235dc38723d,943340262b059ca78bb13c4ae929c636,delivered,2018-04-16 10:44:09,2018-04-16 10:55:23,2018-04-16 19:54:32,2018-05-02 11:17:31,2018-05-17 00:00:00
50d8dde0dc9d533132878a7a47e674f8,aa5f8aa4c21fe89a04e8d221d4cd8ac1,delivered,2018-08-20 21:10:45,2018-08-22 03:50:12,2018-08-22 09:19:00,2018-08-27 22:34:38,2018-08-30 00:00:00
6906fe84ef6a10af6e321d71c7b46ed9,3a266077b40cc7a23f3a468602f642dd,delivered,2017-11-14 01:16:59,2017-11-14 01:30:23,2017-11-16 17:56:42,2017-12-04 22:58:36,2017-12-12 00:00:00
5124343628b2cd43d0980ccc67353226,0e0be5d9e1789c55463f4366acde4d2e,delivered,2017-06-08 10:49:42,2017-06-10 13:05:06,2017-06-14 16:27:58,2017-06-23 10:51:23,2017-07-05 00:00:00
196dbe48685e509293d3214cc1872d3e,0afbb6f8aba5a498f7798efad83ae3e8,delivered,2017-07-20 14:15:37,2017-07-21 02:45:51,2017-07-24 19:05:44,2017-08-07 23:13:40,2017-08-15 00:00:00
6395c11fdc51e30e0c7e7739359d0b1f,c6a4fda370ea0fbffe2be75deb000c14,delivered,2018-01-14 13:59:58,2018-01-14 14:11:24,2018-01-17 19:53:19,2018-01-27 05:14:24,2018-02-07 00:00:00
62fd4c233bdcfa43057b8a4810a855eb,f0cb15d64322022a1942c806cf41c154,delivered,2017-07-05 23:59:10,2017-07-07 08:23:32,2017-07-07 19:27:25,2017-07-19 18:53:54,2017-07-27 00:00:00
c21f62eab437a5529f7dd3076e7da0e4,49de7e22a4f0bc177da828cd0866d59a,delivered,2018-01-29 16:45:03,2018-01-29 16:55:53,2018-01-30 23:17:56,2018-03-05 18:51:33,2018-03-15 00:00:00
08e386991831b9e99662928af783c0ed,95c0c43f95b6e11a4ffae8f6d6877f74,delivered,2018-05-15 21:50:09,2018-05-15 22:15:41,2018-05-18 14:23:00,2018-05-24 17:31:40,2018-05-29 00:00:00
5d6f7de589fed3156a711dfd607e7f50,d8e8abfdd5595791e6839dd57db99559,delivered,2017-04-20 14:36:55,2017-04-20 14:50:16,2017-04-25 15:00:48,2017-05-16 10:45:34,2017-05-25 00:00:00
5a9a959af722c04f7691c01c88736170,d7a16ce504fdfcb4c96e8bd0a8ff1a98,delivered,2018-01-08 11:01:30,2018-01-09 07:24:03,2018-01-10 12:35:34,2018-01-15 19:15:09,2018-01-31 00:00:00
c8c528189310eaa44a745b8d9d26908b,197a2a6a77da93f678ea0d379f21da0a,canceled,2018-08-28 20:05:14,,,,2018-09-11 00:00:00
d45738e3173a63ac6deeaa1b2168314f,49ecca4958a673be112cbe3549795fab,delivered,2017-09-10 15:53:24,2017-09-12 04:35:41,2017-09-13 12:57:43,2017-09-18 20:33:40,2017-09-27 00:00:00
bfe45a2590b88a391d11454e70a7d984,daf9c315a3cccc94ac74f780fafcdeb7,delivered,2017-11-24 15:44:35,2017-11-24 19:18:21,2017-11-28 20:47:55,2017-12-07 15:57:49,2017-12-18 00:00:00
a884ca2f4a01c613d72df08dc851755a,e24a819cd44b719cbd0f3b76003425eb,delivered,2018-02-21 10:18:23,2018-02-21 12:05:57,2018-02-24 01:52:44,2018-03-01 23:48:27,2018-03-13 00:00:00
9d18163cf9d35e24677b08a21030866d,b6cfe37674486d5bc4037fd4e7bb5bd8,delivered,2018-08-03 00:56:50,2018-08-03 01:05:17,2018-08-06 13:45:00,2018-08-10 17:26:33,2018-08-14 00:00:00
49fd347705840c689965d81ae7f2b415,bf9d1a59dba19dec327d6bb5a2e81088,delivered,2017-04-05 21:37:12,2017-04-05 21:45:19,2017-04-10 06:27:53,2017-04-13 13:49:08,2017-05-11 00:00:00
b7c31842ba974282794a900f7913fab2,f66bc8a80bca632c4321956543632964,delivered,2017-07-14 23:26:36,2017-07-14 23:43:21,2017-07-17 18:07:43,2017-07-18 18:28:56,2017-07-31 00:00:00
ecf0550514f842e08751a017c78fc02a,0d0e3b7a26309a5bd600231c1c103d44,delivered,2017-05-28 14:39:13,2017-05-28 14:45:20,2017-05-29 09:22:54,2017-06-06 17:09:22,2017-06-23 00:00:00
7d04189e83c072cfdde15bcd1deaa23b,16391e75a1bbcb93785c6e816834227a,delivered,2017-07-06 09:03:56,2017-07-06 09:15:12,2017-07-07 20:48:34,2017-07-18 19:48:50,2017-07-28 00:00:00
684389abce7da40001389a81941b12e9,a47945e8f6c39f13ee94b1545ba7e54e,delivered,2017-06-04 19:54:50,2017-06-06 13:30:14,2017-06-06 14:02:07,2017-06-12 14:47:53,2017-06-26 00:00:00
62b1dda825baffcda80b4e8fe10a25d1,4cb9aa684a5f0988ea179e93b6c2bddb,delivered,2018-03-19 09:22:21,2018-03-19 09:35:34,2018-04-04 17:14:38,2018-04-06 17:18:40,2018-04-16 00:00:00
4f591c77d914c5f445f3f1165d015080,b5147cd2703a79677adadc6d219038cd,delivered,2017-10-23 11:04:02,2017-10-23 11:35:28,2017-10-26 18:52:53,2017-11-16 10:26:55,2017-11-22 00:00:00
00ad1a02d4d9decad15c7e8f8a9470cc,db4ce50bf63f8c1a9518462b0499aabd,delivered,2018-08-04 12:40:43,2018-08-04 12:50:17,2018-08-06 11:08:00,2018-08-17 22:21:27,2018-09-04 00:00:00
e8bd6a70539a3b4888a2b8dd053b470d,57d7a0e97246823d94b31681180a91a1,delivered,2018-03-10 13:18:48,2018-03-10 14:20:27,2018-03-15 00:37:36,2018-03-22 17:34:39,2018-04-06 00:00:00
9a9a504bd8c303044422d2ca234992d1,55c6009c77dfd6c050dd74f5cf5e7f5b,delivered,2018-02-08 19:35:41,2018-02-08 19:50:39,2018-02-09 23:14:58,2018-03-20 18:32:15,2018-03-05 00:00:00
c1631d116303f21075fc2d55b4c6e7b0,7aa06e9581e2ab90cb53dc6fcb5a7bc6,delivered,2017-03-04 21:29:01,2017-03-04 21:43:09,2017-03-09 03:32:05,2017-03-16 08:43:45,2017-03-27 00:00:00
984c19cef3db5bdf9a997ddf67f616ce,8b5c51bdf0cbe555fa3dcfe7c54e5f60,delivered,2017-10-03 10:46:47,2017-10-03 11:20:17,2017-10-04 13:51:09,2017-10-05 23:48:54,2017-10-19 00:00:00
ba1415261e29b897a230549d83bde015,07ffdcec270d2300c298af875cdc9447,delivered,2017-10-05 16:57:40,2017-10-06 16:49:28,2017-10-13 18:43:45,2017-10-19 00:17:34,2017-10-30 00:00:00
4d43bfbb3343be92e8d9b221e34271b4,0af44c57d407f2f0e1d37f1489ca9463,delivered,2018-08-13 18:42:05,2018-08-13 18:55:24,2018-08-14 12:59:00,2018-08-23 16:55:06,2018-08-27 00:00:00
313856755062ec3a7b6dbad223115806,19a1a43451c0e1db44df1c8ec97c3c80,delivered,2018-03-27 12:38:33,2018-03-27 12:55:22,2018-03-27 21:56:45,2018-04-04 18:58:48,2018-04-20 00:00:00
b50e3b667299367d4fde7a9395627941,638de3b114af081c426f92e9c7e23c28,delivered,2018-08-14 15:03:06,2018-08-14 15:31:36,2018-08-15 12:14:00,2018-08-20 21:21:01,2018-09-04 00:00:00
6ff141fe62e2b21c5ea927582cf9be61,ddc55f221691ae89eedd4bdcd17014e4,delivered,2018-02-16 14:30:41,2018-02-16 14:47:35,2018-02-26 16:28:38,2018-03-06 20:29:07,2018-03-12 00:00:00
05ec7d4c58b47c6c3249400c512851b2,f9da299d78e82ab667e1061f2850cd29,delivered,2017-12-09 23:24:48,2017-12-09 23:32:23,2017-12-11 19:58:51,2018-01-03 19:47:02,2018-01-18 00:00:00
028f5779c98e7df5dc803824bdaae40b,438587a96c7fdbaaa67dd07b72a170df,delivered,2017-10-30 10:44:09,2017-11-01 03:31:17,2017-11-01 19:22:15,2017-11-03 21:27:57,2017-11-14 00:00:00
b6ffbe0f186440d5aadfeaff7e6ecf0f,ec641354d60bfb11b2db6e165e36b4dd,delivered,2017-06-27 23:32:49,2017-06-27 23:45:16,2017-06-28 14:27:59,2017-07-07 19:51:48,2017-07-19 00:00:00
c23e5dd6ab3f916d4f92f9890ae859eb,8694084141a646f2e8c98808cb3ef847,delivered,2018-05-15 09:21:49,2018-05-15 10:15:40,2018-05-24 13:47:00,2018-06-04 20:18:48,2018-06-21 00:00:00
c906d290e52be53ab891c3e09074a9d9,e44c64cff0802462066ca4a376a0da59,delivered,2017-09-25 12:27:38,2017-09-25 12:44:18,2017-09-27 18:03:42,2017-10-06 18:10:06,2017-10-20 00:00:00
583d26399c28234b68343e4ec352842a,1a1aca3aea66ecc5fa26e1994aad30d6,delivered,2018-06-04 16:04:10,2018-06-04 16:15:25,2018-06-06 07:01:00,2018-06-11 21:21:42,2018-07-19 00:00:00
767f188a65e841e610f8a69e129fbdea,32e4cf48b6e69f385da77b75acdf4c6b,delivered,2017-05-09 21:43:41,2017-05-09 21:55:21,2017-05-16 11:36:26,2017-05-25 12:13:05,2017-05-29 00:00:00
78ab4aa72ce2e7bb7b0ff0d2701253b3,1737ebe20c3faf8da6877df534f55e0a,delivered,2018-01-03 17:17:52,2018-01-04 19:48:25,2018-01-08 16:18:36,2018-01-10 00:54:04,2018-01-26 00:00:00
68e8ce771060f901302ac23924bd1400,5f2027781aea2cfdfd2fb08637d21e8f,delivered,2017-12-23 11:17:51,2017-12-23 11:28:25,2017-12-26 17:52:22,2018-01-09 17:04:53,2018-01-31 00:00:00
19802314932831a78e4f0e3dead30f83,cc825baf36814fe3b4354455ef9a2335,shipped,2017-11-20 11:46:03,2017-11-20 12:10:25,2017-12-14 21:35:17,,2017-12-13 00:00:00
b29f546b1ce275afb2a0c39f0ade6bcc,948f11301fe3a9d560599e9385a969c2,delivered,2017-11-22 02:11:35,2017-11-23 02:07:20,2017-11-23 15:16:57,2017-12-16 10:56:51,2017-12-20 00:00:00
0ec392fc56b5d2e7e4279c19c51b6460,79bdc6288517cb7f94c86be6c97b7ba7,delivered,2017-07-06 01:05:58,2017-07-06 01:23:33,2017-07-11 14:42:49,2017-07-20 20:39:31,2017-07-28 00:00:00
5efc0b7fe9df7f0c567404abaa4d25fc,c9b6ccc9f42e3ac60bb09a0f53a09973,delivered,2018-03-25 15:56:25,2018-03-25 16:10:28,2018-03-27 11:05:57,2018-04-02 22:10:54,2018-04-18 00:00:00
da9c1fea6f01b428bb64d42d81269182,c57634d5990d5d8952865f55f994cc4d,delivered,2018-01-18 10:01:14,2018-01-18 10:17:08,2018-01-18 22:56:38,2018-01-26 13:18:56,2018-02-09 00:00:00
c75dfb74f7e634744d13799759233b78,2612bdea8da13840fcf41e580f3aecc5,delivered,2018-02-09 09:48:04,2018-02-10 09:47:53,2018-02-16 22:34:52,2018-03-05 20:50:52,2018-03-06 00:00:00
8dff68c5f21e32956efbbabe74ab4f40,b546f0cebef70e009c2fab7ff38cacd5,delivered,2018-04-08 08:38:40,2018-04-08 08:50:39,2018-04-10 01:42:48,2018-04-11 19:19:06,2018-05-09 00:00:00
cb3ca9baa4bfda81f6647237988eccd6,0e87a2a2e9346a2cf775f81c0d9ca9bb,delivered,2018-06-08 20:36:03,2018-06-08 20:59:20,2018-06-11 16:10:00,2018-06-21 00:55:24,2018-07-17 00:00:00
ae3818a9067c10088e84a13bceaa9b68,e86063bc25b588c3766e511d708b2905,delivered,2018-02-21 19:46:29,2018-02-21 19:55:36,2018-02-23 01:08:34,2018-04-04 23:51:38,2018-03-22 00:00:00
7a76691d8f0fed490e0d88bfb803b8f0,f24a0e19b97b8cb4c2bde1320f3a11e3,delivered,2017-03-23 20:25:12,2017-03-23 20:35:15,2017-03-24 09:51:07,2017-04-03 12:14:12,2017-04-13 00:00:00
652ddc0265fbed072d7b31433f9842a0,c6691e1f1d4cd05a493d80e62bd15d35,delivered,2018-05-13 22:11:03,2018-05-13 22:32:35,2018-05-22 14:45:00,2018-06-08 21:52:04,2018-06-26 00:00:00
204e562a760b68ad78d5032698bf6840,4c5f600b0af36d34eecc8e2b1bb63ff8,delivered,2017-06-12 13:50:44,2017-06-12 14:02:42,2017-06-16 20:07:46,2017-06-26 13:32:38,2017-07-05 00:00:00
ba568688e2f462d7c44a3fdc62e6456f,1d961c2c710931fed10a7bb0b91e6fcf,delivered,2017-11-19 11:35:49,2017-11-19 11:46:59,2017-11-23 15:31:25,2017-11-25 15:29:50,2017-12-06 00:00:00
6054b24d6a5bbe0e90fd7ebb14d602e8,ea3742e869d611ce91ce6cdc43bea07b,delivered,2018-08-23 09:35:05,2018-08-23 09:50:16,2018-08-24 14:24:00,2018-08-27 16:32:34,2018-08-31 00:00:00
adf7aaadebc68680921043015e141781,2aff521038707d414de8632a6bd8ddbc,canceled,2017-05-15 09:06:16,2017-05-15 09:15:17,,,2017-06-19 00:00:00
c6d3e5adeb9ccf5e0d490834e0b24271,37b0c1a6d621193be536b00fc69f4da9,delivered,2017-08-11 10:47:44,2017-08-12 10:55:18,2017-08-17 21:17:49,2017-08-24 15:18:47,2017-09-04 00:00:00
bc491210c65d22f6572a4370f8e60248,1e0f12bffae1cb0f423103ebdb329283,delivered,2017-03-12 23:59:42,2017-03-12 23:59:42,2017-03-13 10:41:13,2017-03-16 14:15:59,2017-03-30 00:00:00
0c2145845231f6707fedad2baf767b41,b73cbf9c01a0f36287fbffc7905dce70,delivered,2017-12-30 20:05:15,2017-12-30 20:12:21,2018-01-04 15:15:30,2018-01-09 15:30:16,2018-01-24 00:00:00
4ba950df08c74788b24c665c7e40d4ae,8c90a66010b027458da5d89bfad7b24f,delivered,2017-09-12 13:15:55,2017-09-13 13:10:25,2017-09-19 16:04:32,2017-09-22 16:25:06,2017-09-29 00:00:00
a5e772c346ff0efe7782947e38f59a8b,34ef2b3671d059284077635cdd76826b,delivered,2018-03-07 09:17:47,2018-03-07 09:30:47,2018-03-07 21:19:51,2018-03-29 02:40:36,2018-03-29 00:00:00
60f57fe756bf90250589634133afea3a,7c8614fa7b6d8e01edd96e32f3454bd1,delivered,2018-02-16 17:29:09,2018-02-16 17:47:38,2018-02-22 03:28:44,2018-03-15 20:48:40,2018-03-05 00:00:00
1d9938f86a540f1cc78af4ef2b21f65b,6999658d578eb62c7559abf3b88f78c0,delivered,2018-02-22 16:59:48,2018-02-22 17:15:59,2018-02-23 21:07:49,2018-03-01 19:27:04,2018-03-27 00:00:00
791991a7db7d70d16897990d39b0a173,48d8f65327f83e2029276d477f4cfc18,delivered,2018-07-07 13:54:24,2018-07-10 04:15:12,2018-07-10 19:59:00,2018-07-11 15:47:39,2018-07-19 00:00:00
02913330a2afb68b49bc9c5370bd5517,8ada7e4f6ce429a858423a217c7225a0,delivered,2018-01-28 15:38:58,2018-01-28 15:58:48,2018-01-30 10:22:02,2018-02-14 16:57:02,2018-02-22 00:00:00
b853bced6757ac9b0b78ee624de5e45d,691a9ac19fb412b0d505002b885a664e,delivered,2018-01-15 14:41:21,2018-01-15 14:51:25,2018-01-19 19:42:35,2018-01-22 16:09:17,2018-02-01 00:00:00
1b3f223f58c9bc6eb519696b4ac16cd5,311172c3bca4313edf547ba9fb7864be,delivered,2018-06-05 18:17:58,2018-06-06 03:11:20,2018-06-08 15:05:00,2018-06-15 19:27:21,2018-07-12 00:00:00
7931c99744c2989d6f5218d38f439804,6ab98db5b69a208cc166997a3fa31c45,delivered,2018-08-06 19:57:44,2018-08-06 20:10:21,2018-08-07 18:35:00,2018-08-15 02:12:50,2018-09-04 00:00:00
8a01d7dddba4415103899d87ef6a5ab7,94fb73174290f8ffbdba81e43e64bb7a,delivered,2018-02-18 16:25:06,2018-02-18 17:27:10,2018-02-21 20:23:32,2018-02-22 20:38:58,2018-03-06 00:00:00
197fdb2270597913a3ba471f251d01c5,0e2e50595cfab0a0b7c2482dba5960ff,delivered,2017-03-25 08:21:56,2017-03-25 08:30:16,2017-03-27 14:40:02,2017-03-31 11:17:52,2017-04-13 00:00:00
6de7e3324f992c2563e89ca5b3ca3961,658d11bd93286addfd9aa0838df02b6b,delivered,2018-03-18 16:46:58,2018-03-18 17:09:20,2018-04-02 13:52:36,2018-04-05 18:32:13,2018-04-09 00:00:00
acd028b8d85a8ac15f7621e610da31e5,3393a81259c166a36b3b965bffbeaece,delivered,2018-02-28 19:10:33,2018-02-28 19:28:35,2018-03-06 18:46:45,2018-04-17 20:48:37,2018-03-26 00:00:00
576668497bf1dc1ca572fcf231234444,5892707a70dea204bd5b404dbc02993d,delivered,2018-03-09 22:20:51,2018-03-09 23:00:35,2018-03-12 22:18:26,2018-05-14 19:52:48,2018-04-04 00:00:00
eadbc9a7655e5554ca49399874f7e2fe,371f737623240038bee3b526b809a4c4,delivered,2017-09-24 12:05:52,2017-09-26 03:56:14,2017-09-26 18:16:41,2017-10-05 18:04:43,2017-10-24 00:00:00
5482a1c74b1b5fb1af78a425b7ceabb8,4622254cdb12f6f815e6a8461ae9ddea,delivered,2018-08-16 17:07:25,2018-08-20 14:56:20,2018-08-22 13:11:00,2018-08-30 17:58:52,2018-09-11 00:00:00
81e4c4d7594a8111a17da1f1b399ba07,42690ee9d3a727a176e4ba6272ab6feb,delivered,2017-09-07 13:10:23,2017-09-07 13:25:16,2017-09-08 22:04:11,2017-09-25 18:18:58,2017-10-05 00:00:00
6e3c66102a47f297ac466cf1881802a6,f9d4779ebedf06248f5a3096015dee73,delivered,2018-01-17 17:00:50,2018-01-18 02:13:07,2018-01-22 22:25:20,2018-01-30 20:42:31,2018-02-14 00:00:00
4c8ec3cddd2db163e7cf2d6b1996629e,e04d7e850a68d1bc6dd43fc04cf505bb,delivered,2018-07-26 12:19:00,2018-07-27 09:10:13,2018-07-27 11:55:00,2018-08-01 18:11:56,2018-08-15 00:00:00
801ff9fd867535b5d27f82019cfef7e1,5e8bf0eda6937b9050cc77c6bfe223af,delivered,2017-07-06 10:25:10,2017-07-07 02:45:57,2017-07-11 11:16:50,2017-07-19 19:52:44,2017-07-31 00:00:00
153d12e2d5e7765786be73cb3900a442,6ab968193fb67b718afdf6bf6cee1f5e,delivered,2018-05-10 09:08:34,2018-05-10 09:35:06,2018-05-16 11:17:00,2018-05-22 23:05:08,2018-06-04 00:00:00
f12ef7eed107de3791b1db5b8cd4852b,a95a0af104d58114e3d3e9c52427ca7e,delivered,2017-09-26 21:12:04,2017-09-26 21:28:20,2017-09-30 15:15:56,2017-10-03 19:22:17,2017-10-13 00:00:00
647c2286962851bb7b82d2238a2af37e,8d26289d2fae953a89034bab3efdf657,delivered,2017-07-29 11:56:37,2017-07-29 12:10:13,2017-07-31 20:12:25,2017-08-04 20:22:32,2017-08-18 00:00:00
9b04dbbc638c90f5ef32517e299b56ee,aff7cbd6fe31a337ebb602534ab8c5d9,delivered,2017-12-06 11:04:09,2017-12-06 12:30:45,2017-12-06 20:56:52,2017-12-29 21:24:32,2018-01-03 00:00:00
127f6cc9849c481c4f0daf043a91a129,5a7beedd2aa09902d76977734156ad91,delivered,2018-07-19 10:21:06,2018-07-20 10:15:20,2018-07-23 15:25:00,2018-07-30 15:48:53,2018-08-09 00:00:00
71fbb9971d84bf97accb75d2f70b04bd,a7276b8ee5943682b258aadbc2a19840,delivered,2018-05-08 23:25:12,2018-05-10 03:36:56,2018-05-10 15:18:00,2018-05-14 11:24:39,2018-06-01 00:00:00
b78da14c140496aa8b460e0822009d59,e5d16033bafd87eaba2b0e2276d8ffd0,delivered,2018-02-22 10:45:52,2018-02-23 10:50:53,2018-02-27 18:08:38,2018-02-28 18:28:39,2018-03-08 00:00:00
4c6e24a5fceacbcf444cdb5141ec1688,218d425c279280a079a8d81e02b4ede0,delivered,2018-08-07 12:16:16,2018-08-09 03:44:53,2018-08-09 13:20:00,2018-08-14 12:38:37,2018-09-12 00:00:00
7dc752874b41282cfc7a1d5b22a5baef,7e710d6d426e7b9d30e7f2caeeb6d7d0,delivered,2018-08-24 19:42:51,2018-08-24 19:55:21,2018-08-27 12:26:00,2018-08-30 23:15:37,2018-09-11 00:00:00
4884bd0f5624b0b791920965686cf6ff,9ea3c1c432aa8be6b9c04d7fea7f66ed,delivered,2018-05-22 17:58:24,2018-05-23 12:00:07,2018-05-23 15:26:00,2018-06-07 22:48:22,2018-06-12 00:00:00
014ffbfe2df4c96a2b063d084583978f,ea1991a3341d703b3b5c4c97790b8b2b,delivered,2017-11-23 22:36:25,2017-11-23 22:48:38,2017-11-24 20:24:46,2017-12-07 20:38:35,2017-12-18 00:00:00
9540c8c39b1ba6b1d92483e4bfc9759e,a567d00cce9a16c45c561f6c3d0d6cc8,delivered,2018-05-16 13:06:09,2018-05-16 13:33:14,2018-05-17 13:08:00,2018-05-21 22:18:36,2018-05-30 00:00:00
4286ab109d291573318c2485623e30e9,46be9ec2f01b56e98ddfdc285b55fe06,delivered,2018-02-27 13:00:35,2018-03-01 02:49:17,2018-03-07 00:41:34,2018-03-26 18:28:52,2018-03-27 00:00:00
192162688f179d526243e303ed01abe6,fe8b3a40ab3d9ea1b2e38aa24a324207,delivered,2018-05-30 13:00:03,2018-05-30 13:10:17,2018-05-30 16:21:00,2018-06-08 20:48:24,2018-07-16 00:00:00
f0935e4d348302a4140276ed7c6c1545,4713a5691cbaa68a98c8774fa9cafb6a,delivered,2018-02-19 14:12:58,2018-02-19 16:15:35,2018-02-21 20:27:11,2018-02-24 14:36:54,2018-03-13 00:00:00
ce91d4cd4fe17530b17e1a0055a41ec8,21816317d87d15e3270354485d9eb8f1,delivered,2017-12-14 08:55:35,2017-12-15 02:17:23,2017-12-22 22:35:43,2018-01-06 11:45:12,2018-01-11 00:00:00
3ac9fd0e6797ffbc3a44bf264ef48f5d,17bf429fcda123766dc0a1b70ab0d516,delivered,2018-05-07 19:53:10,2018-05-07 20:11:17,2018-05-08 15:17:00,2018-05-09 20:18:42,2018-05-18 00:00:00
746cc121ac6f89db74a5fd4561727252,042193d276acb3484499d9cf145ef90c,delivered,2018-06-24 13:25:57,2018-06-24 13:35:18,2018-06-25 13:47:00,2018-06-28 23:56:33,2018-07-16 00:00:00
c3a3138b83444e2e6c24b0bdd327bd30,4f45d57597e28593ae50b9c4fea31173,delivered,2017-12-11 21:59:48,2017-12-12 00:14:09,2017-12-14 11:44:47,2017-12-20 03:07:19,2017-12-28 00:00:00
9fa477fbd91ee8d606ff71e50ac338df,b555fbd540c87c32c19f5d97cfe35822,delivered,2018-02-07 09:01:40,2018-02-07 09:10:32,2018-02-07 19:32:03,2018-02-14 16:38:49,2018-03-05 00:00:00
f49edcfe5848443af94ac0c4abfd567f,0f23c6bff75a40bdcb20ec9086522179,delivered,2017-06-27 14:42:12,2017-06-28 02:10:26,2017-07-03 14:15:51,2017-07-18 19:32:03,2017-08-02 00:00:00
8cb7144be7be61b57614e79ece54a225,fab1c8d0492140b974bd11575b4c0e78,canceled,2017-11-14 16:47:06,2017-11-15 02:56:21,,,2017-12-06 00:00:00
3bfc35d4ba7683a65787e6be78b670f4,96793de70a686acc4a18d3d3f684e4ee,delivered,2018-06-24 17:08:53,2018-06-24 17:34:10,2018-06-25 14:26:00,2018-06-26 13:54:34,2018-07-13 00:00:00
199af31afc78c699f0dbf71fb178d4d4,24bbf5fd2f2e1b359ee7de94defc4a15,delivered,2017-04-18 18:50:13,2017-04-19 15:50:15,2017-04-25 13:39:59,2017-05-07 10:42:39,2017-05-15 00:00:00
c33d265d1050e0a3ddf9796301141a81,db19751490d5753ba9cd7d538da7181b,delivered,2017-12-10 12:31:44,2017-12-12 12:32:43,2017-12-13 22:32:15,2017-12-21 23:54:08,2018-01-11 00:00:00
f4a2e4ba8b38d477a33e67c8a7840352,e4cd5156b85981c993aabe5a612b0cae,delivered,2018-08-15 22:12:23,2018-08-15 22:44:08,2018-08-16 13:53:00,2018-08-17 21:31:55,2018-08-20 00:00:00
e0e0363b6d647a1ce534335bb1d84ebf,8605595118f211032dd982e966359be9,invoiced,2017-08-03 07:57:02,2017-08-04 02:15:17,,,2017-08-28 00:00:00
d13a4ce63c7414eb0705119412532eb3,90691f44f0b9da297fe03485feb295b6,delivered,2017-09-25 20:06:59,2017-09-25 20:24:36,2017-09-26 18:54:53,2017-10-02 21:43:45,2017-10-20 00:00:00
4d41f2b0d7100876dcef7b92b955fabc,06e30ee84a0678d353928f7306faac30,delivered,2018-03-19 20:23:28,2018-03-19 20:35:35,2018-03-20 18:38:46,2018-03-21 19:41:51,2018-03-29 00:00:00
a80d06f55bd89375f2f07af38a6d5f91,3b94cbe2da4723336d56d2d2c3451b42,delivered,2018-03-31 17:40:49,2018-03-31 18:27:12,2018-04-04 01:44:43,2018-04-05 20:21:44,2018-04-18 00:00:00
5e8d4d545cb084dca5b0c71798b3a5ee,b768841e6f8f26ab8bcfe8878a648684,delivered,2018-04-08 22:50:52,2018-04-08 23:09:49,2018-04-10 20:19:12,2018-04-11 21:33:07,2018-04-23 00:00:00
4b766e7fb74bd1b08ef8e58b0d571b71,e5282471771ac804b0556f65efa44e74,delivered,2018-01-31 10:15:32,2018-01-31 13:43:58,2018-02-01 20:12:54,2018-02-10 10:27:26,2018-03-01 00:00:00
7a55d04b91c3854b9cb2444fccc8dcdf,2e3b075b8bee34a7ac439e96b9201c3f,delivered,2018-06-01 16:15:30,2018-06-01 16:33:08,2018-06-04 13:34:00,2018-06-11 17:58:49,2018-06-26 00:00:00
aed2da811d45d0cdd0566d83a44f9724,1a3677b7315ceb6f19ea02af64389b53,delivered,2018-04-04 20:21:53,2018-04-05 21:09:11,2018-04-06 20:51:16,2018-04-11 13:02:26,2018-05-02 00:00:00
38855925f815a5c3f4ce58f6c6f9113d,24e2f602477037622c685a7bfaad0c6a,delivered,2018-07-02 13:41:23,2018-07-02 13:50:38,2018-07-04 14:19:00,2018-07-10 18:42:33,2018-07-27 00:00:00
dbe8ecd957db3aaa6a15609223afe9a6,e0a036f5b8f574ecc5744cfdafa368fb,delivered,2017-09-13 17:05:26,2017-09-14 03:06:06,2017-09-14 21:10:21,2017-09-18 19:47:51,2017-09-29 00:00:00
b5a1d012931f59ed905df201cf2aba80,56e7899b07b9a515442d8855a6e049b3,delivered,2017-08-07 17:41:16,2017-08-07 18:20:06,2017-08-08 20:11:58,2017-08-11 15:57:44,2017-08-29 00:00:00
afb7c0f7929d4ac3b13a200b2137d90b,e7172bfce0d5f27fa2999884f6080f61,delivered,2018-06-26 14:21:56,2018-06-26 14:35:27,2018-06-28 12:10:00,2018-07-03 01:07:55,2018-07-31 00:00:00
8dbc85d1447242f3b127dda390d56e19,3d979689f636322c62418b6346b1c6d2,delivered,2018-06-22 12:23:19,2018-06-22 12:36:36,2018-06-22 13:00:00,2018-07-06 01:08:30,2018-07-17 00:00:00
d83f19fa5fce346e31c60b35257f4329,4da1bfe6e373952b0ecbeb6b54343fb4,delivered,2018-08-04 20:51:49,2018-08-07 04:24:50,2018-08-09 14:14:00,2018-08-13 19:48:30,2018-08-23 00:00:00
c235bf02873c715d34d2036031d3b9c7,2566c2f24dfb920ba9a2516228c48fd0,delivered,2018-08-10 20:08:10,2018-08-10 20:24:30,2018-08-13 14:12:00,2018-08-17 02:35:39,2018-08-31 00:00:00
53ec902459673efbbcb34dec981931d3,489a3ed6905c005864a69d534cba1aca,unavailable,2017-07-23 22:47:19,2017-07-23 23:03:21,,,2017-08-15 00:00:00
3044d11f2c5790298aa2fa9959961876,90684e8e76e2b689d36e74bdaacd6ba8,delivered,2017-07-02 13:01:47,2017-07-02 13:10:13,2017-07-05 14:32:36,2017-07-14 19:03:43,2017-07-27 00:00:00
c2251dd482d3d185a7339f603c2de21b,ed4976f12ee52ce5ae8a150b4c74eb81,delivered,2017-09-13 15:04:22,2017-09-14 15:04:55,2017-09-19 18:42:33,2017-09-28 15:40:18,2017-10-11 00:00:00
e21329e12892d716142c2f50ff54d816,f799a8e6f3abdb5c59d0ad4a5217f032,delivered,2017-06-09 20:31:21,2017-06-09 20:42:44,2017-06-12 14:43:56,2017-06-22 16:26:38,2017-07-11 00:00:00
6d79dcf0dca92873e245ad1694c2b3ee,6c5314b678b08c13693fee8f90fc732a,delivered,2018-02-14 13:59:03,2018-02-16 07:50:44,2018-02-22 20:51:48,2018-03-13 18:22:50,2018-03-13 00:00:00
fc662bafa52d2ef16078f6f6141009d6,f3ab9ca7b6a450eaa47bdcb67175ee74,delivered,2018-02-01 07:44:28,2018-02-02 02:54:18,2018-02-02 22:42:42,2018-02-11 16:48:51,2018-02-23 00:00:00
9287c71f6d416c275d1f98e7e945f64d,382b9743a55339461109ae51d3f3633c,delivered,2018-05-16 08:26:23,2018-05-16 08:53:20,2018-05-22 14:14:00,2018-06-04 23:16:43,2018-06-07 00:00:00
50d13ba81241f2be0e2561cffdd5d088,55408c56825b0611d385aa22b233e383,delivered,2018-08-21 13:57:53,2018-08-21 14:10:31,2018-08-27 12:43:00,2018-08-30 16:26:40,2018-09-21 00:00:00
34af854160e7ab47a2b578f22dce8684,a26e57e9f234d61b47047662377e8772,delivered,2018-06-07 14:59:02,2018-06-07 15:19:19,2018-06-08 15:13:00,2018-06-15 16:12:32,2018-07-13 00:00:00
535a9f00a598a142db67ed0a61a9a52b,f0254df400bc42848989555bf70a5b51,delivered,2018-01-14 19:34:06,2018-01-14 19:48:46,2018-01-16 22:28:44,2018-01-18 14:17:46,2018-01-30 00:00:00
af6abe9c52e60044f9a708a55cb9b189,04c87355ded588f31f753951fd7e4af0,delivered,2018-02-21 22:22:48,2018-02-21 22:35:22,2018-02-23 19:08:25,2018-02-28 16:53:15,2018-03-21 00:00:00
43d8ac2e1b472f06ae2c8c4dea29fe7c,ba7849c7b26841bccc9027362df25bb8,delivered,2017-10-01 12:09:23,2017-10-01 12:24:11,2017-10-03 17:19:14,2017-10-09 21:09:52,2017-10-26 00:00:00
aae84f9096ee934bec7b48604a47e6e1,d6a75734ce93d5310fc80deb80792687,delivered,2017-11-24 12:00:57,2017-11-25 04:18:22,2017-11-29 14:58:39,2017-11-30 19:17:40,2017-12-08 00:00:00
faef665b7a0746076cdba7746c217cb0,f1b5fefd2603e754ff40d1a48290080b,delivered,2018-04-11 11:42:25,2018-04-11 11:50:51,2018-04-11 23:52:54,2018-04-28 00:05:30,2018-05-08 00:00:00
a197b35f219e5f959cad58cc5a229678,2bdf166505bb1203f42b862151e7523c,delivered,2018-01-04 19:02:24,2018-01-05 03:32:01,2018-01-05 21:28:53,2018-01-10 23:54:09,2018-01-30 00:00:00
e40d0c72305e1f0be6925df1e4378221,09cb79df62a7ca61507fca903adfe410,unavailable,2017-11-03 20:21:30,2017-11-03 20:35:23,,,2017-12-01 00:00:00
2f40c8579236a29cb23f92d2533485b4,0c6d017a06cc5bc45470adeb745df3a1,delivered,2018-05-08 13:31:39,2018-05-08 13:50:26,2018-05-09 16:19:00,2018-05-24 10:06:43,2018-06-11 00:00:00
875bc8ca828e1c5856dbc0b30da8cc34,21ab582841cf9dd27cf3e43dd410a472,delivered,2018-06-26 21:55:47,2018-06-26 22:10:47,2018-06-28 12:19:00,2018-06-30 00:22:24,2018-07-11 00:00:00
0b549e03c90c9817ce5280ce5c06dd75,1eb55185b50db256089627a30a7eea89,delivered,2018-04-01 23:42:50,2018-04-03 05:48:47,2018-04-04 16:26:45,2018-04-07 00:10:56,2018-04-12 00:00:00
c012d344cb9c8788cdbf60b4e4d1fc43,37443de33b5b20b5fa0f6409e3e40708,delivered,2018-03-20 17:08:17,2018-03-22 10:35:33,2018-03-22 22:11:53,2018-04-25 15:40:43,2018-04-17 00:00:00
1e0a395430b20ee676be812c714b1ba6,8c83d3f25416f79406586ed2755d7b4d,delivered,2018-08-12 17:36:30,2018-08-12 17:50:10,2018-08-13 14:55:00,2018-08-16 17:24:43,2018-08-27 00:00:00
4ed9c32a4e9d45ab8b3b9596e69f7346,3227fb6f17d3a5f8b131c9782516ed07,delivered,2018-05-15 21:40:52,2018-05-15 21:55:25,2018-05-16 15:11:00,2018-05-21 19:08:50,2018-05-25 00:00:00
e773828baa347406cab28b4666ecc869,5b4c28c2c3d722ad845e1883da34e8e7,delivered,2018-08-03 14:36:41,2018-08-03 14:45:15,2018-08-06 15:01:00,2018-08-07 18:12:48,2018-08-10 00:00:00
2b2354a7ca69d0b7f006aeab04524c12,ae9126e7f4fd1d156c489b3ee26c3324,delivered,2018-07-08 09:51:11,2018-07-08 10:05:26,2018-07-10 15:10:00,2018-07-23 19:48:00,2018-08-13 00:00:00
fdec4779c139653010892cec5f7b35e2,390737ff44f32b4b03dc589ed323debd,delivered,2017-08-10 16:03:37,2017-08-10 16:15:12,2017-08-11 19:29:58,2017-08-21 16:11:37,2017-09-05 00:00:00
7830b4558355121b3b0703913ad9d100,97a7421fe26352e0209f4800087ee817,delivered,2018-01-31 16:45:45,2018-02-01 16:56:57,2018-02-06 19:26:46,2018-02-07 18:23:16,2018-02-16 00:00:00
0a32952933d2a181dfe8f11d41f9f9b2,60ec77f4aec77bd0fc41ddd733af687b,delivered,2017-06-19 08:37:15,2017-06-20 08:43:07,2017-06-27 16:38:00,2017-07-13 19:06:44,2017-07-13 00:00:00
8171523911786efd1d91c66d69051fcd,6152fbfc8a92ee25fd821740bd33b089,delivered,2018-06-11 21:17:41,2018-06-12 09:00:57,2018-06-14 13:27:00,2018-06-21 18:54:50,2018-07-04 00:00:00
739d6562c43ddba4b4c1036113206abd,0f1c14d9a7aefb667c13c461122de629,delivered,2017-09-26 22:56:51,2017-09-26 23:07:25,2017-09-28 18:28:56,2017-10-05 19:02:27,2017-10-25 00:00:00
e3d651007ef1548b71b4285ca0f484e4,002ebb669a34b9e79c88efc755e95322,delivered,2018-08-11 12:41:01,2018-08-11 12:55:26,2018-08-13 13:07:00,2018-08-18 00:08:51,2018-09-12 00:00:00
00ceda91cb2ded8570ca73e70571740a,26c6e0c2d9f2ea36acb63a8af98f7a9a,delivered,2018-02-06 10:46:53,2018-02-06 11:50:49,2018-02-06 21:28:29,2018-02-16 14:34:27,2018-03-06 00:00:00
2c3f9230b4b5e62b5b75e294ecbb81b1,676b89eb40103ec0c9860a7c4cbb7bb5,delivered,2018-03-04 21:13:20,2018-03-04 21:30:31,2018-03-05 23:45:55,2018-04-03 19:21:15,2018-04-06 00:00:00
c68e47bd3dab5dd575a6c65848663923,104116a0f3d6a9f2716652c0e051469f,delivered,2017-05-11 16:36:32,2017-05-11 16:45:25,2017-05-12 12:05:57,2017-05-23 11:33:00,2017-05-31 00:00:00
bbd5315a7667b9537e1cf428fddf09b6,0c4d8a4392b18fe20a9a5f0a9189e0e7,delivered,2018-06-12 08:34:22,2018-06-12 09:02:28,2018-06-13 09:29:00,2018-06-19 17:09:51,2018-07-13 00:00:00
49645a8902c1ba980836b7bff991d69f,821a7275a08f32975caceff2e08ea262,delivered,2018-04-04 17:50:52,2018-04-04 18:08:41,2018-04-05 16:36:49,2018-04-06 23:32:21,2018-04-18 00:00:00
7de7616c54157429d4da1735349c345b,9b6c9edf7a25fc3db18ae72023576d3e,delivered,2018-02-26 15:56:05,2018-02-26 16:15:38,2018-03-08 21:04:33,2018-03-15 22:14:28,2018-03-23 00:00:00
657d6c967a9b233cc5213fdc0434d8b2,21158ecbcab099b4dfa5f3d5a1940e37,delivered,2018-01-16 13:35:26,2018-01-16 13:50:56,2018-01-18 01:33:59,2018-02-07 19:58:43,2018-02-07 00:00:00
a09e2bca86a90e8ab0bd8e504426e2e1,467bbea286a1ef54838a9092ada16493,delivered,2018-01-17 15:02:26,2018-01-17 15:11:26,2018-01-18 23:04:41,2018-01-29 15:35:28,2018-02-07 00:00:00
333f77d5d24ed206a3033fba85096b75,93ec5b85dd3dd10e050ec11d210e9eb9,delivered,2018-02-17 10:10:14,2018-02-17 10:32:56,2018-02-20 19:39:11,2018-02-26 21:52:06,2018-03-14 00:00:00
d183fc49f91a7ab7a5450ffc7057a6ff,0a9ac0c78e9dece6fa0e9ea38c17eeb8,delivered,2017-11-27 19:30:58,2017-11-27 19:56:59,2017-12-07 17:42:12,2017-12-12 21:13:00,2018-01-03 00:00:00
8a815ef04af4a8e91fd908912074ac5c,9e71c63be92d1d3fcdcc7b601f5a8c25,delivered,2018-08-09 11:02:23,2018-08-09 15:25:16,2018-08-10 14:49:00,2018-08-11 20:08:52,2018-08-17 00:00:00
82b6dbd2e82b747fa17ab0d7c715fe73,196e42d45e6dd85d732b8f3da3aa4a9c,delivered,2018-07-12 20:59:40,2018-07-13 19:55:17,2018-07-19 19:25:00,2018-07-20 22:36:44,2018-07-26 00:00:00
eca71337cf21604694b68488edfa6d86,1e990616c033501f830e457435085ece,delivered,2018-05-11 20:23:30,2018-05-11 20:35:18,2018-05-14 13:03:00,2018-05-15 17:16:13,2018-05-24 00:00:00
0385c406dcd7068b21e209740a4ef876,2deb180df56cd700c4c92628718d3d8a,delivered,2017-04-11 16:38:42,2017-04-11 16:50:23,2017-04-17 11:18:24,2017-04-20 18:34:56,2017-05-17 00:00:00
32205d676b64acc1c69f404bf0537166,6d3152ce8eb81f4837c6534a9a827683,delivered,2017-08-13 19:57:41,2017-08-13 20:15:11,2017-08-16 18:52:54,2017-08-21 18:02:43,2017-09-05 00:00:00
85f64d0cfe65f28d287067a0032a3b4c,36bafbf5ea6442ced7966411c8b9584f,delivered,2017-10-18 17:01:49,2017-10-19 10:46:06,2017-10-20 11:24:06,2017-11-15 15:38:50,2017-11-22 00:00:00
11d8e2bcf6e6cc183404890465b2f402,05cd6a810380d37113c7030f6951b2b8,delivered,2017-11-26 12:04:00,2017-11-26 12:12:25,2017-11-28 19:11:30,2017-12-05 16:19:01,2017-12-18 00:00:00
5ba96da244b3eb9310e1f91bc3c6acff,c8565a39b16d5f0f35895dc6dba5f72f,delivered,2017-07-13 13:39:11,2017-07-13 13:50:17,2017-07-13 19:58:39,2017-08-04 16:59:05,2017-08-23 00:00:00
d8aa886bfa7d140c2ec1c7f9a310e007,ad30e92f85cdcc70fe82d0b048915ead,delivered,2018-06-03 19:41:06,2018-06-03 19:55:18,2018-06-21 14:04:00,2018-07-11 17:08:32,2018-07-16 00:00:00
58cc4646b6b5a706c9314c302ae00714,2e4087986fa221f5263e10e27c8e9709,delivered,2018-04-25 12:27:57,2018-04-27 03:50:49,2018-04-30 13:30:00,2018-05-07 23:36:49,2018-05-17 00:00:00
7eea0c44a7714ed7527a66cde637298c,5cd8eeeb16e8db00d36b21d29b616276,delivered,2018-02-28 10:28:50,2018-02-28 10:50:13,2018-03-01 17:39:28,2018-03-05 17:48:40,2018-03-13 00:00:00
61dd0efaf7b949ec0c1d45cd9bc731a9,084614c058967703e18d2e86ebf84be2,delivered,2017-10-14 23:08:28,2017-10-14 23:25:37,2017-10-17 17:07:05,2017-10-18 17:56:36,2017-10-26 00:00:00
10a3f7e9bf88b7dc86a767fd278e5bd2,2eb12f077aa1c925a071a2054af81951,delivered,2017-11-08 01:29:00,2017-11-08 01:46:19,2017-11-13 15:04:46,2017-11-20 20:12:13,2017-11-30 00:00:00
e7cc5ff6366f7cc76c9285821a91b5c2,e558a99543d50f390898597de98fd6a9,delivered,2017-08-10 13:17:10,2017-08-10 13:30:23,2017-08-10 19:38:04,2017-08-15 17:39:59,2017-08-30 00:00:00
64439b9234594e291aa9a30c226f257e,5589f11e2d235ab3e5c279d8fdfe63ba,delivered,2018-07-09 00:04:47,2018-07-09 00:25:18,2018-07-24 16:24:00,2018-07-30 15:38:46,2018-07-25 00:00:00
c1fea3ac1f26d7e51e4a78e564291a6a,e57058a605651b7ac2852fe3e5a06313,delivered,2017-05-18 16:00:11,2017-05-18 16:15:21,2017-05-19 16:10:14,2017-05-23 13:58:51,2017-06-07 00:00:00
1e7047105c023a4482c75d1a99880426,2ded964aec3168c8f62dea30b72f447d,delivered,2018-03-02 20:58:58,2018-03-06 03:49:29,2018-03-08 15:03:39,2018-04-03 22:16:49,2018-04-04 00:00:00
28ce9f21d700f4d00c2d53fe829911f3,334ebcfc6dd06afe410b13fef79a87c1,delivered,2017-08-30 18:00:36,2017-08-30 18:10:58,2017-09-01 17:33:04,2017-09-19 19:32:15,2017-10-05 00:00:00
e128f9ebc461c55ac1340e0613de3c94,17a9279dced128e0aa1ff1642d7fc7ff,delivered,2018-01-13 15:38:16,2018-01-13 15:49:26,2018-01-19 02:42:29,2018-01-23 10:06:34,2018-02-05 00:00:00
3ca18df2135c0a2602ea7d0e9bf8cb03,6b414ea1698537945c2070bb0869405f,delivered,2018-05-01 16:53:21,2018-05-01 17:12:54,2018-05-02 19:34:00,2018-05-03 19:26:49,2018-05-17 00:00:00
7de211c02c76ed58f71729046caa8dc0,3cd05ec631626867f4b37080dc98ff18,delivered,2018-02-21 17:31:24,2018-02-23 02:10:40,2018-02-26 11:19:00,2018-03-13 17:23:43,2018-03-16 00:00:00
f42bd83a4ab3d73b94ee8df42a589742,93ccd2fb7dc21d565fea8877be15ee23,delivered,2018-02-05 14:08:02,2018-02-05 14:35:33,2018-02-09 15:37:50,2018-02-28 18:53:39,2018-03-15 00:00:00
cf3be801bb6918904774e23f8f5db5e1,ee90cd30c6a414d5a004be114f02aa67,delivered,2018-05-09 22:28:03,2018-05-09 22:53:43,2018-05-11 15:13:00,2018-05-16 23:14:31,2018-06-04 00:00:00
b7dbad6a19140585d000bbc6e1e11168,389533a6b82f26804955dab1aca4a379,delivered,2018-05-29 14:29:23,2018-05-29 14:52:16,2018-05-30 13:10:00,2018-06-26 12:03:21,2018-07-13 00:00:00
f5505d7f1cc35295b499bba485a876f3,c035da5d1169d55bb2fe42597da25385,delivered,2018-06-19 16:51:49,2018-06-19 17:26:35,2018-06-22 16:22:00,2018-06-28 18:06:33,2018-07-16 00:00:00
e6d47ca86bcbef462feb6a77ce1d21ce,5d98089e5b495cf96ac62909325ecbf8,delivered,2018-02-10 09:42:27,2018-02-10 09:55:34,2018-02-21 22:27:01,2018-03-21 22:46:54,2018-03-08 00:00:00
9bcddf79e9ba13cbf6c32e0916bd42d7,22bc8c03ed4c0ed9269d8afd5c33733f,canceled,2018-02-19 15:44:34,2018-02-19 16:50:39,,,2018-03-09 00:00:00
f34c3736b33b7d0c9eaaac33ac7b1ba5,1c3d7a65ccd05610b467567d6879a2f2,delivered,2018-05-23 13:19:46,2018-05-23 14:14:23,2018-05-25 07:29:00,2018-06-06 15:06:57,2018-06-22 00:00:00
0a2fff457eab3cadff378f87851dac15,3ff9a0ff4d3f31c042b67356615d82f9,delivered,2017-02-10 19:44:25,2017-02-10 19:55:08,2017-02-20 03:24:03,2017-03-03 12:22:15,2017-03-20 00:00:00
d003f1dd8a01261b3625598a4554f4a5,aa4178995eb97c7a31f3133c5b244651,delivered,2017-09-27 17:59:26,2017-09-29 02:58:33,2017-10-02 15:34:01,2017-10-04 00:53:33,2017-10-18 00:00:00
bca6e11cbc47e5f4b3f8bd46a39dce3c,41eba2b39838d1bed51a807736f46820,delivered,2018-02-13 20:27:18,2018-02-15 04:07:25,2018-02-26 17:14:15,2018-03-12 13:15:51,2018-03-19 00:00:00
9ab97695ca406864cd1540e5b4b5d144,f2b66497b26267ba64ea9d83caee8072,delivered,2018-04-06 21:15:53,2018-04-07 21:15:09,2018-04-11 00:43:28,2018-04-11 17:17:43,2018-04-20 00:00:00
b14a1c7ea024e1b7299a4904ef1eeb4a,0c1afa15fb6abdf5203bfdc005ececed,delivered,2018-03-01 14:52:12,2018-03-01 15:15:30,2018-03-07 15:58:51,2018-03-16 18:53:27,2018-03-28 00:00:00
b81cc4c93b45374aaf37b68eddcd9702,5d629e649127baf86e87b4860d8864ba,delivered,2017-10-08 23:18:53,2017-10-08 23:35:15,2017-10-09 18:28:17,2017-10-13 10:27:46,2017-11-01 00:00:00
13a60be94bc36bf7c5f1e0a849cdd6e4,fcd909bbcc659f6100bf2a987d65aca5,canceled,2018-02-19 10:56:33,2018-02-19 11:07:50,2018-02-20 19:19:17,,2018-03-15 00:00:00
a4d63c74eb133a700461000c2e8df158,01541240e24ed7cc26a5e0dd60c57c30,delivered,2017-04-24 19:01:47,2017-04-24 19:15:12,2017-04-25 12:00:29,2017-05-12 18:27:05,2017-05-15 00:00:00
66e1b657a71397245290f39ffe24031e,be274b149cc9bb8af13628e268867c10,delivered,2018-07-22 15:09:37,2018-07-27 23:31:10,2018-07-24 19:07:00,2018-07-25 14:58:47,2018-08-01 00:00:00
cd746ffbf9ea117c1706f37c61f73621,a6e47b0794b9bda3bbd7a62d975932a8,delivered,2018-04-06 12:44:50,2018-04-07 02:50:27,2018-04-09 19:38:34,2018-04-18 20:22:25,2018-05-08 00:00:00
a1748813f3db25c07ecae1736c744da9,e1cc0c87edae7622f8c073c5629afbb4,delivered,2018-01-12 08:04:44,2018-01-12 08:12:27,2018-01-15 13:48:37,2018-01-22 17:52:21,2018-02-15 00:00:00
8976e414a71ffb7657a71e5180e47b02,fd25bc76f44942a6262e0faa6bc1bb8a,delivered,2017-06-15 19:23:37,2017-06-15 19:35:28,2017-06-16 15:37:45,2017-06-19 18:07:36,2017-07-26 00:00:00
3b64e6eded3526b535d464a9e8b1f042,8d06dd8f9117ba262ab97e50812b42fd,delivered,2017-12-28 13:00:24,2017-12-28 13:08:24,2017-12-28 20:47:08,2018-01-03 19:04:07,2018-01-29 00:00:00
dbd49fd0ab245be1d63d2e47ac959016,678cebee4bae7ceb9b835645caf0fa06,delivered,2018-04-22 19:55:11,2018-04-24 19:21:42,2018-04-24 16:06:52,2018-05-02 17:41:36,2018-05-18 00:00:00
ebcbb18b74dceba21fd6740890cdfb5c,797a78effd6dcbd0dd53cd0f88602f45,delivered,2017-10-17 23:36:17,2017-10-18 17:38:03,2017-10-23 22:42:22,2017-10-26 18:52:50,2017-11-10 00:00:00
9fff1416ded23882304f5dc47552e000,e4db39923459dcae0bb7ae891644f656,delivered,2018-01-21 21:54:36,2018-01-22 14:01:32,2018-01-23 21:06:34,2018-01-30 00:32:50,2018-02-14 00:00:00
cccd803c5e04b33ad226cf7beae0f127,940d5acb47467a9a136576b8ec497c29,delivered,2017-06-02 15:35:29,2017-06-03 02:15:11,2017-06-05 13:00:42,2017-06-06 13:50:45,2017-06-19 00:00:00
f8fe8d24cb8a4064a82cd795715643a4,9d2f95cf28f64788972d2cc5c5a15272,delivered,2018-08-17 01:06:00,2018-08-17 01:15:12,2018-08-17 14:47:00,2018-08-18 20:02:57,2018-08-31 00:00:00
cf929d9ea864fa89b752c5cf0b98cd25,9cc241dd34d97a4c8a2d0b63b3ec8105,delivered,2017-06-29 13:01:41,2017-06-29 13:10:19,2017-06-30 15:46:49,2017-07-08 12:47:41,2017-07-19 00:00:00
4b30471e79d2d257fa289b154967b203,fecd194256ab742769c2e9ab4cf961e7,delivered,2017-08-11 16:31:00,2017-08-11 16:45:15,2017-08-14 19:22:35,2017-08-21 20:07:34,2017-09-13 00:00:00
80a0f4a6ed94bfc597b4997d2afcd70e,d45c313d8631b8d25a312e886e6bdc5d,delivered,2018-01-18 18:21:21,2018-01-20 09:07:55,2018-01-24 23:35:09,2018-02-01 18:14:47,2018-02-15 00:00:00
df982d6b3644712f7d5070f053c8009a,1d8a4affc06abc7f45a7bc907d06821f,delivered,2018-05-04 23:45:36,2018-05-05 00:13:32,2018-05-07 13:30:00,2018-05-09 19:13:39,2018-05-22 00:00:00
7b43a2ef9231cfd5d2ed762899da24bd,95124b5aa0b79dfde42a211856ed1cd4,delivered,2018-01-25 17:42:57,2018-01-25 18:20:04,2018-01-29 18:46:36,2018-01-30 23:58:56,2018-02-09 00:00:00
db7db7cb0958ac50a74b93178394e6a3,fab37fa4a0d46b371b157c6ba187b76f,delivered,2017-10-15 02:37:02,2017-10-15 03:05:44,2017-10-16 20:47:42,2017-10-17 21:04:01,2017-10-26 00:00:00
bf669cf99f5b8f537e2d2b89d716ce0f,8e5c20798dbda6c0cd00b5c732f7ec88,delivered,2017-08-15 16:24:56,2017-08-17 02:55:20,2017-08-19 13:03:07,2017-08-31 20:37:36,2017-09-06 00:00:00
78a1892a741bea2ea3695fe515c811f7,5af51f2f49905fad16098552c2e9ad33,delivered,2018-02-02 13:44:40,2018-02-02 14:51:44,2018-02-05 20:45:24,2018-02-06 18:09:06,2018-02-20 00:00:00
58d8cce5e8dbcfae4e98fa5401feb74d,e9bbf60574bee15453abd038f051fd87,delivered,2018-02-07 00:01:37,2018-02-08 07:10:10,2018-02-08 23:47:11,2018-02-27 19:49:14,2018-03-05 00:00:00
d2af9f29f103214f951dfb33055b8bd6,fb0edfd91a3428e0a85309d90a59f2d7,delivered,2018-05-21 22:48:51,2018-05-22 02:15:42,2018-05-22 13:22:00,2018-06-05 19:42:39,2018-06-11 00:00:00
6cff0c3dacf64bb7cb2ad584b81b7d0d,b50a511097ebc1d6b90d075516f93978,delivered,2018-08-26 11:01:05,2018-08-26 11:15:22,2018-08-27 14:13:00,2018-08-28 20:38:27,2018-09-14 00:00:00
1c6455382944f30b6a7128f9747cef97,c9e0fd4d2fb25183668c8a8d86d04340,delivered,2017-03-08 00:44:02,2017-03-08 01:30:35,2017-03-08 09:48:33,2017-03-14 08:24:07,2017-04-05 00:00:00
d5068130956ac251d7995450e9627aef,7d4b34a3bad8615a6a8c7dbb11753f6c,delivered,2018-07-25 08:00:03,2018-07-25 08:15:20,2018-07-30 12:49:00,2018-08-04 09:11:03,2018-08-13 00:00:00
2f88d9783a99fde6b8a2d5d325549fc5,38ba347fcc4bf43314af06e59f564d8b,delivered,2018-08-08 16:45:39,2018-08-08 17:05:06,2018-08-09 16:11:00,2018-08-14 01:12:30,2018-08-23 00:00:00
6dbf90ca92c05262ffcf5a7988ec31b6,3c5d9be5e99aa56b2b5b0c9d4a2072ef,delivered,2017-11-26 22:37:24,2017-11-26 22:53:14,2017-12-06 23:32:39,2018-01-06 12:36:39,2017-12-27 00:00:00
e6b1fa22555c3064f984ebeb8a88de77,02d6ca625564571402a933db8fe814f0,delivered,2017-04-21 00:22:23,2017-04-21 01:05:41,2017-04-24 12:34:58,2017-05-04 16:23:54,2017-05-17 00:00:00
c83f1117bc97d473fec6e5d6ff5dce92,a264ac5f06534a0068374ff8194214bb,delivered,2018-08-06 22:14:59,2018-08-06 22:25:14,2018-08-08 14:19:00,2018-08-17 15:50:54,2018-08-14 00:00:00
f014dfdae1ca2bda29bd1c98870ccd49,68256f31fadd4aad4a03b0ac128f9012,delivered,2017-05-03 14:20:37,2017-05-03 14:35:26,2017-05-04 16:07:37,2017-05-15 09:06:39,2017-05-29 00:00:00
e2f49525c9c3c8cd854d01239a6726d7,8d0bbe35e14a529f293e0c550c4f6374,delivered,2018-05-02 09:35:22,2018-05-02 09:57:25,2018-05-04 13:17:00,2018-05-10 21:38:47,2018-06-08 00:00:00
e81a8cb665767198e8d2e17dcd39af87,5f0099134079adfe14d1df3d8ecc57ae,delivered,2017-11-10 15:24:09,2017-11-14 03:47:39,2017-11-16 21:18:47,2017-11-28 19:43:09,2017-12-06 00:00:00
838134390df33aab81a8bfaf7260b61b,fdf3a5bebc490cbd7a8512395e6cb12e,delivered,2018-07-30 11:29:59,2018-07-30 12:04:44,2018-07-31 12:31:00,2018-08-03 19:18:53,2018-08-09 00:00:00
f6c08fc8e2fae4534791140858e82621,9a2e6e4343dba3bfaa907007cc0fd15e,delivered,2017-07-17 22:20:27,2017-07-18 22:15:16,2017-07-20 16:27:41,2017-07-28 20:17:53,2017-08-04 00:00:00
568f58b0889ba49158a99fb0e26dd95e,08efe453abf9faae610fb606c1d7bbdc,delivered,2018-03-07 18:11:54,2018-03-07 18:48:51,2018-03-09 23:40:54,2018-03-10 14:50:49,2018-03-20 00:00:00
f8edef1bb71dfdec2bc42a061eea6275,64cbaee24bb0f4adad82390b520efc72,delivered,2018-07-19 12:28:15,2018-07-19 12:42:55,2018-07-20 10:26:00,2018-07-23 18:18:49,2018-07-31 00:00:00
434e8530a696521ae619af1a0072bf40,5ef0a2ed80e4536888c1339032ed3965,delivered,2018-06-18 12:12:01,2018-06-18 12:37:23,2018-06-18 14:16:00,2018-06-26 20:56:42,2018-07-19 00:00:00
05fd18ef3ce628a45cd42bb394ff081b,64549f169466936ef8e0edde57ae994d,delivered,2018-05-09 21:07:05,2018-05-09 21:33:58,2018-05-11 05:30:00,2018-05-14 14:40:27,2018-05-17 00:00:00
5e4c2650ce74cf8e53093dbc89e6d2ae,e27db3ee3d1ff00e1e944f1c327f20f0,delivered,2017-11-18 23:42:51,2017-11-18 23:55:27,2017-11-21 19:04:53,2017-12-01 17:42:52,2017-12-18 00:00:00
3f64a17e87d0fed4d084e352409882ba,544718803ece964e5c1d0b3b3cd751fc,delivered,2018-08-26 07:38:38,2018-08-26 07:50:10,2018-08-27 15:08:00,2018-08-30 17:38:05,2018-09-10 00:00:00
9baa5b4e68d86c9f1694e1598b543a93,0332d8ec6d259a1caeda045188ffe70f,delivered,2018-07-02 23:13:07,2018-07-05 16:20:18,2018-07-05 11:55:00,2018-07-10 19:05:23,2018-07-25 00:00:00
b0934c7d9368624b044fc218c11776e9,74fcd0121e18e8b3f88a689ed4c6fb84,delivered,2017-05-10 22:45:50,2017-05-10 22:55:16,2017-05-12 16:49:32,2017-05-28 08:06:54,2017-06-14 00:00:00
a5699e91157fd53a3c93f645452e88bd,a87adc695f5034edd84b4e60f8188d44,delivered,2017-09-16 23:27:24,2017-09-19 03:30:28,2017-09-19 19:51:10,2017-10-18 21:38:52,2017-10-09 00:00:00
a9424f275ec54b45085e8b3fdf21361d,0108bac6b3f1f9f0fb88a1f0c0763919,delivered,2018-08-08 16:44:48,2018-08-08 17:05:18,2018-08-15 14:58:00,2018-08-21 19:48:37,2018-08-16 00:00:00
b29e21660ec21d241b0b2fdb161bf7d8,2a806705fbb5cf16d598382f3506a1d3,delivered,2017-07-11 17:29:11,2017-07-13 03:05:52,2017-07-14 16:10:15,2017-07-20 17:00:06,2017-08-04 00:00:00
c05cb9c2c6907494337ded1d059cbc7d,15e4fb3182251c06c80f9cdc5014df1e,delivered,2017-11-26 12:29:17,2017-11-28 12:37:13,2017-11-28 20:11:07,2017-12-07 20:21:35,2017-12-22 00:00:00
29013d072b3d67be91de464005587c4f,a3d80241f52e562a8b409c773122717e,delivered,2017-04-04 17:31:12,2017-04-04 18:35:19,2017-04-10 15:57:50,2017-04-13 13:05:04,2017-04-25 00:00:00
7204d5345f7a3370e7db75d7226d53f3,b673b484323799ff5180c63588f44eba,delivered,2017-06-23 20:00:20,2017-06-27 04:05:41,2017-06-28 11:28:02,2017-07-12 19:15:33,2017-07-27 00:00:00
3303092810c37e9ab22a711ae3afb197,5db727761e58376d96e73fe4f9d03cb6,delivered,2017-07-28 10:36:12,2017-07-28 10:50:12,2017-08-03 17:25:30,2017-08-15 19:05:13,2017-08-21 00:00:00
6646c2a367068f9fc14a1346daec5db5,b24581c2613d18d6cbcf6cce42aa6555,delivered,2017-08-11 14:05:17,2017-08-12 06:43:49,2017-08-17 20:48:51,2017-08-25 19:09:16,2017-09-04 00:00:00
541e5ce0b4a07554b374cbbe076259b9,39c78b59a22ac0b7f549a510f6df72fa,delivered,2018-05-02 21:20:07,2018-05-02 22:34:48,2018-05-04 14:09:00,2018-05-18 16:32:42,2018-05-21 00:00:00
72f27ffd65f4fba572c0fb647e850238,f155d0a1b13c95200305066663fd7cad,delivered,2017-12-11 09:46:54,2017-12-11 09:54:23,2017-12-12 20:59:07,2018-01-05 20:49:30,2018-01-09 00:00:00
f7ba0ab952e0165fed5ffae1ffff6627,ae1a0576d2d6b806f8ac488e766b7b4a,delivered,2018-04-30 11:39:31,2018-04-30 11:55:08,2018-04-30 14:12:00,2018-05-03 17:06:51,2018-05-18 00:00:00
c8cc1b9b063cd184da9dd5293346a11a,cc86450272a53093d7737ae483c151be,delivered,2017-11-21 13:59:25,2017-11-21 14:09:30,2017-11-24 15:08:15,2017-12-04 13:28:00,2017-12-07 00:00:00
0e4741898160da1b1060a7f9c346547a,12fa7c60052ffc3f836bc38b4b853224,delivered,2017-09-24 22:43:23,2017-09-26 03:28:15,2017-09-26 13:22:10,2017-10-04 12:14:54,2017-10-17 00:00:00
c9c3b33329e09fe7ca7bbe36ba2e439f,96878eaad8a21cab428be467d640041f,delivered,2017-07-30 16:29:01,2017-07-30 16:43:10,2017-07-31 18:01:27,2017-08-02 18:17:03,2017-08-18 00:00:00
4b21051fef724a86e4d984ffc12fdd99,a5c5270dbbdd5cd1a9ba24256fee4589,delivered,2017-12-26 01:14:37,2017-12-26 01:26:21,2017-12-28 00:32:58,2018-01-09 23:16:12,2018-01-24 00:00:00
caad52d4e709edbd81fa417ccc0179c0,913c6ff534af922ec4d21dc7f1b2db49,delivered,2018-05-09 10:03:30,2018-05-09 10:15:18,2018-05-11 13:55:00,2018-05-16 20:54:31,2018-05-28 00:00:00
4b6c735cae2db7ba05d5e51ea8693bc6,74e8de453fe87c824a4e2c3c69093b12,delivered,2018-05-21 14:45:56,2018-05-23 02:38:33,2018-05-23 15:10:00,2018-05-25 21:34:31,2018-05-29 00:00:00
8c489400ea17eec342e0ca18af584273,6417ffe5a43d420cf962d23a5057fdf2,delivered,2017-04-23 15:34:25,2017-04-23 15:50:09,2017-04-24 12:17:08,2017-04-28 16:13:48,2017-05-11 00:00:00
eac76692452422620996fe5e1a7f8bb0,206f3129c0e4d7d0b9550426023f0a08,delivered,2018-01-29 20:32:08,2018-01-29 21:13:27,2018-02-03 00:09:40,2018-02-08 17:03:53,2018-02-22 00:00:00
9e9eaca3c0a93a11ca21d05439198a7f,927de9deb8fc2609844b1bb01b1f5818,delivered,2018-01-23 22:06:00,2018-01-23 22:16:13,2018-01-30 22:49:11,2018-02-19 13:56:55,2018-02-20 00:00:00
9edc774532d35fdc536fee78a41cce9d,e6afebe3b7aa03ff19ff1d23fd0867d8,delivered,2017-09-13 22:18:47,2017-09-13 22:30:27,2017-09-18 21:07:28,2017-09-27 19:57:52,2017-10-03 00:00:00
7ebb71826f2d289c8a54b3dc8a69f8bc,54f9b6228478d9b8fdda0b198647de1f,delivered,2018-03-01 21:05:59,2018-03-01 21:29:20,2018-03-07 15:09:10,2018-03-17 19:36:23,2018-03-20 00:00:00
1fc6cc3c8938adb70a710cc1b701337b,8beaa2764a9880bd5dd4872d4c49c9dc,delivered,2018-06-19 22:20:34,2018-06-19 22:39:40,2018-06-20 14:39:00,2018-06-27 19:41:11,2018-07-13 00:00:00
2a940654991b7eaeb541171e5e1d497f,03fe220603b22a09e5114a70616b9c66,delivered,2017-02-07 15:48:56,2017-02-08 03:10:14,2017-02-08 10:46:36,2017-02-17 12:47:31,2017-03-08 00:00:00
6a105bd695a3bb07a67824cfe3dc263d,3a880b7d17a31a9db4c65931f8a7674c,delivered,2017-05-09 15:51:39,2017-05-09 16:02:28,2017-05-12 18:55:48,2017-05-24 16:34:07,2017-05-29 00:00:00
a0563252fd4da955a4bff4e622f4d81f,e87047759f9456e7b684908529381df9,delivered,2017-09-05 23:41:30,2017-09-07 03:03:46,2017-09-12 01:04:21,2017-09-18 20:43:37,2017-09-22 00:00:00
cac660e19ce4e574bc9b640b681eb881,cca900d7aa2126cfaacbb583cd0432e4,delivered,2018-04-11 14:35:13,2018-04-11 14:50:10,2018-04-12 22:58:44,2018-04-16 20:27:46,2018-05-04 00:00:00
bbf2756e70a99d07183bcd6fb9ef80f4,f3e6696a1b0aa4c936fb635f29f91504,delivered,2017-05-22 16:50:58,2017-05-22 17:03:23,2017-05-23 13:36:50,2017-05-29 10:05:00,2017-06-13 00:00:00
89625d9fd5cbcff8ed1de2eab6ab1498,98eb23682f18837a3a22b1c7130d6a48,delivered,2017-06-20 09:20:01,2017-06-20 09:30:20,2017-06-20 10:14:57,2017-06-30 13:32:14,2017-07-18 00:00:00
addef08806ad9aecf14f8577435cc798,7f17dd631b8dc8b6c16c9d6f98b3677a,delivered,2017-07-19 12:10:26,2017-07-19 12:25:18,2017-07-20 12:52:54,2017-07-27 18:57:39,2017-08-10 00:00:00
1e9fe7f88eb9a4b4378f7e80d37855a0,d59f49a089c44f53e700fbd0e951bc1c,delivered,2018-01-12 10:05:51,2018-01-13 02:05:38,2018-01-15 20:07:45,2018-01-23 00:28:42,2018-02-14 00:00:00
0d29f866f714402153c7a02ca8bf6134,c20207a17418d1aa04f5270a8018b8b7,invoiced,2017-10-30 21:18:31,2017-10-30 22:31:44,,,2017-11-07 00:00:00
862d51a2b8b8a73b22b22b1502c6335b,b454e4fe9898493eea94ae9c2b708ba5,delivered,2017-03-05 20:27:18,2017-03-05 20:43:09,2017-03-07 11:47:59,2017-04-03 09:37:55,2017-03-27 00:00:00
e7ef15bdfa637f3623e554794aca295b,e2aef0cde30012ece0c7871c03274490,delivered,2017-10-05 21:10:10,2017-10-05 21:24:31,2017-10-06 19:57:59,2017-10-19 18:48:51,2017-11-13 00:00:00
7c927a3dfb1af7e87c6a262fc4b0a8fd,689bfbfc2b6153e94e7ca8a1b52e3308,delivered,2018-07-08 22:35:30,2018-07-10 15:15:16,2018-07-11 11:54:00,2018-07-16 11:51:40,2018-07-30 00:00:00
9ed208208c017ceb64e3df1764bec8bd,351237f09455eb12770b331e3bab5e08,delivered,2017-08-19 20:23:03,2017-08-19 20:35:20,2017-08-21 21:03:52,2017-08-22 15:33:17,2017-09-05 00:00:00
0ba555009a855c3f87f818f23b4ccdbd,4b7395d051260eca36885f07f32b5f73,delivered,2018-05-07 14:42:12,2018-05-07 16:35:25,2018-05-11 13:50:00,2018-05-16 15:43:32,2018-05-30 00:00:00
52533788707ffccea3b0342681d37446,b4d7b5151dd5959758d177211fd9f9f7,delivered,2018-08-16 19:10:02,2018-08-18 02:49:59,2018-08-21 11:37:00,2018-08-30 20:23:48,2018-08-31 00:00:00
7ea1ada580d55b157f20ef1fb3a83ee6,6d808c06e2e45bb613837ecb06990947,delivered,2017-09-27 16:56:27,2017-09-27 17:14:14,2017-09-28 14:56:43,2017-10-06 21:51:58,2017-10-24 00:00:00
a10a91a376b8f910600da4c459245e9f,3699a9b3bf6e5816cc548647349f490c,delivered,2017-07-09 20:14:17,2017-07-09 21:25:08,2017-07-13 14:45:48,2017-07-26 08:49:22,2017-08-01 00:00:00
f15840ec3f6712cd4c04becb8a3f9e2a,a5235b8f36e43a339ba4da18930ff55d,delivered,2017-12-04 20:09:14,2017-12-04 20:18:19,2017-12-05 23:34:45,2017-12-10 13:25:05,2017-12-27 00:00:00
0893d3e08dffcc94ba62238512c798b6,8ba616c70c41e2f52d237e2a71935d36,delivered,2017-10-09 07:58:39,2017-10-10 06:32:13,2017-10-10 19:09:06,2017-10-13 20:25:43,2017-10-25 00:00:00
9865a513bb6f1285528404a98e6e25cb,2413ff2d348734a6698759bc2a925af1,delivered,2017-10-04 08:12:48,2017-10-04 08:24:06,2017-10-04 19:59:48,2017-10-20 17:18:45,2017-11-01 00:00:00
cf5439c6b13deafe107ecca7dcc58b80,3a639a0919f3599a4fe763427a8d3ea5,delivered,2017-12-06 19:59:21,2017-12-06 20:10:00,2017-12-13 01:19:01,2017-12-23 12:46:11,2018-01-15 00:00:00
bcc3b9b2b1b0f27be6e2816968b08fc6,ef5e98e0d04d6d17a694e2fdacf0a8d8,delivered,2018-01-15 13:34:20,2018-01-15 13:49:58,2018-01-17 21:30:06,2018-01-24 00:28:11,2018-02-08 00:00:00
c4f4ae572252215f366edb6f851c166f,29ba390ca4b030bfe8c2d7154c5efa21,delivered,2018-08-04 21:28:12,2018-08-07 04:55:23,2018-08-07 13:51:00,2018-08-10 17:44:46,2018-08-16 00:00:00
fc20b8e282da6f3fbcdd3a3cedecb723,58acc4e2788bf6fc445fddcce9c1db03,unavailable,2017-03-01 10:02:02,2017-03-02 08:10:15,,,2017-03-20 00:00:00
642999e824c9af8073453b0abf40a075,96de320266ffb0234946c0dc9eeabf8f,delivered,2018-04-07 11:00:35,2018-04-10 04:15:24,2018-04-10 20:21:31,2018-04-12 21:34:52,2018-04-19 00:00:00
768b4cf8bec9afe5a1f39b8e3c3e8cc0,0d19340c8c2718010e8b50071eef5643,delivered,2017-02-10 11:30:13,2017-02-10 11:45:18,2017-02-21 08:16:03,2017-03-03 11:51:36,2017-03-20 00:00:00
4943203d80c901c56abaabd36a61e76e,d4ab01c9963324fd131423659776cf19,delivered,2017-08-02 19:26:13,2017-08-02 19:35:15,2017-08-03 17:27:52,2017-08-09 18:22:30,2017-08-24 00:00:00
523d5e9ab692bee9c8dfd7063351f696,f0d9c201d2ab5c9467693e46b2c3d40c,delivered,2018-05-20 01:15:58,2018-05-20 08:17:30,2018-05-21 11:29:00,2018-05-22 16:48:44,2018-06-01 00:00:00
1226bc7c4bdd186e5e12d4c3ced73cac,c7b9d36724242fbe5ac804ae521215a0,delivered,2018-06-25 22:44:23,2018-06-25 23:37:31,2018-06-26 15:17:00,2018-07-03 20:03:56,2018-07-18 00:00:00
ffea79d8c5fecc22cbff0c54eda9b65c,bbef00095c712ca0e62584d68cb9fdfa,delivered,2017-09-03 17:18:58,2017-09-05 04:24:39,2017-09-06 12:51:23,2017-09-19 21:22:28,2017-10-02 00:00:00
5b15d222685ac39d3110c61bff09b6e6,52b310d77f49ba824555bf81f1c93b08,delivered,2018-07-23 17:13:29,2018-07-23 17:25:34,2018-07-24 11:36:00,2018-07-31 22:41:41,2018-08-07 00:00:00
bac0803bc0669a1e85a35ce2acec9348,1d6c578a3eaaf071ef9f76b887e82b29,delivered,2017-07-05 14:04:24,2017-07-05 17:40:09,2017-07-07 13:46:59,2017-07-22 01:42:03,2017-07-27 00:00:00
8135d95a571b0c0529ad5624a7f72ddc,8c1b33c10c74c74b04db74ac8af6a75e,delivered,2018-06-25 15:28:03,2018-06-25 15:57:54,2018-06-28 14:50:00,2018-07-03 23:33:00,2018-07-23 00:00:00
94b6d26a3b28fbbd1581ef1a4d3ba80d,f10660ad53717d153c4b1d78e7286ee2,delivered,2017-11-25 00:13:14,2017-11-25 02:59:31,2017-11-28 18:07:47,2017-12-01 16:34:27,2017-12-11 00:00:00
c04ff98143834be2e7887ce62c49af9d,5d660d49bea551ea78c4ce76e58580cc,delivered,2017-08-20 19:47:23,2017-08-20 20:05:06,2017-08-22 12:29:30,2017-08-25 19:43:33,2017-09-11 00:00:00
397a32bc626d3c1e951590a39c6f7929,61dba1fa1816dba818bf2e583ef11c34,delivered,2017-04-14 12:57:10,2017-04-14 14:21:54,2017-04-18 14:52:52,2017-04-20 14:38:26,2017-05-10 00:00:00
21f1d47d575b225fabd423c4282b73f4,26228622b964e886bacfad4aee3a5b20,delivered,2017-10-01 19:21:02,2017-10-01 19:35:13,2017-10-09 23:43:58,2017-10-17 22:16:15,2017-11-08 00:00:00
73b6421eab18b6b987243919b98675f8,204098bf08241831dae3b6f57f190db4,delivered,2018-06-25 22:45:27,2018-06-27 08:11:48,2018-06-28 14:03:00,2018-06-29 17:33:10,2018-07-05 00:00:00
4ae799c0965abd10cced20e74295101d,e13b0fd350de97656a7df959c705ea64,delivered,2017-08-04 09:49:27,2017-08-05 12:43:23,2017-08-11 13:33:17,2017-08-25 15:55:14,2017-09-08 00:00:00
85c9164bed6016c63dab9cde6887f37e,246ecd502d6e6d53f5103fdc161c2e6c,delivered,2018-02-05 19:49:09,2018-02-05 20:10:46,2018-02-06 16:28:50,2018-02-22 22:59:00,2018-03-02 00:00:00
e57564c2c135df8c91da6037bd79e137,c530dfb9fa634d361f72012f8deddc76,delivered,2017-02-16 09:59:08,2017-02-16 10:10:15,2017-02-17 06:24:05,2017-03-08 01:22:37,2017-03-23 00:00:00
b454e4c4cc8948478a19ca36c5e77bee,3aa3e26fcdda0a303465cf3472bd2248,delivered,2018-05-03 08:53:18,2018-05-04 03:12:07,2018-05-04 15:47:00,2018-05-11 17:46:42,2018-05-25 00:00:00
1e43259a5cd8bcb0161554a61eeed004,c75ec7b2a6db11bab5c351449b506192,delivered,2017-11-16 12:39:00,2017-11-16 13:10:53,2017-11-22 23:14:25,2017-11-28 22:23:02,2017-12-12 00:00:00
a2db088616f079ceb7a0e856f8a741ca,3cfaedb59f39332d98cde2d6a9a1de08,delivered,2017-01-25 22:19:19,2017-01-27 03:05:41,2017-01-30 17:37:56,2017-02-06 10:53:40,2017-03-02 00:00:00
712f148c79b7c350f30e6b4f08cb2978,7b26bcf0f1e9f21e7102c0fa17087599,delivered,2017-11-11 11:57:24,2017-11-11 12:10:26,2017-11-17 13:09:08,2017-11-29 16:25:55,2017-12-07 00:00:00
d9985b5e60fcad79a6e2eed78bafedf4,5bee899f25d069092c1130152eca10ac,delivered,2018-01-01 14:54:19,2018-01-01 15:05:54,2018-01-04 20:28:11,2018-02-09 21:02:45,2018-02-01 00:00:00
91c743d287fad03a614394bf50338369,3fb639360268e4e64d24bb791ed8478e,delivered,2017-07-04 18:45:04,2017-07-06 03:23:53,2017-07-13 13:09:38,2017-07-17 19:50:00,2017-07-26 00:00:00
8df6ec68ff32ad8169ea8de87cc1139a,8adeaca9812f3068fb75b9f2ac795539,delivered,2018-02-23 08:35:13,2018-02-23 08:48:20,2018-02-24 00:08:32,2018-03-18 19:38:34,2018-03-26 00:00:00
ddf83a6a4bd555ea0051cfc78d3a11bb,cc4c638b7851d1bc6a2008d5094b72f1,delivered,2018-01-13 16:34:54,2018-01-14 15:48:31,2018-01-18 17:18:51,2018-02-02 19:22:33,2018-02-09 00:00:00
91525e6c353903461f1104f9e224a5a6,5ccfd1da4165b745aca83602f666e3b5,delivered,2018-04-02 16:48:35,2018-04-03 17:15:26,2018-04-04 17:56:55,2018-04-05 19:44:45,2018-04-12 00:00:00
fd3fbd86a0ccdf3ae7981fcb539cf942,aa93b068cef5ac469de6f05ecd1939b5,delivered,2018-07-03 15:49:51,2018-07-05 16:10:28,2018-07-19 06:57:00,2018-08-10 02:56:34,2018-07-26 00:00:00
84cd555d3d1f2b32fb392b1dff57a851,af94e18dec6b6045d116bdfb9244a578,delivered,2018-03-06 12:04:16,2018-03-06 12:16:04,2018-03-07 18:36:47,2018-04-21 01:48:45,2018-03-27 00:00:00
c826a07d5cb930694861c4478383e5da,35ea9919e33272ab715f8c1964693b91,delivered,2018-03-28 16:20:37,2018-03-28 16:30:13,2018-03-29 23:46:35,2018-04-05 01:59:37,2018-04-20 00:00:00
a39da066364213f94f3fe99a34a1c4b2,dcb8ccf8642ced8c655b5cd038af93e2,delivered,2018-04-16 18:58:57,2018-04-16 19:51:45,2018-04-17 20:26:25,2018-05-10 13:08:45,2018-05-23 00:00:00
744dddb0362cbcb141adaed27f19cb3a,08c07e9a2ca88f8c94694bd4972a4eed,delivered,2017-03-08 19:30:26,2017-03-08 19:30:26,2017-03-10 10:48:01,2017-03-18 09:21:56,2017-04-18 00:00:00
d129a390b12dad8097fca575b31aba6c,4ed298b95353f35d266831f8944d77a5,delivered,2018-02-06 12:15:10,2018-02-06 12:30:23,2018-02-06 23:45:40,2018-03-24 21:08:25,2018-03-12 00:00:00
d9e3d1b54f7b0b5d95fe2e5fd70b5b42,9fe70de337ed5372dc24eb96f05f8689,delivered,2017-10-05 20:51:52,2017-10-05 21:14:53,2017-10-06 16:17:59,2017-10-17 17:59:01,2017-11-07 00:00:00
d629bc2a2f03d62c0126ef7169ccb2dd,9e882b4b26586dc892b3c5bf461c3228,delivered,2017-02-28 19:58:46,2017-02-28 20:10:12,2017-03-02 14:37:30,2017-03-10 06:28:03,2017-03-22 00:00:00
7cf741fd7bc734654dac45dbc67a998e,5d5ae8f21ed10628532b1e96e942edbb,delivered,2017-09-15 07:55:29,2017-09-19 03:50:16,2017-09-19 18:35:00,2017-10-04 18:45:39,2017-10-13 00:00:00
06b8cdbbc86d64ea69af76036c523827,9f1ad46564d73464434b221ba6ba08f4,delivered,2018-07-19 04:33:57,2018-07-19 05:20:06,2018-07-19 14:49:00,2018-07-20 19:21:42,2018-07-31 00:00:00
23225d7a5d72f6cfe225cf14c81f37ed,a33eea5511f457cd1f45e7f7bd97a1c5,delivered,2017-08-21 20:22:52,2017-08-21 20:35:25,2017-08-24 18:07:55,2017-09-04 16:45:13,2017-09-13 00:00:00
be7a9c3e520e513bf7de720ea2d85463,87cb1b0051ce302c8d1ec6ceea791786,delivered,2018-04-28 15:53:57,2018-04-28 16:13:24,2018-04-30 12:46:00,2018-05-02 15:26:59,2018-05-11 00:00:00
fed058642b519335c834d73b851e20d0,a5363e7315ac0091e716040860cfc833,delivered,2018-01-05 22:43:36,2018-01-05 22:53:29,2018-01-09 19:53:08,2018-01-22 22:43:49,2018-02-08 00:00:00
aff043b28dfff4c65665fb42597daf94,996e0d7f08d29b4301784932a81f2132,delivered,2018-01-04 00:19:58,2018-01-04 01:31:54,2018-01-04 21:54:55,2018-01-05 16:42:33,2018-01-22 00:00:00
8fd10b4326b26a7131022cf8f659abef,ad2b0a762916fd035a887d161c19445b,delivered,2017-12-07 02:07:42,2017-12-07 02:15:19,2017-12-12 21:52:42,2018-01-23 19:09:47,2018-01-12 00:00:00
b4039fffc67d7a5a75a3ba881d75e402,2f1515c4a7880fb7c4233a9c1a868918,delivered,2017-06-16 13:25:24,2017-06-17 13:23:10,2017-06-19 10:20:11,2017-06-23 11:13:44,2017-07-13 00:00:00
0c9f41e58fc40c21ef9150e610aa6691,c0b4f1d2d74169ee8f2c4a8f4e2ec429,delivered,2018-08-17 09:25:50,2018-08-17 09:49:43,2018-08-17 14:13:00,2018-08-27 13:29:48,2018-09-13 00:00:00
5939a276152174ff719ee375114e0775,ec03e43a7a5f7a6774a43ace6ca4f366,delivered,2017-08-05 17:11:39,2017-08-05 17:25:06,2017-08-10 14:52:13,2017-08-21 19:06:26,2017-08-29 00:00:00
54229efe6f82fe1823cd30d0cb839c3e,cbf6ebfd818e7d41ecf09423365f56c1,delivered,2017-07-06 15:11:01,2017-07-06 15:25:13,2017-07-07 17:25:22,2017-07-19 20:08:01,2017-08-11 00:00:00
719bb3a1ecca0dc38551f11cd181cca6,0ec36ff509b6eead5a50dd3bab5d9344,delivered,2018-01-16 23:17:22,2018-01-16 23:29:47,2018-01-17 18:36:45,2018-01-25 15:48:51,2018-02-09 00:00:00
779894f35a3337987b2d76170506c25d,3e34c35ca425e415dce71af4142680c4,delivered,2017-10-16 18:27:56,2017-10-16 18:35:39,2017-10-17 15:23:15,2017-11-13 15:02:57,2017-11-06 00:00:00
ab457766fd545ee4fd253ae81da173f3,cc12b72f0b988fca73c6a817a502ff2c,delivered,2018-04-17 14:48:35,2018-04-17 15:09:10,2018-04-19 20:58:27,2018-04-24 19:28:41,2018-05-10 00:00:00
7f6869a3fd153355d77a58638035dc64,0eb3912143a47999f29648641cc3be13,delivered,2018-05-10 01:45:06,2018-05-10 02:16:09,2018-05-10 14:39:00,2018-05-18 14:18:38,2018-06-05 00:00:00
7a96e7fd1d442befdfb8507e5235d415,5b44bd8070b68f99f248505265168cf0,delivered,2018-07-14 16:32:40,2018-07-14 16:50:16,2018-07-25 15:07:00,2018-07-31 19:06:51,2018-08-14 00:00:00
882554ccc6f6b9d99fcab37ef645ed14,1b9926221e65a2fb5b82b1dc60fa866a,delivered,2018-07-09 18:34:28,2018-07-09 18:45:21,2018-07-10 19:25:00,2018-07-20 17:19:52,2018-08-08 00:00:00
6166e6ea52d287f2e083adefcff3d19c,50660765a5d4217911e23d0bffc5d854,delivered,2017-04-22 10:35:10,2017-04-23 06:35:20,2017-05-03 11:24:23,2017-05-17 19:24:38,2017-05-25 00:00:00
f1ec76883496424477c5c8162558a911,10f60e8d488a61d0bb9c2aed77db5957,delivered,2017-03-02 11:11:45,2017-03-03 02:10:12,2017-03-08 09:50:35,2017-03-15 15:19:48,2017-03-27 00:00:00
56ccc1571462d48192dc45fba66fb7d5,7d6a7b972385ef00c9b4bcaa9ce6e2b9,delivered,2017-07-23 21:11:24,2017-07-23 21:25:14,2017-07-26 00:56:41,2017-07-28 17:07:54,2017-08-11 00:00:00
46cce235fa3f299c3093aedae4396900,6fa98fa8dfe234b37dffdf3faf2986c9,delivered,2017-11-24 10:08:07,2017-11-24 10:30:43,2017-11-28 16:32:46,2017-12-21 21:27:47,2017-12-22 00:00:00
3cd0dec57b1ebe2e566a8c9eeacccc81,f5b15ba94c99ee55726ee3d18db522fe,delivered,2018-01-07 13:01:02,2018-01-07 13:31:51,2018-01-08 19:14:17,2018-01-19 18:33:28,2018-02-01 00:00:00
fc7c515dffd4c3841716ab3f51ba3bad,445ba6c382e34aeb1d2f8ffe7b19bc78,delivered,2017-08-19 15:27:54,2017-08-21 10:04:39,2017-08-21 20:34:40,2017-08-22 19:20:39,2017-10-09 00:00:00
d21d7411b251f35ead1b210dc946ca70,cff157deadf46de66ac1eb7ead76deb0,delivered,2018-01-15 22:54:08,2018-01-15 23:10:45,2018-01-16 18:42:08,2018-01-22 19:27:55,2018-02-16 00:00:00
f492581043b9d6d7074632e08a60c07d,6fc67396e732c9c663c3866813581aac,delivered,2017-08-15 01:12:45,2017-08-15 01:25:07,2017-08-18 10:23:45,2017-08-25 21:29:33,2017-09-26 00:00:00
b6d9338eee161115391cb4c93bb1a0fc,ef6ca09e06b51bda93c1018d193441a4,delivered,2017-07-15 19:19:47,2017-07-16 06:45:25,2017-07-20 20:21:50,2017-07-31 20:12:20,2017-08-17 00:00:00
b9c81c6e3a026f6e424398767c51e4c2,4560c6d8bfdd3e61555dca85d900e1e6,delivered,2017-03-27 08:34:11,2017-03-27 09:42:16,2017-03-28 13:24:52,2017-04-11 13:38:44,2017-04-19 00:00:00
cb57221532d6c0308e93781532d321f2,f9a34042f2fd0e486488220e3c4cc16d,delivered,2017-10-17 22:21:41,2017-10-17 22:35:20,2017-10-18 19:56:35,2017-11-03 20:18:56,2017-11-14 00:00:00
64a36842b74482188a40f6f162afcf67,406ea6c9a3bb39ab3265cd6b80864914,delivered,2017-11-13 23:00:10,2017-11-13 23:10:48,2017-11-14 18:17:04,2017-11-17 14:14:09,2017-12-01 00:00:00
39eafe33a1c3c9c1a57e1326f3c3a4be,dd8d6240c3ec37c83148bb118d79cef9,delivered,2018-01-24 17:34:07,2018-01-24 17:59:10,2018-01-25 22:28:59,2018-02-01 03:32:02,2018-02-16 00:00:00
6f241b660166c2114fd190c56928a413,84b5d5ec2e4c5409eb6d9ed090499a80,delivered,2018-02-08 02:43:53,2018-02-09 10:11:20,2018-02-16 22:39:08,2018-02-17 13:06:03,2018-02-26 00:00:00
c5aedf9da65864ebff200366da7fb389,e85177c58c794ec58a8b0cde1f3fa50c,delivered,2018-08-23 19:26:39,2018-08-23 19:44:27,2018-08-25 09:02:00,2018-08-29 19:45:31,2018-09-25 00:00:00
53aef74d5e95ede5ab3a78d696eafb6f,5616f00a12a329c0e5f949253836cc6e,delivered,2018-07-02 19:00:59,2018-07-05 16:19:08,2018-07-04 11:28:00,2018-07-12 15:24:33,2018-08-13 00:00:00
63fd927963e60a8c2f1baa83431cfedc,296c26d206e506dc9b6ae943e7324ffa,delivered,2018-07-24 18:31:01,2018-07-24 18:44:27,2018-08-01 09:48:00,2018-08-06 17:52:32,2018-08-29 00:00:00
016a6dbc80aea6e2d217d2bedbc7b59e,72d62fcd5850d8daa156a6a514da4ea9,delivered,2017-04-13 01:39:11,2017-04-13 01:50:09,2017-04-13 15:48:02,2017-04-19 14:05:47,2017-05-05 00:00:00
f73a6ab709a38d529c425eedd0ea6549,31f076e386fbf57cd189eb555b40ea01,delivered,2018-04-27 08:32:54,2018-04-27 08:53:22,2018-04-27 16:30:00,2018-05-02 19:12:09,2018-05-24 00:00:00
20e001ef9eed26db199b0b95f59512f9,7771a8ecef3af2654be29d574b299911,delivered,2017-09-21 12:45:12,2017-09-22 04:32:20,2017-09-22 20:59:09,2017-10-10 17:08:19,2017-10-26 00:00:00
6ece1db0bcaf312af8d04af0cecb15e6,4e50ba7ddcce278a7f2e7a028d516730,delivered,2017-07-20 15:42:29,2017-07-20 15:55:20,2017-07-25 21:45:05,2017-07-27 18:48:26,2017-08-02 00:00:00
85ce1acca4841a84144a947b8fa4d5f1,ce58284e603a53a3184ea29f84fa92e6,delivered,2017-10-11 17:17:23,2017-10-14 03:46:36,2017-10-17 16:55:01,2017-10-26 18:57:29,2017-11-10 00:00:00
cef35f98a1aecebc00a09d5d0ab4b0ae,58a24c9b6b49e31ec7dc340efa93a21f,delivered,2017-06-27 11:34:05,2017-06-28 02:10:22,2017-06-28 11:50:05,2017-07-05 16:06:41,2017-07-19 00:00:00
e3e9e3295f4e1512167c232a0aaae8a5,76382f6496effe36685eb200ef95b3ac,delivered,2017-02-25 00:02:22,2017-02-25 00:32:33,2017-03-01 12:14:04,2017-03-14 15:05:49,2017-03-31 00:00:00
0123098b96f3d4014545642be53d891c,746b43bea6d9eb220867694bfe4b800d,delivered,2017-08-15 11:02:55,2017-08-15 11:30:20,2017-08-22 10:46:58,2017-08-29 23:47:27,2017-09-06 00:00:00
dc583cc1f5138c20ba71c1485093a285,c3f4ce0ebafb77f4a630b1876fe364d9,delivered,2017-11-17 13:10:19,2017-11-18 13:15:21,2017-11-21 17:23:26,2017-11-22 16:58:45,2017-11-30 00:00:00
5b9983c12367a47fae641c25ac8877f4,d16877827eb20429fa037032d13c9e82,delivered,2018-01-30 13:18:05,2018-02-04 23:31:36,2018-02-01 01:28:01,2018-02-07 13:26:48,2018-02-22 00:00:00
8baf86c7fd7462703a46b07ed2c3c3c3,44413aff0a87eac35ad5f773c7ba99d8,delivered,2017-12-15 05:39:06,2017-12-15 05:49:44,2017-12-20 19:34:12,2018-01-04 21:19:20,2018-01-18 00:00:00
f020059db04fd86b983524f59247d091,0f95d722d19f40ee015d3795e618d02c,delivered,2018-03-19 21:02:09,2018-03-20 20:56:05,2018-03-22 11:58:31,2018-04-03 17:52:52,2018-04-10 00:00:00
43bb790a56513bae53070529a38ba67a,d091a6afbe915b09703ec9ae10125434,delivered,2018-05-01 14:13:27,2018-05-01 14:33:54,2018-05-04 11:54:00,2018-05-15 18:52:58,2018-05-23 00:00:00
cb7c80837141a1e309f7ab01576e8a48,469aeb5870fb8934c9d14e8f8f036fda,delivered,2018-03-18 22:36:24,2018-03-18 22:50:21,2018-03-21 19:15:42,2018-04-24 16:29:09,2018-05-03 00:00:00
e877a1c6d322958919dfd00c07fb8e56,6cf11a82f66becaffb7606f5ba07eb39,delivered,2017-07-13 16:29:20,2017-07-13 16:45:08,2017-07-17 14:07:03,2017-07-18 18:27:57,2017-07-28 00:00:00
3f8c8dc789ca737939667e090ea91e29,b1d99754839ce98d2e550e4d1b1396cb,delivered,2017-07-07 09:13:23,2017-07-07 09:25:21,2017-07-07 19:27:26,2017-07-19 18:13:28,2017-07-31 00:00:00
fdddc15fc7b9c37476820d6eb722f33b,66b84aaef46998841f07082b24004842,delivered,2017-08-29 10:55:25,2017-08-30 12:35:12,2017-08-31 19:50:10,2017-10-20 18:09:33,2017-09-19 00:00:00
a409968a19f09aaa2d44cebcef64ff53,4871648597f5e905374f3740d8d3fff1,delivered,2018-07-16 16:39:29,2018-07-16 16:50:20,2018-07-17 08:55:00,2018-08-06 17:18:19,2018-08-22 00:00:00
b56b0dbbd08c4f1536eb93cf4814dcae,b28fcc4d1441ae527bc3bf2e30e7de1f,delivered,2018-06-18 15:15:43,2018-06-18 15:39:21,2018-06-19 14:45:00,2018-06-20 19:24:25,2018-07-03 00:00:00
69f2cc4a16bc2b523813a8ceaef17891,a9fa5148a29f528357ad01992683c1ff,delivered,2017-11-14 00:00:56,2017-11-14 00:11:10,2017-11-20 14:28:46,2017-12-18 15:43:47,2017-12-15 00:00:00
cedca39b10d8d496f77547b16e2dbf56,5aff2745215911ee30d7fa346120ddbf,delivered,2017-05-23 01:48:54,2017-05-23 02:02:31,2017-05-23 14:35:18,2017-05-31 14:35:07,2017-06-29 00:00:00
9cca241ed87f1ae14fc65df5c12397a8,8e89d5cccc3988179197d9b18ae3292a,delivered,2017-10-29 03:10:28,2017-10-29 03:25:46,2017-10-30 17:14:13,2017-11-16 21:21:39,2017-11-29 00:00:00
b30e8706285c15e74685d5e1c5c56366,67a2b0fb5b98eb8ba77bb430e1ef44b7,delivered,2017-08-13 08:13:52,2017-08-13 08:25:09,2017-08-17 19:42:27,2017-08-18 18:53:46,2017-09-06 00:00:00
430e183eafa732301b3ecab620951c06,4e543e0fc704f5ade7b8bdd49d2b6638,delivered,2018-01-14 10:13:20,2018-01-14 10:29:46,2018-01-17 21:33:24,2018-01-31 23:42:56,2018-02-19 00:00:00
7777085bae1981f347bc9a00c53f1c75,0beb758b86c7d48d1df5e50f18817226,delivered,2018-01-18 20:25:10,2018-01-18 20:36:20,2018-01-23 22:10:37,2018-01-26 22:15:31,2018-02-19 00:00:00
7b3941f8995431ebc6cd41e97f10ba30,4d104f0702b64905fbf936991d2cb19c,delivered,2017-12-14 20:07:01,2017-12-14 20:18:18,2017-12-19 15:52:41,2018-01-04 21:37:48,2018-01-16 00:00:00
7ec3006ab91bec3ac4ff2012d50fd8ee,e2407f57451ea4c3800bac917115ebc8,delivered,2018-06-24 16:05:19,2018-06-24 16:15:18,2018-06-25 15:31:00,2018-07-06 11:09:53,2018-07-23 00:00:00
6a2da04570ebc118f0d3cb8b19819efd,48f63d0f4a8bb792750bda63710dab39,delivered,2017-04-25 09:44:05,2017-04-26 09:36:04,2017-05-02 18:26:03,2017-05-09 16:27:06,2017-05-12 00:00:00
59fb9bc4a2f049228ee64f5073bc9165,4c51b75b3a2ff33ddff3bbc56afc0d80,delivered,2017-10-12 08:29:47,2017-10-12 08:49:37,2017-10-18 18:42:37,2017-10-31 20:27:56,2017-11-10 00:00:00
25e4af6ebff2dfb6213c8cc7e36ecbed,921df0e199c57f4fd686b8a141fb9b86,delivered,2017-02-07 20:31:37,2017-02-07 20:45:20,2017-02-21 06:06:14,2017-03-03 16:54:03,2017-03-08 00:00:00
07055a132b3dcf9a44b88259dea3e3b5,a810af91d0732c90a837e4d5e7de719c,delivered,2017-10-27 13:19:24,2017-10-27 13:30:45,2017-10-30 18:55:04,2017-11-03 22:47:33,2017-11-10 00:00:00
d25d41dff1e51aff1a2e4d15c683ef71,e4e5bed9b0765800625feb8cdedf7f5d,delivered,2018-01-15 14:11:07,2018-01-15 14:30:10,2018-01-17 19:32:42,2018-01-30 00:12:30,2018-02-06 00:00:00
c208438a2896fe887fc1b4718a1849ca,dc6610bae42f85d0469bb00308c3d85d,shipped,2017-05-05 14:20:36,2017-05-05 14:30:15,2017-05-11 13:32:43,,2017-06-05 00:00:00
fe1de25cdd6ea030b9fa112a11872f0c,71319ce6cebc4c3df28c715534e39eeb,delivered,2018-04-03 21:14:58,2018-04-03 21:30:20,2018-04-04 20:39:14,2018-04-23 18:07:33,2018-05-04 00:00:00
b0b11a045f01b17c63a50af48627e177,db1b21960a9c96c9b4b8a1b0e38b8341,delivered,2018-04-17 13:49:17,2018-04-17 14:11:33,2018-04-19 18:46:45,2018-04-24 17:08:52,2018-05-04 00:00:00
8eb3ea8875ea46e1d2631a59a278e059,822d3f50f2d532e37c9fbdb13cce5f77,delivered,2017-12-18 13:35:02,2017-12-18 14:51:20,2017-12-20 20:28:41,2018-01-05 18:57:06,2018-01-29 00:00:00
1c437b4d4326d36b71e91dd7a7c2c4f6,708761cac9260fe06a7ac1e921379700,delivered,2018-04-10 10:03:12,2018-04-10 10:15:13,2018-04-14 00:12:14,2018-04-30 18:54:43,2018-05-10 00:00:00
a9b90916ddc087b5ba5b9168b82e3d7d,321558a6b7d5ae077298ae86f95f6d5d,delivered,2017-07-04 11:04:07,2017-07-04 11:15:12,2017-07-04 15:57:10,2017-07-13 16:33:16,2017-07-26 00:00:00
431f71d848d8dc0ee88bdd5ab9697865,6a8f9fcd9f9fa3a59d9813fefaff6a44,delivered,2018-01-21 22:30:31,2018-01-22 14:03:06,2018-01-24 15:28:32,2018-01-26 18:05:01,2018-02-06 00:00:00
3f5a1c29c5881cc9902ed702efbdde45,61260c512475ab1d7519b332199e8c1d,delivered,2017-09-10 19:10:22,2017-09-10 19:23:25,2017-09-15 21:27:38,2017-09-19 14:59:20,2017-09-21 00:00:00
55b6cfcdaae4a8dc9629850dc635995d,c5ea6b40204131fb48bdf66d273d7f15,delivered,2017-08-08 16:32:39,2017-08-08 17:20:07,2017-08-09 15:17:19,2017-08-16 16:28:04,2017-08-30 00:00:00
a9f79500e239f331c724ae1fc5543bf5,78a6b9486f068ed66115b05fe58b2b57,delivered,2018-03-10 21:24:16,2018-03-10 21:35:22,2018-03-21 15:18:33,2018-03-26 22:32:41,2018-04-13 00:00:00
9d10b455f195f1fd74ef4ce42acf747d,09e0df89238876c0ae98f6eb0fbe08c4,delivered,2017-09-16 11:48:44,2017-09-16 12:15:18,2017-09-20 18:15:50,2017-09-25 18:49:58,2017-10-04 00:00:00
32dad65c7c23a695894f80922d9299ec,da4668d04be436501614b38d36f72375,delivered,2018-02-28 15:52:24,2018-03-01 02:49:01,2018-03-01 15:27:00,2018-03-13 20:52:35,2018-03-22 00:00:00
42aba87a5d74e497fc853cde910d4e32,36c82ac8588030097d3f7aca9640518e,delivered,2017-11-24 12:41:27,2017-11-24 14:53:50,2017-11-28 21:33:15,2017-11-30 01:32:27,2017-12-08 00:00:00
972f03a2ab321bf017e5935258d033fa,646ec1788e9a354f74f34212deb37834,delivered,2017-09-01 18:28:26,2017-09-01 22:25:38,2017-09-05 15:03:37,2017-09-11 22:11:27,2017-09-21 00:00:00
1a65d6928b5ee7a7afb52dad3ccdf11c,71af115b2d551456216e58c97250e562,delivered,2018-05-16 20:59:32,2018-05-17 07:35:17,2018-05-18 08:05:00,2018-05-21 19:05:14,2018-05-28 00:00:00
15812af232ebe0d344d123c18fde51eb,983155c4c0cc44b685df66df2e9f8e78,delivered,2017-02-02 10:07:57,2017-02-03 03:41:19,2017-02-03 10:15:55,2017-02-14 11:45:44,2017-03-13 00:00:00
3edbbef8745cef6c2e474153945c8e0d,49b5349dbcfe2c6281df2a618af2cf1c,delivered,2018-04-08 16:29:58,2018-04-08 16:49:32,2018-04-10 17:08:37,2018-04-25 15:40:57,2018-05-03 00:00:00
60587a0b83305888501192ff07ba8bb9,2f38c3926fb8ba143f2741e9e7adc93f,delivered,2017-12-03 12:29:04,2017-12-05 04:13:45,2017-12-07 20:29:53,2017-12-10 13:48:47,2017-12-20 00:00:00
257ab9903352539e481128aa856113b5,971bfe39418350859c2eb52127c06aa9,delivered,2018-01-21 21:09:35,2018-01-22 13:59:37,2018-01-24 19:42:44,2018-01-30 23:53:04,2018-02-16 00:00:00
f4f8522daccc59321b1358e61baa1ca7,557f6a0353ea846e7619dcc3d9140137,delivered,2017-11-18 17:39:20,2017-11-21 03:58:00,2017-11-22 21:51:01,2017-12-06 23:53:21,2017-12-13 00:00:00
57b27ed317a9d0ed3ed31b5a50392b51,03d9a01006461e5674fb618206c83526,delivered,2018-04-30 20:36:38,2018-05-01 03:15:19,2018-05-03 11:17:00,2018-05-08 21:06:49,2018-05-23 00:00:00
0e80c0d12085997d97ada58dda2ed84b,0cc2d7c215c68e51c738257527a75324,delivered,2018-03-25 00:11:10,2018-03-25 00:28:03,2018-03-27 02:03:56,2018-05-09 18:52:41,2018-04-13 00:00:00
e417eb578007d00c0b658bc321e625fb,e5cb26fca2d6d69837f8b62d69368ca0,delivered,2017-10-03 14:57:22,2017-10-03 15:07:23,2017-10-04 16:00:26,2017-10-13 21:42:57,2017-10-27 00:00:00
d931bcdb789d6460815d187628a45ea0,40c423abdcdf26cf7a1e3b7129a7ced6,delivered,2017-12-07 17:47:51,2017-12-07 18:20:31,2018-01-02 15:51:57,2018-01-09 18:48:48,2018-01-17 00:00:00
449fd66fb16ef36b8f48f9f1f6dfdd3d,e532665b23b3d9fcf965342ea38a1ab7,delivered,2017-02-21 14:29:03,2017-02-23 02:50:43,2017-02-24 13:12:48,2017-03-03 14:07:49,2017-04-03 00:00:00
b6904f25e61fa334007f6d0350ac62d4,0a32173125f7b32ef02aec262e27a948,delivered,2017-05-01 22:38:57,2017-05-03 11:34:59,2017-05-16 12:01:20,2017-05-19 10:03:45,2017-06-06 00:00:00
7fa93e469a3df1e1cf3effe670acbe13,84179f402ef4bd0262fdf54f51bc2dcf,delivered,2018-02-01 09:44:40,2018-02-02 02:55:39,2018-02-02 23:07:03,2018-02-14 21:47:42,2018-03-08 00:00:00
84e6078e0615be2c230b32c857152bfd,f5f43846cc97059ceb258cdeb5c1119a,delivered,2018-07-24 12:52:29,2018-07-25 12:45:12,2018-07-26 08:31:00,2018-07-27 21:36:29,2018-08-01 00:00:00
87979d4911d8ddfec45cd5ebccfb535b,8108be015f1623687cb6582904cf4fb7,delivered,2018-01-01 20:33:42,2018-01-03 04:12:21,2018-01-04 15:38:47,2018-01-19 20:26:26,2018-02-01 00:00:00
1874385b2e1267b83f06520d354ae9fd,31fd5032081edfe8b80abdd6cac16abc,delivered,2018-04-07 16:17:06,2018-04-07 16:30:16,2018-04-09 18:17:58,2018-04-10 20:06:40,2018-04-23 00:00:00
2d1127e130b6702121a35862a2840d3e,74298ef9b98443b73f5a902a72918bf5,delivered,2017-05-10 17:21:40,2017-05-11 04:10:13,2017-05-11 12:12:12,2017-05-13 08:12:17,2017-05-30 00:00:00
56400a721b65efb0da1a9f11ea5b2dc7,ed3c7592e1ac84fb9ab17c6567560499,delivered,2018-07-15 10:46:14,2018-07-15 10:55:19,2018-07-16 13:28:00,2018-07-27 20:43:29,2018-08-09 00:00:00
e47110d41905de410a2e6b8e4d9997ef,2445986db608043b8a1b6c146acaf625,delivered,2017-06-24 20:52:28,2017-06-27 04:03:13,2017-07-05 16:02:09,2017-07-13 20:12:22,2017-07-27 00:00:00
85c4170fce54fdeff14d1bdfbc01ccb5,b460f02848cd2af7ce345937c3f53f6c,delivered,2018-01-18 00:39:32,2018-01-18 00:51:11,2018-01-20 00:33:03,2018-01-26 18:15:39,2018-02-08 00:00:00
2efb042198dc29d88f506b0f0a607b15,0bcea9b16dc81df6e830e8f3a61bcb30,delivered,2017-10-30 20:50:31,2017-10-30 22:31:38,2017-11-01 15:04:41,2017-11-16 15:39:45,2017-11-24 00:00:00
78c9d1353276b2af75baeb1e1fd400f7,b46689fa5074c5dc64dccd8ecdfb5e3c,delivered,2018-03-27 18:57:23,2018-03-27 19:10:22,2018-03-29 20:51:02,2018-04-02 20:20:34,2018-04-09 00:00:00
f4819650bf7464dfe407e28a6596bff7,47eded05a30d7a6af12a5018a4d76284,delivered,2017-08-28 13:54:55,2017-08-28 14:10:13,2017-08-30 17:32:47,2017-09-11 19:22:12,2017-09-20 00:00:00
94988f535f661bb99df19830f8b0c85a,575c83fdc47cd734f5bcb15356b95284,delivered,2018-04-15 21:41:47,2018-04-17 05:51:05,2018-04-23 16:35:37,2018-04-24 17:02:59,2018-05-02 00:00:00
8507049ba787aece6fadc233efdbb0b3,1b93e31aac5baddd05b3188a82db777a,delivered,2018-04-25 10:26:29,2018-04-26 04:15:22,2018-04-26 10:40:00,2018-05-08 23:38:46,2018-05-23 00:00:00
de694f11ec11e5fe9863ef978ebee3dc,b3a08145646e240e9a1aa67557f4d361,delivered,2017-07-22 21:45:34,2017-07-25 03:43:42,2017-07-27 16:53:40,2017-07-29 12:06:12,2017-08-11 00:00:00
215f3324d1e0ac9abd788d1ac6d65b9d,5aa2f21d43e5a3b019dd7e815fe3f754,delivered,2017-10-31 09:49:31,2017-10-31 10:07:14,2017-11-01 15:13:20,2017-11-09 21:08:42,2017-11-16 00:00:00
f8e3202e9cd8c0fa7214e81340786b36,3e908e835fed1043fef69ddc2b455454,delivered,2017-07-30 21:30:58,2017-07-31 21:25:10,2017-08-04 18:32:27,2017-08-07 19:26:36,2017-08-15 00:00:00
9476149aec45b9b1774a161abcce8631,73969b20fe25029e7ffabb98d15fd650,delivered,2018-06-27 20:09:21,2018-06-28 09:51:08,2018-07-02 12:27:00,2018-07-04 20:54:33,2018-07-24 00:00:00
dc12f9e8414131e62897902a78e0286e,43b59dd57875a5c0b3e2d70f13a5baf6,delivered,2017-12-15 13:41:41,2017-12-15 14:52:47,2017-12-19 15:07:54,2017-12-27 19:44:07,2018-01-18 00:00:00
5b10d29307d564e7cba05fe2ecf7334b,5da58311c38580e9148202a5ed52b9e0,delivered,2017-07-29 08:23:31,2017-07-29 08:43:39,2017-08-04 18:03:13,2017-08-09 21:44:58,2017-08-22 00:00:00
1836d4c5e6632d43138fd0b963d2868a,a8b26af037958fa33b0634227eb025de,delivered,2018-05-12 09:23:09,2018-05-15 05:15:18,2018-05-15 14:18:00,2018-05-24 17:22:53,2018-06-12 00:00:00
3c5d259b3ebc0be37007e40161e87808,c994d6b0515f1e1fd246d40214d32fa6,delivered,2018-03-16 21:13:49,2018-03-16 21:30:35,2018-03-21 18:56:27,2018-03-28 19:36:45,2018-04-04 00:00:00
2884411103e7fe124af5df8b85a8fb7b,41c6c34fa28c9c468324a035899bfb97,delivered,2018-06-08 09:50:55,2018-06-08 10:57:19,2018-06-13 15:44:00,2018-06-19 19:32:41,2018-07-13 00:00:00
7e68991a1a850b61d2a20fd75f462397,85eb23c7cef0b97eda81a956c3f748c7,delivered,2018-08-16 23:15:46,2018-08-16 23:30:08,2018-08-17 12:08:00,2018-08-29 22:36:48,2018-09-13 00:00:00
adba6d04acdb64b6df4751a0e639dfd9,aae8a8be7d213183eead54d3fb27b04b,unavailable,2017-06-20 17:53:16,2017-06-20 18:05:11,,,2017-07-12 00:00:00
cb303e4e397e2a02fdaca20eabe8dba9,78edb32c4f1ecf80a8d84cd09038f3db,delivered,2017-11-24 13:20:37,2017-11-24 15:33:48,2017-11-27 13:27:33,2017-12-06 18:56:02,2017-12-18 00:00:00
eed169e888ef45d577ec9d8972a597c6,01813ee9f6884594643a63fc9eaf76a1,delivered,2017-08-03 08:54:25,2017-08-03 09:05:24,2017-08-07 21:38:06,2017-08-12 12:49:38,2017-08-25 00:00:00
ac1ad6203d23f24b2a0d5f03194350c4,1e5d1eb03501e8ddbd71596a99153223,delivered,2018-03-06 12:06:23,2018-03-06 12:16:25,2018-03-13 01:41:51,2018-03-24 17:52:45,2018-03-22 00:00:00
0a15572811e0bc23e2963de1cdf344f0,a0a88da4a6858c8d7cc650bbd21949e8,delivered,2018-04-19 10:59:31,2018-04-19 11:36:50,2018-04-19 21:36:40,2018-05-04 20:04:01,2018-05-23 00:00:00
2bf72423c933e87360d57c946d11877b,95b7f25b758ee66891d77a2ee4a1593a,delivered,2017-09-01 11:05:04,2017-09-01 11:15:16,2017-09-01 20:26:36,2017-09-08 21:33:56,2017-09-20 00:00:00
d68cb705b9d644fcf651e59d9c01ba24,0335d2d38f73c105f274b4cf306c2a32,delivered,2018-05-08 13:49:19,2018-05-08 14:15:34,2018-05-09 11:54:00,2018-05-19 00:34:57,2018-06-18 00:00:00
d6f81c5ff8389221e5c1d73ba937d7f9,dbb1d26faf76c199b739edd9d8847a00,delivered,2018-06-11 18:27:03,2018-06-12 07:57:36,2018-06-13 08:15:00,2018-06-14 13:22:35,2018-06-29 00:00:00
bf48c37aab37d5df8bf6bd53727693d8,976590ccdc83ff872a87a7bb739eb1df,delivered,2018-07-13 23:06:49,2018-07-13 23:24:00,2018-07-18 13:00:00,2018-07-25 17:52:48,2018-08-13 00:00:00
a9a6fd3ca2e803548ec0685c9261a4e2,e96ff5a5f8538ccd9dbe20e694d02a51,delivered,2018-08-11 11:31:31,2018-08-14 05:35:22,2018-08-14 14:22:00,2018-08-20 15:04:12,2018-08-24 00:00:00
67348b916dece1709eda43da06e03fed,02be3c1e80d42583e71d6c2eb9cade45,delivered,2017-07-05 10:50:48,2017-07-06 22:25:12,2017-07-11 16:47:54,2017-07-17 18:17:54,2017-08-03 00:00:00
ffe63ac8de50ca1b8d8aba30d6bff4fb,71b497960cffaf0689ae433028997745,delivered,2018-01-02 13:57:36,2018-01-02 14:31:54,2018-01-04 16:43:22,2018-01-08 22:37:58,2018-01-30 00:00:00
2c88b5879d666444b90643a3817f9b97,a7f913b5e7544ba3de6205e67ed196a6,delivered,2017-03-17 21:27:37,2017-03-17 21:27:37,2017-03-28 08:00:36,2017-04-04 16:04:37,2017-04-17 00:00:00
2c9802d8dcf6a98e04bc7dc09cb33c65,38e258cddfb4ca0e370c284212cd8b4d,delivered,2018-02-22 16:51:51,2018-02-23 02:29:02,2018-02-27 13:52:00,2018-03-07 20:04:47,2018-03-15 00:00:00
7366deb07205707fdfa5b33582d4269e,be579a31961ab4b95d998b3947ace05d,delivered,2017-12-28 14:42:46,2017-12-28 14:55:31,2018-01-02 20:27:41,2018-01-19 00:52:16,2018-01-23 00:00:00
ebb17d52f687e249ea4c82b179752cdd,67ed1391de0d2cfba768fc5840d706b8,delivered,2018-05-05 13:16:14,2018-05-05 13:33:36,2018-05-10 12:36:00,2018-05-11 21:57:23,2018-05-15 00:00:00
429820950af3ab4d3ce2ea5897c9182f,289e7b7314970d0f2e3b0e709142c671,delivered,2017-05-30 01:31:09,2017-05-30 01:45:06,2017-05-30 09:12:38,2017-06-06 14:03:34,2017-06-22 00:00:00
5fd03333c4c020a7eff08e6ef26ef8cf,6a81e067c92bf11135c074c637f12ad2,delivered,2017-10-10 10:49:17,2017-10-10 11:06:16,2017-10-16 19:57:28,2017-10-25 23:07:47,2017-10-30 00:00:00
7529a27c3db5807043903076a53133dd,91633ac94a5ddebb20906d16ba6a53d7,delivered,2017-03-07 16:31:53,2017-03-09 02:51:12,2017-03-09 10:01:57,2017-03-15 07:42:05,2017-03-30 00:00:00
1f667257ee2e5233698f7509dee81690,ea9eace2850dd109fdf9443e88092b44,delivered,2017-11-17 19:53:15,2017-11-17 20:56:03,2017-11-27 18:24:12,2017-11-30 22:10:00,2017-12-13 00:00:00
78c1dd10b79d48d48bb2d126a2e77b82,2ffcabdf3a263c1662bcf85f5afbeb9b,delivered,2018-04-17 10:59:15,2018-04-17 12:12:16,2018-04-20 18:52:13,2018-04-26 17:51:38,2018-05-15 00:00:00
05dc9045a35ab252a2b71dd4b0dfb63d,f145b776c9a84798752ab06f0bad91d6,delivered,2017-06-11 18:53:16,2017-06-11 19:05:13,2017-06-12 13:48:27,2017-06-16 21:36:47,2017-06-26 00:00:00
67b0f99f4462dd93418ed97b21a6c725,edac42fb2321d66c4fe98b9bde2d97b3,delivered,2017-10-06 10:48:07,2017-10-06 10:56:17,2017-10-16 21:38:07,2017-10-21 15:47:55,2017-11-09 00:00:00
3bea71c4bc883f23291659b144e887a2,884f2496c2d61abf6305b4bf140ccdda,delivered,2018-04-14 18:52:34,2018-04-14 19:11:05,2018-04-18 22:48:41,2018-04-24 21:07:13,2018-05-09 00:00:00
c532dd9ed72f4f01e704fa965ecf3df8,b2321b9448e5b22e0c6c79a4f80ea0f9,delivered,2017-12-12 00:59:26,2017-12-12 01:40:22,2017-12-12 22:38:40,2018-01-02 21:52:27,2018-01-08 00:00:00
34ca707f0687a186215481e5b55df48a,32f7fa273af43c883fe0b290f86ca006,delivered,2018-02-24 21:10:36,2018-02-24 21:28:20,2018-02-27 16:08:08,2018-03-02 19:41:31,2018-03-16 00:00:00
ac84ab357a08e5722fc393cec91b5ce1,4b53d9cbd6d6af97a3f67290793cb808,delivered,2018-03-07 14:49:34,2018-03-07 15:10:07,2018-03-13 21:26:45,2018-03-17 15:08:39,2018-04-05 00:00:00
49e9dc045f7315c4ad59cf9184f45914,0b5e1382879c6dfa001754baf54c6542,delivered,2018-07-27 10:26:40,2018-07-27 10:44:22,2018-07-30 12:18:00,2018-08-03 16:46:43,2018-08-16 00:00:00
6afa4d330be6f76da03b1420c1a59c45,97dac0e1bb23983ecae0b39da75edd9c,delivered,2017-12-15 16:59:21,2017-12-15 17:14:14,2017-12-18 22:17:05,2017-12-26 15:58:59,2018-01-15 00:00:00
2ab52ee7bbc56e3868f74d1528246edb,c0c305fe80a99e5571ec7a5432459b9f,delivered,2018-04-05 21:56:29,2018-04-07 09:27:44,2018-04-09 19:22:30,2018-04-12 22:32:17,2018-04-24 00:00:00
8104809ce1b8fe36d8228fd0e357ebc0,86cb4f1c3e32aaf6c8dbfb68fb45a0be,delivered,2018-04-15 16:20:40,2018-04-16 15:31:36,2018-04-18 20:52:32,2018-04-27 13:06:48,2018-05-14 00:00:00
17eef98a45132ca576588788ed401b96,4e88cdfcc6490fa26dc52e0e409a5704,delivered,2017-02-09 19:42:22,2017-02-09 19:55:08,2017-02-13 02:04:03,2017-03-03 09:58:59,2017-03-10 00:00:00
66721fc1b7506481ff0d62fefe0aaa6c,07f531d80eec53e83d52e270ea6538ea,delivered,2017-02-10 10:34:36,2017-02-12 10:30:10,2017-02-13 11:09:50,2017-02-16 12:20:25,2017-03-09 00:00:00
2ec81b9e5f5e40c41a3e747ca4dd8d8b,7d937ae0cf8dcf549e545d4df8894161,delivered,2018-02-22 15:50:47,2018-02-23 15:54:35,2018-02-26 18:57:00,2018-03-17 19:21:41,2018-03-20 00:00:00
f32c4d2b078bc5a354f4c1184522b5ff,5a1523d32a6d1b323a05895f5164655d,delivered,2017-09-18 12:58:42,2017-09-18 13:15:08,2017-09-19 13:32:40,2017-09-21 23:04:58,2017-09-28 00:00:00
cb29497c3782a76b57327c055d58b0e0,663c23427108785957931a3ac88f6085,delivered,2016-10-04 16:41:59,2016-10-06 15:55:55,2016-10-24 07:05:30,2016-10-29 12:53:41,2016-11-28 00:00:00
249ff875b152ea3c750e1d42cfee893a,14f32f9bf07908e6cfaac30c14928156,delivered,2018-05-17 16:45:53,2018-05-18 00:55:28,2018-05-18 14:52:00,2018-06-07 23:39:52,2018-06-04 00:00:00
791b4a44bd8319b5598f703141db400f,ec27117a3767d7d75b29286390bb9519,delivered,2017-10-17 18:41:56,2017-10-17 18:56:20,2017-10-18 18:02:52,2017-11-01 19:46:50,2017-11-16 00:00:00
7f73858012ce32efed89439a20062df2,0b55cee3f779e00e15de669f5da71d8c,delivered,2017-11-24 10:19:55,2017-11-24 11:33:40,2017-11-27 14:19:10,2017-11-30 17:43:36,2017-12-08 00:00:00
5e3081d115ec0e1e17b02019e4330d61,06bceece157515b2204f14ea11350353,delivered,2017-08-20 18:22:15,2017-08-20 18:35:04,2017-08-24 15:33:17,2017-08-26 13:22:21,2017-09-25 00:00:00
1f169866113310fa8ab239a0b4c7e8de,10f6413b5b1071b6b46c72c05df6f4d6,delivered,2018-04-17 13:25:52,2018-04-18 06:32:05,2018-04-18 22:08:33,2018-04-24 20:47:39,2018-05-10 00:00:00
3061eeeda2ce6bbe56d21c705f5d083c,4eb910ad4478ad5e5c6da32ef841b138,delivered,2017-07-13 17:58:46,2017-07-14 02:24:25,2017-07-17 15:16:55,2017-07-18 16:16:02,2017-07-26 00:00:00
8572e18216437c86715d1e5a52321408,e3c038c0f88122fd5b7f566d198acc39,delivered,2018-08-24 23:28:21,2018-08-24 23:44:19,2018-08-27 14:38:00,2018-08-29 16:11:01,2018-09-05 00:00:00
e40815dcb739e03cb2c06547ef7c3092,4d44a73097bff381fc95fe6d86a96160,delivered,2017-01-28 21:51:24,2017-01-28 22:32:05,2017-02-02 13:03:04,2017-02-10 17:38:04,2017-03-15 00:00:00
e13771d81b11fa998c5534001f1520f1,b5dc660534126a84822d57681d78f071,delivered,2018-04-05 11:36:48,2018-04-05 11:50:17,2018-04-05 23:52:02,2018-04-11 22:46:55,2018-04-26 00:00:00
ca414766885ef23fbb64dcfffe684699,af75138c42a3bc72157eaf45b6da592f,delivered,2017-09-25 13:18:24,2017-09-25 13:30:17,2017-09-25 19:29:55,2017-10-06 13:17:52,2017-10-26 00:00:00
2f83083c33a1f0bd8f5c9a4ac807ff0a,08c7e9277e931b338a239e83980b067d,delivered,2018-07-19 00:27:48,2018-07-20 04:45:15,2018-07-23 14:36:00,2018-07-30 18:16:50,2018-08-14 00:00:00
8c242b06662dd71ddc5251a5b0f62b87,9bf1366d0c36b553866ec4d27a186360,delivered,2017-09-29 23:22:03,2017-09-29 23:35:08,2017-09-30 14:03:37,2017-10-12 18:04:12,2017-11-01 00:00:00
cdbd6a9fbdb7302360e7c110ce85381f,1b957db31d28b6dc6c7a098676c03609,delivered,2017-05-20 15:15:37,2017-05-23 14:22:57,2017-05-26 07:47:47,2017-06-06 10:42:37,2017-06-20 00:00:00
573de7df35639ded5e09b11ea2542d17,e175224a1568dc4b37ece75a8dcc1763,delivered,2018-01-03 19:20:34,2018-01-03 19:29:26,2018-01-05 17:53:00,2018-01-08 22:04:15,2018-01-19 00:00:00
290b12fe53ad224d4f2ba8f1eb54a8f1,9e6e020daf8c70608a83f7e18fde0589,delivered,2017-05-16 21:51:12,2017-05-16 22:02:37,2017-05-18 14:44:03,2017-06-14 13:45:59,2017-06-07 00:00:00
7775f1a362c378b553296a6ac824ad0e,f65cf41dc7566470b447e365bf24e831,delivered,2017-10-22 08:40:37,2017-10-22 08:49:19,2017-10-26 20:52:45,2017-11-03 18:27:49,2017-11-10 00:00:00
25fdb80cdfa1727a381fd272d0810a8c,80627b047561dcbb978b53cafbf9ce99,delivered,2018-04-07 23:17:32,2018-04-10 03:50:01,2018-04-12 15:41:59,2018-04-13 16:04:29,2018-04-24 00:00:00
31ece8303bc27804a8e341abbd3f2d02,7e02b8b620915b4c37112c948fd5bd18,delivered,2018-01-06 16:06:34,2018-01-09 07:19:58,2018-01-10 16:03:04,2018-02-06 00:58:42,2018-02-07 00:00:00
e32cb2b7845ddbc8322b670ff7604fb3,a5fa0fc7218b8e86907e98bc906d5a0c,delivered,2018-01-06 00:46:32,2018-01-06 00:53:20,2018-01-08 19:28:07,2018-01-12 20:48:42,2018-02-05 00:00:00
e03566eab6041e05274e23b5a2fe5d31,c5af5453cf8127f3c3ce75b498561dbc,shipped,2018-07-24 21:05:03,2018-07-24 21:24:30,2018-07-27 14:39:00,,2018-08-16 00:00:00
e399c29d4401b459c761d3c58662d5d9,71b7374b767f2bbc1a6e8151aa3cbcd3,delivered,2017-10-31 21:42:53,2017-10-31 21:55:12,2017-11-01 16:41:14,2017-11-07 19:38:51,2017-11-21 00:00:00
5857c4471757f3c88440e2f2f405c7c1,e3f7787cf546d9eb3097e856db584f28,delivered,2017-05-28 18:26:26,2017-05-30 04:35:27,2017-05-31 07:12:22,2017-06-05 13:42:25,2017-06-20 00:00:00
6d8a901414328a5ace8b17a2fb3f664a,95e4cadaf56d0ea677e395ab5a6e2bd2,delivered,2017-12-29 10:55:59,2017-12-30 10:48:28,2018-01-02 19:57:00,2018-01-12 21:15:52,2018-01-31 00:00:00
8bfb8a222a893a52bb8c9fe889b4e5a9,01d238a78a68c0b02c73167a63f05f9e,delivered,2018-01-13 18:57:59,2018-01-13 19:10:10,2018-01-19 00:16:37,2018-01-25 17:29:06,2018-02-08 00:00:00
f23a4132d42810c7f591d372282ae3eb,57690c2fc610a75de4875a2b9f1826e6,delivered,2018-07-18 16:47:00,2018-07-18 17:02:23,2018-07-20 08:46:00,2018-07-23 21:08:34,2018-08-06 00:00:00
558b5f3eea27fa1b4cbc05013c45948e,177ba55869da8001fcca079af0b85832,delivered,2018-07-28 19:00:54,2018-07-28 19:10:11,2018-08-09 14:47:00,2018-08-16 17:32:07,2018-08-27 00:00:00
8cf08ec6272b9383b4b0ec15a92d859d,3dfc1d5c8f0063d8bf49bc7adee3cc0e,delivered,2017-09-13 18:05:37,2017-09-13 18:25:13,2017-09-21 20:18:15,2017-09-25 17:09:25,2017-09-29 00:00:00
672dabc5c0363afbe1ef39abf10ad92e,a321e7ff150748b73bb114a7af786911,delivered,2018-01-12 10:49:13,2018-01-12 11:08:39,2018-01-15 17:07:19,2018-01-25 13:18:03,2018-02-02 00:00:00
1dc762b27fac9fd0a2a373b1765904d6,adbcf3eb5f2914d148cfa1a12aaf8dc3,delivered,2017-12-02 00:25:15,2017-12-05 04:15:34,2017-12-11 18:13:00,2018-01-03 16:49:32,2018-01-02 00:00:00
b77200a7cbfba12d399cea6ab05f0056,d4e46c8fea215d808d199ea91ee81fb7,delivered,2017-11-05 22:21:05,2017-11-05 22:30:51,2017-11-09 17:51:55,2017-11-21 22:21:15,2017-12-01 00:00:00
82a3143e7fcc98993eb0c75677fafe61,a5b789a16742e6834fbd27892ba5eb60,delivered,2018-01-10 16:55:29,2018-01-10 17:11:25,2018-01-15 22:41:51,2018-01-23 16:24:49,2018-02-06 00:00:00
cfcb538b0e3d703532d8676f72674a66,5016f9bf2fbfb54c4156400e817be0f7,delivered,2018-02-22 14:23:02,2018-02-22 15:20:26,2018-02-23 19:45:37,2018-03-07 20:23:57,2018-03-19 00:00:00
ae7c4721024efe600df6ac3fa7e52c58,e7105b76f473123dba8054434c88adb2,delivered,2017-07-10 13:33:35,2017-07-12 02:10:43,2017-07-13 14:36:30,2017-07-20 20:04:12,2017-07-28 00:00:00
53ce1063e2dc0e2f7f70b9225c4fe698,af5879bf80a0b2de2ea8e4531f15b643,delivered,2017-04-27 09:47:36,2017-04-29 02:45:31,2017-05-02 09:55:00,2017-05-10 14:27:55,2017-06-01 00:00:00
a5e6afa3599ee9c2accf10acd3c923c9,355b4eed0949e4700be979179eecbacb,delivered,2017-08-23 10:13:01,2017-08-23 10:26:25,2017-08-25 13:09:54,2017-08-28 14:13:00,2017-09-11 00:00:00
04af00b2ad7756ba45549af1e832d8da,01d7603b563bc426e2eda5e0677e714b,delivered,2017-12-05 21:01:20,2017-12-07 03:16:39,2017-12-09 00:10:15,2017-12-13 20:43:24,2017-12-21 00:00:00
7c43fe101fb4d918fdde27a9d5c1a55d,72f4de2d0b788e1cf5e209886736de7c,delivered,2017-10-27 18:24:38,2017-10-28 03:06:12,2017-11-23 20:31:59,2017-11-25 14:43:39,2017-11-17 00:00:00
b205be748c20bcc61ef49cb39437895d,421d5ca0e6fb99bf273b5c69a7369909,delivered,2018-03-20 18:30:37,2018-03-20 18:48:16,2018-03-21 19:20:41,2018-03-28 22:08:30,2018-04-09 00:00:00
8086a62681389206d6324771e84fcb7c,1ab147ee1f0137283c771d31dc8fd5c3,delivered,2017-10-14 14:24:15,2017-10-14 14:35:21,2017-10-17 15:57:31,2017-10-25 17:28:17,2017-11-10 00:00:00
b804058ccd1385f9f8edab97e4d57f66,77b2df3dacf99e1e955b6e2e551140e2,delivered,2018-01-11 17:58:36,2018-01-11 18:08:30,2018-01-17 18:47:07,2018-01-31 23:43:04,2018-02-09 00:00:00
81b15e9061212fc1a2e309ea9b494bc9,bc0650119695e14edd3ab84c4703a7df,delivered,2018-06-12 08:53:13,2018-06-12 09:18:11,2018-06-13 12:32:00,2018-06-18 21:38:19,2018-07-04 00:00:00
eea28ef28b84c9907e7417c41813bd34,43e75acd76726d795aa44ccbcc95c764,canceled,2017-10-09 15:46:07,2017-10-10 20:49:37,,,2017-10-30 00:00:00
d54e949458cd42507227cf623fac5f3b,abc389d2fb6eabf81bc6559618237970,delivered,2017-02-16 07:54:22,2017-02-16 08:10:13,2017-02-17 16:12:05,2017-03-01 08:35:29,2017-03-29 00:00:00
1b40cca6df37a29bf8591a8c2dddd3c8,16a2c0b51780d4999a7e2fff5ca37829,delivered,2018-03-21 20:24:17,2018-03-21 20:35:35,2018-03-24 10:29:00,2018-04-06 18:58:28,2018-04-19 00:00:00
c375be2afa9340cae31b6c25a09449be,a09fe082576117028fdad56f51dab563,delivered,2018-07-14 20:07:39,2018-07-17 04:31:40,2018-07-17 15:33:00,2018-07-20 20:02:31,2018-08-01 00:00:00
febcdd7967f1d7c285c2729e23af0075,451c8dd87afb50d8842438b4568af292,delivered,2017-06-07 12:59:08,2017-06-07 13:10:31,2017-06-08 13:03:36,2017-06-16 14:13:03,2017-07-03 00:00:00
f5327a56946560898f7ddeb8a9ad57ae,1663565f21476518351527ac76c72ba3,delivered,2017-09-13 15:34:04,2017-09-14 03:04:32,2017-09-14 15:17:20,2017-09-19 20:43:17,2017-09-29 00:00:00
52cafd5349b83c44cef90c267012a0d2,b695437f3c8fa38c0ba037c7e13786c1,delivered,2017-11-23 10:57:38,2017-11-23 11:08:33,2017-11-27 15:09:38,2017-12-05 16:52:24,2017-12-11 00:00:00
fe206005e41f89f9759ece7fe7acc9c3,00447b6bd39c4a0f6366b05948f9e2e3,delivered,2018-06-25 15:05:27,2018-06-25 15:18:59,2018-06-25 14:08:00,2018-07-03 20:10:15,2018-07-23 00:00:00
50cc103bda59bd29c59f33e00e19b4e7,b7ac02c7140a36d272f16840d4a55871,delivered,2017-12-07 16:39:23,2017-12-07 16:51:56,2017-12-11 19:32:19,2017-12-28 16:59:31,2018-01-08 00:00:00
d0ecd96d0c6926c81ff571a7c21bfdca,264b02b4faf59b7ad0b4bd065056a804,delivered,2017-06-20 13:51:17,2017-06-20 14:03:57,2017-06-27 09:08:21,2017-07-10 17:15:33,2017-07-18 00:00:00
38396b4cf6f7c64870a71804f18641bd,c9dd71ec6612ba575fa2917595bed09f,delivered,2018-03-01 14:45:26,2018-03-02 02:10:51,2018-03-02 17:49:26,2018-03-28 22:48:47,2018-03-22 00:00:00
d60ecff4cf9ca74d078b9a105d138eed,1d1a37c1b70cba4e4a95c2c71a984d05,delivered,2018-02-06 23:00:53,2018-02-10 10:18:39,2018-02-08 14:21:59,2018-02-19 22:24:51,2018-03-06 00:00:00
5ae5a2d65d23cd2e0d8a1ca9b0c5a3bf,166d8a3eebbd35ac3c6013d0226d7e6b,delivered,2018-07-23 00:36:18,2018-07-23 12:31:53,2018-07-26 07:33:00,2018-07-31 18:06:39,2018-08-08 00:00:00
fd06d0c6fa9aa98d24fcb159b433375e,a4c35f9b8c018afed6ddd51ddd89cfc6,delivered,2017-06-03 09:11:30,2017-06-03 09:25:18,2017-06-09 06:11:16,2017-06-14 15:37:56,2017-06-26 00:00:00
f54985d5e0aa25e89765a7f3c1d7c445,17d871c2a8aaebdb6d8b7dc48398afae,delivered,2017-04-15 11:10:07,2017-04-15 11:25:14,2017-04-20 13:46:00,2017-05-05 13:49:59,2017-05-12 00:00:00
43a5d40681ed4ffe2ed88d6fb2639545,08958a40dbb52a0eb07d38b5e9ba3e51,delivered,2017-01-22 22:15:00,2017-01-22 22:25:13,2017-01-23 16:19:48,2017-02-03 10:11:51,2017-02-21 00:00:00
11da60acfcd7ff313e1ef9c2f86029b9,1628a7562ca4ba34dbc6b96534e41a61,delivered,2017-12-04 11:26:11,2017-12-04 16:31:35,2017-12-12 14:17:01,2017-12-14 18:04:20,2017-12-27 00:00:00
a585e716f1acad90ad2c2ac0cfbb1e3c,3f9681b10ce24632bba9359ad420f922,delivered,2018-06-28 17:47:00,2018-06-29 17:51:09,2018-07-02 14:35:00,2018-07-29 11:36:35,2018-08-01 00:00:00
345d632f9fe362bd4f152e75f5b95128,8f734ced85f99f67c4c276ed81876645,delivered,2017-03-10 10:34:16,2017-03-10 10:34:16,2017-03-16 12:42:45,2017-03-24 16:40:14,2017-04-20 00:00:00
8c392f89aecdbec13f3871c27f677835,f4861f19d48c455b9d1ba9a57609121f,delivered,2018-03-25 16:55:38,2018-03-25 17:10:30,2018-03-29 04:54:48,2018-04-17 07:09:39,2018-04-19 00:00:00
90480b682af5c1a9c00cbbbc7ef9bda7,12e1b6d020b00c08afc46ec721e0160d,delivered,2017-02-06 10:13:04,2017-02-07 03:45:14,2017-02-08 17:15:31,2017-02-14 16:22:02,2017-03-03 00:00:00
34fa4dce8775b3b4accea9779a4a6562,c3af7c0e51b2768d53a7654b57fc0492,delivered,2018-03-19 15:04:03,2018-03-19 15:24:10,2018-03-20 21:25:47,2018-03-23 01:14:31,2018-04-02 00:00:00
cf5f5f819b2d893f6b4545d61025dcf4,610acd3e17a6ba412c219bfb1d2b9f1a,delivered,2018-08-15 16:43:47,2018-08-15 16:55:29,2018-08-16 13:29:00,2018-08-21 22:41:41,2018-09-26 00:00:00
b26536936ae16f2e91301cb742fce1bd,184bcc485b37b9eec28ea04a557a3de4,delivered,2018-05-18 17:07:06,2018-05-18 17:55:20,2018-05-23 12:41:00,2018-06-05 13:26:49,2018-05-30 00:00:00
7d9c214c1febcd31fd655b4853bf3c38,743870049d6f3ea4eab887206171e6bf,delivered,2017-06-29 11:47:42,2017-07-01 05:05:21,2017-07-04 09:07:41,2017-07-05 14:26:52,2017-07-12 00:00:00
8c0f6431b08ee4b975520e4ba0f45952,a0623d34d96bfbdf4d8b42ddc91eca09,delivered,2017-10-19 16:38:04,2017-10-19 16:49:50,2017-10-20 16:42:29,2017-10-25 15:47:55,2017-11-07 00:00:00
0e7569797e4b4f2871c2439fa24b3888,fe75f3036d6ffb5af9e267792cd87e64,delivered,2018-05-20 15:39:20,2018-05-20 15:50:27,2018-05-21 14:00:00,2018-06-04 19:53:32,2018-06-07 00:00:00
b07c4df2465a5b5c2a22522e681a6ca9,70f6569fc88c303a208586d7199e33ef,delivered,2017-12-02 17:32:10,2017-12-02 17:50:37,2017-12-05 14:39:16,2017-12-22 13:48:50,2018-01-16 00:00:00
ea25a7c224e8ab2c05c2425da85c033d,c7b61613579c9bdffb328c60b8b6c148,delivered,2018-08-15 22:59:53,2018-08-15 23:10:13,2018-08-16 15:12:00,2018-08-21 12:57:45,2018-09-06 00:00:00
35a20de8aa4da49067825dec7e7928b0,ad3e37df6501f1ff58f06204c2e92f0d,delivered,2017-12-11 20:13:18,2017-12-12 10:18:21,2017-12-13 17:53:47,2017-12-29 20:59:43,2018-01-09 00:00:00
3a51339b8956feafcab1fe4779ee5a82,21525a3321369961ad550114e0fe022d,delivered,2018-01-14 13:31:03,2018-01-14 14:31:06,2018-01-16 21:11:48,2018-01-17 16:26:33,2018-02-06 00:00:00
aa3d4b2c0fb6da178364768f0d3008f2,d6ed26221e617895d1fd974919d6b5d4,delivered,2017-12-18 10:43:50,2017-12-18 12:45:35,2017-12-19 19:42:26,2017-12-22 18:29:02,2018-01-15 00:00:00
9c7420176504e0322420860db10766e4,1cfe9cbf7d071f113398f3290a620214,delivered,2017-08-02 15:34:50,2017-08-03 03:04:42,2017-08-04 13:33:21,2017-08-11 16:59:37,2017-08-24 00:00:00
5956fa21016f2b556a3959ff5aea8536,30eea11489ed0fc2155f0ffd1c7b0fad,delivered,2018-04-15 14:01:22,2018-04-15 14:15:12,2018-04-16 17:03:35,2018-04-26 16:52:48,2018-05-04 00:00:00
3a77992e9af4cff3d2b7bffa8f0597bd,b034d086fa50e3f4ba566e002b161b89,delivered,2018-02-12 19:52:15,2018-02-13 19:47:17,2018-02-20 16:34:43,2018-03-09 12:21:24,2018-03-07 00:00:00
ef0987feb7826e38ac57d833edc30db3,6083fd47c2a7ea4b4b70aa65093b5e24,delivered,2017-12-04 22:47:03,2017-12-05 10:30:42,2017-12-06 23:46:46,2017-12-07 21:57:30,2017-12-20 00:00:00
096d4376832d3c6a12a5b6815590a657,57d8a458d7250607de1fe62759c5e298,delivered,2018-02-12 09:59:28,2018-02-15 03:47:50,2018-02-16 01:12:48,2018-02-26 20:52:27,2018-03-13 00:00:00
123d32c3da610881ddc7e17902398c05,d21bb8dde600c57517689bfcaeaa62c0,delivered,2017-11-19 20:35:05,2017-11-22 02:46:56,2017-11-22 18:18:55,2017-11-23 18:06:49,2017-12-04 00:00:00
10889542f25363f8b12b679fb7bba35c,98b806dec7744f1d6ab3c2f5def9d1de,delivered,2017-03-14 19:19:23,2017-03-14 19:19:23,2017-03-22 09:37:36,2017-03-27 14:27:46,2017-04-04 00:00:00
76622c01fca584f77626ddafa70d17a2,70c4a16db23d6dd87b8de903e4f6b389,delivered,2017-10-08 21:16:25,2017-10-08 21:28:14,2017-10-16 16:25:37,2017-10-18 18:03:30,2017-10-27 00:00:00
121570884a708ffcfe5e2b083ed54d88,32d35c0b929d83bfb1b11e5a7f80bc29,delivered,2017-07-13 12:48:44,2017-07-14 02:15:41,2017-07-14 18:44:24,2017-07-20 16:35:44,2017-08-04 00:00:00
b736f9c98deb53b03ac6e931f3373063,f99d7ce66aba4bf59de3c05ca6561451,delivered,2018-06-05 19:14:32,2018-06-05 19:54:47,2018-06-08 14:11:00,2018-06-14 16:58:40,2018-07-24 00:00:00
77d6b708885d2096c60a2c70d6339b47,45e3a54b29d4b8e7f1eb2e61433ad320,delivered,2018-07-20 10:12:21,2018-07-20 10:23:54,2018-07-20 12:26:00,2018-07-31 20:56:42,2018-08-16 00:00:00
8ef805f6b95cf7f7e95c49e91050920a,dacd221c6e61590fc4e70e6a64926dd4,delivered,2017-06-26 17:43:29,2017-06-26 17:55:22,2017-06-28 13:11:40,2017-07-05 16:57:51,2017-07-27 00:00:00
9ebfcd2bc9b6535e4bd2f4a199ccb665,d21c580207b4c0ffe90dfc6b0b9aad69,delivered,2018-08-21 19:49:49,2018-08-21 20:04:17,2018-08-22 14:53:00,2018-08-23 12:44:39,2018-09-05 00:00:00
025e90567adfa253765b7fe0e844af3e,fb545b1c12acfe1a72c0e57c087f9029,delivered,2017-06-10 14:01:56,2017-06-10 14:22:36,2017-06-13 09:10:11,2017-06-19 18:45:54,2017-07-03 00:00:00
4e88622fff810dd27f43c1663684bcf7,a2a33693165276b5e7e5ddb42a1d0c40,delivered,2018-07-04 19:49:40,2018-07-05 16:22:00,2018-07-05 15:26:00,2018-07-14 14:37:28,2018-07-26 00:00:00
9acd35e199ceebf9f6fcf287fcc96050,77682d57b408ae4e966b75af24ce0022,delivered,2018-07-17 15:26:49,2018-07-17 15:41:36,2018-07-20 12:40:00,2018-07-26 18:28:28,2018-08-06 00:00:00
1b882405b224816e178cb5b5cfef9519,e14ce3c6c6d5337363712edf760f3a4a,delivered,2017-05-09 11:35:21,2017-05-09 11:45:14,2017-05-09 13:16:41,2017-05-15 12:28:03,2017-05-31 00:00:00
e1edbc7909e20f68fe318826cb3bf626,edcddfaece1ea547c0c266f5ae50dcd2,delivered,2018-01-22 18:22:38,2018-01-23 18:16:54,2018-01-24 20:41:51,2018-01-26 23:05:12,2018-02-07 00:00:00
41b64ffb924858fb0d246c1065fa426b,ad842d5f00835e547a2cc4c3867b7ebb,delivered,2018-03-18 16:35:44,2018-03-18 16:45:32,2018-03-19 17:43:23,2018-03-26 17:02:21,2018-04-12 00:00:00
9a44abc905204e1ab8b71a8b7cb4b838,7e70584ba81ccfa9df18a1d031597975,invoiced,2018-08-02 16:06:00,2018-08-02 16:40:16,,,2018-08-10 00:00:00
6192bdc9139ad21eb4e63055f1a7c8ce,aefdc01b9a9038b0a534f5442de46956,delivered,2017-07-16 21:22:36,2017-07-16 21:30:14,2017-07-17 22:05:33,2017-07-24 20:57:47,2017-08-09 00:00:00
26ba6dc5d33b55a3107a56f4e8d77395,c94b0a7723688efbdd4f0ffda201182a,delivered,2017-03-15 16:38:56,2017-03-15 16:38:56,2017-03-22 10:34:31,2017-03-24 00:20:11,2017-04-10 00:00:00
9888c63722f4013669bbb7fa059d4641,70bd203d5b9fb533a0409fe77ab05bf4,delivered,2018-01-16 20:43:28,2018-01-16 20:50:44,2018-01-17 18:56:28,2018-01-19 21:07:19,2018-02-06 00:00:00
bc21fd56e19626007f06da1b7f7b6c39,ce48eb5adf120b207900d03d7cd52c39,delivered,2017-11-06 21:19:16,2017-11-07 04:31:19,2017-11-16 23:08:43,2017-11-20 17:37:34,2017-11-23 00:00:00
c08a3a0b0a729cc378e7a36ebf5e9a95,393d64cafa977bd5aeeb4724bdf29d03,delivered,2018-06-26 01:07:23,2018-06-27 08:12:02,2018-06-27 11:31:00,2018-07-06 18:07:46,2018-07-24 00:00:00
58ac63782a9063fdfe379c7b31b1f054,08898ffe9691f44300322bc3595f6bf1,delivered,2018-02-11 10:20:52,2018-02-11 10:35:25,2018-02-16 00:59:08,2018-03-08 19:48:32,2018-03-08 00:00:00
b80f903f7c03f3e14f467161e1535627,1fe1bfe0bb8c4a834f257a62cff044c8,delivered,2018-08-03 14:02:09,2018-08-03 14:15:16,2018-08-06 16:06:00,2018-08-30 12:44:40,2018-08-22 00:00:00
61a7f6ac7afdcaf8a5b907eceefc0b33,312a3a9546b2ee455c66ff62528eefd4,delivered,2017-12-05 07:20:28,2017-12-07 09:32:15,2017-12-12 18:42:16,2017-12-17 13:36:47,2018-01-03 00:00:00
90dc9cc4800643816ac1387b5c9d0fed,f6875989fac1fae11faf6e9437ee905f,delivered,2018-01-23 18:04:28,2018-01-24 17:59:15,2018-01-26 14:12:39,2018-02-19 14:13:37,2018-02-23 00:00:00
fb160817be895543f88cd2eb3d7b1946,d1bfb5ee1b4214a9fc72449c13c85477,delivered,2017-12-07 21:39:36,2017-12-07 21:50:43,2017-12-12 02:04:14,2018-01-15 13:46:39,2018-01-10 00:00:00
d917b61df82dea35fe77a6dd3f6022e3,31eabee6e1edc94e8fe685de329a97a3,delivered,2017-12-09 16:50:35,2017-12-09 17:10:51,2017-12-12 19:14:00,2017-12-30 01:33:50,2018-01-10 00:00:00
2702240ee3035b40fae068d0f55e47e5,0f5cc28675a4f25a4b16f148a428c111,delivered,2018-04-02 11:20:59,2018-04-03 08:08:58,2018-04-03 21:42:18,2018-04-10 22:41:14,2018-04-24 00:00:00
2d82ea9060e0785b62b20ee2595d8eaa,fe947adaad7a3db48e9ac07b358e6aa2,delivered,2018-01-03 19:56:30,2018-01-04 14:56:23,2018-01-05 16:19:11,2018-01-13 01:32:22,2018-02-02 00:00:00
05028bf6da42dad66775424835329d50,a60acdac62e9cf7ec389b37d8d81e948,delivered,2018-04-10 16:28:59,2018-04-13 13:15:06,2018-04-17 23:48:38,2018-04-24 14:42:04,2018-05-08 00:00:00
1b5616e7176516b92c005cf30da4dd69,11022f3b7869a59e9f21e745f89f6a52,delivered,2018-06-08 18:02:30,2018-06-08 20:42:08,2018-06-13 13:55:00,2018-06-18 21:22:56,2018-07-13 00:00:00
d762d74c09a598d609ecbf46c3ab0603,d34d8be2d14d57f7e03555eb3cb3d956,delivered,2018-07-19 14:17:22,2018-07-20 04:35:16,2018-07-20 13:10:00,2018-07-25 20:24:37,2018-08-02 00:00:00
fc8c618e6370da14b6f7ddcaddcab31c,0a1086a4021cc95c10d53035aa0e012c,delivered,2018-03-12 23:21:44,2018-03-14 02:48:45,2018-03-14 19:27:22,2018-03-28 14:21:51,2018-03-29 00:00:00
2de931311a1cb3001070a6c567124301,57de838eef2ecc95a8b6040a6a5157df,delivered,2017-09-16 13:21:47,2017-09-16 13:35:09,2017-09-19 19:07:15,2017-10-04 17:47:32,2017-10-10 00:00:00
d310bd7091e28dd1dd215b1aae78f9f5,de426be1b483575f03fda1bf5f29b1e8,delivered,2017-10-06 10:36:09,2017-10-06 10:49:35,2017-10-06 21:56:43,2017-10-11 18:02:56,2017-11-01 00:00:00
880d70aaacf9fc6f25e6f4f24debc2eb,2acc65b3540d88602e20554b42667419,delivered,2018-06-11 12:44:42,2018-06-12 09:37:03,2018-06-13 15:26:00,2018-06-15 11:48:32,2018-06-21 00:00:00
94e99970c46ac11ef94327aa996b30de,ad925d43cc1beb9f6078d16a8e85960a,delivered,2017-10-03 16:26:37,2017-10-03 16:49:25,2017-10-04 19:12:56,2017-10-20 17:18:56,2017-10-19 00:00:00
f9346cc813c4d1d8450517f507602e60,f3a76cb53cef80f2754593b264a19a09,delivered,2018-03-20 21:08:52,2018-03-20 21:28:24,2018-03-21 20:22:40,2018-03-25 15:42:11,2018-04-06 00:00:00
5a862434f3a367a4727fd219326cc689,138197da71fb160b668d4121fdc6f6c1,delivered,2017-04-20 14:30:07,2017-04-20 14:41:40,2017-04-25 08:36:17,2017-05-04 12:56:15,2017-05-22 00:00:00
276c36d0f0218b24c09343edf53cb98f,00cca8735b2e7b89dc267f378e5c9e8d,delivered,2017-04-17 21:24:52,2017-04-17 21:42:19,2017-04-20 08:42:22,2017-05-06 09:07:46,2017-05-15 00:00:00
a2cb7138f0dbd806834e29cecfa9f454,c1937fb00658a73317253a822b2a52b6,delivered,2018-01-04 23:20:29,2018-01-05 23:11:25,2018-01-08 20:16:01,2018-01-17 17:35:56,2018-02-02 00:00:00
c30a47a0dddaa5e8b49d103368bcca27,564f1d0393db6bceae774f4ebd81c514,delivered,2018-08-05 13:38:50,2018-08-05 13:50:17,2018-08-06 15:13:00,2018-08-10 15:06:39,2018-08-15 00:00:00
a3fb3b6bb8e09643668fa1ed2591b149,1f0297c67e5e3106b058c933b37053dd,delivered,2018-01-08 10:33:19,2018-01-08 10:48:10,2018-01-09 19:44:11,2018-01-15 23:04:03,2018-02-01 00:00:00
b56fe464457abdb77acc8dfc5ed9e205,5a71d60e1d0bcc0c7de712b3dfd00e26,delivered,2018-05-18 14:23:12,2018-05-19 03:15:35,2018-05-21 11:16:00,2018-05-22 21:18:52,2018-06-01 00:00:00
293654220ad21e2a3f268a874f6f0e69,5749ebe881f0b24c1e7a8a3590a074be,delivered,2018-06-05 12:16:41,2018-06-05 14:31:59,2018-06-06 14:16:00,2018-06-07 17:37:45,2018-06-29 00:00:00
233d8268d51e023c7a65edd9cb24de49,5dcb91571a9b716bc97e0d4de1cd0d6e,delivered,2018-04-24 08:40:09,2018-04-24 17:30:03,2018-04-24 23:16:49,2018-04-30 19:48:51,2018-05-17 00:00:00
6bf0f652ea13e6773172c1899a925bb4,6f938c049d2ad5009aaaeae097167b69,delivered,2017-07-09 17:35:06,2017-07-09 17:50:15,2017-07-12 13:43:42,2017-07-13 20:41:26,2017-07-21 00:00:00
3e049a81d7ed034671533b968ac28274,92db187ff0dc8d7522e0cc82713a1ea0,delivered,2018-02-27 14:47:00,2018-02-27 14:55:34,2018-03-02 20:04:21,2018-03-07 23:47:08,2018-03-19 00:00:00
67f62d8c0eb28a115a033ad02b2d4b3f,dc3c81bd4e0ace3f4b67883f85af1eb4,delivered,2017-11-23 22:14:47,2017-11-25 03:56:23,2017-11-27 21:49:01,2017-12-01 16:46:46,2017-12-21 00:00:00
1d41a4a86b1079c1c1c71cf212b174ea,5d91eab7464c2c96d03a84c5e5377953,delivered,2018-02-14 20:29:42,2018-02-16 07:46:59,2018-02-16 20:07:45,2018-02-27 18:35:09,2018-03-06 00:00:00
121359da115bccea4657956562bb3266,02fe8d515ed6bdaba7035d433bdac524,delivered,2017-06-25 13:59:03,2017-06-25 14:10:14,2017-06-27 09:43:46,2017-07-06 16:04:06,2017-07-18 00:00:00
77411858d5ea9f0dec6b071cec64349f,5d77023012412bbad6a0173e7a55354f,delivered,2018-06-18 20:19:18,2018-06-19 09:58:10,2018-06-20 11:19:00,2018-06-23 14:26:30,2018-07-16 00:00:00
42c5091238dc63339c79f5f35f8a5a6b,da231380834f900e3fc3a958a1533a33,invoiced,2016-10-10 09:57:05,2016-10-10 11:04:04,,,2016-12-02 00:00:00
4dee2a3e6470bab984859192120d6e3e,fd50b5df0c554a9639f8f1afb5eb5fcd,delivered,2018-05-03 12:53:41,2018-05-03 13:11:56,2018-05-03 13:15:00,2018-05-08 17:32:47,2018-05-23 00:00:00
89546ffd3a887671c40c8e0eb8dfd3d5,7a94fe72595378f349c9b20959e18ddd,delivered,2018-05-16 19:37:06,2018-05-17 03:35:19,2018-05-17 14:26:00,2018-05-18 18:49:01,2018-05-28 00:00:00
a05515a2b77ea6b669bd02c1694ea20e,290a6e52e04d3e7365568e96fa48fe33,delivered,2017-12-04 09:08:22,2017-12-04 09:17:27,2017-12-05 00:41:55,2017-12-26 16:38:38,2017-12-27 00:00:00
0c11df2b80d95b1eabdcdf3790bb3347,498262061f04103f440f2e643da02027,delivered,2018-03-10 17:32:15,2018-03-10 17:45:25,2018-03-12 22:28:49,2018-03-24 14:12:39,2018-04-02 00:00:00
4b1c5ec72d03e8244e7e2c08123df831,6f75bbc662ec115296ef7e5efa04cc21,delivered,2018-08-17 11:27:54,2018-08-20 16:30:31,2018-08-22 11:15:00,2018-08-29 17:49:46,2018-09-18 00:00:00
4ed918415e66ffe7823d3e8de95e0f71,a665a1314241703415ff8050078a480b,delivered,2017-12-29 21:12:22,2017-12-29 21:26:49,2018-01-02 19:26:47,2018-01-19 18:22:48,2018-02-06 00:00:00
09fe6a53d51c53e7961252621989b67c,c5b84038071afcc85b592d40ca2f6d21,delivered,2018-01-08 19:46:22,2018-01-09 07:24:06,2018-01-10 23:07:51,2018-01-18 20:16:31,2018-02-09 00:00:00
67aad3026d50e2928d6925136a0be9e7,b5e685cce7c8df37ac2dbdd3caf58407,delivered,2017-07-21 16:39:51,2017-07-21 16:50:17,2017-07-24 18:09:49,2017-08-07 18:32:38,2017-08-22 00:00:00
4599031af27f0cc484a02ada76c68ca2,991a3891199a240b585e2d194403b768,delivered,2018-08-23 20:49:24,2018-08-23 21:04:35,2018-08-24 12:44:00,2018-08-29 17:04:08,2018-09-12 00:00:00
dba86c0ca2d44138a882ae12b4a12d63,3e0b799408f8fba30d5416cfa77c15b3,delivered,2018-02-21 07:23:32,2018-02-22 02:10:30,2018-02-27 21:25:05,2018-02-28 22:33:59,2018-03-07 00:00:00
fe87d4b944748f63ca5ed22cc55b6fb6,d992eb012e1599214218191d39c99693,unavailable,2017-12-05 09:20:36,2017-12-05 15:14:07,,,2017-12-21 00:00:00
fae4552fc320d851844902535c466e92,bc83a273368964e5985028f29ccead39,delivered,2017-10-23 16:21:02,2017-10-23 17:14:15,2017-10-24 17:50:50,2017-11-01 20:41:20,2017-11-10 00:00:00
5ab9f5cd19baacd0b863fd1f502cddd4,1c1ad056c87fa765562c71dac650ba3b,delivered,2017-11-16 15:20:45,2017-11-16 15:35:22,2017-11-22 21:09:03,2017-11-23 20:47:35,2017-11-30 00:00:00
160785e29f32dad981f631989203a58b,3d26bf7e44e447da5922e141464ecb8c,delivered,2018-02-15 15:09:15,2018-02-15 15:27:10,2018-02-17 00:24:55,2018-03-22 22:27:34,2018-03-15 00:00:00
aeee18f9e96661619be19ae8346c072e,8b41260e4f96818d4497b04d0f6a5ba7,delivered,2017-12-14 20:38:16,2017-12-14 20:59:19,2017-12-15 21:27:50,2017-12-20 21:54:53,2018-01-11 00:00:00
4b9e4020c555991e00ed305b2ece46b7,454ba69ab91152f04ba67bf96f46ae11,delivered,2017-06-03 10:17:36,2017-06-03 10:30:11,2017-06-06 09:15:18,2017-06-12 16:45:58,2017-07-03 00:00:00
4de53bbf0a2a3bae777eb829a3145c9c,ce8959f7f295750ae35716f912e44dc0,delivered,2018-01-22 11:55:00,2018-01-22 14:19:16,2018-01-23 21:16:42,2018-02-08 15:12:05,2018-03-02 00:00:00
ef65b956d32f49ca2de73231303e80b3,fcaf0d103e34562e5d96b2708adb9a06,delivered,2018-06-25 20:26:30,2018-06-25 20:35:21,2018-06-26 15:39:00,2018-06-29 18:17:48,2018-07-18 00:00:00
52064702688c67baa4242897e9136b5a,99b12292a8da6a515b65c9532e061977,delivered,2018-08-03 16:16:19,2018-08-03 16:25:18,2018-08-06 14:07:00,2018-08-09 15:38:46,2018-08-20 00:00:00
ea2f9e46eaf5311b2a097a65699bac5c,96a7d07a2240060934473b67ab504430,delivered,2017-11-29 19:56:05,2017-11-29 20:09:58,2017-12-02 15:42:47,2017-12-11 19:53:37,2017-12-21 00:00:00
c8ca33595b27b7aac886cc2936d67bdc,224c768691fcf5ff9ff64a7eaf89ddfb,delivered,2018-02-13 16:10:46,2018-02-13 16:27:10,2018-02-15 19:09:36,2018-03-01 00:43:01,2018-03-08 00:00:00
4329e268690f8c53ef682851d4b16083,603d6645e0369e261c29a5c40b11ef1b,delivered,2017-11-30 17:57:05,2017-11-30 18:10:38,2017-12-04 21:28:26,2017-12-13 19:06:35,2017-12-22 00:00:00
66bd5293331e02863f2054bf659ed2be,469de6321bc3cc06274c61d9aebeb0bf,delivered,2018-03-08 19:46:03,2018-03-08 20:09:28,2018-03-13 18:18:35,2018-04-17 18:29:34,2018-03-27 00:00:00
06f69fec6e098f6350cefea19ca51ff4,243d86c0e5924f29e6e9496e533b0a85,delivered,2018-07-05 11:52:08,2018-07-05 16:11:09,2018-07-05 15:26:00,2018-07-10 18:06:35,2018-07-26 00:00:00
d24e8541128cea179a11a65176e0a96f,beeda72b31be3b8a38b5c2b77d7705c4,delivered,2017-06-12 13:14:11,2017-06-12 13:25:11,2017-06-16 14:44:37,2017-12-04 18:36:29,2017-06-26 00:00:00
656deadecd45f4e75686a2ae1adaaac5,2a74cd12881dd01da6e6bec1b861a808,delivered,2018-02-15 19:46:04,2018-02-15 20:06:22,2018-02-19 20:21:48,2018-03-31 12:40:38,2018-03-09 00:00:00
4be09db4d90c87cf6a402ab9bc6f48da,eef89d688226c1a29e1b83aa1ffb055a,delivered,2018-04-09 09:49:23,2018-04-09 10:10:18,2018-04-10 00:38:52,2018-04-30 21:34:37,2018-05-08 00:00:00
d3181d89d5d30eb7e7ebbc78b4a0ae0f,f9091907c8f636a4c8fddd72f6d0c8f4,delivered,2018-04-08 23:04:11,2018-04-10 04:10:32,2018-04-10 22:24:39,2018-04-26 19:38:57,2018-05-10 00:00:00
7b9d78f5bc4b271094f1e7c107c3142d,270363614b2b12a6b9c4acc42ec5f3c4,delivered,2017-09-25 08:50:48,2017-09-25 09:05:35,2017-09-27 19:27:30,2017-10-03 18:06:21,2017-10-19 00:00:00
a92a63c8deffa6b4843c8e30e10abbfc,827e9a69f1088bb7a0346579af090eb5,delivered,2018-01-06 13:52:23,2018-01-09 12:29:15,2018-01-11 22:36:15,2018-01-19 13:59:34,2018-02-08 00:00:00
e5417e5e64916eebb4159888b02469c1,cb275ec0b2b788d7c59b92ba9bac692e,delivered,2018-08-04 16:44:32,2018-08-04 16:55:21,2018-08-07 12:25:00,2018-08-14 18:41:48,2018-08-21 00:00:00
b6a2d13e218643aa2ad2fb10a8cf567a,419c5e5573bd1e16aa33dce68889fcc3,delivered,2017-05-04 01:04:02,2017-05-05 02:24:04,2017-05-11 08:57:54,2017-05-22 15:22:13,2017-06-13 00:00:00
321117f0a62b449963231d318a6320d2,346b79c7102f7d64c113a6f9682b2a98,shipped,2017-12-05 15:43:41,2017-12-05 15:54:23,2017-12-06 21:39:06,,2017-12-28 00:00:00
bc089a713e2c97ed61557065adbf9cf2,959ee56c9ea607f736163d3bb4f09055,delivered,2017-12-23 22:08:13,2017-12-23 22:32:37,2017-12-27 14:19:46,2018-01-10 19:38:35,2018-01-31 00:00:00
0c350088bd84d6620d87abdd2b1e09ca,f2339ae279065c55abadea96d38178d0,delivered,2018-03-24 17:42:49,2018-03-24 17:55:31,2018-03-27 17:42:46,2018-04-12 00:03:25,2018-04-17 00:00:00
f9621d2a09f94ab31f27e78a400642ec,85ae2de087457515b13ff3c7c21940f5,delivered,2018-06-14 11:35:38,2018-06-14 12:01:17,2018-06-14 15:04:00,2018-06-18 19:51:52,2018-07-24 00:00:00
b011c9864ef5dc3b3fb587152d29798d,76659eff52f4f1424e5d1585baa70c85,delivered,2018-03-26 18:48:53,2018-03-26 19:08:13,2018-04-10 16:35:35,2018-04-11 17:32:40,2018-04-23 00:00:00
47c5b42ecbd216813dc0dbcdfb964a9e,9ec2c81dc030f60a772531d121ec6344,delivered,2017-08-09 12:52:38,2017-08-09 13:05:18,2017-08-10 20:07:32,2017-08-18 20:03:07,2017-09-04 00:00:00
84002f994c72707b99788fbbc6f72f3f,da46ea1fd34482beef6ea70f81442d75,canceled,2018-06-29 09:20:04,2018-06-29 09:35:14,,,2018-07-23 00:00:00
ac66a6311540888f9742530ab8d3115c,e44c08ac5ea60fdd6fb0b82a17c0bcf5,delivered,2017-11-01 20:07:23,2017-11-01 20:31:13,2017-11-03 20:12:38,2017-11-22 00:22:57,2017-11-27 00:00:00
60b4bdf4f0d6dfa53d78a82a4fbd5a6a,f2a1cf3342383deb7c8def00263da816,delivered,2017-02-16 10:24:37,2017-02-16 10:35:14,2017-02-17 16:12:41,2017-02-22 10:25:57,2017-03-17 00:00:00
eeb5ef8a49a1f7a19a3da46d6d968e4d,91b2fa540410034b4ba077059bc6a883,delivered,2018-07-19 14:28:50,2018-07-21 04:05:10,2018-07-27 09:18:00,2018-08-08 22:58:16,2018-08-14 00:00:00
b7d794a0d512566c47d3ffb585bb3805,970922c6488462df7d8b02576a219263,delivered,2018-08-15 12:20:55,2018-08-15 12:35:25,2018-08-15 12:34:00,2018-08-18 01:44:44,2018-08-28 00:00:00
9ac5d8f3cc22c272de0146a5cc273fe3,a19ee41c625beb383062e65cbe62149a,delivered,2018-07-17 19:14:37,2018-07-17 19:25:18,2018-07-18 14:42:00,2018-07-26 19:14:39,2018-08-09 00:00:00
f15aaf3f7b6fbea7b5a454a4f9a38170,7a40fc1758e9b16f982192f2ce2736ea,delivered,2018-06-27 16:50:35,2018-06-27 17:51:04,2018-07-03 12:48:00,2018-07-10 20:22:12,2018-07-23 00:00:00
851b6c8a9c3364f7baf0ea776e33a5a6,2343f1f5596cafcdc49dc512781db65e,delivered,2018-01-25 18:20:29,2018-01-25 18:32:06,2018-01-30 01:08:54,2018-02-15 12:53:17,2018-02-19 00:00:00
67384b4952e4e9da609ba03e96b87394,b99610bbe48a03cb9cb9af9898a4cf56,delivered,2017-03-09 10:42:24,2017-03-09 10:42:24,2017-03-10 15:21:20,2017-03-14 08:45:59,2017-03-28 00:00:00
e9b6aa9b251ee17581f54bb5ac731e9e,166942d3a36fe8f255f89d20094f71de,delivered,2017-05-04 11:50:05,2017-05-04 13:02:03,2017-05-04 16:09:13,2017-05-22 10:34:16,2017-05-25 00:00:00
eac014015af553915d20367416f6ad82,dc2af5b6f7842c9be125f7ea05fd2a72,delivered,2018-01-25 07:58:26,2018-01-25 08:16:05,2018-01-30 21:38:21,2018-02-02 20:38:56,2018-02-20 00:00:00
7f9230d9db6715e755cc320e1a6b2436,15e479d07cf2a62758cfbe67c4742a1b,delivered,2018-04-27 07:59:20,2018-04-27 08:15:17,2018-04-30 14:35:00,2018-05-10 01:26:20,2018-05-17 00:00:00
48746ebc66a8a0c2ddf69a32bfd48dd9,5c26cf0daeb23e00d681b8cf313494a9,delivered,2017-11-30 09:15:24,2017-11-30 09:39:45,2017-12-04 21:43:15,2017-12-08 21:10:27,2017-12-27 00:00:00
525c6480bf01aa4830bef2e133f4ccda,e073aaac4f9c5aa74cbd0286e60b7cb6,delivered,2017-10-03 12:58:11,2017-10-03 13:07:28,2017-10-04 23:35:34,2017-10-09 14:06:32,2017-10-30 00:00:00
99cf0f831c62dfbd52e4523910879f0d,5806d419ee655f54db1c5500c3d76a27,delivered,2017-12-26 23:03:14,2017-12-26 23:15:30,2017-12-27 18:51:22,2018-01-09 20:55:48,2018-01-24 00:00:00
8431c1024f6407ab4f4b5f45a60fbb4f,299d5fa155bf62327d231c130280cbec,delivered,2018-04-03 18:12:32,2018-04-04 18:08:49,2018-04-09 23:22:28,2018-04-11 16:32:10,2018-04-18 00:00:00
84b2dc2dc448456c5727abb0b43a108f,27b27f073e03bcd39e2e7472b2030710,delivered,2018-02-16 09:44:07,2018-02-17 03:35:47,2018-02-22 00:19:14,2018-02-27 16:40:12,2018-03-20 00:00:00
e6afdffdb20bae684cf5e97c679eadd5,0142101e44b97fe8041e8bacfff65ef2,delivered,2017-12-21 22:50:01,2017-12-22 15:11:56,2017-12-26 18:22:25,2018-01-03 20:03:17,2018-01-23 00:00:00
ec186af7a6d14a2a52ea8cc8059c0030,172d3762e1747c3eff279a5eaee647d9,delivered,2017-06-23 23:10:26,2017-06-27 04:23:05,2017-06-27 08:16:19,2017-07-05 05:49:41,2017-07-10 00:00:00
429df9136da976f430e08dfe6c04efaa,77a32ac57bf375bad458eaa8c91159c4,delivered,2018-08-18 13:04:02,2018-08-18 13:15:18,2018-08-20 14:30:00,2018-08-24 21:58:41,2018-08-29 00:00:00
f38fbe2554bdb11e37513dba2113906d,86fac7308908bb52ab9f35a251addf4f,delivered,2018-01-19 17:10:00,2018-01-19 17:18:22,2018-01-22 23:32:51,2018-02-07 17:08:37,2018-02-16 00:00:00
f66bba404e7e0fbb79876e72ebee3d76,fb157ed30074fbd2171096ba5c9aa039,delivered,2017-06-29 13:29:11,2017-06-30 03:10:11,2017-06-30 15:24:49,2017-07-06 16:19:09,2017-07-12 00:00:00
ca6252bde978788e50661599ab1223bb,22624b106a4d9152443e3737d1cde316,delivered,2018-08-19 18:13:00,2018-08-20 12:50:44,2018-08-21 12:51:00,2018-08-27 16:44:36,2018-09-05 00:00:00
20041598880c9b92bd2979cc4ef933eb,2526bd32a88531e4f66c1343d3fd70a3,delivered,2018-04-17 10:49:54,2018-04-18 10:51:42,2018-04-19 15:56:35,2018-04-21 00:16:28,2018-04-30 00:00:00
803dd982ba6bec72451fa959ec890f17,24de9f471315c70592466212c55ee7d1,delivered,2018-05-05 22:29:25,2018-05-05 22:53:12,2018-05-07 15:40:00,2018-05-08 21:58:47,2018-05-21 00:00:00
febe5ed09ac6fa3dd1004b57269adeef,54e27473e15984a728b6856d46d3723e,delivered,2017-08-23 20:38:35,2017-08-23 20:50:11,2017-08-25 19:23:15,2017-09-04 19:45:41,2017-09-21 00:00:00
be8dd568bb33659eca3befdac440c39b,4c59760488c2c87323e03294acdd2241,delivered,2017-08-26 11:23:51,2017-08-26 11:35:25,2017-08-29 20:22:44,2017-09-08 20:27:48,2017-09-20 00:00:00
75707562c6865f8fd2172eff80a71210,3a8331c2730ad7283201bf2eb3a52ab0,delivered,2017-06-17 17:47:40,2017-06-17 17:55:21,2017-06-19 20:03:46,2017-06-21 17:07:29,2017-06-30 00:00:00
41028f6e5c0766a28665b78590b4b8d7,7795e422f21ee2057de57ef0212b4d7a,delivered,2018-04-02 21:31:12,2018-04-02 21:49:12,2018-04-04 21:46:47,2018-04-13 15:12:33,2018-04-23 00:00:00
d7913001cbded4681f1a5076b1fc160d,71a6c39b43e056317d894221142b22a4,delivered,2018-04-06 15:04:00,2018-04-10 03:50:13,2018-04-10 20:48:41,2018-04-16 19:41:22,2018-04-27 00:00:00
f4f3e2c1d55d36170f4aabf93236eef3,e48501a53d46298c8bddec23af2bb4d2,delivered,2017-08-30 18:14:58,2017-08-30 18:30:19,2017-09-05 13:02:54,2017-09-08 21:43:10,2017-09-12 00:00:00
807ab3e85f25f4d8abe5a1379b177d69,48eca07f2ff174b2796c11ee75f1b4b8,delivered,2017-11-24 20:58:34,2017-11-28 02:55:36,2017-12-04 10:46:51,2017-12-12 17:56:42,2017-12-18 00:00:00
6e63da4fe4b91fb176f19e6830dbd5e5,0450a756a2643c1d41c2a139b4c3e2a9,delivered,2017-12-15 20:47:53,2017-12-15 20:59:29,2017-12-19 22:53:17,2018-01-09 22:44:56,2018-01-19 00:00:00
bd6a649dcd082eea6d1fd07aeee18a87,5dc13a5afff273a289ba31247bebf067,delivered,2017-11-29 00:01:43,2017-11-30 02:21:56,2017-12-05 12:48:42,2018-01-09 22:08:02,2017-12-29 00:00:00
34658a3acc2e95feb3382c78cbc1564c,52c4b154f7f0625286206d9054608dab,delivered,2018-02-17 23:45:31,2018-02-17 23:55:37,2018-02-19 23:07:58,2018-03-02 13:38:27,2018-03-16 00:00:00
d65fddb0eefed35b0e4245c746ee1d11,c46720f5a60dadde920c6d90014317b3,delivered,2017-08-11 13:02:38,2017-08-11 13:15:21,2017-08-16 18:52:28,2017-08-31 16:35:03,2017-10-09 00:00:00
73627dfa9a67ee111fb528be6f9d4b02,64cdb963e2777ce15c35474e8a646cf9,delivered,2018-04-12 23:50:31,2018-04-13 17:15:23,2018-04-17 19:19:13,2018-04-25 09:48:42,2018-05-17 00:00:00
d1d58708c4e171bc6cfc3b36b7c5a798,0630577acd0476a6b31ca9aef210f00e,delivered,2018-06-14 13:42:52,2018-06-14 14:26:42,2018-06-15 12:03:00,2018-06-19 22:03:41,2018-07-04 00:00:00
088a5d99caf7f8345f08892b9c900bee,e489a88e2064b5ea8970d11339ac8f15,delivered,2018-04-08 20:44:42,2018-04-08 20:55:29,2018-04-14 00:12:14,2018-04-30 18:28:40,2018-04-30 00:00:00
2b75e42293f156e0750722d1bb658389,54c2345d5d037551fb0370b86519a481,delivered,2018-03-26 21:35:56,2018-03-27 21:30:10,2018-03-28 23:26:31,2018-04-16 10:46:46,2018-04-16 00:00:00
2f5860ef509cf4e68e48e91541613cf0,7977e97aa9af9c0a1263673131d5f3f1,delivered,2018-04-30 03:43:40,2018-04-30 04:15:35,2018-05-02 13:43:00,2018-05-07 21:48:35,2018-05-18 00:00:00
6bdcc275fba0fb4ece1d33e9d7126f6a,521970d6651d909ddcac8dd4d7abb5de,delivered,2017-07-10 14:26:19,2017-07-10 14:43:17,2017-07-12 09:57:39,2017-07-21 19:51:11,2017-08-11 00:00:00
d66a9e689fb184277bdd64317e765729,d1f6368fe05ab3acfcde55677367ec28,delivered,2018-04-18 12:56:15,2018-04-18 13:10:38,2018-04-18 22:44:35,2018-04-20 23:18:34,2018-04-30 00:00:00
dc183ce4a7e5a8eb1e5f0206b200299d,9482145a09cb3929f96fc8e407307d1b,delivered,2017-11-27 15:51:53,2017-11-29 02:20:38,2017-11-30 20:27:07,2017-12-04 16:27:49,2017-12-11 00:00:00
e7abb502445a0ba93c9b41be49573b5a,19d3b62fd05150ebe80dad6ee659471e,delivered,2017-07-12 19:25:30,2017-07-12 19:35:17,2017-07-13 16:12:33,2017-07-21 20:09:38,2017-08-07 00:00:00
7e028aff656f744dceb30501de14ddd7,8604bc41dea958600e8ded10ffce9125,delivered,2018-02-22 22:58:02,2018-02-22 23:10:28,2018-02-27 01:52:00,2018-03-15 01:03:20,2018-03-15 00:00:00
963cb0bf193b36ab854e479461fc3da2,cbdf66401d733d5f09fb411e49fde831,shipped,2018-03-04 11:48:58,2018-03-04 12:41:25,2018-03-05 22:19:10,,2018-03-27 00:00:00
edc8ed56158af55c22d0d8153e921879,f6780a74d50eccbe545477c344e8347e,delivered,2017-07-20 12:09:41,2017-07-20 12:25:12,2017-07-21 18:22:59,2017-07-28 15:34:30,2017-08-14 00:00:00
90e9fedce3a3026eee0c15d3a566dbf1,0bdb2764e5b4a297f0d500d8458c8593,delivered,2018-05-13 19:06:39,2018-05-13 19:34:03,2018-05-16 14:54:00,2018-06-06 21:24:34,2018-06-21 00:00:00
4018616cbec654d2b729f55e01242301,ed7126463b9b37ab84216fae172dc660,delivered,2018-07-31 14:07:35,2018-08-02 05:05:11,2018-08-06 10:49:00,2018-08-10 23:42:35,2018-08-30 00:00:00
60e08656ca4f79edbd050f000d1f0197,dbf7ba2bfcacf5f3a8af6426e761f6ec,delivered,2018-06-10 10:53:06,2018-06-10 11:10:03,2018-06-14 12:45:00,2018-06-19 23:12:13,2018-07-18 00:00:00
555c73bfc1a7cf66e4939fe264156e3c,76ee5f8f54e9d3a881e3c55c3d2196c0,delivered,2017-06-19 19:23:43,2017-06-19 19:35:56,2017-06-20 10:39:22,2017-06-26 16:21:40,2017-07-18 00:00:00
933fc5257a9b5a80bd558f2968d7b6f3,7128a6c72181215d6e1358918a66c845,delivered,2018-01-29 11:03:03,2018-01-30 04:31:05,2018-02-02 01:25:40,2018-02-21 20:07:54,2018-04-24 00:00:00
8d5b464d16741c376da6aa92e4b09a81,a6c3a6dafe098cf87ad45790a4f0523e,delivered,2017-11-12 15:05:47,2017-11-12 15:15:25,2017-11-16 20:51:58,2017-11-24 13:11:43,2017-12-11 00:00:00
28672222b02d08ece33792d1bf7ea147,40cbbe692aa48ab175dcfffbc664c061,delivered,2018-04-06 12:09:31,2018-04-06 12:29:17,2018-04-09 18:03:45,2018-04-18 02:04:21,2018-04-25 00:00:00
803b1bae34b452deca8621b507e483f4,ad9439bef45682118667887e90404479,delivered,2017-11-24 10:32:10,2017-11-24 11:52:10,2017-11-28 23:28:28,2017-12-01 22:04:57,2017-12-08 00:00:00
9c6bf0283fbe1d66fc195f750aa3b9a3,59767164df7391ae2e7fb56a665ca02f,delivered,2018-05-07 13:33:16,2018-05-07 15:35:20,2018-05-09 15:48:00,2018-05-17 19:13:41,2018-05-30 00:00:00
6012c4f6717daddf50ae413224098301,5499897b58c3ec629f6e695d644177aa,delivered,2018-07-09 12:39:21,2018-07-10 04:45:06,2018-07-11 15:22:00,2018-07-19 18:28:29,2018-08-02 00:00:00
f3e6630a5af677b1d0b22aea7600ac12,0d9d6b5a8f628c0ac7120efee0ed3ed8,delivered,2017-07-28 22:38:06,2017-07-28 22:50:08,2017-07-31 21:11:12,2017-08-12 16:27:41,2017-08-21 00:00:00
2e9a694ad185420c2ac7461d41f35ed7,b6bec4bd1c7f54dc8260bc062359b1ad,delivered,2017-05-23 15:39:16,2017-05-23 15:50:23,2017-05-24 11:09:00,2017-06-09 12:52:16,2017-06-19 00:00:00
fb77fb9a8fa0c429844158476ef8e5fa,9438a63c1d4be3c9a73c551d59804886,delivered,2017-06-27 11:18:43,2017-06-27 12:05:13,2017-06-28 11:58:09,2017-07-05 11:49:49,2017-07-19 00:00:00
c79e58ab7706bbe2ad1fa168d3db45e1,30e2286db797da98099d6a3b4bd22d3e,delivered,2018-05-17 15:46:19,2018-05-17 23:31:18,2018-05-18 14:03:00,2018-05-21 16:05:53,2018-05-30 00:00:00
20ef5f7f0cbad5e477ca6f2f962b00ef,b49c4f6538fc0ce205ab2c2d6fafcf72,delivered,2017-12-21 09:56:10,2017-12-22 02:39:30,2017-12-27 16:18:27,2018-01-09 00:28:04,2018-01-22 00:00:00
81939d40c8467167b0946455d61ca8a7,282e51b682bb8fb8064457522df17882,delivered,2017-04-03 15:58:35,2017-04-03 16:05:25,2017-04-06 10:47:48,2017-04-20 13:27:01,2017-04-27 00:00:00
a9c7a298f4d31996b9a505ec79fcbae9,8660acab447e174648d0923d3f0e94d7,delivered,2018-07-10 14:41:22,2018-07-10 14:55:17,2018-07-18 13:59:00,2018-07-24 19:43:12,2018-08-01 00:00:00
da0b6b99f3177153b2d410482eef35cd,6da5ec0d3eb50c441e521842eb1f1fe2,delivered,2017-08-26 03:55:58,2017-08-29 04:31:06,2017-08-30 20:28:05,2017-09-08 23:05:00,2017-09-20 00:00:00
43540d468d10c89bf259ac47151f3ff5,eaab0fd3ab53f6e3dbd6ed4e58d7176f,delivered,2018-01-13 10:34:03,2018-01-13 10:49:24,2018-01-15 19:51:48,2018-01-28 15:16:40,2018-02-05 00:00:00
e2119968ab7724c2e10b1898b098ed5f,96d841dabf65efd5b1a7985a1d615cb6,delivered,2018-03-06 19:23:08,2018-03-06 19:35:31,2018-03-07 19:48:53,2018-03-13 20:28:47,2018-03-23 00:00:00
dd7716f186ee491831aeea6aae363bad,38f0e43b7e69e8aaad522666b7cc38c9,delivered,2018-04-24 12:33:13,2018-04-24 17:13:02,2018-04-26 15:17:00,2018-04-27 22:16:33,2018-05-07 00:00:00
fa79d81a2b6991398dfaa1bc61b586f3,b9e6f0bb7b6b018e1c1abe5e58398593,delivered,2018-08-03 13:37:17,2018-08-03 13:50:20,2018-08-13 12:56:00,2018-08-14 16:29:02,2018-08-10 00:00:00
0ebc490cadb55779894fe2a498e64439,8ef89f0c278d675c7ac0c948f9c91393,shipped,2017-06-20 16:16:41,2017-06-20 16:25:21,2017-06-23 11:47:44,,2017-07-20 00:00:00
47a5dd9a5772c85c82fbfc11a43a1f6c,fd07281333f163bbc2a3f2b71d6cc549,delivered,2018-03-22 15:32:20,2018-03-23 09:55:28,2018-03-28 15:21:13,2018-03-29 17:12:14,2018-04-04 00:00:00
4763e63db70260ac75a7df55308156f2,8c1e6e820a27a9df59799bdc21fb1583,delivered,2018-06-10 23:45:34,2018-06-10 23:55:10,2018-06-11 14:29:00,2018-06-15 20:46:47,2018-06-29 00:00:00
abec8cc0558c33aeb11e8734c62fe69d,9e6a9e9e098c276c25abc2b0274bbfd7,delivered,2018-05-02 12:34:58,2018-05-03 04:15:08,2018-05-04 15:36:00,2018-05-11 15:28:30,2018-06-01 00:00:00
cc3881813c672c2937d85e49ffc3ea9d,44a1b8350ca123d2dc3815d3db6dbfc6,delivered,2017-06-26 11:13:18,2017-06-26 11:25:20,2017-06-29 13:42:32,2017-07-13 19:03:06,2017-07-28 00:00:00
7f984c0a94661992ad50329fb29359b5,b5ad922d0e543779627a2550706c73e0,delivered,2017-10-14 09:38:15,2017-10-15 09:49:08,2017-10-25 22:52:49,2017-11-03 21:39:38,2017-11-08 00:00:00
6ffceca9eae57a5820b52af281b58bbe,72f7c950c578ad85cf8057e05761b220,delivered,2018-06-14 17:09:05,2018-06-14 17:39:27,2018-06-15 17:25:00,2018-06-18 20:46:30,2018-07-05 00:00:00
a3c476831ccceb4aace3b6e6e60a2f50,65c173007e275fc6d96413ae57b242a4,delivered,2017-08-31 13:20:20,2017-08-31 13:33:42,2017-09-01 18:41:36,2017-09-04 17:52:46,2017-09-13 00:00:00
86bfcd852de9a299828db590beaca7e4,83912c103521554377deae82bbb82944,delivered,2017-08-02 08:38:08,2017-08-02 08:50:14,2017-08-02 20:13:06,2017-08-14 13:36:55,2017-08-28 00:00:00
a08337c882ce2f3733377bc48c5ca3ae,ee63ead077f35287196d7dd30bbcb05c,delivered,2018-08-01 22:58:06,2018-08-01 23:10:09,2018-08-03 15:03:00,2018-08-09 14:34:58,2018-08-14 00:00:00
de8323147a3358b9c4720ae5e8ef668b,7827db8a8e439d919d8649b132df7061,delivered,2018-08-03 11:41:42,2018-08-03 11:55:25,2018-08-03 14:18:00,2018-08-06 17:56:23,2018-08-20 00:00:00
0afbc110b84719faaef4887a5cff5a2c,dba001f78ebcbf63aec0095cc03ad969,delivered,2017-01-31 22:31:13,2017-01-31 22:45:17,2017-02-01 15:59:53,2017-02-15 13:55:49,2017-03-07 00:00:00
3f78779b80392a363a1763306be163b1,7bc5a3d6999652ec9851b05367159d3f,delivered,2018-01-23 18:19:38,2018-01-24 02:35:42,2018-01-25 17:55:38,2018-02-01 23:56:10,2018-02-19 00:00:00
4201a8366a21b43a6b9c2c912a2dd5f4,55e773d33d17cf42f2e77413249ba000,delivered,2018-02-15 22:19:52,2018-02-17 03:47:52,2018-02-21 20:12:17,2018-03-06 15:45:43,2018-03-12 00:00:00
7c0ed8940b941dd6795dbdf0eb639195,a480c58e3eee4e740cd829d7f38dc25c,delivered,2018-06-13 12:59:20,2018-06-14 04:15:15,2018-06-14 11:55:00,2018-06-15 17:24:00,2018-06-25 00:00:00
eba5bbb5b555fbe7c156f94220e4df2d,9970d5845fa2c95061dd466b1903c0db,delivered,2017-04-28 21:40:27,2017-04-28 21:50:18,2017-05-09 14:47:46,2017-05-22 09:36:47,2017-06-14 00:00:00
87a424bbf023a4cde87182d182480280,7f87098bc4fb9fcc84bd1dadeb940bf9,delivered,2017-03-23 23:26:04,2017-03-23 23:35:14,2017-03-27 15:29:48,2017-03-29 17:27:00,2017-04-11 00:00:00
437421f669044dcf1e3e323bb715cab8,ebe869e29b2fac730ab9d529fc2f8c17,delivered,2018-08-09 15:13:48,2018-08-10 03:24:38,2018-08-15 15:46:00,2018-08-22 13:56:44,2018-08-30 00:00:00
f5faad333010a9fc0ecb1ac6014a842a,cfa3a48a9585c921958523e0735cf5a3,delivered,2017-09-04 14:31:32,2017-09-04 15:44:20,2017-09-08 15:28:10,2017-09-18 20:17:42,2017-10-02 00:00:00
1f97eb43070457cfac15e2d29e13e855,cff21f454392b393d14858896b612102,delivered,2018-01-11 10:29:59,2018-01-11 10:38:32,2018-01-12 21:09:53,2018-01-16 23:06:58,2018-01-30 00:00:00
e4a657b5747128e2b9e52f25e8255155,dc2b3dcd05d1ae7b7e07fb6ac14bc26b,delivered,2018-04-09 21:14:06,2018-04-11 05:50:45,2018-04-11 19:56:44,2018-05-25 20:41:48,2018-05-16 00:00:00
e3c2234f6d1609fa1984094f7e1f05cb,869662ec98a7c9674e1a012769f0c7de,delivered,2018-05-21 10:18:12,2018-05-22 08:56:32,2018-05-22 13:40:00,2018-06-06 16:28:50,2018-06-18 00:00:00
232a9b3063429a6ae5079afb994164e4,a87ae15da100fdfd87ebfbbbc3b1c3f4,delivered,2018-01-10 15:14:37,2018-01-10 15:27:17,2018-01-11 16:08:06,2018-01-20 17:10:06,2018-02-05 00:00:00
9bdaacec1587fdf0b7c123d64020f552,6bdec7cadb5183c87d7a683ccab72ef9,delivered,2018-05-18 04:32:50,2018-05-18 05:34:27,2018-05-18 14:36:00,2018-05-22 00:14:26,2018-05-28 00:00:00
0c1457493ca1492c4a4417fc278605b0,b705b7bcb8909a7b65dd36a6c2653715,delivered,2017-11-30 15:39:45,2017-11-30 15:53:18,2017-12-14 21:35:22,2017-12-21 17:57:14,2018-01-15 00:00:00
b132ad2a1d3d44a9fe2fe6b63c406593,bf95f6cb7e9395f311cf318041fd0bd2,delivered,2017-08-15 18:24:02,2017-08-15 19:15:14,2017-08-29 19:19:10,2017-08-31 20:29:56,2017-09-01 00:00:00
580bac61d7bdc3420e66d71a5b037ee8,e14caae45d0f7c4bb3004265eb1c4d5f,delivered,2018-01-12 22:10:59,2018-01-12 22:27:58,2018-01-15 18:27:52,2018-01-29 18:26:37,2018-02-09 00:00:00
1d5a37ac3dadde6a732db74ecb91e107,23bef79e6945472db186f6b9f6892608,delivered,2017-08-15 12:59:15,2017-08-15 13:31:42,2017-08-16 14:04:55,2017-08-23 19:20:12,2017-09-04 00:00:00
5c932e0a181410b67c77daaed30991af,dfca6da6e209a7dd53a4d43036e8288a,delivered,2018-03-05 23:23:04,2018-03-05 23:30:32,2018-03-23 20:38:44,2018-03-29 18:12:36,2018-03-27 00:00:00
e28c201fc8fc0d81e0a72ba68683a5a0,debcbcc82ea6d3cd47033936310ceeab,delivered,2017-12-29 21:08:13,2018-01-03 04:28:48,2018-01-03 17:44:37,2018-01-10 22:34:02,2018-02-02 00:00:00
d4cb2f7d8e7f756a94c511fd1280e026,f108d57a4a2769a9114e2d33114b39a1,delivered,2018-08-22 21:48:00,2018-08-22 22:04:35,2018-08-23 12:31:00,2018-08-27 22:26:45,2018-09-18 00:00:00
bc64675bbc70f0443fd890596b9e52eb,d7f0235686fa5d2f75813fd38f95abf6,delivered,2018-03-13 11:50:14,2018-03-15 03:15:42,2018-03-16 21:38:37,2018-04-03 00:20:53,2018-03-29 00:00:00
1c8320ef825c18190be58cff7d6afb97,edba4f48ae2f681997110ce88ede849e,delivered,2017-05-07 11:40:48,2017-05-09 09:45:30,2017-05-10 10:55:18,2017-05-15 15:53:51,2017-05-29 00:00:00
a3e5f0b7e26d3bd2404da8553fd3a6ff,d631f73550ebf21a52d60840d9c1c278,delivered,2018-04-03 11:44:06,2018-04-03 12:09:27,2018-04-05 21:08:42,2018-04-09 18:56:24,2018-04-13 00:00:00
b68568075dff74bef3332d918c311e10,ed798cce3b064ef2c0f65596b6216c60,delivered,2018-03-23 15:40:09,2018-03-23 15:50:32,2018-03-26 21:58:51,2018-04-03 19:22:48,2018-04-13 00:00:00
65ded6e061f051ce3ae4a69b6870ac24,0bd00959bda7d317449b8ae1749225be,delivered,2017-11-24 11:20:53,2017-11-24 13:15:50,2017-11-30 19:37:56,2017-12-19 22:29:13,2017-12-22 00:00:00
fd984ab24b8957a92cf633abe51ba985,0da399030ddf7b46b6ce597a4a1e23c9,delivered,2017-10-14 13:11:09,2017-10-15 13:26:10,2017-10-24 14:39:56,2017-11-03 14:42:55,2017-11-22 00:00:00
68e6025320f22a05b32dd8e3fb061fc0,10616e28c110f4763ffee709f0a154fb,delivered,2018-01-22 15:55:51,2018-01-22 16:18:19,2018-01-31 20:15:10,2018-02-01 20:22:08,2018-02-06 00:00:00
dc6b76e937308e88a3464d0f4352b959,7fae844847ccfad35570a3c89357e787,shipped,2017-10-21 13:36:32,2017-10-21 17:14:09,2017-10-25 20:32:58,,2017-11-23 00:00:00
a37899c3ad27b6026ecbd566651bdb46,c72f015df57b6001ea0d25e8a903ec5a,delivered,2018-07-17 19:46:54,2018-07-17 20:01:42,2018-07-18 13:31:00,2018-07-24 20:34:39,2018-08-07 00:00:00
f13b936aa2436a99f17881708a7505b7,6086de7e1996b90bb8a753cd7f83d252,delivered,2018-01-06 12:06:22,2018-01-06 12:13:01,2018-01-10 15:35:06,2018-01-23 23:48:51,2018-02-21 00:00:00
8db35cfa7522e6f03c9c0965ab39517a,fb0d310584a5dc17ae09f817d26fae9d,delivered,2017-11-24 13:24:54,2017-11-24 15:33:47,2017-12-07 10:36:55,2017-12-28 20:33:02,2017-12-21 00:00:00
4f59d976d9b16a078552b065251e813c,0cccc6bbb8bcb891c78b510b1e4632f3,delivered,2018-02-14 10:54:51,2018-02-14 11:10:51,2018-02-16 21:57:50,2018-03-01 20:37:01,2018-03-09 00:00:00
02d5935847b855f189ad0391968773b2,5a01d03e70311e54445e9dc460e35c7a,delivered,2017-10-13 12:32:41,2017-10-13 12:49:09,2017-10-17 17:04:43,2017-10-30 12:52:27,2017-11-07 00:00:00
71cc2cdf7b8296fbb5cd904caf83b4ec,3087f54a53a66482c2114409ef2eab01,delivered,2017-04-07 12:45:28,2017-04-08 02:10:19,2017-04-10 09:12:11,2017-04-17 16:56:07,2017-04-28 00:00:00
388c070ce42d3ccaedfd15662e09631d,b879ae1c5f704d2571496b0f0fb8c47c,shipped,2018-04-21 03:25:21,2018-04-24 18:58:14,2018-04-23 17:31:51,,2018-05-30 00:00:00
617e05cdbdab37c1b316a6305d76b3b8,06f45cc4a14fbc5762228d9059c0a04b,delivered,2017-08-26 21:43:17,2017-08-26 21:51:07,2017-08-28 18:04:16,2017-09-04 20:43:10,2017-09-14 00:00:00
b94117844529c52fab97f521c434520a,d8047cc20d272535020af8678556c2c4,delivered,2018-08-06 22:57:33,2018-08-06 23:05:10,2018-08-08 14:45:00,2018-08-11 01:38:44,2018-08-16 00:00:00
37e96fc1d814b16ee6b763bd52e9e0de,129c15e1eca8b04118942e1451546fb4,delivered,2018-05-18 08:22:47,2018-05-18 08:55:37,2018-05-21 11:04:00,2018-05-28 16:07:55,2018-06-12 00:00:00
6b9f15e7fb964b5c9e93dd511fee8f75,fd1bf3f1f7173a9b74964be95a205282,delivered,2017-12-20 11:51:23,2017-12-20 12:10:32,2017-12-22 20:57:03,2018-01-09 20:35:49,2018-01-16 00:00:00
6d11b63bff141da41acde57e8145fa31,90aeead19683470f8f2af44cfd09b321,delivered,2018-05-06 08:52:31,2018-05-06 09:10:12,2018-05-07 11:15:00,2018-05-11 18:49:51,2018-05-30 00:00:00
d24b90d375b1415ca40e5b531d04a6bf,23e780c22619d49ab6dce5c99f4c45c3,delivered,2018-08-03 06:54:59,2018-08-04 04:05:14,2018-08-06 12:54:00,2018-08-09 18:46:37,2018-08-14 00:00:00
af4be6b90fa33a1fcfdb55462230fdc7,257add766f186993742dcceafc78927e,delivered,2017-12-05 17:25:42,2017-12-05 17:38:28,2017-12-07 22:54:44,2017-12-13 16:42:41,2018-01-09 00:00:00
802a16d8b5c3a74a38cf9216f429c469,02fcee476755e629f2a4113550450b24,delivered,2018-05-24 16:47:50,2018-05-24 18:38:37,2018-05-30 12:34:00,2018-06-06 17:33:06,2018-06-20 00:00:00
d2ddc09916a8bcc31353edfe699da8e8,32582badf7289d3987a2899e0825a870,delivered,2018-05-27 10:59:39,2018-05-28 10:55:20,2018-06-04 07:08:00,2018-06-08 20:16:48,2018-06-29 00:00:00
42e8893e9d0399ef8df568bc6bc24f21,00c7c6f2aaf86b1a5a386b103b67b218,delivered,2017-03-03 09:05:17,2017-03-03 09:15:16,2017-03-06 12:55:17,2017-03-13 12:09:39,2017-03-27 00:00:00
7ff2fc53faa0627c1754a4b00e5f65f2,bd15f9ff1287103a05384574f0525d58,delivered,2017-11-19 20:22:47,2017-11-19 20:35:21,2017-11-29 00:21:51,2017-12-06 20:18:05,2017-12-11 00:00:00
67d24a8d137875c82f670c9e089f4a2b,a644fc187f3195dc7a9d70db929a3d9d,delivered,2018-05-13 20:10:51,2018-05-13 20:32:26,2018-05-14 12:32:00,2018-05-21 18:48:29,2018-05-30 00:00:00
4e64db31eb34a4e6c86235fedead69eb,046b12442afd04050724f9e956abe30c,delivered,2017-08-21 10:38:54,2017-08-21 11:04:42,2017-08-22 14:03:00,2017-08-24 17:31:39,2017-09-05 00:00:00
c7294da9166f3247b27e6f18c9213431,cebf6694b094a58295c0092c72aaa2b7,delivered,2018-03-25 20:08:14,2018-03-25 20:28:11,2018-03-27 00:52:39,2018-04-02 20:12:27,2018-04-12 00:00:00
fb9d7568d1c3618c043135be4c5b3cfd,cda49be132527b3e1e7baceb4016c461,delivered,2018-04-10 14:48:20,2018-04-10 15:10:54,2018-04-13 19:03:40,2018-04-26 15:14:35,2018-05-07 00:00:00
e78706c568df0b17042c66fa72a7260c,62b049712e6900bb5f3b0c8aac0b94d9,delivered,2017-10-11 09:48:50,2017-10-12 07:14:23,2017-10-13 16:28:38,2017-11-03 23:02:42,2017-11-06 00:00:00
a691df9591603131dd5fa585cd1d9406,cda56f58029fd0dff01028da9ce2187a,delivered,2018-01-31 13:25:42,2018-02-02 02:35:33,2018-02-06 00:47:01,2018-02-15 23:36:40,2018-03-01 00:00:00
6ef587afa4703fd874edb7ade8efc7b0,e41cd8b93481d35a00680e774858358c,canceled,2017-11-18 02:39:31,2017-11-21 03:46:31,,,2017-12-01 00:00:00
4587a031fbf9d49139d63f2bcc156693,263bafe23041a566c1809dbced4377c1,delivered,2018-08-13 15:39:08,2018-08-13 15:50:13,2018-08-17 12:56:00,2018-08-20 14:02:55,2018-08-23 00:00:00
500c994fe4cc79f9ec4d6ad8cf94a49f,11203af87403c05e0ec037c5500f35cc,delivered,2018-05-23 19:45:41,2018-05-23 19:55:51,2018-05-24 14:50:00,2018-06-07 22:18:40,2018-06-20 00:00:00
30f194c174d82e186f42f7607318a566,918cc9d258dc084df53e215faab06f9e,delivered,2018-07-05 14:20:56,2018-07-06 14:15:15,2018-07-07 09:17:00,2018-07-14 19:12:41,2018-07-24 00:00:00
02ec38bbb2e837e0ef32fae6c5a651b5,ccdabc382839332b9e7a7fe7669e2b1f,delivered,2018-03-16 16:24:42,2018-03-17 02:50:45,2018-03-19 18:42:08,2018-03-21 12:32:35,2018-03-28 00:00:00
bf80d30d4654a34a647d0e5db84a5e2e,b32a9e38e26b3edbf3b8a811c66500e3,delivered,2017-06-05 22:59:49,2017-06-05 23:10:19,2017-06-06 15:39:59,2017-06-07 07:24:53,2017-06-19 00:00:00
65d0aca2173738dac355de4ffe63e561,008871f261eb4390ca7a1ded607ea417,delivered,2017-05-13 16:43:19,2017-05-13 16:55:13,2017-05-15 12:37:42,2017-05-19 07:17:32,2017-05-31 00:00:00
24508eba7537515f40b3c40133c86aa2,ede817456584261629f6f9abc78d11ac,delivered,2017-04-21 21:22:56,2017-04-21 21:35:19,2017-04-27 13:54:34,2017-05-09 10:41:38,2017-05-23 00:00:00
389d774b02ed5ffc37b29fc4c81d3039,e52d98453f1fe98cdd0f5911639b2f60,delivered,2018-03-20 21:35:54,2018-03-20 21:48:47,2018-03-21 18:42:18,2018-04-02 20:51:35,2018-04-09 00:00:00
a61908631e6c4c0c65ac004b59d1220c,13abb6f0e084f2f8d0d7724779c16805,delivered,2018-01-15 13:54:01,2018-01-17 03:39:26,2018-01-17 22:27:56,2018-01-22 14:34:15,2018-02-06 00:00:00
8136e44fd3752686ba5af19ccb239de6,0d497718199a33036883ab61d24fed5a,delivered,2018-04-08 13:53:21,2018-04-10 04:11:08,2018-04-11 00:52:46,2018-04-11 17:04:57,2018-04-19 00:00:00
3789ddab12c667292dc0513fa0f0ff9d,89852ab64bf9b9174cb414b674306159,delivered,2018-08-23 19:02:12,2018-08-23 19:31:36,2018-08-28 15:11:00,2018-08-29 12:09:51,2018-09-03 00:00:00
175d5d1ff76c0ea865a58e125e22743d,f508607aaedc53604179d76c90b0b860,delivered,2017-10-29 21:24:23,2017-10-29 21:35:14,2017-11-07 21:48:42,2017-11-17 20:19:30,2017-11-30 00:00:00
720609547e1e3b8ac4b3dc47ba846525,b1bd82709d081818f2e3c31399ae5d68,delivered,2018-07-31 22:03:59,2018-07-31 22:40:26,2018-08-01 12:29:00,2018-08-06 20:03:25,2018-08-17 00:00:00
35484f2865463bc3be59efbdc0b218a1,2ef3c7de1b6079d40773f9efb4bceab8,delivered,2017-09-16 12:40:58,2017-09-16 12:50:20,2017-09-18 20:19:59,2017-10-08 12:40:04,2017-10-09 00:00:00
cf9d149b8f8e534901d64f8b10320133,fb8d9638e7705015275c6ff9185a57c7,delivered,2017-07-06 14:43:08,2017-07-06 14:55:21,2017-07-12 18:34:40,2017-07-18 16:04:42,2017-08-09 00:00:00
37cea346e0236a8ce8e083dcd92ddc68,973743e89605769ad70c11a3483efba3,delivered,2018-02-05 13:47:28,2018-02-07 03:10:25,2018-02-14 17:47:12,2018-02-26 21:06:19,2018-03-06 00:00:00
65b2eeb525259ca3e5e6028075d8aa23,ead0ce31c9e113d7632ffbe5a6f86ff3,shipped,2018-05-30 15:00:30,2018-05-30 15:35:43,2018-06-01 19:03:00,,2018-06-25 00:00:00
ec646a938d0bd074a2df3d54d13f8176,5140d26646737748972e58075deaba17,delivered,2018-06-24 13:45:56,2018-06-24 17:18:18,2018-06-29 12:16:00,2018-07-03 14:28:41,2018-07-13 00:00:00
4093b84461e9ee4cfa6b1f720d1003ac,a51f150cfd7371d6cd88ebf0da50b03b,delivered,2017-06-07 09:27:29,2017-06-08 02:45:27,2017-06-08 15:09:33,2017-06-23 12:26:45,2017-07-06 00:00:00
67396d4e8e815db60a202db276db16a5,62cead6bcb096984c493d6121222d104,delivered,2017-11-03 18:36:43,2017-11-03 19:30:37,2017-11-06 17:27:01,2017-11-18 15:44:47,2017-12-13 00:00:00
3ef3c976c86d9ea7e4758728a87732f0,43420e2e2af1b2b21dbaaea745dced95,delivered,2017-03-17 15:13:04,2017-03-17 15:13:04,2017-03-27 11:57:12,2017-03-30 12:33:27,2017-04-11 00:00:00
9b1b03659c8b48c95c05af1523108b12,5f2d3a20b81937d3ef88d622b2f92035,delivered,2017-09-24 14:30:50,2017-09-24 14:45:26,2017-09-25 18:07:51,2017-10-05 16:59:40,2017-10-23 00:00:00
206180d63bbc3cde4e902195b8493bad,056cdf1a3fc87b23ae6a0348132b7095,delivered,2017-09-03 15:54:25,2017-09-05 04:30:52,2017-09-05 19:22:30,2017-09-06 18:08:33,2017-09-15 00:00:00
1c08c2e119666d04a13e375e3156ad5f,193d7079e0df65bb47766230e5387d3a,delivered,2018-03-30 19:03:15,2018-04-03 05:28:06,2018-04-04 15:53:33,2018-04-11 16:37:20,2018-04-19 00:00:00
0c1e8da95f0bc94596b6e3571ba53a33,e6844a55be2b09d0651ee44371fe6298,delivered,2018-04-23 15:23:09,2018-04-24 19:24:11,2018-04-24 20:46:56,2018-05-14 23:51:31,2018-05-17 00:00:00
bb724065b1587966bc6e4553aeb0b2c6,3a6e21494af5cdc6248949e40d3eb01b,delivered,2018-07-05 16:36:38,2018-07-05 16:51:01,2018-07-06 09:41:00,2018-07-07 13:28:46,2018-07-18 00:00:00
c77b924863d95e0e69aaec7323c1ed90,084c2bd2b64d5e52712259d7a2f0f79d,delivered,2018-07-04 19:04:49,2018-07-05 16:33:19,2018-07-10 12:26:00,2018-07-13 15:24:39,2018-07-27 00:00:00
bd96eed920dc1aa5f5ecefcae1ed673b,59cf5cb68bd4206911ee0674d0bfb73f,delivered,2018-02-14 20:21:40,2018-02-14 20:30:36,2018-02-16 16:10:19,2018-02-24 01:03:50,2018-03-09 00:00:00
9913e53a7bcc410723e7c04965f634f0,c35aa130b867773e9f4fdcf8d878cf02,delivered,2018-02-06 19:44:10,2018-02-08 07:35:39,2018-02-14 22:38:30,2018-03-01 19:33:52,2018-03-06 00:00:00
388fb3c827cea2f9e0a3fe1efeab7935,19d47f016965370c2d298172268390e8,delivered,2018-06-26 16:44:39,2018-06-26 16:58:37,2018-06-27 11:42:00,2018-07-03 17:11:43,2018-07-25 00:00:00
605f2add48efc71a276d265b071695ba,93fe825ed6a6b6b770c6ef059428e18b,delivered,2017-08-08 22:56:48,2017-08-10 03:15:39,2017-08-10 19:14:57,2017-08-15 19:43:51,2017-08-30 00:00:00
c6886cf795e953eeec1702d3a42d9f7b,976d7f689df410a41ea000c72b5b41a3,delivered,2018-02-19 17:59:03,2018-02-19 19:06:55,2018-02-20 18:57:02,2018-03-03 00:46:08,2018-03-29 00:00:00
857d8e7d6c9e9ea37220908aead8b9d3,854d22669de3c5fd600902f2f04ca4b3,delivered,2018-01-07 21:45:39,2018-01-07 21:54:46,2018-01-09 23:42:47,2018-01-10 20:10:46,2018-01-24 00:00:00
60dc36170c9cc8c0215fafa26627670f,7074bf81824d0b653d0f13bc3b846c18,delivered,2017-09-12 00:00:54,2017-09-13 00:15:11,2017-09-14 19:20:01,2017-09-21 15:58:21,2017-10-06 00:00:00
c69c8612c1fa919f232d370c41cbffd7,0241277be857dc59ae544ccac12b3e19,delivered,2017-04-19 08:56:39,2017-04-19 09:05:16,2017-04-19 15:51:57,2017-05-03 00:09:39,2017-05-11 00:00:00
2beb6e42ebac795d47860b9e7afdbaa2,dcb065ef99fbfdb1655f384e3cb338e7,delivered,2018-06-28 15:49:48,2018-06-28 16:10:44,2018-06-29 14:08:00,2018-07-04 22:18:27,2018-07-19 00:00:00
dd48446f9b84c34e8ca82a3efe263e78,5d541ff3c67fa948f4f8faa47303071a,delivered,2018-04-18 17:21:06,2018-04-18 17:58:16,2018-04-25 14:02:00,2018-05-05 13:56:36,2018-05-18 00:00:00
5f37c7c9cfd25572ee87b69b77f27b8c,37ab5b60e29f1d9453b6fe478de83135,delivered,2018-02-26 16:02:42,2018-02-26 16:15:40,2018-03-05 22:27:30,2018-03-20 02:08:29,2018-04-03 00:00:00
61bf21d981c7e4816f5026ded6da2009,b7f5a499c05362484859bca44528790d,delivered,2017-11-29 15:54:26,2017-11-29 17:11:41,2017-11-30 16:42:56,2017-12-08 15:52:32,2017-12-21 00:00:00
719cb31645fb8251f1eeecfe977c16c5,e4d27f2e1436d733e01bb50b0c924058,delivered,2017-11-02 16:30:44,2017-11-02 16:45:30,2017-11-06 13:12:00,2017-11-10 22:09:36,2017-11-28 00:00:00
334fe6d31dfa8c49583196dda4b260e6,4093afbfc2f72dd52fc143cbe1bd86fa,delivered,2018-04-19 00:27:32,2018-04-19 05:55:07,2018-04-19 23:36:49,2018-05-03 23:21:49,2018-05-14 00:00:00
128e2bcc764e1cf5e4952af2267acef2,dcce0deb2cfd275ada38c06da3c2a01a,delivered,2018-08-12 20:13:01,2018-08-14 05:44:08,2018-08-14 13:19:00,2018-08-15 18:51:59,2018-08-16 00:00:00
3cc1a0fb96625b337cdc5abdc7383a88,166174e5bc6d2d45306402843f609904,delivered,2018-01-10 21:39:13,2018-01-10 21:49:21,2018-01-11 17:27:17,2018-01-24 21:52:31,2018-02-06 00:00:00
2720322b26b3ddc8467925c74b7d7c9d,15b9cc23661eb24b89179be3fc9e43e3,delivered,2018-03-17 11:54:22,2018-03-17 12:09:18,2018-03-22 02:52:03,2018-03-27 18:51:19,2018-04-24 00:00:00
7a2a38e90310dcc099d87233c2dd2fbc,24201200dd7b24c594a08859553bea30,delivered,2018-08-10 20:50:15,2018-08-10 21:04:32,2018-08-14 15:12:00,2018-08-15 20:18:40,2018-08-17 00:00:00
b6b4d4aab61035f87291877a9b0a6e25,428065cc9e87f764effc6d4875c4b4da,delivered,2018-01-19 19:01:19,2018-01-19 19:12:23,2018-01-22 22:29:40,2018-03-06 12:22:50,2018-02-15 00:00:00
51bd890febd880cb94d9051fd28f289e,adea16f52f570e5b1b7e6128a8ea45b3,delivered,2018-07-16 17:59:42,2018-07-16 18:10:16,2018-07-17 07:59:00,2018-07-23 23:06:39,2018-07-31 00:00:00
130f48aa69611f429f04408bcce4f2ae,a597a7d6db63cf28f7de661aaa828a2f,delivered,2017-08-28 22:43:59,2017-08-30 08:50:17,2017-08-30 20:17:47,2017-09-13 15:33:54,2017-09-22 00:00:00
a1807de46dfccdc857a541ba48307747,77378e668a3ff1ff6ad738902365eedb,delivered,2018-04-04 21:00:39,2018-04-04 21:10:14,2018-04-06 22:36:41,2018-04-28 16:40:45,2018-04-24 00:00:00
a695f02d76cd2c620a5221e0b21937ab,c9bb1eb348a7c12382d8288eabedb2c9,delivered,2018-04-29 12:17:40,2018-04-29 12:33:10,2018-04-30 14:11:00,2018-05-04 14:48:46,2018-05-15 00:00:00
dcd2b52b3f8309a1c0b0885bd4eba260,e1e45bb88ca4d4d3ee7d35f013301068,delivered,2017-11-18 17:26:56,2017-11-18 17:46:06,2017-11-23 16:21:18,2017-12-04 21:36:47,2017-12-14 00:00:00
7146211691a9d909e75c0b7458b1e125,1c76b7133be1eb64e6314d5b0685f47f,delivered,2018-07-23 16:30:52,2018-07-23 17:25:06,2018-07-24 13:21:00,2018-07-31 17:38:34,2018-08-13 00:00:00
04c35d140fbc805e40f33f6902661c4f,f2dd9d0abca9dcb1e49685231aa0843f,delivered,2018-06-13 16:22:07,2018-06-13 16:40:12,2018-06-15 14:02:00,2018-06-21 18:19:28,2018-07-11 00:00:00
96e60a8b7fe4d9cd4f5ef7f3399a502b,78d97021c6f17f11e1c84245d5def5ec,delivered,2017-01-27 17:16:40,2017-01-27 17:30:41,2017-01-30 12:42:03,2017-02-10 10:15:05,2017-03-09 00:00:00
8bb658a8c9f7773ab13ce80bc87ccff9,4c58cd3aa777a1cebbec7e671e7870af,delivered,2018-06-11 19:19:33,2018-06-11 19:41:32,2018-06-13 14:38:00,2018-06-30 18:41:56,2018-07-04 00:00:00
477be8918d7fc5cede601e622c0870e8,5a8445a0040665a9818d188e81a7189c,delivered,2018-05-11 09:05:51,2018-05-12 02:53:28,2018-05-14 13:31:00,2018-05-24 14:56:21,2018-06-07 00:00:00
646ec13e4b9753a75b9658d9ea554659,601a4e63f008ad8a8f61e52726dc0753,delivered,2017-11-24 17:34:38,2017-11-24 20:57:21,2017-11-28 20:13:48,2017-12-13 00:27:49,2017-12-19 00:00:00
7a05ea5a85dcfb04d49a57143c1d5ab6,323a8dcb8bbc42ceaa68d278b023e82e,delivered,2017-09-20 21:43:16,2017-09-22 04:10:21,2017-09-22 19:45:01,2017-10-09 16:25:57,2017-11-01 00:00:00
2c492ac28580a338bba29de8fe4af1ab,7937eac19cc0bd862c09e350e43fb152,delivered,2018-01-04 10:53:52,2018-01-04 11:09:08,2018-01-08 19:17:48,2018-01-09 20:49:26,2018-01-23 00:00:00
f63eb30401fd1e31349956455a06bdde,b6e1c70884a3b3b65b12e82803ce16c4,delivered,2017-12-05 15:18:57,2017-12-06 02:35:42,2017-12-06 21:38:31,2017-12-20 18:14:44,2017-12-29 00:00:00
70b552ddd260593a445a635431384e35,42e503e49de01ed4aec2e7f0bab4b618,delivered,2018-06-11 20:29:45,2018-06-11 20:59:33,2018-06-12 14:59:00,2018-06-14 21:23:56,2018-06-28 00:00:00
66582c0b6f09819676df894a431275fb,16547cc187e249ef13e8fea3ee0b2c08,delivered,2017-04-06 16:20:30,2017-04-06 16:35:18,2017-04-07 14:42:21,2017-04-19 13:53:19,2017-05-02 00:00:00
ed9f2f1d49ae779e0d1953d6197fbe43,d6e553e33ac0cde8c7073e962a35bb77,delivered,2017-10-09 12:58:44,2017-10-10 03:26:59,2017-10-10 16:28:06,2017-10-20 19:33:59,2017-11-22 00:00:00
64c61c97b53cc497fd3bf4887d7bbf8c,f06a8774fd0ce546ae9896c44884edc6,delivered,2017-05-31 20:18:48,2017-06-02 04:25:39,2017-06-09 16:47:26,2017-06-26 13:17:38,2017-06-29 00:00:00
6f1ec7fc60aaf4d643560d527597061b,6db2c639270aa71d3a760538c051b8d1,delivered,2018-05-17 14:47:11,2018-05-18 02:36:17,2018-05-21 14:10:00,2018-06-02 15:06:28,2018-06-06 00:00:00
9e1fb6d6d89113c356084eb1899f47b4,0d4f5ef1ce058d5e16703ebb818e9454,delivered,2017-11-24 19:43:07,2017-11-24 22:58:02,2017-11-27 12:39:15,2017-12-12 22:54:47,2017-12-26 00:00:00
3a2eb830e78193b5cbea62829ac7ab52,948e925399aac2699c6db563a3c201a3,delivered,2018-06-16 16:05:44,2018-06-16 16:18:33,2018-06-20 14:29:00,2018-06-26 21:34:27,2018-07-13 00:00:00
09e0e42eda6d72e0bd2a2e232d1c78b2,926d5dc6f6593960a86fbbaddad5ee8b,delivered,2018-06-19 13:59:34,2018-06-19 14:17:29,2018-06-19 14:45:00,2018-06-21 20:46:43,2018-07-11 00:00:00
43ebc8e1bcfbbd54e735d48bef113b82,e2ee1fe3a75eef46de494b0680d31036,delivered,2018-07-17 21:31:46,2018-07-17 21:45:11,2018-07-18 12:21:00,2018-07-27 12:02:09,2018-08-06 00:00:00
ea7ce652a46fd8b1be9e01f9ce8b8894,42e8608ca6920534a496a2971196aab5,delivered,2018-04-30 11:47:54,2018-04-30 12:15:24,2018-04-30 13:52:00,2018-05-07 14:03:17,2018-05-28 00:00:00
1be3fcdefdc438ab6f01a8547b31aa5b,ee6f7ffda3797ee3537579f1f7f60cac,delivered,2018-03-11 22:23:38,2018-03-11 22:35:28,2018-03-12 17:08:41,2018-03-27 21:38:51,2018-04-02 00:00:00
7e3092871b13383e2bf040db363a846b,8c336ef3a545f8ba0b1e48140b1f8750,delivered,2017-05-23 22:07:59,2017-05-23 22:25:17,2017-05-25 14:04:15,2017-06-06 07:17:17,2017-06-14 00:00:00
259e9a3ad6d4f56fd550257b47ed152b,0f35754e1b342fa944b0028c2dddab5d,delivered,2017-09-02 19:28:03,2017-09-05 04:35:57,2017-09-09 13:23:11,2017-09-22 16:23:35,2017-10-18 00:00:00
4d8333ce7e8cf1184099aeab819da7e5,c17a0046142969fea0916761156c6806,delivered,2018-06-09 12:47:27,2018-06-09 13:11:08,2018-06-14 12:55:00,2018-06-15 20:38:31,2018-06-26 00:00:00
9d5f8787d55cc08d6f9560414f44f491,ecc7f9db3aeff66207a889c07a2eecdf,delivered,2017-08-13 18:48:11,2017-08-13 19:23:53,2017-08-14 19:12:35,2017-08-15 17:25:03,2017-08-25 00:00:00
e438a68d6cff4749165966ed2e2ff8a0,853d083e497f3f2441c308f5dc8b990a,delivered,2018-04-25 15:03:40,2018-04-25 15:30:06,2018-04-26 15:01:00,2018-04-30 20:18:38,2018-05-11 00:00:00
b898480abf81ccc16670a2642a0f3173,2b396f2065a37a6c85df1b5ec25ef942,delivered,2018-07-16 14:36:13,2018-07-16 14:50:20,2018-07-19 07:44:00,2018-07-20 15:05:00,2018-07-30 00:00:00
0f581e286111b6b5e757cecec3815151,1512c5040886006dd88e50b3300e38fa,delivered,2018-07-02 19:07:01,2018-07-02 19:15:12,2018-07-03 11:59:00,2018-07-10 17:17:35,2018-08-03 00:00:00
76ef0609633755e00097957236215e2d,49670b995497cbfd82777f623ec7f825,delivered,2017-08-31 20:11:40,2017-08-31 20:25:12,2017-09-01 19:27:23,2017-09-11 23:03:39,2017-09-22 00:00:00
b2e7423926537e79e712ccf08ce1a53f,8e791f9f55fe93044d73c6d79b1cce11,delivered,2017-05-03 09:49:58,2017-05-04 10:25:21,2017-05-04 11:12:40,2017-05-09 13:15:18,2017-05-24 00:00:00
e66b89fb2a3155a193afedecce0e193f,b9820f02b67bd33381d35eec284e25c0,delivered,2017-03-16 15:32:19,2017-03-16 15:32:19,2017-03-17 09:32:39,2017-03-24 12:53:17,2017-04-10 00:00:00
813806934fb64463e4a78ff2cfef2941,76c360cc7f0388671ee89736e7a581b8,delivered,2018-07-10 12:18:25,2018-07-10 12:30:19,2018-07-11 14:32:00,2018-07-18 19:50:55,2018-08-01 00:00:00
a91e7aca25f42ad17ca485b55da90693,35be0e9bcdc8a3efe98c9d9523e72439,delivered,2017-05-29 12:13:27,2017-05-29 12:25:46,2017-05-29 12:57:41,2017-05-31 10:49:57,2017-06-09 00:00:00
a086ea7c4433d52d2475baede10023b1,0d9cef52b91faea5403aa1e107b96d9d,delivered,2018-01-10 10:32:32,2018-01-10 10:49:26,2018-01-16 01:22:52,2018-01-23 12:16:47,2018-02-07 00:00:00
a701b3fe16d0e0734d666d1872df2ca4,b7d7863509dce6d6350832d9ec068e5b,delivered,2017-09-28 13:38:08,2017-09-28 13:49:55,2017-10-02 14:18:36,2017-10-09 16:37:10,2017-11-06 00:00:00
70848392a2b1c4ea647d7206bf1b5b47,052b2c80ba54a9462b895f098a8593e4,delivered,2017-07-31 23:07:11,2017-08-02 02:55:07,2017-08-02 20:12:31,2017-08-10 19:40:16,2017-08-18 00:00:00
59682ddba24feb11071cee1f0ed1ecd9,ab2ad851c8afe2151aabdc9829cc23c8,delivered,2017-12-06 18:00:29,2017-12-08 02:54:25,2017-12-11 20:51:45,2017-12-18 18:10:53,2018-01-12 00:00:00
ca6a26cfe7350f78f24144bc5f5c588d,d06ce0511b1e3e54a4db39df35a38ab4,delivered,2018-01-18 13:45:02,2018-01-20 09:10:39,2018-01-24 00:04:00,2018-02-02 17:14:52,2018-02-20 00:00:00
6db84e80e54c938d5112dbdd6494b7f4,18f2f5c1d2fea458573243db3cf88810,invoiced,2018-05-08 14:09:19,2018-05-08 14:30:36,,,2018-05-18 00:00:00
2073adf991d650975fec13fb944d8ff1,7b86304a80fc04dd20a7f6ba3c700375,delivered,2018-03-15 15:57:05,2018-03-15 16:11:13,2018-03-17 01:28:42,2018-03-18 16:08:15,2018-03-27 00:00:00
ef9948e6c8bbcd52c8164305be683daf,b29a643c63af3cf5ca1858a893cdbbea,delivered,2017-10-29 20:21:52,2017-10-29 20:35:26,2017-11-03 15:03:45,2017-11-10 18:48:48,2017-11-27 00:00:00
b4c4b76c642808cbe472a32b86cddc95,e0a2412720e9ea4f26c1ac985f6a7358,canceled,2018-07-12 12:08:36,2018-07-12 12:25:53,,,2018-08-01 00:00:00
d5f84dc76f08b7d977dc77f2e0e8fbec,202cf72513728469b2956e562d56015e,delivered,2017-11-28 23:02:47,2017-11-28 23:12:24,2017-12-01 19:28:56,2017-12-03 13:49:01,2017-12-15 00:00:00
819c0a8de9efdc8a6886525a06dc7967,27c44b89b007427937dc837cf41ca672,delivered,2018-07-04 16:10:42,2018-07-05 16:21:06,2018-07-04 15:30:00,2018-07-12 15:08:34,2018-07-26 00:00:00
72cfba8b64d72dbe3cc62b4c607687c4,b5c1d9c5629fa0ae203aa961786aacbb,delivered,2018-04-08 18:39:42,2018-04-08 18:50:49,2018-04-12 15:35:50,2018-04-16 21:50:40,2018-04-30 00:00:00
d0fd185aad137f701270f63d6cab8e42,521a0e0ff206a7638ea7b8ed776b1acc,delivered,2018-04-10 16:23:36,2018-04-12 05:11:27,2018-04-12 23:12:32,2018-04-19 13:51:35,2018-05-09 00:00:00
5923263d49d190dc167b702f6dfc0c4d,d15ea99185ee0b8f6bd7de88a8ee9444,delivered,2017-08-25 13:38:17,2017-08-29 05:32:51,2017-09-01 13:58:46,2017-09-04 17:57:55,2017-09-28 00:00:00
728a1252743f5ae1e79a50ba485ff102,c182ffa2bb223d4392ff6eac8d57f619,delivered,2017-07-09 12:13:41,2017-07-09 12:25:14,2017-07-10 19:19:42,2017-07-13 20:36:44,2017-07-28 00:00:00
1fbac32f75f19d1b5242ad8748421730,2e36d821f7741386fe6d5199455d17db,delivered,2018-01-25 22:07:56,2018-01-25 22:18:22,2018-01-30 00:03:44,2018-02-02 22:04:15,2018-02-19 00:00:00
7d0e17bbcb31318fdc2390ad7cfc7399,0ab6b9678a73a7234a994d90cafcbc5c,delivered,2017-12-19 09:42:51,2017-12-21 02:12:43,2017-12-28 16:26:56,2018-01-08 15:25:00,2018-01-23 00:00:00
ab4db5117e6804bcb57deaafd44cf4c3,c7a82da94b1093bc1774b31ff1bf3481,delivered,2017-06-14 14:59:33,2017-06-14 15:10:11,2017-06-19 16:06:39,2017-07-04 07:21:46,2017-07-19 00:00:00
7dc9529b89630e97d20c9e3d125b8f39,0bf412996fac82fa938b0bead2cf9489,delivered,2017-11-29 09:03:35,2017-11-29 09:13:26,2017-11-30 19:45:30,2017-12-01 17:17:24,2017-12-13 00:00:00
81a93b2fa39e104b865b2bc471c16008,8ac44e9c15d396b8c3c7cbab0fff4536,delivered,2018-03-22 18:09:41,2018-03-22 18:27:58,2018-03-23 22:28:51,2018-04-04 23:05:57,2018-04-16 00:00:00
3e1088f1c96e2b55ef9a070866bd1f1e,251a9ae4d295b0b2db74f27d8217b922,delivered,2018-06-30 16:53:45,2018-07-05 16:04:19,2018-07-17 15:09:00,2018-07-24 15:48:23,2018-08-16 00:00:00
c039d465e2d9486915f6356a2660e66f,9aaad80a9eba88d21766074b44eeea1b,delivered,2017-10-25 13:27:07,2017-10-27 03:10:29,2017-10-30 20:12:10,2017-11-07 23:08:43,2017-11-17 00:00:00
7f3c194d0984c02806d2b6a3f62cbf59,74cc0991cc984f49ffb3f1027a04f85c,delivered,2018-01-26 20:13:55,2018-01-26 20:37:16,2018-01-29 20:37:15,2018-01-31 16:32:42,2018-02-19 00:00:00
57e84fe39881c28f3079d56d038459e3,33646ed7e7e4e912b04f5f203b651848,delivered,2018-01-02 22:14:43,2018-01-02 22:30:23,2018-01-10 01:24:53,2018-01-13 00:12:28,2018-01-26 00:00:00
08c182b2e7095965cdf8fb5be1cd5b3f,99f3961a1bcb55085e8bda6b25df6c16,delivered,2017-12-19 20:49:45,2017-12-21 02:11:55,2017-12-22 17:42:03,2018-01-04 16:27:12,2018-01-23 00:00:00
a162843206c281a243d96c3040e7e08a,4e0ba3517b618410bbca2d46273404cd,delivered,2017-04-26 18:11:15,2017-04-26 18:22:21,2017-05-02 14:28:53,2017-05-12 13:13:39,2017-06-06 00:00:00
d1373152bf63d51168f41cbeba3663a8,b7337a831378a57196f7e83fce090948,delivered,2018-02-12 18:49:58,2018-02-12 19:08:34,2018-02-15 19:42:48,2018-03-05 17:05:23,2018-03-13 00:00:00
66573bb355bdba7b6df55fba794b800d,70bc2fe12d0580eb8336285500defe0e,delivered,2017-10-15 10:30:57,2017-10-15 10:49:15,2017-10-24 22:23:05,2017-10-28 17:24:16,2017-11-09 00:00:00
33e13c48e5883f2a3ae2269bf57650c7,cef54c3ad569af033c4ecdaa69c9e140,unavailable,2017-12-22 12:41:34,2017-12-22 12:52:28,,,2018-01-26 00:00:00
9f5539e7e62b26f49edf43566859bb44,7f77bbde63fb27ca5bc7a1ff43504d7d,delivered,2017-07-25 15:38:32,2017-07-26 02:15:59,2017-07-26 20:22:07,2017-08-04 19:26:57,2017-08-16 00:00:00
fd083ca236fb56074a653948afcacd8e,f4ad66ffc7ef5fd7ae997077a7c10e89,delivered,2018-02-02 15:55:43,2018-02-02 16:10:29,2018-02-19 23:52:01,2018-02-26 17:42:04,2018-03-12 00:00:00
a6f6ef4007557b03f6b82beebc22150f,090d8c30005e20451f3514a654cdd9ef,delivered,2017-08-27 23:05:03,2017-08-27 23:24:42,2017-08-29 16:04:36,2017-09-04 18:57:43,2017-09-27 00:00:00
a5a2ab9022d563da450076220e56d658,24a36d3e10b9d9d90595c7cb0e8dc070,delivered,2017-09-26 20:50:49,2017-09-26 21:04:53,2017-09-28 16:27:46,2017-10-13 22:44:41,2017-10-18 00:00:00
df6741b0ea621f28515a537c85037507,3d4518b37926b706d7e89ecfe3cb4c36,delivered,2017-07-17 00:25:55,2017-07-17 00:35:07,2017-07-26 01:13:47,2017-08-01 19:51:25,2017-08-10 00:00:00
f17281018fc8b0ba9a8b08ac18360665,8bbab60533a9749783e4c768cd5a12a7,delivered,2018-02-01 00:24:55,2018-02-02 16:00:34,2018-02-05 23:38:41,2018-02-15 22:13:31,2018-02-26 00:00:00
ba57df46d6c7801e304a57084265bd86,6132860a5328ff1bcb9571bc0040b78d,delivered,2017-09-17 12:51:20,2017-09-17 13:04:07,2017-09-19 22:17:41,2017-09-27 22:12:44,2017-10-04 00:00:00
c78b46b9e5371e47b97a2bb7eb4740a3,c4661023cc14f8b203bb388f6d486f3e,delivered,2017-12-24 17:14:46,2017-12-24 17:29:00,2017-12-26 22:17:00,2018-01-04 00:42:28,2018-01-15 00:00:00
a0efa566fd16e01fa172403fa5d645d8,24bcf5954a5f3d82a83702a10241a3ba,delivered,2018-01-29 12:21:50,2018-01-30 18:49:58,2018-02-01 17:05:41,2018-02-15 18:20:12,2018-03-08 00:00:00
2fe3cac4410271c6297a141898af28f0,d8ea22053dd00896b4cfad5718cc2fcd,delivered,2018-02-17 01:27:15,2018-02-17 02:07:56,2018-03-02 21:46:29,2018-04-23 21:04:34,2018-03-14 00:00:00
1671068b64a9cdbffb5bdba38a07382f,2b61b65a606f7c61cc3df116247b5a10,delivered,2017-07-16 22:28:30,2017-07-17 22:30:21,2017-07-19 16:33:45,2017-07-21 19:11:28,2017-08-01 00:00:00
7501e0d79e115a1491674e6154b47bd4,7fe27842c70ec6d61ee78e748021f378,delivered,2018-03-13 19:44:29,2018-03-13 20:20:23,2018-03-14 22:58:45,2018-04-10 02:09:46,2018-04-11 00:00:00
c5bb8cf75ccd20ee373200ab31628770,7cc858beaf29178458e90ee34c3be444,delivered,2017-08-19 17:54:34,2017-08-19 18:10:21,2017-08-23 15:16:33,2017-09-06 18:58:45,2017-09-15 00:00:00
f40828a647f246819e9db956f9b87a26,3acd5827b2fe301fca20da0490c0ee18,delivered,2018-03-07 12:02:14,2018-03-07 12:15:35,2018-03-07 23:32:15,2018-03-08 16:04:44,2018-03-19 00:00:00
dbb31ed9185a040cb0e9c8fb4877e21f,237bfa0417d30f46fa793b5532739269,delivered,2017-02-06 00:25:15,2017-02-07 04:05:13,2017-02-07 14:49:35,2017-02-10 10:55:26,2017-03-06 00:00:00
9c6afc949524a73041a14fa201f42851,775a538061a1499aadf461df629f423f,delivered,2018-01-28 21:42:11,2018-01-30 04:31:19,2018-02-01 01:18:54,2018-02-07 14:21:17,2018-02-23 00:00:00
a8f98802b9d90bc23e0d46ca06b42136,2c6181c9105fc98a3d53efcc42657ad8,delivered,2017-11-17 19:41:05,2017-11-17 21:15:45,2017-11-21 19:44:02,2017-11-23 14:12:11,2017-11-30 00:00:00
102ea4043e0c7b678470f26f0a726e57,9d507dae8b83f73bf1c00e1ca2e4357e,delivered,2018-03-06 15:40:43,2018-03-06 16:41:07,2018-03-08 14:08:22,2018-04-04 20:28:45,2018-04-02 00:00:00
b74ea2b3c3e2bbe005621c14ca939889,d733d35de46ca9b765e1ab0a59285b9e,delivered,2018-04-19 11:27:47,2018-04-19 11:49:26,2018-04-23 23:52:08,2018-04-26 16:13:13,2018-05-29 00:00:00
f041636b56e76b6320b39db6f42a9eeb,2f9504882f2ded2fd6c1230a7ca59721,delivered,2017-11-13 11:22:05,2017-11-13 11:35:26,2017-11-16 21:02:43,2017-11-29 18:03:12,2017-12-12 00:00:00
87aa53fa9466f416f97e7d380fbff012,97c149fcb8426cae07a0f1eeed3c089d,delivered,2018-04-16 20:20:19,2018-04-17 12:12:09,2018-04-18 19:32:24,2018-04-24 18:46:48,2018-05-11 00:00:00
2d41f565da57c810b338c40361477c5f,9b2a730cbd99f73b0659756985493ed4,delivered,2017-09-08 09:11:26,2017-09-08 09:25:12,2017-09-08 22:04:10,2017-09-28 10:02:56,2017-09-29 00:00:00
956fa289d4963732b9c806fcc3eb3d57,1936a22b0b2f39a03bf3fc96bf6b8fcd,delivered,2017-10-08 10:19:15,2017-10-10 03:49:21,2017-10-24 23:37:05,2017-10-31 21:03:58,2017-11-06 00:00:00
c91097d5f017e8117c4930db4bc51c66,48f8c4f0545adf1581cc6c077b7b88f3,delivered,2018-04-23 21:32:42,2018-04-24 18:30:13,2018-04-24 20:08:42,2018-06-07 09:16:37,2018-05-24 00:00:00
3a2ac4b422b1c2e54b864f20f4331f4d,93ffee27d971d08d9d64483830a9e43f,delivered,2017-06-11 19:36:21,2017-06-11 20:42:27,2017-06-12 19:12:45,2017-06-22 17:46:55,2017-07-03 00:00:00
e9c9e163bd9e8a23c5afab293ed676e2,62d3d5126a9e6607e62fc5a79363580f,canceled,2018-02-21 10:27:40,2018-02-21 12:05:31,,,2018-03-13 00:00:00
2c9015a3c9e7ded7dc344a1536b2c72f,8fc8ae50a5db16c2ef987e3ed64c3956,delivered,2017-07-26 09:28:11,2017-07-26 09:42:56,2017-07-27 19:44:48,2017-08-02 11:56:47,2017-08-08 00:00:00
6b62e435ad4cc81a538f9a279049f490,9126e0666011360bc99770026bb867f1,delivered,2017-04-09 22:47:00,2017-04-09 22:55:14,2017-04-10 14:48:24,2017-04-24 09:47:52,2017-05-30 00:00:00
465ef1a4ae46fb48aa8645dd2b755a54,2181c158dfd236e9c1854c05f1bd6fae,delivered,2017-12-03 21:39:07,2017-12-03 22:07:47,2017-12-05 23:48:38,2018-01-13 22:52:18,2018-01-05 00:00:00
cad47dffa15e42fb1f1c09d6e5fec4aa,b66ecb3df0ca726cf146a215d81d0358,delivered,2018-05-24 19:51:03,2018-05-25 19:52:12,2018-05-29 16:08:00,2018-06-02 15:21:09,2018-06-21 00:00:00
6407b85bd242ce58598e1ddeaad6fd37,b3f8ef83c79e155520e952c088ba761a,delivered,2018-03-04 22:01:48,2018-03-04 22:15:38,2018-03-06 20:49:02,2018-03-16 17:38:52,2018-03-22 00:00:00
36e97c52eeec93d43615f58da623c33c,44901bf8569ad65849aa1b3d4325c6e1,delivered,2018-04-10 10:14:18,2018-04-10 10:31:44,2018-04-11 17:57:50,2018-04-12 19:05:04,2018-04-25 00:00:00
c4ab3c8b8131fffa0e973dcc87eed802,4131554d91b6d92d92c8af4097136526,delivered,2018-04-28 21:32:01,2018-04-28 21:51:17,2018-05-02 11:23:00,2018-05-03 17:13:38,2018-05-14 00:00:00
eeacc2219efa996957aa46ab696afbde,b701465c5960839259de1bc16655ef0a,delivered,2018-06-26 17:57:47,2018-06-29 02:35:12,2018-06-29 13:58:00,2018-07-10 18:21:40,2018-07-27 00:00:00
71b99494e76e07a7deacaf4cba75afe1,cf3ba3721f86bb50fdb1568a54039cd6,delivered,2017-10-19 11:03:50,2017-10-21 02:56:34,2017-10-24 22:51:56,2017-10-28 12:57:43,2017-11-07 00:00:00
34ac523be174284d7b9df8e47bce2040,e143678e76c1279b51f6fb83c205b7d1,delivered,2017-01-15 14:15:04,2017-01-15 14:30:14,2017-01-16 08:43:35,2017-01-20 10:05:52,2017-02-24 00:00:00
a3fffd40f08c6e4ea8a775049b285222,56fecd308580382b61bd71468880a9f1,delivered,2018-02-27 08:32:14,2018-02-28 09:29:35,2018-03-02 21:34:16,2018-03-12 15:42:07,2018-03-19 00:00:00
63ca9513cf22fe41c6d68a30c1eb1b91,ad72135eb6e07c6c5bc9bb554eb307ce,delivered,2018-02-14 14:45:38,2018-02-16 07:56:07,2018-02-20 15:25:03,2018-02-28 18:07:26,2018-03-07 00:00:00
5ec4ec0bb9c63325c2a003b014c9b7b5,cb63d833eec3ba3f144b12d4881f2f4a,delivered,2017-12-15 22:30:10,2017-12-15 22:39:40,2017-12-19 22:26:46,2018-01-08 20:29:14,2018-01-18 00:00:00
efadf4336d9cb2a9d13f4472921bef2a,50bb9b23717954cb976494695b150d26,delivered,2017-08-21 23:13:10,2017-08-23 07:45:46,2017-08-23 19:11:15,2017-09-06 23:39:32,2017-09-25 00:00:00
adc9ecec979258a539392d070254720f,0ff3980848cdbed5d9bd38be1f59e40a,delivered,2017-07-26 16:25:43,2017-07-28 16:55:37,2017-08-02 00:52:03,2017-08-07 16:16:05,2017-08-15 00:00:00
b35b7430e23fa9b3ef7dee8daadacb75,abb9325afb2095a76844fa08d71109bb,delivered,2017-06-02 11:10:09,2017-06-02 11:23:03,2017-06-02 14:16:07,2017-06-12 13:05:54,2017-06-27 00:00:00
35d522f468310fd81c065ee66f126cb9,f24f1dace2a4e157da44fa5f3d666fe6,delivered,2017-10-28 14:59:48,2017-10-31 04:06:29,2017-11-01 16:53:41,2017-11-10 13:56:40,2017-11-27 00:00:00
58e742c2152fc7724feb66eea214243a,d69a4424e3d769782d9612fe8575f1ff,delivered,2017-09-21 14:23:25,2017-09-23 02:30:38,2017-09-25 18:55:45,2017-09-28 22:12:36,2017-10-13 00:00:00
feb856bfe5b756097c5d2ff2773f5ed3,22fe26b6e82417d63e943f3275fcb57a,delivered,2017-09-23 01:36:22,2017-09-23 14:10:18,2017-09-25 16:03:33,2017-09-26 20:48:48,2017-10-17 00:00:00
3417aa576662236ea66ef37b0558d6fd,4a4d32e7b1050d6ea93354fa982a8f6b,delivered,2018-05-02 22:43:05,2018-05-02 23:31:57,2018-05-04 12:09:00,2018-06-05 12:33:26,2018-05-28 00:00:00
feda53748552b66b94d435d2a3c9025b,bd2972b1121201e1c93097f8e39a9060,delivered,2018-01-18 13:39:03,2018-01-18 13:53:03,2018-02-02 02:41:42,2018-02-07 22:06:51,2018-02-26 00:00:00
ec72beff33dc025a12ecdb790a99f730,8a8dd60b4b54b878c9d5e2bf131222c3,delivered,2018-03-07 15:59:58,2018-03-07 20:15:21,2018-03-08 22:03:36,2018-03-15 14:52:08,2018-03-20 00:00:00
9d6f15f95d01e79bd1349cc208361f09,8ebbeb09e94d1e789142983f73faa9cd,delivered,2018-02-12 16:07:34,2018-02-12 16:27:39,2018-02-14 20:04:16,2018-02-15 19:16:54,2018-02-26 00:00:00
c69f4cc5c5972fa769d36bfdfc17894c,01709d66652d26124875777dda46cfac,delivered,2018-07-26 13:42:53,2018-07-27 02:15:21,2018-07-27 13:11:00,2018-07-28 16:02:11,2018-08-03 00:00:00
1653009772c7d799890eec481fe417e3,4368b90b06b8eec19d7d150a2257d1e3,delivered,2017-08-03 14:33:16,2017-08-05 03:03:28,2017-08-10 15:07:30,2017-08-15 18:54:30,2017-08-25 00:00:00
3d521dbaec823d745bc7657d32442975,e5bb64b888dec067eb20346a00345960,invoiced,2017-11-24 13:16:22,2017-11-24 15:15:49,,,2017-12-15 00:00:00
39f428ffba2a9207ffb6406237ffe25a,9cc2c82001025f49191bc032306d1582,delivered,2018-02-22 12:32:29,2018-02-22 12:48:38,2018-02-27 13:19:50,2018-03-22 23:48:51,2018-03-15 00:00:00
31626e2772bff2ffd92d111582296642,73af52d65a69354b66b26499445017d5,delivered,2018-06-10 18:51:37,2018-06-10 19:12:33,2018-06-13 14:34:00,2018-06-14 21:04:31,2018-06-21 00:00:00
6a8df9094f1d1367d930609a1c7b5448,86163f5b646745d0ee231b6dd77870bd,delivered,2017-07-14 09:18:28,2017-07-14 09:35:09,2017-07-18 03:22:13,2017-07-18 19:23:49,2017-07-31 00:00:00
dff0494b87d4607872757269757c7bb1,3096efc811862c3afd73dc18e693a1ef,delivered,2018-02-16 15:50:23,2018-02-16 16:07:00,2018-02-19 17:38:52,2018-03-09 20:23:31,2018-03-15 00:00:00
9edf857fb745380a09bf319e39843439,35330178f28d53aba7a23ed90dc92566,delivered,2018-06-06 11:32:21,2018-06-06 11:55:09,2018-06-07 07:52:00,2018-06-15 19:41:58,2018-07-17 00:00:00
98c5b3461f699d417f26d5dcfc210e1e,a104577728b2fa084ae8d275e1845cb2,delivered,2018-06-24 17:02:25,2018-06-24 17:18:24,2018-06-25 14:58:00,2018-06-30 16:14:54,2018-07-16 00:00:00
c1c74d57ba4aa420f6f3399f322cf82f,a3356da8c84c806b6977704df8315e06,delivered,2017-07-11 23:37:59,2017-07-11 23:50:20,2017-07-20 21:53:48,2017-07-25 22:19:54,2017-07-28 00:00:00
2c9d99ef4b6645ccf36b919ebe2b839c,f1c2169cd128b7d6dbf34e74fda43d55,delivered,2018-02-12 17:08:04,2018-02-12 17:15:35,2018-02-15 17:23:20,2018-03-05 21:59:07,2018-03-12 00:00:00
091b6eccc5e978d6c77d8da3f3cec254,177616f0a95f749bea62333503553be0,delivered,2017-07-27 15:04:57,2017-07-27 15:23:50,2017-08-01 13:04:03,2017-08-11 20:14:53,2017-08-16 00:00:00
b084d12a7e70bcabb8998f113f04e601,89a762414f228621ebf73186df0aabed,delivered,2017-11-23 00:09:51,2017-11-23 00:18:26,2017-11-23 21:10:45,2017-12-16 18:15:56,2017-12-14 00:00:00
93e0e074b46eb5837fc8056c8e70710f,287e3d0a0a8910d94375eb917fce9743,delivered,2017-05-24 18:43:12,2017-05-24 18:55:18,2017-06-01 13:19:08,2017-06-05 10:49:46,2017-06-23 00:00:00
7a1ba14765ea354929894e667c06f386,d4fcd56a6eb869293c5da42565707dd9,delivered,2018-01-10 17:06:30,2018-01-10 17:31:51,2018-01-15 18:54:07,2018-02-01 20:04:01,2018-02-16 00:00:00
40637fde29a0a1715c3de8af636ff382,529e2914fca06d39d99c015fdfda82db,delivered,2018-03-24 19:18:45,2018-03-24 19:30:27,2018-03-27 19:29:01,2018-03-28 20:37:35,2018-04-09 00:00:00
1356d83749ce580e0dcd124b1b024a0d,070ce039abd117187ecf70994220c6d2,delivered,2018-06-17 11:03:08,2018-06-17 11:13:36,2018-06-19 15:42:00,2018-06-25 19:42:35,2018-07-17 00:00:00
6ea1fb8b83a7703077033993d1bdc5fc,301547793a0933aa10e383e3120c8396,delivered,2017-05-13 20:42:27,2017-05-13 20:55:13,2017-05-17 10:52:13,2017-05-23 09:57:03,2017-05-31 00:00:00
a4f79d60f934a1fdc35b009f9415a8b3,c10bf120819db436f6a28de06f8a309d,delivered,2018-04-15 16:48:15,2018-04-15 17:11:05,2018-04-17 16:58:11,2018-04-20 18:22:49,2018-05-09 00:00:00
afb622d96607d2d13ff0a4e8ae16486f,dde676391ba6490adc3c1c3b5454afa4,delivered,2017-12-18 13:20:40,2017-12-18 14:19:19,2017-12-20 18:20:14,2017-12-21 15:47:09,2018-01-05 00:00:00
88222a046146c4aab763e90b35ab4799,a11792b79fd20e5338e64d4f9b76cd22,delivered,2018-06-19 16:08:05,2018-06-19 16:45:27,2018-06-20 13:17:00,2018-06-25 18:12:14,2018-07-18 00:00:00
09eb1ae749fc79af3f5a2f4481efae6d,fec3ffb806136156a064284eca7d38b4,delivered,2018-03-08 11:11:29,2018-03-09 02:31:11,2018-03-09 20:32:13,2018-03-11 18:34:30,2018-03-21 00:00:00
00ed64bc080d87b4ab7f0c433bc5e98f,3e49d94c6d8ad4a1f5589db832772317,delivered,2017-05-30 18:18:36,2017-05-31 18:22:47,2017-06-01 13:57:49,2017-06-07 13:50:52,2017-06-22 00:00:00
2b6635f4dca63c44fdfa0de1c212a2ff,764b9171f58d54e6a590264a93b0c009,delivered,2018-01-25 20:35:52,2018-01-25 21:28:12,2018-01-26 19:42:34,2018-01-28 11:58:45,2018-02-09 00:00:00
ba8a2682e4b170d1b0f4f3507c2dddc5,4399de73b8c8afafb0134d5ccd8ff1b8,delivered,2018-02-06 13:09:15,2018-02-07 12:10:46,2018-02-08 17:49:00,2018-02-14 16:55:47,2018-02-22 00:00:00
c26f9883d70cd30a8ed31f950604f053,a3c921454d55b0fa07f6231d862a13df,delivered,2018-07-09 12:02:27,2018-07-09 12:15:14,2018-07-10 07:00:00,2018-07-13 19:51:31,2018-08-01 00:00:00
75d035594c312309908a318d046d712d,a3d76d50102f316892f29fed23c28e7d,delivered,2017-09-13 18:49:58,2017-09-13 19:04:17,2017-09-15 14:03:23,2017-10-11 10:15:36,2017-10-09 00:00:00
19d7044958c12e06f37926d4801eb2da,293cfc4bf7fcf2cae2e68b9d6f3b1a89,delivered,2018-02-12 11:49:55,2018-02-13 11:47:29,2018-02-17 12:18:35,2018-02-26 18:08:45,2018-03-09 00:00:00
350f47d61d589f6218bff053db95fe62,ec5ed55d0ce3f856a71dc2eb71e82cb5,delivered,2017-01-31 13:01:10,2017-01-31 13:15:08,2017-01-31 14:32:49,2017-02-09 16:14:22,2017-03-03 00:00:00
11302d4542ca6da5b505416f9e04f0a8,a06ff1b7fe5a96a9449fed853d1dc62f,delivered,2017-11-26 20:40:58,2017-11-26 20:53:40,2017-11-27 16:43:14,2017-12-13 16:10:10,2017-12-20 00:00:00
d1e6101240177b6312dd56545b949286,9f573546705ce518ade57eace27881aa,delivered,2018-06-19 12:21:11,2018-06-20 02:55:05,2018-06-22 13:56:00,2018-07-03 17:17:46,2018-07-16 00:00:00
5ff6b1218c59006ad453dc0f33c70ec2,7f3cdf6539fdd87133286b5456b91ae1,delivered,2017-06-17 23:50:22,2017-06-18 00:47:03,2017-06-21 14:13:18,2017-07-07 20:52:47,2017-07-11 00:00:00
8548d37748337533fac944d6412db320,25f039e34f6ccd860e4d6ca74ca53e7d,delivered,2017-12-28 21:31:36,2017-12-28 21:39:22,2018-01-03 21:44:45,2018-01-09 18:37:09,2018-01-17 00:00:00
3628a5f953fb9bc719fcffc18e639459,f01af9e3db8091eb666027f5caba496d,delivered,2018-02-23 14:43:35,2018-02-23 14:55:37,2018-02-27 16:34:07,2018-03-01 18:44:46,2018-03-12 00:00:00
3e2e0c0d125ba0b63ecec3768508fbfa,6805e3b2ee357e4c1e4f03376a7766d5,delivered,2018-07-23 19:25:21,2018-07-24 10:31:41,2018-07-24 13:47:00,2018-07-27 18:51:45,2018-08-10 00:00:00
38cb813a638594505086f338bb5d4cae,b964c2f3a1d4cafb7d6f0ea22fd7c62d,delivered,2017-11-21 17:09:44,2017-11-21 17:17:27,2017-11-24 22:22:05,2017-12-19 23:55:29,2017-12-14 00:00:00
101157d4fae1c9fb74a00a5dee265c25,f72b2f8d9295ef93fd40a4c49f67a42b,delivered,2017-04-03 07:54:34,2017-04-04 08:02:26,2017-04-12 08:58:13,2017-04-13 21:08:08,2017-05-02 00:00:00
c96bee3fe3caeb224420da7bc815b0fe,7d4c5b3d468dc1b5f54f9926cc5a172d,delivered,2018-07-19 07:38:53,2018-07-20 04:55:27,2018-08-06 17:01:00,2018-08-10 23:06:47,2018-09-03 00:00:00
8f7075f9808a783f9794cf5f7e1860d5,ed3b435e402f52f7895ef9d01d8e2e2b,delivered,2018-02-13 16:57:36,2018-02-13 17:10:20,2018-02-14 23:55:06,2018-02-21 18:59:09,2018-03-07 00:00:00
2c32c97550e1aef2feba6d0bfa3e2c37,e4d05d77e9e6f1f1a807193af43e22d8,delivered,2018-02-19 15:19:22,2018-02-19 16:46:53,2018-03-14 11:54:21,2018-03-14 20:59:55,2018-03-09 00:00:00
15b8b016ac9b68e6737f1b5eefaf6bc5,640e589dd01329c66abd6e6342abb903,delivered,2018-07-09 19:07:40,2018-07-11 03:06:05,2018-07-11 15:07:00,2018-07-12 20:51:36,2018-07-18 00:00:00
8dfe2458a3fe7978343edf962990b9ba,70cc0d7738ee00ffd828c5962645126d,delivered,2018-07-12 18:25:55,2018-07-12 18:43:54,2018-07-16 14:09:00,2018-07-20 23:48:44,2018-07-26 00:00:00
a1c02a2ec3f8c8cbcc331d3426ad57bb,54219e69237531217da7b034db98a654,shipped,2017-08-02 16:29:57,2017-08-03 16:55:10,2017-08-04 16:22:22,,2017-08-22 00:00:00
ca30221c79e8dbd7ece2df810c1969fd,4d6a266d51ab154c329ecdeb33c0fb45,delivered,2017-12-07 17:11:59,2017-12-12 03:54:25,2017-12-13 19:06:37,2018-01-08 14:49:03,2018-01-05 00:00:00
9511ef1eab4fe876363109171d924930,018a1c3096d2b2bf4a869cc213c03345,delivered,2018-05-23 09:56:51,2018-05-23 10:18:04,2018-06-12 09:14:00,2018-06-13 14:48:40,2018-06-22 00:00:00
8aa3fb1aeacb5920cedf4f8adab84b9d,2a2a72fc4ba566b8ef03e798c723e9ab,delivered,2018-08-24 13:33:02,2018-08-28 04:24:03,2018-08-28 14:39:00,2018-08-29 19:45:28,2018-08-31 00:00:00
1e963f721d264f7633716e84f2554f07,3c7715574eb863d82a63267e28c264c4,delivered,2018-02-24 18:22:44,2018-02-24 18:30:32,2018-02-26 21:56:40,2018-03-14 20:13:38,2018-03-16 00:00:00
f02c97921d050822b79ace5646299e12,d99e101fd894a11db5843aa5de2ca8d9,delivered,2018-07-02 20:15:38,2018-07-05 16:25:21,2018-07-04 10:48:00,2018-07-11 19:27:48,2018-08-06 00:00:00
edd9339c2bbb9d43caa9dd4984474273,bc549205ad91d6f739d807701f180953,delivered,2018-08-12 10:56:19,2018-08-12 11:05:12,2018-08-13 13:43:00,2018-08-25 19:26:51,2018-08-22 00:00:00
e1aa2b3ed8e11ded2633b9a5b34321b9,d629cbd97a483b5a37661e0a9b9db9e2,delivered,2017-04-24 18:48:00,2017-04-29 23:32:51,2017-05-03 15:51:11,2017-05-09 08:57:49,2017-05-15 00:00:00
19fca62dacb4d96e5e9b491e45ff2c8a,3059fc651e9f8e3a5701575e62f1ed1e,delivered,2017-12-18 21:47:55,2017-12-18 21:56:32,2017-12-20 18:38:58,2018-01-06 11:52:23,2018-01-11 00:00:00
90181a7780a0fa0a32d7449931661c2b,0e4c35fd643e6bca5958212bfaadee7f,delivered,2018-04-05 13:12:34,2018-04-05 13:29:15,2018-04-05 22:38:39,2018-04-13 22:22:25,2018-04-26 00:00:00
7b87733793ed5fda5792b830c3d9c854,b25460803232046ec91c399070801d95,delivered,2018-05-01 20:11:15,2018-05-01 21:02:18,2018-05-03 13:49:00,2018-05-11 00:38:32,2018-05-30 00:00:00
e382242987ad58b7b31cabfa549b2cf4,db9854636bcddf1f6a5b1bc3f1133c52,delivered,2018-08-23 14:56:03,2018-08-23 15:30:17,2018-08-24 12:51:00,2018-08-28 14:28:27,2018-09-03 00:00:00
8edc3a87d7a72e4350d65c9e1c613089,72139f6cbf524640d2427b29fc084c15,delivered,2017-06-08 13:53:33,2017-06-09 14:02:08,2017-06-14 14:44:08,2017-06-19 15:33:41,2017-07-03 00:00:00
247d40d57494c99a2d2112878041d45e,e3974693d9b53a66adef4344fd921dd1,delivered,2017-11-16 13:19:25,2017-11-17 04:10:29,2017-11-21 11:15:34,2017-11-25 11:09:05,2017-12-11 00:00:00
4a47b1dd5336773ce156b344b1f2aff0,25ebf9efb39e9dc48d6c51a9896af9a5,delivered,2018-05-15 21:35:18,2018-05-15 21:54:09,2018-05-16 15:06:00,2018-05-17 16:03:06,2018-05-24 00:00:00
1137c5577a907523cb35ea043a976835,0d6541fbb2e3cbc0258137317ce89e4d,delivered,2018-01-28 13:40:17,2018-01-28 14:00:13,2018-01-30 17:57:00,2018-02-02 01:12:50,2018-02-14 00:00:00
961d9edd490f2f6b29335d332e96f57b,57d000e7597dcc539927d4f7400da3a1,delivered,2018-04-19 09:51:38,2018-04-19 10:11:50,2018-04-19 21:05:52,2018-04-21 21:12:20,2018-05-03 00:00:00
ff18b518679a92dcb00e16fae93c6d59,74bff367924485ad26b79d31e5623874,delivered,2017-10-29 16:15:04,2017-10-29 16:31:44,2017-11-03 18:36:52,2017-11-28 18:55:15,2017-12-01 00:00:00
4f47419e65cf0a0ad0d769a6287fc6fa,e67cb1a64f6d90b3b8b9c78cdfe91dca,delivered,2018-03-15 17:02:08,2018-03-16 17:09:23,2018-03-21 01:52:21,2018-04-02 20:02:35,2018-04-09 00:00:00
703ef7c6795e0ee91cff038a9a81abb5,2a7157032d44a7a8d9921d7eb66c4f76,delivered,2018-08-01 13:03:14,2018-08-01 13:40:17,2018-08-03 14:40:00,2018-08-08 02:04:20,2018-08-13 00:00:00
12cfc50e5dd5eb78bd329c22b46da0b1,a43be428f03e58fe060cbc93599c1881,processing,2017-06-05 12:13:39,2017-06-05 14:31:23,,,2017-07-10 00:00:00
a8c151e54e03b53004b0e1c8e7bc033d,f2124e5103115cd6f588c973edb51c1d,delivered,2018-06-05 20:44:03,2018-06-05 20:55:32,2018-06-06 15:19:00,2018-06-07 18:57:39,2018-06-29 00:00:00
1161d05f0e6a5950019ca1707ab080bb,fa27b16679149e27c6a790bdfb1e41f0,delivered,2018-06-28 14:49:56,2018-06-30 02:52:25,2018-07-03 05:44:00,2018-07-05 21:57:37,2018-07-18 00:00:00
f7666cba3dd9242a500443d3a1c9ad46,a9eb02e9f40e3a259d1f75a63cdc0bf6,delivered,2017-11-08 23:42:09,2017-11-10 16:33:24,2017-11-14 16:02:15,2017-11-22 18:22:54,2017-12-08 00:00:00
283750dc507f662a3e9cf4fbfff68030,201b58d5423d38890b0a7b833be416d6,delivered,2017-11-21 14:09:39,2017-11-24 14:32:52,2017-11-27 15:42:31,2017-12-06 21:51:53,2017-12-19 00:00:00
13525797d8c75a8c92126b1efe3f1e1a,2ece872ba55850fa34315a05b358ef65,delivered,2017-08-22 22:30:55,2017-08-23 00:32:32,2017-08-23 14:44:02,2017-08-31 20:07:56,2017-09-26 00:00:00
01cf88c5fb4298435526a5995720807a,a1f63365b87dc9cebf0baa24bc8c6b7e,delivered,2018-02-06 09:47:52,2018-02-06 10:11:45,2018-02-09 13:56:45,2018-02-14 20:49:07,2018-02-22 00:00:00
469872bf23abc5c0ce6db24fd6fec382,4e6fbf386c2076b95813eea3cb438a14,delivered,2018-05-01 14:43:35,2018-05-01 15:12:19,2018-05-03 16:30:00,2018-05-14 17:28:21,2018-05-29 00:00:00
6374351beffca74fbbeb17865a05d86b,9f209637de7cee1f43fdf082fb7795da,delivered,2018-03-16 15:56:24,2018-03-16 16:10:35,2018-03-19 19:17:46,2018-03-21 12:51:33,2018-04-03 00:00:00
b9581bf1b646f4fc021b131e1ca4d034,1fb9f3e7704d50dd72f6adfd4f6d8ffe,delivered,2017-01-25 22:46:24,2017-01-25 23:02:13,2017-01-26 13:41:21,2017-02-08 09:26:01,2017-02-22 00:00:00
c118773394d9e3b4d9fbfcb61838a14f,acfdd6d7bd76f2e04b7abc4d0f03f4bb,delivered,2017-07-24 11:34:14,2017-07-24 11:45:12,2017-07-27 19:12:21,2017-08-02 17:42:22,2017-08-17 00:00:00
3ecc3564cd9c6190ef2a103f37351bb9,00314f95a054231742e3c5396b333b88,delivered,2018-01-08 19:29:38,2018-01-08 19:39:28,2018-01-09 16:19:25,2018-01-10 18:59:05,2018-01-24 00:00:00
d8893f2dcbccd15e2dd6d29ef69636ae,7ad617e6ff464708e7731f6f31e68fb6,delivered,2017-07-19 20:35:27,2017-07-20 02:11:04,2017-07-20 18:56:34,2017-07-21 20:13:49,2017-08-01 00:00:00
bbcd5aaa84b5c7ef86c0a723182d7a3a,b5957b87d70d3b09ff0859bac2d2f12b,delivered,2018-07-10 16:00:51,2018-07-10 16:10:18,2018-07-12 14:41:00,2018-07-16 10:39:54,2018-07-26 00:00:00
2d021148258852ee21ec94ddeb0dbe3a,8ee87572536d519bc74c166ace05e501,delivered,2017-04-11 13:00:31,2017-04-11 13:10:16,2017-04-12 11:55:53,2017-04-22 09:04:00,2017-05-03 00:00:00
ff763b73e473d03c321bcd5a053316e8,b3ccdcf4515c471ee23d784c4d9948be,delivered,2017-10-21 15:54:51,2017-10-21 16:14:13,2017-10-24 18:55:06,2017-10-31 19:16:03,2017-11-13 00:00:00
60c9450e414b5c1a71cf9034cd62ae29,592b8900e0e8325027d885e6d30d0283,delivered,2018-06-29 21:32:12,2018-06-29 21:50:36,2018-07-02 14:24:00,2018-07-06 14:27:49,2018-07-24 00:00:00
6a756c298a96106ab0907b1b1df28e31,0099a73bb9e6010fad1106f3dbadfc1d,delivered,2017-04-17 11:34:34,2017-04-17 11:45:19,2017-04-18 14:36:29,2017-04-27 14:46:24,2017-05-08 00:00:00
dbb7f86dc307d8ecb2cef71947ffb5df,fe9db57b1fe84352125989acb12d3c68,delivered,2018-04-12 12:43:09,2018-04-13 13:30:08,2018-04-17 19:51:33,2018-04-23 17:42:24,2018-05-11 00:00:00
dc1d41f0e6212d99f654cf8177510110,5026e71982586c2780328aff17994405,delivered,2017-03-08 17:49:50,2017-03-08 17:49:50,2017-03-10 09:55:05,2017-03-15 12:19:13,2017-04-12 00:00:00
298359155fc403a1c0f4babf75d157bd,d29b98891dd9358ad1ae903e19531100,delivered,2017-04-20 08:47:18,2017-04-20 09:01:50,2017-04-22 07:17:50,2017-04-27 16:20:53,2017-05-12 00:00:00
a06cb1b486cee3a35945a90947663f50,fb1f203e3f272e2b221f7192ae0d16a9,delivered,2018-05-21 21:49:53,2018-05-22 00:32:49,2018-05-23 13:05:00,2018-06-06 19:21:25,2018-06-11 00:00:00
213014b043512462e21606eccb1a4aae,e5db9d4fb808c1d1a656dec250ca61ac,delivered,2017-12-01 08:49:02,2017-12-01 11:31:59,2017-12-01 21:32:14,2017-12-03 16:12:30,2017-12-19 00:00:00
d579ba069db1e48f36231244a9a83736,44d7a0bb55a00642fc8e3c525e47aa70,delivered,2017-07-05 10:55:06,2017-07-05 17:39:38,2017-07-11 20:29:24,2017-07-14 16:15:46,2017-07-26 00:00:00
2d1cb92fb25bb7a7b1ecb0373c0d05f7,4c14a6a902df9ab457b0cef46b8b7572,delivered,2018-05-16 10:45:46,2018-05-16 10:55:25,2018-05-17 13:43:00,2018-05-18 22:12:44,2018-05-24 00:00:00
030e558867da892772c999f60d09e854,e216f6d4144d83b469cdf8c4acb1ce28,delivered,2017-11-30 23:24:16,2017-12-01 10:31:12,2017-12-04 22:27:00,2017-12-18 21:14:48,2017-12-27 00:00:00
21b395301d11765dc88d8eca4c75d0ff,4cdfed32e329c00040094d50c0d0b093,delivered,2018-02-26 20:20:52,2018-02-26 20:30:53,2018-02-27 19:43:11,2018-03-02 23:22:08,2018-03-19 00:00:00
e67f76501c34f4adb5587ee50a6474c6,25216db0abfeac5dbfc9de3cecb2019b,delivered,2017-08-23 17:52:51,2017-08-23 18:06:53,2017-08-25 20:42:51,2017-09-11 22:26:30,2017-09-27 00:00:00
6f07b0ce1812870cb9c820fc295144e3,d609c53aceb2167b9371f4c1d0e803b1,delivered,2018-05-01 19:52:06,2018-05-01 20:16:03,2018-05-03 15:58:00,2018-05-07 20:50:44,2018-05-25 00:00:00
baaa695d9615743d39f6a5843ee0a4b6,9c37ecc155c2873cb1f780a10c4a8740,delivered,2018-06-03 23:09:33,2018-06-03 23:29:57,2018-06-18 14:35:00,2018-06-20 15:12:18,2018-07-23 00:00:00
9e7a2839a1ef01aaec67d94446617f92,a3229f7d276cba63c8b12a49f9239211,delivered,2017-11-10 22:01:50,2017-11-10 22:16:07,2017-11-17 13:16:43,2017-12-05 16:04:21,2017-12-18 00:00:00
877ea935e0ce1786032071a571b40cf3,ed82708d3a7577ce0f4c71c0de1f7a6c,delivered,2017-07-03 21:55:14,2017-07-03 22:07:29,2017-07-04 15:45:19,2017-07-13 20:12:21,2017-07-27 00:00:00
f418966cc0628d3b0e54c9c61ebd32f8,307085eda6b09cd096ee22c13a9f7ca4,delivered,2017-09-25 12:07:37,2017-09-26 03:24:34,2017-09-27 19:38:53,2017-09-29 19:23:04,2017-10-18 00:00:00
081081d7c1bab4679737b9254c3e992a,7e42f801c6588638f347d7590379e617,delivered,2018-01-05 10:23:18,2018-01-06 02:07:56,2018-01-06 15:37:29,2018-01-08 18:14:39,2018-01-23 00:00:00
ef6f8412396e4df61ff53a81e1c6a4a1,c4b6fd57fb3421002f1a926d2495a7c8,delivered,2018-06-29 10:44:17,2018-06-29 11:11:33,2018-07-03 13:39:00,2018-07-09 13:28:27,2018-07-25 00:00:00
7c018c94d1f3d9ac7affec4cde6e111f,4cc0e56158e69205fb2525a064f03313,delivered,2017-08-24 10:09:31,2017-08-25 02:50:31,2017-08-25 18:39:53,2017-09-14 23:47:19,2017-09-28 00:00:00
af3afcbdb956d1e158a0cb3ebd336d84,0d3de1ee03eac4a173c6fb49f396ecf3,delivered,2018-04-22 14:40:52,2018-04-24 19:18:09,2018-04-23 18:33:37,2018-04-30 22:52:31,2018-05-18 00:00:00
a4bfde08f83dafe9237a6f1890d097b1,b67348757e7a40df8d5206f94fcfb022,delivered,2018-06-06 22:02:54,2018-06-07 08:33:43,2018-06-08 12:30:00,2018-06-22 15:12:06,2018-07-17 00:00:00
7bdcc57ef2c5e733958853f9667a2c9d,21a8a91514af3eb4ddc5b2c500b19a4f,delivered,2017-06-25 12:28:45,2017-06-25 12:35:25,2017-06-26 12:38:36,2017-07-04 16:12:05,2017-07-20 00:00:00
1af002e4d9365a7809af4290ffccbc39,f51d104f314dfc7fe1fd9af2c6981a77,delivered,2017-09-01 20:08:04,2017-09-01 22:25:44,2017-09-04 21:15:47,2017-09-12 18:35:56,2017-09-26 00:00:00
f02487424b729284accf169173a4c240,4ee0a72b930299554e3075347735147e,delivered,2018-07-25 22:04:50,2018-07-25 22:24:32,2018-07-26 09:51:00,2018-08-02 19:45:54,2018-08-14 00:00:00
ee84f723ba16fe4a20bac5b9aea95e76,44e67e615be0629acdfa7e1f95170198,delivered,2017-06-29 20:29:43,2017-06-29 20:45:10,2017-06-30 14:19:58,2017-07-12 21:04:21,2017-07-21 00:00:00
4cc1cf702abc75af4f48044d526062db,12b71efa350b860b4bd987771b9c6b4e,delivered,2018-02-14 15:36:39,2018-02-14 16:20:21,2018-02-15 00:35:21,2018-02-21 19:08:19,2018-03-09 00:00:00
1c82977a662054f8170766914b02e7ca,4bf0847bb4f39b38234bca0fef95c35b,delivered,2017-11-01 17:18:00,2017-11-01 17:31:14,2017-11-08 20:15:10,2017-11-17 22:34:49,2017-11-30 00:00:00
cdce44545e4b01bf3773be33c0e04ec4,63dfe11df76c3bb1ad0df4399e484b02,delivered,2018-01-12 22:09:40,2018-01-12 22:19:32,2018-01-15 19:51:48,2018-01-31 23:03:58,2018-02-06 00:00:00
0e767a1aa94def2bf5f3520ddb1dbe96,4f7394fa44675491f04d30645b7bb46d,delivered,2018-02-19 21:15:03,2018-02-19 22:27:05,2018-03-02 21:05:25,2018-03-05 19:18:55,2018-03-19 00:00:00
826a9236d33be907c46cf80986795f73,d5f5d054890a6ba9682dc18bc287daf8,delivered,2017-08-12 17:05:43,2017-08-12 17:23:46,2017-08-15 12:09:30,2017-08-22 19:34:45,2017-09-05 00:00:00
ac4b7ecdaaa68d5c37e626e9a1f49005,4551d3400f68fda36d0062727b26c04b,delivered,2018-05-03 22:54:21,2018-05-04 21:35:17,2018-05-09 08:25:00,2018-05-24 03:27:19,2018-06-12 00:00:00
cc9f8b649443008d4222c7255fbc7454,0b95c7c3e55a8aa954c1134686674215,delivered,2018-08-11 14:55:10,2018-08-13 12:25:16,2018-08-13 14:46:00,2018-08-16 16:28:26,2018-08-22 00:00:00
ae22782cf445d844e7347f15faf491bf,b623b283570ddf4563b7e2048ed5e179,delivered,2017-03-20 14:54:17,2017-03-20 14:54:17,2017-03-21 14:38:22,2017-03-27 16:13:09,2017-04-10 00:00:00
cfdf81381a8bc683d8905713f2ed6614,afcdda93587653c0d1a7496c2aa34600,shipped,2017-04-26 21:43:26,2017-04-26 21:50:22,2017-04-27 11:03:52,,2017-05-26 00:00:00
2abdeb2a279a7199a59ee4c87dbf1e9b,25dedc56c91c3d862dc5a86d701c8f92,delivered,2018-05-07 21:44:50,2018-05-07 22:12:08,2018-05-10 12:27:00,2018-05-16 15:41:23,2018-05-25 00:00:00
bc2e9d05db85d8bdb5e4e7452086e00f,ea229107a6c42936eb9b5381d4ded0d4,delivered,2017-12-24 12:28:09,2017-12-24 12:39:29,2017-12-26 23:41:27,2017-12-27 13:23:16,2018-01-16 00:00:00
ede9991379672ca99196a7e9363e984c,3eab24a1a33e742785f4f5b3360dc89b,delivered,2017-09-10 22:24:53,2017-09-10 22:35:21,2017-09-12 20:47:35,2017-09-20 20:59:00,2017-10-05 00:00:00
a08091683d8adb340e3b204a12e48b02,bb633302ed9e9ab6619faf5f96beeb57,delivered,2017-12-31 17:23:20,2018-01-03 04:34:25,2018-01-03 16:59:01,2018-01-19 23:14:28,2018-01-24 00:00:00
99ecc26c0bd07bc0cbf2bc4fd1c6e3bc,6c52d1aaad35c3878fb89380edbaa95f,delivered,2018-05-08 13:51:38,2018-05-08 14:15:51,2018-05-11 13:42:00,2018-05-19 13:41:58,2018-05-30 00:00:00
95ec4886946c5ae0d453e95648834ac6,4d6e5853d03242e53d3d2e10af61ffeb,delivered,2017-12-03 19:15:57,2017-12-05 19:15:23,2017-12-08 17:33:54,2018-02-01 02:04:09,2018-01-02 00:00:00
a59fb8ccaa86ed1735609ef562f2c6e7,eeabcb01e63849e3bbf72d5d7aaf564e,delivered,2017-11-18 09:23:02,2017-11-19 09:15:27,2017-11-24 17:08:06,2017-12-06 11:38:41,2017-12-14 00:00:00
63a737026bbe83be3d56d70c83923ebd,15f8be16ba77d8e70fa6c968fefb8a17,delivered,2017-05-23 22:34:32,2017-05-23 22:45:11,2017-05-26 08:53:39,2017-06-01 07:24:46,2017-06-14 00:00:00
aabef7825827b312f3daca39aa009810,5e2fd9105b20aa239cdb39f9cb5fe997,delivered,2017-09-24 17:16:51,2017-09-24 17:25:15,2017-09-25 17:17:52,2017-10-06 17:42:27,2017-10-17 00:00:00
4780bb3ca4c85d0e4dffd6cd2b6d6201,9560652bb7a2fc53986d0063e1171fe4,delivered,2018-08-17 08:59:55,2018-08-17 09:10:13,2018-08-20 13:34:00,2018-08-23 20:58:41,2018-09-11 00:00:00
7f438a7265492dc79496a5fa80f7e5d3,c38fe9f0ed142a995885041fe9db52cc,delivered,2017-10-14 11:58:43,2017-10-14 18:34:40,2017-10-17 19:07:48,2017-10-24 22:57:44,2017-11-17 00:00:00
53ec23d3e71b749fd840c22675065007,8338b4460e3b0a968cafd391715d6ae4,shipped,2018-07-10 21:19:18,2018-07-10 21:35:18,2018-07-12 15:13:00,,2018-08-10 00:00:00
cc5f59166954a429c36ff20587189709,fb74b7ef4e399a62e618da53d1bdc6a1,delivered,2017-04-08 09:16:02,2017-04-08 09:30:15,2017-04-10 15:19:58,2017-05-02 16:01:11,2017-05-16 00:00:00
2414366ce919fcb8e0f47caeb95e580c,3c4e7bffe8b3445dee2d901811f44b25,delivered,2017-12-14 04:54:58,2017-12-15 02:17:11,2017-12-18 15:09:41,2017-12-19 13:25:13,2018-01-03 00:00:00
016befe103ce7c9e5b1b7ef359777eea,15f3f60c0575a9f2a7d5434f7b8a7692,delivered,2017-09-03 10:11:52,2017-09-03 10:25:18,2017-09-04 15:21:55,2017-09-11 14:36:51,2017-09-21 00:00:00
b2947cf9a8d3084369dfcbe9663dd545,554e72ada8751c515ab293a7605b530e,delivered,2018-08-24 17:52:59,2018-08-25 04:05:18,2018-08-27 14:54:00,2018-08-30 19:38:28,2018-09-06 00:00:00
59118abb5690ca1f5c31a26b1b7b7534,6d418d791c35525053afac2ad7fc0b5b,delivered,2017-11-30 19:12:21,2017-12-01 09:30:51,2017-12-05 19:22:09,2017-12-15 00:22:04,2017-12-26 00:00:00
5bd5f0a2e24b51f1d1d6e855f9f03e3d,41adeff6ad4868b175f8bc77e2f9d29e,unavailable,2017-09-05 11:45:52,2017-09-05 12:04:11,,,2017-09-26 00:00:00
2f7ceb78f49fb7b42a6d5a42711fba04,1eee689f04eca7cc238a23b1e581123e,delivered,2017-09-11 22:20:34,2017-09-11 22:35:15,2017-09-13 21:27:37,2017-09-25 17:48:43,2017-09-29 00:00:00
15e097de1b936c739e7815d50edbb994,1cc7a08030ec2928cd06b4d38a84fda5,delivered,2017-06-30 12:53:42,2017-06-30 13:05:21,2017-07-10 14:29:46,2017-07-19 18:32:50,2017-08-01 00:00:00
77c8db7df9de4c8788b211bf6a67a2f2,1a97758f605b6e7eb4d4f67754e746bf,delivered,2017-11-17 13:00:01,2017-11-18 13:45:57,2017-11-22 00:48:44,2017-11-29 22:29:00,2017-12-18 00:00:00
a5c523f7f14f85ee88f26643f9a99e66,2eb2a590dcf23de32cfc84e71fa5a8df,delivered,2018-06-11 08:17:50,2018-06-11 08:31:46,2018-06-12 05:59:00,2018-06-15 20:26:29,2018-07-03 00:00:00
6733b557402fde0eb490241ee15fb252,6b66eea7af01cbbfefab58b5537549e1,shipped,2018-04-18 13:54:59,2018-04-19 13:52:09,2018-04-21 00:24:40,,2018-05-15 00:00:00
aa42ef5836ab019b44061dc0531788e2,da722aeb208a338524582eb7f7400b1f,delivered,2017-07-15 19:39:32,2017-07-20 15:04:11,2017-07-28 20:17:30,2017-08-07 17:08:21,2017-08-08 00:00:00
3f0541d009d20e9a244f3bb2ebf07f8f,accdad8ab1a62db957ffcefa272667a0,delivered,2017-11-16 18:57:18,2017-11-16 19:15:45,2017-11-20 22:18:45,2017-12-28 20:17:33,2017-12-15 00:00:00
9c9c501f71dcf81d14d006826972733a,dcaf07e3a9f02fc90047423e71eaf73f,delivered,2018-06-29 11:43:13,2018-06-29 21:10:37,2018-07-06 07:58:00,2018-07-13 13:06:53,2018-08-02 00:00:00
1db1615a718127dbe9a9fd7546b893a9,f15f4f73e287b4b7888e4eebc800a771,delivered,2017-02-28 22:19:45,2017-02-28 22:30:11,2017-03-03 15:10:17,2017-03-09 12:22:45,2017-03-30 00:00:00
aa58df9711205e09b4ef6d704db7871e,ceead79d927539feb1a27e3ec80cac36,delivered,2017-01-23 19:32:40,2017-01-23 19:45:12,2017-01-24 10:10:39,2017-01-27 13:32:28,2017-02-28 00:00:00
47931ec6c22052d640b0bca09c93468c,61ac57fc4b3d70670bcea0a84026433c,delivered,2017-08-31 09:12:51,2017-08-31 09:25:15,2017-08-31 19:33:51,2017-09-06 21:52:22,2017-09-25 00:00:00
d3eea305452cf0bcad06beb48735dbd9,39fa7824ffb1f851a35059b1329d3d6d,delivered,2018-07-18 14:29:55,2018-07-18 14:45:17,2018-07-19 08:54:00,2018-07-25 20:04:59,2018-08-06 00:00:00
342eb2ed8a3ee22f8d57f5ebcc5a4878,9a4e8baf114d19db444cbef9711f9536,delivered,2017-06-03 09:55:23,2017-06-03 10:05:14,2017-06-08 09:45:35,2017-06-29 14:41:44,2017-07-10 00:00:00
bb3cb6cfa76f900629c74757839ffb96,e3aa1c67a121b160fd71fa74ff43591a,delivered,2017-08-30 08:45:27,2017-08-31 02:50:38,2017-09-04 18:47:54,2017-09-26 20:51:36,2017-09-28 00:00:00
20b2b93a5f0525645b5878cb139f8c5c,e9d262259915d573a19866fc07d862e5,delivered,2018-04-23 11:02:08,2018-04-24 18:46:53,2018-04-25 12:24:00,2018-05-03 19:52:00,2018-05-29 00:00:00
093a09a0bc3967dca46180c7bfe3aa29,4a085ed25db023c6efb5f7d9708385ec,delivered,2017-11-09 17:53:38,2017-11-09 18:06:00,2017-11-10 22:28:48,2017-11-20 19:29:03,2017-12-04 00:00:00
8c3337e8848790574f8d28f6591afbb3,39dc149fdb93549f7445ba0f18056f99,delivered,2018-08-03 16:04:18,2018-08-03 16:15:15,2018-08-06 09:25:00,2018-08-13 21:09:51,2018-08-27 00:00:00
fef03ab88c27c81b7561d599d4018589,2377f0ab6ec35bfb27b16f460964b62c,delivered,2017-09-21 22:39:39,2017-09-21 22:50:10,2017-09-26 16:41:52,2017-10-02 15:58:22,2017-10-13 00:00:00
992820d1ce536d61c8eecb0352245944,b023177e6578e0db0921a55e11746091,delivered,2017-07-21 18:22:29,2017-07-21 18:30:17,2017-07-24 17:25:53,2017-07-28 16:16:40,2017-08-14 00:00:00
403ba4b294a085191de623779e866fb6,348322e3990d211b56ab785310ffb087,delivered,2017-08-14 14:13:18,2017-08-14 14:30:27,2017-08-15 18:52:59,2017-09-01 12:43:03,2017-09-08 00:00:00
41b03a6bad9f1feda28efccd5e428117,9b25c5c00e0f24ef535c3638d1a8781e,delivered,2018-08-12 17:55:59,2018-08-12 18:05:19,2018-08-17 14:57:00,2018-08-23 19:59:08,2018-08-30 00:00:00
e2befdaf3bbc55ccc94e3261522e80a2,44621e922dd01021f7d538df78e2f481,delivered,2018-07-20 15:01:59,2018-07-21 14:55:20,2018-07-23 12:00:00,2018-07-28 12:46:36,2018-08-06 00:00:00
10f25cfbf408acbf806f6d86537b0bbb,2ebe5a19fa6072db3987a9e074fc1adc,delivered,2017-08-29 23:47:27,2017-08-30 00:04:21,2017-09-06 23:17:00,2017-09-18 21:04:12,2017-09-26 00:00:00
2187a89df025d844e72cfc51e29dcd6c,7b633708bc80fd33de7fc84fd3d8b8d6,delivered,2018-04-02 23:40:14,2018-04-04 03:15:27,2018-04-04 20:37:19,2018-04-30 15:42:22,2018-04-23 00:00:00
33ceaf4ebfd2f04f54236b86d61c8770,d7caeb61acc60fc161dcf2b7b57387fb,delivered,2017-10-17 12:43:22,2017-10-17 12:56:41,2017-10-18 18:13:54,2017-10-30 18:22:12,2017-11-16 00:00:00
130d27e7e69cabe35e3fa920f6b4664d,baa10af7b2ce404a0a78f7b63aa6d4d8,delivered,2017-04-16 19:32:11,2017-04-17 17:10:14,2017-04-19 08:16:33,2017-05-20 08:44:34,2017-05-25 00:00:00
3b729521034317529479f3501a6bd163,bb8607629a740b228f1c4f5006391311,delivered,2018-06-24 11:22:10,2018-06-26 04:35:11,2018-06-27 10:59:00,2018-06-28 21:50:50,2018-07-05 00:00:00
355bd8313052b9af88c46a7be6d73003,250e5bd4f8a6b594bd1579ae588fe649,delivered,2017-11-30 19:10:36,2017-12-02 19:10:44,2017-12-05 21:28:11,2017-12-08 23:13:49,2017-12-22 00:00:00
7a2dc95ee0da0f352df3379029aef42f,d5aeb3e4c838d32937c36e7e1bbb6095,delivered,2017-07-28 09:30:30,2017-07-28 09:45:11,2017-08-04 18:57:31,2017-08-14 22:03:15,2017-08-17 00:00:00
0f22023f3788f79238d089fb4277f82e,2f78db89ad83714c553069545f054582,delivered,2017-06-05 17:11:33,2017-06-05 17:22:27,2017-06-07 11:23:05,2017-06-16 11:43:53,2017-06-29 00:00:00
b102bd85a512706d851455e8fc6164c2,cbc728435cce4530845da6432ad8a388,delivered,2018-05-13 22:22:52,2018-05-13 22:35:14,2018-05-14 14:56:00,2018-05-17 22:06:49,2018-05-28 00:00:00
b1b02423c1a2d067772f1f5ae08361ca,28b44d183909fb96974c808633c4ef26,delivered,2018-02-22 09:13:43,2018-02-22 09:29:29,2018-02-22 21:42:09,2018-03-07 00:58:33,2018-03-15 00:00:00
56bafc014f8ed2f34cfe598592c65fd8,a09ea792622cb7d5b7b82010333d8324,delivered,2018-06-18 09:08:48,2018-06-18 09:41:05,2018-06-18 13:03:00,2018-06-19 18:32:42,2018-07-11 00:00:00
2f5388320d50c267932142291f460b04,90d83362e857846656c08c619f3fee06,delivered,2018-01-02 17:12:03,2018-01-02 17:19:22,2018-01-04 22:42:09,2018-01-25 23:38:58,2018-01-30 00:00:00
153eba378857d7576dc5a338a1d3bbed,e1e9a97f176c04451c46043c257eae6c,delivered,2018-04-05 09:38:23,2018-04-07 02:48:14,2018-04-07 17:25:49,2018-04-10 18:08:28,2018-04-19 00:00:00
65965ba81b0ef223dc943f59bc230a68,bec0ce34553b64ea326bd553741c098f,delivered,2017-11-24 17:30:40,2017-11-25 05:10:52,2017-11-27 14:59:28,2017-12-01 16:29:36,2017-12-19 00:00:00
4dd7f2a626802cc8cd2460e18c8da8b8,bfc5d0939f558b9c4b5afa10be9558f1,delivered,2017-11-24 12:10:51,2017-11-25 05:50:50,2017-11-28 18:05:48,2017-12-14 10:51:35,2017-12-14 00:00:00
d58887281a80d1e9b471be2d2f0bc774,1946495189477ff31bbf21d70348e4ad,delivered,2018-02-12 21:24:45,2018-02-12 21:47:44,2018-02-14 18:42:26,2018-02-23 17:08:57,2018-03-14 00:00:00
caa881436bb7c0b6363644399398232b,ebdbfeeacdf735db5d354e2166254591,delivered,2017-12-13 18:11:29,2017-12-13 18:31:10,2017-12-19 17:19:26,2018-01-05 17:46:48,2018-01-16 00:00:00
8c24ab6e056330685aa0bc69893f0ff5,3da427671c767daf1646c5eea69acfcd,delivered,2017-07-17 16:04:40,2017-07-17 16:15:19,2017-07-18 14:47:40,2017-07-19 19:34:52,2017-08-11 00:00:00
27f7d43a44061f79fa0e259a3b9a7922,c96a1529c59cbf3fa1a38386f5458c0d,delivered,2018-04-22 21:26:51,2018-04-24 17:16:31,2018-04-23 23:41:42,2018-04-27 16:32:41,2018-05-15 00:00:00
24b2265078f470c6e64f81625408f93e,65670445ff86b5ac5bd223fed24d8f91,delivered,2018-02-01 20:08:01,2018-02-01 20:29:41,2018-02-03 00:38:39,2018-02-15 23:27:44,2018-03-27 00:00:00
8164479321ad8dee50301cba9250bf42,96628803e4a340206f049af5fff7c202,delivered,2017-11-21 18:59:56,2017-11-21 19:11:54,2017-11-28 23:18:52,2017-12-26 22:22:20,2017-12-11 00:00:00
866ee8efa015a0dbacb8c2628096a8c4,87b45e61c9e0756eef3e23c7de7d84d7,delivered,2017-09-13 11:11:12,2017-09-13 11:25:23,2017-09-15 17:57:39,2017-09-26 21:48:46,2017-10-04 00:00:00
fdf440c2e9c4b940d8bac16acb13c7c0,4dd4748bbf9162e4690fbce101637368,delivered,2018-02-24 16:58:46,2018-02-24 17:10:22,2018-02-26 15:22:05,2018-03-08 23:23:31,2018-03-19 00:00:00
0cd218949b04611711989a6b534d9a26,cae389249163795aa33fe9b7b28dc22b,delivered,2018-02-18 13:36:51,2018-02-18 13:46:39,2018-02-19 22:22:51,2018-02-27 23:42:15,2018-03-16 00:00:00
ec6f5d9c57b5c2e41ba3ac018391ed7e,ad952f398d652ee56946d467e18fab80,delivered,2017-12-18 11:34:32,2017-12-18 12:35:32,2017-12-19 22:53:15,2017-12-27 20:22:22,2018-01-05 00:00:00
730dc1ff917580e99d067d00abaccaef,33372bb48ddea1b0e47e44a1b5c72bb1,delivered,2018-02-04 17:23:52,2018-02-04 17:49:18,2018-02-06 16:24:50,2018-02-14 17:57:34,2018-02-22 00:00:00
d4b97a63d751219f528e5c3067341564,da432f82dd35cf00fb08da4a18150c82,delivered,2018-05-21 22:43:47,2018-05-22 02:15:40,2018-05-22 10:47:00,2018-06-12 23:03:53,2018-06-05 00:00:00
b89b697cf1384ba59f3ce56bc8d28cc6,c5279c1aed890b6931837dda06d188c9,delivered,2018-08-09 20:25:37,2018-08-09 20:35:14,2018-08-10 15:29:00,2018-08-15 16:07:46,2018-08-22 00:00:00
f0c8ddc6f3738f7bb122c0250983a494,dce677bd5ee1fdd44dd3dab91f9ab846,delivered,2017-10-27 14:36:33,2017-10-27 15:32:52,2017-10-30 13:23:34,2017-11-08 12:48:48,2017-11-10 00:00:00
49e86652f7ea8a48b2306abdd5aa5708,37c117383b391157a1e253b395d73cee,delivered,2018-07-13 17:00:17,2018-07-13 17:30:35,2018-07-17 16:17:00,2018-07-23 17:58:47,2018-08-27 00:00:00
fc6e4c97f5307e9c1bc0797a45e40cbf,b195b30a0c289a41ee810335d3c06364,delivered,2018-03-14 17:57:56,2018-03-15 17:55:41,2018-03-16 21:10:51,2018-03-17 20:28:44,2018-03-26 00:00:00
41efbbf74c4dc9530e8ab1e0c3f947c0,98ebf1c15712e7bc455d7cf9130f3f62,delivered,2017-11-14 01:44:33,2017-11-14 01:55:23,2017-11-14 18:49:56,2017-11-16 21:24:38,2017-11-28 00:00:00
9b1648c7cc0c6b1ff9b380903bb559be,2fec052eee9bd6a5fc6dc32b34af0032,delivered,2018-08-01 22:15:19,2018-08-01 22:30:13,2018-08-03 16:10:00,2018-08-07 22:38:29,2018-08-13 00:00:00
6f8607cd0ebba75f55b2ce01a1250963,b34983585f48f0c976e7694292618592,delivered,2018-08-07 11:02:05,2018-08-07 11:15:22,2018-08-08 13:19:00,2018-08-13 17:06:30,2018-08-21 00:00:00
9d1b185de3dfcc3ef01836acfbd1f7bf,59bf8a048cb15c62f37b7f28d1a251b4,delivered,2017-03-01 14:36:58,2017-03-01 15:02:03,2017-03-03 08:39:15,2017-03-27 17:07:53,2017-04-07 00:00:00
9f18c993eae62038ac5401de4f757054,01b8c0cf86a1a5e8653ccfddcf906862,delivered,2018-07-16 19:11:39,2018-07-16 19:20:32,2018-07-19 12:17:00,2018-07-30 18:48:36,2018-08-07 00:00:00
71b3bbe3087a538b8019ec4e1b8abf56,639765abfee30033871ec7049f354048,delivered,2017-11-26 20:48:20,2017-11-28 21:36:52,2017-12-01 15:07:38,2017-12-09 14:17:36,2017-12-26 00:00:00
92e3a3bff7261e031fc2901b229ce73a,2446493153fbd0d91d59db97bd08daf3,delivered,2017-08-01 16:29:10,2017-08-02 03:04:12,2017-08-03 18:49:44,2017-08-07 14:26:02,2017-08-21 00:00:00
53e7de93de0f500168f10be4d3ca4577,f230350626bdd370da5065ca995a4947,delivered,2018-05-11 12:09:09,2018-05-11 12:30:53,2018-05-16 14:12:00,2018-05-25 19:18:29,2018-06-04 00:00:00
f7364d7a775833b673741fad4d394512,18d7e766f8591ea90d03dd350e7d9dc4,delivered,2017-10-22 19:29:49,2017-10-22 19:49:19,2017-10-23 21:13:16,2017-10-31 19:43:56,2017-11-14 00:00:00
4d8660f18113eab64ba09d4eb4aa9ddf,460e0064a01d92dafdba00dbdbd4f3e8,delivered,2018-08-02 15:17:05,2018-08-04 04:24:06,2018-08-06 09:52:00,2018-08-09 20:26:38,2018-08-16 00:00:00
09c2b130b47b0d77f2217277de5fd140,9f7ba884a1a243a6b4240358bb703550,delivered,2017-11-23 10:42:29,2017-11-23 10:54:29,2017-11-24 23:29:15,2017-12-04 21:52:12,2017-12-26 00:00:00
f040548f17724acbc8219bf466b7fed2,93999476ae6be7517366ee903b0dbbac,delivered,2017-10-13 18:10:26,2017-10-13 18:26:46,2017-10-18 20:12:55,2017-10-31 14:47:32,2017-11-13 00:00:00
da2cc97da753fb9c1879a123c6b522f0,13eafd20487a83074d2571c9db223951,delivered,2018-04-19 10:35:15,2018-04-19 11:15:10,2018-04-23 18:32:26,2018-05-04 18:55:10,2018-05-17 00:00:00
8c24ff4b5a28bb8f08034fca0e4e1263,c86ba1fc25ab18f3109aeecf55e497d3,delivered,2018-05-06 16:56:31,2018-05-07 09:13:51,2018-05-08 09:14:00,2018-05-09 19:48:50,2018-05-16 00:00:00
608735d6dfa1f136c87b75aa53be1d11,fff25ab9d3c9ba6ad8119576f285a3d9,delivered,2017-05-04 11:08:52,2017-05-04 11:15:33,2017-05-11 15:43:24,2017-05-18 15:26:01,2017-06-07 00:00:00
4e89acaaa6801f3fddbd08b4258b2b6e,11bb6bf8b510e50d36ab76cd9b1f23ca,delivered,2017-05-14 23:25:20,2017-05-16 03:35:22,2017-05-16 13:13:09,2017-05-23 14:19:51,2017-06-02 00:00:00
b77fbccc98c4158a1c4e36c61597f015,a231b125960f091f4d3e96046f0b8bdf,delivered,2017-11-20 11:47:02,2017-11-20 12:11:27,2017-11-21 19:51:57,2017-12-22 00:19:08,2017-12-12 00:00:00
780ad1f62e8addd660006ff0a20c1e57,b1774630aab83ae3db66c76544c62a6b,delivered,2017-08-18 18:13:06,2017-08-18 18:35:06,2017-08-24 21:04:22,2017-08-30 22:48:03,2017-09-15 00:00:00
39a19ca7924c05b31bae58f41df9ebb5,8390bc1e3e8bb0980eeed9113b18ad33,delivered,2018-07-18 14:37:24,2018-07-18 14:50:16,2018-07-19 15:00:00,2018-07-23 17:38:46,2018-08-03 00:00:00
5820261a4aacfd67c653d120a4acdc46,ea9088633ce0a6828760d9a1d0de3e14,delivered,2018-01-11 10:55:26,2018-01-11 11:08:44,2018-01-11 20:43:55,2018-01-19 19:17:44,2018-02-14 00:00:00
7e800a21a9d688d6bf4e5f45a48eec78,921c28ab6d42dc101d7a74ce6c28a778,delivered,2017-11-27 07:20:18,2017-11-27 07:30:27,2017-11-27 21:46:46,2017-12-07 18:54:50,2017-12-21 00:00:00
9a17a8d78fe01948345e0beecbb3f879,cb1b6f7d1993d3710d96420e82cafa1a,delivered,2017-11-24 10:43:28,2017-11-24 12:52:57,2017-11-24 20:52:52,2017-11-27 18:14:56,2017-12-13 00:00:00
264a0fbe70a0ff50d737201277995fc8,19a2135f47a4e8c0ec9493cec3fcce3d,delivered,2018-02-15 14:05:15,2018-02-15 14:15:38,2018-02-16 23:17:56,2018-02-23 22:59:14,2018-03-08 00:00:00
a77843f2d4f89986e65fc1a4c1c0957a,3ae6743add4443f5c662c762fad84f5b,invoiced,2018-03-19 18:20:14,2018-03-19 18:35:41,,,2018-04-05 00:00:00
00b44ba3d7c4a5e9a9ebafef9150781d,0b5f6687d659478f1747caed607c4ec5,delivered,2018-08-28 21:10:46,2018-08-28 21:25:15,2018-08-29 13:17:00,2018-08-30 13:38:53,2018-09-26 00:00:00
168a385694949b4ff7b62fba2f7cd23c,9d4b64f05426c33a47669d3e758c97fc,delivered,2018-05-08 11:06:34,2018-05-09 03:11:38,2018-05-10 12:31:00,2018-05-11 19:33:51,2018-05-21 00:00:00
f25fb554c12314110c2c14a22b7eba65,b7ad416636a6beca777436a1af04c477,delivered,2018-07-25 17:31:34,2018-07-25 17:45:14,2018-07-26 15:30:00,2018-07-30 18:41:15,2018-08-08 00:00:00
b345a3528956237e1d8907b94d5e5829,e343e906f6a3aeb1e7123c65b79ee4e4,delivered,2018-02-28 12:07:29,2018-02-28 12:31:03,2018-03-02 20:56:46,2018-03-06 21:45:01,2018-03-19 00:00:00
de9387b71120d212286385df34759406,e679e15d9afcd1e3f068af187db70d03,delivered,2018-08-06 15:21:10,2018-08-06 15:45:09,2018-08-07 12:59:00,2018-08-13 13:21:52,2018-08-15 00:00:00
ff2a14d39dcd0b0368cb8ab4629329f0,892863ebaf42fbf7dfe545a8ccc6d6c5,delivered,2017-05-11 10:11:25,2017-05-11 10:23:05,2017-05-12 15:32:01,2017-05-19 11:34:42,2017-05-31 00:00:00
3f26a399c8a1c0cf2c9dc8a194b134d3,e03322e99d1228607781f6db2ead35fb,delivered,2018-05-01 21:20:49,2018-05-01 21:35:56,2018-05-03 06:31:00,2018-06-06 18:51:44,2018-05-29 00:00:00
0da3d957e0cb653342e21f6dc6eaabea,e2ab0674fb331225d8314dc7561f606b,delivered,2018-01-22 15:51:01,2018-01-23 03:37:57,2018-02-07 00:52:46,2018-02-08 21:48:31,2018-02-23 00:00:00
869e47849cdcd2a24f33ab52accd0e89,78e21576614d5285cbd63410d6c0efaa,delivered,2018-03-02 17:24:58,2018-03-02 18:33:13,2018-03-10 00:42:25,2018-03-19 23:27:27,2018-03-27 00:00:00
02951078a21a2d9341ea16089a4d5031,6c51ed8c29ff8bc5f3b649dc7315b787,delivered,2017-03-16 15:16:53,2017-03-23 16:10:18,2017-03-24 14:42:45,2017-04-05 17:04:39,2017-04-19 00:00:00
a3d92aa9b396fd05c4b289ed01103714,f0eaebd8dc338ada2c3f24cbe0c21548,delivered,2017-12-02 12:36:43,2017-12-02 12:58:34,2017-12-04 20:13:35,2017-12-17 13:38:58,2018-01-02 00:00:00
152f562c8516765cdd5f868c22f3c96a,b01e659ea32e3dd23367daec082b74bc,delivered,2018-06-16 17:34:31,2018-06-16 17:58:37,2018-06-19 12:26:00,2018-06-25 14:24:46,2018-07-16 00:00:00
5d80f1568478295e280e48e5d766bb28,c1a5f27b64582f59e32f853f93500a8e,delivered,2017-05-22 08:31:33,2017-05-22 08:42:41,2017-05-23 10:29:32,2017-05-30 13:52:05,2017-06-13 00:00:00
fa625c35a56d989b379939bae9bc9b2a,1dbbb070b4dc233140c1747fc3d1dee8,delivered,2018-07-21 18:59:35,2018-07-21 19:40:06,2018-07-27 14:01:00,2018-07-31 17:22:07,2018-08-17 00:00:00
05a17f243132acec3b0146b1b9b77720,c2e5e2f8efd3c8ec18e0c21d845d3667,delivered,2017-04-23 14:18:45,2017-04-23 14:30:18,2017-04-27 11:34:43,2017-05-04 06:16:55,2017-05-18 00:00:00
112a61419198a7ce9f0a908898e8507c,dad5e5f178c09543d12acb58bbf2f82a,delivered,2018-04-05 11:13:05,2018-04-05 17:09:50,2018-04-11 23:33:01,2018-04-13 23:41:40,2018-04-24 00:00:00
de6a3086bd8a8710b7fd7ab414be7d3e,0760c97b5abdca9b451e43e66af480cd,delivered,2017-06-02 09:06:26,2017-06-02 09:30:09,2017-06-12 12:05:46,2017-06-14 11:32:15,2017-06-16 00:00:00
6221a926b908c6aeac5d4e8d3629a539,3442dbfa60e5f94ef2394a62c2519f03,delivered,2017-11-17 00:23:41,2017-11-17 00:35:24,2017-11-17 23:03:32,2017-11-23 21:38:41,2017-12-07 00:00:00
8e031bfad27930ae71c54bd0ee2c0cc9,04eab1d81968c50de538547eaa7ce532,delivered,2018-01-10 16:02:45,2018-01-11 02:33:59,2018-01-15 20:32:49,2018-01-18 16:44:37,2018-02-01 00:00:00
46e5628ac4a223fe4ecb24dab9d6b26a,344685f3c9847f6e3f8b8e85e6b1ec1b,delivered,2018-01-10 01:29:03,2018-01-10 10:32:12,2018-01-15 18:14:23,2018-01-30 22:42:51,2018-02-09 00:00:00
1466219eb36318493e16297ec7a2d87a,b78fe4e3522d5ce3859f83ed1746eaf5,delivered,2017-05-30 12:23:02,2017-05-30 13:11:15,2017-06-01 06:49:55,2017-06-14 14:32:18,2017-06-22 00:00:00
78ed8bc9a17147a0c51493edd0d1cf70,0a884d4b833450da796608869e509d8b,delivered,2018-07-18 09:19:52,2018-07-20 04:50:15,2018-07-20 14:40:00,2018-07-23 22:32:49,2018-07-30 00:00:00
ee24e7d976a47cc46be7304fe5654ae9,135ba949ad95f6ece6b72f07587a7aa5,delivered,2018-07-31 09:51:10,2018-07-31 10:30:52,2018-07-31 15:07:00,2018-08-02 15:34:52,2018-08-07 00:00:00
e7fa33e7dae8b411a97ad688c93d6cbc,3045056b6b9b04bff9db68fd9077be23,delivered,2017-12-10 20:04:47,2017-12-10 20:11:29,2017-12-12 19:03:50,2017-12-14 15:52:34,2018-01-12 00:00:00
24f6d178b92691453bffa42151277fbf,0b62558584ba5942cb07377647332e23,delivered,2018-08-06 16:31:57,2018-08-07 04:35:20,2018-08-08 12:05:00,2018-08-11 19:04:55,2018-08-21 00:00:00
046cf9d36030cfd64e9800b0006f5713,617b7fef5b839e920d73822fee93d1d2,delivered,2018-01-19 20:23:39,2018-01-20 09:09:59,2018-01-24 22:54:52,2018-02-07 21:36:46,2018-02-15 00:00:00
ace9787c2536f487f1491bac9707fd67,5d7f01a5cbb98291c5bc6ab3f93be0ed,delivered,2018-04-07 08:21:11,2018-04-10 04:29:33,2018-04-13 22:22:34,2018-04-16 19:37:48,2018-04-23 00:00:00
36dfa5ee84af8da4fc7f9af242219972,c7566e4988f02bd02e875d35d4ae4ac2,delivered,2018-05-19 12:48:19,2018-05-19 13:11:22,2018-05-21 08:25:00,2018-06-05 14:58:53,2018-06-20 00:00:00
cb80e3d30577a7af0b3b851f5f4ed92b,d85ece98ddf81cdbb00aa87d7d472d3e,delivered,2017-09-15 17:28:23,2017-09-15 18:05:39,2017-09-19 15:34:12,2017-09-26 16:06:00,2017-10-10 00:00:00
7bd0fa93f3aecfd0f0cd772c59c848e6,58332ddfea93010fd87eb154a13df990,delivered,2017-11-17 15:33:10,2017-11-17 15:55:33,2017-11-22 00:48:51,2017-11-27 22:08:10,2017-12-06 00:00:00
32dbe811ae007817cc04c910277dddbd,e6d6a5d5552a12341b757a9161cd8f45,delivered,2017-11-28 09:42:51,2017-11-28 09:58:45,2017-11-29 09:56:38,2017-12-01 18:33:27,2017-12-18 00:00:00
318bddc9ed5c748afe160e7dca09e276,c826769f5a173716a0a9dcf4867bc506,delivered,2018-03-13 23:52:46,2018-03-14 01:48:18,2018-03-14 23:54:25,2018-04-10 17:02:37,2018-04-04 00:00:00
5a6bd33ae88e333fe85c52e72c4b3cea,b4ccd6b4f5550c49836dc4c7241c1150,delivered,2018-03-15 16:19:26,2018-03-15 16:30:39,2018-03-20 12:49:45,2018-04-25 22:38:28,2018-04-12 00:00:00
c7a8ef5e5c0cbcfc28c0b4a4959a2daa,ffbc1b5517c488c7959e231ff9a0a787,delivered,2018-06-22 18:58:12,2018-06-22 19:19:23,2018-06-25 10:43:00,2018-06-29 19:37:34,2018-07-30 00:00:00
276971787e4550d908a7306c2fe79da3,83486328de12e85d29b27790fd68f911,delivered,2018-08-07 13:54:50,2018-08-09 03:50:20,2018-08-09 14:35:00,2018-08-21 22:28:36,2018-09-06 00:00:00
581ca172b817d8c5626a66b8cbfe11e7,13a7cc23cc4555df6dd0129c430644ab,delivered,2018-07-24 08:58:05,2018-07-26 03:15:20,2018-08-07 17:22:00,2018-08-14 19:34:53,2018-09-03 00:00:00
ac93f3268c252129f7561fdaea567c6b,5bf143555767db1b0db20d44a043c76d,delivered,2017-04-22 22:02:17,2017-04-25 08:10:48,2017-04-27 13:30:58,2017-05-12 15:54:00,2017-05-24 00:00:00
dce845cf61098865d01085518184dbb9,1c85b204ba5ddfe3fb06405f81939769,canceled,2017-07-12 18:10:57,2017-07-12 18:25:20,,,2017-08-03 00:00:00
95340911ff992b7a25fcc0f927146197,9f330480093052666bd1e5b24061f510,delivered,2018-05-08 15:30:14,2018-05-09 04:14:32,2018-05-09 16:32:00,2018-05-11 20:09:35,2018-05-25 00:00:00
a2fc1768223b32630ce93c0b5abf345e,e3fa013f4bbc0b7ef8e6bf9629347967,delivered,2018-03-28 16:41:34,2018-03-28 16:55:32,2018-03-29 23:44:39,2018-04-02 15:23:16,2018-04-16 00:00:00
cbaed20b95fa45e7962bcb86140efd33,a6e50329cdfe77d18c47b9696658b52f,delivered,2017-05-16 20:49:24,2017-05-16 21:02:25,2017-05-17 15:24:46,2017-05-24 12:51:41,2017-06-07 00:00:00
2c4f41fd30cdd44de346e77247380dd2,a2378de6cd63315863ff5b54a9755753,delivered,2017-03-23 16:28:47,2017-03-23 16:43:40,2017-03-24 19:30:13,2017-03-29 12:33:48,2017-04-19 00:00:00
9a5e5d874c534d0b37b7cb88c276dcd4,975fd354f00ccac0696fe4d65378e1fb,delivered,2017-06-19 01:30:36,2017-06-19 01:43:08,2017-06-27 07:59:50,2017-07-05 17:42:18,2017-07-13 00:00:00
897fd799ba00cbe2a0d8f726dd211231,36939c0a74b637867a130b7ed0f531ad,delivered,2018-02-01 16:41:10,2018-02-01 16:57:16,2018-02-02 19:38:49,2018-02-14 19:54:56,2018-02-23 00:00:00
96868bc7a88dff342e4f0726c58d2897,ffd2a3ec6696db369cdb7b56aa50db54,delivered,2018-01-22 00:45:42,2018-01-22 14:06:15,2018-01-24 09:03:17,2018-02-06 19:07:49,2018-02-21 00:00:00
bf8335c7f470714a6a72b83d1fd1796c,cc7f125c5af9a10f69d05186b36fdf3b,delivered,2017-11-09 15:19:46,2017-11-11 02:55:35,2017-11-16 18:38:58,2017-11-23 01:04:38,2017-11-29 00:00:00
519d3ed34563b1d122cb7fd5b9efa55f,a3fdcd48a29980ef8ea2212ce90b3105,delivered,2017-12-25 22:40:35,2017-12-26 22:47:57,2017-12-27 23:28:22,2018-01-10 20:20:21,2018-01-24 00:00:00
a3696d83a951412999a280e4a331070d,30a0b2c2da053fc6e7cfd13eeef55f7a,delivered,2018-04-18 16:20:07,2018-04-18 17:14:51,2018-04-19 19:31:33,2018-04-26 18:12:51,2018-05-17 00:00:00
aabc383c7d839c5637e7c8a5718b95f0,4664d680285c679de1c2a830c28eae3f,delivered,2018-05-13 10:43:57,2018-05-14 10:52:39,2018-05-16 14:01:00,2018-05-21 15:22:53,2018-05-28 00:00:00
b5a7a136bcc27a066780c0aa9b30d698,37d500143617bacac8926e770d3e75fe,delivered,2017-11-02 14:15:13,2017-11-02 14:25:40,2017-11-03 20:57:31,2017-11-06 19:48:58,2017-11-16 00:00:00
307691e9d5567f71a6ad5945a34170f7,89ad688a79c14c817a28dbddeee449db,delivered,2017-04-10 21:06:06,2017-04-12 02:45:56,2017-04-17 12:12:48,2017-04-19 09:47:01,2017-05-02 00:00:00
c92da1253fc8d4fc0574f937f32bc126,d2708a82f449bc40878c8d0c1736caa3,delivered,2017-10-20 16:18:05,2017-10-20 17:28:27,2017-10-23 20:41:57,2017-10-27 22:13:47,2017-11-10 00:00:00
a08ebf898172362d5a7ab6474cc2bb2a,31a30258ec48f7136adf7250e14c6fc2,delivered,2018-02-05 20:04:15,2018-02-05 20:15:28,2018-02-07 23:04:46,2018-02-26 14:33:26,2018-03-06 00:00:00
4dbc1d5924e76da8223695d76a439653,ef9e9829c11b679fb79e7166ec9a85dc,delivered,2018-06-21 19:42:08,2018-06-21 19:58:35,2018-06-26 15:01:00,2018-06-27 12:30:07,2018-07-12 00:00:00
95e6053477d7169c64e6a34a3e329cb7,6dfe81f46e43ef19ff6eccfa55ceba6e,unavailable,2018-05-21 13:41:14,2018-05-25 10:30:32,,,2018-05-29 00:00:00
e8e186c0ebe18282aada53c56e7da34f,3b4f0692301aa019cceb68556e411f88,canceled,2017-05-02 07:34:35,,,,2017-05-29 00:00:00
6b56339f54b8363a200c6814ae732846,6039ad6c736f84f951afed829ff5ebcf,delivered,2018-01-08 22:11:59,2018-01-08 22:19:24,2018-01-09 18:53:53,2018-01-27 15:16:54,2018-02-07 00:00:00
1bab77281b20f4719d0a9f87f2282fde,28d0ce13f2e87804e85a7a2a0282c711,delivered,2017-04-24 22:25:28,2017-04-27 10:33:13,2017-04-27 07:42:03,2017-05-08 16:07:05,2017-05-11 00:00:00
bbf796534aaf9c59f8da8c7982db56e0,c32c207d9ebf75958011557ac1624e2f,delivered,2018-03-18 21:00:44,2018-03-20 03:28:44,2018-03-20 18:08:45,2018-03-28 21:57:44,2018-04-12 00:00:00
7195bbe2eb284effff29db46278daad8,433eb4c536d8ef685a640f6db6dec7a3,delivered,2017-05-16 09:50:31,2017-05-17 09:55:18,2017-05-18 15:22:41,2017-05-25 09:05:33,2017-06-13 00:00:00
44c2b1100f7c12e1928b475164e80a7f,4e484fda64341b6c685ec218a2add59d,delivered,2017-06-25 20:16:05,2017-06-25 20:25:16,2017-06-26 14:43:29,2017-06-28 15:51:51,2017-07-07 00:00:00
882c447d8edd3d32db6a03ff2fc74f8f,406c0e75c679a46577815134afa52837,delivered,2018-05-03 14:13:48,2018-05-03 14:32:33,2018-05-03 14:40:00,2018-05-16 21:42:16,2018-05-25 00:00:00
c870ae4db3d62818f9d3e7ebdf617831,e267c5d69effa67ee7f0813c1ca84b09,delivered,2017-06-04 18:40:31,2017-06-04 18:50:17,2017-06-13 08:47:56,2017-06-19 13:58:44,2017-07-03 00:00:00
6d1bb6a3257e28040854d87c7984acf9,a6a8a1dfe5402a3ae5ad002b665d9c4d,delivered,2018-01-11 16:05:23,2018-01-11 16:12:55,2018-01-15 23:15:01,2018-02-02 03:27:18,2018-02-07 00:00:00
3a88a0ff2f9fa0ef19d7cff072c2f84e,ed5d382ad64bfb554932d5d64a698c93,delivered,2018-03-13 10:03:51,2018-03-13 10:40:30,2018-03-14 00:22:08,2018-03-26 16:11:24,2018-04-10 00:00:00
8ddd550f59752f7efbbf0284aee4631b,dc51d4a03b2448771b76837517052d68,delivered,2017-12-09 17:16:54,2017-12-09 17:30:31,2017-12-12 22:49:09,2017-12-15 18:28:58,2017-12-28 00:00:00
dbf6633516ca4df83ac9e96e2100846d,5986b73cce82bff30c9619b63cbb7c84,delivered,2018-04-21 16:36:03,2018-04-24 18:57:06,2018-04-24 17:32:16,2018-05-07 20:57:38,2018-05-28 00:00:00
2d7259ea0267605a75c5d2a55c1470bd,77ab23539f45150a72717fc95ef3e503,delivered,2018-07-25 19:46:33,2018-07-25 20:04:38,2018-07-26 19:35:00,2018-07-30 22:48:34,2018-08-07 00:00:00
f0e888236afb66e9bfac24a6100bbf53,fc9c228fc78372b6b53ad3515823eee6,delivered,2018-06-28 16:30:09,2018-06-28 16:50:35,2018-06-29 18:52:00,2018-07-03 09:52:50,2018-07-13 00:00:00
ab651189a56f042246fb1a8c991ed4ff,4b778a2d8551f8e6e81d3d07af3168f0,delivered,2017-08-08 20:36:55,2017-08-08 20:50:19,2017-08-11 14:57:35,2017-08-21 17:21:53,2017-08-30 00:00:00
9b67d7f926480a9b1dfda8f3595013a6,11c191489b5fecd461e9d538280e9c5e,delivered,2017-11-08 10:14:53,2017-11-08 10:30:22,2017-11-08 18:46:52,2017-11-16 20:02:47,2017-11-29 00:00:00
69d15b473fc963ac1a3f5bad766593a7,cbb36652aacca97be12943211e867612,delivered,2017-09-07 19:59:16,2017-09-07 20:10:33,2017-09-12 18:59:33,2017-09-27 17:12:20,2017-10-04 00:00:00
917e815e734e27d699a971dcbac12e9e,976946c1110d0d9c0a7c5bfd41de8560,delivered,2017-09-16 17:28:52,2017-09-16 17:44:25,2017-09-19 21:27:01,2017-10-02 17:42:42,2017-10-06 00:00:00
ef32bb24f4e81a29a305e5285c8d3d34,90864878aebf8b7456fc25ac866af6ce,unavailable,2017-12-19 13:11:08,2017-12-19 14:24:07,,,2018-01-08 00:00:00
6f393015477564624446a2b4c948c0f0,3a5a12157eed55b77ae6432e30efc4ae,delivered,2018-01-17 22:38:14,2018-01-18 22:37:14,2018-01-23 15:55:30,2018-01-31 00:08:27,2018-02-15 00:00:00
dd03726cc548f7332999c37c8e2fc3af,d64c6f63152b72dc53a18fe83c1041f8,delivered,2018-07-21 12:50:11,2018-07-21 13:04:01,2018-07-23 13:31:00,2018-07-26 18:56:47,2018-08-27 00:00:00
19419b6180c4c7b9f57c1753cef7b41f,eb219d189e0e388de962cdb4e94d1d81,delivered,2018-07-19 11:38:46,2018-07-20 04:43:18,2018-07-20 08:45:00,2018-07-25 12:49:36,2018-08-16 00:00:00
2e9d2850537d9e6975149a266b9ecf69,398634ab2ca4bee203cd25ea737a49a8,delivered,2018-07-30 21:07:34,2018-07-30 21:24:32,2018-08-06 14:22:00,2018-08-09 02:26:34,2018-08-06 00:00:00
c8da1e97d81e786470cac73c845ff45f,7700917fd68e46178da25cb3bde42684,delivered,2017-10-15 17:36:02,2017-10-15 18:14:25,2017-10-17 14:58:08,2017-10-30 18:42:39,2017-11-07 00:00:00
2d6e19c8b83e0333696e259829801f17,0c0a6bd19047d0bf4ec7752ec9c1b1d7,delivered,2018-08-21 18:52:27,2018-08-21 19:05:50,2018-08-22 12:49:00,2018-08-29 17:07:45,2018-09-17 00:00:00
def5a490726da84a4e00b9abfcc9fd6f,4ed45e482abfa0e715a648c5c5070b65,delivered,2017-08-01 16:49:22,2017-08-01 17:03:44,2017-08-03 20:02:59,2017-08-08 16:41:18,2017-08-17 00:00:00
f1d9bf2ed3273bf0d6bc69ed89d67701,a1d7fe4c8b7dd4e9d59e59fd51bd5909,delivered,2017-03-15 05:11:38,2017-03-15 05:11:38,2017-03-21 13:21:26,2017-03-23 06:43:54,2017-04-03 00:00:00
42edfcdf41308ef5e7528789f082b336,21c545f4466f3b3baf04ae4f5001351c,delivered,2018-06-16 19:02:48,2018-06-16 19:18:04,2018-06-18 11:22:00,2018-06-20 21:56:47,2018-07-03 00:00:00
b6ac23b0a5a98032edb0d8b1974fca75,225325b542aad694050438f9beed19b6,delivered,2017-07-11 13:24:30,2017-07-11 13:35:14,2017-07-17 21:46:57,2017-07-18 17:49:44,2017-08-03 00:00:00
4f3cb3a319d8831801c9a952f6bc6b81,7bbf618a4eec6c92f04e2ad865aa204c,delivered,2017-10-17 07:34:48,2017-10-18 03:08:33,2017-10-23 14:22:24,2017-10-24 23:39:59,2017-10-27 00:00:00
4d2e3204d03f90dde94de63cb417277b,8f26b9c0e93aa731371b6f7fc981bb51,delivered,2017-11-29 23:20:40,2017-11-29 23:36:24,2017-11-30 19:17:17,2017-12-01 16:48:44,2017-12-15 00:00:00
f32b1e3320d65b3c94140ffe559dda4f,22bb67c88f37434dbea7e1b88a3f736c,delivered,2018-07-18 14:07:03,2018-07-18 14:22:13,2018-07-18 14:08:00,2018-07-27 22:53:41,2018-08-07 00:00:00
b2234f06bf32380ac04b30c21561efba,6cb94c8d3c096c20feafe2abf1ed78d3,delivered,2018-07-18 19:54:15,2018-07-19 19:50:11,2018-07-20 13:57:00,2018-08-01 15:22:42,2018-08-10 00:00:00
015f079801c424fda3edc48be99267de,e9887a9874d592a5904dc3b85187ec42,delivered,2017-04-06 21:55:36,2017-04-06 22:10:11,2017-04-07 13:47:55,2017-04-20 13:59:47,2017-05-12 00:00:00
42e0ff710ef5d9ead0c1fee8ac7d3ed8,3fba5bb67ae248c7d02c2b42b156f418,delivered,2017-10-17 19:17:24,2017-10-17 19:36:16,2017-10-18 20:37:58,2017-10-24 19:53:32,2017-11-13 00:00:00
0e36f41f9315618b83a395ecfc7b47fa,4ae394b706b618fbed089f08e9c75224,delivered,2017-11-01 14:12:29,2017-11-01 14:31:33,2017-11-03 13:31:22,2017-11-09 18:19:58,2017-11-29 00:00:00
ba3ebf2b1c96c432cfc82801c4515ea6,7107f5eb80d0da02dc1383fe41ddc474,delivered,2017-06-26 17:52:36,2017-06-26 18:55:10,2017-06-27 17:03:30,2017-06-28 11:48:07,2017-07-07 00:00:00
6aa2fc0ec99ae145158d9f9f790ada82,fdc9789bfed35fc346a1df680df88698,delivered,2017-11-21 12:11:56,2017-11-23 02:48:10,2017-11-30 23:03:41,2017-12-19 18:19:08,2017-12-08 00:00:00
c41d1d484d6eba6e4d8d981ed0768193,2718b88837b22bacabdb53fe203c069a,delivered,2018-07-19 21:04:17,2018-07-19 21:23:08,2018-07-20 15:50:00,2018-07-25 12:04:12,2018-08-03 00:00:00
c39b6a1fcbbad48578181950509b1330,ace64991a599a2eb952809697325b096,delivered,2018-07-29 00:43:55,2018-07-30 18:31:19,2018-08-02 14:03:00,2018-08-03 18:25:43,2018-08-13 00:00:00
b193fd0f267c2871f27f939621408e71,3da0781ead2a29f53fe0550305de4331,delivered,2018-07-21 18:18:12,2018-07-21 18:30:11,2018-07-23 15:26:00,2018-07-24 16:25:50,2018-07-31 00:00:00
9c38f00a080665ace303d703e03718cb,65ab89d0154ae1f5ed267cccf02c299b,delivered,2018-01-21 15:39:38,2018-01-22 14:18:22,2018-01-24 01:14:44,2018-01-24 22:39:12,2018-02-08 00:00:00
36c0722e0453446bb2f1880e2da3bc7c,22eb833266f6b771223cf18226b64c87,delivered,2018-02-01 09:47:16,2018-02-03 02:54:01,2018-02-05 20:57:50,2018-02-20 22:11:51,2018-03-06 00:00:00
84b9c4e0d6fa518c27bacb0b602b028c,d2821632217cab913420f7c8276bfc63,delivered,2018-03-13 16:23:13,2018-03-15 03:30:35,2018-03-15 18:11:14,2018-04-14 00:19:03,2018-04-10 00:00:00
eafe112a93e3cab02e7227e619bb73fc,026953f1072329fc12fa80eb8930848a,delivered,2017-05-25 20:33:36,2017-05-25 20:45:09,2017-06-06 14:20:59,2017-06-19 14:58:41,2017-06-21 00:00:00
702120cb83c02be1babe945e685a254c,662775bffc75df0fe4455e86282eba79,delivered,2017-12-20 11:59:14,2017-12-20 12:10:43,2017-12-27 21:37:49,2018-01-13 10:39:16,2018-01-19 00:00:00
bf36b37f7569ba312ffe5abb914fc5bf,e42b74db1e519a05ae7d6c09a77aa19e,delivered,2018-02-23 01:23:42,2018-02-27 04:31:09,2018-02-28 02:46:40,2018-03-06 22:21:48,2018-03-09 00:00:00
5118fc0388588e95a1eb25564d1a3946,2d973038f385e0f9d252f6662ecb9c39,delivered,2017-08-22 22:21:48,2017-08-22 22:35:22,2017-08-23 14:13:31,2017-09-04 22:39:18,2017-09-26 00:00:00
dbaaa77999c0f5d953d543efe0f080f9,3e7b5d210ff52504781d20a8d6cf38f0,delivered,2017-07-18 18:15:12,2017-07-18 18:25:19,2017-07-19 17:41:59,2017-07-24 21:57:29,2017-08-07 00:00:00
49d9f3721c033d155e61cfbd798aa0b8,af3038f8591cc3ff12ecc0dd57f5f8b6,delivered,2017-08-24 21:54:08,2017-08-26 10:35:14,2017-08-29 15:58:07,2017-09-12 09:50:14,2017-09-20 00:00:00
8849e8100a1269ca2a5606e5a0fb6c07,74181092ec10162ba29946bd76ceb6b8,delivered,2017-06-28 16:48:44,2017-06-28 17:24:16,2017-07-06 12:12:42,2017-07-12 18:48:02,2017-07-27 00:00:00
048fec87f5858e3a91ce55d3a944b457,9b0befd87ff5c159c8a3e3bd6318a655,delivered,2018-05-15 22:58:42,2018-05-15 23:15:18,2018-05-16 11:27:00,2018-05-21 15:07:56,2018-06-05 00:00:00
d41f1036712e18ee525939d08b7a1c98,099197f5b3af6c03f208f70f62df794e,delivered,2018-01-06 11:37:12,2018-01-06 11:47:34,2018-01-10 22:41:27,2018-01-11 18:10:44,2018-01-26 00:00:00
9b34a8b59a65874925bc12d1551e5256,647535c47e49dbf4e21ee0c3c2ddd2ac,delivered,2017-09-27 10:43:12,2017-09-27 10:56:27,2017-09-28 17:43:41,2017-10-17 15:28:57,2017-11-01 00:00:00
7d19f4ef4d04461989632411b7e588b9,91a792fef70ecd8cc69d3c7feb3d12da,delivered,2017-08-10 21:48:40,2017-08-10 22:05:11,2017-08-11 19:43:07,2017-08-24 20:04:21,2017-09-01 00:00:00
18df153e64a40c0a549c0312234e1ee6,bc8243e47010a6d224a5fa1a044270da,delivered,2018-07-26 21:59:36,2018-07-26 22:15:18,2018-07-30 12:26:00,2018-08-06 16:04:42,2018-08-17 00:00:00
627bcc1ede93534cd39bf82a8357f0a8,b939acf224f32675a9ef981a024e8d02,delivered,2018-02-14 23:23:30,2018-02-16 14:31:33,2018-02-15 20:37:43,2018-02-22 16:42:53,2018-03-08 00:00:00
ce22ba2aeac996a236980d5412bcfcdd,05a0155e6ea734e7656dd0d7dbc42594,delivered,2017-09-28 15:23:02,2017-09-28 15:35:25,2017-10-04 16:16:07,2017-10-09 18:02:47,2017-10-20 00:00:00
862a507705acaf4976559515b7b78908,472ad69ebb2c32d6b26fc7eccc809e5a,delivered,2018-06-06 13:59:08,2018-06-06 14:34:36,2018-06-08 14:26:00,2018-06-11 18:52:36,2018-07-03 00:00:00
9705d2eb2b203788b10e2cab9c3598cd,f57991014cde59432cc7c71901b1f32c,delivered,2017-08-12 08:19:12,2017-08-12 08:30:14,2017-08-14 15:53:48,2017-08-24 19:23:02,2017-09-05 00:00:00
9c4f3693a36ba481e0d9da739679660c,2ed8567c7952b9d78d2cda0a0679dd6f,delivered,2017-11-09 11:10:13,2017-11-09 11:26:38,2017-11-16 22:39:31,2017-11-21 22:26:25,2017-11-29 00:00:00
33eb09bb012864ab1c223b7a9175200b,68e7437b33a9b01d2529757607a05705,delivered,2018-01-19 17:07:24,2018-01-19 17:18:24,2018-01-23 14:34:07,2018-01-25 17:19:52,2018-02-09 00:00:00
925d5a139c3c9f4e3f028685b9a95617,de10ff4100545d244951898150f9aad1,delivered,2018-06-24 19:43:20,2018-06-24 20:16:03,2018-06-25 17:29:00,2018-07-03 02:24:49,2018-07-20 00:00:00
a96d80130c5b0907958c4cfeadb4bb8e,d8cd2bbaa62274c5cd6a6c9900e82957,delivered,2017-08-18 11:33:11,2017-08-18 11:50:18,2017-08-18 19:08:06,2017-08-22 18:53:55,2017-09-08 00:00:00
ab3a6663f21c1a36401300460d3c41cd,b79086625b8f919121046ffa84abfe7f,delivered,2017-10-25 16:51:50,2017-10-25 17:35:12,2017-10-26 14:59:47,2017-12-01 20:38:46,2017-11-22 00:00:00
4d1cbc3a9dad7d6dc7c6b9438400990b,293bd1c230ca0e132b10098275b44169,delivered,2017-12-09 02:24:53,2017-12-09 02:49:55,2017-12-11 23:59:01,2017-12-13 19:58:52,2017-12-28 00:00:00
d61e965b73507ff3aae57337ec2f20ca,420487362832ffe2ae7a8d7757fc104d,delivered,2018-03-05 20:21:02,2018-03-05 20:30:47,2018-03-07 19:18:51,2018-03-28 21:32:56,2018-03-26 00:00:00
6dc6a1816b2df736c34fd4041af68068,06526b788f07150810cae37d79932ce7,delivered,2017-12-18 13:14:02,2017-12-18 14:12:29,2017-12-20 20:29:04,2018-01-04 16:29:25,2018-01-26 00:00:00
a56e54593f2c7f2b10f69216a7265aa5,5c56ccc96c52168daa5ab5fa7038bee9,delivered,2017-03-25 09:08:41,2017-03-28 03:51:23,2017-04-04 14:52:38,2017-04-10 16:06:03,2017-04-24 00:00:00
f1291b9030cb24d45d1b2380a2e2950c,9b67d5c0e09cc76c9549477996b49891,delivered,2018-07-05 13:04:20,2018-07-05 16:40:35,2018-07-06 12:50:00,2018-07-10 16:08:33,2018-07-24 00:00:00
dccf99a9f12d7217cd20878c985d55ac,a0786a9a0b79d012f0c4558a7744c594,delivered,2017-11-29 03:15:25,2017-11-30 02:26:54,2017-12-05 02:49:46,2017-12-18 16:45:43,2017-12-28 00:00:00
0bf736fd0fd5169d60de3699fcbcf986,6cd217b674e22cf568f6a2cf6060fd07,delivered,2017-12-21 16:21:47,2017-12-22 17:31:27,2018-01-02 22:27:47,2018-01-06 15:03:41,2018-01-16 00:00:00
ad5358e0c5bbbde6f15e29855ba10bb5,cdfc533dc0becc56adbaede7ba806104,delivered,2018-04-03 14:25:17,2018-04-05 02:27:53,2018-04-06 22:41:40,2018-05-07 23:12:25,2018-04-26 00:00:00
e6994fc60ac218b01bd168895ef8399e,b1188b43f4b64ee28a2aaeb1ee35e9ad,delivered,2018-08-13 13:15:03,2018-08-14 08:55:29,2018-08-20 13:40:00,2018-08-21 23:33:58,2018-08-20 00:00:00
bafb40f7e8faf993b7d5da5114f4bd56,03d1b22e6c0b53ff1ddc79c33ec96a27,delivered,2017-06-01 18:50:33,2017-06-01 19:02:50,2017-06-07 10:47:35,2017-06-08 13:42:22,2017-06-22 00:00:00
8b75efcac52e6144df576321437f12eb,c36d2a6b08edc9be276ccf9f1f48953a,delivered,2018-01-09 11:39:12,2018-01-09 11:50:28,2018-01-10 22:18:10,2018-01-17 15:23:51,2018-02-09 00:00:00
ad5e99a57ab431d66728520491ed659d,5ee123c40af9351eac581cdefef25006,delivered,2018-01-03 13:52:44,2018-01-04 05:11:30,2018-01-05 21:55:49,2018-01-11 19:22:38,2018-02-08 00:00:00
4b8e7be134dcdd11881a5e7de6c88627,761641bbf969934835f65b3374ddd6b7,delivered,2017-07-12 14:26:37,2017-07-12 14:43:43,2017-07-27 19:22:52,2017-07-31 12:39:39,2017-08-24 00:00:00
3a4e65de6ffd941f6a4ee824d472aabb,ba7df02cddb36d302d9a87ed492fdf07,delivered,2018-08-15 18:01:23,2018-08-15 18:40:07,2018-08-16 15:37:00,2018-08-17 19:18:48,2018-09-03 00:00:00
8a375e54dcadd25fe7578ad54311a746,a994d209770941c5131c5c658f9370a5,delivered,2017-11-25 17:31:34,2017-11-25 17:52:51,2017-11-28 18:33:13,2017-11-29 21:57:09,2017-12-12 00:00:00
fd6519b24982de9aec35784b4bc78d2b,8db3348acefb954be9ee830d85a6848d,delivered,2017-12-14 20:26:11,2017-12-15 02:15:59,2017-12-15 18:13:43,2018-01-05 23:11:09,2018-01-11 00:00:00
9d244b9671e094280e0da0b5edec38bb,351b5d6b2776706292c742cf22e30dfd,delivered,2018-03-24 16:47:51,2018-03-24 17:07:58,2018-03-27 02:08:56,2018-04-12 00:38:22,2018-04-17 00:00:00
fc4b86d2c7c84e7b54c253f91b29b404,93d53c5c83afb68e1063d463efcd99e0,delivered,2017-11-24 01:22:42,2017-11-24 01:33:50,2017-11-27 20:06:33,2017-12-01 21:12:09,2017-12-14 00:00:00
7ecf3b698544882e2539712b1c598093,ab3bbfe587e36e0183d173da19c5463a,delivered,2018-02-05 20:39:13,2018-02-05 20:50:28,2018-02-08 19:45:02,2018-02-16 16:58:53,2018-03-01 00:00:00
8d6aacafb62c871afb4c8e5c606e2a80,e8ddc5243a1b054a9b2680d64d512e78,delivered,2018-05-25 17:19:11,2018-05-25 17:38:45,2018-05-30 07:11:00,2018-06-04 17:11:30,2018-06-29 00:00:00
61fba313862d5071658794c520745397,d398cd26a14e81d6a1b88c42b089a39f,delivered,2017-10-20 11:33:42,2017-10-21 03:07:29,2017-10-23 21:45:11,2017-11-04 15:43:45,2017-12-06 00:00:00
beef7eaebaf3f24f6b34bb85c31aaaa7,96eeb7beef017b1a01a5ca8bed913795,delivered,2018-04-05 07:46:20,2018-04-06 03:08:29,2018-04-07 01:44:41,2018-04-12 19:03:08,2018-05-08 00:00:00
21fbb7ffe47d9cc3a504f6ac4ee24c9a,4875ee0c667adc19c074d48b862bae0d,delivered,2018-08-23 11:59:25,2018-08-23 12:15:19,2018-08-23 15:21:00,2018-08-28 17:33:04,2018-09-12 00:00:00
fcc99cd0e2e395ebfbc21ba1e33a178a,ec4f0c1a966fa191a5ce04755a019dfe,delivered,2017-05-21 07:57:40,2017-05-22 10:39:23,2017-05-23 11:27:15,2017-05-29 14:27:52,2017-06-19 00:00:00
63c6b78c7aceade884a5f08177c04e57,258e7fc07b15e9471951747d685ac3be,delivered,2017-04-20 13:34:27,2017-04-20 13:50:21,2017-04-28 14:54:48,2017-05-04 11:03:17,2017-05-10 00:00:00
c04f90bfbbe8d9a50d96feba29339913,7263dfbe29e6b8692ff879e5a2121258,delivered,2018-03-28 09:57:34,2018-03-29 16:15:22,2018-04-02 17:08:50,2018-04-05 05:58:40,2018-04-10 00:00:00
2279b7f227b450166adadca909462947,87880cd71e9805670dae6794534f4282,delivered,2017-12-11 23:55:38,2017-12-12 00:29:12,2017-12-13 18:56:57,2017-12-18 13:32:56,2017-12-29 00:00:00
db42486c4007faaa99084c4d950d6163,244c28a20f4b7a3ea164364d7a3432af,delivered,2018-05-01 11:00:04,2018-05-03 04:15:19,2018-05-03 14:09:00,2018-05-15 21:52:01,2018-05-28 00:00:00
facc1205a81ecb0105f0a0c14bd11899,fa862bbcb6d5712cab0a6d2925b23b39,delivered,2017-05-27 20:46:05,2017-05-27 21:01:54,2017-05-29 14:12:48,2017-06-05 12:24:57,2017-06-23 00:00:00
00602f25bffa1dcfb71e202fbf9824fb,d91dc5b08f5bb5e181a878580f4ec576,delivered,2017-11-01 17:45:52,2017-11-02 02:35:31,2017-11-03 21:12:51,2017-11-27 21:07:22,2017-12-11 00:00:00
c71cf183a3308543154b435e645f56d4,03a43f85610c32719e8526e1be97f6da,delivered,2017-02-04 23:10:15,2017-02-05 23:15:12,2017-02-07 14:00:00,2017-02-10 10:43:45,2017-03-03 00:00:00
4bea1a1e7a264f908a38f818073ee923,2ea694334078726c7229c21f0a7cc021,delivered,2017-06-19 11:35:40,2017-06-19 11:50:14,2017-06-20 10:39:22,2017-06-28 14:37:45,2017-07-20 00:00:00
58c9e4147dcaf0f623706730abab280d,4888da2416e4fd5010e50d1f720e7f23,delivered,2017-11-24 00:46:40,2017-11-24 01:12:48,2017-11-30 15:21:55,2017-12-07 22:04:01,2017-12-22 00:00:00
d0a9dafd211ac9467af0318383ef4da1,93f65b919bc7065e77d662b9f51248ea,delivered,2017-05-20 08:53:30,2017-05-20 09:05:06,2017-05-24 15:39:47,2017-06-01 16:49:40,2017-06-16 00:00:00
dceff4e9cefb999404dd921642d20111,cc3f92b228ae744c6082f549933ab3aa,delivered,2017-09-11 15:01:29,2017-09-11 15:15:24,2017-09-12 16:43:50,2017-09-15 20:32:23,2017-10-02 00:00:00
75ea013a92015fd0672cd754e3258b33,1650f02439361534616a9513ef19c6f7,delivered,2017-07-12 22:56:05,2017-07-12 23:05:19,2017-07-13 20:22:18,2017-07-25 19:19:30,2017-08-07 00:00:00
8dca52c1ec5a814dc9ebd26524ae8b3e,e0ac2a4e5a234620bfcaef3796384831,delivered,2017-11-08 20:41:49,2017-11-10 12:28:15,2017-11-10 19:48:34,2017-11-17 20:15:28,2017-12-05 00:00:00
cc0ab0fd1ed4c39ca56a885ae303aa87,c6abf2a87e2907d182f39e8d77101642,delivered,2018-08-02 14:00:20,2018-08-02 14:31:09,2018-08-09 14:04:00,2018-08-14 16:38:36,2018-09-13 00:00:00
92719f3b4fbd484515110bfc47e8a808,547f0ab4161085115b9afb71a0be6eb7,delivered,2018-04-03 23:38:25,2018-04-03 23:50:13,2018-04-04 22:22:09,2018-05-18 21:04:28,2018-04-26 00:00:00
3099fa1da8ddf6f98c8a917af87540c5,1a40edb85ba950154eb344793640676b,delivered,2017-05-16 15:57:33,2017-05-16 16:10:07,2017-05-17 10:40:42,2017-06-12 09:43:10,2017-06-13 00:00:00
8e378f2d3b581a5c5ce099dd32dfb422,30f32764afe954fa9bc8428792588f0d,delivered,2018-08-12 15:42:01,2018-08-14 04:35:20,2018-08-14 08:56:00,2018-08-15 16:56:20,2018-08-16 00:00:00
cc72b624a933eb793860926532309a7e,38cc52f8089ad38971b6dfc26a3033ba,delivered,2017-09-24 16:54:37,2017-09-26 03:56:29,2017-09-26 19:24:53,2017-09-28 13:18:51,2017-10-10 00:00:00
c86b551898ce7979ac5f0ce6a4ed3bbb,ef5f73ec25827c8fc4c662111a1fbec2,delivered,2018-07-24 17:28:41,2018-07-24 17:44:17,2018-07-26 12:23:00,2018-08-16 17:31:53,2018-08-20 00:00:00
3184e33bc8b2623e78f578e0f644ff69,cea725cb0864776ebbdb3bf427fa2001,delivered,2018-07-16 23:02:59,2018-07-17 10:25:12,2018-07-17 12:06:00,2018-07-23 22:08:35,2018-08-02 00:00:00
9ca84d8b801d8d14cf479b5ad04b8139,197479c6a58d8701279290ce3906b5bd,delivered,2017-07-18 13:50:29,2017-07-19 15:43:35,2017-07-20 14:07:52,2017-07-21 19:49:38,2017-08-04 00:00:00
6c2d7d5f598317a20719a7e5f5487ece,c9a94eb5dd2f7cf3e804bd6f88aff19e,delivered,2018-05-09 12:56:56,2018-05-09 13:11:23,2018-05-16 13:35:00,2018-06-12 21:53:30,2018-06-04 00:00:00
807756ebd577f025334944b87da7dbc3,5e9e1ae42e02df93e9a591e86fd531a3,delivered,2017-11-23 16:47:19,2017-11-23 16:55:44,2017-11-24 15:41:57,2017-11-30 20:58:33,2017-12-13 00:00:00
4d15992eecccff8ef3bf6d2adece1b0a,b0899369e8a8bd200bade75e8ae36eaf,delivered,2018-04-20 13:17:55,2018-04-24 19:26:30,2018-04-20 23:16:43,2018-04-26 21:34:02,2018-05-15 00:00:00
e662e53aebe0a6c5d95652938e2f66d9,2959844df7ee76304ee5657652e32b83,delivered,2018-05-19 10:26:57,2018-05-22 08:56:47,2018-05-23 15:06:00,2018-06-01 18:29:50,2018-06-06 00:00:00
2591fdd6cc7718bac11436b57abd8163,0879c47e542184edf3c921d2fee17084,delivered,2018-02-12 14:01:37,2018-02-12 14:10:41,2018-02-16 22:52:39,2018-04-07 00:46:48,2018-03-07 00:00:00
da896a5afe7d1b0ae249c2c0bccb89d3,57abc9be90fb81c1dc14e5e276a4ecac,delivered,2017-11-01 21:41:42,2017-11-01 22:31:01,2017-11-09 11:35:49,2017-11-13 21:27:55,2017-11-22 00:00:00
aeeff2fef61809de5e010a78c4f83128,5a375925e8a7d2532889a3792aece7f1,delivered,2018-03-11 23:12:41,2018-03-12 17:03:06,2018-03-13 20:09:36,2018-04-09 20:33:23,2018-04-05 00:00:00
24314a5179e85ac61885767b0a94a0db,72b9c686e01ecc2e1410edff52e39bbf,delivered,2018-07-24 07:57:02,2018-07-24 11:24:03,2018-07-25 15:02:00,2018-07-28 20:13:42,2018-08-14 00:00:00
6cb295459b579361f0b6186ce45a76e4,b794de71e3798cfb1daf6aae21548bfa,delivered,2018-08-17 07:18:04,2018-08-17 07:38:57,2018-08-17 12:53:00,2018-08-22 19:21:44,2018-08-29 00:00:00
24a932502d06dc904c0af783af68fda2,744c8cf8f12ba49a474983e3bfd71c30,delivered,2017-09-27 20:37:58,2017-09-27 20:56:26,2017-09-28 16:53:49,2017-10-06 22:53:56,2017-10-24 00:00:00
1cb379c68e302e8623d49d1f3a074e26,0f80f5e23ab3d4e6c9063262eab8a241,delivered,2017-05-12 17:14:00,2017-05-12 17:25:16,2017-05-17 09:23:11,2017-05-22 19:51:42,2017-05-30 00:00:00
b3f7e36f7ae979c02959004e9d800387,27b1779273061c9e944340a87edcf005,delivered,2017-03-18 16:50:43,2017-03-18 16:50:43,2017-03-20 09:15:26,2017-03-23 15:09:53,2017-04-10 00:00:00
ecf9330db0f11c5086969ed6c7468d4a,1ffa9acae709a2dce1c4d30547f47899,delivered,2018-03-02 09:15:34,2018-03-02 09:29:48,2018-03-07 22:09:39,2018-04-05 17:41:42,2018-03-28 00:00:00
68dfe33ed363b170a0bb5b8a03cb2c14,aa4de5c6bc43c3b768146a6ac560b1ee,delivered,2017-10-02 19:26:25,2017-10-02 19:35:19,2017-10-05 20:32:06,2017-10-17 21:53:19,2017-11-08 00:00:00
987ae3e3d3b324b680851af48bc542f3,1e8e5af286e17f412f2aeaa569e358fd,delivered,2018-01-13 03:18:30,2018-01-16 03:34:38,2018-01-18 18:43:27,2018-01-23 17:22:40,2018-01-30 00:00:00
e9c8edc1722f49511639c04b493ae5e2,c254a2db825f5fddd1c3a0698302b1c0,delivered,2018-01-29 22:25:40,2018-01-29 22:53:32,2018-02-02 02:41:09,2018-02-19 17:27:55,2018-02-23 00:00:00
167c7fa7ebae209de1dae58a0ff6569b,bd5a39272bd343c4c5bf68c7d25a3b59,delivered,2018-07-07 17:10:22,2018-07-07 17:25:30,2018-07-09 14:45:00,2018-07-12 16:52:37,2018-07-27 00:00:00
a014ab9c0e9c112b791293dc9ec38320,1fcf84818399307346d0e48d203133b1,delivered,2018-07-15 19:24:48,2018-07-15 19:43:52,2018-07-16 13:37:00,2018-07-23 14:03:40,2018-08-08 00:00:00
38d544a25d70fdf56f6630a9bcf7f82d,3d0ddc15f0b45855c923fe2881dd47ee,delivered,2017-12-13 21:01:12,2017-12-13 21:10:51,2018-01-25 00:12:29,2018-02-08 00:32:48,2018-02-08 00:00:00
35319046b2532d70a1358fb96310cc24,23527f840cb0cd645fce474b5da35280,delivered,2018-01-02 14:47:05,2018-01-02 14:55:29,2018-01-03 17:37:09,2018-01-19 15:32:37,2018-01-31 00:00:00
15246ee2b24de92c7666519d10d4332f,b4b7da374cd717831c0f6d6b03b95a2b,delivered,2017-06-08 13:18:44,2017-06-09 02:42:34,2017-06-09 15:12:42,2017-06-14 14:47:04,2017-07-05 00:00:00
5a2ffe78a231c1fdf9f1bc7c7897b592,3a246064ddae27a4682505668dadaaf3,delivered,2018-04-18 10:23:04,2018-04-18 10:35:20,2018-04-19 16:41:12,2018-04-21 01:12:08,2018-05-02 00:00:00
1676852853bb81a2a74bceb23c87ea44,7d0ff11552c535ce8179ab49b5f0838b,delivered,2018-04-21 17:56:07,2018-04-24 19:23:51,2018-04-23 19:32:56,2018-05-03 20:19:18,2018-05-22 00:00:00
99d738d6bfcf410fa6924ed854246917,80fca6556f3be9f3dfe121d9466c5acf,delivered,2018-06-08 17:35:20,2018-06-09 02:57:34,2018-06-25 14:10:00,2018-06-29 21:53:39,2018-07-17 00:00:00
90176c61fcf0cfd97a3e373c0375ec49,c3e716bfcf62d9dbc2016e2983f19401,delivered,2018-07-23 09:31:44,2018-07-23 14:30:51,2018-07-23 14:33:00,2018-07-27 12:59:41,2018-08-06 00:00:00
f176a8c0c4ffb7157fbf436b5124819c,4cd315dd3593bd76bfcc693ca7e62f8f,delivered,2017-12-13 21:04:55,2017-12-13 21:14:28,2017-12-14 21:05:06,2017-12-18 16:19:23,2018-01-08 00:00:00
3615f94f721a151022a1394e0917eb9c,2a20743119a6cf1759b4ab642bd825cb,delivered,2018-05-21 16:41:47,2018-05-22 17:36:58,2018-05-23 11:51:00,2018-06-05 20:56:27,2018-06-07 00:00:00
c997b91dc02adbde398d66a919a15a81,016965c9f3a690af0314cdc8389c28e5,delivered,2017-10-07 13:59:13,2017-10-07 14:07:24,2017-10-09 19:28:01,2017-10-17 19:59:35,2017-10-25 00:00:00
9ac6f439f70af60a204c7d47285fa099,e7fa5bffe3dac4a255ededf0bdd537ed,delivered,2018-08-16 15:46:02,2018-08-16 15:55:24,2018-08-16 14:20:00,2018-08-21 19:55:34,2018-08-28 00:00:00
277ab1e8a777fefb696951ae7750c810,d857da430914a545da2201e96e5bce9c,delivered,2018-01-28 18:04:28,2018-01-28 18:12:22,2018-01-31 20:07:25,2018-02-02 12:52:35,2018-02-15 00:00:00
2a9dc7b43e650c0c2279e001012b68a9,74c02bbb65c9c231f85c4301e52c6db8,delivered,2018-01-12 21:28:54,2018-01-12 21:37:28,2018-01-13 15:42:14,2018-01-19 19:18:39,2018-01-29 00:00:00
bc603a6df45621ccfcc195300ccf8ad7,84d5fc6633f15d10448f21219fef41c1,delivered,2018-01-22 17:42:22,2018-01-22 17:54:40,2018-01-23 21:18:36,2018-01-24 19:25:11,2018-02-06 00:00:00
7a648e7b0dcf4e65e1348e16a245eca7,6bb872be660f753375ecc8ed90a1f99d,delivered,2017-08-05 11:04:40,2017-08-05 11:23:11,2017-08-07 18:31:54,2017-08-10 17:55:03,2017-08-18 00:00:00
2e528182789cc4e5d2971e5ebeb42b88,3f7906c5b247430e91ab5289a3a00e5f,delivered,2018-01-08 11:19:11,2018-01-10 19:26:20,2018-01-29 13:36:35,2018-02-16 19:32:37,2018-02-26 00:00:00
e7a2b8d18d8cf1501a61b55d6f154346,b2b73aebcc6ff904481040b41f027359,delivered,2018-03-19 16:22:52,2018-03-19 16:35:36,2018-03-22 20:26:33,2018-04-04 23:42:42,2018-04-10 00:00:00
d957021f1127559cd947b62533f484f7,47227568b10f5f58a524a75507e6992c,delivered,2017-11-14 19:45:42,2017-11-14 20:06:52,2017-11-16 19:52:10,2017-11-27 23:08:56,2017-12-05 00:00:00
dcc0c6d219152ac96b033d223d08212f,95165bcc6f4da731e079580a6e477e17,delivered,2017-11-09 22:44:06,2017-11-09 22:55:53,2017-11-16 21:25:37,2017-11-21 15:34:07,2017-11-29 00:00:00
63b6bb683b45ebaf42d0979fae65ad35,16a08791568d43a59571ac6de887b34d,delivered,2018-02-13 12:51:02,2018-02-13 14:35:25,2018-02-14 17:04:57,2018-04-05 19:47:28,2018-03-09 00:00:00
880ef31ce18ff13a46bdd8d07e2ed86a,a18e4a6af6ed2d86ea103da9e4ca0c6e,delivered,2018-08-13 12:28:29,2018-08-13 12:45:11,2018-08-13 15:24:00,2018-08-15 23:03:09,2018-08-28 00:00:00
6e6d2fca0f4f65364f5ccdf30d6bd6cf,e6ff401ceb156bf40f826479646a6c43,delivered,2018-04-26 13:33:53,2018-04-26 13:50:52,2018-04-27 11:44:00,2018-05-10 20:26:49,2018-05-23 00:00:00
7a7ca02c6fd9b1c25e9452a6f56c018a,8d35d30d13d298189f5800e7be43739d,delivered,2018-06-01 21:39:31,2018-06-01 21:51:45,2018-06-04 14:06:00,2018-06-28 15:48:51,2018-07-17 00:00:00
aac80fcf000ee1aeefa498cde2bd029a,06268eaf159395454efd7efe6b18095c,delivered,2017-04-03 18:04:29,2017-04-03 18:15:14,2017-04-05 09:47:49,2017-04-10 15:35:22,2017-05-15 00:00:00
48445cae859ffeb0add84d872ed74192,1cfe83f86072c0597cde0a10aaaf7bab,delivered,2018-05-10 23:40:44,2018-05-10 23:55:13,2018-05-11 15:05:00,2018-05-14 19:29:28,2018-05-28 00:00:00
dac3a461489588cac0ab57343d625915,2602c389a85fd89b069f888e910bce3a,delivered,2018-08-12 16:16:45,2018-08-13 13:44:45,2018-08-14 13:54:00,2018-08-18 14:52:27,2018-08-16 00:00:00
85cc29ec13537a45485f0008fd8c1e0e,1084f56c3406a924197d7ce12c410cec,delivered,2018-01-24 18:22:52,2018-01-24 18:37:40,2018-01-26 17:42:11,2018-02-25 01:43:11,2018-02-21 00:00:00
988c4ae9761f28359668d76b84b977fc,df08460daeba386017003beed23b4871,delivered,2017-08-14 12:24:27,2017-08-14 12:50:13,2017-08-16 15:34:36,2017-08-22 16:33:29,2017-09-05 00:00:00
b63c4c6a266d6aa9a9eff6e38d566e85,e0df09301eb72eb304928306a86fe018,delivered,2018-08-07 11:01:39,2018-08-08 03:15:22,2018-08-10 14:03:00,2018-08-15 22:08:40,2018-08-16 00:00:00
56a5d2f61f9244d988bb47eddf41d2d2,4fd8067d665f555451b5787cddaecea2,delivered,2018-05-15 22:50:13,2018-05-15 23:14:11,2018-05-16 13:32:00,2018-05-22 23:18:25,2018-06-06 00:00:00
5c71702893e0335cb82b288f08cacfa0,ffb3857a7f2f2945434d57e00d0a97a7,delivered,2018-08-14 11:24:56,2018-08-14 11:44:21,2018-08-14 14:21:00,2018-08-18 16:38:36,2018-08-28 00:00:00
6d1d00752d412a243d22e2f6ebbbacd9,640cc066f62aebf3f02f10267b3b5954,delivered,2018-07-13 21:34:02,2018-07-13 21:50:13,2018-07-18 11:24:00,2018-07-23 18:25:29,2018-08-07 00:00:00
c216922ad3d667fb17d7c7b6843efaab,55720455a62e996f16d67a65128746bb,delivered,2017-03-05 19:51:44,2017-03-05 20:03:00,2017-03-09 11:42:04,2017-03-13 14:53:37,2017-03-27 00:00:00
af70a5f50d99c3d85f9cc17bf5a854f3,3c720a2a22c2eba7ff0d538c9bcf192c,delivered,2018-01-10 15:01:27,2018-01-10 15:12:35,2018-01-15 15:22:49,2018-01-30 16:04:43,2018-02-07 00:00:00
e9b2cb0a38d314b43c032af4010cadc1,70227fdbc256208d5b86fe16aced397d,delivered,2018-01-10 17:19:35,2018-01-10 17:32:03,2018-01-11 19:35:50,2018-01-12 15:16:40,2018-01-29 00:00:00
cdec249ae04873faf01079ca265d7f9c,03b5f0e2f1c1973f3320bb65f511d2cb,delivered,2018-06-08 11:23:13,2018-06-09 02:57:19,2018-06-18 15:15:00,2018-06-25 14:32:53,2018-07-12 00:00:00
fdcb3d84b078ed61f1432f41e60e6aa8,daf556572d5a32abdf0ef68f7a9c3d10,delivered,2017-10-17 16:34:11,2017-10-17 17:11:24,2017-10-20 18:58:38,2017-10-25 23:58:00,2017-11-14 00:00:00
4ff30df8edae6cbf204b92a93c0b5e0e,2a8d142acdfbec6ed74798ccbdacf3d5,delivered,2018-03-20 00:27:35,2018-03-20 00:40:28,2018-03-21 18:39:40,2018-04-03 23:56:32,2018-04-11 00:00:00
a29603735d5063717c14b5f074b32c99,97ed56dad658b6e439d45f3c723167a5,delivered,2018-06-30 12:01:58,2018-06-30 12:15:14,2018-07-03 10:53:00,2018-07-05 14:24:37,2018-07-23 00:00:00
2ca9036cf880a76f0a41894ede902e55,d3a6b2cfce40a4817ca0224808197e58,delivered,2017-07-12 15:40:39,2017-07-12 15:55:10,2017-07-15 14:04:36,2017-08-02 22:39:51,2017-08-09 00:00:00
3951f9e91b0d3877585a147e9c3b2aa1,321ff1033f523be92f5456a7371ea577,delivered,2018-05-02 12:29:10,2018-05-02 12:55:18,2018-05-04 13:47:00,2018-05-12 16:46:41,2018-05-18 00:00:00
6ef2a7cbf8c6fb24f0acb656c756a44a,cf51d3ab484330d9c266cd7e83fa37df,delivered,2018-01-02 20:22:59,2018-01-03 10:29:27,2018-01-05 18:49:08,2018-01-11 16:15:45,2018-01-30 00:00:00
b1a3ef26d011b2ef46b8787429aab2a8,1a3be802bda931a4f7b09c60125d2e91,delivered,2017-07-12 23:21:28,2017-07-12 23:35:13,2017-07-18 14:22:10,2017-07-26 18:37:56,2017-08-07 00:00:00
721c8ce6d70e0d7c73d0d0ec262b09bd,95392238094a3a79b527b5f760130af9,delivered,2017-02-20 21:54:03,2017-02-22 03:15:12,2017-02-22 12:50:25,2017-03-03 12:54:08,2017-03-21 00:00:00
ec00b687490dbcd07e98596ae801b8cb,48c3645c3cb96f63683293693a6df1ce,delivered,2017-12-12 19:08:00,2017-12-12 19:18:28,2017-12-13 23:19:28,2018-01-04 22:16:23,2018-01-17 00:00:00
8554cb37f7158cb0b082a841d24a4589,788e845925ff64c9df5d8ba40e28cf50,delivered,2017-09-01 18:40:44,2017-09-13 21:58:04,2017-09-04 19:12:19,2017-09-08 20:07:45,2017-10-02 00:00:00
6e163fdf1ba2f182f3a922e26d690c09,4083d0e18e1e6e07db7707782f01a4dc,delivered,2018-01-23 12:10:11,2018-01-23 12:29:59,2018-01-24 14:03:58,2018-02-01 00:32:02,2018-02-22 00:00:00
20e7aeef769c8bce239b914e5cc7c48a,3a244dad3b1bdb9cbe87b7572a55b654,delivered,2017-12-04 21:35:22,2017-12-05 10:30:53,2017-12-05 18:59:14,2017-12-07 15:09:16,2017-12-20 00:00:00
3236502189f81db24c16f560eb9249c4,e472becff3624bda2b143a3b3ba40c2f,delivered,2018-02-14 23:52:14,2018-02-15 00:47:20,2018-02-15 18:45:01,2018-02-17 09:26:47,2018-02-23 00:00:00
8a6d43f80f46382ebf68f93d7569363a,bcc08de654149b47db809b0c8fb22269,delivered,2018-03-09 15:37:58,2018-03-10 03:50:33,2018-03-12 23:38:43,2018-03-16 17:59:01,2018-03-28 00:00:00
43b29d0de4927fa24f56341687c9e06e,acaf6410aabbc2e292355a66dd2b38cf,delivered,2017-04-21 18:10:10,2017-04-21 18:21:46,2017-04-24 10:42:00,2017-05-15 13:44:36,2017-05-25 00:00:00
f7059c86772ca15e9640e43be7c31fb1,63245dac879daaff3b3a4e5e6f5946aa,delivered,2017-10-04 16:29:59,2017-10-05 03:07:19,2017-10-05 21:53:37,2017-10-09 22:05:05,2017-10-31 00:00:00
0749c0c521a53f4a99f4c7be0d92df95,55439d42edb27419fd91de6c518aa06c,delivered,2018-02-28 12:44:18,2018-03-01 07:08:36,2018-03-08 19:50:56,2018-03-27 14:49:15,2018-03-19 00:00:00
4528d2df0746ab4a83a886d17f66a9de,743f8a089b90659ceca3d124851fec56,delivered,2017-10-11 15:47:38,2017-10-11 16:07:00,2017-10-13 20:09:02,2017-10-16 13:47:11,2017-10-24 00:00:00
3629e2c183d64e30de63e3bb23b00ade,210d92265b5558103e2c92484d769037,shipped,2017-04-08 12:40:19,2017-04-08 13:10:16,2017-04-11 12:17:23,,2017-05-02 00:00:00
a7236413cd736310eb6cba19e4f4c3d8,ae0385f6057d8cb0b9b9ff02285be0b1,delivered,2017-05-29 14:42:26,2017-05-29 14:55:18,2017-05-29 16:16:46,2017-06-07 13:47:42,2017-06-26 00:00:00
ce2667764bd01eec8aafd6f09282c9cb,7f496439f95f7f7e21190c2a682db377,delivered,2018-02-05 12:09:09,2018-02-05 12:29:47,2018-02-06 23:57:47,2018-02-16 18:23:14,2018-03-02 00:00:00
f200b8f0491708e277a34c5ba941c5fb,0ef26842f4a113476d65b0efaaea83d3,delivered,2018-08-06 17:59:30,2018-08-06 18:15:11,2018-08-07 11:57:00,2018-08-16 19:31:28,2018-08-20 00:00:00
f981f066bfdadabcbba7c2dc9f076303,dc21eb3a96b071672dbe53873234d108,delivered,2017-07-13 20:15:15,2017-07-14 20:23:44,2017-07-19 16:44:51,2017-07-25 19:25:29,2017-08-09 00:00:00
4c82feb16c97c5a06a2ef8df484892c8,12088ac6ea84edd4538e734343afa548,delivered,2017-07-23 17:56:04,2017-07-23 18:05:23,2017-07-24 20:46:05,2017-07-27 21:43:34,2017-08-11 00:00:00
5e2f728756528c53b5990e00b132f187,617ccd5f507624d9e0a0ba40f21d0895,delivered,2018-01-28 15:55:56,2018-01-28 16:10:41,2018-01-31 18:12:57,2018-02-07 00:22:52,2018-03-05 00:00:00
299e8d399d78b7abc915b3d059a6c712,42eeec63715bcb9b24e4ecb9e0801b27,delivered,2018-08-18 19:52:16,2018-08-18 20:10:08,2018-08-21 15:56:00,2018-08-27 15:07:39,2018-09-04 00:00:00
39dcfe88340a4cc89c897eb4b34f80dc,8cb692e725ca4ea31a40a14fc64725a0,delivered,2018-04-28 12:10:34,2018-04-28 12:30:18,2018-04-30 14:07:00,2018-05-03 06:58:50,2018-05-21 00:00:00
8a30e60c68df3fd5ca4cd1070083c3f8,2960f5e24b6f226a7a6b0434a0d9dbf6,delivered,2018-06-06 18:03:53,2018-06-06 18:15:25,2018-06-14 08:48:00,2018-06-21 21:26:38,2018-07-17 00:00:00
7e054f9f05a6b366eaf1fe25293cfefe,b69bbfdbaef0318db83e5351cf4a3059,delivered,2018-06-12 16:50:23,2018-06-12 17:31:34,2018-06-13 14:11:00,2018-06-18 22:38:55,2018-06-25 00:00:00
bf3aac7b998a34f5bc14f646652e7bed,97ba7ab5636b3e4696989ffb223ff95f,delivered,2018-07-03 22:31:17,2018-07-05 16:22:47,2018-07-04 14:05:00,2018-07-07 12:54:50,2018-08-08 00:00:00
cbee613df3011873a6857cb4762348ce,8d442e7b48b54d59dcb3f44ea7bed72d,delivered,2017-12-26 10:35:51,2017-12-28 02:35:52,2018-01-05 16:39:11,2018-01-10 18:42:47,2018-01-22 00:00:00
00cf47526e0f7920b381b2baf4ecf1c7,1563bfe4b8d21ed87a2dd20cb1fae1a7,delivered,2017-02-09 13:21:46,2017-02-09 13:35:21,2017-02-10 13:27:09,2017-02-16 10:34:15,2017-03-17 00:00:00
c9ca2756f9123246e7feabce15ffac4b,aa36774d9e3055c3dfece350882e05e8,delivered,2017-08-28 08:04:37,2017-08-28 08:15:20,2017-08-28 20:03:45,2017-08-30 15:40:10,2017-09-14 00:00:00
306c38865a76ef1bcf4c98ed5f235673,9a257eee27282e867628ed2c04b03cf7,shipped,2017-09-12 08:41:07,2017-09-12 08:50:22,2017-09-15 21:07:34,,2017-09-25 00:00:00
b336214a092c49699b59cfefc4b19ff1,97e126f19a6f04b3462619f36862bcd2,delivered,2018-03-21 14:15:40,2018-03-21 15:30:34,2018-03-27 17:04:02,2018-03-31 19:03:35,2018-04-03 00:00:00
1d54af1bf3179b54f046212de28f8bc7,0ab303f6065bc9bf8d4ff5a56cf5c52e,delivered,2018-08-09 08:37:26,2018-08-09 08:50:35,2018-08-09 08:33:00,2018-08-17 21:03:54,2018-09-05 00:00:00
d0c6b8ee36354c87e501cc93b88dc057,6e68b6dc067250f47b8fefde703ba5fa,delivered,2018-03-08 18:08:03,2018-03-08 19:40:29,2018-03-12 20:48:30,2018-03-29 20:12:20,2018-03-26 00:00:00
bd443caeb1873dd616185acf5162d26c,07442d34d7859515951ba034f7e61a16,unavailable,2018-03-21 09:23:07,2018-03-21 17:08:52,,,2018-04-19 00:00:00
9d3da528dc19e8ac4ad42ed097e8d065,1dce06e9d27c9c17cce1a77ba6a3335c,delivered,2018-07-05 18:35:51,2018-07-05 18:51:02,2018-07-06 10:39:00,2018-07-13 18:21:34,2018-07-31 00:00:00
a266e0f988a0cf8c1fbbf64e0687ab26,5047508baa0da949a7e0d1cf934996d0,delivered,2017-11-10 11:57:49,2017-11-10 12:10:49,2017-11-17 20:28:48,2017-11-24 20:16:59,2017-12-06 00:00:00
60f9a8bb9a63c3a3a0a57eedd90f1536,441a64d207dab5faa2b66a381d759148,delivered,2018-03-27 15:44:50,2018-03-28 02:50:25,2018-03-28 19:11:04,2018-04-09 20:49:36,2018-05-02 00:00:00
8048f4c2213c7ef433ffc4c00e017c14,ca4a9301e34a44b3ecbb78fe6365a568,delivered,2018-01-30 12:01:37,2018-01-31 13:32:10,2018-02-02 02:21:34,2018-02-07 21:22:42,2018-02-21 00:00:00
d6facb241e387bcff2026c6cc25eaf68,770946d4994fac90f3b62e650bcd9670,delivered,2018-08-06 15:08:45,2018-08-06 15:24:44,2018-08-16 09:28:00,2018-08-21 00:41:16,2018-08-14 00:00:00
d6a4e0f6f17d5eda710c204339ec6e51,79cfb6b5779aa070da07c2e5cafb7bee,delivered,2017-07-12 17:21:23,2017-07-12 17:35:10,2017-07-13 20:44:39,2017-08-03 18:48:19,2017-08-17 00:00:00
ccd6dca45b65f311ff32ed8fbfdc1efd,47594e76b02dbddd84852fc6ee7488b6,delivered,2018-01-22 19:14:06,2018-01-22 19:36:20,2018-01-26 21:58:43,2018-01-31 14:56:49,2018-02-06 00:00:00
292171c563ccd92b1a575a2dc05e162d,a281d16482531425182bf9c3eadf5bd6,delivered,2018-01-08 10:20:43,2018-01-08 10:29:20,2018-01-08 20:19:17,2018-01-29 14:29:03,2018-03-01 00:00:00
69667b3cf01cc08504df14966a6b587a,cb259b37d86274f7e0456078a08a936f,delivered,2018-05-10 00:37:50,2018-05-10 00:57:09,2018-05-11 08:43:00,2018-05-17 01:19:35,2018-06-01 00:00:00
57274bbddd47fb5bf2f1d08edb906d18,21cc11c6a283e71268806215502a8ec1,delivered,2018-06-20 15:00:32,2018-06-21 03:17:28,2018-06-21 15:14:00,2018-06-27 16:33:29,2018-07-20 00:00:00
c4ca4450ac2974ba5eeb4832b7ec724a,314a2d71cc565d90ca1715dcb8bd336f,canceled,2017-05-12 10:28:30,2017-05-12 10:42:45,,,2017-06-05 00:00:00
f40f7c7b33563806cf705cb088c2cbd3,154930c28c2d109634219d99db20c23b,processing,2017-02-05 18:11:48,2017-02-05 18:25:09,,,2017-03-16 00:00:00
f71640d90e6e9a31928e18730dbac95c,9ec3bc2615120af90c75c1cc7bc4fa81,delivered,2018-01-08 11:10:20,2018-01-08 11:16:22,2018-01-10 22:34:25,2018-02-01 17:22:03,2018-02-09 00:00:00
b41615b1708e1ff9df91b0cd0f6fdffa,2fe77f33727918b1d8fa3e990d4967ac,delivered,2017-09-28 17:34:28,2017-09-28 17:49:35,2017-10-02 18:55:57,2017-10-10 20:02:46,2017-10-24 00:00:00
1ad01a793bf3c9b8c126414f162a6a0d,6e618be27eebe83f66877c4ffaec199d,delivered,2018-08-05 19:30:49,2018-08-05 19:45:11,2018-08-06 14:13:00,2018-08-08 17:38:50,2018-08-28 00:00:00
b866af202be0692766081310cd4085e1,d1800078046ed2e5ae1b0792b695c56e,delivered,2017-01-27 14:59:17,2017-01-27 15:30:46,2017-02-20 02:32:08,2017-02-15 03:53:46,2017-04-17 00:00:00
1dab0c0287080d25e4e38d906304268a,3ad9b31f1c0e0abed644213c14a50deb,delivered,2017-06-19 12:29:14,2017-06-19 12:43:05,2017-06-19 20:11:47,2017-06-28 14:03:44,2017-07-11 00:00:00
ad9c035288b84041ed2c530e8e09db8e,c144ae806d6a6daa786935468826bd0b,delivered,2017-10-06 11:41:20,2017-10-06 11:49:46,2017-10-11 10:30:15,2017-10-24 22:11:34,2017-10-30 00:00:00
37944c14b9384f4494476b8979f9d0b3,77dc6dea7e5d08bfea0c98b5b377032c,delivered,2017-02-04 21:58:59,2017-02-04 22:10:10,2017-02-08 11:05:19,2017-02-17 10:41:47,2017-03-08 00:00:00
12d9723638a09350ec19ea8d66073249,13d6935a154e88a19cec61280ff67217,delivered,2017-09-01 20:05:31,2017-09-01 22:25:46,2017-09-04 20:51:14,2017-09-11 19:37:55,2017-09-20 00:00:00
3237491ee1f51f346e175b2dc581b734,020f4af7eeabf986e31eb7ac4c6597cb,delivered,2018-04-28 13:22:03,2018-04-28 13:34:33,2018-04-30 12:49:00,2018-05-03 15:32:49,2018-05-18 00:00:00
4cb8dd7ed38c78241066cdaa289811ba,250dfa98c84cdde19347af0428388a8c,delivered,2018-03-15 22:07:54,2018-03-15 22:32:07,2018-03-16 17:51:50,2018-03-26 15:51:46,2018-04-03 00:00:00
e7936a401afbee6c79803b3b554392e4,17213edc4e246e6c681d74dfa9c8c38a,delivered,2018-03-10 13:21:46,2018-03-10 13:30:24,2018-03-12 16:40:51,2018-03-15 19:12:44,2018-03-22 00:00:00
607eee584aa2eb64b8e9464c5e590efc,9b3879ba197eaf4fad695002924c353e,delivered,2018-02-24 19:47:16,2018-02-24 19:55:46,2018-02-27 17:44:31,2018-05-04 20:32:36,2018-03-23 00:00:00
4c907885e2378d72e669a15367eddd7e,f4e93290ffb2b56c8820d4fcc4cfd00b,delivered,2017-05-18 02:11:37,2017-05-18 02:22:55,2017-05-18 13:02:27,2017-05-19 15:47:34,2017-05-31 00:00:00
8e3c9254e32eaf71c2212f6cebdc24f7,873bfa2a703bc5d760b93ea19968b098,delivered,2017-09-06 11:44:23,2017-09-06 11:55:21,2017-09-08 17:41:39,2017-09-19 18:32:33,2017-09-29 00:00:00
fb75871974a19244a87fcafde416f747,4e46d8da3f58d1c99839a534603f28b8,delivered,2018-04-02 21:49:10,2018-04-02 22:09:39,2018-04-03 22:56:51,2018-05-02 14:40:48,2018-04-30 00:00:00
8f72f1ad07895bd823ba96b580936a1f,754582123dc2d1d268954366598a1e51,delivered,2017-02-03 10:15:40,2017-02-03 10:25:10,2017-02-08 09:54:31,2017-02-16 13:13:10,2017-03-14 00:00:00
91079b156c39889cadb92d6465aeb0fe,d738a387081b0f1888371eb48c490e2d,delivered,2018-03-12 17:56:57,2018-03-13 17:55:39,2018-03-14 23:54:26,2018-03-21 16:44:48,2018-04-11 00:00:00
ab4d923f0c19b1189d542b64352de060,1c0e9715c380fa64e78e153642be4d68,delivered,2018-02-12 13:28:52,2018-02-15 03:51:29,2018-02-23 22:05:34,2018-03-14 17:16:27,2018-03-12 00:00:00
db1a0dfa0be98703ab2c735d2acbffb1,8bbdb1412355def8cec751a5632cf0f4,delivered,2018-04-06 16:41:40,2018-04-06 16:55:31,2018-04-10 16:32:34,2018-04-27 18:32:55,2018-05-03 00:00:00
a4244008bc97ae9cdc3807237fa83229,e45faa95f70de28f25dcf2ce74f64339,delivered,2018-06-18 14:28:22,2018-06-18 15:01:10,2018-06-20 14:10:00,2018-07-03 17:38:49,2018-07-24 00:00:00
bea1ab5c0fe7913f170dd7e82e53dac4,8463eb1c27b6661566237aec63c3ede9,delivered,2018-08-15 15:18:12,2018-08-16 03:24:07,2018-08-16 14:46:00,2018-08-17 22:51:33,2018-08-27 00:00:00
2f58cd82a10607b002725193afe913f5,fc618ecfa7879ba8f15a0b1975f15670,delivered,2017-03-14 09:53:26,2017-03-14 09:53:26,2017-03-15 09:47:51,2017-03-20 08:35:19,2017-04-06 00:00:00
123609d09763b3bd86c2046f54b391e6,b00f783912a7d0c7499f43d21afe63fb,delivered,2017-08-26 00:23:01,2017-08-26 00:35:25,2017-08-28 15:47:35,2017-08-29 16:00:09,2017-09-08 00:00:00
fe1466a3d7546b7ae29bcd953b472339,06e663beae776e2f679ae6d7ccfd222e,delivered,2018-04-02 07:06:21,2018-04-02 08:29:02,2018-04-02 18:56:33,2018-05-16 19:55:39,2018-04-24 00:00:00
49df58eca26497b2af5a5685006f9615,20beaf3319dcb7deec6ab4db1e559e8d,delivered,2018-07-12 08:58:26,2018-07-12 09:10:16,2018-07-12 13:58:00,2018-07-13 23:51:39,2018-07-20 00:00:00
ba1cb152ffbff7aeb5630aceb9b6d212,ae514a3a680d817b98d83f750b1a5ae9,delivered,2018-08-06 09:53:27,2018-08-07 04:10:24,2018-08-07 12:37:00,2018-08-17 18:37:45,2018-08-23 00:00:00
2bdb1ceae8421ac97f2d12683e1bd495,7247470795644ce2193f5e3156ce74bf,delivered,2017-11-30 00:27:19,2017-11-30 00:37:27,2017-11-30 21:56:35,2017-12-18 19:28:54,2017-12-28 00:00:00
cc585bf1df31232b1654bde95ef0730e,3fee10e96b1e1fc1a04c37d8bbe41fdf,delivered,2017-02-04 10:06:56,2017-02-04 10:21:40,2017-02-07 09:13:32,2017-02-08 15:48:48,2017-03-01 00:00:00
218bc576cc67d1b76c855f861eb24bcd,a64528d4c047cd670cfe7fd2dcda67fd,delivered,2018-04-15 12:53:24,2018-04-15 13:10:27,2018-04-17 17:41:50,2018-04-20 18:38:27,2018-05-09 00:00:00
41fd6d7314a043c3efb80fa61af305a2,9948a62ac22601e8e6bf9708ced72df9,delivered,2018-02-21 07:41:25,2018-02-21 08:30:29,2018-02-21 21:29:23,2018-02-27 20:41:37,2018-03-19 00:00:00
b624512c534133dd5a23c9a1acb8e2b0,e7874858d0f02ac36d9d31fe810617d4,delivered,2017-10-09 20:30:25,2017-10-09 20:49:42,2017-10-11 00:38:01,2017-10-17 18:13:46,2017-10-26 00:00:00
d82cef48824870df9946d57e827ed727,500bbe66867d0f0bdb3531af1e052b4b,delivered,2017-01-05 14:33:39,2017-01-07 03:44:20,2017-01-11 16:09:06,2017-01-16 16:44:55,2017-02-13 00:00:00
a0c370a65210b6a6e739cf8e302b9c77,753fd6ea5bfbdb42323563c2ce2f9003,delivered,2017-12-03 11:13:17,2017-12-03 11:32:05,2017-12-06 21:27:33,2017-12-13 21:07:40,2018-01-09 00:00:00
df4f48842246425e222577200fdb0af3,a7077339054de9a29d5d10d1e4dc185c,delivered,2017-11-30 08:32:04,2017-12-01 11:31:05,2017-12-05 21:22:09,2017-12-19 12:42:34,2018-01-02 00:00:00
448645ea240ea7aa0dcc61d2cad9eb5d,f13fded6c65a073bdbfc42663acb4e1b,delivered,2017-11-14 12:43:37,2017-11-14 12:56:06,2017-11-27 13:20:13,2017-12-04 15:52:14,2017-12-13 00:00:00
654805da7796bdc6a5d6811537bdb39a,9b5af511b8833b20a6e0299008c8e7ce,delivered,2017-05-31 18:30:03,2017-05-31 18:42:32,2017-06-06 11:33:34,2017-06-12 14:59:29,2017-06-23 00:00:00
b29403efd8bacde6cfde49d511ada5fc,afa8c5e2e861d880271bf62d022b0525,delivered,2017-03-07 22:15:34,2017-03-07 22:25:18,2017-03-08 12:12:24,2017-03-15 10:24:50,2017-03-30 00:00:00
3d308f2c115e6931c3ca351c4fc35ae3,76f873d7c71e9afa58a61ae43e5ebed8,delivered,2018-02-22 22:03:15,2018-02-22 22:15:32,2018-02-23 23:28:36,2018-03-02 22:28:54,2018-03-14 00:00:00
3a8956c9e01ad44cc4b5c15137438d41,90432db975af17615634093966472017,delivered,2017-11-17 00:17:35,2017-11-17 00:30:48,2017-11-17 22:22:42,2017-11-24 23:06:48,2017-12-14 00:00:00
ec5762f3473496f1c03e6c970c46518b,6704402801c7e587ab790c128a619a40,delivered,2018-05-03 16:43:44,2018-05-03 17:31:29,2018-05-04 14:40:00,2018-05-24 04:52:48,2018-06-07 00:00:00
dfdea30e22de87f0d4db667ee078825f,3e03d4153f402a107117e6eb0bab7ec8,delivered,2018-02-23 13:01:41,2018-02-23 13:15:43,2018-02-27 16:08:06,2018-03-19 22:48:39,2018-03-22 00:00:00
525ef5459736975ad3586bef388ea0f6,4543b7479c6d4c5d2a40900b26791211,delivered,2017-07-27 12:22:59,2017-07-27 12:30:16,2017-07-27 18:17:54,2017-08-01 21:09:14,2017-08-30 00:00:00
43d0e984f7e7256bce2b8f15fdfef0dc,1575a1538d2879dce4c6c8669c661ed5,delivered,2018-06-24 21:46:56,2018-06-24 22:13:46,2018-06-25 13:12:00,2018-06-28 14:47:23,2018-07-20 00:00:00
1b760c8f4093bfc9fe9df789a58c5554,06ec6c3121f033000bbb535a2e10b8c0,delivered,2017-03-06 16:23:20,2017-03-06 16:35:16,2017-03-07 07:42:06,2017-03-17 08:11:48,2017-04-06 00:00:00
e18f0fd2df4f25844746735c988bf005,9d9087fa1778208535484ce5ecf69f70,delivered,2017-08-02 19:59:40,2017-08-02 20:15:16,2017-08-08 14:38:28,2017-08-11 18:39:27,2017-08-22 00:00:00
88a508c1d26ebce186f2488575a1a3f0,7e81c56aeac78d84cd3d865a23c87ffe,delivered,2018-05-14 15:42:18,2018-05-16 03:15:06,2018-05-16 14:46:00,2018-06-01 16:49:50,2018-06-04 00:00:00
d762e245b7d93fe1fc56d6ed89782027,b68970b1f72d8c9bab15252cd1f69094,delivered,2018-08-04 11:44:26,2018-08-04 11:55:22,2018-08-09 13:02:00,2018-08-14 19:16:48,2018-08-22 00:00:00
ec2738d1b8cdc75fa4c9425432f5053c,3f9c2ab2dba880b58557d8bc27f43da2,delivered,2017-06-19 01:46:34,2017-06-20 11:35:25,2017-06-20 13:19:36,2017-06-29 07:03:50,2017-06-30 00:00:00
5e1c7d900683c3752dcb5908d72eed78,3032b22c601697f4792cc92d2f434cc2,delivered,2018-01-22 21:07:55,2018-01-22 21:19:30,2018-01-23 20:45:06,2018-01-29 23:54:53,2018-02-07 00:00:00
53f260008dbb42fdc2b7a59b451f20d3,2846f353d08aedca3393a089ef1e3841,delivered,2017-07-17 04:13:14,2017-07-17 05:20:15,2017-07-19 01:17:30,2017-07-26 18:04:04,2017-08-04 00:00:00
c0c191eae0abb3ed5ed5a5cfd5879a35,09678fa7223b533a073bdb09189826ae,delivered,2017-04-24 17:42:25,2017-04-24 17:55:15,2017-05-11 09:03:10,2017-05-26 10:34:57,2017-06-07 00:00:00
f8a3dc81761d2783626d9deb2dc55088,cd016e415a90516d06178e876e57a734,delivered,2018-04-20 21:44:04,2018-04-24 19:00:41,2018-04-24 17:07:44,2018-04-27 18:42:00,2018-05-11 00:00:00
fff2cdc825f9fc0ba3c04227cfa02303,9c18c06ccf9b2fafcc5f956c5b145212,delivered,2018-02-02 10:28:41,2018-02-03 02:52:42,2018-02-08 00:26:55,2018-03-12 17:08:53,2018-03-06 00:00:00
6d9bd9b4caa7d961a6d31427ad0e557e,9e20ebbaa01f591ef3b9bc4018100d70,unavailable,2017-11-24 17:45:10,2017-11-24 21:12:54,,,2017-12-20 00:00:00
c41156a66829f82ecae077059c6ec307,12b16a48c796ee39d12b58170a6cf178,delivered,2018-06-11 23:08:58,2018-06-13 02:18:55,2018-06-13 11:46:00,2018-06-20 18:54:21,2018-07-12 00:00:00
bcafe5369145806f5c012da26c496a39,e283e924531a3ed4cfea8c4bf3b680e3,delivered,2017-09-07 08:14:06,2017-09-07 08:25:17,2017-09-11 15:47:34,2017-09-18 20:27:28,2017-09-27 00:00:00
f586f078b428a8fa67820e1606760010,8aefefb66cb5293d6193a83ee009ee1e,delivered,2018-02-23 17:04:14,2018-02-23 17:15:39,2018-02-27 20:42:46,2018-03-08 11:56:30,2018-03-20 00:00:00
5666230c6a680634960e0ad521c2e964,4ef52e0e0e85972d96726c34f066ca06,delivered,2017-02-15 01:47:10,2017-02-15 01:55:11,2017-02-16 09:22:53,2017-03-02 16:57:52,2017-03-16 00:00:00
8e8b51e17eee9ba8af38266e4c242549,d8680d7af781392083d4255c8e19379f,delivered,2018-02-08 16:22:06,2018-02-08 17:06:39,2018-02-09 18:33:11,2018-02-20 00:55:02,2018-02-23 00:00:00
2df2cf698fc8633cca4e90baa85fdf0b,24754bc3816ebde11b041188955e6005,delivered,2017-03-23 22:17:44,2017-03-30 18:45:08,2017-04-03 08:42:03,2017-04-18 14:23:05,2017-04-11 00:00:00
0193a99edc8c599aaa16f9b9e991efb8,27b04e3afd2217cfac1020a7da0cfc25,delivered,2018-07-29 07:27:26,2018-07-29 07:35:09,2018-07-30 15:11:00,2018-08-01 22:32:40,2018-08-13 00:00:00
3d3aa235444c30c308514e51681d8546,fa2e394850ab9f289207b4e7ddc321ba,delivered,2017-11-24 17:41:54,2017-11-24 21:12:46,2017-11-27 17:32:57,2017-12-06 23:06:16,2017-12-15 00:00:00
5312bad5331c273fdc6cb8069bedcd03,80911d64b01b8af716553f3b45393ad1,delivered,2017-11-03 14:23:33,2017-11-04 07:30:41,2017-11-08 19:19:21,2017-11-17 20:28:45,2017-11-23 00:00:00
6f550fd7d5d229732c20208da33c9ec2,4f336a63def235358526a892db1e6271,delivered,2017-12-15 10:14:23,2017-12-16 02:38:31,2017-12-20 00:14:04,2017-12-28 18:43:41,2018-01-15 00:00:00
cc3bb9e4d338a896bd8fce41378188a8,cda4ace9d3488ad26d62ad6e0d006ab2,delivered,2017-12-10 22:50:52,2017-12-12 03:50:22,2017-12-12 21:42:23,2017-12-13 19:35:59,2017-12-28 00:00:00
95c65562cba3f7e4f6714f94ee4bea4e,c9e11bbf1fd45e98439aac0550ba1fbc,delivered,2017-11-18 15:06:37,2017-11-18 15:26:22,2017-11-27 13:33:08,2017-12-07 19:41:24,2017-12-13 00:00:00
7401e625187bca3e5384aab49fe0462e,5f9f685cd7513c15df4a381258d9eea2,delivered,2018-04-08 19:11:48,2018-04-08 19:30:24,2018-04-10 00:11:53,2018-04-18 23:42:40,2018-04-27 00:00:00
17999150a37e709ef58ae49a064400fa,ed9264b6228fa70e32fd889810682e2f,delivered,2018-05-26 11:57:19,2018-05-26 12:18:42,2018-05-29 13:58:00,2018-06-04 20:52:00,2018-06-29 00:00:00
ac5cedb0f5d816dd6ac33929fcfd1f00,7b87f9d9260375df2715f4891755159d,delivered,2018-06-07 10:29:22,2018-06-08 02:35:22,2018-06-08 13:37:00,2018-06-19 16:55:46,2018-07-19 00:00:00
266a198b3eba3404ac7d59f4f343b838,050e8225e588d2bbf4fa15f2f41a5c0d,delivered,2018-04-27 14:58:35,2018-04-27 15:10:11,2018-04-30 06:21:00,2018-05-04 20:48:33,2018-05-21 00:00:00
bd5f96c3f69f19e9e3ff6b3ed0c6a58e,394b4a9c7bdcf6237035a7b88814dfbb,delivered,2018-03-11 14:25:06,2018-03-11 14:35:46,2018-03-13 19:56:38,2018-04-03 16:46:56,2018-04-10 00:00:00
25cbaa3b665ea64cc34910aed433b5a5,66647edc08dc0444b86bcfdf1181d0af,delivered,2018-01-17 17:18:32,2018-01-17 17:29:22,2018-01-19 01:58:55,2018-01-31 16:52:46,2018-02-15 00:00:00
2980c5c6838667e778dc37ac903be54f,e54901a3daa7ac6cf4ddc39ffe36f174,delivered,2018-06-20 12:26:50,2018-06-21 03:17:45,2018-06-21 15:07:00,2018-06-23 17:03:55,2018-07-03 00:00:00
e117ced88985de310c55a4f417b2028d,933bab0e42c2ca412e361796ba65cd24,delivered,2017-11-28 14:13:22,2017-11-28 14:30:41,2017-12-02 00:09:10,2017-12-04 15:52:06,2017-12-12 00:00:00
fa80f02ebe2844509c609c9f2b923f72,802c2f35fdb3e279a6d2b470cf54e4e1,delivered,2017-03-21 13:42:10,2017-03-21 13:42:10,2017-03-24 10:12:17,2017-04-03 22:34:24,2017-04-11 00:00:00
0990523dcb57830447203c2e6d8804d0,2c143a285d05f7ed636955c1487082dc,delivered,2017-09-16 09:34:01,2017-09-19 04:05:55,2017-09-19 17:13:00,2017-09-25 20:10:15,2017-10-11 00:00:00
70863e8ef99613bbc8f854807d187ea7,2bbd32d4ef14893d2d8c1a0df08403cf,delivered,2018-02-12 10:12:54,2018-02-12 10:28:11,2018-02-16 01:49:11,2018-02-27 22:09:24,2018-03-06 00:00:00
f7cc115bdf4af94acf9b6da346ee1c88,f52778cec7c76551b704ecfd145d8ac5,delivered,2018-05-24 21:00:27,2018-05-25 02:55:01,2018-05-25 15:35:00,2018-06-06 16:50:32,2018-07-12 00:00:00
b8afeb65bbea252eef3d4a2845dfd6ab,b5c31aca67859c379f337d6c95cb37a2,delivered,2017-02-06 15:58:15,2017-02-06 16:05:32,2017-02-07 16:33:54,2017-02-13 19:47:26,2017-03-03 00:00:00
f4309c5ccc24874aba5de216dc1616f0,265ca4a2dfc340879f5a626c4d58a741,delivered,2018-01-23 12:48:41,2018-01-23 13:02:17,2018-01-24 22:51:38,2018-01-25 20:34:57,2018-02-07 00:00:00
aca1243538a8bc195f2f017f8ea2456f,ac04d20dee082dd5bbed0e9cba669006,delivered,2018-03-18 20:47:46,2018-03-18 20:56:02,2018-03-27 00:57:36,2018-03-27 19:04:27,2018-04-04 00:00:00
a33b289433334b5de7fc4a053c290af8,f65326b2ac36be7ebdf22698f41654ae,delivered,2018-02-25 19:28:18,2018-02-25 19:47:48,2018-02-27 01:38:48,2018-04-12 20:21:41,2018-03-23 00:00:00
67feea73c5369c0921af9d3c2d566edc,30e29f069eb150845319d80fabf966a4,delivered,2018-07-21 21:36:11,2018-07-21 21:50:14,2018-07-23 10:43:00,2018-07-27 15:58:25,2018-08-15 00:00:00
a8e07b5f89eea93b13c38bab2e06b185,8e89bdaf0aa7d88665f7db2745e3bb2c,delivered,2017-11-10 13:12:04,2017-11-10 13:27:37,2017-11-10 20:12:57,2017-11-16 21:14:52,2017-12-07 00:00:00
a40644cc74b7b5cc5d97aadc54b2f8c7,8d01aee3734d2912fd26cf34d9f0a462,delivered,2017-08-07 14:07:24,2017-08-07 14:43:12,2017-08-07 19:49:59,2017-08-10 23:08:06,2017-08-25 00:00:00
00beb247698c6aae94e3f859d279e2cd,fb6730884fc4466765ef8619cfe90ced,delivered,2018-05-24 22:21:17,2018-05-26 02:18:43,2018-05-28 15:04:00,2018-05-29 19:11:16,2018-06-11 00:00:00
656c5942e852b20473ae268796549007,101d39bdb54f67679b8c00266d255091,delivered,2018-07-22 14:46:48,2018-07-23 12:32:13,2018-07-24 13:43:00,2018-07-25 16:16:31,2018-07-31 00:00:00
f8687dbf5b2eb77e1a9ed2d9ab104901,5743e9b0a6cef4a68089b2bcaed6b99c,delivered,2018-08-22 18:27:48,2018-08-23 02:44:32,2018-08-23 13:22:00,2018-08-28 19:36:40,2018-09-03 00:00:00
b0e9d3c0fc3bfc2a528984e5342cf888,d3b5797dee5797b65dd4082c01788374,delivered,2018-05-01 15:58:39,2018-05-02 16:19:50,2018-05-03 10:39:00,2018-05-09 21:33:31,2018-05-28 00:00:00
cd077df405bc0e52ce5534344785b0a6,732156e863a2e1baf78dfab70fe7bfce,delivered,2017-07-19 13:34:35,2017-07-19 13:45:10,2017-07-20 16:22:05,2017-07-31 17:09:11,2017-08-24 00:00:00
cba0deb7b7e121a54760408a83ecc42c,3d28d14c658443737fdd829791fa639a,invoiced,2018-08-06 15:03:43,2018-08-06 15:15:26,,,2018-08-10 00:00:00
bd8076c7068a60bf3d148350c9ad9975,f26362ce1101bac7aa6cef6293e0939e,delivered,2017-10-02 14:15:25,2017-10-02 14:28:27,2017-10-03 23:05:52,2017-10-06 19:13:40,2017-10-18 00:00:00
ce7e2fea4efc732fbc5fd04753f2e549,f6ec4bf0075a889306d2142c620e081c,delivered,2018-03-18 17:27:38,2018-03-18 17:50:37,2018-03-21 22:48:50,2018-04-17 19:28:39,2018-04-16 00:00:00
c3fb3cb084af855d673862998039acc0,6400c677eed091d6188649f7a9b0a4f4,delivered,2017-05-31 10:46:45,2017-05-31 10:55:21,2017-06-07 16:15:30,2017-06-09 15:38:29,2017-06-13 00:00:00
f7a282c5fe8addefb48793a1a8c2ea83,d225478ebc7787b9b8774397fd3ae56b,delivered,2017-07-19 21:04:25,2017-07-19 21:15:21,2017-07-24 12:54:45,2017-07-25 19:53:56,2017-08-03 00:00:00
ca5a59edbeb8c782bd62affe617fd6e6,cf5bce158346664ec3c99908187f9e5d,delivered,2018-06-12 11:32:04,2018-06-12 13:03:45,2018-06-13 08:36:00,2018-06-20 01:08:44,2018-07-17 00:00:00
b7e7a51c59d4fbee84da2087969feef4,ce32d5a933d1b90cfe16e4a050011736,delivered,2017-06-24 15:21:07,2017-06-24 15:35:10,2017-06-26 13:52:29,2017-07-05 17:37:58,2017-07-20 00:00:00
ec6904db8d96bfec75b3e99ffe8221a5,683a11591ffc56e8e5f68d26a04f4e81,delivered,2018-08-14 07:58:10,2018-08-14 08:10:21,2018-08-15 19:40:00,2018-08-16 16:57:51,2018-08-23 00:00:00
c3a6968588b9919abfdbe63026307d70,102e73eeb4aab43d6ae6507cfea50063,delivered,2017-11-24 23:57:28,2017-11-25 02:53:09,2017-11-29 21:18:59,2017-12-06 20:32:36,2017-12-22 00:00:00
b904f1d4eae5c3b0b494496e96606528,9f6eee61868a4161618844b56154ff08,delivered,2018-08-09 13:44:57,2018-08-09 14:26:11,2018-08-10 12:59:00,2018-08-14 19:36:37,2018-08-20 00:00:00
9337001e908fabd60aad0728f4a8f5b6,721ca1652b2116e623cc4e10150239d3,delivered,2017-08-30 10:40:12,2017-09-01 04:34:08,2017-09-04 22:08:14,2017-09-08 17:13:59,2017-09-26 00:00:00
d0bd537e7e77a73e81af9b780f6a4c17,e20b0ccbb0f3f96b2dc7960d76b8ef3b,delivered,2017-11-26 20:33:18,2017-11-26 20:53:16,2017-11-27 22:03:39,2017-12-02 20:24:24,2017-12-11 00:00:00
52b5d339bbba7bd8f18ca836ab540227,77a8648e1307e78ab3252b2e6e5edfb6,delivered,2018-07-08 02:26:46,2018-07-08 02:35:08,2018-07-10 15:15:00,2018-07-13 18:11:49,2018-08-15 00:00:00
dfe489c4a4bbe366cd2217b8503d206b,b2e698c6de7b1c259c522cdd740bff4a,delivered,2017-11-29 11:50:30,2017-11-29 11:59:31,2017-12-05 20:39:04,2017-12-12 20:12:10,2017-12-29 00:00:00
a9db19260d4597e49840ec0146f0d3da,4fb9ae3df2dc63d1b5a329b0d96d26f6,delivered,2018-02-12 17:26:12,2018-02-14 10:10:22,2018-02-15 19:04:21,2018-03-12 12:48:44,2018-03-19 00:00:00
c52d5e30c1888a9dfd21be72d4053d12,4839fac6d49d1f1dd84481d6ab2b1acf,delivered,2018-02-25 14:29:26,2018-02-27 03:10:19,2018-03-06 22:57:21,2018-03-20 01:16:34,2018-03-22 00:00:00
e10b4465dc4265ab01391e25bed55c5e,8a49683c2ce4f6c2132c363c9cd75293,delivered,2017-10-30 23:52:37,2017-11-01 03:26:29,2017-11-06 22:35:47,2017-11-07 19:26:42,2017-11-07 00:00:00
a7025cf41965c2bcfe02c4564ab9c952,c6291bead7baf9428750d374111cfdf2,delivered,2018-02-09 22:12:04,2018-02-09 22:28:09,2018-02-14 15:30:43,2018-02-19 16:03:49,2018-03-05 00:00:00
f5ac6a806078f4dfd6e72e601f8aa3ba,5da179829d2103e0bd3f9fb2add6cb93,delivered,2018-01-16 11:20:57,2018-01-17 03:35:52,2018-01-17 20:47:58,2018-01-29 22:05:10,2018-03-01 00:00:00
39d92c90ecacf0e6411af62b7bcabe17,0a1be8bb3e919bc8876626808609a2af,delivered,2017-09-05 17:36:41,2017-09-05 18:24:06,2017-09-09 13:27:47,2017-09-15 19:17:40,2017-09-27 00:00:00
3b07fa165117888d45604ca27f44940e,71d2dd1c3240f4125e7100085b75444f,delivered,2017-07-08 21:15:03,2017-07-08 21:30:08,2017-07-10 18:13:50,2017-07-18 19:14:08,2017-08-03 00:00:00
08202fbf5047a2f85a0983ac291a69fb,de9ebceca7f056c08928dfa4bb245205,delivered,2017-04-05 08:38:19,2017-04-05 08:50:09,2017-04-05 14:48:01,2017-04-11 10:03:50,2017-05-15 00:00:00
6c592894a10d4bab518bf4aad80515d8,f4177b5dbc42c66fb42aeed49eda02e6,delivered,2017-03-06 11:04:33,2017-03-07 03:50:15,2017-03-08 09:54:32,2017-03-13 13:28:06,2017-03-27 00:00:00
9bf502b0984ae3ada99e73e7e7c7e1bd,e753a29c47554a21b2c76a76d398742b,delivered,2018-01-24 23:14:57,2018-01-24 23:32:46,2018-01-25 21:52:37,2018-02-01 20:42:03,2018-02-21 00:00:00
b69bd58058e7fc58b745d22ad1c62eb6,10bdb4d046daa3102b2a3336b8ac6626,delivered,2018-08-21 10:00:51,2018-08-22 03:45:15,2018-08-22 13:11:00,2018-08-27 20:45:41,2018-10-05 00:00:00
71a49be8a212eb4987b67078140a1434,783e2e76dbf44c28f7034104a0d8140b,delivered,2017-11-01 08:14:33,2017-11-01 14:31:33,2017-11-03 18:13:00,2017-11-10 23:08:47,2017-11-22 00:00:00
28a9bfa90eb24efe91bfc50b7cc1b4d1,4d719448b1cc626699bc3bbbdbbc0bb7,delivered,2017-10-16 08:07:41,2017-10-16 08:29:19,2017-10-18 21:38:58,2017-10-24 20:55:50,2017-11-06 00:00:00
1ed74ee5c5413ff2430cd572c0214c4c,d2ed514059b5da1cf8241f8c9bf2b345,delivered,2017-12-08 17:24:56,2017-12-08 17:31:23,2017-12-09 16:58:27,2017-12-18 16:59:39,2018-01-03 00:00:00
0560690f57123e9331f5731479b2d505,3c37b657b1ced423da2197f90b1c4c5b,delivered,2018-04-12 10:42:15,2018-04-13 10:35:17,2018-04-16 20:14:43,2018-04-18 20:23:46,2018-04-30 00:00:00
46f294819f56193f9e3566a3cc3ac123,48c6b082b2b8491612d56021f6a29501,delivered,2017-11-24 23:09:45,2017-11-25 01:19:31,2017-11-28 17:41:37,2017-12-02 01:12:10,2017-12-08 00:00:00
42c45d946a9e7492bfa6da1ab459d23e,13be143b779c1915b1c83bb20bcd6831,delivered,2017-07-25 01:06:50,2017-07-26 02:15:12,2017-07-28 19:02:58,2017-08-07 20:06:46,2017-08-14 00:00:00
43a69fdb52ebe93245fde3ca5e67e7ef,ec3a21fddda100aad6ac0b7af8cd6da1,delivered,2018-02-25 10:46:57,2018-02-25 12:20:23,2018-02-28 21:25:13,2018-03-19 17:16:32,2018-03-19 00:00:00
925d3e6a309173b4f3fae2ce8c50118e,d1c29a0c7f275e0723e4706e5a8de935,delivered,2018-08-16 15:44:34,2018-08-16 16:03:51,2018-08-20 09:35:00,2018-08-29 16:22:06,2018-08-31 00:00:00
e0444cee63fb100c19fda6edac7f925f,8354080edf502b7e043aea91899ef775,delivered,2018-05-16 10:10:54,2018-05-16 10:37:13,2018-05-17 14:42:00,2018-05-21 22:24:46,2018-06-04 00:00:00
2c53aff3e220767f3c191078e0ffbc7d,d721d1a1be2899d735550ea1f82ccec9,delivered,2018-04-02 10:04:13,2018-04-02 11:10:18,2018-04-04 01:22:45,2018-04-21 18:48:24,2018-04-18 00:00:00
052a77ba9184a29a1a99c4129ec14c74,726c6521aff087c08b1742ac438ddec3,delivered,2017-11-28 12:00:26,2017-11-29 02:21:37,2017-12-01 23:08:52,2017-12-20 17:48:19,2017-12-20 00:00:00
04584330f2068c5aa42306130a5ae0e5,59c8f8409e6a27b4134fd666ca564e8e,delivered,2018-01-28 20:31:51,2018-01-28 20:50:39,2018-01-29 22:33:29,2018-01-31 19:24:26,2018-02-14 00:00:00
aa8315492e537030e29f1bc252d26cb1,9a0c338c3ce99b9896047b86ac665b95,delivered,2017-02-16 13:37:14,2017-02-17 02:10:10,2017-02-17 08:53:46,2017-02-25 06:09:44,2017-03-20 00:00:00
b14a8291157869f3d51b2d24c96d2da7,b2ed81c59896b239367d9c2722f242ae,delivered,2017-05-22 22:24:51,2017-05-24 03:10:27,2017-05-24 13:48:53,2017-06-01 14:58:01,2017-06-13 00:00:00
827a916734ee2f155b25cd4ff2d8022f,499b6b14e548e15a51fc4c38061f7e13,delivered,2017-07-05 14:13:23,2017-07-05 17:38:00,2017-07-10 14:34:50,2017-07-21 20:11:20,2017-07-27 00:00:00
fe8c0bf415cf9f05b4f32539a80f83fa,665c34ff341e053c821487e3f9431206,delivered,2017-09-24 20:37:43,2017-09-24 20:50:12,2017-09-25 19:21:14,2017-09-28 22:47:45,2017-10-17 00:00:00
5a1e68cff39cc1d5fd759db90a366caa,c4622e15ef4017b5ead56fb99dd5e4ea,delivered,2017-09-18 22:47:49,2017-09-18 23:03:26,2017-09-19 18:48:39,2017-09-28 20:18:16,2017-10-10 00:00:00
114e0ad5d9cd8931d7541e1331bdb503,434d634f90c55aa326a893f6b13cfdac,canceled,2017-08-14 10:44:51,2017-08-14 10:55:16,,,2017-09-18 00:00:00
8ce71dd933fe4f2b03a7bc75808b397e,54dc32e0d28530dc684187d040593029,delivered,2017-08-20 13:43:32,2017-08-20 13:55:12,2017-08-21 21:25:04,2017-08-25 18:28:01,2017-09-13 00:00:00
267968a4442f2e55c2904cac31c26660,2f5775a3bbdd35ec56e14f8217c990d9,delivered,2018-08-22 22:40:58,2018-08-22 22:55:19,2018-08-24 19:02:00,2018-08-27 16:56:35,2018-08-29 00:00:00
7093b7177380b099eb92c2ab46c6f10e,f0c20eb716fdd6eee9527ec291b182e6,delivered,2017-04-09 15:49:31,2017-04-09 16:01:57,2017-04-10 13:48:25,2017-04-26 12:53:28,2017-05-12 00:00:00
b09d3514eb1fbf519bbb6ad42114ea02,13aff20dfdf7106cffa2b2222de09d44,delivered,2017-11-17 19:49:28,2017-11-17 21:15:44,2017-11-21 13:02:41,2017-12-05 16:27:11,2017-12-06 00:00:00
0870bb57b1b24052c8ac2cd8df433553,ef4a0203cea8e5543322ef59fe946532,delivered,2018-08-07 08:17:03,2018-08-07 08:44:54,2018-08-10 12:29:00,2018-08-13 16:24:46,2018-08-10 00:00:00
b14dda87372a005b32b75ff027b8272b,9ee8198cebd1e43282160a7a21ce6481,delivered,2017-05-08 00:06:25,2017-05-09 00:03:04,2017-05-12 12:40:23,2017-05-24 17:49:31,2017-06-08 00:00:00
c11c997259391d3bd0a950a34e7e5222,f77630515a2730f347cb13092794c130,delivered,2018-05-21 18:48:45,2018-05-21 19:56:25,2018-05-29 09:27:00,2018-06-05 19:03:47,2018-06-07 00:00:00
e98eaa3acbf55a63a501cec1baf45f9e,f863f99cff7c8ec08708df2fb890dd6f,delivered,2018-08-20 12:38:56,2018-08-20 15:36:01,2018-08-22 13:10:00,2018-08-30 21:28:48,2018-09-03 00:00:00
8a63f21ccf7c1cf79bfd5495f8bd327a,8654243fcf7b2bab2e4fa3d809aaa41b,delivered,2017-07-16 20:14:47,2017-07-16 20:25:17,2017-07-17 18:04:00,2017-08-10 17:57:01,2017-08-18 00:00:00
e7ec2ee871d40f0b32fb471cb07ad239,3d5cfaf96174fab5cc8de497fc5b21c9,delivered,2018-07-06 09:49:31,2018-07-06 10:10:53,2018-07-11 11:15:00,2018-07-12 21:46:21,2018-07-19 00:00:00
71dfbb4951cc7c22499333fc4068a2d8,d8c2e63fa92dc1a800509bd565f3e79f,delivered,2018-06-01 21:19:07,2018-06-01 21:30:53,2018-06-05 10:34:00,2018-06-06 23:38:23,2018-06-26 00:00:00
ec2fd784a6bc14996f88cf0c9155e65a,8af426a6bfdde9b527d94404d0fe613f,delivered,2018-01-04 17:36:28,2018-01-04 20:31:49,2018-01-10 17:00:52,2018-01-15 23:54:02,2018-01-23 00:00:00
9f3b6091dcf528b56e66db5dc51bd00f,388bdb0d369f29feac8efc8685c2122d,delivered,2018-03-19 21:51:41,2018-03-20 03:30:33,2018-03-23 21:52:45,2018-03-29 19:57:37,2018-04-10 00:00:00
59e53c261681312bd398bcac254262e8,a5685e44a9fb2e4b7e68c30b30809b1b,delivered,2018-07-02 11:10:13,2018-07-02 11:30:06,2018-07-03 17:14:00,2018-07-11 17:11:42,2018-07-24 00:00:00
17306f068a479d3e58fd082008d80169,9feb16b98e76be61499a57c2ff685f5a,delivered,2017-08-11 16:43:15,2017-08-11 16:55:16,2017-08-16 20:58:56,2017-08-30 17:54:36,2017-09-15 00:00:00
d41019a8da12cde6c8dba824444cf38d,e3b69efc2115373fe6b3a9dd760fe777,delivered,2018-01-10 12:25:20,2018-01-10 12:36:29,2018-01-11 16:33:40,2018-01-30 18:12:27,2018-02-08 00:00:00
7a7b483764d06e139986cfbb2f2ad776,fb207c2acbbfce1b72734a98756e49ce,delivered,2017-06-13 09:31:16,2017-06-14 02:25:24,2017-06-16 14:58:01,2017-06-23 10:43:51,2017-07-04 00:00:00
7a36cd04e45972a421517cb7c8a813f3,c77434d6053c5868ed0b00c388bcacf2,delivered,2017-04-12 15:08:28,2017-04-14 02:46:03,2017-04-17 10:51:09,2017-04-20 09:40:16,2017-05-11 00:00:00
560eff479b0937dd58f303cf1bbb14cf,070dc02f224a841faaaa06dd571e33f0,delivered,2017-08-18 15:05:23,2017-08-18 15:25:16,2017-08-21 16:56:47,2017-08-23 20:19:53,2017-09-15 00:00:00
efdec31b94f9386cc16096589315b931,7580d018db37c3868f233605cbb90c8b,delivered,2018-03-20 09:15:24,2018-03-22 02:35:38,2018-03-27 17:03:40,2018-04-09 22:03:52,2018-04-12 00:00:00
27b6bbf4efdd3d4aa75ead8d62a9088c,d3c3354f609a1a80b78fbab8d5435061,delivered,2017-06-02 11:33:10,2017-06-02 11:45:11,2017-06-06 09:33:57,2017-06-07 17:05:21,2017-06-19 00:00:00
0487b772aa23074a39079a6967041b72,748e48c353e795b7303618bf785991bb,delivered,2018-07-24 12:47:13,2018-07-24 13:24:34,2018-07-26 14:56:00,2018-07-30 23:08:43,2018-08-09 00:00:00
e5e48a59f8f3bf0f381be370b1ccb35e,ad771b1f54c74bbd8e8e3ee76151e004,delivered,2017-07-21 13:34:29,2017-07-21 13:50:14,2017-07-24 20:13:06,2017-08-01 19:24:35,2017-08-16 00:00:00
ff92fd3088a85112214acbc08d72afbf,49f4d10e2b8d62d6346a0f8f8a4eb064,delivered,2018-05-22 20:17:56,2018-05-22 20:37:13,2018-05-23 14:54:00,2018-05-30 23:44:18,2018-06-01 00:00:00
6c8b765ca02b8c8f1bdc3e8491d8c079,49fdd3da0db14012c147ef0895516df6,delivered,2018-06-27 22:03:11,2018-06-28 01:11:10,2018-06-28 14:49:00,2018-07-03 18:18:47,2018-07-20 00:00:00
267e7e0b0615d34fa4c39c0a97cee1d5,5bb2321bf6c692d7f92ec6d97d5842e4,delivered,2018-05-28 21:16:13,2018-05-30 02:32:15,2018-05-30 15:09:00,2018-06-01 15:31:04,2018-06-18 00:00:00
d3b793b04fe8ed20805d6c19cf00c0d3,45a8c0f0fe5f7a1938dcbc8614fd4eb5,delivered,2017-07-29 12:35:14,2017-07-29 12:45:10,2017-08-10 19:32:32,2017-08-15 18:47:44,2017-08-24 00:00:00
29997a1fcb8c5884c6718f399ed6b7db,6167e666179dd78ada27e7934c739d5f,shipped,2017-03-15 20:53:54,2017-03-15 20:53:54,2017-03-16 08:09:09,,2017-04-03 00:00:00
b226005928c0bae277c2b54cc624ad93,8ae34af66295058f30d34580a7cac708,delivered,2017-10-01 14:45:42,2017-10-01 15:06:07,2017-10-02 16:46:47,2017-10-11 13:42:13,2017-10-24 00:00:00
865877542f1840626ccdfc88e0b74684,f77832be216ca2601a6f6acff4ed12d4,delivered,2017-09-25 14:47:55,2017-09-25 15:25:18,2017-09-27 15:35:40,2017-10-09 19:38:24,2017-10-25 00:00:00
5232f488a9969383f13b33b2b78731d5,4f5733b00c893389ae76e6e896cea0f4,delivered,2018-02-04 21:01:58,2018-02-04 21:10:42,2018-02-05 19:27:55,2018-02-14 19:56:41,2018-03-09 00:00:00
61e21e4b85fafad4710e3431429af0eb,56c92a5f90b752d7a863d762a08bb3a3,delivered,2017-11-29 03:26:00,2017-11-30 02:23:57,2017-12-01 19:29:24,2018-01-03 22:03:59,2017-12-20 00:00:00
c1fe3ff121d3ebaf46868ddf6befa390,b123bc64605b64205b48d31cb1d966c1,delivered,2018-01-12 22:25:36,2018-01-16 03:50:11,2018-01-16 22:18:36,2018-01-24 19:28:59,2018-02-02 00:00:00
4e724a5cf81fb255b3e27cca2632e90f,bf60906877c2a6f798da1bd131025eab,delivered,2018-08-03 17:55:33,2018-08-03 18:05:22,2018-08-06 09:52:00,2018-08-09 20:41:28,2018-08-15 00:00:00
157676ef5dfcf1a927e0b60948918946,2f828c8fd3bd532b883a922be810bd72,delivered,2017-08-26 19:30:47,2017-08-26 20:04:27,2017-08-28 15:19:49,2017-08-31 20:51:25,2017-09-19 00:00:00
857abe904c90d0275b09c225b87d7f8d,fc4616da74e3ff6d4833f87726bc4249,delivered,2018-08-02 18:11:56,2018-08-03 18:31:44,2018-08-13 14:45:00,2018-08-16 21:31:54,2018-08-21 00:00:00
8c9c6d6fd1d9a3443b23579d99d52e64,f30ec3a9feef479c3cc57e3ab881073b,delivered,2017-10-02 01:20:30,2017-10-04 02:49:18,2017-10-09 15:00:06,2017-10-20 19:45:17,2017-11-10 00:00:00
434cecee7d1a65fc65358a632b6f725f,922a46283625e9c096bfd998913c470c,delivered,2017-05-29 13:21:46,2017-05-29 13:30:24,2017-05-29 14:54:51,2017-05-30 08:06:56,2017-06-19 00:00:00
1ea3e66a79abe98744817178ba99da82,0f4cb25f0bdd927c3313960e2e3d3f75,delivered,2017-09-18 11:23:52,2017-09-19 06:35:14,2017-09-19 17:41:32,2017-09-25 19:17:54,2017-10-04 00:00:00
c5c02641e7ce2d2ba7049722b338ec70,d9591dd084b9ee3bb45ef4b8de970dc1,delivered,2017-06-05 11:55:59,2017-06-07 02:50:16,2017-06-07 14:30:20,2017-06-08 11:43:41,2017-06-19 00:00:00
fa75c8452656c284dd76c32a15f4b741,1844f5a128ee9d7f886d7e9ff832f96c,delivered,2018-02-15 12:08:15,2018-02-15 12:28:47,2018-02-17 00:10:33,2018-02-19 18:43:23,2018-03-01 00:00:00
3f1e0bf4672b0acb6072aa40b0f99cfc,3500a1438f295a3fc24450868008c78d,delivered,2018-03-20 10:32:28,2018-03-21 02:56:12,2018-03-21 18:34:48,2018-04-04 15:46:35,2018-04-13 00:00:00
d758100ceb4279fced396414f81a069e,66a1a031ff413f4176089b2f9d68f01d,delivered,2018-01-24 16:42:11,2018-01-24 16:55:44,2018-01-29 09:52:42,2018-02-01 23:33:27,2018-02-16 00:00:00
9dfcd9d486e9837944ca391b700d0af4,2cfefc9a6a972224d0e4a6a1363dfc18,delivered,2018-08-18 14:03:10,2018-08-18 14:15:18,2018-08-22 12:24:00,2018-08-28 01:18:48,2018-09-06 00:00:00
01a6ad782455876aa89081449d49c452,71accffbcbdf8e02f67a469f65cdbf73,delivered,2018-01-18 10:07:52,2018-01-18 10:17:29,2018-01-22 22:37:04,2018-02-01 21:02:22,2018-02-20 00:00:00
5cd8566a3991a377011c78d27191853c,e4bd0a15d4045d3e16d59187ad7a88c7,delivered,2017-03-14 21:59:42,2017-03-14 21:59:42,2017-03-16 13:49:27,2017-03-22 07:57:53,2017-04-10 00:00:00
3302991f59df38b26cebf1c9eebd75bc,068a8b4a0920dea641b65c336be22575,delivered,2017-09-26 23:27:41,2017-09-26 23:49:16,2017-10-03 19:45:11,2017-10-14 20:39:44,2017-10-24 00:00:00
2ba3a1bb5c86f2fbe8024229ca45290c,66205e3a618b3b66a43af512f18d23d0,delivered,2017-10-28 23:03:08,2017-10-28 23:15:08,2017-11-01 19:41:26,2017-11-16 09:24:32,2017-12-05 00:00:00
a8403ba76270af7f5fa223be10aa3a93,de95d6b39714561bc722c07bf0f3cbb1,delivered,2017-03-03 12:50:59,2017-03-03 13:10:28,2017-03-06 05:41:57,2017-03-09 09:52:31,2017-03-24 00:00:00
d56d253bb8a09c81d1ab1cfb6a03813a,5bad07c53c54680af75b95f32498278b,delivered,2017-05-21 21:05:49,2017-05-23 03:45:14,2017-05-24 09:34:27,2017-06-05 05:34:00,2017-06-22 00:00:00
4c3dc9dfddad01aea0666beb48895f7b,44f725846b0b0102b803444ea5bc6a9c,delivered,2018-05-02 10:15:58,2018-05-02 10:34:20,2018-05-02 14:45:00,2018-05-08 17:51:41,2018-05-25 00:00:00
1c3ad9cd29b642c9eca00186785aa309,57a6216eb0afc73e36832f630331ffc0,delivered,2017-03-04 00:38:50,2017-03-04 01:32:28,2017-03-08 08:14:04,2017-03-16 06:34:33,2017-03-30 00:00:00
31a8ce0b7b4441183401c55a971a7ff4,f1f77002ddd90c77d0b905627d66ccc5,delivered,2018-06-14 11:07:51,2018-06-15 02:37:29,2018-06-21 13:33:00,2018-06-27 17:54:09,2018-07-16 00:00:00
aca28aa46a33eaae0b7377883b13189b,120503a124fcaafa330a3340bc3aea9a,delivered,2018-07-04 14:17:17,2018-07-05 16:27:27,2018-07-11 12:34:00,2018-07-13 00:28:25,2018-07-19 00:00:00
1824231549dc0859a6ce9f7b7ada733a,3cfb3b7c26e4afd8ee00693925452a05,delivered,2017-05-23 13:51:12,2017-05-24 02:55:30,2017-05-29 03:19:55,2017-05-31 09:38:07,2017-06-12 00:00:00
1ca74ef1a063b31008ef4af64cdaa485,bacfd6acca2b3560dba225f481256b45,delivered,2017-09-11 22:48:26,2017-09-11 23:03:55,2017-09-13 19:27:51,2017-09-16 16:49:55,2017-10-03 00:00:00
cd452825757203504f7c8c7ddd201907,85fefa53d71bcff89e357dd239edc2c9,delivered,2018-04-17 21:26:23,2018-04-17 21:35:20,2018-04-18 17:42:16,2018-04-23 16:45:45,2018-05-10 00:00:00
fd03c3724f2a080890613b8e671b2fa8,c170b09ef1891e3fcdbf986aa2d5a93b,shipped,2017-04-14 22:00:46,2017-04-14 22:10:16,2017-04-17 09:05:56,,2017-05-10 00:00:00
e5d8cfa5be1c79663c3c10804a02a372,63de55d73d31e831e9652a0d7a70df94,delivered,2018-01-17 08:04:05,2018-01-17 08:15:24,2018-01-19 01:42:40,2018-01-31 19:58:55,2018-02-19 00:00:00
19f9ab36cda8d833cc1ea61fa046030d,685fb109df0c1232f10d52cc1ffb93ac,delivered,2017-05-25 16:09:40,2017-05-26 16:02:51,2017-05-29 09:39:57,2017-06-05 12:50:07,2017-06-19 00:00:00
69340678ddc4f528cc879efbebd9b4e2,a72cbd52d0d17ffd5a439d50f78386c5,delivered,2018-08-19 17:01:20,2018-08-20 12:30:12,2018-08-20 13:06:00,2018-08-27 23:42:37,2018-09-20 00:00:00
e24cdf4aaed31a657aa20c5eb71482aa,b82d043258ad8061ab188b266ce6ed64,delivered,2018-03-01 16:26:33,2018-03-01 16:49:28,2018-03-05 21:23:00,2018-03-06 14:35:11,2018-03-14 00:00:00
50cbad22f69c1f191f6a883861590014,135d185d842a8b6731e8efd1e8bcb8f1,delivered,2018-05-10 22:55:12,2018-05-10 23:11:04,2018-05-11 13:48:00,2018-05-16 23:42:24,2018-05-28 00:00:00
ebcb12dc163784a4dad2cddb8feb64aa,b55dd01c30f88d056110458becba6bb6,delivered,2018-06-15 10:56:04,2018-06-15 11:22:39,2018-06-19 14:30:00,2018-06-25 15:47:36,2018-08-01 00:00:00
6afbd309f8bfd1d88c7734fd17c2b6d9,1aeeb63dba7f0ac8d35d42f7a12d2004,delivered,2018-06-01 11:22:18,2018-06-01 11:35:20,2018-06-04 14:38:00,2018-06-14 20:08:28,2018-07-18 00:00:00
d88484d12aee1fa5348ab2bbd1e967e1,5e5a06b0ae9a6725d60e2f59f4bb4a90,delivered,2018-04-26 14:27:15,2018-04-26 14:35:21,2018-04-27 15:06:00,2018-05-03 18:51:15,2018-05-14 00:00:00
ab3d74fa5e0563d34cc8b3b25a93a8b0,3993b749a25c4197dbdc8d1480547960,delivered,2017-11-25 12:31:26,2017-11-25 12:53:25,2017-11-27 19:43:08,2017-12-08 15:48:53,2017-12-15 00:00:00
4351439dd25ba98fba59ca10dfbbd061,44cf9844f9d2c095ea13b725583055bc,delivered,2017-12-23 19:20:17,2017-12-27 04:12:26,2017-12-27 18:38:31,2018-01-04 22:16:10,2018-01-22 00:00:00
175aa25dfc38b25e0157b87ea628315d,5956ce262b307679c49b6864c6f4d282,delivered,2018-02-09 18:53:04,2018-02-10 02:49:47,2018-02-21 06:16:37,2018-02-23 19:19:02,2018-03-05 00:00:00
c2783c53d2a4ed4dcbfe014ba257abf8,991269e5569befcfaed423adcf73905b,delivered,2017-05-14 22:18:14,2017-05-14 22:25:14,2017-05-23 06:34:56,2017-06-02 11:41:58,2017-06-02 00:00:00
2f124d00fd77d40d0847e9c97db27ce0,809aa5fbcb85cdb0111071083767c662,delivered,2017-05-05 13:21:23,2017-05-05 13:30:21,2017-05-09 16:40:08,2017-05-17 09:29:40,2017-06-07 00:00:00
b9c9ae9ec1ae133cb9d76c6a4d38c316,8b955f3eb1641b0b7b3d2a454da001b9,delivered,2017-03-01 21:58:17,2017-03-01 22:10:13,2017-03-03 09:13:47,2017-03-08 13:30:13,2017-03-20 00:00:00
b144e2ac9863ed27bc59dbe4dd2f8773,49bc0bacf1f213a2d30e240c648ccb01,delivered,2017-12-06 14:04:08,2017-12-06 14:14:32,2017-12-14 15:17:57,2017-12-22 16:34:00,2017-12-29 00:00:00
916f6a4c3dcd2f31f59a340a281e888e,488c8314a03fa7c3856db52fd016cce2,delivered,2017-10-15 22:06:05,2017-10-18 02:53:29,2017-10-18 18:10:17,2017-10-28 12:59:59,2017-11-06 00:00:00
be4689494eafff3235986fd4915cdb56,cda7a35132d1ec8eb2458225ec277e27,delivered,2018-01-04 21:41:29,2018-01-06 02:08:47,2018-01-11 19:20:12,2018-01-18 20:26:38,2018-01-22 00:00:00
4b27760ac4ae035083d524268ca2ea4a,e166fcb0b227d4282b7d11bdbe3ce82b,delivered,2018-02-04 20:24:34,2018-02-04 20:35:32,2018-02-08 15:44:55,2018-02-19 21:51:08,2018-03-05 00:00:00
b8d97466529c901c9a65d04741a946f6,3d2e2a99bcb5ecad970f3a4ef8f2f08a,delivered,2017-12-04 11:40:46,2017-12-04 16:32:02,2017-12-08 15:33:52,2017-12-27 15:58:55,2017-12-28 00:00:00
06c07d5b2696b9631375e2877c955b3b,5fb9d23a8af73d1d81be9447185a10f7,delivered,2017-11-06 18:08:17,2017-11-07 18:15:59,2017-11-08 19:28:44,2017-11-13 20:28:45,2017-11-27 00:00:00
b1e7caa2d22ccc061ebfed60acc21b34,32e6efa64c10e606729663be1b71c863,delivered,2017-12-15 17:17:22,2017-12-15 18:31:40,2017-12-18 23:59:12,2017-12-27 00:25:05,2018-01-11 00:00:00
7b8327bef89b921c5f3ca8b3769b0a67,11432980fc24e66e242ef4b068659f61,delivered,2018-05-22 17:46:01,2018-05-22 23:17:52,2018-05-24 11:46:00,2018-05-25 14:51:45,2018-06-01 00:00:00
5cfb7b2cbf52f4ff3ec4b58f69b02351,962820313fda4b002abfd42659afd2ca,delivered,2017-06-07 00:19:14,2017-06-08 03:03:44,2017-06-08 08:15:05,2017-06-16 14:51:54,2017-06-30 00:00:00
3bcf5ba4eec8b84af7663e2e261957cc,367163bdcc25d2ab5b6748c0068e0e32,delivered,2017-01-24 14:23:45,2017-01-24 14:35:17,2017-01-26 16:01:51,2017-02-02 14:42:25,2017-03-03 00:00:00
626434e11c37535d5f24e9d844249b55,7c5b076d0e0538b3a1d4899bd25f9545,delivered,2018-04-03 17:25:14,2018-04-05 02:15:14,2018-04-18 22:38:28,2018-04-27 14:37:32,2018-05-03 00:00:00
745153dbea0349a835594747a878f5d8,00520034b873d2cdfe098fd0a634d03d,delivered,2017-07-07 09:08:01,2017-07-07 09:23:31,2017-07-10 19:34:53,2017-07-14 21:27:23,2017-07-27 00:00:00
1ea761b9a18c1852e0121350bee432a5,23b6b5f54a6b751bcdf1013a8aa3e1da,delivered,2017-09-19 16:04:42,2017-09-19 16:15:18,2017-09-20 18:04:03,2017-09-22 22:28:28,2017-10-05 00:00:00
bd6c3e07e22039cf9560d3369ea396ee,95956d00b808010f2c84f7236260d722,delivered,2018-08-08 16:59:02,2018-08-08 17:10:15,2018-08-09 19:21:00,2018-08-10 22:32:21,2018-08-13 00:00:00
bfcc7c29cd728eb97a04e55544a978bd,e6a8da622bb70c1d4e4a4380caaf8365,delivered,2018-08-16 09:27:20,2018-08-16 09:43:58,2018-08-23 14:49:00,2018-08-31 05:20:37,2018-09-03 00:00:00
d6304be73ea71f648559447bf4a8864c,b94096f3455e82c42363fd85e86fe649,delivered,2018-04-12 19:01:14,2018-04-13 13:14:36,2018-04-24 16:54:42,2018-05-02 17:32:08,2018-05-14 00:00:00
7c2c4fbf7cfe18df6ed7751cb3bbcfd8,2a4c34907e5d9cac0fe074bfb086bc4d,delivered,2017-04-06 21:46:04,2017-04-07 21:50:20,2017-04-10 13:48:28,2017-04-12 11:57:59,2017-04-27 00:00:00
f2ff1987cab900201f9a73b9c64ec840,d24a2b43fcdbd814c4626a57617d5e71,delivered,2017-12-30 10:52:34,2017-12-30 11:06:11,2018-01-05 19:39:29,2018-01-27 01:36:51,2018-02-01 00:00:00
05be057d337a9ea02bb4111d054a670a,d99a24ecc2f7593c35f0a6ab038a3b80,delivered,2018-08-16 12:09:52,2018-08-17 03:29:53,2018-08-20 12:34:00,2018-08-28 17:59:36,2018-08-28 00:00:00
dc258f93f65625347073b8e56ad0fab1,5e045f1de4d7bee72d0c98caecc7695a,delivered,2017-05-08 01:21:14,2017-05-08 01:35:16,2017-05-11 10:38:48,2017-05-17 08:15:34,2017-05-31 00:00:00
7967a55eee7cbaad515789b6f912a283,872816602300f835e0c15f90458e4f02,delivered,2018-01-25 01:45:58,2018-01-25 01:56:47,2018-02-02 19:59:14,2018-02-15 17:52:10,2018-03-02 00:00:00
b27f1c7278213dfd73349efe9f917974,57b7db7fc8a60f117c4ca88ba371d5a0,delivered,2018-01-30 23:56:06,2018-01-31 01:04:42,2018-01-31 21:07:44,2018-02-20 23:06:14,2018-03-06 00:00:00
fd5771079a027230000ab7992a902f0c,8216dbb58369d7e43239401a4a9e4f0b,delivered,2018-08-21 09:52:32,2018-08-21 10:10:28,2018-08-23 13:44:00,2018-09-10 22:38:43,2018-08-28 00:00:00
5c6e2b3612d27ef59e6a4a062b8d6cda,5adb85b74d7aafaad7f2ed3c6ee8c9e1,delivered,2018-04-21 12:07:20,2018-04-24 19:23:53,2018-04-24 19:38:31,2018-04-27 20:51:39,2018-05-17 00:00:00
093a8c168710da385a8c59d3149ea380,c5cef700ee7cc5a1bd23ab842777c617,delivered,2018-05-11 17:05:59,2018-05-12 03:32:38,2018-05-21 11:28:00,2018-06-12 00:28:44,2018-06-01 00:00:00
47746dec59be8d0a3591eb2e7ab72da5,40cd839bd652dd62f7943defc8288c0e,delivered,2018-08-15 00:00:59,2018-08-15 00:15:15,2018-08-15 15:24:00,2018-08-21 01:48:47,2018-08-24 00:00:00
353d55a2666dcbdf3f003513deacf875,1c8e05297f77e1986a2ed0fe0899bc91,delivered,2017-03-17 19:53:01,2017-03-17 19:53:01,2017-03-20 15:53:51,2017-03-30 12:48:00,2017-04-05 00:00:00
54be559c5fcd761b9f2721135626294c,3b7cf779cfb67bdd50db993dd2e81db6,delivered,2017-11-09 19:13:32,2017-11-10 19:27:15,2017-11-13 17:07:28,2017-11-16 22:32:32,2017-11-23 00:00:00
7c0bdaba8498278860946b0083d258b8,14d6fbd0e24a806c339738b8f3801e0a,delivered,2017-07-25 00:13:55,2017-07-26 02:25:29,2017-07-28 15:10:25,2017-07-31 22:39:47,2017-08-14 00:00:00
d59576da0f17d86f09c7bd7dba50cf56,62c48c7669b205d2b76a4b0cf96f7869,delivered,2017-05-25 12:35:00,2017-05-25 13:05:25,2017-05-25 13:47:06,2017-06-05 13:29:14,2017-06-19 00:00:00
3236504a0e2b1bceb65d32a38f5d79a9,6f0351a1bc68f11b955a7620f251c8ba,delivered,2017-09-15 20:54:31,2017-09-15 21:04:14,2017-09-18 20:32:42,2017-09-20 13:00:37,2017-09-27 00:00:00
2e2b499ad1ed9178bdd1cdb83f3f6000,51bb4e7ac0c888104aecba5a46ec01b1,delivered,2017-09-01 10:13:27,2017-09-01 10:25:43,2017-09-04 19:36:34,2017-09-12 16:21:24,2017-09-20 00:00:00
b4d81b7ba0a5e97d9b77104dc0f3b82d,707fac20a2b45cac1486d1ba891b629c,delivered,2017-01-27 14:27:36,2017-01-27 15:30:59,2017-02-03 13:29:35,2017-02-07 07:34:53,2017-03-24 00:00:00
7a91897e9a963e01419698c8927c4a31,20a63f927ff449c4b0c0a3c03b91766a,delivered,2017-12-19 17:08:14,2017-12-19 18:12:25,2017-12-20 20:09:50,2018-01-03 15:59:27,2018-01-18 00:00:00
881e07dca72b3b124ea46a389c69bb31,26085b5bf36c821ea31abe21056cb86c,delivered,2017-04-27 10:25:10,2017-04-27 10:35:11,2017-04-27 15:36:27,2017-05-05 14:45:46,2017-05-31 00:00:00
05fb9a42b233b4fb63dcaec6fac364a1,838e6092a13d571267967a79dbfdf662,delivered,2017-11-13 14:19:26,2017-11-13 14:30:45,2017-11-17 12:28:29,2017-11-25 13:09:51,2017-12-05 00:00:00
e744b459a81d067a5c0a90c621296e61,e49c5d6699b920c3fb2584ca3492e88f,delivered,2017-11-09 18:29:13,2017-11-09 18:46:49,2017-11-11 18:21:34,2017-11-20 18:59:44,2017-12-06 00:00:00
8fbf69d27f719cdac15cafeec686eb37,62f5d0403db9849066c753aec113e20c,delivered,2018-05-06 13:38:33,2018-05-06 13:50:14,2018-05-08 13:40:00,2018-05-14 23:38:35,2018-06-05 00:00:00
a11cb431739ce0d512e8a8e96654722f,edc72f4b90998056fa73a1540ac41191,delivered,2018-05-07 13:31:41,2018-05-07 15:32:21,2018-05-11 14:53:00,2018-05-14 14:05:09,2018-05-22 00:00:00
ef5081a78b9104b6c1ed39fb47eceaa6,b369e6cc438b4d684ea2060fdf3bebcf,delivered,2018-07-20 16:46:53,2018-07-20 17:04:29,2018-07-27 10:34:00,2018-08-01 16:08:39,2018-08-27 00:00:00
bda46920fb31dc59b147208200b18377,a572d479e677b3a96864c76278a78411,delivered,2018-08-14 18:22:47,2018-08-15 03:30:17,2018-08-20 13:22:00,2018-08-22 13:38:25,2018-08-24 00:00:00
f06f8d3837dbab6729adfd09ba404938,355171e24235fde9d45d6fe1e445c3ee,delivered,2018-01-06 21:54:53,2018-01-06 22:07:34,2018-01-08 17:54:54,2018-01-11 18:41:45,2018-02-08 00:00:00
cfab5bc1dd565468f3ad65f1c79263a8,12d6279ed7cea96f67b94e2b600deee1,delivered,2018-01-26 20:45:13,2018-01-27 02:40:19,2018-01-29 16:48:52,2018-02-15 20:24:58,2018-03-01 00:00:00
7a7d63579d59c48629269f0d2b7eb894,d176cd60e1e709ca8eb7399c9d82ae67,delivered,2018-07-31 21:30:02,2018-07-31 21:44:13,2018-08-01 11:18:00,2018-08-07 20:43:40,2018-08-14 00:00:00
321b1257cfaf6c0ca8a709d230158920,0f93ba90e798d14d87e136f1b9e56f9f,delivered,2017-07-25 13:34:33,2017-07-25 13:45:13,2017-07-28 17:17:53,2017-07-31 17:22:07,2017-08-09 00:00:00
2777dd73cc83e92e814ebb6126f236d4,a4c949266758d95f0a1aae3ffd688954,delivered,2018-05-10 11:05:38,2018-05-10 11:36:23,2018-05-15 09:40:00,2018-05-17 18:31:05,2018-06-06 00:00:00
542549172a2d91c8b67d45d819e32955,4107c63786c93fe20a10b7072de5c14e,delivered,2017-11-24 17:09:30,2017-11-24 20:52:33,2017-11-27 21:02:08,2017-12-04 17:10:49,2017-12-14 00:00:00
d34f01a9355c71adcc41fbc504e8609f,90e4610234a323a0a7a5b1aa7e936d9e,delivered,2018-01-20 17:20:34,2018-01-20 17:41:33,2018-01-23 15:41:42,2018-02-22 21:42:34,2018-02-21 00:00:00
6f4452481a003461b40a81ffa3605ac6,35da1bb3d702118ffa90db700d531c35,delivered,2017-06-02 13:31:49,2017-06-03 02:30:20,2017-06-05 14:45:29,2017-06-07 17:36:17,2017-06-20 00:00:00
7cf28b17a5d8877124dfc9146f8f78e1,990b1c66b713835e721b5895ce2ec43f,delivered,2018-05-11 14:24:48,2018-05-11 14:35:22,2018-05-14 13:55:00,2018-05-18 20:22:42,2018-06-01 00:00:00
d0fd9595949095f91592a79bd26a2126,be13ab515f88e8f9214035e8fe642ee4,delivered,2018-03-20 19:58:38,2018-03-21 02:50:49,2018-03-21 22:13:40,2018-04-17 18:28:43,2018-04-09 00:00:00
5ffd6a2fc18f65496eca65629db6eba6,1d5422d77cda6f6d25d07ce448ba46cb,delivered,2017-12-18 00:08:38,2017-12-18 01:12:54,2017-12-20 14:53:17,2017-12-26 20:09:23,2018-01-12 00:00:00
64d23ea3d34bfe1b619e41c2ffef4803,46de9ae3d09a0c15d1915fb34d78bef5,delivered,2018-08-07 12:02:20,2018-08-09 03:45:26,2018-08-09 12:15:00,2018-08-28 20:28:28,2018-08-20 00:00:00
0ef7521d9d7e51a822826d40be82fe1d,fba57c8df4c46cb2fcf264c94fe2719b,delivered,2017-08-23 16:22:05,2017-08-23 17:33:35,2017-08-24 19:16:06,2017-08-28 19:26:41,2017-09-13 00:00:00
9039dad04728fa0f311e4fe99c906ccd,94096a363f342f57215e81c0fbfd44d5,delivered,2018-02-13 20:01:03,2018-02-15 03:55:46,2018-02-20 18:17:04,2018-03-05 22:22:27,2018-03-08 00:00:00
79f0fd0747eee58c3980cc9cdb2afbb1,cd40f10a04ad8f35228520b212ff43ff,delivered,2018-05-08 15:27:23,2018-05-08 15:50:40,2018-05-10 09:46:00,2018-05-16 20:39:00,2018-05-24 00:00:00
a8eb3317a6e30f715193be7f69b02a77,539b203e7ea0174d6f2d1a09988d026b,delivered,2018-06-21 18:15:29,2018-06-21 18:40:44,2018-06-22 14:37:00,2018-06-25 17:22:14,2018-07-04 00:00:00
0b704d9bda1b350e1350d64af21b3411,cb8886f24409131b3732dad249f2af69,delivered,2018-06-22 15:06:34,2018-06-22 15:20:55,2018-06-28 13:00:00,2018-07-02 15:03:47,2018-07-16 00:00:00
ef71772d55431467890fda2f45c7bdde,f1a079060149465974f9fafa727d47e7,delivered,2017-11-30 22:17:14,2017-12-01 10:31:14,2017-12-01 18:15:06,2017-12-04 19:28:53,2017-12-19 00:00:00
3ecf2d4b66263a92193724b7c6952574,19859f0215ac8c453a27b6c05bea083f,delivered,2017-06-11 14:55:30,2017-06-11 15:05:09,2017-06-12 10:57:45,2017-06-28 14:42:13,2017-07-12 00:00:00
25f3c6052aa7604ff162e5a12b77298d,9fd8f92d72e01881424466eb23370df6,delivered,2018-02-22 11:41:30,2018-02-23 02:31:15,2018-02-26 21:25:21,2018-03-24 17:48:23,2018-03-08 00:00:00
53c898ca05dd376204a04358c8dd0e79,29451cc18357b45bc8cdae2b9ead7953,delivered,2018-06-04 19:57:48,2018-06-04 20:11:56,2018-06-05 14:12:00,2018-06-19 23:14:54,2018-07-19 00:00:00
d5dda9f79ce3124e533720681c1f2284,49303575e3cd5eb125afb49fb9e8da47,delivered,2018-03-05 10:52:50,2018-03-05 11:40:25,2018-03-09 00:30:56,2018-03-09 16:58:32,2018-03-15 00:00:00
c02adcd4d6cdbf314bce98868037edff,f120111a6d572640cb8fd0f6bd54dd3e,delivered,2017-06-02 01:24:07,2017-06-02 01:35:10,2017-06-02 11:14:51,2017-06-14 16:42:30,2017-07-04 00:00:00
5e42dba4fd3b3526ec2c4cc5352caa8e,fcafa6617e67c41f4c443543c44ffc35,delivered,2017-04-24 20:59:15,2017-04-24 21:10:13,2017-04-25 10:37:44,2017-05-05 11:29:02,2017-05-11 00:00:00
d0917c0a88a601949cde7cec1331de4e,5bac308542721d5c4ebe0b35b6e3690e,delivered,2018-07-30 17:24:20,2018-07-30 19:31:44,2018-07-31 11:44:00,2018-08-07 02:15:15,2018-08-09 00:00:00
6c962a878a13ebc179759b22586cfae5,90412aa593075b1ec797a9dd70c36881,delivered,2017-06-03 14:56:30,2017-06-03 15:05:12,2017-06-06 10:52:11,2017-06-14 16:38:19,2017-06-28 00:00:00
8eca0ff73474c8c18f8daa7603c1cff7,90ee5b2fbd0a1a426e75d7679edeb260,delivered,2018-07-25 11:21:21,2018-07-26 07:35:17,2018-07-26 15:33:00,2018-07-31 14:24:30,2018-08-08 00:00:00
5e526b01963709e583bfc89cac4d9f2a,62c77341170e799a09752c9d636074f7,delivered,2018-02-07 20:48:21,2018-02-07 21:29:14,2018-02-09 02:23:16,2018-02-23 23:11:57,2018-03-20 00:00:00
4cc2340048994d76ad8665b2ed98e19e,678bbf415fc9b82f51ebb95a642d8c1b,delivered,2018-07-13 19:20:26,2018-07-13 19:30:18,2018-07-16 13:22:00,2018-07-23 15:54:54,2018-08-07 00:00:00
a1e8024052c308f63ca46229c6427598,eac5ce6f02a3490935333a3b472dd778,delivered,2018-04-01 16:39:09,2018-04-01 17:27:42,2018-04-05 20:23:21,2018-04-06 18:54:35,2018-04-12 00:00:00
99268218a07f08ded2575058ffefb286,0197df52c22d6ef0aa52ffb63ac80404,delivered,2018-06-13 12:43:51,2018-06-13 13:02:17,2018-06-14 10:18:00,2018-06-20 13:59:52,2018-07-24 00:00:00
da21b6d40ed0dd45f179419f72f5816c,0b6707dd98b94c2db232fc406ceb9077,delivered,2018-06-23 10:21:19,2018-06-26 05:37:26,2018-06-26 16:07:00,2018-07-04 06:26:54,2018-07-24 00:00:00
7a93502a455e1399090b442409cf516c,2bd62951b26a453e99cea4aaf432ed45,delivered,2018-07-27 14:58:55,2018-07-27 15:31:16,2018-08-01 18:13:00,2018-08-06 18:51:58,2018-08-14 00:00:00
1b378c6853f2d592f7769653207bc18f,62d50e0c4a22373c286ddb210c2e2328,delivered,2018-03-27 19:36:34,2018-03-27 19:47:18,2018-03-28 23:28:40,2018-04-02 15:26:37,2018-04-18 00:00:00
711231d01dea504ad47e0d6b7a229592,2e82832f6d95afea279aeb702735763c,delivered,2017-10-13 12:05:29,2017-10-14 03:45:55,2017-10-16 21:17:52,2017-10-27 20:41:43,2017-10-25 00:00:00
912a714073cf7bcaa2673fce2ec99d6f,54ce593c879d3d84082ab8d1cd076472,delivered,2017-08-07 13:04:36,2017-08-07 13:23:28,2017-08-15 21:42:22,2017-08-22 18:26:53,2017-09-04 00:00:00
54940bd418078f7e912f36eab839928a,0c08720b120ac120b41b9a65b5ae30d5,delivered,2018-02-25 20:26:52,2018-02-25 21:47:44,2018-02-27 00:33:35,2018-03-05 17:03:29,2018-03-20 00:00:00
89cd76c24e7ea4fe0b9b3fbd660707a8,6520fc39b0d56fe598cebda8bc628888,delivered,2018-04-23 15:11:04,2018-04-24 19:05:43,2018-04-24 22:54:47,2018-04-27 15:22:25,2018-05-16 00:00:00
215f6b9ea07139e948fae84ee698ff46,1ec6a6fbe8e5d161bdc13d8e00bb06a2,delivered,2018-01-19 17:59:19,2018-01-19 18:20:36,2018-01-23 00:26:56,2018-01-30 15:15:03,2018-02-14 00:00:00
3b84a70de03a9f409e2d164096ef9423,20e5cc9ddedc1a426c64d1d4483ca4d4,delivered,2018-02-10 13:05:33,2018-02-15 04:07:07,2018-02-16 00:19:38,2018-03-14 19:08:31,2018-03-09 00:00:00
39ce2a3fc7950d2767dd4b01eb49ea6b,d8a819824d42184750f2add6dbe1a5b7,delivered,2018-08-01 16:26:22,2018-08-01 16:35:20,2018-08-08 15:40:00,2018-08-15 21:33:41,2018-08-30 00:00:00
b4089e5d326faccf865d5ab5463a22ce,3f48e7ee718e4f29c8efb62e940f4b50,delivered,2018-01-20 17:51:14,2018-01-20 18:30:25,2018-01-22 18:26:55,2018-01-25 17:49:25,2018-02-21 00:00:00
9c8f9997340786b7880a6a158c1b2833,ef1ceb05e7a48024426d5b72079380d4,delivered,2017-11-23 11:13:49,2017-11-23 11:27:39,2017-11-28 22:42:00,2017-12-06 20:03:25,2017-12-15 00:00:00
96769985957712690cadddb661db2bd3,dd43dd0d642c95dad47beb575bdb3ff9,delivered,2018-08-09 09:34:07,2018-08-11 02:50:20,2018-08-14 10:56:00,2018-08-21 20:24:29,2018-08-22 00:00:00
5baeaa8bec54f12f0aa0ee4b4d285cf9,9f865243eedd5290cf1d0f8b5d2d1d5f,delivered,2018-01-08 10:22:52,2018-01-08 11:32:02,2018-01-08 22:07:30,2018-01-12 20:57:56,2018-02-02 00:00:00
48300f948ed1d70ff6e5f733e30e5816,433815e0c6b070fe32e4c615523846de,delivered,2018-06-21 14:37:50,2018-06-21 14:59:59,2018-06-21 13:09:00,2018-07-06 14:51:09,2018-07-24 00:00:00
6e98c6485a5b20c9644e1dd3125e40ed,a2a035c4aace1589713c9e84f19510c7,delivered,2017-12-19 14:34:23,2017-12-21 02:11:19,2018-01-09 17:12:59,2018-01-22 10:51:41,2018-01-23 00:00:00
ef4bc8427056ff783a9f404b902a26c5,f5aa9f70bbfdee13ec200c5d49177521,delivered,2017-05-16 09:31:14,2017-05-16 09:42:14,2017-05-16 16:02:09,2017-05-26 12:52:18,2017-06-06 00:00:00
1b5e2881604b415e9f8ac15e575dfbf2,6ff1ce1223fc24d2a1e47c4f93c3ebfc,delivered,2018-04-21 09:35:31,2018-04-24 18:48:58,2018-04-23 18:27:55,2018-04-27 20:32:41,2018-05-11 00:00:00
5d5b8c94e2bc6b963da5af8a4b02bf08,b3860286d6f0e27b14e0760ce77b11da,delivered,2017-01-22 10:08:18,2017-01-24 03:36:05,2017-01-24 13:06:20,2017-02-08 04:57:44,2017-03-08 00:00:00
152f374ff951d09fe5f0e7cdb410dddd,9d2b084fef3c3995d1f071f52c097fc2,delivered,2018-04-02 17:59:43,2018-04-02 18:10:17,2018-04-04 20:04:24,2018-04-12 12:33:16,2018-04-25 00:00:00
0114835d7f0b3f674b70a989411e31c1,c865d1d500bae6adb604c4a55a31525a,delivered,2017-08-31 16:17:50,2017-09-01 02:30:17,2017-09-01 15:34:40,2017-09-04 19:57:35,2017-09-13 00:00:00
609a013eb5e2933c85ad5367fa77e7c2,1553ab603591b0bcd1db71d3e0bb98f0,delivered,2018-01-11 22:38:37,2018-01-12 20:36:27,2018-01-15 19:42:50,2018-01-19 20:51:53,2018-02-01 00:00:00
ab2e481b1ef043b41c202628100f6b4b,051039863f6805c5791e5f1eef4b0913,delivered,2018-08-01 10:43:27,2018-08-02 03:05:18,2018-08-03 16:11:00,2018-08-07 21:42:48,2018-08-13 00:00:00
c4980a38f3fc3aaa233e01aad10e6bc8,c874ff2fcab28e13d850e6a2763d9a8c,delivered,2017-05-10 21:04:57,2017-05-12 02:55:32,2017-05-17 14:49:54,2017-05-24 13:05:18,2017-05-30 00:00:00
747472f67c6d285c60bd732fc28beaf9,e68996d7ba9225ec61f16385285d3ae2,delivered,2017-10-26 14:57:29,2017-10-26 15:08:20,2017-10-27 18:56:59,2017-11-24 00:22:59,2017-11-27 00:00:00
06a1cb50e0911f3b04b4f43fc7beb5a7,d1ea36182f1ea8b7ad99e6ffaa8b39a7,delivered,2018-08-20 14:16:35,2018-08-22 04:04:20,2018-08-22 12:10:00,2018-08-29 01:41:44,2018-08-29 00:00:00
5ccd69da99dd59c9e1c847b22db149d1,02f168d7655c9268a8a7aa7dbd515c11,delivered,2018-02-14 14:20:29,2018-02-14 15:00:24,2018-02-15 20:18:35,2018-02-16 20:09:13,2018-02-22 00:00:00
c1da21318eac811a08b2bf209335c28b,13a5f002b69c82752170c60bea8978f9,delivered,2018-07-26 17:13:22,2018-07-26 17:24:24,2018-07-30 12:45:00,2018-07-31 16:42:38,2018-08-06 00:00:00
350038b23604468ee252b66f20af1443,4ed9c0afa4ea1132e602cff348fe99f1,delivered,2018-06-11 08:52:27,2018-06-11 09:12:03,2018-06-11 14:21:00,2018-06-15 23:21:52,2018-07-16 00:00:00
ac29dc202ed3414563f9093e2dad9ec3,3459d53052af3d604fdd6959e4f73ba4,delivered,2018-05-15 17:36:10,2018-05-16 08:53:17,2018-05-16 14:34:00,2018-05-25 18:04:46,2018-06-12 00:00:00
b38d2e3c75d7bf6d8579c98cca3e7285,da90bbab988fd15a113fd67237e1f933,delivered,2017-10-20 16:25:43,2017-10-20 16:49:24,2017-10-23 15:42:39,2017-11-01 15:52:02,2017-11-14 00:00:00
dfa48852c93427261c98fb2e01f33bea,416a7d94443b80fbac2522a6d04237ce,delivered,2018-04-05 11:30:04,2018-04-06 03:10:17,2018-04-09 16:27:56,2018-04-23 15:11:19,2018-05-03 00:00:00
f40af969fcf3d71db248ca5459f0b7ca,c18b0f796ac8806c72e1596f5c7ff05a,delivered,2018-06-27 08:43:53,2018-06-27 11:03:45,2018-06-27 09:54:00,2018-06-28 17:55:43,2018-07-16 00:00:00
2f7ee291b72997159cb01045ac80be1c,575208314408a44ef88dc470406e361c,delivered,2018-01-08 15:00:35,2018-01-09 07:26:39,2018-01-10 18:09:55,2018-01-22 22:53:34,2018-02-14 00:00:00
0355ae43910316435f24cb54605a820d,36774face3b8ee84925f7ed49dd56c42,delivered,2018-04-02 07:07:41,2018-04-04 03:15:23,2018-04-04 20:37:19,2018-04-07 11:56:36,2018-04-13 00:00:00
26e3359543dcca06c00f6f8e77b35358,88857127d83d5963115aa2bffc35640b,delivered,2017-12-10 16:17:56,2017-12-10 16:30:35,2017-12-13 21:38:53,2017-12-21 17:30:03,2018-01-12 00:00:00
13580847458b662c5919901d5d9eae94,e9a257fc7c4210bcc7112b930429f9be,delivered,2018-01-30 17:35:24,2018-01-31 17:30:34,2018-02-02 20:45:03,2018-02-14 21:12:33,2018-03-05 00:00:00
54744a07ea7246f001d4306e11957265,33b0475b1cc6ba85f0fb4df8f19ec5e1,delivered,2018-01-12 08:37:14,2018-01-12 08:49:22,2018-01-12 20:46:50,2018-01-30 22:36:40,2018-02-19 00:00:00
989c69b80eadc79ccae5fe89c92a35ce,2d48f4b0f15931ea30ce7b0d4871dd4e,delivered,2018-06-24 23:18:37,2018-06-24 23:34:15,2018-06-25 10:40:00,2018-06-26 23:25:24,2018-07-05 00:00:00
d2ad7c966f9e17a0c52f322d3479b14b,e734e3c32bfec854538b74ae3d618a6d,delivered,2017-11-24 10:27:33,2017-11-24 11:51:50,2017-12-09 00:10:13,2017-12-14 18:47:16,2017-12-18 00:00:00
2117b238b6ae0929164d1cf41f3ecb87,616328acb98ad1ecc08506ba227fe9d4,delivered,2017-07-07 17:44:19,2017-07-07 17:55:21,2017-07-10 21:27:43,2017-07-24 14:09:57,2017-07-31 00:00:00
9bad44921c98e1f220a667504bcffb9e,c5de7db594b246f428940ced283125bd,delivered,2017-03-05 14:28:33,2017-03-06 14:35:20,2017-03-10 06:11:38,2017-03-27 14:28:53,2017-04-06 00:00:00
803e846755032b2a03349c3c158fd8bf,a548a5527de60eac677ca38582b331c4,delivered,2018-05-12 16:02:30,2018-05-12 16:11:30,2018-05-17 13:33:00,2018-05-23 23:24:35,2018-06-07 00:00:00
d83e73ca49e7e9ec7ba0154139858fc8,e155239b84f65a2131ab4ade06f9fcb2,delivered,2018-08-01 16:43:43,2018-08-01 17:04:06,2018-08-07 14:14:00,2018-08-24 23:11:01,2018-08-22 00:00:00
cc672aa344b9001f8d51d35f750d107f,7fc45d4d0cd51ddc60a2fa60545d3fe5,delivered,2018-04-22 23:55:14,2018-04-24 19:24:12,2018-04-24 19:31:40,2018-04-30 15:45:50,2018-05-15 00:00:00
0e9a725e04f3fbc13f28d8f17c861013,0a4570cba5c976d25642d380f906327a,delivered,2018-08-10 21:15:10,2018-08-10 21:30:18,2018-08-13 14:16:00,2018-08-14 18:28:33,2018-08-17 00:00:00
fac46d930d37818d176f4c8e00fc5f4c,a956d76d8e64b5faf0097b250b72e713,delivered,2017-06-20 09:00:32,2017-06-20 09:15:12,2017-06-20 13:25:20,2017-07-05 15:07:42,2017-07-11 00:00:00
311c0c9d5ded7efbf324d3552acec666,6b3a5fc1207b995bbc6d83347ee1321c,delivered,2018-01-17 18:49:00,2018-01-17 18:59:32,2018-01-19 03:09:54,2018-01-22 21:48:37,2018-02-14 00:00:00
f2662c10f76b66a3a807be48f94dfd66,c22f3ac8de3346463bda205c4296379e,delivered,2018-08-08 16:19:47,2018-08-08 16:30:16,2018-08-14 15:03:00,2018-08-20 14:11:45,2018-08-23 00:00:00
2279e81e4cfd1c590ccbc2e0b9c1b90b,612c2e9ac0cdc41ded0c67720f8587d0,delivered,2017-09-20 22:10:16,2017-09-22 04:10:11,2017-09-22 19:22:21,2017-10-11 18:22:27,2017-10-17 00:00:00
755290851cd81ecf1413e13653ada744,ba82dad40a1950a7392679dc46606074,delivered,2018-05-01 17:12:58,2018-05-01 17:34:41,2018-05-02 15:58:00,2018-05-23 21:52:35,2018-05-28 00:00:00
f1487beee9bcc5d6921a3e5ddcb63623,1f96d58caf84db1f8af2eac92a2e2968,delivered,2018-05-27 16:40:54,2018-05-28 16:51:36,2018-05-29 14:04:00,2018-06-01 14:28:52,2018-06-21 00:00:00
9bf8dffacdcc34d7b4eb1a398cdcc0f6,7ef362fb4b0b6ce80ae7de985fb583cb,delivered,2017-05-03 18:07:05,2017-05-03 18:15:18,2017-05-04 12:26:02,2017-05-12 12:59:26,2017-06-12 00:00:00
dfbc33cff2a152885100315aaf23478f,604084386640342e07bb36a1ce3fa4ba,delivered,2018-04-02 10:50:00,2018-04-02 11:09:21,2018-04-04 00:02:31,2018-04-10 15:52:38,2018-04-19 00:00:00
181777e7d3379b0f81d408dfa33487f1,d30e1ada49b2fba761241d26e815e6c9,delivered,2017-11-26 13:10:35,2017-11-26 13:31:07,2017-11-27 21:28:54,2017-11-30 18:32:42,2017-12-15 00:00:00
2dd47667ab3bec7cff8e8a49bad5224d,23ad6c6515035baf49e83b3ab9d08e8f,delivered,2018-07-17 14:18:42,2018-07-17 14:35:16,2018-07-19 13:36:00,2018-07-26 01:45:50,2018-08-01 00:00:00
3bc3db2c8da17bdf6b0344b1a2ed7cb8,93e2075ca34bbd26f71a0a0f3846d10c,delivered,2018-08-01 13:56:49,2018-08-01 14:05:18,2018-08-10 19:12:00,2018-08-14 00:54:35,2018-08-08 00:00:00
d9a17ac96892f32022fa3b979bfa7929,c1f352ccd2d031ce7548940f091677bb,delivered,2017-03-21 16:14:01,2017-03-21 16:14:01,2017-03-22 11:23:36,2017-03-29 15:58:14,2017-04-11 00:00:00
961cb4ae528f3707251cede6d513f8e8,2e42ade022b6fcc186be7e99cc17371a,delivered,2018-01-07 23:39:23,2018-01-07 23:51:24,2018-01-10 17:00:35,2018-01-29 23:12:11,2018-02-01 00:00:00
17ce4ce87048e4d27da01a07f97dafca,f1b6544acd44a33f0a0bcff35db32545,delivered,2018-02-12 22:33:58,2018-02-12 22:50:23,2018-02-20 23:42:16,2018-04-04 22:38:49,2018-03-23 00:00:00
6bddfba55a760cef67198cac2bfcd0d7,b4fd3585cfff96f1762daa6a4c375895,delivered,2018-03-28 09:24:36,2018-03-28 09:35:13,2018-03-29 17:19:17,2018-04-09 17:56:30,2018-04-17 00:00:00
88b67ddbb7527017f796c80b3bb38051,c9aaa3f209648a958d0235415a9045f0,delivered,2018-03-04 21:08:19,2018-03-04 21:28:34,2018-03-05 16:17:41,2018-04-09 18:28:50,2018-03-22 00:00:00
75b1511f0476d39acfcfdba6d11b0db5,f91ade93850e6834ac6e241c2ad52735,delivered,2017-12-17 15:28:02,2017-12-17 16:36:28,2017-12-19 18:33:01,2017-12-20 23:24:45,2018-01-05 00:00:00
23ef69b3ace250bf5783e918620f3919,1bf39be5be5d9dbf2a3ab9338e5d3f75,delivered,2018-01-10 18:54:07,2018-01-11 02:48:37,2018-01-12 20:49:47,2018-01-26 12:05:03,2018-02-09 00:00:00
3eabaa998b43c58b0d27b9afa79060ad,3597d588ad764ca2e11ea16ffdba3f15,delivered,2018-06-23 22:38:49,2018-06-26 05:15:17,2018-06-26 19:43:00,2018-06-27 16:08:55,2018-07-18 00:00:00
df81dcb40098fb783a6525fa2f868bc9,749a270cfd211b20bea5c61663a99542,delivered,2018-03-24 16:43:58,2018-03-24 16:56:07,2018-04-16 13:54:53,2018-06-20 22:32:03,2018-05-04 00:00:00
e94157cd8482dadb5e152f977ac0a097,dc5c40dce0690e12fe40479b48e6136a,delivered,2018-05-02 22:01:31,2018-05-02 22:34:55,2018-05-07 11:52:00,2018-05-16 12:46:45,2018-05-30 00:00:00
d9184093392a8a7af118edd2a5c9aabc,64e713e5efbdd5001798009ce232a2cf,delivered,2018-04-17 13:02:36,2018-04-19 02:32:36,2018-04-19 23:13:06,2018-06-11 21:19:52,2018-05-23 00:00:00
610883752a98dcefa38fa9715c6b1e84,5fa7cd781c9f6a804a129880359ad5af,delivered,2018-04-09 18:32:37,2018-04-09 18:49:57,2018-04-13 21:11:22,2018-05-04 15:57:53,2018-05-11 00:00:00
69a156caae0c7a948c64e7eacb64d29b,3e5f38e2c9b854ebada680e510dda33e,delivered,2018-01-16 20:48:19,2018-01-16 20:56:23,2018-01-17 23:18:35,2018-01-25 22:07:20,2018-02-16 00:00:00
15857ef312413c5064710f14e7d98e39,7102a330fd35abe282bb2fc65e0a73d6,delivered,2017-12-16 17:35:16,2017-12-16 17:51:18,2017-12-19 21:13:12,2017-12-26 16:10:46,2018-01-16 00:00:00
7e4d4a50dc999bcf59d2e055db0f4b37,3ea256d0100550636253563da3e913bc,delivered,2018-01-08 01:30:12,2018-01-08 01:39:20,2018-01-08 22:37:51,2018-01-19 20:49:02,2018-02-07 00:00:00
06f8ee6a5ff26786c382b4fcf5b8ebe7,49d6722c4381c0f4240be0e3fdb6a883,delivered,2018-01-31 01:28:37,2018-01-31 13:50:15,2018-02-02 01:51:11,2018-02-06 16:23:53,2018-02-22 00:00:00
74e98d2b01c0fd8e1357032c441f09a8,cd6e6f1b097d039e246e47947cfc72af,delivered,2017-12-08 16:09:17,2017-12-08 16:33:17,2017-12-19 19:04:24,2017-12-23 14:58:40,2017-12-27 00:00:00
8d0b3f3857cad208492c3819a7a00d19,03dd76182616355a18dccf1cdff44387,delivered,2018-01-26 15:23:41,2018-01-26 15:40:20,2018-02-01 22:31:58,2018-02-02 23:14:42,2018-02-09 00:00:00
8ac6c055babd36dbe48009daf04f005c,1197106d62f4c83ea269b02688cfe1fe,delivered,2017-08-21 11:22:28,2017-08-21 11:46:34,2017-08-21 18:44:33,2017-08-28 17:47:35,2017-09-13 00:00:00
1e3b9d2c4434c46d11134509fed28b54,827cb645caf0355a76fafd776556298d,delivered,2018-02-07 16:54:06,2018-02-07 17:10:02,2018-02-08 23:57:56,2018-02-20 23:22:33,2018-03-09 00:00:00
7ef3a4439f550deadd7bc3891b2f6242,bf10e50eb561c7452408cd5bd57216aa,delivered,2017-11-04 14:31:26,2017-11-04 14:46:33,2017-11-06 19:55:10,2017-11-14 18:49:07,2017-11-24 00:00:00
f481e2c2c039ab1665d048d7e2cf5e00,230c0d740401730c7197d16376893525,delivered,2018-06-06 16:53:30,2018-06-06 17:13:05,2018-06-08 14:46:00,2018-06-13 20:48:25,2018-07-17 00:00:00
bbcf632e5c697b7e9666005c55d10a80,0275161cf1fc69fd8f5412ba423a3004,delivered,2018-08-14 13:06:12,2018-08-15 13:05:16,2018-08-17 12:04:00,2018-08-20 11:23:46,2018-08-17 00:00:00
150161e8b962f031342e9bdf81e414b5,62da25df6b23b7d0b851e21877179db4,shipped,2017-09-29 06:48:03,2017-09-29 07:05:06,2017-10-03 16:14:43,,2017-10-24 00:00:00
caf1e4cf5f0a231f4b65e485884dc4aa,a2351b4f46e79239f0d91736b68598af,delivered,2017-11-09 11:46:27,2017-11-09 12:06:34,2017-11-10 17:38:31,2017-11-16 19:54:32,2017-11-30 00:00:00
58b6ba8b093f594c51924dec61ce44ab,168a3986b2659eb86cf4738f5b50575c,delivered,2017-11-30 07:05:54,2017-12-01 11:31:30,2017-12-01 22:28:54,2017-12-12 00:58:59,2017-12-22 00:00:00
75e0a6d2e57dd8ad70355c1b44acdde4,d789c00ea59fa11aa39ed8ca4567656d,delivered,2017-05-04 17:27:01,2017-05-05 17:30:21,2017-05-09 07:47:57,2017-05-17 14:45:24,2017-05-31 00:00:00
3b525abce4eeb08f96537636dc59dc2f,b72884b762d45943f29b2b0a10cccc7b,delivered,2017-08-31 14:25:36,2017-09-01 02:15:32,2017-09-01 16:13:29,2017-09-04 20:14:01,2017-09-22 00:00:00
343a5573915ce27b1a6200e1656b5049,3316210707aa526d6607add03d086ec7,delivered,2017-03-24 19:36:28,2017-03-24 19:50:16,2017-03-31 07:43:55,2017-04-07 13:20:25,2017-04-19 00:00:00
1cd0c408983d3898972c78f60ec9fb6a,bcd6177c66b0830d80c820029b484afa,delivered,2018-06-20 00:10:54,2018-06-20 00:39:27,2018-06-20 12:18:00,2018-06-26 17:07:39,2018-07-17 00:00:00
aa207ae2ca98908eb855463f1b385a2f,9ca7f08d53801eb5a2d5f25e208a1c46,delivered,2018-01-16 20:07:24,2018-01-17 09:50:47,2018-01-18 21:08:30,2018-01-19 19:09:25,2018-02-06 00:00:00
5977d8425a6b519d6711a0beeb5a98b2,8eda6cbc50b3167587a573a6a1242706,delivered,2018-04-05 17:25:17,2018-04-06 09:10:15,2018-04-12 23:58:27,2018-05-02 15:06:43,2018-05-02 00:00:00
f0755c7d99a4a7f0bfa967f87d657855,5046f368e69df3131e108c966fbe93ae,delivered,2018-07-05 12:26:16,2018-07-05 16:32:14,2018-07-05 12:23:00,2018-07-13 21:27:50,2018-08-02 00:00:00
6b5c76c2c9615b42e0c2b7efb11b60d7,645d4fd3f4546d7c9592576665711186,delivered,2018-04-03 21:24:29,2018-04-03 21:35:21,2018-04-17 22:38:18,2018-04-24 21:14:41,2018-04-27 00:00:00
7de2a03405b2f8af2b71ed46371bc149,13431a9121307b4780fd792c4d248684,delivered,2018-08-05 13:40:45,2018-08-05 13:50:16,2018-08-07 12:25:00,2018-08-20 23:48:39,2018-09-21 00:00:00
c74d3a9c61db3b1be7b8c176eab1aa09,00a02bdfd1741b999de5e2ccfdb8cfc8,delivered,2018-02-12 17:24:28,2018-02-12 17:35:30,2018-02-16 19:08:49,2018-02-26 15:04:25,2018-03-06 00:00:00
1f71efbfaebd22c0da59bae196d291de,179fbdb937d5132aef21b2eb306b5728,delivered,2018-01-02 19:41:40,2018-01-02 19:51:14,2018-01-03 23:23:29,2018-01-05 19:27:38,2018-01-22 00:00:00
8b2f2cd82e97ed3395472c59926813f5,721c2a55dc12b16e86db92484b72ea06,delivered,2018-07-25 20:04:10,2018-07-25 20:24:25,2018-07-26 10:01:00,2018-07-30 21:18:46,2018-08-08 00:00:00
e1552c6d3287763b12753fe05f2c722a,b336ed3115586176396de6b9a5912f61,delivered,2017-02-26 18:54:24,2017-02-27 06:45:12,2017-03-03 11:41:53,2017-03-10 12:18:00,2017-03-24 00:00:00
e1ffbd708395d8b207349e2d6eccb54e,32e9f39916dd3afb917ded71c283b62e,delivered,2018-02-26 22:44:53,2018-02-26 23:20:28,2018-03-01 21:49:30,2018-03-17 10:50:42,2018-03-19 00:00:00
298f6fa064cd036a4788f7f177170261,92c88b64cd65b23c50a7df5570180112,delivered,2018-08-15 23:20:59,2018-08-15 23:35:12,2018-08-17 15:30:00,2018-08-23 18:44:34,2018-08-28 00:00:00
e1ddde6d32d1576c0f85464c2127c908,a941cd543f016830b41ca8f58f529dda,delivered,2018-07-25 13:12:32,2018-07-25 13:25:10,2018-07-25 14:54:00,2018-07-27 19:35:29,2018-08-02 00:00:00
b5c4db08aa2596516e8e23acee055374,c3ab592349e6996a4568be61ce122ed7,delivered,2018-08-18 15:46:23,2018-08-18 16:09:45,2018-08-20 14:28:00,2018-08-30 13:46:33,2018-09-24 00:00:00
4125f12333bad3b4866e6145396cf2b1,9861537e091dfc7425658421be802bc3,delivered,2017-11-28 15:54:45,2017-11-28 16:17:40,2017-11-29 16:12:59,2017-12-20 00:42:36,2017-12-18 00:00:00
1ab115802be10ff22d8907afe81ba5b0,ba43fce88d51851ce5448562ea461800,delivered,2017-09-28 12:59:00,2017-09-30 02:28:36,2017-10-04 17:17:51,2017-10-10 23:32:51,2017-10-23 00:00:00
a9cc8ce28b99a1cc075cb04ab19010c7,cfaa50273d7dd437aaa48b344de64ba5,unavailable,2018-01-19 02:48:54,2018-01-20 09:09:42,,,2018-02-16 00:00:00
40969a63dab14f62173be9affecb17d4,17fca115dc7594822bac3b95f3dd7b48,delivered,2017-11-07 13:54:52,2017-11-07 14:10:27,2017-11-08 22:46:55,2017-12-02 14:47:49,2017-11-30 00:00:00
e7869ef0f308ee59d80cbef29044e126,624d88e25a8f2d2810512b5789a746a6,delivered,2018-07-06 09:47:20,2018-07-07 04:35:12,2018-07-10 11:30:00,2018-07-13 12:50:55,2018-07-23 00:00:00
6e3224c4911f8c73424e7c2c7678c01e,c6f44437a40998d36d6eea7e18b7624d,delivered,2018-06-17 13:20:11,2018-06-17 13:39:54,2018-06-19 13:34:00,2018-06-22 19:27:43,2018-07-13 00:00:00
140ae5224df379e09df7cdf376070834,a181f2c0ff9c02e25356c0b204fe2fbd,delivered,2017-12-26 19:06:04,2017-12-26 19:13:29,2017-12-27 19:43:20,2017-12-28 21:27:33,2018-01-15 00:00:00
906368486fd64a44a16e7190972e3f3d,8ca3f53ee03ef2d704294900becc8be4,delivered,2017-07-25 11:07:09,2017-07-25 11:23:19,2017-07-26 14:22:22,2017-08-17 17:59:02,2017-08-24 00:00:00
d0854383bd7f07269443ac3d3251b20e,5daa895208c8b73bc1323576ef54cf2b,delivered,2017-04-24 20:23:35,2017-04-24 20:42:25,2017-04-25 09:28:43,2017-05-04 14:56:32,2017-05-11 00:00:00
6d9f6e79f1664d6ff8e74dd03f8a5b43,3286dc0c8839240d2819af3135d5b761,delivered,2017-05-24 18:50:31,2017-05-26 22:45:14,2017-05-29 10:01:49,2017-06-07 15:06:58,2017-06-28 00:00:00
f2a7c9304a6eb306550a89725c577fe6,06b1837a8f2cabe23495d0c93519bc26,delivered,2018-02-23 08:34:18,2018-02-23 08:48:18,2018-02-24 01:16:23,2018-03-05 15:10:29,2018-03-15 00:00:00
6d042d20c3b7deb350697e1448f066a9,f6e6c22f0f45f1e57d6eb674bc6fdb3b,delivered,2018-02-17 21:38:22,2018-02-17 21:50:31,2018-02-20 18:35:17,2018-03-13 16:47:14,2018-03-14 00:00:00
a4393c3b5a8769765b6bffedbb5c72e1,d740683d51d1d54dc4dbb5eed9b54d62,delivered,2017-07-26 21:33:58,2017-07-26 21:45:18,2017-07-27 19:16:33,2017-08-10 17:08:12,2017-08-17 00:00:00
a9d7007718934cce4ff47e8f50234160,05c54d191e1209713117327c72caa8ba,delivered,2017-10-04 17:36:02,2017-10-04 17:50:13,2017-10-13 16:59:36,2017-10-27 22:48:24,2017-11-10 00:00:00
fb2aa32b042bc39e28a5d6ba5a37f51f,77a5426b358fde73567d7061bf886850,delivered,2017-11-13 14:10:53,2017-11-13 14:31:22,2017-11-16 21:39:34,2017-11-21 21:22:29,2017-11-27 00:00:00
17d0317e0d3f083fa6f59927059e98b3,acbb229e2d5d6029df9171da81524406,delivered,2018-07-20 23:41:46,2018-07-20 23:55:11,2018-07-23 13:54:00,2018-07-25 20:18:35,2018-08-06 00:00:00
b77b1acde92cb97127a051d14f608908,e7f8439921b9951bf47bf39a2273dbcb,delivered,2018-08-18 15:58:52,2018-08-21 04:29:30,2018-08-21 13:05:00,2018-08-27 14:17:49,2018-08-30 00:00:00
673414c4a1bf9b72b8b6ff0d9decdfc6,18ad953cb2e41768f9d27a594bde4efa,delivered,2017-08-02 09:01:49,2017-08-02 09:10:16,2017-08-03 14:22:58,2017-08-23 11:58:04,2017-08-28 00:00:00
61b2314bd576f3d792e46e1d56e51ee6,252320b02b6877b2711685552925e55c,delivered,2018-02-14 13:12:39,2018-02-14 13:20:30,2018-02-16 02:24:50,2018-03-07 01:15:51,2018-03-07 00:00:00
23324e673e59ef245b4737662ca5f38f,3ce59fef19c0df112d2a59bc25cfed72,delivered,2018-06-08 13:53:31,2018-06-08 15:32:01,2018-06-11 10:53:00,2018-06-26 09:27:38,2018-06-28 00:00:00
01ea9d9ce4b86204f82b79184897371c,47f5f43c79b29aaeec92a9c5e817ff6a,delivered,2017-03-23 17:38:28,2017-03-23 17:50:23,2017-03-24 11:09:57,2017-04-03 13:38:18,2017-04-13 00:00:00
e93510a1b0e70c6f717c60f67ad314f2,50abb603ddaaaf168342706ce6861eb3,delivered,2018-07-03 22:26:39,2018-07-05 16:33:10,2018-07-04 12:59:00,2018-07-13 20:41:27,2018-07-24 00:00:00
d2367d3ad2d3cf4378982734fa4060e9,0439e73f088869583242f6949729865b,delivered,2018-02-03 10:09:29,2018-02-03 10:33:41,2018-02-06 23:09:07,2018-02-07 22:06:50,2018-02-21 00:00:00
353f19bd937d256e95b40e479616f7f7,931c6a6d642ffe492b4992e2f7f03e12,delivered,2017-10-24 20:36:34,2017-10-26 02:56:29,2017-10-27 18:42:15,2017-11-01 22:03:09,2017-11-13 00:00:00
76cd8bdf29b1ad8f6dad715d6ad8fe90,f3ea766418f91a35a84d530bae7787ff,delivered,2017-05-10 13:17:10,2017-05-10 13:30:16,2017-05-11 12:24:29,2017-05-30 09:42:28,2017-06-01 00:00:00
f1399aedb8f60ef761703ba13808e39e,64042b2284d62375ab149d343150c5d7,delivered,2017-12-06 13:31:03,2017-12-07 03:10:44,2017-12-11 11:09:25,2017-12-21 15:41:52,2018-01-10 00:00:00
c74223049609b069ad87a46eea34ca45,f98fbfd407aa1d89e5b962bb50598362,delivered,2018-03-23 20:43:29,2018-03-23 20:55:49,2018-03-26 23:42:58,2018-04-19 15:52:28,2018-04-13 00:00:00
27d7b0ed49fd70b7706ee5e23773fd8f,b4118c50b8cca915cbf3a374e1232016,delivered,2018-03-03 17:11:27,2018-03-03 17:29:13,2018-03-06 21:46:48,2018-03-27 01:22:48,2018-03-21 00:00:00
253bf86c38be4d6ffa40eb641a356d69,3ce59025544fc3c3c550117526769136,delivered,2017-07-19 13:43:45,2017-07-19 13:55:17,2017-07-21 19:05:28,2017-08-01 15:17:51,2017-08-09 00:00:00
57017d14757e9d74934069673c5aaed0,922f7b509a03d443ecae48f35ec48731,delivered,2018-03-03 14:31:06,2018-03-04 14:28:33,2018-03-06 18:11:45,2018-03-07 20:19:15,2018-03-26 00:00:00
98dfb59cc8884799f0bdb54acae8735e,c0a3de8a20cba69ce61ab364f4f399f9,invoiced,2018-01-23 20:43:51,2018-01-25 02:39:21,,,2018-02-15 00:00:00
01a921eb5bf5df0c2990e62563ceca49,e91aaba52c45b2044c6dc4319af54a5c,delivered,2017-11-26 20:51:06,2017-11-26 21:13:35,2017-12-01 23:41:52,2017-12-11 18:13:19,2017-12-12 00:00:00
cc2c9f065b80ba7b4e8e93ea34ce92ee,53feddead8a794c0519be56bf7f873de,delivered,2017-11-07 17:06:22,2017-11-07 17:26:59,2017-11-08 20:31:57,2017-11-10 20:55:33,2017-11-30 00:00:00
29284fa4927edef7e2917032b560d0da,99801ed471ab83e025d2724854df91a1,delivered,2018-06-30 20:39:53,2018-06-30 20:50:11,2018-07-03 13:52:00,2018-07-10 16:11:55,2018-07-31 00:00:00
0191b6a5a70bcbc6cdd39427f216602e,3f62271cc144183c56e7db438c8cba08,delivered,2018-08-22 09:40:25,2018-08-22 09:55:20,2018-08-22 16:04:00,2018-08-27 18:17:38,2018-09-13 00:00:00
8341e99159d0cde5b28d7915b011ce2e,a66712c31e8c65998902f67af30ec475,delivered,2017-12-14 14:32:32,2017-12-16 02:36:39,2017-12-16 18:03:03,2017-12-21 18:03:38,2018-01-15 00:00:00
7a9eecb7f60a12e85ded231ebe12b842,cc36b3fd72b73a5ac271fb56f84404bc,delivered,2018-04-05 08:21:18,2018-04-06 08:28:56,2018-04-07 01:16:43,2018-04-12 17:58:34,2018-04-23 00:00:00
689d9b46b0376ea4ebaeac46ebd6fc18,682380c5455a7716b8569a535fc4d31c,delivered,2018-06-07 17:53:07,2018-06-07 18:17:22,2018-06-08 09:58:00,2018-06-14 19:14:58,2018-07-03 00:00:00
665bf879d521fe72a93430b55f6d5e54,248224efe0c305ad9ec1a18568e569b4,delivered,2018-04-28 09:58:28,2018-04-28 10:13:39,2018-05-04 15:54:00,2018-05-17 23:38:45,2018-06-04 00:00:00
6dca4fd46289b9234c1a6df64d1468fd,0dc788e30451d4766e5563f1686d9fc5,delivered,2018-03-16 15:48:47,2018-03-16 16:09:49,2018-03-20 01:52:31,2018-03-29 22:08:26,2018-04-11 00:00:00
f2f137f9fe17507557ca6cae0804094c,36ccc47e1affeae9156a259de7d95025,delivered,2018-06-23 18:28:23,2018-06-23 18:58:14,2018-06-25 17:50:00,2018-06-29 15:38:51,2018-07-17 00:00:00
d264421b887f4e405264ade6f808e63f,83803ad661a17dbfd4bb1d1504dbc659,delivered,2018-04-21 18:42:03,2018-04-24 17:22:24,2018-04-27 14:58:00,2018-05-03 17:58:43,2018-05-10 00:00:00
1cc72bc4fd5f884840d38a69a4c857c6,f1910223d0338fc32ac29b542ade28a6,delivered,2018-06-17 18:18:42,2018-06-17 18:34:07,2018-06-18 15:02:00,2018-06-25 11:12:51,2018-07-23 00:00:00
c49df0876643772fc41aa1bd470fe6e5,2be3fb811dc248c1a492b00121776c9b,delivered,2017-09-10 11:32:32,2017-09-10 11:45:15,2017-09-12 20:12:05,2017-09-22 20:39:50,2017-09-29 00:00:00
8a43a2a954395f1f2911a8280575ab9c,56e8cb7692d76a84812cb3c93e1bcaf3,invoiced,2017-06-06 19:26:58,2017-06-06 19:42:12,,,2017-07-03 00:00:00
0eb0fc0795a4151d4ab39640998b0af4,e085f7dd45cff397f388c800b5f5c7a2,delivered,2018-01-06 16:48:29,2018-01-06 16:56:25,2018-01-10 18:29:00,2018-01-30 22:16:08,2018-02-16 00:00:00
7db9af6a773040b8776d2c4ab7f7b7ef,0e7752ccbc011470fba6ea7c84499e32,delivered,2017-04-05 17:28:55,2017-04-05 17:43:07,2017-04-06 14:54:40,2017-04-11 13:47:39,2017-04-28 00:00:00
a1a75968427f169ccdf38158a56b9151,2c8caa2f52a7abfe77e93f198a3af0e4,delivered,2018-02-07 13:45:06,2018-02-07 13:55:41,2018-02-09 00:49:00,2018-02-26 16:49:02,2018-03-07 00:00:00
bfe8c448781919b17936bdd844baefc4,bd7bfa5c367329c0ab4478160a7b992e,delivered,2018-07-31 20:38:02,2018-08-02 05:30:51,2018-08-09 13:25:00,2018-08-15 15:28:38,2018-08-17 00:00:00
05cb67bde9e73ef4ed72519d1497e006,18b70c2620ae375bc887c4a472178764,delivered,2017-03-20 09:54:19,2017-03-20 09:54:19,2017-03-20 11:29:05,2017-03-24 10:21:37,2017-04-17 00:00:00
419d6e22eba13162bab9a27445a72179,84ff7ba0c556e089f4d8e02d4215f20e,delivered,2018-01-20 20:52:02,2018-01-20 21:22:16,2018-01-22 19:04:20,2018-01-26 16:09:08,2018-02-16 00:00:00
bb7ec3c89a7e6653763308a7c4fb5c78,7406b313ecf88d1e915e51c5044a8d51,delivered,2018-07-31 23:44:57,2018-08-01 00:20:07,2018-08-01 18:01:00,2018-08-02 15:51:46,2018-08-03 00:00:00
849e3b3e95cd9ad87afbce42eca00dce,1df2f2f697518a767cd4db5023bfb241,delivered,2017-02-24 09:06:40,2017-02-24 09:15:18,2017-02-24 14:30:28,2017-03-02 14:54:10,2017-03-17 00:00:00
47c3922747c2990080644decd9ab23c4,e8e957a7fcefa603bbdca0f5a33db8e5,delivered,2018-01-21 14:07:05,2018-01-22 13:50:42,2018-01-23 19:32:13,2018-02-01 11:07:13,2018-02-19 00:00:00
339b54eda2ad9b5d63a171c9aaae1ca1,725e7b5a0197563bb2bcde21bb2366ee,delivered,2018-02-19 19:46:22,2018-02-19 20:47:07,2018-02-22 23:28:19,2018-02-26 15:37:15,2018-03-05 00:00:00
85a0c0cf54ea8b1b295945416eb5ee3e,252c595d77cc6e66adfa5d0af8dedc47,delivered,2018-01-14 22:14:22,2018-01-14 22:28:51,2018-01-15 16:33:04,2018-01-16 11:59:38,2018-02-02 00:00:00
3a6e8538e1375fe73ec8da36fd36fe3e,8153bf38caa53372d335a611651d7ae1,delivered,2018-02-27 13:27:25,2018-02-27 13:48:57,2018-02-28 20:12:47,2018-03-21 18:05:31,2018-03-28 00:00:00
84266e419db22394dc87bd8c110770fd,b33923ca54abf989404d44416b4b825d,delivered,2017-09-13 20:56:53,2017-09-13 21:05:49,2017-09-18 21:47:32,2017-10-02 18:27:51,2017-10-03 00:00:00
bc53c8f21c0b72e517882835cd767c69,42ca85e026223ad7fdfcc4bd3c55c9d9,delivered,2017-12-21 11:27:11,2017-12-21 11:33:24,2017-12-22 23:04:35,2017-12-28 22:45:31,2018-01-19 00:00:00
e4660e7b37f233aa52e958994cacaffc,07947e34de0a95c929a71019f4d48bb5,delivered,2018-01-05 15:49:36,2018-01-05 16:14:23,2018-01-10 15:04:31,2018-01-24 21:07:02,2018-02-06 00:00:00
8e707812f80da2b0d195e6b1c1950783,6d5e11731a810448054a85036da17a25,delivered,2017-08-21 21:32:06,2017-08-21 21:45:44,2017-08-23 19:16:22,2017-09-01 17:57:54,2017-09-13 00:00:00
8d0584fef2164e00c8eb23abbdd87ef7,b0a9bd08e4116c3fdd62aebc51031f19,delivered,2017-08-13 20:03:35,2017-08-13 20:15:19,2017-08-14 20:05:01,2017-08-15 18:03:20,2017-08-25 00:00:00
c83eba0508195fff1529210cfe30385a,44cd1a0cef7c3280d33ebc8a30f2e86a,unavailable,2017-07-12 11:25:47,2017-07-13 13:10:23,,,2017-08-07 00:00:00
086928951ba74a6682919fc942c458d0,2ecd7b05e49716f5a4efb5aa0f4cc899,delivered,2017-09-15 03:48:04,2017-09-19 04:04:22,2017-09-21 15:09:16,2017-10-07 13:11:58,2017-10-11 00:00:00
6cdb86865449a92089579ea715e1c1d1,996ebd04fae62e927c850d835a95b693,delivered,2018-08-12 19:42:43,2018-08-12 19:55:17,2018-08-15 15:01:00,2018-08-16 21:09:27,2018-08-21 00:00:00
f0a7ff2526c362140dc21aaa215d8c4b,58846fb74a52056e3b26b9fca3170478,delivered,2017-04-19 18:26:26,2017-04-21 05:22:14,2017-04-24 07:59:43,2017-05-03 15:33:55,2017-05-18 00:00:00
829f7b42460d760ab4f2c03faf6534ee,07d18ca5eb0bb3e96f406d74edb2462e,delivered,2018-01-15 12:44:17,2018-01-15 12:51:26,2018-01-16 23:32:40,2018-01-22 18:05:59,2018-01-30 00:00:00
083fa2fb9d3de18eabbb3427045a1a1f,8b866d31b49a1305c5680658fff7e006,delivered,2018-07-03 10:24:56,2018-07-05 16:25:48,2018-07-05 15:18:00,2018-07-12 22:02:48,2018-08-10 00:00:00
ed12012358de9d92498c1be2444db261,8dc4d73fedffca48c65737dc38ee03fe,delivered,2017-07-23 11:22:00,2017-07-23 11:35:16,2017-07-26 19:56:40,2017-08-01 14:14:05,2017-08-15 00:00:00
c831dfa9abd0bef0a22f752d550d3444,d6ed4b9b153462e57e9aeb295d89e3ce,delivered,2018-03-19 12:48:09,2018-03-21 17:49:43,2018-03-23 17:44:24,2018-04-06 18:44:45,2018-04-16 00:00:00
f940971157111a7fe49e332623c9fec0,914db96caec65d45202426db4679490e,delivered,2018-06-14 11:13:34,2018-06-14 11:42:47,2018-06-15 13:20:00,2018-06-19 21:08:30,2018-06-26 00:00:00
9d2bd341ec5c535b3d4192f609e47185,c9473f6b9f59ba81b0b3945a490528eb,shipped,2018-06-21 20:10:30,2018-06-21 20:38:58,2018-06-22 15:04:00,,2018-07-12 00:00:00
a2d2af47de3679f9a5a3d9e30c46935c,fe5f640fa5130e1668a6a0beb9445bb4,delivered,2018-07-05 23:53:09,2018-07-06 00:11:13,2018-07-06 11:12:00,2018-07-23 16:55:58,2018-08-07 00:00:00
7c3b36d6d12476de27c371da33153e82,88f605ab8498457b1f34dd6ca7ccffa8,delivered,2017-11-06 19:38:49,2017-11-07 04:31:31,2017-11-09 17:57:48,2017-11-16 22:09:18,2017-11-29 00:00:00
a11939cea79c6fc04707f96491a5e577,782814abe8d16073509294a1de1ffe0d,delivered,2017-08-10 11:21:53,2017-08-11 04:15:15,2017-08-11 20:12:55,2017-08-29 21:47:37,2017-09-08 00:00:00
2e01a346da3f76c4a30e7ed7b3aa0d9a,43e9de5b4d7340cb6c95d372dab65ab1,delivered,2017-08-25 20:14:51,2017-08-29 04:30:53,2017-08-30 12:17:45,2017-08-31 13:29:58,2017-09-12 00:00:00
ae79131b7cf922e0a420d0ef0b2be32d,065dedcd0da1b0b3995024ea66117c96,delivered,2017-12-23 13:54:58,2017-12-23 14:29:53,2017-12-27 03:43:59,2018-01-05 20:58:59,2018-01-22 00:00:00
a8f8f03d4c94b67001e0f1e242ec1679,de9df191bcb2cf694a14fc9fab237b4f,delivered,2017-10-24 22:56:44,2017-10-26 02:56:46,2017-10-27 21:09:02,2017-11-01 19:56:49,2017-11-13 00:00:00
ba0492710cfaf802294c41a5d498ac3d,a26826f3a4726ce0c82e8864025c150a,delivered,2018-04-19 14:18:02,2018-04-19 14:35:27,2018-04-20 16:04:00,2018-04-25 14:09:28,2018-05-14 00:00:00
9c5dd45ca53ffa7f21772e36f950da8f,53c8190e3bdf183e2277b3387a667137,delivered,2018-05-28 18:57:16,2018-05-29 18:15:20,2018-05-30 12:10:00,2018-06-12 20:27:24,2018-07-18 00:00:00
cad5d7a0969b060d6df0afe1c761cb69,cd2149be09a8d515d7b129d8dbac2fc2,delivered,2017-08-02 10:41:43,2017-08-02 10:55:12,2017-08-04 10:26:34,2017-08-09 16:58:29,2017-08-22 00:00:00
e59765e2c90f66afaf17da77d1a658f2,d3acee67739e39afb890ea6cd0ab6eaa,delivered,2018-07-19 14:59:23,2018-07-20 05:03:22,2018-07-25 14:08:00,2018-07-31 20:03:43,2018-08-15 00:00:00
aee92405acf40c19e4f73fb75727715d,ffbc04cfeb08af681589ca0044df18a3,delivered,2017-02-02 12:31:44,2017-02-02 13:01:19,2017-02-03 11:07:30,2017-02-15 15:43:39,2017-03-21 00:00:00
318850f283b818e0b9302fdc7d811fde,17d2a5922037262010321025bdbaaa8e,delivered,2018-05-07 12:12:25,2018-05-07 18:15:43,2018-05-08 14:45:00,2018-05-15 14:12:41,2018-05-28 00:00:00
7d37dfe2d455b75635ec0d1ce73cfc4e,540c5a15f1ca23fd64771963cb002f98,delivered,2018-04-03 10:42:11,2018-04-04 10:35:18,2018-04-12 22:52:33,2018-04-18 20:48:32,2018-04-27 00:00:00
6a6fa48abc0fcbac1c94531785b8024a,18825f08228399615d1f2c100c6fa5c7,delivered,2018-07-02 07:33:11,2018-07-02 07:49:52,2018-07-04 08:40:00,2018-07-05 20:24:47,2018-07-17 00:00:00
579f768480c282c494d203cc27acc9ba,7613fffbcc653b261d2689ad77741789,delivered,2017-12-07 23:50:01,2017-12-08 00:09:38,2017-12-08 23:27:03,2017-12-13 19:58:42,2018-01-02 00:00:00
54b56f2389dee113344da742da7890c9,fa75f83a777070af732410d2c43a9749,unavailable,2018-02-12 17:36:31,2018-02-12 17:47:59,,,2018-02-26 00:00:00
b319c42146aa1548b1e415a91dd13789,67d32f7cf571df84777c23b64b972be4,delivered,2018-08-04 16:38:41,2018-08-07 04:25:15,2018-08-10 12:07:00,2018-08-15 00:08:47,2018-08-20 00:00:00
92d1957925a4ee51cc53c8155c41ba02,73a2cd1d3f8cbdf473fcda863a049218,delivered,2018-08-09 16:49:00,2018-08-11 04:35:15,2018-08-13 16:15:00,2018-08-18 19:34:50,2018-08-24 00:00:00
40c42d9f9f9e938bae28e7716b4a748f,f3f525ec747ce8f3adc1b23b797404dd,delivered,2017-11-28 23:16:56,2017-11-28 23:37:55,2017-12-04 21:04:54,2017-12-20 15:15:00,2017-12-29 00:00:00
edf98874f1448a7630f57febbfa39852,d56372b0f0e8e6cf6c5f248a6d976d23,delivered,2018-03-03 00:10:35,2018-03-04 00:08:46,2018-03-06 22:19:57,2018-03-08 00:42:27,2018-03-15 00:00:00
bf5a9e57fbe689b1b85de15b792b1d21,77809b7b293638c1194eb4d211e334ca,delivered,2018-02-18 16:34:54,2018-02-18 18:06:47,2018-02-26 16:34:01,2018-02-27 16:44:26,2018-03-07 00:00:00
2071e513bccda6388b163977db471be8,651a87f08ddd0eedab64dfef58563366,delivered,2017-12-09 18:11:04,2017-12-09 18:31:26,2017-12-12 17:17:12,2017-12-19 16:48:16,2018-01-09 00:00:00
9e30ffd7dfa06b873f14f0a8ad8e3e6f,15906a9a2fbad0e8260422ec0b43a7cd,delivered,2017-08-27 20:07:37,2017-08-27 20:24:25,2017-08-30 14:39:11,2017-09-13 20:43:25,2017-09-21 00:00:00
f6c8100c191425ac666f9ec50fa55a12,48169ee8d433f496c69a24151825857f,delivered,2017-05-06 11:50:18,2017-05-06 12:48:06,2017-05-10 15:27:55,2017-05-18 09:41:24,2017-06-12 00:00:00
1d41e51a91eda6adf4505b3c15cf6068,8aa1ec0062430de2229f6c9efe8a37d3,delivered,2017-12-07 23:15:44,2017-12-07 23:30:28,2017-12-08 23:29:47,2018-01-06 09:33:18,2018-01-04 00:00:00
95e8ad87dd94e0a48ffb1fd18f13be66,7dc0baedb6fe189dcb7ed56ef53ee9ca,delivered,2018-02-24 13:47:56,2018-02-24 14:27:54,2018-02-26 22:39:07,2018-03-19 20:04:13,2018-03-19 00:00:00
0c5421914af517ebe266de68658e492c,7be38949be81f033f2b4bdbebcffa33e,delivered,2018-04-30 17:32:51,2018-05-01 03:54:01,2018-05-02 14:10:00,2018-05-03 18:48:35,2018-05-18 00:00:00
9147c16fab80dbd17a45d97f65196491,2bb8c7fefc71b1cd9133f15dcf9941ef,delivered,2018-03-06 11:11:30,2018-03-07 02:10:25,2018-03-09 00:45:04,2018-03-20 16:33:25,2018-03-22 00:00:00
b3e4accbc8524ec4b2f5a5ddab755b34,5a8bb6b5460b7bf21ee732841167a57f,delivered,2018-08-27 11:19:47,2018-08-27 11:35:16,2018-08-28 11:14:00,2018-08-29 22:21:53,2018-09-03 00:00:00
7e6e7f8c90f49906342dc848330b3961,b35dfa7dd3de3e852a60448604e9800e,delivered,2018-06-21 19:07:41,2018-06-21 19:21:40,2018-06-25 15:39:00,2018-06-29 19:03:42,2018-07-17 00:00:00
2300a8c3ba62aef5b16cb1c8c95710e4,f812e206f23a363308c423dc6f9247c2,delivered,2018-03-15 19:02:00,2018-03-15 19:15:48,2018-03-16 17:37:45,2018-03-29 21:08:32,2018-04-10 00:00:00
223ef7962a63cdbd408657fad00148ab,921380904189852610a023818c7706ed,delivered,2017-09-16 23:13:14,2017-09-17 01:10:24,2017-09-21 14:46:15,2017-09-27 17:07:02,2017-10-10 00:00:00
469efe9b7784ec97f17da1643f3e327d,223f7c012cd83b966c33b46e5d456508,delivered,2017-10-20 15:07:22,2017-10-21 03:07:18,2017-10-24 19:17:42,2017-10-25 15:50:03,2017-11-07 00:00:00
eb14dbf3c8f946973fe58a78a8b67942,92fb3369b344010fed8679f47e99f9df,delivered,2018-05-02 18:57:37,2018-05-02 19:40:25,2018-05-08 07:44:00,2018-05-20 11:30:29,2018-05-30 00:00:00
7a13f61d963ef344fad29d7219a1c583,ced1e88369d78a9ed35b69777a7a1008,delivered,2018-05-21 15:37:19,2018-05-22 09:15:20,2018-05-22 13:41:00,2018-06-07 18:48:32,2018-06-11 00:00:00
301f542650857f1460bdf2c3ba014fe0,f07bf0addb00665b70642dbac95605e4,delivered,2018-05-24 01:32:14,2018-05-24 01:54:42,2018-05-24 13:59:00,2018-06-08 00:38:26,2018-07-12 00:00:00
eb2d3e8cabad07d748b4677b4296a84c,cfcd303b7ba5238f33ca2162b958f4ab,delivered,2018-01-18 22:26:34,2018-01-18 22:38:35,2018-01-22 23:58:25,2018-01-25 16:15:51,2018-02-02 00:00:00
152f5561c96fd2a7e5d1b71cc158bcdc,4b8787047fbd5f4b75688747a4bec9dc,delivered,2018-02-02 21:47:53,2018-02-02 22:10:22,2018-02-06 19:27:55,2018-02-14 21:16:51,2018-03-12 00:00:00
f283e9196449811a7967b7c5d2794418,df79f186a9089cf9c802660d46a392b6,delivered,2017-08-02 19:10:30,2017-08-03 03:10:43,2017-08-04 18:42:54,2017-08-14 15:14:11,2017-08-28 00:00:00
dc1818ff094219ac82bf4d84fb6c6540,ff349ea42c06633992fc3c94c3da0f58,delivered,2018-04-01 23:33:42,2018-04-01 23:47:51,2018-04-04 22:39:32,2018-04-06 22:38:01,2018-04-23 00:00:00
cc94498194148d51cfb085f11338b383,c6d19a56edfc65d81014bb511fca2461,delivered,2017-03-29 23:36:44,2017-03-29 23:50:23,2017-03-30 11:08:37,2017-04-13 13:13:26,2017-05-04 00:00:00
31f339eba8572030e5bc4d9bb80d8207,5e7c5362800cb30ef68fcf3b62af6fff,delivered,2017-12-28 14:42:19,2017-12-28 14:51:25,2018-01-02 23:27:23,2018-01-05 22:04:57,2018-01-17 00:00:00
40f7051042336b961ed4d8170f73bd41,a4b6b02057f16402be5f3e5fbafdfd12,delivered,2018-04-15 22:54:11,2018-04-15 23:09:54,2018-04-16 20:28:35,2018-04-20 22:06:26,2018-05-22 00:00:00
4dd732bbd48564f149f8b7ed056c9f4f,4cb9e449f1f1ca4b439a52f2e5774c2f,delivered,2017-08-09 15:57:46,2017-08-09 16:10:20,2017-08-09 20:46:14,2017-08-16 18:22:23,2017-08-31 00:00:00
a3c1d266558d811517afe798d1fad42c,1e51b91a1bb6df445cc3a0295863e235,delivered,2018-02-26 17:54:40,2018-02-27 21:48:28,2018-03-02 02:22:40,2018-04-13 22:56:30,2018-04-12 00:00:00
a7dff9f82589bed9661867f1d3e5673e,b6d04e119573f6721d1d58a9beb1b483,delivered,2018-07-04 14:49:16,2018-07-05 16:32:49,2018-07-05 11:48:00,2018-07-11 16:07:41,2018-07-23 00:00:00
44c652443459cd095f4298d1d1daa389,ff8fa0e333a5b7b5362e76311b4ae90a,delivered,2018-03-21 23:05:27,2018-03-23 13:28:29,2018-03-27 18:11:22,2018-04-18 14:26:42,2018-04-13 00:00:00
2ab2d565315e05cc62d7462113cc1ff0,8375daf7c9c3eea1fc3b36072672223c,delivered,2018-04-24 22:12:17,2018-04-26 03:51:30,2018-04-27 11:35:00,2018-05-03 19:51:14,2018-05-23 00:00:00
d02aaca43ec41972a88b471ff9451970,ddcaf43f9ff0a654b00262f451c60a82,delivered,2018-01-14 11:10:03,2018-01-14 11:17:24,2018-01-17 19:53:17,2018-01-22 18:48:20,2018-02-05 00:00:00
e61f15c94900d1cc4cebd96be96f3823,2dc6da2422b959b13272324bc019347f,delivered,2018-02-15 01:48:47,2018-02-15 02:27:21,2018-02-15 19:39:16,2018-02-26 14:46:26,2018-03-07 00:00:00
cb02bcb7600b32e5083fec0791b923aa,c5120593ae070f182abd4f50a81de05e,delivered,2017-08-18 11:42:37,2017-08-21 07:06:24,2017-08-22 18:59:42,2017-09-01 13:56:49,2017-09-14 00:00:00
6c90fc612a10cf8c7c74570e1db07aa0,8c3c65fe9b99f72cf45b51959a335c0e,delivered,2018-04-05 21:00:26,2018-04-06 09:09:20,2018-04-07 01:26:24,2018-04-11 18:02:36,2018-04-23 00:00:00
c1084cac215df4bae739b489d0b95a3e,89a5f956c0b86c7be397c83a58c67f20,delivered,2017-03-14 12:30:59,2017-03-14 12:30:59,2017-03-16 08:33:07,2017-03-24 12:53:45,2017-04-06 00:00:00
e4b6c905d44429690681370d35c93c00,47bddabe94478f5044a7f34cb2bc60ed,delivered,2018-04-07 21:15:32,2018-04-09 08:09:31,2018-04-10 20:21:54,2018-04-20 12:52:45,2018-05-10 00:00:00
ba4088023bb3056caca3d40810844bf6,74caf64e68fcb4dcf49a9e3b1766922f,delivered,2018-06-28 18:13:35,2018-06-28 18:32:17,2018-07-03 13:44:00,2018-07-10 13:32:59,2018-07-30 00:00:00
1d24b01e4ad4214409a4cfea16ab3000,7e249b5d68d002dfd0d72f50adf379b2,delivered,2017-07-16 19:22:04,2017-07-16 19:30:19,2017-07-19 11:27:57,2017-07-24 22:03:53,2017-08-08 00:00:00
3f94b9825f195a7fced6313b41626237,68993c7d7d8944a5c4862691d936ae64,delivered,2018-04-17 10:15:14,2018-04-17 10:31:12,2018-04-17 21:22:09,2018-04-25 04:06:35,2018-05-11 00:00:00
de4645a62b989d300a37b6c4f5164160,290cc6191480daa93fb623283cfb2dc3,delivered,2018-02-06 00:11:43,2018-02-07 02:55:55,2018-02-07 18:35:18,2018-02-21 17:22:06,2018-03-07 00:00:00
8f001d0a1562d2929ed759bc04b58fd4,6a62a87141a2d2f37d565bab22fda161,delivered,2017-03-30 20:02:05,2017-03-30 20:15:13,2017-04-10 16:35:05,2017-04-12 10:44:37,2017-05-05 00:00:00
91f377dafe157043ee827b080a27e3f5,47e7bc62efaaf2c52a21b89a634fa7fb,delivered,2018-01-23 16:09:34,2018-01-23 16:31:33,2018-01-24 17:26:39,2018-02-02 20:54:31,2018-02-26 00:00:00
eee2db42b2bc47b348b0b5031bb2b662,87c0f7ef8ba07bdfeb3d7bbcd12d5af2,delivered,2018-02-01 20:50:40,2018-02-01 21:10:05,2018-02-06 22:18:35,2018-02-19 16:14:58,2018-03-07 00:00:00
75f0605fdfa742b228b0d080be350b26,2cdf4e6c8a997820be15dd41a8fa57b3,delivered,2018-04-16 14:01:17,2018-04-16 14:33:16,2018-04-17 22:03:35,2018-05-02 20:22:38,2018-05-14 00:00:00
808f2ddcd5a1575c6a0210437f589570,2641997643dfdc59555956c47f36daf7,delivered,2018-01-29 19:07:04,2018-01-30 11:55:30,2018-01-30 22:16:48,2018-02-17 09:38:48,2018-02-14 00:00:00
989c8bed4ad2e187516317b3e12f44c0,52efe753f546446eb1a37bb701656442,delivered,2018-03-29 13:57:31,2018-03-29 14:10:05,2018-04-04 17:38:41,2018-04-14 16:33:01,2018-04-19 00:00:00
cd1eb285c53babf41b30ec658c0bf122,6ea8b8c44170030252975e4c32c8b214,delivered,2018-04-02 17:17:33,2018-04-02 17:30:27,2018-04-06 00:34:41,2018-04-09 21:58:35,2018-04-24 00:00:00
b0f5f856c7c8dc046531f164d6de3eb4,9576af8c129e66193e28e99a06fe2dbe,delivered,2018-06-04 06:25:37,2018-06-04 06:35:09,2018-06-20 08:51:00,2018-06-26 00:21:50,2018-07-18 00:00:00
fcfb164cd88eaf05a44e1cb84c5153e6,56c4226c4e5c136eefa7fa8e992c1875,delivered,2018-08-09 00:08:06,2018-08-09 08:25:11,2018-08-10 06:53:00,2018-08-18 00:02:55,2018-08-27 00:00:00
9064f38324318748109281151c83406d,ef6c0bfc4abf551556dfde0bdd27d00c,delivered,2017-11-24 21:44:52,2017-11-25 00:37:30,2017-11-27 12:23:43,2017-12-04 20:19:14,2017-12-21 00:00:00
c55364dc936b3bcc92b2243e35dd52d4,bf1e12f33a27ed17f638976df65d89f9,delivered,2018-02-16 00:30:50,2018-02-16 00:47:42,2018-02-20 00:42:58,2018-02-24 14:57:14,2018-03-14 00:00:00
a2d83fe753c66711172a6b99df1bafcd,324709f9fb3d691f2c162f56bfdb6ff9,delivered,2017-05-03 20:15:16,2017-05-03 20:30:14,2017-05-12 07:08:01,2017-05-16 10:20:02,2017-05-30 00:00:00
570a2d92be76532681e5a09ac38c8e78,14147d5d5faeb0b1d408f87e32101331,delivered,2017-11-24 03:32:07,2017-11-24 03:49:50,2017-11-24 18:58:57,2017-12-20 19:58:26,2017-12-14 00:00:00
64065ff7503353586b3dacf9aec56ae7,954e58351016ce296c9b714dad1c5d76,delivered,2018-01-06 20:38:07,2018-01-06 20:48:21,2018-01-10 18:37:21,2018-01-18 11:56:56,2018-02-09 00:00:00
ab77be4cf9bf132ca4d82049e786e528,860ac166573be76ffb00c3e483892094,delivered,2017-09-16 21:10:54,2017-09-19 03:43:56,2017-09-20 16:09:21,2017-09-29 21:27:36,2017-10-06 00:00:00
b83450671810452724ca09dc5f0c6760,40751c6f0779cbe4f55f46594eddfed2,delivered,2017-11-11 19:12:11,2017-11-11 19:30:50,2017-11-14 16:39:05,2017-11-21 20:24:50,2017-12-05 00:00:00
fd714cf385fe329f52a369941eb2d7f6,32e9e40545eb494f5bbf1b50cd11a017,delivered,2017-02-24 22:27:14,2017-03-02 03:50:20,2017-03-03 14:18:38,2017-03-17 08:32:16,2017-04-03 00:00:00
6b06cff56425b758a3a3c4746439859b,06c5f9cdb14fd3898e53f945a3e903e0,delivered,2017-09-25 13:54:55,2017-09-25 14:06:11,2017-09-27 15:55:30,2017-10-18 13:43:17,2017-10-19 00:00:00
eab659d04f2bba5abfe11a2e6ef92bd0,c7a3c1e9b965f65f0b0204bd868604f9,delivered,2018-06-05 13:24:11,2018-06-05 14:31:11,2018-06-05 12:34:00,2018-06-08 20:34:21,2018-07-11 00:00:00
596c6d7a66d8869a75807519b27a437d,f372f9c58ffa0981429f594a4c1cbf32,delivered,2018-02-06 14:33:52,2018-02-06 14:50:13,2018-02-08 18:58:35,2018-02-14 16:37:00,2018-02-22 00:00:00
50b8644a6f58db94a0d3beb21e0e9a01,26c2211e11c75c75f952f78f65f52195,delivered,2017-04-25 10:48:47,2017-04-25 11:02:53,2017-04-27 09:14:15,2017-05-09 13:52:42,2017-05-23 00:00:00
60c5f920621dfaf30c3829088dccfb26,52f14b1298aeb699cb2ccfd7d5d2c2de,delivered,2017-08-16 02:00:11,2017-08-16 02:45:12,2017-08-16 19:27:29,2017-08-18 12:51:40,2017-09-08 00:00:00
fd192fd37b66b1d22bfe7b82ace0a064,069f68677638153043f70401d8c08d2d,delivered,2018-05-13 17:08:19,2018-05-13 17:33:24,2018-05-14 14:04:00,2018-05-21 19:22:04,2018-06-06 00:00:00
289ee757abaabe6c0bfd125de7b9fffb,aefba536903322607c79004b7f26a522,delivered,2018-05-05 15:56:36,2018-05-07 16:12:24,2018-05-08 13:51:00,2018-05-14 19:16:31,2018-06-01 00:00:00
5fbf0b33d959fccab26b945f15707bd3,488e01ff31939ba46b4c8b1781c342a4,delivered,2018-06-15 22:21:11,2018-06-15 22:40:44,2018-06-19 12:29:00,2018-06-25 18:25:38,2018-07-05 00:00:00
db108acc0931865fabea566b7edaa5c4,5786168154a608395ebb733bf42117b0,delivered,2018-03-27 12:41:45,2018-03-27 12:55:20,2018-03-29 18:39:19,2018-04-09 18:46:56,2018-04-20 00:00:00
ec28cd8095b8c6aa0d63cd0ff24c6cd3,7e095e120d9e70f36b221bac13134949,delivered,2018-01-28 22:06:25,2018-01-29 22:53:30,2018-01-30 16:48:43,2018-02-09 17:55:03,2018-03-06 00:00:00
c48c006cc34f94c1fb2aa8afd2c1cc9f,2374b79f980310c0de32c4d0bbca4150,delivered,2017-11-24 17:09:14,2017-11-25 04:53:48,2017-11-28 14:47:55,2018-01-10 00:43:47,2017-12-26 00:00:00
4721161c08ff9843f9bada4af997622c,9b7fdcb0d29891189acfa72ba1518d77,delivered,2017-02-16 13:16:12,2017-02-18 03:25:12,2017-02-20 09:32:23,2017-03-03 10:18:03,2017-03-27 00:00:00
56417f76b00d347bc97497d3f823cea9,8e44b2cb028b4cc7c7baeffbe18dc0b1,delivered,2018-02-09 06:55:30,2018-02-09 07:15:19,2018-02-14 18:34:08,2018-03-16 23:58:47,2018-03-08 00:00:00
a4874f847a49e622356b40b62c61b115,47729014fea93d77963794163d157644,delivered,2017-02-19 19:53:44,2017-02-19 20:05:19,2017-02-23 15:13:02,2017-03-14 09:32:32,2017-03-29 00:00:00
89a9dfc9222a6cab3be59fc550aee7c3,c0e3e7ad59830b0599932046e2758f1a,delivered,2018-08-21 21:47:18,2018-08-22 04:05:19,2018-08-22 13:16:00,2018-08-29 10:28:47,2018-09-06 00:00:00
39fc0202a3b70b2619a6f3e579beedeb,32c8f809c0e126b86603a26be33d683c,delivered,2017-11-27 17:56:22,2017-11-27 18:12:04,2017-11-28 17:23:07,2017-12-04 22:52:05,2017-12-11 00:00:00
dc49dbbb4fdb62c17557f79ebfed0225,78a57370d161a773e20ae290539b1a5d,delivered,2018-01-26 00:30:37,2018-01-26 00:39:19,2018-01-29 13:19:09,2018-02-01 17:21:52,2018-02-09 00:00:00
393e5ad5d9b558b7a0fd2cfc53f7f1d9,11840ed3e99ab94daee0ffe58ba143e5,delivered,2018-01-25 17:24:44,2018-01-26 03:16:52,2018-01-27 00:14:46,2018-02-01 16:56:06,2018-03-06 00:00:00
236992e91012a3c75936dd524d4cb688,12ee0166c590c5966955f8c4de7628b6,delivered,2018-05-11 19:44:32,2018-05-11 19:55:19,2018-05-14 15:19:00,2018-05-15 21:23:58,2018-05-22 00:00:00
eb785b1fc66ac703e6801aef45d2397b,4f7a3c5de18c3f96fcab9efbc46bfe9e,delivered,2018-02-14 20:37:36,2018-02-14 20:50:32,2018-02-15 18:55:06,2018-03-19 12:32:47,2018-03-16 00:00:00
4f902f639aad5f00c8e814b248e3b4b3,8e1a3dfd1b7a7ef4c3f4ecc65c238e20,delivered,2017-03-23 20:13:43,2017-03-23 20:25:06,2017-03-27 11:04:59,2017-03-30 16:46:14,2017-04-13 00:00:00
dad7ec529acfeae5322bdcb8f933e5c1,269b17d13b094fa56c41b83a2b2ec24e,delivered,2018-07-04 17:56:02,2018-07-05 16:18:56,2018-07-10 07:17:00,2018-07-12 20:32:21,2018-07-26 00:00:00
dc2abb29525694900ea93ffd5d12460d,4470f5bf4d0a7555c361002dd3f7142c,delivered,2018-01-15 19:13:14,2018-01-16 19:10:59,2018-01-19 18:58:46,2018-02-02 02:07:54,2018-02-23 00:00:00
531521cd6e189fcaae16fc2c99d4fa2b,48c76234921fcc88198bec9d7f354f3e,delivered,2018-01-02 19:09:21,2018-01-04 05:10:35,2018-01-05 19:46:00,2018-01-08 23:52:46,2018-01-24 00:00:00
a2dae683f3e97cc4cfc4ee2865c66ed5,2936c32e0ce4f5aea0cb860487c99192,delivered,2017-10-03 18:53:31,2017-10-03 19:07:12,2017-10-05 19:57:34,2017-10-10 16:10:13,2017-10-19 00:00:00
294a3f0960f3588f7b1597da079f590e,8ea42c1486fc37fb10dfb10210ea1e5a,delivered,2017-04-25 22:15:42,2017-04-27 13:33:23,2017-04-27 07:18:06,2017-05-08 13:13:20,2017-05-16 00:00:00
cd41a5bf3ffd542864ab33b17144968f,b0f4a833c13466c077bf44efca4d5b56,delivered,2017-11-24 16:33:46,2017-11-24 20:32:12,2017-12-04 16:33:32,2017-12-06 22:18:42,2017-12-15 00:00:00
89615629042a92b8d5b1363728ad103a,4b9521e656122982e29ff7de5addef50,delivered,2018-04-09 14:12:16,2018-04-09 14:31:21,2018-04-10 23:04:51,2018-04-23 19:08:34,2018-05-03 00:00:00
81fff738e05d97b97be744936e7535a7,7620a188e9b6ed4a710a6e7a2b08278e,delivered,2017-05-02 21:14:49,2017-05-03 15:22:54,2017-05-12 10:35:55,2017-05-24 11:16:33,2017-06-06 00:00:00
0675ebb5c8a8506766f55599dd95c74c,3641be52976f3de8181f072a7bd7865c,delivered,2018-06-22 11:59:29,2018-06-22 12:20:32,2018-06-23 08:43:00,2018-07-03 16:54:45,2018-07-27 00:00:00
44de6d7b8fcd0cd8db38002f58d6c20d,f0ae2d8c33a1865a8d66b72978091b8f,delivered,2018-08-10 15:19:58,2018-08-11 02:45:20,2018-08-13 10:22:00,2018-08-16 19:11:13,2018-09-05 00:00:00
a1123c93471aa08ec72dfd5c941edcdc,35864582d9b9cab28936cdf255711c5a,delivered,2018-04-27 09:44:14,2018-04-27 10:12:17,2018-05-04 13:06:00,2018-05-07 14:17:28,2018-05-16 00:00:00
bdf3a71389d2bde7d62c2808d6034403,ac7e0a1b153aa1cb418bf882b101aa31,delivered,2018-01-02 14:55:08,2018-01-02 15:07:34,2018-01-03 17:10:45,2018-01-10 16:04:07,2018-01-24 00:00:00
4384784d5523bb60e52390503d3c2789,66e142543f92067ea3bd1f529c570aac,delivered,2017-09-12 08:48:02,2017-09-13 03:30:23,2017-09-15 00:12:09,2017-09-26 20:06:00,2017-10-02 00:00:00
303a73983ac1421570602e1812ea3bbd,cd44b9d8c8dbe3fef291203c1b8977ce,delivered,2018-06-19 21:38:16,2018-06-20 13:57:48,2018-06-21 15:35:00,2018-06-25 22:51:57,2018-07-03 00:00:00
484dca40df3d3e143c32574fc87387ca,d7e7a3e1f56066a9c5b475b82e3f870f,delivered,2018-06-21 23:51:47,2018-06-23 01:15:50,2018-06-27 10:56:00,2018-07-03 17:38:32,2018-07-23 00:00:00
fcab6437822c11cb1be696ca48db49a3,d69f593c444ff27378b961dc4950edf2,delivered,2017-07-19 21:34:39,2017-07-19 21:45:13,2017-07-24 19:42:37,2017-08-02 18:27:35,2017-08-10 00:00:00
650d7fd7f019e7381b5687b901db2340,ea8c40305a2e6dfa376b4a22ae8f9f6e,delivered,2017-07-30 01:33:29,2017-07-30 01:45:14,2017-07-31 18:01:28,2017-08-23 13:48:59,2017-08-30 00:00:00
766a7aafdf6f237885465c7487a30eb7,4b86e3f4e081916feadba12c94ea8912,delivered,2017-11-25 10:31:51,2017-11-25 10:54:14,2018-01-04 22:34:19,2018-01-10 18:32:27,2017-12-20 00:00:00
d51ef15e75e30be319e9efb0a207e71a,0e666154002ca635ff1c3a470e233949,delivered,2018-02-05 10:45:44,2018-02-05 10:55:28,2018-02-06 13:48:42,2018-02-14 14:53:23,2018-03-02 00:00:00
d8616719eeea1779ffc680fea646f9a3,f4642e44d7495db74935952ba27178c8,delivered,2018-01-14 23:18:37,2018-01-14 23:29:10,2018-01-22 18:52:19,2018-01-29 18:48:52,2018-02-16 00:00:00
10487ca7dcab9ddc13cd4ee2fe1ef2f7,6375f291ca662cda38bba47ce8d767f1,delivered,2017-04-06 10:31:58,2017-04-06 10:42:23,2017-04-07 10:07:10,2017-04-17 15:44:43,2017-05-02 00:00:00
e7f7f03bc8d696fdb62476341f1506f4,d256db1422e2d4737a6e70b39db4e4ef,delivered,2017-08-24 10:54:50,2017-08-24 11:10:09,2017-08-25 18:33:57,2017-08-28 19:29:15,2017-09-20 00:00:00
0662642f8ec31225fd369ca4026cb610,35a6ecc0dbad9693cce748e2dd83947a,delivered,2017-07-22 19:21:05,2017-07-22 19:35:12,2017-07-25 22:46:43,2017-08-11 14:54:33,2017-08-28 00:00:00
75c65b37911c3543a4efd45a45ee4a92,037fefe4072b01df6c29d233b2196a23,delivered,2017-09-07 18:27:27,2017-09-07 18:35:11,2017-09-08 21:04:36,2017-09-26 16:18:19,2017-09-28 00:00:00
e227fbda6134e254af397d9f84473158,74b973cb2f43cf69959a47ab7a679ef5,delivered,2018-08-05 21:52:17,2018-08-05 22:05:21,2018-08-07 12:56:00,2018-08-10 18:07:37,2018-08-16 00:00:00
566f53fc7d36fa366f7e221468121877,83b52613d1bcd8c6a66b41526405bad6,delivered,2017-01-26 13:15:42,2017-01-27 03:05:28,2017-01-27 14:20:13,2017-02-06 17:52:46,2017-03-08 00:00:00
5ad738a3ebe737918e4983345e1e02d8,bcb9a6eebf72617582dc1b32d9f96401,delivered,2018-08-08 10:31:23,2018-08-09 08:50:10,2018-08-14 18:00:00,2018-08-30 17:24:59,2018-09-18 00:00:00
001d8f0e34a38c37f7dba2a37d4eba8b,d987da9fb4086ab7c2c0f83963cd6722,delivered,2017-05-14 17:19:44,2017-05-14 17:35:11,2017-05-24 15:45:01,2017-05-26 13:14:50,2017-05-24 00:00:00
a820e4b8830258a148d161ba6d8bf419,ae8103a85db8c3dfc90a0473e90db207,delivered,2017-06-13 14:51:21,2017-06-13 15:10:22,2017-06-14 15:33:11,2017-06-22 16:22:55,2017-07-06 00:00:00
d182d98f09b4277c0d58801e991f7757,1ca6f90a61cf75c002a0d690261a0e4c,delivered,2017-06-25 11:56:23,2017-06-26 12:05:21,2017-06-26 18:03:57,2017-07-01 09:07:34,2017-07-18 00:00:00
9079949c454893e04a89e8c331a0156e,80d7691ff5ead76eb2323976bdb0f88a,delivered,2018-05-02 10:55:11,2018-05-02 11:13:46,2018-05-03 10:33:00,2018-05-05 11:25:46,2018-06-08 00:00:00
6bbafe0017bf2f1c7dd4331a9a742023,24917ee9726a59cf2ef319dd7e68ca7c,delivered,2018-07-21 12:52:54,2018-07-21 13:04:04,2018-07-24 16:01:00,2018-07-26 21:20:49,2018-07-31 00:00:00
29d2d0b5d721da94d080b50f1b039e0a,fe19d605ec598aaf242f390f67ffbde3,delivered,2018-03-16 22:08:54,2018-03-16 22:28:13,2018-03-20 19:38:54,2018-03-26 16:38:37,2018-04-04 00:00:00
e8dbddc8a7fd19aaf321cf4e7b00c787,acc4ae9fbacf44ef153b5a5d9906f0d5,delivered,2017-09-15 16:48:18,2017-09-15 17:55:16,2017-09-21 15:18:55,2017-09-22 14:42:23,2017-09-27 00:00:00
ecf85b61bc3f89e2f5ff2d7367369675,ce0c6a5330912ce0077cdcadd5b8f1fb,delivered,2018-08-19 17:07:56,2018-08-20 12:30:11,2018-08-21 14:50:00,2018-08-28 11:17:20,2018-09-06 00:00:00
f184018d4bdb5a578d594906fdff974e,3effa8f45f1b79dae23e1867d20fec21,canceled,2017-07-25 01:55:52,2017-07-25 02:05:23,,,2017-08-16 00:00:00
d4646c4ab91c910a48e894192d0c5a97,8c9b6ba8f384bdf1a92424bc1b9401e9,delivered,2018-03-05 00:23:16,2018-03-06 15:00:59,2018-03-05 18:39:11,2018-03-07 12:57:26,2018-04-06 00:00:00
d9770884f02a4e0d5e0f9d8fc5f5b9c4,684df909d5291739f7da3c9d991680d4,delivered,2018-07-16 06:54:37,2018-07-16 07:10:14,2018-07-16 10:27:00,2018-07-24 21:12:24,2018-08-02 00:00:00
23c5d822ecef1bbf136d525d59caddb8,6d98e14c0f422a2e7cdcd8134d1fdd86,delivered,2017-06-11 11:53:40,2017-06-11 12:15:25,2017-06-14 14:22:42,2017-06-26 15:33:34,2017-07-07 00:00:00
e20aaa6862f849ed8fa3b602147e09ea,e55d31bc91350133136c07a91adbecb2,delivered,2018-06-07 07:03:04,2018-06-08 06:55:25,2018-06-08 11:00:00,2018-06-15 16:09:02,2018-07-19 00:00:00
1c2ed37904500c8dfad13c54d3ed8043,4d9fd3fdeb58a1d0d4604d36b71aa96f,delivered,2017-07-10 14:25:38,2017-07-10 14:43:15,2017-07-10 18:42:16,2017-07-21 18:56:56,2017-08-03 00:00:00
480295bd3b66aeb4f624e16dc17a7412,64986afd0f3863810521731e53f92463,delivered,2018-05-16 23:48:43,2018-05-17 08:36:26,2018-05-17 13:55:00,2018-06-07 13:52:37,2018-06-13 00:00:00
d88e0d5fa41661ce03cf6cf336527646,fe0c5425832ac53c3be5cb4aea25b60f,delivered,2017-11-28 15:53:29,2017-11-28 16:17:30,2017-12-12 23:22:02,2017-12-19 20:49:52,2017-12-18 00:00:00
ff0ce73492169dc291eea70f4ce38382,6f4a0a2f6a6bcfa3a4181142859c4964,delivered,2018-01-26 14:39:20,2018-01-26 14:59:03,2018-01-29 19:29:02,2018-02-06 15:11:37,2018-02-23 00:00:00
c1dd7b1471d47476e64662cbc99318ef,04612c0745e93a575dac8d71974c805d,delivered,2018-05-05 13:55:47,2018-05-05 14:13:49,2018-05-08 19:02:00,2018-05-09 22:55:33,2018-05-15 00:00:00
c701c8464f3e67c08ab16e0e972f303e,19f4e983f8f05b7de16670f8a0cf0ac7,delivered,2018-01-20 17:36:26,2018-01-22 13:55:07,2018-01-23 20:28:57,2018-02-01 19:34:55,2018-02-19 00:00:00
90f864fe19d11549fa01eb81c4dd87e3,a1d3be9164de0c24121b9188a1e4e1ca,delivered,2017-11-27 12:12:28,2017-11-27 12:33:32,2017-11-27 20:38:25,2017-12-05 11:58:51,2017-12-22 00:00:00
3a7fcc00c5d5f8bd9daf0c246bd93a54,abb4bba6c51db8e00607f28f0af2e448,delivered,2018-01-21 14:07:04,2018-01-22 13:50:47,2018-01-23 20:57:43,2018-01-29 23:56:57,2018-02-15 00:00:00
4ef6df7bbf4c593389204a817cd590da,00c9ed767059efd304546d437c9d171d,delivered,2018-01-24 19:09:21,2018-01-24 19:31:46,2018-01-26 17:17:38,2018-01-28 17:11:52,2018-02-08 00:00:00
6d5f4523e4747ceffd3e84b2d9bab9fc,15cae6030369d69f884089f8f746a272,delivered,2018-04-30 14:44:06,2018-04-30 15:24:08,2018-05-04 12:02:00,2018-05-16 11:53:33,2018-05-30 00:00:00
5971d3979142ba818940da403e01d08f,3df5a0e4022e6f8bec5a7fdb71705d5f,delivered,2018-05-02 13:13:23,2018-05-02 16:38:03,2018-05-03 11:34:00,2018-05-09 21:58:42,2018-05-17 00:00:00
4d63886c6803f7b71171fe305b93e3f1,43f6b439df8e443370c109de1a302cd0,delivered,2018-08-17 15:11:12,2018-08-17 15:29:50,2018-08-20 15:01:00,2018-08-22 23:18:49,2018-08-23 00:00:00
26bb01f8da89d1db61bdb339788731b8,91bb51bb101920d40690c2275e630cf1,delivered,2017-03-09 10:49:48,2017-03-09 10:49:48,2017-03-09 14:38:57,2017-03-14 11:01:05,2017-04-03 00:00:00
2dfb87489b5804dbc8293320a24aac0f,d99f288e450885b0341d068671fcf5a5,delivered,2018-03-21 13:18:40,2018-03-21 13:30:34,2018-03-23 13:42:54,2018-04-10 15:52:11,2018-04-16 00:00:00
4c1fd23882ba19dd4163989a484ad75c,6c50c2547ade7275ef04878bcfec6058,delivered,2017-11-22 16:44:46,2017-11-22 16:54:35,2017-11-23 16:48:54,2017-12-08 23:32:21,2017-12-15 00:00:00
c3d92b59600b515ee287044dd4a34985,5bc4e669e3fd7aea38fca1ea497bf110,delivered,2018-06-20 18:44:46,2018-06-20 19:18:48,2018-06-21 14:46:00,2018-06-27 12:34:48,2018-07-12 00:00:00
643e340c6c562d108526c36d5a94c027,d268eb5ab77b7f0837b538ea3856884a,delivered,2017-12-05 20:11:04,2017-12-05 20:18:24,2017-12-11 20:09:34,2018-01-18 22:51:54,2018-01-05 00:00:00
b4faf169cf759150033d5fd096c9e5b1,75ecf0a14a745e7e70450c3689123cac,delivered,2017-08-31 15:25:36,2017-09-02 02:50:33,2017-09-06 11:54:19,2017-09-18 20:09:58,2017-09-26 00:00:00
e26f5772e3067b6d8d3cbc95ce3df51b,3f78d960d41b0baa83c3c8cef74c8493,delivered,2017-05-04 08:56:50,2017-05-05 02:15:50,2017-05-05 12:56:42,2017-05-18 08:46:53,2017-06-19 00:00:00
c89639dcbe79b6451bdfa3143a968d57,24dbe914ad144e6daac4d54f3ac38775,delivered,2017-07-25 21:27:30,2017-07-25 21:43:35,2017-07-26 19:13:52,2017-08-03 20:12:39,2017-08-16 00:00:00
d1142640ffde00a5ea942d37238ec5f8,7c8d8a6fe7781ea5ca552abc44920897,delivered,2017-03-12 09:25:41,2017-03-12 09:25:41,2017-03-15 08:44:54,2017-03-23 12:23:59,2017-04-11 00:00:00
82a30f6b1e7a65b2ad078d587ed296af,bfc4ac44365c4048159ebb0e3ea6ce6d,delivered,2017-06-11 15:32:38,2017-06-11 15:42:26,2017-06-13 13:21:45,2017-06-21 15:38:51,2017-07-10 00:00:00
d5287f2880a6120bfa31fa3b327ee941,0138bea323fc76e6968c0fa28a35d9e8,delivered,2018-06-28 19:25:39,2018-06-29 19:30:12,2018-07-03 19:26:00,2018-07-04 15:09:00,2018-07-12 00:00:00
6d34c087b843ae0fdb296f15d948e45f,8d00bb042dfdfc4c8121bcd01fbc78bc,delivered,2018-06-20 19:11:56,2018-06-20 19:39:40,2018-06-26 13:17:00,2018-06-29 17:21:38,2018-07-17 00:00:00
44b243b9ac18357e1388b0459d54af02,75bd55864b7610a47980ea0d2f8e925b,processing,2017-10-19 19:41:04,2017-10-20 02:46:00,,,2017-11-06 00:00:00
597ed802dbdf253e02ed5dc145617466,afa81f130be8a45995290f2bef7da15b,delivered,2018-08-20 15:12:42,2018-08-20 16:32:07,2018-08-21 06:52:00,2018-08-22 21:06:29,2018-08-31 00:00:00
8fc2234b396d9118c8171d1770e9ad18,ffa8532faa3bdc63c11d3124b78022ca,delivered,2018-01-31 16:15:52,2018-01-31 16:34:16,2018-02-03 14:24:40,2018-02-16 21:36:55,2018-03-01 00:00:00
950d953d1c32b47c840a17f3661427a4,83ee6d8c8198e3ecd30aa108a28d4b81,delivered,2018-02-21 20:53:04,2018-02-21 21:08:51,2018-02-24 00:21:47,2018-03-09 21:24:42,2018-03-16 00:00:00
548df2c6e5f089574614894bca78acf5,8c99550966de67486c939c2337338326,delivered,2018-01-10 16:41:11,2018-01-10 16:49:36,2018-01-13 00:13:15,2018-01-27 17:42:51,2018-02-06 00:00:00
938cf33aaa64536379e72993eab4cef2,c02804339297de6f018d91e5e928dae3,delivered,2018-08-11 12:22:13,2018-08-14 04:10:21,2018-08-14 10:22:00,2018-08-20 21:34:34,2018-09-13 00:00:00
19035e30edccde0d266584ca34f49756,baddc9e22749fdfbc89be0e547c1956c,delivered,2018-01-01 18:35:40,2018-01-01 18:47:31,2018-01-03 22:28:46,2018-01-10 20:25:30,2018-01-26 00:00:00
b9ed1cade4a77bad15fa7a3ced4585a4,cb536556469db7a61852d0de4cd9a279,delivered,2017-02-08 22:57:03,2017-02-08 23:10:14,2017-02-10 14:04:12,2017-02-17 09:37:44,2017-03-21 00:00:00
e3770527e77ed1a6d8b5992c286dc4ea,9256fbcdfba18f428fd2325633fb38cf,delivered,2017-12-27 20:58:14,2017-12-27 21:07:05,2018-01-04 20:21:47,2018-01-05 21:09:00,2018-01-16 00:00:00
545f259d01f0a271186e324228070de7,06d3d7382dee08a5564f898eb8156e58,delivered,2017-05-17 13:24:29,2017-05-18 02:30:10,2017-05-19 08:17:29,2017-06-05 17:05:30,2017-06-21 00:00:00
6adb69c0a8d87a08560f83649413742b,4401e9e6cfd32822cdc8d03d8917fbf5,delivered,2017-08-23 16:26:25,2017-08-25 02:55:15,2017-08-25 19:48:49,2017-08-29 21:17:06,2017-09-14 00:00:00
77f769edc06f5c320e6ee92b14400f30,309b553ce7f369bdd3c8ef6032ac9b45,delivered,2017-03-05 13:29:20,2017-03-05 13:42:56,2017-03-09 12:41:49,2017-03-21 10:52:07,2017-03-27 00:00:00
3c910682dae253cf479fb6cefab5e751,76f33f575424fcd2bfaa1e1d183497a8,delivered,2017-02-14 08:41:15,2017-02-14 08:55:18,2017-02-17 13:17:33,2017-03-02 13:58:45,2017-03-15 00:00:00
ed09706e867828c762e46ad418d064d7,0766e8559ca223a62bed916c91eb8e36,delivered,2018-01-08 18:00:24,2018-01-10 10:32:30,2018-01-10 21:38:53,2018-01-11 23:33:46,2018-01-24 00:00:00
f6e2898af2dbe4582426003c31aedaf1,c1218284c4b5b1f0ac20a0e96e04406d,delivered,2018-07-18 23:13:14,2018-07-18 23:25:17,2018-07-19 11:31:00,2018-07-24 17:04:44,2018-08-03 00:00:00
0921c97280957af14f02d430cac48a5c,936822bc2c34c35500bbe714445c0299,delivered,2017-09-27 12:57:31,2017-09-28 02:49:35,2017-09-29 20:35:00,2017-10-19 14:36:01,2017-10-23 00:00:00
ebe3541c37938be5fe324645a702d4d4,e626896a14e00a84683d8cf6f8c30a5c,delivered,2018-01-01 17:39:53,2018-01-01 17:47:20,2018-01-04 22:09:07,2018-01-18 23:32:30,2018-02-06 00:00:00
42befb375e86b58e9c00206b5f948341,25d088925de5b8a24b06c9505000448b,delivered,2018-01-11 22:12:55,2018-01-12 02:38:41,2018-01-13 01:19:29,2018-01-15 23:45:02,2018-01-30 00:00:00
4a1858ee1b9863a7a8d72174e32a9d24,8982db0647e13b564849511aae99364e,delivered,2018-02-22 12:46:17,2018-02-22 14:08:27,2018-02-28 02:13:54,2018-03-01 20:29:12,2018-03-08 00:00:00
bebb091883afc03b247e8e66a1f2dd8e,75c729bf6969221f84e47ef024ca25c8,delivered,2018-05-30 14:51:11,2018-05-30 15:11:29,2018-06-04 09:00:00,2018-06-14 18:02:56,2018-07-12 00:00:00
4b95d1a4d386ff9f72f63254f6a30a51,8e8d2a893f9513f17593b10a4236ef90,delivered,2017-08-18 17:16:24,2017-08-18 17:45:15,2017-08-21 15:26:53,2017-08-22 15:04:20,2017-08-31 00:00:00
0533030deeaf4b83feea1ea004f2ddb5,130db473eac67b544bd3813c3a92cef1,delivered,2018-05-16 13:23:35,2018-05-16 13:35:23,2018-05-18 16:48:00,2018-06-15 14:37:45,2018-06-07 00:00:00
d851a0d54dfe11f32ecb35bb6c8b8e59,2e320174b3ab5bdd0bf8e2fe27e72b43,delivered,2018-03-15 17:59:54,2018-03-15 18:15:36,2018-03-23 14:52:11,2018-04-05 17:56:29,2018-04-05 00:00:00
795c0e28181b5f39aaa6e2ea7c708439,a2079a2e6c7e0323e2704564d02704f4,delivered,2017-07-14 12:22:01,2017-07-15 03:35:27,2017-07-19 16:32:19,2017-07-26 17:51:54,2017-08-10 00:00:00
e0f31d8e55abaf717dea80886e72cb42,837faaf3ec20b55da87031abf3d60f67,delivered,2018-05-09 10:01:58,2018-05-09 10:15:24,2018-05-11 08:55:00,2018-05-24 14:28:51,2018-06-01 00:00:00
3fd1a0108718230e45ed596af3c04ab7,5d36976ccb4dfefc743eede038a851b5,delivered,2018-06-23 12:16:19,2018-06-25 14:54:17,2018-06-26 12:41:00,2018-06-29 19:22:22,2018-07-20 00:00:00
334decd7ef04da2ca241d7d049383f5c,fe3a33424ba62cc9aa644a82fb4b7c1d,delivered,2017-05-19 17:28:36,2017-05-23 04:22:35,2017-05-24 09:08:02,2017-06-08 14:17:24,2017-06-12 00:00:00
9a58bb130c8dbe2b6ee84808bda0da8b,e96c4cb2f779010ef7cbb5588ca65b5a,delivered,2018-07-13 12:45:47,2018-07-13 12:55:28,2018-07-17 13:23:00,2018-07-20 21:46:28,2018-07-31 00:00:00
e2106f0881297aad6e7fc16db0e9a45a,d5932a2c3561d6247dccce872bd41610,delivered,2018-04-23 21:13:19,2018-04-24 18:21:20,2018-04-24 18:58:01,2018-05-10 19:49:37,2018-05-22 00:00:00
f48360c3ded0f45d12be854d83cf01bd,f712a2059a8977b33828d774e1849acb,delivered,2018-03-05 12:02:25,2018-03-05 13:55:51,2018-03-06 23:24:53,2018-03-19 18:48:49,2018-03-23 00:00:00
bf855e7e3d03c67755603ee3ec6f740a,435da3cfae7de29e026be458763a4981,delivered,2017-09-17 11:15:26,2017-09-17 11:30:20,2017-09-20 21:16:04,2017-10-10 22:57:51,2017-10-09 00:00:00
fdeffd68ae417c6344e590b1f672da56,74923e29264de38aca1e2515fd8e5015,delivered,2018-06-23 15:30:35,2018-06-23 16:26:02,2018-06-25 15:08:00,2018-06-27 18:45:45,2018-07-05 00:00:00
d017dbce90d52a7df03496d94a6cbd46,d89b2df31c5983bfacd69a5a4f401ecc,delivered,2018-05-19 21:59:08,2018-05-22 09:14:27,2018-05-24 12:51:00,2018-06-08 18:52:15,2018-06-08 00:00:00
ccacf38d836bb451f51a555780ea425c,0a917cf6dd04df0ec24e6178401e8569,delivered,2018-01-16 12:56:37,2018-01-16 13:10:11,2018-01-18 00:52:40,2018-02-03 00:12:47,2018-02-07 00:00:00
64d7f23b722e9e54a995c7500c4926df,672f818c29f764d046b1c0d8ccf26302,delivered,2018-07-24 10:01:44,2018-07-26 03:05:16,2018-07-27 13:26:00,2018-08-01 19:08:45,2018-08-07 00:00:00
3bbf8f927f288e4a1854c7c12d0dc1b7,2028d59868c16385088ca96f56b803c8,delivered,2017-11-04 14:10:49,2017-11-04 14:25:38,2017-11-06 21:45:19,2017-11-09 23:16:22,2017-11-27 00:00:00
615e54068238441742c4daf6a7b4ccff,9a66505bf502bb3d549c86dd61b38b02,invoiced,2017-11-13 16:27:09,2017-11-14 04:26:44,,,2017-12-01 00:00:00
b7ef1124cfa9a18db6bb683801089f56,370441ce28d80dcca661c5eb760db3c6,delivered,2017-02-02 17:56:17,2017-02-02 18:12:57,2017-02-03 09:42:25,2017-02-08 09:57:54,2017-03-06 00:00:00
1a2caf1a67ce957cd73c3b9b36ce3664,8b6b06fa880f0c8101a8ba87022a2db2,delivered,2018-01-02 10:03:59,2018-01-04 05:14:34,2018-01-05 22:25:47,2018-01-23 10:12:55,2018-02-05 00:00:00
d01d398884a6cf22acddc973b81de5c2,e7d9410aa7c87033dd9f7741cc5b8137,delivered,2018-06-07 13:53:37,2018-06-08 02:56:22,2018-06-08 15:08:00,2018-06-22 16:18:25,2018-07-05 00:00:00
b9f9f408bbdb152b3dc98aaffbc37a93,f21c47b4ccdf7c5544d0b3f8d7ca90e9,delivered,2017-12-29 12:15:32,2017-12-29 12:26:45,2018-01-02 16:19:02,2018-01-08 18:17:44,2018-01-24 00:00:00
b3a5244e63837c138b11bad69f104bd2,238b88db8e5251890af4fe539f06fc55,delivered,2017-11-04 22:25:11,2017-11-07 06:31:31,2017-11-08 21:27:50,2017-12-05 02:52:10,2017-12-04 00:00:00
cfe9a2c324eefb180663116644e4f171,a87cd99f802b427e5d8ad0f568f71744,delivered,2017-01-30 14:07:53,2017-01-30 14:31:30,2017-01-31 07:04:37,2017-02-03 10:47:47,2017-03-07 00:00:00
e2fcf0dc80d06ac324b2169b7c1c46dd,9e9d0af18268bef83a5996809d4b164e,delivered,2018-01-09 12:02:51,2018-01-09 12:15:19,2018-01-10 17:35:36,2018-01-24 23:18:38,2018-02-19 00:00:00
90c6ad052c663ff5651759a61165b35c,bbc245da02e51a5ff7b595c31628af6b,delivered,2018-04-18 17:00:24,2018-04-18 17:33:43,2018-04-19 18:02:58,2018-04-26 17:06:36,2018-05-16 00:00:00
d14460d3fa8f54b8f0f7befd11820202,7b4ed170927898dcffff911ace8c5d76,delivered,2018-07-07 18:54:31,2018-07-07 19:05:54,2018-07-10 15:29:00,2018-07-13 22:21:56,2018-07-27 00:00:00
02e0c2efb6d9bb2a95ca90b7e78bec1f,0b8eb01b2a378b535126bdf817eb1761,delivered,2018-04-01 10:50:46,2018-04-01 11:07:40,2018-04-03 18:53:38,2018-04-09 18:48:28,2018-04-18 00:00:00
6fa1bcac9237ac279a8658d2a16ace23,133c4c1d627767c0eff78980c767ea9f,delivered,2018-05-11 16:17:06,2018-05-11 16:31:36,2018-05-14 12:00:00,2018-05-23 16:28:31,2018-06-12 00:00:00
16e5e020f226b58f660770e190042ad2,025aacb42b2bf1b72a848fa69a0a6a96,delivered,2018-05-02 13:24:13,2018-05-02 16:19:07,2018-05-03 15:18:00,2018-05-04 20:58:56,2018-05-15 00:00:00
34c62850ad53be21313a03576fa7fd32,8c1bad84558341cde17c31a0fa68c46a,delivered,2018-05-24 21:26:55,2018-05-24 21:58:46,2018-05-26 09:28:00,2018-06-04 23:12:07,2018-06-20 00:00:00
3438e39477d8c19d943ac5353b6e9f64,02994cfcf9430e156fff3d862bdb2721,delivered,2017-09-14 07:17:19,2017-09-14 07:30:14,2017-09-14 19:39:50,2017-09-20 15:36:27,2017-10-04 00:00:00
4bdc72a43c134005e672c71df83dde1e,c4bbd74031472c6caa3e0b67b86bb256,delivered,2017-07-06 20:21:43,2017-07-06 20:30:16,2017-07-10 21:27:44,2017-07-19 18:11:48,2017-07-28 00:00:00
180956bcbdf2ff42e547ec8dec11ed1f,2d2572843074b4bc41daa7285f538439,delivered,2018-01-09 15:55:38,2018-01-12 10:51:26,2018-01-13 13:18:44,2018-01-24 01:01:16,2018-02-14 00:00:00
dd44c368afd216d847ae08235e7e0089,5e5271d75ccc65f5c4042703dbcd1c91,delivered,2018-02-19 20:17:17,2018-02-19 20:30:26,2018-02-20 23:03:46,2018-03-02 20:43:24,2018-03-21 00:00:00
70ffdf594d9f10774b05b0e2f55b0eac,2002cab8c52973624f1c84f918c30651,delivered,2018-06-23 16:04:00,2018-06-23 16:19:35,2018-06-25 09:44:00,2018-06-28 16:07:04,2018-07-20 00:00:00
a020395877c6ee1e49b1bc6a71eb774d,c3ec059409c21d576b6268d9506dd404,delivered,2018-05-05 22:14:12,2018-05-05 22:30:47,2018-05-10 13:35:00,2018-05-24 17:33:24,2018-05-28 00:00:00
0013503b13da1eac686219390b7d641b,f7277fce45fad3165379c15cacf5ddbe,delivered,2017-12-05 23:40:59,2017-12-07 03:16:36,2017-12-07 22:59:30,2017-12-20 22:46:28,2017-12-28 00:00:00
e6905b52f294e4e2acc73bbb588038b3,098893faefa0c7e41222c40a4fb97b94,delivered,2018-04-22 16:08:41,2018-04-24 19:06:33,2018-04-23 20:46:38,2018-05-03 13:13:02,2018-05-18 00:00:00
c3d9140aabd7042153131a1e69fc6bd9,c52983bd267afbbeef81821675b3bf2b,delivered,2017-09-30 18:33:56,2017-09-30 18:58:01,2017-10-02 14:04:24,2017-10-13 23:33:59,2017-11-06 00:00:00
beeb8db71523294144ecc1d34cf40814,3e0e5aaf61ff8e42e42ae1f14a71540a,shipped,2017-12-25 18:22:03,2017-12-25 18:49:19,2018-01-03 19:22:55,,2018-01-15 00:00:00
0a864e1c3705f361a953b0f2cc47a60e,738c8fd3671d50e81a227be5aa0327bc,delivered,2017-04-26 13:17:05,2017-04-28 11:41:32,2017-04-28 12:01:45,2017-05-04 12:55:05,2017-05-17 00:00:00
0a7a3bb3bfcebd9e89241cf037c3bc85,9466322b97e1ac6b447e2e6404ed612a,delivered,2018-01-23 22:32:24,2018-01-23 22:53:19,2018-01-25 21:51:48,2018-02-02 20:03:29,2018-02-20 00:00:00
1dbda1500ea9a7d9fcb18e54bfc725e2,8916cef3208941a11239a6791d459cd4,delivered,2018-06-18 14:18:00,2018-06-18 14:36:06,2018-06-20 06:41:00,2018-06-25 21:56:32,2018-07-26 00:00:00
9e1875fa0cf820137eeddfab7245ebb4,e8ae9955aca35688f3e7c8d19c66513d,delivered,2018-01-31 06:36:29,2018-01-31 13:42:57,2018-02-05 19:54:04,2018-02-22 00:58:06,2018-03-02 00:00:00
61ad7ff8f7855f070f278ff8412622a8,0f5480c5aaee82c59b19b3a9fe5a50a3,delivered,2018-01-07 21:13:42,2018-01-07 21:27:12,2018-01-10 18:36:40,2018-01-15 20:10:13,2018-01-31 00:00:00
30028e2a89c8feb5f30ce00c5f3f2cf3,c039ce7bf9765930a077d3a0c2d0dacd,delivered,2018-03-10 16:15:40,2018-03-10 17:27:56,2018-03-12 20:38:39,2018-03-22 17:22:51,2018-04-02 00:00:00
390e38291abc646f3d82c77980db5e7e,7420160ba52f4dc16e3fd5dcecf31843,delivered,2018-02-08 12:37:45,2018-02-08 12:56:32,2018-02-09 00:16:30,2018-03-01 21:11:03,2018-03-20 00:00:00
3161bdf9542e5627c052f52413c92822,0bc5c0312057328e72e35cead3ee0db7,delivered,2017-12-19 00:24:31,2017-12-20 11:55:31,2017-12-20 20:25:25,2017-12-23 17:55:51,2018-01-19 00:00:00
7427527f5f871c1681b4729ca7f38b59,88be53564794fdaa3dfea3d669e835ba,delivered,2018-06-16 21:53:38,2018-06-16 22:18:22,2018-06-18 12:19:00,2018-06-28 21:41:43,2018-07-13 00:00:00
3eb78d52f39f1e6f40814845897b7453,c74f56b75fa9a5c97337098dea253ce5,delivered,2017-07-17 21:43:56,2017-07-17 21:55:21,2017-07-18 16:42:37,2017-07-26 21:24:46,2017-08-08 00:00:00
a2f4f3306fea53180f55b6bb37d63647,2839c9f530c783227007d9b35e643e60,delivered,2017-11-26 20:22:09,2017-11-28 03:43:30,2017-11-28 23:28:28,2017-12-21 23:07:18,2017-12-18 00:00:00
6a7dad3734ef2c19df2e8739e4ba0e77,f13780f02c055f61a1d754d88aa1711b,delivered,2017-09-14 14:38:04,2017-09-14 14:50:18,2017-09-19 15:29:52,2017-09-25 22:18:08,2017-09-26 00:00:00
8439dd6638771ab48a90444a6c8b108b,9180e4a9e38cfc69e97f086440095d79,delivered,2018-06-09 05:52:18,2018-06-09 06:16:26,2018-06-11 15:57:00,2018-06-22 21:27:37,2018-07-12 00:00:00
937f398435f7bef62c603d5fdd43a910,95773c57ec696be0f61c1494049d5ac5,delivered,2017-08-13 20:41:42,2017-08-13 20:55:15,2017-08-14 20:45:10,2017-08-24 22:09:48,2017-09-08 00:00:00
86c533ce44691f0e2aacdbba0442170a,57e3b2591adb9febb837fe3b7c28f67d,delivered,2017-06-27 10:54:25,2017-06-27 11:15:32,2017-06-27 15:20:16,2017-09-05 18:52:04,2017-07-31 00:00:00
5112f4ba4153fe779d42f1cc8701d3f0,e720155cdbf375e262f69d2e1d85d63f,delivered,2017-08-05 13:51:38,2017-08-05 14:10:12,2017-08-08 17:19:56,2017-08-18 21:22:44,2017-08-29 00:00:00
3a8f4157eb7bafa7d631ed3d9ac9ee0c,b9e99e126aedd5016252b969e6e3fc8a,delivered,2017-05-17 23:23:46,2017-05-19 02:35:17,2017-05-22 09:25:01,2017-06-08 14:46:53,2017-06-21 00:00:00
6385ebcfa2297036d3b9bc88f2275545,3232dbd5530719db114e87854dda28b0,delivered,2018-02-06 21:16:36,2018-02-06 21:30:22,2018-02-07 18:18:29,2018-02-19 22:16:52,2018-03-07 00:00:00
b978ea305468570d5f639292c011b2bf,09b753241ee4fa912911c1705f148863,delivered,2017-11-20 15:39:32,2017-11-20 15:50:29,2017-11-21 20:26:37,2017-11-24 19:48:47,2017-12-01 00:00:00
6f93bc498e872d1fceb5926df3b9bd54,ed891c42d02a927e5dbca628abcb9ba6,delivered,2017-06-28 14:31:13,2017-06-28 14:44:08,2017-06-29 15:07:32,2017-07-04 18:15:58,2017-07-11 00:00:00
69874f1392bc9898f11b59d0a735ce70,56fac5eb4c32d40116bfc54793d9970a,delivered,2017-02-14 16:28:33,2017-02-16 02:25:57,2017-02-20 15:17:28,2017-03-14 10:14:05,2017-03-23 00:00:00
e3cc61bbc1cfe072879400a8d82f10a2,5c9693cb2eeae30839b78d80d5239676,processing,2017-07-25 10:10:36,2017-07-26 02:23:46,,,2017-08-14 00:00:00
42179e8f527c0f76eec0b2a37a284f4d,58d891eda9a7fef354dcfb65285b4587,delivered,2017-03-02 14:10:27,2017-03-04 02:23:33,2017-03-07 15:39:42,2017-03-16 15:42:10,2017-03-21 00:00:00
ec8dd53b57b008ba78824972ccab7314,ccc494e3555d2c4ea8eef13fd0227ea6,delivered,2017-11-17 13:17:19,2017-11-18 02:15:35,2017-11-21 21:22:29,2017-11-22 21:12:12,2017-11-30 00:00:00
4ab27bfc7c06209a6e08813ca2da35af,057889390a3726625f9f6a3a907df9ba,delivered,2017-10-21 11:26:14,2017-10-21 11:49:18,2017-10-25 18:47:00,2017-10-30 19:07:31,2017-11-09 00:00:00
6597a54aa04a81a38f7e13b5f7fe7aa6,e5f9c9b7c5f9c39879a552985b1ccb9e,delivered,2018-02-14 23:21:11,2018-02-16 08:07:39,2018-02-16 22:23:00,2018-02-19 23:29:12,2018-03-05 00:00:00
804aa537b5a0d8fe2c9a61a1fe9087a7,dd61194f6d76a6389f15815f1d376da6,delivered,2018-08-07 21:53:39,2018-08-07 22:05:23,2018-08-10 11:29:00,2018-08-13 18:51:52,2018-08-15 00:00:00
f7e0f7c5ef9b8b1ea79d697dd2259897,8cd4d92ecfafea827568bcc959b5816a,delivered,2018-05-19 23:26:06,2018-05-20 00:53:08,2018-05-29 07:13:00,2018-06-02 15:31:02,2018-06-07 00:00:00
4b3b5fc7398939e35a47fe5a8c0be5cb,63eb182bd6f5c57d2a1320de259bff7a,unavailable,2017-11-24 03:10:55,2017-11-24 03:30:20,,,2017-12-08 00:00:00
0b1ebd05e50ebf9d1fc97b8b1ed874b7,d242973fcc51203ce6f07da575139a0f,delivered,2018-03-08 07:17:15,2018-03-08 07:28:09,2018-03-08 21:50:48,2018-03-15 22:37:27,2018-04-10 00:00:00
6c6803a80161b45ad151601b21ba647f,ca0c06a18dd6faf5e07fbb8da4f32257,delivered,2017-12-13 21:34:30,2017-12-15 02:17:32,2017-12-15 17:33:06,2017-12-18 20:59:05,2018-01-03 00:00:00
38edd38dc17b36d7fd7554100453f1bd,44e09b2bffa224531befe9482a608f58,delivered,2018-02-16 10:35:05,2018-02-16 11:20:28,2018-02-16 22:55:56,2018-03-27 02:48:34,2018-03-15 00:00:00
aff1be85595c5529e666a04a65b00c4b,a359c4f0182f023d07b15adc33efcf57,delivered,2018-07-15 20:12:26,2018-07-16 08:35:15,2018-07-26 11:51:00,2018-08-15 14:59:06,2018-08-16 00:00:00
f3f971f57df71e4e3d397faa23779e89,ea683977d25082134f533fa4081ebe60,delivered,2017-08-27 16:29:35,2017-08-27 16:45:13,2017-08-28 18:42:08,2017-09-11 15:38:08,2017-09-20 00:00:00
cf3b788513af1a4ad6085b96b4954656,98982d16ca0af3d3427aa60f68da06fc,delivered,2017-07-11 23:44:38,2017-07-12 00:03:39,2017-07-12 19:59:52,2017-07-17 14:12:44,2017-07-31 00:00:00
a24ea9c91abcc9f575f813eec32ef41e,3eca1899b518d242fbdecdef1451d807,delivered,2017-11-18 13:37:41,2017-11-22 02:51:25,2017-11-23 22:16:52,2017-11-24 16:31:37,2017-12-04 00:00:00
ee43c2648eadad1558b2e3130b736c7c,28d908a1782ec9fd7f094debcbbeecf8,delivered,2017-11-24 21:11:34,2017-11-24 23:58:02,2017-11-27 21:43:14,2017-12-07 18:37:52,2017-12-15 00:00:00
28cf300f6c8f8163bc3c4c18d8ee8b96,56640cdcfc3857f1292dc9cd68d1878d,delivered,2017-12-07 09:01:04,2017-12-07 09:11:34,2017-12-20 12:18:54,2018-01-03 19:13:06,2018-01-02 00:00:00
76600853a200fe87e141adae6b35674c,ef0842e9f5530bf24f7e7f8fb85cf62e,delivered,2018-07-24 13:13:09,2018-07-24 13:25:12,2018-07-27 14:12:00,2018-08-01 19:10:00,2018-08-09 00:00:00
d2292ff2201e74c5db154d1b7ae68cbb,53a400fdb22676639e4cbf33197e2a6e,delivered,2016-10-04 16:05:29,2016-10-06 15:59:12,2016-10-21 14:23:38,2016-11-03 10:08:51,2016-11-24 00:00:00
347336c97c00ef995027feca140b8dcc,55cfce346990f14b5afce1b2a79cbbf7,delivered,2018-01-09 22:51:33,2018-01-09 23:11:53,2018-01-12 14:28:07,2018-01-19 19:04:05,2018-01-31 00:00:00
1d04b765ffb9fa87d403662637c984f6,9d880550e2b2258e195c8de278cf875e,delivered,2018-04-13 08:46:34,2018-04-13 09:11:51,2018-04-17 15:28:50,2018-05-05 14:41:29,2018-05-21 00:00:00
4034b68eda61d53e7c3b417c10e8b252,e4338d62c76f8fe7406c55071f50e440,delivered,2018-08-13 09:27:56,2018-08-13 09:35:18,2018-08-13 16:08:00,2018-08-21 11:39:06,2018-08-24 00:00:00
ec229847c1c5cf6fb15ad56753ee00ab,b9dfc1dcc4615513c332d062ec85c280,delivered,2017-11-07 08:46:53,2017-11-07 09:30:58,2017-11-07 20:56:51,2017-11-17 18:17:59,2017-12-04 00:00:00
5e149681ce0a38cbd1ab43422be73a56,eacb0c4f63256a598da605d10fd5b17b,delivered,2018-08-02 14:47:08,2018-08-04 04:05:27,2018-08-06 14:33:00,2018-08-14 11:46:50,2018-08-29 00:00:00
cb78dafa7c2ca5d9eafdc6f02cd4f3b7,a7c105e27ad87e9c6c3f324645800bf5,delivered,2018-07-22 19:49:25,2018-07-23 12:31:51,2018-07-24 11:28:00,2018-07-28 17:20:29,2018-08-24 00:00:00
eb6c9fafc446a2e85663c76915b796dc,2e4e428705c99841e005a10186496134,delivered,2018-07-14 18:26:36,2018-07-14 18:35:22,2018-07-17 11:58:00,2018-07-24 20:09:48,2018-08-08 00:00:00
c6ce7b16a4f682bbf13eb4a9efce0d85,cd013fdda3dd0f600f300e67719d776e,delivered,2018-02-19 09:34:59,2018-02-19 10:10:37,2018-02-27 21:54:02,2018-03-05 22:43:36,2018-03-19 00:00:00
5c3ed80bbf87273549529ebc6a45650d,bbe6f69791f44733cdb39b824789340a,delivered,2018-03-18 14:22:04,2018-03-18 14:35:25,2018-03-19 19:27:20,2018-05-05 00:16:54,2018-04-13 00:00:00
2610d02cf7ff695863673e09146bdb67,d559dc84324405217e129c2448f7b1d5,delivered,2017-09-21 14:27:11,2017-09-23 02:15:23,2017-09-27 18:00:46,2017-10-03 19:42:37,2017-10-23 00:00:00
38de766f3fc1c31882865a217ecf15db,36b5414e4821e8d2f98acdeb8e180059,delivered,2018-02-03 09:04:48,2018-02-03 09:15:34,2018-02-05 19:32:45,2018-02-21 22:08:08,2018-03-07 00:00:00
89e551559b137dc03d8b5cd618b523e8,ea67ed93ddaa0bf58279b76e78b9635a,delivered,2018-04-26 17:00:28,2018-04-26 17:31:57,2018-05-02 13:25:00,2018-05-03 18:24:56,2018-05-09 00:00:00
2759e33a8d084b097aaf4d4b8393e38c,bc65abd5df0fc9cf85f69cf5c87663c2,delivered,2017-10-04 10:27:27,2017-10-05 02:56:21,2017-10-09 21:36:02,2017-10-20 23:26:33,2017-10-26 00:00:00
8cd5aad1cedb4a08e019072b76d6ec9d,1929fe44659545005a8b8311ef2dfd1d,delivered,2018-08-05 18:48:07,2018-08-07 14:35:13,2018-08-13 09:24:00,2018-08-14 19:57:56,2018-08-17 00:00:00
3ed807f1c16170de6ddaf2c254ae2ba2,42127ee3afa767a0312e66668ab40eeb,delivered,2018-05-05 21:52:19,2018-05-05 22:13:12,2018-05-07 15:38:00,2018-05-09 17:17:55,2018-05-21 00:00:00
a6ba5666a43bd5cdaf4a6b0ea268ecf4,e3d4e30df73d90da75406706416c0c33,delivered,2017-11-02 11:36:12,2017-11-03 20:30:53,2017-11-04 12:03:10,2017-11-14 17:27:59,2017-11-28 00:00:00
29760b4b3e268c6ac38bf18c85c89d88,c7f4608accff4425b32a4586032cd58b,delivered,2018-01-30 21:20:02,2018-01-30 21:31:48,2018-02-02 03:04:58,2018-02-16 18:17:43,2018-03-02 00:00:00
89352af3c4b001fbe430efb20dc66b79,5663c8b88222559e17152e56e91cff71,delivered,2017-12-23 08:51:29,2017-12-23 09:08:09,2017-12-26 16:04:16,2017-12-29 15:32:56,2018-01-22 00:00:00
c047e1042ab337c92ea23d512b54c5bf,dcd807e8478e48fc1ea524e8d2fc1b79,delivered,2018-03-20 19:32:40,2018-03-20 19:48:27,2018-03-21 19:16:40,2018-04-09 17:04:10,2018-04-11 00:00:00
9156fc69417fcbcd95042aa80d9eaaab,4e641f7435785c90fe41aee70a858cc2,delivered,2017-10-20 21:51:01,2017-10-20 22:05:50,2017-10-24 18:55:06,2017-10-25 20:19:48,2017-11-06 00:00:00
e8d3219c027c07fb152bc267d5e437fc,f807cf5d02737d83f12479118e536f80,delivered,2017-08-05 17:32:15,2017-08-05 17:45:09,2017-08-25 13:15:17,2017-09-01 17:53:43,2017-09-06 00:00:00
a37f5cc83000aea21c4efde29a20449b,3e085d0d49176bc8e7503e236dbd43d8,delivered,2018-06-11 21:04:32,2018-06-11 21:40:32,2018-06-12 10:12:00,2018-06-18 16:38:30,2018-07-04 00:00:00
e8aa9a21409da6ead91fa2b68f7408b8,1ce71347141b46f48d7e62c4b732c4d9,delivered,2018-05-17 09:29:58,2018-05-17 10:38:30,2018-05-18 11:04:00,2018-05-21 22:18:29,2018-05-29 00:00:00
6e13ace2f7bb821f2056594df3c2b7dc,6343bc687a2d4cc1ecd8a4d506f1fe35,delivered,2018-02-17 01:29:13,2018-02-17 02:07:49,2018-02-20 23:09:32,2018-02-23 20:35:38,2018-03-07 00:00:00
575467d9d96afd78400967f076063dcf,1d585abcb406c002e59a9276c8124520,delivered,2018-04-16 23:18:45,2018-04-16 23:30:18,2018-04-17 19:22:08,2018-05-08 23:22:13,2018-05-14 00:00:00
f7fb915e2a9f9889685dbc187b376427,555c08b2c9aadc1af33749ac4d79eadd,delivered,2018-05-12 11:17:38,2018-05-12 11:32:15,2018-05-14 15:48:00,2018-05-17 10:41:35,2018-06-08 00:00:00
2ca6cbdba183a28bab6ed5d2add83f7a,f52b8336ea7f494160b13b53899ff01c,delivered,2018-02-20 22:31:15,2018-02-22 02:15:43,2018-02-27 21:42:43,2018-02-28 21:52:01,2018-03-06 00:00:00
aa2cd8b186c94011da9d0f80785a3f20,161e4dd2df72921427adf3562a06d7ed,delivered,2018-05-06 22:19:46,2018-05-08 04:54:17,2018-05-08 12:25:00,2018-05-09 16:23:40,2018-05-15 00:00:00
ccb8b4e769ca2b38efbde774aaacc166,eb9151d93566a232f2bf9f4d2f587a3b,delivered,2017-06-29 20:18:51,2017-06-29 20:30:13,2017-06-30 14:10:10,2017-07-07 19:52:25,2017-07-19 00:00:00
6b8716747545c11cd3b8592520389749,b8e111b6572fac79a6b4e9dd9534433a,delivered,2018-02-08 13:25:21,2018-02-08 13:35:27,2018-02-09 22:16:32,2018-02-15 12:06:38,2018-02-26 00:00:00
6ffc78c9003aa616f58b4de610bcce29,7ec37a1c010f3a98dcc388f0f0565776,delivered,2018-07-16 13:57:11,2018-07-16 14:10:24,2018-08-02 07:18:00,2018-08-10 19:32:53,2018-08-03 00:00:00
327ad7800f253f3efd342b0997a16b3f,4632a65b0ff3f7df3e6d9b9bbe11380c,delivered,2018-01-23 10:02:58,2018-01-24 09:58:22,2018-01-25 18:44:16,2018-02-06 20:56:24,2018-02-20 00:00:00
35f21af6cfb234ef454f1703288e2341,c425d4425feded8f303e4fa2c5ee1b94,delivered,2017-08-02 19:12:44,2017-08-02 19:25:18,2017-08-03 18:05:53,2017-08-07 16:57:46,2017-08-22 00:00:00
0f3b2951a363f6a201ad23e3ce2c0313,ca5cc0d19a459e9c7b6f2e781c98a190,unavailable,2017-11-23 00:07:09,2017-11-23 00:18:32,,,2017-12-13 00:00:00
bba21993f12d756b813c354103b3d248,e2ff9204af6893286435eb293203972a,delivered,2017-11-28 17:27:33,2017-11-28 17:39:32,2017-11-30 15:41:34,2017-12-01 20:43:03,2017-12-12 00:00:00
cd7cebcffafb9a184b1aeec5b2197c3d,ec12aef9939e614d923b504beeb0443b,delivered,2018-02-21 15:24:48,2018-02-21 15:35:30,2018-02-24 01:39:06,2018-03-02 18:16:47,2018-03-21 00:00:00
29815bc0973b33856eeba7b668101f16,4d1a0b50db4696068aa1ce1e933c22a2,delivered,2017-10-30 17:31:30,2017-11-01 03:26:26,2017-11-01 19:49:33,2017-11-07 18:18:39,2017-11-14 00:00:00
c7dd323224f4c34e9014d0a89e987b47,51ed44d911b53453004f168540b0f4a5,delivered,2018-08-17 13:17:46,2018-08-17 14:30:40,2018-08-21 13:04:00,2018-08-22 13:16:39,2018-08-27 00:00:00
420011ce3780f71ff75fc9d705144a9b,543ffec7e11ec1866c810953bff61141,delivered,2018-06-23 18:20:02,2018-06-23 18:35:35,2018-06-25 14:22:00,2018-06-28 23:02:34,2018-07-23 00:00:00
4e7d9b3083e78f30d7534bd2fc1c5f2d,9be4fd397b43b6a7f757a600b4ca5379,delivered,2018-07-17 19:32:00,2018-07-17 19:45:22,2018-07-18 16:44:00,2018-07-24 23:08:35,2018-08-03 00:00:00
1def5208ea4cb393260ab333be753296,31ba3483559016b09049d2a84f6eef2c,delivered,2018-06-21 11:15:18,2018-06-21 11:41:23,2018-06-21 14:37:00,2018-07-30 20:06:43,2018-07-24 00:00:00
c69be353fa727fbeba5c4b39dfb9dbc8,51f2623fd1886cc6e5c101511c7bac6a,delivered,2018-01-05 03:30:49,2018-01-06 16:06:55,2018-01-08 16:30:05,2018-01-16 17:49:05,2018-02-05 00:00:00
99b5479599753883c7355ca6cb95b2c1,59c56e683b39c2ca0c21348d5e5eac99,delivered,2017-08-07 10:42:56,2017-08-07 11:23:28,2017-08-07 18:10:00,2017-08-16 20:10:02,2017-09-11 00:00:00
0528d983de4118f6b36d55e407d24f94,2b1b790a9c4607e02c727e98485cd449,delivered,2018-07-22 17:36:00,2018-07-23 12:32:17,2018-07-23 14:52:00,2018-07-26 22:16:50,2018-08-06 00:00:00
b7ea644dd20e7c8cd6d08bddfb090a6c,590ee94085c0e61b7300c66a8e2cacfa,delivered,2018-02-23 11:25:36,2018-02-23 18:20:22,2018-02-26 22:46:46,2018-02-28 14:03:22,2018-03-23 00:00:00
f6f7f2a89961cefa9f6db1e99fd61e59,810911a6f06c1ba2ea2e2f9410e4f05f,delivered,2017-12-10 09:39:28,2017-12-12 03:35:35,2017-12-12 17:15:50,2017-12-15 19:56:57,2017-12-29 00:00:00
a3476275102890bfa5129b85c78f3da1,5655a5fd1c44d8ec0fa95eec6f63ad66,delivered,2018-03-02 16:48:41,2018-03-02 17:10:40,2018-03-05 23:44:55,2018-03-11 18:41:51,2018-03-20 00:00:00
12eb23de9270a05fa07be92704d1a6ee,11bfdeb017d615bead55b7ff2de22f2d,delivered,2017-11-03 22:55:47,2017-11-03 23:10:23,2017-11-04 14:49:49,2017-11-06 23:12:02,2017-11-23 00:00:00
ce76ffbfb04b7dc8293ca658f75963cc,f6cc73c737c6c32ef0aba0d6d7aa84a4,delivered,2017-02-15 23:49:35,2017-02-16 00:43:42,2017-02-16 15:16:51,2017-02-23 13:16:32,2017-03-20 00:00:00
a4635c4b193e740cc720feeb43e075ef,1d42f8005da1b87cce3b873a4126402c,delivered,2017-08-30 11:08:13,2017-08-31 11:24:20,2017-09-01 13:17:48,2017-09-11 20:15:15,2017-09-22 00:00:00
eadd7dba4c87a895126c2cc2f33b30aa,6e7bce8096e8751fff1bc54cf8f5dd08,delivered,2017-08-16 13:10:42,2017-08-16 13:30:20,2017-08-22 15:43:21,2017-09-05 18:43:15,2017-09-26 00:00:00
b63f8bb50651b512f0c3aa52c78dc340,9af746cd830ce99190aec58cd5fc1c82,delivered,2017-11-08 14:15:34,2017-11-09 14:26:38,2017-11-11 02:18:53,2017-12-05 21:57:35,2017-12-06 00:00:00
4e0665384670c0b50c2d6857e56c35e0,ab84795406ac575ac820552275d317d9,delivered,2017-10-11 11:24:33,2017-10-11 11:46:33,2017-10-13 21:09:03,2017-10-17 22:44:03,2017-11-10 00:00:00
c1ae51115a5ffffd12f15c709654d2c0,8dc46ae5a9fcc44189e417a5357b6bf8,delivered,2018-03-31 13:20:23,2018-03-31 13:35:18,2018-04-18 23:16:30,2018-04-23 14:12:29,2018-04-18 00:00:00
c771daed5a327383979b39b00a919a1f,54f7a9b7f0c10e4200b1769f1332ce06,delivered,2018-07-20 12:28:34,2018-07-20 12:43:34,2018-07-20 15:00:00,2018-07-25 19:38:35,2018-08-14 00:00:00
d83d899f5a20b2d05342270eab088987,976b96fa83a29c78baa2ad3226e2dcc7,delivered,2017-07-04 13:56:15,2017-07-05 02:50:16,2017-07-12 20:17:57,2017-07-19 15:52:28,2017-08-01 00:00:00
c45067032fd84f4cf408730ff5205568,0fea3afc6a1510c9db75d349d28af974,delivered,2018-05-16 12:09:45,2018-05-16 12:39:20,2018-05-17 12:41:00,2018-05-22 17:28:28,2018-06-12 00:00:00
bd1072cc4db9aa8b0a4a0188ce7254aa,eddf93179e9e295dcffdb002a3ad2d77,delivered,2018-06-09 01:16:23,2018-06-09 01:36:25,2018-06-12 14:54:00,2018-06-19 23:18:40,2018-07-18 00:00:00
791de4d00367a315bd14eb6ea519adef,0428dac4668d094df02ce20e705455cb,delivered,2017-12-14 18:40:06,2017-12-16 02:34:39,2017-12-18 18:27:08,2017-12-24 13:29:07,2018-01-09 00:00:00
1e9808b58869f4edf92ce918b62efb74,18fbd0029be852aaa358a91a36d25752,delivered,2018-01-31 00:59:24,2018-01-31 13:31:30,2018-02-01 22:36:42,2018-02-11 16:09:22,2018-03-05 00:00:00
3b41cd88f86b0e96701cc19dfb93d60d,281e5d529289df817ae2b735fcf6208b,delivered,2018-02-03 13:35:41,2018-02-03 13:49:42,2018-02-06 21:15:54,2018-02-16 16:52:04,2018-03-01 00:00:00
5190f963681eb5a3db66961c4fa05a66,2e6d1249c2afaeff7e64fc0a7f4e3e8b,delivered,2017-07-10 18:38:10,2017-07-11 10:50:16,2017-07-12 17:27:47,2017-08-01 19:29:29,2017-08-09 00:00:00
582e0dbdbf89bc46dbcc5c34ff60745a,5f72cc875d166f261f0469ab1b52c4ad,delivered,2018-03-25 18:29:15,2018-03-27 04:10:21,2018-03-27 20:03:35,2018-03-29 14:04:29,2018-04-06 00:00:00
5935d2e5e81201ca0c8233ea39b5b63b,456c655d5a4e26662aba3b30ddbef7fa,delivered,2018-08-06 21:36:12,2018-08-06 21:45:11,2018-08-16 11:25:00,2018-08-21 17:41:18,2018-09-04 00:00:00
dd7466999a78895066f04b645789deb3,1caf15e0efd34c070c497ef8c87e8fa2,delivered,2017-10-24 17:06:38,2017-10-24 17:30:02,2017-10-25 19:52:37,2017-10-31 18:38:26,2017-11-14 00:00:00
0b46d65f233663a9d675570799f42914,e2b23b5346debd052a2750aca8834ea4,delivered,2018-05-20 19:40:06,2018-05-20 19:50:44,2018-06-07 14:02:00,2018-06-11 15:44:38,2018-06-13 00:00:00
a610609ae68611c8fdb97f1002636127,61db6421e5fab4bba7bd2db218fba49c,delivered,2018-05-22 08:28:33,2018-05-22 19:17:26,2018-05-29 07:16:00,2018-06-06 16:39:03,2018-06-14 00:00:00
c568b098d9dd03c22f387c2f0eb4be8e,c0078a50a61a1fcaf1f3d7d3fca61230,delivered,2018-06-30 14:52:27,2018-06-30 15:10:14,2018-07-05 15:34:00,2018-07-12 23:52:49,2018-07-27 00:00:00
9e103e5106ce70cf6a318d7039319025,ab48b355cc77d8be6dfc61af3f902937,delivered,2018-01-24 14:24:25,2018-01-24 15:38:24,2018-01-25 21:38:37,2018-02-01 18:42:55,2018-02-16 00:00:00
433998f702486cfc7c5431db579a4d8f,79e85e4334a170f7aa57a81ce4988de7,delivered,2018-06-12 23:21:26,2018-06-14 02:17:32,2018-06-15 13:12:00,2018-06-26 09:26:20,2018-07-04 00:00:00
1e90871264623f5f891409abac3dc0a7,ec31fd62f972a172d6321f943ca34bc7,delivered,2017-07-16 16:29:57,2017-07-16 16:43:26,2017-07-18 13:30:06,2017-07-28 14:44:47,2017-08-17 00:00:00
d32fbb7b9c7d393b293c80e66091ee4b,66538c9da66571088de88815faa7ee9a,delivered,2017-09-10 15:33:23,2017-09-10 15:45:19,2017-09-11 12:08:37,2017-09-15 17:11:32,2017-09-28 00:00:00
0b6626697a43f34edff9135fdd0a564c,c2c67639ee959564126f62c5f03328ce,delivered,2018-02-05 11:46:11,2018-02-06 05:31:50,2018-02-07 22:26:51,2018-02-16 00:46:39,2018-03-05 00:00:00
b7d7c101ddd012e7c338fa7d78602a95,56d190af176fad8ba8d4783efa59345b,delivered,2017-05-26 14:24:37,2017-05-26 14:42:27,2017-05-29 11:42:25,2017-06-05 12:09:33,2017-06-20 00:00:00
2fffe146b14011ed0c09ef7aa6b77a98,75c71fcf0b99cc3387a21a01669b1614,delivered,2017-08-15 21:32:29,2017-08-17 03:05:52,2017-08-17 13:47:29,2017-08-22 17:34:12,2017-09-04 00:00:00
0014ae671de39511f7575066200733b7,41065d9dcea52218c3943d2eed072b97,delivered,2017-05-22 13:49:03,2017-05-23 03:15:24,2017-05-29 09:04:02,2017-06-07 13:52:52,2017-06-13 00:00:00
47930c4ab733d975d31a997cf4727396,2edac4c00a86901ea9c8dfb19eb3b531,delivered,2018-06-19 16:29:26,2018-06-19 17:04:48,2018-06-20 14:43:00,2018-06-28 15:52:39,2018-07-20 00:00:00
bf3dfe9c6770896602562c35b08e3419,0e96143af9d9961fa2324db67d98bb29,delivered,2017-03-15 17:57:01,2017-03-15 17:57:01,2017-03-17 06:34:16,2017-03-21 15:14:13,2017-04-03 00:00:00
ebccb7f0da7fefdd75130094a01d25ac,b90047981db522a582f427338df7709f,delivered,2018-06-16 15:14:44,2018-06-16 15:37:57,2018-06-18 09:27:00,2018-06-22 22:26:43,2018-07-16 00:00:00
0fbee579bda94d24feb8e609b8cab185,11f97c4dd8b6d059ed605b615bfaef69,delivered,2018-05-08 09:14:48,2018-05-08 09:35:53,2018-05-08 12:27:00,2018-05-28 19:56:35,2018-06-08 00:00:00
642ce735c8fbbe62455426928980a698,94766b73d520c1f6d97d480c9bd7900c,delivered,2017-11-26 21:29:15,2017-11-26 21:37:35,2017-11-27 19:12:53,2017-12-17 20:13:12,2017-12-26 00:00:00
b5cf77e4698b896e9e74cf71268a9819,b89a58934cf731c598d3a824962e5bc6,delivered,2018-01-07 10:58:17,2018-01-09 07:19:17,2018-01-09 17:29:29,2018-01-12 21:53:49,2018-01-24 00:00:00
252542bdcaff281720c6460e5868ce06,dc34271abde757d3d9bde8b1ff3ae823,delivered,2018-05-15 15:00:23,2018-05-15 15:14:38,2018-05-16 10:38:00,2018-05-22 18:03:12,2018-06-11 00:00:00
f739e2e689094dfc943626568da074aa,2fd0d615269828403248761ae8497bb1,processing,2017-12-10 13:13:24,2017-12-10 13:30:22,,,2018-01-17 00:00:00
b534c927d5cb15838b514c99f1c8d94d,a58973d74af74554a3396964dc19c1ae,shipped,2017-09-29 20:51:26,2017-09-29 21:04:27,2017-10-02 20:57:27,,2017-11-01 00:00:00
25c3fbf15b360f74b84875c3a5627296,b1d2c7d46f26ce68045c03211a289f99,delivered,2018-01-05 11:12:18,2018-01-05 11:27:28,2018-01-10 17:32:14,2018-01-15 18:26:34,2018-02-02 00:00:00
a95c94841ab5bd6b075e7f6f2c9670ee,3e7e7f9d549e56cbeff29f8c9fffb0ba,delivered,2018-04-13 00:19:50,2018-04-13 10:11:21,2018-04-13 19:31:09,2018-04-27 17:58:50,2018-05-16 00:00:00
2b69497e8fa468b823a89798ed1a38f0,d7307b15a7f81b2d0a6b89c6cd258feb,delivered,2018-08-10 21:02:26,2018-08-11 02:55:27,2018-08-18 09:11:00,2018-08-20 13:11:58,2018-08-20 00:00:00
916f5a97fd2a0dea046534fac1fbbd88,e3b774df7af6c6c0427f2f6e26a1b705,shipped,2017-02-09 09:31:15,2017-02-10 02:45:16,2017-03-01 10:05:24,,2017-03-10 00:00:00
f4d42be7cc22c8f2fff20f0c331d7574,9a2fc37cbb653ab398e40a4def78149e,delivered,2017-12-20 09:28:20,2017-12-20 09:38:19,2017-12-22 20:42:32,2018-01-04 21:23:45,2018-01-18 00:00:00
dd254408dc9d63326b2028c5ffe9e23b,5a84017062b9a09b8e834003c96566e0,delivered,2018-06-06 11:26:30,2018-06-08 03:13:36,2018-06-14 14:44:00,2018-06-19 18:47:18,2018-07-03 00:00:00
28e0151b51b38a4a0d48b6a3a430d9ae,91190cc48801929bec7ff38d04fbce23,delivered,2017-09-25 16:06:10,2017-09-27 02:56:33,2017-10-04 19:34:58,2017-10-09 20:12:22,2017-10-18 00:00:00
242427a18e5ed02d9a3437e08c70ecc3,56c04aee226f0b4d7493f1556e79df22,delivered,2017-08-02 14:18:17,2017-08-02 15:30:16,2017-08-08 17:38:15,2017-08-15 14:13:37,2017-08-22 00:00:00
59d94d0f87dcdb43dcc6bca8a0cb2a0c,b4b3f6026dad88e08fb993834e90cff6,delivered,2018-05-31 16:21:44,2018-05-31 16:30:43,2018-06-01 14:01:00,2018-06-17 08:51:00,2018-07-16 00:00:00
1dc2fa22dbb160db9eb90923718fd0c5,3545524b94d7564dc8e66d9ca95c367e,delivered,2018-02-26 11:41:31,2018-02-26 11:56:00,2018-03-12 21:05:51,2018-04-09 13:32:27,2018-03-21 00:00:00
0b05441635d9a251f9865b985bf985de,a3c9f9938f51f409773bbda6b13f7f3b,delivered,2017-12-12 22:05:02,2017-12-12 22:18:33,2017-12-13 23:54:34,2017-12-22 22:52:18,2018-01-09 00:00:00
814b1f69511cfbaa3b54bf7701c7a475,f8f4b936789e0728c920f4a86f0f23d5,delivered,2017-06-06 21:40:11,2017-06-07 02:45:24,2017-06-12 05:49:19,2017-06-19 14:49:28,2017-07-03 00:00:00
80ccfbf4b2d0155bcaacdfac409fce16,71258da264186f80c019c4064b6e03bd,delivered,2017-10-11 00:57:06,2017-10-11 01:07:21,2017-10-17 16:22:49,2017-10-20 18:25:07,2017-11-07 00:00:00
5be6e25a039543ec0588ea864fec282f,d0336e4e5b32a3ac4319b917f5f826b8,delivered,2018-07-16 15:10:56,2018-07-16 15:20:18,2018-07-17 12:46:00,2018-07-26 11:26:51,2018-07-26 00:00:00
1ded184dd48db815347b0742c2a4da2b,ba7550bf468f7120b9715406fe84ddea,delivered,2017-10-30 16:51:17,2017-10-30 18:33:07,2017-11-01 21:33:28,2017-11-06 21:58:31,2017-11-17 00:00:00
a958c63d82402d33056428ad710622d0,9afad8b1caa618b7db42fff802a20502,delivered,2017-12-11 16:54:58,2017-12-12 03:38:29,2017-12-13 01:47:37,2017-12-19 16:35:05,2018-01-09 00:00:00
b874cad37f8aaecad0e9de14008e516b,e65dc14fa4982b68b349c8e855abb66d,delivered,2018-01-15 09:47:18,2018-01-16 03:34:33,2018-01-17 18:10:24,2018-02-18 17:14:57,2018-03-06 00:00:00
43a220d7f0c5992e41c8402d1bb96caa,7e742e6922acab64d2fd8c4fb29f134a,delivered,2017-04-09 18:33:19,2017-04-09 18:45:10,2017-04-11 13:27:51,2017-04-17 07:23:10,2017-05-04 00:00:00
71603031182fa8f497b5bae069bb9361,c2d6392933fe92da78c503e94c37c552,delivered,2017-08-24 18:12:37,2017-08-24 18:27:37,2017-09-01 19:30:05,2017-09-02 15:26:05,2017-09-14 00:00:00
84999b104428fb26a562282e4f17a340,80a642de6806c151665d98e30889a5d1,delivered,2018-04-19 20:41:50,2018-04-24 17:56:33,2018-04-26 13:49:00,2018-05-09 21:33:28,2018-05-15 00:00:00
9b3d13c2644e10e20020ccd7f3d40534,4f2bb54d04008d4f346c1e3f556cfcd3,delivered,2017-11-13 18:43:09,2017-11-13 18:55:59,2017-11-17 21:34:57,2017-11-21 21:28:06,2017-11-30 00:00:00
bf296db5d351091ec564052c8beed8b3,8b7369c82ac3d8d71b77d5b23b085696,delivered,2018-05-13 17:08:57,2018-05-13 17:33:36,2018-05-14 13:53:00,2018-05-22 15:41:09,2018-06-06 00:00:00
92feb19a2b63573984951463f3c2935d,a9c278347917695b626f991446622e6b,delivered,2018-07-17 15:22:52,2018-07-17 15:35:22,2018-07-18 12:39:00,2018-07-26 00:12:25,2018-08-06 00:00:00
20ea92819d0fe38fe45b7d09dcc1a4bb,faddf55a7c0936f35b52555c9d23c9c4,delivered,2018-02-01 21:34:39,2018-02-03 02:54:06,2018-02-05 13:35:02,2018-02-21 18:41:59,2018-03-09 00:00:00
cf37be3f995a05898255c46879280a69,66f01ea222b8f3f45e96cfe39a97a127,delivered,2018-03-26 23:34:00,2018-03-26 23:47:09,2018-03-27 20:18:58,2018-04-16 16:29:00,2018-04-18 00:00:00
35b0df750240d1b187d59e193db40612,c74966deb4aca45e1162aef1af345332,delivered,2017-07-31 13:49:38,2017-07-31 14:05:00,2017-08-03 17:52:21,2017-08-11 20:14:51,2017-08-24 00:00:00
c7eceb983991b7e80256afc58a39d0aa,09352cde5645f4fa5222caca529dd24c,delivered,2018-04-30 19:25:16,2018-05-02 09:33:06,2018-05-03 13:39:00,2018-05-07 17:02:37,2018-05-18 00:00:00
3b681dd1f8baba1507d1f484f7f289c2,d072c90b439c800b42e872641a87cc66,delivered,2017-07-08 12:26:08,2017-07-11 03:50:12,2017-07-11 19:23:46,2017-07-12 14:07:31,2017-07-21 00:00:00
0d34e6a3adf3e9167496b8fa889d5ccc,05bb80c9fba6fc0da5275b5876f10ecc,delivered,2017-09-13 13:02:14,2017-09-15 02:10:27,2017-09-15 21:15:41,2017-09-26 13:33:24,2017-10-11 00:00:00
814fe5df303b0c72aeddb331dbfe9802,9c8cdfebb580a56911f60a36f956c7e1,delivered,2018-05-15 10:26:11,2018-05-16 03:15:09,2018-05-16 12:15:00,2018-07-20 13:41:39,2018-06-08 00:00:00
b6eea5b10abca4ecddfd8cf11f0fe7d9,d0ef6b6eb2213cf0eca87f09597ddd25,delivered,2017-11-25 21:45:25,2017-11-25 22:33:28,2017-11-28 19:34:06,2017-12-02 15:56:59,2017-12-19 00:00:00
fe627312004674a9606716ab2feada47,58fd1ba21f5f5e13781704ed8627fdb0,delivered,2018-07-20 08:28:26,2018-07-21 04:05:13,2018-07-23 12:39:00,2018-07-30 17:42:39,2018-08-13 00:00:00
00e5b655df1cc911466758210325c67c,7f2a66ad36459534aeadd9b1985bef2b,delivered,2017-07-07 14:20:36,2017-07-07 14:43:32,2017-07-12 11:37:44,2017-07-18 18:45:46,2017-07-31 00:00:00
c2103ca5d928d19db6fbac6e5d710b0b,f2ee40a9f85c47f8711c4fad3415c063,delivered,2018-06-05 22:08:30,2018-06-05 22:32:23,2018-06-07 14:33:00,2018-06-19 21:22:40,2018-07-25 00:00:00
35cab29a44850e454b675c0160b34a45,c7ed15337e261a758c2812b1b41261dc,delivered,2018-07-31 14:27:01,2018-07-31 15:31:39,2018-07-31 15:08:00,2018-08-02 19:58:26,2018-08-10 00:00:00
da619e31c9daa2026418be6af321971c,f5ef902e3a8fb6592dd0c30d8b6ff58a,shipped,2017-08-18 20:56:08,2017-08-18 21:10:21,2017-09-08 13:53:46,,2017-09-22 00:00:00
7578d16f248e3eb69ec30d3fb27a7a38,58161853ae5fbe35e6504325633bd1f0,delivered,2018-02-09 20:20:01,2018-02-09 20:35:24,2018-02-15 20:32:06,2018-02-27 23:33:52,2018-03-08 00:00:00
262ba6c85fd3c9c589bac6fa7d113cca,4844981d7b634b9e219b119a435c93b7,delivered,2018-03-03 09:13:32,2018-03-03 09:28:51,2018-03-07 17:37:32,2018-04-11 18:57:39,2018-03-22 00:00:00
a454983d73207579d61a09fb40ea7ae7,0fc91589220cbbe7c764e26ac0c7143b,delivered,2018-06-23 20:06:28,2018-06-23 20:18:10,2018-06-25 13:43:00,2018-07-02 19:41:21,2018-07-17 00:00:00
7298f7a474d54998fe1d4c98f0779eff,8d5c9911b3188c197d27411808705b52,delivered,2017-08-04 22:46:46,2017-08-04 23:05:24,2017-08-08 00:07:24,2017-08-18 16:35:08,2017-08-28 00:00:00
4ed7bfce6beab8e845d01d46439d9ad9,f1f4fae012d2a40ec2bb1a76610cb42e,delivered,2018-01-17 01:57:30,2018-01-17 02:10:24,2018-01-18 21:13:02,2018-02-02 22:04:25,2018-02-22 00:00:00
d6ace1ec8544e524cd905cdd88519017,27d6d357ecb2ca60d9c2a17072be4980,delivered,2018-03-02 11:02:47,2018-03-02 11:15:44,2018-03-06 20:17:57,2018-03-16 00:04:57,2018-04-02 00:00:00
ceb13edd7ff6e50ff3a9295764a6b3b7,f1e72e6212d8f92341aefe99209898bc,delivered,2018-08-06 15:08:47,2018-08-06 15:30:23,2018-08-08 11:52:00,2018-08-13 22:31:43,2018-08-22 00:00:00
856fc8f6f0843d1f0de271cfd64e6cc4,5435eb14eff6770bf45a7fcecc5c8566,delivered,2017-09-20 10:26:07,2017-09-20 10:37:22,2017-09-25 21:33:51,2017-10-05 20:48:11,2017-10-17 00:00:00
237be87efc86c6329fe3faad9a8c2592,cbf01abca3c8356551f3588db955256e,delivered,2017-10-16 10:46:18,2017-10-16 11:10:09,2017-10-20 11:19:50,2017-10-26 18:49:16,2017-11-08 00:00:00
f6e7b3bbe5b5e480084e5f0bf5771ec9,ea46ef6e4c373d5c41e9e7afdffd159a,delivered,2018-05-07 22:14:31,2018-05-07 22:34:27,2018-05-08 14:41:00,2018-05-16 20:38:42,2018-05-23 00:00:00
848b0561d4bc26f57b288a5004f38683,4a38bf3ad3990d95c2c132f5bf530b95,delivered,2017-11-27 19:06:12,2017-11-27 19:19:02,2017-11-28 17:29:06,2017-12-05 13:48:54,2017-12-20 00:00:00
d7449e15f5045562074cc57796341cf7,fab2ba3e5e0d2c6d3f95578a423696c4,delivered,2017-01-31 18:59:08,2017-01-31 19:05:17,2017-02-02 11:41:27,2017-02-20 14:33:11,2017-03-21 00:00:00
45568ff3230e563c29c9176677dc9557,0a9a747450fefe5f6c450feb2e530c9a,delivered,2018-06-20 20:25:37,2018-06-20 20:57:59,2018-06-21 15:35:00,2018-06-23 17:22:24,2018-07-12 00:00:00
4ba61a173049b183dab04f266855be13,b772c38f30ff051c5ffc4c6bc9f07322,delivered,2018-01-12 22:29:32,2018-01-12 22:38:28,2018-01-17 18:19:09,2018-01-22 17:03:55,2018-02-02 00:00:00
dfc7b2719aac6a68477031f7c6d5a44f,1bce535b7751324cecb6cedb616dbfe5,delivered,2017-06-14 14:40:36,2017-06-14 15:05:18,2017-06-16 17:37:57,2017-06-19 12:05:38,2017-07-05 00:00:00
9888a350c98263705a75ee0a82e90e7c,02b5dc176731821cbf299ba7ac64053c,delivered,2018-07-01 08:23:21,2018-07-01 08:35:12,2018-07-03 13:01:00,2018-07-11 20:58:41,2018-07-25 00:00:00
4118d018e9f9582cb4a36074635913d1,0bb9be671290be8ce833fee7c0955eda,delivered,2018-02-27 20:56:40,2018-02-27 21:28:44,2018-02-28 17:49:04,2018-03-04 12:47:44,2018-03-19 00:00:00
7ca0d45bfb1db7f420da4dcbdb3338ce,028b0af58d2752a889011dc9c496a054,delivered,2018-04-11 16:00:34,2018-04-11 16:10:54,2018-04-19 23:17:28,2018-04-24 13:32:35,2018-04-25 00:00:00
e213fe5e5d434ebe5a527624543c0ee0,56223f4b27df21a9ecf74bf039091269,delivered,2018-06-30 08:41:48,2018-06-30 08:55:20,2018-07-02 11:20:00,2018-07-05 17:08:47,2018-07-20 00:00:00
4bbe949608f669144f0db3f8cde75cd7,e23f90c411de6df260df42b05c1d4732,unavailable,2017-09-05 14:22:59,2017-09-13 11:10:20,,,2017-10-09 00:00:00
6dee7bb4c1d9e2bd0d4870b297de74ef,3a10098612081948d4a63eeec65cb627,delivered,2017-08-09 15:07:13,2017-08-10 03:24:08,2017-08-14 19:46:38,2017-09-01 21:47:51,2017-08-31 00:00:00
9c77f06d1dbb94007e708e9aba680a03,b070b95287678d11201661cbff914baf,unavailable,2018-02-10 16:00:05,2018-02-10 16:10:24,,,2018-02-26 00:00:00
126571e0640aed9ed9166104b8605bf8,a814d900341ec8788f9787e402d25b17,delivered,2018-03-02 13:46:47,2018-03-02 14:24:02,2018-03-05 18:58:01,2018-03-21 15:27:25,2018-04-02 00:00:00
3c54678edd9d58abadd6af16d0bce506,3b7db71fcb0e1493dc3f486768a67239,delivered,2017-01-17 11:26:55,2017-01-17 11:41:41,2017-01-18 15:33:10,2017-02-04 08:03:42,2017-03-01 00:00:00
49f879aa078787ff9ca5e831515407b9,70ac12541e9e59f1da7a858304c02a50,delivered,2017-08-25 12:10:41,2017-08-26 02:15:50,2017-08-29 16:06:22,2017-09-11 11:53:23,2017-09-21 00:00:00
4d482023bb4e9eed15c299bf7c88d7a0,bdb119a18ed858b1a9f14c253747e20d,delivered,2018-04-21 17:42:50,2018-04-24 18:27:28,2018-04-24 23:44:39,2018-05-04 00:19:22,2018-05-21 00:00:00
098a083175759c53525b6288a6e46119,7ebe919bdce35baa4a4063132bece606,delivered,2018-03-20 11:24:34,2018-03-20 11:49:45,2018-03-21 19:08:32,2018-03-23 15:54:55,2018-04-02 00:00:00
1454fd9eec5f4140bdbea254680361e5,d4b31b56a3fa1b91fa8d21f6f4466b6b,delivered,2017-11-24 21:05:51,2017-11-24 23:56:34,2017-11-27 12:48:56,2017-12-20 16:23:54,2017-12-27 00:00:00
94a43ed5c781bb63544ad57fd300064b,64f09a3c0b8dee2a46cf61e662062d1d,delivered,2018-05-15 11:39:48,2018-05-15 11:55:31,2018-05-16 15:29:00,2018-06-01 17:32:49,2018-06-04 00:00:00
968ba56969b76f24ea8b93d8a5bb768a,a328e8121004e1f8b62703b8bd849b7d,delivered,2018-06-21 19:36:13,2018-06-21 19:58:34,2018-06-26 14:19:00,2018-07-24 14:42:50,2018-07-23 00:00:00
4b796163426fd59eb29d85f487d695b2,a2f14ee43910b35efbe3d3810744eae0,delivered,2017-12-28 10:21:49,2017-12-28 10:31:25,2018-01-02 15:53:49,2018-01-10 20:54:55,2018-01-26 00:00:00
8d8f12571d339e77787de3a82cedbde5,f597e83c6b7cd1246669a2dd7ca42f0d,delivered,2018-04-08 20:17:55,2018-04-08 20:30:20,2018-04-10 20:51:27,2018-04-12 21:32:00,2018-05-02 00:00:00
aaa7c75bbfad7c018b58b3e3ce3921ec,bd462ac156606db4b6321e8049b69ba3,delivered,2018-08-09 20:34:22,2018-08-09 20:50:12,2018-08-10 15:57:00,2018-08-28 21:58:44,2018-09-13 00:00:00
587379acca182c8e157e4dc7c8923131,54c7caa736af6a506044c72c0559537c,delivered,2017-08-15 10:12:12,2017-08-15 10:35:15,2017-08-31 21:12:17,2017-09-02 13:20:25,2017-09-06 00:00:00
51b00c5a9b0224f467f74d55424b4235,4349d17c2c020f08d09713ae2418b119,unavailable,2017-07-09 11:20:12,2017-07-09 11:30:17,,,2017-08-03 00:00:00
32d2334fd92758d51bd693badb2bc91a,5949e53fa3ca207aab85533fd2175123,delivered,2017-05-11 09:25:36,2017-05-13 03:05:25,2017-05-15 10:09:49,2017-05-25 13:52:09,2017-06-05 00:00:00
5f4fb6276021ebd35972ce9dcccfed59,9f8a47b08f282a1515f10efd38736d8c,delivered,2017-03-03 22:03:08,2017-03-03 22:15:16,2017-03-08 09:52:30,2017-03-15 15:42:21,2017-03-24 00:00:00
7ee51237c9dd97201a2ebf72c2d7180d,a35517a16b4747a61ef536d7f258e703,delivered,2018-01-15 15:04:41,2018-01-15 15:17:04,2018-01-16 20:57:05,2018-01-29 22:09:23,2018-02-07 00:00:00
07758ed400d130462900b1f68d042ee7,db151f1435a8d837d9803b742c68a93e,delivered,2018-07-15 16:45:24,2018-07-15 16:55:21,2018-07-16 13:37:00,2018-07-24 20:31:58,2018-08-01 00:00:00
07d395244b58ce72bbecdafbb1b60ace,25d62fdf76ad56f0adb33fcdeb5cf36f,delivered,2018-07-02 19:41:29,2018-07-05 16:26:51,2018-07-03 13:45:00,2018-07-20 15:36:53,2018-07-25 00:00:00
1b75e38e0739ccdd08fb7e7cd6fe8342,16cad2f3b1b46198c6e224306c24222c,delivered,2018-06-09 12:55:53,2018-06-09 13:11:16,2018-06-11 13:26:00,2018-07-11 13:58:47,2018-07-03 00:00:00
816d5d441d23818493578fb1db0a22ad,1ad00acd47366f0fad9b5258e2ef8a36,delivered,2017-06-06 18:20:09,2017-06-07 02:50:19,2017-06-07 11:41:50,2017-06-12 16:52:42,2017-06-28 00:00:00
8c344483ffcca752c510429c0923b85b,98656702c7d062513faeeada65ce7bf7,delivered,2017-11-07 21:39:50,2017-11-07 21:51:28,2017-11-09 17:58:57,2017-11-10 21:19:50,2017-11-27 00:00:00
2305266a492129ca55edb82b218cab72,536ea3884533b0bea59e31a7c240fed8,delivered,2018-03-20 20:58:04,2018-03-20 21:10:34,2018-03-21 18:48:47,2018-04-11 19:03:00,2018-04-13 00:00:00
28d8802fab62c5e0eb5eea2a340d3449,3dc644cdb8f72576dc216cf4f83c8991,delivered,2018-05-14 20:41:10,2018-05-14 20:55:20,2018-05-15 15:36:00,2018-05-18 16:34:48,2018-05-22 00:00:00
1f3f3b71c956fb0d0bc10544681884e5,740b964429e75570fa44130c78310f81,delivered,2017-02-16 10:25:34,2017-02-16 10:35:14,2017-02-16 15:03:10,2017-02-20 13:03:45,2017-03-15 00:00:00
e6be4d2a8e251c464dbb1c4e17c93bbc,a9221830e2e582026c45c252842c7504,delivered,2018-03-23 13:31:27,2018-03-23 13:48:51,2018-03-27 02:28:19,2018-04-10 18:28:32,2018-04-11 00:00:00
3054c6a8e45b740723ec8a7145d867b7,78d543ef68ecb2e26895755f8dc9c86a,delivered,2018-03-28 13:54:39,2018-03-29 03:15:32,2018-04-07 01:16:45,2018-05-02 15:38:26,2018-04-19 00:00:00
62208055aa533094c967cc9536ecd5a7,cb7141b48591460e3eebb5b6db52a94e,delivered,2018-06-01 14:52:45,2018-06-05 04:51:58,2018-06-07 14:36:00,2018-06-08 13:49:01,2018-07-12 00:00:00
8bd12086c17f907dac130fd1c5f653e6,3d305a1394250078ad10531a49806a59,delivered,2017-09-26 08:58:10,2017-09-27 03:05:45,2017-09-27 13:27:17,2017-10-05 21:52:39,2017-10-24 00:00:00
9e784561e351e3749a4dc15902d0e7ad,ce7d16764477add502f5571e29f6dce3,delivered,2017-04-12 21:35:27,2017-04-14 02:45:37,2017-04-19 11:44:03,2017-04-27 12:12:11,2017-05-23 00:00:00
1491421ac3483cac70a09399f5ea1556,4bb501a36223029a5d6db635eeb86de5,delivered,2017-07-23 09:13:01,2017-07-24 06:43:17,2017-07-25 09:16:44,2017-08-03 21:19:53,2017-08-17 00:00:00
f184a2ee6e9849621df6792b9221bbab,682817ae077752556ee94c28ce0ce5a7,delivered,2018-06-08 15:20:39,2018-06-08 16:30:39,2018-06-11 11:38:00,2018-06-22 18:29:49,2018-07-05 00:00:00
9fed05363dd3f86fd9d02514224c4318,4798084378cadd5f1edcebb6b465c054,delivered,2017-09-04 11:13:25,2017-09-04 11:25:19,2017-09-05 18:51:55,2017-09-06 16:35:58,2017-09-15 00:00:00
29210b1d48462ce1f12d87ed7ccd6397,c16e6733b2b7304db7bc73b930d75c96,delivered,2018-01-31 23:31:42,2018-02-02 02:55:55,2018-02-02 17:13:01,2018-02-15 00:42:00,2018-02-22 00:00:00
9e317c05a75e38a2bdf6a454d8770ba0,d2cb31eb2cde533f259cc13afef8960f,delivered,2018-05-07 20:25:29,2018-05-07 20:35:28,2018-05-09 08:04:00,2018-05-15 16:26:01,2018-05-21 00:00:00
c5dad23638f05002b5af4579f0437709,38a8eed82f0a23ea6ffa40bb72ba9ee6,delivered,2018-03-10 10:56:25,2018-03-10 11:10:34,2018-03-12 18:28:42,2018-03-20 20:42:43,2018-04-04 00:00:00
2eecff6c8b6593b3b109fa0524de56d1,04655b7e4d734d1be30329db64951a8d,delivered,2018-03-16 16:40:02,2018-03-20 03:10:49,2018-03-20 17:27:35,2018-04-02 21:51:25,2018-04-09 00:00:00
647e1ede683aa8684314076d4a3b4eff,45986884767404c2a52cdd7171d6508a,delivered,2018-05-05 14:39:18,2018-05-05 14:53:39,2018-05-07 16:16:00,2018-05-08 14:57:44,2018-05-18 00:00:00
516dd8f615e6c71be4e8e1b1ad5de684,e0c90e7623776f237d7593907b4be370,delivered,2017-10-09 01:11:18,2017-10-09 01:28:15,2017-10-09 15:00:09,2017-10-17 17:36:44,2017-10-31 00:00:00
fc50fee6054e9b82a376cae3bdc097f0,928bd76c3398beff2b55605283e41cbb,delivered,2017-07-05 17:47:33,2017-07-05 18:05:00,2017-07-07 12:43:39,2017-07-21 10:33:53,2017-07-27 00:00:00
1e6377b497624e8fa908ee4a87e3687d,e81fc327c9365a91e9ce38e8d904647f,delivered,2017-01-27 14:12:01,2017-01-31 04:36:36,2017-01-31 11:14:14,2017-02-13 07:13:59,2017-03-09 00:00:00
86164ba399b05f7311d8ba3c5dd5287c,e67e1b5e6194408cc53a9ef5f9e3d656,delivered,2018-01-17 10:37:45,2018-01-17 10:49:46,2018-01-17 19:34:49,2018-01-25 17:29:04,2018-02-07 00:00:00
3673cae7ef1425da5877d8b90e81a3f8,f2c83fb1cadcf99797f5c2874a91cb98,delivered,2018-04-18 08:54:52,2018-04-18 09:12:06,2018-04-24 16:51:45,2018-04-26 16:48:49,2018-05-10 00:00:00
a0d31fc7018373aa3c492734af6f5d41,1a3fc7f4770fb17f6ab21c021b081ca6,delivered,2018-03-21 11:08:07,2018-03-22 02:49:56,2018-03-23 19:33:06,2018-03-26 19:04:02,2018-04-10 00:00:00
0a2de338241b69893fc167f8d0970349,469451c2725ae0ccef5f959bdc62108c,delivered,2018-06-18 11:53:54,2018-06-18 12:37:23,2018-06-18 13:49:00,2018-06-26 21:05:43,2018-07-17 00:00:00
e083c10e9dd625b9ce09aff04e0d54a7,1722641cb09c04807f4a57992f8bf8d7,delivered,2017-04-24 19:31:14,2017-04-24 19:45:17,2017-04-25 13:41:44,2017-05-17 15:56:57,2017-05-15 00:00:00
d708b88543d7c2b7c9eb0b31864c8ca1,f60c95ed2b10ddd5ce8c6a25240edda9,delivered,2017-02-05 23:52:10,2017-02-06 01:05:37,2017-02-20 07:14:11,2017-02-23 15:07:38,2017-03-10 00:00:00
a87028589fb31ebf8ebc3c486466a03a,776b9a0b5a69b67bc4ee5c411dc25c04,delivered,2018-04-05 10:48:06,2018-04-06 03:15:16,2018-04-07 01:28:39,2018-04-08 16:03:29,2018-04-23 00:00:00
2464a4f54814d3de636541955feeb947,1716f644731a37cf67bcf0d3734b6327,delivered,2018-08-01 20:30:22,2018-08-01 20:44:01,2018-08-07 13:02:00,2018-08-09 00:54:40,2018-08-07 00:00:00
7448f861b4547fc4407e432c043ee4a0,f2e14ec79f564dfb581a105d31f7fd6c,delivered,2018-07-15 12:04:20,2018-07-15 12:15:14,2018-07-16 13:48:00,2018-07-23 19:51:31,2018-08-06 00:00:00
767b2efce04a94d04de4e4e79ce6acbc,cc52ddc85b8470c66658b4dd8463f197,delivered,2017-06-30 14:38:26,2017-06-30 14:50:16,2017-07-03 13:44:34,2017-07-27 14:48:01,2017-08-01 00:00:00
1cce7dd1eeb53ad0f97744d159ca50a2,a7ac1b6c1a757603893d9cd450380da7,delivered,2017-02-14 08:14:47,2017-02-14 08:25:18,2017-02-14 10:31:59,2017-02-20 11:41:26,2017-03-15 00:00:00
8215a74877c8a3e1f91c07745859f88f,168e501265b35923a058ccc4ccc2856a,delivered,2018-03-06 08:44:41,2018-03-06 08:56:09,2018-03-08 11:19:51,2018-04-07 02:38:45,2018-03-23 00:00:00
7471333821987b79a0195812dd53c111,99772aa7c2dd8f667875b0769c05afb9,delivered,2017-11-28 13:41:03,2017-11-28 13:50:54,2017-11-30 18:34:49,2017-12-09 13:07:07,2017-12-21 00:00:00
4e29914b0cadd0ff96950fc78cd19bf9,b3d759e3985f2c974b86a4ffc41c36b5,delivered,2017-10-25 21:35:38,2017-10-25 21:49:28,2017-10-27 20:36:49,2017-11-01 23:25:00,2017-11-16 00:00:00
345a398e91fef84fbffb9c07611c9959,7185fdbf483003e78b65e2571d89976f,processing,2017-05-07 22:55:53,2017-05-07 23:05:13,,,2017-06-12 00:00:00
5795afd080b42134859d9b925c7919ea,d1987854d71c2815f5b816a8815db271,delivered,2018-02-21 12:25:12,2018-02-22 02:28:32,2018-02-28 00:03:08,2018-03-15 14:32:36,2018-03-16 00:00:00
5bb8b0cbc3b9c8785096b10b128bac52,267857a70e88ed1fc513cac53030a5fc,delivered,2017-09-13 22:47:51,2017-09-13 23:04:02,2017-09-14 18:09:31,2017-09-28 15:49:19,2017-10-02 00:00:00
30dbdad7616e8b72efea1c866a43f1da,231f0ffb269612f46dc8a039a9f7d60d,delivered,2018-02-28 13:40:35,2018-03-01 13:35:34,2018-03-03 11:36:50,2018-03-07 15:32:49,2018-03-21 00:00:00
733382d1468823c8be556d7aa233e8da,f0110bd48b4ad1321c9a097547e2ab32,delivered,2017-10-05 17:50:00,2017-10-05 18:06:26,2017-10-06 15:41:31,2017-10-11 13:06:29,2017-10-23 00:00:00
321d8eaca23d22fe7ee30eb4125b7efa,d4f9aeb0c1edc4888992347f8c9cbf29,delivered,2018-05-07 09:57:39,2018-05-07 17:17:32,2018-05-08 14:41:00,2018-05-09 23:26:26,2018-05-18 00:00:00
20a1b5b821806e87157587550af9d52e,187503420a9d76ea39fa37e2429c167d,delivered,2018-07-09 10:16:22,2018-07-09 10:25:14,2018-07-12 15:26:00,2018-08-06 15:48:39,2018-08-03 00:00:00
fbcebc9f75750f9fe8253af3add1ac83,de0bfd8d6339439a14344e0688756245,delivered,2018-07-27 10:59:09,2018-07-27 11:15:18,2018-07-30 13:13:00,2018-07-31 14:56:37,2018-08-06 00:00:00
179394da67149ef0dec1368b27e3b2e0,747c8921ce4475d2dce57496776885f5,delivered,2017-08-09 11:58:24,2017-08-09 12:10:17,2017-08-14 23:21:48,2017-08-22 17:53:59,2017-09-08 00:00:00
cc4262265ee51b6f5d446e6218149391,6001397758b75b1ea4f56dd10783a6ea,delivered,2018-07-22 14:34:34,2018-07-23 11:31:47,2018-07-24 15:15:00,2018-07-26 02:06:22,2018-08-14 00:00:00
686d1d45217e96a6db7f27537db7e4b6,072a634f20625548e77ae92eeb126e8d,delivered,2017-05-28 15:37:38,2017-05-30 04:35:17,2017-05-30 10:35:25,2017-06-08 13:05:41,2017-06-23 00:00:00
21b91053280b58b39247f63e52fc4c6b,690726d495b268cc7b83e2134970f7d5,delivered,2018-04-11 11:01:00,2018-04-11 11:15:13,2018-04-12 23:06:45,2018-04-17 21:04:17,2018-05-03 00:00:00
d9f8510c453819ec4a9eb91851ea5fc4,fe5d7868a941d04653c278f177a1d42f,delivered,2018-02-07 14:54:27,2018-02-09 02:50:41,2018-02-09 18:57:03,2018-03-01 13:42:51,2018-03-09 00:00:00
d3cdf94c4dff1c314304625dd39a811c,ec397197e24355e30e9399f30f675f23,delivered,2017-10-24 18:05:35,2017-10-24 18:37:45,2017-10-27 18:53:05,2017-10-31 20:59:56,2017-11-23 00:00:00
41be6772462ac0053519d7f2e957211e,5c82b918db1d7b8f0f653d714533cc0e,delivered,2017-10-06 18:21:52,2017-10-06 18:28:38,2017-10-09 20:10:20,2017-10-19 18:45:15,2017-11-07 00:00:00
7146319717f24eb88c15ca3936b570e4,c0224870897acaf904dd02673ba65263,delivered,2018-03-12 10:21:56,2018-03-12 10:35:35,2018-03-13 23:36:54,2018-03-21 18:21:25,2018-03-26 00:00:00
f0c5fd649bb8b44540b1dd7385ef4fdb,dc16816be6c6f5824f45a9b4604ff8a5,delivered,2017-08-20 10:46:55,2017-08-20 11:04:38,2017-08-22 11:12:48,2017-09-06 19:44:51,2017-09-27 00:00:00
4ecdf69ae9b28aba772d5f21e8c9b1ff,d6c4a86461ae5eff6b39e75ef09ff0fc,delivered,2018-02-03 19:41:07,2018-02-03 22:49:36,2018-02-07 20:34:01,2018-02-21 00:48:43,2018-03-02 00:00:00
5bc9327cbcfa76ec35110bc7c73c9fe6,c7a599372751902a946d3ef2a893d906,delivered,2017-03-30 14:21:58,2017-03-30 14:35:19,2017-04-03 15:43:04,2017-04-07 13:18:56,2017-04-24 00:00:00
d14c7fb7f32b60045642602da5fa8067,7f36678ad8351e4547c54479409bcb39,delivered,2018-02-23 16:23:44,2018-02-23 16:49:08,2018-02-27 14:39:24,2018-03-24 19:34:48,2018-03-29 00:00:00
aa50fc2b2c3610cef0e3ddcb6e4dd8d3,3d1bc9e30f369cb03885b12b40e07fc8,delivered,2017-05-25 14:50:06,2017-05-25 15:02:30,2017-05-26 10:19:33,2017-06-06 13:59:14,2017-06-29 00:00:00
7208fb539f856e3b18b9642be7249e83,46cef9dfe70a564162da095c9dd35c37,delivered,2017-11-24 21:23:38,2017-11-28 03:43:10,2017-11-30 14:42:23,2017-12-01 19:33:31,2017-12-08 00:00:00
5e170986cfd279084c6f2789545aad28,06341c02de61d57cbc4f4ed2e5c3f8e1,delivered,2018-07-09 19:02:33,2018-07-09 19:15:13,2018-07-18 14:32:00,2018-07-20 16:12:36,2018-08-03 00:00:00
438dce50633e79eeeb14507e05d4a4d9,aa593292dfbb072469d56ee43ef2b160,delivered,2017-03-14 08:47:46,2017-03-14 08:47:46,2017-03-22 09:45:52,2017-03-27 17:50:14,2017-04-06 00:00:00
c44a36aa1770cc41a8fb130dfa1bba3b,83d91af0a4ef20bdf35482111320f447,delivered,2018-01-15 09:00:52,2018-01-16 03:51:09,2018-01-16 22:51:53,2018-01-22 16:33:16,2018-02-07 00:00:00
643326948cdbbf87a45eca5db1b7a237,8df95c4fe06c3e8669861def6512b695,delivered,2018-04-06 19:50:43,2018-04-06 20:09:23,2018-04-10 18:55:19,2018-04-11 19:37:49,2018-04-26 00:00:00
5e524bb81ff2ff0d50ebd32cb30c04e4,3b89e57966dcd01fc701714d480e4e96,delivered,2017-12-03 00:48:14,2017-12-05 01:16:03,2017-12-11 19:22:00,2017-12-20 22:12:07,2017-12-27 00:00:00
eec4cdb15e74c35073cc163bfd9fa2b2,dc6e272766b14662d54f4b7123e128bd,delivered,2017-08-20 22:04:21,2017-08-20 22:24:43,2017-08-22 20:02:48,2017-08-24 18:49:59,2017-09-01 00:00:00
8f2b0c41d21837f8c6d4682867c66ffb,af2ad7b99991563a69a5f25d9a6c3e40,delivered,2017-06-09 06:04:20,2017-06-10 03:03:43,2017-06-13 13:21:49,2017-06-27 11:14:46,2017-07-14 00:00:00
ce447c4109907439fcfc1013c8a242d4,f2e656212075aca396c7b6cfc8a64168,delivered,2018-03-27 15:55:20,2018-03-27 16:08:50,2018-04-02 23:27:36,2018-04-04 18:52:39,2018-04-09 00:00:00
099d60cb800db65a72d355528bb7f41e,b10fe33654a6d22ae6e87f3ed316b1dc,delivered,2018-05-08 22:56:28,2018-05-08 23:11:49,2018-05-09 11:43:00,2018-05-15 16:27:06,2018-06-04 00:00:00
d1ec4a382397fb4e5862c70ce598eed4,511898aa78adbbc58e60ec449038d586,delivered,2018-04-23 17:28:09,2018-04-24 18:29:16,2018-04-25 08:46:00,2018-04-30 19:04:09,2018-05-21 00:00:00
f6f36e0dd120cbeed7e28697a600c329,c96e27f071411c456df94d67a64c2c66,delivered,2018-02-13 18:36:46,2018-02-13 18:47:46,2018-02-14 19:12:31,2018-02-23 17:06:06,2018-03-01 00:00:00
6f9163af10d76144f7f5c4e1e500f417,429d92a26a52a4f3b98d0f1eea07b5c6,delivered,2018-08-03 09:49:53,2018-08-03 10:05:20,2018-08-06 14:49:00,2018-08-09 15:42:12,2018-08-16 00:00:00
d80f284c3b6c572dbefb068c5c0d296d,70eab72a101b54d817840b4aaac4574e,delivered,2017-12-06 20:56:22,2017-12-06 21:13:02,2017-12-08 10:03:46,2018-01-06 18:18:57,2018-01-08 00:00:00
6e8f7f46da15fa56cb1301de370968dc,239ab1c112384e1db4049f84f588c3f4,delivered,2018-05-08 11:47:04,2018-05-08 12:16:42,2018-05-09 15:25:00,2018-05-10 15:46:44,2018-05-17 00:00:00
b04b1c55d37f9d6fe803eded0d11f936,326988df99f9234c5e2275cc63a7e584,delivered,2018-04-04 09:06:03,2018-04-04 09:15:24,2018-04-05 20:03:59,2018-04-09 18:04:02,2018-04-23 00:00:00
9f05fdb62980c2ae6d8ad1e15bf7ee3f,5dfe9c93ab809b674f6d8f1e0f07a840,delivered,2018-06-16 15:51:05,2018-06-16 16:18:29,2018-06-19 14:26:00,2018-06-25 23:28:45,2018-07-12 00:00:00
10e652c1735375eb89f51e95212615e8,78eacd378df2044f613995b4c0662c20,delivered,2017-11-21 14:35:12,2017-11-21 15:21:31,2017-11-23 19:03:17,2017-12-18 23:23:33,2017-12-12 00:00:00
3b3e0d7f5d77e227da21f19fd5e20c47,ff55a5afd93c0f7de549bd83e418f55a,delivered,2018-08-20 23:01:50,2018-08-21 09:10:48,2018-08-21 17:04:00,2018-08-28 19:52:43,2018-08-24 00:00:00
aa074a04e180e1202a8e0500297a2570,356c120cc0f5c573bc74d453e0879494,delivered,2017-07-13 20:00:24,2017-07-13 20:15:09,2017-07-14 18:42:06,2017-07-28 19:57:46,2017-08-16 00:00:00
d62c14881563a74903e7d10f685406aa,67588b81dcadc1a20b20aac2ca3ed209,delivered,2017-01-19 16:02:47,2017-01-19 16:10:31,2017-01-20 13:02:19,2017-01-30 12:31:58,2017-03-13 00:00:00
f586221f29e99ec237c1779b4ca609f8,2e89f5812d33b3d4b8f1a0b02034106b,delivered,2017-10-14 15:09:35,2017-10-14 15:28:12,2017-10-17 21:52:33,2017-10-20 18:05:19,2017-11-07 00:00:00
3f752ac8c1676fac14b0fdc9dc26539a,b16a61e395ede9e74b3669fe52db7125,delivered,2017-09-14 18:31:18,2017-09-16 02:50:40,2017-09-18 18:27:30,2017-09-19 20:27:38,2017-09-26 00:00:00
844c27433de65d38b642bf2350ea8054,cd1001c4e8046e5652d0554ef9615a25,delivered,2018-04-25 12:52:32,2018-04-26 12:50:57,2018-05-04 14:15:00,2018-05-19 14:07:35,2018-06-20 00:00:00
7d2a5a0dfec1d4e81cdce3b0ab48607c,f3d236884e44aa82b99516b2382e91fd,delivered,2018-08-11 16:36:00,2018-08-11 16:50:20,2018-08-15 13:54:00,2018-08-20 22:55:45,2018-08-28 00:00:00
34c02afbd25ed28e4e3263b52d9f661c,ef7cc029996e1f2d164764e8b7888f71,delivered,2017-08-06 11:47:04,2017-08-06 12:05:27,2017-08-07 20:18:40,2017-08-21 20:33:08,2017-09-06 00:00:00
c526aa9189a06bf511e79dbc0e0e70b9,2d5961372f483e6ca5478477d3289a14,delivered,2017-09-02 21:35:32,2017-09-04 08:05:45,2017-09-04 22:33:00,2017-09-12 16:37:57,2017-09-26 00:00:00
28915ae2a90c218f0c2b7f8e0fb280e0,98a1b4f80dd0ccb7d1ae5a75ba5c904e,delivered,2017-04-09 20:04:37,2017-04-11 03:45:26,2017-04-12 07:03:58,2017-04-18 09:53:40,2017-05-04 00:00:00
8e06d9e5843b8db91a450598c1c8e2b7,0c40a723722c34bc40d254a110efb3cf,delivered,2018-06-07 15:02:00,2018-06-07 15:19:37,2018-06-08 13:13:00,2018-06-11 12:32:13,2018-07-05 00:00:00
54544d34fc9df898bc9cf98c1ac24518,24292f67c356eea18ec91a1e9c33cc4b,delivered,2018-04-23 11:20:45,2018-04-24 18:57:12,2018-04-26 14:31:00,2018-04-27 13:12:51,2018-05-07 00:00:00
7c294f26474f8acff99c9fb53540a110,4fdbd174794e301f8c0bca8b48fc2261,delivered,2017-07-12 18:18:00,2017-07-14 09:50:24,2017-07-17 15:27:28,2017-07-28 19:18:59,2017-08-15 00:00:00
0009c9a17f916a706d71784483a5d643,8a250edc40ebc5c3940ebc940f16a7eb,delivered,2018-04-25 09:10:41,2018-04-25 09:33:19,2018-04-27 15:14:00,2018-04-30 17:54:25,2018-05-09 00:00:00
6dead076d81e3dea65be3ffa79dbdb79,5c23d9c93ccadb7057824ddda82e989e,delivered,2018-08-21 22:06:55,2018-08-21 22:24:23,2018-08-22 13:15:00,2018-08-27 20:08:43,2018-08-31 00:00:00
2582e88a3e8a129cc809ccaf9a6d35d6,7d875beb796e3f0fb726c3854dbd3037,delivered,2017-10-16 21:33:19,2017-10-16 22:05:57,2017-10-19 20:28:49,2017-10-27 18:33:31,2017-11-08 00:00:00
97924f1c7fa9c3a669ecea8534dfc457,11898977321d3640884b161d1c2a1baa,delivered,2018-06-08 08:46:42,2018-06-09 14:31:46,2018-06-12 13:44:00,2018-06-25 12:48:25,2018-07-13 00:00:00
a6832f84211588f24e426d167333044e,33e568bedf5661ed4fa55e229874c071,delivered,2017-12-21 21:27:00,2017-12-21 21:37:31,2017-12-22 23:14:00,2018-01-09 18:10:53,2018-01-18 00:00:00
0f384ecb55a5c80a4272ffd05d235a7d,f8cafc094aef043bc70f4e6fa36a8180,delivered,2018-04-05 10:15:29,2018-04-05 10:29:00,2018-04-05 22:34:38,2018-04-27 22:41:54,2018-05-03 00:00:00
014ac3cfd0e55bdc2cdd12aa181b00cb,b960facb09e55b91fd14efb587eb5bb3,delivered,2018-08-05 09:19:13,2018-08-05 09:30:07,2018-08-06 13:36:00,2018-08-13 21:58:42,2018-08-23 00:00:00
c17fcfaca02575c7e0ea991578a5e1a8,7fd27dd37afea4045473c5038e8a7f50,delivered,2018-08-19 00:44:26,2018-08-20 11:09:54,2018-08-21 13:15:00,2018-08-23 18:40:37,2018-08-29 00:00:00
edc6d3b93ee7050db4013694b93176ae,758a9b528f033f9dc7c5bc1c6b3a4028,delivered,2017-05-04 21:36:59,2017-05-09 22:33:26,2017-05-10 15:30:48,2017-05-11 12:27:03,2017-05-26 00:00:00
1ac1cd9823b09ef5a14a07fdac1aee94,5906102635e5715ee056520207b101a0,delivered,2017-10-04 10:43:19,2017-10-04 10:56:13,2017-10-09 19:06:04,2017-10-13 17:14:18,2017-10-27 00:00:00
145117b20943d6de15b374d474d2c6b1,79925e347717ba09f5e93401252216ad,delivered,2017-10-04 00:36:56,2017-10-04 01:01:47,2017-10-16 21:18:15,2017-10-30 18:03:09,2017-11-10 00:00:00
0b055b1ac16d0401f76e361ff96926eb,3b34eb193a790f18c1952eca8a964987,delivered,2018-05-03 20:32:43,2018-05-04 11:33:26,2018-05-07 15:01:00,2018-05-17 19:46:48,2018-06-04 00:00:00
67816bc8a83ed1ca09b99c2512cbedb3,0748be2c32fadcd0e5618a5c5999ae27,delivered,2018-06-28 09:53:23,2018-06-28 10:10:59,2018-07-03 11:01:00,2018-07-06 13:08:42,2018-07-24 00:00:00
42e7795ee0acd43f7392b9f31bb39c33,bf8e7bb7d25a116ac52bae3030cdde91,delivered,2017-02-10 11:37:38,2017-02-10 11:50:08,2017-02-10 13:39:37,2017-02-20 17:34:09,2017-03-15 00:00:00
2a30544fe172214cd038679fd1e6c4ef,1e41f525df3cf1c0195fae7dec1e2a7b,delivered,2017-10-16 20:05:09,2017-10-16 20:14:51,2017-10-20 20:32:42,2017-10-26 13:24:55,2017-11-01 00:00:00
e28f13b07a04dff7a7e52c0aee29c342,480c75e853828f9ac0ac262def2b9780,delivered,2017-07-01 20:13:37,2017-07-01 20:23:53,2017-07-05 15:23:46,2017-07-18 19:29:47,2017-07-25 00:00:00
4594c689a1c9d5fb2574a0e03875e67a,cf126f0e4aa7e757ae635b753e94bf4b,delivered,2017-11-24 14:54:53,2017-11-24 17:12:26,2017-12-02 18:16:47,2017-12-13 19:09:10,2017-12-20 00:00:00
041082480b107a1303236e0c21b8bcd5,23706c2bdb0f3c73d411a126e1cb9a7a,delivered,2018-04-21 15:55:04,2018-04-24 18:04:16,2018-04-25 14:47:00,2018-05-02 21:26:34,2018-05-21 00:00:00
93de8241002c099c87029b0362e5c0c9,c5c1e47da91b8db3b723dd7e8716ba01,delivered,2018-06-12 21:12:02,2018-06-12 21:42:44,2018-06-15 17:16:00,2018-06-20 21:58:45,2018-06-26 00:00:00
b0d7b6944026251e2bb069eeef3c647d,2716c45b429d01350503e72e20c1a88a,delivered,2018-01-10 06:07:01,2018-01-10 10:31:47,2018-01-11 00:42:42,2018-01-26 11:38:51,2018-02-05 00:00:00
cbcdbe6b464173a568087f71cc7593f5,6e2ebb56f67a1ddbcdab734d89a0b3e6,delivered,2018-05-07 15:53:52,2018-05-08 15:51:23,2018-05-09 13:46:00,2018-05-16 19:06:30,2018-06-04 00:00:00
77e8385bf150ad151fe3fac0f5acfe8d,73b187bd731583881d6a95419580f53f,delivered,2018-03-24 17:17:49,2018-03-25 17:15:31,2018-04-03 00:42:13,2018-04-13 20:12:01,2018-04-12 00:00:00
b958441e8e334c3996a9b0c55e5c797b,b2ed2acbaaf621b391406a133bcb1c96,delivered,2018-04-10 15:24:04,2018-04-10 15:50:24,2018-04-11 19:45:23,2018-04-12 20:02:34,2018-04-20 00:00:00
193714aa21ead814cca06d425c299360,d43a4a97de399626a8a6d2a05c95a185,delivered,2017-05-13 16:43:45,2017-05-13 16:55:16,2017-05-18 14:29:19,2017-05-26 13:03:16,2017-05-26 00:00:00
feea1134dca132388da564d8f026a2ca,b46f9b8d7c38c845daf7cc01e856ccf4,delivered,2017-05-07 21:24:45,2017-05-09 09:35:38,2017-05-11 09:42:27,2017-05-19 18:08:40,2017-05-29 00:00:00
6b11ad95451aed510a1ff12346de4a14,fd72bfd55bc619ca61770f47d298a78d,delivered,2018-01-22 21:01:45,2018-01-22 21:14:34,2018-01-23 20:53:11,2018-01-24 19:36:48,2018-02-06 00:00:00
a1a835a7e59148cc5f62243387eb6c14,eec24ad7a230beb6df8ef063d1df3a1c,delivered,2017-04-06 10:44:40,2017-04-06 10:55:09,2017-04-06 15:00:49,2017-04-13 17:46:57,2017-05-02 00:00:00
b49433c6d0ea8ab0fa4d209e44c5831f,7ba776dc90132ed69a93b16c4c9b96b3,delivered,2017-08-14 19:31:57,2017-08-14 19:55:25,2017-08-17 18:12:41,2017-08-23 16:36:05,2017-09-11 00:00:00
0d379ed81a9bf10489b4509f3559ca90,a106222f6ec61562ea253a4551b8cbb7,delivered,2018-07-10 13:59:43,2018-07-10 14:10:13,2018-07-11 11:55:00,2018-07-16 18:47:35,2018-07-30 00:00:00
ac09156639c3a0b85f197bda6a3f42d2,8a97f6fb59a5e99ae5d9e14c7d8040d5,delivered,2017-03-05 16:04:02,2017-03-05 16:15:21,2017-03-10 10:21:01,2017-03-30 15:47:55,2017-03-27 00:00:00
1fc9d04a738b6f63d5803e444c2228c8,5ef48a50490097673c18755851059261,delivered,2018-08-12 11:29:37,2018-08-12 11:45:15,2018-08-13 14:45:00,2018-08-16 18:18:50,2018-08-22 00:00:00
e1143a99ea4cc1bd3a625b3501484dce,4365105acd83090125fa618ff76889f4,delivered,2018-04-29 12:51:18,2018-04-29 13:11:09,2018-05-02 11:51:00,2018-05-04 21:49:03,2018-05-28 00:00:00
98ee8e44acc6e6a2986386f53160ab24,11db51edb95395503d9acf29f9fb3d09,delivered,2018-05-09 14:55:29,2018-05-09 15:36:38,2018-05-11 13:44:00,2018-05-16 19:29:56,2018-06-04 00:00:00
7877ed505dd8f07c03e570b146b1fbae,c570938ab62978b5cab459060bbb01f1,delivered,2017-11-17 19:49:41,2017-11-17 20:56:03,2017-11-21 18:22:58,2017-11-27 14:42:24,2017-12-06 00:00:00
fa3418d42d5f87df0490832ade4cb968,75191377eb49aed024f942c68fa2e186,delivered,2018-08-06 12:14:13,2018-08-06 12:25:13,2018-08-08 14:58:00,2018-08-09 12:47:30,2018-08-13 00:00:00
f73057ef32b68991b54f0ec78f235b90,57ce8808556a39e78349684303e69918,delivered,2017-10-25 16:07:23,2017-10-25 16:34:11,2017-10-27 19:09:51,2017-11-01 22:44:47,2017-11-13 00:00:00
78a1a87882880114ee891ccdcbd1ccde,6cfc3156dfe1802dfe72368fa29c63ca,delivered,2017-01-26 11:45:18,2017-01-26 11:55:22,2017-01-27 09:04:53,2017-02-03 10:11:46,2017-02-24 00:00:00
4b806b93edf76523f25669be3962bd2f,43553a559f05e8a6a4b306a55b2a1de3,delivered,2018-05-14 18:09:39,2018-05-15 18:35:28,2018-05-16 13:35:00,2018-06-13 18:52:00,2018-06-27 00:00:00
5244b9f2f8bc60aa503830f2847082f1,d80e1c90ce4d9aa890d53859559e9cae,delivered,2017-04-09 19:10:22,2017-04-09 19:22:22,2017-04-12 13:25:47,2017-05-07 08:45:55,2017-05-18 00:00:00
b39ecb6c0af8f006d1bf639d962fb92e,69c4e90b55da8af1ad71d4bb219e1268,delivered,2018-08-15 08:59:43,2018-08-15 09:10:12,2018-08-16 12:26:00,2018-08-20 19:13:00,2018-08-24 00:00:00
077a6d2bd20a77531ca2dcf84f5c5d0e,5c3cb5ad39b8fee43aa5c64898cb49b3,delivered,2018-06-12 00:17:26,2018-06-12 00:40:54,2018-06-12 12:56:00,2018-07-11 19:52:37,2018-07-19 00:00:00
f3f3bca7aa8753f3fa88d29cc593f101,ca7aecabfc1024eab921ec66fb9549be,delivered,2018-06-14 21:21:36,2018-06-14 21:36:58,2018-06-18 08:48:00,2018-06-25 23:02:15,2018-07-18 00:00:00
38e9ed036b2be6953ae1a0e9df7d01d0,97bed780a4c65afe88f387a9918832d6,delivered,2018-05-22 21:18:54,2018-05-24 02:18:33,2018-05-24 08:37:00,2018-06-07 20:59:50,2018-06-07 00:00:00
c5e86e382215a14b35e8a51f1110f39d,f09f24eded6cdd153f9c3d778168b564,delivered,2017-01-18 17:04:36,2017-01-18 17:15:18,2017-01-20 17:28:13,2017-02-03 12:09:19,2017-02-28 00:00:00
287c462ead09774c011914051703ece9,ea39b3f7639ee01f3190b0e04333cc09,delivered,2017-09-17 15:12:39,2017-09-17 15:27:57,2017-09-18 18:44:02,2017-09-26 20:55:33,2017-10-05 00:00:00
dc2c0025f3f86a410c2bc10ba8f350d2,3c76e57147c243724b1ece52f3977775,delivered,2018-06-15 20:07:31,2018-06-19 03:57:06,2018-06-19 14:15:00,2018-06-30 00:18:39,2018-07-17 00:00:00
3d98c6327fa1c45b931c31e7ca2c97cb,8c7953eb37c293e85b08127802daf589,delivered,2017-07-05 09:22:15,2017-07-06 10:30:18,2017-07-07 13:03:37,2017-07-13 19:36:28,2017-08-03 00:00:00
1f3c0a87c88ece858b2f766ae1952dc2,8b65ea3a6e826a860f2961630e922c41,delivered,2017-05-13 15:27:06,2017-05-14 06:35:18,2017-05-16 14:09:13,2017-05-24 12:22:53,2017-06-09 00:00:00
261a70322fb6e56501d54f81cf525f15,42b792d272dd0df00225d952e7f0f3f9,delivered,2018-04-20 14:12:42,2018-04-24 18:56:07,2018-04-23 15:22:30,2018-04-26 16:54:41,2018-05-10 00:00:00
7c1775b55c23f7d7c2f85ac8e2e3c549,706c5c694c0a736613b82ea666f1765c,delivered,2018-08-21 19:10:55,2018-08-22 10:55:24,2018-08-22 15:13:00,2018-08-27 20:24:39,2018-08-30 00:00:00
2567c0e99db4aabbc90fedb36d8de1c2,debc1e05c1064a78d0fc863eff89d3c8,delivered,2017-03-25 14:04:56,2017-03-26 14:10:10,2017-03-27 13:12:29,2017-03-30 14:38:13,2017-05-03 00:00:00
ecf079f16ac07328e5153aa201fbbb1e,205fcc6c48de256d3956dfba9fc6c0de,delivered,2018-08-01 12:40:21,2018-08-01 13:20:18,2018-08-03 11:04:00,2018-08-17 00:22:06,2018-08-31 00:00:00
53345dc7af2a7b39baff492cdc8005c1,3aef46ae7c38fba52ac5c024a90d8b4e,delivered,2018-01-29 14:51:56,2018-01-29 15:18:36,2018-02-01 16:18:37,2018-02-14 16:13:13,2018-03-01 00:00:00
77702a20dfa8a419afbbd7214a87e7f6,35797e9184f5e25129a0c326e388a45a,delivered,2018-02-02 19:21:48,2018-02-02 20:04:07,2018-02-05 23:33:48,2018-02-24 13:27:14,2018-03-08 00:00:00
84f7c41e924ddb24205d30d9c0d18ef3,e6fb99ba3f30e74b62de1af9c1eff0bb,delivered,2017-11-29 10:02:06,2017-11-29 10:18:30,2017-12-01 19:29:07,2017-12-12 19:21:51,2017-12-22 00:00:00
4ae4606647c85995f3123bc2047f9ab2,63f65059544beda92505c6b39161c681,delivered,2017-07-06 15:16:40,2017-07-06 15:25:14,2017-07-07 18:07:45,2017-07-14 18:04:57,2017-07-28 00:00:00
c996784e13c7d956e06ad7f8a992b564,546a93251eab522453a48b245ccd5549,delivered,2018-08-07 15:50:22,2018-08-07 16:05:26,2018-08-08 15:18:00,2018-08-14 22:48:52,2018-09-12 00:00:00
ea3f7480344322038931bca4a6e6f858,4a5c983ae0de5e491993c8038e2f369d,delivered,2017-09-27 11:04:16,2017-09-28 03:05:23,2017-09-28 21:13:01,2017-10-08 17:14:22,2017-10-20 00:00:00
fd83748fe6056c1759777f41c19a742a,50ce26d15d12dd7a2fb9dc8a0d3e29fe,delivered,2018-08-02 18:20:01,2018-08-02 18:30:30,2018-08-09 07:22:00,2018-08-13 19:28:51,2018-08-17 00:00:00
93cb615f17a0f924bf0ab3b9b383e7ea,ee5adb8171e8b33a1d5f5ed2cc21456e,delivered,2018-01-30 01:28:15,2018-01-30 01:53:28,2018-01-31 16:09:10,2018-02-07 20:39:02,2018-02-26 00:00:00
adf3d602a987dfaf1a76aed5aee37407,b7e7735a10461352a5c12c730d78292c,delivered,2018-07-29 20:56:13,2018-07-29 21:10:20,2018-07-30 14:53:00,2018-07-31 20:38:40,2018-08-06 00:00:00
4a0aef3a36c8f8f2d9500b15400ff513,3719c3d09981263d4cfc1b35953524e0,delivered,2017-05-11 20:10:56,2017-05-11 20:22:19,2017-05-17 15:27:01,2017-05-23 14:07:45,2017-06-02 00:00:00
0c1cc28155fd9320c6ffca57c92999a0,e1a8132a93174597bc2dde1255a39b21,delivered,2018-04-17 16:37:44,2018-04-18 06:32:00,2018-04-18 20:38:21,2018-05-10 22:44:40,2018-05-17 00:00:00
0852e5a61869a064200caa569e5291a5,33492e6f3dcc16afb6a9fb8f8cd62910,delivered,2017-10-17 09:27:04,2017-10-17 12:34:15,2017-10-24 19:58:19,2017-11-09 21:04:59,2017-11-14 00:00:00
3e61448e4e84529ceb5c325efe9f078b,6465bd930c1243ba5479f364f2783e10,delivered,2017-10-23 21:21:19,2017-10-25 02:26:37,2017-10-25 18:33:35,2017-10-27 21:47:28,2017-11-03 00:00:00
107140930f283788e31acf6904a4c50d,1b7b1d8dbe1dd0fe3b8e3e73e07f570e,delivered,2018-01-17 19:53:32,2018-01-17 20:10:33,2018-01-18 18:48:56,2018-01-30 20:59:35,2018-02-20 00:00:00
f4a8cf5dcabdbe8dd7e65e1674db3015,f46fbb1f9d19890a021e112d9e67c4c0,canceled,2018-01-21 23:26:18,,,,2018-02-06 00:00:00
e0a392ae82bc219375ace26ec32a6301,b4faff20637c50dcdc36d25a424c50d7,delivered,2018-06-05 13:55:03,2018-06-06 02:54:00,2018-06-06 12:32:00,2018-06-11 19:11:00,2018-06-29 00:00:00
7e7e972164339f32fadecfdb2c4e93c7,24192468c9479052129e9b1d34baeafb,delivered,2018-07-19 10:11:56,2018-07-19 17:25:15,2018-07-21 13:51:00,2018-07-24 15:18:49,2018-07-30 00:00:00
82e4b3860c24cc8666af61137efef18c,0b6131ef78d7b110b236c4e98bf65fd9,delivered,2017-08-07 08:24:29,2017-08-07 08:35:18,2017-08-07 19:05:10,2017-08-08 17:10:25,2017-08-22 00:00:00
ec1eeceac0fd882558b0f3976149e64d,c8c8685c81910413f6244ab21a3a02de,delivered,2018-03-31 10:27:16,2018-03-31 10:48:01,2018-04-04 00:43:45,2018-04-14 11:06:50,2018-04-27 00:00:00
12871e7ec010930e767517686d955c47,ef65d5034c7341b280811f7bf95f264f,delivered,2018-05-14 11:56:51,2018-05-14 12:17:23,2018-05-14 12:42:00,2018-05-15 21:41:10,2018-05-23 00:00:00
1b79d2acd9204f5e12d9c6f8b8ac5bbc,6857d55ae17d45539558b8ed881763f9,delivered,2018-08-01 10:57:13,2018-08-01 11:24:32,2018-08-01 14:35:00,2018-08-13 13:26:56,2018-08-28 00:00:00
9b7b707521ebda86fe2ddfaaf5ed4cd1,baed4f7a16a34e439c36ce591c70980a,delivered,2018-05-18 13:43:44,2018-05-18 13:55:29,2018-05-21 15:42:00,2018-06-09 03:48:39,2018-06-14 00:00:00
444ba35537c4a2b24c3bf2e576ee98ac,c4dcf192d129b8388592885dd24fc476,delivered,2017-01-27 10:34:34,2017-01-28 02:32:27,2017-01-30 10:18:24,2017-02-07 09:54:56,2017-03-01 00:00:00
3783d39f4bead686266f9f7b4362ba6d,df4e22e0d8e91cda53e49e2849e151ec,delivered,2018-05-03 02:10:29,2018-05-03 02:33:25,2018-05-03 13:08:00,2018-05-04 21:38:39,2018-05-16 00:00:00
aa0fdfac2fac6ad23cfa368f687433cc,95e2e5b83511ce7db6fd6d40ac4a3b75,processing,2017-05-04 16:44:16,2017-05-04 16:55:23,,,2017-06-06 00:00:00
afa75f5067298240b2038958cf0010d4,0d51b66355960ac7993febfc3755e876,delivered,2017-09-04 20:44:36,2017-09-05 20:50:16,2017-09-06 19:33:21,2017-09-18 12:20:33,2017-10-02 00:00:00
84b178ef93e0b367f901d4263bee2a3a,8bd6f9ecf9c13775a1f0079510aad4fa,delivered,2018-07-31 11:12:17,2018-08-02 05:30:54,2018-08-02 11:35:00,2018-08-09 18:34:33,2018-08-22 00:00:00
8c7691cec4b794886d5e269c2a1eec4e,f3ad464626c78b317c7069d4c960fee7,delivered,2017-11-26 11:08:25,2017-11-26 11:15:34,2017-11-27 22:04:11,2017-12-14 21:39:33,2017-12-21 00:00:00
c57b77f1ada200812975fd3151e49752,d59fbf3f22cc09de2ba8f571c5aa4a40,delivered,2018-01-06 17:08:15,2018-01-09 07:16:26,2018-01-09 20:44:22,2018-02-15 20:18:52,2018-03-13 00:00:00
1a7dcdf0c1f8c7b57dab8c7378c79cf9,9ed553d685e793263f73f6f76c90f43f,delivered,2018-05-04 13:42:06,2018-05-04 13:55:22,2018-05-09 11:21:00,2018-05-11 19:32:38,2018-05-22 00:00:00
a31ecde4565b9e5e70a4ac17fb47174c,7c4b8e956f27bed90b8269e5a04ac6db,canceled,2018-01-29 21:55:59,2018-01-31 13:32:23,,,2018-03-02 00:00:00
eaccdfa7ebc7197350752707a3103de3,2f92f6d54038bae835df9738d5d11102,delivered,2017-04-08 19:37:13,2017-04-10 06:45:09,2017-04-11 09:37:49,2017-04-19 12:17:23,2017-05-04 00:00:00
3a48b55756a18df2a80f25a120eac75e,239e0ecb0797c0dc341124772fc69a8d,delivered,2018-05-16 02:28:26,2018-05-16 15:59:38,2018-05-18 12:11:00,2018-06-01 12:08:43,2018-06-06 00:00:00
f643bf772d9eb92c22d0a6520d5791fb,98bcba1289e434215053f0ce7f01e387,delivered,2018-07-17 17:39:22,2018-07-19 03:02:25,2018-07-19 15:34:00,2018-07-24 12:58:27,2018-08-08 00:00:00
2f237ad78fabeb8203631b4a881a83a5,d9cf050e6b7721630f9d330ce3becfc5,delivered,2018-06-01 11:48:37,2018-06-02 14:15:13,2018-06-06 14:03:00,2018-06-08 22:05:29,2018-06-26 00:00:00
cfd3b21a71fca80f28f89855c6570695,093cd8998b382e15fec8f33653718c55,delivered,2017-04-19 15:31:23,2017-04-19 16:22:04,2017-04-20 11:14:01,2017-05-03 16:11:52,2017-05-18 00:00:00
1f1c7f4a61de956eb59c80c6d1f73a2a,5ae86ece6d5aadff5afe461f7afe2d59,delivered,2018-05-09 00:09:44,2018-05-09 00:32:50,2018-05-09 09:30:00,2018-05-15 11:16:02,2018-05-28 00:00:00
9c344aaa4c77f62b5c70c3db948752b8,43712015742ee564b01fe75fa2d76cd2,delivered,2018-01-23 14:01:44,2018-01-23 15:51:36,2018-01-24 16:35:44,2018-01-31 20:13:01,2018-02-15 00:00:00
14fbf76a52909427d03caa0680a5d763,3f6ce43251da42235d19df7ad5d7a197,delivered,2018-01-20 09:56:03,2018-01-20 10:13:09,2018-01-23 12:17:33,2018-01-27 15:46:35,2018-02-14 00:00:00
488d5fc485f4624acb8132918763416c,bf7ccf3f1fb5ff1cc9130f8f2985017e,delivered,2018-05-23 11:14:52,2018-05-23 12:00:05,2018-05-24 13:23:00,2018-05-25 21:21:49,2018-06-08 00:00:00
387d6eb2681cc0d53bf68df6845a729a,a32a92d1ce4dbb02613186c1bb03a16f,delivered,2017-02-11 16:52:47,2017-02-11 17:05:13,2017-02-13 10:43:41,2017-02-17 10:05:03,2017-03-14 00:00:00
04a772c0620384a8776c4fbcf4af5c01,cf2ca98ff50dd7bc444ed0cb47a21d14,delivered,2017-11-29 13:25:18,2017-11-29 13:37:16,2017-12-01 19:28:43,2017-12-28 21:05:16,2017-12-28 00:00:00
31ec3f0ab81178179221541af6dddbad,efa0549f99676dc8a796ae6a73a4236d,delivered,2018-04-09 13:28:31,2018-04-09 13:51:16,2018-04-10 00:25:51,2018-04-13 18:39:49,2018-05-07 00:00:00
1824f26e1fdcf75b43c6849e90f2c3b8,718ac71e13610e09fb91104bb59b99f5,delivered,2018-07-26 11:16:58,2018-07-27 04:05:17,2018-07-30 14:08:00,2018-08-03 13:42:41,2018-08-06 00:00:00
08030370edeb35f2f91b73f09f76a49b,7190e3096142c612e46f988bffd57529,delivered,2018-04-11 11:34:51,2018-04-11 11:50:15,2018-04-13 00:15:31,2018-04-23 22:12:34,2018-05-10 00:00:00
08158c9f50214fc5872aba47814160e7,d34e0dba89b89a8aa2e00cb8b289f565,delivered,2017-03-15 14:37:37,2017-03-15 14:37:37,2017-03-22 10:51:59,2017-03-27 11:38:04,2017-04-07 00:00:00
12d3ad77d5488075f6f2a444127356e5,7e7ecd9570ad62705609c57647bcd47c,delivered,2018-02-12 02:50:17,2018-02-12 03:08:50,2018-02-14 17:13:48,2018-03-01 23:51:59,2018-03-12 00:00:00
7ede340903c485e891cba5b1064ecf5c,75306b74ca7ebe07b42a7e1eec7eca79,delivered,2018-04-18 09:57:17,2018-04-18 10:11:07,2018-04-19 17:06:53,2018-04-26 17:04:45,2018-05-23 00:00:00
30302e4257bbc6a219101fa79c37c1f1,7ae53acddb48d2370fb26d3a244a0d6a,delivered,2018-04-11 16:50:30,2018-04-12 22:10:58,2018-04-16 16:48:43,2018-04-21 17:08:48,2018-04-30 00:00:00
dec3b3e24194ce1773deab948916e593,1a5967d84c2fb8d6c22c6eff14643058,invoiced,2018-03-28 21:25:36,2018-03-28 21:35:14,,,2018-04-23 00:00:00
f20da7723f4f27767d18d8039dc8fe6c,fac2f46b9fdf19602e714973e40bf083,delivered,2018-07-11 18:43:06,2018-07-12 18:43:55,2018-07-13 15:46:00,2018-07-20 22:16:47,2018-08-14 00:00:00
7fc849fe7b19291b174ea1ab2a8759a5,fbf1d555f02296c5d568ba0a59b1d0ec,delivered,2018-02-28 15:04:19,2018-02-28 15:15:34,2018-03-01 23:53:05,2018-03-12 17:58:27,2018-03-21 00:00:00
65e9a241667deddeffb1542389e94964,f0bafcc4e19c8efd9aef04d2d4bc1527,delivered,2018-03-28 06:08:51,2018-03-28 06:26:22,2018-04-02 17:48:42,2018-04-04 21:46:48,2018-04-10 00:00:00
6aaf3fa8e1458b642085c8aa3d7b275a,12f4e87adc177d4c584c1eadf944ac7a,delivered,2018-02-05 13:24:35,2018-02-05 13:50:52,2018-02-19 18:55:11,2018-02-23 16:57:50,2018-03-15 00:00:00
a739570c1cd11112aa1fc229a15155ac,f9101abc91870da87ab5c5c0b687e5cd,delivered,2017-03-16 20:25:10,2017-03-16 20:25:10,2017-03-21 06:15:04,2017-03-28 15:16:09,2017-04-06 00:00:00
ce42a8b69a1f006400c700bb5616f736,da8de52784781b06c2b231b6f1e3faaf,delivered,2018-04-21 15:52:28,2018-04-24 18:18:34,2018-04-24 23:42:49,2018-05-24 21:34:43,2018-05-18 00:00:00
1cb531a2fb45f62dee90ef7a93b46f21,f739cd8a6704968ec7ed584ce45bb01e,delivered,2017-11-28 20:39:38,2017-11-28 20:57:02,2017-11-30 13:48:48,2017-12-12 19:12:19,2017-12-18 00:00:00
921095a3d078c4caa4259c1208a71f66,eae5b6c83b7858a75b5b7c83d673a4cc,delivered,2018-03-22 22:47:00,2018-03-23 22:47:39,2018-03-27 01:13:29,2018-04-11 16:57:44,2018-04-13 00:00:00
b12fc1e1a55ad5febf364885bdc26eaa,d40ce96518986c1f687450d9d2c59a98,delivered,2017-08-15 15:49:13,2017-08-16 03:25:38,2017-08-17 20:51:50,2017-08-18 15:03:18,2017-08-28 00:00:00
fc957026f2482ab3bddf91ebc9d0dfc5,fb39becf0dd61e75a7c3e5bf2642d55b,delivered,2018-01-10 21:19:56,2018-01-10 21:31:35,2018-01-11 17:54:59,2018-01-23 22:58:48,2018-01-31 00:00:00
a292ffb436f475f98ec53a05994dbd94,c08ef557085ca9fb0c59f6d820a0b059,delivered,2017-06-25 12:07:37,2017-06-25 12:23:42,2017-06-26 16:29:26,2017-07-18 17:46:35,2017-07-28 00:00:00
fe71d9b4ef984f61e35b85a483b82769,2c43a6fffc3a68aad4428f6bdbfec1e3,delivered,2018-06-20 09:17:58,2018-06-20 18:47:17,2018-06-21 13:13:00,2018-06-26 18:40:42,2018-07-03 00:00:00
689c31bf388c7456f38a36f18f20f735,3983e95b66d4931b8cc086d74b2377e4,delivered,2018-03-13 16:10:29,2018-03-13 16:48:04,2018-03-16 00:14:53,2018-03-19 22:48:33,2018-03-23 00:00:00
bd9e9bfde9faa1df98f0d708c83a076f,340699d32cd8347c289975f8fcadce0b,delivered,2017-03-10 14:43:51,2017-03-10 14:43:51,2017-03-14 12:39:21,2017-03-20 12:32:25,2017-04-10 00:00:00
12ba6eb5ae5bb52161567bf261f9339e,cd50e29db5b175effda4b995fb44d298,delivered,2018-01-26 17:20:43,2018-01-26 17:39:26,2018-01-29 22:17:36,2018-02-02 19:27:45,2018-02-19 00:00:00
6afa05756faa49c6485547d727669dbe,bfbe7e0ce67c4e115a45af9aa03d13f9,delivered,2018-06-27 19:13:13,2018-06-28 02:15:48,2018-06-28 12:09:00,2018-07-03 03:56:29,2018-07-23 00:00:00
0cdc602941468800cf63d3385e750f8e,909d8e1f1bfb6af00321a96711b711e2,delivered,2017-02-15 10:10:58,2017-02-15 10:23:11,2017-02-16 09:22:45,2017-02-22 10:20:49,2017-03-14 00:00:00
9e610f1799387c81ebe3841937df9098,8714486eac2fe66523013485cac45f17,delivered,2017-11-26 23:33:14,2017-11-26 23:53:18,2017-11-30 00:15:56,2017-12-15 21:04:44,2017-12-22 00:00:00
892afc8152bfeddaa37facab6f4a9275,c77b56f255a88e2d52bf861c376bf8dd,delivered,2018-08-23 12:00:18,2018-08-24 03:10:28,2018-08-24 14:59:00,2018-08-27 16:06:39,2018-08-30 00:00:00
02058d1c3b825765a4ec45968b8a1c97,789866f98a4d051812a2ad7e9c2443c0,delivered,2017-05-22 22:10:22,2017-05-24 02:50:28,2017-05-29 14:03:01,2017-06-05 18:05:53,2017-06-19 00:00:00
863ed82a296435f3a4d1a4b878450a5e,038d3dd1371d364b6ae8ece9febc397b,delivered,2017-05-03 13:51:09,2017-05-03 14:10:27,2017-05-04 14:47:45,2017-05-08 09:57:40,2017-05-24 00:00:00
a60d97427c94f3cf9e9c338ac3e9aa14,341c4634e0f68d32b278e42dc843b433,delivered,2018-03-14 15:04:11,2018-03-16 03:50:23,2018-03-19 12:32:56,2018-04-04 20:16:32,2018-04-11 00:00:00
f1a85c57bbe9845da9ee357e3e4088aa,a2bf4f2c3208e230f033a9c11c7d4bf0,delivered,2018-01-29 16:47:57,2018-01-30 03:39:15,2018-01-31 01:04:20,2018-02-23 22:33:34,2018-03-01 00:00:00
5e8e2246d1b5e113efb8958d9b9fd9de,446178189afff5d8bc533ad62ccde8e4,delivered,2018-08-06 21:30:56,2018-08-06 21:50:16,2018-08-08 14:32:00,2018-08-09 15:33:45,2018-08-10 00:00:00
53a75d669529740dbfecbfc99b5c13cd,47aa15d805a354b4586f613823305a78,delivered,2017-11-29 11:58:07,2017-11-29 12:18:39,2017-11-30 23:17:08,2017-12-17 16:23:28,2017-12-26 00:00:00
8256266a3e79c5c11593977b92fe7b1a,74f388d7c1757feb7cfd8bc9efc7a78c,unavailable,2018-01-18 17:02:04,2018-01-18 17:13:20,,,2018-02-15 00:00:00
a2612baf139a2d944224cb87c81d83b1,a576b34e3dcdd8e1827367cad95ea440,delivered,2017-03-21 10:26:28,2017-03-21 10:26:28,2017-03-24 15:17:46,2017-03-30 17:14:21,2017-04-17 00:00:00
b5b9596fafc9950c04548f635451d6c6,2f065d0da18c30fb17bf10fa92005886,delivered,2018-06-12 11:38:09,2018-06-12 12:01:27,2018-06-13 14:34:00,2018-06-18 17:37:28,2018-07-20 00:00:00
fbc5d211d0c021def45daa17a0d271ba,da97d12c6f90c983ae3d35f42d1bf2ce,delivered,2017-09-11 15:17:10,2017-09-11 15:30:18,2017-09-14 22:52:37,2017-09-15 20:02:45,2017-09-26 00:00:00
5d36971a31667ce7f86f81d277490e9a,9fccf5db7814eb1c4bfdc6cc2bc04621,delivered,2018-08-04 11:19:10,2018-08-04 11:35:16,2018-08-06 13:59:00,2018-08-10 01:52:07,2018-08-14 00:00:00
04993613aee4046caf92ea17b316dcfb,aeb3d464f6b83eecd79d6fd58d6208fb,delivered,2018-01-30 08:46:12,2018-02-01 02:52:44,2018-02-02 16:08:38,2018-02-07 10:54:52,2018-02-15 00:00:00
4551b488487e6cfa31f9e35073d3c5d4,dfa7df4afe1ba4c38428bd36cd4444c1,canceled,2016-10-09 12:43:21,2016-10-11 17:16:27,,,2016-12-06 00:00:00
df65475c6013cd0563e8c2fd9245c378,5a420a6410f82ab5d0679fd276cb32a0,delivered,2018-04-29 12:59:33,2018-04-29 13:11:08,2018-04-30 15:41:00,2018-05-10 11:07:42,2018-05-23 00:00:00
a1506880c64d76bdd37f1fa714865b7d,42a745668db9403a33580aa5c72271e3,delivered,2018-08-14 15:48:10,2018-08-15 03:24:09,2018-08-16 11:50:00,2018-08-23 01:56:24,2018-08-28 00:00:00
0977997b1c07196d7d76a0d79c50117d,f5a2891493b5b415942b5e2e98ebaf11,delivered,2017-03-22 18:42:09,2017-03-22 18:42:09,2017-03-23 11:06:38,2017-03-29 13:38:22,2017-04-10 00:00:00
17734155e111af61fc2bb776b29dc97f,47aea8cecc6638f35d43b8115a23b632,delivered,2018-01-20 22:34:35,2018-01-20 23:00:24,2018-01-25 00:56:35,2018-02-09 21:11:49,2018-02-19 00:00:00
50e46ab38a7ca83546cab50d4bca4835,8f5c0dfe51ad002276980a7bb10b338d,delivered,2018-05-12 10:12:06,2018-05-12 10:34:36,2018-05-21 05:44:00,2018-06-07 19:34:36,2018-06-01 00:00:00
98b552e1d64415d84660c7155fcb276b,57987b4d11a5d931e9e97fa417e24e12,delivered,2017-08-25 10:58:26,2017-08-25 11:10:15,2017-08-29 20:09:15,2017-09-19 22:43:14,2017-09-29 00:00:00
b98263fb4d7c2c5ecd1acc6ab0a659ff,3dc31641445d14ab4cdde3638a06c85d,delivered,2017-03-30 20:31:36,2017-03-30 20:42:20,2017-03-31 12:06:26,2017-04-04 10:58:02,2017-04-19 00:00:00
59e2aa6cada46ead4c4520d965785640,bf1723772c5aeb6d78db6f2a6456e417,delivered,2018-07-05 11:39:19,2018-07-05 16:31:07,2018-07-05 14:13:00,2018-07-09 13:41:00,2018-07-24 00:00:00
e7fe3e8da4d6c39f4216d00309b965ba,3ef2e4f6c69dc708f8ed35acc505324e,delivered,2017-04-19 19:34:51,2017-04-19 19:45:17,2017-04-20 10:34:45,2017-04-27 14:46:33,2017-05-09 00:00:00
09ad94cb221ea7d2ba569504ad446082,2733a4e78706230ef8e6da9fc7f80444,delivered,2018-02-05 13:15:21,2018-02-05 13:30:45,2018-02-05 23:33:06,2018-02-21 00:22:12,2018-03-09 00:00:00
372043f4a6d2ad2b8447ec94aeca78ec,3e16ea28d6bd7480ea19cd0d7c248f51,delivered,2017-12-14 08:12:50,2017-12-14 08:32:31,2017-12-14 16:58:42,2017-12-23 13:43:27,2018-01-16 00:00:00
169ea2de3034acb7ff710f2ed686841c,c9443c7ba953a58193efcf1a2a447c00,delivered,2018-07-21 19:56:17,2018-07-21 20:10:16,2018-07-24 11:46:00,2018-07-30 21:16:33,2018-08-16 00:00:00
186f042cdce95c754951633686eb1dc5,50875d83ed44bbf8b61776a85aadbc65,delivered,2017-03-20 22:56:13,2017-03-20 22:56:13,2017-03-23 10:29:19,2017-03-29 15:23:00,2017-04-18 00:00:00
38bff8bbf4905806b94884c0124dff22,7ab296b8b856811774b40ae28bd3f3a0,delivered,2017-10-09 01:17:54,2017-10-10 03:28:48,2017-10-10 13:18:51,2017-10-16 19:14:14,2017-10-31 00:00:00
89cee0900747ef772957e602a0e4427c,1baa632cca8a732043b64413083d7638,delivered,2017-06-26 08:59:29,2017-06-28 02:30:29,2017-06-28 16:42:47,2017-07-10 21:21:49,2017-07-18 00:00:00
cdb1faa859205ebd457e594dfab53801,314e23702a993481be492acdce0cebd5,delivered,2017-12-20 09:17:13,2017-12-20 09:30:02,2017-12-20 23:12:46,2017-12-22 17:10:36,2018-01-16 00:00:00
c0a70f802fa139670e7987afc9acd16b,6809549888389f4ff97cab54a5d25065,delivered,2018-03-17 17:05:09,2018-03-17 17:28:46,2018-03-19 20:12:51,2018-03-20 21:18:46,2018-03-29 00:00:00
2348f7f4bfb8d8892725f278c51c112f,4726d3a6a375b7faa0e5e291f96f25cc,delivered,2017-12-05 16:18:17,2017-12-05 16:42:25,2017-12-19 17:07:57,2017-12-29 19:15:05,2018-01-03 00:00:00
4791caecf8eb833376796979ea2c7aba,c136862b902ffb900a1c63ab433ddefb,delivered,2018-04-15 11:31:05,2018-04-17 05:55:46,2018-04-17 20:03:41,2018-05-02 19:30:54,2018-05-15 00:00:00
7e7671e9ee6e72a8ccc841c1bec954b1,06fd13fe812ea82418f7e99df3591b81,delivered,2018-03-31 15:00:22,2018-03-31 15:15:13,2018-04-03 23:53:53,2018-04-05 18:19:24,2018-04-18 00:00:00
be11301a6422e6d3a6b2256ef91d6644,99c873ea775da64afd811522695389fb,delivered,2018-01-16 22:28:06,2018-01-18 02:12:46,2018-01-19 20:44:51,2018-01-30 22:35:14,2018-02-07 00:00:00
9b555b4c4f3028463eb59bbe1e9e9bda,69d5b5755d8235783105a713e72300b2,delivered,2018-02-13 21:55:57,2018-02-13 22:10:24,2018-02-15 23:29:04,2018-03-03 21:48:25,2018-03-06 00:00:00
47e7c69b3f435b43a16da911cf937369,32fec68d7db000a9570c6a328eb783d7,delivered,2018-07-16 11:34:51,2018-07-17 04:31:12,2018-07-17 14:43:00,2018-07-23 20:58:26,2018-07-31 00:00:00
713036f22edb8c69c825dc2d0786056a,141b475376da0a47c374310837d2be95,delivered,2017-04-28 16:34:53,2017-04-29 02:43:14,2017-05-05 15:57:38,2017-05-09 23:26:05,2017-05-22 00:00:00
22a91acd45f9631dece96eb349f13047,4cc013147ed779e5e5cd70f483e28a1d,shipped,2018-03-12 08:20:33,2018-03-12 08:35:37,2018-03-14 00:29:46,,2018-04-12 00:00:00
8b972989b530858d6513197f41817297,42f3e79db71d9d167f2af22f821a02a2,delivered,2017-05-24 16:57:12,2017-05-24 17:10:12,2017-05-26 16:12:26,2017-06-01 16:38:01,2017-06-14 00:00:00
b5dc2692452c43be647a4eae573087be,b4b54ad1c41334ff91007f0ae82e8679,delivered,2018-04-16 23:10:09,2018-04-18 05:31:53,2018-04-20 23:41:44,2018-04-23 20:49:35,2018-05-07 00:00:00
92690e980fa355ce415cdeb21196e518,bbbd494d03458f6021df355aeab7f78d,delivered,2018-05-09 13:44:40,2018-05-09 14:15:00,2018-05-10 15:34:00,2018-05-23 02:42:00,2018-06-14 00:00:00
171f303505168e746c3ba9dc70a1c1f3,f9913bc021d14fc9e5a96b3508284589,delivered,2017-05-16 17:50:16,2017-05-16 18:02:30,2017-05-17 14:38:28,2017-05-23 16:53:32,2017-06-08 00:00:00
a1e378a1da5cdc55c7edf4313af32f8a,bd51b2cec679d73d1170c69ec4a2c3de,delivered,2018-06-21 06:40:03,2018-06-21 06:58:10,2018-06-21 10:37:00,2018-07-05 15:06:36,2018-07-25 00:00:00
35b2a91bef239f09490bf6988853e1ce,d20970c047e30ae233d8da0c19b35e44,delivered,2017-11-21 23:31:23,2017-11-23 02:47:43,2017-11-24 17:44:49,2017-11-30 18:28:15,2017-12-07 00:00:00
103188b1afa4614c023b86344f79727b,3d7ded9f88ad6b06bc3f16ef0987fc54,delivered,2017-11-27 13:53:44,2017-11-27 14:18:39,2017-11-28 20:34:38,2018-03-26 13:09:54,2017-12-11 00:00:00
c0a35c459a11bc0953c481dd80ec5fd0,18119136ff272ab6dc871c575f7767b3,delivered,2018-06-06 16:08:17,2018-06-06 16:34:20,2018-06-07 14:09:00,2018-06-18 19:06:39,2018-07-16 00:00:00
6146a7dc414dd1510ac54aa29c2311ed,39f4205ae1789fd59b6ce79e2cd7c381,delivered,2017-02-12 14:23:31,2017-02-14 03:45:29,2017-02-15 08:10:26,2017-02-20 14:03:17,2017-03-15 00:00:00
c09ebf7e4d207da975475dcd0db417ba,8157642468eca9d6ee5563b2a55d7b86,delivered,2018-07-31 23:54:20,2018-08-01 00:05:07,2018-08-01 14:34:00,2018-08-06 22:18:45,2018-08-17 00:00:00
4224f44695338cfa528e9a57d8cbd1e5,d3df02177d82cf2102f7448e9764dee6,processing,2017-05-19 20:21:43,2017-05-19 20:35:11,,,2017-06-16 00:00:00
73465e1b285d2f5f6067c118ff99d204,0b3c2ca66f7847699dba330aeaa70690,delivered,2018-07-28 19:09:28,2018-07-30 18:30:53,2018-07-31 12:35:00,2018-08-03 14:12:17,2018-08-31 00:00:00
3744be9febaa00625c2791f629fb2ec8,4156a0b6e677d6afcaae3cc161af97d6,delivered,2018-04-30 14:15:09,2018-04-30 14:32:32,2018-05-02 12:20:00,2018-05-11 20:42:30,2018-05-24 00:00:00
2a75078fcff2e372b9fbfbed5d5bf5cf,892b8e159d71ad220188940a2d5e0837,delivered,2018-03-31 15:12:01,2018-03-31 15:27:08,2018-04-04 00:32:48,2018-04-12 20:03:35,2018-05-03 00:00:00
8b594e0da0cf5b0a013998575d95b541,2ad0971624d1694b871bf8e7492f8407,delivered,2017-10-02 20:19:39,2017-10-02 20:35:31,2017-10-20 13:00:07,2017-10-30 23:36:39,2017-11-21 00:00:00
35761fa89b5d047af6632b23b0cecf01,018445b488e6156c2fbdf926808d7228,delivered,2017-03-22 10:01:56,2017-03-22 10:01:56,2017-03-22 15:05:26,2017-03-24 16:14:06,2017-04-10 00:00:00
8866ae65c875985acc6fd5772fa8e4a9,79d8872425bf0cea7e133d08e0e45f1a,delivered,2017-11-26 14:29:44,2017-11-28 03:33:17,2017-12-04 15:49:03,2017-12-12 15:42:23,2017-12-11 00:00:00
f75666bf6c9e09f6b3f4bcd797b57a3c,d1aae36e328d1f069a025fcc997aaf69,delivered,2018-06-06 16:41:39,2018-06-06 16:55:50,2018-06-07 13:11:00,2018-06-15 21:07:09,2018-07-20 00:00:00
c224a880841d56f37bdae6fe71fb8540,97a2b94eabebd1d79f9ba6ace3ae5757,delivered,2017-03-05 21:23:38,2017-03-05 21:35:10,2017-03-06 13:42:33,2017-03-18 10:57:44,2017-03-27 00:00:00
67228f8fd24ee1eaa3f42b406c2339e7,e5cf79e41c1963a080d04d23a5ee851d,delivered,2017-11-24 14:08:46,2017-11-24 16:15:04,2017-11-27 18:44:38,2017-12-28 17:36:59,2017-12-18 00:00:00
dead55bea70de58a7eee62d912bce5f3,4fec47453d7416adccd7f7e8f8649614,delivered,2017-12-02 14:25:57,2017-12-02 14:37:31,2017-12-07 12:38:05,2017-12-19 21:28:27,2017-12-29 00:00:00
2fb621412f0b757f03ffbb0c47400917,13b36e4dea15139813987e88cf7ed34d,delivered,2017-04-22 12:10:56,2017-04-22 12:25:22,2017-04-24 08:46:39,2017-05-28 06:29:36,2017-05-15 00:00:00
11cc652169638a4d794c1d0d040ae120,ff382fb3dded5459b186d410201406a4,delivered,2017-10-24 21:36:39,2017-10-24 21:50:03,2017-10-26 20:52:50,2017-11-07 18:24:55,2017-11-14 00:00:00
04ad8c8d81d4c6b6936947bfe41c20fd,2922663a56169a375f080ff7454266cd,delivered,2018-02-25 19:00:40,2018-02-26 09:49:50,2018-02-27 15:49:06,2018-03-19 22:58:27,2018-03-22 00:00:00
a0181d5b2ec99d4706d0da0f42a9ee36,83f81df574cda5fec2157f4c3d112b3e,delivered,2017-06-12 14:00:06,2017-06-12 14:10:18,2017-06-27 09:00:22,2017-07-11 16:51:44,2017-07-19 00:00:00
7d10fbd6419baac0e13a8e73d3c69e38,89a38ddd09f8096134f7d22fd190fa69,delivered,2018-05-08 17:11:22,2018-05-08 17:35:07,2018-05-18 15:11:00,2018-06-01 18:42:50,2018-05-25 00:00:00
108901afd62abfc81344668ddc554620,ed6d4349ab056f4369bb1441779b6a50,delivered,2018-08-24 19:23:00,2018-08-24 19:30:17,2018-08-27 15:31:00,2018-08-30 22:42:26,2018-08-30 00:00:00
eabcc26c288f8e0b366520f24014f8b0,b46f53945d890c2f7ab73763bb6fca0f,delivered,2017-05-29 15:42:48,2017-05-29 15:55:23,2017-05-30 08:34:03,2017-06-01 14:47:58,2017-06-19 00:00:00
fe4d047054ccd209fd41ae16f2f8313b,59c7cd4620d300ef5161fa43d8a02937,delivered,2018-03-16 13:19:41,2018-03-17 02:55:29,2018-03-21 01:58:24,2018-04-16 21:37:53,2018-04-10 00:00:00
47241d51bf3749ec7ad04962507ac2df,2fed51d62875e0db40423d1324c155e8,delivered,2018-08-03 08:50:46,2018-08-03 09:04:06,2018-08-03 15:46:00,2018-08-04 12:32:48,2018-08-10 00:00:00
1aaa23146b41cdd25da482e0b2dd0534,e6022a26468e5fde67d534ec06417962,delivered,2018-03-04 20:02:27,2018-03-04 20:29:07,2018-03-06 03:03:44,2018-03-15 00:52:17,2018-03-22 00:00:00
a7013426d43f0cb36c5dbe09b84c9f96,5c1394c134bf11d4139e06134c0515ef,delivered,2017-03-13 21:45:11,2017-03-13 21:45:11,2017-03-16 14:36:40,2017-03-21 17:04:20,2017-04-13 00:00:00
10c33cc597b4da1ef94687ebb8b1e9a7,f85d25e4b97543e9b27adebf61aa8b52,delivered,2018-02-28 11:20:35,2018-02-28 12:09:55,2018-03-02 00:42:36,2018-03-13 19:50:32,2018-03-23 00:00:00
852feac7b3370fb864da154ab60e785c,7dfaaa3fc438c8f928a2f5827f97aa58,delivered,2018-04-12 16:01:15,2018-04-12 16:10:19,2018-04-16 22:22:33,2018-04-23 20:51:58,2018-05-18 00:00:00
1bafdeda7fddba2882f1fd3279fab46e,273283a29dfdc13c797ffa2b9c8ea164,delivered,2018-07-27 16:32:41,2018-07-27 16:45:10,2018-07-31 10:10:00,2018-08-02 19:12:04,2018-08-16 00:00:00
50efee8af80ee7bee6e41e0e70d58c6c,8147ce6aef8acda5d59a2af3c5ea1fca,delivered,2017-11-26 19:11:20,2017-11-26 19:19:22,2017-11-30 19:15:05,2017-12-06 20:58:59,2017-12-20 00:00:00
530d6b82444d29e791d959a7c3ce4559,f11542d6ec6877fdcb89dd32e17f71d9,delivered,2018-01-29 15:03:43,2018-01-29 15:18:48,2018-02-02 01:58:59,2018-02-15 17:54:09,2018-02-26 00:00:00
549a57fb0fe960c37b957ad69afeeba1,6675a20f961c46c11c1ac4cfa5facc41,delivered,2018-03-15 14:25:44,2018-03-15 14:49:29,2018-03-16 00:51:47,2018-04-13 19:27:38,2018-04-11 00:00:00
5129ce1dcd24682fdfe1ae2561abba2d,b719887f1d49aaa4687be33d3929129c,delivered,2018-05-06 21:32:02,2018-05-08 19:35:09,2018-05-09 11:43:00,2018-05-14 20:12:35,2018-06-05 00:00:00
a115b098eac626c6386372cbe094acd9,410eacc7fcce2c659f86ff1ebfbff68c,delivered,2017-10-14 18:50:34,2017-10-14 19:08:22,2017-10-18 19:22:25,2017-10-24 18:02:26,2017-11-01 00:00:00
7a30c15d4766a1dcd8e9cb869cdb328e,628c8188fe28ce092be622bf1361acb7,delivered,2017-02-01 08:45:22,2017-02-01 08:55:18,2017-02-03 15:13:15,2017-02-15 19:37:37,2017-03-20 00:00:00
7fc039785030ccbe08aab72a58254c42,8ddd164648c824d7250540119f73b9f9,delivered,2017-04-19 22:33:32,2017-04-20 02:45:16,2017-04-20 15:47:35,2017-05-09 20:10:04,2017-05-10 00:00:00
4d4633c8be12f377396f2f0a4e22df8b,f53cc300a641fb6dc726846bed631067,processing,2017-06-02 12:26:17,2017-06-03 02:25:26,,,2017-07-11 00:00:00
a601a8f0f146d6c5689c436aaabfdbb4,4065220eed89fd8ea2f1ba0f8986e445,delivered,2017-04-18 16:09:35,2017-04-18 16:22:04,2017-04-19 15:18:16,2017-05-07 11:52:32,2017-05-15 00:00:00
c5b4603b059b6c316075753ec32b269b,5d25688a3db6f9e598d2618320726a9e,delivered,2018-02-06 10:54:09,2018-02-06 11:15:42,2018-02-06 22:17:41,2018-02-10 14:58:40,2018-03-09 00:00:00
fe92d7d46cd8f245f327d70c50e9c187,649417bfde31b8ccba22d8faf19f15a3,delivered,2018-01-28 21:18:38,2018-01-28 21:31:56,2018-01-31 00:04:01,2018-02-01 22:51:20,2018-02-14 00:00:00
65e8a3499d76b34e02abd0219ac14c4b,81838c1229ff59900c350dfe32061da0,delivered,2017-04-30 21:04:52,2017-04-30 21:22:26,2017-05-03 12:37:47,2017-05-10 13:55:51,2017-05-25 00:00:00
a9672550d5c4ea55c2d7979c314ecb08,27e5cdb720c2a01a7a595dc0e29f6b4d,delivered,2017-11-25 14:58:29,2017-11-25 15:11:00,2017-12-01 19:48:30,2017-12-18 19:07:09,2017-12-20 00:00:00
8d60c8a11e4eefd1b431f3c126e0b3c4,3e3ccfeb474d77e0c85a7c2cd541dc1e,delivered,2017-07-31 00:53:44,2017-07-31 01:05:10,2017-08-01 16:50:04,2017-08-03 21:04:20,2017-08-11 00:00:00
baa7ca9c78b858b0b7ce66a7f5774d66,10fb7ec3adaeebffa164e74fbb79e210,delivered,2018-02-22 08:55:59,2018-02-22 09:10:23,2018-02-22 20:25:30,2018-02-28 20:09:56,2018-03-14 00:00:00
11200294ab90161f54f7effdea8d9466,389dfb5774ff4738514d05e7165f172e,delivered,2017-09-20 12:26:50,2017-09-20 12:37:58,2017-09-20 19:08:15,2017-09-25 14:13:38,2017-10-17 00:00:00
a63677aa9aeae51c42728b18555df877,c99b0d13ba87e0a2a17cd0a907cab66c,delivered,2017-08-08 22:59:59,2017-08-08 23:15:14,2017-08-10 13:27:41,2017-08-18 17:28:31,2017-08-31 00:00:00
56173a7cc04c8e7350ec2fc647c912cf,d3c58deab42f2cd260f84d6f6a3d7769,delivered,2018-04-02 17:57:34,2018-04-04 03:10:30,2018-04-04 17:58:44,2018-04-06 17:45:34,2018-04-12 00:00:00
059511087f2394ebd55a674537a7c2cc,c5c273dc7587ce40423e6c791c339e79,delivered,2018-02-14 11:42:55,2018-02-16 07:50:29,2018-02-21 18:29:16,2018-03-28 19:38:43,2018-03-12 00:00:00
12e3ba822961de771f16352fe1c11ef7,102e94eaf801d934fefd9861fd6e1ede,delivered,2018-07-11 17:58:51,2018-07-12 15:25:36,2018-07-13 15:18:00,2018-07-16 15:37:35,2018-07-19 00:00:00
a7a401ab772a43f6b5467c96c0d8466f,0faed0807a45b9b4a58b0a9550f281da,delivered,2017-06-15 11:06:14,2017-06-15 11:15:18,2017-06-17 09:03:54,2017-06-22 15:46:12,2017-07-17 00:00:00
82459b5637153cf097d689a943d750ce,8699622eba7793932f43f365601cda2e,delivered,2018-02-23 10:37:40,2018-02-27 05:30:56,2018-02-27 19:57:01,2018-03-07 00:06:36,2018-03-16 00:00:00
9d1f77072af56fc8c0390f8e6f055a9b,abd590638fceea05312db82e077760f7,delivered,2018-01-10 03:07:47,2018-01-11 02:35:48,2018-01-15 14:52:38,2018-01-19 15:13:17,2018-01-31 00:00:00
416481e8a5f360245c85849645837e6b,91c613027d3cd07c35a73748df503df4,delivered,2018-03-22 21:50:13,2018-03-22 22:07:55,2018-03-23 20:04:19,2018-04-09 21:20:47,2018-04-26 00:00:00
9c32ac1b13a37b06f03369ce3e4bad5d,77a3f425bfe0e078f75c7ae410d5207b,delivered,2018-06-23 12:01:56,2018-06-26 07:13:01,2018-06-26 11:49:00,2018-06-28 15:51:58,2018-07-05 00:00:00
449654c058a6cc5502474ed6694b181a,795a8cf14d716bc5aeae503986bd401d,delivered,2017-09-01 12:18:38,2017-09-01 12:30:16,2017-09-01 18:24:28,2017-10-02 21:09:27,2017-09-29 00:00:00
be6415dd0ae6bbbbd1a4186e22ead10c,2de2bcf503940c1f1a9ebfc58f40c543,delivered,2018-06-16 17:59:21,2018-06-16 18:21:02,2018-06-18 15:53:00,2018-06-28 18:14:32,2018-07-05 00:00:00
7e257955fd806152344c4d9a66ac631d,ae4ae7d2047b22e3943ca6a96e1012bc,delivered,2018-01-16 12:57:18,2018-01-17 03:35:40,2018-01-17 17:07:05,2018-02-19 22:17:38,2018-02-16 00:00:00
85d957400258b718b1fcaa00249b3041,fa3b91e723f25db883d9d36aba9a580e,delivered,2018-02-04 17:11:15,2018-02-04 17:29:37,2018-02-07 20:38:25,2018-02-08 18:48:44,2018-02-21 00:00:00
3b81059fdf845de042cb9d6fc78765e7,c351aaba4a76713be694a6f8696eabdb,delivered,2018-06-06 09:52:23,2018-06-06 10:15:18,2018-06-07 12:26:00,2018-06-18 16:08:46,2018-07-19 00:00:00
bab35d4bee5e00cef20aed6a2cb89dd4,8fbb909a9ba45685555683ea0138d2ee,delivered,2017-07-05 09:08:28,2017-07-05 17:40:45,2017-07-07 17:11:18,2017-07-07 20:12:29,2017-07-27 00:00:00
cdd88fe2cf9ac965891c9fc6b17c9c9c,e5117c3807c2abb93db1519087c179ea,delivered,2018-02-27 21:36:55,2018-02-27 21:48:36,2018-03-01 19:12:47,2018-03-21 18:26:43,2018-03-22 00:00:00
76e6542b3b2d6035b0f3948b43f0b9a2,dd00eabc317d5ac9f5d989df09a03fae,delivered,2018-03-13 21:45:52,2018-03-13 23:00:27,2018-03-14 16:56:31,2018-03-16 01:28:56,2018-03-23 00:00:00
2a00d2a2be8e1f2b07fcfd5e89a66062,ec450a7573a0df5adbc28a426851b975,delivered,2018-05-16 08:53:36,2018-05-18 04:35:56,2018-05-18 14:20:00,2018-05-30 16:28:46,2018-05-29 00:00:00
b28f617a18326c00271c43c29364b00a,a8a5317d28f26fcb8a7ff631c76258a3,delivered,2017-03-16 19:20:56,2017-03-16 19:20:56,2017-03-24 13:38:41,2017-04-05 13:03:56,2017-05-02 00:00:00
da9783c64e76b5e0b7352ac97f31e423,f616e57c95fb82067f537e274789919b,delivered,2018-08-08 13:36:27,2018-08-10 03:24:50,2018-08-10 15:44:00,2018-08-15 19:36:40,2018-08-20 00:00:00
bba6242d559915fd85087bbba09bf253,6daea2588276f42c6fe7995bcf5c3f5d,delivered,2017-08-13 11:10:47,2017-08-13 11:25:44,2017-08-14 23:08:06,2017-08-18 18:35:58,2017-09-05 00:00:00
7ec273502855ec6b503c931eda7b3875,50c6ee98bd317f60e4680b99ec3e0068,shipped,2017-09-23 14:25:29,2017-09-23 14:35:08,2017-09-28 21:20:06,,2017-10-19 00:00:00
95f3615ae63fefb578bbcb55f66fba96,51c6d78b0966e3ea78adb5f8c7be6c5a,delivered,2018-07-20 11:39:02,2018-07-20 11:50:11,2018-07-20 14:41:00,2018-07-28 01:28:34,2018-08-16 00:00:00
99a4238f13a11d486a5eabe5c8b1a1ab,3887e889fec8574f573081115ab2ddf8,delivered,2017-01-23 20:45:59,2017-01-23 20:55:20,2017-01-24 12:19:01,2017-01-31 15:55:11,2017-03-06 00:00:00
ee8fe7742870d2710e734ee5b1280299,799d71e04d62e19195822c0157bfe5a6,delivered,2018-04-24 16:56:36,2018-04-24 19:09:22,2018-04-25 15:42:00,2018-05-05 12:48:30,2018-05-17 00:00:00
145b20b69dc0b70579d0754a3d26b6af,f6894d747d521f8fb8ca78f54d8327fa,delivered,2017-06-15 19:13:25,2017-06-17 03:25:02,2017-06-20 14:57:17,2017-07-10 11:46:40,2017-07-10 00:00:00
969d261a3f4c639b3acdc0ba090fc039,5dcef2fba7e67510cfd99ea3851b58fb,delivered,2017-12-06 10:34:17,2017-12-08 10:33:32,2017-12-22 18:44:53,2018-01-08 18:14:00,2018-01-23 00:00:00
a67bbe8654df3531b7c870495843dfb4,c3a3a2272d4a506284d12747fef057c7,delivered,2017-07-12 16:19:28,2017-07-13 15:30:25,2017-07-14 19:24:50,2017-07-28 16:14:29,2017-08-03 00:00:00
d71eba34205e5f3291c2360f8c64f5f8,67fbf3bfb27abed847924106a7458acc,delivered,2017-03-28 19:29:58,2017-03-28 19:45:09,2017-03-29 11:43:54,2017-04-04 16:19:59,2017-04-24 00:00:00
afb67c04593c89865f383745e2993cef,9b9ea842cb5ba1b1053470deb4bd218d,delivered,2017-12-10 20:04:46,2017-12-10 20:14:30,2017-12-11 21:57:07,2017-12-20 14:38:43,2018-01-04 00:00:00
1db209fdc128d35605e562a70180dd32,7252087afadee8ebf31ac2706da68084,delivered,2018-07-31 14:45:26,2018-07-31 15:44:23,2018-08-03 10:15:00,2018-08-08 20:30:45,2018-08-17 00:00:00
51ea7d0bdf670aca325bb99bb45c1500,80b5391bb47785a477daf13c1f0641d6,delivered,2017-08-02 15:41:14,2017-08-03 13:35:37,2017-08-14 21:07:51,2017-08-31 15:52:13,2017-08-21 00:00:00
92f97273c78223051feb42da04c49cbe,9d57dfa1766130e4c5f63c2330539667,delivered,2018-01-05 11:19:42,2018-01-05 11:28:26,2018-01-05 20:14:16,2018-01-10 16:09:14,2018-02-07 00:00:00
42e9b8d9802096afe88a27ff32fb838a,271141b9ce12ac7e646925b1e1bfd4c8,delivered,2018-05-03 18:46:17,2018-05-03 19:10:39,2018-05-04 11:51:00,2018-05-07 20:47:06,2018-05-18 00:00:00
0544030711e50ec2cb6c15764d22891a,9eb585e566edc8b94a17ac5d6076d136,delivered,2018-04-12 17:36:07,2018-04-14 02:30:43,2018-04-17 00:16:46,2018-04-30 21:42:45,2018-05-02 00:00:00
e1e39308201436c191f69c423662c648,9e7edf19ba7bff9520a8f9e61ddaa38e,delivered,2018-06-13 19:37:55,2018-06-13 19:59:38,2018-06-14 13:44:00,2018-06-20 17:13:01,2018-07-12 00:00:00
3041108a3798c0b8ce8a9bb8efaaebd5,875bf6eb697869ad0d2cfb512e331347,delivered,2018-05-28 16:45:51,2018-05-28 16:55:46,2018-05-29 14:12:00,2018-06-02 15:28:41,2018-06-13 00:00:00
b4dda7b3d122dce657b84478b58668e9,b1afa4fa737f86782c8fe65ed824c69a,delivered,2018-03-17 16:33:16,2018-03-17 16:49:33,2018-03-20 22:38:47,2018-04-11 22:01:36,2018-04-05 00:00:00
7dc5090ee5054f96dc0a04294a7cd3a0,e837cceef191c43656713549271b64f8,delivered,2018-05-31 19:59:49,2018-05-31 20:10:14,2018-06-01 13:51:00,2018-06-12 13:32:05,2018-07-17 00:00:00
f3a90b689fbd9cfa13d56d57dba508f2,4b2d705397245b9b0542eb3f31034dae,delivered,2018-01-07 20:51:09,2018-01-07 21:07:51,2018-01-10 20:36:13,2018-01-17 00:43:32,2018-02-05 00:00:00
730c3e860f9093d6f58e4e08e3f9175d,a0dffc3bf579e805942c0ea91ec402cc,delivered,2018-05-14 17:26:10,2018-05-14 17:35:22,2018-05-16 08:14:00,2018-05-18 17:51:38,2018-05-29 00:00:00
9761d4d539165b2fedae19fe7d0f8cc8,85ba38b45737f1883ef0d242a0274b17,delivered,2018-01-07 20:48:49,2018-01-07 20:56:20,2018-01-08 19:25:15,2018-01-16 14:38:46,2018-02-05 00:00:00
18c14405d85b9ee6e478d71514276be4,ec37a7901c9065e7e37c21cc3b983195,delivered,2018-02-01 07:47:35,2018-02-01 08:10:32,2018-02-02 17:12:32,2018-02-08 19:15:00,2018-02-23 00:00:00
f59c32918a7251cf643f2ced55337569,2dcdbc3e17977ce359451db205757e9f,delivered,2017-12-14 12:38:04,2017-12-16 02:35:28,2018-01-09 15:22:50,2018-01-24 15:59:03,2018-01-19 00:00:00
459bd994d763c947704bdade13eab6f9,4a7c4ff854f50db8989ce522597bf6aa,delivered,2018-04-06 17:25:36,2018-04-10 03:55:31,2018-04-12 16:51:44,2018-04-13 16:48:43,2018-04-18 00:00:00
e1846d3c84aff4227b6955ee288df284,32e996fb9133ec148b1feb82188415b8,delivered,2017-03-16 10:22:52,2017-03-16 10:22:52,2017-03-23 16:21:00,2017-04-05 17:16:36,2017-04-10 00:00:00
f491c8a7d687daaf24c15726af6477b7,f694b9863f4fb1282edf4758847ca86f,delivered,2017-09-05 14:30:22,2017-09-05 14:43:54,2017-09-05 21:22:32,2017-09-06 19:54:58,2017-09-18 00:00:00
16b812958d1a00bb75c3256b05b5a632,eb33bee09a3f5351b344d6c73cd74c52,canceled,2017-11-21 18:20:28,2017-11-21 18:28:23,,,2017-12-01 00:00:00
9af102143a095d583da618988ffd3557,02181664d4e1d58da55ec4e8e1185eda,delivered,2018-06-09 20:12:15,2018-06-09 20:31:17,2018-06-11 10:38:00,2018-06-15 14:33:31,2018-07-12 00:00:00
dd0bea5264dc96c52500ff22a23655e8,387db65606f00fad77963367a9d52c1c,delivered,2018-03-08 22:02:41,2018-03-09 00:43:51,2018-03-09 19:38:47,2018-04-07 00:08:33,2018-04-04 00:00:00
ceb7c08202398e1199531a274b1e9922,72556734b42bbe174271149ac8ce85e6,delivered,2017-10-02 17:32:29,2017-10-02 17:49:13,2017-10-05 21:09:47,2017-10-11 19:46:35,2017-10-30 00:00:00
6de62f929c2967a3932bbfe43a85b0fb,8fb1b586f6b3bfa71bb81ecd969389d2,delivered,2018-08-24 14:48:28,2018-08-24 15:04:40,2018-08-27 14:39:00,2018-08-28 22:38:36,2018-08-30 00:00:00
75f227ab43795be91bd8357ab627bab7,2e340eef5abc1db3fa25f9c177b12112,delivered,2017-11-24 22:04:54,2017-11-25 01:31:38,2017-12-01 00:18:02,2017-12-04 22:38:51,2017-12-08 00:00:00
d6e799956c4b0814dc3e01f0a72108f2,3bab86bebe210d7ed17264e0ef1c6ad6,delivered,2017-11-24 13:06:26,2017-11-24 15:14:41,2017-11-27 22:28:49,2017-12-13 21:48:33,2017-12-21 00:00:00
91d1bf2b7745903cb0d17162d1bbd750,064064dd94c43013786fc1e1a14d6374,delivered,2017-01-21 21:58:35,2017-01-21 22:10:13,2017-01-23 14:48:48,2017-02-01 21:57:36,2017-03-06 00:00:00
3457d1d203987e3898c4516a101b5d36,31daf8e66598a2f00cb17b58889f9eff,delivered,2017-07-31 16:38:55,2017-07-31 16:50:16,2017-08-02 06:56:37,2017-08-22 16:32:46,2017-08-16 00:00:00
d53c5f1bf34ccafbdf3606104e7c1c8b,e747a1f3f5d2a25522b4d67db7cc6a13,delivered,2018-01-21 16:06:23,2018-01-22 13:53:13,2018-01-25 19:59:09,2018-01-30 20:15:13,2018-02-23 00:00:00
26468ef199f961b657bd9411810b80ea,0d3bc44d03120f413b33f62f0037d1b5,delivered,2018-07-25 14:02:22,2018-07-25 14:15:18,2018-07-26 07:27:00,2018-07-30 23:03:54,2018-08-17 00:00:00
b94d24bf7142d13c25cfeb9804843d6f,323df320706fa4a1169889c343831762,delivered,2018-02-20 16:15:57,2018-02-22 02:08:52,2018-02-28 02:47:34,2018-03-05 20:33:18,2018-03-12 00:00:00
64c1c186ea1673374b460f9bbfbb079f,6ea7b70c8bf8bc5d2d162d5b8eb8b2eb,delivered,2018-06-26 15:03:09,2018-06-26 15:16:22,2018-06-26 15:59:00,2018-06-29 20:51:53,2018-07-23 00:00:00
1a5d26539a8b09797d607fea0d449412,f2f77a190f7182c1532c83cd0c32f6b6,delivered,2018-07-02 19:54:04,2018-07-02 20:10:18,2018-07-03 15:14:00,2018-07-04 15:05:49,2018-07-16 00:00:00
c1649e916cf1080b2c01bbb3f6078999,2d18f5f3edaf5917470725c0df115eb5,delivered,2018-02-07 13:23:00,2018-02-07 13:30:42,2018-02-08 22:47:38,2018-02-20 21:20:03,2018-03-05 00:00:00
01643942766bdec224d5593041f714e6,35b6010ad8b185e27365ae8366cbb76d,delivered,2017-08-05 00:17:35,2017-08-05 00:30:20,2017-08-08 21:57:41,2017-08-22 19:04:14,2017-08-31 00:00:00
15764eae87fb040c4ce2bf75f6670a77,ee2d4819ce761bd16ca6692f879caf14,delivered,2017-09-28 21:20:56,2017-09-28 21:28:23,2017-10-04 10:48:50,2017-10-10 17:33:21,2017-10-23 00:00:00
6113734f28c4dd1490de62945a9adf43,9c8f4989367caf5cc9fc08254f3ef547,delivered,2017-11-29 22:59:41,2017-11-29 23:17:58,2017-12-15 01:33:19,2017-12-28 19:39:05,2018-01-15 00:00:00
d631ccd9440f35c118e56f598ebb0261,24e440e12a72cd7915b6353c325e9305,delivered,2018-03-08 18:54:17,2018-03-08 19:10:27,2018-03-09 19:06:24,2018-03-24 16:44:34,2018-03-28 00:00:00
44a95b47b4bdb74a2bb1b947e9070e2a,ee3b4b2a37bfecd113a6095902de1b0e,delivered,2017-08-03 07:27:17,2017-08-03 07:35:14,2017-08-03 20:43:41,2017-08-08 18:53:01,2017-08-28 00:00:00
8d8ab471d725805f57571b24aaf78b8f,7fda493f747b5ced48e6f6851c22b21e,delivered,2017-04-27 17:36:40,2017-04-27 17:45:23,2017-04-28 09:14:14,2017-05-12 12:47:50,2017-06-06 00:00:00
39957e768826f84b5506dc5b3ca8f655,5537c8febb893720bae2562e355075bf,delivered,2018-01-17 14:17:42,2018-01-17 14:30:00,2018-01-18 23:22:39,2018-01-29 17:34:15,2018-02-15 00:00:00
371c8cf0e8b96be301f7c2648b9846e3,89ff417fc7831dcf69332bb5945e5a83,delivered,2017-03-13 17:11:30,2017-03-13 17:11:30,2017-03-14 10:51:07,2017-03-20 08:53:50,2017-04-03 00:00:00
2ec431d5717503cb73217f7f1e748781,02f5bb96a7c684c31294d541b6723828,delivered,2018-01-18 20:37:48,2018-01-18 20:53:44,2018-01-19 16:54:27,2018-01-30 20:08:51,2018-02-15 00:00:00
67976860fdf683e7bdb13c4f907a982e,750bda3d846652e304dfc5f3914dd8b3,delivered,2018-04-04 13:42:30,2018-04-04 13:55:09,2018-04-05 17:46:43,2018-04-09 15:19:32,2018-04-25 00:00:00
2706b6af8a8845d261e9f79645138452,cce2973176e8b8a2ee3379279bcab6fd,delivered,2017-07-12 12:17:25,2017-07-14 02:15:31,2017-07-14 18:18:35,2017-07-25 10:05:40,2017-08-15 00:00:00
6c0447fe1bac68a50c405d809f5f625e,e4d1452e6713caacf00e87872658b882,delivered,2018-08-14 09:52:56,2018-08-14 10:10:19,2018-08-14 17:10:00,2018-08-18 19:56:26,2018-08-27 00:00:00
1cd147d1c0fe18f3b742a353396c44a7,b28dc057a0489d3bacc53eab4fa4d2bb,delivered,2018-08-20 17:04:34,2018-08-20 17:29:29,2018-08-21 15:33:00,2018-08-29 16:41:59,2018-10-04 00:00:00
4e0b292febe7dba9150bd618a5e49149,4d570d0d24e599a73d2335c82aa2a5c0,delivered,2017-12-12 16:24:21,2017-12-12 16:35:44,2017-12-13 19:03:07,2018-01-05 14:03:43,2018-01-08 00:00:00
75674608f3fd582a5d47385912f8aaf2,98999b0297379e3d3546368b6b8910fc,delivered,2018-03-10 22:53:51,2018-03-10 23:08:07,2018-03-12 13:48:37,2018-03-21 16:38:55,2018-04-27 00:00:00
e298159aa5f22e9d556add24a66be952,a20f368d4aa1abfd95ddf1619a7ad1e4,delivered,2018-01-26 14:36:23,2018-01-26 14:59:01,2018-01-29 15:27:33,2018-02-01 03:03:48,2018-02-19 00:00:00
1bb197bb1c2e1350cb9937b1356ad184,abd2006bcbd417ea5d1d6356d76bc39d,delivered,2017-11-16 13:13:59,2017-11-16 13:31:03,2017-11-17 21:52:12,2017-11-25 16:27:13,2017-12-06 00:00:00
7ab41e111c9259cb0c56f80621a6ebf3,b9e243ad4599340ba74a7a68aa23a300,delivered,2017-07-15 19:10:59,2017-07-15 19:25:16,2017-07-17 19:12:07,2017-07-20 22:29:26,2017-08-08 00:00:00
a09e47caedbb9a7731f26449cc31e7a8,7118d48dbf62a0d8fed566607cd5914e,delivered,2017-02-26 20:07:26,2017-02-26 20:21:48,2017-03-15 07:42:12,2017-03-20 16:12:13,2017-03-28 00:00:00
0d66368d8615f7b306db970f3ba475ee,d5c4b58a55c169788888d911886912ac,delivered,2017-09-10 10:18:06,2017-09-10 10:30:28,2017-09-11 15:18:05,2017-09-12 22:39:39,2017-09-21 00:00:00
94ffe890849e36497cc049800e759c0e,aa07afb08389cfb0feeaeb2f521b9f7d,delivered,2017-06-02 20:43:42,2017-06-05 17:22:31,2017-06-06 14:21:04,2017-06-14 21:46:44,2017-06-23 00:00:00
b6fdb0554332e6bf06894ae00ce7dd1c,6b8e5cf603043b09c920fe9e34ec57b8,delivered,2017-07-04 13:05:01,2017-07-04 13:15:16,2017-07-05 15:04:07,2017-07-06 13:03:24,2017-07-17 00:00:00
68a55342d14fa00a20d909260f000545,23f9582cbdd62edff6099975c8266770,delivered,2018-01-28 11:43:26,2018-01-28 12:00:31,2018-01-31 16:21:41,2018-02-14 15:39:35,2018-02-21 00:00:00
05408ed33df5e0bbf70d578dbdca2f29,4c33cd096ac1e26aea9bcce5306684ee,delivered,2018-07-26 20:01:37,2018-07-27 16:45:16,2018-07-30 13:39:00,2018-07-31 16:18:24,2018-08-02 00:00:00
aa4f33b236ebf41f573308022ef7496b,5c26e0e4ce3f4010770fb5a3137dee77,delivered,2017-07-18 11:03:26,2017-07-18 11:15:19,2017-07-18 19:39:46,2017-08-03 22:49:31,2017-08-09 00:00:00
9839e5fe0b943a8fc98862b6e4e88b1e,955e5e01b663821b073ce24543a5c50d,delivered,2017-11-29 14:32:51,2017-11-29 14:58:19,2017-11-30 21:32:03,2017-12-12 19:07:56,2017-12-26 00:00:00
f217ef35505a16b5b577f5ba98195332,10f9523277057450c5c9fba7adfde3ec,delivered,2017-08-31 12:48:53,2017-08-31 13:04:26,2017-09-01 19:30:08,2017-09-21 18:04:03,2017-10-02 00:00:00
a522b7580df244e07961a4c4975f9824,9a775cf29c23851d803a901003b591f7,delivered,2018-08-12 16:26:59,2018-08-12 16:35:19,2018-08-13 16:04:00,2018-08-22 04:46:44,2018-09-10 00:00:00
8d09be7463c1efeee8b602d1f0d3bf50,e06e23fa2dcc206f900b4935976b6e9d,delivered,2017-07-29 11:35:44,2017-07-31 10:05:46,2017-08-04 16:22:21,2017-08-11 20:03:48,2017-08-28 00:00:00
43b0f3918e48dcebe9582038c9d4d466,d28b15d0ca6eb62f7a41a4ea928349f1,delivered,2017-10-22 14:36:12,2017-10-22 14:49:41,2017-10-23 18:33:31,2017-11-06 15:33:02,2017-11-14 00:00:00
1344126e856cc81fd0a3ac3bf95168ef,963366b61f65e7468506fec284494bf1,delivered,2018-02-26 16:09:56,2018-02-28 09:56:03,2018-03-02 19:36:57,2018-03-24 12:26:52,2018-03-22 00:00:00
88a82da4cb2eb4723c9965285fe826c9,cca5d26d25eee25b59a3f801a6fe855e,delivered,2018-08-10 13:37:19,2018-08-10 13:50:19,2018-08-14 13:16:00,2018-08-20 16:46:59,2018-08-27 00:00:00
b197c69f9dfbfc27ce0254caf81ea16c,16c38e4b6dac7b5e16a19abe1e10a009,delivered,2017-07-12 20:43:16,2017-07-14 02:26:03,2017-07-14 16:55:02,2017-07-26 22:24:56,2017-08-15 00:00:00
f098ba607d20654e7e6edc6be7c742d5,31038e2eab5d5bf9c42e0f56d7251b81,delivered,2017-04-12 19:29:56,2017-04-14 02:45:29,2017-04-17 07:48:18,2017-05-09 11:43:00,2017-05-11 00:00:00
3273805a17a78c15811a6feb489662fd,5902a1f2ea205de385670535ffd5e0a6,delivered,2017-03-07 16:07:57,2017-03-08 16:15:20,2017-03-10 16:21:44,2017-03-16 17:34:47,2017-04-04 00:00:00
65f9be44b39d121b9f03120ae4ceef73,b83aa8732c6dcaf653e111d52ebc91f1,shipped,2018-01-04 16:21:45,2018-01-06 02:08:27,2018-01-10 19:41:33,,2018-01-31 00:00:00
7d1368ef7cac9199c5f7372a8e356651,789eeb5078bd3aab288abc06b986fb11,delivered,2017-04-05 15:34:11,2017-04-05 15:45:18,2017-04-07 14:06:11,2017-05-22 15:37:56,2017-04-28 00:00:00
d522bee95569dfe88b8bdcf435db31ab,0f7fa9801629cabf77e67ff1713ffc0f,delivered,2018-02-23 15:28:47,2018-02-23 15:54:21,2018-03-01 18:46:57,2018-03-14 23:51:40,2018-03-21 00:00:00
6c6d1b045ed162d4a8fcee338027f79d,3fbd3e4c9da144d5d3c5a72a5b18cfcd,delivered,2018-04-11 11:42:27,2018-04-13 12:49:56,2018-04-19 22:46:42,2018-04-20 23:11:54,2018-05-02 00:00:00
1079ee0942568d7c4778bad8d4192e0e,88b70dbcdfd14e8ddbff6db130096c3f,delivered,2017-06-05 22:02:18,2017-06-05 22:10:21,2017-06-07 16:16:35,2017-06-14 13:39:01,2017-06-26 00:00:00
50d4841b3862d054baa9c3542debc835,f73ba2f6504b138cbbdbdb94ca2d28b2,delivered,2018-03-20 21:10:37,2018-03-22 02:55:32,2018-03-26 21:08:40,2018-04-05 22:03:24,2018-04-17 00:00:00
a7e472861dff35474ad24bb91b562095,401dfc928a236545996d042beb1bff83,delivered,2018-04-27 08:44:30,2018-04-28 02:51:32,2018-04-30 14:23:00,2018-05-07 19:12:24,2018-05-28 00:00:00
de7038d8608ce7f028fe6a2ccd44c8ce,e8c1b946bba51e3d1a360289a89c9913,delivered,2018-02-03 00:55:15,2018-02-03 01:41:27,2018-02-08 20:18:26,2018-02-22 20:08:59,2018-03-08 00:00:00
f26fa27bb0f1337c570d70e32fc2e413,d8d77a2b743c3bb40884334bb157954d,delivered,2018-07-12 16:22:47,2018-07-12 16:30:18,2018-07-19 16:03:00,2018-07-24 23:40:44,2018-08-07 00:00:00
96519c210f6dfe22f8e85cad134443ae,a7970e9bcf747a903cb55978d562af76,delivered,2018-08-23 11:07:23,2018-08-23 11:30:30,2018-08-24 14:10:00,2018-08-27 18:38:50,2018-09-05 00:00:00
6b24cf0591948a0a949ee51131cb78ad,ac7c0515474bc3f9cf19474ee4d228eb,delivered,2017-08-29 17:42:10,2017-08-29 17:50:20,2017-08-31 19:36:58,2017-09-01 21:44:19,2017-09-13 00:00:00
d5027313478d5f0f54b719e6f96d095f,44b6e4637c442ca2e33a5fc2b9b7a339,delivered,2017-09-27 10:03:01,2017-09-27 10:14:22,2017-09-29 16:58:49,2017-10-03 20:43:40,2017-10-19 00:00:00
0945dadba69dad599e42c31e78450de4,be33968269bf8c51037b65cdf4edff1b,delivered,2017-08-29 15:20:56,2017-08-31 02:35:33,2017-09-01 20:07:41,2017-09-25 18:10:20,2017-10-10 00:00:00
231f6725cc4f33c7d2473e21240e34fe,75bd6ebc264758fa7ce7c528efb485b1,delivered,2018-06-29 12:51:35,2018-06-29 13:11:04,2018-07-03 13:30:00,2018-07-06 15:48:59,2018-07-16 00:00:00
099a55045696dde09f58f62e8e82a542,66358fc9282c24ef2163204d1803774a,delivered,2018-05-27 18:29:11,2018-05-27 18:55:04,2018-05-28 13:06:00,2018-06-13 14:58:49,2018-07-12 00:00:00
7fa3d4b04565f46b2457bb270e06eea6,bf6ecfa386881dfe591b4ff4b7647db0,delivered,2018-02-14 18:29:54,2018-02-16 07:50:52,2018-02-16 20:56:49,2018-03-19 15:39:01,2018-03-19 00:00:00
764d3a4ee7946fa483cc1b7c66367ee6,bb398e7f86eda7b67ee4116824be20fd,delivered,2017-11-14 20:34:19,2017-11-17 04:15:39,2017-11-17 18:09:20,2017-11-22 01:22:09,2017-12-04 00:00:00
cf5e115a19c54f0457aa4c00fb88ae63,8ef1ad0f471589d02f59c9d914b030e1,delivered,2018-06-06 11:59:53,2018-06-06 12:12:56,2018-06-06 17:28:00,2018-06-12 17:08:10,2018-07-13 00:00:00
57b4c69cb74d5d045bb362aaf7d581b3,fc123cbe955921c43c155ea23b0214a3,delivered,2017-08-15 17:20:48,2017-08-15 19:31:23,2017-08-16 21:48:41,2017-08-17 20:34:38,2017-08-28 00:00:00
dca3b709f4c0389495cb4fa1a063440c,e672223579b2241f67b57c34d7aad49d,delivered,2017-07-19 18:22:52,2017-07-19 18:35:23,2017-07-28 11:32:45,2017-08-02 19:54:55,2017-08-08 00:00:00
49bf7e68b5263b604955ac02aa4fbb9a,625c9edc2789a4f2d40a660df7d69b5c,delivered,2017-07-29 23:42:30,2017-07-30 00:43:37,2017-07-31 20:07:06,2017-08-07 21:09:04,2017-08-24 00:00:00
3bb674c130836b55a540f493a9dde774,98261b9ec4a93f00af07fb130ca45f3b,delivered,2017-02-08 15:19:13,2017-02-08 15:30:21,2017-02-10 07:11:21,2017-02-17 18:21:36,2017-03-07 00:00:00
4cfd9e02ecb9bfecf560fde716675e87,285c88af7e1c25b0894b354f52f5da1f,delivered,2018-02-20 14:01:47,2018-02-20 14:15:44,2018-02-24 02:05:04,2018-03-09 22:28:29,2018-03-21 00:00:00
7907fd0ffa8e1d3235f7d764ac286263,d50290d0ac6382f5ed302613d03548f2,delivered,2017-09-19 10:26:27,2017-09-20 02:24:25,2017-09-20 21:43:52,2017-10-04 16:41:45,2017-10-18 00:00:00
c86cd0844d36479f7e7adb1edd5e59d3,6e2e17641815b48dd565b5c6506a4891,delivered,2018-03-20 17:23:39,2018-03-22 02:50:06,2018-03-22 20:48:34,2018-03-29 23:19:49,2018-04-06 00:00:00
9c42ac16775e4ac28e09a13003f10eda,0332dcf396bf54bbc8e16e5e7c4c8d84,delivered,2017-03-22 10:40:00,2017-03-22 10:40:00,2017-03-23 12:54:37,2017-03-27 13:14:23,2017-04-26 00:00:00
bec4a00fded3bb4851983225c621183c,7d808acff2a20a9eb882b2f7a551e987,delivered,2018-04-29 13:20:52,2018-04-29 13:35:14,2018-05-03 14:03:00,2018-05-15 20:44:35,2018-05-25 00:00:00
9b31411d9c1c41009017a1c0a06ce069,090714c98b63c1520d2e5150bf6c4f5c,delivered,2017-09-09 22:45:28,2017-09-09 22:55:19,2017-09-12 16:13:54,2017-09-21 18:08:33,2017-09-29 00:00:00
ded9b5ad95de67a5c760e7941c8309c1,af53cb36eff709464404f2d00c290c41,delivered,2017-09-12 12:34:13,2017-09-13 03:25:01,2017-09-14 19:59:39,2017-09-27 16:58:08,2017-10-31 00:00:00
9d37b4cfbb7cf24c2397f41803927b9a,1dd772d0efe564f57a787c82c5fcdd87,delivered,2017-12-05 11:36:34,2017-12-05 11:57:47,2017-12-07 21:09:22,2017-12-28 16:17:18,2018-01-03 00:00:00
8a5fc33c79bf3f4d9bbcc3dceb6b67c4,b20ebfbab3478c59ce34f43e4c26feaa,delivered,2018-08-09 20:07:20,2018-08-10 15:45:36,2018-08-13 15:35:00,2018-08-18 12:36:48,2018-08-23 00:00:00
4669128c3280c4b2c99e4de410143681,8d9e0f2f8da28d693bda0da41529bbc8,delivered,2018-07-04 08:08:35,2018-07-05 16:27:27,2018-07-05 16:08:00,2018-07-13 18:08:44,2018-07-30 00:00:00
55ef70439e782ff2c553a03782800960,fe66267e4df233e7c2e72938df4dd8fd,delivered,2017-07-12 12:23:35,2017-07-13 03:03:58,2017-07-14 18:59:41,2017-07-21 18:33:16,2017-08-10 00:00:00
b1a5d5365d330d10485e0203d54ab9e8,f0ac8e5a239118859b1734e1087cbb1f,delivered,2017-05-07 20:11:26,2017-05-08 22:22:56,2017-05-19 20:16:31,2017-05-26 09:54:04,2017-06-12 00:00:00
ce30373e8d97c7fc959631b6224af95f,809bd95c2a1c148967634227e843316b,delivered,2018-06-02 21:24:44,2018-06-02 21:35:15,2018-06-04 17:19:00,2018-06-14 16:05:25,2018-07-16 00:00:00
c7ede3b9252c5a1829219f21817a846c,230000e13e6a4b51c5ffa72c79cf9dcd,delivered,2017-09-29 14:44:17,2017-09-29 14:56:13,2017-09-29 20:14:41,2017-10-07 00:09:55,2017-10-17 00:00:00
73445fb704124d3a8fd5b74bf0e65e28,719e0210593a727724e7ba5cb2fbf4e4,delivered,2018-05-03 16:24:34,2018-05-03 16:35:23,2018-05-16 09:20:00,2018-05-21 19:24:43,2018-06-04 00:00:00
2e861c28dbcf6a24d299aee0966d317b,6b823e3f6bbe648e82c15939d5659652,delivered,2017-04-05 17:01:38,2017-04-05 18:02:43,2017-04-06 14:49:38,2017-04-15 09:13:34,2017-05-05 00:00:00
32fdf0a2dd2215ae2db0580d82e792dd,638c0e3d52a0694cbb2a923981ebe974,delivered,2018-07-30 08:41:26,2018-07-30 08:50:11,2018-07-30 12:32:00,2018-08-02 16:12:05,2018-08-23 00:00:00
150d0b8f9129df81f8190e24c9254477,35f895b0df1f9b6ba0f64e1d7c0874c0,delivered,2017-05-11 10:49:52,2017-05-11 11:05:15,2017-05-15 09:45:52,2017-05-18 17:08:56,2017-06-02 00:00:00
7dba3fad5219968d9c9d8e03aa43bb35,8c83eead8d1d109caebbbe3347f82326,delivered,2018-06-26 17:08:43,2018-06-26 17:35:43,2018-06-28 12:08:00,2018-07-03 17:56:55,2018-07-20 00:00:00
5570dc7d80f99aa07875d9bf7f1db998,fc41187c9c3dace19e633b4895d6bff0,delivered,2018-04-28 22:28:57,2018-04-28 22:53:11,2018-05-02 12:26:00,2018-05-10 16:48:27,2018-06-04 00:00:00
2c12150c742ae2fa48bc703964c16c5f,ab0cf72dfe0538a63a57d6905ccb7b57,delivered,2018-07-28 17:55:27,2018-07-29 18:30:31,2018-07-30 14:54:00,2018-08-03 17:46:46,2018-08-16 00:00:00
623125bebed45c5fb349862e0913dcf7,26b2ee1971376db4853f8a660c9a3f30,delivered,2018-03-02 08:27:39,2018-03-02 09:09:52,2018-03-02 18:03:37,2018-03-06 00:06:52,2018-03-16 00:00:00
eedd2c731f831901b30f93fdc7416ec2,3842b8b3c6817109793631ab63ce7adc,delivered,2018-05-16 15:22:57,2018-05-18 02:14:24,2018-05-18 09:50:00,2018-06-01 13:29:04,2018-06-07 00:00:00
be5d9df3cb44dbb469a80581ede808a2,353aa71e2ad73b4ef96748be41c1b9e0,delivered,2017-09-08 11:27:46,2017-09-12 04:50:36,2017-09-14 20:09:45,2017-09-19 16:20:13,2017-10-03 00:00:00
5c471caa875ddfd18797d03a71bb3bd1,d20aa42485318f592100ebbe9ce180ec,delivered,2017-12-13 11:16:06,2017-12-13 11:30:54,2017-12-13 23:41:30,2017-12-21 18:33:44,2018-01-08 00:00:00
fa6b2d45eec5e550786c4adf6de7303e,c0dc942054a88df8c95158fe2667bb12,delivered,2017-07-15 13:04:21,2017-07-15 13:15:22,2017-07-18 15:53:28,2017-07-25 22:44:29,2017-08-04 00:00:00
eaa950f3b3db6c1a8f5d884992a997c0,94abeca9046cd53c28184824e6b06c7b,delivered,2018-06-26 15:06:22,2018-06-26 15:16:24,2018-06-27 10:41:00,2018-06-29 14:04:59,2018-07-17 00:00:00
1b1f17c2de0133ed4abe3d3b38f84f30,20235a2b591b9d7b3f37c800c56a0062,delivered,2018-01-07 23:59:40,2018-01-08 12:27:54,2018-01-09 21:19:10,2018-01-25 00:33:21,2018-02-05 00:00:00
52907fff3c74ab7c7275c83de3d7ad17,3c23fc48e174b704fb7339ae71443a51,delivered,2018-06-29 15:59:27,2018-06-29 16:11:41,2018-07-03 06:43:00,2018-07-09 23:40:33,2018-08-02 00:00:00
e54ee2d8bb4643b912e14da821c5401e,c0bcf0b5d5d451612582770a95e1cfec,delivered,2018-02-22 11:38:12,2018-02-23 02:31:07,2018-02-28 01:58:08,2018-03-01 20:27:38,2018-03-08 00:00:00
be6343c24d4cd24d3a630c7a8aee1a6b,054bbe007936c85bde1a019ea0d47780,delivered,2018-07-10 22:49:27,2018-07-10 23:06:01,2018-07-11 12:12:00,2018-07-12 18:11:48,2018-07-18 00:00:00
7325155ebf88da418deb3ac20a5d7f85,90b029e906f07221faaa229502f58f17,delivered,2018-08-16 14:25:26,2018-08-17 04:09:49,2018-08-23 13:54:00,2018-08-29 13:37:18,2018-09-12 00:00:00
1fa3a19d9a9a74d3fdff66289fa3ae7c,9658636e8727e0c825a97d09c9beaee5,delivered,2018-02-24 10:26:14,2018-02-27 05:30:59,2018-03-03 14:53:03,2018-03-12 16:58:33,2018-03-22 00:00:00
63089c5f142cc1148a1d7799a8359e8a,68d91c479bafcd184deee1cce5582243,delivered,2018-06-12 19:20:44,2018-06-13 19:40:33,2018-06-25 13:22:00,2018-06-29 21:03:46,2018-07-19 00:00:00
eea5cc5fc9932c98e7bc8a58c32da4f8,83825125c4d37368ce1a8043308b2b5b,delivered,2018-05-28 10:45:05,2018-05-29 03:55:17,2018-05-29 14:22:00,2018-06-04 22:28:27,2018-06-20 00:00:00
07a26b88cc90e93f5c9401de11a60793,16cb12efaba0eb4a1401091ebd4d9ec1,delivered,2018-08-22 12:19:45,2018-08-22 12:30:17,2018-08-22 20:13:00,2018-08-25 17:06:25,2018-08-27 00:00:00
bad242af8ec5c0d7d5dcdec41f207e9e,5cc200d2334981b997f3ce341c6c91be,delivered,2018-08-18 08:55:15,2018-08-18 09:29:16,2018-08-21 13:53:00,2018-08-25 01:11:51,2018-09-05 00:00:00
88953f14c276491e60e060e8ef21b769,b48a7fbccbe678a096c4639b103a9af9,delivered,2017-07-14 15:02:42,2017-07-14 15:15:22,2017-07-17 17:27:52,2017-07-21 13:29:46,2017-08-07 00:00:00
923452229b8bb09c9011ced5f73a0893,6c1899f9cc87d4f860492f9b8d3723f5,delivered,2017-03-27 13:13:41,2017-03-27 13:25:06,2017-03-27 15:48:22,2017-04-07 14:25:29,2017-04-18 00:00:00
9cdf5eee30c936e5a33b193998e40d07,10ebc029e8599d55cc747177255804d0,delivered,2018-01-14 16:42:10,2018-01-14 16:54:46,2018-01-15 16:29:14,2018-01-27 00:18:55,2018-02-16 00:00:00
29bcad4b636363b000ad4459d5bd88f5,84a17cfe532e2613e99a3850e80b71f8,delivered,2017-12-09 21:39:28,2017-12-09 21:49:29,2017-12-13 16:52:33,2017-12-19 23:14:34,2018-01-04 00:00:00
b888541e85bd60bfb0c0851ab1146c2a,17bde6e1b8489fa8ee69d2606ef4abb5,delivered,2017-07-14 13:33:14,2017-07-14 13:45:18,2017-07-17 19:16:54,2017-07-24 18:33:49,2017-08-03 00:00:00
0a31fa5371c2046d273b9fb84e3b2988,8713663b0e741841fa3110a6eea7335b,delivered,2017-04-16 12:20:54,2017-04-16 13:05:17,2017-04-18 13:42:27,2017-05-22 16:53:11,2017-05-10 00:00:00
480aee4fedab58b9f471d24d8656d8a5,2273ee5236daf024475caa061de5e4b6,delivered,2018-06-11 19:31:51,2018-06-12 04:35:38,2018-06-12 13:25:00,2018-06-16 16:28:49,2018-07-03 00:00:00
ab04d2f11f52853e4532de99f735a6fe,d07229daef278cf8f7e6be74a2c960b5,delivered,2018-02-01 08:36:43,2018-02-03 02:52:45,2018-02-07 17:45:57,2018-02-15 20:56:48,2018-03-02 00:00:00
baeb39b2cba12d118ef8c856b32d3163,99ae633cd13e3d4b48e39fd38fd175f7,delivered,2018-03-07 21:05:02,2018-03-07 21:40:22,2018-03-08 23:36:23,2018-03-26 23:04:51,2018-04-09 00:00:00
6649ebec1c6f3e185a64238dc8729d72,4ab8e8bc6bf0760c297e13dcab1e034e,shipped,2018-02-21 16:52:08,2018-02-22 16:55:54,2018-03-03 00:34:26,,2018-03-19 00:00:00
b547e3cf7b2399609a4ed02ad7e87f4d,400bc21969aac1afe794618f567dbc57,delivered,2018-02-25 15:26:17,2018-02-26 15:29:56,2018-02-27 15:34:17,2018-03-16 22:58:51,2018-03-26 00:00:00
3a87f961376193c10c6b28d341d32db5,00cd48b2051a1518d6d33ffd01dbfcb6,delivered,2017-02-03 14:03:12,2017-02-03 14:15:07,2017-02-06 10:27:47,2017-02-08 09:47:41,2017-02-28 00:00:00
36ca6c9bcef057ffdfca22de9dd7bcdd,34bfe52ce4ea3ad4ded0b42df62035a1,shipped,2018-03-27 20:32:27,2018-03-27 20:47:13,2018-03-28 23:39:31,,2018-05-04 00:00:00
1abc1d063ae36763a3bce3d08a0a4c9e,a8274fc4df4680bc6b593c95c04c766d,delivered,2017-06-29 07:53:56,2017-06-29 08:05:06,2017-06-30 14:07:49,2017-07-05 16:29:41,2017-07-19 00:00:00
7a502e545ea55a7ff2a035abd83c6d84,95de601b667f07f36d2a485b42866900,delivered,2017-03-22 10:34:48,2017-03-22 10:34:48,2017-03-29 16:06:06,2017-04-03 14:15:57,2017-04-25 00:00:00
70a77e8b9d2c0a635ad30ea479939cd4,d25e378708a5f85e8cb59ca7754b5d4e,delivered,2018-03-23 14:09:03,2018-03-23 14:28:56,2018-03-27 02:05:44,2018-04-05 18:39:37,2018-04-25 00:00:00
510a16537cf3917d6257795d58073277,29057f1de7a5f228191cc77743c744ad,delivered,2018-03-28 22:44:00,2018-03-28 22:55:16,2018-04-03 19:08:29,2018-04-30 14:08:29,2018-04-20 00:00:00
47c1a8c65d33d1a87433294bea40a81b,650a53e13d36c61649a28f7547cd5cf3,delivered,2017-05-28 17:05:11,2017-05-28 17:15:10,2017-05-30 17:08:05,2017-06-01 14:11:01,2017-06-19 00:00:00
1da5abde88d474271f7a8d3dc9206c6a,b7eb6bc470f4bc84a4e55348219b0fc0,delivered,2017-12-11 08:49:57,2017-12-11 08:58:24,2017-12-12 17:14:40,2017-12-13 22:24:42,2017-12-28 00:00:00
ffabb8ed44ae4f83efd9d206904d88f5,96789cb4ceff0012efe52f4faf4a2d2e,delivered,2017-08-08 20:01:10,2017-08-08 20:10:16,2017-08-10 18:42:34,2017-08-18 20:04:00,2017-09-05 00:00:00
599029e205a62a6a520d087b5f25b88f,5b0c97d4fd3e99131049fdbaeaae4369,delivered,2018-05-08 07:37:06,2018-05-08 07:55:20,2018-05-10 18:29:00,2018-05-16 14:44:08,2018-05-25 00:00:00
1762aa0ce22469c003348a42e46f5269,68b7ace943722094081442259c9b3f2e,unavailable,2017-08-20 19:52:24,2017-08-22 04:11:09,,,2017-09-14 00:00:00
9b808cd87ad1f00034b9059946ce0e57,cdf485efa0ae923156f8413d5ee8b208,delivered,2017-10-15 12:30:35,2017-10-15 12:49:17,2017-10-19 18:42:18,2017-10-28 13:26:44,2017-11-03 00:00:00
b8ed89bd3f1fe72244f0f616acdc7da1,284328d2432c45733c636d66d183dfd4,delivered,2017-11-26 09:30:30,2017-11-26 09:39:31,2017-12-05 01:29:43,2017-12-26 17:42:14,2017-12-19 00:00:00
76cc0d927131093087a3d392008d9796,ce235b7711c4350b82cbeab0568b7df2,delivered,2018-08-22 02:16:10,2018-08-22 02:30:17,2018-08-23 13:55:00,2018-08-30 10:58:42,2018-09-18 00:00:00
8b1956ed3dc60c9bfa629f6e215fd306,8fe941eef6875de4382210f20bea7718,delivered,2018-08-21 10:21:33,2018-08-21 10:35:25,2018-08-21 16:22:00,2018-08-23 23:36:41,2018-08-27 00:00:00
923dbd74822b55ab663759d1bb50823f,110f5c3e2c73a6e64c91c92fbc0d21a5,delivered,2018-03-02 10:05:48,2018-03-02 10:15:31,2018-03-02 19:08:14,2018-04-18 21:54:32,2018-03-23 00:00:00
e70079a333e4ddca8787daf05873a6dc,a901af1f4feafd5dc0c514b87d320d21,delivered,2017-08-10 11:04:56,2017-08-10 11:23:56,2017-08-14 20:17:56,2017-08-15 18:27:51,2017-08-24 00:00:00
16e4c23dc1892082c649911189c18f27,755d3504d6232a8d77674278edce1df9,delivered,2017-06-06 17:41:19,2017-06-06 18:02:56,2017-06-08 12:38:36,2017-06-19 20:42:06,2017-06-29 00:00:00
de2acf01121628d8ca0b8c36ef103bd5,81abafc6b0432b81518f8ea7ce955077,delivered,2018-08-14 11:36:14,2018-08-14 11:50:49,2018-08-14 15:55:00,2018-08-28 21:12:35,2018-09-11 00:00:00
28ae7dbc99157a977761ee40698dea20,df1ddbd77d8ef26e56e8962a2d515c1a,delivered,2017-08-26 22:52:36,2017-08-26 23:05:40,2017-08-29 21:25:04,2017-09-02 15:39:06,2017-09-14 00:00:00
52c13ebf98c19fe6dc69e69ac09663a1,3c38956539b1fbda6560b62ee73d2c42,delivered,2018-02-23 13:12:17,2018-02-23 13:29:42,2018-02-24 01:23:21,2018-04-20 20:03:11,2018-03-26 00:00:00
db033c99784b0da2569c40df1e7001d7,9e807266db4b8430db7b3826845e3626,delivered,2018-08-20 12:55:19,2018-08-21 04:35:20,2018-08-22 12:53:00,2018-08-27 14:42:51,2018-09-05 00:00:00
fbee80ef6891c144af8ff9dc788aaa89,41ee1607f629eea5c7aa658053748326,delivered,2017-01-12 12:01:14,2017-01-13 16:25:19,2017-01-16 16:10:12,2017-04-26 09:35:51,2017-03-06 00:00:00
284c504a1801fa4911d5808290731274,f9273052bbcb14adc1ff57a6488cce75,delivered,2017-12-30 14:35:04,2017-12-31 14:29:19,2018-01-04 23:45:07,2018-01-11 16:03:56,2018-01-24 00:00:00
735bc2d45e4bdd62494d80bc7dbcdee5,e29d4a9b3752f678bb51f01ca73cecc0,delivered,2018-02-11 10:41:26,2018-02-11 10:50:24,2018-02-15 22:46:31,2018-02-19 16:22:00,2018-03-08 00:00:00
4048279d4b6d7122d030e5487857a305,d1bbefdd8f2792e76ffd46b849437853,delivered,2018-05-16 22:38:55,2018-05-16 22:56:05,2018-05-22 14:45:00,2018-06-21 17:32:55,2018-06-07 00:00:00
588319a0ed0db7baaa43a314a333434c,e0dfe045873912a1a09b825844b2165c,delivered,2018-01-30 15:27:44,2018-01-30 15:35:40,2018-01-31 16:08:43,2018-02-19 16:45:22,2018-03-06 00:00:00
563576efe9343291a5bd154161c386f0,2e9e92e4a85b857a9a0266d7f75a7fb0,delivered,2018-02-09 13:45:47,2018-02-09 14:15:30,2018-02-15 13:44:16,2018-02-16 22:06:38,2018-02-26 00:00:00
0b372cdcdd4134fc5f7695426339ce84,cfeea068ddb39d98dc66cd1804936dbe,delivered,2018-06-26 22:00:12,2018-06-26 22:27:36,2018-06-28 14:15:00,2018-07-13 10:32:57,2018-08-17 00:00:00
380b45903d547b0965833e586642e3cd,a91ee281fe051e32cc4fe913d0688574,delivered,2018-02-02 23:05:35,2018-02-02 23:15:27,2018-02-05 18:41:33,2018-02-09 20:03:42,2018-03-01 00:00:00
2dc6e979b01d56986fe643620d783800,c81ba9d8426b6de695ea61596f64dd75,delivered,2018-02-01 12:14:57,2018-02-01 12:29:37,2018-02-06 22:17:04,2018-02-21 20:34:26,2018-03-09 00:00:00
b79c572e995becc5a19efc2e211b5742,2da80b9d24204c38f09c8bfdb0e3b0b6,delivered,2018-04-24 10:27:53,2018-04-24 18:27:56,2018-04-25 14:42:00,2018-04-30 18:02:58,2018-05-21 00:00:00
c9befd31f56327da820200286183ceac,6d865ba8432f331cbaf5d8b4220badeb,delivered,2017-11-26 17:14:02,2017-11-26 17:32:41,2017-11-28 18:33:13,2017-12-12 16:03:58,2017-12-21 00:00:00
ceca47d82e889cd6dc7b1fcb59e79df0,6669e25f61e1243fb6d2bf035ae6704e,delivered,2017-07-01 10:06:45,2017-07-01 10:15:20,2017-07-04 15:24:40,2017-07-11 22:22:11,2017-07-21 00:00:00
5054fc69c589881f8e505d6362c8c061,e8c1bbabead38e5042fa63e2effbd721,delivered,2018-01-23 11:20:28,2018-01-23 11:38:08,2018-01-24 17:27:10,2018-01-26 20:11:42,2018-02-15 00:00:00
c76d764d0f993151eb234c324e2b09ce,6fe4c0620357f305a66b6419431864b6,delivered,2018-06-12 11:00:26,2018-06-13 03:55:14,2018-06-15 16:34:00,2018-06-23 00:03:41,2018-07-13 00:00:00
37d13d0bfc39d14f3e61c410340c93ae,61e0a1c860e5435b337e567bd32e21ea,delivered,2017-09-30 14:06:32,2017-09-30 14:24:34,2017-10-03 17:26:28,2017-10-10 18:33:24,2017-11-06 00:00:00
852caeafa74327cfaf00268125425cef,8013ee378843ed340e90d428258eba9f,delivered,2018-07-24 15:09:33,2018-07-25 15:05:14,2018-07-27 13:56:00,2018-08-08 08:39:48,2018-08-16 00:00:00
28bb8d06f88bafeaa80c809e2366daa7,799cbb42585f5692863c03135215d730,delivered,2017-10-09 16:08:56,2017-10-09 16:43:53,2017-10-11 17:15:43,2017-10-27 15:53:58,2017-11-14 00:00:00
5a6a63148f6ab52879bb7c2d7117e366,65c9fdf79fdf0d4b98902fbf9617c171,delivered,2017-04-04 12:48:23,2017-04-05 02:35:36,2017-04-05 11:50:56,2017-04-11 13:23:04,2017-05-02 00:00:00
e6a7754d776e95d1a2b8e6d6f2d7ac9d,6ed3a6f46ef83d356e7152ac4a4388db,delivered,2017-04-25 19:35:54,2017-04-25 20:10:10,2017-04-26 22:55:58,2017-05-04 12:49:50,2017-05-23 00:00:00
f32227b3b1feb07ef88fec29e87d81cf,3f06ef7f5b8c9a1dd71b3d55a7e7b420,delivered,2018-06-28 12:46:16,2018-06-28 13:11:03,2018-06-28 15:06:00,2018-07-11 20:51:17,2018-07-27 00:00:00
0f916489801ab47804cc7da10fe0dd6d,310469dd77c2f155761bee2e21b06ba8,delivered,2018-05-06 16:41:34,2018-05-07 16:52:25,2018-05-16 15:32:00,2018-05-22 16:48:41,2018-05-30 00:00:00
d3dade419052ceb22cbf5aac01b8976d,a5cf875723369b926e83c640fa1e0917,delivered,2018-02-10 16:44:30,2018-02-10 16:55:55,2018-02-14 19:08:49,2018-03-20 22:46:28,2018-03-27 00:00:00
819cee97d3d5daa9991a8ffda20fc62c,b50b3f5a150ebce5280859bebc2f1d36,delivered,2018-02-28 20:12:58,2018-03-03 02:51:05,2018-03-05 17:17:20,2018-03-13 20:37:34,2018-03-26 00:00:00
f4bcc27cc1e629c8ea22ae96ab8751ae,6edcc0508ef06f1f73fd05cacd2a2b3c,delivered,2018-02-08 22:13:24,2018-02-08 22:28:20,2018-02-14 18:07:22,2018-03-29 00:54:28,2018-03-16 00:00:00
43561fbcbcea878bed16448a3b5baff2,f74ffda5337bc42b55d05adf9dd4a617,delivered,2017-08-20 14:14:16,2017-08-20 14:30:24,2017-08-22 17:10:54,2017-09-02 15:42:29,2017-09-22 00:00:00
3ae5cb75e3aaf3d9e99637e6c07032e0,f343704e8d64e463a7147138a8d21b6b,delivered,2018-03-05 03:45:49,2018-03-05 04:15:34,2018-03-06 12:22:52,2018-03-20 16:39:02,2018-04-09 00:00:00
c28f3a01d4cfee461234c86a41f52e37,35698a7b9ae42369b9f45a53000f85f3,delivered,2017-03-18 17:56:04,2017-03-18 17:56:04,2017-03-21 13:14:17,2017-03-27 15:24:54,2017-04-10 00:00:00
fae08ba5b02df1198db80dda5b5c205b,9f5729e1ce6fdda38afe7d3a12e6b8af,delivered,2018-01-23 17:15:16,2018-01-23 18:07:39,2018-01-24 15:52:10,2018-02-07 22:26:37,2018-02-15 00:00:00
b0a793772ff8d61844c0b654b342321c,69d18563a5f35efbb3559c926d4326ab,delivered,2018-03-27 23:07:10,2018-03-27 23:15:23,2018-04-02 14:39:50,2018-04-19 16:56:41,2018-04-13 00:00:00
7423b365e39a6b080541c58ce5978e0c,0d83fc0ae0bf9c3788d38a12afd5c36f,delivered,2018-04-28 01:01:52,2018-05-01 06:13:23,2018-05-02 11:06:00,2018-05-24 11:48:38,2018-05-23 00:00:00
4e088ad271cf6f947e89da00655fe524,2a15eee770cf4afdee4f2e18a84ad08e,delivered,2018-01-15 10:40:56,2018-01-16 03:50:09,2018-01-16 22:28:41,2018-01-24 18:47:20,2018-02-06 00:00:00
48abd4dcc16f0885de523602c047d437,0dd6b4d2aa909dece4da90bc178f1db5,delivered,2017-10-05 08:42:05,2017-10-07 02:28:14,2017-10-11 10:10:34,2017-10-17 22:52:05,2017-10-30 00:00:00
c30b8d50e79a4d6ce964a2a0b1f3a6d5,eecbb95c28e5a38188c0814cb3300ed6,delivered,2018-08-03 21:17:04,2018-08-03 21:30:12,2018-08-06 16:11:00,2018-08-13 23:32:42,2018-08-22 00:00:00
ef65ec5bddd94d2fbadc2b861827ab04,ef6d8ec542ff0844e7f4355cbd4d5697,delivered,2017-08-15 09:23:10,2017-08-15 09:43:48,2017-08-16 17:36:57,2017-09-08 17:34:51,2017-09-19 00:00:00
aa61e95f95f3ec74b8a3b7c5c174c0c5,020e0c200a053638412950ba455d5b37,delivered,2018-07-04 15:29:33,2018-07-05 16:32:10,2018-07-05 09:08:00,2018-07-10 20:50:44,2018-08-08 00:00:00
f67e17b84d5d476bc5478e79ed177a3d,8de96756639d09772d2f364c7c81c32c,delivered,2018-08-07 10:20:26,2018-08-09 03:50:16,2018-08-09 14:18:00,2018-08-10 17:48:31,2018-08-20 00:00:00
3988bfd19575c170059a28a630beee60,ef1615db601ce81b5507d7388cfd4e09,delivered,2018-05-11 18:52:04,2018-05-15 04:15:26,2018-05-16 13:38:00,2018-05-21 23:51:00,2018-05-25 00:00:00
a333d6edad2cf5efe368d9a457c27fe7,28ebb90e96b1f4a013dd67ac9e763e6d,delivered,2018-05-07 14:45:31,2018-05-07 16:52:58,2018-05-08 13:27:00,2018-05-11 23:48:50,2018-05-24 00:00:00
1a26d081d22cd04e1cbec6f294fa893d,4286665d919e18dd92613a5f46a3f1ba,delivered,2017-05-29 11:19:46,2017-05-29 11:30:21,2017-06-01 13:59:52,2017-06-13 15:58:53,2017-06-21 00:00:00
b856177bc1f9aa86b04e068c301990ed,00d1bd043022c327bc464ded6b731f4a,delivered,2018-03-08 16:13:44,2018-03-08 17:24:34,2018-03-09 19:26:34,2018-03-21 21:38:43,2018-03-29 00:00:00
8bdf6ec627a3a9618dd67dbd9203c546,b23b5baf963a07d533c0d86567fbcf7b,delivered,2018-01-18 17:00:14,2018-01-20 09:08:04,2018-01-26 14:13:46,2018-01-27 18:03:37,2018-02-02 00:00:00
e9a1f1bac2a48afae0dbe612a3aa684b,312d2499b6da3d5ec2c8b3dc6cddc6a4,delivered,2017-03-05 15:02:00,2017-03-05 15:10:18,2017-03-13 08:07:50,2017-03-22 15:22:12,2017-04-06 00:00:00
b8ef769a959add8d51bf27fad025d316,5037d4e6fc10e6a32707edff10d657bd,delivered,2018-01-10 14:39:35,2018-01-12 02:48:12,2018-01-13 01:49:07,2018-01-22 21:29:01,2018-02-08 00:00:00
dafd881e3f2e32e13a60a0bad4547004,8c1c0c6b377c877fa3f5323aa147029f,delivered,2018-07-13 15:00:23,2018-07-13 15:15:11,2018-07-17 14:16:00,2018-08-07 18:41:43,2018-09-11 00:00:00
1f44b2e973c49f412a9ae9f31166f588,5face49ffe98436f58e5a45ac1eb7c22,delivered,2018-01-31 20:10:16,2018-01-31 20:30:46,2018-02-02 01:59:35,2018-02-24 16:07:22,2018-03-08 00:00:00
53e2d02e35bbcf2deb23911e2d791dbb,1291f934fe7340aecf7cf73d56781a35,delivered,2018-08-07 09:17:48,2018-08-08 03:10:34,2018-08-24 15:05:00,2018-08-30 14:16:51,2018-09-04 00:00:00
c094319b75c45fb8f3edc4fe857f65c7,b7896ffa94f5b80d1f845336080ddd63,delivered,2018-08-11 23:56:26,2018-08-12 00:05:11,2018-08-15 12:03:00,2018-08-17 01:23:35,2018-09-06 00:00:00
cbd0a0bae58672055c7961ffbf0ee529,1305325ca39abb350e0bc23029594de4,delivered,2018-07-31 23:49:16,2018-08-01 00:04:16,2018-08-02 15:07:00,2018-08-15 17:58:26,2018-09-03 00:00:00
6b8c07c310d8c6a39e79ed3d38e6578f,c19d85677e04a12cc4b93e9e78f97cc3,delivered,2017-11-03 11:19:21,2017-11-04 11:25:22,2017-11-07 16:34:48,2017-11-16 15:02:22,2017-11-23 00:00:00
2d090553a9ceba4ebc21832844dc9ce5,7e316274286ef7d20ccf81dc106594fb,delivered,2017-06-26 13:44:08,2017-06-26 13:55:23,2017-07-04 12:59:55,2017-07-06 13:17:37,2017-07-24 00:00:00
8938715999abb88950de2d1aa4b8f74d,19ae64aeb72ed9ce72ddd15b080bcba9,delivered,2018-04-30 12:15:00,2018-04-30 12:32:32,2018-04-30 14:26:00,2018-05-03 17:12:04,2018-05-14 00:00:00
92b56c79ee136de9db64ceafdf002f72,94c83c89df9c4e9fd402f2b6a4316391,delivered,2017-05-08 15:58:21,2017-05-08 16:10:22,2017-05-09 13:31:04,2017-05-18 17:34:08,2017-06-08 00:00:00
e5a848c6a67b48a0f85bb44ef9fe5c5a,0dccee4f33390ac6dfa9e227c3ebbb94,delivered,2018-05-22 12:02:26,2018-05-22 12:34:23,2018-05-28 12:25:00,2018-06-01 18:22:07,2018-06-08 00:00:00
964d4bd2b27e0b6dd3363e2d17485342,fd3ac2a1589b1f1165978b2813e923d7,delivered,2017-08-04 14:07:28,2017-08-04 14:23:37,2017-08-07 17:03:09,2017-08-14 17:53:09,2017-09-01 00:00:00
5fd3d01f827e22e01dc6f0b8f498379c,666c3c2d46159dc521482bb075f70d0a,delivered,2018-04-12 11:10:04,2018-04-12 11:31:36,2018-04-13 21:46:47,2018-04-26 19:54:52,2018-05-11 00:00:00
a92635cfd1b863f3c3c225dcab38d0be,1c6e0cf070d06c8e0d67cd1aeab03ef6,delivered,2018-03-22 21:12:07,2018-03-22 21:27:53,2018-03-27 01:06:52,2018-04-07 14:56:41,2018-04-11 00:00:00
fc42f37778b223b55f8ccbd5f274b9aa,f3ef3f7ef66d0cf612f37a1bb71a635c,delivered,2017-11-12 22:35:21,2017-11-12 22:50:37,2017-11-14 18:28:38,2017-11-22 21:17:47,2017-12-01 00:00:00
dcc0ebfe0fa59c24fd859aacb8e1f2e9,1677478f9e63c2843cfc7acb65976463,delivered,2018-03-22 15:57:22,2018-03-23 09:55:30,2018-03-23 20:03:40,2018-03-26 19:48:47,2018-04-04 00:00:00
7fecdb45a98a2b1b32535d5e97788cdd,18b9dfb260a90787742abd090d0d0f30,delivered,2018-06-28 17:01:00,2018-06-28 17:15:12,2018-07-02 14:27:00,2018-07-04 18:38:36,2018-07-20 00:00:00
104db3ac25a8c92d8b4a1bab46c92c66,9f91386b930e55401c4ca48fa25c9077,delivered,2018-01-28 12:55:27,2018-01-30 03:47:26,2018-01-31 22:48:01,2018-03-16 03:12:21,2018-03-06 00:00:00
4bdcfd987a364d49dd8423ba6c971c09,b810510c820c5d673c249dcb9d064437,delivered,2017-07-29 16:54:17,2017-07-29 17:10:12,2017-08-01 18:42:52,2017-08-09 22:29:42,2017-08-24 00:00:00
8aad27637248090b933a0697be57c443,6913fa7fd9a5a2c4566831c4370b72c7,delivered,2018-03-15 15:54:57,2018-03-16 15:49:51,2018-03-19 13:05:35,2018-03-28 17:14:55,2018-04-09 00:00:00
64a22766d8a3975ba61edc4943501e24,bef759dfed0e4bd8186d68a751be1d56,delivered,2018-07-03 15:45:08,2018-07-05 16:19:00,2018-07-05 14:45:00,2018-07-10 20:18:45,2018-07-31 00:00:00
c8efed385881ed6ba56357b0d20a1e46,d0e6a905034cd0d9a2796d88e28093e1,shipped,2017-03-06 23:21:57,2017-03-06 23:30:19,2017-03-09 05:58:01,,2017-04-06 00:00:00
e71783fc8cd92f708d13542f6d17ff7f,1b85ef7130ec3eedf81c37b98cfd9b40,delivered,2018-08-01 21:40:53,2018-08-03 03:30:28,2018-08-10 16:01:00,2018-08-17 14:32:42,2018-08-23 00:00:00
11112c53dc1c411e991ae06fafeef392,e50e1d62ee7e61dc8bc6fc13a772acb0,delivered,2018-06-25 21:19:06,2018-06-27 08:11:31,2018-06-28 14:54:00,2018-07-04 14:52:38,2018-07-20 00:00:00
9951d6a662cb9e7b5bb442786dbf34fe,52bc5e1b29d38cb00e8cbea4a919f65c,delivered,2018-01-29 22:57:14,2018-01-30 22:52:53,2018-02-01 23:29:54,2018-03-07 15:32:13,2018-03-06 00:00:00
378cd0e3d827f4072ec92db9f0afeaf9,64c3dc15a2bbf3049aca5b814e938e14,delivered,2018-05-02 18:42:45,2018-05-02 19:15:32,2018-05-03 14:17:00,2018-05-04 22:34:46,2018-05-10 00:00:00
662d5b772be59b4a08a18e2b219555a3,e71af2b74b3f43c99ae08245e3b9a120,delivered,2017-10-12 22:01:19,2017-10-14 03:36:32,2017-10-17 14:24:01,2017-10-20 20:15:52,2017-11-07 00:00:00
e65ddff691f659fab67bed2e90069d9b,5a489824cded00c447dfac4800252bd3,delivered,2018-02-12 15:40:53,2018-02-12 15:55:35,2018-02-14 19:19:12,2018-03-28 00:03:57,2018-03-06 00:00:00
9626d198946ba7132f0bcaf33f7ceece,e256b0342ce0ecbd0e23ab2948c7ffbc,delivered,2017-08-18 22:50:41,2017-08-19 22:55:17,2017-08-21 19:50:01,2017-08-31 20:12:55,2017-09-14 00:00:00
9df9587a3db3e8ad4789a07841a0afe1,f31f7ec4f3a7e88d1f8f4931494e83ca,delivered,2018-08-20 14:09:38,2018-08-20 16:13:25,2018-08-22 08:16:00,2018-08-24 00:44:58,2018-08-28 00:00:00
b910a2d8eecd9eded28fdfc3cbb94880,3878b9708e39846aa91e7305e9baa2ee,delivered,2017-09-29 19:16:52,2017-09-29 19:28:15,2017-10-03 15:42:45,2017-10-06 17:29:10,2017-10-17 00:00:00
d1d1b48ff9ff54b7c338a08044f421df,d6b28db70e60ec9a17184c53220ccc5c,delivered,2018-03-14 15:32:34,2018-03-14 16:08:23,2018-03-16 19:46:26,2018-03-27 03:03:29,2018-04-05 00:00:00
20799e91aa919ec578d94ad5e818a3bf,473137630a48e52486867f4cc9c994ce,delivered,2017-08-21 01:07:46,2017-08-21 01:44:25,2017-08-21 20:37:38,2017-08-23 18:30:24,2017-09-11 00:00:00
17e1cb74d21a646b636519ba673acaa1,3304c3dfa7d7dbc57493593594a5fce8,delivered,2018-03-10 11:05:50,2018-03-10 11:28:44,2018-03-15 22:46:41,2018-04-02 15:21:46,2018-03-28 00:00:00
219889e4dae6af086c47d02b538f0589,d78bbbce2fca1d884f9e8ae8fc4cedc4,delivered,2018-01-10 07:26:34,2018-01-10 10:32:13,2018-01-11 23:42:16,2018-01-23 16:09:19,2018-02-07 00:00:00
c9a973cfedbc212cd02b06b4fd11c3cd,daa8bff63ddfecd57acbcf8af50468e0,delivered,2018-02-07 15:46:14,2018-02-07 16:12:11,2018-02-08 21:13:34,2018-02-22 21:29:11,2018-03-05 00:00:00
b81af5e0dbc943da7544bf507acf9e23,ad6422b821f38baebd08dd741a040921,delivered,2018-07-26 07:30:43,2018-07-27 04:05:17,2018-07-27 10:41:00,2018-08-01 16:11:06,2018-08-20 00:00:00
94672e5686a487a37916262fab702f76,5d0267f4f13e64f0c7f34022277bc84b,delivered,2018-01-28 09:53:41,2018-01-28 10:10:33,2018-01-31 18:45:12,2018-02-01 18:23:40,2018-02-14 00:00:00
0989d111cfe79cf0bbdea443f1caf9b7,13dd964c7fed51af56b9f113fe590071,delivered,2018-06-03 21:24:09,2018-06-05 04:12:38,2018-06-05 13:45:00,2018-06-16 17:08:21,2018-07-18 00:00:00
748197f229fe836211d7e6df5c1a6a8a,635e85a162a22ecc1e0b9ba9484595b4,delivered,2017-10-22 18:57:48,2017-10-22 19:14:12,2017-10-26 19:03:35,2017-11-03 17:46:00,2017-11-16 00:00:00
a2c925a9aed482554a03fe2729c7b0e5,6bc3ffbd5f0156bede1e8ae7ae9a32f3,delivered,2018-04-28 23:52:51,2018-04-29 02:00:01,2018-05-02 14:38:00,2018-05-08 19:52:47,2018-05-22 00:00:00
e200353d6fcf40efe2cb8699aa821017,e660c434379aab7e2cadcfb1b66aec8e,delivered,2018-01-10 12:39:39,2018-01-10 12:51:33,2018-01-11 23:19:59,2018-01-15 20:49:07,2018-01-30 00:00:00
438002557b0a579c8ac15486c9512458,40268483d07701fa1f7742c9f5a23242,delivered,2018-06-23 17:25:06,2018-06-23 17:55:40,2018-06-26 11:32:00,2018-06-27 15:32:49,2018-07-18 00:00:00
f87ed664a5aeba70114b65138cb0c9c1,1db9b2d168c16f634cc577caee3c18d9,delivered,2017-10-02 09:44:31,2017-10-02 09:56:17,2017-10-09 23:51:23,2017-10-13 21:03:16,2017-11-03 00:00:00
34a6104e0b5f529ec680406b6d8ba4ce,8ac127359066e3c863e6dedc2aef6364,delivered,2017-06-29 06:36:24,2017-06-30 03:05:32,2017-07-03 15:53:27,2017-07-11 16:14:46,2017-07-25 00:00:00
fa479c8466485b9cb8b97b916885cd56,496f0fd97174c54fb601fe2e6d1ec494,delivered,2017-02-12 16:41:20,2017-02-14 03:50:21,2017-02-15 04:53:57,2017-02-24 11:05:27,2017-03-15 00:00:00
66da8b55fb5d6393b4ec50e8fd8c9781,0639197156cf2165c3adb6a85f9cef54,delivered,2017-11-27 18:44:58,2017-11-27 19:12:36,2017-11-28 16:42:29,2017-12-01 00:32:31,2017-12-15 00:00:00
dab3fc76b1c611fc90d0343f3a1815e7,a7f323fb7663369c9d57bb5886201fb7,delivered,2017-08-05 12:38:54,2017-08-08 04:15:32,2017-08-15 18:12:34,2017-08-24 17:44:00,2017-09-06 00:00:00
ff40f38705c95a8eceea1a0db29bff66,3d9b3665a39eb741b1ae50706cbddb8d,delivered,2018-05-08 12:27:09,2018-05-08 12:56:47,2018-05-09 16:22:00,2018-05-15 23:11:25,2018-06-04 00:00:00
5f4b64b16eb569c12eab47e5f74b4385,3b75048c826545176490016b6fe044a9,delivered,2018-04-29 16:17:48,2018-04-29 16:30:15,2018-05-02 15:15:00,2018-05-22 17:03:11,2018-05-29 00:00:00
edaa7615642fab560c9e1d293c787d56,c6f256191c5bcc0e85e9a31ecc092638,delivered,2017-07-14 19:58:03,2017-07-14 20:10:15,2017-07-17 18:57:35,2017-07-21 22:42:41,2017-08-03 00:00:00
9f3bb89658a46c809fdd407e86914f94,ff217adc6431eb19f8af637ddd66a2d8,delivered,2017-06-09 09:35:06,2017-06-10 02:55:21,2017-06-12 14:11:02,2017-06-22 13:57:38,2017-07-04 00:00:00
5127c53ca9cae89a0aafdcc580b27f95,ccdd3e6972b355d26dd72d00ad81560c,delivered,2017-11-25 20:42:15,2017-11-28 03:47:47,2017-11-29 20:28:29,2017-12-27 15:38:59,2017-12-18 00:00:00
16590e9d976a66505a26c3c820d47295,a0cd4bd67fe4b4ce0a75fc0e5defebf8,delivered,2018-05-14 21:13:33,2018-05-14 21:29:53,2018-05-15 22:08:00,2018-05-18 19:16:33,2018-06-01 00:00:00
b3420e20ed3efddaec71dd9ba0759467,be45ada983cdf8ab6a124d281e9a875c,delivered,2018-05-15 17:11:39,2018-05-16 12:13:50,2018-05-17 09:28:00,2018-05-22 17:05:26,2018-05-30 00:00:00
87da08d67c30edebd4f29e0944e0808c,6dd377bc943ffee27b64ed6f7d0b4f46,delivered,2018-06-19 11:20:03,2018-06-19 11:35:20,2018-06-19 15:38:00,2018-06-20 20:51:49,2018-06-29 00:00:00
fa9b02520c054ff035166305cc37ff30,665027db24649d6188bdad1c5a410d4a,delivered,2018-05-05 09:27:44,2018-05-05 09:48:49,2018-05-07 14:46:00,2018-05-18 15:49:01,2018-06-04 00:00:00
ad9e5e00d6f4a3d4226893dde85d40f7,de8599fc43904957a2c366c0281702d7,delivered,2018-07-21 11:25:48,2018-07-24 04:05:27,2018-07-24 15:03:00,2018-07-25 21:06:44,2018-07-31 00:00:00
25fcc160aad54c81aad28f9f71cb4cba,bb7eb42e14e681c6107f6a8299025323,delivered,2017-05-17 18:50:23,2017-05-19 02:15:15,2017-05-22 09:25:01,2017-05-23 12:28:11,2017-05-30 00:00:00
0ea7b73db942b800ba9b20b50057f9c2,c5f65173598362d342bfe87492ade0da,delivered,2018-01-15 10:05:17,2018-01-15 10:14:24,2018-01-17 15:35:01,2018-01-22 20:44:25,2018-02-09 00:00:00
938e650cbf8099b9464bdfb48c457129,2872fca71254241e3d2879ab4f37ba01,delivered,2018-01-31 12:26:17,2018-01-31 14:10:14,2018-02-03 10:27:34,2018-02-06 16:35:12,2018-02-22 00:00:00
5eee483d18d84faaef4bea7e8b4579df,a719472fec09c5540edb0bae9cf81e44,delivered,2018-03-15 15:21:30,2018-03-15 15:35:29,2018-03-16 22:11:12,2018-03-26 19:33:01,2018-04-17 00:00:00
dc43b4be2ecaa2252af476b7f87f01a8,88e9130b2f120b245d2bf74f8be17b49,delivered,2018-05-17 22:18:36,2018-05-18 22:58:06,2018-05-21 15:32:00,2018-05-23 19:36:50,2018-05-29 00:00:00
4bdb824616b048d04ab361c35af51e77,452fdf1d451d13e17fc35c6f8cba769b,delivered,2018-01-31 17:33:42,2018-02-02 02:54:06,2018-02-03 02:52:47,2018-02-07 21:28:09,2018-02-26 00:00:00
53e503de6a65006651097e013bda72e4,e948cda40366cf2be9b3f34ed8a71650,delivered,2018-03-25 10:03:02,2018-03-25 10:27:31,2018-03-27 01:48:43,2018-04-02 12:58:38,2018-04-20 00:00:00
1c3a814fa046dc2f684276b1ca26786e,008e1bbc8f278134d10d8788a3ca0b7c,unavailable,2017-04-11 08:25:26,2017-04-12 02:50:58,,,2017-05-03 00:00:00
5dd074a5f6674685cfe723e7854c0b73,cce44d7973c3c5d679d99616b5f50c91,delivered,2018-07-25 07:59:03,2018-07-25 08:15:15,2018-08-07 08:45:00,2018-08-14 22:41:32,2018-08-21 00:00:00
d44253469972c4d7c1dc643b5daa3d64,94090e8d1c257e4f684c0bb8cd37bf69,delivered,2018-01-07 13:37:15,2018-01-07 13:47:05,2018-01-08 15:55:40,2018-01-10 20:53:59,2018-01-24 00:00:00
ac416b71ffbc5fbfe4b5cea8a05b0d4d,57add4c6f47d0d2bca43964b6a766e4d,delivered,2018-08-01 15:46:59,2018-08-01 16:50:09,2018-08-02 12:19:00,2018-08-03 16:39:01,2018-08-07 00:00:00
a523e6db446544f568f8ff78830f1058,0731ffea2542a2e0a072078c3c4232fd,delivered,2017-11-25 00:53:10,2017-11-25 03:32:56,2017-11-28 18:26:52,2017-12-08 02:18:31,2017-12-19 00:00:00
2017c51dd36023cb764747debc340314,d86a084c7fa7102fe9e6ce64c04bc5d4,delivered,2018-05-18 12:42:03,2018-05-19 03:12:34,2018-05-22 13:40:00,2018-06-04 18:53:23,2018-06-11 00:00:00
2c7b41b2acb40e97acfe3dc543de718e,727a44c126da6596f5e19157fbe74652,delivered,2018-03-08 23:12:12,2018-03-09 00:32:05,2018-03-09 18:08:21,2018-03-21 18:52:50,2018-04-02 00:00:00
d5cb76792b06c2a00edb03001d5f52ad,df688f6c00d2fefeb5a32f834d62fe6b,delivered,2018-01-22 10:01:16,2018-01-22 14:15:42,2018-02-06 17:28:31,2018-02-28 14:05:55,2018-03-12 00:00:00
d33eeaaa657fd3ae5e7f4e8f92892ea5,57967bed045af2bd3831f8997d98f916,delivered,2018-08-08 09:44:21,2018-08-08 11:05:12,2018-08-10 11:23:00,2018-08-13 23:22:01,2018-08-14 00:00:00
5beb64ae1902fb292d8148537bc85808,3f41011293e76e1a6012bbde38eb41d7,delivered,2018-01-10 23:19:28,2018-01-12 03:32:28,2018-01-15 09:03:37,2018-01-17 13:33:58,2018-01-29 00:00:00
64aba6980bbf5ba26727da7f8e5049ff,5bdca9b7358a3437a36317aa40783eb0,delivered,2017-04-04 22:55:36,2017-04-04 23:10:10,2017-04-06 13:43:19,2017-04-11 13:06:29,2017-04-25 00:00:00
2b51ea6e0892e56067bd7ab3ad853b63,835d4e2d9633ed0e63f2aef50a790372,delivered,2018-04-13 16:01:55,2018-04-13 16:35:32,2018-04-18 15:46:21,2018-04-25 16:51:55,2018-05-23 00:00:00
061cafafafb36839a8ee7cf19ab807c6,a85c4ce1598da0a210287d8af78326f8,delivered,2018-03-14 07:03:01,2018-03-15 03:10:51,2018-03-21 21:32:18,2018-03-23 00:57:01,2018-04-10 00:00:00
1c6380dc10ebea9bad618eb25fedcdfa,6ddfe4644d853bff46e25a5736bef934,delivered,2018-07-29 01:00:56,2018-07-29 01:10:08,2018-07-30 13:07:00,2018-08-03 16:06:47,2018-08-17 00:00:00
0c02a4cb5207e682d63a1343cbddd13b,c68d0a3fbe7bf557ea9b8c822e154535,delivered,2018-02-12 14:04:49,2018-02-12 14:15:46,2018-02-15 17:19:43,2018-03-19 21:06:03,2018-03-12 00:00:00
2169826696e2426423c4078cc76b8500,f776fdd034f1a561f18be7892b8a2874,delivered,2018-04-13 16:12:50,2018-04-13 16:52:21,2018-04-14 17:38:53,2018-04-19 00:42:36,2018-05-03 00:00:00
4fcd41f1365d2b6852c34568499584b8,319c5ed662ae2f36a7c5fd3f5baa4008,delivered,2018-08-02 12:04:48,2018-08-03 02:35:17,2018-08-03 14:30:00,2018-08-07 00:24:30,2018-08-09 00:00:00
500e6986cb13d87f17d80f2c6bfc2849,8a61c0742e77e7853688dca5dc4be720,delivered,2018-03-13 21:12:18,2018-03-14 09:48:34,2018-03-16 22:36:30,2018-04-05 22:19:15,2018-04-03 00:00:00
6257efd6f6189754247b7a4fe4a1fe0f,929895edb644a1fbb7636ae6555fdf43,shipped,2018-03-23 19:24:16,2018-03-24 02:11:01,2018-03-27 01:57:16,,2018-04-16 00:00:00
d79b6cf112bad1936bd72b03f20909ce,d38521b8c94b38e74554395115ca5c2f,delivered,2017-04-23 19:31:30,2017-04-23 19:42:27,2017-05-04 14:22:19,2017-05-11 10:05:01,2017-05-30 00:00:00
8b29c8a606c98ea835750427eeb92ae2,96fbed57e4c6f8cb99a08219815ffc94,delivered,2017-12-08 14:06:51,2017-12-12 03:54:27,2017-12-12 22:34:57,2017-12-18 22:51:37,2018-01-05 00:00:00
13b2cd56f806ffc7938f53c374085817,66674f3dea78d929780de200271d1536,delivered,2017-07-01 23:16:12,2017-07-01 23:25:10,2017-07-03 12:32:15,2017-07-06 15:47:05,2017-07-14 00:00:00
b581194c5a3e89062586392d4a0e6def,fa7e747a940377d68377ce84d5d14fb7,delivered,2018-02-15 13:53:18,2018-02-15 14:10:31,2018-02-16 19:52:29,2018-02-20 21:22:37,2018-03-02 00:00:00
858dc2838532d6ec487b622925f25c56,8a70aa71714e9dacc4dac1a4c4b336b9,delivered,2017-05-15 09:49:01,2017-05-16 03:42:32,2017-05-16 16:40:17,2017-05-22 16:53:06,2017-06-02 00:00:00
ca1a95284ae96a8e085f7671c44f37a4,c1940861d8b883968a7395396874df95,delivered,2018-07-31 22:44:03,2018-07-31 23:20:08,2018-08-01 12:13:00,2018-08-06 21:47:44,2018-08-15 00:00:00
8bdee3a9ff0651eb881c70cd55a75a23,e61954c72673483f567045281f4abd8a,delivered,2017-12-28 14:22:24,2017-12-28 14:32:21,2018-01-02 19:24:27,2018-01-05 17:35:12,2018-01-17 00:00:00
a2a3400730e376777caa534221041eff,e82b93848d97d5852b8488ca2d5d5ac5,delivered,2017-09-07 11:23:18,2017-09-07 11:35:13,2017-09-08 15:36:00,2017-09-18 21:20:03,2017-10-03 00:00:00
b9dd3c9858c240eba0ec042ec9f47c01,09915c12803ae121d230703fdb376015,delivered,2018-07-24 15:46:12,2018-07-25 02:35:13,2018-07-26 14:26:00,2018-07-31 21:42:59,2018-08-17 00:00:00
cd9b4eecd6f542b2bcd61d258ab097f9,e9668d96ce074626f31507fcd00213e7,delivered,2018-01-09 12:36:04,2018-01-09 12:49:10,2018-01-12 00:07:49,2018-01-23 15:06:12,2018-02-06 00:00:00
afdb9767a3f9ec80e34ce37c5f47aa63,f4e785160c7e5b17c2bc94c23d09c777,delivered,2018-07-13 12:59:18,2018-07-13 13:10:19,2018-07-17 11:33:00,2018-07-25 14:23:41,2018-08-14 00:00:00
a535e0a8e571efd2e1a7aff5a7aeffee,29705dae91566c0df058e2b96e05085f,delivered,2017-05-10 22:44:57,2017-05-10 23:02:41,2017-05-15 14:34:57,2017-05-17 15:41:53,2017-05-31 00:00:00
d5a777d0e1c561e945c9eedce2cad80f,e0590ae33ae1abecc19065b910364d75,delivered,2018-07-23 15:51:52,2018-07-23 16:46:02,2018-07-24 14:22:00,2018-07-27 20:32:52,2018-08-06 00:00:00
0e6d9d386c1cd507df2b07bac0e8b4c8,cc277f38f00523ab10cdacc109bad31f,delivered,2018-02-02 14:29:22,2018-02-02 15:31:20,2018-02-05 16:05:23,2018-02-20 01:19:11,2018-03-01 00:00:00
cc6ff18551eb92a7b41171d26f847102,969f78e4502fe4fc9d432ce2f34d01a0,delivered,2018-01-15 18:41:21,2018-01-16 03:36:25,2018-01-18 16:45:01,2018-01-26 18:18:33,2018-02-05 00:00:00
cf8152b6a51ad306ad09a2d253c8133c,9b0ca7ce354778d017ea016dd199f9ee,delivered,2018-08-18 19:48:43,2018-08-18 20:10:05,2018-08-20 15:04:00,2018-08-24 19:16:48,2018-08-31 00:00:00
75cf2fc3704f159000d1c5ae5e005f83,2a099c0df6f9c343ce55e97e6aebf880,delivered,2017-10-09 14:05:46,2017-10-09 14:26:53,2017-10-11 15:52:25,2017-10-13 15:58:05,2017-10-20 00:00:00
e9a7a88ccf1498310636c542b8d2ed68,40f3d1e2e072b4def6fe9e34162c8064,delivered,2017-12-05 11:42:39,2017-12-05 11:58:26,2017-12-05 21:11:58,2017-12-11 23:17:02,2018-01-05 00:00:00
24b4c4cdd87c3e1f9b31b96ea5422f22,3654eb0827f9bede2a248b9cbe78a88e,delivered,2017-09-03 09:43:43,2017-09-03 09:55:14,2017-09-04 20:53:07,2017-09-08 22:22:21,2017-10-05 00:00:00
1e651744aa0ad243b5410f7f24cfc4e9,71ae843add4548e7389eb6bab3200544,delivered,2017-11-03 07:37:59,2017-11-03 07:45:27,2017-11-06 21:26:45,2017-11-08 20:24:43,2017-11-16 00:00:00
905abf7e67aedee76e5974a22bcef8cd,944d4db30a78d0a21034f284bd2f4a85,delivered,2018-08-04 10:41:13,2018-08-04 10:50:17,2018-08-06 11:07:00,2018-08-09 12:47:26,2018-08-20 00:00:00
768f22f92ccc8abc5d47eb74d90cb000,c35e714e688d2f434b7955d195b1753e,delivered,2018-02-18 14:01:37,2018-02-18 15:06:46,2018-02-19 16:18:57,2018-02-28 13:09:31,2018-03-16 00:00:00
bda35b10977d165ff7f6ae6ce187a4e3,51f650a65f069672f200ed66b550662f,delivered,2018-07-28 13:14:46,2018-07-28 13:44:35,2018-07-30 15:35:00,2018-08-02 13:08:30,2018-08-13 00:00:00
a04b5357c7eb10bccebd46d6d051e8b0,6ee8c83b8e23eb974794dd012c4e59be,delivered,2017-10-15 19:17:06,2017-10-15 19:28:13,2017-10-16 14:57:56,2017-10-24 20:03:20,2017-11-07 00:00:00
8a8485723ca5bd95fd69bab2f1057157,44e721751303c6afc04f9b9c61aeed75,delivered,2018-03-14 13:24:52,2018-03-14 13:35:32,2018-03-15 20:03:28,2018-04-05 19:19:03,2018-04-10 00:00:00
bf2df7aa2130e882e1e4f43b2dfe1875,bf17225a188dcade4977ee362920d1b7,delivered,2017-05-15 09:47:25,2017-05-17 03:45:12,2017-05-18 13:09:30,2017-05-19 08:34:45,2017-05-24 00:00:00
9abb69f7d6f2af7fa80d6f1542bbc91d,95c167eb33c376680b37d4e2cf719e3d,delivered,2018-01-19 01:43:38,2018-01-19 01:55:30,2018-01-25 20:59:38,2018-02-08 14:22:35,2018-02-21 00:00:00
82a3a8f173b1bc8e3b7da00ce95509e0,54fb40dfb17ff13839fa8a0ed4189f47,shipped,2017-11-24 02:21:57,2017-11-24 02:32:31,2017-11-29 18:28:56,,2017-12-18 00:00:00
5d438c27071139d7c8b5d47e9faed993,37fc16e6f7454488690917f99c907505,delivered,2018-02-01 09:05:50,2018-02-01 09:31:16,2018-02-03 00:42:48,2018-02-17 14:22:15,2018-03-01 00:00:00
011724d1afbd91844302627f79a66800,9899640961f5678c7fb0c46815ee6408,delivered,2018-08-09 18:32:00,2018-08-09 18:44:58,2018-08-10 13:55:00,2018-08-15 12:46:48,2018-08-22 00:00:00
0d40f8fd78977af4c4fa84293ae7fa21,623fb939c3c139f6a806f25d76adaea1,delivered,2018-02-07 23:07:35,2018-02-08 01:30:29,2018-02-22 01:07:11,2018-03-21 20:56:32,2018-03-23 00:00:00
24b425b6d0f061fcb84c1832d221e3bb,aeb4c7533882b7b165d846a5cb5a4c3e,canceled,2017-08-22 09:50:59,,,,2017-09-26 00:00:00
10990e23642104aa4b9308fbf816611b,5a512cfde6072587451f1ca086a65b86,delivered,2017-02-05 20:20:12,2017-02-07 03:42:40,2017-02-07 09:03:02,2017-02-10 13:24:09,2017-03-01 00:00:00
260b8c09973c3e4067907121aac17c14,239f5de311e5a80828f27f9f579b85f1,delivered,2017-11-04 20:36:20,2017-11-04 20:50:33,2017-11-09 09:48:36,2017-11-14 16:25:10,2017-12-04 00:00:00
08be29a19a75ae2f62a0f1250c4f67c6,500d6039642b97f92c9a47d849af5410,delivered,2017-05-01 23:34:00,2017-05-01 23:45:10,2017-05-09 07:58:27,2017-05-18 15:09:21,2017-05-23 00:00:00
ef79852572532629bfd78b06d07055c5,bcea3f0d7933adb96e4d72568d386cf4,delivered,2017-09-24 19:34:44,2017-09-24 19:50:15,2017-09-27 14:47:15,2017-10-09 19:14:38,2017-10-26 00:00:00
b3c1851a1730d45ed539eec30414e580,adb0a9e419aede0bb7860ea6544ddd5c,delivered,2017-11-09 02:42:06,2017-11-09 04:31:11,2017-11-09 21:41:08,2017-11-30 01:12:00,2017-12-19 00:00:00
f86b96a15afabfbffbfe7fcad56b8ff9,8848756dcd3d3a7d4362b96c55967c0a,delivered,2018-02-11 13:26:35,2018-02-11 13:40:29,2018-02-28 20:59:55,2018-03-01 22:39:19,2018-03-12 00:00:00
85e414384871e93a0c457ccf0b0d68b8,59ea29b6bd9ea6c5f51823537e21b2d6,delivered,2017-12-07 15:04:23,2017-12-07 15:43:07,2017-12-13 17:15:10,2017-12-21 12:44:57,2018-01-03 00:00:00
5aeace5c1d1829eabacd16ce59404a60,9f43e8777082ae8ba57c81b4eb906882,delivered,2018-04-13 14:30:07,2018-04-14 02:30:28,2018-04-17 19:12:26,2018-05-03 19:19:46,2018-05-15 00:00:00
c99a7c5ad6561092e099cf71868b4e78,4817f07387a8f00e2be43bf9ea007e4b,delivered,2018-05-09 23:51:53,2018-05-10 00:14:03,2018-05-10 12:07:00,2018-05-25 21:18:33,2018-06-12 00:00:00
10857948637314508e05a14dfd8328b9,ca44b093785d8fd0ad08ab08a5492227,delivered,2017-03-25 21:48:06,2017-03-25 21:55:15,2017-03-29 06:25:31,2017-04-07 09:15:52,2017-04-18 00:00:00
698b0a11c6a256230a174051afc56470,ec9919f351c71bf76009ab563d87caa9,delivered,2018-01-26 13:45:17,2018-01-26 13:55:22,2018-01-29 17:51:27,2018-02-03 14:04:34,2018-02-26 00:00:00
99cf9baabb2f8e480c047c45957fd0aa,7a94c207ca864300cbedc5db37cec069,delivered,2018-01-21 10:13:10,2018-01-23 03:52:53,2018-01-24 14:36:34,2018-01-30 19:39:00,2018-02-06 00:00:00
dc423fd5dad84d30d887debb5323e413,ed0830b3e26799e8fd0b0c3e32e34ef8,delivered,2017-03-01 17:11:17,2017-03-02 04:10:29,2017-03-06 08:11:48,2017-03-15 18:34:05,2017-04-10 00:00:00
9ca7ad0b7aafb20b74dd5c1bc5f851d4,351e25c72198b7d80b310f8391b8b222,delivered,2017-08-30 14:01:04,2017-08-30 14:10:15,2017-09-01 17:04:04,2017-09-11 20:12:25,2017-09-18 00:00:00
c441a9a0fbf9ceb54037aed741d95e8a,649bf985f2c900b205dc43eb371e8228,delivered,2018-03-08 11:21:00,2018-03-08 11:30:31,2018-03-08 21:50:37,2018-03-15 21:17:38,2018-04-06 00:00:00
a5f429a0b94f15b78d957ff59c461c44,4dc3f238a63a17c82d8fd6f60273f445,delivered,2018-01-09 23:01:33,2018-01-10 10:31:55,2018-01-10 23:34:27,2018-01-11 18:47:43,2018-01-23 00:00:00
1d525c1f58c75e74697f3993a3fc80a7,e5e64951448d14fcd1ff8d98ab5f9e71,delivered,2018-01-07 22:22:22,2018-01-07 22:32:25,2018-01-08 16:59:20,2018-01-10 15:11:50,2018-01-26 00:00:00
4274df747cf9a1ac15adf09a87185dc1,618174cd887c0ff38799803a8a885f04,delivered,2017-12-10 12:11:39,2017-12-10 12:19:26,2017-12-12 23:15:35,2017-12-16 17:24:35,2018-01-09 00:00:00
4e1679640c29ba05f498ac20e026213e,f25bd233d365ab0119f6bf5f397a955e,delivered,2018-01-15 01:58:50,2018-01-15 02:12:44,2018-01-18 17:25:59,2018-01-30 18:22:52,2018-02-14 00:00:00
f8647aaeab4c6556d59fb6f9a8508e81,347e240bb2f7b5607cad9677cc5f2e3e,delivered,2017-08-02 21:28:30,2017-08-02 21:45:09,2017-08-07 18:36:00,2017-08-17 22:11:53,2017-08-24 00:00:00
1c70da88ac2f845fcca28df46ba4b4fb,18c5119621cc70720226b725ffe2e03d,delivered,2017-12-23 14:48:05,2017-12-24 14:49:22,2017-12-26 21:18:42,2018-01-08 23:07:37,2018-01-19 00:00:00
c277b80337c0ca11cae04fe7280ed4eb,deeda01436f945c1ac2891356603a066,delivered,2017-11-27 11:13:32,2017-11-28 03:31:49,2017-11-28 17:03:45,2017-11-30 18:13:01,2017-12-11 00:00:00
726578ea1b027b33080a7a807e97941a,85e2e59e0cca5ae33338be492457eb38,delivered,2018-02-06 11:16:58,2018-02-06 11:35:28,2018-02-07 22:26:55,2018-02-15 18:35:48,2018-03-07 00:00:00
5bc73b0c41be139e802a0e8f361713db,dda04be43f0a159e1f18f6d2d77f69f3,delivered,2017-09-14 21:54:29,2017-09-14 22:08:21,2017-09-27 19:02:54,2017-10-06 20:52:25,2017-10-11 00:00:00
473db6bd9e60ec3fb425cd204fb8f4c1,202388e0554955ed38ae8ca31aa41613,delivered,2018-01-26 23:07:13,2018-01-26 23:18:28,2018-01-29 17:51:37,2018-02-15 21:13:10,2018-02-20 00:00:00
fd26702a3f7ee5d86580de591ff53e3f,d3b1dd5a9cafa5e8191a28f92a8f5d40,delivered,2017-07-04 08:59:04,2017-07-05 03:04:05,2017-07-05 13:41:24,2017-07-12 12:57:30,2017-08-01 00:00:00
5825ce2e88d5346438686b0bba99e5ee,0002414f95344307404f0ace7a26f1d5,delivered,2017-08-16 13:09:20,2017-08-17 03:10:27,2017-08-19 11:34:29,2017-09-13 20:06:02,2017-09-14 00:00:00
d4196928f507b9d28c258f1ab20dc397,6cac77779271796bf107e2a9c85747af,shipped,2018-04-02 12:49:34,2018-04-03 05:28:02,2018-04-03 17:04:38,,2018-04-19 00:00:00
e5b8c6e3d666c6653f4eb12e402a0ece,6f8ee177ec3fe758ffc2860e644cfd84,delivered,2018-02-27 14:26:04,2018-02-27 14:35:44,2018-03-06 00:04:20,2018-03-19 12:47:34,2018-03-26 00:00:00
86ab312ff20b032420f0320b32a37f12,d3195197238054c36312c802372c387d,delivered,2018-06-13 08:54:59,2018-06-13 09:16:13,2018-06-13 13:29:00,2018-06-21 14:26:40,2018-07-17 00:00:00
a1f444637730cb2eded588f7bd64f1cb,f7d648f9c1cc662bec12f84a49b1ecb5,delivered,2018-04-25 21:14:18,2018-04-26 08:55:38,2018-04-30 14:08:00,2018-06-01 11:18:35,2018-06-11 00:00:00
a3a45c1c1ea8a1242a535611257bb20e,38fa174df046c2ecf4405b469f8ff03d,delivered,2017-11-03 17:02:04,2017-11-03 17:11:27,2017-11-06 21:34:44,2017-11-14 21:38:48,2017-11-30 00:00:00
1def2f4bb1690cbafbef93e9617b0c56,a84419a14dcba3aa77ac5e4d751ec689,delivered,2018-04-02 20:41:50,2018-04-02 20:55:30,2018-04-04 01:14:54,2018-04-06 17:21:15,2018-04-12 00:00:00
6f211f55f5d2168a3c9d8c60e6a89c3d,726e75bfe782c4674b24619653011d9d,delivered,2018-05-12 09:39:18,2018-05-13 09:35:21,2018-05-15 15:15:00,2018-05-17 23:38:54,2018-06-01 00:00:00
fdf50a1f4038ef295b3074224fba8076,bbf3c2d882c9c723d05d821e30e4e2a2,delivered,2018-07-16 18:50:38,2018-07-17 08:21:11,2018-07-18 14:04:00,2018-07-23 13:28:43,2018-08-06 00:00:00
07883af69dfb22686ef985505006f9af,b5fb9a0f32a8319d4102955e48ab411c,delivered,2018-01-22 13:01:26,2018-01-24 02:38:32,2018-01-25 20:45:36,2018-01-30 12:49:42,2018-02-14 00:00:00
6a56ad246a3e00f07e7f0e4f7fb3d519,432ccb202f9b881f60841007ff8bb896,delivered,2018-03-13 12:12:22,2018-03-13 12:30:29,2018-03-19 22:06:43,2018-04-09 20:34:48,2018-04-13 00:00:00
a1359034d0f05483436966ca3cd71aa5,4ae40d8d19e9465ddeb28ae58cd5eb2d,delivered,2018-02-18 20:23:42,2018-02-18 21:26:52,2018-02-22 02:42:01,2018-03-26 14:42:04,2018-03-20 00:00:00
af541cbd9810aaa8b64b870516d507a6,62cedeefcf7566f584f0c424138b5247,delivered,2017-11-26 14:21:33,2017-11-28 03:33:02,2017-11-30 16:38:42,2017-12-11 22:05:08,2017-12-28 00:00:00
55e186387dc4b33d16d86a920ee7f77b,13e70e15fba5664bf7b10019777d1868,delivered,2018-03-26 11:27:15,2018-03-28 09:55:25,2018-04-02 20:38:36,2018-04-10 15:24:47,2018-04-13 00:00:00
eedfdd1e4ef97bae3bc2a49f06e3016b,d12201dcce98c82854236c1bba22d6b0,delivered,2018-02-12 11:08:07,2018-02-12 11:28:04,2018-02-15 00:15:14,2018-03-01 22:36:56,2018-03-15 00:00:00
c08207456235b73fe23b3f65986d6856,2ca853a08e9b198cd7b6580af003ed5a,delivered,2018-06-12 22:06:37,2018-06-14 02:17:15,2018-06-20 15:57:00,2018-06-28 20:05:40,2018-07-13 00:00:00
5cd9d29876c165b99b25582096c9e0cd,06ca4d6c6e5ed80da33fd58e240fb4a0,delivered,2018-02-06 20:34:19,2018-02-08 07:50:32,2018-02-28 15:29:09,2018-03-27 23:41:21,2018-03-21 00:00:00
c5aea2f23df89cdf58e3c3721456f0b0,5f9872a197a2225781b1f0b8573dd14b,delivered,2018-04-15 14:44:29,2018-04-15 14:55:24,2018-04-17 14:56:56,2018-04-24 22:18:34,2018-05-18 00:00:00
e93a08b4b8bec070a829d321c8172c49,5f6c68f6eed9f11f14dae6a843a4a756,delivered,2017-05-31 12:15:03,2017-05-31 13:08:01,2017-06-01 15:44:41,2017-06-09 20:19:51,2017-07-05 00:00:00
a0d8479e0bc26a5baa9988711c4320b1,7d156722fa63e2fc2bc1c3ed04d827be,delivered,2017-07-03 18:33:12,2017-07-03 18:45:17,2017-07-04 11:58:14,2017-07-24 16:18:37,2017-07-31 00:00:00
bd5a5d136ec2b172779857caced38ddc,9d4585da8988474c7bac7a36cd9e62ae,delivered,2018-04-14 16:08:44,2018-04-14 16:31:12,2018-04-17 06:20:50,2018-05-10 00:32:25,2018-05-09 00:00:00
970035ae7179b5efe6ad5c087f1da768,64effa5811523af095bee35e8c03729e,delivered,2017-11-07 18:16:43,2017-11-07 19:00:20,2017-11-10 20:46:52,2017-11-25 18:37:04,2017-11-28 00:00:00
69dca366b923580fca5a6c04992098c2,0dd7789ac6fdf88372827ea3f88b4395,delivered,2018-01-30 19:55:41,2018-01-30 20:10:23,2018-02-02 01:27:53,2018-02-15 15:23:57,2018-02-21 00:00:00
dbf6877228cc3660405cab36ede2947e,47ed1ad73b7883c3fd905000b1d1f57b,delivered,2018-04-11 14:50:06,2018-04-11 15:12:09,2018-04-12 17:16:50,2018-04-14 01:21:59,2018-04-27 00:00:00
4cf039bb3ac612eaf93de354f5da9cbe,fec94867036494021f5710ea97ddd84e,delivered,2018-07-30 15:35:36,2018-07-30 19:32:04,2018-08-01 15:17:00,2018-08-14 00:54:46,2018-08-16 00:00:00
8a40b54e2d8feb61c8e3f0091cde4fc9,6af446fb42dc07b3b2acd42c6a135c9e,delivered,2017-11-15 23:56:55,2017-11-17 03:55:41,2017-11-17 18:28:25,2017-11-29 23:29:35,2017-12-14 00:00:00
2b9f8967c6489ea04357a9fc58740ae5,4a46e095cc22c617bcd64870dc2ef70f,delivered,2018-08-10 11:07:56,2018-08-10 11:15:19,2018-08-14 14:53:00,2018-08-27 11:35:38,2018-09-17 00:00:00
74b0cc42b04ee1e7ad337a157d1eff9a,dafd8d87717e26770c556fd18879054b,delivered,2017-02-14 09:21:04,2017-02-15 03:03:40,2017-02-15 11:37:50,2017-02-24 08:31:28,2017-03-15 00:00:00
390ea954e6bcedbc2d2a76a506373769,67b161cde4ae3f48b46458ab5b2ddcdd,delivered,2017-12-05 19:03:31,2017-12-05 19:17:32,2017-12-06 17:16:39,2017-12-11 14:12:56,2017-12-21 00:00:00
ca2d0999ad1d0d4425ca9403c264cc3e,a70354351603c255327b5159c9c3b5ec,delivered,2018-04-01 09:41:11,2018-04-01 09:50:16,2018-04-04 01:40:54,2018-04-11 20:35:32,2018-04-26 00:00:00
c7528ad3eeabc9fee6d6839e687f69dc,4d6aab311eb3e1bb0a54b3d0c575fcf0,delivered,2017-09-29 21:38:32,2017-09-29 21:49:26,2017-10-03 14:04:57,2017-11-10 21:46:56,2017-11-08 00:00:00
423ded96e7e73e3a75048e458e70bc2a,a2f20e6dfed8f0935aedff08929ef377,delivered,2017-06-21 19:56:57,2017-06-23 16:45:17,2017-06-26 13:18:33,2017-06-29 15:24:35,2017-07-04 00:00:00
2403a75f23292d207a16e2fa97551270,ed75d0bd6065772c560187ccc065a2a8,delivered,2017-11-16 23:07:46,2017-11-18 02:15:39,2017-11-21 23:11:03,2017-12-15 18:58:57,2017-12-08 00:00:00
055aed279e13c9571499453c260726e9,e07255e0a4e248ceee143c136e2d7caf,delivered,2018-01-08 13:47:00,2018-01-08 13:59:22,2018-01-09 17:07:51,2018-01-30 14:53:23,2018-02-14 00:00:00
8654cd8e725e48af0d843f5c60598e72,bad4461ca80fdc3b1cbcdeb8ccb6ad42,delivered,2018-07-22 13:18:56,2018-07-23 11:31:28,2018-07-24 14:37:00,2018-07-30 15:05:40,2018-08-28 00:00:00
ea9fa4f97dba6807fd178a433ed17032,f815690ce9f030145547e14a9c544af5,delivered,2017-05-28 21:15:32,2017-05-28 23:35:15,2017-05-29 11:09:43,2017-06-06 14:57:40,2017-06-23 00:00:00
65a096a4c493679dde9d1c264f065a2d,0b702c79a0f15e9925c12db5779729b3,delivered,2017-10-31 18:31:10,2017-10-31 19:34:37,2017-11-03 22:59:50,2017-11-08 21:51:48,2017-11-29 00:00:00
19fffb5eab0cb56530a7569759bcf889,3d083ad587862bdc9fc34e88036cf15e,delivered,2017-06-30 14:53:09,2017-06-30 15:03:59,2017-07-03 15:21:39,2017-07-28 18:53:47,2017-08-01 00:00:00
71a378f8b8ef5f17a1518d5bf92f57c4,7cfb0a73dcdd12e435a0f51414aa3e07,delivered,2017-10-09 11:32:15,2017-10-09 11:49:28,2017-10-09 18:43:58,2017-10-24 20:34:09,2017-11-08 00:00:00
e554faec14ac84b923b5b62b78b89c4e,1cd552c7aae3f67c65e1100683180f28,delivered,2017-07-10 18:25:59,2017-07-10 18:43:48,2017-07-11 21:05:08,2017-07-14 19:42:40,2017-07-21 00:00:00
9fb578d8a9c6d5c73ea157e45b69d479,741775b7ac1b255bb101811981b5a569,delivered,2018-08-02 12:05:20,2018-08-02 12:50:18,2018-08-06 17:36:00,2018-08-10 21:33:34,2018-08-27 00:00:00
0044c6f6d22dd280534344177c81b989,24436139c80a4ae51c0e3a98469ed7d4,delivered,2018-05-18 16:59:09,2018-05-18 17:15:37,2018-05-21 14:46:00,2018-06-04 20:12:57,2018-06-12 00:00:00
9be8071edcd41670cec46c3c32f8d27a,b404c626366430d37af24dd5512928c2,delivered,2018-05-16 18:45:11,2018-05-16 18:57:42,2018-05-17 12:55:00,2018-05-21 19:18:50,2018-05-30 00:00:00
1213ff0d2ad8c3332f4cf08f5ab96511,ba6845ad2c65cc4403e9df8f292d5d36,delivered,2018-05-13 18:19:46,2018-05-13 18:32:21,2018-05-15 13:46:00,2018-05-17 20:36:44,2018-05-29 00:00:00
73afa0a1713acd1377a6473373016351,b4ee70d8e9bc104a6b2d3fa33b0f251c,delivered,2017-08-14 15:32:37,2017-08-15 15:45:10,2017-08-17 14:06:49,2017-08-28 19:09:54,2017-09-19 00:00:00
539c20beb5b66c57aacd5dcc9b21b08c,b4927811aec596cb53b1d070d0bbd5d7,delivered,2018-01-03 10:59:25,2018-01-03 11:10:32,2018-01-05 11:53:38,2018-01-08 14:47:15,2018-01-19 00:00:00
779e0845b9e541376ce3e8120c548cb7,669a095be23ecbe06b337b39888bc61b,delivered,2017-09-30 18:43:29,2017-10-02 09:14:10,2017-10-02 17:52:31,2017-10-16 23:03:32,2017-10-24 00:00:00
b70007824303eaad6d7736673b76b17d,6d9317e6c01f2322131a434a0c31065e,delivered,2017-04-18 14:59:13,2017-04-20 02:45:16,2017-04-20 08:28:05,2017-05-18 11:16:48,2017-05-11 00:00:00
a041744e93df801b846b46ba92edbe04,60c4b673871ce8e9f7638fdc42757cb4,delivered,2017-12-13 12:13:49,2017-12-15 02:30:40,2017-12-15 19:22:59,2017-12-22 12:58:08,2018-01-11 00:00:00
cc91c4dc3388e7cc6b4f5de648cae283,9818bf2fbfca93ac894d14e35d9313d4,delivered,2018-05-12 06:50:43,2018-05-12 07:15:13,2018-05-14 13:43:00,2018-05-15 17:26:48,2018-05-22 00:00:00
344d665d49ca943ec95287c256a1eae0,0712358f39f7ee528dd7930c5e43b4db,delivered,2018-05-16 14:39:56,2018-05-16 15:18:01,2018-05-17 08:32:00,2018-05-18 12:11:12,2018-05-24 00:00:00
59b598f25ce5991f7526c8ff8fc76601,e6e6d9148c8ecb73bbaf5f498003923e,delivered,2018-07-20 02:59:01,2018-07-24 11:33:18,2018-07-25 06:56:00,2018-07-30 19:38:43,2018-08-03 00:00:00
13fbafaef2c5ecd471faa4a85d382ebc,61f36679d219b1c61d8ccf20ad0cb547,delivered,2017-08-05 22:30:35,2017-08-05 22:45:11,2017-08-08 00:27:35,2017-08-16 20:12:46,2017-08-29 00:00:00
0627a80d6b5c65e9b212271f845e34da,d94f717fa5e77c3d7b16ee7cccdfe45e,delivered,2017-10-30 22:57:51,2017-11-01 03:31:16,2017-11-14 16:32:31,2017-12-15 02:55:01,2017-12-08 00:00:00
6d1df003234b0fe1102e0111ba280d62,eb08bcb94cc54205f3bb7cfe27f3e9a6,delivered,2018-05-10 14:00:03,2018-05-11 13:55:13,2018-05-14 11:54:00,2018-05-15 18:38:47,2018-05-21 00:00:00
38c27dfc491d9aabf7733ae9a163f8af,12e631e6faa17d9566a8fa96e5cc3e61,delivered,2018-06-12 01:22:04,2018-06-12 01:35:13,2018-06-12 15:51:00,2018-06-13 20:31:53,2018-06-21 00:00:00
d37903927d4afa727aff8976a9a49c80,7693881743e1ab076e31659a9b5eebe6,delivered,2017-12-21 19:40:01,2017-12-21 19:50:51,2017-12-22 20:47:52,2017-12-28 14:51:43,2018-01-17 00:00:00
d20a75098caf1adc63a3792b3b3e4e89,03f7dd0df6ce673353bd6e9dd6e8ae2c,delivered,2017-03-28 09:36:16,2017-03-28 09:50:16,2017-03-30 10:22:53,2017-04-04 16:28:02,2017-04-17 00:00:00
af15ff821c39e3eb5fec800be3d79841,e49333c505ebbf2b8533233679054b14,delivered,2018-01-03 09:11:40,2018-01-03 09:26:45,2018-01-04 21:37:34,2018-01-09 15:12:41,2018-02-01 00:00:00
b7ef6596e29a5d29c0636d6548b96810,53cbe14b65401ddcdfe6a9430d52387e,delivered,2018-03-18 12:16:38,2018-03-19 07:50:48,2018-03-20 16:18:50,2018-04-10 14:48:43,2018-04-13 00:00:00
d9dc6fdb544c7b53af95f8dfdd3ed659,91dec73146f15e5a96abc36bea548cf9,delivered,2018-05-14 16:50:57,2018-05-16 03:54:55,2018-05-16 12:10:00,2018-05-21 19:28:43,2018-06-07 00:00:00
bede49402c31f79ae1ea5fea8e67593f,341a66f90b16b33339ff0c9dda9f7fc0,invoiced,2017-02-14 16:04:04,2017-02-14 16:15:13,,,2017-03-21 00:00:00
cb5e5871967a2d2ff1594d2a652fa290,d51d980e3ed06eec0c963264d8b94a0f,delivered,2017-04-28 13:44:52,2017-04-28 13:55:22,2017-05-02 11:46:13,2017-05-15 16:42:41,2017-05-24 00:00:00
9a21763c2fabd9e832206b8020910d1e,cd4fa374324cf1ea4103aa4ac082440b,delivered,2017-08-21 22:13:38,2017-08-21 22:26:18,2017-08-25 16:17:01,2017-08-30 18:04:04,2017-09-20 00:00:00
4c0da64bca225f1212fcade3dad55864,1b6a67fd94277eeca30eed5df67013e0,delivered,2018-03-07 13:39:50,2018-03-08 02:29:25,2018-03-08 21:34:28,2018-04-06 20:41:31,2018-03-28 00:00:00
db5ffcf21d69f57af9556fedec62a95a,35c5ad270bff076f7b5c235849efe96e,delivered,2018-04-05 16:40:03,2018-04-06 16:35:24,2018-04-10 00:28:40,2018-04-13 20:31:42,2018-04-27 00:00:00
d065b09029154302dc8262cb309fe614,aa11646182eb81a2cd1a1ec900603fbc,delivered,2017-08-20 20:52:20,2017-08-20 21:05:19,2017-08-22 20:47:53,2017-08-24 14:25:13,2017-09-11 00:00:00
b408f4a2019ebaf05a37c861b4c611bc,32d5d2dd434fd0524cd33dd5db058d1d,delivered,2018-03-21 14:05:22,2018-03-21 14:48:46,2018-03-22 19:37:50,2018-04-25 22:32:29,2018-04-27 00:00:00
b5ac50103235f27b1d286960df625d1d,91de57e4716ed3deaf13a08b47fefaf5,delivered,2018-04-08 17:42:18,2018-04-08 17:55:14,2018-04-09 19:44:24,2018-04-17 19:08:19,2018-05-03 00:00:00
a8d0c1cbe2efd70a2ec22befd3a5390e,58d35ef620f2e9b5e65f4db499b36053,delivered,2017-11-08 11:03:00,2017-11-08 11:16:09,2017-11-08 20:42:57,2017-11-16 21:44:41,2017-11-30 00:00:00
cccc154ce300f1dd193065ddbf6383f9,9f4941a3863ffce26f87e9bb96d81c95,delivered,2018-07-26 11:04:47,2018-07-27 04:05:17,2018-07-27 15:10:00,2018-08-02 21:24:52,2018-08-20 00:00:00
777f09795a87e5598924d1f7090deeb1,39c74e07d34944b5be0c87dc592e9882,delivered,2018-08-10 15:03:50,2018-08-10 15:15:12,2018-08-13 14:53:00,2018-08-15 20:58:35,2018-08-27 00:00:00
0683849d0c0146afc4977ada6e86bc88,368007c7af210b8120dee45313b707d7,delivered,2018-02-20 14:41:45,2018-02-22 02:08:47,2018-02-23 16:58:48,2018-02-28 15:04:21,2018-03-14 00:00:00
83b5fc912b2862c5046555ded1483ae9,ffff42319e9b2d713724ae527742af25,delivered,2018-06-13 16:57:05,2018-06-13 17:20:23,2018-06-15 18:52:00,2018-06-18 18:33:05,2018-06-25 00:00:00
6b353bba58520d286313c6f64cc078ff,638450a5fcf36c86e90ca1c5b7ebd357,delivered,2017-11-30 19:12:57,2017-12-01 09:31:02,2017-12-01 17:22:14,2017-12-11 19:25:02,2017-12-28 00:00:00
b9e02f2f3a6648709578cdd17f31976d,a90a58018ba607a42d2f0c56857fe3d8,delivered,2018-01-30 14:38:19,2018-01-30 15:10:55,2018-02-02 15:32:35,2018-02-15 16:33:39,2018-02-21 00:00:00
10992b09416c413bd468501706f7d475,61e1054b32ea27b4a6ac125c02f51709,delivered,2018-01-21 19:33:46,2018-01-22 13:57:57,2018-01-31 20:54:06,2018-02-09 22:08:56,2018-02-06 00:00:00
c36fe9947bce36c97cd3eb1a5c9303aa,d0ddacba5cb9f6eb8b0c500d6ae93e59,delivered,2018-01-09 12:17:33,2018-01-11 02:48:30,2018-01-11 23:29:52,2018-01-12 23:11:09,2018-01-26 00:00:00
c87c029dedce9ae21aa8cd97464af0c3,498127813f503833772f017673c2942e,delivered,2017-12-19 18:08:44,2017-12-21 02:11:53,2017-12-22 17:39:50,2017-12-27 16:18:56,2018-01-15 00:00:00
d1804dbdc6ea61e2dc9bf965e7ffffa2,866aaa9d6c61762ad4240425b10fc25f,delivered,2018-03-04 07:43:06,2018-03-06 03:51:14,2018-03-07 16:52:47,2018-03-08 18:21:48,2018-03-19 00:00:00
171a8dc67900a97eead478783172b440,1003c48609c8afc8a24ddb9305f9d772,delivered,2018-05-03 13:33:33,2018-05-04 11:33:32,2018-05-08 12:25:00,2018-05-16 13:12:32,2018-06-18 00:00:00
e4bdc363e2eda01d30176e4467b12cb3,d1f34b0c6f453e386234387a1396ffc9,delivered,2017-04-08 14:18:12,2017-04-08 14:30:10,2017-04-11 09:13:38,2017-04-17 16:52:21,2017-05-15 00:00:00
ab5f90eadc79573fb310e7c66e05ae19,6637874c14404b65a5c59c8ab576c86d,delivered,2017-09-16 18:44:09,2017-09-19 04:04:12,2017-09-21 17:13:00,2017-09-22 21:26:06,2017-09-28 00:00:00
55788c74967dbef64cfde7d1db11e49d,6c769a7f654fe95a45bed7d0e5d9dd10,delivered,2018-05-10 15:49:24,2018-05-11 08:58:17,2018-05-12 08:09:00,2018-05-19 13:42:03,2018-05-29 00:00:00
ed4d57b2d881e813cf0b801ab17987a0,f427d28a18c6f9b3de330badbb801c32,delivered,2017-03-01 17:03:24,2017-03-03 02:15:46,2017-03-06 11:42:03,2017-03-10 10:23:36,2017-03-20 00:00:00
0039500db36d50d7d0bfaf23723550f3,90bd9911aed064dfc625750fbd83ebca,delivered,2018-07-06 10:37:32,2018-07-06 10:51:09,2018-07-07 09:15:00,2018-07-21 00:08:29,2018-08-03 00:00:00
d15b257b7d9942a18c578ac0b3483139,38c0e22834675c9915d1658a60101390,delivered,2018-08-21 12:35:22,2018-08-21 12:50:30,2018-08-21 16:07:00,2018-08-27 21:46:47,2018-09-19 00:00:00
68f730bca7855a941b075dfde3e84ab9,e5fe2d9ea5954c5744411fdf67ae5891,delivered,2018-07-25 12:32:23,2018-07-26 03:15:24,2018-07-26 11:45:00,2018-08-20 12:54:51,2018-08-13 00:00:00
1a1712253479ea7fd8c020c572ff78cc,c66a1f98abb2ac51d3cbdb6b331f661f,delivered,2017-07-11 18:40:43,2017-07-11 18:55:19,2017-07-13 18:12:23,2017-07-26 19:07:49,2017-08-04 00:00:00
e76aec3ee261c5d2badb4c971b4e44cb,9fab54cff7695e7f8340ff563644566b,delivered,2017-11-25 10:25:28,2017-11-25 10:36:24,2017-12-02 18:19:00,2017-12-18 21:35:32,2017-12-18 00:00:00
bc05a22dab5b2a8b948ca9b0bac61373,e84f94fa6b12f28c6b6c5d241b0c6fff,delivered,2017-06-11 16:30:29,2017-06-11 16:42:26,2017-06-12 15:47:00,2017-06-22 15:18:05,2017-06-26 00:00:00
23c7702588b2b08f1bf4fbdd15f19343,06b423fab94edc97504290952ef19d97,delivered,2017-03-22 17:52:17,2017-03-30 19:10:20,2017-04-03 14:12:49,2017-04-11 13:06:32,2017-04-12 00:00:00
e1902035c4c195dff5edda08708c4050,e91b63eb6608fd87091fa7c7760089c8,delivered,2017-02-04 16:22:15,2017-02-04 16:35:09,2017-02-10 15:43:03,2017-02-14 15:09:37,2017-03-09 00:00:00
e7438254f9ef8bf2a7e744f84c561452,9e2edef7aeef3c2fef91128e16df141d,delivered,2017-12-15 22:02:39,2017-12-15 22:14:27,2017-12-19 22:07:18,2018-01-06 12:28:40,2018-01-12 00:00:00
70a94c2193b6a1b10aba885c5129f5ee,252988522e60b58e19fd939fdea69f1a,delivered,2018-03-06 14:04:13,2018-03-06 14:40:26,2018-03-07 21:22:34,2018-04-03 18:33:31,2018-04-03 00:00:00
0af82e15ff98cb5fd79d28b3c4a70a4b,c1320f6c1ef215c155f32978675c5369,delivered,2017-08-29 21:54:29,2017-08-29 22:06:28,2017-08-31 18:25:30,2017-09-05 22:54:39,2017-09-15 00:00:00
8c0921d37402722b282083329db79f9b,f9e23c14e5ab7352006f43521f84b3d5,delivered,2017-04-13 16:09:20,2017-04-13 16:22:23,2017-04-19 16:24:57,2017-05-09 07:40:12,2017-05-17 00:00:00
cde4bb15a5b59e10abcebe554d23d654,39e96546821aeddc8e6a2ccacd765d4d,delivered,2018-01-18 16:57:06,2018-01-18 17:13:03,2018-01-22 19:36:39,2018-02-14 22:17:06,2018-03-12 00:00:00
0b958a89cde3a26acc1aaa43b64b999f,c7fd4137af4a1ebf4a28aa30e59c863a,delivered,2017-06-08 17:16:09,2017-06-08 18:43:09,2017-06-09 14:38:02,2017-06-22 18:03:31,2017-07-03 00:00:00
1a529550bb541c8c6d58b9a83d089824,df2e5a56b9f2320c291ae84d0b2d6df2,delivered,2017-07-31 21:28:37,2017-07-31 21:45:14,2017-08-02 20:47:28,2017-08-04 21:45:53,2017-08-18 00:00:00
88d1d2267096b03d7478723323ea363c,8ebf5bb8913b582c4bd7b637c370e03a,delivered,2018-08-14 10:20:28,2018-08-14 10:30:42,2018-08-14 14:23:00,2018-08-16 15:18:52,2018-08-17 00:00:00
f26f902bdbbc733c04384af07f954c19,e04fc9722632182bd8740b612e764f2f,delivered,2018-08-20 14:25:47,2018-08-20 16:15:30,2018-08-22 12:48:00,2018-08-24 23:18:57,2018-08-24 00:00:00
d526a4d7c1f50bfd80246d7524f8553e,18e2a2c493be2d04def97dfc2e041b4f,delivered,2017-03-05 12:05:39,2017-03-05 13:05:29,2017-03-06 15:55:18,2017-03-14 17:24:37,2017-03-27 00:00:00
b47397056102b8fc054c6d969532376a,7899c2459089f84b8e6dbe990f660083,delivered,2017-12-12 15:36:29,2017-12-12 15:58:44,2017-12-13 19:47:26,2017-12-18 21:12:02,2018-01-05 00:00:00
3f4f6a378519479cb0afe338427c6713,12600e42ec40b51517d279c414d3bda8,delivered,2018-04-14 15:08:02,2018-04-14 15:15:22,2018-04-17 18:23:45,2018-04-25 17:51:56,2018-05-09 00:00:00
63d924357f70228a8bb5713b68d3b656,57dbb262002b4a7448accfbb36ed2d0a,delivered,2018-01-26 08:50:44,2018-01-30 05:31:38,2018-01-30 19:12:36,2018-02-16 15:55:27,2018-02-22 00:00:00
3406139dfaaeda305bd954cbaaebc2c8,a35798fafe2d365b85bc0b228b9ea6dc,delivered,2017-07-22 21:18:59,2017-07-25 03:43:52,2017-07-25 21:54:24,2017-08-14 17:53:41,2017-08-23 00:00:00
19a8989f83d30de137a451dade333090,31e3d20f5e1a4cc5931186f4fafc01d9,delivered,2017-08-07 11:18:25,2017-08-08 04:24:30,2017-08-11 18:22:24,2017-08-17 12:09:31,2017-08-29 00:00:00
bb5fea89cce134344b32e4a09267f7aa,88e6097804f37b62bd32ab8705bd6959,delivered,2018-03-11 19:13:39,2018-03-12 19:10:35,2018-03-13 23:12:35,2018-04-10 22:39:51,2018-04-03 00:00:00
637143b11a1b8c86d9e349f19ee9a1f5,a964217c2db4ee749319d2a502939db7,delivered,2017-09-18 23:42:04,2017-09-20 02:36:34,2017-09-25 19:43:33,2017-09-29 23:07:55,2017-10-05 00:00:00
eb9c386367b06468eb9334ad5a9f28bc,f0f6f2b6ed7fefbc460e7e216139a1b0,delivered,2018-04-22 01:27:23,2018-04-24 19:08:47,2018-04-24 16:10:04,2018-04-25 17:06:35,2018-05-10 00:00:00
0647c4896cbb3bcfe3a48f652dd058ca,f74fb337ed11fedba7605dbf08af6c8e,delivered,2018-02-26 14:06:11,2018-02-26 14:29:47,2018-02-27 00:06:28,2018-03-07 14:18:47,2018-03-19 00:00:00
df4e2731dcd3169e040bda2dde5f70f6,9a3b9e11aea6ddc4bef827eb1effaf8f,delivered,2017-02-15 17:55:10,2017-02-15 18:05:18,2017-02-22 12:17:42,2017-03-03 13:15:57,2017-04-17 00:00:00
9acea951ead4e20b5effbe4c409dfc45,b5fae4701017cb8af6a702cdfdba47ce,delivered,2017-05-30 13:46:19,2017-05-30 13:55:31,2017-06-05 16:09:26,2017-06-19 16:22:58,2017-07-04 00:00:00
46fc20b4c9de927597e9bcdd9732d404,bed0f23eb182bc83f2e3852e989d404c,delivered,2018-02-08 19:57:31,2018-02-08 20:10:34,2018-02-09 22:44:05,2018-02-22 19:23:50,2018-03-02 00:00:00
cab08f0417a702d0f4782ec02356a4ac,f4b4417d306cbf8c55ea65c89d0261f7,delivered,2017-09-30 18:54:53,2017-10-03 04:28:12,2017-10-03 18:54:12,2017-10-30 12:37:42,2017-11-01 00:00:00
b2aaaac7465dd94360cfc675328104b4,715f38d3b677f1e88e7516c3018bb241,delivered,2017-06-29 11:58:41,2017-06-29 12:10:19,2017-06-29 13:28:28,2017-07-12 15:28:45,2017-08-08 00:00:00
122bcd950cbb5025373a8484845893e1,957a3623c0faeea984545261e16f6e5b,delivered,2018-01-15 19:46:23,2018-01-15 19:54:33,2018-01-16 17:16:53,2018-01-18 15:51:57,2018-01-30 00:00:00
be46df5b75c8aa56a4c1ac18cf4429ba,081121580a6ccd011a4668d3648a46fc,delivered,2017-08-05 15:18:41,2017-08-05 15:30:22,2017-08-09 20:41:48,2017-08-21 08:42:32,2017-08-29 00:00:00
5ade58a49ca9ff81df419eb4ad363c2c,8f72a0f14b2cfe5ad7ce426a09d56d2f,delivered,2018-02-15 23:45:22,2018-02-15 23:55:47,2018-02-16 22:27:13,2018-03-18 11:46:45,2018-03-09 00:00:00
53644a8a66249361bd171848c8df4f83,e0a1ffd73a9bfb889d91a9dfca16ee80,delivered,2018-08-02 13:18:47,2018-08-02 14:00:07,2018-08-04 09:18:00,2018-08-09 14:33:38,2018-08-09 00:00:00
a96dc2c8b069bb0b45b539cc316a9aa4,c4a6070421fb7c3223103d2c145b3099,delivered,2018-07-05 00:23:21,2018-07-06 03:11:20,2018-07-06 09:09:00,2018-07-13 19:16:35,2018-07-25 00:00:00
12b9b63b911cf0a24b137a184c48e4ee,9696abc6e0fbd7f6fd884de28a428bca,delivered,2017-03-09 14:44:36,2017-03-09 14:44:36,2017-03-15 10:32:07,2017-03-23 18:40:11,2017-03-30 00:00:00
492e8ed750e427ec9d97ca8d4d4eb69c,d8e2eb3e9f0c4624e6774d0241e81954,delivered,2017-02-07 23:13:17,2017-02-07 23:25:10,2017-02-09 13:43:20,2017-02-14 13:12:33,2017-03-08 00:00:00
087b9476284aab4d762f05d8c0181aab,05ae07724e12ebb587685c8acdb8260c,delivered,2018-08-12 20:52:56,2018-08-14 04:35:25,2018-08-23 09:16:00,2018-08-30 22:44:28,2018-09-06 00:00:00
ba7ba0ff040d6808492c4456eeb13730,afa7211b120162071eca4c10ebf7d415,delivered,2017-08-14 19:53:10,2017-08-14 20:25:14,2017-08-15 17:08:48,2017-08-21 18:17:36,2017-09-01 00:00:00
611a173cc635e8416613dbe247b9408c,6d8531102041466e74095eb791fa3033,delivered,2018-04-18 18:43:31,2018-04-18 18:55:16,2018-04-20 14:47:34,2018-04-26 22:18:36,2018-05-23 00:00:00
ea4286567e0283e5437a80dafadc9a4d,4d9f709311a714207891f7b75a803517,delivered,2018-04-17 19:19:04,2018-04-18 19:12:45,2018-04-24 18:03:06,2018-04-25 19:11:16,2018-05-02 00:00:00
e94db86cfc0247d6bb6ae5f1307b4805,adf5f3855da286cef928bf33f6dd47b2,delivered,2018-01-07 15:52:33,2018-01-07 16:31:47,2018-01-08 20:19:39,2018-01-16 20:39:06,2018-02-08 00:00:00
793fe057b09c8c2bebdd48451e985432,752ce9de228d0aa05ded6c88c1b176df,delivered,2018-04-17 15:53:53,2018-04-17 16:30:36,2018-04-19 18:03:47,2018-04-25 17:08:55,2018-05-24 00:00:00
f41a94d6c69bc6a77e342c4a43f14cdd,de477a1a9fbee437652412f90833a90c,delivered,2018-07-24 18:46:10,2018-07-26 03:05:17,2018-07-26 14:50:00,2018-07-30 18:08:23,2018-08-09 00:00:00
8f2646c107f28bd23a8b8d10764a1660,5cd705f1c11d370de00ac8b8cc995205,delivered,2017-10-26 14:49:40,2017-10-26 15:08:05,2017-10-31 15:57:35,2017-11-14 22:31:51,2017-11-17 00:00:00
f6a077b6752745563626dd0aba873fab,a0d75e873b418631576ab33a1341924e,delivered,2017-11-28 18:29:39,2017-11-30 02:34:24,2017-12-07 19:28:54,2018-01-05 17:44:16,2017-12-21 00:00:00
0a4c05d2e1ae812a342af2f5c9a34b36,3191981f84b69ebcca47bce1954371fc,delivered,2018-07-31 13:55:19,2018-08-02 05:15:25,2018-08-02 14:47:00,2018-08-03 13:48:35,2018-08-10 00:00:00
d3d1c3c4a40be344bd7092fa770cddb9,e80a1e1d476a1ebad5b9705581ac1923,delivered,2017-03-13 21:17:16,2017-03-13 21:17:16,2017-03-15 09:47:51,2017-03-20 08:35:47,2017-04-05 00:00:00
63252822ecaf7648b1528bf6b64fd25d,333f3b8ed28ed6e0f9d3b4ecd7f5bfc7,delivered,2017-02-23 10:58:44,2017-02-23 11:33:50,2017-02-24 07:56:37,2017-03-07 11:58:13,2017-03-28 00:00:00
9d6bbdf82f021b0245ce306927bf0487,eccc8b75339a4424b10ccf9a95e81191,delivered,2017-11-26 16:23:14,2017-11-26 16:36:08,2017-11-27 19:13:20,2017-11-29 19:19:53,2017-12-11 00:00:00
10fbf4deeecbf5381ea7de8d87603c0f,34af4d04a7a8bf9f3165365b13b10878,delivered,2018-04-02 17:37:17,2018-04-02 17:50:15,2018-04-14 00:06:46,2018-04-20 23:04:18,2018-05-07 00:00:00
b2556987198a8d2bf699d306c19a9962,93ae0ce7610324c8f758f054178cddfc,delivered,2017-03-01 11:03:28,2017-03-02 09:50:16,2017-03-03 11:43:53,2017-03-13 11:08:42,2017-03-22 00:00:00
11bbe550dfd1d9963bed46d85c6028eb,3980a868afa7d58191daf692ed61deaf,delivered,2017-06-10 03:39:17,2017-06-10 03:50:11,2017-06-13 13:21:51,2017-06-22 13:25:59,2017-07-05 00:00:00
58764a436cc4fc7c435054c8050cc64c,b30f69efdea5c24b0e45d79297b690a1,delivered,2017-04-21 13:35:24,2017-04-21 13:45:09,2017-04-24 12:09:20,2017-05-03 14:22:37,2017-05-19 00:00:00
03eba6d9fef8f5b3e811d4b5a7cca9cd,08e7487578bd3fb98d11c5d95f1e5db5,delivered,2018-02-08 20:09:44,2018-02-08 20:29:03,2018-02-15 20:06:44,2018-02-22 14:43:51,2018-03-07 00:00:00
75473283e7441a8d1a9c8807fafd0f2d,86e84cf56a414caf580bc5b1a97bdc17,delivered,2018-01-27 12:59:48,2018-01-27 13:17:28,2018-01-29 16:54:53,2018-02-06 16:04:45,2018-02-22 00:00:00
367d72ed72e5988018a75524b1a4ab77,455592f20535d77a68a9948e43a43c97,shipped,2017-04-12 12:24:27,2017-04-12 13:07:05,2017-04-13 12:18:07,,2017-05-10 00:00:00
14926491946bbf88760be070f0644227,ff015a148d2b336072bf54576da83d33,delivered,2018-01-26 13:31:18,2018-01-29 12:52:07,2018-01-30 19:56:25,2018-02-08 19:38:58,2018-02-22 00:00:00
b3d481d6ef4fe95f82baa8d0689de1bb,04a0f320323673ed32272d2ee4d5cf39,delivered,2018-05-22 10:59:16,2018-05-22 11:15:28,2018-05-25 10:54:00,2018-06-08 23:25:29,2018-06-08 00:00:00
a4e8c6ce4b3017aceed77c3e34035dca,911e8698dd74044892f615e51170f476,delivered,2018-08-07 10:47:57,2018-08-07 11:04:54,2018-08-07 15:13:00,2018-08-10 14:34:56,2018-08-28 00:00:00
b51be3456fb3c1af43bdfbba6f80269b,810f34a5e0f7d99c2409aca44c5f8158,delivered,2017-03-18 14:36:49,2017-03-18 14:36:49,2017-03-24 10:18:12,2017-03-29 16:14:49,2017-04-17 00:00:00
588493b85f6219865d7ac7193880c0a0,8dbf7fdcafff8582fe61d95d288f87fd,delivered,2018-06-26 13:12:51,2018-06-26 13:37:03,2018-06-28 14:12:00,2018-07-04 16:27:40,2018-07-27 00:00:00
171b2216b2d1b1f42bc9481f06dfaa40,4effb0c115d3623a11c524295db4150c,delivered,2018-08-08 12:25:33,2018-08-08 12:35:17,2018-08-09 12:15:00,2018-08-17 20:04:36,2018-09-04 00:00:00
064eacf6619a7203b06b7187bf3a3779,1731604d6fcd6fd6dbc0e2e12d552ddb,delivered,2018-01-03 18:07:35,2018-01-03 18:17:30,2018-01-05 18:17:58,2018-01-16 16:35:03,2018-02-02 00:00:00
a50f3e03765e8315c06a23e128aca380,bd0d2079cb36016dae8d436be53fc4cb,delivered,2018-04-23 16:13:31,2018-04-24 17:37:20,2018-04-30 13:23:00,2018-05-07 15:15:06,2018-05-14 00:00:00
346c0a181df97b0776f3d7d4a2cec70f,fc77c4ac37e4b4fb64df2d68e0ff93dc,delivered,2018-07-08 20:06:55,2018-07-08 20:25:19,2018-07-10 15:15:00,2018-07-12 19:42:01,2018-07-19 00:00:00
4244bb7994cdcf8c2a63651b4fba924c,c06e2d2854074308f2778ef16afcf777,shipped,2018-01-07 16:15:47,2018-01-07 16:22:21,2018-01-11 17:14:35,,2018-02-05 00:00:00
94cf59885365bee1e40724968aa2f524,4df1359c081f4d8d5e650694a59f8244,delivered,2018-08-09 20:37:04,2018-08-09 20:45:11,2018-08-10 13:21:00,2018-08-15 15:03:26,2018-08-20 00:00:00
62dd8e5f0825db70280fd7e07e599900,bbc0effac75e68c7c25d64e42c4eaf44,delivered,2018-03-25 21:54:56,2018-03-25 22:10:27,2018-03-26 20:52:13,2018-04-10 20:11:12,2018-04-13 00:00:00
5284adfbbb8324bb8cc6ce42f0ea43e5,288a23c0e47f43396b2d6809b968c70a,delivered,2018-06-08 08:59:52,2018-06-08 09:15:16,2018-06-08 19:00:00,2018-06-11 17:48:56,2018-06-28 00:00:00
f8a8d05d951ce7e359dfd0c67f1de017,b5a6e22f1c0652b0471c302536e40159,processing,2017-11-30 10:04:05,2017-11-30 10:22:16,,,2017-12-22 00:00:00
18d86dc05e56e4fe15bf2d5570ba8c4c,987ae02fb6af61ae5e84aea507c03933,delivered,2018-01-30 10:39:49,2018-01-30 11:09:12,2018-01-31 21:59:04,2018-02-01 22:04:31,2018-02-21 00:00:00
243f2d7445f9dd0abd4542bb61385f51,75f63f0c91f311a86444d9f5c49e3579,delivered,2018-08-23 17:02:44,2018-08-23 17:15:22,2018-08-24 13:18:00,2018-08-28 16:03:39,2018-09-04 00:00:00
e86938345405d046452bd662085b127b,87219fc2699ef5362ed6652ed3eff170,delivered,2017-11-11 15:23:08,2017-11-11 15:30:38,2017-11-16 21:34:40,2017-11-24 21:14:51,2017-12-12 00:00:00
55b8e1fb321cbab593e51c5c50031125,e26d111e27a794e1e3404239c115907c,delivered,2018-01-10 08:31:52,2018-01-10 10:32:02,2018-01-15 11:27:04,2018-01-31 22:09:05,2018-02-05 00:00:00
961f1793d1fa464e0ed6686562936da8,04c79718e69bce669782d1cdbfa6f138,delivered,2017-08-01 18:21:25,2017-08-01 18:35:42,2017-08-04 22:41:41,2017-08-17 20:25:00,2017-09-04 00:00:00
93d94474ff31149c751c5123897916d7,0a59f8ef2c08c550b607e7a5b71c754e,delivered,2018-05-26 13:42:06,2018-05-26 13:51:06,2018-05-29 14:22:00,2018-06-15 12:06:50,2018-07-13 00:00:00
40f22b552ee940dd1c4c37d90ff60808,3708436707d3e9281c643cfaf9b8d291,delivered,2017-06-29 12:02:32,2017-06-29 12:10:21,2017-07-04 16:21:36,2017-07-05 10:49:46,2017-07-12 00:00:00
be66cd0bcc6ba78c707158c1c6eb0c09,b8e1a7d855be19f3b096df63e2d2bfb8,delivered,2017-07-11 13:18:28,2017-07-13 02:50:25,2017-07-18 18:17:28,2017-07-24 17:43:00,2017-08-02 00:00:00
9b97589d5c9eae3d4c7a24687c866a33,10ba1547c5701a2efe4ef818993edc47,delivered,2018-06-19 14:42:23,2018-06-19 14:57:43,2018-06-20 18:55:00,2018-06-21 23:32:43,2018-06-29 00:00:00
637567b73e725cc4f07341561386e9b6,f2997774d38005a9ed6515d692a57116,delivered,2018-05-09 20:00:37,2018-05-09 20:15:16,2018-05-10 12:03:00,2018-05-24 13:12:46,2018-06-06 00:00:00
99e2c8721dc8a9be03fc0c395a7ccbf3,9bc5dfc92b36104c57059fc2b52ece91,delivered,2018-06-19 10:52:42,2018-06-19 11:18:52,2018-06-20 14:11:00,2018-06-27 17:20:51,2018-07-18 00:00:00
c7cefd037d7b587c65b07893be7f6753,c19cb9a7806575c180eae3eb267a722f,delivered,2017-07-21 09:07:53,2017-07-21 09:15:18,2017-07-21 17:21:37,2017-08-10 20:51:33,2017-08-24 00:00:00
2057a9d9d1c17e9a230010d67164fe31,ff2115ad55e342ae746a65ed647d841f,delivered,2018-03-28 10:59:13,2018-03-28 11:10:24,2018-04-03 22:48:51,2018-04-12 01:32:41,2018-04-26 00:00:00
40d390835e3da901802d4c3b4b184863,5b2d2a6c2083422a5be41ad4c86b5781,delivered,2018-07-22 15:16:31,2018-07-23 12:32:19,2018-07-24 15:22:00,2018-07-25 18:33:52,2018-08-01 00:00:00
53e02bdfef30ece7b783369568037bd0,00f5111aa1572c08c765f48e20edf87b,delivered,2017-04-24 07:52:29,2017-04-26 09:38:25,2017-04-27 08:06:29,2017-05-06 09:13:04,2017-05-11 00:00:00
ecfdcaa1a2dacb4e5297d8251b115002,2dffab2135e36d25087cad94f4e559ab,delivered,2017-01-17 22:26:00,2017-01-17 22:42:15,2017-01-19 08:14:56,2017-01-27 10:07:33,2017-03-07 00:00:00
c6c99f96854560866a50760e74aca378,bab6906c7c63a27077966732873c1664,delivered,2017-09-05 10:39:08,2017-09-08 08:24:25,2017-09-08 18:40:00,2017-09-20 20:38:56,2017-09-28 00:00:00
42769a5163a34297f4458dbccf206b36,fa8aaa18814fdd364807cf2de3b57fa5,delivered,2017-08-24 16:44:37,2017-08-24 16:55:19,2017-08-29 19:27:46,2017-09-06 12:41:18,2017-09-20 00:00:00
a36c4be04977d1e030ff28b9791d8ebc,828ea70242f52f6cf71c2b01b42300d9,delivered,2018-03-15 21:14:05,2018-03-15 21:30:36,2018-03-19 23:34:27,2018-04-05 00:12:26,2018-04-03 00:00:00
3676b8a38151270ac285f2fa3c564772,255bd9cf3c5ada66932666a0dc4dc255,delivered,2018-08-25 17:52:00,2018-08-28 03:44:10,2018-08-28 12:45:00,2018-08-29 17:21:56,2018-08-30 00:00:00
5d74b3ad92a846bb883841ab6a20d629,e346c520f747b33c5e589080471cb18f,delivered,2017-08-24 23:03:49,2017-08-26 02:24:36,2017-08-28 15:31:22,2017-09-01 18:57:51,2017-09-14 00:00:00
47757e40bf5bef19314ecbdf38a45d41,5bd3a80a576a908a96903d80dfea9f8a,delivered,2018-08-06 17:17:25,2018-08-06 17:30:14,2018-08-07 17:35:00,2018-08-10 20:42:04,2018-08-17 00:00:00
ff54387ebb9660cb3ffc874139e4bd56,0c6d5aa201afc2ff4a43742e850fc3d4,delivered,2018-06-18 17:31:22,2018-06-19 17:45:55,2018-06-20 14:47:00,2018-06-22 15:45:15,2018-07-26 00:00:00
04ebe10a05b6cb445e27b34f29a01c1a,8914e881bbf2c9017c99a75e418b5aba,delivered,2018-08-17 09:54:22,2018-08-18 02:50:23,2018-08-20 10:50:00,2018-08-27 18:36:44,2018-09-10 00:00:00
8aa72d666c6f202feb55ccbeaa871ec5,eee05280b094b8463a5d1d1962333323,delivered,2018-05-10 11:14:43,2018-05-12 02:53:33,2018-05-15 12:44:00,2018-05-18 23:31:09,2018-05-29 00:00:00
112e22ce5f700d2155befd89a15b4a5b,90eb27e381d8c75dd3acf2f87fd8aa50,delivered,2018-05-07 11:48:13,2018-05-07 18:10:52,2018-05-09 14:27:00,2018-05-11 20:04:49,2018-05-15 00:00:00
2c8368619bc15c47d6fd7de27cdef0c6,ec4e8ad9f16c833a251a358f7e28a217,delivered,2018-04-16 13:37:20,2018-04-16 14:15:26,2018-04-18 00:48:40,2018-04-23 22:56:38,2018-05-14 00:00:00
965a7865810eb2fcea1de935b37b5ff5,a714af914cd870f1e99245b1df9aa161,delivered,2018-05-05 17:38:38,2018-05-05 17:55:12,2018-05-07 15:29:00,2018-05-09 20:51:32,2018-05-18 00:00:00
bfce66de4bbac659ab1d0763b8796a58,b988443bc3c86581b7d6fe9084be35d7,delivered,2017-07-04 01:44:17,2017-07-04 01:55:16,2017-07-06 08:37:45,2017-07-26 17:57:37,2017-07-28 00:00:00
06fa97ae36cda18a1e8ea370f3f2edf7,059f29f70dd5872036d655d20ee08965,delivered,2017-12-07 18:49:28,2017-12-07 19:09:37,2017-12-12 22:58:28,2017-12-21 15:52:29,2018-01-02 00:00:00
303edeab6728412b08ad9c17990159a4,4c9004b01af30ce7bfbd35333b5da18d,delivered,2018-03-12 22:13:08,2018-03-12 23:35:25,2018-03-15 16:46:34,2018-04-04 22:32:26,2018-04-02 00:00:00
9df975b38ffcb2931968b4949c8b29a2,1f5fea6db40c8097a35c32c44a945a0f,delivered,2017-07-16 11:14:55,2017-07-16 11:25:15,2017-07-18 18:33:38,2017-07-26 08:47:50,2017-08-04 00:00:00
d18a9528e8077026b951849741ab227b,4da2611319c642ea716073cf37ad1427,delivered,2018-01-20 20:57:48,2018-01-22 14:17:54,2018-01-23 21:06:35,2018-01-25 02:56:47,2018-02-14 00:00:00
c2414e3bcb42ad5f67a0b161ed96f8fa,750411c5a774e03fc33a28d1ac54b121,delivered,2018-03-15 17:42:15,2018-03-17 02:50:49,2018-03-21 21:29:46,2018-04-04 10:31:39,2018-04-03 00:00:00
266fd5134fd1b895a5b06936d51aaa17,c63304e16787c8a326c2a53765e5adb4,delivered,2018-03-19 14:39:49,2018-03-19 14:55:42,2018-03-21 19:06:51,2018-04-21 00:42:28,2018-04-11 00:00:00
d3e02de362fc9f3853a322184625c590,3f1471e47869243a10fcf26fbdbb8930,delivered,2017-05-10 14:46:54,2017-05-10 14:55:09,2017-05-11 10:23:53,2017-05-16 15:10:09,2017-05-30 00:00:00
2d6fc83ab7a33776aaff9cca998308cb,9373eea767fa2a799ae494e7a66ea704,delivered,2018-03-18 08:43:28,2018-03-18 08:55:50,2018-03-19 19:25:13,2018-03-23 17:04:05,2018-04-10 00:00:00
225e39ca6a487e0cdd5c97dfc57c92ff,577701d3d24a554e38b47d391b1c418e,delivered,2017-12-16 21:03:22,2017-12-19 17:16:19,2017-12-20 14:15:00,2017-12-22 23:23:30,2018-01-05 00:00:00
703862e7dc38ba4cff60785988822c00,064a57e6a257803d24175910385593ca,delivered,2018-06-18 02:41:56,2018-06-18 03:29:43,2018-06-18 13:39:00,2018-06-21 15:03:13,2018-07-05 00:00:00
80fbdf1b4754726acfa023f81805a91d,308ef8f1c0e1ae447b7adde9ef5a4498,delivered,2018-06-15 19:24:21,2018-06-15 19:42:32,2018-06-18 14:19:00,2018-06-26 17:48:33,2018-07-17 00:00:00
53e1b8f33e706e740dc7fb9005d242a0,83363e2b97e2a94fef272c583596704b,delivered,2018-06-10 18:02:30,2018-06-10 19:38:09,2018-06-11 13:45:00,2018-06-28 21:28:45,2018-07-19 00:00:00
def6322635f4afb3da8756ad712957c0,d7c6202c81ea8e87b8c1afca9081081d,delivered,2018-05-13 16:45:22,2018-05-15 04:12:10,2018-05-16 08:15:00,2018-05-17 19:31:18,2018-06-14 00:00:00
af3aee1b753d8f4570c9179f56824a1c,b1e194083bcc8e8f0f943788221d9c72,delivered,2018-01-18 00:00:33,2018-01-18 00:11:34,2018-01-18 22:48:58,2018-01-31 00:23:19,2018-02-22 00:00:00
f509a7040093f6d9092290c14fb8cdb2,9fd502a41b84277f49be75af6fbc2738,delivered,2017-12-10 09:09:56,2017-12-10 09:19:24,2017-12-11 22:57:53,2017-12-17 14:51:37,2018-01-04 00:00:00
91a0f7540ddd2e3e4619c685fae0f928,2cce95fd71a03d2f6e58f43ceaad06ad,delivered,2018-03-16 06:43:38,2018-03-20 03:50:35,2018-03-21 18:38:48,2018-03-27 18:52:44,2018-04-11 00:00:00
aaca5270899bdea4df5cb9c8d6c23180,53baabe64431c61f808de3d8254eb0de,delivered,2017-08-06 18:45:06,2017-08-06 18:55:21,2017-08-08 20:18:24,2017-08-18 23:32:54,2017-08-29 00:00:00
20cae0a28869a4321d8fe372731f80e0,c3537eef72f2b883b3cbc75b1b9480b5,delivered,2018-01-15 23:42:12,2018-01-15 23:53:31,2018-01-16 19:34:51,2018-01-26 17:25:11,2018-01-30 00:00:00
274e474fe18a32ae7bf5cc6bb0e7a46c,96644a3df7c6906774dbfaac8cf07560,delivered,2017-04-19 14:13:07,2017-04-19 16:10:20,2017-04-20 08:28:00,2017-04-30 12:15:53,2017-05-11 00:00:00
c9818293951fc66342b8f155714a22c9,a0892e58068ec37cc251d80356413666,delivered,2017-11-30 11:16:17,2017-11-30 11:42:25,2017-12-06 12:05:15,2017-12-21 01:07:13,2018-01-02 00:00:00
6903c26b793d77caa16eb23e3d238ceb,2ea63b3fd878c5c4d6cfa15af36f9298,delivered,2017-07-18 23:20:52,2017-07-18 23:30:21,2017-07-19 18:03:08,2017-07-27 21:28:49,2017-08-09 00:00:00
47501eba9eeaaa3c12fa168efce7aae3,886372b4fafa82404226c837b1265e4e,delivered,2018-08-24 09:17:45,2018-08-24 09:30:13,2018-08-25 07:47:00,2018-08-30 14:47:47,2018-09-17 00:00:00
a2e269d426176695531c8cc824265489,548a7bd3843a197ef34e074a2d53ed06,delivered,2017-10-31 21:34:59,2017-10-31 21:50:36,2017-11-03 23:08:53,2017-11-06 16:11:28,2017-11-13 00:00:00
b78ba6ceb060e6cc64b1f92a95c42505,9f0572207530663fed60cf042b2419ee,delivered,2018-02-12 18:08:54,2018-02-12 18:15:21,2018-02-19 23:52:20,2018-02-22 19:39:13,2018-03-21 00:00:00
4fc7baf99c39f26dc14168981f918554,2798733b7befaf90112c6730fcf737ce,delivered,2017-07-15 12:56:35,2017-07-18 06:15:43,2017-07-20 20:19:39,2017-08-02 21:47:47,2017-08-14 00:00:00
fd15c3951b25d11abd0fcc3518ef2b42,7d2923a34828c8f767f2c6b110ddf4d3,delivered,2018-04-19 18:43:44,2018-04-20 07:32:03,2018-04-23 22:06:31,2018-05-03 14:19:14,2018-05-17 00:00:00
ac7969ba0d14152429d747a51407abe4,827527fc23866f028badc583e4778cf5,delivered,2018-04-05 21:17:29,2018-04-05 21:30:21,2018-04-11 22:03:06,2018-04-13 14:02:35,2018-04-20 00:00:00
16cc0fe71527d13426bdbe29205b2053,806972b159c0b485d212c2c35012c012,delivered,2017-08-28 20:24:53,2017-08-28 20:44:59,2017-08-29 20:41:52,2017-08-31 16:52:02,2017-09-14 00:00:00
d2e280e54ecb98f30a641bb661336baa,f16fab92d9db62cf28fc28ee8dc85c5e,delivered,2018-04-05 11:22:54,2018-04-07 02:48:13,2018-04-11 16:03:05,2018-04-13 00:50:52,2018-04-25 00:00:00
3877e5bf296cc5b88537eab728ede326,dcbce6ecb10a44cba2e0fbe5fbf63175,delivered,2017-08-07 00:28:26,2017-08-07 01:23:51,2017-08-09 17:58:28,2017-08-10 20:38:07,2017-08-29 00:00:00
0afc9d224a6bcb1862f0d678183a5140,a8154b4451b0f7e908ff206120862ed3,delivered,2018-02-14 11:03:48,2018-02-14 11:15:29,2018-02-15 17:27:27,2018-02-28 22:27:08,2018-03-09 00:00:00
bf6fa06aa0249987dc5bf7c457f1d556,66e583bbcd3dfd294dadeb861d61f3eb,delivered,2017-08-21 20:56:25,2017-08-21 21:06:13,2017-08-22 21:52:01,2017-08-25 19:13:48,2017-09-11 00:00:00
70ed892da9da5db41406428e9d9ced49,d9bc09228a6d0e4f885c56ddb7e5a95d,delivered,2017-05-01 23:07:26,2017-05-01 23:22:51,2017-05-02 15:36:17,2017-05-11 16:19:54,2017-05-26 00:00:00
a77a982ca1692469b8cb436e570f3ea4,c70da07ab281d8db2e4bd3ad3a25e48a,delivered,2017-11-13 14:47:34,2017-11-13 15:07:24,2017-11-14 22:17:12,2017-11-23 18:53:00,2017-12-08 00:00:00
1b2a09e1fb4ede4fd59a806112766dc7,139d5ffd92108182976063d0d8aca45c,delivered,2018-07-30 20:48:59,2018-07-31 11:30:32,2018-08-01 14:27:00,2018-08-07 18:08:46,2018-08-20 00:00:00
40237e91fbaa88e62cdc9397b2e3343a,6b6239435ae315b60fbe14d91fd760ce,delivered,2018-07-18 21:38:35,2018-07-18 21:50:17,2018-07-19 14:48:00,2018-07-24 12:48:38,2018-08-02 00:00:00
292d96807fa8b6df10efed3dde855721,6e678649ada509de058c5621d9778259,delivered,2017-10-26 22:32:10,2017-10-26 22:46:15,2017-10-27 20:16:59,2017-10-30 17:03:17,2017-11-17 00:00:00
db78bc1fc5b5d42b435031c4c389b809,5e379ca48ae12c4e18ffdbdd5a6e770f,delivered,2018-01-31 21:54:29,2018-01-31 22:09:53,2018-02-01 20:50:26,2018-02-02 22:13:14,2018-02-16 00:00:00
f12da9db3adbe761c69fc8ea15272fff,2eaf0dcbad09cb8f3cda5350c069ea2d,delivered,2017-12-10 20:18:36,2017-12-12 03:50:09,2017-12-15 14:59:26,2017-12-19 18:06:41,2018-01-04 00:00:00
44b03207799885f7c5973f59dc81fae3,df96bc92ed0993fb9e1c5433b07a8fd7,delivered,2018-05-16 08:39:29,2018-05-16 08:53:32,2018-05-16 14:25:00,2018-05-25 16:12:00,2018-05-29 00:00:00
63e68d9e780dc16336adc88e9cbe288e,d5fb03f7777def9b5a057dbf04dbc3cc,delivered,2018-05-23 13:32:36,2018-05-23 14:14:20,2018-05-24 13:35:00,2018-06-05 13:32:51,2018-06-20 00:00:00
f54625bd1c01cb2de21cb256de818cf2,428ce83b5723026d8b5a9e96a91c6127,delivered,2018-05-22 19:53:19,2018-05-22 20:17:11,2018-05-29 07:16:00,2018-06-07 21:22:10,2018-06-14 00:00:00
c8da096eda1ac468af162c20d2621512,9efa7053d9ef72088e2750da1f3fc79a,delivered,2017-09-20 12:37:35,2017-09-20 12:50:22,2017-09-20 18:31:53,2017-09-21 17:48:17,2017-10-05 00:00:00
c8fe12f276a71635e2f929eac9d2d21e,e7a1ded8a16fdf3a7676b01a71d55b78,delivered,2017-09-22 11:57:46,2017-09-22 12:10:16,2017-09-28 15:27:57,2017-10-05 20:05:24,2017-11-21 00:00:00
6638967e5dd4744b8bb5be1be7901f07,1c52f1181d55c6ea11991df0075cf71c,delivered,2017-10-14 09:41:51,2017-10-14 09:56:18,2017-10-16 16:38:43,2017-10-28 16:26:41,2017-11-07 00:00:00
13891a1a55cf023484b8b06a5c08049b,fa02521db66aa21f86affb23282ebf15,delivered,2017-05-16 23:20:47,2017-05-17 16:55:20,2017-05-23 15:14:16,2017-05-30 04:23:56,2017-06-07 00:00:00
bdacdd00dc1b07da7c9d22575092a286,da88fb151f2bfdf7e7c8da4c41dc67c1,delivered,2017-11-24 18:56:42,2017-11-24 22:14:12,2017-11-29 22:44:49,2017-12-12 22:33:30,2017-12-14 00:00:00
d8b7feebc9066935b2a7f7002abb4e43,e15ac927f77cc9a475ffa2d8b59920d8,delivered,2017-03-28 09:03:18,2017-03-29 02:10:46,2017-03-31 12:51:50,2017-04-04 09:57:53,2017-04-17 00:00:00
91c7af31bbff981f2530987c8d5d5ae2,01295bcfd2311c7b510c4c697f82b6be,delivered,2017-09-17 19:18:54,2017-09-17 19:30:22,2017-09-19 16:18:59,2017-10-13 11:42:21,2017-10-05 00:00:00
bf20a3dc1ce70ff4b1c392d2efb503ad,c456733e88a103b3258c903dd5d79f07,delivered,2017-10-19 21:19:13,2017-10-19 21:29:24,2017-11-23 19:23:25,2017-12-08 17:32:33,2017-11-16 00:00:00
f1c81a653dc5314b7aa62e06239f12c8,0dfe60b670deaf534a0d9519349169d0,delivered,2017-04-26 12:37:33,2017-04-27 13:10:40,2017-05-02 16:43:07,2017-05-10 15:22:03,2017-05-17 00:00:00
be16722a27c9d9dcf7054c682b72b3f0,3a5695bdd7131d847aa186d3e219a142,delivered,2017-07-15 21:31:33,2017-07-15 21:43:38,2017-07-18 15:22:48,2017-08-01 22:04:44,2017-08-08 00:00:00
8dedd7e73279ba745515b492ca31eb5a,152e25474f9ab4d853684feef7736ec3,delivered,2017-04-03 18:36:36,2017-04-03 18:50:14,2017-04-06 10:26:38,2017-04-10 12:25:38,2017-05-03 00:00:00
852278c3a52996ebc578a49c8249d350,cd88ed0737a4336680a8bca9efe10d9a,delivered,2017-04-02 11:59:46,2017-04-02 13:05:28,2017-04-07 13:09:50,2017-04-11 18:45:08,2017-04-26 00:00:00
d91ebca111fb89e1ebbf4725da3120ea,308667a56967ca75ca916f6f143dcd27,delivered,2017-11-20 11:44:44,2017-11-20 11:56:33,2017-11-23 17:41:08,2017-11-25 12:14:52,2017-12-01 00:00:00
ec332d1339fbc535b68e413e12bd2cb6,2fb1ac74d64b8d5498f89a0ff9047a06,delivered,2018-01-19 20:26:39,2018-01-19 20:37:27,2018-01-22 20:09:55,2018-01-29 20:51:59,2018-02-09 00:00:00
4196c75071e7c2d5ca1fb521e2dc75a2,c4b2c169ecb610bcbc293e907c08081c,delivered,2018-04-23 07:56:35,2018-04-24 18:57:06,2018-04-25 14:30:00,2018-05-08 02:05:33,2018-05-16 00:00:00
5e981569f5835c96e4b288363b3b8f63,53bb5604662705879bbe3f11a25bda0f,delivered,2018-07-30 16:25:37,2018-08-02 13:43:13,2018-07-31 13:42:00,2018-08-01 15:17:54,2018-08-02 00:00:00
b32d933cbb60baceeffff29dad694641,8588989971302386a38473265806affb,delivered,2018-08-16 09:18:25,2018-08-17 03:35:10,2018-08-20 13:07:00,2018-08-21 13:21:01,2018-08-21 00:00:00
1f8fd5fe13ced0df2d9b93995534e59e,320c45c151d6e0638787c8e35e0e0c9b,delivered,2018-06-24 13:18:56,2018-06-24 13:34:01,2018-06-25 06:41:00,2018-06-28 15:06:32,2018-07-24 00:00:00
00efb72d8e18533f736e86770705d094,bcda63215770504537bdb7ae298568f6,delivered,2018-06-04 17:40:52,2018-06-04 17:53:08,2018-06-05 10:15:00,2018-06-13 18:41:10,2018-07-12 00:00:00
98b1e2ab7ac5c2be52f3e1d74ce5b18e,d62aa5699e77744118db71d3f9228dbc,delivered,2017-10-13 17:37:07,2017-10-13 18:49:25,2017-10-18 18:55:48,2017-10-23 20:20:02,2017-11-01 00:00:00
72fac1240f2dbf9cb8947475f525d588,198f040ccefade08917a640a734f4c14,delivered,2017-11-05 00:42:40,2017-11-05 01:10:57,2017-11-07 18:22:15,2017-11-23 23:41:07,2017-12-04 00:00:00
e734d2946014016191c36d3bacb36508,4630ad34019d50150570fc3252b5d83f,delivered,2018-06-16 14:34:24,2018-06-18 09:13:59,2018-06-18 15:07:00,2018-06-25 21:07:37,2018-07-17 00:00:00
ea29d09fa496c9e054d57d5f7f153478,bb518d8a934e5860d0cb18c929cab493,delivered,2018-02-09 21:52:39,2018-02-09 22:08:35,2018-02-10 17:12:32,2018-03-09 14:51:32,2018-03-08 00:00:00
ad5e4b37aefeac1f582990bd5f5097e8,fb40b407e90dc1ba2d6fbe757fd3e9b1,delivered,2018-03-05 10:43:53,2018-03-05 10:55:35,2018-03-08 00:19:04,2018-03-28 12:03:56,2018-03-29 00:00:00
17f97d000b0ebd36b6dbdf154b0a3d7f,d9b20c419765754169295dc0aed6da34,delivered,2018-04-01 07:56:54,2018-04-01 08:10:07,2018-04-03 18:08:28,2018-05-02 12:58:39,2018-04-26 00:00:00
c594bf7ad43d43c22b3b2646d12d729b,dc2fdac2ca146528f3a1f55dedf31a3d,delivered,2017-09-14 19:06:30,2017-09-14 19:24:47,2017-09-18 17:57:39,2017-09-26 20:37:54,2017-10-03 00:00:00
a9569e5470a944e2c8787ab08b6e26ed,deac5870962fbc4af64040f2cbfd57d9,canceled,2018-07-20 14:04:13,2018-07-24 11:32:54,,,2018-08-07 00:00:00
3ea133ff119739c54b9e8beef186d181,827d71abb735f7c6fb410a57362826b8,shipped,2018-05-10 18:47:38,2018-05-10 19:10:20,2018-05-11 15:00:00,,2018-06-05 00:00:00
0e5a29e23ca4bc3c197b355d9c170a6b,adefb906403815c6d515c55b2a7091ee,delivered,2018-06-12 07:23:57,2018-06-13 02:37:21,2018-06-19 15:06:00,2018-06-30 00:12:52,2018-07-11 00:00:00
a88edef387e2a7e457695664bf0ddfc0,e444b41fbd6fc04d352ef1a1133b489d,delivered,2017-03-22 08:29:47,2017-03-24 01:35:19,2017-03-24 12:25:30,2017-04-22 09:22:27,2017-04-12 00:00:00
c545d2c13c923518251d50c8efeaaef5,8de735c5b8fcb11696c84002643f902a,delivered,2018-05-08 16:48:41,2018-05-09 16:57:43,2018-05-10 15:53:00,2018-05-20 05:18:32,2018-06-01 00:00:00
9b21580d9a140962daa66b493fa50248,f77149c522ac4a85491db62d14ce04aa,delivered,2018-08-04 13:46:34,2018-08-07 04:44:41,2018-08-16 13:32:00,2018-08-20 19:08:38,2018-08-20 00:00:00
54d84dc0eff0132dfeae935a6c27eb45,b796e0c31028cfd17967cb1cb6b5dfc9,delivered,2017-07-27 11:45:11,2017-07-28 10:23:43,2017-07-28 17:16:48,2017-07-31 17:41:28,2017-08-09 00:00:00
57638520434d4c12b81d532ad9bf2f1f,2a1a08facf3d9c72a81525e7c0a84d23,delivered,2018-02-18 13:45:36,2018-02-18 14:50:22,2018-02-19 19:52:41,2018-03-02 10:06:20,2018-03-14 00:00:00
e6b85212f850856b7617804765770a0b,85af9b999c9349c4910ea6dfdaf43ada,delivered,2017-05-11 09:24:29,2017-05-11 09:35:20,2017-05-11 12:12:07,2017-05-15 14:33:39,2017-05-31 00:00:00
9e0e163a301e9e91fa697e0973e4a53d,832b138e378d72a36ce0d4b96c12e828,delivered,2018-06-12 11:09:26,2018-06-13 11:16:27,2018-06-13 15:11:00,2018-06-15 22:11:18,2018-06-29 00:00:00
e17c1dcc7717b07a0613f26fd235b0a4,213954f035bc62d583b9e11ee09af81e,delivered,2018-08-19 17:25:43,2018-08-21 04:50:20,2018-08-21 14:12:00,2018-08-25 00:09:51,2018-09-24 00:00:00
4e77b6d9a250b3b62dc59551525bc90c,f8cd5ed6f5b1ee9df0100eeb8aded5d9,delivered,2017-11-24 10:59:26,2017-11-24 12:52:27,2017-11-28 19:29:11,2017-11-30 20:28:44,2017-12-22 00:00:00
56e11716ba370a51d5795ecf34f9510d,98fde7fe3cdc65d9917130594f173df2,delivered,2018-03-19 17:13:31,2018-03-19 17:29:46,2018-03-20 22:38:48,2018-03-21 14:58:27,2018-04-13 00:00:00
f2669763f397bcf6bfda2c9cac792b09,a0aabd1c3d8364e0afba65036c53c749,delivered,2017-11-26 15:26:36,2017-11-26 15:37:21,2017-11-28 15:03:53,2017-12-11 23:10:37,2017-12-18 00:00:00
0aa31b21d8142ae99420dec2c667e869,398d40045df6bd85c62cc47e4f5715d2,delivered,2018-03-14 12:19:11,2018-03-14 12:30:32,2018-03-15 20:38:24,2018-03-22 22:17:33,2018-04-02 00:00:00
4188cfb6f4039cb4b50ee591cec8086f,1c11ae5217eb240d76916d9e4ad113dc,delivered,2017-11-26 11:45:11,2017-11-26 11:55:06,2017-11-28 00:05:38,2017-12-07 15:42:24,2017-12-19 00:00:00
7437b218b9af11255c89b0043905192e,35647463ddcfa9e24f6ae04d3cb97cda,delivered,2018-05-08 16:21:30,2018-05-10 02:57:26,2018-05-11 15:45:00,2018-06-01 15:43:02,2018-05-29 00:00:00
2b436e6951b206c144738c3c430fb701,683adb140377f00f3c243258bf0eaf83,delivered,2018-01-03 20:20:26,2018-01-03 20:29:32,2018-01-04 17:52:16,2018-01-25 19:08:53,2018-02-02 00:00:00
16f0fa8aecf907e4fe3768af883f0def,6d71041730a38bc71d4510a76cb38b7a,delivered,2018-06-18 11:46:07,2018-06-18 12:19:12,2018-06-19 14:03:00,2018-07-03 06:12:50,2018-07-20 00:00:00
bef91d8b2fdc7104c272e688abb17c4f,cfa8d47c9650d5dd13b594b52cfc8491,delivered,2018-08-09 19:53:40,2018-08-09 20:05:17,2018-08-14 14:33:00,2018-08-26 11:18:44,2018-09-03 00:00:00
c85effde0ed0992c84e040a55a793259,3afa07715c980bf768a77337d193f7c3,delivered,2018-06-03 11:22:06,2018-06-05 04:52:00,2018-06-05 14:59:00,2018-06-07 22:58:56,2018-06-28 00:00:00
4053d75129c21cf5b41d41e6bdf3cd28,3bd124a0d3630c45d920e49a107b6912,delivered,2018-01-09 20:39:23,2018-01-11 02:35:38,2018-01-11 22:29:28,2018-01-19 20:36:33,2018-02-16 00:00:00
010b0f6bd323a9effd095a743e660f26,892522b67acfcb855f3feba4cff78050,delivered,2017-07-18 12:56:38,2017-07-19 07:32:04,2017-07-20 19:26:36,2017-07-26 13:57:49,2017-07-31 00:00:00
0f8c8ddea2408a5ea9637d98f1c4377d,2664a440338cee1a8dae9a8417ba2433,delivered,2017-08-15 08:49:26,2017-08-15 09:03:50,2017-08-17 13:05:44,2017-08-21 20:36:24,2017-08-28 00:00:00
fcbe5b8ab9e476b1f5fc6862539d7a22,126aa0762ee7cdedfaa704040e7d478f,delivered,2018-03-22 10:31:05,2018-03-22 10:49:28,2018-03-23 21:14:36,2018-03-28 17:52:10,2018-04-10 00:00:00
316af200f0fadf8a73193434b9b050ed,2bbcc0db7a9e260488f29462486fe60f,delivered,2018-06-28 12:41:32,2018-06-28 12:50:24,2018-06-29 17:07:00,2018-07-02 19:57:54,2018-08-09 00:00:00
5c86a3bce0bf5ae461b06446d58b323c,225008b45eaf94a20275ae749fc63983,delivered,2017-06-02 08:48:45,2017-06-02 10:50:19,2017-06-08 11:44:19,2017-06-26 07:42:36,2017-06-27 00:00:00
943e40583d137bcc29887eadaa15e999,44d8a794c8e40d5063528003d8974881,delivered,2017-10-10 22:37:07,2017-10-10 23:10:11,2017-10-11 19:58:31,2017-10-14 00:12:21,2017-10-23 00:00:00
e8af48c1f147fd9b865c90156fc39c8b,3b97b8e5873284156a95b6b8d11a9999,delivered,2017-02-15 09:14:49,2017-02-16 02:10:32,2017-02-16 15:25:41,2017-02-22 06:47:41,2017-03-17 00:00:00
a6288d192f3399f630e89e96f1079cf2,4c8e99eccf20fa3de5ce6e85e1a3e825,delivered,2017-09-28 12:20:16,2017-09-28 12:28:29,2017-09-29 16:08:11,2017-10-07 16:54:04,2017-10-16 00:00:00
5460a05579eef48f6c8d54ca6c3f2249,1336c066de955f70e1508ce21670b72e,delivered,2018-07-05 10:06:44,2018-07-06 02:51:20,2018-07-10 15:48:00,2018-07-13 18:38:26,2018-08-06 00:00:00
d16add0ce9751d6b9e83bcbea48aaefd,6ac5b0fa04fc8ecc0884f3a7c8406209,delivered,2018-08-20 11:20:51,2018-08-20 15:11:49,2018-08-21 14:14:00,2018-08-28 17:33:09,2018-09-11 00:00:00
51b6e7c8009e9e7ea9b8382a57bc36bf,7487099b3e06387d90c0bf3bf049d5d3,delivered,2018-03-25 19:42:45,2018-03-25 19:55:30,2018-03-27 10:58:48,2018-03-29 22:34:36,2018-04-06 00:00:00
612671085f32b1043ce94e650bb4968b,a1a9b30f26ebe6e2649967b50c10b0f4,delivered,2018-02-08 11:49:35,2018-02-10 03:08:40,2018-02-15 23:43:42,2018-02-22 20:08:18,2018-03-15 00:00:00
6beea62ed3699dc09cd676bbd693abe9,e0abd9586d32c366405309c41ef4c31e,delivered,2017-03-20 10:39:24,2017-03-20 10:39:24,2017-03-22 08:44:05,2017-03-27 16:16:20,2017-04-11 00:00:00
87ec7a9f029ae04e1e43ffc7bba7bfa5,1fdbc491b5d027c76d77bd7c916dcd14,delivered,2017-05-12 13:01:18,2017-05-13 13:03:02,2017-05-17 13:32:34,2017-06-06 14:19:03,2017-06-02 00:00:00
c0585e6e7446a97905280a732d27ac4a,01d444480a8e7ed180b6c5cb5993a273,delivered,2017-11-06 14:28:57,2017-11-06 22:36:34,2017-11-07 18:41:22,2017-11-09 18:02:31,2017-11-21 00:00:00
08bdb086a562d4a730e238d0ba09be26,2645421a41e015b1818b76759bf2c49a,delivered,2018-02-08 07:57:06,2018-02-08 08:10:24,2018-02-09 23:33:46,2018-02-26 17:42:06,2018-03-06 00:00:00
6a7f146c996d90e099636967012fdc8d,0e7393ef1ebb20126cf9f31cf7259302,delivered,2018-03-04 16:36:42,2018-03-04 17:28:28,2018-03-07 00:37:46,2018-03-19 19:03:38,2018-04-06 00:00:00
907ccd3dfa00fa686c55005689b891e1,b6db31d15c20b950ea5002e99486a1f1,delivered,2018-05-08 18:42:04,2018-05-08 18:55:27,2018-05-09 11:14:00,2018-05-18 18:08:45,2018-05-25 00:00:00
e2557098c56afd06a929b32a63b5f856,5d6df51c09860f2d3181a685d5b6bc6e,canceled,2018-03-01 15:20:13,2018-03-02 10:15:22,,,2018-03-15 00:00:00
cc02601c19d68cb1a4cde5a11aec694e,751a05b324683e65537d345c3933a9de,delivered,2017-09-10 00:06:13,2017-09-10 00:30:19,2017-09-11 19:38:54,2017-09-14 16:58:06,2017-09-28 00:00:00
1257e20a360aff14dfaa811bc8e50e09,cfa5bd743a20cdbca4d73daa497fcbb7,delivered,2018-07-04 21:00:38,2018-07-05 16:31:30,2018-07-06 11:32:00,2018-07-16 14:38:50,2018-07-30 00:00:00
2b20baf94a095e002981091891209751,33895d210b7a21812669e1dab098d80f,delivered,2017-05-29 21:35:00,2017-05-29 21:45:13,2017-05-30 12:05:45,2017-06-06 09:24:56,2017-06-21 00:00:00
9db5ceb6f107ae0944c19188c8869a03,08029b648bf207edf7c24f3673382bf2,delivered,2018-04-29 23:57:11,2018-04-30 10:15:56,2018-05-02 14:47:00,2018-05-04 22:31:59,2018-05-16 00:00:00
28fc46ceb57ddc6e17500a9482d694b9,fa3d74d33883c20c33a556e09f856499,delivered,2018-06-20 22:52:09,2018-06-22 02:58:39,2018-06-25 12:23:00,2018-06-27 18:41:39,2018-07-13 00:00:00
c19e5e606043fc8b33023f0b377e2e55,3cd324590eb2fe506b8dba8f06cb4e26,delivered,2018-08-13 23:58:38,2018-08-14 00:55:22,2018-08-15 06:46:00,2018-08-21 22:27:12,2018-09-05 00:00:00
dde949eadfa9eaab6f60ca7dc63e7f51,8ee025b414f82db39d70f04a73c910d7,delivered,2017-11-24 23:41:58,2017-11-25 02:33:01,2017-11-28 21:44:44,2017-11-30 01:51:59,2017-12-11 00:00:00
7d3ffe9953e28737dd4c634216c9eef4,aa02249f655fd7a69f485cf95b8913fb,delivered,2018-01-26 15:38:19,2018-01-26 15:58:22,2018-01-29 12:18:58,2018-02-06 15:26:40,2018-02-23 00:00:00
8a3a8f42d50b55a791a051a19d856c6c,778aed33f729f0922a13de9642c9443b,delivered,2017-09-06 13:09:28,2017-09-07 13:23:27,2017-09-08 18:57:21,2017-09-15 21:19:55,2017-10-04 00:00:00
8968fc980ac5028c64249afa13a02920,007dd470bdcf9dc8ffcd44beb79dc18c,delivered,2018-02-18 23:39:30,2018-02-20 00:26:50,2018-02-26 17:17:18,2018-03-04 10:46:51,2018-03-26 00:00:00
d0cae991bbc57c3c2205b0076b2d1489,73c101d5854e1ac89458e8865c0ea516,delivered,2018-05-27 21:44:38,2018-05-29 03:31:22,2018-05-29 12:10:00,2018-05-30 22:51:59,2018-06-20 00:00:00
29062384ce4975f78aeba6a496510386,6a12f6bdfda32e5f5b85abdda6536326,delivered,2018-02-16 17:59:43,2018-02-16 18:10:27,2018-02-19 23:29:24,2018-03-14 16:58:50,2018-03-27 00:00:00
201778d50acb9f7137379097bb1b6b0c,cc1728aef35e20436d830cabc961852d,delivered,2018-03-13 18:47:51,2018-03-15 03:15:49,2018-03-16 19:28:27,2018-03-27 01:58:36,2018-03-29 00:00:00
119db78602ec4f8cdb8aa475c1fbf655,88d16e7065e6a0a5edfceac7ceedd770,delivered,2018-02-13 13:10:16,2018-02-14 10:27:07,2018-02-14 20:38:38,2018-03-19 22:41:57,2018-03-12 00:00:00
50361b5016be065cd60c76a7f14b3750,37e867d86d228d8e7113b9bc3ee83e63,delivered,2018-06-20 17:55:29,2018-06-20 18:46:53,2018-06-21 15:38:00,2018-06-22 19:14:30,2018-07-12 00:00:00
9ee9982b6f0296becebf4d03afd07cae,747294310d01f24f467185ae9e9726da,delivered,2017-12-16 14:17:08,2017-12-16 14:31:06,2017-12-19 15:52:19,2017-12-26 17:59:08,2018-01-11 00:00:00
852f05d982b898131361f787c7d787fe,9cfe0d7ad6c59207e16ac0bdb718be24,delivered,2018-08-03 17:45:53,2018-08-04 16:44:18,2018-08-06 16:08:00,2018-08-08 17:17:52,2018-08-08 00:00:00
e67b282bce4a6e7095116b351ddb81e7,a4456507f70711e18cf698a5e61a1592,delivered,2018-06-10 11:33:27,2018-06-10 11:51:09,2018-06-13 10:13:00,2018-06-25 19:56:51,2018-07-18 00:00:00
ed6cb5a169c4568b5d2b4c7beacc52e0,7b7d5781af350986a44f61fd1f1d6a35,delivered,2017-08-20 18:09:55,2017-08-20 18:25:08,2017-08-21 16:36:00,2017-08-31 20:49:38,2017-09-19 00:00:00
265144aedd0822b898712f78e0c3cfc4,b4f485d5afa99fd25e4b31e4e1dfd52a,delivered,2018-06-13 07:30:09,2018-06-13 15:25:44,2018-06-14 13:04:00,2018-06-21 16:36:42,2018-07-18 00:00:00
a2fb9f237dfb7fb67d835e6507514943,2f9c4a762ff5200686bef7489e05e0f2,delivered,2017-11-06 11:06:56,2017-11-08 03:26:25,2017-11-25 09:34:24,2017-11-28 00:27:28,2017-11-24 00:00:00
59609049605148c00fbf0e6fd9a127df,20fca1cbbde1c5961b0aa5abded48c51,delivered,2018-02-09 09:08:34,2018-02-09 10:13:53,2018-02-09 21:51:56,2018-02-14 21:18:54,2018-02-23 00:00:00
43f0d057f0850582f4045651805ef133,6fbbf2b39fe0a8a7a626b35f1353e155,delivered,2018-07-04 16:37:48,2018-07-05 16:16:58,2018-07-05 14:11:00,2018-07-06 16:55:52,2018-07-23 00:00:00
9d415b5c7f8cd03fa65fc34316a8e2f9,25936c2bf3471a32f522df4e5949e725,delivered,2017-10-11 09:42:41,2017-10-12 02:20:54,2017-10-13 22:45:56,2017-10-20 20:12:31,2017-11-08 00:00:00
5373c26702420c0f842871e489365e20,3f887e8d3e7ee0732a3e1a1307620712,delivered,2018-01-16 18:34:46,2018-01-16 18:51:09,2018-01-20 00:32:06,2018-02-05 18:37:11,2018-02-06 00:00:00
3fce76a41d913dedb8f211a38fa0a8b8,c8ecf49c62e0943b4a44bad2af3f0e5f,delivered,2017-05-01 16:51:20,2017-05-06 21:33:35,2017-05-03 16:10:14,2017-05-09 08:50:07,2017-05-25 00:00:00
b0917656db06228a7b671f526b57baee,a4e6312399dca2989f45e102136aa05c,delivered,2017-11-14 08:54:42,2017-11-17 04:15:36,2017-11-17 17:21:31,2017-11-29 00:29:00,2017-12-05 00:00:00
850b5d9b28b3d833f9c596f33a22fda4,25456f6cab07f245952fa0f2dd77d738,delivered,2018-04-22 19:41:06,2018-04-24 17:59:38,2018-05-07 11:33:00,2018-05-14 18:19:37,2018-05-28 00:00:00
4f7801b0527e8669f25d2f5488ea8a58,cc6fa5f972cf9cc0bff89b6811a40ed1,delivered,2018-04-10 21:43:09,2018-04-10 21:55:18,2018-04-11 16:47:31,2018-04-12 17:48:33,2018-04-26 00:00:00
41a5363dcaa28ccb1ecf0211c3c5d530,a4dde3d271bbee38c87b2abf0b234c10,delivered,2017-08-02 16:09:47,2017-08-03 03:06:30,2017-08-04 13:14:55,2017-08-10 19:17:28,2017-08-28 00:00:00
1b0b1c71db83d610e4cb483d0481a6eb,c81ce28738b57eee041bb18fbea8660f,delivered,2018-01-06 17:40:40,2018-01-07 17:33:25,2018-01-08 16:55:00,2018-02-03 00:12:36,2018-02-06 00:00:00
e299b9edcedc7009ca224fb5a856afdf,ec0feaa72040bd94ad8e414cc44263fd,delivered,2018-07-25 20:37:49,2018-07-25 20:50:11,2018-07-26 14:54:00,2018-08-06 17:42:36,2018-08-15 00:00:00
cdaededb679c58a0e7de44a196b55750,d5879700cc4d4fe1bb76db1b7a2b2c7d,delivered,2017-03-10 09:39:00,2017-03-10 09:39:00,2017-03-14 13:07:41,2017-03-20 10:57:53,2017-04-10 00:00:00
68045e87308a14e1d77f14ff287a2b3b,5d35803ff17fa008553875bc5e3cac0a,delivered,2018-03-26 22:39:15,2018-03-28 02:50:17,2018-03-29 11:36:57,2018-04-04 13:36:52,2018-04-06 00:00:00
c99274b9d6aaffe2c0bd2d3483f64f12,530d079076d1c95963e48cb0e5ef631c,delivered,2018-03-03 09:57:51,2018-03-03 11:00:24,2018-03-05 21:59:46,2018-03-26 17:36:40,2018-04-02 00:00:00
6d631e55b551b20a81767e9685b7afb9,d7df8aa5be9a7c0f5ef11cf74f837ad7,delivered,2018-03-01 14:46:14,2018-03-01 15:31:01,2018-03-05 19:38:36,2018-03-28 03:44:56,2018-03-19 00:00:00
9932048143843906af1f72ddcdb746f9,12e7a4d8644fba0b64b0123f8ac5b555,delivered,2018-07-27 20:13:06,2018-07-27 20:25:09,2018-07-31 08:33:00,2018-08-10 17:46:45,2018-08-17 00:00:00
ec1f164c3c36925c1bdb453446309891,090194eecf789ed407c3179f81b74502,delivered,2017-12-20 11:47:20,2017-12-21 02:10:05,2017-12-22 17:59:17,2018-01-17 00:19:16,2018-01-22 00:00:00
74309f1c6cfb3fe784849fe33b811243,40e2d996e2e7b68e453e264a377ba7f8,delivered,2018-05-02 15:17:39,2018-05-03 15:10:31,2018-05-04 13:30:00,2018-05-15 20:54:58,2018-05-25 00:00:00
e0b26f14d2bcc710bb02f77a4628763b,fbd40c083aa8cddebb5265b2ba6aaf2e,delivered,2017-05-16 10:00:49,2017-05-17 03:45:27,2017-05-23 10:35:48,2017-05-29 12:04:19,2017-06-07 00:00:00
19980416131f571e346fcfc260fe97fa,9bd4ec3645cb38780110176b72910976,delivered,2017-08-13 20:23:26,2017-08-13 20:43:52,2017-08-14 18:17:41,2017-08-16 20:04:11,2017-09-01 00:00:00
6279fb07bd3980aec19cfa5c3fb66118,523c3fe129657579768655ed4e6e5f96,delivered,2018-05-12 08:28:00,2018-05-12 08:51:45,2018-05-15 11:04:00,2018-05-16 20:39:44,2018-05-29 00:00:00
f2228e3e55ff956909ad7750f08516fd,fb60e1236b474808fc33b9d2bf26d323,delivered,2018-04-01 11:17:22,2018-04-01 11:30:17,2018-04-04 00:47:20,2018-04-11 18:52:20,2018-04-25 00:00:00
3ad8a7439418603f2b86bbb37e645b93,f3c9c6bf685619f838e78019116a92ac,delivered,2017-05-04 21:23:22,2017-05-04 21:35:24,2017-05-05 10:26:15,2017-05-12 12:24:46,2017-05-29 00:00:00
81947fd909118ca9f929a299e6eecdd2,ae93709aa59cb498535355ab9ff6e8cf,delivered,2017-11-27 11:33:51,2017-11-27 11:54:53,2017-11-30 20:55:49,2017-12-02 16:42:28,2017-12-14 00:00:00
df5b1e6edf6451c6cd99e167739d9d56,6d70c33e10fa878c843dbb91ab0bccbe,delivered,2018-06-02 01:20:09,2018-06-02 01:35:41,2018-06-04 13:41:00,2018-06-14 19:48:34,2018-07-11 00:00:00
43d1fe9178de269c073056a519bac11f,161f3380ccb34f88074059e8cc916863,delivered,2018-03-19 14:33:11,2018-03-19 14:49:37,2018-04-18 19:22:35,2018-04-26 19:04:18,2018-04-30 00:00:00
d79458e753af6edec4b2c73e07ddf01b,b5dcdf41ce407279527c68ee494abecc,delivered,2018-02-20 08:21:14,2018-02-20 08:56:17,2018-02-26 17:19:07,2018-03-07 23:09:33,2018-03-12 00:00:00
6d3f1062aecd285e079e5cb1464cf31c,61bc132b3af53618a5fdfa29cd72103c,delivered,2018-05-08 12:47:37,2018-05-08 13:09:35,2018-05-08 13:37:00,2018-05-15 19:42:20,2018-06-12 00:00:00
ca3bf4af04cea159087307d0826d5ddf,afb284b37b350270338851f499c2226f,delivered,2017-07-28 00:10:57,2017-07-28 00:25:07,2017-08-04 20:05:49,2017-08-18 19:55:48,2017-08-21 00:00:00
899cdd988dd7bab43d5ed87329a96dd2,695612b8ac0aee492ff152bdf353bdb3,delivered,2017-10-03 06:55:42,2017-10-04 07:07:09,2017-10-04 20:31:50,2017-10-14 13:50:00,2017-10-26 00:00:00
69077141219d094a1413c873be09cc9c,d184b0e1de2da0c29cca0de3bb29781e,delivered,2017-10-18 17:02:05,2017-10-18 17:14:18,2017-10-20 18:22:22,2017-10-31 17:36:56,2017-11-06 00:00:00
85786ed6b45d6b5897d8040879e0a899,c3871af99ea3349c2a10e07e1185dfbe,delivered,2018-01-18 19:54:47,2018-01-20 09:09:21,2018-01-31 11:05:17,2018-02-20 22:08:53,2018-03-13 00:00:00
ae0acbbd5784a07b8db912c8dd532ce6,4339c3ccd52c9501cb691d83c3a2d5ca,delivered,2018-01-27 10:38:55,2018-01-27 10:55:06,2018-01-29 17:51:45,2018-02-20 16:06:58,2018-02-26 00:00:00
7853cfd26dee49109295b3e604567180,45cdfac600e3e044e7d986b3639ac8f3,delivered,2017-01-22 15:41:21,2017-01-24 03:45:43,2017-01-24 08:28:01,2017-02-03 14:22:55,2017-03-02 00:00:00
e801a92e69dfa7a3134a15e17ef1573a,61c03a6a89625788e5069f2ebcbc2117,delivered,2018-06-29 19:13:26,2018-06-29 19:30:13,2018-07-03 13:10:00,2018-07-09 21:12:04,2018-07-31 00:00:00
3a517309f5eb2056a5549db3939bf07d,30b4165f47eef72b1f675203e080994f,delivered,2017-12-28 16:56:44,2017-12-28 17:08:23,2018-01-02 16:42:06,2018-01-09 20:35:31,2018-01-24 00:00:00
6bc5fdbc258b650edb7ff262dfbabf98,1cabcf0140fab47b6bedc1a05f82b8b8,delivered,2018-04-24 13:13:10,2018-04-24 17:26:37,2018-04-25 15:00:00,2018-05-04 21:06:38,2018-05-22 00:00:00
9903b2c5405f73a9370435b3848f8d4c,7f724fa2f7a20e5b6810ec5e9585771f,delivered,2017-10-18 00:37:08,2017-10-18 00:49:57,2017-10-20 11:33:00,2017-11-16 19:02:49,2017-11-22 00:00:00
05ebeda0c1aefd787e0ddc914af75039,c440fc4fd60fd9083395f183aada6d4c,delivered,2018-08-14 10:07:51,2018-08-14 10:24:42,2018-08-16 13:14:00,2018-08-22 17:09:05,2018-08-31 00:00:00
8707490ec96f386b36d2582753d9fcdb,9846d92ecb9e40d9101d84edaec0508f,delivered,2018-08-16 15:43:01,2018-08-16 15:50:21,2018-08-17 12:05:00,2018-08-27 16:13:46,2018-09-10 00:00:00
e8b9c7b25bbbc6f005c27f648e24ffc5,78cd9cf78889fc97df2bf6070f9fafe8,delivered,2018-03-02 20:06:20,2018-03-02 20:49:07,2018-03-08 20:13:39,2018-03-20 11:54:28,2018-04-02 00:00:00
157ce7659b9b7262b5f2676b198356eb,2d3b6264cf906b0e0b8f9db8d3e4cd4d,delivered,2017-10-29 10:05:43,2017-10-29 10:15:43,2017-10-30 18:55:04,2017-10-31 18:22:53,2017-11-10 00:00:00
628923e74a955e432c826a2e0da83406,fa5901de46d1acbb3ec49efb898f5d5a,delivered,2018-05-11 14:52:58,2018-05-11 15:12:21,2018-05-30 14:03:00,2018-06-05 19:36:43,2018-06-06 00:00:00
01c886b4b865797097ab2d051ae30cfd,c8eaa92fb78e29a73b98bb005e08a45e,delivered,2017-08-09 12:34:24,2017-08-10 03:32:19,2017-08-15 19:10:02,2017-08-24 20:53:46,2017-09-06 00:00:00
de7a40e39e02017beee1513d57ea0467,a6d5d3636fac08d83cdda01174465f15,delivered,2018-03-28 10:07:07,2018-03-28 10:28:45,2018-03-28 22:21:11,2018-04-10 18:14:34,2018-04-19 00:00:00
73ff106f792b836704a9f5ff71a77d5a,16d7008e96c81210b00221d33a00a6db,delivered,2018-05-23 20:18:31,2018-05-25 02:54:51,2018-05-25 13:27:00,2018-05-26 15:14:21,2018-06-08 00:00:00
a4125b229a0ccba8decce0b246368fbb,e1a2cdbd140f6df9f1bc7d88f6bb7611,delivered,2018-01-09 10:26:15,2018-01-09 10:39:28,2018-01-16 01:14:01,2018-02-06 20:41:53,2018-02-05 00:00:00
d1749cbe74d71c33859e8acbdcbc2aeb,8718a039a914dc16e203ae3afddce0e2,delivered,2017-07-11 09:35:13,2017-07-11 09:45:17,2017-07-13 18:12:22,2017-07-26 10:42:42,2017-08-02 00:00:00
269fb3a37e10ad284ed9ca4a34c32d09,4dc2037d51777db6a431a91905bcd7be,delivered,2017-09-25 22:51:01,2017-09-26 22:56:15,2017-09-27 16:19:41,2017-10-09 17:26:06,2017-10-24 00:00:00
0f2feb76d52c8e1be73daf8769a393e8,c849d0ca6e024f4f72ea8eace58ee21d,delivered,2018-01-18 22:28:13,2018-01-18 22:39:20,2018-01-19 21:51:49,2018-01-25 17:35:22,2018-02-19 00:00:00
02ebcb8b63b7e61be9514866e432d1d8,f6684db0118cdcdbe308f6de0287035c,delivered,2018-01-25 12:06:19,2018-01-25 12:19:11,2018-01-25 20:33:37,2018-02-05 18:13:11,2018-02-20 00:00:00
5667af66694cc07bce46f7af2ed32ed6,63313fa30c9be66c8164655204ff68d4,delivered,2017-03-04 15:28:40,2017-03-04 15:43:25,2017-03-24 17:08:09,2017-04-05 12:34:35,2017-03-29 00:00:00
8f150b9a5714c94537d31215f638db5d,0b9c2c04285f9bccbbf9a41d6400ec24,delivered,2018-02-27 11:39:56,2018-02-27 11:50:27,2018-02-28 19:08:53,2018-03-24 00:03:55,2018-03-27 00:00:00
51673e0d82449e7f4ccd8fcd64fe0c15,2c5432951b606c37c8256c7892f58d82,delivered,2018-04-23 11:13:32,2018-04-24 19:06:42,2018-04-24 22:26:49,2018-05-02 15:08:38,2018-05-22 00:00:00
5abf18d13baf7acb60e616f758d61928,a9ce726bdb822ae3acbc379afaa1423c,delivered,2018-08-27 13:11:50,2018-08-27 13:28:21,2018-08-28 14:05:00,2018-08-29 11:21:45,2018-08-30 00:00:00
37fef9185066b091254533c2192edd72,cd281c1a7d26cd29a3ed4b029fce7270,delivered,2017-05-14 19:52:34,2017-05-14 20:05:16,2017-05-15 12:35:45,2017-05-26 17:07:50,2017-06-14 00:00:00
543a7736e8c75c0b22aac2fa7b157e1c,663dd25d076d55ac939bff94220366d9,delivered,2017-03-06 18:50:07,2017-03-07 04:03:29,2017-03-14 07:54:02,2017-03-27 18:03:52,2017-04-04 00:00:00
13c4f7497ce2f3ae34e441c7514215f3,423fa86d97e74eacb7789a4e1c1a8325,delivered,2017-08-07 12:44:28,2017-08-08 16:10:16,2017-08-10 19:50:00,2017-08-24 21:50:04,2017-09-06 00:00:00
0a0f50037a1e1b7c239ac621dbd8a03e,c2579cd66fcac7efdbaef0470cc52602,delivered,2017-09-25 14:34:48,2017-09-26 03:28:22,2017-09-28 20:45:34,2017-10-02 18:45:18,2017-10-17 00:00:00
9941c14602ccbe66611b6a4b8fe01d99,82dd7750451a28d1e779bac86391d1f6,delivered,2018-05-03 16:46:51,2018-05-05 03:33:40,2018-05-08 11:12:00,2018-05-11 17:14:55,2018-05-24 00:00:00
cf6d45bae6017043952a20f3457379fd,7590c5e72f02a94f0092598c1211e1e0,delivered,2017-04-13 17:54:50,2017-04-13 18:05:16,2017-04-18 13:04:13,2017-05-06 12:44:49,2017-05-11 00:00:00
f723ddc56e0f5e79b63a3a001233cadb,6aa90596c8e2142200b3f89ea20a60be,delivered,2018-04-04 09:05:28,2018-04-06 03:10:34,2018-04-07 01:19:15,2018-04-11 17:51:39,2018-04-20 00:00:00
4668e269b27ff744f3bd603a9c444d32,61d31d36aac99d19682300bdbbc174ea,delivered,2017-10-31 04:57:41,2017-11-01 12:35:18,2017-11-03 18:47:49,2017-11-09 13:58:40,2017-11-16 00:00:00
78f6201cc730d148939d4e7e0f456917,98ae06813e0146192ac3347558abd028,delivered,2018-02-08 16:06:58,2018-02-10 02:49:40,2018-02-21 10:09:23,2018-03-02 14:21:41,2018-03-14 00:00:00
21d010a46099888da9e0d57e48d5a0f2,8dfc83f29d83da2cd183ede5f40aa30c,delivered,2018-03-20 19:58:51,2018-03-20 20:10:26,2018-03-23 00:47:54,2018-03-28 23:58:58,2018-04-02 00:00:00
ad0db85b651140eb463660b4ddf767e1,da0e3c0c74aa558e9db33c5e59dd4570,delivered,2018-04-23 15:36:42,2018-04-24 18:33:42,2018-04-26 15:10:00,2018-05-05 13:42:46,2018-05-14 00:00:00
71e2f7733505074179563ccd72d93d15,28cf24314e32e953bfab6bd5c19d2440,delivered,2017-05-15 16:39:17,2017-05-16 16:50:10,2017-05-18 12:15:31,2017-05-23 13:33:06,2017-06-08 00:00:00
28c9cde35b3af2a32c1371a199bf7ce5,442172343025942c196ecc556aed024f,delivered,2018-05-16 14:11:23,2018-05-16 15:19:41,2018-05-18 13:28:00,2018-06-10 16:11:54,2018-05-30 00:00:00
b5218d83b7c9bd571babdb7edffe6e02,f06f0595b15eebcdd96410628bfd6b20,delivered,2017-03-29 13:23:39,2017-03-30 13:25:12,2017-04-07 16:03:27,2017-04-17 13:40:09,2017-04-25 00:00:00
c0717edb0763a89d97de0330cf4473f9,5c71d0d610fe93462d9040d9657d12f1,delivered,2017-11-27 20:08:09,2017-11-27 20:19:59,2017-11-28 19:14:56,2017-12-01 17:58:25,2017-12-11 00:00:00
fbb2bfa257d524df5df1aeedf331535a,4d5460bc8bfd86c0d6fd806789af0f7c,delivered,2017-05-11 20:34:36,2017-05-11 20:45:22,2017-05-12 12:45:26,2017-05-22 16:35:09,2017-06-02 00:00:00
923739f2c3d4519a00bfcaaed30723d5,0f6c860f19e5aa6c03102b0b7d835e2f,delivered,2018-01-27 10:54:53,2018-01-27 11:16:02,2018-01-29 20:57:04,2018-02-07 21:09:05,2018-02-23 00:00:00
c3f2643fac2837e3768d0ce83771e322,641df69718446b755017d324ef508374,delivered,2018-06-26 19:44:42,2018-06-26 19:55:09,2018-06-27 11:45:00,2018-07-03 15:56:50,2018-07-26 00:00:00
f47a74b9a5df7793d947d2dce26234f9,f98590a2e2162bea2b5b9e79de67c289,delivered,2017-10-20 14:23:34,2017-10-24 03:25:34,2017-10-25 18:49:35,2017-11-01 20:16:52,2017-11-09 00:00:00
041aa5c38550649d5b51f38ba03a29a4,144f118d87d88f07c47bd1caf3d2f647,delivered,2018-02-06 09:17:35,2018-02-06 09:35:33,2018-02-20 20:45:54,2018-03-02 17:07:03,2018-03-15 00:00:00
8f82cbff74ca9eba2273adac86c08a2d,2a94748098414e6b930b6900a2d27bcf,delivered,2017-11-22 09:09:01,2017-11-22 09:18:31,2017-11-22 19:04:45,2017-11-24 18:36:49,2017-12-08 00:00:00
465c2e1bee4561cb39e0db8c5993aafc,63b964e79dee32a3587651701a2b8dbf,delivered,2018-02-14 16:34:27,2018-02-21 12:28:15,2018-02-22 20:33:09,2018-02-28 20:09:19,2018-03-09 00:00:00
3431dbb0c64629bd76dc81b736c46e4d,e899e0c8c1ff8d71c53bcf89ce519cfd,delivered,2018-03-18 23:40:36,2018-03-18 23:50:32,2018-03-20 02:39:28,2018-03-22 23:44:32,2018-04-05 00:00:00
3645d00093a926152b82312c5db8984f,448e41e75cc937589f669fdb39577f53,delivered,2017-08-21 23:04:23,2017-08-23 11:06:21,2017-08-25 21:13:16,2017-08-28 17:07:52,2017-09-01 00:00:00
96b40b4538d0adf167b0e331257f7930,8d3734347fd7ca8cb68063adcc1152a4,delivered,2018-06-14 08:03:32,2018-06-14 08:16:43,2018-06-14 13:47:00,2018-06-15 17:12:26,2018-06-26 00:00:00
ba58760d97361d60f4af393e41c236cc,71c29cebf4b6b1bc7d2d1e596161687a,delivered,2018-02-17 20:47:44,2018-02-17 20:55:55,2018-02-19 20:25:14,2018-02-27 15:37:32,2018-03-09 00:00:00
5f0d1267a27284c0f27b7bfe756b59b4,a37df39416b121779940a16d0b43178b,delivered,2017-11-24 16:12:54,2017-11-24 20:13:31,2017-11-28 20:51:50,2018-01-03 09:39:52,2017-12-28 00:00:00
5f4de9e1f0e55dc0fd443e5f4b2b362a,437412031d5669a073d875b0aa5f4152,delivered,2018-03-05 21:09:09,2018-03-08 10:08:59,2018-03-08 21:55:25,2018-03-23 02:58:38,2018-03-26 00:00:00
77178560d74827781c4c0495c5a5abc2,209b7e0dd7774132fa4dcedca65fcda0,delivered,2018-06-04 20:42:58,2018-06-04 20:50:54,2018-06-05 15:04:00,2018-06-12 16:38:56,2018-07-18 00:00:00
72803a35d778ec37f2abb88ea76620c7,c44422babe212ae76af23f84780bde04,delivered,2017-09-25 13:18:00,2017-09-25 13:30:14,2017-09-27 19:58:57,2017-10-06 21:43:53,2017-10-20 00:00:00
6e496cc6275d951e01ba4a1e527d6d69,566073786b37e7216ae4143163dc4499,delivered,2018-05-21 11:29:09,2018-05-22 08:56:59,2018-05-22 13:38:00,2018-05-29 14:33:19,2018-06-20 00:00:00
93aa3d58f7f2a97010801f8ff8dc45a5,0496b71ebc90246e3e2ed28846651580,canceled,2018-04-29 10:04:24,2018-05-01 05:35:29,,,2018-05-14 00:00:00
f20cd88d92e87cd00dc985c7d8dfb4d7,437dde455d8442c3e2b3dc1a7063ed2b,delivered,2018-03-06 16:58:34,2018-03-06 17:13:10,2018-03-07 22:23:43,2018-03-16 15:46:35,2018-03-27 00:00:00
d54aa60d2771d02a8d907974ed595fe9,b84b43d245abdbf44b1e28ba8615429c,delivered,2018-03-16 10:16:26,2018-03-17 02:50:36,2018-03-19 20:16:23,2018-03-30 01:04:34,2018-04-09 00:00:00
19e31a421ef559a7772d01fc5074ee14,6ce5536f3e76b410c27535f9278914f0,delivered,2017-04-06 15:58:17,2017-04-08 02:45:27,2017-04-12 11:52:36,2017-04-19 10:29:07,2017-05-05 00:00:00
edf535c3ce17c8988ced30e8b70a7046,f0b6776029f46b0dcfa9aa46565a1013,delivered,2017-06-19 13:25:13,2017-06-19 13:35:27,2017-06-22 15:09:34,2017-06-23 10:41:26,2017-06-30 00:00:00
48c923725afb1e9fc4d686c4ffb3cf03,36b735afba701eeba82799b7d22161b2,delivered,2018-08-21 17:00:16,2018-08-21 17:15:09,2018-08-22 15:10:00,2018-08-27 14:32:30,2018-09-10 00:00:00
1eddc90435daee35f9fc046b33b5c8b8,e28c952b06b7864dec144ee81e022296,delivered,2018-01-30 17:55:23,2018-01-30 18:11:01,2018-01-31 21:12:56,2018-02-19 22:34:26,2018-02-23 00:00:00
fa98b1c89208380c565ec7c07a8f3e7a,28992a56a8eb3e5ca6969d7483839bee,delivered,2018-04-11 16:14:20,2018-04-11 16:32:59,2018-04-13 02:11:52,2018-04-20 08:48:46,2018-05-07 00:00:00
53cb5f5ec120b69e739f77e3fcd21284,1f286dacf7cf0af9d9b77173e20ae21d,delivered,2017-12-06 22:27:20,2017-12-06 22:38:28,2017-12-07 19:44:49,2017-12-18 23:18:58,2018-01-02 00:00:00
8c510c44b51565dc8e76fca5cb99f860,038c357f0618e32eadd4f356a6c1229a,delivered,2018-02-27 14:01:27,2018-02-27 14:15:26,2018-02-28 21:37:20,2018-03-09 20:44:43,2018-03-23 00:00:00
f91c3182b60b554b1096c7854aa97fa5,6d1077b88cdbcb548fbaff449c4299b5,delivered,2018-07-30 12:27:20,2018-07-31 06:35:17,2018-08-01 16:35:00,2018-08-10 19:31:50,2018-08-20 00:00:00
21717aa89515f9499d2c94578f7848f8,0abafbbdbf470bb4d8b867ec525f25f3,delivered,2018-06-18 09:48:11,2018-06-18 10:19:56,2018-06-18 13:23:00,2018-06-22 18:59:25,2018-07-18 00:00:00
ac78dbdaa55c30dbfb7eea9beaf31b81,41cf71109d64452d0b2a886144df4b19,delivered,2018-06-14 18:22:28,2018-06-14 18:40:35,2018-06-20 14:57:00,2018-06-25 18:36:57,2018-06-29 00:00:00
4e2d3cbe10946bcaa7579f3de2cca091,7724807e7bfda007bee09c6418cce533,delivered,2018-05-14 10:02:22,2018-05-15 05:15:12,2018-05-22 14:47:00,2018-06-06 22:07:46,2018-06-01 00:00:00
b538efecd9ba6d45acff500110ce1e45,11ae37bb6bd5f1ea30139e17be47a5ca,delivered,2018-01-24 21:03:02,2018-01-24 21:18:20,2018-01-26 17:11:58,2018-02-06 22:56:43,2018-02-20 00:00:00
bfcec6fcc6a68c5505537bb8a0a38039,f40cc9209965e48412fc7fcef541113e,canceled,2018-03-20 19:22:08,2018-03-20 19:35:27,,,2018-04-06 00:00:00
a4521fa62b4f3bbe260aecf4dbc78935,a0b74b6766104f9ae731fe5750fb4f96,delivered,2017-10-17 22:57:34,2017-10-17 23:07:56,2017-10-20 20:23:54,2017-11-02 04:02:39,2017-11-13 00:00:00
7cf050fc6dd31909cb224bd88eaacff1,afdd9ed40f5403d7cb0718d376907908,delivered,2018-01-26 19:51:16,2018-01-26 20:31:48,2018-01-29 22:14:28,2018-02-19 11:07:14,2018-02-22 00:00:00
0c4e55eefa45381c3ac66984b7be7822,4efd865536f73395e0cada04bc3bc468,delivered,2017-02-21 22:32:56,2017-02-21 22:42:33,2017-02-24 13:21:41,2017-03-10 07:31:39,2017-03-22 00:00:00
d17947404867cce6855f46c66dd71988,c1ac3bac89dec7b1d57b092c1f07adc3,delivered,2018-01-24 10:45:53,2018-01-24 10:57:24,2018-01-24 20:33:25,2018-01-29 19:26:48,2018-02-16 00:00:00
0d6095ca2592bbcc590d4954e29c7924,484c23c17814d32b3a6f86d0950336df,delivered,2017-09-30 10:05:18,2017-09-30 10:14:13,2017-10-03 15:10:25,2017-10-09 21:14:13,2017-10-25 00:00:00
dad3d731936eb6c4a605b457dec8a0d7,55497d7895383e1d82b5531d97b92d50,delivered,2017-03-18 09:31:17,2017-03-18 09:31:17,2017-03-20 10:14:22,2017-03-24 13:47:18,2017-04-10 00:00:00
966f96af9d189dc428ff04ebbca821b8,90e1931af4fb878dbe45c79e6e458015,canceled,2016-10-04 20:41:45,2016-10-06 15:57:38,,,2016-11-24 00:00:00
0d9e44ba18b82a7d8e8a9e61681a3e2a,045a67d23d3e4a1cc8aa412d8f8b79d2,delivered,2018-05-29 21:02:11,2018-05-30 13:50:42,2018-06-06 12:06:00,2018-06-07 17:04:54,2018-06-21 00:00:00
bd4fdc437a085a99fc75e5346b518aa2,d9c0750249b2d68059ee257829ad9f71,delivered,2018-04-24 18:35:45,2018-04-24 19:23:34,2018-04-25 14:07:00,2018-05-04 19:28:44,2018-05-17 00:00:00
c2be1e0558f4f2932216d9b9f668d987,ae973a3f4cdc947b33939a04d230f4c6,delivered,2017-06-06 13:11:15,2017-06-07 02:50:11,2017-06-12 16:15:19,2017-06-22 14:23:59,2017-07-12 00:00:00
278340587458d6ef7070f79b08bca8b8,7ed9c4e2fe2f30ce855cc6b6149040af,delivered,2018-04-09 18:48:29,2018-04-09 19:11:13,2018-04-10 19:22:40,2018-05-21 13:48:16,2018-04-26 00:00:00
7c7bc574f3f647a6bb4da91c5dd094cb,957107d840ebeccf895990113ae28779,delivered,2017-05-10 13:19:56,2017-05-10 13:32:25,2017-05-11 09:24:46,2017-05-22 08:36:46,2017-06-06 00:00:00
7c6146547d5509c612ec26867d1cd47b,7278b5baca0464a3bf8074b8b5cb6e6f,delivered,2018-07-03 20:59:44,2018-07-05 16:13:03,2018-07-04 16:17:00,2018-07-13 19:32:31,2018-08-01 00:00:00
930fb714ff2992c4ff14bf920af830e6,f2fdb2409d1c2b5018b19767572978d6,delivered,2017-12-03 14:52:12,2017-12-03 14:59:22,2017-12-13 11:23:33,2017-12-28 19:17:34,2018-01-11 00:00:00
d25f8fadc7abdec7bc6d97629c97d57a,d29e47a53896a15a89594f91b919553f,delivered,2017-04-17 06:41:44,2017-04-17 06:55:08,2017-04-17 09:42:58,2017-04-27 22:13:54,2017-05-16 00:00:00
67ff6057a78f38214118680c4a286f2c,e1f83f004fde6fc507ed5c75b2c98d70,delivered,2017-07-14 12:20:11,2017-07-15 03:34:13,2017-07-17 20:41:32,2017-08-01 22:37:40,2017-08-07 00:00:00
8ecf44036c8ef6743d6bc46fb6d40af4,4bb7ccd33a3f0a14d73ba4f48abbfc2a,delivered,2017-07-21 23:16:50,2017-07-21 23:25:15,2017-07-24 13:14:56,2017-07-28 11:52:03,2017-08-10 00:00:00
f965447beec09309bb42c89aec32404d,7d3a2ac58365d16362f25948b7ad51cf,delivered,2018-06-18 10:17:41,2018-06-19 03:36:40,2018-06-20 12:15:00,2018-06-28 19:01:55,2018-07-17 00:00:00
cb59ee47ea87ca723d612fc989466be9,01187871d33eda6ba14aea590bb50d0e,delivered,2018-08-16 10:46:59,2018-08-17 03:10:16,2018-08-17 12:49:00,2018-08-27 20:11:33,2018-09-12 00:00:00
6df212c57a455b3e79feb0739f1ebecc,c9f8a9efeb67ae6651f2eb9c038323e5,delivered,2017-10-23 07:52:33,2017-10-23 08:14:25,2017-10-24 20:52:11,2017-11-01 19:04:29,2017-11-17 00:00:00
765388e7b3d416ffe810ade706854872,a7288cab9fc524abf65915630e66c73b,delivered,2017-02-09 13:52:13,2017-02-10 02:45:27,2017-02-10 14:56:58,2017-03-29 09:37:34,2017-03-14 00:00:00
5e24ecfdf90a8dfceb3cd8ed37db5c26,dd7a9d920cff1f70c5d4bb121ad11608,delivered,2018-04-30 23:38:41,2018-05-01 03:53:46,2018-05-07 07:11:00,2018-05-11 22:08:54,2018-06-06 00:00:00
0c56c2d802da452669d191dfd438ac4c,474b0c4f14f206fa257fefdcb4110013,shipped,2017-08-16 18:48:04,2017-08-16 20:15:15,2017-08-18 18:38:48,,2017-09-08 00:00:00
7c6ef86a00d5dfab4011f84a8ac789b8,05b050b67d4c33acf2ee9cc81e85ecff,delivered,2018-03-30 22:16:30,2018-03-30 22:27:20,2018-04-03 21:36:28,2018-04-13 16:24:42,2018-05-15 00:00:00
fbf721837a9b13e4cb71778b5326a00b,2e7fd5e6703806addad362fea6bb549b,delivered,2018-05-15 16:32:55,2018-05-15 17:31:46,2018-05-16 13:42:00,2018-06-05 10:11:17,2018-06-08 00:00:00
293f88e33dd760720e689b394b3fadcb,44d7732397bb805d006dadf160428c85,delivered,2017-11-21 12:47:32,2017-11-22 16:06:46,2017-11-23 20:44:49,2017-11-27 17:12:20,2017-12-07 00:00:00
6e282f45b4785012970c523ef10737b2,50de9967a255000588bb18f8122e306e,delivered,2017-12-15 07:12:55,2017-12-15 07:36:35,2017-12-15 19:39:34,2017-12-22 19:38:41,2018-01-04 00:00:00
885d5da568caf7ca9663ddedff5a5aaa,c751d63693a6688b868dcd60fd83705b,delivered,2017-12-30 15:18:30,2017-12-30 15:31:17,2018-01-02 20:03:11,2018-01-16 23:10:24,2018-01-31 00:00:00
ee5b1786726a245ec5cf9f49d16fabb9,21b93299e003a2d8b6723ec07b0cb538,delivered,2018-01-11 21:56:08,2018-01-11 22:07:32,2018-01-12 22:34:33,2018-02-03 16:03:20,2018-02-07 00:00:00
d071612bc42212e206ac393b52b1f457,0f048b69dd555b33627091aaaf9c87c2,delivered,2017-11-26 22:23:53,2017-11-28 03:32:07,2017-12-05 12:38:42,2018-01-08 15:59:49,2017-12-27 00:00:00
6cfe2a252e18997b4a5b5a0a612e7a0d,0e08577fae71d5176b620f7702a49ef7,delivered,2018-08-10 18:10:37,2018-08-10 18:24:44,2018-08-24 13:05:00,2018-08-27 17:14:53,2018-08-20 00:00:00
75a935207305c1dd6146a8012323cad9,298e006b4f9a1e7215f43688774dab37,delivered,2017-09-13 08:00:50,2017-09-13 08:24:40,2017-09-15 18:37:57,2017-09-16 15:37:51,2017-09-25 00:00:00
d17257adac505bd94de0bce06cff3547,bb31f17e002c3cb7358496d89a4e3293,delivered,2018-05-17 09:49:30,2018-05-18 05:16:25,2018-05-18 10:13:00,2018-06-01 15:32:10,2018-06-05 00:00:00
20873a0e73e84e84c27c058b60a2e9f2,41cd568bae7b90524fc6f37523942bd8,delivered,2018-01-25 18:29:34,2018-01-26 16:34:13,2018-01-29 17:46:49,2018-02-16 21:00:04,2018-02-21 00:00:00
c21644b7357edc759d62861949c807f2,1a8c14bb8ab182adc166183a2f3acccc,delivered,2017-11-15 19:08:22,2017-11-15 19:26:19,2017-11-21 11:58:45,2017-11-28 16:53:16,2017-12-11 00:00:00
54756c47d5273d8188b9e581f19822f1,ec7e316263fb2dca379a1282f03adf58,delivered,2018-01-20 17:50:47,2018-01-20 17:58:14,2018-01-24 15:34:33,2018-01-27 00:58:50,2018-02-07 00:00:00
de7aff9a17cd97da3fdfb1fd2c610e3d,1dc971b9d690940ed22432e60fc6e98e,delivered,2018-05-10 21:09:35,2018-05-11 02:57:32,2018-05-11 13:24:00,2018-05-16 14:03:17,2018-05-29 00:00:00
2408c82f4d0bc3152844a50802d332e3,4b2f52737e5938338523b61e36cecac7,delivered,2018-07-02 22:10:09,2018-07-02 22:30:29,2018-07-03 11:57:00,2018-07-05 20:16:57,2018-07-20 00:00:00
1d7a71c41527b2bc409847ba9b75bd86,728d8854728a82f8d07ead7b2d80b00f,delivered,2018-03-02 21:49:35,2018-03-02 22:08:47,2018-03-06 00:10:47,2018-03-27 22:18:55,2018-04-02 00:00:00
ed7ae50efde849cd72f44bb7499ca57f,47fca00277fc13b423fb43759df4d46f,delivered,2017-12-15 19:12:27,2017-12-15 20:31:02,2017-12-19 22:46:35,2018-01-03 13:40:51,2018-01-10 00:00:00
67fda58928557660d52d5f17eb0aa105,c2e1075c630ee8fd3da52cbc1ac79dcf,delivered,2017-12-13 18:53:25,2017-12-13 18:59:28,2017-12-19 15:58:28,2017-12-29 12:14:57,2018-01-12 00:00:00
78f0db6f25f112d1100e8d940a643fd5,6640f3a3b636cc90633936c9ce48b128,delivered,2017-09-03 17:18:48,2017-09-03 17:30:18,2017-09-05 13:38:02,2017-09-18 21:07:51,2017-09-27 00:00:00
b614e97e742badfa8faff319efd171eb,1499495d77dafd34186ecba5241ea2f1,delivered,2017-10-02 20:15:59,2017-10-02 20:35:35,2017-10-03 16:12:58,2017-10-09 17:24:14,2017-10-27 00:00:00
5e9b8f318db11da788bebae8b16069f0,e7082e0b1945d3cc085fe1b57f7e389a,delivered,2017-09-12 22:00:32,2017-09-12 22:15:28,2017-09-13 20:54:45,2017-09-15 15:24:39,2017-09-29 00:00:00
921708bd83981df87fcf8cca7936ece1,0667f9442ea0fda05f8e5153c837bf7f,delivered,2018-07-27 15:46:55,2018-07-31 04:10:12,2018-07-31 13:24:00,2018-08-06 22:58:48,2018-08-23 00:00:00
c7550d69fe9004d827208e1e40a32bb0,6b721e99c84ff5d73347383eee0dbafe,delivered,2018-04-27 16:14:55,2018-04-27 16:32:42,2018-04-30 12:10:00,2018-05-15 15:42:27,2018-05-22 00:00:00
986033635480f0a529bc90e2dfa1c168,bdf752eeb242f4658f6abceb10e234e6,delivered,2018-01-21 15:10:57,2018-01-22 13:52:06,2018-01-23 20:37:02,2018-01-30 14:18:56,2018-02-19 00:00:00
4d7d8049db0c317e48f8e971de737dac,5bbb6f9207a1c6511d9435f462c66c75,delivered,2018-03-13 21:35:56,2018-03-13 21:48:11,2018-03-14 18:38:48,2018-03-20 01:38:52,2018-03-29 00:00:00
791694f9f32bf69188171d1c43b61019,228dae89868912c983dc0979e8536697,delivered,2017-06-23 14:31:09,2017-06-27 03:50:17,2017-06-27 17:04:01,2017-07-01 09:12:14,2017-07-20 00:00:00
301507cc236bfc4b5eed4fd3dc664c12,98e291daf328c08849cb0369cd861a14,delivered,2018-04-03 22:55:48,2018-04-03 23:10:11,2018-04-04 23:18:28,2018-04-05 15:32:56,2018-04-17 00:00:00
e5a3a83c5cfbe529d5f4e6da9587f5b9,a02bd6ebbfe3fc14c3579861909c6358,delivered,2018-07-20 09:24:27,2018-07-20 09:43:42,2018-07-20 13:57:00,2018-07-25 22:56:50,2018-08-03 00:00:00
7c0010171d4d583d7f4d87894d7b6973,f6b8a8fce4bbc55bb21168230e1ae579,delivered,2018-02-14 22:42:44,2018-02-16 07:50:47,2018-02-21 06:16:59,2018-03-21 16:37:45,2018-03-20 00:00:00
4753616d1169e6e7186b8b1bdd847209,2d5dc94adca187649de7d298672da820,delivered,2017-02-15 21:34:37,2017-02-15 21:45:11,2017-02-16 14:59:32,2017-02-21 17:42:03,2017-03-14 00:00:00
2a77610e00a6f4db47364ddb4871de68,b8a0349921c6b15a956ad9d7a9905cf5,delivered,2018-01-09 20:59:52,2018-01-10 10:31:59,2018-01-11 23:22:19,2018-01-18 23:33:50,2018-02-02 00:00:00
64b0c4309be0e8a0dbefb34e060668ef,cf988cfee8d24a30e679abd6d86d71ac,delivered,2017-12-29 00:08:37,2017-12-29 00:31:53,2018-01-02 21:53:28,2018-01-05 19:54:22,2018-01-19 00:00:00
d906fa8596aaf7d085bcf5dd3bdf713a,0bfb62994cc769aeb5f2c9da92c922c5,delivered,2017-08-21 12:14:03,2017-08-21 12:27:04,2017-08-21 19:28:14,2017-08-22 13:54:07,2017-09-01 00:00:00
bdf132cfee5c1e0674b5b27eaf076f71,219d016b257f7847b1490eb159c79036,delivered,2017-11-24 19:55:06,2017-11-24 23:12:46,2017-11-29 22:24:45,2017-12-07 19:03:11,2017-12-14 00:00:00
1af3db74a164e8f5aebbbf6a526ab445,9b86a9a051872962a0d00c7e1807cb6f,delivered,2018-01-15 19:22:26,2018-01-15 19:31:27,2018-01-18 18:00:26,2018-01-19 16:28:11,2018-01-30 00:00:00
03a09960f3b0d2b2565271fec21a8c94,f50df10e94888c89877c349b940b0b3b,delivered,2017-12-28 11:45:47,2017-12-28 12:31:55,2017-12-28 22:15:17,2017-12-29 17:19:10,2018-01-17 00:00:00
62db7b956ff0a1fd095d1d2bce81b8f8,a3240b89bcef76bb6f71ff54c0a0a92d,delivered,2018-02-13 15:29:49,2018-02-13 16:07:17,2018-02-20 00:00:52,2018-03-05 22:38:40,2018-03-26 00:00:00
9b790ca446b8e28ce5e4382959f6b7df,ecc00bf7d2998377dad8e970fcf7beaf,delivered,2018-07-15 11:05:51,2018-07-15 11:24:11,2018-07-16 15:01:00,2018-08-17 01:38:26,2018-09-03 00:00:00
fcd5c11fdcdf8f31e2c6cd12717cc00c,2e77e20272624db559cd9aa75a4e13cc,delivered,2018-04-13 08:12:18,2018-04-14 02:13:41,2018-04-17 14:56:46,2018-06-08 17:46:30,2018-05-24 00:00:00
569e8d50e3105686d32f81ad1e012b23,0572b0398e8e296548ecc2ab61f79934,delivered,2017-04-25 08:33:24,2017-04-26 09:35:49,2017-04-26 21:08:17,2017-05-09 13:03:57,2017-06-09 00:00:00
a7b5335df0e4011b78171b889fc52a2f,44b4092aca988a184eb8025c3064bd3b,delivered,2017-06-29 10:45:35,2017-06-29 10:55:17,2017-06-30 13:59:40,2017-08-21 23:38:56,2017-08-04 00:00:00
3ed559dec69ab96d9074fedaf18650eb,c2e3af310bc1697927b089ce04f87c6f,delivered,2018-06-15 13:20:09,2018-06-15 13:44:37,2018-06-15 11:22:00,2018-06-26 15:53:25,2018-07-23 00:00:00
91501d5292dbe67f25d3c8867cd67f44,06985cfc3780a960b8af6011b6566ec9,delivered,2017-10-11 12:05:32,2017-10-11 12:25:52,2017-10-16 16:12:33,2017-10-20 18:31:54,2017-11-07 00:00:00
36377e52aa9971718dd22913580b7799,be7fd77bf39879f67d00f9f8c433b46d,delivered,2018-08-14 08:38:20,2018-08-14 08:50:16,2018-08-14 13:25:00,2018-08-21 15:38:49,2018-09-06 00:00:00
feea4e6dd813103d3a1e4a39a341d66e,df7429c93b45154990b9a0d40ada45cb,delivered,2018-05-26 20:54:38,2018-05-26 21:09:53,2018-05-28 15:40:00,2018-06-08 17:41:50,2018-07-18 00:00:00
dfd1a72f02919b59c032a116063ca31e,7a6ce9c0c30bed907e25e280066893cf,delivered,2018-01-17 10:52:11,2018-01-17 15:32:42,2018-01-22 17:09:28,2018-02-02 20:56:16,2018-03-01 00:00:00
8d9aeca18991202d1a10f82ce4802dc0,fde364048c977271b875791b44442197,delivered,2017-04-07 08:49:11,2017-04-08 02:42:59,2017-04-25 13:53:28,2017-05-05 16:08:07,2017-05-09 00:00:00
d65b5ecfd3118aed9c5a08d68ebb1406,e482270e1e3f5096fde4144bae1d5d24,delivered,2017-11-13 22:51:59,2017-11-13 23:10:57,2017-11-14 18:14:55,2017-11-25 14:26:44,2017-12-12 00:00:00
6ad99bac95eceb8ee72b78585c5baf88,a11b2ffc399bdbac01974520f8ec98b8,delivered,2017-07-18 18:47:12,2017-07-18 18:55:24,2017-07-21 18:38:00,2017-07-28 15:14:02,2017-08-16 00:00:00
7267d608584711703c4301acb424f243,09946974353beb03aa00adf0004610ee,delivered,2018-01-17 16:56:05,2018-01-17 17:15:12,2018-01-18 19:19:06,2018-01-22 21:32:11,2018-02-05 00:00:00
2f71a7d28c0418b03cd08aed6b0a4400,28ddcf325dffd061e80200e467d361b2,delivered,2018-04-16 07:17:23,2018-04-16 08:00:38,2018-04-17 19:51:20,2018-07-11 15:06:43,2018-04-27 00:00:00
e0614e688d081a4fde76eae315bf2101,bd5c7a1c15c5bcacfd42c6edc9e8209c,delivered,2018-03-02 07:19:00,2018-03-02 07:30:23,2018-03-05 22:42:20,2018-03-28 21:14:21,2018-04-04 00:00:00
333ce3e6b37acde9e8cd3734d29381e4,b3f2017cdf8266ed977554fc72b75988,delivered,2018-05-16 08:33:47,2018-05-16 08:55:27,2018-05-16 13:44:00,2018-05-17 18:12:44,2018-05-29 00:00:00
c6e16909d1d8fbb83a05df34c19cfe3e,c68958aa2647722de2320a195b3c0303,delivered,2018-01-09 18:50:32,2018-01-10 10:31:34,2018-01-10 18:54:47,2018-01-15 18:35:55,2018-02-08 00:00:00
31a6cf15863af3a28c926044c0b50311,530d0acebe2f9f1f4f54751ca1d78c86,delivered,2018-01-08 19:42:25,2018-01-09 10:49:12,2018-01-09 22:27:34,2018-01-18 20:56:39,2018-02-05 00:00:00
52c50c7534490a8391f8f6fd7115405a,1cf37610a6c6757a56256e4321283db8,delivered,2018-05-14 18:17:02,2018-05-16 03:15:24,2018-05-16 15:13:00,2018-05-21 19:38:46,2018-05-22 00:00:00
e8bf6d7173ae20431feec1819bb00fec,36aada8c807b66723073f6ee9add27a2,delivered,2017-07-17 15:30:54,2017-07-17 15:45:11,2017-07-18 19:03:56,2017-07-19 15:31:38,2017-07-28 00:00:00
03aba68b07658f28f29612641f08d4ba,a7ab31829dc9a10f37e82b1e1afd26b6,delivered,2018-08-08 14:27:15,2018-08-09 08:50:17,2018-08-14 18:00:00,2018-08-21 15:33:32,2018-08-27 00:00:00
3dfab3762e9575a44c3178ceea9823ed,2c4976e1803bd84665c681555bf90dfe,delivered,2017-05-21 10:51:23,2017-05-21 11:05:22,2017-05-24 12:14:23,2017-06-01 14:50:07,2017-06-21 00:00:00
88c4fe503028fe735969053f5459584f,314437095633767efe53c366467776ca,delivered,2018-06-11 13:21:32,2018-06-11 13:39:01,2018-06-13 14:50:00,2018-06-14 21:08:43,2018-06-20 00:00:00
9966919513b173e92155677f14ec8a67,05f830d6d4afd135824b04ce45d20f00,delivered,2017-12-05 21:26:28,2017-12-05 21:36:23,2017-12-07 14:32:54,2018-01-04 17:58:50,2018-01-09 00:00:00
4f43220e9c5dadd3274d4458b281231e,5f58fd39aec217715f74bc063695d053,delivered,2018-07-09 19:38:41,2018-07-09 19:50:11,2018-07-10 15:06:00,2018-07-11 19:14:34,2018-07-18 00:00:00
98b7513b33b639343a4a8955906e61a4,0df62d73f1108bad0d46174874a5803f,delivered,2018-01-17 17:29:54,2018-01-17 17:50:43,2018-01-19 00:57:50,2018-01-28 16:42:08,2018-02-16 00:00:00
dac9fc94a81081df3d4748c438111b9d,5f70962012a0b62ea16b374c894e6438,delivered,2017-03-05 18:26:04,2017-03-05 18:35:16,2017-03-06 12:09:55,2017-03-08 14:38:10,2017-03-23 00:00:00
3b1c5a036e0412d8c9dda3d6df67782a,0dd70915d5f46c4cf8afce382e0b5b86,delivered,2017-02-23 15:32:21,2017-02-23 21:55:18,2017-03-13 12:09:11,2017-03-18 11:07:36,2017-04-06 00:00:00
cf53791f14dde2f6520a9af8dc72c413,d9982309b78cc445ff3e067de15f381d,delivered,2018-05-06 21:13:51,2018-05-08 19:15:27,2018-05-09 10:02:00,2018-05-10 20:22:38,2018-05-15 00:00:00
34fd3e758f03c7fe6169308d0fa11582,c9fbb89557c010578ebdf551bdb5d050,delivered,2018-07-28 08:17:06,2018-07-28 08:30:37,2018-07-30 12:24:00,2018-08-13 23:49:38,2018-08-24 00:00:00
e9d200068a4ce740a45a51198b50c355,41e5c54428c31938f270e01e0d5ddf31,delivered,2018-07-29 21:58:29,2018-07-29 22:30:57,2018-07-30 14:32:00,2018-07-31 20:48:47,2018-08-06 00:00:00
fe89c2d7806e114f3c487deb11030b20,a4f17944d4366b55960e5671d66f1f98,delivered,2018-05-20 12:24:04,2018-05-20 12:35:11,2018-05-23 11:01:00,2018-06-15 00:47:37,2018-06-07 00:00:00
a650c714762d0184be820c5e311c8d96,e07b59a7108cd76e53e18fe3748394ee,delivered,2018-08-05 06:31:51,2018-08-05 06:45:07,2018-08-09 14:26:00,2018-08-10 21:48:22,2018-08-23 00:00:00
df2a380947167bc1d9d863cf7247713d,1c3b35f72d254156a28a610d975e9c90,delivered,2018-07-14 18:12:49,2018-07-14 18:30:20,2018-07-16 15:48:00,2018-07-30 11:15:12,2018-08-15 00:00:00
616f1f539d7add607844e0199fed7ea6,4a3ceccbd2b8304e6aa7c986c1a4f755,delivered,2017-01-23 07:03:04,2017-01-23 07:30:51,2017-01-27 06:06:07,2017-01-31 11:12:50,2017-02-17 00:00:00
fc447b97d47426eaf8ec60d936f96ca9,792a25de8cf6773efd37ddced5f8dbc9,delivered,2018-02-15 20:03:40,2018-02-15 20:15:24,2018-02-16 22:18:49,2018-02-23 21:24:21,2018-03-01 00:00:00
c9e21564afa689e7e67a79fdebfcd286,4516c8dd6c911bba5d1f66f5a6130b75,delivered,2018-08-14 19:32:48,2018-08-14 19:45:53,2018-08-15 16:02:00,2018-08-29 18:18:37,2018-09-26 00:00:00
f0be1993631581ceeabd41065a115dda,b6478ed646420d2549f0abea9deefebc,delivered,2017-04-07 21:03:27,2017-04-07 21:15:13,2017-04-11 10:51:53,2017-04-19 15:28:10,2017-05-15 00:00:00
37d068f195cdc77f6baceae2adc0ddc0,f5ea6eafb5cc345bdc3232c49b661147,delivered,2018-05-06 20:55:37,2018-05-07 10:11:33,2018-05-08 12:09:00,2018-05-10 18:22:52,2018-05-28 00:00:00
d90e182426063c49d95c94e3aed7356a,f418631c4d2cdc8d91131224b94e6748,delivered,2017-08-26 07:30:27,2017-08-26 07:44:20,2017-08-29 19:55:55,2017-09-11 22:55:08,2017-09-18 00:00:00
7eaee8b80a41b5daabc50e02d1e45120,ad4db30de14a63fc303d577df107bade,delivered,2017-05-27 10:47:47,2017-05-27 10:55:33,2017-05-31 12:04:01,2017-06-02 09:42:59,2017-06-19 00:00:00
8895673f81ae9b1b7ecd868bd707b243,3cc9672b7b30a285f3613aad8480cca5,delivered,2018-07-22 13:13:57,2018-07-27 23:31:15,2018-07-24 14:27:00,2018-07-31 20:49:38,2018-08-16 00:00:00
c96fe38d1e1df0486acb7698fa71b3a6,a425d90ec0693be9fe75037f9756e7df,delivered,2018-01-30 10:43:01,2018-02-01 03:12:34,2018-02-08 21:07:45,2018-02-26 14:26:53,2018-03-02 00:00:00
4e2cd0aecbb0fbcc5fc61ed8fc23589c,a0edaa97421af6b1d805a70f13522081,delivered,2017-12-02 16:00:04,2017-12-02 16:17:29,2017-12-05 00:14:29,2017-12-06 13:28:53,2017-12-21 00:00:00
0a5c74ccc786ced7903270de9d6c170a,c021456db05f8e71f0985bef8859b793,unavailable,2018-01-18 23:14:36,2018-02-20 12:05:54,,,2018-02-14 00:00:00
b68c121f5fc81ef3aedc751e4f53987c,48911e9294217f3585fe97d3fe278e0c,delivered,2017-09-15 14:48:02,2017-09-15 14:55:27,2017-09-18 22:14:37,2017-09-28 20:27:01,2017-10-05 00:00:00
56edbe59fde7187f278fa6c09a348582,d0c752207e97e5212f3bd1632c2c81ea,delivered,2017-06-26 10:38:34,2017-06-26 10:50:24,2017-06-29 09:11:51,2017-07-10 17:40:02,2017-07-18 00:00:00
372072460d5ca7c6a3cd1f155aa97205,034b8eb08858f93308717bfab30b54ba,delivered,2017-12-04 17:23:57,2017-12-04 18:30:29,2017-12-08 15:14:58,2017-12-20 23:26:00,2017-12-29 00:00:00
4ef685e6dcade551ce14cb3783ca664d,0e8e2f7bf1242ec3421144a8c8c5128e,delivered,2018-01-23 21:03:23,2018-01-23 21:20:22,2018-01-24 18:22:57,2018-02-23 01:17:38,2018-02-16 00:00:00
46dab7df33775120f347d8f350190e06,2a146a7e16085d54b7564cf29ecd6663,delivered,2018-05-09 12:21:35,2018-05-09 12:35:27,2018-05-10 19:05:00,2018-05-11 13:32:17,2018-05-17 00:00:00
1b68cfcb862b5d454c4812021edbe3b4,c377db3c410c88f51fa477a5cc0be291,delivered,2018-07-17 20:51:27,2018-07-17 21:05:41,2018-07-19 15:26:00,2018-07-24 23:16:49,2018-08-02 00:00:00
19eab825a1c06f76aa724771ac4db143,2f44de5a6887ace186c43b3d92c0176f,delivered,2017-09-06 10:22:02,2017-09-06 10:37:34,2017-09-06 16:48:03,2017-09-12 16:42:24,2017-09-28 00:00:00
da2dfdd5a61a829e74408cc8de93aea2,afa3bdae840d8a38fc672bfc3fb3d317,delivered,2018-07-19 21:58:43,2018-07-19 22:40:06,2018-07-20 14:11:00,2018-07-24 19:38:56,2018-08-07 00:00:00
dd39a3c7afa0c93e2d1e3580594f09e5,b9fd82369a040ab316a88a1177de4cde,delivered,2017-10-29 18:49:47,2017-10-29 18:55:14,2017-10-31 17:27:33,2017-11-03 21:58:46,2017-11-22 00:00:00
dd2f898dab99df4fea7aeb02b77fcd25,f0af88af20ee8c5df79e8407dafec4a3,delivered,2017-12-20 18:23:40,2017-12-20 18:34:29,2017-12-22 22:00:28,2017-12-27 21:13:46,2018-01-16 00:00:00
0e7be6aaa59ac324e8b9b4e71a84f3be,6ce4c7bd3926439373aeb50dd50569e8,delivered,2018-08-14 14:34:56,2018-08-14 14:46:05,2018-08-15 14:47:00,2018-08-16 17:14:43,2018-08-17 00:00:00
f5c7e6dffe1ba6e19b7e8ed0d2605078,a5fe8fbce6fda361a25e948fab304a16,delivered,2017-07-30 14:55:03,2017-08-02 02:36:36,2017-08-02 12:14:47,2017-08-12 13:24:56,2017-08-22 00:00:00
5610645066118adab4ba8c6304296f84,4c98d44b5b479bd527e7fb4bf85b549d,delivered,2018-07-30 19:14:39,2018-07-30 20:04:31,2018-07-31 16:00:00,2018-08-02 21:34:47,2018-08-13 00:00:00
c3d439f902dde69ae8f1c314189adcc3,9ece33b07f80053801f77aaf3ea3c87b,delivered,2018-03-04 23:35:47,2018-03-05 23:30:35,2018-03-07 13:41:25,2018-03-19 21:50:50,2018-03-21 00:00:00
22cd5c06a19914a8094c39a506a7ac05,88255d1ee3d1b15b26adb2fd286b08ae,delivered,2018-02-26 13:22:50,2018-02-26 13:35:31,2018-02-27 20:13:39,2018-03-19 18:04:44,2018-03-16 00:00:00
9b336781d5b596503cb852a8e043496b,d7ce0601f255aee1822177f53a3631b7,delivered,2018-06-12 16:51:53,2018-06-13 02:36:30,2018-06-14 14:13:00,2018-06-15 17:26:47,2018-06-26 00:00:00
474830369187d08dab0036115c9545bb,0630f4893eec49ac76256eff922b792c,delivered,2017-08-11 09:19:03,2017-08-11 09:30:15,2017-08-11 18:09:55,2017-08-22 22:27:33,2017-09-19 00:00:00
02ead97e330f2220485cb34ceaf2fad9,91777bf7da6d514032a58412641e51dc,delivered,2017-06-25 23:06:58,2017-06-27 03:43:25,2017-06-28 14:39:24,2017-07-05 16:02:58,2017-07-28 00:00:00
2c434ccd3ee0da607ae0d16400de7bea,49d4f082f2123654113d5182d599f345,delivered,2018-01-16 12:07:16,2018-01-16 12:19:21,2018-01-19 22:41:55,2018-01-30 19:08:36,2018-02-09 00:00:00
046afc54df6dd8bc98ee2c0e653b70d8,8ee754be82092030235d71ae5c945ace,shipped,2017-07-03 23:04:24,2017-07-03 23:23:27,2017-07-04 13:32:03,,2017-07-25 00:00:00
cec7621a57e5706d864adadf0e66efc5,563d402ce97fc7ff9df795230f552cca,delivered,2017-12-06 14:11:43,2017-12-08 02:53:44,2017-12-12 00:35:09,2017-12-21 23:07:24,2018-01-08 00:00:00
f1fbc76b5a7cfbf5170cba46cbc93c24,756443b83aba78cf471a583a9a712f22,delivered,2018-04-03 10:38:15,2018-04-04 03:10:17,2018-04-10 20:03:21,2018-05-03 21:02:44,2018-04-19 00:00:00
82afe7cfa91318f49e01765796e93377,f1b54a68a52f687ca19a54e63eb62b7f,delivered,2017-03-13 22:45:00,2017-03-13 22:45:00,2017-03-15 17:07:58,2017-03-21 11:06:23,2017-03-30 00:00:00
4133da3ec6415d739d27ac34d03bfa35,6d6c20c848bce3e65b6223a2cf8d14d2,delivered,2018-02-07 07:31:21,2018-02-07 19:35:32,2018-02-08 23:47:10,2018-02-15 20:53:22,2018-02-23 00:00:00
3026c814d0f98a4808e74be8c017da23,83f1d8a90b16aa7bbe517f99ff28d090,delivered,2017-12-15 19:56:51,2017-12-15 20:11:15,2017-12-23 18:32:31,2017-12-27 15:09:37,2018-01-04 00:00:00
8a8d2bb96afe472415715631b0751551,743c0ae28794358d1592d88ec21087b9,delivered,2018-03-03 22:26:42,2018-03-06 03:55:39,2018-03-06 18:52:01,2018-03-14 22:17:51,2018-03-22 00:00:00
7f4419f7c94db80e542d82717e3c6528,052d1a3293d2fc507f8ab9974eba70b4,delivered,2018-02-28 13:45:42,2018-02-28 13:55:46,2018-03-02 13:39:11,2018-03-27 17:47:20,2018-03-22 00:00:00
13b7ea30bd484930c5868af93213d7ec,7847f7fb1b9778b3a4d74621f9ea123a,delivered,2018-06-09 11:41:45,2018-06-09 11:51:16,2018-06-12 15:07:00,2018-06-21 21:52:04,2018-07-26 00:00:00
a204d9011aaf7ab9a3d11c56023e8eff,64a5588ae36dcad4727549ad89067d54,delivered,2017-12-17 10:04:58,2017-12-17 11:16:22,2017-12-18 19:57:09,2018-01-11 10:38:31,2018-01-16 00:00:00
87b8791f9f3b6cbe168d5109a98766e6,93b5abb190d46114e4ef01a59bfd85bb,delivered,2018-05-23 11:11:20,2018-05-23 12:15:14,2018-05-23 14:13:00,2018-06-07 17:08:32,2018-06-25 00:00:00
515c252d5e8d998ccbabee187e40d8ce,c0d895c16b51baaf7f3993aa6da93d8a,delivered,2018-03-13 21:59:56,2018-03-13 22:10:59,2018-03-15 19:24:36,2018-04-03 22:38:30,2018-04-09 00:00:00
5128c20bdff8d882354c66e58d3e1d92,c451ff9c3b895a15ba9ba56e6bc45610,delivered,2017-12-05 11:17:58,2017-12-06 13:12:27,2017-12-08 00:16:58,2018-01-05 15:53:26,2018-01-03 00:00:00
30abb2f439ba28a74be74a347eb3a6e0,d0f9758f9967e058470f9b0b7f18e1cb,delivered,2017-11-26 21:36:12,2017-11-26 21:54:02,2017-11-28 16:18:59,2017-11-29 20:39:06,2017-12-26 00:00:00
69f1e4d5709c13914c309652f82319f8,4a4f956bd9b42fe75897a1f63786cf06,delivered,2018-08-25 00:26:53,2018-08-25 00:35:12,2018-08-27 10:46:00,2018-08-28 16:21:07,2018-09-06 00:00:00
98b736865640a09748dfa712c907b68d,1c9b6c0b6dd182d22114cebfb353d8a0,shipped,2017-04-10 13:09:48,2017-04-10 13:22:27,2017-04-11 06:59:57,,2017-05-04 00:00:00
048beca6ccda094fb80bbc704d7c493d,0009a69b72033b2d0ec8c69fc70ef768,delivered,2017-04-28 13:36:30,2017-04-28 13:45:15,2017-04-28 15:08:40,2017-05-08 10:04:13,2017-05-22 00:00:00
441596a9fde121f33c360d9c9ecae437,371af652a9491f3a5bc4c8a79c7c6327,delivered,2018-03-19 17:56:17,2018-03-19 18:15:45,2018-03-20 17:32:11,2018-04-19 17:41:56,2018-04-11 00:00:00
226b974b91daac2276aab33c44e1a63d,61e7fea855ebbbcadce7dcd3a551aff3,delivered,2018-05-16 20:57:48,2018-05-17 19:36:48,2018-05-18 16:48:00,2018-05-22 17:42:18,2018-06-01 00:00:00
9d6a38b49a05b68e74e4d8899ebfe249,3e591ab5fc15cd406033b22ac28393c1,delivered,2018-08-06 14:33:18,2018-08-06 15:05:11,2018-08-07 12:25:00,2018-08-13 19:11:57,2018-08-20 00:00:00
d81520699c4e69201429ec07d1d92213,e6d6b3abceda4762ac1296ee90e45ebd,delivered,2018-04-26 20:48:28,2018-04-27 20:50:31,2018-05-02 09:33:00,2018-05-07 16:11:47,2018-05-18 00:00:00
d721be27c2ef214e57d87d289f0b844c,df67eca31878b49e4c27f2bdb974f753,delivered,2018-03-21 08:42:45,2018-03-21 08:50:29,2018-03-21 18:35:33,2018-03-26 14:22:30,2018-04-03 00:00:00
4eb910d27cb13ee96a5e5c6dacfe4e4a,607bf1e28bda8abb586b37e68ba5dc7b,delivered,2017-10-20 14:51:17,2017-10-20 15:06:05,2017-10-23 21:26:08,2017-10-27 14:08:06,2017-11-08 00:00:00
4b7c75647aa227e46207431cad3bf247,9f5492d11e095846e5c39e55f717c452,delivered,2017-12-02 19:26:28,2017-12-02 19:36:41,2017-12-04 22:17:05,2017-12-19 17:52:06,2017-12-28 00:00:00
984174bcd02edf2e6d81d8505a6f69d3,1e82f0d500dd0c3e22a04421762b7590,delivered,2017-11-25 23:44:22,2017-11-25 23:53:19,2017-11-27 18:23:06,2017-12-01 20:06:43,2017-12-11 00:00:00
830f12a85d0bd0678bb5cbfe58b68cf2,1e40588bb4f9eae6bd4d49e929ef2b0b,delivered,2017-12-06 12:31:39,2017-12-06 12:39:31,2017-12-20 12:38:28,2017-12-22 00:12:59,2017-12-29 00:00:00
ca86cad784127e59fdec418b22c6a800,2a6d23f4d4b26af5a1a5b6bc1f2cceab,delivered,2017-07-29 18:34:37,2017-07-30 06:43:53,2017-07-31 17:07:56,2017-08-07 19:17:58,2017-08-22 00:00:00
93aeb5597e77e0da848f2118531a7d3a,6231b6e4d05e6ab8e30b6fca4afff42b,delivered,2017-11-01 12:17:58,2017-11-01 13:31:19,2017-11-03 18:57:42,2017-11-10 22:06:00,2017-11-23 00:00:00
94cb35fbdd88c96b0718527f8e843feb,ee3dd978021aef55ba8a583afd608049,delivered,2017-12-04 12:46:39,2017-12-04 16:33:40,2017-12-05 22:13:14,2017-12-15 18:58:53,2017-12-27 00:00:00
48c37ee80e51a60b382e320467cc9d37,91c102a628fc78be6714076a1afe95fb,delivered,2018-07-23 12:28:19,2018-07-23 15:32:30,2018-07-27 13:53:00,2018-08-01 21:36:29,2018-08-22 00:00:00
d7f99a9d27a65a88e4aba096e5ba4a47,3ce5345931105e4e5e8710d5ad3739e4,delivered,2017-10-21 16:32:50,2017-10-24 03:25:42,2017-11-08 21:49:27,2017-11-17 22:46:52,2017-11-09 00:00:00
06613112cdd7761776322081835b1b96,fcb575e0338a61a52183a700115f416d,delivered,2018-02-27 17:19:46,2018-02-27 17:30:35,2018-03-06 00:27:01,2018-03-09 22:26:34,2018-03-19 00:00:00
afb92fee56931a44318f90b0cb3330f5,ec1fe36ec54f1a3a67f00e71d010d1ae,delivered,2018-07-05 19:17:41,2018-07-07 04:48:26,2018-07-10 12:27:00,2018-07-13 16:28:28,2018-07-25 00:00:00
89898719573722b59b173f76fb213501,d2b141e8cefd8acb97baee4b25b01ea5,delivered,2017-01-07 00:34:47,2017-01-07 00:50:15,2017-01-10 14:52:35,2017-03-06 13:15:00,2017-02-15 00:00:00
2bb4f4b23284b2f435007ab797c29edc,bfecf4e7164c2af64001ea4bed8eea1e,delivered,2018-08-13 13:42:52,2018-08-13 13:55:22,2018-08-15 14:15:00,2018-08-20 21:36:56,2018-08-24 00:00:00
83f897bfa5b1f95356e8c9a33679cb49,81ef50fbfd524d47bdf3346454a908af,delivered,2018-08-14 15:08:12,2018-08-14 17:30:14,2018-08-16 12:21:00,2018-08-17 15:34:47,2018-08-22 00:00:00
eeea6d8b7be9d2940ad03da32772f073,8e583a225e2acf571821cc8ad0c52964,delivered,2017-05-18 10:29:31,2017-05-18 10:42:23,2017-05-24 08:23:52,2017-06-05 07:07:59,2017-06-22 00:00:00
7e0b3de10a1a384e3981f68540b150e6,6e0d6f2388768980d03c69a14da91bb0,delivered,2018-02-23 10:23:47,2018-02-24 02:51:05,2018-02-27 18:52:16,2018-03-07 23:36:36,2018-03-20 00:00:00
16693a75a341d20873b58f312464e250,f94d7db76f2226b4d4375005e451ee41,delivered,2018-08-04 22:15:15,2018-08-04 22:25:12,2018-08-08 14:31:00,2018-08-09 17:21:53,2018-08-10 00:00:00
aced4ae5d9332b2f1020d42e4718f532,369cf8a959e34a7f6da94416d4b755c2,delivered,2018-05-22 21:56:28,2018-05-24 02:34:35,2018-05-24 15:22:00,2018-06-14 19:17:42,2018-06-20 00:00:00
6cd61eadfcf9bee43e7cf8068b937f55,e27262035bf937a0f1e1d333dc678b48,delivered,2017-07-23 12:07:30,2017-07-23 12:23:24,2017-07-24 16:27:40,2017-08-10 19:50:04,2017-08-23 00:00:00
80742a986710e5cda30966b8d3f1ab96,45bc2236e861a17b1c41d3d635ba0e35,delivered,2017-10-26 20:36:07,2017-10-28 02:50:33,2017-10-31 22:27:42,2017-11-01 18:25:56,2017-11-08 00:00:00
bc0e690ee61ed479d110f301bd4e6b5a,2f08bb2fb46afb0cb9375f5e8be8ff85,delivered,2018-01-22 22:52:56,2018-01-22 23:12:44,2018-01-24 21:56:27,2018-03-15 21:24:47,2018-02-19 00:00:00
ddc6156f6a074fb9937e7f079dd758d3,792574dd1d569043cd8e45afbfddb215,delivered,2018-07-25 22:49:28,2018-07-27 02:05:15,2018-07-27 12:27:00,2018-08-02 21:47:43,2018-08-23 00:00:00
114c9407eb2b873d07c1b3bf91e35a9c,df11cc9c942c7f07da39b38148fd5205,delivered,2017-09-12 14:38:24,2017-09-12 14:50:27,2017-09-13 13:10:22,2017-10-16 18:38:57,2017-10-06 00:00:00
98200dd99e0bfe78c2d1378ad05fe51c,affbf9d0ff0808dc14ffebc55c1b1a94,delivered,2018-02-01 19:30:18,2018-02-01 19:40:41,2018-02-05 18:52:24,2018-02-23 16:30:05,2018-02-26 00:00:00
15bc08d16e46d4a0586df8dfdd1ed60d,e8ed13a7d30ea447608bad258f7b82d3,delivered,2017-09-18 22:08:37,2017-09-18 22:15:16,2017-09-19 17:13:01,2017-09-22 17:44:42,2017-10-11 00:00:00
8fda82d5d041f776798e037d6628bd89,6f2c39d4b256fe2ad20d3d53d16563d1,delivered,2018-01-22 21:10:36,2018-01-23 21:20:16,2018-01-29 20:18:06,2018-02-06 22:05:21,2018-02-21 00:00:00
b073e0d7ee46b9e5b927e06130aeba6f,eb2ba5d39a253c0c4d2c573b6af2c018,delivered,2017-10-21 22:31:25,2017-10-21 22:49:19,2017-10-23 23:04:01,2017-11-11 14:48:40,2017-11-13 00:00:00
6772fa18f983a48d6bee6608ac9191ac,ea3f5d1ea13accae4dfe669074ebd0d1,delivered,2017-05-15 20:01:19,2017-05-15 20:10:21,2017-05-16 07:40:24,2017-06-01 13:13:19,2017-06-08 00:00:00
fe78b46c19e9737d82d7dc5d7ea6ee77,6863efdb7b49c05aac8bf15b2fe41f70,delivered,2017-07-26 19:40:30,2017-07-26 19:50:17,2017-07-27 18:51:54,2017-08-01 22:04:38,2017-08-15 00:00:00
c1ca2478a5335407d83a9fa4ff2363c5,95d228ca18b7cea0c1e0499048a66058,delivered,2017-12-28 02:22:04,2017-12-28 02:29:25,2017-12-29 17:29:03,2018-01-10 20:35:28,2018-01-29 00:00:00
a9102cabf06d6a3bb3db039b6477102f,ccf59ecf751698a240a60b115d0de917,delivered,2017-04-05 01:37:38,2017-04-07 11:10:17,2017-04-10 16:17:49,2017-04-12 09:40:59,2017-04-26 00:00:00
480455ea6aea5bb17a513ac896132d14,5a261e29cf7f80b11dbfbed45d2ca5c4,delivered,2018-08-20 10:24:48,2018-08-21 04:15:11,2018-08-21 13:26:00,2018-08-29 20:47:44,2018-09-25 00:00:00
8f64289fd97cf4fe86ff2cf5ddd6d653,adabbc26a6f26169f9ff8b5dfa8903cb,delivered,2018-01-03 14:39:26,2018-01-04 05:17:21,2018-01-08 23:32:35,2018-01-15 21:19:28,2018-02-05 00:00:00
87440684f2020256690b3267299053f6,c0145549d5066a5299cb6d25f4bb3d36,delivered,2017-05-13 11:35:32,2017-05-14 11:42:41,2017-05-16 15:36:40,2017-05-17 11:59:49,2017-05-24 00:00:00
c528ee5dbc3b0873c3eb1a25c860fd97,0b0da9c1d9e04738eb91f38cce9a0218,delivered,2018-05-17 16:36:59,2018-05-18 02:14:41,2018-05-21 09:26:00,2018-06-07 12:35:25,2018-06-07 00:00:00
6093172628144fc06ee4548601a91c65,e7c7f5bccd9e0656edb0d14537773b8a,invoiced,2017-09-10 19:50:03,2017-09-11 19:55:20,,,2017-10-09 00:00:00
ad6305c54a1fde395aba401db42bf672,48b4fb5cf81ed49f44c9ee9010bf7832,delivered,2018-02-28 14:08:12,2018-03-02 16:10:30,2018-03-06 22:24:24,2018-03-26 18:18:34,2018-03-26 00:00:00
9c31d604522ef4fd8e0bba68aa3214a1,dd3ea9d48ebef85eeeeebc41d577bdac,delivered,2018-03-13 08:53:47,2018-03-14 02:48:58,2018-03-14 20:35:30,2018-04-13 20:53:31,2018-04-02 00:00:00
789bf50b7eafcaff398ea0b735b4787e,d9e3c7044790af66009e070dee9d23fd,delivered,2018-08-07 10:14:35,2018-08-07 10:30:16,2018-08-07 12:30:00,2018-08-13 19:42:38,2018-09-03 00:00:00
3f6e9699013cd3929f5afc72ee8af297,7827353a0f6bfe72cd81adc0dc2f8a97,delivered,2018-05-03 13:13:04,2018-05-04 03:52:01,2018-05-04 14:39:00,2018-05-16 20:42:31,2018-05-24 00:00:00
4a59e2d39100c040ae4b76d2e18cbc10,357f03df48f9aad64db3a1fe4bc8f421,delivered,2017-11-24 23:38:11,2017-11-25 02:33:27,2017-12-01 00:18:00,2017-12-11 18:13:57,2017-12-14 00:00:00
e5ee9ad6e9f3659c27ad0673151f467b,829b19100e1a7941b2c21c6529a97dda,delivered,2018-01-25 15:52:21,2018-01-25 16:18:16,2018-01-26 21:18:39,2018-02-16 22:56:49,2018-02-20 00:00:00
c00da3caac54c1d164a533d8a79c7230,1fb54adee7ce31858b5cb708d6d448e9,delivered,2017-10-08 13:00:43,2017-10-10 04:08:09,2017-10-20 21:18:40,2017-10-24 14:34:01,2017-11-08 00:00:00
d98b754dc197354be163fe4f75ef28fc,9cafc4c4cd0912423065d57c236feadf,delivered,2018-07-22 10:24:12,2018-07-23 11:31:36,2018-07-24 05:55:00,2018-07-30 20:03:57,2018-08-07 00:00:00
9b7b3384d7e404d642e930d87bd81984,7b13e690db04d218fd7bfe14c3137c92,delivered,2018-01-16 00:16:07,2018-01-16 11:15:28,2018-01-31 15:28:02,2018-02-14 17:42:33,2018-02-22 00:00:00
de65887c84d470bbd06abf600e7c7a62,719d4af655a55d8cfb4653c237f6235b,delivered,2017-02-28 17:37:35,2017-02-28 19:19:26,2017-03-08 14:53:16,2017-03-22 13:12:57,2017-03-20 00:00:00
208e8b34ce83784e7f65185eab460000,e8db72eb5ddb5c47fc55af02a9395d94,delivered,2018-03-16 11:15:24,2018-03-16 11:30:46,2018-03-19 20:17:34,2018-04-05 20:38:25,2018-04-12 00:00:00
54c3a52bd97fd2dfa8773a378b1117f1,4b732ba2cf096d518f1ed2bea340d6e3,delivered,2017-11-24 09:54:31,2017-11-24 11:16:28,2017-11-24 22:13:10,2017-12-12 18:53:29,2017-12-20 00:00:00
35c0409785e3654ba803189b2ded11d3,b2a0b41180a2f7c13f135136917779a1,delivered,2018-04-19 19:23:15,2018-04-20 07:31:48,2018-04-20 18:22:00,2018-04-23 15:38:58,2018-04-27 00:00:00
4135f93d45b6c1d4f676885da7568a16,3aadc857de358a975814b94ab0865112,delivered,2018-04-27 17:43:23,2018-04-28 17:50:17,2018-04-30 12:34:00,2018-05-04 16:27:14,2018-05-23 00:00:00
ee45911bb0f3165bc61d3cbf92f37506,c5f09f717d4b3f6cda684e0133c3d52a,delivered,2018-02-26 16:43:06,2018-02-26 16:55:59,2018-02-28 00:49:10,2018-04-13 16:34:49,2018-04-02 00:00:00
82ff294d1970490323910cdd6c463977,2923538b48ba4910e980aa90a89c3a2e,delivered,2017-03-11 08:18:51,2017-03-11 08:18:51,2017-03-14 10:44:52,2017-03-22 12:53:46,2017-04-06 00:00:00
09abedc2c8793fa1ef3a6eb50a9587e6,3f2b5d8dc2d1ea6f3fe026509549773f,delivered,2018-06-01 14:55:40,2018-06-02 14:51:54,2018-06-06 14:31:00,2018-06-08 16:56:55,2018-06-26 00:00:00
a4036614de2d233c7d7b9a4a716d3753,2d99f3ad55165f9d436bdde7168e9f91,delivered,2017-12-07 08:31:45,2017-12-08 02:36:53,2017-12-13 01:47:34,2018-01-09 23:32:38,2017-12-26 00:00:00
47733b097428ea5d3b5646c79fa6caaa,3d3dc6fa31f8d841bb69885f5e270cda,delivered,2017-12-20 19:42:52,2017-12-20 19:51:48,2017-12-22 17:17:46,2017-12-27 16:19:19,2018-01-15 00:00:00
98efb98b2ba4d80a561ae49d4525ccac,e7b93896bfa38f23efa4770778f5e4a0,delivered,2018-06-26 18:08:53,2018-06-26 18:43:31,2018-06-28 12:11:00,2018-06-29 17:03:21,2018-07-12 00:00:00
58e6ef7e9c38880c8ae060d871c2c7a2,f4ebbed99d7c749c44024de349f73c9a,delivered,2017-09-30 15:15:11,2017-09-30 15:28:16,2017-10-05 16:43:14,2017-10-26 22:03:17,2017-10-27 00:00:00
aa3666ac800f7d6ee11840a2d5f74ee6,0b693c62802016ff7a09113efce583ba,delivered,2017-08-04 17:54:22,2017-08-04 18:05:26,2017-08-07 19:03:10,2017-09-18 12:44:41,2017-09-11 00:00:00
270cbb69c57b4df6be5aede2871bdd55,c23229504986c0f7fc1452ce9863c611,delivered,2017-11-28 20:22:41,2017-11-30 02:25:48,2017-12-01 17:46:35,2017-12-05 23:27:51,2017-12-18 00:00:00
d2578728ecc606f42c30e24e6ef79c90,343575636b298153652d05b98589fb56,delivered,2018-05-05 09:12:51,2018-05-05 09:39:02,2018-05-07 09:19:00,2018-06-28 18:51:55,2018-06-06 00:00:00
69477156227df21c82fda29850060511,39158ecf3ff6201bdab0f2bed9f00149,shipped,2018-05-17 20:47:54,2018-05-18 02:36:18,2018-05-21 11:04:00,,2018-06-05 00:00:00
2b654564901d04f0e6aa508f39b120f1,a1ded72b82f43baad19c2544ae480b80,delivered,2018-01-27 23:11:05,2018-01-27 23:32:30,2018-01-30 20:45:58,2018-01-31 18:34:51,2018-02-14 00:00:00
2ab274c9a5e207ca4445d7c6ab29e46a,fe4143a722d469f05fc854784279da06,delivered,2018-05-02 10:54:52,2018-05-02 11:13:46,2018-05-03 16:40:00,2018-05-11 22:22:49,2018-05-30 00:00:00
e7ac1f7da9fc50f093b196993cb761e3,2981aa48735242d9254a92f0f855c470,delivered,2017-07-30 03:04:34,2017-07-30 03:22:58,2017-08-02 21:00:23,2017-08-10 17:42:37,2017-08-22 00:00:00
b72857c2670acb43d3080e4c84aa5a96,048383af1eb5828a942dd65d7d43ff6c,delivered,2017-04-17 19:08:40,2017-04-17 19:22:03,2017-04-19 13:25:08,2017-05-10 14:27:54,2017-05-10 00:00:00
c04fd03cc8075ac11e4d723ff4ec20a5,7c2776ccee2154a2870754a5fff10a57,delivered,2018-05-15 11:42:08,2018-05-16 03:55:07,2018-05-17 14:26:00,2018-05-18 15:47:49,2018-05-25 00:00:00
a37ddd895baf6a663cd42465aa1a1d10,b70f3b9d478cfceb437d77c3c6e1b251,canceled,2018-07-03 23:02:29,2018-07-05 16:30:45,,,2018-07-27 00:00:00
77e9d2f71c740441b1fce48743b8e358,a2310d62bc1f94364d79dd78841ea25b,delivered,2018-07-11 14:19:04,2018-07-11 14:30:24,2018-07-16 15:12:00,2018-07-30 18:39:42,2018-08-01 00:00:00
f32ac9e04d057c043017dc54d5fcd9da,5d0dc01a24e822ec01298260d70bf6cd,delivered,2018-04-23 12:03:31,2018-04-24 19:24:34,2018-04-24 18:41:36,2018-04-30 14:48:28,2018-05-23 00:00:00
90b1834032530ed03e7bbb0f6f2d7125,a3c237000eebd71dab1ed23183d334bc,delivered,2018-08-17 22:03:06,2018-08-17 22:15:12,2018-08-20 15:55:00,2018-08-27 17:45:24,2018-08-30 00:00:00
4a5906e48505c6f9113eb64d283949a6,c40245531b595157896dd2e43891b6a3,delivered,2017-10-16 16:06:33,2017-10-16 16:37:19,2017-10-17 17:17:55,2017-10-21 13:07:51,2017-11-08 00:00:00
a2b4be96b53022618030c17ed437604d,ffa87b4246c4848711afb512bd51f161,delivered,2018-07-22 09:54:03,2018-07-23 11:31:46,2018-07-23 14:48:00,2018-09-27 02:24:33,2018-08-17 00:00:00
c45686ed86426af3f7be41420b6020ea,667b5b2ec3ffc38456c616b28951e49c,delivered,2018-05-06 21:49:48,2018-05-08 19:34:56,2018-05-09 10:13:00,2018-05-18 16:40:54,2018-05-29 00:00:00
1ed06e2cc13fded79d12250b2de6ceec,4984b12b5f7adf462ae21f06f87cdf8a,delivered,2017-05-02 19:51:34,2017-05-03 16:02:47,2017-05-09 15:36:58,2017-05-18 15:59:53,2017-05-25 00:00:00
a46f7d82e8993040636ec55fdcc99272,1f12b97b42f31c818d0db045e5cbad20,delivered,2018-03-18 20:26:17,2018-03-18 20:47:50,2018-03-19 15:26:36,2018-03-22 20:08:44,2018-04-06 00:00:00
af3c537a8ea64ed0f5877a4ecce0c794,19c293f665f3d42ce8bbde0f86535026,delivered,2018-02-20 21:37:02,2018-02-20 21:47:26,2018-02-22 00:22:15,2018-03-17 00:28:34,2018-03-14 00:00:00
a49146f414b54879adb68c422428a68e,c236e9487a62bda00236a339f9b9bb6d,delivered,2018-07-26 10:50:55,2018-07-26 11:04:35,2018-08-02 20:20:00,2018-08-07 18:41:00,2018-08-16 00:00:00
72fab83427516c548cff90e1975ce053,6a62ee2504ed4fbe1201abdc2f2fa21d,delivered,2018-08-03 07:20:52,2018-08-03 07:30:10,2018-08-03 11:28:00,2018-08-08 20:24:52,2018-08-13 00:00:00
13d7a56c8538c342f96bc88730ef2919,58c7eca5a1e730d5de52cbf26eb9d3d2,delivered,2018-06-04 18:46:20,2018-06-05 17:15:47,2018-06-08 09:53:00,2018-06-20 17:04:13,2018-07-11 00:00:00
9d8422be45fb68fd2ea1e11898d8fa3d,3357c500902564ccc79722702ccc4428,invoiced,2018-05-02 23:09:48,2018-05-04 03:12:18,,,2018-06-07 00:00:00
bfb814e5aed4d7c45b871472b80f2d91,c847463d908b6870cf0f3bf2caa382f5,delivered,2017-12-27 23:33:40,2017-12-28 23:29:25,2017-12-29 17:24:34,2018-01-12 22:15:28,2018-02-01 00:00:00
0d9664d8da1dc4337269071b39e19423,64c17343b6c53ee761fd232e84384848,delivered,2016-10-06 22:00:27,2016-10-06 22:37:21,2016-10-10 22:37:21,2016-10-27 13:36:27,2016-11-30 00:00:00
c064d2ccc74eafa9f92b6e742708b48c,27e703f1e927f1651f5fccdd365cd3e0,delivered,2018-05-11 10:49:25,2018-05-11 11:09:07,2018-05-22 06:19:00,2018-06-04 21:22:47,2018-05-30 00:00:00
f0dabde4fd77bc24990f7107e4c46474,35d517e1d32bc3c1d8c759bd4d3635dc,delivered,2018-08-03 17:17:33,2018-08-03 18:00:06,2018-08-06 14:21:00,2018-08-09 15:18:39,2018-08-13 00:00:00
d0dcef5f811f8e0b4f67f1f26805a8a6,4acd2f01ec378db9eca84598a4f4ab0c,delivered,2017-08-05 14:13:02,2017-08-05 14:30:15,2017-08-07 20:34:53,2017-08-10 20:42:02,2017-08-28 00:00:00
deaa5978bbef127b0a9c68e6a7f4c1e3,904536251ddd892544f095d8107eed21,delivered,2017-11-24 02:18:38,2017-11-24 02:30:17,2017-11-25 03:39:33,2017-12-01 19:32:55,2017-12-28 00:00:00
d10e0c39bed8e7a489486b5d621830c7,3ce4bd5e629bc800593c0abfea2d0da6,delivered,2017-11-26 23:16:20,2017-11-26 23:33:14,2017-11-29 20:30:13,2017-12-04 14:44:38,2017-12-18 00:00:00
3bcc866b8a286c46394d2aa9dfd06240,d2ad2ec811f6d50fc1489449de3fd716,delivered,2018-01-31 08:55:06,2018-01-31 13:51:39,2018-02-03 13:51:56,2018-02-08 16:42:03,2018-03-07 00:00:00
032b0e60cda9e20b30fc4b3bf1079e50,12d1b4f01a98d5300ce2b471a0190721,delivered,2018-04-12 22:26:07,2018-04-13 13:14:39,2018-04-18 22:51:38,2018-04-23 21:04:51,2018-05-04 00:00:00
b817fcad07287a3912cbfdcd012a36ad,3dcd58a2264371c594a25b9b38e414db,delivered,2017-10-24 19:50:03,2017-10-26 02:57:05,2017-10-27 18:47:04,2017-11-04 16:05:01,2017-11-14 00:00:00
cb26769d014df1d16ffd4de9098e95d7,d44fac4c94cd149d441c40511abd27bd,delivered,2017-11-26 18:20:48,2017-11-26 18:32:39,2017-11-27 18:38:24,2017-12-04 20:43:16,2017-12-19 00:00:00
963b6259cdd558e7e45e12f2917b6a8a,756077224deef855584a6bf35be6233f,delivered,2017-11-29 08:22:33,2017-11-29 08:32:26,2017-11-29 18:58:58,2017-12-07 23:57:55,2017-12-28 00:00:00
66b3a1b5e10e14e7bef4025cde095caf,079da973ecd0fb654da4ffdb946c9ea1,delivered,2018-01-23 10:54:12,2018-01-23 11:10:36,2018-01-30 00:39:49,2018-01-30 14:39:35,2018-02-16 00:00:00
c5f8296baf77d395952fac57effcbf47,6f0e095f81fd43533c2baed64a7e9f50,delivered,2018-07-19 12:04:10,2018-07-19 12:23:14,2018-07-23 06:03:00,2018-07-26 19:52:29,2018-08-17 00:00:00
93801ff5a04f6b018564f462ea790c0f,d2dd888bbde7f2030be8d738074c25c4,delivered,2018-02-18 20:45:40,2018-02-18 21:50:28,2018-02-19 22:36:48,2018-02-28 17:48:59,2018-03-16 00:00:00
2ebdfc4f15f23b91474edf87475f108e,29f0540231702fda0cfdee0a310f11aa,delivered,2018-07-01 17:05:11,2018-07-01 17:15:12,2018-07-03 13:57:00,,2018-07-30 00:00:00
19290f8cbb9b669a38cf4c56f5976bf1,35de295c9053e824f7df2631a2b60b00,delivered,2017-06-05 12:41:50,2017-06-06 13:23:20,2017-06-12 14:15:44,2017-06-19 12:46:06,2017-07-07 00:00:00
c870ed0988202f0b857a393392831d06,0a855770d35117e1c808629c1f4702b7,delivered,2017-08-22 11:37:17,2017-08-22 11:50:47,2017-08-23 18:13:49,2017-08-25 17:02:32,2017-09-04 00:00:00
baf05a05ab8f2e51b4509635ee9ddf3e,7893bd53c7f981f44489985d50f87809,delivered,2017-12-12 16:52:34,2017-12-12 17:08:53,2017-12-14 21:09:08,2017-12-19 22:51:34,2018-01-08 00:00:00
ca00c2ba5781124bd9493423de6d8862,dafe240fa4132e5da366caf9f6f9caaf,delivered,2018-08-10 18:09:49,2018-08-10 18:25:13,2018-08-13 09:01:00,2018-08-17 19:50:46,2018-08-27 00:00:00
ce3c0e0e8ff8199031c7539eaac530e4,9cbdae47393a16c7bb010ecb7e5b282f,delivered,2018-06-21 13:58:47,2018-06-21 14:22:15,2018-06-23 08:53:00,2018-06-26 19:28:36,2018-07-18 00:00:00
a45007bebe435ae6fb3637ede777476e,c6bcf0f66539cfd69f950b0c52f9bfd0,delivered,2018-06-22 19:23:44,2018-06-22 19:38:40,2018-06-26 14:01:00,2018-07-03 20:05:22,2018-08-13 00:00:00
5414180e118bc59734a59e7759b1c8af,ab0c7372cfc8072894f5c0aa01585e32,delivered,2017-11-24 00:52:54,2017-11-25 05:53:24,2017-11-28 20:57:01,2017-12-04 20:37:15,2017-12-20 00:00:00
ad752dccdfda84b21aeceed3c6477654,dcfbac644e59e62debeeb913cc70cb66,delivered,2018-08-16 21:06:48,2018-08-16 21:29:19,2018-08-17 19:55:00,2018-08-24 16:36:34,2018-09-04 00:00:00
69fc6a373350bf068caecb8869e4f31a,b9ad551172b8bcf402d348f18d477059,delivered,2017-02-23 18:24:18,2017-02-23 18:32:51,2017-02-25 08:19:09,2017-03-06 12:47:56,2017-03-22 00:00:00
1799e94e91291daf90a277f54a4e1215,5f4e520b45ba37afc9d95eb0849cdb30,delivered,2018-03-10 11:31:29,2018-03-10 11:48:31,2018-03-12 18:49:48,2018-03-19 21:04:56,2018-04-12 00:00:00
116dccb1dafc4a6bb0277e499ad96fbe,3834718ee00bf352e16022c27d923ef4,delivered,2018-06-27 12:22:12,2018-06-28 12:15:21,2018-07-03 12:40:00,2018-07-05 21:48:33,2018-07-23 00:00:00
18a9ccf08fbcc3c0bf4ad9ceb583f2b6,edd71e80f9c64855b4f813b59b3fdef2,delivered,2017-07-05 19:56:05,2017-07-05 20:05:27,2017-07-06 14:35:56,2017-07-14 16:55:51,2017-07-31 00:00:00
cb07791e2924a69295203fa188d338e2,4990ef4b433749cb7d74b8495ade9f1b,delivered,2018-02-14 17:07:41,2018-02-14 17:28:04,2018-02-22 19:49:11,2018-03-06 22:12:17,2018-03-07 00:00:00
11afac295480894b1dcdf9cf95815731,af06a118d5baeabd152479e412267333,delivered,2017-02-09 09:18:46,2017-02-09 09:30:17,2017-02-13 11:44:08,2017-02-14 09:56:59,2017-03-20 00:00:00
7593a646a84237ec96579dad6d6d91bb,8df658f8c3ad9760b45cf6246f711fe2,delivered,2017-05-26 19:26:32,2017-05-26 19:42:21,2017-05-30 11:35:25,2017-06-02 11:42:17,2017-06-23 00:00:00
134184ef29c3230baa863482261f629f,41b3d2c7f0bd3fc5eaa95c6c451949a0,delivered,2018-05-08 20:58:24,2018-05-08 21:15:20,2018-05-11 13:57:00,2018-05-14 22:22:40,2018-05-22 00:00:00
d9ecfbca463d0edab5f63732a812a5d1,74f3420d05bc68c7aca52b3b73fc9ae2,delivered,2018-02-20 11:21:19,2018-02-21 06:25:10,2018-02-21 21:23:59,2018-03-16 22:08:52,2018-03-21 00:00:00
16be2f6d4d5feffe91a073ca17ab52ba,eba4339b9df25e7f8836e2a715993f7e,delivered,2018-06-30 21:58:13,2018-06-30 22:10:12,2018-07-03 05:43:00,2018-07-04 01:03:27,2018-07-16 00:00:00
cf994e7b2290fe771d8ac15f128eabc4,2c07ebda00b382922372626d8917625c,delivered,2018-08-02 21:07:06,2018-08-02 21:43:51,2018-08-03 12:35:00,2018-08-08 20:32:21,2018-08-13 00:00:00
12fe69d4acc9f59f6bec2a0d728f4a8c,cc3f3f1bc77d9c5797b6ed1515303cfd,delivered,2017-11-12 01:17:53,2017-11-12 01:30:31,2017-11-14 22:19:32,2017-11-17 18:12:03,2017-11-27 00:00:00
de09e6c4676182436c36ae4f25bd78bc,0e896e4e843f99d1fa8220549ce4024f,delivered,2017-11-03 17:19:11,2017-11-03 17:30:54,2017-11-07 19:26:57,2017-11-20 18:18:26,2017-11-30 00:00:00
a1894265708f519fcdfa6476095d46ae,c7d900a1f1f7f278c06d3ffcd18451ae,delivered,2017-08-02 21:21:08,2017-08-03 03:05:38,2017-08-04 21:52:01,2017-08-10 17:52:13,2017-08-24 00:00:00
3e7433883ed362df81977e1b24e3d6ec,80f838e8b231f2fcb23b5208159d720d,delivered,2017-08-18 12:19:54,2017-08-18 13:30:09,2017-08-21 16:56:48,2017-08-24 19:16:44,2017-09-22 00:00:00
96c898ec831c5199304b2b5b43157ede,928b905d5421373dee94974bd164bfb4,delivered,2017-08-20 11:32:29,2017-08-20 11:45:11,2017-08-24 19:36:46,2017-08-30 20:33:07,2017-09-15 00:00:00
278863630df775393788c491633cd3e3,c11790e3f763fd2faff327ca3d0ffd91,delivered,2017-06-10 10:24:21,2017-06-13 03:55:24,2017-06-13 17:35:13,2017-06-22 10:49:03,2017-07-05 00:00:00
5958326b12eca1c2a2b4627dc4676a2c,63ab28373bf460b24e583ace45fd4d8a,delivered,2017-03-25 16:06:48,2017-03-25 16:15:21,2017-03-29 13:05:56,2017-04-13 13:08:08,2017-04-20 00:00:00
0d5d320f15b559914f5b2cfdb08fc37f,1de9fc35579f1ecefbf20185a7341c95,delivered,2018-03-18 18:55:54,2018-03-18 19:10:36,2018-03-21 21:25:41,2018-04-10 20:38:18,2018-04-11 00:00:00
33ebbe6b176d53190194b5b05cf69330,daa68954888a9a0b95a5f0500e185878,delivered,2018-07-30 19:08:55,2018-08-01 02:44:20,2018-08-06 06:46:00,2018-08-10 19:21:50,2018-08-23 00:00:00
c0e184ce4df1d9df3ef40938ab7ee173,a1807fe36ad5f9fd06439fb2d35991f5,delivered,2017-11-24 12:16:17,2017-11-24 14:16:32,2017-11-27 21:53:08,2017-12-22 00:27:13,2017-12-20 00:00:00
03b9f7dff4b5e742b0593472f28ee9b0,1ca6b9732b728ee8b3845345b756a83a,delivered,2018-07-25 11:32:31,2018-07-25 11:45:14,2018-07-26 13:52:00,2018-08-03 20:38:34,2018-08-13 00:00:00
a5066c35c39663d4e120a25aa960cf24,6b83a587d5729ff8db4a0c007024d1aa,delivered,2018-03-07 22:11:47,2018-03-07 23:09:24,2018-03-08 19:36:33,2018-04-16 19:19:17,2018-03-28 00:00:00
04c16a4e370df99cc2e5e4228ee63820,1f0e878fe25b2df28171c16a769928f6,delivered,2018-08-06 19:44:03,2018-08-06 20:04:47,2018-08-07 13:02:00,2018-08-10 19:03:27,2018-09-05 00:00:00
f1948164e2ecb9e4c5dff63a69e58d9e,8c7949f729c25551cf79205092ca396f,delivered,2017-12-21 09:47:37,2017-12-22 02:39:26,2017-12-26 18:05:27,2017-12-28 22:26:07,2018-01-10 00:00:00
fed7b21403712a0adacf01cd49035495,3723e7de3c8b36045cd416e09841e8ef,delivered,2017-12-08 12:51:22,2017-12-08 13:12:32,2017-12-12 16:28:30,2017-12-17 10:11:59,2018-01-04 00:00:00
ba23f06cfbbc52bebe1d16e97abe1da4,b5ab548fed7a0ef3428bf663b9cc593d,delivered,2017-12-11 14:29:00,2017-12-12 03:49:48,2017-12-13 15:35:01,2018-01-03 21:09:42,2018-01-10 00:00:00
0a750178e6d58c01a64d8d939cdca0c0,1276bfeebf316d2fd56f31e384b9ffc5,delivered,2017-12-18 23:29:45,2017-12-19 01:31:26,2017-12-20 19:10:02,2018-01-05 15:12:43,2018-01-12 00:00:00
44ddda99ffdd779ef6dddc13ed804971,766d92701a07c57f2b57f01fe97c4405,delivered,2017-08-16 00:29:38,2017-08-17 03:06:17,2017-08-17 19:07:47,2017-08-22 17:45:15,2017-09-08 00:00:00
9605975885973e23e8aa9d1a8d3e81bb,2ef05bb610df107c2be58cfc4208ac09,delivered,2017-12-02 20:35:13,2017-12-02 20:56:08,2017-12-05 17:04:00,2017-12-17 18:37:11,2018-01-03 00:00:00
7123f52d364ee0592e24743d2714f05d,cea76712c50e280ce25ddbb5e1d59751,delivered,2017-10-28 14:00:29,2017-10-29 14:05:55,2017-11-08 22:22:06,2017-11-21 22:36:46,2017-11-17 00:00:00
06efe66e043ee5d43f8d6edcba44d653,c105b81d3a6a33851246796a88ff749e,delivered,2018-02-04 08:59:46,2018-02-04 09:10:35,2018-02-06 03:18:55,2018-02-18 15:34:09,2018-03-08 00:00:00
9879f1f661af3ff5f2e4e9e65ee661fa,bc957b02880a599d6ac599b4d2a4bfde,delivered,2018-04-29 21:32:40,2018-05-01 05:32:45,2018-05-08 14:56:00,2018-05-16 18:33:12,2018-06-04 00:00:00
20f89728b6ca06def7c53881c9b2e502,7e02b16d28f8d9a188d9052436078e8f,delivered,2018-05-31 13:59:58,2018-05-31 14:15:12,2018-06-01 15:18:00,2018-06-19 12:38:27,2018-07-12 00:00:00
ad0094254eb3881ba1fc670676ea7c06,f52b4e8cb4e838d66ba5606db014aea1,delivered,2018-06-03 20:05:51,2018-06-03 20:31:21,2018-06-04 14:00:00,2018-06-27 18:14:33,2018-07-13 00:00:00
f341c38efd1dbefac09b419d3452a585,ae2e8c5ee56bfeef8ebe5a01d9e49aa8,delivered,2018-03-12 10:57:57,2018-03-12 11:10:52,2018-03-13 18:11:45,2018-03-28 22:56:51,2018-03-29 00:00:00
46d4dc3795fd1a96b46bbc6cfdc5f3c5,2f34fa79d309be56c0dba81100c7aa7f,delivered,2018-03-03 10:41:32,2018-03-03 10:50:25,2018-03-05 19:10:05,2018-04-03 20:10:49,2018-04-05 00:00:00
94f94ebc2e26aeea2aa9e8945cb9fb0c,e00a5ec8d72cb3c5ed58f50fb1a55cbf,delivered,2017-04-17 14:31:24,2017-04-17 14:45:30,2017-04-19 13:53:09,2017-05-04 15:18:33,2017-05-10 00:00:00
fe63057ba129462a9e0938e30bc2588d,9768e7491911a0f007cdefc7468ff77c,delivered,2018-02-08 08:51:07,2018-02-08 09:10:39,2018-02-09 23:25:03,2018-02-19 23:52:02,2018-03-21 00:00:00
387c2cbba26c5cfe21c60a8f2208a78d,04dbc4abee6079d145aecbe59c634606,delivered,2017-05-04 08:01:35,2017-05-09 22:32:39,2017-05-09 08:18:12,2017-05-16 11:53:08,2017-05-31 00:00:00
ab0d9bfe4d447ca3510b74578d5781c0,5c13e9fea3fbe3846582e0eaf40f0cd4,delivered,2018-02-28 16:19:37,2018-02-28 16:35:33,2018-03-02 05:22:56,2018-03-12 23:51:42,2018-03-19 00:00:00
4736c8c78b7281783d2988ca5fb81e42,d3771c25af3818130bac73c3951781f1,delivered,2018-01-22 12:57:49,2018-01-22 14:23:26,2018-01-25 19:27:08,2018-02-03 01:38:47,2018-02-21 00:00:00
d22e18fae4fa9ff5b0e28b9685e84365,1d205e700fb461d9ea633cc2b9728b4c,delivered,2018-02-24 11:28:39,2018-02-24 12:07:54,2018-02-26 19:59:07,2018-04-09 17:17:37,2018-03-21 00:00:00
75eb778608f606e7f4b3cbf2092be146,95b0e44cb4e131ade1701e243dbb340a,delivered,2017-09-10 09:22:43,2017-09-10 09:35:08,2017-09-11 17:31:47,2017-09-15 16:12:04,2017-10-02 00:00:00
9b6bc08776a513504b50d1da33d91847,0948314b0dc7e18e7e125269b56bb27b,delivered,2018-06-20 11:36:24,2018-06-20 12:05:40,2018-06-20 12:59:00,2018-06-21 20:52:46,2018-07-03 00:00:00
3d65824e9d761678f1695afde11107ab,cad0066c2d519088b2d1d797f9172a2f,delivered,2018-03-12 11:38:44,2018-03-12 11:50:35,2018-03-16 01:08:39,2018-04-12 17:06:42,2018-04-05 00:00:00
209ff4f8dca4c47d41b66e36647d7eef,3c35d9abe15b076da3a85adaa215ce6d,delivered,2018-04-19 16:08:54,2018-04-19 16:29:07,2018-04-20 17:52:02,2018-05-02 17:36:47,2018-05-16 00:00:00
b4e6bbe03967e3bd4112e6e696e73b3c,67a4dc9ebe668f07201a861f82dba20d,delivered,2018-01-25 13:31:54,2018-01-25 13:50:15,2018-01-30 19:58:53,2018-02-07 13:19:39,2018-02-21 00:00:00
32c784f647ed538e14eb734293ace28c,7a80d4e0354a7e5622cbcfdb831a5d57,delivered,2018-08-13 16:48:22,2018-08-13 17:04:36,2018-08-14 13:31:00,2018-08-18 12:57:52,2018-08-24 00:00:00
595a12453a3b12e84dbfc0d248331d4c,5040fa07fe05b812b0ff00513388490f,delivered,2017-05-07 17:36:52,2017-05-09 09:42:50,2017-05-10 08:33:12,2017-05-15 11:59:00,2017-05-19 00:00:00
72ba71ffcbc76a06e416c07d00d047f0,5094c0bd47f5fe28ddd902de34ebdd4d,delivered,2017-08-07 01:29:46,2017-08-07 01:45:06,2017-08-08 18:58:19,2017-08-14 19:04:49,2017-08-29 00:00:00
57dbf0bb6156d7ab17e1af9223e06f6f,9eeb9bad5f4f3f5644ff026e461108a5,delivered,2018-06-08 10:40:28,2018-06-08 20:32:11,2018-06-11 14:13:00,2018-06-22 00:32:13,2018-07-13 00:00:00
2d2df7f4bac281e16cc44e1c74e87aa1,7c245610a174ec2208ee70ca2b765c3a,delivered,2017-12-05 19:03:18,2017-12-05 19:16:28,2017-12-12 22:45:29,2017-12-14 18:59:47,2018-01-09 00:00:00
7bad138fc5f9e735ea42ab050ef5e8a3,fa40fedf7b0da81df42137652bc3a25a,delivered,2018-02-02 12:26:58,2018-02-02 13:31:30,2018-02-06 16:18:33,2018-02-08 12:34:19,2018-02-20 00:00:00
9a3366571a4caa9709415ea10b9422dc,5e05dbfb2e5b6bada9b84f860d447e70,delivered,2018-01-18 15:18:47,2018-01-18 15:36:24,2018-01-23 13:08:56,2018-01-26 20:17:05,2018-02-19 00:00:00
2f681bf259c677a86392c8e96bb1c8bb,f08b05b438c124eee9cca48df132cb4b,delivered,2018-04-12 10:51:51,2018-04-12 11:11:33,2018-04-12 23:48:40,2018-04-18 21:41:27,2018-05-07 00:00:00
232f30270c13607c2184ab9980245bfc,bc7eb769eeb68a51edf0205462dc15de,delivered,2018-08-01 16:44:36,2018-08-03 04:35:18,2018-08-04 10:51:00,2018-08-08 21:51:55,2018-08-15 00:00:00
218ed7d83ada6c7163efb96ca0cbd210,92898e4ac8057d4aa065733b68173995,delivered,2018-01-18 09:42:57,2018-01-18 09:54:24,2018-01-19 21:28:54,2018-01-25 16:06:51,2018-02-08 00:00:00
f9b975e692bb1fa35d6fede924b1d853,7e25b8ad63a30d56ed4065640a1c47e0,delivered,2018-05-07 20:11:38,2018-05-07 20:34:09,2018-05-14 12:21:00,2018-05-21 15:22:00,2018-06-01 00:00:00
8fa32d2fb129f27c9ba8eb9d8340d5a7,3eeafe2383280a4ff135e5c06965c18b,delivered,2017-03-22 14:44:14,2017-03-22 14:44:14,2017-03-23 15:22:06,2017-03-28 15:12:41,2017-04-12 00:00:00
3d43bc2ad4b9542de008ed982b097a9f,75a2ec565c01b01a0d439d383a3b3beb,delivered,2017-11-15 21:16:13,2017-11-17 03:55:37,2017-11-20 21:51:39,2017-11-28 21:38:40,2017-12-05 00:00:00
f90b31f6085bcf74117b0b50bc546656,9b77c66429d60da698935191d5c1447c,delivered,2018-05-15 10:36:41,2018-05-17 03:16:15,2018-05-17 09:23:00,2018-05-18 14:42:22,2018-05-28 00:00:00
0d404657f01231a876c9a25b6c91e329,a96720fccceba279e1b3175c96f88bdd,delivered,2017-10-01 22:49:41,2017-10-01 23:04:00,2017-10-03 16:59:06,2017-10-10 18:15:41,2017-11-03 00:00:00
6440501490dabcc13bc292e417ca410c,5793f678892bf48b7d7065fd9e0c7d7f,delivered,2018-07-13 11:23:14,2018-07-14 02:45:15,2018-07-16 18:34:00,2018-07-30 12:26:34,2018-08-10 00:00:00
fa2fd666118d799e8d1872a146839d77,49370a22da342102b4d388e16a30f5bc,delivered,2018-03-21 13:01:05,2018-03-21 13:10:34,2018-03-22 20:28:56,2018-03-24 14:36:25,2018-04-13 00:00:00
b3352e49bf919f038ea9f9953bb2be4a,59923dfd7914ff594e6e16878bc19d74,delivered,2017-07-02 11:16:06,2017-07-02 20:05:47,2017-07-06 13:12:12,2017-07-24 14:18:08,2017-08-09 00:00:00
4187736882d8e8b4e374d201151c0fa2,84040c0d5d497cae2e21f4052c68e174,delivered,2017-10-12 15:17:06,2017-10-12 15:35:11,2017-10-13 20:22:13,2017-10-21 11:18:49,2017-11-01 00:00:00
225f6489f45108e98290969c71097baf,b793fbd5689d463bc149ed882d44c6d2,delivered,2017-09-16 20:44:37,2017-09-19 03:30:27,2017-09-19 17:13:00,2017-09-25 19:13:49,2017-10-06 00:00:00
69129279f78de99e942a05755dca12b1,e2db5eee9dbee45330fe8333e109eccd,delivered,2017-12-19 18:16:05,2017-12-20 18:11:06,2017-12-21 17:57:12,2017-12-26 18:26:38,2018-01-10 00:00:00
5a8e89eb21d974830f21524aa57d031c,4dc45be0ce805970222414a01e55472b,delivered,2018-03-16 16:24:04,2018-03-16 16:35:40,2018-03-19 14:58:22,2018-03-27 18:18:51,2018-04-10 00:00:00
0ba1fcf42e40850f464b8ca9b0b5e9fb,fb78d507b1a69fa3058a333371c7371b,delivered,2017-06-19 14:34:29,2017-06-19 14:50:14,2017-06-19 20:04:25,2017-06-22 17:41:46,2017-06-30 00:00:00
ab65887d04b631b6d83004bfb47fba02,557f75df416b80d4b2572587202ed6b5,delivered,2017-07-31 15:05:47,2017-08-02 02:35:43,2017-08-02 19:32:45,2017-08-09 17:27:40,2017-08-28 00:00:00
0cdbe13c72545beca47c7843784129b4,b0bb72efee14e2f42fabdfb419e52486,delivered,2017-11-07 19:34:30,2017-11-08 19:30:50,2017-11-09 22:05:30,2017-11-16 15:51:39,2017-11-30 00:00:00
2d53cf390b252a89d9c7fdd57036d7b2,0c56a50d2954cbb894d48187542472fd,delivered,2017-12-13 14:28:15,2017-12-13 14:38:27,2017-12-13 23:43:24,2017-12-17 19:52:46,2018-01-02 00:00:00
7ce28e928543c294c8624ce9744e574e,3669479a4da285481951d1365f3f2817,delivered,2017-12-30 11:12:56,2017-12-30 11:19:21,2018-01-02 19:26:31,2018-01-08 15:37:59,2018-01-24 00:00:00
9ec74bf72142ae60bcda0241adf1b4d8,5ba0ca1093f2cb8967719bbf75083c5d,delivered,2018-02-19 08:30:42,2018-02-19 08:46:27,2018-02-19 18:43:25,2018-03-05 23:44:56,2018-03-13 00:00:00
c9cdc25f8eedefdbf5ddf8323c013010,d13a5023cf828d8ca1277f90ca59e8e7,delivered,2017-07-24 20:28:19,2017-07-24 20:42:57,2017-07-26 19:23:46,2017-07-28 19:29:31,2017-08-15 00:00:00
46200d71c536e9f7dc1491ae1189e206,9c4bf4f85d27726d75c7225dfb2f3037,delivered,2018-04-25 11:52:12,2018-04-27 03:55:17,2018-04-27 10:15:00,2018-05-16 18:25:36,2018-05-28 00:00:00
84af086627ce9dba6fc470fb3d899de9,19a1ee6281954bc639ea12d7947677fd,delivered,2017-09-10 11:26:47,2017-09-10 11:35:20,2017-09-18 16:42:07,2017-09-20 19:39:51,2017-09-27 00:00:00
bb45e059db1abcd5cedfdacadc9abd5e,6c3712cbeb56a32291f1938392ab7a36,delivered,2018-03-20 12:08:39,2018-03-20 12:28:39,2018-03-20 22:03:37,2018-03-21 23:07:47,2018-04-02 00:00:00
38567ea58a8c84a1d15845d0de8a855d,79512c8103a1200334da323541679999,delivered,2017-11-27 12:29:29,2017-11-27 12:39:30,2017-12-05 16:23:49,2017-12-21 17:38:53,2017-12-29 00:00:00
f98480aef384f1cb8d5b1e0e4816fd89,be773aa7205d1ddcbd209c18b50bb425,delivered,2018-08-06 17:10:08,2018-08-06 17:24:41,2018-08-09 00:35:00,2018-08-09 17:57:07,2018-08-20 00:00:00
348c500a5413a76461e497dcecb5bdee,44bc4a8c91bffc5f908d449a5cc5d9dc,delivered,2017-12-14 01:09:38,2017-12-14 01:41:23,2017-12-15 17:48:50,2017-12-28 00:29:33,2018-01-18 00:00:00
b32380b35702c76f59411aff8963a676,22ccf32feae4b8a4c59c3889328f3a56,delivered,2017-11-20 11:46:31,2017-11-20 12:07:37,2017-11-24 15:53:12,2017-12-04 20:25:33,2017-12-13 00:00:00
02346f2f5b8930a992461a607bf6bf62,3cd29923676e2dde9a89f7232a64de8c,delivered,2018-03-20 16:06:52,2018-03-21 02:50:50,2018-03-23 01:58:37,2018-03-26 21:18:53,2018-04-09 00:00:00
3ff4d494b9a42e38f1d11a11cac925c6,ca3444937f7842b287a4c5621abc27ed,delivered,2018-07-01 12:29:27,2018-07-01 12:49:59,2018-07-03 10:53:00,2018-07-04 16:21:18,2018-07-24 00:00:00
25e8ea4e93396b6fa0d3dd708e76c1bd,25b14b69de0b6e184ae6fe2755e478f9,delivered,2017-12-12 11:19:55,2017-12-14 09:52:34,2017-12-15 20:13:22,2017-12-18 17:24:41,2018-01-04 00:00:00
b98b36de3a8f201eb3fb9d8d46a27737,817f8876b6620f0d7d57d36409e93230,delivered,2018-04-20 16:59:16,2018-04-24 18:26:20,2018-04-25 14:11:00,2018-05-10 19:18:37,2018-05-10 00:00:00
bcae7c1732e28817b7957e6689ffe813,ba047c458b551f90b71a844f404d597e,delivered,2017-10-21 14:07:45,2017-10-21 14:25:53,2017-10-24 18:08:07,2017-10-27 22:28:05,2017-11-09 00:00:00
b257c869b77a7d7f08d07c90a67dd5ff,4d36b94df5132998c92c41c96e23cce2,delivered,2017-11-16 12:16:28,2017-11-17 12:10:21,2017-11-18 00:18:17,2017-11-21 18:32:30,2017-12-06 00:00:00
87a831a955e30fb081a9e79b0c39573e,5ba7661245837f4f897eb201624f550f,delivered,2018-04-05 11:54:25,2018-04-06 03:10:34,2018-04-07 01:04:14,2018-04-12 18:19:29,2018-04-27 00:00:00
7a1616110b24cfd12bdec238b385ec42,302a3f8652538ced8174696427526775,delivered,2017-09-19 23:49:48,2017-09-21 03:04:36,2017-09-21 13:42:14,2017-10-02 13:48:01,2017-10-10 00:00:00
f71db65486473af693cb9575b5b77acb,01d581c1d75cd6e7a5315b20589b9944,delivered,2018-08-23 16:23:02,2018-08-24 03:15:21,2018-08-27 14:53:00,2018-08-28 19:27:28,2018-08-28 00:00:00
4c792ea6a2a9a0d044176c1c42d49b22,9194c133427b11faae0545cb2c631c1b,delivered,2018-08-02 16:23:18,2018-08-02 17:31:37,2018-08-03 15:15:00,2018-08-04 14:15:37,2018-08-07 00:00:00
d7b6d0af984b10e088f7420344115d2c,4ce8450cc7cf2ef40cfaf535fbacb397,delivered,2018-03-06 09:27:40,2018-03-06 10:09:22,2018-03-07 19:48:51,2018-03-21 21:48:55,2018-03-27 00:00:00
00d5fac7792747fba4b528f23930bebd,83b22908078c379ad87b33bd9034ebc2,delivered,2018-03-06 11:33:17,2018-03-06 11:55:39,2018-03-08 01:13:43,2018-03-14 20:10:54,2018-03-27 00:00:00
e2862f848920abc6614808a5f4b9e963,7a20a7fb3709bf1c19eddf31aeba42a9,delivered,2017-12-26 09:27:32,2017-12-26 09:37:31,2017-12-26 22:46:35,2018-01-19 18:33:44,2018-01-24 00:00:00
e1bef85e8803340d03472e920d4a7ce1,ac5d6be319154128b9a3bbce143401ef,delivered,2018-06-25 14:04:38,2018-06-25 14:15:23,2018-06-26 07:18:00,2018-06-29 20:54:36,2018-07-16 00:00:00
247e66ec0e4b810c6acabe6f698cc62a,6240919626e51b150c009ca049ba0fb8,shipped,2018-03-15 15:06:53,2018-03-15 15:29:37,2018-03-19 18:03:02,,2018-04-12 00:00:00
4fc7e9c8c1ed5a3c716070a42e80c5eb,1b528b3e5de647776df9f0f45cd479e3,delivered,2017-07-22 18:21:50,2017-07-25 03:30:11,2017-07-26 11:07:47,2017-08-01 16:42:02,2017-08-15 00:00:00
fdc45e6c7555e6cb3cc0daca2557dbe1,27f584b0f1dc4e610065c240f68b6be0,delivered,2017-02-07 15:49:16,2017-02-07 16:02:44,2017-02-08 10:04:37,2017-02-22 12:45:04,2017-03-24 00:00:00
f9b45712fe135d49c839b6dc346d2661,0c074e014f4b775ec78e28f3f35ee0fd,delivered,2018-01-05 17:08:19,2018-01-05 17:19:25,2018-01-08 23:08:11,2018-01-11 22:46:16,2018-02-01 00:00:00
0b912c351945bbd827aa7a0d181e5be9,142fe4836c9bfdddbee1f3198dbf4337,delivered,2018-04-03 09:27:13,2018-04-03 10:10:14,2018-04-04 19:58:40,2018-04-09 18:12:08,2018-04-17 00:00:00
70be4f36c3ba5f5c95734da20d4c34a7,665afc1d1409b2ef4bf07c1bcd130719,delivered,2017-03-09 21:27:28,2017-03-09 21:27:28,2017-03-10 16:15:01,2017-04-25 09:44:01,2017-04-13 00:00:00
efe60d212780b2f8cd25004bc101244f,4e329599a0e03cf4555bcbb0165d340f,delivered,2017-10-17 09:48:05,2017-10-17 09:56:23,2017-10-17 18:48:49,2017-10-23 20:24:46,2017-11-09 00:00:00
807af8ed74954311649aa47a52ff3061,33cb0e2958def1ed82a542a45b13c982,delivered,2018-07-18 21:42:24,2018-07-18 21:55:29,2018-07-19 15:29:00,2018-08-15 20:26:44,2018-08-10 00:00:00
94a053909aea9a581821afd1e55e2776,b62ec036bc14bf46b221e254fe28a96d,delivered,2018-08-19 12:52:42,2018-08-20 11:35:18,2018-08-20 14:07:00,2018-08-30 18:41:05,2018-09-11 00:00:00
e2d87ac3739c08508d0f9a46cf33786f,a799759568068072e172b6ce889554fb,delivered,2018-03-03 21:49:27,2018-03-04 21:48:53,2018-03-09 23:58:36,2018-03-13 13:18:29,2018-03-16 00:00:00
310183cde7b1feee278a91c33946820c,92306da1c470e2c73592cb67bee82aa2,delivered,2017-04-20 10:32:06,2017-04-21 05:15:27,2017-04-25 11:02:02,2017-05-04 11:27:53,2017-05-15 00:00:00
047ac23902ffcc68f3106db4f2e4338f,41d6eef6ce1a80013f40a19d3500269e,delivered,2018-07-14 20:26:24,2018-07-14 20:43:58,2018-07-19 14:59:00,2018-07-23 19:21:04,2018-08-08 00:00:00
6679781bbd182ebad33a3393741e6334,70c5b1b9829515c9575141eca21003b1,delivered,2018-02-26 21:40:14,2018-02-26 22:20:26,2018-03-01 20:34:19,2018-03-02 21:04:46,2018-03-16 00:00:00
90ff532c672099e61c781421d7e8593f,8878212fd9b435fd598ee77ec3c98303,delivered,2017-12-08 15:40:20,2017-12-08 15:52:53,2017-12-11 22:41:43,2018-01-02 19:45:00,2018-01-10 00:00:00
5c3a8f58f95a93d61a60220d61ea851a,718b4bbc83d2cb654c02a9bae5e3a817,delivered,2017-10-03 20:06:39,2017-10-04 02:56:29,2017-10-04 15:42:11,2017-10-11 20:33:40,2017-10-25 00:00:00
04ac505fe152a153d8b6013eccb4086b,98dfe650b52959127ab18d7c8b1da221,delivered,2018-04-04 00:22:07,2018-04-04 00:35:12,2018-04-05 20:53:31,2018-04-06 19:28:43,2018-04-16 00:00:00
cdb18f3386ecc8f706baf2c9b3ba9034,a11a8894c0d89a1d2b467a62fe4a365f,delivered,2018-04-18 13:56:51,2018-04-18 14:10:49,2018-04-19 17:46:31,2018-04-25 17:48:41,2018-05-15 00:00:00
b582b17e48ccf7f01a91218d7297ca17,893957a63c1144295e7b1e3f3020b8f5,delivered,2017-08-16 14:48:17,2017-08-16 15:45:19,2017-08-17 17:48:29,2017-08-29 20:27:50,2017-09-08 00:00:00
88831d307a23183f48f92b32b07ac070,5a651c7fa178025ab3f9e391714c4de8,delivered,2017-11-13 14:01:24,2017-11-13 14:10:39,2017-11-16 09:36:58,2017-12-05 17:07:30,2017-12-06 00:00:00
f632c00313bdbd50450cb21052cbe825,0ef019361fd1cd11940c8da0e1c55d96,delivered,2018-04-09 21:00:45,2018-04-09 23:15:17,2018-04-10 18:21:20,2018-04-12 19:26:42,2018-04-26 00:00:00
ec0112ec66031380d1782e0c3cb08fd3,bfd12e217be642a47ce7c7fe5ced3292,delivered,2018-07-22 10:58:13,2018-07-23 11:31:43,2018-07-26 17:22:00,2018-07-27 22:12:35,2018-08-03 00:00:00
3ecc3a4cbe43e1e70c4f20956250fdde,7e7297e4778e198ea50440f10f9a7b07,delivered,2017-08-16 22:47:29,2017-08-16 23:45:14,2017-08-17 18:20:08,2017-09-13 21:55:48,2017-09-14 00:00:00
8076135356d195170fe9f8d5698182c4,791adb0cb24efdbc7bca8035528f4446,unavailable,2018-01-03 21:56:47,2018-01-03 22:08:30,,,2018-02-15 00:00:00
31419a94f3447056848ea2a664a7ef72,ef9e714771b71928467a30d3492973db,delivered,2018-05-16 18:54:59,2018-05-16 19:14:24,2018-05-17 13:29:00,2018-05-23 22:38:34,2018-06-07 00:00:00
1c485e0055f428b859596cd4fc454aca,87ed80c76e0cb513456b7429a879e44a,delivered,2018-02-04 15:51:56,2018-02-04 16:09:39,2018-02-06 22:28:58,2018-02-28 21:37:14,2018-03-14 00:00:00
e4140f1a5e60f4ceb4190546f710921f,e5e2e7562eeaaffd57473e3c3a668fe3,delivered,2017-11-23 19:30:08,2017-11-23 20:01:10,2017-11-24 20:11:41,2017-12-04 16:36:51,2017-12-18 00:00:00
143a94013dbe03feb57f03420bd2bd15,b6cf52fb9b2493744df19612952a2580,delivered,2018-07-20 20:35:46,2018-07-20 20:50:13,2018-07-24 12:43:00,2018-07-25 16:18:50,2018-07-30 00:00:00
761d2a6c3fc081b13c3cbfa01c4a8c37,eeb1a37e2e928ef2bacdb4b6382badc6,delivered,2017-08-17 00:19:21,2017-08-18 00:30:15,2017-09-06 21:35:05,2017-09-14 14:58:50,2017-09-11 00:00:00
1f8d2442829de7b25f179e4128b7ed8f,6b362121207fe289ac370990e1df46aa,delivered,2018-01-06 14:01:54,2018-01-09 07:20:07,2018-01-10 20:17:13,2018-01-15 19:59:05,2018-02-01 00:00:00
1ad7baba8774d5fb92d731478a68f3bb,0c807ffdeff9540b5a33d0fbcaaf07e0,delivered,2018-05-03 09:28:50,2018-05-03 10:18:47,2018-05-07 05:52:00,2018-05-23 17:46:59,2018-05-29 00:00:00
f8d0d96aa37dec6d5889d28cf88574b5,269241d3dcdfa33840108eff894f180c,delivered,2018-06-30 14:40:41,2018-07-05 16:14:44,2018-07-04 14:19:00,2018-07-10 14:44:06,2018-07-20 00:00:00
7fe8e22ba2618c5ddc0ddd48c6d4760c,77992c23eb50255f67fbebe40710ce50,delivered,2018-08-11 21:04:24,2018-08-11 21:24:17,2018-08-13 13:59:00,2018-08-17 21:11:18,2018-08-29 00:00:00
37f5ca0f750ed3aa9b86b3c4ba26ed02,9cf42547a1ce7ce81a82b6760b4fa475,delivered,2017-12-07 09:08:30,2017-12-12 03:57:27,2017-12-13 22:17:17,2017-12-19 14:43:39,2018-01-03 00:00:00
7b67cd7f92c4838c293a4c498f7fe7cc,1ee5795389ba87c8130972562961ef79,delivered,2017-04-21 04:24:04,2017-04-25 08:02:44,2017-04-25 10:36:01,2017-05-05 17:04:52,2017-05-17 00:00:00
e5fc7f4bcc4ae399fce686f65db2584d,5541e6fbe6ae0f7e94270e33e66c696a,delivered,2018-01-17 20:42:39,2018-01-17 20:52:22,2018-01-18 19:42:54,2018-02-22 23:49:09,2018-02-23 00:00:00
b810ef1d201da0f2a60f1f79675f9d3a,da44295f56502a7dea82924018b264a3,delivered,2018-04-23 11:42:08,2018-04-25 03:30:31,2018-04-25 14:41:00,2018-05-10 22:44:59,2018-05-28 00:00:00
d15198b65840c4ec11f3f0d074f92cc4,544ebc76a83285fd3a20c05b9d0b5b5a,delivered,2017-11-24 17:25:08,2017-11-24 20:55:49,2017-11-27 16:16:44,2017-12-06 21:29:26,2017-12-14 00:00:00
83255143f563e45be89933f0eb4759ed,00ba24d5e8869fd25950fd26c098ee20,delivered,2018-05-15 13:34:58,2018-05-15 14:30:29,2018-05-18 15:12:00,2018-05-23 16:03:42,2018-06-01 00:00:00
72e5f9d054298a6554b1d7e7e4115c5a,c1a651e2d54cfd4ed849d5035d1a09ff,delivered,2018-05-04 01:14:11,2018-05-04 01:32:01,2018-05-04 14:44:00,2018-05-12 12:28:43,2018-05-24 00:00:00
55ef1695189508c09b58080d53d2b32e,9ec7033b5e74a016be27ba7e31905e7b,delivered,2018-07-02 20:59:40,2018-07-02 21:10:52,2018-07-05 14:54:00,2018-07-10 17:32:06,2018-08-01 00:00:00
1535ffdb181e70ff560cfced342c4f40,7460b4fda02ae69978ff6b5d7d5afd6d,delivered,2017-03-13 17:50:37,2017-03-13 17:50:37,2017-03-14 06:27:50,2017-03-20 14:22:08,2017-04-04 00:00:00
5db21a1fb73cfdfd6a1c65c7158f4d82,568a5fba0811fbc1696df16fdc0c7375,delivered,2018-08-08 10:53:55,2018-08-08 11:05:12,2018-08-08 15:47:00,2018-08-15 20:46:31,2018-08-28 00:00:00
81c684bc700b0e67cd0461f8f1216b0b,84bb667f31c68e42d29cc300ed7f574b,delivered,2017-03-24 10:34:50,2017-03-25 02:10:42,2017-03-28 13:08:16,2017-04-11 12:39:20,2017-05-02 00:00:00
d5ebe551f4b4510212d9987245ca489e,f3f4bcc90fab08ba1a574b391d6d69b9,delivered,2017-12-10 21:11:32,2017-12-10 23:32:10,2017-12-13 15:56:54,2017-12-18 17:41:31,2018-01-04 00:00:00
f6015e259b552af1df4a7d889a5da8c4,a7a800f153cae124c756195b4e4b1739,delivered,2017-03-13 10:27:41,2017-03-13 10:27:41,2017-03-16 11:39:03,2017-03-21 13:44:48,2017-04-03 00:00:00
478f8fb5c6eb0790e401598d9391c30b,e852487a1087dd7a5a8f78cda9e2ac86,delivered,2017-10-07 16:43:53,2017-10-09 16:47:10,2017-10-13 20:52:05,2017-10-17 21:19:42,2017-11-03 00:00:00
4ac9d969022c4a7ba509b39bb0f3d36c,5b7b7de303afbe0e48035449a3e86a5e,delivered,2017-01-26 16:59:33,2017-01-26 17:15:10,2017-01-30 12:17:25,2017-01-31 18:56:02,2017-03-06 00:00:00
c6283d176592e1e1c4d1302abd4e473e,2e12935bf4f6a0cad758ef5f58863701,delivered,2018-01-27 19:28:48,2018-01-27 19:35:24,2018-01-29 22:19:34,2018-02-05 19:44:56,2018-02-23 00:00:00
6f49fb747ca8c80ada6f548897fe134f,46a325fd27360b26342c0b0d8a279804,delivered,2018-03-15 11:39:51,2018-03-15 11:55:35,2018-03-20 18:06:29,2018-04-04 16:28:45,2018-04-06 00:00:00
111094eb682a21da30ce35ad760ff478,5d02af087f5fe03508621e317624011f,delivered,2017-11-27 00:50:31,2017-11-27 00:59:24,2017-11-27 22:35:19,2017-11-29 22:53:05,2017-12-11 00:00:00
f2076489cb09f9d0f11c6a524022fad8,e6c8c89d3ddde215c157724927e7c5f1,delivered,2018-01-11 20:01:08,2018-01-11 20:30:46,2018-01-13 02:55:56,2018-01-18 20:08:16,2018-02-05 00:00:00
69b8589a4cda405da61a760fcfae1be0,5b3b036e81719243b67c993b4fc7ef37,delivered,2018-08-17 02:03:34,2018-08-17 02:15:08,2018-08-17 13:29:00,2018-08-18 13:56:25,2018-08-24 00:00:00
e8608de908926d0a19ad92ae1af61175,70c9b296d6e03532de09c803fe2aedf8,delivered,2017-10-12 23:15:50,2017-10-12 23:28:19,2017-10-16 18:32:39,2017-10-17 19:07:58,2017-10-26 00:00:00
867f0402e99cf24466e5ca3b48ff92fa,7bbdd0e5e266e1416ce3dfd8ce4785f2,delivered,2017-11-20 10:59:15,2017-11-20 12:12:31,2017-11-22 22:18:33,2017-11-23 22:14:10,2017-12-01 00:00:00
b35bc2322f1b11d08503450f158b9cfb,1d4ed4dda73e2e995a8265c9e1e88867,delivered,2018-03-12 00:11:37,2018-03-12 00:47:52,2018-03-13 00:24:28,2018-03-17 02:26:51,2018-03-22 00:00:00
e63653cd4d968d901b64c18410a9b548,e3346c5387796b9447e5678f82ce7ee8,delivered,2017-03-31 16:40:16,2017-03-31 16:55:19,2017-04-04 15:04:00,2017-04-07 13:08:22,2017-04-25 00:00:00
30d2a2368488274228f1d64c2ab3231e,ac57edb936ba767e31cdfd3d727932d6,delivered,2018-06-01 01:47:21,2018-06-05 04:31:01,2018-06-05 14:51:00,2018-06-26 00:12:44,2018-07-19 00:00:00
a7085f9fc8c35a99cbd99a1becc1f7be,da5c997509bfd7aaba05d8f01897c1da,delivered,2017-10-14 20:29:43,2017-10-14 20:49:23,2017-10-20 11:22:31,2017-10-31 22:12:59,2017-11-07 00:00:00
8c11e7320d48d441627a82aa47d9afc1,248c47650075a87ff142d4227837be6c,processing,2017-02-10 11:11:05,2017-02-10 11:23:08,,,2017-05-11 00:00:00
5e7f9ee66e56d354635709fe765e845c,f43286f8e58ceb554beb28e9f3635a02,delivered,2017-09-24 08:53:40,2017-09-26 04:07:20,2017-09-27 20:08:13,2017-10-02 14:07:38,2017-10-24 00:00:00
e75ef7ac6943083f9e83d1968f127420,1f123329650f76ca910b1710f6b6a4af,delivered,2018-05-06 03:24:19,2018-05-06 04:04:09,2018-05-22 15:39:00,2018-05-28 18:14:47,2018-06-08 00:00:00
08cd76ff1d27c6e6c522bbaead822fd7,27cda559c51079a52420a3366d38517e,delivered,2018-07-25 12:47:28,2018-07-25 13:24:14,2018-07-27 15:45:00,2018-07-28 16:22:15,2018-08-07 00:00:00
d9eb574d9db751d3a86c7bf179ec2853,6e4a291496a89ec1ae2da5eec9d81183,delivered,2017-09-12 14:29:16,2017-09-13 14:35:20,2017-09-19 15:52:39,2017-09-26 21:51:48,2017-10-05 00:00:00
65e816f5fdba93b07f5aeef1ee55b6a0,71a6e80102a4784e3f2411e85c6d204b,shipped,2018-03-15 13:48:21,2018-03-16 21:35:26,2018-03-21 01:18:29,,2018-04-10 00:00:00
99ef42315d9b16bae5d87c2564e01d67,ccf87313c84aa31965634de45095f410,delivered,2017-05-12 23:12:12,2017-05-12 23:25:11,2017-05-15 08:47:59,2017-05-26 10:34:55,2017-06-12 00:00:00
5b01111319bb33fcc77bb2aef3e938ff,c8b11aa20558a5c5b2a042f47c83de09,delivered,2018-08-04 14:57:19,2018-08-04 15:05:22,2018-08-06 10:39:00,2018-08-09 01:02:28,2018-08-09 00:00:00
3c32b5ee0d19331febeea91a6fbf37c8,279a09411f28ae559c302075deafbae5,delivered,2018-08-03 10:13:50,2018-08-03 10:30:15,2018-08-03 11:38:00,2018-08-15 02:04:44,2018-08-23 00:00:00
7d76251f09d8d802e7df0ff067dc7158,27c37fcecd5af3213c4910baf9a7d1d6,delivered,2017-06-19 18:56:05,2017-06-19 19:10:18,2017-06-21 18:15:50,2017-06-23 10:56:54,2017-07-11 00:00:00
9aad6dbdcca5469f24d0ae9abf0977e9,90cef52e863d985ca76d0a502fdb55da,delivered,2017-10-21 17:09:21,2017-10-21 17:21:23,2017-10-24 19:59:20,2017-11-01 18:19:46,2017-11-21 00:00:00
2ecf1e81869aad99fb1eaf286a7eb119,e38e171f81900e949c42cf7901227c37,delivered,2017-12-10 17:51:35,2017-12-12 04:09:01,2017-12-15 12:49:15,2017-12-27 14:43:45,2018-01-08 00:00:00
c7334d7e05d30a59be01b74a71a53b9a,053bccd4465d25600d95df22e1eaa46d,delivered,2018-01-11 14:18:08,2018-01-11 14:27:46,2018-01-15 15:24:52,2018-01-19 22:42:20,2018-01-29 00:00:00
bd2ab3fcfddf81da1f31148c3aa7bd4c,33c77931d736a2cc7423a0833f0d0650,delivered,2018-07-24 15:07:29,2018-07-25 15:04:30,2018-07-25 15:25:00,2018-07-30 16:18:32,2018-08-14 00:00:00
62246c16a32a0866943f17d7b42db940,6443519fe0538b895632d5d7817aaff3,delivered,2016-10-06 00:06:17,2016-10-06 15:58:16,2016-10-21 16:30:18,2016-10-31 09:45:54,2016-12-02 00:00:00
16f6daf2cfb47f8c8525ddbabc5aa5ef,4ec4d40b56fcf9e2ba1c1570a30b6f98,delivered,2017-07-30 22:41:24,2017-07-30 22:50:18,2017-08-01 18:25:54,2017-08-08 21:52:13,2017-08-24 00:00:00
f2ef7d612e69efa8075800e031d9880a,25ba4c61d3bb95a1e35c573fbd9cca68,delivered,2018-07-31 13:18:12,2018-07-31 13:25:23,2018-08-08 19:09:00,2018-08-09 20:43:30,2018-08-08 00:00:00
e5db2271e5244dc30abdd52135b98586,fcf9e2332ddc4452bffdf1915601477b,delivered,2017-07-16 23:05:48,2017-07-16 23:23:32,2017-07-26 09:27:46,2017-07-26 18:53:48,2017-07-28 00:00:00
0e3ec3c17b64c6cc7bc01bba21e7afdf,493bfba5a986ce7c846f7c2b5a308ed4,delivered,2017-05-10 16:20:36,2017-05-10 16:30:12,2017-05-17 10:03:46,2017-06-08 05:47:38,2017-05-26 00:00:00
4e376d36ceeae3f2cbf66cb0ca84c799,791e2999c57aaaf4919b414931385ea1,delivered,2017-07-29 14:07:44,2017-07-29 14:23:33,2017-07-31 15:58:18,2017-08-07 17:22:44,2017-08-30 00:00:00
062e658558167913d261c1089bf9357c,0861e2295c798be38db3b39ab793abaf,delivered,2017-06-07 09:12:50,2017-06-07 09:22:33,2017-06-07 16:44:11,2017-06-14 18:47:50,2017-07-12 00:00:00
3f695ee2567af0b169e482d825ec8e31,03f7c28100418ce57927a01d62a6cdf3,delivered,2017-11-28 16:15:04,2017-11-30 02:21:45,2017-12-08 11:42:37,2018-01-04 22:33:48,2017-12-22 00:00:00
4b007a72f108b589a20227ab419705c9,99678034fbeacc560b33978f398e559a,delivered,2018-04-29 18:46:47,2018-05-01 06:12:47,2018-05-03 16:54:00,2018-05-04 16:13:53,2018-05-10 00:00:00
a51c103cee3ac676ea1c9bd8faf4d0be,a3bf8dad369e2dd3104ae77e1fb68ade,delivered,2018-03-04 14:25:20,2018-03-05 14:15:36,2018-03-06 23:18:44,2018-03-08 01:09:47,2018-04-02 00:00:00
dae948ffccda4df99a5e1561db5f5029,9c7d3c254f40add7cec20a8f59f8699a,delivered,2018-08-25 22:29:38,2018-08-25 22:44:18,2018-08-27 15:03:00,2018-08-29 00:41:46,2018-09-04 00:00:00
beee47428ec6a6984d07930d75eb3c17,f27229ad9d11e93cd617cd1bd94d5b7b,delivered,2017-12-11 15:15:11,2017-12-11 15:32:05,2017-12-16 01:24:39,2017-12-27 18:17:21,2018-01-24 00:00:00
f779d4c1a2d02746570b5124c38302fa,d663f3d2620ac39c3fcbafebccf8f166,delivered,2017-06-10 15:38:16,2017-06-10 15:50:16,2017-06-12 13:15:51,2017-06-26 11:21:19,2017-07-11 00:00:00
95781e5f0d6c976b1d32e609be9c4acb,4446b59d06b177573bfebf6be6ff37a4,delivered,2018-07-16 17:36:52,2018-07-18 02:55:25,2018-07-18 12:43:00,2018-07-23 20:36:47,2018-08-07 00:00:00
a936e40021223b8e7b47aa43a74bf5d2,899a8e7d581fe90a952cb18b55dafa44,delivered,2018-08-10 00:28:59,2018-08-11 00:25:15,2018-08-13 15:44:00,2018-08-18 01:03:42,2018-08-31 00:00:00
2e93a6eb72860427a8dd780b12618992,86e1617f8872fd4657b53cd6cc0525c9,delivered,2017-04-01 18:39:34,2017-04-03 06:35:14,2017-04-04 08:48:32,2017-04-26 21:06:11,2017-05-09 00:00:00
edbcacae5cb8f20f789d86dc0cf80ade,a2c32079da05c60d8e39eee66b12530c,delivered,2017-01-31 18:49:35,2017-01-31 19:01:36,2017-02-02 10:18:59,2017-02-08 15:05:59,2017-02-27 00:00:00
71d1d659a3fc76b377ac21af193fae99,64dd91632c353e908b5ec176a50089ef,delivered,2017-02-03 00:58:25,2017-02-04 01:05:38,2017-02-06 15:02:04,2017-02-09 14:14:58,2017-03-06 00:00:00
04df14e9618f3ad47f7b1e353b0b9c50,1d26c126f9597e1a7ee29449ed714258,delivered,2017-05-22 18:22:19,2017-05-24 02:55:31,2017-05-24 10:07:21,2017-05-29 10:38:00,2017-06-13 00:00:00
67a229f0ab226f753f52634f1e6548a8,4fe7ef3f51b83a185b617b87add5e48d,delivered,2018-03-16 12:09:23,2018-03-16 12:29:21,2018-03-16 22:16:17,2018-04-03 18:48:56,2018-04-13 00:00:00
c6e48a9495130736a879f90ea27890c1,503f7a3063cd11d999b3213df2a2ce5c,delivered,2017-04-02 18:11:57,2017-04-02 18:25:13,2017-04-03 13:47:40,2017-04-13 12:52:42,2017-05-05 00:00:00
5a0aef62fed458de537f3edb8501befd,23dadcb549445fa5e15d7bc5cdf682aa,delivered,2017-09-07 20:02:36,2017-09-07 20:10:31,2017-09-08 18:32:28,2017-09-16 17:47:51,2017-09-29 00:00:00
a506759d63f2c17a9d2120c780f7e8f5,d8b9bc711712eebd378aff16d1911e31,delivered,2018-04-24 17:27:51,2018-04-24 19:10:11,2018-04-25 14:25:00,2018-04-30 16:14:45,2018-05-30 00:00:00
4618b886260f174ba97bd9a7b81b01a5,165928f38e41598f6ffd3af0c864ca27,delivered,2017-11-29 15:54:57,2017-12-01 11:31:53,2017-12-04 22:09:21,2017-12-15 23:51:41,2017-12-29 00:00:00
0510fbef17088fdb22eed8b459322c62,13e8265ea7e8a11df7a56799f5806220,delivered,2018-04-24 19:42:23,2018-04-24 19:55:14,2018-04-25 15:09:00,2018-04-26 18:23:36,2018-05-03 00:00:00
5c110a6989b5bf2b90e611d478bafa3e,ea40c0c07dff310bee6d6b0f9518f637,delivered,2018-02-07 21:35:36,2018-02-07 22:48:28,2018-02-08 17:08:06,2018-02-22 18:52:57,2018-03-13 00:00:00
3955f590b7e19ddd367c089f1268bc17,276f7f8085140651f29e5b5dff198294,delivered,2018-05-18 15:55:05,2018-05-18 16:17:35,2018-05-22 15:23:00,2018-05-24 15:04:03,2018-05-28 00:00:00
e1d1213b6608018866541300bc7e095c,0a1bd304aedee91a65a9692e70d91998,delivered,2017-09-18 12:21:43,2017-09-18 12:30:20,2017-09-19 17:12:59,2017-09-28 16:48:05,2017-10-09 00:00:00
8ae36ddb0c9660dabf5341488efb2a30,758e7d0e5f61d4150e1a47079f601a29,unavailable,2018-03-03 12:02:45,2018-03-03 12:15:39,,,2018-03-15 00:00:00
0e81d9aa94c69d14faa155f1a91ed4ff,ee2df44c9c465039e4d893c20edc1151,delivered,2017-09-29 23:16:29,2017-09-30 23:28:29,2017-10-06 20:22:03,2017-10-23 22:57:45,2017-11-01 00:00:00
a2d2cba2241c7e5f2de7e9e3ed12250b,641572a061cb58aa1e035fed93eb8ac7,delivered,2018-03-10 03:25:22,2018-03-10 04:10:48,2018-03-14 00:51:38,2018-03-16 02:33:26,2018-03-22 00:00:00
5e1e97f999b0aa80d601a6619c1c050f,43186abecff556fa7c348f82d51abf06,delivered,2018-01-06 23:02:07,2018-01-06 23:46:41,2018-01-08 12:36:22,2018-01-15 23:26:38,2018-02-09 00:00:00
f9f0d1f8ad4a4325a1731807a9b8b65d,711068755ae5b4bb901951d616c849b5,delivered,2017-11-17 22:01:31,2017-11-17 22:10:29,2017-11-22 15:09:58,2017-12-01 19:15:47,2017-12-06 00:00:00
d74572390df10c6b78c1acedf893657e,a47f532ec104c9cdb1bd791f3c605f13,delivered,2018-02-16 18:53:19,2018-02-20 07:07:00,2018-02-23 01:32:52,2018-03-02 21:13:34,2018-03-15 00:00:00
3bd9d48e8870dad5ddbae6e5a7c183c3,7f35bd4690a9e1f8ee58ea83c99151d0,delivered,2017-12-30 12:08:16,2017-12-30 12:18:24,2018-01-02 10:36:19,2018-01-09 20:19:59,2018-01-29 00:00:00
2bdfeff498c8742708633364e3eeee08,3a940b0b8f29b36c928c4c91d83dd7d0,delivered,2017-12-10 19:50:59,2017-12-10 19:57:32,2017-12-12 18:18:55,2017-12-17 11:59:03,2017-12-28 00:00:00
2a4b7ff75e8b04e29d4111f8dac8abcd,a411ac48ff9bd97503158c76c67b2af6,delivered,2018-03-21 10:48:58,2018-03-21 11:08:58,2018-03-23 01:41:43,2018-05-07 18:32:44,2018-04-12 00:00:00
81c277d38bfc8beca560a53fac3646f5,1748b9f945e5b64b45417d766da4e07f,delivered,2017-09-11 21:36:12,2017-09-11 21:50:14,2017-09-13 15:07:39,2017-09-14 18:32:30,2017-09-21 00:00:00
f33d100d9bb7ea621d3a62506f3fb0fe,d92f44cabb34e230adec2e3700c79bdc,delivered,2017-11-24 20:20:45,2017-11-24 23:33:18,2017-11-27 18:17:03,2017-11-28 21:06:44,2017-12-08 00:00:00
abed4a9942ddbdf89cb7813557d89c62,ae41e41f5721cab53560a02f6d1ca93d,delivered,2017-11-24 17:46:34,2017-11-24 21:14:22,2017-12-06 17:32:26,2018-01-09 01:54:22,2017-12-15 00:00:00
9b54c2bfcff91ba7acf6d8a1119ea379,5b78abe7e081624cace02bfef1076cca,delivered,2017-08-23 10:44:04,2017-08-23 10:55:15,2017-08-24 20:05:32,2017-09-09 15:13:04,2017-09-25 00:00:00
002f19a65a2ddd70a090297872e6d64e,7fa80efb1ef15ca4104627910c29791c,shipped,2018-03-21 13:05:30,2018-03-21 13:15:27,2018-03-22 00:13:35,,2018-04-16 00:00:00
82a51ccb2a300179554229ce57f2b05b,c9c56649a35abb4aa29797b17350d423,delivered,2018-04-02 16:30:02,2018-04-03 05:49:09,2018-04-03 20:08:55,2018-04-11 23:13:07,2018-04-18 00:00:00
9e6dbf2535201b87c18bdf90bf117204,989c193cfe0018c75470fb0549603d52,delivered,2018-01-02 10:06:33,2018-01-02 10:15:19,2018-01-03 17:28:57,2018-01-09 19:27:58,2018-01-24 00:00:00
e0942435c7d11eaa9417d35a47694b1d,c6eca2cce41e4ef53a853e945b382b52,delivered,2017-05-18 10:55:42,2017-05-19 02:35:08,2017-05-19 15:31:03,2017-05-31 10:56:56,2017-06-13 00:00:00
4b460251c3d2ba44dd61b0b6c3410ac6,7ceb6bd264a93011d92f29004d2fa854,unavailable,2017-03-27 17:19:37,2017-03-28 17:25:24,,,2017-04-26 00:00:00
c459333909694b58b17db6cdf5dd7b57,15ac0878ceb20ee8e0e74247318bac63,delivered,2018-03-27 08:09:26,2018-03-27 08:25:57,2018-03-27 23:48:28,2018-04-09 12:05:34,2018-04-18 00:00:00
852d24d230e0038f83e1337c4ab06147,7ae079405bb999ea70d1c458cbf2e82c,delivered,2018-06-10 16:05:11,2018-06-11 16:31:46,2018-06-12 12:41:00,2018-06-25 19:16:54,2018-06-28 00:00:00
23dc1dae65a022e0f216c057e1ad3b72,12c2d1a2a3a977fa5599f2f8cb3dba2e,delivered,2017-08-19 17:36:03,2017-08-22 04:31:52,2017-08-22 13:27:37,2017-09-04 19:09:40,2017-09-13 00:00:00
9e9cfa056dcd246d1bfd47f58a771abf,8488a16c79a62c2f70d4d93bf15ae67e,delivered,2018-08-25 18:36:46,2018-08-25 18:50:11,2018-08-27 14:57:00,2018-08-29 16:35:44,2018-09-04 00:00:00
ca3b8093576a51bea61c9782c7771f62,4ab07666a1b8ff428bda51600a94f753,delivered,2016-10-05 17:14:27,2016-10-06 16:02:42,2016-10-21 16:33:31,2016-10-24 16:33:31,2016-11-25 00:00:00
bc6a0c20c290fc74ba2c366c50477690,5a7da49e27d1969457fb1d07bb538729,delivered,2018-08-27 09:19:09,2018-08-27 10:55:10,2018-08-27 13:26:00,2018-08-30 14:52:07,2018-09-05 00:00:00
c8379bcf3dfe30ebc7344fb94c012b07,b81f97938953164b250166b7d9dcd481,delivered,2018-05-01 09:49:20,2018-05-03 04:12:51,2018-05-03 15:06:00,2018-05-17 10:24:29,2018-05-25 00:00:00
927171112ca5b7f6e6708652872623ae,0dc8040ac9937fc813da59b9542f6651,delivered,2017-12-24 15:59:34,2017-12-24 16:09:22,2017-12-26 14:17:43,2018-01-04 21:15:55,2018-01-29 00:00:00
ce771c5895b52f1d306746c60afba9b0,1d6d086151df8c65fd7ba9e26c7631ca,delivered,2017-07-12 15:28:26,2017-07-12 15:44:03,2017-07-14 19:26:51,2017-07-17 21:53:46,2017-08-03 00:00:00
4a0746838da42155bfc10fe57284b734,8ec3ff8925a8d3bf030c8d2406c913e6,delivered,2018-07-31 15:42:04,2018-08-01 21:31:46,2018-08-03 14:13:00,2018-08-06 23:16:44,2018-08-14 00:00:00
ff49f52e3e1a9422bc1899208d5b8591,2cc8c877ddc07e711634edb883c9a5f7,delivered,2018-01-16 18:06:21,2018-01-16 18:14:27,2018-02-07 15:08:52,2018-02-08 12:48:46,2018-01-31 00:00:00
e8ecb472cb1a0f18c82e2d358f8e2128,e692f60b9b5fbb4b803fe58759387cdc,delivered,2017-09-09 04:42:28,2017-09-09 05:24:01,2017-09-16 01:12:26,2017-09-28 18:19:02,2017-10-03 00:00:00
eb5172e93de57cf8ef81ec265d86bcb9,4d08122317b7bd8a0a3e34e2a23c4585,delivered,2017-08-14 15:01:38,2017-08-14 15:16:06,2017-08-15 16:46:44,2017-08-18 12:57:03,2017-09-01 00:00:00
1f9fa4b707b82f25dbf52e6695842e8c,599826b8e94a0dad152807a142fab2c1,delivered,2017-01-31 12:33:44,2017-02-01 02:41:28,2017-02-01 14:38:02,2017-02-13 11:06:02,2017-03-29 00:00:00
4e7215ac8ad76bd95a10b8230492c690,3875fffcd2bd0a6284521422cc2abdbf,delivered,2018-04-26 00:50:14,2018-04-27 03:55:27,2018-04-30 17:13:00,2018-05-04 17:16:56,2018-05-21 00:00:00
fe89b0d8ed4855fadd959956eaf4cbda,2cf9f0e26346fdac8219b33a076b4e3b,delivered,2017-07-30 19:41:52,2017-07-30 19:55:11,2017-08-01 13:06:01,2017-08-08 20:44:47,2017-09-04 00:00:00
61a4e749e6975384980e883fc5653d8b,1dbc055ccab23ed894267767e268e8a1,delivered,2017-07-21 15:08:23,2017-07-21 15:55:29,2017-08-01 18:42:13,2017-08-04 16:47:30,2017-08-14 00:00:00
09224348db675e0c2a00ebe2bd9599db,02ca27924660947952e555921dd4749e,delivered,2017-07-13 22:27:59,2017-07-13 22:35:27,2017-07-19 20:36:48,2017-07-20 18:21:29,2017-07-26 00:00:00
b16a844a8a1b4998e1505f65a65d1e6a,1272872ac75fcbffe68e4cd8fbb48162,delivered,2018-05-02 11:58:28,2018-05-02 12:14:49,2018-05-04 14:21:00,2018-05-08 17:36:37,2018-05-23 00:00:00
6731ed65e5a0e32dcaff875b46782434,34a9148b2ea1f6542b26665326795232,delivered,2017-08-20 21:34:39,2017-08-20 21:50:13,2017-08-22 21:53:42,2017-08-24 15:53:31,2017-09-01 00:00:00
e4e7f051862316f8ef1e82166c55cdea,dba19fc278a9c05bdf43327f419160fc,delivered,2018-03-02 16:48:29,2018-03-02 17:10:41,2018-03-06 21:32:57,2018-03-10 17:42:49,2018-03-27 00:00:00
204b7236f949dcd799519c1e74136821,b169e5830ded0026725b45900f8662bb,delivered,2017-10-30 12:09:05,2017-10-30 12:28:12,2017-11-01 17:22:28,2017-11-16 15:26:51,2017-11-17 00:00:00
b4767da9668302c3be3309b51f5600db,f10fc34d76e5a41bb34fdb3c1530b68b,delivered,2018-07-02 13:40:57,2018-07-02 13:55:11,2018-07-03 11:59:00,2018-07-11 21:56:33,2018-08-03 00:00:00
8b97c0c23ba312bae65d2f014d6700d7,ff73066003e6e0aa6ce3739d60a1ff24,delivered,2018-06-18 20:14:52,2018-06-19 20:16:22,2018-06-20 14:03:00,2018-06-26 21:07:45,2018-07-16 00:00:00
bdefd25a848afe646dfd9751002facdf,0987f577dc4e1a76929cf8cf9be30990,delivered,2018-08-24 17:06:31,2018-08-24 17:24:12,2018-08-28 16:50:00,2018-08-30 16:25:02,2018-09-11 00:00:00
5c8cd93d3a115eb002c7d3c40ab4fe36,ebab1fdb3a5047f2ea1a0886696fbeeb,delivered,2017-09-19 13:10:36,2017-09-19 13:26:29,2017-09-22 12:42:27,2017-10-13 22:55:32,2017-10-13 00:00:00
c1218dcc236c1b2e5d2e9e4313127c0b,ec815a810b4150fe560a510d40c1258d,delivered,2017-02-07 01:47:42,2017-02-07 02:03:14,2017-02-10 13:37:40,2017-02-15 12:12:00,2017-03-07 00:00:00
fe6fc04c1126046e3f641fee9303d4cf,e148f151e0fff5b53a940a0b8a0b9b45,delivered,2017-03-27 19:57:29,2017-03-27 20:05:39,2017-03-28 12:25:01,2017-04-07 13:13:47,2017-04-18 00:00:00
dd6644d86c2b8177a9ae5f51bbf7b82a,cd7333a35d439e7d2c03da35747f0d78,delivered,2018-01-11 23:04:21,2018-01-13 04:54:46,2018-01-19 22:32:34,2018-01-23 22:58:45,2018-01-30 00:00:00
92c6a0e7135d80a425089fdd95362c22,3d197de98c810d01083ae0df2a8c0b04,delivered,2018-06-14 17:08:16,2018-06-14 17:39:32,2018-06-15 10:11:00,2018-06-20 13:53:06,2018-07-11 00:00:00
18530f1c685d2cb6b271cba538274056,76d1166cd86711d8ecd7ddda52920ffd,delivered,2017-10-19 09:12:06,2017-10-19 09:28:19,2017-10-25 18:50:01,2017-11-01 20:33:32,2017-11-13 00:00:00
b1ce066aa23dcefeebf1950f0da07bc7,7940f043bd9828325d0e88a9fb36551c,delivered,2017-08-31 11:57:41,2017-08-31 12:10:29,2017-08-31 21:27:00,2017-09-11 16:56:52,2017-09-27 00:00:00
35e41c28433f3cea03fb0cdf48cf0175,ba86228f05ae8027b0291ba22d935fba,delivered,2017-07-11 11:39:32,2017-07-11 12:04:28,2017-07-14 20:03:28,2017-08-03 22:07:50,2017-08-24 00:00:00
687e2110fd453476f1c045ce5c1a6d3f,8092df83f189e6029ffd55d443334a5e,delivered,2017-08-31 23:37:47,2017-08-31 23:50:08,2017-09-01 15:30:14,2017-09-13 21:25:28,2017-09-22 00:00:00
87d24c5a20d8d416def2c6ef81d4045e,49f218b2505aac7db523e8b1432f7915,delivered,2017-07-14 10:37:08,2017-07-18 06:03:37,2017-07-18 18:44:43,2017-07-31 20:42:07,2017-08-15 00:00:00
9a910d6ba29d7c6a50b791a7819ad3bf,c9a6817d5766512b8b059a88d3e64bde,delivered,2017-03-26 17:34:06,2017-03-26 17:45:16,2017-03-27 14:45:02,2017-04-10 18:14:52,2017-05-05 00:00:00
91811480f57d846cb6b5b418b549f158,17ade49ae87fba5f3fa8c93e05620d7d,delivered,2018-08-17 09:24:29,2018-08-17 09:35:14,2018-08-23 13:54:00,2018-08-27 20:58:35,2018-09-13 00:00:00
67ece27598962c6f6fd57bc19a8eba0f,cf24c4117ecf9a1768fb2e6cec09f4ea,delivered,2018-03-17 13:16:18,2018-03-17 13:28:50,2018-03-23 02:32:09,2018-03-28 17:03:19,2018-04-26 00:00:00
627d872bac94d3a4276ebd2f708387cb,d7b315396f3a4dc9dc604579cf8307bc,delivered,2018-05-04 17:00:41,2018-05-04 17:10:31,2018-05-07 14:49:00,2018-05-15 17:14:34,2018-06-05 00:00:00
08c8efb673039f24977bee37cb4ce21f,794fbbffc8777305f986f63219b4e7e1,delivered,2017-05-10 15:24:48,2017-05-10 15:35:29,2017-05-11 10:53:42,2017-05-18 12:28:04,2017-05-29 00:00:00
e52fad87a8264c18cf50fd3cfd6dc3fb,4450514e4f80d0bcf73470ebc5fd5683,delivered,2018-06-10 20:39:21,2018-06-10 20:57:48,2018-06-11 11:42:00,2018-06-13 18:07:40,2018-06-20 00:00:00
f8d323a2702fed37f0229965f7e9f8b3,6238211c5b1c7812db24bd1aeb5fbc4e,delivered,2017-12-09 23:22:15,2017-12-09 23:30:21,2017-12-13 19:54:57,2018-01-16 20:29:15,2018-01-30 00:00:00
e7ca0b469d23817d3564174fafcf56c7,fb7d16371b8fad5d60b8ba464b1e135c,delivered,2018-03-11 12:23:57,2018-03-11 12:35:53,2018-03-13 02:44:41,2018-03-16 21:08:36,2018-03-29 00:00:00
871586e5b572f8c5d8b07b091e396e6e,307adfea8ecb1ca5a1961e628afc8358,delivered,2017-06-03 17:59:48,2017-06-03 18:10:18,2017-06-14 14:33:41,2017-06-23 13:16:47,2017-07-07 00:00:00
a59b2ae7ce595ee0cb33191bbf75836c,382ae8833c34ef87ae580858968625f3,delivered,2018-04-04 21:25:13,2018-04-05 02:28:22,2018-04-05 22:10:50,2018-04-06 20:36:48,2018-04-20 00:00:00
1c709af6dc28e45be0dda17b368271df,1dd47f0ace79cd4c8b2e0e3e428dc290,delivered,2018-08-21 10:20:46,2018-08-21 10:50:54,2018-08-22 14:16:00,2018-08-31 20:55:38,2018-08-24 00:00:00
cca182e4a32957030e469cf249c9695e,d4ced6131d3efa76c2c20fe6ad1bc3cc,delivered,2017-10-01 12:55:14,2017-10-03 04:05:12,2017-10-03 21:23:01,2017-10-17 22:17:52,2017-11-03 00:00:00
9e7076697b77903d67c852e3d2dbcdae,4e453250006d88e3a896e5966d34cc2b,delivered,2018-07-29 08:05:41,2018-07-30 08:31:29,2018-07-31 16:00:00,2018-08-01 21:18:56,2018-08-03 00:00:00
3317db84e285d6115f358daa9351a4ba,5f0662b2fbb42916fefe7f829ccfbd99,delivered,2017-04-02 18:52:07,2017-04-02 19:05:11,2017-04-06 05:14:07,2017-04-11 12:58:56,2017-04-26 00:00:00
f76722e1f5bbed6240fe01d579139c3f,75fd774bdd2f8bec27d4bfe8fc305b32,delivered,2017-11-29 08:40:43,2017-11-30 02:25:53,2017-11-30 19:25:12,2017-12-18 23:22:26,2017-12-20 00:00:00
466fa6875c92ccd8425b0a91a8d1a771,7ff0e2983908917cbd12217e27b6dfdb,delivered,2018-06-24 23:18:24,2018-06-24 23:34:12,2018-07-05 09:40:00,2018-07-09 12:24:41,2018-07-23 00:00:00
34eeeb0f3dd806169c5b90f466d37cda,a20ab53c2b5e9ee4587b7aa0d866fa30,delivered,2018-06-29 16:29:39,2018-06-30 04:35:18,2018-07-02 15:53:00,2018-07-06 14:22:19,2018-07-27 00:00:00
3302bf91faabf99f49bb481f349e3c39,ceabccf902b8ad0e15d6429e00d10805,delivered,2018-02-04 23:27:25,2018-02-04 23:49:52,2018-02-05 22:22:57,2018-03-01 20:19:13,2018-03-08 00:00:00
a3439a449645e880a92b39f3dc8b28f4,869af1db2a4d1e27f85ec5d4084b7e1c,delivered,2017-05-17 23:25:38,2017-05-19 02:42:54,2017-05-19 11:09:14,2017-05-29 11:11:25,2017-06-08 00:00:00
837043431f60a0e5259ffe3cec107e87,c83c6affa2730252876dc6ad322c24c0,delivered,2017-11-14 21:24:49,2017-11-14 21:46:45,2017-11-16 19:32:56,2017-11-29 22:38:31,2017-12-06 00:00:00
f3f484b69296321b6d7d8dfa4b74aff3,d0e502290d1b7a834b7c4616c10cd2ef,delivered,2018-02-14 12:39:25,2018-02-14 12:55:57,2018-02-21 17:47:45,2018-03-01 02:14:48,2018-03-13 00:00:00
d4b9a0a5998cc96610a91b5de647f440,59b5afd367220e7d7e8b23cf010e44c7,delivered,2017-09-24 01:16:02,2017-09-24 01:30:15,2017-09-26 18:24:45,2017-10-09 18:33:56,2017-10-31 00:00:00
07efb6b65a21feb31a7567eb0dbd2476,1f0ca2f4250709ea904aad7c7a706550,delivered,2017-07-13 09:45:31,2017-07-13 09:55:27,2017-07-14 14:58:45,2017-08-04 17:42:39,2017-08-21 00:00:00
82fd1196a459f594fb1d66e667fc74c4,ef9b9b1cb4921466d4190e3116fe248e,delivered,2018-04-10 21:09:18,2018-04-11 09:30:27,2018-04-17 16:04:51,2018-04-21 00:51:34,2018-05-02 00:00:00
a15df161654da3f47c2984ffd7764920,109cf3ecc53afd27745a79a618cb5ec4,delivered,2017-01-28 18:30:17,2017-01-28 19:31:32,2017-01-31 11:09:43,2017-02-10 12:27:47,2017-03-08 00:00:00
032d1a95f9e146c92cf349805c5e1293,d1e9fd112fc30cbfc329679820335bb6,delivered,2018-07-26 19:35:13,2018-07-26 20:31:10,2018-07-27 20:01:00,2018-07-31 16:52:41,2018-08-09 00:00:00
3498a243e9fe88c9c4ce97bf7fa4617c,b92024fd84c1d4e5308b4bc99f092def,delivered,2017-01-24 17:15:56,2017-01-24 17:25:14,2017-01-27 15:26:54,2017-02-01 12:24:02,2017-02-22 00:00:00
cf5c16c1ce5b2de3b5141ae26b58f65f,a63d4ed214b0406558f633a39c61bac4,delivered,2018-02-18 15:23:37,2018-02-18 16:30:23,2018-02-19 18:22:23,2018-04-02 16:45:59,2018-03-13 00:00:00
007ec946d4f798caf2b43c9d44c56421,3ace63287bc8b41172016c06a5093808,delivered,2017-11-24 13:05:15,2017-11-25 04:15:38,2017-11-28 19:27:06,2017-12-06 22:38:40,2017-12-26 00:00:00
89ddf23f8fe73ace16b54d219a527277,87357fa1cd76f1b9e26ef7a92d2f0e84,delivered,2018-01-24 19:08:37,2018-01-24 19:19:27,2018-01-30 15:48:39,2018-03-06 23:41:57,2018-03-05 00:00:00
2ec63bd84c4e873ee8bf8786f4942673,addf804ff9cb78ba46f8347beb614dfa,delivered,2017-07-20 18:57:41,2017-07-20 19:10:13,2017-07-24 17:45:50,2017-07-26 16:41:25,2017-08-02 00:00:00
b760bf468b4938da338e68c1b8dde052,8553d88145be6a0d43f86224cf5a70d2,delivered,2017-12-08 22:19:26,2017-12-08 22:30:28,2017-12-11 22:49:56,2017-12-14 17:15:57,2017-12-27 00:00:00
7d1e050da99b169a0b03e4b80b608c17,5f080af2e1fc61198972128bdbc9de77,delivered,2018-04-26 12:50:03,2018-04-26 13:11:41,2018-04-30 06:18:00,2018-05-08 22:16:39,2018-05-18 00:00:00
dbd67f13fdc695836f0eb7b7c83dbd46,fc59aff9c4bae47db46f6f04bbefe306,delivered,2018-05-02 14:49:23,2018-05-02 15:23:00,2018-05-07 06:36:00,2018-05-08 00:12:46,2018-05-14 00:00:00
5270a6da2c326132afd3b3c0a186a795,17523021fe9a32dce622cb883869fa4d,delivered,2018-01-17 21:15:38,2018-01-17 21:29:56,2018-01-19 21:08:14,2018-02-19 23:38:43,2018-02-19 00:00:00
39f948e000e2da7329061c875b6d35a1,b3290bb01210af453a5ee654d3e7e185,delivered,2018-04-08 06:42:55,2018-04-10 03:49:43,2018-04-12 02:22:53,2018-04-14 17:42:12,2018-05-10 00:00:00
b6c1b51d37cc489d4332feb65ddf0915,1135ecbf1ddc0da7eb2f1f529cb46708,delivered,2018-07-31 18:37:57,2018-07-31 19:40:16,2018-08-01 14:54:00,2018-08-07 18:56:49,2018-08-10 00:00:00
0e40a411ec0cb464b5d17a84ff95cc25,bd3db989ccd5c565f4b708a39c0d14e2,delivered,2017-07-06 19:44:43,2017-07-06 19:55:18,2017-07-07 18:21:24,2017-07-19 16:33:47,2017-07-28 00:00:00
883a45f636d1eb15ebedd842b99fa364,e210a988b0d03d53946227b6a9dcf3d2,delivered,2017-04-26 20:33:45,2017-04-28 11:41:59,2017-04-28 13:31:28,2017-05-09 10:02:59,2017-05-26 00:00:00
7906b62a235fb41f51deb33cda8c4d06,f6b4f8d8ec46e8a2eef187ce2073cbb7,delivered,2018-05-15 22:30:31,2018-05-15 22:55:18,2018-05-16 13:35:00,2018-05-23 13:59:09,2018-06-05 00:00:00
35a837720015a5cf47f5ff1f1f3a898a,bad042cfdb7bd5a6bc93dc2fe02f0749,delivered,2017-10-09 18:52:43,2017-10-09 19:14:20,2017-10-10 16:28:06,2017-10-24 13:28:01,2017-10-30 00:00:00
86f9158c646801ca3b16b26373ba78da,d1ed3fa617ded724a9f890f079bc29ec,delivered,2017-05-03 14:24:02,2017-05-03 14:35:26,2017-05-09 09:06:08,2017-05-24 18:37:42,2017-06-12 00:00:00
f67f9e00c6535a03d484ba5bcd5227c9,3f368a005ca595365c3c53fd9a794695,delivered,2018-03-19 09:12:34,2018-03-20 03:08:24,2018-03-23 00:14:29,2018-04-06 19:48:35,2018-04-18 00:00:00
36dc666b3287023e11e5497252e98707,8ff6d9dfb88a4455c0f8593174b1f40b,shipped,2018-05-18 16:41:12,2018-05-18 16:58:35,2018-05-21 16:59:00,,2018-06-07 00:00:00
d3b0d8353eadc4ba7ff0b60f87949a02,4715f5eabb431d9e101203cd67633490,delivered,2018-08-08 18:25:49,2018-08-08 18:35:15,2018-08-09 13:32:00,2018-08-10 22:09:22,2018-08-13 00:00:00
ceb608e88a15bf78c70e9020002f89ee,fe37fbb53f07dcf3e2afdb887abf22df,delivered,2017-08-09 11:52:48,2017-08-09 12:05:47,2017-08-09 20:05:13,2017-08-16 19:34:16,2017-08-31 00:00:00
b80fc187408e5b39dc58457b7db2b4b1,46041410953120973322e8f5f2faad72,delivered,2018-04-30 10:28:19,2018-04-30 10:54:52,2018-04-30 13:29:00,2018-05-04 16:12:39,2018-05-18 00:00:00
6956c7a7b6e1be46fa34926ef6aea60f,e298df72f16d80dc506e0509f104925f,delivered,2017-08-22 23:46:57,2017-08-23 00:48:43,2017-08-23 20:03:39,2017-09-04 16:18:07,2017-09-14 00:00:00
722472fb65236469ae8a7934269a980f,b362913ed32818b745caa7396e5fc17b,delivered,2017-07-19 21:31:19,2017-07-21 02:55:14,2017-07-21 16:13:10,2017-07-31 17:37:39,2017-08-10 00:00:00
23005a3899a0dbdd93cb88ccb1575b96,9224227b38e57471ec3ba10a33dd4ce1,delivered,2018-02-12 10:50:25,2018-02-12 11:07:53,2018-02-14 23:48:48,2018-02-21 18:57:52,2018-03-06 00:00:00
7cdee3742b0259f2780e96bdd9602f0e,475f823c98a1ca65d8fdcbd15167a443,delivered,2017-06-14 21:58:11,2017-06-14 22:15:19,2017-06-19 20:05:57,2017-06-30 12:09:16,2017-07-21 00:00:00
b200a7390795d73d9b7afed1d6dce327,19b7910ad6c3917705d65d00bb00cc96,delivered,2017-03-23 19:12:49,2017-03-23 19:25:13,2017-03-25 10:06:30,2017-03-31 20:35:32,2017-04-11 00:00:00
0a70fd0f23f627d0cc1ea16cb4169393,beb806638e70abe17fbbe9678baa019b,delivered,2017-08-25 14:51:58,2017-08-25 15:05:38,2017-08-28 23:34:49,2017-09-06 22:39:44,2017-09-29 00:00:00
c15c44713017f9821fa52fdef328d9c3,d3ed7d1072cce1cd26ef30afe80dcea2,delivered,2018-05-23 22:07:24,2018-05-24 22:14:19,2018-05-25 15:25:00,2018-05-28 16:34:43,2018-06-11 00:00:00
1ff2f747b6a41ef8d418ef81411604b8,9ec11b4d685baa761c23bfea31bbde6a,delivered,2017-10-24 15:13:30,2017-10-26 03:09:32,2017-10-26 18:15:04,2017-10-31 17:14:55,2017-11-10 00:00:00
68032d83f60d0cff0f79fd0aff398f29,cba68d0b18016ae8f86171ff3e3a6036,delivered,2017-11-06 23:31:37,2017-11-08 03:50:27,2017-11-08 17:11:20,2017-11-17 00:31:57,2017-11-30 00:00:00
b5c5a6fb605260058c01713e1fb97aba,4169bb026675fc7051730e93783794e9,delivered,2017-09-30 23:17:17,2017-09-30 23:29:05,2017-10-04 10:35:56,2017-10-09 17:18:09,2017-10-24 00:00:00
1fa78500e37879853df6bf65220a3994,3af03d6383115f9565c0b3b87d4d0c6f,delivered,2018-02-21 22:53:15,2018-02-21 23:05:36,2018-02-27 22:52:40,2018-03-23 21:49:00,2018-03-13 00:00:00
ec22a18f14eba260f8f395dfc96fa72c,e252b21abdef0221ff17b5d09b2af0bb,delivered,2018-07-15 20:37:57,2018-07-17 04:31:25,2018-07-24 14:54:00,2018-07-26 19:05:30,2018-08-03 00:00:00
a6dd782e2849f77fd6bbd0af0f3ebc46,afb111b7bf74e7009ed80cfb31a0e86e,delivered,2017-06-29 21:37:12,2017-06-29 21:50:15,2017-06-30 15:46:49,2017-07-18 20:57:55,2017-07-21 00:00:00
513f43ba9ea592cb81880aeeb11f08d4,9d951c0b8d3b39f81a4e35fd4aa21bf3,delivered,2017-04-21 17:12:37,2017-04-25 08:22:55,2017-04-25 12:35:36,2017-05-03 09:08:57,2017-05-11 00:00:00
6ee07bb000ad56123f660b23dabed4ab,42cbc801f8d498f3baf61c890d2dcdd7,delivered,2017-10-11 21:39:37,2017-10-11 21:56:16,2017-10-13 16:20:37,2017-10-20 16:58:07,2017-11-06 00:00:00
2fd573eea535b447eea60a9b4aa2603d,f94bd0795b4e39a9250f516c56ee4309,delivered,2018-08-23 17:22:26,2018-08-23 17:35:14,2018-08-24 10:38:00,2018-08-29 15:28:56,2018-09-04 00:00:00
685558bac861fa52b595c1febd211651,7bad53b812883912c72e7d9969efcdb7,delivered,2018-04-17 22:03:52,2018-04-17 22:15:26,2018-04-18 19:22:06,2018-04-24 18:44:43,2018-05-07 00:00:00
69824ff52b27e9069fe9094a18858548,9303f65ccc8b7cfebfd99aef801ae5cb,delivered,2018-06-29 00:03:39,2018-06-29 00:15:15,2018-06-29 14:03:00,2018-07-04 00:12:39,2018-07-20 00:00:00
fd8ab59feb3c7d481d9bb6be532f8b11,60a27a1b80babef80d8b370259139469,delivered,2018-04-09 18:31:15,2018-04-09 18:49:57,2018-04-11 03:04:55,2018-04-12 20:20:35,2018-04-25 00:00:00
db5d6113487de457414aaad0ae7aa2ed,b9b2638983d22185ac84fa7d6526ab78,delivered,2018-04-19 01:41:09,2018-04-19 01:55:08,2018-04-19 18:38:35,2018-04-20 19:16:49,2018-05-08 00:00:00
fa302aa67b18a98eb824a928fb3e53ba,58aea9fc48bd6a46f86bdead5143c405,delivered,2018-01-30 11:56:08,2018-01-30 12:15:19,2018-02-08 19:25:00,2018-03-01 22:49:10,2018-03-02 00:00:00
ede4ebbb6e36cbd377eabcc7f5229575,60d2d93a97ec1ad751f2ddce9249ba2a,delivered,2017-12-15 12:08:40,2017-12-16 02:39:32,2017-12-20 14:27:13,2017-12-26 19:13:17,2018-01-10 00:00:00
8b7d82f0a0cbbac3b08cae0c79127648,bd516d2e7c44800e3f593cce2d0fedf6,delivered,2017-11-17 13:18:50,2017-11-21 03:59:25,2017-11-21 23:33:04,2017-11-25 17:35:03,2017-12-08 00:00:00
0fb2036805020445edceb236ebe847c8,6df65cb2a7043cd4c6b1689efa5d44bc,delivered,2018-04-23 02:22:13,2018-04-24 19:04:29,2018-04-23 19:04:00,2018-04-24 19:54:53,2018-05-10 00:00:00
ccc6c37f50e3e60568c5a91c9574048e,715e8847bc1e6c8c0389dadbeed2aca0,delivered,2017-08-19 09:16:20,2017-08-19 09:30:13,2017-08-22 16:42:36,2017-08-28 21:03:14,2017-09-13 00:00:00
66cd3a1c2edd13d9da86b50aca9e3d32,1a72bada5214567decd50b77bfaa22b6,delivered,2017-02-07 15:29:07,2017-02-08 03:10:26,2017-02-09 05:51:44,2017-04-04 14:34:55,2017-03-08 00:00:00
bec3652605143e5f7e0265d993793eba,d1f3606bb1135de704d89880f90cc675,delivered,2018-08-23 12:49:42,2018-08-23 13:24:57,2018-08-23 13:05:00,2018-08-28 17:36:54,2018-09-04 00:00:00
67e9ef421e7b550f69b5a5c2676a7a07,d141f682decd1def777da4222e41666c,delivered,2017-12-28 12:03:22,2017-12-28 12:13:31,2018-01-02 21:41:49,2018-01-24 18:59:26,2018-02-02 00:00:00
6e4a56e7ceec57f1cd7fea6278c4c710,9eff8e3689527dcf3f62c2eacb357dde,delivered,2018-05-16 16:50:14,2018-05-18 05:16:46,2018-05-30 14:03:00,2018-06-01 16:07:28,2018-06-04 00:00:00
a23c9dbc30a11490a1ba3e7143dde4a1,204584adbb98b2d3c83a3552a9455470,delivered,2018-03-09 17:59:34,2018-03-09 18:10:43,2018-03-15 19:29:50,2018-03-27 19:36:39,2018-04-05 00:00:00
69563539a33f6dbf50c8e280e4e8a88b,39a3a09af913e6f029e2d845fa0110b7,delivered,2017-06-12 15:45:26,2017-06-12 15:55:14,2017-06-13 15:15:24,2017-06-19 13:47:36,2017-06-26 00:00:00
571178bf1877d0e28f7ec1e2f73c063f,415e9e436e38fc030c0e1adf08a740b6,delivered,2018-08-05 13:27:49,2018-08-07 04:44:36,2018-08-08 12:29:00,2018-08-17 19:26:39,2018-08-17 00:00:00
45056f9c6ae664d816c385b9f2d2c1f8,c0dff8a50695d7f810848537bd81688f,delivered,2017-12-17 19:16:10,2017-12-19 09:58:29,2017-12-20 20:28:46,2017-12-26 18:33:32,2018-01-15 00:00:00
e5c7ffa799e1c5ba20007aae8e48a824,2771eeec77688777e6dc455f7145358c,delivered,2017-08-22 10:19:26,2017-08-22 10:35:14,2017-08-25 19:10:04,2017-08-31 21:52:03,2017-09-04 00:00:00
ee21a244d02c03d23adaa14fe3049b88,7b3d48b0c713f931c8f285b7ca1a8f79,delivered,2017-09-16 15:23:17,2017-09-16 15:35:15,2017-09-30 15:13:38,2017-10-10 10:20:34,2017-10-26 00:00:00
97eb626e84ddfbb1d30de510d7dbac1f,12a86fa0709b967481e33bece3bb35bf,delivered,2017-07-03 11:20:08,2017-07-04 04:15:21,2017-07-06 13:41:59,2017-07-12 19:32:55,2017-07-25 00:00:00
447b7c9b6b51381a908e562384313068,0a02439f8fd6fa72b2aae3ce079e553c,delivered,2017-10-10 01:08:25,2017-10-11 03:14:38,2017-10-16 21:35:36,2017-10-20 17:57:50,2017-11-09 00:00:00
8ee9f2a817f600c3135bf6fc6123a16f,7b529b315922db17e9270e88c72d6773,delivered,2018-08-16 22:31:20,2018-08-16 22:49:27,2018-08-17 12:37:00,2018-08-22 19:12:12,2018-09-06 00:00:00
cf50db945743cbc0ff2826ae7cd0e505,ef0654690762c831ffb99e903322abcd,delivered,2018-03-12 11:34:33,2018-03-12 12:29:13,2018-03-24 00:36:43,2018-04-02 20:46:59,2018-04-16 00:00:00
2060f68421a955938346e798d8809343,75e1c6b3663a6b192922db91c754d164,delivered,2017-11-30 14:52:47,2017-11-30 15:13:46,2017-12-04 21:48:47,2018-01-05 20:14:33,2018-01-04 00:00:00
bc29c5fce9c271807967f2fe4cf289e5,ba68e6a0e5205a086db45be9f475c9d2,delivered,2018-04-07 14:15:19,2018-04-10 04:15:46,2018-04-11 20:38:40,2018-05-09 22:14:32,2018-05-30 00:00:00
6a9cfa8ed7b1cbe09dfe3dbba0f4d8f0,3ac6190e2e6af7f7d665fc803bcadb4b,delivered,2017-07-18 17:52:37,2017-07-18 18:05:57,2017-07-21 19:32:25,2017-07-31 20:15:51,2017-08-09 00:00:00
10b64ed7e88bc66762c2637eb63e05b5,155c6e63647e6bb46173471c1f0867ba,delivered,2017-12-03 18:07:21,2017-12-03 18:15:18,2017-12-05 21:29:56,2017-12-11 15:51:41,2018-01-05 00:00:00
f356e882e8a1f34693474109d16de902,f109b06865467ef900b700716530d099,delivered,2017-05-29 22:51:53,2017-05-31 06:55:29,2017-05-31 15:56:58,2017-06-13 12:48:17,2017-06-22 00:00:00
b8f1089ec747d0bc2fada1ac19b66260,8562f88633b4e552155fc2476c0247af,delivered,2017-04-02 22:05:09,2017-04-02 22:22:37,2017-04-10 18:04:44,2017-05-03 10:44:47,2017-05-16 00:00:00
ca254c5904f6a9a9063eef5239c54197,9806b34f5c5ed77c1f69465eab61c73b,delivered,2017-02-07 19:58:15,2017-02-07 20:10:13,2017-02-13 11:21:40,2017-02-17 10:43:48,2017-03-08 00:00:00
92448c700c5faeacccaf77cd0f5ebc68,38dc87a85851d46f01b2ee876aa3c0f1,delivered,2018-03-23 17:04:51,2018-03-23 17:28:44,2018-03-26 23:19:29,2018-03-28 18:12:26,2018-04-05 00:00:00
55171604d89792c3bb7c4590b9d1612f,e705e099e9e08d5b78c6416381dd0728,delivered,2017-05-18 21:05:48,2017-05-18 21:15:19,2017-05-19 15:18:13,2017-05-24 11:43:22,2017-06-12 00:00:00
715645f32042763c55a177d5460e0c38,0ff311b8f13804a95afa54e23c1cfb02,delivered,2017-04-24 20:41:52,2017-04-25 20:50:19,2017-04-27 08:04:34,2017-05-15 14:14:25,2017-05-17 00:00:00
a9b311c40f94f95a3986f19da32f2fea,4de97c911695ae3baa90323cfb2a47f0,delivered,2018-08-19 15:53:44,2018-08-20 12:15:11,2018-08-22 14:55:00,2018-08-23 21:45:45,2018-08-27 00:00:00
1b0eaf74d5b9166e7e9dc0b39be862a8,00b9f074bf913ebcb8e7b9d7f8398782,delivered,2017-08-01 10:04:35,2017-08-01 10:15:22,2017-08-09 18:17:59,2017-08-14 11:58:00,2017-08-25 00:00:00
0c0a67b96b88d50a44c1cf028cda65a5,2b7ad07995895014a1e35e4edd819807,delivered,2018-04-20 14:47:04,2018-04-24 18:14:52,2018-04-25 00:41:24,2018-05-03 18:16:34,2018-05-10 00:00:00
366b94daa22781675a0ffffbcbd517a9,e3b2363f99d58cd6fe161ffe0ee40a95,delivered,2018-02-24 16:23:28,2018-02-24 16:30:55,2018-02-26 23:37:25,2018-03-06 18:11:38,2018-03-16 00:00:00
0a703303bdedfaa80afd4eb17280f2d1,dcb8f21123cad1d422278ea28a1a8a20,delivered,2018-01-15 14:03:31,2018-01-15 14:15:23,2018-01-16 17:21:48,2018-01-28 14:27:39,2018-02-08 00:00:00
69e9d8330e77c15cc54c8a1b341acaaa,2ae43c16840ea839503913694d662009,delivered,2017-06-23 20:19:48,2017-06-27 03:45:18,2017-06-30 17:22:05,2017-07-04 16:23:44,2017-07-14 00:00:00
7ae297a5353312db3c47746c3b1a8527,8b117077bfcf3d5f2b425c8735d78a40,delivered,2017-11-28 19:55:45,2017-11-28 20:15:37,2017-12-01 00:46:49,2017-12-05 15:42:45,2017-12-27 00:00:00
c1387d81aa7018f9ecca06376610696d,16846c0ee6a2640da8e6a0dfe8bd2f19,delivered,2018-04-25 00:04:18,2018-04-25 00:31:38,2018-04-26 11:06:00,2018-05-10 17:18:44,2018-05-21 00:00:00
f94a0d648c163f130c9d36d4ba790dfe,7d8720ec0025097d77c1df010b3415f8,delivered,2017-04-08 18:40:05,2017-04-08 18:55:16,2017-04-17 17:28:15,2017-05-09 20:41:55,2017-05-29 00:00:00
f4e4e886a056bb9c7ed4a19c013a833d,509f2373dc9012e0d1071be02210a492,delivered,2018-05-03 16:05:40,2018-05-03 16:29:23,2018-05-09 15:48:00,2018-05-15 22:42:00,2018-06-11 00:00:00
866314550f6d7a55c82917d9b4463e1f,9009e9f0ac28d47bd18433d82aa028d6,delivered,2017-11-16 14:55:04,2017-11-18 02:31:11,2018-01-21 16:12:17,2018-01-25 19:38:35,2017-12-13 00:00:00
ab2e05e6a9ef56ff80256898d3e015e6,9a6365913d478f7a1449b195d5d5757b,delivered,2018-04-01 22:26:33,2018-04-02 22:35:50,2018-04-06 20:04:44,2018-04-09 18:59:45,2018-04-12 00:00:00
a74773544b428f3d89597084120ec144,03472ebe287f85dc536f9de2241243cd,delivered,2018-05-16 17:25:19,2018-05-17 03:35:21,2018-05-17 17:00:00,2018-06-04 14:18:45,2018-06-14 00:00:00
78d1bb8db7414297b33c18163f8308ec,aaf8f07973765aa793625691d7cfc784,delivered,2017-08-16 11:04:16,2017-08-16 11:35:14,2017-08-16 18:14:55,2017-08-31 21:45:48,2017-09-12 00:00:00
b094b88a36a6a907eb40730b9382cbb8,9337a18877ba0cf7c209c6081ff451ef,delivered,2017-03-10 08:49:56,2017-03-10 08:49:56,2017-03-10 10:22:06,2017-03-22 07:51:27,2017-03-31 00:00:00
006f7dfffe2d90809598e8f1972b829b,6031cd91d182925af3d38ae9590e5afa,delivered,2018-03-22 22:52:46,2018-03-22 23:07:23,2018-03-31 14:18:55,2018-04-05 19:18:35,2018-04-11 00:00:00
32e4850514b64259da5068c747ace2c2,04c58599a7ad237021e07dcbb41da8c8,delivered,2017-03-06 11:48:20,2017-03-07 11:55:15,2017-03-14 05:28:01,2017-03-20 12:04:28,2017-03-31 00:00:00
dc9f4cd231c11babfef316d35486eff4,d0201d40635bacac931a23211566d601,delivered,2018-08-15 19:32:10,2018-08-17 04:09:55,2018-08-17 15:32:00,2018-08-28 17:26:42,2018-09-05 00:00:00
8f7d470b019f3b33a814cf048df30370,9885e4e630af4b7352e0a32a7a05bb21,delivered,2018-04-02 08:11:30,2018-04-02 08:29:16,2018-04-04 00:22:15,2018-04-23 16:03:37,2018-04-26 00:00:00
4dc9fa4d82f350eec3ffcb4d82a3a3c7,653f04914c016bf9958458f9dd05ddd6,delivered,2018-03-22 11:47:18,2018-03-23 02:15:46,2018-04-09 21:28:35,2018-04-11 13:25:40,2018-04-19 00:00:00
b316c449e8b0f35e4766fcb0583fcb20,5f2c12cf37ffc577d7e7a30b93d160d9,delivered,2018-03-31 14:53:08,2018-04-02 15:32:47,2018-04-03 18:33:24,2018-04-16 18:48:24,2018-04-23 00:00:00
48a2f7e1d2c08321278f947050d5a1d4,bb68bae4ec9b0b46b26e003f01459c0e,delivered,2017-12-27 16:56:51,2017-12-27 17:48:15,2017-12-28 22:17:48,2018-01-19 18:39:42,2018-01-31 00:00:00
4bcd0329b76295d8f76bf2c18e12f6e7,5cd6552dff79afa05c9e886a280e4841,delivered,2017-02-28 21:44:19,2017-03-01 21:35:21,2017-03-02 11:09:49,2017-03-09 08:05:31,2017-03-20 00:00:00
c7438281bce4bf95f7827823d61969fd,7c2eb5a7c145409f56a018c3971d2a12,delivered,2017-06-09 17:21:30,2017-06-09 17:35:22,2017-06-12 13:52:41,2017-06-19 20:50:33,2017-07-06 00:00:00
0c021596b865eb54c02ad64bf7d55aea,407b735b2eaad546c9f7c2eb72b1538d,delivered,2017-10-04 00:03:23,2017-10-05 03:07:14,2017-10-05 19:03:45,2017-10-14 00:50:00,2017-10-26 00:00:00
9c9a1d9b53c328e1bbb1f0c2c5410257,4ed3708020c892c07d400b298a09bbd6,delivered,2017-11-24 17:25:35,2017-11-24 20:56:03,2017-11-27 23:29:32,2017-12-02 01:24:58,2017-12-21 00:00:00
a4714070c2ecaca755290f99b0726878,73395602f51bf2b5aa514a888a54bda7,delivered,2017-09-01 18:21:43,2017-09-05 04:35:22,2017-09-06 13:12:39,2017-09-11 22:36:24,2017-09-21 00:00:00
cb2d145548d845658f63dfb206e19501,b302a3a811c3bf99bd9277343384da54,delivered,2017-12-17 11:05:04,2017-12-17 11:15:38,2017-12-18 19:59:01,2018-01-03 16:34:21,2018-01-16 00:00:00
bcabcd838e530b0fcbe8c2fa2d1073b7,e638f067a831554289fcb4b7b1316cd0,delivered,2018-01-05 16:41:01,2018-01-09 07:24:56,2018-01-11 21:59:10,2018-01-23 17:05:54,2018-02-09 00:00:00
da0f627d7b76d59598f9b85b3745d2f3,4d313f0a196a0609636b0d0fb5f531d6,delivered,2017-10-06 22:07:45,2017-10-06 22:24:19,2017-10-20 18:17:57,2017-10-26 19:52:36,2017-11-03 00:00:00
96fbf81fa0815632ed37610e1ab103b6,4c30b8d32ec9e6a0eeb71301e2403031,delivered,2017-07-07 18:15:56,2017-07-07 18:30:07,2017-07-12 20:43:25,2017-07-24 21:03:32,2017-08-07 00:00:00
320663ce04c21d3c2df2e5097f90695a,8ba8dede2ae41568b572c86c79f3a5bd,delivered,2018-04-14 09:40:37,2018-04-14 09:52:13,2018-04-30 14:07:00,2018-05-03 13:08:41,2018-05-11 00:00:00
1f7c1b144b5b6d0a4339bd2e7ce499ac,00380c010de38d578d02117f6d0b88e7,delivered,2018-02-28 11:10:46,2018-03-01 02:48:57,2018-03-01 22:39:18,2018-03-12 17:03:57,2018-03-23 00:00:00
b4903df9dcac3f7fd8d2625c04133301,3c29911ef9e51085789612972afb53a5,delivered,2018-02-16 11:15:10,2018-02-16 11:30:38,2018-02-22 01:41:56,2018-03-08 17:04:55,2018-03-15 00:00:00
76fe90b7376fab4bbce87be140c970f1,46071acaf5b9ea238098f75f32c7fb93,delivered,2018-04-16 17:55:25,2018-04-16 19:11:50,2018-04-18 11:54:29,2018-04-30 16:34:43,2018-05-09 00:00:00
9893da51f6d1ad5bf15a1756e3b8c9b3,b262a7f72e882fb982f33f58c88dfba1,delivered,2018-05-08 16:04:28,2018-05-08 16:18:17,2018-05-09 17:50:00,2018-05-14 14:41:59,2018-06-06 00:00:00
3cbf16b8242e78d602909f15aaac29eb,1e0672cd29c269baa883be37f80b14b8,delivered,2018-06-03 20:09:21,2018-06-03 20:31:21,2018-06-04 14:17:00,2018-06-15 22:21:46,2018-07-11 00:00:00
808a117545d27f5c0ea7cad158f70600,6899257ef9335343fd6eaa0daa8c52a8,delivered,2018-07-29 12:54:54,2018-07-30 19:32:09,2018-07-31 14:07:00,2018-08-06 21:38:35,2018-08-16 00:00:00
6abfbfca6fe988d700c523b016c31838,91b3c3fbfcdbb9ad5a9f72324b8e4a9a,delivered,2017-12-07 12:13:59,2017-12-07 15:21:45,2017-12-12 01:48:49,2018-01-10 23:17:28,2018-01-04 00:00:00
43d640d9d8add3920e35acc0d8ca9411,a1cdd0992516e0e8a9c90b38965b47fe,delivered,2017-11-21 18:31:03,2017-11-21 18:39:31,2017-11-22 18:38:55,2017-11-29 01:36:59,2017-12-13 00:00:00
e09e4bef485e6c09fef604841cbe5780,a1200a55004c545746c06d9de46d7901,shipped,2017-11-20 11:47:07,2017-11-22 02:48:26,2017-11-24 20:32:31,,2017-12-12 00:00:00
87419a86fe457c6ff665b6d0b41f7c7a,9ddd0b718d81e4b7cdba9b5d47653f91,delivered,2018-07-12 19:28:50,2018-07-14 02:45:09,2018-07-16 13:29:00,2018-07-23 08:22:34,2018-08-08 00:00:00
28a6deb28d6d4f156d94669fcb9ca8ce,af68286365f11f7af92d52031b8a2a57,delivered,2017-10-06 22:55:45,2017-10-10 04:14:28,2017-10-24 19:03:21,2017-11-01 22:28:05,2017-10-30 00:00:00
c289e5c187ac5cff9d78eba42f7058b4,bb8b969441c3fd43246a4c244f5ce233,delivered,2018-05-09 15:57:41,2018-05-10 11:36:42,2018-05-11 14:53:00,2018-06-09 15:24:42,2018-06-08 00:00:00
6e3a1f3ec46461756c3f620e267aa1b8,84ff1c605abdcecfd44ff1a0a9f0bb77,delivered,2017-11-21 11:50:23,2017-11-21 12:31:31,2017-11-24 19:06:47,2018-03-07 20:09:25,2017-12-12 00:00:00
c729815f323f20bb9e5588021a97bf54,557f70dad14918337f244683541f5f4a,delivered,2018-04-15 10:17:36,2018-04-15 10:30:53,2018-04-16 22:51:18,2018-04-18 14:52:02,2018-04-30 00:00:00
0b16fcb0e3133c83e8c82ed7bd6ccb1b,89f7508dce8638dd195717c747ab4f5c,delivered,2017-04-11 15:27:37,2017-04-11 15:42:32,2017-04-12 16:34:22,2017-04-17 09:18:00,2017-05-15 00:00:00
57e06a3fd62185918d634d2ea59aba69,dbe4400709145b814e268af602fde11c,delivered,2018-02-17 19:57:21,2018-02-20 07:07:13,2018-02-21 23:03:49,2018-02-26 23:42:50,2018-03-09 00:00:00
16a10c94dc005b8e19195327eb853b21,9e5dc8df72aa76b7d2cf26f4e549466c,delivered,2018-04-20 19:47:03,2018-04-24 19:06:49,2018-04-23 22:11:37,2018-05-16 14:20:42,2018-05-10 00:00:00
b9bc2a018009031c8df0fc7bc1b0f1d1,5627927d535db82b7807764c725c3e56,delivered,2018-01-07 15:09:06,2018-01-07 15:27:12,2018-01-12 20:59:49,2018-01-17 18:13:54,2018-02-06 00:00:00
7a72862f08ad9a6b9debda8e2a65d762,49269e49bdad7f64f75afaf5939326c2,delivered,2017-03-10 19:47:34,2017-03-10 19:47:34,2017-03-15 07:32:12,2017-03-29 12:57:35,2017-04-18 00:00:00
be6ead609261c3b92ba37751219cdb45,36cfd66391c517ba41486ff865a4d356,delivered,2017-03-19 15:42:48,2017-03-19 15:42:48,2017-03-29 13:59:48,2017-04-03 15:09:23,2017-04-10 00:00:00
ddfe2c774073d06b98ebad44770595a8,7b295103d46391559a2503168492f842,delivered,2017-12-27 19:06:35,2017-12-27 19:17:24,2017-12-28 17:17:04,2018-01-03 21:37:05,2018-01-16 00:00:00
f03ccc35dd341e035efa0ca47c83cf10,744d01ca128476ca3fa04dff32ad2244,delivered,2018-02-14 21:13:52,2018-02-14 21:25:23,2018-03-05 22:13:57,2018-03-23 19:06:26,2018-03-08 00:00:00
8d5250d8f8c1f5ed47bba1b623161386,415b4b7ba1bcade56337ae58afac0b9c,delivered,2017-06-13 21:51:48,2017-06-13 22:05:23,2017-06-16 11:44:40,2017-06-23 11:02:49,2017-07-05 00:00:00
c348b5c61b62673ad4d11a8564de5742,8230ccd8e8cb4f70a4f4f1ecf46ad0b8,delivered,2017-06-07 21:58:31,2017-06-07 22:05:14,2017-06-14 09:00:04,2017-07-25 19:39:29,2017-07-14 00:00:00
1759a74e11bef0a81720d730ffafdfaf,e8f78b7883f7712e1d0fb7a2f59fc38a,delivered,2017-08-14 08:05:48,2017-08-15 06:44:03,2017-08-17 10:39:54,2017-08-30 23:43:32,2017-09-05 00:00:00
d2ebecd13598667c0e664cf7c3eace01,f59d1a0dc2219d4bdb4fc23f0d1d3c07,delivered,2018-02-02 09:45:56,2018-02-03 09:51:51,2018-02-05 18:28:59,2018-02-24 14:48:54,2018-02-26 00:00:00
8efd19a2f9ba6e65f7061e74df5d337e,1185b68a3d66e11b65614f4112dadfa0,delivered,2018-07-30 10:52:31,2018-07-30 18:31:03,2018-07-31 14:14:00,2018-08-13 18:41:51,2018-09-13 00:00:00
559609410c90dc1792181a5f260a6600,7534d8ce1242e3de5f26e17eb929591e,delivered,2017-10-12 23:10:36,2017-10-14 03:27:44,2017-10-16 20:56:36,2017-10-23 21:32:46,2017-10-31 00:00:00
3a6a2dc663f0fb80336d420f85643ec2,9d253e13449c5e9a947624ac8904b1e4,delivered,2017-07-17 14:30:08,2017-07-17 14:45:27,2017-07-18 15:36:09,2017-07-19 16:21:49,2017-07-28 00:00:00
b390755d66d3ef7697796139c14782e3,aa79a2362592a54446b3ec3821f88924,delivered,2017-11-25 13:12:09,2017-11-27 20:17:06,2017-11-29 17:21:55,2017-11-30 21:37:47,2017-12-11 00:00:00
bcaa2ea71bcbe06f4cab5fe30f997f93,1b1e45dac48738c73df1da3be957fb4c,delivered,2018-07-27 21:34:38,2018-07-31 04:05:39,2018-08-01 12:02:00,2018-08-02 21:04:07,2018-08-06 00:00:00
95ac7877d664b64345e78a8ff3003730,27056b7474812bc0627c6490b5ab5a0b,delivered,2017-12-29 23:25:53,2017-12-29 23:36:29,2018-01-02 14:59:31,2018-01-10 13:22:50,2018-01-29 00:00:00
f92d5bedc0cb67f0b4fb723b39af6a46,3505b6b5d1e198e50fcae66089393ffd,delivered,2017-10-02 08:24:12,2017-10-02 08:35:11,2017-10-02 18:25:43,2017-10-07 00:03:49,2017-10-30 00:00:00
85b65cf0a36d51265b279d78117ea65e,72e7b1a8c79c9f535652bd2515b77781,delivered,2017-10-19 22:35:48,2017-10-20 13:14:54,2017-11-10 20:28:33,2017-11-20 16:58:27,2017-11-14 00:00:00
ea3f0b4b84bd9df5f7834495b1f11d07,b56fb5bdd820186f5b40b19337280927,delivered,2018-04-30 19:04:12,2018-05-01 02:36:43,2018-05-07 15:03:00,2018-05-11 19:22:33,2018-05-23 00:00:00
6c9f4896350c87c2f785b1b8be767748,fe9d20bab93bc661ba9037d5bde82cc4,shipped,2017-08-21 18:57:12,2017-08-22 04:27:11,2017-08-23 16:14:10,,2017-09-01 00:00:00
5a39aece773a0e78a17451bff3221669,cfbab1d1ea176ef344000d4a6dddf436,delivered,2018-04-04 09:43:44,2018-04-04 09:55:18,2018-04-05 00:14:41,2018-04-09 22:06:55,2018-04-16 00:00:00
674d4392ff644f0fba9c04e010843951,eb562fef11da58b078feead2bfc91b47,delivered,2017-03-22 22:26:40,2017-03-24 01:35:58,2017-03-24 11:27:03,2017-03-28 12:38:07,2017-04-10 00:00:00
bc2149827312f8bf93254536f644c7fd,9d6ab27dacf959a69f6f1a3506667e12,delivered,2017-06-01 00:39:20,2017-06-01 01:35:20,2017-06-05 12:49:51,2017-06-19 14:51:50,2017-06-28 00:00:00
7692d9058f8ce2c30f96713424aa3b12,a4b6059eac75d2743018ea813e47a8e2,delivered,2017-12-08 19:31:04,2017-12-08 19:52:21,2017-12-13 21:17:20,2017-12-21 23:41:59,2018-01-09 00:00:00
6415d4ce478df9002b52aab8158a1526,09760ab9f33a907e4b2a712ff12dc9a4,delivered,2018-06-12 22:03:01,2018-06-13 13:17:38,2018-06-13 13:41:00,2018-06-20 00:12:33,2018-06-29 00:00:00
3dc4ddaa0680433039c690192fcf4eff,73f2156473202f6a5ae98e6720efad16,delivered,2017-09-17 23:18:59,2017-09-17 23:30:15,2017-09-20 14:25:30,2017-10-09 23:18:31,2017-10-13 00:00:00
f409f5ae35c08a9135d9e5d15ec6ab67,278d8ca725342a1f850e1ebbe341b052,delivered,2017-07-10 10:58:31,2017-07-10 11:10:10,2017-07-12 18:02:45,2017-07-14 16:32:17,2017-07-21 00:00:00
7eed6f14f2c4d4696bae38c70dd523b2,3a2af5f4c23dff0cf1ddb8fc10e2ca8b,delivered,2018-05-06 22:09:49,2018-05-08 04:55:05,2018-05-08 13:08:00,2018-05-11 17:02:37,2018-06-01 00:00:00
ca6a7dfbbaebac08df32693f6e6c95a1,28b0610006bb74a16c4ec12e9e404373,delivered,2018-05-21 14:47:03,2018-05-21 16:14:48,2018-05-24 07:25:00,2018-06-09 17:28:32,2018-06-06 00:00:00
fc932ff051a732fe72ff34bea8ae3d8a,b1bb6d770f0e70d1ae909809e3236538,delivered,2018-04-19 20:35:48,2018-04-19 20:51:19,2018-04-20 18:12:19,2018-05-02 15:51:56,2018-05-18 00:00:00
ab3a0535e202529923e53dfdadf8042e,cc92d7ce78bd5ddbaf12fac761c1a6ed,delivered,2018-04-26 09:59:50,2018-04-26 10:50:01,2018-04-26 12:54:00,2018-04-30 23:54:37,2018-05-10 00:00:00
91a31ae0b2ceeff70549db4b68d0a11e,a7e7ac71f48352503ff2a018aa31002d,delivered,2017-06-08 17:50:37,2017-06-09 02:42:40,2017-06-12 16:57:10,2017-07-10 11:08:56,2017-07-12 00:00:00
296487514bc938361dae8cac848688ac,a13f6cf0d876947e0559f572d69e59f9,delivered,2017-04-17 10:11:29,2017-04-18 03:50:29,2017-04-24 07:58:38,2017-05-03 16:46:01,2017-05-17 00:00:00
01bae920aea13b891b50bc1543634a65,57a5790d63d19ab68c8eb882a24cff8e,delivered,2017-12-21 20:04:26,2017-12-21 20:14:24,2017-12-22 18:03:20,2017-12-26 20:09:59,2018-01-11 00:00:00
40ec3ad4f08944421d76ad879ca56b64,0c41d3676a3676b647ac6a973f61badc,delivered,2018-07-02 11:33:57,2018-07-05 16:02:49,2018-07-04 14:31:00,2018-07-11 20:21:49,2018-07-27 00:00:00
65a88c357350772e3940616ae4480140,7dbefc296bc3eff6103e48871bdd9806,delivered,2018-02-12 19:22:43,2018-02-14 17:47:31,2018-02-15 20:17:40,2018-02-26 23:39:10,2018-03-08 00:00:00
2b73cfa36a63e2ba82be54965d188a7e,1fa95848d4c53e7acff1f018e33fbe35,delivered,2018-08-19 12:31:08,2018-08-20 11:35:21,2018-08-24 14:13:00,2018-08-27 23:58:55,2018-08-28 00:00:00
cb7f025ffb69a62e9cf843894bc7f89e,926b5881aa456b641318d43e6e5d5721,delivered,2017-08-18 13:02:00,2017-08-18 13:15:26,2017-08-24 17:48:30,2017-08-30 12:47:52,2017-09-14 00:00:00
07b9e5abd7254b1a85eb14ad3a1117e5,b503f68026d2399428f2e96529c73635,delivered,2017-10-09 08:10:30,2017-10-09 08:23:28,2017-10-10 23:12:51,2017-10-19 21:26:57,2017-10-25 00:00:00
1809db5bed27550212ca3903b72bc175,7edcd103e0782177badf74dee2b18125,delivered,2018-01-06 00:32:36,2018-01-06 01:07:41,2018-01-10 17:48:48,2018-01-15 17:05:42,2018-01-24 00:00:00
c815d1d87223385853b773269bf3410e,6e6e5580d0964735e8d947787a009ab5,delivered,2018-03-24 22:24:35,2018-03-25 11:47:39,2018-03-26 20:54:25,2018-04-10 21:19:20,2018-04-23 00:00:00
59690ecbdac87cae29f8959cc4233c47,6bccf45b4f9cbb8829d388a337757a61,delivered,2018-07-16 15:00:42,2018-07-16 15:15:18,2018-07-17 15:11:00,2018-07-24 16:36:50,2018-08-07 00:00:00
6753ca1ed484341d2218aaa7ddc18e20,c0bad02ae7be51513d345ab98387181e,delivered,2018-08-06 16:24:14,2018-08-06 16:35:27,2018-08-07 15:24:00,2018-08-09 16:13:49,2018-08-13 00:00:00
c1d50cc9e54ae4ea935717337e55d269,1b6cec570b25e346e862d1e30a8d652d,delivered,2018-04-06 20:36:58,2018-04-06 20:49:07,2018-04-10 18:22:39,2018-04-11 19:41:41,2018-04-24 00:00:00
985a676d446985001ace3f3768cfbf38,2826a6f29895419047cad89d00f60ee3,delivered,2017-08-28 17:00:15,2017-08-28 17:15:16,2017-09-05 15:55:58,2017-09-14 19:37:39,2017-09-18 00:00:00
0049edf42837aa808e03552a62bd2158,0f3a6d2c22bbdb61d02eb98f4a1e0dfb,delivered,2017-12-30 12:33:26,2017-12-30 12:48:10,2018-01-04 22:38:07,2018-01-30 22:18:47,2018-02-01 00:00:00
e840776569b2a5eff2a4ca6bc5be8ad0,7cf817dc137efeda5ed617066b719d73,delivered,2017-11-01 12:14:19,2017-11-02 02:26:46,2017-11-03 20:25:09,2017-11-06 13:09:31,2017-11-14 00:00:00
d15e0fd391d14c714d025a4824bf068f,30df451d935bb7c4cfa51cc22ee28e5c,delivered,2017-05-07 11:08:09,2017-05-08 17:30:19,2017-05-12 19:36:09,2017-05-30 09:30:17,2017-06-27 00:00:00
489db951401825ce7d66665e5b5108bf,39747a75c12f4c803a205a1625fdf7ef,delivered,2017-08-02 19:15:07,2017-08-02 19:25:21,2017-08-03 18:33:33,2017-08-04 20:26:54,2017-08-22 00:00:00
b095ce1bfaa02fb7b9e58c39b30c4ae3,ad55d9bcb0f228522867e22a73cbb7ec,delivered,2018-08-24 12:02:28,2018-08-24 12:15:15,2018-08-27 11:14:00,2018-08-30 19:59:29,2018-09-13 00:00:00
4ac0414dab9b48f0b168bb305b85df12,4d6427b10700b00dbebc5643bb630631,delivered,2017-02-11 22:03:11,2017-02-11 22:15:08,2017-02-17 12:42:29,2017-02-23 13:49:03,2017-03-16 00:00:00
65cec19435e12006a71190074e5eec64,4976fde8780b872a33fbf0b771756ea1,delivered,2017-08-16 10:13:57,2017-08-16 10:30:15,2017-08-22 21:25:35,2017-08-31 20:12:10,2017-09-15 00:00:00
7730eaa5fa3eb4915f5cee586504ced9,f004aea092c969902918abefb0f119cf,delivered,2018-03-17 14:10:20,2018-03-17 14:28:30,2018-03-20 17:04:51,2018-04-16 23:14:23,2018-04-06 00:00:00
f46d8920524f004a5819d1e715715135,51dbbdaba8a7400b68c2c44be069b5ce,delivered,2017-07-10 09:30:27,2017-07-12 02:10:35,2017-07-14 13:33:40,2017-07-22 13:29:34,2017-08-07 00:00:00
76ee52772850236ff2a3b3a6b32f1cfe,3d4a22b0d2191f033ffe083fa365e051,delivered,2017-05-10 22:44:23,2017-05-12 02:50:17,2017-05-17 14:58:39,2017-05-24 07:07:42,2017-05-30 00:00:00
b0108048de2b5125e5d31e6f6f2e2229,5f6ba29e61a7490f485a5d6d93710f5e,delivered,2018-01-11 19:22:37,2018-01-11 19:33:27,2018-01-12 21:26:55,2018-01-31 12:52:24,2018-02-01 00:00:00
fec086a14f64723dead262e2bfba3284,90c561d8222ed24ce3e23902f137a520,delivered,2018-06-12 10:41:26,2018-06-12 11:00:39,2018-06-13 14:13:00,2018-06-21 17:28:50,2018-07-12 00:00:00
bafb684404bd59635ed1f02e09058779,67e9e9957d48219a70259073642bf4f7,delivered,2018-07-04 11:56:27,2018-07-05 16:33:22,2018-07-05 13:56:00,2018-07-06 13:18:40,2018-07-19 00:00:00
4ebbbd231e136e72a341eb57a1d74159,f2b2630bceb7c033a4bd84433622b4ec,delivered,2018-01-14 21:42:27,2018-01-14 21:54:21,2018-01-16 13:53:57,2018-01-18 21:11:40,2018-01-30 00:00:00
6f11c30244bc873b633797dd9ea4fced,bda345090d1226af66db42a1a81ceb5a,delivered,2018-07-18 00:53:09,2018-07-18 01:05:06,2018-07-20 14:42:00,2018-07-23 19:18:46,2018-08-03 00:00:00
3ad5e6d4c7320ce8a70ed122d2f6d98d,0fb13a21930d1132a9830fce7647222d,delivered,2017-08-21 10:21:18,2017-08-21 10:30:16,2017-08-22 21:34:27,2017-08-23 20:45:53,2017-09-01 00:00:00
e80fd26aab8a13c526a26b51e6e337a2,365f59acfd69dc1ca68ba1da9098670b,delivered,2018-05-19 17:41:21,2018-05-19 17:55:13,2018-05-21 15:47:00,2018-06-08 15:49:32,2018-06-18 00:00:00
7a962b095b0922e93689020736751c96,d96140c44255848ccd51cfa9c25eafea,delivered,2017-05-29 13:42:42,2017-05-29 13:55:09,2017-05-31 11:32:46,2017-06-14 10:02:45,2017-06-27 00:00:00
aec77276e0dacfea29f58e0908b46e21,5a9d3c4872061027501d59e521a4a65d,delivered,2018-01-04 10:06:33,2018-01-04 10:17:21,2018-01-17 01:38:51,2018-02-02 19:24:36,2018-02-05 00:00:00
f66e426969e5222705447c43b5550df2,8d3d4426138644f3d53a357d2c197a5b,delivered,2018-02-28 19:53:11,2018-03-01 02:49:17,2018-03-01 21:18:04,2018-03-20 03:07:37,2018-03-29 00:00:00
4569b648054760495d7fd67996def81c,c6cfaa95f28c055677c5a0a114f03b33,delivered,2018-08-01 15:01:52,2018-08-01 15:40:08,2018-08-03 13:23:00,2018-08-07 21:32:09,2018-08-23 00:00:00
6ad336dba0613cde0e5717f50dc8c669,f6dd94c82d8cf048ef7b4df3ed7a12f7,canceled,2018-01-25 17:18:26,2018-01-25 18:12:14,2018-01-26 20:12:58,,2018-02-23 00:00:00
6a84c0dc9f5ad55bac8d9847b9556719,49a1d87f4c2d121dd5b5a210ce6624a9,delivered,2018-04-13 17:38:03,2018-04-13 17:52:28,2018-04-17 01:03:03,2018-04-27 01:22:51,2018-05-23 00:00:00
b0b822b0f9346fb153a23ab0ac5214ff,68d67a1f9155f67a999de845a292ce20,delivered,2018-05-15 08:31:26,2018-05-15 08:52:59,2018-05-15 14:58:00,2018-05-19 17:32:26,2018-06-01 00:00:00
0538bda829ac14e64a201dc84fb1ba3b,84cb4824ee3f6d0c24b60d12a8e5bd00,shipped,2018-05-18 23:21:25,2018-05-21 18:35:58,2018-06-06 14:10:00,,2018-06-25 00:00:00
a1a050fa8f13181f869673b817ba74dc,b4541b36b7f3c92eb43d7d5513620944,delivered,2018-02-09 08:25:41,2018-02-09 08:49:05,2018-02-09 18:42:04,2018-02-14 16:52:14,2018-02-23 00:00:00
35ebb30703c580bffd812a097d59945b,8408e681a402ac6ec22c05ec6ca386f6,delivered,2017-06-04 21:52:01,2017-06-04 22:02:26,2017-06-05 14:13:59,2017-06-26 14:27:57,2017-06-28 00:00:00
eaba8cf4dd6f90ba47035084624f5da0,31f1355f8fb5f71f4a9526d0fbdc69a8,delivered,2018-02-04 18:13:05,2018-02-04 18:29:44,2018-02-06 20:59:00,2018-02-14 16:23:39,2018-03-02 00:00:00
f57f7dbab452c458aa02f002370f6501,089db23fc85c2ac8679643bdff1f7654,delivered,2017-10-06 12:54:34,2017-10-08 07:35:38,2017-10-09 21:43:31,2017-10-11 23:51:35,2017-10-30 00:00:00
fe1a4e86595ca403c258c586e8fd99c4,e05fe625a8717639ef689568e9971a36,delivered,2018-08-17 01:04:15,2018-08-18 18:55:10,2018-08-21 15:30:00,2018-08-27 20:05:31,2018-08-31 00:00:00
615774e695ab140dcb5e1c0aeb15b9cc,f8260ac0cb6df254a4c7ec7dd62a3aaa,delivered,2018-02-26 09:32:34,2018-02-26 09:50:13,2018-03-09 22:21:16,2018-03-16 14:41:05,2018-03-28 00:00:00
d800296ed7f572eaa43c580857d3674d,71b06680c1a73b4477a3a43863284cb5,delivered,2017-10-06 17:32:43,2017-10-06 17:49:16,2017-10-23 18:21:31,2017-11-03 12:48:07,2017-11-07 00:00:00
21c03a286e71d3afc682942e4c8eb2bf,4c188e7804452934753b45b54f5d2bb0,delivered,2018-01-06 12:38:44,2018-01-06 12:47:22,2018-01-09 22:10:41,2018-01-22 23:09:03,2018-02-06 00:00:00
28ec57c2ba11d394a43df3a4846055b6,4d49b718c66c129a5c769fcf693a9509,delivered,2017-07-05 21:30:56,2017-07-06 16:55:23,2017-07-07 18:42:24,2017-07-17 20:44:06,2017-07-27 00:00:00
cd0a8ee2798421842887f1233ecfe6ca,e4c3544a0f9071ef6f98c367d2e9e155,delivered,2017-12-04 21:44:30,2017-12-05 08:41:20,2017-12-11 20:04:14,2017-12-20 20:18:12,2017-12-27 00:00:00
7feb0201e5b3afef04792d32b483cc17,1ee4ffefe39f642db2fc25a2095b598a,delivered,2017-09-28 14:14:37,2017-09-28 14:28:20,2017-09-29 17:19:02,2017-10-23 16:32:37,2017-10-25 00:00:00
8892506050e280253a0a9616a313731a,505d085a8a78a493b0b1fd4a95d43fd1,delivered,2018-06-09 17:56:49,2018-06-09 18:19:03,2018-06-11 15:47:00,2018-06-26 22:21:41,2018-07-20 00:00:00
cd992cc5337c4438ddb8858f4cb7dc50,79e127d6aaa58c519d5282a80e43a84c,delivered,2017-06-16 17:30:04,2017-06-16 17:45:11,2017-06-19 15:07:51,2017-06-27 18:23:41,2017-07-11 00:00:00
f16ffb0adaf293c11fafb51770e1202f,bc7adb2652f930cc308c2f92f59d6894,delivered,2017-07-08 13:17:04,2017-07-08 13:30:16,2017-07-14 19:36:54,2017-07-28 19:22:11,2017-08-01 00:00:00
714116faf20798923fc240671c0032a9,383f73c1e337479527aee5263f415639,delivered,2017-11-21 11:57:16,2017-11-21 12:31:32,2017-11-22 22:31:48,2017-12-07 01:17:01,2017-12-15 00:00:00
95dda89c1cb224cddb6c5e1d81d4666c,b34d56bfad36d98cb3defe73359c7dea,delivered,2018-08-05 18:31:30,2018-08-05 18:45:10,2018-08-06 17:19:00,2018-08-15 19:08:33,2018-08-28 00:00:00
040a4487d2c737f11caa0eafc5ba5cf5,fd44d124e2a3efe1398e5b4919b17413,delivered,2018-04-26 09:03:32,2018-04-26 09:15:11,2018-04-26 13:00:00,2018-05-03 16:58:43,2018-05-30 00:00:00
a275bfdfd07b6503afeea57892d3976f,df2554dfedbe850dff2ae6c179fb21b2,delivered,2018-08-11 19:54:45,2018-08-12 19:50:08,2018-08-14 07:18:00,2018-08-20 19:51:52,2018-08-24 00:00:00
878d8b6c3b9905f2eb5fe9d390c4c7db,2a9fdcc4458df62d3e9fb21f7d3d9fb8,delivered,2018-01-28 00:12:00,2018-01-30 04:31:07,2018-02-05 19:48:59,2018-03-02 17:41:52,2018-02-22 00:00:00
b5c409747f27801a2ef067fb50f8781a,a57399a75da30c725ae8f356c78f50e6,shipped,2018-03-01 18:19:28,2018-03-03 02:51:14,2018-03-09 15:38:34,,2018-04-17 00:00:00
bc6e9624c0238056251784cf956cd10d,622ecbc498c1acdcbdfb4411b78c6315,delivered,2018-06-25 11:51:15,2018-06-25 12:13:33,2018-06-25 15:14:00,2018-06-30 10:55:51,2018-07-20 00:00:00
a79789405ef383b5e12d9f6f6979c793,490751997b36502ff05189bdefa093f2,delivered,2018-04-18 00:27:01,2018-04-18 00:35:41,2018-04-19 00:03:32,2018-04-26 22:33:07,2018-05-23 00:00:00
711b60257ae1101653980689f190b6fe,ce187102c45754efa0d436f8157f01c7,delivered,2018-05-11 12:58:20,2018-05-15 05:14:48,2018-05-15 10:48:00,2018-06-06 19:56:54,2018-06-11 00:00:00
a515e33fab03f40fa9ceade70d3fd725,d61a3eb5ccd2513f6042d80147dba852,delivered,2018-01-22 18:17:58,2018-01-22 18:33:55,2018-01-23 21:07:00,2018-01-25 23:36:57,2018-02-06 00:00:00
ea012d24e4317506128e0c9e78719e64,e4e44118dd638a5cae0151e1831b14c4,delivered,2017-05-14 18:15:54,2017-05-14 18:30:12,2017-05-15 08:13:38,2017-05-23 14:22:05,2017-05-31 00:00:00
b646f4623174f3e9187b98335f3ff218,680471420f1895e5ecb013af27fbd82d,delivered,2017-10-12 20:46:42,2017-10-12 20:56:25,2017-10-13 21:33:41,2017-10-18 15:11:59,2017-10-31 00:00:00
bd841dd9066badb2ee3dcf7dd6516523,7e2d670de215687b4602706b25db1ce0,delivered,2018-07-27 14:16:43,2018-07-27 14:30:17,2018-07-30 15:34:00,2018-08-02 21:43:00,2018-08-20 00:00:00
eff6ddd66d634e3d04a7e43f0b064562,c025cbb5af87157b95b10ca2d57978d3,delivered,2018-08-22 11:13:09,2018-08-22 12:00:05,2018-08-22 14:12:00,2018-08-28 12:08:46,2018-09-14 00:00:00
79d749678534d9a06ffda62f1bf68962,6a54eb959342f4cbfa495f36e66980c5,delivered,2018-01-11 11:40:54,2018-01-12 02:35:43,2018-01-16 14:25:17,2018-01-18 21:33:46,2018-01-29 00:00:00
13f747cacb95a747110cbb87bc2c75ce,9fd88b5e868210b0e4a9fed9889ea944,delivered,2017-12-13 14:31:01,2017-12-13 14:56:42,2017-12-21 20:37:05,2018-01-04 18:23:25,2018-01-16 00:00:00
475884ab4a0fd44c36d533ce24ba64c7,556228709c357078e1b42f98e97fdd70,delivered,2018-07-30 18:03:39,2018-07-30 19:32:20,2018-08-01 15:24:00,2018-08-02 22:21:14,2018-08-03 00:00:00
635a1975ea58a2c4bf38ed733d7c9339,ec45a475aab53b94988fa324117b87bf,delivered,2018-05-09 22:55:03,2018-05-09 23:12:41,2018-05-16 13:01:00,2018-05-23 22:32:44,2018-06-25 00:00:00
1e2b94b476c8738fbc5aed69524f2da4,15377ad18854e02069af4900c8e4039f,delivered,2017-08-07 13:02:20,2017-08-07 13:15:20,2017-08-10 17:07:46,2017-08-24 21:33:36,2017-08-31 00:00:00
c217421618d61140952073ad3800f7ff,39317384036c62ecfeda841cacc9b2d5,shipped,2018-03-30 12:53:07,2018-03-30 13:10:11,2018-04-03 10:55:20,,2018-04-18 00:00:00
780501d599a0f944ab933f5609e358f7,eeeade8c6866086b08489b9258c9c0cf,delivered,2017-07-29 13:07:03,2017-07-29 13:23:23,2017-08-03 20:04:07,2017-08-04 18:17:29,2017-08-15 00:00:00
d75463c2698dfcc155426c1a926ccd10,2ee3fe050533dc6bbf33b127a9fdf02b,delivered,2018-02-12 18:27:02,2018-02-12 18:35:31,2018-02-14 21:13:15,2018-03-01 17:47:04,2018-03-09 00:00:00
527ef7d428c7f5edbd92451ba0b7ce70,ef17f9a2e7925f62d5db83763b2aa4c7,delivered,2017-06-07 16:38:50,2017-06-07 16:50:17,2017-06-08 15:29:01,2017-06-19 16:29:40,2017-07-04 00:00:00
0f9ea2184ab597f17a8705fc0bb1c9e4,d842ee6da87b7cd3d372271a421d5327,delivered,2017-03-23 08:15:57,2017-03-23 08:15:57,2017-03-27 13:52:54,2017-04-04 16:27:03,2017-04-20 00:00:00
342dfdaa2bf160f340fa0e54781e5b09,b6cd2f3aa040216ee50c6d1347aff1a5,delivered,2017-11-11 16:01:34,2017-11-11 16:15:30,2017-11-17 01:14:55,2017-11-25 00:07:49,2017-12-11 00:00:00
e2329b38dc9971f2fb0f8247bbb641c2,241efe04479ae6de04a7f69b67fa3c2b,delivered,2017-11-19 11:15:14,2017-11-20 11:27:16,2017-11-20 19:18:31,2017-12-21 15:55:03,2017-12-15 00:00:00
56744b8c0cf4b18e09df60005c231054,af74cd9ba561832624ba990223437f73,delivered,2017-09-18 12:24:10,2017-09-18 12:36:32,2017-09-19 20:54:00,2017-09-27 16:59:58,2017-10-05 00:00:00
c7de1681596c4080bdf5c00d84500c1a,648598335759ebbcc21eeef997db189b,delivered,2017-09-07 13:27:38,2017-09-07 13:43:48,2017-09-12 15:18:42,2017-09-19 16:36:55,2017-10-03 00:00:00
6aaf58e2b4c083892595ecc48bc2f404,d4773c8601eddd45219933ac3492605d,delivered,2017-08-12 08:58:19,2017-08-16 11:04:34,2017-08-21 21:12:53,2017-08-22 21:02:57,2017-09-01 00:00:00
fb244f5888763d8429a89b3438d70295,fabefdcffb5a0ee7e20d81f3e24785e9,delivered,2018-03-09 21:23:31,2018-03-09 23:00:34,2018-03-12 23:13:40,2018-03-17 17:18:58,2018-04-02 00:00:00
0eef863b28bcb921049770353295046f,113e7dd1a806e5d38d1ff73a2ba99f21,delivered,2018-02-21 00:45:53,2018-02-22 02:30:42,2018-02-26 12:23:39,2018-03-08 20:06:37,2018-03-16 00:00:00
dee4a8731622b04d4fe7fcb6ae45647b,e267e6af42a8008ec45ab9b187e5d364,delivered,2017-10-25 09:51:37,2017-10-26 03:08:42,2017-10-27 14:43:42,2017-11-03 20:23:55,2017-11-17 00:00:00
3c5c6fad12cccea3829606ddd4c3b7a0,1c583bfe596440a9292e2733a2cfe1c8,delivered,2018-05-20 18:02:48,2018-05-20 18:30:01,2018-05-22 13:43:00,2018-06-05 17:28:39,2018-06-25 00:00:00
bd80c61aa79867f184f4b01d69b6c03c,c4ea73d6d19fee5568c98ff9ac70ee14,delivered,2018-08-03 22:20:39,2018-08-03 22:30:14,2018-08-06 15:30:00,2018-08-08 13:22:14,2018-08-14 00:00:00
2261b9c8d492c061b64df8558ae4543f,a65a0bec248c17046a1e9ebfd669505a,delivered,2017-09-17 16:05:06,2017-09-17 16:23:37,2017-09-18 14:48:11,2017-10-02 11:12:23,2017-10-04 00:00:00
934f5cbffbb010f2c0b4a1663d2c14fd,0111774394b7b2cd9651eedc6c791bd2,delivered,2017-07-29 19:21:08,2017-07-29 19:35:12,2017-07-31 15:53:31,2017-08-10 13:53:29,2017-08-24 00:00:00
a6717f2cd428dfe26525facd5fada0ad,03915163a75b2905841984b17a5d949a,delivered,2018-02-25 11:00:18,2018-02-25 11:10:34,2018-02-27 14:33:50,2018-03-29 19:06:43,2018-03-23 00:00:00
1e9bd9ae38546f4795c8040128563f0f,2398147ec107d211baef2c063531cc64,delivered,2018-02-03 10:12:05,2018-02-04 18:29:44,2018-02-08 21:23:17,2018-02-21 22:45:13,2018-03-01 00:00:00
2ab55ce9d54cd19626cf1540d2e6cadb,dede148f17af49188c0b9b70e3fa7f69,delivered,2018-05-14 20:24:55,2018-05-14 20:37:58,2018-05-17 14:46:00,2018-05-18 21:03:55,2018-05-23 00:00:00
df03ec17d2389e8420325c36d385dd90,a1e6bf64dfa9387e0f94692997304b4b,delivered,2017-03-27 10:29:11,2017-03-27 10:42:26,2017-03-28 14:53:23,2017-05-02 17:51:28,2017-05-09 00:00:00
8edea5ffb8590a3d80178d4c04728115,70ce00d5265b632d92312d46d2e1fa86,delivered,2018-05-22 21:06:32,2018-05-22 21:18:33,2018-05-24 14:07:00,2018-05-28 19:12:57,2018-06-07 00:00:00
cb6d51404fcdab7e80ad648d73edf4c9,17d0599bc28d43c850c9d2ac86db9b67,delivered,2018-07-08 22:50:20,2018-07-11 03:55:17,2018-07-11 19:02:00,2018-07-12 23:12:07,2018-07-19 00:00:00
70ad6ae02662d3ca73fa87d6985a4f65,e46e9c85007da5c4a92446fac56d0588,delivered,2018-08-09 14:42:17,2018-08-10 14:35:18,2018-08-13 09:01:00,2018-08-16 12:28:31,2018-08-16 00:00:00
878b2a770609b162f9911360c7da7bd7,2c4c488a9712b143d5c1aaa67837fae6,delivered,2017-12-12 10:36:30,2017-12-12 11:20:50,2017-12-18 21:09:08,2017-12-21 21:16:55,2018-01-05 00:00:00
c58376e6393aab97f2ce125e6628b6de,4a8507b30ffceff66e4942af64465ad8,delivered,2018-04-23 19:54:45,2018-04-24 17:28:38,2018-05-02 14:39:00,2018-05-04 17:27:35,2018-05-09 00:00:00
5736fad1e7ba84e0bab487006ce68cef,903b26512e5e310f0fbf76d8739178a7,delivered,2017-06-21 16:41:10,2017-06-22 02:45:18,2017-06-28 17:17:37,2017-06-29 12:43:45,2017-07-04 00:00:00
a16ba3cb9eadcd233262e7dcabd63592,9ab27e3a4cbde82e8cdd26f70a82cf07,delivered,2018-01-24 15:54:37,2018-01-24 16:14:17,2018-01-25 15:26:29,2018-01-31 11:41:36,2018-02-16 00:00:00
74f5cfdfc86cca4b0ca48d0c310bc6ed,19085e50c6f3874a0ae2586e3dab6404,delivered,2017-10-22 10:52:38,2017-10-22 11:07:29,2017-10-24 15:53:49,2017-10-30 18:39:01,2017-11-09 00:00:00
dcf6157fe1c8921c1cedcc687593d877,92b0ce6b186446ff52ae03a32562ef3b,delivered,2017-09-08 16:33:39,2017-09-08 16:45:34,2017-09-11 22:32:59,2017-09-12 19:31:12,2017-09-20 00:00:00
165f98649abb9970c125205f5f0d8b60,4b58b5f3a6a915d6a5aa8766edf6700d,delivered,2017-12-09 12:05:53,2017-12-09 13:11:50,2017-12-13 01:47:33,2018-01-03 22:09:33,2018-01-05 00:00:00
3a7d30daaa31a87149374d946dc745e8,330d2c8a165f61afe913931042f2ac9e,delivered,2017-07-14 19:10:55,2017-07-14 19:24:43,2017-07-18 20:33:28,2017-07-22 11:53:53,2017-08-03 00:00:00
f864cbdd90b9140661a4c7e3807a86fc,c4fba31383a2c819c9f57410376c9718,delivered,2017-09-27 19:14:28,2017-09-27 19:28:21,2017-10-04 09:35:11,2017-10-25 18:28:23,2017-10-30 00:00:00
f75e6a734202bffa09de11b88087fc9c,e9aea06ea89f977a316cdc731e0ab7db,delivered,2017-11-24 14:47:29,2017-11-24 16:54:06,2017-11-27 20:56:58,2017-12-14 18:51:54,2017-12-20 00:00:00
433733f5c06699277a75a74d7d112304,00c6436d2afd5923cba3f19f9542b140,delivered,2018-03-23 13:57:08,2018-03-23 14:15:32,2018-03-30 00:16:21,2018-04-13 20:07:44,2018-04-25 00:00:00
e2ea04401857fff26dea0694a4d1bb99,64932044c77e072f5a6d118f05f254eb,delivered,2017-12-21 12:05:52,2017-12-21 12:16:24,2017-12-22 20:08:06,2018-01-03 23:48:33,2018-01-24 00:00:00
147941b96e61a2e7c02be8bf27b4cca1,e02fa85f41de6f8e420b317a7e3444a4,delivered,2018-05-30 07:58:30,2018-06-02 03:35:14,2018-06-04 15:12:00,2018-06-20 18:57:24,2018-07-05 00:00:00
67df019d84e04f3b626f8ede2dce4517,ab5c2303fc45a52d03d5bb515e446980,delivered,2018-06-24 12:15:38,2018-06-26 05:15:22,2018-06-26 09:53:00,2018-08-20 18:34:54,2018-07-23 00:00:00
367464e5d1a4656c498410bf2523ed78,cfd5ae001c1dac2b16c1026386a799e5,delivered,2017-10-10 14:35:07,2017-10-10 15:50:45,2017-10-11 21:14:37,2017-10-16 20:35:42,2017-11-06 00:00:00
b212ae280f3fe00945dce73c3e0bc817,0e4d93a7bc37485502f6d38a20ff2b24,delivered,2018-02-22 06:25:07,2018-02-23 02:40:20,2018-02-23 23:52:37,2018-03-07 18:41:35,2018-03-22 00:00:00
8850e4e99e29fa1d0b624e3539bb30ef,8e73500c17baa8ea729e881449f40022,delivered,2018-06-11 19:41:42,2018-06-11 20:06:20,2018-06-12 15:01:00,2018-06-13 18:42:03,2018-06-25 00:00:00
82ebb82b2077623b139a35ccf82b3daf,636b1b445ed167af1c7d59382f7f37dd,delivered,2018-01-11 16:52:13,2018-01-11 17:08:22,2018-01-17 18:04:21,2018-01-24 18:42:20,2018-02-02 00:00:00
b324f4270850cbba23533b9a9d3434a9,e9ca879579f4bf6379cc71a0f0d10c2f,delivered,2018-04-01 02:36:48,2018-04-01 03:27:28,2018-04-02 19:05:35,2018-04-03 21:38:39,2018-04-12 00:00:00
6055deb46d2d0a116e20655c435797e3,3bd7644308c830aa185f06e30c03a4f1,delivered,2017-07-30 19:38:19,2017-07-30 19:50:08,2017-07-31 20:17:47,2017-08-07 21:33:21,2017-08-22 00:00:00
a3309e7ee5cbc991563c83bc0c41d694,a69d0bacb0c135ea37032600687cd693,delivered,2018-05-16 15:07:42,2018-05-17 03:16:16,2018-05-17 12:55:00,2018-06-07 16:36:35,2018-06-19 00:00:00
c05223a5f3e8d1dac89df5bfdcb58661,b078a7c9a43c06c915270648b718d931,delivered,2018-03-01 16:27:00,2018-03-03 02:50:46,2018-03-05 23:26:54,2018-03-08 20:52:26,2018-03-22 00:00:00
79a29a6cac0403ad0d0b5390f5bbf1fa,263f08928d545639dfa5d97cf715eee1,delivered,2018-08-01 16:12:26,2018-08-01 17:15:18,2018-08-06 12:24:00,2018-08-10 01:22:47,2018-08-09 00:00:00
c92ecf9767da32336098465a0c84e432,7f9f5ba7bef25b89818d07e53dfca81b,delivered,2018-03-11 10:38:16,2018-03-11 10:55:49,2018-03-31 13:18:30,2018-04-07 17:28:50,2018-04-13 00:00:00
b53317a5c07b958061cc1dbfd4ced1ca,b7d2ce825ff425624f29b5ebf2608f26,delivered,2017-02-22 22:45:54,2017-02-22 22:55:18,2017-02-23 12:18:31,2017-03-13 12:15:24,2017-03-31 00:00:00
ca46dc3fa4fe36c0a82c9e69bcb94fb6,3403d734bd655535fa240066328de632,delivered,2018-05-10 20:00:57,2018-05-12 02:53:33,2018-05-17 14:44:00,2018-06-06 23:27:39,2018-06-05 00:00:00
ef91935d3286023b33bb5020a3b26998,715a7d2f8745721962ab6242b4ca154d,delivered,2018-07-18 09:43:37,2018-07-18 09:55:20,2018-07-19 11:29:00,2018-07-24 15:11:44,2018-08-08 00:00:00
fb33708d8796557a556cf63313d6cca6,512f9af95a8df8484e0afac3724514db,delivered,2018-02-25 17:33:18,2018-02-25 18:27:09,2018-02-27 23:32:36,2018-03-06 18:13:06,2018-03-20 00:00:00
c20c39bdb12b843034d5b268c984c02a,739c361ba4ff3d82444ffcc3ca4a40a0,shipped,2018-04-18 23:42:06,2018-04-18 23:55:14,2018-04-23 21:03:42,,2018-05-14 00:00:00
bda890cf0f7976e4e2af17ed814336fc,16d9cb890555d7e601cde2f42fb31ede,delivered,2017-06-07 01:11:20,2017-06-07 01:42:16,2017-06-08 13:35:16,2017-06-14 10:50:07,2017-06-21 00:00:00
c3cc4bb65cb5500dceaf8b5f9938c90a,bb268f0276388be02ca21b08e338dc3a,delivered,2018-04-15 10:34:44,2018-04-15 10:51:22,2018-04-16 17:21:47,2018-04-20 18:49:34,2018-05-15 00:00:00
c577aae17cbefe7f45972f2b2f06a760,b40e9509ac043645de6ac145ce787a3f,delivered,2017-07-09 11:27:14,2017-07-09 11:43:23,2017-07-10 20:37:55,2017-07-13 21:17:52,2017-08-01 00:00:00
26e0070f204a2cc8cae3504b038a0dfe,62d68fcfc1bfc0ece5098759a098a203,delivered,2018-07-07 18:42:58,2018-07-07 18:55:10,2018-07-12 15:57:00,2018-07-21 13:18:40,2018-08-07 00:00:00
129c58b77c85a73933e98de57c705559,410863627bc1b59338692229885e3542,delivered,2017-11-08 18:19:54,2017-11-08 18:35:56,2017-11-09 11:21:39,2017-11-14 18:33:25,2017-12-04 00:00:00
e9b5a2375e8f252aaba047d5d20e4f84,ed60082a254eb599f63bdfaceed3b9ac,delivered,2018-07-22 16:55:39,2018-07-23 12:31:38,2018-07-23 10:15:00,2018-07-24 19:02:38,2018-07-31 00:00:00
55f4a795aff551817b34f6ec2907f8bc,1c6ac3ff406667fe162e1f060c271b44,delivered,2017-12-26 15:38:02,2017-12-26 15:50:27,2017-12-27 19:54:45,2018-02-04 15:33:22,2018-01-22 00:00:00
76b02601a5660a4df61f8e6fe9b95b57,f3e6f4554f85150b53702d3120fdd274,delivered,2017-05-04 14:35:26,2017-05-04 14:50:18,2017-05-05 13:00:15,2017-05-10 14:30:14,2017-05-26 00:00:00
95805218cf245076d9ab20d75d1758c7,00f83de98e791c2a4b779f7e61a4cf28,shipped,2017-04-03 03:01:46,2017-04-03 03:10:07,2017-04-06 14:00:15,,2017-05-03 00:00:00
6a8e811c00442dbe2725f7a4edefd6c9,6fa21f92af0ee009b8df6c402addf7e7,delivered,2018-03-29 21:24:42,2018-03-29 21:35:19,2018-04-02 19:24:31,2018-05-11 23:27:32,2018-05-02 00:00:00
0fb96d30f2a1a1c89f5795583387d89c,b983824b3480c61718c5664ebdcdf20e,delivered,2018-01-23 16:34:31,2018-01-25 02:38:12,2018-01-30 15:38:05,2018-02-21 01:22:24,2018-02-15 00:00:00
ed015bb6d682598924fe6583022668c0,3f5c18c23d2cbf5c0df4d6f8b4f03516,delivered,2018-01-14 18:36:07,2018-01-14 18:49:23,2018-01-17 13:24:44,2018-01-19 00:46:34,2018-02-01 00:00:00
9e76ee631c399b238d8407c2f437613d,1b5b4fbe07dcd9bacf4d004d8a62c555,delivered,2018-07-25 19:02:59,2018-07-25 19:40:08,2018-07-26 10:00:00,2018-07-30 21:20:05,2018-08-08 00:00:00
52a9379019132afc103b9249b85ae705,b0ec31ceff599306883ff91086ccc676,delivered,2017-07-10 13:33:18,2017-07-10 13:45:10,2017-07-12 17:07:39,2017-07-14 19:51:59,2017-07-27 00:00:00
6e8a97f227260b48b2c8e8eacc87d2fb,b4d3dc12a78eb43f35d7722b699f08b4,delivered,2017-11-21 19:39:55,2017-11-21 19:52:20,2017-11-24 20:48:38,2017-11-27 16:42:06,2017-12-01 00:00:00
67f2267a555a1794c011883d8fd86430,655cbe6a7b399bcdd1b055c1eaa48e7e,delivered,2018-03-03 23:14:57,2018-03-04 00:00:26,2018-03-07 01:04:36,2018-03-14 20:36:59,2018-03-21 00:00:00
f7a8ec3f633e448f2e6a8e76622eeb9f,34a79f5a6da69d0473adf86a8a622f56,delivered,2018-08-14 11:22:55,2018-08-14 11:44:12,2018-08-14 15:02:00,2018-08-27 16:14:34,2018-09-06 00:00:00
9321040d6f0176fc3327a596dd023d6e,5b7cbb84e59c351123b7d55e64260c61,delivered,2018-08-04 18:32:20,2018-08-04 18:45:14,2018-08-06 11:07:00,2018-08-09 20:34:33,2018-08-17 00:00:00
78cb812cde46e3e06e94affd5ea47012,fde3c24d146f729176c1311e953c9c0d,delivered,2017-05-06 13:08:14,2017-05-06 13:22:12,2017-05-09 07:27:58,2017-05-10 09:05:46,2017-05-29 00:00:00
a7e225997eea4fd0df0db35b52bd9d0e,70a1077e0c545d3c5a7321f7e047a935,unavailable,2017-12-02 03:21:27,2017-12-05 04:12:23,,,2018-01-04 00:00:00
07f593272eee0c411250e23e84846787,5f1d80961e9cfde25d058cb035671c1d,delivered,2017-11-14 13:58:30,2017-11-14 14:10:36,2017-11-20 22:13:29,2017-12-11 14:42:03,2017-12-08 00:00:00
8a9a62b38ed8da3c86f13cde8cd3743b,fed31fcc728474d8a9949d0bf1f47fe6,delivered,2017-04-27 10:25:40,2017-04-27 10:35:11,2017-04-28 09:12:58,2017-05-09 10:41:28,2017-06-08 00:00:00
52888b8403ad3056c4f04bd686f5bd61,8b400d3e0c0f19423acac0cf5b58bc1a,delivered,2017-07-23 12:08:53,2017-07-24 10:05:54,2017-08-01 21:05:24,2017-08-07 15:43:27,2017-08-17 00:00:00
ed81c7d735a856f576d22a5b9717b5c2,9622408881257d7bc971204233cef21a,delivered,2017-02-21 12:08:09,2017-02-21 12:32:20,2017-02-23 18:27:47,2017-03-03 10:24:02,2017-03-22 00:00:00
c02f5eada28376633fcc3dd13a9052b7,4dd5504d13db4c6069da026882cb8392,delivered,2018-04-12 08:55:40,2018-04-13 12:34:05,2018-04-13 22:51:12,2018-04-17 20:14:23,2018-04-30 00:00:00
0e0d0113e6a6e1dee034ffae4c3fd225,62822a707dcdd344bde99a17de154224,delivered,2017-03-26 21:25:47,2017-03-26 21:35:18,2017-03-27 14:14:26,2017-04-03 11:47:56,2017-04-18 00:00:00
caf26e032103cc33e3dfe2465af487cd,4f7f62783e96305f1b820feec78c33d9,delivered,2018-07-20 13:16:32,2018-07-20 13:25:14,2018-07-20 14:25:00,2018-07-25 19:32:10,2018-08-14 00:00:00
62516b70ac5eb69d6be50d3dc3fde262,935eec8cdbe14580cc3f02f7098b7f87,delivered,2018-07-30 14:09:46,2018-07-30 14:44:34,2018-07-31 11:39:00,2018-08-06 20:46:44,2018-08-15 00:00:00
72e2822ce1ab08200b6cedc228c2e4d0,40233428ba317c28cecba43555c048ac,delivered,2018-01-15 20:23:43,2018-01-15 20:35:22,2018-01-18 18:39:50,2018-01-22 13:39:00,2018-02-05 00:00:00
19135c945c554eebfd7576c733d5ebdd,1c7a9b908094192a2dfae2819eef249d,delivered,2017-07-11 14:09:37,2017-07-12 02:10:28,2017-07-12 18:24:53,2017-08-16 20:19:32,2017-08-14 00:00:00
6f80246f2e578e9b708e86681688d732,b82803d4b71a0f340486f85bbab4055a,delivered,2017-06-19 12:36:11,2017-06-20 12:55:26,2017-06-20 14:43:41,2017-06-28 10:32:21,2017-07-31 00:00:00
4b38f9d30c069b6ec0c1da7d03c0ea21,e1b1c628b4250d2b1d60bbd1dfd69d40,delivered,2018-04-23 15:05:11,2018-04-24 19:03:58,2018-04-24 17:04:21,2018-04-27 18:28:46,2018-05-16 00:00:00
41367bf2808c24ee8be2b9709f5a3845,bcaebf0ddb4ea20efd910e6e0d90ca99,delivered,2017-12-21 11:47:07,2017-12-21 11:58:24,2017-12-22 21:08:56,2017-12-26 17:06:21,2018-01-10 00:00:00
d482acd4158f2e1d5934bfb325a03c11,33d810db5d74c5fa123dad0e11475ec7,delivered,2018-07-29 21:37:44,2018-07-30 18:31:29,2018-08-03 14:15:00,2018-08-07 17:38:28,2018-08-21 00:00:00
2094b975f1178cef2cf51c4e73ff0e94,b02b96a13a1933796f5aafbe5a477e1b,delivered,2017-10-12 19:21:23,2017-10-12 20:28:13,2017-10-13 16:20:37,2017-10-24 17:12:32,2017-11-09 00:00:00
4dcff73972e49b77fcb010749fb5433e,3206488134a279bf34e2c028b1e2156b,delivered,2018-02-04 14:53:15,2018-02-04 15:10:27,2018-02-19 16:58:49,2018-03-19 19:52:43,2018-03-16 00:00:00
d2d302e80c71e324aa235aa223f6c220,1862d62241f706107f4d52c781e2f79f,delivered,2018-05-13 09:53:03,2018-05-13 10:13:00,2018-05-16 08:54:00,2018-05-18 22:46:45,2018-05-30 00:00:00
a3a21bf31419dac8b9a6c1aca8964816,2a24c9f16ef70dc2ccfe21c729df295d,delivered,2017-06-11 16:57:39,2017-06-11 17:10:17,2017-06-13 12:24:28,2017-06-19 20:42:03,2017-07-03 00:00:00
00ef7ed06a55243f3e6a9d373a89eb14,30c93f8296b9a02c0eec5de60b94f98c,delivered,2018-01-12 16:43:52,2018-01-13 17:31:10,2018-01-15 19:23:20,2018-02-15 19:33:02,2018-03-05 00:00:00
1b8229f528e0e8f6366e483d7407932c,273bbe8240b04a70fa15aff0ef22fd50,delivered,2018-04-25 20:25:07,2018-04-25 20:35:27,2018-04-26 13:10:00,2018-05-24 17:51:11,2018-05-21 00:00:00
a8cb0d4e1f45d87965b1aaa5710c2461,06756bf2bced196e9d58fbe46a40d3ed,delivered,2017-10-14 22:40:59,2017-10-14 22:56:15,2017-10-17 17:47:32,2017-11-03 23:07:38,2017-11-10 00:00:00
75156818c2863d3be5ab7b08e728e43d,e9afccc4354fdd292f52b6d7eb98306f,delivered,2017-07-17 13:54:27,2017-07-17 14:05:42,2017-07-19 12:39:39,2017-07-28 19:52:42,2017-08-10 00:00:00
1404879b6eab59758d3d92fc8f504f98,fdbed455fe5a8f3029c4b4bfe8ad5500,delivered,2018-05-08 21:07:09,2018-05-09 03:11:43,2018-05-09 14:21:00,2018-05-16 21:42:09,2018-05-25 00:00:00
a40874087359fab9b2c8a3aef56a97ad,fe7a382e927d463140a35b00a4ee7c70,delivered,2018-06-14 17:31:48,2018-06-14 18:18:35,2018-06-15 14:52:00,2018-06-21 12:18:41,2018-07-04 00:00:00
ccbf44556216d2ad81b039514a0d8877,46a3a937b2edffe17393b408e1c8c96d,delivered,2018-08-07 09:26:26,2018-08-07 09:44:55,2018-08-10 14:46:00,2018-08-15 00:37:33,2018-08-31 00:00:00
cf6264c37c96bc0cf63ebd0f9fba45da,4577f6d82b9291135c729578c39029bb,delivered,2017-02-12 14:42:48,2017-02-13 14:45:20,2017-02-17 07:43:46,2017-02-22 16:39:55,2017-03-14 00:00:00
94eb86ebbf4bb41bd02ea3035a2a39cb,539367c2ca3545d7e1293d04b3b25296,delivered,2017-08-14 08:06:43,2017-08-16 03:15:43,2017-08-16 17:25:48,2017-08-22 19:34:29,2017-09-05 00:00:00
486bce96008cea9cb14d0593189961da,58304aef21701bf4312b0e0c34a03906,delivered,2018-01-16 22:11:14,2018-01-17 09:31:18,2018-01-18 20:38:04,2018-01-29 16:19:42,2018-02-07 00:00:00
291581a794f0e6ee707314d0a2cbc1c7,b7a967989bdb842c391631e30df67e47,delivered,2018-08-10 08:31:16,2018-08-14 04:30:24,2018-08-14 13:58:00,2018-08-22 23:51:10,2018-08-22 00:00:00
18764fc087692375474d650fd8eda879,b64b2b539c8cbf519fd5f950941981cc,delivered,2017-10-13 20:05:48,2017-10-14 03:36:33,2017-10-17 13:43:30,2017-10-30 19:03:42,2017-11-10 00:00:00
ece7d8cc8bbc318394b23ef60d9e3c10,707cb1c27f146ec76c4443c00accc311,delivered,2018-08-09 16:49:55,2018-08-09 17:45:18,2018-08-13 09:20:00,2018-08-21 11:18:41,2018-08-30 00:00:00
ba4ca9935a3de9d4a25569f1ff9368e9,4216c98d4881970e5ec5bfe71af61e68,delivered,2018-08-14 14:43:32,2018-08-15 03:25:18,2018-08-16 13:51:00,2018-08-21 13:38:43,2018-08-24 00:00:00
982c69cfc82e759e726e6e7a9901929a,0e2f340f632d6786b3652a3e4c175c56,delivered,2018-08-21 19:23:38,2018-08-23 02:35:50,2018-08-23 13:13:00,2018-08-27 19:51:58,2018-09-10 00:00:00
2b4c32b76a976360b6260712b8765761,af2ebf45ca15974743afa1cc244c3c56,delivered,2017-05-12 18:22:17,2017-05-12 19:32:31,2017-05-17 08:43:40,2017-05-22 09:26:48,2017-06-01 00:00:00
ef45e94e3fd0e4276180fe6758662994,7e8eda4c9142e93ccc61870aa9034af9,delivered,2017-04-23 22:08:43,2017-04-23 22:25:14,2017-04-26 14:20:41,2017-05-01 09:57:26,2017-05-18 00:00:00
4d8011977de9e1331ef6353d1ef622ef,062e9faa332ada7db93c85da078f31fc,delivered,2018-06-17 20:56:10,2018-06-17 21:14:00,2018-06-18 14:05:00,2018-07-03 18:21:44,2018-07-19 00:00:00
02d8088eb13e63f678999f21c72b0047,c0c57d5e694be4512af66525fad54068,delivered,2018-03-05 18:12:50,2018-03-05 18:31:25,2018-03-07 23:18:49,2018-03-15 01:32:15,2018-03-27 00:00:00
106f773cca522fe33c40267418112669,f9d2339edf823b102c15ac8157c30574,delivered,2018-02-02 21:32:55,2018-02-02 21:50:02,2018-02-08 22:53:18,2018-02-15 19:42:51,2018-02-26 00:00:00
85d142633f7411ccb6c6af60c196b8c5,532ffb06662d3a63de097386d409ab63,delivered,2018-07-03 13:41:36,2018-07-05 16:27:16,2018-07-04 14:30:00,2018-07-10 22:38:28,2018-07-25 00:00:00
86f338c63b1a96a85a977708315c90a0,51041da5ce8f5c2125a63d4217c2bd8e,delivered,2018-05-08 11:38:09,2018-05-08 11:50:56,2018-05-10 14:28:00,2018-06-14 17:48:41,2018-05-25 00:00:00
a9b1a16d2ca6e795f2f0eae75bf622b0,4ce103c5b582615aa11fdfa3dfa8fe65,delivered,2018-04-03 23:06:06,2018-04-05 02:10:40,2018-04-05 20:37:48,2018-04-06 19:05:34,2018-04-13 00:00:00
818877ced1be365d10d9cfcb22ad81d0,80ea58aa49a62dcb9d6c29b6ff65e158,delivered,2018-03-15 23:49:09,2018-03-16 01:55:26,2018-03-16 18:39:04,2018-03-20 01:02:43,2018-03-27 00:00:00
33c70a68187133539aee97d653537d3f,d5ac3f54ece7f036e64ff648ffa33208,delivered,2017-07-29 01:12:54,2017-07-29 01:25:12,2017-08-01 14:49:51,2017-08-02 23:11:47,2017-08-18 00:00:00
d15531850e9cc64198f8929e3e8b1a12,84b96a9448e208facb9638592523e01d,delivered,2018-01-17 11:48:20,2018-01-17 11:57:27,2018-01-17 19:51:19,2018-01-22 19:24:31,2018-02-07 00:00:00
363c9dd272c47a3ce068f09c80feb7e2,94b6b259a881420e42b9b026f9244d42,delivered,2018-02-04 14:54:53,2018-02-04 15:10:26,2018-02-05 18:57:49,2018-02-09 20:19:01,2018-03-16 00:00:00
2b2e47d32f64348664d0b1c367308a67,13734f74516626e9067903f0befacf2c,delivered,2018-02-25 21:37:21,2018-02-27 04:31:04,2018-03-01 01:08:32,2018-03-12 21:45:21,2018-03-22 00:00:00
33fb9fcb4416d2b74dc9b058f1cca8a4,c7b152edc91a8427411163780d6f27c4,delivered,2018-04-23 11:45:00,2018-04-24 19:03:39,2018-05-03 15:33:00,2018-05-04 18:02:59,2018-05-14 00:00:00
a550da40a6de10cc6478a08a9d0951d0,27f536eb4878f1cc1087155eed6bc325,delivered,2017-12-18 18:03:24,2017-12-18 19:11:21,2017-12-19 19:16:59,2018-01-03 17:28:45,2018-01-23 00:00:00
90d67ad43a6021f7a24c16ee5807f015,bbc1a821d00d020c0f1d2034be380b61,delivered,2018-05-14 00:58:58,2018-05-14 01:11:27,2018-05-16 06:34:00,2018-05-18 15:11:39,2018-05-30 00:00:00
d60af32e2107bccc3efe66e3faad59c6,2c05e0fab14a8b027ea735e5f68c753c,delivered,2018-03-15 09:49:01,2018-03-17 02:50:51,2018-03-20 01:56:34,2018-03-27 02:22:09,2018-04-17 00:00:00
a83ec352bf720dbe45b1c76eb9867ce9,ee6b56c1eb727b5a30bcfe412e398d28,delivered,2017-05-29 13:41:50,2017-05-29 13:55:11,2017-05-30 08:04:06,2017-06-10 10:18:09,2017-06-21 00:00:00
ce6ff4543efa5c36ab4ee967236674db,46b722b9131de67c3cae9b07c011588e,delivered,2017-09-06 12:33:12,2017-09-07 12:43:47,2017-09-11 20:16:38,2017-09-21 17:21:53,2017-10-05 00:00:00
c160f6700bd4211635ad29e7f0ae6626,475b253f80a34edfa6229af20a56914e,delivered,2017-07-28 23:56:31,2017-08-02 08:34:22,2017-08-04 19:42:55,2017-08-18 18:52:33,2017-08-25 00:00:00
b002cdf5888b0cb1d98500e23f77453b,fb346c3d761e9c5650bdacc89f89cf1a,delivered,2018-01-17 09:15:20,2018-01-17 10:00:36,2018-02-02 02:32:42,2018-02-18 12:28:02,2018-03-07 00:00:00
39b5bed739d65ebe973b749ac1cbea2a,bff6ec4ae440aab4b8169c34f146da73,delivered,2018-01-18 16:52:02,2018-01-20 09:09:49,2018-01-30 20:18:35,2018-02-27 22:22:17,2018-03-15 00:00:00
dfa3d848130b6aebe1af48434ed31458,5821bc4f93762314d2a2f92caa8145b1,delivered,2017-11-22 19:02:56,2017-11-22 19:13:19,2017-11-23 21:26:52,2017-11-27 18:09:36,2017-12-08 00:00:00
ea32e58b3d3a0cfce1bf8ead329aca44,90a04533004ef354603e2f9c3a7e13d4,delivered,2017-04-23 14:51:36,2017-04-23 15:05:12,2017-04-24 17:37:54,2017-05-02 17:47:47,2017-05-15 00:00:00
ffd6f08f294bfa573e0eeb88d6afb17b,8ef6dd55cbf50f4b0aac10b13beb920f,delivered,2017-11-21 13:33:24,2017-11-21 13:46:45,2017-11-24 19:54:43,2017-12-01 17:53:02,2017-12-12 00:00:00
ed6a309651e25df1caf213ebeaf1067b,4e48883d975d94cfbbffd16aadffdb46,delivered,2017-12-02 20:56:29,2017-12-04 20:51:40,2017-12-09 00:14:52,2017-12-20 19:27:21,2017-12-29 00:00:00
1feae53afbeb20695102145770b6037a,dc353d9edb5d35503fae9521399340c8,delivered,2017-12-19 18:48:27,2017-12-20 17:12:27,2017-12-21 11:03:39,2017-12-26 15:04:13,2018-01-08 00:00:00
a18250c6b3610d91743d63ac9c8a1477,7bf7647a30b5eb359fa56fa5ac136b9d,delivered,2018-02-24 21:18:34,2018-02-24 22:27:19,2018-02-26 14:18:43,2018-02-27 22:49:02,2018-03-19 00:00:00
90ae229a4addcfead792e2564554f09c,49cf243e0d353cd418ca77868e24a670,shipped,2017-09-01 12:11:23,2017-09-05 04:30:20,2017-09-08 19:42:16,,2017-10-06 00:00:00
50d4c71673a49f44db481398f72cb705,33eb32111055ee9894f0ac5cedc0a02f,delivered,2018-07-06 13:23:46,2018-07-06 13:35:14,2018-07-09 15:51:00,2018-07-11 22:42:47,2018-07-25 00:00:00
a4486566a4fefd15e310cdd38490bd05,e7a4bbfa2ae8913b2252031722480906,delivered,2018-06-23 22:21:16,2018-06-23 22:35:19,2018-06-25 16:55:00,2018-06-28 20:18:51,2018-07-23 00:00:00
3e8b39fabf5f8739a37c9b4cac46bcb6,7c4eba870a1fb7a63c11d56bddc76497,delivered,2018-04-27 23:54:06,2018-04-28 00:10:51,2018-04-30 12:19:00,2018-05-02 17:32:25,2018-05-14 00:00:00
800ebc071b1dcbab630e96af15a7a1ef,7eab558047c9de47137ad379d5daa36b,delivered,2017-05-19 21:14:49,2017-05-23 04:10:26,2017-05-23 17:44:05,2017-05-27 10:06:57,2017-06-12 00:00:00
66ad5fe73a0c03a1d689ebd75dd74ebd,a97cd8cf85518655548739df41a46d2b,delivered,2017-12-13 22:25:36,2017-12-13 22:35:30,2017-12-14 22:16:13,2018-01-15 16:35:06,2018-01-09 00:00:00
493c6e38e4bd3f2c115a1523a455c47b,46e789a3e41ef3d5a377365e5ffc11a4,delivered,2017-11-24 16:24:15,2017-11-24 20:30:54,2017-11-27 19:33:55,2017-12-06 18:43:29,2017-12-19 00:00:00
326f84ca831c054450d6e1999b80daaf,1dc39ef0968a2aa4522c242710d45c81,delivered,2018-08-24 11:54:56,2018-08-24 12:05:22,2018-08-27 15:04:00,2018-08-28 16:19:26,2018-09-05 00:00:00
6dc5773abc829c019c8912d3993bc2c9,de94f0c27ccec790de091fb1c61a374d,delivered,2017-03-04 17:54:28,2017-03-04 18:05:10,2017-03-06 13:28:27,2017-03-21 02:13:51,2017-03-31 00:00:00
d38498914fcdcab530c34c8f3dc7b5c1,0a935f8f879384605489d624e6668dac,delivered,2018-01-09 20:30:41,2018-01-10 10:32:35,2018-01-11 19:04:10,2018-01-19 23:47:23,2018-02-01 00:00:00
5c3dddb93a4f011fc1fc4e712b18eb04,e9ad9f02bdf9afbb0da8e758d94067a8,delivered,2018-04-19 23:24:33,2018-04-20 04:30:13,2018-04-23 16:52:42,2018-05-17 21:07:03,2018-06-14 00:00:00
4f7efc5c210804c2178266d4e12d6968,f11c70a007287fc389f8e51abbe510a7,delivered,2017-10-18 23:21:27,2017-10-19 00:07:42,2017-10-23 23:12:55,2017-10-26 19:38:59,2017-10-30 00:00:00
2567b61de29297da09bb8da381d2b37e,58e9cc6f523e29753c2a494f136953ab,delivered,2017-08-30 13:59:06,2017-08-30 15:15:29,2017-08-31 19:47:46,2017-09-04 20:51:35,2017-09-18 00:00:00
2b7e04dafad49a3e4eb2ee14ad07485a,c91bd6612a890b01e5321aff3a336791,delivered,2018-06-09 02:35:31,2018-06-09 03:13:29,2018-06-11 11:49:00,2018-06-14 23:42:17,2018-06-20 00:00:00
7dc55217695a2ec178b513fa24188247,39c5aed6f78b3c1700a36b13734327a4,delivered,2017-06-05 23:07:01,2017-06-05 23:22:20,2017-06-07 16:16:42,2017-06-28 14:13:35,2017-06-30 00:00:00
a42852c445a4b9e072a1cf6e90210586,59ef7c50fcc758b78b09072d7ca5eefc,delivered,2018-05-13 17:50:50,2018-05-13 18:13:30,2018-05-15 15:04:00,2018-05-21 18:05:00,2018-06-05 00:00:00
2f1e07db1b452ef80b6dcae150afcb61,693e186e779407b67eb35d6ca287b576,delivered,2018-03-05 12:14:57,2018-03-05 12:48:59,2018-03-06 23:37:02,2018-03-09 11:42:19,2018-03-21 00:00:00
d8e8975022bcc29382f3cbeefe7c5731,aa76a581124be9897e29e37dbec854f9,delivered,2017-06-27 20:20:29,2017-06-27 20:35:07,2017-06-28 14:46:36,2017-07-03 13:26:39,2017-07-19 00:00:00
4208d8402138f772f9c189a1859e1f55,def8021341a1466f13686e05d39bc2c6,delivered,2017-09-22 17:01:34,2017-09-22 17:10:56,2017-09-25 23:22:13,2017-10-01 13:03:03,2017-10-18 00:00:00
05e2ab8de37670d9d0524473585092ec,3483b8aadc6a150114ee8f761e7d3c8a,delivered,2017-11-25 10:37:51,2017-11-28 03:33:47,2017-11-29 20:04:41,2017-12-05 21:11:53,2017-12-15 00:00:00
02b02f566c72d81744ae60c7b6afa22d,6de0a666300c444a5e012a952ed9469e,delivered,2018-03-05 12:03:36,2018-03-06 11:55:47,2018-03-08 19:56:28,2018-03-09 20:48:40,2018-03-15 00:00:00
66d560d1c77317086f3332a6715ac1c1,838db17a7ea397c8bbb5d0b4d48b1ba6,delivered,2018-07-26 07:10:27,2018-07-26 10:50:11,2018-07-26 13:06:00,2018-08-04 00:09:17,2018-08-14 00:00:00
b017cf1ddd183e5b8bff0e7c7821c75a,eaaf5c1a77ed8abe964046535ec9f4de,delivered,2018-05-15 19:01:54,2018-05-16 18:57:43,2018-05-18 14:52:00,2018-05-19 17:17:40,2018-05-28 00:00:00
107dc783817b4509bdbe7e66998f5a24,de8ab444bbafe90954b80fd7187a2821,delivered,2018-07-16 13:37:18,2018-07-17 08:15:12,2018-07-17 14:19:00,2018-07-20 16:42:14,2018-08-06 00:00:00
c945ff06cb8663806353c094c328ff56,a3fad6016abb99d9b055f32a85455a86,shipped,2017-07-12 18:31:13,2017-07-12 20:10:15,2017-07-14 00:12:02,,2017-08-11 00:00:00
153838ce98aa788f035477b4ee3b102c,253a835620b86f2b742b951a6d8ace3e,delivered,2017-07-27 09:37:26,2017-07-27 10:22:51,2017-07-27 17:37:45,2017-08-27 16:21:41,2017-08-30 00:00:00
e64b75fd960c12db7358da68a8b75217,b04c9008a1e2d07f98f682eddae9afd7,delivered,2018-01-26 22:45:17,2018-01-26 22:53:50,2018-01-29 20:33:40,2018-02-16 00:07:58,2018-02-26 00:00:00
66f4ba6099569fe5564621a8afe502da,f8d131d4024523565f9cd91119e0574e,delivered,2018-06-15 20:04:51,2018-06-19 06:35:44,2018-06-21 14:42:00,2018-06-28 12:36:26,2018-07-18 00:00:00
9fe1f3d48d5a0ba5eb84e53689b8a766,1dc4c9fec0b8dff52815bc148005e1e2,delivered,2018-03-10 19:39:25,2018-03-10 20:20:22,2018-03-12 19:21:54,2018-04-11 19:57:39,2018-04-04 00:00:00
070a76f4c338fe3cda93745a22e51270,de4f592a5c6155b2fe6f87b30aaeec9c,delivered,2017-12-31 23:29:31,2018-01-01 23:26:52,2018-01-02 19:28:35,2018-01-10 19:27:29,2018-02-02 00:00:00
546217c016be73136e22021e4d63985f,5b3fcd569a769e5b39b539e0ffdbf84d,delivered,2017-10-26 22:55:40,2017-10-26 23:10:08,2017-10-31 16:55:57,2017-11-07 16:19:57,2017-11-14 00:00:00
96068d351a84dcea0b929884876e4fae,4d0f9fd6b7fbb1739372df2ef5693ce3,delivered,2018-05-25 18:35:11,2018-05-25 18:58:33,2018-05-28 15:53:00,2018-06-07 16:52:18,2018-07-11 00:00:00
5d5e9e184c593883202d0e72186eeec5,bdaa1d90c91825b57d34a9e8ef70b2dd,delivered,2017-08-25 13:52:10,2017-08-25 14:05:47,2017-08-30 16:08:36,2017-09-01 14:28:06,2017-09-08 00:00:00
3d2c6a6debb7264f52777cc9912a3b7c,ed8dced159c9842a1ba5667496d12ae3,delivered,2017-08-07 19:39:09,2017-08-07 20:35:15,2017-08-08 19:42:10,2017-08-21 20:13:40,2017-09-11 00:00:00
c52d58426aab3759ad2cf6fcb69e4add,47e4d87e021a20a49ead4ef11a9b466f,delivered,2017-07-30 21:04:22,2017-08-02 08:33:31,2017-08-01 15:54:30,2017-08-21 19:43:48,2017-09-01 00:00:00
a7052564d616399c2a94709a153c688b,aad6bca63106902b51ad818c7d5de1b7,delivered,2018-03-28 17:18:06,2018-03-28 17:30:47,2018-03-29 23:36:43,2018-04-02 13:37:07,2018-04-10 00:00:00
1549221b1b6e8fec6d2f9890932333f1,e7a009989b7bed004d9f31791ee68bde,delivered,2017-07-24 17:31:02,2017-07-26 02:25:48,2017-07-26 16:13:53,2017-07-29 12:44:38,2017-08-14 00:00:00
7da1331ba1360722203a1815d5e80844,faa05467f4b06e08138f1c1773ab2fbf,delivered,2018-05-24 14:28:00,2018-05-26 02:31:48,2018-05-29 14:06:00,2018-06-07 15:18:41,2018-06-26 00:00:00
7a59243f18518dcfe516671c305121c9,b328279d965c11a7e9d8505474b9d845,delivered,2017-12-20 11:47:41,2017-12-21 02:11:53,2017-12-27 20:33:55,2018-01-09 16:29:43,2018-01-24 00:00:00
731d3306e501c3e8d2029269e8eed46f,55ee724b3ce2bbf72372c4723094d002,delivered,2017-04-19 11:20:09,2017-04-20 02:45:32,2017-04-20 10:36:24,2017-05-03 12:48:51,2017-05-11 00:00:00
52760c1d47cac70d898facb7ac9aa803,0ced40c1deef4fcdc41987673efef092,delivered,2018-08-22 12:47:22,2018-08-23 02:44:33,2018-08-23 13:19:00,2018-08-28 17:48:34,2018-09-10 00:00:00
9eac94dce77597b831e8c0dfc584bc8b,8c9649f122c39c0e6bab6e62accf7f3e,delivered,2018-01-18 23:16:44,2018-01-29 16:53:28,2018-02-02 02:50:57,2018-02-17 15:57:01,2018-02-15 00:00:00
17977c94608050b43e782e6f72874c0e,bd6af8db74728123d4a31f8b95e226b2,delivered,2017-07-02 17:06:28,2017-07-02 17:15:14,2017-07-04 15:17:51,2017-07-20 18:07:00,2017-08-10 00:00:00
af70302ae0086b18836d45239ace6676,cc5971e71692e94bef77a9cddcc880db,delivered,2017-10-05 19:21:05,2017-10-05 19:35:11,2017-10-10 15:38:59,2017-10-17 18:03:03,2017-11-01 00:00:00
ec002084195fcce7185eab399b71ee73,5b7debb4d76067f7a0ad368028a89898,delivered,2017-05-05 15:22:34,2017-05-05 15:30:18,2017-05-12 12:47:55,2017-05-17 15:04:06,2017-06-05 00:00:00
a0618409c3bdc38885d7474b4b1ee10b,e5ee1d8f8a5ae6f047a9d18a34dafeb0,delivered,2018-05-08 21:07:02,2018-05-08 21:34:12,2018-05-10 09:45:00,2018-05-18 20:12:23,2018-05-28 00:00:00
5a45e21be984a22a54a63a7e950c2f0e,0331ff33cd51d777696c73c74f1e1190,delivered,2017-11-16 13:40:29,2017-11-18 02:15:45,2017-11-22 14:14:30,2017-11-30 20:15:13,2017-12-08 00:00:00
c6536cd04306b9263da882ed30296aae,924e77f563e4f8e19827a72b286e8f1e,delivered,2017-10-10 11:33:15,2017-10-10 11:49:33,2017-10-13 20:54:54,2017-10-19 17:42:17,2017-11-08 00:00:00
4929d4d047361715eb1ad08b7affce93,cc38c1b9a700590f58594bbedea9912a,delivered,2017-09-11 19:50:06,2017-09-11 20:05:18,2017-09-15 19:31:58,2017-09-26 15:13:02,2017-10-13 00:00:00
3bbf8497fe206b3398e30cae9791847e,692dc549243e0145a972979e8d54a16d,delivered,2018-01-24 00:56:44,2018-01-24 01:15:19,2018-01-24 23:56:45,2018-02-05 20:27:51,2018-02-19 00:00:00
e5daa600c317dd1854619b456f89fc1b,94b6aa1f152173976f523dfc04cd11fa,delivered,2018-06-21 22:45:51,2018-06-23 02:36:11,2018-06-28 14:31:00,2018-07-03 07:07:46,2018-07-17 00:00:00
15f8e1e2abf48b0c5161b2f0110ba6eb,dde23df9318a2e048149054f17aedaf3,delivered,2018-07-11 09:20:53,2018-07-13 03:04:22,2018-07-18 16:23:00,2018-07-23 19:09:13,2018-08-13 00:00:00
fe030f56dcb66e53dfb1fbfdc21c30cc,43b640b00aa7739cb08e13d978076dcb,delivered,2018-07-15 12:25:40,2018-07-15 12:35:14,2018-07-16 12:37:00,2018-07-20 21:58:49,2018-08-02 00:00:00
5f4415c3829ad05566ee455a5344d07d,2f033634e5b7e0eb05138d776c997441,delivered,2017-11-05 15:57:06,2017-11-05 16:10:30,2017-11-07 19:07:34,2017-11-10 21:26:51,2017-12-13 00:00:00
ab96ffdb4db7fa3807bfb7a512f2f519,9c30cbe98d8f27539ba2320a78963c2e,delivered,2017-08-20 18:12:56,2017-08-20 22:34:58,2017-08-21 20:35:38,2017-08-22 19:47:44,2017-09-01 00:00:00
48a40810ca9950462e73f0796c863b88,c49deff8ee26f5749017d2f8ad810b1b,delivered,2018-02-10 21:17:00,2018-02-10 21:35:24,2018-02-14 20:45:07,2018-02-20 21:46:07,2018-03-12 00:00:00
e832978fef8a7cffd12180e684d309d5,dffc41c0be79bbb7084134618223fcf0,delivered,2017-11-20 16:59:40,2017-11-20 17:08:32,2017-11-22 15:44:51,2017-12-05 19:28:48,2017-12-12 00:00:00
1c7c202a0cbbdb86b7613a8f2b0931e7,c142645e0a399bc8c83ae32eda0e90dd,delivered,2018-06-27 09:58:44,2018-06-27 11:06:34,2018-06-27 11:13:00,2018-06-29 17:16:56,2018-07-20 00:00:00
32f4f0673547f9e7bef5c7d24d8f3a87,7c21b22cb0e33c875265ecc2c0b772fb,delivered,2018-06-08 16:26:19,2018-06-12 05:36:46,2018-06-13 08:10:00,2018-06-22 18:32:00,2018-07-20 00:00:00
33d949de3be3df6e3cf017b6ec4aae4c,8c474e13dec3293bb1a548dc4e4128eb,delivered,2018-03-07 07:52:57,2018-03-07 08:09:10,2018-03-09 17:34:43,2018-04-09 16:03:37,2018-04-04 00:00:00
67fa670663f748061f866f748dcef27d,42f90acd2d9fbaa7b29d381883258dac,delivered,2017-10-05 19:48:11,2017-10-05 20:04:35,2017-10-06 13:05:14,2017-10-09 19:17:58,2017-10-23 00:00:00
701b6152f4772bf004cad6741981b060,300223b911b2ee2188f0f18835ce9a43,delivered,2018-05-08 12:39:36,2018-05-09 12:35:19,2018-05-16 05:27:00,2018-06-04 21:22:28,2018-06-12 00:00:00
8e57ac2b38a0c102cede2f11023e5738,ac1a777cd3bf601e371e7162a1ed3173,delivered,2017-12-07 21:45:08,2017-12-07 21:54:18,2017-12-09 15:17:47,2017-12-14 20:34:51,2017-12-29 00:00:00
5478185613d8f2fb7192968eb77c141e,834f4cd1936a06f71ce38ba1c790d142,delivered,2018-01-18 07:11:17,2018-01-19 07:14:23,2018-01-19 16:28:56,2018-01-23 17:04:19,2018-02-16 00:00:00
d332666968a0059863107068a656d239,691128d2f6176410e605aa8342fb95aa,delivered,2018-02-17 14:30:13,2018-02-17 14:46:44,2018-02-21 21:12:05,2018-03-08 01:11:58,2018-03-15 00:00:00
953501839cfe2990297454e7e7bf158d,a5bb5cca349a6c8ce5a1f2c1341d25e0,delivered,2017-11-25 01:49:52,2017-11-26 20:13:46,2017-11-29 17:42:07,2017-12-15 21:52:37,2017-12-22 00:00:00
9edbaf6e61c4fa2251a7bdc8640b8cc1,7a8238a4fd6dc6bdaf627a14c3042dba,delivered,2018-02-20 23:30:26,2018-02-21 00:07:29,2018-02-22 00:15:17,2018-03-13 22:02:40,2018-03-15 00:00:00
553ba7f2b59345ea057f5a8062784dfd,2da1ba0c63163f633ff084cd90fdcc25,delivered,2018-06-30 12:22:31,2018-06-30 12:35:11,2018-07-05 14:44:00,2018-07-06 18:03:25,2018-07-19 00:00:00
363aa2fb205fb8cc8568919310f793aa,5f285ae4dfae33fb233cbfb5a1ebedf5,delivered,2017-10-04 19:43:51,2017-10-05 19:46:00,2017-10-06 21:56:42,2017-10-17 16:42:27,2017-11-10 00:00:00
3c4ef06a14ef470e73ea05eb315ff841,2d61700a423619c9079c538ed61967dc,delivered,2018-08-07 08:16:01,2018-08-09 03:45:01,2018-08-13 15:35:00,2018-08-22 18:51:59,2018-08-24 00:00:00
c05fc3fc944af4da60133785126e8458,47f91be2b090f7e46def1c6d9f9f4ca2,delivered,2017-04-11 19:51:41,2017-04-11 20:02:29,2017-04-17 09:53:18,2017-04-19 11:28:14,2017-05-09 00:00:00
6bca1e1153602e07db22966a5b800e9c,2026b1c867563bed4845509e3020574e,delivered,2017-11-06 21:18:16,2017-11-07 04:31:42,2017-11-08 20:26:49,2017-11-13 17:09:33,2017-11-28 00:00:00
294fb274681bed90131ca92ded8f6467,f6d09a183b6e8e19a58ded98ac15f523,delivered,2017-07-08 10:01:37,2017-07-11 04:04:00,2017-07-11 18:32:57,2017-07-12 21:52:37,2017-07-21 00:00:00
e65c1034a0e40b31a10fb6ac79277ee6,7b279dc9e0abc09f5307f5790a188935,delivered,2018-06-21 22:32:27,2018-06-22 22:37:31,2018-06-26 14:58:00,2018-07-03 20:22:25,2018-07-24 00:00:00
f4f8aa5fb2ceaeb486500d9a7926a272,3cb9c099a7c6bc5ce1d4e1f8e2ea6644,delivered,2018-02-22 16:06:15,2018-02-24 02:55:35,2018-02-26 20:56:50,2018-03-08 09:32:29,2018-03-19 00:00:00
7c644ea34ca017627bdfc5a5465a14a3,568c0837258282de3882cdfd815f674a,delivered,2017-09-23 02:09:15,2017-09-23 02:36:11,2017-09-25 20:52:50,2017-10-13 19:04:35,2017-10-24 00:00:00
cdee3ff3ab3f8f61f223e40ed025a7ff,5923fa2f0a07d4bdf8cacdee79a37b2c,delivered,2017-11-20 21:39:48,2017-11-22 02:46:57,2017-11-30 18:50:07,2017-12-12 22:43:07,2017-12-22 00:00:00
7975bad6e2c65b59ab15b7152c94c63d,96abd0fc439167d6afbe20f5e8264e6a,processing,2017-12-25 10:31:34,2017-12-25 10:48:57,,,2018-01-26 00:00:00
427e94c44e8cd05d6b4958f49f5199ab,9e3fe122c953e6f616a2d6bb78307741,delivered,2017-05-16 21:43:32,2017-05-16 21:55:10,2017-05-17 14:26:39,2017-05-18 13:17:37,2017-05-29 00:00:00
107f796f9c1e10edb137ba137996d18b,f61588c8cea27b79e788afc67310c89b,delivered,2018-04-26 21:49:13,2018-04-26 22:11:43,2018-04-30 06:25:00,2018-05-09 15:12:03,2018-05-29 00:00:00
d65ce654036a4d7decce8957908be32e,925a4a6429fb63b03059dee4cf0f3893,delivered,2017-06-16 02:00:38,2017-06-16 02:10:09,2017-06-16 07:50:26,2017-06-21 15:47:47,2017-06-29 00:00:00
1921024da7f9d26bae5f85b4e382fe07,02e8990f0804b2043a2c95f16605344c,delivered,2017-10-28 11:41:10,2017-10-30 10:15:57,2017-10-31 15:06:53,2017-11-01 17:05:37,2017-11-13 00:00:00
692db147c656a46d659c6615b8e429bb,2985a45ede6266a319c63f00edcf10c1,delivered,2017-09-06 09:26:53,2017-09-06 09:44:03,2017-09-08 17:33:58,2017-09-18 22:22:23,2017-09-29 00:00:00
fc9bc4bac939adaa600ad59dee9a106f,566bf9470ea51d6f6d0d05be06323576,delivered,2017-05-14 20:22:41,2017-05-16 19:15:10,2017-05-17 15:27:52,2017-05-18 14:47:45,2017-05-24 00:00:00
aeba924ab4196ee9a04164f22278f117,14da31c495d6657eeb56c66889f88282,shipped,2017-04-20 09:13:22,2017-04-21 05:10:16,2017-04-24 14:59:02,,2017-05-15 00:00:00
12d34cd89b0be0896cfecdbd41f5e952,3bc77dd1abfb7c4ae5c9b9b42b297c60,delivered,2017-08-03 09:38:50,2017-08-03 09:50:19,2017-08-04 14:28:38,2017-08-22 19:11:00,2017-08-31 00:00:00
e7b3238f912e9efb45f970a33d3ac10c,5c1547bae5d0f335ad4b7728b54be141,delivered,2017-11-21 11:35:53,2017-11-22 11:29:23,2017-11-29 10:19:08,2017-12-07 15:39:29,2017-12-13 00:00:00
3f70b0d81238eb5206e9f84ecd006bbb,617624189e867be995c3e380e4fc037c,delivered,2018-08-19 23:37:29,2018-08-20 14:10:25,2018-08-21 13:48:00,2018-08-23 20:23:38,2018-08-29 00:00:00
723fdebe8280ea74fca298382c4d7ac7,bb7a94644a9bd3b4116876c4a6380e1b,shipped,2018-08-12 21:51:12,2018-08-12 22:04:26,2018-08-13 15:19:00,,2018-08-16 00:00:00
c8f74736a2adf12a4057a4c97c8dedb1,a4e08ac63ee6dff6b5e9c5aa3b8641f0,delivered,2018-06-28 18:50:08,2018-06-28 19:11:42,2018-06-29 15:08:00,2018-07-04 19:06:49,2018-07-27 00:00:00
ef0212749905003aa8fcffc9ba0be16a,aa625e70d5e95d9b5c2c24e78fa0d75c,delivered,2017-11-24 23:22:23,2017-11-25 01:32:55,2017-11-27 23:09:05,2017-11-30 19:27:10,2017-12-14 00:00:00
b4abb149fb1b128bbd21db842a86e891,18c600236647ceb2919a8f9adc3ab76f,delivered,2017-09-11 11:48:37,2017-09-11 12:05:25,2017-09-12 21:59:34,2017-09-19 22:47:45,2017-10-06 00:00:00
2741e16d029bedd26c95382328762047,3a20ca43c1d668ed330330e1e84af91c,delivered,2017-12-13 20:22:52,2017-12-14 22:29:37,2017-12-18 17:57:10,2018-01-04 16:16:28,2018-01-18 00:00:00
db3e8c24c5652c8944bc5a05d9bd3933,337d7ce662818b9b44e9978e79373719,delivered,2018-08-02 12:04:52,2018-08-02 12:50:14,2018-08-03 04:29:00,2018-08-06 14:13:41,2018-08-08 00:00:00
980b9aef670d4659912793b2fffdea29,f765ec8cbb703a2467541a10355863ce,delivered,2017-11-04 22:08:08,2017-11-04 22:25:27,2017-11-06 18:12:14,2017-11-10 18:02:45,2017-11-27 00:00:00
a2f4de10fceff6c008efd19d2b99725f,b66217448555073a1804c56d701fa4e1,delivered,2018-08-11 11:48:41,2018-08-11 12:04:28,2018-08-13 15:09:00,2018-08-15 17:48:37,2018-08-20 00:00:00
69c49491c1300f416d32e8bedc9f8907,1223d05f13c9da072919d40915747b8d,unavailable,2017-10-26 10:35:27,2017-10-26 10:49:24,,,2017-11-08 00:00:00
cc72d62c9da97fa8f846e9403f0fe57f,1bf87f7da7bffcc76319558c3f1a2105,delivered,2018-04-15 11:34:35,2018-04-15 11:50:28,2018-04-17 14:43:43,2018-04-25 13:37:49,2018-05-09 00:00:00
ae213a9f84c777fb7a31e8c0f09fd30c,cac4524e1e6714ef3fdc324fc0f86cfb,delivered,2018-07-03 22:13:48,2018-07-05 16:15:23,2018-07-04 16:17:00,2018-09-19 15:46:39,2018-07-31 00:00:00
db999cb4a094b7ee75160a0939124c2c,e2c600ac8887aa902c5625d4e2d55c62,delivered,2017-02-15 20:56:14,2017-02-15 21:10:10,2017-02-20 17:12:25,2017-02-23 17:15:39,2017-03-14 00:00:00
e71fb243240c2fd8fc69d520aac8bccf,07bac215ce13a0aa6640cc2ea7411c20,delivered,2018-06-26 20:34:22,2018-06-26 20:47:23,2018-06-27 11:31:00,2018-07-03 23:16:47,2018-07-23 00:00:00
31f49b876b40d899bdb6c403b4d2b20b,8356099ada1aeb005c267bed62a9c750,delivered,2017-05-08 10:16:29,2017-05-09 09:50:18,2017-05-12 13:49:56,2017-05-15 08:12:10,2017-05-31 00:00:00
07b93986d3989da936b0f9dfc9ab8972,e374debe4e35018b4d20de4337ea74ae,delivered,2018-04-05 05:11:57,2018-04-05 05:27:55,2018-04-10 00:11:51,2018-04-20 15:44:23,2018-04-30 00:00:00
e5286ca4b6d056e978c305b3134cf612,87a0ef17008514801a0651bd00d64e10,delivered,2018-01-15 15:59:21,2018-01-15 16:12:36,2018-01-19 02:21:26,2018-01-19 16:42:52,2018-01-30 00:00:00
73bc7197ab48ef03213b1a5e92c6437d,af9608d0d237700c68fac0a2003654eb,delivered,2018-02-27 09:44:26,2018-02-27 09:55:30,2018-02-27 22:58:45,2018-03-12 14:44:27,2018-03-20 00:00:00
736a0ae761142f7a26c946edd552125d,dfb09470a11a58fcc1a8cdd79d5a8dc8,delivered,2018-08-17 08:06:17,2018-08-17 08:15:23,2018-08-17 14:31:00,2018-08-24 19:35:31,2018-09-10 00:00:00
20834ef6941f038baa2ad303dc1db413,dee92cf6be34856befa4b6d7baca9315,delivered,2018-04-01 22:33:42,2018-04-02 17:49:11,2018-04-03 20:56:40,2018-04-11 14:11:53,2018-04-23 00:00:00
aff32ddeb1d4fcd7baa9d10d9b5941eb,3b44c4372e0517568699266a2d6a758d,delivered,2017-07-10 13:26:40,2017-07-10 13:43:21,2017-07-12 13:49:26,2017-07-24 19:08:36,2017-08-03 00:00:00
acfd4e73993d49708599a826d48978dd,defc96df9b7447d38ecab4d7b302219f,delivered,2018-06-26 10:36:34,2018-06-27 11:06:50,2018-06-27 09:51:00,2018-06-30 15:33:24,2018-07-18 00:00:00
0f93f7603185d299224f49c8aa5025da,21a23da4cdf2d4dcbe72ac48117ef0c2,delivered,2018-07-13 12:02:34,2018-07-13 12:10:50,2018-07-16 13:10:00,2018-07-24 02:12:10,2018-08-08 00:00:00
8169b187d385c4c6c5bcfede16d5a437,8a9da9c94cf6fe562889cf755b39f946,delivered,2017-11-28 21:33:30,2017-11-28 21:51:25,2017-12-01 19:41:58,2017-12-20 21:38:10,2017-12-29 00:00:00
9571cb862acb9ac518c76590d0fd79bf,8b0d13b08d69c3277aca22a774eb8f45,delivered,2018-01-21 21:09:56,2018-01-22 14:00:23,2018-01-24 01:42:14,2018-02-05 19:33:46,2018-02-26 00:00:00
058350ebe1e9c9b426d1331b4b6063d1,91ad3f8e690ac01a441bee801929b0fd,delivered,2017-03-15 05:44:17,2017-03-15 05:44:17,2017-03-15 11:29:50,2017-03-30 12:54:09,2017-04-07 00:00:00
877d52b768c0c8d81d071d3eea29bf8f,c6d3ee03a9993b5903fc384f8448d62d,delivered,2017-08-15 16:35:15,2017-08-17 03:06:08,2017-08-23 14:28:20,2017-09-12 07:42:23,2017-09-25 00:00:00
d2c6f711025d9bb4a867edd51859f845,a691e2a2ac37c387c637c02eeab175a7,delivered,2018-02-18 19:39:36,2018-02-18 21:06:55,2018-02-19 20:35:18,2018-02-27 22:09:41,2018-03-09 00:00:00
79366f316d691e60b576d0a9b45b4ba6,3c5ec3e2918028d4e3d956be876ba89b,delivered,2017-06-15 08:11:47,2017-06-17 03:43:36,2017-06-21 16:03:42,2017-09-19 14:57:53,2017-06-29 00:00:00
1b2cc19f566a98b30bf2cc0eb3028b39,cb9f7e754714c4507e19f30f716cf99d,delivered,2017-11-25 11:05:56,2017-11-25 11:16:23,2017-12-01 19:48:31,2017-12-04 20:52:09,2017-12-11 00:00:00
2452ee5125bebf2bf5ad486a22d155f8,e0e0a604825249d7ae9ffacf34133135,delivered,2017-12-01 10:32:10,2017-12-01 11:30:55,2017-12-04 22:04:26,2017-12-15 16:37:47,2018-01-08 00:00:00
72c1d87887d0b9a3965557013e74f543,4161d3785c2c4c6517a57143ecb0c466,delivered,2017-01-23 13:55:30,2017-01-23 14:05:22,2017-01-23 14:11:03,2017-02-07 13:12:39,2017-03-03 00:00:00
ac1b68b95d77ee9e9c3829ed43f2ccbb,afe9d1eb2f0425d550f70c13702bcd85,delivered,2018-07-06 23:39:43,2018-07-07 09:55:12,2018-07-09 12:57:00,2018-07-13 04:48:38,2018-07-25 00:00:00
ad6aec326fc31e34aaa0ff7ab3788c43,d8623801d61ed78b96506a12868d09f7,delivered,2017-10-11 08:34:30,2017-10-11 08:49:10,2017-10-11 15:42:56,2017-10-17 22:16:41,2017-10-30 00:00:00
c38aa2f85a080e3c7d20f51359873479,cdd41d4855ed541bf86744974bf4d2a0,delivered,2018-05-25 13:15:56,2018-05-25 13:37:06,2018-05-28 10:02:00,2018-06-01 15:06:41,2018-06-20 00:00:00
3668477773eb5474d397777749d44f08,99bc5d1633f1125d6913e8922a61b95e,delivered,2018-07-10 23:16:46,2018-07-10 23:26:00,2018-07-11 12:16:00,2018-07-14 14:38:34,2018-07-27 00:00:00
84734d9913fc9a6eb15b3e982a15fedf,d3fe99bafbfd3b2ce3e6cfc4d7946fa7,delivered,2017-10-16 13:37:33,2017-10-16 13:49:50,2017-10-18 12:27:27,2017-10-26 18:46:02,2017-11-09 00:00:00
1d0c373f68c650322d4f065497cd4494,30cf24ab088e505768389f0be27ea37f,delivered,2018-03-28 03:29:58,2018-03-29 03:10:28,2018-03-29 21:48:49,2018-04-21 00:08:45,2018-04-20 00:00:00
cf597c14464cc1f0e5657952d0ce4818,f084c9358e93908e58e42c0e3f7fed69,delivered,2018-08-11 23:10:46,2018-08-11 23:25:10,2018-08-17 11:52:00,2018-08-23 23:08:30,2018-09-06 00:00:00
7aed06997400a84f154227f83f9a8f86,7da9a89355550dc1056ad9d8a9a7028b,delivered,2018-05-18 13:11:50,2018-05-18 13:36:32,2018-05-18 13:50:00,2018-06-06 19:03:47,2018-06-12 00:00:00
6b7ebe19e66635ace7e1c9c556745a38,277216898f0c5c9655b48f19ae05ce4d,delivered,2018-04-05 15:29:27,2018-04-06 03:15:40,2018-04-09 22:36:48,2018-04-16 13:56:47,2018-04-30 00:00:00
5a4761b64c03fa0c4663d7ebba05bc33,022de985df50a701851d137f5baea251,delivered,2017-07-03 18:04:57,2017-07-03 18:15:10,2017-07-05 15:03:35,2017-07-21 15:33:58,2017-08-10 00:00:00
3cad2aa3b180252c0393e89cd3a7d449,5a7ead215ddd95a942d4128b56b7b42b,delivered,2018-02-04 17:12:46,2018-02-05 17:32:57,2018-02-06 17:27:00,2018-02-14 19:29:01,2018-03-06 00:00:00
7ac8109e735f29d8982f4503586fe59f,57a13b49e2c28cc231094993c2613ebb,delivered,2018-07-03 00:21:23,2018-07-03 00:35:12,2018-07-05 15:01:00,2018-08-17 16:25:25,2018-07-23 00:00:00
be06d9f698d7e74899f4cf223ae62995,0f574bf27462cb2edf5873c751701344,delivered,2017-08-07 11:29:18,2017-08-07 11:45:24,2017-08-08 17:43:42,2017-08-18 18:57:04,2017-08-18 00:00:00
b6d67e1b245f18e37675b27ab9aee7cf,e49c19b5e8d487509f25220e02c9b2eb,delivered,2018-04-24 23:36:13,2018-04-26 03:51:36,2018-04-26 19:07:00,2018-04-27 23:28:53,2018-05-10 00:00:00
153fb90c16a95a3c0ea6cc48a1a4069c,4d02e7d9b02f003359bce7134dc4941f,delivered,2017-11-14 09:16:38,2017-11-15 09:27:27,2017-11-16 23:08:44,2017-11-25 11:06:56,2017-12-07 00:00:00
c9501c00fae501ebb1ac842b94bbf192,32f739c8fd212a33fe7598777b9cd503,delivered,2018-04-25 14:31:11,2018-04-26 03:51:39,2018-04-27 11:30:00,2018-05-12 13:17:26,2018-05-28 00:00:00
da5c9003db4a2e616ee1b5bcc0448401,b9a598c48dafc23e10cf9117d6135970,delivered,2017-04-22 18:07:18,2017-04-22 18:15:19,2017-04-24 11:23:57,2017-05-05 08:36:39,2017-05-24 00:00:00
57c0b0276ce0eaf721a4424bf077ce8b,680043a09260a212d1dec021dd1efadc,delivered,2016-10-08 08:05:21,2016-10-08 09:03:40,2016-10-12 09:03:41,2016-11-09 13:41:20,2016-12-14 00:00:00
808c7c69c2778bdf4689eee0286e2bef,d9335c099e6943d88ac5f8a7cb418b66,canceled,2018-02-22 07:57:07,2018-02-22 08:10:27,,,2018-03-13 00:00:00
61b1d17f200e5b6d7c8570b70d4d880f,8a199e2d2718ecf006bad3422ed45838,delivered,2017-11-28 14:39:40,2017-11-28 15:06:46,2017-11-30 22:19:07,2017-12-06 02:27:02,2017-12-12 00:00:00
0e3ee99a343d05fc3fa4256f7c675c63,6b498e20f44d131b2b912ac637726a2b,delivered,2017-09-30 21:33:07,2017-09-30 21:50:34,2017-10-02 21:32:19,2017-10-09 22:42:41,2017-11-06 00:00:00
b2d895292b5119d7d9306512de5bfe79,d0568f0dc6f38391efb8175b0b33c08f,delivered,2018-08-07 13:03:49,2018-08-07 13:15:18,2018-08-07 15:26:00,2018-08-10 22:51:28,2018-08-16 00:00:00
f4d3a6f8b3c011cb012b39fdfb4817e8,006a5d6b5f648f3811fd4fa94d93a67c,delivered,2017-05-30 10:59:46,2017-05-30 11:10:17,2017-05-31 07:12:20,2017-06-05 12:18:01,2017-06-23 00:00:00
c6e024e14773d2ff5afd6daeaaa9239c,072727b98246cb0cc8d55699bb4aaa8a,delivered,2017-10-02 13:56:53,2017-10-04 03:07:16,2017-10-05 15:58:12,2017-10-13 17:05:44,2017-10-31 00:00:00
b52ea8d12cbdea8a6b2be328a2e8ae55,a7c15c89af2d5b5a9b4cee2ddcb5c20c,delivered,2017-11-30 10:32:03,2017-12-01 10:31:31,2017-12-07 17:39:48,2018-01-03 22:14:27,2018-01-05 00:00:00
a9d3bdf62f359d999692b94986633e85,c34fde6913948f36435f5aa8b473e951,delivered,2017-03-24 10:29:59,2017-03-25 06:42:46,2017-03-28 11:46:24,2017-04-06 15:52:21,2017-04-19 00:00:00
021f26893462ec6a677baba7f06ce4c1,08fd236d2b9c7fb54e98c43a83d40cda,delivered,2017-07-07 15:24:27,2017-07-07 15:35:08,2017-07-11 11:56:37,2017-07-22 12:59:28,2017-08-01 00:00:00
d4e1ef173ac9e00a6f0c0bd6954183aa,68148e0a96b5c59c757ce5954e88ea70,delivered,2018-02-23 15:00:35,2018-02-24 02:35:49,2018-02-26 19:55:39,2018-02-27 20:04:41,2018-03-09 00:00:00
a140c8837fe93faea735fdb258215911,9151b134d8f0f1b7b46d3c9003ad599f,delivered,2018-03-13 13:58:19,2018-03-13 14:15:38,2018-03-20 23:24:45,2018-04-03 02:52:50,2018-04-03 00:00:00
e53c0c4f98222c1309a9903077858166,ebb4bbbdfc885e78481d17c9f5ff3f85,delivered,2017-05-09 19:24:35,2017-05-11 04:22:33,2017-05-11 13:33:54,2017-05-20 11:43:53,2017-05-29 00:00:00
b854e1f985cbc368ffcc401efadc5311,e63c0caef7383c445520d957f019a86c,delivered,2018-04-12 08:15:45,2018-04-13 12:50:18,2018-04-17 20:42:31,2018-04-18 20:53:25,2018-04-30 00:00:00
e7dd506a63f07f307075dd46a6a5f41b,94c77712fe3ec92d0d952eae35dacd98,delivered,2017-08-11 20:51:11,2017-08-11 21:45:05,2017-08-15 15:45:56,2017-08-21 21:12:37,2017-08-28 00:00:00
63f533d511034d27ad176443dc9cfb37,a50ac73cc4bf43b142096a436514c282,delivered,2018-01-20 09:17:04,2018-01-20 09:32:58,2018-01-22 17:03:13,2018-02-05 21:12:39,2018-02-20 00:00:00
d8665f349c8a92546c754a7e84627c52,e1384829a4a5610becdca3046dc6c232,delivered,2018-06-21 21:24:28,2018-06-21 21:36:38,2018-06-22 15:15:00,2018-06-28 12:28:46,2018-07-13 00:00:00
0e3f0e36f889146f31ef72cfeb1a1d30,7691fababe5a8ed586570e0ae4c7052e,delivered,2018-08-17 17:13:02,2018-08-17 17:30:06,2018-08-20 11:58:00,2018-08-22 21:56:42,2018-09-03 00:00:00
95f552c5bebbb2d3c6ff73da9ff5e2ad,531848f78249503b665b3dfa71732bed,delivered,2017-05-16 11:42:33,2017-05-16 11:55:17,2017-05-23 12:37:41,2017-05-24 12:15:02,2017-05-29 00:00:00
a70b9ff516da648dcee359a50611fe6d,d3501374dbb088ca22910d940ce4abb9,delivered,2018-03-07 09:39:07,2018-03-07 10:20:22,2018-03-12 19:18:51,2018-03-28 23:18:24,2018-04-02 00:00:00
604d4cba9e93715603dd7bef8085766d,6082706302e3f662912ff2ff90d3fe91,delivered,2018-03-06 10:30:13,2018-03-06 10:49:44,2018-03-12 18:42:49,2018-03-28 15:26:44,2018-03-23 00:00:00
2bf5740adc026c1b84b93c731d86fade,ed1a722ffcccc98161a2a3e8bfb67509,delivered,2018-03-25 09:36:26,2018-03-25 09:50:25,2018-03-26 23:34:00,2018-04-06 22:12:38,2018-04-17 00:00:00
94a4dc2611178b53fb85f8528a3c4e9b,5ab25527a157d3fa3ca0f9af3160f69b,delivered,2018-01-26 21:35:17,2018-01-26 21:58:39,2018-01-29 16:08:57,2018-02-05 20:51:45,2018-02-22 00:00:00
e2f058d7261e0cfb0eea8f8d556269ef,7c85cf6886527672c997e678fa7c70c4,delivered,2017-07-24 16:55:53,2017-07-24 17:10:09,2017-07-25 22:49:44,2017-08-01 20:06:11,2017-08-15 00:00:00
f52ca6450bdbd97aace8dc2d9d711000,90458193c77963a2f26e73bd02bb266a,delivered,2018-03-15 16:14:32,2018-03-17 02:50:50,2018-03-20 19:28:34,2018-05-01 17:52:11,2018-04-10 00:00:00
99040bfab9f5595ad65fbe6185957d96,25bd23451d71811a9d1a92613fe2c8fd,delivered,2018-02-20 09:53:06,2018-02-20 10:27:02,2018-02-21 15:09:13,2018-03-01 18:12:24,2018-03-19 00:00:00
bc988b60188595f7f3ec8456f7dcfe14,e7b950a8f7872df50ab618d052437d84,delivered,2017-06-20 10:29:56,2017-06-21 02:30:12,2017-06-22 12:22:42,2017-07-03 10:45:02,2017-07-14 00:00:00
4d6508666e706d6dbbdea72b4ac1a05b,3b6f234e5081db95a06d521a4a9e6f57,delivered,2017-07-07 09:45:05,2017-07-07 09:55:20,2017-07-13 10:48:46,2017-07-26 01:03:34,2017-08-10 00:00:00
e914223bd5011825c70d0c53ff6a53d0,7ff9db4f2c30ad9517c3540905c3203f,delivered,2018-04-01 16:31:55,2018-04-01 17:15:12,2018-04-02 20:36:57,2018-04-04 15:28:38,2018-04-12 00:00:00
11bcd62bece0131519fa7aeb30fb8ee4,712c7208a74371945033f50996bcb0e1,delivered,2018-02-06 18:44:42,2018-02-06 19:31:30,2018-02-07 21:28:22,2018-02-09 17:56:56,2018-03-02 00:00:00
d1bf35d75370a60c682bef1964a52443,e15cae173b9e5f2349ca93c8c2b10c3a,delivered,2018-03-05 20:33:31,2018-03-05 21:08:49,2018-03-27 21:12:38,2018-04-04 19:03:30,2018-04-02 00:00:00
3445e54ffa2a770d1f93ed19c4bda26d,26a6cd12de84df0d6e1da96fa032f97f,delivered,2017-05-06 17:09:16,2017-05-06 17:22:01,2017-05-09 15:23:39,2017-05-15 17:09:21,2017-05-31 00:00:00
d1c3e5942668c790cea34c89fd33f05f,d17490b0aabad2cd852076d5635ffca1,delivered,2018-04-19 17:24:28,2018-04-24 18:26:31,2018-04-24 16:38:58,2018-04-30 13:06:31,2018-05-14 00:00:00
35a6518f311840d6bbc5998c7201db80,69f53e58ff6de5ca800428c1e2102704,delivered,2018-01-08 11:42:48,2018-01-08 11:53:28,2018-01-09 17:07:52,2018-01-31 21:38:40,2018-02-08 00:00:00
a398fa8a473ac89d43aacae1d3e1666e,76fcde2a57279f102b7b7907816b5301,delivered,2018-07-15 21:31:55,2018-07-15 21:45:14,2018-07-16 13:00:00,2018-07-19 23:18:45,2018-08-02 00:00:00
7ef8671acf9060d60ac3eb8616a99627,318f51c7ee5c251d5769f325157ef513,canceled,2018-06-18 23:29:27,2018-06-18 23:57:01,,,2018-07-13 00:00:00
17cc50afa3f8797f14bf500a65230845,b5ea961a84207096ad869de1b301bc22,delivered,2018-07-24 13:24:06,2018-07-24 13:35:23,2018-07-25 11:02:00,2018-07-27 23:22:38,2018-08-07 00:00:00
f60d6aa784f2b40b2eff64449d1e79ed,0255d676d127593a7c65526306a29c36,delivered,2017-10-04 21:04:10,2017-10-06 02:07:37,2017-10-06 19:57:58,2017-10-16 21:08:55,2017-11-01 00:00:00
02e7b3980e9984556bb3a764306f3e31,8ffbe0a28823d2a5ff88a9e4b1b7526c,delivered,2018-03-18 11:11:07,2018-03-18 11:27:57,2018-03-19 18:05:06,2018-04-03 14:20:55,2018-04-13 00:00:00
a3a0cfe6661449e2d725b5b1ff658d84,2e57ca0d2c4b939fd528fe677acca228,delivered,2018-07-10 11:52:24,2018-07-10 12:05:32,2018-07-11 08:40:00,2018-07-20 19:55:33,2018-08-01 00:00:00
882ff3a2d501e2b7221ba143d20d5a5a,6e8c343d44611f2b1827943f23941103,delivered,2017-10-16 22:51:01,2017-10-16 23:14:11,2017-10-31 20:14:38,2017-11-08 22:36:24,2017-11-14 00:00:00
c9a8490e7b2c76d2f9b22369314a9391,7e1e78509e303571ba3df752830cd299,delivered,2018-06-04 22:24:34,2018-06-04 22:35:20,2018-06-05 14:12:00,2018-06-11 20:38:37,2018-07-11 00:00:00
b293643d38b49d3f824bc6be2fece99e,5608fa43ebc0f4fe9373d456d5ddb160,delivered,2018-07-26 11:25:33,2018-07-28 03:35:16,2018-07-30 12:47:00,2018-07-31 15:24:33,2018-08-03 00:00:00
593f7c488d8bf1bd3c8efc9547fcae7f,079b8162b000fc6327320f6c4f57ebf3,delivered,2018-01-09 23:34:44,2018-01-10 10:31:44,2018-01-12 22:14:17,2018-01-18 15:44:47,2018-02-02 00:00:00
6e2e27bb92034101c8873f0c3555ab5f,5ab62b3d36877984de860550576f4696,delivered,2017-11-16 16:21:21,2017-11-17 16:30:26,2017-11-22 19:12:04,2017-11-24 18:49:02,2017-11-29 00:00:00
c0db7d31ace61fc360a3eaa34dd3457c,80c0276f1c674e7b026d5a39799afaa4,delivered,2018-02-13 16:36:56,2018-02-13 16:50:30,2018-02-14 19:12:31,2018-02-16 18:06:52,2018-02-23 00:00:00
8618461ee5428f56dcc6d2794ccc59cc,4b9f4135b5b4d9420423df73f77ac949,delivered,2017-07-24 22:06:47,2017-07-24 22:23:12,2017-07-25 22:33:57,2017-08-01 19:27:52,2017-08-21 00:00:00
bbd614711912a52f52ec34fabc130e10,50c1a423e843d82fe1243d6a5cb3af29,delivered,2017-02-13 15:20:14,2017-02-13 15:30:11,2017-02-16 16:12:44,2017-03-02 14:54:27,2017-03-24 00:00:00
632984d58b2a50f588c4a3c559c1f8f3,422fc5a15f629ad7a487384d91beec05,delivered,2017-06-28 18:13:18,2017-06-28 18:25:09,2017-06-30 15:36:04,2017-07-12 18:57:37,2017-07-24 00:00:00
eff7518af43b9c489aefc02f5957f330,aed5986d52a71d75a13516849ed56c2e,delivered,2018-08-10 11:03:19,2018-08-10 11:15:17,2018-08-10 15:16:00,2018-08-18 16:58:24,2018-08-15 00:00:00
7efa8c532a0dd4aa1027b9b6d21d993c,7ce08ab23ff0e1fef9bd5917f029a4fb,delivered,2018-05-15 10:49:07,2018-05-16 16:56:50,2018-05-17 12:38:00,2018-05-19 10:46:23,2018-06-01 00:00:00
ef24051d70c42220346c1e8d253502ee,4af2ca7ca1dc1b8bdb8ffd8a8ac0c7b2,delivered,2018-07-12 15:34:05,2018-07-12 15:45:54,2018-07-13 07:28:00,2018-07-21 14:56:35,2018-08-07 00:00:00
1069df9b022c0b01d48a46af47e7af81,bd60114b444f22fc31720b2403f60551,delivered,2017-11-24 08:54:03,2017-11-24 09:11:27,2017-11-24 18:03:28,2017-12-01 14:39:07,2017-12-21 00:00:00
22c0902f5c8c0b291225dae683ea12ad,adc5095bd07ec629402aeb343d18f480,delivered,2017-11-02 15:16:33,2017-11-02 15:30:59,2017-11-06 20:39:04,2017-11-13 16:53:56,2017-11-29 00:00:00
47aa694d87f6ae4995bd02d6e8d9132d,0e9d153de61896911c7d236b8a6c1886,delivered,2018-03-28 23:04:56,2018-03-28 23:15:12,2018-04-02 23:52:08,2018-04-04 18:52:30,2018-04-10 00:00:00
8274b22857199e6a1f3d6559c7151146,666f39842d1e5d7d1fd1daafdce14592,delivered,2018-05-04 20:25:45,2018-05-04 20:35:10,2018-05-07 16:42:00,2018-05-14 20:31:45,2018-05-28 00:00:00
b7790d729c085173e21678723b6e5381,9e3137fd1b04696c4c9e850182b5b5c4,delivered,2017-10-01 13:11:48,2017-10-01 13:24:03,2017-10-02 17:48:08,2017-10-11 16:08:21,2017-10-18 00:00:00
4bdde1ba1f6aef6c851f5ba80be3433e,75d3a2981d8edde1ecc2ecac7f82e4bc,delivered,2018-02-16 14:21:36,2018-02-20 07:26:51,2018-02-20 18:05:57,2018-03-08 02:05:32,2018-03-14 00:00:00
036d29511908c7b10872e1e72fd0681b,cbe4c947b4d90a9081fc935dc7a9bec6,delivered,2017-05-29 21:18:24,2017-05-29 21:30:14,2017-06-02 10:29:15,2017-06-11 12:12:41,2017-06-23 00:00:00
ad1b24e31eda83c8bf2123f3961f588a,1b79c6b65f89bf54aa50921be431b176,delivered,2018-03-01 11:22:14,2018-03-02 02:15:59,2018-03-07 00:42:51,2018-04-11 16:56:34,2018-03-29 00:00:00
02e827a9f1e829b50b81eb9e26588ed9,625686f10cec48c80b355bdcd4b94dd8,delivered,2017-08-11 18:32:57,2017-08-11 18:50:14,2017-08-16 21:04:10,2017-08-18 18:47:05,2017-08-24 00:00:00
48a2b1dc26bd77deaee98e646fbc31cc,2de345a4358584e6d06a3f11db7f2c84,shipped,2017-02-01 14:58:05,2017-02-01 15:11:02,2017-02-02 09:01:01,,2017-03-14 00:00:00
37a5490daa64aa8fd7c9de7dbc36677e,c6b50a19c24f1ea036b454ccd2a1bde1,delivered,2018-02-18 21:54:33,2018-02-18 22:55:26,2018-02-20 16:30:08,2018-02-23 23:12:49,2018-03-06 00:00:00
bfa85775aa2f5d60e7b5584dc8ba144c,cf80fd8001f3dde881b3b3f8d2badd49,delivered,2018-03-24 22:30:25,2018-03-24 22:47:31,2018-03-27 17:31:39,2018-04-02 21:16:33,2018-04-16 00:00:00
f1ce9965a957c39b5753f2b82622f6fb,c281c5f935d39e223bdc5aa6f1955ad6,delivered,2017-11-19 17:37:11,2017-11-19 17:50:33,2017-11-21 22:26:57,2017-11-29 18:09:04,2017-12-07 00:00:00
a631c58c22a3491bae3ac549200ec8ae,422f656d09761e734b3161bf35dc33b3,delivered,2018-05-07 20:42:55,2018-05-07 20:55:39,2018-05-09 14:14:00,2018-05-14 21:48:45,2018-05-18 00:00:00
bf2c047d037b7ff9d4a0032cf32c06c7,2768315d55fffb8dfdc1f2b8acd14854,delivered,2018-04-22 20:17:49,2018-04-24 19:10:33,2018-04-24 22:06:39,2018-04-27 15:22:31,2018-05-17 00:00:00
ccac33950ffc27cb905dbcdfb099494a,001574cd5824c0b1ea90dd4f4ba6d5b8,unavailable,2017-11-26 02:13:57,2017-11-26 02:30:13,,,2017-12-19 00:00:00
40bf12930df251761b91291590dbe45b,eb1c357d7150030e58b2ad4cdbc1fb0f,delivered,2018-07-11 17:58:38,2018-07-11 18:10:20,2018-07-18 12:31:00,2018-07-23 20:47:55,2018-08-09 00:00:00
2eaa9442b80b5a4698a0635ebbb65dbc,445fc8d96097997bfc540a46b6283c13,delivered,2018-08-14 00:22:38,2018-08-14 00:44:01,2018-08-14 08:10:00,2018-08-18 13:24:48,2018-08-28 00:00:00
0e766fdb8a5d5379df4c5faab13ce762,95cf8ae225efd25636286e81877d7019,delivered,2018-06-03 20:11:16,2018-06-03 20:31:25,2018-06-04 13:48:00,2018-06-13 20:04:11,2018-07-16 00:00:00
2d418742b39100d2fbaf280becbfe159,980b35b5df7f8bbd1a0056172a6a2d1e,delivered,2018-06-11 08:48:24,2018-06-11 09:11:56,2018-06-12 15:13:00,2018-06-13 19:41:14,2018-06-21 00:00:00
a5bf7b210e4e59a0a786e88355cc8657,fde636315666a473d113ddb2ea5e27f0,delivered,2018-08-15 19:13:57,2018-08-15 19:25:15,2018-08-16 14:51:00,2018-08-17 20:22:31,2018-08-24 00:00:00
348af6f0ccd66ddb6e724b8fe5547368,204c5273cd3900765b544887ce970002,delivered,2018-06-07 13:45:38,2018-06-07 14:20:03,2018-06-08 15:16:00,2018-06-15 22:22:46,2018-06-25 00:00:00
7a240ceeef4e675b85598c68d9aed65f,8f7734b01f40b58a639198ea95c3c0d7,delivered,2018-04-22 16:06:21,2018-04-24 19:28:11,2018-04-23 23:21:37,2018-04-30 21:04:35,2018-05-16 00:00:00
1c009b90a698d21d53fcda6aee401ad4,2a05b113978f1620a688760fa3873b8d,delivered,2018-06-18 22:17:30,2018-06-18 22:37:08,2018-06-20 12:27:00,2018-06-25 14:04:49,2018-07-11 00:00:00
8bf33d4b7023414545360548b0e2ee37,de02f63690cd2ce9592e2960730d3b76,delivered,2018-04-17 15:21:32,2018-04-18 17:58:44,2018-04-19 18:03:40,2018-04-20 18:44:33,2018-05-04 00:00:00
0b71862ee9cbb65cc3da31466a6c2990,a3bc153e31417450d48c6b079df00bd6,delivered,2018-02-22 18:45:08,2018-02-22 18:55:34,2018-02-28 01:38:44,2018-03-01 19:59:16,2018-03-08 00:00:00
d6e7d19f0fe4b6df00f3e0389d859e44,017c416d7047f02aea089e0ce017e7bb,delivered,2017-11-13 22:31:33,2017-11-13 22:50:38,2017-11-29 13:41:42,2017-11-30 17:42:00,2017-11-28 00:00:00
4a6591a486da3e568782dd196ea19e41,e8e49c9aa07ee125c68e2f6596840bd4,delivered,2018-04-14 20:42:04,2018-04-14 20:55:31,2018-04-17 17:21:28,2018-06-08 18:34:53,2018-05-16 00:00:00
b50a7d7b24d9089159085f878aecfad0,e5174673a9e30f7bf48c44221755012c,delivered,2017-08-17 00:57:24,2017-08-17 01:25:38,2017-08-18 17:08:01,2017-08-24 20:27:47,2017-09-11 00:00:00
426701450f5300e9ef1d19a023eaf69f,01077b7579fd4c86971c6598bd550ee5,delivered,2018-01-14 09:44:54,2018-01-14 10:09:25,2018-01-16 13:53:24,2018-01-22 21:48:40,2018-02-05 00:00:00
1bf96d65e405802ae7b8a8e176b0b3e6,10a0d23b8974fb07465487377785ef2b,delivered,2018-07-22 00:08:01,2018-07-24 11:33:03,2018-07-25 11:57:00,2018-07-30 13:18:48,2018-08-20 00:00:00
a8ab4d61b3fd92a9aa110f5940434d1e,4aad0658e81c7e6766ea82c9b30016b3,delivered,2017-09-12 20:43:48,2017-09-12 20:55:12,2017-09-14 16:47:51,2017-09-20 18:24:48,2017-10-13 00:00:00
eb4b336bd21e49c74c82949c6cc43ec6,7ca314e66fa021d631d129468a264024,delivered,2018-04-01 19:47:31,2018-04-01 20:08:24,2018-04-02 16:12:13,2018-04-10 20:21:56,2018-04-23 00:00:00
bb391ad27dd9d875df8a2be3a7758713,bcd16dc293aaa0a6ecdb0bed8701b8cc,delivered,2018-05-17 00:24:13,2018-05-17 00:35:17,2018-05-17 13:37:00,2018-05-21 17:15:47,2018-06-06 00:00:00
2c8f8b620f20e83829e70d2e0f32e49a,35ac5b14022c7d3d8e5388bb52224abe,delivered,2017-12-17 13:36:40,2017-12-17 13:54:20,2017-12-26 19:45:38,2018-01-10 13:41:47,2018-01-12 00:00:00
dd7258d04983f4dfe5cb98b1ca71035e,85e97f3b4413ab6e7241ec707a9e8410,delivered,2018-06-09 19:50:55,2018-06-09 20:18:45,2018-06-11 16:16:00,2018-06-20 20:24:09,2018-07-13 00:00:00
494f869f61ebf5fd01f40a4a2a569481,f9cf598e549c30b2eb1663dc5382ca5b,delivered,2018-04-27 11:26:31,2018-04-27 11:52:14,2018-04-30 13:14:00,2018-05-09 11:12:31,2018-05-22 00:00:00
2e287cee637969033ec9ab49602e61ef,bf6418c67d6b29aada7d4a9a0cfb3e09,unavailable,2017-01-30 15:48:53,2017-01-31 04:31:22,,,2017-03-10 00:00:00
58d91d85a637d0643c2cd08aefd19532,1a6cd0a83e267eaa437287934d11f6f9,delivered,2017-11-30 11:17:36,2017-11-30 13:31:19,2017-11-30 21:47:29,2017-12-10 15:32:58,2018-01-02 00:00:00
518ca81bf7a1b719e32d6847b6afff85,650f3b6c42fb8a34e34421a58e0f4219,delivered,2017-11-27 06:53:53,2017-11-27 07:16:48,2017-11-27 15:18:01,2017-12-19 18:56:58,2017-12-22 00:00:00
1d8a6b3b4362492f06a5da27121fd530,34324e7a13247e2859ac8c1d3636e3f0,delivered,2018-04-10 20:56:15,2018-04-10 21:15:20,2018-04-14 01:12:37,2018-04-19 23:51:34,2018-05-03 00:00:00
96dc07932f59d56e4ad322bd10a226c9,dca14e4b75e3577d07c234a18b657cde,delivered,2017-08-28 22:58:41,2017-08-31 15:15:27,2017-08-31 21:19:59,2017-09-15 20:29:56,2017-09-25 00:00:00
f967e8851f01d6b40232cae3384f06c8,d73bc399856931c0621a35d59564f00b,delivered,2018-01-12 08:30:17,2018-01-12 08:50:25,2018-01-19 12:16:43,2018-01-24 18:49:18,2018-02-05 00:00:00
d7f7e1d5e79250921c5be8d5ad0d4824,2d028440d72664dcf311e9b5143b6e6a,delivered,2018-08-11 18:52:55,2018-08-11 19:05:16,2018-08-22 14:19:00,2018-08-29 23:32:03,2018-09-24 00:00:00
b2f3bd57a44d7e2fb0fa3eeb5072cc90,8903c964ca8937927f6d200363326f97,delivered,2017-12-04 20:10:38,2017-12-04 20:18:23,2017-12-05 17:44:36,2017-12-14 21:07:38,2017-12-27 00:00:00
e98c1902289b968eada0709158767a6a,ca96bbd1405379b80e48b64cee01ded0,delivered,2018-05-25 14:36:42,2018-05-29 03:31:19,2018-05-29 13:27:00,2018-06-11 19:12:39,2018-06-28 00:00:00
d9d4008eda3f55c6d4fff91cff923793,b6f67adc8721fca02d68c6882cb29cc9,delivered,2017-12-10 16:22:42,2017-12-12 03:53:04,2017-12-15 00:13:42,2017-12-20 16:23:05,2018-01-04 00:00:00
40d9b709b3b6a77fcd309165705f58d7,d707f0c570bead47049c3a517b657b95,delivered,2018-07-29 15:38:03,2018-07-30 18:31:09,2018-08-14 12:56:00,2018-08-20 16:21:00,2018-09-10 00:00:00
826eeb58a3803a831408e5f3e5cb3849,bd42702f2336b749f68ad537b1c0cea5,delivered,2018-07-16 22:51:59,2018-07-16 23:05:11,2018-07-20 14:25:00,2018-07-25 17:46:54,2018-08-01 00:00:00
1566e171c4b2ce6aae4f8d222097ef6e,52a4e084d8b7e51397a7168ee9be5960,delivered,2018-08-21 21:30:35,2018-08-21 21:45:20,2018-08-22 14:18:00,2018-08-27 15:36:39,2018-09-04 00:00:00
f22698a00370679c0784aae7c060f87d,9095ea27e45e0d5a152a23d0b923a0df,delivered,2017-04-16 21:09:09,2017-04-16 21:21:50,2017-04-17 11:57:05,2017-04-20 09:56:04,2017-05-08 00:00:00
ad7af94fde1de7cae7f6aea90e45823b,a8a812ac63050ceaaaa30a9fa3a0db1e,delivered,2017-08-13 16:38:05,2017-08-13 16:50:12,2017-08-14 15:19:47,2017-08-21 18:47:44,2017-09-05 00:00:00
de806f0367f37cd3f1861282b7bfcff5,c3c26ad812d4a574aedf516594ebd46a,delivered,2017-11-23 22:42:26,2017-11-23 22:49:22,2017-11-29 00:16:48,2017-12-01 15:42:15,2017-12-18 00:00:00
354170da2755821e9c7cdccbe277b0b2,1c7007c94573e6c01c8e30cc70bcf475,delivered,2018-08-20 12:00:24,2018-08-20 15:35:45,2018-08-21 14:36:00,2018-08-27 18:18:25,2018-08-30 00:00:00
f7efe4b422fd5a4d6415687184ce9059,5146b17aab60abc762af2d692ee0ca47,delivered,2017-06-11 13:38:28,2017-06-11 13:45:16,2017-06-12 13:44:15,2017-06-22 15:06:53,2017-07-07 00:00:00
a0f1470a138fc60452fcfbce3a2d937b,149a7003c8eda15d72fe457aee6501de,delivered,2017-10-18 21:14:29,2017-10-18 21:56:16,2017-10-20 16:53:07,2017-10-23 22:27:38,2017-10-30 00:00:00
506feda6a5f5513b9d383bb59eb06674,a7d3eb51fcb8e8e078482e518b38dbce,delivered,2018-04-19 19:24:20,2018-04-19 19:35:22,2018-04-23 19:34:52,2018-04-25 20:58:42,2018-05-08 00:00:00
4c65a418483996868f2e6a6fde9538b2,f1aab544f6ea956de2b071ff4f6cd3c7,delivered,2017-10-29 14:13:18,2017-10-29 14:25:07,2017-10-31 14:42:50,2017-11-06 17:18:30,2017-11-23 00:00:00
23beb6d4a25c4ec53f57dab654990dab,ab46cf84b94f59e5b56086ed5a8564d8,delivered,2017-12-21 09:44:24,2017-12-21 09:52:30,2017-12-22 21:25:03,2018-01-23 16:24:52,2018-01-23 00:00:00
72b014780c2effe0419b8bb4b534d612,aae2be15a6f6c5b953b34cb4fc7be29b,delivered,2017-11-08 12:00:01,2017-11-08 12:11:30,2017-11-09 17:32:28,2017-11-21 20:58:36,2017-11-29 00:00:00
37032037a9594be86de78211bab2e548,859fcac40c594fc5e56f068f90fa0cfe,delivered,2018-03-11 23:16:13,2018-03-11 23:30:25,2018-03-13 20:28:19,2018-03-20 22:18:51,2018-04-12 00:00:00
aab057eadca2981f30e045529272020c,f17dc22845da7354c2279806c5c5483e,delivered,2017-07-11 20:54:38,2017-07-11 23:23:38,2017-07-12 18:03:51,2017-07-21 18:03:59,2017-08-04 00:00:00
b231ac7a6c9bf6113ddfd94e6fec8cd8,ec801af195e2b30cb44c179b8fac3376,delivered,2018-04-18 15:24:21,2018-04-18 15:53:23,2018-04-19 00:51:15,2018-04-24 16:04:00,2018-05-09 00:00:00
99b9af6fb5803a5ea9686542a15b3de4,fd7df8230026289f32d475efbff468aa,delivered,2018-01-15 12:03:29,2018-01-15 12:16:02,2018-01-16 20:27:50,2018-01-30 21:22:30,2018-02-21 00:00:00
ad0edbe4d9b9b10574db2a0aed82f950,34faa2266c068fcdd7a3f65093e54c98,delivered,2017-12-15 18:38:43,2017-12-15 18:51:23,2017-12-18 18:34:16,2017-12-19 17:03:03,2018-01-04 00:00:00
ae507059decacd2e46f7cc2966f3d14a,6cc2e40eace90bc96763f568bd106a6f,delivered,2017-05-09 09:28:56,2017-05-09 09:50:46,2017-05-09 14:14:18,2017-05-16 14:04:52,2017-06-01 00:00:00
81b4a6e508417c86e2511a9673ad3eaa,838c6f397156bab88fa071ca0d6919e6,delivered,2018-01-16 14:43:22,2018-01-16 14:54:24,2018-01-20 00:08:51,2018-01-23 17:35:57,2018-02-06 00:00:00
5d4c75bf5b2662efecbde63a3dc0ddf4,4fbd9ee982bceaad9d77ae03ed9a420c,delivered,2018-04-05 00:13:48,2018-04-05 00:28:27,2018-04-07 01:21:22,2018-04-22 15:38:46,2018-04-24 00:00:00
18ecf61fc81ab5704adb2a4b1ffdd392,81114b373fba246b9c221239c0de1f09,delivered,2018-04-17 01:30:28,2018-04-17 01:52:13,2018-04-18 15:51:27,2018-04-19 15:56:33,2018-05-03 00:00:00
dfbe1f9969a666a759c397598ddb21fa,d8a05ec10db32c4c93c60db812959450,delivered,2018-05-07 09:19:23,2018-05-07 16:55:48,2018-05-08 15:13:00,2018-05-11 23:20:49,2018-05-25 00:00:00
a0489f813262544cff043d56396759b3,1c73051de34d131595a4eb6557a7ee89,delivered,2017-03-27 17:44:36,2017-03-27 19:42:50,2017-04-03 13:10:20,2017-04-21 10:45:07,2017-05-03 00:00:00
e88c197e0c1617f8ea8f354d95258d79,2b77197cd07fdc2b3f32e1fdbe1fcdc9,delivered,2017-08-10 00:12:38,2017-08-10 00:30:17,2017-08-10 18:38:47,2017-08-24 16:42:59,2017-09-05 00:00:00
9711d75c7f14daa7b898759d42b9af64,77fa72bb31036e933952e5462cdb922c,delivered,2017-08-24 12:25:32,2017-08-26 02:11:07,2017-08-28 20:29:41,2017-09-11 15:03:35,2017-09-18 00:00:00
c4c6e8f064fd8995f96f6abd4c5b0e42,2a5adfc3e22cebb1f7d0576bf404777e,delivered,2017-10-23 21:28:18,2017-10-23 21:49:17,2017-10-24 20:42:33,2017-10-31 17:23:50,2017-11-16 00:00:00
6e6baca2f9f4e9604f296850486a01b4,e01009144dc56be3a71d2f7b83f2243f,delivered,2018-05-01 13:14:15,2018-05-01 13:36:15,2018-05-02 14:32:00,2018-05-07 22:22:04,2018-05-18 00:00:00
7cb5aaf8b7b7b439174c2e4efdf4c7a3,c54f3adc4e82b43d49101975a9bedb2c,delivered,2016-10-06 10:13:53,2016-10-06 16:07:50,2016-10-30 14:58:48,2016-11-07 13:14:44,2016-11-30 00:00:00
69f57d3eb1a981a8fd71d99c39bb6109,9923c6304b55166c7bdb59470d76e262,delivered,2017-10-29 07:43:05,2017-10-29 07:50:08,2017-10-30 17:53:57,2017-11-13 19:07:03,2017-11-27 00:00:00
8a6e225994411f2e15e2407fd5a05511,6a247605b4d45aed36f7e3e253bfab01,delivered,2017-09-02 12:18:12,2017-09-02 12:30:17,2017-09-05 18:00:11,2017-09-13 18:13:46,2017-09-26 00:00:00
ead0bec6842006b655fed967de837883,fc20bf52378cf158c091ebd048188b5f,delivered,2017-03-06 11:47:24,2017-03-07 04:10:34,2017-03-07 11:16:19,2017-03-10 09:37:51,2017-03-27 00:00:00
1600bd49133bb733879bc4e6457945e4,c2cdcadacc22185fbb4a39af8038569e,delivered,2018-06-17 17:39:53,2018-06-17 17:55:08,2018-06-18 13:03:00,2018-06-19 17:51:49,2018-07-18 00:00:00
37a63972d6fa35618d22858e3cffefc1,9517bc0cc0531f3b191708822d0cd1aa,delivered,2017-12-12 01:34:43,2017-12-12 01:47:12,2017-12-12 16:14:50,2018-01-25 21:38:47,2018-01-12 00:00:00
da647e80e38239a2e8f026b3f011c8af,4750fe3df8dc3ad2a6aee8a8c65c675b,delivered,2017-09-25 22:40:11,2017-09-25 22:56:17,2017-09-26 19:14:59,2017-10-02 12:34:29,2017-10-20 00:00:00
29a9f2a2f7faed6b3457f5325e7d14cd,1932595737c305d582e1b11bea15d29c,delivered,2017-09-25 11:16:58,2017-09-25 11:30:29,2017-09-29 14:43:51,2017-10-19 18:19:54,2017-10-26 00:00:00
decd51240a83290835fb78029efd1f0a,d28371caf7435596262c5c40a6a9c325,delivered,2018-01-04 11:11:33,2018-01-04 11:28:39,2018-01-08 14:56:59,2018-01-10 12:42:09,2018-01-29 00:00:00
3fdee57c3dba3da728d2e951c55504d0,b7e1c2f6ff7a227420c6c2ea91d6ceac,delivered,2018-02-11 12:43:03,2018-02-15 03:47:52,2018-02-20 18:34:26,2018-03-16 19:11:50,2018-03-15 00:00:00
a27f40f8d2b565f2d8d430fc05cde4c9,c2a0417ba5a44c1b83e9c761e3550a2c,delivered,2018-06-28 18:31:08,2018-06-28 18:49:53,2018-06-29 11:25:00,2018-07-03 21:12:30,2018-07-20 00:00:00
0c53c83ddb6fc0f6d915cda471c0aee5,bde4e157ee06c28735a5ed052ba76769,delivered,2017-08-29 20:50:49,2017-08-30 20:10:14,2017-08-31 19:04:00,2017-09-13 22:22:31,2017-09-19 00:00:00
c3c35f2d43a0d5fd996de1f3b77ffa0d,d14b8484a2e75c490a1a1bc3d3426a48,delivered,2017-02-11 18:05:27,2017-02-12 06:45:45,2017-02-13 14:00:19,2017-02-21 16:52:29,2017-03-16 00:00:00
08f016204423b6b70f37abfa64ecbc64,fd0155e73e71f879a2079171afacc7c8,delivered,2017-05-27 01:55:51,2017-05-27 02:10:15,2017-05-30 07:36:31,2017-06-05 11:52:57,2017-06-19 00:00:00
af42d1d70bc955e5272039f5d271c392,a6b360081493d93571023c728c118671,processing,2017-09-05 16:37:04,2017-09-06 16:50:17,,,2017-10-04 00:00:00
3b20452d7bba8f668a7d4a3d67cd7493,bcfe942e5e0905bd455622a0c95bfae1,delivered,2018-01-07 15:30:53,2018-01-07 15:39:19,2018-01-08 17:38:58,2018-01-13 01:32:06,2018-02-01 00:00:00
25a6470fe0861e38f167701818706ce9,3b60219f8dffebcd12b4de51d4168152,delivered,2018-05-23 07:57:16,2018-05-23 15:56:55,2018-05-30 11:32:00,2018-06-05 17:05:16,2018-06-04 00:00:00
64870069a2ef2e45dfbd920310639dcd,b3b4c2d3aa425f6db2248f6360096213,delivered,2017-05-07 17:31:09,2017-05-07 17:42:03,2017-05-09 14:10:28,2017-05-10 17:07:59,2017-05-29 00:00:00
b10b4554ed368e8a148a07f34f78097b,d5f31990b4f54682ef990f6d69a82453,delivered,2018-01-03 12:37:55,2018-01-03 12:47:16,2018-01-08 20:20:18,2018-02-01 14:29:58,2018-02-06 00:00:00
25674393f73d73aed8ab7758052b7ecd,a9693a08894fae91c09ad75f16cf8a18,delivered,2018-06-22 15:37:06,2018-06-22 16:01:29,2018-07-03 06:09:00,2018-07-04 16:08:49,2018-07-17 00:00:00
f7989b055ad44545882357110ce31a88,74de328cc488f0f3fd3bc396b465215f,delivered,2017-08-28 19:39:50,2017-08-28 19:50:18,2017-08-29 19:17:29,2017-08-30 14:03:22,2017-09-08 00:00:00
15a67f90313578833383de224d57675b,90897df31d5737f12f7f1e8945526287,delivered,2017-10-30 08:21:05,2017-10-31 04:26:37,2017-10-31 22:12:45,2017-11-06 14:37:57,2017-11-17 00:00:00
b51327205e6ff7ad93013ce640671e68,71c26c2af249aee0282d9611b86a2b0d,delivered,2018-06-13 21:26:00,2018-06-15 02:37:13,2018-06-15 17:26:00,2018-06-19 15:33:14,2018-07-03 00:00:00
2adae2975261ded781005e7da274f22d,87ef890f6ee57134f134f76f5c5d6b53,delivered,2017-05-03 20:17:47,2017-05-03 20:30:12,2017-05-04 12:05:23,2017-06-02 05:18:38,2017-06-07 00:00:00
0b07e7d1e914b970ab1ee7402cddd4ce,fd9cfa9c0b1759c22b2eda5797a857d5,delivered,2018-06-15 07:43:54,2018-06-18 10:33:54,2018-06-25 12:26:00,2018-06-29 18:52:15,2018-07-27 00:00:00
f72e1fcd8c83f302bbb4a322b118531d,ac9dfe8c6540f2068c789c7140fa6ff5,delivered,2018-02-08 10:02:09,2018-02-08 10:15:30,2018-02-09 21:28:51,2018-02-20 21:29:44,2018-03-06 00:00:00
a5f93aa1c000c4e41196ec88fb378954,b4f9144eea6ec387f15d204974d0313c,delivered,2017-12-30 17:39:33,2017-12-30 17:49:22,2018-01-04 10:47:56,2018-01-10 22:20:54,2018-01-24 00:00:00
854237a365a9bcdaae803b2fe7a630d1,e4639842a29526c58d2965746e1b9f78,delivered,2017-10-08 23:34:17,2017-10-09 21:49:35,2017-10-11 18:32:46,2017-10-19 21:03:16,2017-11-08 00:00:00
92d3d3bc9e818292cc5885e18c2d3437,42aa92889b237fab1d93a49a5be449ac,delivered,2018-07-02 17:23:02,2018-07-02 17:35:22,2018-07-03 13:34:00,2018-07-12 22:21:11,2018-08-02 00:00:00
afbcde4d65b89fd05616ad0cab26b715,9d011d41fea9f9b97db23cb5ca169f44,delivered,2017-06-14 19:40:42,2017-06-14 19:50:14,2017-06-19 14:09:00,2017-06-26 16:51:44,2017-07-12 00:00:00
bdb2bc3c571eb25e242b01f591816c7b,fb28f41718646324c1ff91eb6b8c724e,delivered,2017-10-02 11:17:07,2017-10-02 11:28:29,2017-10-03 17:15:52,2017-10-05 23:09:44,2017-10-30 00:00:00
f39eb130ae6b240988c071f3feb3a1a1,1a634ee44caf584f4374b84806146bcf,delivered,2017-10-22 22:12:47,2017-10-22 22:26:17,2017-10-23 15:33:08,2017-10-28 12:47:59,2017-11-14 00:00:00
e5c0172ee0cef526f88bc189213a5070,e4e3bba332476f71fdea5a78311ec9c1,delivered,2018-08-04 23:12:13,2018-08-04 23:24:21,2018-08-14 11:39:00,2018-08-15 20:24:27,2018-08-15 00:00:00
d0004524a4d6c8fbf404f73e72e72c53,428c9b0270df86e9cf60837fd129aa55,delivered,2017-07-02 20:32:01,2017-07-04 04:10:08,2017-07-04 14:45:26,2017-07-11 19:32:56,2017-07-25 00:00:00
05c5fe623dddb59ad7462d5adf24885f,3b85d7e01afbab4314024cef7903a329,delivered,2017-07-05 14:59:51,2017-07-05 17:38:49,2017-07-06 15:06:51,2017-07-17 20:32:29,2017-07-27 00:00:00
903b1832e250deb0b1724a7be13dd5d7,387dd90ff1ad4a209fbf5caea3d8a526,delivered,2018-01-20 18:37:54,2018-01-22 18:34:12,2018-01-23 20:45:03,2018-02-06 18:21:41,2018-02-19 00:00:00
3cb2ba0f933044d545dcce9bb8dbbed8,3d34bc278b589f2d4f7486271fbfc3a2,delivered,2018-04-21 11:42:17,2018-04-24 18:13:35,2018-04-23 18:42:19,2018-04-26 11:19:15,2018-05-07 00:00:00
9c3ec2b1090ff630e2ff9ef49f962734,afeb4348cd00d7c53b08422459d5b8f2,delivered,2018-06-29 11:02:18,2018-06-29 11:15:13,2018-06-29 11:05:00,2018-07-03 19:25:44,2018-07-23 00:00:00
514a25ad1f240dd40ca9f02d1cb60a91,e3a11d0d9a3cc0234185519189075f4f,delivered,2018-08-06 21:56:11,2018-08-06 22:05:14,2018-08-07 12:37:00,2018-08-17 19:21:00,2018-09-05 00:00:00
314a447e8e7745c6ea8fa459dc6c1ba7,f931854a4d712bee76b807626ef2ff1e,delivered,2018-03-14 16:26:50,2018-03-16 14:30:37,2018-03-20 00:02:33,2018-03-23 14:48:32,2018-04-06 00:00:00
7b351cbc1f8721faaab3f7d117f3ef7b,fbec1c552f26a3aba58e435e17c4b2c5,delivered,2018-08-02 17:22:35,2018-08-02 17:35:20,2018-08-15 09:18:00,2018-08-24 00:38:43,2018-09-06 00:00:00
bf7c6448537b35fcded92b0df9050145,059a6bcd8055546a0aa2330dd63d972d,delivered,2017-09-04 10:22:25,2017-09-06 03:04:02,2017-09-08 18:06:36,2017-09-14 12:36:32,2017-09-21 00:00:00
5f3e315da0dbfdaabd6f8cff4fd2946a,ed9ff4f184dba21d515f97c12dbd94ab,delivered,2017-11-03 20:23:47,2017-11-03 20:35:24,2017-11-10 14:36:40,2017-11-13 15:38:50,2017-11-17 00:00:00
d4fdb2be174c84a6409a3968c55b01c5,b32785cb1a97807fc184b314bb7d4a7f,delivered,2017-07-02 21:13:38,2017-07-03 21:24:04,2017-07-06 08:56:34,2017-07-26 20:22:26,2017-07-27 00:00:00
5fec03fce725fff481779aff4be805d8,e804e7ef5f81657fd973fde6a032d3f4,delivered,2018-08-04 11:26:44,2018-08-04 11:44:16,2018-08-07 14:38:00,2018-08-10 18:38:46,2018-08-20 00:00:00
f2b05b43011210214069c513de56b6b0,6aae5a715cdba6e7d4333a0eeeead63b,delivered,2017-10-20 00:31:45,2017-10-20 01:06:09,2017-10-24 15:18:39,2017-10-28 16:47:59,2017-11-08 00:00:00
19a47ae035d15a52dec979602867b2da,ef6e817095133a36bba30af9a60bdb09,delivered,2017-07-14 20:13:42,2017-07-18 06:05:32,2017-07-24 13:11:40,2017-07-31 20:29:21,2017-08-15 00:00:00
902415af941f8c73f57aad8f19ee3173,1fd458cd872efb2ccd857f325f6c3f5f,delivered,2017-08-09 15:21:18,2017-08-10 03:24:02,2017-08-10 20:15:51,2017-08-11 17:52:31,2017-08-22 00:00:00
4e78772384a49c0cb9ec6c49530a98de,fcbf0840033abe9ce35f68d9f2861e4a,delivered,2018-06-08 10:48:33,2018-06-08 10:57:25,2018-06-08 14:54:00,2018-06-18 16:57:43,2018-06-26 00:00:00
8907bb9eea50481b73734c7aa8fd2e16,d688d6706350d130db0392840898daba,delivered,2018-03-15 10:36:48,2018-03-15 10:50:28,2018-03-21 15:24:35,2018-04-20 21:58:47,2018-04-17 00:00:00
b161cb44963e4283789c12f8ef88d24f,ff4f727d5c76b9ed0454f45587a9c340,delivered,2018-08-17 15:49:13,2018-08-17 16:09:57,2018-08-20 14:53:00,2018-08-23 15:16:41,2018-09-04 00:00:00
82a6000ca5f9b57a52b48fa2c92373ff,d06681cd54fae3e8e67dba73ed1b0471,delivered,2018-01-23 19:39:20,2018-01-23 20:04:02,2018-01-24 22:16:53,2018-01-29 19:37:58,2018-02-19 00:00:00
e2d43cdbee2a18383c6d8ce8c63d3f1c,e011aa35a639e747cc8a9f9c731998b5,delivered,2017-09-02 15:26:41,2017-09-02 15:45:17,2017-09-11 17:07:02,2017-09-19 14:22:31,2017-10-03 00:00:00
f8e76bb341db0c60411beac8a83f312a,cdea0c6f9570d87de1f7d901543997ec,delivered,2017-11-04 14:02:54,2017-11-04 14:10:42,2017-11-22 19:38:42,2017-12-12 16:44:39,2017-11-29 00:00:00
db4d2ecc1c1a157d6250c84dd86eb838,99ebcd13bb5b88f4acd805f7890567ad,delivered,2017-01-22 13:27:07,2017-01-22 13:35:16,2017-01-23 10:20:33,2017-01-27 10:24:53,2017-02-20 00:00:00
c9c703564ad4d6fb43a1cff5524574ac,d707092bd024342cd484143f8fd20a55,delivered,2017-07-18 21:47:39,2017-07-18 21:55:17,2017-07-20 18:03:14,2017-07-26 17:51:52,2017-08-07 00:00:00
c7ab73e7c26ff800c76b703fae63c467,e5918d9d55314b728a1c5b2511c6ad61,delivered,2017-03-02 12:07:25,2017-03-03 02:22:23,2017-03-03 17:13:12,2017-03-10 08:21:44,2017-03-27 00:00:00
6dc77aee6ae4add4ed0d28454450557b,dc17fd90aa1a2ba097e0b0f428934fb4,delivered,2017-09-11 12:24:47,2017-09-12 12:30:07,2017-09-13 23:14:49,2017-09-16 20:42:14,2017-10-06 00:00:00
f1f2c2bd7c46d8b86107f0c2d9e3dcc9,c5745ce1928f3477f04286c793257d3c,delivered,2018-08-01 16:55:34,2018-08-01 17:10:13,2018-08-02 13:17:00,2018-08-03 21:17:02,2018-08-08 00:00:00
9b86b1c24ecef19a6dec20a8750341f9,e03f16c679044f02b6f9d2bed05888b5,delivered,2018-02-22 22:12:27,2018-02-22 22:25:51,2018-02-27 19:45:00,2018-03-03 13:33:45,2018-03-08 00:00:00
bcafa3b6425a9c7aaa008f3a9678d46e,a436fc79974949f91d114d0770eb839a,delivered,2018-03-25 13:59:03,2018-03-25 14:10:23,2018-03-27 01:54:45,2018-04-12 20:17:42,2018-04-16 00:00:00
2b2d14ba52a8e26e96997f82fa596480,dfe9825762431b40b05e387b94712d60,delivered,2018-05-22 17:47:24,2018-05-22 18:37:15,2018-05-23 11:05:00,2018-06-07 20:42:08,2018-06-08 00:00:00
2aebac0660127ed64f4d59d0498ea5a9,3eaa6696002bcff117ae99cadb54e7c3,delivered,2018-05-16 10:18:49,2018-05-16 10:37:38,2018-05-16 13:50:00,2018-06-05 20:07:47,2018-06-07 00:00:00
11cb97108ff8cbefc7efd3f5d6db5c6c,ff93ba140565309beed18abc96393146,delivered,2018-02-26 15:07:43,2018-02-27 04:31:11,2018-02-27 17:33:02,2018-03-10 16:58:42,2018-03-19 00:00:00
c7c5b66918c24322e797d5dc87caebd1,b38059924e5df6a030a519b2f50cc15a,delivered,2017-08-02 19:21:57,2017-08-02 19:35:14,2017-08-08 18:28:13,2017-08-09 16:47:00,2017-08-25 00:00:00
1a7705c11f9e0ac39a2e86ce7c49d089,0447df4fd1c1f9c602bf25ae24c494f0,delivered,2018-07-20 17:13:47,2018-07-20 17:25:20,2018-07-23 14:51:00,2018-07-26 19:50:50,2018-08-22 00:00:00
160eaa51781cedcf20a9a20bc9138a8d,e8dc3601f129c37dfa1f0919df41a9ac,delivered,2018-03-20 14:27:32,2018-03-21 09:48:05,2018-03-21 22:05:44,2018-03-24 18:44:46,2018-04-12 00:00:00
8999cbe9107b9b5f08d0901aa10dbb67,46afa5018cb6e3d121c49704ba4bd938,delivered,2018-05-16 17:06:00,2018-05-18 04:36:10,2018-05-18 13:23:00,2018-06-06 20:12:53,2018-06-07 00:00:00
f8898796f33b7a0741dc0cf4f54c0001,f04bc3f68cb2a1fff4fb642b10c6ecdb,delivered,2017-10-03 07:57:54,2017-10-03 08:07:19,2017-10-03 16:32:58,2017-10-06 17:50:26,2017-10-26 00:00:00
3b9119591008704806aad33e4ebd3201,6e441d93f95beaaf3a87e6982439120d,delivered,2017-11-25 12:47:41,2017-11-25 12:57:31,2017-11-29 22:58:34,2017-12-14 00:17:50,2017-12-20 00:00:00
75394bdb62cb6061c075d73965d65bc7,48d52656f1b2e51c6316984afd1f50ac,delivered,2018-02-26 20:28:48,2018-02-26 21:21:08,2018-03-01 22:23:44,2018-03-20 19:18:42,2018-03-23 00:00:00
daa13cb5f8efbd2ee69043963b0f233c,6a5b19b0670d2e6bfe0ac7b4c858f58f,delivered,2017-05-02 20:37:35,2017-05-03 15:15:22,2017-05-05 14:47:53,2017-05-17 14:06:59,2017-05-25 00:00:00
99dd7eacf34dfd90a3277bdcdfb454ac,ad7e368f155a2a9da1d1599cb84827d0,delivered,2017-05-12 13:36:45,2017-05-13 03:05:23,2017-05-15 10:47:48,2017-05-22 14:33:47,2017-05-30 00:00:00
a3629884bf8956b0f572069b8a20cc55,6b04ea93ce93cef2a5fbdfe302e21331,delivered,2017-10-03 13:26:21,2017-10-03 13:49:25,2017-10-04 11:12:01,2017-10-14 00:27:42,2017-11-17 00:00:00
6ef662a8188539a6881080ef916fddf0,0f377e7c0d721d5644a35bb1665e6499,delivered,2018-05-15 16:39:20,2018-05-16 16:39:02,2018-05-17 15:28:00,2018-06-04 12:51:51,2018-05-30 00:00:00
730c83933acab283b21bae7b3fcc91d1,6e37091e698b4eededd017fa87a1ce5b,delivered,2018-07-05 08:54:50,2018-07-05 16:07:03,2018-07-05 14:24:00,2018-07-11 16:16:48,2018-08-03 00:00:00
1915bc319651dfbfa6563a6d19d558c5,093cc8dd94c7aae7b33742a5ff3be232,delivered,2017-05-18 14:15:54,2017-05-18 14:31:21,2017-05-22 06:11:10,2017-05-24 15:53:06,2017-05-31 00:00:00
cfec5af5f95fd772fb3c0891654a24b7,a991a323620f70a0dcb5e9d3ffae0a2d,delivered,2017-11-11 19:09:09,2017-11-11 19:26:55,2017-11-14 14:48:01,2017-11-26 17:51:50,2017-12-07 00:00:00
6d5d41f8365df2db64ec35a07addcf3c,fe1730326f983e9fb206e01c60c0f003,delivered,2018-05-09 19:27:32,2018-05-09 20:35:12,2018-05-11 15:13:00,2018-05-28 10:42:13,2018-06-06 00:00:00
0efaa1dd18856769a1bcc489004fbe3b,a74fe4b2c5b909ee24bdcece5d4bf0f9,delivered,2017-11-20 10:59:50,2017-11-20 12:18:31,2017-11-21 11:53:27,2017-11-24 17:39:27,2017-12-01 00:00:00
daf0e5a480cf841aaad91caf8783080e,ac1f99b3b74760ff892b893f3f9157f6,delivered,2018-04-21 18:20:54,2018-04-24 19:09:33,2018-05-02 15:32:00,2018-05-10 11:28:33,2018-05-18 00:00:00
dfbaaa8fbe0139951467b1cc869562fb,656ab3f2a983a8f929dac5a5c00a9edb,delivered,2017-10-19 13:41:00,2017-10-19 13:56:21,2017-10-31 19:13:45,2017-11-03 17:30:06,2017-11-07 00:00:00
4783ae8bbe76b7f392dcc84c1e17d052,3e8a1ea90b0eb3ccfeb987b81205bc45,delivered,2018-04-01 15:07:28,2018-04-01 15:27:35,2018-04-03 18:36:55,2018-04-04 20:52:58,2018-04-12 00:00:00
faed4646f30cd940f469d0dfb42c4b29,11606ae54baae4efda562f7c8c14b46d,delivered,2017-06-19 10:09:48,2017-06-19 10:25:08,2017-06-21 18:24:29,2017-07-03 14:44:35,2017-07-17 00:00:00
ddf7e19dc4d5ff4be22e808142f35e5d,806f7c1753a3be75c708138b58666ea3,delivered,2018-03-03 09:07:44,2018-03-03 09:28:50,2018-03-07 02:37:39,2018-03-26 20:42:46,2018-04-05 00:00:00
b8f1d12f21b83fdb91d157f357617d90,7f1bc009fe19bd5da0750c9161fe70d2,delivered,2018-07-03 21:50:06,2018-07-05 16:40:42,2018-07-04 14:06:00,2018-07-10 19:16:33,2018-07-20 00:00:00
8b90d2eeff994cb8c7f281e9888c340d,1fa24fc6e59f9057e4122afbd1cde978,delivered,2018-05-16 12:28:01,2018-05-16 13:19:47,2018-05-16 14:08:00,2018-05-21 15:07:36,2018-06-19 00:00:00
d58bf4dd85230e05725202c1f0b4b800,a3c7076d6da760182e7c8991d96e7b53,delivered,2017-07-25 21:44:16,2017-07-25 21:55:19,2017-08-03 18:45:41,2017-08-08 21:05:10,2017-08-18 00:00:00
0f545ca99d61315ccd4d3dac78987db4,7d26ad301eea20d4a82ac1a50e8c2960,delivered,2017-10-14 01:15:01,2017-10-17 04:08:45,2017-10-19 15:44:53,2017-10-24 19:03:34,2017-11-01 00:00:00
e6a667b8b4e8787c667b00724e884177,577dfb2d557d5251a6cf3290575dd51a,delivered,2017-05-10 10:34:13,2017-05-11 04:05:23,2017-05-11 13:59:54,2017-05-16 09:58:39,2017-05-26 00:00:00
d03de684abb42c2f0d2bf3dc9245d2f8,0ffeed6068da2f6708ae69583012917f,delivered,2018-05-04 22:06:47,2018-05-04 22:15:21,2018-05-07 12:08:00,2018-06-09 00:12:14,2018-06-13 00:00:00
da5c3335442be11fa1a96ef5bb834a47,b591943cc331d449b1ac46c0df74793e,delivered,2017-08-09 00:51:03,2017-08-10 03:25:39,2017-08-15 20:07:27,2017-08-24 20:22:33,2017-09-04 00:00:00
7bed52ae04d24f8dd5725a005681fbfc,84d87129f3907d8fcbca2b05ceabab6d,delivered,2017-05-03 10:28:56,2017-05-05 02:23:30,2017-05-05 15:28:02,2017-05-23 14:11:48,2017-06-14 00:00:00
8cacf6d8c088e18ca96ee6d5a138461b,5885d2cdadfe2bfd47d3b8221e0685eb,canceled,2017-05-27 22:42:30,,,,2017-06-23 00:00:00
f2cb1c7b8d41c99db093c14f35eb5f93,1c04cbcfe22abfb83ba9354fe0ba253e,delivered,2018-05-04 19:17:47,2018-05-08 04:35:36,2018-05-08 12:17:00,2018-05-18 17:32:24,2018-05-21 00:00:00
d385135903a04968ff911a2a1c7c9188,2c06a3d41bff139d22acd4a52e7588a4,delivered,2017-03-30 17:36:56,2017-03-30 17:45:15,2017-04-03 16:21:43,2017-04-10 14:12:36,2017-05-05 00:00:00
43d782238f80b75ff6b62c0e535ce34a,26e5c2e1e7668eefaeb8167189969593,delivered,2017-05-30 15:29:19,2017-05-31 06:45:25,2017-05-31 11:29:35,2017-06-05 12:22:44,2017-06-26 00:00:00
9d9866633100cc4ffb5fc63ee78fb52f,a19aaf0a448df405ce973d0eb03a8784,delivered,2018-04-05 16:56:38,2018-04-05 17:09:46,2018-04-06 17:42:39,2018-04-11 10:27:31,2018-04-17 00:00:00
2c21824a21b2ab2474f6e330771fe766,02a66fc781a395cc79f54a7e2f4237ae,delivered,2017-02-25 21:25:07,2017-02-25 21:35:16,2017-03-01 16:47:51,2017-03-20 10:27:54,2017-03-24 00:00:00
5c54f727a59912aa9d995d04a4fa2e83,0a165647633fca8a08bab0951c4c7135,delivered,2018-04-20 22:53:57,2018-04-24 19:21:59,2018-04-25 01:03:12,2018-04-25 18:04:42,2018-05-10 00:00:00
0245af1fbe1f70f5ac7c1793c78f12cb,c6bf16f05f0fdc4603d841d215a13edb,delivered,2018-01-16 15:14:13,2018-01-16 15:31:13,2018-01-18 18:55:06,2018-01-30 22:24:44,2018-02-16 00:00:00
cad0978e6d52213f4c78b26626fc40c0,301885a94c474b91e3701ddda2bbdc09,delivered,2018-01-20 19:51:16,2018-01-20 20:20:13,2018-01-22 16:58:20,2018-01-24 20:13:09,2018-02-06 00:00:00
28c80a03a80d512daa77b7b944cf069c,57894ab2abebbe1117f2bb0e499f3488,delivered,2017-03-28 20:17:12,2017-03-29 02:31:20,2017-03-29 12:08:23,2017-04-03 16:35:24,2017-04-19 00:00:00
d4ab53c2b21a94c8b21d3008b2506ba2,be3b6d48ba2efdd20e81ccdf12e2e59e,delivered,2017-07-25 15:59:06,2017-07-26 02:25:36,2017-07-28 19:03:42,2017-08-01 17:07:55,2017-08-25 00:00:00
0fcb1b4cfdb2f127f9ae4d732352dfc7,fee9143c97f344e2663c67de0ab6eefe,delivered,2018-03-13 23:54:44,2018-03-15 03:31:31,2018-03-16 00:27:28,2018-03-22 00:32:44,2018-03-29 00:00:00
5b8983a14e57e83fee3e9c9b6de5dc04,806f3e02b4efdcdc15863987086d5519,delivered,2017-12-21 07:09:04,2017-12-21 07:29:00,2017-12-26 18:32:42,2018-01-08 16:52:08,2018-01-16 00:00:00
d855859634047e01721b79b19351224f,5054fb4472ff2f967a14a94252a8e65e,delivered,2017-05-01 14:04:36,2017-05-01 14:15:09,2017-05-03 15:53:58,2017-05-10 12:17:44,2017-06-01 00:00:00
a0b3949913dc87721a55ccc60e96e8da,258a5e776f6023a8c9ed2b4c81156c24,delivered,2018-06-25 17:32:23,2018-06-25 17:57:57,2018-06-26 15:30:00,2018-06-29 17:28:38,2018-07-17 00:00:00
d9426f18fc5bcdadd300db98a31fe40b,7a575572300875aaf8a93e3c5772d76c,delivered,2018-02-28 12:19:38,2018-02-28 12:48:40,2018-03-05 21:18:40,2018-03-23 23:23:37,2018-03-13 00:00:00
43c0147ac5c2cd461632f6b12eddf8f6,c8145ea9f734a0652c0b7dcbc75a5fa3,delivered,2017-09-24 20:01:35,2017-09-26 03:56:37,2017-09-28 18:02:57,2017-10-10 13:37:12,2017-11-01 00:00:00
c0bc4328e8d29f0658f18585be8243d8,e21a3f7b27edab73706ea08a28618e03,delivered,2017-12-17 15:12:29,2017-12-17 15:29:10,2017-12-20 20:48:54,2017-12-27 19:42:22,2018-01-11 00:00:00
b0a63209dc14e7fb6933c55c5fdaa044,890ab4eca836a870a3d2e222bd5e4233,delivered,2018-01-07 20:28:51,2018-01-07 20:47:10,2018-01-08 16:39:27,2018-02-05 22:53:15,2018-02-09 00:00:00
17a39edc59d79318c54904f59d6f4b81,4ea7c350da07cef195da59acfc9d06b9,delivered,2018-05-07 10:52:08,2018-05-07 17:56:17,2018-05-08 08:50:00,2018-05-14 18:17:36,2018-05-24 00:00:00
184d0d273e35638268d90ed9d912ee8c,e0bd132faf773c66a3577305ba55f8a9,delivered,2017-09-16 14:01:00,2017-09-16 14:10:18,2017-09-20 19:48:59,2017-09-22 18:29:00,2017-09-28 00:00:00
627b0adf375e47134b142cc2bff1d0ba,b6c95d663490247548044b86ac95cd35,delivered,2017-09-19 15:22:35,2017-09-19 15:35:22,2017-09-20 19:10:45,2017-09-25 18:58:50,2017-10-06 00:00:00
af8eabc10c9907fe66df1310db525200,914ef20b010c05ea572b275471f43f29,delivered,2017-03-02 22:24:48,2017-03-02 22:35:17,2017-03-03 14:39:08,2017-03-23 13:35:12,2017-03-29 00:00:00
a13e70df735fff3fc1285803f494777b,b290e388438c0fe0e7022df693252827,delivered,2017-02-09 21:17:20,2017-02-09 21:30:13,2017-02-10 10:11:47,2017-02-17 21:54:51,2017-03-20 00:00:00
45d415631ccea18d79bed1ea8088b58c,a0f02065ac39fbe6cc97d33e2ab47e17,delivered,2017-11-22 22:42:11,2017-11-22 22:53:28,2017-11-23 20:25:09,2017-12-06 15:42:18,2017-12-18 00:00:00
db78320762e6c2bbac3fb120405b9202,467100d009756d63195a0390c0dfb146,delivered,2017-04-09 10:46:11,2017-04-09 10:55:10,2017-04-11 07:39:02,2017-04-17 10:59:39,2017-05-04 00:00:00
5f9b2cafa834aef683c653590c8918f2,2e987291c3fad1c8a06a9a93bcc3e03d,delivered,2017-07-14 17:51:55,2017-07-14 18:05:33,2017-07-17 17:19:57,2017-08-14 09:25:43,2017-08-15 00:00:00
cedfe51bd6a794860c83382885f2328c,b806e26283f2008d98a22e44d0c3aa5a,delivered,2017-01-25 20:03:37,2017-01-26 02:15:57,2017-02-06 11:54:29,2017-02-09 09:38:09,2017-02-20 00:00:00
d6106cbb6358d276ba42e0bdc2f264a3,f80786a7c867125e6341f6eb47daa5f3,delivered,2017-09-12 21:52:18,2017-09-12 22:04:15,2017-09-14 21:47:53,2017-09-15 19:11:14,2017-09-22 00:00:00
beda117d944f8b1067fa38d063eff0e7,c6a07f3885aa611fdf975e4ce8b1c9ae,delivered,2017-11-01 18:02:58,2017-11-01 18:15:31,2017-11-06 18:59:42,2017-11-09 16:04:45,2017-12-04 00:00:00
31938103922393f681c7f0c0fc14cd20,a4240a3a8a5d87dd26f351c373357725,delivered,2018-07-20 14:04:53,2018-07-24 11:32:43,2018-07-24 13:30:00,2018-08-10 22:22:22,2018-08-06 00:00:00
c2478e79c7727fe8e2b477e3d79ca802,dfee2ea12281e7921e027345be978886,delivered,2018-02-21 22:57:00,2018-02-23 02:29:11,2018-02-27 12:13:54,2018-03-07 19:21:53,2018-03-13 00:00:00
cda07ad4f2f777317f2d6b2e3621a5cd,75d2b9b168cf65e5c1865ce4d1745ebb,delivered,2017-09-25 10:02:03,2017-09-26 03:24:49,2017-09-28 13:43:44,2017-09-29 18:44:59,2017-10-11 00:00:00
8dd554aaa8e7d61ddde56ba4189c780f,3a6be57061ebc68cc00b74186fe7ce5c,delivered,2018-01-30 09:51:29,2018-01-30 10:14:48,2018-01-31 13:04:07,2018-02-20 15:25:00,2018-03-07 00:00:00
d0f7da7e2de84e667e955f4def9e6698,e2e7b99a84f1f5750cceb5225962c877,delivered,2017-09-10 15:44:00,2017-09-12 04:30:44,2017-09-12 15:35:08,2017-09-19 21:40:07,2017-09-27 00:00:00
0e9a5de04c76a97588efe7f216942de2,c3e97948c52d294da6ecc0e5f3293583,delivered,2018-07-19 14:00:02,2018-07-20 05:05:14,2018-07-20 13:48:00,2018-07-26 16:28:34,2018-08-06 00:00:00
9b430d2eff640e354b1e8eacb8a30a2c,b763363c36f3327a9c377ba236a069b2,delivered,2018-08-03 23:00:24,2018-08-07 04:44:39,2018-08-08 14:28:00,2018-08-20 15:15:38,2018-09-06 00:00:00
4409c188d231bae1d6cf351748ebdd4e,84c85128a1b73db241b00d2e02dd7a0e,delivered,2018-04-19 13:55:35,2018-04-20 07:11:17,2018-04-20 18:51:50,2018-04-24 00:23:43,2018-05-08 00:00:00
e84aab6af2a71fdd57e937740dc5a3dc,1575002669893d427c0469145358c92a,delivered,2017-11-25 20:12:29,2017-11-25 20:34:37,2017-11-28 18:34:51,2018-01-08 18:27:39,2017-12-26 00:00:00
ff269db61cf306545ee8f5ada41a4a3f,77937dd75add321830883532bac71056,delivered,2017-09-19 15:28:59,2017-09-19 15:44:17,2017-09-20 19:09:26,2017-09-25 20:22:05,2017-10-09 00:00:00
8652f7789fe1585b439154b7ae0f4285,0f29ccaad86ee7442d59a69cf4166c6b,canceled,2018-02-20 14:49:42,2018-02-20 15:09:18,2018-02-21 21:23:04,,2018-03-12 00:00:00
e7ad3898894027b09ce153449f7bc10d,69f4df610a30ec36ed97c3a0b3bdc56b,delivered,2018-08-04 23:34:53,2018-08-05 00:04:19,2018-08-06 12:29:00,2018-08-18 10:48:42,2018-08-14 00:00:00
38fc895ea0a2aa253a46a6fdbb65aaf5,f1dbb65831243a89ed188627cb2ec97e,delivered,2018-07-22 17:47:13,2018-07-23 12:32:15,2018-08-06 17:01:00,2018-08-09 22:24:27,2018-08-21 00:00:00
b4041542e5f602fe3d4f9f11dfcf709f,5ff1cda2413cbc1cef4ea35f9bec1af0,delivered,2018-01-19 09:07:53,2018-01-20 09:16:45,2018-01-24 23:13:53,2018-02-06 14:58:59,2018-02-15 00:00:00
82ddfc248f8af440bf04024cae6bde72,25fa6948d92c513abe0352d98d668747,delivered,2018-06-29 22:10:48,2018-06-29 22:30:33,2018-07-03 21:52:00,2018-07-04 17:12:25,2018-07-13 00:00:00
c8680b1e9f88c585cdc2d029d5b1e90d,4d5ec5f9a122fdc16f7913ddebab2cdd,delivered,2017-06-19 15:48:08,2017-06-20 11:25:39,2017-06-20 11:36:13,2017-06-23 11:27:52,2017-07-07 00:00:00
b7085490200f5a1f838eb937d05b4b4a,87ff88be4fd718b5655bd668568b866e,delivered,2017-04-05 09:03:14,2017-04-05 09:15:16,2017-04-10 10:14:32,2017-04-17 05:07:46,2017-05-25 00:00:00
26792a0dac4a86edaee496f4690de6a5,01f7f5d4ffa43c8b8d2ae6c7628b0aba,delivered,2018-06-22 20:25:31,2018-06-22 20:37:44,2018-06-26 14:24:00,2018-08-03 21:59:34,2018-07-24 00:00:00
7bdf347b22c9b62457da0a386b4f875c,12ad7d6db89f14a0cf18d7307d71e0a8,delivered,2017-11-17 00:14:28,2017-11-17 00:31:06,2017-11-17 22:43:03,2017-11-20 18:21:16,2017-11-30 00:00:00
2da401a4708b2c6309e7cdf0cfa5419a,c1abff35043c0e725bf14979f11a8e29,delivered,2017-07-12 19:09:27,2017-07-12 19:25:19,2017-07-13 19:03:09,2017-07-21 19:42:56,2017-08-03 00:00:00
8a47ac4a1254acdb71d857d9d71e4086,1392bf4ea4156b566c869594d1ce5a59,delivered,2017-03-20 11:51:51,2017-03-20 11:51:51,2017-03-21 09:29:51,2017-03-31 14:54:47,2017-04-13 00:00:00
bef67738a473b9e3dafb560907533864,802bcca31830ba447d6ffc3d71d5da80,delivered,2018-01-17 14:14:42,2018-01-18 02:11:25,2018-01-18 22:32:43,2018-01-22 17:17:07,2018-02-01 00:00:00
1624e662b5bc50debee1678caa41dbfa,2a64d5a3bf482907c8ac1aa4abfe4b8a,delivered,2018-03-13 14:00:17,2018-03-15 03:29:21,2018-03-16 17:52:47,2018-03-19 15:28:36,2018-03-26 00:00:00
42e8aa987fc0b5e8e6ab1eced3eadd1d,8e04a9a425644607a1636ccbeb193f84,delivered,2017-12-27 14:34:39,2017-12-27 14:48:57,2017-12-28 18:59:04,2018-01-15 22:59:11,2018-02-01 00:00:00
5568db9dd4584b73544e077f55db4d78,4239915703664cce7690bd8ae0f82839,delivered,2017-11-16 13:16:37,2017-11-18 02:50:28,2017-11-23 00:11:59,2017-12-12 14:38:54,2017-12-08 00:00:00
3f931cb6d43201118bcb64a91e57f7cd,5053c1bf96bbe6cc774f386f1a846c09,delivered,2018-04-28 12:43:13,2018-04-28 13:10:06,2018-05-03 12:10:00,2018-05-08 15:21:28,2018-05-21 00:00:00
439463f7eec083713e8a0d347a8f4e0f,ed9dccde62435446d2ba5eefbee6ef9a,shipped,2018-07-27 13:48:02,2018-07-27 14:04:19,2018-07-30 09:34:00,,2018-08-21 00:00:00
5010ab6b12449f4912c2aa83c16bf2bc,3a11b365f9dc63f1bb29092b36b9add1,delivered,2017-05-13 22:01:22,2017-05-13 22:15:10,2017-05-17 11:50:01,2017-05-23 10:34:59,2017-06-05 00:00:00
cd9fc86d944e6e7e6845deab57fdb8bc,d45fc45398590dded7c3589089e5e04c,delivered,2018-03-29 13:15:54,2018-03-29 13:30:26,2018-04-03 21:56:57,2018-04-09 22:34:37,2018-04-17 00:00:00
252ef1beb7783414b687c8191cb6bc02,f3e5a5817e1a67ff1a883606d5321b01,delivered,2018-07-12 21:03:28,2018-07-12 21:15:14,2018-07-18 13:36:00,2018-07-26 16:46:31,2018-08-06 00:00:00
660c976728efa9f8a9994a7521abf686,ead12c0ec91108b1a6588aeece0b2300,delivered,2018-01-24 08:36:41,2018-01-25 02:58:23,2018-01-26 12:58:50,2018-02-06 18:48:45,2018-02-20 00:00:00
4f51650f764d6b02e94d66bf9bfc7f97,d5b5fc814c40acfdb0d28ac11f66338f,delivered,2018-03-01 19:47:50,2018-03-02 02:16:03,2018-03-03 01:08:34,2018-03-08 20:58:24,2018-03-29 00:00:00
da247734fd12086e1e8d57ec49718066,0875689047010271a4f10a03196e565a,delivered,2017-04-08 19:22:41,2017-04-08 19:35:09,2017-04-10 16:01:14,2017-04-18 15:46:57,2017-05-11 00:00:00
c61f662d769eea17b4b8e49620226232,169f0f6344610b05159734d6d52d453a,delivered,2017-11-06 15:24:21,2017-11-07 07:30:28,2017-11-07 18:38:57,2017-11-13 22:09:22,2017-12-06 00:00:00
623313b4bf72bef717b81fcfdbbda2e0,d8914eebd69c4ce23f8c5aeb48cc2993,delivered,2017-02-23 09:42:06,2017-02-23 09:50:14,2017-02-24 05:05:23,2017-03-02 13:22:47,2017-03-30 00:00:00
01f66e58769f84129811d43eefd187fb,e41819d1c95c12c9ce495b630eab8aee,delivered,2018-07-09 21:18:01,2018-07-09 21:30:20,2018-07-10 11:49:00,2018-07-11 23:24:16,2018-07-18 00:00:00
a2e4c44360b4a57bdff22f3a4630c173,8886130db0ea6e9e70ba0b03d7c0d286,approved,2017-02-06 20:18:17,2017-02-06 20:30:19,,,2017-03-01 00:00:00
b875d3bd65d958d749d6932f6361ab40,eafef898e7bad5f60b2e30e18565d4fb,delivered,2018-07-20 13:13:57,2018-07-21 03:15:16,2018-07-23 15:13:00,2018-08-01 01:44:46,2018-08-10 00:00:00
71a2d0d183bfb1065bfa35ffd449471a,106e2147b6806c85d7691ac786b07a4c,delivered,2018-05-17 09:11:18,2018-05-18 04:36:14,2018-05-18 13:02:00,2018-05-19 14:32:38,2018-05-25 00:00:00
e7321975436d5f8b04e468048b861e31,1c587b7eaadf2a38dc35ae4b82db832a,delivered,2017-06-02 12:09:06,2017-06-06 13:10:25,2017-06-16 19:28:28,2017-06-23 11:12:08,2017-07-05 00:00:00
86a2598982da9b1eb9532cbb31996cff,df03ff7fe4a7b535f40d9c359aa31d52,delivered,2018-03-08 20:15:49,2018-03-09 02:30:44,2018-03-13 01:10:59,2018-03-21 19:40:47,2018-03-29 00:00:00
b1846dcb6fa367fc58bc4064ff4ef38b,ec65d0a39c964fb884ff5c6aa13d33a6,delivered,2018-05-21 16:22:41,2018-05-21 17:33:49,2018-05-30 11:24:00,2018-06-11 18:28:42,2018-06-22 00:00:00
a5d865e12e7e0f8952334691874959df,9b99b552aa8d374d12896e55dfa2b0b9,delivered,2018-07-31 17:01:59,2018-07-31 18:31:04,2018-08-01 16:06:00,2018-08-03 12:46:44,2018-08-03 00:00:00
29d0a45c5f4c8f6d17e390ab762df890,202a9225c9f2ef075e5813780113672d,delivered,2017-03-26 18:42:05,2017-03-26 18:50:25,2017-03-27 11:15:15,2017-04-12 22:48:00,2017-05-02 00:00:00
48a36f577fc4102b3e63e0f462684da4,da802462ba25989f0978a38edad45603,delivered,2017-05-02 20:24:08,2017-05-04 13:10:28,2017-05-05 14:20:40,2017-05-23 12:56:57,2017-06-02 00:00:00
d9258776ebce96efd9811c6554d12726,1ead19a592ff7cb342e088c257c1f45d,canceled,2017-10-20 19:35:47,,,,2017-11-16 00:00:00
377049aa69aa696871a99e82b281e3c2,054f7fa8f9a8f4ce7e983c0efc2341ff,delivered,2018-01-16 17:06:42,2018-01-16 17:14:33,2018-01-18 23:22:30,2018-01-22 18:08:25,2018-02-06 00:00:00
4dcf0dcced3cfcb139316e2c821048e5,1ee0491f514e97b4cb72e860f1cd7f3e,delivered,2018-02-25 00:23:10,2018-02-27 12:35:31,2018-02-28 19:24:25,2018-03-23 17:42:57,2018-04-16 00:00:00
62e0e8ec5feff6a856f1d5c50a5325b0,1fde8f5fae937ff3c6173c837b5c143a,delivered,2017-12-16 21:33:18,2017-12-19 13:32:50,2017-12-19 21:43:32,2018-01-09 20:59:29,2018-01-11 00:00:00
3decc053f76f6898aefed9c29e26e2b7,4f3ada4edfb7f58e81325c5e59f1eab0,delivered,2018-08-05 14:02:28,2018-08-05 14:15:16,2018-08-28 12:58:00,2018-09-03 17:31:55,2018-08-28 00:00:00
623a385bdb7d45cd3a9411fcee8e2c53,c7f93fae8ca16f4abf3a09a6205c9741,delivered,2018-07-11 19:50:04,2018-07-12 19:45:12,2018-07-13 15:05:00,2018-07-24 19:52:06,2018-07-25 00:00:00
1c983e7908135b2d50bd8a346cec69cc,530efe4698b97ab4b76ddb2dc63b267e,delivered,2018-03-24 12:55:21,2018-03-24 13:10:24,2018-03-27 23:29:09,2018-04-05 21:56:42,2018-04-17 00:00:00
7b6c4c1c9a1d498b62e1ff1eb235a153,fa9f38f5c654880d3bdc299c43aafbdc,delivered,2017-05-22 11:12:38,2017-05-24 03:03:03,2017-05-26 12:09:53,2017-06-08 13:21:50,2017-06-26 00:00:00
07da984520cb8c0de39f0b96b92c08f6,5ebe6b7897cc0ce155a42e2978e89978,delivered,2018-03-26 17:56:37,2018-03-26 18:10:19,2018-03-27 21:33:25,2018-04-10 19:03:13,2018-04-13 00:00:00
d55668bb11f39447c1b40421a936e403,bda6f9f3c8f357994fdc73eed9144fbc,shipped,2018-05-14 13:30:14,2018-05-14 13:56:45,2018-05-15 15:19:00,,2018-05-22 00:00:00
ca7a62dce548a9bd31b4fd4f12af30d8,0658798436373ff6997afab7a5e29494,delivered,2017-05-22 15:24:05,2017-05-22 15:35:16,2017-05-23 07:36:50,2017-06-22 13:08:03,2017-06-13 00:00:00
7987f672e98a3cdf993b17fb60ec8442,f1d729e5257467c5c072ae81040197a4,delivered,2018-03-02 07:12:35,2018-03-02 07:29:06,2018-03-02 21:46:34,2018-03-07 15:18:37,2018-03-14 00:00:00
dc46b2c02b0d925fc46ed4c7c5c81a08,14b3b610a372ae3de4303f1cea0ea6f7,delivered,2018-02-23 10:02:16,2018-02-23 10:15:22,2018-03-01 23:08:43,2018-03-05 13:48:44,2018-03-19 00:00:00
0e797acd1d40395105ab3c93d598703d,f962735e6a426364b5afb3a67d3ffb16,delivered,2017-12-12 15:43:19,2017-12-12 16:12:12,2017-12-18 20:53:13,2017-12-26 14:14:58,2018-01-05 00:00:00
f13b53e842d66d6ea61e1c8da79a4550,eecede4a74ca88d0adbec423685e4b15,delivered,2018-03-10 22:25:00,2018-03-12 08:35:32,2018-03-12 18:42:26,2018-04-16 11:52:47,2018-04-13 00:00:00
d3a93984e59258e140f2bb4784be7bff,faf021149b2f194c6fab41368a338641,delivered,2018-05-10 13:30:53,2018-05-10 13:51:56,2018-05-14 08:37:00,2018-05-21 13:45:56,2018-06-05 00:00:00
8bbcf79aa902bcc50716a1d94ea9434a,baa42a72ae81c595ba3e380a837b88b7,delivered,2017-03-27 10:43:16,2017-03-27 10:55:13,2017-03-31 21:53:53,2017-04-07 16:43:49,2017-04-20 00:00:00
8f50817faced9fa9f4c8807f6fc4548a,e40a458c82716775a01b1c6e7b6832ce,delivered,2018-01-25 11:08:12,2018-01-25 11:17:31,2018-01-26 17:30:11,2018-01-29 12:18:30,2018-02-15 00:00:00
b718c913ccd27c35fdeb6c29770e0ea5,188cdfdd194fa16a5da42a7fac3fcd55,delivered,2017-08-30 23:38:43,2017-08-30 23:55:11,2017-09-01 15:15:47,2017-09-12 20:39:55,2017-09-28 00:00:00
d49c4942f461cbef8cfc4269ad86195b,f0d0f8cdb5184859eb5854ace11ad15b,delivered,2018-05-18 06:00:52,2018-05-18 06:15:22,2018-05-18 14:43:00,2018-05-23 10:58:35,2018-06-07 00:00:00
54c1bfb14817ae525a9e49f44e83544d,c86cb0075f281ede452f289f207770de,delivered,2018-08-14 19:08:19,2018-08-14 19:24:14,2018-08-15 13:36:00,2018-08-20 18:17:05,2018-08-29 00:00:00
d78c16f09da03410837a551a09a4bf64,769d7a51a66e6f2d5922615f71b3a558,delivered,2017-06-26 11:44:18,2017-06-26 11:55:24,2017-07-10 19:53:35,2017-07-18 00:32:04,2017-07-18 00:00:00
4286300be8a3eb98e98c8b6dbcfe9d11,7afd70f551aed27048b27f155376a4cc,delivered,2018-05-02 15:24:53,2018-05-02 16:19:50,2018-05-03 13:59:00,2018-05-06 16:39:01,2018-05-21 00:00:00
73eca783c104f3d48b1e5c8d5b63be6b,4aaabb1804dce1f958d0c033bcf77517,delivered,2018-07-30 10:26:41,2018-07-31 04:05:50,2018-08-01 09:33:00,2018-08-03 16:51:51,2018-08-08 00:00:00
33bc941e33954324394693138a3b95a6,fb247c108a4b81b1599938933546c1a1,delivered,2018-08-06 12:00:05,2018-08-07 04:30:19,2018-08-09 15:06:00,2018-08-14 01:21:09,2018-08-15 00:00:00
fd074331568837ca57c2d9c764788749,39e783e9b865e06b09aba599d5999411,delivered,2017-11-21 20:51:20,2017-11-21 20:58:30,2017-11-23 20:22:18,2017-12-27 20:58:29,2017-12-14 00:00:00
b26c6acc8c35be3c77bc80d959adaadd,b46ae2fbbdc01094b19cf980e402e59b,delivered,2017-12-26 16:26:07,2017-12-27 04:09:32,2017-12-27 18:35:06,2017-12-29 15:03:10,2018-01-19 00:00:00
23f592266a54ffc371a5c3eee760aaae,def307cdbcb0c1473ae47ba9c1da37ca,delivered,2017-11-29 18:59:32,2017-11-29 19:16:56,2017-12-01 19:52:50,2017-12-14 14:52:16,2018-01-04 00:00:00
7433b1786e1af2042c2c4c76d3e4b750,df405fe9da5c36c37d10ca087ef51ecd,delivered,2017-06-15 08:43:25,2017-06-15 09:05:09,2017-06-16 08:13:40,2017-06-19 15:42:12,2017-07-06 00:00:00
f494e4f6b6de7aeefe3af00acc8b3426,cef7f153f7fb65e2076d6f15e7f58f55,delivered,2017-06-09 19:13:10,2017-06-09 19:22:11,2017-06-16 19:59:43,2017-06-23 09:45:45,2017-06-30 00:00:00
b3e6486207807fc3780f9c802e5bbbc2,30b7b123dd1764ef95cd5ecf08c70ec4,delivered,2018-05-05 16:03:59,2018-05-05 16:15:18,2018-05-08 13:36:00,2018-05-18 18:48:40,2018-06-01 00:00:00
3bd1df775df3958fa5a42deddb92d151,4297ea13bf20c3a97a51657f66876238,delivered,2017-08-01 16:28:56,2017-08-03 03:10:26,2017-08-03 18:33:20,2017-08-10 12:07:22,2017-08-23 00:00:00
3dbf83f783c5b8b10a714e9c887347ba,24041cfc56158275932c943208731828,delivered,2018-02-20 11:52:34,2018-02-20 12:07:36,2018-02-21 00:43:00,2018-03-09 19:24:57,2018-03-14 00:00:00
6f9548bf66cabc7bc85e7b9fbcb9a9c6,2490b51fb3f142dabbee3e059eba36ee,delivered,2018-08-08 10:55:59,2018-08-08 11:10:18,2018-08-09 12:58:00,2018-08-10 17:38:43,2018-08-17 00:00:00
97f6b2b72a0896062a87402113126baf,a71ca5dd13acea58593869d51c812412,delivered,2018-08-02 12:04:41,2018-08-03 08:15:18,2018-08-03 12:27:00,2018-08-12 00:43:33,2018-08-20 00:00:00
dad4cbac8f3bc660ef43f4b4d75260c8,0dcd628efce6f206be874c88dd0cc92b,delivered,2017-03-22 14:59:15,2017-03-22 14:59:15,2017-03-27 11:12:57,2017-03-30 12:27:46,2017-04-17 00:00:00
7d5ba597429574dce3200b4b20686641,b8c060a4856dc6ff0c09194202aeca51,delivered,2018-06-17 20:40:48,2018-06-18 20:36:55,2018-06-19 15:20:00,2018-06-22 21:06:40,2018-07-16 00:00:00
8dd7a0e54d3e1de854946bed6b8bb4ce,d12161a358a2d89b50d9bedd2f911207,delivered,2018-02-06 00:26:43,2018-02-06 00:35:28,2018-02-07 22:51:23,2018-02-21 11:29:07,2018-03-13 00:00:00
806723b0991f659b5d0052cabdd9c799,83ddfb93314bf1a3cbf44369dbf470cb,delivered,2017-04-28 18:36:59,2017-04-28 18:45:11,2017-05-02 13:38:45,2017-05-12 13:30:09,2017-05-24 00:00:00
db30bf3b1cc383459bf7f3a938528cea,a53fee4888ef7b6e6743bf4f9a0b1bd6,delivered,2017-09-12 16:36:36,2017-09-12 17:20:06,2017-09-13 16:41:57,2017-09-18 19:53:31,2017-09-28 00:00:00
7c9530126f54f0e17dc894c9ff16fa26,0363aafa9c54bf423dc9aace78f18f29,delivered,2018-02-16 14:21:36,2018-02-16 15:00:20,2018-02-19 18:13:32,2018-02-26 20:28:25,2018-03-12 00:00:00
adb8748f912cfee84bd47f072681ba5e,2f37ca7ce30fbfaf6cf6eea538fa754b,delivered,2017-05-05 16:54:28,2017-05-05 17:05:14,2017-05-09 17:01:21,2017-05-11 15:55:58,2017-06-01 00:00:00
e68635b5cb368d061f2acf5de4d617e7,953e37bf294c1677cd81c99facde44f0,delivered,2018-01-23 14:48:16,2018-01-23 14:57:36,2018-01-24 20:15:42,2018-01-30 15:38:04,2018-02-19 00:00:00
a37d25b4ab180d76025262df3c90cd3d,638ce7c1daf4abf3b2d316fac939d970,delivered,2017-12-23 01:03:28,2017-12-27 04:08:42,2018-01-11 20:05:12,2018-01-23 20:17:35,2018-01-22 00:00:00
743d702ad0112c210a46dd80145e0102,5ccf2b9502949fa14bff3391cd607be4,delivered,2018-06-18 20:35:33,2018-06-18 20:57:04,2018-06-20 16:57:00,2018-06-26 15:45:24,2018-07-30 00:00:00
6ff0290182691e0d6fdbc0bd7e0b0290,dccc7079684e573075849fbb65efc278,delivered,2017-04-15 21:33:36,2017-04-15 21:42:09,2017-04-17 12:57:40,2017-04-20 12:36:13,2017-05-15 00:00:00
5290e7df554faefd14affce83e43578a,0fa2e6cb1f0ce7aea3b5cda1e78d5e11,delivered,2017-05-25 13:42:05,2017-05-25 13:55:14,2017-05-26 08:41:40,2017-06-02 14:12:29,2017-06-23 00:00:00
15a31c39dee81bc534abff1f9b5ec6c2,cfd124ffe38534e2575f94a6e1b9dd60,delivered,2017-07-06 22:31:19,2017-07-06 22:45:11,2017-07-11 14:53:24,2017-07-25 20:49:39,2017-08-10 00:00:00
5e9d5a2d9fdab80cd5bbe9706abf0087,c0dc8d5e93ca20f45aec8b7355e2b50b,delivered,2017-11-04 00:01:14,2017-11-07 07:30:33,2017-11-09 23:38:36,2017-11-17 20:28:35,2017-11-30 00:00:00
da88d77b3b27b963c613719ade2b7dd5,8a8dade6b896cd81f4146a544ccdd0d2,delivered,2017-12-03 17:49:54,2017-12-03 18:12:09,2017-12-11 18:04:19,2017-12-17 17:45:04,2017-12-27 00:00:00
92010039f5edb8607db6dbc0e7a75fbd,52758a7e9c19299fdcbdbfd4d7d883cb,delivered,2017-06-03 18:21:13,2017-06-03 18:30:11,2017-06-05 07:22:18,2017-06-07 16:18:44,2017-06-28 00:00:00
a39b459bad02888e07ddf9d3321673c7,c658d700b1a119fabf40a73c0e140f7c,delivered,2018-07-09 12:16:32,2018-07-09 12:25:13,2018-07-10 15:54:00,2018-07-14 00:24:48,2018-08-09 00:00:00
24663bb9d145c6d58d207d297edafa3f,027590bb7df3dde4fa756d6e9e65bbed,delivered,2017-08-14 22:51:13,2017-08-14 23:50:13,2017-08-15 20:02:34,2017-08-21 20:37:40,2017-09-05 00:00:00
a8bac9fbf4f824af91ea3ec34f454ae2,bee5adb0f998843fd360cfed6e6236c3,delivered,2018-01-20 00:24:23,2018-01-20 00:36:11,2018-01-23 22:13:57,2018-01-29 18:32:42,2018-02-14 00:00:00
6c89c0053620abe3d5d6a403c0dad5e7,657922da4048c06f1d7ca66f1240546f,delivered,2017-12-11 09:14:40,2017-12-12 03:39:25,2017-12-13 15:58:57,2018-01-03 20:42:48,2018-01-11 00:00:00
ff25dab86f7fc3fab00de25bf1489a30,2af6628d5d0a4b80b3ffbb3c5e250fc5,delivered,2018-01-26 11:55:18,2018-01-26 12:21:32,2018-01-29 16:58:12,2018-01-31 21:46:14,2018-02-09 00:00:00
4467611bf43834b28dee6d7eecfe201c,2b5292c3f78b4219cddd978e6d92701a,delivered,2017-10-26 18:35:40,2017-10-26 19:07:14,2017-11-01 21:14:15,2017-11-09 19:24:23,2017-11-21 00:00:00
bbf6061c4bcfffe5fa5c22006d9a231c,2dcf64eb54f5bb139f372c39873deeba,delivered,2017-10-07 16:02:40,2017-10-10 04:07:56,2017-10-23 20:22:28,2017-10-26 20:57:08,2017-10-25 00:00:00
6007efb03b652fb947155d0dd1001098,2af7da42a03f0b164992f335a100ab18,delivered,2018-03-07 16:32:41,2018-03-08 02:29:18,2018-03-22 17:38:27,2018-03-26 23:32:38,2018-04-10 00:00:00
867df4f53d01780cfb562ce2a7275bd2,030d0a2ec388dbfbc0ee3f52a0eba34c,delivered,2018-03-04 23:06:37,2018-03-04 23:48:58,2018-03-06 02:18:54,2018-03-19 14:52:33,2018-03-23 00:00:00
8973a53fcad22a79e0ff315e7f9a0fd9,25370debebc4aa0de58614a2478bf59c,delivered,2017-10-22 12:23:20,2017-10-22 12:35:20,2017-11-17 00:21:56,2017-11-22 23:17:39,2017-11-10 00:00:00
67eb7c81571cbef8a805401a76352600,94ce4d82e3194bd3cbb1ae70440f877e,delivered,2018-05-09 08:53:53,2018-05-09 09:10:54,2018-05-09 11:18:00,2018-05-16 18:54:23,2018-05-29 00:00:00
7616b4fdea3c711ae88b43651afb6ba7,e514a24b58fccb3ca7218947874f1710,delivered,2018-06-21 21:47:40,2018-06-21 22:17:54,2018-06-22 15:16:00,2018-06-26 00:12:18,2018-07-05 00:00:00
b14ae2aa6b78c0919c5199b5f6cd3b05,41aaf6c5c39d252a49c3dfe5ecd0c9c4,delivered,2017-07-05 13:24:56,2017-07-07 02:44:07,2017-07-10 10:34:33,2017-07-17 13:24:46,2017-07-25 00:00:00
935be32550a2544a4fba77fca77c8dd2,58ccace0f4b7abcab017ff6f1d534d7b,delivered,2017-07-21 20:37:36,2017-07-21 20:50:19,2017-07-24 20:43:58,2017-07-31 13:32:52,2017-08-10 00:00:00
11dddfc7b0990b5a4ee877efce234bb7,c06a0519bc86740ab5087b05066f797c,delivered,2018-01-16 19:19:56,2018-01-16 19:32:27,2018-01-19 19:09:17,2018-01-26 18:53:03,2018-02-06 00:00:00
c3911802445a557d4e9a4c2f2328de0c,914863a1fcd2e6a74c2ce3b8ff7f95bb,delivered,2018-02-27 10:48:17,2018-02-27 11:09:36,2018-03-01 00:08:29,2018-04-20 12:42:49,2018-04-02 00:00:00
8778e115b7262893d019f9b6f52c6f92,934d346c8021dc772abbd027a41a7832,delivered,2017-06-15 16:19:06,2017-06-15 16:31:24,2017-06-16 14:13:57,2017-07-07 19:52:24,2017-07-18 00:00:00
be96af68ea7acf449b7173d065f3759f,c4b925691c05320f5d34af6e8a851275,delivered,2018-01-21 11:46:11,2018-01-22 13:47:47,2018-01-24 19:52:53,2018-02-05 14:54:36,2018-02-19 00:00:00
70bdd8e366d92d7256c453272fbe5251,9dbd5002abcad34baaa628827597abf5,delivered,2018-04-03 17:41:59,2018-04-03 17:50:13,2018-04-04 20:37:43,2018-04-09 19:07:34,2018-04-24 00:00:00
1bc159c29e3f54a9f2d4d2bdaa45b5df,adec67e0ce2bde83bf2ed69ad12bf63c,delivered,2018-07-04 22:19:15,2018-07-05 16:13:52,2018-07-05 14:05:00,2018-07-12 16:26:53,2018-07-27 00:00:00
2282f08c7a3e5bc3e7b84bb444d6e1e6,9024b6b926dff086c50dfd85762b9a45,delivered,2018-04-11 11:41:21,2018-04-11 11:50:28,2018-04-11 22:18:28,2018-04-26 19:42:49,2018-05-18 00:00:00
4669808591a364ecd9b237a1e7f18901,7a8e56dd4f844761d678a6c77a78c099,delivered,2017-08-22 08:12:53,2017-08-22 08:26:02,2017-08-22 18:17:59,2017-09-11 19:32:35,2017-09-14 00:00:00
057134090fb19405548e54bbcf377f59,d1805669744b0cd80fed4d80405d75a4,delivered,2017-07-06 00:02:22,2017-07-06 16:23:57,2017-07-11 16:41:46,2017-07-27 16:42:22,2017-08-09 00:00:00
6cdd625fb7db568f0f52136d0a8374a3,8b0580d9ad3e3937ab50e7b68787e1a4,delivered,2017-09-13 12:49:53,2017-09-15 02:26:31,2017-09-15 18:03:42,2017-09-22 17:58:00,2017-10-05 00:00:00
aaf5a4b11b7c61a6cdeabfba673b4d1e,7bf47e48aa2caf8e26de53b596d2ed23,delivered,2018-01-14 12:17:23,2018-01-14 12:29:20,2018-01-18 21:48:50,2018-01-22 22:42:11,2018-01-30 00:00:00
b5d77498cbd81c314b36f2086c5bdd2f,29311104146295a851adad0aef5acb4c,delivered,2018-07-27 20:22:41,2018-07-27 20:30:43,2018-07-30 14:32:00,2018-07-31 17:18:48,2018-08-06 00:00:00
83adfa2f33c7fbd2cc7b211fb01dcadb,6b1e8b762da8cae004248d1e7b95f3c9,delivered,2017-07-03 18:16:08,2017-07-03 18:25:17,2017-07-04 17:21:59,2017-07-10 18:58:48,2017-07-25 00:00:00
c5de257a3b1e0eccc238b501b939b9dd,ed932200919870aa773c6d26cc4184b8,delivered,2018-02-19 09:20:11,2018-02-19 09:47:00,2018-03-01 00:04:54,2018-03-29 00:42:38,2018-03-22 00:00:00
a9a38bf05e94ce11495d6c4402730a56,62fecf2e84255655ac7fe3a7f8feaafd,delivered,2017-09-05 18:44:23,2017-09-05 18:55:18,2017-09-06 16:53:52,2017-09-08 21:37:46,2017-09-18 00:00:00
cc378c27f87ead12f2c154eb5fde22d2,fd3d18e3099e04ab5a3b0b6f1802fcfa,delivered,2017-07-25 12:12:35,2017-07-25 12:25:15,2017-07-26 18:19:37,2017-08-09 17:59:51,2017-08-17 00:00:00
7ba6bafa2332bb4f844e2a2a29946773,e39a450cadb501f2123cbf616d8991ac,delivered,2017-07-27 13:32:23,2017-07-27 13:45:14,2017-07-28 18:13:47,2017-08-07 19:33:53,2017-08-22 00:00:00
ed13c5b7c83748412c1331493e28e36e,09be83752fa672f29dee9dc87c06ea11,delivered,2017-09-19 17:28:44,2017-09-20 02:35:12,2017-09-21 15:12:59,2017-09-26 21:42:00,2017-10-05 00:00:00
95e7bfc2e335e44766ce4eb5f5771e30,1443a07e7571e81a3d4e622a63664e48,delivered,2017-03-22 15:36:16,2017-03-22 15:36:16,2017-03-23 08:07:20,2017-05-18 10:37:36,2017-04-19 00:00:00
b522474ba0639dd0385e4918d46ddcba,1dec5968d57ad73965f305ba85654eda,delivered,2017-07-01 14:02:36,2017-07-01 14:15:11,2017-07-03 12:35:48,2017-07-21 19:08:10,2017-08-08 00:00:00
077b4b3a3d03fcdfce6a94e53ccdb3a9,787e333c11dbf966e21171853d71ff36,delivered,2017-11-26 21:00:43,2017-11-28 03:46:21,2017-11-28 20:15:02,2017-11-30 21:18:43,2017-12-11 00:00:00
8d5adba2d82f7af4d944f45a95d5d1c1,02a0087b3657817949973dc48134dece,delivered,2018-07-30 12:02:51,2018-07-30 12:24:54,2018-08-06 11:50:00,2018-08-14 23:41:46,2018-08-30 00:00:00
16c4141aba032aee4127e9c20e5df44f,39c468ec6052be3b96937214c733fb20,delivered,2017-12-10 03:14:25,2017-12-10 03:30:39,2017-12-12 21:35:57,2017-12-29 16:13:21,2018-01-12 00:00:00
35fad2f607311765a2f38956b26133f8,649d21625de22222857d0daaf7fbd005,delivered,2018-01-13 12:21:11,2018-01-13 12:32:29,2018-01-15 23:08:54,2018-01-24 15:23:33,2018-02-08 00:00:00
b2182fb810efdf89531f055b0ffcd885,f9f25cbe88d2f9070279e247b1964823,delivered,2018-03-09 14:25:50,2018-03-13 03:50:42,2018-03-13 22:38:36,2018-03-20 15:11:42,2018-04-02 00:00:00
803d9be249d7c523418ceffa07d99724,317e53bc7df537e853731bdc538c8c90,delivered,2018-06-11 11:06:25,2018-06-12 11:19:46,2018-06-13 14:36:00,2018-06-19 13:44:34,2018-07-04 00:00:00
aff6ce4c3564b24d8ecfa5f9d9c62fb1,0a36842868e0ea8fcd234e4df971fad0,delivered,2018-07-18 16:39:06,2018-07-18 16:50:17,2018-07-19 11:57:00,2018-07-25 19:51:59,2018-08-02 00:00:00
d115642fba3060e4082472bb2801b111,dac62c0ce8fd2718fbd7be9d87d85d4d,delivered,2018-08-02 15:46:16,2018-08-03 08:15:15,2018-08-13 11:54:00,2018-08-18 13:18:46,2018-08-10 00:00:00
234e664f4418bb97ea8f387244a9538f,98e164b3750e0b9e0eddb3612fb8d617,delivered,2017-05-22 12:59:04,2017-05-22 13:15:12,2017-05-24 09:34:25,2017-05-26 14:41:35,2017-06-02 00:00:00
82cb5727dfc9854c228dd5246c17b877,daabc936af60df21c9a3ce027b2665e5,delivered,2017-11-30 18:33:30,2017-11-30 18:50:44,2017-12-01 19:22:41,2018-01-02 12:24:15,2017-12-27 00:00:00
1f18d6138f5af59adb5a379ea575d555,9e28e7712d72035236cfbd785851e4b1,delivered,2018-05-29 00:08:35,2018-05-30 02:15:21,2018-05-30 16:58:00,2018-06-12 16:38:47,2018-07-12 00:00:00
8b611528d5c0397b9573a1652874bbee,66dfe8c9ca1605e18c00c98c3758c451,delivered,2017-12-18 11:42:26,2017-12-18 12:45:35,2017-12-19 17:19:23,2018-01-08 23:09:21,2018-01-15 00:00:00
ce6b3b598089dc75751e6f6d7a343417,6281905dcea7ec6f9ed8baa3a8f61b21,delivered,2018-03-19 10:06:24,2018-03-19 10:27:16,2018-03-20 22:33:33,2018-03-23 20:27:35,2018-03-29 00:00:00
f474a46ca16058fe246cdabe215c66da,808c4699ba2367cceb9fbdb0a38b9fb1,delivered,2018-03-21 15:06:40,2018-03-23 02:15:35,2018-03-23 22:53:35,2018-04-04 15:58:54,2018-05-04 00:00:00
70a8d39e13049156f1ac16e59a18bf37,ccdaa442f76de1c4f952a31bb78bc9e6,delivered,2018-01-24 18:00:16,2018-01-24 18:13:02,2018-01-29 20:04:32,2018-02-21 20:13:22,2018-02-19 00:00:00
d5ba09d1ab7cd3c7094545fa86c6c21c,acb63cf14731ec5a603f2ca382330d50,delivered,2018-02-17 20:52:50,2018-02-17 21:07:07,2018-02-19 19:57:11,2018-02-27 23:04:49,2018-03-12 00:00:00
4eb2ac97a426c7f771f8bb1ef6ba5771,fd006a53412328405bda07eb5f6be031,delivered,2017-02-11 18:33:28,2017-02-11 18:45:11,2017-02-13 11:25:36,2017-02-23 09:07:32,2017-03-22 00:00:00
5dc6b1dfab4fc8303ea318faec36a73e,d78589eeacbfd204322ded214caadbe0,delivered,2018-02-15 20:03:19,2018-02-15 20:15:27,2018-02-16 23:43:40,2018-03-14 21:03:40,2018-03-16 00:00:00
44d2850802286aba47ac68220a075bb3,c294a79206604acf86f110a45acaee28,delivered,2018-02-27 19:40:46,2018-03-01 02:49:06,2018-03-01 18:08:36,2018-04-03 21:13:31,2018-03-29 00:00:00
81e25306758fe2071a7b0063beda2140,cc36b7e33ac2c31ee7de9e6b77ad5ac4,delivered,2017-11-23 12:35:59,2017-11-23 12:49:46,2017-11-24 21:58:52,2017-11-27 17:58:56,2017-12-07 00:00:00
43e16679b4c9df0ae3d5fefa59a34ff4,6d9200d982960db3b28ffbff6daf37f8,delivered,2017-12-24 15:43:12,2017-12-24 16:08:02,2017-12-26 16:39:16,2018-01-04 21:14:56,2018-02-06 00:00:00
cf5dc40ae925414c07d1a74645ced6c2,3c97b23a8b4e6e6e186ed13e99d295e2,delivered,2018-07-06 14:41:04,2018-07-06 14:51:16,2018-07-09 14:14:00,2018-07-13 21:24:28,2018-08-06 00:00:00
b72528954592dd3225bff1b524a08dda,68dd34002f944ab9a6fa25771296a550,delivered,2017-12-31 17:55:07,2017-12-31 18:07:03,2018-01-04 22:38:59,2018-01-11 21:14:30,2018-01-31 00:00:00
b374364a416f6bd7a376e466e60415a5,3de618a738030339345d8dfbf28560ad,delivered,2017-03-03 11:09:23,2017-03-03 11:22:27,2017-03-03 14:01:56,2017-03-13 14:14:40,2017-03-28 00:00:00
b67c374fb9fdcc4009a0ab62b4525632,3248bd54c8183befb76db468098cb698,delivered,2018-08-05 20:06:27,2018-08-05 20:15:18,2018-08-06 16:49:00,2018-08-10 14:05:58,2018-08-17 00:00:00
d89b3f3e37df53791ceeef1e4e653310,3ca8385f8695fd2221526ac8e5296900,delivered,2018-06-13 11:30:24,2018-06-13 12:32:39,2018-06-15 07:45:00,2018-06-21 14:28:20,2018-07-05 00:00:00
ff8fa4002efe1dc72ea0343487e7b6c6,69dd0c30532e05224630ad7cf9f10446,delivered,2018-01-29 20:17:19,2018-02-03 23:32:07,2018-01-31 15:08:46,2018-02-05 23:08:09,2018-02-20 00:00:00
4575195c5ca6f5a5e4b623b45e865a6e,bafd5bb3556a332b43ddf07f6a97750b,delivered,2018-01-29 08:47:19,2018-01-29 08:57:19,2018-01-29 21:09:05,2018-02-14 17:50:11,2018-02-22 00:00:00
d6ba0aa53ad5742259d45436b54d2b46,f426d0b70890d79f427955fc1037a4de,delivered,2018-05-12 19:33:42,2018-05-12 19:56:40,2018-05-14 14:39:00,2018-05-18 19:59:56,2018-06-04 00:00:00
8b01dbab48de4c2a6edcca84a1798df0,06c4359f159d982902fe93e79c1323df,delivered,2018-08-02 12:05:19,2018-08-02 12:44:42,2018-08-03 15:06:00,2018-08-08 14:52:53,2018-08-07 00:00:00
dd80556200c2f712cc6d048888451267,2cd0fcca2f6a561b34a5ce1fd920420f,delivered,2018-03-27 10:06:23,2018-03-27 10:15:25,2018-04-10 18:26:48,2018-04-17 18:03:49,2018-04-30 00:00:00
a8d2e3eaad4ea714202c0dd853cca757,65e486b530298fa033cc7dc5cf3e6fb1,delivered,2017-04-02 14:30:11,2017-04-02 14:42:26,2017-04-05 08:51:20,2017-04-10 13:39:54,2017-05-02 00:00:00
842b4431d67fe173503b4239cbffb841,b31700129fac4f7d452b4b5216fde4d6,delivered,2018-02-15 21:02:45,2018-02-15 21:10:32,2018-02-19 11:27:07,2018-02-28 23:13:04,2018-03-16 00:00:00
98186ac94b684b11197ecc327e9865ad,fc40eaabc96c9f4d6c84ecacb8c95966,delivered,2017-06-29 13:36:05,2017-06-29 13:50:28,2017-06-30 14:49:50,2017-07-08 15:37:49,2017-07-21 00:00:00
9cbbee2d6fc84610e720368c09517556,8a067839d9b32272550844562ec03d14,delivered,2018-04-04 16:51:45,2018-04-06 03:28:37,2018-04-07 01:22:12,2018-05-03 14:48:31,2018-04-30 00:00:00
55ea3316ceef824308738752d1c12ae3,83451bf0ec7e33f664ffb1f106b59772,delivered,2018-05-15 09:49:19,2018-05-15 11:32:00,2018-05-16 17:47:00,2018-05-21 17:48:38,2018-05-29 00:00:00
f7181fc3cf71354c25827adff7dfc284,484ebdbc08f54b64e4e7a39ad6be42b5,delivered,2017-11-21 17:25:33,2017-11-21 17:47:05,2017-11-24 16:23:21,2017-12-01 21:37:57,2017-12-14 00:00:00
60f444f47da9e98ceae8864e4a67fb0b,a4b9cf3f37a5d01524a8d5108b9226da,delivered,2018-04-12 21:13:58,2018-04-13 02:15:39,2018-04-13 20:14:26,2018-04-16 17:44:33,2018-05-02 00:00:00
08921fc98ee1dc54454ae8af90493c44,73f6f07cecb177c52aafb9ddd4b4b448,delivered,2018-04-19 01:10:02,2018-04-19 01:30:15,2018-04-19 18:03:42,2018-04-20 18:52:35,2018-05-08 00:00:00
200553df452156c2fec1e8250369636c,2614d024d8016eb209b5963860aeba42,delivered,2017-12-03 00:07:54,2017-12-03 02:43:34,2017-12-04 23:26:09,2018-01-08 17:14:52,2018-01-02 00:00:00
7a6cee8d80a2a71e4c1dd74b0dfadb3c,5a68300abb6a13d47c405b415e3c0971,delivered,2018-07-23 11:11:05,2018-07-23 13:40:25,2018-07-24 13:34:00,2018-07-25 17:26:37,2018-07-31 00:00:00
2f6ce0fc6861201ce7e46d0b67ca0dc6,b741c151088f770a5189db10c519e937,delivered,2018-01-22 18:11:25,2018-01-24 20:55:20,2018-01-25 16:19:10,2018-02-14 21:56:55,2018-02-23 00:00:00
9439142ac9f68b5cfaa4bbd1e2052ba0,2a0ffe70fa6ad3911b6b1d9e3c9af7c6,delivered,2018-05-04 08:41:06,2018-05-04 08:55:26,2018-05-10 14:26:00,2018-05-22 19:50:56,2018-06-01 00:00:00
2f2f32084f6b6ffff53044b351790b7f,5121084fdade95f1a14190925415cfe7,delivered,2017-03-07 10:50:10,2017-03-07 11:03:28,2017-03-08 11:39:39,2017-03-16 10:52:02,2017-03-30 00:00:00
d242f228c4dd03301794ded8f02dce54,a8efde73814dc81ff114f0980fb6386f,delivered,2018-04-19 16:42:15,2018-04-19 17:07:21,2018-04-23 21:33:25,2018-05-07 20:19:21,2018-05-24 00:00:00
858d458b39082890e96fbb1fed8c2a52,f959b7bc834045511217e6410985963f,delivered,2017-09-06 16:10:51,2017-09-06 17:15:08,2017-09-11 19:48:01,2017-09-16 16:18:03,2017-09-26 00:00:00
0777f4238fa29d5c69367c8847a2f6ec,d9cc52f8687d008c962789641cb4ee0d,delivered,2018-07-22 18:49:33,2018-07-23 12:32:04,2018-07-24 13:11:00,2018-07-28 02:48:47,2018-08-14 00:00:00
bb086eb1ea86b350e11326ec14a45b28,5908f5fd53b52c348da900f0707d3649,delivered,2017-12-15 11:20:27,2017-12-16 02:37:32,2017-12-18 15:19:13,2017-12-20 19:23:40,2018-01-04 00:00:00
9f15a49b06a232b78c96d3f7becb99b0,44ad230ebeb51b5af647b688304f7bfc,delivered,2017-07-28 07:14:40,2017-07-28 23:45:20,2017-08-01 02:49:36,2017-08-02 18:23:08,2017-08-11 00:00:00
39aef66a5df5a9506807af923c52b62b,a7baf79001a47745d1ba7e68812f055d,delivered,2018-05-08 17:26:45,2018-05-08 17:51:25,2018-05-09 08:48:00,2018-05-15 17:55:01,2018-06-07 00:00:00
91adf7071ab8c2861356bb2f4dfae721,0ad7e82a4d0ffbd93647edb8df8e19f9,delivered,2018-04-22 22:57:46,2018-04-25 03:30:50,2018-04-26 06:25:00,2018-04-28 15:16:52,2018-05-10 00:00:00
18dfe50d6b2dbbbe6508b1b5eea3eae8,9393b50b42eb21e8d4139d57afb13fb4,delivered,2017-07-12 00:55:43,2017-07-12 01:05:07,2017-07-13 10:48:02,2017-09-05 15:37:54,2017-08-07 00:00:00
28fb1108b547c1720dbd25614e1343c4,6f27c6708dbcf96bcc241a627024d81b,delivered,2017-11-27 13:21:50,2017-11-27 13:38:43,2017-11-27 21:42:27,2017-12-06 14:23:22,2017-12-29 00:00:00
c99da7a5a4c3328c4d6494f061c4c3d2,9cb4c350f711bffc912233f1ee5c8767,delivered,2018-01-09 13:29:47,2018-01-09 13:49:09,2018-01-11 18:45:42,2018-01-29 21:46:01,2018-02-14 00:00:00
ceddfb05b9a267360bf733384df51e34,fa6a87087c40bec8f32e65765ebdd36f,delivered,2017-09-04 09:45:28,2017-09-05 04:25:37,2017-09-08 18:59:36,2017-09-14 20:04:15,2017-10-04 00:00:00
62eb512df70887fef619aef41c193429,12938c2cf80c01e9b80ad27a7e93e14b,delivered,2017-08-07 14:10:09,2017-08-07 14:23:03,2017-08-08 18:00:06,2017-08-21 20:13:45,2017-09-11 00:00:00
d6cd9d63e25452e0278cb6eeed08de6b,b98012e4b861b35a2b4cf3876dcbaf78,delivered,2018-08-04 18:07:07,2018-08-04 18:15:19,2018-08-07 13:52:00,2018-08-20 19:08:48,2018-09-12 00:00:00
10e0435082ce8df9498c8d5fa6d79fad,006e35001c6c8c65ad4b20a8925d2b9f,delivered,2017-05-23 10:33:48,2017-05-23 10:45:09,2017-05-24 09:28:18,2017-05-29 09:49:07,2017-06-14 00:00:00
3fbba2a364f0072dbf76ad244e734258,3b948253b335dedfe40495c177e2addc,delivered,2018-01-17 20:51:40,2018-01-19 08:15:41,2018-01-24 00:23:35,2018-01-24 22:05:26,2018-02-01 00:00:00
0268f664f7833aa949da2eae5321aa5b,0e5cde0fdd1709898292a48802e28144,delivered,2017-04-27 23:32:37,2017-04-29 02:43:13,2017-05-12 17:19:43,2017-05-18 09:26:44,2017-05-31 00:00:00
6e3e15bde53821ada4e7c475f2f98dcc,79293a3bfb63be93571d2184d168d40c,delivered,2017-05-31 18:00:07,2017-05-31 18:10:11,2017-06-01 10:20:09,2017-06-19 18:51:42,2017-06-27 00:00:00
c0fce857f05e1c89cb59512a02dc3280,e8730c3eecf9daada0e368f2e49885e8,delivered,2017-06-04 23:15:46,2017-06-05 23:25:08,2017-06-07 14:20:20,2017-06-22 14:46:01,2017-06-28 00:00:00
d295fdedde1742dab056f335be894679,f0dc368b018c4102a459934a02118a1c,delivered,2017-04-26 15:31:06,2017-04-26 15:42:29,2017-04-27 10:42:32,2017-05-04 13:52:03,2017-05-25 00:00:00
0651c427722f910d3a2238dca1975fcc,ba441b699aeb3bb9afd7ec9c732ec617,delivered,2017-12-04 22:28:27,2017-12-06 22:33:05,2017-12-07 18:39:28,2017-12-14 11:14:58,2017-12-29 00:00:00
54e30fbd73b01605796983a14e438a57,58b3f9d97adc1124fc58d45224de7912,delivered,2018-02-20 19:48:21,2018-02-21 19:49:21,2018-03-01 23:39:00,2018-03-09 21:42:26,2018-03-12 00:00:00
32ce9ea2719c8dc55fe5890c1143c60f,c19b4fae26bbed35de3d6ad142e6b02b,delivered,2018-01-08 22:10:35,2018-01-08 22:19:25,2018-01-09 23:27:55,2018-01-24 19:19:42,2018-02-05 00:00:00
f8868b8046c99c3b68a17b935efe47a9,d2d16e9dd973b2b3d164d55bdd6f7614,delivered,2018-06-21 02:36:49,2018-06-22 02:58:55,2018-06-22 13:56:00,2018-06-29 19:06:54,2018-07-19 00:00:00
8c46c4b2bbf318ff31368bc87309662e,80326990ee607892a2a6c4c8baca53fd,delivered,2017-02-05 22:32:10,2017-02-05 22:42:00,2017-02-06 14:04:55,2017-02-16 14:22:49,2017-03-15 00:00:00
ddd1cd1f0c2ecee8f709cd6c8d22daab,2cb427e402525a74cbec079d7b9be168,delivered,2018-07-24 11:07:22,2018-07-24 11:44:45,2018-07-24 16:25:00,2018-07-31 18:36:27,2018-08-14 00:00:00
c6c26ee904fd7f85a965423bec883fe6,5a9b69b8d07b5b9b2b5c97df75837da1,invoiced,2017-09-15 14:28:21,2017-09-15 14:44:02,,,2017-09-27 00:00:00
383bb8b07361166ea86f3f4b51e96ff7,980dbc98d42220a8cbeb85142b6f6ee1,canceled,2018-03-15 10:12:28,2018-03-15 10:29:39,,,2018-04-10 00:00:00
488bbe7460a648792b11ac9b3755e44f,3575b0f076a2c63f4cc4fe7b8346339f,delivered,2017-11-14 15:44:11,2017-11-14 15:55:37,2017-11-17 18:13:07,2017-11-29 21:29:04,2017-12-08 00:00:00
5c756faf3b818e64d75e0696758f7755,33c1d302cb2895792e8ab2d10a2c6562,delivered,2018-04-28 14:12:24,2018-04-28 14:30:25,2018-04-30 14:39:00,2018-05-11 18:18:37,2018-05-25 00:00:00
ed81dbeb0cedad4d3d1f1551b06d6ca3,ebfafa93320c769d9b60740fbc5cad2f,delivered,2018-02-28 14:08:27,2018-02-28 15:00:36,2018-03-01 21:04:22,2018-03-16 20:03:31,2018-03-20 00:00:00
0731519818400f39a85714db501f1781,dfa47dbf18628970fbfba709ee9354ab,delivered,2018-01-21 00:05:02,2018-01-22 00:43:23,2018-01-22 21:25:03,2018-01-26 11:45:05,2018-02-20 00:00:00
a0ed7e292495e32e3a7e3ae479219c4d,3d2110fea7787994f7ff93361842685e,delivered,2017-09-12 18:23:45,2017-09-12 18:35:15,2017-09-13 21:45:58,2017-09-25 17:27:01,2017-10-02 00:00:00
ae352cde9779081a0ca9020c7e276325,7132d6cd03bc196b7d4ee72c6ac9bac7,delivered,2018-02-24 16:50:07,2018-02-27 04:31:08,2018-02-27 19:02:44,2018-04-06 22:22:05,2018-03-21 00:00:00
1407ed7d738d943469994266e9706b46,e85b1dcef5f92e0647dc214b455b83c8,delivered,2017-08-30 10:51:41,2017-08-30 11:05:15,2017-08-31 19:36:56,2017-09-13 20:10:19,2017-09-28 00:00:00
1cfb97c2bd23fb8142435ff6c9ac2f84,da521d3e6d9cfffb8323f48f52556fba,delivered,2017-11-10 11:38:04,2017-11-11 02:46:36,2017-11-13 20:32:39,2017-11-16 21:11:26,2017-12-01 00:00:00
5ec2dfe53f24929b8d1f19d0f118b03b,07a945f0ed22a074a4af4cd106b504bf,delivered,2018-02-14 12:06:20,2018-02-14 12:15:32,2018-02-14 21:58:53,2018-02-20 23:41:43,2018-03-09 00:00:00
3d00fba40b3bbf3283c4f21e9129d855,fef23f5010429d851aee180c61c39efe,delivered,2018-05-19 18:07:36,2018-05-19 18:32:26,2018-05-21 14:53:00,2018-06-06 17:59:09,2018-06-11 00:00:00
ed6d997cc12ec67c2c42f19b370c60be,3378c21ca035f277286de5914d4bf999,delivered,2018-01-22 09:47:40,2018-01-22 14:15:00,2018-01-23 16:58:42,2018-01-31 00:38:13,2018-02-14 00:00:00
a1fecacc69af0a9d178e614955cc7bf8,4d9b87923677052e70e68362af400303,delivered,2018-02-17 19:09:07,2018-02-17 19:26:49,2018-02-26 22:52:07,2018-03-09 13:28:34,2018-03-16 00:00:00
ba1f99140d4a9799217d7a9d67b8c1f3,d9f2a8fcf629fb093b8e265d27fc8892,delivered,2017-08-24 20:14:59,2017-08-24 20:25:19,2017-08-28 14:49:58,2017-09-20 18:34:15,2017-09-28 00:00:00
108d1dab6908b5fcb9c922549a9c2265,e8fbd74f42c4e548ab08885971cceaff,delivered,2017-12-04 00:00:35,2017-12-05 21:58:51,2017-12-13 22:32:39,2018-01-10 18:10:45,2018-01-04 00:00:00
2a4390df447b55c9fc49b6b97a786292,06ee4dba2450f13783c438648931931c,delivered,2017-10-29 15:26:18,2017-10-31 12:47:42,2017-11-01 23:43:29,2017-11-06 13:33:15,2017-11-14 00:00:00
b2d1b05f793967d7cd1700b103bf0cc7,59bb3226605fb303a122de2bf5b54857,delivered,2018-05-16 19:27:44,2018-05-16 19:37:23,2018-05-29 17:11:00,2018-06-04 20:51:49,2018-06-11 00:00:00
85a5c526407a1b180dd5bccc622be107,0172748409ef8a6fcba0660cda36f38c,delivered,2018-01-06 12:01:41,2018-01-06 12:08:29,2018-01-09 15:04:13,2018-01-19 18:19:04,2018-02-15 00:00:00
e9376e0fd65f7e856a08d32426f523ef,fc21178c7e1580988c8d748736a40bea,delivered,2017-02-10 07:10:51,2017-02-10 07:30:09,2017-02-13 10:01:34,2017-02-17 10:23:53,2017-03-09 00:00:00
5f0729d8bd88589e8501140a9eb86ed3,64a059ad8576d0a738ec6a8e57f21802,delivered,2018-01-15 15:31:31,2018-01-16 03:34:28,2018-01-16 19:52:42,2018-02-02 18:33:20,2018-02-06 00:00:00
a1da6725143e50ad30af2c7856a4122b,dd14cb9632c88fe275b99c61e12c9384,delivered,2018-07-31 10:05:29,2018-08-01 02:45:12,2018-08-01 19:33:00,2018-08-02 20:06:45,2018-08-03 00:00:00
7e85dd5c64bfd481355a0662f9f9f777,51fe7d2da662fa7eceff7b97a6c66591,delivered,2018-06-21 20:57:36,2018-06-22 02:58:15,2018-06-25 12:44:00,2018-06-28 13:29:39,2018-07-13 00:00:00
d916aef37da586876fc49a24ecc609e8,15c62eb8af4d9d9c525c34c7a57529bd,delivered,2018-04-29 23:28:13,2018-04-29 23:49:54,2018-05-03 11:09:00,2018-06-20 19:35:42,2018-05-24 00:00:00
f3b71bda51bcde2c100176e4932c4492,143996da049e5f4d2bd6bd273fcd29fe,delivered,2018-06-24 14:20:53,2018-06-25 11:57:54,2018-06-26 15:35:00,2018-07-06 16:44:49,2018-07-05 00:00:00
e6485b91715e7f2423b449f14fa702e8,9322a7c6208a448238aa9f62f79086d1,delivered,2017-04-12 22:17:49,2017-04-14 02:42:25,2017-04-17 10:38:23,2017-04-19 12:28:08,2017-05-11 00:00:00
b56da4f6ba2b34016327152e136fe19f,7c4988a0f398ba189bab91f23b0be62f,delivered,2018-08-09 14:34:44,2018-08-09 15:24:47,2018-08-10 12:40:00,2018-08-14 01:12:25,2018-08-15 00:00:00
8a2799788d56c3c7d19006780c3e1bf6,7c3b56c934ceb23b3ef63a681146bed5,delivered,2017-08-02 15:05:04,2017-08-02 15:22:55,2017-08-03 18:25:59,2017-08-04 21:22:17,2017-08-17 00:00:00
3bbfc6cfb06ece2a3da05e9106aba42f,ad54cac7393fca3e9a8a26ce55f38154,delivered,2017-07-06 22:26:42,2017-07-06 22:43:12,2017-07-11 12:43:51,2017-07-14 18:29:38,2017-07-26 00:00:00
3bc06a67986e230a7bf2f3f8cf2aaa2b,635445902f1615eafa7b5a65b27afcf7,delivered,2018-07-16 21:27:48,2018-07-17 12:21:17,2018-07-20 14:25:00,2018-07-26 16:36:45,2018-08-01 00:00:00
9905735f97755e036a679c7d31394d4f,7723aefb1cc03ddd767e37438d62039e,delivered,2018-05-02 10:04:53,2018-05-03 04:52:38,2018-05-04 14:39:00,2018-05-09 17:03:19,2018-05-15 00:00:00
17ffb15bafcef073360c63f37fced606,45daba602d0ee2e972ca887d94f55209,delivered,2018-05-17 16:36:21,2018-05-18 00:14:32,2018-05-18 11:46:00,2018-05-23 17:18:41,2018-06-01 00:00:00
465a9ee52befcd11131e1f522fce467f,734d134a571d5b19d6a04edfeee25d93,delivered,2018-08-17 21:01:16,2018-08-17 21:15:14,2018-08-20 16:37:00,2018-08-23 00:38:23,2018-08-23 00:00:00
22e06cbdd9638e481433e910bdd56d40,040823cb5374775c7c43e8e33fc5016a,delivered,2017-11-24 22:04:33,2017-11-25 01:31:45,2017-11-27 11:52:47,2017-11-28 22:32:36,2017-12-08 00:00:00
6f2d988a27fa7727f74225e3ad4b0f15,2427d6249db42ff5f64d8df1ea82c437,delivered,2018-07-25 21:17:54,2018-07-25 21:30:15,2018-07-26 13:55:00,2018-08-02 21:54:59,2018-08-14 00:00:00
cdac2dd3643b01d8c79cb8bb30998c6a,4308615296cf4ca17defd8b0d59287d8,delivered,2017-03-20 20:19:09,2017-03-20 20:19:09,2017-03-22 09:08:42,2017-04-03 14:15:52,2017-04-24 00:00:00
7dc5018fbc594b1ce9a945e6bcfc83c3,d2c7eb8aba1fb89604f9cbf208b3db30,delivered,2018-04-05 13:31:00,2018-04-05 13:48:42,2018-04-10 22:33:04,2018-04-24 18:56:42,2018-05-14 00:00:00
d5fe6827cc4a6ce0562e5e116c627839,b0a556928aa7ebcea400790bfc3565b6,canceled,2017-06-22 17:52:25,2017-06-23 18:03:43,,,2017-07-21 00:00:00
1090567d21a127642a40ee3423dc19e8,86b1396ec33aa2dec5be9b789650c70e,delivered,2017-10-08 02:18:40,2017-10-10 03:28:30,2017-10-11 19:39:01,2017-10-19 22:24:41,2017-11-10 00:00:00
00a13ab02fbe82f78cd84f14e41564ed,9ac1fd75f48d0f50af8400cd461495cb,delivered,2017-12-09 19:22:59,2017-12-09 19:32:49,2017-12-11 21:24:27,2017-12-14 23:33:23,2017-12-28 00:00:00
3d37b8d5d488bfee6a6f456504d2fb82,1e97930ab65bb76fe97e987b5e283cf8,delivered,2018-04-10 13:19:39,2018-04-11 05:50:14,2018-04-11 17:56:48,2018-04-20 18:11:13,2018-05-03 00:00:00
55362a7119e83423711de1279ef2f60b,becc4df7209ba4c554f456b3c35b0dd7,delivered,2018-01-19 13:48:54,2018-01-23 03:52:34,2018-01-23 20:51:42,2018-02-05 22:43:08,2018-02-21 00:00:00
2cef7c298050b8d6865e77d071529770,503840d4f2a1a7609f6489f44ffa9f7c,canceled,2018-06-19 14:56:02,2018-06-19 15:19:41,,,2018-07-05 00:00:00
d0285226986b03fe9b3076d6649d51f5,108d8cbbb30750cf961bf635011d9552,delivered,2018-05-16 23:16:53,2018-05-16 23:55:09,2018-05-17 12:49:00,2018-06-04 21:18:44,2018-06-06 00:00:00
2878b4e373a9556df9aa1708a4e5c3c8,a050cd2edce49d430222e6019fa50fd2,delivered,2018-08-07 16:07:57,2018-08-07 16:55:38,2018-08-09 07:06:00,2018-08-09 18:54:34,2018-08-10 00:00:00
d0a376ad0575bef38f57ec1665a353ea,7f5cc65222c2fe21a935bde669213ad4,delivered,2018-05-28 20:34:13,2018-05-28 20:50:38,2018-05-29 14:22:00,2018-06-02 17:03:47,2018-06-20 00:00:00
6512d3eb96cbc91e498f7dddbcbc5a1b,b8540cabbd1fea8b8b13db303a512cbb,delivered,2018-05-19 16:49:27,2018-05-19 17:11:35,2018-05-25 14:34:00,2018-06-07 15:42:19,2018-06-11 00:00:00
cf8f3b9530a4074e4282a4dbe3037c0e,377fef154cba8826efe86da89a0a4633,delivered,2018-08-08 10:57:56,2018-08-09 03:35:07,2018-08-20 15:09:00,2018-08-27 22:32:14,2018-08-28 00:00:00
23467753c6b8adc01bb4e44445ff272e,c494b7ae5216760f5c7af798c3a71361,delivered,2018-07-20 09:20:05,2018-07-20 09:35:09,2018-07-20 13:31:00,2018-07-25 13:42:38,2018-08-03 00:00:00
81285232bfb6ea93fd49ce339b4de97f,3edcc2ce4b20460caeea3465d1e8c595,delivered,2017-11-18 13:04:02,2017-11-18 13:26:36,2017-11-21 19:18:46,2017-12-05 22:24:52,2017-12-19 00:00:00
5c66f20dd109b39605119d5627d6ccff,df17ca4a6f77fb1b756e30d6eb9d3be5,delivered,2018-08-07 07:48:37,2018-08-07 08:04:51,2018-08-07 10:40:00,2018-08-09 16:51:55,2018-08-17 00:00:00
8d6f2d65fb984460ec10037e22a06fa2,3b4509c643e02e104700ed7e0d1da174,delivered,2018-01-21 23:36:32,2018-01-22 14:17:58,2018-01-24 00:09:04,2018-02-08 19:11:49,2018-02-21 00:00:00
6f56545c88b148da4e1bef1bab6c7007,24345778235891cfb9562afe65a18137,delivered,2018-07-03 15:38:25,2018-07-05 16:32:44,2018-07-06 08:25:00,2018-07-07 11:04:41,2018-07-17 00:00:00
33481c8e76159f5a3318911105d58475,9e44d0c223c1aeaeea98b7dfc94e8f0e,delivered,2017-09-03 16:15:40,2017-09-03 16:25:21,2017-09-05 23:26:36,2017-09-19 21:05:17,2017-10-03 00:00:00
4baa890f39672eca09e8d4cf0ffdd4d5,981e2a35b8cc3442c7b18d008d58e20c,delivered,2017-07-06 14:52:12,2017-07-06 15:03:49,2017-07-07 17:37:45,2017-07-14 17:58:50,2017-07-26 00:00:00
e8f9288c671277ab525571871aef27cd,5f4b01693b0d9f9e14c5f0a69496b9d6,delivered,2017-12-12 13:14:10,2017-12-13 07:49:21,2017-12-13 21:37:16,2017-12-29 21:23:04,2018-01-05 00:00:00
55cb95c5d7432b481870e028524b53e2,ff36e3cbdad7fb9d81c1d75f39e5bafe,delivered,2018-01-14 10:31:45,2018-01-14 10:49:39,2018-01-17 15:49:06,2018-01-31 19:22:21,2018-02-20 00:00:00
31732ac03c3866969643e70e4a4a633c,378d97ec1eeb4f2c7d689fa2cb253a89,delivered,2017-06-02 19:16:46,2017-06-03 02:22:28,2017-06-05 15:23:39,2017-06-09 13:35:06,2017-06-29 00:00:00
fb441bffe443e71cb16477c4743591e8,0c5292f5e3690805390efddf53935915,delivered,2017-03-02 12:13:18,2017-03-02 13:05:58,2017-03-15 15:59:24,2017-03-21 18:35:51,2017-03-30 00:00:00
4246497ce0c7f8915544d27745f2e6c7,ec8cbe5ff3ae0f352870c07a3a3025d8,delivered,2017-07-22 19:26:25,2017-07-22 19:42:37,2017-07-25 22:16:31,2017-08-01 19:34:49,2017-08-15 00:00:00
9b8759d21a6df9bc2d6f451c972674c4,f350152f7910a4105a2ed935af32cf10,delivered,2017-12-15 12:46:22,2017-12-15 12:58:23,2017-12-18 17:07:36,2017-12-29 18:53:34,2018-01-10 00:00:00
60f8ffa9343f486438b8a1cb707882d5,5bb23aebb52e34f98d96c69bed23552e,delivered,2017-09-10 19:13:10,2017-09-12 04:50:29,2017-09-13 11:36:52,2017-09-18 19:20:52,2017-10-02 00:00:00
52b5d7a8d05435a607e602cc6d22af5c,af8138aa5b27973d5ecd882bcc3fd296,delivered,2017-05-11 10:19:00,2017-05-11 10:25:26,2017-05-12 15:26:47,2017-06-01 18:36:29,2017-06-12 00:00:00
5a2de8e8fb6ea695b64d70e0adf68c45,d60f3e2bf072f0eae0190aafa58b1314,delivered,2017-10-08 19:20:19,2017-10-08 19:35:17,2017-10-09 23:18:24,2017-10-13 14:50:37,2017-10-31 00:00:00
d9ff0185a300435402f043124f530274,54ef4ab32481f5109378c975bbe5faa9,delivered,2018-05-03 18:35:23,2018-05-04 16:54:16,2018-05-07 09:26:00,2018-05-10 21:32:20,2018-05-25 00:00:00
5620e57611d71ee82bf1b40183f57bdf,9b079dd2ab921fbefaa935054ed0e183,delivered,2018-02-14 10:53:15,2018-02-14 12:00:28,2018-02-27 15:33:21,2018-02-28 16:37:27,2018-03-14 00:00:00
630c3cacbf294ed8c919a0c6a90bb1fa,37ff7057c2badd64a377d87516b5158e,delivered,2018-06-29 09:48:23,2018-06-29 10:11:05,2018-07-03 13:10:00,2018-07-05 16:32:01,2018-07-23 00:00:00
bde94455174baa3590e64c3d37e79e19,f45a0f37e04cd0f912eea8adc352011d,delivered,2018-08-13 18:53:55,2018-08-14 18:50:27,2018-08-15 14:07:00,2018-08-20 15:18:58,2018-08-27 00:00:00
34245c681fa744fbba46cdafcd007135,8a05edffc52925132cc81222e8280a46,delivered,2018-01-11 09:33:30,2018-01-11 09:47:45,2018-01-11 18:33:57,2018-01-13 01:05:15,2018-01-30 00:00:00
977af9e0fe9053598b4066559b247302,3fd069708a23aa89f1c5a75649cd99e7,delivered,2017-11-25 10:16:08,2017-11-25 10:30:44,2017-11-30 16:06:37,2017-12-03 15:21:50,2017-12-11 00:00:00
21b2387b9fb6ecefaad3713e09e067ea,b21b8aa31afdf6c50926cba641e07f36,delivered,2017-06-29 12:59:45,2017-06-29 13:10:21,2017-06-30 15:24:51,2017-07-06 16:09:40,2017-07-21 00:00:00
ef48fc76d22d439065a0c9589c014162,a6322c065720e80eb216e659d704321a,delivered,2017-08-16 09:34:16,2017-08-17 02:50:32,2017-08-17 20:32:57,2017-08-23 18:08:09,2017-09-19 00:00:00
ef2c378cc37b127ef373094451b9b70f,b1b26cc44465736250c7795b7f0b18b8,delivered,2017-10-10 12:29:11,2017-10-10 12:49:24,2017-10-11 21:13:14,2017-10-18 18:12:22,2017-10-31 00:00:00
868b6fde338c3286477dd9513ba79347,b1569d3f7a5e660a197baf45e5c649cb,delivered,2017-12-04 14:38:06,2017-12-04 17:32:13,2017-12-06 22:03:24,2017-12-15 19:39:12,2017-12-27 00:00:00
80748056eb9831627a31af7148fc735b,a04c8e3157009f2748aeee6e22f2408c,delivered,2017-05-10 14:19:25,2017-05-10 14:30:14,2017-05-16 08:54:17,2017-05-18 09:13:04,2017-05-29 00:00:00
4e6a80e9e0629461dbf8735ef09cf392,7ad350082deddef39b254d465520be10,delivered,2017-10-01 22:48:24,2017-10-03 16:24:45,2017-10-04 16:30:11,2017-10-26 12:53:19,2017-11-03 00:00:00
885a0c426d02dfb90c496f1c0a52e687,fd3d2c6a4c99d1e1f60663ec38d9f681,delivered,2018-06-24 20:05:42,2018-06-26 06:57:05,2018-06-26 14:49:00,2018-07-02 15:15:44,2018-07-16 00:00:00
34c5c02777cc9ff009021f208b971041,7854c608823d2e5419ddef9232a9b076,delivered,2018-04-11 21:37:23,2018-04-11 21:51:15,2018-04-12 17:11:31,2018-04-17 14:46:52,2018-05-09 00:00:00
3323036048eb47c4c617f997fd201642,a0685cea093b1930e4d9a156d60ac507,delivered,2017-04-24 17:26:44,2017-04-24 17:42:23,2017-05-05 15:41:28,2017-05-09 07:46:30,2017-05-25 00:00:00
668a90230a093eded715f999c5c93610,df034b70a93ea1cd89e82ffc7b0b45ae,delivered,2017-02-11 22:14:37,2017-02-11 22:25:20,2017-02-20 14:53:52,2017-02-21 12:24:09,2017-03-10 00:00:00
84630355d3f0a8006b528d597b29e854,5db98651e49e635f78c2d26f4a806efd,delivered,2018-07-17 20:29:34,2018-07-17 20:41:42,2018-07-20 15:38:00,2018-07-26 21:38:37,2018-08-02 00:00:00
38d1232695dcc849092e1747534fe225,a5c511c90235732009b456c9b3aa9e30,delivered,2018-03-21 17:17:15,2018-03-21 18:16:06,2018-03-28 22:12:49,2018-04-12 17:48:50,2018-04-18 00:00:00
2982a4a9b9ff0bf9a4f5b88a45a6fa67,e64d794f227cf73be5dc344cd062a168,unavailable,2017-03-06 13:52:04,2017-03-06 14:03:09,,,2017-04-13 00:00:00
44bd336071da72ddd62aa5fc210c6e1c,2db52308a812d2cbbd9f0efdf50fab9e,delivered,2018-03-10 04:42:25,2018-03-10 04:55:23,2018-03-12 20:28:26,2018-03-17 14:17:00,2018-03-22 00:00:00
949da213708b3d6a45376f7adf883406,e064430444b773cc0937e64aee670c02,delivered,2017-11-28 17:12:28,2017-11-28 17:35:47,2017-12-05 00:45:04,2017-12-15 18:22:53,2017-12-26 00:00:00
112111a8d83244d48e6fa1bfe62a8155,81f9089cbace2d3e10eff9d685cf2ca3,delivered,2017-04-22 10:02:39,2017-04-25 08:11:15,2017-04-25 10:37:42,2017-05-02 13:41:00,2017-05-15 00:00:00
ca3a17e05aaef4739aa16cc63be8a117,12168c42925f55a232b6fb7e0bb32007,delivered,2017-08-01 23:30:24,2017-08-01 23:45:07,2017-08-02 20:32:43,2017-08-04 20:33:43,2017-08-21 00:00:00
dce1a8e770597b5155795c5f5f19476c,c81d3af3afa085935d65060d1c4efd1b,delivered,2018-04-10 15:45:28,2018-04-10 15:55:14,2018-04-11 22:38:36,2018-04-17 05:03:18,2018-05-04 00:00:00
7280e73216120ebb4358a41b3d947e5e,56b4e0d69de2103592f10d1e63fec834,delivered,2017-03-05 22:02:38,2017-03-05 22:10:19,2017-03-14 09:17:51,2017-03-22 12:35:12,2017-03-31 00:00:00
fee72a68ce935ebf2939fe72f27d3d9b,2346308634084083a80df78332c411dc,delivered,2018-02-16 13:30:10,2018-02-16 13:46:45,2018-02-20 20:05:23,2018-02-21 21:32:31,2018-03-02 00:00:00
81c1b9bcce4f41551875c0e1d598bd2c,82c91e8e62d9d79bfcf9af9a447c5dfa,delivered,2018-03-03 11:39:48,2018-03-06 03:55:50,2018-03-08 01:29:24,2018-03-14 17:52:02,2018-03-29 00:00:00
87e7ff710ee02d1ee56ad8d47834fb89,72785ad5f42dc6ce2500bb83f98a0c40,delivered,2018-07-21 20:47:47,2018-07-26 23:32:51,2018-07-24 14:40:00,2018-07-31 15:41:43,2018-08-13 00:00:00
7bd817ef4c8ffd77578d493d6a25d69b,236201cdab51aaa8fddb8d232a4024cd,delivered,2017-10-09 09:42:07,2017-10-09 09:56:33,2017-10-09 18:38:05,2017-10-16 19:09:20,2017-10-31 00:00:00
834f8d3f39f69c08aca04e68ba439517,82bd29c3414282fbba3878c58b3550b4,delivered,2017-05-13 20:03:45,2017-05-13 20:15:14,2017-05-15 11:36:01,2017-05-17 12:39:02,2017-05-24 00:00:00
8e6f3cb506222036edac14e7db634ae2,34b96ddc78a964d1b51a2c91a3aa19b1,delivered,2017-10-14 15:25:10,2017-10-14 16:00:19,2017-10-16 23:15:02,2017-10-25 19:57:02,2017-11-06 00:00:00
6854558dc4979ad704ccd9ff6a90e628,f9ebf8ccf3e65834d3efc6aabed7dc1e,delivered,2017-03-25 22:14:31,2017-03-25 22:25:20,2017-03-27 14:06:08,2017-05-05 14:57:56,2017-04-18 00:00:00
abc2ac9a5bf7f1a1c88d6f243d7ec3fa,e759493f1f8212d2d08f7697d16310f3,delivered,2017-03-09 09:50:27,2017-03-09 09:50:27,2017-03-10 14:15:09,2017-03-29 11:33:27,2017-04-17 00:00:00
f5147f84d290b6615104539af53179fd,132a9facc3e81d474c4c24d5ce82e284,delivered,2017-02-01 13:21:52,2017-02-01 13:31:04,2017-02-06 08:37:52,2017-02-13 09:05:15,2017-03-08 00:00:00
2748d44e65a8c2df3289434a7c117709,f861df6a9d89749b16e001dcc96f3011,delivered,2017-12-29 14:55:59,2017-12-29 15:07:12,2018-01-02 21:41:47,2018-01-08 17:53:14,2018-01-23 00:00:00
e39fb9d49443326e7e4db4321c5ca18e,d845fa10aed9b9761c5e4f3234c15656,delivered,2018-07-02 10:01:40,2018-07-02 10:10:51,2018-07-03 13:22:00,2018-07-10 16:16:42,2018-07-26 00:00:00
d20ff68be39696c887cfee476a5ff0be,87059f8d2fa7f4192b53feeac51fce40,delivered,2017-07-22 13:05:51,2017-07-22 13:23:02,2017-07-24 18:09:49,2017-07-27 19:09:51,2017-08-15 00:00:00
aeff7c740480aeb79472427fdcb098ef,868282f01bc484c22dfac16e75b7d5ec,delivered,2017-04-18 12:08:31,2017-04-18 12:22:42,2017-04-19 11:08:20,2017-05-03 15:07:54,2017-05-18 00:00:00
59a19c83ff825948739dd1601cc107b6,2bf857ee40b763708fe19cf877cac511,delivered,2017-10-01 16:10:37,2017-10-01 16:24:26,2017-10-03 15:32:22,2017-10-13 18:37:42,2017-11-06 00:00:00
2714cd9d5a0b89ba0c2429e6622e727a,1a4d6e3ad840a904c9e23f8758c02e38,delivered,2018-02-12 19:08:26,2018-02-12 19:28:14,2018-02-22 15:19:07,2018-02-22 23:29:00,2018-03-16 00:00:00
7d6fc7e3467ea55ab94ed77b704554fb,f2bd5ae9eb801a97a18ab5a172c2034a,delivered,2018-08-08 15:10:57,2018-08-08 15:25:18,2018-08-09 13:18:00,2018-08-10 22:11:22,2018-08-14 00:00:00
b9fc3fbace8f69b00c2f461cd3422459,69b4b187cdc035cfa618ffb2649c4260,delivered,2017-05-10 12:00:48,2017-05-10 13:02:38,2017-05-10 14:24:58,2017-05-21 11:46:25,2017-05-30 00:00:00
d15b470095fbc3ced455be6889f344fc,9a475fe526423c7bcb501e5646988e03,delivered,2017-06-24 20:01:58,2017-06-24 20:10:30,2017-06-27 10:46:02,2017-07-05 15:07:48,2017-07-26 00:00:00
ea5b8ab951ac72f344bebd303152f748,09a0d5917164e6feca0c77b00f6c7a1c,delivered,2017-12-06 08:31:25,2017-12-06 08:51:44,2017-12-09 17:43:15,2017-12-18 18:43:36,2018-01-04 00:00:00
24fc7677f0087a35a7640dd917bab8e8,d59d343c11fe1e3a6ef3fe56f1729f52,delivered,2018-05-01 17:15:33,2018-05-01 17:34:45,2018-05-04 09:59:00,2018-05-09 18:34:52,2018-05-22 00:00:00
3d237fd98f6bc4d3fd3a0eadda50b2a6,ac991e5e333b60f5ade4f3b2f7222f3a,delivered,2018-02-21 08:39:03,2018-02-21 11:56:51,2018-03-01 20:49:03,2018-03-22 19:13:00,2018-03-16 00:00:00
60aff0ecd77407f311c868a82b58ac70,f91e81d167c1ee567ad964c15c229178,delivered,2017-09-29 07:43:46,2017-09-29 07:56:08,2017-09-29 18:53:24,2017-10-07 18:28:02,2017-10-25 00:00:00
0a95a336d341691ae0e6359713af3cd3,2f533dfc8d858dc1947251e5d0d8b157,delivered,2018-01-27 15:05:15,2018-01-27 15:17:23,2018-01-30 02:05:26,2018-02-05 15:33:20,2018-02-23 00:00:00
8deb64b979ba1e9e5325ca8427efec4f,d1c3bfe0821606dd96e0af5cf6fb258e,delivered,2018-06-05 13:40:49,2018-06-06 13:35:17,2018-06-07 09:00:00,2018-06-08 21:41:58,2018-06-29 00:00:00
23bf05f6cbd0c492740a22cb3a2b3ce8,08491aaf9ebc80af81d0686bc9b327fb,delivered,2018-05-04 08:19:29,2018-05-04 08:32:21,2018-05-09 13:31:00,2018-05-16 10:12:32,2018-06-06 00:00:00
37921782093cc3bbeec6354572683718,86c796d4eb109a1f7401bd93f78c494b,delivered,2017-11-15 09:52:12,2017-11-15 10:06:39,2017-11-17 18:41:28,2017-11-23 17:59:42,2017-12-06 00:00:00
54b44811ad13a8dd03f0792d0f620b75,3ab8672a10d19fb9f15acf498badd19f,delivered,2017-04-23 08:25:35,2017-04-25 08:16:00,2017-04-25 12:11:46,2017-05-08 10:39:48,2017-05-11 00:00:00
b1f9820e61b6a6a7643c961eaf4f217d,6e550daa4d9d07414a598ee4682289a0,delivered,2018-04-09 18:06:36,2018-04-09 18:31:36,2018-04-10 19:24:57,2018-04-16 18:05:42,2018-05-07 00:00:00
45b0b9012eea515351639078d2676a65,08d7b1fe49c75e0ebc5758f55d41a580,delivered,2018-05-28 13:10:38,2018-05-29 03:30:57,2018-05-30 12:41:00,2018-06-11 15:19:41,2018-07-18 00:00:00
24ffe5543b23e12690af44dda7fd5ad2,fac53dc282acb0f2be3044ec7d861360,delivered,2018-02-15 13:03:08,2018-02-15 13:15:41,2018-02-20 17:57:17,2018-03-16 02:26:31,2018-03-12 00:00:00
25ef86388b24574c83d13632fb8f9203,73c6559216aa5669426c44ee5139e5e2,delivered,2018-02-24 14:33:47,2018-02-24 15:07:54,2018-02-27 09:09:05,2018-03-21 18:21:18,2018-03-27 00:00:00
80ae2209916afe530e522f74fc68339d,105af06b096f795bc4e3256ba2dd3755,delivered,2018-06-11 18:17:14,2018-06-12 18:29:13,2018-06-13 16:08:00,2018-06-18 20:18:50,2018-07-19 00:00:00
255d951095fc26f86cc7a08b822b714a,4aa40fd3991ea64e9dead06fe15f021c,processing,2017-01-11 15:18:25,2017-01-11 15:30:11,,,2017-03-01 00:00:00
d621888cede8755cd9ddc50a33e1b398,6b5e98af27663e0f92bfb377e8606882,delivered,2017-09-13 19:01:23,2017-09-13 19:10:23,2017-09-14 19:24:55,2017-09-21 19:39:10,2017-10-11 00:00:00
1ecec0de52507f72af7280ffcd0a8fb8,bdb6584072569eea15b292759bfee2b5,delivered,2018-05-18 13:22:17,2018-05-18 13:36:44,2018-05-21 10:28:00,2018-05-24 22:41:37,2018-06-04 00:00:00
47d99e35914d6194a685f9903e8ae293,e332edaaf7db8c383454db3af6b373d2,delivered,2018-03-05 15:23:25,2018-03-05 15:35:42,2018-03-09 19:36:53,2018-03-20 18:34:21,2018-04-16 00:00:00
084080266521db39cd371403f8534271,cd83239e30889569deb8484dc2a05b91,delivered,2018-03-23 01:42:47,2018-03-23 02:47:34,2018-03-23 20:56:36,2018-04-10 21:46:33,2018-04-19 00:00:00
ccd47c1bcae014534a615ca8dd261e26,dc3f2b2e116e5ed21f4c01e939eb48af,delivered,2018-07-25 23:49:32,2018-07-26 23:45:15,2018-07-27 13:55:00,2018-07-31 20:14:32,2018-08-10 00:00:00
fc4867a61bde1254dbbf346ce5f30d22,1d47feb38990a3b5bf7f09ddb3348370,delivered,2018-05-05 10:23:10,2018-05-05 10:35:16,2018-05-08 13:32:00,2018-05-10 17:55:27,2018-05-18 00:00:00
960fbbe89375098d7a51e5f0c31c4f8c,4194438fdb135e2e28575d75395bb79d,delivered,2018-07-31 15:18:25,2018-07-31 16:04:30,2018-08-02 08:20:00,2018-08-14 22:05:57,2018-08-14 00:00:00
ec73215e59b4de680b8b0c12d593c863,a5fe46d6afadbb2e4bc37a914badf488,delivered,2017-06-07 19:19:35,2017-06-07 19:35:20,2017-06-08 11:58:13,2017-06-17 08:38:33,2017-07-17 00:00:00
15c4eca9bee7274388666b826430cb30,0f0954bf97e454075ed89d562f01d8dd,delivered,2018-05-07 11:34:38,2018-05-07 18:09:51,2018-05-11 05:21:00,2018-05-18 22:22:36,2018-06-12 00:00:00
333d138f7c09561c72f767c8c034ed27,64a86356e147cbebd00bda1953a413b8,delivered,2018-02-23 19:43:34,2018-02-24 19:35:33,2018-02-27 17:29:07,2018-02-28 17:36:56,2018-03-09 00:00:00
369eee143e91ca7a46cdddc5f679e1f3,5d554dd7036310dc829b9dc51a453873,delivered,2017-08-01 13:07:11,2017-08-02 13:03:34,2017-08-03 19:55:24,2017-08-09 19:43:34,2017-08-23 00:00:00
acb7c1bc62f008647045477f214b5dcc,e1c33362bc32ac335051f63629c4e8a4,delivered,2017-06-09 12:00:12,2017-06-09 12:21:06,2017-06-09 14:46:49,2017-06-14 14:09:37,2017-07-05 00:00:00
82bffc58899b3f43ae84cbcb157a2ac1,628b8a395cdcc263b0eb3b4418dbee1d,delivered,2018-03-15 18:38:36,2018-03-16 03:47:59,2018-03-20 18:22:27,2018-04-13 18:12:07,2018-04-09 00:00:00
af7c926b8eced0da2df66d8ec2af192a,571e6ae70dea22c3da40e21760d07c61,delivered,2018-06-01 17:41:09,2018-06-01 17:55:11,2018-06-04 11:12:00,2018-06-12 19:58:32,2018-07-11 00:00:00
5cb2fb75350ea85361db1b3b7bd2495c,5b072093a86b32f6deb9afe5daa0a1cb,delivered,2017-08-17 11:43:48,2017-08-19 02:16:02,2017-08-21 19:27:40,2017-08-29 18:49:57,2017-09-13 00:00:00
ce149d960ee7bb3b8b2301f66e6f4ec4,3e01f558830af4f3d71c760a6869b0d2,delivered,2018-04-24 20:23:33,2018-04-24 20:35:10,2018-04-26 06:40:00,2018-05-02 23:18:39,2018-05-21 00:00:00
8538cceabb941edabecc8ac62f6813c9,3756b6c32606779d7afef1ab970fcae2,delivered,2018-05-17 16:56:01,2018-05-18 04:36:15,2018-05-21 14:01:00,2018-06-06 16:56:38,2018-06-18 00:00:00
661ec1598023dc06dccfa4506ed13123,10ce4db203c8cbe350a85ad638f4d282,delivered,2017-06-13 12:51:51,2017-06-13 13:02:46,2017-06-14 13:34:41,2017-06-19 21:06:47,2017-07-06 00:00:00
668ca58f384c0f1007054dbf6c280242,e51da7f5c5a550482241a36db85b36c7,delivered,2017-04-18 14:20:35,2017-04-18 14:42:23,2017-04-19 16:48:18,2017-04-29 08:56:29,2017-05-18 00:00:00
7008991f32a3ce17589bd3c3a9453b36,00ee00c99d468f838abf1d6d7044b2aa,delivered,2018-03-30 22:12:05,2018-04-03 05:28:03,2018-04-03 22:54:46,2018-04-05 00:17:31,2018-04-12 00:00:00
986983dd21e5167fac109fadaf7aac16,fb7d19feca365f1522c65d99c2f590c4,delivered,2018-08-28 15:58:28,2018-08-28 16:10:23,2018-08-29 12:18:00,2018-08-30 18:58:52,2018-08-31 00:00:00
b5e39939f052dc1cecadca77caba8537,897eb9268dd3eb3a0d0f080b5be27df2,delivered,2017-11-07 17:17:18,2017-11-07 17:28:00,2017-11-09 18:48:57,2017-11-23 23:36:54,2017-11-28 00:00:00
970f76b6787c1344e5cb37a50cfbf9ab,9f23c987df78ec6fc818779e59112676,delivered,2018-01-24 00:10:36,2018-01-24 00:34:49,2018-01-27 10:27:25,2018-01-30 22:36:31,2018-02-08 00:00:00
a5ec4b722860bf18fd1ff9fd35fbfff8,0d0e02f035f84b429d470d83437aad47,delivered,2018-05-21 02:46:48,2018-05-21 03:37:39,2018-05-21 16:03:00,2018-05-23 21:08:18,2018-05-29 00:00:00
72c8f22acc8e3ccdb8fd335aef2c00a2,989c61253740a45232db5d7a836e7bf9,delivered,2017-08-21 15:23:40,2017-08-21 15:35:29,2017-08-22 20:43:39,2017-08-25 18:27:37,2017-09-25 00:00:00
6aa0a6611260e7a3288dd6e2864f67eb,c9507d688c7edb17caa9ee99a915a7ee,delivered,2017-10-06 13:34:07,2017-10-06 13:49:18,2017-10-09 19:00:17,2017-10-20 13:35:59,2017-11-01 00:00:00
7c02295a038b0494bb117c4bb60bdcab,7970d113f06bb804df4febb76048978c,delivered,2017-12-10 10:40:05,2017-12-10 10:52:19,2017-12-12 16:09:55,2017-12-22 22:12:13,2018-01-09 00:00:00
48f7ee67313eda32bfcf5b9c1dd9522d,3d7697c0971cb2606444adae322d8bb3,delivered,2017-11-24 09:31:02,2017-11-24 09:39:31,2017-11-24 18:56:54,2017-12-12 23:21:52,2017-12-21 00:00:00
7e666050aebcbd6feba9622558222157,87d6c74b9588d73d7295bd23d6eb1a2c,delivered,2017-11-04 09:24:45,2017-11-04 09:35:30,2017-11-08 21:32:24,2017-11-09 18:06:52,2017-11-17 00:00:00
1a75ed2e9cc04b329fbbf472ea0ea100,01551ab70b4a96a82ff74e3fdf027837,delivered,2017-11-24 12:35:09,2017-11-24 14:52:34,2017-11-29 16:36:17,2017-12-09 17:14:28,2017-12-27 00:00:00
98472d369cb742358c7e30a0cd5c4256,8f8ebac5d30468c962fe5be76c2f2260,delivered,2017-10-16 17:57:03,2017-10-18 03:06:41,2017-10-20 20:33:19,2017-10-23 22:16:52,2017-10-31 00:00:00
804af8e63aed82b9d93e1c39c2ec49a3,c29fdeabf5b90b91bc8d577b68b5c242,delivered,2017-09-10 18:34:03,2017-09-12 04:25:52,2017-09-12 18:14:37,2017-09-13 21:09:36,2017-09-21 00:00:00
d7f5321a3029c895a6b79c1ebdd8a222,c862bfb1e868551f1c1c02fba1f2d0b8,delivered,2018-06-17 18:38:50,2018-06-17 18:58:02,2018-06-18 15:45:00,2018-06-22 21:07:48,2018-07-18 00:00:00
19c46428bc856e23d310e466a26e88b1,760088b273f0f37945a9fa6ff4955f33,shipped,2018-05-03 14:35:00,2018-05-03 14:54:59,2018-05-07 15:32:00,,2018-06-07 00:00:00
40edd29fcc7f120710d42d0400bc8e29,f26f8f245b07a64311c95a966f184bb8,delivered,2018-05-01 22:37:08,2018-05-02 22:35:20,2018-05-08 13:01:00,2018-05-24 16:03:41,2018-05-28 00:00:00
2b020fc22c27548cc22ee8447edad356,84c20d0d11544eca9070946f4bb31c98,canceled,2017-08-02 14:08:18,2017-08-02 14:23:13,,,2017-08-24 00:00:00
b917f95342573a0732028ba916ea92ab,0356877f77d9b7556e70917d90bd59f1,delivered,2018-03-26 12:35:07,2018-03-27 03:48:21,2018-03-27 18:42:18,2018-03-28 20:03:35,2018-04-06 00:00:00
f0cefee84b19e4a0f9a56b147e89eb2c,7ac14fa8a3597d612e0c45f195d05988,delivered,2017-03-14 15:27:18,2017-03-14 15:27:18,2017-03-15 09:23:26,2017-03-24 17:47:01,2017-04-06 00:00:00
2c8574e8710a496641d98e80143c7b98,232b9e51fc0fd2681049e687f520df16,delivered,2018-04-26 11:30:05,2018-04-26 11:52:42,2018-04-27 10:41:00,2018-05-05 17:08:29,2018-05-21 00:00:00
a740e70f022f7a928c360e7d42b0df26,3535441700d41ed668237e1e79d97fdf,delivered,2018-06-10 21:57:10,2018-06-10 22:17:28,2018-06-11 14:42:00,2018-06-18 18:24:06,2018-07-12 00:00:00
0e36a0363ee90aef2a9aed38aa46a2a2,3adc5005562ea42a51ce7923cbe094c6,delivered,2018-05-05 10:24:45,2018-05-05 10:35:18,2018-05-07 15:37:00,2018-05-23 19:32:34,2018-06-19 00:00:00
3398f00480d402f9b8522e6bda2c29d5,251f5f0058f31c30526c210905587660,delivered,2017-10-22 20:23:26,2017-10-22 20:35:23,2017-10-24 23:03:56,2017-10-31 20:33:47,2017-11-21 00:00:00
add6fca600991376414a6352a0bf85dc,c9dde713316880ec5a56e0eb8fc0f519,delivered,2018-04-20 19:05:57,2018-04-24 19:04:58,2018-04-23 22:38:37,2018-05-14 16:18:48,2018-05-24 00:00:00
f1e8643379e102eb64bc8ed6989a2ec7,36996dd434790007af16ee5f9f64f4ea,delivered,2018-07-31 19:16:43,2018-08-01 19:10:18,2018-08-02 19:22:00,2018-08-03 22:14:56,2018-08-09 00:00:00
511328761e16e3cabcb23b38f6f22625,9bc88edc94cd920e6604a97e5857d189,delivered,2017-05-17 20:12:19,2017-05-17 20:22:35,2017-05-26 09:36:28,2017-06-01 13:58:03,2017-06-09 00:00:00
462d95e4a92c40052f2cbbb3cfc9dba0,2aae1d89507c1461a10b448d50f16801,delivered,2017-11-30 13:31:37,2017-11-30 13:52:16,2017-12-04 21:54:37,2018-01-09 01:39:19,2017-12-29 00:00:00
bc3471af826ef5a2d49ddea3b33634b9,2e57077784d12251789b2742d5291ed4,delivered,2017-08-07 08:05:16,2017-08-08 08:15:10,2017-08-14 18:15:42,2017-08-17 18:35:05,2017-09-01 00:00:00
73c7ccedd1ee536b4609c4e103ce4593,895ca1f73c3e75eb875e4d0571b5d984,delivered,2018-03-06 11:46:12,2018-03-06 12:10:14,2018-03-08 00:51:38,2018-03-09 18:32:06,2018-03-19 00:00:00
c643ec88999766ebea4bf3bc53d21e41,a38c8aaa46a1727a487fb1045847cce0,delivered,2018-02-12 23:00:15,2018-02-12 23:15:23,2018-02-20 11:22:14,2018-02-24 16:04:17,2018-03-06 00:00:00
7fee575a8a04724433c86b76ce4b709d,d22486816d1289aa4ebf836a6d49a933,delivered,2018-01-04 15:40:32,2018-01-04 15:52:29,2018-01-05 17:35:24,2018-01-18 22:14:34,2018-01-22 00:00:00
7a3073d28930e698b650ba8cf83e741b,1b4e8dc00e2ab9c15e6ed1e4b4bc79af,delivered,2017-05-19 00:00:56,2017-05-19 01:25:19,2017-05-26 07:09:02,2017-05-29 09:42:16,2017-06-06 00:00:00
166e882a7a129380bfaeb22f00f7fa5d,476bca4f2695455d0132d376b6fa9c5a,delivered,2017-11-24 10:45:13,2017-11-24 12:31:24,2017-11-24 22:03:26,2017-12-04 20:27:33,2017-12-14 00:00:00
03344155603005842bd94ce8d65f2607,6e20e3411f6125ce6341690687c83fef,delivered,2018-04-13 14:41:18,2018-04-13 14:55:22,2018-04-16 13:02:31,2018-04-17 13:12:01,2018-04-30 00:00:00
68b52a722cedcc13598a7fedcbe5a784,84bb5bd833c86c94c1d9b7e1e6f0f6cb,delivered,2018-06-21 22:22:28,2018-06-21 22:38:26,2018-06-22 13:26:00,2018-07-03 17:08:34,2018-07-04 00:00:00
3663f9f8556770522d4bba16590ee243,c7320b8fc56f8f25784540a86a6e3ca1,shipped,2018-04-23 17:15:11,2018-04-24 19:10:24,2018-04-27 13:56:00,,2018-05-24 00:00:00
078c97da8566e6052ff4f0925dadcbb4,d35a516e27873b344b2b9bc4ff2634a1,delivered,2018-01-27 10:45:45,2018-01-27 10:57:19,2018-01-29 18:58:54,2018-02-22 18:51:39,2018-02-23 00:00:00
f679d90195e7c1e11563250d98edffb6,57bf63f1aab0e77102a9b23e53bc4446,delivered,2018-02-28 09:17:03,2018-03-01 02:50:41,2018-03-02 01:16:51,2018-03-23 12:04:27,2018-03-21 00:00:00
797d5097cc9c1d3dd3292cb53172672a,c774b04e5b24344cd01e916eaab9143d,delivered,2017-06-02 12:09:23,2017-06-02 13:05:38,2017-06-07 16:16:43,2017-06-16 17:32:20,2017-06-27 00:00:00
1bda1235720d47a2a737221a9cb666a9,675faa6353e08d4f3509a628596f65de,delivered,2017-06-05 14:05:44,2017-06-05 14:15:10,2017-06-06 15:01:06,2017-06-19 20:53:50,2017-07-07 00:00:00
f2f99bdf2e5cc73abc5e135a2ab1767e,a0c1d01b17ff8704583831492a492a0e,delivered,2018-03-20 16:35:13,2018-03-20 16:50:20,2018-03-22 19:43:40,2018-04-02 20:46:25,2018-04-19 00:00:00
088ed3ea83b658f4974b48fbbb26a795,39438ed667ddf6622e024e390bd85c73,delivered,2017-04-19 15:29:11,2017-04-19 16:10:21,2017-04-20 12:10:54,2017-05-02 16:20:38,2017-05-11 00:00:00
00e7aeced1d61792368ec7bf8b967a90,a59a22655d75791a336909c4bd133fbe,delivered,2017-04-13 02:11:17,2017-04-14 02:50:12,2017-04-19 16:34:52,2017-05-04 18:12:45,2017-05-17 00:00:00
91c72081ae9c08e96d0bc952f73e6188,aa26d06d6a3115758bf39b5af7b53ac2,delivered,2017-06-20 11:12:10,2017-06-20 11:25:25,2017-06-20 13:40:49,2017-06-26 14:22:29,2017-07-12 00:00:00
12eaa53ad92b6aee3f8743383164c4e9,bca17e0f976a6c87de2d2d7d1070bf4d,delivered,2017-04-26 12:11:30,2017-04-26 13:06:08,2017-04-26 13:52:24,2017-05-05 15:43:37,2017-05-19 00:00:00
5f2959503561ff228a9b4c82b01b9f97,93de82c81a0248eb17ff8f0f5f1cb9da,delivered,2017-07-10 17:12:02,2017-07-12 02:15:49,2017-07-13 14:17:35,2017-07-17 17:23:02,2017-08-01 00:00:00
f42bfe430d08b71e6057873397dcc741,470a30ad75f233e919b2d8c75fa6d574,delivered,2017-08-17 09:59:49,2017-08-17 10:15:14,2017-08-24 22:41:51,2017-08-29 14:41:05,2017-09-15 00:00:00
bfdb258080b0a7f6774ea0444dc27309,753cac2d03db5c4023a86e3723adfc4a,delivered,2018-03-07 17:15:10,2018-03-07 18:01:26,2018-03-08 23:18:34,2018-03-14 13:33:57,2018-03-23 00:00:00
427be8c69327b86f12e65fb5fedfde5c,b871e614fb8b5de170c88efe4b3aa3b3,delivered,2017-03-14 21:20:04,2017-03-14 21:20:04,2017-03-27 08:57:37,2017-04-09 16:45:39,2017-04-07 00:00:00
e030f5da42afc3b5b81b24d7c4d1bcb0,c90951deb7ca17b49eb1dbee767171b9,delivered,2017-12-03 11:59:04,2017-12-03 12:12:01,2017-12-04 16:32:32,2018-01-04 15:43:40,2018-01-02 00:00:00
f02d7520026a027c1329f08d01ac16ab,d123b6f1d0463b321f5de2962a74e97d,delivered,2017-12-11 17:34:31,2017-12-11 17:50:25,2017-12-13 20:03:06,2017-12-21 23:29:13,2018-01-09 00:00:00
5ac68a35d9480fc7de1f9b16df5d7847,f960da04a35c4071b010961b49a3d1ee,delivered,2018-06-19 21:24:59,2018-06-19 22:00:16,2018-06-20 13:27:00,2018-06-22 23:05:44,2018-06-29 00:00:00
ba35dc4c6f33f4942ef22d87d4599b97,2c485d2d7c548a23ca06f966aba7bf8d,delivered,2018-04-20 19:51:52,2018-04-24 17:13:41,2018-04-24 18:11:40,2018-05-11 22:24:56,2018-05-23 00:00:00
e590915e0817faa870d3eceadaa9399c,e3543bddb221608d95f8d29b44a447bb,delivered,2018-08-20 13:42:28,2018-08-20 16:11:30,2018-08-21 14:59:00,2018-08-23 15:38:49,2018-09-04 00:00:00
9770754f26c646f06bc8d8aba8b6af34,c5a83a36542fb543dffbfe28c546d771,delivered,2018-04-17 21:53:51,2018-04-18 21:51:00,2018-04-19 20:24:52,2018-04-30 15:18:37,2018-05-17 00:00:00
997428ea645e3cced2ab880385654112,d53dd905727c9245ee862fbdc28b7c8f,delivered,2018-06-10 10:47:00,2018-06-10 11:10:03,2018-06-12 15:11:00,2018-06-13 19:04:50,2018-06-20 00:00:00
ef6f87b9bee14a58053b754eb1be1fef,9095f6441702d4ec8d34061fbc1139cf,delivered,2018-02-17 15:26:19,2018-02-17 16:00:23,2018-02-21 21:05:22,2018-03-13 11:44:30,2018-03-14 00:00:00
4fbaaba9d91872cc7286e3475e6d6699,e7a3025d6fbfa34fb083482220ccf637,delivered,2018-06-24 18:49:49,2018-06-24 19:20:03,2018-06-26 13:59:00,2018-07-02 18:14:50,2018-07-26 00:00:00
79f921d80b92e48b9ed5c549c94b745f,9c161856e68af8268e6dd8ec82344b3b,delivered,2018-03-01 14:48:20,2018-03-01 15:15:36,2018-03-05 15:35:15,2018-03-26 19:28:40,2018-03-23 00:00:00
34a9dd848ef0ebd4ae4b60d31720497d,b1221b66ecee309fdcdb457f5d642260,delivered,2017-10-14 11:51:19,2017-10-14 12:13:47,2017-10-19 18:33:41,2017-11-14 19:19:43,2017-11-03 00:00:00
00c47fefb9a49baec12ab3654d7f548e,411373e81bbd24b0356ca1274e9c03fe,delivered,2017-12-06 00:08:49,2017-12-06 00:18:33,2017-12-06 22:28:59,2018-01-16 21:05:08,2018-01-31 00:00:00
7f00712c268844b83fbb7db60193e5eb,10b157911f208e4c7a66b91bbc9c351d,delivered,2017-03-21 16:14:21,2017-03-26 23:33:00,2017-04-03 08:17:42,2017-04-10 14:47:00,2017-04-11 00:00:00
9d0f0078c553c192aa8fc946492dc08a,7ede505a783065ff4f578ce431c6f297,delivered,2018-06-28 12:23:53,2018-06-28 12:50:14,2018-06-29 14:15:00,2018-07-05 13:44:33,2018-07-26 00:00:00
928292f8c5111a3b8bbe94e6cfc7900f,569b4778ddf7f548a05ff42993bea50b,delivered,2017-07-27 11:30:22,2017-07-27 12:02:52,2017-07-28 16:02:44,2017-08-07 17:02:44,2017-08-22 00:00:00
2d609a52d61c0a90d5e88a143630bc7f,a5f2379c5172a175f1f2b902a4d06960,delivered,2018-07-22 12:40:38,2018-07-24 11:31:57,2018-07-25 12:32:00,2018-08-07 14:08:38,2018-08-13 00:00:00
4641eadfa66f67a7b2d37e5bbe386398,15df61aa45e8b81407e1dbcaf8a975fc,delivered,2018-05-16 15:07:45,2018-05-16 15:34:35,2018-05-17 15:11:00,2018-06-05 19:11:58,2018-06-11 00:00:00
f7f27a0b991c58f8f3287801b9b26802,2a7b15aee777934aec99a1046e8f13aa,delivered,2017-06-28 02:56:16,2017-06-28 03:10:12,2017-06-28 14:19:50,2017-07-04 13:22:33,2017-07-20 00:00:00
0cd93455c51655ebb590c07a06d584a1,72db172e77409b4cc768552a16548206,delivered,2017-03-13 22:55:26,2017-03-13 22:55:26,2017-03-16 15:13:13,2017-04-03 17:20:12,2017-04-19 00:00:00
32c6a52142f2b3918d60c0708acfd7ff,7f3d47799abd19643ef2bed21ce226f0,delivered,2018-06-10 14:34:05,2018-06-12 05:16:01,2018-06-14 12:30:00,2018-06-18 15:29:31,2018-07-11 00:00:00
e8fdf80510b65c9abdaf0ae2446bd55a,e2b5aaefe3f4020eb916560800ea9823,delivered,2018-03-24 15:44:59,2018-03-24 15:55:25,2018-03-27 13:04:27,2018-04-05 19:24:48,2018-04-18 00:00:00
504358b70394ff9d17adc66f55192d5c,09fac85d71438b3400e2dfb08689b649,delivered,2018-03-01 17:22:18,2018-03-01 17:31:02,2018-03-02 18:12:16,2018-03-23 18:07:56,2018-04-06 00:00:00
8ac2ceafa1fab841f94e5bf768847e0b,d6733c80dfffc912d8b351b82faf8879,delivered,2017-12-08 09:52:48,2017-12-08 10:10:48,2017-12-08 19:09:25,2017-12-19 14:17:37,2018-01-08 00:00:00
58c6e33bc7b4ebacdc2171cd9e2c6f96,65dad95ef3f74abd39d82a32b3cd405c,delivered,2017-11-04 14:10:26,2017-11-04 14:25:36,2017-11-06 22:05:17,2017-11-21 11:12:56,2017-11-27 00:00:00
3d85885db63d8328e4dbaa59804ad1ee,e4c1279932f34611181c734b62006a92,delivered,2018-07-22 11:51:42,2018-07-27 23:31:16,2018-07-24 14:21:00,2018-08-03 18:24:50,2018-08-15 00:00:00
1a73487544d0b9f2ae19eaf22e3c7462,2e58019c686b4a4b24edbe972778e0e1,delivered,2018-06-05 17:08:15,2018-06-07 02:54:34,2018-06-07 07:52:00,2018-07-03 17:54:33,2018-07-19 00:00:00
869801fc99307b961a244f5828e568bc,d989bb99a2ac80add9e16a77da2e009c,delivered,2018-06-17 09:41:10,2018-06-17 09:55:15,2018-06-18 14:29:00,2018-06-19 20:02:56,2018-07-03 00:00:00
1ab4ba2aaa118a756ac6f15764adb2ec,fd667d6a6784c49bfd41e1ea9e9e6a3e,delivered,2018-06-17 08:29:35,2018-06-17 08:59:10,2018-06-18 14:15:00,2018-06-25 16:47:45,2018-07-16 00:00:00
6a411c43a42ddb752d87534a423d043a,4d175c61c1054192238fbd35a5e4dcfe,delivered,2018-06-11 15:31:32,2018-06-11 16:00:59,2018-06-12 08:43:00,2018-06-18 20:27:37,2018-07-04 00:00:00
b7150d703d0836a5c8bd270b64d307e7,a9e5a949365426d4f0de878df102b5e3,delivered,2018-05-15 16:36:03,2018-05-16 03:33:47,2018-05-16 12:56:00,2018-05-24 16:57:31,2018-06-20 00:00:00
6696737f72902ca26a8bb47e22769841,d8c796eaa7b2ae7d0680e2efc8d62bb9,delivered,2017-12-15 13:07:21,2017-12-15 13:19:31,2017-12-18 21:41:38,2018-01-12 23:53:23,2018-02-07 00:00:00
37a7c67354a15ed78011b5e51306b221,028d32c15ebdd9b9516b7ef159a84f73,delivered,2017-12-17 16:53:44,2017-12-19 09:56:57,2017-12-19 21:18:40,2017-12-28 14:46:36,2018-01-17 00:00:00
22d03f81f36cfd05e90af56d5dc63e74,86d3fe4ddf2692de0699c9b1c9e8df57,delivered,2018-07-31 13:22:30,2018-08-01 16:31:37,2018-08-01 11:19:00,2018-08-16 16:07:46,2018-08-27 00:00:00
cee4376822a28a33c40779ddfceee1eb,f0701f9bcb661ec085785e64c8cfda3d,delivered,2018-04-01 20:08:02,2018-04-01 21:48:14,2018-04-02 16:46:58,2018-04-12 13:20:48,2018-04-20 00:00:00
254496381e0184650717e8cf8e456d50,76a8cb55ad7101ce85c6985645cb0558,delivered,2018-08-04 14:25:27,2018-08-04 14:35:19,2018-08-08 09:48:00,2018-08-13 15:57:49,2018-08-15 00:00:00
5ae3075070db2a1aff1e28c35a8e5628,710009a78999597c4533adc7dfa8b4ed,delivered,2018-06-09 10:27:04,2018-06-09 10:58:32,2018-06-15 11:01:00,2018-06-19 18:58:21,2018-07-03 00:00:00
e73a10858b70339917af3b108236c820,a89d0a244eb36392521d02b1d5e173fc,delivered,2018-04-04 18:31:09,2018-04-05 18:27:45,2018-04-07 01:22:08,2018-04-24 13:59:32,2018-04-26 00:00:00
21f244996b7ed14d4a1d49da69ab34e0,0877688c3edbcf20f0c8f112343bb4a4,delivered,2018-01-13 17:00:08,2018-01-16 03:50:01,2018-01-16 19:53:35,2018-01-19 16:57:52,2018-02-14 00:00:00
8ff5ec04a3f395979b2371a0a9ef4136,e2be03bf1a62687ebecd09d2fade9c2e,delivered,2017-09-13 18:34:22,2017-09-13 18:50:20,2017-09-14 22:42:45,2017-09-26 16:15:13,2017-10-03 00:00:00
0c3e2dc4a3eeb282bd4df0b620dcff6d,3460eb5edd166a7e45eeb273fce75187,delivered,2018-01-15 10:04:39,2018-01-15 10:13:20,2018-01-18 18:35:58,2018-01-24 14:28:45,2018-02-05 00:00:00
ad495862e703fd1bd9d104eb8a8933a6,be30da9b0ffa485606a40c62df6ee7a2,delivered,2018-01-28 20:10:03,2018-01-28 20:17:31,2018-01-29 22:35:16,2018-02-26 21:39:22,2018-03-08 00:00:00
621d4b50a57e7b6e6d047671cb86cdc1,8013a33161d0b154e440f3ecb285dd41,delivered,2018-06-24 13:03:56,2018-06-24 13:18:41,2018-06-25 14:48:00,2018-06-29 17:07:48,2018-07-18 00:00:00
9e94c3cecb444012ef6ee92df4ef0b0e,f56091c3fb2ee9ba23d99dd40a11cb7b,delivered,2017-07-07 08:56:20,2017-07-07 09:10:12,2017-07-10 19:56:51,2017-07-12 17:47:28,2017-07-20 00:00:00
5539bd029cf95d97ba8f51f6f323c839,c78d8f28c22bacb43f9dad03a0f2f26e,delivered,2017-12-17 01:01:09,2017-12-17 01:13:32,2017-12-21 23:09:24,2018-01-03 19:41:32,2018-01-11 00:00:00
7e7d02281bcb8b908e7e347469114ba8,1145efd0cc4b891ba7df8d75f1530ec0,delivered,2017-02-02 03:48:06,2017-02-02 04:01:10,2017-02-02 08:06:31,2017-02-06 13:53:38,2017-03-01 00:00:00
b81a6b90b7a473ecb855ee9f4a881032,dc94a81be8142f0004efb222f85ba5f6,delivered,2018-08-09 16:06:19,2018-08-09 17:25:13,2018-08-16 07:09:00,2018-08-21 02:56:20,2018-08-16 00:00:00
e23cd9d0832eeac3bc6e9c55cbb64a53,5daf6455918cb226e592f6ad0cde4a6c,delivered,2017-07-09 23:48:00,2017-07-11 04:04:02,2017-07-11 13:42:17,2017-07-12 20:12:08,2017-07-21 00:00:00
e6b2afa6b02c9f066002cfdab6d53080,2ad11417e4acb043f847ec065ded3e26,delivered,2017-09-21 21:34:48,2017-09-21 22:48:01,2017-09-22 18:52:35,2017-10-23 15:38:54,2017-10-26 00:00:00
54f17a6fb99f59adc37b22166a7f1871,1d590938091b67588c7e578dd4e10ca2,delivered,2018-06-24 06:58:28,2018-06-26 05:12:51,2018-06-27 10:10:00,2018-07-03 23:05:12,2018-07-20 00:00:00
0fd5b0b57e1006706acc1bc1ccc2f66f,38df36157673334ad1b08d91c8a26137,delivered,2018-01-17 16:22:21,2018-01-18 02:11:40,2018-01-19 16:58:49,2018-01-22 20:37:01,2018-02-01 00:00:00
1443dcd001241a655df59fc728c2c9ce,60060c861ce6e32e7957dbc229685c9d,delivered,2017-08-17 11:42:36,2017-08-17 12:04:58,2017-08-22 20:02:43,2017-08-31 14:57:57,2017-09-11 00:00:00
acd5c180c2d3c364bd63013b33063120,c6689d9dd7d6f04090f33764ed5e94b0,delivered,2018-02-10 22:33:31,2018-02-10 23:48:21,2018-02-16 00:05:08,2018-02-23 22:47:09,2018-03-20 00:00:00
29941903985f944b0ffc49c479c1547d,b56ee98181afc3948a758d73a08423de,delivered,2017-05-29 16:16:50,2017-05-29 16:25:16,2017-06-09 15:07:29,2017-06-02 11:09:16,2017-06-23 00:00:00
bb18523b647231a531a5d3e5fe1687fe,1cdfd76e4dd6e176d18ac6365c083ee1,delivered,2017-07-10 08:27:10,2017-07-12 12:55:08,2017-07-12 19:07:57,2017-07-25 22:13:39,2017-08-10 00:00:00
be97182751bed153d280411feff5dd3d,e8a61ec3f416548b5d98874406ffd216,invoiced,2017-06-26 16:32:23,2017-06-26 16:45:11,,,2017-07-27 00:00:00
b7063c39fd3396dd0ad64052b0825513,6cd5d0756a78f12906fca5cbfb51d64e,delivered,2017-11-23 19:06:53,2017-11-23 19:14:00,2017-11-24 23:33:55,2017-12-05 20:22:17,2017-12-15 00:00:00
6eb56be25b30e83ab182da6a5d616cf8,e9a28f7782d12e6558605da9afaffe34,delivered,2018-02-21 13:50:38,2018-02-21 14:29:22,2018-02-24 00:21:59,2018-02-26 12:09:12,2018-03-21 00:00:00
d5082415db2dc919202b1d0dc63305af,8846753a3259fa201e793c45939022b3,delivered,2018-05-04 01:06:01,2018-05-05 03:50:31,2018-05-05 07:58:00,2018-05-14 21:11:27,2018-05-22 00:00:00
9fd4316339aa48df346fd744dc682ec9,2ae5164e3ffd4418ba0b70fa40265391,delivered,2017-02-15 16:27:45,2017-02-16 02:15:45,2017-02-17 08:32:51,2017-03-13 09:23:57,2017-03-24 00:00:00
0ed70666bb64b5c2ba83b2a6dc37f032,3b10a8f8297080ec4f0600315eab4ec8,delivered,2018-03-28 22:34:38,2018-03-28 22:50:14,2018-03-29 18:22:15,2018-04-05 14:58:34,2018-04-24 00:00:00
3c4f4a215516b1f6013a569c7013f45d,46e56e344cf9b8255312e845f7d0b1ff,delivered,2018-02-20 21:04:15,2018-02-20 21:40:25,2018-02-21 23:49:15,2018-02-22 23:47:09,2018-03-06 00:00:00
7eb3e26f4add684a86cb34bf2a0fac59,ea8027eeeadff54d4f337b68f39cb69e,delivered,2017-09-11 10:20:21,2017-09-11 15:10:20,2017-09-12 20:11:59,2017-09-19 16:55:01,2017-10-02 00:00:00
2ed4a7943bbe7f0641a9b23dde2241ec,47698a61541861c531bdccec72785476,delivered,2017-08-22 17:49:09,2017-08-22 18:33:39,2017-08-23 13:45:19,2017-08-29 18:43:06,2017-09-18 00:00:00
90266667267c61999c7efdecc81f99f2,c0e31b085a0dabd7d2506323fa579849,delivered,2018-06-07 18:42:05,2018-06-08 04:15:13,2018-06-11 09:48:00,2018-07-05 18:28:48,2018-07-11 00:00:00
7644fb667bf3f79e4eb486a9e14bc9ec,8edd7d1672dcefc4681d240c3f151a13,delivered,2018-05-14 15:37:36,2018-05-14 15:56:49,2018-05-15 14:12:00,2018-05-21 18:12:31,2018-05-30 00:00:00
d0960a14d090b93a0007c17713f2ed0b,98a095e8ecf120c47aa699893c51eca3,delivered,2017-07-13 10:54:01,2017-07-14 02:15:31,2017-07-14 17:36:37,2017-07-26 10:49:54,2017-08-04 00:00:00
6b1a5aabdde7ed25268697cef2a9d28a,0addd045c89ed918a0afcca4385c259f,delivered,2017-06-17 08:45:11,2017-06-17 08:55:22,2017-06-19 16:14:00,2017-06-27 13:07:44,2017-07-26 00:00:00
8c771415273e87e3770092962104fa65,346b5432650859114e6043a06348af7a,delivered,2018-06-06 09:50:45,2018-06-06 10:15:20,2018-06-07 13:15:00,2018-06-18 21:44:39,2018-07-26 00:00:00
25f3b8d528da241b7344e926baf475e1,a22842bd12e534cf34d12567bb96afde,delivered,2018-01-19 21:04:06,2018-01-19 21:12:23,2018-01-22 20:03:35,2018-01-23 16:44:47,2018-02-05 00:00:00
4bc27c3d551e28ec80a384663cbae90e,a6ee0b99b451b3287a6042ac2b237821,delivered,2017-08-15 13:43:01,2017-08-15 14:50:12,2017-08-21 20:22:11,2017-08-25 18:17:35,2017-09-06 00:00:00
99bccccad5e2c29b5e0c964c7a0e5340,7fd8ad4b9c6adb375590c23d5f16d5a2,delivered,2017-12-20 09:24:21,2017-12-20 09:35:33,2017-12-21 22:12:03,2018-01-04 21:09:55,2018-01-16 00:00:00
3fd2af7d4b0fee360bea3d4beb9d0418,1c226c6651185362430dbb00936b8af2,delivered,2018-03-06 15:33:50,2018-03-06 15:50:29,2018-03-07 19:59:01,2018-03-13 19:48:54,2018-03-27 00:00:00
54f621bc447961fb6ab19031f7f3051b,5d55f6e348a6670ba7e6973f6dd5a345,delivered,2018-04-01 01:37:16,2018-04-01 02:27:41,2018-04-05 18:18:26,2018-04-07 00:56:36,2018-04-12 00:00:00
e4e3b896819586eea806108a108aad30,cbcbb666f1aef35f6134e291a360a83f,delivered,2017-10-04 17:38:57,2017-10-04 17:50:05,2017-10-06 21:42:54,2017-10-09 17:13:44,2017-10-23 00:00:00
4981c013f7c47eaf4c82b5d2f0a30e7f,e315cb38486c79c233830e4e50dc65b3,processing,2017-02-26 16:15:49,2017-02-26 16:25:17,,,2017-03-22 00:00:00
5402b020da6d5ee7b7f1d43f22dbae97,c4538c27f47c9389108880bfe6155eff,delivered,2017-09-02 03:39:38,2017-09-05 04:24:26,2017-09-06 13:17:04,2017-09-13 21:29:47,2017-09-29 00:00:00
79f8cc02c20efcfa018854bba9f9ebc8,03ec3a55ecf6a4aa939d5c9cb0e8d3d1,delivered,2018-04-12 15:59:56,2018-04-12 16:15:27,2018-04-13 19:12:18,2018-04-17 16:32:50,2018-04-30 00:00:00
7899f1c17f7910367d21b9821e228538,5cadfa13d0742ccdc9614eedc1bc401c,delivered,2018-06-26 10:50:57,2018-06-26 11:18:50,2018-06-26 14:51:00,2018-06-27 18:54:47,2018-07-11 00:00:00
4636fbfb5ecb1733a2b2cf4c931f695c,2c11a01c0d9fc9ce7d1cf33e16062853,delivered,2017-08-23 14:12:58,2017-08-23 14:36:31,2017-08-24 19:51:37,2017-08-31 21:34:23,2017-09-18 00:00:00
a549c8b114c27a1e0f6d723f9d48e5c5,025c7748c7e2160365a967df3933447e,delivered,2018-02-12 09:42:06,2018-02-15 03:47:50,2018-02-16 02:12:29,2018-03-05 14:36:17,2018-03-16 00:00:00
c13f7e0f6e68493d056654349be6c15b,1d185a1881211f40e281043cf723d455,delivered,2017-09-09 21:47:01,2017-09-09 22:03:53,2017-09-11 18:26:09,2017-09-13 17:32:19,2017-09-21 00:00:00
0ca64e59f59b26fb6fb2726f907bb52d,8560b967cdb6597a5f8e81a89d9195cf,delivered,2018-05-03 16:13:44,2018-05-03 16:56:17,2018-05-09 15:48:00,2018-05-19 14:38:33,2018-05-28 00:00:00
5ddb18c0837af203e55bb5273ad3fa60,96e3b5ebc1882bf98d365fdd18f49465,delivered,2018-06-26 18:24:45,2018-06-26 18:43:52,2018-06-28 14:35:00,2018-07-12 15:14:37,2018-07-27 00:00:00
e2384e27d52c798743c71c9f2c57763a,7db1710df94d52ef26189240a4cc0d80,delivered,2018-08-16 12:36:06,2018-08-16 12:45:22,2018-08-17 11:39:00,2018-08-21 17:55:40,2018-10-02 00:00:00
95eba7f91699dbaf0acd3ab3f70785c1,5422ef602f244d3374a73946b2077c7b,delivered,2017-11-22 21:31:15,2017-11-22 21:46:20,2017-12-12 22:10:57,2018-01-08 15:22:39,2017-12-12 00:00:00
69eb0d3bb4ae91a60f10308d63fe64f1,b93db111b138592c3eea5e533f49e41e,delivered,2017-02-27 18:34:54,2017-02-27 18:45:11,2017-03-01 12:08:14,2017-03-16 23:35:07,2017-03-30 00:00:00
4db4d9eaf5fb240987ed4148caf900b9,7f3be1ea4ab67c410ab8e37634716342,delivered,2017-11-29 04:49:26,2017-11-29 04:57:25,2017-11-29 22:24:43,2017-12-06 22:38:39,2017-12-19 00:00:00
3990f96693d321ac142fff312bf3706a,6c44a903274653cddb1df3bcb05ac71f,delivered,2018-07-08 16:13:13,2018-07-08 16:25:33,2018-07-09 12:02:00,2018-07-11 11:28:38,2018-08-15 00:00:00
58badbf60491cc1d0c4b0a61174a6ccf,b8e931a93e49519678f09993656fce3d,delivered,2018-04-26 18:12:21,2018-04-27 18:11:01,2018-05-08 19:02:00,2018-05-10 00:12:53,2018-05-09 00:00:00
49f0e82d2c3c46134f551799b3990bf9,1e7347c98af2c5dd3b24ef197d20e0ce,delivered,2018-08-02 12:05:48,2018-08-02 12:55:32,2018-08-03 10:27:00,2018-08-09 16:51:10,2018-08-16 00:00:00
4632b700f33d5fe26dda89127aa5b5b1,af9515035d276b3f7bab3727a8ba808f,delivered,2018-01-18 19:22:23,2018-01-18 19:33:46,2018-01-19 23:28:23,2018-01-24 20:48:55,2018-02-08 00:00:00
bfc9b6d89dbb2d9a7dc7fde5843e0ba2,27c0887009d482e04e758a8ac36cb956,delivered,2018-03-23 10:41:20,2018-03-23 10:55:43,2018-03-26 19:31:00,2018-04-03 19:41:50,2018-04-13 00:00:00
78eff39e81cd88a03dc278396f3cee15,9a46036c450ed2b0352f21075c3c1e45,delivered,2017-02-04 00:09:20,2017-02-04 00:30:46,2017-02-07 12:08:19,2017-02-15 15:08:53,2017-03-15 00:00:00
b4e819d2c22097406ce41f19df19d9a1,6abbcc9f45795f1845a3b4437ad9e5d8,delivered,2018-08-08 16:46:30,2018-08-08 17:05:18,2018-08-09 13:20:00,2018-08-17 15:02:31,2018-09-05 00:00:00
d0a3f2251346c62e270f1680cbac775d,e804719d56f31ce57e5b26431b607c18,delivered,2018-05-16 22:49:49,2018-05-16 23:14:31,2018-06-04 16:03:00,2018-06-08 17:03:09,2018-06-04 00:00:00
3dd511776a28555feea15407b8a6989b,b5732337173bb2d69bc69285b6901df8,delivered,2018-01-10 00:04:29,2018-01-10 10:32:13,2018-01-13 02:18:48,2018-01-19 19:37:07,2018-02-02 00:00:00
97104e6fa1fbbf9bf29587310476ccaf,0930e7c9d47ac4f9a8f80b42514ae049,delivered,2018-02-25 21:03:49,2018-02-25 21:20:30,2018-02-27 01:52:17,2018-03-05 19:09:52,2018-03-16 00:00:00
6db17d1984cf4ba781756524332520da,734d9a2647b79cfae19586ab63e5eece,delivered,2018-04-04 19:13:39,2018-04-04 19:29:04,2018-04-10 19:21:53,2018-04-11 19:58:34,2018-04-16 00:00:00
f08cc56e54ab93c2caf71e5a46892314,2e2aceda14bf519194b25f568876ab3d,delivered,2018-04-12 15:20:13,2018-04-13 12:55:55,2018-04-17 17:04:57,2018-04-24 23:48:31,2018-05-10 00:00:00
f3f0bc4d599d1d5251f1b37cec7b407e,13a7b529c08942d1e86e9918dc4ae053,delivered,2017-02-01 13:53:20,2017-02-03 03:41:19,2017-02-03 15:15:54,2017-02-10 14:35:07,2017-02-24 00:00:00
89b939af6aada7003d4d2930b87d8b68,650dd9e8340ce0d99ea8bcddb610c529,delivered,2017-09-10 23:03:19,2017-09-10 23:15:15,2017-09-11 20:32:11,2017-09-14 22:21:57,2017-09-28 00:00:00
485a9b5ac4906bb7eaac99931164c87b,3a3eaa27404d482a1a4f0fc8897d03d8,canceled,2017-08-09 12:56:51,2017-08-09 13:10:13,,,2017-09-18 00:00:00
0cd5a59b77b1409abb6f791b2322b910,12d14cfe9f206dc5718f17fdd1c32b6c,delivered,2017-09-20 13:27:45,2017-09-20 16:10:19,2017-09-21 19:44:08,2017-09-25 16:40:16,2017-10-05 00:00:00
7cb35b5b001f4ea24adfb322cc509708,c9123cd3a990ed36a78adb8c5533d238,delivered,2017-10-09 14:58:50,2017-10-09 15:14:14,2017-10-10 15:43:01,2017-10-16 22:37:47,2017-10-26 00:00:00
73314e79b29b8857a78a32853790a9d0,f3f53cfb944cd5bdd21aef1d8e59a43c,delivered,2017-08-17 17:18:28,2017-08-18 02:35:17,2017-08-30 17:35:06,2017-09-08 15:13:54,2017-09-21 00:00:00
edb49ebb79238a3a8753649ba3c3c1a6,f801bc634bfb35a854f4133662b218e7,delivered,2018-04-05 23:18:21,2018-04-05 23:30:47,2018-04-07 01:16:28,2018-04-17 00:11:12,2018-05-15 00:00:00
cb80c358a1e10aa7f1d55a1739720ea7,fdf37dfc1d2362ad24e584efa945c235,delivered,2018-07-21 13:53:42,2018-07-21 14:05:11,2018-08-02 14:16:00,2018-08-07 16:46:27,2018-08-17 00:00:00
64bd3e880a66ec01c58e06862dcb82fc,de3e67c69d744169029b17ee09040116,delivered,2017-06-08 23:17:57,2017-06-08 23:25:17,2017-06-12 15:12:40,2017-06-13 18:12:24,2017-06-29 00:00:00
f9a3dd7361484de6c71fedbc1d6a74ba,80d1cf5daecd7229b4848ce0969da2cd,delivered,2017-02-03 11:42:09,2017-02-03 11:55:19,2017-02-06 08:37:52,2017-02-15 11:17:38,2017-03-10 00:00:00
1da9f58fe27dab2ebfd76ca17224cc5a,f9b99e5f9818d9b898e34b89c5a75605,delivered,2017-05-14 14:00:38,2017-05-14 14:10:11,2017-05-15 16:13:21,2017-05-20 07:32:49,2017-05-31 00:00:00
bc07f82ae356cbf2177d716646abe61c,837e1898172239a282b2a93b5fb1e3a1,delivered,2018-04-28 11:34:46,2018-04-28 11:50:48,2018-04-30 13:22:00,2018-05-02 19:26:46,2018-05-21 00:00:00
5fc033e4385d689a01dab767e50c6939,4e62f0306df0973d9a822d05462cfb9f,delivered,2018-08-16 16:08:41,2018-08-16 16:24:03,2018-08-17 14:58:00,2018-08-20 19:36:43,2018-08-27 00:00:00
a65f614a7b51b56f47bb90f4d9fdf16f,1ffd3a384c97afd38617f8887a8cc035,delivered,2017-07-07 17:43:26,2017-07-07 17:55:22,2017-07-18 22:47:03,2017-07-20 21:00:04,2017-07-20 00:00:00
269851ddbe5679a1fef1e568b2518cf7,c9cb47939ff0e1027568ba6d7130e700,delivered,2017-12-07 20:44:21,2017-12-08 02:53:56,2017-12-20 19:09:23,2018-01-08 20:42:59,2018-01-05 00:00:00
cb0cde0092a5383a8c528f939deb7e34,2957cf668c91f915056ba8dce926687d,delivered,2017-10-21 19:18:46,2017-10-21 19:35:10,2017-10-24 14:23:44,2017-11-14 17:22:44,2017-11-23 00:00:00
55c0b6b41ce482c3f77407ef43fc6bad,bf372d35de99f49cb07c1a238d7db256,delivered,2017-10-17 10:51:16,2017-10-18 03:15:32,2017-10-23 13:44:15,2017-10-24 17:12:38,2017-10-27 00:00:00
5b8bf01eefd098550791440d7ffc90cc,0a360ae8dbee32ae6366ccdce8af4b84,delivered,2017-06-05 20:41:09,2017-06-05 20:55:13,2017-06-06 14:56:49,2017-06-14 15:06:58,2017-06-28 00:00:00
b37ae92c72d3335c241ea5be05dbc077,6e66d0911bc117a0afc6313ee9a0abe1,delivered,2018-01-11 20:36:02,2018-01-11 20:47:55,2018-01-12 20:59:58,2018-02-07 18:48:59,2018-02-02 00:00:00
5c73abbb11b2fecca387746f9bee479c,71cef3439e05c0e70e6f50f1e46dc958,delivered,2017-10-22 13:41:35,2017-10-22 13:56:13,2017-10-24 18:13:35,2017-10-31 19:25:55,2017-11-16 00:00:00
11cf686bd51e6060001abd7c3eb9b05c,e80698680e591dfa8ff35fd27af65f7f,delivered,2018-01-16 06:25:36,2018-01-16 06:36:19,2018-01-18 12:29:02,2018-01-27 02:12:50,2018-02-07 00:00:00
14efd3877d76587691ac8f854125c31e,5d13de45d9d033d8c9fe887d785f97d2,delivered,2018-02-04 17:13:02,2018-02-04 17:49:12,2018-02-06 02:08:02,2018-02-16 18:56:49,2018-03-05 00:00:00
4b7a7eb6b477c63b872d57f9f2782269,138dc7414f14d963e93984a277f9d3e9,delivered,2018-06-20 18:33:57,2018-06-20 19:00:27,2018-06-21 10:37:00,2018-06-26 21:25:37,2018-07-12 00:00:00
ce46bc8d2065cf01585478045eeafd8a,ffdd13826fa94a17a1455e2367d3ba86,delivered,2018-03-03 18:57:44,2018-03-03 19:10:31,2018-03-05 19:05:00,2018-03-10 15:58:46,2018-03-28 00:00:00
1eea943a6165c6e0e51951bb76ec90a1,d3f3de2780c9d4dc54d116314cb4aa46,delivered,2017-09-14 01:35:12,2017-09-14 01:50:06,2017-09-14 18:59:29,2017-09-26 21:03:34,2017-10-06 00:00:00
5133357f704cf088de56cd5671858cf8,3e6997627c5c910984100b9cb2c304da,delivered,2018-01-15 20:27:50,2018-01-15 20:35:26,2018-01-16 19:53:33,2018-02-01 16:19:07,2018-02-07 00:00:00
4f5db1138694f3bc0bfdbb113f4f83ec,7d566615cf8ccced1730c39c3bc23eef,delivered,2018-08-04 22:52:06,2018-08-07 04:55:28,2018-08-08 14:53:00,2018-08-10 14:16:36,2018-08-23 00:00:00
d2bde0599318c433d8e3420c8f65427b,7eb773e1a901936644a0514e3f20d8e0,delivered,2017-11-25 16:53:18,2017-11-25 17:13:26,2017-11-29 19:32:21,2017-12-05 21:05:58,2017-12-11 00:00:00
7715d67827702c066f8a4d2d638449b0,643e8a41cb0b7e7e4524e7ac3853c3d4,delivered,2017-10-29 10:17:49,2017-10-29 10:30:11,2017-11-03 20:15:41,2017-11-10 18:05:49,2017-11-17 00:00:00
ea440eac95a801c80784b5105a5e4a9f,ef61483f84cb06e6510dec2103d4e789,delivered,2017-04-18 23:30:42,2017-04-19 16:15:19,2017-04-25 15:47:19,2017-05-02 14:55:50,2017-05-10 00:00:00
6f6c5cbdcafc5ad54df95e75d0ce07fc,873fd3c8bfbe62572aea596a361c0849,delivered,2018-08-13 13:35:58,2018-08-13 13:50:18,2018-08-14 13:47:00,2018-08-21 16:37:43,2018-09-10 00:00:00
b98be699b2475e243e9a1bcc87a915b4,6384956ecc59b99a9b2c5e80b7f74f5b,delivered,2018-05-02 20:04:02,2018-05-04 03:52:01,2018-05-04 15:02:00,2018-05-25 20:08:38,2018-05-23 00:00:00
ad289a7aeb017887d348b0e026d8d521,f08a73ccdb2f87d8b4ad103ebf8b542b,delivered,2018-07-04 19:50:18,2018-07-05 16:22:46,2018-07-06 08:11:00,2018-07-12 13:06:55,2018-08-03 00:00:00
14ddbde8a800125503870bcad59d2851,6082d2846415141d6736a61ee9a9e6b1,delivered,2018-05-24 12:34:45,2018-05-26 02:31:42,2018-05-30 14:29:00,2018-06-04 16:28:44,2018-06-19 00:00:00
db0cf68d7b84f2563ba24fe7a111e2be,d7dc7ed62eed8f6c96f39cde34912389,delivered,2018-04-14 22:35:36,2018-04-14 22:51:41,2018-04-16 19:39:00,2018-05-10 22:48:37,2018-05-28 00:00:00
da095f1f4d7e0e3111772d51a08ad079,4d6c419b936a841d738247d0800f430d,delivered,2018-05-22 09:56:27,2018-05-22 17:14:45,2018-05-23 14:12:00,2018-05-24 16:05:08,2018-05-30 00:00:00
ae61d8526340e93d3df927f6efa8b2a9,3c8cd8da35337cb33de3ce0a2b5f1f85,delivered,2018-01-18 18:05:35,2018-01-18 18:14:52,2018-01-20 00:38:50,2018-01-24 22:27:07,2018-02-08 00:00:00
cc8778d76e567b45082b7f52bce23095,be2e37dca4d90f0bfd4f57e676377191,delivered,2018-04-21 16:45:16,2018-04-24 19:24:18,2018-04-23 18:22:46,2018-04-30 22:16:47,2018-05-29 00:00:00
9ddd723e703903eeb90abbd2af0ddc24,51906f3d3c10f0e444f0aec2dfc634aa,delivered,2017-11-03 13:54:42,2017-11-04 04:30:23,2017-11-06 14:18:46,2017-11-16 21:08:48,2017-12-05 00:00:00
a57ded674d83445bb796dfca14cf8ddf,9f880b8ae8abe8be1c6c0e49eee0d48b,delivered,2018-05-16 21:21:08,2018-05-16 21:36:09,2018-05-18 14:23:00,2018-05-21 16:32:25,2018-06-14 00:00:00
00c9474e0334f7a4ffc8c3a8bd21a51e,e84d9c0fb40fccf1b0e326e840f6a8ec,delivered,2018-05-04 19:19:10,2018-05-05 15:50:46,2018-05-09 15:10:00,2018-05-16 22:56:45,2018-05-17 00:00:00
7d0d148810ae67b1aa1f2d450d26e952,f81ad3596e26b5953d779b463edd3906,delivered,2017-07-19 18:10:05,2017-07-19 18:25:15,2017-08-03 20:05:02,2017-08-05 15:16:40,2017-08-10 00:00:00
184caad9d2255768d98251b3715e8e8d,40bc1202d31e52d9e121fcf3c6cd6149,delivered,2018-05-03 20:32:58,2018-05-03 20:52:53,2018-05-04 19:01:00,2018-05-07 19:03:48,2018-05-16 00:00:00
d98e1bbea27add1b46f2f78aa0a3517b,f1e2b8785604f68bfe418a8cf8fb5465,delivered,2018-02-22 19:54:45,2018-02-22 20:10:46,2018-02-23 22:39:38,2018-03-05 21:34:02,2018-03-14 00:00:00
f38755557b9876c68991673e64852af8,a697310dcc6dec6e09e601a68fad6611,delivered,2017-01-14 08:33:40,2017-01-14 08:45:11,2017-01-18 04:58:04,2017-01-25 15:07:53,2017-02-17 00:00:00
4406148906c660bd76509cfe3c059b4d,c3a6861e7c7fdebbb91ca4cb1dbdf7ed,delivered,2017-12-26 13:26:34,2017-12-26 13:32:29,2017-12-30 13:09:16,2018-01-18 01:20:01,2018-01-29 00:00:00
82f4c933483d577ca9f00f49b1203155,98b5d640be72dacc172797c4a77c7f32,shipped,2018-07-16 14:14:08,2018-07-17 04:00:49,2018-07-17 20:49:00,,2018-07-31 00:00:00
0204196a1fd266bdc00356eb791b4516,b7cbef9a346d7be216c7e57369eea78a,delivered,2017-11-26 18:43:10,2017-11-26 18:54:28,2017-11-30 00:03:44,2017-12-12 11:03:12,2017-12-18 00:00:00
b706ae4c6c85939c824f9ce25ae11884,d866f14443d6d667b9cbed78b30d4799,delivered,2018-07-05 16:13:21,2018-07-05 16:36:01,2018-07-23 15:59:00,2018-07-27 19:41:16,2018-08-08 00:00:00
ec9dc57817baa3a581380d5940fda322,7859b226e8b99e2263fae3c8fef443b2,delivered,2018-03-28 08:03:14,2018-03-29 03:15:37,2018-04-05 01:32:09,2018-04-11 16:51:34,2018-04-26 00:00:00
99a01ac9c1c718ea6eac9fac178552cc,f68e63b07912415b2ad2a25243bdcda8,delivered,2018-05-27 20:28:54,2018-05-29 03:31:15,2018-05-29 12:10:00,2018-06-01 20:16:55,2018-06-20 00:00:00
d00d6712bb15e2f5c4c1766b9f60f43a,a349e0abe64d842144b9ef7cd244d3cb,delivered,2018-08-15 05:45:14,2018-08-15 05:55:08,2018-08-15 13:39:00,2018-08-25 16:31:57,2018-09-25 00:00:00
e405a05e7cb02776a17ecb51733fa00a,87525a16ffbfa38b6d5339a840769201,delivered,2017-06-29 14:15:14,2017-06-29 14:25:17,2017-06-30 15:07:40,2017-07-06 14:24:46,2017-07-19 00:00:00
95b5dec92eff326736e1060b339f0013,977c17aaaaa190a607b8488d8a37bd72,delivered,2018-04-18 22:11:59,2018-04-18 22:31:12,2018-04-21 00:34:30,2018-04-23 14:21:13,2018-05-10 00:00:00
6e6872ba4fe6f52ce3b560d569bcaf95,03cb35ed4ea247307302f9f4ea94ac87,delivered,2017-06-06 20:42:47,2017-06-06 20:55:06,2017-06-07 17:36:23,2017-06-09 11:46:53,2017-06-20 00:00:00
1001fec33bc88a484d7431bec2147348,11342c1fb8b203ab328495db18dd8caf,delivered,2017-09-20 18:26:13,2017-09-22 05:35:22,2017-09-22 17:14:50,2017-09-26 09:32:59,2017-10-06 00:00:00
e2e9a4fe163a44a86fe306af8a9e2bcf,9aacda4060fd4835ee6541958cb9a1f7,delivered,2018-02-02 23:00:48,2018-02-02 23:10:48,2018-02-08 11:16:25,2018-02-16 00:09:10,2018-02-26 00:00:00
e2d9c66bdf5baf2058e9960542e386e2,bea3d0d84e0e1754c24a057d974504d4,delivered,2018-02-03 12:37:23,2018-02-03 12:50:29,2018-02-17 01:15:16,2018-03-16 15:21:44,2018-03-13 00:00:00
cb5862fa6e091fd9136288bae0999db3,3a825d2c5267ea3fe4af517fe5e2876b,delivered,2017-06-12 22:18:49,2017-06-12 22:35:25,2017-06-14 09:22:13,2017-06-27 08:46:49,2017-07-05 00:00:00
c2ec5dfbcdd442236f5aa871c8da0593,3e15efae32c4b38d85ae97b8bbd101af,delivered,2018-03-22 18:37:22,2018-03-22 18:47:39,2018-03-23 22:10:46,2018-04-13 02:08:29,2018-04-11 00:00:00
8b9b26610d247c36c7706cd0538c47d8,55c838464d70252c6d103c2a7a7685fb,delivered,2018-03-12 16:06:16,2018-03-12 16:15:53,2018-03-14 20:03:34,2018-04-17 19:19:04,2018-04-09 00:00:00
b86cadfb9d8fe2a3eba84001de30fec2,42f2f87401753615179a195adf5ebcb6,delivered,2018-04-04 11:20:21,2018-04-04 11:30:19,2018-04-05 18:35:30,2018-04-17 16:24:48,2018-04-20 00:00:00
43bc3119f6a029c0b7293bf06ac67f38,298564bc3ac497761719cecc3005a35f,delivered,2018-01-02 21:19:25,2018-01-02 21:32:47,2018-01-03 18:03:42,2018-01-15 16:14:04,2018-02-02 00:00:00
0068e836900867da359bd81db9227a33,26355ea90aab63ebf5e90caa825a943d,delivered,2017-09-29 11:24:09,2017-09-30 02:24:43,2017-09-30 15:07:31,2017-10-05 20:51:12,2017-10-24 00:00:00
4908721d56a113679fe934dfce599add,c9fae66c6a29c68d59463e2ae4969577,delivered,2018-04-05 16:19:24,2018-04-05 16:35:18,2018-04-06 20:48:56,2018-05-08 23:37:27,2018-05-02 00:00:00
3843fc679a3c5dbb30b836e40b3ff182,7e9b1573da9507517fc6935505ea79c6,delivered,2018-03-20 10:29:51,2018-03-20 10:50:24,2018-03-20 21:16:50,2018-04-09 19:08:48,2018-04-18 00:00:00
1bed03d048b494e693abd504e67328d1,704ba48e6fc9b2378b5a9a90ab678170,delivered,2017-03-22 16:32:56,2017-03-22 16:32:56,2017-03-23 09:31:13,2017-03-28 15:47:01,2017-04-12 00:00:00
dd7ac010ac0daaa2d26a974ceaf897a0,161f201db3babdac5fcbcaefb104811d,delivered,2018-08-07 21:38:12,2018-08-07 21:50:16,2018-08-08 15:19:00,2018-08-15 15:29:43,2018-08-21 00:00:00
ee7943a284764f967e17a0767a876ed8,d6391ee55ace4a0e2306195d51d5a56e,delivered,2017-11-24 23:26:44,2017-11-25 02:18:38,2017-12-13 17:07:49,2017-12-18 10:33:37,2017-12-20 00:00:00
594d743c86778bb2e583167a751f3daa,43ef3b43c4703892196a5f4d4e41772c,delivered,2017-10-02 17:20:49,2017-10-02 17:28:23,2017-10-04 18:33:33,2017-10-11 21:33:21,2017-10-24 00:00:00
7a818012b467239b762232ca1644c096,108c9ed00e923d915a2e68840192a37e,delivered,2017-11-18 12:41:48,2017-11-18 12:55:59,2017-11-22 17:02:10,2017-12-13 19:17:04,2017-12-27 00:00:00
5155cd41b25ed06d61986aeec0677c59,845b4c2092fe097a53ef3bd7797d4095,delivered,2018-07-16 14:18:16,2018-07-16 14:30:20,2018-07-18 15:29:00,2018-07-23 17:41:25,2018-08-02 00:00:00
37eaffe47310b5a7dc35775863202a0b,eabb847078cc6d55b4f68a08736709cb,delivered,2018-05-08 22:13:19,2018-05-08 22:31:36,2018-05-11 05:21:00,2018-05-14 13:50:50,2018-05-16 00:00:00
d6758be9876c16ad5edf45b268d91626,b3c6494de5baef8c18808390603352e4,delivered,2018-07-18 22:16:34,2018-07-18 22:30:16,2018-07-19 14:48:00,2018-07-20 18:07:24,2018-07-27 00:00:00
45477fa590eedcc1f123ccf3fb69fd6a,c97b04afa90855a89f2869848ed61c03,delivered,2017-07-29 16:50:49,2017-07-29 17:05:09,2017-07-31 19:12:57,2017-08-02 19:24:01,2017-08-22 00:00:00
add2c84eb3c5d751cc2710f029394622,71bc1185a2200915af09c03a5fd1f88b,delivered,2017-02-22 16:04:36,2017-02-24 02:45:31,2017-02-24 15:19:57,2017-03-02 15:23:40,2017-03-21 00:00:00
cb4d128e05fcc01db72fc61636a9e49c,e4465961826955d1bc6a8728dc6ac6ce,delivered,2018-02-06 08:31:14,2018-02-06 08:49:43,2018-02-09 20:07:35,2018-02-17 01:26:38,2018-03-12 00:00:00
bc8206fa80d1bcd38257bd4550932b78,337a8db159bfa694f3fdf52acafdd344,delivered,2018-02-28 18:06:46,2018-03-02 02:16:03,2018-03-02 18:04:08,2018-03-09 22:15:52,2018-03-28 00:00:00
1d368a43ab595c909b1be8fa55d9fe9e,a517a2e827c9bfc8594fbc0d6fe62052,delivered,2018-06-16 11:21:37,2018-06-16 11:38:00,2018-06-20 07:27:00,2018-07-05 15:32:14,2018-07-19 00:00:00
ae93587d71bc1659fcc7614e6f4dddfa,c285f8977c6d1f18543c636b180797ad,delivered,2018-04-20 15:15:29,2018-04-24 19:25:38,2018-04-24 18:11:43,2018-04-25 18:51:23,2018-05-11 00:00:00
5f4a120717a4d152577d7d2ec66c45be,bfa946d6497267cfd3bf8cb0217f6a5b,delivered,2018-07-22 11:50:22,2018-07-23 11:30:58,2018-07-25 15:05:00,2018-08-04 13:41:48,2018-08-28 00:00:00
2def1e16069e08497e9e9bc186bbcb9d,ce4e32eba7db619730a32134f6ef1325,delivered,2018-01-25 18:48:26,2018-01-25 18:59:02,2018-01-29 16:37:03,2018-02-02 22:04:13,2018-03-01 00:00:00
f407f10544f08b5406732fd467aa4bac,fb8c48b32cd7b39004cb4e90ee8e900a,delivered,2018-02-11 17:21:50,2018-02-11 17:30:26,2018-02-15 20:58:50,2018-02-19 22:09:01,2018-03-02 00:00:00
f7040a177f3827f17f94bd8e437869ad,7378f65d7c067ad62ae3fd158a4cb9c8,delivered,2018-07-30 23:22:22,2018-07-31 00:00:17,2018-07-31 08:40:00,2018-08-06 15:11:50,2018-08-08 00:00:00
e56d6fad37333104e525678504e3b8c3,d372ffc23da2cea9222083a79c94ede9,delivered,2018-02-20 12:25:53,2018-02-20 12:36:02,2018-02-26 17:08:36,2018-03-20 15:33:30,2018-03-14 00:00:00
2438db344bc7b4762af1a87e1fd54cd0,86f3208942a293247f56118add8e4aaa,delivered,2017-05-19 23:16:51,2017-05-19 23:30:16,2017-05-22 09:57:56,2017-06-02 15:35:58,2017-06-12 00:00:00
b191545cfb775e72c067683831bf4b0f,491e7668ebd0e174f6a28bd563818d4f,delivered,2017-03-09 18:30:20,2017-03-09 18:30:20,2017-03-10 10:47:14,2017-03-17 13:17:57,2017-03-30 00:00:00
00c8bfbb0a1224dcdb0180a544247159,97cba178632e2fed3edec61ce374fb60,delivered,2018-05-06 21:33:24,2018-05-07 21:32:21,2018-05-08 14:24:00,2018-05-11 12:16:58,2018-05-24 00:00:00
ef2ecde1a76f9bcc15c632e7970aca8d,df7ec75663c7db6cc97a8408c0e16e34,delivered,2018-07-09 18:25:18,2018-07-09 18:45:13,2018-07-10 12:40:00,2018-07-12 23:11:59,2018-07-24 00:00:00
753e537c63c618f5c27c4a3a51182909,4f51768260bdd5b061fb0df7e83b020a,delivered,2018-06-04 15:28:38,2018-06-04 15:51:49,2018-06-05 14:25:00,2018-06-11 16:12:49,2018-07-12 00:00:00
e50fcda6d7d9a1e22b4d9d1d65ae8224,6624d864bf96345f43613d1872805351,delivered,2018-06-13 09:15:48,2018-06-15 02:37:03,2018-06-21 15:06:00,2018-06-22 21:08:47,2018-06-28 00:00:00
2deab87eacecced409eb4e2f9b2a4372,4633bda7d6d511e0846d74188f9f2af4,delivered,2018-03-05 14:03:00,2018-03-05 14:15:27,2018-03-06 18:46:47,2018-03-07 21:33:01,2018-03-19 00:00:00
c531cb50fa0506125473379b2d74356b,95e27d868269c41e9785c6028f1cc504,delivered,2018-06-03 14:21:44,2018-06-03 14:35:23,2018-06-04 12:29:00,2018-06-09 16:59:33,2018-07-16 00:00:00
82e321af7534ba70a73929d2e4c2cf36,4592ee35fe658d1f90e10496599d9700,delivered,2018-08-07 07:22:19,2018-08-08 03:15:16,2018-08-09 13:57:00,2018-08-10 16:18:41,2018-08-13 00:00:00
0cf9e3fb10440c4f24991613c58587ca,302de57ef1a178ee6e3c15cd99eb3edc,delivered,2017-08-14 23:01:29,2017-08-14 23:55:25,2017-08-16 17:38:01,2017-08-22 20:54:36,2017-09-01 00:00:00
1124e4ebba42a10ac32ef40dd8dd6475,6dd0d2722ed39d0d25fa5c164b46dc67,delivered,2018-08-08 00:01:34,2018-08-08 00:15:17,2018-08-08 08:52:00,2018-08-14 19:51:53,2018-08-16 00:00:00
4ab7de78c72f664992f3171d28974c87,7cd6bff8976273c486cb20ce0bf2a209,delivered,2017-10-25 16:29:45,2017-10-26 02:56:43,2017-11-08 17:02:34,2017-11-10 17:47:47,2017-11-13 00:00:00
a8f412e6559ed350a64d8b9f2ecbcc84,6747dabc507b18f4a1300777643744d7,delivered,2018-02-19 21:09:50,2018-02-20 21:08:30,2018-02-21 21:23:03,2018-03-05 23:29:59,2018-03-15 00:00:00
70d311beea4bad34a599296c2095e449,24c0198087e69da480e00cfc47b1a8e0,delivered,2017-10-12 11:57:10,2017-10-12 12:14:27,2017-10-13 18:27:38,2017-10-23 21:12:16,2017-11-09 00:00:00
b6f41799a58be93e516fb6992e0d4b47,58284e22c11c1cd2a52d4f25630a1ed9,delivered,2017-09-17 06:44:58,2017-09-17 06:55:06,2017-09-18 21:33:16,2017-10-16 18:13:23,2017-10-17 00:00:00
07d5adada619115cf4c03f49fc8c5e74,8f7b448c7e06e94cbc038d48d92e332d,delivered,2018-04-30 12:23:27,2018-05-01 12:34:06,2018-05-04 13:45:00,2018-05-11 21:38:39,2018-05-24 00:00:00
31e45c5f9ee488243f3fb1b2507219d1,159ed1745532faf7a168edba44046e5b,delivered,2018-01-28 22:09:09,2018-01-28 22:37:21,2018-01-29 21:12:35,2018-02-27 13:55:00,2018-03-06 00:00:00
08fa07327488ff39829511ce36ed3e32,06323e75b664e167bba52921c091ab2c,delivered,2018-01-04 14:46:20,2018-01-04 14:57:23,2018-01-08 14:58:01,2018-01-16 22:26:44,2018-02-02 00:00:00
9289b2c9f04a99b28f563d5093612afe,cb5ef95029aa695df3bb2d8e454fb78d,delivered,2017-06-14 23:03:48,2017-06-17 03:44:57,2017-06-19 18:37:45,2017-06-28 14:12:09,2017-07-19 00:00:00
95fc4c1eda4eb09aff114067af28e084,474c28d22197efef5c36759ee917c242,processing,2017-03-05 21:02:51,2017-03-05 21:10:20,,,2017-03-23 00:00:00
56a103cc534114a9c3f830b32cdd3578,1b02883560cea3c3081656891def4666,delivered,2018-04-11 10:56:21,2018-04-11 11:11:05,2018-04-13 19:42:48,2018-04-17 16:18:49,2018-05-09 00:00:00
d66c390445566a6735c7a703c75e4e68,2a4d4ee2aa215919b261827389e59ddf,delivered,2018-07-29 14:21:48,2018-07-31 03:55:12,2018-07-31 15:20:00,2018-08-01 19:36:53,2018-08-06 00:00:00
1b4f6e77a7bfc8aaecb66219bac6b9eb,fb5c13a43eab0c123ae49f226709b74a,delivered,2018-07-16 22:59:19,2018-07-17 21:35:15,2018-07-20 14:43:00,2018-08-07 16:26:38,2018-08-22 00:00:00
1b69321f3b6236fe424fdbcdc21ca148,4a4e293b1568b8b1b0b81abd7a10515b,delivered,2017-08-03 22:54:04,2017-08-05 03:03:38,2017-08-07 18:35:58,2017-08-15 17:03:25,2017-08-23 00:00:00
ef9acc58a8568fd70de79c65656eaa13,91f6c16b262e52de40dfd085259fd921,delivered,2018-02-18 09:27:41,2018-02-18 10:30:27,2018-02-19 23:12:08,2018-03-06 20:22:03,2018-03-20 00:00:00
77543b2e8e994aa61c15ac854bc7a7d8,178c86cf288290286cab5a70b0ca98eb,delivered,2018-04-01 19:11:01,2018-04-01 19:50:10,2018-04-04 02:28:40,2018-04-09 19:28:26,2018-04-18 00:00:00
ca99d0db69566c10a85c187406e20b76,1e7989c434504343a913116ac6f213d2,delivered,2017-09-12 17:47:51,2017-09-15 16:35:23,2017-09-19 22:48:50,2017-09-28 19:13:54,2017-10-05 00:00:00
40c0445d738d244eae8975a8bbd2aefc,ee7efab90703aa7d4932a44c1dfd6baf,delivered,2018-04-10 11:35:06,2018-04-11 08:50:44,2018-04-12 17:38:29,2018-04-18 16:14:47,2018-05-08 00:00:00
285d05509f58145ec6c82cc3407ee55b,4c47d9f33156a83d4daefc9efb32b2c4,delivered,2017-07-30 17:54:39,2017-07-30 18:10:15,2017-08-01 13:05:59,2017-08-02 15:37:55,2017-08-16 00:00:00
f89c0e084b599b404715e19ea6c7d239,4bf45d157a7514d3284698a3d9df76f0,delivered,2017-12-29 20:45:21,2017-12-29 20:53:21,2018-01-03 23:21:45,2018-01-11 17:48:54,2018-01-24 00:00:00
b355f6e4f3e1a61e94e4448e62f928d8,2bcd0e979cd0725c0109bd870712d341,delivered,2018-01-06 17:00:57,2018-01-09 07:21:13,2018-01-10 14:44:19,2018-01-17 15:10:15,2018-02-07 00:00:00
db4e3bec0b52410d044c3f9d6bd6f804,836507d096fb2a93e1ecd7fcc252998e,delivered,2018-06-18 22:43:08,2018-06-18 23:16:30,2018-06-19 10:01:00,2018-06-25 19:03:55,2018-07-23 00:00:00
b9301fa4912e6d5f755e12b4986c5f84,75c435ed38ebed76da849c31086b8ebc,delivered,2017-03-19 22:22:20,2017-03-19 22:22:20,2017-03-20 10:14:17,2017-03-28 12:48:41,2017-04-10 00:00:00
42d0002972df88f19a3f50373ac74582,a36b45006c39fb0b8eb78a3eb4d84a85,delivered,2018-01-15 14:18:00,2018-01-15 14:30:06,2018-01-15 22:18:10,2018-01-26 18:07:36,2018-02-08 00:00:00
7f6bab6f94c44a7f4ffb9377bc3b82fa,4e373f238aef45be21c28bc5a50b017f,delivered,2018-02-19 01:49:59,2018-02-20 07:27:25,2018-02-26 19:10:11,2018-03-13 15:16:53,2018-03-15 00:00:00
2f53a7c846aa70472520bd18b081ebbb,6b80d613d3378576251d9ec0e13eedc1,delivered,2017-09-11 10:11:09,2017-09-12 10:15:24,2017-09-12 20:18:35,2017-09-20 18:12:41,2017-10-02 00:00:00
6b19ed3e3704877d971c65cc687f27e9,400b469da96af517eb65220561f3c325,delivered,2017-12-07 10:14:08,2017-12-07 10:30:22,2017-12-08 21:52:22,2017-12-17 14:44:39,2018-01-05 00:00:00
6061ccaeb9b3f4fd4b9a3eb220d1a3aa,47906d6921c01d43565d5756204d2d4b,delivered,2017-08-15 07:22:10,2017-08-15 07:35:13,2017-08-17 20:07:45,2017-08-24 16:46:17,2017-09-06 00:00:00
7524b4a4e4f4bc62cbc028b40f1e7445,a4b74254711f52eb7a9ee2c34b1ae99e,delivered,2017-03-01 19:49:15,2017-03-01 20:01:57,2017-03-06 08:56:53,2017-03-14 10:32:46,2017-04-05 00:00:00
9251da16758bc1fad7142e2c6b9bf4eb,60f8b5f37d4c039bba63e8e25b1fa1a2,delivered,2017-11-29 11:13:29,2017-11-29 11:37:09,2017-11-30 09:36:53,2017-12-06 18:58:48,2017-12-22 00:00:00
b42e0c99c693f666761672bdf283eefa,9ae1518455367fde01acd123148f75a9,delivered,2018-04-24 17:12:09,2018-04-26 04:10:56,2018-04-26 13:54:00,2018-05-08 16:44:40,2018-05-21 00:00:00
91c7c6fab7c4a2d5f68547dfda573166,9ca34f9d35777f9b0202e7128f694c95,delivered,2017-06-14 16:01:14,2017-06-17 03:42:56,2017-06-19 13:44:33,2017-06-30 16:07:52,2017-07-11 00:00:00
aca33246293a698b982644421ce2170c,7f1a08e2635252e5e256726471ef63ad,delivered,2018-04-18 16:07:34,2018-04-19 16:31:41,2018-04-20 18:48:45,2018-05-03 16:28:59,2018-05-15 00:00:00
300542e713279c59c9741f77d049f567,8e66c07dec133ee37abc193e8c8fd088,delivered,2018-08-04 09:39:55,2018-08-04 09:50:22,2018-08-10 14:42:00,2018-08-13 23:32:54,2018-08-10 00:00:00
e53f0cfe74143e4d79c05a2df7e80411,a8675865694fa23d42e8e3889f5763c0,delivered,2017-10-05 22:31:44,2017-10-05 22:49:18,2017-10-09 21:07:47,2017-10-18 18:51:32,2017-11-01 00:00:00
32a854aa037f2b66f8172754fccfddbc,f85e176b3821b59f163c55da8a16fcfb,delivered,2017-12-07 20:57:07,2017-12-07 21:10:43,2017-12-14 14:52:22,2018-01-04 21:47:46,2018-01-04 00:00:00
a6e12986cb485690d7bd8c97809e76f9,67c3fd42f958750063b6815fe700c309,delivered,2017-12-19 11:42:16,2017-12-19 11:54:46,2017-12-20 20:09:47,2017-12-21 17:18:38,2018-01-10 00:00:00
6f7e43972ed0a7fdbf29edf7cde6d2ad,2644be6912720bf7314f452232e81705,delivered,2018-08-09 00:29:23,2018-08-10 03:10:18,2018-08-10 15:19:00,2018-08-15 16:08:49,2018-08-23 00:00:00
369096250e5b27d687c9435d577ab29c,542c3d356022131cf2dec11c24abba30,delivered,2017-12-26 22:14:20,2017-12-26 22:32:33,2017-12-27 20:27:05,2018-01-04 22:06:37,2018-01-19 00:00:00
638913622370c1dfea90659077bd5375,91159f9cd99ac36508b2dcf3a92abf71,delivered,2018-07-31 11:33:56,2018-08-01 16:31:34,2018-07-31 14:56:00,2018-08-01 20:24:36,2018-08-03 00:00:00
80cc641291fcdf79b31212ddd7b175c9,752fc8ad216fa89878b909a7e00a1dfa,processing,2017-12-12 12:33:27,2017-12-12 12:49:00,,,2018-01-05 00:00:00
74dd410abd613e48dcee781aeb269181,9a13b7fa2df5ec634cb5976199715799,delivered,2017-10-05 14:23:31,2017-10-05 14:49:26,2017-10-16 21:35:34,2017-10-21 12:15:22,2017-11-06 00:00:00
b70adb5e7bfcd96be02825033008d23a,423e21d6cc95fea4f2e540a2e0c8b6e4,delivered,2017-09-15 15:06:28,2017-09-16 03:04:16,2017-09-20 22:18:36,2017-09-27 13:33:24,2017-10-04 00:00:00
f32430cf068c4689e9ca4c0d46ea04a3,618815ca1867ab9a2ca1625e2a2ce97b,delivered,2018-03-22 20:34:35,2018-03-22 20:47:09,2018-03-26 18:47:36,2018-03-29 16:41:27,2018-04-10 00:00:00
c614e300e4fa56844ccf198d05fc3da8,5529306c8d488c130a5262f4ec3eaa22,delivered,2017-10-24 13:27:33,2017-10-24 13:35:21,2017-10-24 19:53:54,2017-10-27 19:53:34,2017-11-10 00:00:00
342505ef4323f0572eda009be6080f6c,8ec1bda3f9fef32836852019c97f58e4,unavailable,2017-09-11 18:49:07,2017-09-11 19:05:09,,,2017-09-21 00:00:00
a1154a5da8429ac3461d448de5bc11c9,35807456295f80cbc6491f27cee2ccb8,delivered,2017-05-18 12:32:57,2017-05-18 13:10:22,2017-05-22 09:43:38,2017-05-25 12:26:49,2017-06-09 00:00:00
d5bf932dc17620661df0eda27c8fa1f1,ccbf0a0971182805a8c2ea16cc185544,delivered,2017-02-14 19:20:48,2017-02-14 19:30:20,2017-02-17 12:57:32,2017-03-01 14:13:10,2017-03-13 00:00:00
edc852e0d271566f7923b10c089c30ec,d9997dbfa04861886b1cc4187d51e370,delivered,2018-08-06 09:22:25,2018-08-07 16:05:22,2018-08-08 13:55:00,2018-08-13 17:41:49,2018-09-03 00:00:00
21ca56b276a6b8d082a1261f33786085,46898c46b3a1f1a811de916fb77e5659,delivered,2017-12-13 15:11:03,2017-12-13 15:19:27,2017-12-20 17:43:13,2017-12-29 15:49:02,2018-01-10 00:00:00
827ae2d7b97c04f655e43e23aee5211e,77bcab6dd4a3f32f074693436c534da6,delivered,2018-07-28 20:00:14,2018-07-29 19:55:20,2018-07-30 15:11:00,2018-07-31 19:03:30,2018-08-08 00:00:00
13c8da80a4b1a89a063dee494d324423,764b644da47fd5bb41b7d78590cffaa6,delivered,2017-02-05 19:34:51,2017-02-07 04:05:22,2017-02-07 11:40:07,2017-02-17 11:18:30,2017-03-03 00:00:00
f5bbdd05dbb39401798ee5b4aabe5532,43405cf6cb7dbd41afb6a0388d778002,delivered,2017-07-08 17:54:33,2017-07-08 18:10:17,2017-07-10 18:06:39,2017-07-17 21:03:16,2017-07-28 00:00:00
34f8407f7b8a9e33a001e63eb8d08545,4e94ebb4f79f5522b85cddafc8bf9b65,delivered,2018-04-19 13:53:59,2018-04-19 14:12:54,2018-04-20 19:28:40,2018-05-04 19:04:01,2018-05-16 00:00:00
d9952ada4955694cae66806b7d5ac6ca,ee2de94f683ada4fc7ff42ddc0482a08,delivered,2018-07-20 18:47:18,2018-07-20 18:55:21,2018-08-01 14:34:00,2018-08-02 16:52:11,2018-08-06 00:00:00
ab3ef8ca43844d05e39ad47fc0bba7af,4594311947cb2c4c6d8cc8ec74659065,delivered,2017-12-14 22:10:49,2017-12-16 02:51:34,2017-12-19 15:34:05,2017-12-27 01:37:56,2018-01-09 00:00:00
17fcc69aad66a8975f5e3e7c4e5928ec,21487d24e265cdb51994d8879484f7d6,delivered,2018-01-13 18:53:47,2018-01-13 19:10:05,2018-01-16 01:19:03,2018-01-18 21:14:24,2018-02-09 00:00:00
f3f19665e7205700de2a40ff56bf2d28,5cabe5b79e91df0b1cc680c581de5b8a,delivered,2018-08-22 13:59:28,2018-08-22 14:15:13,2018-08-23 14:35:00,2018-08-25 14:18:06,2018-08-27 00:00:00
ed01b0d507054bcaacdbc689704d3eb5,ba18bcec3e58edfc6e8d62161a020688,delivered,2017-07-31 14:37:26,2017-07-31 14:50:24,2017-08-01 20:24:37,2017-08-10 19:02:55,2017-08-24 00:00:00
c0ee5f2d4262c6c761676c64b025d074,5a5c7d5ad6d7d8393634a4221c900b69,delivered,2018-03-17 14:37:01,2018-03-17 14:50:25,2018-03-19 19:50:57,2018-04-02 23:12:42,2018-04-05 00:00:00
805eeb3298b184f196431dd54519edf4,916e8f4ac4615c215a6ab0423014e242,delivered,2018-06-01 22:38:26,2018-06-05 04:12:48,2018-06-05 14:06:00,2018-06-13 19:34:37,2018-07-04 00:00:00
2e39f907d4dd92ec91f6a98ea094e68f,3a521e8379dca62886b0a19623de3d8b,delivered,2017-03-20 22:34:04,2017-03-20 22:34:04,2017-03-21 15:15:18,2017-03-27 12:33:09,2017-04-12 00:00:00
30c3c6388d83af1e5d2919082f177a66,b46989bc8ae3f4c80f08e9117a3f3d5b,delivered,2018-08-06 17:38:40,2018-08-06 17:50:28,2018-08-08 11:04:00,2018-08-13 18:35:00,2018-08-16 00:00:00
e35f0336aa72b7e4c72417d79c385960,a500f3b8a00058b3e300716c59d7ad99,delivered,2018-04-02 11:59:40,2018-04-02 12:10:18,2018-04-04 22:22:15,2018-04-06 21:42:00,2018-04-18 00:00:00
210be0ac0c8d9589654333e9370c6480,f84ec948b39eb0b4c9968d5e4ffe36a0,delivered,2018-04-23 13:24:14,2018-04-24 18:34:11,2018-04-27 09:47:00,2018-05-03 20:22:54,2018-05-14 00:00:00
adcd620aef763e5d4a548a49f6ec5b8d,4870ee16064b5adfdb90c79ad9a2c216,delivered,2018-08-03 13:35:22,2018-08-03 13:45:23,2018-08-03 15:58:00,2018-08-10 04:55:43,2018-08-17 00:00:00
c87482c77931bd39e99e46dd2a7013d2,8e143bd17293b4a7d8ad77b56995d8f3,delivered,2018-05-05 11:05:51,2018-05-05 11:15:14,2018-05-08 12:46:00,2018-05-10 01:33:15,2018-05-28 00:00:00
3b7800a3b0523ee2ecef278097a83f1b,d8625cba80cf33402e6f516637f5717e,delivered,2017-11-25 17:36:18,2017-11-25 17:53:19,2017-12-04 18:42:04,2017-12-18 17:12:52,2017-12-18 00:00:00
64ae8cf0e642cc174881a66391200acc,2dd4ec81ccf99ecfa406cfb755e5ef35,delivered,2017-11-24 15:02:17,2017-11-24 17:13:52,2017-11-28 18:38:21,2017-12-17 18:08:04,2017-12-14 00:00:00
ae6b64ec83bef670aea816ed1fd2857b,10629d24a28802b8beb2f7f1c6626c5e,delivered,2018-01-23 14:17:56,2018-01-24 02:34:57,2018-01-24 22:05:30,2018-02-06 16:35:16,2018-02-23 00:00:00
31030688bc36fe767e310ec81b02c80d,d1a456126557b5109218a9e91035eb01,delivered,2018-08-12 15:17:26,2018-08-12 15:30:22,2018-08-14 13:58:00,2018-08-15 18:46:47,2018-08-23 00:00:00
ba21f24f06b977e43ce37b317a6974f6,83c0fabff1a73b2196b69250cfbc1f20,delivered,2017-09-16 10:07:01,2017-09-16 10:15:22,2017-09-18 18:02:51,2017-09-20 20:48:47,2017-10-04 00:00:00
d3cdfc22695162794fdd8eb40c15fcab,801c36afa9f92d28f87c2ef78df18219,delivered,2017-11-20 15:37:10,2017-11-20 15:49:32,2017-11-21 19:29:24,2017-12-02 16:05:12,2017-12-13 00:00:00
429ac14af69a71d769fea6b8aa217fbe,5b0ae9e7f015176aab8cf98d22cac483,delivered,2018-01-07 23:14:55,2018-01-07 23:27:34,2018-01-09 23:33:41,2018-01-10 12:34:06,2018-01-24 00:00:00
47fa6cef6180f216b6beddc92ce718c3,b6bc5ea5701a6d5186736c6f1f0d92c6,delivered,2017-07-28 15:18:37,2017-07-28 15:35:10,2017-08-07 19:12:29,2017-08-14 19:18:06,2017-08-25 00:00:00
f50dd7453d8819adca486dc81e735009,42e65d440b817c99435b037092a6dc1c,delivered,2018-02-04 21:31:50,2018-02-04 21:50:08,2018-02-07 19:12:41,2018-02-20 16:28:54,2018-03-06 00:00:00
fc0b3be9d66d6db8d306c15407ece0d7,18216abe719d24c5faf04c82abdf5e31,delivered,2018-06-16 20:45:44,2018-06-18 09:13:51,2018-06-18 13:17:00,2018-06-28 21:12:50,2018-07-17 00:00:00
0474da9403011efc4abd2bf594e9b68b,dcce3df038a0a13e25b904159c902a96,delivered,2018-08-08 13:18:36,2018-08-08 13:30:15,2018-08-08 12:19:00,2018-08-13 22:10:52,2018-08-29 00:00:00
66fa22325222866162cfcbdc2841bab9,60aa677f9f9260cf5b5cc30bc921358f,delivered,2018-08-05 11:45:38,2018-08-05 11:55:12,2018-08-06 14:51:00,2018-08-07 23:24:32,2018-08-09 00:00:00
97e39cfbbb930126e3f1c1a2048d649a,4a0df9c15b8f3bfb01a85c7f15a5ce7d,delivered,2018-03-16 09:53:50,2018-03-16 10:24:43,2018-03-16 19:08:50,2018-03-27 20:03:21,2018-04-06 00:00:00
53a6bae29048a94e0be1a98ee5a2414a,0ac70273f5c48c825a5af97661eee95b,delivered,2017-12-08 20:09:00,2017-12-11 13:54:20,2017-12-13 14:15:33,2017-12-26 23:03:32,2018-01-08 00:00:00
371144639291ca32d97aa87af7ef134e,2f74942064f74e8ca891d7db50ff815b,delivered,2018-05-01 21:18:44,2018-05-01 21:35:54,2018-05-03 11:53:00,2018-05-07 19:38:38,2018-05-30 00:00:00
2e262f84377397dbc00ac6781ccc1c8b,b74dfd116a5b4a0eaf8b92641a5a139d,delivered,2018-07-25 21:21:12,2018-07-26 03:10:26,2018-07-30 14:08:00,2018-08-01 18:12:16,2018-08-03 00:00:00
a2637131fb3a0082e4d7e750a4fe484a,2d0f7432570aed0b9ea49f389569482a,delivered,2018-05-02 19:24:33,2018-05-02 20:24:39,2018-05-08 14:02:00,2018-05-10 21:04:22,2018-05-22 00:00:00
4c64f4f7a59f7092060cce91b033d7a9,5174e3dad6d593069f1fa575d9310e6d,delivered,2018-07-24 19:52:02,2018-07-26 05:35:14,2018-07-26 15:31:00,2018-07-30 14:58:34,2018-08-13 00:00:00
f6415e11dbe7872c1a44b5a4d3cae947,76f65d286fdf5dd58ebf47c7f65c9b81,delivered,2018-02-28 16:31:10,2018-02-28 16:51:30,2018-03-07 00:18:27,2018-03-07 18:10:19,2018-03-13 00:00:00
ffb73c3b138a51d4c3a2b7f60c5f5de7,bff39a48b2e4ac7d5b658500fbc79aeb,delivered,2018-02-05 22:16:45,2018-02-05 22:30:31,2018-02-06 18:08:30,2018-02-07 16:21:43,2018-02-23 00:00:00
a2195cafb7379fd5abe516cac08e7fdd,d96afed479ace565925e0b432901f8e0,delivered,2018-02-23 10:29:24,2018-02-23 10:49:35,2018-02-27 16:33:16,2018-03-09 17:29:30,2018-03-20 00:00:00
860455aa7b45766b3d33b051cebc6e27,efbc3a1137c497705f0615f57e253f32,canceled,2017-05-14 21:16:54,2017-05-16 03:30:32,,,2017-06-02 00:00:00
7a80e1aeb92fb6ae503ebc33c85e23dc,a089b2bc903a8628095c330985e9ed58,delivered,2018-01-12 19:39:50,2018-01-12 19:49:27,2018-01-16 17:35:03,2018-01-19 22:32:54,2018-02-02 00:00:00
224ec929ecdaa7563512572447c65d02,d75e4f8cce76867c2c1c1e9b6961894e,delivered,2018-04-02 05:02:57,2018-04-03 05:35:08,2018-04-05 00:21:49,2018-04-06 01:20:48,2018-04-12 00:00:00
6029993caca02acb59d23ffc0f88604c,a96f1353d402e430810a0e6242a36083,delivered,2018-03-04 13:25:55,2018-03-05 10:09:42,2018-03-06 22:19:09,2018-04-04 01:15:50,2018-03-27 00:00:00
9934c4532c0567cd2210f7fd9041bcb7,efbf2ed09046e731a78937eff84b3c04,delivered,2018-05-22 09:31:06,2018-05-22 16:58:26,2018-05-23 12:30:00,2018-06-04 13:05:50,2018-06-07 00:00:00
0726665518da3a4e1b9efff4de0089fc,0a663660b4e386d4cdc7f69376912e1e,delivered,2017-06-01 10:41:56,2017-06-01 10:55:14,2017-06-02 11:54:49,2017-06-06 14:17:30,2017-06-14 00:00:00
bd18cc55469db99cfb36886d68bb3791,0bc6abbafdd2f89eb203507e7f1fc11d,delivered,2018-06-03 14:28:31,2018-06-03 14:50:01,2018-06-04 11:01:00,2018-06-06 00:32:51,2018-06-28 00:00:00
2d7aa84a54a8c03cbfbb2cfd8ae0307d,4f8516b15cc479017fc06b893d7ecc70,delivered,2018-06-08 09:39:44,2018-06-08 09:55:59,2018-06-08 13:22:00,2018-06-23 01:58:23,2018-07-24 00:00:00
5d813e90f3a2dcc17b05e3f7fb2d4ce6,3a7ee02ff6c9374344b9a60592bb1648,delivered,2018-05-07 13:08:51,2018-05-07 16:52:25,2018-05-09 15:48:00,2018-05-16 15:13:07,2018-06-12 00:00:00
de4887366c9ddf1dd93719769e1bc533,b5b0ed31ff924e46f8566027d9d2d62f,delivered,2017-08-22 20:12:44,2017-08-22 20:30:13,2017-08-25 19:56:28,2017-09-04 20:21:56,2017-09-14 00:00:00
9cbbfeb4725fc1144efeb735c4444b91,0fec892bc0786b8aa341a872832a1714,delivered,2017-12-13 14:22:01,2017-12-13 14:28:20,2017-12-14 23:22:53,2017-12-28 17:53:29,2018-01-12 00:00:00
1cb3c680ddf904752646028ee22073a4,791b43e8ebbd6abf0ad946fe9f2e1cac,delivered,2018-07-27 14:08:38,2018-07-27 14:24:04,2018-07-27 14:08:00,2018-08-02 18:56:47,2018-08-07 00:00:00
4c2e1a95586c815795a324d1599e7b5a,8b0eac582a0bda6bbafd79b1df45cbd7,delivered,2017-07-23 17:46:49,2017-07-24 17:55:06,2017-07-25 22:56:26,2017-08-07 18:12:51,2017-08-15 00:00:00
b6e796ad8c9c44fcd24f94d0068f4868,45379ae4fd8150c2bfa681a96cd30aea,delivered,2017-03-30 19:41:40,2017-04-04 05:50:29,2017-04-06 14:22:05,2017-04-17 10:32:58,2017-05-04 00:00:00
4e8ddb71f9d7cc7452a7005c2a459212,b49e004cb84fe0bff90c000396b266b4,delivered,2018-04-14 20:53:06,2018-04-14 21:12:41,2018-04-17 14:59:43,2018-04-18 23:31:55,2018-04-26 00:00:00
4d34da0824213ee7962a5c5ed32b3f51,a428b29ed08b54ee2ba2c4f06f1a0172,delivered,2018-02-10 17:01:48,2018-02-10 18:00:23,2018-02-14 18:46:38,2018-02-19 10:33:05,2018-02-26 00:00:00
97442cfe43e743b8e7dc64c6e143a84c,da0e2c91d3c568fff9fd6ca1ba34d640,delivered,2018-06-13 08:01:04,2018-06-13 08:20:09,2018-06-13 09:51:00,2018-06-21 19:38:22,2018-07-12 00:00:00
6bfefd597dae9bcdc38e087a154ab6e5,c0fd6186a94fc6fe13f085e45a2b5045,delivered,2018-04-25 21:55:09,2018-04-25 22:10:23,2018-04-27 12:56:00,2018-05-08 15:45:39,2018-05-18 00:00:00
6be4d7e8b8ba138c6ebae6bba4d14fc5,9b3a1839ff915bd1c62f01725598acca,delivered,2017-05-11 10:01:43,2017-05-11 10:15:18,2017-05-12 09:58:01,2017-05-18 16:44:54,2017-05-31 00:00:00
4aa0af6a36b380f42a173210f1d15a1e,165cb6d8c168e1f6146f823bb91b2b54,delivered,2017-10-19 16:21:34,2017-10-19 16:35:33,2017-10-20 19:08:12,2017-10-27 12:36:13,2017-11-10 00:00:00
bbc45552d5a935c8786792578b3828b2,b76637cd3591c558ba3f6be59f0dd883,delivered,2018-08-09 19:54:54,2018-08-10 03:24:52,2018-08-10 11:21:00,2018-08-23 19:28:31,2018-08-29 00:00:00
c66cf9c88601c897e706cabe3459bd0a,b4234ce59b6fedee1f4ca1e8aac13c15,delivered,2017-08-21 20:19:54,2017-08-21 20:32:25,2017-08-22 17:37:38,2017-08-23 16:27:57,2017-09-11 00:00:00
115abcb04c714f37dea22d04e52f35cd,4fd717f8365e738dcca2baa0ff70a52d,delivered,2017-12-05 02:47:05,2017-12-07 03:13:08,2017-12-07 17:19:21,2017-12-15 23:57:34,2018-01-05 00:00:00
7b93e2f7db1b7cf907cffcfc02ce5455,2118fc52c8116d7f5a78b433f7bce745,delivered,2018-03-27 16:35:03,2018-03-27 16:51:02,2018-03-29 16:22:08,2018-04-18 17:38:50,2018-04-20 00:00:00
0c7207c23f4eb8c3b374c9b6f11d75b7,4d3280f2dbfc1d6b631448e986a0123d,delivered,2018-04-24 13:24:39,2018-04-24 17:32:03,2018-04-27 13:12:00,2018-05-16 21:56:26,2018-05-28 00:00:00
ab9524b08e09e4acde1a3f40b8228870,4eb5b79155c67869cb04c77b1541d6eb,delivered,2017-07-02 11:57:40,2017-07-02 12:10:15,2017-07-04 11:37:53,2017-07-11 17:51:39,2017-07-27 00:00:00
db88b6343641816263ce1df8c1ad1b2a,bfc3b18138f9f8875f3cb6d9f8202ed0,delivered,2017-10-10 23:13:16,2017-10-12 02:19:35,2017-10-16 22:23:58,2017-10-20 18:18:01,2017-10-30 00:00:00
c2cd5bc346758b7a8259cc0d1f974824,f543e04fc0dd9c985863befe82722430,delivered,2018-05-11 15:21:35,2018-05-12 15:41:53,2018-05-14 14:08:00,2018-05-17 18:22:34,2018-05-30 00:00:00
d429103c6be912be69781fae58d4a76c,7dabb04a1e7a98eb986090f03515408d,delivered,2018-04-23 09:22:26,2018-04-24 17:24:07,2018-04-23 21:32:25,2018-04-25 22:13:52,2018-05-07 00:00:00
0d5e27935dad336ff3d5962a73b30f2d,70612c268ba10cb7aa25bad5766dbafe,delivered,2018-03-24 15:01:08,2018-03-24 15:15:23,2018-03-27 18:27:38,2018-04-23 20:07:50,2018-04-19 00:00:00
f2a46475bee862205dc161014bfce25d,d1d5dcf45fa56a44cb0fbf2d99ba6418,delivered,2018-01-13 11:30:43,2018-01-16 03:35:35,2018-01-16 20:14:52,2018-01-23 18:13:11,2018-02-07 00:00:00
e032067cbea43b5e3d9a4c1ebec40f3d,3c10e28136c7245b59aacf777a4e1e47,delivered,2017-12-08 21:58:05,2017-12-12 03:58:21,2017-12-14 11:48:38,2018-01-19 00:59:40,2018-01-09 00:00:00
d45a607d52fb19d5403aea4da8c702a0,213ade63ccbbf3f5db55a254ea8a96d6,delivered,2017-05-02 21:24:03,2017-05-04 02:50:39,2017-05-11 10:48:00,2017-05-17 13:13:52,2017-05-25 00:00:00
1196240b71cd166c2b75a3a0c9ded394,310e750a3574d84c0221e3e9e1a3b304,delivered,2017-09-02 18:52:25,2017-09-02 19:10:12,2017-09-05 13:47:00,2017-09-12 18:21:35,2017-09-21 00:00:00
99d3df1714b20b9eb9734e731927379a,89c9e4085217b358939bdfb269edc709,delivered,2016-10-08 23:46:06,2016-10-09 15:57:13,2016-10-13 15:57:14,2016-10-16 16:57:14,2016-12-02 00:00:00
46c7c115d719ca780eebedf719fbd4e1,83cf611a2af4e118b43cf278a15fd5a6,delivered,2017-07-18 09:20:37,2017-07-18 09:30:23,2017-07-19 19:39:49,2017-07-21 17:43:35,2017-07-31 00:00:00
e5bcc19af03dc9c714d381752e9f724f,f96d464a252356cef8521a343c9ef266,delivered,2017-07-16 11:48:22,2017-07-17 11:55:20,2017-07-18 12:34:50,2017-08-28 14:18:03,2017-08-16 00:00:00
6223137644b9e1da72b9876c3de86b39,11c94db3776634849fd8aad9e15f1ce7,delivered,2018-05-31 22:10:07,2018-05-31 22:32:25,2018-06-01 15:13:00,2018-06-09 09:56:28,2018-07-13 00:00:00
5a082b558a3798d3e36d93bfa8ca1eae,75dbcfb7a44bcf1199a9232679b45b10,delivered,2018-05-21 01:24:25,2018-05-21 01:37:54,2018-05-21 14:31:00,2018-06-07 17:16:41,2018-06-14 00:00:00
37478cd0f9c2bb79fe9027f43f6e28c3,af34fed7ecd8d47bc98023d6f9330188,delivered,2017-05-31 14:07:36,2017-05-31 14:22:44,2017-06-01 14:10:21,2017-06-07 13:13:52,2017-06-22 00:00:00
b110523a5f9c69ad95bf8247062f0ba9,674b0ce80de37d32613f9337bc3a8f80,processing,2017-08-27 15:33:09,2017-08-29 20:44:20,,,2017-09-19 00:00:00
7936a41bf78b669273c75ddc50ab7e07,bc622ba5c1a6dd7bbda84d044b747b18,delivered,2018-02-12 19:18:16,2018-02-14 15:15:33,2018-02-15 18:17:55,2018-02-21 23:42:20,2018-03-09 00:00:00
1dd62cec8f15d977f5662ee87d9aae02,22797d6f64e1be43a8c1d0ba31221c7e,delivered,2017-05-04 23:00:33,2017-05-06 09:22:13,2017-05-10 09:33:15,2017-05-16 06:07:05,2017-06-07 00:00:00
125512e7d74d27bce62323fed7c24ed5,754d1a7c4d6d2fb5c184601c13080b0b,delivered,2018-02-06 10:48:40,2018-02-06 11:11:48,2018-02-08 00:52:22,2018-02-28 16:55:00,2018-03-06 00:00:00
e417011226af2bd3a4a21d51b2818e36,1df6b5cc0f5be2d7be5bb608075b1fb8,delivered,2017-08-03 17:53:37,2017-08-03 18:05:49,2017-08-04 18:57:59,2017-08-11 21:49:47,2017-08-25 00:00:00
0533573d16b0c12cc9a3f9f97f67111b,f9173fb8dc039cb6acfcc3a7a2fc49eb,delivered,2018-03-01 11:48:03,2018-03-01 12:10:19,2018-03-02 18:55:07,2018-03-05 17:18:36,2018-03-13 00:00:00
6289102facc42d587c415f1ac8df5b2d,7a4b3b2a8d65d37fdfbc03846521c041,delivered,2018-03-19 19:50:09,2018-03-21 02:50:43,2018-03-21 21:37:41,2018-03-23 18:29:27,2018-04-05 00:00:00
23cb4df42223720155bea8a496cfd0a1,8b49b977b6b9c7c5f5c231f11b0d019c,delivered,2017-10-11 13:41:45,2017-10-11 13:56:13,2017-10-13 18:12:11,2017-10-16 18:12:12,2017-10-27 00:00:00
e5fd5e805f5dc431020bf61dcf6f56ae,1ca5cd891f0d0367163d531a1c0c8664,delivered,2017-11-25 18:23:49,2017-11-25 18:35:30,2017-12-05 03:11:56,2018-01-05 12:27:35,2017-12-27 00:00:00
c94380d457c5b733057185e23d14b4ed,3bb6fe6b4eb747875fd4976d6b37e8cc,delivered,2018-01-19 15:34:35,2018-01-23 03:37:47,2018-01-24 20:33:28,2018-01-29 18:13:08,2018-02-05 00:00:00
62c57504fe094246c5feb3cbc8692aab,12217655416d9edb5594c7dc6597b85f,delivered,2017-12-12 22:58:00,2017-12-12 23:12:42,2017-12-13 21:28:46,2017-12-28 20:32:43,2018-01-12 00:00:00
032445a7ba9d6dc90dfc011a48e5c954,58c5a7e613f2142414070e137c7c7a6a,delivered,2017-07-21 22:37:42,2017-07-25 03:25:48,2017-07-25 19:43:56,2017-07-28 15:43:23,2017-08-10 00:00:00
e72fc60ec647819bf469466c94d296a9,fd8622c9fc0a00dc505ba474a4fe36cd,delivered,2017-11-24 07:34:32,2017-11-24 07:50:12,2017-11-24 19:28:28,2017-12-03 12:52:46,2017-12-21 00:00:00
a43ab3ca4b7adf45f88bfd99b56816c5,952f08bb404a353d1dadda259fd0b8c4,delivered,2017-08-20 17:58:10,2017-08-20 18:10:14,2017-08-21 22:46:43,2017-09-05 20:13:24,2017-09-13 00:00:00
6228b5ff5e2a9f1cc96101d4c6c08d10,5cec8085bb0230910a0a091f25e27df5,delivered,2018-05-11 20:25:19,2018-05-11 20:35:13,2018-05-14 14:42:00,2018-05-18 11:42:51,2018-06-07 00:00:00
0b405b8ecc88bad4a3f2eee0fba1419f,cfe65a3ee75686d0ac417375b2d33d64,delivered,2017-05-29 10:20:53,2017-05-31 06:45:22,2017-06-02 05:44:51,2017-06-19 19:53:41,2017-07-03 00:00:00
efd1e4f4a8dac1a7a89d72d8a683f6d9,6193fa614660cd7f70cb2f152e4c73a2,delivered,2018-03-07 10:45:40,2018-03-07 10:55:44,2018-03-09 00:16:30,2018-03-14 17:18:28,2018-03-23 00:00:00
0877e8db9d779712c1c299b5bd8daa11,d5c98e2099bddd4681eef690abc896c2,delivered,2017-11-25 13:39:56,2017-11-25 13:50:26,2017-11-27 20:44:37,2017-12-18 20:41:38,2017-12-20 00:00:00
2f83040c67a949dd65bb0c6489fab3b2,1de30f750d52014cba4852ebfff5902b,delivered,2018-05-30 14:49:26,2018-05-30 15:11:35,2018-06-04 13:26:00,2018-06-12 17:05:54,2018-07-03 00:00:00
906f47e5cb0a80530bf2e789e6e6a0cd,c0c2bf66c5b4f939ddc5b00d504b6ebb,delivered,2018-06-11 14:57:36,2018-06-11 15:19:47,2018-06-12 13:08:00,2018-06-19 23:48:40,2018-06-28 00:00:00
853e771895ed7d34e8b9ace34f0c13db,4d3c42ac14edea98a8a94543b7fcf595,delivered,2018-04-20 16:37:25,2018-04-24 18:16:40,2018-04-24 23:49:37,2018-05-04 22:22:52,2018-05-16 00:00:00
94fdc3eaf8fde842c5e9caf6e0b82d11,fa3cfaab1954c94fa7e728c5f3aba9ce,delivered,2018-03-02 09:25:37,2018-03-02 09:35:27,2018-03-02 21:56:44,2018-04-03 13:51:07,2018-04-06 00:00:00
b03b8a7f0fb5b76851c4ffaea6f82388,f7d9e7403edeeffd4b15cb6bdde704d8,delivered,2017-11-25 23:22:27,2017-11-25 23:33:41,2017-11-28 02:48:38,2017-12-15 00:22:07,2017-12-18 00:00:00
32eaffe19143e699ac206f98725866cc,e03bc17a8f8e5c30862df338264f7a33,delivered,2017-06-03 20:50:25,2017-06-03 21:02:32,2017-06-06 14:34:40,2017-06-08 13:17:33,2017-06-26 00:00:00
50bbd6f58e1641ea899a67a31871cc73,14dc046e2318c7abad8943aef8bb765f,delivered,2018-05-14 08:55:22,2018-05-16 03:33:54,2018-06-13 13:56:00,2018-06-18 18:18:28,2018-06-01 00:00:00
ca3462ab47c1f63763b386ff9376cc1a,a4bea9d0081e8ca8680b0a399e9dcb97,delivered,2017-06-19 10:48:59,2017-06-19 11:03:40,2017-06-19 20:52:32,2017-06-26 16:15:51,2017-07-07 00:00:00
aaa8a5ae0929b8960979af7f39d3e90b,ab517e9ddc05fcf09d5d8a19192a1b49,delivered,2018-03-06 13:47:16,2018-03-06 14:40:23,2018-03-07 20:36:49,2018-04-04 20:48:34,2018-03-23 00:00:00
88d707d3bef4ca2fc83d34f2d899dea4,ba72c004d59d5ff2938572234ded865c,delivered,2018-08-04 16:22:05,2018-08-04 16:35:16,2018-08-09 14:24:00,2018-08-10 20:27:38,2018-08-13 00:00:00
82f67231caceb165dadf21bcc8f0ee72,231aac24c44f6705d59a8538a8d3c2ea,delivered,2017-11-19 13:55:26,2017-11-19 14:10:28,2017-11-21 17:12:08,2017-11-23 22:38:29,2017-12-07 00:00:00
4be80534fe74f207dfb35e7b895a91c5,4b2dd9562f03d5668e88afe0b1452697,delivered,2018-01-24 00:33:52,2018-01-24 00:39:25,2018-01-24 18:37:26,2018-01-31 21:06:54,2018-03-02 00:00:00
0473cdb86b1d6469287e484366a1a608,560cd84a537eca710953d516675b4274,delivered,2017-08-23 15:52:42,2017-08-23 16:07:33,2017-08-24 18:49:53,2017-09-01 21:47:51,2017-09-15 00:00:00
dddb05d44cc0328777c8d87c479b3680,2dd40a5b6b9d31ba875454cee402c2e7,delivered,2018-05-02 18:59:47,2018-05-02 19:40:16,2018-05-03 15:37:00,2018-05-08 20:41:10,2018-05-25 00:00:00
fd28a6dfe413804d0b89b7c9abf5b1f3,e9598233464134a7e482b5d7b3b6377d,delivered,2018-06-19 13:09:39,2018-06-19 13:37:44,2018-06-19 19:02:00,2018-06-20 13:52:47,2018-07-04 00:00:00
915a913fc05ab382dafb7776ea8c9580,42a99ab9bfd1b17172c9d6a31e4958c8,delivered,2017-11-26 18:28:51,2017-11-26 18:53:43,2017-11-27 21:45:06,2017-12-05 15:18:03,2017-12-29 00:00:00
fd33085945f15975375cd8ec85440511,8071c6018a4f75f2afd849a34708e3a0,delivered,2018-08-20 19:34:29,2018-08-20 19:50:41,2018-08-21 11:10:00,2018-08-25 15:08:29,2018-09-04 00:00:00
f640183c8895bffdd9fbe37601bcdfdc,94c515bef144d64e9f9ffee71a396d15,delivered,2017-12-11 18:08:36,2017-12-12 03:39:32,2017-12-13 21:54:41,2017-12-18 23:41:54,2018-01-04 00:00:00
f5be733557bb83f09c694272a7d21d74,5f9642eb58e82c00f37d9a8dc5d8a364,delivered,2018-05-17 14:13:49,2018-05-18 00:15:28,2018-05-18 14:44:00,2018-05-22 01:24:37,2018-05-28 00:00:00
6dae4c54052a2dbf519b0ea3d1afefb2,919c6ef69a2748d733191979bd4709bb,delivered,2017-07-22 19:53:31,2017-07-22 20:05:42,2017-07-24 17:27:55,2017-07-31 18:34:35,2017-08-15 00:00:00
a0c3da7d3585f46a33508178a1c205c8,b269c8577df73e1a6385198208cb5ad7,delivered,2017-03-09 21:05:58,2017-03-09 21:05:58,2017-03-10 10:22:07,2017-03-17 14:07:50,2017-04-03 00:00:00
0aba00d509b25a0a90084c7137a8cec0,51c988b6ca0ffe2a720f93198d2ab51b,delivered,2018-06-02 21:53:08,2018-06-05 04:12:32,2018-06-06 15:43:00,2018-06-14 21:10:57,2018-07-11 00:00:00
411ad6506babb93d082f022828272b13,cd7e2fdf038677df06db1ac2611375d9,delivered,2018-01-04 16:41:34,2018-01-04 17:32:02,2018-01-08 16:11:05,2018-01-12 23:28:47,2018-01-29 00:00:00
4ca7011605c977cd69c1e1706625e98b,120e344115fc96baed2f4250646e8072,delivered,2018-03-26 15:27:43,2018-03-27 03:48:19,2018-03-29 21:23:39,2018-04-03 21:26:28,2018-04-09 00:00:00
42831051f86bdc3bea417f93d5fd981e,b4e2f9032306f3f68ef7afee47fc278c,delivered,2018-03-21 21:05:39,2018-03-21 21:15:27,2018-04-05 18:56:28,2018-04-12 18:14:27,2018-04-24 00:00:00
5f07fda0de6271f38a81a1dd718c7a82,cc3c3b45159903c0b8f0777dc0275e60,delivered,2018-07-15 17:42:23,2018-07-15 17:55:15,2018-07-24 16:07:00,2018-07-30 19:02:46,2018-08-16 00:00:00
707d2b5688f10de45e680e1bec5d83ad,03bc9df96986cacc93d21bdb8914f83a,delivered,2018-03-07 23:05:01,2018-03-07 23:28:29,2018-03-08 23:08:20,2018-04-04 23:28:58,2018-04-03 00:00:00
2232bf34060433dc7ae5f0c76a2e6cab,f598b2d315ec85e3449198f9aeba111d,delivered,2018-06-06 20:27:55,2018-06-07 20:35:27,2018-06-08 13:05:00,2018-06-21 20:16:39,2018-07-13 00:00:00
5756666ccce49fda0eaf8b9cf57a9b74,63fb08cf132b7f4853ea46d9da527bf8,delivered,2018-06-22 16:08:01,2018-06-22 18:15:27,2018-06-26 10:13:00,2018-07-03 16:27:26,2018-08-02 00:00:00
507f674d79323515c23139e1b0efdb4a,fcc0a96eeaeb4c0f9d4a712056cd4f4b,delivered,2017-05-04 14:57:04,2017-05-06 02:15:50,2017-05-09 07:51:55,2017-05-15 08:23:51,2017-06-06 00:00:00
8524c844437828e1a8355451ac40a2ac,3c09f6dc6c6a0cb0cf2a5b92feb406e0,delivered,2017-05-01 15:30:00,2017-05-01 15:45:12,2017-05-02 18:17:49,2017-05-10 12:23:55,2017-05-23 00:00:00
acbf78375e415ab56c0f6160901b6167,1ac89e859c3f29c79cbf991d0a8a04d9,delivered,2018-01-23 18:37:27,2018-01-23 18:55:38,2018-02-07 16:08:33,2018-04-13 13:33:34,2018-03-06 00:00:00
c268faae84283868985823042e4ffb40,3ec62c9f4cf5665da34350b99c4f2e21,delivered,2018-08-08 15:35:21,2018-08-09 03:44:45,2018-08-09 13:21:00,2018-08-23 22:25:41,2018-09-06 00:00:00
99db47a6842959e2064fb56a7b4c91e0,b342ca79f686b55a788bc622595ad4a1,delivered,2018-08-10 23:20:31,2018-08-10 23:30:19,2018-08-16 14:53:00,2018-08-25 12:32:27,2018-08-31 00:00:00
17fc4628dc62ac11a17e27e75ae9afdc,a9934e1ebc947bc31e0fef7714b93c66,delivered,2017-10-29 21:31:29,2017-10-29 21:44:48,2017-10-30 19:12:39,2017-11-13 22:32:47,2017-11-10 00:00:00
3b5b8c9ad729a2b4109ed18e043e21d0,2d74b09be680f3aeb92b83e357268c99,delivered,2018-06-17 20:00:50,2018-06-17 20:17:50,2018-06-20 12:44:00,2018-06-28 22:28:31,2018-07-13 00:00:00
69f02b066e4d88eb8a784a81a8c7ad97,cf1d964f85ae393f0fa1a50d88428f61,delivered,2018-03-28 19:52:35,2018-03-28 20:07:41,2018-03-29 21:58:54,2018-04-05 09:06:20,2018-04-16 00:00:00
c1b4f595f1ad8978da4537431bfe143f,3c008d3dc45ecee73703f2846ef4cf33,delivered,2018-02-28 13:35:46,2018-02-28 13:55:38,2018-03-01 23:42:47,2018-03-19 17:58:39,2018-03-22 00:00:00
9dbb812320130d9746757988444ca993,0247131a2905884928321f763083ac11,delivered,2018-01-27 16:34:18,2018-01-27 16:53:09,2018-01-29 20:29:05,2018-01-30 18:42:47,2018-02-14 00:00:00
8077df6c3b618208b9f4e0a8b3aaa2ac,35236f5e05cf71a79272e7d0cf521db5,delivered,2017-12-13 10:34:18,2017-12-14 02:11:01,2017-12-14 17:07:40,2017-12-22 16:47:19,2018-01-08 00:00:00
3ee2cb486f75ff2899da20d9bec72017,92b4a5ec884cb9c319b6daed5d1436c3,delivered,2018-02-24 19:01:20,2018-02-26 14:10:38,2018-02-28 23:39:48,2018-03-20 14:06:51,2018-03-23 00:00:00
5cb250586dfd9b6c6eedb8fa2dec723e,3bba051b7b4b792830a27d3d990620d9,delivered,2017-11-16 13:28:25,2017-11-16 13:49:49,2017-11-17 18:33:07,2017-12-01 17:57:59,2017-12-05 00:00:00
540f4eaaafc047a407e4b4522bd0fd66,70b9ad9eaa6800e9849917e4c819b340,delivered,2018-03-12 15:10:34,2018-03-12 15:38:06,2018-03-13 22:48:35,2018-04-03 21:46:46,2018-04-02 00:00:00
516e3648149f506769d0bd782e42e90f,7caa5362ac872713eacfd3623751ce90,delivered,2018-06-08 12:57:00,2018-06-08 13:16:18,2018-06-08 15:46:00,2018-06-12 18:06:49,2018-07-04 00:00:00
6df963d6ce20c72cb119e8090f27c011,d890ef8af396d3cd28543e83bf7677a5,delivered,2018-07-27 23:07:33,2018-07-31 04:05:53,2018-07-31 10:57:00,2018-08-08 01:03:35,2018-08-23 00:00:00
0a33a983476b5e9f23c0fc9f95c9682f,150905efd2cdad1d4581853bdace0f0f,delivered,2017-05-20 13:52:42,2017-05-20 14:05:21,2017-05-22 15:45:20,2017-05-29 11:59:50,2017-06-05 00:00:00
db75986a05f58fd2d1c6c867cd37ca09,966acee21522b3160d49fa4c6648fa92,delivered,2018-03-15 00:25:17,2018-03-15 00:35:33,2018-03-16 02:18:40,2018-03-20 01:11:18,2018-03-27 00:00:00
79e2d134258914ae2184cb0a3116a802,bb4fa4aae850a6b2b01d52468a947b5f,delivered,2017-12-23 11:48:09,2017-12-23 11:54:32,2018-01-05 22:50:28,2018-01-19 17:26:37,2018-01-31 00:00:00
06ec25371486403c9aa7249f067fc5aa,69f024489cee2b5586ecdea5148f1038,delivered,2018-03-16 00:00:33,2018-03-16 00:11:02,2018-03-17 22:38:48,2018-03-21 23:19:36,2018-04-09 00:00:00
8381601f3a2e22bb8e1f4ef102ce88cc,8f035924e913eacc68abf78c1b4dfe09,delivered,2018-03-21 19:13:35,2018-03-21 19:27:37,2018-03-24 00:12:25,2018-03-28 21:32:19,2018-04-09 00:00:00
9ae90d0ae423d9ac6caad40cd7a6af6b,fe1c22f2ea19012a362512b309a98145,delivered,2018-07-21 18:11:33,2018-07-24 11:32:10,2018-07-24 13:50:00,2018-07-31 20:16:52,2018-08-10 00:00:00
5aa39cf65e06c33f4f504d708a90887a,60bc46281adf6d71c2ff094ce21ee185,delivered,2018-02-08 13:56:42,2018-02-08 14:15:34,2018-02-14 20:19:41,2018-03-06 18:12:40,2018-03-06 00:00:00
8d5169ccfdb4902626694da89865ebd0,4f5a13c3e2ce9cc5ae2e77fc2f2716f4,delivered,2018-04-26 22:45:33,2018-04-28 02:51:50,2018-04-30 15:24:00,2018-05-05 11:39:39,2018-05-22 00:00:00
87064d517041a71950b9f0cf6d34b211,092e7549898890c03675da13f2561938,delivered,2017-05-05 16:45:46,2017-05-05 16:55:17,2017-05-10 11:13:07,2017-05-13 10:20:11,2017-05-30 00:00:00
fd8406e55cd74ad84a30ccca898589b3,ff00a7bfd5542ba2d44181eaf5485722,delivered,2018-06-07 11:51:02,2018-06-07 12:18:52,2018-06-08 13:26:00,2018-06-11 21:24:32,2018-06-25 00:00:00
4bf2a4f1537760d4606b2f5bb5a0f220,cb69944b980f02bb33209197c9fdf7c4,delivered,2018-04-08 14:11:28,2018-04-08 14:30:20,2018-04-09 17:26:46,2018-04-12 20:28:43,2018-05-08 00:00:00
8c6e16dc21c114e69bdf0d21386241eb,cd7891263813d9cc6b26f232f73c1485,unavailable,2017-11-14 15:10:43,2017-11-17 03:46:16,,,2017-12-12 00:00:00
79151db05c0fc610003d38e917bbb5fe,e94d9670c90a1cd07f5d2e6a7d7200a8,delivered,2017-07-04 13:24:03,2017-07-04 13:35:18,2017-07-06 10:21:27,2017-07-07 12:27:28,2017-07-18 00:00:00
d65848ec24d6595e5a459c4196c01b7c,a990eac8348e6c31d8d96d4c9076dd93,delivered,2017-12-25 19:16:29,2017-12-25 19:30:05,2017-12-29 19:32:30,2018-01-15 13:07:06,2018-02-01 00:00:00
25fd9ab410ed941187c41224aaecd049,00f8a4bbb515bfe8f84f9cfa45621250,canceled,2017-07-11 12:51:03,2017-07-12 02:24:54,,,2017-08-14 00:00:00
df4b824bd4343d1cb124a2a17a87be00,78f47f58b2b6a086cf8c8fa4656bb3d9,delivered,2017-04-04 14:13:05,2017-04-04 14:25:18,2017-04-05 08:43:08,2017-04-11 13:45:46,2017-05-05 00:00:00
eb7518e8e04d2c41d1884e9163dc6b34,633794fd8790d4b4bc06a1cc53bcf1d8,delivered,2017-10-22 23:24:01,2017-10-22 23:35:15,2017-10-23 20:29:53,2017-10-27 17:28:52,2017-11-09 00:00:00
94c1a9db6817a4e6b149abc53a7af714,ae202bc992b8c3b955797a6deecf479b,delivered,2018-01-07 18:14:32,2018-01-07 18:26:49,2018-01-11 01:10:49,2018-01-13 02:33:51,2018-01-24 00:00:00
034c16aeedd39a916ea470f22a048b22,2b77921222673f5f8c7d73279c7bb251,delivered,2018-08-14 09:18:25,2018-08-14 09:30:21,2018-08-14 15:54:00,2018-08-23 11:52:00,2018-08-31 00:00:00
13e75c454430b7d67b590a2b5f6308ef,ca12cdb54044bc405b323d7c11a53e79,delivered,2018-08-17 01:24:46,2018-08-18 19:10:12,2018-08-23 14:30:00,2018-08-30 02:02:42,2018-10-01 00:00:00
033cec9a46b0dd28fc10c800f9f3d878,67f60f620492b627d9ce232d5c6ec467,delivered,2017-07-28 11:56:03,2017-07-29 12:05:29,2017-08-01 17:13:28,2017-08-18 19:39:53,2017-08-25 00:00:00
58a4317c14bcba43d0cf161f17e9db2b,e7f5b701d99a5eb91e57a970a75640f0,delivered,2017-01-30 11:55:23,2017-01-30 12:33:52,2017-02-01 11:07:58,2017-02-08 16:23:44,2017-03-03 00:00:00
f71f7cfa091dab4d5aaef7195c37c986,32b22fd151e7677bbc6a1ccd0bd05366,delivered,2017-11-14 19:43:41,2017-11-15 19:50:27,2017-11-23 00:47:23,2017-11-27 23:33:03,2017-11-28 00:00:00
1c3b99f2a6624348fb0b733c18c15440,2e1077ec368d341f47b9d998353d79c3,delivered,2018-07-26 00:39:18,2018-07-26 00:50:08,2018-07-26 15:55:00,2018-07-30 14:45:03,2018-08-09 00:00:00
5d67cca99e80d5f9cc0cda0ce73ca3a3,0b92c3b2085fc6ca1af7d396612a2a93,delivered,2018-01-12 14:52:21,2018-01-16 03:50:04,2018-01-17 19:51:19,2018-01-23 14:42:49,2018-02-06 00:00:00
5104ff479c1b5720649c1b85b599d2ef,5e39ec102ab3c44d624ef7cebca5b53c,delivered,2018-02-02 11:26:01,2018-02-02 12:31:49,2018-02-16 00:29:04,2018-03-02 15:12:44,2018-03-15 00:00:00
d3793d54f38c9790d5db6329288bfc76,2e9b700bfc894ec6834f9dfcc551670d,delivered,2017-11-29 14:59:39,2017-11-29 15:14:01,2017-12-05 15:43:18,2017-12-28 15:29:02,2017-12-13 00:00:00
35e01ab254440427a82909f981fa9ff7,af95cc6eaa339e55f750352ac6b94e12,delivered,2018-02-01 23:04:45,2018-02-01 23:15:26,2018-02-02 17:47:54,2018-02-22 20:12:21,2018-03-06 00:00:00
1b0c7ed83d9a4480ab15d766b446efd9,648e9b8478021e84252b8930c9d93a64,delivered,2017-12-24 17:42:20,2017-12-24 17:54:36,2017-12-26 14:08:51,2018-01-13 14:43:06,2018-02-01 00:00:00
6f8a93209c5ff8f0ce0ccb7b166c4624,26b371dd885c8ca6b6113b116bb372cc,delivered,2018-02-20 23:27:58,2018-02-20 23:47:26,2018-02-21 21:42:32,2018-02-22 22:08:59,2018-03-06 00:00:00
7a5f959983f50c6302159a5a44ead72d,d5ecd7c4a6c1583c8b8796d27272ddc2,delivered,2018-03-28 09:24:01,2018-03-28 09:35:16,2018-03-28 19:21:34,2018-03-29 20:28:35,2018-04-10 00:00:00
dbf850ec9efcd2382a33671c011d79ac,82ca82180421da21b4e53373f8f81bf8,delivered,2017-10-09 16:52:39,2017-10-10 16:49:51,2017-10-23 16:09:58,2017-10-31 13:58:44,2017-11-14 00:00:00
6b57eaabaf784f10ac01cb4426c604bc,99c196be28f73fcec4acd82a8d2ba444,delivered,2017-03-28 21:19:36,2017-03-28 21:30:09,2017-04-03 16:11:40,2017-04-05 11:22:04,2017-04-28 00:00:00
f7fffc55ac6fc572d16b18ee0ac09f11,e3a261fa6198c919151fb9478e58736e,delivered,2017-11-02 17:54:20,2017-11-02 18:05:22,2017-11-10 19:08:55,2017-11-17 20:37:48,2017-11-23 00:00:00
90b00232483dfa5795a3275e522555b7,41098815d7b37701fd86f172aa473842,delivered,2017-03-23 08:05:35,2017-03-23 08:05:35,2017-03-24 13:52:31,2017-03-28 12:14:21,2017-04-11 00:00:00
f4f42b3e966b1ca5c443c6ce12dd6032,9a5d924627d29be874b5c2acaacb397e,delivered,2017-06-15 17:38:05,2017-06-15 17:50:09,2017-06-19 20:47:30,2017-06-21 17:22:58,2017-06-29 00:00:00
0c921abc41428f29f1b5d4c52714fe44,e15f963b1e611bdab0a0b7a8beb0a6f3,delivered,2018-03-06 21:47:26,2018-03-06 22:09:27,2018-03-07 21:14:09,2018-04-09 20:47:34,2018-04-02 00:00:00
9a9e42d30fd1e23865968c5aafc1898e,efa4f524eb658db8211c15b35a225b9a,delivered,2017-11-25 07:22:45,2017-11-25 07:34:47,2017-11-27 17:27:11,2017-12-07 00:44:56,2017-12-20 00:00:00
d30d0c9c3a766ca0d558a205d4579320,c10560337ba2abcd6973626d18f2a0ce,delivered,2018-07-09 00:23:40,2018-07-09 00:35:15,2018-07-11 12:58:00,2018-07-13 21:16:50,2018-07-30 00:00:00
8cee8f805208584195daeb66539c0cb8,1f8162f40448030afe31553cf0b8e1e5,delivered,2017-03-06 23:35:03,2017-03-06 23:50:19,2017-03-08 12:41:31,2017-03-13 17:54:40,2017-03-23 00:00:00
863d4b42822d16c06f0e216b19b8233f,5b4cadfd6df7218b858811fc5c83bc9f,delivered,2017-10-02 17:03:02,2017-10-02 17:14:15,2017-10-04 11:13:39,2017-10-07 17:17:33,2017-10-24 00:00:00
397512738329930b9bf6d624b7db4969,bc7f966522485d8cf484ba1fcea934df,delivered,2017-09-18 16:45:11,2017-09-18 17:55:44,2017-09-20 13:43:00,2017-09-25 15:32:47,2017-10-04 00:00:00
3f4b0ddd513d7769508eb4277f029bbf,0982ebe8a8eaa4ad02c7ee5351aa224c,delivered,2018-04-23 16:12:06,2018-04-25 03:15:18,2018-04-26 11:36:00,2018-05-03 18:51:30,2018-05-28 00:00:00
7b88e96eabae61915bbbd53786f34275,1b240b4652db64faf8dae9227566ca6b,delivered,2018-08-06 16:30:57,2018-08-07 08:35:18,2018-08-07 14:34:00,2018-08-13 22:36:50,2018-08-22 00:00:00
c453fb0ec44f618a32abcad5c873d06f,1f11568f8aa695fec4b6ae5d9cf2710f,delivered,2018-02-16 11:26:01,2018-02-16 11:35:22,2018-02-16 21:17:59,2018-02-24 11:35:12,2018-03-09 00:00:00
ba0a3547cd2efb300852cd0ce3241296,67a860399b30091c0fc2c0287d5a0dec,delivered,2017-03-16 14:11:59,2017-03-16 14:11:59,2017-03-20 13:05:03,2017-03-28 12:58:09,2017-04-13 00:00:00
33712c34fc0af28b0b57a36f2b26cba8,b59e0225e129db63977b9c728349210c,delivered,2018-02-13 19:09:30,2018-02-13 19:27:13,2018-02-14 19:24:58,2018-03-05 16:21:48,2018-03-09 00:00:00
36178f6b136947a325e303fc3637f6d0,6b9e7f78cdd93066ccea04e7b1b4d2de,delivered,2017-05-08 07:03:31,2017-05-09 09:45:09,2017-05-09 13:22:12,2017-05-17 12:17:13,2017-05-31 00:00:00
8874222e11e5b391570e35d91ce32a14,3461380430ed4eb137d3478cfab7597d,delivered,2018-03-06 16:15:28,2018-03-07 02:49:03,2018-03-07 21:06:03,2018-03-20 15:58:38,2018-04-02 00:00:00
c9a88d4905eaf518dd4a6fb776134990,93519b83250d51338f8f21f11a4ecb7b,delivered,2017-12-01 09:49:08,2017-12-05 04:17:28,2017-12-07 00:48:57,2017-12-11 22:32:26,2017-12-19 00:00:00
db0739bf37fcce80c6016745316101dd,aee15a02ae475d58cc5a2e5bae1be333,delivered,2018-01-15 00:56:23,2018-01-15 12:51:20,2018-01-31 19:12:01,2018-02-01 19:27:58,2018-01-30 00:00:00
e43a8e7bb3db31ab15c10dfc9ef4e419,4daf9bdbb2f515d19c4a054881982674,delivered,2017-09-14 00:12:53,2017-09-14 00:30:18,2017-09-15 20:10:05,2017-09-21 18:22:08,2017-10-02 00:00:00
ca57e2aced9de24736c5a8d1c0abefd6,78cba1592dc3401cde07467a756c5e8c,delivered,2018-01-26 14:27:45,2018-01-26 15:40:13,2018-02-01 20:37:55,2018-02-20 23:14:07,2018-02-22 00:00:00
26d9a2f9a41aeeb0b0dd16ac2ca59225,77ecb0c9e88332432bb2b846dea32b2b,delivered,2018-08-01 13:32:42,2018-08-02 03:05:21,2018-08-03 16:29:00,2018-08-10 17:38:56,2018-08-17 00:00:00
ab879558e02a4aec8e7aa594146fd38c,bf1040a92c9057abbd5b9b714a7fa018,delivered,2018-04-21 18:03:17,2018-04-24 18:57:06,2018-04-28 08:07:00,2018-05-07 18:02:29,2018-06-06 00:00:00
7c8a032bb75e0e4d524b14ba147d4ba5,bc353829b04483f9c7163579f4c52ce1,delivered,2017-08-21 15:37:43,2017-08-21 15:50:13,2017-08-22 15:15:27,2017-08-30 18:08:26,2017-09-13 00:00:00
f77fe87685972d2d1a7ff6600f590d59,8435e0e187d4a9a24ca9df8649e2bc9e,delivered,2017-03-23 11:59:45,2017-03-24 13:05:49,2017-03-29 09:17:58,2017-05-05 13:44:05,2017-05-11 00:00:00
e20e297c2b95d890b7a5eaa278c82ce2,80be1a093a6a1ce7ea4419d467f82c4a,delivered,2017-05-14 11:07:53,2017-05-14 11:22:25,2017-05-16 18:25:46,2017-05-26 10:07:54,2017-06-06 00:00:00
059f8a8f4a2c52a1969278f9f484fca6,df7b474d99cd3c9cd819c5a10da7e2e3,delivered,2018-02-13 22:32:11,2018-02-13 22:47:36,2018-02-14 20:42:28,2018-02-19 20:47:00,2018-03-06 00:00:00
18ed4e5757d8a37fcb75325f41d7165b,6a5a781047744e73847356aa65db1b74,delivered,2017-06-04 15:07:18,2017-06-06 13:42:44,2017-06-08 06:51:12,2017-06-28 14:15:02,2017-07-04 00:00:00
e0ba11a8f559fa965f2e848bf086d197,796180b64dc72ccf2cf97022e18436a1,delivered,2017-09-22 14:06:22,2017-09-26 04:04:46,2017-09-26 19:53:10,2017-10-05 18:47:49,2017-11-01 00:00:00
e381abcae5bf5ba29ff7855e91e40837,349c4a594c6aa6384e7b42ebc6d10856,delivered,2018-07-21 20:44:36,2018-07-21 20:55:21,2018-07-23 11:10:00,2018-07-26 21:48:39,2018-08-22 00:00:00
76d4ae1832cf14e630c878e83e011442,8b79484d3570292eb34cd39f88bb01b5,delivered,2017-07-18 13:07:27,2017-07-19 07:03:14,2017-07-20 11:40:05,2017-07-28 18:46:04,2017-08-07 00:00:00
6d0e0305d6f6df15685493270ac1d986,94dad91b40a7449b2f3a4df8f1d4554e,delivered,2018-06-06 11:27:30,2018-06-06 11:35:25,2018-06-11 13:03:00,2018-06-22 12:08:41,2018-07-24 00:00:00
58da121f4b355734661e99087e7e4ffb,f91d534e9b4a400563c11d66fcccd526,delivered,2017-05-07 10:26:54,2017-05-07 10:42:19,2017-05-09 09:17:55,2017-05-13 09:51:52,2017-06-02 00:00:00
26aaee2edab376ed50356a504172fe42,b856cb85055fc8f310de189eafa4ec23,delivered,2017-10-06 19:38:34,2017-10-06 20:49:36,2017-10-20 20:15:56,2017-10-27 16:13:54,2017-10-30 00:00:00
3bd40e0c282b7b2b26cf8211b8697490,0148eb6c4d23d56432bc3431ee6a5bee,delivered,2018-06-16 14:17:34,2018-06-16 14:38:52,2018-06-18 10:34:00,2018-06-21 20:36:24,2018-07-12 00:00:00
7228268a5d9355b2f1a608f22c5bdd8a,c518f00c02912a99edfdc40f95dffe96,delivered,2017-02-23 15:47:13,2017-02-24 02:50:23,2017-02-24 08:13:59,2017-03-14 04:21:56,2017-03-23 00:00:00
aebf3847ea191c3440ae0e2c159fc402,9ccf6b48af95bd14f7997dee8102b698,delivered,2017-11-28 15:55:01,2017-11-28 16:17:38,2017-12-02 00:06:49,2017-12-06 13:28:28,2017-12-18 00:00:00
61f989e43fcc207e2e77b9378c3f0f2a,f3a470fb89b28664b4fa41e2cc3bade2,delivered,2018-03-06 10:50:23,2018-03-07 02:35:38,2018-03-12 18:22:50,2018-04-04 17:57:24,2018-04-04 00:00:00
04dc24624a669b293bee03e97b344440,9a237694d5e6ec690282d214bab91bf2,delivered,2018-04-12 16:32:53,2018-04-13 20:30:44,2018-04-17 00:24:21,2018-06-04 15:54:32,2018-05-18 00:00:00
4aa2c369fa1e9993bdf69bc12ee57abb,a553ff298f118eedefd758905f916bd4,delivered,2017-12-08 19:09:47,2017-12-08 19:17:31,2017-12-18 22:46:59,2017-12-27 20:32:24,2018-01-03 00:00:00
8afd013a511575aef39cc33c610d4136,7ecc321c63fd550c376cf32e222e0dd1,delivered,2017-11-24 20:45:06,2017-11-24 23:34:31,2017-11-27 20:06:57,2017-12-13 17:51:44,2017-12-19 00:00:00
22f5a4d80d9f247d6970456d5211d30d,7cae09298034fc9fe7723f6336e5e113,delivered,2017-07-22 13:39:19,2017-07-22 13:50:16,2017-07-25 10:52:21,2017-08-01 17:54:24,2017-08-24 00:00:00
37e9481cdd40609c76b3f6da7f9af51e,3eebd8bcf30b51eba628d2da84a7fc2a,delivered,2018-03-02 08:35:24,2018-03-02 08:50:25,2018-03-05 22:54:58,2018-03-13 02:28:48,2018-03-20 00:00:00
7e3fe9574a9ef4caef1b086d2abfd412,657bd8d56d4c6c86c5f78ac46995a5fb,delivered,2018-01-24 11:42:41,2018-01-24 15:08:01,2018-01-26 23:44:52,2018-01-30 18:41:09,2018-02-16 00:00:00
35525be13c4af8acae0bb6d13c27110d,e2bea5774e2c8aa227075fc4d2c3ba39,delivered,2017-09-11 22:51:42,2017-09-11 23:05:37,2017-09-12 20:37:48,2017-09-22 21:33:00,2017-09-29 00:00:00
bd5a4522a820fc4932b422d462bd8195,6f950dc3461247a3594e255ce2d68e4a,delivered,2018-08-22 15:43:52,2018-08-22 15:55:10,2018-08-23 15:02:00,2018-08-28 20:46:44,2018-09-04 00:00:00
44c0292da2b6567285d4d06b0ac1a676,35fe8918157ce955294e67afe90f3782,delivered,2017-11-14 09:11:30,2017-11-15 02:35:56,2017-11-17 00:09:18,2017-11-23 21:48:38,2017-12-07 00:00:00
668691a590a0b7cd73f3b6587fb783da,7f6b61053ca82a4046d6674e78caad62,delivered,2018-02-28 14:24:36,2018-03-01 02:49:00,2018-03-03 00:19:06,2018-03-17 14:13:16,2018-03-22 00:00:00
4a8540117ab8b9696ac6ffe3b37e4acc,3e1e2de2704ae9c3fce1beccd6e728b4,delivered,2017-08-17 11:17:02,2017-08-18 11:10:54,2017-08-30 17:35:05,2017-09-12 21:03:05,2017-09-19 00:00:00
3c9c79dc3332e66966706737e6b0f721,c6b786a5eab26f60a492c6f31fd3d8d0,delivered,2017-10-25 23:53:13,2017-10-26 00:07:44,2017-10-27 19:39:55,2017-11-09 15:58:43,2017-11-17 00:00:00
5f2f2e0cfc4ea452b16a78eee2ccbc89,427de05ce0608c08a25593eb6e083123,delivered,2018-04-02 15:29:04,2018-04-03 05:50:30,2018-04-03 23:19:35,2018-04-07 16:08:42,2018-04-23 00:00:00
bf49f84a0580ef6751e13357776b7ed9,e7f41abe62db82cffe5c8f6138f18fb2,delivered,2017-07-02 21:25:56,2017-07-02 21:35:18,2017-07-04 15:35:12,2017-07-11 16:47:17,2017-07-28 00:00:00
7ad9577a964cfb13c1f4875c1fd025ff,bb762fbbec35912ed4d6235aed00159f,delivered,2017-10-31 09:59:58,2017-11-02 02:16:00,2017-11-03 19:33:50,2017-11-10 17:28:43,2017-11-16 00:00:00
0281523bfda80130f35b98f38dfb279b,1048e3bbdf891bd8571eb3739c0c9d2a,delivered,2017-09-22 15:28:37,2017-09-23 02:33:08,2017-09-25 20:37:31,2017-10-03 22:47:04,2017-10-16 00:00:00
e0138d152658a49efe819e763f0a0cc7,a51ebdfce7cdd6930370083085f240c6,delivered,2018-05-14 17:59:04,2018-05-15 17:55:28,2018-05-17 15:06:00,2018-05-21 23:41:36,2018-06-01 00:00:00
f6059478a309e15a15a6addd6587a0df,64accad792befdb96bf1ebb2002f4ece,delivered,2018-08-08 15:54:36,2018-08-09 08:50:10,2018-08-09 16:36:00,2018-08-20 14:32:53,2018-08-27 00:00:00
817856093e04996ba35912467fcb6706,07ad22ca00c8a7fb2137598a670f7de5,delivered,2017-12-06 19:13:41,2017-12-06 19:29:46,2017-12-07 17:21:27,2017-12-18 20:52:13,2018-01-08 00:00:00
d64ce66e16fb6779823181c074822d99,74d869510afc0001afbfc46498296ed9,delivered,2018-08-10 17:47:01,2018-08-10 18:04:39,2018-08-14 18:12:00,2018-08-22 15:16:36,2018-09-13 00:00:00
ff76dbda803ba2b4743b8d9e4f02ff7c,e2b820876cb28b73005f79836846a366,delivered,2017-10-25 09:48:23,2017-10-26 02:56:59,2017-10-27 21:26:31,2017-11-03 21:49:43,2017-12-28 00:00:00
126db85298f060d1b6fb6d032fd2dc06,5e5ad7cff3ed055c3bc4a0887aabc091,delivered,2018-01-22 23:36:26,2018-01-22 23:53:04,2018-01-23 20:08:12,2018-02-03 13:41:41,2018-02-16 00:00:00
7d964b461e0b6fd45adfe909dcd65ddf,a43fb0ea4c44e0767ef51bfbb689fc51,delivered,2017-06-14 11:35:52,2017-06-15 02:55:26,2017-06-16 14:51:31,2017-06-21 15:47:47,2017-06-28 00:00:00
feea5d59f129549eaf0fcf3d32e07498,f5ff3bb706527191de38b3fac1ad8219,delivered,2017-09-02 20:54:24,2017-09-02 21:05:21,2017-09-04 15:16:52,2017-09-13 18:59:50,2017-09-29 00:00:00
ce8cdf8291104b56565b8e6c6fb62901,b02d4e88865ef9f3b86290f3b73128b3,delivered,2018-04-03 20:32:47,2018-04-03 20:49:16,2018-04-05 01:31:46,2018-04-16 15:33:20,2018-05-07 00:00:00
891f571079436f35901706c6abe82ab0,1972709fbba1d099eeba0f51c9cf3ad1,delivered,2018-04-07 16:55:32,2018-04-09 23:10:30,2018-04-17 00:24:30,2018-05-05 19:38:54,2018-04-30 00:00:00
dbe73e59815a2106ffcba61fa14592e9,039bbed64cc5e2160b7ca4ac6b09449c,delivered,2017-10-11 14:49:50,2017-10-11 15:08:43,2017-10-20 15:43:26,2017-10-30 17:50:29,2017-11-08 00:00:00
15e6974ce19cb7d0b8483c30c071dbb5,bd6aa8a8ba9ecfb04556f483d00ca520,delivered,2017-11-28 14:49:26,2017-11-28 15:18:39,2017-11-29 19:27:13,2017-12-08 00:25:42,2017-12-19 00:00:00
c304064c5422b0ecb8c6b5810d234902,451ed05885bb18ac6af35202ae30148e,delivered,2018-03-08 00:30:23,2018-03-08 00:49:31,2018-03-09 05:32:22,2018-03-19 20:20:57,2018-03-26 00:00:00
d3f99233d90971004bf98c118aa4387e,b2ccf1076d543d3af4d19d19ed4eeb46,delivered,2018-04-22 10:13:50,2018-04-24 17:46:43,2018-04-24 20:56:27,2018-04-26 21:33:22,2018-05-07 00:00:00
3f9cb2aa22528f88dafc9323f6925f09,e3dd153b3a9039bbbc8e5721ebc2bb88,delivered,2018-06-18 14:05:16,2018-06-18 14:19:43,2018-06-19 13:18:00,2018-06-26 18:05:57,2018-07-17 00:00:00
b6b375071cc968750ab3deded827b864,9336ac21cfd40d4eb050bca43ab06890,delivered,2017-07-19 14:37:24,2017-07-20 07:10:05,2017-07-21 20:37:38,2017-07-24 20:05:44,2017-08-01 00:00:00
23d69db9fe30226c8347963edcdf819c,f5a52030b68cacf77cb5545c51931ef8,delivered,2017-09-21 14:06:32,2017-09-21 14:25:02,2017-09-21 19:27:48,2017-09-26 20:22:49,2017-10-16 00:00:00
0812b411edea2fcc36b4bc1f8e4e36aa,de8d5f6d930d3af55696a28ec701cb9d,delivered,2018-01-13 13:18:10,2018-01-13 13:29:28,2018-01-15 22:04:10,2018-01-29 20:32:27,2018-02-08 00:00:00
25be8e0ff01817a8a96f61605da2e447,1b5277287e2a36035dbb796a16e35bc7,delivered,2018-08-17 16:52:19,2018-08-17 17:09:46,2018-08-27 11:43:00,2018-08-30 18:16:23,2018-09-26 00:00:00
970b0850a5b6ccaa34a0e887e8d10a5b,4619dca3ccf1e57f50ba85089e2370f6,delivered,2018-03-17 11:06:27,2018-03-19 20:28:03,2018-03-22 21:32:46,2018-04-02 13:26:28,2018-04-05 00:00:00
90d5620d5953ab91dee8d433291dd274,c89efa354fe04de70beef217caee4cf8,delivered,2018-03-12 21:27:49,2018-03-12 21:48:13,2018-03-15 22:08:25,2018-04-11 21:18:28,2018-04-05 00:00:00
771c67ea357fe4e07933ca5c28e03bed,988f87dc1c5d8d6ae20f62d7420a0aa6,delivered,2017-06-29 12:24:25,2017-06-30 06:50:09,2017-06-30 14:10:10,2017-07-06 17:29:30,2017-07-19 00:00:00
512e1bc04cba5e60dd9771fd860c6dd0,8df603ac3530342b1e7e0a21b93f2334,delivered,2017-12-04 17:10:05,2017-12-04 18:30:42,2017-12-06 15:54:56,2017-12-26 17:48:59,2017-12-27 00:00:00
12b69999b64f73f3cdfa23512584c8d5,d203390b72cc70cb976b41a67a236920,delivered,2017-07-22 13:49:39,2017-07-22 14:05:42,2017-07-26 18:32:47,2017-08-08 22:42:26,2017-08-25 00:00:00
e1f72316055b5f5da7834780f994d6c7,85e495405c453c08537f1eaf6aa7fa5d,delivered,2017-11-22 21:20:30,2017-11-24 03:11:53,2017-11-24 16:04:49,2017-11-30 01:18:56,2017-12-04 00:00:00
54b74eb9e20b816d9cc07605650b592c,fdb6ee42f69dd8ef339d4eb246cd8b58,delivered,2017-02-12 14:11:06,2017-02-12 14:22:50,2017-02-13 11:38:17,2017-03-01 11:26:02,2017-03-14 00:00:00
9f1d14a57c14b6fff699b45a39d60bc5,39302f15abb7e40328b03be978884590,delivered,2017-03-21 19:03:48,2017-03-26 23:32:42,2017-03-30 16:25:25,2017-04-10 14:49:44,2017-04-20 00:00:00
6603369c4a4273652e83110462b4afd1,09bbf3e00780ccfc92e7146905ea4378,delivered,2017-09-24 16:51:14,2017-09-24 17:03:38,2017-09-27 14:58:40,2017-10-16 19:37:51,2017-10-24 00:00:00
89b97127e91562d3568842d10a400161,00e3fdbce18ef97f5b13e1cc27e9dc98,delivered,2017-05-01 10:03:19,2017-05-04 10:35:10,2017-05-05 15:48:14,2017-05-12 07:56:30,2017-05-26 00:00:00
b5e27ed7d2286de656b8b949caf52958,6333de0023805ceebcbc7303d94ecc33,delivered,2018-05-09 13:19:37,2018-05-11 02:57:49,2018-05-15 12:34:00,2018-05-21 19:28:29,2018-05-25 00:00:00
3f234a80dabc182e34e4c50189cbf28f,a441b388ef3fc7724f045a30d4bee99a,delivered,2017-04-12 02:26:52,2017-04-12 02:35:14,2017-04-19 07:55:41,2017-05-04 15:42:18,2017-05-18 00:00:00
b174fa32929e4af3622213e835cfa84a,0b8cca6cd998b579f4a0556a31f388f4,delivered,2017-01-09 21:31:15,2017-01-12 02:55:44,2017-01-16 09:12:32,2017-01-18 17:05:11,2017-02-17 00:00:00
4ecd4654955a39a165e7cde49b3ec0fb,057adf4557a4a3544a67ea4221b891c0,delivered,2017-07-04 07:20:18,2017-07-04 07:30:08,2017-07-13 23:12:20,2017-07-19 15:22:13,2017-07-21 00:00:00
978e16a447af958864561d170165f266,005b65c9a6485aa1b7ac382dd87b018f,delivered,2017-05-12 10:43:42,2017-05-16 03:25:37,2017-05-17 13:54:31,2017-05-22 08:42:14,2017-06-05 00:00:00
f8fa646064b580d92a30a5db627a817a,6396a21463860af048e158dd5aefef7a,delivered,2017-03-10 11:30:03,2017-03-10 11:30:03,2017-03-17 14:27:20,2017-03-23 15:42:11,2017-04-18 00:00:00
c73b0385112900ca02c36977ef4796a8,a53aa3517331b508cb1acc1c5fa8a9c8,delivered,2018-01-30 18:33:05,2018-01-30 18:51:17,2018-01-31 21:26:46,2018-02-01 21:18:33,2018-02-15 00:00:00
d8c70ddb5b67b5e92df691abb6bafd01,28646998f8d7d0237109673944bd8157,delivered,2018-01-09 11:36:49,2018-01-11 02:38:31,2018-01-24 11:15:39,2018-01-26 13:58:54,2018-03-07 00:00:00
7158a97d6f769b92be9b76bbcf8a48eb,e1b2d840883b2b226dfba263ebdbfed5,delivered,2018-02-03 20:31:40,2018-02-03 20:50:06,2018-02-08 20:39:13,2018-02-22 21:58:59,2018-03-02 00:00:00
083dcf8ec0ff8aedc0d7ad8063baad80,80f48bf1d049cdecddea8ea5086b1264,delivered,2018-04-19 12:06:09,2018-04-19 12:33:16,2018-04-19 22:15:47,2018-05-03 12:52:04,2018-05-14 00:00:00
66a488ea7c0b8cea6ee72116130ec501,25b663d58983a5a6ba7ae7e8b1fe28cb,delivered,2018-04-12 00:21:56,2018-04-13 02:11:09,2018-04-17 19:28:32,2018-05-03 19:28:39,2018-05-10 00:00:00
f91234b89ca8c758b3d2be234acb0355,d6b34ea6f3d03379c79d63ca7bde2f74,delivered,2018-01-15 15:09:13,2018-01-15 15:16:42,2018-01-17 02:16:58,2018-01-25 21:13:19,2018-02-16 00:00:00
fa25c1041e1b896695240436adc0271e,b9dd7a8c7c61781ec848fafdcf7e3412,delivered,2018-03-30 19:27:37,2018-03-30 20:10:13,2018-04-03 14:48:39,2018-04-10 15:58:55,2018-04-26 00:00:00
a1a98cc3be0d262bccf1ffd3495f4e81,2cb34326c980c574f12aa7ea197afdbe,delivered,2017-07-12 14:33:24,2017-07-12 14:45:20,2017-07-13 13:29:50,2017-07-20 18:45:32,2017-08-11 00:00:00
00cb18db3d9c03f8386e7fc70cad2504,e288b145525a2a1b7f73fa9101f3904f,delivered,2017-07-12 00:06:51,2017-07-12 00:31:56,2017-07-12 17:46:12,2017-07-19 17:39:44,2017-08-03 00:00:00
a8cdce3722a15379cf3a4eaadb906c1b,5de7cb38f8f0b00659315a271cb3e051,delivered,2018-01-10 03:02:10,2018-01-10 10:31:46,2018-01-10 18:33:40,2018-01-23 19:58:50,2018-02-15 00:00:00
a2bb1bcee7e5d4f4cd507e33d3e2cef9,99c28efdcbaf15c20b31be33fe964653,delivered,2018-08-04 01:54:43,2018-08-04 02:05:09,2018-08-06 13:09:00,2018-08-07 17:32:06,2018-08-14 00:00:00
5decda9958a3cf3836fb5c0d263cebfb,84ab8f5f83c13a983ca61f97c47b6693,delivered,2018-04-01 19:59:26,2018-04-01 20:47:32,2018-04-02 20:11:33,2018-04-12 15:30:45,2018-04-25 00:00:00
cc0a0d27ed6897ad08f28a1f2472a49d,9849dbeaa220f8e584cb0a572d708160,delivered,2017-04-10 19:31:22,2017-04-10 19:45:15,2017-04-11 10:48:33,2017-04-15 11:24:37,2017-05-09 00:00:00
59566b390f9e3f2182830b3a0b1022d0,05b9a99bdd307548ae19300848825919,delivered,2018-08-15 16:55:27,2018-08-15 17:10:23,2018-08-16 16:01:00,2018-08-24 00:49:45,2018-09-11 00:00:00
c52af89e91822e0fe67fab5eca3f2c5f,80d2dfca15a87fe59c2fafc53f1a7ffb,delivered,2018-08-15 13:10:04,2018-08-15 14:05:23,2018-08-16 12:33:00,2018-08-20 19:29:41,2018-08-28 00:00:00
fcea4bf64c9d15bef64a683ae2243e35,aba076c2e9967ef85e1f469444497298,delivered,2018-02-22 08:12:12,2018-02-22 08:28:32,2018-02-23 21:53:03,2018-02-26 18:03:24,2018-03-08 00:00:00
c70e94e95cae9b1a4ad2510d55a521e3,e1b550c477b0dd423cf7eef2490b32e3,delivered,2018-03-12 14:44:02,2018-03-13 04:30:32,2018-03-13 23:34:41,2018-05-11 23:43:29,2018-04-13 00:00:00
9151980bf2e61bf804e48072ea9652b3,387305b111f9f03eaaa0e738069db45a,delivered,2018-06-26 21:31:29,2018-06-26 21:47:11,2018-06-27 07:02:00,2018-07-02 23:45:39,2018-07-17 00:00:00
49feda914c01f29c2cfdf7708278752e,c09ec34dc25bd644243e3e72f4065ec2,delivered,2018-06-25 01:28:11,2018-06-26 01:36:59,2018-06-29 09:46:00,2018-07-03 16:12:52,2018-07-17 00:00:00
a41466cb3e72f333ad56e60b2d2c1ec8,dd2b7f0078263ec60c5bb1eee112e330,delivered,2018-08-12 15:11:34,2018-08-12 15:25:22,2018-08-13 14:32:00,2018-08-17 22:57:52,2018-08-22 00:00:00
77c885e668bc660993cbf7789930675a,9a65373be082bc7570233d8c60ff5dbe,delivered,2017-10-24 16:31:03,2017-10-24 16:49:25,2017-10-25 13:36:36,2017-11-01 19:45:48,2017-11-17 00:00:00
d3d265b9a66248481dc2fa5ed773fdc8,a79ca97478b67be3dda612530e071f90,delivered,2017-04-22 12:03:23,2017-04-25 08:02:19,2017-04-26 12:17:01,2017-05-04 17:11:53,2017-05-15 00:00:00
449843546854c1c20a560bcc47414c0b,17fcb71ac217425a94398fc2b5d5935c,delivered,2017-12-09 16:19:12,2017-12-09 16:31:23,2017-12-20 17:45:12,2017-12-27 17:28:55,2018-01-11 00:00:00
a97ceac85877d8753d3e47be01636ce2,ecabb42f176d5f366864bd4ed2fff95e,delivered,2018-01-11 18:24:16,2018-01-13 02:05:40,2018-01-26 18:29:17,2018-02-08 22:16:10,2018-03-09 00:00:00
cc38f8f9071f47f557c40005c7884168,607076db4abb025fe26f77819db19a6b,delivered,2018-06-24 12:40:55,2018-06-24 12:55:13,2018-06-28 06:06:00,2018-07-02 15:58:56,2018-07-24 00:00:00
01b2dd042de98a15b6a9a141bf71c344,6b635dc10f8b7e1032cc13ff619f52c9,delivered,2018-03-11 17:17:41,2018-03-12 17:10:45,2018-03-13 23:26:46,2018-03-16 17:21:35,2018-03-28 00:00:00
3544a45e2fd783c3dd0305cb5d2bac0b,6dda88ac325b7971cac6e83a5940d0ad,delivered,2017-09-19 18:07:50,2017-09-19 18:26:15,2017-09-22 15:28:51,2017-09-27 22:16:54,2017-10-06 00:00:00
037d59208a513ace896d132dc8c8a93d,fe9e048ae4267835d2658aca15096833,delivered,2018-02-26 13:01:54,2018-02-26 13:41:00,2018-03-08 15:48:43,2018-04-03 20:49:38,2018-03-27 00:00:00
144cd79cf6ab4cc11a282c3e37146b31,bf346629dac96601cd7683807c690f8f,delivered,2018-02-07 07:19:42,2018-02-08 07:35:51,2018-02-09 23:36:01,2018-03-01 22:08:38,2018-03-14 00:00:00
fa1ce52b7f5e83c4473226c0a7ad131a,0750bb350b6dc48f9a8739754b75bf63,delivered,2017-04-26 11:08:57,2017-04-26 11:22:33,2017-04-26 12:26:21,2017-05-10 19:57:56,2017-05-19 00:00:00
8d99d2f6f573a9d674fd19d2c0f9a70c,61ffaa693fd37373d7d5e2799cc9c90a,delivered,2018-07-16 11:44:28,2018-07-16 12:31:01,2018-07-17 07:02:00,2018-07-24 02:03:58,2018-07-30 00:00:00
0de1434ccb9861eaddb1c05cf3c7c0ec,861a5544c25b9e13f4826a28164d5056,delivered,2018-03-21 15:50:56,2018-03-21 16:08:33,2018-03-23 21:09:31,2018-03-29 02:08:44,2018-04-10 00:00:00
666eb76141bb728bad22631162332455,5672d3e8d9ce687141f1b0aedfec2251,delivered,2017-08-11 16:19:23,2017-08-12 02:50:57,2017-08-15 15:29:59,2017-08-17 21:33:53,2017-08-29 00:00:00
b062c88d0db22ff6a4e37c2df0f85333,5def259225633d139dc0132b6454620b,delivered,2018-02-24 23:18:14,2018-02-25 00:00:19,2018-02-27 02:33:00,2018-05-07 10:47:33,2018-03-27 00:00:00
92b7ad3b562646f9112aa21df37f790b,c9da69edb9b3c5e7b8074ac4ea9b2244,delivered,2018-08-20 19:02:22,2018-08-21 19:06:08,2018-08-22 15:16:00,2018-08-27 19:48:32,2018-09-03 00:00:00
b60e330e00299aeeafa976b885447190,0bb79aff5bf618a6f3bf91fd9049b9d8,delivered,2017-02-04 10:11:24,2017-02-04 10:21:41,2017-02-06 09:06:37,2017-02-08 16:38:45,2017-04-03 00:00:00
7b862ac7558f536ca1c6f388f21d22d5,a708e353cc61e89923883c30fbb8150b,unavailable,2017-10-06 21:30:34,2017-10-06 21:49:19,,,2017-10-30 00:00:00
ece61a9988cb34a255aa01de896dc611,625c35ed3eebf2507520d9cf3c8158ac,delivered,2017-10-01 12:53:03,2017-10-03 04:14:27,2017-10-03 20:36:09,2017-10-11 20:38:26,2017-11-06 00:00:00
cc02a7fcf32e60f96656ec24080b6d7b,ac911950c597938b6e657d5569510aeb,delivered,2018-01-29 14:13:06,2018-01-29 14:38:27,2018-01-30 22:04:13,2018-02-20 16:09:13,2018-03-02 00:00:00
31a36522fd3998f250795c1e732acdac,e7350e49faa391c46df0afe7f941ce55,delivered,2017-09-18 18:59:31,2017-09-18 19:10:21,2017-09-19 16:27:48,2017-10-03 20:26:17,2017-10-11 00:00:00
21182daf8c2ad5cffd3eaa21afd79d20,db8940226b1578796307372dc00fef20,delivered,2018-05-08 20:12:51,2018-05-08 20:54:51,2018-05-09 11:19:00,2018-05-17 16:03:37,2018-06-05 00:00:00
4677f9438ab0c129fd625699019e160f,a2d6238c1021169e67182c2c79c073f8,delivered,2017-12-28 13:08:49,2017-12-29 13:46:46,2018-01-03 23:33:28,2018-01-05 20:05:58,2018-01-17 00:00:00
110217d362db03668a0c1388db3fa1bd,53d66b5ce010fe1b3a39afffe43bafdf,delivered,2018-08-18 16:04:56,2018-08-18 16:15:13,2018-08-20 16:15:00,2018-08-27 22:02:47,2018-09-04 00:00:00
0f537c28b416c542bd58984e8d51b4ef,49e31013afa5a0bfd5cb51d26ce10a57,delivered,2017-10-21 12:31:52,2017-10-21 12:49:20,2017-10-23 19:12:19,2017-10-28 16:28:35,2017-11-13 00:00:00
fef549363384f9b965c942a7eaf0e6a9,7fdb539d21e1296b6afbc8c4e06f9bfb,delivered,2017-07-06 17:49:33,2017-07-06 18:03:26,2017-07-07 12:04:44,2017-07-19 18:47:38,2017-07-28 00:00:00
dc5cb627d7efea62719ee5d36aa9254b,a5842d685688289ba97b113d4fcdca10,delivered,2017-02-13 11:10:57,2017-02-13 11:25:14,2017-03-17 15:09:54,2017-03-23 17:08:12,2017-03-14 00:00:00
dba1b6fd34a7fd5961e829fa902ca702,3d97524e491c9aba1f09141ecfde08d4,delivered,2017-01-28 23:29:12,2017-01-29 00:36:10,2017-01-30 13:53:57,2017-02-02 09:42:11,2017-03-15 00:00:00
b1980aff89e38cf1fd536ab4c04c7c68,9eee33666a68d14a3cfc3d3da1a876dd,shipped,2017-12-04 17:22:15,2017-12-04 18:30:28,2017-12-05 18:23:02,,2018-01-03 00:00:00
f656da44d1ac2f2be9875b2cc4ce7a94,bc6da87c7d173cae10ef1402e584c9a5,delivered,2018-07-16 19:34:16,2018-07-18 03:05:19,2018-07-19 14:35:00,2018-07-20 19:28:27,2018-07-25 00:00:00
acae143a186daba1a799e24d98f187d4,7a7155625ed41db5a24a123ca185d7e5,delivered,2018-03-18 21:25:49,2018-03-18 21:35:37,2018-03-21 19:17:38,2018-03-23 15:08:42,2018-04-04 00:00:00
480a3cf22a0de15e7eea10a10ff49f8a,8ef0c4ed92f36f086327ceed339112fe,delivered,2018-04-09 10:22:08,2018-04-11 08:50:36,2018-04-11 18:36:34,2018-04-17 17:32:59,2018-05-03 00:00:00
c893d855b41d9ebc443d3addef1755b0,1d3103ef95db3088d0372907e2e96a67,delivered,2018-03-02 12:32:51,2018-03-02 13:09:20,2018-03-27 15:21:29,2018-04-03 20:34:39,2018-03-28 00:00:00
e2a75ceae52579f722b2dedbdef56e20,f0cef16c98974afa0b45755fb96e5e0f,delivered,2018-05-16 11:39:02,2018-05-18 05:16:19,2018-05-18 14:43:00,2018-06-06 18:28:41,2018-06-07 00:00:00
7622da48f027d5659a0d7b0a43597354,b73059b796c2abebd783eb6af533b1a2,unavailable,2017-07-09 14:27:44,2017-07-09 14:43:05,,,2017-07-21 00:00:00
357e26bc92e720c2b487e879d07506d7,db56963929040d06bd7bdb35d3f66883,delivered,2018-02-25 15:10:10,2018-02-25 15:27:47,2018-02-27 04:17:00,2018-03-21 21:11:43,2018-03-19 00:00:00
734ed62862ce8c5abdbb1311173e7a95,677ba8a94b1dea49a4d324e88d1fbff7,delivered,2017-10-31 17:44:20,2017-10-31 17:55:24,2017-11-06 18:22:54,2017-11-16 23:32:42,2017-11-21 00:00:00
4c53b0b3742e7cc9788fc8df71b216a6,c9ec4f9b7f4d08b7ec172ae3599c2a1a,delivered,2018-01-20 19:04:28,2018-01-22 13:56:53,2018-01-25 03:33:19,2018-01-26 22:23:13,2018-02-06 00:00:00
6844232657c577a7825fa1fdabbb6b5c,7d92552ca1c36174505158f5d593f835,delivered,2018-03-28 21:16:15,2018-03-28 21:30:22,2018-03-29 21:51:53,2018-04-03 22:58:38,2018-04-10 00:00:00
72c1981e7d8a8581c570d2e31a560935,755148ef59208372a60ac6c213c1389f,delivered,2018-05-24 11:30:28,2018-05-25 02:55:26,2018-05-25 13:58:00,2018-05-29 15:04:38,2018-06-11 00:00:00
91fcdc0357e6c76803fb5d654a0226a0,d95eb0e957edfbca43feb2f292484de4,delivered,2017-08-21 15:53:42,2017-08-22 16:08:45,2017-08-25 15:59:51,2017-08-31 16:55:14,2017-09-04 00:00:00
9afefeea80a45adfd67f304e735aed05,152e182124295891034ebacefe99e1f7,delivered,2018-04-08 21:01:27,2018-04-08 21:15:19,2018-04-09 15:27:59,2018-04-17 23:38:27,2018-04-25 00:00:00
8c596b2320d54060f34f8558c8da0bd8,fb1b98818522e9988313fb3e53ace07d,delivered,2017-11-17 19:51:15,2017-11-17 20:56:08,2017-11-22 21:22:49,2017-11-23 20:59:06,2017-11-30 00:00:00
78388558707957af9310d88b1a22893a,8f075c85fc78757c97e0da4d0686ef59,delivered,2018-02-26 23:27:34,2018-02-26 23:48:12,2018-02-28 17:43:10,2018-03-21 18:28:33,2018-03-23 00:00:00
5dc70acab84ac4fd4ffb73d38c63cc94,c863c060ca50d90eea7f980c2e04b868,delivered,2018-03-04 11:20:37,2018-03-06 03:49:22,2018-03-20 18:03:09,2018-04-30 20:51:37,2018-04-17 00:00:00
7161526d3bb1d4a156f47e01877217fd,d34082ae3c70367c05565ffc12f3ca33,delivered,2018-05-02 22:06:11,2018-05-02 22:35:01,2018-05-08 08:27:00,2018-05-15 20:32:51,2018-06-14 00:00:00
f7b85ba5a5ed5ae34ded6d88606976f2,d934b723f17c45f76011cf67420bc373,delivered,2018-03-24 17:53:11,2018-03-27 04:08:34,2018-03-28 00:32:47,2018-04-11 23:37:48,2018-04-25 00:00:00
2550dc57beb900517cb6bb7afb5703ab,724a8db62950dcbfcbec9be37795ba1c,delivered,2017-10-08 15:59:29,2017-10-09 16:07:23,2017-10-10 16:23:21,2017-10-19 19:13:29,2017-11-09 00:00:00
0ec09142bbb9fcd661d1d168e66371c4,adaaa45dbbe7db528b046b5d85a75724,delivered,2018-04-01 14:54:46,2018-04-01 15:35:13,2018-04-02 19:48:37,2018-04-11 16:08:44,2018-04-18 00:00:00
7bc88bda58c55b3bd3ba47672c6f0cee,846e572471a920777b3e85370457ea23,delivered,2017-11-28 23:30:48,2017-12-01 10:31:49,2017-12-08 20:27:34,2017-12-18 18:23:29,2017-12-18 00:00:00
cd9a9c293aa0ea00d1419883307e9544,b851e6a25bb4a7c1303d972a40cfdb61,delivered,2017-08-03 12:25:25,2017-08-03 14:45:13,2017-08-07 20:18:42,2017-08-11 21:17:18,2017-08-30 00:00:00
6cff9244ac14a30d55f39722cf7febe9,b5071ab8f378eafcbbbc5f19e298ced1,delivered,2018-08-18 22:35:42,2018-08-20 10:50:27,2018-08-20 14:11:00,2018-08-22 00:18:51,2018-08-24 00:00:00
3dafc0bec8f7cc53ecc6671ca9c646d7,3c64e8e39ccf2466e0296863a8a39764,delivered,2018-07-06 23:38:02,2018-07-07 10:10:09,2018-07-10 14:53:00,2018-07-12 00:59:31,2018-07-19 00:00:00
d8be7210368c4e44be491b1e395b293e,9a60d8600530488c1d7baada5a3658d8,delivered,2018-08-19 18:03:24,2018-08-20 12:50:44,2018-08-20 15:55:00,2018-08-24 20:08:45,2018-09-03 00:00:00
190ae960b78afbbf3f0cd1dd3d2240fe,74b11dc07b7ada632fec73288a416ad0,delivered,2017-08-11 12:53:34,2017-08-11 13:05:14,2017-08-16 12:37:08,2017-08-21 19:52:13,2017-08-31 00:00:00
ab6d00347b9055691972ac20f00df77b,cb1f700f682e3a51b2d8cd55d577f3fb,delivered,2018-07-04 11:11:58,2018-07-05 16:32:56,2018-07-04 14:08:00,2018-07-06 15:34:33,2018-07-23 00:00:00
0961e67affdacb23a647b67618e2bc70,1e98ef30dc6e4aebf3cedcf0bc5abeff,delivered,2017-09-09 20:33:21,2017-09-09 20:43:29,2017-09-13 20:49:42,2017-09-18 17:00:02,2017-10-05 00:00:00
064330ca980cc4023706283a3c4b89a4,a0be8bd8b97ca99891f726d57b57bfae,delivered,2018-07-29 21:19:49,2018-07-30 12:35:18,2018-07-31 11:32:00,2018-08-01 11:21:00,2018-08-06 00:00:00
15c083daa3863e259ff8a340f1422546,f8a029feae20eecbfce4a6375916270f,delivered,2018-08-18 11:19:17,2018-08-18 11:30:38,2018-08-21 14:49:00,2018-08-27 17:12:40,2018-09-06 00:00:00
27c747b711a812bafe3c276823a6bf73,799ce5c7f8435dfa3b4a7cb61670a5d3,delivered,2018-02-01 20:28:14,2018-02-01 20:53:25,2018-02-05 22:09:26,2018-03-21 17:38:33,2018-03-09 00:00:00
09410001d65f75b36821f9556694a895,4879641d062865cc7157ea201af2972a,delivered,2018-05-21 11:36:32,2018-05-22 08:34:04,2018-05-22 13:40:00,2018-06-08 16:47:54,2018-06-06 00:00:00
3683d42ef26919be1aea9cbbed4dc1fa,84d9b83baeed8f137f8036a5ffcde343,delivered,2018-08-16 16:38:44,2018-08-17 16:35:19,2018-08-21 13:31:00,2018-08-29 14:55:46,2018-09-06 00:00:00
d2cb7c100806e87a227d413e9157cb76,bb0a780318dd7a760b8ccb5c35fa16fb,delivered,2018-01-03 22:43:18,2018-01-05 02:35:44,2018-01-09 15:35:08,2018-01-17 17:48:59,2018-02-02 00:00:00
ac0371e472353a206eebab840f5e2ad4,be34cf7dfb4e0d28b500b020e0fc65bd,delivered,2018-04-03 19:51:54,2018-04-03 20:09:14,2018-04-04 22:34:28,2018-04-11 23:24:42,2018-04-27 00:00:00
e95634044d70b26eef37fbe32fc3ea9c,acd2c9cdf9e713033bf01c4ca5917b4b,delivered,2017-09-14 13:57:21,2017-09-14 14:05:59,2017-09-14 20:32:11,2017-09-25 18:05:45,2017-10-04 00:00:00
ff16d15a9ee89f3b65af595178308532,7b47b0a45536529175e846fe1301117a,delivered,2017-10-16 14:18:43,2017-10-16 14:50:40,2017-10-16 21:38:37,2017-10-17 22:15:52,2017-10-26 00:00:00
77e3266e92eda8a0570ce5b1045fa3b5,9f3c672ec2744869d0ef91027968513d,delivered,2018-08-04 17:13:33,2018-08-07 04:35:17,2018-08-07 15:33:00,2018-08-10 20:47:34,2018-08-20 00:00:00
faff16fc16c4344af7f60cedbbf6cb2c,f95221dd93c3523964d0e7421192a137,delivered,2017-07-21 18:26:34,2017-07-22 06:42:46,2017-07-24 14:03:10,2017-08-01 19:18:59,2017-08-15 00:00:00
a2253f696c9e2cba89d15e599caf280e,c1ba1e137fc4fbf24655b5fcd8aae28e,delivered,2017-11-17 19:45:11,2017-11-17 21:06:22,2017-11-21 19:22:06,2017-11-23 18:21:34,2017-11-30 00:00:00
473028ba6e7cb38dbc82e11d85a3f743,3ed014f15c7896626a3d7b71986b017f,delivered,2018-04-19 10:32:18,2018-04-19 11:12:41,2018-04-20 18:48:41,2018-04-25 16:54:31,2018-05-14 00:00:00
71df939ed0ea6fc3549a76728ae598d6,75d7d29f5e0fa14362a17bbeac73c073,delivered,2017-05-04 15:50:13,2017-05-04 16:03:24,2017-05-05 14:32:51,2017-05-13 11:31:44,2017-05-25 00:00:00
50cf9a3b5a1afbf90ea3ed1b52469788,30a24f9ae9b1c9d81ba626ab81dc7e4e,delivered,2018-03-14 10:36:39,2018-03-14 10:48:48,2018-03-15 00:41:08,2018-04-20 12:37:38,2018-04-19 00:00:00
f359fa9d20251af793b9b9704c9b3f47,9e50e5c4f7f4df3eab45f6256d824511,delivered,2018-03-02 01:10:46,2018-03-02 01:29:51,2018-03-05 23:51:34,2018-05-10 13:57:44,2018-03-26 00:00:00
9794a238ab3d4acf86002d2f0ddb2890,058d7abec446a0205f278373001457a8,delivered,2017-05-05 11:28:44,2017-05-05 11:35:36,2017-05-10 09:16:59,2017-05-17 11:05:41,2017-06-08 00:00:00
fa80427bf128feea66cc6b564e939512,4e059129b59090525afb7c6deb971f14,delivered,2018-03-21 17:33:20,2018-03-21 18:28:35,2018-03-27 17:06:36,2018-04-02 18:59:55,2018-04-10 00:00:00
c6a79749006273a0aa6567ddfd275527,0fd1c951a39c742d65f743041bb9604f,delivered,2017-11-25 19:55:32,2017-11-28 03:39:38,2017-11-29 18:08:57,2017-12-11 21:57:06,2017-12-22 00:00:00
057e8245e6408a7f5db33b517c481617,a4712004cd61cd9a1645946cadccfbb1,delivered,2018-03-04 18:57:57,2018-03-04 19:15:33,2018-03-06 00:06:29,2018-03-12 17:58:48,2018-03-21 00:00:00
bd4408025e544757842c962993ff7104,4198bfea408caeea241577a5fd80a348,delivered,2018-08-08 00:12:58,2018-08-08 00:25:04,2018-08-08 14:52:00,2018-08-15 20:28:37,2018-08-23 00:00:00
8c27da2e91c92bdf51f131d0d24d9af7,496acdbb02ea6a0ee1dfdb9031f7c761,delivered,2018-05-06 18:38:05,2018-05-07 09:31:49,2018-05-07 15:33:00,2018-05-11 18:42:32,2018-06-04 00:00:00
7c9ccc685465db762929dc50cff89257,a382d42829c2c119982c1eb049e6a8bf,delivered,2017-05-14 00:30:14,2017-05-16 03:45:40,2017-05-17 10:59:45,2017-05-30 12:03:22,2017-06-14 00:00:00
048f62c5f28797fb7a060c3f3c3e3e2c,40c1c898520b6b2339eb9aa48a3f5485,delivered,2018-05-03 14:52:26,2018-05-03 15:10:25,2018-05-04 16:24:00,2018-05-09 17:42:12,2018-05-28 00:00:00
e4a03f1067b6f71cfad04c77a586d208,9b16b471e3270abd75d0f6b873298f2e,delivered,2018-05-15 17:07:39,2018-05-16 17:21:52,2018-05-18 11:51:00,2018-05-23 15:35:43,2018-06-04 00:00:00
c1e0ca05590ed1c16d7aaa4c96fdced6,93bb6b87c2f3b43b991f2b37da6f2095,delivered,2018-03-03 10:03:41,2018-03-06 04:20:29,2018-03-06 22:39:01,2018-04-16 15:18:32,2018-03-29 00:00:00
368b6ae3d06e7116cfbfaf1b888becb6,4b89b978ee6465a083e3e6e52792994f,delivered,2018-02-24 11:59:46,2018-02-24 12:15:28,2018-02-26 18:58:58,2018-03-02 22:47:00,2018-03-16 00:00:00
4f1743c0fc4465b3df1209280e727fa6,23349d7815ebab38482edcc7067d7f33,canceled,2017-08-11 13:17:36,2017-08-12 02:45:20,,,2017-09-13 00:00:00
181835eef0cb512ef4d11e3240815b95,0ceb4e966053cae65b559f959b705f27,delivered,2017-11-19 13:23:08,2017-11-19 13:35:28,2017-11-20 14:07:58,2017-12-13 13:19:25,2017-12-08 00:00:00
e2d728d25671b9cc26c08107fad09654,d02c08e99d8a8f8c8b2671a71149d683,delivered,2018-05-01 16:43:37,2018-05-01 17:12:41,2018-05-14 08:35:00,2018-05-19 17:41:18,2018-05-29 00:00:00
0ae9d5632892fb8b10c6705633f72d2c,f08897f66a5de8441153d71bde67e285,delivered,2018-04-08 21:21:43,2018-04-08 21:30:20,2018-04-09 19:47:49,2018-04-24 18:19:20,2018-05-09 00:00:00
e5e60230ff5dc8932810d73a4ef6417e,e63ff59204c3f0c9b48e8cf43776abec,delivered,2018-02-25 22:14:16,2018-02-25 22:28:10,2018-02-27 04:11:44,2018-03-12 17:09:24,2018-03-19 00:00:00
a0b1093f5f180383cf2ed2a9a6586070,0af80bbcdcbbfc41fc50994913479faa,delivered,2017-10-07 14:55:38,2017-10-07 15:07:28,2017-10-09 21:37:52,2017-10-18 19:19:41,2017-11-06 00:00:00
860a32f547d59f2dfaf1bc22cd68d972,c14fe40da04e2cad7f80c1725235f190,delivered,2017-04-26 09:36:00,2017-04-26 09:45:15,2017-04-28 16:52:50,2017-05-16 09:06:53,2017-06-02 00:00:00
d7b2d3b902441cf3dd12cd125533217d,217344c7c334e16c8e76551b4b240c1d,delivered,2017-10-31 11:27:06,2017-10-31 11:47:06,2017-11-03 15:27:12,2017-11-13 20:36:58,2017-11-23 00:00:00
c425022a55c05232ef90584ea3a169c7,dc6a402859b4fb7904e71890a530c63e,delivered,2017-09-26 16:22:02,2017-09-26 16:49:30,2017-09-27 19:03:26,2017-10-04 18:34:00,2017-10-11 00:00:00
c203a56a635b990cad279bae08bb2988,4a28af4dc07ca764e043a6e74dc4e997,delivered,2017-04-13 14:08:37,2017-04-13 14:22:40,2017-04-13 15:26:35,2017-04-28 14:56:09,2017-05-23 00:00:00
4e658409c66959a88af17ef4048b9997,6bae34986755042de9949766923fcfd9,delivered,2017-08-24 11:34:24,2017-08-24 11:45:24,2017-08-25 13:43:40,2017-09-05 23:07:53,2017-09-20 00:00:00
aa3aed786cbca7fa2c6eaf17148c63e4,7cb49dacdbac02e8c66298569cce53a7,delivered,2017-07-30 18:31:33,2017-07-30 18:45:21,2017-07-31 20:12:27,2017-08-09 18:08:37,2017-08-22 00:00:00
6a1281fec373ae8c10471045ecf91fe6,0ced2413547b35b60c68c5fae76e5b8f,delivered,2017-12-24 15:16:31,2017-12-24 15:27:55,2017-12-26 19:39:28,2018-01-09 19:04:31,2018-01-19 00:00:00
979731bdd0a369264c048f89a2e9e3fd,a175086c9949d832430ba3ab355e95bd,delivered,2018-02-13 13:23:52,2018-02-13 13:35:24,2018-02-16 20:17:52,2018-02-22 16:09:04,2018-03-01 00:00:00
94624ae38f797a3185b786a042e5fc84,9e0b738a4cf778c630708dc17360bcc7,delivered,2017-08-21 22:39:17,2017-08-21 22:50:27,2017-08-22 20:33:35,2017-08-29 20:58:52,2017-09-15 00:00:00
49c256b6db84e08634e7b665e0b6f63a,54ce9b98bfd40139469c779c16250758,delivered,2018-05-12 17:35:56,2018-05-13 17:33:33,2018-05-14 13:45:00,2018-05-17 22:17:44,2018-06-05 00:00:00
e647bf617de735448a4ba54f8910393c,11440840f5653ebba13e919285c71389,delivered,2017-08-29 13:39:40,2017-08-29 13:50:21,2017-08-30 19:04:47,2017-09-04 21:38:04,2017-09-18 00:00:00
98b4d7416936a07ca82851907fb3c63b,22ea4c164526c98f483be9f6ff6a64e5,delivered,2018-07-04 21:19:15,2018-07-05 16:19:56,2018-07-05 14:41:00,2018-07-06 20:38:43,2018-07-17 00:00:00
99ea7908cd1e043462057874b180e3fe,05fa87701fb77d327e49cb5fb457a5da,delivered,2017-08-04 17:28:51,2017-08-04 17:45:15,2017-08-07 21:18:01,2017-08-10 23:36:58,2017-08-24 00:00:00
edcd987f773b6e55104729648e8cf34d,9f3f0f4cbc15ba48c9906e581d053578,delivered,2018-05-25 15:44:21,2018-05-25 15:55:10,2018-06-01 10:30:00,2018-06-07 16:58:40,2018-06-20 00:00:00
526adb0ce5a810e18af0b00b46011957,61febd8ff905215bbdd5d259d519fbd0,delivered,2017-02-14 14:34:43,2017-02-15 02:45:19,2017-02-15 12:14:37,2017-02-22 10:12:14,2017-03-27 00:00:00
3b7132abf3ba167e73c6390f51de0256,3c159c7824d259dd3cc9ae0933bf1b3c,delivered,2018-01-22 11:41:56,2018-01-22 14:19:53,2018-01-24 23:56:47,2018-02-01 18:06:27,2018-02-16 00:00:00
f81e7bc51080d4db48858aec6c69283e,c3ffeb9c3087a76ea3ba49071efcb175,shipped,2017-11-30 18:12:14,2017-11-30 18:37:26,2017-12-02 01:22:30,,2017-12-28 00:00:00
8f91b7a70604c68b017c9f0f74149c1c,2026006bf7461b9cf591e44a9bf9cd9a,delivered,2018-03-15 11:27:04,2018-03-16 15:15:32,2018-03-20 20:16:28,2018-04-25 02:37:19,2018-04-18 00:00:00
3dd56a86707d14e6cac73040b282b6f7,df530c707fba94774a50985f6c29ba49,delivered,2017-11-24 15:20:14,2017-11-24 17:55:22,2017-11-28 20:47:55,2017-12-08 19:34:54,2017-12-21 00:00:00
06ff6cb289c9f1d1ccacc6764874e3c2,cfedf8fc9bf6108c3fd34514c00be6aa,delivered,2017-08-15 22:42:16,2017-08-16 00:25:31,2017-08-17 18:22:12,2017-08-22 17:17:02,2017-09-06 00:00:00
fcd0b91ad7d520a891affcc33e293566,4a090649d6d3bb324fe7a86ff5e9687f,delivered,2018-02-14 21:18:25,2018-02-14 21:30:29,2018-02-16 18:46:31,2018-02-27 16:08:05,2018-03-20 00:00:00
e68c0dfa1c37f2d828072ae7093531c5,f2651b1bffa803600045f295547c983e,delivered,2018-07-19 10:37:28,2018-07-20 04:43:13,2018-07-23 16:09:00,2018-07-25 15:08:32,2018-08-06 00:00:00
9423ec5aa2843d66ab1e34407ecb9b74,463b052407aeb5642133392278b2ba38,delivered,2017-08-30 10:34:27,2017-08-30 10:45:17,2017-08-31 14:26:17,2017-09-05 19:37:42,2017-09-12 00:00:00
0c1eabff9739bc1f4ac404d1a8a13db5,09fef67c127958d557d5fae582d5091f,delivered,2018-08-07 21:57:02,2018-08-07 22:10:17,2018-08-08 09:02:00,2018-08-15 11:21:56,2018-08-20 00:00:00
5d963a08322bbf0e9d783716d6e9c1a0,52efb714ec49e013cc9dd247bbd7ffb3,delivered,2017-09-30 22:45:32,2017-09-30 22:56:16,2017-10-03 16:40:12,2017-10-04 17:42:12,2017-10-18 00:00:00
bba5d3c45d232d36995ca63ee0232d7c,ddaecf48ffb07085e24bdd73389197e2,delivered,2017-12-16 12:35:56,2017-12-18 13:29:32,2017-12-19 16:39:40,2018-01-04 17:43:37,2018-01-16 00:00:00
733a9dcebb673d6b1730af81ab1fa6a2,2e0e272b3d7f51e55ee393175b81b26a,delivered,2017-11-24 12:17:30,2017-11-24 14:31:50,2017-12-05 00:37:33,2017-12-26 18:05:21,2017-12-20 00:00:00
7263686303ac0eabc2a7fc96d65405cf,07473aa73a7244877192373a2dbf4b43,delivered,2017-07-19 13:56:13,2017-07-19 14:10:16,2017-07-24 12:14:53,2017-08-08 16:32:33,2017-08-24 00:00:00
959e7a4f6f98f189da64a254d9937313,2060471b33f791617630505a22d8defa,delivered,2018-08-07 20:35:24,2018-08-07 20:45:15,2018-08-08 14:40:00,2018-08-11 02:03:31,2018-08-20 00:00:00
b32b873f99e4025c2e69eed86c1bcc97,5b97e727263e5eda186851ba3abf010e,delivered,2017-11-24 00:18:48,2017-11-24 00:50:52,2017-12-12 19:31:43,2018-01-04 23:48:59,2017-12-21 00:00:00
175e7244409a1c34674cdd3407e25808,eccf5f0bc39613de60c5ca015a5541c6,delivered,2017-08-22 12:49:29,2017-08-22 13:07:30,2017-08-31 13:18:31,2017-09-05 18:57:36,2017-09-18 00:00:00
5b5921eac7d583f6e674f87c9ff21664,02cbf3cd827bf941d7f07691f0d69199,delivered,2018-04-14 13:22:46,2018-04-17 05:50:10,2018-04-18 22:28:32,2018-04-26 14:32:39,2018-05-10 00:00:00
249ce1b12f07122e85a8a56336368477,544adf4b007f958dd9ca0e81f665c50a,delivered,2018-08-04 08:50:46,2018-08-04 09:05:11,2018-08-08 12:58:00,2018-08-16 21:08:46,2018-09-04 00:00:00
edc0fe108d350a1a98a62888287bc6f2,cce8a7da61bf170e0e1780b28b1e3ac6,delivered,2018-02-12 17:33:54,2018-02-12 17:47:57,2018-02-20 17:58:51,2018-03-01 21:44:21,2018-03-09 00:00:00
efb6a1fdf7fd7d82904506ce21909c7e,1f8c8c7b7b7f10c3b35533578c3793c8,delivered,2017-11-30 13:42:15,2017-11-30 13:58:32,2017-12-01 20:52:07,2017-12-08 14:07:09,2017-12-18 00:00:00
503835e65064755671a55973619b9eb7,4845235707703796b625f9c7b967d6dd,delivered,2017-11-01 14:14:38,2017-11-01 14:31:33,2017-11-03 14:24:59,2017-11-08 22:51:23,2017-11-22 00:00:00
a0d1ccb35ed3e8d90bb7eecccb02ea1f,27a063840a00d5f2e10164bdf37f7a40,delivered,2018-01-26 03:09:42,2018-01-26 03:19:23,2018-01-26 18:17:48,2018-01-29 13:24:44,2018-02-09 00:00:00
8dbdb49adde1547872efd760ec602f8d,f126ddf48e4b977fd5cf9737dde982da,delivered,2018-04-19 19:51:12,2018-04-20 11:54:45,2018-04-23 19:04:01,2018-05-03 19:21:43,2018-05-08 00:00:00
5d6e04a5abfffe286806a9e6b296eb1b,f259bb43b57b88a848f21b728530e5dc,delivered,2018-07-23 16:32:54,2018-07-23 17:25:16,2018-07-25 11:07:00,2018-07-26 16:58:37,2018-07-31 00:00:00
127b492558d1b28fa8859e45539a981f,aa147152bc4793a11d68ff46f5048f3c,delivered,2017-11-12 17:38:22,2017-11-12 17:50:33,2017-11-14 21:46:39,2017-11-23 00:33:10,2017-12-08 00:00:00
b54c6666f7fa81c90e0122c872e26ea9,0b1eba4495cff96b5050ccfcd08acbe7,delivered,2018-05-22 08:46:22,2018-05-23 01:18:05,2018-05-25 13:04:00,2018-06-01 17:55:55,2018-06-12 00:00:00
1a823e61156542b99c1dfc17c8d43eb5,d34f8cfb470101977d2353534820fba7,delivered,2017-04-29 21:36:17,2017-04-29 21:45:09,2017-05-03 15:37:19,2017-05-19 09:39:42,2017-06-02 00:00:00
ea63989166a2d459220b1b769609582a,990cef1e0d0dc93b4e1893dd5a1f881b,delivered,2018-03-17 15:10:01,2018-03-20 03:28:16,2018-03-27 04:52:49,2018-03-28 14:58:52,2018-03-29 00:00:00
b2e0314790dc44ec6a7d96a62c221a5c,8e623a3831e728f2d0422d32ef104950,delivered,2018-04-24 15:27:01,2018-04-24 18:55:54,2018-04-26 12:30:00,2018-05-02 15:25:03,2018-05-10 00:00:00
b16edeb533db83f08d8f0cad09834700,39fe84e2145530fc79019017a9eb1db9,delivered,2017-06-19 19:50:34,2017-06-19 20:03:19,2017-06-20 12:35:06,2017-06-22 10:23:11,2017-06-30 00:00:00
033e7f3c73132dd6a6792359b94155a2,9253a5b4505d318a6cee55fd80b3bcba,delivered,2018-08-01 19:25:14,2018-08-02 19:23:52,2018-08-08 17:06:00,2018-08-16 21:03:20,2018-08-16 00:00:00
d9df7ac84c310a46b85f5c2f50216bc1,43f741cb1b58cacd3378be24d6f9c3d9,delivered,2018-08-06 22:26:17,2018-08-06 22:44:32,2018-08-07 15:59:00,2018-08-16 23:08:36,2018-08-17 00:00:00
c79c512fd61a1008f15dbf7ca2a8c7cd,1bd7c96e803c5114e0c1b2da62198fd5,delivered,2018-08-19 22:58:44,2018-08-21 04:10:42,2018-08-21 11:27:00,2018-08-25 17:04:32,2018-09-10 00:00:00
978c24a4fc04842cd8b599294c1d4e2b,150737a479a6aa90c2ff14a585542a70,delivered,2018-04-24 23:09:12,2018-04-24 23:29:45,2018-04-25 08:40:00,2018-04-30 13:57:24,2018-05-16 00:00:00
e5008df106f13cd85c17c69d0f6bd176,ae24e9df81fa7464e1090fdef14d72a3,delivered,2017-05-17 12:06:00,2017-05-17 13:06:20,2017-05-18 08:23:48,2017-06-01 18:50:03,2017-06-19 00:00:00
15c7a48b6ce2d3967a7e83d40f566b70,577c0e677251c5891fe5ea9764503e63,delivered,2017-09-18 15:53:51,2017-09-18 16:10:21,2017-09-19 18:32:59,2017-09-25 20:17:52,2017-10-10 00:00:00
83630f2412ec5ad7dc40991d1225e93c,ad6d2a29482345c8f02cc58311e11312,canceled,2018-08-14 15:26:11,2018-08-14 15:44:11,,,2018-08-24 00:00:00
40fea2b67e4cad47bcdfea4cef5035ad,6976f707d0ebf68339b4c9c5cdf2a91b,delivered,2017-03-17 23:43:26,2017-03-17 23:43:26,2017-03-21 11:11:58,2017-04-03 16:08:02,2017-04-07 00:00:00
f6a3c840a4982c53155907a2fb3b8318,1da5037a9fefcada51017009430761bc,delivered,2017-05-21 20:01:24,2017-05-21 20:10:18,2017-05-22 13:46:30,2017-06-05 13:29:02,2017-06-30 00:00:00
d74eba56c909102c8b0a05f7d7148ccc,f21df02eb4aa54d96f2228ed68850b37,delivered,2017-06-06 20:34:53,2017-06-08 02:45:31,2017-06-09 18:56:42,2017-06-19 15:42:04,2017-07-06 00:00:00
c6c31b3822788ef03a9e4a3433024b34,285eb664efba4f42f1c6f141d7d5c941,delivered,2018-02-24 17:54:04,2018-02-27 03:10:28,2018-02-27 17:48:46,2018-03-17 17:47:28,2018-03-21 00:00:00
2429083883078c31cf2337ce0dd425ee,5aa462ca54e8b4d65747f7987eb80e25,unavailable,2017-07-06 19:25:55,2017-07-07 19:35:08,,,2017-08-08 00:00:00
2c1ebc9152c8f7fc85ac1bb07017becd,4843a74362dd438d2035ac91d8ab5bbe,delivered,2018-03-28 11:22:10,2018-03-28 11:35:18,2018-03-29 19:14:45,2018-05-04 17:34:48,2018-04-24 00:00:00
382f41b6bf5fb267fa9edeb99c171918,599ca149954743a9c925dfa8d343e51b,delivered,2018-02-01 08:06:41,2018-02-01 08:50:42,2018-02-01 22:25:09,2018-02-06 12:45:42,2018-03-01 00:00:00
16da87fa74546020a5f0a6827959e160,9804d59e057382c76388c658a7b1007e,delivered,2018-05-16 14:41:48,2018-05-17 21:31:54,2018-05-18 11:43:00,2018-06-04 15:12:27,2018-05-30 00:00:00
9130f021ebec02fff9a8bf9e04e8101a,63c9751cfa889ceb6f4478eb55959415,delivered,2017-07-05 09:53:02,2017-07-05 17:41:50,2017-07-06 11:16:51,2017-07-07 21:25:34,2017-07-18 00:00:00
5808d10c07526976aa6125ada6f73fc0,fe7c7875de096a5aa735e7ae90ec580c,processing,2017-10-16 12:57:03,2017-10-18 03:09:20,,,2017-11-13 00:00:00
4a7e501d52646aa17370e1fab300be67,db674f95856e534ab206869e85cdf53c,delivered,2018-02-26 19:39:40,2018-02-26 19:55:28,2018-02-27 18:29:52,2018-04-02 12:50:38,2018-03-29 00:00:00
9d10088c30388865cc0ea9b722e5d775,b0003b9796c2618b5b73045812b9ae1b,delivered,2018-02-05 00:07:37,2018-02-05 00:15:33,2018-02-08 14:43:00,2018-02-14 21:36:33,2018-03-08 00:00:00
f01824599adb64474a6ce441c7b4b0a7,36cc90593c753e4d7075a80379e6cefc,delivered,2018-03-23 13:09:11,2018-03-24 13:08:01,2018-03-27 01:47:52,2018-04-03 22:35:46,2018-04-17 00:00:00
516e41e6db63f2092954e07f51890e9e,e7abbc1b120137424fb49a237f4a22bd,delivered,2017-12-08 22:05:10,2017-12-08 22:17:32,2017-12-20 22:21:28,2018-01-15 15:58:45,2018-01-09 00:00:00
4e0e014841788909971877b03ce929b1,c6effe6fa35c9e0cbd5e9cf161fa2389,delivered,2018-02-21 13:39:33,2018-02-23 02:10:46,2018-02-26 23:43:37,2018-03-13 21:41:19,2018-03-13 00:00:00
7829e4ed1e8cf1b45eca5790a96bd2b0,82ee6cc00eb5d6c88305f81e38123a22,delivered,2017-10-10 11:39:16,2017-10-12 02:47:06,2017-10-13 19:52:42,2017-10-19 16:39:56,2017-11-01 00:00:00
9960ee97c2f8d801a200a01893b3942f,54af40597a8931fea3fbb2b37656fc8d,delivered,2017-11-23 20:13:23,2017-11-23 20:27:57,2017-11-27 15:09:44,2017-12-14 19:06:16,2017-12-28 00:00:00
e415a718c8f2f0372ec699fec852fb68,560d78502baf0adaee2b427de025757c,delivered,2018-01-07 14:23:54,2018-01-07 14:33:22,2018-01-10 00:15:03,2018-01-16 16:14:30,2018-02-02 00:00:00
943c38cc062533f6216185cb2c1c4755,76f58be173f67a89ce5e4836eb9c8fe0,delivered,2018-04-11 12:28:51,2018-04-12 12:32:02,2018-04-13 17:42:24,2018-04-24 21:21:55,2018-04-30 00:00:00
b2e76fc95ba46f2ef1720e13cd28b072,fc93a33a8d33483b8d7745c94094d37a,delivered,2018-07-26 13:42:18,2018-07-26 13:55:11,2018-07-27 14:15:00,2018-08-02 21:56:35,2018-09-04 00:00:00
9a3fe20d67742c5c5ebbd4ba8403ad13,313c0034763a60cd45ca9202e782f28b,delivered,2018-02-05 00:05:58,2018-02-05 00:30:32,2018-02-20 20:45:54,2018-03-05 15:17:41,2018-03-12 00:00:00
8dc23e32f69367ed60a8fb3979e3cc48,72740dc2b626c46da39cd84cad2102bf,delivered,2018-07-30 12:48:50,2018-07-30 13:10:15,2018-07-31 10:01:00,2018-08-16 22:18:41,2018-08-29 00:00:00
a498326cbf752acac00b7d65561dcd98,efa2729fe65e29fa63ac050b9f9fe3df,delivered,2017-12-16 20:23:23,2017-12-16 20:32:26,2017-12-19 23:19:03,2017-12-27 20:24:44,2018-01-16 00:00:00
3b9dcb2d70c63a5eb59ebc066b9900ad,b34f8bf1893070905ec951cad8dc1865,delivered,2017-08-30 15:00:02,2017-09-01 02:24:31,2017-09-01 20:12:25,2017-09-19 23:21:16,2017-09-19 00:00:00
a90e6886408cb63c812ea10dbc810ed6,fe4b77a5964aa7c2e9980def32a67e95,delivered,2018-04-04 20:21:12,2018-04-04 20:35:21,2018-04-06 17:48:54,2018-04-10 18:36:50,2018-04-20 00:00:00
3989f05b20a0a54e3378e44248c02bde,363424d16e12713a1afe0f46f3ab51e0,delivered,2017-08-22 09:44:07,2017-08-22 09:55:35,2017-08-22 18:44:00,2017-08-31 20:22:10,2017-09-22 00:00:00
ba70bbb6a514786b8ad805f1c2fb1f34,7a6df604a8e7425753aa476b3b0a15c9,delivered,2018-06-17 23:51:02,2018-06-18 00:18:47,2018-06-18 14:55:00,2018-06-21 20:06:27,2018-07-17 00:00:00
59d56572217f98b40bde09f04f73db88,1d92899d21c2ae62c0994ad1a89f61cc,delivered,2017-06-08 17:57:39,2017-06-08 19:20:23,2017-06-09 16:02:59,2017-06-19 18:03:33,2017-07-03 00:00:00
21f517fb48270e668d181b0844ccbf37,4666c0403e588762d3537b26c5504e53,delivered,2018-01-31 10:41:27,2018-01-31 13:43:49,2018-02-06 01:14:04,2018-02-21 20:18:07,2018-03-01 00:00:00
a8aa5290a4b5eecc608328c7438ffc2b,e361f94af155261cd60dfee78000f8ef,delivered,2017-09-26 11:32:57,2017-09-27 02:49:36,2017-09-29 17:31:59,2017-10-02 20:34:25,2017-10-11 00:00:00
23ac58266e694557a7c7da266ed6c316,ba1dd8870e56a890d5a6e8a6becbe311,delivered,2017-12-01 09:10:30,2017-12-01 11:31:42,2017-12-01 22:47:56,2017-12-11 22:59:05,2017-12-29 00:00:00
6213bd5294a3f8af566aac1eb0b5bce7,07fa80994ffbe439ec5465113d69251d,delivered,2018-05-01 20:35:51,2018-05-01 20:55:47,2018-05-02 15:01:00,2018-05-03 20:42:46,2018-05-18 00:00:00
b95d5ef6f9819b245a7354862ed0ec51,31a2cdec1d3af132deca35cc90103855,delivered,2018-05-13 19:08:08,2018-05-13 19:15:20,2018-05-24 13:47:00,2018-06-06 20:28:54,2018-07-02 00:00:00
a418dd8bb942566e566d2eae0ca55f10,6739fa00512945f19185b382d1c42fbf,delivered,2018-06-21 07:50:39,2018-06-21 08:37:13,2018-06-22 14:17:00,2018-06-23 14:42:07,2018-07-12 00:00:00
c4cf1a86b458b000b27d777cb8232932,1d20b4948a13960234e356158fb43032,delivered,2017-11-30 19:16:47,2017-12-01 09:31:04,2017-12-06 00:41:16,2017-12-23 16:17:00,2017-12-28 00:00:00
01336d091c57d8be1feca330c5f047bd,bb194a93468bc295f8e1ff7186a131f4,delivered,2017-06-19 20:08:40,2017-06-19 20:23:22,2017-06-20 11:59:09,2017-06-27 16:42:09,2017-07-18 00:00:00
e51e22905bd012eb967f86fa08194f43,669118062f07282b1b42746b0eabbced,delivered,2018-05-16 20:34:01,2018-05-16 20:56:31,2018-05-18 13:08:00,2018-06-08 11:53:34,2018-06-22 00:00:00
f18772452666c0d7da7702af2c20e765,5fa5e3a33498a0b94a81f930f32997b4,delivered,2018-07-13 17:48:05,2018-07-13 18:03:56,2018-07-17 06:17:00,2018-07-23 18:07:38,2018-08-06 00:00:00
80e57a9aecdddc40ad34d34dda39838e,5708c0f571740069a74aa7902b11932a,delivered,2018-04-02 21:00:48,2018-04-02 21:10:23,2018-04-04 21:05:14,2018-04-13 13:18:33,2018-04-23 00:00:00
b8b9625b11ffbc12df779c20935997c2,4147e13258334b732b00e23d934b69d4,delivered,2017-11-24 09:46:06,2017-11-25 05:49:39,2017-11-29 23:18:56,2017-12-19 21:48:58,2017-12-19 00:00:00
ad2650f8f266036c200a50ceb506a8c6,7e8b1ef440bd2254c61b01250570b978,delivered,2018-01-11 23:10:31,2018-01-11 23:31:12,2018-01-16 14:33:57,2018-01-23 19:13:01,2018-02-26 00:00:00
621ab17b2d376f433b2f688ac6255198,9b4b91f2fc1e6acfae626d9874a71118,delivered,2018-02-01 13:43:59,2018-02-02 14:33:40,2018-02-05 20:26:54,2018-02-19 22:07:21,2018-03-02 00:00:00
bd1fa6cec6b4313ecd85584380d1804e,e1eb1564d978810991cf5efaa2d3dac8,delivered,2018-06-06 10:19:05,2018-06-06 10:31:13,2018-06-06 11:25:00,2018-07-02 19:07:50,2018-07-25 00:00:00
4550b64fee9966c0a5d7b0b9f7606f10,52560782d3a9780e44c7b0ab1dbfe4b4,delivered,2017-09-13 11:07:15,2017-09-15 10:30:13,2017-09-15 16:13:41,2017-09-19 20:22:55,2017-09-29 00:00:00
fe04ba63128dbb904de7246b76508d7f,b1513d5eae9561289d292ca3b2e2a064,delivered,2018-07-18 21:09:09,2018-07-18 21:22:30,2018-07-19 13:32:00,2018-07-27 19:02:44,2018-08-08 00:00:00
baaaa6a46bf8f53d113193a6a23efbd4,ff56a290f17f6ce95604d2e7c1bd3ab3,delivered,2017-12-09 11:50:39,2017-12-09 12:32:25,2017-12-11 18:24:21,2017-12-26 16:09:19,2018-01-10 00:00:00
69a4726dcd85987f5c301bda6d0ec78f,b188623ab77ae9de645b334565353c69,delivered,2018-03-06 17:12:49,2018-03-08 02:15:31,2018-03-20 16:28:40,2018-04-05 16:21:58,2018-04-23 00:00:00
6f12e75904fc81f10212ce38a363946e,f3e94c2c36b95ce707c7d4e05517baf4,delivered,2017-11-14 22:34:20,2017-11-15 02:35:32,2017-11-16 20:12:15,2017-11-21 20:54:50,2017-12-07 00:00:00
77d599900cf351da04c8d0f7b5ade74d,49162725edf59a77fb0d29f4f2e1af83,delivered,2018-01-19 14:10:03,2018-01-19 14:17:19,2018-01-19 23:24:17,2018-01-28 15:59:01,2018-02-09 00:00:00
d3fa993cd95accac6c3d0b7e51dffcda,5d7e8485166fd2b3ed47c4e4806c7f00,delivered,2018-07-03 14:51:19,2018-07-05 16:32:09,2018-07-05 12:05:00,2018-07-10 19:41:31,2018-08-15 00:00:00
ee38b45af2d4e705a88a37af7f0cda97,bbaecf87a9363029f2406448dd098b16,canceled,2017-12-31 12:12:02,2017-12-31 12:26:43,,,2018-01-18 00:00:00
3d5933b6831db103a3276bfa83774678,cb5653ebc289d5a4ae4528f1ba514d7a,delivered,2018-02-01 09:49:16,2018-02-01 10:11:09,2018-02-03 03:42:53,2018-02-16 17:27:48,2018-03-07 00:00:00
875022b850d729e6090f2e0719518e6b,f893012567159718c349252b0ecc34d2,delivered,2017-08-28 16:49:50,2017-08-28 17:05:13,2017-08-30 22:32:57,2017-09-05 23:53:33,2017-09-21 00:00:00
db039e7843c76cf2857fb12ee96e2e9f,d2fe2102c4560f79710d7bb7f61d555c,delivered,2018-08-12 20:35:33,2018-08-12 20:50:18,2018-08-14 15:01:00,2018-08-15 16:23:39,2018-08-17 00:00:00
56a5173d04a558bb3ad9f8b2c5901c60,51241d67d8ed9e157c6caaffa73cb6da,delivered,2017-07-25 19:43:37,2017-07-26 02:30:11,2017-07-28 19:25:46,2017-08-03 11:27:41,2017-08-24 00:00:00
602974d0aef1955c2ccfc90dd8c647a2,bc7bbbadd46cdca626eb6521fdf59b3a,delivered,2018-06-12 22:25:20,2018-06-13 22:39:09,2018-06-14 16:24:00,2018-06-29 15:24:30,2018-07-18 00:00:00
cc3db854dd878770935397762ee0e1ce,ffe0c2303d9a83448060ef69560c8bc8,delivered,2018-03-21 22:53:18,2018-03-21 23:08:10,2018-03-23 01:13:05,2018-04-04 19:38:39,2018-04-09 00:00:00
27b673f5eff49d9211439ef799bc49b0,c255a9ef2264c3996c402a9c11ec4418,delivered,2018-05-08 22:07:07,2018-05-08 22:31:34,2018-05-09 15:29:00,2018-05-14 18:08:01,2018-05-22 00:00:00
5a13b2c8622862250d7b78581dfbb759,ecdf8a367907e779938b1b6410c45824,delivered,2017-11-24 14:04:00,2017-11-24 16:13:20,2017-11-27 19:17:15,2017-12-01 20:39:05,2017-12-15 00:00:00
3c2ce68a8ae197f1c0761e0e49486673,ed01365fc6f6e098879c03ae23b0d743,delivered,2018-05-28 12:01:10,2018-05-29 03:31:14,2018-05-30 11:15:00,2018-06-01 20:41:58,2018-07-03 00:00:00
511a2c82e1860031d509e3d925c4b873,014e22ebe12fcc0f03d5f3ed1d15f86f,delivered,2017-04-06 19:52:25,2017-04-17 08:50:17,2017-04-20 12:20:43,2017-05-10 14:46:53,2017-05-12 00:00:00
7667f0eac9b433b02f42a902df87ebe7,e50c85a1c5f78111be85d6d38c919a30,delivered,2017-09-16 20:43:05,2017-09-19 03:30:28,2017-09-25 18:33:26,2017-09-30 13:05:15,2017-09-28 00:00:00
c919ace1499c5ef88133bf33307ba863,0b813ddf68690d0aca83a20391ec4a19,delivered,2018-05-02 12:21:37,2018-05-03 12:54:44,2018-05-16 10:00:00,2018-06-20 22:04:03,2018-06-08 00:00:00
6d1c806cf81ca71cdd31c2079e39190b,83228cdd70a30e7432678e7ad9312946,delivered,2018-05-04 13:08:13,2018-05-05 12:13:15,2018-05-07 13:55:00,2018-05-09 16:42:03,2018-05-23 00:00:00
b38ee0ac5659615e52925c28caea5aec,645a10bb1d36c353ba4e1ad5999facc8,delivered,2017-06-06 22:07:02,2017-06-08 02:45:37,2017-06-12 16:15:54,2017-06-23 12:18:50,2017-07-05 00:00:00
1ee75dd3dc1076b563a223486e86e7b9,077d43174992dd5e7fb9d336890ab289,delivered,2018-01-04 13:25:14,2018-01-05 14:50:23,2018-01-08 18:52:37,2018-01-19 19:28:12,2018-02-05 00:00:00
6a78b3062a561085f98b76a5a0eea516,2c5d4df0decd36ab2ebd65bccd80be05,delivered,2018-07-25 14:28:10,2018-07-25 14:44:25,2018-07-27 13:34:00,2018-08-02 18:16:29,2018-08-08 00:00:00
6b1b8ac3b7a9f8088825fa1152811b1f,290ee0188edbd0ea99a9bcde6c7d8e1b,delivered,2017-11-04 21:54:55,2017-11-04 22:05:55,2017-11-07 20:26:34,2017-11-13 17:46:47,2017-11-30 00:00:00
200776f536a4425ab4212e0b0fe05562,6e12f38afc4e79112838fc9d478e88e4,delivered,2018-02-28 21:47:21,2018-03-01 15:15:29,2018-03-06 15:07:10,2018-03-07 17:45:23,2018-03-13 00:00:00
2f864e4c1471571ec2ea1476fa2ba42c,32df6eb7b851ed2fad81c78b6a4883af,delivered,2018-05-08 12:31:06,2018-05-09 15:36:55,2018-05-14 12:28:00,2018-05-17 17:31:39,2018-06-08 00:00:00
16199536457f2466f82bcf8caa590657,c22bfdfb53e8b78e4e8f250920aaeabc,delivered,2017-05-01 09:40:06,2017-05-01 09:50:18,2017-05-04 11:52:53,2017-05-08 13:37:55,2017-05-23 00:00:00
41533c74e757d62db485b5053f8a2314,596fd4048d82c29ab65e84fb7877f431,delivered,2017-11-27 22:26:08,2017-11-27 22:33:24,2017-11-28 22:54:41,2017-12-06 20:13:48,2017-12-18 00:00:00
949f11fbfbf9d79c34c7c1f21b3c1c6e,f210e66e70a66e49a52fc2bdaebb96cb,delivered,2017-06-08 21:32:35,2017-06-10 03:03:37,2017-06-13 07:45:51,2017-06-22 14:08:44,2017-07-13 00:00:00
0d1141bc7e92a45b00c06ed12c5c4eb2,440881663ca6ea85485f1f0e13bebeb2,delivered,2018-04-22 14:49:00,2018-04-24 17:53:29,2018-04-23 19:18:50,2018-05-03 20:03:38,2018-05-18 00:00:00
574fb93317faefb9a2dc2e9facef54bd,000fd45d6fedae68fc6676036610f879,delivered,2018-04-15 15:55:01,2018-04-17 05:55:38,2018-04-23 23:44:37,2018-04-30 20:31:39,2018-05-08 00:00:00
caec6ec3266608cf43f2abc14334a25f,da7cc31742c8cf535f3e5491b845d4c1,delivered,2018-04-20 11:57:52,2018-04-24 18:05:40,2018-04-23 19:17:26,2018-04-24 19:21:50,2018-05-09 00:00:00
6c9c946ae6eb5b5c312bf3b325f4e25c,d5735cd5acefcf6f5993540165c4b007,delivered,2017-11-07 22:13:33,2017-11-07 22:32:28,2017-11-08 19:58:19,2017-11-20 15:41:51,2017-11-28 00:00:00
f84f1918db50161ef8a8d683d1de15c1,342011d33361d0d012995a675f0f4b3b,delivered,2018-07-27 21:13:34,2018-07-27 21:25:14,2018-07-30 12:24:00,2018-08-07 17:48:26,2018-08-13 00:00:00
eba48e9c6c31015f8245d729d81b9f34,9c3503e5500758b5d8d2e1d678d4ff3e,delivered,2018-08-07 11:35:42,2018-08-07 11:45:24,2018-08-10 12:26:00,2018-08-27 19:23:45,2018-08-29 00:00:00
d67009600392acea26eda59caab5425e,b25c961cb9da931b083a952527eb8956,delivered,2018-08-06 11:42:28,2018-08-06 11:50:19,2018-08-08 18:06:00,2018-08-09 16:04:41,2018-08-17 00:00:00
e1d7029dd87b15c8d1a60ad6aabc39ce,9676d1463343021fe194d0588c06ccda,delivered,2017-08-05 15:22:30,2017-08-05 15:35:37,2017-08-07 21:10:03,2017-08-12 16:04:44,2017-08-29 00:00:00
bc2231bb0e615e5a4ebf963c448e127f,313480f1bd1a0f065a2f5772713b6091,delivered,2018-05-10 22:48:03,2018-05-10 23:10:55,2018-05-11 14:23:00,2018-05-21 17:58:46,2018-06-07 00:00:00
b7bdc23d8ff245351c92e17acace9a61,898869ec8420a3b0e1ef43212f57ef2a,delivered,2017-06-12 17:53:24,2017-06-12 18:02:32,2017-06-13 09:32:06,2017-06-19 17:52:03,2017-07-05 00:00:00
8d8f38e4ae1cf25848c0570ff236958b,10aa8b368f3ed547197e8bf71b29aacb,delivered,2018-07-20 11:26:01,2018-07-20 11:46:15,2018-07-23 11:23:00,2018-07-31 16:44:28,2018-08-13 00:00:00
d75e311ca4f168e93c59d95f49212320,ed8b86adb87947ef159d03a7b9268b66,delivered,2017-05-18 14:03:44,2017-05-18 14:15:12,2017-05-19 10:44:52,2017-05-30 12:03:25,2017-06-07 00:00:00
1263bf7619d0024e7a8b211924e1bbe6,0c30d6931a3ecd7724601a0fbf5151e2,delivered,2018-06-08 15:17:41,2018-06-08 16:30:41,2018-06-12 14:50:00,2018-06-13 22:03:03,2018-06-20 00:00:00
d994f5af091bcabf15d48948085ca684,47bfe4774d59d178d9c4b899fdbfcba3,delivered,2018-04-16 19:06:29,2018-04-16 19:55:14,2018-04-17 17:47:33,2018-05-03 17:46:32,2018-05-09 00:00:00
384f8660f6bc7396d5a875b60285c2dd,bf30e5d1e28c6a7da41c22fdaa39e4c1,delivered,2018-08-17 16:06:54,2018-08-17 19:10:50,2018-08-22 21:11:00,2018-08-23 19:04:04,2018-08-23 00:00:00
463a5ead09af7e15b525773f2d081b37,4bd6c398949ff38fa1265810f43f51e7,delivered,2017-10-02 23:21:12,2017-10-02 23:35:11,2017-10-04 13:28:00,2017-10-13 20:52:37,2017-10-30 00:00:00
d5497a8b063146d31f3c833a515da510,b1bd4c27aa8ee103718bc25d8a1ec241,delivered,2018-03-22 15:28:24,2018-03-22 16:10:24,2018-03-23 21:16:50,2018-03-26 12:24:37,2018-04-04 00:00:00
f7e4c800bc4e2657a17f2928328fb74d,7b542c51a5bf42504983dce985bc9b20,delivered,2017-05-30 16:35:43,2017-05-31 06:55:30,2017-05-31 23:32:43,2017-06-07 16:54:40,2017-06-22 00:00:00
a3e6136894621db402a772c6bc72a12a,f102cb15ec41ca30fa2902da06495f6b,delivered,2017-01-30 17:00:09,2017-01-30 17:31:25,2017-02-01 10:18:13,2017-02-06 15:43:04,2017-03-07 00:00:00
c8aae809e0a82502cf4254f5b9fd463e,4f6f0eca50e39790e9e7be70902d233f,delivered,2017-06-03 00:20:47,2017-06-03 01:22:38,2017-06-06 12:22:10,2017-06-19 16:32:34,2017-06-30 00:00:00
21d2e2d8b3a14a3cfc55a3274fe26344,66e0d58612939ab37a7155e1bb8f8e82,delivered,2018-02-18 12:25:56,2018-02-20 07:07:29,2018-02-22 20:38:09,2018-03-12 19:42:37,2018-03-16 00:00:00
fbe14dbea1cdcc16f5709ee80b0fab7a,758599b2798e7015e13f582498131b91,delivered,2017-03-11 00:50:38,2017-03-11 00:50:38,2017-03-15 16:11:46,2017-03-23 11:06:09,2017-04-03 00:00:00
6fbc5b66b494906692191a0673edc28c,d53f4ec69c4531ee2230c7a754c7191f,delivered,2018-04-02 20:08:24,2018-04-02 20:29:47,2018-04-03 20:07:38,2018-04-13 14:32:34,2018-04-30 00:00:00
3b54c56c2a6be822cfdd5a7eff24add0,2be7ed20366b69aeb7a6a366adfd1005,delivered,2018-03-20 14:54:05,2018-03-20 16:55:57,2018-03-22 19:34:53,2018-05-03 00:06:36,2018-04-26 00:00:00
b85b06d0ae4436e17303286ce75dd4b4,1352219837587aada7056f4710a10b85,delivered,2017-03-06 22:21:02,2017-03-06 22:30:17,2017-03-14 04:32:51,2017-03-21 13:37:56,2017-03-27 00:00:00
3eaa38ceecb7aa8a13c72b571236041d,6e66ed606f69f10dd38a658e1bdde435,delivered,2018-06-06 17:32:40,2018-06-07 10:15:04,2018-06-08 12:56:00,2018-06-18 16:31:30,2018-07-05 00:00:00
f4876f420f5259535a7521bbc6358278,1f861ae5826135b3fdedebc29fed1fb0,delivered,2017-08-09 15:26:34,2017-08-09 15:45:06,2017-08-10 23:46:53,2017-08-12 11:08:47,2017-08-22 00:00:00
e78ce48c9cd4e84041cfe6bed8be2000,e0e9dc4b7b935bde461d2154e56a6d8e,delivered,2018-04-02 17:45:46,2018-04-03 08:09:03,2018-04-04 02:19:15,2018-04-12 20:24:48,2018-04-25 00:00:00
8252e59e05b6732810b98460f67571a0,ca308ab8422277857a637369e1797daa,delivered,2018-05-01 18:26:33,2018-05-01 18:53:54,2018-05-02 11:13:00,2018-05-10 21:06:00,2018-06-01 00:00:00
71f9826cc06707008c91a2192b11728e,ac5872796a8e17fa078a88cabc2e4578,delivered,2018-05-01 14:14:10,2018-05-01 14:34:14,2018-05-03 19:04:00,2018-05-04 16:09:05,2018-05-21 00:00:00
3d5c1837eaa26ca8ccb6eb3eb6a6ee6b,e3248fdb7c904b55c92cb55d87ba264a,delivered,2017-11-23 01:32:43,2017-11-23 01:47:57,2017-11-27 20:09:03,2017-12-18 17:15:53,2017-12-13 00:00:00
8b745c54dfd32df8f3d575a2ab02fc9c,cf29c48c32e4967740b131261011b091,delivered,2017-11-24 13:04:45,2017-11-24 15:14:13,2017-11-28 21:05:20,2017-12-08 21:15:35,2017-12-15 00:00:00
fa7b6165adc28533bf8a87017c00f045,bfa0542e3861940576dff9b4c651555e,delivered,2018-04-08 15:54:56,2018-04-08 16:09:59,2018-04-12 18:21:38,2018-04-13 18:09:47,2018-04-19 00:00:00
37b5f8fa6640877a2177f9958e451479,eb02a36eb018df6508dd28c2f2a96f7e,delivered,2018-05-22 21:36:22,2018-05-23 02:38:20,2018-05-23 13:49:00,2018-05-28 18:52:19,2018-06-11 00:00:00
78ccc8b2b91842cf16b56d474d8c8480,c15b48f4ecdff9e9e4096a33d656341f,delivered,2018-02-27 09:11:07,2018-02-27 09:29:35,2018-02-27 22:58:52,2018-03-12 20:51:14,2018-03-22 00:00:00
cc798828f930d073a9b9592d56bd167c,c4f1520e30ecacaf4625b73784fa4c92,delivered,2018-01-18 16:03:36,2018-01-18 16:16:54,2018-01-19 23:42:04,2018-01-30 09:41:12,2018-02-08 00:00:00
40a24d4585c66a3d7ba902a7dcd233a9,3a2af15ae9018db6233faf0b8080bffc,delivered,2018-08-02 19:24:32,2018-08-02 19:35:20,2018-08-09 13:35:00,2018-08-17 19:13:43,2018-08-30 00:00:00
1be0198364927817972a58d394308a40,96a3ccc2b8a86795e0dd98dd58e80d82,delivered,2018-07-30 19:38:03,2018-07-30 20:20:06,2018-07-31 12:22:00,2018-08-08 12:54:36,2018-08-21 00:00:00
d3c45d7784ed004c4ed67e4dd0f1cf38,3d70e248069f8145ca013f3dc8a948a3,delivered,2018-03-28 06:03:07,2018-03-28 06:15:10,2018-03-29 23:41:04,2018-04-10 00:20:55,2018-04-16 00:00:00
02218eb2a33847087a46d34397835b2a,e3aaae760c7433a9e8cde67c265f494a,delivered,2017-06-17 15:27:18,2017-06-20 11:15:30,2017-06-22 15:47:48,2017-06-30 16:44:55,2017-07-17 00:00:00
35b19a06842a6d82121828643e1bd16e,5e06c29dcd3fc5e706c53ce0b6be1941,delivered,2018-07-11 20:01:00,2018-07-11 20:10:15,2018-07-12 13:48:00,2018-07-23 22:36:56,2018-08-02 00:00:00
2778e8d98880c4672be9caaeeb12d0ab,c963075d81741ccc32103f8f3d518e7f,delivered,2018-07-11 08:17:08,2018-07-11 08:30:08,2018-07-11 13:21:00,2018-07-31 15:27:56,2018-08-08 00:00:00
69be748e051308f0d341a9e6d30c7b40,ebf8762f13cc2d8f7b7e5f4dfd1fcf5f,delivered,2018-04-18 15:14:28,2018-04-18 15:46:03,2018-04-24 17:26:48,2018-04-25 17:54:57,2018-05-04 00:00:00
19427c3cc9b9461a9151cbff2d5d2c8a,b553e3309dadc1e92e40cd278215f02b,delivered,2017-08-15 13:10:50,2017-08-16 13:30:23,2017-08-16 20:22:46,2017-08-22 14:06:17,2017-09-06 00:00:00
bfa84c85baf67d4ed4923a3d8d6a18bf,939c7cf7f4c8f6a9f2a6c4d2096fe206,delivered,2017-12-20 23:06:03,2017-12-20 23:14:25,2017-12-22 20:32:49,2018-01-18 21:49:57,2018-01-16 00:00:00
8912c7c4689de366217c6296bae65efd,46b1d20a17f31063b2b4e545b041f920,delivered,2017-11-14 19:58:08,2017-11-14 20:16:12,2017-11-16 19:48:30,2017-11-22 00:35:37,2017-12-05 00:00:00
90195b2be816e11d2c854069f663f7f0,879dbf04bb9f856512c1c0e43290157f,delivered,2017-11-28 23:10:29,2017-11-28 23:37:46,2017-12-01 21:29:04,2017-12-26 20:33:22,2017-12-18 00:00:00
e482f259469e05f33b22cda9a76b47cb,653a195d17f491f410f0464f4a573209,delivered,2017-12-07 19:39:01,2017-12-07 19:51:03,2017-12-14 11:37:24,2018-01-05 10:09:38,2018-01-05 00:00:00
d639926cce88a791b1e17e02611688d2,b9dc2bda049646ead1258808f053288d,delivered,2017-08-24 23:15:08,2017-08-24 23:25:15,2017-08-29 16:04:50,2017-09-04 18:47:54,2017-09-14 00:00:00
b083ead74176fd635def001db256bf32,c477eaa7e2b44d5214b193c94670290a,delivered,2017-11-12 16:20:10,2017-11-14 03:50:36,2017-11-16 19:42:10,2017-11-23 19:31:21,2017-11-27 00:00:00
7174ecbb9386dc1387ffb830640d7411,b6b4c738e48fb058587a65d8217053dd,delivered,2018-06-24 19:44:19,2018-06-24 20:00:23,2018-06-25 15:57:00,2018-06-27 17:12:15,2018-07-18 00:00:00
576c48f481f95199130fe941c49c944e,707b5d5f3ee1d9cabc657310b0b56d0f,invoiced,2017-09-30 09:15:08,2017-10-03 04:24:02,,,2017-10-24 00:00:00
757c03a0d7aec28457ee8d2e73c84836,bf4539869e1b193726a27a66da9ba8f4,delivered,2018-05-22 10:18:52,2018-05-23 02:38:22,2018-05-23 13:04:00,2018-06-06 00:07:00,2018-06-08 00:00:00
67adc926d34e13b8e6144b020f0e1153,39eb26e58bcb1c8c7775e8eb056bdcf7,delivered,2018-05-28 17:01:03,2018-05-28 17:16:09,2018-06-05 12:34:00,2018-06-11 16:47:34,2018-07-03 00:00:00
c90025afa3c59ad0768b713161777935,a19293d28c4d1e19c47d0ff5dc906a43,delivered,2018-02-28 12:59:08,2018-03-01 02:50:46,2018-03-02 00:25:02,2018-03-07 20:11:51,2018-03-16 00:00:00
c1c6a8e793edfe92994affd611b92aa9,4bd3ab853718d7896905f403c6571c75,delivered,2018-06-06 00:37:46,2018-06-08 02:35:17,2018-06-08 13:37:00,2018-06-26 13:46:35,2018-07-20 00:00:00
d3c74bb3a5ee89d1802cc0ab53474509,f8b34acc07a33c16476553e9ad48d772,delivered,2017-08-15 15:41:03,2017-08-17 02:45:36,2017-08-22 21:03:53,2017-08-28 18:58:41,2017-09-11 00:00:00
5bf19c7e8991698d4f0f3430da7e57a6,f980a49c5ca07a32a7958a75b6d190d0,delivered,2018-07-17 02:07:26,2018-07-18 02:05:09,2018-07-20 13:21:00,2018-07-24 16:17:37,2018-08-02 00:00:00
544d54b3dc0d2262b5dfe130d16800b3,832aea657aa9c61e5c33fcb547e3464e,delivered,2017-11-26 15:22:11,2017-11-26 15:34:36,2017-12-01 17:09:59,2017-12-11 18:39:32,2017-12-28 00:00:00
26b334af408dd2df4cebc013f87b9b24,220371973d4ec69cbd7abf93ed8e99de,delivered,2017-05-02 14:16:15,2017-05-03 11:35:58,2017-05-04 14:03:47,2017-05-19 15:53:48,2017-05-29 00:00:00
2f09ad56037ff5a057894d9969774c1f,568ae62594aff679d94393aaebfbc3b4,delivered,2017-11-28 19:57:50,2017-12-01 09:31:17,2017-12-04 21:34:47,2017-12-30 00:17:06,2017-12-27 00:00:00
709b96657091eec897b90173afb0b84d,13d6b87a3b1d1d4c6f0eceabeec65369,delivered,2018-06-20 22:06:06,2018-06-20 22:20:30,2018-06-28 14:40:00,2018-07-05 11:58:54,2018-07-31 00:00:00
420f91c697d0c439258fed7df363cdb4,0b26921a795182403d1c1ef0d8809e02,delivered,2018-01-04 21:05:47,2018-01-04 21:17:26,2018-01-08 16:29:11,2018-01-09 18:26:43,2018-02-02 00:00:00
aa8c7fad85e2310540569bdf67fb25b1,42a590bfe92d2f0cb99de166f801cf23,delivered,2018-05-12 19:00:03,2018-05-12 19:16:36,2018-05-14 15:18:00,2018-05-19 16:35:42,2018-06-11 00:00:00
7da29e735c26d64e18e421e8eadf2f1b,2631e2a4ff33ee8258502ceeee2390ab,delivered,2018-07-05 08:53:06,2018-07-05 16:09:02,2018-07-10 08:30:00,2018-07-11 21:07:49,2018-07-18 00:00:00
a45087c16cf11897252052baabb332c0,44c788d8ffa07a4963c9b8bd8017d151,delivered,2017-09-02 21:36:53,2017-09-02 21:50:24,2017-09-06 16:47:35,2017-09-11 19:45:46,2017-09-22 00:00:00
60fc0b846c9484e0eb377f55ae0b3d7d,1157498c98b4b3b15123153b0783900f,delivered,2018-07-21 08:38:30,2018-07-21 08:50:09,2018-07-24 06:51:00,2018-08-08 23:41:31,2018-08-09 00:00:00
efa1a52a1724dde7ef9954873517bf2d,d1862ef0ab18eb880e34966266bd781e,delivered,2017-04-06 20:28:42,2017-04-06 20:42:49,2017-04-07 09:04:36,2017-04-15 08:30:07,2017-05-04 00:00:00
6ab790c532a5a61fce7ca20ce27df42e,5b5a1c69749fde75db616506a1ee850d,delivered,2017-07-30 20:50:53,2017-07-30 21:05:15,2017-08-01 18:56:53,2017-08-02 17:05:23,2017-08-11 00:00:00
b9ce6b3fb6996bc5690ee196a0c80888,04d410b4dfe0f11fb840a095b5f23cca,delivered,2017-11-06 08:07:10,2017-11-06 08:26:03,2017-11-06 19:02:52,2017-11-10 23:52:56,2017-12-08 00:00:00
5522a12955cedd37b099162e09a818c0,67e57c9d937116b88c0f2f35d31eb918,delivered,2017-11-24 23:58:15,2017-11-25 02:53:03,2017-11-27 15:21:42,2017-12-05 23:09:17,2017-12-18 00:00:00
7727763e2c9d261c190beb42d50848b9,ac6a3c195bfbe149d253a3ee672bc9fc,delivered,2018-03-13 13:28:42,2018-03-13 14:00:33,2018-03-16 02:57:46,2018-03-22 22:32:26,2018-03-29 00:00:00
53bf54ff6a143b00070ba1dd2c571465,fcd3b5fa136fc340d8720e251c3ec8b2,delivered,2017-10-02 07:28:30,2017-10-02 07:43:31,2017-10-05 16:34:21,2017-10-18 00:24:10,2017-11-08 00:00:00
2e0f7705cce568d0fe13d933d7165c79,c410a7c853f6e6e45099def1d61a4644,delivered,2018-06-01 21:35:14,2018-06-05 04:35:21,2018-06-08 14:23:00,2018-06-19 21:52:22,2018-07-27 00:00:00
5de040d350e26c7749947b1e0ed125b5,5bb09e4a1744cbe2dd76088d90185c87,delivered,2017-06-19 18:27:33,2017-06-19 18:35:18,2017-06-20 14:07:37,2017-06-26 13:05:27,2017-07-07 00:00:00
c1f534b2a0002528a5e5e5001f6be004,19e718e3c41cf34315c409d31a0a1bf8,delivered,2018-01-29 18:44:20,2018-01-29 18:55:21,2018-02-05 23:41:36,2018-02-07 20:09:18,2018-03-01 00:00:00
6dfff7cc7906e05c66834b6562dd8e9e,f2f6c7f5b732713477f77464033f476b,delivered,2017-05-19 22:29:50,2017-05-19 22:42:44,2017-05-24 10:45:07,2017-06-01 13:45:32,2017-06-12 00:00:00
fabf6de4b124e6dda46615c09ecd7476,62f5b4575bfb283f4d0cdadae46589dc,delivered,2017-11-06 00:05:50,2017-11-06 00:26:22,2017-11-07 21:46:37,2017-11-14 23:33:32,2017-11-24 00:00:00
62eb11cfc9c20c567f4581e0e66725c1,96d1698c15c103bd2aa8b2d3cf511341,delivered,2018-08-17 18:21:02,2018-08-21 04:31:42,2018-08-23 14:44:00,2018-08-30 17:42:25,2018-09-20 00:00:00
87f532dad65980681431fe6307b47fb3,a3df28f0215cc96363ccc1273d27f880,delivered,2018-08-13 13:35:49,2018-08-13 13:50:27,2018-08-13 14:46:00,2018-08-18 02:36:28,2018-08-28 00:00:00
a126eb32402a71a28a7c314405a24f12,38a97cd6fa87a4dae5c345461d6a2601,delivered,2018-03-29 00:48:37,2018-03-29 01:07:24,2018-04-13 17:18:40,2018-04-26 23:05:11,2018-05-07 00:00:00
6b38f902ae37fc3a600593994f6e00b2,ba7a7f2622947469f8c163eb470e2727,delivered,2018-04-24 22:45:38,2018-04-24 22:55:19,2018-04-25 13:38:00,2018-05-04 01:42:56,2018-05-17 00:00:00
a9a71d9344772c405bfeb378bc587215,75b4566b8f4d45ada46ff30440e814d2,delivered,2018-01-29 15:25:31,2018-01-29 15:35:38,2018-02-05 12:28:48,2018-02-14 13:59:36,2018-03-13 00:00:00
5fec12a84d3f675f75b06a54e54d6b04,b2d778e324f021656721b4dc70a2535e,delivered,2018-02-02 12:06:06,2018-02-02 13:12:58,2018-02-05 13:39:06,2018-02-21 18:42:02,2018-03-09 00:00:00
d463e4364316dbd023b1db62f1117693,c17847ced40b61f4491186616828d187,delivered,2017-08-26 11:01:38,2017-08-26 11:10:19,2017-08-29 19:39:57,2017-09-01 18:27:42,2017-09-18 00:00:00
32595cea41e44edaa517f491849b3b4e,c47c8a107d487c968105f45d3f313257,delivered,2017-04-22 22:59:43,2017-04-22 23:10:18,2017-04-25 09:56:35,2017-05-01 12:48:02,2017-05-16 00:00:00
b081a69c4b6f19636549667b897d9761,a5ed1dd7cb3326373783e26adcd1af10,shipped,2017-07-13 11:28:30,2017-07-13 11:43:27,2017-07-18 19:12:35,,2017-08-15 00:00:00
2dd878438308a6896f7a9f44d4343435,a9bd6d17cb367daff2ba7de9646e00ed,delivered,2017-07-10 22:29:10,2017-07-10 22:43:35,2017-07-11 17:07:32,2017-07-24 19:27:59,2017-08-07 00:00:00
ba8835e511232811df8fb4934a7fa6c5,69871e54957d0e082dde328fdd340617,delivered,2018-03-10 21:16:46,2018-03-10 21:30:34,2018-03-13 19:12:45,2018-03-28 23:54:39,2018-03-28 00:00:00
86ca18fcf43d6167ec5e02d77fb0958b,420621f1b13e83668fc4b8db1e614131,delivered,2018-04-19 17:33:04,2018-04-19 18:30:46,2018-04-24 16:48:33,2018-04-25 17:15:26,2018-05-08 00:00:00
38900cae2f3cfbbe4ceec4840cc1ab89,0345751ae47b77dda48d7a9f6e5f5946,delivered,2018-08-17 00:52:29,2018-08-17 01:09:20,2018-08-17 14:10:00,2018-08-25 18:28:25,2018-09-10 00:00:00
3f62abd470c4d6aecea1ef66a8b2d3f3,b4ad286c394069077cd7a6119c5b3007,delivered,2017-07-11 14:28:06,2017-07-11 14:43:44,2017-07-12 18:41:40,2017-07-19 18:21:52,2017-08-02 00:00:00
f71fb52e84b28b11d9f2f4f184e21ce5,09609026e4d1557e6506bafea1da080b,delivered,2017-11-23 17:35:33,2017-11-23 18:25:02,2017-11-24 18:34:58,2017-12-05 22:12:55,2017-12-15 00:00:00
47671bc4075810e810298f7e525e0091,1a2638dc84274f5c298bafa71acb502c,delivered,2018-03-15 09:57:19,2018-03-16 03:50:28,2018-03-16 20:12:51,2018-03-19 18:56:40,2018-03-27 00:00:00
5a7ae4ca802c14fdff19558a4fee8727,3140c5d46f2d38e4f14a9675359d6a27,invoiced,2016-10-10 17:16:03,2016-10-12 03:01:52,,,2016-12-06 00:00:00
b592b39d5b89b9a97358183e80694274,707e682806e50fd20054a9e82e6f51aa,delivered,2018-02-15 18:31:09,2018-02-15 18:46:19,2018-02-20 23:47:10,2018-02-28 17:13:21,2018-03-19 00:00:00
4a0436180e98ee8a37cef37e46e84646,5b0f1f2e7f6ef6ad3bc7f679e7029b4c,delivered,2017-10-23 17:52:05,2017-10-23 18:14:18,2017-10-24 16:58:11,2017-10-31 14:05:09,2017-11-22 00:00:00
c153c3e2641c89800b30e8f469869495,57e96b01256ca49dcb17a4f75ddcc897,delivered,2017-07-03 18:14:53,2017-07-04 04:15:19,2017-07-06 13:06:52,2017-07-07 19:28:43,2017-07-14 00:00:00
0b7256a28d26d7203c9d269fa12709b8,b20c15be5cec7221e6036105453dc80e,delivered,2017-11-29 13:26:49,2017-12-01 11:31:24,2017-12-01 18:05:37,2017-12-12 17:14:44,2017-12-27 00:00:00
c06fb7e4960fb159000d2650602933af,472ad05cd41139d69fc14f2093afceea,delivered,2018-06-18 10:44:00,2018-06-18 12:18:41,2018-06-18 14:24:00,2018-07-06 19:41:31,2018-07-18 00:00:00
6a8074244958b34abe3e949b948bb9f9,c90b8aa7dade59f804b336ff8706c7ad,delivered,2018-07-22 20:00:05,2018-07-23 12:31:54,2018-08-22 15:07:00,2018-08-27 22:14:37,2018-08-21 00:00:00
6eba952263622445be84d3536a3aa0f5,f1ab8679988e35ed1cec1d7b55791443,delivered,2017-12-28 12:34:46,2017-12-28 12:47:23,2017-12-28 20:06:24,2018-01-17 01:21:45,2018-01-30 00:00:00
e697685891b55205f61d598d64db1c1f,2e8cd79c726416c273f1a84f190eb3c8,canceled,2017-11-06 09:05:48,2017-11-06 09:26:38,,,2017-11-17 00:00:00
29380cfab5f9f5f233e2c71e16cadc68,a1774d98db8380cc69ef842c759be95f,unavailable,2018-05-09 16:55:09,2018-05-09 17:15:15,,,2018-05-28 00:00:00
a6f6c02b8388fc133223c9d12095c3c3,82667734cb3f83fa00ab4436e3a7a8e3,delivered,2017-06-11 16:02:29,2017-06-11 16:40:06,2017-06-12 15:44:59,2017-06-21 15:47:46,2017-07-07 00:00:00
2e62dadd571541842fefc7c3b4bf4527,410b0c2b4402cccdd78659f6307bea18,delivered,2017-06-04 13:03:43,2017-06-06 13:10:53,2017-06-06 13:03:59,2017-08-18 15:52:19,2017-07-07 00:00:00
1f66ed3f3867047052dae03ffba22c35,d226a7a956fefa2a873e388df0ffce97,delivered,2018-04-26 11:45:02,2018-04-27 03:35:22,2018-04-27 13:51:00,2018-04-30 13:26:32,2018-05-10 00:00:00
6de969bc5e6479d498ca1f31da9b347a,5ffcd627277b345a8ea9ec164c94c82b,delivered,2018-04-06 22:41:16,2018-04-06 22:55:21,2018-04-09 19:26:46,2018-04-17 19:43:45,2018-05-03 00:00:00
bb814d61ca007ff7d14736b5f8a8d89d,95deb7ac011ade1412af2a5007043682,delivered,2017-02-11 13:41:13,2017-02-11 13:50:16,2017-02-14 11:11:25,2017-03-09 20:26:16,2017-03-16 00:00:00
00f5fbdc777e8198c1ee008122e28ae3,2010587cb06df66a241fa29a40cdf9ab,delivered,2017-07-29 17:43:24,2017-07-29 17:55:23,2017-07-31 21:23:37,2017-08-10 09:44:00,2017-08-24 00:00:00
a2bc73324deae324f55c19f447c75d4f,569dbd046ceadfed515b57f9130ea3c4,delivered,2018-02-22 19:15:25,2018-02-22 19:30:24,2018-02-23 20:39:17,2018-03-07 22:35:43,2018-03-19 00:00:00
7f13a20e25350f4a55fb2a7c9a2e8d88,5b8fd2d89503a79c1090906a4e559c5d,delivered,2017-03-13 18:14:37,2017-03-13 18:14:37,2017-03-14 09:58:29,2017-03-28 13:56:55,2017-04-04 00:00:00
145e7e121b7c0b2f078a133b98872f25,7cf46c141daa7d80613fedfacf08183c,delivered,2017-11-10 00:50:51,2017-11-11 02:55:48,2017-11-14 20:14:55,2017-11-22 11:41:26,2017-12-04 00:00:00
cd4828e8be3a0d85aa38a986e0f4db6c,fc87af337f289b3b613626426c66d14d,delivered,2017-11-23 13:43:15,2017-11-23 13:50:30,2017-11-24 19:26:37,2017-12-13 21:18:46,2017-12-20 00:00:00
fd571ab12e8d263eaf309774eedfcfeb,49eb2dde34c23bd4b6c4c6a137826ac2,delivered,2017-08-02 17:13:38,2017-08-03 03:05:52,2017-08-08 14:53:32,2017-08-11 18:35:44,2017-08-28 00:00:00
733e4fd44a3ef48272fa3650f48b8734,7accf3d920f47c07f5bfbc88f53f9926,delivered,2018-03-28 21:57:38,2018-03-28 22:10:25,2018-03-29 20:48:47,2018-04-16 21:36:36,2018-04-24 00:00:00
207258d556f9b9784b54de837ae49286,e4bee874d6368c127e7ca2a6fd7545ff,delivered,2018-06-18 13:08:38,2018-06-18 13:39:32,2018-06-18 20:07:00,2018-06-21 21:23:48,2018-07-13 00:00:00
edf3091b65403afebeb2a7cbb1682b6f,8156312633461c3ae6e53e1df5c03083,delivered,2018-05-09 21:00:33,2018-05-09 21:15:26,2018-05-10 19:07:00,2018-05-12 09:56:28,2018-05-23 00:00:00
3b56cbdbdb60dd5d1da927732b03b24e,3646e497c87fa084a28907ba063a9c50,delivered,2018-04-02 17:59:25,2018-04-02 18:10:19,2018-04-04 03:41:14,2018-04-10 22:04:06,2018-04-20 00:00:00
c081663d30ea7be7a682297870e2ad02,b3e9562798f3d60acc4439b3187e9659,delivered,2018-05-22 15:54:14,2018-05-22 16:36:56,2018-05-23 11:54:00,2018-06-08 01:26:43,2018-06-13 00:00:00
1566cecea18d487c7958eb073713e8a7,299a4bad02ffd18f1bdf59f32617d8a9,delivered,2018-03-04 13:40:57,2018-03-04 14:20:22,2018-03-08 22:31:28,2018-03-15 23:03:05,2018-03-21 00:00:00
9d2fdf1d3bb6f80d1022bf504a38d24a,5a58fde1e6e61c6b4e9846ba5862bc9d,delivered,2017-06-13 14:35:51,2017-06-13 15:02:58,2017-06-16 16:55:50,2017-07-11 18:12:17,2017-07-14 00:00:00
11104e15dc0997a6ba0aaaf449f51160,b2a682e0a1f89cff5840ed5838888bba,delivered,2018-04-04 13:54:36,2018-04-06 03:15:32,2018-04-07 16:51:02,2018-04-10 17:40:47,2018-04-19 00:00:00
7bc45317580df2c811c370ec4b6196da,95228884d0d122f9a8ebc5750a97040f,delivered,2018-05-07 23:15:19,2018-05-07 23:32:46,2018-05-08 11:27:00,2018-05-16 22:23:24,2018-05-29 00:00:00
8ef664ca9ba580dbcca88364ae0f2dca,06a5618b8b0cf1846231580b7456fe09,delivered,2017-03-18 17:45:15,2017-03-18 17:45:15,2017-03-28 08:04:00,2017-04-07 11:30:23,2017-04-13 00:00:00
3948c2f40e71b2178b6cec0916332ccd,afec17ef788d58615fd5896d03ec5437,delivered,2017-05-07 16:23:25,2017-05-07 16:35:11,2017-05-11 07:27:44,2017-05-19 14:33:22,2017-06-07 00:00:00
2f5e6eaf3119b2864514aa0a2a0cfaff,a35b99238b5271b0abde7433ae9e8adf,delivered,2017-10-17 20:22:14,2017-10-17 20:35:19,2017-10-18 16:54:24,2017-10-23 17:42:09,2017-11-08 00:00:00
8aea472a57fff07c40f9c6a4caaa3234,8ad6b526ada87a36d38fdff6568a5038,delivered,2018-06-23 09:47:01,2018-06-23 09:55:17,2018-06-26 08:52:00,2018-07-03 20:52:35,2018-07-24 00:00:00
b9a332beea1ccdc10289232c319ec338,53b7ba8ca42bc273e3ea9ac533443d74,delivered,2018-08-17 12:31:54,2018-08-17 12:49:25,2018-08-17 13:54:00,2018-08-24 14:36:49,2018-09-10 00:00:00
d66296945273987f899b24ce13f32f81,9dad7fca5ae0a6a7e9834fd633049424,canceled,2017-11-02 18:11:24,2017-11-04 05:05:32,,,2017-12-01 00:00:00
ec07c952b2e699cd885db38a3c9362f9,85c768a183c66d7db2ed659b450eb0a8,canceled,2018-03-29 23:27:12,2018-03-29 23:47:45,,,2018-04-23 00:00:00
df667ba05e6ea21155bd2b24ea3a9da9,8ca10fbdcebc21d0dc222f737f7feb18,delivered,2017-06-05 21:27:01,2017-06-05 21:35:21,2017-06-12 14:19:42,2017-06-13 18:08:00,2017-06-26 00:00:00
0693609f9dc1b3f7d53a9772e54975f2,0bd07aa3b518a209f19344537fb1c5d3,delivered,2017-04-19 20:34:38,2017-04-19 20:45:19,2017-04-20 11:02:38,2017-05-06 10:50:07,2017-05-22 00:00:00
23f912e63532618fa04e0f945350c85f,dc8b649209fbd7a09679b48463cbddec,delivered,2018-01-10 17:36:50,2018-01-12 02:35:46,2018-01-15 23:32:29,2018-02-05 19:58:36,2018-02-07 00:00:00
d828aed67bd4b1f7ba6e6ca5b5fb241f,35e9e8b0b64b79c90b6047dbe5ea2728,delivered,2018-04-08 23:21:27,2018-04-08 23:30:24,2018-04-09 19:47:50,2018-04-18 20:22:28,2018-05-11 00:00:00
fa5f88521abe0927f354980a9648e15b,71b2bd715574fc1ec384f8ded6573e12,delivered,2017-06-17 18:18:36,2017-06-19 08:30:18,2017-06-26 14:33:30,2017-06-29 15:04:18,2017-07-13 00:00:00
4068a5daf06244e4aa1a85a67983cc62,a955b91ca219905e5cbca783a0801f21,delivered,2017-03-08 21:05:01,2017-03-08 21:05:01,2017-03-09 09:18:54,2017-03-16 06:47:58,2017-03-27 00:00:00
5ac2db22c3a1a5c7d59208f225e41fef,ddb4b59eafb402e9e5dcce9204b5aa21,delivered,2018-05-11 16:33:12,2018-05-11 16:59:55,2018-05-14 12:02:00,2018-06-23 19:58:32,2018-06-14 00:00:00
5590b02a48dbcd875b82f7e97c4c5ddd,d076efdb7799c038d147359520222208,delivered,2017-02-04 18:51:41,2017-02-04 19:31:42,2017-02-06 09:37:55,2017-02-14 08:58:43,2017-03-15 00:00:00
a72a09d3c6862bd7535300edd0e6a932,14f9483490b8850a399998a0d4bbcff9,delivered,2017-02-21 13:30:34,2017-02-21 14:02:23,2017-02-22 13:26:06,2017-03-04 11:57:38,2017-04-05 00:00:00
41bc5a3d34a8e4ef91b2e7d9500694cf,86b9cf04766302b8138ccbd75ce345ef,delivered,2017-06-28 17:21:02,2017-06-28 17:43:32,2017-06-30 14:28:44,2017-07-11 18:35:54,2017-07-28 00:00:00
d76d5288b928495e3f607a9901f4daf7,7fe86e88a0583036d8c739b0a3988834,delivered,2017-02-20 14:08:36,2017-02-22 14:05:19,2017-02-23 21:32:36,2017-03-01 14:09:10,2017-03-23 00:00:00
79186d3a09b1799222f2860be082e832,b93e95e6174fff9b5edcc6b8ffea5402,delivered,2018-01-13 11:15:31,2018-01-13 11:29:27,2018-01-18 22:39:13,2018-01-24 11:36:47,2018-02-07 00:00:00
fc8121263d345c1d739f85edda7be0cb,1f5656157ed9a977036dd1cdec2f74a4,unavailable,2017-02-18 23:41:47,2017-02-19 01:02:48,,,2017-03-21 00:00:00
77080c3a1b97bb0908c2dc6c3941c1a6,10c8f06ca229e96a955682147530cb03,delivered,2018-04-24 11:03:08,2018-04-24 18:51:02,2018-04-25 15:42:00,2018-05-02 14:21:50,2018-05-21 00:00:00
70dc122cb381c36bb405197904788449,58d5ef4db3cdde11b1c71f8910cb824d,delivered,2017-04-16 13:19:19,2017-04-16 13:30:12,2017-04-17 11:28:21,2017-05-26 14:03:02,2017-05-10 00:00:00
1ba8d0116eff4ce64f79e9094f241f6b,20442b054a06b68bb23acd5fc74014bd,delivered,2017-11-25 11:34:38,2017-11-25 11:51:44,2017-11-29 23:47:12,2017-12-23 17:52:13,2017-12-15 00:00:00
bcb98fdac3f5de1aadf359566ffe8825,a77331de9f041227365a9dbc92585722,delivered,2017-02-23 17:14:23,2017-02-23 17:25:19,2017-02-24 10:40:56,2017-03-10 04:05:49,2017-03-20 00:00:00
3bd5b8bba961482f0f6c2e3502ac63bf,3747b586188c3c69c6a430658c2ae9f4,delivered,2017-09-07 13:41:37,2017-09-09 05:15:29,2017-09-14 12:58:15,2017-09-19 18:48:41,2017-09-29 00:00:00
7d512c7210020b9a4d7a90bfece69a65,e33468eb1b5573fce44adf067714e3bb,delivered,2017-11-03 19:11:40,2017-11-03 19:30:38,2017-11-06 20:58:52,2017-11-14 19:03:01,2017-11-16 00:00:00
06b6cf307813747b1a6aa2c381dbe32f,111c5a4d2e3b12a1e4b8dd7fe3e4974c,delivered,2018-02-27 13:48:57,2018-02-27 16:36:05,2018-02-28 19:44:04,2018-03-01 21:36:40,2018-03-13 00:00:00
464a25f924f1b09db65da7840fa2eb2e,66f7009f43953f072a7b8e678632f11d,delivered,2018-05-13 23:14:36,2018-05-13 23:34:10,2018-05-14 15:18:00,2018-05-15 14:37:02,2018-05-23 00:00:00
1a77469cc9045a2ec0ddcb6c608e80c7,a32bc3f28044954fa7641a2706dfab31,delivered,2018-06-06 11:21:31,2018-06-07 02:55:19,2018-06-08 13:36:00,2018-06-18 14:52:46,2018-07-12 00:00:00
e02da1929daa15fa492dc605bdad4896,dfc2879bfd2e14b8241447c9c9d3c002,delivered,2018-06-22 14:39:56,2018-06-22 15:00:01,2018-06-25 11:27:00,2018-06-29 17:12:31,2018-07-18 00:00:00
d738a4231586b1053ffdc9e064e9b1ab,4d1d529b68c5de70688b7368b4086f58,delivered,2017-12-14 20:51:16,2017-12-16 02:35:25,2017-12-18 20:18:49,2017-12-20 15:57:03,2018-01-12 00:00:00
72b13b37a3e90ebef702948d847e881f,e385c784b529325482fde7171078146d,delivered,2017-04-29 16:26:37,2017-04-29 16:42:58,2017-05-02 16:38:09,2017-05-08 10:32:43,2017-05-23 00:00:00
aa5fb4d316102d9a70eaf75e6f19d181,b95632fc7d84d7ea3ffb794fc0221a2f,delivered,2018-07-19 10:49:57,2018-07-20 05:05:16,2018-07-20 13:57:00,2018-07-26 13:52:49,2018-08-17 00:00:00
c08029c18d0544f5f412033887287ad9,f827db552458fc2b80161396a6e0e53c,delivered,2017-09-05 17:01:23,2017-09-05 17:35:27,2017-09-06 21:11:23,2017-09-18 19:33:49,2017-09-27 00:00:00
8875c81503e02bc22eae5a31637d6db1,5829bb0fc54e1af9937b154763b18966,delivered,2017-10-11 12:45:13,2017-10-13 10:09:01,2017-10-16 22:47:58,2017-10-25 20:52:23,2017-11-03 00:00:00
0c17d2ca8fea3e6d807410a0c0c44746,19ea9736303135c25774f03b93f1050c,delivered,2017-11-29 15:48:38,2017-11-29 17:30:52,2017-11-30 15:27:11,2018-01-07 18:29:22,2017-12-28 00:00:00
2fbeca2f2c8ffa097d80f9edca1c444f,198169dfd3c62f578c7d8768f59cead6,delivered,2017-12-10 02:56:24,2017-12-10 03:10:22,2017-12-16 00:56:45,2017-12-26 15:41:55,2018-01-18 00:00:00
a673d797cc8f5076e53e3b08a5512bb2,83770e4ae6657c20d943abd491b12a46,delivered,2018-04-25 15:46:56,2018-04-25 16:53:14,2018-04-30 06:21:00,2018-05-08 15:32:49,2018-05-28 00:00:00
dc1b86dca769213b0db63c4922bd6a73,36a092d8dd0744a1785253a886b8383a,delivered,2017-07-17 21:13:47,2017-07-17 21:30:24,2017-07-18 15:52:58,2017-07-24 18:15:53,2017-08-11 00:00:00
9ed40c1d290b912f4cd6594bd495b5fb,1d90bd47cc4020de6b135b4f1fef7995,delivered,2018-04-15 14:39:05,2018-04-17 04:54:21,2018-04-17 18:42:13,2018-04-23 17:12:07,2018-05-09 00:00:00
b18a68dda772cde59ef17d4fbbfe8c7e,07e84f8ccde6b3049d08bd274a35978d,delivered,2018-05-28 14:05:37,2018-05-28 14:15:13,2018-05-29 09:51:00,2018-06-05 15:13:03,2018-07-23 00:00:00
1a1ca27f20c0784d452027dae3f0b5c8,21670ce0ba4721029fd7c5aa148eeb3e,delivered,2018-04-28 19:39:03,2018-04-28 19:51:07,2018-05-04 08:16:00,2018-05-15 21:26:37,2018-05-25 00:00:00
07f6c3baf9ac86865b60f640c4f923c6,000419c5494106c306a97b5635748086,delivered,2018-03-02 17:47:40,2018-03-03 14:10:38,2018-03-07 21:07:51,2018-04-17 17:17:34,2018-03-22 00:00:00
9f73f9300dc3e9f8efc83f19da546881,a1a1a00b4c0d224f299efd03f01af3f7,delivered,2017-04-19 17:23:15,2017-04-19 17:35:15,2017-04-20 09:51:35,2017-04-26 23:23:58,2017-05-09 00:00:00
d580486f85855dfbfc226d0a87c46957,3990c719162bfe51e676622d4ec98569,delivered,2017-04-24 00:37:05,2017-04-25 08:15:36,2017-04-25 13:19:11,2017-05-09 11:26:45,2017-05-25 00:00:00
9052586928b38e6da1b27a7a467307e2,997b756a4a3c8cb582152647c7dd57c9,delivered,2017-11-14 15:00:26,2017-11-14 15:10:45,2017-11-16 19:32:08,2017-11-21 17:42:05,2017-11-28 00:00:00
b989c3785c2432d0617d9e494703c478,7a60d482d82b2ff409a49d3c0529048d,delivered,2018-07-28 13:11:06,2018-07-28 14:30:30,2018-08-06 13:35:00,2018-08-09 20:18:20,2018-08-17 00:00:00
ade32d1b22ac2ce84c90f170c4ab1845,7d6bdd733cfee54734599f71b6ce12d6,delivered,2017-10-30 21:00:47,2017-10-30 22:31:45,2017-11-10 19:41:52,2017-11-23 19:54:41,2017-11-17 00:00:00
61f6d3c81710a644622f59cd9dd666bf,af61dab31295876e1570f9613548ff19,delivered,2017-05-22 23:09:06,2017-05-22 23:23:05,2017-05-24 09:51:07,2017-05-29 11:01:36,2017-06-22 00:00:00
0184d4ddb259e1a4cfc2871888cf97b8,09425ea1839abf2f0d289a0ff453fa21,delivered,2017-09-01 20:04:28,2017-09-13 22:17:15,2017-09-04 14:05:50,2017-09-09 15:12:44,2017-09-20 00:00:00
2ae3e844eeb857e448fe36e4f0dca9ef,72dc9948f6e570763c3ce7cf97342a1d,delivered,2017-12-29 16:34:24,2017-12-29 18:27:19,2018-01-03 12:42:29,2018-01-20 14:48:00,2018-02-01 00:00:00
4d0bd88af1748e0658ddfad3100b2958,49679f4c043355c2d9d574699fbeeead,delivered,2018-07-07 14:58:14,2018-07-07 15:10:09,2018-07-09 13:21:00,2018-07-13 18:48:48,2018-07-31 00:00:00
4224d3207aa1acffc28e6b36c7c2c8af,26e6e761dffdfc0ba3d0ec3b4cc646f7,delivered,2017-03-15 11:20:40,2017-03-15 11:20:40,2017-03-16 13:09:07,2017-03-21 06:44:46,2017-04-03 00:00:00
db869ac5d1058a4b8528b9006d73ad06,140af66cbd576a364271a81f3d67ddc3,delivered,2017-08-27 15:53:51,2017-08-29 07:45:35,2017-09-01 17:44:45,2017-09-20 20:11:39,2017-09-22 00:00:00
9b4b42fc4f3a0ff13e896d031a9723c8,e2db07183615dd1fd30115b590cda2b7,delivered,2018-01-08 23:22:31,2018-01-10 14:51:28,2018-01-10 22:08:41,2018-01-11 17:38:46,2018-01-24 00:00:00
5c78f2a82781176defcf7f019892d324,5e085412648734bfe73b0c0196075f49,delivered,2017-02-12 12:39:09,2017-02-14 03:35:19,2017-02-14 08:48:15,2017-02-20 09:38:52,2017-03-22 00:00:00
794c69999774820e22c161f6dc4fef91,8e2c57611e09e143ec4ab76e38033bef,delivered,2017-05-09 14:46:34,2017-05-10 06:35:23,2017-05-29 14:55:15,2017-06-09 16:42:19,2017-06-21 00:00:00
b7f45bcd6165e360a95cb43ced5d5ea3,8b9d8f3dbc665c26372a5bbfe22ac953,delivered,2017-07-20 12:24:07,2017-07-21 12:23:09,2017-07-25 19:39:28,2017-07-28 16:35:54,2017-08-15 00:00:00
9c8a5a65a01f4a42ddd7fe53ee525568,f6776493ae32276dfb0c49984b8cba5b,delivered,2018-05-26 23:30:04,2018-05-26 23:49:50,2018-05-29 13:14:00,2018-06-01 14:05:01,2018-07-18 00:00:00
60e710a56647c46017e6ae93b6389822,37ade1977ac8f2bcc9d8b42cce744db6,delivered,2017-04-16 23:09:13,2017-04-16 23:22:01,2017-04-17 12:36:49,2017-04-19 16:04:08,2017-05-08 00:00:00
afef174bb9c07aa8185c78d1dbecd29c,158b190d9d408492b1a819f746a2fe4b,delivered,2018-03-29 13:09:05,2018-03-30 03:26:59,2018-04-02 18:03:26,2018-05-01 00:08:30,2018-04-23 00:00:00
cd1a20782013109d1ec8320dff14d666,7196e7b72271a04057e5ec119b45947e,delivered,2017-11-24 15:48:12,2017-11-25 05:35:18,2017-11-29 22:57:49,2017-12-04 16:49:52,2017-12-18 00:00:00
0009792311464db532ff765bf7b182ae,2a30c97668e81df7c17a8b14447aeeba,delivered,2018-08-14 20:43:09,2018-08-15 12:15:10,2018-08-15 15:28:00,2018-08-22 12:02:27,2018-08-28 00:00:00
43e1cbf9959b24b39acb40a44ff3655b,cbf080b962ac028e6a6ee3ad5419ff05,delivered,2018-05-06 13:04:09,2018-05-06 13:33:04,2018-05-07 15:11:00,2018-05-08 20:14:49,2018-06-07 00:00:00
d6c8d8e00d2e01bca21b1638924f910a,884e5366e0a547ad944f0711a8e0839d,delivered,2018-08-03 10:07:14,2018-08-03 10:43:58,2018-08-03 14:00:00,2018-08-09 17:47:43,2018-08-15 00:00:00
bd538b23115ef07a07199e3e2bdc2d4d,5ea6e9b6942f579e279a530dcb100be5,delivered,2018-07-15 12:57:22,2018-07-17 07:31:34,2018-07-17 10:24:00,2018-07-24 16:41:46,2018-08-07 00:00:00
8d97d9eb429ce8f65870fff4d319699e,e50eee0362b772dcc8995721bb637d5b,delivered,2017-09-19 13:30:02,2017-09-19 13:44:09,2017-09-20 21:21:59,2017-09-28 21:42:59,2017-10-09 00:00:00
803aa4666b8c108ee27e65f64ad038fc,32b1936b81907e39a7f664cd0af3aecd,delivered,2018-08-21 22:44:15,2018-08-21 22:55:20,2018-08-22 13:24:00,2018-08-28 00:06:27,2018-09-11 00:00:00
6accfe462d11561b2b80a59a91a8702e,e8c7bc94dde4d7dc6a1a5cddd714020d,delivered,2017-07-07 15:13:16,2017-07-07 15:25:20,2017-07-10 19:46:08,2017-07-18 19:10:15,2017-07-31 00:00:00
2a15d40da6accb25c550b694fdf84478,2b141f94788b2cced0125f3159a92aed,delivered,2018-04-19 21:29:39,2018-04-19 21:50:14,2018-04-20 19:04:59,2018-04-23 16:23:38,2018-05-07 00:00:00
5d69d7fc898ffd0d71682e3c41cbcf4b,834881fcc1058894ba5170875c942055,delivered,2018-05-10 16:19:07,2018-05-10 16:32:41,2018-05-11 11:45:00,2018-05-17 17:32:18,2018-05-29 00:00:00
5f21d6ba0223730d3d05730e3b8fa4b2,59a51f95879b3d41da0629db0cbbfe69,delivered,2017-06-16 10:34:08,2017-06-16 10:43:17,2017-06-19 20:51:23,2017-06-22 20:19:25,2017-06-29 00:00:00
f86be73e2deb7e4d522ee8922cc02bd7,034ec80100c45d578f08af297f2b84c9,delivered,2017-12-10 11:02:56,2017-12-10 11:15:22,2017-12-14 21:52:30,2017-12-19 22:58:37,2018-01-04 00:00:00
ccf27ea35dc842ef81bc07ec33164b56,c2e60ecd950869eb6c1996e890d16e26,delivered,2018-06-20 10:59:40,2018-06-20 11:26:04,2018-06-21 14:46:00,2018-06-22 20:26:37,2018-07-05 00:00:00
d66dd47e562a626ad07e1a314e1e90d7,a222a300bd50d750a9a05dca4031cf0a,delivered,2017-10-07 17:13:35,2017-10-09 12:28:16,2017-10-13 21:45:10,2017-11-01 17:15:47,2017-11-03 00:00:00
d3ebfd1dc904744872e585da7e4b170d,2284564a4718c89d79019e76e9df4b54,delivered,2017-11-16 14:13:03,2017-11-18 02:50:59,2017-11-21 18:19:09,2017-11-27 21:47:19,2017-12-15 00:00:00
a187e99908d89f2f863baf8785025570,2a3624bf4c3135d19877f48d340c8613,delivered,2017-05-29 11:32:28,2017-05-29 11:42:20,2017-06-02 10:32:52,2017-06-05 16:52:26,2017-06-09 00:00:00
62b70e70c218b9d5a4d9b7ee14c286f3,df05cc416941cb23623ea7c27a1f87c9,delivered,2017-12-08 14:36:45,2017-12-08 14:49:21,2017-12-12 01:59:28,2018-01-13 02:33:53,2018-01-03 00:00:00
7097cd0492a280b3e24b36fd672f5a59,0bdc7d7710cc0598046e4134d8a6af75,delivered,2018-03-27 00:14:42,2018-03-27 00:30:16,2018-03-27 23:34:46,2018-04-02 17:41:19,2018-04-10 00:00:00
cbd5da59166957ccd5a0c52607f2e98d,10567872c1e2e0ba7172faf0a144c21d,delivered,2017-08-07 01:12:28,2017-08-07 01:25:07,2017-08-08 18:04:34,2017-08-09 15:55:46,2017-08-18 00:00:00
ed0b6f8c8617370e53735a5d963bb5b6,06ec7aed3161859018db02f695b6600d,delivered,2017-09-18 18:53:15,2017-09-18 19:05:23,2017-09-20 17:22:30,2017-09-22 20:56:45,2017-09-28 00:00:00
c536b6b70c5e68d35e68e55e95d873f5,b25242aebf03ddfcf46480887d9bc8b6,delivered,2017-09-22 10:58:10,2017-09-23 00:42:11,2017-09-25 20:07:46,2017-10-05 17:23:18,2017-10-19 00:00:00
89a05ddfc0652c91d7fb671794757d3d,f83b48b7214d442aec1d4dbe429a31b9,delivered,2018-07-20 11:33:51,2018-07-20 11:46:15,2018-07-20 13:14:00,2018-07-24 16:13:45,2018-08-22 00:00:00
e979a3bd2f7e22a805e38dd992d5defe,d87a2ee27f9cfac923da7c70a909ec9e,delivered,2018-08-06 19:57:39,2018-08-06 20:10:15,2018-08-09 11:42:00,2018-08-15 20:31:55,2018-08-14 00:00:00
50b043a46bc9296628ad3ea3e0ca01b8,fa012d6c76bdb34712c35e38d4bfd8cc,delivered,2017-10-18 14:38:21,2017-10-19 03:14:39,2017-10-19 19:56:48,2017-10-25 13:51:54,2017-11-16 00:00:00
03484f6953887cd37a7974b52f3107f4,9ade6d9e0052f02a42f0f4b68b9ae537,delivered,2018-03-05 12:23:49,2018-03-06 04:08:33,2018-03-07 20:37:26,2018-03-09 14:01:33,2018-03-15 00:00:00
778d6f8f92b218606a82dc5d2f5221e2,2cfe76e75e9de1fbc8182515c5453fd2,delivered,2017-11-25 12:02:42,2017-11-25 12:13:42,2017-12-07 00:21:46,2018-01-09 14:09:40,2017-12-20 00:00:00
bac1a29d140daf4cf00aceeedf2dddc7,8bff651483a16d50c80378a565e0061d,delivered,2018-08-04 19:38:53,2018-08-04 19:50:44,2018-08-07 14:18:00,2018-08-15 20:34:29,2018-09-11 00:00:00
47f127d696dedbcc985921e3304db01e,292240272988cf78f82cd691b228601c,delivered,2018-06-30 16:01:43,2018-07-05 16:25:26,2018-07-04 14:24:00,2018-07-05 17:09:41,2018-07-16 00:00:00
012d8cbea490e6102cee6a2088aaa785,9143de688296ba2531bed7883a7f31c2,delivered,2017-10-19 21:07:15,2017-10-19 21:27:58,2017-10-20 20:45:35,2017-11-03 19:12:54,2017-11-23 00:00:00
e4e717f3f0c93f0a6d94ada34afdd009,84762f02a72a9136840250490c642f8c,delivered,2018-08-16 22:28:49,2018-08-16 22:49:14,2018-08-21 14:29:00,2018-08-27 21:21:39,2018-09-14 00:00:00
1c34405a26acbdbce1a7702fdcca5c31,22169f48f1b81a3dc8395262df7eda53,delivered,2017-12-07 11:37:30,2017-12-07 15:01:38,2017-12-09 17:43:17,2017-12-14 22:18:33,2018-01-03 00:00:00
bf9798b58294574db2ddd49186ffbeac,7002fe95ed18aaec48a31ac846ccefdd,delivered,2018-05-19 11:30:35,2018-05-22 09:14:13,2018-05-24 13:12:00,2018-06-06 23:07:34,2018-06-06 00:00:00
045d2b8e16b8512db26e4d3d1a3e5198,5014401cb0faa8ae93727383cd39c424,delivered,2018-05-15 16:20:48,2018-05-15 16:36:25,2018-05-16 12:43:00,2018-05-18 18:12:44,2018-05-29 00:00:00
fa1504a98e3482c59bb07d3024a15b14,1142984916495fad0d7693eee6007457,delivered,2018-08-14 16:25:29,2018-08-14 16:44:18,2018-08-15 11:45:00,2018-08-16 18:48:48,2018-08-17 00:00:00
41d0050b0a103c674289659fdd6f602e,9a4e0069a7fcd20298ee1634f0b41a4e,delivered,2017-08-23 10:07:22,2017-08-23 10:15:55,2017-08-23 17:41:20,2017-08-24 21:23:09,2017-09-15 00:00:00
8d5bc3d5465a11259249ed8aee3a6c6f,461f9c2c10c3c00e79b5cae634b5acc8,delivered,2018-02-09 17:04:24,2018-02-10 16:55:54,2018-02-16 02:42:49,2018-02-27 22:32:37,2018-03-09 00:00:00
47999a7490ff2905f7ca3da2edcc9c52,920f397f9443bbf5775f7e99a2245890,delivered,2018-04-12 22:26:12,2018-04-13 13:30:32,2018-04-14 00:09:27,2018-04-18 13:48:41,2018-04-30 00:00:00
f5695fb0596df12b626efc77bd076d57,1422cff2e1205bf62421bb34b6549593,delivered,2017-10-20 21:59:42,2017-10-20 22:14:11,2017-10-23 19:17:59,2017-11-17 21:18:46,2017-11-23 00:00:00
c1a7323307f4a60b4146d4d40012350d,ed1bc108cdf80c1f0930510f8a38142a,delivered,2018-02-18 16:49:10,2018-02-18 17:50:33,2018-02-20 19:33:17,2018-03-07 19:59:02,2018-03-19 00:00:00
c13f61a17915a48e0741b02a6b7a3fe8,867ac9a8fc8fc9611ab69114e719457a,delivered,2017-01-21 15:01:29,2017-01-26 20:05:09,2017-01-27 15:23:18,2017-02-02 12:22:00,2017-02-21 00:00:00
e8e55eaa809f3091cc5060cc53735660,2ca5f0111cef8030082e8adf6a068f6d,delivered,2018-02-02 18:46:41,2018-02-02 19:41:59,2018-02-06 00:57:40,2018-02-20 18:52:32,2018-03-06 00:00:00
ba9334a30d40bde13d58772361c9054a,c1944a79055115409ac76ef1e49a1f44,delivered,2017-11-08 14:48:45,2017-11-08 16:11:00,2017-11-09 20:51:32,2017-11-28 17:44:45,2017-12-05 00:00:00
2781125ad13588f38220a6686692d314,cb02cdda09b3d6ab39aadeac191f6094,delivered,2018-05-11 09:36:15,2018-05-12 03:15:12,2018-05-14 11:01:00,2018-05-17 22:41:06,2018-05-28 00:00:00
c595bbefb93ccf827f9dd4b7c3f25785,374328bf8679040ee5e84ee3b8b6f33a,delivered,2018-01-17 12:43:08,2018-01-17 12:54:50,2018-01-19 23:48:43,2018-03-28 21:08:57,2018-02-08 00:00:00
a310dd02fa5c5747f8a6fdc884dc41fa,7c21fd428a1579295cd2ba027ac639f4,delivered,2018-01-15 11:04:05,2018-01-16 03:40:08,2018-01-17 02:45:02,2018-02-08 22:53:15,2018-02-14 00:00:00
676997dac4c289c241276214efc7839e,25b649c6c09ea11139ef9c010e95082b,delivered,2018-03-05 18:20:44,2018-03-05 18:31:27,2018-03-07 17:26:47,2018-03-14 00:28:45,2018-04-19 00:00:00
6f0e01ac8a1a17a76326cb043d90412a,95df670e57f84a2814b2bc4f6b8cb5f5,delivered,2017-09-27 10:47:49,2017-09-27 10:56:24,2017-09-29 19:38:29,2017-10-10 20:47:55,2017-10-24 00:00:00
17547f11b8930d4e945f484ec24b1154,207f4a72a8df4f0b8398a832479ba32e,delivered,2017-10-17 11:48:46,2017-10-17 11:56:29,2017-10-17 20:47:50,2017-10-25 16:45:52,2017-11-16 00:00:00
5d508403951477c6ca3f8fb41f351658,29588af43a7f8d1ac968a59f8a504036,delivered,2018-03-13 23:37:18,2018-03-14 00:20:29,2018-03-16 16:34:39,2018-03-28 17:48:26,2018-04-11 00:00:00
55826c853b7245fee48da8b2539b6944,7428ebf9b65a9179a769e6954befa195,delivered,2017-09-21 19:05:52,2017-09-22 12:44:19,2017-09-26 22:08:37,2017-10-03 19:48:05,2017-10-06 00:00:00
09d91c794f1841e2af74d07d08518980,2798cda6f228cfd59d3676f7d9cdb1af,delivered,2017-08-02 22:29:10,2017-08-02 22:45:10,2017-08-03 18:57:27,2017-08-07 22:49:45,2017-08-15 00:00:00
67796eabcf10419c4abd84d49a3ecd59,165fd0e9f08674d04684807264f3d58f,delivered,2017-02-24 13:11:57,2017-02-24 13:25:11,2017-03-01 14:53:29,2017-03-08 12:05:18,2017-03-24 00:00:00
981ce71403e17f9540c416f431a7c6d2,77cc50c78dcf4dc34e444fceb2e397aa,processing,2017-12-29 11:24:15,2017-12-29 11:37:18,,,2018-02-05 00:00:00
5b113b47da093bc2cbbc7797aeee7994,1689035e6f367ae9398fa8ba436b9885,delivered,2018-07-20 20:25:01,2018-07-20 20:43:43,2018-07-26 18:58:00,2018-07-28 19:10:45,2018-08-13 00:00:00
03dec253b6e471bd5b0653cc53b79e95,013f6eb268d33338ee175ffe2ed24204,delivered,2017-06-27 10:49:14,2017-06-27 11:05:43,2017-06-27 15:33:40,2017-07-06 14:05:36,2017-07-19 00:00:00
676d57931a49b30825cd3d0f17f7be61,630e8325f479925204cabba69b0a07d5,delivered,2018-03-14 11:41:55,2018-03-14 12:20:30,2018-03-15 16:21:52,2018-04-05 15:56:37,2018-04-10 00:00:00
fdae59a84d3050deb2efafd6b04ff6ef,d349b21fece9d17922c233c37af0074e,delivered,2018-06-10 18:04:12,2018-06-10 19:51:17,2018-06-11 14:41:00,2018-06-18 17:13:39,2018-07-13 00:00:00
699a054a231f241e711b0ff3bdd1e250,b3011b12b04e3e8423157ca40dba4e1f,delivered,2018-05-09 11:20:12,2018-05-09 12:14:57,2018-05-16 05:28:00,2018-05-21 21:28:39,2018-05-28 00:00:00
aa76cf095a94a9b1b5e8bf751b279bb3,8485ad7b186ad4ddf28eb66db67b2aac,delivered,2018-05-14 11:29:01,2018-05-14 11:58:21,2018-05-18 12:24:00,2018-05-23 10:04:04,2018-06-04 00:00:00
1bbd44a5496d9d2e6a0278e5bcf3c441,896957ad318e798d867ee58570d96f12,delivered,2018-01-02 10:39:56,2018-01-02 10:50:17,2018-01-03 16:44:32,2018-01-11 17:19:38,2018-01-24 00:00:00
bf5142abe115b2f2d88f9d7bb0da6703,07c598aa82ba5670f78bbfc4b3305e6f,delivered,2017-03-23 21:15:44,2017-03-24 21:10:12,2017-03-27 14:53:37,2017-04-20 11:46:38,2017-05-05 00:00:00
4660e507473035f4db5f153b9cfd0c96,b150a3431c17a59c2f12a6dbed63f0d0,delivered,2017-11-27 21:47:28,2017-11-27 21:58:29,2017-11-29 14:13:11,2017-12-13 20:28:58,2017-12-21 00:00:00
567cc2038bd5fc2994630f15ba392df9,148befba8d61a3c03523b7384f853ed7,delivered,2018-04-05 22:14:01,2018-04-06 22:10:18,2018-04-10 01:18:38,2018-04-13 11:58:32,2018-04-23 00:00:00
651a0587f276ef45b1c74a72643c33ae,8a10e1981f61bb769762ebaa5a10ab0a,delivered,2017-06-07 15:05:31,2017-06-07 15:15:12,2017-06-09 11:22:38,2017-06-19 18:03:04,2017-06-30 00:00:00
806115145431c4557c46d037c0b3fd74,71da510bfd2d6e4bddba24a6480d384f,delivered,2017-11-08 10:26:31,2017-11-08 10:46:43,2017-11-08 19:52:08,2017-11-13 15:44:03,2017-11-28 00:00:00
624d5e149bcc11515ce32c6d710f566e,8edb93cca5a8d190789ab8aa6f415c9d,delivered,2018-03-19 10:45:47,2018-03-19 11:31:09,2018-03-22 21:34:45,2018-03-27 19:11:33,2018-03-29 00:00:00
c23296e1255abac91cb3a637f4f084e3,ba3d3c02e06168e577af7ef349c9313d,delivered,2017-04-28 14:29:32,2017-05-03 11:43:04,2017-05-12 09:58:03,2017-05-16 14:45:50,2017-05-24 00:00:00
a2cfec2310701eb38801890faf296d4d,4d50896718a55276372bd97bc8a00fe2,delivered,2017-07-24 11:03:13,2017-07-25 03:43:46,2017-07-27 14:33:55,2017-08-01 22:13:49,2017-08-15 00:00:00
7976a5c0f4cf314a66586cf02f7aa596,3ba71e4f3f55b141801dc27ed1daa7f5,delivered,2017-02-11 15:10:03,2017-02-11 15:22:48,2017-02-14 10:11:47,2017-02-23 18:38:30,2017-03-16 00:00:00
111fce057987458292c1deff2a05d6ff,d17086cdbda06733d6f3726863403b4e,delivered,2017-11-28 20:28:31,2017-11-29 02:15:30,2017-11-29 22:41:43,2017-12-05 17:05:42,2017-12-18 00:00:00
bbc3a95177ff0c8a012e117f4dcb06c8,91d98668d81671694d440add6ff4db2e,delivered,2018-01-22 15:14:12,2018-01-24 02:35:02,2018-01-26 18:46:36,2018-01-31 20:17:03,2018-02-07 00:00:00
434c9890eff8856d64b1d01c1024686d,9dae8a64d7519a6a011095a8f5a278bd,delivered,2018-05-14 21:32:04,2018-05-14 21:57:44,2018-05-15 12:01:00,2018-05-17 20:10:48,2018-05-28 00:00:00
20682401f377f9713842c128b03fc43f,dd9e543aa63df2f0c0b15dfd977f650b,delivered,2018-02-22 00:02:08,2018-02-22 00:30:06,2018-02-22 16:52:25,2018-02-28 00:56:37,2018-03-14 00:00:00
4a721ffd84fcdf73673c0abbf2035fb3,08ee0fea033270eb52f02441559cff94,delivered,2017-11-21 23:34:07,2017-11-21 23:46:46,2017-11-27 15:52:04,2017-12-01 16:48:29,2017-12-12 00:00:00
8e263246773b88f4f03e159b726320a6,9911b9f4f5dc2751dde00645c9d129d6,delivered,2017-11-19 12:22:15,2017-11-19 12:35:21,2017-11-23 17:09:14,2017-11-29 20:06:44,2017-12-11 00:00:00
e1f58cebd92cdac4b6f7f9a3814a0fb0,abb37d6f51a26c40c7efadaf71763547,delivered,2018-08-23 14:59:37,2018-08-23 15:35:20,2018-08-24 15:42:00,2018-08-29 17:56:31,2018-09-03 00:00:00
9e3da6194f6653e6809404d0804dd069,c8d3ca6c61c4ba867847be9cda6d80fb,delivered,2017-06-11 19:34:11,2017-06-11 19:50:11,2017-06-12 15:22:12,2017-06-19 17:23:59,2017-07-05 00:00:00
ffb9a9cd00c74c11c24aa30b3d78e03b,81a0150b8f472d0e5e82a7da198b93bc,delivered,2017-03-11 17:20:21,2017-03-11 17:20:21,2017-03-22 08:48:30,2017-03-28 15:26:02,2017-04-13 00:00:00
2464182f4be303c6741cab9bad3a9f55,f3f75a99e48d4da981cae17479d41504,delivered,2018-03-23 22:54:39,2018-03-23 23:08:27,2018-03-27 01:06:47,2018-04-26 21:51:50,2018-04-18 00:00:00
6cd5b34948dea7baaf9c2dd4f429c611,bb5c1372dbef9e6fc19079c6a5206ed9,delivered,2018-06-28 15:13:42,2018-06-28 15:31:22,2018-06-28 18:51:00,2018-06-29 23:05:31,2018-07-12 00:00:00
ab07cace6203ea7cea4ce239af99242d,2075197b8dd1fd7d264efd5d68fa2c97,delivered,2018-02-22 00:27:41,2018-02-22 00:48:35,2018-02-22 19:48:02,2018-02-28 20:17:48,2018-03-14 00:00:00
5d3e4ac414939dae23da8aa3aa80bcb7,e61e3c71e8e35dbf0a4df24769a0cf7a,delivered,2017-08-13 15:06:41,2017-08-13 15:25:09,2017-08-15 18:39:31,2017-08-15 19:24:54,2017-09-01 00:00:00
c739886c6212c018d2874181147e3308,840e0a7e1966908027c420cd50a62001,delivered,2017-06-07 19:19:36,2017-06-07 19:42:04,2017-06-09 12:42:23,2017-06-19 13:27:58,2017-06-30 00:00:00
97988325770d5df4030d82fb4580a684,2aa0fbe2d18c6b5d509d4ac540fd9e83,delivered,2018-02-10 18:24:05,2018-02-10 18:35:23,2018-02-14 12:38:53,2018-02-16 20:18:46,2018-03-07 00:00:00
5d4823ead7848e3fcf42c8fe91cd697e,abe891a02257382ca0f14e237c098c5e,delivered,2017-03-22 06:54:29,2017-03-22 06:54:29,2017-03-22 10:52:14,2017-04-07 17:24:37,2017-04-26 00:00:00
c3e06da7b224bfb3d077ca32fa23bff1,e3a9f1e28bf3da2c9248909dbafd0827,delivered,2018-05-15 13:18:27,2018-05-15 13:34:33,2018-05-24 18:53:00,2018-06-02 17:37:30,2018-05-25 00:00:00
f4a225b924b4cf6e2021d3a7eb5c109c,74e60ab3ea7f793b69d43edca2ddb3db,delivered,2018-07-04 08:09:10,2018-07-05 16:35:13,2018-07-05 19:16:00,2018-07-06 13:21:54,2018-07-17 00:00:00
9a6327d5a077984fa3e3c659a24e7915,46777be868cf25df4587888868aaba43,delivered,2018-04-20 15:30:13,2018-04-24 18:59:19,2018-04-23 17:56:55,2018-04-24 18:17:07,2018-05-08 00:00:00
0ac907873c6fb32bfa8a58be269f0c3f,3e3fe9705a14656dceaf25cd86a7f930,delivered,2017-07-09 20:34:20,2017-07-11 04:15:43,2017-07-11 15:39:29,2017-07-20 20:07:52,2017-08-01 00:00:00
21fc87cfedd833f6e6749fd823dc9754,488dbc161f80c337a895a4096d7f288a,delivered,2017-05-05 03:45:32,2017-05-05 03:55:10,2017-05-05 14:32:51,2017-05-15 15:26:39,2017-05-30 00:00:00
92be217451e443e50d816ab21286d00d,55fc561cdd959beb7c1b679f4f42c732,delivered,2017-09-06 12:30:18,2017-09-06 12:45:18,2017-09-08 17:10:15,2017-09-13 20:17:37,2017-09-25 00:00:00
0410df130bab1cdcd13e23044ef9d76a,3d611418d3317f83cc72fa55120c25a8,delivered,2018-03-17 13:04:49,2018-03-17 13:28:44,2018-03-28 18:50:43,2018-03-29 20:22:44,2018-04-16 00:00:00
4a14b4a65e7946cfa68ad61507ad3023,549b407ae341553fcc5f99e2f4077b2e,delivered,2017-05-22 10:33:21,2017-05-22 10:45:08,2017-05-25 10:38:01,2017-05-29 11:43:01,2017-06-13 00:00:00
c9ab674bebfbe567487d3d728886e836,812d2ce75e6313ab48b13ecd9d4b7fb4,delivered,2018-02-01 20:47:05,2018-02-01 20:55:50,2018-02-03 00:46:29,2018-02-16 22:15:04,2018-03-09 00:00:00
ed9c888e1be39c7492c5810bcf8a0227,0b00caf6f0d239c5bf7d9f992cae22d4,delivered,2018-03-15 21:34:56,2018-03-15 21:48:49,2018-03-16 22:48:47,2018-03-23 19:47:24,2018-04-03 00:00:00
5f5e8b484bf04fd34dc39753519239ff,cd967398e8385d02aed76916a7a6ab9a,delivered,2017-09-17 18:18:56,2017-09-17 18:30:14,2017-09-18 20:16:28,2017-10-14 12:43:46,2017-10-16 00:00:00
aef73437a579952b833ab7d9cbf58bb0,3a054aa178999e64e016747463e87796,delivered,2018-08-05 00:06:01,2018-08-05 00:15:18,2018-08-06 14:19:00,2018-08-10 22:41:04,2018-08-23 00:00:00
4222f02d846191bb656be7a86b9e4d67,8f4a0213a3f5cdac5078c9f7f6feae08,shipped,2017-05-22 09:42:55,2017-05-22 09:55:20,2017-05-24 12:14:26,,2017-06-05 00:00:00
4c3b6c754171bf551e80d903a426b8c6,99c41b47a60d71e2e8949ac2a805674e,delivered,2017-08-19 22:31:07,2017-08-19 22:50:10,2017-08-22 15:02:55,2017-08-24 18:25:24,2017-09-01 00:00:00
79366f58da7efaf2b4717cb46d852fcd,32e429477849a42e050fa5acd4cb5b07,delivered,2018-05-20 22:02:25,2018-05-20 22:18:39,2018-05-22 13:21:00,2018-06-04 20:33:24,2018-06-08 00:00:00
bd02833fc86efad05af6d9d8cc4a8b3e,48cd18f35946c908ed2a4ee678a054bf,delivered,2018-07-20 16:30:34,2018-07-20 16:45:22,2018-07-23 06:48:00,2018-07-27 13:41:28,2018-08-08 00:00:00
bcb7b14faa9eac1a0f8ef399056da1b5,c1e5fbf78f2a8324e5947314e0679e03,delivered,2018-05-01 11:53:11,2018-05-01 12:14:49,2018-05-02 11:57:00,2018-05-07 18:58:24,2018-06-04 00:00:00
914cabf51526006bf195df40d4dba379,af259972a4112841d986971923586bf1,delivered,2018-02-12 16:06:58,2018-02-12 16:27:29,2018-02-15 20:45:39,2018-02-20 14:18:59,2018-03-12 00:00:00
28fb48574c983c05540825d1abf49e26,c8df1b1008a30197280a8970150e1acd,delivered,2017-07-15 02:41:53,2017-07-15 02:50:10,2017-07-17 15:42:02,2017-07-18 20:37:50,2017-07-28 00:00:00
2e454cf4f81bec04aa0e7192f8252790,56773a777067538c970700067f44a2a4,delivered,2017-03-13 08:27:01,2017-03-13 08:27:01,2017-03-15 07:32:09,2017-03-24 16:25:49,2017-04-10 00:00:00
cfa24f77a1afcf0827e88b162f7cf0b2,9286639c1e08a7be041e38c68d2439e4,delivered,2018-06-05 16:51:38,2018-06-05 17:15:13,2018-06-07 08:56:00,2018-06-14 23:48:45,2018-07-12 00:00:00
1be551169c2eb8275a521eafcff31546,64883dcf4b2d70d149b791d919c55ffc,delivered,2018-01-15 10:29:50,2018-01-15 10:38:34,2018-01-17 13:09:31,2018-01-24 12:18:46,2018-02-05 00:00:00
873c64b7d2c1e3856c72b20334b38dd2,d273f62095c748f3985731618c7467da,delivered,2017-07-07 20:29:15,2017-07-11 04:05:39,2017-07-12 17:22:26,2017-07-15 12:25:40,2017-08-16 00:00:00
f07a5f44c44bf6c04b708a3852258d3b,b52d933e57ee9a584020a1c2ac789049,delivered,2017-06-23 19:37:50,2017-06-23 19:50:17,2017-06-26 16:07:21,2017-06-27 11:13:25,2017-07-07 00:00:00
a4be9e3217c93eafb1f1940efb4a9cf6,d9ca2fa81c552b948ce9fc0bf552d307,delivered,2017-12-10 22:14:38,2017-12-10 23:09:40,2017-12-11 20:23:03,2017-12-20 20:53:55,2018-01-10 00:00:00
be015610d499d9af10466780adca3472,d42864495e0ee10245010b654ec4dc14,delivered,2017-03-22 10:06:05,2017-03-22 10:06:05,2017-03-22 17:23:20,2017-03-29 13:40:08,2017-04-12 00:00:00
2e2becbd3307b63efe5ea59d9e61f08d,9681479e5fb3c4895a11d61d9261f41e,delivered,2017-12-22 20:59:08,2017-12-22 21:11:23,2017-12-26 17:48:14,2017-12-28 21:57:42,2018-01-12 00:00:00
23879ed885740016a16a4cfc5420c80d,0b35cf387e2b991b1a6928a3cb351f0a,delivered,2018-06-07 20:10:26,2018-06-07 20:35:31,2018-06-12 13:25:00,2018-06-13 17:42:21,2018-06-25 00:00:00
eeb52cabd36aa10f5feb6a64e51f8dae,fa2b6bd3224edd5a751aa1436a43b6df,delivered,2018-08-07 10:07:19,2018-08-08 03:15:12,2018-08-08 12:22:00,2018-08-10 13:05:24,2018-08-20 00:00:00
d3bf07368c28fc881c427ec119b01153,b204bef503807c5ebc6ba01bbe17cab2,delivered,2018-01-24 15:35:58,2018-01-24 19:17:28,2018-01-30 01:38:32,2018-02-06 19:06:35,2018-02-20 00:00:00
c623390ada8c2e0bc96506ee6d9d0667,ca898bf803d2d06b704b13501524801a,delivered,2018-07-10 18:46:09,2018-07-10 20:31:06,2018-07-11 09:53:00,2018-07-12 22:03:10,2018-07-18 00:00:00
46ca3c06a077e293704ad910d2a1b16d,6e23f752c781b8caaa3bdebdf179da86,delivered,2018-02-16 10:19:00,2018-02-16 10:30:30,2018-02-20 16:51:55,2018-03-29 23:34:42,2018-03-20 00:00:00
fd8c19c45239a0a139f809050de68c88,0e8a0778316431f599840793feaf829c,delivered,2018-01-28 12:51:17,2018-01-28 13:18:26,2018-01-30 20:55:05,2018-02-07 16:26:54,2018-02-20 00:00:00
c330b70c5e60bf56e90ebe09e045f79e,814c58070796da842b732142c1070eeb,delivered,2017-10-20 11:53:07,2017-10-21 02:49:33,2017-10-23 15:02:57,2017-10-31 21:05:57,2017-11-17 00:00:00
02e405aa2667a116637cdb4affaf93c0,e9265d4ec55c848f9330c9449ba3b2f7,delivered,2018-04-17 23:29:11,2018-04-17 23:51:37,2018-04-19 11:53:51,2018-04-30 23:18:49,2018-05-18 00:00:00
85e192c4059abd147aed4fbb0f43b7a4,247afa8ba3089c7b589a4acb3488aba6,delivered,2017-11-10 22:01:24,2017-11-10 22:10:50,2017-11-14 14:16:46,2017-11-25 15:37:17,2017-12-07 00:00:00
e3eaa14ceb4c1a05b53e7fb74fdc488b,490505ada88798841420c07dca1e4c39,delivered,2018-05-13 10:50:37,2018-05-13 11:12:32,2018-05-14 13:21:00,2018-05-22 12:34:29,2018-05-28 00:00:00
8fa060cb54d9cfaa1b5cd7db41b0195e,d7a47aea87566367c4ba92514666bad0,delivered,2017-12-16 17:23:00,2017-12-16 17:33:44,2017-12-18 22:42:22,2017-12-26 16:19:05,2018-01-17 00:00:00
0df4c9dcdccadad84c201890d0a96e84,b0669f166cacfeef78736fe97ecfb657,delivered,2018-03-21 14:42:57,2018-03-22 11:35:37,2018-03-26 13:29:37,2018-04-06 22:51:45,2018-04-16 00:00:00
33a031da3772bfeda93d918e5048a0a5,b7b76a819a2d80afb942bf27080841bf,delivered,2017-04-13 15:22:33,2017-04-13 15:35:12,2017-04-17 12:16:51,2017-04-20 18:44:43,2017-05-05 00:00:00
46539409edc91bbec9b3a7b06b414463,62286d8b713dea952e1d37b8acd17016,delivered,2017-05-23 11:05:06,2017-05-23 11:15:24,2017-05-23 15:48:53,2017-05-31 07:50:00,2017-06-20 00:00:00
ce34eeaea4785aa1d4b7004019247aeb,a3b728c3afa0306ff8cb0453232096ab,delivered,2017-09-05 14:16:08,2017-09-06 02:45:31,2017-09-06 20:54:04,2017-09-19 19:58:37,2017-10-03 00:00:00
b31c7b160649d8f3ffac2298a94a38ec,73423642ea2bedaa36b9d00a9f13e538,delivered,2018-04-05 09:47:20,2018-04-05 10:08:52,2018-04-05 21:56:39,2018-04-12 22:28:24,2018-04-27 00:00:00
a0ad7865ea22bbaa2f026e3aee583484,6a88bd2686e68eb067b2cd308762b1e5,delivered,2017-09-08 23:39:19,2017-09-08 23:55:16,2017-09-11 18:10:49,2017-09-18 19:21:53,2017-10-02 00:00:00
0f34e281521119381162d15a73510e3b,5db15d9a05ec6cd9a4279b8b5f23ede3,delivered,2018-06-14 23:31:47,2018-06-14 23:58:20,2018-06-15 13:43:00,2018-06-21 19:21:34,2018-07-12 00:00:00
056703c10dcbf4f451315bb1c0c0d7f8,40ea24d06a54905dfa43438cf8732efa,delivered,2018-03-24 18:33:52,2018-03-26 21:47:32,2018-03-27 21:12:21,2018-03-28 22:26:42,2018-04-06 00:00:00
638a5347b71204f129b75b558d79bf07,26e8e802cb73999e3590693b1f97a00a,delivered,2018-05-13 03:02:54,2018-05-13 03:15:08,2018-05-14 14:06:00,2018-06-01 14:18:01,2018-06-06 00:00:00
0f2b1624ef122caced1b114a3cfd68a6,1729d90bd3e74e7303a14edcdf2ebfc8,delivered,2017-05-24 00:18:02,2017-05-25 03:10:25,2017-05-26 11:13:23,2017-05-31 12:17:10,2017-06-16 00:00:00
5261e92a08c8aeec62ad328bb2acda2a,35397e5e5c05c75d3793c10a0d29361d,delivered,2018-06-12 16:07:15,2018-06-12 16:51:03,2018-06-14 15:29:00,2018-06-18 15:27:20,2018-06-29 00:00:00
92de9d50e681619c103a7634c2f8bdaf,0e9ed7dc549f24ff1b3aefd168591469,delivered,2018-08-13 17:28:36,2018-08-13 17:44:12,2018-08-15 13:42:00,2018-09-01 02:18:43,2018-08-22 00:00:00
be75f7ef5da81750d1b2364aea5e7372,4c0341861a46551270437871eac71e73,delivered,2017-06-08 14:12:02,2017-06-10 02:50:41,2017-06-14 09:02:44,2017-07-04 14:24:23,2017-07-07 00:00:00
f57983ca82e3c9bb09abcdda9139de70,d77129c07a09045897df7b1ecf5b85dc,delivered,2018-08-11 20:50:44,2018-08-11 21:04:20,2018-08-13 14:49:00,2018-08-17 21:18:07,2018-08-22 00:00:00
2e5b6a33990392a9c796ee57da31a651,ad7a5f84563d43b977d503f288c8ad2f,delivered,2017-03-16 22:49:47,2017-03-16 22:49:47,2017-03-21 09:12:26,2017-03-27 09:35:21,2017-04-04 00:00:00
e5ef5de6da3c56ad874373fb7c10c53c,0988135a29d2361384fd5bba17bf952f,delivered,2017-08-24 18:18:44,2017-08-24 18:35:07,2017-08-25 18:33:45,2017-08-28 14:35:40,2017-09-06 00:00:00
33adf242c9c30fa2e16fc97d70845487,fa3e66a76d31a28e713552fbda8af62b,delivered,2018-06-24 11:49:34,2018-06-24 12:14:39,2018-06-25 15:04:00,2018-06-26 18:54:39,2018-07-13 00:00:00
d16b5c3eb594cc8bb7198cbdc75c9e7c,c43082e548b80707f31fac7ba3740ddf,delivered,2018-05-12 14:58:30,2018-05-12 15:22:42,2018-05-14 12:02:00,2018-05-18 16:46:09,2018-05-28 00:00:00
8071d5ff8afc89569fae66a5d4df5e9f,03867c61ac5eae960b168b74ee252100,delivered,2018-01-31 00:05:05,2018-01-31 00:51:00,2018-01-31 21:07:44,2018-02-24 12:24:40,2018-03-01 00:00:00
12437f8c2f1cd4825ce82cc6e42ec5a6,00eb46a6c173fdad0c058d8650deefd9,delivered,2017-07-05 17:24:19,2017-07-06 06:45:19,2017-07-13 20:39:30,2017-07-15 12:28:39,2017-07-25 00:00:00
c775dea8bfab02a285d4d3b9f247808d,1ea7da2d672b0873e5b09cac7e25c109,delivered,2018-03-03 21:03:18,2018-03-03 21:40:21,2018-03-06 04:47:41,2018-03-22 21:24:56,2018-03-26 00:00:00
9c957591bcb898e6250cde437b938d95,c645112b5c938ad3082211e7bd71423d,delivered,2018-07-24 09:46:25,2018-07-24 11:24:24,2018-07-24 14:55:00,2018-07-27 18:28:58,2018-08-07 00:00:00
61e6dc4087b12fa0d151b2c4d537e355,89ec59641dd78444fc741a91f57dfe51,delivered,2018-03-25 18:54:18,2018-03-25 20:07:52,2018-03-26 19:52:46,2018-04-05 20:59:39,2018-04-17 00:00:00
2f0b8584b80af898d09aed535fdd2307,9da01a19c4b8035ff31f3eb2a4de7c86,delivered,2018-08-14 14:23:59,2018-08-15 03:30:19,2018-08-15 13:08:00,2018-08-24 14:10:34,2018-09-05 00:00:00
97c8513f2504aa8ec05534307a703dea,4219fc0a46a049c6090d77dc8fd20927,delivered,2017-11-02 14:05:58,2017-11-02 14:15:29,2017-11-06 10:58:30,2017-11-08 15:41:10,2017-11-16 00:00:00
9e85367165bb242141b1f2638d6fc239,9552f0301e14c521091a8701f48615c3,delivered,2018-07-05 13:40:19,2018-07-05 16:31:55,2018-07-05 12:45:00,2018-07-12 23:12:12,2018-08-03 00:00:00
a772a302e571f8b800b19fdb5dced3b1,a6b8cd6ac3560d95ea7e30614c7a41f9,delivered,2018-03-06 10:46:48,2018-03-06 11:09:54,2018-03-06 23:43:26,2018-03-23 16:26:59,2018-04-04 00:00:00
7c3e71109e904d8e0c8d034456f87eca,b0c22a057e308ffdd32ce03e1734aa62,delivered,2017-11-22 14:59:43,2017-11-23 02:35:23,2017-11-25 01:51:58,2017-12-14 11:19:06,2017-12-21 00:00:00
ce96e1f727877ff03577e45707a78265,0a89839c1ac53ef740c64b6ac372e550,delivered,2018-04-13 10:15:50,2018-04-13 10:32:33,2018-04-16 17:54:55,2018-04-23 16:31:59,2018-05-15 00:00:00
a1e393fb70c2916de4f93974682521a0,7c70a35d01718282e98dbe56e2765377,delivered,2017-04-01 21:35:01,2017-04-01 21:45:15,2017-04-03 14:43:31,2017-04-06 11:13:42,2017-04-26 00:00:00
82684397b8f36fa2cb233b1c0bbf2298,1524370ed333f67a5def7e451aee0a60,delivered,2017-11-27 13:36:53,2017-11-28 03:31:23,2017-12-05 23:51:33,2017-12-19 15:26:00,2017-12-26 00:00:00
eb8ee5f8501215e35cbd211f85413fa3,c46b3d824160b42c84227cf65f9caf25,delivered,2017-11-17 19:41:02,2017-11-18 19:50:23,2017-11-21 18:48:31,2017-11-29 00:27:10,2017-12-12 00:00:00
2405d4b16cb4edad76ffbf3723f58423,4e8893e0890ad4ccddd1a313a58496c9,delivered,2017-11-16 21:48:51,2017-11-18 02:49:06,2017-11-21 18:21:52,2017-11-23 00:21:02,2017-12-04 00:00:00
702019955fa998a0414ab1d64a9984e6,584bf232568cdc865dbce9805fae40bb,delivered,2018-04-01 21:17:30,2018-04-01 21:30:26,2018-04-03 20:48:46,2018-04-10 22:23:32,2018-04-20 00:00:00
6d4f15503da9e2e6278f57468ca35e35,b423713fff8a7210316acd191e942ab8,delivered,2018-04-16 15:28:32,2018-04-18 03:30:09,2018-04-20 22:32:02,2018-04-30 16:51:42,2018-05-15 00:00:00
6d6552e71bec5188cfa548c7f7094dad,e4140a9ccef4da9c88295faffabaa7ee,delivered,2018-05-04 19:02:15,2018-05-04 19:15:24,2018-05-08 12:57:00,2018-05-10 01:08:51,2018-05-18 00:00:00
8be7a307c750d151af4661da51b2bfa5,671947694b39943052686bffca0fd9b4,delivered,2017-04-19 21:20:47,2017-04-24 23:32:12,2017-04-28 09:49:06,2017-05-05 19:06:44,2017-05-09 00:00:00
ddd2d769f053c55c39e69fcace5f5eb5,7c2bc48ba5bee6418d508edf9d76953e,delivered,2018-01-04 10:04:05,2018-01-04 10:14:26,2018-01-04 17:28:49,2018-01-08 22:49:13,2018-01-22 00:00:00
fcbc14002233ab8843916cedfd45ab33,16639dd2584f28b9b473017c8c713b7d,delivered,2018-08-19 18:52:39,2018-08-20 12:50:29,2018-08-21 15:44:00,2018-08-27 19:03:57,2018-08-31 00:00:00
c28ec0be612e5396c0ef13b958a713f4,b8452808c822b4a6f488cecb53cf87dc,delivered,2018-06-04 16:59:14,2018-06-04 17:10:58,2018-06-08 10:19:00,2018-06-11 21:50:57,2018-06-28 00:00:00
dcc18c1162f298e794595e33e3822f91,109bcee36cb1e7470c1c23f6e0199996,delivered,2018-06-25 11:42:22,2018-06-25 11:58:11,2018-06-26 14:52:00,2018-06-29 23:26:46,2018-07-16 00:00:00
9ea0fa63c2d7cfeb3bee5a9e4940c5ee,3842192183959ad0f881f22fc10bb5f8,delivered,2017-08-16 14:31:21,2017-08-16 15:35:08,2017-08-22 16:18:27,2017-08-29 20:33:05,2017-08-29 00:00:00
bf2efa777e1a41506b6a7a702e98f0f5,5a77d6f283301d494d6461552c728aa3,delivered,2018-04-23 18:46:24,2018-04-24 19:26:22,2018-04-25 16:38:00,2018-04-30 18:51:53,2018-05-21 00:00:00
fb4ea753f638936f56b4df5d03dc07bb,0ccfdd2d2cd158609cae8977fb5327fc,unavailable,2018-01-13 20:11:23,2018-01-16 03:36:36,,,2018-01-30 00:00:00
b155e845bb514ad16d9cb7712ef9be90,a1ec7a32bc3bab200e6d9860303b4ff3,delivered,2018-06-14 11:00:41,2018-06-14 11:23:29,2018-06-14 15:54:00,2018-06-16 11:47:25,2018-06-26 00:00:00
20f4a0b8b5726a8e9a32a246e345b9d1,f549b52dbcd69f43d68a455c597c3ab2,delivered,2018-01-14 16:32:07,2018-01-14 16:48:29,2018-01-15 21:12:30,2018-02-03 00:52:55,2018-02-15 00:00:00
2e1b96bb2d8b0ca7e4a6c3d0c15d68a3,7aa6b791c1e47633122b949ed9d51b83,delivered,2018-07-01 16:31:48,2018-07-01 16:49:50,2018-07-04 14:24:00,2018-07-13 13:28:28,2018-08-06 00:00:00
5f8772295e1adb4e4832c988d6b631b6,d6ea3ab260c02dc5a2d6270e7d49286d,delivered,2018-03-17 10:11:49,2018-03-17 10:28:37,2018-03-21 19:24:40,2018-04-10 01:19:14,2018-04-20 00:00:00
531e665dc22a8076daa802634cebfea1,ca72bae56a62ab7ef618c2d480419281,delivered,2017-03-17 19:59:42,2017-03-17 19:59:42,2017-03-20 12:09:11,2017-03-24 10:59:49,2017-04-24 00:00:00
43143868203ea734e8de41d2dfd4097a,84df5ad0a2f0929761a5d55a1662cc1d,delivered,2018-01-04 16:51:48,2018-01-06 13:27:24,2018-01-10 12:21:51,2018-01-16 22:09:43,2018-02-02 00:00:00
f2d6c25c24dec1cb1f8eeba2203634b5,57244724368844b9ccf59f216d2bb822,delivered,2018-08-12 20:58:54,2018-08-12 21:15:11,2018-08-13 15:25:00,2018-08-24 17:38:34,2018-09-12 00:00:00
b92b69bbda4e9c56848904c3f0cc14d9,be5c0855b03da1ef3585c3c0b29cd389,delivered,2018-03-14 22:10:40,2018-03-14 22:29:53,2018-03-15 20:49:47,2018-03-26 16:49:53,2018-03-26 00:00:00
9105f342ad7620f549169ab82c176b1e,43bd9ac0662a0b2289bad669b1addd50,delivered,2018-01-17 12:29:34,2018-01-17 12:49:58,2018-01-19 01:14:34,2018-01-26 17:06:42,2018-02-22 00:00:00
25af0443015b8d200489039a00361f2e,1674ec99b39d56ec2aa2329be6a79864,delivered,2017-08-22 16:53:59,2017-08-22 17:32:43,2017-08-25 21:11:35,2017-08-29 13:04:49,2017-09-12 00:00:00
5ce67f8655ea16aca378fdb87e3a8665,a7f2c8702670c3daa643060f32eba202,delivered,2018-03-02 00:29:29,2018-03-02 01:20:32,2018-03-02 22:14:52,2018-03-07 17:46:09,2018-03-14 00:00:00
55acfaef63e1cd8c8f71ab8e79b84ee0,d49c6823ea64985a6cb50d57d846cb5d,delivered,2017-12-20 11:16:15,2017-12-20 11:31:43,2017-12-21 19:13:45,2018-01-05 18:15:16,2018-01-18 00:00:00
7893bf5e938b5606e3d38d4d778a4d1c,fcbcae9398452be8e957aecc63625444,delivered,2017-10-10 10:15:10,2017-10-10 10:36:45,2017-10-23 19:08:18,2017-11-02 14:42:58,2017-11-03 00:00:00
167f04d11667c6073896de381fe051f5,15c30c47d392d1bf10cfe11e5b086597,delivered,2018-06-06 23:49:36,2018-06-07 00:14:17,2018-06-08 14:40:00,2018-06-18 23:17:43,2018-07-17 00:00:00
a10ec5461868aff48d5eaf7c81df51a2,742f832686235b6036aac78ee74a0d20,delivered,2018-02-22 16:47:12,2018-02-22 17:10:44,2018-02-28 02:03:54,2018-03-13 00:03:35,2018-03-16 00:00:00
b33c9bb2caa1d2b9f219b70f6dba7dce,891adb1fb4da5da2b8b8c367bf9801d1,delivered,2018-08-26 23:45:45,2018-08-28 03:45:15,2018-08-28 14:30:00,2018-08-30 22:04:58,2018-09-17 00:00:00
eb7333448f495b554d301e38d3da9608,31e0bfd71b5a2bc421dda2555e9668a2,delivered,2017-09-21 22:33:10,2017-09-21 22:45:30,2017-09-22 22:28:33,2017-10-06 22:37:47,2017-10-13 00:00:00
d04d60a83e3c187136cd8c3a344b5df6,0e42a1079034c30b6be072e56c4bfaf8,delivered,2017-08-03 17:36:44,2017-08-03 17:50:16,2017-08-04 18:50:07,2017-08-23 17:10:25,2017-09-06 00:00:00
da5a0865ec4bbc8e19541e9e51b1c523,cdc937e42ae5b5bc61c4e17d691b280f,delivered,2017-06-29 11:52:53,2017-06-30 13:30:23,2017-07-03 14:35:27,2017-07-07 22:23:39,2017-07-19 00:00:00
46241543fb0948c859ab3d20fa55f06c,51852f3324fb6da85fbecc2420ef251f,delivered,2018-01-25 10:59:44,2018-01-26 03:16:10,2018-02-07 20:04:41,2018-02-15 14:44:41,2018-03-01 00:00:00
874c69026a5bf0c3a422c298e7ebea9b,988381e3ac7174b278642cac45f5d227,delivered,2017-11-16 20:14:49,2017-11-16 20:37:32,2017-11-23 21:03:18,2017-11-24 14:59:12,2017-11-29 00:00:00
c4da6253784e49138f9ead8b46280c0c,6ad4ec95ea482c3e3cbddb2295b3d604,delivered,2017-06-09 23:37:22,2017-06-09 23:50:14,2017-06-12 16:46:43,2017-06-19 11:25:34,2017-07-04 00:00:00
4c225b047eda6a8fcff282ce94b8fcc8,647fb0ff21a40bbe790d0eb7d2d3b9d3,delivered,2017-07-27 16:56:21,2017-07-27 17:10:11,2017-08-03 20:42:04,2017-08-09 18:00:07,2017-09-05 00:00:00
4d900e76023789e5f55022dc71ff16a1,6449320114e2ba8f64ab1c0481b0a60b,delivered,2018-04-23 20:12:02,2018-04-25 03:30:48,2018-04-25 13:38:00,2018-04-30 13:41:02,2018-05-08 00:00:00
1b65f28cc74db6add768ff882fdd3ad5,4d32ed3c083987a7da018ace4ded6931,delivered,2018-05-09 23:06:53,2018-05-09 23:33:32,2018-05-10 15:48:00,2018-05-18 17:36:55,2018-05-28 00:00:00
f980b4aacdad5bd8d7ff107f2dfa4a25,d33fac33f976dffdf6fcc426442579dd,delivered,2018-03-12 15:45:00,2018-03-12 16:13:05,2018-03-15 18:36:57,2018-03-29 14:54:35,2018-04-04 00:00:00
1145f143f8b9670193f18b5793134a75,740c76c2ef0f25f8d80613f4658f77cc,delivered,2018-05-06 13:10:31,2018-05-08 04:15:31,2018-05-15 19:03:00,2018-05-16 14:12:52,2018-05-17 00:00:00
ad4c4ee12613fc3dc5d506e4e6455498,4ddf9f1b042f4c9f993d7714b0369e23,delivered,2017-02-14 23:50:39,2017-02-16 02:15:52,2017-02-17 13:14:14,2017-03-03 14:23:26,2017-03-28 00:00:00
28d1a3ffec32edd0241a144474f1532d,92626a3fe5f92731f1d93b5d9cd44ad8,delivered,2017-08-06 20:34:10,2017-08-08 03:55:16,2017-08-08 17:40:20,2017-08-10 23:14:29,2017-08-29 00:00:00
8b287c802866ec3b7b594e5cbc2d5acf,8e1e24d6c2c75c2f938cdc3b5fdca5b9,delivered,2018-06-28 12:56:12,2018-06-30 02:52:15,2018-07-03 10:05:00,2018-07-11 23:51:37,2018-07-26 00:00:00
04e2943331164044ec43de08763717eb,3148707878001f06021a41d300d4515d,delivered,2017-12-10 17:47:21,2017-12-10 17:56:28,2017-12-12 21:21:56,2017-12-15 16:48:22,2018-01-03 00:00:00
9fa3141e41678109d614cc3ee569cb98,6c7f22d419350aa50d3ed422fe852df1,delivered,2017-11-26 14:16:15,2017-11-26 14:35:01,2017-12-08 20:56:59,2017-12-28 13:46:09,2017-12-18 00:00:00
fda88f9d411c7657f60cce02440ec0f8,f84f2bfff318701e67be6ec061d0f59d,delivered,2018-02-22 01:35:44,2018-02-22 01:55:27,2018-02-22 22:57:07,2018-03-20 22:41:56,2018-03-23 00:00:00
d6abdb38c0ac915fac541669992e01fe,6e3cb440d03d4a7cbe98177f410330d8,delivered,2017-11-27 17:47:44,2017-11-27 18:00:18,2017-11-29 19:08:57,2017-11-30 16:03:01,2018-01-18 00:00:00
8efcf7a83f834c59c8d6d7d570d41485,666cb467ea14b1f98b33bdcf2e71d124,delivered,2018-05-16 16:18:16,2018-05-16 17:08:58,2018-05-17 14:11:00,2018-05-22 11:41:51,2018-05-30 00:00:00
24d96d6845bf5f0eb587c745f06b871b,12cda441a80c2b74b985dc0c412c26d4,delivered,2017-09-19 13:36:00,2017-09-19 13:45:37,2017-09-20 19:08:12,2017-10-11 19:32:42,2017-10-18 00:00:00
df7beb79297f04677c62ceae377ba8b2,13239c06137b25abc7ddeb164b5f4b2a,delivered,2018-07-18 13:00:37,2018-07-18 13:10:21,2018-07-24 12:54:00,2018-07-30 17:54:54,2018-08-14 00:00:00
b245d08e3e6331339c679db26e9c8616,129b2029f5b71ab40725b4d202e2632b,delivered,2018-02-10 12:07:53,2018-02-10 12:47:53,2018-02-16 19:19:28,2018-02-23 18:39:02,2018-03-15 00:00:00
60374093aa8d84de08b2c04a3eec89c4,91489087a2f86dd3476f0d949946aea2,delivered,2017-11-22 11:00:02,2017-11-23 03:08:23,2017-11-29 23:12:16,2017-12-27 18:53:20,2017-12-08 00:00:00
69d55f1bcb3e801a0218ca7233889ed8,3460ff38c36d7e81924ef4a49ff85190,delivered,2018-01-13 00:19:44,2018-01-16 03:36:36,2018-01-31 16:38:30,2018-02-03 02:04:44,2018-02-16 00:00:00
11e77f7b110e8b496d03132d9f94129f,34fb6a1c5ebda662a0086d7e72126e7c,delivered,2017-09-04 19:22:02,2017-09-05 19:25:15,2017-09-06 18:07:51,2017-09-15 19:25:45,2017-09-28 00:00:00
237ad2054a0b3375cc64b6a7e6e08683,36c6b4c96148d32c037b90aa0673bfcd,delivered,2018-06-02 19:43:08,2018-06-02 19:55:19,2018-06-04 08:48:00,2018-06-11 19:26:38,2018-07-11 00:00:00
46c123d65d1a90feca91b6c4cf104633,936abf93c937d29a4a350eb38faf8f13,delivered,2018-08-27 14:39:21,2018-08-27 14:50:20,2018-08-29 07:11:00,2018-08-31 00:56:34,2018-09-03 00:00:00
278550fe90b7bf4e300467f0afc9b781,a9949cfa028eff444ec7299c2f042b0e,delivered,2017-07-26 11:02:38,2017-07-26 11:15:21,2017-07-28 19:32:20,2017-08-02 18:13:58,2017-08-21 00:00:00
ee6398e4b964637992cf88b70044438a,a5f320745991c8686d6eeb21dd444839,delivered,2017-03-08 21:13:31,2017-03-08 21:13:31,2017-03-09 06:51:06,2017-03-13 20:16:12,2017-03-28 00:00:00
34dc2f9bce0427122de8cd6afdb03c2c,81d57cbc974b1173a56a8eac72e8c9ee,delivered,2018-02-26 16:04:40,2018-02-26 16:32:26,2018-03-12 22:48:34,2018-04-03 13:38:47,2018-03-23 00:00:00
14f478070db62f51c33367debce4f1d1,fed7a1c4146b45f0ddb2b285da5379cf,delivered,2017-07-04 20:32:22,2017-07-05 17:38:28,2017-07-06 15:17:54,2017-07-12 20:42:56,2017-07-26 00:00:00
f77eb63e272ad822e11bbf97da9c0edd,5621efcb03b89c9a3a23e0d9c9f56360,delivered,2018-06-02 14:45:21,2018-06-02 14:55:10,2018-06-05 08:05:00,2018-06-25 15:12:37,2018-08-03 00:00:00
d139bb03af910e29eab280ed63bec613,ac0e954e97b91701a093a47c675c5700,delivered,2018-08-23 11:50:26,2018-08-24 03:10:23,2018-08-24 15:07:00,2018-08-30 23:03:04,2018-09-13 00:00:00
e3306fba117e962347dff8dfd6887ca3,33f9e026fbcceb14cefbcf0f22f1014e,delivered,2018-03-13 15:06:19,2018-03-13 15:48:16,2018-03-16 20:20:40,2018-03-22 23:18:42,2018-04-10 00:00:00
71c7a91ef2c9f2d5717181b75d85a761,4b00102351551a90a0770f75a6780ae5,delivered,2017-02-15 22:46:50,2017-02-15 22:55:21,2017-02-17 13:36:04,2017-02-22 15:05:01,2017-03-14 00:00:00
aa138e54af900b83a2a45176517d1071,ead77ebbf95133def3337afe3b881acd,delivered,2018-04-04 14:47:05,2018-04-04 15:10:36,2018-04-05 18:34:47,2018-05-02 15:36:29,2018-04-23 00:00:00
92c5a4ffbd45ee732be3e4ba2e1d476c,d5a1fa0c22e55f3c4749faa0ca313844,delivered,2017-11-29 18:07:15,2017-11-30 02:21:38,2017-11-30 22:32:27,2017-12-26 19:28:49,2018-01-02 00:00:00
8ad90551f6c31bd81ee660c78c7250ca,caffbdf4d70c0457c26b7f2c62c1fa8a,delivered,2018-08-13 12:05:52,2018-08-13 12:24:18,2018-08-14 14:31:00,2018-08-18 05:34:27,2018-08-22 00:00:00
7046baacfed62d117699e43e9cc8ee7c,176f7fae9b66b96ab07b7b3385f834aa,delivered,2018-07-02 21:48:39,2018-07-05 16:06:14,2018-07-04 15:17:00,2018-07-10 15:22:07,2018-07-27 00:00:00
bc5fcaf4a4f6d91e1b1037bb261e1ee5,5df9e029af93b207ec9c068fbc413d38,delivered,2017-11-24 14:36:36,2017-11-24 16:36:25,2017-12-07 19:32:59,2017-12-15 19:12:34,2017-12-14 00:00:00
7db05b1e41f396b5134f680433a76b70,62a69e5aaedfa52d2a85813b459cd0d3,delivered,2018-02-24 13:02:15,2018-02-24 13:10:33,2018-02-26 14:45:22,2018-03-19 23:04:00,2018-03-28 00:00:00
c4fe6f6fb6b226089906913cd4ab8a20,0c376c9c15aca35371617c653ede046d,delivered,2018-07-04 12:34:13,2018-07-05 16:04:37,2018-07-05 14:24:00,2018-07-12 22:48:23,2018-08-03 00:00:00
6bf0953ea2856ef95e31030263eacc2e,a602a55269bd7ad0a6d3d7ef86ea249d,delivered,2017-02-11 08:28:52,2017-02-11 08:42:41,2017-02-15 14:33:44,2017-02-17 11:22:30,2017-03-10 00:00:00
338084a6f213912faa2ab6b87c6d388f,11e55f8da60d95653cfe027e0e90c51a,delivered,2018-04-09 16:30:11,2018-04-10 04:10:12,2018-04-10 21:43:42,2018-04-16 11:38:41,2018-04-25 00:00:00
621de62735eae3ffa4affa5e73d860db,422290a11dc46ec8ca6fb7e6bd45dd1b,delivered,2018-03-02 17:47:38,2018-03-02 18:09:31,2018-03-06 19:53:14,2018-04-03 21:12:26,2018-03-23 00:00:00
36272970346cb4aadae6ef0defd79773,9df54e366988cfc2cebe295b76ca03e1,delivered,2018-03-16 14:10:00,2018-03-16 14:28:54,2018-03-19 19:51:08,2018-04-10 18:18:37,2018-04-05 00:00:00
7ab2b693aebb8e032fc16f9c75051fdc,10dd2ea9384e83d9cde6177042b4b55d,delivered,2018-02-20 22:13:49,2018-02-20 22:27:36,2018-03-01 15:14:57,2018-04-11 21:15:50,2018-03-23 00:00:00
8563f78b69f236731470e13b90fde454,43a1a6c14b2bafafcce0a36fc24e99f7,delivered,2017-09-05 02:19:25,2017-09-06 02:25:16,2017-09-06 19:48:41,2017-09-12 18:12:26,2017-09-27 00:00:00
cfcb1cc2e9f4ebf0caea1584195f9046,c23d89873e1409800be59042623d71bb,delivered,2017-05-31 13:34:25,2017-05-31 13:45:18,2017-06-01 14:45:21,2017-06-09 14:05:55,2017-06-30 00:00:00
985984497affc6051f16a8e96e3e5610,35ecb9f2f7aa6d35a5a12e17d73c55df,delivered,2017-12-25 18:16:54,2017-12-25 18:29:40,2018-01-16 18:16:47,2018-01-27 18:58:39,2018-02-22 00:00:00
bb5dc4553cd94f942c0b3eb3ca1147eb,4d250c75cc0d2a9babd43a689f66f86d,delivered,2017-07-26 12:56:36,2017-07-26 13:10:08,2017-07-27 14:35:36,2017-08-01 18:17:39,2017-08-31 00:00:00
cd8658f10db66a4b712a7a0dce0d1bb5,c3ad6ed760937161a511dce97b58feb6,delivered,2018-01-13 16:37:53,2018-01-13 16:49:30,2018-01-15 15:49:05,2018-01-25 19:33:34,2018-02-09 00:00:00
8d3e2758268f6374b2402769a37c6905,6185579dbc623698538d6fe899efd639,delivered,2018-08-09 02:58:52,2018-08-09 03:10:09,2018-08-09 15:32:00,2018-08-13 23:48:52,2018-08-22 00:00:00
292b5c75de3cb3dc17a422c7985b3e5a,a0984b33073988cd7715c8546237843a,delivered,2017-04-06 12:38:22,2017-04-06 13:10:15,2017-04-07 10:09:05,2017-04-12 10:44:37,2017-05-02 00:00:00
7ecd374aaadf068b768dd0552a8b5b0d,d2679c6827c9f5794e9c0cbfb82df5e9,delivered,2018-03-18 05:06:23,2018-03-19 07:50:48,2018-03-20 21:48:48,2018-04-26 16:48:52,2018-04-19 00:00:00
7173f9c626f3e26e9c4c0033ebffe7d4,68665e6fca28f3c39147812dce2e8ce9,delivered,2018-07-14 20:48:14,2018-07-14 21:03:59,2018-07-18 14:29:00,2018-07-23 19:38:34,2018-08-09 00:00:00
48f2d0b950703bfb145b7c3c0641b4bb,ce68dcdb0fbc1b4172d23c2427cc635e,unavailable,2017-08-30 01:21:05,2017-09-01 15:55:17,,,2017-09-18 00:00:00
7d9ce17cffaae5fd7a74b0b5621f7ee4,4d3ddf1b42da32b1d58cd34460c32659,delivered,2017-07-12 11:01:16,2017-07-12 12:30:11,2017-07-13 21:57:25,2017-07-14 17:58:49,2017-07-25 00:00:00
6e529c2d797e42723921291678213b8e,bde92b9857b42315d2e6dd12227ed9a8,delivered,2018-08-09 09:45:45,2018-08-09 15:44:53,2018-08-16 13:32:00,2018-08-17 18:03:46,2018-09-11 00:00:00
594013e81f2c775b3fb2591f7e4bd4a9,653f5d3367160dc1985d939aa321a3bd,delivered,2018-02-28 11:16:21,2018-03-01 12:10:14,2018-03-02 16:56:59,2018-03-05 15:22:00,2018-03-13 00:00:00
ebf86cef1e130ba03a39e9e1c73a9115,57b05fd31f60fbcfd8e675acbdc0a54b,delivered,2018-06-13 19:05:07,2018-06-14 18:58:20,2018-06-15 14:17:00,2018-06-25 21:25:25,2018-07-05 00:00:00
a0df4863fc2e5209b03e9c603b6009ae,e860bb31a41c537599ccaa74b1e368a3,delivered,2018-03-21 09:56:34,2018-03-21 10:10:33,2018-03-21 21:08:44,2018-04-04 00:44:40,2018-04-17 00:00:00
67713bd0ca39cfc934fcec04d0fa476a,5d9e83a0b5fa076ad8bd09feeed0eca6,delivered,2017-10-09 20:20:55,2017-10-09 20:36:02,2017-10-19 15:52:17,2017-10-20 16:33:40,2017-10-26 00:00:00
c5ef8c0266eff0d27d9d8f279a2e85cc,a1639709d81006ce206d27501840889d,delivered,2017-11-05 23:00:43,2017-11-05 23:15:35,2017-11-07 18:29:13,2017-11-08 15:36:42,2017-11-24 00:00:00
5d86042018c63cd078fd946e3540d565,5232d20c5ec7076cc2827b96e129672e,delivered,2018-03-30 07:50:05,2018-03-30 08:47:23,2018-04-03 20:14:59,2018-04-16 21:33:43,2018-04-27 00:00:00
4643426e1efe20aaf5f5a7b5c159ee96,8bec3fdae3d207e6e2e7c06dfef1fbae,delivered,2018-06-21 20:29:21,2018-06-23 01:40:30,2018-06-26 19:00:00,2018-06-27 16:36:40,2018-07-05 00:00:00
9583e5c37c1a090275e8af994d6b3231,5f059fa8dad478b357244744aff6e863,delivered,2018-06-10 22:03:48,2018-06-10 22:17:34,2018-06-11 15:48:00,2018-06-14 00:44:29,2018-06-20 00:00:00
2cfc5ee5cb1e43d70d3dd6f28b2b50d9,b362e334c001399cbda74951968b9c9d,delivered,2017-09-25 15:20:44,2017-09-25 15:35:37,2017-09-26 22:42:46,2017-10-10 17:44:45,2017-10-26 00:00:00
91d38275ca75e585338637cc73deeec1,475498fb1a9473fd095e2c52e91ddc46,delivered,2017-11-04 15:04:25,2017-11-04 15:15:34,2017-11-06 22:19:03,2017-11-16 18:18:43,2017-12-06 00:00:00
2b37d2f506ce5ca2dfa10f9ba271e609,fc3e9c3f1e4fce4c1c6e5aa729982c30,delivered,2017-09-01 13:32:57,2017-09-01 13:45:10,2017-09-06 21:34:08,2017-09-12 19:42:31,2017-09-27 00:00:00
cc9f137560ea711d7750050acf6c9ab3,6d8fbd68670028c28a469ed765144113,delivered,2018-04-12 16:01:28,2018-04-13 10:55:20,2018-04-13 22:08:53,2018-05-09 20:43:55,2018-05-11 00:00:00
f14285a51b784d0a199a4e8193fead6c,6d35b6b4d991a944bcb896d13a298ab2,delivered,2018-02-18 15:02:12,2018-02-18 16:08:06,2018-02-19 20:19:22,2018-03-03 17:11:47,2018-03-14 00:00:00
8774d6fb5a8c64bbb720a8271eb207c0,3064a79760daecc32557164058582b7a,delivered,2017-03-05 16:21:27,2017-03-05 16:30:20,2017-03-06 14:01:10,2017-03-13 11:36:43,2017-03-29 00:00:00
080c5db822472f28f4193dc902b9be32,4ef944d200707a726d08ee93ccd5dc3b,delivered,2018-07-30 18:55:02,2018-08-01 02:44:13,2018-08-02 15:21:00,2018-08-06 18:06:52,2018-08-07 00:00:00
da18e3791e41c3b4cc25dc4cab6b1ce8,2bb7eec7d3d3a6114fea4fd5b721a05c,delivered,2018-02-01 09:48:31,2018-02-01 10:11:08,2018-02-05 11:48:40,2018-02-18 14:18:48,2018-02-26 00:00:00
b55e6c8ae6ed71f6db940868b4f1d44c,98b83460f3e1520c356ddf887d1c87f3,delivered,2018-01-09 18:17:31,2018-01-10 10:32:22,2018-01-15 16:23:25,2018-02-22 22:43:00,2018-02-16 00:00:00
77f786b616f184da30df78a7eb228d92,e3e9f4e9f627f0be4418ae5334bcc0c2,delivered,2018-08-18 00:16:00,2018-08-18 01:00:06,2018-08-21 13:28:00,2018-08-22 18:58:39,2018-08-27 00:00:00
e87af6f598445282ba3662fc3cc5c3dc,0a22d8d52773816e0f996063699667e2,delivered,2017-11-22 20:32:00,2017-11-22 20:46:20,2017-11-23 16:34:39,2017-11-28 21:28:56,2017-12-21 00:00:00
e847b3ca683a6e6049b5e7e7373ce9b7,4bdb5509c4bad8d311e2fcc23381f516,delivered,2018-03-20 08:14:16,2018-03-20 08:30:28,2018-03-21 18:38:53,2018-03-23 14:39:22,2018-04-03 00:00:00
b75eb9360ab80bfd5c7ccf7270d447fb,ff2c29eb45040b08d93d6954637852a8,delivered,2017-02-22 15:32:48,2017-02-22 15:45:18,2017-02-23 11:32:46,2017-03-03 12:49:13,2017-03-28 00:00:00
45fb3f449f9ca45f89ba2d2b062e495b,4427125d8551590623a0e4dbbb2e25ff,delivered,2018-02-07 21:15:58,2018-02-07 22:00:27,2018-02-08 23:49:11,2018-02-09 13:58:39,2018-03-20 00:00:00
86278332ca8c82016ab4aa45191c71f4,186471b7d8aa716be1efeb6753759d30,delivered,2017-11-13 23:25:36,2017-11-13 23:36:09,2017-11-16 18:04:38,2017-11-27 19:02:51,2017-12-04 00:00:00
526147ccc6d06def7a933904c19058c8,efb6878f902fb01ff2d904abec9de974,delivered,2018-04-17 22:25:47,2018-04-17 22:35:20,2018-04-18 19:46:24,2018-04-19 20:22:33,2018-05-04 00:00:00
cacb12ecbd3fcaf21b5556085730369a,4c6fadd4f9adab49e2ed14d1960e67c8,delivered,2018-08-05 12:53:45,2018-08-05 13:05:16,2018-08-10 14:19:00,2018-08-23 01:09:34,2018-08-22 00:00:00
eaee2825724ee0ccf396e0d0e61321df,1e09c9e267d988eac6d9bf685aab5870,shipped,2017-03-10 23:45:07,2017-03-10 23:45:07,2017-03-14 13:21:33,,2017-03-31 00:00:00
739ee3ad0ec77a3a878e07dd15508f4c,5767d4465dcba8fad68828553be9f5f4,delivered,2018-06-30 17:05:04,2018-06-30 17:55:11,2018-07-03 08:43:00,2018-07-04 01:18:36,2018-07-16 00:00:00
54e52a2c76449b9a634705a5ae9684a9,6dc07a25c59429bb3dded5bf3545f23f,delivered,2018-06-13 00:24:53,2018-06-13 00:42:36,2018-06-13 13:30:00,2018-06-25 20:29:38,2018-07-16 00:00:00
f3534c412bf7774091285cb7c57ca373,bf91cf44af4339383b10549c105681e4,delivered,2018-02-04 17:40:46,2018-02-06 04:32:25,2018-02-06 21:03:36,2018-02-20 16:29:07,2018-03-12 00:00:00
acd33d438aaea068c69712df3033e09b,47d57a33b121cc0148e40255e14aa146,delivered,2017-11-11 10:40:02,2017-11-11 10:50:31,2017-11-17 19:11:51,2017-11-21 19:43:09,2017-11-27 00:00:00
0b365bbd59e2f75bea276c81bb916dcb,9daff53df6b6fdb6bf1ef391d9138f5f,delivered,2018-04-16 15:11:36,2018-04-16 15:31:35,2018-04-17 19:11:24,2018-04-18 19:41:22,2018-05-02 00:00:00
c486d236b0e92a666f332229a5f23557,1b5a49a439b86dee0e0bf4ddcdf26c76,delivered,2018-06-12 02:28:15,2018-06-14 01:58:12,2018-06-14 14:20:00,2018-06-20 15:02:37,2018-07-25 00:00:00
60b8a11deea4c6884ae1c301e145f695,ffa9c472f0c81705a4d83f9f6463a9bc,delivered,2017-11-11 12:53:42,2017-11-11 13:06:51,2017-11-17 21:12:14,2017-11-28 21:31:43,2017-12-06 00:00:00
4007c8123697940f0574798a18c6ad29,aafe511008ceeac11be1fdab57f9bd8e,delivered,2018-05-26 18:50:39,2018-05-26 19:10:19,2018-05-29 12:47:00,2018-06-05 20:33:01,2018-07-04 00:00:00
102f840f0c7fb82a5e0568624b41b3e5,d61912c15c5759cca29bdf28802d4f13,delivered,2018-06-11 10:46:09,2018-06-11 10:58:58,2018-06-11 14:50:00,2018-07-16 16:42:34,2018-07-03 00:00:00
10266b83757aba75b5fb490bfc84fd64,dca89b5b50128f24b676e979ba84b882,delivered,2017-08-18 10:44:04,2017-08-18 11:05:03,2017-08-21 21:17:24,2017-08-23 14:57:14,2017-08-31 00:00:00
c13d560f9544b046be2c188d33eccb2a,7fdcd2a125c52cf62bd814ec0e3bcf6d,delivered,2017-06-11 16:26:59,2017-06-11 16:42:24,2017-06-19 16:23:06,2017-07-03 15:22:49,2017-07-18 00:00:00
aa600269bffea363cca75ad2d1908903,f89539977cb5c6e5d6ba2e662ed6496e,delivered,2018-01-14 17:46:11,2018-01-16 03:38:42,2018-01-17 02:45:01,2018-01-25 20:58:39,2018-02-19 00:00:00
8b39b1a490a2cc8906ec4b08ef88a40c,b6edb7a52679daccac6fd260922362c6,delivered,2018-01-20 14:28:39,2018-01-20 14:41:33,2018-01-24 15:46:46,2018-01-31 19:13:00,2018-02-26 00:00:00
db8a99e0ff1f9fc4a61e0e5567b5467c,5107d2b396b0320acafcfb6135459021,delivered,2018-07-26 16:12:57,2018-07-26 16:25:26,2018-07-27 13:37:00,2018-08-02 15:24:50,2018-08-10 00:00:00
66565684fb831da6924e8cb4b0e1c2ae,a26c9bd12cc56cc86b48dbce2c886194,delivered,2018-07-18 16:43:02,2018-07-18 16:55:22,2018-07-19 09:22:00,2018-07-23 22:25:47,2018-08-03 00:00:00
08bf457a7ecf8ba28efb48f0add11cca,ab1739c700f4c0dff1afca491040c5e3,delivered,2018-08-06 12:03:34,2018-08-06 12:15:50,2018-08-06 18:18:00,2018-08-09 22:24:38,2018-08-15 00:00:00
e4c6165044d2aacdc886826704d0ba2f,629bbe764de5c93b4e09588c9cd13904,delivered,2017-12-05 12:59:08,2017-12-05 13:13:54,2017-12-13 13:03:03,2018-01-03 19:03:50,2018-01-15 00:00:00
de5c0320a3acd9bb7b5acc242d51d54d,81f0cbc57cee6b95ecb895fa1da8ba6e,delivered,2017-11-12 22:19:09,2017-11-14 04:31:05,2017-11-14 22:19:00,2017-11-28 20:33:33,2017-12-05 00:00:00
b96b0b54d61e5b82857b8d29f7411012,e61aa74044e35b21d8f2219a4d6a7dad,delivered,2018-03-20 16:53:38,2018-03-21 17:49:31,2018-03-23 13:54:39,2018-04-02 20:11:49,2018-04-06 00:00:00
1323fc7bc118e902322367ce662344ba,22bb0ff482309d8f7f93e765a9b90bec,delivered,2018-03-31 19:38:10,2018-03-31 20:27:49,2018-04-03 19:58:41,2018-04-18 21:21:30,2018-05-03 00:00:00
7d0a2a03cb9ccd4712c5215e4fdb0c19,72961bdd9898578b2a35f48bcb3c4b75,delivered,2017-08-20 18:20:25,2017-08-20 18:35:12,2017-08-22 20:13:31,2017-08-30 20:49:59,2017-09-25 00:00:00
6f01b35ce046bc721e6d87e5a073c620,59ba882fbfa53c2068bb4a0787b16bb1,delivered,2017-07-29 11:00:33,2017-08-02 08:32:59,2017-08-01 13:44:56,2017-08-15 17:58:56,2017-08-28 00:00:00
bd80a1b56163c6fcce585462d490ab36,7ef2f20ace2fc981f95637413c5782f4,delivered,2018-07-20 14:35:51,2018-07-20 14:45:19,2018-07-27 07:45:00,2018-08-03 20:27:41,2018-08-14 00:00:00
28b877013b30a7b9edf8ce22fe59087f,676dc133e16631c5a4329fa53d7bfe3d,delivered,2018-05-03 10:18:11,2018-05-03 10:57:07,2018-05-03 13:25:00,2018-05-16 14:03:29,2018-06-05 00:00:00
5890259dc546292bd43919d8a284222b,98e1da5ee50d168187c0a16835e7018e,delivered,2018-08-20 11:25:57,2018-08-20 15:13:28,2018-08-21 14:26:00,2018-08-22 15:52:13,2018-08-27 00:00:00
7eede674247503d84fc645c855298b1f,c0693ea2d67ed729c24899e38cc5ff5b,delivered,2017-09-29 17:58:21,2017-09-29 18:14:20,2017-10-03 19:13:34,2017-10-12 13:03:59,2017-10-30 00:00:00
32f0e397d36f01e44c8c257ceaecf508,652ffeced47320f5f599688f903621cc,delivered,2018-08-02 12:07:24,2018-08-02 13:10:23,2018-08-07 08:09:00,2018-08-10 22:44:37,2018-08-08 00:00:00
57c6f2325e3b62bc7b43fd0b38d8c200,c00db00391f3a7cfbaba3de2a56f844c,delivered,2018-05-18 19:32:44,2018-05-18 19:55:15,2018-05-21 19:08:00,2018-05-22 15:04:19,2018-06-01 00:00:00
11a651b87a97dc13026b8c8e7ea5c47a,c867194534d1372cfe5c9234d62058f5,delivered,2018-08-08 21:43:33,2018-08-08 21:55:17,2018-08-13 15:30:00,2018-08-15 22:51:21,2018-08-17 00:00:00
461a022953c6f3a8573e4e6a38a4d88d,feef2d3e0adf31da426b071891551813,delivered,2017-02-18 11:49:06,2017-02-18 12:31:34,2017-02-21 09:33:47,2017-02-24 12:07:45,2017-03-17 00:00:00
0c2c52fb29b2957f1e4a1e055bcfb5f5,5672aedd63b647c1efe483389f89ac2c,delivered,2018-01-10 23:36:12,2018-01-10 23:48:34,2018-01-22 17:59:08,2018-01-25 16:56:31,2018-02-09 00:00:00
5f4c8250b9e6ee47971e0b19da4aa0f2,14a2912b7f370c345cebcda474774f55,delivered,2016-10-08 10:31:00,2016-10-08 11:12:53,2016-11-09 11:34:00,2016-11-18 16:05:46,2016-12-06 00:00:00
939df834baf3f1ffeb695ce791a7e696,7da93a55a589157b1d2448a50df3efab,delivered,2018-03-09 10:43:32,2018-03-09 10:55:34,2018-03-14 16:03:14,2018-03-17 01:04:35,2018-03-21 00:00:00
58fda12832cc512415ef25b96f1638b4,615bc6f652ae9e04dd51da38da04b240,delivered,2018-07-23 08:58:19,2018-07-23 14:30:53,2018-07-23 14:41:00,2018-07-25 22:03:17,2018-08-06 00:00:00
d388f1e3637cc1288e2ffa7368a9ab22,3fcab34e4df258a8081c47ee3db58832,delivered,2017-06-07 09:39:42,2017-06-07 09:55:17,2017-06-16 13:39:36,2017-06-26 16:13:03,2017-07-18 00:00:00
5012f0f1b371c6d1dffb743758d3c522,104ea0cee356c642a75bb6feb295fe77,delivered,2017-11-26 19:08:30,2017-11-26 19:17:26,2017-11-27 19:09:46,2018-01-08 15:57:10,2017-12-20 00:00:00
fc1d26c4d0639d4e8f684b618b355146,a6314abf76ef0a93e6821a5e9c925de1,delivered,2017-06-04 16:07:59,2017-06-04 16:22:09,2017-06-05 14:05:56,2017-06-06 09:10:56,2017-06-19 00:00:00
53e9eddc6f35cac865b535ed8868d5e3,cb5631027abb1112379204acc679ad00,delivered,2017-11-22 22:28:20,2017-11-22 22:36:21,2017-11-23 21:10:41,2017-12-06 16:43:53,2017-12-20 00:00:00
1f4fe628fee06334b3c7f4a99233700c,641eedb16cd803ea21bb51f4f76b9b55,delivered,2018-06-12 19:50:44,2018-06-12 20:25:02,2018-06-14 14:23:00,2018-06-15 21:24:41,2018-06-21 00:00:00
587cc93c9570b0620ed4d9b9d8d13c23,cfb0d6adbf48b40909d44e1aad378c32,delivered,2018-08-18 20:06:14,2018-08-18 20:15:11,2018-08-20 11:42:00,2018-08-28 17:03:11,2018-08-30 00:00:00
c8a118d2edafad1835b83c6a42145427,d53e45c9cafa9a93e59f7f5c30ea1a11,delivered,2018-05-06 17:40:21,2018-05-08 04:15:26,2018-05-08 10:17:00,2018-05-14 19:12:23,2018-05-25 00:00:00
9502eac77a6fdde265da489d96557785,b2d5e7dbc57493d082219e12d7c990fb,delivered,2018-05-05 21:09:56,2018-05-07 08:52:04,2018-05-08 12:32:00,2018-05-14 17:21:26,2018-05-28 00:00:00
f79d2206d0301d47bc2a623636ea53d1,1309815f779a904c76a5e2398c57792f,shipped,2018-08-13 22:19:59,2018-08-13 22:30:15,2018-08-14 14:21:00,,2018-08-30 00:00:00
5ed3ec02627cdee4cc803950b95aaf02,62ccb3e4d92ff9d183f032bbcc727821,delivered,2018-04-01 16:45:02,2018-04-01 17:30:16,2018-04-03 18:36:58,2018-05-02 19:52:07,2018-04-19 00:00:00
2ec8ddbfe88a339d911208a26f6a8ad5,39c01c306f74fd8357250244fcbe02bf,delivered,2018-03-02 00:07:09,2018-03-02 01:10:35,2018-03-02 22:19:11,2018-03-26 16:36:56,2018-04-16 00:00:00
1006246e3feed80b0a2f83d8364240f7,27ef94da5dd900952d450780482a9df5,delivered,2017-04-08 11:46:53,2017-04-08 12:32:54,2017-04-11 16:33:20,2017-04-18 08:22:52,2017-05-17 00:00:00
66460ca7e4dff034a9ac0ec80c7fdea8,b53116772c5f1961424999a7ff5d0002,delivered,2018-05-16 16:16:03,2018-05-17 10:43:13,2018-05-17 08:40:00,2018-06-01 21:34:31,2018-06-06 00:00:00
331179a115e1b772b2f4ff3f99f0c713,21c34a49ec9e90fa3f33360687f675e1,delivered,2018-07-29 13:30:38,2018-07-30 18:31:19,2018-07-31 14:13:00,2018-08-07 21:28:41,2018-08-24 00:00:00
6f61cfff949f6d2569a44327aaaca639,e59983737bb48a0d4ecc5a37fd27d78a,delivered,2018-06-06 11:54:16,2018-06-08 02:56:03,2018-06-15 14:58:00,2018-06-20 02:20:36,2018-07-20 00:00:00
66a7368cc39c6a3e93415aaf9e9b863a,3276ac875786ae837f3207b218a6bdee,delivered,2017-05-17 14:27:56,2017-05-17 14:42:23,2017-05-18 13:07:47,2017-05-29 16:57:38,2017-06-12 00:00:00
48df5efee08cb975d7a49bac5df66d22,1772349bb1163316ceb2744678ed612e,delivered,2017-08-05 09:27:03,2017-08-05 09:43:31,2017-08-07 19:34:54,2017-08-14 17:39:51,2017-08-29 00:00:00
aceb6154fb83d13825344189f5682606,4dc795d126b1117906a9c93c41e6e0ed,delivered,2017-02-20 15:17:59,2017-02-20 15:30:09,2017-02-23 08:26:13,2017-03-08 12:11:55,2017-03-27 00:00:00
604e8476eddf429624f25bb3615ee6c8,547246bc4e83bd1e8a467664133af423,delivered,2017-12-21 12:25:16,2017-12-21 12:36:33,2017-12-22 19:07:08,2018-01-06 14:58:07,2018-01-24 00:00:00
d39b614462020b03dbd6b14f515137f5,7f6e550bf9f774c6d81fa90cad2bf1da,delivered,2018-05-20 16:34:00,2018-05-20 16:59:24,2018-05-21 15:51:00,2018-06-08 15:56:51,2018-06-21 00:00:00
bc7bc14f585b1879f63e89cb0e4cfa17,942be1042b4ac4e4ef3780b25188fe99,delivered,2017-01-25 10:41:24,2017-01-26 02:15:45,2017-01-26 09:32:58,2017-02-03 12:42:06,2017-03-10 00:00:00
3be8a1f84b766b7847d066e09de464c7,ae341c5b6723efe9e02c3b351028b644,delivered,2018-01-25 14:50:14,2018-01-26 14:39:27,2018-02-01 01:13:12,2018-02-16 17:44:03,2018-02-20 00:00:00
9aa3197e4887919fde0307fc23601d7a,31a4ecf0bd3ea9436b7132bac1a1bdb3,delivered,2016-10-06 13:16:56,2016-10-06 16:06:59,2016-10-14 18:08:17,2016-10-17 19:08:17,2016-11-28 00:00:00
e39bbac2f576136835e2f21b52aeb8eb,43981e5a9d93f53478bc206f92df4b71,delivered,2018-03-05 09:21:49,2018-03-05 09:35:32,2018-03-07 21:10:43,2018-04-11 22:18:22,2018-03-22 00:00:00
914e07017d246eee143555a432b6746e,a41f7c579dd43b7e3de0b0a5a5f796f9,delivered,2018-02-06 14:15:39,2018-02-06 15:55:59,2018-02-09 21:04:15,2018-02-20 13:32:20,2018-02-22 00:00:00
d520b96e396bd11c8861b4310c25388b,980341a4c8369afc8672ef5dadaecd1d,delivered,2018-08-02 19:55:08,2018-08-02 20:10:11,2018-08-03 14:38:00,2018-08-07 15:17:48,2018-08-20 00:00:00
4a1c1edef82d76596ea0209327be3ff5,ba9205e1ca24a9ad48a44f552bbb497f,delivered,2017-09-18 06:21:28,2017-09-20 02:10:15,2017-09-21 17:48:21,2017-09-27 19:38:00,2017-10-03 00:00:00
e213b5e8d4900ec6176f5489d057e5a7,7bbf16684383c0313593bb7e620bd4bc,delivered,2017-09-18 19:00:06,2017-09-18 19:10:23,2017-09-19 12:35:09,2017-09-25 19:04:45,2017-10-10 00:00:00
20080c49efc6113a519f37b79c88c375,d923411b6904f453bb966718a08e3a2e,delivered,2018-05-04 21:29:11,2018-05-05 03:15:09,2018-05-07 15:15:00,2018-05-08 20:48:49,2018-05-21 00:00:00
ee332cda25c408ccf3ac1fd87e351b54,e7505f210f5c07c0a9343aa6e191793c,delivered,2018-03-08 12:50:12,2018-03-08 13:40:29,2018-03-08 22:27:31,2018-03-26 19:47:22,2018-03-29 00:00:00
44cfc5b2ba4522fbfff8c05a8649e538,b1cb57d839a262ae028152874fcd4255,delivered,2018-04-18 15:45:10,2018-04-18 16:18:19,2018-05-09 08:01:00,2018-05-10 17:46:53,2018-05-04 00:00:00
5d70cf2f4894c706c8b0cee59f19b67e,9d3b949fa77c3f6bbf95203e237ece68,delivered,2017-12-19 11:08:36,2017-12-19 11:16:27,2017-12-20 19:06:40,2017-12-23 09:38:35,2018-01-08 00:00:00
eb2a4cb05eada646f0b3fecc33a89f7e,8510621d67f7ec879641131a2d9b3e28,delivered,2018-07-17 17:32:09,2018-07-17 17:45:26,2018-07-20 10:01:00,2018-07-24 17:12:48,2018-08-02 00:00:00
2622673a1a0575cbc8ad8900214a7c4c,1d2f4e03c1c7aefc2435451a4dbed450,delivered,2017-03-14 09:35:56,2017-03-14 09:35:56,2017-03-14 10:42:46,2017-03-23 05:41:17,2017-04-04 00:00:00
c2d9de2193f28a8b964cf36417cbaf92,9bc2456a5cf9a1e1ef2f4fc535da934e,delivered,2018-05-22 18:28:57,2018-05-22 21:18:34,2018-05-29 13:47:00,2018-06-06 14:18:39,2018-06-25 00:00:00
5e51a64decd482cc34e99e406942efc5,748ccb204126f50c1afa1315a1cc0f07,delivered,2018-03-10 23:03:54,2018-03-10 23:40:21,2018-03-12 20:33:41,2018-04-03 19:36:26,2018-04-04 00:00:00
a66719a9e64cf864937c6c2a598d048d,d614da50a33861589e1baa3ff6ffe610,delivered,2018-04-01 21:48:34,2018-04-03 05:35:15,2018-04-04 18:12:17,2018-04-18 17:14:35,2018-04-18 00:00:00
1aabb89e94999e16f85a4a0078935996,e664e4068445047f27a0acaebf62f08d,delivered,2017-06-21 12:47:04,2017-06-21 12:55:28,2017-06-22 13:53:51,2017-06-23 11:39:28,2017-07-04 00:00:00
21ac7b9aaf4cb4e41aa7ed2722a0c2ab,d961544083cc8837794f0fe258f812e0,delivered,2018-05-23 18:30:11,2018-05-24 18:38:42,2018-05-28 13:08:00,2018-06-06 19:04:50,2018-06-29 00:00:00
d6b11927bdeea5f5786a486aa301d183,dc1797695511e21ed538efc9570e9751,delivered,2018-03-04 16:30:29,2018-03-04 16:48:37,2018-03-10 04:24:48,2018-04-02 23:28:57,2018-03-29 00:00:00
f36d049775f796795ad32ae00310ee97,e156bebab621b24c406b0e48bdae60ee,delivered,2018-06-04 15:09:30,2018-06-05 04:12:29,2018-06-06 14:17:00,2018-06-08 18:03:21,2018-07-03 00:00:00
366e36538aace156a4d280994494b604,96330b0f406163eb357a8c6085b841f6,delivered,2017-10-11 20:45:40,2017-10-14 03:37:06,2017-10-20 14:24:00,2017-11-01 20:35:51,2017-11-08 00:00:00
29f95ab000e30a2a4dbeedb73c7357f2,a13f758577dd5c5b1b1897f294c2da52,delivered,2017-09-18 20:42:08,2017-09-18 20:55:17,2017-09-19 15:09:31,2017-09-20 20:13:23,2017-09-28 00:00:00
be40003fbcabb63c85ff36dc4a85b5be,fc5d211c2af467dde5101c7f2b6d3341,shipped,2018-04-01 12:49:56,2018-04-01 13:35:16,2018-04-02 23:24:53,,2018-04-20 00:00:00
f4d8046ef75f7f0f6cb957b00531b6f6,9fa0823c5a0aa74a619092da448119c4,delivered,2017-08-10 20:14:49,2017-08-10 20:30:16,2017-08-14 14:14:10,2017-08-21 18:15:50,2017-09-04 00:00:00
364902ee32c640aa17aa3c6dd3f3f7ac,5df005f2bb20b314a7eafb23d8366886,delivered,2018-01-22 00:15:05,2018-01-23 03:39:29,2018-01-23 20:45:03,2018-02-14 20:28:33,2018-03-09 00:00:00
dd8c2ff157394afacbcc50a161e1af4e,7aa9979edeecc4c0748cfb942a7850db,delivered,2017-07-14 09:18:17,2017-07-14 09:35:11,2017-07-14 19:52:33,2017-07-24 17:52:07,2017-08-07 00:00:00
4677e6e3e54b79b7ae98dede52d8f2b0,61e64c5257a4101a66a2e65228e1191a,delivered,2017-10-05 16:31:34,2017-10-05 16:49:24,2017-10-09 22:12:36,2017-10-30 18:38:36,2017-11-16 00:00:00
51e36ac90c090cef9d73b8acb1da94a2,2caaca1985bb7a8d6ee344b17faff467,delivered,2017-05-16 12:35:35,2017-05-16 13:10:48,2017-05-17 16:25:57,2017-05-24 16:13:42,2017-06-14 00:00:00
dae83470e95e9cf80cf6bcb0fa345777,745234400e5dfd47504becedf6927d24,delivered,2017-05-14 20:20:55,2017-05-16 06:35:24,2017-05-16 14:09:13,2017-05-24 15:32:51,2017-06-22 00:00:00
d0861c31e8cc76e343df9aa7c2a26dec,758cba92731c9677b85afbe87fc7e52c,delivered,2018-01-06 20:08:51,2018-01-09 07:19:07,2018-01-10 19:59:33,2018-01-12 21:51:30,2018-01-31 00:00:00
d79c53e4a7aa2167e15ead7cbbda2907,d3f58086beeedf69f3244e74a5c7a10a,delivered,2017-06-01 11:15:09,2017-06-01 13:05:36,2017-06-05 12:23:45,2017-06-12 09:34:44,2017-06-22 00:00:00
b8b12c952ae497fb7389315cd2a101e1,6ad88901476634d2b8a05573b3132f22,delivered,2018-07-08 20:25:31,2018-07-08 20:45:16,2018-07-10 15:03:00,2018-07-26 03:51:03,2018-08-10 00:00:00
0770d6621e5900694909ea4a6236da14,1b98ceeebae34df2dd185d643c329671,delivered,2018-03-11 17:43:41,2018-03-11 18:08:24,2018-03-13 18:36:40,2018-03-23 16:36:38,2018-03-28 00:00:00
05d7aaa733ad65477075a3b5bf0f1017,615186aa8a5e60ec87fa86010f582551,delivered,2017-10-22 08:18:52,2017-10-24 03:49:38,2017-10-25 19:17:34,2017-10-30 19:42:36,2017-11-09 00:00:00
f5512d0d1c39a1bacc843bf5a89b7f04,6ef5c320fc470396de760790087ce396,delivered,2018-02-13 15:18:52,2018-02-13 15:30:24,2018-02-15 20:53:12,2018-02-27 15:29:36,2018-03-19 00:00:00
999ecbda5d7b314b856c71e7bb73d8ee,aaf8739dd1632d44d51e010a52695f05,delivered,2018-08-13 10:40:08,2018-08-13 10:55:21,2018-08-13 15:50:00,2018-08-16 18:26:40,2018-09-11 00:00:00
b4d23e6126fce26562cf8bb6b5ae876f,f25d1202670064ec91e10d3575474dca,delivered,2017-10-19 23:21:56,2017-10-20 01:26:30,2017-10-20 18:39:00,2017-10-25 19:33:08,2017-11-13 00:00:00
cc5161712eb3121670b819908ada7032,24e5769f6d2997653d33cc6a5b9efea2,delivered,2018-02-25 16:28:44,2018-02-25 16:47:56,2018-02-26 19:47:25,2018-03-02 22:48:25,2018-03-19 00:00:00
3443749ed04d4b33597a21fc22e24a4b,e4df5880b01ba6d4f9cb7b9188bc80e5,delivered,2017-09-14 18:54:12,2017-09-14 19:10:21,2017-09-15 21:32:38,2017-09-29 20:47:49,2017-10-09 00:00:00
9cd835ca1f7889a20d3ab1781d3de6b6,20157ee8db3d730ffe2ecf3db2cb7532,delivered,2018-05-16 15:28:07,2018-05-16 15:59:28,2018-05-17 11:05:00,2018-06-12 16:44:52,2018-05-30 00:00:00
256aa0d2a3a5be766036105a251aac9b,b98eec5515037585fa2083f6e6b787db,delivered,2017-05-01 20:08:30,2017-05-01 20:22:21,2017-05-10 15:24:34,2017-05-23 10:48:01,2017-06-02 00:00:00
47edf91f32703b4aa658d3a46efe489a,57881fc15493fac5cc61d7891e5ca3d7,delivered,2018-02-27 21:57:32,2018-02-27 22:08:26,2018-03-02 00:14:53,2018-03-21 23:33:09,2018-03-27 00:00:00
b951fda86def0277a8416cbe5e7389e0,ae7c76a0d9636a9f63bd4e8b54f8ecc6,shipped,2017-09-02 13:58:41,2017-09-05 04:24:42,2017-09-05 19:42:16,,2017-09-15 00:00:00
9064fc8504c44f267ab2b72c9175b853,916fb10981067df1cd35e89eb615ccce,delivered,2018-02-19 08:41:34,2018-02-19 08:55:48,2018-02-20 23:11:40,2018-03-02 20:58:34,2018-03-14 00:00:00
110da2b3965b649ac4bb999200ab9133,979f7f0b911e84cf3ea55247fa147bd5,delivered,2018-06-27 17:21:22,2018-06-27 17:35:11,2018-07-04 12:02:00,2018-07-10 23:29:31,2018-07-25 00:00:00
54e78383150f4a775184e7e32ea6ce09,e36d38c4df7455eacb149e548fa69b6a,delivered,2018-03-02 22:46:35,2018-03-02 22:55:40,2018-03-08 19:58:28,2018-03-15 20:05:42,2018-03-22 00:00:00
bbc448e5b131e7b862e4a165fccacfaa,02bfd28debf51f86e1d6ef72c84075bd,delivered,2018-04-23 19:35:39,2018-04-24 17:22:46,2018-04-25 15:02:00,2018-05-10 13:48:38,2018-05-11 00:00:00
dcecdd858263bdafd81590e1ad00997d,52e7afdd9cd91f91e3667ab51a53fe3d,delivered,2018-05-11 10:45:30,2018-05-11 11:08:56,2018-05-14 15:47:00,2018-06-05 23:04:00,2018-06-11 00:00:00
f4b7dd32932ce541611390cebb64b110,9fab04dc9d3e7a724b546cf3ca3ba3bb,delivered,2018-08-07 19:13:54,2018-08-07 19:30:29,2018-08-08 11:04:00,2018-08-10 17:38:05,2018-08-21 00:00:00
31ce9eca5cbb13db5867cc427003c308,52f2fc0a134744dda95b31ef8aabc167,delivered,2017-07-26 21:58:26,2017-07-26 23:33:23,2017-07-28 16:11:30,2017-07-31 17:04:10,2017-08-11 00:00:00
d9d3adfb459cf80f45139992eb4283e5,6b250e93a9fe0049b1ed533c40c09dc5,delivered,2018-04-06 19:26:19,2018-04-06 19:49:13,2018-04-11 20:52:33,2018-04-18 03:03:56,2018-05-07 00:00:00
7deb5565bced95f67ceac6f5dc57d4f4,5a91625bc8965ebc869d9e5247df4673,delivered,2018-01-22 13:46:07,2018-01-22 17:37:02,2018-01-26 13:52:50,2018-01-29 17:28:00,2018-02-06 00:00:00
6540b761399c20157fb3fdbf2bb13380,c9a19c32c0cc8ad6f7386bbf46beec0c,delivered,2018-08-16 21:44:01,2018-08-16 21:55:21,2018-08-17 16:51:00,2018-08-27 14:48:35,2018-08-30 00:00:00
afccf88c36161bee5115afcc8fe3cdad,05fdaa94a8d41275bce5b1b1ab5a6733,delivered,2017-04-01 10:03:35,2017-04-04 06:02:33,2017-04-04 15:55:44,2017-04-13 12:26:19,2017-04-26 00:00:00
9f16c9e6abad918e90460e42f7b9d645,60509bada328e6c2341f67c3d58d5cad,delivered,2018-07-23 10:04:28,2018-07-23 14:30:50,2018-07-24 10:23:00,2018-07-27 17:08:46,2018-08-09 00:00:00
3409538db935345d2d9bf4e77cd2a5d3,43d5d4295c035d739e21dae22f2925de,delivered,2018-07-27 22:07:59,2018-07-27 22:24:21,2018-07-30 11:14:00,2018-08-27 18:12:42,2018-08-23 00:00:00
3cf422cc081dcaf5ba0068fa5ef709bf,24f5f4ebd84cae15572166b02dfd84d0,delivered,2017-03-19 12:39:45,2017-03-19 12:39:45,2017-03-20 10:14:15,2017-03-24 10:25:04,2017-04-10 00:00:00
3c87d7e874618030c19e7e58d04556a5,ca9797a749eec5f81c55de42f8d6f176,delivered,2018-06-06 19:03:21,2018-06-07 18:55:52,2018-06-08 16:55:00,2018-06-14 16:34:46,2018-07-12 00:00:00
5f4488ffadc1defe6b015c8c6e128c46,f3ecee3a2b41fac72ec039125b81de2c,delivered,2018-06-29 13:11:40,2018-06-29 13:30:30,2018-07-03 12:16:00,2018-07-06 11:18:52,2018-07-19 00:00:00
2cce0ab2d6614c249034fa8db2148498,2d7c25190287a7d0af522e72af1ff871,delivered,2018-02-16 17:30:29,2018-02-17 03:35:45,2018-02-21 22:39:20,2018-02-28 23:11:42,2018-03-15 00:00:00
77af320be1815e066c2ac8510e9402b6,01d37fd98e7840efad07c60bea966fca,delivered,2018-05-09 10:55:30,2018-05-09 11:11:45,2018-05-09 13:41:00,2018-05-11 12:34:20,2018-06-01 00:00:00
79c2ffc2f003219f466be98942ec35ae,34e961b4e51f96d51c1f907ad95c2525,delivered,2017-02-05 20:24:12,2017-02-05 20:35:10,2017-02-06 11:51:47,2017-02-22 13:19:52,2017-03-10 00:00:00
e1dce34866435728863bd0fb8930d737,972a4b24c4fda5f5c961f00ceb0501be,delivered,2017-12-29 12:49:47,2018-01-04 23:17:29,2018-01-09 22:55:53,2018-01-16 23:09:22,2018-02-01 00:00:00
e38573f7a3dc73addbbd97817bd0369e,110c3f74110dc10d18670b7971d1ff31,shipped,2018-07-18 09:01:50,2018-07-18 09:10:13,2018-07-20 15:07:00,,2018-08-06 00:00:00
f91346a89554e0c864ce1007a89eaad9,8bb04acf8749d480b0952313c6226bd8,delivered,2017-11-24 13:31:04,2017-11-24 15:52:49,2017-11-27 21:32:46,2017-12-12 22:49:02,2017-12-18 00:00:00
b51edc2e9375a9cc6fd96daf82dcfab8,aab80f9b1d664586c530e24c6d49b3bd,delivered,2017-02-04 19:06:49,2017-02-07 04:03:19,2017-02-08 11:48:03,2017-02-15 15:38:51,2017-03-15 00:00:00
f399b61f3b5a3c117d985eb619fa164a,819f78e040c8f6f49bb5a5d2b9894018,delivered,2017-11-21 23:33:51,2017-11-21 23:46:46,2017-11-22 20:58:37,2017-12-01 19:13:32,2017-12-18 00:00:00
ac671821bd5734df83eff3f6fcc94e9c,316610fda13708cef18f81185f69d7eb,delivered,2017-06-09 15:29:53,2017-06-09 15:42:07,2017-06-12 09:45:34,2017-06-27 12:59:54,2017-07-04 00:00:00
f1d6313ed30c82ba1523aad41c60685e,94cebf039d51a5f2a69abc82dd162a00,delivered,2017-06-19 19:20:51,2017-06-19 19:30:18,2017-06-20 15:30:39,2017-06-26 16:36:28,2017-07-14 00:00:00
7053a93a4b7b5a66f27138c4bf8e1307,91cc176c80a752e26946e32b24b00194,delivered,2018-03-29 17:21:58,2018-03-29 17:30:56,2018-04-03 23:25:22,2018-04-06 01:56:40,2018-04-11 00:00:00
e51a65b081fdd3d9ae9c8935d326990f,b0dbb607f2633bea12712b54bdb61ea2,delivered,2018-07-15 20:07:51,2018-07-15 20:25:29,2018-07-17 07:02:00,2018-07-23 14:46:44,2018-07-30 00:00:00
7c65969e2451dfffe9537d696472390e,d1d81a8e87c0ba381cd13f2d8c4413f1,delivered,2018-02-21 12:23:15,2018-02-21 12:35:17,2018-02-22 23:33:06,2018-02-27 22:48:32,2018-03-14 00:00:00
550d67c58e5a9c64c7a4f15c8bda75e3,4a95dc2aca43bd7fbbc7642571dae7b8,delivered,2018-04-29 19:45:16,2018-04-29 20:15:03,2018-04-30 14:51:00,2018-05-22 19:32:53,2018-06-04 00:00:00
933b8ec7305b79bf5057f495364a7f20,0b27725e97cb4b6100a8a01b288cead5,delivered,2018-06-23 20:54:33,2018-06-23 21:15:57,2018-06-28 12:34:00,2018-07-24 19:27:29,2018-08-06 00:00:00
fe11e7a52ece42d51b5e36aeeec40922,ab663954a5a177bf7cc5b40f7050aa87,delivered,2017-11-23 09:27:47,2017-11-23 09:48:41,2017-11-23 16:11:47,2017-11-27 18:37:11,2017-12-11 00:00:00
fe07292e1a88c0c8b22fc45b58da8110,62ca923cee9de768fc20844b87b649b2,delivered,2017-11-13 14:13:02,2017-11-13 14:30:45,2017-11-17 17:52:11,2017-11-29 01:00:11,2017-12-05 00:00:00
42bda77d1a64e7ca7759d3bb9dc54843,ffa9397f0649027d0d3dbffd8e542553,delivered,2018-04-25 13:08:09,2018-04-25 13:31:47,2018-04-25 14:30:00,2018-05-07 19:35:45,2018-05-18 00:00:00
2b0b75a2e7ebb3fa4a95e3b6ab121e86,b11a2f97e75e3cd6a422b4112f4fd318,delivered,2017-10-05 20:07:05,2017-10-05 20:24:42,2017-10-09 13:37:04,2017-10-10 19:02:44,2017-10-24 00:00:00
80b3144642f81210b2759d2ae93566e5,5b1c50ae703e657c8f0b3e0a60325e39,delivered,2017-04-13 16:53:02,2017-04-13 17:05:09,2017-04-17 11:42:18,2017-04-20 12:31:01,2017-05-12 00:00:00
66f8f6c709c3da6671518cc9b9798c5e,e4c533eef245b6abc3733edb3135f74e,delivered,2017-09-01 15:48:11,2017-09-02 15:55:14,2017-09-04 15:27:59,2017-09-08 16:33:48,2017-09-21 00:00:00
e69e0e370bc1f3ab3df04b1394c6b06b,fe77d12e9cdcdaaa8a63e32892c69ffc,delivered,2017-04-22 19:42:02,2017-04-22 19:55:07,2017-04-24 14:55:35,2017-05-02 12:59:37,2017-05-11 00:00:00
d4f7b7fdd579913c3de8124f653eb667,0f665761c771caf3c48c6fb4f5d35f95,delivered,2017-09-05 14:34:50,2017-09-06 14:43:56,2017-09-08 15:28:59,2017-09-18 20:27:29,2017-09-28 00:00:00
23cb58815b6e6ba073afff7d37258dfb,5a7d61368fc23bac656d669aa49702ab,delivered,2018-08-02 12:05:14,2018-08-03 02:50:39,2018-08-06 12:51:00,2018-08-08 20:20:55,2018-08-15 00:00:00
7b0b61ecb9fcc703df7c0e82844ca4a3,1487098a1d83d17bd6b04c1fbe1aafb7,delivered,2018-05-04 22:23:55,2018-05-04 22:35:17,2018-05-07 12:21:00,2018-05-11 17:11:44,2018-05-30 00:00:00
cd4a39bf33083486dd4d1eaa70907ce8,775fd1046cb2538d5c7bcd70e3c0f152,shipped,2017-09-05 12:16:38,2017-09-05 12:25:22,2017-09-12 21:11:50,,2017-09-26 00:00:00
b4a08789594a9cdd990a4540d4e7efe8,62184d518d7c467ac5c2e22757830a73,delivered,2018-05-09 10:38:44,2018-05-09 10:55:18,2018-05-11 08:17:00,2018-05-18 18:22:50,2018-06-01 00:00:00
4d5454c529c7a8cb61818f0f24c0d115,076933dfa56c84230b2965c7cab486e1,delivered,2017-08-09 22:32:28,2017-08-09 22:45:17,2017-08-10 18:47:42,2017-08-12 10:13:58,2017-08-24 00:00:00
0e490dd9ff8d1bf7259c4265f49bd577,75aa1071d01b766bb4b3e8b8d613555d,delivered,2018-04-19 21:25:22,2018-04-24 18:06:04,2018-04-24 00:18:41,2018-04-30 21:33:34,2018-05-16 00:00:00
3249acacf413f55e488c452cf8b84651,6fffa27cfddc888045cce01bcc62e2dc,delivered,2018-05-07 17:08:23,2018-05-07 18:09:59,2018-05-08 14:06:00,2018-05-18 13:31:51,2018-06-06 00:00:00
a5de8a72ffd64d3a73ae50d6fdac540a,74502fbbbd38239f24de0a6f23fb80bf,delivered,2017-11-26 21:54:41,2017-11-26 22:12:04,2017-11-28 01:03:08,2017-12-04 19:52:11,2017-12-21 00:00:00
a5a5b331d29606783958e39e046d4024,b2087c518b90ec42acbaa68e517a5452,delivered,2017-09-28 21:03:18,2017-09-28 21:15:13,2017-09-29 20:03:10,2017-10-09 18:44:56,2017-10-20 00:00:00
874315445af6a82710d4b4bc4ed0dd4e,6e278147fa4b248ed3961c92b4192ccb,delivered,2018-04-21 20:27:54,2018-04-24 17:25:11,2018-04-23 19:03:47,2018-04-24 19:52:06,2018-05-10 00:00:00
5a39ba43f671c9ad40782147ec3a1997,4dd6a13c6c65cd631948933e090067ba,delivered,2018-07-17 08:33:55,2018-07-17 08:45:17,2018-07-17 13:11:00,2018-07-27 16:51:14,2018-08-06 00:00:00
83b6bfe22905fb3ba851da5f182c1e63,f23ee5ae660d7939c947e772ab522000,delivered,2017-06-07 21:56:53,2017-06-07 22:05:11,2017-06-08 13:39:37,2017-06-14 13:48:19,2017-06-30 00:00:00
9eff67e8c9f0810c3ee0038f915a84de,a89e35944706114deed6eae2e2996e88,delivered,2017-10-25 09:18:21,2017-10-25 09:35:12,2017-10-25 19:08:01,2017-11-16 22:33:15,2017-11-23 00:00:00
08a893d69f0279b78939b77cffeaebaa,b4b7b6904f73bb50942b2af1abec52a8,delivered,2018-01-06 16:41:41,2018-01-09 07:27:43,2018-01-09 17:04:46,2018-01-19 21:39:06,2018-02-07 00:00:00
6d3a35145c6143c2315b64321be56041,3cffe66f70295fc7d99164d6558d275a,delivered,2017-07-27 21:49:56,2017-07-27 22:05:42,2017-07-28 18:02:41,2017-08-02 12:49:42,2017-08-10 00:00:00
d4668cd8ef48b78df597195703c95da2,54f755c3fd2709231f9964a1430c5218,delivered,2017-08-10 13:01:54,2017-08-10 13:23:32,2017-08-14 19:44:58,2017-08-21 13:42:55,2017-09-01 00:00:00
7b78cc6982a3e84c736e54249ed7612c,396f0d7e58d965bbf8dc3d6c451b6ac9,delivered,2018-07-27 16:50:27,2018-07-27 17:04:35,2018-08-01 14:12:00,2018-08-04 16:33:36,2018-08-29 00:00:00
1f3c5d4d3ca0267099a4c67b2cb29bd1,b7fb21c852e26ad6058ee7e4f8cb2f0a,delivered,2018-08-10 10:53:30,2018-08-10 11:05:14,2018-08-10 12:11:00,2018-08-24 12:38:44,2018-08-29 00:00:00
1a36784e5c696071dad8a242f26b230f,600a3fb4f5eab2e7de4eee159be73c81,delivered,2018-01-16 15:53:41,2018-01-17 03:36:48,2018-01-17 17:09:06,2018-01-24 17:42:56,2018-02-06 00:00:00
a9c6c0298a1b91a7e66a387df066e225,bd989dd640bbac52bbb0fd92fb8539ac,canceled,2018-03-19 19:10:23,2018-03-19 19:28:31,,,2018-04-06 00:00:00
96b8b6e55e0d6d20bc63d7a6b6633510,b5f141dfc0471a3b1d97090a1e9b00a1,delivered,2018-07-01 20:10:36,2018-07-01 20:29:57,2018-07-03 07:18:00,2018-07-13 00:18:46,2018-07-26 00:00:00
b715c631fdd01580d9de3ed3759523c7,14d0a56007d15cde2d14e47edd0ef3c1,canceled,2018-02-17 20:24:59,,,,2018-03-12 00:00:00
8ed712c31224f9fd94ce2e6887b46f89,e37ee50aa10bb9a706c36e25989dfcd0,delivered,2018-03-20 19:57:30,2018-03-20 20:48:14,2018-03-22 21:39:54,2018-03-29 22:48:42,2018-04-23 00:00:00
66de0095e3cd190938887b524433e56e,4568b6ca77fd9f28ed5ba06a4a8f2e6a,delivered,2018-04-13 19:45:22,2018-04-13 19:55:16,2018-04-17 18:16:33,2018-04-25 17:51:13,2018-05-23 00:00:00
1e7a7f6b2d73e0695ca934a7a66cc771,d12c377e555fc8f70dd41fd3150f02c3,delivered,2017-12-09 21:58:48,2017-12-09 22:11:28,2017-12-11 18:27:16,2017-12-15 12:12:47,2017-12-28 00:00:00
18ddc3c409bd61beb6c3c455954278c0,19f1753fcb718f9b763a0763e79ee15e,delivered,2018-08-15 11:12:49,2018-08-15 11:25:19,2018-08-15 13:45:00,2018-08-20 17:34:41,2018-09-13 00:00:00
bc34d5b185152cb88b9f5db391dcd1cb,9a3aaf9447f2fbd34372e69398b2ede3,delivered,2017-04-03 17:54:02,2017-04-03 18:05:17,2017-04-05 09:53:19,2017-04-10 16:37:06,2017-05-03 00:00:00
b3a88e8c72e5e7747aae1dfac838de6d,3496ae519f723f833df3bf7790d0ba20,delivered,2018-02-07 12:31:15,2018-02-07 12:49:48,2018-02-09 20:54:52,2018-02-22 00:04:24,2018-03-12 00:00:00
f50c508e5c3935a9cb46f735e630d88a,2dff57eef8db58c68868884a7ee65188,delivered,2017-12-29 12:49:28,2017-12-29 12:58:45,2017-12-29 19:48:19,2018-01-19 16:54:03,2018-01-30 00:00:00
578d7094e744d84a1f539b5bf4aa4928,195a368bf46da84aea2a4af79be3d705,delivered,2017-11-09 08:50:03,2017-11-09 09:06:43,2017-11-10 17:58:30,2017-11-23 19:28:48,2017-12-07 00:00:00
fe0c59004b59a99b0240ce5facde84eb,210b531c6ac741591472a7d84c7c8504,delivered,2018-07-18 21:37:15,2018-07-18 21:50:48,2018-07-19 14:27:00,2018-07-26 18:17:45,2018-08-13 00:00:00
bb2ac53ccaab4c3c0fcd31fa2d1ddeb1,70ad61b9127ce58da649e90f57400914,delivered,2017-04-18 06:47:57,2017-04-18 07:50:15,2017-04-20 10:44:39,2017-05-10 15:21:48,2017-05-11 00:00:00
0ac247d71d19fc1748abb7e53af648af,299ee5cfb15f32e8b06e6e1acb6ad111,delivered,2017-11-19 18:09:45,2017-11-19 18:26:18,2017-11-20 14:07:20,2017-11-29 13:48:47,2017-12-08 00:00:00
a5375fe8e7f2960019edf0fff68c58fb,793cedb8195559c0baac76414a3fd0de,delivered,2018-07-05 10:05:41,2018-07-06 02:51:09,2018-07-06 11:15:00,2018-07-10 18:59:45,2018-07-31 00:00:00
3a13ffce1e0ef24cc710957be4cb9054,e183c0716e28ed5302eb1a3bf6d316b0,delivered,2018-06-24 17:38:52,2018-06-24 17:59:33,2018-06-26 16:10:00,2018-06-29 17:35:40,2018-07-13 00:00:00
ff10c3dea2b30e7d7c33c946999a4766,87d42d329efd998620e3892bb14ff360,delivered,2017-12-05 11:42:44,2017-12-06 02:50:25,2017-12-06 21:19:10,2017-12-11 17:37:18,2017-12-29 00:00:00
56d41d6576e901ff789906da40878acb,3260cb112577bab3c5bd001354753395,delivered,2017-09-22 18:07:12,2017-09-22 18:55:17,2017-09-26 17:36:58,2017-10-09 19:03:02,2017-10-09 00:00:00
66f2c4c74ef2402a34e32b0156a627bf,5d7dc2dff569dcf724eb12ec50740e2e,delivered,2018-07-23 18:32:26,2018-07-24 10:31:39,2018-07-24 13:07:00,2018-07-30 13:27:46,2018-08-14 00:00:00
e04d2191af862183e0ebda80377a6a32,fd21c14f33f4bcdf2ac9b4073583ca64,delivered,2017-12-14 17:09:40,2017-12-14 17:31:51,2017-12-18 17:04:53,2017-12-21 18:04:19,2018-01-10 00:00:00
28553df1da816f76ae87bb32739cd4b5,70e4bf1c9bed1dc7fa8832de9db14206,delivered,2018-01-31 23:38:14,2018-02-02 02:55:51,2018-02-05 16:46:49,2018-02-16 00:13:48,2018-02-23 00:00:00
c60956035ba2a58820be572c70648e28,cf8d32a331cf6e8701c67ada9636e563,delivered,2017-12-27 23:40:30,2017-12-27 23:48:29,2018-01-04 12:13:16,2018-01-08 17:50:20,2018-01-22 00:00:00
b7ae858ca9cd4860f4e6516a5e9c4550,652d0136fba9bf02e5fcb9de9743bd46,delivered,2018-08-18 12:32:13,2018-08-18 12:50:39,2018-08-20 12:20:00,2018-08-28 02:32:00,2018-09-12 00:00:00
3570e34137f62140285ee90fed63ec69,6d14606e3ddd608c8f13e97950fc146f,delivered,2018-03-09 08:01:15,2018-03-09 08:48:23,2018-03-13 00:38:49,2018-04-20 00:28:46,2018-04-10 00:00:00
bb0165d4e039c23561d22f29114b65a6,d3d596b51f9960c22b4b23d37b116c46,delivered,2018-06-10 10:57:25,2018-06-11 10:58:56,2018-06-11 13:52:00,2018-06-25 13:48:30,2018-07-11 00:00:00
bc7401d98fe2814849de2404e3ebd9ad,28a451491753dc3f4c52bb8dfea902aa,delivered,2017-03-31 13:14:16,2017-03-31 13:25:11,2017-03-31 19:33:03,2017-05-17 17:14:59,2017-04-27 00:00:00
1e990969647161e2907245c2f1460b42,b4d86b43e329b3b6208ad60b28f37789,delivered,2017-06-19 17:32:59,2017-06-19 17:43:10,2017-06-29 13:44:53,2017-07-07 20:46:35,2017-07-18 00:00:00
e0fc6abd74320ea468f697164f069f8d,45de0b4bc6b0aaa0d55bde3d3c7a020c,delivered,2018-04-05 15:01:49,2018-04-05 15:10:17,2018-04-07 00:56:35,2018-04-12 02:21:40,2018-05-04 00:00:00
70a1ce56d693a1a8142d48883989f08f,786a8055ff0d4ba3059cbd34e1fe64fc,delivered,2018-07-18 17:02:27,2018-07-18 17:10:21,2018-07-20 15:43:00,2018-07-28 17:51:07,2018-08-15 00:00:00
03f0804333673c7f86f8d68acd97e57b,6f252cf918b69b50e64e942ab59c91bb,delivered,2017-10-13 20:45:20,2017-10-13 20:56:27,2017-10-19 21:05:03,2017-10-25 20:25:56,2017-11-08 00:00:00
08a79aa47b2dc809df77206f0660fe5b,dc1368b3293e8248d7af56d7ba24273d,delivered,2018-05-01 13:17:07,2018-05-03 04:12:45,2018-05-09 14:11:00,2018-05-22 20:14:49,2018-05-30 00:00:00
c763b2c3f5df44712f4c646f9c28c0ef,9fa02e8c25bc8840ce5d37fc672ca660,delivered,2017-02-19 23:40:19,2017-02-19 23:50:10,2017-02-20 07:20:29,2017-02-23 08:34:06,2017-03-17 00:00:00
452d8278c6367e37c5e6d41fab2747d5,a6543eeffe9910be4170f5ef3766fdc8,delivered,2018-02-12 20:50:40,2018-02-16 07:47:09,2018-02-17 01:14:44,2018-02-22 22:19:46,2018-03-08 00:00:00
f6b0d97a919d6bfe7394a370b8f5f678,10068578ee713a44662a603d6f9e3e65,delivered,2018-07-19 23:29:05,2018-07-19 23:45:13,2018-07-30 15:14:00,2018-08-01 20:03:47,2018-08-06 00:00:00
eed5f84919d668737e50dac75a4ebbd4,4d25fb9f5e7979383338f6c96ef28de0,delivered,2018-04-26 08:28:56,2018-04-26 08:50:07,2018-04-26 13:24:00,2018-05-04 17:28:40,2018-05-25 00:00:00
b66836a7408ecc382cdd4be702060220,d3e82ccec3cb5f956a38d96c057ceaae,delivered,2017-03-18 14:28:34,2017-03-18 14:28:34,2017-03-21 04:58:19,2017-03-29 16:20:10,2017-04-12 00:00:00
0a87a60c5403e51a0e85e4ed7c3c2bdf,794078f0249dad457401b52a38fa2b58,delivered,2017-11-24 15:13:48,2017-11-24 17:54:15,2017-11-27 18:22:19,2018-01-04 21:48:44,2017-12-15 00:00:00
362aa88dd1265e7b4ea491b5836fb5f6,1be0dd2f660a5a04ee20d608075f1b83,delivered,2017-05-16 17:42:20,2017-05-17 02:10:12,2017-05-17 16:14:24,2017-05-29 09:47:51,2017-06-22 00:00:00
18359b5c4af7752b7d351c7a53b85641,eb45ccf47b0ad6454b040f1282d15139,delivered,2018-03-22 22:19:04,2018-03-22 22:30:34,2018-03-23 22:12:10,2018-04-02 20:04:31,2018-04-11 00:00:00
ab3bd9f18dd9f2de792a4bc122f64d1d,a66784ff4cb97a61c0919258fb16dba4,delivered,2017-06-01 12:44:29,2017-06-01 13:10:44,2017-06-02 13:55:54,2017-06-12 16:18:52,2017-06-27 00:00:00
684efbf26d410566cf8506a4ab01bdab,62c11d5a0b49aaf81297d26b0bd9fb8f,delivered,2017-09-26 19:30:58,2017-09-26 19:49:13,2017-09-28 17:40:12,2017-10-06 15:12:41,2017-10-20 00:00:00
236087c146bdb55ebd6d5316b00308d9,ef9469a7b82e328d2ce3b4a4c86c96d8,delivered,2017-10-12 21:11:14,2017-10-12 21:28:10,2017-10-18 22:36:19,2017-11-17 18:22:43,2017-11-21 00:00:00
b116018d4629bdd3363848a36c42861e,7c9258c180a39fcdf8ed6ed4f91592c0,delivered,2017-05-11 22:32:35,2017-05-11 22:45:35,2017-05-12 12:45:25,2017-05-20 19:54:35,2017-05-31 00:00:00
e5b49ba394e6b590bb09d99929f32d7a,876c67ee4b8f2dee64bff18884e3dd5f,delivered,2017-12-28 11:33:22,2017-12-28 11:46:32,2017-12-29 19:32:58,2017-12-30 14:29:03,2018-01-17 00:00:00
f4ce2fdf151310c50d2cae424eff30b3,77219b957c07413209c707ba9795b3f1,delivered,2018-07-13 13:29:36,2018-07-13 13:44:05,2018-07-13 14:02:00,2018-07-17 01:32:43,2018-08-28 00:00:00
bd65649afc908d9afe43db0bcd7c1de5,4126a6bdaf000170ce607897ce87895a,delivered,2018-04-06 22:51:37,2018-04-07 11:10:20,2018-04-09 21:51:11,2018-04-17 21:08:56,2018-04-30 00:00:00
261e71d2349c713eafa9f3df5972b95d,d6708bbbd2d419475869a84e41f620a1,delivered,2018-01-20 12:15:57,2018-01-20 12:37:13,2018-01-25 21:42:52,2018-01-30 11:32:35,2018-02-15 00:00:00
0e74f4c5e40226e7f0aa460ce139ee37,734f7b3685cc131dd8f6843e53321d91,delivered,2017-11-25 09:20:17,2017-11-25 09:33:47,2017-11-28 02:41:51,2017-12-04 22:18:52,2017-12-19 00:00:00
feef9f21cf88daf192de972212d1c5d5,31a965e3f0fe26e844fe5dbcfac619e3,delivered,2017-04-13 18:47:07,2017-04-18 04:03:07,2017-04-20 15:47:25,2017-05-11 11:39:00,2017-05-22 00:00:00
bd4e1aca3bf7bf2885e95ac5072be970,dcdeaf0a071eea7ff02e0c03f30ada78,delivered,2017-07-08 18:08:06,2017-07-08 18:15:20,2017-07-10 18:04:24,2017-07-18 17:25:01,2017-08-02 00:00:00
084ba79e5ae4e7d7ff0221c538c38832,d604e7b903305920b8592302dc9a2fd2,delivered,2018-04-26 16:56:49,2018-04-26 17:31:42,2018-04-27 14:59:00,2018-05-03 20:47:37,2018-06-05 00:00:00
f03c75c7842d1d7b641dcfa746784c85,a61ec25897f924b9f7b038b8bd2bf8d8,delivered,2018-02-18 12:03:25,2018-02-18 12:10:25,2018-02-22 03:44:33,2018-02-28 20:06:27,2018-03-13 00:00:00
84a5898c018be5c7ee3e45969708ebbe,a280ef36b320f176238aca454824fd91,delivered,2018-06-14 13:39:00,2018-06-15 02:17:29,2018-06-15 17:25:00,2018-06-21 17:18:58,2018-07-16 00:00:00
21a131826faf57cef66a3b3dbd51da36,6f9c75078cc484eb517fbd6b4b257567,delivered,2017-06-08 09:34:18,2017-06-08 09:45:16,2017-06-08 11:04:26,2017-06-12 13:04:39,2017-07-03 00:00:00
474cefe70ac457aaa468b62e07818c5e,b9040f36e9b085f0df01982c939e429c,delivered,2017-12-19 09:22:47,2017-12-19 10:10:59,2018-01-27 01:42:53,2018-01-31 19:13:13,2018-02-13 00:00:00
6beca98b92f3be5d6cd909faa28b0d98,49b7fd265ca45534e3dd6d165a1fbd33,delivered,2018-01-15 09:04:27,2018-01-15 09:17:52,2018-01-17 23:51:37,2018-01-25 15:06:57,2018-02-14 00:00:00
2b941f8e6ff81158a52de44909dc2a52,76ff5182e587b958e3b372f958ffbe16,canceled,2017-04-14 19:05:05,,,,2017-05-10 00:00:00
f4a45e5f3b31bf07fb736ec372d939d7,a715a15a8072c725b5babb9eed913a02,delivered,2018-02-22 12:16:36,2018-02-22 12:35:30,2018-02-24 14:48:53,2018-02-28 20:56:53,2018-03-14 00:00:00
c3d40727f60424d81739c4647fab72aa,81322889d3baf9fef4282fe5e8a58c00,delivered,2018-04-19 22:19:19,2018-04-19 22:30:12,2018-04-23 10:26:48,2018-04-30 23:52:36,2018-05-21 00:00:00
e75fa6144e2d8bfb834bba12ac534788,b76ebec5710cf10fdcf3a90c9d0315b3,delivered,2018-03-07 09:24:13,2018-03-07 09:35:30,2018-03-08 23:58:19,2018-04-07 00:04:49,2018-04-04 00:00:00
e3598a5fc9a765a5269c084646faf00f,ce1db42311420ac7561b3eb7f2591ba9,delivered,2017-11-05 19:18:07,2017-11-05 19:31:04,2017-11-06 22:41:44,2017-11-13 18:07:47,2017-11-27 00:00:00
272af191d9b4e925f8c0281ac0573753,42e4299cc312630b9fcbe03662bb360c,delivered,2018-01-18 22:26:55,2018-01-18 22:37:21,2018-01-19 22:28:56,2018-02-08 18:09:03,2018-02-15 00:00:00
a531f18d52ebc430be165b4ea5a7bf5b,f2fc5c6aa68766fc4dad7fcec0da798f,delivered,2018-08-21 23:58:53,2018-08-22 00:10:19,2018-08-22 14:16:00,2018-08-28 20:44:33,2018-10-01 00:00:00
00cf2b04c59f0ecaf822bf3f334d5c3b,ff63f83bb3b2dc9a2df626cefbddda8b,delivered,2018-03-28 09:20:37,2018-03-28 09:30:27,2018-03-29 23:54:40,2018-04-09 19:08:49,2018-04-16 00:00:00
4d5edcd8dc3dd4c5a02b9a0d0773b621,8682e993cedaa7ea1535361f2dfc0d6e,delivered,2018-03-26 20:39:11,2018-03-26 20:50:15,2018-03-27 21:52:16,2018-04-09 19:04:08,2018-04-23 00:00:00
28ff83e347df50fdf591a862456aad03,3f53ef6dfd153c217fd13e670a215495,delivered,2018-01-14 14:21:26,2018-01-15 14:16:28,2018-01-20 02:07:04,2018-01-25 15:13:44,2018-02-05 00:00:00
7d8c56933c6ce485f917af297ea41acc,cfd822f4016fbbc916acc0b4842ad951,delivered,2018-05-04 19:38:37,2018-05-04 19:50:18,2018-05-07 14:23:00,2018-05-09 18:14:38,2018-05-18 00:00:00
c1fbcfc3ec3d235395988c3cdd61a2a1,1da59b9758d8279b5c078c11b09c775f,delivered,2017-11-21 11:52:02,2017-11-21 12:31:30,2017-11-22 21:09:00,2017-12-07 15:42:31,2017-12-14 00:00:00
49ecc452cab118ed8cea1ef76a3b3f95,481a25b5582aa352b9e8bbd282c7957f,delivered,2017-03-22 21:42:50,2017-03-22 21:42:50,2017-03-23 08:45:58,2017-04-03 15:27:53,2017-04-12 00:00:00
8c482c28bfcadc891bc37e13dc7ace34,1d4559618ae0a6bcc7dc8baaf5ad58cc,delivered,2017-01-17 18:42:36,2017-01-17 18:50:19,2017-01-26 11:53:38,2017-02-10 05:28:26,2017-02-15 00:00:00
57e4fc8f20507381b3f7abbe4e2ccda3,ec61f0440cb312cd2c721ed69615f73e,delivered,2017-04-07 21:41:38,2017-04-07 21:50:20,2017-04-10 19:36:01,2017-04-18 17:20:19,2017-05-10 00:00:00
b55967b6cc26b76eeee38f4542e43b47,65b0103c55d4d7f822560f2635080a18,delivered,2018-04-23 06:04:35,2018-04-24 17:14:07,2018-04-25 14:01:00,2018-05-07 18:52:32,2018-05-17 00:00:00
08d9736edf0d305e722fce35c395b8f6,d83f6c677e1ab91b5c1b97fd4b63f43b,delivered,2017-08-15 12:10:27,2017-08-15 12:44:16,2017-08-15 18:23:22,2017-08-29 22:22:46,2017-09-19 00:00:00
44653f1f97b2b55f4f96313c3ac8c5c0,56ae3795fc766069ee9a714e8434b9c8,delivered,2017-05-31 12:26:02,2017-05-31 13:10:25,2017-06-01 10:50:09,2017-06-06 15:16:10,2017-06-27 00:00:00
13e7a676a3096c762e0f6f7d63a48e6b,aa7e921d28e8f5e44bd4791422bdeac6,delivered,2017-04-27 14:28:17,2017-04-27 14:42:37,2017-05-22 12:59:23,2017-05-26 13:20:57,2017-07-07 00:00:00
7dba590de9ce34880a777fafe9b87c68,d25b3926928d99ea5c87620e6d5b34dc,delivered,2018-02-01 12:56:53,2018-02-01 13:11:39,2018-02-03 16:21:34,2018-02-20 21:48:48,2018-03-01 00:00:00
51c6e11bdc431158ce46b1c5f2ddc4a6,8aaadff064175bf6980a886fec198546,delivered,2017-09-06 14:18:42,2017-09-07 10:35:17,2017-09-08 12:50:07,2017-09-12 18:02:40,2017-09-25 00:00:00
d15f3a37c2d19f75e8910870bd5e3d71,21897a8288df87a6764af830c3098bb5,delivered,2017-10-07 14:59:27,2017-10-07 15:07:22,2017-10-11 18:33:50,2017-10-18 18:25:07,2017-11-14 00:00:00
a5b635e01301f7cc3ab309cafadf812b,a76ebbcc72a8eab9fe880c2e7f5aac08,delivered,2017-03-25 10:31:25,2017-03-28 03:45:21,2017-03-28 15:51:41,2017-04-10 17:38:13,2017-04-18 00:00:00
e6878ac5a9f0035c1d0a4e3310abe17c,face248ece2a747c58f14eb3d1ada150,delivered,2017-12-13 14:21:19,2017-12-14 02:16:24,2017-12-15 16:35:26,2017-12-27 16:38:57,2018-01-15 00:00:00
8d7ec00a7df1f84149ee7f5ea8a73c41,d65bbb03192f8c34ba26b0208ab6cd32,delivered,2018-08-11 13:27:25,2018-08-12 13:25:09,2018-08-15 14:58:00,2018-08-21 03:24:31,2018-09-05 00:00:00
1f8d7d0c0affce811c7d6f2abf71a7b5,79464312f42f788e5138a105761846e4,delivered,2017-08-11 09:11:27,2017-08-11 09:25:08,2017-08-11 19:11:16,2017-08-22 20:57:51,2017-09-04 00:00:00
7c7ab71f5380ea20b113060dcd92e801,ed40897c76952ec312c2d26736d33b11,delivered,2018-02-21 10:59:41,2018-02-21 12:27:40,2018-02-22 00:04:31,2018-03-01 18:49:06,2018-03-16 00:00:00
aefdeb364dad62902b4e3a0b07b8a8fa,7ed939466606928dc16d603ec54edf09,delivered,2017-11-27 19:48:08,2017-11-27 19:58:36,2017-11-30 02:32:08,2017-12-06 18:09:43,2017-12-19 00:00:00
149e467b7d8c16156fa0810e8b4e1e8a,3d276542cf8bf4318da2597f419334a2,delivered,2017-03-31 23:23:43,2017-03-31 23:35:14,2017-04-03 14:15:23,2017-04-17 12:37:05,2017-04-20 00:00:00
887b5b39f6f5c08315aa901f0fadba6d,50ef4067638c55d3a31c306fda104538,delivered,2017-12-28 11:57:01,2017-12-28 12:08:16,2018-01-02 14:58:52,2018-01-15 21:55:10,2018-02-09 00:00:00
de4661d6593c1c713abab1b11549f6c7,270cf9c8728e2837e6be6a0f30e3c1ba,delivered,2017-11-06 02:08:11,2017-11-06 02:25:59,2017-11-06 22:51:23,2017-11-14 19:32:00,2017-11-27 00:00:00
993700cc0c9685feb14c9aa73eafe294,dc21bd4b938e8ab08f5e6fa92de187e0,delivered,2017-12-04 18:52:48,2017-12-04 19:45:05,2017-12-07 15:49:07,2017-12-26 19:49:01,2017-12-27 00:00:00
abcb42831f6165cda2570c76e90cda5d,ee23d61fedfc4227bb0e188654c28d08,delivered,2018-08-01 14:42:37,2018-08-02 05:25:18,2018-08-06 13:11:00,2018-08-09 17:32:16,2018-08-09 00:00:00
62a084114b1d8e549fbf1e0d9ebf4da6,99d937de3eec6f7cb8486b48f2379fc0,delivered,2017-12-02 15:03:10,2017-12-02 15:11:48,2017-12-04 20:45:22,2017-12-18 19:11:47,2018-01-02 00:00:00
86af1e4b328bff98d4fc63ca4ce8e94f,45719828037a9bce929843bde52b2500,delivered,2017-12-12 23:18:29,2017-12-12 23:28:46,2017-12-13 22:38:37,2018-01-15 19:48:53,2018-01-09 00:00:00
9e389bac73e66c3aee51848446646402,cf2b227b269b8b237f7f0495ff1a1d0e,delivered,2018-04-18 15:23:31,2018-04-18 16:18:37,2018-05-09 08:01:00,2018-05-10 18:04:34,2018-05-04 00:00:00
7ee0e2f367d7e05c73dc79fcffd09365,9cfea8f7953ee81514d01958ba8e4abd,delivered,2018-02-21 17:56:58,2018-02-21 18:09:57,2018-02-26 20:32:36,2018-03-03 00:25:07,2018-03-13 00:00:00
e9aabb11af0ed0b77743b1d0ddd7591c,c4e38cf472c77b3b0053dc7201fd39a9,delivered,2018-07-03 19:19:20,2018-07-05 16:11:07,2018-07-05 14:44:00,2018-07-06 13:03:48,2018-07-19 00:00:00
2acdbbb81136709fc5e1f32e11ebd14a,4eb48c3efa335517661eb701a5a33e27,delivered,2018-03-06 19:23:15,2018-03-08 19:28:30,2018-03-14 00:33:34,2018-04-02 20:48:41,2018-04-09 00:00:00
cbd73a65c5edc13fbcde523d1ed2090f,be64c6271cfd483f027afda5aae04cd8,delivered,2017-03-06 10:48:20,2017-03-06 11:03:08,2017-03-10 13:09:23,2017-03-15 14:16:16,2017-03-27 00:00:00
5f77756df7ee84e204c730c024312542,149854f060da7beac9253cd3f0fa8c8c,delivered,2017-08-21 17:09:33,2017-08-21 17:25:35,2017-08-23 20:26:12,2017-08-28 16:52:46,2017-09-20 00:00:00
7999895f514b30a8de833a4b7c3dd042,c92ab9f6558a4e8916df8332a6ae38a8,delivered,2018-08-01 19:00:46,2018-08-01 19:15:22,2018-08-02 14:05:00,2018-08-06 17:56:44,2018-09-03 00:00:00
5b9a1d812c91401093d659b221e17971,62b6a3539d0a995555f9b4a446dbbd4e,delivered,2018-04-17 09:13:53,2018-04-17 09:32:00,2018-04-17 18:48:41,2018-04-20 19:51:18,2018-05-10 00:00:00
345c94f585ef07e8ec4fa00f0daa06d7,1185c50329fd678086226b9dff9850e7,delivered,2018-02-02 11:26:32,2018-02-02 12:31:45,2018-02-06 01:12:20,2018-02-15 18:14:36,2018-03-08 00:00:00
1f93b86e99f08972d9d0fe0757d8c6b3,31a7aefc17185fc66a3bd6b76a7fd467,delivered,2018-03-13 20:07:04,2018-03-14 03:48:17,2018-03-14 19:27:21,2018-04-04 19:58:51,2018-04-02 00:00:00
a91e25d9e242b0545cddf83a2bb46954,6ad24adeead1a2dcf21adc31df86824b,unavailable,2017-02-01 13:27:48,2017-02-01 13:41:10,,,2017-03-14 00:00:00
8be3f8cf0b9c0840f7fc2d6dcd6b9570,968bb6f1808b5eba71a2a15041255f09,delivered,2018-06-07 12:42:02,2018-06-07 12:58:30,2018-06-08 11:47:00,2018-06-11 18:42:38,2018-06-25 00:00:00
2acb8c7bef9b70c1fdcf3925c04bedd1,a0b184c9535877db1263c4bba263d6f5,delivered,2018-07-26 22:15:01,2018-07-26 22:25:10,2018-07-27 19:43:00,2018-07-28 11:28:36,2018-08-03 00:00:00
c89b844039f5a7969c579c0a23b02652,c2f541cecbc250753c514062f9bcc7ac,delivered,2017-12-03 14:28:04,2017-12-03 14:55:27,2017-12-05 16:37:53,2017-12-11 19:13:07,2017-12-28 00:00:00
5ddeb5159e6cdaa562843c1e6b32ba84,8245c54a0dee956adc20bec650d55c82,delivered,2018-01-31 18:32:55,2018-02-02 02:54:37,2018-02-02 23:17:06,2018-02-05 21:56:46,2018-02-23 00:00:00
a3e9c86c68a63188c0f9e47c68d6ceac,641408196c4d2b94fb690b7ca0dddba1,delivered,2018-04-08 21:48:15,2018-04-08 22:09:34,2018-04-09 20:04:58,2018-04-17 20:10:51,2018-05-09 00:00:00
2a5fd2bee90721df67729d2e85221278,aca1c958b4ce2b798919091d10296965,delivered,2018-05-22 21:38:57,2018-05-22 21:58:28,2018-05-23 10:55:00,2018-05-24 15:10:55,2018-06-11 00:00:00
dc74c9cdcf62efe4b49193373730111c,4373e14c9a936c5033553ff232ab132f,delivered,2017-11-25 23:53:16,2017-11-28 03:38:30,2017-11-28 22:17:17,2017-12-05 19:13:03,2017-12-28 00:00:00
1cd11ceddf403341992843e08f53c75f,c7d2d46aa7646d51626088fb291f0aba,shipped,2017-12-08 20:31:05,2017-12-08 20:52:24,2017-12-12 22:19:36,,2018-01-03 00:00:00
c583699ad331158897d9bf20f1a60004,8d801637510e14056ec85cbba38cb83d,delivered,2017-03-28 11:03:13,2017-03-28 11:10:53,2017-03-30 16:47:52,2017-04-03 15:14:22,2017-04-17 00:00:00
e9e0b6e4707812a18fce7da5edd5cb41,fdfbcfe8a1292a3eda3a38d8859cfdbd,delivered,2017-10-09 11:56:10,2017-10-10 03:28:35,2017-10-16 20:37:42,2017-10-26 19:08:36,2017-11-06 00:00:00
f495bbbd2a26c02d0518dec2f10251fe,7611d4f5e3714bfa6a91cbe006c4cb0d,delivered,2017-08-19 11:43:11,2017-08-19 11:55:19,2017-08-21 18:22:32,2017-08-23 16:37:46,2017-09-05 00:00:00
4ff0384bb5e2b09d746a503c071f2d8c,6653912ddf1e9cb4aa012041d238038a,delivered,2017-08-07 11:14:48,2017-08-07 11:30:18,2017-08-07 21:16:57,2017-08-22 22:03:15,2017-09-01 00:00:00
d1e6d38e939e395dcc3e0558678612f9,68558f6d0ef5eab2937df0f37b0ecaf8,delivered,2018-03-10 14:31:09,2018-03-10 15:48:20,2018-03-13 00:20:40,2018-03-20 17:36:57,2018-03-23 00:00:00
8388d391539ea5ba452606fbae76e68e,afb1bbdfe3d6e13af652867cdd80f45d,delivered,2017-06-15 23:08:11,2017-06-15 23:25:10,2017-06-16 17:37:57,2017-06-22 18:56:36,2017-07-10 00:00:00
10a4af81f471c29f5f5d3864e3c8dfab,4bd306eb40db1bbd39f4ee8531a983fc,delivered,2018-01-12 16:34:27,2018-01-12 16:50:24,2018-01-15 17:49:14,2018-01-25 21:59:02,2018-02-14 00:00:00
bbb1e23de4c2eba23ab1ad0da89f47b7,1e608ac275c269c418a864ec0db7a237,delivered,2018-04-02 09:21:46,2018-04-02 09:35:19,2018-04-03 19:19:29,2018-04-13 22:28:49,2018-04-18 00:00:00
22bb6f36d1e57b67466b3fc2d3e0fbba,704afb4598a6560b1d37980f7179c368,delivered,2018-04-23 12:48:28,2018-04-24 17:37:12,2018-04-25 14:41:00,2018-04-26 14:36:53,2018-05-10 00:00:00
450c895cd5341a52818d10c9593085bd,c2acec2708dbf859e39cfe5ab75b76fd,delivered,2018-08-14 10:08:26,2018-08-15 10:05:11,2018-08-15 11:55:00,2018-08-21 23:12:39,2018-08-28 00:00:00
3d17d211984312889a4d60f359859535,758aedfa7a88fafd333878e149379e0b,delivered,2017-09-27 11:59:35,2017-09-27 12:07:26,2017-09-27 17:37:27,2017-10-05 18:18:07,2017-10-27 00:00:00
47fff6498d7050f55018f7c001885f3a,d42fb8a9dc7e9d3f864e31f2c02cee15,delivered,2017-11-24 13:43:34,2017-11-26 13:35:23,2017-11-28 17:27:34,2017-12-08 15:41:56,2017-12-08 00:00:00
e0e79f987715dab211e5e31e5e9c95e8,1130a7b0de3b712d1025595e41893015,delivered,2017-10-07 11:52:52,2017-10-07 12:07:42,2017-10-20 17:58:07,2017-10-26 19:59:00,2017-11-08 00:00:00
03e6de4517499ee6aaae7d9004799504,650b8d581bd67d61888f8ea779e34e7c,delivered,2018-05-16 18:39:40,2018-05-16 18:57:28,2018-05-17 13:45:00,2018-05-29 14:36:55,2018-06-26 00:00:00
93cc657ef01997bdee3bc4d3e574a470,e4dcfeb9cf0bb6e49c608355ec590e96,delivered,2018-07-10 10:30:04,2018-07-10 10:45:32,2018-07-10 14:39:00,2018-07-13 00:28:27,2018-07-24 00:00:00
5edbfc23c079ce692dcd845d4c5a0580,29c5b9b7cdb1dc4e4a574c5685c83102,delivered,2018-05-04 14:22:16,2018-05-04 14:35:29,2018-05-08 16:47:00,2018-05-16 21:26:47,2018-06-14 00:00:00
0759ac0ac1a0c11ab13fc66564f4e112,2efa0620f7979c153d5d492696d4172f,delivered,2018-04-05 11:16:09,2018-04-05 11:30:20,2018-04-07 01:18:36,2018-04-17 14:37:22,2018-05-02 00:00:00
c8e61ba622e20d56e712335406093067,7efb748547e57959499947ea36460a24,delivered,2017-12-01 13:31:55,2017-12-01 13:58:23,2017-12-06 16:19:16,2017-12-08 19:34:57,2017-12-26 00:00:00
2a3f9da1b73d48af85d04f8550b3d156,d3084f1a3218cb4163951970222ec084,delivered,2018-01-29 13:56:29,2018-01-29 14:11:46,2018-01-30 17:19:00,2018-02-09 02:27:50,2018-02-23 00:00:00
fa390c33c5c4b2d0f270fb0050e8fb40,4b3457f5d2a5236dcb35f99e0131068e,delivered,2017-07-16 22:27:15,2017-07-16 22:35:12,2017-07-18 17:43:29,2017-07-26 03:46:40,2017-08-14 00:00:00
626a8ff56da018438dd2249de58f0014,91643592e78c6ee466f09aac4663ccc2,delivered,2018-08-06 22:05:30,2018-08-06 22:15:22,2018-08-14 11:43:00,2018-08-23 17:12:28,2018-08-28 00:00:00
8ff6f8e6657ead9abb409740495cd6db,d79fdd4de5f1ae8c6c19a515c89431a9,delivered,2017-09-26 19:41:54,2017-09-26 22:04:16,2017-09-28 12:37:56,2017-10-02 21:18:49,2017-10-23 00:00:00
aaaf39a2d037083a190432524162a3fd,d539b8ac4f0c793900912c46f6442734,delivered,2018-05-21 08:52:51,2018-05-21 09:10:30,2018-05-22 15:29:00,2018-06-05 12:31:43,2018-06-12 00:00:00
be0aa376bf962730ff1c95bd96db95c7,c4aa9e0a1891b53189825b395b3d3897,delivered,2018-03-16 08:09:42,2018-03-16 09:07:00,2018-03-16 20:12:16,2018-03-19 19:04:20,2018-03-28 00:00:00
2a77dac3cf72264c6013ed1ee5fa8cad,90158a0e8d4a01321d361081d0ff2f64,delivered,2018-08-03 22:27:45,2018-08-03 22:35:18,2018-08-07 13:02:00,2018-08-15 17:56:34,2018-08-17 00:00:00
103d9703fa0f4778189330f41abcbb55,8fdc97e55c060142e1ad8fbf97755403,shipped,2017-06-19 21:20:18,2017-06-21 02:23:40,2017-06-26 08:25:46,,2017-07-11 00:00:00
6b46451f451b73fc2ac0f15484d814ab,5e96000fa278db7126735be2d3618ed9,delivered,2018-01-01 23:20:33,2018-01-03 04:29:13,2018-01-04 20:22:04,2018-01-15 21:25:00,2018-01-31 00:00:00
6d87523e95d5670f7bbd10a46d5d70ab,0ceec0034a7684259a13e9be74338683,delivered,2018-06-19 16:57:51,2018-06-21 03:17:26,2018-06-28 12:04:00,2018-07-06 12:20:57,2018-08-01 00:00:00
8e3952339df2bc934933d5dec232eea3,423797739c8435a3fc5994e2f90bb277,delivered,2018-01-25 09:28:23,2018-01-25 09:36:24,2018-01-25 17:18:46,2018-02-01 23:28:49,2018-03-01 00:00:00
d30daca327cb882c3ccccced457f69f8,01f4581bf20e14d770c5de782d7ee783,delivered,2018-08-05 17:03:33,2018-08-05 17:15:19,2018-08-13 15:54:00,2018-08-17 18:38:44,2018-08-17 00:00:00
8d68d7bd9cf7a752bf49e61522d69542,90db040f420ea2c7fffed065f53dd1f6,delivered,2018-05-09 13:22:51,2018-05-09 13:35:03,2018-05-10 13:05:00,2018-05-29 19:33:03,2018-06-19 00:00:00
261f486a198b17b0fefad4813130cd99,c5f4ce605da5d44c9875033dec0fa326,delivered,2018-03-03 19:54:34,2018-03-06 03:49:21,2018-03-06 20:27:48,2018-03-07 22:43:25,2018-03-15 00:00:00
3a5cc35f681bd421b9ce2600aa48b4a6,d6c73b68a5772ba2a1362a10c697f629,delivered,2018-06-25 14:25:51,2018-06-25 14:40:56,2018-06-26 08:02:00,2018-07-03 21:46:51,2018-07-20 00:00:00
cf116ba795f8a5b8f3f0cba2d9f2d692,9f1988eef91821e9884aa98ab80d74f8,delivered,2018-01-24 10:52:52,2018-01-24 11:12:32,2018-01-25 20:15:12,2018-02-14 18:31:42,2018-02-20 00:00:00
b471104714c9175e7bcec59e18af5302,f4072e3b940eeeae8c575504d3086175,delivered,2018-06-27 12:25:18,2018-06-28 04:35:13,2018-06-29 12:27:00,2018-07-03 16:32:54,2018-07-13 00:00:00
4299a0c82607e27f3ed35f448206573f,10330394534ed1bef2077e1aafd13213,delivered,2017-08-13 01:35:34,2017-08-13 01:50:09,2017-08-15 17:06:09,2017-08-16 16:06:02,2017-08-25 00:00:00
431dd865c6ed0d491389a51b12842df5,2f0110b33a975d9e2d4e2ce26ef0bf60,delivered,2018-01-17 09:52:38,2018-01-19 02:37:21,2018-01-19 22:28:43,2018-01-23 01:09:06,2018-02-01 00:00:00
e88bd342db73022d67847798929c4519,58770967b9303c89fdb218d6882aac37,delivered,2017-02-02 11:11:02,2017-02-04 02:15:21,2017-02-06 09:19:25,2017-02-13 01:53:42,2017-03-13 00:00:00
e9a4388d99d4837e68ceefb1aa99b488,c13a85355f07a130c447f7f1085a81bf,delivered,2017-11-24 20:33:01,2017-11-24 23:33:23,2017-11-27 18:47:12,2017-11-28 15:34:39,2017-12-08 00:00:00
1fba59812d94723a89e83c562c775750,13dd0be11da8090257208e3e0e7af578,delivered,2018-06-21 14:06:14,2018-06-21 14:22:26,2018-06-22 16:05:00,2018-06-27 14:28:48,2018-07-18 00:00:00
95c3381db0f673aa125e10b942d1ddac,fdc2a229cdce3cb662e9223504934027,delivered,2017-11-27 22:53:55,2017-11-27 23:10:46,2017-11-30 20:56:33,2017-12-13 17:44:41,2017-12-18 00:00:00
5e2488af524e8aeb633062a365974141,db8b6b86dbf852fdb2f2f99690e4a3b1,delivered,2017-05-08 13:24:24,2017-05-08 13:35:17,2017-05-09 12:44:36,2017-05-17 14:35:10,2017-05-31 00:00:00
c8bd36bd6778fcfa84172bf2b466c0d4,fc81aabd2d2964f3628687e82557a107,delivered,2018-04-18 10:38:53,2018-04-18 10:51:42,2018-04-20 17:06:43,2018-04-24 22:51:31,2018-05-07 00:00:00
721c90253d3c1f625f71e2faf53a6b57,742cedd54dad5e81da2cdaf719678e3d,delivered,2017-01-26 21:58:53,2017-01-26 22:15:13,2017-01-30 09:09:54,2017-02-03 15:09:34,2017-02-20 00:00:00
b1725d5a1b261c7db6941a61c14208f2,3100bc01492036c08cfe1d88d6c3ffe0,delivered,2018-06-14 16:35:18,2018-06-14 17:30:09,2018-06-15 12:13:00,2018-06-20 21:27:20,2018-07-31 00:00:00
fea563d194760a0737be8bff36ca8c40,495a5765ce04283cae03e31b63355cd4,delivered,2017-06-10 18:27:07,2017-06-11 18:35:09,2017-06-12 16:48:49,2017-06-19 18:14:40,2017-07-05 00:00:00
667a9c1939506fa573c58ac2f5900492,8b957e5233d9a21115cd1edb4c3eff0a,delivered,2018-04-30 23:22:19,2018-05-03 04:13:09,2018-05-09 13:32:00,2018-05-10 16:08:51,2018-05-16 00:00:00
d137a2977daed67ef57f82efbbe508bb,29aec8d00435f9c9bd43485663f7b97a,delivered,2017-08-19 10:08:37,2017-08-19 10:25:04,2017-08-31 09:34:08,2017-09-05 19:35:31,2017-09-21 00:00:00
1b41fbc113f284d979a4b5c94e2a918f,76221599b5047cd29f7df811370e22d6,delivered,2017-12-20 23:22:55,2017-12-20 23:32:24,2017-12-22 00:07:55,2017-12-26 17:33:53,2018-01-15 00:00:00
f886ca9715359489ac5ca62177ce61c9,d0f3f691b729cd317bc9284b0c0c2fbc,delivered,2018-08-07 14:03:46,2018-08-07 14:15:17,2018-08-10 14:39:00,2018-08-13 10:56:32,2018-08-10 00:00:00
c3aa0764f72af0672f23966336a8fd0c,a27b8aed7190db2b4cd9ed9dfff36ff6,delivered,2018-08-05 00:54:40,2018-08-05 01:10:08,2018-08-14 16:04:00,2018-08-20 16:03:45,2018-08-20 00:00:00
4772047b8ba0f04a6de5b3dd1dbafcf3,32de07b731790c18805612484b6484d7,delivered,2018-02-25 19:31:22,2018-02-25 19:47:45,2018-03-02 20:02:52,2018-03-10 15:48:25,2018-03-12 00:00:00
87f02de231ca3b969e0f14e62c11f04c,258167dc1951e74259a1b26f7313a04d,delivered,2017-06-08 21:14:31,2017-06-08 21:25:16,2017-06-09 14:42:03,2017-06-19 21:12:58,2017-07-03 00:00:00
475ff6348f62b515f96894937c01358d,7bf8183e6301c1bc4f8b012752f50749,delivered,2017-12-27 22:06:41,2017-12-27 22:17:33,2017-12-28 18:13:42,2018-01-05 13:39:45,2018-01-26 00:00:00
e6e0c960ead3b8f3f7b5e9a25e037638,16a92f8c1f8c812fe5eea33986d0742f,delivered,2018-04-13 21:20:20,2018-04-13 21:32:38,2018-04-17 19:12:32,2018-04-25 19:51:46,2018-05-08 00:00:00
a91ddb87adec7ff29a8f3e814df0107b,cd1088dcfe327473a2870a66917927a6,delivered,2018-05-10 18:06:53,2018-05-10 18:30:28,2018-05-11 12:21:00,2018-05-17 16:28:44,2018-05-29 00:00:00
1f91f6048baab1f573d3657d38e16137,5119c6d7557563be3a40507a5a90d1f0,delivered,2017-05-17 16:18:57,2017-05-17 16:25:15,2017-05-18 07:16:04,2017-05-25 09:11:46,2017-06-06 00:00:00
62f4f5e7e824ac2fd8df825f4492ab5b,ae6fc90df76bb079ff2b78eb41e737ec,delivered,2017-03-26 18:32:53,2017-03-28 03:51:16,2017-03-29 15:36:20,2017-04-09 07:05:53,2017-04-13 00:00:00
82c6decae6063a55c184345746b1a269,a7795c853b5a40237ab7e5088e984d9c,delivered,2018-06-22 16:25:58,2018-06-23 01:40:29,2018-06-25 14:17:00,2018-06-28 15:22:01,2018-07-16 00:00:00
5067e58e7d7a2e2f96c222a0335df18a,d49c1a082ca405f38d66150367989c1a,delivered,2017-10-12 15:30:49,2017-10-12 15:49:25,2017-10-16 21:37:51,2017-10-24 17:04:15,2017-11-06 00:00:00
5a30c9fcc9470e8316518e56e1741d50,014a61237c010a8f59e966e34101520f,delivered,2017-12-12 16:32:08,2017-12-12 16:52:36,2017-12-15 20:18:03,2017-12-28 16:37:15,2018-01-09 00:00:00
8a268898598fdef7f8a38b795bc111d9,7401ed45e582a7fd27be540df8287ece,delivered,2018-08-03 14:18:55,2018-08-07 06:05:47,2018-08-16 13:32:00,2018-08-21 11:18:35,2018-08-24 00:00:00
c0aad5efb9be7c339afb7dedd1acae49,eac8415de57259873885a7db3fe7ef18,delivered,2018-02-26 13:05:36,2018-02-26 13:15:31,2018-02-27 18:36:09,2018-03-09 17:58:19,2018-03-21 00:00:00
7aa5f2151edb70ee275202acec271ea3,6d84b2ad64db0964502c2a53c65320a1,delivered,2018-08-05 20:28:44,2018-08-05 20:44:33,2018-08-06 11:57:00,2018-08-10 17:18:55,2018-08-21 00:00:00
0fcf164859b203af4b0811ccf70d1454,2735ed8860f2110b955a337867377375,delivered,2018-03-09 13:24:57,2018-03-10 03:55:31,2018-03-12 16:21:23,2018-04-11 21:27:53,2018-04-02 00:00:00
8f2c3eb88f3127cf27574d29f0c58ef9,da173ab54b24c00d03c7f1ce36824f9e,delivered,2017-11-19 11:12:02,2017-11-19 11:26:32,2017-11-24 16:04:06,2017-11-29 19:25:08,2017-12-07 00:00:00
ae90262d3192e46f6d8e68bc5843025d,9237654c3fe0c68824bb8c16c94956f9,delivered,2017-11-22 09:40:02,2017-11-22 10:39:48,2017-11-23 22:02:46,2017-12-05 19:32:03,2017-12-19 00:00:00
a611edf5be0b4e8838e79005178f7ee8,e205375052eb5cc6f37abf55bac53c74,delivered,2017-04-22 20:03:30,2017-04-22 20:15:10,2017-04-24 10:35:31,2017-05-03 13:08:12,2017-05-15 00:00:00
b4757419a0d328d1c3c848d9957cb20c,8efdd327f600083b9ceda7eac01ed701,invoiced,2017-03-08 09:46:27,2017-03-08 09:55:20,,,2017-04-17 00:00:00
463cefaa4147d39621500e986396b5cf,2d9765abf313219e40efb7770ea42025,delivered,2017-12-08 17:31:28,2017-12-08 17:53:37,2017-12-11 20:47:02,2017-12-28 16:32:49,2018-01-15 00:00:00
c44b3f142eb33ac2b018b105dff8692d,420e4e7e2d24ec6727f8768c3bfa142d,delivered,2018-04-11 13:03:56,2018-04-12 06:50:17,2018-04-13 01:13:29,2018-05-12 14:22:14,2018-05-11 00:00:00
928b36b446783bb571df5c8c3eb239d0,eb6a209f020e7726b2cf6d4e22c468de,delivered,2018-05-27 20:37:58,2018-05-27 20:54:55,2018-05-28 13:18:00,2018-06-07 18:34:11,2018-06-28 00:00:00
9cd6015fc7c3321b8cfc4459af284790,cd217889d9b238ed522888d8a52c8731,delivered,2018-06-26 11:54:30,2018-06-26 18:18:21,2018-06-28 15:42:00,2018-07-02 16:46:39,2018-07-16 00:00:00
1edc3863beec62b1bd5e3fca2eb64c53,46989418686cf0356589d6b37cd32b3a,delivered,2018-08-20 17:18:50,2018-08-20 17:30:17,2018-08-21 12:48:00,2018-08-25 16:54:43,2018-09-04 00:00:00
81c520fc29d03d90934316f0a3b4b82a,dafdcf2f805b9134d69762d615f178a0,delivered,2017-08-22 13:01:24,2017-08-22 13:15:59,2017-08-24 20:24:53,2017-08-28 21:34:16,2017-09-13 00:00:00
6f192285411fe2465d2c701cddafb6d9,b6116b8c9793a5355aab080cb5a5910a,delivered,2017-11-27 10:27:16,2017-11-29 10:30:27,2017-12-18 21:48:40,2017-12-21 22:28:25,2017-12-15 00:00:00
cf824bfb7be97ddda09945f306ce0efb,758f6f66809f7a95cbb073e8200f033f,delivered,2017-08-08 11:10:27,2017-08-09 11:45:10,2017-08-10 18:38:10,2017-08-15 20:09:34,2017-08-31 00:00:00
fd16cef57164811712478da2f5bf81a3,bfb9558ab5dbb375ff3248a7adebbda6,delivered,2018-01-28 19:53:16,2018-01-28 20:10:55,2018-01-29 19:16:57,2018-01-31 23:40:44,2018-02-14 00:00:00
a4ab908db8226d51e477fc3f81c3e27b,c8d433700b1c338a728db9a6a4da19ec,delivered,2017-09-17 17:55:34,2017-09-17 18:06:48,2017-09-18 21:10:35,2017-09-26 19:31:55,2017-10-04 00:00:00
26ac2176dfb7275b81ddf0873db31236,a67d859e19f536517a73416adb2739e4,delivered,2017-06-14 13:52:50,2017-06-14 14:05:18,2017-06-19 16:10:58,2017-06-23 13:06:42,2017-07-05 00:00:00
465e0536b29a94542aa63d8546a3981a,07a09de7be7dc41038159430e5e9cce6,delivered,2018-06-03 21:36:24,2018-06-04 21:30:47,2018-06-05 14:24:00,2018-06-06 13:53:31,2018-07-05 00:00:00
0a20f1ed151eaf6d4f8947f6081e1d02,57142caed013bdafd75245803296c7f4,delivered,2018-05-23 19:42:43,2018-05-23 19:55:50,2018-05-28 13:14:00,2018-06-05 19:56:38,2018-06-22 00:00:00
fba5f0680d7e30d3148e17be8bce108d,93f7211c2d0f7213bdc94f51f0d25cd7,delivered,2018-02-08 20:53:55,2018-02-09 10:11:37,2018-02-09 18:52:57,2018-02-28 13:49:10,2018-03-07 00:00:00
6df06dce06727e9d068f266a9b2cdaa7,ecb5d4d5b75256e28606e9d4487420bf,delivered,2018-08-07 22:18:37,2018-08-07 22:30:14,2018-08-08 14:42:00,2018-08-13 20:55:27,2018-08-23 00:00:00
f8f4eed82047735135a9978523d4d202,3fb82efec3774a589cc62a4912eca2f4,delivered,2018-01-15 13:08:10,2018-01-15 13:16:28,2018-02-06 17:58:37,2018-02-23 18:58:43,2018-03-26 00:00:00
1b27045ffd0c3cc49c737c6ec7c4756a,01e2dee0a2e7464a701d0c480225501c,delivered,2018-03-26 22:18:49,2018-03-26 22:30:12,2018-03-27 18:14:31,2018-04-02 20:58:26,2018-04-18 00:00:00
fd966686fa519b004275d0f422800a60,c227131c0e81dd2b7daa8be05cd99258,delivered,2018-03-15 08:38:34,2018-03-17 02:50:47,2018-03-19 22:48:45,2018-04-09 19:41:55,2018-04-05 00:00:00
d00e79f339bb76a1b6dbcc8cb41934e7,fd4d2add7fddcbb3074920019da1290a,delivered,2018-06-07 19:51:33,2018-06-07 20:15:08,2018-06-11 12:17:00,2018-06-18 21:58:01,2018-07-04 00:00:00
f45cca2ab70bbb7fee0728559468cceb,8ab7041d7b0eea06a4bab91b59bab4ab,delivered,2018-07-25 06:53:50,2018-07-25 07:05:18,2018-07-27 11:41:00,2018-08-02 00:44:42,2018-08-06 00:00:00
3eaaa0491f840f400dcfe9469dd5e205,3f58c477b8cfc3c37266e353151cbbd3,delivered,2017-09-20 22:05:29,2017-09-20 22:15:21,2017-09-21 20:14:29,2017-09-28 17:55:01,2017-10-23 00:00:00
f84c351f8ea512e04301c11470be273b,0bf752a3e1a9a91859d9760834a75acb,delivered,2017-07-17 14:53:22,2017-07-17 15:05:07,2017-07-18 19:43:39,2017-07-24 18:03:23,2017-08-10 00:00:00
b08f7ce910570d89714767d4610943b0,a513a3299be4497003e220b158d68735,delivered,2018-03-08 17:17:45,2018-03-08 18:20:32,2018-03-09 20:11:54,2018-04-06 18:23:15,2018-03-28 00:00:00
d28fbd94b527be0512683c3e03aa37eb,a34c9e9b8b2b69de4c2df91f5f1a273c,delivered,2018-05-20 12:11:09,2018-05-20 12:30:32,2018-05-21 15:40:00,2018-06-06 13:14:34,2018-06-05 00:00:00
fd8d9bc6af4ccc073a7fe152040e81f2,14938608ccfde5530723a2a70b07d25a,delivered,2018-05-17 21:27:49,2018-05-18 02:54:21,2018-05-18 15:33:00,2018-05-22 16:38:32,2018-06-01 00:00:00
70537c8a3dfbbe79f0d078a43a815d97,61236884b077ada960417b31ffdf6e67,delivered,2017-11-18 08:50:48,2017-11-21 04:08:31,2017-11-23 15:33:11,2017-12-12 19:25:43,2017-12-11 00:00:00
367bbb94b4958aaa8dcfc0c9f920a948,a25a9f6b1abff8459a524c6ba88a92c0,delivered,2017-11-23 12:23:33,2017-11-23 12:31:27,2017-11-23 19:48:29,2017-11-27 23:22:02,2017-12-15 00:00:00
fdb8b7471e58dbe1a73f0218723b58e9,ebed6a8227f5fc8183b559af016c2497,delivered,2018-08-02 12:05:15,2018-08-04 12:24:11,2018-08-06 14:52:00,2018-08-07 18:41:15,2018-08-07 00:00:00
f6cd41298d06413e39c491540baf2745,8fcfaabe1e23602dcbe70019244cfd0e,delivered,2017-09-14 07:49:05,2017-09-14 08:05:23,2017-09-14 22:42:43,2017-10-09 18:27:56,2017-10-04 00:00:00
6ab63ddaa43a0adec6b62f06e9128af2,dbc9cbb74d25c5c2c1457fbd64f0ba57,delivered,2017-02-07 19:15:56,2017-02-07 19:25:12,2017-02-08 09:38:54,2017-02-16 12:54:56,2017-03-08 00:00:00
1c05452697a356ff98c4c3391e207ab6,43467feeda727a70fbb9a44eaa75bbae,delivered,2018-01-22 13:20:56,2018-01-22 14:55:00,2018-01-24 21:34:53,2018-02-07 19:51:50,2018-03-06 00:00:00
7ff5516d271630c6a60fa2fa469d7b89,ce0160296bc8dda40eaa1a3d6f321f2b,delivered,2017-08-18 11:21:40,2017-08-18 16:50:10,2017-08-22 19:29:47,2017-08-24 23:03:10,2017-09-08 00:00:00
81d4e3ab663ca6c51e659ad5b31457e7,48ca574e8c60c5f14ac63cb32a266880,delivered,2017-07-08 21:06:37,2017-07-11 04:05:35,2017-07-11 18:51:32,2017-07-21 16:19:40,2017-08-11 00:00:00
1f89989c5a2afd61cf38495462b55b16,a21b05fbdea952c180d45e5f725856d7,delivered,2017-10-16 22:22:58,2017-10-16 22:36:00,2017-10-18 20:42:06,2017-10-20 15:57:54,2017-11-01 00:00:00
e03725cff8fd740ded5d95a3193c3696,84d0099e93ffdfbcf9c3e565bee3162f,delivered,2018-08-08 21:58:55,2018-08-08 22:10:14,2018-08-09 15:29:00,2018-08-10 17:34:34,2018-08-14 00:00:00
8c9e191de5ee58e2cbd018c2943ff9b2,d2c9a1791fe5ba4464c24cdb4399654c,delivered,2018-07-31 23:12:01,2018-08-02 06:35:11,2018-08-02 15:21:00,2018-08-06 17:09:05,2018-08-10 00:00:00
ee71a04a26c5bcf135d8af9ff7051c5b,3979d252e012e7b031ec6644b59eb9c1,delivered,2018-05-03 19:31:56,2018-05-03 19:51:05,2018-05-04 13:08:00,2018-05-08 17:03:00,2018-05-24 00:00:00
344fa1eebc59a2edab43baf1e0a171fc,85cddd29cf48a333f6ae27c38b0142da,delivered,2017-10-11 10:15:04,2017-10-11 10:28:13,2017-10-11 21:35:44,2017-10-19 21:32:57,2017-11-09 00:00:00
5ca18035ac56a17dd903b0e8410aae06,4e5ca9b956b369f83366360cf7dbd9b6,delivered,2018-01-11 22:10:06,2018-01-13 04:55:08,2018-01-17 21:42:39,2018-01-25 19:23:04,2018-02-19 00:00:00
e0e878e7eefd915b86e8b5714374642f,2641ed152a01cc9e2039a4f804b1d00e,delivered,2018-01-13 19:00:59,2018-01-13 19:10:09,2018-01-17 13:15:09,2018-02-06 14:41:31,2018-02-08 00:00:00
0ed6abcc6109716be10ab6409f1ac2ad,90bfa78fad7bdaccfaa0e53c36618d76,delivered,2017-08-08 17:08:38,2017-08-08 17:24:23,2017-08-09 19:57:34,2017-08-10 18:07:01,2017-08-21 00:00:00
941638a41a3674d12166261747988666,5a6464c1949c1fc4e9c61286e1ab8bfb,delivered,2018-07-05 10:28:04,2018-07-05 16:30:45,2018-07-05 11:13:00,2018-07-10 17:26:08,2018-07-24 00:00:00
ed630eb34ac30f8b3ddcc2c1fa0817b6,e2ce3791b4dacb29ca34be78e5d175e8,delivered,2017-10-11 01:46:04,2017-10-12 02:47:06,2017-10-13 17:08:08,2017-10-19 13:32:32,2017-10-30 00:00:00
5dea6e9d1fedb7b7e4500d453a72b24f,5aa19f9a70a5e435b72c8911dbf8837c,delivered,2018-01-22 10:22:14,2018-01-23 03:52:36,2018-01-23 21:58:40,2018-02-08 16:09:59,2018-02-20 00:00:00
d664d67f682d2aa4f5fda6490cbaac7e,0ac72807529b3b3c9592c2eacb8d3684,delivered,2018-01-15 20:44:57,2018-01-15 20:55:14,2018-01-16 18:53:39,2018-01-25 20:09:18,2018-02-05 00:00:00
c4aac60369f19fc04e495e8a1b488aae,5f0c1d9189499123a1a9d2b875e7c3ca,delivered,2017-11-16 12:10:36,2017-11-16 12:56:24,2017-11-17 16:18:46,2017-11-27 19:59:01,2017-12-05 00:00:00
f10cf325dd9d6daac881e5ce69289900,46ab7253267eebc50f6fb530162ccfc4,delivered,2017-07-17 14:55:52,2017-07-17 15:10:08,2017-07-18 19:44:52,2017-07-24 18:17:46,2017-08-08 00:00:00
b1334405900ad1c02d3521d59b962c6a,6a1c413924ef359fa6e250b31387ff81,delivered,2017-08-09 11:36:31,2017-08-09 11:50:20,2017-08-10 18:15:46,2017-08-21 19:12:43,2017-09-13 00:00:00
4b60fd433160958739b4e6194d1c9e76,15e031cf72d00a4301c5aee54ce84bd4,delivered,2018-03-08 22:19:42,2018-03-09 00:54:48,2018-03-09 18:28:52,2018-03-26 15:06:35,2018-03-29 00:00:00
8c2366c0870df5662275e9ffe715251f,b00a1172e089f67980f132489a69f7b3,delivered,2017-10-17 18:29:09,2017-10-17 18:42:11,2017-10-23 23:05:29,2017-10-26 14:24:52,2017-11-03 00:00:00
3d0ac16c18908323710b11d877c0cac8,65009cc605d502f1ec84d3f1bbe96d32,delivered,2017-09-24 23:17:08,2017-09-24 23:28:31,2017-09-26 11:44:31,2017-09-30 16:22:57,2017-10-17 00:00:00
80446aee36e09ebf4cb79585f6c9ce61,42cb2ed4340c69d79f2663a367bc4247,delivered,2017-09-11 19:16:38,2017-09-13 08:45:14,2017-09-15 17:57:48,2017-09-25 18:58:41,2017-09-29 00:00:00
34def17e25da93e8cfe1d1305424da3c,5d782a5c228663745794b7a3ee4a0174,delivered,2017-04-21 17:17:28,2017-04-21 17:25:10,2017-04-25 09:56:34,2017-05-24 09:17:33,2017-05-24 00:00:00
894378426814574808980ee678a0ca73,3d4cc88762643224a458e411e90c7aa7,delivered,2017-11-11 18:04:29,2017-11-14 15:07:27,2017-11-27 17:53:21,2017-12-11 20:57:11,2017-12-19 00:00:00
ff2d25d8b1b734099dee10e90e23a2ab,5650f596bc1b629003a76592b7a6b62f,delivered,2017-10-09 11:44:19,2017-10-10 11:56:16,2017-10-16 21:41:38,2017-10-31 00:22:33,2017-11-01 00:00:00
b01daae956b23211a3dd59e8c287ca32,6e9928253a51ce8d2956f25f2e5374ec,delivered,2017-02-06 17:06:39,2017-02-06 17:22:08,2017-02-09 10:45:39,2017-02-15 15:54:43,2017-03-03 00:00:00
eb07db9884e44e51d9f3f7e6ef2715d9,d742132fa21774454b21f5a511f05769,delivered,2018-08-23 11:48:36,2018-08-23 12:05:51,2018-08-24 12:17:00,2018-08-29 18:59:52,2018-09-10 00:00:00
b35130dc3381b58b5f96d10a31839601,f98d61da171a77960b2fdac4e68f3e98,delivered,2017-08-19 23:29:33,2017-08-19 23:45:24,2017-08-24 14:23:52,2017-09-05 22:32:13,2017-09-15 00:00:00
d90f70746b61ed0bb476ddaae181afd8,8e859deccb1b9270f7875a03b5fdb541,delivered,2018-08-25 01:54:44,2018-08-28 03:50:23,2018-08-28 13:51:00,2018-08-29 12:22:43,2018-08-31 00:00:00
959ee23c386c94d0f7b0c514b4901e97,e32e9fcffdbc48d88fa2788d44caf137,delivered,2018-06-05 17:21:33,2018-06-05 17:31:56,2018-06-06 14:59:00,2018-06-11 20:08:42,2018-07-05 00:00:00
d4f52552a58cc399ffbf49fe9e76764d,f57c075c9b45c34396df2be3914bcaa9,delivered,2017-10-17 12:31:27,2017-10-17 12:49:15,2017-10-17 17:47:34,2017-10-23 20:18:08,2017-11-08 00:00:00
0bda83aa61608436c3403ca200bf12d5,0ae0de8878f54a5f877f99d19ce170da,delivered,2018-02-26 18:27:46,2018-02-28 09:56:30,2018-03-01 13:59:02,2018-03-29 23:42:46,2018-03-16 00:00:00
f803d953d504e923f69704f85b325828,fda351bb234bfb1c3f23845d382a6459,delivered,2018-02-25 20:06:05,2018-02-25 20:27:40,2018-02-27 17:53:29,2018-03-19 23:26:26,2018-03-16 00:00:00
03a479456d2571485ebce285eef65f61,8f37df550dae5039e7ec425e50d733c7,delivered,2017-03-03 20:07:07,2017-03-07 04:23:24,2017-03-08 11:24:32,2017-03-14 09:42:07,2017-03-31 00:00:00
71774e242c494c1fdc4b7a8cac4bdbde,707e79c2722a29a199a8f6b2c589b43a,delivered,2018-05-08 21:07:58,2018-05-08 21:34:12,2018-05-10 15:36:00,2018-05-18 15:59:43,2018-05-25 00:00:00
231f4f9f13fd282b6e1b00f4c7a3cb2c,ba0fefcb2638aa7ac95763634110c854,delivered,2017-08-15 13:30:12,2017-08-16 15:24:42,2017-08-17 19:50:07,2017-09-01 22:13:56,2017-09-06 00:00:00
5b162b218962d6f3b7c0d0f3bec7920d,e55f78dcdbfeba4a7578affac35e4889,delivered,2017-11-12 14:00:56,2017-11-12 14:15:54,2017-11-17 18:42:03,2017-11-20 13:37:37,2017-11-27 00:00:00
b052e6909e7bb217c24f5ac9225176bd,6ab2d8e87029b03f4a8c47022b491d0c,delivered,2018-04-10 07:13:04,2018-04-10 07:35:21,2018-04-11 20:26:25,2018-04-12 21:04:47,2018-04-26 00:00:00
426787854631af08093236fbcd0cd554,17c1e97e812a1af21d9378c5d28e0c4d,delivered,2017-12-09 00:14:13,2017-12-09 01:02:05,2017-12-12 21:10:10,2018-01-24 18:22:49,2018-01-10 00:00:00
d95d7dc42c0d8218358ebeabc7bb5dfc,275b7e2a536846171dae7ac0326847b6,delivered,2018-05-30 11:44:37,2018-05-30 11:55:22,2018-06-01 19:09:00,2018-06-02 20:42:34,2018-06-25 00:00:00
1bbe8ccf8a821a0117ad33a62aba2de9,3f0d84bf2d3f467cef7e0c382c08d4ba,delivered,2017-11-29 13:40:48,2017-11-29 13:51:38,2017-11-30 20:54:37,2017-12-08 18:32:12,2017-12-21 00:00:00
e709c7cfc846b9fc5df47d1ed1bdfd17,8085ae0518357c1937622a6375bd5987,delivered,2017-08-08 20:39:34,2017-08-09 20:45:10,2017-08-15 19:16:39,2017-08-25 18:54:57,2017-09-01 00:00:00
c5f1d29b8bc4a975508962be343e62a7,98c2fd3ae186615edec73fb0e8927c74,delivered,2018-01-24 11:18:27,2018-01-24 15:15:37,2018-01-25 20:15:11,2018-02-14 17:42:03,2018-03-06 00:00:00
7a40bb8803549af172ca4403ff436229,0c94220b129baa8396dd8d3d11aaa012,delivered,2018-07-16 18:18:53,2018-07-16 18:30:24,2018-07-18 14:24:00,2018-07-24 01:36:33,2018-07-31 00:00:00
9c29c9f7f44bf05a332d8f22212941b7,ff20ff0d4c2d7dde8622bf9875f32455,delivered,2018-02-26 11:45:47,2018-02-26 12:11:07,2018-02-27 20:18:37,2018-03-05 23:24:37,2018-03-16 00:00:00
6f09086a54ed13a7f152d6339e2ee5a3,77ef5c4759ca73c972dd784c5110def1,delivered,2018-06-26 09:51:04,2018-06-26 10:18:00,2018-06-26 09:08:00,2018-06-28 16:32:10,2018-07-20 00:00:00
08c7d364923b6238c246df0fab24d907,32077254957a1045786d8999f60b0ed1,delivered,2018-07-26 19:02:24,2018-07-26 19:15:22,2018-07-27 13:05:00,2018-08-02 21:49:09,2018-08-10 00:00:00
eb9e77ffb4019d5cd410157dfb294a12,251157d543994b7844f57ebb1faacc9e,delivered,2018-08-06 18:47:58,2018-08-06 19:05:07,2018-08-07 15:56:00,2018-08-13 22:28:53,2018-08-16 00:00:00
69a94e2d31f0198e63979f367def14a4,9ed469c8d1d0bf9d5a658638d18792ab,delivered,2017-08-28 14:03:13,2017-08-28 14:15:20,2017-08-29 22:13:48,2017-09-22 12:38:33,2017-09-19 00:00:00
f2fef86d37e16a1ecdf91073beba7f7b,ef486f9c35f2768e544a03fee7eea271,delivered,2018-02-09 19:00:57,2018-02-15 03:47:53,2018-02-20 00:12:54,2018-03-10 17:31:50,2018-03-12 00:00:00
5a670c4229b1cbe58d67f3afde248f75,d5f904394797111628341b09859b9033,delivered,2017-04-05 21:01:30,2017-04-05 21:10:19,2017-04-11 14:53:11,2017-04-18 15:37:28,2017-05-09 00:00:00
3c3ca087887f2b8c2f3ef5abfb394b34,6dddb82049ca3cf8422968938e38fd8e,delivered,2017-10-09 13:54:06,2017-10-09 14:07:27,2017-10-19 18:58:47,2017-10-25 18:23:25,2017-11-07 00:00:00
f2b5da311599254a9d04390c96244c22,86cb529a5c2e233bd4933e6cb0fbcbe9,delivered,2018-01-15 08:11:20,2018-01-15 08:19:29,2018-01-17 12:22:51,2018-01-25 15:27:41,2018-02-19 00:00:00
1864e41539736858aa1100d27cf3f34c,8fa5f134e902516a13767d7841a201a4,delivered,2018-02-22 19:57:36,2018-02-22 20:15:26,2018-02-26 17:47:55,2018-03-13 00:33:07,2018-03-14 00:00:00
cf1e42750dfb79bff91aebe7606024b8,57519c5cbf6b7c0d2d9cd3ccbd173776,delivered,2018-02-28 11:02:25,2018-03-01 10:55:38,2018-03-02 00:06:24,2018-03-05 23:24:32,2018-03-23 00:00:00
91e1117f4e261dce48c8dbc09d8f2d2e,8835b132f4072ae00a43842d4259f4bf,delivered,2017-10-03 13:02:29,2017-10-03 13:14:15,2017-10-11 16:57:42,2017-10-30 21:12:53,2017-11-01 00:00:00
af280fa42594012b761cf6fae7981e53,6d607d5d7f46610dccedc75f2da46aa4,delivered,2017-06-16 10:32:52,2017-06-16 11:03:14,2017-06-16 15:38:00,2017-06-26 14:27:58,2017-07-10 00:00:00
b07244447d6e71d93891e79c556a7fc0,28504732e766e313c5e693c4859dfdd4,delivered,2018-08-16 21:58:25,2018-08-16 22:10:12,2018-08-17 14:31:00,2018-08-20 20:45:46,2018-08-27 00:00:00
973e2efa6a19ac5083691b9deb4c0a51,864a2a7ce82f1570f7c43d4f63b19e13,delivered,2017-05-23 23:43:45,2017-05-25 03:05:19,2017-05-25 08:41:22,2017-05-26 12:20:06,2017-06-05 00:00:00
871a8acf3aa24b340ca528120ddea498,2b7fb0fbf3c88895ab581f348ebd8534,delivered,2018-07-09 21:18:54,2018-07-09 21:30:20,2018-07-10 14:21:00,2018-08-02 10:48:42,2018-08-07 00:00:00
fca7deffeedcea19b2401f1e5ab3ec88,87f250ea5725f77f52e356c715e11f71,delivered,2017-08-26 11:30:33,2017-08-26 11:44:36,2017-08-29 19:29:07,2017-08-31 20:36:04,2017-09-14 00:00:00
11d7140d6b8215c6277987fe827e932b,a5a43c1ea3080ebec9a85b2367a8ceb1,delivered,2017-06-10 23:12:16,2017-06-10 23:35:12,2017-06-12 09:33:58,2017-07-03 13:03:28,2017-07-17 00:00:00
4529e58edfd8d45fdef9eaa1d6efdc64,17d3a01bdf43e1e6b3b756b452285ff8,delivered,2018-05-07 23:25:00,2018-05-07 23:35:19,2018-05-08 15:06:00,2018-05-09 21:04:49,2018-05-15 00:00:00
72057e22b4e99820f18ad51861441403,ffc5e5000221495c2cbb2b099aaec969,delivered,2018-05-04 10:20:52,2018-05-04 10:35:22,2018-05-09 15:48:00,2018-05-14 17:11:20,2018-05-30 00:00:00
7411e80d3c6186c9bf63c006a63c2217,019689350fe9ec51d6d9fcd76119e2fa,delivered,2018-06-24 10:15:55,2018-06-24 10:37:26,2018-06-25 14:06:00,2018-06-26 17:06:24,2018-07-05 00:00:00
130aa16eb157e7606fcafbd807c8048e,1bf2e63bdc996f880d01aa10e1c0ccbf,delivered,2017-12-03 17:28:57,2017-12-03 17:38:27,2017-12-04 23:53:45,2017-12-13 20:51:50,2017-12-28 00:00:00
a3a15a66006f9f79c98af9fce34528c8,d071e3123f9aa9cf5d7e3ae442be714e,delivered,2017-08-04 14:43:14,2017-08-06 06:43:36,2017-08-10 20:02:48,2017-08-15 15:18:01,2017-08-22 00:00:00
d9423f55c7be4e211b72f44048af2e85,ab881147da1ddd537990ea95a8020658,delivered,2018-01-15 22:09:40,2018-01-15 22:16:23,2018-01-16 16:25:16,2018-01-17 18:45:01,2018-01-30 00:00:00
89aa5a1ef8d3384037aafd0237d6bfed,3fb5f8030f93b5204eaf2c47c0a585c1,delivered,2017-11-17 20:01:36,2017-11-18 19:55:31,2017-11-20 17:48:59,2017-11-24 23:34:40,2017-12-13 00:00:00
deb3f34662531c400f2cf97687de399a,0f684a3f14d10efbcb72b61453fc70d8,delivered,2018-04-26 19:16:03,2018-04-27 03:31:27,2018-04-28 07:58:00,2018-05-04 17:26:47,2018-05-21 00:00:00
4b9d1bbbeed0481ecc124c66e355896f,81d2735c182aa1e22506ec0a4d4995a4,delivered,2018-02-26 20:03:24,2018-02-26 20:15:33,2018-02-28 23:38:59,2018-03-06 02:05:01,2018-03-16 00:00:00
f48002abf6b605f05930183c385a0394,1a676431a620077bb8729856a39ac786,delivered,2017-12-14 16:53:48,2017-12-14 17:12:58,2017-12-18 18:35:20,2017-12-19 16:56:42,2018-01-04 00:00:00
f3935b4a43b6bc12591c72b6ad294545,20b27915712e4c0d8fb8384741cf6d86,delivered,2018-04-30 14:12:49,2018-05-01 14:17:11,2018-05-03 13:43:00,2018-05-07 11:03:26,2018-05-18 00:00:00
16486a722e7ef2992f499bb582a9f6a6,059147b644b5fc4e482504191b6be413,delivered,2017-05-30 08:42:12,2017-05-31 15:10:11,2017-06-01 16:53:54,2017-06-05 13:06:06,2017-06-12 00:00:00
c6d1de0a9015ea666f5291f62ffb15db,5c6a67fc3400c83c6a6e92fdba6600f6,delivered,2017-03-02 11:30:42,2017-03-02 11:42:32,2017-03-08 16:20:45,2017-03-23 17:08:14,2017-03-23 00:00:00
b7b4aa00d4e97c4edffa122ab906663e,42f7e5e06913e03368d002ce39aef221,delivered,2017-08-20 00:33:18,2017-08-20 00:45:12,2017-08-21 13:33:31,2017-08-23 21:56:45,2017-09-13 00:00:00
261f7ff907490323f35d83f257331429,90aac89ef19b7b6d5817ab9608086b55,delivered,2017-07-14 12:54:14,2017-07-14 13:05:21,2017-07-14 20:21:23,2017-07-26 18:47:40,2017-08-07 00:00:00
6ce285ecc898105204fa22cd55838f01,166edd23a0a1e9e5d30b2f5419cdcb05,delivered,2018-07-23 16:49:33,2018-07-23 17:25:21,2018-07-24 13:48:00,2018-07-30 18:58:44,2018-08-06 00:00:00
eaf12ffc755350557bcfe369802f6afb,64fec10d12ca322689ad22677ce78228,delivered,2018-01-23 14:31:25,2018-01-25 02:38:13,2018-01-26 19:07:05,2018-02-09 22:48:53,2018-02-20 00:00:00
3b397f64a95c43a2f51b2b75b1f0ad53,12535a12a38599a1966032a195704ce0,delivered,2017-03-20 22:57:53,2017-03-20 22:57:53,2017-03-21 15:15:19,2017-03-29 13:22:46,2017-04-12 00:00:00
526ad2823ac462d2de62d9747db765e6,36a8a446b9a461c4ad8763d0e314efd1,delivered,2018-01-11 12:06:58,2018-01-12 12:08:40,2018-01-13 01:08:55,2018-01-19 18:19:09,2018-02-08 00:00:00
57478ee9ef95eb7cdf2d930b8ff9ff80,3a7417de540e3e66a399a5b0555909ce,delivered,2018-05-10 16:10:47,2018-05-10 16:32:29,2018-05-11 12:49:00,2018-05-14 19:41:40,2018-05-18 00:00:00
9354409c9ecd338d805ab1908f24614f,7db8b504556b394dbe3e602a9b842112,delivered,2018-01-23 14:06:03,2018-01-23 14:16:52,2018-01-25 15:13:21,2018-02-06 17:54:51,2018-02-20 00:00:00
b71bafc912a84d7b1e013e39a1eb30d0,4d9440d6bad7a880e55ab9dfe1bcb64e,delivered,2018-01-05 17:35:23,2018-01-05 17:48:15,2018-01-08 16:08:31,2018-01-17 18:49:11,2018-02-05 00:00:00
59f57538f2bcce08e3c18db962cfee83,cbc8bda19960ddbaa52c958ed055b4ad,delivered,2018-05-22 23:20:45,2018-05-22 23:36:13,2018-05-23 09:40:00,2018-06-04 21:14:41,2018-06-13 00:00:00
4d7abbf4bd3bb90f0dc241c1a6b2f1a1,87a05ffc09fec3ecc019b43bb15ce666,delivered,2017-10-31 19:22:42,2017-10-31 19:35:20,2017-11-03 13:39:55,2017-11-21 19:59:06,2017-11-23 00:00:00
693a9ad555486a066084766cdf4936b4,305bb505e791c143fcdc1d16a1718424,delivered,2017-10-30 21:22:07,2017-10-30 22:31:40,2017-10-31 16:53:09,2017-11-01 23:45:47,2017-11-07 00:00:00
790a2b1cebf279ed28bf91f4fe91478c,4ea820653bf7274276f572b286e50726,delivered,2018-05-25 09:27:20,2018-05-26 02:32:00,2018-05-29 14:20:00,2018-06-07 20:50:31,2018-07-13 00:00:00
88d32cb1d354ec367320704311294d01,bf69ac4b00984821a9dc9fa0376adf13,delivered,2018-05-10 00:20:33,2018-05-11 03:10:36,2018-05-11 15:27:00,2018-05-14 22:12:56,2018-05-21 00:00:00
c505b8336db9c66f9459056a2ec767b5,1c23fa37a6dcae855a1ee2960ca1c957,delivered,2018-05-22 13:59:54,2018-05-23 02:15:36,2018-06-06 12:19:00,2018-06-12 09:26:38,2018-06-21 00:00:00
382a503d9d9928675c03cb26ea99b262,a71c238a73216055be790a966f67ab94,delivered,2017-08-06 19:40:37,2017-08-06 19:55:06,2017-08-07 19:53:57,2017-08-11 13:49:50,2017-08-25 00:00:00
ead580bdf680588f049074cfa8f03a42,679ae9b8395821e7a50e517e4cae8369,delivered,2018-06-21 19:53:51,2018-06-21 20:17:22,2018-06-22 14:38:00,2018-06-26 23:41:27,2018-07-17 00:00:00
f179e0782e0180bc2ec9ce167d4cf245,fd7bd7bf90e739374de93e267e197779,delivered,2017-12-05 09:03:19,2017-12-06 02:35:39,2017-12-11 12:49:54,2017-12-20 15:39:10,2017-12-29 00:00:00
b365b927da19a3d58a252e1c5695c86c,4ea8dcc1472a40a7ed05115927623357,delivered,2018-01-20 09:07:59,2018-01-20 09:19:29,2018-01-24 19:17:03,2018-01-26 21:23:19,2018-02-09 00:00:00
58ee901dc817aa7f36518d079340b80f,2433b1918b00716d9d91da3cdc60f337,delivered,2018-07-28 13:12:37,2018-07-28 14:30:34,2018-07-30 10:58:00,2018-08-09 22:32:19,2018-08-27 00:00:00
4d90b804bc04b2dea71b520adfd36eb8,0375082957a62e6c63866be3c7b72d62,delivered,2018-01-10 13:11:27,2018-01-10 13:29:21,2018-01-13 15:04:01,2018-02-07 14:37:04,2018-02-16 00:00:00
9c27c0e9a3ff1c62ceecc6b160ae7c63,dbd6a2400132cc0889c206bb2cbfbc20,delivered,2018-08-15 17:29:23,2018-08-16 03:15:14,2018-08-17 12:49:00,2018-08-23 17:14:42,2018-09-04 00:00:00
e41e5861711a10524b80a63d022ae776,356925b87c2dcdeb8a091850d14691b7,delivered,2018-06-07 00:14:28,2018-06-07 00:33:54,2018-06-07 11:58:00,2018-06-20 16:38:43,2018-07-19 00:00:00
9a0b40ce54455397568178b50178b29e,6c4b51a890b7b2262c9cf629ffd49662,delivered,2018-07-20 06:49:07,2018-07-20 07:05:07,2018-07-20 14:18:00,2018-07-26 14:42:12,2018-08-10 00:00:00
e18cae15f26662973fbe293e695ffcef,53ee287b218a0da1c0b0d15a6017ba25,delivered,2018-05-01 07:11:23,2018-05-01 07:33:17,2018-05-03 11:51:00,2018-05-09 00:32:50,2018-05-28 00:00:00
507a4eb733d930ed7dfc37c2dbe4e264,a20addfde19c0adbe45c295c7a2c996d,delivered,2017-03-31 09:25:38,2017-03-31 09:35:10,2017-04-04 13:52:46,2017-04-10 15:32:56,2017-04-20 00:00:00
8af8d03ef1d18e7e6c062eb26d9cb36e,ad4b675c609e42cdd90bba269e85ab2f,delivered,2017-11-25 10:48:32,2017-12-01 10:18:22,2017-12-07 21:04:27,2018-01-10 19:49:14,2017-12-20 00:00:00
cecff548587c9609f2223971989c94c0,571ba6aeea77442576c856df457f6fae,delivered,2018-03-16 17:24:05,2018-03-20 03:35:50,2018-03-20 18:58:37,2018-04-11 19:48:39,2018-04-10 00:00:00
fa3b973e0d6218a2905cf9808c158794,ded41dd5d45a3f9b3d2d5bd45d0e9854,delivered,2017-04-29 22:56:36,2017-04-29 23:05:15,2017-05-02 14:11:44,2017-05-18 16:33:19,2017-05-25 00:00:00
6232b520aa859c47ba46e5213737f418,806be13e55f43711b59f751f9ee83022,delivered,2018-06-15 12:52:05,2018-06-15 13:27:02,2018-06-19 13:53:00,2018-06-22 15:49:46,2018-07-16 00:00:00
d889189b765c3c0257ebfbb1ddc34770,90e7af04b062293612daafa7b0ecce5c,delivered,2018-04-07 18:26:07,2018-04-07 18:35:20,2018-04-10 22:24:42,2018-04-14 15:04:10,2018-05-02 00:00:00
5bf626cfef41ba2207e9c4ac9b380a64,e8c877f8b1b721e6fa10da9c3344c203,delivered,2018-08-08 22:22:49,2018-08-10 04:35:12,2018-08-10 12:07:00,2018-08-15 21:21:55,2018-08-16 00:00:00
4f164373da991b6595b609372262a23f,7d5dd0076e9b3b10de042c179d8c3d30,delivered,2018-08-25 13:12:08,2018-08-25 13:25:14,2018-08-27 12:26:00,2018-08-30 20:22:49,2018-09-14 00:00:00
5f82563eed1525084af012688a78398a,2c4801b37ab30b93c7fa391bb6ce2262,delivered,2017-09-26 06:53:22,2017-09-26 07:07:14,2017-09-26 13:20:05,2017-10-04 18:04:40,2017-10-31 00:00:00
3223c7798d7a714bf9d03c6e231869e6,811c8afc0c386eaaa5e62ef0735a02d2,delivered,2018-01-24 22:40:31,2018-01-24 22:52:48,2018-01-30 20:08:50,2018-02-19 19:41:41,2018-02-20 00:00:00
29e24ac120419e4326f0eb7913263af0,7bf997d6e16e6117b8312922c7408e10,delivered,2018-03-01 08:28:39,2018-03-03 02:50:56,2018-03-05 18:54:56,2018-03-28 18:17:22,2018-04-03 00:00:00
3d3977c331c2a5e7da23ea7057a4c317,7440dd9d4b5993f2cd33d845b5edab9a,delivered,2017-02-21 15:10:23,2017-02-22 15:15:14,2017-02-23 14:07:06,2017-03-01 07:06:10,2017-03-28 00:00:00
59432b04b996ae5d0d88267d392b8d6b,66fcc26a7306112192f93dce340df792,delivered,2017-12-17 16:22:31,2017-12-17 17:30:29,2017-12-18 22:10:37,2018-01-09 15:06:33,2018-01-15 00:00:00
9cc8a145d8be894ab07cdbd8503c4887,a3fc5aa6679a45c8d0dd3036c9ee246b,delivered,2017-11-28 10:44:35,2017-12-03 23:36:19,2017-11-28 22:15:58,2017-12-18 19:44:08,2017-12-21 00:00:00
49f0bd432488ec2cc7a18c0c786b743f,26328ed3f717aded9acf47ee065fddff,delivered,2017-12-11 21:53:31,2017-12-11 23:31:42,2017-12-12 16:19:42,2017-12-13 21:52:04,2017-12-28 00:00:00
9fb02202e7778ace9ab4c5bd3d1fc95d,740e4bdbbba1f7da2c2819d324fdc3cf,delivered,2018-05-14 16:49:19,2018-05-14 17:18:37,2018-05-15 11:00:00,2018-05-18 17:15:36,2018-06-05 00:00:00
26f12055119a6272956b9ceaef2a6233,0f75bccc040aa9f03477f4fe05c62433,delivered,2017-11-30 16:09:58,2017-12-02 02:38:26,2017-12-05 17:32:57,2017-12-08 19:51:20,2017-12-18 00:00:00
603691890e2bc99b1ae66b9e7ecbe3d4,b9fc6416c13c5387ce1652b003b18057,delivered,2018-06-18 11:50:25,2018-06-18 12:37:16,2018-06-20 06:41:00,2018-06-26 22:48:39,2018-07-20 00:00:00
725bc6e0462790b11f170e3729723857,765c00b61706e22bee156446e592a050,delivered,2018-08-22 12:32:55,2018-08-22 12:44:30,2018-08-22 14:01:00,2018-08-24 17:03:55,2018-08-29 00:00:00
b36d2e6b1781d380e140608a4e831277,56ffad14ea1b4d2661e975f95f50f89b,delivered,2018-08-09 19:17:50,2018-08-09 19:30:11,2018-08-10 12:34:00,2018-08-22 18:04:27,2018-10-04 00:00:00
4d04e8e9cb2a2dacee258022e86cc1ec,17f213c0ec73d313a15ffd954cab9a5c,delivered,2018-01-16 14:17:15,2018-01-18 02:12:50,2018-01-18 18:02:37,2018-01-30 18:57:01,2018-02-07 00:00:00
49e46b4388f4b9ea96901467bd26eb6d,788cffe37a94186e4ad9a9940f0f858f,delivered,2018-08-03 20:20:47,2018-08-03 20:30:31,2018-08-07 14:21:00,2018-08-13 09:47:40,2018-08-14 00:00:00
639a1c4782f8e67202d43d0e4b72e721,bf4f764d039ad2c41e7f94962cfc022e,delivered,2018-06-26 11:01:47,2018-06-26 11:18:21,2018-06-26 15:13:00,2018-06-28 18:24:59,2018-07-16 00:00:00
1e7d79d08a87fbdc49009885f8990ccc,19c17c9f5ab0bbaeed20dafcb417af40,delivered,2018-08-21 14:51:23,2018-08-21 15:10:20,2018-08-23 14:09:00,2018-08-29 22:40:38,2018-09-05 00:00:00
d7f0f03f8aff02c307964f1ecb044a5f,1d2830eca44109fe01eb92696f99baf9,delivered,2018-08-05 13:31:47,2018-08-07 04:24:43,2018-08-10 08:21:00,2018-08-13 16:48:47,2018-08-09 00:00:00
734fd23f82c457088580cf5a8c9da909,586917ded6789bf18fbd8db6e5683e6c,delivered,2018-08-27 19:32:27,2018-08-27 19:45:11,2018-08-29 14:43:00,2018-08-30 16:41:14,2018-08-30 00:00:00
9a0b6a2c842e5a42bef91fa4c7dea9c4,e02cd9861f07833a0aa0e073527e81a8,delivered,2017-09-20 08:54:48,2017-09-21 09:04:42,2017-09-21 18:23:46,2017-10-03 12:05:29,2017-10-17 00:00:00
bd54f9327a96271651655fe63b50ec1c,2588251e64ec416355e9fad44250ab48,delivered,2017-11-25 12:44:30,2017-11-27 12:36:33,2017-11-28 18:44:44,2017-12-20 18:11:34,2017-12-19 00:00:00
d73c0976dbad3c54466df6b139b1ef3d,e48daab64bc1fe72f52a30f594d4c338,delivered,2018-07-24 16:42:40,2018-07-24 16:55:29,2018-07-27 19:02:00,2018-07-30 17:58:47,2018-08-02 00:00:00
6bac466acd309707eec8a7db441a4e57,cec95d0ac6407b8ee8f5a56c45dfcfec,delivered,2017-11-27 20:21:56,2017-11-27 20:39:12,2017-12-01 19:32:56,2017-12-14 23:04:45,2018-01-02 00:00:00
27117619ffada8253dc8cf4d4719ba6c,2dbb8beaee5122cd247ae28b0caa47c1,delivered,2018-02-12 15:43:33,2018-02-15 04:07:14,2018-02-19 23:13:15,2018-03-06 21:23:59,2018-03-19 00:00:00
1ed30df5fa6886743c4509f8bd1a3241,50096615bb761a7405c8554e3df4c345,delivered,2018-08-25 11:48:35,2018-08-25 12:04:50,2018-08-27 15:03:00,2018-08-30 19:32:43,2018-09-26 00:00:00
4ae524821b5a89c26637f2dbba54c40e,5e84c9adddbf5d43f14223c9da669158,delivered,2018-01-15 19:16:01,2018-01-15 19:30:15,2018-01-16 23:15:06,2018-01-31 15:52:54,2018-02-07 00:00:00
ed6b3b6afee46b97b6fbd13ce3856908,9432ed5b2d7363a1b99291be9ba4bfcd,delivered,2017-09-08 15:41:01,2017-09-08 16:04:44,2017-09-14 19:29:46,2017-09-22 20:04:03,2017-10-04 00:00:00
b52b4c23e1d9e705c8d31ab607ae9b50,900a671e292964b344e101ca2e529adb,delivered,2017-07-25 21:15:28,2017-07-28 15:35:48,2017-08-02 21:00:24,2017-08-17 21:32:56,2017-08-24 00:00:00
e18cd51191ffbe2bca934d1d13805164,5c134dca7df257cb7068eefacd04e00b,shipped,2017-12-15 11:46:19,2017-12-15 11:53:31,2017-12-19 22:58:38,,2018-01-11 00:00:00
0667371275636232a05d55f2a8eada60,79e4ac5ef12e80fa1a850417b9c2156a,delivered,2018-07-08 12:06:00,2018-07-08 12:25:22,2018-07-10 15:27:00,2018-07-24 00:32:19,2018-07-31 00:00:00
7fc1ceacc9c0bddef529dcb6bf398d30,1de558d80912c90b13b12b010e5ffd85,delivered,2018-04-10 18:23:04,2018-04-11 05:50:38,2018-04-11 19:22:29,2018-05-07 20:20:50,2018-05-09 00:00:00
5ca8f6d85ddd134a1a7fb558f60bf4d6,72f69fec8952b98662e01f015c972571,delivered,2017-07-14 19:52:15,2017-07-14 20:05:13,2017-07-17 17:13:59,2017-08-04 16:57:44,2017-08-07 00:00:00
1dc01549b7e7404a9663b7d77306c897,1d09c130d3adbdc6384d4dd13880111b,delivered,2017-09-26 16:53:25,2017-09-26 17:07:18,2017-09-29 22:42:11,2017-10-15 14:02:44,2017-10-30 00:00:00
40956e6dd1d3604c48f437352e4dc3d3,3054b6322c7112b56c441d044a5b7033,delivered,2017-09-07 21:32:35,2017-09-07 21:43:59,2017-09-08 21:14:43,2017-09-22 17:04:10,2017-10-03 00:00:00
8f3440c3e7e7b3e7162c1c7edbab894d,7be16f4343bb4890564d03bdb43fbbe8,delivered,2018-03-22 15:50:27,2018-03-22 16:30:24,2018-03-26 14:46:33,2018-04-03 21:54:50,2018-05-09 00:00:00
0aeb3ec8a78414261730773ddc9d2f7a,766794bf292c3927755733bb52bd8814,delivered,2018-04-13 10:32:03,2018-04-13 10:50:15,2018-04-17 21:58:47,2018-04-24 21:47:55,2018-05-07 00:00:00
2f252e33ea680956431ba9c2f5c87fe4,13d4bfc7473f56b5218e656f80d2ac67,delivered,2017-09-26 16:37:30,2017-09-26 16:49:40,2017-09-28 17:52:37,2017-10-03 21:57:59,2017-10-19 00:00:00
5d2726f66ddaedbbef6d80ef66af0611,ec3c600305eb7f12a8e1033a61d335c8,delivered,2018-04-19 10:03:25,2018-04-20 10:10:11,2018-04-20 21:11:44,2018-04-25 19:32:53,2018-05-18 00:00:00
e40ab8f901bb919f04246d31ab76970c,d059c0ff27cf08f6d6c79bb6926c69b0,delivered,2018-01-02 17:42:24,2018-01-02 17:50:26,2018-01-03 17:23:03,2018-01-09 19:51:35,2018-02-01 00:00:00
80f1cd10d65b7d075be1ebc1a7fac86e,26eb046265602aeb0c810dfd1e4e329e,delivered,2017-05-16 22:39:06,2017-05-16 22:50:11,2017-05-17 15:17:03,2017-05-22 09:46:02,2017-06-08 00:00:00
c7a148eaa21451580d307090417eae25,6927bd0a23db4343c12b52a5687a4294,delivered,2018-01-25 19:44:53,2018-01-25 19:52:38,2018-01-26 15:52:28,2018-02-01 15:09:36,2018-02-09 00:00:00
46c25d5c696b53935b00b3e3fa555d20,b8733d8c52eb81f4ae5ce655728ff6dd,unavailable,2017-06-29 19:41:31,2017-06-30 03:03:47,,,2017-07-19 00:00:00
0785459f4688c430590e9ef6eff2fecb,54081452326c25cde023a4c5a7850275,delivered,2018-08-27 20:03:07,2018-08-27 20:15:23,2018-08-28 12:07:00,2018-08-30 18:48:47,2018-08-31 00:00:00
8fac65a1f16b2cad7dc493842c75a310,eb051f57608807c376e494d2ea16beac,delivered,2017-08-11 09:11:52,2017-08-11 09:24:09,2017-08-11 18:20:03,2017-08-23 20:25:56,2017-09-04 00:00:00
02852b112ad108b3d2b3d4ee198d84a8,c45b7286a9a5cdce0152978d9f615be6,delivered,2017-11-25 11:58:17,2017-11-26 13:35:23,2018-01-04 20:18:57,2018-01-13 20:43:38,2017-12-22 00:00:00
920a1599f73c0a2ddadfb7caedcbda60,6d1637fdd19ffcde57f5e3f3eb6f79f4,delivered,2018-08-22 11:06:32,2018-08-24 03:24:21,2018-08-24 09:59:00,2018-08-30 15:52:43,2018-09-10 00:00:00
0b7b12a402b064d880d3cb31051f6d29,f4896997a6a8f1e3d089a04a44c39d71,delivered,2017-12-02 14:49:30,2017-12-02 15:01:09,2017-12-04 20:13:03,2018-04-19 21:18:52,2018-01-05 00:00:00
470a0f13c7dcaed98920bf6dd918e09f,17f71d3ec98d6d36f97a7378abc54c5f,delivered,2018-06-13 09:20:21,2018-06-15 02:36:58,2018-06-20 16:57:00,2018-06-29 19:05:12,2018-07-18 00:00:00
4740fa59dd02d134ab8df371622cf38f,e1bd5bd86021b5bd95f9be2b1741aff2,delivered,2018-01-16 12:58:28,2018-01-16 13:10:12,2018-01-17 15:29:16,2018-01-25 00:24:44,2018-02-06 00:00:00
502668fa85b6cff5243cf74ce4100182,d9ed2aaa4a3d2f49678445758a0ec6e9,delivered,2017-06-09 03:00:26,2017-06-09 03:10:13,2017-06-14 13:37:09,2017-06-23 13:09:09,2017-07-06 00:00:00
d1c90196444f5facb3a682e1a531abd7,299f38e2449cce61d9f3a2530c1d91c8,delivered,2017-02-27 15:16:24,2017-02-27 15:25:14,2017-03-02 06:57:32,2017-03-08 11:22:27,2017-03-23 00:00:00
cb3b734d623b7ce468162b6ccea8fae2,1adcfb4ea0149f959526939db0931e6a,delivered,2017-11-28 17:05:19,2017-11-28 17:56:28,2017-12-02 00:07:10,2017-12-05 00:58:49,2017-12-12 00:00:00
705eccb4d371ea1443a991787d36b59c,c22bd57c8f9d1cccc8084b844f125ec6,delivered,2017-12-22 17:16:42,2017-12-22 18:03:04,2017-12-27 20:48:43,2018-01-17 16:36:45,2018-01-26 00:00:00
62c71810c2add37afce40e5e272e0544,d7d1ccd6923eea9afd77651827d074d5,delivered,2017-10-19 13:47:21,2017-10-19 14:06:23,2017-10-20 14:29:35,2017-10-26 21:12:23,2017-11-14 00:00:00
93677192c2b70d8aa87b208b46fe9a09,75a1c32fcf51a0bf90ca27da1d941733,delivered,2017-11-01 14:41:55,2017-11-01 14:55:16,2017-11-03 19:37:05,2017-11-08 16:58:48,2017-11-22 00:00:00
21446a89bd1b60e7daab9013a9b1f6de,1e25d71519f5fca49a912fe5846ef99b,delivered,2018-02-28 19:40:09,2018-03-02 02:10:37,2018-03-07 23:35:16,2018-04-19 21:16:58,2018-03-29 00:00:00
402e0a2ad64d2f2b8f0d06d436789aca,84c6bfb65cffd4c4fbaabe31622495f5,unavailable,2017-10-21 10:58:06,2017-10-23 16:49:18,,,2017-11-09 00:00:00
54b3dff57c665f797e9738df1014f9a0,e6a8ddc665d485959f163c554026e76e,delivered,2017-02-07 21:06:40,2017-02-07 21:15:11,2017-02-08 11:29:50,2017-02-15 15:38:51,2017-03-22 00:00:00
192082962267d28289dfce5229891db6,00a5ee1a809dde5ccdb5b8c58531c343,delivered,2018-01-28 19:17:00,2018-01-28 19:30:25,2018-01-30 20:27:53,2018-01-31 18:33:22,2018-02-14 00:00:00
47a60b8da8b1f9287e940ef3d33473c0,c8564f088dc3ca12afd07f1515fc5386,delivered,2018-03-17 00:48:51,2018-03-17 01:08:37,2018-03-20 01:48:46,2018-04-11 01:16:46,2018-04-09 00:00:00
de3be1cacca82247456d8ed36f4f9c63,af6c81f9ed3f319046388c170dacb02e,delivered,2017-04-23 22:25:12,2017-04-23 22:35:13,2017-04-26 09:22:18,2017-05-09 08:53:05,2017-05-15 00:00:00
77c25f4b196368d4d43fb319b5d6ae80,ccc028642cff4a3356f1ddb0a62700b3,delivered,2018-02-28 10:21:56,2018-02-28 10:35:35,2018-03-12 23:48:54,2018-03-24 14:32:10,2018-04-02 00:00:00
5f584984f781a737f7a40522e1e8db52,28b4954efb44438d6b8eddc52ed8c341,delivered,2018-08-07 19:58:03,2018-08-08 03:30:26,2018-08-08 15:05:00,2018-08-13 17:47:49,2018-08-22 00:00:00
8e0fcebda1a183b81c2349510bd90cb0,924d6470ea6beda5369225f276e6cd5b,delivered,2018-04-12 20:31:19,2018-04-13 14:51:18,2018-04-14 00:09:29,2018-05-09 14:59:33,2018-05-16 00:00:00
6898d4e2dad0e7d07e74cbbff0a796e3,7e5ee4028e6aa22d999d62d221478949,delivered,2018-07-03 18:41:20,2018-07-05 16:10:30,2018-07-04 08:41:00,2018-07-11 18:18:38,2018-07-30 00:00:00
797c6ff206949b463f4b498b5888e2ef,b3153b99b2c54af18a5ae22ae0e68f7a,delivered,2018-08-15 14:11:19,2018-08-15 14:45:15,2018-08-16 14:23:00,2018-08-24 13:52:30,2018-09-04 00:00:00
2d846c03073b1a424c1be1a77f532dad,5a3473648da10d2800f4783f6426355e,delivered,2017-05-10 15:18:16,2017-05-12 02:45:22,2017-05-15 09:14:35,2017-05-25 10:49:48,2017-05-18 00:00:00
398c8e07a36c8e10448623bb36a16bec,dd9fb9905e0a0a4f0569fd9478774b18,delivered,2017-07-30 19:07:55,2017-07-30 19:23:30,2017-08-11 19:02:40,2017-08-22 18:39:52,2017-08-31 00:00:00
33e2db141538ccdafc2be5b0e9691157,37ff611a66e811a6732203b3d2b38ad5,delivered,2017-09-05 08:48:29,2017-09-06 02:50:44,2017-09-19 20:37:56,2017-09-23 14:33:26,2017-09-29 00:00:00
3621b14695412ecce5ccd37d32c6485f,fb0d7f836d199425d6c6487df27498a2,delivered,2018-01-29 18:51:19,2018-01-29 19:13:57,2018-02-01 20:22:10,2018-02-06 18:22:35,2018-02-20 00:00:00
1a949e19da7e100bd8220d2b47db7eec,89cad968aa5731c56bb79061d08385a6,delivered,2017-11-21 16:34:39,2017-11-21 16:51:18,2017-11-23 16:18:59,2017-12-04 21:26:52,2017-12-08 00:00:00
50a178ade9e159084ae7b05d937a9922,af69ec041cd4827661ece5b8768256a5,delivered,2018-05-09 17:41:29,2018-05-09 17:55:24,2018-05-10 15:40:00,2018-05-19 15:08:36,2018-05-17 00:00:00
80039f1a61066974579290461478b384,d65d6873916a1dd38d8527ea4d90abb1,delivered,2017-12-15 17:06:06,2017-12-19 09:51:48,2017-12-20 21:52:38,2018-01-04 23:27:55,2018-01-16 00:00:00
9e54486964c7c43054ebe7b4385feb27,b29a83b9bc9f7817f312ba87ff47402f,delivered,2017-11-13 09:46:54,2017-11-13 10:06:23,2017-11-22 02:02:59,2017-11-28 19:38:43,2017-11-30 00:00:00
6f9f510503836c2006694d0d0f8b142a,c722eec1496fcaffe36d6c77cdcb2a37,delivered,2018-08-14 16:13:51,2018-08-14 16:44:09,2018-08-15 17:42:00,2018-08-20 19:08:04,2018-08-27 00:00:00
1378ae963e03b117d380f928164e9599,0a06694f03b9707bbd095db49e7a70fb,delivered,2017-11-09 20:55:15,2017-11-09 21:10:46,2017-11-10 18:28:08,2017-11-13 19:19:03,2017-11-23 00:00:00
4e2ac439a2abbb795c7276e9eaffc180,51f0f268cfd97b4d629122668c5be9c2,delivered,2018-03-22 18:42:09,2018-03-22 18:55:28,2018-03-27 02:32:45,2018-03-27 11:03:35,2018-04-04 00:00:00
39b208d309c95588bf7a4ae2f20b9232,28c71ff0325445b8ed595d7d2bb4b7ad,delivered,2017-07-13 18:38:13,2017-07-14 06:45:21,2017-07-14 19:17:55,2017-07-18 18:56:10,2017-07-26 00:00:00
21c4830753ec0aef4a21072587e6711b,b1485077f1679d1b2651d9e669a27bbb,delivered,2018-01-22 11:43:57,2018-01-22 14:22:55,2018-01-23 19:33:38,2018-01-30 21:19:29,2018-02-15 00:00:00
cc70bdcbdc96a3800ea3cecdc98b1a72,0563e58ea5bb08719e7c7016e1d6b800,delivered,2018-06-15 21:12:07,2018-06-18 11:42:08,2018-06-19 06:16:00,2018-06-22 21:36:38,2018-07-12 00:00:00
afb45414100054ba4a61c3fd695ec72b,28b262124355fd4a2cb7c60d28d27d28,delivered,2018-06-30 15:21:43,2018-07-02 09:50:15,2018-07-03 09:40:00,2018-07-12 23:02:58,2018-07-27 00:00:00
c07d8a25b8a93351b539806c6deb8236,4493792a6a62a679d5d4dc142264df99,delivered,2017-12-29 13:49:33,2017-12-29 13:59:24,2018-01-03 21:38:31,2018-01-19 15:52:18,2018-02-07 00:00:00
1c11b1c44ff1f6059f4fdf48bacf3e82,233ce0fc0c9cee5a2d1f4008f36e8fd1,delivered,2018-04-15 16:59:54,2018-04-15 17:15:11,2018-04-16 23:34:33,2018-04-17 23:28:29,2018-05-03 00:00:00
5f61c5e12b763af10b4535483dde8beb,4c9fd11c171d7108153b61672219ff98,delivered,2018-06-28 21:07:03,2018-06-30 02:55:11,2018-07-05 07:05:00,2018-07-11 02:49:31,2018-08-06 00:00:00
d62af11a434a8ee473d29426f6b5ff8d,78d33365650d124d2b20423fd6527ed8,delivered,2017-09-13 09:21:17,2017-09-13 10:15:16,2017-09-14 17:54:59,2017-09-18 16:43:42,2017-09-29 00:00:00
ff04bc23fe11c6cb9ed71568895a5328,c2d5b948d7ddb2e2e156098bf964b5ac,delivered,2017-05-19 09:26:21,2017-05-20 03:55:09,2017-05-23 10:17:05,2017-05-26 15:19:50,2017-06-08 00:00:00
5fa07dc6decfe46fc927c21aa315c87c,ea2f8441c9dcd335ba85cc4d8818712c,delivered,2017-08-18 16:46:14,2017-08-18 17:15:19,2017-08-21 19:57:58,2017-08-25 21:47:46,2017-09-25 00:00:00
d8eaec04332d52c4a8376881e5af91c8,14dd8f53301c41af3243ed5ad0c9260a,delivered,2018-06-21 17:26:42,2018-06-22 02:58:29,2018-06-22 13:07:00,2018-06-29 12:28:37,2018-07-18 00:00:00
3d81523ba23d554cebc2ce14e9db898f,235cf074ffdf284e2debdd829fbe561d,delivered,2018-07-08 22:35:56,2018-07-08 22:50:17,2018-07-10 07:00:00,2018-07-13 19:09:37,2018-07-30 00:00:00
aa416218af39ef77e7ed168633b9ef53,65606708771e3c8e13de274735faf690,delivered,2018-07-27 10:41:55,2018-07-27 10:55:16,2018-07-30 15:16:00,2018-08-03 21:08:46,2018-08-21 00:00:00
6521b1807385a964cc81a47662bd6ca2,cd5dd3338f6485acca4c019c5bc902f4,delivered,2018-05-01 07:24:30,2018-05-01 07:35:09,2018-05-03 09:26:00,2018-05-11 18:23:46,2018-06-06 00:00:00
6e6ba99ba306b937fc7730f3e06cc1a6,815a680608ecf58bb28d25fbb5c82ec5,delivered,2018-07-30 10:35:49,2018-07-30 11:31:21,2018-07-31 15:04:00,2018-08-01 16:18:59,2018-08-06 00:00:00
3e973e154fa0787c8f507fc0929c96a1,dd246f1ceb6e1c4742ced540497fd034,delivered,2017-12-15 21:26:00,2017-12-15 21:36:29,2017-12-19 02:21:42,2017-12-22 16:26:01,2018-01-04 00:00:00
0cabda713646db439e030172e3feea6d,d42b187f05a3ad462f61b718ba871f05,delivered,2017-03-05 13:17:31,2017-03-05 13:30:20,2017-03-07 09:17:36,2017-03-21 11:47:32,2017-04-04 00:00:00
1a64643317da0457d3f145fab8734b22,0d2aa9f205cc47cd8ffcfe0f43499f2e,delivered,2017-09-09 03:24:19,2017-09-12 04:45:01,2017-09-13 12:38:05,2017-09-21 17:33:11,2017-10-05 00:00:00
88c3545726570a614531a593a21eca1f,929a8272f32eb54ed5df77ad7ffa9aaf,delivered,2018-01-22 20:56:09,2018-01-22 21:14:25,2018-01-25 13:44:10,2018-02-05 19:53:20,2018-02-22 00:00:00
a267e89993dbe4178c877361a582f06e,2528303d2867f41a6a4784c5492e56ff,delivered,2018-01-30 11:00:36,2018-01-30 11:15:47,2018-02-01 17:08:46,2018-02-02 18:08:48,2018-02-15 00:00:00
d7e6b2a827de13f3b539c79bb5b89577,9b9e429977f70274ea05c6691650991a,delivered,2018-08-14 17:39:49,2018-08-14 18:15:21,2018-08-17 10:05:00,2018-08-30 14:23:36,2018-09-06 00:00:00
1475b48ac68609bab99db5b786eb00e6,0f3837271c85e1d77df6c9cbd86605dc,delivered,2018-03-27 14:00:12,2018-03-27 14:10:19,2018-03-28 21:04:41,2018-04-13 10:55:49,2018-04-20 00:00:00
725caf02795e0b544f8632bc82a3390b,14659bf9511afbf43d66fcc2d7c109a4,delivered,2018-04-24 20:42:11,2018-04-24 20:55:34,2018-04-25 08:47:00,2018-05-03 19:41:07,2018-05-16 00:00:00
5a50ee4e7bf3b3bf306a1c3f19a1a885,72680b3da61c269ad2e5d342356fec77,delivered,2017-08-30 17:50:38,2017-08-30 18:07:58,2017-08-31 19:36:56,2017-09-15 19:07:53,2017-10-10 00:00:00
0514e4dbba025db4265c73bfb7371261,0fb28a40a032e249f0b00058b4f82e68,delivered,2018-04-11 19:29:01,2018-04-11 19:50:48,2018-04-12 18:51:05,2018-04-30 22:12:25,2018-05-25 00:00:00
3d7d9c3454ecc0d556808546b6052355,dc0ebf4ca1f76e51ef0236126af5dcef,delivered,2018-05-10 20:49:54,2018-05-10 21:10:53,2018-05-14 14:49:00,2018-05-30 10:56:31,2018-06-07 00:00:00
826c215c77d0299238e4a2d52a8f5a99,7af79c8f9ecbb3aa777e5688430cc480,delivered,2018-05-30 11:04:00,2018-05-30 11:15:14,2018-06-01 12:04:00,2018-06-14 20:34:51,2018-07-11 00:00:00
e3c2bd85842c8c1e31ed960eea5fa85c,a79ef0f63f2e7c27397ac0ff07609be0,delivered,2018-07-29 14:54:53,2018-07-30 18:31:05,2018-07-31 08:31:00,2018-08-07 00:36:44,2018-08-27 00:00:00
6b16a0ae1faf3e872c21113790db6c96,d23bd4ead6ea60ccd83d6c36548517af,delivered,2018-01-17 11:18:03,2018-01-17 11:30:43,2018-01-18 14:49:10,2018-01-24 19:18:57,2018-02-08 00:00:00
fa80f0d51be5bc219ebc8193038c17b2,8bb898daa7332ba25d9d94d45c90a790,delivered,2018-05-06 13:15:08,2018-05-08 19:55:38,2018-05-09 14:25:00,2018-05-14 19:16:41,2018-05-29 00:00:00
ca5194dbc94536f842d03241b5a223bb,feb772c349f07b647d5ce9d2ce740081,delivered,2018-07-14 08:04:25,2018-07-14 08:23:51,2018-07-16 15:14:00,2018-07-26 14:32:55,2018-08-13 00:00:00
cca4026695c4b2f280bc099e58601c71,1cf11582fcfc4e9b387dbcf13697a623,delivered,2018-02-26 14:56:52,2018-02-28 09:56:21,2018-03-05 17:41:54,2018-03-12 12:46:43,2018-03-19 00:00:00
04c8fbbbe02b38bd685ad085fcaf29bd,934007549103fe58f85261e64dd7c68c,delivered,2017-05-03 20:02:34,2017-05-05 02:25:27,2017-05-22 10:52:04,2017-05-27 23:27:59,2017-06-01 00:00:00
f2f994648283ef31bf69ae8b9109921c,80925a4c21e233f8dfdffd25b727187b,delivered,2017-11-24 17:11:43,2017-11-24 20:52:33,2017-12-09 00:07:06,2017-12-19 12:03:09,2017-12-15 00:00:00
3c1c45c6ad5ec5fdfbb0aa0e29a4ea23,b22aaa0f32899076819cabcf2bae02f1,delivered,2018-07-14 19:45:26,2018-07-14 19:55:11,2018-07-16 14:11:00,2018-07-23 20:51:45,2018-08-20 00:00:00
ba69bf31fc071fd084f9967e05a7c479,6878b420a6ca5508cfeababb62222241,delivered,2017-09-19 13:30:18,2017-09-19 13:44:10,2017-09-19 20:47:35,2017-10-11 22:41:33,2017-10-11 00:00:00
3158707358b447fc894a497446d1acbe,b75c55b5ed02d1023d89f72242c24fb9,delivered,2017-10-17 08:51:42,2017-10-17 09:07:24,2017-10-18 19:34:44,2017-10-25 19:04:50,2017-11-03 00:00:00
146479aaf9d2856e1d613691b0d0b049,ec3475a898bf9dbb028af20960470d74,delivered,2018-01-20 20:00:12,2018-01-20 20:20:18,2018-01-22 15:24:10,2018-02-02 04:56:36,2018-02-16 00:00:00
6b340dba6060720c85c4727917da3603,e2b9a13dadfd42267c8f99757dd95e63,delivered,2017-05-19 13:27:20,2017-05-19 13:35:15,2017-05-20 07:06:52,2017-05-25 08:52:46,2017-06-16 00:00:00
8c55c1f57a0d612e7dbfe23c7376b612,38623e7d6365bafc3b3bacd7d64ffda1,delivered,2017-09-30 07:55:03,2017-09-30 08:07:19,2017-10-17 19:09:26,2017-10-23 19:25:12,2017-11-01 00:00:00
7eceac74a363199f9c55074132fb8641,bc8910a25e3275b36bef3f8ee1578b14,delivered,2017-10-27 19:42:17,2017-10-28 02:55:51,2017-10-30 19:06:53,2017-10-31 18:52:09,2017-11-09 00:00:00
e1976adafc8511c7b5736536b09605c1,6827d3b99adbf682f10a79d50e8e878f,delivered,2018-02-27 20:15:14,2018-02-27 21:15:35,2018-03-07 00:07:48,2018-03-09 19:52:02,2018-03-19 00:00:00
cdb67b9f52b1b7cd79169a5aae48d7c2,86d44d270b72592dbef78de27ec82d08,delivered,2018-03-07 12:04:58,2018-03-07 12:15:42,2018-03-10 00:07:27,2018-04-02 11:46:28,2018-04-05 00:00:00
3636e49ba7039156231c33afc15f1dc7,2eca35f786a190856c77ba9858505945,delivered,2017-12-06 11:27:31,2017-12-06 12:03:56,2017-12-06 22:52:56,2017-12-19 15:12:28,2017-12-29 00:00:00
cb59b92296f398684c3959ad783f6402,e3714a321bd62a15f10dada6db668fb1,delivered,2018-03-22 13:58:17,2018-03-23 02:15:54,2018-03-23 18:32:34,2018-03-26 18:51:58,2018-04-05 00:00:00
0b843f953899d9a1d084c1f5163027c0,a646acbc1456be6eafd75e04d1368587,delivered,2017-08-17 23:03:28,2017-08-17 23:55:08,2017-08-18 19:03:58,2017-09-04 19:24:02,2017-09-21 00:00:00
6bdf0266efb0d65c6c32bc9e3d762e92,75c04bc5c1984c4333b9eb45bd217fce,delivered,2017-11-01 16:00:33,2017-11-01 16:31:06,2017-11-07 16:44:54,2017-11-13 19:54:46,2017-11-22 00:00:00
ab0ace3eac748a915e3dec4d62898f76,1145b7e7701544cc110cf11f0f5462bb,delivered,2017-10-06 00:22:20,2017-10-06 05:34:31,2017-10-06 17:52:29,2017-10-16 18:33:39,2017-11-09 00:00:00
2973501c740d29c4ad13c14b660e2472,7e055e855f6b9d914050567f4d287248,delivered,2017-03-02 12:02:08,2017-03-02 12:15:21,2017-03-07 09:44:44,2017-03-13 16:43:55,2017-03-23 00:00:00
7ea643d8802c6875dc51108bd2386c8d,561d23a482adeb8967352285dbd852a0,delivered,2017-07-06 20:19:20,2017-07-06 20:30:21,2017-07-26 15:32:25,2017-08-11 20:11:27,2017-09-01 00:00:00
fa7abaa54221daac45610e9e5ed24cf4,7eb4473e48c663f0db4ab0b6666492c3,delivered,2018-02-01 22:14:15,2018-02-03 02:52:37,2018-02-06 00:35:17,2018-02-09 02:42:37,2018-02-23 00:00:00
c6bd73c66f32639f81a7e47304535c96,0fb114a0daa717bfb16a4155b898461b,delivered,2018-05-09 16:18:12,2018-05-11 03:10:48,2018-05-11 13:55:00,2018-05-18 15:44:29,2018-05-25 00:00:00
0799d89dedaf5ef08f3a90b967cb2ccd,8f4f79e8101ae921457541beba9611bf,delivered,2018-02-22 17:58:21,2018-02-22 18:55:31,2018-03-05 10:22:50,2018-05-09 12:26:39,2018-03-16 00:00:00
bfdd803339c3236164d4fda73c95f5c2,0879e009db1e47cc3e144dd67b38b4f2,delivered,2018-07-30 16:06:51,2018-07-30 18:31:40,2018-07-31 13:45:00,2018-08-09 17:28:46,2018-08-15 00:00:00
d2cb213104a7dd8061659b063f1477bf,1126badc0ce9eeea60dd0fb8c2924313,delivered,2017-05-23 08:40:47,2017-05-24 02:50:29,2017-05-24 11:49:35,2017-05-25 14:26:57,2017-06-12 00:00:00
633bd8dd4d19125b69aeee2526f79779,026ca919d538ee454a6d43fc8bd01de0,delivered,2017-08-20 18:10:06,2017-08-21 15:55:20,2017-08-22 18:03:16,2017-08-31 18:27:46,2017-09-19 00:00:00
73b6681d5b9ead3f8fbc883a3592a34a,ccdf81f235e707635ebd3e805edbf9a4,delivered,2017-10-15 22:42:20,2017-10-16 22:49:17,2017-10-19 18:13:05,2017-10-24 18:19:33,2017-11-06 00:00:00
23f0043c61ae2348a350f3cc20762914,8045315cc9f982f5294eadd49d0afd80,delivered,2017-12-03 19:24:26,2017-12-03 19:34:23,2017-12-04 18:07:13,2017-12-14 19:27:42,2017-12-28 00:00:00
69844f176919a975b85b1098214d4c2d,6dc5e0332cc8abdd6ca44c47fff35dd2,delivered,2017-07-09 19:28:42,2017-07-09 19:43:13,2017-07-11 20:09:33,2017-07-20 20:21:53,2017-08-01 00:00:00
9ec8b1c04bc01a42cb3896e90c2b701e,8af87a47ba60bce3719d7e19b6d1ff13,delivered,2017-10-23 15:58:21,2017-10-25 02:08:29,2017-11-01 23:38:49,2017-11-15 13:38:33,2017-11-28 00:00:00
388d683431db37774946413cbb22210b,86a37dbd4b61a93b6fb20527263bca1d,delivered,2018-04-01 20:29:54,2018-04-01 20:47:31,2018-04-03 20:03:31,2018-04-05 13:32:22,2018-04-12 00:00:00
e65ed79c46c63118f16efacfca85f06f,5987f18d2c3ead18c053284bbc7d7ce7,delivered,2017-05-17 17:42:53,2017-05-17 17:55:11,2017-05-18 15:16:02,2017-05-23 12:08:07,2017-06-12 00:00:00
d9fc4886cbdda945f7974e3857807bff,48dc172fdec2d72357655991793aa15e,delivered,2017-05-19 19:43:43,2017-05-19 19:55:08,2017-05-23 15:16:09,2017-06-02 13:53:40,2017-06-23 00:00:00
3d61e9970cfb1669c490645d74bf7405,b58cf9e5b75bea368154886bcfef2d82,delivered,2018-07-23 22:47:43,2018-07-24 10:31:08,2018-07-25 12:32:00,2018-07-27 14:28:55,2018-08-13 00:00:00
ccac1a9dee556f517bdb745dd29bcb68,1a46899c81a1f73c1338cffd1164751d,delivered,2017-09-05 18:45:31,2017-09-05 18:55:17,2017-09-08 19:27:55,2017-09-29 16:55:36,2017-10-02 00:00:00
ed53757133903f601864b13c9090b144,8d7caf4897a548539aa9d632d96936aa,delivered,2017-06-30 14:29:09,2017-06-30 14:43:31,2017-07-03 14:19:25,2017-07-17 20:47:32,2017-07-26 00:00:00
88543da9ad238e70098166896bf9ea06,8c36552c8308b0ba88cd19ba9fa14597,delivered,2018-08-14 10:47:21,2018-08-14 11:04:24,2018-08-15 14:54:00,2018-08-16 19:56:40,2018-08-17 00:00:00
ca51acb0ea778cd548d56dadc66f014f,4bbdd92fc1be04b9a0bb33f02d20a85e,delivered,2017-07-12 20:54:25,2017-07-12 21:05:24,2017-07-19 20:51:58,2017-08-08 11:12:03,2017-08-15 00:00:00
2f1a5157e323f52d58fca608db06ac82,0cba5ae69e1d511fdf214aa4ab92740b,delivered,2017-12-10 13:52:40,2017-12-10 14:10:30,2017-12-15 14:56:42,2017-12-27 22:42:44,2018-01-05 00:00:00
a40660e306af15d3771b1b2e0a3a75db,ff2e5564a16076f9e0d973371c33a393,delivered,2017-12-18 19:26:02,2017-12-18 20:30:38,2017-12-19 18:37:26,2017-12-22 17:52:01,2018-01-17 00:00:00
f88efafe68a38b479def426923166490,fe6104f311827c6da370d03f8d54df05,shipped,2017-07-03 13:16:21,2017-07-03 13:25:18,2017-07-03 15:09:44,,2017-07-28 00:00:00
270e9c5bf02290f6b29494d0f3e075be,6e1f501183f927c0d78d16708bfd64a3,delivered,2018-03-12 14:35:10,2018-03-12 15:38:56,2018-03-13 17:19:04,2018-03-22 23:12:36,2018-03-29 00:00:00
69b0be01136104a7de9c37d9f0a69c32,7d118d305d09971996fb37b014ec9041,delivered,2018-06-30 10:29:02,2018-06-30 10:50:15,2018-07-03 01:31:00,2018-07-03 22:48:03,2018-07-17 00:00:00
0a7888b4a8bdf63a03f4e7db63a6fc59,b3bf953a576c12bd6c05c6fb3ca27e4d,delivered,2017-07-06 16:19:17,2017-07-06 16:30:31,2017-07-07 18:27:29,2017-07-24 16:04:40,2017-08-03 00:00:00
3c6ba7a3320c8c63c76d343c388ba219,42cb6791d77b43e03043928246e7e635,delivered,2018-02-22 09:36:58,2018-02-22 09:50:30,2018-03-07 23:05:25,2018-03-26 23:38:41,2018-04-05 00:00:00
56a180bcb89d62e8620d006de4c4bc4d,453acab2b65f43296665547b822b9b79,delivered,2018-04-10 23:27:56,2018-04-10 23:50:32,2018-04-12 12:18:31,2018-04-24 17:34:38,2018-05-03 00:00:00
35a86fbb7ece0e99565ee0213d06c860,17fa9373244b0273133b546b4e718cd8,delivered,2018-01-09 15:15:49,2018-01-11 03:31:15,2018-01-11 19:33:21,2018-01-24 22:37:14,2018-02-05 00:00:00
788981eeae5e313081bd50e623f540f8,8d530bb376a32c1a88884c941bfa3789,delivered,2017-07-13 14:51:59,2017-07-15 03:25:18,2017-07-19 20:39:01,2017-07-25 19:07:02,2017-08-02 00:00:00
6d124ae5d617f5ddf8eee412524850c0,efdec3ea6e5812a498878e88c96d160c,delivered,2018-03-29 23:56:38,2018-03-30 00:09:22,2018-04-12 18:52:49,2018-04-18 15:37:30,2018-05-07 00:00:00
224b8a1097696621e5ab952014690223,fa52fccf0dfd67b8d1ed46b288088853,delivered,2018-04-05 12:54:43,2018-04-05 13:08:55,2018-04-07 01:17:47,2018-04-12 18:28:30,2018-05-04 00:00:00
24dcf58639c7253fdb1a060a4f875558,b5d8ae6617dbbfe9e8376cfa1ac365ed,delivered,2018-03-07 12:30:47,2018-03-08 02:30:52,2018-03-12 20:48:31,2018-04-02 17:29:28,2018-03-28 00:00:00
da7025e8d32030ef1d9e4a200eb7dcec,02edb3a95305c7b4e3d0e666744b1fb9,delivered,2018-06-16 19:46:56,2018-06-16 20:18:50,2018-06-18 13:20:00,2018-06-26 01:28:35,2018-07-31 00:00:00
a52686340f8f97da9e95d8acf0b515c0,c3d0e33c9d758991233ba3cd56fde6b8,delivered,2017-09-14 09:09:57,2017-09-14 09:24:33,2017-09-14 22:56:27,2017-09-19 18:57:38,2017-10-06 00:00:00
ab344aaf7040ad7bcee8c7ae7db9e87e,d268cbcb47089f26a104f976d5ffec62,delivered,2018-07-01 15:36:23,2018-07-01 15:50:03,2018-07-02 17:18:00,2018-07-10 19:18:35,2018-07-25 00:00:00
e5553d5b13eca7d505eef090ff6e7bfc,105788b61e5c818bb354138f728cc37c,delivered,2017-10-22 17:34:54,2017-10-25 11:28:22,2017-10-26 20:40:17,2017-10-27 17:27:53,2017-11-03 00:00:00
9c9de9ca209ab5a4f0b1e55730231247,f4e25d1d164658c6f837220b0c377eb4,delivered,2017-12-07 16:02:23,2017-12-07 16:11:55,2017-12-12 20:23:22,2018-01-03 15:33:05,2018-01-10 00:00:00
cba1ccee763d2eaeba1c00d3a22809a1,0a93027420152391fb4ca584eb4670ba,delivered,2018-02-07 16:48:51,2018-02-07 17:09:57,2018-02-14 17:55:19,2018-02-27 19:35:47,2018-03-07 00:00:00
8e029d51bb988ddd1e92385dce8de59a,b6ee22d5dbe6ff4f160e31c63e97215a,delivered,2018-07-24 20:45:16,2018-07-24 21:05:09,2018-07-26 11:55:00,2018-08-01 16:16:49,2018-08-07 00:00:00
9c5387e0f57fcaaf624c791bc5a7d003,521a87ca8dc6b61ccc88f0ac1ce2ab00,delivered,2017-04-18 15:41:19,2017-04-18 15:55:21,2017-04-24 07:12:22,2017-05-03 14:24:05,2017-05-12 00:00:00
46747ad85b9cf9727f269697bb56b77d,ea9e30e3822837c43013a92d137ec31e,delivered,2017-06-17 20:34:00,2017-06-17 20:45:15,2017-06-19 21:14:54,2017-06-23 13:13:01,2017-07-10 00:00:00
f1e52bae5718b3a66d02799d6de63027,f84c099bf96cf334e76c07a3b319b1b4,delivered,2018-03-22 08:11:00,2018-03-22 08:28:53,2018-03-23 01:26:35,2018-04-04 04:22:40,2018-04-19 00:00:00
2130488399245a8d0444111813b29d86,e4d02bc33ec40414206c31128b3333d8,delivered,2018-06-22 00:30:59,2018-06-23 01:15:46,2018-07-06 11:39:00,2018-07-13 22:36:38,2018-07-25 00:00:00
7485a2fd25ea2d65d745b44dce5872c7,27f41158cac3ac237d2936fcb92f5a50,delivered,2018-08-15 16:38:44,2018-08-15 17:20:04,2018-08-17 12:41:00,2018-08-29 21:03:29,2018-09-05 00:00:00
4c93b283893b057fe314b13138f01119,7d56470ce997ee63cdee96767fd86380,delivered,2018-06-11 18:16:15,2018-06-11 18:42:06,2018-06-12 13:26:00,2018-06-23 17:38:21,2018-07-11 00:00:00
8528dca53d56bc80b2762f5506b12296,7d59e541e73484ff409f45b78f21209d,delivered,2018-08-13 17:11:50,2018-08-13 17:25:16,2018-08-14 19:23:00,2018-08-15 18:06:55,2018-08-16 00:00:00
618a183c0cfabdc0b2f2b4a5171cd605,171ee7bfa457d82a11c3e9a791f5c255,delivered,2018-03-13 13:31:24,2018-03-14 13:28:10,2018-03-15 15:10:46,2018-03-19 22:08:46,2018-03-28 00:00:00
25c22896dca583d857448141d99ef3ff,554ce400f275abc5439b06a3ba67a0ab,delivered,2018-04-26 13:32:49,2018-04-27 03:30:39,2018-04-30 07:02:00,2018-05-02 18:46:45,2018-05-11 00:00:00
19bbda1f882b3aeddba973e935519905,e874220095cbbc1cca6c70cc3c6ab8b8,unavailable,2017-11-03 22:26:44,2017-11-03 22:45:46,,,2017-11-24 00:00:00
03ceacbc3d61dcaeade2b6b1ccc5fcfa,31648e97b367da55007879fe2ae215e9,delivered,2017-08-21 21:02:32,2017-08-21 21:15:15,2017-08-22 18:08:04,2017-08-25 20:42:49,2017-09-11 00:00:00
2db4621a93302d25385a676c6d426954,c43d5d2a7d4df58b70792e618cdf7628,delivered,2018-03-23 20:59:26,2018-03-23 21:15:32,2018-03-28 10:46:48,2018-04-03 04:08:35,2018-04-11 00:00:00
6852a9d0c08f5a070ce88d62b4a59321,fb30a7e74e10e5c8f5e3bb22cc03430d,delivered,2018-07-06 19:04:34,2018-07-06 19:15:14,2018-07-10 11:21:00,2018-07-12 00:23:06,2018-07-19 00:00:00
115eb911c253a806eb6e49cc6fceabe9,94ca8eba20f8ec11a1e9e27080abfd57,delivered,2017-02-16 12:48:13,2017-02-16 13:11:33,2017-02-16 14:49:28,2017-02-20 05:17:32,2017-03-17 00:00:00
6259deeab2f6daedf07d0574adda7fff,f7f96b7ce24711b03788947f4ee1e42e,delivered,2017-07-15 12:54:09,2017-07-15 13:05:14,2017-07-18 18:18:42,2017-08-03 17:53:39,2017-08-08 00:00:00
6b325b9f635e80a6be4eaa131ae6141a,fdc2fcf28f9250a76e69dacfaf652eb8,delivered,2017-05-22 23:49:44,2017-05-23 01:05:25,2017-05-23 15:35:08,2017-05-30 14:47:22,2017-06-13 00:00:00
43e8cdbf9dd6228a4f277835f9176770,94a1a4676a3e0dd5b10d801e940a066f,delivered,2017-10-18 10:56:19,2017-10-19 02:56:34,2017-10-19 19:04:35,2017-10-28 12:43:29,2017-11-14 00:00:00
0f9c4649f5424745dd8ecf5147c6e00c,5b96ee26f8456fd365b89600b4f44d4a,delivered,2018-04-07 23:48:54,2018-04-09 08:09:27,2018-04-10 16:28:41,2018-04-13 18:32:12,2018-05-04 00:00:00
747c10818501d15381c0718ba37eb2da,82d8d50f9aa1a509e6578984e298c96d,delivered,2017-02-13 20:37:21,2017-02-15 02:43:20,2017-02-15 12:31:52,2017-02-24 17:35:44,2017-03-16 00:00:00
b41be8fdec5c4d3a935dc4319b3dc5af,df2589f419382084e51fe8b2215c10c3,delivered,2017-08-13 19:28:01,2017-08-13 19:45:15,2017-08-14 18:08:52,2017-08-18 12:03:25,2017-08-25 00:00:00
b0fac27c81315d7201a0ca455f58304d,bffd4a3cd66cac8d1769af0897e8e3b0,delivered,2018-08-02 22:57:01,2018-08-02 23:10:11,2018-08-06 14:18:00,2018-08-14 19:25:37,2018-08-21 00:00:00
14b40df4724d034b004efe11507bc5ae,579162aafb4604be36db3dc25807a25d,delivered,2017-12-16 16:17:27,2017-12-16 16:30:38,2017-12-20 18:07:15,2018-01-02 18:58:26,2018-01-16 00:00:00
f4cb34ec54f101a3e81f542b1a81eb00,ff50bfb526a535449073de25d8703718,delivered,2018-04-14 15:32:03,2018-04-17 05:35:18,2018-04-20 02:37:38,2018-05-04 16:38:31,2018-05-16 00:00:00
4d47d3a70d758db37a0cfd7fcc946ffd,7146a5caad8b48f14f5a41350f02cf84,delivered,2017-08-20 17:12:07,2017-08-20 17:25:11,2017-08-28 18:09:44,2017-09-08 20:34:57,2017-10-04 00:00:00
7982cd132de6a47ae472689085239b83,03b188ca8a8eb2ac83073a9063a1f1af,delivered,2017-11-13 11:56:56,2017-11-13 12:10:42,2017-11-16 17:09:54,2017-11-17 22:12:36,2017-11-27 00:00:00
1f057fd42c4cc8c1711e2b9ae3719afe,5ef9c7da22e99911711b7231e411eee6,delivered,2018-03-14 12:52:51,2018-03-15 03:29:31,2018-03-19 20:27:03,2018-04-03 16:57:24,2018-04-02 00:00:00
80d9047477928cfb4cf319c2d04004e6,5f20fe3f0aa7e564a1859c3549bf637b,delivered,2018-04-23 20:49:47,2018-04-24 18:05:07,2018-04-24 23:37:42,2018-04-30 19:58:23,2018-05-18 00:00:00
fb025feb5409d5d084e05d995c0e0e7c,680bd330794b5c1b79aa8e6a2cc7d573,delivered,2018-06-18 14:45:36,2018-06-18 15:02:04,2018-06-19 13:10:00,2018-06-20 12:24:40,2018-06-28 00:00:00
c1d5e085a762461d171190ab5fe8cdc9,7bb1d7093eb23c8348df2e26f8e4369a,delivered,2018-01-25 10:20:21,2018-01-25 10:32:00,2018-01-26 18:32:30,2018-02-14 19:38:58,2018-02-23 00:00:00
2bdb4d9144e83d80bd260aedc3932c2b,7d6183cbd401ec9c46de24fa02a1a48b,delivered,2017-12-16 19:11:24,2017-12-16 19:32:58,2017-12-19 18:12:48,2017-12-23 01:04:29,2018-01-05 00:00:00
b1303b12e93f925254918495e630d0a2,78c6ca3d7665d9763e3b7b13de57ddc5,delivered,2018-06-29 13:37:07,2018-06-29 13:51:29,2018-07-03 10:59:00,2018-07-12 16:16:53,2018-08-01 00:00:00
0d3346ede30fffc33c30740f06709025,b9502e844e5328a48bfb1f3f03bfd6f3,delivered,2017-04-11 22:01:40,2017-04-11 22:15:16,2017-04-12 09:53:09,2017-04-20 18:28:40,2017-05-09 00:00:00
23fbbf4e70a72006ecb1a4bdd72a5d0f,373373ec4d694242d601fe8a69be1c92,delivered,2017-10-05 17:32:01,2017-10-07 02:24:49,2017-10-09 16:25:04,2017-10-18 17:59:41,2017-11-08 00:00:00
cda873529ca7ab71f677d5ec11a40304,76c74aaff2f3f7355f46d9818ad092b8,shipped,2016-10-05 16:57:30,2016-10-06 15:52:49,2016-11-14 11:14:39,,2016-12-01 00:00:00
0a1adbda846638d279cb086cd1d0cad0,7afc8d277545f890b30c2f750106ca8c,delivered,2018-03-27 22:52:36,2018-03-27 23:07:12,2018-03-29 19:25:30,2018-04-10 21:59:32,2018-04-13 00:00:00
e8899387e52fb6a10ae971c69eb09bf5,49ee772ae3757a7a5a306a582d2907a5,delivered,2017-09-09 15:40:34,2017-09-09 15:50:23,2017-09-13 17:47:52,2017-09-20 02:03:45,2017-10-04 00:00:00
4ece3211dc7b96c8b646fa8a727039e2,083d0767ee04f4a01cc28835dc32d6b4,delivered,2018-04-07 19:57:43,2018-04-10 03:49:49,2018-04-10 19:46:36,2018-04-13 21:22:26,2018-04-25 00:00:00
bc64222f8431b055190650c8778f6efa,0e75ea874d514eed9be0dcbc2d02debe,delivered,2017-12-27 13:22:54,2017-12-27 13:31:26,2017-12-28 10:35:19,2018-01-04 15:29:10,2018-01-22 00:00:00
733f13d4010ca0422b13297afec0871e,9499bb274ee28faed7cb67027a326406,delivered,2017-10-25 13:05:39,2017-10-26 02:57:01,2017-10-31 19:12:58,2017-11-01 20:55:46,2017-11-08 00:00:00
2153e9009ecf443d84e5f48861fb7094,e198d9344eb2d92c850249a49d874dbb,delivered,2017-12-06 16:02:30,2017-12-08 19:35:22,2017-12-12 20:15:37,2017-12-26 19:46:50,2018-01-02 00:00:00
e8e21586b31c90547aeb4686100f768e,02112377ff79f99b7c925ff46dbc2040,delivered,2018-02-13 14:35:08,2018-02-13 15:07:36,2018-02-15 21:44:00,2018-02-23 20:43:15,2018-03-08 00:00:00
ce9e623dd0def1f905a5c5ba0c99f65a,cae200229793aeda0a81dd5f40759b88,delivered,2018-07-12 10:13:37,2018-07-12 10:26:00,2018-07-12 15:20:00,2018-07-13 17:08:49,2018-07-20 00:00:00
fefec2fe5879ab8f730148f2de0c0c6e,e3efaa5464e83a195738e268aff73a4d,delivered,2017-10-10 15:32:24,2017-10-13 12:06:33,2017-10-16 14:40:14,2017-10-23 12:09:06,2017-10-31 00:00:00
a856b544fe56eea444788271f63512d8,4d7b890318c893931b87e2572022a7fc,delivered,2017-10-16 19:19:20,2017-10-16 19:35:11,2017-10-17 23:33:12,2017-10-30 21:13:44,2017-11-07 00:00:00
385a4528e6f5bbd617566cfd514d6720,431bc21b8bfca2c89d71be1c9d2cbf78,delivered,2017-09-16 11:46:48,2017-09-16 12:05:08,2017-09-18 18:22:29,2017-09-21 20:06:47,2017-10-05 00:00:00
2a8d909d2c102155c7ce2c9a24769447,f83edc56f1e9954573e8e33d640d9707,delivered,2018-01-08 09:32:47,2018-01-08 09:48:15,2018-01-10 18:09:37,2018-01-15 18:12:10,2018-01-31 00:00:00
0c505e1ce394e4cd4ccaedf5fcdbc9b0,3f794e657c0afd3ffae672bc8ecb5ed5,delivered,2018-07-29 22:35:36,2018-07-29 22:50:09,2018-07-30 11:33:00,2018-08-01 19:33:00,2018-08-16 00:00:00
ef246b56510668886f05b8f818e7bfc9,79f1c4e66471c5f6e5c5fe4e45d1273c,delivered,2018-06-15 11:43:23,2018-06-15 11:59:34,2018-06-20 12:52:00,2018-06-26 19:28:48,2018-07-17 00:00:00
9dc19c953a97c92383ff95f54cabe58a,ded50eb532c0c1903c0835e0d7749b97,delivered,2017-04-16 09:19:55,2017-04-16 09:30:15,2017-04-17 13:07:20,2017-05-02 16:18:24,2017-05-17 00:00:00
3751a8bfb64bf6096a8a42a76e4d9aaf,7f5b6e40d5841fd94b631f19329286cf,delivered,2017-12-03 21:28:34,2017-12-03 22:07:51,2017-12-06 21:27:41,2017-12-20 19:43:42,2017-12-28 00:00:00
bafef85881303806cc2d726bda04dfd7,55dbeedb7b2bf8d3059f319abe27202f,delivered,2018-08-22 21:34:37,2018-08-23 02:55:11,2018-08-24 14:55:00,2018-08-27 21:28:40,2018-08-31 00:00:00
3f470bc5e780dbb1a62275692b9ba0f8,b112501fe8c654cdbc64213c8686f1f8,delivered,2017-07-19 22:14:41,2017-07-21 20:22:57,2017-07-25 12:13:36,2017-08-03 19:55:23,2017-08-14 00:00:00
069514f19868af8a75ebe98f43d33900,7740afacd97ed42230c2d780d50f9936,delivered,2018-03-26 17:30:10,2018-03-26 17:47:43,2018-04-09 23:18:36,2018-04-27 23:43:48,2018-04-25 00:00:00
ea838dd2eadc7dfdb6fff969d14ed4f2,16204c2d6dfa2b5ab37b70091272a174,delivered,2017-04-26 17:57:09,2017-04-26 18:10:09,2017-04-27 08:31:13,2017-05-02 17:42:11,2017-05-24 00:00:00
d19868a76a0e39afe462fa942122200c,0c0202f6f6b9ce5a9aa8f9fa0a7580c4,delivered,2017-12-29 19:03:07,2017-12-29 19:09:24,2018-01-02 21:41:55,2018-01-24 01:16:45,2018-01-31 00:00:00
7df9173a1f3284d95a5ca6ac5aad32e2,efe79b09689802fc2d97dfb9588591a8,delivered,2017-11-27 09:44:46,2017-11-27 09:57:21,2017-11-30 17:20:08,2017-12-07 18:04:10,2017-12-15 00:00:00
c5db390bf36fe80e070c684c92f7b44a,d2a61eb2b7221814d9f6a1ff402454b2,delivered,2017-11-24 15:52:32,2017-11-24 19:38:06,2017-11-29 22:44:49,2017-12-18 23:52:16,2017-12-14 00:00:00
f90185ee34b0b34c876b408aa6a5686b,fbd6146cc7936a7f362fb09d4526f445,delivered,2018-06-10 12:11:41,2018-06-10 12:31:46,2018-06-11 15:23:00,2018-06-12 18:42:25,2018-06-20 00:00:00
f5017de8931860a4492e26d3f22405b6,7b22f433873cb52f8be5468a64acbdcc,delivered,2018-01-16 18:16:35,2018-01-18 02:12:53,2018-01-19 16:58:49,2018-01-26 18:44:08,2018-02-06 00:00:00
d95c203ba62b39ad3c3a2df8d5e7c052,b31b5ecd79d2528b3340abb86f5c2a4d,delivered,2018-02-21 23:54:14,2018-02-23 02:31:01,2018-02-27 00:08:16,2018-02-27 15:34:06,2018-03-07 00:00:00
f3cde82f7a131aa2747f919aebb3cc95,11a3345a9a754cc9e83964ea134a4cc8,delivered,2018-01-15 17:51:24,2018-01-15 18:09:48,2018-01-17 19:03:17,2018-01-23 14:51:25,2018-01-30 00:00:00
287ca65e8ec4a4f782833a94bf514341,c7dde20728b6dbfe6543eb79921ba5fc,delivered,2018-06-26 17:16:19,2018-06-27 17:10:42,2018-06-28 13:51:00,2018-07-12 23:03:59,2018-07-23 00:00:00
f1c646195f427172a9936a8d0e18da06,f92612f68ce1fb8a3b2fad4cb553822b,delivered,2017-06-16 00:14:46,2017-06-16 00:25:45,2017-06-19 16:10:54,2017-06-27 14:18:55,2017-07-12 00:00:00
14cd301a36b07ef8fef16986bc807aac,7f212557389817f6351b85700f903507,delivered,2017-03-10 15:48:11,2017-03-10 15:48:11,2017-03-13 10:41:20,2017-03-17 07:19:30,2017-03-29 00:00:00
602a7458f2248260d368f81cd86377a8,8329e1859e7c732b8894bc0c1713341a,delivered,2017-10-02 22:51:20,2017-10-02 23:24:20,2017-10-04 19:22:27,2017-10-13 21:13:07,2017-11-01 00:00:00
2d5c2551306ebb8492eb8c36d062f314,fecb57edcf7693f7bcb312957f3a5ea0,delivered,2018-08-11 22:12:54,2018-08-12 22:10:09,2018-08-13 14:27:00,2018-08-16 21:12:07,2018-08-28 00:00:00
edfdcf6318cb5f0d1adb6da5c0998e6e,8831fea70c573fc056de9a71bd15a88c,delivered,2018-08-23 21:45:16,2018-08-23 21:55:18,2018-08-24 14:00:00,2018-08-29 22:23:41,2018-09-10 00:00:00
4ea7463c339b2551706077cbc666c60a,090c6762c69c517e7a4ee09f30c52269,delivered,2018-03-05 13:11:16,2018-03-07 02:10:41,2018-03-07 21:53:17,2018-04-02 19:17:37,2018-03-28 00:00:00
494dfa139a38449b378d01cca4c0a6a0,1603d8a8d0f688986db6314be1264b8e,delivered,2018-08-06 21:50:12,2018-08-07 04:24:39,2018-08-07 15:30:00,2018-08-14 19:21:49,2018-08-23 00:00:00
a648c61eff7741ba3ba3205ce0cc7630,7c60f7001195e887da64333e50289a4a,delivered,2018-05-01 14:15:21,2018-05-03 04:52:43,2018-05-03 16:40:00,2018-05-08 15:51:20,2018-05-25 00:00:00
428379472fdd9b3d36d545677e852e77,f54ff0ff6dbdfcac2b593b3154f207f1,delivered,2018-04-04 17:30:42,2018-04-04 17:50:29,2018-04-24 22:47:42,2018-05-03 23:52:07,2018-05-11 00:00:00
9f1dcbf0e12d0df2ee7611bb738a9106,9b9681cfb00f0a6f1723cd1d4f0be965,delivered,2017-08-20 11:40:02,2017-08-20 11:55:19,2017-08-30 22:00:16,2017-09-15 17:52:05,2017-09-28 00:00:00
999eabcd67df73216056d2d1c4fc4d71,1249d82653b138f450d0a9cfce2905c7,delivered,2017-10-10 10:13:14,2017-10-10 10:27:03,2017-10-11 19:50:27,2017-10-17 19:53:12,2017-10-30 00:00:00
b2c320c0cf7961caecc4a7612d3f8ece,1efa2c518f4d9d5e7e98f4d20aff1f7c,delivered,2018-06-24 18:55:53,2018-06-26 05:13:00,2018-06-27 09:41:00,2018-07-03 18:11:16,2018-07-20 00:00:00
a0147b55f1d225bb21f981e58f735589,9cedc0766adf91a041f5723a74bdbf87,delivered,2017-08-16 08:48:56,2017-08-16 09:10:21,2017-08-17 13:53:33,2017-08-28 17:19:54,2017-09-08 00:00:00
22a9cd3f27980f3e0316de378a8b0d73,da0764e6cf25d2b4a34be1e89b11aeab,delivered,2018-01-06 21:32:17,2018-01-09 07:31:35,2018-01-09 16:19:27,2018-01-20 02:21:38,2018-02-06 00:00:00
fe8416ab3217441a2a940294f7b23195,6363611fe69f5c58f4fc4641c4dc673f,delivered,2018-01-12 11:48:09,2018-01-12 11:57:40,2018-01-12 23:52:56,2018-01-19 15:41:12,2018-02-07 00:00:00
b4545b4fc2de8025a8a42fb23125cc54,6b79c900752442fedbc62cffbd5874be,delivered,2017-04-26 17:00:43,2017-04-28 11:41:42,2017-04-28 10:31:05,2017-05-22 09:55:50,2017-05-17 00:00:00
10428e01b7a60dc58baff4e4cf11a64c,d85bc5ec7cfb12b5327da0d2c14a4d5b,delivered,2017-05-09 16:14:47,2017-05-11 04:05:16,2017-05-22 12:34:44,2017-05-29 10:12:32,2017-06-08 00:00:00
5090039870883f054d9f2b55b23dc32e,bf8db42e471ed17abf3fbd92342b2a1f,delivered,2017-12-13 21:09:11,2017-12-13 21:28:58,2017-12-15 00:18:48,2018-01-03 21:32:51,2018-01-09 00:00:00
b9e186a6d042725eb24122a767ea7063,e40a86e78d60c103d448be6806343e52,delivered,2018-03-20 08:50:15,2018-03-20 09:08:35,2018-03-21 18:42:15,2018-04-30 20:12:51,2018-04-17 00:00:00
10a59a093f3cdb6180f929e3e5637728,0e441d1c0e13a5d13c44cba925564538,delivered,2018-06-29 16:38:33,2018-06-29 16:51:30,2018-07-02 13:03:00,2018-07-03 19:03:31,2018-07-13 00:00:00
341448499e2f0a320da3acdac898c218,52c07106716729bffe2f72c475688380,delivered,2017-05-17 14:04:18,2017-05-19 02:23:18,2017-05-29 12:41:40,2017-06-02 09:38:14,2017-06-20 00:00:00
c46141b3d5535e4ecaca9ddaf90ba7a7,dac2ba4d4844ffb03b2c8e4880a8405f,delivered,2018-05-08 22:23:29,2018-05-08 22:35:18,2018-05-10 19:05:00,2018-05-11 22:37:04,2018-05-16 00:00:00
e257ae8610fb4fb68a1f459c3a4b1f51,b46f11e377a570f09af36515191b1c1e,delivered,2017-05-13 07:49:29,2017-05-13 08:02:19,2017-05-16 08:39:35,2017-05-19 07:29:09,2017-05-24 00:00:00
0441f678672cdd5323a2cdf79004ed48,52c48fab452fef70555eaa1042e9d757,delivered,2018-06-15 00:52:01,2018-06-15 01:24:58,2018-06-18 18:57:00,2018-06-23 12:12:18,2018-07-12 00:00:00
614a942e991f27cc67f45c0b0ca5470d,5094fd036dab1fcd208f6798e9e0dce1,delivered,2018-03-13 19:25:18,2018-03-13 19:49:45,2018-03-14 20:35:30,2018-03-28 22:35:24,2018-04-13 00:00:00
43ba017334e710b763eefbbd09f9ebe8,dc13762ef048e10a23d4bf8554b421a3,delivered,2018-07-05 17:11:32,2018-07-05 17:30:53,2018-07-06 10:31:00,2018-07-11 18:34:49,2018-07-20 00:00:00
ca4ced509eae117b7d3823b4ce2467dd,9e0628923d9fe029c079eb11ae72d241,delivered,2018-08-04 14:57:00,2018-08-07 04:15:26,2018-08-10 13:29:00,2018-08-15 22:18:37,2018-08-23 00:00:00
b8b51666e064d80ff8e11f6f3f82bd25,becaefc357257f46be4d4fc171fa2771,delivered,2017-11-29 20:06:44,2017-11-30 02:22:38,2017-12-04 21:37:28,2017-12-05 20:23:16,2017-12-18 00:00:00
328d5a04b6412a52e3fb8f5da4997e38,5af372a0bafbe93dd17eb85134e308bd,delivered,2018-05-14 19:29:02,2018-05-14 19:57:40,2018-05-15 14:39:00,2018-05-16 17:58:31,2018-05-22 00:00:00
036e37b0e268e6087e88d3d7a676c13d,a30918e46fc2950e2c7494db4e71d30b,delivered,2018-07-01 14:46:23,2018-07-01 15:09:51,2018-07-02 14:42:00,2018-07-11 14:13:55,2018-07-24 00:00:00
4c844ad892548aa3024f6fbd7cb7211f,c7602dcbb2706c047848d20ed9dd2879,shipped,2017-11-12 17:27:39,2017-11-12 17:46:37,2017-11-17 01:07:44,,2017-12-01 00:00:00
fb929cad8d235bafff56bf64ff7566b9,a68c1881178afa2a50e3e5031a8c9787,delivered,2017-07-29 21:30:56,2017-07-29 21:45:18,2017-07-31 20:54:47,2017-08-03 18:31:35,2017-08-22 00:00:00
4f7e18a54264d8e4a97a776cfbad2bd5,34cc905dace2e2377b839c6243f36723,delivered,2017-04-28 09:10:33,2017-04-29 09:15:19,2017-05-12 09:20:12,2017-05-20 09:04:11,2017-06-06 00:00:00
45813887fd6188f1ddaafc584e417a74,bf3ff45ef1629812b02d5dc4586fe3b9,delivered,2018-02-09 21:39:39,2018-02-09 21:50:24,2018-02-14 20:33:26,2018-02-16 19:19:18,2018-02-23 00:00:00
736eb87a85959d07f8b5cdc5f8e7187f,62c819c053d16bbdc6cf5794411443a9,delivered,2018-01-20 18:16:17,2018-01-20 18:31:07,2018-01-23 00:19:00,2018-02-14 23:08:27,2018-02-23 00:00:00
a7a9b0f583c7121452bf658dafcbbc8f,8d1906125bb1f738d1f8a1d146ac3334,delivered,2018-07-10 18:39:14,2018-07-11 19:46:04,2018-07-13 14:25:00,2018-08-09 14:33:14,2018-08-01 00:00:00
ba96b94a64df9510bfa7ac064cfd1bae,64a270dd87155ea24017e79844552f09,delivered,2017-05-31 16:45:58,2017-06-01 03:55:33,2017-06-02 10:03:24,2017-06-13 11:03:36,2017-07-03 00:00:00
be0cc702e034bfbeba1a8a006eb9dce5,3c88487f2410489139ebe9a219e728fe,delivered,2017-12-12 12:58:25,2017-12-12 13:10:59,2017-12-13 16:14:00,2017-12-14 22:07:11,2017-12-29 00:00:00
6f6785dde266434130a2aa8af06a52b7,e19274edf7a9c51689822810be84c9e9,delivered,2018-06-05 12:14:43,2018-06-05 14:31:37,2018-06-07 08:29:00,2018-06-16 22:42:12,2018-07-11 00:00:00
072500f428180f8c177181dd1e027d5b,0fd0d782dea419932dead552f87672df,delivered,2018-02-22 14:14:10,2018-02-22 14:30:48,2018-02-27 18:33:59,2018-04-12 18:56:33,2018-03-20 00:00:00
0446aaa642b81cd046c44edda61ed010,3682e97c0860ed97a8845b7554cf5070,delivered,2017-10-15 13:37:25,2017-10-15 13:49:20,2017-10-16 20:32:25,2017-11-08 22:44:53,2017-11-13 00:00:00
6ed25bb3aed24b6735642b12d0dd2e24,5c56eac4abd53ff05e2e44b3e0a62ad3,delivered,2018-04-24 19:53:13,2018-04-24 20:10:14,2018-04-25 15:06:00,2018-05-07 15:22:30,2018-05-23 00:00:00
4c43459211e81f383114dbcc328b7ac4,87b0f958aaaec28178234d90c137cd53,delivered,2018-06-21 19:23:29,2018-06-23 01:40:18,2018-06-27 08:01:00,2018-07-03 16:19:02,2018-07-27 00:00:00
8be1dd0fb923fea4a685f47cbad9e81a,5560bd5a26a7c4750baa6474a4d0e92b,delivered,2018-04-09 20:18:23,2018-04-09 20:30:16,2018-04-11 18:24:43,2018-04-24 22:28:35,2018-05-10 00:00:00
1f2557bd1cb30da1362cee8def58e576,102fdbbda24ddb2fe7dd72c662f8cac8,delivered,2018-05-02 09:12:31,2018-05-02 09:33:06,2018-05-03 13:56:00,2018-05-25 17:03:02,2018-06-04 00:00:00
b5d3fcdf8ca84d9d3cc1fa3dd244320b,f044b72faef8f3d120f2c58024a8fb08,delivered,2017-10-03 22:56:01,2017-10-03 23:14:13,2017-10-04 17:23:32,2017-10-14 14:21:07,2017-11-01 00:00:00
546925c91dae6410ea5a21172f637370,22d8fcb665a280722d43864ce09ed3f2,delivered,2017-10-13 15:11:40,2017-10-13 15:49:25,2017-10-17 16:36:37,2017-10-26 18:34:10,2017-11-06 00:00:00
6f1fed9fe91aedbb8c695457d6da28ae,4552a287c9922b207cbda67f777b8999,delivered,2018-05-08 22:13:27,2018-05-08 22:31:42,2018-05-11 13:03:00,2018-05-17 21:44:45,2018-05-29 00:00:00
93e56c4866b1bca15316f565c387e573,4bc94f4b273e625f584d0f49e93386a9,delivered,2018-03-10 08:09:43,2018-03-10 08:28:29,2018-03-12 18:24:41,2018-03-26 19:42:01,2018-04-11 00:00:00
f60289290979b646fe61caa50ee1b3f1,9baf7895fb5451b36fa17a09b38ab6ea,delivered,2018-06-26 20:11:26,2018-06-26 20:30:11,2018-06-28 14:46:00,2018-07-02 14:08:36,2018-07-23 00:00:00
c3c27f7cd6104efcb1a0d7793dd66fd2,faac546cb986bf69ac3fe11b519c3c43,delivered,2018-02-21 20:48:49,2018-02-21 21:49:05,2018-02-27 17:05:47,2018-03-05 19:37:22,2018-03-23 00:00:00
0eb0a41e6b1a9ededcb4102af28625fe,a9df1781e1daea69992d6ad7363e8eae,delivered,2018-04-14 14:43:48,2018-04-14 14:55:17,2018-04-16 19:08:42,2018-05-05 16:54:36,2018-05-08 00:00:00
bb789ec51c304aae58b4ba3c11cb2fb3,758573835dc9cd119b2395c5cf9d4b76,delivered,2018-01-07 19:33:00,2018-01-07 19:47:09,2018-01-08 19:39:21,2018-01-11 19:39:32,2018-02-05 00:00:00
d54c217781126defeb4a78dc16f5ad39,700dcf47b977b4bd8158e7e8b9bd5e1f,delivered,2017-11-25 00:55:18,2017-11-28 12:14:39,2017-12-04 21:14:37,2017-12-06 18:54:59,2017-12-11 00:00:00
f7b794965cc5b6d20c083cc40cf56108,cacd1ada4da83503de8c4fe16484b5c2,delivered,2018-02-25 22:53:04,2018-02-25 23:27:52,2018-02-27 23:19:21,2018-03-20 23:48:44,2018-03-21 00:00:00
115ddcd2b83359bb06dd6dde700fb33d,2637273adde13fa6a555c43b4fbdba6e,delivered,2018-05-27 22:49:58,2018-05-27 23:09:47,2018-05-28 14:10:00,2018-06-14 19:51:51,2018-07-11 00:00:00
a7f514dbfdce429795a816a86b0cfcfd,a5d3480355c9b7aaeed3ed6dabe749e9,delivered,2018-03-19 20:38:11,2018-03-19 20:50:39,2018-03-29 19:56:46,2018-04-28 19:06:50,2018-04-16 00:00:00
bbfaea06953d72e48fcf89341d352638,b0713d4f88135846159cadd9c821aa7c,delivered,2018-01-20 20:57:47,2018-01-22 14:26:06,2018-01-25 23:42:16,2018-03-07 20:57:01,2018-02-15 00:00:00
afc164a698c08de061cc7173650121fa,fdec684fa0be036ee7039f3edf5a0323,delivered,2018-02-19 14:27:36,2018-02-19 14:47:26,2018-02-20 20:35:24,2018-03-05 22:17:29,2018-03-21 00:00:00
0ea8f90c4ad8782358cbc97abcb2d013,4ae463e456b14204512257ce14634bf5,delivered,2017-09-16 22:33:56,2017-09-17 01:10:37,2017-09-29 17:53:02,2017-10-05 23:01:24,2017-10-05 00:00:00
eca1299602d0a75fa60546b5fbd28d07,ae65930349d5e1d30e5de196a2c901ee,delivered,2018-06-20 13:25:19,2018-06-20 13:38:35,2018-06-21 13:55:00,2018-06-27 20:33:20,2018-07-18 00:00:00
47b37d2ccfa8fdc0395971036941bac9,f8de7bb2c5f0e28c514870c0b3fbbe65,delivered,2018-07-06 14:07:55,2018-07-06 14:31:54,2018-07-10 10:14:00,2018-07-13 20:27:32,2018-07-25 00:00:00
6fd40293a9be9f1682cb718c67f0a568,89fd2ebddff82eb92d98a6afdf1c94e7,delivered,2017-12-05 08:20:06,2017-12-06 02:50:09,2017-12-07 18:28:07,2017-12-12 00:04:50,2017-12-22 00:00:00
94b0362cd741746f5ef0d43ef4d16b1b,d7eea84fcaf846ca5455ae31db614379,delivered,2018-04-03 12:39:14,2018-04-03 12:50:26,2018-04-04 18:12:24,2018-04-14 18:57:53,2018-04-26 00:00:00
b016e83fc2a89900d779cb964fe867fd,c796c3a313dd75ad22941134a3f004ee,delivered,2018-07-16 21:58:19,2018-07-16 22:10:12,2018-08-01 15:52:00,2018-08-08 15:08:49,2018-08-28 00:00:00
159565048b194c462243ee3e7d65c621,d67002c38681e137dbcb277d145d3b04,delivered,2017-12-12 13:27:02,2017-12-14 13:33:26,2017-12-18 17:48:57,2017-12-27 21:14:27,2018-01-09 00:00:00
c23fa8593c1bb932ba79051a7e201255,4b770dd96eb1044d71a01036152f40ff,delivered,2018-03-26 21:43:37,2018-03-26 21:55:22,2018-04-19 22:12:48,2018-05-02 21:08:56,2018-04-20 00:00:00
d2caf57c35ba2c5bea24ab9b08aba4f7,bc69b9f9b96bfaa21e02b229c1479ea3,delivered,2017-11-05 14:24:46,2017-11-07 07:30:50,2017-11-07 20:31:42,2017-11-10 17:48:47,2017-12-06 00:00:00
e28f56dc0353b7bf8f78f05ac639ba21,7553cab5980febcade6b9e5138827ae4,delivered,2017-12-08 18:14:24,2017-12-08 18:32:43,2017-12-09 16:58:52,2017-12-13 01:09:11,2017-12-28 00:00:00
ceed0f54453282dec0cc7c591237d5b6,fa4de7819dda8ca15bf86e413ba6473f,delivered,2017-09-17 19:18:06,2017-09-17 19:30:21,2017-09-19 19:36:10,2017-10-03 19:22:22,2017-10-10 00:00:00
081c75b9982020f01f5672792408d728,904032bced6ac35598f7dd1927cbc6b8,delivered,2018-05-06 22:35:41,2018-05-08 19:52:53,2018-05-09 14:44:00,2018-05-17 00:10:36,2018-06-05 00:00:00
9a16aaad5c554ce0cd12761204c2b916,2f4447716aeaf8ce10c30c05f30a3198,delivered,2017-12-08 20:47:28,2017-12-08 21:12:04,2017-12-11 23:35:16,2017-12-22 18:03:21,2018-01-16 00:00:00
20379a997b864417f763a970359229a6,f528c4fb0c9ccd50ce849b2753a9c004,delivered,2017-12-09 10:41:50,2017-12-09 12:19:28,2017-12-11 15:47:26,2017-12-12 21:18:55,2017-12-28 00:00:00
3cc47bf7332ded667ed3f478a0f78b1b,c926e7ffe70e1bf3f87a5f37cecfc686,delivered,2017-11-22 13:55:42,2017-11-22 14:07:39,2017-11-23 12:49:07,2017-12-04 23:29:10,2017-12-19 00:00:00
6d0e8d2043b7575a0cbdbed259ce8210,1f7d089d663f7a5be55536aa0a49bbbc,delivered,2018-01-21 14:35:46,2018-01-22 13:51:08,2018-01-24 20:51:33,2018-02-21 16:23:01,2018-02-22 00:00:00
9ae510d02fa72c4de7358dac28ee5eea,e1a40f4760020a947e78d81935ffb882,delivered,2018-03-25 22:31:44,2018-03-25 22:47:57,2018-03-28 01:27:32,2018-04-11 13:38:39,2018-04-19 00:00:00
536e26cd7924f6c5785423b49b0fa7f5,0270aff4097536e634627aba39320083,delivered,2017-03-17 20:47:39,2017-03-17 20:47:39,2017-03-21 13:32:21,2017-03-30 17:35:48,2017-04-05 00:00:00
d48c5016ab8af7b122d630cd75a63627,31af030fb466a4b0921a9a1ea1d30dfe,delivered,2017-09-15 13:15:51,2017-09-16 02:50:12,2017-09-18 19:27:50,2017-09-25 20:07:49,2017-10-13 00:00:00
5ca9ca0cbc0ad4efc5f2d26283139d03,846315713f7cf92c71ff7b96b77a4196,delivered,2017-08-05 18:32:11,2017-08-05 18:43:28,2017-08-08 20:18:26,2017-08-14 18:15:44,2017-09-08 00:00:00
9cb889253dc2c8b7e04d285ac7728853,ef638b78c28157da0ede055160d8fd64,delivered,2017-07-18 14:34:37,2017-07-18 14:45:19,2017-07-21 15:11:51,2017-07-31 17:33:37,2017-08-14 00:00:00
aa03de19670a15a6b34b00bf2ee4b2b1,4a1add67cdb4e087d6fed466bbdb032c,delivered,2017-04-10 15:15:17,2017-04-12 02:50:42,2017-04-18 12:32:56,2017-05-10 17:58:09,2017-05-17 00:00:00
4e87464c041dbe651c4a28dfb19f987f,bb149453a4f23c32788b5bd4d8ed7151,delivered,2017-07-10 15:21:09,2017-07-11 04:05:44,2017-07-11 16:46:51,2017-07-19 18:59:36,2017-07-28 00:00:00
18b18d43870f6e620f6852fd33b12117,666bc6ad016f3a24ccc0d0bcd878f8ee,delivered,2018-01-29 19:38:47,2018-01-30 05:31:30,2018-02-02 19:28:29,2018-02-14 19:03:59,2018-03-06 00:00:00
11c97c1505db128db3b46471c5bdc0df,56f1c0364602e45ee9f92b050d0e86dc,delivered,2018-02-12 10:17:11,2018-02-15 03:51:05,2018-02-19 23:42:34,2018-03-13 01:31:24,2018-03-27 00:00:00
51c3d73e0e905225319f9ae8b56837fb,d68bce55175ab0466c8eff922d67c543,delivered,2018-02-17 20:01:55,2018-02-17 20:15:27,2018-02-19 21:41:32,2018-03-21 17:08:42,2018-03-09 00:00:00
72467f16c5938bd5447af741ba86fdd2,9688408b34c468b57cd16b38bb6a5e99,delivered,2017-11-03 14:04:24,2017-11-03 14:15:38,2017-11-07 11:43:02,2017-11-10 19:59:51,2017-11-28 00:00:00
8050a1155dceeeb15b86996a6dcec748,b0eb0ead91f823a906a2a3b18849ee6a,delivered,2017-11-14 09:25:53,2017-11-14 09:35:26,2017-11-21 14:24:49,2017-11-27 23:26:53,2017-12-04 00:00:00
a588143cc6230f38d05e6f12db6e4f17,a60c64964d929cb16c43c55b62d42e82,delivered,2018-06-10 14:18:22,2018-06-11 12:38:08,2018-06-12 14:05:00,2018-06-14 19:54:45,2018-06-21 00:00:00
acfd491b37f7671bf93d9abc2c1ba7af,6dc751bd314035e5cd07b5783799f84c,delivered,2018-05-15 20:39:11,2018-05-15 20:56:14,2018-05-16 13:31:00,2018-05-18 15:38:23,2018-06-05 00:00:00
92fe548282ee3cbd8eb925bdf97cac9a,d2ee19af0e1f9c75e2a4f19a475980d6,delivered,2017-06-10 23:57:06,2017-06-11 01:05:21,2017-06-12 14:17:35,2017-06-16 17:52:39,2017-06-26 00:00:00
647cd1d569c405ed9c09cbd6cf0813f9,2a1ee262586b0c336663bee289d388b5,delivered,2017-02-11 18:00:25,2017-02-11 18:10:08,2017-02-15 10:40:36,2017-02-20 07:14:05,2017-03-10 00:00:00
d0a40dd7cfaabfc2d7f0c6de2ab71b34,e92d980e4cbfdb9a27de31742fc2e3c0,delivered,2017-12-03 10:04:33,2017-12-03 10:55:24,2017-12-07 13:58:45,2017-12-09 02:41:27,2017-12-20 00:00:00
ccfda78a88fec8b3debede2f6d6b284d,3306ce07307e9573fbe74c22cae74a82,delivered,2018-02-18 19:31:45,2018-02-20 07:07:16,2018-02-20 19:18:58,2018-02-27 20:46:50,2018-03-12 00:00:00
7f6a7361266d9b404f05250ef42cdc6d,2f5d35989878187f33b6e601743b55f5,delivered,2018-08-17 23:14:16,2018-08-20 10:50:18,2018-08-20 15:22:00,2018-08-21 20:26:35,2018-08-23 00:00:00
8c759a2fd3a1de7793ba07dcd96abe4e,d3a8cc265821db8dcbc9fc1c6cc30ca2,delivered,2017-07-28 12:10:15,2017-07-28 12:23:23,2017-07-31 18:03:06,2017-08-10 18:03:20,2017-08-23 00:00:00
3114c613f929e41052d2b64661080c44,b5209378a48f2aad0d72d96b18f0a186,delivered,2018-07-24 18:24:38,2018-07-24 18:35:15,2018-07-25 15:52:00,2018-07-30 18:27:50,2018-08-07 00:00:00
a6aac0b036a3464aaa1abc83cbc97604,542fd82e67e7f416b738cab1ebe48af9,delivered,2018-02-09 23:14:31,2018-02-09 23:30:22,2018-02-16 00:16:56,2018-03-01 21:57:34,2018-03-12 00:00:00
180935cf02d9456075076eeaa57cdb70,d2f8dcc4ff705b76455d7833458e682d,delivered,2018-01-25 15:32:49,2018-01-25 15:55:52,2018-01-26 23:08:57,2018-02-27 00:49:06,2018-02-23 00:00:00
ea77eb4f349110679bde0e77541dcb2e,d02fa4b924573610e9a421cf8658cdcb,delivered,2018-03-09 11:08:38,2018-03-10 03:50:49,2018-03-13 22:13:05,2018-04-10 14:21:58,2018-04-05 00:00:00
ce0661ac44c65ee78aa7c28ba03c429a,dd0500fbeca7b6a44d76e0af4d45099d,delivered,2017-07-11 22:59:40,2017-07-11 23:15:16,2017-07-12 19:04:01,2017-07-17 09:59:35,2017-08-07 00:00:00
0e8a50eedd19fc32a3537ab8ea559f33,3ef7cff4efadc6c1d152008c75e7c93a,delivered,2017-04-07 00:52:06,2017-04-08 02:43:41,2017-04-10 14:29:11,2017-04-17 18:39:49,2017-05-03 00:00:00
650f7a5344b674232f3a73b84dad659e,6811ad91f50dc86a45aab46ffb7ea2cd,delivered,2017-06-13 23:21:44,2017-06-15 03:05:55,2017-06-16 17:12:03,2017-06-23 12:33:16,2017-07-06 00:00:00
5895d82d31799f8d7ad6748c25e76dad,155d57ca657115bfcabe8309f4fc5910,delivered,2018-06-04 00:43:15,2018-06-04 00:55:28,2018-06-05 07:52:00,2018-06-12 15:42:36,2018-07-13 00:00:00
55c27ec4136ec6d13577c7fb34c62b68,5040cce1f64706863160f0a3b757a894,delivered,2017-11-20 11:46:40,2017-11-20 12:07:40,2017-11-21 22:11:12,2017-12-04 21:42:06,2017-12-21 00:00:00
afa7ff555249234a1316e4b88f5f5aa3,7daa8a3a2fa25e50b04909c1235f4e2f,delivered,2017-12-05 11:22:23,2017-12-05 11:33:24,2017-12-05 23:48:28,2017-12-06 22:09:33,2017-12-21 00:00:00
d6717d9840d700bd7be08d9ca8bb791b,3258445d69ee63eac4af6749b70a0305,delivered,2017-10-31 10:40:37,2017-11-02 02:15:53,2017-11-03 14:27:45,2017-11-08 17:48:59,2017-11-21 00:00:00
17279938859725061b927842cc521d9d,43688fad66340b74b9c7426fe3a4aba9,delivered,2017-11-26 02:06:21,2017-11-26 02:16:46,2017-11-29 20:52:23,2017-12-16 00:59:04,2017-12-18 00:00:00
36a5f7874214018b33203105921b523a,4519fcfb50c87daf68626071f42f00cc,delivered,2018-04-06 00:52:54,2018-04-06 01:08:10,2018-04-07 01:21:19,2018-04-07 16:44:45,2018-04-18 00:00:00
6ab7e108268118baaf663ad2b3af166a,e21b14b7f304dbaa47523498853a47c9,delivered,2018-01-28 15:22:05,2018-01-28 15:30:23,2018-02-01 00:38:54,2018-02-02 17:43:11,2018-02-23 00:00:00
996d1a75c8dee7aee3b0cb1d82b266be,3403049a0b038e1ea97ca2e93fd7fd7a,delivered,2017-05-03 21:07:12,2017-05-03 21:15:12,2017-05-04 17:44:40,2017-05-15 08:54:51,2017-05-24 00:00:00
2a845fcc04905f947eaf328adb74e528,033d941a9b54660b52da29edf21075e4,delivered,2017-05-04 17:04:39,2017-05-04 17:24:24,2017-05-05 13:22:38,2017-05-15 12:17:15,2017-05-25 00:00:00
4b20ac5099cdb7bcec3f8dfa89bdbdbe,666cc18bf39036f9df73b917861a5eb8,delivered,2018-01-27 10:33:44,2018-01-30 05:31:37,2018-02-15 14:07:36,2018-02-21 18:25:30,2018-03-15 00:00:00
7e047f26cecb3f6373facac7ded4924c,655d63fe4528e3d4022dc41d83271fe6,delivered,2018-06-04 20:36:36,2018-06-06 02:53:57,2018-06-07 14:02:00,2018-06-20 18:32:22,2018-07-13 00:00:00
c7c2965767573b9685e46d49a456945b,ae7adb4ab2d004278fd745bb881ad837,delivered,2017-03-17 08:49:51,2017-03-17 08:49:51,2017-03-20 11:38:05,2017-03-24 15:49:57,2017-04-10 00:00:00
d26c076e33054a0063c6fc94c51fc43b,30488ef22c9f0f381eaca4ec8e54c1cd,delivered,2018-05-03 17:38:16,2018-05-03 18:14:49,2018-05-07 06:55:00,2018-05-18 15:24:59,2018-05-30 00:00:00
99fc98471ba98d97152de5147e0e1a53,fa2b8f62244e9026296121140882dada,delivered,2018-06-12 11:26:30,2018-06-12 12:00:47,2018-06-14 08:36:00,2018-06-18 20:47:32,2018-06-29 00:00:00
17ca1148eb4467f56f9670a6e5096239,fdc072ed206bbd175bbd2d21366b542a,delivered,2018-02-09 01:06:31,2018-02-09 01:29:15,2018-02-10 00:51:37,2018-02-20 00:33:04,2018-02-23 00:00:00
cbd6f379c5785a99687a2e00ae57b270,bf023a02122790d649963e72170ee2e1,delivered,2017-10-05 19:31:42,2017-10-05 19:46:10,2017-10-09 22:06:11,2017-10-23 18:32:28,2017-11-01 00:00:00
89f2413853ec50a94699c477188e2901,3e75d56cfa408510e997f70cf2ba50e6,delivered,2018-08-14 10:21:28,2018-08-15 03:35:09,2018-08-20 11:39:00,2018-08-23 16:48:53,2018-08-29 00:00:00
68d0a2d8ff8ad6e42d160a62d3d34fce,ed1c6c1cc4e0fff91a4f76e79670b188,delivered,2018-02-07 10:22:28,2018-02-07 10:35:32,2018-02-07 20:52:37,2018-02-11 11:42:29,2018-03-06 00:00:00
3663b949b55f8b8025f32210ab79cfc9,29d45845fb05016aca8ee5964f8bba00,delivered,2018-05-11 09:52:07,2018-05-11 10:17:33,2018-05-14 14:47:00,2018-05-22 05:04:07,2018-06-04 00:00:00
00482f2670787292280e0a8153d82467,baa4ed05f22ffb6c4a41b71b699a492c,delivered,2017-02-13 16:18:07,2017-02-14 03:42:56,2017-02-14 08:32:53,2017-02-15 11:35:56,2017-03-10 00:00:00
9cf42361b48443c7fcb636454703bf4a,e616986f8823df65855f3461faab8d25,delivered,2017-12-19 15:31:50,2017-12-20 15:31:28,2017-12-21 18:19:18,2017-12-26 17:57:01,2018-01-12 00:00:00
14d9794bbb53614d12cc2df6a045f82b,666a4eb7699fdccd19518171e0b5a069,delivered,2018-01-14 21:10:48,2018-01-16 03:38:48,2018-01-16 17:36:57,2018-01-29 18:08:40,2018-02-16 00:00:00
3430c87a970630a0cfdae2dfe4936d82,d5166fc503a25dcaa639f279f975bc58,delivered,2018-07-08 19:13:18,2018-07-08 19:25:14,2018-07-16 12:02:00,2018-07-27 17:14:34,2018-08-08 00:00:00
cf4b7cb0eb6f15f334b92be767c34bdb,64981236d312a0d1a1c81b61550bdfdb,delivered,2018-05-04 15:59:37,2018-05-05 02:55:10,2018-05-07 14:23:00,2018-05-14 23:18:34,2018-06-04 00:00:00
7c60f6fd772cf7cc94b55c621b78c8e5,a1e279d799116bd3fa998d8cbccda302,delivered,2018-06-29 20:15:45,2018-07-02 14:15:19,2018-07-03 14:19:00,2018-07-09 19:51:41,2018-07-25 00:00:00
44b20f5d6219004069d1abcb71428560,cec01cc1c92e32b6e6665be9ac91bc13,delivered,2018-06-18 17:05:41,2018-06-18 17:21:27,2018-06-19 13:13:00,2018-06-22 23:38:38,2018-07-25 00:00:00
4b95757b3269bf34978e04cd3b1cda58,3bf43af0c99f7dd6ed5a5c57980a8bd6,delivered,2018-01-24 09:09:16,2018-01-24 09:18:27,2018-01-25 21:41:43,2018-02-02 02:31:50,2018-02-21 00:00:00
84484948cf71be13d3b7d3ce0898f403,6c21ff098ffce3eae8a87154b57de236,delivered,2018-03-08 16:02:02,2018-03-08 16:55:50,2018-03-09 17:28:36,2018-03-15 00:41:38,2018-04-02 00:00:00
e55fa3385fa77f6be6a0041c5daf2fb6,dd03475bfbf54191e01fd42f57d342ef,unavailable,2018-08-01 03:54:30,2018-08-06 23:31:35,,,2018-08-08 00:00:00
fdfe08dafc921baeeb1bd5258728837b,7431cfa17b7b3832e824179c0d41858f,delivered,2017-02-13 11:50:50,2017-02-15 02:43:14,2017-02-17 17:58:49,2017-03-03 10:17:55,2017-03-20 00:00:00
c8395c703a6133dc947b6b371b2551aa,a14b9eb03932b3a268d0c568d5abf5c8,delivered,2018-02-01 12:07:06,2018-02-01 12:29:25,2018-02-02 11:48:25,2018-02-15 11:32:19,2018-03-08 00:00:00
8bbaf58bf6dba86510e280b874e88425,4e87cf360a8ab537d9af03568d747a1d,delivered,2017-12-21 13:48:26,2017-12-21 13:58:25,2017-12-22 22:19:31,2017-12-29 18:38:27,2018-01-16 00:00:00
3dcb62ed8e9e2d9909ba544c7d10195a,f71306b04e49155a6c1511e4b01b6b23,delivered,2017-08-21 15:49:41,2017-08-21 17:33:03,2017-08-22 19:14:25,2017-08-24 12:30:22,2017-09-14 00:00:00
4a924ea5f531ea1fb54abf03073a20d9,d6f2698d7106b56be6e998de64fbe86b,delivered,2018-03-23 12:20:41,2018-03-27 03:50:57,2018-03-29 23:05:04,2018-04-13 12:57:32,2018-04-23 00:00:00
85d5dc0b4e21b624ebf29a1353972cca,51d72e4cc455add1330f24c87eb6553d,delivered,2018-02-02 17:51:10,2018-02-03 17:50:33,2018-02-08 22:32:22,2018-02-19 20:55:19,2018-03-02 00:00:00
3a46125908fdacca936ce28a0b4835ea,96d3ac7e240192d6083be5a89a56da21,delivered,2018-01-24 21:31:11,2018-01-24 21:37:52,2018-01-26 21:56:41,2018-02-05 21:54:33,2018-02-16 00:00:00
6a6f17e757e213c9287c353998a5b054,829bbe1394c6df95d98dee8feefb977a,delivered,2018-03-21 15:10:53,2018-03-21 15:27:53,2018-03-22 17:48:40,2018-03-24 21:07:06,2018-04-10 00:00:00
df832acdcfc236969ab361d4597e6e0a,773955295ef286f5d3b8fca9caa6bd9e,delivered,2018-07-19 01:00:07,2018-07-20 05:03:25,2018-07-24 06:53:00,2018-07-31 17:13:38,2018-08-10 00:00:00
f551ed5f4c40a33b4922f6d2bd276941,657ba09c6edfbbc09f6054f541ec1f90,delivered,2017-08-23 16:05:59,2017-08-23 16:28:57,2017-08-24 14:46:50,2017-09-11 20:13:33,2017-09-19 00:00:00
4d1f73fde643f7a1d08d400816850265,f796cc9e19019673220efa160fe7e610,delivered,2017-01-22 11:08:52,2017-01-22 11:15:20,2017-01-26 11:37:37,2017-02-07 15:32:26,2017-03-06 00:00:00
7488164ec74fb9eeac75aea6e2a35004,781bccdb02a5f9354d90ec2abef29b11,delivered,2018-02-06 17:05:50,2018-02-08 08:00:22,2018-02-08 20:13:58,2018-02-20 19:15:46,2018-03-07 00:00:00
cc0fd6c51b7543009e47b01e9d14b686,e5894d67ab3b433aa6219918e970baa0,delivered,2018-03-05 15:06:28,2018-03-07 02:35:36,2018-03-08 19:54:29,2018-03-14 20:18:52,2018-03-21 00:00:00
f0acad80eb7ba5bc5df9257759e12330,b311fa45693006635231a6a842a2b7cc,delivered,2018-05-16 15:57:12,2018-05-16 16:14:57,2018-05-17 12:36:00,2018-05-18 17:05:30,2018-05-24 00:00:00
572c8f79a589e5ab2a0d8eec910deec1,e9a36d6f6bd1882063e07d44c5eafcc5,delivered,2018-06-06 09:43:39,2018-06-06 09:55:22,2018-06-06 16:22:00,2018-06-12 19:58:47,2018-07-19 00:00:00
81ee72663ec8c48b97ba61fa03f3f7a0,4088ae1433b8ecc31a778ee95b85298e,delivered,2017-03-05 17:00:22,2017-03-07 03:50:28,2017-03-08 16:04:00,2017-03-13 11:12:41,2017-03-27 00:00:00
f43e5eafabf8b91d5bf98e478fe28cff,272fdc8db0aa254166fd532d2bc99fa5,delivered,2018-04-23 23:02:02,2018-04-24 19:07:34,2018-04-24 18:12:20,2018-05-08 20:46:39,2018-05-15 00:00:00
dadc329b35c6c0dcbe7c3ddb1923f51a,6fb98dfbb5b667b36d0f0c1e84d544d3,delivered,2018-06-29 16:01:12,2018-06-29 16:11:43,2018-06-29 15:47:00,2018-07-05 20:54:44,2018-07-31 00:00:00
8137dd2eb10f8393185e4fb57b038373,e8ae7f3b5ccc3a0d2d04c605f4ca481e,delivered,2018-08-03 22:24:38,2018-08-03 22:35:17,2018-08-07 16:23:00,2018-08-13 20:28:39,2018-08-15 00:00:00
a1941edfbb473a7e0a9f1e7abbb773fd,700660b5eabe7b1914f0bde53b1f7d2d,delivered,2018-02-27 10:56:54,2018-02-27 11:09:54,2018-02-27 21:21:47,2018-03-26 20:59:16,2018-03-20 00:00:00
0a4105b08aba021f690e79d8b9810885,e3626e5e4456891fae423283d82e040e,delivered,2018-06-19 16:09:58,2018-06-19 16:45:28,2018-06-20 14:17:00,2018-06-21 16:15:42,2018-06-29 00:00:00
715e53f481c6c6658f3c573d30df4b12,e993bc156b872265ab409edb2600ca67,delivered,2017-12-03 09:13:58,2017-12-05 09:17:00,2017-12-05 18:39:06,2017-12-15 22:09:53,2018-01-11 00:00:00
b16644ef8d90f85510ad8fc9741edd46,3949c25056847b9a7575038115169dbe,delivered,2018-01-21 13:16:00,2018-01-22 13:50:04,2018-01-24 23:22:11,2018-01-26 18:06:38,2018-02-06 00:00:00
52d39ff4d1bec82c2e57105ce078804d,bf404bca8019b05975e935847f83af10,delivered,2017-03-08 11:54:55,2017-03-08 12:32:49,2017-03-09 15:37:58,2017-03-14 11:31:52,2017-03-28 00:00:00
e932edaa6417ab9aba25187f8e6433dd,dc93c2d3500469cda3d96ca2e50f5142,delivered,2018-08-03 13:23:00,2018-08-04 04:24:02,2018-08-06 12:43:00,2018-08-10 22:55:28,2018-08-20 00:00:00
37455a7ce5cca45395e5b3c399e12310,ca8a2e8caac901e0d72dae6be36bd360,delivered,2018-05-06 10:50:45,2018-05-06 11:10:30,2018-05-07 14:49:00,2018-05-11 18:24:38,2018-06-07 00:00:00
cd2e2ff68721cedbf8b5887479475a81,4e7d6826f3f99a67fdb754b14c9ede4a,delivered,2017-07-10 14:56:31,2017-07-11 15:05:12,2017-07-12 16:44:28,2017-08-01 12:57:42,2017-08-03 00:00:00
491bc4b36d8fa1a8c03c68bb9ea692d5,f53f38876478c471da6c224e7990542f,delivered,2017-11-30 15:08:34,2017-11-30 15:19:19,2017-12-06 19:39:02,2017-12-19 19:27:43,2018-01-03 00:00:00
f5bdbbff47c740c2cca90305841220a8,25e478c307b5543559a8a7bc74b2a068,delivered,2018-02-14 14:55:51,2018-02-14 15:08:23,2018-02-15 16:27:38,2018-02-20 19:15:38,2018-03-13 00:00:00
284d9d5dfbec3d66bf57c38628892577,7d831cbb1fb8d8d06cc4391b76869b64,delivered,2018-03-29 08:36:50,2018-03-30 03:15:25,2018-04-04 21:44:33,2018-04-16 10:28:31,2018-04-24 00:00:00
55c424970c57390065af9e2bf5461f11,857ea73b4bc11994dfa6fe04b6dd55de,delivered,2018-07-09 17:49:49,2018-07-09 18:05:19,2018-07-16 13:48:00,2018-07-30 21:56:42,2018-08-01 00:00:00
e07b8a570c76f85723c8ef8613036464,2e9f591b26c9bc2b6a3c786f689a70db,delivered,2018-01-23 14:30:17,2018-01-23 14:39:29,2018-01-23 22:56:57,2018-01-24 20:26:43,2018-02-07 00:00:00
f6cffce5b4b2b4c67d3e3261a5b63e89,7e5c1a1d9377e5b0ab01723ff5d707a1,delivered,2018-07-19 18:46:53,2018-07-19 18:55:15,2018-07-20 14:25:00,2018-07-27 17:58:35,2018-08-02 00:00:00
17ba08ab21ccbb0c886139aa8557ca7a,91bdbd577a0e49ecb7d176105b131a27,delivered,2018-03-26 10:42:45,2018-03-26 10:50:29,2018-03-27 11:42:25,2018-04-04 16:59:03,2018-04-19 00:00:00
83f4ef880ab532703def37dd9c0e7348,ac5d0349ba5fbcd6936ada5ac444dd90,delivered,2017-12-01 01:39:58,2017-12-02 02:51:13,2017-12-04 22:03:42,2017-12-14 17:07:25,2018-01-05 00:00:00
d4f1f8bb167c14ceae69adb36c2634b2,5e873cf6dbe0863d55e9f73b5f93946e,delivered,2017-06-26 15:31:56,2017-06-27 04:23:07,2017-06-27 11:25:43,2017-06-29 17:13:41,2017-07-07 00:00:00
a6476259927be2539b760baec362ce92,fa7dffdd159e0b0d624a60f7b72497a5,delivered,2017-12-14 00:03:51,2017-12-14 00:12:44,2017-12-14 21:06:00,2017-12-19 15:17:57,2018-01-03 00:00:00
cb2ba82044a8194f5a978abd2e3c5fbf,69d0df381d9cf6f2169d64b4d3eea794,delivered,2018-03-12 09:33:26,2018-03-14 02:50:32,2018-03-16 01:08:36,2018-03-17 01:25:23,2018-03-27 00:00:00
00a57dfbb049fbaae10763e2cf15f797,33653a722db1d2f6bfe739b3a07f11d6,delivered,2018-07-20 11:09:30,2018-07-21 03:25:11,2018-07-23 13:19:00,2018-07-30 19:25:47,2018-08-13 00:00:00
6d5c5ba52487a739a0406bcb654d91af,7f8cb95cc7e2bac16da7219fa5016160,delivered,2017-03-20 18:00:56,2017-03-20 18:00:56,2017-03-22 08:24:20,2017-03-23 16:12:57,2017-04-06 00:00:00
c4ddf9f60eaf139adc4814d91915f5e9,7fcf344378d1a24b4c66a77962d99c17,delivered,2018-05-23 12:25:41,2018-05-25 02:55:40,2018-05-28 15:03:00,2018-05-29 18:02:26,2018-06-14 00:00:00
6c2df3329834884b60365f14e084c043,b079e41d8e7a4fcb68b16b1334e1f878,delivered,2018-01-18 09:30:17,2018-01-18 09:50:10,2018-01-19 22:28:42,2018-01-25 17:07:09,2018-02-08 00:00:00
0045f5225a96ef46630701167528fdcb,e3b91047e6ca3f5e8b656750fa3d61b2,delivered,2018-06-10 11:23:39,2018-06-12 04:17:48,2018-06-13 14:32:00,2018-06-18 17:36:49,2018-07-04 00:00:00
000576fe39319847cbb9d288c5617fa6,9ed5e522dd9dd85b4af4a077526d8117,delivered,2018-07-04 12:08:27,2018-07-05 16:35:48,2018-07-05 12:15:00,2018-07-09 14:04:07,2018-07-25 00:00:00
8ecb444bd33d4670ddbec85cc7b141f0,e2266964ba442379634f15b1e35b9bd2,delivered,2018-01-17 16:12:17,2018-01-17 16:32:44,2018-01-25 21:03:54,2018-02-06 16:13:08,2018-02-09 00:00:00
a31e3f43f9ed2f1d94b0748bc723b899,7f227d89607bdb422be881917ea6161f,delivered,2018-07-03 16:04:38,2018-07-05 16:34:56,2018-07-04 10:43:00,2018-07-06 01:31:26,2018-07-16 00:00:00
b7c4c48cbc6af3c8db4a65fe2347faae,a4355553d1a2462b71ba37cfaed64c99,delivered,2018-03-06 14:16:00,2018-03-07 14:10:28,2018-03-09 02:23:32,2018-03-29 22:38:42,2018-03-29 00:00:00
84f22866255c63a5269b53fe16d592bc,c8d94b19054cb1ee16dc5da01c6fe46c,delivered,2018-05-08 12:30:21,2018-05-08 12:56:47,2018-05-09 10:13:00,2018-05-25 12:03:42,2018-05-28 00:00:00
33461765475580d8fa316d298bfdf86d,e69ab9cf8dd76405e89146add494fa1a,delivered,2018-04-22 13:10:52,2018-04-24 18:29:08,2018-04-26 13:19:00,2018-04-30 21:58:24,2018-05-15 00:00:00
4bb817d2ac53f370a77bf32e4f79b6e3,f68d5744cb72e72c346fa32a1c0916d4,delivered,2017-08-25 16:52:05,2017-08-25 17:05:16,2017-08-29 15:49:12,2017-08-30 21:08:08,2017-09-11 00:00:00
8728d50cf8a703b24a9f7d755d9e40d9,d42e6d6ecf34bc3f0d2dfe281274e4ad,delivered,2017-05-12 21:57:37,2017-05-12 22:05:19,2017-05-16 11:08:45,2017-05-25 07:51:47,2017-06-01 00:00:00
196c08d79ccead358a5de691d9e86ffc,48e01f582babc900edbc0a7d81cf02b0,delivered,2017-12-07 09:43:07,2017-12-07 09:52:29,2017-12-11 17:16:21,2017-12-14 10:48:41,2018-01-09 00:00:00
f4e89e886af11935090e0dc7c401ee3a,c0bfd7a4af42e5c34ad72c0e641bdce4,delivered,2017-02-15 19:29:14,2017-02-15 19:43:07,2017-02-17 13:05:15,2017-02-23 12:25:52,2017-03-20 00:00:00
32fb9842a1e575a59a048b0f5b471d94,5e4b766aea881827c2ae6ca9a7dfcb30,delivered,2017-06-09 08:56:24,2017-06-09 09:10:20,2017-06-13 09:09:02,2017-06-23 10:15:44,2017-07-06 00:00:00
d10131646d46d892590a283682271dae,b2c11da0213e1ea90f48697f1fe753bc,delivered,2017-10-07 16:36:06,2017-10-07 16:49:28,2017-10-16 16:25:37,2017-11-03 16:57:43,2017-11-14 00:00:00
6fb578cd2a36797ae65521816a678c1c,14acf219b872d59372c19045b364fe13,delivered,2017-02-08 15:35:42,2017-02-08 15:45:22,2017-02-11 09:31:01,2017-02-21 14:08:33,2017-03-09 00:00:00
ed90acb4ba03816b2c274cefc7460e69,b1bef5a3f6ee5d089f813bc55dc3d73c,delivered,2017-08-11 19:25:29,2017-08-11 19:43:38,2017-08-14 22:39:50,2017-08-28 20:07:43,2017-09-18 00:00:00
8fc7fe03972d77fcddb7e955ccb24dfe,b182111e7c1d0df1d8d41d1bd8780459,delivered,2017-12-21 09:12:15,2017-12-21 17:46:27,2017-12-22 20:47:53,2018-01-11 19:08:04,2018-01-18 00:00:00
39d4caa5cd784e6ef7f07b8f325263c5,1aaa745c60b376fd11b24227bd16c93c,delivered,2017-11-22 14:16:50,2017-11-22 14:26:52,2017-11-23 21:49:44,2017-11-25 16:13:10,2017-12-04 00:00:00
e531208eb155aa7ad31da8a797a6efe2,5990c968f67702de9d23d27d91d4f902,delivered,2017-11-17 13:18:07,2017-11-17 13:55:31,2017-11-21 12:48:48,2017-11-28 11:06:08,2017-12-06 00:00:00
d2be0399eb882f833d37fa1c7877c75b,fd2bec2bd1aef2211791e285c3a72ad9,delivered,2017-12-22 21:10:42,2017-12-22 21:30:35,2017-12-27 17:40:13,2018-01-13 06:27:13,2018-01-31 00:00:00
eaae3cf15cb2de079d33c44d3a8b2dc9,e53540c496e61859f22f3487005332c6,delivered,2018-02-19 22:00:34,2018-02-21 03:31:25,2018-02-21 16:49:13,2018-02-27 16:59:00,2018-03-05 00:00:00
48f680279ad00e30a9d82f4faa85b992,d5953c17ff6eb3e890cc06072c6894e2,delivered,2018-02-28 14:50:01,2018-02-28 15:11:34,2018-03-07 02:14:29,2018-03-13 20:14:33,2018-03-20 00:00:00
dfcff7794f6db4501f11326cde0e1f8e,c16fce5b85e28d53b5ad26ea44b62e1a,delivered,2017-07-17 08:28:02,2017-07-17 08:35:17,2017-07-18 13:37:39,2017-07-21 21:17:40,2017-08-11 00:00:00
098f664519835e5af0a1f20f4d778fdf,0601c37516aacb054d8ed951625d5fcc,delivered,2017-12-15 18:57:33,2017-12-18 13:29:39,2017-12-19 18:23:34,2018-01-04 15:58:54,2018-01-16 00:00:00
b50700cbee924cf4a5f5f9f38c1d0a04,ea881d44e7e735dd3b154baba6917f3b,delivered,2018-02-04 19:58:39,2018-02-04 20:24:16,2018-02-05 21:48:39,2018-03-06 19:56:42,2018-03-06 00:00:00
50c331850829a3e71ba43b46a7785a16,708c68b6742f97b62d44b4f33b262190,delivered,2017-08-30 05:33:43,2017-08-30 05:45:05,2017-09-01 12:26:40,2017-09-06 16:57:40,2017-09-18 00:00:00
7b407def87721a29fc233b7ae9ad6013,0d2ff29c36a65d389738620aa2f4e145,delivered,2018-08-02 19:28:14,2018-08-02 20:30:45,2018-08-03 13:14:00,2018-08-08 21:16:28,2018-08-17 00:00:00
9c77804d4075e1f321c74f7a62d1d016,5ae027472694042d139e2f94c763bf2a,delivered,2018-07-30 18:45:52,2018-07-30 20:00:26,2018-07-31 15:29:00,2018-08-07 18:58:50,2018-08-13 00:00:00
084644a489ac88b4ca68d2aa3dc91292,e96d02789ac557767bf618ee7bc02854,delivered,2018-08-20 22:36:17,2018-08-21 16:30:51,2018-08-22 15:01:00,2018-08-30 20:11:37,2018-09-26 00:00:00
7229557b67bb7b631f68aa308462a533,3535d2552102ae23095147d0409f0d20,delivered,2018-01-22 18:56:35,2018-01-23 06:55:27,2018-01-24 18:39:57,2018-02-06 17:42:16,2018-02-23 00:00:00
b03614607ed7a36258b150150b1e898b,02af4338e00cfed3af1a15854865879c,delivered,2018-04-19 08:29:59,2018-04-19 08:53:55,2018-04-19 19:11:39,2018-05-07 18:07:30,2018-05-24 00:00:00
a60b6d835751f3580629da8d3b00b761,4c01cd397da9c3d496e8ac9db71bf078,delivered,2018-04-02 18:49:35,2018-04-02 19:08:02,2018-04-05 21:21:50,2018-04-17 18:28:37,2018-04-30 00:00:00
326498d34ca452ef02d49a1cc8069b1e,a080c55131168354dfcb6273a231b166,delivered,2018-03-02 09:59:12,2018-03-03 02:55:25,2018-03-05 20:14:44,2018-03-13 23:44:25,2018-03-22 00:00:00
42668f834ab1750edde339550084f090,75abc7c1601fdd71de4172156e87081e,delivered,2017-10-15 20:20:56,2017-10-15 20:35:13,2017-10-16 21:07:52,2017-10-17 21:29:53,2017-10-26 00:00:00
f4894d53b6be36cd0c12a1e648e35758,9e1a673f2651c20ede7dce5751950602,delivered,2018-07-13 20:36:21,2018-07-18 03:31:18,2018-07-19 10:47:00,2018-07-20 21:43:30,2018-07-25 00:00:00
4f37cbf1e88e6a573c864f42e1072dd0,90fe5f027efb895658f71b213bc5f8d6,delivered,2017-05-28 20:38:16,2017-05-28 20:50:06,2017-05-29 15:20:50,2017-06-12 12:33:05,2017-06-21 00:00:00
b8a644dc49239c37a1db391a709f39c7,3d2d2be2f9ebb31c0a41010f1ad57753,delivered,2017-03-30 12:28:45,2017-03-30 13:06:25,2017-03-31 08:42:02,2017-04-10 16:12:46,2017-04-24 00:00:00
df88a8395fa16611947484e283503cb3,5754c53ce78338afd3ea539fee8052ef,delivered,2017-11-24 16:24:26,2017-11-24 20:31:06,2017-11-27 20:46:02,2017-12-06 19:23:00,2017-12-14 00:00:00
5c19e256f5972c1dc427a1a1f9940a3d,4a6f381eb19bad5d9975d63edf753920,delivered,2018-04-20 16:09:42,2018-04-24 17:47:43,2018-04-23 21:52:07,2018-05-12 13:28:52,2018-05-21 00:00:00
83175e145b57ecd7bc564a4662a5e72f,c2e77a3d32b706cd18bd8e3b464999b3,delivered,2018-02-02 00:00:29,2018-02-02 00:15:54,2018-02-06 22:38:40,2018-02-16 00:55:07,2018-03-08 00:00:00
edcaded448abfc7302a12be6f10cbdec,ea6e4b9a3c6507d36ac172f95c32b2a4,delivered,2018-02-13 19:59:41,2018-02-13 20:15:25,2018-02-14 20:53:09,2018-02-26 15:43:46,2018-03-07 00:00:00
adc5d4b4ff1723e6a68bb73bb1eda4a8,630e9a67c8d1528b356f51ba17702570,delivered,2017-07-14 18:06:13,2017-07-14 18:15:18,2017-07-20 17:42:15,2017-07-26 22:11:41,2017-08-03 00:00:00
4fc50cd371b22d084ba692f7bfc7ca6d,1434c23ad06a9986f1b2d77ac7a96b7f,delivered,2018-02-17 21:17:51,2018-02-20 07:07:07,2018-02-20 17:06:59,2018-03-28 23:15:38,2018-04-09 00:00:00
b3f179611003f752f8beaacff7c017cd,2de73f1de26fc95d24c3f33ba8ed023e,delivered,2018-05-02 09:58:15,2018-05-02 10:13:57,2018-05-03 16:51:00,2018-05-11 00:42:19,2018-05-28 00:00:00
cbba3011242ca136008316701ed79229,6c5cb6d6b3bf36e1fcc36c2ac4d94542,delivered,2017-10-06 13:30:12,2017-10-06 13:49:17,2017-10-10 16:07:15,2017-10-17 22:08:13,2017-10-31 00:00:00
b0ed482699eda01ec9bc672c131741f0,b3e16dcf5e6a9a7a917838b9c8d6551e,delivered,2018-03-04 10:05:42,2018-03-06 03:35:37,2018-03-08 02:33:00,2018-03-28 20:44:33,2018-03-29 00:00:00
f0a5b7c94819c69d12a1c0458ec74756,54d5d7da0837d85d624ff379fffd671d,delivered,2018-08-26 04:52:35,2018-08-26 05:10:09,2018-08-27 15:27:00,2018-08-29 18:17:44,2018-08-31 00:00:00
0b1e7d45ede8adf7964c242ce45846f6,edd7f87e7e45b3117f7ba85acd16297e,delivered,2017-11-08 20:53:51,2017-11-10 02:55:56,2017-11-10 20:08:56,2017-11-24 14:51:52,2017-12-04 00:00:00
6be4d639e28647dfcf1002b1e2f3e84c,3e12926c0023f6666615f8c9bd3f76b5,delivered,2018-02-12 13:59:10,2018-02-12 14:10:36,2018-02-14 20:15:39,2018-02-26 23:04:41,2018-03-13 00:00:00
79c886043a847d8d2e58c43a1ec1ebd2,09adf5d66c6cb9336353b2b2f4186e1c,delivered,2018-07-01 22:52:05,2018-07-02 22:50:18,2018-07-03 14:55:00,2018-07-07 16:56:29,2018-07-24 00:00:00
b886293e979c828299f8fbae51cd8a51,25c03785d6379d4dcbe6ac14af0c4f87,delivered,2017-11-09 16:02:26,2017-11-09 16:15:47,2017-11-10 21:21:28,2017-11-16 17:14:39,2017-12-01 00:00:00
37bd4ebc1e9465415453c41f71eaa6a6,1052e334b46dd1e9876946d6372a363e,delivered,2017-12-17 20:40:48,2017-12-17 21:19:27,2017-12-18 17:39:17,2018-01-09 23:07:44,2018-01-19 00:00:00
471a6da1b73e8e40114d97f64ad384b7,b2300f06092fdfd34385f05cb958e112,delivered,2018-04-27 15:11:29,2018-04-27 15:32:54,2018-05-02 16:26:00,2018-05-08 17:34:46,2018-05-15 00:00:00
c7c6ca7db4f3b52d2fd70aeeb13d8e69,f814518d7099e9edf3060a9aa22c43c9,delivered,2018-04-05 14:55:22,2018-04-05 15:09:59,2018-04-10 00:32:23,2018-06-07 17:37:24,2018-05-11 00:00:00
7ad4319f5bcb490a240f47596df4e683,3f1b8132e0f236befb07915a0fe31649,delivered,2018-03-30 20:41:08,2018-03-30 20:50:08,2018-04-03 20:32:02,2018-04-05 20:46:37,2018-04-18 00:00:00
f01221bdbf37c9c792b4cc3e78dc5dc8,589dfc0372826753089617cbd63265e2,delivered,2018-08-21 16:12:34,2018-08-21 16:30:46,2018-08-22 12:07:00,2018-08-27 18:54:49,2018-08-31 00:00:00
0551ab30e952cbf19e26f0f6baab13a6,7999bbff150ed9132667f5c350d45c3e,delivered,2018-03-24 13:30:08,2018-03-24 13:47:25,2018-03-27 22:16:59,2018-04-04 18:56:31,2018-04-19 00:00:00
22deaa695e6bee4bb06af5da6cdcdabe,76f2f2c46b45b955bf74735a1bb30e92,delivered,2017-10-21 22:23:16,2017-10-21 22:49:14,2017-10-23 14:07:04,2017-10-24 17:10:43,2017-11-03 00:00:00
3cd41dc7c9fceb7de4fb0e9983a4b1ed,f8d5adc32955a3f8c92b0343deebad7f,unavailable,2017-10-10 23:49:13,2017-10-11 13:56:22,,,2017-10-23 00:00:00
bd78f91afbb1ecbc6124974c5e813043,b503b349a145e75d7b6fb083b221a5cb,delivered,2018-06-28 21:26:30,2018-06-28 21:51:05,2018-06-29 12:07:00,2018-07-03 20:52:04,2018-07-20 00:00:00
a38439dea75520fa7c02a9ac0c4328ec,33b24c5904973c31f666f6267383586c,delivered,2018-02-22 21:44:18,2018-02-23 14:15:33,2018-03-01 17:58:41,2018-03-12 20:41:42,2018-03-20 00:00:00
debaf5bf201585e6d963688922a500f3,e5230e9a583ae21824f212d9a8f121a0,delivered,2017-11-24 17:55:43,2017-11-24 21:15:55,2017-12-08 00:08:07,2017-12-12 21:25:58,2017-12-21 00:00:00
592673ab37fe8fa9e3a4844d067682dd,d7bee1bfe536ec63fc3fcfa88569c096,delivered,2018-03-15 21:30:27,2018-03-15 21:48:45,2018-03-17 02:51:21,2018-03-29 11:58:30,2018-04-03 00:00:00
4de19bb1b286e84a06c1d2eb2954b222,e63b4c0a8ee073d6adb70f8a1b7b789f,delivered,2018-03-07 23:30:39,2018-03-09 02:15:42,2018-03-21 23:19:02,2018-03-26 21:42:29,2018-04-17 00:00:00
00c405bd71187154a7846862f585a9d4,1ab52508d3c58d96241850142347b75f,delivered,2017-10-23 14:59:46,2017-10-23 15:14:13,2017-10-25 13:30:02,2017-10-31 18:47:06,2017-11-17 00:00:00
6541aed6de52f3a9f2cb99afe498dde4,4e642118496410b93f7ed817c30a421a,delivered,2018-05-09 21:55:23,2018-05-09 22:14:38,2018-05-11 12:26:00,2018-06-08 16:54:45,2018-06-14 00:00:00
5d7c9ec4aa4d83e0b66b73e3ad2d7c06,c36e7cd497c538831ff5d1a3e5af5e47,delivered,2018-08-23 13:19:20,2018-08-23 13:30:31,2018-08-24 11:14:00,2018-08-28 18:19:38,2018-09-25 00:00:00
66c21fa04706b27438fe03e00ba596f0,58c674bdd84b66c7b579268819c793ae,delivered,2018-06-06 23:48:02,2018-06-07 00:36:41,2018-06-07 14:41:00,2018-06-11 16:27:45,2018-07-03 00:00:00
ae35264f1f3d48dcabac5f8a4044c8fd,809fece180865f33e734926b15164398,delivered,2018-07-09 17:28:54,2018-07-09 17:45:00,2018-07-10 12:58:00,2018-07-13 21:41:45,2018-07-30 00:00:00
c31664de12de8ed1dc41cc8478e51ae0,566d1ab114a060817ff8d40a6c0729c3,delivered,2017-11-24 14:21:44,2017-11-24 16:32:43,2017-11-27 19:13:19,2017-11-28 22:41:52,2017-12-11 00:00:00
31942ba78d7901dac911b431307cdba6,a756b65b73075e9d789ee5fc07ef0955,delivered,2017-12-09 14:40:14,2017-12-09 14:50:55,2017-12-11 15:33:29,2018-01-02 21:52:06,2018-01-16 00:00:00
cdd9e6f4efad93eb820d770a29c190a7,59a915cb536fc30ddf3e46f9b0f4d55b,delivered,2018-02-09 00:58:47,2018-02-09 01:15:33,2018-02-15 17:29:09,2018-02-20 19:37:06,2018-03-05 00:00:00
b1ea55e35faa2d64fc8dc9764f1a7e35,f1648e7bf1ba2d3af6dc6bf4e009b3fa,delivered,2018-03-06 21:43:59,2018-03-06 21:55:30,2018-03-07 23:06:08,2018-03-15 14:56:44,2018-03-22 00:00:00
a60d308a1328a95a1e34b0c19e1ead05,4c7f6cfb31eed96f6e69a01171b5f0f4,delivered,2018-04-10 15:49:49,2018-04-10 16:11:24,2018-04-11 19:28:53,2018-04-20 18:19:17,2018-05-03 00:00:00
38236191299d9d7335f0dfdd2186af7e,069c4ec640bf96e7ac25dabecfd6c0ab,delivered,2017-06-07 20:51:35,2017-06-07 21:02:33,2017-06-12 16:07:37,2017-06-21 16:48:33,2017-07-12 00:00:00
0261459497a63d27d6f197c00f2402d3,6dac42a8db39e203ab662d2bac64fa33,delivered,2017-12-12 19:45:12,2017-12-12 19:57:25,2017-12-15 20:00:29,2018-01-05 15:47:34,2018-01-10 00:00:00
11a684a126660a21fecde8c48a1cfebd,32da30d0502c3ffa90f8f3f267d098a7,delivered,2017-06-09 19:27:48,2017-06-10 06:43:12,2017-06-13 14:28:03,2017-06-27 17:37:50,2017-07-12 00:00:00
fd489d6ff419b1fa8e4912b67adcf438,e555c6282a5a4d5bab37409e5b731c83,delivered,2018-06-17 13:03:29,2018-06-19 03:57:18,2018-06-25 13:53:00,2018-06-26 21:32:12,2018-07-12 00:00:00
0ee0c320d2ceda401e28f8bc01e2fde2,d6022076bb098bed34be3e8b58987faf,delivered,2017-03-26 11:36:32,2017-03-26 11:45:13,2017-03-28 14:14:24,2017-04-18 12:38:13,2017-04-28 00:00:00
60f4971cd353e8200e728e33302cef59,05c0080971ea51d47c0bd869abebb1e5,delivered,2018-01-18 23:14:10,2018-01-18 23:30:37,2018-01-19 22:07:35,2018-01-29 18:36:58,2018-02-05 00:00:00
a952ed7dbddb794dba8c2e11e39898a0,c9626397f8b494b21dc223c2678fc301,delivered,2018-04-23 13:57:36,2018-04-24 18:38:46,2018-04-25 11:09:00,2018-05-03 02:40:47,2018-06-04 00:00:00
f5e9edb4041a4f6ddaac3851ae7992ee,04da2645a56f541526058058e48a71e1,delivered,2018-03-09 10:26:10,2018-03-09 11:35:25,2018-03-09 21:32:19,2018-03-29 16:32:40,2018-04-04 00:00:00
c76f38f0e25b96b00a706d619332b544,6997da0b64aa6a0eb501e839a6e6900d,delivered,2017-11-20 20:52:42,2017-11-20 21:07:18,2017-11-21 17:21:36,2017-11-25 05:58:30,2017-12-27 00:00:00
d1cc6390ec948b6e8d38ebddd2996d18,4ac77c067bc945692624809372bd4ff7,shipped,2017-05-08 00:45:17,2017-05-08 01:02:05,2017-05-09 12:10:26,,2017-05-31 00:00:00
b72ead808b9621ca4037dcfba0a226ef,f048e596eff8d43f340e3ec1b25086df,delivered,2017-11-08 15:35:16,2017-11-08 15:50:35,2017-11-09 19:57:44,2017-11-13 18:13:07,2017-11-22 00:00:00
c3d42c4d02c4f04fd1787dda7d49ea99,7e0e5c4037a75a6a72a3c9033ccb005d,delivered,2017-11-24 08:51:46,2017-11-29 02:31:41,2017-12-02 00:09:09,2017-12-07 19:05:10,2017-12-18 00:00:00
a5519d2a4e5aaee48134163456803e4c,339978d66c8f8cdd14699e0e0fd67451,delivered,2017-09-25 16:38:15,2017-09-25 17:05:50,2017-09-27 19:58:02,2017-10-05 20:29:56,2017-10-20 00:00:00
b2affd9140976ddaf7fb0788b27cac0f,b60d9e8c839b29710877205b1f4cb6b1,delivered,2018-02-09 19:03:06,2018-02-09 19:10:38,2018-02-14 22:43:18,2018-02-19 23:22:11,2018-02-23 00:00:00
0d1a58d99d3cd5017b6d59433de878c5,d8b784ae75a963e447ad00002350a004,delivered,2018-01-18 02:15:28,2018-01-18 02:30:36,2018-01-18 17:13:07,2018-01-24 21:09:08,2018-02-08 00:00:00
d33001bff4242b0f9abf0eae4692fe54,3547ef8e58a470a7e294cc1f8f90e3db,delivered,2018-08-13 13:24:42,2018-08-13 14:04:14,2018-08-15 14:17:00,2018-08-20 18:42:36,2018-08-28 00:00:00
644d53f0bf14fc2b7b89008c00ef5f45,b61cd933d2e2773e0a843e3ec1deeda0,delivered,2017-03-15 12:21:55,2017-03-15 12:21:55,2017-03-20 10:44:55,2017-03-24 13:38:01,2017-04-18 00:00:00
2a7e107ff56b9383af21afdab55ad2d7,fe456136d4ffb57748df6e72be44b82d,delivered,2017-07-17 08:00:41,2017-07-17 08:15:10,2017-07-17 20:27:04,2017-07-26 18:26:37,2017-08-10 00:00:00
ebabc8ac474d11be84da632d48790ac2,5bec55a9b48c095a3453366e8c68ef9f,delivered,2018-05-23 16:51:21,2018-05-23 17:16:23,2018-05-24 08:44:00,2018-05-25 14:05:19,2018-06-08 00:00:00
2613fb342bec59126f9c5180a5bc95ec,458c071cf2f55e076014cb868bff55fe,delivered,2017-08-18 14:30:22,2017-08-18 16:10:14,2017-08-22 14:37:12,2017-08-31 21:50:18,2017-09-18 00:00:00
862fc92ae542a7129c9943703ddac0af,e496a9d420122cf49f1ab0f297e381a7,delivered,2018-07-19 16:28:46,2018-07-21 03:10:13,2018-07-23 16:25:00,2018-07-27 17:52:45,2018-08-21 00:00:00
1a68a3c33d6299d9d0f36a74e4c97e2f,4faf7bb3041b910f0a590121c4480f8c,delivered,2017-09-29 09:07:44,2017-09-29 09:23:56,2017-10-02 18:43:59,2017-10-04 19:56:59,2017-10-23 00:00:00
560ad6968b170544b8533cfba50e8bfa,db84d383dba6497c8d6ec24f992cd787,delivered,2017-02-14 12:53:15,2017-02-14 13:05:53,2017-02-17 10:30:44,2017-03-09 06:16:02,2017-03-15 00:00:00
9e067f88fe5c70d11f75ddfdf358acef,38b0aa764a4c901d432e2d830b2c588c,delivered,2017-08-11 15:32:11,2017-08-12 15:46:15,2017-08-14 22:54:28,2017-08-21 18:16:14,2017-09-05 00:00:00
02ed3b96772956405d25c2d35c766c68,526e982e0217539da2d43a01848404a6,delivered,2018-04-11 08:00:56,2018-04-11 10:35:37,2018-04-11 22:03:24,2018-04-12 22:22:09,2018-04-25 00:00:00
7962c29496311e6f33a972d590b1f966,f51384546dffb3d2caa47db623a0c856,delivered,2017-05-27 11:08:23,2017-05-27 11:42:13,2017-05-30 10:13:22,2017-06-05 13:47:51,2017-06-27 00:00:00
e9a6252140ac4d9e51867934fad095eb,07ea3ec35713ea67602562cad793eeba,delivered,2018-02-05 09:46:19,2018-02-05 09:55:30,2018-02-06 14:58:52,2018-02-17 15:25:47,2018-03-05 00:00:00
a3595c53ef721a1b9525a8ea6e4400a8,e501da5430e735bdf48fb95e70d3455f,delivered,2017-05-05 17:53:08,2017-05-06 06:35:18,2017-05-09 07:38:00,2017-05-24 12:32:40,2017-06-09 00:00:00
434c4ed860ba78b06eb3333f8184dbee,c5cec2f88aa92fc22fae96e287c61ff9,delivered,2017-10-22 16:11:23,2017-10-22 16:21:23,2017-10-23 21:26:05,2017-11-24 12:36:05,2017-11-09 00:00:00
701784c754c8ac2e2a73dbbe7dc3a363,5dae50072dfca2e711be4b4604d9e8e0,delivered,2018-06-02 20:13:46,2018-06-05 03:55:18,2018-06-06 12:46:00,2018-06-14 12:38:16,2018-07-13 00:00:00
262b5cf0ac08cc1c0d26d129b41f870e,270cde94c33764c95930e0fc06c52c6b,delivered,2018-02-10 17:59:31,2018-02-15 03:47:19,2018-02-16 22:58:49,2018-02-28 19:37:27,2018-03-06 00:00:00
7af8a0c8e4cb2beca3bd2f5e3f4cf340,7c374adb83a223fa86b7e59111bec826,delivered,2018-04-06 11:08:36,2018-04-07 02:50:12,2018-04-09 19:48:36,2018-04-18 19:42:00,2018-04-30 00:00:00
bfadb548852a3f28f3beba2245ccd552,77c2c6ca2faadc2662dda8c0b92db8cf,delivered,2018-05-20 12:55:41,2018-05-20 13:10:31,2018-05-21 15:57:00,2018-05-22 16:12:49,2018-06-01 00:00:00
b4e517beb22f957e76469c4b7eed9f8b,75356ef942799219979533e3b50950de,delivered,2017-12-13 14:45:31,2017-12-13 14:57:02,2017-12-15 17:52:03,2018-01-16 20:33:35,2018-02-01 00:00:00
5fbad22605b487c2794be60878143398,7f389c79d1867851a9fa1627a47f997c,delivered,2017-10-17 15:35:11,2017-10-17 15:49:31,2017-10-24 19:13:51,2017-11-07 14:12:25,2017-11-08 00:00:00
e3a1e64849a8ab83879ffe8a154f1299,43b481bf88663a9fd41bcd234e70a5a4,delivered,2018-03-17 17:41:43,2018-03-17 17:57:10,2018-03-20 04:36:43,2018-03-21 13:51:08,2018-04-13 00:00:00
610d01be21a4553d8ae1b2c4000c2703,990d166955c3435e121e7c2285de8438,shipped,2018-08-04 22:38:40,2018-08-05 22:30:12,2018-08-06 14:39:00,,2018-08-13 00:00:00
7bf2864048f28a9341940c5f3b04c857,c1161260d475f28e6945d1a1f542f87a,delivered,2018-08-10 15:03:30,2018-08-10 15:24:37,2018-08-13 14:37:00,2018-08-21 14:28:43,2018-08-23 00:00:00
9bbcf2413e13209e34df2de7b7ce161c,71fafde265d5c5969612ff8fee661014,delivered,2017-11-05 15:45:54,2017-11-05 15:55:21,2017-11-07 15:31:54,2017-11-09 14:52:38,2017-11-17 00:00:00
081bfb811c30ac2ba75d0013a7fc1d65,d6f8dd44b89b4808e4a0d8f7f338af37,delivered,2017-07-14 14:35:26,2017-07-15 14:43:23,2017-07-19 16:36:29,2017-07-26 00:39:45,2017-08-09 00:00:00
0e09e160c7532013444616096bc75f89,c90789e9dd14b036d46efe4a4b830f75,invoiced,2018-04-18 17:12:24,2018-04-18 17:58:16,,,2018-05-04 00:00:00
510c6acb378271d88724c354faf156e1,e593c28fd3bd8594f6b393bc9cda68ea,delivered,2017-10-09 07:59:22,2017-10-09 08:17:51,2017-10-10 17:10:28,2017-10-16 23:50:18,2017-11-08 00:00:00
29f5dd847b7db645b7ce75cc49ddb612,1d91cf6cc20b01f12621a12c0980c84c,delivered,2018-05-02 20:29:20,2018-05-02 20:53:52,2018-05-03 15:21:00,2018-05-07 19:36:52,2018-05-10 00:00:00
5a4c4faee643fc4fdbe78f3aa2bf4ae3,b049b4481eca74b1f9914208f59be120,delivered,2018-02-28 20:43:51,2018-02-28 20:55:58,2018-03-01 19:45:44,2018-03-05 19:38:44,2018-03-21 00:00:00
fd26a8e314b26ecd3011f9d6ec17e7c2,d3eac6f3d395fdf17814107b34247c62,delivered,2018-08-06 13:27:23,2018-08-06 13:35:21,2018-08-08 14:44:00,2018-08-16 14:21:13,2018-08-20 00:00:00
b983dac743809281dd9389356ae3c59e,576748b78fc3b8b5eaf396c0d434c8c5,delivered,2018-02-23 13:37:50,2018-02-23 13:50:38,2018-02-27 00:48:59,2018-02-28 16:54:57,2018-03-12 00:00:00
cd3f1c4c9d4aaf1ea8940fbb22adced5,3921e420e5646a7e636ac3c2b6334136,shipped,2017-05-19 11:30:48,2017-05-19 11:42:56,2017-05-19 12:59:26,,2017-06-14 00:00:00
95c9b6a458336c5de68ca8d1ba553078,db8957fc5d587cdfd7eb1a3292d4e2e9,delivered,2018-02-18 01:52:21,2018-02-18 15:30:27,2018-02-20 18:18:09,2018-03-19 18:44:57,2018-03-14 00:00:00
2c1a279890c82005e7d51b4717cc0080,8cd7393d7826172d4f6f6e4f433defc6,delivered,2018-05-15 18:52:41,2018-05-15 19:12:39,2018-05-18 14:01:00,2018-05-21 16:37:00,2018-05-25 00:00:00
0e4ec64e6128e64544f0c316b5f5657a,6780701e58b7cd6af5c511c408dc2fb1,delivered,2017-11-09 12:26:19,2017-11-09 12:35:34,2017-11-10 20:07:41,2017-11-16 20:07:48,2017-11-24 00:00:00
4aaae2aa1aaf68062749b93fbe24d6cc,73c42df75ba6c72886b7dc426d3db891,delivered,2018-04-05 22:23:29,2018-04-05 22:35:14,2018-04-10 01:32:48,2018-04-30 20:05:27,2018-05-08 00:00:00
5c1cabc415efcc828343f3b4b284b026,9675a538e974ae5f04d201698b7193e7,delivered,2017-11-24 21:53:00,2017-11-25 01:31:43,2017-12-01 00:18:01,2017-12-05 21:08:55,2017-12-14 00:00:00
32545b7ed8f4e241d557e51430a7c4be,1235910f8fb0ed7574e044384fc001dc,delivered,2018-02-06 14:02:16,2018-02-06 15:55:45,2018-02-08 12:19:27,2018-02-09 19:16:51,2018-02-22 00:00:00
83924c36ceb82b354fa3408e645cb699,bd66021ab62baba3336997d620aa4a7d,delivered,2017-12-03 10:59:09,2017-12-03 12:11:56,2017-12-05 22:52:32,2017-12-18 15:43:44,2017-12-27 00:00:00
fbca6c23232528f7e627999990bbc39f,7bb24975d38523436e659b5c2c17a383,delivered,2018-07-21 20:35:15,2018-07-21 20:45:09,2018-07-23 14:02:00,2018-08-11 20:21:45,2018-08-13 00:00:00
a2c0b600ee987c3536f835e83313d63b,0bfd87b3237294958395d3cc81097e20,delivered,2018-05-08 19:50:19,2018-05-10 04:16:25,2018-05-14 15:03:00,2018-05-19 12:16:37,2018-05-18 00:00:00
13d8d37bf20ffee3f1e6e32d7c4d4849,8ec0299fcdaf1254be462e1d305c5771,delivered,2018-01-08 22:01:10,2018-01-10 10:32:22,2018-01-13 02:35:03,2018-01-30 12:53:12,2018-02-05 00:00:00
eb662529b45921de69ee27ba4baefcac,20155319887d22c9e944700714134eff,delivered,2018-05-20 21:56:56,2018-05-22 09:14:32,2018-05-22 14:55:00,2018-05-23 12:26:37,2018-05-30 00:00:00
adf094db594ac7282fe50859f69cdb31,02841fd8efadbaf1b2e99e29822ed8e2,delivered,2018-06-04 17:46:53,2018-06-04 17:55:18,2018-06-11 14:23:00,2018-06-18 15:29:33,2018-07-31 00:00:00
23169ab372b70385fcc9668d29aad84a,c46769e0da8615cdd59fe67f853ebd85,delivered,2017-03-28 15:57:03,2017-03-28 17:50:10,2017-03-29 15:17:23,2017-04-12 07:29:43,2017-04-19 00:00:00
79552be7b4863907fb19aa3c8bba9692,ff04d958186bab54872637cc6f097898,delivered,2018-01-11 19:49:39,2018-01-11 19:58:21,2018-01-15 16:48:05,2018-01-16 12:06:41,2018-01-30 00:00:00
4aee412a7e32769844bd23a9d6e885b7,a2dca23e0ce3d8337b67ef6db10322ff,delivered,2018-05-01 15:11:07,2018-05-01 15:35:05,2018-05-02 07:58:00,2018-05-03 22:14:37,2018-05-16 00:00:00
65035f2d005e9af22156150a3bde53b2,9a6b4a17865a6eb29c6787a1d5484568,delivered,2018-05-30 17:42:24,2018-05-30 17:58:07,2018-06-01 13:19:00,2018-06-11 21:49:22,2018-07-04 00:00:00
d11a0846ff37738d645b1f4f2537e527,1d2c128be5032238def9ffba1fc3076a,delivered,2018-05-09 12:01:16,2018-05-10 12:15:46,2018-05-14 13:53:00,2018-05-24 13:08:31,2018-06-04 00:00:00
780d337b404662d73b89a4d011746257,abf2d2328aec78d993a06cecf5c7b961,delivered,2018-03-03 08:36:01,2018-03-03 08:50:24,2018-03-08 22:31:27,2018-03-20 23:23:46,2018-03-28 00:00:00
d48f3d7292382595a5acf900d2ab137b,a82d76092b48175dc5e178519c4fcf37,delivered,2017-10-10 20:01:16,2017-10-10 20:14:25,2017-11-06 22:15:29,2017-11-17 10:38:59,2017-11-23 00:00:00
46513a6be6229688ac9b3144f995f95a,6442854d50234aa44495bcab02c5ce8b,delivered,2018-06-08 09:55:19,2018-06-08 10:16:10,2018-06-11 15:22:00,2018-06-13 19:28:46,2018-06-26 00:00:00
a9fa8567c21a5f8e4450af02a87f26cb,a1af950930516005763b142d147b079b,delivered,2017-07-29 20:27:08,2017-07-29 20:43:35,2017-07-31 17:43:36,2017-08-17 15:48:16,2017-08-23 00:00:00
638ef1788b79081e63829d44a8f15e0c,b375ea4c89a7a7c39ae09144086ac2f3,delivered,2018-01-03 00:37:12,2018-01-03 00:49:52,2018-01-08 20:20:35,2018-01-26 19:33:57,2018-02-09 00:00:00
c6eb7d8978a0d7a7e592ef611e4daf04,1b359570aa2cf78d48bd2d1a1a2e049c,delivered,2017-09-21 08:35:15,2017-09-21 08:45:38,2017-09-21 17:34:54,2017-09-29 17:33:01,2017-10-18 00:00:00
43638556d411b559cd36c7f1872b81c6,f525d0ae2d111d201b1169e0c1bddc1e,delivered,2018-03-02 10:56:08,2018-03-02 11:15:47,2018-03-05 22:14:45,2018-03-26 17:58:53,2018-04-03 00:00:00
a6ecc5068e6e585b2dca3e496ba4b277,8373e304bb40cc92bef250618085d7b5,delivered,2018-07-13 16:14:24,2018-07-14 14:50:16,2018-07-16 14:58:00,2018-07-24 21:48:39,2018-07-30 00:00:00
a3a43dd512f51c100ca62a18f50076b6,82d5a2482ca8f3f29454d05e129a21bd,delivered,2018-02-14 22:32:54,2018-02-16 14:30:38,2018-02-15 16:52:01,2018-02-20 19:04:37,2018-03-15 00:00:00
d3782eb2976abf986175941c51364aab,f601160e3ed582278f9956eea7fb67f7,delivered,2017-12-06 21:38:12,2017-12-06 21:52:51,2017-12-20 21:13:05,2018-01-02 12:18:43,2017-12-29 00:00:00
cecbd93dd8b42fc3d99e66b7d39d4348,3d1c0162f665de0717f134c4900b8f6c,delivered,2018-04-28 20:31:24,2018-04-29 20:30:20,2018-05-04 15:04:00,2018-05-25 17:18:27,2018-05-30 00:00:00
32d710de2d82d2bd946b276c2314b5d2,70539f29125fcc6c74d55e2586e5e733,delivered,2018-06-14 10:39:51,2018-06-15 02:37:25,2018-06-15 14:03:00,2018-06-21 12:18:49,2018-07-16 00:00:00
0f2eddab2cf0edb934c4086172712081,c36aba8015e71293fc377fca2be747b4,delivered,2018-08-04 22:58:06,2018-08-04 23:10:17,2018-08-09 14:45:00,2018-08-13 21:56:26,2018-08-15 00:00:00
8536dc31867441665e91bd1884575788,8db9c462ce300fb145b845e406e967c8,delivered,2018-02-02 10:48:49,2018-02-02 11:55:32,2018-03-02 00:04:40,2018-03-07 20:28:58,2018-02-26 00:00:00
b7a81940965effd79fef25a444debdbd,743baa570dcc018631449fdbe5befee2,delivered,2018-02-19 13:29:36,2018-02-19 13:46:46,2018-02-21 19:47:36,2018-03-13 16:06:40,2018-03-12 00:00:00
155220928b39545388340a30c2055907,a2bf0bbe934be7673aba2480b244933f,delivered,2018-03-26 19:45:21,2018-03-26 20:06:50,2018-03-27 19:06:58,2018-03-28 11:44:26,2018-04-06 00:00:00
5eb14fb4efa7c2bdb08331b6809a350d,f41a07db49b6d37e48345fbfdc3e8d7f,delivered,2018-03-13 09:22:29,2018-03-13 09:30:34,2018-03-15 03:32:16,2018-03-24 18:05:10,2018-04-06 00:00:00
a496afd4157983f3262ad36c6afde886,640f09e17a30fc5ef879ffb54d1bfcd3,delivered,2017-07-17 20:18:06,2017-07-17 20:30:21,2017-07-18 20:12:22,2017-07-19 21:18:04,2017-07-28 00:00:00
b576609c7e4498a76216cb240c177328,09de89d73728d8ba98281f3b1a73e9aa,delivered,2018-08-26 04:51:22,2018-08-26 05:44:05,2018-08-28 15:17:00,2018-08-30 21:34:47,2018-08-30 00:00:00
c0e6a4b9d9b4fb7364f6010863708cbd,a12b256adc8a574b2ef0bec1edaea319,delivered,2017-09-28 18:30:29,2017-09-28 18:49:20,2017-10-04 14:04:26,2017-10-21 12:45:25,2017-11-01 00:00:00
553d40c3dee8e6294b1b393c1499c25c,f6f3e85b8ac3846b8b3ca5735ad0e19a,delivered,2018-04-29 08:32:16,2018-04-29 08:50:07,2018-04-30 12:34:00,2018-05-05 17:48:58,2018-05-24 00:00:00
2b2cd8cb814ca7d224ce37837a8ed5c8,42739d30c218a2bf7f80ad16895e685c,delivered,2018-02-15 14:38:20,2018-02-15 14:50:30,2018-02-16 21:23:20,2018-02-27 16:51:10,2018-03-07 00:00:00
27587cc5a5f975239e49460102252868,2b37acd5f8df4d3e14df1c3d75b8884d,delivered,2017-12-01 09:38:42,2017-12-01 11:31:37,2017-12-01 23:48:38,2017-12-28 15:28:28,2017-12-28 00:00:00
ad761416833aee13e3c6c8b579d72f96,3c27d865fbf7aa0b410a5da7b2b210b0,delivered,2018-03-24 14:54:33,2018-03-24 15:10:25,2018-03-26 22:48:54,2018-03-28 17:32:03,2018-04-06 00:00:00
ab2f2b70a35105e169d9fba7a65d3ac0,f7cbc5b5009187e1d0983e1ff7a5c6c2,delivered,2017-02-18 14:47:47,2017-02-18 15:02:50,2017-02-23 03:09:14,2017-03-03 11:09:08,2017-03-27 00:00:00
e277f0c1ac75d1659d13888efd4ff042,0c04473414f0ceb96390c9e26b968d9b,delivered,2017-12-11 08:32:27,2017-12-12 03:49:40,2017-12-12 22:38:29,2017-12-22 19:36:49,2018-01-05 00:00:00
9743ae99d7c809d4fe6e83fe7c72cd54,31ca17d7b5ef4b82ced6a84d8d00abb2,delivered,2017-07-06 15:47:48,2017-07-08 03:35:08,2017-07-10 19:52:19,2017-07-18 21:14:02,2017-07-28 00:00:00
9fe26c640da2c51c4f699a364a195ccd,128899de758f142b0ee99a055e863476,delivered,2018-07-28 13:34:11,2018-07-28 14:04:22,2018-07-31 14:18:00,2018-08-03 18:41:25,2018-08-27 00:00:00
5b26d9049a86fab0a83280e17de710ee,e7f296f08aa3d473884610e0b275c9a0,delivered,2017-10-16 10:38:08,2017-10-16 10:49:27,2017-10-19 20:38:31,2017-10-27 19:03:48,2017-11-06 00:00:00
2c38215dc04c7026685736a63c152bae,f167e6da031e35fb2d552771ef64bf39,delivered,2018-03-20 12:01:28,2018-03-20 12:15:51,2018-03-21 19:08:35,2018-04-05 17:45:31,2018-04-27 00:00:00
224a1c3b43aeb4ca968d4164331fc8cf,58c2de441bfc36468e7afafae4931c38,delivered,2017-11-16 13:49:55,2017-11-16 14:08:24,2017-11-23 18:29:10,2017-12-11 23:18:37,2017-12-19 00:00:00
852d2f4d37773bcbc21c8e09a05a4ea5,eabebad39a88bb6f5b52376faec28612,delivered,2018-03-07 15:57:14,2018-03-07 16:15:30,2018-03-12 23:02:49,2018-03-15 00:46:30,2018-03-19 00:00:00
beec430d7884623aea86fd246c0886b9,8252224e46486b8d941500cc50fb998c,delivered,2018-02-20 13:59:45,2018-02-20 14:10:57,2018-02-21 21:35:49,2018-03-21 21:58:50,2018-03-19 00:00:00
f4867e0c57823e8698f48f86f5356203,8b9961ee7fbfe184efcc6e2b0c81e2f5,delivered,2018-07-08 22:50:59,2018-07-10 08:45:16,2018-07-10 16:13:00,2018-07-24 20:48:44,2018-08-02 00:00:00
01f74145603bef2ef33949099b48ad28,16164e94f3a6460de7a0700e99b330ae,delivered,2017-12-27 17:27:05,2017-12-27 17:35:20,2017-12-28 22:24:29,2018-01-05 00:33:04,2018-01-29 00:00:00
7ebd7a655bddf4875b34b13845a779af,063f284f8c19993b5e51c6a6109c620e,delivered,2017-03-22 20:32:29,2017-03-22 20:32:29,2017-03-23 15:06:24,2017-03-28 11:14:45,2017-04-11 00:00:00
098f60afb74eab906fedaf802a833a97,853c0f7e3deec49d37c0b37c50382f52,delivered,2018-01-13 23:41:26,2018-01-16 03:34:37,2018-01-17 20:30:55,2018-01-18 16:56:27,2018-02-01 00:00:00
4d6d5d4ddbda3bae532db626873c671b,4fd357de57be7921008c8d42b488dad4,delivered,2018-08-07 23:08:38,2018-08-07 23:25:17,2018-08-09 15:03:00,2018-08-14 19:38:52,2018-08-16 00:00:00
f8470371533c258e0a16d3406dd43859,3bc3ad02b60f18345617e8ce113f7d1d,delivered,2017-02-22 02:49:22,2017-02-22 03:02:51,2017-02-24 14:03:37,2017-03-03 14:54:04,2017-03-27 00:00:00
f29eac5528822e761d5aa42bb8f9c4c0,89acbe4ff05860ba51132a9a725dab8d,delivered,2017-06-04 11:36:52,2017-06-04 11:50:07,2017-06-05 10:46:46,2017-06-12 17:48:45,2017-06-30 00:00:00
89dfba99bc6a9836761392161809f4c7,ed6d9caf318cbafd8d5fc5332d98ebd7,delivered,2018-05-15 12:44:31,2018-05-15 12:55:23,2018-05-15 13:33:00,2018-05-29 05:24:56,2018-06-12 00:00:00
b826bfdea5744dfde2f59560ca882533,277e8bb3836a89ad1faeea043e048e79,delivered,2018-04-25 18:49:06,2018-04-25 19:12:24,2018-04-26 09:32:00,2018-05-04 16:32:59,2018-05-22 00:00:00
91acb43b0fa6d82446d98eab297c7cd4,84a2a287aaff6e5c91b3eca608dede0d,delivered,2018-03-26 23:38:06,2018-03-26 23:50:11,2018-03-28 20:46:59,2018-04-06 23:50:47,2018-04-12 00:00:00
1d4a32f1866625f4cb90fe725e7c504c,6def748a6dc9d98b0ed153595b1a6d10,delivered,2017-12-04 20:56:01,2017-12-05 08:30:47,2017-12-06 00:14:51,2017-12-07 20:39:48,2017-12-20 00:00:00
56beb5fd73b90e8bc46a9d551c30340f,9751d18d4431a7dc2bbd012371072e00,delivered,2017-10-19 10:22:59,2017-10-19 10:46:03,2017-10-20 19:48:03,2017-10-21 14:41:55,2017-10-31 00:00:00
fd3d5d5f83a8dc51d0acbca416b5e7b6,c458c4ffe58158d0ea839472b03caa02,delivered,2018-04-23 18:11:37,2018-04-24 18:56:43,2018-04-25 14:41:00,2018-05-11 22:33:10,2018-05-21 00:00:00
7b30aa29f313756594c6bfad78eea84a,50fc555de6aad7ded46154a31fa91d89,delivered,2018-04-07 20:22:01,2018-04-10 13:29:58,2018-04-12 18:49:46,2018-04-26 16:04:06,2018-05-03 00:00:00
bb8a565ee080cd9009f0209bf124beaf,0f7e05d305b397dd18acb5dbc69a39f1,delivered,2018-01-01 18:23:56,2018-01-01 18:32:52,2018-01-04 00:09:55,2018-01-04 12:23:09,2018-01-18 00:00:00
2cbc5b81184dcc5a9a134f8eecdaa825,f074190ffb3794d0aeef9a074077c0b4,delivered,2017-04-17 14:32:21,2017-04-17 14:45:30,2017-04-18 15:44:27,2017-05-07 08:17:30,2017-05-09 00:00:00
4b16b807a377f833778fc8b96f6d9ac4,219fd715b4810a1a506f8b36692f52cf,delivered,2018-01-02 17:15:49,2018-01-02 17:28:53,2018-01-03 19:54:56,2018-01-29 17:37:09,2018-02-15 00:00:00
3d34e2eec4245acada65a41a949f2568,f760b1ac2bd99fbc9141d64509cacc13,delivered,2018-06-08 20:45:36,2018-06-08 21:15:17,2018-06-12 14:58:00,2018-06-19 22:03:22,2018-07-03 00:00:00
73a12daa7a024fd6a3895ffcb1fc99cb,e1757fdb0a5da58aaa609d9c28a203d5,delivered,2018-04-30 15:48:06,2018-05-01 02:10:43,2018-05-02 13:28:00,2018-05-09 20:42:35,2018-05-30 00:00:00
6ac314f1970b39cf3b7760803caf3c23,7613a58283d100e4da203bbcfa57fbac,delivered,2018-07-16 16:37:13,2018-07-18 02:55:23,2018-07-19 09:39:00,2018-07-23 23:48:38,2018-08-01 00:00:00
e495feae6785e3de6da18e3b567982bc,2c752d463a3b8a2a33bf0344fc1d08d1,delivered,2018-01-29 19:22:52,2018-01-30 04:31:19,2018-01-31 13:08:30,2018-02-15 23:23:03,2018-02-21 00:00:00
0179a3003c894f1dd3b1ddda5d1f8a12,982d36c785912f44bd0f87ac7d8a7073,delivered,2017-05-23 16:23:30,2017-05-25 02:50:20,2017-05-26 16:12:38,2017-06-07 13:38:43,2017-06-19 00:00:00
5419867f4aa50888cbd30061ced88b44,144f8ac4df50b7448ed453447b7d18d6,delivered,2018-04-04 17:57:17,2018-04-04 18:10:22,2018-04-05 18:50:35,2018-04-06 17:29:37,2018-04-19 00:00:00
7b51c3c01744a42de53e6e1b65d2b7cb,99c243a33e10912d2f47510a2e54e76c,delivered,2018-02-18 19:36:00,2018-02-18 19:50:26,2018-02-19 14:08:44,2018-02-23 21:11:44,2018-03-12 00:00:00
f0c2236da1e0542c3deb61e413ea3f24,af2e6bb21664b6626ea60bcaa3ff7f1b,delivered,2018-05-04 21:19:25,2018-05-08 04:15:27,2018-05-11 07:29:00,2018-05-16 18:16:35,2018-05-24 00:00:00
c9076d0a5b9df9fd2e5e808fff91f425,812570c83feb2a2bcec548ddc36b0d0b,delivered,2018-05-15 17:51:09,2018-05-16 17:57:50,2018-05-17 12:23:00,2018-05-21 17:55:47,2018-06-07 00:00:00
ab6d84885a2b1513ec4035973c08460f,97daaee8d701a5059c4256c17ef8bc5d,canceled,2018-08-04 10:54:42,2018-08-04 11:05:10,,,2018-08-13 00:00:00
7f2765cc6719de94716ce2c081b27f02,cba467dc4bb88078e1af5f847b89174f,delivered,2017-12-01 00:17:43,2017-12-01 10:31:08,2017-12-05 01:33:59,2017-12-07 20:33:43,2017-12-26 00:00:00
aeed0a4dc090295564a3915202178173,9664823e431e300a215146df1c6282dc,delivered,2018-05-25 11:06:11,2018-05-26 02:18:27,2018-05-28 14:08:00,2018-06-08 00:12:11,2018-06-26 00:00:00
18ef2a64141eab548a2c46df2545b1ee,b2df53a0d86cbc9c48616392a6e57c57,delivered,2017-02-08 14:41:53,2017-02-10 02:43:14,2017-02-10 09:37:56,2017-02-20 13:42:38,2017-03-27 00:00:00
d5c93f9528b5b9869e4c761fcde5a834,28bde7ec6e40314d9450791729339137,delivered,2018-07-19 09:18:44,2018-07-20 04:35:12,2018-07-20 13:37:00,2018-07-23 17:17:58,2018-07-30 00:00:00
0359f367ef22ad541b0bdc484158be09,d117e2d169c937e91f16b0f48673d575,delivered,2018-08-03 11:44:49,2018-08-03 12:20:06,2018-08-07 15:49:00,2018-08-17 20:31:51,2018-08-22 00:00:00
f7b6b85f6fd2cf9aac15731dca998844,2138affd6c52e411fa91777f2e2694f6,delivered,2017-03-27 09:59:40,2017-03-27 10:10:27,2017-03-28 12:34:26,2017-04-04 14:46:53,2017-04-18 00:00:00
2204abea93cd31bee1de8958fd63f978,e701a081ed4ddb48440871611dae80c2,delivered,2017-06-27 15:49:45,2017-06-27 16:05:35,2017-06-28 11:50:08,2017-07-03 13:32:05,2017-07-21 00:00:00
5c79b8c0c788c246d099ed0ac689359e,de522fcdab63e8358310dd48a711be69,delivered,2017-07-17 22:09:26,2017-07-17 22:23:40,2017-07-18 13:04:24,2017-08-04 20:09:17,2017-08-16 00:00:00
942f5d4acc0e606d70eecd14fb69bb2a,4724ab68cedd37b02cd6ef4489dab3a4,delivered,2017-07-18 09:18:49,2017-07-19 03:55:48,2017-07-21 12:37:49,2017-07-31 18:27:49,2017-08-09 00:00:00
413220cbe57b95480531b7cf6afa9185,479260725e028708c1fa8011d306064c,delivered,2017-04-28 16:29:03,2017-04-28 16:42:45,2017-05-03 15:26:20,2017-05-10 13:05:11,2017-05-26 00:00:00
dc91ff176f641d1c8ddbe744cd146e7f,cc4c8a90ea21b5a928d7fbf4415f1c22,delivered,2018-03-26 12:43:27,2018-03-27 04:10:20,2018-03-27 18:21:51,2018-04-03 22:51:57,2018-04-30 00:00:00
a96994cc8ff50d8980c6f69f62f4bba7,c35d4f3d6cc754d4744cfad8b51c7fbe,delivered,2018-04-15 19:27:49,2018-04-15 19:50:34,2018-04-17 12:41:41,2018-04-20 22:11:54,2018-05-09 00:00:00
f11d5bb456a331aa3df2a83c1bd4af85,d81cbd61dc93c873068a3f9c456716d9,delivered,2018-05-09 08:29:03,2018-05-11 03:10:45,2018-05-11 14:41:00,2018-05-21 17:28:40,2018-06-04 00:00:00
632b475328739ec1fe116b5043c908f3,89bb584418002fd81d34e12c3526f74b,delivered,2018-07-18 10:54:19,2018-07-18 11:05:21,2018-07-20 11:47:00,2018-07-25 21:46:38,2018-08-03 00:00:00
f1212e6a9a3c4bb982fa155936732fc4,593f33f8efcadf51ba720c187956f462,delivered,2018-04-19 14:40:02,2018-04-19 14:57:00,2018-04-20 21:38:34,2018-04-25 20:28:37,2018-05-14 00:00:00
421cb85104521fab3df800fa355c6402,6587ff580350faef8335feef410fee51,delivered,2018-08-13 15:20:09,2018-08-15 03:15:23,2018-08-15 14:35:00,2018-08-22 01:32:51,2018-08-31 00:00:00
6d3c3a50a1334e596c7d23901c33a8c7,9ad520fb1900e2aecdd0225e48561116,delivered,2018-04-01 19:59:52,2018-04-01 20:10:19,2018-04-02 15:42:53,2018-04-03 17:37:35,2018-04-26 00:00:00
0a03b50bb658dc86547261ba8cd5676e,0a791f1725cf14521669d11593be474a,delivered,2017-10-18 20:28:58,2017-10-18 20:44:57,2017-10-19 18:12:21,2017-11-01 20:17:40,2017-11-16 00:00:00
12cfdcaedc49d1cfce950e3c9846dacf,a4ff8cca7228d35956b4d1d3c4d2a98a,delivered,2018-04-12 08:10:55,2018-04-13 13:15:13,2018-04-18 20:08:23,2018-04-27 03:05:37,2018-05-11 00:00:00
cb6dff9394d43eeebcff3c8caea9375a,b5d66b35344730fb340378ad6f4886fe,delivered,2017-06-07 19:44:16,2017-06-07 20:02:05,2017-06-08 15:11:21,2017-06-23 10:25:41,2017-06-30 00:00:00
3edd96ebb65c183ccdf9109dd48930ee,e3bd119a858d7097bc999228b3796753,delivered,2018-02-14 11:01:21,2018-02-14 11:15:29,2018-02-14 23:38:30,2018-02-26 19:03:34,2018-03-08 00:00:00
397c0e626cd53023d629b5053d222ce4,8462196d38f8599936be39dd008f9e7b,delivered,2018-06-29 10:47:15,2018-06-29 10:55:14,2018-06-29 14:35:00,2018-07-05 17:37:28,2018-07-31 00:00:00
ca615b622988ea312e47ce9773bfc5af,08caf5d1db0231d5afc079d3b223b16c,delivered,2018-06-08 11:39:55,2018-06-08 11:54:52,2018-06-08 14:20:00,2018-06-13 17:42:32,2018-06-29 00:00:00
831b5d6b49354f211585641a51a48ec2,ef1ee73b331068f9213db9fc2ab2611a,delivered,2017-08-25 14:04:19,2017-08-25 14:15:22,2017-08-28 20:36:55,2017-08-31 17:48:48,2017-09-19 00:00:00
a4b45ae5dd9fc64c6ad2093aa51dbc30,c3d7533f9eefe8dad64f876c6fc6af09,delivered,2017-07-04 01:44:17,2017-07-04 01:55:15,2017-07-05 13:37:54,2017-07-17 17:05:25,2017-07-26 00:00:00
7c544ec2abdd2f2470ffdaf4215d8706,cd4770c383b9ca3fe4a43d4dc3cdbc41,shipped,2017-04-17 00:56:11,2017-04-17 01:05:17,2017-04-17 11:28:19,,2017-05-12 00:00:00
d8a31a8693c0ed38aa974021d1ba3e65,e63ff70885e7f2f2902b2775a43c9d9e,delivered,2017-09-16 21:20:47,2017-09-16 21:35:38,2017-09-19 19:39:17,2017-09-23 00:09:56,2017-10-06 00:00:00
41b6c4ea42d874899cb2547558f9e577,d596df272d1e83e4d3c20de772fc36e3,delivered,2018-01-31 09:40:39,2018-01-31 13:48:23,2018-02-02 01:37:44,2018-02-21 01:25:01,2018-03-05 00:00:00
a5d205e529f228488e3bfc34e1b4e7e9,fea39298d84edd1828fd51d63c2edfe4,delivered,2018-01-19 23:57:19,2018-01-20 01:07:35,2018-01-23 00:16:50,2018-01-30 23:19:31,2018-02-16 00:00:00
2fbafc474dc8983392c734514f793616,59e502a9d03667636205b47e8cd58bfc,delivered,2018-07-14 16:44:17,2018-07-14 17:05:18,2018-07-17 17:32:00,2018-07-23 15:18:05,2018-08-03 00:00:00
87ccc531f16677e594f700b09caddc61,43da0c62bc3c477f9971d4c687fe781c,delivered,2018-06-11 09:47:16,2018-06-11 10:17:18,2018-06-11 14:10:00,2018-06-18 17:47:44,2018-07-04 00:00:00
897702f9f3fe72f18863ffc09e7ddef3,d521a479946c5ddfa97cb9872da48e2d,delivered,2017-01-20 12:04:03,2017-01-20 12:15:23,2017-01-23 12:17:30,2017-01-30 14:23:39,2017-02-16 00:00:00
58b2ca9b8b218fc08e5f37b778393005,bdfe2149db79b5a84c482c3a98ad355e,delivered,2018-07-22 12:17:33,2018-07-23 11:31:34,2018-07-23 14:42:00,2018-07-26 12:48:21,2018-08-07 00:00:00
72356c7f42069d35de8cdab7e6ec6b6f,faf42134242dcdc7f0e550debe536547,delivered,2018-02-21 15:43:09,2018-02-22 11:15:27,2018-02-26 23:54:36,2018-03-20 14:17:44,2018-03-15 00:00:00
a95624561ff5062159952d1631e5b622,c54441883076342cdd91c5f17ea64ee5,delivered,2017-06-20 13:13:30,2017-06-20 13:25:24,2017-06-20 14:19:40,2017-06-22 15:56:03,2017-07-03 00:00:00
9be4a7082d59a1dd26f0eb214e39f767,e870e8d56dc34efef1a862fdfb3c1b01,shipped,2017-06-13 15:37:50,2017-06-13 16:05:27,2017-06-27 08:53:18,,2017-07-26 00:00:00
f2d45d510df2224a3cac856602af7486,016199ad9f839e5d3e578fbdeb6f227b,shipped,2018-08-13 20:48:30,2018-08-13 21:04:21,2018-08-17 13:30:00,,2018-08-27 00:00:00
ef0353c6dc954fded9b6e979e89fe9ac,a45c9308012c637ed1296aff890b4473,delivered,2018-05-07 14:47:47,2018-05-07 16:53:05,2018-05-09 11:47:00,2018-05-14 23:51:06,2018-05-23 00:00:00
b17cb553a97861363c34ba9e88fe3d5d,49a93b986c3e59664da488f75b3dd038,delivered,2017-11-26 10:15:36,2017-11-28 03:38:37,2017-12-05 21:55:53,2017-12-11 16:06:43,2017-12-15 00:00:00
b513a14f9b8b4de3fe87cadf03715229,a99a6be59d995fe8f602287ef8cccf7e,delivered,2017-11-29 13:14:21,2017-11-29 13:37:02,2017-12-01 18:34:17,2017-12-03 12:37:36,2017-12-15 00:00:00
1612081119e8f23745698ad3367cc14b,20d32833d8983a835cafcd54099631a0,unavailable,2016-10-05 18:06:48,2017-04-11 15:17:38,,,2016-11-17 00:00:00
90b6cdda02bbf9ef9a404d36e11a8268,b0dcdd6af159e2c0b239f92dcc095d38,delivered,2018-05-16 17:23:26,2018-05-18 07:56:08,2018-05-18 15:07:00,2018-05-22 00:13:38,2018-06-05 00:00:00
4d86f5a505c2db6222cc130b835bae1e,033b3d672236740c34b5444b2c95658c,delivered,2017-08-12 19:05:04,2017-08-12 19:23:29,2017-08-14 15:23:37,2017-08-21 14:13:58,2017-09-08 00:00:00
2a61996db3b1837c8e035e373eeced0e,208130fbcba33f7fe0978a1459f4d88d,delivered,2018-02-05 19:29:21,2018-02-06 05:31:46,2018-02-07 23:22:27,2018-02-26 15:17:27,2018-03-06 00:00:00
5989369fa081195d8762312fad7d588d,e3580637ce917d8832480587b29e1468,delivered,2018-05-14 16:31:17,2018-05-14 16:52:57,2018-05-17 15:11:00,2018-06-05 00:05:10,2018-06-05 00:00:00
fbee5a46914dbe7cb94572cb5557dd4e,d64ab4a58288b4cd401aa9e1e9cd78e6,delivered,2018-08-21 11:36:23,2018-08-21 11:50:55,2018-08-28 17:10:00,2018-08-29 13:34:33,2018-08-30 00:00:00
53065082f5bfbc7a503dfb55ed57310a,4bc646ae05592e767e3f80ea2b1b2d97,delivered,2018-08-19 12:58:22,2018-08-20 11:49:46,2018-08-27 11:35:00,2018-08-29 17:40:52,2018-09-10 00:00:00
6fae9a0c40ff98d96a5ce24aed7ad0c7,354ad2de2a27de77462da38af0659abb,delivered,2017-11-29 21:54:38,2017-12-01 20:09:35,2017-12-06 19:28:27,2017-12-22 18:32:57,2017-12-21 00:00:00
837a1123bdacb7ea470ca4843c33aee9,5ac6b6fb2a239fac96ec7dc787600709,delivered,2018-03-14 13:39:01,2018-03-14 13:55:36,2018-03-20 00:02:52,2018-03-22 17:48:45,2018-04-19 00:00:00
fbc58b983315a34a3c81dd19b003dffa,b74bbd3e8808190560fad0a7077e92ae,delivered,2018-08-15 10:14:20,2018-08-17 03:31:06,2018-08-17 13:26:00,2018-08-30 18:56:27,2018-09-12 00:00:00
6f7aa3f0f22df0023e8827efb731157a,e383112630ea23d13ff8fc8a860c7e1c,delivered,2018-04-03 07:10:23,2018-04-03 07:28:16,2018-04-04 17:51:05,2018-04-12 19:35:34,2018-04-19 00:00:00
a17fd6df400fd04864fc2697bc98cc2d,c7f70f5cf91be88049723af74735f91c,delivered,2017-12-29 12:18:36,2017-12-29 12:31:30,2018-01-02 21:09:22,2018-01-09 11:33:21,2018-01-30 00:00:00
31ffe8189e41e4bbad1c872b804c6bfd,722014e4b4beb1e103b28f711a906d36,delivered,2017-04-14 19:52:22,2017-04-14 20:05:09,2017-04-17 08:38:59,2017-04-20 20:49:13,2017-05-08 00:00:00
055bdb24d39579d9c7b5d26176d05573,4f3c41c86d3911a51879acf4fdacee74,delivered,2018-03-12 12:41:06,2018-03-12 12:50:34,2018-03-14 18:34:54,2018-03-23 15:38:49,2018-04-05 00:00:00
a6b0569fe3c4f86e7604914120e06df1,a96bad6c2f0b23749afc5b3ff6e6365a,delivered,2017-09-04 10:40:18,2017-09-04 10:50:11,2017-09-05 18:53:06,2017-09-15 13:14:52,2017-09-28 00:00:00
109f014817afa47ae23b8b77939cad98,bc35e0f4c15cb14e16ff761212a5429d,delivered,2017-03-26 23:40:56,2017-03-26 23:50:17,2017-03-27 13:45:12,2017-03-30 15:12:43,2017-04-25 00:00:00
fac55a13559083574f22e40e7918420d,c38e35783caf95e6d79d7394b5b68603,delivered,2018-06-24 20:01:42,2018-06-26 05:37:28,2018-06-26 16:44:00,2018-06-28 19:21:58,2018-07-18 00:00:00
547de36b535e31868ac015ace42f14e3,a63d4f5f54b2c1b2bb6c123a13a0cb03,delivered,2018-03-05 11:16:49,2018-03-05 12:00:26,2018-03-07 21:54:34,2018-03-22 01:13:00,2018-03-26 00:00:00
54df86a3941e416fa16c0cb39efcf805,7a37f0cfae45769f677a5cac65ce4bca,delivered,2017-08-01 18:21:16,2017-08-01 19:00:33,2017-08-03 21:10:57,2017-08-11 21:47:47,2017-09-05 00:00:00
4deced9fc8e2ffea24dc10f87f6fafd9,f0bfa7312e95028272337a8b6a4cfdbd,delivered,2018-05-18 16:35:54,2018-05-18 16:58:20,2018-05-21 05:07:00,2018-06-06 17:36:45,2018-06-13 00:00:00
fa85a1c9a92b2fc2b5c6f61e4688f8b3,94b3e0523e094b7948b3e2faeccd6668,delivered,2017-10-24 10:00:40,2017-10-25 02:07:24,2017-11-01 23:38:50,2017-11-11 11:28:57,2017-11-27 00:00:00
4804f818223357ed70205d686235e9f6,c4c2a087e4f8e488f03f6af334cf52e3,delivered,2018-03-21 14:57:14,2018-03-22 14:55:29,2018-03-23 19:19:44,2018-03-26 20:03:38,2018-04-03 00:00:00
c524e7bd2510f74fed9e94b894472306,002554bdf9eb99618d8189c3a89fdd52,delivered,2018-08-13 17:59:25,2018-08-13 18:15:09,2018-08-14 12:57:00,2018-08-16 18:28:51,2018-08-23 00:00:00
3a545de1e0e068eedf5535c5d3a39838,b42b585944a004bd4d474f531012bba6,delivered,2018-01-30 09:40:05,2018-02-01 03:11:51,2018-02-07 22:28:56,2018-02-19 18:55:51,2018-02-22 00:00:00
10870ce1b8fbb2c59df2c544b74d1b54,da2ccdc414de2205d98e7772a2fc37c1,delivered,2017-07-07 22:25:06,2017-07-07 22:43:20,2017-07-11 16:29:58,2017-07-22 12:29:27,2017-08-01 00:00:00
fed6eb3bc0bf436d4f59e87714170a38,227d084a3c26346a30c2d1007073b49a,delivered,2017-04-11 19:48:11,2017-04-11 20:02:28,2017-04-12 10:21:09,2017-04-28 10:35:32,2017-05-05 00:00:00
325012120130bcfcd0623ac922d59c38,1691b81dee4cf5dc345369081b42954e,delivered,2017-09-04 16:23:13,2017-09-04 16:30:29,2017-09-05 20:34:59,2017-09-11 20:52:15,2017-09-22 00:00:00
2143f0dfdbb1c47ab7c75c9c097e0173,587140b63abb380a13f3e008fb38ec09,delivered,2018-05-30 14:11:28,2018-05-30 14:31:48,2018-05-30 14:15:00,2018-06-03 17:40:51,2018-06-25 00:00:00
0dfedf3d432d2cdca59a3ef16b313db6,d6051fb16ae9b4c283f2c9342ed1ae87,delivered,2017-10-09 19:27:57,2017-10-11 03:28:18,2017-10-17 16:26:42,2017-10-24 16:20:06,2017-11-10 00:00:00
a1a1ded06da0d3334312e71f27d11466,80705d9a217e8bc8985e073c0796ed1c,delivered,2017-05-14 23:21:20,2017-05-14 23:35:10,2017-05-15 21:19:40,2017-05-18 15:08:49,2017-06-02 00:00:00
491e0cbf42a355f2797b69226d4db636,9d797f40e11f670475bc2cf268716080,delivered,2017-12-13 14:15:51,2017-12-13 14:27:30,2017-12-18 21:24:51,2017-12-19 19:33:03,2018-01-02 00:00:00
889cd80138da82895c4ecb01ddedcc1e,b79aa70c571b757366c8526b0552aa30,delivered,2018-02-01 21:17:42,2018-02-02 02:54:19,2018-02-14 23:48:43,2018-02-23 13:00:08,2018-03-02 00:00:00
dc4cfa94b80bd43118f48eea2ddc0151,f5a5535a9bed38fefd7e764318d86a6d,delivered,2018-07-17 14:06:38,2018-07-17 14:15:20,2018-07-18 15:19:00,2018-07-20 18:58:30,2018-08-02 00:00:00
93cb959c1778b406571430bae0621e34,0bb2f904940f8c35cde9dedb64488291,delivered,2017-09-01 20:23:08,2017-09-04 06:50:17,2017-09-04 22:08:17,2017-09-08 16:13:13,2017-09-28 00:00:00
5f894487d02d8bb83733db91af8ce4f0,f35e9360d27a2c777e86f4e5cba4dff1,delivered,2018-07-16 14:13:44,2018-07-16 14:25:18,2018-07-17 12:06:00,2018-07-25 21:57:05,2018-08-09 00:00:00
fab4815807a6e4f6e958e70eda5608bd,aaa1d7dcc0c7239e0f161090d2aa2423,delivered,2018-08-15 17:17:41,2018-08-16 03:30:17,2018-08-17 13:57:00,2018-08-20 18:34:50,2018-08-24 00:00:00
ee0e2ee05e102057fcf3258fddb3f06b,f4c18e32ebac777e74e52095dc71cc26,delivered,2018-01-27 14:37:51,2018-01-30 03:50:24,2018-01-30 21:53:01,2018-03-01 20:12:37,2018-03-01 00:00:00
348c4b243b30c51281523eb60ebe407b,a3fa79be46fc7b8b303aa2ff07e92c80,delivered,2017-08-10 11:26:28,2017-08-10 11:43:58,2017-08-11 18:58:47,2017-08-18 20:41:31,2017-08-30 00:00:00
d44e4f353925550e6ac4d8442f956d0b,0696dbdaab139e1618f92f34becf98ee,delivered,2018-05-09 17:21:19,2018-05-11 03:50:25,2018-05-15 16:17:00,2018-05-22 18:42:05,2018-06-05 00:00:00
e26876a331df3a4dd9cccbc11faa25f9,6ee38bb7976710ec7be0743fbcad1449,delivered,2018-04-17 20:21:28,2018-04-18 20:15:16,2018-04-20 18:21:58,2018-04-26 00:40:52,2018-05-09 00:00:00
35aa2c55c4f28de4a5fba10c0952561d,43d2ab83f607206db90ecbea63ffa4f9,delivered,2017-07-17 00:48:22,2017-07-17 01:03:49,2017-07-18 13:32:30,2017-07-20 19:42:52,2017-08-09 00:00:00
f31821b89453086fb83d13d1ce46a51e,01ff2b68ecb885ebd063584cbde546e8,delivered,2017-08-22 14:21:28,2017-08-24 02:55:25,2017-09-05 17:34:48,2017-09-13 17:16:10,2017-09-12 00:00:00
f404d82b87249486a0b5ed80b84f1b82,f6abfe23cd8425cc79033317e567b969,delivered,2018-03-26 20:16:02,2018-03-26 20:30:19,2018-03-27 18:52:45,2018-04-02 12:27:03,2018-04-06 00:00:00
0db6ccc5c835057ef7f585066ec9f7ca,e257f6f4039b206dff4c358312a669d7,delivered,2018-04-24 17:03:57,2018-04-25 03:51:34,2018-04-26 15:50:00,2018-05-07 15:58:52,2018-05-23 00:00:00
a80574415edf9f5612a5a6d5f8cc0bbe,43cff2fe863c08172f28b364103551d8,delivered,2018-06-30 09:38:38,2018-06-30 09:50:13,2018-07-03 09:28:00,2018-07-06 21:35:04,2018-07-20 00:00:00
dfe27a883f9272758eb75f9ac80c1812,9e4823c2634c593f2f11da22eae7de50,delivered,2017-10-17 11:14:55,2017-10-18 02:50:19,2017-10-19 21:38:48,2017-11-14 23:12:35,2017-11-09 00:00:00
c046beae50286dc9ce99a36e02cb894a,a2c917a801f03b4c7b602b5979acc235,delivered,2017-12-17 15:30:58,2017-12-17 16:33:11,2017-12-18 17:28:38,2018-01-04 16:09:45,2018-01-16 00:00:00
8a1e1fb0ef7e9f8fd6a0378ece8a4472,b88c8888d812fdbebaeec0a8de1950ef,delivered,2017-08-02 13:26:55,2017-08-02 13:42:55,2017-08-03 18:03:37,2017-08-10 20:52:56,2017-08-24 00:00:00
57304eef5f1140a0c92e7e3857266f0c,a9d37a04d1d0b06e16d5c9455db7919b,delivered,2018-03-31 23:51:06,2018-04-01 00:11:16,2018-04-03 17:38:41,2018-04-04 19:38:50,2018-04-12 00:00:00
372f7d827bed42ed537ec39866756e71,7257bce98eb576d93ad4df65a68fa124,delivered,2017-09-12 11:17:10,2017-09-14 03:04:56,2017-09-19 19:13:12,2017-10-03 15:52:05,2017-10-18 00:00:00
28f0c702fd6f14b65a0ad5bd708a5b4c,edf26f6daa7f0952da5ab7b75c77f186,delivered,2017-11-24 10:22:19,2017-11-25 03:54:24,2017-11-29 01:26:52,2017-12-14 19:58:50,2017-12-21 00:00:00
ab194c51be87821af6822d75c47a7efd,1b291b52b63c7dd9b7f3c66d81ce813a,delivered,2018-01-09 11:47:48,2018-01-09 11:57:26,2018-01-15 17:29:03,2018-01-19 19:12:46,2018-02-01 00:00:00
cf5c8d9f52807cb2d2f0a0ff54c478da,e898b5ef24833b9cb9e2d4f00b937595,delivered,2018-08-24 13:04:05,2018-08-24 13:24:27,2018-08-24 12:00:00,2018-08-30 19:11:50,2018-10-05 00:00:00
47c93dc8a83b7fcf68ce05de387fa24a,27f99ea5e69c636176747c2142b393be,delivered,2018-01-05 13:47:58,2018-01-05 13:58:22,2018-01-10 19:09:57,2018-01-11 20:56:47,2018-01-23 00:00:00
059bbeb3477ed66fd7e670c3f879009a,b5b7e770b62f0e7aa4cc2d9be9212b8d,delivered,2017-07-27 10:31:49,2017-07-27 10:45:17,2017-07-28 19:23:53,2017-08-02 23:42:16,2017-08-21 00:00:00
afd3ecb0ccf63283c24d25097146a9f4,076f5b0491bd722987bfe358f5994871,delivered,2018-01-22 15:54:07,2018-01-23 03:52:31,2018-01-23 20:22:22,2018-01-26 20:48:38,2018-02-07 00:00:00
cb064e8f8f0371573859e393d973c337,27f177e980768599b6824ed895ad0a24,delivered,2017-11-24 19:45:23,2017-11-28 03:32:42,2017-11-28 16:03:53,2017-12-07 03:14:46,2017-12-19 00:00:00
53c0c863b0a9d78fbb5c355a137366dd,080d8d151b8d056e06594d20a73037ea,delivered,2018-04-10 06:46:25,2018-04-11 08:50:40,2018-04-11 22:48:41,2018-04-26 21:06:39,2018-05-14 00:00:00
650df820145c92501d76b8a8501b1f9b,72683d2e19b1162853c8e8c853624a8e,delivered,2017-05-06 12:24:40,2017-05-06 13:01:59,2017-05-09 07:59:52,2017-05-12 18:55:56,2017-05-31 00:00:00
7b99db4b35bb7d1b97ef1573aa3c2171,8e781f06f8024c2f7098c991d4cc1a99,delivered,2017-02-08 16:40:12,2017-02-08 16:50:17,2017-02-09 10:11:17,2017-02-14 11:08:58,2017-03-21 00:00:00
4ce107a3b477e3d4db1f121d74e63133,413d0b44ea468d18c575b995af71355c,delivered,2018-05-20 15:15:50,2018-05-20 15:39:11,2018-05-22 08:47:00,2018-06-07 22:02:44,2018-06-21 00:00:00
323cba2726573e077f021f421d143899,9d24da812d664a5335e840b0ddabbf34,delivered,2018-04-12 10:38:13,2018-04-12 11:51:37,2018-04-12 21:58:31,2018-04-28 17:41:46,2018-05-08 00:00:00
da09a133ef2ab8e4d7b4e0f48ae2c627,19385c4e432916feee9ac4bc934a768d,delivered,2017-04-26 16:07:27,2017-04-26 16:15:10,2017-04-28 15:24:12,2017-05-13 11:11:49,2017-05-24 00:00:00
b9cb4e1c0f63ec744001f15b698ebc73,a7a2a5d8f7b07593ff11e73bc4e3f5eb,delivered,2018-03-15 22:02:24,2018-03-15 22:15:47,2018-03-20 18:48:40,2018-03-28 21:40:33,2018-04-10 00:00:00
076dc4ca874b482e0fed6263b1ff1b5f,eb7fff6ffc8d18a259c9612f642c70a9,delivered,2018-08-05 18:03:44,2018-08-05 18:15:18,2018-08-08 11:57:00,2018-08-14 15:41:05,2018-08-17 00:00:00
c37b3f544d3cfdc84bc506669555f19e,613386a8d17fbcb4e293f69172cc9a36,delivered,2018-01-12 20:14:15,2018-01-12 20:25:28,2018-01-26 18:42:13,2018-01-30 21:04:07,2018-02-07 00:00:00
13ea512ec6905271a81b450e551b62a8,66a2736494ae92777ef4e388c165cf44,delivered,2018-07-30 18:20:11,2018-07-30 19:31:40,2018-08-03 12:57:00,2018-08-13 11:54:34,2018-08-10 00:00:00
8b23e4dbf00e11a4567e547b27a06715,1fda20eaf383807164578b4a45ade230,delivered,2017-03-25 13:06:49,2017-03-28 03:45:21,2017-03-30 18:46:10,2017-04-04 16:04:27,2017-04-18 00:00:00
33708182c0744618307722dbbfd31a3d,95b3479f95334dc03b0375c726d95c81,delivered,2017-12-14 07:29:08,2017-12-15 02:16:11,2017-12-18 16:43:09,2018-01-04 14:44:51,2018-01-16 00:00:00
4a91ab50eb21ac9d39b0a581487fb252,48ced9d7052f153f7071ce06d7c0efed,delivered,2018-06-26 10:50:09,2018-06-28 02:15:50,2018-06-28 14:21:00,2018-07-04 17:14:39,2018-07-18 00:00:00
42e0382665455995552cb0117eda96ff,b0a50f8b887b813f1534c1c69b4e3f62,delivered,2018-01-24 22:46:43,2018-01-24 22:56:24,2018-01-29 21:35:47,2018-02-14 18:41:52,2018-02-21 00:00:00
6cdb4b90b1b93c1565439c75f05acfa0,a5a35afed426d86362ea299f14eacb73,delivered,2017-08-12 11:37:44,2017-08-12 11:45:19,2017-08-15 14:22:25,2017-08-18 18:46:45,2017-09-08 00:00:00
7f2e7db0db716e57b5f65080fb85f397,9359277ae2c0ab1772190a4b769f148e,delivered,2018-02-17 19:47:03,2018-02-17 20:06:38,2018-02-22 20:53:06,2018-03-08 19:58:26,2018-03-15 00:00:00
85f92c80c1d7ad7158d27c8dfd111c6c,104bcfff63c47ff5cc1e86d1f022bb56,delivered,2017-11-27 22:55:07,2017-11-27 23:58:19,2017-12-01 15:52:21,2017-12-07 19:47:03,2017-12-21 00:00:00
05e6d57ea1f64b4e9a0b37c669515cfc,9ab821f6684feba5c42a42a05c0a12a2,delivered,2018-07-03 23:29:36,2018-07-05 16:03:39,2018-07-04 12:35:00,2018-07-07 11:38:46,2018-07-24 00:00:00
6f4f0d429c1e1ad2cf84924fe07ffd71,ed1ee9233bafd2e5a9c166e6dc4a1b11,delivered,2018-06-20 15:56:12,2018-06-20 16:25:32,2018-06-21 13:55:00,2018-06-28 21:12:02,2018-07-20 00:00:00
0435404d45d367d6da14e7628c40a041,06272f95035856cac16ee21693dd7302,delivered,2017-05-24 21:43:53,2017-05-24 21:55:16,2017-05-25 13:19:53,2017-06-01 10:21:55,2017-06-16 00:00:00
e7deb83d07b89b75079627c99028d57a,f2a5ed507918ca3ac831b7d38590141f,delivered,2018-01-31 00:35:11,2018-01-31 13:31:55,2018-02-02 02:37:17,2018-02-15 01:12:09,2018-03-19 00:00:00
19f395a57cae29f6cc7413119e0b45dd,32a2a587398d8e67d52ffe4d7445bbcb,delivered,2017-06-04 10:49:43,2017-06-04 11:02:28,2017-06-06 08:16:01,2017-06-13 13:28:07,2017-06-28 00:00:00
38e0e9763bb6c91f55550e6d8555c78b,b83825b514ecfa4f2ac12b219410377a,delivered,2017-11-12 16:34:50,2017-11-12 16:46:33,2017-11-16 21:33:05,2017-11-21 22:17:57,2017-12-13 00:00:00
3a7a99040c2a6fd18a04eb7bfb715822,6ab350dd23c967db53a819857522171a,delivered,2017-11-27 00:09:44,2017-11-27 00:32:23,2017-11-27 21:39:34,2017-11-28 17:57:06,2017-12-13 00:00:00
9eb4c52cf0399fb41b3e537d6acf99e0,ef1daa31903ff74a9c78b083b006b249,delivered,2017-12-11 15:35:31,2017-12-11 15:49:02,2017-12-14 17:48:55,2017-12-17 15:22:31,2017-12-28 00:00:00
5ba1e204119e95eb1b943b861e788a7a,5ad6bc8f1dc030d6adbb044fc6a7e394,delivered,2017-10-23 12:57:00,2017-10-23 13:14:24,2017-10-24 22:47:57,2017-10-27 21:07:37,2017-11-14 00:00:00
4fe8bf212087b2b27d2d5ca8bc866a74,97dd30dbb3d934ae53b651bf2268fdcc,delivered,2018-07-20 11:29:16,2018-07-20 11:46:17,2018-07-23 08:37:00,2018-07-24 19:52:01,2018-07-31 00:00:00
3c6567af72eb974d49691311ce6b0a83,6ec5cca8c66fddaa31e3c756753c3001,delivered,2017-11-07 12:23:18,2017-11-07 12:35:23,2017-11-08 20:19:07,2017-11-14 18:29:36,2017-11-27 00:00:00
1ddc3d70dd69c4803ec86c7d987591e1,405aac74d987374ee18d472ab9758dae,delivered,2017-06-15 16:46:30,2017-06-16 17:05:22,2017-06-20 15:30:46,2017-06-26 15:49:43,2017-07-13 00:00:00
f1b77f21eeb32f40813b2df8368450ad,eed611fa7e299d5bd996f6c69cb21349,delivered,2017-11-24 23:52:59,2017-11-25 02:34:28,2017-11-28 22:51:34,2017-12-03 15:38:48,2017-12-19 00:00:00
daaee3046c061f111811d2fa55699a0a,cd0fefe4d2b9a05282f54873803290cf,delivered,2017-09-28 23:56:16,2017-09-29 00:08:24,2017-10-02 19:57:40,2017-10-09 17:51:49,2017-10-24 00:00:00
b208c52c9ab77c2efee93366dee571bf,12b87b1952a8cba761d2c59013865995,delivered,2017-12-08 20:40:46,2017-12-09 02:34:27,2017-12-12 22:21:39,2018-01-06 16:54:13,2018-01-08 00:00:00
1fda9a8d1632a5964c43fb8e64dbe3e3,f94da73419386f20952c30afd48c85fb,unavailable,2017-11-07 19:54:22,2017-11-09 04:31:17,,,2017-11-24 00:00:00
75681e645ebf121d79cde28849994e7c,7fffd172c514d32ce968348442561821,delivered,2017-11-24 08:40:36,2017-11-24 09:50:41,2017-11-24 21:43:46,2017-12-04 20:48:44,2017-12-15 00:00:00
d8f560d2563965001d1f853e74c82b0c,43bc321fea1ef708749dd8349c5c081e,delivered,2017-03-06 14:14:46,2017-03-08 03:35:12,2017-03-10 08:07:58,2017-03-14 10:35:33,2017-03-23 00:00:00
a827a4bb4b7d1623fb232641e491bf02,0c6d158c02fecb2c22f93b1edb42846b,delivered,2017-03-19 23:46:28,2017-03-19 23:46:28,2017-03-21 18:15:28,2017-03-28 08:09:36,2017-04-12 00:00:00
eae6a3184617bf13d153139ea39ba3a7,3a3faba3a2e550830228b7ddef538358,delivered,2018-01-29 18:55:41,2018-01-30 20:15:30,2018-02-02 02:10:47,2018-02-15 17:44:01,2018-02-21 00:00:00
8ebfefcc637fd6935aadd7b73c0c37d2,0e04fba3d8e410ec596562380be2212d,delivered,2018-02-20 08:08:43,2018-02-20 08:32:35,2018-02-21 19:29:11,2018-03-01 20:59:16,2018-03-13 00:00:00
789af0bf213f13c06dcaf72a56d3931e,6a45ce8c1eb50967d6dd86f18a2fe2cf,delivered,2018-01-31 22:02:55,2018-01-31 22:10:58,2018-02-02 01:33:36,2018-02-19 16:42:53,2018-03-12 00:00:00
4cc0192e89c70ee61b2c1cd8ae665a5f,8233e1fc1c4bce2a2cab07bdafb95e2a,delivered,2017-07-19 22:22:34,2017-07-19 22:35:23,2017-07-21 15:33:02,2017-07-28 16:39:56,2017-08-10 00:00:00
05e1843fb576fb0a18a1e9bdfa3c18b0,839311a89422ea7a88a3acde94b9f0dc,delivered,2018-03-13 11:21:56,2018-03-13 11:30:47,2018-03-13 22:48:59,2018-03-26 23:29:45,2018-04-18 00:00:00
42c9088ebc76c30d056dbccecd5d7c5f,cbd6c6a8d9ce378977a8a4c142b9a67d,delivered,2017-12-10 11:06:25,2017-12-12 10:52:36,2017-12-13 17:43:39,2017-12-20 22:52:12,2017-12-28 00:00:00
6305aec3fc288054e3c30457795f98a8,a8c83ac2daecf7bd93935aba418f8cd2,delivered,2017-10-02 08:32:05,2017-10-02 08:49:20,2017-10-06 16:52:34,2017-10-17 19:41:07,2017-11-23 00:00:00
1fb40f920a832437e543e136c7a8b050,f8e03be655bd8fc8af13b821ecd9707b,delivered,2018-07-20 11:56:12,2018-07-20 12:05:15,2018-07-20 12:58:00,2018-07-26 22:28:55,2018-08-14 00:00:00
b832b44bf5dbb96feec7409c23977046,cc2e71564f598d61c6eb0596715a83ff,delivered,2017-11-17 15:33:05,2017-11-17 15:47:47,2017-11-22 00:52:55,2017-11-29 06:17:14,2017-12-11 00:00:00
081dff6255d4b75937a72577339b2728,8c4dbeee7cb11dc1f6ab09d05aec9e58,delivered,2018-03-13 14:21:08,2018-03-13 14:35:38,2018-03-14 17:48:57,2018-03-17 02:26:53,2018-03-23 00:00:00
52334e03e9dc25babfc8207b509b2acc,a60281bf523e5b4ac309a6456aa47cd8,delivered,2018-06-13 18:23:39,2018-06-13 18:41:21,2018-06-14 13:23:00,2018-06-22 18:06:24,2018-07-16 00:00:00
4faf8ab696c7c0a09160d089d1e5a497,76659076605975ba8f9b7b2d1123378f,delivered,2018-07-04 19:18:04,2018-07-06 03:11:22,2018-07-06 11:06:00,2018-07-20 20:34:30,2018-08-08 00:00:00
7bd70701de0d9e7939bdc5eed76c0a84,b871400041cca0b6a0240e50ed375ee4,delivered,2017-12-24 13:52:04,2017-12-24 13:58:25,2017-12-28 22:19:03,2018-01-03 14:24:49,2018-01-19 00:00:00
23bd3ea8478099ea89638b5514a1198b,4293c2b68d5b7247d658d304c8670eaa,delivered,2018-03-03 00:42:02,2018-03-03 01:20:30,2018-03-07 00:33:02,2018-03-23 00:58:45,2018-03-21 00:00:00
e713fb4142ff3dd5799a73faf546c9cb,f65b7e28dbf88958e959a5908d042721,delivered,2018-01-05 14:05:43,2018-01-05 14:16:28,2018-01-11 21:59:16,2018-01-19 14:43:17,2018-02-09 00:00:00
5941b42f2dc4d2cc309e407935b37c6f,0a89df41655531430f9e363fe3a6af11,delivered,2017-11-17 19:44:33,2017-11-17 21:10:38,2017-11-18 14:22:12,2017-11-25 16:59:14,2017-12-11 00:00:00
0c2c69625643d98afb22fc2e8dea27ba,580944a4284f207e54d13f65e578fc3f,delivered,2018-05-16 08:36:16,2018-05-16 08:53:32,2018-05-16 12:29:00,2018-05-17 15:05:05,2018-05-24 00:00:00
a3a0548064c8724d07f841bbb1e256f1,8c5edb6c6cdadd64a3d021e4c00b963e,delivered,2018-08-15 17:10:53,2018-08-15 17:24:07,2018-08-16 08:21:00,2018-08-28 19:50:42,2018-08-31 00:00:00
c63e118d1a3111cb82af1fdb95b68646,d5c9fb2945460771c8f0d7c9473c0828,delivered,2017-03-29 19:47:02,2017-03-29 20:50:09,2017-03-31 14:47:10,2017-04-04 15:12:46,2017-04-18 00:00:00
abb2eb746a8ca83b66b090c521dff1d0,b4f7636ec823d1985ba9faca64bfd7bb,delivered,2018-02-08 09:15:25,2018-02-08 09:29:45,2018-02-09 17:48:33,2018-02-19 16:59:18,2018-03-07 00:00:00
696d4e01a87ead29fa5f8066ed27d4f1,50111fb86c6159052296bbf2598ef7ee,delivered,2018-05-22 18:04:24,2018-05-22 19:17:21,2018-05-23 11:51:00,2018-05-24 14:24:52,2018-05-30 00:00:00
f719f5e18ea61d821edd4a1c8d191b05,b4e47d28c7ad1902d486162b8fe5303d,delivered,2018-08-12 16:51:37,2018-08-12 17:04:23,2018-08-14 11:14:00,2018-08-20 20:48:39,2018-09-04 00:00:00
4f88a7f264d48920c4f0762d160212ca,d2a592f7064d3ef0f34bd7a8d95e4458,delivered,2018-08-02 12:07:00,2018-08-02 13:05:18,2018-08-14 11:39:00,2018-08-16 12:44:29,2018-08-15 00:00:00
b7d49ac93afe42c4d1c6db6c1301b6d5,d3588db32cf2e767d97e157a9b9a753b,delivered,2018-04-19 21:17:19,2018-04-19 22:11:43,2018-04-23 23:28:50,2018-04-24 16:19:22,2018-05-08 00:00:00
b9d1db9d3e9608b2d37f962aaef45e03,5c0a13726f1fdc75fb023894e1b64590,delivered,2018-04-17 10:16:57,2018-04-17 10:31:15,2018-04-30 15:35:00,2018-05-07 10:55:31,2018-05-08 00:00:00
a3a579880b2150c79c81e0c5b75beb79,7d64677fe731b6b3e38776d91cfc744d,delivered,2018-05-04 13:13:49,2018-05-04 13:33:08,2018-05-04 14:33:00,2018-05-15 15:21:48,2018-05-28 00:00:00
0db095732135cba036daafa8ae0d5559,f4846cddb22290761da9718db5bd9e44,delivered,2018-01-03 11:34:22,2018-01-03 11:46:57,2018-01-05 18:59:30,2018-01-10 12:34:17,2018-01-19 00:00:00
3e4c4bd83f745236e4f9380b225088d5,e596359a966e6577ed5561f518001209,delivered,2018-04-29 12:29:15,2018-04-29 12:55:42,2018-05-03 16:38:00,2018-05-11 20:02:21,2018-05-30 00:00:00
a7052bcfd0db0734e92716ce1a188143,2199863b9b48d7b10f4be989b7ef030f,delivered,2017-09-05 16:27:05,2017-09-05 16:50:16,2017-09-08 20:29:49,2017-10-05 18:25:57,2017-10-06 00:00:00
85daf7307b6fe2f3ed3cb569633b9f9a,912bac8695409e05b85c0c067114b070,delivered,2018-04-13 10:44:59,2018-04-13 11:17:10,2018-04-13 23:56:41,2018-04-19 21:32:30,2018-05-16 00:00:00
2b6bf03cc135cbab42df6a1c435d9319,5ce1196b90dff5896ea357e261224cbe,delivered,2018-07-28 00:12:51,2018-07-28 00:25:15,2018-07-30 12:24:00,2018-08-08 00:52:08,2018-08-17 00:00:00
05c3b5a011d47cd6cd88d4c5d6c15b90,01f1b8e88d206e16909ed8c49f480e9c,delivered,2017-07-03 16:21:43,2017-07-03 16:30:26,2017-07-04 15:14:37,2017-07-07 14:51:21,2017-07-26 00:00:00
91c8553552838cffe0bdcf5675b7a3e3,e24f621755e64b057a5cc01818cb39ac,delivered,2017-12-13 12:44:00,2017-12-13 12:54:51,2017-12-15 23:46:45,2017-12-20 17:47:27,2018-01-02 00:00:00
24cc22cb128428c65c92a125bae0b517,a18e48b17c599c90b555cdcdf2c1d51a,delivered,2017-08-11 22:03:25,2017-08-11 22:25:18,2017-08-14 19:45:04,2017-08-18 18:48:34,2017-09-05 00:00:00
f16daf0b2c8f62c13982bba10f575145,6a64d3236b45b82c56432501b7358de2,delivered,2018-04-09 13:09:50,2018-04-10 07:10:12,2018-04-10 20:05:34,2018-04-16 19:11:53,2018-04-27 00:00:00
894688f5124158773f73df86a3b83c6f,22b6b404010c1f6864e347b5202085a6,delivered,2017-10-24 23:18:35,2017-10-24 23:28:15,2017-10-27 19:04:00,2017-11-01 22:10:47,2017-11-17 00:00:00
77fbc4cdd3be2594cbb02bac5e3ce914,3db6d62286946e62a243790edb0ffc7f,delivered,2018-07-03 08:21:19,2018-07-05 16:32:23,2018-07-03 12:28:00,2018-07-11 00:16:41,2018-08-03 00:00:00
fb9a9bc9654c16364f348fb2309b1214,23e96758fd640560e9b1fbcda90abfc4,delivered,2018-04-02 08:54:48,2018-04-02 09:09:07,2018-04-11 22:08:39,2018-04-20 21:42:29,2018-04-19 00:00:00
bb448c2c512a6883aa2a26cb57b6cf4a,ed0b5e13c101afa092296d346b2dbed4,delivered,2017-01-20 11:38:56,2017-01-20 11:50:17,2017-01-25 11:32:42,2017-01-27 13:16:00,2017-03-01 00:00:00
dc523b270be716d338c2fbc9a4bcdfc3,5223c607aceef2f16e11f8b47ff72b8e,delivered,2017-08-24 01:41:15,2017-08-24 02:05:14,2017-08-29 20:25:37,2017-09-01 18:25:59,2017-09-18 00:00:00
1a43ac74c38ccf5ab21ec955f1765708,39fb39b2e59f364342c89aedf36ade9e,delivered,2018-02-12 16:53:27,2018-02-16 07:50:51,2018-02-22 22:13:46,2018-02-26 22:09:47,2018-02-26 00:00:00
b03b82e985b149d61218a7e0111ed6a1,75ee0650971825f22d0a2fabf3e73b50,delivered,2017-09-29 20:18:23,2017-09-29 20:28:22,2017-10-03 17:26:23,2017-10-06 18:38:10,2017-11-01 00:00:00
2e7a373242af9032c112f07cf0235ee8,04889e0130acf2e7b2de087d02994ce3,delivered,2018-04-09 22:37:43,2018-04-10 00:31:45,2018-04-17 19:03:43,2018-04-20 19:56:26,2018-05-04 00:00:00
fb1b43869922a4c4faadf387772149ed,c44b6bba86baedddb69239d21d30e9b1,delivered,2018-07-06 11:50:08,2018-07-06 12:11:05,2018-07-10 15:54:00,2018-07-14 15:32:40,2018-08-08 00:00:00
bfc66aaefcaf92d4f853576104191c8d,0a466d490a3c2fcc1e7177f4809ec7dd,delivered,2017-06-23 14:21:44,2017-06-23 14:32:26,2017-06-26 15:21:30,2017-07-06 11:33:12,2017-08-02 00:00:00
8563ba5846a265d99db932d71e8f5b8c,e5fe29371fab568cd043942ae42365ed,delivered,2017-12-05 16:48:43,2017-12-06 02:50:02,2017-12-14 01:33:21,2017-12-23 19:15:36,2018-01-02 00:00:00
a6ef08d145dd686f85530958e1100ea1,a8e60c05d343d9ca89f9500501cbbe91,delivered,2017-06-24 13:54:25,2017-06-24 14:10:15,2017-06-29 09:11:59,2017-07-04 15:39:35,2017-07-14 00:00:00
49c4651b7977ce5c9f2d30aa763a8ae2,7c00799804af74e21088032aa0d6eefe,delivered,2018-02-27 15:15:17,2018-03-01 02:50:46,2018-03-08 00:09:31,2018-04-11 22:51:27,2018-03-27 00:00:00
d0b0379d6c107d02aa717e29afa60cb2,19dba1813de49accbb9b1ccf74cba591,delivered,2017-06-17 11:54:02,2017-06-17 12:10:21,2017-06-19 17:37:41,2017-06-21 15:28:56,2017-07-04 00:00:00
3112aed98b4143a8b6eff67cb5c4dcaa,c090b65ed4db6e927670dc8d1590cd64,delivered,2017-12-04 15:36:51,2017-12-06 02:50:32,2017-12-06 18:58:40,2017-12-10 10:09:42,2017-12-20 00:00:00
3dcd400ff4301f079012e668f0c7a320,8865fc2bbfa3cfd570bdf7832c479607,delivered,2018-01-20 19:31:45,2018-01-20 19:59:32,2018-01-23 15:52:46,2018-01-29 20:42:24,2018-02-19 00:00:00
c58ffed0450c483623e8de5090e2e8b4,3a34ee3f747fd27b981481c34f6f0ba8,delivered,2017-09-15 18:07:21,2017-09-15 18:25:22,2017-09-18 18:20:07,2017-09-19 19:43:55,2017-09-27 00:00:00
e0657085c2b6297a32f39efa200cdf72,a109663eb89cc2658b051385cac35f02,delivered,2018-08-04 21:12:12,2018-08-04 21:24:28,2018-08-07 09:00:00,2018-08-08 17:49:25,2018-08-10 00:00:00
8b80d759e77b43df13958cecc2109380,4391e823bb120841a0b33b978cb40774,delivered,2017-08-14 16:29:41,2017-08-14 16:45:21,2017-08-15 19:45:44,2017-08-16 23:23:50,2017-08-25 00:00:00
1c0b41996d287cfa89739affd2df8033,801d3adce37e5f15cd3f68c79e0209a2,delivered,2018-08-06 14:27:33,2018-08-07 14:25:08,2018-08-10 12:31:00,2018-08-13 23:45:55,2018-08-09 00:00:00
b7c32368213b1b75d2c42299f97dd088,b157c66d52ff134b00bdc84727922d69,delivered,2018-04-03 14:50:32,2018-04-03 15:09:19,2018-04-04 18:36:37,2018-04-05 19:52:35,2018-04-19 00:00:00
685ff0ec30068be51ce8745dbccdeb0b,bf937c454bbf09413b7407b1d83e64cc,delivered,2018-01-05 08:46:47,2018-01-06 02:07:26,2018-01-11 20:17:30,2018-01-30 00:49:08,2018-02-07 00:00:00
713646be0226c051688714f343a1cda5,144f48b143d176dee413c191dfb62ae3,delivered,2017-11-12 14:52:36,2017-11-12 15:06:09,2017-11-14 10:11:45,2017-11-21 19:23:24,2017-11-27 00:00:00
5629b04c3d6b271767e2b1a38d878171,5bfe4a9dd31c88a5063646c1bc8ca878,delivered,2017-08-04 18:48:48,2017-08-04 19:03:41,2017-08-08 19:28:17,2017-08-11 18:14:14,2017-08-29 00:00:00
cd333fe099b4ed7f1012bc1a76a1b2f6,114bd31fdb8c1a8ddad0f1edbf307e43,delivered,2017-12-02 04:57:31,2017-12-05 04:15:40,2017-12-06 10:09:57,2017-12-10 16:22:36,2018-01-05 00:00:00
de3bee1ce2ff36750efc09a389ea029e,88913416ba9c9be4c8217d461ab5b7af,delivered,2018-04-17 08:34:08,2018-04-18 15:11:07,2018-04-19 19:21:47,2018-04-30 22:36:52,2018-05-24 00:00:00
d05843f19339db42477d8855fa69026d,262a2c7552af9c0cbf2de8caf2daba7f,delivered,2018-07-20 21:54:35,2018-07-20 22:05:14,2018-07-23 14:52:00,2018-07-30 22:36:29,2018-08-03 00:00:00
f7a398b95f66e7c87f14092ce7310927,e4d655bfbe9078728a7ff8f7f02dd667,delivered,2018-08-10 21:12:29,2018-08-10 21:25:16,2018-08-13 14:52:00,2018-08-22 13:38:29,2018-09-06 00:00:00
e497e633dd1b677fbebaaf15c973e903,729eb6fd11d85cf7a027a4698e6d1373,delivered,2017-09-20 10:57:12,2017-09-21 07:05:42,2017-09-28 16:30:16,2017-10-10 19:18:37,2017-10-16 00:00:00
24f07a52ca6b749c618b46ddb2e94b8a,2fead6d196da5adf133e4ddb08f51c8c,canceled,2018-01-30 09:39:05,2018-01-30 09:56:17,2018-01-31 23:39:52,,2018-02-21 00:00:00
cdd732749e9346c0ad3217aaf6ebd2e3,cc839fd0ab1cd8c9baa64dadf30ca603,delivered,2018-05-09 09:59:50,2018-05-09 10:15:13,2018-05-11 08:17:00,2018-05-20 19:04:50,2018-06-08 00:00:00
47aa0308326d0c781ffa998ee36dc409,c28e1de61c264a531a891b66e04ea092,delivered,2018-05-30 13:53:30,2018-05-31 03:15:22,2018-06-04 14:09:00,2018-06-06 20:41:10,2018-06-25 00:00:00
b4ede4780b5949c4abac521f465b05d8,611acd4fe050117eadae632e142fa9e0,delivered,2017-10-26 10:05:27,2017-10-27 10:15:16,2017-10-27 22:42:58,2017-11-27 10:09:32,2017-11-22 00:00:00
a48ee55f767e23ac20a70709cc399915,e28eb9092b15da1e8ad79eed5ccb6912,delivered,2018-08-16 15:36:11,2018-08-16 15:45:23,2018-08-17 12:13:00,2018-08-24 15:52:51,2018-09-03 00:00:00
addc0cc4cec3eb1c8a99e7dcaf7b7528,ee36e794ec0c9542a84dce88f1a05b9c,delivered,2017-05-22 00:10:27,2017-05-22 00:25:23,2017-05-24 16:45:49,2017-06-02 15:19:09,2017-06-19 00:00:00
9a9f1de01133b96fbf25026c036473ef,bcefe912479b03d74d270a7f707a4fca,delivered,2017-03-19 15:26:19,2017-03-19 15:26:19,2017-03-28 16:19:47,2017-04-05 16:08:32,2017-04-10 00:00:00
5541bd42a3108b24d82380b08016016c,baae2887560c54dd7d03dd369c20653e,delivered,2018-02-19 13:37:56,2018-02-19 13:51:02,2018-02-21 00:03:51,2018-02-21 16:55:43,2018-03-05 00:00:00
cb1aefa2e40fed6fb68c34d30e3c0e7c,09e28006e0a25bff69fc0f9cf24e147e,delivered,2018-01-08 13:14:49,2018-01-09 07:26:44,2018-01-09 21:48:20,2018-02-01 22:51:48,2018-02-07 00:00:00
f38a6dc0f541c9dff3f0c72009f2976d,b88ecfa0e624d3175e5ddd104af149d0,shipped,2018-08-17 00:07:40,2018-08-17 00:29:09,2018-08-17 13:40:00,,2018-08-23 00:00:00
337d06bdab986563a27e4f5c1885e887,92cec1d7f2e6c75ec8f274aa1f8757cc,delivered,2018-06-21 17:30:49,2018-06-21 18:21:22,2018-06-22 14:24:00,2018-06-26 01:36:36,2018-07-13 00:00:00
75de3533485debf7b6eb8014b9c9ab76,9a19351c59306d13b568fece0edff1d4,delivered,2018-02-26 17:42:37,2018-02-26 18:20:33,2018-03-22 16:08:59,2018-03-26 21:39:42,2018-03-26 00:00:00
3c5223fd196a782f9d4c03c820caf004,c7bb0d8c05d993ead5438a66625cff87,delivered,2017-09-12 17:47:39,2017-09-15 12:55:20,2017-09-15 22:15:30,2017-10-03 21:38:39,2017-10-10 00:00:00
fcb6bb55e888419b146e0bd3c612a373,108bf4710b177d9ac1f45d814aab627d,delivered,2017-06-28 09:44:09,2017-06-28 10:03:30,2017-07-10 13:42:39,2017-07-13 19:43:27,2017-08-01 00:00:00
0635ec73c8d9729fec281d4b87339be3,ba2c2929b14d1e28b0b55c950e349b4b,delivered,2017-12-18 20:02:45,2017-12-19 09:51:33,2017-12-19 20:43:51,2018-01-08 19:29:29,2018-01-12 00:00:00
cd2c2d1c98e51894f2266c5140d14c29,23d6da614b40182e3c858847147f2268,delivered,2017-03-23 19:58:27,2017-03-23 20:10:19,2017-03-27 13:35:55,2017-04-10 18:11:22,2017-04-25 00:00:00
1de55e56e0ba3d045955e0336a3fab7d,86da2d358ebbebfd141037f3e96d37c5,delivered,2017-08-01 14:57:33,2017-08-01 15:10:14,2017-08-01 20:50:14,2017-08-05 16:58:41,2017-08-21 00:00:00
8c56de8756bf97586d0b745ebcd5af4f,d9b8724e4334e26fa4d3eca0d72c70d8,delivered,2017-06-27 11:28:35,2017-06-29 03:04:08,2017-06-30 13:12:47,2017-07-11 19:32:17,2017-07-21 00:00:00
055cf2a6f9343f99acdb5e8f70e49bd8,fe1ec043760b798cc34fc8cc717753cd,delivered,2018-05-18 15:33:46,2018-05-19 16:19:11,2018-05-22 08:00:00,2018-06-04 19:18:35,2018-06-13 00:00:00
c0008017b5bde654e166fa5888bc4771,8de711a16151e2f8f16fcffd58f4d16e,delivered,2017-12-07 17:24:44,2017-12-07 17:35:29,2017-12-08 21:31:58,2017-12-21 21:23:00,2018-01-04 00:00:00
caaeb078c34b52b95c43a6b1390354e9,022f2413b018b7e5837a20b045c3d119,delivered,2017-08-22 03:24:39,2017-08-22 03:44:56,2017-08-24 19:01:41,2017-09-08 13:16:09,2017-09-26 00:00:00
5e8be2c680e92f7eb40b087641cc6315,3c0d9785e6b7738c2e733baefb232ed5,delivered,2017-11-25 16:38:56,2017-11-25 17:31:31,2017-11-30 18:32:36,2017-12-19 21:38:42,2017-12-20 00:00:00
2690c84e60cbc597c732d126472db7cc,cebf23c9423264f677a27ea0737c0d99,delivered,2018-01-29 15:09:40,2018-01-29 15:32:58,2018-03-02 23:49:03,2018-03-16 21:38:35,2018-03-06 00:00:00
a59c3add113d01bce5f53f04fc17d73f,eaa4b33379b77dabc2dd8f1e8910b6b6,delivered,2017-05-11 16:29:18,2017-05-11 16:43:33,2017-05-15 09:23:50,2017-05-26 13:56:39,2017-06-08 00:00:00
8e713b13661ae56a9bac3fdbd4cd2df8,fe721ca30c96143ec8d1764ca2c57800,delivered,2017-05-27 19:15:29,2017-05-27 19:30:15,2017-05-29 11:05:17,2017-06-01 16:52:11,2017-06-21 00:00:00
e130e08b65b9f7e69f6d1d02faf39488,2dead6204cb633101e25f66d6b30e6de,delivered,2017-11-08 23:26:55,2017-11-09 00:31:18,2017-11-10 11:35:32,2017-11-17 22:56:46,2017-11-30 00:00:00
7845e49f64d173299fe152ac8d956456,7780881f54fda05f735a17bf8c121bfa,delivered,2017-11-29 15:49:00,2017-12-01 11:31:32,2017-12-01 22:25:52,2017-12-11 23:05:29,2017-12-28 00:00:00
ceac7232b482d926498ad8945b2624fd,c1db10bb02654e19f7904e2699b69fb1,delivered,2017-10-18 23:22:47,2017-10-19 00:40:20,2017-10-24 21:33:53,2017-10-31 22:24:51,2017-11-28 00:00:00
3475576ebe7b1d8daf3201dd20dbc98d,419bd9cefe8c680a13a3480507704f79,delivered,2018-07-01 13:43:40,2018-07-01 14:09:55,2018-07-05 10:20:00,2018-07-11 20:28:55,2018-07-31 00:00:00
8f9b2d4a6cd80dc716a380365561a133,5f0fdca1383e271d2ba9daae64f119e2,delivered,2017-10-11 15:12:05,2017-10-12 15:28:01,2017-10-13 15:35:54,2017-10-19 17:56:37,2017-11-07 00:00:00
141e9339279b23d1c38a8512d0e9ba7f,8dc4c1ba3c81aa79d96e459b5e8a8b66,delivered,2017-08-01 14:50:48,2017-08-01 15:05:12,2017-08-03 17:21:32,2017-08-08 23:15:32,2017-08-23 00:00:00
1255820c3de35d95c502602125ac42b4,9d4666eebcbfaba1f04632a470ed2645,delivered,2018-06-21 14:41:59,2018-06-21 15:00:11,2018-06-25 12:49:00,2018-06-29 13:40:48,2018-07-16 00:00:00
da9db8fdc694f5fb8a42e407bbf0a71b,49a5d570a49209ce35342d68ac4e519f,delivered,2018-04-24 15:20:54,2018-04-26 03:51:50,2018-04-26 09:22:00,2018-05-05 14:48:51,2018-05-23 00:00:00
75a4ec6f4a98993df22205b1ad4da5c5,0f642db7c00e30f1b9182cf2611391d3,delivered,2018-02-27 21:26:44,2018-02-27 22:07:48,2018-02-28 20:15:05,2018-03-20 17:52:08,2018-03-21 00:00:00
151458af49738a9727dd61b22cde2acf,308a3e1ec459822f6c48c033fc29dbad,delivered,2017-05-08 10:27:59,2017-05-08 10:42:43,2017-05-10 11:23:37,2017-06-06 13:55:34,2017-06-08 00:00:00
73eadd2f34b77806e8edd031b0bc427a,c042a28b840baff48f255b7252e3f4ca,delivered,2018-06-23 13:15:35,2018-06-23 13:40:01,2018-06-25 14:33:00,2018-07-06 23:44:36,2018-07-26 00:00:00
ad18be9bebe6d2b6b02b38f8da9e08d3,a0b3e86a78c7bee0145b32c4ba44d500,delivered,2018-08-13 11:02:42,2018-08-14 04:50:30,2018-08-14 14:17:00,2018-08-16 15:09:33,2018-08-30 00:00:00
42ba06ad0483c398c580ede8b5bf35a1,97b1cb51e2cb2db7fee990c573939326,delivered,2017-12-01 19:16:43,2017-12-02 02:52:02,2017-12-06 16:05:49,2017-12-15 20:46:37,2018-01-10 00:00:00
52245a1eec5d9e4278acd0e934e3aa3e,a6c1f27f0d06c709845a304d84fd26aa,delivered,2018-01-10 17:40:09,2018-01-10 17:49:04,2018-01-11 22:09:59,2018-01-29 19:16:21,2018-02-05 00:00:00
549969d8626a73173cba92ae91352b09,410ea60cce9d682cbca502ed6c779973,delivered,2017-08-15 14:15:49,2017-08-16 03:25:46,2017-08-23 19:08:13,2017-08-26 16:45:34,2017-09-12 00:00:00
3010bb1af2af6f8743b4eb307633d044,1e7c29e7721fa63c78c7db1a634ff5b6,delivered,2018-05-06 17:45:40,2018-05-07 16:52:32,2018-05-08 14:12:00,2018-05-10 23:12:50,2018-05-30 00:00:00
272cd23bc43dd9d5716b56378b446c8b,3995b998f83c97b26bb5f364be184a34,delivered,2018-07-31 19:13:11,2018-07-31 20:04:13,2018-08-03 13:47:00,2018-08-09 16:58:42,2018-08-22 00:00:00
3d7e1993e42f9030f3ef7129e930bb56,609c02856cbf8ed9584ff5745310612e,delivered,2018-08-13 13:46:24,2018-08-13 14:04:32,2018-08-13 15:21:00,2018-08-21 18:58:38,2018-09-11 00:00:00
08db644c231a8d55a618af8c9f1280f0,f97d225a3b4ab3cfebf9457ec69cf76a,delivered,2018-08-15 16:55:14,2018-08-15 17:10:23,2018-08-16 14:44:00,2018-08-22 18:52:03,2018-08-28 00:00:00
65ac2f0250184b281dd44fd463341caf,c7716228f03391ae31bbf48d46c56fa3,delivered,2017-09-16 12:03:54,2017-09-16 12:15:16,2017-09-21 15:59:24,2017-09-26 22:42:38,2017-10-05 00:00:00
0d898acc80d3c7a150bd832ac4050c81,892ebc9490105dedf7e4b7e8283c67cc,delivered,2018-08-15 09:08:34,2018-08-16 03:26:01,2018-08-23 11:44:00,2018-08-27 15:22:18,2018-09-06 00:00:00
ffae83c600bcc82f84437a9248825b80,5376f2cf9c9ca09610de0c59583b0be6,delivered,2018-02-10 18:02:16,2018-02-10 18:30:28,2018-02-15 13:19:34,2018-03-13 14:29:54,2018-03-12 00:00:00
a3ed0979ab701d548275a0f5c844c635,c867b109192c6397f8f3e408daaa0bf5,canceled,2018-03-05 14:37:03,2018-03-05 15:20:29,,,2018-03-15 00:00:00
8f35c9d6cb15b3bc14a4a88374c6d3d6,d3824ffc020a43364ee0cdb7c6c31df3,delivered,2018-07-22 18:14:46,2018-07-24 08:31:46,2018-07-26 11:07:00,2018-08-01 20:18:53,2018-08-16 00:00:00
5b663e8f6d7d1dd5c03c9fb203cb50ff,6ba6fd4d14d09e8ee136c92ace6f508b,delivered,2018-07-08 18:50:45,2018-07-10 04:45:06,2018-07-17 13:46:00,2018-07-25 00:27:40,2018-08-06 00:00:00
7a6ba64f8fb1ea124180fa33f5ddbe4c,6fb8459ad76b9b2ca0ed241127287366,delivered,2017-11-20 11:44:07,2017-11-21 11:36:25,2017-11-23 22:36:49,2017-11-30 22:53:05,2017-12-26 00:00:00
13506ea47f50a6c01fa3dce68138ee1f,fd19e5c74c0e65801ba32d4ea5b9c598,delivered,2017-08-26 11:14:39,2017-08-26 11:25:09,2017-08-30 19:58:00,2017-09-13 21:39:33,2017-10-02 00:00:00
350508df3bad3da1cf8a3ac50f8c0406,4e772a2d0ce96d497b60339ebad2c25c,delivered,2017-10-04 14:06:42,2017-10-05 14:35:15,2017-10-11 20:59:55,2017-10-27 21:58:20,2017-11-06 00:00:00
ee305cf301da8441d91ae8a06d8a9ecc,3b24f36cc3f0efa0c6972265dfeea5c6,delivered,2018-04-30 11:48:02,2018-05-03 04:13:02,2018-05-07 09:32:00,2018-05-17 21:08:24,2018-05-30 00:00:00
74cb79919088f7872ff765118bf25de4,91fc66aee9f9bca24147a2fc4d15d62a,delivered,2018-04-08 10:01:11,2018-04-08 10:15:09,2018-04-11 18:05:22,2018-04-19 00:41:50,2018-05-02 00:00:00
0a84606bdb8331708400882d2e921524,e3675484b0ca35cb2ffddb7ab5258a9c,delivered,2018-06-29 16:28:41,2018-06-29 16:51:20,2018-06-29 14:47:00,2018-07-03 14:44:33,2018-07-17 00:00:00
ee0a787b51e8c8d6b512e6b11f0bd926,91a019dbc86c0561969f0534338f3f07,delivered,2017-11-27 16:01:30,2017-11-27 16:11:15,2017-11-28 20:33:31,2017-12-02 16:57:04,2017-12-15 00:00:00
b74509f6609c9c346bffc8f3be013197,5d1774e3a413b0d6756dbf03cc536eb0,delivered,2018-06-13 06:07:30,2018-06-14 02:39:10,2018-06-14 12:52:00,2018-06-25 20:11:40,2018-07-11 00:00:00
933a5028e093e2ea1bf739b2844d3b2c,4791855f611bfc7e8c06bd690a64ca10,delivered,2018-03-20 17:43:57,2018-03-21 11:08:59,2018-03-22 17:32:42,2018-03-23 21:42:01,2018-04-02 00:00:00
d3b1c54aad50f3222af70ad725e9c481,cb0c81b581cd0cfdff0e7ebfdb068738,delivered,2017-08-01 14:11:57,2017-08-01 14:30:12,2017-08-02 15:37:09,2017-08-08 19:04:52,2017-08-23 00:00:00
052b00d65560313221c5692cdb22fcb3,86951205f97e9b611cec1ac4a778b1be,delivered,2018-07-11 08:54:29,2018-07-11 09:10:11,2018-07-27 12:02:00,2018-07-31 23:44:41,2018-08-06 00:00:00
77e6a10b9f7d2c7a06295e3098afac8c,f1c1b72a3eafb0be1e32cfe59c256ba6,delivered,2018-08-08 08:06:32,2018-08-08 08:15:12,2018-08-08 08:23:00,2018-08-15 20:08:27,2018-08-17 00:00:00
e418ef83856cd1b69aa83b6992142361,f97a43abfdb4752d86a6b0a4e9cf013f,delivered,2017-05-21 20:26:51,2017-05-21 20:35:15,2017-05-22 13:15:57,2017-06-02 12:50:09,2017-06-26 00:00:00
ab46182a322cb6dc83f4138d4e5cd73f,77a176bb787329aa60cd56aba502da46,unavailable,2017-11-24 19:49:07,2017-11-24 23:01:03,,,2017-12-08 00:00:00
4813d21f5c35dfe0956b75160f9d0e79,0402d1ea1d67936c440f9ab05e45cd24,delivered,2017-11-03 12:53:40,2017-11-03 13:07:01,2017-11-07 18:11:52,2017-11-13 15:46:46,2017-11-23 00:00:00
7384cdc62fcd832cd6c6026440c42821,e593a233adbfed5cc5ec383f95680901,delivered,2018-07-09 22:16:25,2018-07-10 09:05:27,2018-07-17 07:48:00,2018-07-25 15:57:46,2018-08-09 00:00:00
fa7350560340db860366a72e01c37687,28e7a5a8bd86ddcced4e8c761df469ce,delivered,2017-06-30 19:25:11,2017-06-30 19:43:32,2017-07-04 15:07:46,2017-07-15 15:22:54,2017-07-24 00:00:00
45ce8dda01ccf2cc620de1c68ea95bdb,0769ee4c9b031d7f0eff70f0c30a8845,delivered,2017-12-13 23:48:19,2017-12-15 02:17:12,2017-12-18 21:29:48,2017-12-27 17:47:50,2018-01-11 00:00:00
bc24d527d42f42c735765229820d488c,ff5edbdb9bcef7fac10e564ba43b7e1d,delivered,2018-02-25 11:21:52,2018-02-27 04:31:23,2018-02-27 21:25:24,2018-03-14 20:59:57,2018-03-26 00:00:00
d43b5b8cc6cffeba0059ea1ee6528652,158041d0636ec65fc00ab39f1d70a097,delivered,2018-07-09 15:17:23,2018-07-09 15:30:12,2018-07-10 13:26:00,2018-07-13 15:38:44,2018-07-25 00:00:00
19c38899e2a8c75b9bb5fa28a819869f,a90238c4f06c9c671687587046d085cd,delivered,2017-06-06 15:49:30,2017-06-06 16:02:48,2017-06-08 12:50:03,2017-06-13 13:14:53,2017-06-29 00:00:00
c2b88e285b675e490d60c733f34c3d7f,b7f5ae711454e069867c611d0079b090,delivered,2017-12-04 08:32:07,2017-12-04 09:16:47,2017-12-05 22:22:46,2017-12-21 16:17:16,2017-12-28 00:00:00
3f2b4c236891942b9cb9f73c490a47b8,ed27c886ecb4713fb8f8508a2e9560df,delivered,2018-06-17 14:13:51,2018-06-17 14:32:10,2018-06-19 14:26:00,2018-06-25 19:21:43,2018-07-12 00:00:00
80c74a42dcbd6a54b9a563012dc17eca,9520f40d0e4b30669951a7cbc35b5b16,delivered,2018-08-06 10:28:39,2018-08-06 10:44:36,2018-08-09 16:22:00,2018-08-15 19:58:40,2018-08-30 00:00:00
6b34bb840d9211dc1a1f94e049a79de4,c43ef016bf2cafe5db5e670dee714ccd,shipped,2018-03-04 11:52:08,2018-03-05 11:56:09,2018-03-06 20:22:27,,2018-03-27 00:00:00
0d2c1a413f6aa3a36b8bb940b028f930,2c5f389b555d4b71b509d8696f18b86f,unavailable,2017-11-23 11:14:30,2017-11-28 12:14:33,,,2017-12-14 00:00:00
c934cfe574e2fa46180d1c2166a43beb,e85024e93f9187f32e5e15d902a52021,delivered,2017-11-25 19:27:48,2017-11-25 19:36:27,2017-11-27 20:23:53,2017-12-06 11:37:38,2017-12-18 00:00:00
863a4a0cdd7648886a2e6a5c69df2c64,e4f89f57953265051032e08c8ac9395d,delivered,2018-06-18 21:01:28,2018-06-18 21:17:58,2018-06-19 14:30:00,2018-06-20 18:32:07,2018-06-28 00:00:00
ee3322ff7174b7401b95b18fb8ea1e6c,1856438e1615630ccc65ed9a11394213,delivered,2017-05-12 19:17:43,2017-05-12 19:30:09,2017-05-18 14:23:28,2017-06-13 15:54:40,2017-06-16 00:00:00
3e9638823ecdbfaab776fd985c88ec3d,4d4542d32f3637ffee13ca9ccb63d9de,delivered,2018-03-16 01:47:19,2018-03-16 04:10:18,2018-03-17 16:28:34,2018-04-17 15:09:48,2018-04-12 00:00:00
e13d1b8079da63aa71fa8ad68b3c3586,5ee4cc1b4dedc9348f723426dc534c3f,delivered,2017-06-01 10:40:20,2017-06-01 10:55:12,2017-06-02 11:43:42,2017-06-08 12:37:49,2017-06-29 00:00:00
f64d7b26f80457f4d5de8ab2c5e6ecf5,6ee467083c67bd735ff07cb1a5b4ca02,delivered,2017-05-21 18:55:49,2017-05-21 19:05:09,2017-05-22 14:43:27,2017-05-26 14:22:27,2017-06-13 00:00:00
2e6410e400b80d9d36756c4c9b0c141d,5bc16862dccd76cf19843a5da0222695,delivered,2017-08-19 16:06:01,2017-08-19 16:25:29,2017-08-21 17:58:11,2017-08-23 21:20:03,2017-09-14 00:00:00
fea86937707c29983d56d5ae7511a417,21e75066ac5c6d2f1e4c16e6a01da500,delivered,2017-06-23 23:33:03,2017-06-23 23:45:17,2017-06-27 15:44:38,2017-07-03 15:47:56,2017-07-17 00:00:00
011667ae100a333a3051c9a23e3f0283,84e32c18718319d7e8f2d11f897d1afa,delivered,2017-11-29 10:42:47,2017-12-01 12:31:39,2017-12-04 20:46:18,2017-12-07 23:22:39,2017-12-20 00:00:00
944f618b790d6d01c2c78750fc0f700a,5f6478ee9ad1339b32bfa4f5fe674ea8,delivered,2017-01-17 15:01:33,2017-01-17 15:15:14,2017-01-24 15:10:48,2017-02-02 15:47:34,2017-02-27 00:00:00
e7edc87c7e9b1ae5ef04110fba7debf1,8610df3f298a416963e7a02438d11e61,delivered,2018-04-20 12:34:10,2018-04-24 19:05:57,2018-04-25 11:43:00,2018-05-03 18:42:24,2018-05-24 00:00:00
46598fe507ad05a579c6109096a93e33,ecb068ed465cedf47f532f93ec9687ca,delivered,2018-05-17 22:19:57,2018-05-18 22:58:08,2018-05-22 06:39:00,2018-06-08 20:34:31,2018-06-18 00:00:00
53a0b865b63b4a2b64f8f46b31cdf3ed,8b19bece4c92821ce2ee66e4258d8d92,delivered,2017-04-24 21:04:17,2017-04-24 21:15:13,2017-04-25 11:34:55,2017-05-02 13:19:05,2017-05-15 00:00:00
1cc13cb7d2099f1e6d86b81bb6d15446,ff30b76fc9c812f006ee87f55fba0e93,delivered,2018-01-12 10:50:09,2018-01-12 10:59:20,2018-01-12 23:51:55,2018-01-17 19:51:17,2018-02-02 00:00:00
3d7d0dcc28a6dfb5464b9b43e751e45f,6cf9369731b3d671fa5e5cb0d6d58f72,delivered,2017-08-09 21:42:31,2017-08-10 21:44:11,2017-08-11 20:48:08,2017-08-15 21:44:49,2017-08-22 00:00:00
3b73af98e156e78b9589279586399d8e,e097be8f16e8fc40185349962ed5e48c,delivered,2017-08-01 11:20:14,2017-08-01 11:35:08,2017-08-02 15:13:21,2017-08-05 13:26:00,2017-08-22 00:00:00
228ea43b4cb2de5ddf965b65f05379ea,4a88b54393c2c3945ebe53fec0e3d927,delivered,2017-09-28 21:49:53,2017-09-28 22:05:38,2017-09-29 14:04:23,2017-10-04 23:25:21,2017-10-20 00:00:00
ea7895cb0e61c16f3121758d67031529,4f2543864db97ed20729a2bade1a87bf,delivered,2018-06-30 20:07:53,2018-06-30 20:30:02,2018-07-02 12:23:00,2018-07-12 20:12:09,2018-07-20 00:00:00
183cbdf2ffcf5c0bab28e429185cb05c,2bf271ce271719f9d0ecb495d8748c04,delivered,2018-01-19 16:06:33,2018-01-19 16:18:49,2018-01-24 23:43:09,2018-02-02 19:39:55,2018-02-22 00:00:00
8adf9a2797120df1f8a03e9407313a9d,5bbf1bdde9a3471cb400f69fb9c76a29,delivered,2018-08-10 17:57:26,2018-08-10 18:05:25,2018-08-17 13:29:00,2018-08-23 18:58:37,2018-08-28 00:00:00
0f9751081b734220a998be212c391523,28a204eb0f0f081ece6295f4ce42a1cf,delivered,2017-09-27 13:54:38,2017-09-27 14:07:13,2017-10-04 12:52:54,2017-10-11 20:45:52,2017-11-07 00:00:00
f4aeb1d543f3ef66d96e67c8589e03c4,4f14078a26034faf21f8085cec94d91e,delivered,2018-03-20 10:22:22,2018-03-20 10:30:43,2018-03-23 01:55:32,2018-04-12 14:28:38,2018-04-10 00:00:00
23c8185c60bb06f217a2437ffc73e45f,e3a4077cf3ad106c942f8a682505eb97,delivered,2018-07-01 15:33:02,2018-07-05 16:09:05,2018-07-05 14:50:00,2018-07-06 17:38:41,2018-07-18 00:00:00
43050a51a257b17d51295e07650cb654,46eedac9adabcbc4e00c33f104651b31,delivered,2018-08-16 00:10:18,2018-08-17 04:09:47,2018-08-17 15:02:00,2018-08-22 15:52:34,2018-08-27 00:00:00
4edf2392a7d2397850d5c53a1df11921,fa2696d264a2306aad3312640b68f088,delivered,2018-07-18 15:19:01,2018-07-18 15:30:20,2018-07-23 13:18:00,2018-07-30 21:12:20,2018-08-06 00:00:00
f325b35e41a32e923f723a5689176149,7ec42757f1c506527b55a219ce8069c7,delivered,2017-11-09 13:41:02,2017-11-10 02:55:52,2017-11-14 22:17:09,2017-11-30 18:44:25,2017-12-05 00:00:00
f0da489592c62097d0034f139386cb32,9d4ba8752b5b737f45da0544b669552a,delivered,2017-04-05 16:12:50,2017-04-06 16:30:21,2017-04-13 14:36:20,2017-05-02 18:49:43,2017-05-11 00:00:00
ad3c2d0868f09cf3bfcf3c5277cb8c95,cb26ed4a22f051e22f744d6381951357,delivered,2017-05-28 11:40:24,2017-05-28 11:55:07,2017-05-29 11:08:40,2017-06-08 13:35:30,2017-06-23 00:00:00
00061f2a7bc09da83e415a52dc8a4af1,c6fc061d86fab1e2b2eac259bac71a49,delivered,2018-03-24 22:16:10,2018-03-24 22:28:09,2018-03-27 05:26:55,2018-03-29 00:04:19,2018-04-09 00:00:00
a486dfd6ae353f3b1b11f8670c57f60d,3957e7df30a6c6bf14d43a6682f1dcbd,delivered,2017-10-08 16:24:20,2017-10-08 16:35:21,2017-10-09 20:56:09,2017-10-13 18:45:58,2017-10-25 00:00:00
b00bb5cc3213f8b0ea13efd866f4e020,43bfce0b562774544578f877196a67c3,delivered,2018-04-27 19:25:16,2018-05-01 05:32:27,2018-05-02 15:58:00,2018-05-07 09:58:55,2018-05-18 00:00:00
efb6786e7cae312c673bb5ac3a677ca0,629e2d63ea37ebc6f703b86043d21e6f,delivered,2017-11-24 21:56:36,2017-11-28 03:38:36,2017-11-30 15:02:40,2017-12-12 19:22:56,2017-12-14 00:00:00
034733b9cacb3d55bce1e49c422ae3e7,715a6dcab7854c0e90e76c99e19402ae,delivered,2017-03-19 12:41:44,2017-03-19 12:41:44,2017-03-28 08:22:43,2017-03-31 09:27:39,2017-04-13 00:00:00
a4e16b2bbdbf7c2243d008dc4b9e46bf,18f7594049cb0b4de38635d069607966,delivered,2018-04-11 20:31:59,2018-04-11 20:50:51,2018-04-12 19:42:47,2018-04-13 19:48:41,2018-04-24 00:00:00
f19b9413f2deb98fbb76c8f57ca52a95,89f8ae16624249b47abccb7729c5d287,delivered,2017-07-30 16:32:41,2017-07-30 16:45:12,2017-07-31 22:17:53,2017-08-03 20:27:28,2017-09-01 00:00:00
166848a10d57ced4d9e4b34c593b5627,ff1b3169e72d6d5f7ec72eb1d232e2ce,delivered,2017-10-06 10:22:39,2017-10-07 10:35:12,2017-10-20 14:43:48,2017-10-25 18:37:37,2017-10-31 00:00:00
d7b1b205f635a07e904e5c4069b6859d,e1e157f3dbfc5df809751ed8f7fbfd5a,delivered,2018-04-24 15:51:09,2018-04-24 18:59:35,2018-04-25 15:02:00,2018-04-30 23:38:30,2018-05-09 00:00:00
62721ddb070ffb1e00edd35d85a2f616,0495c862254261efd27f91c74ce7361b,delivered,2018-01-07 18:31:16,2018-01-07 18:39:21,2018-01-09 00:57:29,2018-01-09 19:53:23,2018-02-05 00:00:00
f4366d9980e6fb925d2ed9a63d8a6e2c,396a7bd5d07dd9a55593b1eef5eb4fea,canceled,2017-03-10 13:52:02,2017-03-10 13:52:02,,,2017-03-31 00:00:00
6cd9dc64e9570c2a9555406d8148ec0a,03e309adaa7741b79f72be256ae1c3c8,delivered,2017-08-31 12:52:45,2017-08-31 13:05:41,2017-09-05 17:39:01,2017-09-08 16:17:50,2017-09-13 00:00:00
6f275c944d1814eca6bfbb2bcfa3b0ea,219f6aa1ddc83ec7dbf2498e664129c1,delivered,2017-01-17 09:15:35,2017-01-19 02:17:31,2017-01-19 09:46:30,2017-01-24 14:31:56,2017-03-01 00:00:00
8cac878a789b20ccf75238a5429195dc,d5fb71112470ab15d46a457c3351454e,delivered,2018-03-23 10:56:08,2018-03-23 11:05:33,2018-03-26 18:12:08,2018-04-07 01:06:47,2018-04-26 00:00:00
ed273cdf7e2668c17d6cb199ad52d7c4,36701610f09fb06017249cd487f2ee5b,delivered,2018-07-10 11:36:10,2018-07-12 04:06:10,2018-07-12 12:15:00,2018-07-20 15:46:36,2018-08-03 00:00:00
90e5ad6118ea4ea07eb9de3aa9c698d2,8a9a1deb4c40a5a158bbb0db08c821d0,delivered,2017-09-27 06:56:34,2017-09-27 07:07:13,2017-09-28 15:39:01,2017-10-11 17:38:52,2017-10-19 00:00:00
de555a095d66fc6e7b5a1131b4e0c31b,feb68cc4cc9d76494bb535cbc4fa0d08,delivered,2017-10-19 17:15:45,2017-10-19 17:28:35,2017-10-23 22:41:43,2017-11-03 19:07:29,2017-11-22 00:00:00
288ed410bf6e7ce609f9d3147fc21ef2,cd0e8801fd897edcf7c6c0841edbc2e2,delivered,2017-11-14 21:52:07,2017-11-14 22:06:42,2017-11-17 23:55:27,2017-11-27 22:53:34,2017-12-11 00:00:00
808b7fff91e537a5df90717957ee5bb1,38806f42b8696dc0e24a8fd5bf9885ba,delivered,2018-06-05 19:00:39,2018-06-05 19:54:42,2018-06-06 14:11:00,2018-06-08 17:36:49,2018-07-19 00:00:00
ee343d7247239b219a20b4cb63cee65d,8d6aa832414bbe235edb680ed82d72dd,delivered,2018-07-21 09:46:36,2018-07-21 10:05:15,2018-07-23 12:26:00,2018-08-01 21:53:04,2018-08-08 00:00:00
fd4daf37347bcf328ee7c5f160e9c7d0,b930ac822ab2d45dd1007cdc8e3388f8,delivered,2018-01-09 19:10:55,2018-01-10 10:32:03,2018-01-10 20:48:45,2018-01-11 16:04:28,2018-01-30 00:00:00
fdf262b020267b9e928c136d05e4dca8,da9c83d94321bbd07861ab46ba121cfc,delivered,2017-10-25 16:54:12,2017-10-25 17:35:39,2017-10-26 14:17:32,2017-10-31 18:08:06,2017-11-17 00:00:00
87e0d0f94adbd22ba23b476c9b071bd0,bac566e412831d4ae66fd4fdf6843014,delivered,2018-05-08 08:50:38,2018-05-10 03:36:43,2018-05-17 17:00:00,2018-06-11 14:51:16,2018-06-11 00:00:00
b523ce1995c46d7ad970da56cbf867e1,8100eea287c70641a7af75e848cae7a6,delivered,2018-07-20 09:26:27,2018-07-20 09:43:42,2018-07-27 10:33:00,2018-08-06 18:48:52,2018-08-20 00:00:00
8ca4b77b042042e7388a0df85b37ebeb,0eed1698388ba8c1fe0efa37ba6f269d,delivered,2018-05-13 20:53:23,2018-05-13 21:12:49,2018-05-14 14:58:00,2018-05-15 20:03:36,2018-05-23 00:00:00
890c646ac2f95965fe8b02b81cfcdc5b,f8f826b1eb7cf181af923e9329849aa5,delivered,2018-08-04 12:49:52,2018-08-04 13:04:10,2018-08-06 16:55:00,2018-08-07 19:56:38,2018-08-09 00:00:00
d2421ba8e68d2ecb6f32d08202ba292e,11c1d39751742fcd7e92255db994dfb5,delivered,2018-05-28 16:34:55,2018-05-30 02:32:07,2018-06-12 12:46:00,2018-06-18 19:38:41,2018-07-16 00:00:00
1a48f3d99685123b98d34bcb7337810f,fdc9dd7a957b7ea7022556b849b4a057,delivered,2018-08-10 16:52:37,2018-08-10 17:05:23,2018-08-13 17:57:00,2018-08-16 15:58:50,2018-08-20 00:00:00
abb4cbba2c83f7cabc85e45374a23ad4,75891b0625d2cb397891c4497d7dfffa,delivered,2017-11-25 00:23:46,2017-11-27 00:19:43,2017-12-28 20:26:42,2018-01-10 17:18:43,2017-12-21 00:00:00
e9e50d9850f15582d9f237afa91748c7,93d7e3ca0c3574c1be5ae0e3a73af87d,delivered,2018-04-03 20:53:13,2018-04-03 21:11:20,2018-04-04 19:48:21,2018-04-06 19:27:23,2018-04-13 00:00:00
3b977a4dfdf8060df6040bd0502825aa,609341769d0c31f670f92c1479fdf149,delivered,2018-03-11 19:49:47,2018-03-11 20:27:55,2018-03-12 22:18:57,2018-03-17 17:08:38,2018-03-22 00:00:00
b2aadb128e84058f8ff560dbe7466c1c,430cd3039a62d75b60289fae0c1ba8ad,delivered,2018-03-09 09:00:11,2018-03-10 03:51:13,2018-03-13 13:03:13,2018-03-15 15:23:41,2018-03-21 00:00:00
a37057df33d7a542cf514f9cbe7a311d,ed64dbf702aba15d83a4a85d370780a5,delivered,2018-04-25 08:32:52,2018-04-25 08:52:11,2018-04-26 14:48:00,2018-05-03 22:26:56,2018-05-22 00:00:00
b2377b1954ac905f64a3797f58fc36d9,f73fe7f38373c066da9781eb5edd029b,delivered,2018-06-05 13:29:55,2018-06-06 02:54:10,2018-06-06 14:07:00,2018-06-12 23:44:43,2018-07-16 00:00:00
6c5ded71cfa7471ced232b2cee03ff8c,06952d070fb51b681082a5aa0270ec67,delivered,2017-12-12 20:11:48,2017-12-12 20:31:38,2017-12-13 22:38:34,2017-12-14 13:19:22,2017-12-29 00:00:00
7b20199069d3b0d759ee39520cf5aed2,2dfa899c2cef91ca57781435d68471dc,delivered,2017-12-26 17:50:20,2017-12-27 15:59:33,2018-01-03 20:28:27,2018-01-09 23:28:55,2018-01-22 00:00:00
70669aed7ddba4c10b2243a0634069f5,56a07304681f6f1dd79921f75cfd56c4,delivered,2018-08-18 21:18:15,2018-08-18 21:30:11,2018-08-24 14:04:00,2018-08-28 15:44:35,2018-09-03 00:00:00
4b06d0583c7ba03f377c15729a3c69dc,f778ce20d1508a9905cb8ee5ffd45466,delivered,2017-12-14 16:51:45,2017-12-14 17:13:00,2017-12-15 20:56:09,2017-12-18 17:03:22,2018-01-03 00:00:00
3e1f23a0732ed12cf355a855e7b84a58,d4de1ad5479c82fbc8565952d6af9c91,delivered,2017-11-09 10:46:39,2017-11-10 03:27:26,2017-11-10 20:12:54,2017-11-17 20:42:44,2017-11-30 00:00:00
41b713bac0dc58e643d2ced072421980,84c3554e20fe4d8847678c462fc71329,delivered,2018-02-25 14:18:17,2018-02-25 14:30:29,2018-02-27 16:22:26,2018-03-20 00:03:44,2018-03-26 00:00:00
5411157481132a0783dbf080096a4c96,965d1f24bce3dd938f7e63fbf7e0a0b6,delivered,2017-11-26 23:20:43,2017-11-28 03:20:16,2017-12-15 18:26:46,2017-12-27 19:16:56,2017-12-19 00:00:00
101a1fdfd16c29a1608a58883902ec1d,17ae35ec1439920979daeef055eeba28,delivered,2018-01-06 11:17:02,2018-01-06 11:27:29,2018-01-10 17:55:21,2018-02-05 20:57:09,2018-02-16 00:00:00
d0b7e763d0e6a967ce3eab75dd63f912,d9e375a1ae0da84174d1e73dd7ecb4de,delivered,2018-06-25 12:26:18,2018-06-25 12:54:04,2018-06-26 13:23:00,2018-06-29 22:14:29,2018-07-05 00:00:00
3a18acaa3bee904f8de00e2dad0f6878,e83cb1c13ad8bcd8c98e95eff75333c5,delivered,2017-07-11 14:53:15,2017-07-11 15:05:14,2017-07-12 18:29:33,2017-07-31 18:42:07,2017-08-02 00:00:00
1b4255d9c878894e1d30af0d984c9c7f,7caae07d3441f77333b6e47ce323d251,delivered,2018-02-23 09:47:10,2018-02-23 09:55:41,2018-02-27 04:32:13,2018-03-12 18:58:35,2018-04-03 00:00:00
180111fe748ab1e9a6bd88e0cf809f32,8c030444765efa2c264101a42c956abd,delivered,2018-06-16 08:10:13,2018-06-19 04:17:07,2018-06-20 14:24:00,2018-06-27 14:08:35,2018-07-12 00:00:00
52b72b336dbd155b3d75bb3fcc799ac3,d1eae5d8fb3c1a1472eda31a5f9ff3f0,delivered,2017-07-24 23:29:44,2017-07-25 00:43:01,2017-07-26 03:14:33,2017-07-26 18:23:33,2017-08-04 00:00:00
8c852623da2a9eea1c1aab41baa78a43,4dc57c527dcf4f7c8686e86529423d6c,delivered,2018-05-21 12:28:26,2018-05-21 15:34:26,2018-05-22 12:44:00,2018-06-06 14:27:48,2018-06-11 00:00:00
745820b54841cf6d8bede07c1be6622d,7094418d3ab9adbb383e8b760756ba1d,delivered,2017-12-14 18:23:32,2017-12-14 18:32:22,2017-12-18 17:37:15,2017-12-27 21:03:09,2018-01-09 00:00:00
7cb9333ee31df6158fd43d9649a4041a,a459f902141f98c12fa1a34d1d632cdd,delivered,2018-01-18 21:06:43,2018-01-20 09:09:31,2018-01-23 12:17:32,2018-01-25 14:38:36,2018-02-02 00:00:00
0ca9a58f008bf2603e4b02b0813996e3,ca1306e256541ca5b97110546d36f93d,delivered,2018-04-04 11:45:40,2018-04-04 12:11:42,2018-04-09 23:28:54,2018-04-13 19:05:13,2018-04-19 00:00:00
378a499627b8ffb6fe276c42c57a44a2,84f15ee8e1e136f0285a56df9f873718,delivered,2017-08-09 22:45:59,2017-08-09 22:55:11,2017-08-15 13:07:55,2017-08-28 18:31:40,2017-09-08 00:00:00
ac4c31fcb560d160001849fc155285c3,dd11273e6cc22bcc6eb8258d902cb5bd,delivered,2018-01-16 18:22:12,2018-01-16 18:31:35,2018-01-18 22:51:54,2018-01-26 21:07:33,2018-02-14 00:00:00
b3f8f9990d57ac78665ba9cdd480a633,c7613960b30279da6c6287bb336cce9b,delivered,2018-04-04 09:32:29,2018-04-04 09:50:11,2018-04-05 16:21:24,2018-04-18 22:05:30,2018-04-20 00:00:00
289a45b09606de7a3d7003baa2b650d0,e012356cb110daaecd8c1a2bb66d27f6,delivered,2017-10-10 20:54:55,2017-10-11 21:06:17,2017-10-13 20:38:04,2017-10-18 16:59:10,2017-10-31 00:00:00
6a978028a892efba783a6f3be848c512,d8c4f44803e6a10deb628cc91e68b327,delivered,2018-02-07 18:23:09,2018-02-07 18:30:25,2018-02-08 22:51:33,2018-02-14 20:16:39,2018-03-09 00:00:00
6364b5200369c2149b7eed0654d2fb2d,f52c2f2418c113df3461029833291f0f,delivered,2018-02-13 14:39:28,2018-02-13 15:07:46,2018-02-15 13:38:47,2018-02-25 18:29:11,2018-03-14 00:00:00
0292fb46a5e22715459cb9a7b96e7aae,af922db8b1f8ca65d972706774fe6f1a,delivered,2018-04-18 21:43:22,2018-04-19 02:51:24,2018-04-20 13:57:55,2018-04-23 20:02:47,2018-05-04 00:00:00
77b8e495f75bbdf52e3a29bc46188eef,470eae0a78a5e9efdbc04378b1c64fea,unavailable,2017-10-12 17:32:55,2017-10-14 03:46:44,,,2017-11-03 00:00:00
0cbc979bd11d1ef1cc7c050a0442c715,926706c05a2213d48d83de6615700d8a,delivered,2017-08-06 22:03:45,2017-08-06 23:03:12,2017-08-07 18:31:53,2017-09-19 14:27:37,2017-09-04 00:00:00
94d865ff58ce43bdb66ba4bb0fcebf12,d9706fd1a7a6464dfec945b5bd3d40fb,delivered,2018-02-14 21:00:14,2018-02-15 19:26:09,2018-02-16 17:34:18,2018-02-24 15:18:38,2018-03-12 00:00:00
ff8badd36cb2b5635a007309d3963a88,01ab41094bdf6a489a201d86c7578f3f,delivered,2018-03-18 21:22:04,2018-03-18 21:35:34,2018-03-20 18:13:35,2018-03-31 13:03:35,2018-04-13 00:00:00
3f6f765394f0d4babeaadf8e125418fd,f90980c2b1c84d921b6388815445aa3a,delivered,2017-06-02 18:37:17,2017-06-02 18:45:18,2017-06-06 14:52:33,2017-06-12 12:25:36,2017-06-27 00:00:00
589aa9dfe350a2ca1ac9e8d38d4f7937,42f7e5300e022aa6ccea1815732b1134,delivered,2018-01-14 11:38:15,2018-01-16 03:38:40,2018-01-17 19:49:21,2018-01-19 21:56:57,2018-01-30 00:00:00
3a3aed58b078ba2d2105cd76ce7a76d7,4df922283e840682df69a70aed95807d,canceled,2017-05-25 16:12:51,,,,2017-06-16 00:00:00
07bec24c128f1f4047bfc582732c1d9d,449809b16f1bbf5498551b734555950a,delivered,2017-12-11 08:40:19,2017-12-11 08:50:29,2017-12-11 18:05:33,2017-12-13 20:48:52,2017-12-28 00:00:00
a0e2544c7da875c21ffe5c1f59a0fc0e,97fc391dfdf0d9fa1128013b95049cc0,shipped,2018-01-12 20:39:18,2018-01-12 20:51:23,2018-01-16 00:15:13,,2018-02-05 00:00:00
5b0e38e46ebfad6aea8bd8a7aa5b43ff,a5e011a884e83dca11723f1a59856614,delivered,2017-09-18 17:25:45,2017-09-18 17:35:17,2017-09-21 18:51:39,2017-09-26 19:10:18,2017-10-09 00:00:00
18868acb1d9411827ee09a01ced20833,65544087c25093e9258bcbb9fe58310c,delivered,2018-01-22 20:31:34,2018-01-22 20:58:00,2018-01-24 19:35:12,2018-02-01 00:12:55,2018-02-15 00:00:00
f4d3885e12fd29bbafcfd279895c05c0,016c933a6a74ad49e6e1858462a7ae4d,delivered,2018-04-14 19:36:30,2018-04-15 19:31:20,2018-04-16 22:21:07,2018-04-19 22:48:40,2018-05-15 00:00:00
9c48af0db9cf0d3d5fde3bbf1b9381c7,ea0517e9e355467e3685a3551de2b8cd,delivered,2018-01-08 12:27:38,2018-01-11 12:31:45,2018-01-12 20:19:29,2018-01-18 21:19:48,2018-02-08 00:00:00
dc30c49cdd7a0bbf562cd24386ea1a5f,c64ad317815a22929a63ffeaf92dfc1e,delivered,2017-09-15 10:34:54,2017-09-15 10:50:18,2017-09-15 19:03:38,2017-09-18 21:33:42,2017-10-03 00:00:00
e6672c091e9d18df1e70a72b3edcf422,56e1af6ec8f1582c79dc055d5e079d90,delivered,2017-08-12 00:33:41,2017-08-12 00:45:14,2017-08-15 16:12:30,2017-08-23 21:28:55,2017-09-08 00:00:00
cb38a96792763020d1c6a3f5e3073026,e09b9512729d319c7e9ec653dfcbd076,delivered,2018-08-03 20:23:30,2018-08-04 04:15:41,2018-08-06 10:58:00,2018-08-07 18:56:50,2018-08-13 00:00:00
b99a2af18c8b691f20039d4696badee2,8c2bf1aa8932091d574f745e730bccb2,delivered,2017-07-24 06:25:07,2017-07-24 06:35:09,2017-08-01 19:32:44,2017-08-08 18:23:07,2017-08-17 00:00:00
525c285a91c110c79dd3f16029fef7f6,d4e1510cc8be38ff880260adbbc2c002,delivered,2018-01-17 17:12:15,2018-01-18 10:56:12,2018-01-20 01:38:47,2018-02-02 17:47:11,2018-02-07 00:00:00
d48ecf850e3d3c67a047a82b3243847e,7b98bc96af5ead5d853ffbec70f51b52,delivered,2017-06-14 15:32:03,2017-06-14 15:45:14,2017-06-19 19:41:48,2017-07-03 15:52:06,2017-07-07 00:00:00
5ca436931d761c22f7015e6ef5fc33a4,0f79a968c60ccce9ff6d4344cea8de38,delivered,2017-05-02 08:29:02,2017-05-02 08:42:17,2017-05-02 15:55:29,2017-05-10 09:32:27,2017-05-23 00:00:00
403d9938537f6a0538d6860e3e7bc7fa,75fdea7e28a52a5290eed66acfd60e07,shipped,2018-02-11 20:49:10,2018-02-16 07:55:32,2018-02-21 21:13:31,,2018-03-05 00:00:00
a4569e83b396f45f5bad001bce729da0,c9c09e59a1ee564817c859175707a123,delivered,2017-10-23 16:29:44,2017-10-24 16:42:49,2017-10-26 18:14:14,2017-11-08 15:02:34,2017-11-09 00:00:00
7e7a64032ec6e6d07ad648bcd4a2c22c,c2be581f7df5d377ec3f21a40cb4f85f,delivered,2018-05-01 19:19:04,2018-05-01 19:33:48,2018-05-02 11:06:00,2018-05-18 19:03:58,2018-05-30 00:00:00
38dea96735b5f6e74378a68f84099233,8b23430bf8df60f04bbed8294460d612,delivered,2017-12-07 21:58:10,2017-12-08 02:54:06,2017-12-08 19:27:09,2017-12-10 14:39:44,2017-12-26 00:00:00
181ba9a81073ea2d653d9a7338f4cf98,c6dcb798b5f3502dbd1efbfd35bd7197,delivered,2018-05-07 11:32:21,2018-05-07 18:09:43,2018-05-08 15:35:00,2018-05-14 14:31:21,2018-06-07 00:00:00
1d25367a9fef6c8938bc5e747e3a73b9,7530e096e6bc33f54efe4be8d020db85,delivered,2017-12-19 13:18:04,2017-12-20 06:53:40,2017-12-22 00:09:36,2017-12-23 16:39:18,2018-01-08 00:00:00
0a492dfba0efff86d173382ee6c65a1a,73c9d97f890b683d4d6b69781918dd9c,delivered,2018-02-17 19:09:21,2018-02-20 07:27:38,2018-02-21 15:47:01,2018-03-05 18:46:41,2018-03-19 00:00:00
35138e39f9a22af41b39da5df0cc6790,ed434f6c999779df08cfcba6f30956fd,delivered,2017-11-26 20:33:48,2017-11-26 20:53:20,2017-11-28 16:04:47,2017-12-06 19:51:40,2017-12-20 00:00:00
5a55092d69cc833177808899f5cc51e6,882d877a5d51c4ba2590d82e86a7af0d,delivered,2018-05-15 19:15:47,2018-05-15 19:36:11,2018-05-16 12:26:00,2018-05-17 16:48:50,2018-05-23 00:00:00
0b32bf55276b5feb681f6ed6fd670692,d6dd924c65c66ad52e7cf5983c18f800,delivered,2017-06-03 17:53:31,2017-06-03 18:05:12,2017-06-05 13:00:41,2017-10-26 20:47:58,2017-06-27 00:00:00
f434b139bcee21dfbf05fdb2db58ab44,657c0e8a6043e88070f81c66bc9cb892,delivered,2017-12-05 19:59:25,2017-12-05 20:11:34,2017-12-07 15:29:02,2017-12-13 16:55:47,2018-01-04 00:00:00
50464b5c4c37ca488dd7857dbaff4840,1eb163392449193337cc2c26ef4271cd,delivered,2018-08-05 23:04:52,2018-08-05 23:15:23,2018-08-07 12:25:00,2018-08-15 17:02:11,2018-08-24 00:00:00
9c3d7e9c15eacd69760b2e438fd5e3bb,d3f904f26d6037d166bb82b16cf17d99,delivered,2017-08-21 15:52:17,2017-08-21 16:06:01,2017-08-22 18:08:04,2017-08-23 17:11:44,2017-09-15 00:00:00
8e3b131fc06aa9f5c4b32b46d3334688,a6c12de3ec04b0a28808791497852392,delivered,2018-02-03 14:23:54,2018-02-03 14:35:33,2018-02-06 01:04:13,2018-02-06 14:59:05,2018-02-21 00:00:00
6e98de3a85c84ead6689189b825d35b5,f34a6e874087ec1f0e3dab9fdf659c5d,canceled,2018-03-15 10:07:02,2018-03-15 10:29:33,,,2018-04-09 00:00:00
ab0440479873dd65da01b76ae53ec3c0,266ef8e8154fa4da8479fcfc85ccad8f,delivered,2017-11-25 11:59:13,2017-11-28 03:44:26,2017-11-29 13:18:57,2017-12-07 17:33:47,2017-12-20 00:00:00
53ee943d0767c9dc3922938b2550ab26,140ffd2c310ca890581c175512144a8e,canceled,2017-09-10 16:41:44,2017-09-12 07:50:19,,,2017-09-27 00:00:00
260c8e4c9a29e56ae6ee21c449f6834c,f9d9c879d3e01ea40ae591668342f90e,delivered,2017-09-02 18:11:58,2017-09-05 14:04:20,2017-09-11 19:49:59,2017-09-12 21:57:41,2017-09-26 00:00:00
9bd8962db91a783af70ff3eb36fbeea8,76e06a72ee5a42936ba3a0fc7a52d962,delivered,2017-06-22 16:06:22,2017-06-24 02:23:05,2017-06-26 09:07:44,2017-07-11 19:27:40,2017-07-14 00:00:00
80fd1b0b81771253d43532f41d575d39,d981162ce1ef6f63978f2240a8d2b545,canceled,2017-10-29 18:02:37,,,,2017-11-28 00:00:00
680aa2f14fb3e872e9d09bc057a1ac78,c942c48b7bf94f498a87c761ed85d610,delivered,2017-08-08 18:00:17,2017-08-08 19:10:28,2017-08-11 19:45:54,2017-08-24 13:52:31,2017-08-29 00:00:00
f975710202a96794f2b466c4dbea49e0,c2c4769b2b0b100fd323054e505d1836,delivered,2018-08-15 23:01:42,2018-08-15 23:15:16,2018-08-17 13:52:00,2018-08-27 20:22:03,2018-09-11 00:00:00
e9cd104dfc8837e084c067292c013b0a,c75e4def2f3ec80fc03a535c4f9b37a2,delivered,2017-01-26 21:33:43,2017-01-26 21:45:16,2017-01-28 07:28:57,2017-02-02 13:22:23,2017-03-02 00:00:00
9d1f7d7ab032ff42d6c6b9491e83c18c,1d71abc211d9e085a279414c8c50883d,delivered,2017-08-30 12:09:29,2017-08-31 04:31:29,2017-08-31 18:27:47,2017-09-15 11:47:59,2017-09-28 00:00:00
4753fcd70058320b38a45cc68f6de6c7,2d3a07b7b69973a8118724ddd6495600,delivered,2017-11-29 10:08:46,2017-11-29 10:30:24,2017-12-04 23:09:41,2017-12-08 15:54:45,2017-12-19 00:00:00
da522dc3ff9f13b252917d4615776979,0ba384556b7e2746b54801301d662352,delivered,2017-02-25 21:15:46,2017-02-25 21:25:13,2017-03-01 15:35:41,2017-03-06 09:55:58,2017-03-24 00:00:00
1161d4dd2b98a1d29aee9a19b48d7cd8,feee0385d0f1a44cf7052d4d328df398,delivered,2018-02-17 15:45:05,2018-02-17 15:55:34,2018-02-19 18:24:38,2018-04-13 22:07:39,2018-03-21 00:00:00
4f69ffc6c1340dd48ea12040fdb00af4,5f5714ee2522aeb19525f81582b66bfe,delivered,2018-01-23 18:24:06,2018-01-23 18:38:45,2018-01-27 19:16:05,2018-03-09 02:12:36,2018-03-02 00:00:00
f8ff2ca85b5c244343205cf7d85904bc,bee022d12e945e369ab2e171181b6c2f,delivered,2017-04-01 18:24:37,2017-04-01 18:35:24,2017-04-06 15:14:03,2017-04-19 11:23:41,2017-05-08 00:00:00
773dbd4b995047ec62ab094f9aa257dd,d4a3674bf4aab598bbbb403358c656b8,delivered,2018-02-14 21:37:54,2018-02-15 04:10:46,2018-02-22 21:10:32,2018-03-14 20:17:23,2018-03-19 00:00:00
82833fb7278ad2602271d0c880c028d6,f869a316cf822314413688ae6acad6ae,shipped,2018-01-15 22:22:17,2018-01-17 03:36:47,2018-01-20 00:06:50,,2018-02-15 00:00:00
6c0537a01fc638909ee26a49faa4c8a6,4116eb214c694f5b5954183ea63a064f,delivered,2017-12-04 16:29:43,2017-12-04 17:32:04,2017-12-07 02:11:58,2017-12-18 20:16:50,2017-12-27 00:00:00
c14d2e12b876b00738f6c4ae6329e1dc,be52d3846e7c0522f6cf8e4374905d10,delivered,2018-08-27 16:24:47,2018-08-27 16:35:19,2018-08-28 14:38:00,2018-08-29 16:38:47,2018-09-05 00:00:00
7e13a2daaa4fcf44ff99139c10944291,924c8739761cf922ca7d80c2d75cb051,delivered,2017-08-04 10:06:25,2017-08-08 04:15:18,2017-08-08 19:33:07,2017-08-11 13:45:21,2017-09-04 00:00:00
214cc0f5b3a0461874dbbc915258bb54,bb0a7e8931e8e578f7bee85722bf921f,delivered,2018-06-16 17:02:59,2018-06-17 17:12:31,2018-06-19 12:28:00,2018-06-22 14:11:41,2018-07-12 00:00:00
a5b77614683d41f8c213c366e5c3b3cd,75dde0ac9c549d835c347f7b636695d3,delivered,2017-04-06 23:06:30,2017-04-06 23:15:09,2017-04-07 08:50:18,2017-04-15 11:54:42,2017-04-27 00:00:00
fd0abe8d74360c4ebadc97d5f4cb36c4,965c035f7062014612646b3bc2196223,delivered,2017-10-10 23:29:10,2017-10-14 18:35:46,2017-10-17 14:12:50,2017-10-18 19:34:31,2017-10-26 00:00:00
bafbef1334adc6aa02affd8fd62ec0ac,605db12d623fa4278e6e0107bdd10e31,delivered,2018-03-20 04:01:37,2018-03-20 04:15:20,2018-03-20 19:09:06,2018-04-05 18:42:28,2018-04-16 00:00:00
b6bc67fe4d4fbc4307eafa56be5e4fdd,c47d9490576d1f3daad76499776dc7d8,delivered,2017-12-11 18:59:40,2017-12-13 18:57:18,2017-12-15 00:28:34,2018-01-05 14:35:22,2018-01-05 00:00:00
4a757189692c5edda3f4491ed110f223,73bcc45a89640ee54f87e2a4b9fb5821,delivered,2018-01-20 21:38:05,2018-01-20 22:01:21,2018-01-23 18:10:26,2018-02-08 21:13:37,2018-02-20 00:00:00
0fb9645c128ac84788798f0129496ca7,80a4c819314e5ff01e66ba8780857b4e,canceled,2018-08-21 10:15:51,,,,2018-09-04 00:00:00
233868ed9e2f9399d292289f27bc2993,70a6da4bfbfe2520b1db2523499c330b,delivered,2017-09-27 04:24:28,2017-09-27 04:49:07,2017-09-27 12:33:45,2017-10-09 16:35:53,2017-10-23 00:00:00
f9f159ecaaa3dff842ad66c4ce03e64c,608377cd4528c2e4cc8ea615b77f30dd,delivered,2018-01-09 11:10:35,2018-01-11 02:48:49,2018-01-12 23:58:02,2018-01-18 17:13:13,2018-02-06 00:00:00
55cae94920fc56b51f65ea17a94348e5,e7ff0f90a95997a2fd13b1daff21991b,delivered,2018-07-31 18:38:57,2018-08-02 05:05:08,2018-08-14 15:42:00,2018-08-21 20:28:39,2018-08-31 00:00:00
13a8db555fde78dd0b116b01b6515617,2ae0be66802fc94032bae06b27a1ac08,delivered,2018-06-13 00:41:26,2018-06-13 01:01:51,2018-06-13 14:10:00,2018-06-28 11:46:26,2018-07-19 00:00:00
37ee401157a3a0b28c9c6d0ed8c3b24b,7d321bd4e8ba1caf74c4c1aabd9ae524,delivered,2018-04-12 11:02:51,2018-04-14 02:31:43,2018-04-20 20:51:23,2018-04-23 17:47:44,2018-04-26 00:00:00
b0f3b60e4ef21a14515d0e51782a7580,9257eaf90b2795d12c22565ab4b54011,delivered,2017-08-13 22:11:21,2017-08-15 03:50:29,2017-08-16 12:57:16,2017-08-19 14:02:47,2017-09-01 00:00:00
0aee3a9d7c585888c61c307c40df0c0b,922397e11abc5f3d52e248f57df8804e,delivered,2018-06-11 08:58:16,2018-06-11 09:12:18,2018-06-11 09:55:00,2018-06-22 19:42:02,2018-07-11 00:00:00
ec23899768b60b6b3cfc6335359fb9e2,6d24b8dee87403f9d865de405bb49d0b,delivered,2017-04-08 17:32:38,2017-04-08 17:42:14,2017-04-12 16:08:12,2017-04-20 09:48:01,2017-05-04 00:00:00
8e7a8c0e6808a8c5a9b1410751ddbe3c,16ba0b318e46ac53ff95a09c55e3d8a8,delivered,2018-05-16 00:34:59,2018-05-16 00:55:15,2018-05-16 13:31:00,2018-05-22 16:27:11,2018-06-06 00:00:00
b0a53313f05c1fb7b57eba8c55f35035,0614d7d74e030d9359a2857dc995e710,delivered,2018-05-14 17:17:44,2018-05-15 05:32:36,2018-05-17 14:40:00,2018-05-23 23:40:58,2018-06-11 00:00:00
ae8e6884dc60226ca8e43dfe17895255,b791bcedd741ca64e7c9dfd66ad0a261,delivered,2018-04-24 14:26:40,2018-04-24 18:06:06,2018-05-02 13:40:00,2018-05-03 14:45:44,2018-05-17 00:00:00
61e3bd0de079bba22ce8062d0ef4d393,7d8a2f9b1625dad7429434e7e9faccd7,delivered,2018-01-11 17:00:21,2018-01-11 17:32:02,2018-01-12 22:26:48,2018-01-29 18:07:12,2018-02-09 00:00:00
143f5ce5a045cb6c2708b1b3dcce985e,bc6671fcbe7c7468ed66a34dd3af1b31,delivered,2017-11-25 13:21:31,2017-11-25 13:33:22,2017-11-27 21:48:51,2017-12-06 21:14:57,2017-12-19 00:00:00
f2dca318c079a2926e6162e12d08ca31,f958c0b8328c460f2e99dbdc9158a8b7,delivered,2018-07-08 20:51:25,2018-07-08 21:05:12,2018-07-10 14:39:00,2018-07-11 19:03:24,2018-07-20 00:00:00
6c82197bc099415d9919ccb609a9c072,cf21fc5ce008e8d35e01caeb0ef028da,delivered,2017-01-13 00:14:27,2017-01-13 00:31:26,2017-01-13 12:50:08,2017-01-18 14:05:48,2017-02-21 00:00:00
8e2f6e8aa36fa3770c9f33a7129e81a7,70d21c84f9843a2413b5921d5fb12add,delivered,2018-01-02 16:08:11,2018-01-04 05:14:03,2018-01-08 15:30:20,2018-01-23 13:32:47,2018-02-02 00:00:00
5d971e980c1ac22c7eea39b173d48679,37b0ec4b8c4e43f1005fe48561fada05,delivered,2018-08-07 23:40:56,2018-08-07 23:50:17,2018-08-15 06:31:00,2018-08-20 21:05:13,2018-09-03 00:00:00
fa9f5a4655d840e1de98632fa80c98f4,0010068a73b7c56da5758c3f9e5c7375,delivered,2017-04-11 18:19:55,2017-04-12 02:42:19,2017-04-13 09:06:54,2017-05-05 14:28:06,2017-05-17 00:00:00
476e559ce686af69d6051a5d973c3971,f97b46627a4e56ccc5f4026cdab2b60f,delivered,2018-06-17 00:14:30,2018-06-19 03:36:56,2018-06-19 14:26:00,2018-06-26 19:44:26,2018-07-16 00:00:00
8c992e982ae4be70f1aaa3ee623bc042,25f0e9d9ad9e4429c9c1d50cbde345da,delivered,2018-03-08 23:05:51,2018-03-10 03:48:50,2018-03-14 21:48:33,2018-03-26 22:22:13,2018-04-02 00:00:00
3a090d54e49811f1f174f6b13d8bb359,a7c508e22412d308615545b56178e03e,delivered,2017-09-03 12:20:34,2017-09-03 12:30:19,2017-09-04 15:17:48,2017-09-14 21:29:36,2017-10-03 00:00:00
d1dc1009ec8edc0f30c6a3477a57a143,f91beedeac19df94e1992c3aae4a2c7e,delivered,2018-02-08 04:56:27,2018-02-09 10:11:58,2018-02-09 18:53:00,2018-03-05 23:16:31,2018-03-09 00:00:00
9ba2e8784e3e43f617fd0faa356d309d,475cd64aa7fcd579a93e4db98984450c,delivered,2018-05-24 11:07:21,2018-05-26 02:31:54,2018-05-26 08:16:00,2018-05-28 17:27:48,2018-06-11 00:00:00
f636244e2204ad1803e13b363792d655,0ec534261654167c3ea8787b56005fb8,delivered,2018-02-23 09:57:43,2018-02-23 10:10:20,2018-02-26 21:49:10,2018-04-08 19:17:34,2018-03-16 00:00:00
fd4787fa8be4afcbd8ba795e775cab51,fea16654c631c5cd6997fc0414c3a201,delivered,2017-01-28 17:57:35,2017-01-31 04:40:05,2017-01-31 08:39:09,2017-02-06 14:23:53,2017-03-08 00:00:00
c72add79a1bef8c55628b377b01eb02d,c8997b958b604cfa4a875c16ecd9987f,delivered,2017-03-24 15:25:20,2017-03-25 02:10:22,2017-03-27 10:41:00,2017-04-05 15:06:58,2017-04-27 00:00:00
a3d61f1e9214700ee2b1a7fb8662198e,c7a3d38f91df1c3b930e3c8ac667868c,delivered,2018-01-03 18:04:33,2018-01-03 18:11:32,2018-01-05 18:59:24,2018-01-11 21:48:49,2018-01-26 00:00:00
d7f0913acbeab2d90a27f737d85a2d7a,723e75dd203b84273f993394259c7c3a,delivered,2018-04-01 19:31:42,2018-04-03 05:28:16,2018-04-04 17:42:55,2018-04-05 18:38:23,2018-04-12 00:00:00
128b0ea85d39d2b96310b64dd5c8f096,df1c6f384ca58e9b6db35eb5e4ffc70b,delivered,2017-11-27 15:22:59,2017-11-27 15:33:27,2017-11-29 19:58:58,2017-11-30 16:45:33,2017-12-11 00:00:00
e1d78d7d328dc5311016ff1ef499dcc5,6c6f666712e739bb6761a8baa3676dfe,delivered,2017-10-23 14:18:27,2017-10-23 15:06:20,2017-10-24 19:48:44,2017-11-01 18:17:26,2017-11-13 00:00:00
9dbceabb8ca1d10023c837a1b30f852d,53b1db38606d300f80ef169367c696ff,delivered,2018-06-13 17:18:49,2018-06-13 17:39:21,2018-06-14 15:41:00,2018-06-18 14:12:42,2018-07-13 00:00:00
76add7a1ce9c53fb6ec0b9fc696e3105,a7c6c0a5bee0e4ba3376b84385cbff16,delivered,2017-11-16 12:27:13,2017-11-18 02:35:51,2017-11-22 04:12:41,2017-12-04 18:45:53,2017-12-06 00:00:00
97c1f9afdaef4cf63539bf4529a21f68,68826add3a4d18abf0232aa3b00cb2e0,delivered,2018-02-03 13:33:28,2018-02-06 04:32:49,2018-02-06 23:21:42,2018-02-09 19:54:55,2018-03-08 00:00:00
7aee2b4a36b8b9f260376a8319900aa7,1dd6365590f7404135bd554c7ae0d5e9,delivered,2018-03-19 10:12:27,2018-03-19 10:27:22,2018-03-19 21:08:53,2018-03-26 19:59:36,2018-04-05 00:00:00
26ce29b4d5e6092d390ba9937321346e,cc2073aec7e0f16d7ec50c7cce9a2196,delivered,2017-04-23 15:49:00,2017-04-25 08:23:28,2017-04-25 11:39:41,2017-05-03 14:16:49,2017-05-15 00:00:00
7fad77aba2a48a7099ce9f77f2ad7566,b5aba2a45ddad46456430db8fa088cae,delivered,2017-10-22 01:54:10,2017-10-22 02:05:33,2017-10-24 22:47:41,2017-10-25 18:58:13,2017-11-03 00:00:00
a0b49a0330e926df75d422934cc90cf8,2dbd11cc486db94c38e7e831243c7596,delivered,2017-08-03 21:31:40,2017-08-03 21:45:11,2017-08-04 16:07:52,2017-08-18 12:43:42,2017-09-11 00:00:00
4381a33db9b7771fc9ace541e507972e,19b8609422fb5136ea6a734a121c3eeb,delivered,2017-11-08 14:22:40,2017-11-08 14:36:01,2017-11-14 22:09:38,2017-11-20 19:19:11,2017-12-05 00:00:00
2a35865127abce2cb704864522b9710c,9beff3d24f580da0b790034bf800c976,delivered,2018-05-15 17:00:02,2018-05-15 17:15:44,2018-05-16 10:45:00,2018-05-17 14:56:29,2018-06-13 00:00:00
f71ce4353d49d780b5d363ebab16ac65,756b2e31ef20678aba1fc60beb13c2b7,delivered,2017-12-08 10:17:38,2017-12-09 02:39:19,2017-12-14 20:53:23,2017-12-27 13:28:59,2018-01-12 00:00:00
6bba56a94dd91fb13b3e8f412d518bbd,9542e64a3c9493a9cdc043af86a7f52e,delivered,2018-03-16 14:42:12,2018-03-20 03:35:43,2018-03-21 21:33:36,2018-03-29 16:31:46,2018-04-11 00:00:00
9d83685f52030d78be6112d861500ccf,4492aedc05bb37e4e724c2aeaf21e079,delivered,2018-08-06 12:59:58,2018-08-06 13:10:14,2018-08-07 15:08:00,2018-08-08 21:46:24,2018-08-09 00:00:00
9eb20359fd4673317b09e18e7c96476e,0e7c1297b25050b5f624ff53aa5e8c7e,delivered,2018-02-20 20:54:49,2018-02-20 21:08:29,2018-02-21 23:39:28,2018-03-15 23:12:07,2018-03-21 00:00:00
58e005414df700025a261e572c2a9fc1,9a8448971700f88cd9be5838b9ead071,delivered,2017-05-12 17:46:25,2017-05-12 18:02:34,2017-05-15 08:31:24,2017-05-19 09:12:53,2017-06-05 00:00:00
1ac07c9b7a1884eef11bf47d3630dd74,007a6cde976f335c04a22d7043dd23f0,delivered,2017-10-17 08:55:03,2017-10-17 09:14:10,2017-10-18 19:28:48,2017-10-26 21:11:33,2017-11-07 00:00:00
82e4be23c247d0fe56f0fb757a26ccd4,48a5aad743589b82d3c338f578e649a8,delivered,2018-07-06 12:10:05,2018-07-06 12:32:29,2018-07-10 13:06:00,2018-07-13 14:36:54,2018-07-25 00:00:00
aacae4c4d40057cea2f361c684f21c59,bbc9f2a768855a2c3184259d2d8d7047,delivered,2017-12-12 22:03:01,2017-12-12 22:11:49,2017-12-14 16:38:57,2018-01-08 16:59:13,2018-01-18 00:00:00
624c268e0f962ef1cbf0033ad522f675,bafa2b1bf446e21ad617511be6078573,delivered,2017-05-03 11:34:18,2017-05-03 11:50:29,2017-05-05 16:56:34,2017-05-23 09:29:34,2017-05-30 00:00:00
2e540bf01ae79edaf953cb61642d5d22,0a4f9b636589b313dfb812d24c71ec1b,delivered,2017-12-29 00:28:44,2017-12-29 01:00:30,2018-01-02 16:39:14,2018-01-16 18:38:08,2018-01-24 00:00:00
ddf152f3a1ae9f5a3b04e84c0ce0f139,e2ffe107e1af0d0e1d3e19e0dee88cc3,delivered,2017-12-04 16:34:11,2017-12-04 17:46:52,2017-12-12 01:55:32,2017-12-22 19:38:58,2017-12-29 00:00:00
5ca64dbf0d6d6aec2ad73e74b918de04,69b29f0663441d192e106a8dd6d04f0d,delivered,2018-06-23 15:39:09,2018-06-23 15:55:58,2018-06-25 12:33:00,2018-07-02 21:05:35,2018-07-24 00:00:00
809d874fcf0f3327664fd7eefe923676,0c1ef04b363af81d555ce9ba603b02f3,delivered,2018-08-24 00:07:22,2018-08-24 01:10:18,2018-08-24 14:10:00,2018-08-28 12:38:37,2018-09-03 00:00:00
5c31e5b017666e9ab6531ed55b5f87dc,6dfe8cd7e637b09f92abb7fb10d00854,delivered,2018-02-25 08:36:38,2018-02-27 04:30:57,2018-02-28 23:52:22,2018-03-02 09:24:47,2018-03-12 00:00:00
7704b08260c0c712a094d67e7320688c,6e973aad46c724df5f2cd72c7e1c5885,delivered,2018-06-17 09:47:12,2018-06-17 10:19:30,2018-06-19 12:28:00,2018-06-26 00:23:42,2018-07-16 00:00:00
a559cc2d2bc89f9eac193ae83969579e,404beeaac7834e583f80a31179f6d3f1,delivered,2018-07-05 16:18:39,2018-07-05 16:35:44,2018-07-06 08:18:00,2018-07-09 22:11:49,2018-08-01 00:00:00
e003d94282e5f1e45760dde794a8a173,1764be73caaed8c59deaeef7793e539a,delivered,2017-05-10 21:11:07,2017-05-10 21:22:27,2017-05-11 12:26:15,2017-05-17 07:12:26,2017-05-26 00:00:00
ab6087eb8ea6d8f8a36d6e787567bc64,955719867f907f671d614150a5436c10,delivered,2017-08-17 20:12:07,2017-08-17 20:55:15,2017-08-21 20:17:44,2017-08-29 18:16:09,2017-09-13 00:00:00
e4dfdab4dc28a8727655a0f0a19224b2,a01d949bbd7511dae0779da819c1d8ef,delivered,2018-05-24 23:34:05,2018-05-25 23:37:35,2018-05-30 15:14:00,2018-06-08 19:33:44,2018-06-20 00:00:00
b63fff1ef8b6201df68bb611ee41129e,8276de07ef25225d412b8462d73f8664,delivered,2017-04-02 22:15:27,2017-04-04 05:55:19,2017-04-13 16:28:06,2017-05-02 13:53:25,2017-05-08 00:00:00
807baffb5f8bb605f1218ead428cd8e4,76dd2e33346ff360e5cf6da8211027fd,delivered,2017-10-17 23:47:22,2017-10-18 00:49:19,2017-10-19 17:15:17,2017-10-20 22:07:32,2017-10-27 00:00:00
cecc2adb5fc43cab2bebdc7c23906c0d,7d8666e0148b50e626e90245b6583f54,delivered,2017-11-28 12:15:01,2017-11-28 12:37:17,2017-11-30 01:47:38,2017-12-14 15:00:09,2017-12-18 00:00:00
266a1f6959fbb6cd5b50201b10a0d46f,ad2645579addc9b0fbfbbbcd8eb422be,delivered,2018-04-15 11:30:25,2018-04-15 11:50:27,2018-04-16 17:21:46,2018-04-25 14:56:57,2018-05-07 00:00:00
9cac107eb297225b3dde9b28a2bff0ff,771177e66a083545a681bd14f8ec0200,delivered,2018-01-26 09:34:28,2018-01-26 09:53:01,2018-01-29 18:33:09,2018-02-06 20:09:06,2018-03-05 00:00:00
14ee9fe5d7494810335154bf7a536214,e9f061ae742ea1b4a8d80696914a806d,delivered,2018-02-02 12:47:49,2018-02-02 13:53:12,2018-02-05 16:22:47,2018-02-22 01:06:25,2018-03-12 00:00:00
86281718010866f6d3c332ca6ab63945,13751307ebce764ac230d4e0aba435da,delivered,2017-09-24 02:10:26,2017-09-24 02:24:10,2017-09-26 15:13:53,2017-10-06 19:06:11,2017-10-20 00:00:00
fcd173d025d9960fde973eb391a98e0b,7a6ab733eec189ed393786b92d3e563a,delivered,2018-02-07 11:36:05,2018-02-07 11:55:31,2018-02-07 22:12:49,2018-02-21 20:28:46,2018-03-07 00:00:00
3e7331c6f79569464882b059435d316e,da324dd532afe70ec2415aa1150e6e9f,delivered,2018-03-15 14:18:45,2018-03-16 14:49:52,2018-03-19 19:52:07,2018-03-23 00:48:42,2018-04-09 00:00:00
507a6db9c4fdc782cddab2d468782a97,4d7ad941ed874cea85682ddb323bd5f6,delivered,2018-06-05 18:48:27,2018-06-05 19:13:46,2018-06-06 12:49:00,2018-08-01 00:44:33,2018-07-13 00:00:00
7792343581cd5fc0e1956c59b543afc8,e5e1ef3244e1c4a4e288e0b16d9c030a,delivered,2018-04-13 18:40:31,2018-04-13 18:55:14,2018-04-16 18:38:49,2018-04-24 00:21:35,2018-05-02 00:00:00
16c10f91a6ab2448ed68859ce84a3051,085c6d6d684fb30e910b5bfe7ad61e59,delivered,2017-09-14 10:20:01,2017-09-15 02:26:35,2017-09-15 22:31:51,2017-09-23 15:15:04,2017-10-02 00:00:00
e6df4c16c39fc27fe106ce027883a408,17c36e02290b22045ae275705a45cbcd,delivered,2018-04-30 15:25:37,2018-05-01 15:35:24,2018-05-02 14:44:00,2018-05-03 17:52:39,2018-05-15 00:00:00
52c78ab2fcf49fd1ce67211ee597483d,f631b840468adb93e192259ece8b5c40,delivered,2017-10-04 12:05:11,2017-10-04 12:24:23,2017-10-09 18:38:49,2017-10-14 01:24:32,2017-10-27 00:00:00
4061c396aaea1c9eea40886a6f7de0ae,356a36d4020c95bf8fb700b485d15a9d,delivered,2017-06-24 18:22:55,2017-06-27 03:43:20,2017-06-27 13:10:09,2017-07-04 11:15:44,2017-07-27 00:00:00
f8501e8b6e75ee30e629780e032654d0,e9f0aa74e1e60481e4bbb016f90880dd,delivered,2017-11-18 11:32:47,2017-11-22 02:53:29,2017-11-22 13:46:47,2017-11-27 15:41:56,2017-12-11 00:00:00
21cf778cbc216b501945041921a3aed5,b4901835738908705ce4aa9c22ef91c4,delivered,2017-02-06 22:59:02,2017-02-07 22:15:13,2017-02-08 15:15:23,2017-02-09 14:48:45,2017-03-01 00:00:00
f6de04d6952711ce456cf1a8d553d313,12339325d85b18d50a3e1cdb7e422ebc,delivered,2017-02-23 11:37:20,2017-02-23 12:23:00,2017-03-01 11:32:49,2017-03-14 14:03:07,2017-03-24 00:00:00
84eb86f5f4ba017cd1644c27f6140424,a4cf14fbb8f3f98e90b586ff7fc19c01,delivered,2018-05-05 07:01:33,2018-05-05 07:10:12,2018-05-08 06:32:00,2018-05-28 22:37:46,2018-06-06 00:00:00
df147d110784e81110ece3cae5fafee2,15fbd33f76e4ccb6d4a8cf129f863e76,delivered,2018-01-13 06:24:46,2018-01-13 06:32:38,2018-01-16 20:32:21,2018-01-17 16:09:34,2018-02-02 00:00:00
2391d80f2ab2e4c4cc2ddd489c5ce8ea,c31d94d9defc6f3e1e0af713796acdab,delivered,2017-10-22 11:49:52,2017-10-22 12:07:16,2017-10-31 19:13:45,2017-11-03 22:43:43,2017-11-08 00:00:00
cca5b95a50a377212a9e834f2616c9ce,187ff0596594edb29010def3c1c85eb2,delivered,2018-06-10 17:08:07,2018-06-10 19:38:10,2018-06-11 14:32:00,2018-06-15 18:14:29,2018-06-28 00:00:00
545e4aeec01e2675dd302bbd4c5cd606,49accd6e9750c00a209489187feab7fd,delivered,2018-08-06 12:19:51,2018-08-06 12:35:20,2018-08-08 15:01:00,2018-08-16 22:34:48,2018-08-30 00:00:00
37f564e804d0f8ddabe57ae3d4f9dd9e,13c181daffbd6a69ae7707f87ceef9a2,delivered,2017-06-04 15:44:44,2017-06-04 15:55:19,2017-06-07 15:06:06,2017-06-13 13:18:18,2017-06-30 00:00:00
cc15fdac16a8e9226eae7423cda1ba45,63ef1bb30a3a15f90297210ac4cc6b6e,delivered,2017-06-07 23:36:26,2017-06-08 01:02:30,2017-06-08 17:22:48,2017-06-19 19:32:09,2017-06-30 00:00:00
6e005ed6792ec5ba81274fcf6ca4ec74,3a505956060a57454bb85ec3b62faa9b,delivered,2018-03-12 22:59:07,2018-03-14 22:29:53,2018-03-20 21:25:53,2018-04-16 20:11:34,2018-04-05 00:00:00
a44088d916b1cb5763921534c14f9a0d,8e7e85280f437070c500377689720d85,delivered,2018-02-15 15:17:24,2018-02-15 15:27:21,2018-02-17 01:12:40,2018-02-21 20:33:46,2018-03-12 00:00:00
417e44a3df3ce085aeafc1976354af8e,39b0a374b8bbb7f162a55a042a3c2f50,delivered,2018-08-04 10:45:34,2018-08-04 11:55:17,2018-08-10 14:13:00,2018-08-21 16:16:42,2018-09-03 00:00:00
d74c7ba612504db83fd0437803bc9b49,e22df40704bd9e5477ebd8f2194ff037,delivered,2017-07-25 10:52:22,2017-07-25 11:05:08,2017-07-26 11:28:02,2017-07-28 19:12:20,2017-08-14 00:00:00
9a1f747645cd5e7ebe3b0f98ac83661d,da68065e7b75e40c810a2668f302adad,delivered,2017-12-16 09:58:50,2017-12-16 10:13:48,2017-12-19 18:06:58,2017-12-27 15:53:12,2018-01-16 00:00:00
00fbcd8b120e5706c58b9d1a0026a7da,ff60d321ad354e757bb24fa7ae799676,delivered,2017-11-14 12:48:34,2017-11-17 04:06:37,2017-11-22 17:57:00,2017-12-06 00:51:28,2017-12-07 00:00:00
0bafeaa6d78ca1e9b198fe9a6d645306,4c35c98b5a1affc77279a0d51c4e4975,delivered,2018-04-16 20:07:14,2018-04-16 20:51:35,2018-04-25 14:30:00,2018-05-17 19:16:27,2018-05-10 00:00:00
a3de4437424406c7f28308d65d200f17,4e9217c5dfd97ced4ac2f769f8dd087e,delivered,2017-10-22 19:15:45,2017-10-24 03:56:19,2017-10-25 18:51:22,2017-10-31 12:22:17,2017-11-13 00:00:00
02dbd29bc7a490d582762fae9f0fd997,8aa4d935310fc9211fa1e78dcf74babe,delivered,2017-11-24 12:12:41,2017-11-26 12:11:19,2017-11-28 01:18:20,2017-12-14 01:52:01,2017-12-20 00:00:00
3e65d8271b054ca287c93d4b56c55386,6e4eb34e7f4d526a82726712aa17c02b,delivered,2018-04-07 14:16:30,2018-04-07 14:30:14,2018-04-10 19:12:10,2018-04-11 11:11:37,2018-04-25 00:00:00
010ef5b0279d7512e7343cb775e423c0,4b9e8cd034b45245928f0d55a4ed4310,delivered,2018-04-17 11:28:08,2018-04-17 12:15:25,2018-04-18 15:32:28,2018-04-23 22:41:07,2018-05-07 00:00:00
7ea599036acba8c4d180c9e2bedc6e9f,8b75ca702b00ca128f06c127c54992fb,delivered,2018-05-15 00:39:58,2018-05-15 00:55:24,2018-05-15 12:52:00,2018-05-19 11:12:22,2018-06-01 00:00:00
50aaee0222d8f029430e6be4270f235f,373786ad39deb133bdf553d5ac1ef89d,delivered,2017-10-21 13:09:09,2017-10-24 06:49:09,2017-10-30 14:12:48,2017-11-16 16:59:29,2017-11-29 00:00:00
5d70582531ed37f284797ba1354e0c50,2f6748db5d35abc0695076611514da0e,delivered,2017-03-25 12:57:33,2017-03-25 13:10:09,2017-03-28 13:52:36,2017-04-04 16:59:58,2017-04-18 00:00:00
d45f0fa94e18d02dd78bde9483dda1a3,6b1bbbe60de76836af0b66f5cc3d4a76,delivered,2018-05-20 21:52:30,2018-05-22 08:34:06,2018-05-23 15:34:00,2018-05-24 12:28:22,2018-06-04 00:00:00
c8209c0d2a92297dcfe3d8d71dfb551c,d9d2b41309d4a7d5c6e1819e1c724ca2,delivered,2017-12-12 13:30:32,2017-12-12 14:21:49,2017-12-14 22:09:30,2017-12-19 01:21:54,2018-01-02 00:00:00
4189d7b1c5bfba9152bf1ea5efab2be8,d5569ddc432b218bb223824c53f6ac9e,delivered,2017-09-13 22:52:25,2017-09-13 23:05:38,2017-09-14 22:24:06,2017-09-20 14:38:58,2017-09-25 00:00:00
607c1c3f926d9435d428d7aa7d52a1ed,905bd3fd513ac50ea6c8fa9dbedb9ca1,unavailable,2018-02-13 21:40:28,2018-02-13 21:50:51,,,2018-03-01 00:00:00
0b87d8d6c28694778a03498aefa389c9,c785736d6fb1a0a904195d7f5b709f12,delivered,2017-04-28 09:29:36,2017-04-28 11:47:00,2017-05-02 16:27:19,2017-06-02 10:13:54,2017-06-01 00:00:00
eb95d20e65f92b47748faa2b93841536,c1b8a840b30cd05d10069b83940a4585,delivered,2018-06-06 16:43:37,2018-06-06 16:55:49,2018-06-07 17:01:00,2018-06-14 00:34:49,2018-07-12 00:00:00
53e1d3495e1dfc693b4ed16c06b15877,c4aef2591cc55955459c2c4376ee5a43,delivered,2018-06-27 00:55:41,2018-06-27 12:33:28,2018-06-28 14:05:00,2018-07-10 10:04:35,2018-08-06 00:00:00
f5ef2dc393fb470c2dbd4293efcc160e,e44422753d631237a61e48be89adbbe6,delivered,2017-07-23 20:49:37,2017-07-25 03:45:22,2017-07-26 21:41:39,2017-07-31 15:19:42,2017-08-11 00:00:00
6bedc4d01425a571a86de3fb2b7452f0,b8e88388e911fd44511030aadba00add,delivered,2018-02-10 19:44:45,2018-02-10 19:55:47,2018-02-15 20:43:05,2018-02-23 20:52:22,2018-03-09 00:00:00
e82d894886abcae9bc58caf489ef9cdc,2780a5c4a40f30e3fb695bc67c9c782d,delivered,2018-03-05 04:54:52,2018-03-05 05:08:27,2018-03-06 18:38:27,2018-03-07 20:51:55,2018-03-15 00:00:00
8428e578bb1cf839ae26a6b7615502b9,9fb35e4ed6f0a14a4977cd9aea4042bb,delivered,2017-11-27 17:23:20,2017-11-27 18:01:20,2017-11-28 23:04:41,2017-12-08 22:16:17,2017-12-20 00:00:00
2d6ce36962726757ee9b668df71866e6,69948e830790a07c073b95fc3a7197a2,delivered,2017-11-06 12:02:40,2017-11-06 13:31:57,2017-11-08 17:55:39,2017-11-24 19:13:11,2017-12-01 00:00:00
fb4c1eeef06c08acb4e63c9091ab5c6b,90434cadb303b58ea7d9ce9b0cf62e2e,delivered,2018-08-07 16:23:50,2018-08-07 16:35:21,2018-08-10 08:57:00,2018-08-15 14:07:54,2018-08-22 00:00:00
733de62aedbce1c54c823764c3057e10,df9531c206eb4db24d7eeb5329666f36,delivered,2018-01-22 21:32:08,2018-01-22 21:53:10,2018-01-24 17:15:48,2018-02-06 16:46:52,2018-02-14 00:00:00
22cee08cd372f903b380852fdf75a1eb,3d41dceed696230a9fb71adee37c5aeb,shipped,2018-03-19 16:35:43,2018-03-19 16:50:38,2018-03-21 18:41:36,,2018-04-25 00:00:00
7b69c36bb030670f6cdf3f18ef627824,8a383b32730613dc413d8b0ee467d5d6,delivered,2018-04-12 19:21:52,2018-04-12 19:35:18,2018-04-17 00:27:52,2018-04-19 16:46:32,2018-05-10 00:00:00
1427ef2af9580d8d943b1f0ed1f8e050,06d7aa8448b8efdde1c5759cd97d211e,delivered,2017-07-20 16:01:14,2017-07-20 16:10:21,2017-07-21 17:43:29,2017-07-26 16:29:30,2017-08-09 00:00:00
d315aaded4fc920d8a98afbc7e9fb8e3,68e79cc3fee7ad5c306be406d94afec7,delivered,2018-04-13 20:36:16,2018-04-13 20:52:48,2018-04-16 21:16:52,2018-04-21 00:04:47,2018-05-15 00:00:00
801c9ccd75e8e357c127931aea53345f,5eec275acae50c310f4d901be1aa09cd,delivered,2018-06-22 20:32:36,2018-06-22 20:58:13,2018-06-25 12:31:00,2018-06-29 16:04:08,2018-07-24 00:00:00
59c85bd55f3914b2f9b2d5a4d1309b51,6ccd7d79b1a813f92dd1a202b11e2faa,delivered,2018-06-13 13:41:49,2018-06-15 02:37:39,2018-06-15 15:17:00,2018-06-19 17:59:32,2018-07-04 00:00:00
160420ae694e387c891a4443edb1466d,c95aedf32c57ea539d007fb0bbfbdff2,delivered,2018-06-19 08:44:39,2018-06-19 09:18:20,2018-06-19 15:56:00,2018-06-20 19:59:56,2018-07-11 00:00:00
dabe75dc242585e529fea2c265e70da3,77a0b2c7a3ad71cf37e7e006c8cf2d24,delivered,2017-07-05 21:06:33,2017-07-06 16:55:14,2017-07-07 18:04:00,2017-07-14 17:07:32,2017-07-31 00:00:00
2749f77db36d9cc4c4134d3f2a8fb413,139f722c66d050707de08f702b65cbd9,delivered,2017-12-08 12:07:54,2017-12-08 12:32:31,2017-12-11 18:45:13,2017-12-26 22:12:57,2018-01-09 00:00:00
e434f79ea884de16e5a8bf32afee5333,267f68f411fa32169472fa9b169a7238,delivered,2018-08-02 12:06:40,2018-08-02 13:05:17,2018-08-09 14:21:00,2018-08-16 16:37:47,2018-08-23 00:00:00
06dec2690e0cd75d327646a81fdba74d,0b8c055126a79bb506c592eea2ddb8eb,delivered,2017-01-29 14:30:57,2017-01-29 15:32:03,2017-02-06 10:15:38,2017-02-15 15:25:33,2017-03-13 00:00:00
564bf3fea35e87a7bae2d73a14f679cf,8b0bffcded3c6fc1514ab88b85d78d37,delivered,2017-11-15 11:28:40,2017-11-15 11:46:34,2017-11-17 14:15:55,2017-11-22 21:21:59,2017-12-05 00:00:00
cf788ee4258fde5130bb5651bda63918,2f1a3baba1b833c18c5da7b721b360b2,delivered,2018-03-02 16:18:31,2018-03-02 16:32:00,2018-03-06 01:33:12,2018-03-26 22:25:02,2018-03-23 00:00:00
5d84402a7baf6ad1743c1b3ad713a615,d2f345c9594e3687c8cec67d457d1536,delivered,2018-03-05 05:44:19,2018-03-05 22:28:56,2018-03-07 00:00:08,2018-03-07 18:10:24,2018-03-20 00:00:00
b35ba23bb1c421765752e07fc9a4e891,6aa32647012138b0c6cc0b2ea71cfd02,delivered,2018-06-26 00:41:04,2018-06-26 00:57:51,2018-06-26 14:35:00,2018-06-29 15:37:10,2018-07-18 00:00:00
440dd5b80f076b3133c25e668e4df168,715dd4e1d91653e1bb321fddac59b55d,delivered,2017-03-05 07:26:20,2017-03-05 07:35:15,2017-03-06 10:10:53,2017-03-24 15:52:43,2017-04-13 00:00:00
255384e909a649f030d466c74684ed80,2e1cea1baac7c5009630c0deb606f44b,delivered,2018-06-18 20:52:05,2018-06-18 21:17:50,2018-06-19 14:15:00,2018-06-22 18:02:12,2018-07-12 00:00:00
df4e9da89d40a57390fdc2eebce4e0e2,56962c37ea34a49e1e454eb4939b5587,delivered,2017-07-15 10:26:28,2017-07-18 06:15:39,2017-07-19 19:22:35,2017-08-02 23:49:40,2017-08-08 00:00:00
0e42d2ebc62a8ba6900096d9af8565a9,454c1eeaac06aef9e44e33d80b12bdbc,delivered,2017-06-25 23:20:52,2017-06-25 23:30:16,2017-06-29 17:37:56,2017-07-05 11:04:11,2017-07-26 00:00:00
5115750c51f268f7427daf3657d1a699,403bd0ad9f819c0c4c68d01e298da759,delivered,2018-04-20 20:53:39,2018-04-24 19:21:39,2018-04-24 18:18:42,2018-05-02 19:42:46,2018-05-15 00:00:00
545876d1d457c5b38d5f02aacfe12b32,171c87afa43ef26b2e59a3b0883f5a03,delivered,2017-04-25 10:07:40,2017-04-25 10:22:37,2017-04-28 13:11:52,2017-05-04 13:18:53,2017-05-16 00:00:00
fd9486ae13f513ac59c3f6c23bb003c7,b3533b37eba6b3bf4c05167aeac93673,delivered,2017-05-01 08:59:52,2017-05-03 11:35:45,2017-05-05 13:58:17,2017-05-10 09:13:50,2017-05-23 00:00:00
1047b7ef8d56907e4256da73c4734bc3,355e5cb41305ac7e8d9291fa1d3648c5,delivered,2017-12-12 10:05:59,2017-12-12 10:50:27,2017-12-15 23:39:11,2017-12-29 14:42:33,2018-01-05 00:00:00
dd26c70e6896e3faa053b43b35ba8330,2b8c2a8176b08fd269aa0f075938aad9,delivered,2018-07-26 12:12:08,2018-07-27 02:05:20,2018-07-30 12:32:00,2018-08-01 18:34:50,2018-08-15 00:00:00
15a5c3e66605b949f4fc77d747f8003d,53ed1b71c8f23d10c4a53e23d922bf75,delivered,2018-08-01 19:50:09,2018-08-02 19:45:21,2018-08-03 10:03:00,2018-08-08 01:08:32,2018-08-22 00:00:00
2c6eb22442df208a5449349806c54a92,98cb426b9331dc7b208e30be8f6166ed,delivered,2018-01-15 09:13:50,2018-01-16 03:40:08,2018-01-17 15:29:14,2018-01-31 16:36:59,2018-02-05 00:00:00
75f19ffdc366b3e66a822a7fafa0db05,69a08b6125c4dbe1e658f5410fa5be95,delivered,2018-04-04 16:44:39,2018-04-04 16:55:27,2018-04-05 15:42:48,2018-04-15 15:03:28,2018-05-21 00:00:00
a0187e7c7bf053267a1187e27e16e58a,096651928eb1bccf690c61c5bf74e7b4,delivered,2018-01-15 16:10:44,2018-01-15 16:31:13,2018-01-16 22:48:37,2018-01-18 14:46:54,2018-01-30 00:00:00
3dcd6dc6516ed823141649f1fee54303,343e60c28c010a14f60d1121ba11a054,shipped,2017-05-31 13:19:06,2017-05-31 13:35:09,2017-05-31 16:20:37,,2017-06-29 00:00:00
8ac915a1f508baa87e8fc8d596aa6fc1,018bda31a2c6bf06aaa67fc91f63942d,delivered,2017-03-13 16:32:40,2017-03-13 16:32:40,2017-03-15 14:37:51,2017-03-20 13:23:54,2017-04-04 00:00:00
46a679ffe9f1dfbb33d7e6795a2ed65e,376b09019901a4e8c4006c34cdb0d154,delivered,2018-05-03 09:59:53,2018-05-03 10:34:45,2018-05-04 15:01:00,2018-05-10 17:07:03,2018-05-25 00:00:00
3eee7c93497d482e7a3c335e325ea0ec,785d58277167fdb610325bd2cc317287,delivered,2018-06-13 07:47:48,2018-06-13 08:19:59,2018-06-14 15:47:00,2018-06-20 20:42:50,2018-07-23 00:00:00
416c0517339b4d34deb72cb7adfd908e,50234a251c35e59ffaba3b0a8342b37a,delivered,2018-07-26 00:15:54,2018-07-26 20:04:17,2018-07-30 12:28:00,2018-07-31 16:41:03,2018-08-08 00:00:00
ae51ca5d283359defc7f5ff6f471f1dc,d14a493255ac86931c7c838940cdaf6a,delivered,2018-04-09 10:00:45,2018-04-09 10:15:13,2018-04-09 19:19:09,2018-04-10 20:51:50,2018-04-23 00:00:00
e0fabe7fe363430bd4783fcc13c39c11,2a200e13a7681982e2babe7390030f1b,delivered,2018-04-07 18:30:52,2018-04-07 18:47:58,2018-04-09 19:44:29,2018-04-10 12:04:58,2018-04-19 00:00:00
08061d4bd888415d50ba941cbd4324da,a5730924c1643579117189f58ffa5e40,delivered,2017-02-28 17:10:24,2017-02-28 19:18:59,2017-03-01 13:41:19,2017-03-08 10:54:00,2017-03-20 00:00:00
d06d2fe1972261b71b6523b3e17be1bf,04a5bae61b84725c89e46444879d1f68,delivered,2018-02-08 20:35:39,2018-02-08 20:49:01,2018-02-09 20:57:53,2018-02-19 20:22:16,2018-03-06 00:00:00
84c6aab1664b33eb5607e118dc4bced8,cd308a85bd46a37859726a36c43ba71f,delivered,2018-04-02 14:54:34,2018-04-03 07:08:27,2018-04-05 21:42:07,2018-04-25 18:46:56,2018-04-23 00:00:00
9ae55c8f50cf083fff3ce944e72f93ac,b366147e3d75526b28797ddc2b03b6ef,delivered,2018-06-28 10:41:18,2018-06-28 10:50:36,2018-06-28 15:10:00,2018-06-29 20:46:52,2018-07-12 00:00:00
0f6b653ecd118489b9010c30444efe8b,64d813c1402f9ca0715be66c3830d250,delivered,2017-08-18 07:56:36,2017-08-18 08:10:14,2017-08-18 16:32:45,2017-08-30 14:55:00,2017-09-20 00:00:00
3f3f8127c7e0537f9f74550f3504f93d,bee149e10d51ea292fb297cbd35414a7,delivered,2018-06-30 09:51:07,2018-07-05 16:17:17,2018-07-03 14:51:00,2018-07-09 11:36:54,2018-07-20 00:00:00
ef8f0e3dd1d5294a7bbffc78a02a21b9,1febac15f771b57bdc7420f8b19176a6,delivered,2018-04-20 16:38:02,2018-04-24 19:02:39,2018-04-24 20:58:57,2018-04-28 13:11:17,2018-05-15 00:00:00
96a5fb2398277bfb8d2854443ac8bd26,5b9227180f4dc629fe89b99a3b211dac,delivered,2018-07-29 22:31:26,2018-07-29 22:44:25,2018-07-30 06:16:00,2018-08-02 18:04:41,2018-08-29 00:00:00
e5ac19b38666500c28341ce6d9bb889e,b041cec79db612cc381c5d8ab339fd99,delivered,2018-08-16 14:05:39,2018-08-16 14:15:26,2018-08-17 10:15:00,2018-08-20 18:34:42,2018-08-22 00:00:00
e23156a0a06f554615d0ea438a5914d0,d0c879710eef9c59675858a82f196f39,delivered,2018-07-01 22:01:45,2018-07-01 22:15:15,2018-07-03 06:33:00,2018-07-05 21:38:34,2018-08-03 00:00:00
40fceec24d509aa4b63f4b0ba9f2621b,d498b6125c1dfef15bd1ef7758b3d442,delivered,2018-01-29 11:02:53,2018-01-29 11:21:15,2018-01-30 19:55:23,2018-02-21 12:54:47,2018-02-21 00:00:00
73bc6db90951e4437a878190cc02c0fd,3708693adb269c482bfa8f7764e35b48,delivered,2018-02-09 09:02:36,2018-02-10 09:08:18,2018-02-15 19:33:34,2018-02-20 11:47:52,2018-02-23 00:00:00
2e97685820b5ee3efa8b213f18899387,f0c6d30998bca486c30fdd2796a1c2ac,delivered,2018-02-02 13:59:55,2018-02-02 14:51:55,2018-02-06 21:45:12,2018-03-23 23:26:54,2018-03-09 00:00:00
975d1705d55439b69ab5bdbe5195624c,92064efc73246b7a4f5051321f158897,delivered,2017-12-26 21:54:01,2017-12-26 22:03:26,2017-12-27 15:29:08,2018-01-08 16:52:34,2018-01-26 00:00:00
27f77f464517bf38aeed1e2f4ddaba87,3908f5f8c889e6903a48e309535ec85e,delivered,2018-07-23 22:38:13,2018-07-24 10:31:29,2018-07-25 09:07:00,2018-08-01 18:21:05,2018-08-13 00:00:00
e21eee73ab66fa66d563ed4ceff5f0a7,1701de86da9c0357f7fdbbae51e66c29,delivered,2018-08-07 14:58:25,2018-08-07 15:10:23,2018-08-13 15:26:00,2018-08-17 22:59:34,2018-08-22 00:00:00
a57f69a30b656e82f1c0a04f0f644e34,1d4a4c17dbdec7af9f63bc4261f2537c,delivered,2018-08-04 15:58:43,2018-08-04 16:10:16,2018-08-06 13:24:00,2018-08-09 00:18:33,2018-08-15 00:00:00
a38c072854d468d2cb7dd3aefde599c5,00c82b169fb6a103c5274dc731295a98,delivered,2018-04-20 13:04:09,2018-04-24 19:10:33,2018-04-25 12:43:00,2018-04-26 18:57:15,2018-05-04 00:00:00
39772b0c00ea1058ec90761ab94aee16,f406d9b337d8572b6816a3b6b163f552,delivered,2018-04-10 14:33:12,2018-04-10 14:51:05,2018-04-11 19:50:56,2018-04-12 20:07:39,2018-04-26 00:00:00
b2675dfd21a0a28ce21911879651b4d8,e1e2548b6530546bddddc6dc623c6281,delivered,2018-06-10 11:41:07,2018-06-12 04:35:48,2018-06-13 10:29:00,2018-06-18 17:05:39,2018-07-11 00:00:00
68442190a6c60659698fde46bcaf0e9e,929e321fd1897048b1bc0825d394f9ae,delivered,2017-07-07 21:13:47,2017-07-07 21:25:15,2017-07-14 21:51:50,2017-07-26 00:57:59,2017-08-07 00:00:00
eb9023b9c9f2c92ef54ee1b641b5c431,a7e2477559074ae9de9939c720f318df,delivered,2018-02-24 20:23:36,2018-02-24 20:35:34,2018-02-26 20:35:07,2018-03-10 11:22:47,2018-03-26 00:00:00
37def1f304d4a5cfd597d66b3a778e9e,52cbc1b147fea486193ee68db886f4ef,shipped,2017-11-11 17:22:09,2017-11-14 04:26:55,2017-11-14 20:35:14,,2017-12-05 00:00:00
75b64503e5bdf90fddcbdb6adc256516,b88b7689eba14a29896c654986bec727,delivered,2017-06-18 15:22:24,2017-06-18 15:35:07,2017-06-19 21:14:49,2017-07-06 09:33:02,2017-07-14 00:00:00
f8631b34c3dfdad3833c611007f62455,2c6d8106aedb66ddebb0220e5a260fc2,delivered,2018-04-23 11:38:14,2018-04-24 19:04:32,2018-04-24 20:04:10,2018-05-02 12:35:41,2018-05-14 00:00:00
469404dde93e111d4a7349b2608381d2,c7ee731467a6da2fa41787bcb6ce05f6,delivered,2018-03-05 09:45:16,2018-03-05 10:28:58,2018-03-05 20:20:14,2018-03-15 18:45:29,2018-03-21 00:00:00
5000d08e089db4f432f3982d25f483de,2acd802c888c02c8d2b550a0c7b357d4,delivered,2018-07-01 19:51:47,2018-07-01 20:10:04,2018-07-03 08:55:00,2018-07-10 19:07:36,2018-07-27 00:00:00
a341a07822f9eae416a6ed32e4509752,1a267b5671a26c831b4039b240e291cf,delivered,2018-03-03 17:49:10,2018-03-04 18:08:29,2018-03-05 21:33:04,2018-04-04 14:58:37,2018-04-03 00:00:00
892bc6b7b20e6f3955f2c64cfacac80f,15612247137c536251539392ed4e16c4,delivered,2018-07-14 14:41:44,2018-07-14 14:55:23,2018-07-17 14:49:00,2018-07-21 13:32:01,2018-07-30 00:00:00
a5bc76cff5020a123d1fdbbf26e06774,60968a8a342573e9f88a5507a0e322d1,delivered,2018-07-04 13:05:20,2018-07-05 16:24:48,2018-07-05 12:42:00,2018-07-10 23:24:44,2018-07-31 00:00:00
dcd37d4b107e3f9e086e4b0ff4d087e3,20c1c62e6d76d1efd0a6b78b5477191f,delivered,2017-04-04 19:01:02,2017-04-04 19:15:13,2017-04-07 13:14:20,2017-04-20 12:25:50,2017-04-25 00:00:00
67c03c278fad216ed9ab5573e8cc551e,4105eb02085967932bed76c39d8153a0,delivered,2018-02-08 18:30:47,2018-02-08 19:20:25,2018-02-16 16:52:27,2018-04-30 15:46:47,2018-04-02 00:00:00
cef25673fc64efd9564270760806eacc,310b2ccafef3236ae0d753c09ce26afd,delivered,2018-05-08 14:17:22,2018-05-08 14:30:34,2018-05-10 18:29:00,2018-05-16 22:14:41,2018-05-25 00:00:00
6c1b56e12310e446624917427d430c95,78dd48a05a217df468b6c598369075c9,delivered,2018-03-20 22:02:46,2018-03-20 22:15:42,2018-03-26 20:41:48,2018-03-27 23:28:45,2018-04-02 00:00:00
b1754d9afe2ab71961cf95f27257ab55,ed39eb2a370095119f9e4bfa282c7f57,delivered,2017-03-04 21:16:41,2017-03-04 21:30:11,2017-03-08 16:15:24,2017-03-13 11:34:28,2017-03-29 00:00:00
84295d74f40adb034c954659df22fded,7c2df1f7ce2d2e1cac99169abaca6b31,delivered,2018-06-06 11:10:35,2018-06-06 11:33:29,2018-06-06 12:34:00,2018-06-25 17:05:39,2018-07-24 00:00:00
d117f734dc931d9211a88825e4d8554e,99894d64cc603d4288c12feeea4cd198,delivered,2018-04-16 08:19:30,2018-04-16 08:35:30,2018-04-17 15:12:21,2018-04-20 16:02:43,2018-05-14 00:00:00
1cebcb9fc81f76f727c7be020cb6cb49,df60b6f129c54677f5862b3b7083f2e5,delivered,2017-12-25 09:17:47,2017-12-25 09:27:23,2018-01-03 17:47:03,2018-01-26 23:52:59,2018-02-01 00:00:00
690aced0c45baa76c7cb7b88f7113b0a,c3b9931b761f4233b0be7a70702284ac,delivered,2018-02-27 15:08:49,2018-02-27 15:29:46,2018-02-27 23:55:01,2018-03-01 00:46:00,2018-03-13 00:00:00
927b9b53e41f5c821e1ec7d7f8b01a16,9c408915b4181d278ff01d8746c8c943,delivered,2018-06-21 18:18:01,2018-06-23 01:15:53,2018-06-25 11:07:00,2018-06-28 18:46:34,2018-07-13 00:00:00
6d324f7246184ff9ac91728e4ade6ec1,89902f85c9a42d8c33cf4a1ee98e73d3,delivered,2018-03-27 12:28:45,2018-03-27 12:47:36,2018-04-02 14:28:45,2018-04-19 16:46:30,2018-04-17 00:00:00
4ab89d9dbd3924ff720ba734b538956e,1156f4f97cb65122bcc46ac87bc72740,delivered,2017-11-22 11:18:24,2017-11-22 11:29:22,2017-12-01 20:18:35,2017-12-15 00:52:02,2017-12-13 00:00:00
fcef6b2702ddfbf4e13823c52d95627b,a904dc26e7794ac3fb871bc49195d70d,delivered,2018-06-05 20:04:09,2018-06-05 20:15:19,2018-06-13 15:08:00,2018-06-20 00:33:05,2018-07-16 00:00:00
ea25b59c25bc728231bbd0e8b6134ef1,7f399d641e2e2064470145178c9e8778,delivered,2017-05-18 16:27:03,2017-05-21 10:35:16,2017-05-22 11:05:04,2017-05-26 12:05:39,2017-06-09 00:00:00
b86cfc8954834fab221b340aae0d49a8,902bcd9fc27e575f2c7535ed2e57d620,delivered,2018-02-04 02:24:39,2018-02-04 02:35:30,2018-02-05 19:41:53,2018-02-23 18:46:07,2018-03-15 00:00:00
55a479bf08c3471a0ba7dc91746f2557,a610735ee9b5d6a27318e3fc58ea14ca,delivered,2017-06-26 13:55:45,2017-06-26 14:10:16,2017-06-26 15:17:37,2017-07-10 19:11:56,2017-07-20 00:00:00
30593e75030fe6f0927c50b59d997305,a99bad98823fb5fd025c8cec24159b52,delivered,2018-02-06 22:19:06,2018-02-06 22:31:34,2018-02-07 17:29:29,2018-02-09 13:48:59,2018-02-22 00:00:00
02ca7369ae10c2f90a73b79be24387cd,487681f69a60358b365e3e615b072f4a,delivered,2018-04-25 09:13:43,2018-04-25 09:33:16,2018-04-26 14:33:00,2018-05-11 22:07:27,2018-05-25 00:00:00
5d052bba15113c0ee4700d9916844605,f37806b39c94c4f2955426d5de77b4fe,invoiced,2018-07-16 10:15:36,2018-07-18 05:30:38,,,2018-07-31 00:00:00
ad2366f215c672f85bfba7336350ee8b,04766c84e9c55280866c5adb180dd21c,delivered,2018-01-04 14:15:24,2018-01-05 02:33:36,2018-01-05 23:14:36,2018-01-22 16:37:05,2018-02-05 00:00:00
2297a47ed15e99116ac68cdb390cd700,65f66bced8bf7a1879abfeef1efd54e7,delivered,2018-04-04 19:21:32,2018-04-04 19:35:19,2018-04-05 21:56:47,2018-04-20 22:22:14,2018-05-02 00:00:00
d8af0191c574aef677e1530618925317,2f372ae7d95e2779ee17f613fab6d60b,delivered,2018-03-25 12:13:41,2018-03-25 12:27:54,2018-03-26 19:41:01,2018-03-29 16:04:17,2018-04-12 00:00:00
7ebf85bfac2ce83f0e584e02a6f225b4,db0e1df144d773611064d46bb16e33b1,delivered,2017-05-06 11:33:11,2017-05-09 09:50:14,2017-05-10 11:58:09,2017-05-16 12:44:55,2017-06-02 00:00:00
0eb4df6bfdca047c300acf9d25b04391,2aa931dd6ed277f3b1a2462e80d59fc5,delivered,2017-11-19 14:10:05,2017-11-19 14:26:15,2017-11-28 17:13:33,2018-01-17 21:05:00,2017-12-19 00:00:00
ba7cd78ca5cc6ad6a8aa23fd95de7f6b,a8c79760eca9c3b963886d9511cfbef8,delivered,2018-08-07 12:12:03,2018-08-08 08:50:20,2018-08-08 11:51:00,2018-08-21 01:17:29,2018-08-30 00:00:00
2b3291e4a5989aa74da08124229301dd,acaa5bdb7459498e16b8f342bfd3b673,delivered,2017-11-28 19:20:13,2017-11-28 19:35:36,2017-12-01 17:06:58,2017-12-06 22:43:35,2017-12-13 00:00:00
0199edc5b01351df8e73a674aa473ee7,669fa2dbff38c196161e330c91842143,delivered,2018-03-26 19:33:09,2018-03-27 04:10:16,2018-03-27 23:43:08,2018-04-03 19:38:37,2018-04-12 00:00:00
ba56a5684dac89a26445f7aca74c556f,a59c9f9ebbbaf186f4a1049572b84793,delivered,2017-05-14 19:12:49,2017-05-14 19:22:23,2017-05-16 12:03:22,2017-05-20 07:14:50,2017-06-07 00:00:00
6f6fb5a1685d21efac70b753fd9f70a3,86f4256cd3618d9110edfb952a008c65,delivered,2017-10-10 00:07:07,2017-10-10 00:14:25,2017-10-13 19:19:01,2017-10-17 00:14:50,2017-10-23 00:00:00
bca6973318908880784628d67b5ac023,de5636a5bc58bd6f768056b29a4b1fb4,delivered,2017-12-13 14:32:53,2017-12-14 19:47:18,2017-12-15 23:41:49,2018-01-04 20:43:38,2018-01-08 00:00:00
dfc7641abef4e3145eb2f9817c95dd46,0042d04ee8231b36dcb29aac213f5db4,delivered,2017-04-10 21:59:56,2017-04-10 22:10:19,2017-04-17 12:04:56,2017-04-20 12:30:20,2017-05-04 00:00:00
15751f20a5f6aaa3d32357f9b19cee4a,171e18740969366355f33770c9281b39,delivered,2017-12-20 13:12:41,2017-12-20 14:31:37,2017-12-28 17:23:39,2018-01-04 17:17:25,2018-02-01 00:00:00
8f6f263a5e96515d5534199b74cb7748,2a1f6d64684615ad73ce7d05586115ed,delivered,2018-03-05 12:56:33,2018-03-06 14:50:59,2018-03-16 12:12:44,2018-03-22 22:56:29,2018-03-21 00:00:00
97c03a7db982e3af99d766bac1aadc7f,cb6623755c5572877aa65de62c147da8,delivered,2017-11-21 15:22:12,2017-11-21 15:28:25,2017-11-22 23:51:26,2017-12-20 09:36:50,2017-12-20 00:00:00
1911d0f0f31e05d14c9e1f82c069f550,610fec793d32685ac025e21dc3aaae71,delivered,2018-07-07 15:41:41,2018-07-07 15:55:13,2018-07-12 13:50:00,2018-07-23 11:20:42,2018-07-31 00:00:00
abe83805a67ed7f77964c988b79f5598,2b134b9db1de9df1353432128c8d29ac,delivered,2018-05-10 10:39:08,2018-05-10 10:56:41,2018-05-11 09:41:00,2018-05-18 12:38:46,2018-05-24 00:00:00
f20149c97a729f673c9dfdcb181f8b97,4785457a74ce730e32aeb085b9dc08d9,delivered,2017-09-14 11:12:33,2017-09-16 02:50:26,2017-09-18 20:55:59,2017-09-21 18:18:53,2017-10-04 00:00:00
c22f4ba5610aa110fb73444de7600a2e,ed7c9514731cc85c9cd18dbf8115e8b0,delivered,2017-09-28 15:52:46,2017-09-28 16:07:11,2017-10-02 21:32:24,2017-10-10 20:57:43,2017-10-25 00:00:00
c118740a09411f06ab15de06c2623c7d,403a14a4926a6ca3866cfb494cfefc20,delivered,2018-04-11 20:55:49,2018-04-11 21:10:15,2018-04-12 22:34:35,2018-04-20 20:37:35,2018-05-04 00:00:00
535c025843acd3d8c280a3b32f77a1f9,1c3515cb387a43da4c50cc8e76b90af0,delivered,2018-05-15 16:53:49,2018-05-16 03:33:58,2018-05-16 15:06:00,2018-05-17 15:58:39,2018-05-23 00:00:00
3b45662833aa40143c9b91554adf7a0e,7efe476e8b83bd3a931a19c3f600a775,delivered,2018-05-12 15:07:33,2018-05-12 15:22:55,2018-05-14 14:00:00,2018-05-28 20:38:51,2018-05-29 00:00:00
0f4b2457d1334bf89f2227405e775293,ce1cc0a75364fd2ec2c90648453e787c,delivered,2018-06-29 17:41:36,2018-06-29 17:50:44,2018-07-03 15:28:00,2018-07-09 23:41:37,2018-08-03 00:00:00
53a9376a425911091015328b99a61207,fb86836eceb4ad5ed851ad516492992d,delivered,2017-05-22 19:27:23,2017-05-24 03:03:08,2017-05-29 09:04:02,2017-06-01 16:47:29,2017-06-02 00:00:00
56d1f75d4f625ce5ac6ab30d22cc35fa,ca9e9193c9f55069cab89ec9536f24db,delivered,2017-05-19 21:06:12,2017-05-23 03:42:28,2017-05-24 12:07:13,2017-06-06 12:22:53,2017-06-12 00:00:00
9ad64fee55d24429134f71a2955bc677,59f1d52390a00b2dd217bc83dea3aac0,delivered,2017-11-25 19:08:13,2017-11-25 19:18:37,2017-11-28 20:02:42,2017-12-01 18:33:54,2017-12-11 00:00:00
4eb1c1f420809094b480338758a8169f,45caf610c28d6422b622f8c0c47b1193,delivered,2018-02-08 20:51:00,2018-02-08 21:08:41,2018-02-09 22:12:56,2018-02-19 21:18:39,2018-03-02 00:00:00
3069c59ca4d7b71a93c01aa815b34ec3,f73053e66b18d5fa21d725a636bc68ef,delivered,2017-12-13 12:37:46,2017-12-13 12:50:32,2017-12-14 17:38:55,2017-12-22 18:48:04,2018-01-08 00:00:00
9de3ed40082af7692bf48b0a9126b5f9,8405dbe4e44fefd4597703d00855cbc7,delivered,2017-11-26 20:09:34,2017-11-28 20:15:46,2017-12-09 00:12:31,2018-01-03 19:34:18,2017-12-29 00:00:00
f78bc33515cdbf29e0e8c8d86ae6f219,fc0133869f49949a627e38412c914f0b,delivered,2017-12-09 23:35:06,2017-12-09 23:50:29,2017-12-13 20:29:14,2018-01-09 16:18:11,2018-01-09 00:00:00
dce6e6e08da879e6d93f45db4f137eae,74e2a58bc952380a0f28b1d9686cc8ae,delivered,2018-01-10 10:59:30,2018-01-10 11:11:22,2018-01-11 19:43:45,2018-01-17 16:09:33,2018-02-07 00:00:00
e3f36e2bde7883f92b8fe4b30e166321,80242c91ddfa33f978e5ea91a1a053bc,delivered,2017-10-13 08:29:52,2017-10-14 18:34:47,2017-10-16 20:25:42,2017-10-24 14:46:11,2017-10-31 00:00:00
c81ac01b43070a78c7039041dd0578af,c28f25ff63f6e64318f04142b8220093,delivered,2017-08-01 22:40:02,2017-08-01 22:55:13,2017-08-07 17:57:49,2017-08-17 20:22:23,2017-08-25 00:00:00
2a236d408cbbdc06f6019be47dbab042,9a95d672b3ebf11420d104a1838e2788,delivered,2017-11-02 11:10:32,2017-11-04 06:50:24,2017-11-07 11:47:28,2017-11-16 21:18:42,2017-11-29 00:00:00
eda6dfcb0628b8c84aa77ad2d79ed78b,4a5f75786d4070ba4c6ba66c37b6b007,delivered,2018-04-05 13:27:20,2018-04-05 13:48:42,2018-04-05 22:58:28,2018-04-13 23:05:53,2018-04-24 00:00:00
204618d5b8734931d5988bf6c4827e48,d7244bf822c9028b0c0635c1e3948047,delivered,2018-02-28 15:28:01,2018-03-01 15:35:47,2018-03-03 00:22:47,2018-03-14 12:21:21,2018-03-29 00:00:00
40516474d4dead1446fa9e9ae60d233a,59e7eac5aa0ac369fae8fd25b9248058,delivered,2018-02-08 08:39:50,2018-02-09 10:11:51,2018-02-14 19:22:46,2018-02-27 23:02:01,2018-02-26 00:00:00
8ac6e77e1c72888c65cbe9e246fac46b,3c23b9abaaff0ca38f4116be91be60dd,delivered,2018-04-09 22:05:32,2018-04-10 00:15:59,2018-04-11 16:39:00,2018-04-24 22:06:36,2018-05-07 00:00:00
b94ed56e7cf14b4a7e4b2deb37eb7344,06681f8d9c32da6c220bfee448bc13f0,delivered,2018-08-09 21:19:01,2018-08-09 21:30:21,2018-08-10 12:34:00,2018-08-17 14:45:06,2018-09-05 00:00:00
0e69198c87f4da026d7daf96d91b194d,c66385e8fa584c0c9af80ffa0408b3c0,delivered,2017-05-13 22:22:03,2017-05-13 22:35:13,2017-05-15 14:21:49,2017-05-21 09:47:56,2017-05-24 00:00:00
be3b5139d2f6babd057f6f5d98bb1b3f,97dbcf3e4d5eb4fe2bbbf92d9e64083f,delivered,2018-02-27 22:18:18,2018-02-27 22:30:28,2018-02-28 17:49:06,2018-03-21 16:49:39,2018-03-21 00:00:00
47d7bd38284cac71afd4fb618c810b6b,c0d62b7f7cbf132ac5b63980cae215e1,delivered,2018-06-06 18:37:14,2018-06-07 18:36:15,2018-06-28 11:54:00,2018-07-02 21:22:23,2018-07-12 00:00:00
a433f43c39b2899cded8d987e2995c3c,6a20bfff0b7d52cbf95122d265fd6d3e,delivered,2018-03-03 17:03:59,2018-03-04 16:55:58,2018-03-05 19:33:31,2018-03-19 23:32:01,2018-03-27 00:00:00
912ee91a09a8aa31ebaea1dd72a03338,750619a6b23aba34dd4aca4bf16ef038,delivered,2018-06-18 11:54:08,2018-06-18 12:37:15,2018-06-20 12:27:00,2018-06-26 20:48:48,2018-07-16 00:00:00
3704d17afc13e380638fecad7d62950b,9abeef2af5c5ee50b19526deb79ab09d,delivered,2017-12-12 22:24:54,2017-12-12 22:35:46,2017-12-19 17:35:35,2017-12-22 17:08:05,2017-12-29 00:00:00
c1b556dfb56a3302a7d965e0da3d5e11,5f8ccc8699533641733dbea1fb6240ed,delivered,2018-05-05 21:14:48,2018-05-05 21:33:09,2018-05-09 15:48:00,2018-05-15 01:06:27,2018-05-28 00:00:00
d71ab635f3b4f2f570959c702bafd4b4,8edd4b2eccfe220bfddb9cd005aef734,delivered,2017-05-13 17:06:32,2017-05-13 17:22:37,2017-05-15 10:27:42,2017-05-18 09:17:00,2017-05-31 00:00:00
e68fc011bb042df40be9a8a5c437fc16,84ee6b8989bc8d3a47741cb014fb701e,delivered,2018-02-21 09:50:24,2018-02-21 12:05:32,2018-02-28 12:54:55,2018-03-13 01:48:59,2018-03-13 00:00:00
1d2518947fc063827004a375094fb10e,3c5671aa7639d2fb63452327a4664704,delivered,2018-01-10 16:42:22,2018-01-10 16:49:36,2018-01-12 21:03:43,2018-01-18 13:47:04,2018-02-02 00:00:00
88765c7c25c8dd40cefcd887f3c8cd8e,69ad7c75c00e77e4a1385cf071fcc95d,delivered,2018-07-10 12:29:11,2018-07-10 12:45:39,2018-07-12 14:24:00,2018-07-23 18:32:20,2018-08-14 00:00:00
b90cc9e10252911c2092a1e49794aa13,6e1a602109cbb0df79760cab3a663991,unavailable,2018-02-07 11:42:41,2018-02-07 12:10:31,,,2018-02-23 00:00:00
34a114524c5f794047b202c0c85f3a17,6b046aaff7c534e92afaf2b90a8bb490,delivered,2018-07-19 10:26:52,2018-07-19 10:35:21,2018-07-30 12:58:00,2018-08-02 13:52:39,2018-08-06 00:00:00
b0cefae8126a97c2348f53ba5aebd506,e1028380a416953a189b17d94ff1896e,delivered,2017-11-24 06:13:31,2017-11-27 11:35:35,2017-11-27 20:40:05,2017-12-02 12:03:25,2017-12-19 00:00:00
3c0a214a5ba7ab90427502f4d578b659,eee1fb0fa6908e9fe26266ba3b149653,delivered,2018-04-01 20:34:04,2018-04-03 05:50:23,2018-04-05 03:07:44,2018-04-11 20:08:39,2018-05-15 00:00:00
b62c9d7c54bcbba4952040001348e00c,f7d8593f21cd130734e1c9da45f32924,delivered,2018-04-13 15:07:30,2018-04-13 15:32:52,2018-04-20 19:46:35,2018-04-24 16:48:48,2018-05-10 00:00:00
43d728eec3870f49879d83353cf245d8,e8c392c20c1239beefee7e67fa598f44,delivered,2018-02-15 14:17:46,2018-02-15 14:30:23,2018-02-17 00:24:56,2018-02-18 19:22:42,2018-03-02 00:00:00
5f082c0821ef7e1812362878c7268aef,31dbc13addc753e210692eacaea065e4,delivered,2017-11-18 00:58:41,2017-11-18 01:15:33,2017-11-27 15:42:37,2017-12-29 01:48:17,2017-12-28 00:00:00
a22bb4b44152c9a83688e2a3652d2154,9d08902b64a84c29f9f22de946be37c8,delivered,2017-09-30 21:12:03,2017-10-03 03:56:24,2017-10-03 21:06:30,2017-10-17 20:33:45,2017-10-31 00:00:00
26258cbf6d2a9914460dcb10876cfd01,2a71f0f553e5ed3a56fdbaf9e41f4f5c,delivered,2017-02-12 19:15:33,2017-02-12 19:30:16,2017-02-14 09:44:50,2017-02-21 14:42:52,2017-03-14 00:00:00
73b378f4b10f5210636e40c6f96fe51d,2d23c506ea096fbef6af8adfdee0121c,delivered,2018-02-24 21:09:56,2018-02-24 21:28:19,2018-02-28 23:04:31,2018-03-09 14:12:29,2018-03-19 00:00:00
bedcad246f8051ae66375615a3824588,dd3de1d94c4a7be4f1be8984e936f004,delivered,2018-07-26 14:15:06,2018-07-27 02:15:25,2018-07-27 13:37:00,2018-08-02 22:42:33,2018-08-15 00:00:00
0ed61f5ab3280ff43b157a6e91942538,676f55d05b1059070b493c5e9e741917,canceled,2017-03-29 19:56:47,2017-03-29 20:10:17,,,2017-05-12 00:00:00
d97670cc7c039da62e3bf444647fb307,007ff1d42a6a44f0e16e18d2d7d5f72e,delivered,2017-03-30 18:55:59,2017-03-30 19:10:13,2017-03-31 12:31:14,2017-04-07 15:10:18,2017-04-24 00:00:00
d2f87ac39d8b31e615528ca52e5c8434,4d32030a76802b9be08e025783f041d9,delivered,2018-04-04 09:12:02,2018-04-04 09:31:31,2018-04-05 17:05:11,2018-04-10 15:38:49,2018-04-20 00:00:00
6f28feea2823c775f5b8110ccf4fe754,338fad4bbe7bbf239e0077d785f8ca18,delivered,2018-03-24 10:58:59,2018-03-24 11:40:27,2018-03-27 23:16:59,2018-04-18 21:03:45,2018-04-23 00:00:00
9bd837f7b2734bea1bb928fefebb8c91,be5a493a772f5d77e1a9ef3b791176d2,delivered,2018-05-08 21:06:47,2018-05-09 21:15:37,2018-05-10 22:26:00,2018-05-12 16:08:49,2018-05-16 00:00:00
82bc67125dc0c2f0f348a1ec55ade2d8,3bd4f41537ca88b0dafb14f5760a5f29,delivered,2017-08-08 14:44:04,2017-08-10 03:25:49,2017-08-11 16:01:21,2017-08-18 17:23:13,2017-09-01 00:00:00
895dce73de79888b14581541cf3a811b,ae546948bceb228b6f6a1980f9c28aca,delivered,2017-10-27 13:26:59,2017-10-27 13:48:09,2017-10-30 21:07:01,2017-11-06 17:51:29,2017-11-17 00:00:00
d225169bf3bcbe1def3db868a96d69b4,7d85ef5a8f64781a9b17a811b88e3175,delivered,2018-07-30 22:37:18,2018-08-01 03:31:45,2018-08-02 13:33:00,2018-08-08 00:16:38,2018-08-16 00:00:00
a5543e119a631f1be4191fbc2c5e1e07,d9d0060f76a6e87bf45958860a1a4d4e,delivered,2018-08-15 20:21:01,2018-08-16 03:30:22,2018-08-16 11:47:00,2018-08-23 18:43:31,2018-09-10 00:00:00
023ae47e11483bdb8aa35fa4662aee1c,a4856ab766d5bbc379fd5c770def82e5,delivered,2017-04-10 12:41:33,2017-04-12 02:43:05,2017-04-12 16:32:29,2017-04-18 16:50:30,2017-05-05 00:00:00
199333052066b5ab18aeb76df7c69429,4794e0e0c79bce9810e1f1203c2ca5bd,delivered,2017-12-07 23:10:56,2017-12-09 02:35:28,2017-12-12 23:28:42,2017-12-29 16:39:06,2018-01-08 00:00:00
dfca157c259bcbad0d55ee3af5df9fa6,de0868e2866ed609cf852c4eb0678613,delivered,2017-08-19 12:11:04,2017-08-19 12:25:11,2017-08-24 21:04:18,2017-09-02 14:35:12,2017-09-22 00:00:00
8006a29212bfc6b554bdb445427822bf,47789d830accc4d8e76363591e2e5a1d,delivered,2018-02-11 12:04:28,2018-02-11 12:15:31,2018-02-16 23:08:01,2018-03-05 19:45:42,2018-03-27 00:00:00
176e0d39e50430555a62ad6d1bb9c25b,60f9275680a519d57e8a22917c30734a,delivered,2018-07-29 14:18:35,2018-07-29 14:30:14,2018-07-30 10:13:00,2018-08-02 20:08:50,2018-08-27 00:00:00
6081e66cc1fc92a9f303a8f878f5be36,35c9380e2703e3ccb9115042c7cb40c2,processing,2017-03-02 01:33:22,2017-03-02 01:42:03,,,2017-03-22 00:00:00
568360f5a6800365ddcbe2fcf69fdbbe,505e0370f6fa6332751d13b2f8b34030,delivered,2017-11-23 18:42:22,2017-11-23 18:48:25,2017-11-27 20:33:45,2017-12-12 21:14:39,2017-12-14 00:00:00
cd69c22f5105b415669c70af74584c86,799ab180cdad13095179c83089b9c94d,delivered,2018-03-16 16:38:36,2018-03-17 02:40:41,2018-03-20 01:53:33,2018-03-21 20:05:09,2018-03-28 00:00:00
041e2854aac3d7cc5af940995ac6be0b,520352d4097142d3c9aae9b7eead7fd7,delivered,2018-04-26 21:23:34,2018-04-26 21:50:19,2018-04-30 16:40:00,2018-05-14 14:13:43,2018-06-11 00:00:00
25748bf4790c5ff77d7f5f283fde9129,e4bc111ff6a3672e3fb0a57fe96fa29d,delivered,2017-07-04 18:39:24,2017-07-05 17:43:11,2017-07-06 13:54:25,2017-07-14 18:25:46,2017-07-28 00:00:00
deaa1c47a15030a3ccb5af381fa16da3,3cc142fd980d48f4c5ab6708c39e11b0,delivered,2018-05-05 14:16:58,2018-05-05 14:30:12,2018-05-08 14:25:00,2018-05-12 18:52:00,2018-05-18 00:00:00
74a6b2ad7f46bee735d4ea83a022cf3e,b206d6bd13d979abe18b116225e551d2,delivered,2018-03-02 21:07:35,2018-03-03 02:51:24,2018-03-06 18:36:23,2018-03-20 22:03:23,2018-03-22 00:00:00
32227aa032d4d26f76e2d1b47fa3014f,425997e2880eb20c074277b1018c8c06,delivered,2017-05-19 15:25:35,2017-05-19 15:35:16,2017-05-24 15:39:52,2017-06-26 11:46:45,2017-06-12 00:00:00
975762e8331635cb22c551ef99427867,c3d2dc3bd2201a26de36bc82a4b0e3f4,delivered,2017-05-18 19:41:57,2017-05-18 20:20:04,2017-05-19 13:07:25,2017-05-29 10:43:47,2017-06-09 00:00:00
133cc4a787cd3b46ae3b9b19b3a6c135,d8b4cfef6d141610bc76d1682fb2df7c,delivered,2018-01-05 22:42:06,2018-01-05 22:53:28,2018-01-08 19:32:49,2018-01-11 19:29:32,2018-02-15 00:00:00
9da95e5b2fd14284851567baca5a43f5,d2841a2495705792a3a658ae4e3e1b79,delivered,2018-03-29 20:25:37,2018-03-29 20:35:26,2018-04-04 03:28:35,2018-04-13 22:12:05,2018-04-19 00:00:00
eb5f1eb411fccd8696f979bcf81bb92e,3936a4ba8bf001770c912e8cac8fe8e7,delivered,2017-02-15 17:11:08,2017-02-15 17:23:29,2017-02-21 14:23:24,2017-02-24 09:54:02,2017-03-22 00:00:00
e09b9e96eeb0f9e3351ee58b00dabfd5,7ce9891b75e0689350d20da70cd08eb7,delivered,2018-04-27 14:04:53,2018-04-28 03:15:33,2018-04-30 11:32:00,2018-05-24 02:58:41,2018-05-24 00:00:00
8a01d373ee6ec9c5f0a674fd7d0a2d38,554fd6766127eeaccbca99b45656212b,delivered,2017-05-29 22:35:39,2017-05-29 22:50:09,2017-05-30 13:02:16,2017-06-02 12:56:08,2017-06-19 00:00:00
404b2949c065b6dbade2af97cfa93527,8ae31420d64c380a94cd26face788abb,delivered,2018-05-08 16:45:13,2018-05-08 17:11:34,2018-05-09 14:43:00,2018-05-15 18:54:38,2018-05-29 00:00:00
6589f771e13f9a378a625ea0cea60816,d7d34c489950e92bcf11fa758dbf6d1a,delivered,2018-05-14 00:01:30,2018-05-14 00:15:19,2018-05-14 15:25:00,2018-05-16 20:16:40,2018-06-18 00:00:00
0c65b54ed2c147ffd0092eb2308ee63d,0aae2862f8eac77f10a34f44860720ac,delivered,2017-03-23 11:07:12,2017-03-23 11:07:12,2017-03-24 10:36:22,2017-04-04 14:58:07,2017-04-13 00:00:00
34a9a98676d240a885b690f92ef1b430,ee5d17d6f2cc680e2a43b6751e6ac93e,delivered,2018-02-04 15:29:34,2018-02-05 11:35:48,2018-02-06 19:26:47,2018-02-19 22:57:07,2018-03-01 00:00:00
a34f7357d374e2ef18edb18881327a0e,17b0a5b70ea69cbaa9623c8946d85bc2,delivered,2017-12-13 16:11:14,2017-12-13 16:31:42,2017-12-16 11:41:53,2017-12-23 18:03:03,2018-01-09 00:00:00
1f6ef8d84ea50c073459dc2a75f446d0,98b5548b027bd06219831627376d7bb6,delivered,2018-01-09 11:09:53,2018-01-10 10:32:17,2018-01-11 00:46:31,2018-01-12 20:11:49,2018-01-26 00:00:00
547f2652ebd95d8e369d22057e1035a2,aa31cb4c8f89a13e357f2fb946a14d9d,delivered,2018-03-31 18:04:13,2018-03-31 18:15:13,2018-04-02 20:12:16,2018-04-17 22:36:36,2018-04-20 00:00:00
893a4c6dd6508b5e0db4f76986f77a3c,1170a75d754e142998178bf65a646fdf,delivered,2018-01-29 12:49:14,2018-01-30 04:31:19,2018-02-02 15:52:02,2018-02-20 15:19:32,2018-02-23 00:00:00
5914b571e2efd1eca2e2d5dc0a50f155,89b4427a50c31a3a75b286ec4494ae6b,delivered,2018-04-23 21:17:41,2018-04-24 18:22:56,2018-04-24 16:36:40,2018-05-15 16:17:33,2018-05-22 00:00:00
4ec007fa66327a51919a32d840b49395,37495158e596d9ed20f3a53e8beab81b,delivered,2017-10-15 13:09:03,2017-10-15 13:26:18,2017-10-17 16:35:53,2017-10-25 18:29:42,2017-11-03 00:00:00
2cdcc5a4a3365e4e73abd4d0774f8636,457aa2d8f32998f155e8d037e5833c89,delivered,2018-06-15 14:48:35,2018-06-15 15:03:59,2018-06-18 06:48:00,2018-06-22 17:58:35,2018-07-05 00:00:00
b28a856ec450375c2c61dfb94250fbb0,a5b2145cb0a276784c2e3fb28cd1d565,delivered,2018-08-02 18:01:24,2018-08-02 19:05:18,2018-08-03 16:56:00,2018-08-08 13:51:52,2018-08-09 00:00:00
405fcf4896f700072195eae96311134c,7f0c5c75576d4445ce6793cc0083c358,delivered,2017-02-24 19:09:06,2017-02-24 19:15:15,2017-03-06 17:48:37,2017-03-13 15:03:17,2017-03-17 00:00:00
2d3ea45912e1469b558f6235da4d1689,ea8e40b3329968c9a48b9e1928e98017,shipped,2017-08-28 16:05:03,2017-08-28 16:15:27,2017-08-29 16:58:12,,2017-09-08 00:00:00
6a89044b7b034fd457b29972e9c1de95,4400679c606139e9ad92327a57b51dc8,delivered,2018-05-09 18:29:29,2018-05-09 18:54:13,2018-05-10 13:16:00,2018-05-16 17:03:32,2018-06-13 00:00:00
cd4669d3b4eb487d41fc3919a3b1b8b6,5a0f0ecb575f5086d899068f5e9519ba,delivered,2018-08-02 15:20:28,2018-08-03 02:45:24,2018-08-03 17:23:00,2018-08-08 19:26:40,2018-08-14 00:00:00
a129a0b8785b916a293d2203d87b4da8,e318aae84d74bbb35b9ced753d254847,delivered,2017-12-15 22:09:50,2017-12-15 22:18:32,2017-12-18 16:22:40,2017-12-26 16:22:19,2018-01-16 00:00:00
39d1ca6f8d9875325e5f1491ee9af7e5,1aab1a510808c79a43bac12447ce6ad3,delivered,2017-05-18 12:26:29,2017-05-18 13:05:48,2017-06-05 16:10:39,2017-06-19 12:03:37,2017-06-26 00:00:00
911c85d3422a9c87cf321ab2ebae2430,92842eb7ac83160a5ab2ecfaba0ceece,delivered,2017-12-26 09:14:31,2017-12-26 09:27:27,2017-12-28 17:36:02,2018-01-03 15:48:21,2018-01-15 00:00:00
a07c319b821b5707ba0b018c7ad63aef,424f7679f29b230ce525eb325dce49a4,delivered,2017-07-31 23:07:03,2017-07-31 23:25:16,2017-08-03 10:17:02,2017-08-07 18:16:00,2017-08-23 00:00:00
07a97e5f41dfa29925b661eee8e73c26,a185286fd87396f263ceaf0a463aae0f,delivered,2017-08-16 10:11:06,2017-08-16 10:35:21,2017-08-16 17:55:00,2017-08-29 18:40:08,2017-09-15 00:00:00
c68531b87a0e5baf9b8f526ec20d04e5,917e5d5ee73f29968165ba1553fbe669,delivered,2017-08-12 19:52:34,2017-08-12 20:10:09,2017-08-31 19:06:03,2017-09-16 12:33:48,2017-09-14 00:00:00
389815397a4bcdf3dcf64b90c25b3140,3a47005be3c2748d25859444f49b0048,delivered,2016-10-05 20:36:39,2016-10-06 16:02:59,2016-10-10 16:03:01,2016-10-16 17:51:52,2016-11-29 00:00:00
fc6f5e6779d59926b0d09334f9a19030,96cb886e82481d28cb4d2dcd807906aa,delivered,2018-06-12 12:32:00,2018-06-12 13:04:21,2018-06-14 10:56:00,2018-06-30 08:34:06,2018-07-24 00:00:00
2545865a7855db1c3ffd110faf83261a,ff8f6d3e8686235229636f5b388e3b44,delivered,2018-01-03 20:40:15,2018-01-03 20:50:30,2018-01-05 22:34:15,2018-01-22 23:19:17,2018-02-01 00:00:00
86c8fd057d184ed3d5059a43d58ff5db,43fa65283ae3c282181353611356b240,processing,2017-10-11 19:51:04,2017-10-11 22:28:28,,,2017-11-07 00:00:00
c8dd1cfd0c38b71aff04b1a4298b5b83,a95d7818d3600d96f3c26a24b83a6584,delivered,2017-09-25 23:30:46,2017-09-25 23:49:19,2017-09-28 19:08:25,2017-10-13 18:52:13,2017-10-17 00:00:00
040729c8c0dc6288b3fb10ca9da26f72,b465a7a0020595db2725747369efedc5,delivered,2018-05-09 13:38:37,2018-05-09 13:55:23,2018-05-10 10:58:00,2018-05-14 14:26:29,2018-05-28 00:00:00
72de821f9fedd9cc09a60fcbc06e698b,a9773f35a574883b3b39609c9390962a,delivered,2017-08-23 23:14:12,2017-08-24 01:45:35,2017-08-24 18:39:07,2017-08-26 16:57:33,2017-09-19 00:00:00
0a020ef040e4b3065551bb31e0aca1cd,d06d4e2d7fba05929a9efc2721bb1d82,delivered,2017-08-30 13:24:53,2017-08-31 13:30:13,2017-09-01 19:04:20,2017-09-06 20:42:30,2017-09-22 00:00:00
5cc6d864fa9e1a90eaf5207737549ffc,8b574f4c72ba3539b5a1cfe2429352a4,delivered,2017-11-07 19:49:52,2017-11-07 20:06:58,2017-11-08 19:28:45,2017-11-15 16:22:59,2017-12-01 00:00:00
fbe0baec4dd1bdab2071fa89f4921473,aa649379e102c4a9ac069e4b0a71fd0e,delivered,2018-02-22 13:11:54,2018-02-22 13:28:19,2018-02-27 19:44:58,2018-03-03 20:35:35,2018-03-08 00:00:00
3000d826eb3c8a539ba6d23df8440eba,fcf9457fab222f5249e3784ceadcbc32,delivered,2018-03-19 07:18:35,2018-03-19 07:50:24,2018-03-20 20:14:28,2018-04-06 18:58:54,2018-04-06 00:00:00
08e4ccc1239f87c9220cd6a87996d455,aee21b4b5c2353821f920fe3a0799320,delivered,2017-08-21 16:14:39,2017-08-21 16:26:18,2017-08-23 21:40:09,2017-08-25 15:38:39,2017-09-15 00:00:00
9f94b9ef3efc5584ca7b5e1c43bc7e6b,7f7bb20a33bcab60367a32c733c57863,delivered,2018-04-08 20:32:36,2018-04-09 20:30:14,2018-04-11 20:22:00,2018-04-12 21:21:36,2018-04-25 00:00:00
50b885373bbe35c76bf53c301a8a845e,17cfefd6c2f2b503cab8eb0317923572,delivered,2018-01-30 11:41:46,2018-01-30 11:50:59,2018-01-30 23:17:58,2018-02-09 16:58:32,2018-03-06 00:00:00
c0afa67d21507622f9edddcf9b56ee4b,854f8d359fdc27c049eee8af2e9607c6,delivered,2018-02-07 15:19:19,2018-02-07 15:30:46,2018-02-22 20:13:38,2018-03-23 16:26:25,2018-03-19 00:00:00
86f54473ab658e573e101bb266ced50e,a345369fd7f6c6ff83b6a899a55af3ed,processing,2018-01-05 13:58:41,2018-01-05 14:08:24,,,2018-02-06 00:00:00
0f504e88d6d1e382941f38d3724ec4ed,34a4d38dfc89ce24d9e96604ac22d7f4,delivered,2018-05-07 21:24:58,2018-05-07 21:35:21,2018-05-08 12:43:00,2018-05-11 20:03:52,2018-05-25 00:00:00
1030e192e5193c364dc4ee6beff830aa,3742581255b9b4ee5ef68ebc46db2bef,delivered,2018-06-22 13:54:37,2018-06-22 14:20:09,2018-06-25 14:59:00,2018-06-26 18:51:22,2018-07-05 00:00:00
3cba3b35a00b76f3a83d1cd84bd9becd,b7b255502cbde4a1c941961626e4431b,delivered,2018-05-27 23:24:55,2018-05-27 23:49:18,2018-05-29 13:49:00,2018-06-07 20:58:33,2018-07-18 00:00:00
984e49046d60b48b8253d5147b886e1b,e87df3e53aa83dad8d8dcce442c1e4ed,delivered,2018-08-06 14:59:18,2018-08-08 04:45:03,2018-08-10 09:54:00,2018-08-22 16:11:31,2018-08-28 00:00:00
f07589f27657a39d2d7cba90c38cd654,a5fb551249482fed391d7bab51ea2be2,delivered,2018-07-03 13:37:03,2018-07-05 16:17:03,2018-07-04 15:28:00,2018-07-12 20:46:53,2018-08-13 00:00:00
ea9c6e10bc27bfe0cf86e4cda482979a,45a1e42954c59f20f1107ddb8c3f1de1,delivered,2017-10-17 14:10:06,2017-10-17 14:32:12,2017-10-19 15:13:37,2017-11-01 01:10:31,2017-11-08 00:00:00
4f5dafaf09552e7aa5747ae0cb84ffc6,d6273cca22709c2745827b3a0d712bf2,delivered,2017-11-16 23:21:51,2017-11-18 02:50:35,2017-11-20 18:48:41,2017-11-27 14:03:42,2017-12-07 00:00:00
9a4d4974d2926454cfa3eda000c6c273,6f0609828423e495e8fb4f448e70ea40,delivered,2018-01-28 19:47:37,2018-01-28 19:59:12,2018-01-30 14:42:34,2018-02-15 21:52:53,2018-02-26 00:00:00
8d91588bf6ce83db4198f80c56776af6,f9008af45b5b5be6dcdc3076b7c938cc,processing,2017-03-04 11:07:35,2017-03-04 11:15:18,,,2017-03-27 00:00:00
2d2e008f58649a2e2e37304de7fa1ebc,159b87ea31606350ad0ec0ce82bcc854,delivered,2018-07-30 17:41:09,2018-07-30 18:30:51,2018-07-31 13:32:00,2018-08-03 18:49:47,2018-08-10 00:00:00
b3224f0819fcb5e1c0f91961c4100aa7,b2822eda717522788ab9dde55140fd8b,delivered,2017-04-07 20:21:25,2017-04-08 02:10:20,2017-04-10 12:24:03,2017-04-13 15:08:03,2017-05-08 00:00:00
7bba6be8b33b014bb9523db5f992d070,fd5e7ef8ebb833e81b09dc6c1afc92fe,delivered,2017-07-03 20:08:35,2017-07-03 20:23:48,2017-07-04 15:12:45,2017-07-12 17:46:11,2017-08-08 00:00:00
285a3c7a6402c8e223408f249e3a8017,4d88fce257880d0deb38ede1996bd718,delivered,2017-12-12 22:04:33,2017-12-12 22:11:49,2017-12-20 19:22:18,2018-01-04 22:35:22,2018-01-08 00:00:00
e07d09400c3676a4f529453627ed9460,f4a7127276e4e10bd0482a0957c60755,delivered,2017-10-14 09:54:01,2017-10-17 03:45:51,2017-10-17 18:45:06,2017-10-24 18:40:07,2017-11-03 00:00:00
df7301747236cf5a68212214f64959ca,b26b21a6be03433cf3052ee4b22a69c3,delivered,2017-06-07 14:10:04,2017-06-09 02:45:16,2017-06-09 10:48:43,2017-06-21 18:45:38,2017-06-30 00:00:00
f9d0aa73e0bd149c0925ad648f7f661b,e0bd804d0705c39c21fa5258cbcd7b87,delivered,2017-11-29 18:04:31,2017-12-01 16:40:24,2017-12-07 18:27:22,2017-12-12 21:28:49,2017-12-21 00:00:00
d75c95be9d5a66d6b84a09c37c0e7f13,b01e00c070e25269419c4028bb648b88,delivered,2017-04-05 21:05:12,2017-04-05 21:15:09,2017-04-07 08:14:07,2017-04-17 13:54:00,2017-04-28 00:00:00
1e55e0ca5a1ec21cc2073bf3df3e2f30,bb96337119e1d2b4ae497d8a71311d26,delivered,2018-08-14 10:13:55,2018-08-15 03:24:16,2018-08-15 13:20:00,2018-08-20 21:41:54,2018-09-27 00:00:00
657b1c44f7dec3444fa26c61a3b539c6,09757ccd2018e779a626385c1e03562a,delivered,2017-10-26 23:29:03,2017-10-26 23:46:47,2017-10-31 21:53:57,2017-11-10 16:38:44,2017-11-14 00:00:00
fbf16cb7728cac175e1222c7d73734c6,c0723ced6e0b4ec1af136c0cf6b86e3e,delivered,2018-08-01 20:34:38,2018-08-03 02:44:06,2018-08-03 16:09:00,2018-08-09 00:51:04,2018-08-14 00:00:00
a3ffb9a7866735bd0de42993b62e89e3,743b67cc7a7606ddba1a6fd675355fed,delivered,2018-01-16 15:47:41,2018-01-16 15:56:17,2018-01-18 23:46:31,2018-02-07 22:43:07,2018-02-14 00:00:00
e6219e023ffb572358be0c275a2cdba0,4518279d5cb3eb7df7a53fb7584f6380,shipped,2017-06-25 18:05:48,2017-06-27 04:03:21,2017-06-27 15:27:47,,2017-07-24 00:00:00
752829804c0080d1b395f5c9e8801e39,2ba7560f7566c4aa14bb43135f0e02d1,delivered,2018-05-09 04:46:01,2018-05-09 04:55:20,2018-05-09 16:32:00,2018-05-17 18:29:57,2018-06-26 00:00:00
41ceb5b3a356a7bc6f668f28ba4d38c1,e7435f769bcd1ded1c00cc944ed10efa,delivered,2018-08-22 17:52:05,2018-08-22 18:04:32,2018-08-24 12:59:00,2018-08-29 22:58:43,2018-09-06 00:00:00
33cf56f1cedf4fac342de6f1befaab1e,d8f2011982cf051cdc4fe1a21c013760,delivered,2018-07-21 12:53:46,2018-07-21 13:05:14,2018-07-23 15:31:00,2018-07-24 19:11:54,2018-07-31 00:00:00
2c32c27817772197b08f759c6802a9b7,6c1e68645d33e90ce07446be46cd94bf,delivered,2017-06-05 00:19:25,2017-06-06 13:06:04,2017-06-07 10:44:40,2017-06-19 18:28:01,2017-06-30 00:00:00
43bd50a07cc1758b29b32804f1a6d552,bbdb447f1fad899e9a8d48ce362cc4d5,processing,2017-09-21 10:50:01,2017-09-21 11:06:14,,,2017-10-17 00:00:00
89ba725dafc2f8bce0db73d323a687c2,91922c858bb7e396c7116aed07fc63db,delivered,2018-01-15 15:39:05,2018-01-15 15:50:52,2018-01-19 12:24:07,2018-02-06 20:29:47,2018-02-16 00:00:00
b329c0dc7e78a0caaa2b8d67c8a8c8ce,67b8de516cdaf1aec60ccbc32539fec7,delivered,2018-02-21 14:46:47,2018-02-21 15:09:35,2018-02-24 01:28:55,2018-02-27 22:23:18,2018-03-07 00:00:00
bbcf00c96709a5a97e49bb661522fdd0,d14c83d94088d39c39edfcd45bab137b,delivered,2017-07-31 23:06:38,2017-08-01 00:43:15,2017-08-03 16:33:38,2017-08-10 19:29:49,2017-08-18 00:00:00
d2fdd09f4f50c75c2895a3252f0c7418,49de7c04be86db34077eeccb3bd368ea,delivered,2018-01-12 10:47:56,2018-01-12 10:57:21,2018-01-26 12:25:05,2018-01-29 23:38:35,2018-03-09 00:00:00
f589bd1ff18deb4e471366b1aa443c84,9b8e07760752cf403a944c5ef278be8f,delivered,2017-10-26 22:29:48,2017-10-26 22:46:03,2017-10-27 19:43:38,2017-11-01 17:31:53,2017-11-17 00:00:00
06a07c0ad4e1811f48e86d2c56c7b705,2ed745254e8e95dc73022271637fc724,delivered,2017-09-10 14:06:28,2017-09-12 06:35:33,2017-09-12 17:57:34,2017-09-18 23:57:39,2017-09-28 00:00:00
655ad03e23e4483c96fdd1139788fee9,e63a28032d2357f7e15f9b854106ad3c,delivered,2018-08-01 17:35:13,2018-08-01 17:50:19,2018-08-02 14:29:00,2018-08-03 13:04:24,2018-08-06 00:00:00
f12bf4f34d233f05db28768e5b10d9f9,f94d884e29f89343c8f2b9c74a345432,delivered,2017-12-19 19:10:53,2017-12-21 02:11:04,2018-01-05 22:06:04,2018-01-16 20:38:31,2018-01-15 00:00:00
98672e143f0ddcd385c344ae98132a8c,f780f03bf6d456e6da8e0eed971b60fa,delivered,2018-04-05 12:39:26,2018-04-06 03:28:34,2018-04-10 01:08:44,2018-04-16 16:42:40,2018-04-27 00:00:00
923c72c5c8bc167cdab01dbd3de020a8,a85ed358dedddd9bafcf2e5139ca5126,delivered,2018-05-17 22:21:18,2018-05-18 03:16:15,2018-05-18 11:13:00,2018-05-23 17:05:15,2018-06-04 00:00:00
eaedef13bb9ae559e6db67c604793fed,4b91304e9812a64851cbdc97d4bc60c2,delivered,2017-12-10 16:30:50,2017-12-10 16:38:26,2017-12-11 23:15:24,2017-12-14 17:53:23,2017-12-28 00:00:00
c60c72999352a677e983f9456d5cb869,9739927a62414365004efe36a4c45ebd,delivered,2017-08-16 17:20:26,2017-08-16 18:50:16,2017-08-17 19:39:43,2017-08-24 17:25:53,2017-09-08 00:00:00
b6776d519223f71fa9fdb62a7b79e5b8,441ca4ec31af7e72aaf2dc1b76c1ff8c,delivered,2018-05-16 22:05:58,2018-05-17 10:38:39,2018-05-17 14:08:00,2018-05-18 18:38:25,2018-05-24 00:00:00
7b467ec5ca6411c7d67435211cc0136a,ba1c9eb2fd70e0c79ad45ae248dbe050,delivered,2018-05-05 20:20:35,2018-05-05 20:35:19,2018-05-07 14:46:00,2018-05-09 17:04:20,2018-05-24 00:00:00
a2e1586a9d74f3d08df52b4eea515b6c,0a44d5a0e291790b28962484733083ad,delivered,2018-07-28 21:03:38,2018-07-28 21:40:06,2018-07-30 15:05:00,2018-08-02 19:11:42,2018-09-05 00:00:00
3a63202e1f2029f6ee42f498e87fa599,149876e27f49d24b3c0a9d34dfc13163,delivered,2018-05-28 15:23:33,2018-05-29 03:15:17,2018-05-30 13:43:00,2018-06-12 19:51:32,2018-07-11 00:00:00
e05e3102d6fa4071b4a80e822231596e,3f909aee0033681e1321b2b5eee9cac0,delivered,2017-06-27 22:15:26,2017-06-27 22:32:14,2017-06-29 17:32:33,2017-07-06 14:03:37,2017-07-21 00:00:00
d6723bcb7c51617cd9bc5d96a3dc052c,267f364612ad6a6e95b449cf3124ead2,delivered,2017-11-14 22:56:24,2017-11-17 04:10:31,2017-11-21 14:14:51,2017-11-28 19:46:43,2017-12-14 00:00:00
c8ade02b622c1316fc0d05a427492f9c,59d07f9813c38cfee8291278d93831ff,delivered,2018-03-22 22:41:52,2018-03-22 22:55:22,2018-03-27 17:06:45,2018-04-20 22:41:49,2018-04-17 00:00:00
8d3bd6e846b52be957466e9e1f8f642d,208abc4af5021a95af50cb8a7e611323,delivered,2017-09-06 22:02:17,2017-09-06 22:15:25,2017-09-08 19:33:25,2017-09-27 17:12:21,2017-09-28 00:00:00
543cca75b036b547b2b025a1d896895f,9d221cb5b002dc5134af790b0014afb7,delivered,2018-07-23 16:19:03,2018-07-23 17:20:37,2018-07-24 13:48:00,2018-07-31 18:09:31,2018-08-13 00:00:00
1cc625f985bb32e5e4d51ebd1914c21e,c244e55065c91849b570ea7248848396,delivered,2018-08-07 10:00:25,2018-08-07 10:10:25,2018-08-07 15:10:00,2018-08-09 20:53:38,2018-08-21 00:00:00
63014d31686df70fb6eae36739a89d52,07cc013860ca92f60025946a39f80679,delivered,2017-12-25 18:16:34,2017-12-25 18:29:42,2017-12-26 23:14:42,2018-01-03 12:29:31,2018-01-19 00:00:00
0736d2c28616a3c87bb2f53f71c94575,678c63a5ea06902b73f7bfcea4c5bb93,delivered,2018-05-18 18:32:07,2018-05-18 18:57:46,2018-05-25 14:59:00,2018-05-28 17:27:31,2018-05-30 00:00:00
c9fc76586dbd1939395d3ddd999833bf,c73ecc81a2b9656931ab898b16b017ea,delivered,2018-04-09 22:44:48,2018-04-10 00:31:46,2018-04-10 21:36:46,2018-04-17 20:28:40,2018-05-02 00:00:00
92acf87839903a94aeca0e5040d99acb,3873a650e0e0e77d40b293ad9ad03929,delivered,2018-01-30 14:57:33,2018-01-30 15:11:26,2018-01-31 20:44:57,2018-02-15 20:26:46,2018-03-01 00:00:00
3ed2950dfab630fa5008f66a0ebbae10,5da9c14b4b5e0fd22635896f36df8b79,delivered,2018-07-15 19:31:01,2018-07-17 04:31:30,2018-07-19 15:46:00,2018-07-23 18:22:34,2018-07-30 00:00:00
5bf079ceca716eef6cac727c16bc0a15,d3a143287afba8705d27fc94dd55c816,delivered,2018-07-28 23:38:18,2018-07-28 23:50:08,2018-07-31 10:31:00,2018-08-01 15:25:10,2018-08-07 00:00:00
f099a4bf3c8c87b391cbb899f02d8e47,0c47a5834e30cc2dc4302426ddffb136,delivered,2018-08-18 23:19:14,2018-08-20 10:55:16,2018-08-21 15:39:00,2018-08-29 15:49:00,2018-09-06 00:00:00
0e1c841770446e9becaf95190493901f,a15a26030fa0d12ade628812f725194c,delivered,2017-11-27 18:23:01,2017-11-27 19:31:09,2017-12-01 19:32:11,2017-12-04 11:19:11,2017-12-15 00:00:00
b27fc39476e8a5236562bda89600de6a,16b154a38404b2edc5287e58901eb7d9,delivered,2017-04-30 08:33:28,2017-04-30 08:45:11,2017-05-03 10:22:04,2017-05-08 09:24:52,2017-05-23 00:00:00
7bab5bb38c4ba852d6ec1fd273fc9446,438c7f59588a3d370200db20fb5c5a85,delivered,2018-03-06 10:48:27,2018-03-06 10:55:30,2018-03-07 23:42:41,2018-03-17 19:03:53,2018-04-02 00:00:00
37f6e52783daf8d5b0a61c8876c23b38,05d4a0e7365cf69b45d3af76236ca83a,delivered,2018-02-19 12:08:24,2018-02-19 12:27:17,2018-02-21 10:52:03,2018-03-09 12:48:28,2018-03-16 00:00:00
b42c56d4b6b545d2b9c293472cf728bd,64d1999fccf860c8164fc0374209625c,delivered,2018-04-16 15:32:41,2018-04-16 15:53:23,2018-04-18 00:17:48,2018-04-18 16:32:58,2018-04-30 00:00:00
7010bfa704139424f4fff8baff27b7cc,ac9d802c8be6d74099e9b3e90acefe12,delivered,2018-05-28 20:49:30,2018-05-28 21:16:35,2018-05-30 12:05:00,2018-06-02 19:29:30,2018-06-20 00:00:00
af1eb996572603fd366f5a1a862e0540,b9c32ffb4932ea3b8ee7c7ccf6a1c55c,delivered,2018-03-07 10:07:43,2018-03-08 02:15:38,2018-03-13 18:18:34,2018-03-20 20:32:29,2018-03-23 00:00:00
01d2fc3e47376926a97ae795036db093,c29335a8f8c366e3b1b384dbef4e909e,delivered,2018-06-27 21:20:18,2018-06-29 02:53:22,2018-07-04 15:12:00,2018-07-11 16:51:41,2018-07-17 00:00:00
1e50bb2b1fd2e009684c3b7bd8eb73ce,1c250ff1a16e800ae4304c81ff76167f,delivered,2017-12-06 12:39:04,2017-12-06 12:52:22,2017-12-22 00:05:54,2018-01-05 14:53:14,2018-01-09 00:00:00
b7bb679ead188147ea4d028b583720f9,087877f19f6e3dd2fe0724376a2e7f8c,delivered,2017-11-24 11:04:28,2017-11-25 04:30:42,2017-11-29 17:25:54,2018-01-09 15:38:59,2017-12-21 00:00:00
b4d847b337890c09d43b616bf0ba2ee3,178d1d635e061e8ad879f9ed0bdeba01,delivered,2018-02-07 15:44:01,2018-02-08 10:31:12,2018-02-09 18:16:53,2018-03-02 23:12:38,2018-03-15 00:00:00
650db225e0b89075a07e6ca5e4c2d941,feb7f40c64907e499efe3f92867ca5b1,delivered,2017-10-19 10:48:03,2017-10-19 11:06:23,2017-10-20 15:29:52,2017-10-25 00:43:04,2017-11-17 00:00:00
a02c544d48cac6a9a9a21d5a33b8911c,0125ed303758dc1d7e4d99b000f88768,delivered,2017-11-17 19:55:15,2017-11-18 02:49:00,2017-11-22 22:06:37,2017-11-28 21:48:56,2017-12-12 00:00:00
b9ba0d763542807cc21f8fcd54d80f6b,b9f84aeb92b65cf601d134a39da5c57d,delivered,2018-04-15 21:55:13,2018-04-15 22:11:58,2018-04-19 17:21:28,2018-04-23 14:31:51,2018-05-14 00:00:00
cb82043e13f8881ba28bd6586112e3f5,7f2263f69c970858704b0c3fc91139b3,delivered,2018-07-04 22:19:41,2018-07-05 16:14:53,2018-07-09 14:39:00,2018-07-10 23:38:48,2018-07-23 00:00:00
4e8df4f2ecd486fc4854a0c424593079,da90ce734e0cef39439b68c7605c605c,delivered,2018-07-22 20:57:22,2018-07-23 12:31:43,2018-08-14 13:58:00,2018-08-17 22:37:44,2018-08-14 00:00:00
ea3da9210148306e5b1bbb843c19e65f,aae85afe0d3dfab5268e0092b41959d2,delivered,2018-02-23 01:55:20,2018-02-23 02:29:00,2018-02-23 20:48:57,2018-03-06 13:42:33,2018-03-16 00:00:00
44e38bed584d8533aecfd6018f420f82,40932d7d15803d195250596068d8d173,delivered,2017-12-08 11:41:56,2017-12-09 02:49:37,2017-12-15 19:56:58,2018-01-05 04:22:30,2018-01-24 00:00:00
00e1426d4c79f2e022570012c1ff57ed,a9c38ba869a0a0db70cde7e473a848bf,delivered,2018-03-22 18:48:36,2018-03-22 19:08:14,2018-03-23 22:10:44,2018-04-05 14:06:32,2018-04-17 00:00:00
1b9b1209ee112e9b2276c880746615e4,5bf6712d826fa9d669c1021b8c1f6ded,delivered,2018-08-02 12:05:26,2018-08-02 12:55:26,2018-08-02 15:40:00,2018-08-03 23:03:26,2018-08-09 00:00:00
df6b46ee660374bbd580fb435c655fa9,01e77dc6abe6f9991bbf5232b5c22d2c,delivered,2018-01-15 00:13:42,2018-01-15 10:11:29,2018-02-01 22:21:40,2018-02-05 14:12:31,2018-02-26 00:00:00
96123b9ae5a9cdfd4efe5fe402a94675,7615536f9443d90e9971a9002fd9abf5,delivered,2016-10-07 16:50:52,2016-10-08 04:27:44,2016-10-12 04:27:44,2016-10-27 10:07:30,2016-12-05 00:00:00
4ea741e30080ceba74e43520b2a0a55a,0548b4ebfce3d7ef4124f59d904578cc,delivered,2018-07-15 10:23:52,2018-07-16 10:24:28,2018-07-17 12:51:00,2018-08-07 19:40:50,2018-08-03 00:00:00
3393e0117eefaf7abdee7c0ec9582632,a4ae42d510710bdfd23de09c1fce5410,delivered,2017-07-07 11:13:50,2017-07-07 11:25:16,2017-07-07 19:38:59,2017-07-10 16:50:05,2017-07-20 00:00:00
327511e31bd17e390fa2ce6ed4a64535,45d34e3117437b0eea2c3f283622b12a,delivered,2018-07-24 19:34:57,2018-07-24 19:50:13,2018-07-25 09:58:00,2018-07-27 21:48:41,2018-08-10 00:00:00
350bbe08ad1344030593d837cc982113,ccc8c0890069937d85d36bc228d71e09,delivered,2018-02-16 19:09:58,2018-02-16 19:27:12,2018-02-21 17:49:16,2018-03-02 13:42:32,2018-03-06 00:00:00
502fcc6b96f393f4aba791d5ba89b409,6ace2360ea84b10f876d79d001766346,delivered,2017-10-04 16:40:00,2017-10-05 16:49:17,2017-10-06 19:34:00,2017-10-13 20:33:23,2017-11-03 00:00:00
545c81f766ce4811ebecb78efc1a665a,c0283e476e89b2f1eb034beb4a2b4b6d,delivered,2017-09-20 15:56:25,2017-09-22 20:05:34,2017-10-02 18:53:49,2017-10-07 16:17:17,2017-10-05 00:00:00
3bb87caef060d2062d1f63e62dc09bd4,a884c88552142b7713b7c90acf653d4a,delivered,2017-08-01 16:50:28,2017-08-03 03:06:09,2017-08-04 16:03:26,2017-08-15 19:29:56,2017-08-31 00:00:00
157de1652c032429a625d034be79eeeb,ff09fd7b29e7488a8d8a20badcd8befe,delivered,2017-05-10 09:00:07,2017-05-10 09:10:18,2017-05-15 10:06:54,2017-05-22 16:47:57,2017-06-01 00:00:00
67e9f4fd5900a3bedf11fd772b376528,75f8bfd4c8226d4a6aa6540765acfe36,delivered,2018-08-01 17:20:32,2018-08-03 02:35:21,2018-08-08 09:36:00,2018-08-15 20:28:40,2018-08-23 00:00:00
6fbb3d20bfc2d3afdc6478057599ea2c,c724f10c7dca7eb6d7ed63582413adc8,delivered,2018-08-24 09:09:41,2018-08-25 02:35:20,2018-08-27 13:37:00,2018-08-30 12:26:21,2018-09-06 00:00:00
45381c01fd8a0e60c741a9cf4736ebbb,42de47849d20da22e217b9a5e1de1584,delivered,2018-07-24 20:48:52,2018-07-24 21:04:15,2018-07-30 14:45:00,2018-08-10 19:38:27,2018-08-14 00:00:00
7ae71abc97f94b456e51ef1227164c79,caa32820e6d8190b99a67d6b7160e969,delivered,2017-12-05 23:24:18,2017-12-05 23:35:23,2017-12-15 18:13:44,2017-12-19 20:17:19,2018-01-04 00:00:00
9e29a160f24d2edbcc64b218108bdc82,b3f9c0e01b6f0cd35967de0e0b7f0427,delivered,2018-01-31 18:40:24,2018-01-31 18:51:11,2018-02-02 02:10:06,2018-02-17 13:27:02,2018-03-08 00:00:00
6440d5acbce24626e6224f58a6759905,03bc4c1c174bdbd205c9e537437d3c02,delivered,2017-03-30 08:37:18,2017-04-04 05:55:41,2017-04-06 14:08:13,2017-04-07 09:57:48,2017-04-28 00:00:00
62f71f81ef15beda4132f1d92528a59f,4a55706ea2dce8ee69c55f384a14761b,delivered,2017-11-15 16:16:09,2017-11-15 16:26:26,2017-11-18 15:38:50,2017-11-27 20:41:34,2017-12-08 00:00:00
4a69d6c8790e0f6d2ffdf98e6522fef7,8b48944ea962a5e993b4d1a75f439ff1,delivered,2017-07-26 10:16:50,2017-07-26 10:25:14,2017-07-27 16:22:27,2017-08-03 15:57:50,2017-08-21 00:00:00
be2ccfa019a7d426556d4bf4691f7c3a,ce0e4aa2edb8897873ad62d4e345aed8,delivered,2017-12-21 23:07:56,2017-12-21 23:17:27,2017-12-22 19:19:09,2017-12-28 19:22:02,2018-01-24 00:00:00
57a4b7121a801f70f8f022cadef110c9,446f3eee1a4323e74dce651ee2bbed6b,delivered,2018-01-22 14:44:17,2018-01-23 03:38:27,2018-01-24 15:52:14,2018-01-26 18:52:55,2018-02-06 00:00:00
ba3e8a6783a3aafe0d02eeb6a415dd94,cec6e0c0d05e156326a5b7f9af269fd8,delivered,2017-07-30 13:42:35,2017-07-30 13:55:18,2017-07-31 18:54:27,2017-08-17 15:12:43,2017-08-30 00:00:00
0a187dd7f4efe70e8c3b6e3779b3b133,23fafaadc0b11501176401ba0003c22d,delivered,2017-09-02 19:48:30,2017-09-02 20:03:31,2017-09-07 00:07:41,2017-09-13 22:02:51,2017-09-26 00:00:00
5a871bae2099baa240120ca7f19cc530,f9ca6744a8128659fb5bac2385f03571,delivered,2017-12-29 13:26:10,2018-01-03 04:28:20,2018-01-03 20:15:28,2018-01-10 19:48:52,2018-01-29 00:00:00
60671dbc6a3437884fe12844687b2049,8e79a7fcab919d35511f0c0fa5de5097,delivered,2017-08-14 12:22:14,2017-08-14 13:05:16,2017-08-15 19:26:45,2017-08-30 17:07:13,2017-09-14 00:00:00
93c9e800268063cefb7efac3c9025276,45008d0eee380262dda13cd438627733,delivered,2017-11-13 11:34:06,2017-11-13 11:50:20,2017-11-16 16:18:05,2017-11-29 19:54:35,2017-12-01 00:00:00
a64c966ded5ec513f096d9c253e03bea,7e6d20f2d20b0cead59ad7024415798c,delivered,2018-02-22 13:25:37,2018-02-22 13:50:31,2018-02-22 22:49:07,2018-02-23 17:42:05,2018-03-08 00:00:00
4a7fec8a4c23ee32ac7511b05ad44230,a744a9c1ee779bf2bd7e1dc4cf925b63,delivered,2018-06-12 13:12:16,2018-06-12 14:46:02,2018-06-14 07:53:00,2018-06-18 20:41:38,2018-07-05 00:00:00
f2faadb0705f7961b0a1909c62d4fe21,cb2abc64d6a7063dcddae2add2edca4a,delivered,2017-11-28 11:23:09,2017-11-28 12:07:38,2017-12-01 18:04:53,2017-12-13 01:09:46,2017-12-21 00:00:00
9855d762d535fda66aa7f273116aa77d,4c74fbc614fe8ccf3b706129837a9471,delivered,2017-11-29 01:30:54,2017-11-29 02:42:10,2017-12-02 14:23:13,2017-12-28 16:33:46,2017-12-22 00:00:00
fb8cd2cc79fae6c14f712f782471896f,7c71ea23484a949d7d940a65ad27781f,delivered,2017-12-02 22:05:15,2017-12-05 04:17:25,2017-12-08 00:15:38,2017-12-16 01:04:45,2017-12-27 00:00:00
1a182abfca408087bb3d24dd41101c96,b76fff9cefb1ae3c0bd44fbffd31957e,delivered,2017-12-12 14:29:33,2017-12-12 14:49:19,2017-12-12 22:35:06,2017-12-21 22:51:25,2018-01-08 00:00:00
169ab175fb915582d84c0c5c95bb0fe3,fe02528abe9cf5b73ededc4a240acc9d,delivered,2018-06-09 08:51:19,2018-06-09 09:11:28,2018-06-15 11:32:00,2018-06-18 19:58:36,2018-07-04 00:00:00
d7f71d136da2fa678c39380a22d117df,e5a8aaccb766e00177b0a587979cc814,delivered,2018-08-26 11:44:34,2018-08-26 11:55:16,2018-08-27 14:15:00,2018-08-30 17:44:36,2018-09-11 00:00:00
27a8554e167c321378d1c899a0b8b8f6,c129e739a0d59a850211e19070d9419e,delivered,2018-01-22 17:31:43,2018-01-22 17:54:16,2018-01-23 20:32:42,2018-02-17 18:31:37,2018-02-15 00:00:00
28bfa0968ea8dceb17513700ddfc0745,9e19d3afe473add7d527fab6da00dcf8,delivered,2018-08-01 21:21:47,2018-08-01 21:35:15,2018-08-02 13:49:00,2018-08-06 18:17:36,2018-08-09 00:00:00
8ce6c3ac0903448859d77c5279ac7876,7a8539323989a2d3a5347ec139ca9ac3,delivered,2017-11-12 12:45:40,2017-11-12 12:55:52,2017-11-16 19:34:27,2017-11-22 20:21:52,2017-11-27 00:00:00
1212c7b1c4195950e99e75fa6ec2a309,dbf31702420415660be9a8a9f33f3c3a,delivered,2018-01-22 23:51:49,2018-01-23 00:15:11,2018-01-23 23:29:04,2018-02-02 14:55:06,2018-02-26 00:00:00
7bab9330fbefd3749e98cbd2b84800d7,7a13ce1c5bc552c83db7b4123a42ad46,delivered,2017-08-28 14:13:37,2017-08-28 14:25:27,2017-08-31 18:11:20,2017-09-09 15:04:04,2017-09-18 00:00:00
960de6b16b5ce4196d243baeb9d1a699,64d8e8b44d4ff5c2974d8d05d73bdd10,delivered,2017-07-14 09:35:05,2017-07-14 09:45:13,2017-07-17 22:45:46,2017-07-27 22:55:34,2017-08-17 00:00:00
bf76c394336932655674fd09ffc2cf5b,caa2f513daa63aa118ad0003ca77080c,delivered,2018-04-23 22:26:54,2018-04-24 18:59:43,2018-04-25 12:52:00,2018-04-30 13:41:11,2018-05-15 00:00:00
d0843f8d9dcf8320e48984dd4a52d652,61d502df98a7bd95bc3a0049bd504bef,delivered,2017-07-30 19:15:21,2017-07-30 19:30:11,2017-07-31 12:03:15,2017-08-01 13:41:42,2017-08-18 00:00:00
3d668965eb89ea475911ce3364f73b07,1e3005980e35ffabad12c31116e746f2,delivered,2017-01-25 05:31:30,2017-01-27 13:31:55,2017-02-06 10:53:27,2017-02-14 10:07:31,2017-04-05 00:00:00
255027f86805cf2b3bb4e4982f0f236f,9f0cdfeb00eddf3cdad9956746c1cac3,delivered,2017-09-18 15:15:54,2017-09-18 15:44:13,2017-09-20 20:37:04,2017-09-22 19:24:39,2017-10-06 00:00:00
4bca7dd89e0714cc90c42803a348f085,2f7db0531d196c0cbe234cf0c97a313a,delivered,2017-11-20 12:48:09,2017-11-20 13:07:35,2017-11-23 13:49:38,2017-12-04 19:23:16,2017-12-12 00:00:00
2a7c1794496ea317e6f88363616ad9e2,216564348ba1ceaffb29b28e9a105ebd,delivered,2018-01-02 17:41:39,2018-01-02 17:50:29,2018-01-05 18:47:38,2018-02-06 16:35:08,2018-02-01 00:00:00
7fb2f6ef625bf7ef303f984bd8cd2267,a1834c0ebc51d0c1f1165d4647daffa1,delivered,2018-07-21 18:51:27,2018-07-21 19:05:11,2018-07-23 15:07:00,2018-07-25 18:17:47,2018-08-20 00:00:00
da629b3afcafb7c28c25b747594e4a43,9ab57aeefaebe10f470365dac013a837,delivered,2018-03-16 13:37:08,2018-03-20 03:10:42,2018-03-21 18:44:40,2018-03-22 21:06:41,2018-03-28 00:00:00
c0408eaa7dc133ee7e7ec2bce1023679,e0c044fa5d47e809a273b81a01cf33d5,delivered,2018-04-26 17:57:17,2018-04-26 18:10:24,2018-04-27 12:50:00,2018-05-07 20:44:31,2018-05-21 00:00:00
f3a4760ece900e584e36fc700b8fb58c,91f44dca88f275b7ba5b9d0521a03aac,delivered,2017-11-13 23:09:59,2017-11-13 23:30:43,2017-11-14 22:12:06,2017-11-24 18:13:54,2017-12-08 00:00:00
82f89ea2ad8fbfd01bd05c2cddaa1d0f,6d10264832d23023c6505690eae88bd0,delivered,2018-01-26 15:45:48,2018-01-26 15:58:27,2018-01-31 00:47:03,2018-02-06 00:15:45,2018-02-21 00:00:00
19559da3ec491caeab77c1512d28399b,ced00a908ceed2bab37e22ec77bb4eaa,delivered,2017-11-29 00:38:47,2017-11-29 01:31:26,2017-11-29 22:21:18,2017-12-01 17:06:34,2017-12-13 00:00:00
412ccedb685110d6be9fc7ac4a07dc2a,cca66807261312ab608cd6b064a335f3,delivered,2018-07-09 20:39:34,2018-07-09 20:50:14,2018-07-13 15:01:00,2018-07-21 00:28:43,2018-07-31 00:00:00
581e402f36b377643fce426a28dc17e4,f23c0ad2b07943504e24a69c73952116,delivered,2018-06-06 10:58:44,2018-06-06 11:13:56,2018-06-07 13:17:00,2018-06-23 12:51:34,2018-07-25 00:00:00
782aa8c8856a043fdd997f8b869fe76c,60e522349ec0aad1a45a13c48749d0f2,delivered,2018-03-08 20:48:51,2018-03-08 21:09:09,2018-03-09 22:42:22,2018-04-18 22:06:31,2018-03-29 00:00:00
8a51c10a8154eec6b0f5bcdf52de2556,35082f1c97a2d1c0d85ff7ca8c5cfe3f,delivered,2017-11-21 11:26:09,2017-11-21 12:01:35,2017-11-23 16:31:40,2017-12-05 19:08:46,2017-12-12 00:00:00
63bc56e1d9a5857d87b6de9435e8d304,c528a3c68341dc80baec0b465fbc1c7e,delivered,2018-02-08 12:38:06,2018-02-08 12:56:37,2018-02-09 23:21:40,2018-02-14 23:14:12,2018-03-06 00:00:00
c0c3609df099c79f1f6d894143767ca0,57b75c59d4f813507155eef469253b5e,delivered,2018-08-14 18:05:19,2018-08-14 18:30:21,2018-08-16 09:19:00,2018-08-21 17:05:10,2018-09-04 00:00:00
434efe1043f4e3879eb40b7887c7e785,8330064bc1791c004a673df6258d002b,delivered,2018-01-22 14:57:10,2018-01-22 15:12:55,2018-01-23 16:46:55,2018-01-29 19:36:48,2018-02-14 00:00:00
0464277e582666bde336336fd5fb9ff8,f9c989b75558c119a7ce8e9f3c2b8f45,delivered,2018-04-09 10:11:29,2018-04-09 10:30:41,2018-04-09 20:48:38,2018-04-16 21:07:45,2018-05-07 00:00:00
dbf8b161073da5d187b1b739a7dc9b86,6a6d5c560d1072a67be9ee533125d9ed,delivered,2018-04-02 22:16:22,2018-04-02 22:55:27,2018-04-04 17:11:58,2018-04-05 18:14:40,2018-04-12 00:00:00
822066c3837de6884cb8e17d97282692,1f95dbeb011c0827bbf2e50fa4624ce3,delivered,2018-01-16 13:55:23,2018-01-16 14:11:14,2018-01-19 01:22:50,2018-01-26 23:15:58,2018-02-08 00:00:00
33f11b444d480cee508b54f3cf17b079,99ca4697c2a9ce3fad29f8d3baa229c2,unavailable,2018-03-02 16:48:27,2018-03-02 17:10:42,,,2018-03-22 00:00:00
7e64c6b0a855acecee3ad0225a0e1da0,30bae38963fe905daf0372b2e7ef69a7,delivered,2018-06-30 23:57:59,2018-07-05 16:27:48,2018-07-03 14:35:00,2018-07-06 18:18:34,2018-07-25 00:00:00
a030d3d4fe79a482fd66cb2205cdd0df,2eff76851dab3f65075beafd2f4defad,delivered,2018-06-02 13:48:50,2018-06-05 04:15:10,2018-06-05 15:51:00,2018-06-06 22:18:51,2018-06-28 00:00:00
286dbc475e52044b50f115b01621cd64,14f75c00cf2b8fa72317a44b34a94e87,delivered,2018-08-14 22:19:42,2018-08-14 22:30:28,2018-08-15 13:33:00,2018-08-22 22:36:37,2018-09-06 00:00:00
3cbed01263e6284a8f07d667fc841316,038a7da8dbcc0fe71896af3e1865f5d5,delivered,2017-06-06 21:30:29,2017-06-06 21:42:22,2017-06-14 14:51:50,2017-07-03 08:57:32,2017-07-07 00:00:00
ceaa40707ccad8de8d4dab476a970483,6767bbfe747b0ea4c29acafe65ced23f,delivered,2017-12-07 22:25:35,2017-12-07 22:36:23,2017-12-08 20:27:38,2017-12-19 02:07:14,2018-01-02 00:00:00
974f9f87a3bad01b2ac72fe987505e9b,b8bd03cdd075b29c82a9c55e5cd8e224,unavailable,2017-06-09 20:25:03,2017-06-09 20:35:17,,,2017-08-01 00:00:00
1391644298485796a935f0422f8989e8,4999ed198018f2b49b17e3d27aad9253,delivered,2017-12-07 06:28:35,2017-12-07 06:50:59,2017-12-07 16:33:09,2017-12-12 20:34:18,2018-01-10 00:00:00
13cde3630a835cffb389eee14cbc0e1a,458a7594568f442693c952daece0fd1f,delivered,2018-03-06 06:16:20,2018-03-06 07:08:28,2018-03-16 23:18:41,2018-03-18 14:44:29,2018-04-06 00:00:00
4f40b7b437c07599a6f77c6ba8977dcf,b7836c761c4794953149d49ff2c9cdf2,delivered,2018-06-22 16:19:27,2018-06-22 18:15:53,2018-06-23 08:29:00,2018-06-30 13:46:37,2018-07-25 00:00:00
7002a78c79c519ac54022d4f8a65e6e8,d5de688c321096d15508faae67a27051,delivered,2017-01-19 22:26:59,,2017-01-27 11:08:05,2017-02-06 14:22:19,2017-03-16 00:00:00
eb0055f08e77f2000bff9a54e9d1b6fe,6a53e48626a46a4e383aa94f7587a597,delivered,2018-06-01 19:09:06,2018-06-01 19:31:25,2018-06-07 13:50:00,2018-06-08 16:35:48,2018-06-26 00:00:00
67fc16d6dc881afa68e40df4c30d510a,170613a781d065db789a866ce2281435,delivered,2018-04-15 13:37:09,2018-04-17 05:50:17,2018-04-19 17:58:49,2018-04-24 00:26:48,2018-05-14 00:00:00
8ab4ca9525e1f61c67972a13885d3b96,52789ab6f6e6f472133760c866d6fe58,unavailable,2017-05-09 15:29:35,2017-05-09 15:42:05,,,2017-06-06 00:00:00
6adb948b069c269ba13ff1c38ad90228,f58b85731b9703b5ae98a01f2ead6192,delivered,2017-05-22 21:09:32,2017-05-22 21:23:02,2017-05-24 09:28:18,2017-05-30 12:04:10,2017-06-09 00:00:00
2c04042e578878f9e172a2916e039ab1,b3ac241d84451f064bae2d98c28bc6c4,delivered,2018-05-17 16:36:10,2018-05-18 00:14:41,2018-05-21 14:16:00,2018-06-05 00:36:19,2018-07-11 00:00:00
1cd67597bca5df09bd7a814e8638b023,af88f4b4935d45b8c2173518c445c249,delivered,2018-04-08 01:10:49,2018-04-08 01:28:32,2018-04-10 20:48:46,2018-04-16 19:51:27,2018-05-07 00:00:00
2000818e65ff6ebca35463a38c0fb42a,a15b8caadaca76424a9b04798c3a007c,delivered,2018-07-01 20:17:19,2018-07-02 20:10:18,2018-07-04 10:57:00,2018-07-07 13:38:44,2018-07-30 00:00:00
3dd5626c63f493f8b8f8788c2be24baa,a8f345f82667eb421151dc7626147636,delivered,2018-04-27 19:50:43,2018-04-28 19:50:59,2018-04-30 09:21:00,2018-05-03 20:28:35,2018-05-18 00:00:00
d249d420eb15829afbff9cc458eddcbd,072c530f7b482d9b904977a9b7955a45,delivered,2018-06-02 07:54:58,2018-06-02 08:10:49,2018-06-05 13:27:00,2018-06-13 12:12:43,2018-07-05 00:00:00
0a1ad2c293c3baacc6b2c2d442c71acd,3257a8d4cbb3343dcf40eac13ba329cb,delivered,2017-01-18 12:51:23,2017-01-18 13:05:15,2017-01-23 13:03:31,2017-02-06 16:56:48,2017-02-16 00:00:00
b3031d607ad736c8f2d37fe9d9892aed,83228eb58f7e6d22a60b331f3d90b03e,delivered,2018-04-09 11:42:09,2018-04-09 11:55:12,2018-04-12 22:40:50,2018-04-16 19:48:22,2018-05-09 00:00:00
a3f5ecc297c3584c08399aeb5f263789,bb2141d33544f365709c91a9eaa9af31,delivered,2018-02-24 09:02:06,2018-02-25 09:28:12,2018-02-28 15:22:12,2018-03-02 18:04:06,2018-03-12 00:00:00
7388d450a08d20dd185de187942b7858,addf5a1241ebdc753159a4599bf6a712,delivered,2018-05-06 19:58:05,2018-05-07 09:32:11,2018-05-08 15:32:00,2018-05-23 22:49:42,2018-05-25 00:00:00
2f6251551aaa1868831b65a26562a692,eaebd0ddc44060878f03cbfd635fab75,delivered,2017-10-13 02:17:22,2017-10-13 02:35:15,2017-10-17 15:22:10,2017-10-26 17:30:10,2017-11-06 00:00:00
a680b5aeb5904a094623ea785dd8de53,ea2825e90057c76355711df29b7b1cf7,delivered,2017-12-29 13:21:52,2017-12-29 13:31:26,2018-01-02 21:21:49,2018-01-10 21:09:32,2018-01-26 00:00:00
70263b76209f24d8b55c928b82f19afa,22ae01e09f134b81b464f94e52dddc30,delivered,2017-12-26 17:27:17,2017-12-26 17:37:24,2017-12-27 16:58:41,2018-01-04 21:56:06,2018-01-30 00:00:00
3da325c94229aafd1a3a8e17e8487fd0,43add858d3ace93c297c7b5843b8ec70,delivered,2018-02-20 09:18:56,2018-02-20 09:30:33,2018-03-02 00:42:31,2018-03-06 18:46:50,2018-03-06 00:00:00
ef709a4dccff4d7df51305cc4f1dddde,17afd45c52122a6b1bc88f5b407804d8,delivered,2018-07-06 08:52:11,2018-07-06 09:11:21,2018-07-13 13:54:00,2018-07-31 21:35:10,2018-07-24 00:00:00
d67a186ae0a6f83219c1da52f2720049,23a3e1a5cf093002c08cc95f288e9601,delivered,2017-12-07 06:31:38,2017-12-07 06:50:59,2017-12-08 20:53:00,2017-12-11 22:51:31,2018-01-03 00:00:00
e9822c89d083afa24f5613792a5851c2,40931ef38287ec225f166b6372fa1d11,delivered,2017-07-02 22:42:39,2017-07-02 22:55:10,2017-07-03 15:21:42,2017-07-14 18:49:41,2017-07-25 00:00:00
55b7d8a3d0db6bec3060f8434a82a307,dc7bb0c31f0aa11b41f465aa1c627266,delivered,2017-05-24 23:08:43,2017-05-25 23:10:17,2017-05-29 13:09:11,2017-06-19 21:55:58,2017-07-19 00:00:00
7cc4e0f509d15c10a0ce48aa71830f55,397255ad5ddf03049261ac70cf139647,delivered,2018-03-22 18:27:48,2018-03-22 18:47:31,2018-03-23 19:46:52,2018-04-02 15:06:59,2018-04-10 00:00:00
65e7cb43b74e1b86d2625b6e5b284019,467c74fbf987fc14a3a66a3bebf52914,delivered,2017-06-09 13:54:15,2017-06-09 14:05:15,2017-06-14 12:28:53,2017-06-29 17:04:23,2017-07-11 00:00:00
903d94edf4270a663309d9371fffa08e,6698eb813ad313e4fedc71733cdd206e,delivered,2017-11-29 16:21:27,2017-11-30 13:31:18,2017-12-01 19:13:13,2017-12-14 21:27:13,2017-12-26 00:00:00
553682ad4457471eb0db66f89c9bedd5,dbafb27f4934a7d05ad5c80b5dcb8d0f,delivered,2018-07-31 13:39:33,2018-07-31 14:40:16,2018-08-01 14:33:00,2018-08-07 19:12:53,2018-08-22 00:00:00
907029a0ebab7f19cb8ae765d479df14,3c45f5b7e406047d482a6d79c17c8b1c,delivered,2017-08-13 16:21:46,2017-08-13 16:44:06,2017-08-14 18:33:05,2017-08-17 19:12:16,2017-09-18 00:00:00
e444d35248c6b1c8b408719cf0cdae3d,46ae2660e72fed9fdc61da708bf031ae,delivered,2017-06-28 16:18:53,2017-06-28 16:30:13,2017-07-03 14:44:40,2017-07-04 13:03:36,2017-07-20 00:00:00
b039e8a14e63e05271b0277dff087d82,7522d0cad9b645e773d640d12cb4a38c,delivered,2017-12-07 20:37:39,2017-12-07 20:51:22,2017-12-13 13:37:07,2017-12-27 11:18:59,2018-01-09 00:00:00
1d1b9a0b61dc765c259e60051ea75421,2544e6809c928997dae7cb8affd9a524,delivered,2018-02-02 14:23:48,2018-02-02 15:31:19,2018-02-06 21:26:51,2018-02-14 16:43:22,2018-02-20 00:00:00
fb044859ae3cc0721c694443c343aed4,68a9d3c0bf69c9cba801481e649385fc,delivered,2017-11-03 20:25:39,2017-11-03 21:31:22,2017-11-06 21:29:04,2017-11-07 18:04:58,2017-11-16 00:00:00
f64acc0cecd62080222884dac91d7e81,5509c22c5bbfd431c377cb58b9bc8da2,delivered,2018-03-18 21:44:18,2018-03-18 22:07:41,2018-03-19 19:28:32,2018-03-28 23:04:19,2018-04-05 00:00:00
871134d4fa39345ca2bcb99597ba1e32,2936278e8926cf8358e5fb5e8c4502c0,delivered,2017-07-19 11:21:57,2017-07-19 11:35:08,2017-07-21 21:37:27,2017-08-08 17:40:11,2017-08-21 00:00:00
a01cc79e3afbac4a52ce1d528080e438,f71daf549aff62ad50e839ea1086d9a1,delivered,2017-01-11 10:24:36,2017-01-12 02:45:44,2017-01-16 09:53:31,2017-01-18 11:56:05,2017-02-07 00:00:00
81d7555ffbde7261c34dca2bc0c03a06,14ad561f083cd19492c62dbc08a85c35,delivered,2017-11-20 11:46:27,2017-11-20 12:07:32,2017-11-21 20:12:27,2017-11-27 17:43:24,2017-12-12 00:00:00
33bfe472174712c99483919c79e837cd,91144b33cc295f0d746be2292acdae34,delivered,2018-01-23 18:48:49,2018-01-23 18:58:20,2018-01-25 00:12:24,2018-02-02 20:07:06,2018-02-20 00:00:00
0762fe35b71987563f8771eb6d14938f,7eecabb09b5cb3af852caa2a9ab2d9db,delivered,2018-01-24 18:07:59,2018-01-24 18:19:29,2018-01-29 23:27:54,2018-02-14 13:39:12,2018-02-16 00:00:00
ced9d48cd170ccf0a762bf379b4723fc,e17005589b4ea116d5d37e99073c8f91,delivered,2018-04-20 15:52:59,2018-04-24 18:40:04,2018-04-23 23:12:34,2018-04-24 15:24:38,2018-05-10 00:00:00
248b0e94f86d91bf3538c663bb08846c,2d4b23d6d122d97cb32831c8cf0b3f15,delivered,2018-03-02 09:18:55,2018-03-02 10:00:28,2018-03-02 22:46:38,2018-03-23 17:08:37,2018-03-26 00:00:00
a653118477695685c772ca3b7487d11b,b6e12b51dee3f72d5843abc004bc833b,delivered,2018-05-03 18:38:37,2018-05-04 11:33:19,2018-05-07 15:31:00,2018-05-11 17:21:41,2018-05-23 00:00:00
0afd81117f1c67a42890fb705304cb8d,bf190d6af2a721491dd403d53ce2527c,delivered,2018-07-10 17:47:51,2018-07-10 17:55:53,2018-07-11 14:45:00,2018-07-13 19:40:48,2018-07-26 00:00:00
5502aebd362ed11913b17bca3aab7d69,5536ad8d7b98b0ed6ad239682275b66d,delivered,2017-08-24 07:25:57,2017-08-24 07:43:51,2017-09-04 19:42:21,2017-09-08 20:35:43,2017-09-18 00:00:00
a4d8b3c1132983dfcb92224110473f5d,bd52d6038b05ad568e194c06b89fc4e3,delivered,2017-08-14 16:56:14,2017-08-14 17:10:16,2017-08-23 20:16:32,2017-08-31 19:11:11,2017-09-14 00:00:00
0b34b5b5c46c8870d8a0a667d2f6bb4e,f819ee076bb9edaef215114f813e9738,delivered,2017-11-25 13:18:01,2017-11-25 13:34:00,2017-12-01 18:36:41,2017-12-11 20:09:27,2017-12-22 00:00:00
1d99187d9f0f50da550071fbba6d50c2,222045e44210159d75ac338d6fd1bd05,delivered,2018-01-27 10:31:21,2018-01-27 10:38:21,2018-01-29 18:32:39,2018-02-03 00:22:45,2018-02-14 00:00:00
b72a8ad380aaa28c3f4b75f754d26def,41fb9838de2f4b8adf9559010af158f3,delivered,2017-09-24 14:59:52,2017-09-24 15:15:09,2017-09-26 17:52:34,2017-09-28 17:11:48,2017-10-17 00:00:00
979c4326cc15330dd0b1e4547e25e81c,e4dc2f565cd58a95a1f952a6a8e4e74e,delivered,2018-04-23 21:16:12,2018-04-24 18:21:35,2018-04-24 18:19:23,2018-05-03 19:46:56,2018-05-15 00:00:00
a88f591ce78a76e91c1a9f91eca4fe24,be98f3be949f955c594fb2854597f133,delivered,2018-04-13 16:15:46,2018-04-13 16:32:49,2018-04-19 11:38:37,2018-04-26 10:27:22,2018-05-07 00:00:00
0221d784b11a24077b3531e860b73434,2e8a717f1328396791b375f2d401def0,delivered,2017-12-14 09:40:40,2017-12-14 09:52:40,2017-12-14 21:42:14,2017-12-26 23:19:06,2018-01-12 00:00:00
18f39cbc016f34a22c870ef03cba5641,92566e623b70efba98063150b200cba4,delivered,2017-12-31 22:14:53,2017-12-31 22:26:35,2018-01-02 18:35:39,2018-01-22 22:57:47,2018-01-31 00:00:00
640806202f1eda384c725b1c24118968,1fce054f8184df5c7a4b5d5aec6fb2bf,delivered,2018-01-07 21:30:12,2018-01-07 21:39:26,2018-01-10 00:03:51,2018-01-24 00:15:20,2018-01-29 00:00:00
7e5db9e4a8de1e5908fa74963fd30e41,d3488e0fe542621a715eb2b6a4f203ba,delivered,2017-10-06 08:22:58,2017-10-07 02:44:43,2017-10-10 20:38:57,2017-10-14 16:43:52,2017-11-07 00:00:00
30e1842e97acf7abf6d5f3d36ecedd7c,3d457252f3e67466b6e8b1951b29ddac,delivered,2018-08-13 11:17:13,2018-08-13 11:44:17,2018-08-14 11:29:00,2018-08-17 20:11:51,2018-08-28 00:00:00
6f3257f5d312b32a49d12e934af13545,b2489ddb52242fade15d2b47cbeee030,delivered,2018-04-25 23:43:05,2018-04-26 23:49:37,2018-04-27 16:14:00,2018-05-08 13:38:25,2018-05-22 00:00:00
8a4473ef93bedc3e12f0d05d9925f4b3,42b62ee4c1223c3e3518be5a69946746,delivered,2017-09-05 16:41:37,2017-09-07 10:33:40,2017-09-11 12:23:56,2017-09-20 11:23:08,2017-10-04 00:00:00
621e872311397c42f0b553c82785d56e,fc99c647ea0438ef017c02573a18ac07,delivered,2018-07-27 12:46:51,2018-07-27 13:04:21,2018-07-31 12:58:00,2018-08-06 19:28:22,2018-08-16 00:00:00
595f0b273d4e8ffd1efbad2beb3b3a9c,4b246f130ea11f8d194bec65b87a46e5,delivered,2017-06-29 22:40:23,2017-07-01 04:43:28,2017-07-03 15:21:39,2017-07-10 19:38:28,2017-07-21 00:00:00
8906f8628f9d017732e7c6f40fbc57a0,8e8f17531981e12cd96f9795a5c1176f,delivered,2017-08-15 15:41:51,2017-08-17 02:50:44,2017-08-24 16:53:49,2017-08-29 17:58:19,2017-09-13 00:00:00
8d02084669f5b4bd784dba858f55bcd6,820f5eb4c2ed16c96bccf47e7b21f44d,delivered,2018-04-09 17:09:08,2018-04-10 22:29:39,2018-04-17 21:23:15,2018-05-02 21:11:06,2018-05-09 00:00:00
27a6325c93e53bfae0a9b94bc263293f,7c2e9dc6dc40a13459ac05fcfddf0639,delivered,2017-09-09 16:08:25,2017-09-09 16:23:56,2017-09-11 18:26:00,2017-09-20 17:32:35,2017-10-03 00:00:00
bc0198f5ae1390929c3106becf240aae,9118fd0dcc9459a4ceaff8b478718a36,delivered,2018-08-17 00:25:31,2018-08-17 00:49:14,2018-08-17 13:20:00,2018-08-23 14:28:45,2018-09-06 00:00:00
a2eca95fe0a3ac12cb72449511a11fd6,662ddf0130a11a237c514379f34c3e25,delivered,2017-10-06 08:40:50,2017-10-06 08:49:20,2017-10-11 22:06:45,2017-10-16 21:52:18,2017-10-30 00:00:00
675b0980a1c53e959dc721b6e608997f,b3e2d25661bc36bf407b8ca0b6087708,unavailable,2017-08-16 21:54:45,2017-08-17 00:04:48,,,2017-09-12 00:00:00
a87ac74e82a6dc5d976c350530f2655b,fc0882280024acdc05099f791169a939,delivered,2017-07-04 13:37:14,2017-07-04 13:45:11,2017-07-05 14:59:41,2017-07-14 19:06:47,2017-07-26 00:00:00
767595f6cbb3f45f3d3fced0aecc7fed,971928f2e125b0d9b0d51e24b0c682eb,delivered,2018-01-18 15:57:06,2018-01-18 16:16:27,2018-01-19 22:13:44,2018-02-09 15:35:08,2018-02-19 00:00:00
141d3bf5aa7128f40bf2a60cef620b93,c04a2307a632d018118403bd57ce1395,delivered,2018-05-02 16:05:21,2018-05-02 17:32:00,2018-05-03 13:49:00,2018-05-11 23:42:22,2018-05-24 00:00:00
9e48259dcc212e0343e11086490f15f8,2b730cd68350263273094dec76ef3073,delivered,2017-08-03 18:30:57,2017-08-04 06:45:21,2017-08-04 18:07:48,2017-08-10 18:27:08,2017-08-25 00:00:00
1ff2b191106588727c913321d52db56f,02989a5bf256c6a23900bb011fa0f919,delivered,2018-01-10 12:28:49,2018-01-10 12:35:23,2018-01-10 20:08:30,2018-01-22 18:05:32,2018-02-09 00:00:00
5b9e437b9b8c217c1e35158aeafc2102,dfa8547fa65cf8971c91c4102eba6180,delivered,2018-04-20 00:23:34,2018-04-24 19:06:45,2018-04-23 15:06:33,2018-04-24 15:32:18,2018-05-07 00:00:00
1ba709b2606b232b367cb08a49738fa1,7f72c366833450b2a3d61fd7166b3add,delivered,2017-11-26 09:33:26,2017-11-26 09:54:26,2017-11-28 00:24:33,2017-12-27 22:21:52,2017-12-11 00:00:00
04f89a77d1fcc3178c1a374b5cc61a52,a33c79acaa70b8dca9c354383ffa9781,delivered,2017-11-26 22:25:25,2017-11-26 22:37:31,2017-11-27 17:39:06,2017-11-30 00:38:34,2017-12-11 00:00:00
b415a35a700ab8411988f58b4db6daf4,02752ad42b3d725c49a1194731564a0a,delivered,2018-01-08 18:19:20,2018-01-10 10:32:50,2018-01-10 22:26:45,2018-02-02 23:58:59,2018-02-09 00:00:00
4ee9f49f270f78d4fc48d16080c0bf2b,162eb826a0678ae969912c2f4edf358c,delivered,2018-04-16 17:49:40,2018-04-17 17:10:47,2018-04-18 20:31:14,2018-04-30 14:38:54,2018-05-10 00:00:00
aaf7224fd4c85294460d9c42a803a7a5,24239aa9e44e1461b902453c03425010,delivered,2017-12-16 11:28:55,2017-12-19 09:30:37,2017-12-19 21:57:53,2018-01-08 18:54:13,2018-01-17 00:00:00
273120c482a64369a7a64743e245c979,e261f0cf92ea24cfef2b63f9f3a0e6f7,delivered,2017-04-27 23:39:16,2017-04-29 02:43:10,2017-05-04 07:56:27,2017-05-16 10:47:53,2017-06-13 00:00:00
ab5f199b8bdeb7e529bd36b79766cdc6,c4d9cce6be1cdccf5d4b0378b7420405,delivered,2017-09-24 20:58:08,2017-09-26 06:34:36,2017-09-28 14:36:01,2017-09-29 19:44:45,2017-10-11 00:00:00
c0f2ea4b21ba7cf42168794fcc92560a,daa17889b60a7fd60a1258928e19c94a,delivered,2017-12-10 18:15:03,2017-12-10 18:29:53,2017-12-13 22:18:43,2017-12-24 12:59:50,2018-01-08 00:00:00
3cb7837e1a9c1bffae26ac626bc51b54,852ebab4e4fd1db787cbfd010b8ba758,delivered,2017-07-13 13:53:47,2017-07-13 14:05:29,2017-07-14 16:42:16,2017-07-20 18:57:52,2017-08-07 00:00:00
9b332bc19bbe82226b87fb330786ac04,5bfb474e36c30edca9b87dc8d64ede13,delivered,2018-06-01 19:16:12,2018-06-04 09:30:14,2018-06-06 13:57:00,2018-06-19 20:19:43,2018-07-18 00:00:00
bae6774d132c3ca4920c1998172a1ff7,fc2c86cf520547aef5ac0c410a6ef7a1,delivered,2018-04-24 14:56:25,2018-04-25 04:11:13,2018-04-25 14:12:00,2018-04-30 14:57:43,2018-05-15 00:00:00
e7502198c4c3631116855ae6a8df1725,5e3f8b9a2f9e4ea10ecf656c60412548,delivered,2017-05-08 11:59:25,2017-05-08 13:02:59,2017-05-09 11:24:39,2017-05-12 11:24:49,2017-06-05 00:00:00
d35551f33906e01d035a5f40e1bd1732,bef299a2a64318827d1d0fc04512b405,delivered,2017-03-14 12:30:17,2017-03-14 12:30:17,2017-03-15 10:33:02,2017-03-23 14:38:50,2017-04-04 00:00:00
a7e6fba3426b2524d4ae03c6bcd147ee,10774c3bd46abb71735156fc85b987c4,delivered,2017-11-20 22:30:23,2017-11-20 22:38:50,2017-11-27 14:58:25,2017-11-29 00:53:33,2017-12-01 00:00:00
bc41a96f4cf87290c5447020f6ac56ba,ec0984f9b037098d69b0c09fd64d0b02,delivered,2017-03-03 18:53:17,2017-03-03 19:05:14,2017-03-10 15:21:50,2017-03-14 17:07:00,2017-03-28 00:00:00
a600cbfa2fc560a5f610401df5ad1c3c,c234ad158462f9be1addcd58a1db44d2,delivered,2017-10-25 10:08:14,2017-10-26 10:08:12,2017-10-26 15:43:48,2017-11-13 23:27:24,2017-11-22 00:00:00
b3c04e10f26d07b42c0a956f11eb18ff,35501ba94ff1f47d8ed65ad2670c9282,delivered,2017-07-06 15:03:51,2017-07-06 15:15:22,2017-07-07 19:51:55,2017-07-13 18:39:28,2017-07-28 00:00:00
199d865a833111b42fa9115901dbf975,e3742242db3768f9350899416830cafb,delivered,2018-04-10 17:04:52,2018-04-10 17:32:05,2018-04-11 20:38:41,2018-04-16 18:36:38,2018-05-09 00:00:00
fdbbb1715d0c62c714e2a8178b95dd54,4eee43e4ae51748483930117ac32369d,canceled,2018-05-20 21:30:58,2018-05-20 21:50:38,,,2018-05-29 00:00:00
86603549dc4dc577ba20b693ecb5daca,94acbdff64edaeb307c7bcd31bedcde5,delivered,2018-06-06 15:55:22,2018-06-06 16:14:34,2018-06-14 14:36:00,2018-06-25 23:26:25,2018-07-19 00:00:00
33c5dbe43ca27f9986dd3c0f02b94286,170787bace0c599e49da09f21100cb1e,invoiced,2018-03-06 00:58:52,2018-03-09 20:35:25,,,2018-03-26 00:00:00
6361934420f488713f6afe6ecb2500b2,7a483a6e302a4c1c8879a20ea201864c,delivered,2017-12-05 22:39:37,2017-12-06 02:50:09,2017-12-06 23:33:00,2017-12-10 14:19:21,2017-12-21 00:00:00
b26ee85b15728fcd633f442f61e8c828,e9f803e0e1cfdfe5ad1458c8551bc7f1,delivered,2017-07-06 23:55:06,2017-07-07 00:50:15,2017-07-07 20:59:21,2017-07-17 20:41:11,2017-08-09 00:00:00
3c842261892c32fb5ce15222b72fa6e0,714f3ff34cd22b97f37d42bdef4bbc88,delivered,2017-04-18 13:05:04,2017-04-18 13:15:11,2017-04-19 08:22:40,2017-05-05 16:57:48,2017-05-23 00:00:00
5cd162546fa462ea71132e5419ab9f09,e256d3da02ebeb6de514cf0abfcd534d,delivered,2017-09-12 17:27:02,2017-09-12 17:44:52,2017-09-12 23:26:31,2017-09-28 20:03:38,2017-10-10 00:00:00
9ecc7884797c901042fe3114f1e59f5f,cc89835f7bbd6f0ab15a0b5594605998,delivered,2017-12-09 17:41:47,2017-12-12 03:39:34,2017-12-14 00:38:42,2018-01-03 16:16:36,2018-01-09 00:00:00
a0b5b18e1a88382e88da5352bb3dcc3d,c17bd91b1e06ffc95d4b255931dfae97,delivered,2017-03-04 16:27:08,2017-03-04 16:43:13,2017-03-06 14:22:16,2017-03-15 08:03:50,2017-03-31 00:00:00
e73484c0c2a3c82b81f0e333e68d471d,e6334a908bc96a6498c9270676a2ca41,delivered,2018-06-20 00:02:09,2018-06-20 00:16:49,2018-06-20 14:55:00,2018-06-25 18:47:49,2018-07-13 00:00:00
a8f2de0bd364d148696276ada61777f7,5f7a57e2b8a60c5504cf3d41c267b0f1,delivered,2018-05-22 11:59:15,2018-05-23 08:39:21,2018-05-23 19:01:00,2018-05-24 18:58:47,2018-06-05 00:00:00
0acc21fa1eb63678e12042b84f8f9d49,082d62ce77055d3e52dcd10c1e2ddd2d,delivered,2018-08-23 12:32:01,2018-08-23 12:45:14,2018-08-23 13:38:00,2018-08-29 19:57:28,2018-09-18 00:00:00
0121cfa7c946e6589f50d7012d3eb5eb,4797fb67b3991c9513486658f6d694fd,delivered,2017-08-30 11:47:28,2017-08-30 12:50:18,2017-08-31 21:36:02,2017-09-06 20:06:08,2017-09-26 00:00:00
094067c0f56b5d0a4dbad0aa60bd26a6,8b732006d93eda03060a52ce6bc22acf,delivered,2018-03-16 07:01:56,2018-03-16 09:06:36,2018-03-17 00:32:13,2018-03-17 15:48:47,2018-03-28 00:00:00
d9745e8f7f6aba12a179d1e0641051c7,dbadf55e573c2aa40903dd0daa617d4f,delivered,2018-03-08 23:56:20,2018-03-09 02:02:48,2018-03-09 16:48:35,2018-03-13 14:10:41,2018-03-27 00:00:00
916fdcba975b61d1b124bc2e79b2bf87,e0e81d6dafebf0a0cbb332a231fc95f0,delivered,2018-06-08 20:36:28,2018-06-08 20:59:24,2018-06-12 12:38:00,2018-06-20 11:56:19,2018-07-13 00:00:00
906c0311a3334730009a5ef558c391a9,f43c413aeb26cb21ea78c2ba8d7d3a74,delivered,2017-09-26 03:29:28,2017-09-28 02:49:49,2017-09-28 17:25:20,2017-10-02 21:15:14,2017-10-18 00:00:00
517505d25c8775dd836ecb4e308917a1,d6aeebaa342ead97cc1b16e47d59b867,delivered,2018-04-16 15:56:30,2018-04-16 16:10:56,2018-04-18 00:59:52,2018-04-25 00:12:15,2018-05-15 00:00:00
f76887473f528c398659936663331251,696a9ef6ad57273c88e865b52f3f121a,delivered,2017-11-03 20:03:34,2017-11-03 20:30:52,2017-11-07 14:38:42,2017-11-13 17:39:21,2017-11-23 00:00:00
c2ea797d51d65bf537180b09a90a8e6b,136e2c8c718aedc13d5304f0196c8178,delivered,2018-03-20 09:49:45,2018-03-20 10:08:09,2018-03-21 19:08:34,2018-03-28 22:26:24,2018-04-12 00:00:00
66355bca3dfaa134e807687ade5d3330,60668013b65cb5ce1ac510221b9af243,delivered,2017-08-16 10:59:06,2017-08-16 11:31:55,2017-08-18 20:33:05,2017-08-23 19:40:12,2017-09-20 00:00:00
905cf34043925642f36abb99eea3f3d6,9cc971992ce857d4f7ca2cbe0e6527ad,delivered,2018-01-24 14:23:40,2018-01-25 19:13:19,2018-02-15 20:04:46,2018-02-28 23:43:40,2018-02-20 00:00:00
aa5e534574a9f7b3b8d2197ee978af4b,cd364daef2e9c1cd294de16a8aa22844,delivered,2018-03-23 17:39:12,2018-03-23 17:50:49,2018-03-27 17:41:21,2018-03-28 19:11:52,2018-04-06 00:00:00
0e5d0ad4560f5151e3a5f605f5799138,6586420cfcd5cde6e764b531b51063f2,delivered,2017-04-02 13:35:00,2017-04-02 13:45:15,2017-04-05 14:20:09,2017-04-10 13:04:49,2017-04-26 00:00:00
50f565fbb2600be9ece2189e2e88af7d,04bd48b39172643799a1dc84ebb98deb,delivered,2018-03-19 13:11:24,2018-03-19 13:56:10,2018-03-21 17:48:54,2018-03-23 22:44:31,2018-04-10 00:00:00
b99b5f149263f07c55586983071c466e,16e6da5752d944112a52cf53291ed0b6,delivered,2017-12-21 01:13:33,2017-12-21 01:30:32,2017-12-21 22:13:33,2018-01-09 00:24:33,2018-01-22 00:00:00
71d69f67014a0966287a08bd24bb0324,cb783202236a8f0f033742f0381fc541,delivered,2017-12-28 20:35:29,2017-12-28 20:46:37,2018-01-02 21:29:20,2018-01-05 13:29:21,2018-01-23 00:00:00
b9babcd3be5ab7aae890f68c9fb4ccc8,41382c6cd1d97c0f778023549dcd51ac,delivered,2018-04-25 09:11:40,2018-04-25 09:33:19,2018-04-25 12:44:00,2018-05-02 15:09:04,2018-05-25 00:00:00
4424e229c586b51536fe200e207c8f84,85e1f0efd5bd913c062b8f25b12ceec7,delivered,2018-03-14 00:19:49,2018-03-15 03:29:32,2018-03-15 19:36:30,2018-03-16 20:02:52,2018-03-26 00:00:00
7216ce968c7d0e2648617fbdbf7933d1,6b20ea89a9436cef4f37c0c401f46b6a,delivered,2017-10-06 08:49:54,2017-10-06 09:07:13,2017-10-09 15:46:40,2017-10-17 00:08:46,2017-10-30 00:00:00
7ab608f5a744c8f9c9c449fe54de96de,8aeb0bfe3d5463fd1f845f933a468e70,delivered,2018-04-04 19:53:51,2018-04-04 20:08:44,2018-04-06 21:21:50,2018-04-13 22:51:09,2018-05-04 00:00:00
fb6f9beaf3a466694906162da16202d9,f8cdab003c25a5efc111797e8ee9a8ba,delivered,2017-03-31 16:27:33,2017-03-31 16:42:10,2017-04-03 13:13:07,2017-04-05 11:00:16,2017-04-25 00:00:00
1508d47584249ae1045eb47cf1653ded,b0aaac25cac80dcf398faeb698c0dd27,delivered,2017-10-19 13:52:01,2017-10-19 14:07:38,2017-10-19 20:25:31,2017-10-25 21:47:27,2017-11-07 00:00:00
bef2faf755e64de2b34c1439e05626e0,bc23bfcaab875a4cad5badf9e7f3123c,delivered,2017-02-15 14:09:34,2017-02-15 14:23:11,2017-02-23 14:57:33,2017-03-06 08:45:47,2017-03-20 00:00:00
8b531c937807bb67b6cfb0afa1be6ee3,966f8c197219f574e737b722cf1dbac4,delivered,2018-06-10 19:37:05,2018-06-10 19:51:42,2018-06-11 15:07:00,2018-06-13 16:38:46,2018-06-20 00:00:00
de87be44e83ebc323acd6d4caec3ca57,338804134cde889d5f389c3fb09daefe,delivered,2017-10-26 14:08:44,2017-10-26 14:29:15,2017-10-27 16:28:31,2017-11-27 18:49:11,2017-11-14 00:00:00
cd974875c10f96dfe6a717e02c625feb,07a034ecd1c160818de9be09a9d24bea,delivered,2018-08-05 09:58:57,2018-08-05 10:25:16,2018-08-16 11:47:00,2018-08-20 19:09:40,2018-09-03 00:00:00
e51b03b501b229c0921929d10f0a36bb,e5a91a4de75365c5a020bf937b52dc77,delivered,2018-04-14 08:14:17,2018-04-14 08:31:05,2018-04-30 14:07:00,2018-05-03 13:58:39,2018-05-11 00:00:00
6611ba034599c08d41ef42aced5adecd,cf33500c8660f369fe867416807d8a6c,delivered,2018-05-17 16:37:19,2018-05-18 00:14:35,2018-05-19 07:50:00,2018-06-05 23:52:04,2018-06-06 00:00:00
ba84f6aec57aa48ee3eb1b97964354e5,fd4a20f415cf462c50350f55c9391a77,delivered,2018-08-21 23:02:33,2018-08-21 23:10:13,2018-08-23 12:53:00,2018-08-24 17:48:55,2018-08-27 00:00:00
1c961234d514101345679cb6028102fa,c02e3f49196e557d35818cea44fd76b6,delivered,2017-08-25 12:23:08,2017-08-25 12:35:27,2017-08-29 20:22:43,2017-09-11 21:12:31,2017-09-25 00:00:00
f713f69364d66b2020e04ec8892d1285,72a03d436c15b5093f8d9022b8fea8e6,delivered,2017-06-02 16:34:22,2017-06-02 16:45:25,2017-06-14 09:58:07,2017-06-16 14:53:04,2017-07-05 00:00:00
e317f41180b8a6fa3ce86b6fba6ac3fa,6285f604fa70a13975a094497da3bf6b,delivered,2018-06-25 20:52:04,2018-06-27 08:54:31,2018-06-27 07:37:00,2018-07-05 18:32:09,2018-08-03 00:00:00
999a1e26ec873f85a13a3a4e3dffb5a2,b9a06c236a0668f4320a9c72534e7812,delivered,2018-02-14 10:07:30,2018-02-15 04:10:59,2018-02-22 17:25:12,2018-03-01 10:37:43,2018-03-20 00:00:00
ef51a7ade9fbb3f9fb91ce79e86591dd,5caa99c6242666cd98a7b02e8a8caa50,delivered,2018-02-03 10:23:54,2018-02-03 10:35:29,2018-02-08 00:21:56,2018-02-19 21:49:00,2018-03-01 00:00:00
dbfc85111e9812da1a864f78aaf6d282,6f831ab314ae38169aef4169d06d2429,delivered,2017-11-22 11:56:01,2017-11-22 12:06:30,2017-11-23 19:09:14,2017-11-24 13:18:14,2017-12-04 00:00:00
8188245de83e27d91f5454e5ce159b89,cf442293068fe81b9f4f4dddb9ce3f6d,delivered,2017-11-04 12:02:04,2017-11-05 12:10:34,2017-11-07 18:29:13,2017-11-14 19:45:54,2017-12-06 00:00:00
4c074254980764fecff977c97ce88c4d,25b97380259fb4fa328c4ab94b33c81f,delivered,2017-12-12 11:14:59,2017-12-12 11:28:54,2017-12-15 15:20:27,2017-12-21 00:22:47,2018-01-05 00:00:00
b293c4fde0d98fba95ab1e4b93334005,daa3f06ac09105d630aa53e639b385ca,delivered,2017-08-27 14:55:41,2017-08-27 15:05:33,2017-08-28 14:24:51,2017-09-06 17:54:54,2017-09-25 00:00:00
8a0ff8191c4dd240e18114ec66889ec5,70360e02ab805b07f9f7f0a617b72bc6,delivered,2017-09-26 18:32:32,2017-09-27 20:14:19,2017-09-29 22:47:33,2017-10-12 17:39:47,2017-10-19 00:00:00
f454701e5160f7518990fcac29a81932,dc47946c59cec7bb8590aadf5f667ac6,delivered,2017-02-09 22:25:41,2017-02-10 06:50:09,2017-02-10 12:07:39,2017-02-17 15:44:46,2017-03-10 00:00:00
00998f38df3012359ef195ca75ebb329,592fe733eef8c8ab12d27a84a98c94a6,delivered,2018-05-11 11:52:34,2018-05-11 12:17:02,2018-05-14 12:42:00,2018-05-18 14:52:38,2018-06-08 00:00:00
509098735f5ef060b30337a4261fe363,4899bff53cc2d4206fb88c42ba7d27b0,delivered,2018-01-09 18:53:36,2018-01-09 19:09:31,2018-01-11 00:38:53,2018-01-16 20:28:51,2018-02-02 00:00:00
b9d5fdd84b13a6539a7a5e8851aef828,479fd4d4bc4307595d06249bfc2f70b7,delivered,2017-11-20 14:49:01,2017-11-21 04:06:56,2017-11-21 21:47:58,2017-12-05 20:47:07,2017-12-18 00:00:00
4519e07ee266cdb76e23c0fb163b6b32,e4a99835448411bc518166299f50f2d8,delivered,2017-11-24 15:09:28,2017-11-24 17:20:33,2017-11-29 23:51:56,2017-12-06 22:33:08,2017-12-14 00:00:00
5d85cc48fc6c9edcf1933e6e66de1a47,4930451de9b3bf498e8ed2aa06c9421c,delivered,2018-05-03 19:31:30,2018-05-04 11:35:19,2018-05-04 13:12:00,2018-05-11 17:17:38,2018-05-30 00:00:00
89844d8832c881326923a2cf804b72cd,b8b71bb850d115b6147cb431453059cd,delivered,2018-05-23 13:53:31,2018-05-23 14:14:33,2018-05-25 13:58:00,2018-06-05 19:47:00,2018-07-02 00:00:00
5355341d3b3fe35edbd80e7c7898551f,8dc9064ed50605925c539815b560c78e,delivered,2018-06-17 19:21:01,2018-06-17 19:38:31,2018-06-18 15:40:00,2018-06-21 20:03:36,2018-07-23 00:00:00
5e301cd08b777c3ccd87ec64498e785d,095ff0d98c32ab487eda814891094a49,delivered,2017-05-03 17:24:18,2017-05-03 17:35:12,2017-05-04 13:36:53,2017-05-16 14:40:10,2017-06-13 00:00:00
8a1173c84bbf754f61daf556a62fe1ed,94592fdb883217ce1d1c1436fb77890e,delivered,2017-04-04 13:01:04,2017-04-04 13:15:17,2017-04-05 11:03:39,2017-04-10 09:44:00,2017-04-27 00:00:00
6ff0c72cd26c7ea730935abff483f2e8,088748a6b4f6a4042e04da23b9b0940c,delivered,2018-08-04 21:05:04,2018-08-06 22:25:10,2018-08-08 15:43:00,2018-08-16 00:24:41,2018-08-31 00:00:00
3cc744d9a46682c354778726d30e384f,52fbd9fb0561eb0384eb3e5649d2a640,delivered,2017-10-25 00:25:07,2017-10-25 00:56:57,2017-10-31 20:42:35,2017-11-07 19:31:57,2017-11-17 00:00:00
782b00205051ed11c71726e9554e788e,8ac4417f93e1cd022e92837a030182a7,delivered,2018-03-18 22:52:15,2018-03-18 23:07:44,2018-03-21 22:56:24,2018-04-03 01:16:51,2018-04-09 00:00:00
0b691ae66d643c4c266fd72bd6ce77ce,06bf27b49c6c26aa688482c2f76ada5e,delivered,2017-08-12 23:18:04,2017-08-12 23:30:17,2017-08-18 19:09:43,2017-08-29 20:44:29,2017-09-05 00:00:00
8d82989b46a15271fe364e6492758722,43ea8f218eab9dfb67ad0142ddb4ae7b,delivered,2017-10-18 01:12:36,2017-10-18 01:46:05,2017-10-18 19:48:29,2017-11-01 17:07:38,2017-11-06 00:00:00
857a663ea88d0f7a0bbd031f0903cbc2,4d96c7fe8fdf1b142ff0404a71f642de,delivered,2018-06-13 12:40:46,2018-06-13 13:02:43,2018-06-13 14:48:00,2018-06-15 19:57:00,2018-07-11 00:00:00
c37e2c9cccce36f396d3b958b8bc1574,f8815e1c537548d19be6436b7db48334,delivered,2018-02-10 22:39:20,2018-02-10 23:48:24,2018-02-14 22:45:12,2018-02-18 16:32:32,2018-02-26 00:00:00
af61f699b2799a4ec2d24e0034c0a3ae,aa08b1d5c82aaeea270440453827c5d9,delivered,2017-04-30 23:48:13,2017-05-01 00:42:41,2017-05-04 14:14:49,2017-05-09 08:12:02,2017-05-23 00:00:00
566fe59dc8f089f27c0e739a3891581a,38d54a9478904bfa6d7fca2b36be9fdf,delivered,2017-08-03 11:03:47,2017-08-03 13:55:07,2017-08-07 19:15:38,2017-08-08 17:18:00,2017-08-16 00:00:00
ccc4274862635573537b10ab2e055926,e7ba4647b3f1a9a08dcf8205ce6ad1f1,delivered,2017-10-09 15:35:13,2017-10-09 15:49:26,2017-10-13 18:23:55,2017-10-24 19:36:56,2017-10-31 00:00:00
c237167dd6b573071accd0996f0152b6,0807369bb83601c51ef29aa70fc9cd66,delivered,2018-05-11 20:36:36,2018-05-11 20:57:05,2018-05-16 15:29:00,2018-05-25 09:03:40,2018-06-07 00:00:00
83f307792a5e44febc1eb0309679051e,12c72c83c8598e9978e923c0b39d8077,delivered,2018-03-11 18:38:22,2018-03-13 04:11:01,2018-03-15 12:12:45,2018-03-30 00:10:54,2018-04-10 00:00:00
fb58bfd81a8521707b1bc039498f79fa,a367008336a850d24efc16b193f8e8b0,delivered,2017-11-13 13:05:04,2017-11-13 13:15:31,2017-11-21 19:28:54,2017-11-27 22:37:41,2017-12-04 00:00:00
ea08d6964c36fe88296fb1f063a854c4,0dcc5ef57fa1ced9eefd67ddff8d4cb3,delivered,2017-11-29 08:28:23,2017-11-29 09:30:20,2017-11-30 17:54:34,2017-12-01 23:05:30,2017-12-13 00:00:00
813580ab673df29946d1c252fe231f9a,830bd6bef6859ef08f69d1a6ba06d655,delivered,2018-02-27 19:33:49,2018-02-27 20:09:25,2018-03-02 02:18:51,2018-03-20 17:56:45,2018-03-29 00:00:00
5fae8446818acd6c452f8dead61ba683,6c02179fe2a3f832fec9c652dfdaa50b,delivered,2017-10-15 14:56:08,2017-10-15 15:07:13,2017-10-18 19:22:26,2017-10-23 20:48:38,2017-11-01 00:00:00
393a6c33172f80f95ddcb31d61f6368f,1969cdc47033bdbeaf28db2ee4767fb4,delivered,2018-03-06 14:07:38,2018-03-06 14:15:37,2018-03-08 22:16:29,2018-03-09 14:21:30,2018-03-16 00:00:00
4d7dc7fe5a388ead18c9355d74c49998,dec4cf257efa4166891e0b40f0c9c7b1,delivered,2018-08-21 07:48:58,2018-08-21 08:09:46,2018-08-21 13:59:00,2018-08-24 23:21:14,2018-08-24 00:00:00
93882e0a79db6b5f436e91f64595b3a3,a1f193332fe485fa5f9698574293a57c,delivered,2017-09-13 15:20:19,2017-09-13 15:38:11,2017-09-15 13:52:12,2017-09-20 13:08:19,2017-09-29 00:00:00
7744b010dedfdb100e51ac9096022331,708f92fedcdcc81215419faa0026b753,delivered,2017-05-24 13:47:09,2017-05-24 14:02:38,2017-05-25 10:14:41,2017-05-29 10:33:02,2017-06-19 00:00:00
9c907683320520537fb677e28c4b5629,0472d52fc0d9de11035845057654052f,delivered,2018-01-16 17:18:59,2018-01-16 17:33:05,2018-01-19 19:09:00,2018-01-23 20:35:29,2018-01-31 00:00:00
d80b6cf3c5089af37bc9dae7cbafc3b7,bd578b82a00259e0967261b85a0d3f7c,delivered,2018-04-01 20:56:06,2018-04-01 21:10:25,2018-04-03 23:46:30,2018-04-10 00:03:38,2018-04-26 00:00:00
8a8d5579f5323798786ef799344781b0,dbb34416e5ca65c3e7af17da603a723e,delivered,2017-10-19 17:28:56,2017-10-20 02:49:35,2017-10-20 20:22:37,2017-10-24 19:13:54,2017-11-14 00:00:00
12fb2d2b590f7359e3b473456bd1ca87,b9e7d8b529d10203729359b4660021ec,delivered,2018-07-04 08:11:03,2018-07-05 16:21:01,2018-07-10 14:33:00,2018-07-12 18:31:14,2018-07-19 00:00:00
62d3343ff5b8b9b2465b68369d7dce80,15ae2b9627becd5f2a8ae9c48471ef7c,delivered,2018-07-03 12:10:13,2018-07-05 16:34:56,2018-07-06 10:44:00,2018-07-10 13:14:48,2018-07-18 00:00:00
eedc6468311e8bd6f486d10ceef187f9,5fabc533f674be519dbec34d861afe1f,delivered,2018-04-22 16:03:02,2018-04-24 19:22:41,2018-04-24 19:11:44,2018-05-17 15:12:51,2018-05-24 00:00:00
607e1a17f3e649f24abe13bb0dd25abe,d2b9844cccc9747ba112cae367d1a551,delivered,2018-05-17 02:28:51,2018-05-17 03:35:21,2018-05-17 13:59:00,2018-05-22 17:24:33,2018-06-21 00:00:00
e94de2da68be96cc9b05b8dfc378f03c,e5ce5ae0c7389bf518ca10a19088e27e,delivered,2018-07-27 08:30:45,2018-07-27 08:45:09,2018-07-27 14:50:00,2018-08-02 22:57:54,2018-08-13 00:00:00
90f94ceb94e0651a95abaccfaf7d8fc5,be229efb8c41bb502af08614897bad70,delivered,2018-05-13 00:15:40,2018-05-15 04:35:17,2018-05-16 15:08:00,2018-05-18 19:32:35,2018-05-28 00:00:00
c308d0d781ddbf00ef974e5dfd79d746,2c2c6d6306525aa4e3b0508924c7e553,delivered,2017-04-23 11:12:58,2017-04-25 07:55:48,2017-04-25 14:05:41,2017-05-01 12:36:47,2017-05-11 00:00:00
f338343b96ced9d8ba7f84a53fd69a40,265b87c2715d7f3be7b5585693dab64f,delivered,2018-06-29 11:04:42,2018-06-29 11:15:09,2018-06-29 15:26:00,2018-07-06 11:18:40,2018-07-19 00:00:00
185a17e610fa1a503abd98770d3eda4d,3d1e417219b6176d6695c6cf838d599f,delivered,2018-04-19 12:46:41,2018-04-19 13:10:39,2018-04-20 20:21:57,2018-04-25 18:38:49,2018-05-14 00:00:00
48af7589aa4fbcb01531df8c9b510e91,e2f2b94effb9d9eab0905a9b38b35f8e,delivered,2018-08-04 17:09:00,2018-08-04 17:24:21,2018-08-06 15:45:00,2018-08-17 14:14:31,2018-08-24 00:00:00
28e3d439853e5fc8fefaa840d6f32cba,0ef45835a657c44b852360596e689cba,delivered,2018-06-01 23:00:45,2018-06-01 23:15:13,2018-06-04 12:08:00,2018-06-11 22:27:30,2018-07-04 00:00:00
09aea357bd7fde763e2358cc9e413513,f1821c00b393147f35773641d2b53cd3,delivered,2017-04-04 23:45:19,2017-04-05 01:01:20,2017-04-05 13:47:54,2017-04-07 11:32:48,2017-04-25 00:00:00
d836fc392b89243c807bf3366c68fbee,c57d5c9079bd335950f3317ab7c831fe,delivered,2018-07-03 11:40:56,2018-07-05 16:32:14,2018-07-06 11:12:00,2018-07-13 13:29:15,2018-07-25 00:00:00
6a35a6760900965a91b5dfb7460ea132,a9e6eb3c8110898977bb6781be052f66,delivered,2018-06-17 15:32:09,2018-06-19 04:16:56,2018-06-26 14:13:00,2018-07-06 19:21:52,2018-07-13 00:00:00
bb1d9b21badcb17b30365430916459c4,68981df11ddfcf3fe0aa515ec1fd6436,delivered,2017-06-02 17:48:30,2017-06-02 18:02:52,2017-06-05 17:45:54,2017-06-16 17:29:33,2017-07-03 00:00:00
33df8843af208f8c4418211eaa6af067,73b4e854ef8cd9b58571a4cc547c72b3,delivered,2018-07-22 22:50:04,2018-07-23 12:31:53,2018-07-25 13:50:00,2018-07-31 21:54:51,2018-08-07 00:00:00
bee571b51c70e572478812165da701dc,928f402c4314a16a7d88c87b86eeb0ed,delivered,2017-11-24 20:39:01,2017-11-25 03:33:17,2017-11-27 22:54:47,2017-12-04 18:07:03,2017-12-15 00:00:00
21ff4faf5460988340a9675233bd0d1b,06e81d76102b0d027324e7375400a11c,delivered,2017-06-07 20:38:13,2017-06-07 20:50:15,2017-06-08 13:49:50,2017-06-19 16:15:49,2017-07-03 00:00:00
5ea6e04d681966d4ae2e0e6dcada5f20,715afa7e9686768e6db93aeca9998020,delivered,2018-01-30 09:46:33,2018-01-31 13:31:50,2018-02-01 15:32:56,2018-02-14 15:36:49,2018-03-05 00:00:00
df90c41800b8805c3a9a8c5139d0c83b,94cf3e8a7892ee0fdd046c0c08c2c38c,delivered,2017-02-23 10:37:17,2017-02-24 06:50:14,2017-02-24 13:28:11,2017-03-21 09:08:03,2017-04-05 00:00:00
dda7cf31684a98205550865020745d09,78f4e8387f5e3b93ddc0c1a77968b8d9,delivered,2018-04-27 00:09:05,2018-04-27 00:29:18,2018-04-27 14:36:00,2018-05-21 19:59:54,2018-06-06 00:00:00
21264ae81b0f6ee6e1d2664ee10c51fc,c98e48163a11cce4e5fd20b4de73dfd0,delivered,2018-02-14 10:32:00,2018-02-14 10:47:49,2018-02-14 20:53:31,2018-03-01 17:52:59,2018-03-13 00:00:00
5a63932fb14d73f88cac39e052c92be4,6b937952e19d3f33afb6b8a7f3019a5a,delivered,2018-03-27 10:40:00,2018-03-28 02:47:32,2018-03-28 20:10:58,2018-04-10 17:26:48,2018-04-18 00:00:00
94f98ffd128d56e74dac7bb1b700666b,9c3a2de4bd076318646ffd3b7677e135,delivered,2017-10-23 22:03:54,2017-10-23 22:25:46,2017-10-24 18:05:09,2017-11-06 15:54:57,2017-11-17 00:00:00
1ef6697da8b7f56f302e5fa61e9966ba,1987c6984961aad6157864b028cfe881,delivered,2018-02-07 16:22:44,2018-02-07 16:35:44,2018-02-08 21:08:37,2018-02-15 18:47:20,2018-03-06 00:00:00
457bb809dc185c4a253943522fa1577c,ee7b0a64a42fd92a3144a38c4f347a9e,delivered,2017-07-07 00:44:08,2017-07-07 00:55:14,2017-07-07 18:42:23,2017-07-24 22:33:26,2017-08-02 00:00:00
ed2f80d07bcb176e6097b0a730d3d53d,672e306aed8cffc8a34f999f6b3cac52,shipped,2017-04-25 13:17:36,2017-04-27 13:10:31,2017-05-03 11:52:10,,2017-05-25 00:00:00
84771b2689ba42b7b77859f32934caa5,5b01dda0bcf9b3375bc9f423b276a301,delivered,2017-11-16 19:52:55,2017-11-17 03:55:43,2017-11-22 15:58:06,2017-11-28 14:34:47,2017-12-05 00:00:00
705172254d979af1ed7ec13222ed5532,1604b4e7e39484634a197748796f7fcf,delivered,2017-10-04 00:05:29,2017-10-04 16:25:47,2017-10-05 21:37:45,2017-10-27 17:49:51,2017-10-30 00:00:00
2259c28617dcf9c2ed34e78bb3dfb562,daf42b4ca0bdcc543c7059047a122897,delivered,2017-12-16 23:59:58,2017-12-17 00:12:12,2017-12-18 21:47:04,2017-12-22 18:41:47,2018-01-16 00:00:00
dd42374a06906225a225f1e6edfed9b0,3dad10fa91656a1d27cf3bd2514c881b,delivered,2018-02-15 10:09:02,2018-02-15 10:47:31,2018-02-16 12:37:14,2018-03-06 21:36:58,2018-03-13 00:00:00
2b0cfc334d86942657ef40ce2d07ee9c,7e225df5fc63ae525999ccb9082056c5,delivered,2017-09-08 18:31:36,2017-09-12 04:44:26,2017-09-13 16:47:35,2017-09-14 13:56:45,2017-09-20 00:00:00
b85940effca75fa13e0c2af6b056c0c2,73990deb5ebdd6a47cef90ffb5945d2d,delivered,2018-05-20 19:46:42,2018-05-20 20:18:48,2018-05-21 14:52:00,2018-05-23 18:59:00,2018-06-07 00:00:00
2e496accb804bb4a59fcd3df574b450c,db859dc699009191be7005581c73865d,delivered,2018-03-05 08:15:47,2018-03-05 08:30:29,2018-03-08 19:14:32,2018-03-12 16:58:32,2018-03-15 00:00:00
4319e802aaabad931ad3a44bd949720d,be36c3eb3390bd59d4848e5b7054d5da,delivered,2017-11-19 09:15:44,2017-11-19 09:30:24,2017-11-21 18:58:38,2017-12-08 17:19:45,2017-12-13 00:00:00
1cbd71feda5da8baea7160be1168fbc5,71549f745b1fd8c7d538c09e284094ab,delivered,2017-03-04 15:23:16,2017-03-04 15:35:12,2017-03-07 10:09:10,2017-03-23 14:48:13,2017-03-29 00:00:00
f26c31dc999a7994a4369c805f0bd029,a544f53bd4ce0d11de2d68e3675ecfab,delivered,2018-03-16 11:19:46,2018-03-16 11:30:46,2018-03-19 21:04:40,2018-03-27 22:38:43,2018-04-09 00:00:00
c6d3ed55ee0b6a2bde85adc9a569ae3e,fd2947021eefe3d69a634044112ef5f6,delivered,2018-03-22 17:36:46,2018-03-22 17:50:31,2018-03-23 20:41:57,2018-03-26 21:24:47,2018-04-04 00:00:00
e0d0c37730a3ab2629b6f24a3466ddf5,e11623a23d3f7a0adaf43e37e17e77e7,delivered,2017-12-14 16:02:58,2017-12-14 17:13:42,2017-12-15 22:58:44,2017-12-17 14:39:03,2018-01-03 00:00:00
7ef1da1730f64df72be4189c5ea58c66,ed672ba37544385256cd475cb61a468f,delivered,2017-01-20 16:32:37,2017-01-21 16:41:49,2017-01-24 11:43:54,2017-02-02 10:33:59,2017-03-02 00:00:00
1c958182f10d6fcbac7728c8d3a151f1,08e16d18de470d7041b38c2b4031dbc1,delivered,2018-07-23 15:09:44,2018-07-23 16:05:15,2018-07-23 14:52:00,2018-08-01 21:05:05,2018-08-14 00:00:00
18a346f32bfaf63cbc64aa283488d8d7,b710399fff76d7d382dc542fa66da001,delivered,2018-05-16 18:32:36,2018-05-16 18:57:20,2018-05-17 13:01:00,2018-05-21 20:46:28,2018-05-30 00:00:00
190c71c36bb25e9a85f3a53291e475a3,5d2b9a7a9bdbe47b86f680434ea11930,delivered,2017-05-22 19:33:26,2017-05-22 19:45:12,2017-05-23 10:19:31,2017-05-25 10:29:35,2017-06-02 00:00:00
ab640e57ace8f9edd426ca8a503d3169,90c0fa7baa041fcbfd44bec2156263ea,delivered,2017-11-01 11:39:19,2017-11-01 13:15:22,2017-11-08 19:55:18,2017-11-25 15:45:51,2017-11-28 00:00:00
b4667cd2edff64c10f3994c1395c3e3a,a203982ac5eea35c3c5d90f6df90c401,delivered,2018-07-30 21:21:22,2018-07-30 21:35:22,2018-08-02 15:47:00,2018-08-06 19:56:31,2018-08-08 00:00:00
dcd164b97935d9b049b44ce46d77d06f,d9c6e0ae5cd7e0b0d5464394077dec8f,delivered,2018-02-28 14:08:26,2018-02-28 14:31:03,2018-03-05 19:58:44,2018-03-22 20:33:55,2018-03-22 00:00:00
b4c293aa1a0b122897263dac68a82a91,3c04c0de489eb51603854b55d0e60264,delivered,2018-04-17 19:57:28,2018-04-17 20:11:37,2018-04-18 22:54:30,2018-04-23 21:03:53,2018-05-07 00:00:00
7a7d2c889e27d93b2005462a8788e168,88927ff4f54b497957d9947e926ec6fe,delivered,2016-10-05 00:32:31,2016-10-06 15:57:05,2016-10-30 14:03:48,2016-10-31 14:03:48,2016-11-25 00:00:00
c5548bf423e21fbc422e07fd67df2e08,908defaacb69b56b991c77972490d6ae,delivered,2018-05-07 17:27:14,2018-05-08 08:15:41,2018-05-08 11:48:00,2018-05-14 19:18:44,2018-05-22 00:00:00
0cc7bb57999d251da473822051388086,97cef017d1cee0f245e0659fe8694f90,delivered,2018-08-08 17:14:03,2018-08-08 17:30:12,2018-08-15 15:01:00,2018-08-16 20:56:37,2018-08-14 00:00:00
29eb489b23b22ac3a867b2408dac5575,53f2297d5ee760eb3894415f07057fbf,delivered,2017-10-17 22:29:39,2017-10-17 22:49:10,2017-10-23 15:43:50,2017-10-30 14:42:58,2017-10-27 00:00:00
17660939d5287b04a8f9ecb64c178966,8b733ff0734d0dca3d50690e9c9bc6be,delivered,2018-04-18 20:52:21,2018-04-18 21:11:25,2018-04-20 18:58:59,2018-04-25 18:15:00,2018-05-23 00:00:00
c863a49cb9cb9a145f7d39a575866b44,3611b8aa7d047bae70250b069092db25,delivered,2018-08-04 21:04:17,2018-08-04 21:15:14,2018-08-06 14:55:00,2018-08-13 21:06:26,2018-08-14 00:00:00
322605f2be4d493376dd7fdf8efc47f6,37b4ce8b6e3c86c0eb818168eb7d8f27,delivered,2017-10-06 05:44:55,2017-10-10 04:08:08,2017-10-20 15:58:49,2017-10-23 16:42:56,2017-10-24 00:00:00
198b900399661ad01ee9e47c4c0cc7d3,0995a25fbc15194295442e91c730ea6d,delivered,2017-04-20 14:41:52,2017-04-21 05:10:26,2017-04-24 12:52:59,2017-05-03 12:24:36,2017-05-19 00:00:00
ff5b0acaf838e06bba2881e7ea4a474c,f8367ebba926834dd754de8692e93a1c,delivered,2018-05-01 10:56:19,2018-05-03 03:52:55,2018-05-03 12:53:00,2018-05-10 21:12:35,2018-05-28 00:00:00
cd02e1b6a025f2d7003c4c8b2ef28baf,ca077dd95290191565abb393a580bbfc,delivered,2018-02-19 13:38:51,2018-02-19 13:50:43,2018-02-20 19:19:17,2018-03-08 19:45:24,2018-03-29 00:00:00
855ae4582654ba4a199f982c721df826,c996c4d9566ecdb973f7a3f326a5869a,delivered,2018-01-25 11:30:52,2018-01-25 11:53:01,2018-01-30 17:33:18,2018-04-26 23:26:34,2018-03-05 00:00:00
cd05165a846200165f408aac54408021,a6bd6725b70ed51d4c079b42b1880c26,delivered,2018-04-27 11:18:46,2018-04-28 03:11:00,2018-04-30 12:47:00,2018-05-07 19:05:56,2018-05-24 00:00:00
a093b99db34ddd74e5c5dd360a44710e,2aedefeedae1e7cf174d41766aa5c257,delivered,2017-12-14 18:12:45,2017-12-14 18:30:12,2017-12-16 00:54:53,2017-12-29 21:58:57,2018-01-11 00:00:00
bd8d8c966c76e7dc0c5da96656641c7f,3ce39465dade7562b6e14ebd91255720,delivered,2018-07-04 12:04:21,2018-07-05 16:30:49,2018-07-07 07:03:00,2018-07-13 18:34:27,2018-07-31 00:00:00
df3a7600e4fd0a2c595fa7ad6e2e622e,8b82938b643c15649685382d619f2db6,delivered,2017-10-06 16:44:05,2017-10-07 02:28:11,2017-10-09 20:05:15,2017-10-16 21:27:39,2017-10-30 00:00:00
69c6be5f48a1dd84aa79f4ed149dbb30,aa5e0a0c36015d39de864189a2b00b09,delivered,2018-08-14 19:44:14,2018-08-14 19:55:24,2018-08-15 13:23:00,2018-08-20 18:33:40,2018-09-14 00:00:00
46982dfdb7eb17de20078571fe8cbd34,bed8b981565062c439dd043eeac824cd,delivered,2018-04-26 10:03:06,2018-04-27 03:30:47,2018-05-04 14:50:00,2018-05-14 10:18:50,2018-05-14 00:00:00
a9495ad773a18a329a4f9e514f5c1c9f,a5b871d84fbfb35508252ecd5cf62046,delivered,2018-06-06 12:47:39,2018-06-07 02:55:14,2018-06-07 14:29:00,2018-06-14 21:12:30,2018-07-20 00:00:00
64bfc8cd9379c2da1d2abd37c2adf65a,3ba36f79e706c3402e5959eb12a8d661,delivered,2018-06-28 20:49:28,2018-06-28 21:11:13,2018-06-29 15:13:00,2018-07-03 18:47:42,2018-07-18 00:00:00
d8ea9aaa8098d24938490811c469b4f3,2eb92a48dbdb96a38f9eee6f87bc23ed,delivered,2017-12-18 00:25:56,2017-12-20 01:31:28,2018-01-12 20:37:56,2018-01-22 23:32:11,2018-01-26 00:00:00
5e429d7b3e086bc3af78f2f42b9c5937,e9d1d75a5c27ec57002c5f6af56192ed,delivered,2018-03-10 18:53:21,2018-03-10 19:28:32,2018-03-12 17:26:41,2018-04-05 20:22:10,2018-03-29 00:00:00
30df6364a7029642408b5fbf8556ef21,b134ccc99df2d517b2d8bc9455ea7a2c,delivered,2018-08-02 20:58:17,2018-08-02 21:15:07,2018-08-03 15:10:00,2018-08-08 20:47:45,2018-08-17 00:00:00
68c5cb2a721e1c90873c96888b8317da,acdbb4999d5d103ee914b62dd18922a2,delivered,2017-04-05 16:25:35,2017-04-05 16:35:28,2017-04-06 14:42:58,2017-04-11 12:43:47,2017-04-26 00:00:00
ba35aab992c4504d63730c89ccc35613,f266e6fbcffb5de9dc10afd7cecafa83,delivered,2018-02-18 19:28:54,2018-02-20 07:27:28,2018-02-22 00:12:10,2018-03-06 19:03:54,2018-03-14 00:00:00
8ebc0fccb4f136c5c90587a3257824b7,dc091cc4d3bf81c69da499b3cbf775f7,delivered,2017-05-17 20:59:43,2017-05-17 21:10:18,2017-05-18 14:04:38,2017-05-22 09:27:55,2017-06-06 00:00:00
e758dcd9bd08272ffb2f985926579539,ba3743e23ed5d26cf1a06a43f0ee44ac,delivered,2018-07-28 13:11:22,2018-07-30 16:05:25,2018-07-30 15:39:00,2018-08-01 14:52:54,2018-08-07 00:00:00
2355c3ba8f870f103fa43351ffc1a905,0d15ed47c04aa30a0a5911c8ac2290da,delivered,2017-08-05 14:35:35,2017-08-08 03:50:40,2017-08-11 10:05:20,2017-08-22 16:45:42,2017-08-30 00:00:00
02dec5fbe189e3c2ccd9ba071c6bb78d,ebbd6c8d7511352fbe3511d1e547181a,delivered,2017-12-08 18:58:34,2017-12-08 19:12:15,2017-12-14 23:47:56,2017-12-29 14:15:22,2018-01-03 00:00:00
4e34f7f360a23cef569caf80c6ff4c7f,01f19842d7bf8b1a9af62d553807e88f,delivered,2018-04-26 15:20:36,2018-04-26 15:33:02,2018-04-27 13:03:00,2018-05-04 15:12:30,2018-05-15 00:00:00
dc8302e63ff9b2dc67dd51edbd8b537d,5e97b06dbf5f662871b9ccbcbad51b62,delivered,2018-06-15 18:34:57,2018-06-16 18:37:24,2018-06-20 15:04:00,2018-07-10 17:07:26,2018-07-20 00:00:00
7090459e09c0818517061e939e3aca96,1bc63c59e2446648b9483b1fd695c922,delivered,2018-02-18 07:29:14,2018-02-18 07:46:20,2018-02-20 11:25:08,2018-02-25 15:24:43,2018-03-12 00:00:00
ab6a6b7a25c62e6f6c332f359ac4764f,98c3ecb51a496e47dc7cf7fcf7c19b96,delivered,2017-07-07 13:40:04,2017-07-08 03:25:11,2017-07-14 19:28:01,2017-07-18 19:27:59,2017-07-20 00:00:00
d995b179b6d42341a2642cbfc2e02367,4adb8dd7b93358374417474ea8a37492,delivered,2017-04-25 14:58:48,2017-04-26 09:37:31,2017-04-27 11:26:02,2017-05-09 09:58:13,2017-05-16 00:00:00
40100562b4c65bc39a1feee1c171bb12,2bff03479b7e1c2464a58317ece163c9,delivered,2018-07-05 10:34:57,2018-07-06 02:51:16,2018-07-06 09:12:00,2018-07-11 01:16:58,2018-07-18 00:00:00
3e153abd068ad6638364a06df17cdc5d,70375b292bed960b4a36f9e164b830fc,delivered,2018-05-18 09:22:05,2018-05-18 09:36:22,2018-05-18 14:08:00,2018-05-22 00:17:30,2018-05-29 00:00:00
29148c99dc1bb0cf8aa0a5440a583d84,a80e0913b605daeea15416afdcff05a7,delivered,2018-06-07 18:38:09,2018-06-07 18:55:47,2018-06-08 13:22:00,2018-06-14 00:48:34,2018-07-03 00:00:00
c23cbe2fda508079dda241b040935e11,517ad4abec0310211174507e6a73d4bc,delivered,2017-07-29 12:08:21,2017-07-29 12:23:40,2017-07-31 15:53:04,2017-08-08 20:45:54,2017-08-22 00:00:00
cf5d7dcf1c4473152f3cf16bb9e6584f,a20811645f9c1838f984ff3de897e00c,delivered,2018-06-08 09:52:41,2018-06-09 09:52:07,2018-06-12 07:33:00,2018-06-30 20:36:50,2018-07-23 00:00:00
6b3b0b39d2a619fa308f4606d780af2c,d58286dd6d9edaf70bf227b843d6c963,delivered,2018-03-04 10:51:13,2018-03-04 11:10:58,2018-03-06 01:54:36,2018-03-09 16:16:25,2018-03-15 00:00:00
b67babff39aeeae3f39e5575b7886f32,dc8e6ccac31532ee49da91a604124a76,delivered,2017-07-30 11:24:01,2017-07-30 11:43:20,2017-08-01 20:36:06,2017-08-08 19:43:47,2017-08-28 00:00:00
c022b7da8ab7a4a04bd561c8f765a14a,c797ffdbae65b56c177d3c1368d03628,delivered,2017-01-17 23:40:42,2017-01-17 23:50:15,2017-01-18 13:59:38,2017-01-25 12:51:51,2017-03-01 00:00:00
e98ca3f29aa70a0cb19f76d286905f03,d0522dd7246e11b31213cce1c3215a24,delivered,2018-04-08 19:49:04,2018-04-08 20:09:37,2018-04-11 23:32:02,2018-04-18 21:42:27,2018-04-25 00:00:00
ea37cd94a6d10959260b311f58cc5e0f,6a830a6e6de059a41ba310fc217a6bd8,delivered,2017-05-30 23:02:35,2017-05-30 23:15:17,2017-05-31 09:11:58,2017-06-21 16:02:38,2017-06-12 00:00:00
436b06a1d206f46ff8bcf05997df34e0,987f4c5bc8239191c87c8d135beb5076,shipped,2017-02-15 11:11:16,2017-02-15 11:23:18,2017-02-20 13:37:31,,2017-03-16 00:00:00
9b80fe8a497834eb67892e43db08b915,243cf67e4a210302a58a9122199b0ce8,delivered,2017-08-22 17:18:16,2017-08-22 17:32:20,2017-08-23 18:56:08,2017-08-29 18:30:34,2017-09-14 00:00:00
389ac865e327bd982cf1101e0a77ff34,5ab6da4f0948f2079320f3ab48f44c5d,delivered,2018-07-06 21:06:43,2018-07-06 21:30:54,2018-07-10 11:21:00,2018-07-13 23:58:32,2018-07-30 00:00:00
5f660ee09541ecf33aebf89fb061c4d9,5f95fc209875dbc344dcafd0122b739e,delivered,2018-07-25 17:37:28,2018-07-27 02:24:17,2018-08-01 15:17:00,2018-08-14 23:41:17,2018-08-21 00:00:00
ce1f8664cb48d6603b021058b0463368,bcfcec3fb0e0b631be6276fe010ede54,delivered,2018-03-26 18:15:51,2018-03-26 18:30:19,2018-03-28 00:47:54,2018-03-31 17:38:21,2018-04-12 00:00:00
b81af501c9ae710ed9968a6018400a09,a64ff68d66178913de53e73d3682d626,delivered,2018-01-13 10:51:25,2018-01-13 11:09:08,2018-01-15 16:13:34,2018-01-30 20:05:31,2018-02-09 00:00:00
7a3db786a9251bc1603dea2c4970e448,d022bd4e48a3db0ddca17f5204dff2a1,delivered,2017-11-24 10:26:54,2017-11-26 10:35:23,2017-12-01 18:41:55,2017-12-26 22:22:26,2017-12-22 00:00:00
7af7c299782a98edb991de6390fe6f88,b0bc7aaae8b9b9e3ae2ef450d3ea41e3,delivered,2017-11-11 09:32:27,2017-11-14 03:55:42,2017-11-16 21:46:50,2017-11-25 20:18:41,2017-12-15 00:00:00
583c73394048a3ce0e1c455904dbaa4c,37e91a62224d2e070cc2cfe7f2f46841,delivered,2018-06-10 09:06:56,2018-06-12 04:17:34,2018-06-14 12:25:00,2018-06-19 11:58:26,2018-07-11 00:00:00
066783a7a5bfa25f21a22e17c7ec9137,381e00b3603ba05314ee7c9548ef7b6a,delivered,2017-04-22 14:01:05,2017-04-22 14:10:19,2017-04-24 18:56:04,2017-05-08 13:53:14,2017-05-17 00:00:00
1abe41acd810d11da1a7ba7776728453,e5e2a89475690a062eefdb426046ae18,delivered,2017-03-23 22:10:46,2017-03-23 22:25:18,2017-03-24 14:09:35,2017-03-30 12:07:34,2017-04-24 00:00:00
3fde112fae2a4b90630f8832455a5dc7,e6e54024af4e4f215a7db511f03f4701,delivered,2018-07-18 14:22:42,2018-07-19 04:35:19,2018-07-20 16:43:00,2018-07-26 21:14:04,2018-08-01 00:00:00
844826697082ff384c2cbc98384dd70e,87dc0aeb4bfcf387f948ffc0530e007a,delivered,2018-03-27 21:43:26,2018-03-28 02:47:58,2018-03-29 00:42:14,2018-05-02 20:03:06,2018-04-18 00:00:00
6d3130927406da969ab807821a93a65d,dc06b273fa5b109f3d49ec7e45665a7f,unavailable,2017-02-11 21:39:55,2017-02-11 21:50:13,,,2017-03-10 00:00:00
cd4e72be4075838e5c15204603edb7ce,752c4baa3bc37c6bf38fc2faae997a79,delivered,2017-12-27 17:00:57,2017-12-27 17:11:22,2017-12-28 14:44:45,2018-01-13 12:21:56,2018-01-30 00:00:00
119da8fe76c893e189ee759f82bbc8d6,647f7b98a4084aa9683a4c475e893689,delivered,2018-07-16 18:19:42,2018-07-16 18:30:22,2018-07-18 15:15:00,2018-07-20 17:38:43,2018-07-25 00:00:00
c387e0e080c2a6ef551d117cb92fe2e5,9de618e5eba499fc630e19cc2eb4cf75,delivered,2017-05-23 14:08:22,2017-05-23 14:23:03,2017-05-29 11:30:50,2017-06-01 13:10:05,2017-06-14 00:00:00
3a53c89c1526bec25191f47b5ab57df6,cd396d4d2d4083e24b7c345df3b54e84,delivered,2017-11-24 14:25:07,2017-11-24 16:33:31,2017-11-27 22:41:33,2017-12-06 22:22:32,2017-12-15 00:00:00
bf205457ee84ab84c423d67b88239982,695476b5848d64ba0875324c88390206,delivered,2017-12-21 15:18:29,2017-12-21 15:32:34,2018-01-08 21:17:23,2018-01-26 20:25:53,2018-01-17 00:00:00
b20f7bd5866f03037cbf0e8dceb92f8f,047a3fba37e3a757da4c9e67f0d110d3,delivered,2017-02-16 14:13:43,2017-02-16 14:25:09,2017-02-20 18:27:47,2017-02-24 11:33:30,2017-03-15 00:00:00
9cab75dfcfa8618dd57b0eb92675ebfe,46e11b1fcb5bcc20e41969f77df302fd,delivered,2018-01-25 01:48:46,2018-01-25 01:57:17,2018-02-01 21:53:41,2018-02-16 21:08:03,2018-02-23 00:00:00
c82aafbe44928b0afb27adf31ff6e78a,3bc36b88b6987a920fc6aa2e63f6c76a,delivered,2018-04-24 16:37:31,2018-04-26 03:35:09,2018-04-27 16:25:00,2018-05-10 15:52:41,2018-05-25 00:00:00
1569f45f1967955e8e1a6bfd41e6f47e,681fbe863f4040a693d5fd2891a360a9,delivered,2018-06-18 14:17:57,2018-06-18 14:36:06,2018-06-18 15:58:00,2018-06-26 20:56:26,2018-07-24 00:00:00
e151550ba97ec3c6c86f7de205371930,41f93e22a459e461cdf419379b90a249,delivered,2018-08-19 20:45:16,2018-08-20 13:15:43,2018-08-20 15:27:00,2018-08-23 18:15:53,2018-08-28 00:00:00
b4b1ec9a9f24d8db544120456a3a2f12,b18d47c9116d2a106291aea1abfd3f04,delivered,2018-07-27 14:28:20,2018-07-27 14:44:11,2018-08-01 13:23:00,2018-08-10 18:24:33,2018-08-24 00:00:00
6e5fe7366a2e1bfbf3257dba0af1267f,5263febf1413e9a60ceb7b842008b7ef,delivered,2016-10-09 22:36:25,2016-10-10 12:02:19,2016-10-14 12:02:21,2016-10-17 13:02:21,2016-12-06 00:00:00
02680f764ca402aabbb86572ed2731ef,30aeb7b5117f7b889862eaa74b545e2d,delivered,2017-05-28 17:18:03,2017-05-28 17:30:17,2017-05-30 10:11:30,2017-05-31 05:49:41,2017-06-19 00:00:00
36c7f50567d882b974a2294acf6f15c3,3f8aed31c455b3ca8e1fcf3b541eaaf6,delivered,2018-02-14 16:25:15,2018-02-16 07:50:32,2018-02-16 17:56:55,2018-02-23 16:23:42,2018-03-13 00:00:00
9d9e1b9930eafd4cf6f0cda424888864,a72de5c8394aa1b9e9f58a17b9de3ec0,delivered,2017-03-29 09:15:40,2017-03-30 09:22:27,2017-04-07 15:32:15,2017-04-18 13:08:07,2017-04-24 00:00:00
1448f96a9dd749b9b2e69f4b8602912c,23301bca57eda7af3e47546760d9e869,delivered,2017-09-06 19:49:30,2017-09-06 20:04:12,2017-09-08 20:42:18,2017-09-09 12:08:50,2017-09-20 00:00:00
8aaa6469d7ef4134e807e6b4da146012,cfca6800e760905907c4f40b45424745,delivered,2017-05-30 15:07:48,2017-05-30 15:23:07,2017-05-31 09:23:01,2017-06-01 12:52:44,2017-06-12 00:00:00
c55c2cba4bd6069c80c2531fe9a9188a,ffbf13c83712766447907c175ecf4b61,delivered,2017-11-03 09:55:46,2017-11-07 07:30:45,2017-11-08 19:24:57,2017-11-27 23:24:37,2017-11-29 00:00:00
3218f86426ff23f35e98c882849d47a9,1bfca1f99d40c95582780d71b54b877a,delivered,2018-01-29 13:22:40,2018-01-29 14:38:26,2018-01-30 13:41:46,2018-02-05 20:36:44,2018-02-22 00:00:00
e4200b9952be20987657b4536b4b0292,dfa3561dfbf38871099bf09cade3feef,delivered,2017-09-01 16:38:25,2017-09-01 16:50:19,2017-09-04 15:46:02,2017-09-11 20:09:07,2017-09-25 00:00:00
dcfd880d34266648380b0b525d0c41e3,8b282f53d7816cf19ef521b8781b95db,delivered,2018-05-11 13:57:08,2018-05-11 14:16:32,2018-05-11 19:00:00,2018-05-14 23:31:48,2018-05-22 00:00:00
aa830d74d3e7d4a392cb7eac51a9c719,a0b7bf085451ca667f8c8015e9812e3b,delivered,2017-01-14 17:59:38,2017-01-14 18:10:17,2017-01-18 04:38:56,2017-01-25 09:47:57,2017-02-15 00:00:00
79c243f8bca755a9f830a8ad0dc780ad,bddd41005dd16b3607ae7fae6c654ac3,delivered,2017-04-16 10:13:10,2017-04-16 10:25:09,2017-04-19 11:45:32,2017-05-19 17:19:28,2017-05-19 00:00:00
c8f48cead5aa6153ed4e86436420bf34,3ad4eace63928183330a42148cb22cea,delivered,2018-07-21 12:08:27,2018-07-21 12:30:12,2018-07-23 12:29:00,2018-07-30 18:37:53,2018-08-09 00:00:00
d153828b4671c4e7f706bf676b05eb67,53f52ce9e1e5565cfcf8d97b0bb7caa7,delivered,2018-05-17 11:12:59,2018-05-17 16:34:31,2018-05-18 12:59:00,2018-06-08 15:18:32,2018-06-06 00:00:00
0b8ecdf43368739829456740ed76b909,0ae263db1fac3d2b8495a2b4b5b9517b,delivered,2017-08-25 14:47:22,2017-08-25 15:04:57,2017-08-28 16:27:37,2017-09-11 17:43:26,2017-09-19 00:00:00
e4dd475ba157a8f4d4dd4f0b8e7c92b3,a3b09b4fc25b4b48df431cd3d6a4aee9,delivered,2017-09-11 15:28:32,2017-09-11 16:55:30,2017-09-13 13:57:59,2017-09-18 20:49:59,2017-09-27 00:00:00
372daad5a03ca30d47a650aa8b0194e3,18318296c91a6f9911c3aedaee70d707,delivered,2018-03-09 09:49:25,2018-03-09 10:55:23,2018-03-09 22:06:43,2018-03-10 13:21:23,2018-03-21 00:00:00
304a4fbceef32e618552f501e27d5412,4e88ed6941cca32d4a64d7ebaab3d2ed,delivered,2018-08-10 14:10:21,2018-08-11 08:50:17,2018-08-13 12:23:00,2018-08-22 15:24:40,2018-09-18 00:00:00
8891e0949adc833bce664e7af1e0ea6c,f16e090a1e889dea54faa7251d9702dd,delivered,2017-11-13 10:03:38,2017-11-13 10:15:26,2017-11-14 22:12:05,2017-11-26 13:15:04,2017-12-06 00:00:00
5ab6f6a805ee9808c3f55b95e83c3184,a517b9766ad7575781b94dad96aa08af,delivered,2018-03-16 10:22:33,2018-03-20 03:28:31,2018-03-24 16:16:43,2018-03-27 19:32:27,2018-04-12 00:00:00
a43036834338e7cf3242e7c2a47dec7b,065e7c1d44ef05198ae2fd617bdfa533,delivered,2017-12-03 22:58:18,2017-12-03 23:15:17,2017-12-04 18:13:32,2017-12-11 19:19:05,2018-01-02 00:00:00
00772b2af35643653f108fdac1155ee3,3fa57a1801314f5064ffebcc14d2063b,delivered,2017-04-24 10:53:12,2017-04-24 11:05:19,2017-04-24 11:15:16,2017-05-06 11:48:40,2017-05-12 00:00:00
910b8f728465018e9dfd00228151f9ea,5a72357d5075ccdccbf605341505757f,delivered,2017-12-19 01:19:02,2017-12-19 03:30:14,2017-12-19 19:33:59,2017-12-22 11:18:52,2018-01-08 00:00:00
86839e5d9c4709953ed4c3fa5aa71c54,517309570c755ca7336c759ad78c6919,delivered,2018-03-21 15:05:19,2018-03-21 15:16:13,2018-03-28 02:04:50,2018-04-04 14:42:50,2018-04-09 00:00:00
14269dc23af0716ff6fb47c4ee069d76,3341be95ea1ab09188c5f09f685ca08c,delivered,2018-03-17 09:21:42,2018-03-17 09:30:34,2018-03-23 19:06:28,2018-03-27 22:37:43,2018-03-29 00:00:00
34ec59fb0739f087452873319fc6e94d,2ee52ea8b33b321f4402e2a0edc31eb4,delivered,2017-12-04 15:38:16,2017-12-04 17:48:48,2017-12-07 19:09:55,2017-12-21 02:17:58,2017-12-29 00:00:00
76af98b1c0fcf09ceba3d068409ba06f,413ee91a81860e8f4f179b828a3da966,delivered,2017-06-27 13:55:13,2017-06-27 14:05:23,2017-06-28 10:51:39,2017-07-04 14:54:34,2017-07-17 00:00:00
feef55e09c84e8cb17cc8ccd1b05f5ec,8f321eaa95feb3ae265f40137cd0c1eb,delivered,2018-07-17 06:24:53,2018-07-17 06:45:13,2018-07-17 16:53:00,2018-07-24 00:34:41,2018-08-01 00:00:00
87fcaa805e96b64e38168bbb1852225b,61904f4433f98a2b17c4c483c179c8a2,delivered,2017-05-11 14:57:00,2017-05-11 15:10:21,2017-05-13 07:41:46,2017-05-25 18:39:20,2017-05-31 00:00:00
3b242b46f74b79a1db39d117260d115a,a67e506cd165ac11715865f5cc5cd5bf,delivered,2018-05-01 10:54:06,2018-05-01 11:17:25,2018-05-02 15:34:00,2018-05-03 17:04:33,2018-05-14 00:00:00
61dffbf220e7df65d65f1ea067fa0b1b,b24995c172c3ba6760ae339c7aa8b94b,delivered,2018-01-19 19:53:50,2018-01-19 20:16:41,2018-01-23 17:34:45,2018-01-31 17:22:41,2018-02-21 00:00:00
e3194d56283622975638628a739c9e84,a72e3f9ee84689eb9473a5be145d8c94,delivered,2018-05-02 14:35:12,2018-05-03 14:32:48,2018-05-09 16:17:00,2018-05-15 14:32:47,2018-05-23 00:00:00
b6c4a66a0d34a8b94f2b9ab96147ba0d,4e9cb36e55d582533d88068ce4593ead,delivered,2018-06-29 23:21:58,2018-06-29 23:35:09,2018-07-04 10:51:00,2018-07-10 16:18:34,2018-07-24 00:00:00
a57f58fe155a76bf2ff1401b04a7ab33,59b1313a489b839a38f57096ca66ae82,delivered,2018-08-14 15:25:36,2018-08-17 03:09:44,2018-08-22 16:33:00,2018-08-24 20:28:26,2018-09-19 00:00:00
8884d621c46890c4fef64a8ad59fe7a0,6f11e8e5ebb943178bcd7bfd32685dd8,delivered,2018-03-29 12:34:35,2018-03-29 12:50:20,2018-03-31 17:31:06,2018-04-13 13:41:39,2018-04-17 00:00:00
18995b654ef8f346243a4a9e0b278164,5a2b23be20dfea17c372aa13e6d27272,delivered,2018-07-31 09:32:11,2018-07-31 10:31:16,2018-08-01 15:54:00,2018-08-04 17:08:26,2018-08-14 00:00:00
4e06300cf399851959890d562ba27573,28b35f0ede96d79ecdf3d2bb790a22cc,delivered,2018-02-25 01:44:20,2018-02-26 07:07:39,2018-02-27 17:18:57,2018-03-07 13:22:33,2018-03-27 00:00:00
39d18a242f33a2e77c51d59dabea2e44,f201f8d2882fad39ea91f37ba357dc8e,delivered,2017-02-16 10:48:14,2017-02-16 11:03:17,2017-02-16 14:41:22,2017-03-01 14:58:01,2017-03-21 00:00:00
a7d0ba9060629de852f3b9f520d8bd7e,7c5476d2a29e6ebe176657d093dd8b18,delivered,2018-03-02 14:52:09,2018-03-05 13:29:18,2018-03-07 17:09:10,2018-04-06 18:56:26,2018-03-20 00:00:00
c40c5d575c4ace5fdeaa53f94c039aa3,e54c3f5e0c3b3f5c0b716eeeffb049ac,delivered,2018-04-05 15:05:59,2018-04-05 15:29:27,2018-04-10 14:32:10,2018-04-19 13:02:39,2018-04-25 00:00:00
6ee6857d32f80cabca7367048d5a2808,8d0454ea83ff7fa50a1e99bdb77cc485,delivered,2017-10-25 09:53:12,2017-10-25 10:14:30,2017-10-25 21:07:04,2017-11-22 05:36:50,2017-11-28 00:00:00
eabb26aeb1ce1147b26952c40f719f0f,65d7321f062eb5569225c13c721fc8cc,delivered,2017-11-30 18:37:18,2017-11-30 18:50:51,2017-12-04 20:19:33,2017-12-06 17:41:35,2017-12-18 00:00:00
101cabeec1a36f2968ceaa2690b80807,10e9f26949e4821488e156eaf33f5fa6,delivered,2017-12-16 15:50:09,2017-12-16 16:14:19,2017-12-18 20:44:57,2017-12-29 19:42:33,2018-01-15 00:00:00
3a50c763032329859ffb4b2812960c7d,d987c011721e64a3a6ee8101b30ac2d4,delivered,2017-11-23 17:00:18,2017-11-25 03:59:50,2017-11-27 18:20:08,2017-12-13 18:06:54,2017-12-18 00:00:00
ba8d9391d92251ce54160a4480e95236,5f4eb019454dc6328afd8f20593c3037,delivered,2017-12-04 10:36:25,2017-12-04 16:31:11,2017-12-05 21:43:42,2018-01-08 15:15:32,2018-01-04 00:00:00
ca4ab73a0c2d4de618eb92c404e1f092,5f00dc1a9cc2562dacacea4e8cea2811,delivered,2017-10-03 14:27:59,2017-10-03 14:49:14,2017-10-09 17:56:46,2017-10-13 19:19:47,2017-10-20 00:00:00
5f8e6b43489b35766d4f7bb92eece010,fd410c0c795b3040f0c5d9cdbc409c10,delivered,2018-05-21 10:57:22,2018-05-21 15:32:08,2018-05-23 14:23:00,2018-05-25 12:07:29,2018-06-11 00:00:00
c314dee9e9d49560087a6ccb64ea5850,4441b0bbfe2bd5aa5683e3857f90ed09,delivered,2018-07-31 20:41:36,2018-07-31 20:55:21,2018-08-01 15:38:00,2018-08-04 00:44:54,2018-08-14 00:00:00
0203892ed7a2b76401830f4b82a5a34c,b32b53ffb964ca001a0e4daca0b4a343,delivered,2017-07-08 20:26:08,2017-07-08 20:35:16,2017-07-10 12:47:55,2017-07-11 19:21:58,2017-07-21 00:00:00
9c8e60a3e496cdf773216fa56215dd47,4939442d3720ff9e90717a8cb6d7c1be,delivered,2018-08-08 13:17:15,2018-08-08 13:30:12,2018-08-08 16:49:00,2018-08-14 23:26:35,2018-08-27 00:00:00
523edc667ecf141c2018ec8c1e6c0211,fed4f253cf34addfd6bbc74950f85f9b,delivered,2017-03-01 16:43:12,2017-03-01 16:55:12,2017-03-03 09:47:53,2017-03-08 13:32:43,2017-03-22 00:00:00
e1171120e3b1615034d5372b0d3254a7,0678f749ee34f9175a0f054d2dd19131,delivered,2017-10-03 17:10:52,2017-10-03 17:24:46,2017-10-05 15:02:53,2017-10-11 17:32:38,2017-11-03 00:00:00
42845ec86a155bf18a11b8be59fa8442,161b36bf551dd0e48ceaaa02688d1300,delivered,2018-08-23 11:20:57,2018-08-23 11:30:31,2018-08-24 13:53:00,2018-08-27 19:47:52,2018-08-29 00:00:00
5d8ba2d50439f73f0f7a301864eba3f6,14b7f96ecbd43c2a3cc5a38c291acaf7,delivered,2018-08-06 18:05:52,2018-08-06 18:15:21,2018-08-09 10:08:00,2018-08-15 19:18:55,2018-08-22 00:00:00
c4a40587b7d37bec13caab195e89b240,a58272d18f96f43db0bdc49b07dab532,delivered,2018-08-20 22:44:45,2018-08-20 22:55:16,2018-08-23 14:25:00,2018-08-24 19:32:00,2018-08-24 00:00:00
ea4bb4fa30c5a1548498436f448383af,ffdb7e488ea7c83b9c1258ee2d3776fa,delivered,2017-12-01 08:10:47,2017-12-02 02:51:33,2017-12-04 20:25:17,2017-12-11 14:18:44,2017-12-29 00:00:00
c5fd2c7e23ffd8d1ca4c839b7c5596a3,4b0a27a60bf0f5c8e8c61e6bbea8aa84,delivered,2017-11-24 11:17:38,2017-11-28 03:33:35,2017-11-28 21:32:29,2017-12-07 01:45:51,2017-12-18 00:00:00
14b8a3dec1630400442e5cb91e6a3e38,5ac6f62147fe4ea4d5b0ea4dcc077a09,delivered,2018-04-01 08:04:13,2018-04-01 08:15:20,2018-04-02 22:21:15,2018-04-10 00:11:46,2018-04-23 00:00:00
1241351b2bc99d9303e4e780a26e0214,5b7019bae09a43543c829845d781be5e,delivered,2017-06-10 20:14:04,2017-06-10 21:02:32,2017-06-12 15:23:13,2017-06-26 16:52:08,2017-07-18 00:00:00
149e55a5e2cbc1bcdaa30bae10dd2c5a,d712ad728a3beefc416b69243c3a1ed8,delivered,2018-05-07 13:19:03,2018-05-08 04:55:33,2018-05-09 11:40:00,2018-05-14 20:28:48,2018-05-23 00:00:00
ea16006e3d802f9d659b76f07b9681f4,54ec3f087cf6e79e4f85d41424c0447a,delivered,2017-12-04 14:55:31,2017-12-04 17:32:11,2017-12-05 19:46:48,2017-12-20 01:12:52,2017-12-28 00:00:00
c294004ec80f803b7835e397c4857e0e,67706437accd008e4ed2bf17dc076243,delivered,2017-11-10 13:18:13,2017-11-10 13:31:12,2017-11-10 21:08:44,2017-11-18 13:54:34,2017-12-01 00:00:00
86b61d707f8321f38e7287a638bb2ea2,49b59734c9b8a0188e69ef708430b381,delivered,2018-04-12 08:55:14,2018-04-13 12:50:41,2018-04-13 22:08:53,2018-04-20 12:48:48,2018-05-07 00:00:00
7eae91392531d2ea7d65b484173ea85b,76ada7e74088798d5ca6a6d90bb2aa74,delivered,2018-08-23 11:29:01,2018-08-24 03:24:22,2018-08-24 13:49:00,2018-08-30 21:29:46,2018-09-14 00:00:00
20a0f3d89273ba4b9525ba497e2821e8,6bc2db722431353a176d8d00146e55d0,delivered,2018-08-08 22:55:31,2018-08-08 23:05:09,2018-08-09 09:19:00,2018-08-14 17:41:16,2018-08-20 00:00:00
a446e19eaf1b7ae1ac483f47c29c2d36,49112800d9f84bee4cb56c717eb30dff,delivered,2018-02-15 16:16:32,2018-02-15 16:26:41,2018-02-22 20:53:05,2018-03-02 15:09:06,2018-03-09 00:00:00
f4b7ccd15f831ff995d4f307b0dc0f0b,223a807962e222b758aeee5610103f47,delivered,2017-08-29 22:38:40,2017-08-29 22:50:12,2017-08-31 19:41:59,2017-09-05 18:52:41,2017-09-15 00:00:00
e0e86e74456d51674570c5ae13d36b41,99fe6ea867f3a0788f0561500736552e,delivered,2017-10-12 21:25:26,2017-10-14 03:27:46,2017-10-17 20:07:57,2017-10-25 21:27:01,2017-11-28 00:00:00
e8e92186741794a0da48d868267ce635,391ae4950689e958f7aa9de8b97f5908,delivered,2018-06-24 21:23:07,2018-06-24 21:35:14,2018-07-23 15:37:00,2018-08-09 12:29:39,2018-08-28 00:00:00
04dbc8d27bc4a29787bbaf068607aa76,409d8651100f3d1bbb9a4c2b563e37f7,delivered,2018-06-25 09:53:29,2018-06-25 10:14:06,2018-07-03 06:43:00,2018-07-05 14:04:56,2018-07-20 00:00:00
9053095d6a8816107d406e70df00efd0,73fae0f59caf72aeb4c69ad3ad534c44,delivered,2017-05-22 17:00:19,2017-05-22 17:15:09,2017-05-26 09:41:27,2017-06-07 13:31:41,2017-06-22 00:00:00
9a5e2e79294284216bd97c19ba039cfe,8130a950fdc7369a2ffa922a542a7ad5,delivered,2018-07-29 14:12:01,2018-07-29 14:44:28,2018-07-30 13:55:00,2018-08-01 20:36:38,2018-08-09 00:00:00
4324f32177ce15c52c8e1c570c259dc0,a8e15f3b8994154da337b60eeda28eba,delivered,2017-03-11 15:37:58,2017-03-11 15:37:58,2017-03-15 07:05:57,2017-03-20 16:05:31,2017-04-03 00:00:00
a44bccae654f637781e1918da79f4fd2,a7c44f543a326d7f5dfc53649662195f,delivered,2018-06-06 00:49:14,2018-06-06 01:11:12,2018-06-11 14:44:00,2018-06-20 20:38:39,2018-07-20 00:00:00
738a743a02fd55d22839341f0d696e4b,31bd04a70aa18c5d0a7c018476942bf7,delivered,2017-12-10 19:30:45,2017-12-10 19:39:21,2018-01-05 16:29:13,2018-01-26 13:04:16,2018-01-04 00:00:00
fc3a5c0d14700eed8dbbab76943574d6,6e527042a30ca349ecbf642626ae237f,delivered,2018-04-03 15:01:09,2018-04-03 17:10:21,2018-04-05 20:07:43,2018-04-28 00:14:44,2018-05-04 00:00:00
420937423f0cb3d3fe689330b5d385a9,c17ef88b39d731163898d59a3a9b6e47,delivered,2017-10-19 09:26:47,2017-10-21 02:49:13,2017-10-23 15:28:20,2017-10-26 16:05:41,2017-11-10 00:00:00
c63d4cef8337f938b3bfb0b96b7b1242,98dcae52e819b16ea15decfd3efb3f80,delivered,2017-05-13 22:03:33,2017-05-16 03:45:26,2017-05-17 09:45:11,2017-05-22 09:59:57,2017-06-02 00:00:00
41b5ca83bef6301acf0208d83596fade,a1d79dad5150f0021ad8bc433364aa4f,delivered,2018-04-08 09:41:45,2018-04-08 09:55:13,2018-04-10 20:07:26,2018-05-03 20:15:43,2018-05-09 00:00:00
216b6395628241d62abe56159c7a3841,8e7ee409a1676ae9a4556373309242b6,delivered,2017-11-26 15:06:42,2017-11-26 15:16:23,2017-12-01 19:18:22,2017-12-16 11:48:11,2017-12-15 00:00:00
a230831f141fb1ecd55fad0ccf993ee6,b5ee7c7591fdcbe0ae67b9b4cd18ba8f,delivered,2018-01-14 17:09:25,2018-01-14 17:17:38,2018-01-16 23:05:59,2018-01-23 22:16:57,2018-02-19 00:00:00
f349cdb62f69c3fae5c4d7d3f3a4a185,c5e200d485ae35a7036cc2e7c1d8ea81,delivered,2018-06-28 14:34:48,2018-06-28 14:50:48,2018-06-28 18:08:00,2018-06-29 14:12:18,2018-07-12 00:00:00
db43c1a570e28fe9da60a444e3616a2b,a086fa78ca272b05a6404f91bb04928c,delivered,2017-10-01 15:19:14,2017-10-01 15:28:17,2017-10-02 15:18:57,2017-10-03 20:45:03,2017-10-24 00:00:00
3bcaf78d207317de1cba7507d0ca7eb5,ba0ce47dc8125341d58a1253d65308e2,delivered,2018-02-07 02:16:08,2018-02-07 02:29:52,2018-02-07 23:16:55,2018-02-09 20:18:20,2018-02-23 00:00:00
84c8e85801737b1626fa898ede7682b0,2100ae0e9921b8198d8b773d9e13494f,delivered,2018-07-15 10:13:23,2018-07-15 10:25:19,2018-07-16 14:29:00,2018-07-25 18:17:00,2018-08-07 00:00:00
4f438e923ccae9cd39d299ecb138a4c0,2163cb3a76a24127b8958bbb14b31d38,delivered,2018-01-22 16:56:12,2018-01-23 03:52:46,2018-01-24 21:51:34,2018-01-29 19:26:51,2018-02-14 00:00:00
ab0a259100a72a01f979cc26705316a4,3dcdb1dae15ceab787ba3a49aacb8e32,delivered,2018-04-09 18:14:47,2018-04-12 04:10:10,2018-04-13 19:21:48,2018-04-17 16:34:44,2018-04-25 00:00:00
dc170ecd2fefc21a44d0040b830dfa60,9b15d596cd0c8a3a5fb3b9584d8504ed,delivered,2017-02-27 16:29:57,2017-02-27 16:41:42,2017-03-01 14:51:51,2017-03-07 17:44:13,2017-03-22 00:00:00
51c5d44ed3cbadb44f409c04123a9402,ae307496b775277afed7c2b0f15a6921,delivered,2018-04-26 09:04:49,2018-04-27 03:10:27,2018-05-04 15:18:00,2018-05-17 17:31:23,2018-05-21 00:00:00
92dae1db0e45a5e5b08be2406e81eea3,4af6352f741b51d01b375b32579004cd,delivered,2018-05-16 22:15:53,2018-05-16 22:34:40,2018-05-17 11:26:00,2018-05-22 17:21:40,2018-06-12 00:00:00
4dc251eada0b46c0274a07e01d28b074,52983aeacdd58b235204afddaae8b169,delivered,2018-07-20 16:10:04,2018-07-20 16:24:25,2018-07-23 09:53:00,2018-07-26 13:38:46,2018-08-03 00:00:00
a7560b6365d2a681cdd6746d1355a73f,a28c9173740c90bc207fb2b968b1f0c0,delivered,2017-04-19 12:29:29,2017-04-19 13:21:46,2017-04-20 13:12:42,2017-04-26 13:50:10,2017-05-09 00:00:00
45d708b533e84fc3718ffde7cbbc6537,a6af61f5e5d2459218809661df1222a0,delivered,2017-07-11 23:35:13,2017-07-13 02:55:22,2017-07-19 18:53:50,2017-07-24 13:12:41,2017-08-02 00:00:00
0c8675dc2e52ab52977a76d810e45303,0595cb1106adc0f2c0f617c560fb8e57,delivered,2017-01-28 15:55:11,2017-01-28 16:31:16,2017-01-30 09:40:59,2017-02-01 14:14:43,2017-03-17 00:00:00
60c87cb052b29472f04df29bf16b2d47,df834820fffe483c7df9ac495163ca36,delivered,2018-05-07 15:54:24,2018-05-07 17:31:04,2018-05-10 15:16:00,2018-05-15 21:16:24,2018-05-17 00:00:00
8de1aae5083a3fd8914d84cfcf07dbbd,6f09e38cfdea8ab7077adff5783ff384,delivered,2018-02-25 10:19:47,2018-02-26 16:32:47,2018-02-27 21:37:38,2018-02-28 13:26:45,2018-03-12 00:00:00
9c84e4191a2bca32e9dfd55839156db1,4478451cfd0f1879300c03bcc3c5d023,delivered,2018-02-11 18:35:43,2018-02-11 18:48:08,2018-02-14 22:19:09,2018-02-19 23:03:26,2018-03-15 00:00:00
8ec5d698b2bb14e2cb3e4d4f90423a87,f0cda565d6b10de99429432cf0a5d4fe,delivered,2018-01-25 23:16:23,2018-01-26 14:59:06,2018-01-29 15:43:19,2018-02-08 23:11:35,2018-02-23 00:00:00
286416c179ad55d3866ac9b330dec836,44b7920db1d5edaa1107102e0c0aee83,delivered,2017-11-11 10:42:05,2017-11-13 17:11:54,2017-11-22 10:36:42,2017-12-05 21:13:39,2017-12-12 00:00:00
b8e0c25a0315d0ac5368e9ca610ea2c6,3d5fc683327b55bfa7042602e439f732,delivered,2018-03-29 16:16:57,2018-03-29 16:35:41,2018-04-02 20:26:42,2018-04-11 17:52:44,2018-04-17 00:00:00
1446ae966d68c3abad1ca3a3ce58033e,222e4c4d91c814cafc5badfe6a02c574,delivered,2018-04-27 15:52:45,2018-04-28 15:51:30,2018-05-15 07:40:00,2018-05-21 18:42:02,2018-05-30 00:00:00
940c5c8cc3ea86ca75804a5c8c350533,d9da4a83636f43e5e1c3da67b4d30bf2,delivered,2017-03-20 21:21:37,2017-03-20 21:21:37,2017-03-22 17:23:21,2017-03-29 15:54:00,2017-04-10 00:00:00
520bc702936ffe80d33a4632792835cd,dd70d88787656d37f1c7e30d70ff94fd,delivered,2017-09-14 13:20:33,2017-09-15 02:24:59,2017-09-15 21:05:51,2017-10-04 22:03:04,2017-10-09 00:00:00
2a41e607e8c88abf9f0b0f8f982dce13,666757864a60a4cb22fc360c7078612e,delivered,2017-08-10 20:08:15,2017-08-12 02:51:17,2017-08-14 18:13:37,2017-08-15 12:06:08,2017-08-23 00:00:00
fd85717bc49c767347b7b46317392d7d,d8daedee5a8e83272a2806c5a4e212a6,delivered,2017-08-15 12:37:15,2017-08-15 14:10:11,2017-08-16 17:04:37,2017-08-29 13:04:56,2017-08-31 00:00:00
40262293c197d4d72d008b6c544f688c,3ba631e115721e1495950f1516feb5ce,delivered,2017-09-27 18:53:45,2017-09-27 19:07:17,2017-10-03 16:45:30,2017-10-13 20:37:28,2017-10-20 00:00:00
7b07cef881924b566432e1343e5dba8a,49c2ab6071500a48ac48b8c4f910ef09,delivered,2018-01-02 16:24:18,2018-01-02 16:32:21,2018-01-05 19:16:35,2018-01-08 23:37:58,2018-01-18 00:00:00
cf744c93388b9e85a6e23911a40891e6,10b2925629d66b8cfed47d5ed3a45ec8,delivered,2018-03-21 19:23:13,2018-03-21 19:35:25,2018-03-22 23:25:53,2018-03-29 15:49:08,2018-04-09 00:00:00
48611dc4b01295b86465757d9c19d995,dba31fe3735e263a9032085c7fe3dd3d,delivered,2017-12-27 19:16:46,2017-12-28 07:07:50,2017-12-28 15:13:48,2018-01-10 19:17:36,2018-01-24 00:00:00
a2f1cdaeaa28c90780a12e8dc0e2bd31,7582766723ecbdbf5c1205ccaeb80239,delivered,2017-11-15 23:22:21,2017-11-17 15:08:08,2017-11-22 18:41:24,2017-11-29 00:44:38,2017-12-14 00:00:00
c7037ea6603ae90fc227e950bfc047ef,b7b9d825193190cb535f44b403f4c9da,delivered,2017-04-16 16:34:53,2017-04-16 16:50:17,2017-04-18 14:48:15,2017-04-27 07:44:24,2017-05-10 00:00:00
f094a0ac1cb1fc3b9ac8a4d385b602e1,8c5d410f1e35dfdfa6cf08fd8e3a6a65,delivered,2018-05-02 17:00:30,2018-05-02 17:54:30,2018-05-03 19:09:00,2018-05-04 13:32:24,2018-05-17 00:00:00
f9e254c56ad8dc27d6fd34b26f94711f,7a60c49de204bb732d997d4382b7a0ec,delivered,2018-08-28 14:11:30,2018-08-28 14:24:20,2018-08-28 17:10:00,2018-08-30 02:05:03,2018-09-05 00:00:00
f11cc2cb015566e4f853920015ae8cf0,4aefa299f825a44b8ab914fd2f13d244,delivered,2018-03-05 14:05:08,2018-03-05 14:28:52,2018-03-07 20:39:10,2018-03-16 13:52:36,2018-03-21 00:00:00
d1846813d43b3ddbf1b6394b223a4d6c,ebdd7cfdd27befeb9dc8fdb6e639b145,delivered,2017-07-28 09:32:41,2017-07-28 09:45:09,2017-07-31 20:29:17,2017-08-10 18:22:35,2017-08-21 00:00:00
aa663832fcd96bcd11acac2483a47a34,b393e36fcd4016718bc78bf02f871186,delivered,2018-03-26 08:47:06,2018-03-27 04:08:24,2018-03-27 22:24:50,2018-04-17 17:16:49,2018-04-12 00:00:00
3ec53ff8dd23b7e8a90cfb4082cf3f85,00620f738107803e6c0f6818a7a3b7e3,delivered,2018-06-01 21:36:14,2018-06-02 21:35:09,2018-07-04 06:38:00,2018-07-09 18:28:49,2018-07-25 00:00:00
46339e8135c96e55f41abd3cb736a584,0e85381c0b835d2abec6cb10cc8a8a9c,delivered,2017-11-17 13:11:09,2017-11-17 13:46:42,2017-11-23 16:41:19,2017-11-30 16:18:54,2017-12-06 00:00:00
df3d38bb02fc5e5bc7eb264985ca97b1,555775a9601baea5bd2e64b3a403d483,delivered,2018-03-07 07:56:12,2018-03-07 08:09:09,2018-03-08 03:08:53,2018-03-16 22:08:59,2018-03-27 00:00:00
66fd8efdb13221da1b5d53392e52e921,8d20d2912617c963476533288442aa2d,delivered,2017-11-22 15:46:39,2017-11-22 15:54:49,2017-11-23 19:23:05,2017-12-06 14:44:46,2017-12-13 00:00:00
5e292fb98b7d86213aea4a9bd5681a42,e60547efaf733493502a83561634b84d,delivered,2017-08-16 14:11:20,2017-08-17 02:50:27,2017-08-18 16:33:51,2017-08-25 19:04:59,2017-09-12 00:00:00
49549ed2d115e970bfb52d517fe0e91f,7616b63d408b37afcdff25c1c94b1168,delivered,2018-06-25 14:34:49,2018-06-25 14:54:18,2018-06-27 10:44:00,2018-07-02 12:41:12,2018-07-19 00:00:00
09195dded6636223b79ba89aa778d5fb,857df1e83336925aff428375b48c55e7,delivered,2018-08-14 15:42:47,2018-08-14 15:55:29,2018-08-15 15:07:00,2018-08-16 19:02:53,2018-08-24 00:00:00
18ed848509774f56cc8c1c0a1903ad7f,8f89d962f49f0d7a6d354a4ef3d099c2,delivered,2018-02-05 13:13:28,2018-02-05 13:30:39,2018-02-06 21:43:26,2018-02-20 01:15:50,2018-03-07 00:00:00
b0593d721031fb2a0a18f31d0a82abe5,e463521fa7e004e4fbe2ef5c999d8d87,delivered,2017-04-19 12:07:24,2017-04-20 13:35:11,2017-04-24 08:07:43,2017-05-02 15:46:51,2017-05-11 00:00:00
aa253701e17f4db9147a15539bcacfd2,7fad2707b753289648fe530a16a6f8d2,delivered,2018-05-12 23:10:28,2018-05-12 23:31:00,2018-05-14 08:27:00,2018-05-18 17:51:40,2018-05-30 00:00:00
eb8513707837541914345e946218aab6,6a07c124573ecbd9015574b95c55d881,delivered,2018-01-13 12:49:45,2018-01-13 12:58:23,2018-01-15 21:47:52,2018-01-19 00:36:49,2018-01-30 00:00:00
4479bcf612bcf1a5aa13bd096bbca094,c3c3683b042e9629d28689aa2fb64d3f,delivered,2018-05-08 13:37:59,2018-05-09 13:35:18,2018-05-10 12:18:00,2018-05-14 19:48:44,2018-05-25 00:00:00
0d4381c5179436609adcf581b55639e5,99d058afb52d7ad1474103d28382bc83,delivered,2017-10-07 15:52:19,2017-10-07 16:04:58,2017-10-19 19:06:21,2017-10-20 19:03:23,2017-11-06 00:00:00
a2b932dba58739e74b19e8216b7de165,5c1b11db401fab28fdc97fa8b34f739e,delivered,2018-08-05 10:55:11,2018-08-05 11:10:06,2018-08-06 14:49:00,2018-08-09 19:24:27,2018-08-21 00:00:00
8babefcbfff85cc907e0ec86e9f0ffd8,e80ac59e04eba2d24b276bce970bddf2,delivered,2017-07-10 14:06:13,2017-07-12 02:10:56,2017-07-13 10:53:58,2017-07-26 19:39:55,2017-08-10 00:00:00
defe6c6f7875ec5d8409143a3d850eaa,4a18d5b47e8cd57cec04f4ff4cf453de,invoiced,2017-09-25 11:11:34,2017-09-25 11:30:15,,,2017-10-24 00:00:00
fab488165423ae4a65b46569091cf205,6925e102518876a52a0a0a619c118133,delivered,2018-04-06 09:53:08,2018-04-06 19:28:44,2018-04-09 19:41:59,2018-04-16 19:44:48,2018-04-30 00:00:00
0167c361757c75999575cfdd8f8695f5,fa16d4938e075cecd40c099fa81c6003,delivered,2018-03-15 11:46:10,2018-03-16 03:45:09,2018-03-16 19:38:28,2018-04-10 10:39:34,2018-04-18 00:00:00
7bfde9729732d1f662f51978148b3bb6,9fd19a75a14bc0ae5c56ab8f2da298bd,delivered,2018-02-22 12:27:31,2018-02-22 12:48:36,2018-02-27 19:45:02,2018-02-28 20:25:26,2018-03-08 00:00:00
4fc24c6e6c09b89f876806e55dc8fcda,2b2fbb0f127d012d0b0069948db27c1e,delivered,2018-01-10 15:23:48,2018-01-10 15:30:32,2018-01-19 21:33:35,2018-01-23 21:35:00,2018-02-09 00:00:00
f78e5e459e3829bbc1bf472f4eb8eb35,3c7c40c039e3547fdb7a3797272ab922,delivered,2018-05-11 10:46:53,2018-05-12 10:52:12,2018-05-14 16:33:00,2018-05-26 14:18:48,2018-06-14 00:00:00
b5c037cf61074d84c0a994fa0d024064,58a549319c3ffcfc868efa613016466a,delivered,2017-01-12 15:58:39,2017-01-12 16:10:19,2017-01-18 04:42:03,2017-01-24 13:09:56,2017-02-13 00:00:00
26f966daec24841bcf1e1d17783c5ea8,c72236a00e7a830a37a2b5a669b0c6cd,delivered,2017-11-28 14:01:10,2017-11-28 14:32:21,2017-11-29 19:53:14,2017-12-18 18:52:15,2017-12-19 00:00:00
c03c0621cf2e7845908985db3355f9e0,6582b23efa7ebcb533c64649530bbe60,delivered,2018-02-13 13:04:57,2018-02-13 14:35:28,2018-02-14 22:48:50,2018-02-28 19:48:46,2018-03-16 00:00:00
d44d01e695a204a2d7dc91ef82378e2b,4e1df5678ffe8d046237c2b2dcf5764b,delivered,2018-05-30 18:12:51,2018-05-30 18:31:06,2018-06-05 05:05:00,2018-06-12 17:28:58,2018-07-13 00:00:00
2629f879b3928da2cbad95a46fa904ac,2407f7da08e4ac6c1e2fbd698bba4d9c,delivered,2017-12-28 08:54:00,2017-12-28 09:16:19,2017-12-28 20:27:24,2018-01-09 20:27:42,2018-01-30 00:00:00
9f10d04a296cb19c784bb4e4ff20d83e,8e9f6c81ed885042f78bf4db9b926f85,delivered,2018-06-14 12:06:57,2018-06-14 12:39:15,2018-06-15 14:08:00,2018-06-26 12:42:16,2018-07-12 00:00:00
1b06aad4a90f552b892b8389166627bc,ee0ab5a9747a11f916fff4b4fc306ac0,delivered,2017-12-25 18:23:53,2017-12-25 18:35:21,2017-12-26 17:48:18,2018-01-08 20:40:31,2018-02-16 00:00:00
846b7ad2c4d3f41185c508376fd86c3f,8a6d9c909753f171131d459c4d86776d,delivered,2018-03-22 20:40:12,2018-03-22 20:56:19,2018-03-29 00:42:12,2018-04-09 20:36:40,2018-04-13 00:00:00
396af24f9fbfbbb946c61236fa1cf895,a8dddbb164f3848ad6a58dace214ed7b,delivered,2018-07-22 17:27:47,2018-07-23 12:31:38,2018-07-23 11:17:00,2018-07-26 17:37:50,2018-08-09 00:00:00
312c7fd8a2420002c53fee13e15c8111,1e59e315349bf9f24c7837da34c658e8,delivered,2018-06-03 22:59:59,2018-06-03 23:11:30,2018-06-06 08:20:00,2018-06-13 15:28:40,2018-07-12 00:00:00
5becdc7023ac808468fe99d7806eb2f7,a6a9225f3727d32eef717af57c55b680,delivered,2017-12-03 09:30:17,2017-12-05 04:13:28,2017-12-05 17:19:04,2017-12-17 20:04:22,2018-01-04 00:00:00
786fc675ce44d2428b2dd7acff0d890a,6b519a4a2137c52eb08972b18e05d090,delivered,2017-08-16 09:24:43,2017-08-16 09:44:21,2017-08-21 21:52:34,2017-08-23 20:52:26,2017-09-11 00:00:00
f5790c25979b0fd6a9125cfd745689a7,2218eb19c121b3d073793364f63dd895,delivered,2017-03-19 21:05:50,2017-03-19 21:05:50,2017-03-21 09:17:46,2017-04-03 13:18:39,2017-04-19 00:00:00
44628cfcb3b5de94aed835b088caf99a,ea4f873be6925958ebed930e5f18f72d,delivered,2018-01-20 05:50:00,2018-01-20 09:15:08,2018-01-22 17:41:56,2018-02-05 21:46:22,2018-02-19 00:00:00
0bc16cf0c58995bbc893af2e151534d0,7c6835555806136bacab36fd7fd8bb70,delivered,2018-06-03 19:34:25,2018-06-03 19:52:19,2018-06-04 11:16:00,2018-06-13 19:11:59,2018-07-16 00:00:00
cee2ddf4087d91aaf4874fc1436f9901,23adca7b92ea9f7c40e60be117e47c6b,delivered,2017-01-22 21:42:56,2017-01-22 22:20:11,2017-01-24 15:44:02,2017-02-03 13:25:09,2017-02-22 00:00:00
7e838ceff164e744461d1b4633150d7e,b4a4635e6d583f91ff510ed3d8856735,delivered,2018-03-24 22:14:41,2018-03-24 22:27:36,2018-03-27 04:31:04,2018-04-10 18:12:16,2018-04-19 00:00:00
076f1fe978468db6b826f40f714da65f,4f35ebb1592ee75a4a0d34f4c9615090,delivered,2018-06-05 11:41:02,2018-06-05 14:31:31,2018-06-05 13:59:00,2018-06-11 15:26:48,2018-07-19 00:00:00
6d7a867946b6ea936e0f9bff037d10a2,fe5e93461bf25c68ba32e98e196d77a3,delivered,2017-03-15 14:38:38,2017-03-15 14:38:38,2017-03-17 09:35:17,2017-03-21 10:27:38,2017-04-03 00:00:00
08f95199562a41bb3a899717810c7af2,4a8bddca16f988039c3eb190e69f054e,delivered,2018-04-13 20:55:30,2018-04-13 21:09:46,2018-04-16 20:12:51,2018-04-30 23:15:36,2018-05-17 00:00:00
ebb74d4849355d5e199da48333a12ac2,551367f2f74b6c8799754964774f4ee7,delivered,2018-06-25 11:55:41,2018-06-27 08:11:54,2018-06-27 10:42:00,2018-07-03 01:12:03,2018-07-20 00:00:00
353c2d85938ff4228ec749b7b461561b,af28aa3ed992ad99e29d4793b41a8e66,delivered,2017-07-07 21:09:25,2017-07-07 21:23:05,2017-07-10 15:53:34,2017-07-14 19:43:33,2017-07-31 00:00:00
f647bd085f1616eb4a272bda4d3f8045,4672ca9dfaf87835eea705f786d3dea7,delivered,2017-02-04 02:29:03,2017-02-07 03:50:19,2017-02-09 10:54:50,2017-02-15 15:41:51,2017-03-01 00:00:00
f381b146cd69cbb80f44820235eb06a8,63c3f9b7518ce37a22cc22651ff532ce,delivered,2017-08-14 12:56:13,2017-08-14 13:30:17,2017-08-18 19:10:11,2017-08-22 19:37:53,2017-09-01 00:00:00
152a293b457051eb0d7673c27bba44c7,e8479a6bb05afc8b19f0c49788d9003f,delivered,2018-01-30 11:22:42,2018-01-30 12:13:52,2018-01-31 22:43:19,2018-02-02 15:20:55,2018-03-02 00:00:00
d31e1e13960863c7dcb2f6faadee5486,212f4bd964e2b455d2adaa4370aa4964,delivered,2018-03-29 01:12:21,2018-03-29 01:28:01,2018-03-29 20:05:25,2018-03-31 11:23:43,2018-04-18 00:00:00
70b29d983d411a9fa6a5f8c2380baa90,acc7d08ad680a839e9d78508de9fd0d2,delivered,2018-06-21 16:57:59,2018-06-21 18:21:19,2018-06-22 13:01:00,2018-06-27 16:45:50,2018-07-13 00:00:00
0c5c5872985d8382ec1df7d0ec721875,24acebc6460c3e8f61021a905ce952b2,delivered,2017-10-23 23:13:51,2017-10-26 14:29:25,2017-10-30 17:12:39,2017-11-24 14:03:12,2017-11-22 00:00:00
476a432306780038e2403c30235817e7,9047ddd8b67873d55ff287e1d90db634,delivered,2018-04-22 17:04:00,2018-04-24 17:48:13,2018-04-24 14:14:32,2018-05-03 23:51:38,2018-05-11 00:00:00
2b0fac8016e16d2f605fcaf2c3a8db95,59e929d8c300e6de371bd439a3316266,delivered,2018-03-14 16:19:00,2018-03-14 17:00:30,2018-03-17 00:16:28,2018-03-21 15:05:55,2018-04-02 00:00:00
94d18ea7d84e7d085b919c186129795c,0d797ec008d7a5243ffb46d6cce30b4a,delivered,2018-05-10 20:00:34,2018-05-10 20:17:39,2018-05-11 16:28:00,2018-05-16 18:38:18,2018-06-04 00:00:00
b74a684e587b26938063adffbe35f41d,863aaf463c23aafb865f575f0e58432a,delivered,2018-07-01 22:31:33,2018-07-01 22:49:58,2018-07-03 12:07:00,2018-07-11 16:29:45,2018-08-01 00:00:00
d2857f1d626d6c49882e77dea44a3e80,98ba4b7dc27586a623a04479a55cacdd,delivered,2018-01-22 10:21:40,2018-01-22 14:16:14,2018-01-23 23:37:39,2018-01-25 18:57:04,2018-02-06 00:00:00
794d80f9e8620ca36ebf6adef63cb6ee,2515de42b96830caf07fafe30f5aab03,delivered,2018-04-03 20:15:00,2018-04-04 20:10:17,2018-04-05 20:04:23,2018-04-11 19:38:37,2018-04-27 00:00:00
ff1037c14208a18e7482c6c7a988799f,5b29cab1b79b6ffde4d50351e4f85ccb,delivered,2018-08-25 15:08:14,2018-08-25 15:24:22,2018-08-27 14:19:00,2018-08-28 19:40:53,2018-08-30 00:00:00
73befa10ba4ce911961d44fc641180e6,7bffb6d111f174bd77cb1a8e8d737812,delivered,2018-01-14 12:32:18,2018-01-14 12:48:29,2018-01-16 19:39:30,2018-02-02 16:34:23,2018-02-19 00:00:00
4f531643f9a824b14d56621d4b679512,5c2d2f13c3e67d89c5faa17f344d65de,delivered,2017-12-22 23:01:20,2017-12-22 23:30:26,2017-12-26 17:52:54,2018-01-11 15:38:50,2018-01-18 00:00:00
60f4d3b713c3f6a472d13f238818775a,47f5a28a292c29735320ab9ffeff5d82,delivered,2018-06-26 20:18:34,2018-06-26 20:30:14,2018-06-28 15:04:00,2018-07-03 19:51:21,2018-08-02 00:00:00
c057007d38fa1eb53e9eaf0602830467,c9cfc1234b16803061a24d2ed1bbcade,delivered,2017-09-15 13:10:59,2017-09-16 02:55:44,2017-09-18 18:05:43,2017-09-19 20:40:18,2017-09-27 00:00:00
3461c4b04fb9c6ecc30aee1e099bd1e1,7700eadddc5206fa9e00bd2868f08d14,delivered,2017-02-01 23:18:46,2017-02-03 03:45:15,2017-02-04 07:22:16,2017-02-09 10:57:43,2017-03-02 00:00:00
576fed147504338aa428f01cb08ab5a4,965e13165860fea377c1b5758f12e7e0,delivered,2018-06-04 12:53:03,2018-06-06 03:11:07,2018-06-06 08:38:00,2018-06-07 14:49:35,2018-06-28 00:00:00
65dcb85abbb41e3ece2afabaacad1d2d,769ee4a53b9d19c994cf0940081a43fa,delivered,2018-03-16 20:00:07,2018-03-16 20:10:30,2018-03-20 20:14:22,2018-03-26 18:42:19,2018-04-10 00:00:00
6f019df1013d847952dafbd0abc55c94,be1823d46eaf0218ea7391bfd0cf95e6,delivered,2018-08-08 11:25:06,2018-08-09 03:50:23,2018-08-10 15:29:00,2018-08-14 16:32:43,2018-08-17 00:00:00
b12dbb55013ad2916d26c65c8abbcd17,444882642bc5550e2fcadebce502f01a,delivered,2018-01-20 15:01:14,2018-01-20 15:22:07,2018-01-31 10:22:06,2018-02-06 23:16:28,2018-02-23 00:00:00
66efaa03a4b4236e90751074b59f4b78,e405b45d1a92f47e9aea63e461a41a99,delivered,2018-03-11 14:14:32,2018-03-12 17:49:15,2018-03-13 20:37:21,2018-03-19 21:22:18,2018-04-02 00:00:00
0fa0372b06bb8a9e774500bd29dab06e,bb2aaa9a23e3952790253fd4e5dedf5e,delivered,2018-07-30 16:57:34,2018-07-31 17:31:43,2018-08-01 13:17:00,2018-08-06 17:12:35,2018-08-09 00:00:00
2c62dbd00c329b2e3310383124183d37,624089fe851f3deb7223ffca03a829c8,delivered,2017-12-17 10:49:23,2017-12-17 10:57:29,2017-12-20 18:38:34,2017-12-28 14:23:56,2018-01-11 00:00:00
79736d8897b41dc2f3b2096def7a5f7e,cd8f48109c28d43afef65248182f9c77,delivered,2018-01-08 17:09:49,2018-01-08 17:18:30,2018-01-10 10:54:35,2018-01-23 19:49:01,2018-02-06 00:00:00
0eedbfca467b1eca111793663c125e30,87442b1b8fd9700b14b81ce9c3bcadbb,delivered,2018-07-23 15:36:27,2018-07-23 16:05:02,2018-07-24 14:59:00,2018-07-30 18:15:05,2018-08-14 00:00:00
0371bb519b3c4b04bed0460608ce6c59,672ed40727c0f5acb2a1439d107a5a82,delivered,2017-08-06 16:50:28,2017-08-06 17:03:02,2017-08-07 21:06:01,2017-08-11 22:30:01,2017-08-29 00:00:00
084e6aea84bfcc0627bf4da8d657938e,059ac53b914e0bfa1877ad8c86e4405c,delivered,2018-01-12 10:09:49,2018-01-12 10:29:33,2018-01-29 23:25:32,2018-01-31 21:05:27,2018-02-21 00:00:00
9c5bfba7de6a4abbb6ba0baab78d1622,383a25447c28d7bd477c15cf76b412f6,delivered,2017-07-08 14:55:52,2017-07-08 15:10:14,2017-07-11 17:12:41,2017-07-19 20:46:57,2017-08-03 00:00:00
e8c9b0d66cadc26a3f329d777f0eff7f,3184fb416b3d00500c5c4c034d3102ea,delivered,2017-11-22 16:15:43,2017-11-22 16:27:32,2017-11-28 22:41:29,2017-12-11 23:10:08,2017-12-18 00:00:00
c1dcb1e220fb7a81105d999aac3e0b2f,aecfc323849a062b7c83f471971f0f20,delivered,2018-07-13 15:47:12,2018-07-17 04:31:43,2018-07-18 15:17:00,2018-07-26 13:16:54,2018-08-17 00:00:00
cd033f73c64fb6c49b8c92a952102631,68e676257e42a01c04de3abd6816c3ee,delivered,2017-08-18 18:29:57,2017-08-19 02:25:14,2017-08-21 21:03:17,2017-08-28 18:00:15,2017-09-12 00:00:00
d5fbeedc85190ba88580d6f82d1d5ed3,344423c2e26d47d2b6d3dd363a89e812,delivered,2017-05-15 11:50:53,2017-05-15 12:12:07,2017-05-15 12:52:34,2017-05-16 10:21:52,2017-05-24 00:00:00
5f49f31e537f8f1a496454b48edbe34d,a7260a6ccba78544ccfaf43f920b7240,delivered,2017-08-24 11:31:28,2017-08-24 11:45:25,2017-08-25 14:17:55,2017-08-28 20:12:20,2017-09-14 00:00:00
ae0ba7f86594601c3dc2744295f47778,23cf6500385bf7b2764f87d0d70ee48f,delivered,2017-05-08 13:25:47,2017-05-08 13:35:19,2017-05-19 13:33:36,2017-06-01 12:38:36,2017-06-21 00:00:00
26d54fe728c00ded5d4508383c6293c9,57b9b815e21434834d5377458f1cf483,delivered,2018-03-01 08:25:33,2018-03-03 02:51:28,2018-03-06 16:49:04,2018-03-07 19:53:16,2018-03-13 00:00:00
fa324c91752b47b6cc59296bcb53ebdd,1db65de5533222a6453724a15ef53cc7,delivered,2017-04-19 22:38:55,2017-04-19 22:55:09,2017-04-20 08:24:22,2017-05-11 15:38:08,2017-05-17 00:00:00
be597ae2dfc955f581832e7430e7e293,b84061fb9715b273145994becbe9b643,delivered,2018-07-14 18:44:35,2018-07-14 18:55:12,2018-07-18 11:23:00,2018-07-26 16:03:08,2018-08-06 00:00:00
0c46fe7e5915cf8413d797e298c50dba,e16a28ecd0cf7f1010c6719d14666d69,delivered,2017-11-03 16:55:46,2017-11-04 04:35:32,2017-11-06 20:46:41,2017-11-15 00:21:28,2017-11-28 00:00:00
e9e4f6c97c6b2d1844e0ab40e5c3a9d6,26e1d3ea21548a63b4679f4e93f807cf,delivered,2017-10-25 22:06:10,2017-10-25 22:25:40,2017-11-07 00:08:51,2017-11-08 13:21:24,2017-11-13 00:00:00
57fd77e042eae6cf98abda1a628ad614,dc1e66d59f0c7e2e1ba00900623876e9,delivered,2017-11-13 23:52:01,2017-11-14 00:10:31,2017-11-16 13:24:06,2017-12-01 22:58:57,2017-12-06 00:00:00
df3eb7517b2713793487be20fe1b352e,93056b7f1d5b18183023fecceb1c65d1,delivered,2017-12-13 23:59:38,2017-12-14 00:11:08,2017-12-19 17:35:37,2018-01-11 10:57:07,2018-01-16 00:00:00
c8fb73e3313c12aa7978cd59adbd0a6a,d494cfac6c56cc4806241dff2b5e6704,delivered,2018-06-29 12:16:28,2018-06-29 12:31:27,2018-06-29 14:58:00,2018-07-06 16:38:53,2018-08-07 00:00:00
d7fba1b443490052282949e0f188dff7,d4ad196d33104e1e10a2c3da4323b03b,delivered,2017-09-15 18:48:53,2017-09-16 18:55:10,2017-09-19 18:09:45,2017-10-04 18:42:25,2017-10-16 00:00:00
59136c1fab3d9e26e60db2df573ae8e1,9684024aad1f7f862ec6291eb751c50e,delivered,2018-01-10 20:58:53,2018-01-12 02:34:25,2018-01-12 22:37:13,2018-01-23 15:21:35,2018-02-01 00:00:00
b5a7e84baf7b4f3080e25ff1294a80f0,65d6c19036ee72ecd69d4e12ac643fff,delivered,2017-11-26 11:09:22,2017-11-26 11:18:23,2017-11-29 15:47:03,2017-12-02 14:56:54,2017-12-11 00:00:00
33e2ef7baf78f45517589742203e095b,7228b05e6f9b3f21056e8416c4fe0fa2,delivered,2018-04-07 12:56:35,2018-04-07 13:10:15,2018-04-10 15:58:26,2018-04-17 00:03:35,2018-05-08 00:00:00
7796f39e1b16dacb03e333547d3c2252,b2b389bd4487e2acf145679f7a957876,delivered,2018-08-09 09:57:21,2018-08-10 03:15:28,2018-08-10 17:15:00,2018-08-17 12:06:46,2018-09-27 00:00:00
d7343b3b63fe9f2256b9508ea75c5cc5,15d24ce77080f76f2fd8a982dc9a2a70,delivered,2017-11-24 00:10:13,2017-11-25 05:49:44,2017-11-27 12:19:43,2017-12-06 18:51:54,2017-12-14 00:00:00
7aa979e2fd1c3284a815de85753464cb,a2663cf48e786b502fdf0faf6a07454d,delivered,2017-06-24 11:20:04,2017-06-24 11:30:21,2017-06-26 12:37:57,2017-07-11 20:13:03,2017-07-18 00:00:00
c8590303527208d2ea0f2eb752ae074a,fdacde7b057f261f8f39ef2cf078df68,delivered,2018-04-23 10:06:08,2018-04-24 17:59:31,2018-04-24 23:41:45,2018-05-18 19:47:45,2018-05-22 00:00:00
c82b915d2c31dd0a246d87f85e8de5c3,d8ed94ebf199911163993a13b3a34ab0,delivered,2018-06-17 13:23:46,2018-06-17 13:40:00,2018-06-18 07:57:00,2018-06-19 16:38:31,2018-06-28 00:00:00
4a46b5e1fafd4a6ab3f773494ba1b331,c26a54d3ceaafdeb3b5e6c366399e74c,delivered,2018-01-29 11:08:33,2018-01-29 13:17:32,2018-02-01 20:49:59,2018-02-02 22:21:09,2018-02-14 00:00:00
355704bb15561f1fe0bdc9dc064e4e1a,46436350740768631c62ace7aa320f98,delivered,2017-06-05 11:57:43,2017-06-07 02:42:39,2017-06-08 08:57:09,2017-06-19 20:32:27,2017-06-28 00:00:00
a73d909b08c8058d8c1f42cdb2ada6ae,f6cedb4b0b06be93d4ab83c19536bcc9,delivered,2018-05-26 12:12:15,2018-05-26 12:30:16,2018-05-28 15:00:00,2018-06-01 15:42:10,2018-06-20 00:00:00
b1e14a73d87c4c632e2bc8a622696f6d,23012255e10b4c5601ddf2b3de9bb3e0,delivered,2017-10-17 12:59:28,2017-10-17 13:14:31,2017-10-18 19:22:28,2017-10-19 20:12:38,2017-10-27 00:00:00
9f076b87261e6c9894139da7d41eb02d,3a16dccb1c97f2ce9f9272fab067d967,delivered,2017-05-06 19:32:23,2017-05-06 19:45:09,2017-05-10 14:30:17,2017-05-22 12:18:11,2017-05-31 00:00:00
69fd8982cce0c7b6b7c23513fc4c4754,d1a1c337a9cfd2344e6d47822157c10d,delivered,2018-06-04 21:54:25,2018-06-05 04:12:31,2018-06-06 13:19:00,2018-06-16 19:34:42,2018-07-20 00:00:00
e48714c58c7f24c9680410f70af4a962,5feb7f86e689cbef134d509cf9845867,delivered,2018-05-18 16:44:26,2018-05-22 07:55:17,2018-05-22 10:51:00,2018-06-01 21:09:41,2018-06-04 00:00:00
de6ecf700b95b7b8f6d4dbea03fd56dc,98b5b8ac8f4775c874fae11ad151713d,delivered,2018-07-19 11:50:46,2018-07-19 12:03:05,2018-07-20 06:10:00,2018-07-26 18:59:27,2018-08-06 00:00:00
3611ece86e8e8c233f0700db66adf592,86efd204a817f3ed802849995f2f7b26,delivered,2017-06-23 19:21:44,2017-06-23 19:30:25,2017-06-29 14:21:59,2017-07-10 17:25:48,2017-07-13 00:00:00
a7e1d929900de316ec364240ad348947,3fcb416a254ed8df2d9adbdc982ca3e7,delivered,2017-08-22 16:56:24,2017-08-22 17:32:51,2017-08-23 16:15:30,2017-08-24 15:53:52,2017-09-04 00:00:00
44a022bf82d92fce7892801d46040e47,8a5589ee26fc5daf0c4ed3ea3887c67b,delivered,2018-04-08 12:04:19,2018-04-08 12:15:17,2018-04-09 23:41:43,2018-04-19 14:48:52,2018-04-25 00:00:00
0c8058646f24f81b942fe644c199e978,f8b4ea8afddd292f4ba858b7215f534d,delivered,2018-06-14 21:51:29,2018-06-14 22:16:25,2018-06-15 14:18:00,2018-06-20 20:42:44,2018-07-11 00:00:00
098dd2a0dabd8878380b344370974efa,971c2e479ef8a3a4a70418a4e6100228,delivered,2017-03-14 22:06:27,2017-03-14 22:06:27,2017-03-16 11:39:33,2017-03-22 06:34:07,2017-04-17 00:00:00
a5500fc87a64d9d7f3ee98bdc7b25838,34a00627e6ef9fa9a9938f788a765926,delivered,2017-11-26 20:26:41,2017-11-26 20:36:31,2017-11-29 11:28:44,2017-12-06 17:39:12,2017-12-15 00:00:00
c5d3fae065a8090bae39f4f34b14cd06,8866a052aebe7f7cee97bace65b379b2,delivered,2018-06-25 09:53:57,2018-06-25 10:14:04,2018-07-03 14:40:00,2018-07-09 23:04:31,2018-07-24 00:00:00
61ab43a7e8f1eb80fb124273d186eb10,fd1b3c71bd3a2c488623ddc9943f379d,delivered,2018-01-08 22:25:26,2018-01-08 22:36:20,2018-01-09 12:05:49,2018-01-17 21:09:55,2018-02-07 00:00:00
63125d8bfcdf8566e5599d120f71eb09,a390197b5db471efb8dd6b2f6b2649f9,delivered,2018-06-17 16:38:45,2018-06-19 04:17:02,2018-06-21 14:30:00,2018-06-25 16:32:06,2018-07-11 00:00:00
5ddb2ce1958a158606319b7a9204fd8e,bbd3e2244f635630f312ec5015bd4635,delivered,2017-07-12 10:01:11,2017-07-12 10:10:22,2017-07-12 19:14:37,2017-07-25 18:47:55,2017-08-11 00:00:00
c111660003fe3dd242a376599653b22a,66c7d377394b98ffbf45ede7f96d5c07,delivered,2017-10-14 10:17:06,2017-10-14 10:28:22,2017-10-16 20:13:01,2017-11-01 21:27:52,2017-11-13 00:00:00
86cbd38abc4bc6ec27bbb24af6ca5575,9d1c9f15d1ec506b14077d5e6a4b7cc4,delivered,2018-04-05 21:53:41,2018-04-05 22:09:24,2018-04-07 16:48:40,2018-04-12 18:37:33,2018-05-03 00:00:00
acb5f43399cf8627eb0f862ec5c3ceae,a5a24fce1edec515e0458b4a288c6813,delivered,2018-04-08 22:34:16,2018-04-08 22:49:26,2018-04-11 00:14:26,2018-04-12 00:38:38,2018-04-19 00:00:00
1046c724dec8bc31545703d07c378073,8f9a7227b5626fdf0b401e8832446f84,canceled,2018-07-14 10:27:55,2018-07-14 10:44:03,,,2018-07-30 00:00:00
e60856926b11f52676a5408033e204de,5f2944c022285e2b6c109cc0696069d6,delivered,2017-07-09 16:17:20,2017-07-09 16:30:14,2017-07-11 17:12:21,2017-07-17 19:22:33,2017-07-28 00:00:00
4d7ca3591e5dc730ad4e00085ebe11c6,4e053dd10862747d48cbd22bf1415ec2,invoiced,2018-04-24 20:40:44,2018-04-24 20:55:46,,,2018-05-08 00:00:00
9045fa841de3514ce900f5fc869d9b1f,2f8d6af8cb3875d6964eb4b5eff3a718,delivered,2017-11-21 22:34:18,2017-11-21 22:48:20,2017-11-22 20:28:57,2017-11-24 20:26:51,2017-12-13 00:00:00
d45824690fce3cbb2a729f519ad2728a,1bdd205d009b2007a11f32e6e23dafd1,delivered,2017-07-23 17:46:54,2017-07-23 18:02:44,2017-07-24 20:46:06,2017-07-29 16:11:19,2017-08-11 00:00:00
9712ce7b38d5c1089b5e699e65f86d3d,8ae6573d7b3fe18d66f9bed224e2b38f,delivered,2017-06-30 09:48:09,2017-07-01 09:55:07,2017-07-03 15:18:02,2017-07-06 10:12:05,2017-07-20 00:00:00
5e1452bdf1c8fcf2b69f810cf9374a8e,c13461c34442cfffeda43e3f435d6d1f,delivered,2018-03-21 22:08:35,2018-03-23 02:10:52,2018-03-26 16:41:17,2018-04-05 19:11:00,2018-04-13 00:00:00
f327645eb13511d92d672ec03773b2ae,8a0c8a9b5f063ebffac115532c94cf1c,delivered,2017-06-29 12:26:11,2017-07-01 05:03:55,2017-07-06 15:04:28,2017-07-12 17:22:06,2017-07-27 00:00:00
d63eeedfef9b1272e7e202eb17623912,1e425acf0b88c6efc1c7c9885015122c,delivered,2017-04-12 16:15:27,2017-04-12 16:25:23,2017-04-13 08:37:54,2017-04-20 11:18:44,2017-05-08 00:00:00
b8ed3984a255598afb99a0ee70c3d45d,f09059dcc33155a08832382b5668cbe7,delivered,2017-03-14 13:51:39,2017-03-14 13:51:39,2017-03-15 10:35:55,2017-03-22 13:34:34,2017-03-31 00:00:00
665d50e18511ae7a38d58eded8c03b60,b636ce46b14f0aac0e905d9410c0c3a9,delivered,2018-05-02 21:37:33,2018-05-02 22:34:52,2018-05-04 12:09:00,2018-05-20 18:21:27,2018-06-08 00:00:00
d76b164e4e70f560ba7c2d4f155b09d7,009c825b4f96c0c03731ac38b6e1c6ea,delivered,2018-05-28 08:31:13,2018-05-29 03:30:50,2018-05-29 14:03:00,2018-06-14 18:44:53,2018-07-16 00:00:00
12fadfa917595c54415e404234e32d2a,053a441e831f4858b13182fe2671e967,delivered,2018-03-28 08:53:37,2018-03-28 09:07:51,2018-03-28 22:51:47,2018-04-07 19:06:36,2018-04-19 00:00:00
4cde326019a222305874fd6339a13fa9,0ae049347725b398cd98a9efdb2bcc29,delivered,2018-01-09 00:53:15,2018-01-11 19:46:25,2018-01-15 12:18:55,2018-01-23 20:03:16,2018-02-01 00:00:00
6be8a1100f67ca1774bd0eea9e5a44b9,7a2c5a5dc9717c2a7ab791763e03cf15,delivered,2018-01-29 22:21:44,2018-01-29 22:35:30,2018-01-30 18:45:14,2018-02-01 00:34:58,2018-02-14 00:00:00
07d3db06b53989748df4ae194f6b0fde,4a1f4837b9cceab1e8831e832f487061,delivered,2017-06-17 21:01:39,2017-06-18 21:03:41,2017-06-19 17:14:07,2017-06-22 18:29:47,2017-07-11 00:00:00
450b307a6465207415ab38df48d94073,b6aea728b26da1f85105eaa626499751,delivered,2017-10-29 22:53:50,2017-10-29 23:05:55,2017-11-03 19:46:02,2017-11-06 23:18:28,2017-11-24 00:00:00
ea7bc44cb5c025230582d186e6366125,e1e9c6c6d5367dc3df911247300e644f,delivered,2018-06-01 18:59:06,2018-06-05 04:31:14,2018-06-05 12:25:00,2018-06-14 03:12:02,2018-07-04 00:00:00
b1498d9178bbadef1684ec3c4413cd31,ffc261b1c1e12a951ee0fc9d27463d3d,delivered,2017-02-21 16:17:51,2017-02-21 16:30:12,2017-02-23 22:34:20,2017-03-07 09:14:12,2017-05-04 00:00:00
cede91ea9b2186e794ef279d9aadd8f5,7bda7c209abee2dc689491a15dcce710,delivered,2017-09-16 13:30:59,2017-09-16 13:44:09,2017-10-06 20:33:38,2017-10-14 12:08:08,2017-10-26 00:00:00
f099d41ba0914d00926083362cea3299,a347c596e222350d5262e7e3c9ca8deb,delivered,2018-06-06 10:36:53,2018-06-06 10:54:58,2018-06-06 13:06:00,2018-06-12 21:07:12,2018-07-17 00:00:00
8ef062e9948e67edc62732a2709ec7b3,9786dc5471def34dbc65f537dc88566b,delivered,2018-07-07 10:50:52,2018-07-07 11:05:44,2018-07-10 15:03:00,2018-07-12 17:03:20,2018-08-01 00:00:00
1e3b30b2e066ae1200400ef9d72963c3,288c694f069518164973bb75f57c3e1c,delivered,2017-07-25 19:16:47,2017-07-26 19:23:06,2017-08-03 19:37:33,2017-08-11 17:38:31,2017-08-22 00:00:00
61e3ae79a5478b97ca32ec6d148b4953,2cf1f882e75cada6060e4e5405439910,delivered,2018-04-13 12:38:14,2018-04-13 13:31:36,2018-04-13 23:12:38,2018-04-17 20:38:33,2018-04-30 00:00:00
b4c4d00d5455e74ead9715bc1f9e8774,68cb7fbc85416655ad0499fcc7fdb9f7,delivered,2018-06-01 16:51:01,2018-06-02 03:31:50,2018-06-04 14:36:00,2018-06-06 18:31:58,2018-06-26 00:00:00
8c7743df5e89b7178ace0e9b7afe5208,1bd0d28ea82c44fcd1acdb41b4f464ea,delivered,2018-08-09 20:10:29,2018-08-09 20:25:12,2018-08-16 14:21:00,2018-08-22 22:22:33,2018-08-28 00:00:00
7720e8564b9fee98c22438680fa85cfb,1bde1bd5092f004db94a17c3d63b9d95,delivered,2017-05-01 14:11:12,2017-05-03 15:31:18,2017-05-04 15:28:59,2017-05-23 07:27:53,2017-06-02 00:00:00
3bf38a1291bd775229ca3420296fca97,283780488ad64b059d626bfe2f5539b5,delivered,2017-09-30 11:59:55,2017-09-30 12:14:09,2017-10-03 17:02:59,2017-10-18 19:07:31,2017-10-24 00:00:00
a103e6ad2ad56584ee8e0400083938cb,610c0a7ee3f1db8e079a647e473156b4,delivered,2018-01-20 16:30:37,2018-01-20 16:40:27,2018-01-22 17:09:23,2018-01-26 20:16:43,2018-02-06 00:00:00
e3667abef962f425cb19e50231a2456f,b89b378dc7f617c4024bd5479571e099,delivered,2018-02-17 15:04:06,2018-02-20 07:06:53,2018-02-20 18:57:44,2018-03-22 23:51:19,2018-03-15 00:00:00
31328a81d4ea41d47dc777dcbd88f222,e350009a3f9ed178e32bbc36e989b431,delivered,2017-06-12 13:53:19,2017-06-12 14:05:21,2017-06-13 15:12:38,2017-07-04 16:14:37,2017-07-13 00:00:00
6744d76b253e71e06a89867248227b9c,42528556eaad6bbc96bb8eff982ae387,delivered,2017-01-12 12:46:35,2017-01-13 13:05:34,2017-01-25 06:21:13,2017-02-08 08:43:43,2017-03-08 00:00:00
cc386d88850ca6f0931002051ac835d8,ffde64401f7cb62d2e8696d9467c781d,delivered,2018-05-07 20:55:30,2018-05-07 21:14:21,2018-05-24 09:37:00,2018-06-03 20:26:35,2018-06-06 00:00:00
957109fd6a6321b74f0d9cf8969aff76,1066173000b6d215df54fb72fb1f99d1,delivered,2018-07-14 21:58:16,2018-07-14 22:05:13,2018-07-19 13:45:00,2018-07-21 01:11:41,2018-07-26 00:00:00
b5cded175dda03c8360eb5d652b931e1,3caac0647292a8ce09b6ab64320754d1,delivered,2018-04-21 10:31:08,2018-04-24 19:17:52,2018-04-24 16:54:51,2018-04-30 13:18:51,2018-05-17 00:00:00
41c291a561e0257e25d6a75037e5a6a1,24776ca74573c5225d00a09c387c7944,delivered,2017-11-24 20:35:30,2017-11-24 23:34:54,2017-11-28 01:42:48,2017-12-16 15:27:01,2017-12-15 00:00:00
8917eb3cbb0f98de06a1e478b13c7bab,d53d9e32e97eb97ba026ba591d0409fe,delivered,2018-05-04 15:04:01,2018-05-04 15:15:26,2018-05-10 14:25:00,2018-05-21 20:48:35,2018-05-29 00:00:00
e5507d205012f77887831308321ac9e3,53b5ac878e3b5f8a94af4dfe5cf6e8b8,delivered,2017-11-24 23:49:30,2017-11-25 02:38:20,2017-11-30 16:09:12,2017-12-08 00:13:54,2017-12-22 00:00:00
21e5664155a526068b3547eb011e02dd,d5aa135a185cfd8e953da43adc76ebf6,delivered,2017-05-15 16:07:00,2017-05-16 03:25:09,2017-05-17 09:23:52,2017-05-22 22:34:43,2017-06-08 00:00:00
1b7ba6dcf0d91fbae34880a3645e4587,3382b8d75ce7038437f50fcd2b91eef0,delivered,2017-11-07 17:31:29,2017-11-07 17:51:19,2017-11-08 15:49:28,2017-11-14 20:17:00,2017-11-27 00:00:00
8f85569884c951516be7212f656f8e9a,10ca73ac5ed8435f7b43afcddf1c79ee,delivered,2018-05-21 11:23:40,2018-05-22 12:17:19,2018-05-22 13:26:00,2018-05-23 18:20:30,2018-05-29 00:00:00
436a9aef30267664e39faf27982b0921,4cc13a45f4e9258fae06b75f27440b11,delivered,2018-06-25 21:22:44,2018-06-25 21:37:36,2018-06-26 15:11:00,2018-07-10 18:55:46,2018-07-05 00:00:00
15513623d17d4fbfb1fc871c176e9f75,7abba8fbc4eb6715f25a9e6b281eff0e,delivered,2018-06-23 20:59:56,2018-06-23 21:15:58,2018-07-04 13:07:00,2018-07-05 19:57:44,2018-07-05 00:00:00
14a915a594225cec76a7c3628517a64a,532a03a72cef381fc677f18d3b9989ea,delivered,2018-07-05 09:50:56,2018-07-05 16:26:27,2018-07-05 15:34:00,2018-07-12 23:38:24,2018-07-27 00:00:00
13ec45fa1c7f7faeb411e7b318ea9b44,6b560c6138cc591b47be39938ca99286,delivered,2017-09-23 23:48:25,2017-09-24 00:04:31,2017-09-26 05:41:18,2017-09-26 14:45:34,2017-10-10 00:00:00
816fe8936e5c28c98b057320b5725fbb,52dd8a28ee8b6900288c481efddd3008,delivered,2017-07-25 16:24:03,2017-07-25 16:35:23,2017-07-28 14:49:58,2017-08-09 21:15:07,2017-08-18 00:00:00
9f6833a99cc6d2bc31cce30fd2f58aa6,08b7ead7979bc70d24c137cfc578f932,delivered,2018-04-18 09:40:34,2018-04-18 09:51:47,2018-04-23 19:48:09,2018-04-26 20:08:34,2018-05-11 00:00:00
27dbd42aa8b64d7a5b2439f14b649189,7431cbed33df1a0c6ced34eff1b18568,delivered,2017-08-29 19:33:28,2017-08-31 04:31:54,2017-09-01 16:10:15,2017-09-04 21:05:40,2017-10-02 00:00:00
68520da728cf03bfb3ac593e7a6eedb0,b34544e3ef5dfc535cb0ce5eb57f3ffd,delivered,2018-02-10 21:58:33,2018-02-10 22:10:28,2018-02-14 19:38:56,2018-02-19 19:33:53,2018-03-06 00:00:00
a71e537206ccf830e74464cac298bf9e,882187fa3fd68be645f8fda177f28434,delivered,2017-06-25 14:29:32,2017-06-25 14:45:09,2017-06-27 18:23:37,2017-07-04 15:52:27,2017-07-25 00:00:00
4f3de3deeaf6d610c29678e04a0015ce,dab83626805f6066d8a70a34b8ab6bad,delivered,2017-12-30 04:19:33,2017-12-30 04:29:43,2018-01-02 21:14:37,2018-01-08 16:25:37,2018-01-24 00:00:00
87e145665c1cdfcec92e9e74e2469cfc,1c32cebc829f4e5af3b6ae7e7d25ba37,delivered,2017-08-28 12:55:29,2017-08-28 13:10:11,2017-09-05 15:56:00,2017-09-13 21:25:28,2017-10-02 00:00:00
5eea381f40f56777b0c400d71b850ee1,18976320a78fdd6d267719e22e7d0d1f,delivered,2017-12-30 11:37:12,2017-12-30 11:48:23,2018-01-05 22:18:09,2018-01-18 12:18:08,2018-02-02 00:00:00
c7521177a460038dfb9802a58ea41c3d,47fe35f97d144812fc968a86c84debd0,delivered,2018-05-10 14:55:04,2018-05-10 15:11:36,2018-05-22 05:51:00,2018-06-04 18:56:32,2018-06-01 00:00:00
d3725a5d528c84d571a62bd91f388bda,306f9176f904116ccaf9d08ae8c35627,delivered,2018-06-28 09:09:32,2018-06-28 09:31:25,2018-07-09 09:06:00,2018-07-11 18:32:00,2018-07-24 00:00:00
4ce5e2d15628c2277ca6ed81ee60f9de,fa8edf721f4091b4851977b761d62c1e,unavailable,2017-07-10 00:18:31,2017-07-10 00:30:12,,,2017-08-03 00:00:00
ea66ecfe912404253d8c95f9172706e1,9f0510b27c9d60b4e7d5a281d3ae3973,delivered,2018-04-07 02:10:12,2018-04-07 02:27:25,2018-04-12 01:51:23,2018-04-24 16:52:07,2018-05-04 00:00:00
1a445e2bf6e78d243bfe5d232187635c,7848f5405001b3503e14d0ba653e8dad,delivered,2017-04-05 08:16:07,2017-04-05 19:10:18,2017-04-06 08:44:07,2017-04-08 04:13:05,2017-04-28 00:00:00
effc9e6631c38d99b27aa80a46212314,c6b9745b533290430c82363056f15bf2,delivered,2017-10-09 12:48:09,2017-10-09 13:05:33,2017-10-10 19:44:54,2017-10-18 21:07:39,2017-10-27 00:00:00
7298d065d597a754a13120239a26f458,0641b3bc0019d74041048b05c3ca68af,delivered,2018-04-03 17:39:05,2018-04-03 17:50:13,2018-04-04 18:48:51,2018-04-05 19:32:13,2018-04-19 00:00:00
61f09a5c165d4739d93255570e4ca385,e2666dea91aa368ca907c511cff7815c,invoiced,2017-08-21 21:25:31,2017-08-21 21:45:30,,,2017-09-18 00:00:00
39730c5c34015c1ef1cc42708264b56d,9b04f358b1024f10a9489dff2cb26314,delivered,2018-02-22 08:36:38,2018-02-22 08:48:44,2018-03-02 21:46:32,2018-03-19 09:24:47,2018-03-14 00:00:00
5ea2f9d9583d554b47ef191aa66934c2,ba55482a6140a6289a1eb3b1910a009d,delivered,2017-04-21 18:27:18,2017-04-21 18:41:38,2017-04-27 11:44:50,2017-05-02 16:22:16,2017-05-24 00:00:00
1ea60cf2b1ad4c7cadd53912fb35a0f7,7fc7e53a1ee6519e9e2b638289ad7b18,delivered,2017-09-18 20:02:18,2017-09-18 20:10:15,2017-09-19 21:22:17,2017-09-22 20:57:50,2017-10-04 00:00:00
753901c05b6f62cc4505e75b67628629,db0e8a0fae0cbc202a1593ef422fbd45,delivered,2018-04-12 20:17:16,2018-04-13 13:15:44,2018-04-17 15:22:40,2018-05-09 18:34:51,2018-05-15 00:00:00
328f5ed22995509b59ff08c98fa22c72,62714f21d60b7e900caf24d23ac1a308,delivered,2017-11-06 14:45:59,2017-11-06 20:41:40,2017-11-10 22:16:39,2017-11-22 20:26:39,2017-12-12 00:00:00
1ce94e846b53c3ed9a075323a8dbe580,4061f8d0fc60b4961515e1ac8897ca1c,delivered,2018-04-14 13:41:38,2018-04-14 13:55:11,2018-04-19 14:51:53,2018-04-28 15:41:54,2018-04-26 00:00:00
2483fa0e74034abf26bb7843b1848564,c52cc5795202c0c882ca26124712a3de,delivered,2018-05-10 17:42:57,2018-05-10 17:55:28,2018-05-11 13:44:00,2018-05-18 16:03:36,2018-05-30 00:00:00
47e7aec6b627052a790799a108676129,e692fb9ebedf9385c3b4b7d2e140fa21,delivered,2018-05-05 13:05:24,2018-05-05 13:33:24,2018-05-08 11:40:00,2018-05-10 16:48:54,2018-05-30 00:00:00
860f032930532c7cc2c40f33b531952e,65f433b3c95832c599cb08e62cbdb5dc,delivered,2017-11-29 08:15:57,2017-11-29 08:30:49,2017-12-04 23:27:45,2017-12-12 01:28:56,2017-12-22 00:00:00
6c11e140918a3b9a02281ef9ca0fa248,cd97862fed4c0d77b4e231f842935a99,delivered,2017-05-26 07:04:33,2017-05-30 04:22:49,2017-06-01 06:57:25,2017-06-02 14:16:59,2017-06-08 00:00:00
77acf92b72b1e4c4f6c704fe19635896,cd1db70be6305028117a44bf0d472ec8,delivered,2017-09-13 00:31:35,2017-09-13 00:50:12,2017-09-18 13:32:25,2017-09-19 16:24:01,2017-10-02 00:00:00
2176f1406c11f07dcdea94931730770d,b1d18515040386d031ad7d7d73a32fb9,delivered,2017-08-04 19:00:59,2017-08-05 03:03:19,2017-08-07 20:34:52,2017-08-09 21:04:43,2017-08-18 00:00:00
18cd6a9b0923b2bbedcd5f6751ce3737,c060ef72f4695fbee08750b97dfa5f1f,delivered,2017-10-14 10:54:03,2017-10-14 11:14:19,2017-10-18 20:14:36,2017-10-25 14:10:18,2017-11-09 00:00:00
e8065f2f83d1c35a12ece8d1c0699267,fd9825470961bad627c5071791c7ca12,delivered,2017-09-13 16:54:36,2017-09-14 16:50:19,2017-09-15 20:57:36,2017-09-25 17:42:28,2017-10-04 00:00:00
f2276aedc1503afbb1927eeaeae27a7b,b6e218c0af67cbf5297ab3e4cacb3839,shipped,2018-07-25 21:34:44,2018-07-25 21:45:15,2018-07-27 05:49:00,,2018-08-10 00:00:00
68f4e47ec61d740cefae31e2f624932b,31a22c96ba8050ae34ea9bd0833e1e99,delivered,2018-08-17 17:20:21,2018-08-17 17:35:45,2018-08-23 14:45:00,2018-08-24 17:38:44,2018-08-31 00:00:00
284f2582259a697cb8a2ab4456ef485a,b4feb20872904be591bd839e5e071437,delivered,2018-05-14 19:41:42,2018-05-15 18:16:13,2018-05-16 10:37:00,2018-06-05 14:13:03,2018-06-01 00:00:00
16cef404b7d23cd7230ead9eed6b8594,a2afcf0ba9863cf87074673aa017ba46,delivered,2018-03-20 19:02:23,2018-03-20 19:15:34,2018-03-21 18:58:40,2018-03-28 21:12:23,2018-04-12 00:00:00
7da4df77f0a4adfa2546db02ff7f23e0,47c5ae6e22cc53ffa6fbf89e156de3c7,delivered,2018-02-14 21:16:40,2018-02-14 21:30:36,2018-02-17 00:17:53,2018-02-26 21:19:16,2018-03-12 00:00:00
3a3ccc870f8a3d5e624f3349f23cd2ba,717190eb3228ac01acf2e76a35fcc9b0,delivered,2017-12-03 20:13:13,2017-12-03 20:25:27,2017-12-07 20:58:28,2017-12-17 11:48:46,2017-12-27 00:00:00
c19c797a23bbdd7e6ec08156bb0dcf77,99dc935b447df77a17d721fbede39ef4,delivered,2018-04-09 17:38:49,2018-04-09 17:51:31,2018-04-11 19:56:31,2018-04-14 19:12:04,2018-04-26 00:00:00
887c5d8c7e26394fd67b1ba6f1c72c7a,4a89970adc03947e8e1b53ac5107eb68,delivered,2018-05-20 11:31:59,2018-05-20 11:51:09,2018-05-21 18:58:00,2018-06-04 14:33:01,2018-05-29 00:00:00
37420f333a6877b6e54ea0a728af2542,4e5fd9f9e9b1d0f13e385284cfd57882,delivered,2017-02-03 22:32:04,2017-02-07 04:10:24,2017-02-08 07:04:40,2017-02-13 08:12:15,2017-03-03 00:00:00
a1265981979b87cfa507c10b94d1931c,b9d92f276dbef37247d86b5b7ac85bf0,delivered,2018-08-21 22:39:47,2018-08-21 22:55:12,2018-08-22 10:19:00,2018-08-28 14:28:50,2018-09-04 00:00:00
a1c5bd54b96608a794debe3190cdb0ac,7be44e9560ee6e723ef8e823fbcc9edc,delivered,2017-07-18 19:49:49,2017-07-18 20:05:26,2017-07-19 20:11:36,2017-07-26 19:47:25,2017-08-11 00:00:00
5e9b9294ffca7bfd51b94fd80d4d99af,c482865155b898a42b199ac276a60d8a,delivered,2018-08-16 07:38:25,2018-08-17 03:10:25,2018-08-20 10:10:00,2018-08-22 18:58:36,2018-08-24 00:00:00
c7575bc6637b30826bd659a47a475a03,08efabeffd06ee1f8e522463f98370ed,delivered,2017-12-14 17:13:04,2017-12-15 10:59:26,2017-12-16 15:43:20,2018-01-02 23:18:33,2018-01-15 00:00:00
64d6282bba1a1c015acbdcacca391253,9f4d56b7ac45461cb350b204ab9347e1,delivered,2017-05-15 17:24:42,2017-05-17 04:10:24,2017-05-17 16:34:25,2017-06-05 13:06:39,2017-06-02 00:00:00
0724f5287d69b7a3fbcf9ab02054ca4a,49af8d1256e91058af5b255f4fbc0e6d,delivered,2017-12-02 13:51:42,2017-12-02 13:59:26,2017-12-06 21:41:52,2018-01-05 23:42:32,2018-01-22 00:00:00
df30286452a2054192bfb48c75e6287b,e6403361fe0deb95faaf78dbe2b37d09,delivered,2018-02-25 13:32:19,2018-02-27 03:31:00,2018-03-05 22:59:59,2018-03-29 16:32:04,2018-03-23 00:00:00
e608a62334dc69f423bb65e0a232e064,cbe010a5e1e7e8b5d1241c32f65a865f,delivered,2018-07-18 19:32:41,2018-07-18 19:42:30,2018-07-19 14:48:00,2018-07-23 13:42:06,2018-08-17 00:00:00
1c8e6591884dc005a896f84dfb6008ff,e2f3525eb4bea9de848fd11d7605bed3,delivered,2018-01-30 21:21:36,2018-01-30 21:35:33,2018-02-06 14:24:51,2018-03-06 22:45:36,2018-02-21 00:00:00
7977e307a9ea263c2cef8cdc9ccbbe26,043ae95888195ec551d5306f20e0420a,delivered,2017-03-24 16:33:38,2017-03-24 16:45:11,2017-03-27 15:24:53,2017-04-10 13:59:59,2017-04-12 00:00:00
1e0472c015f18d557d20db713af0f356,e878acf1e2ac4373cca11582ccb97184,delivered,2017-09-02 22:27:32,2017-09-05 04:15:42,2017-09-05 21:07:21,2017-09-18 18:21:42,2017-09-26 00:00:00
2ce6fc632ab62fcef5f2e3095db788a8,7dc7958c5f69aae36e4aefe773a5d46f,delivered,2018-01-29 14:42:57,2018-01-29 14:55:33,2018-01-30 18:21:22,2018-02-26 20:04:34,2018-02-26 00:00:00
00d2559e61b9a0744a0552c35c5ecccb,d4af02c83608285f0bd9ff891130c980,delivered,2018-06-11 12:24:48,2018-06-11 13:32:18,2018-06-11 12:05:00,2018-06-18 16:51:52,2018-06-28 00:00:00
e4e462ff0798860b3e1e34b1a433dd72,0332ce61f5e3f6faa4e92fe7a9d55f8d,delivered,2017-04-21 00:40:07,2017-04-25 08:15:12,2017-04-26 11:38:45,2017-05-08 09:42:19,2017-05-19 00:00:00
88b27cca63e8b8a0a52eabd8e17cd52c,2d6601e2bc30cae548760f2e68eabfb8,delivered,2018-08-13 00:24:15,2018-08-13 00:35:19,2018-08-13 15:20:00,2018-08-23 01:32:06,2018-08-27 00:00:00
f4a57c9bbd289035265ad3354ccaa345,24f50fba06b8004f1bf24305037023c3,delivered,2018-07-21 22:41:28,2018-07-21 22:55:07,2018-07-23 12:39:00,2018-07-27 17:18:20,2018-08-07 00:00:00
9b2ebe500ef39b85f806d10abada8bc3,dfebcf7db4ef8d9311b198edd05a0514,delivered,2017-05-28 20:10:39,2017-05-30 04:50:25,2017-05-31 08:22:17,2017-06-07 11:40:01,2017-06-19 00:00:00
8cd68144cdb62dc0d60848cf8616d2a4,c03b40c7971bc52b3d018247891270c5,delivered,2017-08-04 10:08:27,2017-08-05 02:55:16,2017-08-08 15:43:09,2017-08-14 17:10:10,2017-08-28 00:00:00
cd5b7d5b405a2cee7a15972eaa47f1d3,817b60b1eb3a1cffa66753a501a4987f,delivered,2018-05-22 12:22:20,2018-05-22 12:35:17,2018-05-23 14:58:00,2018-05-24 10:49:55,2018-06-06 00:00:00
92f53cdbef0f16b315c62faa337c4672,fadc97febab65183a4d0f43324de83dd,delivered,2018-07-24 15:50:40,2018-07-24 16:05:12,2018-07-25 14:21:00,2018-07-31 12:43:59,2018-08-13 00:00:00
5f992dcdb0beb547af4960c5a19e5d71,9ceb6443c43aa4b9bab22abe40e4fdac,delivered,2018-01-15 12:40:06,2018-01-15 12:51:27,2018-01-18 19:13:35,2018-01-22 20:56:40,2018-01-30 00:00:00
060b8f810cc106b90824b59a26ceb0db,4f4c1fc9acea17a745dbd2a0eed70403,delivered,2018-07-04 10:43:37,2018-07-05 16:11:32,2018-07-06 07:13:00,2018-07-13 18:08:36,2018-07-31 00:00:00
459c8e5f96858970a0dc1fc5158363d5,0c3a2d52180381fae19478346cfeff76,delivered,2018-01-04 14:44:23,2018-01-04 14:56:19,2018-01-16 20:28:47,2018-01-30 21:21:55,2018-01-29 00:00:00
5651d145b842e1a67239f35b7c6ceb18,065e2905f7a83f066d3e66ceb70cdf20,processing,2017-12-23 15:20:23,2017-12-23 15:30:25,,,2018-02-01 00:00:00
aad0caf83fc9dd12e8f3f87eb37b5b6b,0d8c61ac7bb256d13971bfe77837c0af,delivered,2017-07-02 16:32:27,2017-07-02 16:43:53,2017-07-07 13:23:25,2017-07-17 16:15:44,2017-07-21 00:00:00
de339d3dab036509a47753ddb94f1d55,004d41e9bf012c669db1a257888d85a2,delivered,2017-07-14 11:00:15,2017-07-14 16:15:29,2017-07-19 19:36:56,2017-08-11 17:22:09,2017-08-21 00:00:00
8583257b3c36c8ea0b9b0644b21567a8,941ff5dab2335191a4fc22b2f19154eb,delivered,2017-08-09 22:40:43,2017-08-09 22:55:09,2017-08-15 15:42:47,2017-08-19 14:05:20,2017-08-29 00:00:00
34a0185eb0d4d88d2ad9af1bd62d6a45,5db8f1da4c5edff77c8cf23a0a810946,delivered,2017-05-24 18:59:48,2017-05-24 19:10:18,2017-05-25 09:31:03,2017-06-08 14:22:29,2017-06-22 00:00:00
47e61b8ad8a1bb1dff9371cebc4c0637,a0e31b843334656af95bcadd351dce5a,delivered,2018-02-14 19:44:24,2018-02-14 19:55:32,2018-02-15 20:35:11,2018-03-19 17:26:41,2018-03-09 00:00:00
c58cfe890d48c47bf22b6bfe55b6cddb,47c2b21c22de46f42a427db0ea223499,delivered,2018-05-29 13:20:58,2018-05-30 19:51:08,2018-06-04 11:52:00,2018-06-21 16:26:38,2018-07-18 00:00:00
8e350d5e83f49b662f870b48cf3f5b29,cc1269b1ae384f3a4534a4433ebdc619,delivered,2017-05-21 15:18:54,2017-05-23 03:45:12,2017-05-24 08:40:00,2017-06-02 08:23:51,2017-06-16 00:00:00
dcfe9b5776f30f14bdb7c5505d269c08,35f96e58f8d8dbc038a306283c9b4b4b,delivered,2018-08-08 09:56:14,2018-08-08 10:10:20,2018-08-08 16:38:00,2018-08-13 18:18:40,2018-08-20 00:00:00
a013f7d98969dda6dda1f502d153ff9a,fc2b863b5e8fc756c7d82292a85a6b21,delivered,2018-03-20 21:27:53,2018-03-20 21:48:43,2018-03-21 20:20:45,2018-03-31 13:38:52,2018-04-11 00:00:00
becf90dbbea6e1a229814dab50912be4,1b9b8bd7c25bb78a4a5fb5c9101dc6e4,delivered,2017-05-08 18:53:05,2017-05-08 19:05:23,2017-05-09 14:14:27,2017-05-13 11:22:40,2017-05-31 00:00:00
940d83f3286808e4f8b1a7ac975b2aa9,ee0b011c3b84ee53366508378a68934d,delivered,2017-04-05 01:33:05,2017-04-07 06:42:30,2017-04-11 08:23:56,2017-04-17 16:57:05,2017-05-03 00:00:00
63adcb46ebc32b89a37861d78ca41f93,fd53396e81cfe5bb3ec963ed87b6b2fd,delivered,2017-11-24 16:10:44,2017-11-24 20:13:47,2017-11-27 18:48:05,2017-12-08 20:18:22,2017-12-14 00:00:00
17295d6651c53865e020aa846be5ce3f,46211faf2450ca3d0c0c9e1fd6523761,delivered,2018-08-03 01:50:48,2018-08-03 14:50:16,2018-08-22 19:09:00,2018-08-24 12:03:59,2018-08-21 00:00:00
098f15b40cb74aae030d56b720c5698c,9662a6e2918ac93d63f687e51219d027,delivered,2018-01-26 17:26:30,2018-01-26 17:39:47,2018-01-30 23:32:50,2018-02-09 15:39:59,2018-02-19 00:00:00
bdd02ebba4a073b670384d9ddb2a8b50,10fb4580eb08d23fa9180989f24f751d,delivered,2017-03-21 22:58:46,2017-03-21 22:58:46,2017-03-23 08:42:41,2017-04-06 13:04:07,2017-04-13 00:00:00
6942ea6db4b222852aa2e7efcf95bc06,8a0e11cafc8b658d8568e4f1ec3ebf6c,delivered,2018-03-10 17:26:24,2018-03-10 17:40:36,2018-03-12 20:51:49,2018-04-18 21:58:46,2018-04-10 00:00:00
83e6f572594bab0ee7bc76298f38ceb4,84a720ebd953568e0c7bd02cf01337cb,delivered,2018-03-16 13:15:12,2018-03-16 13:30:37,2018-03-19 20:32:08,2018-03-23 19:44:38,2018-04-06 00:00:00
e40e39fb1358884be5aba158fc7beac5,68d7530b749aa96df05833de2d337e6b,delivered,2018-03-27 14:07:56,2018-03-28 02:35:29,2018-04-02 21:12:07,2018-04-07 16:39:20,2018-04-13 00:00:00
80857379baf9c428499c9de7712d6503,193f4a251d74904c94df4e330756fc6c,delivered,2018-08-21 15:39:10,2018-08-21 15:50:38,2018-08-22 14:27:00,2018-08-27 20:06:52,2018-08-30 00:00:00
ed88f938dff33a241670e8fb3b8b95e6,21b40e18f9caad4582a1728f19ee96cd,delivered,2018-04-25 13:18:10,2018-04-25 22:10:30,2018-04-27 15:17:00,2018-05-06 19:06:55,2018-06-11 00:00:00
f23cbffef931c76fb5231f8b292d457d,b884055664707073d218e5faa9c10f8f,delivered,2017-05-09 23:19:29,2017-05-09 23:30:20,2017-05-10 12:39:35,2017-05-26 19:38:38,2017-06-06 00:00:00
e4223b96432f4984fc69390438d80861,892f0b2349a54be7359c83c18fb5c241,delivered,2017-10-03 10:08:21,2017-10-03 10:24:18,2017-10-04 23:12:31,2017-10-09 19:48:45,2017-11-07 00:00:00
e4c35e0087c99d3416b1d90566f28e3f,c059dcef92920c07d144df67f548e128,shipped,2018-05-02 13:25:06,2018-05-02 17:31:53,2018-05-03 13:36:00,,2018-05-22 00:00:00
5ea0a482c758f0cbbcc6b10b0962a6a9,6d9a8851bb29dbceb3e46875e0848ae8,delivered,2017-08-06 11:25:48,2017-08-06 11:35:16,2017-08-07 19:05:10,2017-08-28 18:21:25,2017-09-11 00:00:00
b732d1e2888885d8405abf7d3bcdac45,db39013d5b355dd188589d7daeb25424,delivered,2017-11-24 14:06:34,2017-11-24 16:14:48,2017-11-25 12:37:52,2017-12-05 23:04:37,2017-12-26 00:00:00
966035ca31422485dcb5d5a70af4080f,89c65a760685b658d53261b8839e8b29,delivered,2018-01-03 12:25:22,2018-01-03 12:33:36,2018-01-04 22:29:00,2018-01-05 17:25:40,2018-01-30 00:00:00
a2f7984f0b3604184f39c1d5a93813fb,aa76f7581a203a8406159b444749d6a9,delivered,2017-11-12 01:57:47,2017-11-12 02:10:26,2017-11-14 23:28:26,2017-11-22 20:42:16,2017-12-01 00:00:00
ed7bc09115ba070afdf3d3b77265337f,a03fe684c21459c20367070056c26161,delivered,2017-06-17 16:48:32,2017-06-20 11:10:20,2017-06-21 11:26:15,2017-07-10 21:00:54,2017-07-11 00:00:00
978fe8370991ccebc9532f0add3d7cbf,612f74d1eba3246d977ed2fa4b166e31,delivered,2018-06-09 09:26:17,2018-06-09 09:37:20,2018-06-11 13:28:00,2018-07-03 16:21:15,2018-07-04 00:00:00
fa6d52aa0f15a0a03c1f945a1d0f996f,6e6c13044b516b5e91d5a57c951e5662,delivered,2018-08-09 14:05:20,2018-08-09 14:26:10,2018-08-10 12:59:00,2018-08-21 00:15:34,2018-08-21 00:00:00
60550020e1d493392c427942b5ddb37d,8cbf66cca73b0d09dc57991cabbf63b6,delivered,2018-04-24 20:17:34,2018-04-25 08:51:59,2018-04-26 07:09:00,2018-05-14 19:24:43,2018-05-25 00:00:00
ec0fa4ef7da067eb3a57abd8fc504352,83dae5cbc60eaacca05d4a26063bbf2a,delivered,2017-02-02 08:38:44,2017-02-02 08:50:16,2017-02-06 10:16:15,2017-02-16 13:09:23,2017-03-01 00:00:00
02b7cbd604df10c09427902dc682b0d3,656c63b20f75ccd37b33455ec589dc4f,delivered,2018-03-03 17:46:08,2018-03-06 03:51:07,2018-03-07 00:32:28,2018-03-11 18:48:31,2018-03-15 00:00:00
dfa57a47eb4b524966a891189c893d04,353cfaa362cd0b203605de27ae42cca8,delivered,2017-08-13 19:28:49,2017-08-13 19:45:10,2017-08-14 20:19:55,2017-08-31 20:28:39,2017-09-18 00:00:00
e730263138d4e66152a694fd4ec32280,007732425b3cfb147a3ca928ce907cc1,delivered,2017-09-12 16:15:06,2017-09-14 02:50:40,2017-09-14 21:12:40,2017-09-21 16:46:56,2017-09-29 00:00:00
74c1ccaaf1d9e3db6f82ed04fc985989,18890193d4fc21b43256ed99d712145d,delivered,2017-06-07 02:53:27,2017-06-08 02:50:13,2017-06-14 16:48:50,2017-06-19 19:07:39,2017-07-11 00:00:00
0829f68cdf3850bb5977ac321e0fb8d5,6a4efeae0ef82884b1edc1b6713beff0,delivered,2017-10-18 08:41:11,2017-10-20 02:49:18,2017-10-20 15:53:48,2017-11-09 08:23:30,2017-11-06 00:00:00
55ed1e9c3febd5e186d5124a92690ae0,00fb49c2869c0797c3bf65f269f1510b,delivered,2017-03-13 15:21:21,2017-03-13 15:21:21,2017-03-14 13:21:52,2017-03-27 15:22:34,2017-04-13 00:00:00
4e36d0170c671378f49f701a810360ae,1a690c199a6496cabdbf071e3983ce68,delivered,2017-01-07 13:29:22,2017-01-07 14:00:13,2017-01-09 11:06:24,2017-01-18 12:28:02,2017-03-01 00:00:00
275d92b213bfe10256116957faea6d60,0f96da4e84f2c6fa860116a023c1744d,delivered,2018-01-16 13:06:14,2018-01-16 13:13:22,2018-01-18 13:44:55,2018-01-30 13:42:48,2018-02-06 00:00:00
afd8111e2263ddf8cf41bea299457693,d8d4f9290cd063fc4aaa1446378584d0,delivered,2018-05-08 20:26:33,2018-05-09 20:32:48,2018-05-10 11:29:00,2018-05-21 15:18:36,2018-05-28 00:00:00
b2ca53045aaa7b6e0557028b4c4e70d9,69210c211fa9580bf9fedd109e979f7d,delivered,2017-08-30 13:43:03,2017-08-30 14:31:06,2017-08-31 21:15:56,2017-09-11 19:51:57,2017-09-18 00:00:00
0e8594074c3143aa6b56a3ec70a46e12,136df629e6a56d2350b74fb34deecad3,delivered,2017-10-31 13:12:48,2017-10-31 13:35:09,2017-11-03 15:27:13,2017-11-21 21:09:11,2017-11-24 00:00:00
19130489d4798a17e7bbcb9a32b5dfb8,bc2ac49dd63b9b0fb573489a92da0d48,delivered,2018-03-15 14:54:00,2018-03-15 15:09:40,2018-03-19 16:09:36,2018-04-16 12:38:48,2018-04-12 00:00:00
8c4bef3bdf235d82a1b218de1b3d8d28,3e8dcb52525fc9c2903322e4858e076f,delivered,2018-05-10 08:53:11,2018-05-10 09:11:43,2018-05-10 13:37:00,2018-05-15 20:37:48,2018-05-25 00:00:00
acf01c9262ddb5d9adae8daa34e31568,30ab7e538292e6130a456c371778d595,delivered,2017-11-25 04:02:51,2017-11-25 05:10:50,2017-11-28 19:47:56,2017-12-07 21:53:19,2017-12-27 00:00:00
0f5feae20ee62fe5f7320dea993a841c,16a01ae0a5b5a610f535c03cd71c91a6,delivered,2017-03-14 16:01:10,2017-03-14 16:01:10,2017-03-16 11:00:17,2017-03-24 14:47:48,2017-04-11 00:00:00
39847297a2eb4f18d407cb1fa8a06867,c04340323b416a0f4ef69ad64a3a94c5,delivered,2018-08-09 15:02:10,2018-08-09 17:10:20,2018-08-10 13:58:00,2018-08-20 23:22:32,2018-08-21 00:00:00
49c5132b03e35ffa18fdca050d1f8e33,822331095c3e3d597632c846113e27d3,unavailable,2017-10-30 23:52:49,2017-10-31 00:32:04,,,2017-11-16 00:00:00
d3595dfd1c2d8bdbfd8d2f3bb98a5cc5,fa01fd7f92c80ab0d14406bda3204b23,shipped,2017-03-13 21:07:39,2017-03-13 21:07:39,2017-03-15 08:58:14,,2017-03-30 00:00:00
499f4d2d2bf250a1bb18ca1feab13262,f3752fccfb8cc4e9383c875b00bff397,delivered,2017-11-23 17:58:39,2017-11-25 05:56:49,2017-11-29 18:48:10,2017-12-11 16:07:50,2017-12-13 00:00:00
a9b95188aba6b5eae1ff1239714f3847,c65bb93c8eae9dc1b2031abd3855ca7a,delivered,2018-08-07 14:23:49,2018-08-07 14:35:49,2018-08-14 14:42:00,2018-08-15 19:14:48,2018-09-06 00:00:00
065102a3bb506a1010c90b7a4f2700b2,b2a02ae01aec9cbcc071c887b1ca41ab,delivered,2018-03-02 11:34:37,2018-03-02 11:55:38,2018-03-02 22:54:27,2018-03-03 14:23:17,2018-03-19 00:00:00
544b4461f9238642f3577670a6866ed2,f8a3ef8f53a537e47452dcd1c02711e1,delivered,2018-06-07 09:30:05,2018-06-08 02:56:21,2018-06-08 14:38:00,2018-06-10 17:08:47,2018-07-04 00:00:00
48d892b7a89ca7f4d0b1dd13d3d053fc,348e44e7f2f2ca4cccd7c1c0ecec9d1a,delivered,2017-09-14 06:28:24,2017-09-14 06:45:16,2017-09-15 20:10:03,2017-10-05 09:43:56,2017-10-17 00:00:00
1a122ca21948df08789d7d88094ff11f,0ee42e5f18aa18fdf9ff7735e67dfead,delivered,2018-01-08 13:21:32,2018-01-08 13:29:30,2018-01-09 22:57:58,2018-01-21 18:43:05,2018-02-01 00:00:00
ed1ebc0780061795a30c800423075f78,4ffa57c0ded9a23779c0fa34f6982c64,delivered,2017-09-26 22:50:20,2017-09-26 23:04:30,2017-09-27 18:13:22,2017-10-04 18:15:07,2017-10-23 00:00:00
01f11912a2c502cc940f607b1f6b2ab0,3b01c1a86716aef93f40e4136bc1866e,delivered,2018-02-05 18:40:32,2018-02-05 18:50:33,2018-02-07 15:18:24,2018-02-23 00:06:05,2018-03-09 00:00:00
dba7b6050fd3d402855707a3ca296a21,42a24ac9faf5439824b1a381621ef89f,delivered,2018-03-21 23:25:35,2018-03-21 23:35:34,2018-03-27 00:44:43,2018-04-17 23:41:21,2018-04-17 00:00:00
39f9dafc7ffdcf2b3c9b9ae5f1541a41,eb64a744cdfb85bda26e1b9926c14f49,delivered,2017-11-24 10:02:27,2017-11-24 10:14:38,2017-11-30 16:53:16,2017-12-27 18:12:52,2017-12-18 00:00:00
d68a8730ef63639e10d17444626814f2,0d01a413706d06cba5ff8feb7f503037,delivered,2017-11-28 21:14:53,2017-11-29 02:22:31,2017-11-29 14:38:45,2017-12-05 00:19:43,2017-12-22 00:00:00
a681c0def1c5f464196b9deaca8d28db,4f73c60a064996024fbac3681215b6d0,delivered,2017-12-18 19:21:34,2017-12-18 20:30:25,2017-12-21 21:55:09,2018-01-08 16:54:20,2018-01-17 00:00:00
bf5a19905dfd112e6964d76f4b21cf35,0323c00b72fc475ff52ece9884f47b42,delivered,2018-01-12 09:54:54,2018-01-12 10:08:27,2018-01-12 22:56:07,2018-01-24 13:55:45,2018-02-02 00:00:00
7a36f62bdb082d4acdfb07a8e0c7f0ee,5fceab89c281b25423f0d31ed83d8a3d,delivered,2018-03-05 10:42:18,2018-03-06 03:55:50,2018-03-13 20:46:27,2018-03-19 21:07:12,2018-03-21 00:00:00
352708b535fc378323000b71fcd4807c,71134a83dfc01c84dede7dd448e1a01a,delivered,2017-02-23 13:17:03,2017-02-23 13:25:18,2017-03-01 12:06:16,2017-03-14 08:17:51,2017-03-24 00:00:00
43e72a87fc0004d7ada32e7c5d72e063,73ead6b241da31474e4d66421034ae6c,delivered,2018-07-07 16:24:11,2018-07-07 16:35:21,2018-07-10 08:39:00,2018-07-11 15:14:39,2018-07-23 00:00:00
762f77c76e347a456797effdee512496,f4e030ebe8c888648220fc053b482cfe,delivered,2017-07-28 19:51:31,2017-07-28 20:05:07,2017-07-31 18:07:45,2017-08-14 21:25:28,2017-08-21 00:00:00
35153d02b70cad4eb36cc178280458ed,355ab104e51f1c3c84e6b1220f5200e7,delivered,2017-12-31 02:36:16,2018-01-01 02:30:25,2018-01-02 20:15:07,2018-01-11 22:39:00,2018-02-06 00:00:00
f57fffc1ce29e83b38baed346acf0020,2caeba0bfb84725435db827220e9f4ae,delivered,2017-06-06 11:52:48,2017-06-08 02:50:28,2017-06-08 09:32:06,2017-06-16 16:27:53,2017-06-30 00:00:00
330c4c1c971ff97dc8128ca0f61f21c6,5da732e8664d395791fe3de618724d13,delivered,2017-03-28 19:36:58,2017-03-28 19:50:13,2017-03-29 17:33:13,2017-04-03 17:18:00,2017-04-20 00:00:00
bf2b54be17b7da2c70dc289ff2ee16a9,7343253df0d1cd6e627605ee32728ba1,delivered,2018-08-23 13:05:40,2018-08-23 13:25:09,2018-08-24 14:01:00,2018-08-28 01:05:23,2018-08-31 00:00:00
154b66f3b29e92e4c9fc7f1ad60cb668,6ab80065dfee8f902e6d0fdabb9bf565,delivered,2017-05-16 13:19:09,2017-05-16 13:30:23,2017-05-18 12:15:20,2017-05-25 09:54:04,2017-06-08 00:00:00
5dd63219d314ee0914d93920e6f091c3,f8e1db79cfede6d3c2b48f217bd89a92,delivered,2018-02-05 16:12:45,2018-02-05 16:31:18,2018-02-06 20:45:59,2018-02-18 18:07:04,2018-03-01 00:00:00
7319603b942779e409adfcfb0759e351,f68eca02badcd55a6836628f8794f2d3,delivered,2018-07-10 10:38:05,2018-07-11 03:30:22,2018-07-11 14:28:00,2018-07-15 10:38:41,2018-07-18 00:00:00
4605d0821fe434dafe3776fd89aab59b,709dfcf24ff2e0d89178a5fd58c78cfd,delivered,2018-01-31 09:46:25,2018-01-31 14:10:56,2018-02-02 00:35:37,2018-03-20 20:16:26,2018-03-05 00:00:00
b459a0e9653d4d181678247d5f92fc2a,8fc82ee3dad2800d1fd822f91fe6f19c,delivered,2018-01-29 15:52:26,2018-01-29 16:36:47,2018-02-02 00:58:40,2018-02-14 18:23:05,2018-02-20 00:00:00
b4b2761acac7e037ebf2c49040d18ce2,4f94e6314d2529242a7d2feb0cf3acdc,delivered,2017-10-09 08:43:09,2017-10-11 07:36:50,2017-10-11 21:07:02,2017-10-17 19:53:20,2017-11-07 00:00:00
14db6eba3c303f9a28d0e9330754a842,2ebeba3984c0ab6102d24c003c80f6e8,delivered,2017-12-14 18:27:19,2017-12-14 18:38:26,2017-12-18 21:29:12,2017-12-27 17:58:57,2018-01-03 00:00:00
ff85477840bd0948f7a91e3af61963ec,4c57350878dc525a21ffc4a75a94af37,delivered,2018-04-05 12:28:52,2018-04-05 12:48:29,2018-04-05 23:04:43,2018-04-09 21:13:44,2018-04-17 00:00:00
9c8af7daf8716cde23b513de7b15ac08,ff707e35417fa22a89eab6549e33ea5b,delivered,2018-03-01 19:21:56,2018-03-01 19:35:44,2018-03-02 22:14:55,2018-03-15 17:52:45,2018-03-26 00:00:00
bb2fd6ac6dfaccc3a730d4ad235b855a,aa936cbb9d0a6909b7cd7a1a6e64c70d,delivered,2018-03-04 18:28:23,2018-03-04 18:50:29,2018-03-05 19:09:59,2018-03-16 16:52:41,2018-03-21 00:00:00
ac853685fc6a8eb4fbee28b457588078,39c4a14e8828e782b82be2823738ecb3,delivered,2017-06-07 18:15:04,2017-06-07 18:25:20,2017-06-12 11:13:22,2017-06-14 11:38:32,2017-06-21 00:00:00
7de45d1340279aa6e3847ffa7bb235a6,9d69e5f040338b1a1ecbaa9ed6091454,delivered,2017-09-08 13:16:15,2017-09-09 06:34:35,2017-09-12 15:22:19,2017-09-25 14:04:18,2017-10-16 00:00:00
ef05517739d9d696e069b1a16ca947fd,02cc8a1662feefebbb66dfc0775c3e1a,delivered,2018-05-15 20:00:28,2018-05-15 20:17:20,2018-05-17 14:36:00,2018-06-04 18:06:42,2018-06-08 00:00:00
164ed456436d367ddcb008d361c1955f,9886f1a91d50da9e35d66b737616e15e,delivered,2017-06-26 10:15:11,2017-06-28 02:23:23,2017-06-28 14:25:01,2017-07-05 11:24:50,2017-07-14 00:00:00
839c39b7b79ea017a465dd95ba970a42,911d90f1add50839cfbdb9eedc2177e4,delivered,2017-03-20 14:37:32,2017-03-20 14:37:32,2017-03-21 09:36:57,2017-03-27 14:04:17,2017-04-12 00:00:00
b40a02b5c20286506b2fecd71ace2f5a,edb933ed8dbc1ac6e080a55fc8357cad,delivered,2017-10-25 21:04:31,2017-10-25 21:25:06,2017-10-26 19:41:51,2017-11-01 13:33:09,2017-12-08 00:00:00
1eb51a538c51ad5612a8be5cf27d6b5d,eddeddf27e3ccc96b1e3f7fcfd4e4f3d,delivered,2017-06-09 23:20:27,2017-06-09 23:35:09,2017-06-14 09:51:39,2017-06-26 10:43:46,2017-07-06 00:00:00
0ab5a761982917ce851399f277662d06,7ecce0bacad3880044f145069b089f3d,delivered,2017-12-02 17:47:12,2017-12-05 04:12:00,2017-12-05 17:12:58,2017-12-18 17:44:44,2018-01-03 00:00:00
2e9eb4c2f3b354abe0e2c0f0e1d528d6,551ea6ba7a69031489911338c8999014,delivered,2018-08-18 18:46:34,2018-08-18 19:09:29,2018-08-20 11:02:00,2018-08-24 23:10:49,2018-08-29 00:00:00
fcb8aa0e937269c1e87318bfc217d018,2f2608d59dd55a280542174b34c129b1,delivered,2018-06-04 21:47:07,2018-06-06 02:55:17,2018-06-07 09:06:00,2018-06-08 14:38:49,2018-06-28 00:00:00
914116bcfc96a1814b4d3ca0e3f4ac81,6448c12f349af04cc3598f3d5672bca4,delivered,2017-06-10 18:24:51,2017-06-10 19:02:39,2017-06-12 14:33:09,2017-06-19 14:52:25,2017-07-03 00:00:00
0c922ae7c3b6cb7d848150c80121bc1b,6842b18ad3f173ee6b709748377bbd2f,delivered,2017-04-03 20:45:51,2017-04-05 02:42:39,2017-04-05 19:15:06,2017-04-07 17:05:40,2017-05-02 00:00:00
92515c13ea7bcf398a6d73f2558f08fb,4ffb336c1ec482582982fbbeaa7d94fc,delivered,2017-12-30 12:47:40,2017-12-30 12:55:24,2018-01-02 20:44:40,2018-01-09 18:10:18,2018-01-26 00:00:00
e8222fa9083bdd04c8bc9b234ff11490,6ed0ad2cda6f86bc5a3782c4853baddd,delivered,2018-03-28 11:52:01,2018-03-28 12:08:23,2018-03-28 22:52:31,2018-03-29 15:16:48,2018-04-10 00:00:00
d83a0ada4f4e91a7aa41547a8b5f8295,efbde681c58eb3d78f54fd03be60187f,delivered,2018-05-04 13:35:22,2018-05-04 13:50:46,2018-05-08 14:47:00,2018-05-15 13:49:38,2018-05-24 00:00:00
996959ad36063a7b8df71ab9d8b0ebd7,d73482a593c8b897e2dbfea658ce9ec8,delivered,2018-02-15 15:37:34,2018-02-16 07:55:33,2018-02-17 00:59:13,2018-02-20 19:12:09,2018-03-09 00:00:00
64582c699f99b4dd3c326b13c3bdc644,a095450e0630a3f9776ba4196dac1da1,delivered,2017-10-09 10:22:29,2017-10-09 10:36:58,2017-10-10 21:26:58,2017-10-30 14:54:10,2017-11-17 00:00:00
faf4b0fe89a6f599276eccc2f5944ca6,be6c723c0dc6a8c587a7cc5ca2644927,delivered,2018-05-28 17:35:19,2018-05-28 17:55:52,2018-06-04 16:03:00,2018-06-19 16:11:57,2018-07-31 00:00:00
a323ac4955fc32f68997f8d0122ff2c1,efbc19223e3971b216caf4bbbba18df1,delivered,2017-09-10 21:38:51,2017-09-10 21:50:22,2017-09-28 21:39:05,2017-10-11 23:13:44,2017-10-05 00:00:00
4cca039d4d51fb8f0e1e302327c30de5,45d819fb81a17ea857d85c8a1fae74b4,delivered,2017-09-15 10:20:32,2017-09-19 03:37:14,2017-09-21 18:00:15,2017-09-27 17:22:44,2017-10-09 00:00:00
fa4e26319fe4d40dc11cb63c53be6355,9ff9e401db5736e05d7403bd0dc308cd,delivered,2018-02-11 22:48:20,2018-02-11 23:07:56,2018-02-16 19:57:02,2018-02-21 14:17:55,2018-03-06 00:00:00
90bf73869f0ae6e4ea3731dcf7e2e620,dfea71c7e09469934ffa20c38024d275,delivered,2018-05-14 18:13:58,2018-05-15 04:12:22,2018-05-17 12:45:00,2018-05-22 15:05:07,2018-07-02 00:00:00
7c2ca8ab80697c8ea1e11adf050d82fa,b2f8a6ef03233fdada4510b9782a42bc,delivered,2017-06-08 19:14:02,2017-06-10 02:45:50,2017-06-12 14:13:57,2017-06-19 12:22:07,2017-07-03 00:00:00
cb162de51da6fe9c49b238971804a224,309239af9998f640f8572abd96482709,delivered,2017-12-18 13:35:02,2017-12-18 14:51:36,2017-12-20 20:43:15,2017-12-29 11:22:58,2018-01-18 00:00:00
e5f19a5270a65dd6e5deb65c0b16d719,16c2cb120f6b87ce8ef7dc4b877a004e,delivered,2018-03-03 15:11:27,2018-03-03 15:29:13,2018-03-08 17:05:27,2018-04-05 17:52:22,2018-04-04 00:00:00
4f08e1d966e9e49ca0677134ce4c2c57,5f7587c3961ed679a9e4ac53be2fabcf,delivered,2017-08-08 20:10:15,2017-08-08 20:23:38,2017-08-09 20:08:47,2017-08-21 20:32:52,2017-09-08 00:00:00
5573cef7e8f61373a3860c9048fd5d3f,df99dc7abe4d35b7797f39c00c595147,delivered,2018-05-06 09:20:09,2018-05-06 09:33:11,2018-05-07 09:25:00,2018-05-16 23:12:49,2018-05-30 00:00:00
9f5452841a5075ac35f12e8854c793cb,13e1607de71f41be2379f77597a1eaa3,delivered,2017-11-22 18:44:40,2017-11-22 18:54:23,2017-11-23 21:10:42,2017-12-04 19:05:59,2017-12-08 00:00:00
b40f817b50535e75d1708b22ef4f6484,2c620d5ff4293071bd05cf6c29818854,delivered,2017-07-20 14:25:16,2017-07-20 14:35:09,2017-07-26 18:32:47,2017-08-07 13:34:42,2017-08-11 00:00:00
7746677d78294f821b793499ed5aa572,1450ddb1608a577774a00883141be98e,delivered,2017-12-19 16:12:59,2017-12-21 02:12:43,2017-12-27 23:13:34,2018-01-16 18:23:37,2018-01-23 00:00:00
ed8ae7b87eac2abe38acc8471343053f,76005500a2dfa3f5d910c22cbe99f8f1,delivered,2018-04-17 21:40:37,2018-04-17 21:55:18,2018-04-18 17:28:38,2018-04-20 18:32:30,2018-05-02 00:00:00
7b80ec23d794b93b2dccdb524a54285a,702468fa964fd29fbc78fcfbe5f9c2e3,delivered,2018-02-07 10:13:39,2018-02-07 10:30:16,2018-02-08 19:19:20,2018-02-15 00:49:35,2018-02-23 00:00:00
56d77478af78c445066db1c9876e9e84,7761db7d7db3e4698410581198304c86,delivered,2017-11-03 16:49:40,2017-11-03 17:09:20,2017-11-10 16:12:15,2017-11-21 17:09:16,2017-11-29 00:00:00
85755a53293260a175624f3ee95afad7,a7aa5f7101f0548de877f43fc226f026,delivered,2018-08-21 08:45:43,2018-08-21 08:55:31,2018-08-21 14:50:00,2018-08-24 16:56:47,2018-09-03 00:00:00
9ed58fe0fbd409abc65188eb96c650ac,9052a30c5a1bde768913c851230d085a,delivered,2018-05-29 19:16:01,2018-05-29 19:32:24,2018-05-30 10:23:00,2018-06-06 14:19:15,2018-06-29 00:00:00
032de54ca8e40cca1098da6c68ba92b3,ae98e7ef8bbb639184da4566b1e7f19e,delivered,2017-09-26 07:58:27,2017-09-27 08:04:18,2017-09-27 19:18:46,2017-09-30 14:07:29,2017-10-18 00:00:00
6de9eb6ce81fb0d838d9d38e5f0b3b13,c461d2d435013deaa0d401a088ff0e8f,delivered,2017-12-19 18:59:05,2017-12-21 02:10:47,2017-12-21 18:28:38,2017-12-27 21:17:06,2018-01-08 00:00:00
6041df98b73499d7ab29fac08814665b,87f2c343f1205c2e07e58c9b3a755444,delivered,2017-12-31 10:30:34,2017-12-31 10:39:26,2018-01-03 17:16:22,2018-01-19 23:08:52,2018-01-26 00:00:00
a4ff93cafe11fd211ea627c3cd253480,7b19c17065aacdf8c4f42645bb32c8c5,delivered,2017-12-29 16:26:05,2017-12-29 16:35:24,2018-01-03 15:17:11,2018-01-09 16:46:36,2018-02-01 00:00:00
34f3d7a06bd0a5c40afb874d68bb5cd5,cad6946220c14b9dfdafa4813ef94c87,delivered,2017-07-23 20:30:29,2017-07-25 03:45:38,2017-07-27 18:03:25,2017-07-28 20:06:50,2017-08-10 00:00:00
b084a8f61aa45461c76604d752a993f8,3f9b89f44fa0f0a8a673166eb3854789,delivered,2017-05-10 20:32:02,2017-05-12 02:50:16,2017-05-12 11:21:45,2017-05-25 09:00:08,2017-05-30 00:00:00
4e10b30aa3a183071fafee98c886bc7d,206ac773b6fa602143a7d817bbc3ab31,delivered,2017-09-13 09:51:16,2017-09-13 10:15:21,2017-09-14 20:19:00,2017-09-16 14:58:46,2017-09-25 00:00:00
3d881e61ee993d5bba4becb0d98b1579,8bcbfc42b483c83e9e4c419936a8377a,delivered,2017-02-17 18:48:01,2017-02-17 19:03:04,2017-02-21 11:02:42,2017-03-06 07:48:56,2017-03-31 00:00:00
c63112181863ee049837cf2a0ecbfab7,72d756fe79bda10733b1069c53474321,delivered,2017-07-19 13:46:12,2017-07-19 13:55:17,2017-07-20 16:22:06,2017-07-27 15:38:36,2017-08-02 00:00:00
1c3a0db39be54440c72e0111f46856e6,bc5656ea87458c3268d24ba023eb420e,delivered,2018-03-10 10:11:58,2018-03-10 11:20:29,2018-03-12 18:37:40,2018-04-14 18:58:33,2018-04-02 00:00:00
034a3d1faac58f35a7364de005209f13,c8be084101b0ce1d1ec6a88381add2e2,delivered,2018-04-03 18:42:25,2018-04-03 22:35:12,2018-04-05 17:51:43,2018-04-17 23:55:57,2018-04-27 00:00:00
f38bba7355a2382087be5ad984cd1f40,e38b747f2d270d470bff9e3b25041b0b,delivered,2018-07-29 20:08:41,2018-07-30 20:04:46,2018-08-01 11:47:00,2018-08-06 23:51:44,2018-08-17 00:00:00
9adf7bcff8c641aa286f3dbb963148ab,513b21479e038ae5a8180f1aae532f8f,delivered,2018-02-01 17:15:31,2018-02-01 17:33:05,2018-02-07 22:42:35,2018-02-19 18:58:02,2018-03-02 00:00:00
d8f219ff505c49a703a25ffac1126614,3a60ad8fb806284f718b6539013dda2a,delivered,2018-03-22 14:07:52,2018-03-22 14:29:03,2018-03-24 13:04:11,2018-04-02 17:39:16,2018-04-11 00:00:00
de96144dc55ce453b7dd9b5995a87c6a,1e442ae42cba4e82336cb1c367c7b75d,delivered,2018-03-09 15:25:35,2018-03-09 15:35:28,2018-03-12 17:38:27,2018-03-22 23:19:24,2018-03-29 00:00:00
3cd1fc00785c7052ace31b764290e42c,1e0a2f52a05b3b800b29838afcced0e9,delivered,2018-07-31 09:46:41,2018-07-31 10:30:56,2018-07-31 15:02:00,2018-08-06 13:11:36,2018-08-09 00:00:00
2c313debfbfb2b44f91ae0431823ccb4,82189789fcc0955a1f54c4b48c171652,delivered,2018-07-18 14:08:03,2018-07-18 14:22:13,2018-07-18 14:16:00,2018-07-23 12:18:55,2018-08-01 00:00:00
20fcbc7e1a1c0fefaa568769e6f3347f,f56495cb904e506f3869864bde1cfea8,delivered,2018-04-30 16:51:31,2018-05-03 04:13:04,2018-05-03 16:28:00,2018-05-17 18:05:11,2018-05-28 00:00:00
ef4d010c07e5ac58d6b9b8f0210df881,e85df93b88aa497ab874a3afadc56bb0,delivered,2017-07-05 21:16:50,2017-07-07 02:50:36,2017-07-07 19:09:03,2017-07-19 18:52:11,2017-07-27 00:00:00
c9af5ac1e116ade464741593ef70e986,7b25145539f38697d2da83bce9cb8725,delivered,2018-06-11 11:10:56,2018-06-11 11:40:12,2018-06-13 13:37:00,2018-06-18 19:48:32,2018-07-04 00:00:00
d946899ce911ebb570750e694994f812,1ad28b7f105b6cbf4d6741d2e1d5c04e,delivered,2018-07-03 12:03:55,2018-07-05 16:32:57,2018-07-13 13:53:00,2018-07-21 19:52:18,2018-07-30 00:00:00
27193efa36420f91e43ee1e1d4416d2f,9039a6869b1432fabcc921c86c8ed4cb,delivered,2017-08-29 20:08:34,2017-08-29 20:30:15,2017-08-30 15:06:53,2017-09-04 23:32:59,2017-09-15 00:00:00
e0c5a4a058c2160c2ac602072397c807,ca2a96ff2aed6f4b5aeb7c112f9e4c18,delivered,2018-06-10 14:36:45,2018-06-10 14:56:58,2018-06-11 14:31:00,2018-06-15 20:10:57,2018-07-03 00:00:00
f26be57b128ad749636740a15bf6752c,2bf7dbe3a7ea4e83fb24209f67b9d89b,delivered,2017-09-08 10:06:40,2017-09-08 10:24:26,2017-09-12 16:29:48,2017-09-18 14:38:00,2017-09-28 00:00:00
666642b8ede81bde2dfe4365b47b1ba8,2ee6a7340934c1c8c08bd9ec1187e919,delivered,2017-12-07 11:37:39,2017-12-07 15:01:36,2017-12-08 21:28:25,2017-12-12 19:21:56,2017-12-26 00:00:00
8bbe236f21b3f7ff0a158c3161cac5ef,b1136b401997d5080066c794ff616c2f,delivered,2018-01-27 16:37:02,2018-01-29 20:12:16,2018-01-30 21:33:08,2018-02-09 20:47:34,2018-03-12 00:00:00
8a9491fb5e1db54016d2b8f1af5ac490,ad3b17c2187baf22bdf8e073a7b296e2,delivered,2018-01-24 21:13:08,2018-01-24 21:33:17,2018-01-26 14:33:09,2018-01-30 01:28:29,2018-02-08 00:00:00
34d3825176b5e4ae141843ed4e313c7d,4308db2f3f1ce5f817e16184cd306817,processing,2017-09-28 12:02:45,2017-09-29 12:07:21,,,2017-10-31 00:00:00
bb2c15f3d9da7de7eef8b4c479efacd2,cd136d3ce441081cd15dff22714a5c59,delivered,2017-04-22 23:14:00,2017-04-22 23:25:08,2017-04-24 12:09:56,2017-05-03 11:40:02,2017-05-15 00:00:00
65b776d1206b0677bbeb15704021af48,a770b29a01bcb44c7f9028d96ca21863,delivered,2018-03-03 19:40:01,2018-03-03 19:50:53,2018-03-08 15:46:47,2018-03-17 01:42:32,2018-03-27 00:00:00
4c1e4a008ff79b53d84a6fd7f817c5aa,1774fe5310b8a384e345be76ff71591a,delivered,2018-03-23 13:31:25,2018-03-24 13:27:39,2018-03-26 21:18:26,2018-03-29 16:52:00,2018-04-05 00:00:00
f774c1e75cb8cc6d1d8a30c56d16bcda,ad431c9c10552fa9a09d9c42bbb4c49d,delivered,2018-08-24 09:09:11,2018-08-24 09:24:22,2018-08-25 07:47:00,2018-08-29 22:33:29,2018-09-19 00:00:00
cf937bac66a020cc0077490569f3465b,5d0957541b90307fbd9c8f8216c8cf5e,delivered,2018-01-04 17:09:54,2018-01-04 17:28:12,2018-01-05 21:15:29,2018-01-18 21:28:52,2018-02-05 00:00:00
e1cfb9f3b52a559974c2148551dea108,1cb2dfb80b5dbf6750472c2183b361c9,delivered,2018-05-14 16:37:43,2018-05-14 16:53:00,2018-05-15 11:04:00,2018-05-25 20:52:38,2018-06-07 00:00:00
7525e8f8b1a51d44f9912ce81146ac7d,7e902211ea98633032e5cc41b645f65c,delivered,2017-07-10 13:41:35,2017-07-10 13:55:15,2017-07-11 22:53:45,2017-07-21 14:36:26,2017-08-01 00:00:00
39519d02af9b0ab69cd51e3b81fe2dc5,591705dfee9322311501831348d98079,delivered,2017-10-21 14:46:13,2017-10-21 14:56:20,2017-10-23 14:53:56,2017-11-04 14:59:56,2017-11-10 00:00:00
c464b6868164be2381b58e1fc6caa2f7,df658f2a78db737ea87e376b8e4c00af,delivered,2017-11-08 23:19:24,2017-11-08 23:31:13,2017-11-09 13:21:55,2017-11-16 18:07:36,2018-01-10 00:00:00
15d8198b8e9c97e5e6a5007b0bb1550f,7d8c69b15f2b331d4aceffd9672c8029,delivered,2017-04-25 21:06:19,2017-04-25 21:15:12,2017-04-27 11:59:50,2017-05-08 17:16:52,2017-05-24 00:00:00
f992a59bd269c4eb0ae5ca2d403474b6,a0f1252b8378182f65bc311788d25d0c,delivered,2017-03-11 16:22:20,2017-03-11 16:22:20,2017-03-13 14:12:51,2017-03-20 07:32:58,2017-04-04 00:00:00
bf3b217e5505e5e9d746120dbb93b562,0669f5398348b7260f7f14411736e78f,shipped,2017-08-24 07:15:30,2017-08-24 07:25:13,2017-08-28 18:32:49,,2017-09-18 00:00:00
e7c5619d9941aa825f4727fca11dd208,81dc9718edad35c224a7256232ae104c,delivered,2017-06-03 20:23:59,2017-06-03 20:35:24,2017-06-05 14:36:51,2017-06-16 16:14:00,2017-07-06 00:00:00
9989d0ec04100fce996f6e906ada0278,2794c46b0d52ec2f9a14871b669cfd51,delivered,2018-02-21 21:11:02,2018-02-21 21:29:12,2018-02-27 12:13:53,2018-03-24 17:37:32,2018-03-13 00:00:00
53016e8472a79f05b793c071c03ae18e,7facbda9c585cd9ba754839db71cebf1,delivered,2018-05-23 11:29:51,2018-05-23 12:14:56,2018-05-23 14:28:00,2018-05-24 18:12:30,2018-06-08 00:00:00
b6fe88f4f585c944818db94f580332f9,03211613a76a509bd371fd677974d68e,delivered,2018-07-13 11:33:39,2018-07-13 11:45:15,2018-07-16 06:58:00,2018-07-20 22:28:34,2018-08-06 00:00:00
73d8cba28b2c49e0bcde53f23fc6218a,ed3cdd51c53c26ba8f1ce8234595c5c5,delivered,2018-03-02 15:57:53,2018-03-02 16:10:42,2018-03-07 18:25:42,2018-04-06 17:43:33,2018-03-21 00:00:00
03d8ac7f462c593ad4ca1fe32c20cd83,d86328d99f1c51c918adbeaba9edd1cb,delivered,2017-04-27 10:48:39,2017-04-29 02:43:07,2017-05-02 15:39:39,2017-05-16 16:37:49,2017-05-31 00:00:00
60856ac7677a70cd87ad25d9b34d051b,bf3143805b420affe47047794eae0872,invoiced,2016-10-06 14:36:59,2016-10-06 15:41:47,,,2016-11-28 00:00:00
9e958a07e455c09fd69aa32c2a4b2d4c,6d1476335098224a9d1807ba96a1eb2c,delivered,2017-10-10 20:39:38,2017-10-10 20:49:50,2017-10-20 22:12:59,2017-10-28 15:45:54,2017-11-07 00:00:00
77f7a5c2fb11dddd571bf33daf9dc0f4,b11a64456c2fe322b98e96b458b512bb,delivered,2017-06-14 17:37:36,2017-06-14 17:45:20,2017-06-19 12:21:55,2017-07-02 12:02:36,2017-07-07 00:00:00
b77b82b683e9956ecdf55514de3d1f1d,f9d6595c725eee2aba47fc7257680db4,delivered,2017-11-06 19:58:31,2017-11-07 04:31:13,2017-12-21 17:22:43,2018-01-08 15:19:43,2017-11-24 00:00:00
8cf06ce068a7f778b59ed42dc00d964c,82bfba21f1ccdbffe8c25920039f6d50,delivered,2017-12-26 16:38:25,2017-12-26 16:49:27,2017-12-27 21:59:58,2018-01-23 23:29:39,2018-01-24 00:00:00
5f72c8b02beaa8a1bc3fd79ea75384e9,649ae246f93c7482390cf748a9be70f3,delivered,2018-08-20 09:58:02,2018-08-20 14:51:17,2018-08-21 11:56:00,2018-08-27 20:35:17,2018-09-11 00:00:00
e21a100114f52ef8f28601cf741b3ca4,7cdb10c80796456cb0750c312ef21844,delivered,2017-06-20 11:18:37,2017-06-21 06:43:17,2017-06-21 19:03:06,2017-07-04 14:23:19,2017-07-20 00:00:00
61242a99b411bba259b697ec7de3e4ad,e79f2c086eebdac111a505200261f455,delivered,2018-04-06 16:26:12,2018-04-06 16:35:25,2018-04-10 16:55:36,2018-04-14 17:44:53,2018-04-25 00:00:00
21901d247ec987a042a6b89bc3a98bd5,d095ea0fa060e28994724688e30b824b,delivered,2018-05-11 11:32:40,2018-05-11 11:50:47,2018-05-12 08:14:00,2018-05-17 21:52:12,2018-05-30 00:00:00
f06f7b506ca56d1a660918f04f7814ec,53eee7f6d5fe3cc7222e75c874581af8,delivered,2018-01-12 14:12:41,2018-01-12 14:28:24,2018-01-15 17:13:05,2018-01-25 14:14:41,2018-02-06 00:00:00
27c4d9f3a2a28d3e687e6700e34e959d,0d67c23834708b16f384c7b2d25aeb13,delivered,2017-06-15 13:51:09,2017-06-15 14:05:12,2017-06-19 17:06:46,2017-06-26 17:37:31,2017-07-06 00:00:00
76cde6c8b0bcf5f39e166b9f645366b6,1243b85af9f260a323231c4813007315,delivered,2017-06-11 18:22:10,2017-06-11 18:35:11,2017-06-13 10:09:26,2017-06-28 17:07:58,2017-07-20 00:00:00
188c0980749c33160b4a6a711a58349e,e5a1d6b035730d7b3dfef454844597f9,delivered,2018-01-08 20:56:46,2018-01-10 10:32:22,2018-01-11 18:18:27,2018-01-15 15:48:25,2018-02-07 00:00:00
b72f2809724c9676ae9bc68a12d9626d,fa7d373af2df6d171c0467802e38bbaf,delivered,2018-08-19 21:21:03,2018-08-20 13:30:25,2018-08-21 14:46:00,2018-08-29 19:44:28,2018-09-11 00:00:00
fb8f03cec06678a33b2782cb3f5a9942,4854399f48d58dfce4a5b4994331b4a5,delivered,2017-09-11 14:41:43,2017-09-11 14:50:32,2017-09-12 18:26:51,2017-10-11 18:44:05,2017-10-11 00:00:00
0e78a0fe8a4dba7965080ad7c3bce866,186799b6bb8ea8989abffd8d1d8dc487,delivered,2018-06-08 08:14:36,2018-06-08 08:33:40,2018-06-08 14:02:00,2018-06-15 23:54:45,2018-07-11 00:00:00
8f90bd287474f07e918f11e649848539,001226b2341ef620415ce7bbafcfac28,delivered,2017-09-29 01:15:08,2017-09-30 02:28:45,2017-10-02 14:46:52,2017-10-09 21:22:38,2017-10-30 00:00:00
f99892da657d4b8ed6b3dddff8b166e1,be7358032aa672e8452b29cb1ac7371f,delivered,2018-04-11 19:23:50,2018-04-11 19:35:19,2018-04-12 18:19:19,2018-04-17 00:06:41,2018-04-26 00:00:00
85ff97380814f8f14c1dea2f514b5fc8,a4719949ef03752ccecf6e958e4f5070,delivered,2017-11-24 21:58:10,2017-11-25 00:36:26,2017-12-13 00:24:52,2017-12-23 12:43:31,2017-12-13 00:00:00
8e1c48bbab58c6a5c96e535f7c294eb5,ab1402a7d01aadf42407ba95d0ca0e62,delivered,2018-03-11 16:23:36,2018-03-11 16:35:23,2018-03-14 18:28:54,2018-04-03 13:47:03,2018-03-28 00:00:00
cd167f0d7982e0f93c3554a4c4f03e99,31b63fdb116c62400b1db8aa4d6fee4e,delivered,2017-08-08 00:48:12,2017-08-08 01:03:30,2017-08-09 16:27:43,2017-08-15 17:32:45,2017-08-28 00:00:00
8f95a252fcb4d9163d1f674ac0c746bb,a05f4c66baf8e2a458de2a45255bc3c1,delivered,2018-04-12 13:45:57,2018-04-12 14:10:56,2018-04-18 20:18:25,2018-04-19 20:47:38,2018-04-30 00:00:00
914ccbb5110ed49b96c301b5fbf8d629,6726c2dc9955a5617dd2144d32eb986f,delivered,2018-05-15 10:38:22,2018-05-15 10:55:15,2018-05-16 12:19:00,2018-05-18 12:16:46,2018-05-23 00:00:00
e4dba31c8df21a1169949334f2639889,71efc8a488f41193c13fccbe44411151,delivered,2018-05-04 13:32:56,2018-05-04 13:50:44,2018-05-04 15:14:00,2018-05-30 20:27:37,2018-06-07 00:00:00
cf19b9eddcef18fed0071f773887b1e6,bfe0eab1598b84c4ff9a85e807534ad3,delivered,2018-08-03 20:58:38,2018-08-03 21:10:11,2018-08-06 15:29:00,2018-08-11 14:22:32,2018-08-20 00:00:00
52191b9f4d5c244d1bfe01a95f346331,5f5291cb7cffb794706cb8d245fb591d,delivered,2018-04-13 18:58:34,2018-04-17 05:50:27,2018-04-17 21:40:53,2018-04-25 22:07:23,2018-05-15 00:00:00
ddb4aab3495ab19d0fa7dbb5aeb703b9,e81d9cca059dc9b09925555999027489,delivered,2018-01-08 10:05:30,2018-01-09 07:20:10,2018-01-10 19:10:54,2018-01-11 20:49:14,2018-01-26 00:00:00
fb7e7ba8f47d0f1f90ef27989696d503,bbefd632c5ef63a5c0e4ed79e72ad553,delivered,2018-05-11 12:59:18,2018-05-11 13:11:34,2018-05-11 13:43:00,2018-05-17 18:30:52,2018-06-01 00:00:00
d14a4f8c84ab5018248d47b2170dfbc8,473c4280bfa2ad9e66ab0d9398ed4e1f,delivered,2018-05-01 10:36:59,2018-05-01 10:57:23,2018-05-02 12:08:00,2018-05-07 20:10:48,2018-05-22 00:00:00
5af2ccecee36c806f9dd2b49c3a8d09a,0fbe0a693526f98c8d703e94def41c78,delivered,2018-08-04 16:55:24,2018-08-07 04:35:11,2018-08-08 13:25:00,2018-08-13 20:41:15,2018-08-29 00:00:00
5d52a189aad255c960953d7d5d1aa7dc,c82ccb0a23ba718bcd188c4527597531,delivered,2018-02-11 15:26:46,2018-02-16 07:55:35,2018-02-19 16:41:52,2018-03-05 22:09:00,2018-03-15 00:00:00
37d69379ae52462d505e0711aed2c296,a86e0ea205c29c956c48693f8072414d,delivered,2017-03-26 17:54:57,2017-03-26 18:05:15,2017-03-27 15:14:12,2017-04-03 14:56:52,2017-04-13 00:00:00
3a3abd8e28e6facbad63e5ee376b5cb2,7b03a0e21a0f9b1767525a1c62c1c8a2,delivered,2017-12-16 00:01:35,2017-12-16 00:12:40,2017-12-16 18:02:57,2018-01-05 23:20:13,2018-01-15 00:00:00
f223b1d420663a0ee1fe062836f32289,9b5c94127a26a8523359c15f487306e8,delivered,2018-03-26 16:18:42,2018-03-28 02:47:47,2018-03-29 20:22:27,2018-04-05 15:19:35,2018-04-12 00:00:00
f6f20338750875ffa91d23d6d6ff4fb2,738071368b2af5dbdf5c7b487426cf02,delivered,2017-11-26 20:58:46,2017-11-26 21:14:13,2017-12-05 00:12:31,2017-12-14 19:41:42,2017-12-15 00:00:00
f29b1fdd44f820a916d3f1946a88c333,ea9e72efe082008da9a82676a5d0c345,delivered,2018-04-25 10:52:10,2018-04-25 11:09:10,2018-04-27 11:30:00,2018-05-02 16:34:43,2018-06-05 00:00:00
9e6db72ba70b2e5ded35a5919f6329b3,3ba63e448d9f2f5d5c160780572ed6bd,delivered,2017-06-06 16:24:51,2017-06-07 02:45:22,2017-06-09 15:41:51,2017-06-19 16:12:44,2017-06-29 00:00:00
8ebae9815269538d42b9f5d1c1950ff1,bf9b3cb8ea02aeb16be6ff36ec6c42ae,delivered,2017-04-27 09:25:53,2017-04-27 09:42:40,2017-05-02 15:42:15,2017-05-16 16:47:43,2017-06-06 00:00:00
fe9f3a971bb08a9eea14c93de1a42034,219857d3d1aacbc175d70a283f702ba9,delivered,2017-03-27 08:24:53,2017-03-28 03:43:42,2017-03-28 10:03:49,2017-03-31 12:05:20,2017-04-18 00:00:00
9cffe850c8bb0bd7c7e679d7779385c7,a72650132f02ba644f1c210ca37b9000,delivered,2018-02-15 17:26:38,2018-02-15 17:46:26,2018-02-16 21:03:54,2018-02-23 19:46:35,2018-03-14 00:00:00
03b93d42401e436cb00a2dd82a3975f7,bc1d03ced3946138d23540f85060ec03,delivered,2017-06-22 17:01:40,2017-06-22 17:10:14,2017-06-27 16:38:30,2017-07-03 14:34:50,2017-07-20 00:00:00
429879e52accbd209d4e3c7994cbce25,a9d17c6bc7a59fa3b00076bc16ddac88,delivered,2017-07-19 18:16:35,2017-07-20 02:15:54,2017-07-24 12:26:30,2017-07-31 19:51:48,2017-08-14 00:00:00
b593e6a542b313bc34e3cf63905d7722,9ef45e2d63a18168cd4b03a1f0da22d2,delivered,2017-06-20 21:33:16,2017-06-20 21:45:18,2017-06-21 18:42:17,2017-06-26 15:33:01,2017-07-03 00:00:00
2f03dc11560f16242cd6cfbd13c05036,6e3d860db76bd64da1a5a6bfa81c0450,delivered,2018-01-11 22:44:27,2018-01-11 23:20:24,2018-01-12 22:25:29,2018-01-26 22:54:55,2018-02-05 00:00:00
98c8ce34fb87be20f449264f5ff6fb35,bd0894dfa25e1220154c2424f2fa8745,delivered,2018-04-22 22:00:48,2018-04-24 17:44:15,2018-04-23 20:41:59,2018-04-26 21:05:31,2018-05-21 00:00:00
4050a0495b8fab90bb5285f6c37d61e9,24207156e277e6dfc2e231c63365d271,delivered,2018-05-28 02:36:05,2018-05-29 02:34:20,2018-05-29 11:41:00,2018-06-13 18:06:29,2018-07-17 00:00:00
afd02669bcda281a6a9a153dbcf60e39,79647ff1cbf238aedace758bd4271aab,delivered,2017-11-26 20:16:07,2017-11-26 20:32:07,2017-11-28 18:51:42,2017-12-07 19:09:10,2017-12-28 00:00:00
c075bbb88b67014143bb3d046f0b8610,fec76147a9617544fb83398b2dac62b2,delivered,2017-10-22 18:29:00,2017-10-23 18:21:18,2017-10-24 20:57:50,2017-10-27 16:12:06,2017-11-17 00:00:00
255ad076f0ef8eeeaf912d66df4c2a1c,9c1b5cf455be52ece5a16beead2e21ea,delivered,2017-09-19 13:40:42,2017-09-19 13:51:35,2017-09-20 19:19:51,2017-10-03 18:34:10,2017-10-10 00:00:00
a3069ca25adcd219ca2358ca58f46bdc,939ff7082bf758ef8a6d7bd125c5e068,delivered,2017-05-15 13:20:05,2017-05-15 13:30:14,2017-05-16 13:39:17,2017-05-29 08:52:03,2017-06-08 00:00:00
7d2ec074fc0f5fcf4509dab3f5fcd933,be7e019d96fa86ec001e237c583c8fdd,delivered,2017-12-12 17:07:51,2017-12-12 17:18:23,2017-12-15 14:58:42,2017-12-20 23:22:42,2018-01-08 00:00:00
818b0cfed13b2b6712926e620e37ec60,80fa3b8e966af7a5b447c7ab96f2864d,delivered,2017-03-31 21:48:39,2017-03-31 21:55:20,2017-04-05 09:47:35,2017-04-11 16:08:51,2017-04-28 00:00:00
fbed5025efea6c9b776e3826c055ad9e,2ff9559e01499d89efb1d99b938faf7c,delivered,2018-03-01 19:18:28,2018-03-01 19:35:30,2018-03-02 20:09:27,2018-03-31 13:08:46,2018-03-28 00:00:00
2e040250d733dceea41baa2f5ad43f3a,f6f76301950a9f0c4099483fa35b0292,delivered,2017-11-29 21:46:27,2017-11-29 21:56:58,2017-12-01 22:14:05,2017-12-20 17:09:25,2017-12-22 00:00:00
a3e5028ece0876f0a632152e9a66ff0c,48c208518654e81be736c1950e522b9a,delivered,2018-05-09 17:44:06,2018-05-09 17:55:17,2018-05-11 07:12:00,2018-05-24 19:36:34,2018-06-05 00:00:00
27c2eed354160283302f9d32d3448eb6,f777873517b1bf70c51a2950e513acf6,delivered,2018-06-02 21:02:33,2018-06-02 21:15:19,2018-06-07 14:23:00,2018-06-12 17:28:54,2018-07-19 00:00:00
b819fc7b1c7c3f36b7736dcd4bc66156,0b79d160f327fc4788e780473c007513,delivered,2018-02-23 08:42:54,2018-02-23 08:55:51,2018-02-26 18:09:11,2018-03-20 16:51:48,2018-03-26 00:00:00
8925656065cb0307d4fe7f5fa0fa9a01,bff05ba0b23f43e01bba65da2404ff94,delivered,2017-06-18 18:04:34,2017-06-18 18:15:10,2017-06-23 08:44:49,2017-07-06 15:23:01,2017-07-24 00:00:00
9251efeac5f820d8625ab763cb2867a1,c099109c1fca0ef9eb58f6f0a3e33c6c,delivered,2018-03-10 11:56:59,2018-03-10 12:40:31,2018-03-15 17:25:31,2018-04-03 20:22:16,2018-04-05 00:00:00
b611801a592be5846ca256e2bb7e74f3,c38d1d62d73547e079af948277dcbc69,delivered,2018-03-15 22:03:50,2018-03-15 22:15:51,2018-03-19 21:22:31,2018-03-20 21:58:43,2018-03-28 00:00:00
2f52c0a535c5748713a7639b1c798786,0bab2439d75a6b9559f2d49f3e499faa,delivered,2018-05-18 12:52:56,2018-05-18 13:15:29,2018-05-18 14:15:00,2018-06-01 21:42:44,2018-06-04 00:00:00
5af1697f659a5873ed7f793544b2b98d,f07196c2a344adfa4db6148f20908392,delivered,2018-01-04 11:15:10,2018-01-04 11:28:49,2018-01-08 22:21:53,2018-01-30 14:06:14,2018-01-31 00:00:00
d6b025f0a10de81ae37fabab8d83c32f,409d4315cb2f63e3efc737edfe5ebd11,delivered,2018-05-07 13:15:13,2018-05-07 16:52:40,2018-05-08 15:40:00,2018-05-15 17:57:42,2018-05-24 00:00:00
d55b88c264e0cacf41c8f8ce846bc1ee,3e35e35a82de3fc574900adca713dff2,delivered,2018-06-11 23:05:13,2018-06-11 23:35:49,2018-06-12 13:08:00,2018-07-04 20:03:11,2018-07-04 00:00:00
2f128eca153029f4e0e1790642de2480,edc3af71b8cc7f247a283f13a9427551,delivered,2018-06-18 17:01:25,2018-06-18 17:20:55,2018-06-19 15:25:00,2018-06-21 21:41:44,2018-07-13 00:00:00
d39683eb0cfa97adfec4cd9af343815e,45d76742aa38de04bc46e13624c4db61,delivered,2017-06-11 12:37:59,2017-06-13 04:42:53,2017-06-16 14:47:44,2017-06-28 14:35:05,2017-07-05 00:00:00
c2eddb0c2651699e1839ee701627449f,f6711380491a31e279445b3b8442af80,delivered,2018-07-19 07:50:06,2018-07-19 08:02:41,2018-07-20 12:34:00,2018-07-27 20:03:09,2018-08-16 00:00:00
9187356c51bedafdfeb1226b29fd676c,f631fc2032b15f0881cece32d44d08d0,delivered,2018-01-08 21:03:21,2018-01-08 21:14:22,2018-01-09 21:57:26,2018-02-06 21:32:20,2018-02-14 00:00:00
0f1a1c17b6ff23cc7274179c76e2af82,66af0dad10050ee5122fc1b0de8b0e3c,delivered,2018-02-08 20:37:19,2018-02-08 20:50:30,2018-02-09 20:57:53,2018-02-15 02:58:26,2018-02-22 00:00:00
81490cadb782481738db4092957faf74,fba91f2ee61cd400e7515010da70f452,delivered,2018-04-23 16:24:00,2018-04-24 17:44:03,2018-04-24 21:06:38,2018-05-14 14:36:31,2018-05-24 00:00:00
3de9534894fc4afb4a93086499626223,b00c9975137725517d30c1f11bdab7bd,delivered,2017-12-18 15:27:25,2017-12-18 16:32:14,2017-12-19 19:54:58,2017-12-26 12:32:50,2018-01-11 00:00:00
2a005820c4272e5679d8174656fe4e96,2d521f8dffdd11217484edb2ed246098,delivered,2018-06-25 22:01:05,2018-06-25 22:17:17,2018-06-27 15:32:00,2018-07-03 09:58:34,2018-07-30 00:00:00
a4101dff2487b4a3d89330b9fe480475,681a0a16e33799607c5f5be2c0b7195a,delivered,2018-06-14 12:16:23,2018-06-14 12:39:02,2018-06-15 11:19:00,2018-06-25 12:22:49,2018-07-19 00:00:00
0886f12bc4f3770e8660c836cd58abbd,e7503fd14d5b4122c366e457104f8ead,delivered,2017-08-14 14:05:00,2017-08-14 14:30:16,2017-08-15 13:46:30,2017-09-01 15:32:39,2017-09-08 00:00:00
b0c4e1ead56e62a30575f0d2af9a2f95,787eeca41f37a89f86028b987f028aa9,delivered,2017-10-08 21:42:35,2017-10-08 21:56:20,2017-10-09 16:52:35,2017-10-26 20:26:49,2017-11-13 00:00:00
3cb615977522175b4a3af08f44b44dce,a27e1c59cdf59a79863529c28cab2e28,delivered,2017-10-13 15:02:54,2017-10-14 14:14:11,2017-10-16 21:54:01,2017-10-27 00:23:23,2017-11-22 00:00:00
99d834a0bb72d31e3d0af9bcfe70f175,e28bfc9e45a64c306ae48abfb02e573e,delivered,2018-08-12 11:33:45,2018-08-12 11:45:08,2018-08-15 13:54:00,2018-08-17 13:05:39,2018-09-06 00:00:00
ef4d2d9564c616f5525660a63febb1b2,8b10cae9e6ef0ef4721ea803fba0438e,delivered,2017-05-26 15:53:43,2017-05-26 16:02:50,2017-05-30 10:51:05,2017-06-01 15:32:42,2017-06-16 00:00:00
ec2382bdadbb1cac6a7e7ec1aec2a667,26408ea75ae8557eb66fe7ff74ca2416,delivered,2017-10-22 10:40:18,2017-10-22 10:56:11,2017-10-23 17:22:53,2017-11-02 14:32:35,2017-11-10 00:00:00
4948f06b894477c108c871a15fd4f1d6,3c2ebeb8ca2c2f64bfb622b914cbfe1a,delivered,2018-07-21 21:07:11,2018-07-21 21:15:14,2018-07-24 07:09:00,2018-07-30 21:24:52,2018-08-13 00:00:00
320f8045f186a371da49b2360c152bff,4ff98e1450d990d4d45f572336d3004a,delivered,2017-11-12 16:36:51,2017-11-12 16:50:33,2017-11-14 19:02:25,2017-11-17 21:14:46,2017-11-27 00:00:00
6cd1a4eb4b9a14b5a991a897f096d443,a68d9bfdc7bad336fab0e1643f01a6d1,delivered,2017-06-04 18:21:10,2017-06-04 18:30:49,2017-06-05 15:10:11,2017-06-06 10:57:32,2017-06-26 00:00:00
1eee90122489f645e511e11ab3ffeedf,ae7f48b93c1439403593193e4e061bf1,delivered,2017-11-11 12:48:31,2017-11-14 04:16:08,2017-11-16 21:22:52,2017-11-23 14:06:48,2017-11-27 00:00:00
633f58f88ccc534bb2b5bde5459217bf,ff28bc415971e058ac40d7dd4e4181e3,delivered,2018-07-24 23:31:05,2018-07-24 23:44:22,2018-07-25 13:17:00,2018-07-27 23:03:13,2018-08-01 00:00:00
a87561bddec57c56c96d99cf74797013,335b264076eaf5b69ca4f1aa31548ef8,delivered,2017-03-11 23:36:28,2017-03-11 23:36:28,2017-03-13 08:55:55,2017-03-16 12:24:17,2017-04-03 00:00:00
dd73d93a25e576d8dae52c7c66b3becf,0fc72d43b9bd9f42fb0ef3d18c3532c5,delivered,2017-09-25 19:12:08,2017-09-25 19:25:09,2017-09-26 13:20:06,2017-10-03 16:07:12,2017-10-19 00:00:00
fdf8f05467e28901dbd88f446effd6d9,6e1351afdb358d69098522bdcde031ad,delivered,2018-08-09 17:07:14,2018-08-10 07:05:13,2018-08-10 12:50:00,2018-08-17 16:28:39,2018-08-20 00:00:00
d9024d0948b3358a22cdce1e33c9e39f,1f2f203def91d63a0e023c6539312900,delivered,2018-01-20 17:37:33,2018-01-20 17:50:13,2018-01-25 17:12:28,2018-01-30 15:26:45,2018-02-19 00:00:00
35bd22ef2018faa0a00df917d68fbb69,9697327d17645c7e415bdaf96c56b1f1,delivered,2017-11-21 11:08:45,2017-11-21 11:31:28,2017-11-22 20:26:48,2017-11-23 20:12:12,2017-12-18 00:00:00
0d3361c2f225ac28b02f7a5492ed73fb,740e06c12b353bf626bb94ed662eb0ae,delivered,2017-12-02 09:45:39,2017-12-02 09:52:33,2017-12-05 15:03:49,2017-12-08 17:38:41,2017-12-20 00:00:00
c61c1f9b82891118ed6fa642e362331a,b687a3b5ea8f2388fb88ff386bf9bec4,delivered,2018-06-25 12:13:17,2018-06-25 12:37:46,2018-06-25 14:50:00,2018-07-02 14:12:22,2018-08-03 00:00:00
9c9504bb506aa1635fb6ad19be9bcfa9,5638c42751e237d265ad0c0536256311,delivered,2017-09-06 00:33:14,2017-09-08 07:03:44,2017-09-13 19:52:19,2017-09-14 16:58:54,2017-09-19 00:00:00
5dd67a05c776cc40da30f5cde4a7f161,a897b0758071c7414f117731bf38d82d,delivered,2017-09-01 17:39:10,2017-09-01 22:32:22,2017-09-06 21:26:36,2017-09-14 10:26:50,2017-10-02 00:00:00
b2b7d1ff3ff7568a1cfe9035e488c643,8864ad0e1c798807fd8c459ea6f98e71,delivered,2018-06-13 15:14:46,2018-06-14 02:39:10,2018-06-14 16:42:00,2018-06-20 18:16:43,2018-07-12 00:00:00
03eea4a8ecfbf94e0aa787c2d1b098e9,915934f0ade43f0068135a83beead0da,delivered,2018-01-26 00:19:26,2018-01-26 00:32:12,2018-01-26 21:26:35,2018-02-03 14:24:41,2018-02-19 00:00:00
be315a78a8989c669993c22b50f3920c,058d8b79c27b59949ec91fc3cb584658,delivered,2018-06-27 18:23:16,2018-06-27 18:35:12,2018-06-28 11:57:00,2018-07-09 19:16:43,2018-08-02 00:00:00
34fae6658f6eb42ce7f68452fa39d22b,30d6003f0b75734756db08d6c362f7a7,delivered,2017-07-21 16:31:53,2017-07-21 16:45:25,2017-07-26 10:18:54,2017-08-03 20:33:47,2017-08-14 00:00:00
9f28bebb21ed4b8984afe68c7ef6e127,e243e7b7e604780c67d191a96f23e634,delivered,2018-01-19 11:05:36,2018-01-19 11:16:28,2018-01-23 18:14:33,2018-01-25 20:38:40,2018-02-16 00:00:00
dd8685cc92ade5d98e60812dfaffb087,b8458ef1e6b3b16e7cf526b9669b98c4,delivered,2018-06-09 08:34:37,2018-06-09 15:50:13,2018-06-13 13:53:00,2018-06-20 12:42:16,2018-07-11 00:00:00
a3fcdd0dc6c0b942d30aa09a4103f7b5,5c7d20318e95d49c7477c3dc15cd8b23,delivered,2018-08-22 14:19:39,2018-08-24 03:15:10,2018-08-27 15:56:00,2018-08-30 20:13:25,2018-08-31 00:00:00
5c80991e5e2ad44946bea8bc2526c81a,d78108092c543e31e04e039e710fbb87,delivered,2017-11-26 23:04:08,2017-11-26 23:13:21,2017-11-27 22:29:04,2017-12-07 20:03:50,2017-12-26 00:00:00
cce7e119d3482fd320eedc96e93f834c,9ba5919968cfb78690538026ce50d670,delivered,2017-06-28 14:45:00,2017-06-28 14:55:19,2017-06-28 15:02:22,2017-07-03 13:32:42,2017-07-18 00:00:00
f89be12959c54bfc8be493fa13fb2f10,c26825697ea58cdbdfc193608e320a26,delivered,2017-08-15 16:39:21,2017-08-15 18:15:22,2017-08-17 21:03:38,2017-08-22 21:28:56,2017-09-04 00:00:00
169ec5c8e238376cc87f2984cb173f1e,51ea522afbbad2a724b932b9d58d3295,delivered,2018-08-03 10:56:56,2018-08-03 11:05:20,2018-08-09 09:30:00,2018-08-15 22:12:00,2018-08-20 00:00:00
72add4bd00723dddd208bfd31cdfe97b,ea8f1c279cfa700c4424757270b04284,delivered,2017-12-22 17:40:51,2017-12-22 18:31:57,2017-12-28 23:57:22,2018-01-09 17:39:11,2018-01-18 00:00:00
8984993f8a0c9dcd1ad6c053144b0160,8aa04588e245473ec521f2551d2b4b85,delivered,2018-03-10 23:38:21,2018-03-10 23:50:40,2018-03-12 17:32:58,2018-04-04 16:22:53,2018-04-19 00:00:00
c5b8cd8bc7a66f7e451018f7eb332b76,3601b1ee444b7e4f6d26c1223d613418,delivered,2017-02-17 10:07:07,2017-02-17 10:23:20,2017-02-23 15:45:28,2017-03-03 15:59:03,2017-03-22 00:00:00
a2e9aa14d517e240f6e7c7243dc1f639,546c4d8cb9e45e600960e1b04f49db65,delivered,2018-08-14 12:28:49,2018-08-14 12:44:01,2018-08-17 13:29:00,2018-08-30 21:54:50,2018-09-26 00:00:00
b30e55fe9fd40e07925199c964a7ef3f,1f3ba3284cbf9d2d47bfa7fde6b54c93,delivered,2017-12-29 14:00:03,2017-12-29 14:07:26,2018-01-03 18:23:34,2018-01-04 20:22:35,2018-01-18 00:00:00
78892544c5d65b81d65bad8703c93de0,921a27e780d5bd0de12073a94955f7b9,delivered,2018-02-12 15:30:09,2018-02-15 03:56:07,2018-02-15 23:21:36,2018-02-16 23:35:20,2018-03-01 00:00:00
5ff78652a040431e007c9349249d3503,c0a599a259226219c1ea0d3b8821ca54,delivered,2018-04-22 20:52:20,2018-04-24 19:00:48,2018-04-24 22:28:44,2018-04-30 18:56:37,2018-05-16 00:00:00
4d2338eddcfe008a2d27270cfa679887,51580cb1b91d771618b9afb76194a45d,delivered,2018-08-09 11:48:12,2018-08-09 14:26:11,2018-08-13 12:24:00,2018-08-17 18:54:53,2018-08-22 00:00:00
3a482da81f07c48902ac09603f648d1f,880e201fd13a0976e132909b948b1798,delivered,2017-08-06 21:27:45,2017-08-06 21:42:58,2017-08-08 13:18:10,2017-08-15 19:59:57,2017-08-30 00:00:00
2e1b074e37ffb5219c44ca05f75ab8a5,fa3f6cee2a3049c504e8995b38da69db,delivered,2017-05-11 15:19:44,2017-05-11 15:35:13,2017-05-12 17:54:46,2017-05-18 09:48:55,2017-06-07 00:00:00
9564dd2ea4d0f6f0f66b46258208ff73,b776843fdda066d35efda05cc6811dc9,delivered,2017-12-27 11:37:34,2017-12-27 11:49:08,2018-01-03 22:34:20,2018-01-16 16:42:55,2018-01-30 00:00:00
1424f6a8ba5d6293e445d3da40535840,88fa170f588384f0661664db7dd7aff2,delivered,2017-12-06 17:18:08,2017-12-06 17:31:35,2017-12-11 22:52:46,2017-12-12 20:18:55,2017-12-29 00:00:00
b2399fdd417c653cc8011229c81b11be,83a9dfc5c36fe01ed1ca38f17e5d9d4a,delivered,2017-08-24 13:45:38,2017-08-25 03:05:46,2017-08-25 18:04:14,2017-09-04 19:46:33,2017-09-18 00:00:00
76adb6e26eefb772dd741b47286bddc1,e69c75ce4177217f4e9d1efe41c014c8,delivered,2018-07-31 20:48:59,2018-07-31 21:05:20,2018-08-01 15:42:00,2018-08-06 11:59:01,2018-08-08 00:00:00
136f44c4aee8436faeb4d831e83344ef,ce3fd019ee6c37bef63731c9aa9ae70e,delivered,2017-12-31 21:03:13,2017-12-31 21:15:19,2018-01-02 16:44:46,2018-01-16 20:53:26,2018-02-05 00:00:00
7a47100118f6775bec039a3b87ddedf5,d5860794e75af105e5a325b4502e00b9,delivered,2017-03-31 23:32:18,2017-04-04 05:55:29,2017-04-04 14:53:57,2017-04-17 11:08:16,2017-05-15 00:00:00
564cf6104644e5122d47adf8bf6276c5,d0de9107620b75a740ddfd310ab01c5c,delivered,2017-12-16 21:21:54,2017-12-16 21:31:34,2017-12-18 21:59:00,2017-12-29 21:48:35,2018-01-19 00:00:00
aca96b69ba4057df4db12d4ca151c400,234811afd212dd6c872ab11ca0eaf804,delivered,2018-01-14 18:30:51,2018-01-14 18:37:42,2018-01-16 18:13:21,2018-02-01 17:37:34,2018-02-08 00:00:00
309794e0d2f9371217ffd850943a9dbc,743c5c4655af2ca311a25d00ceebf826,delivered,2018-01-30 09:47:30,2018-01-31 13:32:07,2018-02-02 03:04:55,2018-02-15 19:23:00,2018-03-05 00:00:00
719e22da3e43da1de99950cf31a4e013,b971dec621e1f3d9fa43a12280934b12,delivered,2017-09-13 18:30:14,2017-09-13 18:44:22,2017-09-14 16:35:36,2017-09-23 16:08:01,2017-10-06 00:00:00
2f26a96c2724ad15bc65ec1660e6dc20,095e4cb7d09e2b8c8d1d3e7cdf8923fd,delivered,2017-07-14 15:48:31,2017-07-14 16:04:07,2017-07-17 21:46:45,2017-07-20 19:25:46,2017-08-07 00:00:00
1c069d0c943c51535943d8675bd57fdf,722c71c44e674b356f6bddfb8cb9f774,delivered,2018-02-12 22:54:10,2018-02-12 23:27:41,2018-02-15 21:13:29,2018-03-06 21:21:43,2018-03-13 00:00:00
c96a303a722b89bc14a23b7a2f0e68e4,1d8474c2d38785d7b11cb262d17eeee1,delivered,2018-06-15 18:15:24,2018-06-15 18:41:48,2018-06-20 15:03:00,2018-06-22 00:36:38,2018-07-03 00:00:00
934d3985d22709473850e6e644a19fea,04c5ce6a399abdcceb5f253e4b090516,delivered,2018-01-08 21:34:41,2018-01-08 21:48:23,2018-01-10 19:19:47,2018-01-26 21:41:40,2018-02-09 00:00:00
69f0148dd6fd1fd804e48c202c93ad0b,522a472d19b6882fec72de369d9e9927,delivered,2018-08-05 18:29:54,2018-08-05 18:44:19,2018-08-06 12:05:00,2018-08-08 19:04:03,2018-08-10 00:00:00
82292f3523e3919026a788549ea1868b,753d9b2beefa23a8a3546b9173b7e4c7,delivered,2017-11-23 11:53:50,2017-11-23 12:00:56,2017-11-24 17:45:54,2017-12-18 21:09:45,2017-12-26 00:00:00
335789ca8d37469a31de8adae28e3943,a4fdabd3329523ce20c34c680ec39839,delivered,2018-01-09 17:57:22,2018-01-09 19:32:00,2018-01-10 20:53:30,2018-01-12 23:23:41,2018-01-26 00:00:00
0c16e6184d4cf8be09b57e667eb67bcc,30777bec36591293bd4a24e6fec0f797,delivered,2018-02-09 18:33:23,2018-02-09 18:55:26,2018-02-20 00:42:30,2018-02-20 17:32:47,2018-02-23 00:00:00
c024c03c4a963e554041ee4a7a2add43,c0c2c34ae470c7da16a4e15b8de196ed,delivered,2017-07-31 18:55:11,2017-07-31 19:10:11,2017-08-04 19:02:35,2017-08-13 13:23:37,2017-09-01 00:00:00
2899952345d332e41b79ece6d0463e9f,5a81532d5c4a7cc911be376fffeea3b8,delivered,2018-07-01 18:55:16,2018-07-01 19:09:52,2018-07-04 13:07:00,2018-07-09 19:02:31,2018-08-01 00:00:00
6f0dec5453c159116c3f8b14133c150d,d846e991a0424d917f3d887786e846d3,delivered,2017-05-10 22:56:04,2017-05-10 23:10:11,2017-05-17 09:23:08,2017-05-24 15:04:29,2017-06-06 00:00:00
23ddff4d3f6d62081bc0c82a630f294a,24173430606acc6ef07c90bced8f0537,delivered,2017-08-17 00:26:37,2017-08-18 02:26:01,2017-08-18 21:35:56,2017-08-29 21:23:57,2017-09-15 00:00:00
a12196b6febf252a10f39f6d76ac0a8d,a2a2b3024be00dfdd15cae8f8c526076,delivered,2018-03-10 12:45:26,2018-03-10 12:55:51,2018-03-13 16:12:41,2018-03-23 16:08:48,2018-03-29 00:00:00
768e55f3434ea3cf830ceceaf074257c,d12ee8faa1154dc99109e7f6922a2e12,delivered,2017-11-14 17:53:23,2017-11-14 18:10:39,2017-11-28 16:49:15,2018-01-03 21:52:41,2017-12-08 00:00:00
82788932fd3b02d1fa882ab5230e895c,b9dd2f49e2557d59ce4309e89efd6a37,delivered,2017-08-22 21:17:06,2017-08-22 21:26:48,2017-08-23 19:23:18,2017-08-29 19:03:08,2017-09-20 00:00:00
cf0dded3953c720dae956498ff3b0376,0a37c6a2240aa3a2dbe0bd0216e10243,delivered,2017-03-21 12:15:51,2017-03-21 12:15:51,2017-03-22 10:12:35,2017-03-29 12:43:51,2017-04-11 00:00:00
2fe8db5111a36b97b092a2daa4771e74,1923aadf7e0c0b25d5d48c12641c7e92,delivered,2017-09-24 21:12:47,2017-09-24 21:25:15,2017-09-25 15:27:00,2017-09-29 19:02:49,2017-10-20 00:00:00
de0118eda0bf4900eee8cb706027f55a,296a45f462a9595ea86c29dcc3e23e1c,delivered,2018-04-25 15:35:15,2018-04-25 16:33:49,2018-04-30 07:18:00,2018-05-02 17:26:44,2018-05-10 00:00:00
7fa5b1b5da2ccccc6d0543b07d0c70b9,feb9a08155848e887a60e17aeb432791,delivered,2017-11-16 16:20:41,2017-11-16 16:35:35,2017-11-17 15:24:47,2017-11-21 16:17:53,2017-12-01 00:00:00
9b522ac6f32b5ea55dbe7fcca97662d9,fed13cd357eb1d93a8a42486619ae798,delivered,2018-01-29 10:29:18,2018-01-29 10:39:41,2018-02-01 23:35:46,2018-02-05 16:37:32,2018-02-20 00:00:00
88105b400acfb446584ad0e0c3a088eb,b3531ca911b938dce29950941d5d292e,delivered,2018-07-22 20:25:13,2018-07-23 11:31:22,2018-07-25 14:14:00,2018-07-28 00:36:28,2018-08-17 00:00:00
e9e1c2a9c614341310b6e0b494941036,79e58052cb3d1b4b88bad283a132936c,delivered,2018-08-05 14:32:16,2018-08-05 14:45:10,2018-08-06 13:45:00,2018-08-13 17:36:39,2018-08-17 00:00:00
2e0e65507f6731df25a16a460e5988f5,db031dce5dd9d18c375261e258e250f8,delivered,2018-01-28 19:42:22,2018-01-28 19:59:14,2018-01-30 23:28:37,2018-03-02 21:09:29,2018-03-01 00:00:00
0a58de38cd66544f6bbe4f5ab326e5f6,d4d03dabe3ab500b604478efe09c6629,delivered,2017-08-07 22:32:42,2017-08-07 23:15:12,2017-08-10 14:00:00,2017-08-11 21:19:53,2017-08-18 00:00:00
dffc2ca357a1292fde6d4e71ece7178a,9001eac01a911e14fe647bd57e72a56b,delivered,2018-08-08 08:45:28,2018-08-08 11:45:12,2018-08-13 11:57:00,2018-08-14 19:23:43,2018-08-14 00:00:00
0bb5b2fd739934d00d6c8ad3a4e0f5a4,713be237a62bf47f7bc3acb21f0f41eb,delivered,2017-08-07 22:25:05,2017-08-07 23:05:21,2017-08-09 14:40:45,2017-08-15 17:05:20,2017-08-18 00:00:00
300ddfe520bd71c223ba642400982151,996bdff61c4d3a26b18ff21ecab9e37c,delivered,2017-06-04 20:54:56,2017-06-04 21:10:14,2017-06-07 15:06:12,2017-06-14 13:25:07,2017-06-30 00:00:00
35bfea17ea4bd00955284e537d942995,fbf0b1fac5581465ef392b8d58cd8f7f,delivered,2018-06-21 22:36:36,2018-06-21 22:57:24,2018-06-25 14:41:00,2018-06-28 19:11:26,2018-07-17 00:00:00
966aa877aacb92e9ba70a4c8243945ea,7244b55258afdc41c5edef0ca8d64193,delivered,2018-06-21 22:53:55,2018-06-21 23:18:27,2018-06-26 14:08:00,2018-07-06 16:05:11,2018-07-31 00:00:00
2383264270baee6b2965205ced9a1386,91f23f53db49aad96963eb74c5b88afe,delivered,2017-12-10 13:50:55,2017-12-10 14:10:36,2017-12-11 23:44:54,2017-12-26 15:14:35,2018-01-12 00:00:00
2130eb96d3ca108910e9afd32f4c7656,d41e9bc1221d11912b11187ecb12b86a,delivered,2018-08-09 16:51:22,2018-08-09 17:45:04,2018-08-10 14:30:00,2018-08-15 13:52:11,2018-08-29 00:00:00
84f90621af2bddd49ddcccdf6b0b698b,d2f554b84dc5b24c280639d59ecb9922,delivered,2017-12-19 14:55:26,2017-12-19 15:54:36,2017-12-20 16:58:38,2018-01-04 21:23:43,2018-01-12 00:00:00
0359008adff4c1def5a09bb92f7a5aa8,dcc777d07a081464e7a71921cc13cde0,delivered,2018-03-15 13:17:11,2018-03-17 02:40:38,2018-04-13 12:45:32,2018-05-16 22:38:23,2018-05-02 00:00:00
d9a5a59c426cd6aea06022b9965d5e49,a4dcff1b3de2226e4017a90345b90c12,delivered,2017-03-23 18:52:43,2017-03-23 19:05:09,2017-03-28 11:46:24,2017-04-04 16:22:35,2017-04-13 00:00:00
be2d17e0af05916e706b4d0ea44154ec,16d4ccbf270f873a8fef9a92e135adc5,delivered,2018-02-04 21:16:20,2018-02-04 21:29:27,2018-02-05 17:18:50,2018-02-20 17:13:38,2018-03-02 00:00:00
d65137e8832d68f38fd35e84cbacd4f5,4d653ad70929faa00ad785f1dcd26b74,delivered,2017-07-04 16:31:00,2017-07-05 17:39:27,2017-07-06 16:07:50,2017-07-10 19:52:30,2017-07-24 00:00:00
484483a07b85d580e8b09289de0bc02c,897e0b837246d8078a4812f68e52e6d6,delivered,2018-03-02 13:34:44,2018-03-02 13:55:18,2018-03-07 19:18:58,2018-04-21 19:12:07,2018-04-04 00:00:00
757cda7c87b31e672c1f98dc9cfe86ea,2252a8e7351a7c00efa61874788b7cfa,delivered,2017-05-17 14:16:24,2017-05-17 14:25:09,2017-05-17 16:06:34,2017-05-19 10:11:26,2017-06-08 00:00:00
1f8b9c3db5374e97739a23bed586bba2,9c6a30a0e8177db14899aeaca2e86b15,delivered,2017-08-04 12:23:32,2017-08-04 12:43:20,2017-08-05 11:57:41,2017-08-15 19:28:55,2017-08-30 00:00:00
ade2fdd8487010e45346bf5d70743ada,68277578505d178aeb261893497ce452,delivered,2018-06-17 09:01:36,2018-06-17 09:13:30,2018-06-18 15:22:00,2018-06-21 21:03:46,2018-07-12 00:00:00
54066aeaaf3ac32e7bb6e45aa3bf65e4,6a0fdc8625275b516a4cf721d28261f8,delivered,2017-06-01 11:22:39,2017-06-01 16:05:14,2017-06-02 09:19:06,2017-07-11 16:43:40,2017-06-28 00:00:00
ca407fb4d0b3cada058f453a973155cc,4b5417e69f8175a0c37bbbbe9d0e1bb8,delivered,2018-06-12 20:20:06,2018-06-12 20:45:14,2018-06-13 13:58:00,2018-06-19 23:33:06,2018-07-03 00:00:00
893f7dbf0468472c94499e6143a45541,bd67767321f1daabd54569875f9a74cb,delivered,2018-01-15 16:02:22,2018-01-15 16:12:34,2018-01-17 18:42:46,2018-01-23 21:59:06,2018-02-06 00:00:00
91aaaf219275f612b65aa7eeee4e6cff,09b4b12a81924bb1f7149e65a6f675f3,delivered,2018-03-20 16:35:13,2018-03-20 16:50:23,2018-04-02 13:51:19,2018-04-10 18:38:39,2018-04-06 00:00:00
0084e195fbd72ae51599af47f04afede,bd8d067426b640b65c68dd3ee6c71d46,delivered,2018-03-14 23:57:00,2018-03-15 00:10:59,2018-03-15 19:52:29,2018-05-04 22:22:18,2018-04-10 00:00:00
e85ffcc0e310087de07b84dbd43fe3c1,2428b8b4f40f13ec09eb1a5f99a54c80,delivered,2017-05-02 15:09:23,2017-05-02 15:22:44,2017-05-03 15:51:09,2017-05-12 14:05:57,2017-05-29 00:00:00
054418a6880b7e815bf64730ef040574,5ccd6241cc65f50dbbc212f2ca39d71f,delivered,2018-05-18 01:06:11,2018-05-18 04:14:37,2018-05-21 19:15:00,2018-06-06 19:03:31,2018-06-22 00:00:00
f8f209528a1b97cc0fc2479c52af907b,72ed86652fd2f0e671437576d61d88a4,delivered,2017-02-24 13:26:16,2017-02-24 13:35:10,2017-03-20 15:25:11,2017-03-24 12:15:35,2017-03-17 00:00:00
dc448b07dcf70d4f397500af86b4601f,9ab65a974565ac3ec20b854c56f50fe7,delivered,2018-07-08 11:53:13,2018-07-08 12:05:49,2018-07-10 13:58:00,2018-07-11 19:08:26,2018-07-19 00:00:00
daaa1175302ea22f08aede6bd5bee8bf,a558c27e289c8e4e99cb82e7665ff009,delivered,2018-05-28 13:49:19,2018-05-30 02:32:16,2018-06-05 10:44:00,2018-06-13 16:58:27,2018-07-16 00:00:00
1314f9c897799df1cc402c6a2519d4be,ee6cdadbb68d01674830fc62447f64fa,delivered,2017-09-17 14:02:09,2017-09-19 03:44:22,2017-09-19 19:09:35,2017-09-28 20:12:22,2017-10-05 00:00:00
f48e36e6cb040456fccdc6b055be3ddc,78ac9be1727e63c5059b77925c92c7be,delivered,2018-06-07 16:45:11,2018-06-08 19:31:03,2018-06-11 14:59:00,2018-06-14 17:18:26,2018-06-25 00:00:00
3b714b1a7fdd3fa6787c2e5ecce9977a,8742cc27dcd49bff97e2b8d9f4e01663,delivered,2018-06-20 15:23:04,2018-06-20 15:40:37,2018-06-21 09:13:00,2018-06-27 00:03:48,2018-07-23 00:00:00
12546aaf14dc46dbdf45d8bf5dea4c60,94c00589c7550e31350908f68e97d488,delivered,2017-06-07 19:54:10,2017-06-08 20:02:33,2017-06-13 12:03:30,2017-06-23 10:53:27,2017-07-07 00:00:00
3c46c2117318cbd8541dda462f4df9f7,940474e02a07d83fb5d8ff6083783296,delivered,2017-12-14 11:46:03,2017-12-14 11:59:38,2017-12-15 22:10:08,2017-12-21 20:05:44,2018-01-11 00:00:00
5b4efc11db420f7c28f14d5bbbb56d35,7aa72f03b6c83301128a07cc30203855,delivered,2018-03-17 11:51:07,2018-03-17 12:09:03,2018-03-19 18:28:42,2018-04-05 20:46:28,2018-04-09 00:00:00
ed0a6265b5b0a292cd537214f401f1fc,71c7265705afd84d030d6adc3122d8dd,delivered,2018-04-18 21:58:08,2018-04-18 22:11:01,2018-04-19 18:36:23,2018-04-26 17:11:42,2018-05-11 00:00:00
c3b39606c48fa29506dbe170a4f54562,7ca97a8f748763692686642e9b617ff7,delivered,2018-08-14 18:08:59,2018-08-14 18:45:45,2018-08-16 11:32:00,2018-08-28 23:34:41,2018-09-03 00:00:00
2b607744e76f81e144b4fa66deefa142,f895f3b9b385180a2dc72f25181d45f8,delivered,2018-02-14 11:15:39,2018-02-14 11:30:24,2018-02-14 20:15:16,2018-02-16 19:32:58,2018-03-01 00:00:00
dc2c8a5df17efe1186987eb0433abfdc,15729f5e079831849be8cfaa304eb899,delivered,2017-03-14 09:15:31,2017-03-14 09:15:31,2017-03-14 12:45:54,2017-03-16 13:05:19,2017-03-31 00:00:00
ae95bfeceb712ea0089afa1897119ac5,ade6b3460647fa4d16f817c7fdb7ce12,delivered,2017-11-14 10:13:21,2017-11-14 10:27:13,2017-11-24 22:21:16,2017-12-21 18:52:43,2017-12-08 00:00:00
ba3d14eca4818e2e0c5968ab26883114,1222ae970047ba8ad59b8af5a7cbe8e5,delivered,2017-07-10 15:20:04,2017-07-10 15:35:11,2017-07-11 18:15:32,2017-07-18 21:15:57,2017-08-01 00:00:00
753c38d9df042e956e8309e532241087,6046521b096d1fc70805c2e7d7326dcd,delivered,2017-05-14 15:34:53,2017-05-16 03:42:41,2017-05-17 11:03:30,2017-06-05 12:10:26,2017-06-20 00:00:00
0a178d660889f4e9ef1087483fd6ce9d,2211b52267470b72aa8016238fe16972,delivered,2017-03-23 16:34:16,2017-03-23 16:43:35,2017-03-24 13:00:17,2017-03-28 19:08:04,2017-04-11 00:00:00
d6e320ab3eb91f810c2a3296998bdcc8,b7ccabb53ebd18101222865844cd4cdf,delivered,2017-11-01 22:07:33,2017-11-01 22:25:59,2017-11-04 09:12:11,2017-11-07 19:17:26,2017-11-14 00:00:00
09eedce5add123a462c46a3e0ade2dd9,9f6be05e886fa1fd2ef494672b435c6c,delivered,2017-05-01 19:07:03,2017-05-01 19:22:18,2017-05-04 04:44:51,2017-05-23 15:04:35,2017-05-31 00:00:00
adebb4dfc650b98f7c7e38bb11cb0aa9,36648b18906353abea5d060f554acb0e,delivered,2017-01-29 19:10:43,2017-01-29 19:31:46,2017-01-30 14:39:22,2017-02-03 14:23:59,2017-03-17 00:00:00
10c5f977f4a6040c985ff432dbc1e08e,30df2fd4f752dfca68a85991feac13af,delivered,2018-05-01 21:27:45,2018-05-02 14:42:48,2018-05-04 15:46:00,2018-05-11 23:14:46,2018-05-30 00:00:00
a3f586050d25a10efc72e242c88e0c03,c65ae477ba604b2520e3f8ecfa007a06,delivered,2018-08-01 10:06:24,2018-08-03 02:35:18,2018-08-03 12:28:00,2018-08-07 13:47:45,2018-08-09 00:00:00
d34c74f081e266474543cef1597b1e60,506ecd117e295d1d3059a6f5148d2f9c,delivered,2017-12-28 21:03:25,2017-12-28 21:27:56,2017-12-29 21:37:50,2018-01-05 20:37:47,2018-02-01 00:00:00
f0427cccb303a6d9c1d33af23a9f0c65,478017e895fad878b3b74d8d6dce1d22,delivered,2018-04-11 20:26:23,2018-04-11 20:50:44,2018-04-13 21:58:56,2018-04-27 20:22:47,2018-05-10 00:00:00
ce234859d0a65f93cc464a9c1424b5d7,c370c6989e3b1b80251e5ac83ca3cb58,delivered,2018-06-25 19:51:34,2018-06-27 08:30:13,2018-06-29 09:42:00,2018-07-03 21:46:44,2018-07-17 00:00:00
c07977513dd852f243fed5bdd4f04567,441e8f9ce668a66fc69c9026a92fa862,delivered,2017-12-10 18:26:04,2017-12-10 18:33:32,2017-12-13 16:44:33,2017-12-27 20:13:44,2018-01-09 00:00:00
3644a0f31cdec4bf8c4b7b9285a21c9b,3610c1f3ac5cfb96a72b822965fc8e19,delivered,2018-05-04 17:58:27,2018-05-04 18:16:12,2018-05-08 10:30:00,2018-05-14 13:43:43,2018-05-22 00:00:00
3a328e1340a59982235a158a25133cba,d86bc7648165e5ea4dc2350d3bb291f6,delivered,2018-07-21 01:22:16,2018-07-21 01:35:11,2018-07-23 14:32:00,2018-08-06 19:47:45,2018-08-02 00:00:00
9c0a26a4017f99d2c64f214fc104cc8b,4141d54aab56c4412b12a716b7cecb01,delivered,2018-02-02 13:42:23,2018-02-03 02:53:43,2018-02-07 20:18:57,2018-02-16 23:07:52,2018-03-08 00:00:00
6048965213d0e9e87381d8b78dc9f9fc,e39b38536d12c6e0f1edcf28dee134f2,delivered,2017-11-01 13:47:48,2017-11-01 14:31:32,2017-11-06 23:14:47,2017-11-16 17:56:54,2017-11-22 00:00:00
6ec0aac41766e0977d5e0216ecce4694,b8cee83a4e14667112aedc111654577d,delivered,2018-05-12 13:15:48,2018-05-13 13:11:56,2018-05-14 13:44:00,2018-05-23 19:32:20,2018-06-01 00:00:00
1a07bcd88f815b8098a7e112b3995323,303cd77319ef7c8b023153ca3d32ebd7,delivered,2018-04-17 09:55:21,2018-04-19 02:51:26,2018-04-20 19:22:28,2018-04-23 16:33:44,2018-05-04 00:00:00
c4a18d95e54468f1e418801052c7684a,323843df35acf725f17be8e3c427782d,delivered,2018-04-18 10:00:58,2018-04-18 10:15:18,2018-04-20 23:22:42,2018-05-02 14:56:34,2018-05-23 00:00:00
cbaf66d6d9fb1524c6971baf9a6ae267,48044bf0c49a151d97d109b8e3fc83e2,delivered,2018-05-09 19:30:22,2018-05-09 19:52:31,2018-05-10 12:56:00,2018-05-19 14:30:50,2018-06-07 00:00:00
3d6831b9ec6285ad1cd3b7a8f1cdf23e,6a3b51e0438c010467b78845a6ba7612,delivered,2017-03-14 00:57:37,2017-03-14 00:57:37,2017-03-15 08:58:18,2017-03-27 16:06:06,2017-04-17 00:00:00
cbf03abca6266fb36b6ddd1521839dba,9d6465c49e16234cd64bd0a7a27d0952,delivered,2017-08-31 14:16:15,2017-09-01 04:33:11,2017-09-01 16:18:07,2017-09-08 21:02:57,2017-09-22 00:00:00
6c9f98f87d36998da5fa865e86874816,3d315adacb2430ec7101214187b78f18,delivered,2018-02-07 22:59:03,2018-02-08 00:08:52,2018-02-08 23:38:41,2018-02-17 18:29:07,2018-02-23 00:00:00
4682ccc1cc6188dda05e841ad72bc5e8,afbc6182d564eba59eef474055f2bcdf,delivered,2017-11-28 17:12:53,2017-11-29 02:22:12,2017-12-04 20:37:08,2017-12-21 19:34:00,2018-01-03 00:00:00
d62bab5c91a792f0334cb97ec1e8e6fe,6e1b5a35fe781fdcb134c79e76bf857b,delivered,2017-05-20 12:47:35,2017-05-22 06:43:14,2017-05-22 11:04:54,2017-05-23 13:33:28,2017-06-02 00:00:00
7da5789072aa14cff7a42564283c6254,453b036c1075f7deb830bb6205468b94,delivered,2018-03-08 04:02:59,2018-03-08 04:15:26,2018-03-08 19:05:11,2018-03-20 20:42:16,2018-03-26 00:00:00
04f2e46bdb0ab9fb67a417100fb3ca71,ce8e936f636f55678640360ddaa0adea,delivered,2017-10-06 00:03:50,2017-10-10 04:14:47,2017-10-11 19:12:44,2017-10-18 21:15:48,2017-10-31 00:00:00
f5086e98ae53a54d0c55845e227d7db6,12124d576ae42436cb8c39b2623d6e5d,delivered,2017-04-10 10:56:03,2017-04-10 11:10:12,2017-04-20 09:07:39,2017-05-02 14:19:34,2017-05-10 00:00:00
edc13c926d0553c5c63666905a3adb6b,68de3e57ae340fc9a1c7cdcd6bc69d2d,delivered,2018-01-13 19:23:28,2018-01-13 19:30:51,2018-01-18 16:24:37,2018-01-29 18:58:34,2018-02-05 00:00:00
641260b6b13348c1853886a738a7f9b0,e343ad14711724b0fd9b239b534cf4f5,delivered,2017-10-29 22:02:15,2017-10-31 04:07:21,2017-10-31 16:51:35,2017-11-10 22:58:43,2017-11-23 00:00:00
17158b7ebb079668a6f21a5660ec6e83,f6181cf38d7a4b108b7d4ccfc72543ca,delivered,2018-02-04 19:54:07,2018-02-04 20:24:12,2018-02-06 01:04:06,2018-02-08 19:08:16,2018-03-06 00:00:00
59d51b78853d8f69413cee505d705ba1,e0fe9d1e023f3f10c25f47222273ccdb,delivered,2017-04-13 17:03:06,2017-04-13 17:15:18,2017-04-18 13:33:30,2017-04-19 13:47:05,2017-05-05 00:00:00
6ba06eb3610c318076f9f5c01afb34ef,2955d4a793cada2b9982e378e9e72f84,delivered,2017-10-27 13:27:52,2017-10-27 13:48:15,2017-10-30 23:03:38,2017-11-07 00:36:41,2017-11-10 00:00:00
b917c5ce4ed365664fa173c7fd457909,4b3cccf1f324abe3aecf89ef1ce2ce2e,delivered,2017-12-28 21:17:28,2017-12-28 21:29:23,2017-12-29 15:40:05,2018-01-13 14:42:25,2018-01-31 00:00:00
5446e615a50f372158d92b957361fecb,59d1d7190a730a2b36941b375fd676c3,delivered,2017-05-30 21:11:42,2017-05-30 21:25:15,2017-05-31 15:15:04,2017-06-04 12:15:34,2017-06-20 00:00:00
0410fab6a2d13d2339283e1e2522518f,e7ac1a214498dd63097ab1c73d67c5d3,delivered,2018-04-10 14:38:47,2018-04-10 14:51:12,2018-04-11 22:28:23,2018-04-17 20:22:16,2018-05-03 00:00:00
e2244e42c2d85b8e677c622dea93cd78,4376bf84d8dc27a1b811ee03a0ef7cca,delivered,2017-12-12 22:34:39,2017-12-12 22:50:53,2017-12-13 21:32:30,2018-01-13 16:21:49,2018-01-11 00:00:00
3f6509ff22303ff04b9bf1b2c8bf69c6,496a97eab481772b61371ad4f2d392c0,canceled,2018-08-13 19:21:19,,,,2018-08-17 00:00:00
dd92d702f2b2b89c7c6081d06fb2f47d,86cb1b7a59fdb704d86d23465362ccfe,delivered,2017-11-28 15:39:03,2017-11-28 16:02:34,2017-11-29 23:09:10,2017-11-30 19:58:24,2017-12-12 00:00:00
5e764e58bf508a75846821d328714583,7a64c18ffb58f65aecd1d238aac34344,delivered,2018-03-31 12:45:36,2018-04-02 14:30:56,2018-04-04 02:19:06,2018-04-09 18:20:43,2018-04-24 00:00:00
ae1b74852cc27655e3ed078bbe0a6bba,fe4cd49a6a118fc3d433903c6b3187b1,delivered,2017-08-29 08:42:43,2017-08-30 02:24:21,2017-08-30 21:26:58,2017-09-11 21:57:32,2017-09-19 00:00:00
68f238efe64d771f8529c4689219e854,b2946e552dff75e17fed826a39dfbd90,delivered,2018-08-15 12:24:08,2018-08-16 19:29:36,2018-08-22 14:04:00,2018-08-23 19:45:50,2018-08-28 00:00:00
52f8ac328cbc9bdeac9bc1b3dc3932ed,8f5960ce9ff2bc0e6f234d3cb35edd30,delivered,2017-04-04 16:36:42,2017-04-04 16:50:12,2017-04-13 17:29:57,2017-04-19 13:24:56,2017-05-03 00:00:00
71e04ce93a0da9e3e05c2f488c26bd91,3a8d5ed2ce3dea98d9fe2744cca85212,delivered,2018-01-25 22:21:42,2018-01-25 22:32:28,2018-01-26 20:12:57,2018-02-06 18:26:35,2018-02-23 00:00:00
4cc418bdcd7526b0503749a8026509f9,6b812afcc3453ae8a74ad4fe434ef393,delivered,2018-01-27 19:13:48,2018-01-27 19:30:47,2018-01-31 18:58:05,2018-02-09 22:58:38,2018-03-02 00:00:00
cb3ee452f223a59cfedcfdc6c6edd21c,f5cc726b2d4234429d75f8296a78dbff,delivered,2017-06-07 04:53:18,2017-06-07 05:05:06,2017-06-07 12:36:52,2017-06-19 17:15:58,2017-07-04 00:00:00
ce95c6a5dcd0106c6e367ff72f7e6e8b,53f2a9b50c804fe6d4b4cffdc066ee7a,delivered,2017-05-24 23:20:57,2017-05-24 23:30:17,2017-05-25 10:39:22,2017-05-30 14:24:36,2017-06-13 00:00:00
069448c08929653f9280f77f9d746ee1,7e2408312a141732fa53a2b6e7dd81d1,delivered,2018-06-29 16:34:07,2018-06-29 16:51:31,2018-07-04 14:50:00,2018-07-06 16:58:35,2018-07-24 00:00:00
293195bcdbd978c21b548c48185374a7,0e376962430a991d42ab484e13be6e8a,delivered,2017-09-19 16:02:05,2017-09-19 16:10:18,2017-09-20 18:53:28,2017-09-22 14:04:42,2017-10-05 00:00:00
d572a6599cdf43e5635e73d8b71efc65,c1a6465e411652c0b17eec94d6b3699a,delivered,2017-12-17 11:57:56,2017-12-17 12:10:13,2017-12-19 14:12:55,2018-01-17 22:42:24,2018-01-29 00:00:00
c9850ddef84ecbf5cbe2c3f4aef7ab6b,fdc56d367c0c7399e18dfd4d0baf7e6f,delivered,2018-01-08 17:01:29,2018-01-08 17:11:50,2018-01-10 00:15:11,2018-01-19 22:15:35,2018-02-05 00:00:00
762a7b629bb1c6b72ee7f71f72ce3fbd,a8dc0fdd2cb87f86c0373cfd62c621bb,delivered,2017-08-03 15:35:04,2017-08-03 16:35:15,2017-08-08 18:32:20,2017-08-09 16:41:42,2017-08-16 00:00:00
054c0efb53bb68011a58b28d34cf04a3,154907344d231ce6f9e716b698c8c772,delivered,2017-08-12 19:07:37,2017-08-12 19:23:33,2017-08-15 13:26:31,2017-08-24 22:22:04,2017-09-11 00:00:00
a6afa7362f8ec053b0b61cdc8f1c8b25,b2b363be24ab9e279950e7f031ed1d7f,delivered,2017-07-23 22:30:24,2017-07-25 03:45:24,2017-07-26 19:57:55,2017-07-31 18:17:44,2017-08-15 00:00:00
2d5b9f995250ca7846c437a641ed99aa,b46ef19c4324504590ea4047e274e398,delivered,2018-06-29 11:26:32,2018-06-29 11:51:20,2018-06-29 14:58:00,2018-07-03 19:36:56,2018-08-06 00:00:00
e2e6ee1ed2d7f2f36b05d234983bd7a0,20a92c393edb6c08801eef97295257f7,delivered,2018-07-28 13:14:57,2018-07-30 09:50:20,2018-08-01 15:24:00,2018-08-09 00:21:10,2018-08-17 00:00:00
9fe00e9962846aa199d29a3c3d086afd,9f3071915ea998eeacd0137dad790cdc,delivered,2018-05-17 22:00:54,2018-05-18 03:16:06,2018-05-18 15:14:00,2018-06-09 00:38:34,2018-06-06 00:00:00
6aeda8ba5566fca8c69d83795b172e2d,b6bd4e365324b11b1b4f02fd5d045e9a,delivered,2017-11-28 15:30:11,2017-11-28 15:36:26,2017-11-29 18:32:35,2017-12-28 18:54:03,2018-01-04 00:00:00
4b42f2dc682eee98b86ceee2fd9876d9,48ed72c06c7dc2e62bb78ce1442f2f1d,delivered,2017-03-07 22:16:57,2017-03-09 02:51:12,2017-03-09 13:22:02,2017-03-21 11:48:36,2017-04-10 00:00:00
deeed712c83b155989e7ccf569ecc9c3,c8dccace60dc560b29bbe1385a7d1c91,delivered,2018-06-06 09:16:45,2018-06-06 09:34:17,2018-06-08 13:23:00,2018-06-14 00:56:34,2018-07-16 00:00:00
64e7e99b049c3cdd89c7fa89dc162154,6f1df6f57a5f3aee951069881adf2cb7,delivered,2017-11-28 21:12:36,2017-11-30 02:26:51,2017-12-04 20:09:15,2018-01-05 17:10:02,2017-12-21 00:00:00
6ec56173121c5972d0fd631f0f084d93,225b0cb5e7de0a208bf0c296fcff7bbc,delivered,2018-07-15 10:24:22,2018-07-15 10:35:15,2018-07-19 15:01:00,2018-07-28 01:22:26,2018-08-08 00:00:00
cbb4b95668ae591cf274d3370d94bec7,44ea5d2114b209b971e82bf7386587ba,delivered,2017-04-06 12:14:15,2017-04-06 13:05:37,2017-04-06 15:16:19,2017-04-10 12:20:11,2017-05-05 00:00:00
472da07b7704c63a67ef872b922ab5c3,b8f57f509253c23aef16ac93558a04e7,delivered,2017-10-05 14:20:29,2017-10-05 16:49:16,2017-10-06 11:57:10,2017-10-10 17:54:14,2017-10-30 00:00:00
ac3de6d7b9ec81af1efc301be217be81,d4e2a66624eecf6b093607d3263f9d07,delivered,2018-06-15 14:24:50,2018-06-18 11:15:50,2018-06-19 10:16:00,2018-06-25 18:38:44,2018-07-13 00:00:00
290d9d5867e1032867562e8553bbed4b,5820f27d2f97a96c7c57219ef1adc5e6,delivered,2018-04-06 22:08:56,2018-04-06 22:29:07,2018-04-11 18:28:31,2018-04-27 18:34:47,2018-05-14 00:00:00
aeaf2bf4d5560c9cb99fa0d61adc0ae0,aec8714e858d57cbd3ce1be905ec2477,delivered,2017-06-12 11:51:18,2017-06-12 13:06:44,2017-06-19 19:59:21,2017-06-24 10:37:37,2017-07-05 00:00:00
33ab0cb68dc067249bec9f7360d03d88,53f9633c96f82ba164facdf5aba622ec,delivered,2017-07-18 16:55:05,2017-07-19 17:10:16,2017-07-20 19:26:41,2017-07-25 19:21:33,2017-08-09 00:00:00
186f1bcd133540f30b81866e159ea4c1,846741fb0413457474edce5effc2d9d7,delivered,2018-03-23 20:55:24,2018-03-24 20:50:39,2018-03-26 20:33:04,2018-04-12 21:22:42,2018-04-17 00:00:00
e5733d3b62d5801dc002212d48f5cd89,ecdc08c51f6d63e91243f052db3a5bae,delivered,2017-03-05 16:07:37,2017-03-05 16:15:22,2017-03-06 09:09:42,2017-03-16 09:21:37,2017-04-06 00:00:00
b448af855d1372c2e0375fbea27782dd,2915dfa6fb1156ca22ee847e6954759b,delivered,2018-06-11 11:48:08,2018-06-12 04:57:16,2018-06-15 14:07:00,2018-06-18 19:31:56,2018-07-03 00:00:00
f436f6d14054239efee21f9df0605039,5e2887d4b14ef6fda88a614e8eb36e7a,delivered,2017-11-05 17:33:45,2017-11-05 17:46:34,2017-11-09 14:27:43,2017-11-21 18:28:24,2017-11-29 00:00:00
2bc68e526b27d2a28478a963d0ea2d56,ab90b458e3b80fa071ad72e10a69ebd8,delivered,2017-08-09 18:38:28,2017-08-09 18:50:10,2017-08-10 17:37:57,2017-08-11 20:26:02,2017-08-22 00:00:00
478e6ea13625ffcbd107d95b614d79b1,22497c3161ff79226e38aa602f7e18df,delivered,2017-11-27 23:28:41,2017-11-29 02:17:20,2017-12-01 19:32:49,2017-12-05 10:07:05,2017-12-14 00:00:00
bfa6db3b1ea85796d80dabdfd83b9d40,c11fa7875b229cc8087f67a0c3bfa230,delivered,2018-07-03 14:01:13,2018-07-05 16:20:09,2018-07-05 14:59:00,2018-07-09 21:11:58,2018-07-25 00:00:00
2f469266d0a5336ac76d2068ef1c9f2f,0db9b4f8754fec9bfd4c139fb2d1e320,delivered,2018-07-30 09:52:40,2018-07-30 10:05:10,2018-08-01 07:07:00,2018-08-13 18:08:49,2018-08-17 00:00:00
a083f47f545711fc05940d0be7f5ca38,51b633e4aba90ffc11aae5c2d8e3ec6e,delivered,2018-07-11 20:58:57,2018-07-11 21:10:15,2018-07-13 15:00:00,2018-07-23 18:15:36,2018-08-03 00:00:00
e93662c430b438b8bd5d1bd6e35480a7,97855fbda573a7741b13449d49a209ce,delivered,2018-01-30 16:35:30,2018-01-30 16:55:59,2018-02-02 11:48:51,2018-02-22 12:46:50,2018-03-07 00:00:00
d9e882686a56edc2560a4983f10daddb,455798f3557656a3133b2e6734f45ddf,delivered,2018-06-11 13:47:19,2018-06-11 14:49:29,2018-06-12 14:48:00,2018-06-21 15:42:56,2018-07-11 00:00:00
e1cce1b92d11a7a2edd0cbcb4de05aa5,a1afc1a6763024c94654daff0d4f4040,delivered,2017-07-04 23:59:54,2017-07-06 03:23:40,2017-07-06 11:57:41,2017-07-18 10:57:42,2017-08-02 00:00:00
a811439b19bb6909ef492b5840fada1b,746ae9c9d515e99019d25a6ddfaf1ccc,delivered,2018-04-16 00:26:35,2018-04-18 02:31:54,2018-04-19 16:03:59,2018-04-26 15:46:53,2018-05-14 00:00:00
4304427fe7ea1d3eac77a9ee46541374,32f87d05c09b7655e332323aebd9134e,delivered,2017-06-12 19:32:04,2017-06-12 19:45:21,2017-06-13 12:31:33,2017-06-14 14:26:57,2017-06-26 00:00:00
439afa2b3126bff920c9e34798c5d148,afcccdc6ee50bf89131f9efb8ab99ece,delivered,2017-11-21 17:15:10,2017-11-22 17:19:28,2017-11-23 21:16:50,2017-11-28 20:26:42,2017-12-08 00:00:00
cfd0882d46442939d8457d3508170953,bfb81194b28f60009f9fd8778747ff04,delivered,2018-02-06 21:36:16,2018-02-06 21:50:38,2018-02-07 23:34:05,2018-02-23 18:29:50,2018-03-12 00:00:00
f751ec155a1b03010e9ab382099e3d66,dd67415902397e79f31a781053707370,delivered,2017-10-08 09:48:47,2017-10-08 09:56:17,2017-10-09 19:33:43,2017-10-26 19:43:36,2017-11-13 00:00:00
a4d7caf7570d02134caf5b8425c515d8,7fc192d50259bfdeea71c5314d5b3f0d,delivered,2018-08-25 11:58:19,2018-08-25 12:15:14,2018-08-27 15:27:00,2018-08-29 18:17:44,2018-08-31 00:00:00
3e654c7f3c4a852f6b18cede3015ea0d,15968abc40e20338dd5bd434c8b0ce5a,delivered,2018-03-13 09:03:58,2018-03-13 09:15:32,2018-03-14 00:57:36,2018-03-16 19:41:49,2018-04-09 00:00:00
11549ca0becdf3c4f97ccdcf5407fc10,6b67557543ed930f8339ecb7edb34233,delivered,2017-11-25 19:25:35,2017-11-25 19:35:20,2017-11-28 22:28:29,2017-12-19 17:52:26,2017-12-21 00:00:00
93b5040a72c98334f61ea91b39165e95,06c02121d99b9b0f03afa31d5d2d305f,delivered,2017-11-27 23:23:49,2017-11-27 23:37:44,2017-11-28 18:43:46,2017-12-04 18:21:34,2017-12-13 00:00:00
dc8a41c3b06bd915d57fcd0e89973744,90c5c0ff339811cdbf13a8a618821c68,delivered,2017-10-04 11:26:24,2017-10-04 11:40:17,2017-10-05 19:48:03,2017-10-10 19:43:55,2017-10-30 00:00:00
e0b3f7f3d068cffc29d9dfc97fecd016,af31ca29fb4190a0b56304428dbe90a9,delivered,2017-09-12 16:47:41,2017-09-13 03:25:20,2017-09-13 21:41:47,2017-09-25 21:21:40,2017-10-06 00:00:00
7d3636cf3c3e12cd619c2ba47773c24f,d1f032b04e9f3644c7c20df464ad1a3a,delivered,2017-12-17 14:06:27,2017-12-19 09:50:55,2017-12-20 17:57:07,2018-01-16 18:56:59,2018-01-15 00:00:00
4a4bf6614444d2e3a7c20a87106ddc97,b7979573fc659753dd89544e555643bd,delivered,2017-11-30 15:42:04,2017-12-02 02:37:17,2017-12-13 20:14:22,2017-12-27 17:19:27,2017-12-22 00:00:00
ba4de00b613fe6fce59f7c7d81e49056,76964a619f0023a78ae3d35c5a5f5a6a,delivered,2018-07-25 18:48:28,2018-07-25 19:04:20,2018-07-26 09:33:00,2018-07-31 19:54:40,2018-08-09 00:00:00
86aac59946aefa2672ebf7d495980b27,057e4c89062122b06e32f9e0177fdb4c,delivered,2017-04-22 20:56:22,2017-04-22 21:05:17,2017-04-27 15:47:08,2017-05-08 13:48:54,2017-05-24 00:00:00
63b307ab04c077f83a3daf81ec78cf95,1fc1c90ea86cf0ab56bfb6e442245e7a,delivered,2018-08-02 12:05:38,2018-08-02 13:04:18,2018-08-08 08:13:00,2018-08-13 18:43:49,2018-08-31 00:00:00
358f2c82a4ceca74fc047a5f9f16257d,3ad9579dc1a48a1f7cbf8c4ff7205202,delivered,2017-04-24 15:16:43,2017-04-24 15:25:20,2017-04-25 12:42:41,2017-05-06 08:33:56,2017-05-12 00:00:00
bf11eca40b14cb59b17fe061d025c8a3,a24ed4d8160dc994bbe67b3fc741bbb6,delivered,2018-01-26 14:21:17,2018-01-26 14:34:13,2018-01-29 18:27:00,2018-02-05 23:52:46,2018-02-22 00:00:00
b6238a76012ed88aec12a5a12f9f5795,4c1a17f87a4dca933ba6ea42d1cd5aba,delivered,2018-07-09 16:08:36,2018-07-09 16:25:13,2018-07-10 14:09:00,2018-07-11 19:37:43,2018-07-23 00:00:00
c5222412ad9d123721c453c7c21a6cfa,fc6771f85d06ca10aa6ca631fac4699b,delivered,2017-06-16 15:17:31,2017-06-16 15:31:16,2017-06-19 14:27:42,2017-09-06 18:36:25,2017-07-18 00:00:00
2c476f0148a99ce31bffe7659e5aaf4d,aff0c0e7798a7fef6652d453c0121eb0,delivered,2017-04-11 15:22:25,2017-04-13 02:42:35,2017-04-13 10:36:15,2017-05-11 09:24:00,2017-05-15 00:00:00
05dc8285104a0f76f6e8d6b2ff9417b2,608504ddaf7e677eec291b124ab24093,delivered,2018-08-24 13:38:56,2018-08-24 13:50:21,2018-08-27 14:11:00,2018-08-28 19:46:36,2018-09-05 00:00:00
c77d0e8e29a6fd73d473b31e269a7295,de8187762d3cad2226ccc0d7092a463c,delivered,2017-06-06 10:19:06,2017-06-06 10:30:19,2017-06-09 14:11:25,2017-06-14 14:02:37,2017-06-27 00:00:00
a707874e5cdbc85cc3c63f60f28a413a,11e7a370c4d19f21d7ae57faf77099fc,delivered,2018-04-02 20:52:06,2018-04-02 21:09:31,2018-04-04 22:22:14,2018-04-09 21:06:41,2018-04-18 00:00:00
2c217414cb3f31ad5de0aedf01aa91c3,34f55b48de27c30f57a23aaa7b585ef4,delivered,2018-04-03 16:46:18,2018-04-04 16:49:51,2018-04-05 18:05:27,2018-04-26 18:08:47,2018-05-02 00:00:00
3e525509a51c670ba1386ba88ac9ab6a,04c7bc4cc351fcdcf95e0beea777088f,delivered,2018-05-26 14:19:39,2018-05-26 14:31:07,2018-05-29 13:25:00,2018-06-08 20:37:52,2018-06-28 00:00:00
810f22c9d640f959cfaddb6c05be5504,5c5900f95b97a43ce03452532b9ac643,delivered,2017-07-08 12:31:36,2017-07-08 12:43:06,2017-07-13 13:51:46,2017-07-24 20:33:00,2017-08-03 00:00:00
e8d766b30a09fa62922aec00c6fecc85,8bd4a71f026b8b9c1d1cbd23c9b0827c,processing,2017-01-24 21:24:34,2017-01-24 21:31:44,,,2017-03-07 00:00:00
9b9d058e7c87ecf74ee618c7361b387c,fcdfb1e9e79363aaecd65e096d0a6b74,delivered,2018-01-30 10:48:21,2018-01-30 11:15:42,2018-01-31 22:43:32,2018-02-17 11:56:29,2018-03-01 00:00:00
6798f9878ff9d53eb20c517a8a13ed44,f95a88c152cc3320d2e6ab9efb9cc90c,delivered,2017-04-05 23:29:55,2017-04-05 23:42:47,2017-04-06 11:38:37,2017-04-11 14:42:17,2017-04-28 00:00:00
7f2f85c505ae0a210577c5c65ad4e65b,e6919f6d85ec1ae033f09cf1013afec6,delivered,2017-06-05 13:15:29,2017-06-06 06:35:17,2017-06-06 15:24:35,2017-06-27 11:03:24,2017-06-28 00:00:00
94003a7c90fbc4639d3e809967223fb7,bc11b964ed7f78a3271c903c50266986,delivered,2017-11-23 21:46:09,2017-11-23 22:07:51,2017-11-27 18:07:12,2017-12-11 15:21:50,2017-12-20 00:00:00
47689e1278494cce8946914ea3a7ccab,2e2bead49a3de15b31c5213fbcef6cd8,delivered,2018-02-03 23:57:51,2018-02-04 00:10:40,2018-02-07 15:13:18,2018-02-14 20:41:26,2018-02-23 00:00:00
fe7d49cdcf690228d8d476caf24ef2d5,ac095f2531fd7e51e9adeba9eaf11f3b,delivered,2018-01-17 17:03:23,2018-01-18 02:12:36,2018-01-19 19:59:09,2018-01-22 16:22:07,2018-02-02 00:00:00
524802fb3df670ef6612573f2d434b10,a98cfcccf172712d8b2ea5eb36f45965,delivered,2018-07-26 18:59:43,2018-07-27 18:55:17,2018-07-30 08:04:00,2018-08-07 22:48:50,2018-08-17 00:00:00
71f3711def0641f613b693af7bf61083,18eb70a38a00f5203e6449011e998840,delivered,2017-10-02 13:45:58,2017-10-04 03:04:13,2017-10-05 15:53:59,2017-10-27 19:22:03,2017-11-01 00:00:00
59093e9d4ab91f46ff314e966e4268c1,80242677269637e364586259ccc5558f,shipped,2017-02-10 11:46:44,2017-02-10 11:55:15,2017-02-10 14:30:17,,2017-03-14 00:00:00
d2770dbce4d20823d78de14f7f2a6277,a7e5291d821f4afc5754d432c358fe84,delivered,2018-01-22 22:35:09,2018-01-22 22:55:36,2018-01-24 01:57:25,2018-01-31 19:27:54,2018-02-16 00:00:00
b34767f5b03b895eba13d49665984cb3,3f0f5ce81e678837acb15eb66f8f90d4,delivered,2018-02-28 22:24:40,2018-03-01 02:48:56,2018-03-02 01:17:57,2018-03-03 01:15:40,2018-03-13 00:00:00
53f1a0f9f533c37005dfe8547756a1af,c25d5f7876f3e6b0f9069c11b0708b93,delivered,2018-02-13 08:40:33,2018-02-13 08:50:29,2018-02-17 00:33:14,2018-02-23 23:22:23,2018-03-15 00:00:00
bb4d8ed5280b97e5b48ce0051e664178,b2288e8bd8bf77628963aa8a0a7790c9,delivered,2018-06-03 13:31:36,2018-06-03 13:51:14,2018-06-04 11:27:00,2018-06-08 19:20:41,2018-07-11 00:00:00
f5510156179c05fec1dd3898b39c565a,c4166fa5a9cd64927a4e585208673fee,delivered,2018-04-29 18:49:55,2018-04-29 19:10:20,2018-05-02 12:20:00,2018-05-08 22:52:28,2018-05-18 00:00:00
1823483895a111ad1b46e1c7e3cb7c81,a4f62308cb3b14b2d96d0df26b8f00a9,delivered,2018-05-16 08:41:37,2018-05-16 08:55:32,2018-05-21 13:08:00,2018-06-07 21:26:40,2018-06-11 00:00:00
1dfc284468e80b96e18103668871f465,36ca42c46926ac2cf4153c58fa9610f5,delivered,2017-04-24 23:02:22,2017-04-26 09:36:47,2017-04-26 13:41:56,2017-05-12 10:03:40,2017-05-15 00:00:00
b07680c80c64e1f1ca41d4337b5e773a,9b4f57a8bb053fe5b95db4a7d30958cf,delivered,2018-03-13 13:01:46,2018-03-13 13:15:29,2018-03-16 20:22:08,2018-04-23 18:34:27,2018-04-10 00:00:00
e01da7de6a8e16f140e7ffae14973d16,c63e665aabad5f5dbd0baab40c326fda,delivered,2018-03-09 15:38:43,2018-03-09 16:49:54,2018-03-12 23:14:47,2018-03-17 17:28:45,2018-04-05 00:00:00
ec8a9ec23f177510b53f3a63ed4f30db,2884053414d91862544a6cbc02b26b63,delivered,2018-02-23 17:28:06,2018-02-23 17:49:27,2018-02-26 21:59:53,2018-03-21 21:16:40,2018-03-27 00:00:00
88c2f1df68b3360d2a6c71cf40941035,40c7d331b8bc09ef3ec363e115ed2691,delivered,2017-07-24 17:27:26,2017-07-24 17:43:36,2017-07-25 14:49:40,2017-08-01 14:30:07,2017-08-23 00:00:00
a3ed04e61d69f848fe6fbc4c904d497c,b9e638a669b54b921ff08dc261cc173c,delivered,2017-07-06 17:30:40,2017-07-06 17:45:16,2017-07-07 18:39:36,2017-07-10 19:52:17,2017-07-26 00:00:00
ed456446aba091a9bc94823a702b262f,0eb9ab145cd874dd2cd5053dc6f6909e,delivered,2017-06-19 08:35:25,2017-06-19 08:45:10,2017-06-19 13:49:44,2017-06-27 10:32:04,2017-07-13 00:00:00
40dabf04200fba9e723d40d5778c2607,b115289c6d87919f75818000a658c14a,delivered,2018-03-07 18:32:33,2018-03-09 06:30:27,2018-03-09 21:06:25,2018-04-18 01:51:22,2018-04-12 00:00:00
c86cfa96924b46157a36d72bfb543e55,92b9f93c9c41ef4138da909f336fea48,delivered,2018-05-14 15:19:02,2018-05-14 15:33:35,2018-05-14 16:44:00,2018-05-21 12:44:58,2018-06-04 00:00:00
916be5eed428af45e462f039ef65ca24,5d51e1af408cef36611d1ea5d81802a9,delivered,2018-05-13 19:36:59,2018-05-13 19:52:48,2018-05-15 10:27:00,2018-05-19 13:14:28,2018-05-29 00:00:00
bd9eab44494104736e6edeb1bbce8e35,5e0f1d6c882d0ee56ba83e931480b0a2,delivered,2017-05-24 01:10:22,2017-05-25 13:05:21,2017-05-25 13:28:46,2017-05-30 08:42:17,2017-06-06 00:00:00
18956b40b774d6384c8539cd61784bd7,6f788a9e0402a953730e5ac491046371,delivered,2018-06-11 16:18:58,2018-06-13 02:59:29,2018-06-14 06:06:00,2018-06-21 19:46:21,2018-07-05 00:00:00
a6e7a9c6f4effc360a418d5bba41ba03,e3e3ba1f68d80797b4936578d0154539,delivered,2018-07-09 18:54:52,2018-07-09 19:15:10,2018-07-10 13:49:00,2018-07-11 16:45:49,2018-07-19 00:00:00
709aa9888718ec2b9b285f55fbf0c528,eeee40dec524e63487b700b539b637d4,delivered,2018-02-23 14:49:38,2018-02-23 15:16:08,2018-02-27 17:44:26,2018-03-12 13:58:25,2018-03-15 00:00:00
d52567da8869433ef71cdc3aa0c6e0eb,614230393f56c98998e8a46c8532e456,delivered,2017-05-19 23:08:38,2017-05-19 23:15:15,2017-05-22 10:03:01,2017-05-31 11:25:10,2017-06-12 00:00:00
2d31315ad8289e1e63c8451715e80306,d561b165e65a10cc1e1b0540793d9765,unavailable,2017-09-07 13:52:34,2017-09-09 04:45:54,,,2017-09-26 00:00:00
65aaaecdf5e260dac331f607d272278c,d99a3c9547e0b00f07d2bfd684bbbf11,delivered,2018-02-19 18:49:41,2018-02-20 18:47:47,2018-02-21 20:29:52,2018-02-27 20:38:08,2018-03-09 00:00:00
657d6ab783018d32016fd49494d5cf4e,2c89426c1059e6f2e74d4fc51575b7b8,delivered,2018-04-17 11:19:02,2018-04-17 12:30:05,2018-04-18 16:56:47,2018-04-25 16:40:56,2018-05-11 00:00:00
248deaf17cc9c8619b300bc14a6044c9,37fabcd441dba986055c4d49066f3757,delivered,2018-03-31 12:12:49,2018-04-03 05:50:26,2018-04-04 17:26:32,2018-04-05 18:42:37,2018-04-16 00:00:00
4b69ca00ac2b228704047b621a7f4746,ac833a9d8fbce76f717b24f39076b4ec,delivered,2018-03-15 15:04:06,2018-03-15 15:15:45,2018-03-20 01:38:24,2018-04-10 17:02:49,2018-04-09 00:00:00
6d46c95c090a478e52c89008e729bea2,f9e72da9f16faf18d67d4912fae366e0,delivered,2018-08-05 13:47:14,2018-08-05 13:55:22,2018-08-06 16:05:00,2018-08-13 19:14:53,2018-08-21 00:00:00
04bc36cd51141e11c2cbbd188b6e47ca,ab421b93f847af0ef7301421bb36da5e,delivered,2016-10-08 20:28:48,2016-10-09 14:35:21,2016-10-13 14:35:21,2016-10-16 15:35:21,2016-12-02 00:00:00
d5cae76a3a1157f7947579bf8ae13f18,4fa46009da47af602ccafa5acbc6d49b,delivered,2017-05-27 20:56:03,2017-05-27 21:05:16,2017-05-31 08:22:17,2017-06-02 13:49:08,2017-06-21 00:00:00
a66397efa897519d15d2a83199d4cc45,0874e3387db50f10269e150a652869dd,delivered,2018-02-25 12:39:45,2018-02-27 04:31:07,2018-02-27 23:12:12,2018-03-09 22:11:49,2018-03-21 00:00:00
96a8d065c3f2dbde8c6ff7fae00a2f35,42808481d800a84a8cf647ef8838c6cb,delivered,2018-05-28 11:02:23,2018-05-28 11:15:21,2018-05-28 13:57:00,2018-05-29 18:08:52,2018-06-13 00:00:00
9cb69ff0cd93cb4624576397135d5b52,a0d0f143ec544decb5a92d18f6bf79f9,delivered,2018-07-21 07:47:04,2018-07-21 07:55:09,2018-07-23 14:30:00,2018-07-30 14:23:40,2018-08-14 00:00:00
82f29ec26f706651b906acc60ba4ab72,53e7d67eeb84c9b9c79929c6de3d1612,delivered,2018-02-09 16:49:44,2018-02-10 16:47:49,2018-02-16 02:51:39,2018-03-03 01:32:37,2018-03-06 00:00:00
7d29edfaada15e651ba22a5cab65b61c,42c73f6fb9c46216dcf705cce9cc7dd7,delivered,2018-01-29 22:45:12,2018-01-29 22:55:26,2018-01-31 21:32:20,2018-02-10 12:14:59,2018-02-23 00:00:00
e13177c5e11c2a87dcfd3e87529664cc,75e321797c931fcef503460701871c3d,delivered,2017-03-24 22:44:15,2017-03-24 22:55:16,2017-03-30 16:19:53,2017-04-04 13:55:55,2017-04-28 00:00:00
062bddc5be851fec2b59598cc33498cd,9a2dd61cc19001c3ace30736bb37b2cb,delivered,2018-05-07 20:22:07,2018-05-07 20:35:27,2018-05-08 12:53:00,2018-05-15 21:09:05,2018-05-28 00:00:00
2cc3c6f1d89338c78360e079513f99d2,a2e06de8ad22fedc67e7c25a21f70355,delivered,2018-08-04 11:23:11,2018-08-04 11:35:17,2018-08-06 14:07:00,2018-08-09 19:43:32,2018-08-20 00:00:00
3aba1edcd69ec930c8c006a5e9f0854c,07f4f332124614adcc64d2d0429f5fcb,delivered,2018-04-24 13:21:26,2018-04-24 17:28:38,2018-04-25 15:33:00,2018-05-12 14:03:32,2018-05-28 00:00:00
42187cae0bc6e0829886d8131b4c4864,b284e1052e6386e2fae8af6ab3f0215a,delivered,2018-08-06 20:27:28,2018-08-07 20:25:07,2018-08-08 07:44:00,2018-08-14 18:36:35,2018-08-21 00:00:00
840112365be338b61d43f776e94b7068,ae3fcb88644f6583f941c264bea31b1b,delivered,2017-11-06 12:41:01,2017-11-08 03:50:25,2017-11-09 18:23:49,2017-11-21 23:18:55,2017-11-27 00:00:00
9fab0f942fae1cf572b2ae5d159be064,d98354cf5261fc66d1d848a24d6650a0,delivered,2017-10-09 11:13:00,2017-10-10 04:05:28,2017-10-11 19:57:48,2017-10-16 19:43:42,2017-11-08 00:00:00
4bcbf495ab204cfc6d9f6541f4fcceec,1931c0d89db7b0a6a696b44bc84b15ad,delivered,2018-03-07 18:38:51,2018-03-07 19:20:23,2018-03-13 19:42:06,2018-03-20 20:36:26,2018-03-23 00:00:00
2a3e60ce1465b6fd5a3702e28871fd70,ec8f5bca72f4ef30971298e5c1a7a8c4,delivered,2018-02-09 10:53:13,2018-02-10 02:35:45,2018-02-15 23:13:14,2018-02-21 00:39:00,2018-03-12 00:00:00
fe9a7e2176f05d248141c7d1493f19bb,b71118b9a56b7671a08f7d317fe361c5,delivered,2018-02-08 20:12:55,2018-02-08 20:29:07,2018-02-19 10:29:13,2018-02-24 00:47:23,2018-03-02 00:00:00
ad9bcd26dc9183d66b36db87ffc26904,23451e6d4d21c9cdcfa7677e95ac53d8,delivered,2017-04-01 17:31:42,2017-04-01 17:42:43,2017-04-11 07:43:52,2017-04-20 08:43:19,2017-04-27 00:00:00
18cdeae7a1be6702546e3d83e5186748,96cf3e61d7cef93a23c282b589acc1f3,delivered,2017-03-11 11:33:13,2017-03-11 11:33:13,2017-03-14 12:34:17,2017-03-28 13:52:36,2017-04-05 00:00:00
80c86e92eef37052119cf0e9a402000a,4f0e61854cebd81bf24298cea5d99a7d,delivered,2017-10-01 00:03:33,2017-10-03 04:04:38,2017-10-04 12:14:37,2017-10-06 18:26:36,2017-10-18 00:00:00
12a354dc524e4fbe8b97dc45cf53a504,c4bf458dae937bd525aaf805801662a2,delivered,2017-10-10 16:06:30,2017-10-10 16:30:51,2017-10-11 20:25:36,2017-10-17 20:11:52,2017-10-23 00:00:00
b52185e6e0ed90dfd581faba787dca8e,94a78f781827c6503da8b734ebb511d7,delivered,2017-10-31 20:58:58,2017-10-31 21:15:17,2017-11-03 20:30:00,2017-11-07 20:46:55,2017-11-17 00:00:00
a6c173f716aac4c915299b74fb4e0b10,002f90a6eb386bc43bc9ba200db31a89,delivered,2017-06-15 23:59:20,2017-06-16 00:55:21,2017-06-16 13:49:35,2017-06-23 12:57:41,2017-07-12 00:00:00
195aef69980a745473d3fa7be3523f58,418d6e2ac79a4d0c97a9bf1eade596ef,delivered,2017-09-28 11:29:19,2017-09-28 11:44:47,2017-09-29 18:22:48,2017-10-06 14:09:57,2017-10-20 00:00:00
29e4fd9b783b28e5e3d6bfa390f4ac97,330a38d1e37020a112bfd9ef8e5fefcc,delivered,2018-01-15 11:01:06,2018-01-15 16:51:12,2018-01-16 23:42:54,2018-01-22 18:49:02,2018-02-07 00:00:00
225d8e0b99ff5a086559a0ec1b21f7c5,f695a13f1a3cf82bf4868a4b2144d88b,delivered,2018-01-06 20:27:22,2018-01-06 20:37:23,2018-01-08 21:14:21,2018-01-12 20:26:59,2018-01-24 00:00:00
c9d9195d49623398b66ac6322f971d5c,8ade25267551f998946800b440e74c00,delivered,2018-07-13 11:19:37,2018-07-13 11:30:17,2018-07-13 14:25:00,2018-07-23 20:18:38,2018-08-01 00:00:00
22aceb58bfd80959564e4b2ecd9ea0ef,52f4c321b23906ab009a2ecb6ad7dced,delivered,2017-09-12 21:22:46,2017-09-14 10:30:25,2017-09-18 21:42:39,2017-10-04 15:25:05,2017-10-04 00:00:00
5b7584c36737b6035bd68d79b4fbac54,3019ca49c92ce04c96c93ce7dc9da413,delivered,2018-03-05 21:59:46,2018-03-05 22:15:29,2018-03-09 02:47:24,2018-03-13 02:14:40,2018-03-21 00:00:00
3e2c094c3afb8ee522f4e4a0c93983b1,e21631cf89068c1a6701da5937caceef,delivered,2018-08-20 13:09:17,2018-08-21 04:50:24,2018-08-21 15:23:00,2018-08-22 21:30:01,2018-08-30 00:00:00
e460caed26d4a1eaeb22a07ab55ad640,ac4b4a298cc548e582d5dd09eb3a9605,delivered,2017-12-26 20:19:16,2017-12-27 04:10:35,2017-12-27 21:59:27,2017-12-28 17:23:30,2018-01-15 00:00:00
cb6098eb0d12d5a08efe1a8d977c78a5,c41864640b04c08f3c49bd4b17cb2208,delivered,2017-11-29 18:14:35,2017-11-30 10:32:28,2017-12-04 19:35:08,2017-12-08 13:13:30,2017-12-21 00:00:00
80ce2b07c4a46dfc98710e39bfe3bd26,afd2cfeecb6e905d2014a7483d9adc79,delivered,2018-01-26 11:50:10,2018-01-26 12:21:28,2018-02-01 00:46:50,2018-02-14 19:38:43,2018-02-19 00:00:00
c7bd88346e0420ae1062da6b374e99e8,4f3991e2379e85e51beca3b546eb6219,delivered,2018-05-08 23:50:43,2018-05-10 03:50:20,2018-05-10 14:12:00,2018-05-14 17:51:51,2018-05-23 00:00:00
a2c31cac6514866fed16c4aa57c6f773,825b81ccc260bfa204edd537acf022ec,delivered,2018-06-15 18:21:56,2018-06-19 04:16:48,2018-06-20 12:54:00,2018-06-21 17:03:28,2018-07-11 00:00:00
1b489d892646547f7e27765f3438d8b6,9f565d7a62a52911c71ce69685941b56,delivered,2017-05-04 20:25:28,2017-05-04 20:35:12,2017-05-05 13:33:34,2017-05-09 10:36:53,2017-05-29 00:00:00
710f37eedfb2fb87e94a613ba119a086,0c2c4e24715435524ad8df79a4ff9c39,delivered,2018-03-15 07:22:00,2018-03-15 07:30:21,2018-03-15 18:32:41,2018-03-16 18:56:35,2018-04-11 00:00:00
0782e07a7692b86e29c3fcec805b3bfc,b941917841af028a5d97758e40ac21ac,delivered,2018-07-03 21:25:43,2018-07-05 16:32:28,2018-07-05 09:50:00,2018-07-06 20:32:34,2018-07-23 00:00:00
dd5067269f1aaad1d4d0aa55e84eb22b,759f00eb3511fb1da3b79fbee3a3f1cb,delivered,2017-08-19 09:44:46,2017-08-21 08:24:29,2017-08-22 17:45:14,2017-08-25 20:22:44,2017-09-11 00:00:00
528d7f1b0be23f9c70baba6be75d8a26,6a662dd18fc19343c615f9bb28a1cbd4,delivered,2017-12-14 16:08:51,2017-12-15 02:17:15,2017-12-15 19:33:11,2017-12-27 19:32:28,2018-01-12 00:00:00
153a29136d63c03e64ebd73c54ccd3c7,f2908df0d1f2e08ec4d13431abfd9a70,delivered,2018-06-22 14:43:30,2018-06-22 15:20:28,2018-06-25 15:49:00,2018-06-28 16:38:32,2018-07-16 00:00:00
abf97042d4b7d1dccaf9fadd59efb5d6,fd509d5bb115c503dcf629064a66381e,delivered,2018-03-15 16:39:43,2018-03-15 16:50:43,2018-03-17 01:11:42,2018-03-24 13:08:23,2018-04-19 00:00:00
08f616b964002ad1bc12de1069f82edd,122935516a68e6f08864fa373221e373,delivered,2017-11-09 21:37:39,2017-11-09 21:51:23,2017-11-14 16:51:54,2017-11-21 20:29:21,2017-12-04 00:00:00
e70dca4e435f94f18fe4debbf80323c9,1dbac78378bfa5af7e05cf15fcf96605,delivered,2017-07-11 18:06:41,2017-07-11 18:23:55,2017-07-13 15:04:18,2017-07-24 12:30:05,2017-08-04 00:00:00
482d48c0b0eb255bd818a6e6895fb686,9fcbe141e89de4f82d41cd5f300f5409,delivered,2017-07-23 13:45:21,2017-07-23 14:03:24,2017-07-24 18:25:55,2017-08-03 18:23:27,2017-08-17 00:00:00
a5d3d2b978722a86e82f2b7bd0567840,a7d606844ea698b9a6a762a279e8feb8,delivered,2017-09-28 00:10:02,2017-09-29 02:30:47,2017-09-29 18:18:57,2017-10-12 09:39:45,2017-10-25 00:00:00
f2270ae03c6578b9cb6e4bba286bc962,e1b7e606f7b8f4064b028acf1e961c19,delivered,2018-04-05 09:04:45,2018-04-05 09:15:19,2018-04-06 23:06:42,2018-04-23 19:55:23,2018-04-30 00:00:00
d742edc736f4fa6a173ee4a049322e45,9037fc09ec1a62e712969d933c4c2cb0,delivered,2017-12-28 16:44:32,2017-12-28 16:56:25,2018-01-02 17:33:32,2018-01-09 14:56:23,2018-01-24 00:00:00
92ec15265ef47985627f664e5ec77d98,14d2df77c026b6a61f1b4ae9667cb70f,delivered,2018-07-29 18:38:44,2018-07-31 04:10:17,2018-07-31 12:47:00,2018-08-02 23:27:33,2018-08-07 00:00:00
ae544ab4fdaa9ad26ce17423e88b8702,af0368e6aa64fdcf6b4f7565a083d8d2,delivered,2018-05-16 09:56:26,2018-05-17 02:55:36,2018-05-17 12:58:00,2018-05-21 20:28:45,2018-06-18 00:00:00
3f3f818c758f0f9ed76a1d49d8d7e6f3,4ce1caf08109718c2e558abd8801aa8c,delivered,2017-03-14 18:29:23,2017-03-14 18:29:23,2017-03-15 10:35:49,2017-04-30 09:16:01,2017-04-12 00:00:00
825df75b7a4b5c436b9d2443f653cab2,86774a39f72b954bd12596f8cdcafa7c,delivered,2017-02-10 16:05:24,2017-02-10 16:15:17,2017-02-13 09:28:26,2017-02-16 10:18:50,2017-03-13 00:00:00
f9de1c701fad751fa78834d2eeefe251,d9598c0dd096edbcd137ba1e3b4c64ae,delivered,2018-01-15 12:22:25,2018-01-15 12:34:24,2018-01-16 17:09:33,2018-01-18 16:09:03,2018-01-30 00:00:00
270aac0233d1cfb498c427425a8ad143,d675082b795ea346d5bf4364363135f3,delivered,2018-03-19 09:35:02,2018-03-19 10:07:51,2018-03-19 19:50:54,2018-04-03 00:52:00,2018-04-09 00:00:00
496b684eee1a0958406cc2e50a80dca8,1c4a75cdd4cbe6b5600058272b56fffc,delivered,2017-08-17 14:29:07,2017-08-17 16:04:59,2017-08-18 19:46:29,2017-08-25 12:45:28,2017-09-06 00:00:00
3a812c83660a31b9ff0abc06416a678e,4d3d0e1f823dd1af8add9be0057115e7,delivered,2017-06-06 17:59:56,2017-06-06 18:10:15,2017-06-08 10:33:14,2017-06-23 09:26:23,2017-07-18 00:00:00
e8fba6b3bd2fa3e2e1d4b101fbd93b17,5f842e406a187dc2716fd04798f0aba8,delivered,2017-06-15 20:24:55,2017-06-17 06:35:21,2017-06-22 10:56:51,2017-07-12 19:52:25,2017-07-12 00:00:00
06f539e73d3a46feae1fa4667cc82f98,b902824d87ab9a5958c6a4462518dcf6,delivered,2018-01-27 16:04:30,2018-01-27 16:15:21,2018-01-30 01:56:51,2018-01-31 22:56:52,2018-02-14 00:00:00
394982dd5fcd18831c2428167b924f2d,5a8bcefa560e13f342a71b62bf94ac17,delivered,2018-08-17 00:13:24,2018-08-17 00:30:07,2018-08-17 14:58:00,2018-08-20 23:52:27,2018-08-28 00:00:00
cd2a1fe10642bed9753a95e8f6a54118,89c8551457df83226788430ef4e44e2c,delivered,2018-01-15 18:33:08,2018-01-17 03:36:47,2018-01-19 01:54:29,2018-01-24 22:12:58,2018-02-05 00:00:00
2a9e0eee7fd2324567845d0e4fb70efe,57a28102ea9d979187ea6179f2014a14,delivered,2018-05-08 23:19:40,2018-05-10 03:36:42,2018-05-11 12:46:00,2018-05-14 20:38:43,2018-05-18 00:00:00
542d82c2299fd92243549f4e402ab62b,5ec78f0e61e3daaac2ac4909e08e3394,delivered,2017-10-30 16:01:24,2017-11-01 03:15:17,2017-11-06 21:36:21,2017-11-17 19:59:02,2017-11-24 00:00:00
6a6d60aba373f10c15519e023de52de1,0ccc3b723e0fe398486c25a2de577c42,delivered,2017-09-02 14:15:11,2017-09-05 04:35:56,2017-09-05 15:50:11,2017-09-08 18:41:32,2017-09-22 00:00:00
6006d946799bcba9a9fd13e50c442213,a6294bead59771e77b2d1839e7b5da0f,delivered,2017-11-30 21:49:25,2017-12-01 10:31:23,2017-12-05 21:27:07,2017-12-20 22:38:44,2017-12-27 00:00:00
8989ff6e6604e09ac1c199428637422b,63fd4451626a55e8cf2354c7fcf7d70e,delivered,2018-08-02 19:52:36,2018-08-02 20:05:18,2018-08-06 14:43:00,2018-08-17 14:42:05,2018-09-10 00:00:00
604eadfa781354090d53180d97b11dca,1f2999ca603aa0bec2f93254cf5cdf21,delivered,2018-05-08 21:46:01,2018-05-08 22:14:48,2018-05-09 14:26:00,2018-06-08 18:11:57,2018-06-06 00:00:00
fd3114978747f92401511144ba65a631,6f380a063844e524a27141a72f58c361,delivered,2018-04-29 18:47:18,2018-04-29 19:10:12,2018-05-03 16:19:00,2018-05-10 00:14:32,2018-05-22 00:00:00
4942bdcf4479ff8d6885299338758784,2941159daf7b19262ea372b0c1faca2c,delivered,2017-10-12 15:13:13,2017-10-12 15:28:14,2017-10-13 20:36:55,2017-10-18 16:13:35,2017-10-31 00:00:00
eec64646ac1076b7500eb7e34b00c8f7,35acf0e42c5446de6cfaa0d8637b2177,delivered,2018-04-17 18:31:00,2018-04-18 02:11:18,2018-04-19 19:50:53,2018-04-28 16:42:33,2018-05-14 00:00:00
753aaaa715f963740a358c291bc79727,92afe47b8038840f6761684db0da3e40,delivered,2017-01-11 23:32:55,2017-01-11 23:45:19,2017-01-12 14:21:04,2017-01-17 10:28:00,2017-02-09 00:00:00
63ee2a06028932e4a287950b31596425,874ad9d97ff06efb1d8641daf88237f5,delivered,2018-04-14 10:26:01,2018-04-15 10:30:45,2018-04-16 21:12:10,2018-05-03 21:41:52,2018-05-10 00:00:00
a8e749cb4760cabeff096908c2c6779c,7c3fb02434f997155d8d65fbd22a4ed3,delivered,2017-09-27 10:34:36,2017-09-28 10:50:08,2017-09-28 21:25:41,2017-10-18 21:13:55,2017-10-31 00:00:00
0d902dd22c7c40a55b0edbd70ab87fc3,a9558995b6d102f6216229476ff11b3b,delivered,2018-05-04 10:32:08,2018-05-04 10:51:59,2018-05-04 12:36:00,2018-05-24 18:32:00,2018-06-07 00:00:00
8259a05b7ec596413201d74e896333d1,9afaa5e5c2efd5958a5fa0b04652085e,delivered,2017-07-25 13:20:47,2017-07-26 02:23:57,2017-07-26 17:36:53,2017-07-31 17:48:05,2017-08-16 00:00:00
9e202f5cc3f2b54ac43a077fa5caf18c,c93335dfd1f16630c560befd972df7d4,delivered,2017-10-31 09:48:17,2017-11-02 02:16:02,2017-11-06 20:58:40,2017-11-14 23:33:00,2017-11-16 00:00:00
e424fb3a9a9c116a762d83cdcc872c58,2872aab8519bd813ff38a8196977369c,delivered,2017-07-04 14:35:03,2017-07-04 14:45:19,2017-07-11 11:04:38,2017-07-18 18:46:53,2017-08-07 00:00:00
739b9020863344c26e8215b55208591e,a49b340eb7eaf792b528e4188f797815,delivered,2017-10-21 01:34:56,2017-10-21 01:49:07,2017-10-23 16:10:11,2017-10-27 19:11:55,2017-11-13 00:00:00
a8a42c7e161e16d72525008bda4edce0,1bf762864813c7d1e7496fb78b4de67e,delivered,2018-05-16 08:54:45,2018-05-16 09:16:33,2018-05-17 14:49:00,2018-05-18 22:32:38,2018-05-28 00:00:00
df47b525725f21bfdf51aea66fdb4e83,7d736b20d1b330e1b32fe9104433494a,delivered,2018-01-02 00:04:05,2018-01-03 04:31:26,2018-01-03 22:03:31,2018-01-29 23:18:39,2018-02-02 00:00:00
d1292690e5d721165cfcbc331e8c46ca,20fad7bda07c51e347aa6f947f5a6771,delivered,2017-11-09 11:03:55,2017-11-09 11:15:51,2017-11-09 20:07:01,2017-11-10 17:18:29,2017-11-23 00:00:00
60725ae38288a737c3c59e0c7f4dd430,4feb636a8b4649291002a7e832289b03,delivered,2017-11-23 20:24:54,2017-11-23 20:37:59,2017-11-28 16:17:11,2017-12-28 20:06:56,2017-12-26 00:00:00
f5f9c706d2f561a75f2f428d96e58b02,515a37f6dff3997cd7188f78f3bd659a,delivered,2017-11-23 13:49:59,2017-11-23 14:03:06,2017-11-24 23:42:56,2017-12-04 14:15:52,2017-12-19 00:00:00
6c949e670b5d33dc8fb8ad25b6da4860,1f1c7bf1c9b041b292af6c1c4470b753,delivered,2018-04-01 18:59:31,2018-04-02 17:55:19,2018-04-03 19:33:13,2018-04-13 15:11:21,2018-04-24 00:00:00
5a688ff634ac5a154a1e6f65d29d51e2,0fb35728da2eda9314adeb21dcb2aaa8,delivered,2018-04-19 20:01:14,2018-04-19 20:11:05,2018-04-20 18:12:48,2018-04-26 23:56:32,2018-05-21 00:00:00
830d2f9316703d28776bd868412fb961,9329503234e20753ec513cb430d4abe0,delivered,2017-05-16 14:35:43,2017-05-16 14:50:14,2017-05-17 10:49:39,2017-05-22 15:03:47,2017-06-05 00:00:00
1c68c68cddc15f7e365dc53a0e91e8f5,e2bd185ce504dd28d763c24a633392ac,delivered,2017-10-29 00:30:11,2017-10-29 00:45:47,2017-10-30 19:59:49,2017-10-31 14:28:59,2017-11-10 00:00:00
c7e751031488310638a5952834dadf4d,dcb6353daa3fc0e81395644394405ec6,delivered,2018-05-31 13:58:32,2018-05-31 14:14:57,2018-06-01 09:04:00,2018-06-12 10:27:01,2018-07-04 00:00:00
56c898abec8a6fd5e84ffc42904c4f65,16be0d120d1de7a01d72adc686caf229,delivered,2017-03-07 08:55:43,2017-03-07 09:10:17,2017-03-09 04:41:45,2017-03-20 07:41:31,2017-04-04 00:00:00
f0b0ddd1464bee62169490a83b11cc7d,16d99b4e494caf8444c39013de40ba0f,delivered,2018-02-12 19:56:00,2018-02-12 20:07:35,2018-02-20 00:00:51,2018-03-06 22:11:48,2018-03-26 00:00:00
a3e938ff8401d2ab65793e034f9f2a95,7619612ca0b995c7925a0272c4e33a91,delivered,2018-07-23 21:37:29,2018-07-24 10:31:14,2018-07-24 14:22:00,2018-07-31 19:48:53,2018-08-09 00:00:00
623913f52c2dc1270020863558ca9ed1,197ffb8ce85a690a24881fa5353411e6,delivered,2018-06-23 11:46:03,2018-06-23 12:19:10,2018-06-25 12:32:00,2018-07-02 21:03:38,2018-07-23 00:00:00
f19ed9e82448c0ea39e80dd4e3ac40cc,0b2784a179b2e1327c5afd6df6a1b19a,delivered,2017-08-14 08:24:18,2017-08-14 08:35:19,2017-08-14 19:19:57,2017-08-15 17:23:18,2017-08-29 00:00:00
e10eb38645ac0ee01145792cab82f88e,085dfaa4e6b6df1552f6830e79e71f3b,delivered,2017-11-11 18:05:34,2017-11-11 18:26:36,2017-11-20 19:49:54,2017-11-22 12:54:43,2017-12-13 00:00:00
91f9892e7f917fe83c7192e0de883126,d82db4d2f4f39dc1c2342a6b817cad17,delivered,2018-01-27 13:12:50,2018-01-27 13:19:22,2018-01-29 21:41:28,2018-02-06 23:16:44,2018-03-01 00:00:00
76c5d675f926836b4ff285bff2d38766,a5783631d27600ffd190cc484dbb9680,delivered,2018-07-11 07:33:11,2018-07-13 03:04:21,2018-07-16 06:54:00,2018-07-25 19:42:40,2018-08-08 00:00:00
7d62060b2af9760b95067c966fc5e6c6,7353032e77979ae7197285198b59d196,delivered,2018-06-13 11:34:22,2018-06-14 04:15:09,2018-06-14 11:52:00,2018-06-19 13:14:39,2018-07-05 00:00:00
29195b2e04b68eb25fc8a0fa5d2d81c4,18e2456b9baae6e47d1c71228a9e30d7,delivered,2018-01-24 18:16:19,2018-01-27 02:41:23,2018-01-29 18:04:20,2018-02-15 21:59:00,2018-02-22 00:00:00
eedcf6db339a0b2ce303e615dceaee65,85df45704acdf1ff318576830a282d19,delivered,2018-03-04 22:23:33,2018-03-04 22:35:23,2018-03-07 21:24:59,2018-03-15 23:29:50,2018-03-23 00:00:00
f984f98a78a2beb0518a3d965cf1520d,d5c840fbe5ae01e9e21ae4ba2a0070df,delivered,2018-07-27 21:59:40,2018-07-27 22:15:12,2018-08-01 15:17:00,2018-08-10 23:52:26,2018-08-31 00:00:00
e776b74b3a3d027e47ecd39ea6a1d737,8a9e5e2eddfde9d630fed631e77effe7,delivered,2018-05-09 13:10:20,2018-05-09 13:34:48,2018-05-10 11:36:00,2018-06-19 20:21:16,2018-06-12 00:00:00
5f0204c837c9b96a76c8da513f40ab17,ff23f2703f021b1c9e49f69941915974,delivered,2018-07-29 17:12:50,2018-07-31 03:50:09,2018-08-01 12:55:00,2018-08-08 21:38:40,2018-09-13 00:00:00
553d21981eb5d6f2f19c3102cde1832d,976b89f39f6ba6ac98d956bd0a2a4d81,delivered,2017-08-27 19:30:49,2017-08-27 19:45:11,2017-08-29 19:55:55,2017-09-05 21:42:39,2017-09-26 00:00:00
8ba09709db195d492ff95d38228f799f,3c2f0a29038aff07034db22026b787ca,delivered,2017-08-04 15:41:43,2017-08-04 15:55:16,2017-08-07 22:00:00,2017-08-14 21:43:47,2017-08-29 00:00:00
108f58a6439933a88e7950ee7b46ec11,13bbb5ef6f8db9469c6bbc69d9542872,delivered,2018-05-10 09:39:51,2018-05-10 09:52:11,2018-05-10 15:13:00,2018-05-16 20:27:02,2018-06-04 00:00:00
f8ed90ec4272c80d2855a01e827d1a31,6f7c595cc36f2955c51afd8facd1fdee,delivered,2017-05-05 12:21:39,2017-05-05 13:05:35,2017-05-05 14:11:34,2017-05-26 10:08:08,2017-06-01 00:00:00
2f610bccd0c217425cbb71bc0cdafa32,9c64abffb2de9888aa146da8c65a547f,delivered,2018-05-16 19:47:11,2018-05-16 20:16:17,2018-05-21 08:52:00,2018-05-22 17:21:59,2018-06-04 00:00:00
b9385ac2c4b80d5339b96a2593dd84cb,1a5e81b2a849e76ca754d36ba90a5264,delivered,2018-06-18 21:49:23,2018-06-18 22:16:05,2018-06-20 15:06:00,2018-06-22 14:51:49,2018-06-28 00:00:00
47ee6fec7ba2a39c23a7c84127e1fac9,e51c1096bac2b1c14e3f8a0e24ad0520,delivered,2018-03-04 10:40:02,2018-03-04 11:29:21,2018-03-06 03:48:24,2018-03-20 00:42:32,2018-03-26 00:00:00
cae8bf54a0ecd79376aac899679de154,c2cefab2637982f1c387a98842fde391,delivered,2017-11-07 12:31:56,2017-11-07 12:50:18,2017-11-10 16:42:55,2017-11-23 00:18:53,2017-12-05 00:00:00
cc9b441239dbd3786773a5c8724547ba,a6285be7dd7e1b07774569d472e942f6,shipped,2018-03-31 16:31:09,2018-04-01 16:30:19,2018-04-03 20:19:21,,2018-04-26 00:00:00
e45f581751e44a52f09b4c1746612e54,589ef6ecb824c3dec0f860daf553169a,delivered,2018-03-20 09:01:37,2018-03-20 09:15:25,2018-03-23 18:12:30,2018-04-15 17:27:51,2018-04-12 00:00:00
b2e34c92ddedf5ecaa982b0736bffd56,8f302a637b143fc801494806aaf35370,delivered,2018-05-19 11:37:28,2018-05-20 11:51:03,2018-05-21 13:26:00,2018-06-04 15:18:32,2018-06-05 00:00:00
2dc8d02ac9a7d375b768d6a6355f7eac,832053b4fe6b18b0681026ecd9234d2a,delivered,2018-01-29 22:32:39,2018-01-29 22:53:29,2018-02-06 13:42:55,2018-02-14 15:12:53,2018-02-20 00:00:00
3840fe9112c9177e852ff72b8c6af01e,5aacad69b368af9f80b1dca61b0f0420,delivered,2017-12-14 21:29:26,2017-12-14 21:50:23,2017-12-15 20:13:26,2018-01-03 20:22:00,2018-01-15 00:00:00
efe0a893fd1a63d77d3b5c4065dec733,a3a93a68bc9e3f8707370b7a8e1ae2d1,delivered,2018-01-23 15:47:14,2018-01-25 02:38:26,2018-01-26 14:22:06,2018-01-29 18:51:58,2018-02-07 00:00:00
926b3a8fc7e78353dc3cb0ba1a06113a,c014d2194de6f3cfb1f5c9d692f7e957,delivered,2018-06-23 10:24:29,2018-06-23 10:35:16,2018-06-26 15:26:00,2018-07-11 16:32:54,2018-07-23 00:00:00
d3b8750f21e85ef7a244c8a0cb8ae7b6,e59d3ca4a478f91c74ca603b09faf1a6,delivered,2017-12-14 21:37:01,2017-12-14 21:50:31,2017-12-15 17:31:43,2017-12-28 20:45:24,2018-01-12 00:00:00
2ccc4454c10457bb1cd9fb7465167f2f,75913254f909c2b5c2a0bd9713c483e4,delivered,2018-08-16 14:43:12,2018-08-16 15:04:07,2018-08-17 14:14:00,2018-08-18 17:25:26,2018-08-22 00:00:00
411ef3cc7db00f7dfb66d19310ff3a48,90c26720bdb08da134b88bed2c3ac52a,delivered,2018-01-03 19:49:24,2018-01-05 02:37:56,2018-01-05 18:52:15,2018-01-17 13:36:42,2018-02-02 00:00:00
9870255ce4fd27e8b651ee15e606d903,c69b97811a2d5a883fbd35751cef395d,delivered,2018-02-26 23:34:47,2018-02-26 23:48:19,2018-02-27 17:52:31,2018-03-10 17:12:29,2018-03-20 00:00:00
6b8a860cec63279fe49b5649ca6bab42,81d7e215787f9556b381145e2ac7d9f2,delivered,2017-09-10 12:11:43,2017-09-12 04:23:54,2017-09-15 21:39:56,2017-09-26 16:29:13,2017-10-02 00:00:00
dd372e737332ef27597292546559253a,cc89f26fb02b7bf7c8b27bd42fef919e,delivered,2017-04-29 10:47:33,2017-04-29 11:03:30,2017-05-02 18:06:40,2017-05-08 08:54:42,2017-05-29 00:00:00
ac033ca6c43caa50310de844a7868c8e,83372d4453070723f0f31b01c8260993,delivered,2017-06-27 14:12:18,2017-06-29 02:35:18,2017-06-29 17:07:53,2017-07-03 11:27:33,2017-07-10 00:00:00
1a2ea9e216498b997c8e13a9aa8313c4,1712f84ece15c52160dd9713b925fef5,processing,2017-02-27 11:18:01,2017-02-27 11:25:12,,,2017-03-22 00:00:00
bcce0481b3f582ede8d29c5b4bcdffdd,de406673d1ebab073424c7375cb0841f,delivered,2018-04-14 00:58:00,2018-04-17 05:51:20,2018-04-17 21:51:02,2018-04-20 22:51:26,2018-05-02 00:00:00
65f881933f86384f769adf62da94be22,b9146f775984b701ca403bf80aea60e9,delivered,2018-02-07 12:34:33,2018-02-07 12:49:49,2018-02-14 15:46:51,2018-02-28 20:11:56,2018-03-09 00:00:00
59bef859ee544206d66d43cd4a50fac9,ffe7ffb7c7ae0d42808f387578426b3b,shipped,2018-03-16 17:26:27,2018-03-16 17:49:58,2018-03-22 11:38:27,,2018-04-11 00:00:00
d56ec35ab3257ad373bdbca2a1516715,c19d9a703628a4464d27d3af8f127fee,shipped,2018-01-19 18:32:44,2018-01-20 18:31:10,2018-02-03 08:38:38,,2018-02-22 00:00:00
adeecc8758fde854ecaaa035e0ae212e,17afddb3dd87d2c751993e6a2d2498a9,delivered,2017-10-29 20:43:58,2017-10-31 04:06:31,2017-11-03 20:08:30,2017-11-08 18:38:00,2017-11-17 00:00:00
fc91960dc3f08f50d842e64dd48ad42c,7c63bdeed03b3e5138bc0564932b7c00,delivered,2018-04-24 19:07:01,2018-04-24 19:29:22,2018-04-26 11:29:00,2018-05-02 18:02:46,2018-05-17 00:00:00
950863e2e170cafe0f1363b6debbf73c,a667b0ccd3f9add3a9b796c66beda37f,delivered,2017-09-07 20:33:34,2017-09-07 20:45:13,2017-09-11 21:37:46,2017-09-20 10:41:36,2017-09-20 00:00:00
772e4afd32903870cfaa882d5c260ba9,b5ffa13f42674c88aebb3a0d9bc77c02,delivered,2017-11-09 18:36:16,2017-11-09 18:50:42,2017-11-16 17:52:11,2017-11-23 18:42:28,2017-12-04 00:00:00
7e284574be8d83b004427c79e11a1a99,8bcb81dc6c177a34281944037637621d,delivered,2017-08-17 21:32:18,2017-08-17 22:24:51,2017-08-23 18:40:14,2017-08-31 19:44:52,2017-09-28 00:00:00
08d8b17740615b3cbe884f58173de3c1,5ae752fb345dfa0d14a52db28359612e,delivered,2017-06-28 16:51:19,2017-06-28 17:30:57,2017-06-29 17:07:55,2017-07-18 18:02:54,2017-07-28 00:00:00
f4776a61a23801c349ab69bd0fd774e2,db06dace4f0966b844c9d8ef3caed3f1,delivered,2017-05-16 14:29:36,2017-05-17 04:02:17,2017-05-17 10:40:42,2017-05-26 00:03:43,2017-06-07 00:00:00
f87b019430922741706698256b753421,01bc42b3e58ab446f0227867f665b127,delivered,2018-05-11 22:31:39,2018-05-11 22:55:58,2018-05-17 08:51:00,2018-05-21 11:58:28,2018-05-30 00:00:00
872b07190c0c9c0f13475d2141c4036a,814605f2161337c56520639099b0199f,delivered,2018-07-03 10:10:12,2018-07-05 16:22:38,2018-07-03 12:00:00,2018-07-10 17:18:49,2018-08-02 00:00:00
38bb14b6a1e128205c524b7efa8aa007,52b7dfcd6da0652fc9f042f3696488c5,delivered,2018-06-12 14:52:59,2018-06-12 15:26:49,2018-06-13 06:52:00,2018-06-19 19:36:41,2018-07-19 00:00:00
050db8a61ea366db684e7d127082b5da,9bccf54464487719b6a4bd080a41090c,delivered,2017-07-09 18:49:58,2017-07-09 19:03:27,2017-07-11 20:09:33,2017-07-18 17:27:52,2017-07-28 00:00:00
0cb34be1b04ffaf4d4ad9cd5f4195855,3af757f67947c5e839d0b66612884678,delivered,2017-12-12 15:45:13,2017-12-13 02:49:57,2017-12-14 23:53:48,2017-12-21 00:35:08,2017-12-29 00:00:00
89b4bfa9a1ad1b38674571113d47d4b2,3da0182bf2c012534b9d85923f0c38b1,delivered,2018-08-13 11:02:58,2018-08-13 11:15:29,2018-08-17 14:47:00,2018-08-22 15:46:57,2018-08-24 00:00:00
5f2dbe00a1732133a6809ae1af554123,f7b1d4b064c31b564fd39ad8bcb7cbdc,unavailable,2017-02-06 08:18:30,2017-02-08 03:15:34,,,2017-03-02 00:00:00
9b1a8e953b41b6ac01cf5068dfb53138,5597e2823e3f5d316e5cb6b85f780ef7,delivered,2018-01-19 13:23:54,2018-01-19 13:36:02,2018-01-22 20:05:43,2018-01-27 00:05:18,2018-02-09 00:00:00
017499de14d22ef9e9a83ca54727480e,a947822e31f502d0f6297cdee1448a73,delivered,2017-07-11 15:58:41,2017-07-11 16:15:24,2017-07-17 14:48:10,2017-07-19 19:26:51,2017-08-09 00:00:00
c86abff82c66f9db0bbd012aba219921,28aa85d26d033ed4ae3e8c1f18c0acf3,delivered,2017-03-13 10:14:48,2017-03-13 10:14:48,2017-03-16 08:33:01,2017-03-24 12:36:19,2017-04-11 00:00:00
95c46d8a9e4c24ee3a09cff518a7cd99,9f1fb56dd0c151e25ddad3f0de615e47,delivered,2017-09-21 10:07:30,2017-09-21 10:15:15,2017-09-22 18:14:29,2017-10-14 13:39:45,2017-10-20 00:00:00
9254ea56fb8aecea0b411b6a605e0ebb,7077a8a9c749c1e2518227eb2b0f89a3,delivered,2018-07-19 16:56:49,2018-07-20 04:35:12,2018-08-13 16:46:00,2018-08-16 22:04:27,2018-08-03 00:00:00
5766a94fc9251eeea6bfe0ac7618d5b1,e0fd6912345f73936eb2dbca57e223e9,delivered,2017-12-23 21:39:19,2017-12-23 21:49:44,2017-12-26 18:19:00,2017-12-29 17:11:25,2018-01-19 00:00:00
b83a4e483d9be76224e4d87f553361e7,556a2ac38e080c2b15988de64cdea708,delivered,2017-10-10 13:09:01,2017-10-10 13:29:29,2017-10-13 15:49:53,2017-10-19 17:10:41,2017-10-27 00:00:00
f92937847b9a6c663b94b2fb3a8f42e8,5160b4bc4116d4ecfb0679a4598c2501,delivered,2017-12-03 19:40:10,2017-12-03 19:51:12,2017-12-05 14:22:57,2017-12-26 16:53:20,2017-12-27 00:00:00
d3b59b9a0767514f777439a668f564b8,e4b73f0c9ebdea67a8300aaad25ff939,delivered,2017-02-05 12:31:58,2017-02-07 03:50:31,2017-02-08 18:23:40,2017-02-24 10:04:51,2017-03-07 00:00:00
ccbb95ac0f7ba15b0f097df2736d9a46,9140f6b8dabc82d5bc6f94b76b50e7b8,delivered,2017-12-11 16:22:48,2017-12-11 16:34:21,2017-12-15 19:18:59,2017-12-20 19:18:36,2018-01-04 00:00:00
5aa53cb68b145aa3a28a529fd09f77ad,fd871014d27b3b0a4deb772c5d5902a8,delivered,2017-11-14 00:55:29,2017-11-14 01:06:43,2017-11-14 22:51:15,2017-11-17 19:04:02,2017-11-28 00:00:00
7b00aadca44baf992ab48295d5abfd61,a3df58a7780eb8c8a26f869e7c65ccee,delivered,2018-05-14 16:12:04,2018-05-14 16:36:45,2018-05-17 08:34:00,2018-06-06 14:29:08,2018-06-18 00:00:00
4a99025f5af0af1eb1b6602980ae4a82,494135b0bd5233d349196e0df60d2211,delivered,2018-07-29 17:14:51,2018-07-29 17:30:12,2018-07-30 11:13:00,2018-08-02 18:32:35,2018-08-10 00:00:00
de4d7dbc75ae286c83ca660d77ac9f77,386b21caa1c9879e1f2aea59128cb479,delivered,2018-02-19 18:50:41,2018-02-19 19:50:44,2018-02-20 22:54:02,2018-03-15 16:38:48,2018-03-13 00:00:00
c13ac59826a76ae21dbe5b33ae83b857,4437df47d5e6a5a2715ada6b258c0fcb,delivered,2017-11-20 22:12:36,2017-11-20 22:27:58,2017-11-21 18:38:33,2017-11-27 14:42:49,2017-12-12 00:00:00
e9ee2180608e81469ecf03b7c9a74fa7,994dda0546cb91c1d66152c1ab2b6a0f,delivered,2018-07-06 23:40:05,2018-07-07 10:10:14,2018-07-10 15:27:00,2018-07-21 02:34:25,2018-07-31 00:00:00
3e9482fafca86df873bf05a9563578c2,995bd5eeee0a79a7620d7a1bfd49fb9d,delivered,2018-02-23 16:19:13,2018-02-23 17:01:50,2018-02-26 20:12:05,2018-04-05 20:12:45,2018-03-20 00:00:00
e7b90dc72945b8cb0896e981495522d1,f60a773af29509beb39ce69cacbae01d,delivered,2018-04-05 11:04:01,2018-04-05 11:28:14,2018-04-09 15:08:44,2018-04-23 14:06:48,2018-04-25 00:00:00
963fe4633c744132c09e0ca4eacf73b5,af278c4260a26ecc65c4cb2dff218a93,delivered,2017-04-20 20:18:22,2017-04-20 20:30:17,2017-04-24 08:08:50,2017-05-03 12:48:49,2017-05-12 00:00:00
19adceb97f5be3e428c2b0df7a6efa39,6d67f15685d8eeb245a003bd9c8310ee,delivered,2018-02-09 22:55:51,2018-02-09 23:08:02,2018-02-14 19:33:37,2018-02-15 18:09:03,2018-02-23 00:00:00
83d9d9a85946d3089b6b360120a54dcf,f6417110d62f24e1b4cf5a09b62ae4be,delivered,2018-04-27 23:35:44,2018-04-27 23:53:03,2018-04-30 15:27:00,2018-05-23 17:08:40,2018-06-04 00:00:00
7f0d655ffe806d4ab4ade36bbaa8e71e,9716c4a296c261a120d27d058e32ab38,delivered,2018-02-16 09:25:44,2018-02-16 09:46:52,2018-02-20 16:51:51,2018-03-02 15:09:38,2018-03-12 00:00:00
b4b82a96ad1cd1dd5071980861bb2575,95e503072b755cc678800adf674febb4,delivered,2017-07-28 13:55:46,2017-07-28 14:05:24,2017-07-31 19:47:00,2017-08-03 17:52:46,2017-08-18 00:00:00
53a1965cb8e1d6cf426ffd13a16ee225,ed464200108d2cc6c1ad30de09064a2e,delivered,2017-06-25 15:25:51,2017-06-27 03:45:16,2017-06-27 13:47:07,2017-07-04 14:34:23,2017-07-18 00:00:00
de3353dc4eb5012999074ce70b124fee,9615c624ecd7387b5ab8d1b86b918056,delivered,2017-10-10 20:04:58,2017-10-10 20:14:28,2017-10-11 16:51:46,2017-10-26 00:07:40,2017-11-08 00:00:00
a4fd084ec20dad1d716b8eb4c9b08601,ee036f3274491ed40be67fe834fa34fc,delivered,2018-03-19 23:53:38,2018-03-20 00:15:22,2018-03-21 19:26:51,2018-04-02 20:32:33,2018-04-05 00:00:00
e49d81cefb427df79734efdb90023352,9133fb73714e995e2a4426ea1753c3fd,delivered,2017-04-01 00:55:07,2017-04-01 01:05:24,2017-04-05 12:50:19,2017-04-10 06:30:04,2017-05-09 00:00:00
5b54eac5a3892162592352ba2d0ee41e,ad8e474d08b0baf66d55593e5840475f,delivered,2018-03-17 08:43:19,2018-03-17 08:55:58,2018-03-21 17:37:44,2018-04-14 15:58:31,2018-04-10 00:00:00
df125b2cdede89b0ff68ccfb07682470,d53c58d46fe507c0621e1e88769903e8,delivered,2018-01-13 07:29:36,2018-01-13 07:38:21,2018-01-16 18:18:46,2018-03-08 09:23:58,2018-02-09 00:00:00
76149a98fb53f831f6aa676c3193ee0f,97fbfd543f973bd88988e248eca01348,delivered,2017-06-10 14:32:25,2017-06-11 14:42:15,2017-06-12 10:24:18,2017-06-22 13:26:45,2017-07-05 00:00:00
9041901a8959b3c7027d294c4f88ea5c,efd22fcffe47d73526c48448b1c47292,delivered,2017-02-12 21:41:09,2017-02-14 03:45:35,2017-02-17 15:31:12,2017-02-21 12:21:42,2017-03-14 00:00:00
18ed2638b8a18b428d5f0cc575878eb1,79ae214df262ee6803fc0cc23c96b200,delivered,2018-01-12 14:27:12,2018-01-12 14:39:30,2018-01-15 22:22:38,2018-01-22 20:09:26,2018-02-06 00:00:00
4ee69609938fb96f9c99db9382d6069b,3da953a2832e621afbf58fe1b4cfa312,delivered,2018-07-25 20:12:29,2018-07-26 13:04:19,2018-07-27 13:49:00,2018-08-01 00:58:36,2018-08-10 00:00:00
62062ec33d328897b66c9b74d7401aae,5116b8aff98e02a78066950e862bef8d,delivered,2018-02-23 11:24:36,2018-02-23 11:49:34,2018-02-24 00:28:54,2018-03-30 00:52:05,2018-03-20 00:00:00
841155000418a8a525b16b90fac1dcd3,04eb85b269fac8936404c595c4699e3f,delivered,2018-02-21 16:43:03,2018-02-21 17:23:57,2018-02-22 18:13:41,2018-03-22 21:48:50,2018-03-14 00:00:00
b0e61103ba1dee7e3c3c31f68e62a3fb,ba3865460d9232b12cea42b9b2fc1380,delivered,2018-08-21 12:35:46,2018-08-21 12:50:22,2018-08-21 15:12:00,2018-08-28 15:18:42,2018-09-11 00:00:00
b7349b2c8b3b8105cb58b4c65602206e,48c2928ba35098ca096267d9dbe467b4,processing,2017-08-11 10:10:03,2017-08-11 10:25:15,,,2017-09-29 00:00:00
a3af1cceb020d287564458a7cd29f969,c13d3dcb624a2d65b95172935843680c,delivered,2018-01-04 14:53:20,2018-01-04 15:08:20,2018-01-05 16:33:28,2018-01-11 13:10:24,2018-01-31 00:00:00
c15337f7b22d68e4ea7e1c0a483041f7,1cf7b72c52c53a47f871764a9b092860,delivered,2017-04-23 00:32:25,2017-04-24 20:45:15,2017-04-26 10:08:54,2017-05-15 16:46:57,2017-05-26 00:00:00
a5739097eb2ca76c5777ee5c16b5d3c0,3c8eb6e4a5a9d6182673cca04d2d27dd,delivered,2018-03-01 22:29:46,2018-03-01 22:49:20,2018-03-06 17:58:26,2018-03-19 22:51:47,2018-03-26 00:00:00
0ea5fe49c67efb820d76f32ac29817c8,91a7ce47b2a4efba5d9fdd77f8e38fdf,delivered,2018-04-22 15:37:00,2018-04-24 18:42:29,2018-04-23 19:03:14,2018-05-01 00:08:49,2018-05-18 00:00:00
0a03f10c3075f5566e5cdbef7c487e14,9c0f4ac6b6891be32bf81369e8bc1ed4,delivered,2018-01-20 13:59:56,2018-01-20 14:31:05,2018-01-22 16:23:00,2018-01-26 20:13:35,2018-02-14 00:00:00
56f251ca89f74d06076966d5d49b9dc6,8d632afbccd84514a99517b239113320,canceled,2018-03-01 18:03:33,2018-03-01 18:15:44,,,2018-03-23 00:00:00
a417622e6361486aba3c125e67f12837,f443e0967a2925875bb575516857ca09,delivered,2018-03-08 20:54:49,2018-03-09 20:48:29,2018-03-12 18:57:23,2018-03-27 23:22:24,2018-03-28 00:00:00
2dcb16f827ccfc7bff5be2a6deb28bce,1117174c546ffd2ad76d566a3ea131f2,delivered,2018-03-21 20:09:23,2018-03-22 20:10:27,2018-03-23 20:11:13,2018-04-03 19:38:37,2018-04-16 00:00:00
ccaf9bc3712aea66d07acdbea64e069a,6cd50851a4a912e882b9812f3249542f,delivered,2018-08-03 11:34:23,2018-08-03 12:04:38,2018-08-06 15:56:00,2018-08-08 21:27:40,2018-08-08 00:00:00
a34abd259f5fc0b557998baef5e87646,b1a474d32b80c083d328a463e8d235bd,delivered,2017-05-30 10:56:54,2017-05-30 11:10:15,2017-05-31 10:43:09,2017-06-14 17:54:14,2017-06-28 00:00:00
858b69e79115bbd0e62db0a2bd016b42,45ee981464eeb88b184117b24c6e2ed0,delivered,2017-08-16 15:05:35,2017-08-17 15:15:26,2017-08-18 20:07:37,2017-09-04 20:17:47,2017-09-18 00:00:00
651657a1f3fafa6fb54ff76ef0f1e49b,cdb99e0fb1e567a06798568cf55d179d,delivered,2017-06-05 19:32:21,2017-06-06 19:42:13,2017-06-07 16:59:29,2017-06-13 13:53:21,2017-07-03 00:00:00
f10c009ca3eae0609b1ad632f68dcf67,65b56ee59c6692b5325659ab6acbe62a,delivered,2017-08-03 17:22:24,2017-08-04 15:30:10,2017-08-04 20:46:32,2017-08-05 13:39:38,2017-08-16 00:00:00
9bd40bacdd3b7f48be6736f831b3bf7d,26008dff64dd147df42935d4da70da2c,delivered,2018-01-09 22:42:04,2018-01-10 10:31:55,2018-01-11 21:49:03,2018-01-16 17:05:42,2018-01-23 00:00:00
61cbfd453bec6d149c4607df0632496f,6eb47ff47e714ed6395a35e258741d99,delivered,2017-10-15 09:40:07,2017-10-16 19:49:27,2017-10-19 15:28:11,2017-10-25 20:28:31,2017-11-09 00:00:00
b2562a552b6e8147da937960384f125e,61f4238594a04fd968bb327c9d8a77f8,delivered,2017-09-03 10:56:09,2017-09-03 11:10:11,2017-09-05 19:44:00,2017-09-06 18:05:24,2017-09-15 00:00:00
a4431cbd79dbddaae7988ce6091cbc3c,adfe737c33fa2f72bef49dc2d2e7b48a,delivered,2018-06-19 12:48:23,2018-06-19 13:16:55,2018-06-19 15:37:00,2018-06-26 21:19:35,2018-07-16 00:00:00
544f1209f5b62ca44fb6d358041bca5b,e667dbd980c020783d2b3d6a2bc0e945,delivered,2018-04-10 09:15:08,2018-04-10 09:30:36,2018-04-11 18:49:25,2018-04-13 19:24:39,2018-04-25 00:00:00
3d23ac3ba9442ed723a59fa3f89b516c,d3bda5762e7a02e5d0c6b5fb6ef70d1f,delivered,2018-02-08 16:10:22,2018-02-08 17:05:52,2018-02-09 22:12:38,2018-02-16 20:52:12,2018-03-02 00:00:00
2686d8e26c3f6e55f0b0914311ebc718,78affbe4e580defed5ce9cb8edb373de,shipped,2018-03-02 22:44:58,2018-03-02 22:55:40,2018-03-06 04:47:40,,2018-03-23 00:00:00
44c29a73f92d2ec846b75feec8e70e81,c15fc378c7f70bbd1c40570e6b4a69d2,delivered,2018-06-01 08:18:56,2018-06-01 08:32:28,2018-06-01 12:47:00,2018-06-06 21:35:47,2018-07-11 00:00:00
dd623579d6b295a30527eb68420a5eeb,a45cd323d05696938412c8d9d9dc209e,delivered,2018-08-05 23:07:32,2018-08-05 23:24:18,2018-08-10 19:12:00,2018-08-13 14:08:41,2018-08-13 00:00:00
39c7d4ae602c664a264c6da2d674f418,813196414bd13deb67a676510c2cee36,delivered,2018-04-09 20:56:21,2018-04-09 21:09:47,2018-04-10 20:24:22,2018-04-12 21:47:30,2018-04-23 00:00:00
a233eaf2bd44e053226cc032f87a69ed,faa16af8d17f256f854d0b7ef0e49b0a,delivered,2018-08-14 13:05:06,2018-08-15 03:25:17,2018-08-15 09:43:00,2018-08-21 15:02:15,2018-08-28 00:00:00
22b9b43e76d76d237c9e5646e47fc6e3,1a00ab086e473de2fb5ec217d4c6ca0e,delivered,2017-04-04 15:57:37,2017-04-06 02:45:26,2017-04-10 11:56:43,2017-04-19 15:34:26,2017-05-10 00:00:00
981169eaa134f634b547095d9321e3dc,6d0ea4c9f465488073d3d51dba7b60db,delivered,2017-12-01 11:13:50,2017-12-01 12:31:30,2017-12-04 17:52:04,2017-12-06 14:44:56,2017-12-19 00:00:00
6cd91ba388e06035714e1776db85ec11,34f92bb2c12674af276a774cfa6dec4d,delivered,2017-11-24 11:29:54,2017-11-25 05:10:49,2017-11-29 19:17:33,2017-12-12 19:33:04,2017-12-14 00:00:00
0d82bda1c67bfa6b3926bcbeb8177932,f30273ed8f6f5349cbdb43e66253ee6c,delivered,2018-01-24 15:32:31,2018-01-24 15:58:11,2018-01-26 19:08:33,2018-02-05 19:16:54,2018-02-20 00:00:00
09e3a74fe474342885a70d1b2452c1e2,4ca9a0827276e08dc7f6501766861b04,delivered,2017-09-06 08:58:14,2017-09-07 02:56:08,2017-09-25 18:34:44,2017-10-11 20:58:51,2017-10-03 00:00:00
94e97965ecfd64dee3b0484fb3fc76d7,60f9e585dc9b496f05d64d43ec8d863f,delivered,2018-04-28 10:32:38,2018-04-28 10:53:40,2018-05-02 12:26:00,2018-05-07 12:54:54,2018-06-01 00:00:00
059cc0a6e41682f072113815225a5ff7,218bdff2df7ac32907c87cda2061e9df,delivered,2018-02-18 19:11:00,2018-02-18 20:26:56,2018-02-19 17:07:44,2018-02-27 19:18:29,2018-03-13 00:00:00
0d6fee6350875c4d645f6490e7f3ee5b,8c033b565b53f0b593b0c0a9d3b9dcd8,delivered,2018-02-20 12:55:55,2018-02-20 13:10:49,2018-03-01 20:34:18,2018-03-14 16:42:01,2018-03-20 00:00:00
58f06cdcc39850d51ec8677cdff108be,ff2f94c1b20c97ebd9171db22c8e6295,delivered,2017-03-10 08:10:58,2017-03-10 08:10:58,2017-03-10 10:25:00,2017-03-20 10:33:02,2017-04-12 00:00:00
ae381714e252e42f49f6de768f243969,ab7476e954ab9cce9236b8392606624b,delivered,2018-04-28 14:28:42,2018-04-28 14:53:10,2018-05-02 08:25:00,2018-06-05 13:58:52,2018-05-22 00:00:00
9a5463c5be32caedf26ee1c5af6b5459,f5383e357cfe5999fbb5d86f07765cc0,delivered,2017-03-05 23:22:58,2017-03-05 23:35:18,2017-03-07 15:36:07,2017-03-13 11:05:41,2017-03-23 00:00:00
52cba627ccdd9b94ac5a9be42d31b58a,7f8a1c90d9ee5773dbbe0d70ac48b7c9,delivered,2018-01-02 20:16:58,2018-01-02 20:28:57,2018-01-04 16:03:51,2018-01-08 22:09:18,2018-02-05 00:00:00
062e5ab5d16890def5883cd9fe35615e,e9fb43f6ae5bfa218dde1430df4a8641,delivered,2017-10-22 00:31:39,2017-10-24 06:34:56,2017-10-30 13:42:25,2017-11-07 18:33:14,2017-11-16 00:00:00
c882b9080c3622f37c41a25458378b69,3e6b478fcfd7aa346af38ec71ec159ae,delivered,2018-04-16 11:10:13,2018-04-17 05:49:57,2018-04-17 21:51:53,2018-04-23 20:48:42,2018-05-03 00:00:00
7fefe32e6b0c87d855993ac5dc8dd951,5ccef752edd45fef7a1585a62a3c0a20,delivered,2018-08-01 22:06:49,2018-08-01 22:15:24,2018-08-03 16:11:00,2018-08-11 05:16:39,2018-08-14 00:00:00
984b736f36379b94a92c737061fef6b4,354958fbd43fe35519e2b51cf974b99b,delivered,2017-04-30 14:13:56,2017-04-30 14:25:14,2017-05-02 15:23:05,2017-05-10 09:51:55,2017-05-25 00:00:00
3a4a16a0abedcdaf512f9c1a791049c0,b98dce52f7623552b8acdb382bfb202b,delivered,2017-11-29 12:38:38,2017-11-29 12:58:18,2017-11-29 22:02:58,2017-12-01 16:42:30,2017-12-13 00:00:00
38e0cb80c67af61efd491a83aed8c8be,f45084d9526b019b846ff5baf75014bb,delivered,2018-07-20 09:55:09,2018-07-25 23:32:02,2018-07-25 14:06:00,2018-07-30 18:03:12,2018-08-08 00:00:00
52472bb5641bc4069affdcb1210d2feb,d968e5c03602c9ba9201038339872902,delivered,2017-11-12 15:14:39,2017-11-12 15:26:14,2017-11-13 19:32:01,2017-11-14 17:03:00,2017-11-27 00:00:00
afce0ce9c7f274fe0f46591b25e9d438,ec126b0b2593214b75ec14893b15d9e5,delivered,2018-02-08 17:41:15,2018-02-10 10:18:48,2018-02-10 01:17:51,2018-03-02 20:46:46,2018-03-09 00:00:00
3027797ce35841bf74917c0b0ea1a38d,64e2e80c6c053f95af9f072968fc8196,delivered,2017-01-15 12:37:26,2017-01-15 13:05:44,2017-01-16 08:50:39,2017-01-23 16:14:21,2017-02-24 00:00:00
ac494f2492ac7cf8a41a392e48a51235,a469bf7183aaa8062ea38d7eb578d265,delivered,2017-08-27 17:01:15,2017-08-27 17:10:25,2017-08-28 17:32:20,2017-09-01 15:22:06,2017-09-29 00:00:00
121cee5f26a6ad83236f8348386a035e,5f78591f2dcaf59c014ea6d8934a1f91,delivered,2017-07-22 20:27:27,2017-07-22 20:43:02,2017-07-24 19:22:25,2017-07-27 20:57:59,2017-08-11 00:00:00
b0226a31a2297b13e23df75400c28d81,de059415c6f437f5d8b6d4f212e5402c,delivered,2017-12-02 06:32:02,2017-12-05 04:15:51,2017-12-07 13:32:29,2017-12-27 21:24:54,2018-01-02 00:00:00
f5691c2b1ca263490374d13d020bd950,ed369d5d0e1850f096e478def9027961,delivered,2018-02-24 17:38:14,2018-02-24 17:50:26,2018-02-27 17:52:31,2018-04-23 17:53:25,2018-03-22 00:00:00
7ef2c6899131acab158119767e5880d5,d22a47bf2e5f0cc18e92898afb5322d3,delivered,2018-07-19 22:33:27,2018-07-19 22:45:10,2018-07-24 14:59:00,2018-07-30 19:46:54,2018-08-08 00:00:00
dfb95a7031f9abf6495bc955837c3125,759402811612c3837b9e688e4ddc26bf,delivered,2017-03-01 23:12:39,2017-03-01 23:25:14,2017-03-02 07:36:45,2017-03-09 14:27:45,2017-03-31 00:00:00
a020433e87434b10e6dfc7a7ceb690c0,2bf9dbfa616a211aef13c9c3589642cd,delivered,2018-05-02 20:18:26,2018-05-02 20:53:40,2018-05-03 09:09:00,2018-05-10 21:16:44,2018-05-23 00:00:00
2638e64a928557c96574eb38ef0b04e8,374c44b41aa7d2530e4c0f858ed605b9,delivered,2018-05-03 08:15:45,2018-05-03 08:31:56,2018-05-03 11:08:00,2018-05-08 21:48:45,2018-05-25 00:00:00
34bf4feda1e203af64692d97c6950c39,64b56cb1662271f54a81d96a28741487,delivered,2017-01-05 12:14:58,2017-01-07 03:35:24,2017-01-11 16:09:04,2017-01-16 16:13:55,2017-02-01 00:00:00
6d9da1dcc8d05c588e4ea617d0fe9465,ce9167d363251ec55e167d15816ea22e,delivered,2018-08-09 14:12:11,2018-08-09 14:26:21,2018-08-10 14:51:00,2018-08-14 16:04:42,2018-08-15 00:00:00
35bf7f86bc7add201e5b6573052157f0,7fedd1fd0e93898a67a4ffa570b50497,delivered,2018-08-13 22:22:03,2018-08-13 22:30:14,2018-08-28 09:43:00,2018-08-30 18:28:31,2018-08-27 00:00:00
2b0ea1bc126b4422086b85c125810819,aff11919be30c1cdc7c7e6340382d72e,delivered,2018-04-05 11:36:07,2018-04-06 03:08:29,2018-04-07 01:22:39,2018-04-09 16:15:02,2018-04-23 00:00:00
c8bc8f1025acaa48d5be4ea4c11c88a3,8221c54551cd04fde5c190327187315d,delivered,2017-09-26 12:20:27,2017-09-26 12:35:20,2017-09-27 15:48:17,2017-09-30 01:15:38,2017-10-18 00:00:00
debba1cc1685803f891dc845be9f9119,792d60f8990ca759e432d4d95612282f,delivered,2018-03-27 09:21:59,2018-03-27 09:35:20,2018-03-29 00:32:43,2018-04-20 21:27:49,2018-04-17 00:00:00
0e1f02c51187a6a08aa473a3a0f3bc71,edb5b016b8ad8eb09f8c33cb3013a52a,delivered,2017-11-20 18:53:36,2017-11-21 03:46:25,2017-11-21 14:57:50,2017-11-26 16:18:48,2017-12-12 00:00:00
e8f4435c1db6d7bf9e191fd9bd6a6682,e024d0495b6a3a0ad665becb6452206f,delivered,2018-06-20 19:31:47,2018-06-20 19:58:06,2018-06-22 12:20:00,2018-06-25 21:33:14,2018-07-12 00:00:00
e26f55a50645c4ffe8f2278b9c7e05b6,bf048168b14f8356e05d04dc16e9c9c1,delivered,2018-04-18 09:51:57,2018-04-18 10:10:56,2018-04-19 20:26:36,2018-04-20 21:22:40,2018-05-04 00:00:00
02556030d826438ef986ab5fd723a9a5,7e99f5592fa32c986abe9622f3058a49,delivered,2018-02-11 10:47:59,2018-02-12 10:48:11,2018-02-16 20:09:12,2018-03-05 19:14:28,2018-03-14 00:00:00
421458b47a5a081467392d21eb42aeb4,b08fac8c0f68c7bfed763fe5d78eb557,delivered,2017-10-03 13:26:11,2017-10-03 13:49:21,2017-10-04 22:27:57,2017-10-27 16:02:57,2017-10-25 00:00:00
f3ac1ae368056ff22ec4aa00b35cf351,37eb563f19e35c3d7c0e6218854571b1,delivered,2018-06-26 00:54:06,2018-06-27 03:35:31,2018-06-28 09:14:00,2018-07-05 12:29:00,2018-07-27 00:00:00
4b7e81be5da17ae60c44ba5992fac95d,b07e3d2770a8635837a1a1542b0d54f5,delivered,2017-03-21 16:54:22,2017-03-21 16:54:22,2017-03-23 15:24:26,2017-03-27 18:37:31,2017-04-07 00:00:00
91e725244b1ed72249f35430530e8bcb,c4dc91bdedce7359df739e25b9b3a21d,delivered,2018-06-26 15:14:47,2018-06-26 15:36:28,2018-06-27 13:03:00,2018-07-03 22:50:09,2018-07-20 00:00:00
ffdb12bf66b3d0145d09d962745a05f6,621bdee022e2acb3aadf90994fd4e39a,delivered,2017-10-14 19:46:54,2017-10-17 04:15:00,2017-10-20 18:17:56,2017-10-27 16:24:37,2017-11-14 00:00:00
38148c3810e7b739572bd17e7345de0e,ee80a9de8e46cfa4b1d57728a29bc6ad,delivered,2018-07-18 16:38:14,2018-07-19 03:02:28,2018-07-19 14:43:00,2018-07-23 19:37:59,2018-08-09 00:00:00
7e2161123332d22deb9d0fe9a4bcaa1a,124ad1a02952811749ff9285b5e0a5c3,delivered,2018-08-02 16:16:41,2018-08-02 16:30:58,2018-08-03 15:46:00,2018-08-07 18:18:26,2018-08-13 00:00:00
eb548af48abf2239b1967a6798cd1d89,09d5928beb6589630dc2dfa45b7a8706,delivered,2018-04-13 19:25:25,2018-04-14 19:31:14,2018-04-17 17:18:46,2018-04-25 00:38:50,2018-05-25 00:00:00
a323136c70288cf38733120f38fd5130,4ac39553e07e3ac95cd4f6e5e1a22327,delivered,2018-04-29 09:48:46,2018-04-30 09:50:26,2018-05-02 14:17:00,2018-05-08 16:34:37,2018-05-21 00:00:00
5e503e04fb4ac991c961ba04464043ef,63c58c6aa9fe2497884438c6756fe940,delivered,2018-04-11 15:33:25,2018-04-13 12:50:24,2018-04-16 18:31:52,2018-04-20 19:58:33,2018-05-07 00:00:00
fecae1bd1ff32a92a32f344535a9cf15,773c8b300f0ac77b525ad68009347910,delivered,2018-02-11 23:59:02,2018-02-12 00:10:31,2018-02-16 20:07:13,2018-02-22 00:06:05,2018-03-06 00:00:00
9198b4e581a0d75d41d959e9a161d1fb,326d6411a0ea9bf9fa58b6f386a7ac98,delivered,2018-06-06 13:01:42,2018-06-06 13:15:17,2018-06-08 14:57:00,2018-06-19 12:26:24,2018-07-12 00:00:00
87088bdc1540ebbba402377ce8cfbbb6,58bc1c991340ff5dad626db50a02b869,delivered,2018-07-30 19:49:47,2018-07-30 20:04:45,2018-08-06 12:14:00,2018-08-08 22:38:45,2018-08-09 00:00:00
85a81c0e39303d994f18f70782aea630,d235b32c477cc6bcc8d968e1443b826a,delivered,2018-08-01 19:32:45,2018-08-01 20:30:22,2018-08-14 11:41:00,2018-08-16 17:58:51,2018-08-20 00:00:00
d0dbda050bd2eab75385fd7d22fc3a80,3a5a1d3cc48339dcf5da97cb1e09a031,delivered,2017-11-04 14:32:12,2017-11-04 14:46:33,2017-11-06 19:27:38,2017-11-14 00:51:48,2017-11-29 00:00:00
e5fe38521d772f4cd7ee3487ac6831c2,25d0a19994db670da25c2a23de8466f0,delivered,2018-05-31 08:13:28,2018-05-31 08:30:26,2018-06-11 13:34:00,2018-06-21 16:27:44,2018-07-23 00:00:00
7fc033af2ece8187b358f40d43a6b6e3,854e4647a09c84c5eb8db03e6328c2ef,delivered,2018-08-07 20:12:26,2018-08-07 20:24:55,2018-08-08 11:54:00,2018-08-15 19:41:43,2018-08-29 00:00:00
bcbc8a3ecee336fb4246953d88479a9a,27945705176edfc88626182607cb3ec6,delivered,2018-04-30 15:44:22,2018-05-01 02:38:23,2018-05-03 06:33:00,2018-05-08 17:02:48,2018-05-18 00:00:00
4e9ff1cf3de62fe0f78482fb03f190f1,a169caa335df070f315a2434fc6f5587,delivered,2017-12-04 18:43:34,2017-12-05 04:11:58,2017-12-05 19:13:02,2017-12-14 00:16:15,2017-12-28 00:00:00
dd68ef67523952a95a744e87a90375b9,ab7cdde52066bfd89ad0d6219b6a5a0c,delivered,2018-07-20 10:33:13,2018-07-24 11:32:36,2018-08-07 14:04:00,2018-08-13 15:35:10,2018-08-16 00:00:00
8db6d994614bcc929d44d89152cee0a2,5a3ca183a31a2561f9a3d743a301c162,delivered,2018-05-12 12:02:28,2018-05-12 12:12:33,2018-05-14 14:04:00,2018-05-22 00:22:02,2018-06-01 00:00:00
61f50b9484c359645b77ea7a6ffdd946,222a77a6c34da7d894f816fc6fadd129,delivered,2018-03-18 10:50:44,2018-03-20 03:28:20,2018-03-21 19:04:11,2018-03-22 20:28:58,2018-03-29 00:00:00
8ef736291230daaf8c549e5120c51cae,8d0cf47c73dcbe1d145091add47ba6c9,delivered,2018-06-02 10:11:22,2018-06-02 10:30:54,2018-06-04 13:47:00,2018-06-08 21:18:35,2018-07-13 00:00:00
8299066c13f491b4cf9bdb486d2058c2,9463b5b75f8762cb7253d4c117bd2194,delivered,2018-05-14 12:53:23,2018-05-14 13:17:03,2018-05-14 12:43:00,2018-05-23 21:21:54,2018-06-06 00:00:00
50b8dbee8859800c77f56a85f7db69cc,6bb72ac9549dd49ee755b90d18bc8ee1,delivered,2017-12-11 15:30:12,2017-12-12 03:55:35,2017-12-12 21:37:01,2017-12-14 17:33:46,2017-12-28 00:00:00
3bc7bafe08bb58c43522debcebcad17d,7174ad809f497cf0fa40b32ff467b503,delivered,2018-03-22 14:00:42,2018-03-22 14:15:31,2018-03-28 02:26:39,2018-04-03 22:28:25,2018-04-13 00:00:00
f2817b9b62f285df8c6fc08f6ee87077,35113242ebcc421446ced363e5afe211,delivered,2018-06-16 17:24:43,2018-06-16 17:38:49,2018-06-20 14:08:00,2018-06-26 15:09:39,2018-07-17 00:00:00
a59a8fa1ef4546339d5f68967925864e,5e4c923f6bf499ccf01382f680b35c55,delivered,2017-11-07 23:18:59,2017-11-07 23:35:32,2017-11-08 19:41:00,2017-11-16 21:45:32,2017-11-27 00:00:00
67f3b828f1f998df84200e854c3119e1,80c4dc46956f0f6a5ed3e574353e0f71,delivered,2018-05-13 19:47:19,2018-05-14 19:57:50,2018-05-30 14:03:00,2018-06-08 17:41:48,2018-06-13 00:00:00
9e02c4c728d01f48f6a07f6179cef325,912432b1441d770e3a875423ef50f6af,delivered,2018-06-06 04:47:21,2018-06-07 03:12:31,2018-06-07 15:04:00,2018-06-11 22:32:31,2018-07-03 00:00:00
53544829cdc8e89c9fb03d74ba13a4f7,c0c74e5770ac223cc65fcb3e531703d5,delivered,2017-10-01 18:58:44,2017-10-01 19:14:12,2017-10-04 17:06:56,2017-11-01 22:02:58,2017-10-24 00:00:00
84044525fdc38c357145cbe9681e387e,9844f1bf373bfd63ccb3ce5f1793debc,delivered,2017-02-05 15:41:37,2017-02-05 15:50:21,2017-02-07 11:31:48,2017-02-20 11:37:44,2017-03-23 00:00:00
f331aa0f00901e6fac9d24f48343d282,f289ae46fe4c8492d0b09e523c1c0a12,delivered,2017-10-24 00:35:32,2017-10-24 00:49:18,2017-10-25 20:14:16,2017-10-26 21:52:18,2017-11-06 00:00:00
a28f923e467a199f1c999037c871c9b1,a280ca247884f51fa75900e6cd4b17a3,delivered,2017-11-28 01:18:59,2017-11-30 01:21:47,2017-12-07 02:14:58,2017-12-16 14:31:00,2018-01-05 00:00:00
a6891e28ce17d3ec9391ae48c5a321d1,c8d818c5d5c614a9042ce8e23ad8f125,delivered,2017-08-30 15:01:26,2017-08-31 02:50:28,2017-09-04 20:12:41,2017-09-06 16:35:03,2017-09-18 00:00:00
20cc317e80d8a478c61b30c26edd3f0b,f74f7d4e2664b99e1cd78ef0f906f4cb,delivered,2018-04-26 08:47:53,2018-04-26 16:32:48,2018-04-27 14:16:00,2018-05-03 19:54:25,2018-05-15 00:00:00
82ee69216f11b23e2d21d2796e079366,7f8aa5f321fc28ae90ee6a38cd6e3150,delivered,2018-08-08 11:34:56,2018-08-08 11:45:19,2018-08-14 13:59:00,2018-08-17 12:28:46,2018-08-23 00:00:00
f3d070c8b094a00980b59d97ff3d95ca,1abe6320a51b5dd13451f67d2ff446af,delivered,2017-07-29 12:00:55,2017-07-29 12:15:16,2017-07-31 17:27:35,2017-08-03 19:29:50,2017-08-29 00:00:00
29a2fc94d071b51922d95462458c6c7f,8df7e106f99ae17a05a4594b8d77a3cd,delivered,2017-03-17 08:08:05,2017-03-17 08:08:05,2017-03-21 09:36:44,2017-03-24 16:48:17,2017-04-07 00:00:00
78e71adaa2a4cd500b0c3421c6c588b8,d256c1df237b8ea64ecd66b77cf142df,delivered,2018-01-14 12:36:11,2018-01-14 12:48:28,2018-01-15 18:48:44,2018-01-25 22:54:56,2018-02-07 00:00:00
9074c0d9543d2c8d13c3c99b15ddfd55,ce581900fcd586972330fa45459265f5,delivered,2017-03-08 19:13:39,2017-03-08 19:13:39,2017-03-10 15:26:52,2017-03-16 17:31:46,2017-03-27 00:00:00
69949f70025210748c64e8271bc63520,671d695d18f4e956cb2cf8676da962d1,delivered,2018-01-04 10:37:57,2018-01-06 08:59:53,2018-01-08 20:06:35,2018-01-24 16:37:19,2018-02-02 00:00:00
91394832e2cfea6fd2da6fe1b72df4c9,2158a2e31d4465b16cec3d61354dee03,delivered,2018-08-14 13:36:29,2018-08-14 13:50:18,2018-08-15 14:19:00,2018-08-24 17:03:53,2018-09-17 00:00:00
8976430d1df174a9bce201c4e859d921,710c1f2c83705274fbd85f1cc9cd1a0f,delivered,2018-04-14 18:48:26,2018-04-14 19:10:59,2018-04-17 14:19:31,2018-04-21 15:14:49,2018-05-23 00:00:00
9646824929f3639e4b1733a40e3ae25a,47aed935aadfd0216c914feef077b799,delivered,2018-03-07 15:15:15,2018-03-07 15:31:57,2018-03-08 23:18:30,2018-03-13 13:23:50,2018-03-23 00:00:00
c20b8787cc61fb390fe578ddf1995933,b33f12eb84ce2fd376a58202dcbb8a67,delivered,2017-09-22 23:13:00,2017-09-26 04:04:31,2017-09-28 14:56:41,2017-10-06 19:23:22,2017-10-16 00:00:00
907057c26859398070400de963028855,f04c3f6e20a2a4318d97d7cec1d27bbf,shipped,2017-08-21 15:01:40,2017-08-21 15:15:10,2017-08-24 18:40:09,,2017-09-21 00:00:00
52d4b2f313a33c4f6ae0f774f4d9221e,bb648df2c17869f35b0bc5d0d4f40a1d,delivered,2018-02-16 16:59:52,2018-02-16 17:15:25,2018-02-22 17:22:00,2018-03-08 00:49:49,2018-03-12 00:00:00
1be51feefcd481bee3118900e6777057,0fce8fa7269758a9711ebafed7c8bf65,delivered,2017-05-17 21:06:56,2017-05-17 21:21:58,2017-05-19 09:51:44,2017-05-29 12:16:50,2017-06-08 00:00:00
4c9904554ffe76f9b6ec64bd4e266778,961550c2d5a8c8f344f070cd57768e1c,delivered,2017-08-03 22:55:21,2017-08-03 23:10:14,2017-08-04 18:17:26,2017-08-10 18:04:52,2017-08-29 00:00:00
7bdb2d28573c6576a3204c21c98aa93c,7bdfd539472c3f643e7818768c461be8,delivered,2017-04-25 21:09:59,2017-04-26 09:34:42,2017-04-27 06:47:42,2017-05-02 12:58:07,2017-05-12 00:00:00
c5c82d0544e75ee9ca884b6f458dfaba,9914ae7a72a8729b8e0c04894e50c586,delivered,2017-12-05 19:01:29,2017-12-05 19:15:31,2017-12-06 16:55:20,2017-12-13 17:18:00,2018-01-04 00:00:00
5a9f638cae9fc9cd16c2f1e748da4c77,bab00597e0b0a37f66188dba9063b493,delivered,2018-02-24 22:09:07,2018-02-24 23:00:37,2018-02-26 18:57:05,2018-03-09 20:03:39,2018-03-16 00:00:00
95261f608a64bbbe760a212b4d48a4ee,5dca924cc99eea2dc5ba40d11ec5dd0f,delivered,2018-06-15 20:07:13,2018-06-15 20:41:11,2018-06-18 15:52:00,2018-06-21 12:18:32,2018-07-05 00:00:00
48392c118a56906cb754da6de7a6bf38,9e8ba2e59aa2e9d2582584dfc5196145,delivered,2018-02-28 15:55:22,2018-02-28 16:15:56,2018-03-02 15:33:23,2018-04-03 17:32:16,2018-03-27 00:00:00
4a0631db2a41a97552aeba43bb156b08,607d02e2b62d5615a13a02914144d29e,delivered,2017-12-29 20:33:35,2017-12-30 20:27:04,2018-01-03 21:28:24,2018-01-15 19:52:50,2018-02-01 00:00:00
c2df33f3704734147110b6685185915a,463c8cea8adb293163eb6704e2542b00,delivered,2017-12-03 09:56:01,2017-12-03 10:13:19,2017-12-04 22:15:09,2017-12-20 23:10:03,2017-12-27 00:00:00
a6e307f50d1a494a1ad373af7a748e1d,9834899aa900947d8832062231831871,delivered,2017-01-25 09:42:36,2017-01-26 02:10:20,2017-01-26 10:37:16,2017-02-02 16:35:31,2017-03-10 00:00:00
41f96c03eb68bd14c41a74e504ddcdbf,211ccf4cdfb61d29517dcdef08deed32,delivered,2018-04-09 21:41:00,2018-04-09 23:10:29,2018-04-13 18:03:13,2018-04-16 16:28:56,2018-04-25 00:00:00
78677d29b6ced35c181f0d59b0106355,7e13ad3d6410664e2311bbe3433607bd,delivered,2018-04-12 13:40:32,2018-04-13 13:14:33,2018-04-17 23:38:29,2018-05-03 22:07:34,2018-05-09 00:00:00
dd4d3cf66aa23e931c9af921516324e4,00c634fb2feeb4e2767a916c2375c9b8,delivered,2018-08-20 19:09:20,2018-08-20 19:30:10,2018-08-21 14:02:00,2018-08-23 22:17:44,2018-08-28 00:00:00
84e34554c40b81ca0f4228e7c59179f9,740ada6fbe8fc3d20d6bd34fe205b5fb,delivered,2018-06-05 19:11:38,2018-06-05 19:54:46,2018-06-06 15:02:00,2018-06-23 16:51:34,2018-07-27 00:00:00
03a312126d4985217afef2625df60af4,393df32d466d4952412196461ac05d52,delivered,2018-04-10 19:02:15,2018-04-11 17:50:18,2018-04-14 01:15:23,2018-04-19 14:22:53,2018-05-02 00:00:00
1f6ddbae00fc6acbc0457caa5fd89ad1,a86f4da27da046cfe243ffb26f3ccfa4,delivered,2017-09-05 09:41:49,2017-09-06 09:45:42,2017-09-08 20:42:12,2017-09-15 20:07:41,2017-09-22 00:00:00
dd36773263ff4067f6b50d5a7ad9d8b8,80ab6bbd8027f608ce6fdd8eeba13c3b,delivered,2017-05-11 14:56:16,2017-05-11 15:10:21,2017-05-12 09:57:59,2017-05-15 08:59:48,2017-05-19 00:00:00
de2ab566764e5148ccab8476d2cf1806,773aae05bac914c36004d54d159a2e35,delivered,2018-03-12 22:16:53,2018-03-12 23:28:27,2018-03-13 18:21:20,2018-04-03 19:26:46,2018-04-05 00:00:00
0b42c660077b29a5c0b8476149a037ce,ccdc2ddfa95f2b9436f3c21dfcd6ae2d,delivered,2017-12-10 23:27:20,2017-12-10 23:35:23,2017-12-12 18:45:46,2017-12-28 21:27:19,2018-01-09 00:00:00
61c2fee6b0e84bb5aab5cb16b1cd3020,c3b21b534564d01c868efa9e63f298d8,delivered,2018-08-21 17:48:37,2018-08-21 18:07:02,2018-08-22 14:55:00,2018-08-23 18:34:49,2018-08-28 00:00:00
4989085cad96697e77c016d0e856b166,0615ccf2d9e2a40903c1ee5d96db352f,delivered,2018-04-16 21:49:34,2018-04-16 22:32:23,2018-04-19 17:36:50,2018-05-12 15:49:51,2018-05-28 00:00:00
b4059555399120834bc8cf54a84bc6c8,ebd4427eb14de37b29b78d4464004cab,delivered,2018-05-31 20:23:17,2018-05-31 20:35:14,2018-06-01 13:13:00,2018-06-03 13:51:59,2018-06-26 00:00:00
edf97e2ce9f13188f1f70288901d707a,be246cd60ac804fef4aac069a77b3df6,delivered,2018-08-05 22:27:32,2018-08-05 22:44:20,2018-08-06 13:36:00,2018-08-08 20:34:48,2018-08-13 00:00:00
d81e6712eb9cf9f1fcc36ef44e2a19a2,329014c3035be8b78c9cee2f4e6c6746,delivered,2017-11-26 10:28:22,2017-11-26 10:49:34,2017-11-29 12:47:49,2017-12-11 22:47:05,2017-12-22 00:00:00
74d17f79f897a6ed435142094b225a89,85245501c69284379cc78c76a42b722f,delivered,2017-03-09 08:42:31,2017-03-09 08:42:31,2017-03-17 08:27:45,2017-03-21 09:50:00,2017-03-28 00:00:00
773f515d33d86f596ef646f6864670c0,0c5fac92d05500d45585d4a0ea36eea2,delivered,2018-03-12 23:54:32,2018-03-13 00:05:24,2018-03-14 00:24:25,2018-04-11 17:47:19,2018-04-06 00:00:00
c66a6afc1a7328bd219214cbf7cf80d5,36ba0a3872f465051b070a89f8f40c38,delivered,2017-11-27 21:29:49,2017-11-30 17:31:14,2017-12-01 17:32:59,2017-12-09 15:27:09,2017-12-22 00:00:00
54ead55258a0f7c690c5396bbe410795,4982fd02695e0255010f2c65025cd965,delivered,2017-11-11 17:45:07,2017-11-11 17:55:31,2017-11-17 13:18:46,2017-12-01 18:09:15,2017-12-08 00:00:00
0b468af2e7c3af5bce986f443aa69083,c70dbe9bfd930472b5a3bc0d052fafa3,delivered,2018-07-31 16:41:43,2018-07-31 18:00:07,2018-08-02 10:37:00,2018-08-03 13:31:13,2018-08-08 00:00:00
74f9ee0e66467cc93728042775469e4e,1cbe9451567408725b5ab9c1b6f848eb,delivered,2017-12-17 18:45:57,2017-12-17 19:54:01,2017-12-19 22:39:26,2017-12-30 00:04:29,2018-01-19 00:00:00
52c22e292217edc013570013d1580fcf,722b019d300f4e859a92e10b3b76f6dd,delivered,2017-07-17 11:58:09,2017-07-17 12:10:13,2017-07-19 20:24:49,2017-07-26 16:41:26,2017-08-10 00:00:00
badf900cebb1447c807cd761411ca369,0358a7592f838123fd781a9830917175,delivered,2017-11-15 12:39:34,2017-11-16 09:35:25,2017-11-20 18:42:57,2017-11-23 00:08:30,2017-11-29 00:00:00
ad6375df4d400deedc67049cfe1ae46f,9cee027c663f66d73a78ab124f88961a,delivered,2018-06-07 10:23:01,2018-06-07 10:59:48,2018-06-08 13:50:00,2018-06-14 18:34:57,2018-07-13 00:00:00
333e7a046c4e6cc445f3178043b57039,4688c6355c8b84b24a780915fa1cf4eb,delivered,2017-05-08 23:25:31,2017-05-08 23:35:20,2017-05-11 14:16:12,2017-05-23 14:43:09,2017-06-06 00:00:00
67e5683ee43c8f5d4c0b46f7f8932ac8,6d51f1fb500ebe392c0f01f81c33ac4a,delivered,2018-07-24 13:19:06,2018-07-25 10:05:11,2018-07-25 13:46:00,2018-07-31 23:41:04,2018-08-14 00:00:00
53b052a1e5fe93eafbcb8243e9a71b4a,ada31f1e64f6080fac87e17b83bc9d87,delivered,2018-06-20 22:28:09,2018-06-21 08:18:48,2018-06-25 15:06:00,2018-06-28 19:11:48,2018-08-01 00:00:00
0de88914980b96be31b33a407f19ccfb,2397dd19bf74da4cd1fe4b5839199d91,delivered,2017-12-11 08:45:05,2017-12-11 08:52:27,2017-12-11 19:32:17,2017-12-20 20:39:14,2018-01-09 00:00:00
abb8bdeeece22706515f5f4b05d73d96,fdb45427f85fe29055e2acca69d3158a,delivered,2017-09-26 12:00:15,2017-09-26 12:24:16,2017-09-26 17:19:01,2017-09-29 22:37:44,2017-10-19 00:00:00
9f7ba492c273ffac8f90a623b8eadd3b,c61336d6c835632048f973d2f2db598d,delivered,2018-08-23 12:31:37,2018-08-24 03:24:24,2018-08-24 15:14:00,2018-08-28 02:06:35,2018-09-03 00:00:00
0276bd1aea24c642af813980281af144,ad8def83f5b550a3b6e13f1ca084a6df,delivered,2017-03-28 19:34:19,2017-03-30 02:15:54,2017-03-31 13:48:49,2017-04-19 07:15:22,2017-05-03 00:00:00
fc24613395700f29adf22b2383c12bb0,81f561520e52174150b1900259863a99,delivered,2017-07-29 01:28:34,2017-07-29 01:35:18,2017-07-31 16:41:59,2017-08-08 22:03:40,2017-08-23 00:00:00
a3c7d28de01c698e2ce11cd0d2b63714,9413305b5a13836d2da295fc5bf9d704,delivered,2017-03-23 09:05:01,2017-03-23 09:05:01,2017-03-24 10:08:16,2017-03-30 14:56:26,2017-04-11 00:00:00
50aee6309ac7a0d4fd5c78ac0d4e5404,b48f0c850994495b24f1440c76873576,delivered,2018-04-25 09:06:16,2018-04-26 04:15:20,2018-04-26 12:09:00,2018-06-19 14:29:06,2018-05-21 00:00:00
90a1422a1f083e2c405dac4289980c69,0226546cc4bbdda9dea563ff7138700e,delivered,2018-08-14 14:04:50,2018-08-14 14:15:20,2018-08-21 09:06:00,2018-08-25 00:56:23,2018-08-30 00:00:00
d5af6d41c141d7f5e36c08e509167d01,ca57bb5656e1cdd3988f4029be71fdcb,delivered,2018-01-10 09:31:29,2018-01-12 10:17:34,2018-01-15 18:43:34,2018-01-16 21:42:40,2018-01-30 00:00:00
2525cd7ce3320dde22109e4066be3f7c,41ddb6b40ea0a93e0db456b9da68eed7,delivered,2018-02-26 15:59:27,2018-02-26 16:32:26,2018-02-28 16:25:42,2018-03-15 14:08:41,2018-03-26 00:00:00
83eeb5927501d7cd48797636a1ec02c6,393e5c8146554179c1b5fdc1b68c8d85,delivered,2018-01-08 20:39:42,2018-01-10 10:32:50,2018-01-10 21:13:39,2018-01-11 16:28:42,2018-01-24 00:00:00
527676fa1c791f44e2eef1579abf401e,a542cb794ba26cecc08fdd5db20b5b45,delivered,2017-11-17 19:41:49,2017-11-18 02:35:32,2017-11-21 12:27:47,2017-11-24 18:11:44,2017-12-06 00:00:00
afca71553980e9b43f27c3bb7d1c54ea,566a5937fce940cf40bf500a444b8f0c,delivered,2018-03-08 20:59:46,2018-03-08 22:00:37,2018-03-09 20:26:26,2018-03-11 10:38:33,2018-03-20 00:00:00
947b612f269cbbdaa438d55bb70f1baf,c78c34e7592e3ebcf506ddf2e0d68e5e,delivered,2018-08-07 13:53:07,2018-08-07 14:05:14,2018-08-08 13:19:00,2018-08-15 15:26:46,2018-08-21 00:00:00
3ed46d0aeda8a091370db112656e55cc,2281c16b24e5ab1b782509f52aa8f4b7,delivered,2018-08-16 19:24:38,2018-08-17 03:29:48,2018-08-17 15:40:00,2018-08-20 19:46:43,2018-08-22 00:00:00
16848e3116ca4e2beaf0e680d166e8b1,b297a6c631b324386e58204c77aa7dbe,delivered,2018-05-07 02:24:36,2018-05-08 04:54:01,2018-05-08 15:40:00,2018-05-10 19:16:45,2018-05-21 00:00:00
2b6347490306d1c429b6b911ea03f6b8,09d3fee85c0b42b394d08b20e7010f66,delivered,2018-06-15 22:48:37,2018-06-15 23:21:09,2018-06-18 16:00:00,2018-06-27 16:41:30,2018-07-18 00:00:00
f45110f74eef472858fd944cb3c6630a,084dc3ed024e35663cc3e1acc7d6f715,delivered,2018-05-18 18:22:51,2018-05-18 18:35:45,2018-05-21 09:45:00,2018-05-23 11:12:18,2018-05-28 00:00:00
867edfba28b8528f1424668fbdf0d182,09b05cf05544d8a96f2b7f55a89f10e9,delivered,2017-09-28 17:07:12,2017-09-28 17:25:03,2017-09-29 13:16:12,2017-10-06 19:21:41,2017-10-24 00:00:00
59bccab4e9193a9229f7d1b73fcb47c3,fac3296ec4f116faccfa6a6d7e18b42f,delivered,2018-03-04 18:51:32,2018-03-04 19:09:07,2018-03-14 17:22:06,2018-04-04 16:04:23,2018-04-06 00:00:00
38bbcca5b854ce25280e61e2ade6d7ad,6b133c9c523952f6b66bed7cc86b3db6,delivered,2017-11-29 20:45:41,2017-12-01 18:10:09,2017-12-04 21:42:16,2017-12-11 22:28:42,2017-12-26 00:00:00
e1247131e29e9f01c5ba3db262a4cd25,26bc070c7700855f66d4539446779a16,delivered,2017-06-06 08:37:15,2017-06-07 08:45:18,2017-06-07 16:18:43,2017-06-19 21:49:32,2017-07-03 00:00:00
484d8bdbb5839ffad3b48130d17db006,5d6b137b4a18086f6aa7fa255fbe0f1c,delivered,2018-03-19 20:19:50,2018-03-19 20:30:26,2018-03-23 21:52:42,2018-03-26 22:52:43,2018-03-29 00:00:00
d776bd888cec910433d34b5501ebf2d6,a716b64fe8dde0cfc6a3204fcb473237,delivered,2017-03-11 10:19:05,2017-03-11 10:19:05,2017-03-17 16:23:33,2017-03-31 12:43:18,2017-04-27 00:00:00
c0c1dd37a8e883f0250adaa36b474263,a85fcfe5a8e1ae143d339a18516ad663,delivered,2018-06-05 16:13:10,2018-06-05 17:15:21,2018-06-06 08:23:00,2018-06-18 23:44:59,2018-07-19 00:00:00
e5e9d05da853226a6446801043dddd01,0e224aa0bd25c213012f4fa5a942fd29,delivered,2017-09-15 12:14:03,2017-09-19 03:37:52,2017-09-19 18:42:31,2017-09-26 20:40:13,2017-10-06 00:00:00
55f58caa1cad1cd636b5775aba8a19f5,258454d942d84154907474e925d03c54,delivered,2018-03-18 09:41:35,2018-03-19 09:35:30,2018-03-21 21:41:35,2018-04-10 18:32:18,2018-04-05 00:00:00
ef553ba476c9bf8051035dfc9fdeda79,8fc171b51b07eca528a8a2000be5a16c,delivered,2018-06-13 11:47:15,2018-06-13 12:20:00,2018-06-18 11:55:00,2018-06-29 21:34:53,2018-07-24 00:00:00
b545ad53e8d904631211fb300ae92de8,0bbb36dcf7fa22399f3ca7ec6f22e077,delivered,2018-04-03 16:10:02,2018-04-04 03:10:26,2018-04-09 18:23:28,2018-04-17 17:46:51,2018-04-23 00:00:00
34b26ad88bd9eea1ef3628bbbc624e8b,c33e69c9267c2879acf22d77054298ee,delivered,2017-03-25 19:46:24,2017-03-27 10:35:19,2017-03-27 11:39:03,2017-04-04 07:13:47,2017-05-02 00:00:00
d79cac258c5e81fec5c9738f9b1d2204,0419615aa283aa971b6865c136a31868,delivered,2018-05-09 22:52:58,2018-05-09 23:12:41,2018-05-10 19:05:00,2018-05-11 23:06:45,2018-05-17 00:00:00
fc23d0b3d8b6e49fc4e6d021d7f9073b,a31e5a52da6f1e13e7d1bf74f4749612,delivered,2018-05-25 15:31:13,2018-05-25 15:52:09,2018-05-29 09:26:00,2018-06-03 16:59:29,2018-06-12 00:00:00
1dd21fef8dbb760a4bee7f33810aebde,f0287f4535d7b18e63bff00de4ebb889,delivered,2018-02-21 19:03:05,2018-02-21 19:15:54,2018-02-22 19:28:42,2018-02-28 19:49:17,2018-03-07 00:00:00
7ba1fd18a995ff2c401b69344ed3ac21,bc1de87b881c8cb6d4a1e8119b0e27b5,delivered,2017-04-14 20:05:51,2017-04-14 20:15:19,2017-04-17 14:12:14,2017-04-22 08:57:35,2017-05-08 00:00:00
6195e90e7ea722bbe3310d3908613bd2,9f8d47a6522a7c8d2353ca41fd62535c,delivered,2017-11-24 20:15:53,2017-11-24 23:32:39,2017-11-28 21:24:29,2017-12-11 19:57:02,2017-12-21 00:00:00
3a0fbe8fbdae776394cd93385366a4fd,240316d3cc8d0622aa5a02aa0de18115,unavailable,2017-12-12 14:23:58,2017-12-12 15:31:22,,,2018-01-08 00:00:00
f73b193902ce4f3e76aaca23014c9244,b429f06acc228da3b748c7022f6cf56b,delivered,2018-01-08 22:59:36,2018-01-08 23:08:31,2018-01-09 17:19:48,2018-01-16 15:59:20,2018-02-07 00:00:00
6cb7111806a9b07928d2623e7708e8c6,fd2f4480478f3e3c06ff96ea8d1e44a1,delivered,2018-01-12 15:30:44,2018-01-12 15:50:24,2018-01-15 21:42:27,2018-01-25 18:48:52,2018-02-19 00:00:00
62dfd92a1007e2ed2fa4403fef1363ba,d3f98150c93fb36d161e37af7aecd80c,delivered,2018-02-25 19:29:26,2018-02-25 20:07:39,2018-02-28 22:52:36,2018-03-26 20:57:08,2018-03-16 00:00:00
6b62da1e7a949271375c79105eb3c6df,b4306cbe32841bf5ec0988ab1ac2f5fb,delivered,2018-06-03 20:15:28,2018-06-03 20:31:28,2018-06-04 12:51:00,2018-06-11 22:28:55,2018-07-05 00:00:00
fe4a38f31cc342320f3aff62e8219a62,91c76805866deab5a543dbc2ebd380aa,delivered,2018-06-19 12:40:04,2018-06-19 12:58:17,2018-06-19 13:26:00,2018-06-22 20:36:36,2018-07-12 00:00:00
9667c332775e4590e952d1ed2b4b5983,162f0611c82d228cddbe4c1c92ba29ef,delivered,2018-07-16 16:07:42,2018-07-17 04:20:57,2018-07-17 14:07:00,2018-07-20 18:51:43,2018-08-14 00:00:00
acb5e6e3b0509b7c723191b53fb9c949,05fad8ded5955e224532ba145c688931,delivered,2017-05-19 15:18:52,2017-05-19 15:35:16,2017-05-22 09:02:07,2017-05-27 05:07:00,2017-06-12 00:00:00
367d03bf43c911607f20c60d4be1032a,41d5f1c3c902745156c89e9cdc8c4cd2,delivered,2017-04-17 18:39:08,2017-04-17 18:50:19,2017-04-18 11:24:43,2017-04-20 15:52:49,2017-05-08 00:00:00
cbce204b327a87445b6e6c28e0c5bfb3,f4c160bdd6f4515d604bfe77dfdefb04,unavailable,2017-09-24 09:24:52,2017-09-26 03:56:28,,,2017-10-10 00:00:00
e881dae0437e8efde70b242d9a1b5a33,ab38c15ae437c9027753155840482b9a,delivered,2017-12-11 19:25:32,2017-12-11 19:35:21,2017-12-13 20:48:48,2017-12-22 19:53:26,2018-01-04 00:00:00
b677863ada4ac26c87c61f4e1ee78b85,774b025b5826352130d8c56b14b1c274,delivered,2018-06-17 15:59:39,2018-06-19 06:35:40,2018-06-19 10:39:00,2018-06-30 14:42:37,2018-07-17 00:00:00
4bb9c2002502ca416276dc1ff5efb1b3,e0e553d46d86daa33b733b1fd2687731,delivered,2018-06-23 14:53:03,2018-06-27 14:20:08,2018-06-29 15:30:00,2018-07-17 17:08:47,2018-07-27 00:00:00
724d428017f2d1e905e1e695296e90f5,3d7ef278f0cc7f7dccf8cc0ca24c8155,delivered,2017-10-13 04:02:39,2017-10-13 04:14:17,2017-10-13 18:00:05,2017-10-17 17:29:59,2017-10-25 00:00:00
e2c88417e46c8c861873841204bc5816,5960071fea483782d848faf9ccd0edf9,delivered,2017-07-11 14:08:34,2017-07-12 02:10:22,2017-07-18 19:58:41,2017-07-26 17:17:49,2017-08-02 00:00:00
211ca17a71bd09c0686507992a585d32,1ef9fed7def12580f599ff403c396d20,delivered,2017-09-28 14:50:00,2017-09-28 15:04:53,2017-09-29 15:17:11,2017-10-09 19:48:47,2017-10-27 00:00:00
3eb5983ab1e64ba4a4dd7425a6d6d48b,d41fb6a790ec990b784d24823da41d30,delivered,2018-01-18 20:49:36,2018-01-18 20:56:22,2018-01-24 21:12:30,2018-01-26 22:38:37,2018-02-02 00:00:00
97b7decf3d24b8e8db00cab51c75c372,1435bc9dbfa94236680b508f50c9722a,delivered,2018-07-20 09:06:18,2018-07-21 03:23:56,2018-07-23 11:42:00,2018-07-28 19:31:33,2018-07-30 00:00:00
2535db807a19b29005b159580bb7f9e5,81ec57effaab52bbf13007f33da4cc2b,delivered,2017-07-25 16:34:00,2017-07-25 16:43:24,2017-07-27 17:46:01,2017-08-01 18:07:26,2017-08-23 00:00:00
e8e9936f9c47a5cafc9a8c7441d31ca4,69d276992a5f4f57011c8f24b59d0b9f,delivered,2018-08-24 21:06:11,2018-08-24 21:24:26,2018-08-27 15:04:00,2018-08-28 13:18:36,2018-08-30 00:00:00
5065ad433fb01b8ee48433c8ce6c6be9,679b6663d92f901171c7d9544094fbc3,delivered,2018-03-02 21:15:46,2018-03-02 21:30:29,2018-03-06 01:56:24,2018-03-14 22:59:31,2018-03-20 00:00:00
9c9ad157b30e942c4359772b6d446e52,9206446f02c90ae87b437e8273e6acb1,delivered,2018-03-15 19:27:48,2018-03-15 19:48:32,2018-03-16 22:21:50,2018-03-20 21:41:48,2018-03-27 00:00:00
20a3853f94a36870c5eff11d407f01cf,00650b839d32a071b1025af8ca26dd13,delivered,2018-07-21 12:32:12,2018-07-23 11:31:50,2018-07-23 12:39:00,2018-08-02 19:52:28,2018-08-22 00:00:00
6957a23032580b6c443b068f0b86cab1,7833c90cda8cc7581e142d1549d76f04,delivered,2017-09-01 15:09:31,2017-09-02 15:05:14,2017-09-04 19:47:33,2017-09-19 01:26:29,2017-09-28 00:00:00
47864ed19d3fc241f11b3d0bc59257e3,52841815a265f7f996b07cf7b4afd0e2,shipped,2017-03-15 12:42:58,2017-03-15 12:42:58,2017-03-16 08:57:18,,2017-04-10 00:00:00
7d8fb4d046d76c289bd66eb341bee09e,5a354ceb0ee403f36eead5e33253730e,delivered,2018-06-20 16:13:39,2018-06-20 16:43:08,2018-06-21 14:12:00,2018-06-29 15:32:11,2018-07-12 00:00:00
30524d6f42cc124d17d641b49e792b87,bb02dc516c4e37f003e8e802369a3a66,delivered,2018-08-05 21:03:19,2018-08-05 21:10:20,2018-08-09 12:58:00,2018-08-16 16:32:20,2018-08-16 00:00:00
fffa82886406ccf10c7b4e35c4ff2788,a5201e1a6d71a8d21e869151bd5b4085,delivered,2017-12-18 16:33:07,2017-12-18 17:33:04,2017-12-20 18:55:00,2018-01-08 18:23:10,2018-01-24 00:00:00
b2fc127731e4fc8f7bd2d2c1898e59ca,75d14995c7fd07f2b9b0410b42f7a155,unavailable,2017-06-14 10:31:55,2017-06-15 03:10:28,,,2017-07-07 00:00:00
67f6f18e0c687b98fa78c479f2a351f6,5d8924c5dcb3cdac00f00f579f24db35,delivered,2018-02-16 21:59:11,2018-02-17 01:46:46,2018-02-28 23:38:47,2018-03-20 15:12:13,2018-03-21 00:00:00
bf95c697c3c00b2cc649e5677c639b79,8ecdd3e8d4b793349e6ef9b9b9cfcba2,delivered,2018-01-22 22:39:42,2018-01-22 22:56:00,2018-01-23 21:49:32,2018-01-26 21:27:35,2018-02-15 00:00:00
286799f6e867edeb5b42441294e8ce90,70ea60b3eebc4ffc330e070df05f0e00,delivered,2018-04-30 11:24:54,2018-05-01 05:13:53,2018-05-02 10:12:00,2018-05-10 16:14:42,2018-05-21 00:00:00
82474078bf3b19dd0e8a32f116334255,d1bb6afef38d6dd7ca73e9afaf192105,delivered,2018-06-04 00:37:18,2018-06-05 00:30:27,2018-06-07 14:11:00,2018-06-11 15:12:31,2018-07-18 00:00:00
06b39bf7a5569f632e2ba8b3bb03498f,ed2cb6882fb72357912fb1ebb592eb3f,delivered,2017-10-20 09:50:46,2017-10-20 10:05:55,2017-10-20 20:27:41,2017-10-27 17:37:59,2017-11-14 00:00:00
e11871c4a3ca0a9435621f216fcecaeb,e013e14a148fb8b6f18a1838c893b51e,delivered,2017-06-06 04:05:46,2017-06-07 02:42:30,2017-06-09 09:04:14,2017-06-12 14:09:47,2017-06-20 00:00:00
50ba38c4dc467baab1ea2c8c7747934d,9e01f714a2b3b8962c222cf2b74c20dc,delivered,2018-03-02 21:32:44,2018-03-03 15:30:28,2018-03-06 23:16:55,2018-03-24 00:04:16,2018-04-09 00:00:00
e6fc62ef4617437d265bd9bef92cd9d3,956ed550c3c715b550191e2a177d254b,delivered,2018-06-22 21:20:23,2018-06-22 21:58:31,2018-06-25 14:39:00,2018-06-26 15:03:25,2018-07-05 00:00:00
fa0eabdc8b8a7fb4e0e95a2b70dabf8b,42669d66e9ebba92f46400f726886844,delivered,2017-11-09 17:54:37,2017-11-09 18:10:34,2017-11-13 19:28:35,2017-11-22 00:48:47,2017-11-30 00:00:00
1b6ab77fb1ae705dfd81220651e0d7c1,d43e0818cf679ebb105810cd34e37ad1,delivered,2017-05-02 11:31:55,2017-05-02 12:35:08,2017-05-16 13:53:50,2017-05-23 08:26:46,2017-05-25 00:00:00
c8b5856601fdab3073669bd36f9b16f2,bfc3a142bb7fefe8ead8836eddae2530,delivered,2018-02-03 13:09:39,2018-02-03 13:30:31,2018-02-05 23:18:27,2018-02-16 22:34:54,2018-03-01 00:00:00
1bb0b420434c7323a0df0cdf9571783b,2fd8e9102db7b1f8fb07e7ab3b742900,delivered,2018-08-11 11:25:40,2018-08-11 11:35:10,2018-08-14 08:29:00,2018-08-16 16:51:51,2018-08-24 00:00:00
7b9c120adc232288aecdf32aa428ee8a,027f4d228b15f41c385c367b137f425e,delivered,2018-08-14 13:52:50,2018-08-14 14:04:18,2018-08-15 14:07:00,2018-08-20 20:44:31,2018-09-11 00:00:00
47470e8dc703c29c445f11c3ed73d8c1,17d64b0a9652cc1ddb7b1d17ac56b2de,delivered,2018-05-16 13:02:24,2018-05-16 13:19:35,2018-05-17 11:09:00,2018-06-06 17:44:18,2018-06-08 00:00:00
8440ebc9a2a4aaa712d4064c35e52995,31927091c573028dee0b8dff8ee57309,delivered,2017-12-05 21:30:15,2017-12-05 21:58:14,2017-12-06 21:41:57,2017-12-11 18:44:52,2018-01-03 00:00:00
767e77d7d76d75ea5309d5345699cc44,9de7fef5728db3b3dbd095e0533f58e4,delivered,2017-07-04 23:05:45,2017-07-05 17:42:17,2017-07-06 15:29:25,2017-07-11 17:57:20,2017-07-26 00:00:00
9fe314dcda41359566a99413f2b0d577,f8e4b4531b76c0efabd7bbcd6b8579d7,delivered,2017-05-15 11:40:08,2017-05-15 11:55:09,2017-05-19 16:22:37,2017-05-29 16:57:48,2017-06-21 00:00:00
09a21347537a52507220515fa4516fbd,23b1652202bea45933d115b4aa2f04ca,delivered,2018-02-03 19:12:42,2018-02-04 00:09:47,2018-02-07 16:42:53,2018-02-20 21:29:05,2018-03-05 00:00:00
9747f2b4defc1357fd6645a4acf8e0e2,58c1e87744d4fb452bea6a8e3b578f69,delivered,2017-04-26 13:26:49,2017-04-26 13:42:30,2017-05-02 16:32:12,2017-05-24 02:27:52,2017-05-29 00:00:00
1f7f6fc17884f319553d2983347edecf,44eed3818fde51e760d3f44036eb757d,delivered,2018-05-09 20:38:13,2018-05-09 20:54:02,2018-05-11 13:39:00,2018-05-19 10:36:50,2018-05-25 00:00:00
ea4e089556ade3cbdc7c70010163b723,cebab3ad5dd4fcd9704c1a489a0da2b1,delivered,2018-04-05 22:39:27,2018-04-05 22:50:18,2018-04-07 01:25:46,2018-04-15 16:16:46,2018-04-27 00:00:00
a1ad06d866647a0b9ef51b831079fda4,771a5c9a4f5e1e5eebcedd46d8440af3,delivered,2018-07-24 20:03:38,2018-07-24 20:24:19,2018-07-25 09:55:00,2018-07-31 20:51:43,2018-08-16 00:00:00
ec082d3ffd103096f9274b6247217ff9,73588b1cddca4f8bd453b8588f400d90,delivered,2018-08-15 18:26:53,2018-08-16 03:24:09,2018-08-16 11:04:00,2018-08-18 02:44:37,2018-08-30 00:00:00
ec1b5ec39466f6bb902936532ae76e6a,41db792fdd05f7ea992e84273303721d,delivered,2017-08-01 06:55:52,2017-08-02 11:23:42,2017-08-08 17:07:04,2017-08-24 17:43:29,2017-08-31 00:00:00
6586d233be57098d348eb571d87fc6f2,8f6abc9f0ebb17ff05eceed089187832,delivered,2018-03-09 03:43:30,2018-03-09 03:55:23,2018-03-16 00:57:52,2018-03-31 19:16:45,2018-04-02 00:00:00
76458889992169d3135b264dc13aec67,999196dca58a3db3d966d8f148532010,delivered,2016-10-07 10:05:16,2016-10-07 11:24:43,2016-10-26 11:43:06,2016-10-20 18:03:17,2016-11-29 00:00:00
366d799ad8ce30435d27ed0f7e3eca9d,f03ee1479f8cf2a655f477c17ac01ff9,delivered,2017-09-24 14:48:20,2017-09-24 15:04:12,2017-09-25 19:57:45,2017-09-26 19:54:57,2017-10-10 00:00:00
02661696e065aa02977870f3a87940ab,e3495901f796d61ae2604a9784306f61,delivered,2017-12-14 20:52:16,2017-12-14 20:59:28,2017-12-19 16:58:55,2017-12-21 19:16:26,2018-01-09 00:00:00
20b36768bef1e17c7b54f6982a5801d6,5aa6bb437aa70d5f3d95fdf0d2a93d31,delivered,2018-02-03 18:10:06,2018-02-03 23:09:52,2018-02-08 01:54:41,2018-02-14 22:08:20,2018-03-01 00:00:00
6fc21c5e0febcfc2d3e3c13d8fcd1b7a,4810b08cb93434cfd88ad07fa3502a67,delivered,2018-06-21 16:49:09,2018-06-21 18:21:01,2018-06-22 14:47:00,2018-06-25 20:22:32,2018-07-04 00:00:00
cb9900a635406b269d600f509cff8009,83e3f7358d95de5a715f87a7a59477b9,delivered,2017-04-04 10:38:26,2017-04-05 02:43:02,2017-04-07 14:58:21,2017-04-17 15:04:52,2017-04-28 00:00:00
7f4998699b2e07dfd8d38d5964637658,450e8c9397db82c79e2651f51576a30d,delivered,2017-08-20 16:33:29,2017-08-20 16:45:13,2017-08-22 21:32:32,2017-08-25 19:53:54,2017-09-11 00:00:00
a127d16c84ff7404dbd0c988e06e2c10,8b35e4a7431b76d4db63a90005964125,delivered,2017-08-12 20:06:58,2017-08-12 20:23:35,2017-08-15 10:04:12,2017-08-31 13:53:11,2017-09-20 00:00:00
ea60e9579f440bbca132b795ff54807f,bc824b83cfe66824cc300c0008514a7f,delivered,2018-03-09 13:23:17,2018-03-09 13:35:37,2018-03-13 21:36:40,2018-04-24 19:51:40,2018-04-02 00:00:00
2f43f05d6e829ed487f16b1f1cf304cb,260251d5f0d660e9d90c21779039152c,delivered,2017-08-11 17:35:49,2017-08-11 17:45:17,2017-08-14 15:37:41,2017-08-21 22:11:51,2017-09-04 00:00:00
9c23c5e00db2827a08ee53074a3eb60e,49fd33617b640dee95069826a8bd67af,delivered,2018-02-10 18:41:20,2018-02-10 18:50:28,2018-02-14 20:03:29,2018-02-24 01:36:32,2018-03-08 00:00:00
2197e55dca60ccd268157d328616d64e,84046645ab90d775e6cb9be687a30018,delivered,2017-08-13 16:19:23,2017-08-13 16:30:21,2017-08-15 17:35:19,2017-08-25 21:13:54,2017-09-05 00:00:00
810d545dabba289acceb26d903569e4c,b90fcfb897661ef402b2c3e359d9c395,delivered,2018-03-14 09:42:39,2018-03-14 10:07:58,2018-03-14 19:48:19,2018-03-28 23:06:29,2018-04-09 00:00:00
7b2a9a13d7bcc1141fbde63aed943e6d,d9601b8bc5f2cee3bbbb8bb106c0a659,delivered,2017-08-28 23:47:03,2017-08-28 23:55:21,2017-08-30 21:26:03,2017-09-09 11:49:52,2017-09-15 00:00:00
b99f2ac35db6241badc2e0a4d74e79a7,d57500bee542441e296bd152fc8773cf,delivered,2017-07-13 13:17:17,2017-07-13 13:30:28,2017-07-17 19:55:24,2017-07-31 15:33:49,2017-08-10 00:00:00
64f48f241745bab48e95cbfddef88351,f1f7074a16f4fa3d09ea6770f62077fd,delivered,2018-02-16 14:12:51,2018-02-17 03:35:37,2018-02-19 21:33:44,2018-03-09 23:16:39,2018-03-21 00:00:00
0ba2df57baacde1f6f36148963a494d7,5f160ef1c18da3546c4b6454f2162972,delivered,2018-04-08 23:27:27,2018-04-08 23:48:45,2018-04-10 11:56:19,2018-04-13 15:04:43,2018-04-25 00:00:00
be51420a71e667d8e3f3268ad81e3033,8db5197a6490d9e9ac9bcf4e4d4d0006,delivered,2017-03-20 10:42:45,2017-03-20 10:42:45,2017-03-23 14:58:46,2017-04-07 13:27:21,2017-04-12 00:00:00
f8bb4d404d187c79b86ccf852dfa345e,52a9800a9341855f5ebf8b0b8b1fd906,delivered,2018-06-18 21:46:34,2018-06-18 21:58:24,2018-06-19 15:10:00,2018-06-20 19:22:15,2018-06-28 00:00:00
a3c2dfa534b942bcc28371fdec7702d9,fc27567df87c171a1811d56017c96caf,delivered,2018-06-26 19:00:20,2018-06-27 13:32:50,2018-06-28 18:07:00,2018-06-29 20:46:52,2018-07-16 00:00:00
de4c308ea3f72fa2d3be68d18a2fedb1,239fabc879c4175afe53110236a7de39,delivered,2017-06-18 20:45:31,2017-06-18 21:03:45,2017-06-22 16:05:47,2017-06-28 13:43:02,2017-07-07 00:00:00
49b28a42d5f67ef10024f70bd79e229e,f0e88593745900d1712f11d546bf2d2a,delivered,2017-10-21 19:16:51,2017-10-24 03:49:37,2017-10-24 16:42:30,2017-10-27 20:49:51,2017-11-13 00:00:00
2e34b63e02ca9057558368f63f08b3c6,a8f1702557985daedcce507ea3061a8d,delivered,2018-01-02 12:31:51,2018-01-02 12:48:54,2018-01-03 17:44:48,2018-01-16 19:52:44,2018-01-29 00:00:00
349af77e71491a1aed28d6bf0528e09b,b37a5547791aeb5ac5d9ca955d0bc6fb,delivered,2017-09-30 22:59:50,2017-10-03 04:05:14,2017-10-03 21:19:05,2017-10-23 18:07:12,2017-11-09 00:00:00
fbb6f530a29a36186658901e6514455c,6f8553aa76c8c49117ba3d430475d732,delivered,2018-03-16 13:16:45,2018-03-16 13:30:41,2018-03-16 22:08:57,2018-04-23 19:31:40,2018-04-10 00:00:00
fa30ef180f70971c1a3e9d88ceb38a33,73afa8a3052605db510dc1fb22692320,delivered,2018-01-30 16:34:50,2018-01-30 17:21:51,2018-02-03 00:42:38,2018-02-22 18:43:42,2018-02-22 00:00:00
63bde94a8549279fd4c13235516932f9,9acca9cd4c384e3ba624a80c5b669573,delivered,2017-07-04 08:16:49,2017-07-05 03:05:20,2017-07-05 08:58:39,2017-07-06 11:16:53,2017-07-24 00:00:00
1bde74ad752bde97abfa57a9a7461ff3,4f9c5022b3b55c54c92d269c307670b7,delivered,2018-02-16 17:42:43,2018-02-16 17:55:23,2018-02-22 14:42:52,2018-03-07 02:53:54,2018-03-09 00:00:00
7a36fa82d4bcff7d936c10be470b9c8e,bfebb91e718433a55143ee450423c983,delivered,2016-10-05 23:14:34,2016-10-07 03:12:09,2016-10-14 23:21:27,2016-10-19 20:57:33,2016-12-05 00:00:00
ec328869ec9d309e95ca9e78b1e81b4b,399f770d21c854e81fde65dd3406b987,delivered,2018-04-07 20:14:01,2018-04-07 20:28:25,2018-04-10 03:52:49,2018-04-19 12:03:56,2018-04-27 00:00:00
990808a8b1de28a17bec1b873a99bb89,258119ce387d36075e18e5914cc3b358,delivered,2018-02-15 19:26:27,2018-02-15 19:46:14,2018-02-19 20:33:43,2018-02-22 23:11:54,2018-03-02 00:00:00
eb96e626e9e03230dd582597da1a68ff,94d68507f622fb53c4e6743dfa3a9503,delivered,2018-05-08 10:44:15,2018-05-09 03:51:49,2018-05-09 13:05:00,2018-05-18 22:33:08,2018-06-01 00:00:00
e6e52c6218b2df16cbe22de214b16fb0,e34ff2de6f8658fbf57a0f98899e2eac,delivered,2017-08-21 16:53:20,2017-08-21 17:06:34,2017-08-22 23:24:59,2017-08-23 18:18:02,2017-09-01 00:00:00
55554085cc4d9f1d0cd3029387efb5af,558ea29f4c4dfd014345b6d3309549a2,delivered,2018-01-11 01:13:31,2018-01-12 02:35:46,2018-01-15 14:56:31,2018-01-18 16:03:55,2018-02-01 00:00:00
79ba9ff956399f8ca9eaa802139851fd,c655482e341138b41ea3240ccc43132c,delivered,2017-06-02 13:45:50,2017-06-03 02:35:37,2017-06-05 14:08:05,2017-06-12 11:27:45,2017-06-29 00:00:00
ad81d0d06a681bb6285a1aa66634f762,14ac5ecd56561bdbfc2eab37e58da580,delivered,2017-11-28 23:59:16,2017-11-29 00:16:41,2017-11-30 13:40:00,2017-12-27 18:58:53,2017-12-22 00:00:00
2667baebf0c629be4574fddd89bd915f,8c621aabf41f259e0324513337058477,delivered,2018-03-15 14:26:48,2018-03-15 14:49:33,2018-03-19 17:32:25,2018-04-13 18:51:59,2018-04-04 00:00:00
b03b2909d81f43ae819ad1bce8c47e45,48cf8890c6baa95976ac76bf4be30cfe,delivered,2017-06-05 21:01:22,2017-06-05 21:10:19,2017-06-06 17:32:02,2017-06-19 20:07:41,2017-06-28 00:00:00
09efb7cd51fbc54c89edb7aff4a3f637,1c01334ffe1191d82c8d8e91932c5070,delivered,2017-05-09 23:38:35,2017-05-14 21:31:38,2017-05-16 10:30:35,2017-05-22 15:09:54,2017-05-29 00:00:00
246a9d7800230417379948cfa3fa1f64,f914171bc223aa74aa96cc45f9eb064b,delivered,2017-09-27 13:22:38,2017-09-27 13:35:33,2017-09-27 20:13:07,2017-10-03 19:05:29,2017-10-20 00:00:00
c01203d34db08658230babe21d2234c8,7bfe013b14ef4e7a63ecbb40a4cb61b0,delivered,2018-04-11 06:46:04,2018-04-11 09:12:02,2018-04-11 22:38:40,2018-04-12 15:03:09,2018-04-27 00:00:00
aee20a4d671a2a3435bdee5bf40393c8,bdc1f21172a3a9fa9d754d0412b5be55,delivered,2018-08-05 12:34:46,2018-08-05 12:45:15,2018-08-06 14:25:00,2018-08-08 20:05:38,2018-08-13 00:00:00
b0708857586f16e3ada17925950a87e5,57a7b1cbfec726fba56e8adaf98caa0d,delivered,2018-08-01 17:26:59,2018-08-03 02:45:27,2018-08-03 08:57:00,2018-08-06 18:34:43,2018-08-09 00:00:00
a6471477bb9173349168eecdc8871ed5,2c699e733aa003efaa30199d2dfc4c41,delivered,2017-09-26 10:24:26,2017-09-26 12:24:19,2017-09-27 15:06:37,2017-09-28 20:37:36,2017-10-16 00:00:00
b2e21801242d20d3f1f17a2e99dbd5f7,ec972c7a4579ae890c96bd8d9f299354,delivered,2018-02-15 13:50:07,2018-02-15 14:07:34,2018-02-16 00:07:53,2018-02-26 20:25:40,2018-03-07 00:00:00
31cc7d918ce7e1580a814fb633e854c1,c27849db0f50615c2db4ced603ad2a99,delivered,2018-06-08 12:14:24,2018-06-09 12:20:13,2018-06-11 14:21:00,2018-06-18 21:06:01,2018-07-12 00:00:00
a8eab0b579c3288c60cd6f4933c48626,fbaaeb1f5b3f3cc5c226cb5b95d18584,delivered,2017-12-03 16:52:02,2017-12-03 16:59:29,2017-12-06 22:22:18,2017-12-11 17:49:22,2017-12-28 00:00:00
bc68edad1573b158a94188df0cd960c0,9689bf5023de6534d903480f289ce4a9,delivered,2018-08-16 08:30:09,2018-08-16 08:43:52,2018-08-16 14:43:00,2018-08-17 22:44:30,2018-08-21 00:00:00
f9ea302261bc5927d8f4a13cb60bdb9d,71f4e2eea08ac9a0e2ad53b2930a6d47,delivered,2018-02-26 20:32:26,2018-02-28 10:11:00,2018-02-28 20:09:45,2018-03-01 22:15:40,2018-03-13 00:00:00
afd1ca4a245a9a04d0f8d5dc1ccb7ed3,cf78fe7532c375731b3d6ce693a8600c,delivered,2018-04-17 13:32:54,2018-04-17 13:51:07,2018-04-17 22:20:55,2018-04-23 21:13:59,2018-05-09 00:00:00
d9a40d6454b584402c918212558f2af1,df7f9fe8ff0d2b843c5633d156a05682,delivered,2017-04-23 20:42:30,2017-04-25 07:55:31,2017-04-27 06:24:12,2017-05-09 08:47:03,2017-05-31 00:00:00
031e7d4e559a1bf08e71a419aa998d0a,aedfc62ab52a3e4ea642220ccdec91ff,delivered,2017-04-06 12:59:46,2017-04-06 13:10:41,2017-04-07 12:43:24,2017-09-19 16:23:52,2017-05-19 00:00:00
f546ce650b5e54410e54dcd1cc4ed2c2,4f246fcb3387b4ef2d7b9093bdd67c63,delivered,2018-02-07 10:48:57,2018-02-08 10:50:19,2018-02-19 23:29:16,2018-02-21 00:13:00,2018-02-23 00:00:00
315b9425e90b7a5012b6da9d68641e1b,5fe15bcc0e9ddd5f095da5f8eacf6da8,delivered,2017-03-22 11:58:38,2017-03-22 11:58:38,2017-03-27 14:27:03,2017-03-31 16:45:55,2017-04-12 00:00:00
066fbbe8fc3345df85f0f1dc2ad03bce,10c8d3fa3829e5079d8b67dc6d007098,delivered,2018-01-04 09:44:46,2018-01-04 09:54:31,2018-01-05 01:38:52,2018-01-30 13:52:21,2018-02-02 00:00:00
d71bc96c14d72c5f5b76bd286d6304f9,f41316561f7e7cb63af5bb95ad9b4b26,delivered,2018-01-19 00:32:29,2018-01-23 09:59:22,2018-01-23 19:13:49,2018-02-01 19:06:38,2018-02-05 00:00:00
d6d19a688e4325d068ef11d205a4c92f,8780acd7d494363c35734db1843cd576,delivered,2017-09-11 13:38:42,2017-09-11 13:50:34,2017-09-12 14:05:08,2017-09-13 17:13:39,2017-09-21 00:00:00
525ec9a4d6f8d45b2d22977017fe7849,d5121cb42f70ed9ce2700cb9dfc5ad47,delivered,2017-08-08 23:04:57,2017-08-08 23:24:05,2017-08-09 18:49:50,2017-08-15 20:39:53,2017-08-30 00:00:00
c6945bf7e920d9832c4e4402e57baabf,712b52e705d92710be1e8fd8f1400c86,delivered,2018-05-01 16:32:48,2018-05-01 16:55:32,2018-05-02 13:19:00,2018-05-08 19:48:48,2018-05-25 00:00:00
b88aaf0a038b725ea2225ef4ebbe343a,9d823bbc66d309224a2fc79014782e0d,delivered,2018-03-19 18:53:59,2018-03-21 02:55:47,2018-03-21 19:23:36,2018-03-26 16:20:53,2018-04-05 00:00:00
dced1a592703185c71beaca0730a3fd5,7fc2cb6aad928fdb6297a0c77ed77b3a,delivered,2017-03-14 00:31:44,2017-03-14 00:31:44,2017-03-22 05:29:35,2017-03-22 13:28:43,2017-04-17 00:00:00
d5c2fcd9dc7a3c6630e4acfe3f3ed898,af1df4e9c98a572fd68ad795377d8834,delivered,2017-08-16 20:41:27,2017-08-16 23:30:14,2017-08-17 22:22:33,2017-09-04 18:40:12,2017-09-14 00:00:00
231c5fbb9dd6166904af9bad6728b5aa,d5e402ca01e47b8e4834992e6548515c,delivered,2018-06-11 15:41:26,2018-06-11 16:31:44,2018-06-13 12:28:00,2018-06-18 20:48:46,2018-06-28 00:00:00
a1c075cf51b237be65b4342ce766e007,c6f59fb9f287fa5441ef584b503fed4e,delivered,2017-09-18 14:04:37,2017-09-18 14:25:48,2017-09-18 20:56:01,2017-09-26 20:15:59,2017-10-09 00:00:00
5f1e5adc00ea77562afe1e5fc5dbc7e1,4e4b7062646c9c310b75f7786bc8643e,delivered,2018-01-18 11:39:28,2018-01-18 11:55:13,2018-01-19 18:22:22,2018-01-30 12:42:50,2018-02-19 00:00:00
42d8e64b2e4f4669b7bf87f1ba3da8a8,557e871361d795f870269d04708d885f,delivered,2017-05-24 09:35:00,2017-05-25 06:42:45,2017-05-25 10:04:35,2017-05-30 16:14:02,2017-06-20 00:00:00
d0e368ca78daa02e421325f3d1b8541a,7714501cf5996832cd4c4b165876f8c5,delivered,2018-04-06 19:26:06,2018-04-07 02:48:17,2018-04-11 20:32:28,2018-04-16 18:08:48,2018-04-26 00:00:00
7634f2019b1d08e44a15dd3214c57182,02e9b79160de108ec112581e2e4eeed4,shipped,2017-05-21 12:46:50,2017-05-21 13:06:32,2017-05-22 11:05:05,,2017-06-13 00:00:00
9cfa13a566f8072bb6af2c225db04e5f,eaa860ad37779a36680e93d7d2b8b040,delivered,2018-06-25 09:53:46,2018-06-26 19:04:13,2018-06-28 11:44:00,2018-07-05 20:13:32,2018-07-24 00:00:00
0493b5f35d3ee7b1f7e2d98ad782820b,1a39d706d531bfbb53490b3b30396aa6,delivered,2018-04-12 12:25:11,2018-04-14 01:32:54,2018-04-17 18:03:29,2018-04-24 16:28:01,2018-05-07 00:00:00
aa6f9a7c586c01fe6c9021341dfe1de7,deb46841ea2d28c7b0d1893ae6af547d,shipped,2017-02-14 10:49:41,2017-02-14 11:03:25,2017-02-15 17:07:55,,2017-03-17 00:00:00
d3f7c6edd379a2ad76dbbe331f422ef8,72ae4c297e3769738179784911609daa,delivered,2017-10-19 22:02:26,2017-10-20 02:45:45,2017-10-20 20:59:07,2017-10-26 17:46:57,2017-11-08 00:00:00
27933786ce1d3fe5a2ce6243ff08754f,1d35081c83698d93ec64ebe2d6cfec9c,delivered,2018-04-09 16:49:32,2018-04-10 07:35:15,2018-04-10 19:50:56,2018-04-12 21:11:55,2018-04-26 00:00:00
108db8c088de8e42c648bc520cec8c44,fb9c7ae634a98d4905c50cb15fa8382e,delivered,2017-10-02 17:00:43,2017-10-03 12:07:28,2017-10-04 21:14:30,2017-10-16 18:42:00,2017-10-25 00:00:00
aa20064eef8808d62ed9ac5286ec0796,20c0da17ef6a3f47bdd0fe12cca32300,delivered,2017-04-06 22:09:46,2017-04-06 22:22:34,2017-04-07 13:22:42,2017-04-13 04:46:32,2017-05-12 00:00:00
c7508fb021d25206870a0e84d302306d,baf94989390857ffce0ce7c5ce25387f,delivered,2018-05-01 18:14:34,2018-05-01 18:33:31,2018-05-03 13:19:00,2018-05-08 15:34:54,2018-05-24 00:00:00
231cf6fe1ce0b8fd2c9c4dacd95323a4,669f3887a37279e0b389e2e1375a3bd3,delivered,2018-02-14 19:12:11,2018-02-14 19:28:12,2018-02-15 18:45:18,2018-02-21 23:09:49,2018-03-01 00:00:00
74434928b7e52a9b56862d25b9581e4c,6e33bf17f1255ee64e160d79e8d0202b,delivered,2017-06-23 16:06:11,2017-06-23 17:15:22,2017-06-29 14:32:43,2017-07-11 19:33:54,2017-08-02 00:00:00
3d02ec65652eef72551f7d3656206f7f,fa174bc75f3bbdcb7e839e9af8898010,delivered,2017-07-09 18:33:30,2017-07-09 18:43:08,2017-07-12 11:37:45,2017-07-18 22:14:56,2017-07-28 00:00:00
ce8a175fec5e5e484e84b2c15cc91787,a78a37e6cd96615e96ea6fd384f6ec88,delivered,2018-06-18 11:31:14,2018-06-18 12:19:07,2018-06-20 19:21:00,2018-06-21 22:04:51,2018-07-03 00:00:00
fd04a7a5b85ea239bee3e9c1bc16365d,5d1b693667b4eb57bbb4a7ccb5e4bc51,delivered,2018-03-29 07:42:48,2018-03-29 07:55:11,2018-03-29 22:32:25,2018-04-11 18:24:39,2018-04-17 00:00:00
680e610535fa4d02ce2d6a820946afb8,e895647c3d61dae1606151534adb3acc,delivered,2017-06-19 21:46:43,2017-06-20 21:43:59,2017-06-21 11:26:18,2017-06-28 14:57:15,2017-07-21 00:00:00
37ece4cacf7a0d0290a4fdd05923a7d7,c33e208f16e8651169ea8d6212d4d46f,delivered,2017-04-24 18:01:16,2017-04-24 18:15:05,2017-04-26 20:24:31,2017-05-02 14:05:07,2017-05-11 00:00:00
5c36bfa841c242e151f81825303d9591,764f6f90ace5cfccffeb1bc245f1612e,delivered,2018-01-17 15:38:10,2018-01-17 15:49:01,2018-01-19 03:09:55,2018-01-30 18:11:52,2018-02-16 00:00:00
bc6085fe6b798cce36f61486af007800,4eac36ec251e3bb189f03db46b86ae61,delivered,2018-03-25 08:14:18,2018-03-26 08:10:56,2018-03-28 17:03:46,2018-04-06 22:08:36,2018-04-25 00:00:00
b51ffac76798f4b49bed44e8f01a3030,c83b31cb99c25dc79950814bd4a90184,delivered,2018-07-31 09:52:59,2018-07-31 10:30:57,2018-08-01 09:19:00,2018-08-04 18:02:07,2018-08-09 00:00:00
74500bfc015eccf3d38f95558177b21b,483efcf2fb031d5a75cca49aab77de4a,delivered,2017-06-08 13:41:02,2017-06-08 14:03:25,2017-06-12 16:32:33,2017-07-05 16:21:38,2017-07-07 00:00:00
5b265b1557d0d44a32df50b4fbf98c7b,dcdc259ec5bacca962c1ea9ba705b4b1,delivered,2018-05-29 10:04:54,2018-05-30 02:15:11,2018-06-05 15:26:00,2018-06-26 11:03:35,2018-07-27 00:00:00
50fc570b5b9de1500a9e66edcc9d8525,bf000e1497eca1ec2c097e01a061cf6c,delivered,2018-02-27 21:22:29,2018-02-28 21:29:00,2018-03-02 22:38:46,2018-03-07 15:48:43,2018-03-20 00:00:00
d530e9ca74c227659f36ed6a61fa9e07,2cd3d9b78eb3e560809763ef5258dca2,delivered,2017-11-15 10:43:50,2017-11-15 10:55:36,2017-11-17 15:48:43,2017-11-23 15:38:51,2017-12-08 00:00:00
74d0cc035ccffc33de7a0ef8c429a931,bce05094d02df76af821db9c5df81a35,delivered,2017-06-05 15:16:56,2017-06-05 15:42:22,2017-06-06 11:41:11,2017-06-19 18:08:35,2017-06-28 00:00:00
2eed78c97ace230e8dfc0f851bed1612,08d221df6d6f296dc22b4332f03f3b05,delivered,2018-01-02 21:39:36,2018-01-02 21:50:22,2018-01-04 16:44:52,2018-01-23 14:39:05,2018-02-05 00:00:00
2a26d2bff48eca96ae022096754602f0,fa816e935aed909bdb3a28e78f04e225,delivered,2018-08-07 21:39:59,2018-08-07 21:50:22,2018-08-08 15:40:00,2018-08-17 13:10:51,2018-08-23 00:00:00
3fa397654fcf223b8d6f73a428c75041,891deeb7a50f52a5a2a5970152b3864e,delivered,2017-03-16 09:28:12,2017-03-16 09:28:12,2017-03-16 10:36:15,2017-03-21 11:55:07,2017-04-10 00:00:00
c14c27dae959a79ff573cbdbc7af1b09,057002cb334d6b23e9826abaee81f691,delivered,2017-04-07 11:56:57,2017-04-07 13:05:40,2017-04-07 15:09:56,2017-04-11 16:12:24,2017-04-28 00:00:00
249e512a5776328abbff6e280d2f3199,4375ae03874261b77ea1954250188e77,delivered,2017-03-11 20:44:31,2017-03-11 20:44:31,2017-03-15 11:58:36,2017-03-23 15:05:56,2017-04-03 00:00:00
8f0ece4530d9684c0412c31486a5aee4,b42d2029896109ef336097650cf0e7af,delivered,2018-08-14 22:48:49,2018-08-14 23:04:02,2018-08-15 14:43:00,2018-08-21 01:32:24,2018-09-19 00:00:00
d0f11e497c1a8f9d16eadc0c029348c1,5bf3a327d1a42a8f173349567b0ffb6d,delivered,2017-10-19 19:17:14,2017-10-19 19:28:29,2017-10-20 21:24:08,2017-10-27 13:42:58,2017-11-13 00:00:00
8cfb44f764013ff4092328e0d2d2db4c,aabcb5f2939ca0a740c18b8a2cb918e9,delivered,2017-12-22 09:52:12,2017-12-22 10:10:50,2017-12-22 19:13:44,2017-12-27 19:05:32,2018-01-18 00:00:00
bb7d5814e355ecb8a9a70a80a13a0fb7,8196398a11daefb93e6a1ea0af8cbc18,delivered,2017-07-14 23:31:20,2017-07-14 23:43:20,2017-07-18 15:33:04,2017-07-26 00:45:50,2017-08-07 00:00:00
52980848cc7019752a073e8e889f97e0,62da57dc398b4bdd5e47605f5d36fd5a,delivered,2017-06-16 13:58:31,2017-06-16 14:25:20,2017-06-16 15:43:52,2017-07-20 22:29:27,2017-07-18 00:00:00
b68ddeb97ddf4e9a2aae5ca84590a596,7d1a0d60968b2caba5aded67e29e73d8,shipped,2018-04-17 09:11:11,2018-04-17 09:31:33,2018-04-25 00:29:42,,2018-05-24 00:00:00
e65fac6043c523489698c681bde0985d,7d0ae21a8fcd0dd677f32ae5230efd53,delivered,2018-06-05 17:33:48,2018-06-05 17:53:54,2018-06-06 14:37:00,2018-06-14 21:27:48,2018-07-16 00:00:00
5c21b2e93c438ce5e3f2c7ee2776922e,1af8f69352ad57d5c25c74fcea4f36c7,delivered,2018-07-25 16:03:46,2018-07-25 16:15:10,2018-07-26 13:45:00,2018-07-27 16:31:07,2018-08-02 00:00:00
7c4c0055ea628addbaf69f0e09eba744,685986b14ecb5c1cab5adeb6d7ad89b8,delivered,2017-07-31 15:16:40,2017-08-02 02:35:24,2017-08-08 15:33:30,2017-08-11 19:58:30,2017-08-18 00:00:00
4983a642ae6d4ab0094e98bb201bd10b,588082ffda9076b85db042299827aaac,delivered,2017-12-05 16:04:37,2017-12-07 03:11:17,2017-12-11 23:17:11,2017-12-21 20:53:49,2018-01-12 00:00:00
4ccbbab8f710965493ad65dc986dd9c2,b79b4fbb9f813fe3a979fc29e7e0b573,processing,2017-12-23 16:34:25,2017-12-23 16:49:19,,,2018-01-26 00:00:00
d12d1afbf3c1f3356e80a5186ccfca67,2847be2e0b1b22c41b801a18dc050a49,shipped,2018-06-16 21:09:07,2018-06-16 21:36:51,2018-06-18 15:10:00,,2018-07-16 00:00:00
4ed2338dc000b3d9acaf348a1fc6a395,da8254447ce1ed8a5c494ee4a8929380,delivered,2017-07-31 12:03:32,2017-07-31 12:23:11,2017-08-01 16:15:43,2017-08-02 18:32:27,2017-08-18 00:00:00
6f4c29759e17be1153ee866b44393853,91ea92a2f5eca959c7b4260f5537be3f,delivered,2018-06-11 13:23:42,2018-06-11 13:39:08,2018-06-12 10:39:00,2018-06-13 18:55:55,2018-06-20 00:00:00
db16d8eeb2104cc17c8d6ca293e7bbc2,c2266a67e05d07690176c1635ca2799c,delivered,2017-07-04 12:29:51,2017-07-04 12:44:06,2017-07-04 13:57:22,2017-07-20 20:12:19,2017-07-26 00:00:00
b646230340125ccb34ad274da72e2d55,c78d2473fe57958bfcefa8a3e20aeb8c,delivered,2017-07-29 10:20:55,2017-07-29 11:00:13,2017-08-04 17:51:59,2017-08-10 18:50:08,2017-08-22 00:00:00
96950c37f6e45106dab4a4fd012e1ab9,e9a66026ced6c5bad4c9a78e61371c18,delivered,2018-06-02 01:56:40,2018-06-05 04:51:52,2018-06-08 09:07:00,2018-06-09 13:42:31,2018-07-26 00:00:00
43150008aa4569cfef4be756bd7dbdd3,df6ac95338050880eb8d4c94baea71f9,delivered,2018-01-05 20:47:24,2018-01-05 20:55:55,2018-01-10 16:34:50,2018-01-17 21:37:31,2018-02-05 00:00:00
106021b63b35ce83c864c1a39f0c8937,7685918f2b5285f1d3b3d8dd381b5de9,delivered,2017-06-22 11:43:02,2017-06-22 11:55:21,2017-06-27 09:08:21,2017-07-03 12:10:29,2017-07-14 00:00:00
898ce379b2fe563284b7bf4c47ab5cf9,71965cfc8145edd3013b1890b72469e5,delivered,2017-02-20 12:55:35,2017-02-20 13:10:14,2017-02-21 09:48:58,2017-03-01 14:03:27,2017-03-17 00:00:00
cdb99aee5b9d12289e40e8ae2002c93a,f4ebae34770a20b6373e3f2a6cad3452,delivered,2017-12-27 15:06:17,2017-12-27 15:17:27,2017-12-28 20:18:48,2018-01-09 19:22:54,2018-01-29 00:00:00
972744bcdd80014057492bbab6b4e06f,acb64e2599b38fcae12dbfd6bc07859b,delivered,2018-01-03 09:40:47,2018-01-03 09:48:28,2018-01-03 17:02:58,2018-01-04 17:55:08,2018-01-22 00:00:00
e77b736410809924bdd6ceea09559cfb,7ecea05fb45e5208fd13ae378cedc623,delivered,2018-01-26 21:07:20,2018-01-30 04:31:25,2018-01-31 13:17:00,2018-02-15 22:09:24,2018-02-22 00:00:00
24dee6ff7fd74dab4ac9bcf1f77ee3e9,e215081c5233958b3ac345346676f7ab,delivered,2018-01-11 20:50:15,2018-01-12 20:48:28,2018-01-18 21:51:30,2018-01-23 11:58:43,2018-02-07 00:00:00
a194ccda066a54bfc86507e77c64c736,2988ca565aa083419bccc7de500e6365,delivered,2017-12-20 20:42:10,2017-12-20 20:50:28,2017-12-22 16:47:11,2017-12-26 19:47:03,2018-01-16 00:00:00
b87fe5d7b7ff3d5f135a9b883610606a,a906b65e68b837bc446e58a40c482fe7,delivered,2017-06-15 10:28:59,2017-06-15 10:42:47,2017-06-16 10:54:56,2017-06-28 15:09:47,2017-07-12 00:00:00
e4d9e2f02a048ae46330e966d1a8caa3,4dbecd3de51e8626f26c0210b5258327,delivered,2017-12-17 16:04:26,2017-12-17 17:13:36,2017-12-19 03:07:24,2017-12-21 20:13:25,2018-01-05 00:00:00
fd425f7c15eb3698f5b96153549b0f04,76b9b46371efaa507314eebe28d5eae7,delivered,2018-02-19 22:08:58,2018-02-19 23:15:20,2018-02-20 19:13:26,2018-02-27 21:46:31,2018-03-12 00:00:00
d0187cf305e08f85775b03f6de2cff7b,595ac4d9648f78c1f8e00308962ad569,delivered,2018-01-17 16:46:29,2018-01-19 02:37:22,2018-01-19 15:48:59,2018-01-23 16:24:53,2018-02-09 00:00:00
ce6a17f5fe1a2963955fbea066af332a,4c7f055006ab8fb080459718346ee92e,delivered,2018-05-14 20:46:00,2018-05-16 03:15:07,2018-05-17 14:54:00,2018-05-18 18:46:45,2018-05-22 00:00:00
29b81e2d5bebb9616041efb0ebbc931d,5d129305a62a8b8565abbf89b92de3f3,canceled,2018-07-20 15:37:38,2018-07-20 15:50:18,,,2018-08-02 00:00:00
24267e9ef015f70b3384d69836dbc301,6bd23e882e4beee412426e5b7d68655c,delivered,2018-02-26 16:59:22,2018-02-26 17:15:39,2018-02-27 20:14:54,2018-03-01 22:56:37,2018-03-12 00:00:00
ba32150c10a6a25c26b1695af824c419,ead5022ac34632caa3c9bf31259983e1,delivered,2017-05-24 11:43:40,2017-05-24 12:03:53,2017-05-24 13:43:16,2017-06-01 15:53:55,2017-06-13 00:00:00
0870d202dc3234340a499505dc36c7a4,793021f4b6ca3e6f3212595d6a317761,delivered,2017-11-19 18:05:24,2017-11-19 18:15:32,2017-11-23 14:53:03,2017-11-27 16:41:50,2017-12-01 00:00:00
5555672cd678ea9569749a943b3d085d,b196de7f963455879b99d597d432f433,delivered,2018-01-06 17:30:18,2018-01-09 07:24:54,2018-01-12 21:08:10,2018-01-19 19:44:57,2018-01-31 00:00:00
fad008c0d1b347241252af6ecfa81b98,b1dfde94713b57ad88e1e01882a11403,delivered,2018-07-13 17:43:10,2018-07-13 17:55:10,2018-07-16 12:53:00,2018-07-23 23:32:48,2018-07-30 00:00:00
d16ee8324145ff91c54bb7edeb651801,f611897d4144c0528cbd912c0ad0e5df,delivered,2018-08-21 09:33:04,2018-08-21 09:50:20,2018-08-21 13:59:00,2018-08-28 21:04:03,2018-09-11 00:00:00
f7cce37e05ee87b67446959c537421ac,704ba5716f38ab188cc867722addfccc,delivered,2018-07-06 20:02:40,2018-07-06 20:15:13,2018-07-10 12:50:00,2018-07-14 13:28:33,2018-07-31 00:00:00
b511d10b7b2e1c6c5da323628c32aeba,dba4e492a363762e1276b647d181fb55,delivered,2018-07-14 22:21:06,2018-07-14 22:30:22,2018-07-16 12:18:00,2018-07-20 21:39:22,2018-08-06 00:00:00
c1dbcb501480db95626caa68680696d4,4bffd2c1f4e638b8d1082b03d87cb2ba,delivered,2018-08-21 08:54:00,2018-08-21 09:15:21,2018-08-23 07:05:00,2018-08-24 22:04:15,2018-08-24 00:00:00
b8a6dd90822f6005923cb6f8bf271716,1e2cc2c58def2bc4a41af2aa363cdfa9,delivered,2017-12-27 12:17:44,2017-12-27 12:29:20,2018-01-04 21:49:12,2018-01-19 19:38:34,2018-01-26 00:00:00
693264d23ad645c479b42deea5eceec0,aa72002446dfbac0691304465c1b982d,delivered,2017-02-12 12:32:38,2017-02-14 04:15:22,2017-02-14 13:34:16,2017-02-17 15:12:28,2017-03-10 00:00:00
642bbe453ce83b61eda0dcb53d3339d8,3469ecbf8d28db8a8023596f1176ad3c,delivered,2017-08-30 18:01:21,2017-08-30 18:11:00,2017-08-31 20:58:02,2017-09-04 10:36:03,2017-09-18 00:00:00
19c85c4f70bebdba25d77c3881cffb2b,7ad775089d5d0a91cd5d2cb473a42401,delivered,2017-10-06 15:02:17,2017-10-06 15:14:38,2017-10-09 16:28:19,2017-10-17 19:38:27,2017-11-06 00:00:00
34b02644fdec1c2023ccffd67de2b385,09e63aff4c3961cfadccce6865e4a647,delivered,2018-02-26 17:34:41,2018-02-28 09:50:57,2018-03-01 19:23:08,2018-03-19 13:28:36,2018-03-12 00:00:00
1d092689be844c404abe12e678e2eef8,b900f2bd9386de222c68a931a68c2ade,delivered,2018-08-06 19:38:56,2018-08-09 15:50:15,2018-08-10 14:24:00,2018-08-20 20:39:00,2018-08-28 00:00:00
15666ae129eff99b7d7405a5023b0d3a,3bf259317094ca147771d9add8fc6902,delivered,2018-08-18 13:13:57,2018-08-21 04:55:41,2018-08-21 14:36:00,2018-08-28 22:41:23,2018-09-06 00:00:00
de3d710187e3883ad9eb7da0d8e4fd92,64b45f4e2004164987b97bb493b1ba37,delivered,2017-04-08 13:06:54,2017-04-08 13:22:22,2017-04-10 08:39:45,2017-04-13 16:53:51,2017-05-02 00:00:00
95e0a5152da13c4a3e8a6cbe3a0bada3,6490dd4caf44e930d8192751c2625634,delivered,2017-04-04 08:33:00,2017-04-04 08:45:14,2017-04-06 11:43:31,2017-04-12 17:37:50,2017-04-25 00:00:00
f16d63adfff7b3be52e70c9ff8a02968,ded22bf833ef4e2bf4a5de7f74356b0b,delivered,2018-02-14 21:52:02,2018-02-15 21:46:28,2018-02-16 22:23:02,2018-02-20 00:08:42,2018-03-01 00:00:00
a2b01f72ab3f4fc8831837432d5a0117,847e5e92dfff3787cc80378197b06a52,delivered,2017-12-26 15:58:43,2017-12-26 16:08:57,2017-12-27 20:25:55,2018-01-11 20:19:37,2018-01-26 00:00:00
c8cd8e0f700ac1654cd0b3fe26ff99e9,380c29d5c7bc93676a017b1edbf4ea20,delivered,2017-10-23 22:08:01,2017-10-23 22:25:37,2017-10-24 20:43:51,2017-11-01 18:51:27,2017-11-23 00:00:00
bc515ab3cf8c40c5a444d797fff621c6,7a508cafafbb3f521bcc6b736756b8b1,delivered,2017-08-05 10:22:58,2017-08-05 10:35:19,2017-08-09 20:07:44,2017-08-22 19:39:35,2017-09-01 00:00:00
334bd66a5ab038d4fed4e86780724fb7,1a3e564ca745183defa5a9bc2467f4f8,delivered,2017-11-15 09:07:23,2017-11-17 04:06:48,2017-11-17 18:28:24,2017-11-20 20:42:41,2017-11-29 00:00:00
2f1288c66804d578934425e798226c10,8f52e4ee79e276d1f2cd9f39186b6636,delivered,2017-11-16 21:01:25,2017-11-16 21:15:48,2017-11-17 13:51:50,2017-12-05 00:39:29,2017-12-08 00:00:00
703c8b76142240a2a16990e449124e2b,f12f967fcc3f9cef9f563d311e36201a,delivered,2018-05-11 15:20:39,2018-05-11 15:38:10,2018-05-23 14:53:00,2018-05-29 17:51:15,2018-05-25 00:00:00
2c1f8fd9aa5f50ec17f4c95e52223a3a,0b0e8ff0c3d490e69901bd6f0efa190a,delivered,2018-08-28 15:53:09,2018-08-28 16:05:19,2018-08-29 19:11:00,2018-08-30 15:11:38,2018-09-06 00:00:00
1c723386781fca8d1e45ac747914962a,2d629ccf7fa0c22635758b85b96c0d34,delivered,2018-08-06 15:47:47,2018-08-06 15:55:15,2018-08-06 15:06:00,2018-08-14 18:53:24,2018-08-23 00:00:00
9750313e19b56a20442e1be8e9e9cf78,c507bf314df5e877ca5330775aa83399,delivered,2017-11-13 12:27:30,2017-11-13 12:46:30,2017-11-22 17:17:30,2017-11-30 16:22:30,2017-12-06 00:00:00
b637686449f9267004d5b14557392188,a9218b908b70a833f1453063e63babe6,delivered,2018-03-30 22:20:53,2018-03-30 23:07:54,2018-04-03 23:18:30,2018-04-04 16:17:59,2018-04-12 00:00:00
7a7e5969f44acc496be638c300cc3591,7e2f8af51987a9f7042bff6a743b062d,delivered,2017-05-16 12:17:10,2017-05-17 04:10:26,2017-05-18 10:43:31,2017-05-22 12:36:48,2017-05-31 00:00:00
18eac13034394cc5bc8713ddad1fb2c3,5508ec6bbd4b69597f6948ad2ff813c4,delivered,2018-05-02 13:55:37,2018-05-03 03:53:06,2018-05-03 13:07:00,2018-05-07 17:31:38,2018-05-23 00:00:00
7211c756d86050df0a304e211994b12d,afbee56e08489a6dbe2148eb343c18a8,delivered,2017-07-20 18:56:25,2017-07-21 06:43:23,2017-07-21 20:17:40,2017-07-31 18:58:54,2017-08-22 00:00:00
e627df2790ff5b0e7b40e85f8b0d9d32,ae0c9cadcc7eee0d9d62764202d12347,delivered,2017-05-17 20:21:03,2017-05-17 20:35:16,2017-05-18 15:33:55,2017-05-26 09:24:03,2017-06-08 00:00:00
30d19b812b28dacc532f74cd39bba67c,bd1cb832a06d8e6a2dd57dcc50a6215b,delivered,2018-03-06 08:09:11,2018-03-06 08:28:36,2018-03-07 21:14:20,2018-04-02 16:08:37,2018-04-06 00:00:00
0c94cc21548a77ceded09a70fdecc700,abc24ca911fc4fa27425c23c1f60603c,delivered,2017-03-31 11:51:38,2017-04-04 06:05:31,2017-04-05 13:53:10,2017-04-12 07:27:30,2017-05-02 00:00:00
8bdda17186f4f2430cb06827e916577e,74341e96d468715c14f287079b3deb81,delivered,2017-11-21 21:11:07,2017-11-21 21:47:03,2017-11-22 15:25:05,2017-11-27 17:48:41,2017-12-08 00:00:00
a2648b8081fc5413a6e533ead30d6fb3,77e171fe757957d60d43bfb5fd0f027c,delivered,2018-06-22 11:25:14,2018-06-22 11:39:49,2018-06-25 14:24:00,2018-07-04 22:41:31,2018-07-31 00:00:00
674b5854c864054e51eb71ed516fa04d,efdf541ad73f267d253cd8bee7624f87,delivered,2017-07-11 23:24:28,2017-07-11 23:50:21,2017-07-12 20:18:53,2017-07-20 20:52:50,2017-08-10 00:00:00
5756c4e74ecff88dc1447cb5da9411ec,1b971c95893767cdf1cd202fcb892bcd,delivered,2017-06-25 16:57:24,2017-06-25 17:05:17,2017-06-26 14:46:44,2017-06-28 17:13:51,2017-07-07 00:00:00
d12398066a36e2022fcdbf83c458bcf2,7d0ebafe650ddaaa9bc8ef84d2ea71e8,shipped,2017-04-20 10:48:55,2017-04-21 06:35:14,2017-04-24 09:23:03,,2017-05-12 00:00:00
80b8546dc40a96e03d6be3b166ceb025,b8786a985af1e13f3b6f68abef5f5c2c,delivered,2018-01-21 12:25:42,2018-01-22 13:48:54,2018-01-23 20:32:30,2018-02-04 16:22:07,2018-02-19 00:00:00
9a5ceb5fb7ad11f5fd1be2c87e632562,669e56d17b7df023ff7559d3c8484222,delivered,2018-03-19 10:06:55,2018-03-19 10:27:06,2018-03-20 13:42:39,2018-04-12 20:40:51,2018-04-12 00:00:00
cbcffd62e7d1e6d26d3a6657731cb96a,343d05fdc8c888fa5ac9fdcea627efc6,delivered,2018-02-26 09:38:37,2018-02-26 09:55:50,2018-02-26 18:54:13,2018-04-16 23:55:37,2018-03-21 00:00:00
5c12fa0af04c822b40b15db1dda45745,d2e3145f490b6241da7fb6a5f8d1dac8,delivered,2018-07-17 22:00:48,2018-07-17 22:10:19,2018-07-23 14:23:00,2018-07-26 19:02:57,2018-08-09 00:00:00
c00f3f641666e8a8aa2014b9fb8f1b68,ecbf563445b730fd566970998ff9595f,delivered,2018-02-16 17:30:20,2018-02-16 17:47:32,2018-02-20 16:26:55,2018-03-14 00:26:46,2018-03-14 00:00:00
ff586ffb976ab35817bd83f3ed5b4bb9,4e406f63632399362458c9523813ed02,delivered,2018-06-15 09:18:33,2018-06-19 04:16:53,2018-06-19 15:16:00,2018-06-25 16:08:43,2018-07-20 00:00:00
122e87ea620589cbdfb91829a251ab1c,8d3011e28795e321c50f5ccff1e49272,delivered,2017-04-13 10:10:58,2017-04-13 10:22:41,2017-04-17 15:43:00,2017-04-20 14:25:27,2017-05-10 00:00:00
a56e99fc7e41a208cc35ebc48ea72cb5,b44d67d74c2dab6a4597359b1edd75d8,delivered,2018-01-04 10:56:02,2018-01-04 11:09:14,2018-01-04 19:48:49,2018-01-05 21:03:28,2018-01-24 00:00:00
e6645cd574bfc71b276a102797036491,286082dea69d984a431e02b1fe26eac9,delivered,2017-08-21 22:06:01,2017-08-23 18:30:20,2017-09-01 16:03:29,2017-09-19 18:52:12,2017-09-20 00:00:00
04bf71feb2b6d5e4c9916677d56f6b80,d86572e0790d1fb81bb9112430dd660f,delivered,2017-12-11 00:14:48,2017-12-12 03:52:58,2017-12-13 20:55:55,2017-12-17 17:08:45,2018-01-05 00:00:00
8db8ac0784a54cf5f37a83fdc88fa2fa,8879c7d78891f3ea3634bf6369c02587,delivered,2018-06-28 16:22:24,2018-06-28 16:35:13,2018-07-02 06:19:00,2018-07-11 18:55:55,2018-07-26 00:00:00
f9e5527003cf8cbd665bfc75e264da16,88a424b8aa5a9c123fe5fac76e7fa1ef,delivered,2018-08-05 20:25:38,2018-08-05 20:44:33,2018-08-06 14:34:00,2018-08-09 17:47:51,2018-08-20 00:00:00
ae7f8eca3f2f84891e130184c3c3b45b,d545226aa6bc59239e7fefe480d803cb,delivered,2017-09-20 07:06:26,2017-09-20 07:24:14,2017-09-20 13:38:08,2017-10-10 13:29:03,2017-10-11 00:00:00
264079098544c963529838aa8bc915d6,f67984ebe0a12dbe3346953a5d51883f,delivered,2017-08-29 00:01:27,2017-08-30 02:10:21,2017-09-07 00:18:47,2017-09-19 19:04:27,2017-09-20 00:00:00
cb5ece4890234f69f2371e3179e42f73,977fce68136a9397a3ea45244cef6c00,shipped,2017-09-04 18:00:08,2017-09-04 18:15:16,2017-09-06 19:04:10,,2017-09-26 00:00:00
35eae4d1a23ed34ef1c03eb2da32c316,84f8b9390929250d60da8e06ecc33e66,delivered,2017-06-07 09:00:44,2017-06-07 09:10:15,2017-06-08 12:02:17,2017-06-16 17:04:18,2017-06-30 00:00:00
cf23ecd1a5db35528b344d0f553fb3d0,92689a9be451be6bb89318275746e675,delivered,2018-03-02 11:11:45,2018-03-02 11:29:54,2018-03-02 21:08:26,2018-03-12 14:12:39,2018-03-14 00:00:00
e4ce7e9f0b81f2de2415e30494021d2c,5ab3c37d3cf12220b77de5f0d6ea1a66,delivered,2018-05-26 00:34:31,2018-05-27 00:30:37,2018-05-29 13:41:00,2018-06-04 19:51:21,2018-06-20 00:00:00
e5f5eb78b3535d3013d4f1f7050cdc9e,eb422a43b5854cb74f30bde15f9541e0,delivered,2017-12-18 21:23:18,2017-12-18 22:31:47,2017-12-20 18:20:04,2018-01-13 14:36:30,2018-01-17 00:00:00
0f38d084fc118c0c7b912809d879b45b,9665d2006799a0bbcbeff9dc6e4b3d55,delivered,2017-04-28 13:47:32,2017-04-28 13:55:18,2017-05-03 13:18:57,2017-05-08 15:20:12,2017-05-24 00:00:00
8ff63166365b5335a836e2e7be70eeea,f2fe306bef4c0b5da31a2d7b0f78f710,delivered,2017-06-27 21:00:18,2017-06-27 21:10:15,2017-07-03 14:51:49,2017-07-12 19:29:24,2017-07-26 00:00:00
4ef36d7c9950e291544d3a68d123992c,34c59bf3d0944d2887ee2987c2eda500,delivered,2017-06-23 18:17:05,2017-06-23 18:30:13,2017-06-26 13:43:42,2017-07-03 16:49:54,2017-07-21 00:00:00
6d74d0a7b04ada2d0b870a20685ac3b1,b47e27cf0ebef16271db2df68cde4c31,delivered,2017-08-10 20:25:17,2017-08-12 03:04:25,2017-08-15 20:48:44,2017-08-21 22:47:57,2017-09-11 00:00:00
df2a882d20dad7dd697a1b9ebca66907,f7097f60759b0cd6ce26029186708982,delivered,2018-05-19 20:31:21,2018-05-20 00:49:38,2018-05-23 12:24:00,2018-06-04 20:41:48,2018-06-06 00:00:00
e31a2b3f109d2dd1b7d4d9695880e68e,7bb5fcdd5b5fc703c8f9420e3a0fc21d,delivered,2018-02-04 12:16:30,2018-02-04 12:31:38,2018-02-05 16:33:31,2018-02-16 22:41:44,2018-03-07 00:00:00
d3a2b8f995e212546123698dc1624548,d2bd1b15eb506fd960b7e6589e1a1a4c,delivered,2018-04-25 23:28:54,2018-04-25 23:51:53,2018-04-26 14:31:00,2018-04-30 17:22:38,2018-05-09 00:00:00
f86f6472fa9f395d8d9a6751ca118afb,ce6d32fa00bbae809e07c14126e5fa6e,delivered,2018-04-19 09:55:30,2018-04-19 10:11:59,2018-04-20 22:49:03,2018-05-09 23:38:42,2018-05-18 00:00:00
bb95881900c6eeb4252919993f7a6660,5ae24f31b56e4671fd61703aa7e9e9d0,delivered,2017-09-28 22:52:48,2017-09-28 23:07:14,2017-09-29 16:07:41,2017-10-09 16:44:20,2017-10-25 00:00:00
8fe3b44d3161e377a52ba346b2b0ec08,6066d537b297112e9ad8737b8c8a2eb6,delivered,2018-07-20 14:45:04,2018-07-20 14:55:13,2018-07-23 15:29:00,2018-07-24 19:52:33,2018-07-30 00:00:00
2b919216a8b67751994934b49ac9b750,eec4493fdd2bc290c6403a8b8b1af13c,delivered,2017-05-07 13:20:43,2017-05-09 09:43:09,2017-05-12 15:22:21,2017-05-18 08:14:37,2017-05-29 00:00:00
61e5e014747f2bf650ff99a3d8578caa,8cffb89ef0a6557a99d731f67d652359,delivered,2018-06-26 18:23:34,2018-06-27 18:15:15,2018-06-28 14:31:00,2018-07-03 22:05:05,2018-07-20 00:00:00
b3a0eb2ed8d1c40cb723235fc937b654,fe9837d3b6aa2502781cb57e41e23d5f,delivered,2018-03-28 09:57:20,2018-03-28 10:10:17,2018-03-29 14:29:50,2018-04-23 14:42:55,2018-04-24 00:00:00
d03428478ca1e760e9c5898acc54665f,96d6b58803716cf4a2d006f34c6eb590,delivered,2018-08-14 22:23:39,2018-08-14 22:44:10,2018-08-16 15:18:00,2018-08-24 18:03:51,2018-09-04 00:00:00
af04ffb35720e2b0ba3e0ff0265d18ac,2a255948698d29ac5f21a4bae5dcdf1a,delivered,2018-05-17 17:09:33,2018-05-17 20:32:27,2018-05-18 19:00:00,2018-05-21 20:31:47,2018-05-25 00:00:00
fcfb5461769cc63d4c83cc3dd5c2ec55,23ab8595a676de7f50c83385883977e5,delivered,2018-08-04 09:49:36,2018-08-04 10:55:10,2018-08-06 15:30:00,2018-08-10 13:09:35,2018-08-27 00:00:00
6c145f7b5ab27b741ba7b277df44237e,054b4c37e38c1f8c0ad6e2038093d372,delivered,2018-04-06 17:09:04,2018-04-06 17:29:03,2018-04-11 15:39:27,2018-04-12 16:47:51,2018-04-18 00:00:00
0858bbf6d922af574797281c8df8de5c,b41ab09d03cd73ae63d8c474d89efed8,delivered,2018-08-10 14:02:07,2018-08-11 02:44:37,2018-08-13 15:35:00,2018-08-14 12:54:54,2018-08-15 00:00:00
fdfce023fb0abea352d3231865c62fde,46ab44938c2037edde737e7c0a90818a,delivered,2018-08-11 22:28:50,2018-08-14 04:05:17,2018-08-14 15:08:00,2018-08-17 20:22:31,2018-08-27 00:00:00
d17eedcc5d276d0eb9ea566289f89352,76df9435c707647aca12bee2b6f8050d,delivered,2018-07-09 04:09:51,2018-07-10 04:45:07,2018-07-16 15:29:00,2018-07-23 21:44:41,2018-08-24 00:00:00
99db775503c98bc234c5bd9e06d8593d,3a43094a902edb6ab100101182c5c2f0,delivered,2017-06-27 15:20:11,2017-06-27 15:35:15,2017-06-28 11:24:18,2017-06-29 18:29:26,2017-07-10 00:00:00
d170580dfcd364efdb0c94f51bac0fc3,7d0a76e4b14a9ca33d51eb09db9f92cd,delivered,2017-02-05 13:18:01,2017-02-05 13:30:16,2017-02-07 13:28:10,2017-02-14 11:41:42,2017-03-15 00:00:00
b1daed3ca434922570bdde4d05004753,db073abf8c93f928f9cefd125bac461f,delivered,2017-08-21 15:35:44,2017-08-22 04:16:16,2017-08-22 18:55:03,2017-09-04 20:09:37,2017-09-13 00:00:00
b05c8cc769417646081f2cca46eb35a3,1f8f0bf08a936ad2165d63ff7e9ddff9,delivered,2018-02-15 22:43:42,2018-02-16 14:31:26,2018-02-21 02:00:05,2018-02-21 19:22:05,2018-03-01 00:00:00
ef1c20996f869e915c278c7c6e996d25,87d9815311b8ea68720364a6b3a43eb4,delivered,2017-07-03 19:01:37,2017-07-03 19:15:26,2017-07-05 16:27:50,2017-07-11 19:42:33,2017-07-27 00:00:00
4127cc6fa24501eb73f62be87d226372,a08d203f34f5d5f55ad0dd27c6481588,delivered,2018-07-19 15:52:41,2018-07-19 16:05:26,2018-07-27 18:56:00,2018-07-30 15:45:52,2018-08-06 00:00:00
90a98aa71f20333f9e9f1f20474fdb5c,8c16df4246ae4e0a77a5060e8a48d019,delivered,2017-03-15 15:05:09,2017-03-15 15:05:09,2017-03-16 11:25:36,2017-03-22 13:25:37,2017-04-05 00:00:00
907eabc0a9a6d9ce32c146695b677a6c,dc32d351014bcc008d6cb2072044bfec,delivered,2018-04-16 20:06:48,2018-04-16 20:51:34,2018-04-18 20:56:42,2018-04-25 20:53:35,2018-05-04 00:00:00
e7a55313688a902f5ae012231d686f37,4eb541cb7268c35912f494bb7d88b7df,delivered,2017-03-09 18:56:53,2017-03-09 18:56:53,2017-03-13 12:36:20,2017-03-15 15:37:33,2017-03-28 00:00:00
c0fc9ab7bf56d900f1456a75b2cb5ab9,f31d63c4d056b33dfff95a433ea2c464,delivered,2018-06-09 08:28:10,2018-06-09 08:58:37,2018-06-11 15:23:00,2018-06-17 16:21:45,2018-07-13 00:00:00
6fdb9a84ef8876ba281624f310baf6b2,fc5d1dd3f6285cfce7fa3b0ec2e3723c,delivered,2018-07-09 22:01:08,2018-07-09 22:15:11,2018-07-11 13:55:00,2018-07-16 12:28:35,2018-07-31 00:00:00
b5695e31c82f1d474be0cdb54d0c3728,2bb743a107c2b0aa91c5f37380696cb4,delivered,2018-05-15 22:29:47,2018-05-15 22:55:12,2018-05-16 12:50:00,2018-05-25 16:12:02,2018-06-08 00:00:00
8426778a02661989b8520457d7045886,00f4202fec304d8f984a33eddc630e0f,delivered,2018-04-09 18:53:07,2018-04-09 19:11:34,2018-04-11 16:38:58,2018-04-25 00:28:30,2018-05-11 00:00:00
8c950d9b4adf24655fe399e36f89cad8,72393b3af85fd0a02c785d385657a7e4,delivered,2018-06-24 14:42:41,2018-06-24 14:55:05,2018-06-25 14:50:00,2018-07-06 16:41:20,2018-07-24 00:00:00
9f34a57aebc01d6ad4268ec70c75bd2d,65ffcd11ef8a73635aaf113cd7b502a7,delivered,2017-07-04 16:29:20,2017-07-05 17:38:16,2017-07-20 14:54:59,2017-07-20 14:54:59,2017-08-23 00:00:00
e96a7d9b6d30b44304ff2cce1c8d83ff,973939a3eb280816353408ffc4b5d062,delivered,2018-08-15 10:55:48,2018-08-16 03:15:16,2018-08-17 12:57:00,2018-08-24 22:24:30,2018-08-30 00:00:00
b8600638fe961cfb2b69a03b27245c6a,3981247b0b432d04428f64339707c563,delivered,2018-03-29 14:04:05,2018-03-29 14:15:09,2018-03-30 00:26:30,2018-04-10 19:25:26,2018-04-24 00:00:00
febbb5a06ba3e1a76d7074adb56ff587,70a41f17bb11f0489b47681e7df35d77,delivered,2018-06-07 17:47:13,2018-06-12 23:31:02,2018-06-11 09:52:00,2018-06-28 15:49:38,2018-07-11 00:00:00
b9f64aec40db08ee03b99891f3bab687,5ed2bc5e67cc792785c5e70a48516a69,delivered,2018-03-31 23:33:31,2018-04-01 23:30:17,2018-04-03 20:57:39,2018-04-25 19:51:49,2018-04-20 00:00:00
908fe1b8b7e5ef073fc701112c902111,49b51777c902c07945d0bbf6f1ccd2cc,delivered,2018-07-24 18:13:35,2018-07-24 18:25:08,2018-07-25 13:27:00,2018-08-11 16:49:37,2018-08-13 00:00:00
e90da786f0f0041ca35e71de95ef4eb6,c53c0706d9dfc081b79e3f57c6ce7165,delivered,2017-06-06 20:26:32,2017-06-06 20:42:32,2017-06-14 15:02:59,2017-06-19 21:33:18,2017-06-28 00:00:00
1662d64304e6e02a627e29b14898060c,7c23d845f6723abf012d8d6007718fa4,delivered,2017-10-24 23:10:04,2017-10-26 02:56:31,2017-10-27 16:05:54,2017-10-30 13:43:28,2017-11-06 00:00:00
9c424dd07b069caaaae3ee7fb41ba1d8,ea5bbbd8f7f1b535e224b94c7a842d31,delivered,2018-07-22 14:41:48,2018-07-23 09:40:38,2018-07-23 14:57:00,2018-07-26 23:38:45,2018-08-08 00:00:00
d6620af765cb60ea04b7cc1a22c37a0c,098141076c8df5b43832f45772e2f189,delivered,2018-01-08 21:01:23,2018-01-08 21:12:26,2018-01-10 18:07:58,2018-02-07 00:12:00,2018-02-01 00:00:00
e1509672293750128968e3d0089e1b5d,0d9ffbcdfc8f12c97fa5f1e669eb03a5,delivered,2017-12-05 09:55:51,2017-12-05 11:28:15,2017-12-07 00:35:26,2017-12-15 22:27:31,2018-01-08 00:00:00
dd3a0b9a7c4426e4eeb129a68d66b22c,ed7c83c58c9e8608aa1307133b01af59,delivered,2017-03-24 20:56:37,2017-03-24 20:56:37,2017-03-27 15:39:52,2017-04-04 14:04:27,2017-04-17 00:00:00
6147e0d51f6ecc3e0ae6defe7156bc82,a4d344d6eb50f346c8944aee3f04d27d,delivered,2017-11-17 19:42:27,2017-11-17 20:26:49,2017-11-18 14:34:30,2017-12-13 16:08:19,2017-12-13 00:00:00
d7d1d0e6c3f409480d2ea528b338e5ca,2f588632961f7b6289f4695ff36cd924,delivered,2018-04-17 17:28:05,2018-04-17 17:50:37,2018-04-19 18:02:58,2018-04-23 19:28:48,2018-05-14 00:00:00
735cb5ace9873d50534f4ed4a4cfb608,59bd33ecb9afd8f2c6184c9e63b914fc,delivered,2018-03-13 22:13:54,2018-03-13 22:47:55,2018-03-15 20:14:31,2018-04-04 11:45:45,2018-04-05 00:00:00
a070e8f0f3a26a42c6c333b6d3a04dd2,8fdbdce454b7b69541b4e2a70fa1056f,delivered,2017-06-07 18:07:46,2017-06-07 18:15:19,2017-06-13 13:42:32,2017-06-15 12:22:01,2017-06-21 00:00:00
250dcc4b34da378ac9a5f3fac0a67726,927b54eb6de52a0d74226dbb8ee421a2,delivered,2017-12-29 02:14:21,2017-12-30 02:07:26,2018-01-03 21:42:50,2018-01-10 21:38:12,2018-01-31 00:00:00
bf905b0bfd5f17ff77b5eb80fb90dafa,377d5824d96efc701b5466d2ab7a989c,delivered,2017-10-19 22:49:04,2017-10-20 22:56:13,2017-10-25 21:08:19,2017-11-07 00:29:36,2017-11-10 00:00:00
1341100f857d5c84b5f9e101bd5de0b3,ad57a315d68f39973624ba78fd0557cf,delivered,2018-02-06 09:53:36,2018-02-06 10:11:42,2018-02-07 23:26:47,2018-02-19 19:58:49,2018-03-05 00:00:00
09268d8b25dd31ae78b464efd453d069,02bf19efae533d95c21b5e1ccc633a88,delivered,2018-06-08 21:53:39,2018-06-12 04:57:05,2018-06-12 15:00:00,2018-06-14 21:41:54,2018-06-28 00:00:00
bfead39f96afa0a674110835b6677095,fb139e2c4f9ed3b05ca0dbe66ea46880,delivered,2017-10-18 12:16:29,2017-10-18 12:28:25,2017-10-20 18:20:10,2017-11-06 20:36:45,2017-11-16 00:00:00
98bd84aec6d35c66e7b5baa6d2cb8dbf,9085fd659cb92d32561ba27756ae17dd,delivered,2017-11-24 22:52:14,2017-11-25 01:53:47,2017-11-28 21:09:03,2017-12-15 13:29:12,2017-12-14 00:00:00
6a45bd0eaa9f36460b442d6c149fb97e,f7200667802fa98c58b8110f7191bcee,delivered,2017-07-27 13:19:29,2017-07-27 13:30:25,2017-07-28 19:27:30,2017-08-02 18:43:07,2017-08-16 00:00:00
bfa8088a92f7ab4ae75c7841ad9cac8d,81e617c9dfd26bc29c2e733dda649a8b,delivered,2018-04-18 19:20:52,2018-04-18 19:35:11,2018-04-19 20:24:53,2018-04-24 18:58:46,2018-05-17 00:00:00
0cd2469ab06e40b78aa617c57b946994,8d924cfc57373c980b55fe575baf2c39,delivered,2018-06-03 15:02:14,2018-06-03 15:15:18,2018-06-04 13:42:00,2018-06-20 23:54:34,2018-07-20 00:00:00
56181fe566dd895c41cb4c0665207b81,cf53cf9a8f50ce588d01f95b1c01dabd,delivered,2017-07-20 10:58:58,2017-07-21 02:45:16,2017-07-25 14:33:09,2017-07-28 14:57:44,2017-08-09 00:00:00
0dafd5ada8ca38b3cdd30cb12a6eb18b,5ee2515a9744b5c06a48ab5bba237549,delivered,2017-03-20 23:30:06,2017-03-20 23:30:06,2017-03-21 11:11:34,2017-03-27 15:45:44,2017-04-06 00:00:00
f7abaa156e535f9204ac0cedab166bd0,daa4d167c907827200536489e0dc645b,delivered,2017-06-25 17:17:12,2017-06-27 04:23:18,2017-06-27 15:04:06,2017-07-03 10:12:27,2017-07-18 00:00:00
67ff89e045f61cd73790e9866d3dc6ea,68747ad98d585dd1ae34309d02338c2d,delivered,2018-04-26 13:51:23,2018-04-26 14:11:59,2018-04-27 11:19:00,2018-04-30 16:12:47,2018-05-11 00:00:00
74e9098e04f430c82e0a8da397f7922a,f6cd35fe99de508fc7a11e0028666025,delivered,2018-05-03 10:45:35,2018-05-03 11:54:35,2018-05-03 15:09:00,2018-05-10 22:47:31,2018-05-22 00:00:00
9463979a72f79c0324a07095d572007e,a2990e7d5162b8c79d2a89d4fe8fec83,delivered,2018-03-22 10:15:19,2018-03-23 02:27:39,2018-03-23 23:28:43,2018-03-29 13:52:27,2018-04-16 00:00:00
d59dab0bce1cd6bf2c2252459973397a,3494e9d5086e44139641e3aefe16b768,delivered,2018-06-25 17:19:48,2018-06-25 17:34:25,2018-07-03 15:04:00,2018-07-10 16:51:41,2018-07-27 00:00:00
5038751dab3b14db2b1423edc9e0397e,4594c3f15bb8ccd057ad5e13b79df8e5,delivered,2017-06-13 14:52:30,2017-06-15 03:03:33,2017-06-20 15:23:31,2017-06-23 12:07:41,2017-07-11 00:00:00
c5b859a429fc1d63c1444ad6a7a52d27,83b44ab8fd0cd5efb1b122b2a3bcd0ce,delivered,2018-03-02 20:04:19,2018-03-02 20:40:21,2018-03-06 16:04:30,2018-03-28 14:49:36,2018-03-28 00:00:00
c12dd32bdb7a0c2ea2d590a7c1f32b01,7f5d04dbde5dd90b767e910416425059,delivered,2017-12-28 14:27:46,2017-12-28 14:37:24,2017-12-29 20:55:12,2018-01-17 21:18:24,2018-01-26 00:00:00
7e71297b2e17220168974a6ea7d50042,56ba07126743e448497da8e3d14ad665,delivered,2017-06-02 16:47:29,2017-06-02 17:02:43,2017-06-06 09:47:54,2017-06-09 12:33:56,2017-06-23 00:00:00
ea733405d742855b5e66606f15b493c7,c1df9884ef25ecda8c955f83b37db13b,delivered,2018-03-07 18:08:19,2018-03-07 18:15:40,2018-03-08 19:02:38,2018-03-28 22:08:41,2018-03-27 00:00:00
a90966534748634cbb133383bf0eee68,509585871d9505d583be980046b14b8a,canceled,2018-02-01 16:49:17,2018-02-01 17:15:39,2018-02-02 19:26:53,,2018-02-19 00:00:00
38b584be7174802377777bcd60e7a459,bf7aeb48aaf84c74e205482939a1ecc0,canceled,2017-11-02 23:12:48,2017-11-02 23:30:48,,,2017-11-16 00:00:00
20f00da0cbd9a5f5d8caaa7f5a5e438c,e533aad62ae7a6f8dc0254352f3b6562,delivered,2018-04-19 11:46:10,2018-04-19 12:34:44,2018-04-20 23:20:43,2018-05-09 23:41:31,2018-05-24 00:00:00
76c3c8013bea9128879c13688ea5ff32,734d978ad5e614c839d98c85e8e7e7ae,delivered,2018-02-19 17:44:31,2018-02-19 18:46:53,2018-02-22 20:49:53,2018-03-08 17:59:45,2018-03-05 00:00:00
4bd891688089fefa2a88b0c0da2ce5d2,dd4cd9e1add310e5a0d8aa4f7fa15da4,delivered,2018-06-16 15:24:03,2018-06-16 15:38:01,2018-06-21 14:58:00,2018-07-03 23:05:02,2018-07-23 00:00:00
b96a6dd4f298f5e0e797e6251f2de6f0,d3050163e3a88ff86c411135bae1cf95,delivered,2017-10-31 22:39:06,2017-10-31 22:50:12,2017-11-03 20:22:04,2017-11-13 18:47:47,2017-11-22 00:00:00
3e842a1e166c97b49a05adaf6c7581f2,5a7c3d82e3d752eca0b6d7a52df07c9b,delivered,2017-05-25 15:54:40,2017-05-26 16:02:49,2017-05-29 11:55:50,2017-06-08 14:22:28,2017-06-19 00:00:00
43716fe010471178ec7f9c3be2a0c505,125323b1dc57df4d0ec8b6f695b02e00,delivered,2017-11-25 07:39:11,2017-11-25 07:52:26,2017-11-27 22:04:38,2018-01-11 18:36:05,2017-12-21 00:00:00
34bfe8d474f4b345e99b22b2ed46472f,b942fbed18322bae22eb6d47ab614dcb,delivered,2017-10-27 15:34:03,2017-10-27 16:31:30,2017-10-30 10:27:47,2017-11-07 18:53:11,2017-11-28 00:00:00
90a0f36026ffd698c58239148a28b412,77f30174b3db9880a8a868926892545d,delivered,2018-04-30 15:43:39,2018-05-01 02:37:58,2018-05-02 13:04:00,2018-05-08 19:03:53,2018-05-21 00:00:00
60702368f14268a42d95a4da7cea0632,c609bbdc6a816decf71546cea0a79836,delivered,2017-10-29 20:16:29,2017-10-29 20:25:34,2017-11-03 16:17:06,2017-11-08 19:28:49,2017-11-17 00:00:00
6ab97ef7bd67ccdac3b4d3743bcb9503,b6f9e2a66841b8d8f49af9cf799e87d1,delivered,2018-06-09 11:45:29,2018-06-09 11:55:21,2018-06-11 14:11:00,2018-06-19 12:52:26,2018-06-28 00:00:00
26ea0efdb7b2abdbe5c5febd801ff18e,d5eafcbbd616a345974ca2ad22611c11,delivered,2018-02-08 21:04:33,2018-02-08 21:15:24,2018-02-09 22:29:40,2018-02-26 17:23:39,2018-03-07 00:00:00
669b32c048dfdec5e4573854abe5e565,dcdfe35bfb51be9e9a791431222fb73f,delivered,2018-01-05 12:39:07,2018-01-05 12:48:51,2018-01-08 20:51:30,2018-01-10 18:58:49,2018-01-23 00:00:00
22420f3718ef75dcddb4f03201096895,f9ba7683252743527fe127f7627b82de,delivered,2018-03-10 18:42:35,2018-03-10 19:40:52,2018-03-26 17:24:48,2018-04-02 22:38:42,2018-04-24 00:00:00
5322755defeb2e8863500740172a082b,9922420b9b6f5767d8c46ddfe4d3b22b,delivered,2018-07-03 11:14:42,2018-07-05 16:25:46,2018-07-03 14:38:00,2018-07-11 22:26:43,2018-08-03 00:00:00
19c8e37f78c41e2637545e34bda62bc1,9e919321eae00c3e6a133f4d847a360e,delivered,2018-02-06 23:23:59,2018-02-06 23:49:09,2018-02-07 16:36:43,2018-02-19 21:32:01,2018-03-07 00:00:00
8aad4d43d259e1f1a9ca1786df7fddfe,5af688e5163184c0d53d53ad44bbf285,delivered,2018-02-05 12:04:33,2018-02-05 12:29:45,2018-02-06 20:03:55,2018-02-15 22:53:03,2018-03-01 00:00:00
1cb9cb32b2b54f1580e375ba45d744c4,081ea0387c6abab704e37f4c9bc965bc,delivered,2017-12-26 18:24:08,2017-12-26 18:32:22,2017-12-28 18:39:15,2017-12-29 13:37:08,2018-01-15 00:00:00
40b78093269252ad30000071c00f5c9a,528dc37bf184808b81749737c7691680,delivered,2017-08-09 20:49:25,2017-08-11 04:26:22,2017-08-14 19:27:05,2017-08-17 15:07:01,2017-09-04 00:00:00
9cfc94a00cf39aa53d8f701fade170b9,9f8d30b8c684bbe0947a28248a3887e7,delivered,2017-05-19 16:57:25,2017-05-23 03:55:23,2017-05-23 13:10:27,2017-05-24 12:52:09,2017-06-02 00:00:00
68656d23f76667ee6ebe117db63ea015,06838eb84d243726bcd772cec9b68813,delivered,2017-04-03 12:43:06,2017-04-03 13:05:39,2017-04-06 06:58:00,2017-04-17 08:08:03,2017-04-26 00:00:00
065d4f458013cd9c9e716f8be1ca00d1,12b11f992889101946980981fb471ab2,delivered,2017-11-05 23:44:57,2017-11-07 06:31:21,2017-11-07 19:14:21,2017-11-10 16:03:34,2017-11-17 00:00:00
fca69dd3e60777ea363bd9d95a9bc86b,f6200ed049e67d0003e8ec5cea1eb13d,delivered,2017-07-06 19:53:02,2017-07-06 20:03:32,2017-07-07 15:42:16,2017-07-13 17:08:50,2017-07-28 00:00:00
7944a40f993592120589ebe482ba7b1d,60c394acebd6100502ef3258182dc805,delivered,2017-04-12 17:43:27,2017-04-12 17:55:13,2017-04-13 09:00:55,2017-04-19 13:38:53,2017-05-09 00:00:00
aa60b99fd9b56eaff400d62b362e3bd3,35af52466ac48fec697b0038146c8469,delivered,2018-01-03 12:54:52,2018-01-03 13:06:58,2018-01-08 19:44:00,2018-01-13 02:09:43,2018-01-29 00:00:00
f5612a72c48893e663d7f53ed8474dac,c034386c62e4c60320463e89cf90bd08,delivered,2018-03-25 18:28:25,2018-03-27 03:51:21,2018-03-27 21:33:25,2018-04-06 18:03:43,2018-04-13 00:00:00
a0d503b20274a7c654eab441adac695c,09684cc1c5d0fdf71ff51b9f99843ea3,delivered,2018-02-28 15:29:12,2018-02-28 16:10:59,2018-03-02 16:29:02,2018-03-20 21:55:48,2018-03-27 00:00:00
e32475f70e357bf610f864d2674aaf46,b980ddd21127c0b356431590d4d3063a,delivered,2017-05-04 02:30:50,2017-05-04 02:42:42,2017-05-05 13:09:19,2017-05-16 10:21:50,2017-06-05 00:00:00
4c3056fe40ffbc21a0f047320bf17cd1,926a13f228b0c485521bb3b1ec09b164,delivered,2018-03-25 23:27:23,2018-03-25 23:47:45,2018-03-27 21:07:34,2018-03-30 00:14:22,2018-04-06 00:00:00
449ace02554618b2b893aa7a8868e7ac,5a5665a088424b8a6393ef403bbef479,delivered,2018-06-22 21:40:54,2018-06-22 21:58:37,2018-06-25 13:24:00,2018-07-02 17:50:48,2018-08-01 00:00:00
0ee78b4d78116d8d91f47dc4b290f526,e8db2406f6cc8880487fe3d1162b7cce,delivered,2018-08-13 13:19:54,2018-08-13 13:30:15,2018-08-16 13:52:00,2018-08-21 02:21:25,2018-08-20 00:00:00
b58a6cafa236091ed83bec2b0ff64ec7,055d109c6027a0552d11c3b1dc8d7986,delivered,2017-05-07 20:32:07,2017-05-09 09:35:49,2017-05-11 09:27:48,2017-05-15 08:04:12,2017-05-19 00:00:00
bb319a363d19dd79207dd26bacf0f4e8,ac7b1af4f6e4c9703331534ab45840cd,delivered,2018-05-09 07:54:15,2018-05-09 08:30:55,2018-05-09 13:18:00,2018-05-16 16:12:49,2018-06-01 00:00:00
eea49c7e89b1350899c908afadbc6ee0,1237b05644a9d15e9cd1a33c445b87fe,delivered,2018-07-07 23:49:13,2018-07-11 03:15:21,2018-07-12 14:57:00,2018-07-13 18:32:17,2018-07-19 00:00:00
e53249d8b27242c64053f94e2af2b2ba,94530252be2e605952ea3e82461cfbad,delivered,2018-08-26 21:18:34,2018-08-26 21:35:11,2018-08-27 14:29:00,2018-08-28 22:13:29,2018-09-04 00:00:00
6b8e33e6751e356214e7b35ad7df83cb,b083efa0cd26465439a0c966b960a701,delivered,2018-06-21 19:24:06,2018-06-21 19:38:39,2018-06-22 15:16:00,2018-06-29 20:16:46,2018-07-19 00:00:00
5fa0fac3ee78bb5d81f63f4e1b2f581e,9df3a70d5bddb3b05b7896e5d68088f1,delivered,2017-12-05 15:45:05,2017-12-05 15:54:20,2017-12-07 00:56:46,2018-01-04 22:49:00,2017-12-28 00:00:00
95ece076088bebb7ec28703a1f378214,054966d42bd2283fd25c9aa4fd8bba5f,delivered,2018-06-26 08:38:27,2018-06-26 08:58:03,2018-06-27 10:23:00,2018-06-29 21:59:53,2018-07-13 00:00:00
969845b1c24ed7c5f3d07b64667967f8,b70ddf16c6958c2932ba47fe90187a1a,delivered,2017-07-17 12:01:14,2017-07-17 12:15:11,2017-07-19 12:27:53,2017-07-24 18:44:31,2017-08-08 00:00:00
d3123a8def350af103d31c2026666c25,08b56a0a9c6eff4619a9a141b4dd37e2,delivered,2018-08-18 18:04:29,2018-08-18 18:15:16,2018-08-23 13:43:00,2018-08-27 20:03:51,2018-09-19 00:00:00
87c30aa444c21f77f5dcedb637f9ba85,499cec095230909d69db703a919b2d22,delivered,2018-06-11 14:07:58,2018-06-11 16:31:31,2018-06-15 14:21:00,2018-06-20 18:26:28,2018-07-05 00:00:00
7e7ed851224124724e3058ab01051711,621bd139a00b6dc7d6d68635e3b558f4,delivered,2018-05-29 08:20:32,2018-05-29 08:35:17,2018-05-29 14:38:00,2018-06-14 17:52:23,2018-07-13 00:00:00
0acb52bb1603d9a69f0965fb43c08a99,c49b7e4b867b6ef7012497b70b828e0c,delivered,2017-12-06 21:38:37,2017-12-06 21:52:52,2017-12-07 19:43:07,2017-12-08 09:57:43,2017-12-22 00:00:00
9260673a73f65b3c54fdca21a92183fd,5a25e5160e5a5ed104c66d7829fcb5fe,delivered,2017-07-18 20:28:06,2017-07-18 20:43:14,2017-07-19 12:12:10,2017-07-21 19:06:51,2017-08-07 00:00:00
6b3badf7183e5f197eaba0dc24fb28f2,545c5ae6a6f4963a3f0de989e0fb8bc5,delivered,2017-10-17 12:31:09,2017-10-17 13:26:30,2017-10-20 20:11:50,2017-10-27 18:07:40,2017-11-07 00:00:00
6c0819b0edde57ca00841c3d2092bb34,e7b231ace740792333d5825f57bdfd9c,delivered,2018-07-24 16:40:18,2018-07-25 02:55:08,2018-07-25 14:08:00,2018-07-28 12:51:30,2018-08-07 00:00:00
e49756b486c722bb970c4cadf35a2cc3,395109240d37ac26c624df336fb780c9,delivered,2017-09-13 16:41:53,2017-09-13 16:55:11,2017-09-14 19:13:40,2017-09-18 19:10:23,2017-10-02 00:00:00
3447403152f317306ba14a3837235504,4fa0a4fef71cbed8c67fcbdf974e0fb5,delivered,2017-11-24 17:03:52,2017-11-24 20:39:41,2017-11-28 00:25:45,2017-12-05 17:09:45,2017-12-18 00:00:00
f52ed0bde654bdeeaca2b4d0ad7e6c33,0ffc0c85f45a4f828918ccc403f4ba87,delivered,2018-08-01 18:14:28,2018-08-01 18:25:11,2018-08-02 11:08:00,2018-08-09 17:12:40,2018-08-29 00:00:00
efd6e545a0e34fcc1b5a8fe60d9026ec,c6b4edcfa5b404de41a84649ae810ab3,delivered,2017-11-26 14:11:15,2017-11-26 14:19:23,2017-11-27 21:47:27,2017-12-05 21:55:53,2017-12-15 00:00:00
29f5eee55471690bb64be28bdbb7f11e,a1dacdcfc9e9d6a31ee895c15c96cdd3,delivered,2018-01-17 16:29:52,2018-01-17 16:49:48,2018-01-23 23:22:35,2018-01-30 19:11:53,2018-02-19 00:00:00
1f6ed5c41056590e82cd3764a809e2f2,2d2fddcb051ba1be58126988e10b34fe,delivered,2018-02-19 11:58:43,2018-02-19 12:15:50,2018-02-26 22:48:44,2018-03-06 17:44:22,2018-03-09 00:00:00
8358045db0b940a1fcaa47dadb2b79c9,7ac9e0604c9ae3f476588f5f0fee10bc,delivered,2018-04-22 23:01:47,2018-04-24 18:38:39,2018-04-23 18:54:34,2018-05-08 20:44:50,2018-05-09 00:00:00
033be53bbe3f76953bada81a6a40d3b6,8455da4c0f77acdfe3dc387545a13a5e,delivered,2017-11-14 11:10:14,2017-11-15 02:55:46,2017-11-21 19:34:09,2017-11-29 23:32:05,2017-12-14 00:00:00
eb829be78140383da9cba1b8fc2c6c6f,c1589a207c65a8b3f79b7aaf2103f715,delivered,2017-03-14 11:24:10,2017-03-14 11:24:10,2017-03-14 17:11:46,2017-03-22 11:53:00,2017-03-31 00:00:00
8097f05ad65d38ba708d437f60ad6581,16ad5865a7312961bef41888610a109e,delivered,2018-04-03 22:59:48,2018-04-03 23:10:13,2018-04-04 18:22:37,2018-04-10 19:17:48,2018-04-24 00:00:00
a4e4558822ee82b83d241adadffa42db,b52b19c1578a99fe32770796105f0ab7,delivered,2018-03-12 16:45:07,2018-03-12 17:09:59,2018-03-14 00:14:49,2018-04-20 22:58:26,2018-05-07 00:00:00
f1b2f741c002e0bf5f0f63e3b83c1a21,64c6902a27f9ed0d53fb7afc77259a8c,delivered,2018-02-27 18:16:26,2018-02-27 18:29:06,2018-03-08 21:06:25,2018-03-13 19:31:10,2018-03-19 00:00:00
6e8e402e44bcfbea3974580d3f442a33,6822d5f9abb30da580ef30196fb78436,delivered,2018-05-15 11:28:25,2018-05-15 11:55:24,2018-05-23 13:03:00,2018-06-01 17:49:48,2018-06-01 00:00:00
8b72765c9ae45dda52e1aeb36d56d0e6,21d21175570bdf77dcfe0902436a886f,delivered,2017-05-15 14:45:55,2017-05-17 03:45:15,2017-05-17 11:20:00,2017-05-20 09:07:40,2017-06-02 00:00:00
3786374eb6f56d00e96bf7511002cd00,636fa509660dfc8277a18ef0e7c4a68a,delivered,2018-03-13 23:17:04,2018-03-13 23:30:26,2018-03-14 18:06:41,2018-05-17 18:21:50,2018-04-13 00:00:00
ccdbdaee1f24ce882d752fe79410cfef,e873ee667c51b3236ae273a6877461a5,delivered,2018-01-28 08:46:35,2018-01-28 08:53:19,2018-01-29 22:56:36,2018-02-07 17:43:13,2018-03-02 00:00:00
968daeb20a9a0e6c8433cad2c886756a,4b118c6a2f825845bae401ae5b1b993c,delivered,2017-07-28 17:31:17,2017-07-29 02:25:27,2017-07-31 16:42:54,2017-08-05 15:23:52,2017-08-24 00:00:00
5ed9ceb0ba3f0b51619c859aae89f1ae,cca56064dc1109d7ddbcc60f28e54ae5,delivered,2017-10-07 17:26:31,2017-10-07 17:49:29,2017-10-10 16:50:13,2017-10-17 19:42:58,2017-11-03 00:00:00
218285f1805643f2d68bbec7c40c88a0,af020dd994eed0fee9e46aeab3cdeae1,delivered,2017-09-13 08:38:58,2017-09-14 03:05:55,2017-09-15 21:23:31,2017-09-20 14:34:44,2017-10-10 00:00:00
37caa1552193248f7147f1298b4cd3c1,bb1be7eeb5e6950adea984cecfcc963e,delivered,2018-03-01 14:49:23,2018-03-01 15:15:30,2018-03-05 19:24:33,2018-03-14 16:41:54,2018-03-23 00:00:00
98bd62478f45e100b026c030c5b0b121,c26860c28284ae4ae0c44c2ddb8fbbac,delivered,2018-08-05 08:15:58,2018-08-05 08:25:09,2018-08-06 12:18:00,2018-08-13 14:38:40,2018-08-21 00:00:00
b7862d8553509d146df534b47d0fe1c3,902c17aa72c2d804680e8253f15c00a9,delivered,2017-07-31 15:49:58,2017-08-01 15:55:34,2017-08-03 12:14:36,2017-08-24 16:39:59,2017-08-30 00:00:00
f69425cdf960af0610de624359fd6a04,310d31ae6e46c6bc708865caf0649709,delivered,2018-02-02 10:18:03,2018-02-02 11:30:46,2018-02-02 23:12:35,2018-02-15 20:47:01,2018-03-05 00:00:00
855302e009dbafa86035003b00a49cd2,deb1182dcf5719b1a643649a2029846f,delivered,2018-06-05 19:59:42,2018-06-05 20:15:15,2018-06-07 13:27:00,2018-06-11 20:03:45,2018-07-11 00:00:00
694191692801e9418ffd60b651623962,8e74c6f59833b01dec6cd56211141d6c,delivered,2018-06-10 18:40:46,2018-06-10 19:12:25,2018-06-11 13:34:00,2018-06-13 21:55:01,2018-06-20 00:00:00
9bad30acdfaeb94d3ad6ac40d5cdff7b,4c6e5d4c155d638646dee1e2f2fb3c38,delivered,2017-05-31 07:40:50,2017-06-01 04:05:33,2017-06-01 14:39:36,2017-06-10 11:03:25,2017-06-27 00:00:00
c195f1fa107c4161ca71b557b72b01db,672124aab25c34f836a4e49b5f7b6af9,delivered,2018-01-17 17:19:35,2018-01-17 17:29:22,2018-01-18 23:23:20,2018-01-22 18:28:50,2018-02-09 00:00:00
7f3189b85f3e348f9d772df47fe06bf7,18901d6dc991f0a3f8876d75185dbb45,delivered,2018-08-15 21:17:21,2018-08-15 21:25:16,2018-08-16 15:24:00,2018-08-23 18:41:16,2018-09-18 00:00:00
4438006ddb5015b3c15d1d5e6c83c80b,caba2eba9fa3f3a3a838cc2a8307edc3,delivered,2018-02-16 11:46:02,2018-02-18 12:26:49,2018-02-21 18:09:08,2018-03-17 18:03:39,2018-03-12 00:00:00
61417f74f6caf083ff60fa4dc315f050,ab9909098ee1c7b2dc687e351d6373a9,delivered,2018-01-19 02:33:59,2018-01-19 02:52:06,2018-01-20 00:54:43,2018-01-24 15:49:10,2018-02-07 00:00:00
6ae5b953bef57d8a29a1c49e03807e82,431398d6d3848951226cf1307fc6f411,delivered,2018-07-05 20:25:54,2018-07-05 20:50:43,2018-07-06 11:26:00,2018-07-14 11:32:46,2018-08-08 00:00:00
cefcc988df88b91e3c9825518535be06,1338b5bd76a840ce8e03af00f46bb86f,delivered,2017-09-20 16:42:41,2017-09-20 16:50:21,2017-09-21 19:48:59,2017-10-02 10:46:37,2017-10-11 00:00:00
b5e461698d26f74f0316a419ee853f39,22bba22f92a670e60291b231f4f5eacf,delivered,2017-11-14 19:52:40,2017-11-14 20:06:56,2017-11-16 15:18:25,2017-11-21 18:58:38,2017-12-05 00:00:00
df91fb38017b42722551a94382cb829a,79a569c7d0617c27504aee953f5ea4ca,delivered,2018-04-25 16:04:20,2018-04-25 16:53:36,2018-04-27 15:03:00,2018-05-03 18:31:19,2018-05-18 00:00:00
5e3ec924bc1a1f3793e12632c2b2f85d,9ccfe754c1d52a5024451022d4fcfd4f,delivered,2017-06-12 19:22:59,2017-06-12 19:30:24,2017-06-16 11:42:07,2017-06-23 11:27:39,2017-07-03 00:00:00
1e61c2d93012f7a32fe86de9bafc3a1f,bbacd4a4139f37ae3aedcc0f1e4d86eb,delivered,2018-08-09 22:37:32,2018-08-09 22:50:09,2018-08-10 14:46:00,2018-08-15 11:33:55,2018-08-21 00:00:00
d631ff71a4160145d9473055d6cf74fb,40e1601f4dd60faaea6b38c69223e617,delivered,2017-12-30 10:31:39,2017-12-30 10:47:05,2018-01-02 17:26:33,2018-01-11 19:34:26,2018-01-29 00:00:00
10492d21e254a11aa46c125a01702bfa,8f3fc20a1f8167dde23e0da111626aa0,delivered,2018-03-27 19:03:56,2018-03-28 21:30:24,2018-03-29 18:39:19,2018-04-02 16:49:39,2018-05-08 00:00:00
3b47eaed57c2b8dbeef5f764194e5750,5260f456ae402e7bd7b16055e9a4214d,delivered,2018-03-01 18:52:36,2018-03-03 02:51:19,2018-03-07 00:22:28,2018-03-12 18:21:30,2018-03-21 00:00:00
f022f31048c98ee478576cd828def68b,c508d059bc9188e6d2992268c059241f,delivered,2017-11-03 08:37:03,2017-11-04 04:25:50,2017-11-06 19:28:18,2017-11-17 19:31:55,2017-11-28 00:00:00
5667f52833bc78e17073dbcd870b6586,8d01c2ffa6f784c1768f162aee948b95,delivered,2018-02-19 11:12:19,2018-02-19 11:25:29,2018-02-21 20:42:36,2018-03-28 15:18:52,2018-03-12 00:00:00
8262ebe1e3df8d5a04eb3c663940c9b0,cdee0e62d7e28cb988bca16cf3a85dbd,delivered,2018-08-17 09:47:55,2018-08-17 10:09:23,2018-08-21 12:36:00,2018-08-27 19:06:49,2018-08-31 00:00:00
75bd4b8877dbbc7d78b0cae0dddcff55,b5ac954570be41582fcc06eb196cbc1d,delivered,2017-10-02 12:22:51,2017-10-05 11:04:32,2017-10-06 17:15:37,2017-10-19 15:13:45,2017-10-30 00:00:00
e2ee2dc610b2fdbed7d47963883bf17e,057cea2321147e9bb2b7b5af93e66172,delivered,2018-08-13 10:04:40,2018-08-13 10:24:16,2018-08-15 13:12:00,2018-08-23 17:46:39,2018-09-11 00:00:00
9c0e8894e1007783cb1b4922e9e46aef,ce0a55747a77d957ea22fb5adddbbeca,shipped,2018-02-19 13:47:51,2018-02-19 14:07:33,2018-02-21 00:08:55,,2018-03-19 00:00:00
44ee123dd806e5be0cd47203126e26c8,f004baaa764281a258a7bdbed2eb177d,delivered,2017-10-05 10:44:47,2017-10-05 10:56:20,2017-10-06 15:48:16,2017-10-09 15:59:23,2017-10-24 00:00:00
2149fe82b3e2d55f500ffe8406412733,b1f561df601049692eeba1996a9d4eea,delivered,2018-04-28 00:21:17,2018-04-28 00:32:32,2018-04-30 07:37:00,2018-05-04 18:42:31,2018-05-21 00:00:00
f5ee50375a852fcea177ed5406a3f4c4,6ed7fb8f89bb4995b9f7e63e23ebd9c3,delivered,2018-01-11 11:45:22,2018-01-12 02:48:26,2018-01-12 22:29:27,2018-02-16 23:42:08,2018-02-15 00:00:00
7eb947ee7c01b2d8872bc456302687ac,669f2964029913b6ec6a29354302fbea,delivered,2018-02-03 20:37:59,2018-02-06 05:31:48,2018-02-07 21:09:02,2018-02-20 18:46:01,2018-03-05 00:00:00
cdbf4152d2857c30e94f8e15e0dc9914,b07ff4137e54a8bf9b962ce385a93355,delivered,2018-08-05 18:45:25,2018-08-05 19:04:17,2018-08-08 14:11:00,2018-08-15 12:32:49,2018-08-20 00:00:00
df89b9f16503a80016dd955b0929ee3a,aff507517b2eebfb48dcec81417dcb3e,delivered,2018-07-17 15:18:16,2018-07-17 15:30:14,2018-07-18 15:00:00,2018-07-26 18:44:33,2018-08-07 00:00:00
0b8d9a9a4de4be0a6a5f0778f97ee6b5,aa54fd4369d4c8cac7f225c1e523399e,delivered,2018-05-16 09:31:53,2018-05-17 10:38:26,2018-05-17 12:56:00,2018-05-21 20:18:52,2018-06-05 00:00:00
a285ac76dd23bfb0ca14b34b894e9af9,c5017529359ab8ce299cb3ca7b1171f5,delivered,2018-01-19 13:48:59,2018-01-19 13:58:23,2018-01-19 22:41:36,2018-02-03 01:34:32,2018-02-22 00:00:00
bb009fab515024781676004c4924f54d,d2d1c74bca444a6750b9ac7de001953c,delivered,2018-03-13 08:07:13,2018-03-14 02:35:39,2018-03-16 19:09:15,2018-03-27 18:51:26,2018-04-06 00:00:00
ff8d0c8b5c1e8bdd6f8e3170f6fd62fd,1aee0c71b6dc4f257027beeadecb892e,delivered,2017-11-03 20:02:58,2017-11-03 20:30:54,2017-11-06 20:12:53,2017-11-10 15:22:57,2017-11-29 00:00:00
1c5ea09d670777647e55f734e3d784b2,76c645adfb10bdaf744e6ec0649fe610,delivered,2017-10-31 12:20:33,2017-10-31 12:35:47,2017-11-03 18:32:38,2017-11-07 19:24:36,2017-11-27 00:00:00
3e1f6fe2fb84232f49ee85bd4c61758e,dd8127782124fd0c7e5d054250651a6c,delivered,2018-05-15 07:53:32,2018-05-16 02:54:10,2018-05-16 14:25:00,2018-05-23 20:18:55,2018-05-29 00:00:00
d12e769a4e50f157d2c6cdf423dd73c4,48e60815b9a51a18b2721ea814b574b4,delivered,2017-09-25 22:57:30,2017-09-27 03:07:13,2017-10-03 16:29:08,2017-10-13 20:28:23,2017-10-26 00:00:00
c57e8fc5fbac1858f9a0f49e72eaa29e,033697e598cacbf5c293f06b632b1a1a,delivered,2018-03-22 21:07:11,2018-03-22 21:27:42,2018-03-23 22:14:49,2018-03-27 00:39:35,2018-04-04 00:00:00
8104cba0cfe32e03aa870b61f6cdbf24,39f9e21e8234a66d314563df3c08e29e,delivered,2018-06-17 13:06:47,2018-06-17 13:39:50,2018-06-25 15:22:00,2018-06-29 17:28:45,2018-07-17 00:00:00
dd5be9b9c0e3a99371fb16d0723543aa,901756599df1e3f315ffa38fe192892b,delivered,2018-03-27 08:26:27,2018-03-27 08:46:50,2018-03-27 19:18:49,2018-04-02 12:12:15,2018-04-13 00:00:00
10980615138835de121262cf38488689,8b40ebca90678b49830f04a84116370e,delivered,2018-02-02 10:52:24,2018-02-02 11:55:32,2018-02-05 21:34:25,2018-02-16 20:12:34,2018-03-01 00:00:00
05c44e3898cc7d836584bfaaa36d0017,b5877addfeaa2e955ae8dbed97ecd12b,delivered,2017-03-31 01:33:15,2017-03-31 01:45:13,2017-04-04 14:57:07,2017-04-12 13:24:15,2017-04-28 00:00:00
9d6b1d10fd62d8f52d1ee875b4842c2e,03b436ea506015a721669b80835907c6,delivered,2017-11-19 19:59:00,2017-11-21 04:08:30,2017-11-22 22:52:53,2017-12-01 21:06:32,2017-12-11 00:00:00
2e06e0410e2829e55051f03c2e60822d,4e0716459cc23e3c7e7cca611bc8b8d7,delivered,2018-08-15 20:48:09,2018-08-16 20:49:42,2018-08-21 14:58:00,2018-08-30 17:41:41,2018-09-03 00:00:00
720eebfd126b48c9ba768e0b74ed00d6,312ab567f56d954b660dcca797151e01,delivered,2018-06-26 15:07:53,2018-06-26 15:36:09,2018-06-28 13:55:00,2018-07-04 21:43:28,2018-07-30 00:00:00
98c012340047030b894d118bb56be94f,0390e8a506d1b5c6b545913a8900231f,delivered,2017-03-15 17:08:18,2017-03-15 17:08:18,2017-03-16 16:45:50,2017-03-20 06:12:51,2017-04-05 00:00:00
9b09d38304dcaca0cd68c1e70247ca62,36bc2194dd0d911e897fc2db8ac76827,delivered,2017-10-01 08:20:11,2017-10-01 08:35:14,2017-10-03 13:17:51,2017-10-14 12:03:51,2017-10-30 00:00:00
57972ffb8a2538ed27c15464d6e7fce6,76b409766dcff895c8dcf3f3297baddf,delivered,2018-03-02 13:35:20,2018-03-02 14:23:55,2018-03-06 23:48:37,2018-03-17 19:29:30,2018-03-21 00:00:00
fe94f63f2f4d326a6da25bfe07ffaf93,1dbe0bf136ea8849ed9648546ebc2e63,delivered,2018-08-02 12:07:12,2018-08-04 04:10:53,2018-08-06 11:53:00,2018-08-10 14:12:03,2018-08-17 00:00:00
37dd9647f695d5ea3291f3ff98d8b190,26f71935b39470865072892a7a035b7e,delivered,2018-01-11 22:49:10,2018-01-11 22:58:31,2018-01-13 01:22:13,2018-01-23 18:18:45,2018-02-16 00:00:00
f269e83a82f64baa3de97c2ebf3358f6,da052c97b9dc9fe34af8e78c7b014301,delivered,2017-12-17 17:30:45,2017-12-17 17:54:12,2017-12-20 20:10:26,2018-01-11 21:59:07,2018-01-30 00:00:00
fe51eca8b5e241e101a5bc2e9720f877,e066b0d4111159d21f74325789a1e841,delivered,2017-07-30 03:01:54,2017-07-30 03:22:52,2017-08-03 18:37:27,2017-08-05 13:53:48,2017-08-11 00:00:00
087a5caa838085de4baa54e02f8f2878,01621ab81b760e6e48e8eb3a300c77bf,delivered,2018-06-09 01:13:30,2018-06-09 01:36:26,2018-06-11 14:30:00,2018-06-14 19:32:13,2018-06-25 00:00:00
484dd80590c70c987e3f3a2690673090,861f85fede6656786fc1d793f85db16e,delivered,2018-03-20 15:19:46,2018-03-22 02:51:00,2018-04-12 00:12:48,2018-04-24 22:46:45,2018-05-02 00:00:00
6d803f43262441beabcb27db6c78a68d,d4fd5197cc0635f7cb41aeeb4ad7b234,delivered,2018-06-22 17:11:15,2018-06-23 02:20:38,2018-07-02 12:22:00,2018-07-03 19:44:34,2018-07-16 00:00:00
93d1fcee477966a088fa92cae7c8a488,cc32b396474c70a230c5cf7b6b4d384f,delivered,2018-04-30 09:27:38,2018-04-30 09:50:12,2018-05-02 15:23:00,2018-05-10 19:58:36,2018-06-05 00:00:00
0f93c58739ea2f69d93afa96a7a07855,0171707ab8e7ded84018d1172aa33c51,delivered,2017-11-21 11:44:48,2017-11-22 14:34:28,2017-11-23 21:19:09,2017-12-07 21:10:00,2017-12-12 00:00:00
06aa0aa8c22027ebb953d501c4238512,dd22f1d0142d9698c0848674e843525c,delivered,2018-04-25 19:43:19,2018-04-25 20:31:06,2018-04-26 14:39:00,2018-04-27 17:37:28,2018-05-11 00:00:00
7313f0f1840908195fcec79cd76b81d0,b56b195b117a62d8ef46813504dd810f,delivered,2017-04-08 19:02:42,2017-04-08 19:10:20,2017-04-10 14:16:56,2017-04-20 12:06:20,2017-05-04 00:00:00
83eeee55d222c6e3b10f716700517529,2528d846a0e0970307407331f0852615,delivered,2018-02-01 13:03:17,2018-02-01 13:15:25,2018-02-14 23:06:49,2018-02-24 13:22:04,2018-02-21 00:00:00
dbf27f75863393abd4a81231e007ac43,97d2ba8d0d87bfb2e82f3bc2cdd11c32,delivered,2018-06-09 15:21:59,2018-06-12 05:16:09,2018-06-13 12:43:00,2018-06-19 13:14:27,2018-07-03 00:00:00
4b26fbc3d9dab4bb7bed35fbe2746f26,7017fa825bd6001972c6e406b05e6cb6,delivered,2018-04-25 10:25:41,2018-04-25 10:35:24,2018-04-30 16:40:00,2018-05-04 17:37:53,2018-05-17 00:00:00
84f9f9d8251eed3b45a627d105aabe44,f42b63704ace7febd0fc6d6b2d60d1c2,delivered,2018-07-25 22:38:09,2018-07-25 22:50:11,2018-07-26 14:04:00,2018-07-28 03:32:42,2018-08-02 00:00:00
3ddd23cf50cc3d0d89bb2cecfa137d93,8c0993c9db15910b863ce755731f3b6f,delivered,2018-08-13 12:54:15,2018-08-15 03:05:48,2018-08-16 13:27:00,2018-08-28 18:48:32,2018-09-10 00:00:00
d5e518a80ee8f7f4805db87cc532af02,9d79324671ea20f5452fd06368100c5e,delivered,2017-06-19 10:56:12,2017-06-20 11:15:18,2017-06-20 16:09:25,2017-06-26 15:39:42,2017-07-07 00:00:00
db7974217c78bbcb9b81412ef8268596,e1006a67b576043035eaade88824a0a2,delivered,2017-09-28 20:27:55,2017-09-29 20:35:10,2017-10-02 18:05:29,2017-10-11 00:04:08,2017-10-31 00:00:00
4bff66c10610e424c94b8cc3ee0f2bea,34e96035e861054d0816e2168ee210c5,delivered,2017-11-24 20:14:59,2017-11-24 23:32:30,2017-11-27 16:09:22,2017-12-11 19:54:10,2017-12-21 00:00:00
65a20f560863aa2aab71ad123abcbf60,eb9a02ebb55bcfc0516d56555290bfa4,delivered,2017-02-27 06:46:22,2017-02-27 06:55:12,2017-03-01 10:22:19,2017-03-08 15:07:52,2017-03-22 00:00:00
a80cea12b62289c67982c7776d263cb5,7a2200e2874f707b17ee37bbe7c0c969,delivered,2018-05-11 11:45:52,2018-05-11 12:16:55,2018-05-14 19:03:00,2018-05-15 14:38:37,2018-05-24 00:00:00
153a3985482d189af613f19120de205f,b35b1cf12fb166b4764e0962bc87ab18,delivered,2018-08-12 11:50:31,2018-08-12 12:04:28,2018-08-14 17:16:00,2018-08-17 18:02:18,2018-08-21 00:00:00
5dee8eedf4516e7562d1ec0f62833392,d266372ab3c63af5c6503c9315b213e2,delivered,2017-09-24 19:37:48,2017-09-24 19:50:17,2017-09-25 18:41:37,2017-10-01 16:54:49,2017-10-17 00:00:00
cbb837e370beea845d4aabda89dede0b,275bfab3f3dffef3a72f91afab89f3df,delivered,2017-09-13 19:56:05,2017-09-15 02:25:08,2017-09-18 15:42:52,2017-09-21 23:50:24,2017-10-04 00:00:00
9ec8fd6e5988089dadaa2c8ebdc15a0f,6f3ff361ef37dc93f7b53536854f1590,delivered,2018-04-23 18:29:35,2018-04-24 18:59:08,2018-04-24 18:09:08,2018-05-03 18:54:46,2018-05-16 00:00:00
89eb4ed6e96d62cb0cbc6efc61f05efb,04495037fc6899faffa41ba3bc4272b4,delivered,2018-04-22 15:51:44,2018-04-24 18:58:44,2018-04-24 22:18:29,2018-05-04 22:05:32,2018-05-21 00:00:00
ca8371fd938708a12fe7ddb1d5d7d14f,dc31258635460c1b340ee7c16485a60b,delivered,2018-02-16 22:05:21,2018-02-17 00:15:43,2018-02-19 23:53:11,2018-03-06 23:21:52,2018-03-16 00:00:00
c7196d150694ba9a37d215e75ba5c9f0,3b993a1a8a634ff519d637ffa8c544f7,delivered,2018-04-16 18:26:51,2018-04-18 03:30:07,2018-04-18 22:56:35,2018-04-26 13:57:38,2018-05-14 00:00:00
b36055b266e36286316fa70c35de581a,7cf4e2e0507462c568d10dd059a1c498,delivered,2017-10-27 08:47:05,2017-10-28 03:06:51,2017-11-01 15:18:52,2017-11-10 22:02:56,2017-11-17 00:00:00
b2d779a12592e693ae93fcba3b3969be,c707ba7bcdb0d504e6f30943e310e74e,delivered,2018-03-02 18:25:17,2018-03-03 02:51:35,2018-03-05 23:54:22,2018-03-14 20:51:38,2018-03-20 00:00:00
d258d2c8bdc01ec0aa8a048d723bf427,50a5d464f230e492ff0a2f91340e3312,delivered,2017-12-09 10:57:33,2017-12-09 12:30:26,2017-12-11 17:20:13,2017-12-21 15:52:44,2018-01-09 00:00:00
d99b8ff94ddb329c1d7e03ab9d9019e3,7c5c0527d882250ef1a6621240a2a2e9,delivered,2018-02-09 15:41:23,2018-02-09 16:31:24,2018-02-15 00:16:13,2018-03-19 17:33:07,2018-03-07 00:00:00
5af1684cbc75f2c0c5bb83e220449cdb,ffe0a690236043c15cf261a5d9fa5b5f,delivered,2018-01-03 08:15:46,2018-01-03 08:27:26,2018-01-09 22:18:04,2018-01-25 22:51:58,2018-02-05 00:00:00
b79559dba6909e4d8ac0ddf501a99f14,8875aea6f056699f247e669173862026,delivered,2017-01-19 08:57:04,2017-01-19 21:01:51,2017-01-20 10:18:48,2017-01-27 09:15:53,2017-02-27 00:00:00
6bd54def5e0dfa63509fcdc325d3dc24,ffbf5971354dbf4516e4cba3f379bb87,delivered,2017-05-16 23:08:14,2017-05-16 23:22:41,2017-05-17 13:39:33,2017-05-25 12:09:40,2017-06-09 00:00:00
059a35c89cb9ee5ba740d4ac2eb8a805,c11a237ba6088cf7db513e5e9bc0ccf5,delivered,2017-09-08 13:30:44,2017-09-08 13:45:17,2017-09-13 23:22:16,2017-10-02 21:04:28,2017-09-26 00:00:00
0d360c12bebf4e2fd772baa3c9336472,aced6d359dd4b94375971b67f59c4f9a,delivered,2017-10-19 16:47:40,2017-10-20 03:05:49,2017-10-23 16:24:04,2017-10-28 14:25:55,2017-11-14 00:00:00
0ec7299d65db721d9a6b5c95c2ff494a,51ff0c33aa4696c23727652d9868dfc5,delivered,2018-05-11 16:51:46,2018-05-11 17:08:39,2018-05-14 09:48:00,2018-06-08 22:03:02,2018-06-07 00:00:00
73521498e1cc9800557256e1c744786f,2f7ebfcf984a5f7da0b6d8397ff2f422,delivered,2018-06-18 11:48:20,2018-06-18 12:37:16,2018-06-19 14:47:00,2018-06-27 15:14:26,2018-07-23 00:00:00
8653f85aa59de4b89435d4b44c8da67c,3c5aa9e8bb943cbafdd0ed71feb55d7a,delivered,2018-03-26 13:30:42,2018-03-27 03:48:06,2018-03-28 00:26:39,2018-05-09 23:08:48,2018-04-24 00:00:00
27dddf4ebdd39e9cf4ec26a3499bd2af,4ebff481e06cb3d02d2fb5027038b6be,delivered,2018-06-07 17:44:23,2018-06-07 18:17:19,2018-06-08 10:53:00,2018-06-19 18:58:24,2018-07-12 00:00:00
250eede6202cff2981de57cba5c1b08c,5fa79cd49a071595d0f050b3f17f7368,invoiced,2017-04-05 12:07:47,2017-04-05 13:15:10,,,2017-05-02 00:00:00
183832097fa8f0a9172d4514fdfca42c,03811cba01cb0741c318e1545b04173b,delivered,2017-08-24 01:43:32,2017-08-24 02:05:16,2017-08-24 18:41:53,2017-08-26 12:33:44,2017-09-11 00:00:00
64e3a06a754ad68d968eabbdf900399c,d83f28882452bfc1b5666e4eb277f828,delivered,2018-06-02 21:17:37,2018-06-02 21:31:52,2018-06-04 11:57:00,2018-06-06 19:52:08,2018-06-28 00:00:00
ea48f52bfae7e6ed254f9e8d052875b9,3128a0507c7ff8e2278c112b605ef937,delivered,2017-03-28 10:31:06,2017-03-28 10:42:56,2017-03-29 15:35:17,2017-04-03 16:46:55,2017-04-19 00:00:00
6f0623ab7d14898da15e456013f185e9,b1515deb528ef23f16e1be76ac7ac53c,delivered,2017-11-19 20:06:28,2017-11-19 20:26:29,2017-11-21 16:36:49,2017-12-04 22:52:12,2017-12-07 00:00:00
9f9f7954335300799dadf3248f229115,49d961bb46f05e09b8b67629558afa84,delivered,2018-08-18 07:58:16,2018-08-18 08:10:13,2018-08-24 12:26:00,2018-08-30 18:03:08,2018-09-05 00:00:00
5a1c2be64df8ac1e3316c96fb1280479,f0cfda3fbad4e99cef21f774b055df66,delivered,2017-07-22 23:03:02,2017-07-22 23:15:14,2017-08-08 20:12:00,2017-08-21 20:07:34,2017-08-16 00:00:00
3c0892663d9f2c3fd8d3d7bafc543e19,e793c8553a6ab762573c4236c49d3eed,delivered,2017-12-27 18:54:07,2017-12-27 19:06:55,2017-12-28 18:54:03,2017-12-29 20:45:23,2018-01-16 00:00:00
3147cb8f96cb619b380fd37e3da08c93,43537c82236df07bc096a68639cc3c25,delivered,2018-01-06 20:02:44,2018-01-06 20:13:19,2018-01-09 20:18:21,2018-01-15 17:27:55,2018-02-05 00:00:00
38de0574ec7f3e1992532ff7b6344a7d,35dde8b71e296fda7105a45884c5dd38,delivered,2017-05-26 23:29:07,2017-05-26 23:42:32,2017-05-29 13:40:50,2017-06-14 13:17:56,2017-06-28 00:00:00
a9a4989d18319f417053642957c9da22,a751b57dd2b8363edf70ff739a358bd9,delivered,2017-05-20 16:24:16,2017-05-22 12:48:07,2017-05-30 12:17:18,2017-06-09 16:25:52,2017-07-20 00:00:00
6d9ccb29372292701006df0d44b858c3,b03af535806e398922311291ae3e1f0f,delivered,2017-11-16 18:07:08,2017-11-18 02:28:42,2017-11-22 21:24:30,2017-11-29 17:53:18,2017-12-11 00:00:00
b68a52eb0d8bcd5f784a5f95b98a6cf6,56d9e13e6894b123c090a253757182a3,delivered,2018-02-03 10:27:19,2018-02-03 10:40:37,2018-02-05 22:58:49,2018-02-28 09:21:54,2018-03-15 00:00:00
f458559864ac9afab802d3a109c430b7,0736dbed7c1272024a471ffb68594b80,delivered,2017-12-16 16:35:44,2017-12-16 16:53:41,2017-12-18 19:42:36,2017-12-30 13:57:01,2018-01-16 00:00:00
7b1250fe66e9056df3b6eeb2659dfb22,93d131a16e34c4a78d1627e56ac2ee83,delivered,2018-02-06 17:39:21,2018-02-06 17:52:13,2018-02-08 19:37:54,2018-02-19 17:16:38,2018-03-06 00:00:00
32dc42d11ea02ef6fe9e8ee807aa6ca5,b767635cfec53fe6c73b0759d272366f,delivered,2018-02-21 02:17:40,2018-02-21 07:10:30,2018-02-22 21:17:47,2018-03-05 15:38:26,2018-03-19 00:00:00
f423569a17449da1163fa5de4414338c,db93eae3053808be50d383411b5998cf,delivered,2018-08-16 14:27:39,2018-08-17 03:31:11,2018-08-22 13:47:00,2018-08-28 16:18:32,2018-09-10 00:00:00
555761ab2426364f42e9e018047df4e0,f5389cd0ee02b3476058b95446ebc174,delivered,2016-10-07 14:42:24,2016-10-07 14:52:04,2016-10-11 14:52:05,2016-10-31 10:44:43,2016-12-05 00:00:00
9321ce4aafa9151ff2b57775c8d1ff70,bb6ceb135fc6c113112b7f7c8f2d946d,delivered,2018-08-02 19:51:25,2018-08-02 20:05:15,2018-08-03 12:53:00,2018-08-06 20:28:40,2018-08-08 00:00:00
6d45b70444c5898d019ee65973019ef7,4c8ee552a26c7dbd43ed4361c4c8df0d,delivered,2018-05-17 09:23:01,2018-05-17 10:38:19,2018-05-18 10:48:00,2018-05-22 22:04:34,2018-06-01 00:00:00
47584d57bd31c62bbd30d70f04e844a9,e73a8585d784247bcfc850a743d176a4,delivered,2018-03-25 00:26:38,2018-03-27 03:49:29,2018-03-28 20:23:26,2018-03-29 21:23:35,2018-04-12 00:00:00
46f4e160dd884038a8b6c1e6277dd448,982a58e89080cae9a8b94cde3346d7e5,delivered,2018-03-08 16:04:41,2018-03-08 17:00:54,2018-03-09 18:41:03,2018-04-12 16:22:58,2018-03-28 00:00:00
bb048e358cc6dd3c087ba3b3ce36a190,4c5fca77428fad7b13c10da02622db4c,delivered,2018-08-02 17:07:12,2018-08-02 17:30:16,2018-08-15 14:10:00,2018-08-27 19:08:56,2018-08-31 00:00:00
899bf89aecc925140e25d370c8ac274e,ede6d8c81fb0ffed6fd1feff9b368657,delivered,2017-10-18 11:14:39,2017-10-18 11:28:19,2017-10-19 10:09:01,2017-10-27 17:22:23,2017-11-09 00:00:00
c5334d330e36d2a810a7a13c72e135ee,394c66f853de6f122620585a7b14bb91,delivered,2018-02-23 08:38:47,2018-02-23 09:20:21,2018-02-27 16:55:50,2018-03-02 19:48:41,2018-03-09 00:00:00
fd0bec7902ba3d0b3a658291cdfd1a40,19c0550a93d9a11516288b78e06f8fb3,delivered,2017-09-15 21:42:01,2017-09-15 21:50:17,2017-09-18 18:02:50,2017-09-21 19:43:11,2017-10-03 00:00:00
0922ee1619de7b995648e5a8407afb91,8dab637615e9eae6d33ef5e48644d6d3,delivered,2017-07-11 10:45:44,2017-07-11 10:55:15,2017-07-14 12:41:34,2017-07-12 20:49:42,2017-08-14 00:00:00
ff354f13d748eb3a9af6e99698f60fc2,8bdcd11b55403afdb8529f39cb0d4e04,delivered,2017-05-08 17:59:21,2017-05-08 18:10:24,2017-05-10 13:27:18,2017-05-17 09:52:39,2017-05-31 00:00:00
b0fd0236ce757738793836930b830f1e,9b04a56f34a9db495868ffb6033fe2f5,delivered,2018-06-01 20:58:03,2018-06-01 21:11:32,2018-06-06 06:08:00,2018-06-07 23:14:33,2018-06-28 00:00:00
0c3190b4838c596fd1d6cd74e0436120,4ab6b9b183a09e503665c331ab76aa17,delivered,2018-03-01 08:02:21,2018-03-01 08:15:27,2018-03-01 19:41:53,2018-03-06 20:55:45,2018-03-13 00:00:00
86bc43925c44a258d6bb649598734103,dde9ed4148f719476da388d68182d425,delivered,2018-01-06 13:56:51,2018-01-06 14:06:55,2018-01-12 23:25:45,2018-02-01 00:17:56,2018-02-09 00:00:00
61f26d1fbc29fc8e6d6bc8ba373e81f6,af0f2e3b32ac271dcd35a658be51c3c4,delivered,2018-07-27 21:19:42,2018-07-27 21:32:03,2018-07-30 13:11:00,2018-08-15 18:59:50,2018-08-21 00:00:00
b8f8c719c986f46a4324ebb983d70e98,fd04bf849b36444f719850585a9b0e8a,delivered,2017-08-07 10:26:28,2017-08-08 10:30:22,2017-08-09 19:34:43,2017-08-11 16:52:24,2017-08-29 00:00:00
61722dfb39136f50e4e0d9d150176532,f9498c1d633509de995d09aeee4f67c9,delivered,2018-01-26 16:59:16,2018-01-26 17:52:19,2018-02-02 19:24:05,2018-03-06 17:56:47,2018-03-05 00:00:00
2fb37b5e58616af008e9835632fdce7c,2441cecb43e28589bf4c3703ae8d6980,delivered,2017-04-19 23:06:21,2017-04-19 23:40:07,2017-04-27 08:43:22,2017-05-04 14:56:33,2017-05-11 00:00:00
7d39baef923bbfc2ef9d03aa757b10ae,be64015bbcf67491565da07954e17482,delivered,2017-12-13 15:09:41,2017-12-13 15:30:31,2017-12-14 22:33:13,2017-12-21 19:06:55,2018-01-24 00:00:00
fe225fc0702b1d46a931e88d60c7be25,c90e1fc62717b61b9e82c4ae6f32bb2d,delivered,2018-08-22 15:45:32,2018-08-23 02:44:25,2018-08-28 20:35:00,2018-08-29 16:32:11,2018-08-27 00:00:00
25e7a9bc97827149a1de2b94ecdc21ef,3e3c5aadb40efe1d4eecdb8cf37c340f,delivered,2017-11-24 11:40:17,2017-11-24 13:33:51,2017-11-28 18:02:32,2017-12-18 16:59:07,2017-12-27 00:00:00
d7c3ccdd543d055308e28910eb0a1ebb,8dce9af262760e0762db9a1d63c28d19,delivered,2018-03-09 19:28:09,2018-03-09 20:08:53,2018-03-12 22:31:34,2018-04-02 20:22:25,2018-04-11 00:00:00
0ddd5a236d9e9023c6b2dc4e0ae35efe,141f5670b7004a1251c9d0b45688fbfb,delivered,2018-03-25 11:51:33,2018-03-27 03:48:50,2018-03-29 21:38:31,2018-04-05 16:06:54,2018-04-17 00:00:00
392ed9afd714e3c74767d0c4d3e3f477,2823ffda607a2316375088e0d00005ec,canceled,2018-09-29 09:13:03,,,,2018-10-15 00:00:00
f280a59cad4cf94ec053b78a58dd0648,c3f03ad00c3a59d7e1be8376fcd6e9f2,delivered,2017-08-04 16:40:28,2017-08-05 17:31:23,2017-08-09 17:58:29,2017-08-10 20:53:37,2017-08-28 00:00:00
6fabd639eca67c59f7c8e191316f3b16,6ebe634952fda3dddb9c87839a3b024e,delivered,2018-07-30 23:50:53,2018-08-01 03:31:58,2018-08-03 15:10:00,2018-08-06 17:36:19,2018-08-08 00:00:00
39c16eab44c2a583e8015a4505fc1dd1,59a3a5cfe29dc97bd7f9026ee0b5134b,delivered,2017-03-29 23:16:59,2017-03-29 23:25:11,2017-04-03 17:51:46,2017-04-07 16:32:58,2017-04-18 00:00:00
30e2d4bcdeeaeb83af68d93238ca0b25,3815d8ec9fb5f5ced1a178698eab8acf,delivered,2018-01-17 12:25:03,2018-01-17 13:30:30,2018-01-18 23:48:36,2018-01-26 15:09:10,2018-02-15 00:00:00
a5f860aaf6a3c35399495aefe92d363f,3fc1728dbe8a2b9375d4b530b8932550,delivered,2018-06-26 14:39:22,2018-06-26 14:57:27,2018-06-27 09:29:00,2018-06-28 16:18:49,2018-07-11 00:00:00
e3984ab8dae080a716a36175f51df67f,840ffd2f09e0da8ca40743b9d6aefcd3,delivered,2018-04-14 10:11:09,2018-04-14 10:31:59,2018-04-19 18:08:21,2018-05-03 19:13:04,2018-05-17 00:00:00
48d5f41593d593945092952e824ce2f8,7a19da91886bbecaa488400764cfef6b,delivered,2018-05-07 09:28:59,2018-05-08 09:35:47,2018-05-09 14:35:00,2018-05-16 21:26:37,2018-05-25 00:00:00
eab2fe73db93310ed2c346e28e47646e,7379ff27a51ec49ecc6f2737c6b9c3e8,delivered,2018-03-26 09:36:58,2018-03-27 04:08:08,2018-03-27 22:15:35,2018-04-15 18:22:15,2018-04-16 00:00:00
cc07a8fdd3a8e94d683c8142a117dbc1,f6529ffebe6b3440d45d89604a4239ac,shipped,2018-01-11 17:11:11,2018-01-12 17:49:45,2018-01-17 16:56:32,,2018-02-09 00:00:00
4b7c1bc59d4ec725d8530c19ec09b06f,7a3638e2731f92703d9cfc5ef2c220d5,delivered,2017-01-26 10:21:45,2017-01-27 11:55:43,2017-01-27 15:49:27,2017-02-07 10:30:34,2017-03-06 00:00:00
825983820e200102c888befb401e0803,c0638f3054140d116214743dcc71d54d,delivered,2018-04-10 14:00:39,2018-04-10 14:15:24,2018-04-12 19:51:45,2018-04-24 17:34:23,2018-05-09 00:00:00
002834535f7a609a5c68266f173fa59e,89a6b1bfbe1b366503995b8df4c49450,delivered,2018-07-23 17:26:00,2018-07-28 23:30:59,2018-07-24 15:53:00,2018-08-11 01:48:33,2018-08-14 00:00:00
a83b862886d1802f6d0393ba830dae9a,e5e521493e4444c3c68ff7231ae6f2e7,delivered,2018-01-22 14:06:38,2018-01-22 14:33:13,2018-01-23 16:46:55,2018-01-24 21:28:09,2018-02-06 00:00:00
3aaa9a0f68e9743aef38c75a7cb6d998,1150ff8f8df8c315396b11358d33666f,delivered,2018-02-24 18:43:43,2018-02-27 04:31:17,2018-03-02 03:09:26,2018-03-23 21:28:31,2018-03-22 00:00:00
5186d475bd6d5839473d5a6b8669638b,ffb2c4cb583610b7d2e39ef0cce0048a,delivered,2018-01-17 00:04:50,2018-01-17 00:15:28,2018-01-23 21:23:25,2018-01-24 18:58:59,2018-02-01 00:00:00
ed40c8b2d8208b70359ce6695d8670ed,4407ef2464ce9eb7f18ba2b955c961e8,delivered,2018-02-07 17:45:43,2018-02-08 14:15:25,2018-02-09 19:48:57,2018-02-21 22:52:17,2018-03-05 00:00:00
e494d3df2a8bbfc8541d90f1b7623217,600a31717db69f20de0e48880a1030f1,delivered,2018-03-02 15:34:17,2018-03-02 15:49:48,2018-03-03 00:34:03,2018-03-07 01:20:03,2018-03-19 00:00:00
2c64bb2895f857898d7f2d5bef545e96,f92554a31d570d970a1f0ac48628ca91,delivered,2018-05-14 19:30:14,2018-05-14 19:57:41,2018-05-15 16:18:00,2018-05-23 22:24:51,2018-06-18 00:00:00
0504447548229e075dea8441b37b1e2a,4e2c1f15de98416a90c2ee06b55ccc9b,delivered,2017-09-28 19:31:57,2017-09-30 02:14:42,2017-10-02 19:33:19,2017-10-06 17:03:59,2017-11-03 00:00:00
d5f9bf0440d8bbb75dab1348b8ac97d6,151260cb5d9b3c220d0af50c81c329a9,delivered,2018-01-23 20:36:48,2018-01-23 20:53:55,2018-01-25 17:51:38,2018-02-09 15:03:58,2018-02-22 00:00:00
9139babf733ce09659b1ed642a48d227,9c15188fd1f1b19edaf675a673ce4559,delivered,2018-06-17 18:16:25,2018-06-17 18:34:03,2018-06-18 11:05:00,2018-06-21 15:08:39,2018-07-17 00:00:00
ffb47bf24e3f64dc0a2059a9181b976a,069dca5337f1cf3f778d0cfa43ce8dd9,delivered,2017-06-01 10:48:48,2017-06-01 11:03:17,2017-06-02 14:39:52,2017-06-05 14:46:35,2017-06-14 00:00:00
e11ced871fd97da835073a98ebacbf23,7f21001fb8e182928c5d52bb6e9fd3c7,delivered,2018-03-27 21:39:27,2018-04-01 23:31:37,2018-04-02 23:44:48,2018-04-13 11:06:26,2018-04-13 00:00:00
0975d77f1213304145f61b455a53792c,5f93762316ec932d3473afb00a274cbd,delivered,2017-06-05 11:46:52,2017-06-06 13:15:26,2017-06-07 15:28:01,2017-06-19 16:31:14,2017-06-30 00:00:00
08a0229449937f03d05a335929cc455f,87471b4464fd50b00d663fc0ff5e0be1,delivered,2017-09-19 20:17:54,2017-09-22 14:29:18,2017-09-22 19:43:47,2017-10-18 17:04:03,2017-10-19 00:00:00
7b97540464c83727a59899b3d604c2d3,2bfcbe42c04545e153e2f6c0a0df322a,delivered,2018-03-22 13:13:26,2018-03-22 13:29:22,2018-03-23 21:33:02,2018-04-05 13:18:38,2018-04-24 00:00:00
0f7f6f1552f5341e25477e7f8b12d24f,80fa776fe16acffbe2108e3dcf9d4dfb,delivered,2018-01-12 13:03:11,2018-01-12 13:15:21,2018-01-18 22:46:53,2018-01-31 22:06:12,2018-02-02 00:00:00
1deb5e48c7ba534c27d83f4a6afea25f,b9ef1863b949550a997d6e6af47a270c,delivered,2017-12-11 11:46:29,2017-12-11 11:58:22,2017-12-13 21:45:53,2017-12-21 16:14:50,2018-01-18 00:00:00
60323d5d6b118bf317d7bd5ac0dc9fae,e52f83840892c262d5108d011eb6216b,delivered,2018-05-11 00:18:02,2018-05-11 00:30:19,2018-05-11 08:35:00,2018-05-21 14:47:47,2018-06-05 00:00:00
ba00efda2a3a9607e8167e4802c02a16,0ece24df71f85f723dfd3497d309a2e1,shipped,2018-03-18 17:09:46,2018-03-20 17:50:51,2018-03-27 00:54:25,,2018-04-11 00:00:00
b77f53899c1c8e0a22ad60800bc4f214,ef4ed9fe6ce3675eabba1c07e47df10c,delivered,2018-08-15 03:24:22,2018-08-15 03:44:01,2018-08-15 14:54:00,2018-09-05 22:03:51,2018-08-24 00:00:00
3f5021a01daf8329b31882a467b8da0e,1e7cd41ad33991231a3bf8a82c39fb00,delivered,2018-07-31 18:22:05,2018-07-31 19:40:18,2018-08-03 15:49:00,2018-08-15 19:26:48,2018-08-24 00:00:00
3ae11d2ab3c0a83cfab0b47148e5878a,e7795d0a33fb65d80382839be92b9027,delivered,2017-12-31 16:23:16,2017-12-31 16:33:26,2018-01-02 16:19:31,2018-01-04 18:13:19,2018-01-18 00:00:00
f7a7ff7ed71be9695fcaa57975abe814,16d9b76f2e917b32da9489cf45521d34,delivered,2017-07-22 20:31:20,2017-07-22 20:45:13,2017-07-31 15:36:41,2017-08-10 11:26:58,2017-08-23 00:00:00
8a903d20555a91edeffd6eab45743f26,7e7d6178f4ea751fdc954512a46c9531,delivered,2017-01-30 11:44:24,2017-01-30 12:31:04,2017-01-30 14:39:23,2017-02-02 18:07:52,2017-03-20 00:00:00
b1ec9e8e3e3186b99318a464c0a38cb9,6a91bb9bfd0cb964466190ae02d377eb,delivered,2017-11-18 00:01:20,2017-11-18 00:15:28,2017-11-22 21:28:35,2017-11-23 15:31:26,2017-12-01 00:00:00
661852f3da0209d0a351f28950878c9d,1b850259f3b5b658721fb01061e51eba,delivered,2018-06-12 09:53:59,2018-06-12 10:21:14,2018-06-15 08:31:00,2018-06-25 21:32:09,2018-07-11 00:00:00
bb8fe9bf968acfff626cedabf06d766d,6679db113c1c462e61cb5c016df040b9,delivered,2018-02-21 14:12:37,2018-02-21 14:31:05,2018-02-28 01:03:58,2018-03-02 11:18:55,2018-03-07 00:00:00
a7d77bb60d2aa33086558ed980891f8c,f22f33d0003631afdbc7f83c4dd914d9,delivered,2018-07-31 23:24:23,2018-07-31 23:35:13,2018-08-01 09:52:00,2018-08-06 19:18:54,2018-08-10 00:00:00
cfaa2bfc057640340bf9838dac82a9cc,50a97995d6fb35b5f9bd764a9f96f313,delivered,2018-03-11 23:02:22,2018-03-11 23:10:30,2018-03-13 18:48:51,2018-03-16 12:34:52,2018-04-02 00:00:00
28a591d0271b8c507e0380cd95521572,171ae8e795dd2c91e66baee8f796c92b,delivered,2018-04-10 07:50:46,2018-04-10 08:10:59,2018-04-10 22:27:31,2018-04-14 15:22:51,2018-04-23 00:00:00
ba018a9729b7d844420ab92e6e38d508,69307f2e8ecde3f2d32fc9ae6b03d426,delivered,2018-08-13 10:39:55,2018-08-13 10:50:16,2018-08-14 15:01:00,2018-08-20 18:52:49,2018-09-13 00:00:00
4628d3d8311acc92810202b9a41b3dad,236fd366b700741878a2da34070d3556,delivered,2018-08-06 07:41:37,2018-08-06 07:50:11,2018-08-06 16:39:00,2018-08-08 16:21:48,2018-08-09 00:00:00
3f6f3613c3e21313584d2ee7bd5532c3,ec072ff4dca90dd780fee30b5c0e8d94,delivered,2017-06-29 10:45:42,2017-06-30 03:23:31,2017-06-30 14:21:58,2017-07-04 13:35:25,2017-07-12 00:00:00
9cb00de5b638536df59a274ce43e811d,cb2c4b5c307d9317df0ef548f4ced7cb,delivered,2018-03-25 23:49:29,2018-03-26 23:47:07,2018-03-27 18:57:38,2018-04-20 19:18:35,2018-04-16 00:00:00
6513ea5bc339ea05486f92db1405a522,5e152b0feca6b29b0d0016c106678bff,delivered,2018-06-09 21:26:38,2018-06-09 21:38:30,2018-06-11 13:36:00,2018-06-18 18:11:57,2018-07-05 00:00:00
72ba8d782e3b0c4021ceb2f2a03bea21,2f5728468605ec87b90f06c50f3b62cf,delivered,2017-11-27 02:12:57,2017-11-27 02:33:23,2017-11-28 17:21:31,2017-12-08 15:37:34,2017-12-15 00:00:00
120b6e2dc449086d642526777c378ad6,0775ca209281f1bc02e1dc9e7f1e2251,delivered,2017-12-13 18:04:44,2017-12-13 18:15:20,2017-12-15 19:57:54,2017-12-20 19:29:03,2018-01-08 00:00:00
23628e1dadb5e31443d876fdd2e2893c,6886b8efab55c00b82862fbe3104cbc2,delivered,2017-08-09 16:43:18,2017-08-09 17:03:52,2017-08-10 11:43:51,2017-08-16 18:06:55,2017-08-29 00:00:00
b3459a0ddec3dda60a8ab19fb172dfef,705813c814878d75d94346db9873e076,delivered,2017-11-03 13:58:47,2017-11-03 14:10:41,2017-11-07 16:17:05,2017-11-17 19:33:12,2017-12-07 00:00:00
7928aaa2a94ef219ecd0f7d9224cfc7b,7606fb21cf20a7b04dcafb032d1e9ecd,delivered,2017-02-12 12:38:40,2017-02-14 03:43:06,2017-02-17 20:12:22,2017-02-20 12:12:26,2017-03-14 00:00:00
ac5505acc449a5a79dce26cfa549dc5b,1ee04ba2c1f37311a2885ae6b4ec8168,delivered,2017-03-21 09:29:30,2017-03-21 09:29:30,2017-03-21 11:05:41,2017-03-29 12:29:30,2017-04-13 00:00:00
7cf30c7e9430432cba6c3f562818e29b,49b48d914aea2f9925878eeff60be388,delivered,2017-10-04 23:11:22,2017-10-05 23:30:47,2017-10-06 21:56:42,2017-10-16 16:24:00,2017-11-06 00:00:00
41467837b8621b5014b5a91e78ab3747,b6b28672da31ee1b94707981158919c0,delivered,2018-04-30 10:59:11,2018-04-30 11:11:13,2018-05-04 11:08:00,2018-05-14 20:24:53,2018-05-28 00:00:00
67f52d466554ffe40e2b3f2611c2a5a7,a3b199ba74dec6e95ad94d210e90ac17,delivered,2018-05-18 12:02:17,2018-05-19 03:13:02,2018-05-22 13:22:00,2018-06-07 16:29:47,2018-06-08 00:00:00
a5fb2c24c73613e69c4d3b11d5b67869,54413d97781e54ac5c639fb127f1176e,delivered,2017-05-19 14:15:56,2017-05-19 14:25:23,2017-05-23 10:53:58,2017-05-26 17:12:14,2017-06-08 00:00:00
1dbdc102b987762075cb2b4684ee141a,298c05691a9e47be24da23dd17c2a019,delivered,2017-08-27 15:36:37,2017-08-27 15:50:19,2017-08-28 19:07:51,2017-09-01 17:42:20,2017-09-15 00:00:00
2df2a222e520a870a74709dd945fb1dc,4205323b7e61206381c17d9ed218bc60,delivered,2018-07-22 14:51:27,2018-07-23 12:32:25,2018-07-23 13:20:00,2018-07-24 19:02:33,2018-07-31 00:00:00
945977d780700b75a6eb2ccd81566d4a,cbf35b1a3f1f44c6f67251b136c327d7,delivered,2018-08-01 12:21:55,2018-08-01 13:20:10,2018-08-02 14:15:00,2018-08-06 16:51:47,2018-08-08 00:00:00
15c09fa69403c377e9f77f3472949cd6,fe42ad7f8642fe9ef02ba2463e58f69e,delivered,2018-05-01 10:10:41,2018-05-03 03:53:19,2018-05-03 15:44:00,2018-05-09 19:58:59,2018-05-25 00:00:00
a9c5d437c9cc6fe13dfe671f0dcc7ebc,fabf96df570f9397309836fd077c8ad0,delivered,2018-05-21 22:15:43,2018-05-22 01:13:32,2018-05-22 10:15:00,2018-06-07 17:48:03,2018-06-20 00:00:00
3e912a57fb719316f2b090c4eaa1d78b,6cfc98c9a135e3149c652f6aa008ed10,delivered,2018-02-13 19:11:28,2018-02-13 19:47:04,2018-02-15 23:23:01,2018-02-22 19:31:26,2018-03-07 00:00:00
7a14d9bbf5aed76152f4739c23cd7970,b47973c8ea3acd5c549120a28d31f62c,delivered,2018-06-07 11:31:23,2018-06-07 11:58:30,2018-06-13 07:05:00,2018-06-15 21:41:20,2018-06-18 00:00:00
012a238ab54294a3b365812ccc82b135,14f41b6464ff102ab009a269052e7a11,delivered,2017-09-07 18:21:44,2017-09-07 18:35:10,2017-09-13 10:11:40,2017-09-19 18:44:20,2017-10-04 00:00:00
42e5c3d52d0b11e3e6f9020b44dc0f04,e00794ffe75cb4d0f058b095add1ae5a,delivered,2017-09-18 17:16:07,2017-09-18 17:30:30,2017-09-20 20:25:03,2017-09-26 20:09:54,2017-10-04 00:00:00
f3e6ac6fd3a4db946a2820323b58ab3d,14f3b4b8a869b608eaf1e27b92210e6e,delivered,2017-07-05 19:39:15,2017-07-05 19:50:13,2017-07-10 10:42:21,2017-07-14 18:37:35,2017-07-27 00:00:00
64212621110bae7f5310d5737a9c8e53,9f65a1d51f5341781029bdb70e6724fb,delivered,2017-12-11 16:37:18,2017-12-12 03:58:24,2017-12-14 21:57:36,2017-12-20 20:52:34,2018-01-09 00:00:00
a333f2fe51944b92ce68ef890185dc1b,4fb2f8d99a3b899e816ea27508196089,delivered,2018-05-07 21:12:44,2018-05-07 21:31:16,2018-05-08 12:17:00,2018-05-12 16:28:52,2018-05-22 00:00:00
087cd9d85fb88c6b0a229b508311377e,bad1653658d184e1c4dabad107ab9cad,delivered,2018-03-05 21:10:00,2018-03-06 21:15:31,2018-03-09 17:51:58,2018-04-18 15:02:59,2018-04-03 00:00:00
855e755c4e5146e0db241ffade6b94b2,5c43b7292990735c8aac0db4fb289bca,delivered,2018-05-06 16:03:22,2018-05-06 16:15:19,2018-05-07 15:25:00,2018-05-09 18:12:01,2018-05-18 00:00:00
480fff17578e0142778efc96128ffab3,870adbb0525043aafd98bf1fa4660515,delivered,2018-04-28 21:18:24,2018-04-28 21:32:31,2018-05-03 13:19:00,2018-05-10 23:08:47,2018-05-25 00:00:00
9c8b7e134959999ac945ed2b29537c8b,e05b51168926e074739802b2f835b851,delivered,2018-04-07 22:02:10,2018-04-10 19:35:18,2018-04-12 15:52:37,2018-06-07 19:48:29,2018-05-03 00:00:00
5d333a08c9bce16bf18ed14c4469c1ce,e8c9e9de9411a9a78629b376f75b18b3,delivered,2017-10-03 22:51:20,2017-10-03 23:07:12,2017-10-04 21:32:53,2017-10-06 16:47:10,2017-10-26 00:00:00
fdcd1438710f47b926796d3778452212,f7a9176c3749939280666964b4df0e35,delivered,2018-02-23 15:19:03,2018-02-23 15:35:25,2018-02-26 22:25:02,2018-03-22 22:18:37,2018-03-23 00:00:00
1eb97a2872622c806ced6cd018ac6b39,91419fe363756e3e909a63529629b5a9,delivered,2018-05-22 19:11:55,2018-05-22 19:36:44,2018-05-23 15:29:00,2018-06-02 14:22:17,2018-06-06 00:00:00
e57a80c38db54b7ff20c18cfe7bc2840,df845b3bc9b0bfd952ec5ea2ddedc0ce,delivered,2018-04-01 18:56:51,2018-04-01 19:47:29,2018-04-03 20:54:52,2018-04-16 20:50:57,2018-04-19 00:00:00
e96391d1525cec70f0a1e65c2ae0e4ec,cd5794e669adc9f05750077df5b61241,delivered,2018-06-26 12:21:28,2018-06-26 12:36:30,2018-06-27 09:09:00,2018-07-06 16:08:34,2018-07-23 00:00:00
43f15e122ae8ae3eda33bf64b011c085,a377b75fcc16c20ffde4af02215e7b07,unavailable,2017-08-06 22:09:17,2017-08-08 04:05:12,,,2017-08-29 00:00:00
a9cdfd538e3a7e3fa7f39bb4197c6a44,625077947cfeea7baa881c2270ef72b2,delivered,2018-03-07 00:30:17,2018-03-08 02:35:31,2018-03-08 18:35:40,2018-04-11 16:58:44,2018-04-02 00:00:00
01f5bb59c4e3a373ee5cade4e69ae92f,24c7cad158eb1baa048288b63c1d6085,delivered,2018-03-19 11:53:52,2018-03-19 12:10:54,2018-03-20 00:50:59,2018-03-23 23:21:27,2018-04-10 00:00:00
a77e1550db865202c56b19ddc6dc4d53,4eed76c1aafeceac4250e202ca9b1a5a,delivered,2018-04-16 14:57:21,2018-04-19 06:55:13,2018-04-19 18:32:29,2018-04-27 19:45:00,2018-05-17 00:00:00
b4876d0dae2cb7cd0b814c6ec0ddb757,2eb158a030035c0353acf0280acc1e80,delivered,2018-07-21 16:24:41,2018-07-21 16:43:58,2018-07-27 15:38:00,2018-08-06 19:46:27,2018-08-21 00:00:00
2798536d668b2d5071ab9b2ab4f7a7b0,835856fd2134a5d6f63090a9d9845a98,delivered,2018-07-19 16:23:55,2018-07-20 16:24:23,2018-08-07 17:17:00,2018-08-16 01:11:21,2018-08-29 00:00:00
451bc3a8e6666fa7fa88c989b996a500,f647c2942b961ad2c0a7c00c59da9083,delivered,2018-07-13 08:29:39,2018-07-17 04:32:36,2018-07-18 14:45:00,2018-07-27 18:18:31,2018-08-09 00:00:00
62a4fdf762d5c41efd4bb2418f236e9f,81afed8247ed97666d7b8e7408463781,delivered,2018-06-23 16:58:48,2018-06-23 17:16:03,2018-06-28 13:18:00,2018-07-04 13:26:42,2018-07-23 00:00:00
0a2c9c3fedb974fcf5a8a569e9ba9da9,f38dab26883c4fe20a3e9b92e07692c8,delivered,2018-07-31 18:27:29,2018-07-31 19:31:22,2018-08-01 16:04:00,2018-08-06 13:16:38,2018-08-10 00:00:00
fd4ebf52ca607b4487b38826f0c78adf,bb2ca86d2b1f22b960feacd1b1de87f8,delivered,2017-10-16 12:21:07,2017-10-18 02:56:53,2017-10-23 18:57:10,2017-10-27 20:25:54,2017-11-16 00:00:00
978f2a08eaa3afb7a5989fb6c7a79431,45f05b31f9e015303ba6ddb478cacad9,delivered,2018-06-25 16:33:25,2018-06-25 16:55:28,2018-06-26 15:14:00,2018-07-03 17:37:40,2018-07-23 00:00:00
d8f3e55a570d41a0f061a425811311f1,2c306fea99d985fba2b49c6ba6fb03c8,delivered,2017-11-19 20:27:48,2017-11-19 20:46:33,2017-11-21 15:39:09,2017-11-22 22:17:38,2017-12-01 00:00:00
9804e30eb21a5fe72b152d69138887e9,be536975aca27e27b28b1a77c0c61f86,delivered,2017-07-12 23:24:00,2017-07-12 23:35:12,2017-07-13 19:57:39,2017-07-24 19:11:51,2017-08-07 00:00:00
7f29d1dcde28ba1c61a2f92068efdb9d,a37646debdb792ee5aaf18cf5da53717,delivered,2018-08-01 15:26:34,2018-08-01 16:00:09,2018-08-03 13:48:00,2018-08-09 21:05:09,2018-08-22 00:00:00
2b8964f15c12ac5df6946804df101d82,a1ebc1341c41be7604527a96353f2700,delivered,2018-07-07 21:30:58,2018-07-07 21:45:41,2018-07-10 16:54:00,2018-07-11 21:52:25,2018-07-26 00:00:00
918b23cbb191b942f9b138e7aafb295c,6b9f8eca47be692d9b7fb3e1e18b09e6,delivered,2017-12-06 16:57:11,2017-12-06 17:13:16,2017-12-08 23:07:20,2018-01-08 19:34:35,2018-01-12 00:00:00
e113999f205a77283a5a2d99171d77c5,6b3dbb998a3d51850455a9c3e2623d25,delivered,2017-07-29 13:30:29,2017-07-30 13:43:21,2017-08-03 17:27:40,2017-08-04 19:23:45,2017-08-11 00:00:00
a4b9b64c874a692b4b2cebf1fc417789,4cf7876fbfdf18add1ba9b9bb9de58d8,delivered,2017-11-25 16:04:49,2017-11-25 16:16:33,2017-11-28 20:33:32,2017-12-15 21:16:34,2017-12-26 00:00:00
b001a9f70c34cbf4eca4e48875de711c,787d7b6a8571b25652a185aae5ebc9b7,delivered,2018-06-19 17:05:20,2018-06-19 17:45:06,2018-06-20 13:25:00,2018-06-25 20:51:50,2018-07-20 00:00:00
fae03cbde1d0ebd4786c55260bb5c640,0dc28e7f857b02547a1dc847466ace4b,delivered,2017-09-17 18:47:24,2017-09-19 03:44:20,2017-09-19 19:36:14,2017-09-28 16:41:49,2017-10-09 00:00:00
84f9e55a4538777400d2fa996b626570,d7ba6ff2281a1664abeea1a0566108ba,delivered,2018-04-17 22:46:15,2018-04-17 23:11:31,2018-04-20 18:52:32,2018-05-03 20:32:12,2018-05-18 00:00:00
e3fa8bf19ae531c5ef5ae2264ca360dc,777bb66716129da5ee0856a1478ee855,delivered,2018-05-13 23:03:15,2018-05-13 23:34:06,2018-05-14 11:47:00,2018-05-29 15:59:01,2018-06-07 00:00:00
fa5068e804fdde545390fadb461df438,91c2fed5f0ceb55402114cf7a8dea479,delivered,2018-02-01 22:01:32,2018-02-01 22:12:20,2018-02-03 16:58:25,2018-02-22 12:43:31,2018-03-26 00:00:00
ba9e135697c2fbf721ea10bb6d7c0d17,524b931bb2666da2d665da0984cafcb3,delivered,2018-03-07 17:26:45,2018-03-07 17:50:13,2018-03-12 23:43:29,2018-03-21 18:56:52,2018-03-27 00:00:00
26da686e870dc017cfbf9c3ce9f39d55,1cc8871af24a272de32a0d2e23d49068,delivered,2017-11-24 14:38:50,2017-11-24 16:38:42,2017-11-27 17:33:30,2017-12-07 23:14:32,2017-12-21 00:00:00
274c71150e4e71fde63d554a8a327324,94e25d694cced95a67dcf81c4077a9df,delivered,2017-06-18 10:53:26,2017-06-20 11:05:24,2017-06-21 10:29:49,2017-06-29 15:04:17,2017-07-19 00:00:00
e17c3ecc7c4f2d721d917d20102ddd67,f78e23aad8e572277a28b306314e1d3c,delivered,2018-01-13 13:29:53,2018-01-13 13:39:20,2018-01-23 01:09:06,2018-01-30 15:51:30,2018-02-07 00:00:00
93240f6a90ae9889c692787235e66a0c,0566ea068bbe90dca2a0204179e22f37,delivered,2018-01-11 11:16:49,2018-01-13 04:55:10,2018-01-15 20:16:38,2018-01-23 14:17:22,2018-02-15 00:00:00
17318780f22a9e85b5173c75768b4db1,ea16f2826e9b084e06e3eed3b1bf6a31,delivered,2018-03-26 22:13:38,2018-03-26 22:30:10,2018-03-28 19:50:33,2018-04-08 13:59:46,2018-04-10 00:00:00
3509224a7a910767e8a92664b540fb48,7c9bb8bff624ecf6de67f46280b194b2,delivered,2017-04-26 10:42:17,2017-04-26 10:50:20,2017-04-27 11:53:09,2017-05-04 16:51:22,2017-05-17 00:00:00
cdad1ccf28a28106660e28f89516a62f,7e10cd47d736c45757b435f20ff7e1ec,delivered,2017-06-28 14:09:34,2017-06-28 14:25:20,2017-06-28 15:29:20,2017-07-01 08:53:42,2017-07-20 00:00:00
6a5cd183661b603f017a2ba083377ea6,e52b524213096796ba7db61e4c3c2c00,delivered,2017-11-24 02:00:02,2017-11-26 01:52:31,2017-11-28 22:24:50,2017-12-15 21:56:44,2017-12-19 00:00:00
02036bc298ab3c1efc98b116f420d646,1b0555269127c13e727a1f3cb545faf2,delivered,2018-08-23 06:32:15,2018-08-23 06:45:07,2018-08-23 12:28:00,2018-08-27 23:26:29,2018-09-10 00:00:00
1c2f3eb4c18b1e3ca9439f2824205429,d11d8aa3c8a3d6dafd592452eeb3a246,delivered,2018-03-04 10:45:42,2018-03-04 11:10:28,2018-03-08 17:21:39,2018-03-09 18:28:43,2018-03-15 00:00:00
b8bf711248376c421faaea8f02d149f9,f8bebada4eeeeeb4b926ca743e5c22b5,delivered,2017-04-29 18:33:00,2017-05-02 09:55:08,2017-05-05 14:56:06,2017-05-30 10:14:07,2017-06-08 00:00:00
6defd297b739370bc5f2fd2f035eeb1c,e39d2fd67a0ec9911767537c9dc2458e,delivered,2018-02-19 23:39:11,2018-02-20 00:46:41,2018-02-21 22:22:36,2018-02-22 22:27:00,2018-03-05 00:00:00
66dbde751178d7674bd09f18b6d25006,6903c9e22ca171ab56f877af3ebaa9dd,canceled,2018-02-05 16:30:33,2018-02-05 16:52:11,2018-02-07 22:52:43,,2018-03-12 00:00:00
5f5a9ba3e0190ff4773314db075b930d,77e495840d1437dc483ce6e82182dbd4,delivered,2017-08-22 19:39:56,2017-08-22 19:55:47,2017-08-25 20:14:32,2017-08-30 20:33:53,2017-09-06 00:00:00
47906fd263e2a0253d9db8a730f02abe,6ec2b4682814cfdac8d92bad42b3ddab,delivered,2018-06-21 14:34:17,2018-06-22 02:58:22,2018-06-22 13:02:00,2018-06-27 14:08:52,2018-07-17 00:00:00
243312dbb316253ab77bb0140d94803c,680e38a70d371582570f41cc47dc2791,delivered,2018-03-17 08:21:08,2018-03-17 08:49:39,2018-03-19 19:12:11,2018-03-21 12:24:26,2018-04-05 00:00:00
722e56aaea810aa3e171228dd28f37f4,759cdb645105a48ae7500311724659a6,delivered,2018-04-09 18:45:29,2018-04-09 18:55:22,2018-04-10 22:46:36,2018-04-23 20:44:39,2018-05-03 00:00:00
5bb903913b74e92c0fc1cde7dc26bb66,fd4e7e43747ed4434bb4c1c0974145da,delivered,2017-07-23 22:01:14,2017-07-23 22:10:14,2017-07-26 19:53:34,2017-07-31 19:33:52,2017-08-17 00:00:00
9ffcc2769ec031186dfb75d39b5f4125,4a20d9b63f05166b3d41c05b6510e758,delivered,2018-01-09 18:51:14,2018-01-10 10:33:03,2018-01-13 01:41:49,2018-01-25 19:58:58,2018-02-14 00:00:00
340a0613ed37b5748a4b7b676676ca26,ac333d5a0b86f078e3e9e1bc82c7a292,delivered,2017-11-26 22:33:57,2017-11-26 22:52:58,2017-11-28 23:11:30,2017-12-11 22:17:10,2017-12-21 00:00:00
443461fcb984bb8a76e4a9eae02a9898,6c1ba0f61eb6189711421e115d7b57c4,delivered,2018-08-09 01:13:45,2018-08-09 01:25:08,2018-08-10 13:51:00,2018-08-13 21:51:39,2018-08-16 00:00:00
a3ee95a310b51d1715ed8c16b7cd3ffe,67b0294ba64d7074b39bab09cb5a289f,delivered,2018-01-14 09:39:51,2018-01-16 14:11:45,2018-01-17 15:38:43,2018-01-30 22:04:49,2018-02-16 00:00:00
077abb7d4f87719b0a5cce22295eb775,8c00f372a13786c5028887ab82250956,delivered,2017-11-05 13:10:25,2017-11-05 13:26:28,2017-11-07 15:47:53,2017-11-11 15:21:25,2017-11-24 00:00:00
c5c12589bf677aed3a0747d7c35b7c06,03514f9ba6258fadc8aa2391eadee65b,delivered,2018-03-15 20:17:07,2018-03-15 20:28:14,2018-03-16 19:33:13,2018-03-29 20:48:50,2018-04-06 00:00:00
c5f424c38dfa71a2340c9a98e4d6f48d,439ffed37d33decb0333fa07d362bad5,delivered,2017-08-21 21:34:39,2017-08-21 21:45:42,2017-08-22 16:04:07,2017-09-06 18:17:43,2017-09-21 00:00:00
76098ff18bad7555c2d85340e82b8941,edc3794d476fd4688e606229f4be94dd,delivered,2018-03-10 23:44:37,2018-03-11 00:27:54,2018-03-14 00:32:54,2018-04-08 16:08:24,2018-04-03 00:00:00
40e240e00303ab3cee64520a5ccf3388,e259b368ebf6062dc1356964312b69c4,delivered,2017-08-02 21:24:37,2017-08-02 21:43:00,2017-08-03 15:59:38,2017-08-08 22:22:30,2017-09-04 00:00:00
fd63edd3e877295ad1dbe1d2b76b640c,def11883e7dc8555ac3343c76a35f70e,delivered,2017-03-23 01:45:10,2017-03-23 01:45:10,2017-03-29 12:49:55,2017-04-03 13:54:46,2017-04-27 00:00:00
c3a4760791fe90fe58b360dbfc812805,d5cf24f8a54993e112a17ef2632bad06,delivered,2018-03-21 18:50:20,2018-03-21 19:08:23,2018-03-22 20:02:45,2018-04-09 12:46:34,2018-04-16 00:00:00
328f5537e4f2b1aa64670a89b0169076,da9a7d8638644b34c6082c716a565cd8,delivered,2017-08-10 15:14:52,2017-08-10 15:30:20,2017-08-11 16:20:04,2017-09-04 20:12:47,2017-09-14 00:00:00
468196883cd3a3d826387fe94c67c92b,a4fa643f7d9de9a32083b61cc0c362e3,delivered,2018-02-20 10:41:50,2018-02-20 11:30:52,2018-02-22 18:27:08,2018-03-14 17:18:36,2018-03-14 00:00:00
119feffed22faf8f347699a4a4fcc23c,d9a8e0bb4edbcd0ad3e059682ccb768e,delivered,2017-09-03 15:31:58,2017-09-03 15:45:20,2017-09-04 19:51:36,2017-09-12 19:26:25,2017-09-22 00:00:00
4ac8967b6c44825655969aa13a7e6213,5b37ee1bdf9b75e312054b7b4c3c5264,delivered,2018-01-10 15:36:24,2018-01-10 15:49:18,2018-01-11 18:45:27,2018-01-15 22:42:13,2018-01-24 00:00:00
f92d5a62c7841e7f1a73ce4a68912c4b,04f6954a5161ce3f16f1ad61a4344bab,delivered,2018-08-06 18:25:54,2018-08-09 15:50:14,2018-08-10 14:30:00,2018-09-03 15:28:36,2018-08-24 00:00:00
55ea12225a84c0269c9ae6604e6f9141,b095f4c789b7f1660f9bd139148a823c,delivered,2017-03-16 19:38:01,2017-03-16 19:38:01,2017-03-17 10:05:21,2017-03-25 11:06:23,2017-04-04 00:00:00
e33cd806dc139902dbd4f1e2bb2d1775,747c9185f79880e45fd101dc65149f21,delivered,2018-04-11 18:58:08,2018-04-11 19:10:47,2018-04-12 18:19:33,2018-04-23 14:32:07,2018-05-21 00:00:00
8828017d95b6a4e956af1b0602fc0b26,71fcd949093b2edcbc6486ff22de8dc2,delivered,2017-12-07 21:02:11,2017-12-07 21:11:26,2017-12-14 22:17:56,2017-12-28 23:33:18,2018-01-03 00:00:00
ca62907242973957a5936319121c6f5f,94a772ab3fa8a2dc3a13504c8ab8d868,shipped,2018-02-25 12:06:00,2018-02-25 12:29:22,2018-02-26 20:35:05,,2018-04-23 00:00:00
774415b72c8f9986307793e527a0670f,d4c4c50c49e859cd5b59e7dd41c66520,delivered,2017-09-28 19:29:26,2017-09-28 19:49:17,2017-10-03 21:37:48,2017-10-06 17:35:16,2017-10-31 00:00:00
5e62e50d9a6f7899a6d806fc809d99c8,fed85ea62f27f9c001d9c9372a35488d,delivered,2017-05-26 17:46:01,2017-05-26 17:55:13,2017-05-29 13:30:18,2017-06-02 16:09:47,2017-06-16 00:00:00
771b1c1071afb60efdf55afffd0ad25b,b294b26e9808dad6725676239e3898e0,delivered,2017-11-27 12:49:50,2017-11-27 12:57:55,2017-11-29 18:13:24,2017-12-14 01:25:03,2017-12-27 00:00:00
ea147e73648571e7ae04cfc2ba96aa35,10446123eb88ee10a2ae901135bf2b9f,delivered,2018-02-23 20:32:42,2018-02-27 04:31:14,2018-02-27 18:29:51,2018-03-12 23:05:41,2018-03-19 00:00:00
888312c0cd443652e3152019d58272ef,892d2f1d8cc6ed0db4c7f7b6613581a6,delivered,2017-10-23 18:35:53,2017-10-23 18:49:28,2017-10-25 17:43:58,2017-10-26 14:22:00,2017-11-03 00:00:00
065b60cb1eb8ac3e010b81d60ab6a5a7,5e6b6642bfc0441ebab444fbdce404da,delivered,2018-04-15 17:15:31,2018-04-15 17:30:15,2018-04-16 20:14:43,2018-04-17 20:25:22,2018-04-30 00:00:00
004ca5ae248069d68e8594df8abf6ce0,576908744ae56c9cf061c40a434e2a24,delivered,2018-06-06 18:30:20,2018-06-06 18:52:39,2018-06-07 14:17:00,2018-06-15 22:12:30,2018-07-26 00:00:00
3ee9cf1702011ef8cb10312b07124ec7,65b61ecf5364db9f364ce0140d45fd94,delivered,2018-07-07 18:46:47,2018-07-07 18:55:10,2018-07-11 11:42:00,2018-07-24 11:54:40,2018-07-31 00:00:00
152575943eb3ac19455e0e1a13e3d1cb,5d551bac6ef227b8caf96cb2a0c03c01,delivered,2018-08-08 18:15:20,2018-08-08 18:30:16,2018-08-22 14:19:00,2018-08-29 20:48:42,2018-08-31 00:00:00
7e4a816fdf57a295168f5eb20cda8a1d,b5bf04c0617d88858f44162c08c80a3c,delivered,2017-08-11 10:40:12,2017-08-11 10:55:23,2017-08-14 14:28:03,2017-08-18 17:45:40,2017-09-04 00:00:00
a4de5b1662f4c05fc162558437fa96ae,511e3f71328a16d7462ef399c655103f,delivered,2018-02-18 21:39:15,2018-02-18 22:46:43,2018-02-19 20:06:59,2018-02-20 20:42:27,2018-03-05 00:00:00
0733aab1e972ab531705cf45a1e77281,5ca683b344929c41668368dcf9d5b168,delivered,2018-04-27 13:55:56,2018-04-27 14:10:22,2018-04-27 16:30:00,2018-05-03 14:11:18,2018-05-17 00:00:00
9a815b63a6443f94d67d6c8bf970aaaf,afd30cfb38a43959c5e6eb496446bc6d,delivered,2017-03-27 15:48:03,2017-03-27 16:02:38,2017-03-28 08:05:16,2017-04-03 17:28:06,2017-05-02 00:00:00
d07177bc097beb1a6d82f01bdc6d6eec,79b4c20b6bd8e73a360328f99c5242a4,delivered,2018-07-14 01:09:22,2018-07-14 01:23:59,2018-07-24 11:22:00,2018-07-27 20:13:30,2018-08-13 00:00:00
0d6bfb2c384abf1053a600d79eb2dcfd,7dabb9471241c851ab2daff114751bb3,delivered,2017-03-23 21:52:14,2017-03-24 21:55:12,2017-03-30 16:22:46,2017-04-12 06:37:44,2017-04-19 00:00:00
afd6fcb99a54aac6b88ff635b2e687ea,668575cd98bd30ace7a891f6085e3b0a,delivered,2017-07-17 19:40:32,2017-07-17 19:50:21,2017-07-18 18:45:52,2017-07-24 21:10:25,2017-08-17 00:00:00
0198c71148c2e08c7c52b860f640fa4e,2938121a40a20953c43caa8c98787fcb,delivered,2018-05-08 06:34:07,2018-05-09 04:31:29,2018-05-10 18:12:00,2018-05-18 18:49:30,2018-05-29 00:00:00
a294b359ceeb6b570206ae9a4e266230,339a385d7c41c652faf8a49b4e645bbf,delivered,2017-05-03 21:22:59,2017-05-03 21:35:24,2017-05-10 12:46:00,2017-06-01 15:47:55,2017-06-07 00:00:00
ff24fec69b7f3d30f9dc1ab3aee7c179,442c6e15fe1e8e63a96598607c92bc35,delivered,2018-01-26 14:41:14,2018-01-27 02:40:12,2018-01-29 22:29:45,2018-02-07 14:57:00,2018-02-22 00:00:00
7c9c832fe99dad4a802af290889522e5,df82bea0664349eb5b8a7ef73871fc49,delivered,2018-07-27 10:20:01,2018-07-28 02:44:34,2018-07-31 12:06:00,2018-08-08 15:12:17,2018-08-21 00:00:00
3a7f40eab12e1d0bbd77a6cbb0e9f4e0,624772b98ab9077613d43ecdf26c5001,delivered,2018-01-26 22:06:53,2018-01-26 22:14:20,2018-01-27 16:37:53,2018-02-19 23:25:21,2018-02-22 00:00:00
e3464b0baf69887817fa1324a98d0a91,373fac096ed8d5b05c07a122938463d6,delivered,2018-06-03 20:38:28,2018-06-03 20:49:53,2018-06-11 09:28:00,2018-06-19 13:55:35,2018-07-12 00:00:00
2c2ce5e6f838b293b3297370a80598f7,cd79b901fd7641f3afe50351e94bc30e,delivered,2017-03-29 12:27:32,2017-03-29 21:22:35,2017-03-30 13:27:58,2017-04-05 14:00:14,2017-04-18 00:00:00
940eb052b51b2ff6ce6d2a2e4302bddc,c4db5141dbf2a35aff35074305f5e06e,delivered,2018-06-02 14:49:20,2018-06-05 04:31:15,2018-06-05 10:50:00,2018-06-06 18:13:00,2018-06-29 00:00:00
c25e9bf813225380ada966afae6d6b95,d45306ce2885eaacd9fbe56ce177c908,delivered,2017-09-10 18:31:12,2017-09-10 18:45:15,2017-09-18 20:52:06,2017-09-19 18:13:42,2017-09-22 00:00:00
98123bd93fe42371be77020252553c67,ab1d01ad77d8bab4c7f064a7c7947d79,delivered,2018-01-17 13:25:28,2018-01-18 02:11:40,2018-01-19 19:46:53,2018-01-29 16:39:20,2018-02-09 00:00:00
bcd5dcb4a6d89edda53dcf1e9328823d,8b22563285b84bee2e3cac94e1fd7dc3,delivered,2018-05-02 21:05:47,2018-05-02 21:35:12,2018-05-03 15:51:00,2018-05-07 17:36:22,2018-05-29 00:00:00
9a610ebeeb1a328f4c7a2ab7ea88ebb7,3fc7e9e580d05beb308c448408bbb2a5,delivered,2018-07-23 19:45:46,2018-07-25 02:50:18,2018-07-25 13:15:00,2018-07-31 17:08:35,2018-08-13 00:00:00
1801c6babedcb89ced12ae5f6352f787,9afb7d75b5d928401c32b979254afc13,delivered,2017-03-03 15:48:57,2017-03-04 06:45:13,2017-03-06 14:03:45,2017-03-16 15:12:32,2017-04-07 00:00:00
a8e1abe16c229e9634213a4c3fbe8cd7,ce11232370d1f9997a7683d55f09fa41,delivered,2017-10-25 18:04:40,2017-10-26 18:31:27,2017-10-27 19:23:02,2017-11-06 23:12:10,2017-11-16 00:00:00
14983a8e9fbbb6ec172cbfcdc13aa291,0c03226afa90f20094fccdafcc422e62,delivered,2017-12-29 13:11:06,2017-12-29 14:30:19,2018-01-02 17:17:25,2018-01-16 14:42:38,2018-01-31 00:00:00
5afaa7b618c8776fad63ca23a14a8035,bca5625f843661186a352a2c160843ee,delivered,2018-05-10 17:07:17,2018-05-10 17:15:20,2018-05-11 17:25:00,2018-05-14 16:31:13,2018-05-21 00:00:00
99ad3ef53ed8bbe225a2bdc5b92f4ea9,7f3ec00f79a98875d304ceef5d2cbd4f,delivered,2017-08-05 14:52:24,2017-08-05 15:05:12,2017-08-07 13:33:34,2017-08-10 17:49:56,2017-08-22 00:00:00
7779c2699c1fc1ff433f326418671ce5,71dafe7cc5b908c3d783d6d0e78e5c4e,delivered,2018-02-10 11:03:47,2018-02-10 11:27:53,2018-02-15 19:51:21,2018-02-26 17:19:07,2018-03-07 00:00:00
f12da93bfc1ee01030cea1345a142abb,c1217f58e18cb92f1b8437990b5d8841,delivered,2017-11-19 17:30:55,2017-11-19 17:50:55,2017-11-22 18:44:38,2017-12-12 22:24:27,2017-12-08 00:00:00
fa4646aff1ebffa86487953e4143125b,9834e79f181280824b88ef3f8076cfb0,delivered,2018-07-12 23:15:44,2018-07-12 23:25:11,2018-07-13 15:23:00,2018-07-20 19:38:46,2018-08-01 00:00:00
1de3194cbc4750380afd0b30efc6b18b,ea49f270f9f3cb5ba95dceca10b82e0c,delivered,2018-01-30 20:00:25,2018-01-30 20:10:28,2018-02-01 15:44:09,2018-02-05 16:08:58,2018-02-21 00:00:00
e235ae899d4840a0711cbdf615ec3425,536128be97bc69f3c3a34a4aed46f864,delivered,2017-07-25 21:05:59,2017-07-25 21:23:01,2017-07-26 17:36:32,2017-08-01 18:29:53,2017-08-18 00:00:00
aba40f06818d2d5bd3590b335352fd3f,45260e1821fb0007e1fda24a96e0bc02,delivered,2018-04-06 17:05:49,2018-04-06 17:30:26,2018-04-09 18:20:39,2018-04-10 20:05:08,2018-04-18 00:00:00
125380a45478fae5bd5466553f2ed928,61585152249283fb27ccd5b6da74c62b,delivered,2018-08-18 22:41:34,2018-08-20 10:50:35,2018-08-20 14:58:00,2018-08-28 00:37:26,2018-09-04 00:00:00
3e3378aad68b2f3e53dba3a4da142bf3,69726d016eac68d3d68da23184e50c81,delivered,2018-03-04 20:11:11,2018-03-06 03:49:25,2018-03-06 17:23:39,2018-03-29 16:12:29,2018-03-29 00:00:00
311590adda47f81d35e863654feba9f2,55e45405e0404a68b2be628c98aa7b0d,delivered,2017-06-20 15:57:52,2017-06-20 16:10:16,2017-06-21 11:26:18,2017-06-27 15:57:30,2017-07-14 00:00:00
aa833d3e16eb7eacce577e39884f44d5,5b51d411ab12d17e7c636246058e4fe8,delivered,2018-03-27 15:17:23,2018-03-27 15:31:12,2018-04-09 23:23:22,2018-04-18 23:33:54,2018-04-18 00:00:00
e8fa22c3673b1dd17ea315021b1f0f61,1ff773612ab8934db89fd5afa8afe506,delivered,2018-04-19 13:54:06,2018-04-20 07:15:19,2018-04-24 16:08:50,2018-05-03 16:39:41,2018-05-22 00:00:00
b86d6598f95562f36a323a61a9fff073,9b5c82d3cf692b7bbe0831badc9fd4d1,delivered,2018-03-16 07:34:43,2018-03-16 09:06:38,2018-03-19 19:28:34,2018-04-23 17:46:43,2018-04-09 00:00:00
18fee750a18a26c003132114d28aacac,e4b827f74dddb51fbccdcc061f0e100b,delivered,2018-03-21 09:06:30,2018-03-21 09:15:34,2018-03-23 22:38:41,2018-03-28 19:11:48,2018-04-13 00:00:00
08a4c77d9546c8928c3dd4b20da1b773,ced1f9efb99bce461db12904e8c7867b,delivered,2018-04-01 10:00:08,2018-04-01 10:10:08,2018-04-07 01:19:18,2018-04-18 17:14:45,2018-04-24 00:00:00
e4849b3975c58be6cdc305f07ab355fd,ac6a876322dc77349587bb3330857025,delivered,2018-07-28 23:20:32,2018-07-30 15:55:18,2018-07-31 13:31:00,2018-08-01 17:02:41,2018-08-02 00:00:00
420ab5f8b0999c674c7438c38ecdda17,523f6abcfdf9f7853e75c9b6104dd349,delivered,2017-06-25 22:22:31,2017-06-25 22:30:16,2017-06-28 09:26:53,2017-07-06 13:08:03,2017-07-18 00:00:00
2ed3eaf0bd65da1480c9017f211fa315,7c6c12489e36aafa4ab5dfcfef887475,delivered,2018-06-19 14:28:13,2018-06-19 14:57:11,2018-06-20 15:29:00,2018-06-26 19:27:25,2018-07-18 00:00:00
20944cd8392f8ef8aa2badeda97adf33,1f4e8bd03181879e40424354c00dea4d,delivered,2017-10-18 11:56:48,2017-10-19 12:07:20,2017-10-20 20:12:52,2017-10-23 16:55:22,2017-10-30 00:00:00
06c2f55902daa48386515225a766e7d1,0c51809f15295468c70058026d64a711,delivered,2017-12-08 19:02:53,2017-12-08 19:13:26,2017-12-13 00:22:41,2017-12-27 20:54:03,2018-01-10 00:00:00
561f746a88df51356713157ec83fd020,93b90b69d224015e3a558d46df162e11,delivered,2018-05-15 13:34:26,2018-05-15 13:55:08,2018-05-16 10:38:00,2018-05-22 15:26:34,2018-05-29 00:00:00
951e8cd4880218797b4ac75738913b7b,364c498abca5a4cff3fe15573743034c,delivered,2017-10-03 14:32:26,2017-10-03 14:49:23,2017-10-04 20:24:57,2017-10-13 18:05:19,2017-10-25 00:00:00
d28b5d86a3eed220a736db5a42815270,6360554117752d0c465cece6bd0b985e,delivered,2018-01-17 11:56:39,2018-01-17 12:10:11,2018-01-17 20:57:39,2018-01-18 17:22:36,2018-02-01 00:00:00
7034679df131fe7f52587694f54483f7,cf50ec4dab12bc5a10e41e6e4b085545,delivered,2017-05-20 17:52:37,2017-05-20 18:05:17,2017-05-23 10:29:57,2017-05-31 08:42:46,2017-06-13 00:00:00
9111147b969505cb43b47663779162d0,32a2e01de91e849b9869ea5f59fdbd29,shipped,2017-10-02 21:54:34,2017-10-03 04:14:28,2017-10-04 17:39:53,,2017-10-25 00:00:00
0b9e555377748cc93362b079f2653a42,4071865ea4b48ca395beacf0ba2590e6,delivered,2017-12-10 22:51:16,2017-12-10 23:08:50,2017-12-11 19:37:53,2017-12-21 18:08:08,2018-01-08 00:00:00
aac3c51b49db3aec97b0a15c9fa64ac4,436d91c82b20b186194ee218a52782bc,delivered,2017-12-20 14:52:29,2017-12-21 14:52:06,2017-12-22 18:45:13,2018-01-15 20:35:19,2018-01-22 00:00:00
04778abaab7b4bdfb0abb1110f1eba52,df6afdec3d39282bbf6d560f15911d80,delivered,2018-05-06 02:07:13,2018-05-08 04:55:33,2018-05-09 15:05:00,2018-05-14 11:52:11,2018-06-01 00:00:00
d3a5c3bfc63077ee10998df438f97019,77b0d15d00d45a25263845e1b5d52833,delivered,2018-05-18 20:18:43,2018-05-18 20:34:41,2018-05-21 13:59:00,2018-06-04 23:12:25,2018-06-06 00:00:00
6a3118c2317bda57bdcc01ae7e014ec8,67ee4af0f64d7fce3053668eb20993d2,delivered,2018-05-11 19:39:34,2018-05-11 19:55:17,2018-05-15 15:39:00,2018-05-18 17:48:53,2018-06-06 00:00:00
c45408df26d1ce2b64518a9a9d65fd04,c352445d447e16c25ee542299b98642d,delivered,2018-08-16 17:11:46,2018-08-16 17:29:05,2018-08-16 16:13:00,2018-08-22 14:33:43,2018-09-05 00:00:00
26bd0671edd018403939ee3037e81af4,7073c349e3ebe9751ad154ad30b92e25,delivered,2017-10-11 09:57:02,2017-10-11 10:14:14,2017-10-17 16:22:49,2017-10-19 17:51:31,2017-11-01 00:00:00
5e98ca2727e44977e9f5be0d45a0d369,5dbb903e6a46f5861577aadf855536e4,delivered,2018-06-03 19:46:12,2018-06-03 19:55:21,2018-06-08 19:23:00,2018-06-11 19:51:53,2018-06-29 00:00:00
b57f8a0a6355eed6fb23aa237836403d,02b6b76e1eddd6811b0285258fa7e31f,delivered,2018-02-07 23:29:04,2018-02-08 08:50:28,2018-02-09 16:29:08,2018-02-26 20:47:03,2018-03-07 00:00:00
622313cbbf2c6fb616025bc038e3bba6,0351f415e46d182dbb19fe7c7717d52f,delivered,2018-06-25 09:52:10,2018-06-26 09:53:04,2018-06-26 13:17:00,2018-06-30 15:51:48,2018-07-20 00:00:00
e7bb8b6a68e9a70258374f9993b47de7,c902c60532cb6ca611138f5348580a3d,delivered,2017-08-04 15:58:07,2017-08-04 16:15:06,2017-08-05 14:07:39,2017-08-09 18:23:37,2017-08-24 00:00:00
f842cb7e4c6dee42ebdaf6c2a81904b6,ae9c9710188bd3e9362a0954442f36b8,delivered,2018-03-07 08:31:28,2018-03-09 02:31:07,2018-03-09 20:08:38,2018-03-23 17:38:35,2018-03-27 00:00:00
7dc0c9624af2f70f84c310c126aa2d40,64e6098479c48805d8945483ac8a4fdd,delivered,2018-07-25 09:15:17,2018-07-25 09:25:25,2018-07-26 15:18:00,2018-07-30 22:09:00,2018-08-13 00:00:00
27a2251d56cb9212d616d68ff6c1c132,47eeb1b381b205ee05cdfbe606ca6753,delivered,2017-11-24 02:31:20,2017-11-24 02:49:20,2017-11-24 19:52:47,2017-11-27 16:51:58,2017-12-08 00:00:00
fc6bb905fab635b31a166e561395bb01,2da8c5bb05b59fcf2023c3be4d2f5c65,delivered,2018-01-07 19:48:40,2018-01-07 19:57:19,2018-01-08 16:30:07,2018-01-17 18:32:20,2018-01-24 00:00:00
e42b66326781591510efdca88022604d,03a2a04722a38803d8c29c7339998d54,delivered,2018-07-26 22:20:02,2018-07-26 22:30:18,2018-07-27 13:50:00,2018-07-28 11:20:22,2018-08-07 00:00:00
92ebaccb732e2b347a19dbc3245fcb27,2418f7d693ae1b95b926c922cf246b11,delivered,2017-12-13 08:44:11,2017-12-13 08:54:37,2017-12-15 23:08:58,2017-12-27 21:47:18,2018-01-10 00:00:00
d4a1728b95d69bdf0bb9dae4bce1d666,639d54dd7a7d4f6ac033dbefca8bcea1,delivered,2018-04-05 08:55:00,2018-04-07 02:47:52,2018-04-16 21:48:54,2018-04-18 21:48:29,2018-04-23 00:00:00
b6bd1aa9bea85404bd9fb4c7a1cbf4a2,45fd1a416474c2c7118921039473a2cc,delivered,2017-09-21 17:13:40,2017-09-21 17:25:10,2017-09-22 19:45:15,2017-10-03 19:39:02,2017-10-16 00:00:00
253c6937d7acacfc1ea08401efe0a138,5502bdd2fd74e1860760cca9f732fd00,delivered,2018-01-13 15:02:38,2018-01-13 15:31:38,2018-01-15 21:56:08,2018-01-26 23:29:00,2018-02-19 00:00:00
2d2ee060abf43cd4efb55c10092298dd,8fda236ddf9b0bff33481c8eb86dc32f,delivered,2017-12-31 14:43:24,2017-12-31 14:49:18,2018-01-02 19:42:43,2018-01-09 16:38:13,2018-01-24 00:00:00
d595973d4fba0efe337a336386f42893,1669b0ab07d06da79fad8040b806df43,delivered,2018-01-06 17:19:20,2018-01-06 17:31:26,2018-01-08 18:57:45,2018-01-11 18:55:29,2018-01-31 00:00:00
605690e3394de4516b0c3646e06a9599,00f58ffb9b2f2764032aca4e22330725,delivered,2017-11-07 21:02:17,2017-11-07 21:50:57,2017-11-09 00:26:44,2017-11-10 19:21:42,2017-11-21 00:00:00
3552fddd13638d37dc6749a36ac7e589,2e58b6a18a0469e1ec937027d9441aa0,delivered,2018-08-11 19:20:35,2018-08-13 10:15:21,2018-08-15 10:17:00,2018-08-21 16:19:42,2018-08-31 00:00:00
293b49dd2d7212a25cd82a02e0c984ef,fd6d24826df20a47edc27155e5c613ae,delivered,2017-11-09 19:16:07,2017-11-09 19:30:53,2017-11-10 21:44:42,2017-11-21 10:07:11,2017-11-29 00:00:00
41d047e77cc83775301117a02c15b4ca,4dfd632dbcdc0b2585c9ed5b44e245d8,delivered,2017-07-18 09:59:10,2017-07-18 10:10:14,2017-07-20 15:32:40,2017-07-28 20:17:51,2017-08-22 00:00:00
2d90cc4980f319e8c0606c44654c9491,a558f1ac3c5cb511c779da6c78178ae8,delivered,2018-04-10 13:16:34,2018-04-10 13:29:59,2018-04-11 14:48:43,2018-04-21 13:36:36,2018-05-07 00:00:00
6421ecac4630128fc5faebd789937f50,b9db77bb63a6928a2e841906b64bb2c6,delivered,2017-06-19 09:18:43,2017-06-20 11:23:26,2017-06-22 09:04:37,2017-06-27 17:22:50,2017-07-13 00:00:00
6af1f36497a4b9ce8335d9a6da709960,629f877340ef90d6baa875e57961fa19,delivered,2017-08-24 21:35:58,2017-08-24 21:45:21,2017-08-25 18:53:34,2017-08-31 21:50:16,2017-09-18 00:00:00
4bf16e837c4354cd06225050a018094b,7aef00cf795aa8c47871a0d42735ec6d,delivered,2017-08-20 14:53:31,2017-08-20 15:05:15,2017-08-24 19:57:40,2017-09-04 23:33:58,2017-09-13 00:00:00
d4304f4104fca54e2a93b03e5b04962b,221b4e0290833c2eabd51cf883770524,delivered,2017-10-04 19:55:43,2017-10-04 20:07:13,2017-10-05 18:55:42,2017-10-11 21:50:02,2017-11-01 00:00:00
85722784b64340c85ac0293f6f1cebcc,a5d1dcff78d0fed7c29d371ae3e60da3,delivered,2017-09-04 14:44:43,2017-09-04 15:55:42,2017-09-06 13:17:02,2017-09-18 22:57:42,2017-10-03 00:00:00
f28fdc3611b69cc93b0bbd8b1b3afc30,d91e4fe979aeb231f2696fd3712a86d7,delivered,2018-01-26 22:21:10,2018-01-26 22:38:11,2018-01-29 16:56:50,2018-01-30 22:58:38,2018-02-09 00:00:00
b0af6cb248a6887f0695f4565bda91bb,e2dc5811df11785799b8d6f1cf883f78,delivered,2018-07-30 11:20:49,2018-07-30 12:00:13,2018-07-30 13:49:00,2018-08-06 18:18:39,2018-08-15 00:00:00
1a1d6b3bdea56c37877f692df138bb35,d4d5be911a0546eae59d69278608c380,delivered,2018-07-26 18:05:06,2018-07-26 18:30:31,2018-07-27 10:58:00,2018-08-01 20:12:38,2018-08-09 00:00:00
1968bd026e715a070f442cc2bf5f2ccb,7fe06ae17a9df0fb725a1a4e212dd6de,delivered,2018-07-29 19:40:38,2018-07-30 18:31:28,2018-07-31 14:48:00,2018-08-08 10:28:47,2018-08-20 00:00:00
bac1117353bfc077a092eb57e24419cc,5a2e0d2d29f0a826923a5c765382dde4,delivered,2017-09-03 18:06:11,2017-09-05 04:10:58,2017-09-05 18:53:05,2017-09-06 16:52:28,2017-09-15 00:00:00
fdcd5bf547fed776194fe9a3b691a324,02c1e8e3240934520c94905a9b6c004c,delivered,2018-06-21 14:42:23,2018-06-21 15:00:10,2018-06-22 14:39:00,2018-06-26 16:04:48,2018-07-04 00:00:00
b74ef7f1cae2f2aa39ef694089220237,8dd56c438a84c0341302cd3d122dfd3a,delivered,2018-05-23 11:35:11,2018-05-25 02:54:50,2018-05-28 12:33:00,2018-06-07 19:23:37,2018-06-14 00:00:00
e73fe43cdcd166f7f0c6e3c2bf11a917,3a412111e4f293539eae05b502fc63de,delivered,2018-08-09 18:06:43,2018-08-20 15:57:28,2018-08-14 14:48:00,2018-08-15 15:46:38,2018-08-16 00:00:00
ba9626798f8c12e1f020a6d8e40b9a45,a3330b2d3f699a9c58b15e33e602c544,delivered,2018-07-27 21:43:27,2018-07-28 21:44:11,2018-07-30 14:55:00,2018-08-03 19:59:39,2018-08-30 00:00:00
5075b9e252eb0b3f1350f282c94a82b0,1bed328bed3e5501868523f4d8a3b646,delivered,2017-11-24 08:15:54,2017-11-25 04:30:52,2017-11-28 17:16:59,2017-12-12 14:17:09,2017-12-14 00:00:00
0914478fdcadbaa5c8c8b3442b4f28d2,03058eb4c0764d7c06ca841cd71ba6f1,delivered,2017-08-09 21:32:08,2017-08-09 21:45:25,2017-08-10 17:18:18,2017-08-14 14:13:56,2017-08-24 00:00:00
9c7f8270cfe5b9be15ce3d3bb0309587,4169522a0242bda84c7d1cf08346b964,delivered,2018-04-01 19:12:15,2018-04-01 19:27:32,2018-04-02 15:43:35,2018-04-10 21:27:42,2018-04-20 00:00:00
12d9b7528c95b9b6d2f087195ba47d60,a91773a9a78bebced761d973bfa12050,delivered,2018-02-02 02:28:34,2018-02-03 02:29:52,2018-02-05 23:12:47,2018-02-15 15:42:47,2018-03-01 00:00:00
f30876b35731a6086a0b5b13cfc503d8,e0d55c4681df4474c4e410f06fefb339,delivered,2017-11-12 20:09:26,2017-11-12 20:26:26,2017-11-15 00:11:45,2017-11-24 20:46:38,2017-12-13 00:00:00
a129b99db0bdcd92c62d71279de0670c,ddaf99fadc527b65ba3440a404754758,delivered,2017-07-20 15:25:14,2017-07-22 02:25:32,2017-07-27 19:06:49,2017-08-05 13:49:53,2017-08-22 00:00:00
61e7a0e72661ce2a29fef077d8007f27,cd84779cce6243c1a17f802b7bab05c6,delivered,2018-01-09 06:28:45,2018-01-09 06:38:28,2018-01-10 10:39:28,2018-01-22 23:46:40,2018-02-02 00:00:00
a5be0f3a1b2874d7a949d0234acd688f,b70bb1d21f3f4ee22748b82dde72b63f,delivered,2017-07-29 14:37:23,2017-07-29 14:50:19,2017-08-01 17:34:21,2017-08-15 12:28:40,2017-08-22 00:00:00
91691e7a660914bb835e82d2f6b12a2f,8535e7d171732dcdb3de48ff99040f6c,delivered,2018-02-01 17:39:01,2018-02-01 17:53:22,2018-02-02 23:42:11,2018-02-09 15:11:53,2018-02-23 00:00:00
51e660b8c2d9b7f799b19b8535504fe1,34fb7e4114e241b57c26915f89ce219c,delivered,2017-09-26 16:19:36,2017-09-28 02:56:39,2017-09-29 17:11:38,2017-10-05 21:57:39,2017-10-23 00:00:00
0666806082c797ed8410aadc2e08f286,4b9ee9bd667eb4c8cf6cb60524c6282c,delivered,2017-06-29 13:40:49,2017-06-29 13:55:10,2017-06-30 15:46:16,2017-07-07 19:55:49,2017-07-19 00:00:00
c1a2ee16a0ebb378f57bdf69fcf45b79,01a61e75bd333a349351fba370520597,delivered,2018-08-19 18:44:47,2018-08-20 13:20:24,2018-08-28 17:10:00,2018-08-29 14:49:06,2018-08-28 00:00:00
3ec05d74c91669694d41dcf4d7cdc764,be66ef8e04a0f8fd5e10434aa0b53fb6,delivered,2017-05-31 20:57:04,2017-05-31 21:10:15,2017-06-01 13:44:32,2017-06-09 13:25:52,2017-06-23 00:00:00
24040b0114230e6113ea96d0161ff4a9,3a560621e7e9947e505bc42ad8321241,delivered,2018-05-22 08:33:11,2018-05-22 19:17:26,2018-05-23 12:14:00,2018-05-24 12:41:41,2018-05-30 00:00:00
3e4a8d7b151d4f81900cea441f80d544,7ab7a537b678b6dd73d825ff6ee7be9d,delivered,2017-09-08 15:41:51,2017-09-08 16:04:38,2017-09-12 16:31:47,2017-09-21 19:23:31,2017-09-28 00:00:00
dea7183b5687dd97ce0703f53b0a97a7,f13d38f83b34037f745ec79cc915a8f1,delivered,2017-12-27 15:57:31,2017-12-27 16:10:15,2018-01-04 14:56:53,2018-01-05 16:49:17,2018-01-16 00:00:00
7c28cd51bc7b7b5b8e81ae0bb7f17340,dd96e8ca7d7dfac2b3b5632801e5f106,delivered,2017-01-25 18:55:31,2017-01-25 19:05:17,2017-01-26 14:48:15,2017-01-27 10:14:04,2017-02-20 00:00:00
73745cfd1447d2cb71537b662d59b3b8,d853613c3c14bb1aec45a54f0b3b7e42,unavailable,2017-07-20 20:02:04,2017-07-20 20:15:10,,,2017-08-11 00:00:00
ecc34002d063638235d7519f53b1d4f9,8e9097f9abe54a1c6d2005107034fe0d,delivered,2018-04-07 11:50:43,2018-04-07 12:08:18,2018-04-10 16:44:57,2018-04-11 17:47:19,2018-04-25 00:00:00
1813010cec08387bb7feedb1198e6591,1a3cdf589900e001df8c88ccb3b23a45,delivered,2018-05-13 21:10:57,2018-05-15 05:14:44,2018-05-18 12:24:00,2018-05-21 22:27:19,2018-06-04 00:00:00
a1ce0b73236e48ba5f0391017bcef89e,22391c39c0261e36fb546e765a849624,delivered,2018-06-08 20:05:40,2018-06-08 21:04:07,2018-06-15 16:40:00,2018-06-20 15:39:05,2018-07-03 00:00:00
929ddf60e51592cf31ad60152b4c8fe3,b0cf88548f0e752a2ac621aa4941ee4c,delivered,2018-07-26 21:19:00,2018-07-26 21:30:17,2018-07-30 09:33:00,2018-08-08 15:44:30,2018-08-17 00:00:00
e583169435fd3724212034fc16805ee0,db09d0bb5f4653a481b7b26f723d23ec,delivered,2017-08-09 20:53:41,2017-08-09 21:05:18,2017-08-10 22:44:02,2017-08-18 17:17:34,2017-08-31 00:00:00
8d8643b7344d206920590efda8cc5cb7,cf3a0b3665ef13b81c8528d13fc15ac5,delivered,2018-02-18 12:40:55,2018-02-18 13:46:38,2018-02-20 01:27:23,2018-03-11 18:16:31,2018-03-13 00:00:00
65a97703da34703e54cac329ad6a41b0,6f33ceeabaecf0654caa006b511a62dc,delivered,2017-03-28 21:56:39,2017-03-28 22:05:23,2017-03-29 12:15:11,2017-04-03 17:58:31,2017-04-17 00:00:00
8092a6dba7ee1ea9d61883db8a08fb14,5242064c3dba5715dffe970d03bc7f70,delivered,2018-01-06 18:54:39,2018-01-06 19:07:33,2018-01-15 18:38:36,2018-01-22 16:10:50,2018-02-06 00:00:00
0392a7fd15fc16848335cb8ff143a940,5726257f03bff97716fe9f0da0cba41c,delivered,2018-05-03 14:36:50,2018-05-04 03:12:18,2018-05-08 14:22:00,2018-05-09 19:13:31,2018-05-17 00:00:00
a79ea0bbaa6e8a7b2a2a793862c418a8,99559edac92c862d5e0611cd409da5ef,invoiced,2018-03-16 22:12:33,2018-03-16 22:28:17,,,2018-04-05 00:00:00
20e87d0bc3b241dd3b4d34a6446d013e,f6c05e803aa36fe851a6f81cf3128188,canceled,2018-07-05 17:01:31,2018-07-05 17:12:19,,,2018-08-22 00:00:00
6cdc131d3c28253cd03cd0fbc3d5f938,cb721d7b4f271fd87011c4c83462c076,delivered,2018-05-16 13:04:22,2018-05-16 13:19:29,2018-05-17 15:06:00,2018-05-24 15:16:41,2018-06-05 00:00:00
452b706af12e25e6c8c740b4dc493ab0,bfc9371f9268216725254f8567803291,delivered,2017-01-08 09:35:14,2017-01-08 09:45:12,2017-01-09 15:12:35,2017-01-17 13:22:19,2017-02-17 00:00:00
d468c8e289ec694cf907f29e5291e94f,343ba8ba4c413d458aa3b2897f94c4f1,delivered,2017-12-14 16:02:42,2017-12-14 17:13:38,2017-12-18 21:51:57,2017-12-20 18:04:17,2018-01-03 00:00:00
6887171d65ab796e9a2d44e6d5c1c097,f47638741c86cb8ca12502060ab71ad7,delivered,2018-08-08 23:12:35,2018-08-08 23:25:07,2018-08-09 13:31:00,2018-08-13 21:27:44,2018-08-22 00:00:00
423a74bc335eb62b36ac17941c6eb309,a4d6b3356897a55042079b2be9f115d0,delivered,2017-10-25 14:59:58,2017-10-25 15:07:35,2017-10-27 16:10:27,2017-11-03 21:03:35,2017-11-13 00:00:00
51245e7e9f801001cd072ede8dcacb4a,7f102b6cc60ec4a98b4b2a9a1005422e,delivered,2018-03-02 21:05:47,2018-03-02 21:15:44,2018-03-05 20:13:59,2018-03-18 17:39:26,2018-03-20 00:00:00
aefb6e25e51048718af6f447c7fdfc47,7dc72a75eac457ae01e085846b836cd6,delivered,2018-06-28 11:50:39,2018-06-30 02:52:23,2018-07-02 20:11:00,2018-07-04 21:43:33,2018-07-18 00:00:00
5334316e328fbb4a7286479768342ad5,4fed323f3c05ce7d3fb23dbb9f67b397,delivered,2017-08-12 21:16:33,2017-08-12 21:30:17,2017-08-14 20:53:46,2017-08-29 17:33:25,2017-09-05 00:00:00
14f70953c10e4a130a66e0fb1f039c67,fb694f1a733efde390f6d93e122b702f,delivered,2018-06-07 15:59:08,2018-06-07 16:21:13,2018-06-08 13:06:00,2018-06-15 16:46:49,2018-07-04 00:00:00
0f9807b737e645eaa107418a88f30fd6,7730643d49afd7440aba90e12dcd64b7,delivered,2018-08-07 15:17:28,2018-08-08 04:45:03,2018-08-08 13:47:00,2018-08-13 22:20:50,2018-08-27 00:00:00
1f59870d6111d909e3c3f511d4d6dfe2,de0fe2d8e55644484ecf77b35622bf8b,delivered,2018-08-19 06:05:56,2018-08-20 11:09:54,2018-08-21 11:38:00,2018-08-22 17:18:46,2018-08-31 00:00:00
84a8ab2b1def6828368f56b359215428,cd8b90a9db8517657462470dab90fde6,delivered,2017-07-27 13:16:59,2017-07-27 13:30:45,2017-07-27 22:46:33,2017-08-04 19:47:50,2017-08-22 00:00:00
4b936f52e9d0886cbe8ab2c15fa0a71f,ab8c266dae1e5c8476510ef4dbe61890,delivered,2017-09-24 10:58:33,2017-09-24 11:10:12,2017-09-26 12:23:08,2017-10-03 11:28:58,2017-10-19 00:00:00
c9739bdab1e1bc3c6b4260640d1d3e51,2c12a13d18db0cc2fb77e1d88d0f0abe,delivered,2017-11-09 20:51:32,2017-11-09 21:10:21,2017-11-10 19:02:20,2017-12-04 18:12:38,2017-12-12 00:00:00
76a08caeac523a0cc04a06f35b8e9c5c,b13e1cfb791357c9519b5bdf6077e922,delivered,2017-11-24 18:16:53,2017-11-25 06:15:58,2017-11-28 18:04:35,2017-12-12 22:28:53,2017-12-20 00:00:00
98c960af25c3341860e320f6780f28ce,36e22ecc218919a886c6dcf9aa14c7f5,delivered,2018-03-16 12:07:30,2018-03-20 03:15:46,2018-03-21 19:12:02,2018-03-29 23:32:45,2018-04-13 00:00:00
ee987bbabed0cc87dc5354eb2b661740,9d708fd1bd16da6d21996210605031a2,canceled,2018-07-30 11:19:52,2018-07-30 11:44:37,,,2018-08-15 00:00:00
87d3fcab78e748d404ae59a9e90e7834,7c0f72144805b7fb9c1e32d1f560a761,delivered,2018-02-09 15:04:23,2018-02-10 02:36:12,2018-02-14 18:35:47,2018-02-27 14:38:10,2018-03-06 00:00:00
98f86e6d578f84d5ffba7a2f6c1307e7,66348d70bd9013b152a4ad700f40cf95,delivered,2017-11-29 16:08:07,2017-11-29 17:30:54,2017-12-01 16:28:38,2017-12-28 15:42:42,2017-12-22 00:00:00
f6fe947e6bd054c9c699118125583613,3ce4ec1b13c4dd6145cce3a9ee090637,delivered,2017-04-21 13:34:28,2017-04-21 14:02:01,2017-04-27 05:10:09,2017-05-05 12:06:53,2017-05-25 00:00:00
473579cef3b75f7764b1b4e7cf650218,053a19d1f63c7f7ec53871bb28435d2f,delivered,2018-07-18 16:35:40,2018-07-18 16:50:10,2018-07-19 12:24:00,2018-07-23 22:36:44,2018-08-02 00:00:00
2574da49ef376d653823449846a42733,2d0119f39e113e04b09401c98db810e7,delivered,2017-02-07 07:51:14,2017-02-07 08:22:55,2017-02-08 10:46:38,2017-02-14 11:17:36,2017-03-06 00:00:00
38c61d1bbf5143a8c347ebaa490e234b,752e6b5b69b420a430beecc48889a67d,delivered,2018-01-09 20:46:48,2018-01-10 10:32:10,2018-01-10 18:13:32,2018-01-15 18:57:56,2018-02-01 00:00:00
0eeae75286b79b40f203057933fbb70b,6141c2f0b2588d5a833cb947ca6c1a9b,delivered,2018-05-05 14:42:25,2018-05-06 14:35:09,2018-05-10 13:37:00,2018-05-24 15:23:49,2018-06-01 00:00:00
911a1415223d88db2cb3009539457465,3fa3c3db2ed313c710d56a86f4d71f85,delivered,2017-11-19 17:41:21,2017-11-19 17:55:23,2017-11-21 23:52:51,2017-11-22 23:44:42,2017-12-05 00:00:00
b1f9095a10dfd9fcf032d74f71348e44,d77d7abd6f6e486d1a63c1465e1fe1d3,delivered,2018-05-16 15:46:36,2018-05-17 03:16:15,2018-05-21 11:52:00,2018-06-07 23:18:44,2018-06-05 00:00:00
7a37faa848114c1dfbe6b90f15af98fa,e8271feaec86ae7151bb633442e366fc,delivered,2017-05-24 08:58:16,2017-05-24 09:10:10,2017-05-24 11:45:56,2017-05-26 12:35:49,2017-06-16 00:00:00
7cc93b2925f1d8b88fbcd410b02bc5b5,b10420d1fe67d729669d0f2562333884,delivered,2018-05-17 15:47:41,2018-05-18 02:36:22,2018-05-18 10:48:00,2018-05-21 17:48:42,2018-06-01 00:00:00
5df16667b4591b93ff7b1930d8b7da36,95fd46b89a4174004b2407d01069a6d7,delivered,2017-06-17 14:44:38,2017-06-18 07:42:33,2017-06-23 11:15:49,2017-07-08 12:21:54,2017-07-19 00:00:00
21b1c98d8e52fa31d859540e69e84c29,a4e8a2dd3c6c4a7724cdfb31be321f63,delivered,2017-04-11 19:27:44,2017-04-11 19:35:12,2017-04-15 07:23:55,2017-05-02 13:41:23,2017-05-18 00:00:00
dfa6911d9e73fc699350f724c6af35bf,53e7c6b8641b7df1340abde0322d1fca,delivered,2017-07-06 12:29:18,2017-07-06 12:43:48,2017-07-07 15:11:24,2017-07-12 19:49:21,2017-07-28 00:00:00
ae3ecd7aadd6785fc80415c76a3ee139,2e3053ee55d4b333b97718d232cef54b,delivered,2018-06-11 11:45:07,2018-06-12 07:57:47,2018-06-12 08:16:00,2018-06-27 17:10:33,2018-07-05 00:00:00
e007ef2d77cc1e7082050959c1cdce54,8b47e5ba29a9cd9947ee6be2f025ed66,delivered,2018-02-08 22:33:03,2018-02-09 22:08:28,2018-02-15 02:12:53,2018-02-28 00:18:06,2018-03-08 00:00:00
2f7c0d4ae58c91fc32165eed84560e35,5e9f8d5f6b5e2791fc6752afd2af321b,delivered,2018-03-19 21:31:48,2018-03-19 21:48:35,2018-03-20 18:58:26,2018-04-05 17:33:44,2018-04-05 00:00:00
31ff2ab0bf20340ff13605c65e38387f,fabb60c6365514576783dd1a8a6b8ad2,delivered,2017-10-26 16:03:07,2017-10-27 16:31:25,2017-10-30 22:19:56,2017-11-14 16:59:08,2017-11-24 00:00:00
20b4e5f6a0d8d1244c3c387e0f645ca3,deede660a4890aee5b1f480c6c39f120,delivered,2017-09-10 15:49:26,2017-09-10 16:03:21,2017-09-11 21:12:33,2017-09-12 18:03:20,2017-09-21 00:00:00
f61d0a25c102875f482d4ead106e18b1,56cabab28ceaf3ebe6980ce08fe843ba,delivered,2018-04-29 22:23:32,2018-04-29 22:35:10,2018-04-30 16:00:00,2018-05-07 19:35:42,2018-05-17 00:00:00
f2314bb87d6f10a76f4a5d73c19487e3,f4cb708921a954a130649e97f6c8b4fe,delivered,2018-07-25 16:53:06,2018-07-25 17:05:13,2018-07-30 10:02:00,2018-08-14 14:06:45,2018-08-20 00:00:00
08933455a78346ec6d1d170ddd9bdb3c,1881349fe48083643661d9ab47a2515e,delivered,2017-07-13 14:43:09,2017-07-14 02:24:30,2017-07-14 19:14:15,2017-07-17 18:09:01,2017-07-26 00:00:00
14be0a96bf13d58196fd144c4b086fe4,02221ce26353d5226d768b03c5425cab,delivered,2018-02-28 13:42:08,2018-03-02 02:09:58,2018-03-02 21:34:13,2018-03-14 16:02:08,2018-03-26 00:00:00
426ad73f31e7c52e6eb4b173459340c2,a978f04f78a5f1835cf5e5df77e213f7,delivered,2017-03-08 18:56:22,2017-03-08 18:56:22,2017-03-14 08:01:54,2017-03-16 08:34:13,2017-03-27 00:00:00
f85b51024ff548e07b08c7cedcd1a0e1,8887127d25decf98f283201720dacdca,delivered,2017-03-24 14:42:24,2017-03-25 14:42:43,2017-03-28 14:27:18,2017-03-30 12:03:20,2017-04-12 00:00:00
7a4196135faaed1efda2e10abec94f89,1907fa7c904f93b6c442584bc4dcb367,delivered,2017-11-24 10:14:07,2017-11-24 11:32:29,2017-11-28 21:43:56,2017-12-13 16:26:57,2017-12-14 00:00:00
5d2c4c38fbd5a94f21fc1f9c2bad2696,3c8f17b0e8d76f1b20bfe61915bd53ed,delivered,2018-03-26 12:14:03,2018-03-26 12:30:40,2018-03-27 12:10:47,2018-03-29 23:32:27,2018-04-06 00:00:00
6e70c44e566a92cd1ef6b7bc8631fece,e22f6f7375ce901862749066baa3b410,delivered,2018-07-31 11:14:33,2018-07-31 11:44:30,2018-08-01 15:09:00,2018-08-09 19:18:24,2018-08-17 00:00:00
9e47bdda0d32604c18e587c151278314,d3354d1f295e9ecf63bbfce94dec214f,delivered,2018-07-21 21:41:25,2018-07-21 22:25:11,2018-07-23 14:22:00,2018-07-26 17:51:05,2018-08-08 00:00:00
09bfe605baffbe939fb10d3e8936346e,2f04d3db6495e1a45b6d8473469522a7,delivered,2018-02-22 18:34:11,2018-02-24 02:55:44,2018-02-27 23:53:21,2018-03-15 00:16:23,2018-03-19 00:00:00
83b8d224a811027e71f40747004831bd,93ffe3ed1345ac913a6e4a313ed51e30,delivered,2018-06-26 10:35:57,2018-06-26 10:58:13,2018-06-27 08:35:00,2018-06-29 20:41:49,2018-07-13 00:00:00
2caa92df77593ebdf24a65d26e9001e2,f2824bf9bc3ff1facfe05820f06fa436,delivered,2018-02-14 09:43:06,2018-02-15 04:11:16,2018-02-21 20:54:36,2018-03-05 15:08:44,2018-03-12 00:00:00
03672cdb5f2c133e401946a14a7dff3b,1d03153fa9957f06d124c663a388e49b,delivered,2018-04-04 10:25:57,2018-04-04 10:35:20,2018-04-09 23:32:41,2018-04-11 17:18:39,2018-04-19 00:00:00
903059e61d9226af06bdc3822f06d9d6,ba16ea904570bdcedd69e31ee535f417,delivered,2017-09-03 19:16:38,2017-09-03 19:30:13,2017-09-04 23:43:14,2017-09-12 19:22:54,2017-09-25 00:00:00
efba1a196f39b8f3451fa4a5804928e0,e808c788e5fa15411cddba5d33f753eb,delivered,2018-06-06 15:35:22,2018-06-07 13:38:40,2018-06-14 14:58:00,2018-06-21 13:53:47,2018-07-18 00:00:00
77ff15a95ac5dbc2c62ece6326365ad4,41643f16cc59d43e301c29258c3ea7eb,delivered,2017-10-04 01:16:49,2017-10-04 01:33:47,2017-10-04 18:51:19,2017-10-11 15:35:35,2017-10-31 00:00:00
a9d38693624248a1c9857cdbbb58d709,5e1c0ff5fa54de8e128dc1e4c28313c7,delivered,2017-05-20 13:53:46,2017-05-20 14:05:33,2017-05-23 08:37:42,2017-05-26 12:53:32,2017-06-12 00:00:00
c88cb7c54b20df1c37d529408b255d41,932c1329264551a401b62819ec8c6d02,delivered,2018-01-20 22:16:13,2018-01-20 22:41:14,2018-01-22 20:21:29,2018-01-24 14:37:56,2018-02-06 00:00:00
1e7dc341cacce4df52beba1a9b951a91,c5d402123398a97a7157e382b69a29c1,delivered,2017-12-26 18:08:38,2017-12-27 04:12:09,2017-12-27 20:56:36,2018-01-08 21:33:23,2018-01-19 00:00:00
5834f9328e03de05af52d90c525b9606,46c54cc1063c79f28e48752e8675aaf5,delivered,2017-10-15 20:22:19,2017-10-15 20:35:13,2017-10-17 17:14:06,2017-10-25 19:21:57,2017-11-08 00:00:00
f0a35c83ab3251347b674f0f3e0d01f1,514a9247d9012eb7ca73e4ecd5872bac,delivered,2017-08-15 11:32:47,2017-08-15 11:55:21,2017-08-16 17:37:00,2017-08-28 19:52:40,2017-09-06 00:00:00
86f92f9e6f7eecaf30f643b1c6c3be84,1a8ac03511051d7e9c5491b970972897,delivered,2017-10-30 13:17:30,2017-10-31 12:47:50,2017-11-01 15:47:44,2017-11-03 23:43:44,2017-11-10 00:00:00
dbed639a12dc60f5e3c08f284bb686cf,dc089ac4d52417edf019ca014370fe7e,delivered,2018-02-14 00:14:20,2018-02-14 21:35:33,2018-02-15 16:27:40,2018-02-23 15:06:33,2018-03-09 00:00:00
7aac44d0de12f13cf2a5f9235a5a9e37,f946014b2c77923f0a5a49360495e1aa,delivered,2017-11-24 06:55:18,2017-11-24 07:12:46,2017-11-24 21:17:02,2017-11-28 00:55:34,2017-12-13 00:00:00
ccc8a619ee734c0cb3d63bb11c76e242,b7f33df2257f0341d8bdf7274e20ac95,delivered,2018-05-05 23:17:00,2018-05-05 23:33:21,2018-05-07 11:45:00,2018-05-12 15:16:41,2018-05-30 00:00:00
c0bae1d039f9f7459a21f5276b1127f4,618b2055e08e0d895e30f4483d48288b,delivered,2017-10-30 13:02:25,2017-10-31 04:27:19,2017-11-01 18:21:56,2017-11-08 19:05:05,2017-11-21 00:00:00
d20776b7190e9d5d49a3703226c4fd24,ad86ee88e13f543b00f6766c14b09496,delivered,2017-08-11 17:01:45,2017-08-11 17:15:18,2017-08-15 10:05:45,2017-08-24 18:13:03,2017-09-06 00:00:00
aaa2176c2eedbba6fb84a3d63e01f433,a3c04788d340d72fb7aa4a9f4f30453a,delivered,2018-08-04 19:20:37,2018-08-04 19:35:18,2018-08-06 14:10:00,2018-08-09 19:14:33,2018-08-15 00:00:00
1e7666fef7090957578fd3a4b58cf9ba,6b699449bde9b5ed80852b326ee283e1,delivered,2017-11-24 10:32:08,2017-11-24 11:52:59,2017-11-27 18:22:18,2017-11-29 18:02:31,2017-12-08 00:00:00
cb803ef9c0e2f97215fed6bd31bdbd48,7938436cf9920e888ee599ba8d187e3d,delivered,2017-10-25 11:18:06,2017-10-27 09:55:09,2017-10-27 19:44:50,2017-11-01 17:44:35,2017-11-07 00:00:00
7e677096bfabeb8053d8383cfd3e2b14,ce24596c0ebb4ed78b513eabf4b92075,delivered,2017-11-24 09:23:56,2017-11-26 09:18:20,2017-11-30 21:26:55,2017-12-08 20:21:16,2017-12-18 00:00:00
b365901bc2db4d091bb644506af64afe,e486763e526dc24abee95cc496d9856b,delivered,2017-05-02 18:55:50,2017-05-03 11:43:06,2017-05-05 09:17:15,2017-05-15 08:47:35,2017-05-25 00:00:00
56d77c57f5ca7c1b0142b3c86d5e1270,b9349237d6d4254acb5717de7cd2f88e,delivered,2018-04-30 11:07:13,2018-05-03 04:15:16,2018-05-03 13:25:00,2018-05-07 18:22:24,2018-05-23 00:00:00
292d3c40e87d260ea28e83b76b5e352c,c8ace93dcc058d6488bc06dcc239421e,delivered,2018-05-17 10:06:16,2018-05-19 11:31:31,2018-05-17 13:47:00,2018-06-01 13:38:53,2018-06-04 00:00:00
ad1a49519124023cdc78cbbc0461de96,b0d3e675ce152152cecdfff5d160ff01,delivered,2017-03-22 11:59:58,2017-03-23 13:03:40,2017-03-24 16:16:56,2017-04-06 10:08:57,2017-04-20 00:00:00
1f9dc0f030a8df0f8a9d47545d7515a3,0faf52fb32003ad8ca5853afe236ac71,delivered,2017-12-16 21:29:20,2017-12-16 21:38:20,2017-12-19 20:57:57,2017-12-28 20:39:22,2018-01-11 00:00:00
7a02e7df1d0d04bdc231db72612d3b7d,907fcbad2850a96e6977ba9919b1e9bf,delivered,2018-06-02 14:07:35,2018-06-02 14:29:35,2018-06-04 14:18:00,2018-06-22 17:32:41,2018-07-18 00:00:00
d43470a53ea038b249664f2b6b7e48d1,1da26cb23f428136c4e46eba7ed28dff,delivered,2017-03-07 21:16:46,2017-03-07 21:25:16,2017-03-08 15:03:20,2017-03-18 09:13:46,2017-03-30 00:00:00
995daf9c525344acfdbc27f4da55f205,9d802974e9903d8f288f6a7c10b4cc59,delivered,2017-12-15 00:59:42,2017-12-15 01:10:31,2017-12-15 19:32:24,2018-01-06 00:26:42,2018-01-17 00:00:00
f1be668faf7b301d7b9269d0dcacda99,2d0a0a0cf5486b4ba0c20331304305e6,delivered,2018-03-06 18:38:23,2018-03-06 18:50:24,2018-03-08 12:58:23,2018-04-18 18:48:29,2018-03-27 00:00:00
4dd47e84e6b8ff4a63d0b8425e6d788e,96bbcbc8372c86da857d842dfda6bd72,unavailable,2016-10-06 23:49:18,2016-10-07 01:09:08,,,2016-11-24 00:00:00
f0304273901f4456f399fb058ae59c91,e117d517142ea33086258bd9a64584b1,delivered,2018-03-22 15:15:26,2018-03-23 15:15:19,2018-03-26 22:14:45,2018-03-28 17:20:39,2018-04-04 00:00:00
eb5ec5c3f7af64b7651a774a219a899c,47bc1dafb34cc8e3fad7b6c760d9a35b,delivered,2017-03-29 10:26:12,2017-03-30 10:45:12,2017-04-03 14:21:52,2017-04-10 06:57:52,2017-05-03 00:00:00
48d94e7406a8d5cbf7505590d86ff0ea,fef694d6112e17a6f7516f6c9852a15c,delivered,2018-03-22 11:30:05,2018-03-24 02:10:52,2018-03-27 04:18:51,2018-03-29 15:53:09,2018-04-04 00:00:00
6f634fcca0b64bdf097263da788326b5,50c402f660264706e3fd269d7607d730,delivered,2017-10-18 23:55:51,2017-10-19 00:14:21,2017-10-25 13:49:04,2017-10-31 18:42:38,2017-11-30 00:00:00
ce702ac732df2f01cb1dd548866ae56e,776c9eaa90ce902fedd2ff4aed3a4d40,delivered,2018-03-11 15:24:27,2018-03-11 15:35:40,2018-03-12 15:10:50,2018-03-19 16:44:52,2018-04-03 00:00:00
14819d9c6768f38817898f5c7ad3a8c1,06f355d031f6deeb98b30dfd39179442,delivered,2017-11-16 19:07:33,2017-11-17 03:50:42,2017-11-20 20:58:30,2017-11-29 18:17:21,2017-12-15 00:00:00
0ac7165ffdfae2004f48cf07156a3644,323660fcecc58704a6fac8faabbdd56b,delivered,2018-03-31 09:54:42,2018-03-31 10:10:18,2018-04-03 00:38:34,2018-04-27 19:30:49,2018-04-27 00:00:00
834545a0dc30bbf519e4d9c697eca0a1,b12a07131fc3b2e84833273255ed7f98,delivered,2018-07-04 18:50:37,2018-07-05 16:23:33,2018-07-05 09:36:00,2018-07-10 20:42:26,2018-07-26 00:00:00
8a8d6849ca8e15a0ef3c1daad1e76056,4cf7ca82e6a8dce7f133a986b20e82e0,delivered,2017-08-20 18:59:30,2017-08-22 04:05:22,2017-08-25 18:25:50,2017-08-28 20:32:43,2017-09-20 00:00:00
e9afde34823f289edc4598cfc1280a46,90b53c4322089e4d917669f55cd544f2,delivered,2017-10-18 23:23:35,2017-10-19 00:35:26,2017-10-19 23:05:06,2017-10-24 18:03:46,2017-11-07 00:00:00
44a4b28fae9dd152c7102f54dcd723b9,041e732946d597aa439b595a2def33f3,delivered,2018-05-29 14:36:50,2018-05-29 14:52:27,2018-05-30 13:46:00,2018-06-15 18:12:58,2018-08-06 00:00:00
2728c4c5805dc2b5f0d4aee36cfde5d1,fdc4b22c400f63c1ba8700d1b5a28422,delivered,2017-05-31 11:08:38,2017-06-02 04:32:40,2017-06-09 10:04:13,2017-06-19 18:16:09,2017-06-21 00:00:00
f0dd977ce2e419e687ed90ee8439b163,d2d34922fed7b3a54130c786b7cb0ecd,delivered,2017-11-25 00:18:58,2017-11-28 03:21:09,2017-11-29 11:46:48,2017-11-30 15:53:13,2017-12-11 00:00:00
66a112120b10c8ab5fa2e0b42f1c19d6,010714eb89c36dd92fee08385cc1dd6b,delivered,2018-07-19 11:52:13,2018-07-19 12:03:00,2018-07-20 09:25:00,2018-07-26 18:17:46,2018-08-09 00:00:00
a60d615fe2a3b8581bc633e0cb72bdc6,44bba1946549ecb0db3c04da76335842,delivered,2018-05-29 06:20:58,2018-05-29 06:35:14,2018-05-29 14:38:00,2018-06-19 21:04:39,2018-07-05 00:00:00
f5370142612f3aa9c1a437ba6eb45b97,6ef60f4d41c7d80a8bb7b0a986033508,delivered,2018-02-06 21:10:07,2018-02-06 21:29:43,2018-02-07 18:59:00,2018-02-19 14:23:07,2018-03-13 00:00:00
c8f14c24a3948d96d4022f50b14a0034,f449680b54a3012d3a608866fcab9fc4,delivered,2018-04-06 11:47:35,2018-04-06 12:08:59,2018-04-07 17:03:22,2018-04-19 17:03:57,2018-05-08 00:00:00
2c6cd2338f9bbc7b19f8177e89e633fa,8ad90dfef2848906ab9e9f32cc6a7f3e,delivered,2018-02-22 17:23:36,2018-02-22 17:30:46,2018-02-23 22:42:47,2018-02-26 19:47:20,2018-03-08 00:00:00
010efe60bdadc9261d1902f3c1dda5f3,ac950cebc3bfe72c92a3768b6e8d3856,delivered,2018-06-07 16:46:09,2018-06-07 17:00:52,2018-06-08 17:32:00,2018-06-15 20:38:39,2018-07-17 00:00:00
c8310ae899dc9ca256b06db4c50d814c,6349bac6983ada14372447933f33f8d4,delivered,2018-04-18 18:48:21,2018-04-18 19:12:26,2018-04-23 18:48:53,2018-05-02 19:33:41,2018-05-21 00:00:00
2418eec7948d10d05ec9a51308920227,06731a4123e5f778f31f5f4f027bdf38,delivered,2018-07-29 06:13:03,2018-07-31 03:44:42,2018-07-31 13:06:00,2018-08-10 23:08:40,2018-08-20 00:00:00
38049f7cb174ee5bf87607cb18f68f7c,0f8cf6e537f66903d4e25155cd966fc4,delivered,2018-05-31 11:04:10,2018-05-31 11:35:00,2018-06-01 13:19:00,2018-06-12 21:51:26,2018-07-05 00:00:00
4da788e62b434b077a87840fe701ddc1,e54e3844cf0843ef99fc1d126b3cfbaa,delivered,2017-09-09 11:36:29,2017-09-09 11:50:13,2017-09-12 12:22:47,2017-09-18 22:16:56,2017-10-03 00:00:00
60aec6169cd58ab43ca809bcb169082a,690f9f1b864ed6712a50a3d444c224a0,delivered,2018-07-06 16:57:08,2018-07-06 17:41:01,2018-07-09 12:26:00,2018-07-13 20:48:31,2018-08-01 00:00:00
2b5781efb507c8378a255ae14c8661fd,c72587dc6e065173c3996a7dd71a1bb7,delivered,2018-03-26 22:56:14,2018-03-27 22:55:12,2018-03-28 21:12:48,2018-04-02 22:33:00,2018-04-13 00:00:00
8a20162c1b120bf3cb5ebc263197504b,f8159d7bc74badfc1eb4b44b54b99685,delivered,2018-05-01 10:44:52,2018-05-01 11:17:12,2018-05-03 14:19:00,2018-05-10 14:16:40,2018-05-23 00:00:00
66d494f1ba392f6f1538dd344dc22a3e,375b5ab5edbb2f6dd15ebf6a19a32f55,delivered,2018-07-22 21:51:24,2018-07-23 12:31:57,2018-07-23 14:16:00,2018-07-24 21:28:43,2018-08-01 00:00:00
b1d88d1e4179448cac98b8d433e23316,65d08e2bfce2c91a832885c4995025de,delivered,2016-10-06 15:14:09,2016-10-07 03:14:14,2016-10-26 11:51:17,2016-10-27 12:27:36,2016-12-02 00:00:00
49bcc1ace70cb046d87e21636d05f090,6c2c33cdb59d110257017b087f67a883,delivered,2017-11-17 10:21:48,2017-11-18 10:27:25,2017-11-21 20:05:14,2017-11-28 00:12:52,2017-12-07 00:00:00
12bde787c7633ad4340885ee9f97e373,106bb5c55fd1ac8a056aad6c583ff3c0,delivered,2017-06-18 23:19:13,2017-06-18 23:30:13,2017-06-19 21:35:30,2017-06-27 13:39:53,2017-07-07 00:00:00
fb0a2d22a8eaaf038ae2f81e2174c16b,84f5d3a24b209b85ef5b5b91d0830892,delivered,2017-04-27 19:11:28,2017-05-02 23:32:15,2017-05-04 06:55:16,2017-05-16 10:26:01,2017-06-02 00:00:00
cf3089965e7fe7e02e86563c98a01ff4,4a505688cbfaf6d868261d49b7dde27d,delivered,2017-02-07 00:31:15,2017-02-07 01:05:44,2017-02-08 08:37:38,2017-02-13 11:41:49,2017-03-02 00:00:00
11d963f9aaaf7e748ae831e7ad75775b,fd925126e9d64daa5c4fe1b71eef2301,delivered,2018-04-13 10:39:29,2018-04-17 05:55:36,2018-04-24 23:32:17,2018-04-25 15:42:03,2018-04-26 00:00:00
a82a9910091bbd74264907d2371969e4,1d94030c35618145495d21fff4a63093,delivered,2017-08-13 10:13:56,2017-08-13 10:25:12,2017-08-16 13:22:23,2017-08-28 19:24:30,2017-09-15 00:00:00
f9c269acc160c9147022a141b439c35d,fab59400cf030d7128249541b171bede,delivered,2017-11-13 08:53:34,2017-11-13 09:06:35,2017-11-16 22:34:43,2017-12-01 17:27:40,2017-12-01 00:00:00
fa42976ec498a7a192277e10b1706a5f,2ac74984a4df56e59f8b0a0703c856bd,delivered,2017-03-18 10:53:14,2017-03-18 10:53:14,2017-03-23 05:12:17,2017-04-06 13:53:11,2017-04-12 00:00:00
3153bab115709bfda1319a48a1690344,f6f0fc549a0af9b20798a1b8869f81de,delivered,2017-11-23 23:54:53,2017-11-24 00:50:51,2017-11-24 20:38:50,2017-12-04 17:53:13,2017-12-14 00:00:00
ed130013de4053d7678825d4d8e7deb1,fcae9bab891c06e469b167898af43631,delivered,2017-11-01 00:43:33,2017-11-01 00:55:21,2017-11-01 18:13:00,2017-11-03 15:53:07,2017-11-13 00:00:00
bf27902e7735a428c81f52189dec50e4,c1303e80c0dfcacc9bba320dbb7421d5,unavailable,2017-11-29 17:42:13,2017-11-29 19:16:56,,,2017-12-21 00:00:00
3d44f7b0d44056fcb488f7d2fd22e820,9d46b89032f34a48706407829dbb55b5,delivered,2018-01-06 10:44:19,2018-01-06 10:57:22,2018-01-08 16:08:23,2018-01-19 22:23:08,2018-02-07 00:00:00
fe1c1fccd493681d4ab9f8f2a70faac1,732d12b3439d0268aa47b42fddb41110,delivered,2018-04-11 21:45:42,2018-04-12 08:32:30,2018-04-12 18:19:17,2018-04-14 17:20:57,2018-04-26 00:00:00
1aefa599718889d91d33240e5b8eb62e,6a42e10379280f1290c9d5cfbe39b3f4,delivered,2018-03-23 11:43:24,2018-03-23 11:55:30,2018-03-24 00:07:49,2018-04-02 22:07:30,2018-04-18 00:00:00
4b2574ecd0e648e5360a7030c0ace020,6b277a80ea339bf94a36c9fbd7effd80,delivered,2017-03-22 09:11:11,2017-03-24 02:44:21,2017-03-27 12:47:30,2017-03-29 12:27:51,2017-05-15 00:00:00
125976e5bb61accc5b6c27bc74f08d49,4af27ef16391994086f52893df7af6ce,delivered,2018-04-17 23:17:15,2018-04-18 23:11:21,2018-04-25 08:14:00,2018-04-28 21:14:27,2018-05-08 00:00:00
d9554774d0c090aecdde8498be40f246,50693b901fe3758bc5bc099d9c25cb08,delivered,2018-05-04 01:12:21,2018-05-04 01:32:03,2018-05-04 13:51:00,2018-05-11 21:20:03,2018-05-29 00:00:00
84a1e5108acf2786feaa63a12cdf0c09,6b5f177df1eeee9358cffadc5b8c39c7,delivered,2017-10-25 12:23:46,2017-10-27 03:10:28,2017-10-27 18:51:29,2017-11-07 19:52:03,2017-11-23 00:00:00
8b3897d09733e44ebef690b9a5874687,efebca775f599b79db1a0bdbd4a1b052,delivered,2018-01-05 15:16:29,2018-01-05 16:12:26,2018-01-10 21:35:35,2018-02-01 15:52:33,2018-02-16 00:00:00
777d025bd646af7e0278d6fb3c51a0f3,ed14f907e34a7cbb38e34cbcfbbbd162,delivered,2018-06-17 08:27:35,2018-06-17 08:35:12,2018-06-18 13:42:00,2018-06-19 16:38:35,2018-06-28 00:00:00
f001655c8c646cd1b5185bbc2e7534f3,ce210e14256d0dea4b6b487c2ed032d0,delivered,2016-10-04 23:45:54,2016-10-07 16:37:42,2016-10-21 16:25:22,2016-10-24 16:25:22,2016-11-28 00:00:00
ee567d609ba6619c4d47735b2d4a5c1e,acac59dabcd67c2ee8e805864fe3e352,delivered,2018-03-11 23:15:51,2018-03-11 23:28:41,2018-03-12 17:58:36,2018-03-23 01:15:48,2018-04-09 00:00:00
37c4b7482cfdefce314280ba93d718db,a66bf567f44cbe933a27026b623c7fff,delivered,2017-10-14 09:11:45,2017-10-14 09:27:19,2017-10-19 18:47:01,2017-10-20 18:47:46,2017-10-30 00:00:00
fb6fd490ceb962cb59053987c9401e81,7435cb35064fcb752f79c20725c1dec9,delivered,2018-05-10 21:33:51,2018-05-10 21:51:15,2018-05-12 08:02:00,2018-05-25 19:51:10,2018-05-29 00:00:00
f7096fe5a9e5f6419f1db02fbb378513,abc8fcb5f9ea7fe84e37cdeb8a7d7960,delivered,2017-02-17 10:48:38,2017-02-17 11:03:30,2017-02-21 13:07:17,2017-02-22 09:54:41,2017-03-16 00:00:00
c52e36e2085e582629bbed918fd61c36,3ddb606fa3401cc833074f9b772a8bae,delivered,2018-03-01 09:56:31,2018-03-02 02:10:13,2018-03-03 00:21:26,2018-03-11 18:48:38,2018-03-20 00:00:00
ed5ca6f65d3f6aef9523179820d7e294,2e4c173d35537383c79b271ff5144a8d,delivered,2017-10-30 18:36:54,2017-10-30 21:31:36,2017-11-14 15:53:45,2017-12-09 19:04:59,2017-11-21 00:00:00
502d64f8c5d21236249b9696338751f9,508725a208e122d97b52dfeabf0a0d06,delivered,2017-03-21 16:07:36,2017-03-21 16:07:36,2017-03-22 13:04:27,2017-03-28 13:56:09,2017-04-17 00:00:00
1ce43b051dce1e2139a29c0b64b5df53,ccdcad079f5bfbf08e7b419abac8aca0,delivered,2018-06-30 22:15:53,2018-06-30 22:30:06,2018-07-03 13:49:00,2018-07-11 17:56:25,2018-07-31 00:00:00
4b0a33a52d3bdc952ebd0a2c5df9775b,b80eb4b2239dd384e43dbc22ab6b3446,delivered,2017-03-28 09:09:37,2017-03-29 02:10:56,2017-03-29 09:47:52,2017-03-31 12:31:44,2017-04-28 00:00:00
9db3045b1374d5f2d301c412081ab1ee,5fab7785cdfea700ae1362b2c9c3d697,delivered,2018-03-16 23:42:40,2018-03-17 00:49:26,2018-03-19 19:12:05,2018-03-20 19:57:44,2018-03-28 00:00:00
fcc13f1fc01aacaf59da3b5bbc2e1b9e,1286872c3c0be0909184f3a1056a7471,delivered,2018-05-10 12:11:39,2018-05-10 12:31:45,2018-05-11 15:03:00,2018-05-16 16:12:09,2018-06-06 00:00:00
115cf7c242febcbed832ad6d631db40e,aa7aba441952b013edbf055028d6e7dd,delivered,2017-05-11 00:08:39,2017-05-12 02:45:08,2017-05-15 12:08:27,2017-05-16 09:47:48,2017-05-26 00:00:00
11567da1255df80bd6deecd416bdf9bc,d725d18078e7d5c5270427fb8a12da06,delivered,2017-12-06 17:56:10,2017-12-06 18:08:25,2017-12-07 20:42:15,2017-12-23 11:50:18,2018-01-08 00:00:00
c5f520f0bbd21e5f3efd20f7b57a0eb9,c4f6e2a634a982d2b461c66925923b86,delivered,2018-01-07 00:11:20,2018-01-07 00:19:29,2018-01-08 21:29:32,2018-01-12 20:44:06,2018-01-31 00:00:00
6bf618a21a2462c8f05285526a277d36,edd6171703fc6fc604b060121467683b,delivered,2017-11-28 14:37:23,2017-11-28 15:06:42,2017-11-29 20:24:57,2017-12-12 13:57:01,2017-12-21 00:00:00
e29f9529525910e5629fdf7a2e569dbf,64b84651f1893e87834bad15469dcbb4,delivered,2018-04-18 11:26:25,2018-04-18 11:36:21,2018-04-24 22:03:45,2018-05-02 22:33:34,2018-05-14 00:00:00
14056bdb3b58bc2fc12639eff5279f87,c9221b133567f217e40a7d5710ddb009,delivered,2017-05-27 14:36:07,2017-05-27 14:45:11,2017-05-29 12:57:42,2017-05-30 15:55:02,2017-06-09 00:00:00
131c6bd0b11c3fc93c3c8dbe45f317e6,6ea2b66604e1b20a26837742dff50729,delivered,2018-04-20 16:08:48,2018-04-24 17:37:23,2018-04-23 19:51:22,2018-05-14 20:08:52,2018-05-22 00:00:00
439ab8085bdfb0a6b28f93db1b95435f,3a5f172e34a641517b8d79ea8186bed2,delivered,2017-05-03 15:14:42,2017-05-03 15:30:09,2017-05-04 09:08:18,2017-05-07 14:11:56,2017-05-24 00:00:00
f046579c38fc520955aa572d052cbd3c,57b8c98c3285757f4ab2cb9dfef9ba6f,delivered,2018-01-09 00:15:58,2018-01-11 03:09:08,2018-01-11 18:13:22,2018-01-15 23:19:25,2018-01-30 00:00:00
554cbf18e8119324dbc359cfdc4c434f,dcf7e8c2e4b16543475bb55a8c6bee05,delivered,2018-02-10 14:40:28,2018-02-10 14:55:29,2018-02-14 20:04:48,2018-02-24 02:11:35,2018-02-26 00:00:00
ecc1c9496493aa972c7bc40d94b2a460,665e2a5d260aa9d1c63dfbbd823f318a,delivered,2018-07-26 14:16:06,2018-07-26 14:30:59,2018-07-26 15:30:00,2018-07-31 14:21:06,2018-08-20 00:00:00
7dbd3edac8e390bcdc58a0760d1ad229,434dee65d973593dbb8461ba38202798,delivered,2018-03-13 21:13:52,2018-03-15 03:29:34,2018-03-16 16:04:23,2018-03-19 22:03:31,2018-03-23 00:00:00
8d8fe1ce7c12058c8405c96cc799d490,f9bb24650e7c9a98b432ac070e5e54b3,delivered,2018-08-13 21:33:07,2018-08-13 21:45:14,2018-08-17 13:29:00,2018-08-23 18:13:35,2018-08-30 00:00:00
1171e6b0edcd799330be154f3dc4d93b,5e2e02c436037fe3e24aae199cfef092,delivered,2017-11-28 12:58:19,2017-11-28 13:06:36,2017-12-04 20:19:31,2017-12-15 00:42:53,2017-12-21 00:00:00
42f42f42e7e1be68ce691280f140b2b6,63bb651df1ecc3911737bf73a6cf1abe,delivered,2018-03-28 14:43:02,2018-03-29 03:15:20,2018-04-03 23:05:15,2018-04-05 00:52:51,2018-04-10 00:00:00
1a2056a1d6e8db71b7d777ec36f9b1b5,edbf34fcaa884cdf4d538f44c818400e,delivered,2018-06-26 10:00:14,2018-06-26 10:17:55,2018-06-27 09:28:00,2018-07-12 19:51:29,2018-07-30 00:00:00
562baadf62ec31ef06e54f4a324aeb26,9abee80b8c706a980bf5714cea5ae673,delivered,2018-03-25 15:12:04,2018-03-28 12:35:23,2018-03-28 21:39:35,2018-04-09 17:54:36,2018-04-20 00:00:00
a0155cdb8a6185bec753ace7d2a7453a,77d7671f7d3cf078a7425fc3e3890b86,delivered,2018-01-06 11:34:28,2018-01-06 11:47:53,2018-01-08 20:09:44,2018-01-10 18:05:51,2018-01-24 00:00:00
5bca61e411c4fcce08327a8efc371911,ffaded93e5a1fce06363cfb6905676a1,canceled,2018-06-13 20:52:10,2018-06-13 21:20:38,,,2018-07-11 00:00:00
ac17f36b9ec35c47dc44e96558d33dc7,4c99e4d80794cc4520af0b07913b4d6e,delivered,2018-07-03 10:00:13,2018-07-05 16:27:11,2018-07-04 08:00:00,2018-07-11 01:29:34,2018-08-06 00:00:00
6997560e71f5b7034a1d4fdb2c3ce436,6a52aaed4fa454e435066d8dd2a8ff07,delivered,2017-10-23 10:41:24,2017-10-23 10:56:31,2017-10-24 19:37:56,2017-10-31 15:53:38,2017-11-28 00:00:00
c1e4bdeeda1ce8c91f4c71b977fca35f,5eed151c17bc7c0694de6537f9335cce,delivered,2018-04-11 14:21:41,2018-04-12 08:32:29,2018-04-21 02:42:40,2018-04-25 02:05:26,2018-04-26 00:00:00
09bc338a4e0ae30bcaebd7f1a2c6d3ea,fd6cb3847c2b08afa9142a20fa40d141,delivered,2017-12-18 08:42:33,2017-12-18 09:52:14,2017-12-18 23:28:07,2018-01-09 00:14:33,2018-01-15 00:00:00
f503aacd1a63ecd176fff5aa5e0eadfb,229a694659aaccf853a865489c161422,delivered,2018-08-19 09:17:36,2018-08-20 11:10:12,2018-08-20 17:15:00,2018-08-21 13:45:35,2018-08-29 00:00:00
404427f6508b6a779e273ad67a7ba350,a585bc2d80028318b3edc2347f3c4277,delivered,2017-10-11 20:17:39,2017-10-11 20:28:22,2017-10-31 09:17:05,2017-10-31 16:42:49,2017-10-30 00:00:00
e813b971361575cd2511e900b7003c34,7caf8d2cc7be433b0cb29b6e2db1853e,delivered,2017-09-01 00:03:50,2017-09-02 02:50:26,2017-09-04 15:44:49,2017-09-14 17:42:22,2017-09-28 00:00:00
b6f243cc1d05e11375858c88a032ac32,b833a0f7fdd8acded6c8759924e62100,delivered,2018-02-26 23:06:10,2018-02-26 23:15:40,2018-02-28 16:47:43,2018-03-05 18:19:05,2018-03-16 00:00:00
f75517cfb973c21eab8559a870263794,cabb8af06c1bc856f52368fd7772e41f,delivered,2017-07-04 19:48:21,2017-07-05 17:42:57,2017-07-07 13:11:21,2017-07-11 20:27:58,2017-07-27 00:00:00
f5cd3f99caf11d1cd93c5b92e3e49d08,ea965278d1e4355a08cda8f497ba6638,delivered,2017-06-05 19:43:36,2017-06-05 19:55:18,2017-06-06 16:18:32,2017-06-23 11:22:50,2017-07-14 00:00:00
387ec4e22c1949a34d31106d809641e3,10393ebe49b1afbc4ae8a0d428d051dc,delivered,2018-04-13 10:09:33,2018-04-13 10:32:31,2018-04-17 14:48:47,2018-04-19 00:12:40,2018-05-08 00:00:00
44a69f8dbbaad732136d9575edb10295,43af39a59de7efb1a6eaea5cfa1b099e,delivered,2017-03-01 14:10:25,2017-03-01 14:25:09,2017-03-03 14:24:04,2017-03-10 06:09:04,2017-03-20 00:00:00
b9b51e569a2e79970555eb81107eb369,00f3b3a7cd0b6566435090c7fbda03a2,delivered,2017-01-22 17:27:57,2017-01-22 18:31:03,2017-01-23 11:57:55,2017-01-30 13:24:40,2017-03-02 00:00:00
cf6aa522d7b94b77f266075aa45f99af,83852335a70d85c548df6ba004ba9cda,delivered,2018-04-11 11:48:05,2018-04-12 08:15:12,2018-04-13 18:05:04,2018-04-20 00:11:14,2018-04-27 00:00:00
97c0b85c5bae37b717f76b868014a84c,2ada891c6d3c77be7c6cee36bd6605c9,delivered,2018-04-25 09:10:19,2018-04-25 09:33:12,2018-04-26 13:37:00,2018-05-16 21:53:27,2018-05-23 00:00:00
5c1dc3166a68eae4b915e66bd625fd10,1cf2f472e1fa4f84dc3f3cf379c155b8,delivered,2018-05-05 20:33:46,2018-05-07 17:56:43,2018-05-08 12:44:00,2018-05-11 22:07:26,2018-05-28 00:00:00
9719424249e7b0776d415cf169792da7,476c004348f7706c7b3fe723356e0713,delivered,2017-02-23 14:44:23,2017-02-23 14:55:24,2017-02-24 19:37:49,2017-03-08 16:47:54,2017-03-16 00:00:00
a9e0a6c6c03e55d8c372293aeacfefbf,b82414c7fa7d450ef1dacdcc8ce7da04,delivered,2018-05-13 19:09:21,2018-05-13 19:34:06,2018-05-14 14:22:00,2018-05-16 00:11:31,2018-05-22 00:00:00
ac120c30a7e66371f0ff851dfb709eef,93c2b53461f9504845db7db24d5e942d,delivered,2017-11-17 07:20:13,2017-11-17 07:30:26,2017-11-17 13:38:38,2017-11-25 13:37:37,2017-12-18 00:00:00
1e8485e2c6ab027bc875dc4715c72c10,4d67a7b61ede514ae635c63420e169dd,delivered,2018-03-25 22:13:15,2018-03-25 22:28:15,2018-04-03 21:35:50,2018-04-10 15:44:55,2018-04-13 00:00:00
40ea731f6fa10cf721b503b64f3b178e,56db056a50c2c0e00ecb1a9f15d92ce0,delivered,2017-07-18 08:52:43,2017-07-19 07:10:14,2017-07-20 18:46:36,2017-07-28 16:04:35,2017-08-08 00:00:00
41be20762988289839be27508848b8ef,9b62e9f3bd76021066cd9bbfb2859c62,delivered,2018-04-27 10:34:29,2018-04-27 10:52:02,2018-04-30 10:59:00,2018-05-04 21:08:26,2018-05-25 00:00:00
6f20f9a24b084da22b90cb7a0950e43b,01874b138de5f4447517558ca0d1a3b9,delivered,2018-06-04 21:46:21,2018-06-06 02:54:04,2018-06-06 13:02:00,2018-06-09 17:18:29,2018-07-05 00:00:00
c2ebe69807422446d5e8edb2060da5e9,63f9f01b26b742afbd95beb988883c52,delivered,2018-03-05 03:46:04,2018-03-06 03:50:56,2018-03-08 22:18:31,2018-04-04 19:47:59,2018-04-17 00:00:00
53d5e4affad7b33468d44e8eba9b55a4,09d1176d20540efe9ec72d34902ca493,delivered,2017-11-11 18:49:17,2017-11-11 19:10:18,2017-11-17 20:27:00,2017-11-28 21:09:15,2017-12-08 00:00:00
67f693e898f3412e68ecfa0035a3b0e2,67293e4e7a70200b4c6cea94ca955442,delivered,2018-08-24 09:41:37,2018-08-25 02:45:16,2018-08-27 15:18:00,2018-08-28 21:21:57,2018-08-29 00:00:00
6e4008bddce63615856554f94e5233db,866b8000cd92edc48a379e9672976d05,delivered,2018-06-24 13:59:43,2018-06-24 17:18:27,2018-06-26 08:42:00,2018-06-29 14:35:31,2018-07-12 00:00:00
41498083868bfdab3ed24190348d1929,e5679d11d9af9e08cce677c25c832ce1,delivered,2017-08-29 11:12:27,2017-08-29 11:28:15,2017-08-30 16:20:14,2017-09-11 19:37:38,2017-09-20 00:00:00
20bb11438e00e6aeee1f68f34995c000,886e8ae88a209bcadbfbd22a87ea6884,shipped,2018-03-04 15:39:33,2018-03-04 15:50:36,2018-03-05 19:41:41,,2018-03-21 00:00:00
8564eda5247ce8353cdf36e0ccd2f2c7,34767d7c5bd566155efa60611cd0d56b,delivered,2018-03-19 20:38:33,2018-03-19 20:50:36,2018-04-16 16:17:17,2018-04-24 23:32:36,2018-04-19 00:00:00
0480beb27028f701542a144a9882a0f4,d027af2c30c18381b9e2519b5b95c701,delivered,2017-08-29 12:27:04,2017-08-29 12:45:49,2017-08-29 23:02:55,2017-09-08 19:32:19,2017-09-20 00:00:00
85d1148753005c76a785628b87effc27,dc506bc54446dd02ee6539268d7a6a23,delivered,2017-09-14 20:46:41,2017-09-16 02:50:36,2017-09-18 21:10:36,2017-09-22 18:04:43,2017-10-03 00:00:00
ca8862808b07015785a10db067bb138b,47484fc268dc9ae2936efec8aad5721d,delivered,2018-02-24 12:37:05,2018-02-24 13:20:18,2018-02-27 01:57:37,2018-03-10 17:03:20,2018-03-23 00:00:00
7748ff99ce730984ae58e28b2573feb3,e73222883f05cc599adf2c327970e3b1,delivered,2017-03-21 11:59:10,2017-03-21 11:59:10,2017-03-23 08:42:41,2017-04-10 15:33:04,2017-04-12 00:00:00
76c943bbe1ddef57ebe9e810f1c108e6,20f702c2259af2ba44a9bde3ecaaeb27,delivered,2018-08-17 22:06:17,2018-08-17 22:15:13,2018-08-18 11:34:00,2018-08-21 18:26:41,2018-08-31 00:00:00
2eb25d32344f7fc22c7d52e33110bd51,72d6ea9753dc6ff3c78520f034de713f,delivered,2017-12-19 11:42:02,2017-12-19 11:54:51,2017-12-21 20:48:36,2017-12-26 20:35:40,2018-01-08 00:00:00
36c2f882bdb22101a7491e871578f15e,b37cd67ab24fa3689988c3ee1e1c4cf0,delivered,2018-07-20 16:13:31,2018-07-20 16:25:21,2018-07-23 14:08:00,2018-07-27 14:28:54,2018-08-17 00:00:00
15e0c6109167c1c2789e0bc78ddaa70a,45d1da7decf573a4b607172ed4b1435e,delivered,2018-05-14 19:56:23,2018-05-14 20:10:02,2018-05-15 12:41:00,2018-05-21 18:21:30,2018-06-01 00:00:00
54e52b3d64eaadee5422554c2f2a7056,faff7a9ebd3cf671ce836dc47a1daec2,delivered,2017-07-06 14:05:13,2017-07-06 14:23:40,2017-07-13 20:52:10,2017-07-20 17:33:07,2017-08-01 00:00:00
b9a422aebaeb3396ee0b761b10c0cc08,b24e1d90e8595b3864e7e462ed85e0ab,delivered,2017-11-26 14:43:00,2017-12-06 11:14:49,2017-12-08 12:18:49,2017-12-18 09:46:40,2017-12-27 00:00:00
4ecf494be87ee7b768460fcbcd0389c8,c9bdc48300c66ba95c1e5839d8b4a26d,delivered,2018-01-20 20:49:46,2018-01-22 13:58:43,2018-01-23 11:29:11,2018-03-09 22:02:57,2018-02-21 00:00:00
ed5a9c5e96b1ba30cb34c6c31113cd9a,51b72fc59e69abf2c4588e70520800b4,delivered,2018-04-10 14:37:05,2018-04-10 14:51:09,2018-04-11 17:04:50,2018-04-27 18:16:41,2018-05-16 00:00:00
a2e14f1ab697212b9fce0b21d178a549,25cbfaec7f0205546df52d98b9d7008d,delivered,2017-02-23 14:07:48,2017-02-23 14:21:54,2017-03-01 16:14:03,2017-03-17 10:48:41,2017-03-27 00:00:00
36261909efa8e717bcc65fa801b86949,bbda665f56b076dcbf90bb5885f88e64,delivered,2018-04-09 15:22:31,2018-04-10 15:30:49,2018-04-13 15:19:15,2018-04-13 23:27:31,2018-05-07 00:00:00
fda166699a8b8396eaf3b8569a431817,a41d47b5edfeb4f27db1137d89f83857,delivered,2017-06-30 18:57:54,2017-06-30 19:10:11,2017-07-03 11:48:50,2017-07-12 18:42:25,2017-07-24 00:00:00
f3e4f61152aed686fbbb83e794cc246d,5e6e0e06c988f485293a7341c8e21871,delivered,2017-10-22 11:29:22,2017-10-22 11:45:21,2017-10-23 17:43:18,2017-10-24 20:34:01,2017-11-03 00:00:00
98e59e5a0098396c95ba134fd92c2a30,d581cc16c2132da59f81791d5672bb5e,delivered,2018-05-07 18:53:27,2018-05-09 03:11:36,2018-05-11 14:38:00,2018-05-14 17:37:57,2018-05-18 00:00:00
40db427de195f02042ceecb84dfaa2f1,65f71802835e673eb8aacfcbc2d03cea,delivered,2018-06-11 10:16:35,2018-06-12 08:41:58,2018-06-14 12:39:00,2018-06-18 18:37:45,2018-07-05 00:00:00
3df55fc07ff463109ce0422439693aee,795053583923996fa8e06ebf88981274,delivered,2017-09-03 22:36:56,2017-09-04 02:31:39,2017-09-04 21:50:02,2017-09-06 17:19:05,2017-09-27 00:00:00
c3be15258fc4adeb2c7569983b4afb99,06c2c1e92714f3fe285f962909a59c15,delivered,2017-09-19 15:31:55,2017-09-20 02:30:21,2017-09-21 20:36:03,2017-09-22 15:13:20,2017-09-29 00:00:00
40a59440b8edfb3c3b493a7df101a0ac,c320b2d7c4d59481ab82858524fd7758,delivered,2018-02-20 22:23:33,2018-02-22 02:10:43,2018-02-22 19:07:52,2018-02-23 22:28:59,2018-03-06 00:00:00
d8c8bece281c5226428ab03f72ae8416,9e17dac452c8ff31056ceb4e669a9aac,delivered,2018-08-12 18:19:12,2018-08-14 04:44:19,2018-08-14 17:01:00,2018-08-16 18:03:46,2018-08-28 00:00:00
070f721954fa2416856b2b30e3c3c341,5c15488d1970472a9bbcd68ac1468e33,delivered,2018-04-02 14:44:51,2018-04-04 03:15:31,2018-04-05 19:08:27,2018-04-16 16:47:40,2018-05-02 00:00:00
5fdcee361d689906697597a4415711b2,fcfcb8bcd054a54262f2698d0e9c4a3c,delivered,2017-12-14 15:16:50,2017-12-16 02:35:31,2017-12-18 19:07:02,2017-12-20 14:48:36,2018-01-05 00:00:00
096ed3a5b211031b766db9362e5b5acf,6b09f371cf9b4dcdd97fe2e35600b5bc,delivered,2018-01-29 22:07:58,2018-01-29 22:30:15,2018-02-14 23:04:53,2018-02-22 18:07:52,2018-04-04 00:00:00
14c83cf4b7ec24cf5e5adc2b8917eeb7,a99c04ca7784d8b85d7b602f69105f1c,delivered,2018-06-15 22:34:14,2018-06-15 23:01:11,2018-06-18 14:23:00,2018-06-27 14:51:30,2018-07-30 00:00:00
8c37353173db5c03df9e813cfe9a9326,4f23a05be9055e4c60f0f4a6b9e688b4,delivered,2018-07-31 21:52:10,2018-07-31 22:24:19,2018-08-02 18:45:00,2018-08-23 13:37:42,2018-08-09 00:00:00
049fa9a29ba386943ccbd0954fe8b8a0,bb00108144109ccb3358a5de12232077,delivered,2018-07-03 08:35:57,2018-07-05 16:33:02,2018-07-03 17:14:00,2018-07-09 19:28:54,2018-08-06 00:00:00
651f3bc417a577611931ea497854b0d6,a031ec9f2684882b824fc8f227198da8,delivered,2017-12-03 17:31:07,2017-12-03 17:52:14,2017-12-05 23:59:49,2017-12-09 16:23:43,2017-12-29 00:00:00
299b68ba840c1126001409fd0c4011f2,a82ccd7c6196559e6f92fdd3978c034c,delivered,2018-07-14 10:23:33,2018-07-14 10:35:20,2018-07-16 13:55:00,2018-07-20 16:03:13,2018-08-02 00:00:00
d73caf75e86f5410db52767cb6784b5a,06ab0f3fbb09a950709ba3e1562aaa39,delivered,2018-02-16 12:58:26,2018-02-16 13:10:46,2018-02-21 21:03:46,2018-02-26 20:38:50,2018-03-09 00:00:00
4b41b73ec809497c577cc1f085ad38a3,0e884a28dccf5fb788d41bf954eb7b11,delivered,2017-08-02 12:23:46,2017-08-02 12:36:50,2017-08-04 22:12:20,2017-08-09 11:51:43,2017-08-16 00:00:00
5c6c792766bc857e0b5b1d22c5a963e7,0aee1a6ecae235be1aa484212d0cf261,delivered,2017-09-10 19:25:55,2017-09-10 19:43:30,2017-09-11 21:15:18,2017-09-15 15:41:52,2017-09-27 00:00:00
8bd3b0d275f7d6d8686ddb86f88a71f6,c1c43a59da4d71581ded4e06a39bb37c,delivered,2017-11-04 11:58:49,2017-11-04 12:10:49,2017-11-06 22:39:36,2017-11-27 21:02:25,2017-12-20 00:00:00
a3431bc7bf0a892e229628e8b300912f,5c4c50236df8d38af2d80b47660b6c3b,delivered,2017-04-30 11:08:55,2017-04-30 11:15:08,2017-05-02 16:19:35,2017-05-10 11:29:59,2017-05-25 00:00:00
e248283e6b8ba09b05efea1000d9478b,7283505b00797306818c085c6baf0752,canceled,2018-03-03 19:20:13,2018-03-03 20:00:25,2018-03-05 18:18:40,,2018-03-15 00:00:00
9b228d02d9abe567855fe2f934772858,e311c5cf7650f781ee140f998ebd8ae7,delivered,2017-08-15 16:22:54,2017-08-17 03:06:22,2017-08-22 15:05:19,2017-09-01 21:58:02,2017-09-06 00:00:00
de2c49d97356fa0fdc461064e86fe8f4,ac4164b96ade53e05878a89dd03026fe,delivered,2017-11-19 17:43:23,2017-11-19 17:55:27,2017-11-22 19:08:47,2017-11-30 19:34:49,2017-12-12 00:00:00
1fa463e9b5b2b6353d650ffa262c0a85,4d62a25334b6a4ea711e744217f4e274,delivered,2018-08-01 00:48:09,2018-08-02 05:30:47,2018-08-03 14:06:00,2018-08-06 21:32:19,2018-09-11 00:00:00
4247a3af0d215e63b216c45c7bafa881,0c4aa71dee29939b7e8c95cf38265ab8,delivered,2017-11-01 13:54:39,2017-11-01 14:31:33,2017-11-07 14:48:53,2017-11-09 19:36:39,2017-11-23 00:00:00
d5f9f12e76db82f85d145c5c5e5b9af6,815cfb5bd9e0d9b868ebbcce131b6b91,delivered,2017-10-18 23:22:46,2017-10-20 03:05:44,2017-10-26 16:10:08,2017-11-04 03:33:39,2017-11-09 00:00:00
5419ec6ed07e2abf375fd4dc0121db0f,ce1ed97f1894d3dea32038a11c51c29c,delivered,2018-01-09 16:36:05,2018-01-09 16:52:58,2018-01-15 18:36:56,2018-01-24 19:23:16,2018-02-07 00:00:00
ce89a61d7fb824d1eb7e05915b912a65,1728ec067e65bce5ecb559680e0d522f,delivered,2017-05-14 21:49:56,2017-05-14 22:05:15,2017-05-16 10:19:00,2017-06-01 12:33:02,2017-06-08 00:00:00
9980064d9817bacc9e261e7f5fcf3fe5,e30e0257e1c7189e6f6ba4ef151e717c,delivered,2017-07-12 06:48:11,2017-07-12 07:03:41,2017-07-12 19:08:19,2017-07-17 20:06:26,2017-08-03 00:00:00
7319bf0ded2ef22e7388002ce157a95a,2503901fe01cbd9dd73dd74547249c0c,delivered,2017-12-01 08:38:26,2017-12-01 11:31:11,2017-12-04 23:26:36,2017-12-08 15:34:07,2017-12-29 00:00:00
fcf77320278b491829c6e5d767a3f20d,7537ac8265339393d7a9fc8f4cfaf361,delivered,2017-11-24 23:15:52,2017-11-25 02:16:04,2018-01-04 23:29:18,2018-01-23 23:13:01,2017-12-19 00:00:00
892aed123dc5e539f403a022677fabc9,b6bbd7351823eef45c03a68842ad258b,delivered,2017-04-12 17:51:31,2017-04-12 18:05:09,2017-04-18 07:27:44,2017-04-20 10:33:29,2017-05-08 00:00:00
2286b145b395497c04386640eb5cb5cb,885dc8729f40ef52d15c2bad5121f7f3,delivered,2018-01-28 14:58:16,2018-01-30 03:47:30,2018-02-07 18:19:56,2018-02-20 01:25:06,2018-02-21 00:00:00
f1551636056618e77921de4bd2bb5e7c,5db50b538a063b7d3ebd5fbd6e6a756b,invoiced,2017-02-23 10:30:45,2017-02-23 11:32:24,,,2017-04-18 00:00:00
e93910bafae4cbaa0f18ae0d66959cc5,01678728396c1d107b1da8e70cd63423,delivered,2018-04-18 22:51:06,2018-04-20 07:15:15,2018-04-20 22:18:27,2018-05-04 20:58:45,2018-05-15 00:00:00
357f2ad2d9ea3e63b225cfee8ad3b2a1,7113efb0ff417de3c22fc3dec35f5b3c,delivered,2018-01-09 22:02:44,2018-01-10 10:32:05,2018-01-15 15:22:48,2018-04-19 13:52:37,2018-01-26 00:00:00
22a0171d3b34d1bec10991aed5e9c967,592ab18355a30e625333f04ded55ada1,delivered,2018-06-11 21:06:38,2018-06-11 21:40:32,2018-06-12 14:25:00,2018-06-15 14:25:36,2018-07-03 00:00:00
1e2ba87f41a055bed38add2031253060,c66ffb5f9613ff18092337063c5ea0f9,delivered,2018-04-26 13:46:45,2018-04-26 14:11:46,2018-04-27 15:00:00,2018-05-05 10:48:59,2018-05-09 00:00:00
bdd7791c89953f5d1128e2568c740d1c,ca5fd3ba988087514c3b50b8a8eaa893,delivered,2018-03-30 19:55:15,2018-03-30 20:47:27,2018-04-03 01:03:59,2018-04-04 19:55:46,2018-04-12 00:00:00
b0093da736b851f4cd1cea686d4b1018,c38a602a0cdae3a7a0241f9c8cb8efa1,delivered,2018-05-15 08:42:18,2018-05-15 08:55:26,2018-05-15 14:35:00,2018-05-22 18:03:16,2018-06-11 00:00:00
3b3ab957f687956e4ee543009c1434a4,ed03eee3635117f214c99693a5fd13aa,delivered,2018-03-25 20:05:55,2018-03-26 19:55:24,2018-03-27 19:27:00,2018-04-05 01:28:43,2018-04-18 00:00:00
59afc6ab0cf763fe395e0d2b44990904,c0175539ea180b6c5aee9342531b83af,delivered,2018-06-30 13:29:31,2018-06-30 13:50:24,2018-07-03 15:59:00,2018-07-10 18:18:25,2018-08-02 00:00:00
8206925809548e33715f60acff73aff8,0332d4009fc4c2bf2cd0e1baf01d9765,delivered,2018-02-25 16:28:01,2018-02-26 16:32:40,2018-03-02 20:58:38,2018-04-10 21:12:42,2018-03-20 00:00:00
7bb05074b041c44496d524b3ee0af913,c91fef07272ec4a56e1250dd6f5f6fdf,delivered,2017-11-28 12:00:43,2017-11-28 12:15:10,2017-12-16 15:38:59,2018-01-03 23:35:07,2017-12-28 00:00:00
4fd47db0e1bb9f59384ff16f8d533f80,bba44caabdf148a7ef93ab803e011c58,delivered,2018-03-14 11:47:59,2018-03-14 12:28:18,2018-03-15 16:46:36,2018-04-11 19:12:53,2018-04-17 00:00:00
f3dcf0d2824efde907e341ff4997f693,53e10cb176c40df632c8250f2f3e5880,delivered,2018-08-02 12:07:27,2018-08-02 13:15:15,2018-08-03 13:17:00,2018-08-14 20:52:04,2018-08-16 00:00:00
48ddd457f76f31a99e60ac8007bc8b28,97fc5244045c01b3cf813cb86e6376e3,delivered,2018-01-30 10:24:25,2018-02-04 23:31:38,2018-01-31 17:59:31,2018-02-08 14:18:48,2018-03-02 00:00:00
edeae57fd6bee25e030ac14863a6ae0f,019f5bb93ed18dd059051c3f81abe394,canceled,2018-03-27 18:28:20,2018-03-27 20:27:25,,,2018-04-12 00:00:00
92719473371fb9439b386d53d12470a8,5944fcd0423637dc7497ef10187e073b,delivered,2017-10-13 19:25:59,2017-10-13 19:46:38,2017-10-16 20:12:41,2017-11-23 21:13:07,2017-11-06 00:00:00
249e497dd267cc393437ed057a09386d,9186cee9edd4490ccff69671105cd36e,delivered,2017-05-02 13:41:42,2017-05-02 13:50:21,2017-05-09 07:47:57,2017-05-15 15:08:45,2017-06-09 00:00:00
5a122a24e535e617fb813c0123ab0783,649f8fbc25f8c08532804ebc4f962738,delivered,2017-05-25 18:54:03,2017-05-25 19:05:15,2017-05-26 12:26:44,2017-05-31 14:33:54,2017-06-19 00:00:00
23a2d8b0357730d4f9c50aa48773e9e9,96a603e45ac0094d6328d8856d9ff833,delivered,2018-03-18 14:49:40,2018-03-18 15:08:04,2018-03-23 00:56:49,2018-04-05 20:22:14,2018-04-06 00:00:00
98ef53f8c85f44d32822ff0b857e8a16,9250517f30bcca8bbc5c037376dc0be2,delivered,2018-05-22 13:57:00,2018-05-22 14:16:45,2018-05-23 14:46:00,2018-06-05 22:42:29,2018-06-06 00:00:00
b34ca5020c5aff14fad4fd0899fb1cfa,efa9ef2a1858d519d03521edb2d33577,delivered,2018-03-15 20:55:33,2018-03-15 21:10:30,2018-03-21 14:08:50,2018-03-29 16:54:15,2018-04-04 00:00:00
01d95eed9163a292a6788ddac08bcf31,8a0d726f209fe6181dfe3d5a64d75450,delivered,2017-11-08 09:54:42,2017-11-09 04:31:05,2017-11-14 11:29:03,2017-12-05 00:26:03,2017-12-04 00:00:00
e4eefb7df8e2eb496136dd767d0bf1f0,d6677eb4e4b2fcd67cdd5bd3d69934ba,delivered,2018-03-22 16:28:05,2018-03-23 16:30:46,2018-03-27 23:28:48,2018-04-03 20:18:28,2018-04-12 00:00:00
b0f913cb83681e8a8563b96b641b3e1b,5967895f1299e02b1b0cb7a8ef4a437b,delivered,2017-01-28 17:59:37,2017-01-30 11:33:35,2017-01-31 05:21:37,2017-02-07 08:58:13,2017-03-15 00:00:00
cffc3fce7450b2db5f6294229289299b,cb8186cfd73cbc13a805fb47169868b6,delivered,2018-01-13 12:04:27,2018-01-13 12:12:28,2018-01-26 20:04:15,2018-02-24 00:57:51,2018-02-09 00:00:00
3f35e6f6080a0f108570a0f177f8c2bd,288d54d6a596b42c55779d33d5d29ad3,delivered,2018-03-11 15:11:26,2018-03-11 15:28:03,2018-03-13 18:36:39,2018-03-28 06:32:57,2018-03-29 00:00:00
db19c4c4fc744a146595fee399782716,659cb33e6edd0d9fb97ade91ee88307f,delivered,2018-06-22 11:04:05,2018-06-23 02:20:08,2018-06-26 13:19:00,2018-06-29 15:42:06,2018-07-17 00:00:00
6078670865b8c6c400f6f7cdafd0d04d,11e05e395828a7317f3a8eac9ed1a7ea,delivered,2018-04-18 11:53:39,2018-04-19 02:35:25,2018-04-25 08:14:00,2018-04-26 21:41:43,2018-05-09 00:00:00
6c8f9d0a7003b8066a4a9569849c7cde,4250b80706838d41393b3f84c26c90e6,delivered,2018-04-04 23:56:55,2018-04-06 03:10:18,2018-04-07 11:53:19,2018-04-18 21:32:05,2018-05-07 00:00:00
5c5498d2fc63858d7ce6ba37c49bbbb4,9e112f2180e48b28884e9c87f1bd87a7,delivered,2017-08-29 20:39:23,2017-08-29 20:50:18,2017-08-30 13:16:25,2017-08-31 20:10:08,2017-09-18 00:00:00
bd1065a82272300e37b49a80d084a72b,862cb262660b6cf888db9260fc9ecfe0,delivered,2017-10-08 12:01:38,2017-10-10 03:56:21,2017-10-10 20:08:39,2017-10-25 13:42:34,2017-11-03 00:00:00
44dafc587781c6925a5f4f27e083d75b,d732ff67123cfb2dc0617ef875a5962a,delivered,2018-06-25 17:06:45,2018-06-25 17:33:59,2018-06-27 10:14:00,2018-07-05 20:05:45,2018-07-30 00:00:00
1b3e96e0d9948e7a2582e092b3ca9ac2,13afc7efd941dd829a73485c9ca3bdac,delivered,2018-06-28 09:17:04,2018-06-29 02:53:09,2018-07-02 11:15:00,2018-07-09 17:26:41,2018-07-30 00:00:00
333c2d7fa97da12f6523d992565cc8a7,19dd46b50be1aa6ad77ddb9191457a8b,delivered,2018-01-02 14:00:49,2018-01-02 14:08:04,2018-01-08 11:37:16,2018-01-10 17:34:28,2018-01-30 00:00:00
13ac325ed34b96835f8fed6e4db77a69,563efd05692357b476c05cf21186b991,delivered,2018-05-30 19:43:04,2018-06-01 08:51:53,2018-06-04 12:44:00,2018-06-11 18:38:19,2018-07-05 00:00:00
9752eb052b38b8f258d4547b4eed7e0f,32db84c9ddaa7c9f10a0d30151fb95a5,delivered,2017-09-26 08:05:15,2017-09-26 08:24:14,2017-10-03 14:54:03,2017-10-10 23:33:22,2017-10-18 00:00:00
9f738fc8b806bc3d86ccf78855e82eeb,38c97666e962d4fea7fd6a83e69f20cd,delivered,2017-05-05 19:08:38,2017-05-05 19:22:19,2017-05-08 15:39:35,2017-05-24 10:37:32,2017-06-09 00:00:00
58af2a09b442a8b28f672e56ad7154b5,3978b77bddb2776390f38dfa186891d3,delivered,2018-08-09 19:29:02,2018-08-09 19:44:49,2018-08-10 13:06:00,2018-08-11 21:38:48,2018-08-16 00:00:00
4d23a772e8fc588881020cd749f76c8f,3142d98ec0bda2129bacbddf0c8fdd17,delivered,2017-06-12 09:08:19,2017-06-14 02:25:36,2017-06-14 13:42:07,2017-06-21 18:35:23,2017-07-12 00:00:00
e4cbb88fcf9a02837b22b1f6f812a9ed,d875cdbfacf9d0e5aecaf6d2a9d77f9d,delivered,2018-07-27 10:49:59,2018-07-27 11:04:25,2018-07-27 13:29:00,2018-08-03 22:12:43,2018-08-20 00:00:00
b6514c762752f05a469fdd8ccac51455,b3e74e38611ca611c6568f94bf31d1d1,delivered,2018-03-06 17:31:36,2018-03-06 17:50:08,2018-03-09 01:37:21,2018-03-26 13:02:28,2018-03-28 00:00:00
3e9334d33c1e64167920675211fb1aee,86445cd94757169dd251d4052f7d0544,delivered,2016-10-10 14:20:38,2016-10-10 15:02:14,2016-10-14 15:02:15,2016-10-27 12:38:46,2016-12-06 00:00:00
9d3978b7f31f3af1566b7acab0b91a88,4a8ac693cb85efcc040094268f49d42e,delivered,2018-04-19 09:58:52,2018-04-19 10:12:02,2018-04-20 22:52:01,2018-04-24 20:47:01,2018-05-08 00:00:00
2889a938b438bbaf4701f63a2545bb3b,a4949b565894a3d5c85b947cc27148ae,delivered,2017-02-14 06:59:36,2017-02-14 07:10:09,2017-02-14 10:23:39,2017-02-21 16:17:52,2017-03-15 00:00:00
f1cd0985b47da7ca656177c7899c101d,ee40a771be7faec4ee507578a63b31c4,delivered,2017-03-25 15:33:43,2017-03-28 03:50:55,2017-03-28 11:42:54,2017-03-30 17:47:57,2017-04-17 00:00:00
7f92333dc738eb56ca3d3c8b53fa2eda,5adc6c741e2d12be2f0e28f39f406e3f,delivered,2018-04-19 08:21:37,2018-04-19 08:35:12,2018-04-23 18:08:32,2018-05-11 21:16:38,2018-05-15 00:00:00
71fb5cbef1b7743f40cfc5ba116ee448,2268d727e31908e4c2a280e18ffbec4f,delivered,2018-05-22 18:09:14,2018-05-23 02:15:39,2018-05-23 14:13:00,2018-06-05 19:09:36,2018-06-08 00:00:00
161735160c0ae1bd0f0b2407137b24b1,1dc4ec0fdc0b66efcf8874ccf7955197,delivered,2017-12-02 13:41:29,2017-12-02 13:53:21,2017-12-07 15:13:55,2017-12-12 18:52:43,2017-12-20 00:00:00
7a2caaaf6f039835babfdf9aea003412,67791ff8866a89d326226f73fa8eec51,delivered,2017-08-23 21:58:28,2017-08-24 22:07:37,2017-08-25 18:20:01,2017-09-19 14:35:29,2017-09-25 00:00:00
6e830b60dd5fb7763aad8df950ee3998,43765637ee2f45b91c03a18d71b06b1e,delivered,2018-04-22 07:23:36,2018-04-24 19:01:31,2018-04-24 19:57:35,2018-05-10 00:07:45,2018-05-21 00:00:00
b636703317e3a173ebe3770beda32aea,11c9730340dc403bf23bf523be47ed1d,delivered,2018-05-28 20:02:32,2018-05-28 20:15:17,2018-05-29 14:38:00,2018-06-18 13:47:52,2018-07-05 00:00:00
53815e4265210269cfb244e83a715fe8,8bf91721f97176a3e2a6f8a524355768,delivered,2017-12-06 16:47:11,2017-12-06 16:59:24,2017-12-08 20:56:59,2017-12-18 18:58:48,2018-01-05 00:00:00
e7af9428d8b5d65f0fd7d3eb98595308,f198681d09edbdab2cc9532cfbd58cf2,delivered,2017-09-30 13:19:25,2017-10-03 04:14:16,2017-10-03 14:52:46,2017-10-16 20:58:35,2017-11-06 00:00:00
203dfaee9b8175009f58d07065d8ee8f,6b05152bdc92e7134f747c0d0db61d37,delivered,2017-12-31 17:38:44,2017-12-31 17:48:20,2018-01-03 17:58:50,2018-01-13 02:07:07,2018-01-29 00:00:00
cf3c1e2bc533171445481ee9622691be,9a8b64d850b1680dc488d691a04e1448,delivered,2018-05-17 18:32:58,2018-05-18 00:37:26,2018-05-18 14:05:00,2018-05-21 11:14:46,2018-05-25 00:00:00
732016d12d4c4281c465b63da4e2ca8b,eb7974f6e6fc0aa156371c21e1c39873,delivered,2018-08-20 21:12:57,2018-08-20 21:30:14,2018-08-23 14:26:00,2018-08-24 20:14:49,2018-08-23 00:00:00
502324e1f5fe134521e73937bfc90320,f1602bb9e01d34a9beb5693c32f23016,delivered,2018-03-22 20:59:50,2018-03-22 21:10:34,2018-03-28 21:04:05,2018-04-04 18:04:04,2018-04-17 00:00:00
3863d44c3edaefd7c3da616211c0d936,a6e13122a50040141e00d70edca2e668,delivered,2017-11-11 16:28:18,2017-11-11 17:15:31,2017-11-21 16:22:15,2017-11-22 22:02:58,2017-12-12 00:00:00
7747943a54b29512ff1101e3881e5df9,d6fb0ffef6f30ad2e473857bc0f802bf,delivered,2017-08-10 19:58:16,2017-08-11 04:24:38,2017-08-11 18:20:03,2017-08-24 14:16:43,2017-09-01 00:00:00
920fed12ecbdfcba83b9a931f65b7f51,8f6ef193a19a395906a765c9ac8a1ce4,delivered,2017-09-10 20:48:29,2017-09-10 21:03:43,2017-09-11 13:23:43,2017-09-19 22:38:40,2017-10-03 00:00:00
d9a40c62c40151c4710705c2b92b4a50,deb19dc4202f498d4189969a9cc38a27,delivered,2017-07-07 10:00:20,2017-07-08 07:05:10,2017-07-18 15:23:45,2017-08-05 01:12:02,2017-08-10 00:00:00
6c5139dc6f51884e3aef7c8359d820c5,906d4c33b92be4db50b50c3c43964795,delivered,2018-02-27 13:00:35,2018-02-27 13:15:21,2018-03-01 21:40:31,2018-04-06 00:16:44,2018-03-22 00:00:00
d88be96a5455ddcd7827994d95774b0d,e2c59ed9f5da1b19a963b6d7b9f3b1ff,delivered,2018-05-10 15:24:48,2018-05-10 15:41:37,2018-05-16 08:55:00,2018-05-21 19:07:47,2018-05-29 00:00:00
aa53cdd4b9b5ab0136113cecc7c18f93,eb7a46e27bf49e53686389814b62b895,delivered,2018-04-13 10:44:08,2018-04-13 10:55:22,2018-04-13 23:29:37,2018-04-16 21:09:01,2018-05-02 00:00:00
3bd3b4d482f916c2c9662b8da6f2758b,e1053f60223f6446d021fc034d81f5a3,canceled,2018-08-20 15:07:42,,,,2018-09-04 00:00:00
bac5252be9b1269976695ebd118ef43d,533f0f527edd31355c911bec8caef8e2,delivered,2017-11-16 17:29:56,2017-11-16 17:50:13,2017-11-17 19:18:56,2018-01-16 21:36:56,2017-11-29 00:00:00
4f53691b758958dca780dbbe19dad2ab,b6cdf22de5558fa17709875a7780a4cf,delivered,2018-06-06 08:34:53,2018-06-06 08:53:50,2018-06-06 09:00:00,2018-06-13 18:32:08,2018-07-18 00:00:00
6e0b92bf7f849a26ecbd65716cf5d610,ec129cc1eae905b8a97bd912589a9783,delivered,2017-08-17 22:45:26,2017-08-18 00:44:23,2017-08-18 18:12:02,2017-08-28 17:06:14,2017-09-26 00:00:00
35481ae9f1ef5d7e8e8b79a2a84d7e42,9f3fb20fb87cb2bfafe9b6b6bbcfd560,shipped,2017-04-29 00:45:13,2017-04-29 01:10:29,2017-05-02 14:05:47,,2017-05-29 00:00:00
462d31fa1e455018e0402328d54afb18,3b46246819bddf805c01f55e92f4ce57,delivered,2017-09-21 14:29:30,2017-09-21 14:44:45,2017-09-21 19:58:48,2017-09-25 16:17:57,2017-10-13 00:00:00
7355fd322343b5e2adebd1f0c88e0e33,0f835d3a44bfc8601fe5825f921ede8d,delivered,2018-05-07 10:43:14,2018-05-07 19:15:07,2018-05-08 14:35:00,2018-05-29 14:38:54,2018-06-21 00:00:00
55557ec21b58ecf22cea0ca3e8ade908,4d8c11a7b6e568d87aa1824c2180ca7f,delivered,2017-12-10 10:59:41,2017-12-13 09:19:26,2017-12-13 18:26:57,2018-01-06 20:54:01,2018-01-10 00:00:00
1a68d6079c4fd25b3348fa2a03ac9579,5ea4f81504b4c78489a928f978001445,delivered,2018-04-13 17:00:16,2018-04-14 02:13:44,2018-04-19 00:21:07,2018-04-20 17:32:42,2018-05-03 00:00:00
d0c83ce2e7f68e33188bfa7101d9ec06,0bed3cc69787fd4be8e3dcd07c3bb611,delivered,2018-07-24 16:43:45,2018-07-25 16:45:29,2018-07-26 11:30:00,2018-07-31 00:38:32,2018-08-20 00:00:00
e17ed9c20d79f29256a4a514e8d07230,f02281ff50731e8a5e07bbc0a45d4912,delivered,2018-04-21 19:02:39,2018-04-24 18:59:40,2018-04-23 19:03:19,2018-04-24 19:34:31,2018-05-08 00:00:00
f7687ac7f841e3dfa274c20c2b7b7822,1fee8a461ed430f2a0a4ee0b68c9f1dd,delivered,2018-02-06 09:47:41,2018-02-06 10:11:36,2018-02-08 00:57:59,2018-02-15 20:23:48,2018-03-02 00:00:00
0c80c82bdef7f227e7483cdd3c94f697,19f9e4a8e8924688daf67bf32662c671,delivered,2018-07-24 12:57:52,2018-07-24 13:40:09,2018-07-31 15:50:00,2018-08-02 18:26:44,2018-08-15 00:00:00
a3b9ef87dc9bf6125988a6146005ccd6,e732d2301beacd7362fe3091cee0b9a3,delivered,2018-04-04 08:09:40,2018-04-04 08:29:33,2018-04-17 12:32:32,2018-04-18 21:11:46,2018-04-27 00:00:00
7cc23d880ead6eb7ebecb6292435b6d6,59a0b162e6ab2224f7ab84f8692b3917,delivered,2018-01-26 10:06:35,2018-01-26 10:19:19,2018-01-30 23:08:09,2018-02-09 00:04:49,2018-02-26 00:00:00
2d9d63715c81835d6114d3f608fd9f1c,e424f099ba16554747def169a15b2b4f,delivered,2017-08-24 10:00:23,2017-08-24 10:15:17,2017-08-28 19:41:20,2017-08-31 20:47:32,2017-09-21 00:00:00
b8c5179170a88075f209d78b42e85b5a,06d32dcb66d94bd19a131df8b5d7a017,delivered,2017-11-16 12:35:02,2017-11-16 13:10:54,2017-11-17 19:28:38,2017-11-22 01:58:35,2017-12-07 00:00:00
483dc7aea9738d69a6e311c8d3ceda7b,e1dd32f68184a750cb46625e96cb5c36,delivered,2018-04-16 13:19:05,2018-04-17 05:51:03,2018-04-19 19:44:35,2018-05-02 21:22:43,2018-05-15 00:00:00
0feb8ce954124d3e3d8338c573a9c523,cd152920bf236523f7f23b0c29468580,delivered,2018-08-23 08:24:45,2018-08-23 08:45:16,2018-08-23 12:50:00,2018-08-27 22:06:33,2018-08-28 00:00:00
566d1e57b2fc70ca4a32dadbd0bbd0a1,4b2ee5585c081b18bcaa8a2682564d19,delivered,2017-10-07 15:33:38,2017-10-08 15:42:17,2017-10-09 16:02:21,2017-10-17 22:32:36,2017-11-06 00:00:00
f0eaef1006347966bb8d9df149b7fb69,3b099363e91e8a8de4ffba2428a1461a,delivered,2017-02-07 11:08:23,2017-02-09 02:55:32,2017-02-20 16:34:11,2017-03-03 08:48:59,2017-03-23 00:00:00
1974ffc6d3d8f6e9d8f82fcffa4be2a5,55d5c5b97b647fff11ad419df03dc35e,delivered,2018-07-18 14:09:47,2018-07-18 14:25:20,2018-07-19 14:35:00,2018-07-21 18:47:42,2018-07-30 00:00:00
ed04a2b3c21cbcd90c2071a22a8cbda2,e899bf2f5f7da06cc412595d8ce11351,delivered,2018-04-09 20:07:59,2018-04-09 20:29:56,2018-04-11 02:39:43,2018-04-21 18:42:37,2018-05-17 00:00:00
8417a2ebc88dc3838a05b78f868aeec4,c200dbd8f8b00abf9018dce0eed07c30,delivered,2017-05-23 16:48:27,2017-05-23 16:55:27,2017-05-24 09:28:19,2017-05-31 07:55:44,2017-06-12 00:00:00
5076a734a6657a96ccc71e2bc8874e08,f16d43d5d628050388352f38cfa97c4d,delivered,2018-08-14 09:38:33,2018-08-16 03:25:14,2018-08-17 12:17:00,2018-08-24 17:36:46,2018-08-29 00:00:00
516014d903cc71b894568690dfde0d64,ca32af952e8e86e0f7095ce31896b85e,delivered,2018-01-22 16:11:37,2018-01-22 16:18:35,2018-01-23 17:52:39,2018-01-29 20:26:42,2018-02-20 00:00:00
010a35dc7fc3808a03d243d2fd8c6e35,be2c2532426301bff89f1493242c4afa,delivered,2017-12-16 18:02:38,2017-12-16 19:10:15,2017-12-19 03:07:24,2017-12-22 16:59:22,2018-01-05 00:00:00
cef4e03348c70c1c8eee3647083675ab,8ff313e25b25345f237b434e0e497869,delivered,2018-04-23 09:14:33,2018-04-24 17:22:49,2018-04-24 22:12:00,2018-04-25 13:51:40,2018-05-10 00:00:00
f72cbb6ccc49c044b3adc2edee10f617,07294607d9ae24c25e268aec7ec6d681,delivered,2017-10-01 13:49:51,2017-10-01 14:04:24,2017-10-05 17:17:29,2017-10-18 19:22:40,2017-10-31 00:00:00
c07a435151c139d66b920c7c4652aa47,465dcee0750c67f0366d32e259e9cd56,delivered,2017-10-17 22:51:55,2017-10-17 23:06:21,2017-10-18 15:10:28,2017-10-20 20:00:08,2017-11-03 00:00:00
0f7477abc25a26f58ebc0d00d2a7cde5,f22f55c1afef276c1c7ae29219972692,delivered,2017-09-19 05:51:12,2017-09-19 06:03:29,2017-09-19 13:32:40,2017-09-20 13:52:26,2017-09-29 00:00:00
5f3855c579e82a703b52d837e9b0688b,35148f0d009a1f17f54bdadaf07a4bf0,delivered,2017-11-24 17:57:58,2017-11-25 06:17:42,2017-11-30 17:18:28,2017-12-05 21:16:59,2017-12-15 00:00:00
7af09f41da0338028361e811ca9d4421,8541f1fa485302c0c4fd0b668b2217a5,delivered,2017-08-02 16:25:12,2017-08-02 16:43:33,2017-08-03 15:25:57,2017-08-04 17:17:51,2017-08-15 00:00:00
0357e50e9686e55b75e6873a97993075,5e9491dcfa20187b357f729effb3f238,delivered,2018-01-14 18:06:26,2018-01-16 03:50:15,2018-01-17 21:07:08,2018-01-23 16:52:10,2018-02-08 00:00:00
962b2008b2f1e396e0d30b76caa96832,706cb4fa45140c2466f192e6d449f656,delivered,2018-02-26 16:49:57,2018-02-27 05:30:55,2018-02-28 16:42:45,2018-03-02 19:54:52,2018-03-12 00:00:00
2dd2ee0d9fb9543e703f5132e745c2c3,22d4712579e7fcc391b2301c9c4ca06b,delivered,2018-08-20 22:53:49,2018-08-20 23:09:32,2018-08-21 12:58:00,2018-08-23 20:46:46,2018-08-30 00:00:00
7e95c60b8d79f6442ff63f84f8abf85b,359dfe341740d8b8b0608244ebd9fc67,delivered,2018-05-03 17:29:45,2018-05-03 17:54:25,2018-05-07 14:41:00,2018-05-08 21:56:40,2018-05-15 00:00:00
851283a512a5a6634bc8957249592b26,68456dc4d3100de151cd6cb77865acd6,delivered,2017-11-15 15:47:35,2017-11-15 15:55:32,2017-11-17 19:48:51,2017-12-06 21:48:36,2017-12-06 00:00:00
605eab4c9d7b2b8aa7e4b8f8362146b5,c24770f0dd49a1205bf78ffa2c32adb0,delivered,2017-11-24 13:43:19,2017-11-25 03:33:28,2017-11-27 18:17:14,2017-12-11 20:41:30,2017-12-21 00:00:00
51ee9ef5d831b5f76f97d2819e7f94a9,503c7a5a21169f21170540da26c2829a,delivered,2018-07-04 20:00:12,2018-07-05 16:27:36,2018-07-05 14:07:00,2018-07-09 17:12:01,2018-07-25 00:00:00
42d18cc0399f54454215946af6ef3252,9b3cb84abc5c1cec3d856dd6c807b13c,delivered,2018-01-06 21:31:55,2018-01-06 22:31:29,2018-01-10 18:41:54,2018-01-16 21:33:25,2018-01-31 00:00:00
35580ca9f2a84299b3b6c41875ba71a7,c3528306ef5eb50eae10c6f551cd70bd,delivered,2018-03-20 16:00:08,2018-03-20 16:10:30,2018-03-23 22:32:01,2018-04-06 21:24:33,2018-04-06 00:00:00
918a23b289e2ce640ef9dc1f1b4043c5,3e3813c10989ff02473af86f08b4d801,delivered,2018-03-19 12:54:38,2018-03-19 13:35:40,2018-03-20 21:04:44,2018-04-10 18:26:58,2018-04-05 00:00:00
4f601391cdfe2a3984a4b1680c2c3d9a,56f10439f7b396c7c7b5445357c22e9b,delivered,2018-06-16 14:18:32,2018-06-16 14:38:53,2018-06-18 16:00:00,2018-06-25 18:28:38,2018-07-23 00:00:00
126dbef0d053f55ed2e3b23e88efab4b,52dd02a7f957b228e887536623fc94b6,delivered,2018-03-13 08:51:11,2018-03-13 09:08:39,2018-03-13 17:56:30,2018-03-21 20:52:31,2018-03-29 00:00:00
153f7f62711ddf3b559ce826060ffeb3,f4fa9e94d9ccec4f3fb15dfd8b29eccd,delivered,2018-03-02 16:24:13,2018-03-02 17:10:36,2018-03-06 17:53:16,2018-03-07 20:37:47,2018-03-14 00:00:00
643b76bc5e6a2667aeff11bef3ce52a7,40e24733ea67cc1706a44e0818135cf0,delivered,2018-03-04 19:32:02,2018-03-04 19:48:46,2018-03-07 23:19:00,2018-03-09 00:49:27,2018-03-15 00:00:00
801524a8fbd37484e8d8c23448f113b5,262ce56ba019f4140816c8c602f345e7,delivered,2018-07-04 22:27:56,2018-07-05 16:21:03,2018-07-09 11:09:00,2018-07-13 15:41:37,2018-07-31 00:00:00
9341b903f73c4e68b67416d70236ca6e,357791671a41c4a3689a29f94ef60919,delivered,2018-07-25 23:41:45,2018-07-25 23:55:17,2018-07-26 08:45:00,2018-07-31 15:18:55,2018-08-13 00:00:00
56b3437c01d796a7b06aa2b4fefa1008,6733534023e802dfc498a9978c65f359,delivered,2017-10-07 11:19:19,2017-10-07 11:35:25,2017-10-09 15:14:18,2017-10-19 19:04:36,2017-11-22 00:00:00
766bcee6e8be3f493822ddaeaa9165b0,eeca9c49930c852bd876095e673d06aa,delivered,2018-02-17 11:56:21,2018-02-17 12:07:14,2018-02-19 23:13:31,2018-03-01 01:45:36,2018-03-19 00:00:00
a76390702d2f24f9e0d5ad3c5e9ec562,207735d42a0b6ca67f5049af8c1640cd,delivered,2017-08-10 22:09:50,2017-08-10 22:25:18,2017-08-22 20:30:06,2017-08-24 13:57:31,2017-08-23 00:00:00
46ed4fb4b1057a1f6cf505bfaba6f7dc,cf732e7eec1fe4ff863436729530ba0d,delivered,2017-08-04 11:35:21,2017-08-05 03:03:18,2017-08-07 14:22:50,2017-08-14 19:00:00,2017-08-30 00:00:00
4a51f8e9dff86ab803142a930f7866cc,9a51e2ee1ba066e4d20ffd20a5eb7bd8,delivered,2018-04-05 19:11:09,2018-04-05 19:29:44,2018-04-07 01:17:54,2018-04-18 00:32:01,2018-05-10 00:00:00
70499645c2c89161c566bd7a2eeb8fdb,dca93b2c63e43e2d5893ff9cf43c7145,delivered,2018-06-11 10:45:20,2018-06-11 10:58:59,2018-06-12 11:10:00,2018-06-18 20:04:21,2018-07-13 00:00:00
d56ddc412e7725060f044aa15d7073d3,4e2af509f129461427e30d1283e8e81b,delivered,2017-11-27 14:09:30,2017-11-27 14:20:20,2017-12-01 19:32:56,2017-12-07 15:17:02,2017-12-14 00:00:00
4efa87f7d96100584de0e4138c30637c,0ed78515f267db4682a1f96fdfb87d1b,delivered,2018-02-01 13:09:07,2018-02-01 13:35:16,2018-02-01 23:43:35,2018-02-14 15:58:05,2018-03-06 00:00:00
f9c3b3bf31139769a9952d2228555efd,511d7f5921a8a64e099b90c651decc2e,delivered,2018-02-20 15:50:52,2018-02-21 17:30:26,2018-02-22 20:04:08,2018-03-17 19:28:41,2018-04-05 00:00:00
b5f0d49a8f5804130b25b7a6ccade2b3,d5d4eb0fced5d94d33a7b5ad795f16c4,delivered,2017-06-23 16:04:52,2017-06-23 17:15:14,2017-06-28 13:07:31,2017-07-10 12:43:41,2017-07-13 00:00:00
ac305427188e9565c90c55a300d21206,13e36720b99a82c65a4701e93acdd6a4,delivered,2017-12-31 18:15:52,2017-12-31 18:26:37,2018-01-03 17:48:53,2018-01-11 12:23:16,2018-01-24 00:00:00
3375db82ac870955bb1bd2d561eddfd5,6a6d612ef8cd1790b313f65207c2a383,delivered,2018-06-21 20:04:54,2018-06-21 20:17:37,2018-06-26 15:16:00,2018-06-29 23:32:40,2018-07-18 00:00:00
a6eaa4e9d0e172457c2f76bdd1face86,4ddd4625fadce7b0ea6bc02c5bb84108,shipped,2017-11-15 18:00:59,2017-11-15 18:16:04,2017-11-17 12:18:51,,2017-12-06 00:00:00
d5213c494008952344b10bd19e27d9f3,64563bfd8ebafd2beb5ea14f14f14618,delivered,2017-06-19 08:19:29,2017-06-19 08:30:19,2017-06-22 14:44:38,2017-07-04 18:32:10,2017-07-19 00:00:00
40d2b678e613d0819d981630832e422f,046498c220fe6d3aa19f8c3d3ed485d7,delivered,2017-09-08 14:10:36,2017-09-08 14:24:03,2017-09-11 13:50:11,2017-09-18 21:09:28,2017-09-28 00:00:00
70f0b4dfaf32a6a528f14215e154792b,35778d54b4d1b7f04ad2de2aa694f93c,delivered,2018-05-20 04:41:23,2018-05-20 08:17:26,2018-05-29 07:13:00,2018-06-04 13:32:25,2018-06-07 00:00:00
bc902a69924e1523c0d7dd83bc7bde91,19e73dcc18902f71beeca531f73c1e91,delivered,2018-02-21 18:32:20,2018-02-21 18:48:42,2018-02-23 18:52:55,2018-02-27 00:25:07,2018-03-07 00:00:00
9e0599de26eddaf0167b73e50f91ad68,c0677c004d421919dd1bdc646a37f930,delivered,2017-12-31 11:19:35,2018-01-03 04:29:26,2018-01-03 17:32:47,2018-01-20 13:22:02,2018-01-29 00:00:00
049ac54eda25ad838a76c65dcfd27c9a,3707669efeae29044e39ea9b2bfa9f32,delivered,2018-07-26 16:16:14,2018-07-27 16:15:15,2018-07-31 15:40:00,2018-08-17 22:14:24,2018-09-11 00:00:00
e533ab0dcf6735763fd458fda9868cea,2931a407327c7b43db00547c7bbbe3dd,delivered,2018-02-02 20:46:16,2018-02-03 02:53:51,2018-02-05 18:06:56,2018-02-14 17:26:00,2018-03-06 00:00:00
5d952c5bc80b046c423373cd126ceb00,4634034cc175c08895674b66ee1e5a36,delivered,2017-09-28 08:54:38,2017-09-28 09:07:18,2017-09-28 19:05:55,2017-10-05 15:06:13,2017-10-23 00:00:00
44d753e5f4e21111096e0d54ba3a5b0d,59db0072154e4e149772fd56fb82cb16,delivered,2017-03-25 23:22:33,2017-03-25 23:35:08,2017-03-28 11:43:03,2017-04-07 13:27:15,2017-04-17 00:00:00
e9b62e170c02345bb0f5e96bdc417a4a,ed6342171b201b20252bddd4d1fb7749,delivered,2018-02-06 20:36:15,2018-02-06 20:51:05,2018-02-07 20:33:17,2018-02-16 23:09:23,2018-03-02 00:00:00
3981b8f81ef6375179953f3345ec4f47,4dee9f4481876294efc334d9b05045ce,delivered,2018-03-23 14:42:24,2018-03-23 14:55:33,2018-03-26 19:58:56,2018-03-27 23:23:09,2018-04-12 00:00:00
f5a3eb7fb74526595623599e391ef6fd,8ef98506a1de4da22a3fa9dada1de99d,delivered,2017-10-03 16:44:09,2017-10-03 16:56:35,2017-10-05 23:02:17,2017-10-25 23:14:28,2017-10-27 00:00:00
811572abbc7e74051f65e2d072f1b86a,b28c4fb7f0ba7b77a68288b9190bd197,delivered,2017-11-26 15:42:11,2017-11-26 15:54:58,2017-11-28 20:11:07,2017-12-07 00:23:12,2017-12-15 00:00:00
fc124eec9edbb799119308d21bfaea54,553116a8650fecf9e64790c28a2aa2ae,delivered,2018-01-16 16:16:17,2018-01-16 17:33:12,2018-01-19 21:52:20,2018-01-26 14:07:05,2018-02-16 00:00:00
4144eb32a48743c5f18f443d704fbdb4,fa603f159ab9a96a4d9ce9f3e45762e3,delivered,2018-07-09 20:10:46,2018-07-11 03:26:12,2018-07-11 13:42:00,2018-07-12 17:46:55,2018-07-18 00:00:00
b0b5259c58e77b7f9d586707946ce3cc,c4edb896f6e3c8753b8f8af2e6f6c7e2,delivered,2017-04-23 21:51:15,2017-04-23 22:02:20,2017-04-26 11:57:03,2017-05-09 08:06:53,2017-05-11 00:00:00
1b37c11d1b330f2f5a3ad3676bb9c07d,e9c876f6cb2bd5ab9a8ff7b30eaf6a83,delivered,2017-10-08 10:44:32,2017-10-08 10:56:15,2017-10-09 15:08:23,2017-10-17 17:13:11,2017-11-06 00:00:00
8e89832cd01aae257e9608ce09e0caad,cc9122c06d57f4321e9125b1d81828bc,delivered,2018-04-09 10:47:49,2018-04-09 11:11:31,2018-04-10 00:49:28,2018-04-21 16:28:41,2018-06-01 00:00:00
53c33e360f83136bc4328eda17c360fd,3491de3df74d53eb01943cbf73a4199b,delivered,2017-06-16 19:05:07,2017-06-18 11:55:15,2017-06-19 18:43:37,2017-06-28 10:22:39,2017-07-10 00:00:00
72f13434d0258f5c25927d2b4d5b2c1e,d7b7917cfa60997e23f7bb56c0055729,delivered,2017-06-12 15:37:15,2017-06-12 15:50:11,2017-06-13 15:10:04,2017-07-13 13:47:29,2017-07-17 00:00:00
48139821eca38783cb43c48d98c0246d,fa4806deb2b4135ae3708a87c6279302,delivered,2017-05-02 18:52:57,2017-05-03 15:55:28,2017-05-04 15:21:16,2017-05-15 15:53:47,2017-05-31 00:00:00
791d454dd290baaf30d599c6183d7489,556b350ff8b8954e863415703f9b58cd,unavailable,2017-08-15 11:17:02,2017-08-17 06:30:52,,,2017-09-15 00:00:00
73b72b64fe9ceac200edede7e53ab012,49adca84db251f78fa14d0aafa04be1c,delivered,2018-06-13 13:03:04,2018-06-13 13:48:13,2018-06-14 18:50:00,2018-06-15 22:24:34,2018-06-25 00:00:00
d7d414c8d4fa226d73dfedec8607deda,9fd5bd7fc08517053f9dac230a7ed8e3,delivered,2018-06-01 17:02:30,2018-06-01 17:15:28,2018-06-05 15:17:00,2018-06-11 13:41:01,2018-07-04 00:00:00
56c3277583e16009c925fdf116df420f,c3d06eb8905fc0c39966b0a57ee7244c,delivered,2017-11-29 19:13:45,2017-12-01 11:31:46,2017-12-04 22:54:53,2017-12-06 20:09:43,2017-12-21 00:00:00
ad299d950f0e7f4950182f81129885f4,eec2811dcd6156a2bf056eadf1e6dc5f,delivered,2017-07-11 02:02:05,2017-07-12 08:15:15,2017-07-14 19:51:36,2017-07-26 18:45:55,2017-08-04 00:00:00
ae4db4c8bea553ad40e0d84be24d635b,7f1843fb6c6498ae7aac917592a03abb,delivered,2017-11-03 00:28:20,2017-11-03 00:45:51,2017-11-07 21:57:36,2017-11-29 17:18:51,2017-11-28 00:00:00
e06fdebc12c0419b48541e02526f2292,6d71a473407ed039ee5d203ac45ef151,delivered,2018-05-06 20:12:57,2018-05-08 19:15:24,2018-05-09 14:18:00,2018-05-14 18:58:42,2018-05-30 00:00:00
ff1f5f13541ce8f1a0755596df027a90,4c613260434865d48fa7bacc5be9cbeb,delivered,2018-04-21 09:00:35,2018-04-24 17:51:45,2018-04-25 00:56:29,2018-05-03 16:32:34,2018-05-25 00:00:00
419a5db6d2b2929fde6db58ea884dcb0,66130415d1832946fba8474e26e82348,delivered,2017-10-30 20:29:12,2017-10-30 22:31:37,2017-10-31 17:06:00,2017-11-11 17:11:36,2017-11-14 00:00:00
4289c523d9d7daf854afd779579d63dc,8511391dc75fca4d08cd7ae54a049606,delivered,2018-07-24 15:43:18,2018-07-24 15:55:18,2018-07-25 10:23:00,2018-07-30 17:12:09,2018-08-09 00:00:00
c2a6e9e49e5282ea4882c738f6137303,ddfd8d13c24e4c70c557721e3911ae83,delivered,2018-06-07 14:06:40,2018-06-08 02:56:02,2018-06-08 16:02:00,2018-06-18 19:46:27,2018-07-11 00:00:00
2ffc70ec1398e16897e15c034ea5812c,6611519218a110e332c4c6cb89da150a,delivered,2018-05-11 08:55:59,2018-05-11 09:15:22,2018-05-22 05:51:00,2018-06-04 18:34:25,2018-06-04 00:00:00
65bcf3fcdf15c0c2c31d60fa3c2b12e1,733f19dd22ffe3ab5ed470a44f178b48,delivered,2017-11-24 23:58:32,2017-11-25 02:53:05,2017-11-27 18:47:14,2017-12-19 18:44:54,2017-12-19 00:00:00
6abc9d4c7489e1be689ad1f068af8c31,0c908dcc7f29807856cfd37265b8c938,delivered,2017-03-21 19:24:14,2017-03-21 19:24:14,2017-03-23 16:57:32,2017-03-24 16:35:56,2017-04-10 00:00:00
fe6e968e3b98fa04e72cc16d58b9c498,b60e676e8b6d16e7e63ba66c383072d2,delivered,2018-08-08 18:23:18,2018-08-08 18:35:21,2018-08-09 13:44:00,2018-08-16 23:12:01,2018-08-27 00:00:00
d6735b4006968f903a39b74f740dac04,d0ca176c890a0570ece08eb8f2a4a8e4,delivered,2017-12-10 19:10:33,2017-12-10 19:30:36,2017-12-14 17:44:51,2017-12-28 12:34:06,2018-01-05 00:00:00
d59bf28088b4ceff7d0e220da6941714,df84cf421c0f3fbbc9b74bc0f97a82ba,delivered,2017-11-07 23:46:32,2017-11-08 07:50:21,2017-11-08 19:16:39,2017-11-13 15:33:17,2017-11-29 00:00:00
6e81c429254c3355bd09d77c6437bb48,8126a0eb31c9c5129c70320c79e37fef,delivered,2018-01-15 00:21:50,2018-01-15 00:31:20,2018-01-24 19:44:06,2018-02-06 18:19:06,2018-02-20 00:00:00
83e24dbe6e1a79765dd6f8b91066ed00,55e2d4fb7eefded2b6d3f39666620acf,delivered,2018-04-13 11:57:52,2018-04-13 13:30:26,2018-04-16 20:14:38,2018-04-17 20:08:33,2018-05-02 00:00:00
a60314cb61d530098340958b535a8d84,96a5595010fd847f2b9671feb53a8cc8,delivered,2017-08-20 19:03:35,2017-08-20 19:24:44,2017-08-21 19:27:38,2017-08-29 18:48:00,2017-09-15 00:00:00
14c482cac944c8cec7bd0f58bc09514a,f0a308d95f7fd39dceffab5b8976eb27,delivered,2017-11-30 10:59:46,2017-11-30 11:11:33,2017-12-06 23:12:55,2017-12-15 19:36:37,2017-12-27 00:00:00
677752f24bbbb61e39110af7c4562285,f2c47cf15662ec1d5402232c722f6ec5,delivered,2017-12-02 07:22:58,2017-12-02 08:55:11,2017-12-04 20:24:37,2017-12-15 23:38:36,2018-01-05 00:00:00
e313e28672ccec17e6e1612899299623,8dff08273b834a0219865fc1a56a2c0a,delivered,2018-05-25 21:01:25,2018-05-25 21:13:09,2018-05-29 10:29:00,2018-06-07 22:18:55,2018-06-29 00:00:00
64bea65441db4c3e2817c4986436a56e,8e1dcb9fdd757d18e53f82a75249abea,delivered,2017-08-24 11:19:53,2017-08-24 11:30:11,2017-08-25 14:15:01,2017-08-28 20:20:07,2017-09-11 00:00:00
609054aa2204f8dccb3f474165d1d411,7bfd6f2f9f7602552eec22e3517699ac,delivered,2017-10-20 12:01:05,2017-10-21 03:05:38,2017-10-23 19:12:27,2017-10-26 15:31:59,2017-11-14 00:00:00
e64aa875cf76866ccbf740143d575f24,9e2ff1963ce2c5b8ed73d88cb47c8a05,delivered,2017-07-20 15:04:01,2017-07-20 15:25:12,2017-07-26 20:03:26,2017-08-01 12:42:52,2017-08-16 00:00:00
ddb9e8975cd9123fd5336811c747faa2,8deab30c73bc6ffae0e800d727c11c2d,delivered,2018-03-07 14:20:50,2018-03-07 14:35:32,2018-03-08 21:39:26,2018-03-15 13:37:20,2018-03-19 00:00:00
ef66cc60de5221417b5fb81b1c42de85,226d59f9f4b98e228b689eea45d03a6d,delivered,2018-03-31 15:08:21,2018-03-31 16:20:05,2018-04-03 16:31:15,2018-04-06 19:06:35,2018-05-04 00:00:00
733e030acd7fb0584a2e64f9a981e9fc,c07f2bf6906f534e25308dd71d4bb97c,delivered,2018-08-12 11:55:11,2018-08-12 12:05:12,2018-08-13 15:42:00,2018-08-18 12:32:45,2018-08-31 00:00:00
cba35ca631777989dbe090e253219b62,ac56d74968d72c07802b027afd28716c,delivered,2017-12-07 13:31:20,2017-12-07 15:29:41,2017-12-08 21:41:42,2017-12-10 17:19:09,2017-12-26 00:00:00
ff14a3e36b78f407a4e8402572e4edfe,4efe40b9fdc01c9a7056e25969589d5d,delivered,2018-01-18 13:21:36,2018-01-19 13:14:45,2018-01-25 16:43:04,2018-03-01 18:02:56,2018-02-09 00:00:00
e65f1eeee1f52024ad1dcd03447f7482,198f511b5a75bf936a96f1d4769e3974,delivered,2018-05-18 15:03:19,2018-05-18 15:15:37,2018-05-18 15:00:00,2018-05-19 12:28:30,2018-05-29 00:00:00
4cc479c410cb824d577fb1a31af7b002,a8ed065dc70e5226d2fb9ec1ada6edf6,delivered,2018-02-20 13:34:41,2018-02-21 06:05:35,2018-02-22 00:22:05,2018-02-26 16:49:07,2018-03-12 00:00:00
eecc2228a558c977d240693c7adf6dc2,3bc958811e961837de533256453f1f61,delivered,2018-03-21 20:25:40,2018-03-21 20:35:37,2018-03-22 21:33:29,2018-03-23 15:57:35,2018-04-03 00:00:00
8f1b87d8fb573caa3a4f426564eb3e8d,365453ca95d711819fdeb0355eb470e3,delivered,2018-05-18 14:36:21,2018-05-18 14:57:31,2018-05-22 07:14:00,2018-06-01 17:57:28,2018-06-04 00:00:00
44b7e745838a4567bea39348717073cb,c735eb0078030fe24d1ab1390468c19d,delivered,2018-03-15 19:25:20,2018-03-15 19:48:32,2018-03-21 00:39:02,2018-03-22 01:26:31,2018-03-27 00:00:00
88d95fe1b916ad9ae117e52dd078e0fb,099777051fbedb21f76286089db72fba,delivered,2018-06-29 14:57:42,2018-06-29 15:11:20,2018-07-02 09:49:00,2018-07-11 18:08:43,2018-08-07 00:00:00
f15016a558849089056c7b9fb908ebba,bed5a20076049bad6c703bb683e0d1fc,delivered,2018-05-02 10:22:32,2018-05-02 10:35:14,2018-05-02 13:36:00,2018-05-21 13:36:32,2018-06-01 00:00:00
84e18dccfd5aad7f91ef778c2aa0b959,5a4ac121c307de49a8e97ff580be6fba,delivered,2018-08-09 12:37:17,2018-08-09 15:05:34,2018-08-10 13:31:00,2018-08-15 15:35:47,2018-08-21 00:00:00
acf31320a17ec091f71b623a3b776760,ed1d3344630551529af3894e65b1ca57,delivered,2018-05-29 16:32:51,2018-05-29 16:51:33,2018-05-30 11:06:00,2018-06-06 00:38:56,2018-06-21 00:00:00
95fd03e2237bc14cf9c1b6d6abd6ae93,adb07b9e00ba6e36eaa6972dcce7f0d0,delivered,2018-01-24 16:43:08,2018-01-24 16:51:30,2018-01-25 22:19:13,2018-02-05 21:25:18,2018-02-23 00:00:00
07cbd6088d2dc5108e16680fa00b7045,69afc81a37be74df6fca505b1f5920ed,delivered,2017-10-11 15:40:06,2017-10-11 15:56:22,2017-10-13 20:13:06,2017-10-17 16:04:41,2017-10-24 00:00:00
96dd4c9c90277943c551ab185303685e,f6d75d8498810818be46ed80d304c77a,delivered,2017-08-14 17:08:14,2017-08-15 18:05:27,2017-08-17 13:30:07,2017-08-25 14:28:47,2017-09-08 00:00:00
978564f73dadc05775f6347d1a508e12,95b563d073d917f1e750f9a4f490bad6,delivered,2017-10-06 21:24:49,2017-10-10 03:49:29,2017-10-23 21:45:09,2017-11-14 23:21:43,2017-11-01 00:00:00
39d12e8a24d51d8b1202939fadf3df78,81cee629e18a05e1b07469e13bdffc5d,delivered,2018-02-04 20:24:46,2018-02-04 20:35:32,2018-02-07 22:48:04,2018-02-10 16:39:55,2018-03-01 00:00:00
5f8b64bfce7d975e732813b83ea0b71f,b2cd06e4e6927f2bfa2c93887cdb895c,delivered,2018-01-01 11:59:59,2018-01-01 12:11:44,2018-01-02 19:07:17,2018-01-08 22:44:35,2018-01-26 00:00:00
908f072f2390700728e47735f17c16ee,5cdaa50ad19e5560423eb9be41542e5f,delivered,2017-06-03 22:47:49,2017-06-03 23:02:25,2017-06-05 10:46:47,2017-06-13 16:14:54,2017-07-06 00:00:00
e5abf89c50ab4087ce3b700ae5dac49a,fe1873139d1f28e781baec43b34caf7a,delivered,2017-08-11 21:51:07,2017-08-14 14:35:17,2017-08-16 23:13:06,2017-08-26 14:03:03,2017-09-06 00:00:00
455b543c53eb86970fe22cdb9890a686,dc8c481511c857be2723f3a4c62de54f,delivered,2018-03-24 19:48:21,2018-03-26 10:08:35,2018-03-28 16:58:20,2018-03-30 02:32:13,2018-04-06 00:00:00
1d52ecb64812aade8eda623f0a2f0c79,80fd8c4c7004d98ff9cdf61587724a35,delivered,2017-07-07 13:29:30,2017-07-07 13:43:37,2017-07-10 16:24:59,2017-07-11 19:21:51,2017-07-20 00:00:00
f707ff2a9514dce20b267136b60af042,d1774572040fe4b9081e1abcc26f0783,delivered,2018-07-04 01:20:01,2018-07-05 16:33:26,2018-07-05 14:51:00,2018-07-06 19:19:44,2018-07-19 00:00:00
0b497dc78b09ae400416eabda31cf6ea,150f3b531a30c607299f88011664e2fe,delivered,2018-08-03 07:43:45,2018-08-03 07:55:13,2018-08-03 12:37:00,2018-08-06 13:41:57,2018-08-09 00:00:00
e71957268efa9cb98b393a6851836014,8264a0ee73746048f00a1e83dd5fc934,delivered,2018-08-07 10:57:10,2018-08-07 11:10:16,2018-08-10 12:55:00,2018-08-14 01:13:40,2018-08-10 00:00:00
ac1b50b62dec654637917462ef922bb2,d8894da0a36288badecf91db3f72079a,delivered,2018-06-07 22:53:34,2018-06-07 23:14:01,2018-06-11 12:52:00,2018-07-04 14:27:00,2018-07-17 00:00:00
1c8993cccdbb60c365c24a8d16a27d6e,d40d86343d1aa6a8a3ce63ab5a19d6b4,delivered,2018-02-10 16:40:00,2018-02-10 16:55:51,2018-02-20 00:37:53,2018-02-27 18:39:10,2018-04-04 00:00:00
47c06c1588f9c9cb71462e6d39893f63,6dbfa12b33da73473d07c931f4d50996,delivered,2018-07-26 12:00:43,2018-07-26 12:10:19,2018-07-30 14:21:00,2018-07-31 23:36:27,2018-08-03 00:00:00
0ebfe9a26193534976676159811310dd,2d3b4b8a0c8fb27bbc3eb482773f417d,delivered,2017-08-11 17:27:16,2017-08-11 17:45:10,2017-08-14 20:42:32,2017-08-21 19:06:15,2017-09-06 00:00:00
f9b8f31744dba7c23d41cb9ae8e025e9,8af2418e11b6af432782ee2f0f6f6a4f,delivered,2017-09-03 04:38:18,2017-09-03 04:50:38,2017-09-04 15:54:06,2017-09-05 19:22:33,2017-09-15 00:00:00
c09ea37d3dd207e756102d311bcdff13,f479a2aed6a2d819e03d50dcbba5d474,delivered,2017-11-02 00:18:01,2017-11-02 00:35:47,2017-11-03 20:34:40,2017-11-08 17:44:35,2017-11-23 00:00:00
8dc1f8d01bc05e44097bac9d9b2f0361,e185b722c2a548c39ab8d945ce1742ab,delivered,2017-03-29 12:02:32,2017-03-29 13:06:21,2017-03-31 13:08:40,2017-04-04 15:36:14,2017-04-18 00:00:00
b20c46715ec04f46dc345b698d989f9a,36d9ca3c8936346de613aff02ddd3bcc,delivered,2018-07-02 16:31:06,2018-07-02 16:50:20,2018-07-03 13:32:00,2018-07-06 18:36:26,2018-07-27 00:00:00
47f6f4fe0e134442ba777c87169469c3,9d69b5197e3e9f67c753cb6389f1c3c8,delivered,2018-05-18 00:34:54,2018-05-18 04:14:33,2018-05-21 13:59:00,2018-05-22 16:28:50,2018-05-28 00:00:00
66fcdbc46a553ec1e80fc940b8f1bc15,064f9ae5ca1199c397a8155b2338783a,delivered,2017-11-14 20:08:14,2017-11-14 20:26:43,2017-11-24 17:02:27,2017-11-29 19:11:52,2017-12-13 00:00:00
0b5b77a10f85ebcb19877591a0550895,9e105fda1ace04054f1a9dcb17aea8f9,delivered,2017-11-24 18:31:35,2017-11-25 03:52:20,2017-11-28 21:51:41,2017-12-15 22:54:38,2017-12-26 00:00:00
a89197bd4c78a468357435c73ea03bdd,ffcd14ed59af25129b69e7225a599db9,delivered,2018-01-06 16:20:01,2018-01-06 16:29:06,2018-01-09 15:51:45,2018-01-17 17:32:54,2018-02-01 00:00:00
b477500d4ae1723dcb01f4eac28a36ad,71260026dca3e9d25f5b9bbace4bef6c,delivered,2017-10-18 11:16:32,2017-10-18 11:35:18,2017-10-19 13:16:05,2017-10-24 16:38:01,2017-11-06 00:00:00
e9e7ebde60b33ca371a24f94a52fb499,9fdebfae1dab5716f638f0a569588542,delivered,2018-04-17 14:54:03,2018-04-19 19:31:11,2018-04-25 10:34:00,2018-04-26 19:18:32,2018-05-04 00:00:00
9916e82812289e085948ecfceaecfd28,de7b10bece4625b8676da31e0c93ee51,delivered,2018-05-31 13:06:02,2018-06-02 03:11:23,2018-06-04 14:28:00,2018-06-08 21:38:48,2018-07-04 00:00:00
9eb14d81ec261aeae5d99c5460425b59,d0b17a3f2cfc2f8f729870235be4f59a,delivered,2017-11-06 07:46:46,2017-11-07 07:30:34,2017-11-14 22:22:08,2017-11-23 13:21:59,2017-12-01 00:00:00
8cfddf5c3bd7fbfd1788b72b5bb9341e,9b9e283a902cd243f92a021fa9dad55d,delivered,2017-09-15 13:51:21,2017-09-15 14:10:28,2017-09-15 20:04:55,2017-09-20 19:06:07,2017-10-05 00:00:00
1338ce707502bad7afcc95dfff8bcaf8,90f51bec5d0d69face28f9243b919d34,delivered,2017-05-13 00:35:58,2017-05-13 00:50:07,2017-05-16 16:02:18,2017-05-22 09:14:34,2017-06-05 00:00:00
1617de4324c46b195f0be6e6b6fcb3fb,95e9feda7fe9e2321918c785a1557279,delivered,2018-06-22 12:56:53,2018-06-22 13:58:19,2018-06-26 07:06:00,2018-06-27 18:22:07,2018-07-05 00:00:00
c65c62970b6f828387d4db9a25361d96,a515248d7329f35b368348d0068033d6,delivered,2018-07-13 18:38:56,2018-07-13 19:03:58,2018-07-17 14:00:00,2018-07-25 13:31:44,2018-08-07 00:00:00
d3feb75cb4e8d372a35e074fc1175bcd,3c041d8a707afe3117f3e7e995660a4d,delivered,2017-09-01 12:43:39,2017-09-01 12:55:16,2017-09-01 21:55:33,2017-09-25 20:54:58,2017-09-27 00:00:00
115e66d4761de38590d764ac61b9e36c,42d01857fb367d54c80aff45ab268155,delivered,2018-05-08 17:02:32,2018-05-09 17:10:26,2018-05-11 12:48:00,2018-05-24 22:04:04,2018-06-07 00:00:00
dcdd1d6c661bf3e70d6e9d12cbe0e35a,127f6831a8583820bfee59da2334b6b4,delivered,2018-05-11 06:14:12,2018-05-11 06:30:07,2018-05-11 15:09:00,2018-05-14 19:24:50,2018-05-25 00:00:00
9a2701b301b281b74ddeea78e0a24625,589a6c40ceea171e948f150c1d4c498e,delivered,2018-07-12 20:02:45,2018-07-12 20:23:45,2018-07-16 09:31:00,2018-07-20 18:48:32,2018-08-08 00:00:00
ebf83e24414af9b0250d34007320eed3,953eb7c942f08edca37c92f746af7740,delivered,2018-08-20 08:13:17,2018-08-20 14:15:26,2018-08-21 13:22:00,2018-08-23 19:59:45,2018-08-30 00:00:00
e7854a5534bfca3560750cc39a728042,34f301c8700bbcf7e0b01c20ae8874bc,delivered,2018-04-09 22:09:57,2018-04-10 00:15:31,2018-04-11 00:36:44,2018-04-16 14:58:27,2018-05-02 00:00:00
49d3db2a02106c24d6ef800bd8ad5546,b7a09c321b57fbcccf7b5fe38c5bd8f0,delivered,2018-02-20 16:05:55,2018-02-22 02:40:24,2018-02-23 00:04:28,2018-03-06 21:33:56,2018-03-16 00:00:00
dae97a1f0f8cafc4d646231f0d04fd88,7fb813eebaef144f1a4c38e3c730bd02,delivered,2017-06-06 20:47:46,2017-06-06 21:02:44,2017-06-13 12:08:59,2017-06-19 18:54:27,2017-06-27 00:00:00
75c84c78ed440df887c1dd6d38311dca,2f6cdb93c2573a1a5f1a2d927c574ec4,delivered,2018-07-07 21:15:11,2018-07-07 21:25:34,2018-07-10 12:43:00,2018-07-13 21:12:42,2018-07-25 00:00:00
8d866309dfbf9649da64bd53a80c7b7e,f3476f906a037c2c993fe44405c22a6c,delivered,2017-05-16 18:49:55,2017-05-18 02:15:25,2017-05-24 08:23:51,2017-06-12 16:14:51,2017-06-20 00:00:00
9219a5c9f7499851f5050de06f739f80,26998936d88eec76dd047cf0ff634fe5,delivered,2017-06-08 14:31:51,2017-06-08 14:45:33,2017-06-14 06:19:41,2017-06-16 22:07:50,2017-06-27 00:00:00
f0f93d33b63c2c83cdd9eb9414a35536,c5912afa747c4f74458aecee49c8f8f2,delivered,2018-01-18 20:46:41,2018-01-18 20:56:23,2018-01-19 17:48:35,2018-01-23 11:18:51,2018-02-08 00:00:00
4fcecf52518a5e74c2431d5eb2dbc8bc,d9b1dfecfa8abc4ebe7572ecd5a8da14,delivered,2017-02-08 22:39:42,2017-02-08 22:50:21,2017-02-09 12:17:52,2017-02-15 16:13:54,2017-03-09 00:00:00
ed94f5031833364ef7942a2b0328756f,e47a5eaa9f946c91bec2fceecf088ae3,delivered,2018-02-14 21:32:54,2018-02-14 21:48:10,2018-02-15 17:23:27,2018-02-20 19:20:04,2018-03-12 00:00:00
8c06de33065ff82ad2d811b7e81a5f7a,b54ba0f5011c40abe78ab10056ea0712,delivered,2018-04-28 22:29:19,2018-04-28 22:53:14,2018-04-30 13:27:00,2018-05-05 15:03:25,2018-05-23 00:00:00
d34cb15391da3995afd6d1f62251f34a,e81d44092ef22351b83a2e3c61f6d8a2,delivered,2017-12-03 22:54:27,2017-12-05 04:19:41,2017-12-05 21:47:10,2017-12-09 13:54:44,2017-12-20 00:00:00
8013932c4c00036478bea6424e783117,61b81e339e3b1296970ebb2e791b2cf7,delivered,2018-02-21 19:43:27,2018-02-23 02:10:52,2018-02-28 20:52:24,2018-03-07 18:32:44,2018-03-23 00:00:00
3e6f2b32accad480bf1508660cc2e609,e0351bcc6002fa51ad0dcdf775866672,delivered,2018-05-05 06:14:29,2018-05-05 06:29:42,2018-05-07 11:50:00,2018-05-14 23:16:41,2018-05-21 00:00:00
b4ee8b4e6cdba36455ad826db9938e35,ed3fe46fbc557470fab546231b8b44dd,delivered,2018-01-18 22:44:34,2018-01-18 22:56:21,2018-01-23 17:39:13,2018-02-02 02:41:52,2018-03-12 00:00:00
0494f6deee34c3bcc09e66f364b0e5a4,90331f6d4993e9930f17d54c34190477,delivered,2018-05-17 16:38:18,2018-05-18 00:15:20,2018-05-18 10:52:00,2018-05-21 12:57:22,2018-06-07 00:00:00
578e406b34a3ef878b509b9fe1813dda,0d16e4a7336116a77c9fe81af1c589b9,delivered,2018-05-23 10:12:38,2018-05-25 02:55:24,2018-05-25 14:44:00,2018-06-05 22:24:46,2018-06-26 00:00:00
d978b987ad3fec35e680ec4e4954c3bb,3f16a23ea2f57ab05ca7faf84886628a,delivered,2018-01-15 18:11:11,2018-01-15 18:30:30,2018-01-19 23:18:53,2018-01-26 16:09:34,2018-02-15 00:00:00
a8ae22d68419abf4bbe92b7623b08657,de40e840af17b6227c01ca19031ab896,delivered,2018-05-02 15:22:27,2018-05-02 15:59:46,2018-05-04 15:46:00,2018-05-17 16:47:38,2018-06-12 00:00:00
8f081929c8382616a4b5fe9df406a802,ee6efaac6f06a51ec3fb8f07a5970fa0,delivered,2017-12-08 15:21:03,2017-12-08 15:32:31,2017-12-11 20:29:10,2017-12-13 15:42:17,2018-01-09 00:00:00
22eed40bee218240dc8862ed7fcf4bb5,b4dd6d870f3acee54737b7089970e9d4,delivered,2017-06-07 21:56:03,2017-06-07 22:05:12,2017-06-08 14:43:39,2017-06-19 21:35:29,2017-06-30 00:00:00
a74946e8d16a96e1bf7781b460c859d7,17b48716b9039a24c70737b99ae6c596,delivered,2018-05-03 20:45:14,2018-05-03 21:11:05,2018-05-11 19:00:00,2018-05-14 21:56:26,2018-05-17 00:00:00
761635b00759928f8a05278ed264f8bb,88459b7849a26333bf51e15f77deb1b7,delivered,2018-07-01 21:33:29,2018-07-01 21:50:02,2018-07-03 10:59:00,2018-07-05 14:52:44,2018-07-26 00:00:00
08504a0dce0a3cd13b3f7971d29fb991,07ea600bb145c172bb93190abb2081b9,delivered,2017-11-05 15:24:14,2017-11-05 15:35:35,2017-11-06 19:41:31,2017-11-08 23:27:32,2017-11-17 00:00:00
aa97bf10b62cd4192eec14a6fa4d5121,6e54c0ab4e3f5aa3783833c03a284526,delivered,2017-06-17 11:42:52,2017-06-17 11:55:13,2017-06-19 10:42:55,2017-06-22 17:05:02,2017-07-14 00:00:00
c34f00bf4a9abf925efebbc3b2484c24,fcbabeab77405bd9462db83adbee7f65,delivered,2018-02-26 14:01:42,2018-02-26 14:15:32,2018-03-02 17:43:40,2018-03-16 16:09:53,2018-03-20 00:00:00
8b24b76cb8cadb97c498a77b53fa3bb6,0a3fc5d5da7f44df671fd0c914381077,processing,2017-11-24 22:07:03,2017-11-25 00:34:49,,,2017-12-15 00:00:00
1d8b5843082c2b3535929596a312f966,08c9b617946bbb79b3a285fa9e048229,delivered,2017-11-13 15:30:09,2017-11-14 03:50:50,2017-11-17 15:28:52,2017-11-21 22:26:48,2017-12-05 00:00:00
b36821b178b0c8f04ae7efea66fe11aa,4e9197af241b5714a60a998bde13aecd,delivered,2018-06-01 20:54:32,2018-06-01 21:11:29,2018-06-05 10:53:00,2018-06-06 14:37:28,2018-06-26 00:00:00
2480f727e869fdeb397244a21b721b67,94967f1e8a9ea8ec6c7129f098f32155,delivered,2017-12-13 18:51:45,2017-12-13 18:59:27,2017-12-14 17:45:03,2017-12-19 18:33:08,2018-01-11 00:00:00
c38b7df1e86d6696584a1fd0134d90a3,b40d079359c3227ce06419dd806135ca,delivered,2017-04-04 13:57:32,2017-04-05 09:42:40,2017-04-05 19:15:06,2017-05-05 11:57:52,2017-05-11 00:00:00
ab71e5dff0ed652f1559e1860391bd22,bc26872a97ecb20a76f5583ba731e553,delivered,2018-02-22 15:17:40,2018-02-22 15:35:37,2018-02-27 22:16:40,2018-03-22 16:27:35,2018-03-15 00:00:00
84fe96b51754d901f25f63d9613266b7,c1ae4b702d6d7d3e6c00c05712b70774,delivered,2018-03-08 10:43:22,2018-03-08 11:08:41,2018-03-08 23:38:22,2018-03-16 23:28:48,2018-03-26 00:00:00
6172acc45ea968ebfc452a0644b1d6e1,4b3b525e0cf9bfbd2bde0ee447c301d6,delivered,2018-03-30 20:48:54,2018-03-30 21:07:35,2018-04-03 01:52:51,2018-04-13 23:26:36,2018-04-19 00:00:00
318034c29181efd4952394fd0892c3dc,98ef4510beb1762e2d8ecf42663fc2aa,delivered,2017-05-04 09:07:57,2017-05-04 09:15:17,2017-05-04 16:13:27,2017-05-08 13:53:17,2017-05-25 00:00:00
1f3e98938afd17558e267ed6afda4c95,f79697f293f0508c1ccafd3a4b64b55b,delivered,2018-07-19 17:20:57,2018-07-19 17:30:22,2018-07-20 12:37:00,2018-07-26 19:39:28,2018-08-02 00:00:00
fe522211f91ead8530eaf08d45cdbe7e,7b438557d2ea3b0746790626ffa80854,delivered,2018-05-09 14:33:42,2018-05-10 14:32:44,2018-05-11 15:03:00,2018-05-21 22:09:37,2018-06-04 00:00:00
709b861e47ea50e8ac08c7717c84b02b,b7ec44e1fbe3f1c953d9ad8671536a4d,delivered,2017-05-24 11:11:57,2017-05-24 11:23:05,2017-05-24 14:48:01,2017-05-30 10:54:17,2017-06-13 00:00:00
6b53b59d28af45f02a606d5ace41b854,319e3c9ffdbeda213ed5d491e3166502,delivered,2017-08-01 10:29:34,2017-08-01 10:45:13,2017-08-08 16:22:18,2017-08-17 18:57:56,2017-08-23 00:00:00
ae5006e8bc74e1aba0f5f41bd117cdaa,c60ae2f802c93d5d8df1f6b12afe6937,delivered,2017-11-09 04:25:35,2017-11-09 06:30:43,2017-11-09 20:22:59,2017-11-17 18:31:48,2017-12-06 00:00:00
7471e882dcc3115c0d0a721d2da859af,3c73c0bb13894303e385984c31372d2c,delivered,2018-05-05 15:09:23,2018-05-05 15:33:09,2018-05-10 12:27:00,2018-05-16 22:31:18,2018-05-30 00:00:00
d0eafd08fd0d772310b8f660e5684aec,ca720fa7d26443de66ea5e54e3f0068c,delivered,2017-12-05 23:13:33,2017-12-05 23:30:14,2017-12-06 16:35:19,2017-12-13 23:35:54,2018-01-05 00:00:00
d35703faec55cda0ceeb4f50a4d584ae,d21101a81657215bf9d86ccc3da340a1,canceled,2018-07-16 22:08:56,2018-07-16 22:20:45,,,2018-07-30 00:00:00
0562a20526fecdaa1eb5019bc3920cd9,658061770ce63adfd6a8e86ce54837b4,delivered,2017-03-21 21:06:11,2017-03-26 23:32:32,2017-03-30 13:45:00,2017-04-03 14:48:12,2017-04-07 00:00:00
73c765c78996979d2a49043276b607a8,61acdc6986a8643e1554c395a2602779,delivered,2018-03-01 12:40:04,2018-03-01 13:30:40,2018-03-02 19:26:50,2018-03-17 15:49:38,2018-03-20 00:00:00
3f4962fa52ddc4ab0d5a20355623cae2,af77c15e387b2998d9996fe47766c562,delivered,2018-05-03 09:44:29,2018-05-03 10:57:07,2018-05-03 14:06:00,2018-05-12 00:32:48,2018-05-28 00:00:00
7f21d3ca84edda19b1982865712ca42e,543bd86dd06751b88b98c285e6f74189,delivered,2017-08-09 16:18:54,2017-08-10 03:25:23,2017-08-11 19:39:39,2017-08-21 12:57:43,2017-08-29 00:00:00
5d0603425fc99ce2d2f5b3eec417a09c,cb68d5f9e36d9b5789508f8aeade936a,delivered,2017-07-28 22:34:19,2017-07-28 22:45:18,2017-08-01 17:22:08,2017-08-17 17:29:50,2017-08-24 00:00:00
b3550a81cd63b5a2e84279ba8f236b88,5c51bb8cca78612d40a130b05279cd5d,delivered,2017-05-25 17:46:31,2017-05-25 17:55:18,2017-05-26 10:00:30,2017-06-01 09:42:08,2017-06-21 00:00:00
d8bd004470081a1d36e3fc745cd96951,c632ad18acd96fb52bfd4a4de51d11e4,canceled,2017-05-30 10:54:45,2017-05-30 11:10:14,,,2017-06-20 00:00:00
c7ef8d3455831ad845d815c8cd993e5c,fb7dd7ca7d57137b5a9f81172c6032f2,delivered,2018-04-16 13:47:15,2018-04-18 06:51:22,2018-04-19 21:24:31,2018-04-20 22:20:39,2018-05-02 00:00:00
90467018c3455604e089b61ff1819d6c,55f88ede2dd1204cb62dc7956f3babe5,delivered,2018-04-28 18:47:07,2018-04-28 18:55:19,2018-05-02 12:50:00,2018-05-10 11:58:45,2018-05-28 00:00:00
337788b92e1812c7665aca6fd8b611e8,3a0f38c8ea7937e02d01faccb3785878,delivered,2017-02-05 17:24:21,2017-02-05 17:41:55,2017-02-06 13:30:32,2017-02-10 10:34:01,2017-03-13 00:00:00
d46935acb58d918a88813e0c8bb1a220,e6e34332de50d27b69260b393f05eb43,delivered,2017-11-24 09:18:54,2017-11-24 09:31:30,2017-11-24 17:53:31,2017-12-06 21:18:45,2017-12-22 00:00:00
99f6c1d7b0c56f9baeef70fd96baeb2c,a11d6dfaf3c860e2fb8e9476ac3feea8,delivered,2018-02-27 14:10:43,2018-03-01 02:48:50,2018-03-01 21:10:13,2018-03-09 01:59:21,2018-03-19 00:00:00
730817800ec1c4805e8a41e67459d4e2,5e0116ac8f05deda37c92a3ab3788720,delivered,2017-10-23 14:41:19,2017-10-23 14:56:28,2017-10-25 13:43:21,2017-10-26 15:43:46,2017-11-03 00:00:00
a65d018a7a1122b4312c742d7107e021,724eba516ed0739bd049fb295ce929c0,delivered,2018-05-28 08:28:44,2018-05-29 03:14:44,2018-06-12 14:04:00,2018-06-13 19:42:01,2018-07-03 00:00:00
497b870cbbeda496567b5d75b81c5722,eae775e65db9c286651ab68cfb76ecec,delivered,2018-02-22 12:10:45,2018-02-23 02:10:58,2018-02-26 23:26:55,2018-02-28 23:27:49,2018-03-14 00:00:00
457ad46174cf848b645e2ebe12038917,53aeda88537c0ec7534ebf145d399cc0,delivered,2017-04-11 22:04:05,2017-04-11 22:15:18,2017-04-12 12:44:10,2017-04-19 11:46:21,2017-05-03 00:00:00
3481d4db89ea2b5d86728e8562da1317,6bc288325c7902dcbd0a803fc6f26a79,delivered,2018-04-04 22:22:50,2018-04-06 03:10:31,2018-04-09 23:44:27,2018-04-17 15:29:32,2018-05-02 00:00:00
d54bea5ba90238aa83323565749538a1,10e925f935d8bfe0a9edf39378996fd7,delivered,2018-04-22 17:45:57,2018-04-24 18:33:58,2018-04-24 17:16:31,2018-05-12 18:20:56,2018-05-23 00:00:00
491a13233c0ef7bc510a3e3703e5c226,646da1da4fa6d6af2087acd85743094d,delivered,2017-06-26 09:56:46,2017-06-27 03:55:10,2017-06-27 14:51:35,2017-07-10 21:13:57,2017-07-18 00:00:00
16fd9bbafac5533abf2bd1b5bec61ec4,5d1299e7ec3d027f7e9bec34600a1b37,delivered,2017-04-10 16:11:37,2017-04-12 02:43:01,2017-04-18 16:09:53,2017-05-05 13:22:33,2017-05-04 00:00:00
f963203238ed23a3000eabb38d9c1f48,449150a1b645337bcbe7ba5cdb8b709e,delivered,2017-12-11 18:25:03,2017-12-11 18:34:29,2017-12-14 20:27:14,2017-12-20 20:38:15,2018-01-09 00:00:00
6a13786d6992a094c95cc09bcd4527fc,17347cd672444b9489c0798ca77ff3f7,delivered,2018-03-23 12:43:39,2018-03-24 12:35:35,2018-03-26 18:19:02,2018-04-04 18:16:32,2018-04-05 00:00:00
2309862661958363d4ce0211d3116498,99c2f528e9be47ab3d3ea403c4bddf42,delivered,2017-12-06 16:26:00,2017-12-06 16:33:31,2017-12-11 22:49:09,2017-12-18 20:22:02,2018-01-09 00:00:00
a2eb5d639e60dc92388b4177edfc52a4,91ab1bd74f89f434cbec29de5cb04181,delivered,2018-05-23 09:06:49,2018-05-23 09:36:29,2018-05-23 13:01:00,2018-06-01 17:25:44,2018-06-27 00:00:00
7977a7516e5cf6cf6bf670061c886126,b6523da9a2d65fc4b8bdc65c5a8475c2,delivered,2017-10-27 10:39:14,2017-10-28 02:50:14,2017-10-30 11:58:10,2017-10-31 22:08:45,2017-11-09 00:00:00
e4716dbd1591288ba2bb3def7ff36503,7c6c03e06257a7db4411272575ccdf1a,delivered,2018-02-27 12:45:13,2018-02-27 13:09:31,2018-03-02 16:46:56,2018-04-02 16:34:51,2018-03-28 00:00:00
cd4fc04c5d3f4263ea1007a1a3f61284,694a1c56c1af648220ff18ead9a21e52,delivered,2017-06-27 11:05:48,2017-06-28 02:45:08,2017-06-28 14:07:57,2017-07-03 09:35:33,2017-07-10 00:00:00
5d008946b4867d5a4cbfb2b94d9e1496,ac4d8a51c24011ff9d9647013254d513,delivered,2017-03-03 09:10:02,2017-03-03 09:22:00,2017-03-09 06:04:39,2017-03-10 09:45:32,2017-03-22 00:00:00
61081143400f0360d4983bb9daafcaa0,f621964af9a78f72764c33882820e953,delivered,2017-04-30 09:19:40,2017-04-30 09:30:10,2017-05-02 13:12:56,2017-05-08 10:29:58,2017-05-26 00:00:00
11b1da117d12c1e9ebd9f86f6e5cb4ae,1efb76fcce7c8218330740e7a96d6cb3,delivered,2017-11-29 18:42:57,2017-11-29 18:54:25,2017-11-30 17:13:20,2017-12-05 20:38:50,2018-01-04 00:00:00
50bce5188c17c3b120c5c3117c156a64,3cc90f58e7f853c7b50c1ae7af1e70cf,delivered,2018-02-07 21:28:25,2018-02-07 22:30:26,2018-02-14 17:55:17,2018-02-19 19:40:16,2018-03-05 00:00:00
4c3302743a4cdbc7c65bb027ea156c35,8fdc898073dadecf0e586b71695696ca,delivered,2018-03-01 18:23:40,2018-03-01 18:49:08,2018-03-02 19:13:57,2018-04-14 00:47:47,2018-03-22 00:00:00
6cbad422849c13ec8f4517ee01a6c02b,23a74d590627edc3207d90d96ec739a6,delivered,2017-03-20 10:49:36,2017-03-20 10:49:36,2017-03-21 11:04:15,2017-05-10 13:40:06,2017-04-06 00:00:00
d02366be68b26b954269321e475a79fe,0ffda100257bd2c6ddb2d5d12a972b65,delivered,2017-08-27 15:29:59,2017-08-27 15:45:22,2017-08-28 18:07:47,2017-08-30 18:10:20,2017-09-13 00:00:00
0064d74f7de7917d54768d7722ad56ac,29dbee0c474f373b72267a9e886522ee,delivered,2017-09-10 21:45:29,2017-09-10 21:55:22,2017-09-12 17:15:00,2017-09-14 17:26:40,2017-09-28 00:00:00
98515e643e7cc228244834ea1b21a345,41ccf0d29107e844c5fcbddcf1dd3799,delivered,2017-12-26 12:57:03,2017-12-27 04:07:49,2017-12-27 16:42:19,2017-12-28 18:36:22,2018-01-22 00:00:00
e911951b98ae5dba91085dd2bfc69ccb,0981cb5376215f2570ccacd95d6ef3f6,delivered,2017-05-22 16:11:48,2017-05-24 03:10:11,2017-05-24 10:34:19,2017-05-25 19:04:50,2017-06-05 00:00:00
9eefad52e5b37dc3e94fc823d63057b5,8946712e249771f86d5cd37ac704b443,delivered,2018-04-13 09:32:23,2018-04-13 09:52:08,2018-04-16 12:46:48,2018-04-19 21:33:09,2018-05-17 00:00:00
ea3d171a91e27a6f523ad45abb5dcf20,8d602b40ad2841e5402806ca03a7a0c0,shipped,2018-04-11 19:12:03,2018-04-11 19:31:25,2018-04-12 19:21:56,,2018-05-03 00:00:00
633f4fc75774571fccaef584dfce5a7b,341d1d77e807609cda6bb8c3f7cc1352,delivered,2017-09-12 16:01:18,2017-09-12 16:15:15,2017-09-15 23:42:36,2017-12-23 20:07:03,2017-10-19 00:00:00
5981f36992c8a99eff941a3d3375b318,58c52c26686328bb3ee2a91b61187f84,delivered,2018-03-30 22:06:07,2018-04-03 05:48:47,2018-04-12 22:12:06,2018-05-15 19:11:32,2018-04-25 00:00:00
6011382a54da3024a3e9650faa1b5e2a,8ca0f6c99642f9b515617efe336fc33d,delivered,2018-03-31 18:47:58,2018-03-31 18:55:18,2018-04-03 18:57:36,2018-04-09 18:51:03,2018-04-23 00:00:00
d66702922aef0a934935edfba929e95a,1664bcafea1725d052fef88e918bf61a,delivered,2017-05-18 12:30:37,2017-05-18 13:10:17,2017-05-24 09:59:54,2017-06-06 09:05:09,2017-06-22 00:00:00
54e1a3c2b97fb0809da548a59f64c813,a0bc11375dd3d8bdd0e0bfcbcdae64e1,delivered,2017-04-11 19:49:45,2017-04-11 20:02:27,2017-04-12 14:47:39,2017-05-22 16:18:42,2017-05-18 00:00:00
88fb107c0a2468a43a4c093490ac14cb,52491a414240dbe07bdf18b97e3bb5a0,delivered,2018-05-18 23:29:57,2018-05-18 23:53:38,2018-05-21 06:09:00,2018-06-06 14:03:57,2018-06-14 00:00:00
208a40ea56ee53cb00f474b6f8f81b63,2bfcc81dd93be776014d3c668a5817a8,delivered,2017-12-28 10:40:45,2017-12-28 10:49:28,2018-01-02 23:19:00,2018-01-09 20:42:54,2018-02-01 00:00:00
7add33917d7c650ee21969733394b5dd,5ffd2bc89ca698961b5ea85d21c80396,delivered,2018-08-13 15:05:14,2018-08-13 15:24:38,2018-08-14 14:48:00,2018-08-15 21:47:26,2018-08-16 00:00:00
2b7ff61de3856030163a52dabe720d2d,da297e6f31e3913b72304bccba8f9436,delivered,2017-09-15 18:49:12,2017-09-15 19:04:11,2017-09-18 19:35:44,2017-09-30 12:53:52,2017-10-11 00:00:00
b540844595095b4bcfe659fba93d3827,64f0b080a4adfff11a2ccca4b0e25fb7,delivered,2018-05-11 09:57:16,2018-05-11 10:17:43,2018-05-11 15:17:00,2018-05-17 16:51:59,2018-06-14 00:00:00
303a4a6b21eb42281f7da1e27d1abac4,a5072138cfe8d6f9751e2d8b6ffb70bd,delivered,2018-01-13 20:26:14,2018-01-16 08:55:03,2018-01-19 23:04:40,2018-02-01 00:29:04,2018-02-16 00:00:00
826e1b7aa6166bdd99e1a6873b3e0c6e,415bbb474198e1203266c0117f438d9a,delivered,2018-05-17 22:02:21,2018-05-19 03:15:28,2018-05-21 14:18:00,2018-06-12 16:09:08,2018-06-05 00:00:00
c0937aec7cd0f2ff17c2586520713fd7,ecf9b752a135d8a5ed108b217efe2dfa,delivered,2017-10-17 18:18:51,2017-10-17 18:35:12,2017-10-19 13:16:03,2017-11-16 20:47:28,2017-11-08 00:00:00
a651dd7999c6a879cc25638f0cc36c54,0ee68d196fe4a4d6d240ebf34824e7eb,delivered,2017-03-21 21:34:15,2017-03-21 21:34:15,2017-03-22 11:54:40,2017-03-30 16:44:51,2017-04-27 00:00:00
c89fd00e1f223872ff105cd5abf2f659,ecc4c57f91567adc1932e27d5913d3d7,delivered,2017-05-11 13:55:12,2017-05-12 02:50:45,2017-05-12 15:05:55,2017-05-17 10:53:55,2017-05-29 00:00:00
18eadded4d37d643ad53765a205ad45b,cd66b3292759297a98c21405c06da1ae,delivered,2018-08-18 20:28:28,2018-08-18 20:49:53,2018-08-21 13:53:00,2018-08-23 19:56:44,2018-08-28 00:00:00
1162cd6cea2c1d4d79492aef88f50618,707460e412768135516dc216222de9da,delivered,2018-02-09 06:57:50,2018-02-09 07:15:18,2018-02-14 17:52:20,2018-03-07 18:17:37,2018-03-07 00:00:00
02d3254501ce969c22c38d060166bf68,0aef4c77e341d8944b0e48f4decaaa47,delivered,2018-07-14 20:33:01,2018-07-14 20:44:01,2018-07-16 12:18:00,2018-07-23 19:32:32,2018-07-31 00:00:00
e49e93b813e0ac281b65ed9e24b2a012,bdbe104fe420757c4bcddb0210c9cd58,delivered,2017-12-04 09:22:20,2017-12-04 09:34:24,2017-12-05 19:09:08,2017-12-07 15:22:32,2017-12-29 00:00:00
33a8bfc8305e6f0805566fbe433ad880,d7e23a70c73c442be1e0ac710cff8ac4,delivered,2018-05-12 11:42:55,2018-05-12 11:55:22,2018-05-14 13:01:00,2018-05-18 20:08:44,2018-05-30 00:00:00
7d6b40109573304141d61d0eb6819e48,1b622df06565612870f1f1ae7f77bee8,delivered,2018-05-29 13:55:18,2018-05-29 14:41:53,2018-05-30 13:19:00,2018-06-02 13:22:53,2018-06-21 00:00:00
ba3fbd2edbc0524c198765b79c67875d,c009189a0fce48a8844dd35feca6025e,delivered,2018-03-11 13:05:57,2018-03-11 13:15:38,2018-03-12 23:16:28,2018-03-22 19:42:52,2018-05-09 00:00:00
364f4189ee16cf9d0af49a63955862d2,c4d9ef5fc824c8a47e0c0aeb6a5566f3,delivered,2017-08-14 08:40:46,2017-08-14 08:55:17,2017-08-14 19:31:18,2017-08-17 19:52:33,2017-09-01 00:00:00
4cbf4f8f95033da28ecc48d007d1b49f,e8c09dff0635a09514761a21369d9c88,delivered,2017-02-25 18:38:46,2017-02-25 18:50:17,2017-03-01 11:48:16,2017-03-09 09:06:20,2017-03-22 00:00:00
cd161a9d0a73af5eaff5b75c6f10d148,581c3fbc5d580eda16d065cfca471865,delivered,2017-10-08 12:59:23,2017-10-08 13:14:20,2017-10-11 20:06:51,2017-10-16 19:07:46,2017-10-25 00:00:00
8860c46d734c9f3a3172bc4a71ec5490,432e733246f0e2b2691830b104eeb5c3,delivered,2018-01-29 10:14:11,2018-01-29 10:39:07,2018-01-30 00:16:46,2018-02-09 14:33:36,2018-03-05 00:00:00
e03a9cca37bb64ee98f8b3fbcb0a76c4,059cf315c631a69e5ae287be4fdab962,delivered,2018-03-21 00:21:31,2018-03-21 00:35:42,2018-03-23 00:51:36,2018-03-26 18:48:57,2018-04-03 00:00:00
d30cce68111e4c4fc146bab365116a17,2dc102d4f63f2218b2afec0c90411985,delivered,2018-02-20 11:06:43,2018-02-20 13:15:23,2018-02-21 19:33:39,2018-03-08 18:06:42,2018-03-29 00:00:00
6ff942529bd6226f816210fb1fa6c0c8,96bc310e7177d02dcd299984e68c8b7e,delivered,2017-08-24 21:54:14,2017-08-24 22:24:14,2017-08-25 20:32:48,2017-09-04 20:21:56,2017-10-02 00:00:00
109b3ecaafb30490a70c27edf80ffa55,8bc6906f82a4f742d3ed867c25d03633,delivered,2018-03-08 16:11:57,2018-03-08 16:54:58,2018-03-09 16:06:36,2018-03-16 16:15:40,2018-03-26 00:00:00
99732cdec64edc7e27f1a79ca75c8b75,79183c117e87633c8857a8e01127a18e,delivered,2018-05-09 14:14:35,2018-05-09 15:11:19,2018-05-10 13:21:00,2018-05-14 20:02:44,2018-05-28 00:00:00
cfa5751e0d7592de9b8993318edb433e,be4ff2f8c48c87270bf96c870b2f7a23,delivered,2018-01-12 12:10:15,2018-01-12 12:18:29,2018-01-19 02:05:32,2018-01-31 17:28:56,2018-02-14 00:00:00
d986aa907c05fe216b9b6edac260abe1,e7cc757ad47309752e53857a37129647,delivered,2018-06-09 13:10:56,2018-06-09 14:08:44,2018-06-12 12:41:00,2018-06-20 15:21:58,2018-07-12 00:00:00
2599eb52c538919cec765e835585bfe9,d1cf3dcfd051e1c16ec0c3efce7a41ae,delivered,2017-11-24 20:50:40,2017-11-24 23:55:55,2017-12-01 18:45:01,2017-12-04 19:04:24,2017-12-08 00:00:00
07732c37b9e8ad65b02e545a3343f361,333ade5abfe19374450d3357e49d0810,delivered,2018-04-18 09:22:28,2018-04-19 02:32:24,2018-04-20 14:56:41,2018-04-27 14:52:48,2018-05-18 00:00:00
d1175caace64414de4ca9404ab747e2e,f0bf95715c175ad8e39251a421a76255,delivered,2018-03-16 23:37:45,2018-03-16 23:50:20,2018-03-19 22:14:26,2018-03-27 17:04:59,2018-04-05 00:00:00
bed92d04d48ce1e3411d7db5c984d57f,db4f1408d600f8309bcc822caefba43e,delivered,2018-08-16 15:46:26,2018-08-16 15:55:23,2018-08-17 12:05:00,2018-08-28 10:48:24,2018-09-17 00:00:00
a0e4b2e02fc8b8fb212ac357f28ec9c3,832916e9b7e8b6e2cbed9dab37b12efc,delivered,2018-02-22 22:42:40,2018-02-22 22:55:24,2018-02-28 21:17:33,2018-03-05 14:05:18,2018-03-16 00:00:00
dd46ed6749361613430203cd85006362,48f03c8ade4452268287d23f6aa1516d,delivered,2018-01-12 23:26:38,2018-01-13 23:28:59,2018-01-15 18:32:47,2018-01-26 19:04:08,2018-02-08 00:00:00
a3ef589d94a7dd3b117dc0e46c29d479,2633beb70257bd835d7574fb203b6ec6,delivered,2018-03-07 10:27:14,2018-03-07 11:10:15,2018-03-08 18:33:31,2018-03-09 19:40:38,2018-03-19 00:00:00
e8ff06be457c1e3e69a8cb51ef9e2806,e01e54289a0e7f4106b62a90860f4487,delivered,2018-04-12 10:57:34,2018-04-12 11:11:34,2018-04-13 18:12:16,2018-04-24 22:16:35,2018-05-07 00:00:00
90531360ecb1eec2a1fbb265a0db0508,f6fff47846276bed044b63474bd38884,delivered,2017-06-29 10:43:25,2017-06-30 02:45:15,2017-06-30 13:53:54,2017-07-02 09:44:54,2017-07-12 00:00:00
bd726a1bcd046edd7019cee8a66245f7,85a0cc8a137bc4c700f160c817467671,delivered,2016-10-08 18:39:08,2016-10-11 11:02:21,2016-10-14 18:00:00,2016-10-15 11:02:24,2016-12-02 00:00:00
2ded8cdec0bcb071385b4d6a6ba4823f,35ef44a2a24e5bf97f5f4c0f950f61fb,delivered,2018-01-13 11:23:50,2018-01-13 11:32:24,2018-01-15 15:32:35,2018-01-16 18:13:38,2018-02-01 00:00:00
c4be264e023710df94440abb4db0a621,828282c08ca2d1d4ec32d670659c1ab8,delivered,2018-05-24 07:15:57,2018-05-24 07:39:20,2018-05-24 13:29:00,2018-05-29 17:38:19,2018-06-11 00:00:00
61564b144139cf4cef395d1b85f72f63,7df2f801c87148ea9fb007344fce46fa,delivered,2017-11-09 19:12:27,2017-11-09 19:27:25,2017-11-14 11:08:55,2017-11-27 20:26:36,2017-12-19 00:00:00
80cd254ae5eface5556a1e1e826936b9,03ff24a1feebe22692496f9d3996438d,delivered,2017-09-08 06:58:42,2017-09-12 04:24:17,2017-09-12 19:12:09,2017-09-21 14:22:00,2017-10-02 00:00:00
9392c5e72885ad5aba87e6223ca9838d,d95f60d70d9ea9a7fe37c53c931940bb,delivered,2018-05-26 19:42:48,2018-05-29 03:31:20,2018-06-04 11:02:00,2018-06-19 17:05:23,2018-07-11 00:00:00
df2c3731dcfbe2f0861182b341c71c82,87bc0b31db47421f9c67a12145740887,delivered,2018-05-02 18:38:11,2018-05-02 19:15:46,2018-05-03 13:35:00,2018-05-09 23:48:44,2018-06-04 00:00:00
2790c1db6fab421570c3a789c96ffd46,606526aa253b452a350ce935064f6418,delivered,2017-10-31 18:03:11,2017-11-02 02:35:33,2017-11-07 19:22:25,2017-11-21 22:18:55,2017-11-27 00:00:00
ce76b310dfe772acd994570f7fca9a2d,5e52ddc89386590ee44e041c06f9b341,delivered,2017-04-19 11:58:54,2017-04-21 05:10:20,2017-04-27 13:16:35,2017-05-02 15:49:24,2017-05-09 00:00:00
f6bc6adf1c408945d9032cad7c5b07ce,25510bd947591a46fc2b5aa2a8caf0ea,delivered,2017-04-22 18:40:23,2017-04-22 18:50:17,2017-04-26 11:20:13,2017-05-03 11:11:51,2017-05-23 00:00:00
bdd374a843bda6af81c48e0680622729,0a74d155c76b730bcb9815de31c8d668,delivered,2017-09-20 18:12:02,2017-09-20 18:24:13,2017-09-21 18:40:50,2017-10-02 18:38:50,2017-09-29 00:00:00
1b9c491d2bd15c21c2e2cfdda8769335,5c62fdf1110532d6dfc480eb049daf59,processing,2017-10-17 16:35:33,2017-10-19 02:49:21,,,2017-11-14 00:00:00
36783db8698edf3ba7585d93b5a1c4bf,87cb7c251cf447f098601c8469b7c843,delivered,2018-03-12 08:31:33,2018-03-13 04:30:31,2018-03-13 20:08:49,2018-04-03 00:22:50,2018-04-12 00:00:00
b74e2b985df55c2df5b2be2d9c1f68b4,3f3102815b8a6a1ad94e102399d6bb03,delivered,2018-02-14 10:34:52,2018-02-15 04:07:27,2018-02-16 02:44:45,2018-04-03 20:12:54,2018-03-07 00:00:00
cc484d1c7265e544f0ec4d9c7a8b04dd,14209a67898310a0e7cd799667d1275c,delivered,2018-02-28 10:15:22,2018-02-28 10:29:49,2018-03-02 00:52:11,2018-03-21 15:56:34,2018-03-29 00:00:00
a4b9a8bb35b5efd617c8c37bf71e364a,4d0a7b1e096fe2e30e6bd910f348d433,delivered,2018-05-14 10:58:30,2018-05-14 11:15:33,2018-05-14 15:16:00,2018-05-18 19:42:04,2018-06-11 00:00:00
36cde427894b4797db8316e92b8e58f2,8ad31d01d748351b17d65242d9222b31,unavailable,2017-03-23 21:53:52,2017-03-23 22:05:36,,,2017-04-11 00:00:00
02145cbff48d443165378d41c0e49e48,c1596c970f5f8765d684e7e6e3421011,delivered,2017-12-22 15:43:22,2017-12-22 16:31:23,2017-12-26 18:09:33,2018-01-10 18:38:56,2018-01-22 00:00:00
73ce66a5f57c87bb706302f36d5db278,456f21a30d45efe1ef661a9ccec0b6d0,delivered,2017-08-10 01:42:45,2017-08-10 01:55:16,2017-08-11 17:52:32,2017-08-24 18:14:03,2017-09-11 00:00:00
8a5fcb4314afcbf3906bd354138b674b,e6b14404e764a575edf95ff97c1ffa90,delivered,2017-10-05 20:31:34,2017-10-06 02:28:31,2017-10-06 20:43:38,2017-10-08 15:33:56,2017-10-23 00:00:00
73cb4ac4aba9d15a0db382e16fc9c784,250c24844db2ce8961d3f0e4303c14c8,delivered,2018-03-20 00:45:23,2018-03-20 00:55:52,2018-03-21 20:52:30,2018-03-26 18:02:36,2018-04-06 00:00:00
befb5a47055c761fb52d876ae90724b6,16eea50d8e5db016deda7008a9c6d5d6,delivered,2018-02-06 21:27:56,2018-02-07 07:10:21,2018-02-09 14:21:07,2018-02-28 18:13:48,2018-03-13 00:00:00
c44b12ec22f1d6794e86f30078e7f65e,94a71e1dd79b5b2c70005b349bdc4761,delivered,2017-11-17 10:24:13,2017-11-17 10:50:49,2017-11-22 00:09:39,2017-11-30 18:23:34,2017-12-11 00:00:00
1faeebbb8849914b3239b29fdc45492a,fbfc35006c2052d44859b474c4366605,delivered,2017-11-09 18:53:00,2017-11-09 19:07:24,2017-11-10 19:12:49,2017-11-13 16:05:18,2017-11-23 00:00:00
0a92bad75c24fdf33ed2a18801262e89,6f4fa91813c10c8199496ff532e05ade,delivered,2018-08-13 20:11:13,2018-08-13 20:25:16,2018-08-15 13:27:00,2018-09-04 20:06:58,2018-08-24 00:00:00
0be5e6659fb39043971e20321fd45edb,527eaf78e1c63a381662225c831bb919,delivered,2017-08-06 10:45:21,2017-08-06 11:03:15,2017-08-07 19:25:28,2017-08-08 22:07:28,2017-08-18 00:00:00
ff9150d22b184f4491b6732e1ca8d81e,6f54dde5119c6224620ffb20a6ceaa82,delivered,2017-03-03 10:11:03,2017-03-03 10:21:54,2017-03-13 08:08:34,2017-04-07 10:47:18,2017-04-03 00:00:00
c6f64ddfd9a519815891070106aa9543,55ff36e7153537cb8aaf5bc849131475,delivered,2018-08-05 07:57:13,2018-08-05 08:10:07,2018-08-06 15:29:00,2018-08-10 18:21:05,2018-08-15 00:00:00
41262f14e0abde70b2d3683fe4b257d6,9d8cd38359ef7bd7197fe4fb0ceaf038,canceled,2018-06-26 18:51:52,2018-06-26 19:18:36,,,2018-07-20 00:00:00
68ad8f293045e31f9097444f2814e436,fcb51e77ad11244f17b29d7d3274fb45,delivered,2018-03-26 19:10:55,2018-03-26 19:26:59,2018-03-28 17:13:42,2018-04-04 21:20:55,2018-04-17 00:00:00
6f238ec63bf03937a0f89a630c3dc1f5,379a9e6829ec6c022436c3cc4088fe1a,delivered,2018-05-17 16:54:17,2018-05-19 03:38:41,2018-05-21 15:51:00,2018-06-05 15:52:49,2018-06-25 00:00:00
11a4c9d2fc6b4d2019d5844288bd23c6,797e79e27bb840bb51f00f7c7913f752,delivered,2017-04-05 00:20:50,2017-04-05 00:30:27,2017-04-06 10:53:58,2017-04-17 11:14:12,2017-04-28 00:00:00
2e5a718ad46c5b831c15ef289d4dbfcb,bf6d7673faf758b906e572a9d0db4393,delivered,2017-10-13 15:55:12,2017-10-13 16:15:16,2017-10-17 19:13:10,2017-10-20 21:07:00,2017-11-03 00:00:00
6e29fafdff2b42dbeca7ed271dea0fc9,61a81040aee00781a11ef32ebf346f1a,delivered,2018-01-13 06:50:03,2018-01-13 08:09:25,2018-01-19 17:48:32,2018-01-22 20:19:34,2018-01-30 00:00:00
f7cc237b35aef540d178cf5c41095769,8b8f446baa0a9364a2feda2c3bd81c45,delivered,2018-04-16 13:04:33,2018-04-17 05:50:54,2018-04-18 13:17:03,2018-04-19 21:56:49,2018-04-26 00:00:00
3122051cc85fb10cbfcd789c0f8afa3b,1bf52ad367e94e6f4e2db513a349336f,delivered,2017-10-07 10:14:19,2017-10-07 10:28:16,2017-10-10 20:22:21,2017-10-17 17:48:47,2017-11-09 00:00:00
9460b0cf19053015adc675b188e5750b,7cc0b4bdda5ded8e2710e12b866a2cf3,delivered,2017-09-04 16:14:27,2017-09-04 16:25:40,2017-09-20 21:42:55,2017-09-26 22:32:31,2017-10-03 00:00:00
ca860fbc7c3132b89e9e134a00652215,043b3cac6240fc110a721919bd6dea93,delivered,2017-08-25 22:08:13,2017-08-29 04:25:55,2017-08-29 16:23:53,2017-09-12 20:39:56,2017-09-18 00:00:00
2e05e404dbee7a30852c84523f222b1e,27188a5b1a74d5a05fa9aa20bd65bdb6,delivered,2017-07-10 10:43:33,2017-07-11 04:20:09,2017-07-11 22:04:13,2017-07-18 18:36:55,2017-08-01 00:00:00
2eac75a073b158b0cc84863c566300b2,80e07b32a70062d3691900d6c26367cf,delivered,2017-06-21 21:22:07,2017-06-22 02:15:25,2017-06-22 16:59:57,2017-06-26 14:23:44,2017-07-04 00:00:00
27716fa717ba13da31a469018472088d,3fd31a8cdac8f844a2c4607ea8b100ec,delivered,2018-02-23 13:47:17,2018-02-23 13:55:34,2018-02-27 16:55:49,2018-03-10 15:58:27,2018-03-16 00:00:00
ba637aace31b817e0f186405ae78ccca,f8e504ca6e18fe0afcf86d5b30817489,delivered,2018-03-27 14:32:43,2018-03-27 14:48:00,2018-03-28 18:24:56,2018-04-09 12:38:20,2018-04-13 00:00:00
3b81b7af81e2eeda1442ed880cd1d860,7347a3e55864090d9ba9034624273f03,delivered,2018-02-16 14:11:09,2018-02-20 07:15:47,2018-02-27 00:44:14,2018-03-07 12:54:04,2018-03-15 00:00:00
f891a5652a32da88979c1328c7cb73db,52bac838b259b33abe6275393223a628,delivered,2017-03-13 22:32:23,2017-03-13 22:32:23,2017-03-17 09:42:09,2017-04-22 20:40:08,2017-04-13 00:00:00
2011ac5bff446ddc9bb1a099d497e634,9dc98f0c9072e797de4761ef57854c8a,delivered,2018-07-28 20:02:32,2018-07-31 03:55:23,2018-08-01 08:35:00,2018-08-08 19:08:45,2018-08-17 00:00:00
6f29a78b96278f733480dcd7b05bf37b,e14e79606972618eb8b5a8423f70b0ad,delivered,2018-02-08 22:30:08,2018-02-08 22:50:35,2018-02-09 19:32:15,2018-02-17 15:23:56,2018-03-06 00:00:00
98c809bf2e8392fc389fdf8e2bfbb856,0d15109f485330cb77c3721039e60cdd,delivered,2018-05-29 10:26:20,2018-05-29 11:18:49,2018-05-30 12:28:00,2018-06-01 17:58:45,2018-06-21 00:00:00
72fcaaf6f276ca11244c4a82bb009eaf,8dc2fd6452f3e7e9a88fcc99525d4294,delivered,2017-10-07 14:35:35,2017-10-07 14:49:26,2017-10-10 19:53:58,2017-10-19 18:03:41,2017-11-01 00:00:00
57a8a1ca9bc2b0e04db9384fa04d23e9,63334b89dcbdc243ea796e9549431458,delivered,2017-09-28 12:03:57,2017-09-28 12:24:29,2017-10-02 21:26:54,2017-10-18 20:59:42,2017-10-31 00:00:00
8661a555bc977c9f38488801be332bb4,939f659b74bb69ce5a0a7c3b3e351a28,delivered,2018-08-13 21:17:50,2018-08-15 03:15:26,2018-08-15 13:54:00,2018-08-22 16:32:24,2018-09-03 00:00:00
be16ab3862dd2927ab1e3cb7434007f6,8ffbd4c4cfea0a904e13014399a74714,delivered,2018-08-17 07:01:01,2018-08-17 07:10:36,2018-08-22 13:17:00,2018-08-30 18:04:09,2018-09-14 00:00:00
6705f845a3ac46ab9725d0bd82338450,1599a010ac8a6078580e56db727fb523,delivered,2018-02-26 13:12:49,2018-02-28 09:29:34,2018-02-28 19:22:53,2018-03-10 01:51:57,2018-03-16 00:00:00
32980a0c990d84e3f2c3e9838a4abc1d,26b4fba1498f6b818ce6074cd08b586a,delivered,2018-08-08 11:22:50,2018-08-09 15:55:17,2018-08-10 11:50:00,2018-08-16 20:26:32,2018-08-21 00:00:00
529aada4497d124d483d26ebb8ae9606,48d8c257cbd8447a8503e559a8b8cca9,shipped,2017-11-15 18:16:13,2017-11-15 18:30:32,2017-11-17 19:19:34,,2017-12-12 00:00:00
c91777dfda137af11e863a97854b07f4,2b2e382a46cc4a7fa1a7b5b16c70ff3c,delivered,2017-12-12 10:49:13,2017-12-12 10:59:29,2017-12-14 00:23:39,2017-12-20 20:58:53,2018-01-11 00:00:00
668bd37bba51d3c2a919f037ce6194f1,2c2bcf944b97315ce5d725bab871fbf1,delivered,2018-02-05 11:43:32,2018-02-06 03:48:32,2018-02-08 12:56:05,2018-02-20 21:49:05,2018-03-02 00:00:00
08fe747a18955f4657172a09f1660620,5ac428ce4c03f5de316e89f6bf056560,delivered,2017-09-30 10:25:07,2017-09-30 10:35:19,2017-10-02 19:19:03,2017-10-11 23:04:00,2017-10-27 00:00:00
0d5a676d302e3fd20182bd158cde4371,c2640db8a9066c36b353784500821c57,canceled,2017-11-29 00:05:15,2017-12-01 11:32:19,,,2017-12-13 00:00:00
b4b739c397c50fc7144469c4f7a8d29f,6967ab56f3134498a1e33e8c5b044687,delivered,2018-01-29 17:14:12,2018-01-30 04:31:28,2018-01-31 01:14:48,2018-02-16 22:25:53,2018-02-23 00:00:00
bb49659cbfeb7902da012d808cd4ce4f,2d4e1d3824063f98e900499acd58e464,delivered,2018-05-04 15:56:31,2018-05-04 16:13:35,2018-05-07 15:04:00,2018-05-08 17:25:38,2018-05-18 00:00:00
ee4f8c845714cc804ba574f357113590,727b6f36c84dbd98528755de77c36ae4,delivered,2018-08-01 23:12:08,2018-08-01 23:24:01,2018-08-02 14:27:00,2018-08-06 16:58:45,2018-08-10 00:00:00
2e36e67d9f5da20bc4617f15a48b91d3,222e5a3d31e13ba6df622fc2a65e88a6,delivered,2018-03-13 20:05:18,2018-03-13 20:15:38,2018-03-14 18:31:23,2018-03-17 11:06:22,2018-03-23 00:00:00
6deb31531870ed931a10e04108e13c52,467ee3ac57bff4d98e3aa47e98f187fc,delivered,2017-08-25 11:29:01,2017-08-25 11:45:02,2017-08-29 20:47:36,2017-08-30 15:33:48,2017-09-08 00:00:00
c31876a0ff2a03a0c09d0b62119b6e1c,26120b568aef1c471bbeb6aefad27cb1,delivered,2018-03-21 23:57:29,2018-03-22 00:15:37,2018-03-22 21:16:40,2018-03-27 18:35:51,2018-04-12 00:00:00
e96cffc8c55d8d7c434915f9e18de013,f7599e46ea809dd9624aea2718fe692b,delivered,2018-04-21 00:58:39,2018-04-24 17:43:39,2018-04-25 13:14:00,2018-05-08 17:58:53,2018-05-18 00:00:00
af6962e783e8c05ad856fde27aefc00b,fa0465f5c38e1f92e59289280d44cc21,delivered,2018-06-08 01:41:36,2018-06-09 02:57:14,2018-06-12 15:40:00,2018-06-20 18:05:29,2018-06-28 00:00:00
cf1ff716be04ebeff7831c79c17f9151,3e0483e69ad990a67229dcaee3b37cf4,delivered,2017-11-28 18:44:57,2017-11-28 18:57:02,2017-11-30 20:48:21,2017-12-03 13:24:11,2017-12-15 00:00:00
23bb9807759656cf1a127051f168d6bd,1023dede418d95202d1fe335005e1844,delivered,2017-12-02 15:18:03,2017-12-02 15:38:11,2017-12-07 20:22:34,2017-12-18 23:42:22,2017-12-27 00:00:00
c5e7393e8d0c01dc92c41bc4684f1c45,02470f4de93d257745873d383dbca7b0,delivered,2018-03-10 01:59:38,2018-03-10 04:00:59,2018-03-12 15:48:34,2018-03-31 11:38:36,2018-04-26 00:00:00
51491c23fabcfdfc4950c9073911b993,01b4d8edfd68874d23092c8fcb6a4edb,delivered,2018-06-15 20:41:53,2018-06-15 21:01:23,2018-06-18 12:32:00,2018-06-25 20:41:44,2018-07-24 00:00:00
7ed1f028ae9291bb2f0e80683526867f,92baec73466089a352a95f1ec4716688,delivered,2017-10-01 11:10:48,2017-10-01 11:23:39,2017-10-03 17:27:06,2017-10-18 20:44:59,2017-10-31 00:00:00
2cb28ae28f6e5c600cb9fb13d1a2b244,974a20a7137aa2bc93f1f67efcc6fea7,delivered,2018-03-23 22:45:52,2018-03-23 22:55:33,2018-03-27 00:12:23,2018-03-28 19:12:04,2018-04-05 00:00:00
0ff35367e334d813e6430388f6769dc3,2283082a4205df69547d4916bc5d2f39,delivered,2018-06-04 08:43:48,2018-06-05 04:52:01,2018-06-05 14:59:00,2018-06-07 03:03:47,2018-06-28 00:00:00
3e851df052741b8294183d372f0bf1a2,79c9f17f45207ca205c42da2b03a7359,delivered,2018-01-04 22:52:45,2018-01-04 23:07:54,2018-01-05 22:29:24,2018-01-23 17:29:10,2018-01-31 00:00:00
18131b2990b1052f6a818f25ee7c332b,018150959151a39894d01128bc358aed,delivered,2018-08-21 14:19:34,2018-08-22 22:25:12,2018-08-23 13:54:00,2018-08-29 18:32:36,2018-09-21 00:00:00
a3be6697885b394b9fa9a177c3f46239,af17b6675899e3cbae027434a80dd3a0,delivered,2017-10-30 12:59:35,2017-10-30 13:11:08,2017-10-31 18:48:49,2017-11-08 23:33:30,2017-11-24 00:00:00
f99260ff704e2093540102a797c0a7cb,1c902b37a0bca21307de0544a1293a97,delivered,2018-01-26 00:07:55,2018-01-27 11:57:23,2018-01-29 19:33:54,2018-02-06 20:19:10,2018-02-26 00:00:00
5f1b8bb7f55f4d47d219bdb855d5a142,5b16024e8e920ebc5f146d934d0ee190,delivered,2018-04-17 00:41:54,2018-04-17 00:55:25,2018-04-20 19:38:41,2018-05-03 17:16:49,2018-06-12 00:00:00
6efb320b35e0ec4002d7425572316b3f,cdca23dcfb75887106ea8bd3295be0c0,delivered,2018-01-22 16:20:14,2018-01-24 02:38:27,2018-02-08 13:08:06,2018-02-14 18:58:38,2018-02-23 00:00:00
853847abbd6dd9c640113b42c3f10cf5,6ec65af2b814c010aa7203889f8562cc,delivered,2018-05-14 13:42:01,2018-05-14 13:57:03,2018-05-15 14:42:00,2018-05-18 14:22:12,2018-05-29 00:00:00
64041309de8b56af89aa23c98870eb93,1fca8845165230ef8a52bc9908932971,delivered,2018-06-01 22:24:11,2018-06-01 22:51:24,2018-06-04 13:33:00,2018-06-12 20:03:55,2018-07-20 00:00:00
32c1eb77cf7ceaa6358640e4cad0d14c,84e34881b136d4bd4a43c7ecac79b090,delivered,2018-07-05 22:39:59,2018-07-05 22:50:57,2018-07-06 10:10:00,2018-07-10 22:46:39,2018-07-18 00:00:00
3b2ed015a009d565797abd448a431da5,ff1aa5b5c7890d273cc15e9ab91393d2,delivered,2018-01-26 20:15:00,2018-01-27 02:40:14,2018-01-29 23:23:19,2018-02-06 02:58:45,2018-03-01 00:00:00
44c86e534686d17733facffd8201375d,eb50e8f29cd48dd8cd13d7f9a24d531e,delivered,2017-11-24 17:23:34,2017-11-24 20:54:00,2017-11-27 13:03:56,2017-12-02 10:59:15,2017-12-14 00:00:00
3ef63bbc5cfb1ac8a9454f5c5e29b1cf,9044dc01c6e9883f46c56c147c6c61f5,delivered,2017-08-07 10:55:34,2017-08-07 11:10:16,2017-08-09 17:32:56,2017-08-22 14:55:38,2017-09-11 00:00:00
51e3f832063f79a142e48f488f4e880b,75855a1905ba47d028bd9b3cae0c69c7,delivered,2017-11-23 21:46:16,2017-11-23 22:13:27,2017-11-24 16:57:12,2018-01-08 22:48:23,2017-12-20 00:00:00
d56a6e6511ca428852199722032e8fe6,9666b03410dc81655aabf99feea813ba,delivered,2017-07-28 14:15:36,2017-07-28 14:25:13,2017-08-02 19:41:00,2017-08-15 18:46:53,2017-08-28 00:00:00
5ca57aaa41a5c6f09fb5e21506809d3b,9c4abe64ac104b3b844cc047a4b9124a,delivered,2017-10-16 23:56:11,2017-10-17 00:07:27,2017-10-21 12:27:46,2017-11-02 00:15:49,2017-11-13 00:00:00
fa28dc999d03478eafedaac9ea359d4e,2e0dea6d8a10373b616e45283733c486,delivered,2018-03-21 21:36:02,2018-03-21 21:49:00,2018-03-23 19:32:23,2018-03-26 19:42:31,2018-04-09 00:00:00
8b109a282174ec781c7c0793eda8be06,bd4f8a3189df658a5278e99ce0d6e94d,delivered,2018-03-16 10:33:10,2018-03-16 10:49:00,2018-03-22 22:36:04,2018-04-07 10:11:33,2018-04-12 00:00:00
0b8558ffb8ef05e5abef8d7bf4a95884,362a2ed4cfc696ffb1b54029c4886493,shipped,2018-02-19 18:36:01,2018-02-19 19:35:35,2018-02-20 23:12:37,,2018-03-09 00:00:00
1995226c73acf6318abfc4b4c9c74066,86bf8cd37ddc4f324fa6d2c1607f443a,delivered,2018-04-12 18:20:05,2018-04-14 11:35:15,2018-04-17 22:12:36,2018-04-18 13:57:51,2018-04-26 00:00:00
4f6d9a586fd193f129a604d6fd011177,e1590b7d981e0275dbbc1f44e0649716,delivered,2018-06-24 15:32:03,2018-06-24 15:59:00,2018-06-25 15:03:00,2018-06-29 19:34:35,2018-07-17 00:00:00
89c79b8e224ee3fb7c73bb47b6074891,9a3cefd7682653a40d7301eed503fa8c,delivered,2017-12-18 20:42:39,2017-12-20 06:57:45,2017-12-21 16:07:58,2018-01-15 18:21:47,2018-01-19 00:00:00
fc44d27a4439d26e8ead6e656c28cbd2,992527e4a6e623c4756e60b7b17b1cfc,delivered,2018-04-04 18:21:55,2018-04-04 18:35:20,2018-04-06 19:06:41,2018-05-09 20:18:52,2018-05-03 00:00:00
3fadda9b9439e6264745e868c55332ba,f55634234244a7695ebbda7abd098b47,delivered,2018-02-27 16:54:49,2018-02-27 17:40:27,2018-03-06 11:18:21,2018-03-24 21:04:06,2018-03-22 00:00:00
f417219cc64e796bb6bcd1a41d3fe308,629202920f3647c33d7e92c7d1934961,delivered,2017-09-05 20:57:30,2017-09-05 21:10:15,2017-09-12 16:33:30,2017-09-14 17:22:08,2017-10-03 00:00:00
f08527d5eca32c6e47ff0739e7d3a9ee,19a711e98604319cc859cd5ddf70c1b4,delivered,2018-01-11 10:38:51,2018-01-11 10:50:26,2018-01-12 21:09:52,2018-01-25 23:56:52,2018-02-14 00:00:00
b80b95480b127e335cc78649633b665f,683037a185ea1cfa11ca3ceddaa2d9bc,delivered,2017-09-05 19:58:18,2017-09-07 02:43:38,2017-09-13 02:41:45,2017-09-22 21:56:35,2017-10-13 00:00:00
293d80b0abbf0b387d7e77eee30599cc,16173c05122081a7573818c1a5f6c4ff,delivered,2018-04-15 11:42:21,2018-04-15 11:55:20,2018-04-17 14:50:45,2018-04-25 13:26:54,2018-05-09 00:00:00
0e784a85d6f7aa0ffe9a41d81f5a4ecf,1d636a8416fe1f6f377e6a5aef5ea6da,delivered,2018-07-31 10:00:48,2018-08-02 05:15:25,2018-08-02 14:31:00,2018-08-03 22:24:49,2018-08-03 00:00:00
fa03e623ac862f8a010b31c379fff90e,9d419193755e034d735058db0cb195bf,delivered,2018-06-27 22:32:10,2018-06-28 00:35:11,2018-06-28 12:09:00,2018-07-03 02:06:35,2018-07-18 00:00:00
f162c6cbd93bb5eebd520d6f654cf7cb,9ef0a3bfdd0307c3f1e11e12316732d3,delivered,2017-09-12 17:56:15,2017-09-13 03:36:12,2017-09-18 17:07:29,2017-09-21 19:08:04,2017-10-02 00:00:00
9c4bf952a421aa0ddf8714352db3f799,bd82e4fa6d9ab6c7c40ce2b13c3496f1,delivered,2018-01-28 19:37:26,2018-01-28 19:59:06,2018-01-29 23:32:22,2018-01-31 20:41:34,2018-02-14 00:00:00
f045a5288c6c147b39b28a8a57357722,9addbda17e1bb5d5cfdbdd7cb0a7eeec,delivered,2018-06-11 22:59:27,2018-06-11 23:18:32,2018-06-13 14:33:00,2018-06-14 21:22:37,2018-06-20 00:00:00
b465b096e042571f13c2e9e8e15122a5,41c2040a93d27479733b7d7b943e1ad1,delivered,2018-01-06 16:12:41,2018-01-09 11:55:35,2018-01-15 18:55:58,2018-01-16 15:02:44,2018-02-08 00:00:00
1475652ad485c6469bd02393c70fdaa9,204d0477c079846f2a02ee4d0b15e267,delivered,2018-01-14 22:38:15,2018-01-14 22:49:38,2018-01-17 18:53:13,2018-01-18 23:07:12,2018-01-30 00:00:00
3744e7b8effd50b00d69f3d094842760,d53e918649c306473b41cedff2f7f043,delivered,2018-06-28 13:20:09,2018-06-28 13:31:33,2018-06-29 11:12:00,2018-07-04 12:27:54,2018-07-27 00:00:00
b4172815f53972366f125cc2b0e28ca7,89ec836debcdac8b168d55b0cd28b2ab,delivered,2017-07-17 20:35:27,2017-07-17 20:45:17,2017-07-19 22:17:53,2017-07-26 18:33:45,2017-08-18 00:00:00
2f8efac9068ded7f96cea13ecf271dd7,a0dbda9ba9675d8f5837d7d143314701,delivered,2017-05-28 20:16:50,2017-05-28 20:30:17,2017-05-29 07:07:55,2017-05-30 11:13:03,2017-06-12 00:00:00
6fa816a50da044a1d17ec9bc408c8d7d,6ad48bc2c6b7b02239848758acf6c6a5,delivered,2018-07-22 21:10:35,2018-07-23 12:32:08,2018-07-24 14:42:00,2018-07-28 13:09:17,2018-08-10 00:00:00
3a05c5202070d944a10db60144ddf04b,78ee827873e4946a08fd80efaf75140d,delivered,2018-07-01 00:25:23,2018-07-01 00:48:31,2018-07-02 11:57:00,2018-07-06 17:51:58,2018-07-25 00:00:00
de4090fd9b7900d46323b0c7c36b7128,6f750933c4466edfcd08b82f4ddfd920,delivered,2018-05-05 10:27:28,2018-05-05 10:35:22,2018-05-07 14:11:00,2018-05-11 23:58:49,2018-05-30 00:00:00
ea67dac121b11211fed4d9b9f5f3590b,ab90591256af2a7243bfffaa9ac7a870,delivered,2018-05-10 21:50:13,2018-05-10 22:16:49,2018-05-14 14:02:00,2018-05-19 19:58:40,2018-05-25 00:00:00
54190ac792fe31ba85861d9b8c5109c4,772bc39f945af45cdf5168ed7ffb5204,delivered,2017-06-15 09:49:50,2017-06-15 10:02:57,2017-06-19 20:05:58,2017-06-27 17:41:56,2017-07-12 00:00:00
a38f658be81cb0101121c8a7fdc5efae,84122f2d938db6827af18bf927d56051,delivered,2017-12-26 10:24:19,2017-12-26 10:31:29,2017-12-26 18:48:04,2018-01-05 16:48:53,2018-01-16 00:00:00
a1dfba002c399f4899de69e3bc83e2f2,5172f1196773bb1f6f912da9c64facb3,delivered,2017-10-09 13:51:33,2017-10-09 14:07:08,2017-10-10 16:09:30,2017-10-17 18:48:51,2017-10-31 00:00:00
faae3d4acaaab21062794c932248e58b,bcf9cd830b56f139f4af1258ce8978be,delivered,2017-10-23 00:13:46,2017-10-23 00:28:20,2017-10-24 17:14:44,2017-11-06 20:36:20,2017-11-14 00:00:00
a435fd4d1e31fb6948a243c50533c1a6,262f9e6567891bd8c5bcdfe9aaa67e4b,delivered,2017-11-24 15:41:04,2017-11-24 18:51:40,2017-11-27 13:58:52,2017-11-28 16:42:57,2017-12-08 00:00:00
2af1664ed08d6f1bc9b2c0e743cafded,64c9a979badcca497531f08b91c67c21,delivered,2018-07-24 13:10:36,2018-07-24 13:30:10,2018-07-24 14:37:00,2018-07-27 12:34:48,2018-08-07 00:00:00
76de219e02a69e67c85ab229f27eee44,39a5f9a6741051a2b753e8e279ad0bae,delivered,2018-04-12 14:18:45,2018-04-12 14:33:09,2018-04-13 20:18:32,2018-05-17 17:32:43,2018-04-30 00:00:00
d4acee3ee57cea5cac8b23fadcabbeda,87a75fc08a55a06e838d10c7a7037bf8,delivered,2018-03-27 12:28:30,2018-03-27 12:47:29,2018-03-27 22:36:47,2018-04-02 16:33:11,2018-04-13 00:00:00
25f5fa53bb18e8f31ee6911fcc833414,b5422841969e355653f1d85b8bf8e104,delivered,2018-03-13 18:01:58,2018-03-13 19:00:27,2018-03-15 17:37:19,2018-03-20 00:48:39,2018-04-04 00:00:00
a88ebb416476bb5c50111622847afcf8,5fee696482bd8b0db6cb196b33e5addc,delivered,2018-03-02 15:03:37,2018-03-02 15:15:39,2018-03-05 19:28:53,2018-03-22 19:58:31,2018-03-29 00:00:00
f44d571d6da6dd1daf4ee2de7e006b6b,ae8bf740f3e8168f8d0ea2a646b1534f,delivered,2017-06-01 23:06:00,2017-06-03 02:30:25,2017-06-05 17:08:23,2017-06-06 12:44:07,2017-06-14 00:00:00
85924005925accc8a231a9d98c6d0fea,ae34215e10534bfc372025bc69c7034f,delivered,2017-11-27 19:31:36,2017-11-29 02:22:18,2017-12-05 23:54:32,2018-01-12 22:36:44,2018-01-04 00:00:00
4862027da7986ac571a0bd91458ec358,bcd36b6e86d6863f5b9abd45471c81bf,delivered,2017-10-09 15:55:06,2017-10-11 07:36:48,2017-10-17 21:51:58,2017-10-19 22:27:32,2017-10-27 00:00:00
a1d133bc443028eeb5c7c59e70414ebd,130a5fc65a67e5314a71252a4a8b1e35,delivered,2018-01-15 08:03:54,2018-01-15 08:14:19,2018-01-18 21:51:48,2018-01-26 20:11:45,2018-02-07 00:00:00
48c5decbdf6fcf15cdf335a81ef879c0,83f9b0b0944c671084d7458c71d2ca03,delivered,2018-04-08 21:09:38,2018-04-08 21:29:27,2018-04-11 02:12:39,2018-04-24 14:42:56,2018-05-04 00:00:00
38cd9a16e2ee3ee519de420fc15d77ff,22f9f88866a23edb1a9a66be3970fcf7,delivered,2018-05-17 16:53:52,2018-05-18 00:38:47,2018-05-18 09:16:00,2018-06-09 11:04:14,2018-06-05 00:00:00
5f320558febd0e414d9a52714cfbae31,4c3c1fb477dbc45b3084f8c54902866b,delivered,2018-08-02 12:06:17,2018-08-02 13:04:24,2018-08-02 13:38:00,2018-08-08 18:18:51,2018-08-14 00:00:00
6e273ddda8f080e930bfd87f011395c7,c45211185ff26d002509859f90460211,delivered,2018-04-12 23:40:00,2018-04-13 13:14:28,2018-04-17 22:18:30,2018-05-12 00:22:37,2018-05-16 00:00:00
03f2f876bfee9ea9a502ec0d8a664e4c,b31e3de2a253154bdd28a4f1f252b1ed,delivered,2017-11-29 19:35:55,2017-11-29 19:57:15,2017-11-30 18:04:14,2017-12-01 15:34:41,2017-12-15 00:00:00
30b971d10c8ea1517964eb4b7f720f2c,98a99b42d086d32ac68864925c5ab7c4,delivered,2017-09-01 08:14:59,2017-09-01 09:25:10,2017-09-01 14:53:02,2017-09-08 22:06:44,2017-09-21 00:00:00
955340008b55220de4e15932d6e1da20,8697380aa3aea71a75cc47cf792a1c13,delivered,2017-08-17 09:07:02,2017-08-17 09:24:38,2017-08-18 17:41:21,2017-08-21 17:13:27,2017-09-05 00:00:00
dbaa485d0f1b926d88f11b5c685d6bf2,496c72dd8fb5f70127268e2ec401345e,delivered,2018-06-09 15:38:46,2018-06-11 10:32:28,2018-06-11 14:10:00,2018-06-21 15:34:55,2018-07-27 00:00:00
7ce4e38f4eadd993bb5b2e60bb7f7bec,945ff008560255cc327d509beeefb54f,delivered,2018-08-08 14:46:45,2018-08-08 15:05:01,2018-08-08 13:29:00,2018-08-15 18:55:45,2018-08-28 00:00:00
af2359d82e9c9faf082ef72d57250a80,1b3ada300061b03f4944c669e5030ca0,delivered,2018-02-07 18:32:45,2018-02-07 18:50:15,2018-02-09 02:07:45,2018-02-20 16:39:19,2018-03-08 00:00:00
15648e2019911c02505299339dfbde71,18f7e8c7de57a6bc987cad0e9f587d98,delivered,2018-02-20 20:57:52,2018-02-21 07:50:19,2018-02-21 20:07:55,2018-03-08 18:18:26,2018-03-15 00:00:00
4cb24865009af24b4fba1f3dbe0d1445,c7db870d125da0f8f7e2042374762427,delivered,2018-05-09 17:42:22,2018-05-09 17:55:24,2018-05-10 15:34:00,2018-05-18 04:50:30,2018-06-05 00:00:00
2d070e3a721ccc7ea881f090802680ea,47a4cd5018d5927be7de854f4eb0f12c,delivered,2018-05-13 23:59:36,2018-05-14 00:14:32,2018-05-14 14:50:00,2018-05-15 20:32:21,2018-06-01 00:00:00
912343626f370ead5ef2e85a9d757e22,f7622098214b4634b7fe7eee269b5426,delivered,2018-06-01 19:08:41,2018-06-01 19:31:26,2018-06-04 11:38:00,2018-06-15 00:05:57,2018-07-19 00:00:00
9099f7b4fbc5f14bdeb753e5114872e4,4b5df49aff7578c1ea821bab40608b04,delivered,2017-05-23 19:20:02,2017-05-23 19:35:10,2017-05-24 12:35:42,2017-05-29 13:24:43,2017-06-12 00:00:00
f162b64870a8b725213ab6ad3007bc6f,06a36e2121cd25bcaeaa79ff09974ce7,delivered,2017-06-08 23:58:19,2017-06-09 01:22:36,2017-06-12 13:05:17,2017-06-30 15:24:47,2017-07-03 00:00:00
2d3a9613540af5e9c2ceb366d9db5720,66cc388227b8fa09fad9254eafd1f9c1,delivered,2018-04-16 18:44:35,2018-04-17 17:50:45,2018-04-25 12:55:00,2018-05-23 15:56:47,2018-05-18 00:00:00
7e8a02cddca8f2dccebedb8b6b75ba5b,8825ddd25aa90c9895c662c03975ba06,delivered,2017-12-05 13:50:32,2017-12-05 13:58:27,2017-12-07 23:09:03,2017-12-11 21:42:23,2017-12-22 00:00:00
439e088d80f64c9fb6491a96e37d7ed7,4b6663161ebbc88f81e39c014aed00ac,delivered,2018-07-06 15:21:12,2018-07-06 15:35:08,2018-07-13 13:42:00,2018-07-14 18:54:34,2018-07-27 00:00:00
e1a9073ab42d6cbd16dcf2aa7d695f6d,5f6afb0591f38a26989947e3617c9f91,delivered,2018-04-06 10:33:36,2018-04-06 10:49:46,2018-04-09 20:04:04,2018-04-25 13:06:56,2018-05-15 00:00:00
9acc06ae2e1207f5e808f38266a19328,1c885028d31048a165666372df88a573,delivered,2017-12-06 20:39:46,2017-12-06 20:51:31,2017-12-07 22:29:33,2017-12-19 17:12:13,2018-01-08 00:00:00
a662d10f23e89a7efa93b6d02329d18c,75d126a99e57ae6ed59ff56708f2accf,delivered,2018-05-08 07:28:14,2018-05-08 07:50:22,2018-05-08 15:18:00,2018-05-11 20:18:28,2018-05-22 00:00:00
4725eb9672221e03c250c9a5ff5736e7,c46151503cf77d0f69c750452f534870,delivered,2017-11-23 11:47:25,2017-11-23 11:55:54,2017-11-27 13:14:40,2017-12-18 19:58:00,2017-12-12 00:00:00
b293c0e73bfa20e036be738d8c66f8c6,5f2b65ce4bfb96de1567bddfa47abcac,delivered,2017-09-11 14:49:24,2017-09-11 15:24:01,2017-09-12 19:33:38,2017-10-02 21:26:52,2017-10-04 00:00:00
7b390db779af286692f8ed14cde29ddf,58cb54447b21f4aca2465eee852e23b0,delivered,2018-05-09 00:20:27,2018-05-09 00:32:43,2018-05-09 13:22:00,2018-05-21 20:48:30,2018-06-04 00:00:00
aaa4c8bb37dd88031c3b22a269ed74ea,c0a31fd7423fce388df3c2ce2f981540,delivered,2018-08-16 23:18:21,2018-08-16 23:30:14,2018-08-21 14:53:00,2018-08-23 17:56:36,2018-08-27 00:00:00
140d9953eb16589e277967bbfcdf7ac5,2a1dbcc0c26487ca29fe53b16de930a5,delivered,2018-08-21 12:35:25,2018-08-21 12:51:02,2018-08-23 14:24:00,2018-08-27 18:02:19,2018-08-24 00:00:00
f26e384b92781c0afd3009e3da835c21,ae06e61f0d88e749130ffd7dde18c0fe,delivered,2018-03-25 20:52:23,2018-03-25 21:08:25,2018-03-27 19:37:29,2018-03-29 21:51:46,2018-04-06 00:00:00
a95233889b00b4d7f6e1469e15bbeb1d,83ea5d4cd198792de3596cf94415c907,delivered,2018-07-20 17:04:49,2018-07-20 17:15:16,2018-07-23 11:23:00,2018-07-30 18:03:48,2018-08-15 00:00:00
0decbe12758413b8bdfe6128f949c13f,9317734b9df707723cc73d49964501d6,delivered,2018-03-16 17:56:52,2018-03-16 18:08:25,2018-03-19 19:58:33,2018-03-23 18:03:21,2018-04-13 00:00:00
32a2a69103ff2fe1402e4d61c624c5b4,3565613fe710f2c1b649ba423c0dbfb0,delivered,2018-06-26 13:53:10,2018-06-26 14:17:16,2018-07-02 10:33:00,2018-07-05 16:50:42,2018-07-23 00:00:00
9c9519dbd0554cfc5c787fdc7fa8ff42,e77c725677d8c9c7a37159276095b116,delivered,2018-07-30 19:58:23,2018-07-30 20:30:51,2018-07-31 14:18:00,2018-08-07 20:22:47,2018-08-28 00:00:00
32974bc1499a6c903d54eec9eeae8fff,16f656f511e27cc3fbf91cbc28c415d3,delivered,2018-02-18 16:05:32,2018-02-18 17:10:21,2018-02-21 20:18:13,2018-03-05 12:55:08,2018-03-19 00:00:00
49e9a33958600b70cd7167fa011317ef,5b52bf026f62860b9ca706652f1426c9,delivered,2018-02-04 22:23:22,2018-02-06 05:31:44,2018-02-06 18:16:25,2018-02-16 19:29:45,2018-02-21 00:00:00
80083ca1275ffdba0b75eabe6fdf39d5,d7b1a2fde9b70a251c68b6a366594869,delivered,2017-08-26 13:15:24,2017-08-26 13:30:07,2017-08-30 14:59:59,2017-09-06 19:13:26,2017-09-18 00:00:00
9e2430e1381d80fc3665bf37356d87a9,8f0330f6cfa5e1fa144a24ae92027eee,delivered,2017-11-24 23:15:50,2017-11-25 02:14:59,2017-11-25 15:49:59,2017-12-04 20:03:36,2017-12-18 00:00:00
9a5d120ae552d50b367cad2bbd87caa0,01ee3674cbbee7421ea03a3549f0c74d,delivered,2017-05-07 16:18:17,2017-05-07 16:30:17,2017-05-09 06:48:37,2017-05-29 09:25:51,2017-06-12 00:00:00
aa7c3f20fab2d3cb0f76ab5165e47618,a907c1cc7d54627276af64647fbd61ad,canceled,2018-02-15 11:40:45,2018-02-15 11:50:38,,,2018-03-09 00:00:00
3c116d50bb76160ee1d7a2e8f5791427,d056f27116f163ae6d99dff3d169c032,delivered,2017-01-12 18:30:07,2017-01-12 18:44:39,2017-02-16 04:24:07,2017-02-24 16:45:39,2017-02-22 00:00:00
7ecb65884485f612cd43998556999634,152145022a0e395ebe376ff5fc7ca128,delivered,2018-03-30 13:29:51,2018-03-30 14:15:19,2018-04-05 17:56:38,2018-04-07 00:33:43,2018-04-12 00:00:00
7e746592e95b3026beaecc92855b04b1,53b2109f24917c2cfae72518daf4fd8a,delivered,2017-08-28 20:15:12,2017-08-30 02:11:00,2017-08-30 19:14:44,2017-09-05 19:12:38,2017-09-19 00:00:00
39f59663a51684e7a63cb122f615af62,aa4eb9272c6c81c77a35150f92e830af,delivered,2018-07-18 10:09:42,2018-07-19 03:05:17,2018-07-19 14:09:00,2018-07-26 23:38:43,2018-08-15 00:00:00
1863ea0df317ace17a6b6021020c2fd8,29554c8dabea94740eeb53e3d5e09478,delivered,2017-03-07 09:32:21,2017-03-07 09:45:16,2017-03-09 08:58:52,2017-03-13 11:24:06,2017-03-29 00:00:00
e1017b936851c9cfe214af471fa314ac,54021a19ab55f5700fad6fb14ca8ec17,delivered,2017-12-06 16:58:56,2017-12-08 16:53:56,2017-12-12 22:07:04,2018-01-04 22:22:50,2018-01-02 00:00:00
520fe4623f683411666af8d286b981b9,03caaa2424ad1eac4fa728131f432da7,delivered,2018-05-01 12:25:50,2018-05-01 12:59:28,2018-05-03 13:58:00,2018-05-05 01:08:46,2018-05-10 00:00:00
c5e7498e13b3cedcde9bbefcd98596e4,801bb18cc4e4328bfe7c8094fba43fd4,delivered,2017-12-09 01:11:26,2017-12-09 01:43:53,2017-12-19 00:25:51,2017-12-28 21:24:55,2018-01-04 00:00:00
13bc2aa1a887b018329663498f5e00ab,830f73ec04ebe308bbeeefd3b066bd77,delivered,2018-04-23 20:05:16,2018-04-24 18:41:32,2018-04-25 14:30:00,2018-06-02 13:41:02,2018-05-22 00:00:00
457750fb17f45c74af0c5ffa002c294b,de281e7aa3ddf4dfa36b4253ce263ed7,delivered,2017-11-25 10:43:28,2017-11-25 10:54:52,2017-12-01 16:51:28,2017-12-09 00:33:48,2017-12-15 00:00:00
e650080e8d5ef14f87c849fa64fdbc85,c7dea15609f6f9f847e5ab841d72d8d4,delivered,2018-02-05 18:08:41,2018-02-05 18:30:06,2018-02-06 21:07:52,2018-02-08 17:08:56,2018-02-21 00:00:00
b150b9b90a70a0313138f20db412321f,d56b30201c33d06cdf8a42709f7c0a4f,delivered,2018-04-04 14:29:46,2018-04-04 14:49:45,2018-04-07 00:13:34,2018-04-26 22:48:39,2018-05-09 00:00:00
b6b7c5714dc60f5699ec29abcb31cf50,578d56cc71b217d392601076da7b9045,delivered,2018-03-27 23:14:15,2018-03-27 23:27:21,2018-04-05 23:32:09,2018-04-06 22:14:23,2018-04-12 00:00:00
9cb3bcbfa845d21d90a540b8a8e9eff8,38298b9250dd60ab3c361f0f806635b2,delivered,2017-08-30 16:36:15,2017-08-30 16:45:25,2017-08-31 15:04:42,2017-09-08 21:14:27,2017-09-19 00:00:00
aedc9e734fd2df1c2e7b92ed30d851e5,1b0f46261cefb21ad28e03c4e388113e,delivered,2018-06-09 18:32:37,2018-06-09 18:58:28,2018-06-11 18:56:00,2018-06-18 18:38:42,2018-07-05 00:00:00
5e17c0dc87169aef2e276079b07dc873,8662689997b421310794fe25c28ecdb9,delivered,2017-12-16 18:51:09,2017-12-16 19:10:22,2017-12-18 16:36:55,2017-12-29 18:42:20,2018-01-12 00:00:00
6430ecb0185bdb039eaa6b867f26a893,9aba659eafa32cba35f67ffc653584e1,delivered,2018-04-05 19:10:26,2018-04-05 19:29:42,2018-04-07 01:34:35,2018-04-19 00:28:28,2018-05-04 00:00:00
8624ba83187b6280c6d8b7664a5f5607,ed28bfc3a8769a51f2b064265f86f364,delivered,2018-04-05 18:46:12,2018-04-05 19:09:27,2018-04-06 23:43:24,2018-04-20 16:12:28,2018-05-03 00:00:00
71affa9afa826434e902e5b89e32271d,dd46295089c77ce6e11f35d38c0ad464,delivered,2017-03-28 17:41:28,2017-03-29 02:15:48,2017-03-30 10:09:33,2017-04-03 08:40:09,2017-04-17 00:00:00
427ab04bb9a88ee00929a510651d77c2,c85dee4c2d489b0a3108b2b4484c5644,delivered,2018-04-12 08:10:13,2018-04-14 02:30:20,2018-04-19 01:16:41,2018-04-25 00:05:18,2018-05-08 00:00:00
518fcf931a950e2fdd0c4de17b5ed862,f1176be13e903804b551776636647c0a,delivered,2018-02-12 16:41:07,2018-02-12 16:55:32,2018-02-14 18:48:59,2018-03-05 14:39:01,2018-03-13 00:00:00
909848fc22bea821de7a92b2dc614338,5c2de499c8b3e854beda15e1a3962e8d,delivered,2018-05-04 19:23:32,2018-05-04 19:35:19,2018-05-09 15:48:00,2018-05-15 16:53:39,2018-05-29 00:00:00
a1d83bc33177d956b86ece86d32b83b2,3900b7a92c1e4b0c5e251478cd747e16,delivered,2018-08-06 14:44:41,2018-08-07 04:24:43,2018-08-10 15:29:00,2018-08-14 17:28:29,2018-08-10 00:00:00
d1d6de6c479c3d44a5371f79d677fe52,503ffd7cfd94e2c0c94bb44713dd44b8,delivered,2018-03-08 22:27:45,2018-03-08 23:40:30,2018-03-12 17:32:22,2018-03-26 18:12:59,2018-04-09 00:00:00
b399c199121f7dd129d7a6f908b95fc9,721927de417259704aa94388813f523e,delivered,2018-05-17 17:23:38,2018-05-18 02:14:27,2018-05-18 12:16:00,2018-06-07 12:05:27,2018-06-01 00:00:00
a6ade711f329afba041f4c8cfa9ec963,ddb1eba2d5a60486026e74e899e57b53,shipped,2018-07-23 23:58:12,2018-07-24 10:31:12,2018-07-24 11:01:00,,2018-08-10 00:00:00
e5aef80dae38dca5571279abb1001629,43e3ff550fb4e3f2d459e8ce2f6de0f4,delivered,2017-12-20 16:05:47,2017-12-20 16:16:28,2017-12-21 17:35:13,2017-12-26 17:57:17,2018-01-16 00:00:00
fca018a47e2170d1f13529d7542d6438,113cd3ff0105d8e9404297e07054bf04,delivered,2017-12-03 18:53:02,2017-12-03 19:11:30,2017-12-04 19:04:57,2017-12-08 20:05:35,2017-12-27 00:00:00
1f1966428c44328b7f97baa1569ea5b8,5e2af35ff122382658db06089939db88,delivered,2018-06-10 07:46:58,2018-06-10 10:30:42,2018-06-12 11:12:00,2018-06-18 19:28:41,2018-06-29 00:00:00
e646fcb007accf97545bc0df54258f70,4bcabc3e1655cbeacb9c68772a40d454,delivered,2017-07-31 14:34:07,2017-07-31 14:50:17,2017-07-31 19:51:33,2017-08-02 19:34:52,2017-08-18 00:00:00
d18d6902fe66909a2e78ded3ad68d633,effd730d7d3d3cc25197722580540521,delivered,2017-05-29 10:34:18,2017-05-29 10:42:22,2017-05-30 09:56:42,2017-06-07 14:56:25,2017-06-21 00:00:00
d37222a038dff3570139ecf1b452dd3d,fd00ac0c4373ccce4a50d1b8e0c09ed1,delivered,2017-09-12 22:20:52,2017-09-14 02:45:16,2017-09-15 17:57:45,2017-10-18 14:03:05,2017-10-05 00:00:00
00ff0cf5583758e6964723e42f111bf4,e3626ed5d1f2e3a02d692ec948b25eeb,canceled,2017-04-10 00:45:56,2017-04-10 01:03:29,,,2017-05-04 00:00:00
489d87d975c0d954b27ca5482aef1e91,bf5063c4f45464200ef0510c7a659780,delivered,2018-03-13 06:28:18,2018-03-14 02:50:53,2018-03-15 00:46:34,2018-03-27 00:48:39,2018-04-13 00:00:00
b33710c706a29d2ee76bc234d77edd84,cc639a99681c70b66a0fd990f76c8dc1,delivered,2018-06-16 19:31:46,2018-06-16 19:58:20,2018-06-19 10:14:00,2018-06-25 21:42:26,2018-07-19 00:00:00
1883a089d3c8c6c4068e31b8802672bc,c232fab86a307b3cff8871d93190e477,delivered,2017-09-07 15:21:22,2017-09-08 19:43:54,2017-09-11 09:27:35,2017-09-12 16:37:42,2017-10-03 00:00:00
e20feda4e7ceb4729018d7105314d5b3,05a6e86df697f23bad61bdac4900e61c,delivered,2018-02-20 17:08:18,2018-02-20 17:28:09,2018-02-21 18:37:13,2018-02-27 18:38:37,2018-03-15 00:00:00
e0656680044e57cdeb0d3ec00c152a39,5107f877a1a7e7c4c40a33b6b68fbd93,delivered,2018-04-20 13:04:18,2018-04-24 18:28:09,2018-04-23 23:52:43,2018-05-08 18:41:36,2018-05-14 00:00:00
753785118f46f1281ace9f302faffeb4,9c9e1c5073624a410f79bdb0c69ccb9f,delivered,2017-07-17 22:51:12,2017-07-18 00:30:39,2017-07-18 17:10:11,2017-07-20 18:32:35,2017-08-04 00:00:00
caea6e101e14d01d432ac29659dc6db1,63172dc62e54662668b2fb3a57c8fabd,delivered,2017-08-30 13:50:57,2017-08-30 14:05:27,2017-09-05 21:42:42,2017-09-14 19:14:54,2017-10-05 00:00:00
4ad22ff8b63bdf00c78aad95be5be3b6,8834843828f1e7691f2b5ea94e7298cd,delivered,2018-02-09 18:09:37,2018-02-09 18:20:36,2018-02-15 02:09:45,2018-02-16 18:08:45,2018-02-23 00:00:00
f33d14c1e039db7f3385e552f0299731,d0e4f160644f57b688d874bcf1fde14c,delivered,2017-11-11 14:15:46,2017-11-11 14:30:52,2017-11-14 22:52:50,2017-11-25 13:46:52,2017-12-05 00:00:00
ee9c09afa667c1baabeefdf51f66148e,24bab961499812074229c80da4daa2bb,delivered,2017-06-24 11:05:24,2017-06-24 11:15:14,2017-06-27 16:52:14,2017-07-10 18:14:53,2017-07-26 00:00:00
8827d3e138a6edf9b81dbde93443d285,a9cff8ece3be5070b649a9c1e791ebf5,delivered,2017-03-29 13:38:53,2017-03-29 13:50:13,2017-03-30 13:13:27,2017-04-07 08:53:39,2017-04-20 00:00:00
2bacd0ec76fd0e9fe78bc4395ba0d63b,9b2b6b3aaab4aad31418c0c345114a18,delivered,2017-06-07 09:00:12,2017-06-08 02:55:18,2017-06-08 12:00:48,2017-06-17 14:47:32,2017-06-30 00:00:00
2e74eaf7ee1417b678a04cd77f4691a9,78548c56d5d9f8060276d460af6cf6d0,delivered,2018-01-12 13:41:16,2018-01-12 13:48:58,2018-01-15 21:18:49,2018-01-25 17:33:22,2018-02-09 00:00:00
b02f16483f20ca4c7d1d5b147eca4c79,8fbb6b597798c39667b1c353bac76098,delivered,2017-03-24 11:32:35,2017-03-24 11:45:16,2017-03-24 13:54:28,2017-07-03 14:32:56,2017-04-17 00:00:00
bc2c6eda20ba0146eb5d4420734b21ff,91f2fe378f8c723cbdcc798e3164c9d4,delivered,2018-07-14 09:36:23,2018-07-16 14:30:56,2018-07-26 14:11:00,2018-08-03 11:28:35,2018-08-28 00:00:00
9a4ae4d5c3a3dabdf42e5d7ec4203ed2,b1b4f0c5c3d900ca65f0d79b18ee1587,processing,2017-01-23 02:54:13,2017-01-23 03:31:07,,,2017-03-06 00:00:00
64494f7ab58005aa3e0a940357fed9dc,d7d5a377ab2bd538d73b6384197c985e,delivered,2017-03-27 22:06:14,2017-03-27 22:15:17,2017-03-28 18:42:28,2017-04-03 09:57:46,2017-04-13 00:00:00
d889d65567a63874e9db38241ec2399f,8b94ba786c5a6e3e2ffa2fb353903c53,delivered,2017-02-18 22:29:50,2017-02-18 22:42:23,2017-02-20 08:15:17,2017-03-03 16:45:54,2017-03-21 00:00:00
106b93e7196f2acfb1f73a326770c843,84b51da6e8b377bfd4ddc1b46000f3eb,delivered,2018-05-20 12:53:01,2018-05-20 13:10:26,2018-05-21 18:27:00,2018-06-07 21:32:37,2018-06-07 00:00:00
9d31db542e64d903e238ecd774d8b301,6022d3082a09e52b65e19b1ef3ace112,delivered,2017-08-31 18:00:12,2017-08-31 18:10:18,2017-09-01 19:12:12,2017-09-06 18:39:53,2017-09-19 00:00:00
326c5dc4aaf9daba2e0b813c4086156f,4162174e341be4246be9469de35dcce0,delivered,2018-01-14 21:58:40,2018-01-14 22:09:18,2018-01-17 13:24:08,2018-02-03 13:56:41,2018-02-14 00:00:00
b869d5e47a11e0ef5dda1edf492e8c69,7ca3ee268cfef2795dfc2ac89eadb215,delivered,2018-07-19 13:20:43,2018-07-19 13:30:19,2018-07-20 14:59:00,2018-07-23 17:14:43,2018-07-27 00:00:00
57a959471d822333138826c2694ea6b6,771e9ae78c4416f6de0bf7821e34140e,delivered,2017-03-07 19:04:12,2017-03-07 19:15:17,2017-03-08 09:43:43,2017-03-14 17:23:41,2017-03-28 00:00:00
27e7d98172136e7499081a19101218ca,ce1798e7ceaec0a413a5ba767d658f24,delivered,2017-10-04 18:47:46,2017-10-04 19:05:32,2017-10-05 21:14:11,2017-10-17 17:49:58,2017-10-27 00:00:00
afb217f83ceec9590ca2726247af3b50,f869fd9a4d35098605f1064d07ef3dc1,delivered,2018-01-28 11:57:53,2018-01-28 12:10:29,2018-01-29 23:57:03,2018-02-05 12:22:43,2018-03-01 00:00:00
66c14b06bc8003888862ecf57985bbaf,39e5a4b3673465ec8051c92c00ae0b2e,delivered,2017-12-13 21:20:41,2017-12-13 21:30:27,2017-12-19 18:04:00,2018-01-03 22:53:17,2018-01-12 00:00:00
bec5e390bd832706d84b46aba9c4a83b,6647005ddd01b3f7964cfa2ead34abaa,delivered,2018-03-22 11:49:41,2018-03-22 12:08:58,2018-03-23 14:12:12,2018-03-27 00:18:53,2018-04-04 00:00:00
8f28a6c11335444d424803bc0a64f4b9,3573c35f6765718ae5de8d24fda77533,delivered,2018-05-14 08:42:15,2018-05-14 08:55:29,2018-05-15 13:59:00,2018-05-21 20:46:27,2018-05-29 00:00:00
78532cc9bdcc3c18c8ad8fe190844253,ed3dc6669d03eeb49442d34a82c4d415,delivered,2018-07-05 17:31:19,2018-07-05 17:52:05,2018-07-06 11:05:00,2018-07-12 19:49:13,2018-07-27 00:00:00
640993b27e5e97a3fd872bf9239b1616,9d218e008f818a8c6743c1d06808d2f1,delivered,2018-03-28 15:21:56,2018-03-28 15:35:15,2018-03-29 19:12:50,2018-04-05 14:58:43,2018-04-19 00:00:00
8a5f03e334444e1899c6eede50adfcd8,547d4b9a978e29af787701d11e358b23,delivered,2018-01-04 17:23:20,2018-01-04 18:08:07,2018-01-05 22:58:10,2018-01-27 16:06:46,2018-02-05 00:00:00
a467400c8e1765c5245eb8c9839a27f8,b4187d222b18f51afc5826fe2f09dd33,delivered,2018-06-17 08:23:12,2018-06-17 08:35:11,2018-06-18 15:04:00,2018-06-20 19:46:50,2018-07-13 00:00:00
8197c9f9b80d1f97dc41fc6b793e15c0,207f1f6d3f964b39a1f0eae4a03ad746,delivered,2018-03-03 18:51:48,2018-03-03 19:29:05,2018-03-05 20:23:16,2018-03-20 01:12:21,2018-03-21 00:00:00
7d4681be1e02a6976f4ce2c0c1891d0c,b818d38f99185a3587952b3e343bad10,delivered,2018-04-14 13:12:42,2018-04-17 05:55:17,2018-04-18 19:24:36,2018-05-16 16:19:01,2018-05-21 00:00:00
c7251baaf7027ca152af5e7ce2b7e5d9,1054549d2d002304cd50953c0df1077a,delivered,2017-12-06 14:39:48,2017-12-06 14:52:12,2017-12-07 22:34:50,2017-12-29 18:23:48,2018-01-09 00:00:00
e450bc6e7ca8d8338ef53b5cf23b72ce,fc857cb7bb6549b43eae10f2cef77e39,delivered,2018-04-29 00:47:20,2018-04-29 02:00:06,2018-05-07 12:53:00,2018-05-14 20:14:25,2018-05-23 00:00:00
987f3d9ad096993454ef3c2c4d9f7a68,f9e3d57a81a5390d5c19d3d6796ab7f1,delivered,2017-06-18 23:14:38,2017-06-18 23:30:12,2017-06-30 09:51:26,2017-07-07 20:07:40,2017-07-11 00:00:00
8e70868fab5989cc0ab1e5acb893f430,8246b1284c1cbd0f3b70cf0aacb934fd,delivered,2018-02-10 13:03:51,2018-02-11 12:56:05,2018-02-20 20:45:04,2018-03-03 02:09:05,2018-03-12 00:00:00
e55058614d5c1caaab8951f3c0f181c5,9279543439a198715b4cc7076ffbc27d,delivered,2018-08-18 22:36:03,2018-08-20 10:50:24,2018-08-21 14:24:00,2018-08-22 22:51:45,2018-08-24 00:00:00
428864d148621bd89ac5ca142b0e15af,de77cd3aeac67dfa9997f4a5cac54996,delivered,2017-11-12 19:21:11,2017-11-12 19:35:26,2017-11-14 22:14:31,2017-11-17 12:38:50,2017-11-28 00:00:00
f247c7a7f6677c91066b72c033b635f3,b68de45d3c5eb1900313fc2a39259cbf,delivered,2018-06-19 03:01:18,2018-06-19 03:17:14,2018-06-19 14:55:00,2018-06-26 21:48:35,2018-07-11 00:00:00
c1b370b659841b645967ebbac6a5adae,cca3a432a978d0171edb9e9ccf167bc2,delivered,2018-04-25 23:37:39,2018-04-26 23:31:48,2018-04-27 08:29:00,2018-05-15 19:06:52,2018-05-23 00:00:00
a9e3336634f202f7806561c5f41b2e1a,33a90278a0a7d6de6dbd7283f413a4f9,delivered,2018-04-07 15:17:21,2018-04-07 15:30:15,2018-04-09 19:36:36,2018-05-10 14:06:51,2018-05-08 00:00:00
cd0898805c856f3bd20017a200c6f581,a05532617ca345a59cb6fdc127472a63,delivered,2017-07-20 08:16:38,2017-07-21 02:55:33,2017-07-21 18:55:26,2017-08-04 20:02:56,2017-08-17 00:00:00
aee8cb55ea10efc990216987d7222994,1d74be377581c2d09cd7b2eb587fa62b,delivered,2017-04-05 20:02:45,2017-04-05 20:15:18,2017-04-06 13:03:16,2017-04-10 14:16:21,2017-04-26 00:00:00
a52d56bbdc4ceeb97f9d28b6a90a70b7,fb4e76a4206ae6bc621b7ca61fffa185,delivered,2017-08-11 14:54:40,2017-08-12 15:06:30,2017-08-15 19:03:57,2017-08-17 16:27:55,2017-08-31 00:00:00
f1beb4a73d643e796b824e6f680528f9,f4dc86377b4afaceaed1e4c19ecee415,delivered,2017-09-18 13:17:16,2017-09-18 13:35:13,2017-09-19 20:05:54,2017-10-02 10:22:42,2017-10-04 00:00:00
a50c918755157a02054eb1e51cdc9aff,18ccbe022721b0157f324467bf2c2e19,delivered,2017-12-17 18:21:41,2017-12-19 19:32:08,2017-12-20 20:53:17,2017-12-21 18:13:13,2018-01-05 00:00:00
5f00edb71f6d82f109f0af2b317994e5,ee3a92568460bec769851bb443197a7a,delivered,2018-05-02 09:49:20,2018-05-03 04:12:46,2018-05-03 14:22:00,2018-06-15 18:40:41,2018-06-05 00:00:00
1e5de131e124a28163dd61ca832e722b,bf70dbc85ccfd25200e3be31d14d56b0,delivered,2018-06-14 02:19:01,2018-06-14 02:57:39,2018-06-14 14:10:00,2018-06-25 21:28:53,2018-07-11 00:00:00
a58298b548a97e743824ca6c1dcb6b95,609b34a18fd0d61719d0b3190ec05231,delivered,2018-07-16 18:05:34,2018-07-16 18:20:34,2018-07-17 15:16:00,2018-07-26 16:21:17,2018-08-21 00:00:00
aecf26c3e3a77c1f94125a148ed25a3e,023a4933b90ba7307557b24adbe6f49a,delivered,2017-09-27 15:13:00,2017-09-27 15:28:16,2017-10-03 16:38:40,2017-10-06 22:55:29,2017-10-19 00:00:00
0c23e216707906b2996b9e2a5bf5ca93,9abf606fc27c284b79f293ca455f99f5,delivered,2018-06-23 11:52:36,2018-06-23 12:19:15,2018-06-25 10:51:00,2018-06-28 16:39:55,2018-07-30 00:00:00
10c84b04dccc6d66380a1e734f6a654e,6dc9f11ae0d73ae1d360fa325168efc4,delivered,2018-02-26 19:26:19,2018-02-26 19:48:40,2018-02-28 00:12:42,2018-03-07 22:38:38,2018-03-21 00:00:00
93b63d0bd99c903fae0f7a00b72b507c,ebe7c129a1d285eb337acf6f3791bbfa,delivered,2018-02-19 12:09:04,2018-02-19 12:27:06,2018-02-20 23:15:19,2018-03-07 23:04:23,2018-03-19 00:00:00
c7e64bed5496438226ce2932abd058e9,c2a4ba1f57f47ca977e26c78a486e671,delivered,2017-04-12 23:58:28,2017-04-13 23:50:14,2017-04-24 15:53:16,2017-05-12 05:52:41,2017-05-19 00:00:00
18b284ddc56750a4971cbf512bab59f3,9a7bd0c9b1b573eb0137f2dbc6788544,delivered,2018-06-06 12:18:34,2018-06-06 12:35:11,2018-06-12 14:15:00,2018-06-24 04:09:38,2018-07-17 00:00:00
ba45b8302387142f547f4acd1c75b61d,a40f0cc059051cc7b1ba5465cad570ae,delivered,2018-08-03 12:28:36,2018-08-03 12:44:12,2018-08-08 15:06:00,2018-08-09 19:18:42,2018-08-08 00:00:00
56d8f7fb6d7398024039c2b7dff3fd0d,96840ba7308ecb87396fb4e60017cc95,delivered,2017-09-06 19:09:53,2017-09-06 19:43:25,2017-09-08 20:37:30,2017-09-12 21:02:54,2017-09-26 00:00:00
1762d149a68887991734edbe6df5f15d,ef39a324543d636b72fc7bec637077ce,delivered,2018-04-06 14:14:18,2018-04-07 17:07:56,2018-04-09 20:41:39,2018-04-23 19:48:46,2018-05-04 00:00:00
34b16c8bd1f6af05432cd98e66341f4b,9a6f6b9c441539f00a707301d09802d4,delivered,2018-03-20 19:33:02,2018-03-21 19:30:37,2018-03-23 15:21:18,2018-04-03 14:32:42,2018-04-11 00:00:00
5cba8bf344b3cd25e28cc401cd3a89e7,e4071d8169a4556bd975b0e54771fe4c,delivered,2017-06-02 14:29:27,2017-06-02 14:42:59,2017-06-07 14:41:09,2017-06-13 16:10:29,2017-06-23 00:00:00
d6d8d3958008d2514a3a9ef0a43edc56,ba229cac800645c5c7960de7bb42b777,delivered,2017-09-05 21:31:49,2017-09-05 21:45:19,2017-09-06 20:13:23,2017-09-13 22:47:36,2017-09-26 00:00:00
d3a3e3dd365abc6013aa6321b0c12c79,185f6a4579e6c10122c789bc38ba3337,delivered,2017-01-26 11:18:28,2017-01-28 11:31:20,2017-01-31 10:41:19,2017-02-08 13:53:56,2017-03-06 00:00:00
d27c9535dfd56cfe107bc9eac1ac3e31,66e7c2bd54aca2f9dfed7187ef360506,delivered,2017-09-17 18:47:24,2017-09-17 19:03:27,2017-09-18 18:22:29,2017-09-25 18:04:13,2017-10-04 00:00:00
938ceb503f66e3598a6e79a24745ac16,a78942ba5a90814c22285fa5d6774613,delivered,2018-08-03 12:52:29,2018-08-04 04:24:12,2018-08-06 12:24:00,2018-08-15 00:27:50,2018-08-22 00:00:00
3b7a87febfa65d4cf29ad7ab9cab8c0d,353a6978b7471f4655e274156b120b96,delivered,2017-11-03 14:40:51,2017-11-04 06:10:23,2017-11-07 18:32:44,2017-11-14 19:48:58,2017-11-24 00:00:00
f152b3976a55ebf22b3057cb0b79bcec,3f6d65b5025dbcbed1618db64ff8f2a3,delivered,2018-05-15 16:37:39,2018-05-15 17:37:34,2018-05-16 12:37:00,2018-06-06 23:18:27,2018-06-06 00:00:00
3db64ce753210d81c49f12e2c3b7bc75,9ce714a1c31e4d7db09e7a678d34ab1d,delivered,2017-09-28 12:12:28,2017-09-29 02:28:00,2017-10-02 17:43:39,2017-10-11 22:06:33,2017-10-24 00:00:00
7c5a7744669451871d2bd31dbcd8f80b,26e08caec9a05138e233c5597019b812,delivered,2018-06-15 10:11:35,2018-06-19 03:36:46,2018-06-19 10:48:00,2018-06-21 13:32:45,2018-06-28 00:00:00
675bf74092a382fe6821f84ecc8b41b1,ee2c31a4c90527567a8583ca52a12631,delivered,2017-11-14 14:00:31,2017-11-14 14:10:34,2017-11-16 17:12:04,2017-11-28 18:03:27,2017-12-05 00:00:00
033a79557b0d234035b38da3be948574,c4d145f0b58cc33b0c5a5a21e2ee6c4e,delivered,2017-02-06 14:56:20,2017-02-06 15:05:24,2017-02-07 10:49:58,2017-02-17 18:17:51,2017-03-27 00:00:00
71a0049f34d4d5b556c2194855da9771,d643887849516332544a149efd961b03,delivered,2017-09-15 11:51:32,2017-09-15 12:05:34,2017-09-15 18:36:32,2017-09-18 19:38:02,2017-09-27 00:00:00
5f1c6f4cf77108f298378c829da557c2,c1475271797b42194ddeaf4b84354cab,delivered,2018-04-18 17:48:57,2018-04-20 07:32:14,2018-04-21 00:34:31,2018-04-25 15:40:33,2018-05-10 00:00:00
44fe2f7e994f6df61f74b01b2f440169,92e61800a81b3ae33fae913c58410074,delivered,2017-03-22 15:14:25,2017-03-22 15:14:25,2017-03-24 12:30:07,2017-03-30 10:09:33,2017-04-18 00:00:00
9febfb705fb0d55b97cfdf258a707227,63229a46e1f331678d4a3cc91c7a637e,delivered,2018-05-10 15:41:58,2018-05-10 15:55:20,2018-05-11 13:36:00,2018-06-04 20:21:37,2018-06-08 00:00:00
dcf31aff36e56ed5f9af2daf7b412092,08d8a9c4f2e95dcbf53038507169e6fe,delivered,2017-08-31 12:06:57,2017-09-01 02:30:12,2017-09-06 23:29:56,2017-09-20 14:26:56,2017-09-29 00:00:00
20fcd5f81a0ec6102a9e4f1bd4c7c403,18c65fe1c2079dacf02a25262bd0db07,delivered,2018-02-06 04:36:20,2018-02-08 07:49:58,2018-02-08 21:07:44,2018-02-23 17:58:45,2018-03-02 00:00:00
87a19a09b512b6691a4a97ea5748c501,1f30fd28820ba68532da8229badd7688,delivered,2018-08-16 15:20:09,2018-08-16 15:35:14,2018-08-17 14:06:00,2018-08-25 16:50:48,2018-09-12 00:00:00
3f5dec4a044b171bbe8c2313102c045b,f35aff4ab7e91c2c5b2ae732007777fe,delivered,2017-08-31 09:50:09,2017-09-02 02:50:19,2017-09-08 18:32:36,2017-09-15 21:27:37,2017-09-13 00:00:00
b3199c2b795211713ca16c887287db5b,f2a86f57e1150e98c38046b699b7a5b7,delivered,2017-11-10 22:58:03,2017-11-10 23:10:27,2017-11-14 16:29:07,2017-11-24 18:43:54,2017-12-07 00:00:00
14727b31671d412db797863b9bba8392,c190690e301a71da231b0310e61c7744,delivered,2017-06-05 18:08:08,2017-06-06 18:15:20,2017-06-07 15:01:55,2017-06-19 21:27:31,2017-07-06 00:00:00
b1d22c557be74f08bc72282e60ee1e4a,8bd06359860a237692a2002f9bed23e6,delivered,2017-12-01 11:10:34,2017-12-02 02:51:22,2017-12-04 19:23:23,2017-12-11 12:42:59,2017-12-29 00:00:00
c9677a4babf96837ee697317b7963a92,eb4322f80db384bab3386bbcb619ecc1,delivered,2017-02-06 08:13:13,2017-02-08 03:05:21,2017-02-08 13:49:31,2017-02-14 13:27:33,2017-03-21 00:00:00
46ba2cde3624acc8577b0e45af4c67b9,9ee07155110b11036bb4ef6350157ed3,delivered,2018-06-21 23:32:49,2018-06-21 23:59:04,2018-06-27 09:52:00,2018-07-03 08:32:20,2018-07-31 00:00:00
3cfc6a25d466f70cef46ff46f9524769,6844960ebb21f9cec6a75994bb89033e,delivered,2017-12-21 15:09:09,2017-12-21 15:17:32,2017-12-27 22:16:24,2018-01-10 00:25:03,2018-01-26 00:00:00
c76865837addf73b1ee4d364693c69ea,ce25753d8c6cfe77fc390d21e0f25404,delivered,2018-01-15 11:55:33,2018-01-15 12:30:32,2018-01-15 19:26:58,2018-01-24 19:58:52,2018-02-09 00:00:00
a87171ad4e0cf849208c21afd0e1edcf,2d2289df5d3026cc4f44917c6e712360,delivered,2017-07-12 16:12:31,2017-07-12 16:25:19,2017-07-13 16:27:56,2017-08-02 16:14:54,2017-08-15 00:00:00
3363e330c754a732795f39079bb76d55,235702411e5214f0e4a0761bf5ce9e99,delivered,2018-01-10 12:06:09,2018-01-10 12:17:33,2018-01-11 17:10:33,2018-01-26 16:38:42,2018-02-08 00:00:00
542e088b96769f96492ae0f46597d3d3,cf71831f2854c16d25280fff5ecebdf6,delivered,2017-03-10 15:17:33,2017-03-10 15:17:33,2017-03-13 15:20:42,2017-03-20 07:25:57,2017-03-29 00:00:00
68563d59274431d3b5c6e618ed8504fa,9e1ad6b5883b382d3485b08f7ded263d,delivered,2017-07-12 08:17:03,2017-07-12 10:10:24,2017-07-12 16:32:47,2017-07-17 19:03:33,2017-08-01 00:00:00
6e0773d1bf763019a9e1bfc1703f1aa8,3b940651229cc6be297d34f994b583fa,delivered,2018-01-17 09:23:53,2018-01-17 09:34:23,2018-01-18 14:33:02,2018-01-27 12:18:35,2018-02-08 00:00:00
a63144d37a00c28ef382668a5d5ece8b,af4cda2d3ad3e63a2e7eb0d75379f1d8,delivered,2018-02-08 13:55:48,2018-02-08 14:40:26,2018-02-08 23:08:10,2018-02-21 14:35:19,2018-03-16 00:00:00
9e51155c4d15c5f62e0b309826c25a02,6c84262d46fe370972acbf13ad5f97c8,delivered,2017-11-23 22:58:51,2017-11-23 23:08:29,2017-11-24 22:03:50,2017-12-12 21:33:21,2017-12-14 00:00:00
deff260a5916c04657b930c37209499d,8ad7eb18994a144bdc93494bf6bcbe36,delivered,2018-01-23 19:36:21,2018-01-23 20:04:04,2018-01-27 19:32:17,2018-02-15 16:45:30,2018-02-22 00:00:00
1c7337cab00bdcc8c9aaa8b1c2671a85,1fb6b836b3bbbd5de824d8d2b0e24974,delivered,2018-05-15 16:42:36,2018-05-16 03:54:58,2018-05-16 13:38:00,2018-05-21 12:38:48,2018-06-07 00:00:00
3aa0358c1a9b8019bd14ab006b6e8284,079d3acdd9329ed0f2bf762e281a5855,delivered,2018-07-30 15:27:39,2018-07-30 16:07:01,2018-08-14 12:56:00,2018-09-03 20:31:06,2018-08-27 00:00:00
706d45cf14a58b8b81d07564adc5a12e,025e01e99753ddcfbac7a2921ac8d3fc,delivered,2017-12-12 14:15:54,2017-12-12 14:31:44,2017-12-13 15:47:13,2017-12-21 18:38:51,2018-01-15 00:00:00
d3d9a3b1f8ed4b6c67d57a9c413582c9,2034c4457dc67217f6b9db8b09efd0a8,delivered,2017-11-15 23:41:18,2017-11-15 23:50:38,2017-11-20 18:44:34,2017-12-14 19:41:29,2018-01-09 00:00:00
3923f314508399815f3a29541ae99a2f,0adb885db398cb59b0bf5f19f8766205,delivered,2018-06-29 08:54:47,2018-06-29 09:10:26,2018-07-04 08:00:00,2018-07-13 16:38:35,2018-08-06 00:00:00
dfb5ec8907656069c0575e5fb0fc9c3c,9ce6825a023449b914519be4cfc795bc,delivered,2018-03-22 16:35:51,2018-03-22 17:48:18,2018-03-23 19:54:58,2018-04-08 18:21:23,2018-04-20 00:00:00
60c821245c90f135828d088e25c3ffb6,60b7c6b75aef6b90ad544ee8b85c7901,delivered,2018-06-10 10:40:25,2018-06-10 10:58:08,2018-06-11 13:33:00,2018-06-18 12:11:06,2018-07-11 00:00:00
64cd2762d8e5acf654990a8bc49a11c1,95b22f9b8c84114511f3825cf271baa1,delivered,2018-02-20 17:23:04,2018-02-20 17:35:35,2018-03-01 19:49:05,2018-03-02 20:19:24,2018-03-12 00:00:00
3d029914a310e6e0cc16d9ad9fc94f73,3102995d68d374155c06000b3e540ca4,delivered,2017-04-30 17:29:50,2017-04-30 17:42:39,2017-05-02 21:27:29,2017-05-08 14:07:51,2017-05-23 00:00:00
d225c3985609ca7a3a65157d5311f0cd,ebd73c7563306160b7d0ffd3101743f3,delivered,2017-04-22 16:02:43,2017-04-22 16:15:16,2017-04-27 15:40:02,2017-05-09 15:07:43,2017-05-22 00:00:00
3744d1ae189206fd84cc7e806393dd56,cf0fff8083236862f061e93d1440f986,delivered,2018-08-21 19:20:37,2018-08-21 19:30:35,2018-08-28 19:02:00,2018-08-29 16:54:41,2018-08-30 00:00:00
d9ddf675a1e7539367d20a66ba38b168,f7896b7b7659fd071aa432e5b2c30c90,delivered,2017-08-22 19:48:46,2017-08-22 20:06:19,2017-08-24 20:22:44,2017-08-31 22:27:58,2017-09-08 00:00:00
71cbc9238e1177bbe3e484d098875aee,0140bb3a2e24b8dd7a341eaf707b440e,delivered,2018-02-16 07:59:09,2018-02-17 03:47:44,2018-02-20 17:17:11,2018-02-28 11:33:28,2018-03-08 00:00:00
1d93ea147657027165c888212671758c,ed111f1470402580cc3b74ce1a728fa1,delivered,2017-04-19 17:12:21,2017-04-19 17:25:13,2017-04-20 12:10:46,2017-04-27 13:09:07,2017-05-15 00:00:00
9f4fe55585044ba737e3ce7f5676ef9f,aafda83396e2534f34687864298b0b3e,delivered,2018-01-27 19:05:19,2018-01-30 05:31:38,2018-02-06 14:04:07,2018-02-21 00:37:50,2018-03-19 00:00:00
172ce73720737cdb83fcfeca26ed4d70,f3799a6efc9956211770b7f5554a886e,delivered,2018-05-20 11:48:50,2018-05-22 08:34:06,2018-05-22 13:31:00,2018-05-24 19:27:33,2018-06-05 00:00:00
f51e24deeba8f9a5f94706e82a2f8ea1,ee0cf28d0c8ce7f88fdc1ebf52fabfab,delivered,2017-08-21 11:29:55,2017-08-21 11:47:13,2017-08-21 20:27:55,2017-08-22 19:23:04,2017-09-01 00:00:00
242efbf997dcc144609030002b91446e,64ad3c86c789e4ec8abda9f287bdacb4,delivered,2017-11-25 17:09:27,2017-11-27 17:19:38,2017-11-29 12:57:30,2017-12-08 00:12:09,2017-12-15 00:00:00
0b9ac892eece5e74725c3699a0eec646,e5a66e97402372af6d227dd7b60f97a0,delivered,2018-01-25 20:35:25,2018-01-27 02:41:22,2018-01-30 19:33:54,2018-02-08 19:46:32,2018-02-19 00:00:00
16211bb7c07fe77216ea0a0074954ead,a87b79c34cd3baffacc7d3ba288ebe7d,delivered,2018-03-20 10:54:13,2018-03-20 11:10:34,2018-03-22 18:57:53,2018-04-06 22:48:27,2018-04-16 00:00:00
c962dcc5dbea32a63325a3f4a0c271ed,3320ed85841fc485a835d35402ebc469,delivered,2018-06-08 09:15:10,2018-06-08 09:35:38,2018-06-08 16:32:00,2018-06-15 16:38:52,2018-07-13 00:00:00
feac0c0f921f282542a5dec332d6506e,85a3a0dd549c4822b70a7616fb75bb3b,delivered,2018-04-10 12:17:09,2018-04-10 12:30:14,2018-04-11 19:19:08,2018-04-12 20:01:57,2018-04-23 00:00:00
10fdf269eed6d4c024dc5eeb5c7f6c37,f0807dce8ef3a4ecec555664526a28b9,delivered,2018-07-31 17:24:32,2018-07-31 18:04:35,2018-08-03 13:07:00,2018-08-08 23:32:25,2018-08-14 00:00:00
2c9ef60013a5ee6a831360e3d98c9c0d,b650ca1298e7cc383a35fced87af148a,delivered,2017-09-13 19:38:46,2017-09-15 02:15:14,2017-09-15 17:06:45,2017-11-24 11:45:32,2017-09-25 00:00:00
2d33f101d4220c7eff9e64679870dd44,912f4069d1a78ba3c01206de552e51af,delivered,2018-03-21 12:31:02,2018-03-21 12:47:38,2018-03-22 20:49:40,2018-03-29 21:18:28,2018-04-09 00:00:00
88cad47df9afd71af2c4a4098aca44ae,d6d663ce0537715bec2020af3d3c9045,delivered,2018-02-21 08:39:03,2018-02-21 12:42:21,2018-03-01 20:49:04,2018-03-16 19:52:02,2018-03-16 00:00:00
c533856d03996a6114c8fa9a876181d4,9786febe4334aa427c23284149ee0912,delivered,2018-07-21 21:59:41,2018-07-21 22:10:11,2018-07-25 13:38:00,2018-07-31 18:11:01,2018-08-24 00:00:00
74b2b12137fc1a7e4d1dc30de6fd7986,57379838598319fed45f5b0cab0c502a,delivered,2018-01-24 19:58:20,2018-01-24 20:11:45,2018-01-25 21:56:24,2018-02-04 20:54:32,2018-02-23 00:00:00
5d918918294b33a1d1b10f26bd71d3d5,65ec18be3c4b395fd65d144516ce5fd2,delivered,2018-05-02 14:24:02,2018-05-04 02:51:38,2018-05-07 19:11:00,2018-05-11 15:17:31,2018-05-22 00:00:00
7cab0843cb15d0cab47c402e5ec63d22,63e9842ee16e70354e5f1c789eeeeb1a,delivered,2018-07-24 14:38:19,2018-07-24 14:50:22,2018-07-25 14:22:00,2018-07-30 22:48:52,2018-08-22 00:00:00
8765e80c5981076aac63e83d338df0e7,fcb92e4be42c39876eb005a1f8a51e46,delivered,2017-12-25 16:41:41,2017-12-25 16:54:36,2018-01-03 17:42:12,2018-01-20 13:22:01,2018-01-26 00:00:00
cac7b35f7108f26a0b806132cfee4439,8dd05b74a02481421b1aa942b4e1c81b,delivered,2018-05-09 11:26:54,2018-05-09 11:51:34,2018-05-16 13:44:00,2018-06-18 23:38:31,2018-06-06 00:00:00
42cebac003b40e6aa0b3e37b99d83c2f,4a0e66fd30684aa1409cd1b66fec77cc,delivered,2018-07-06 14:29:57,2018-07-10 04:05:12,2018-07-10 15:06:00,2018-07-11 17:35:50,2018-07-19 00:00:00
38fc09accaec15642b3f2ce5fc46ebb0,6c990de7a53efea103cdc236119b5c1d,delivered,2018-08-19 18:21:23,2018-08-21 04:50:32,2018-08-22 10:55:00,2018-08-30 03:24:29,2018-09-04 00:00:00
b9e06b464a393125fae96912f6b4016a,e2f023e08f4270e6c662d8d519637003,delivered,2018-02-20 21:43:50,2018-02-22 02:15:42,2018-02-27 02:12:08,2018-04-05 20:35:34,2018-03-19 00:00:00
670f31d9ca85d0b5430d0dc8f1d843c0,7e43cf5a5dd354682e8ea42fa88ef9ea,delivered,2017-08-17 18:03:53,2017-08-18 18:24:24,2017-08-21 21:31:53,2017-08-28 20:29:57,2017-09-15 00:00:00
bab0a62e41a5f0abc7f04989cdd7a6fd,91fd5aa21b364a805141f532a7bfab2d,delivered,2017-01-20 20:33:49,2017-01-20 21:02:21,2017-01-26 10:32:23,2017-02-07 16:31:32,2017-03-14 00:00:00
69bf2d63fa24ceda9a9045233d315833,759025aeb0052bc3432eec9f1ca56259,delivered,2017-07-10 15:17:46,2017-07-11 06:30:09,2017-07-11 18:37:25,2017-08-01 19:36:46,2017-08-03 00:00:00
b95df3cef5297e79ef709ba256518f6f,297dcf281305aabfee256d313076af2b,delivered,2017-01-31 17:19:01,2017-02-01 02:41:21,2017-02-01 14:38:01,2017-02-06 11:04:24,2017-03-15 00:00:00
b22289835d337ed7310c55b622a3bea1,578ddcff7a50bab1b23f58ff48ae1043,delivered,2018-07-22 20:10:20,2018-07-23 10:44:34,2018-07-23 15:13:00,2018-07-27 16:56:41,2018-08-09 00:00:00
ed18204b2bef82c1eeb3f13852c9dbdf,39aa3bc114b6574df1c7fee96f24199e,delivered,2017-10-27 13:57:23,2017-10-30 09:35:16,2017-11-03 15:27:14,2017-11-25 13:12:27,2017-11-28 00:00:00
d3e53c591789724dcc2d50d69b06d55a,7bef7029294fbc8e10a9bc2bfed3c0c9,delivered,2018-05-20 20:52:23,2018-05-20 21:10:33,2018-05-22 13:28:00,2018-05-23 12:04:04,2018-05-29 00:00:00
d379476af4ac3bc71f0f857e9f2827ef,863da2e6b88f588843a9e53a19b548d5,delivered,2018-08-02 14:26:38,2018-08-02 14:44:09,2018-08-03 14:06:00,2018-08-06 22:26:26,2018-08-08 00:00:00
713d7af76abcabc59c683aeccee0d493,24656feea6fec198ea27a9e505271a17,delivered,2018-02-23 14:28:51,2018-02-23 14:50:57,2018-02-27 00:32:58,2018-03-02 19:48:45,2018-03-12 00:00:00
5b767b3bdf9b75abf789c32a244105d7,3338387675fd5e91f6a823d0c40f066a,delivered,2017-09-28 15:08:01,2017-09-28 15:25:08,2017-09-28 20:55:06,2017-09-29 21:25:00,2017-10-18 00:00:00
855996678baddb2597d33300f0148406,a9faf5f60f4a04506c1b7a6d72f318b1,delivered,2017-09-13 01:32:11,2017-09-15 02:10:14,2017-09-18 22:43:47,2017-09-26 20:07:29,2017-10-05 00:00:00
1836232055a6243d56ca67b74cb77aea,6043641c536c36d9c769ce087945baf3,delivered,2017-08-16 19:21:43,2017-08-16 20:35:17,2017-08-22 21:25:30,2017-08-28 20:23:06,2017-09-15 00:00:00
741be01316057f2056a6cb0f84c8ceb6,886cdc330039c297f54f5c7c75eb0d61,delivered,2017-11-13 12:19:18,2017-11-14 03:35:38,2017-11-14 18:32:57,2017-11-21 19:54:42,2017-12-14 00:00:00
a4015a55015b0058b93b119716cb188b,8f625d0098d0ef8da8da0cb9af210b77,delivered,2018-06-05 09:58:45,2018-06-05 10:13:17,2018-07-06 10:03:00,2018-07-10 20:12:01,2018-06-29 00:00:00
cee3292f46ede6ea1dfabfcb200fcf47,0f8feee05f830b2be5955cf674a7d8f1,delivered,2018-06-21 15:00:17,2018-06-21 17:18:41,2018-07-04 15:30:00,2018-07-06 16:04:13,2018-07-20 00:00:00
05424cc0493d8fa049aa508505e6c773,5788fd9a1d707f6ed5ecd2ada911fcb3,delivered,2018-06-27 18:11:10,2018-06-27 18:31:46,2018-06-28 13:24:00,2018-07-04 15:44:59,2018-07-26 00:00:00
d43f72571877365b197ee657196d8d30,dbbdd5da6d15f24d7d00b601170a15c0,delivered,2017-08-08 22:58:27,2017-08-08 23:10:37,2017-08-11 18:08:08,2017-08-22 20:09:48,2017-08-30 00:00:00
ed9ceca077a878e3e694eb3d642862bf,5a005adfaf9aea0f82402b36e5b98849,delivered,2018-03-25 17:16:29,2018-03-25 17:27:49,2018-03-27 19:59:42,2018-04-04 00:19:02,2018-04-18 00:00:00
781ae9634d053a3d44f2d1bd5b54f6e3,89d012aa51bd338a11a0d209f954a746,delivered,2017-04-11 21:38:04,2017-04-13 02:42:32,2017-04-18 16:48:24,2017-05-04 14:25:46,2017-05-15 00:00:00
09ce65f75711be9f04a63700ae3c5adc,a866f67b44dbcc8612120c2bc59fa171,delivered,2017-11-18 16:10:29,2017-11-18 20:06:50,2017-11-21 22:38:54,2018-01-04 18:04:30,2017-12-07 00:00:00
a80a4dceedf382d563f372491a02ec23,9182ea36ab1a161d290631a23c642d56,delivered,2017-08-01 23:07:21,2017-08-01 23:15:17,2017-08-02 21:07:00,2017-08-07 17:48:00,2017-08-31 00:00:00
69aca49c98f05af05bec6fa1f87a3059,a125a54036b56ceb4c73638eda0f18aa,delivered,2018-07-20 13:19:19,2018-07-20 13:30:13,2018-07-20 12:01:00,2018-07-25 17:03:35,2018-08-14 00:00:00
8307cd7e144f9c61c639d115ee673bd3,63cdc93dd1c4ddb74a4e99978bb65488,delivered,2017-05-24 16:10:03,2017-05-24 16:22:44,2017-05-29 10:33:03,2017-06-05 13:49:59,2017-06-16 00:00:00
9a9a016a99c004915ea810b5fe0dd5f1,0759284165b6a48d477306b72b1ed8df,delivered,2017-02-10 11:18:22,2017-02-10 11:30:16,2017-02-14 09:16:25,2017-02-22 11:14:56,2017-03-13 00:00:00
ac68ca3267acd54af9b04f0b8f63b7e1,1979a929d283342dbba6654a2e2fc4a6,delivered,2018-06-15 13:21:43,2018-06-15 13:44:27,2018-06-18 16:42:00,2018-06-25 15:02:31,2018-07-05 00:00:00
c59056a977d611eea46b02572be8c2fe,28227e8679c1c660c0d6da04867e63d5,delivered,2018-07-09 16:13:00,2018-07-10 08:45:13,2018-07-16 09:29:00,2018-07-25 20:42:04,2018-08-02 00:00:00
6acd3616b7579eb36261469ad2177fda,fe0c61ec97b7adfd4a0809302dcbd384,delivered,2017-02-12 20:17:15,2017-02-12 20:30:13,2017-02-13 11:52:34,2017-02-24 09:47:36,2017-03-28 00:00:00
b9e59da979fffff5191bcc3345de9127,6088e30c1c0d0283351b49a68d7646ae,delivered,2018-01-04 23:07:46,2018-01-04 23:28:21,2018-01-09 22:52:48,2018-01-11 14:49:29,2018-01-22 00:00:00
e370475faec7f43dcb3a4ced5afed0a3,c4cba54bd066481cf87d57ac65b146d8,delivered,2017-12-03 19:30:42,2017-12-03 19:39:21,2017-12-04 19:09:02,2017-12-15 21:06:52,2017-12-28 00:00:00
997cd4e2027406aafa35d5c0e270fe1b,fa5cde2f984262f2398e3180c7638648,delivered,2018-08-01 13:47:38,2018-08-01 14:31:41,2018-08-07 15:02:00,2018-08-17 01:42:33,2018-08-27 00:00:00
287ea13612e32e59331f254bb4f15f91,f9ec9152a60625fb6c0a3ae2ff266940,delivered,2017-10-01 14:18:30,2017-10-03 04:04:34,2017-10-04 12:52:57,2017-10-10 18:53:05,2017-10-26 00:00:00
9662b2b232add4b9dca5f9f755680cbd,4be13ea33be1d4bbaf1c977f8405d1cd,processing,2018-01-04 00:30:21,2018-01-04 01:32:48,,,2018-01-29 00:00:00
3adc794e637a2ef67f006b35b36904a4,f958257e75b1b3b9a4bff40960c980e6,delivered,2018-02-08 23:51:51,2018-02-09 00:07:49,2018-02-14 20:15:47,2018-02-27 13:26:28,2018-03-06 00:00:00
7c09108767582a44ca405d37360379c0,971b400b6f1ce949ae63a649820da756,delivered,2018-07-29 19:47:05,2018-07-31 07:30:51,2018-08-01 11:52:00,2018-08-07 14:07:52,2018-08-17 00:00:00
d03ab1dd8132764e5447aba442a621ee,41e620212a99e935e46496421d083747,delivered,2017-10-12 15:46:02,2017-10-12 15:56:18,2017-10-17 23:22:33,2017-10-27 19:49:44,2017-11-13 00:00:00
e1666defbb1e17b545b7ce2b98d99f27,febef567b957e2ada3a29173f182115b,delivered,2017-09-01 20:06:29,2017-09-01 22:32:11,2017-09-07 00:22:30,2017-09-12 16:32:40,2017-09-20 00:00:00
090342fe317c0444e8220e4d902579cf,884a2d382634ed1f5d1c120ff820f9df,delivered,2018-05-03 20:48:47,2018-05-03 21:11:04,2018-05-08 19:02:00,2018-05-09 23:11:55,2018-05-16 00:00:00
379479b61c5dd31389733154ce9a6237,45827eca677573230a90c99866439c97,delivered,2017-10-07 23:47:08,2017-10-07 23:56:19,2017-10-10 19:43:48,2017-10-21 05:32:12,2017-11-16 00:00:00
a8026b902d1c542d5a42d1010f8f752d,785517b799a2fdddbe9ddd5805f0aafd,delivered,2017-04-01 12:29:50,2017-04-01 13:06:25,2017-04-03 09:36:49,2017-04-10 15:46:36,2017-04-26 00:00:00
396a9a6beb6d2d923c6310968d7da64d,3bb7d1a8212bdb15b96d73f1e91a7ca4,delivered,2018-01-17 11:25:07,2018-01-18 02:12:01,2018-01-19 21:16:06,2018-01-29 16:52:40,2018-02-14 00:00:00
98889198028c9110a7e574e3969b96cd,ab2ca35483e4e5cdba8d5ec252beab98,delivered,2018-06-25 15:07:16,2018-06-26 15:16:02,2018-06-27 11:33:00,2018-07-04 16:46:54,2018-07-25 00:00:00
655a211f1ef56bbadaf6f8622bedbfff,b439bb683cdd9fc9d186580be712d83e,delivered,2018-04-05 20:17:13,2018-04-05 20:30:20,2018-04-07 01:33:02,2018-04-12 19:26:42,2018-04-27 00:00:00
4b1040aa6e3c7ff89edf86fa35c340f3,c5a81e2f10a9c66383423ecf9319185d,delivered,2017-09-21 22:00:38,2017-09-21 22:47:41,2017-09-22 20:30:06,2017-10-09 10:48:18,2017-10-19 00:00:00
fb775efc60477f1cd523b2542d3a8b6a,51431f5f256321e9d1303b1bf1092144,delivered,2018-03-19 20:06:49,2018-03-19 20:27:59,2018-03-22 23:58:50,2018-04-11 19:41:24,2018-04-09 00:00:00
efc3c0ad27f3640e148d3ae5e1fdee4b,eae8aa6cae466fbee934b61dbcba4d47,delivered,2017-11-18 19:49:39,2017-11-18 20:06:52,2017-11-21 19:04:52,2017-11-28 17:29:03,2017-12-13 00:00:00
9a48bdb3b3f610a7bc9f2d2a1c722e19,ba8832dcb9bd10625d712651ec217efb,delivered,2017-10-18 10:12:55,2017-10-18 10:36:01,2017-10-25 18:43:45,2017-10-26 20:09:35,2017-10-30 00:00:00
f93bcee6c5595d8b07ad4f799fe5b590,657eda4e409c3207fb49f2291e11e582,delivered,2018-02-24 01:14:06,2018-02-24 01:28:42,2018-02-26 19:04:42,2018-03-13 15:51:47,2018-03-26 00:00:00
a1a43def14457b1136b6fb625b7553aa,5086c2f81ce45b22fe989c0e741ed600,delivered,2017-12-27 22:25:15,2017-12-27 22:37:34,2017-12-28 22:59:21,2017-12-29 11:53:42,2018-01-18 00:00:00
77d66e0dd1fb22e462b621cdc2da1192,717a9f2a02e205b60f343b69a375cd04,delivered,2018-07-16 21:02:10,2018-07-16 21:15:16,2018-07-18 13:05:00,2018-07-20 17:46:48,2018-08-08 00:00:00
a63fc06fbf35a9ae12687dd20d865828,84c4b08968051f2c67eb078782195b5a,delivered,2018-05-15 16:32:09,2018-05-15 17:14:57,2018-05-16 09:19:00,2018-05-21 19:37:29,2018-06-01 00:00:00
b4dd0ccee7deaeb2dc42f799b683c9e4,055217ec4b1f2a56c62ce2cadbe29c3b,delivered,2017-03-21 14:32:32,2017-03-26 23:32:54,2017-03-30 16:52:19,2017-04-03 16:28:17,2017-04-13 00:00:00
8f66a47ac4f65f26320f96aaf8d944b7,5261d7e8fd4db38c6a9d070582bc7d06,delivered,2017-06-07 14:03:57,2017-06-08 02:45:32,2017-06-08 08:22:37,2017-06-22 15:55:54,2017-06-30 00:00:00
4b7168ae01a376742edb415217f11712,a5ac80c6876f4496f98d4e9279258073,delivered,2017-07-12 20:05:20,2017-07-14 02:24:47,2017-07-17 16:32:59,2017-07-24 13:47:51,2017-08-07 00:00:00
1b972feb2ea1e13fc92a33e665b399c8,19e82b646b98e2385f2651c33efd6e5a,delivered,2018-01-22 22:23:18,2018-01-22 22:33:24,2018-01-23 22:48:46,2018-03-16 20:52:19,2018-02-19 00:00:00
97df4160390cf20ee63b032b5a93d0e2,8a67f4176555ddc74a6e897968988a74,delivered,2017-01-26 14:12:54,2017-01-26 14:25:19,2017-01-26 14:44:01,2017-02-01 15:26:04,2017-02-24 00:00:00
dd38bcc1ad97c23b6cfd63850667aa03,536d34b506dd35403e9abf9bf68e82a4,delivered,2018-03-02 22:48:59,2018-03-02 23:08:38,2018-03-05 20:52:02,2018-03-06 22:17:33,2018-03-14 00:00:00
2e34c4ee86e4ace97b31109afa1f2bb0,badff72965e07210f908561dea662eb0,delivered,2018-05-23 14:58:24,2018-05-24 15:55:22,2018-05-25 13:58:00,2018-05-28 23:37:31,2018-06-08 00:00:00
9a568c8731ba1d76b2b0dafbbd29e475,111f9bc1f185137dfd3f27649ddb08c9,delivered,2017-11-26 20:12:17,2017-11-26 20:19:55,2017-11-28 20:38:59,2017-12-05 16:48:59,2017-12-15 00:00:00
33c7b5f7a1f9f6648a267658e4f31e91,796a700eb8db15364689946c1618f931,delivered,2018-02-15 21:18:32,2018-02-16 19:27:10,2018-02-20 23:06:23,2018-02-23 20:22:51,2018-03-01 00:00:00
a9ee0dccf5147c8128f6af3083a0ca17,f7757d711fef2aac221217bc911ccbd0,delivered,2017-08-19 00:39:15,2017-08-19 00:55:18,2017-08-21 13:48:04,2017-09-06 21:52:14,2017-09-13 00:00:00
7523aef197faf2b745e49e46ae4464ca,280b6e60c0323ca7dea55d10501f5291,delivered,2017-12-30 15:04:57,2018-01-02 06:39:24,2018-01-02 19:37:19,2018-01-08 21:10:54,2018-01-30 00:00:00
1dedb63df54bd6377bc3e2b61ec4c791,25a2fb1acc86dfbc6cd42510d83e651d,delivered,2017-11-25 06:43:15,2017-11-27 06:36:13,2017-11-28 23:18:52,2017-12-09 11:25:58,2017-12-15 00:00:00
7c068f2de07830e12410a13f85bb6b0a,345b11fa83d051b4443a8bd44f3241d8,delivered,2018-04-26 20:03:21,2018-04-26 20:15:14,2018-04-27 16:37:00,2018-05-07 19:24:50,2018-05-23 00:00:00
a56a7f475df6154f6e6ad0311578f697,6c9ab8f5fd1144078df8b43589d02139,delivered,2018-07-05 18:48:38,2018-07-06 02:51:20,2018-07-06 11:11:00,2018-07-11 21:05:30,2018-08-01 00:00:00
0fbefb255e8b51bd1a45f97a0700532b,1bcc46352683959810be50c962a27ee2,delivered,2018-02-05 08:23:09,2018-02-05 08:35:22,2018-02-06 22:17:40,2018-02-26 23:22:22,2018-03-05 00:00:00
0f475d7e08b52d8abf7e8c6141286c27,93794f99eb7b7e4cb838e17e2032377b,delivered,2017-01-20 19:23:11,2017-01-20 19:31:08,2017-01-23 09:33:17,2017-01-27 17:05:58,2017-03-02 00:00:00
49b409b37fa9e707bd2bfc59a49ab7cd,857b7961ba24679a586fe875ea74ab44,delivered,2018-05-30 19:50:33,2018-05-30 20:14:33,2018-06-01 13:23:00,2018-06-11 19:18:44,2018-07-11 00:00:00
8411b2a445133d0ab0a16801f7b22f8f,7834b1149a19800e5d3a249c43c020ac,delivered,2017-07-13 11:06:34,2017-07-13 11:23:51,2017-07-14 19:47:49,2017-07-24 23:42:15,2017-08-02 00:00:00
75434d9f9fce6b4c6cd9f4736db6fa16,0dcd9c0288e566a80542ac0834dd7c42,delivered,2017-08-04 19:31:30,2017-08-04 19:45:12,2017-08-09 18:04:44,2017-08-23 14:34:11,2017-09-12 00:00:00
4ceb680ca41b58487fec3e0f33c624ef,416b9ec8dfb172a88631c946b7f4ab85,delivered,2017-04-18 03:01:38,2017-04-18 03:15:06,2017-04-24 15:59:16,2017-05-03 11:37:45,2017-05-10 00:00:00
9aab369315c9066a109561047bb258f5,cc1d47ff94567d1845c7cd5775074dc5,delivered,2017-06-09 08:13:39,2017-06-10 02:43:31,2017-06-14 13:52:15,2017-06-16 11:14:32,2017-06-23 00:00:00
c9b3d3854f0ed6d4b5a65bcf534de4c8,6355194d5dd91d52c9e79c84b5ee9774,delivered,2017-05-10 10:21:42,2017-05-10 10:30:20,2017-05-11 08:43:41,2017-05-23 15:35:55,2017-06-07 00:00:00
883be96e55d6e19b2ceef5cdd735d8fd,1a4b8beb3962475a804e907c79cf8f51,delivered,2018-06-07 09:19:48,2018-06-07 09:34:26,2018-06-11 07:54:00,2018-06-13 20:42:47,2018-07-04 00:00:00
72bdb7d2d182c82df2be2b69493df05a,e4bd7f9d1e9452a72d1d0d40053905b1,delivered,2018-01-13 15:52:01,2018-01-13 16:31:12,2018-01-15 21:21:43,2018-01-24 21:03:50,2018-02-08 00:00:00
65a39f90b35161fae82145e9a9725bb9,96de148534b6332d653ee594b65f0585,delivered,2018-06-04 00:04:14,2018-06-04 00:15:17,2018-07-04 06:38:00,2018-07-09 18:34:45,2018-08-09 00:00:00
d8337c037ad19b2a0b903ccfc3e06464,ca5d72f1c65589324e254fde9bf9b59e,delivered,2018-01-30 16:55:20,2018-02-01 02:53:00,2018-02-01 22:37:41,2018-02-09 13:46:32,2018-02-22 00:00:00
f64ebaffa29a24b3630d8d9ab6cf43b5,2083b59aa027f1712e497b4197e3ebbf,delivered,2018-07-19 09:52:36,2018-07-20 09:50:12,2018-07-20 19:20:00,2018-07-23 16:03:23,2018-07-27 00:00:00
69ae6d6493cb6b0420c6e86da2cc3c3f,1693bc6668a6e89a390b6f20f86b6825,delivered,2018-05-14 17:26:12,2018-05-16 02:53:47,2018-05-16 13:21:00,2018-05-22 19:38:51,2018-05-29 00:00:00
4822b9a2b5589396deb0956b2b844afa,78875a0fca40b8c6efc4935ae3b02149,delivered,2018-08-12 18:06:46,2018-08-12 18:24:17,2018-08-17 11:22:00,2018-08-24 22:36:43,2018-08-29 00:00:00
eb54462c208a5481d2af421ca4f66780,1f25c018077f5a366bee0321500296b0,delivered,2018-04-15 11:55:52,2018-04-15 12:10:51,2018-04-18 22:42:36,2018-04-28 14:12:02,2018-05-14 00:00:00
30bdf3d824d824610a49887486debcaf,d6646ea91d8cd9fc7e6882a7068779d4,delivered,2018-03-27 14:29:03,2018-03-27 14:47:43,2018-03-29 01:14:42,2018-04-03 16:48:50,2018-04-24 00:00:00
08920300c97e9c4ef7728df49f6317b3,782b6c1a1f51674763812f3c1aca9000,delivered,2017-11-24 15:51:42,2017-11-24 19:36:26,2017-12-05 18:40:40,2017-12-09 18:33:51,2017-12-15 00:00:00
3fe545962fed10de669e9585ca8bebdf,0062859a8f89e25c6b0e8dc905ccc59d,delivered,2018-03-24 07:55:20,2018-03-24 11:28:16,2018-03-26 21:47:27,2018-04-06 20:56:55,2018-04-20 00:00:00
79b0101fa56acf957666dd3d2fe39a61,63754ad635e4f739b73382c4a2b67d5e,delivered,2018-01-31 00:09:23,2018-01-31 12:31:06,2018-02-14 18:29:07,2018-02-28 20:57:02,2018-02-22 00:00:00
b7fa03eeccba341d5ab0dc86bfb1b08c,38a501b835a42c582bb16868630cba84,unavailable,2018-07-28 18:42:13,2018-08-02 23:30:29,,,2018-08-03 00:00:00
5f76e267fa835332eb9d18afad1a1511,09144539159d4b4997ce0df873b02569,delivered,2017-02-24 20:40:44,2017-02-25 02:10:28,2017-03-01 07:28:06,2017-03-13 08:07:57,2017-03-24 00:00:00
f562fcbc87b8916bfaad4dc4a8db933c,c623c44fee67e4877b7589d8016d1678,delivered,2017-08-06 19:47:17,2017-08-08 04:15:35,2017-08-10 20:27:53,2017-09-13 00:42:48,2017-09-11 00:00:00
6036d4eca40644c890443b856040cb18,87e0bfecdb562b3802e43060c7e5b532,delivered,2018-05-03 15:30:29,2018-05-04 03:31:43,2018-05-04 14:34:00,2018-05-16 23:23:42,2018-06-04 00:00:00
e8745aa1fc53254235ceef55710dc6ab,2d15970d1c1a3b3671a4ad1718bc8c73,delivered,2018-08-01 11:54:32,2018-08-02 05:30:46,2018-08-03 15:26:00,2018-08-08 19:21:28,2018-08-23 00:00:00
1c8d6e7486d7ca7e2bf1405330f32e89,104fd8a3a47d8316094cfef655298f78,delivered,2017-12-25 11:33:07,2017-12-25 11:48:48,2017-12-27 14:06:39,2018-01-10 19:53:22,2018-02-01 00:00:00
9b95b783cb4d875bbdaec597fcfc0f74,e375964c94ac8e726e9449cb270b7f92,delivered,2018-03-22 22:11:07,2018-03-23 22:08:04,2018-03-29 21:52:52,2018-04-16 14:56:36,2018-04-19 00:00:00
116c5326c53701c0cef3abac7b086466,df2d7c66f46ee8fa7c0517f0742ebaec,delivered,2017-06-15 22:40:45,2017-06-15 22:55:20,2017-06-16 14:09:44,2017-06-26 15:19:45,2017-07-10 00:00:00
32ee8636a1273b8d63c0bcedaba76ff0,83630d4bc2cf2f95fc1e41b054deb8ec,delivered,2017-12-19 23:35:40,2017-12-21 02:12:40,2017-12-23 00:54:55,2018-01-02 16:47:08,2018-01-24 00:00:00
8bdd1fa9653a917ee7f19f52a335aec8,b59bf9e1a0ea24243b3da2eee354cc06,delivered,2018-02-19 21:10:06,2018-02-20 07:27:16,2018-02-21 19:22:55,2018-02-25 20:04:51,2018-03-05 00:00:00
36c1e781ba921a540893e160e063c581,54fe8a1a404fe193dd782edd74bc0317,delivered,2017-07-29 10:52:41,2017-07-29 11:05:14,2017-08-08 22:33:22,2017-08-22 21:45:08,2017-08-22 00:00:00
983d1042c129f87546062d2d27f73020,9935e5d76abbd2e896173776107c06da,delivered,2017-09-18 09:46:37,2017-09-18 09:55:35,2017-09-19 19:33:20,2017-11-07 18:09:41,2017-10-10 00:00:00
50dbfd3a91c2fde907830cb668a721f2,60c8baa971d3781e122f7ff8eb3a6be6,delivered,2018-04-27 12:28:35,2018-04-28 12:30:29,2018-04-30 14:14:00,2018-05-11 23:08:33,2018-05-22 00:00:00
78b2a06f2611f8e465bdb69eed02218f,8704d7f9a0909c9653edf868eb057f29,delivered,2018-07-29 18:53:46,2018-07-29 19:05:10,2018-07-30 14:32:00,2018-08-07 15:42:30,2018-08-17 00:00:00
713631547f1e4dbf7d1a05eb38012815,fd862bc8d2484c14b9f59de2cd3155f0,delivered,2017-09-26 21:04:18,2017-09-26 21:14:19,2017-09-28 15:26:31,2017-10-03 20:17:12,2017-10-23 00:00:00
7aa8c781677d995a032c4a4a9e60eb2e,9b2a64453a3edd4663f9e0569f0ef788,delivered,2018-05-14 22:27:35,2018-05-14 22:50:43,2018-05-15 16:11:00,2018-05-22 20:48:01,2018-06-04 00:00:00
19174c55645d3a9ae7167a4446606b5b,a706c0eede2ff801b399d1e556cae21d,delivered,2018-06-19 13:42:10,2018-06-19 13:57:37,2018-06-20 16:49:00,2018-06-21 20:14:25,2018-06-29 00:00:00
a82e51ce2f7042d9be38b0cee1764b46,770e1923ad55d1a35e2c184986e917d2,delivered,2017-10-07 11:00:13,2017-10-07 11:14:13,2017-10-09 15:33:52,2017-10-10 20:59:43,2017-10-27 00:00:00
9c10b1f6d98c7b2e59ebce1157e7bec6,13eb37c3a1a13999446cc0d847296711,delivered,2018-07-19 19:07:09,2018-07-19 19:23:10,2018-07-20 06:56:00,2018-07-27 18:36:46,2018-08-10 00:00:00
50bab6ddd523b8b8b4bda6a45f4f6b53,cbf77bf17677d1ded025f71e08c2193a,delivered,2018-03-21 15:16:55,2018-03-21 15:30:30,2018-03-23 20:48:19,2018-03-29 09:59:33,2018-04-03 00:00:00
f00bd384f3e305068c7031a1713a037f,eed17b4b86c7ae236806408d6ed7d0d4,delivered,2017-12-13 17:35:34,2017-12-13 18:22:02,2017-12-14 21:22:54,2017-12-21 17:22:16,2018-01-11 00:00:00
02ce7f70a5c7a6b04c29a98b061d68b7,c1aee4ecf1d8ededf571249287d56854,delivered,2017-06-05 21:47:24,2017-06-05 22:02:20,2017-06-06 15:27:27,2017-06-16 17:32:37,2017-06-28 00:00:00
1d73e7c6c8033ca8b5d21df45c5b7863,205367f4c11ae2dc7de31e0142eaeeda,delivered,2018-07-28 02:39:42,2018-07-28 02:50:21,2018-07-30 11:15:00,2018-08-14 23:21:49,2018-08-16 00:00:00
3b9b43f842d56d4e464cf761d7c526e2,e4fda0484cd2b48bcc2a2c19efb56de1,delivered,2017-08-27 14:45:16,2017-08-27 14:55:16,2017-08-30 21:25:28,2017-09-13 18:14:08,2017-09-22 00:00:00
b4eabf9a64099f1413105754e3d1343f,101761ee49f83d5aedd8e7b2cb007363,delivered,2017-02-18 11:09:50,2017-02-18 11:22:41,2017-02-20 14:32:36,2017-03-02 14:32:40,2017-03-21 00:00:00
ba35cc167c59bc97e08e9f6b570ce3a1,3cf7b555c5ef3b32cbeff76b50cbdeff,delivered,2017-11-20 17:38:07,2017-11-22 02:47:58,2017-11-23 20:28:42,2017-12-11 19:22:01,2017-12-19 00:00:00
08f33b9700f597f74ec8fc4f1d56eda7,f0bc77743882d666e091a12181b32386,delivered,2018-06-22 10:43:09,2018-06-22 10:58:38,2018-06-27 06:50:00,2018-07-03 16:22:38,2018-07-26 00:00:00
b7bef020492af2903362c33783ad4e38,3272b3a88f6571ec59d75e7201a34255,delivered,2018-02-07 07:18:42,2018-02-07 07:30:21,2018-02-14 21:38:52,2018-02-21 14:27:19,2018-03-09 00:00:00
6369478ccc25c089500c88305545244b,eb4201ee621ab44ff61deab8ce0e2ee9,delivered,2018-04-18 20:58:55,2018-04-19 02:51:26,2018-04-20 20:32:01,2018-04-27 19:54:33,2018-05-14 00:00:00
f92e273af7fd8aa4c0b40388cf80be75,04fe08050dc149cf00e43d448c468128,delivered,2018-08-15 19:46:26,2018-08-15 19:55:15,2018-08-16 14:09:00,2018-08-27 23:23:44,2018-09-11 00:00:00
61f7737ba3909f4de54672a122bb94ab,52961e216b71088d42e7efce1f9c9f89,delivered,2018-01-12 16:26:16,2018-01-16 03:50:17,2018-01-16 15:33:41,2018-01-22 10:19:30,2018-02-08 00:00:00
253fce0796924cfa83e730b7c7da4e66,3c8892a24d5f35c4a39b1a374c662b60,delivered,2017-06-03 12:22:15,2017-06-03 18:30:07,2017-06-06 12:49:23,2017-06-22 14:57:57,2017-07-06 00:00:00
09836dd0df8891bd6cc20b9e651a6f23,ecff1b1c83d0c9237a8e5fa29684a78d,delivered,2018-06-04 22:49:09,2018-06-04 23:10:42,2018-06-05 13:44:00,2018-06-21 19:32:20,2018-07-05 00:00:00
18a3de7f374fa61dc8962d9f000a57d7,efb499a8d034abb338720bf31027b0ba,delivered,2018-08-18 19:50:20,2018-08-18 20:10:12,2018-08-20 16:39:00,2018-08-24 18:22:44,2018-09-11 00:00:00
161f105f25baba98c7604aad9b99d9a6,b9dd6c551bfe1ea46e2ca722708df61d,delivered,2018-03-14 12:26:50,2018-03-14 13:08:17,2018-03-14 23:58:47,2018-03-15 15:56:23,2018-03-26 00:00:00
a60c9bf6dcdd39e9f1c10ae5ad77c24d,ac7f438e15d996fd55c89ff26d19b648,delivered,2017-12-17 17:30:46,2017-12-17 17:39:23,2017-12-18 22:34:32,2017-12-28 21:47:05,2018-01-30 00:00:00
18559e87fe804301f0a0571a740d3611,04c4d353462fcfaab210de05d1870910,delivered,2017-11-17 19:42:48,2017-11-18 08:47:29,2017-11-21 12:42:02,2017-11-24 18:37:40,2017-12-08 00:00:00
52839320a287fc82e97026f99434d425,4948914a6d422d2bcb6d13062973d3bc,delivered,2018-04-21 13:06:22,2018-04-24 18:04:56,2018-04-24 02:18:28,2018-05-02 19:22:22,2018-06-04 00:00:00
70942902c403d0f8922b07cd936bfae0,70aebedc20cbbdb864f0f674f8fa2af6,delivered,2018-01-01 16:13:32,2018-01-01 16:26:43,2018-01-08 16:33:42,2018-01-17 19:08:42,2018-01-30 00:00:00
766604e12d26178b47d6f8cb51784f54,022436c15d537fc7a1dd70e6000cbf66,delivered,2017-08-21 23:58:43,2017-08-22 03:25:11,2017-08-23 16:34:27,2017-08-30 22:32:55,2017-09-13 00:00:00
bc60b588a732fb42a8145a501c6a61d2,d71c6edfaf2850bafce5d8a655d34413,delivered,2018-08-24 14:09:35,2018-08-24 14:24:32,2018-08-27 11:14:00,2018-08-29 02:54:50,2018-09-10 00:00:00
d41944802ef44ca7d0cea1284fd0a605,e9f0e4ef15a5dac6d7a66274fb0024e5,delivered,2017-12-16 23:46:35,2017-12-16 23:55:21,2017-12-18 19:44:17,2017-12-27 23:35:28,2018-01-17 00:00:00
177e389651ef6cd6620a3355c1000999,bea4ecc43785fb915bcbb46171f23b23,delivered,2018-02-28 17:33:26,2018-02-28 17:49:49,2018-03-02 18:23:27,2018-03-12 12:05:00,2018-03-21 00:00:00
0e052bf9ab53618ac0c5fb8ce3dd61b8,06ba6a60751f29132f330decc3450c3b,delivered,2017-05-12 09:24:23,2017-05-13 03:02:55,2017-05-15 15:30:02,2017-05-25 07:39:44,2017-05-30 00:00:00
d2c021c9649e328e98f4b09574854cab,fb44731890feab95ab8f71e54fcf3dc1,delivered,2017-05-12 20:55:01,2017-05-16 03:22:26,2017-05-16 10:33:54,2017-05-24 12:58:24,2017-06-08 00:00:00
9c8b1a249b8f2acf28a69ae5526256c5,0afdec8c17187b3049a69904ef1cab59,delivered,2017-09-19 09:24:34,2017-09-19 09:35:10,2017-09-19 18:22:21,2017-09-20 18:55:01,2017-09-29 00:00:00
9df818a3b1089e9e3af14f2ac8ad6f1d,5e56ace5aadb8b0f475e5ffe48d228ee,delivered,2018-03-05 11:19:23,2018-03-05 11:35:32,2018-03-07 21:53:09,2018-03-08 14:05:53,2018-03-15 00:00:00
4d458ae78b6be4d04c94a3e7372ca386,d67ede1800a61cccdfb4f4669f338c80,delivered,2018-05-03 17:32:27,2018-05-05 02:55:06,2018-05-08 13:52:00,2018-05-15 18:56:31,2018-05-22 00:00:00
2d3dbe1773426d039d73770335867829,1aeec9b1de1f7ff20d46b615a0f05f0a,delivered,2017-09-11 10:15:27,2017-09-11 10:25:41,2017-09-15 14:39:06,2017-09-25 15:03:04,2017-10-06 00:00:00
63175a0077fd25dc166bf27cfa3927df,747af79916b2377c22485f4e83c6e521,delivered,2018-07-14 00:15:33,2018-07-14 00:25:11,2018-07-16 16:10:00,2018-07-23 20:33:05,2018-08-16 00:00:00
7ff9920174c1d74237a6fcb73299c0a0,c799766de6042338158b08fc7418df09,delivered,2018-06-27 09:37:58,2018-06-29 02:53:18,2018-06-29 11:12:00,2018-07-03 16:21:39,2018-07-18 00:00:00
9fd83cacce47c1aec0484e704c87ccf1,c37808db51066db223f9e386bd9169d9,delivered,2017-12-13 10:30:25,2017-12-13 10:51:48,2017-12-20 17:57:13,2017-12-26 21:33:46,2018-01-11 00:00:00
214b96dbb7d479932d8b5a1957ce0e9d,00cef6d9683eaa39aaf401e3b02bdbca,delivered,2017-08-16 22:23:32,2017-08-16 23:44:56,2017-08-21 18:16:11,2017-08-28 16:51:37,2017-09-18 00:00:00
51f24b9ca5365e89f2dd96de60ee083f,19d5f0ff68bc32ac0acd36bb47fb8061,delivered,2017-03-18 20:49:04,2017-03-18 20:49:04,2017-03-20 11:21:12,2017-04-24 15:04:35,2017-04-19 00:00:00
5bd9862e9eb167d733096279f6b353ed,027a90872a3f917170f2e2b912363e88,delivered,2017-10-03 08:05:20,2017-10-03 08:14:15,2017-10-03 16:53:40,2017-10-09 21:38:31,2017-10-30 00:00:00
4f4713c9b445b523bc53cb7a472b7a99,f478718909f3923543aef3539103dd58,delivered,2018-06-22 14:16:58,2018-06-26 05:13:17,2018-06-28 14:06:00,2018-07-03 19:52:01,2018-07-19 00:00:00
9e34a5f4e532b2af9484b29d5f249eec,705468541e41b90b271f714cd374fade,delivered,2018-02-28 20:37:09,2018-02-28 20:50:42,2018-03-01 21:16:52,2018-04-05 01:58:44,2018-03-29 00:00:00
2490acacc509d48df78fe4d3a44f45df,e5a94a4be7e4cee1fef1e15778bfa2ab,delivered,2017-03-09 12:57:30,2017-03-09 12:57:30,2017-03-09 15:20:07,2017-03-22 05:29:41,2017-03-28 00:00:00
e3198f3829645095f91d9dfc8c70135f,af9aecfbfe94b0369dd5e0d22e525b81,delivered,2018-03-28 07:50:32,2018-03-28 08:10:18,2018-04-11 17:05:40,2018-04-28 15:07:51,2018-05-04 00:00:00
4150ef14f79d08c4772445de6db77c0d,569bdc5b541b747c421b3618ddac0884,delivered,2017-09-08 19:33:47,2017-09-12 04:44:23,2017-09-18 20:18:08,2017-09-25 18:42:02,2017-09-27 00:00:00
3b7373170271acc24a203e59f70e5a54,22399760ef434eb8f4251f5485304a6f,delivered,2017-11-25 19:37:32,2017-11-25 19:54:47,2017-12-20 23:18:07,2017-12-23 13:19:21,2017-12-29 00:00:00
eaaba54fc16f2f0c54cade87efc51932,0fc00a05beef2f2faeb5e978555c7778,delivered,2017-11-28 23:39:03,2017-11-28 23:54:33,2017-12-01 00:32:20,2017-12-11 16:25:12,2017-12-20 00:00:00
1118f05e23d1a8082fa47f8a377de658,8292e9df852ab7fce9e1bafc08870878,canceled,2018-08-07 15:05:23,2018-08-07 15:15:29,,,2018-08-13 00:00:00
97e24377140a4eccdc29f62c6a965df7,a25b57cb6a2581ee8be1e52e0b903620,delivered,2017-03-05 19:01:30,2017-03-05 19:10:13,2017-03-06 12:08:37,2017-03-10 11:36:07,2017-03-29 00:00:00
9d2d64762e74b71c53ba0822341832a0,175ccc4e2a9670bc163c9970f864a76e,delivered,2018-05-10 20:17:17,2018-05-11 20:16:58,2018-05-14 06:16:00,2018-05-17 20:28:41,2018-06-14 00:00:00
78a0b04da4d744a06c4843f76ac5ce8d,93cb5bcce27aa2cec0b93caca88f582d,delivered,2017-03-28 19:31:36,2017-03-28 19:45:08,2017-03-30 12:48:45,2017-04-11 15:23:33,2017-04-19 00:00:00
557301323d2ab3151c0e56b06aafd2bc,ef2a710adfd6f4cef2cbc1053b847801,delivered,2017-12-11 09:04:24,2017-12-12 03:53:26,2017-12-12 16:52:02,2017-12-15 18:43:40,2017-12-28 00:00:00
3806e97292af7b9430f6981372925843,5ad1e88a2aa6f14c0aee6d2f1fdd5550,delivered,2017-08-09 22:31:26,2017-08-09 22:45:19,2017-08-10 19:07:50,2017-08-21 18:23:39,2017-08-31 00:00:00
9a8d3b2e4543ffa98240222fd991ca73,609a3f92da35fa9daaeb4f5380d38b37,delivered,2018-02-08 10:43:34,2018-02-08 10:55:23,2018-02-09 23:07:59,2018-02-21 16:37:27,2018-03-20 00:00:00
7a5aed0d72e6d10c96bb2cfc571fe4b2,09b186546a1f76b4b3cb9111dad590ca,delivered,2017-08-31 13:55:59,2017-08-31 14:05:33,2017-09-01 17:43:27,2017-09-04 21:20:10,2017-09-20 00:00:00
b13a218f04f34967574a5a8ff1d07859,55bcbc4ca1aa6b2d816de5066b5d103f,delivered,2017-11-24 21:49:06,2017-11-28 03:40:32,2017-12-01 22:09:16,2017-12-16 17:42:31,2017-12-27 00:00:00
5cb724be50443da495598c1db35ccfbd,40a6e923b893f7a7d8dfa9a118d341c4,delivered,2017-09-27 00:11:29,2017-09-27 01:34:27,2017-10-02 14:26:48,2017-10-13 22:07:46,2017-10-26 00:00:00
40a0d43c361fd8433d1e982929fd635f,6a0dc512be3f2c57360e08f715ec357a,delivered,2018-04-15 16:22:04,2018-04-15 16:31:30,2018-04-17 23:46:33,2018-04-26 23:41:44,2018-05-22 00:00:00
88b89dae0dc52bf881d9a8a9072f880c,243b40772b00e4ba69a769305b7deb72,delivered,2018-02-11 15:02:04,2018-02-11 15:15:23,2018-02-16 01:43:13,2018-02-28 22:29:06,2018-03-09 00:00:00
cf2bdd96e31b79ed41dba723fb42429a,17d47ffa534a47c9af375bd1bb9cd94b,delivered,2018-08-06 16:03:21,2018-08-08 07:30:09,2018-08-08 13:27:00,2018-08-16 21:27:40,2018-08-27 00:00:00
7b47b84c95e15a32e8026ea1fb9fcc73,14c797619e18e0f0e8bdf933bac27690,delivered,2017-09-13 22:21:37,2017-09-13 22:35:19,2017-09-15 17:45:47,2017-09-22 15:48:31,2017-10-05 00:00:00
9889e26ac5a56d800689699664af0f82,e5bbede7ac897293d9132cedc17af3a8,delivered,2017-02-03 09:51:56,2017-02-04 02:25:37,2017-02-06 09:06:44,2017-02-13 11:08:12,2017-03-03 00:00:00
cfe5da8247941458984d84fbdfa91a10,902533054ee08fdee588a61239aa769c,delivered,2018-08-02 22:03:40,2018-08-02 22:15:29,2018-08-06 12:24:00,2018-08-09 17:04:07,2018-08-10 00:00:00
d15b3189d76bdc8564bf65a99df1a379,4b5d6a7f0f2a3aa09b88aed9bbca201a,delivered,2017-11-23 10:58:26,2017-11-23 11:08:29,2017-11-24 18:48:26,2017-11-28 17:42:04,2017-12-05 00:00:00
91d3db538cfff9a4f1cd5d5ad9481b05,93398976408677d44139e085d01c41a3,delivered,2018-02-01 16:32:15,2018-02-01 16:57:04,2018-02-05 11:06:03,2018-02-06 23:52:10,2018-02-19 00:00:00
124989cec6f415c879769c699f3134e2,1298b31750ae11bc372f731e76d3a6f0,delivered,2018-02-09 21:38:59,2018-02-09 21:50:26,2018-02-15 15:14:23,2018-02-20 00:41:53,2018-02-23 00:00:00
ff65c06d9d1fcec5dfefe1dbeb606e5f,f54d3bbcdf79428f56c45ac5e3b496c1,delivered,2017-11-02 18:53:27,2017-11-03 20:30:52,2017-11-07 20:08:44,2017-12-01 20:17:49,2017-12-01 00:00:00
21986117cfddd42a35f894deadbe2f95,3ce0f3492243e7dc026346678fd4f703,delivered,2017-05-04 19:36:56,2017-05-04 19:50:10,2017-05-10 11:17:31,2017-06-19 11:03:21,2017-06-07 00:00:00
c2ef03831388d411d6c9610e440fae40,02990abeb531c8e237ac2b13141f188d,delivered,2017-04-21 19:26:42,2017-04-25 08:15:26,2017-04-25 12:53:19,2017-05-05 14:47:49,2017-05-22 00:00:00
fbfb14bfcbaabcc1473524656c76a4cb,d870167097156772b8af23d558b4faa7,delivered,2018-08-09 15:38:02,2018-08-09 17:25:16,2018-08-10 13:58:00,2018-08-15 18:22:02,2018-08-23 00:00:00
f54a5247270f147891511428c087773e,991810d1743b667dfccaf2b046d88a5a,delivered,2018-02-28 18:55:49,2018-03-01 18:50:30,2018-03-02 17:47:01,2018-04-16 19:08:29,2018-03-22 00:00:00
2a1826a678534f6229f4d60aedbdbb94,8a80d31944835c9b6cac3e2737bd245c,delivered,2018-05-14 13:03:21,2018-05-14 13:17:30,2018-05-15 12:10:00,2018-05-22 16:22:14,2018-06-14 00:00:00
082e1d9362de402518ac4c47b4d82dd0,bc79e7caa09731190172e80af2e3d126,delivered,2017-07-28 22:34:21,2017-08-02 08:33:52,2017-08-01 13:59:59,2017-08-02 16:13:08,2017-08-10 00:00:00
85179ceed927a62fa1fe00697a17dd5e,299a48f7420ccd62c0efd03c927381ab,delivered,2017-10-03 17:59:56,2017-10-03 18:07:43,2017-10-04 20:58:02,2017-10-11 18:42:00,2017-10-27 00:00:00
61224c4690fa8613b56e0469cea9415c,d660cc394eb24b0a1fbf68174a1531e3,delivered,2017-09-12 18:17:51,2017-09-12 18:30:34,2017-09-13 15:36:45,2017-09-25 17:37:09,2017-10-05 00:00:00
644ae2fc953e74a21a0bd28b2049242e,a704a342c9c7a6686554e5f5932c77cc,delivered,2017-12-12 12:45:17,2017-12-12 12:52:30,2017-12-15 20:55:04,2017-12-21 12:19:19,2018-01-09 00:00:00
29a143cd68f669f10fd6d4a020eb7f38,2a0d54a46700eac893ae93c57391536a,delivered,2018-01-10 10:27:03,2018-01-10 10:35:34,2018-01-11 13:07:49,2018-01-12 14:56:49,2018-01-29 00:00:00
6e1c9b0136456e44d5b1d74c5abfae85,55a8e20a0cd1dff15232a9a6cb339e58,delivered,2018-08-07 09:30:10,2018-08-08 03:10:25,2018-08-08 14:49:00,2018-08-14 19:32:53,2018-08-28 00:00:00
f63f9a7699e3674c80a4ba92e56dfbb8,40e7aab419643f84ecd6670ff5c8db95,delivered,2017-09-22 19:20:07,2017-09-23 02:26:32,2017-09-25 17:36:53,2017-10-10 12:48:18,2017-10-19 00:00:00
214c5f0c9cd86a432fd1c37cf8b20328,78f88ec4242f01948963c37379b9698b,delivered,2017-09-16 17:06:18,2017-09-16 17:15:11,2017-09-18 20:55:58,2017-10-04 19:02:52,2017-10-25 00:00:00
91a422eb23b5d4904d4c1be11592c317,0f67e09bb9ff7f58f3a0b68108be4396,delivered,2018-07-07 09:24:13,2018-07-07 14:35:16,2018-07-09 12:29:00,2018-07-23 17:41:49,2018-08-01 00:00:00
04d11ad47e18aa9180d9d9cc7678f496,8f3fcfbb2fa3d2f7e3de0d54ff424439,delivered,2018-03-06 01:40:54,2018-03-06 01:50:27,2018-03-08 23:54:35,2018-03-19 16:07:51,2018-03-22 00:00:00
35a54a3bcc71cd258454f11c9229e9a5,f4c00bcece4a99d2314880aabf6c54ed,delivered,2017-06-19 21:47:37,2017-06-19 22:03:09,2017-06-21 18:12:22,2017-07-03 15:39:40,2017-07-13 00:00:00
8c7ce1cb243949650a70251b5a6d5f4c,15512d8df95be063e49bf8b29c659f7b,delivered,2018-03-11 00:12:14,2018-03-11 00:28:02,2018-03-14 01:28:30,2018-03-26 16:42:04,2018-04-02 00:00:00
1132b7a7e21c61ede6a001a17e5abf85,ac056218ca998b0dfd12bbb30abd0f89,delivered,2018-01-13 19:29:03,2018-01-13 19:37:21,2018-01-31 15:45:02,2018-02-09 23:48:46,2018-02-21 00:00:00
3c684901fa9faba86ade5863ee9e7a40,09a9e4bb743add1caf57d39d8e6223b5,delivered,2017-07-09 12:54:12,2017-07-09 13:05:15,2017-07-10 19:52:21,2017-07-11 14:19:40,2017-07-21 00:00:00
782c1d4000bc7ae3d9aef9046000c4f6,bb0fb987d35e39b8ad2cdaaebf190962,delivered,2018-07-28 08:35:29,2018-07-28 15:55:12,2018-07-30 15:23:00,2018-08-07 18:21:58,2018-08-22 00:00:00
7ee4b13db874fc0c53e4febcb4275fb5,5586f979cd49ae9f5a78c57f6eccd8cd,delivered,2017-06-03 19:11:14,2017-06-03 19:25:17,2017-06-06 10:52:11,2017-06-19 19:43:31,2017-07-10 00:00:00
136286e8ffa587be2d282d0975515ad3,897b69e78807be3c8576c31f6018225f,delivered,2017-12-10 12:38:32,2017-12-10 12:50:22,2017-12-12 15:53:04,2017-12-23 16:18:51,2018-01-04 00:00:00
1e677b19d299a71e33c95a270f656703,c564c5a2ebe6926981e26f3e6931f623,delivered,2018-07-30 19:24:57,2018-07-30 19:44:28,2018-07-31 12:17:00,2018-08-01 19:38:22,2018-08-06 00:00:00
fd220bb11ef8a046fef08e7c51f11651,e323284f8ca0cc5bffa175c126763fbb,delivered,2018-02-04 19:12:28,2018-02-04 19:28:55,2018-02-05 17:22:38,2018-02-14 19:08:52,2018-03-02 00:00:00
e2aa3c8ad14a870e32ae9718c84e0567,ab46e96282251f5c3044ab20b668d88b,delivered,2018-01-20 10:24:49,2018-01-20 10:37:11,2018-01-22 18:14:59,2018-02-26 16:08:33,2018-02-23 00:00:00
33a26356ae145bf4a27c25447e5d1f01,78f12bb3fe31d58161ee7bc04220a989,delivered,2018-06-01 08:29:05,2018-06-01 08:51:52,2018-06-04 14:39:00,2018-06-06 18:46:44,2018-06-26 00:00:00
bd67f781813f153083d633f8c81d0820,d7e165ba90f233742894011d725448c1,delivered,2018-01-19 14:58:55,2018-01-19 15:13:01,2018-01-22 21:21:52,2018-01-29 14:47:42,2018-02-16 00:00:00
2a81ea52abe140811e40a9f72d4fab01,e2e81765abbe9937086b7036a6766141,delivered,2018-04-30 13:17:00,2018-04-30 13:34:27,2018-05-02 14:06:00,2018-05-10 00:12:00,2018-06-05 00:00:00
c008cb0b0b7d411443c78fcd22282930,eac0451aadf8de2d28430f4184f01ec3,delivered,2018-03-04 13:48:11,2018-03-04 14:08:45,2018-03-07 14:33:24,2018-03-08 16:07:41,2018-03-15 00:00:00
981f2b840c349f73901c0978c0aceb59,d37b6a0bffe87adfc12dc5b0a79f9911,delivered,2017-06-27 20:04:48,2017-06-27 20:15:17,2017-06-29 13:39:49,2017-07-10 21:43:29,2017-07-20 00:00:00
d44edbc930d60ec8a8d787bdda46334f,bd62fc1db68f47113dd1f9d700eac3bd,delivered,2017-09-20 23:26:02,2017-09-20 23:35:17,2017-09-21 19:11:15,2017-09-29 18:37:31,2017-10-16 00:00:00
a4bc6ee8a0b10b9362660438b786cdaf,99d5db609ae101a85b32ed78904c3d99,delivered,2018-03-07 19:50:37,2018-03-07 20:09:44,2018-03-08 21:57:30,2018-04-17 18:24:39,2018-04-12 00:00:00
12c281ebecb5a750bfb59174f5660243,e8c9c8339045038a4802cfef7d828f41,delivered,2017-10-19 11:31:05,2017-10-19 11:49:22,2017-10-19 18:03:30,2017-10-31 15:12:09,2017-11-16 00:00:00
2a0a79550fc18171ae34cf327fc5f0e3,4f9675da7ff641600aeedd867377ae1f,delivered,2018-02-03 19:16:56,2018-02-04 00:09:50,2018-02-08 00:32:08,2018-02-27 17:33:45,2018-03-05 00:00:00
774906e7da9df9ff1e2a2aa1dda5034b,a40e5cc003cc20e1a2c61234844cde00,delivered,2018-04-05 16:56:18,2018-04-05 17:09:44,2018-04-07 00:32:50,2018-04-16 14:13:38,2018-04-24 00:00:00
5217f40e1f6e5d799ed9234449ce7c4e,b90f1af77dd345d61cf6a9c542e21811,delivered,2017-07-11 13:18:09,2017-07-11 13:30:13,2017-07-12 17:53:48,2017-07-14 13:22:07,2017-08-07 00:00:00
7b1fa4766801ccecaa2fc8dba3afc30d,7436dc9d8cb5f994136cadaa95a42f14,delivered,2017-05-19 12:27:34,2017-05-19 12:35:27,2017-05-22 10:35:40,2017-05-25 22:26:36,2017-06-14 00:00:00
8e49d9a115677d2cc6074f46333029ec,748dc3cf89539712218c89009f5db25e,delivered,2017-12-26 16:33:43,2017-12-26 16:47:34,2017-12-27 17:14:12,2018-01-08 17:21:12,2018-01-22 00:00:00
d773b2a09676fb3a1a35c45a9edda446,c66b9864347ac9c4c881412b2e1d97a2,delivered,2018-06-13 23:41:31,2018-06-14 00:32:03,2018-07-05 09:40:00,2018-07-09 21:18:33,2018-08-02 00:00:00
a8f7a1d76c02dc4a7c5177aee8c2b02c,59d0d218d4427b9960ee18cc5556770d,shipped,2017-01-29 10:02:37,2017-01-29 11:31:19,2017-01-31 07:57:48,,2017-03-17 00:00:00
3c3578cbe37cf7af07897091fa676eb4,48cb41a28af5b64c305fe8c1f1adec3a,delivered,2017-10-15 21:06:30,2017-10-15 21:28:19,2017-10-16 21:57:55,2017-10-24 16:51:25,2017-11-07 00:00:00
b573a7a3724543c6604ac157a2194699,b4e82458897304b3a13fa1fdf022477e,delivered,2018-06-27 09:01:34,2018-06-28 02:15:45,2018-06-28 13:36:00,2018-06-29 17:18:53,2018-07-16 00:00:00
304ef13cd0c4ae3f7b5f11380f8176b4,cf30c6199e7242dbdd316851a3ac1321,delivered,2017-08-20 00:24:52,2017-08-21 00:30:10,2017-08-22 16:33:49,2017-08-31 17:49:50,2017-09-21 00:00:00
1b8b690d422116abd9e63afdd49dc279,47ef4aa19856c707b7ecf4e1d6983ba9,delivered,2018-05-05 14:48:34,2018-05-05 15:10:35,2018-05-09 12:32:00,2018-05-17 11:11:20,2018-05-25 00:00:00
aafa435d6e4fc6b6bbd3f62a49ccafc1,336d4826d133729e354f4e9379dcd220,delivered,2017-07-31 08:43:17,2017-07-31 09:02:55,2017-07-31 18:19:54,2017-08-07 20:40:04,2017-08-18 00:00:00
1d47900c5d7d5277e6961367603f8925,55da05e5440856411761c20733229b13,delivered,2017-02-03 15:20:03,2017-02-04 02:10:48,2017-02-07 11:53:18,2017-02-11 02:41:57,2017-03-20 00:00:00
477bf888e0dfc2afc08a57768a52dbed,473e975972852cf59f2f6eb66bf796a7,delivered,2018-05-10 10:15:53,2018-05-10 10:32:15,2018-05-16 13:35:00,2018-06-09 17:42:12,2018-06-18 00:00:00
ac5cd0e68752307d437d98c640050483,7bfa4c09a4da3a1d5d16296f0d1af9b1,delivered,2018-08-03 17:01:29,2018-08-03 17:15:20,2018-08-08 18:21:00,2018-08-15 02:40:52,2018-08-16 00:00:00
8c224eb700e9dd039606fbfd1ca725f5,f2c878a2ee1b3239bea5ad24d4705c57,delivered,2018-05-08 16:43:15,2018-05-08 17:11:33,2018-05-09 13:58:00,2018-05-18 14:00:54,2018-05-24 00:00:00
8b72430bb2678c2def7327ce1217b2b4,a2d44a06da0675bb88972fe303c554e4,delivered,2018-03-30 20:50:23,2018-03-30 21:30:13,2018-04-02 17:57:41,2018-04-17 19:56:43,2018-04-23 00:00:00
bfdc8cc8e1e3a146d1adb471208f0a72,a01fcde31529708c8755a0226631c0d7,delivered,2018-08-05 22:57:54,2018-08-05 23:10:13,2018-08-06 15:16:00,2018-08-07 13:59:05,2018-08-09 00:00:00
8f627f546b2cb0ddbb0d8627461b846f,1e11025f8a103ddbf95ddaca105f7f4a,delivered,2018-03-15 15:20:17,2018-03-15 15:35:35,2018-03-19 16:22:44,2018-03-24 15:34:51,2018-03-27 00:00:00
d1ac63aca67ffb34f4c1b57391e596ce,7960ab4d78100a19c78214c608f79f78,delivered,2018-02-25 21:35:32,2018-02-25 21:50:27,2018-02-26 18:23:09,2018-02-27 18:42:34,2018-03-12 00:00:00
82a71647905d5965a2d4c6e237ad3e61,74bb4cda903974a323646539525e077a,delivered,2017-07-20 21:28:26,2017-07-20 21:43:14,2017-07-21 18:56:59,2017-08-02 19:15:48,2017-08-15 00:00:00
e71fd63fd2738764b93f408f39c67ce1,4491cb47da7e1ecf5e3158f5b7c49eca,delivered,2017-05-12 12:19:21,2017-05-13 02:50:26,2017-05-15 11:36:15,2017-05-16 09:11:47,2017-05-22 00:00:00
dbea19894046e3141b3de68811a7c958,63b26070f0bbae150fbdf658b6a8a089,delivered,2018-04-15 12:14:23,2018-04-17 07:55:12,2018-04-18 22:37:39,2018-05-17 18:22:57,2018-05-29 00:00:00
439edb60e53e317f8ca366718a648400,4879ae50504f6547848e1eba1a89f830,delivered,2017-07-09 18:21:56,2017-07-10 14:35:13,2017-07-14 19:12:33,2017-07-26 10:19:43,2017-08-01 00:00:00
065c76c0f11720ac66d53d0903f762b6,3dfcd3a85f0c320f16fec5214957d9bc,delivered,2018-03-27 11:09:52,2018-03-27 11:27:44,2018-03-28 16:03:38,2018-04-03 01:54:28,2018-04-23 00:00:00
cb6e8d89049744886ad04520d5e0b2f6,62a2c35611e8757e40fbbcecb3c9b2bd,delivered,2017-05-24 16:09:14,2017-05-24 16:22:42,2017-05-25 13:15:25,2017-06-09 04:55:26,2017-06-26 00:00:00
6bfc71c2f11f45fc225b1e1476d0b6cd,b42cd76ddf2e92d35d9814fa55cc8dee,delivered,2017-03-14 23:07:45,2017-03-14 23:07:45,2017-03-20 08:48:52,2017-03-27 15:26:47,2017-04-04 00:00:00
6b11abc0295e397afb43aecade82621a,1d432d596d225cc4fb606b6502c123ac,delivered,2018-05-07 17:34:11,2018-05-09 04:15:14,2018-05-11 15:37:00,2018-05-17 18:25:38,2018-05-23 00:00:00
fd188acaf0be6dba0ce1ec1ca5005ceb,756e1eb5969f08ae7f463ea02e8b5587,delivered,2018-06-22 21:34:43,2018-06-22 21:58:40,2018-06-25 14:17:00,2018-07-03 06:36:53,2018-07-20 00:00:00
4de6d713d9ceeaea4bc2e26389fd8c66,4f529a08d31f2554f2f641ef69190deb,delivered,2017-12-30 13:41:06,2017-12-30 13:50:21,2018-01-02 20:44:37,2018-01-09 17:51:50,2018-01-26 00:00:00
50016ee0bec18cb823bd67b9c438267f,fc0570252f406543994dea3f61ffefc7,delivered,2018-08-08 13:47:02,2018-08-08 14:04:58,2018-08-09 15:08:00,2018-08-10 19:06:44,2018-08-13 00:00:00
57e33a9ea02141930bcf5e4e0fdb7b4c,7203f09913f70084f17236774370f071,delivered,2017-04-08 21:50:00,2017-04-08 22:02:27,2017-04-10 12:42:02,2017-04-12 16:47:43,2017-05-02 00:00:00
e571dfc21abcbe1ae8795d4a8a6b057a,c64aa85df0994669e681545091d74b64,delivered,2017-05-18 09:53:17,2017-05-18 10:05:16,2017-05-23 12:36:44,2017-05-29 16:04:05,2017-06-22 00:00:00
82a914d5f7af95901a18ef83b388bd4f,769b843dc53cb1516dac72eb76678482,delivered,2017-06-12 13:20:22,2017-06-12 13:30:26,2017-06-19 16:23:06,2017-07-03 13:56:24,2017-07-14 00:00:00
415b2e06cc983409682f271b0e908117,369ccab6e4d6df1c10a32d98cce08d61,delivered,2017-12-11 22:35:29,2017-12-11 23:36:00,2017-12-12 17:19:07,2017-12-27 00:09:05,2018-01-10 00:00:00
d1f789756b59a9fb40b3becadeac90e4,fe9aa4a491ad6ee6219838c567fa3221,delivered,2017-11-17 13:02:11,2017-11-18 07:15:24,2017-11-22 14:22:05,2018-02-23 00:16:50,2017-12-12 00:00:00
3f3af836b5f857d4276ee94f3ca90694,f19e46a9c8122da7106415dcf7cac505,delivered,2018-01-22 09:34:51,2018-01-23 03:52:49,2018-01-26 16:49:14,2018-02-17 17:23:09,2018-02-06 00:00:00
6611608e934a8edf2e2b60c424a3768a,5218875179c3ec602d5a78906fa23fd4,delivered,2017-11-26 18:07:53,2017-11-26 18:16:26,2017-11-29 22:24:43,2017-11-30 19:14:48,2017-12-11 00:00:00
fd74ee83ca49ea03ce7b1e8d8aceba3f,140840d08a638fb3c2427dd91d929fe2,delivered,2017-06-08 20:31:14,2017-06-08 20:45:19,2017-06-09 14:16:00,2017-06-13 11:39:49,2017-06-22 00:00:00
a00f95f6a4d527c82baeb2593ec4b5b8,36f03f3db6a48c6deab6c46066c7ba1f,delivered,2017-10-12 18:24:44,2017-10-14 18:33:55,2017-10-17 18:47:42,2017-10-27 12:45:01,2017-11-06 00:00:00
2996e4479715a9de3500ce7837eefde4,f0e1d545436cc1cdebe8ddda010d8f01,delivered,2018-02-03 20:50:09,2018-02-03 21:10:38,2018-02-07 20:54:20,2018-02-27 13:05:40,2018-03-28 00:00:00
9501815b70e6b43cffb8d668ad5010ee,4ab88f3f6708cda9d5062cca8836b3b3,delivered,2017-07-17 19:56:26,2017-07-19 03:45:38,2017-07-19 22:06:31,2017-07-26 18:19:28,2017-08-04 00:00:00
759a74a7a49e86fff1f0f615c2bea8a1,85dc702fd88ac534aa11356c9705d1e5,delivered,2018-02-02 15:03:04,2018-02-02 15:27:27,2018-02-03 00:42:11,2018-02-20 00:42:01,2018-03-01 00:00:00
cf4f9b14dc732f5f824b66bc35c3cf69,6996bc5c3cc14dc5f5d3551c72e90b97,delivered,2017-07-18 15:41:20,2017-07-18 15:50:09,2017-07-19 17:39:50,2017-07-24 19:37:30,2017-08-09 00:00:00
e9ad1ed9661164dc90b941c5389f67bd,a4b265207c9977d4511f65064b300962,delivered,2018-01-09 09:40:10,2018-01-09 09:50:30,2018-01-11 14:07:41,2018-01-25 20:58:46,2018-02-06 00:00:00
194ebcd816ac70981d451d2fe1eb9347,23631a1a0e3f6c1b41be9047d1385db1,delivered,2018-06-11 11:57:29,2018-06-11 12:23:05,2018-06-11 15:11:00,2018-06-14 22:16:36,2018-07-05 00:00:00
4101c71eceaf57b205d3c95ccec564d0,6032717b443f24743fe573c1f7162594,delivered,2017-11-14 11:21:43,2017-11-14 11:35:42,2017-11-17 17:22:02,2017-11-23 18:28:35,2017-12-04 00:00:00
41b3c9e5e85309a0ddf6fdf03c906b26,a165bbcd18583f186f22de35b73dc934,delivered,2018-06-19 21:23:48,2018-06-20 08:38:30,2018-06-21 14:18:00,2018-06-22 21:11:35,2018-06-29 00:00:00
2b4d04cfb81d2dbb1ab48f9e2a7ac6b9,08a0a61f98f22952682f7e463ef2d43e,delivered,2018-03-16 09:18:35,2018-03-17 02:40:31,2018-03-19 23:58:53,2018-03-23 21:54:48,2018-04-04 00:00:00
a33709a7ca5c9d407f00018a7ea3a533,74995386e99bd410ea7472ee048f7432,delivered,2018-01-16 12:38:47,2018-01-18 02:12:08,2018-01-18 16:37:39,2018-01-26 23:22:59,2018-02-09 00:00:00
8c87396ac0bed9eb7bd138eeef8945c5,43a4843581b02e18a6ffa2745b900249,delivered,2017-05-28 11:16:32,2017-05-28 11:30:15,2017-05-29 09:45:37,2017-06-02 13:52:10,2017-06-21 00:00:00
2ae11694cd0d5c71e6f09d266d7407cf,47a66daa8a760e22ef564084cbfbfd1b,delivered,2018-02-28 17:12:07,2018-02-28 17:30:38,2018-03-01 19:35:43,2018-03-14 15:51:44,2018-03-29 00:00:00
118d73676619f09bd5da8c9cf463f384,3cc7b823d18f8bdca5d453014573202d,delivered,2018-05-03 10:10:55,2018-05-03 10:56:56,2018-05-03 11:01:00,2018-05-21 16:36:40,2018-05-25 00:00:00
08c9aa0c0fc860ffc3ae1fbd1da5bea5,707505827f1845cab9776c719afd1362,delivered,2018-05-08 17:45:49,2018-05-08 18:14:19,2018-05-09 14:30:00,2018-05-14 16:54:55,2018-06-12 00:00:00
f8f28698e5ebccf86845a38726e56ada,ea643b850ffb1c9e12b2159c354d12d1,delivered,2018-05-18 11:05:44,2018-05-18 13:06:35,2018-05-21 15:30:00,2018-05-24 14:58:50,2018-06-05 00:00:00
afbe0c76e58378669c3924e11182b02c,645afc7ee52104e787757012bc532832,delivered,2017-12-05 22:17:41,2017-12-07 22:16:34,2017-12-13 16:43:10,2017-12-19 23:48:48,2017-12-28 00:00:00
93efaadf3bc94491cc008b6b4dd13b37,75f8500dddabe2f8ece6b93cfd75c4b0,delivered,2017-09-04 18:58:14,2017-09-04 19:10:13,2017-09-06 21:59:58,2017-09-15 12:19:57,2017-09-28 00:00:00
850345daa354cff7702dd1d0a4168b46,63884515e00affcdf00095eab24870c0,delivered,2017-09-27 22:41:44,2017-09-27 22:56:09,2017-10-03 19:22:13,2017-10-09 23:03:47,2017-10-26 00:00:00
f2aeebf60d62dddb72ca85ef35e2d6b4,6c191073653ec290df17ea5a93878808,delivered,2018-02-19 11:58:17,2018-02-19 12:07:20,2018-02-20 18:48:08,2018-02-21 20:39:17,2018-03-05 00:00:00
9fa3a005f89a187501fa1bd63d6125fb,85485f38b20ed1e287120d30cf39ee7d,delivered,2017-10-08 23:51:49,2017-10-09 00:17:50,2017-10-10 20:52:05,2017-10-16 21:59:33,2017-11-08 00:00:00
56ff9e115d7f55d4deeef28455d2d119,50c6ca8571f5c06f4e68f6ec3288f1a2,delivered,2017-06-02 00:10:20,2017-06-02 01:02:35,2017-06-02 15:13:15,2017-06-10 10:42:15,2017-06-29 00:00:00
13df04a948b9837c1b115c5363a97a3e,0a83963fe3f4833080dc7847b30cee76,delivered,2018-08-06 18:36:56,2018-08-08 03:05:29,2018-08-08 15:01:00,2018-08-16 20:35:30,2018-08-23 00:00:00
62b66f90376b7b00fb2586ad81320f82,689412c892b973d0ff49f5f9b14c3aa8,delivered,2018-08-13 15:01:03,2018-08-15 03:24:02,2018-08-15 12:53:00,2018-08-21 23:19:33,2018-08-23 00:00:00
4af2fb154881f350d8696f7f7a7f80d3,7c71fa0871e272a25eeccac52af90595,delivered,2018-07-23 10:22:26,2018-07-23 13:20:19,2018-07-25 11:51:00,2018-09-20 16:08:33,2018-08-13 00:00:00
24c5d6cc9734ba1c383389ced0ea2ca7,28e1c04a30cfe195befd08e9e399180c,delivered,2017-09-22 14:02:45,2017-09-22 14:45:06,2017-09-26 18:57:47,2017-10-01 14:57:20,2017-10-20 00:00:00
2f7b0d36ffcaf0277583329ded34c97d,891c884c518780ccdbf2d18cb8adb362,delivered,2017-03-09 11:44:39,2017-03-09 11:44:39,2017-03-10 10:05:56,2017-03-13 08:43:40,2017-04-27 00:00:00
830e4884081b78d304b38eebe75f4732,d1a137a7cf84be581ba025c1a42f0fe5,delivered,2017-10-13 08:33:46,2017-10-13 08:49:42,2017-10-13 20:36:56,2017-10-24 15:20:07,2017-10-31 00:00:00
7fb538147fab748faf726e6706589b74,3a214c7413071d2247bbdcc535d5bd10,delivered,2018-08-16 14:26:06,2018-08-16 15:24:46,2018-08-16 14:19:00,2018-08-21 19:14:28,2018-09-03 00:00:00
e1a86e22da680449cba8e136ffa97f8a,fddbbeff104817044cfe82a0c122f473,delivered,2017-11-30 20:07:02,2017-12-01 09:30:58,2017-12-05 15:58:42,2017-12-11 18:36:59,2017-12-28 00:00:00
5f9c456bbb57754ed7f95c12c8f759f5,d2f2ab0eca82f59cdbbdbcbc3c194b01,delivered,2018-01-19 09:08:27,2018-01-19 09:19:23,2018-01-22 14:42:21,2018-02-01 02:27:48,2018-02-16 00:00:00
b19cbdc71dc9913fc6eda58071709aae,8f203ddc3edd825c2615de33ff9c11a3,delivered,2017-08-21 23:07:14,2017-08-21 23:25:30,2017-08-22 18:04:39,2017-08-24 21:30:11,2017-09-04 00:00:00
aafc22fae6cdfbcaba01670f0e4cb3d6,351240651e01921b3ee7b4ec30dc2f77,delivered,2018-04-04 19:24:41,2018-04-04 19:35:21,2018-04-05 18:09:00,2018-04-16 15:58:38,2018-04-24 00:00:00
c003c1face3c31cba0af4ab5314f3332,3338d6f3767b6853a4ec283edc2a7b21,delivered,2017-08-07 10:50:46,2017-08-07 11:05:09,2017-08-18 16:20:09,2017-08-21 21:16:43,2017-08-25 00:00:00
a5f8be1ccc8cce1123e2201f43d98fbf,a40f8b46938a854129c47067fdd43c19,delivered,2017-07-06 20:54:56,2017-07-06 21:10:16,2017-07-10 14:25:25,2017-07-17 23:36:58,2017-07-28 00:00:00
c3453c071c1493aba13725136681500c,b09c81ab868cd4697d3a8b3440ca8f58,delivered,2017-11-23 19:25:20,2017-11-23 19:32:39,2017-11-24 23:32:13,2017-11-30 16:41:18,2017-12-15 00:00:00
06d1315b8f0db57ee04b47b21db6626c,b6a69993d6889b36b68f7855f73d34cc,delivered,2018-07-15 18:16:31,2018-07-15 18:25:17,2018-07-24 14:13:00,2018-07-27 18:58:38,2018-08-07 00:00:00
5af3995b6e2291d7ce8086db20960dd8,91571092575ba11141c0df1e1bcb4c3b,delivered,2018-01-29 21:55:21,2018-01-29 22:13:24,2018-01-30 21:57:04,2018-02-06 18:04:13,2018-02-20 00:00:00
16fe5fdb7f5aa0c9e841387dfec29821,4fc51fa588914fea8f3fa681f148db44,processing,2017-01-25 10:11:38,2017-01-25 10:25:14,,,2017-03-06 00:00:00
ba5d446046c4678d335a1e3933460193,1b67338cfe3266cc110de1e402aa6220,delivered,2017-11-15 22:16:39,2017-11-15 22:30:42,2017-11-20 18:44:35,2017-11-27 20:54:45,2017-12-19 00:00:00
bf806b8caac4194e3f3b600656456384,82c9ee00043a08853ffa97cf3cc9b289,delivered,2018-07-22 13:03:37,2018-07-23 11:31:25,2018-07-23 13:49:00,2018-08-08 03:14:46,2018-08-14 00:00:00
c24779f7bd7454db6631b1320d0bac1f,4287c1f1d8f1e9d829096f515a9c15fd,delivered,2018-07-28 18:30:07,2018-07-28 18:45:17,2018-07-30 08:50:00,2018-08-09 22:40:40,2018-08-22 00:00:00
87bad43228f375c518a80fd2cdec8e17,a19e0b7634223041fd1652ce4e1548da,delivered,2018-08-05 08:53:21,2018-08-07 04:10:21,2018-08-07 23:37:00,2018-08-08 18:36:47,2018-08-13 00:00:00
4dae17135a98e9bd142551fd799f7b0f,c379dcad6de362207632704dae7fac9f,delivered,2018-03-11 15:56:29,2018-03-11 16:08:09,2018-03-12 17:28:26,2018-03-14 19:27:36,2018-03-28 00:00:00
1800e46c3912d9882187335b9768b6a9,90767a989903375662902ae9b122cd6a,delivered,2018-08-01 07:35:20,2018-08-02 05:15:17,2018-08-10 18:57:00,2018-08-13 23:58:35,2018-08-13 00:00:00
18709eaac22345a27e1027cd4900b554,50b34e62e29fac12bf47dda803eb8f31,delivered,2018-08-09 16:49:26,2018-08-10 07:25:11,2018-08-20 12:28:00,2018-08-29 21:25:24,2018-08-20 00:00:00
c8780b46119fa8bb9fec37804082187a,4103d409a0607d9b3dd484e75b22c640,delivered,2017-03-20 18:15:20,2017-03-20 18:15:20,2017-03-22 09:23:41,2017-03-27 12:40:00,2017-04-06 00:00:00
61e65f86ab3c3c64379719d4353f13fb,d28e270664958a8f4b2bf7fe8129eb1d,delivered,2017-10-06 15:58:57,2017-10-09 07:14:12,2017-10-10 15:12:30,2017-10-27 18:14:54,2017-11-10 00:00:00
bef9cff3ec08d6794e5ce64e6ca81c96,f3a720a06d4ff226fbd1edab7b802483,delivered,2018-04-24 18:07:32,2018-04-24 19:30:15,2018-04-25 13:16:00,2018-05-04 17:53:52,2018-05-11 00:00:00
a1082c701ce0f4976085760dfe7fa605,a676968396ccfe1318e256c946c7b38f,delivered,2018-02-28 16:31:46,2018-02-28 16:51:22,2018-03-01 18:42:46,2018-03-02 19:37:37,2018-03-13 00:00:00
123b5d3bf7618638f3e078a76ae46049,af44210cb48d7a1f9fefdb6e59abe017,delivered,2018-06-07 15:38:17,2018-06-07 16:00:12,2018-06-08 13:20:00,2018-06-15 13:17:35,2018-07-03 00:00:00
51ac545e2425e1bf7496c4494bfadcfa,5f49586b0da4681d6ea0297082b395ea,delivered,2018-07-18 20:20:19,2018-07-18 20:30:19,2018-07-23 09:59:00,2018-07-27 13:38:58,2018-08-06 00:00:00
e269b2472c0546324acf4d09dd7acfab,27780d964b286faa7931ef6bccb5f123,delivered,2017-11-24 19:52:48,2017-11-24 22:59:39,2017-11-27 21:02:31,2017-12-21 15:55:27,2017-12-19 00:00:00
ae841d749776fd77ff75a5a725cf4dda,3c705f49ad338b545fc9c9f5e0d57f33,delivered,2017-08-31 15:13:44,2017-08-31 15:25:09,2017-09-01 21:17:45,2017-09-08 15:33:52,2017-09-19 00:00:00
8be7e186574461ab90c1674973c58b12,0e5743518f681d5c6341221552bfd07f,delivered,2017-03-02 17:35:21,2017-03-02 17:45:17,2017-03-03 08:50:27,2017-03-08 14:14:29,2017-03-21 00:00:00
6ad06dae8c55ae30d1fcfa46008fba6e,b09afa5147b68db7b31ca6feb6d96b96,delivered,2017-08-31 14:01:38,2017-09-01 04:35:35,2017-09-05 21:42:42,2017-09-14 18:57:00,2017-10-16 00:00:00
ab7342290dcd818479042d1def7583fa,c82538d5fbcae9bd56b9ff35b1f4750c,delivered,2017-10-06 20:10:59,2017-10-06 20:28:12,2017-10-11 17:35:27,2017-10-18 18:12:46,2017-11-01 00:00:00
55c2859a526d3cbf1df65ee601139c3a,0381ec58ea2fa26fb596e5d1af0e270d,delivered,2018-06-24 17:00:04,2018-06-26 04:58:54,2018-06-26 15:10:00,2018-06-27 20:38:27,2018-07-05 00:00:00
a44945cc37c23d95b5415ad68e8beaf1,f8145d9ea34724ad4d7cdc77231e689e,delivered,2018-03-03 13:00:13,2018-03-04 07:09:03,2018-03-06 22:42:20,2018-04-04 17:04:19,2018-03-23 00:00:00
691123bd7667e28df807da5274073e1f,a02c2320d8817ed7627ed4135a5cb33c,delivered,2017-12-15 13:55:36,2017-12-19 09:50:57,2017-12-20 21:57:08,2018-01-10 21:08:53,2018-01-22 00:00:00
08b4c8a8808af1f771bd9602e193f9b6,d0e8197510c87f449b4fd4291ac5f87b,delivered,2018-01-10 14:04:29,2018-01-10 14:12:23,2018-01-17 00:03:03,2018-01-24 12:43:10,2018-02-05 00:00:00
ef5c29cd9f6ba37c0363b4d739709b70,6c27b9ff4f12e3bc317fda098ac66a27,processing,2017-07-29 18:56:11,2017-07-29 19:10:22,,,2017-08-25 00:00:00
a7bb712415c546b9e2576faddd6ac5b1,6dbdbfdd71adf32f87ec9667c1bd4753,delivered,2017-10-26 22:22:54,2017-10-26 22:35:15,2017-10-31 16:23:49,2017-11-08 22:53:51,2017-11-22 00:00:00
e0bd62e007e5e88656338ab10a5c0f42,201f5c1542b2caa65a5ce8f950d2508f,delivered,2017-09-18 22:31:08,2017-09-18 22:44:12,2017-09-19 20:48:37,2017-09-21 16:19:25,2017-10-02 00:00:00
5ad5a009431bd3f53d623de6ca712cb4,77bce260449122691b84b3e00e6a3b2e,delivered,2017-04-22 15:19:21,2017-04-22 15:31:47,2017-04-25 19:54:49,2017-05-08 09:59:57,2017-05-11 00:00:00
8fc1991bfbb78b4d939d11ffef79c398,d63ebc611617ecd6acb37f274224062d,delivered,2017-10-26 22:41:09,2017-10-26 22:55:10,2017-10-31 16:37:36,2017-11-07 22:04:51,2017-11-22 00:00:00
eeb88a7ba20489b8f9ccb934f50d13d2,52cca23ee11631112799571f10c134d0,delivered,2018-05-06 18:21:45,2018-05-07 09:32:36,2018-05-08 13:31:00,2018-05-16 19:16:47,2018-06-05 00:00:00
8f4855298c9242f63d934ee48d41253f,2a62f1b9ad1f18bf82474709ddb7dee6,delivered,2018-03-19 14:51:25,2018-03-21 02:51:11,2018-03-21 19:29:28,2018-04-13 20:19:06,2018-04-20 00:00:00
127ddd8ed5c8c31ad7d8f4c54d58997c,719cd530d73df5670fb06d8413aa05d1,delivered,2017-10-15 11:29:31,2017-10-15 11:49:19,2017-10-16 19:33:36,2017-10-19 16:07:52,2017-10-26 00:00:00
cfa958d86da20feefa27e64a6b6407df,24bf43e2cae828813f9abb15f060174e,delivered,2017-10-24 15:38:18,2017-10-24 15:49:28,2017-10-27 13:30:08,2017-11-17 16:08:42,2017-11-17 00:00:00
8092da256aefda13b330290d2ca86521,090c54303fddc5393a9386f0ce454d62,delivered,2018-08-26 17:23:02,2018-08-26 17:35:12,2018-08-27 14:19:00,2018-08-29 13:22:51,2018-09-05 00:00:00
f61eeda8256c36df8e063f003a07c464,4061956f6ce1be2643a7cb2d33c69099,delivered,2017-07-28 15:07:29,2017-07-29 02:25:25,2017-07-29 14:05:33,2017-08-04 17:52:24,2017-08-17 00:00:00
caeae132e3ebfb4af85f98f054c37ef6,9333ef63edca89e95e7c016f1c70633c,delivered,2018-08-07 01:54:50,2018-08-08 03:10:31,2018-08-10 12:30:00,2018-08-11 15:50:51,2018-08-10 00:00:00
b4860a5b1e68976794cbe548c4ecf0a7,dab10f9270450da7df9d3bc18f8ed570,delivered,2017-07-13 18:42:22,2017-07-15 03:33:28,2017-07-18 19:03:23,2017-07-21 22:32:24,2017-08-09 00:00:00
f2c78ae8a51c7fdd3c3f786f6dc49a6c,1fc9900fcdc29bc77cbb2125c60e2209,delivered,2018-04-12 15:14:06,2018-04-13 02:11:08,2018-04-13 19:22:50,2018-04-19 16:52:54,2018-05-14 00:00:00
d49ec3a899ae434874c54169dccd34a1,cecc0974d8c7a821cfe61bb6b54e6089,delivered,2018-01-24 11:22:57,2018-01-24 15:16:11,2018-01-26 20:15:56,2018-02-17 13:37:42,2018-02-19 00:00:00
cdd6677f7c680eaddf4183ec4780e65d,6485601afefb5eef82349ac6e6faea66,delivered,2018-04-03 15:07:20,2018-04-03 17:10:22,2018-04-04 22:16:35,2018-04-19 12:52:41,2018-04-30 00:00:00
2ed33375a2cee6fc56528d1753af71de,7894c81ead8ddaa0d78631085bb3ec69,delivered,2018-06-19 05:18:25,2018-06-19 06:06:20,2018-06-20 12:52:00,2018-07-05 17:44:36,2018-08-01 00:00:00
9e104f0ff212612755b68a316b86ffd8,fe02f24a98d55a2d3ff3a1f65aa3127e,delivered,2018-08-16 07:18:15,2018-08-16 07:35:08,2018-08-17 14:49:00,2018-08-22 22:11:24,2018-09-06 00:00:00
5136d629a7e0039e85661a0d44199e64,06e04e684950fab866cb84b970f228f7,delivered,2017-08-18 10:35:59,2017-08-18 10:50:19,2017-08-18 20:48:52,2017-08-21 21:56:05,2017-09-01 00:00:00
afe00f151e2a9c5924b2edb95736c11c,0d554604c3b40dee69eca5c62176f905,delivered,2018-05-09 20:49:26,2018-05-10 03:49:47,2018-05-14 06:35:00,2018-05-18 20:32:32,2018-06-07 00:00:00
68f990d7575ee4ce6070c8816664910c,5e4fd80186282f6f16f454b24fed62e6,delivered,2017-05-24 14:37:44,2017-05-24 14:45:15,2017-05-26 10:03:31,2017-06-08 06:54:57,2017-06-16 00:00:00
fb22db4615517f44f8312846412a25bf,42d6ac9cd797fddcb767bbd9fa286d5b,delivered,2018-03-06 00:15:07,2018-03-06 00:29:02,2018-03-12 23:56:19,2018-04-03 13:16:37,2018-03-27 00:00:00
02c84deb7aa1f2e74090d56a0ec84120,34c059ffa44982e5208d2ced3c986b51,delivered,2018-03-01 22:46:34,2018-03-01 23:09:46,2018-03-02 19:56:54,2018-04-03 00:58:52,2018-03-23 00:00:00
4e3fed54789d074f84843177f4c6604e,02b48dad02306b5e9cb7b6b73fb71a76,delivered,2017-08-30 13:08:51,2017-08-30 13:25:10,2017-08-31 18:35:28,2017-09-01 20:23:56,2017-09-12 00:00:00
56f1dce758e68c71032960e398462d6f,475fca6e147c656cf97e55f7fc807681,delivered,2018-01-28 21:14:26,2018-01-28 21:32:15,2018-02-01 18:16:30,2018-02-14 20:13:51,2018-03-01 00:00:00
41d0cc817d720d7f3860716b335a3cb7,0c045d9e471667c05202939897cde7bc,delivered,2018-08-05 00:46:46,2018-08-05 01:04:35,2018-08-06 14:49:00,2018-08-07 18:47:05,2018-08-14 00:00:00
7f85fa1f7de6eeb7a5cce13ea6863126,0055e9b290953716739bd94a256a4144,delivered,2017-07-09 15:53:59,2017-07-09 16:05:15,2017-07-12 23:45:55,2017-08-02 14:43:01,2017-08-09 00:00:00
c5419fa3198a4e2caeb715ce9fe9a6e2,d730db8b32b8f68be3ee938849d332dc,delivered,2017-03-13 12:58:57,2017-03-13 12:58:57,2017-03-14 10:59:09,2017-03-21 13:14:16,2017-04-03 00:00:00
298ac355d24f2f302767f584d6364be9,c5483f1b885da26c62ce8d93412fe607,delivered,2018-02-18 09:34:47,2018-02-18 11:00:19,2018-02-19 22:44:40,2018-03-09 23:54:41,2018-03-16 00:00:00
05d657dbf5a4b2e7a685903cc8bb03f0,809c3dc9eabbbe4e6b03198d239b6e2d,delivered,2018-01-30 09:37:46,2018-02-04 23:31:34,2018-02-02 09:15:37,2018-02-08 19:56:46,2018-02-21 00:00:00
8d05d8ba382e90daf779cd2d2f47de6d,57aef4c0be34e642a233cb7c65230359,delivered,2018-04-16 08:28:14,2018-04-16 08:51:19,2018-04-19 11:03:29,2018-04-20 19:58:49,2018-05-02 00:00:00
c95faff6a7398b926ba8b0f23c9b2ea9,f211ba5f70f8e5d0fe910011079b1361,delivered,2017-02-02 01:00:37,2017-02-02 01:10:16,2017-02-02 11:59:25,2017-02-13 13:21:40,2017-03-17 00:00:00
7ae0a608cf19552369e575b5ead0c08e,64d001ccae85a692f946717f8b7a725a,delivered,2018-06-27 10:15:28,2018-06-28 10:11:08,2018-07-03 12:55:00,2018-07-10 19:09:25,2018-07-20 00:00:00
357773e5b110f8f600e99720f07ac480,e9962ffd9f9c6c9f801ecb83234d070d,delivered,2017-05-25 10:58:17,2017-05-25 11:10:21,2017-05-30 14:50:08,2017-05-31 10:05:51,2017-06-16 00:00:00
ff768f0d1c8049b457b59a74104cd1c5,c46b6e585c8b058f60241fc917855210,delivered,2017-08-17 18:39:41,2017-08-17 19:45:10,2017-08-18 16:27:26,2017-08-23 19:52:14,2017-09-06 00:00:00
ff2a353ee8dfd97ba95c73cca4ed2636,1de2c9cd88fa2491be39710a830eedc4,delivered,2018-01-23 23:20:35,2018-01-23 23:34:03,2018-01-24 17:15:40,2018-02-01 02:07:13,2018-02-15 00:00:00
6687e41328c2c088bbef1bf4967d14db,d3208c1be815d769d22cb30ce5c334c0,delivered,2018-05-03 20:52:38,2018-05-03 21:11:24,2018-05-07 15:05:00,2018-05-15 21:32:45,2018-05-30 00:00:00
8c5e882bb85543c0975f68712ea66b5f,e9fade7e1c719ddde440027916f6e5e0,delivered,2018-07-13 08:48:58,2018-07-13 09:05:11,2018-07-17 13:46:00,2018-07-23 10:12:46,2018-08-06 00:00:00
00789ce015e7e5791c7914f32bb4fad4,342c4258969c528c3469db9acaf6b0ad,delivered,2017-06-28 23:31:33,2017-06-28 23:43:34,2017-06-29 11:47:41,2017-07-17 18:35:36,2017-07-20 00:00:00
5a8256cfe8a9620b957209bf3b74b253,b2031e2f6a70e343bbe4cb6a8aed9680,delivered,2017-12-07 08:32:16,2017-12-07 08:51:04,2017-12-11 14:53:38,2017-12-15 22:33:18,2018-01-12 00:00:00
315ee1669de8cbcaca403bb9c0f2e228,6d84c78837539026e77a20b3105ec4d2,delivered,2018-06-08 20:20:36,2018-06-08 20:34:33,2018-06-11 14:16:00,2018-06-20 14:56:09,2018-07-11 00:00:00
9df4de8d3f1b15175f64dcfce276ee9b,ca9478e9327dff66bcc1d47da7d287ed,delivered,2017-03-14 15:16:42,2017-03-14 15:16:42,2017-03-16 05:17:52,2017-03-21 14:54:03,2017-04-12 00:00:00
dda6159b6aed44fa0e12c2e7ebc710d3,6d78ed30c05532b1c9dc1c2a45cf55e4,delivered,2017-09-29 20:03:15,2017-09-29 20:14:18,2017-10-02 20:35:01,2017-10-06 22:33:09,2017-10-18 00:00:00
e1b92115b451b872f99427e411bce52f,038db9153b201fb438201488dfdd1bd3,delivered,2018-06-24 20:43:59,2018-06-24 21:17:40,2018-06-25 12:09:00,2018-06-29 20:32:12,2018-07-19 00:00:00
e1db59871010ccacfb63f6cc3f0db76f,d2fcef305c1f219490b8e37129d4ee72,delivered,2018-05-13 22:30:46,2018-05-13 22:53:50,2018-05-14 12:12:00,2018-05-22 18:15:52,2018-06-05 00:00:00
af19ae9d08a78f865e4084b65d274dd5,51e14774b78322308fed115d195cc4d2,delivered,2017-06-11 12:52:37,2017-06-11 13:08:11,2017-06-12 13:48:27,2017-06-23 10:47:37,2017-07-05 00:00:00
361bebe46ed48297e9b41097ef50c8d6,d32a414ce056bd6f0c5674e1fb54e860,delivered,2017-09-18 21:47:28,2017-09-18 22:03:53,2017-09-21 14:35:09,2017-09-29 11:07:06,2017-10-09 00:00:00
af92edb8c53146e6ca0c2a62ecc288b5,88aa13789f7f5179b91443f4247afb8d,delivered,2018-04-28 14:34:51,2018-04-28 14:53:23,2018-04-30 18:55:00,2018-05-18 20:34:51,2018-05-28 00:00:00
92fdf7b27f6a92bffb0984eba9ad6b78,738ab8c2a294ceb2544af384b8dec6c0,delivered,2018-05-08 22:47:43,2018-05-10 02:57:15,2018-05-10 15:55:00,2018-05-14 19:25:26,2018-05-29 00:00:00
89ebd79ad71b2c262053c712c9b32312,1e817806d244b36a9d64f1633d349f1e,delivered,2017-11-27 18:34:39,2017-11-29 02:15:23,2017-11-29 19:14:55,2017-12-20 17:18:17,2017-12-18 00:00:00
7977e42154b045239288569dc9336adc,6713a9e3f88ec51feb6aec1ce3e8dfa5,delivered,2017-11-25 14:40:05,2017-11-25 14:55:57,2017-11-30 15:25:08,2017-12-05 18:46:46,2017-12-20 00:00:00
d19772e154f0929b89a1dab65648767b,b95975b682b09a1890557a1ab4021873,delivered,2017-10-05 19:12:29,2017-10-06 19:07:08,2017-10-11 23:13:11,2017-10-23 20:17:29,2017-11-10 00:00:00
5f126df05a309c7dfe7ab136cb03ae08,5c74e38cb38fa7319244280d172667eb,delivered,2018-07-20 16:24:27,2018-07-20 16:35:21,2018-07-27 14:47:00,2018-08-03 13:31:48,2018-08-17 00:00:00
41bd4c6355574f1c6c7f8f7e20dfda9b,c0e828e3a7e9898af73a83fe61d40c8a,delivered,2018-03-20 23:07:30,2018-03-21 23:08:10,2018-03-23 21:52:45,2018-03-28 01:30:55,2018-04-10 00:00:00
a467b6e02187433dde3d9827e8561a9b,dc68515c1613ad4cb01edf406dd5c179,delivered,2017-10-15 14:45:17,2017-10-15 15:04:45,2017-10-17 22:24:58,2017-10-19 18:35:24,2017-10-27 00:00:00
e834b1811f1b453f8c3c5823249b852d,5843084e12fefe6859e53ba131c5abd7,delivered,2018-01-31 10:52:23,2018-02-01 10:52:09,2018-02-06 20:04:48,2018-02-14 22:09:18,2018-03-01 00:00:00
dbcdd36c9c9608e8f8b678b63979aea6,cd48537c6accf4ee60720d11ebea24d8,delivered,2018-07-31 14:53:00,2018-08-02 05:05:12,2018-08-02 13:19:00,2018-08-08 17:38:27,2018-08-16 00:00:00
f4189fb0552533573aafaecb8f254dcd,f9848671987e8c9bdb4d30bfbb0dbf7e,delivered,2017-05-28 15:39:28,2017-05-29 20:15:11,2017-05-31 16:05:23,2017-06-09 11:49:37,2017-06-27 00:00:00
46aac4b6ae578b1097249c607ade4751,761758764dc7c261c60b7ab6455173fc,delivered,2018-08-03 15:20:33,2018-08-03 15:30:20,2018-08-06 14:50:00,2018-08-07 18:28:32,2018-08-08 00:00:00
3de8c740a547c348fa59a160d9bd7a6e,e76d5e76b71511df30e1af11d37d8a46,delivered,2018-03-21 17:05:34,2018-03-21 17:16:00,2018-03-26 15:54:48,2018-04-05 17:58:36,2018-04-24 00:00:00
22f22c1682c8770846365e4f0422e5e8,94af6f17b7b4af5d2d68209887fb6063,delivered,2018-02-26 14:59:33,2018-02-26 15:15:37,2018-02-28 22:48:45,2018-03-01 15:28:49,2018-03-16 00:00:00
f2c12c46401363b2f37ce6200b520ebf,9d69cb8a80980be80313e53d52f0d78f,delivered,2017-11-07 17:09:12,2017-11-09 04:31:15,2017-11-09 18:32:14,2017-11-22 17:44:42,2017-11-30 00:00:00
29f46debbf97f1edb3dc66b929004e21,a0240f2b6a4d6fb59ed56d1c06a875a2,delivered,2018-03-15 17:03:32,2018-03-15 17:15:49,2018-03-19 14:48:38,2018-03-21 17:05:06,2018-03-28 00:00:00
a2e5a4c4c016a3d66806bfffeaaa9930,1786e58621cc129f08180b184b105fcf,delivered,2018-07-15 19:23:25,2018-07-15 19:43:53,2018-07-17 09:06:00,2018-07-26 16:42:54,2018-08-10 00:00:00
49c2a0e5dbc011d92ab9d19035684fb5,33bc53d99c2c290f3c416e474a5e9e08,delivered,2018-03-06 13:51:22,2018-03-06 14:40:22,2018-03-09 02:52:16,2018-03-19 18:33:16,2018-03-28 00:00:00
bbc0dd90484124e1dcc1d2428ad924ff,b98042f01402075e60d5cb493b0fddc7,delivered,2017-09-16 15:26:00,2017-09-18 13:30:22,2017-09-19 17:13:00,2017-09-27 13:20:29,2017-10-19 00:00:00
175be3f02b744f3c7e1eb5e32cb0acbe,f82d1748ce83a9e80059f6d52151984d,delivered,2018-08-03 09:32:47,2018-08-03 09:45:16,2018-08-03 15:46:00,2018-08-08 17:06:40,2018-08-16 00:00:00
aa30ff809084eca858cb3f57857c1ba9,144957a2e04105304fc865b8c59e13a4,delivered,2017-04-28 15:54:22,2017-04-29 02:45:33,2017-05-03 05:51:39,2017-05-13 09:52:44,2017-05-26 00:00:00
7e81c4cc31fd46f225b4441e179f78a1,0165da25e09d5c73a6d3ba6443d202f3,delivered,2018-01-22 18:33:35,2018-01-22 18:57:13,2018-01-23 16:24:54,2018-01-31 15:46:40,2018-02-16 00:00:00
63acd83008c876f81771b79ecaf7e27e,9bf9b7910168a6981da76b34bb832835,delivered,2017-11-16 22:33:54,2017-11-16 22:55:24,2017-11-21 17:39:06,2017-11-24 17:51:55,2017-12-05 00:00:00
9054fc68ad061d062b078986216388df,c0dc795a734bacb591f6e8112f7c98dc,delivered,2017-07-16 10:37:47,2017-07-16 10:50:12,2017-07-17 18:58:05,2017-08-08 19:13:05,2017-08-18 00:00:00
26b47634ae036af085a067dddf95bd77,ebf4a394f95a53cf104a110b3ec5ac28,delivered,2018-04-23 15:41:37,2018-04-24 17:17:00,2018-04-26 12:25:00,2018-05-12 17:24:43,2018-05-28 00:00:00
8e8fa3f7495c77b64b5be78ad49c4a8f,8725aee90972f2988fbe0e559dc126f2,delivered,2018-03-07 18:33:11,2018-03-07 18:50:33,2018-03-08 19:03:46,2018-04-23 12:36:38,2018-04-05 00:00:00
c9ebb7aedaf396f225f85df6735dd67e,83ea0aa50e10d3e133160e2a05b758e9,delivered,2018-03-21 22:54:24,2018-03-23 02:15:58,2018-03-23 19:17:38,2018-04-15 19:08:40,2018-04-30 00:00:00
bb82809ea3ca9f3edbe589b60e14e0cb,d3ecf0664acdf35f6e78389ed3e223f0,delivered,2018-04-28 21:06:05,2018-05-01 02:10:25,2018-05-02 11:55:00,2018-05-11 12:42:46,2018-05-18 00:00:00
4bfe0bd0ac2d566a6ab7c45961288b60,e72f7f924828b0d45cdffc1690423abe,delivered,2017-12-03 14:48:41,2017-12-03 15:09:59,2017-12-11 23:24:43,2017-12-20 10:25:10,2018-01-09 00:00:00
6bbc91e028da6d54999b583c9be6e413,0b20fc582fea416e9e4d5b39dc2add1b,delivered,2018-01-11 17:07:50,2018-01-13 04:54:59,2018-01-15 19:42:12,2018-01-26 20:21:25,2018-02-02 00:00:00
e1c8b1502b402a1284350d261a89cb9a,bd28eeea121c6d18863a60d05107fcbd,delivered,2018-03-04 14:46:38,2018-03-04 15:08:52,2018-03-09 23:14:39,2018-04-03 01:40:52,2018-03-23 00:00:00
c43c91fe57ac92074a304238da74a136,ad4ea3fb7cd27c1709a9454319446575,delivered,2017-08-06 22:06:01,2017-08-06 22:23:30,2017-08-08 18:18:04,2017-08-24 20:11:34,2017-09-06 00:00:00
134141b15902a79a3932a6f486de499a,2a417f0f0717eecc940b00012978be4e,delivered,2018-06-26 14:37:07,2018-06-28 02:15:52,2018-06-28 14:25:00,2018-06-29 20:32:12,2018-07-18 00:00:00
46b911408d5f2c99a745db2cbe109563,b8179b105164a7662c6592a195eba0ce,delivered,2018-06-14 10:53:36,2018-06-14 17:57:50,2018-06-15 12:50:00,2018-07-01 19:06:23,2018-07-13 00:00:00
c4a8606aecc96f014ba9ebac203d0e19,2aaa2dfcd1c4475ac4c077cbb0b72691,delivered,2018-02-23 14:23:08,2018-02-24 12:08:09,2018-02-27 12:21:52,2018-03-15 22:08:36,2018-03-19 00:00:00
bb780bb5301c5109cb6eb07d06f3bd14,0770fab1a98ce26d042a7aad41fdbc8f,delivered,2017-12-22 15:53:30,2017-12-22 16:42:02,2017-12-26 16:24:16,2018-01-08 19:19:49,2018-01-30 00:00:00
a5354e17680d3730453ceddfc9a58f1b,6f78101c901f9a21bf9b23b1a80b05a4,delivered,2017-10-17 22:41:15,2017-10-18 13:26:56,2017-10-27 20:33:26,2017-10-31 17:38:43,2017-11-09 00:00:00
40264a7f65d4daae1b8d018951250573,388ccac2c6892d0d2e576673da514910,delivered,2017-10-31 11:13:35,2017-10-31 11:30:24,2017-11-01 23:25:53,2017-11-13 19:21:34,2017-11-23 00:00:00
e7f4523b6b3d8e132da47b94e7b09235,caf41181500ad3417b42e255355ffd7d,delivered,2018-08-06 10:25:44,2018-08-06 10:44:36,2018-08-08 14:19:00,2018-08-14 13:22:35,2018-08-29 00:00:00
be19c89e952b0753ede2df15da96351d,ec4458f73c6c5ab5b7e2e35e9e533ac1,delivered,2017-10-09 22:47:37,2017-10-09 22:56:24,2017-10-13 14:13:43,2017-10-26 15:47:48,2017-11-08 00:00:00
6282b84d6c369e1b6058285f860f4da4,e0fb20baf67827e3900f8b8e3f7b4a51,delivered,2018-07-28 09:22:31,2018-07-30 07:24:39,2018-07-30 14:11:00,2018-09-08 14:36:27,2018-08-20 00:00:00
c9c861f958460742bade4f8d297e4d6f,edfbb085020a29b6fc4d25f1627b2256,delivered,2018-03-19 00:29:59,2018-03-19 01:10:33,2018-03-19 22:46:39,2018-03-29 19:22:17,2018-03-29 00:00:00
767f23439c8a87792b7b5b43fc057411,50ab684580c7135a279c5039cab44356,delivered,2018-01-10 15:18:58,2018-01-10 15:29:28,2018-01-12 12:48:44,2018-01-22 19:18:47,2018-02-14 00:00:00
50ab05e97b974138bdb98e5248bb4ec2,65087f2ecd86296752c17be69496a9d1,delivered,2018-04-18 11:07:26,2018-04-18 11:31:51,2018-04-18 21:32:42,2018-05-14 15:36:43,2018-05-28 00:00:00
c624cc88e5e978973852915f3d798c8e,0ff086ae8a19ddee5fb5ef85542bf42a,delivered,2017-04-24 18:11:20,2017-04-24 18:25:17,2017-04-26 08:22:54,2017-05-02 15:14:27,2017-05-15 00:00:00
19421091ea8830b487a1aa4c43e074b6,5b444fe93863147c86213fe089495d05,delivered,2017-03-23 22:36:21,2017-03-23 22:50:19,2017-03-27 14:48:50,2017-04-06 15:45:57,2017-04-18 00:00:00
bd6a4be98625711812fdabccdcdff8ca,31e34659933a639fd1d656924e76cd35,delivered,2018-04-27 15:27:15,2018-04-27 15:52:18,2018-04-30 13:42:00,2018-05-03 18:14:49,2018-05-17 00:00:00
2ef87cb1b6109775d8ebcca2ad5f1022,795667a2bcc1c119d240ceb510f0a48d,delivered,2017-07-22 15:07:31,2017-07-22 15:23:18,2017-08-02 17:27:41,2017-09-12 20:57:27,2017-09-01 00:00:00
43e5d97c6f9174919eb5141c513b8a9d,405ef2d7bc62d7812cf4a77d00458d26,delivered,2017-11-28 21:19:04,2017-11-28 21:36:40,2017-12-05 15:58:50,2017-12-14 20:53:19,2017-12-21 00:00:00
0903715a744e53db0a04d441d50d22cb,c147dfd02d5503b44c65a2660bc63cfa,delivered,2017-05-08 20:30:33,2017-05-08 20:42:26,2017-05-09 13:40:18,2017-05-11 08:13:29,2017-05-31 00:00:00
71e292ef2c5e66b45d77573cca1366ff,f69c1923142fe0dc592e54ef674b25ff,delivered,2017-06-27 22:53:43,2017-06-29 02:50:27,2017-07-04 14:57:46,2017-07-10 22:09:14,2017-07-21 00:00:00
6c425fa161548ce6dcea1ea86b1a65d8,077177a6fe3f9adcdd96ea9c4aa0d524,delivered,2018-07-02 08:50:40,2018-07-02 09:10:02,2018-07-05 07:57:00,2018-07-15 02:47:32,2018-07-20 00:00:00
8b74f8eb433512f288e513c2e2f391a8,1782f1f5319a952a9024d5a94908f03d,delivered,2017-04-05 19:53:56,2017-04-05 20:05:14,2017-04-06 08:44:31,2017-04-10 11:14:53,2017-04-28 00:00:00
a2c452b1dde13888aa1d67fcba0d2d3e,41f3adf60028703f8c72099280dc9927,delivered,2017-05-23 08:52:52,2017-05-23 09:02:44,2017-05-25 10:12:31,2017-05-26 15:12:22,2017-06-05 00:00:00
bb965992d20f51fbc192608be1cd052f,7fc98528575262be7b869a96d2a9fe69,delivered,2018-07-29 18:16:54,2018-07-29 18:25:15,2018-08-01 12:14:00,2018-08-06 18:56:49,2018-08-09 00:00:00
1d6d9a8de318b9f17f16afee53adc469,4205cb801bf556c26f56d50b28b9329a,delivered,2017-10-30 18:28:06,2017-11-01 03:26:17,2017-11-01 16:33:03,2017-11-10 16:51:13,2017-11-17 00:00:00
c2b98b5cd6c038d9115970d03ecb1f6c,2eb0b6e54092847b7512ce715684c15d,delivered,2017-10-31 22:13:39,2017-10-31 22:25:57,2017-11-01 19:54:57,2017-11-08 20:32:20,2017-11-22 00:00:00
4c10ce99bdf0d8e1e5d126a6c40b273c,3b89fc56988369e6a4520e14735cdabb,delivered,2018-02-18 22:20:28,2018-02-18 23:27:01,2018-02-19 16:52:27,2018-02-20 18:09:06,2018-03-05 00:00:00
16b1572a545542ed037c94cdffeaa86f,a516d10692a7d47e724d6eed02eef99f,delivered,2018-03-20 10:26:50,2018-03-20 10:48:18,2018-03-21 21:54:30,2018-04-04 20:04:09,2018-04-13 00:00:00
c51ce9c941eee0281c93cb39b804b071,f071442ce42c7f2c7da4310db2166566,delivered,2018-03-31 15:57:10,2018-03-31 16:10:18,2018-04-13 15:53:36,2018-04-26 12:27:52,2018-05-02 00:00:00
3fed420f0e0d468c546de1be02bf7642,4099418e7cdb9ce6b7fb765b203bbd4b,delivered,2018-05-02 23:05:54,2018-05-03 00:12:54,2018-05-03 15:29:00,2018-05-10 22:03:21,2018-05-28 00:00:00
066e2edfc5e388bb574fda4a61911b9c,5b1385b497ecd70d5816aa1208ae6e08,delivered,2017-11-16 00:59:02,2017-11-16 01:10:37,2017-11-20 14:23:43,2017-11-24 19:46:36,2017-12-08 00:00:00
61f82b319ee0352b3b8525dfa467e0f2,04aef4b2c2bd9d55991e8f36df779b01,delivered,2017-10-16 15:05:49,2017-10-17 03:49:23,2017-10-20 15:51:53,2017-11-10 13:37:44,2017-11-14 00:00:00
0ea322b0cc5c5a359a4b83e2cae08390,fda9a2bf4f0b8d64bf713e261189a2bc,delivered,2017-04-21 09:11:44,2017-04-21 09:22:07,2017-04-25 11:06:48,2017-04-27 15:43:31,2017-05-11 00:00:00
4b19c2fe3690d7e4aa8cbcf946ea6ce4,47308035f95de5bc2318495736c01482,delivered,2018-05-18 16:22:57,2018-05-19 10:19:23,2018-05-21 14:11:00,2018-06-02 14:11:54,2018-06-13 00:00:00
885a9993f5b3064e1a4d8c68362be3bb,9559a7e4d7235405efa574dda8e11b58,delivered,2017-11-11 22:35:23,2017-11-11 22:50:22,2017-11-14 18:48:59,2017-11-24 20:48:39,2017-12-06 00:00:00
defeecb4d53ab675f8e434c92d4b7900,bb72a8f377fa879cc246fd91bad05d25,delivered,2018-06-19 12:29:03,2018-06-19 12:57:57,2018-06-19 15:43:00,2018-07-11 09:51:50,2018-07-13 00:00:00
ba5ce5fa576ad02931cf1977c7f82323,9dccb2d8f1ce578f5fdaf00f8c0b065f,delivered,2017-09-19 07:05:42,2017-09-19 07:24:08,2017-09-19 22:27:48,2017-09-27 22:16:54,2017-10-09 00:00:00
9e81d4269968920518a1fe5a8a96505c,5e86df719b4c7d4d72ffe697dd458e4c,delivered,2018-03-16 13:24:27,2018-03-16 13:35:38,2018-03-21 18:58:57,2018-03-27 19:46:44,2018-04-13 00:00:00
c68ebb39f1acedc7b1b543ecb53194c8,e530729e68308aef71086aff5c18a3d2,delivered,2018-06-11 21:49:01,2018-06-11 22:18:58,2018-06-12 18:14:00,2018-07-11 17:56:38,2018-07-24 00:00:00
0a631e92a5097a6cd94c5b7002778938,e1e83e041c51b00e571dc0e877d94848,delivered,2017-11-30 18:53:51,2017-12-01 14:25:02,2017-12-28 18:13:08,2018-01-03 22:41:26,2018-01-03 00:00:00
109294a0d68947b6b49c0a59a8f951cd,8ae959794f60d02d60abaaeae9628760,delivered,2018-06-13 09:53:57,2018-06-13 10:19:24,2018-06-15 11:29:00,2018-06-16 15:07:45,2018-06-25 00:00:00
8e81e473c93d414e73105233e248347b,174cf4e5e95b5a49bac9cee9ef6cef70,delivered,2018-03-04 18:38:05,2018-03-04 18:50:27,2018-03-07 21:27:57,2018-05-10 13:40:48,2018-03-27 00:00:00
d8193633632c69edb143c6f25250fbc9,32b346000cfac774c373c34801efc258,delivered,2018-07-17 17:00:04,2018-07-18 16:55:32,2018-07-19 09:06:00,2018-07-23 14:20:36,2018-07-31 00:00:00
863f8a1edc6ce924bde60328b112c402,81c41a9e63c59e933b90b72e8a65f1b3,delivered,2018-04-17 20:35:57,2018-04-17 21:52:10,2018-04-18 23:19:08,2018-04-23 14:09:04,2018-05-11 00:00:00
d51543bdc3d7f733b7637ebf031f6565,d5a188588f28fb4843c19c521c3e197c,delivered,2017-02-01 17:01:32,2017-02-03 03:55:32,2017-02-03 08:39:08,2017-02-16 03:58:06,2017-02-28 00:00:00
14bceeaef362188c60dedfe65e428001,2c65d7682d1e3cb4e816cd0dd57cc42c,delivered,2017-04-02 00:14:56,2017-04-02 01:04:59,2017-04-06 16:33:52,2017-04-11 09:04:05,2017-04-26 00:00:00
282798d3d9e90c0c2c02697bdb07b839,03ae9ed4f94758b2d7b66356b797add4,delivered,2017-05-25 18:50:08,2017-05-25 19:02:24,2017-05-26 10:30:12,2017-06-05 17:32:11,2017-06-23 00:00:00
c2dae969e4d48f3afc69a5503b48bed1,47bf336b7e7bc23158324a69da765cdc,delivered,2017-12-29 10:41:12,2017-12-29 10:49:54,2018-01-04 22:52:15,2018-01-17 17:53:01,2018-01-29 00:00:00
1ce85b529629489a217458d96a9ac0af,d93b2f43c04f810666546ee56c4443f0,delivered,2017-09-04 16:34:58,2017-09-05 04:15:40,2017-09-05 21:12:08,2017-09-18 12:52:21,2017-09-22 00:00:00
39b88d0d1831375dbc1c63696d345210,0e35e77f6f56b24cdf97fb6ff9005ac4,delivered,2018-03-04 14:09:13,2018-03-04 14:28:36,2018-03-05 19:39:09,2018-03-06 21:09:50,2018-03-15 00:00:00
c639deb1d7acde15275d18404daa749a,44b3f562054b91c7cb2ce3e856461b67,delivered,2017-11-24 17:19:21,2017-11-24 20:55:46,2017-11-27 16:47:03,2017-11-30 13:58:50,2017-12-08 00:00:00
69dc26f8dbfc5022922470b70d452dc3,c2a69d98101551c450b1837b80612105,delivered,2017-11-12 17:54:59,2017-11-12 18:10:26,2017-11-14 23:17:44,2017-11-24 20:37:41,2017-12-01 00:00:00
4ee6ddd150b08bee8f6cc827e8f211de,1bec19baa3b9b15b6dfea90d4f534d7d,delivered,2018-06-18 12:40:12,2018-06-18 12:57:58,2018-06-19 15:25:00,2018-06-28 15:06:27,2018-07-17 00:00:00
c85f30d2bcd5e2a640f2c99024171998,ae084cb1e2a35830d07bbeb2abc2210c,delivered,2018-01-30 12:00:43,2018-01-30 12:15:58,2018-01-31 19:05:43,2018-02-25 14:37:49,2018-02-22 00:00:00
335ae7f3583e6d3fd006643ffe9d41de,56e1d4d5a04884acd78f783c866d5720,delivered,2018-02-04 13:21:23,2018-02-04 13:35:30,2018-02-05 20:25:11,2018-02-14 20:12:46,2018-02-21 00:00:00
c44ed29052c8a491969a295bd20583a8,84016d3dcdcb41e1a831dc093b1a81c4,delivered,2018-08-12 22:59:04,2018-08-14 05:35:26,2018-08-14 15:14:00,2018-08-21 22:19:44,2018-08-31 00:00:00
ab9261f874afc9c9ec44d1b5b7c0dae8,6ba967f66666e0a520a2d1414fccd30e,delivered,2017-02-13 11:31:58,2017-02-13 11:43:13,2017-02-13 15:40:46,2017-02-15 16:14:44,2017-03-10 00:00:00
8d9a9808c4a5546adb15d524d6ab2e91,3bb0f1d5881cfaf2de8eacdbe88b2d58,delivered,2017-01-26 16:44:35,2017-01-26 17:02:23,2017-02-20 13:52:07,2017-02-21 10:48:42,2017-02-24 00:00:00
eb9434391cf74c90a1fe25884e1a73c8,b8017253e04ad564578e712a0e03bb69,delivered,2017-10-18 23:39:17,2017-10-18 23:56:30,2017-10-20 17:53:59,2017-10-27 00:17:51,2017-11-06 00:00:00
17b3a4d85ba0793bf46aa81893c3f95b,c27808faa6aa8b89eba6c04408025c68,delivered,2018-01-14 23:59:15,2018-01-15 17:31:37,2018-01-16 20:43:01,2018-01-17 15:56:41,2018-01-30 00:00:00
e56cf4189e005351c2158740a5861875,7dd917a5403363d83494e19c46852249,delivered,2018-01-22 15:14:37,2018-01-23 03:52:52,2018-01-25 00:09:43,2018-02-17 12:22:53,2018-02-22 00:00:00
2fc78ee4879da5d18bf637e3053e4fc4,760769b49fb61cc0c8c4daaef9f3e46b,delivered,2018-03-18 08:54:38,2018-03-18 09:10:33,2018-03-21 01:50:43,2018-03-27 18:22:45,2018-04-19 00:00:00
e96f9d9071e793ba276bff940db0c11b,cb18367e32c4f264ce4e1a23db543dbf,delivered,2017-12-28 16:27:11,2017-12-29 02:09:05,2017-12-29 21:48:50,2018-01-03 19:54:36,2018-01-17 00:00:00
2b7dbe9be72b8f9733844c31055c0825,2b428fc249f5af4989da81ac9af0e735,delivered,2017-11-28 23:56:24,2017-11-29 01:31:28,2017-12-06 22:03:34,2017-12-12 22:48:54,2017-12-26 00:00:00
c7716af159290b14d5c7e68534ec4b50,16f32f6054e6bb6f8cb8643aa46927e8,delivered,2017-07-06 18:52:03,2017-07-07 18:55:22,2017-07-11 13:03:05,2017-07-18 17:35:57,2017-07-28 00:00:00
ea54412cecde6581601103024747302d,b9a8de41629ac11ddfb40c3b80593758,delivered,2018-03-10 00:09:57,2018-03-10 00:28:19,2018-03-12 18:17:44,2018-03-27 21:16:58,2018-03-29 00:00:00
a123cd9821687920113cb485d989016c,9431beb378db24408c2ff5419e2382ac,delivered,2018-03-11 10:53:47,2018-03-11 11:10:15,2018-03-15 19:26:36,2018-03-21 11:08:41,2018-04-02 00:00:00
aa567b6bd03ccf3532f2f07cf956260e,cfadd3d58880578db780b915fffaa051,delivered,2017-04-27 11:00:31,2017-04-27 11:10:18,2017-05-03 12:10:05,2017-05-13 09:47:49,2017-05-30 00:00:00
1e240ed479e3d1ab7b48365e4d2d0ad6,8fde6e46aa7c31d5651f7fcf932c5ca7,delivered,2017-04-27 18:32:02,2017-04-29 02:43:15,2017-05-02 10:56:17,2017-05-09 22:11:29,2017-06-02 00:00:00
ed3d1547a4d7808c9cd1b0048f414d29,60d614379d9b22161e736d53c4642a32,delivered,2017-10-24 16:53:41,2017-10-26 02:56:56,2017-10-26 15:37:51,2017-11-06 16:27:22,2017-11-10 00:00:00
4c8962d1aff37c5cafe5190f4f9b6839,7f194dac460c33b8e5b69366f13b0d42,delivered,2018-01-09 22:43:11,2018-01-10 10:31:53,2018-01-10 17:53:37,2018-01-18 20:33:04,2018-02-08 00:00:00
adfee4f7392b7c41fb280b51a787ab3e,ff549375a1bd44cb7928c15cc6aa7fd3,delivered,2017-11-04 12:25:22,2017-11-04 12:35:22,2017-11-06 17:46:50,2017-11-07 14:12:15,2017-11-17 00:00:00
8917028bf3c86c1be363da721004f557,c5970e2db96b55db5e00f6df2f4dfe73,delivered,2018-03-30 01:05:05,2018-03-30 01:50:12,2018-04-03 19:19:13,2018-04-09 19:36:46,2018-04-18 00:00:00
c6444f5adda5b95c297cbb3badd3a1fd,acf68e15407fbc6e55f3727fe70762bc,delivered,2017-02-01 12:16:34,2017-02-01 12:31:59,2017-02-01 13:30:24,2017-02-08 08:32:55,2017-02-28 00:00:00
fa2e4f22d5a4e8d2e7ddbd342245259a,d239c1db98415bd787b80d6e7ccbb6d3,delivered,2018-02-13 11:56:38,2018-02-13 13:07:14,2018-03-10 02:41:45,2018-03-19 17:07:35,2018-03-08 00:00:00
de28e8b3c44bdad3ecda851978e1599c,afada548225953f4a9f2a502cf33c780,delivered,2017-10-18 11:39:06,2017-10-18 11:56:36,2017-10-19 16:43:11,2017-10-31 14:46:38,2017-11-10 00:00:00
387dbd8ab95a2cea602adfc5434f7258,0df19a6654aeb18d2951d9e08ce18145,delivered,2018-02-27 16:23:22,2018-02-28 09:56:08,2018-03-01 22:27:34,2018-04-07 00:21:14,2018-04-04 00:00:00
ae5d768eedbb1d0d2d3cf01e6b844739,32217e3d1646bc53e60f94b1bb5db968,delivered,2018-03-01 11:16:40,2018-03-01 11:31:08,2018-03-02 20:52:20,2018-03-27 20:08:46,2018-03-21 00:00:00
89739437b72ddcc97ca62d9ce338d0fd,34e65600409fc09eaf7e45fcd61041a9,delivered,2018-02-14 17:33:22,2018-02-14 17:47:38,2018-02-16 23:38:45,2018-04-06 18:04:36,2018-03-14 00:00:00
8d40f6aeb11aa6d03d17b3fa59b14fbe,a2d1e0478a84c06555dcd2e1adb8ba7c,delivered,2018-06-08 11:54:55,2018-06-08 12:21:44,2018-06-12 08:37:00,2018-06-20 18:16:33,2018-06-29 00:00:00
577e6fdfae22d140e0167cc4a674c1a0,46ebdabde58535b8751aaf7e6f21fe27,delivered,2018-05-13 21:11:17,2018-05-13 21:33:19,2018-05-17 14:38:00,2018-06-02 14:58:53,2018-06-04 00:00:00
4a2cfbf52ca16ac6eb7855b3a93ca4d9,b60e86af77e92e469a4e744a3e38754d,delivered,2017-05-25 10:29:42,2017-05-25 10:43:20,2017-05-26 12:13:07,2017-06-09 13:56:36,2017-06-28 00:00:00
57034b4287754660ae720f3c440eb9f5,2a3eba58fac8720505d972c3aa198522,delivered,2018-04-05 16:11:32,2018-04-05 16:28:49,2018-04-07 16:46:39,2018-04-18 00:24:40,2018-05-02 00:00:00
1c6165cd5363fa320f7e1a1245d2f36a,a470dbd1e941a09ba3130dceedcb4822,delivered,2018-05-03 08:52:51,2018-05-05 03:10:26,2018-05-11 05:28:00,2018-05-17 21:58:53,2018-06-07 00:00:00
6feaea9098fb736023b2e4bc246ba7fb,23982a817b35161e034f66e8dabadbd3,delivered,2018-04-22 21:30:44,2018-04-25 03:51:19,2018-04-26 13:25:00,2018-05-09 18:35:51,2018-05-22 00:00:00
743a2890a6d3f095530d9de1966c7434,b42c97d094b5bb2c078e3f58abe2fbc6,delivered,2018-07-18 15:10:18,2018-07-18 15:25:21,2018-07-19 15:30:00,2018-07-23 14:47:36,2018-08-06 00:00:00
ca4eb4e29e846ee17d6d1b96b28acabc,394b3bfe7e36b848711599df7cd35c94,delivered,2018-02-28 18:33:55,2018-02-28 18:48:26,2018-03-02 20:24:58,2018-03-05 19:18:55,2018-03-13 00:00:00
559d0bdf2fe83764fb89edea1516599a,1847c7074383b91e451c2ad8cc36ed6e,delivered,2018-06-18 22:17:37,2018-06-20 02:55:39,2018-06-20 11:14:00,2018-06-23 15:26:32,2018-06-28 00:00:00
7c98aef9609a230634a1cc10aa7ff5de,a6ffb7e15b81c3c9e337b22414444274,delivered,2017-11-23 23:58:51,2017-11-25 05:59:29,2017-11-27 21:23:30,2017-12-18 22:54:38,2017-12-21 00:00:00
1fffdb579470269dbfd6b5b5c0256473,16159ac2afd3d18126b2da94f0362221,delivered,2018-06-20 21:30:41,2018-06-20 22:20:14,2018-06-22 13:56:00,2018-07-04 12:08:45,2018-07-30 00:00:00
2fdfc76d4584de4e6c0b8b85f3041b53,992b5eacca3441bc2ad844f72a9cf4f1,delivered,2017-08-10 21:49:08,2017-08-10 22:10:21,2017-08-11 18:18:39,2017-08-14 15:24:45,2017-08-31 00:00:00
6c2f4118a5a723bdbd456e2bcc7d85c5,ccf3859f8793a274904181491334ef4c,delivered,2018-02-20 21:43:11,2018-02-20 21:55:47,2018-02-21 17:35:49,2018-03-08 17:17:13,2018-03-22 00:00:00
90a35d6c7ac144ef7398458a2beb3963,88322ac54c0a72042d0dac336eea9fbf,delivered,2018-08-02 14:37:51,2018-08-02 14:50:20,2018-08-03 09:01:00,2018-08-09 22:12:31,2018-08-13 00:00:00
aacbfdfa9a7a0e3d3c94909b7637b492,a192efb3485733e181049a1542a7318b,delivered,2018-02-21 18:53:47,2018-02-21 19:15:56,2018-02-22 21:58:58,2018-03-12 17:38:30,2018-03-23 00:00:00
8a80054573ee01a321c77752da93566b,8f7a8c9d811d4acc07eaaf3cae69ac34,delivered,2017-11-24 07:46:21,2017-11-24 07:56:31,2017-11-28 15:48:30,2017-12-04 22:56:39,2017-12-15 00:00:00
ae84411ef203ed6a3cdc4e239536b958,b435b489e4d9921ea0ac305e4e9ae452,delivered,2017-09-21 11:48:14,2017-09-21 12:06:52,2017-09-22 18:07:08,2017-09-29 19:18:50,2017-10-16 00:00:00
1deb4eb0317ca755e8f5f2f3c3193fbf,48dadfa44aa7911b2840495a44d46ad8,delivered,2017-10-10 11:21:09,2017-10-10 11:35:54,2017-10-16 22:27:45,2017-10-21 14:23:46,2017-10-30 00:00:00
c8f75f6121e5b471d9e207771a2a5367,b30e3e8812362ce2ed4e73ade06a089e,delivered,2018-08-02 12:06:30,2018-08-02 13:04:23,2018-08-03 14:53:00,2018-08-04 15:26:31,2018-08-07 00:00:00
34fa619907e44766d5119a7ac48c56de,f851a04dcd8b9fde66d04b3aa11adbf5,delivered,2017-05-11 13:02:04,2017-05-11 13:15:14,2017-05-12 09:58:01,2017-05-23 11:46:25,2017-06-08 00:00:00
f36770932c1481e3aab9eced257e50b6,899cdc1395d9d42d165d8935d7bbc7f6,delivered,2018-05-23 17:35:53,2018-05-23 17:55:49,2018-05-24 13:37:00,2018-06-08 03:38:34,2018-06-26 00:00:00
4c1820d7f03f21dc27c9fc40eba8e860,72b6223a65c6ed5956f7fb882e420d84,delivered,2018-02-27 16:46:54,2018-02-27 17:10:17,2018-03-01 22:48:48,2018-04-17 16:51:28,2018-03-23 00:00:00
7c9ae6de9b88058ecbbd16a26358b410,4a07fc1c45f8525f38b731b6629da56a,delivered,2017-06-18 20:47:09,2017-06-18 21:03:52,2017-06-19 20:03:19,2017-07-02 12:13:28,2017-07-17 00:00:00
2c3a7da8d1c6190209fd4c1a9e3d79c7,320eefc764d8d3c3b9c88173c7e46943,delivered,2017-03-02 21:31:29,2017-03-04 02:15:23,2017-03-07 09:04:30,2017-03-16 18:48:06,2017-03-23 00:00:00
aad4ab96e4f509beffd04078d6455f31,f530cd146d415bcd0315b147bb8774f6,delivered,2017-08-19 13:15:01,2017-08-22 03:55:47,2017-08-22 20:12:25,2017-09-05 21:51:27,2017-09-13 00:00:00
47f1e49b0c53bfde09b97ee3c685fb2e,c80df613ec4c52c7fd1e780f4dc4fde5,delivered,2017-11-21 12:55:39,2017-11-21 13:07:00,2017-11-22 20:48:29,2017-11-27 23:16:43,2017-12-11 00:00:00
0a8c76aaf89178fd0f7655214a6b5223,edcc2532c1d4e603a2d089188ec5ee90,delivered,2017-11-22 09:00:02,2017-11-22 09:11:20,2017-11-23 20:05:10,2017-11-29 23:38:45,2017-12-11 00:00:00
76b38fc94d93c9aa8d4f335f8ba87128,de133572975e6589e01ead0ed0e408d9,delivered,2018-07-10 22:11:58,2018-07-10 22:25:54,2018-07-12 19:46:00,2018-07-21 15:02:30,2018-07-26 00:00:00
796d29c5558898a4ee393750879fb1c5,5ec42e63c046c1c1103bd2301ebe6dd0,delivered,2017-02-03 09:42:20,2017-02-03 09:55:18,2017-02-06 10:15:52,2017-02-07 19:15:39,2017-02-28 00:00:00
9e8253539b3ac1fc283b3d570f7b53ae,2c40b78414b1a68632e1b1ba2191543c,delivered,2017-10-16 16:41:25,2017-10-18 17:07:39,2017-10-20 20:54:50,2017-10-31 16:36:03,2017-11-07 00:00:00
b47b5e44e9e8ee3b208ddedeecb130f6,19eacf9da678ec98c1bf610abaa3376f,delivered,2017-10-03 00:54:19,2017-10-03 01:07:16,2017-10-03 17:19:05,2017-10-09 14:08:01,2017-10-19 00:00:00
a719d9c7b821a18da2ea4ddba7f3400d,6eb471df44130aef54f5b6b37fa68085,delivered,2017-09-13 16:24:17,2017-09-13 16:35:16,2017-09-15 20:20:06,2017-09-25 21:13:41,2017-10-05 00:00:00
cc4857fe4fa6ced8926e873eafe6f7eb,24faa267f7266151ef33094457227c55,delivered,2018-02-03 13:28:06,2018-02-03 13:35:34,2018-02-06 11:39:03,2018-02-21 22:45:13,2018-03-09 00:00:00
ac71424a743eb11dd4e9bce21531d24e,8a5d75b443cf8040c50ac2210d6d704b,delivered,2018-06-13 14:00:15,2018-06-13 14:16:55,2018-06-15 11:35:00,2018-06-20 16:34:39,2018-07-03 00:00:00
92b48ee2f99d597171a30fc4a45e81ad,6c8c6dcacef23de010f797976a3a1790,delivered,2017-04-18 19:53:27,2017-04-18 20:05:17,2017-04-24 12:08:34,2017-05-11 12:24:12,2017-05-22 00:00:00
fb95626ab41e31a7d219e7c626daf211,ef09bb5dc5ec1355226ed3bc312dfe2e,delivered,2017-10-01 22:22:13,2017-10-01 22:35:20,2017-10-02 23:38:00,2017-10-05 14:49:16,2017-10-30 00:00:00
65c54a38da5958de135d565f7e344c6c,429f3e681a0604e810da36578f7d2808,delivered,2017-04-26 09:22:00,2017-04-26 09:38:07,2017-04-27 08:37:33,2017-05-03 14:17:56,2017-05-24 00:00:00
cab94551cf580883129898c612b8cb83,69939c97e2030cde60b3a8176f8dab3d,delivered,2017-11-19 12:24:26,2017-11-19 12:35:23,2017-11-21 20:39:19,2017-12-09 01:51:29,2018-01-15 00:00:00
ce06291974b77bb06f1e6150423d34f2,06a0aeaba8ae05e4dfec7817ed0eca21,delivered,2018-02-11 17:02:23,2018-02-11 17:15:30,2018-02-15 21:26:47,2018-02-20 14:42:04,2018-03-07 00:00:00
fd6490ff0d0a47338582b893c79863fe,cacf7efbb5d03425e739ddee564d1e24,delivered,2018-07-04 21:15:39,2018-07-05 16:15:50,2018-07-05 12:24:00,2018-07-11 20:06:32,2018-07-31 00:00:00
fb2e80e3aa34b3c57e91a7236fbe4326,278416e26d1ca455ce17277b057142ca,delivered,2018-04-19 18:09:14,2018-04-19 18:32:08,2018-04-20 19:02:52,2018-04-30 14:31:25,2018-05-17 00:00:00
a96cff07025408618e8a121b1ba3273a,f2e32479d9ca95098b58d56ab1e41901,delivered,2018-05-30 15:04:45,2018-05-31 03:15:26,2018-06-04 15:13:00,2018-06-05 19:07:31,2018-06-25 00:00:00
2d7bb18faafb815ac7c8deaea1c08381,bdec33889d5e740b542fff862327dac7,delivered,2017-04-10 20:42:58,2017-04-10 20:55:11,2017-04-12 11:54:52,2017-04-20 16:03:02,2017-05-08 00:00:00
1a15c3f0d977e18e8a0d47ea1a9ffbbf,f4f14993dd2f44144049d9612c88bd9f,shipped,2017-06-26 00:22:23,2017-06-26 00:30:23,2017-06-27 18:57:46,,2017-07-07 00:00:00
f2b69dbd4bd28b5f76698636258902f2,17cc8f7a65b27f3f4f1ea1234c37e9c4,delivered,2017-02-03 09:44:14,2017-02-03 10:01:35,2017-02-03 14:36:23,2017-02-08 16:07:41,2017-03-20 00:00:00
0778921b814304f85cb9188625e50625,1108051163387bf4b98f729ba303f2ff,delivered,2017-10-29 13:46:57,2017-10-29 14:06:03,2017-11-03 15:33:07,2017-12-02 15:09:01,2017-12-13 00:00:00
4f1583d080fe1eec5e509335d79b17c6,6203febf07756d9424976ade260a21d9,delivered,2018-07-11 14:55:56,2018-07-11 15:06:23,2018-07-16 09:15:00,2018-08-02 00:28:50,2018-07-31 00:00:00
dfb753bfb675436ca257d189c5377417,65dd288522b06b501b85cb2c05152190,delivered,2017-12-19 20:13:37,2017-12-19 20:33:23,2017-12-20 21:38:32,2017-12-30 00:03:42,2018-01-17 00:00:00
78e56715d38f43fe67193581b89e616c,7cf697a12a8a140e56ad9898c4e4decd,shipped,2018-07-09 12:45:09,2018-07-09 12:55:29,2018-07-10 08:09:00,,2018-08-03 00:00:00
ec5938ea8d597f4104d05584ca8288c8,1842c9a87f4946f62fc9ab11c852f98a,delivered,2018-06-12 18:57:13,2018-06-12 19:27:15,2018-06-13 14:11:00,2018-06-14 22:15:32,2018-06-28 00:00:00
a7080883a07c0f23d07ccb99214a53e8,e93b368ca8025ca8aab2cd43ad299d2d,delivered,2018-03-10 23:15:09,2018-03-12 00:00:30,2018-03-12 22:18:25,2018-03-28 19:48:58,2018-03-22 00:00:00
a5c7406fd66b64f69acd95538f35b97e,0c01464f5a36fcdf6ab41071e18efb26,delivered,2017-08-18 21:12:28,2017-08-18 21:25:19,2017-08-22 18:56:01,2017-09-04 19:35:41,2017-09-19 00:00:00
f6c4a5c791463c73a7b292929c88ecab,394b29bca113f3cef535dbc08949043b,delivered,2017-06-27 11:06:28,2017-06-27 11:45:45,2017-06-28 08:27:18,2017-07-03 15:06:44,2017-07-19 00:00:00
d2d9d607f76c92a3c0c85626e59b04ad,c8379021033c1bc9a11cfea829d0e297,delivered,2018-03-30 00:06:55,2018-03-30 00:28:39,2018-03-31 13:03:25,2018-04-06 23:26:42,2018-04-24 00:00:00
0d7183df2ed05cf8f239c29d295b0d34,c82002d04d02d08b4cf13520c5152079,delivered,2017-03-31 13:22:29,2017-03-31 13:35:22,2017-04-03 11:40:05,2017-04-20 14:43:17,2017-05-08 00:00:00
b61f906e4d28111f250cdf42a93a5967,b89f8b2159cc4f80617c22f0b0ee17e3,delivered,2017-11-19 15:38:53,2017-11-19 15:50:44,2017-11-24 12:28:58,2017-11-25 12:31:42,2017-12-01 00:00:00
db7c9efd30a82868a11d00a5c5bf2050,890cec1fa7f78339876c002658b35b13,delivered,2017-12-04 17:11:11,2017-12-04 18:30:28,2017-12-05 22:18:52,2017-12-12 23:17:40,2018-01-08 00:00:00
2fc9faf8c6b3ffe951029b8bae263bb6,5ffd902ee25652c42ea338c4bb484d01,delivered,2017-11-02 19:29:31,2017-11-04 06:25:46,2017-11-17 13:51:52,2017-11-27 22:42:21,2017-11-24 00:00:00
6ceb24a53abed9d619d077dc285fffb8,e70fcabf5f6bf5273ba341a46b6b83a8,shipped,2017-04-15 13:36:56,2017-04-15 13:45:18,2017-04-18 12:23:29,,2017-05-24 00:00:00
fdc16f82eae13ca294b737e810effbfc,0c0587c88385d7161f40e56d8ef653b4,delivered,2017-05-31 13:29:46,2017-05-31 13:42:22,2017-06-05 15:33:53,2017-07-27 08:49:54,2017-07-03 00:00:00
b124d85cd6e55467812fa1bab3dce946,11f80f375a9a1438afcdba2e501750f1,delivered,2017-07-17 20:30:21,2017-07-17 20:45:15,2017-07-19 17:04:47,2017-07-21 19:39:46,2017-08-02 00:00:00
dc9b5b176c87f1c3bc2d69b282873d5b,953cdb429e5304d15cc7813dc28a24b7,delivered,2018-05-16 10:59:06,2018-05-16 11:19:32,2018-05-16 16:32:00,2018-06-04 23:28:32,2018-06-01 00:00:00
fa715569a8d11944307ce94d3413e902,e5bcad0944090f0f57e657329328eada,delivered,2017-11-07 14:39:00,2017-11-07 15:07:32,2017-11-10 20:36:49,2017-11-16 16:08:58,2017-11-29 00:00:00
59e55fcdf11e934a4e452c01ce6b7fde,3363e5de47c460289e4d759ec6d35b2a,delivered,2017-12-14 08:18:55,2017-12-14 08:32:31,2017-12-21 21:24:58,2017-12-28 13:29:20,2018-01-12 00:00:00
e09eca55c225b904c8579bb1c56b77b2,301d5da00e8c74d0d2c80e2a27089a5a,delivered,2017-12-15 10:14:25,2017-12-15 10:33:38,2017-12-22 19:35:51,2018-01-11 17:39:42,2018-01-16 00:00:00
b6dd40db8e1ba8bce1971d81598330e8,76594f64864294275bcba7f33abbbb9a,delivered,2017-03-26 09:58:48,2017-03-26 10:10:20,2017-03-27 15:28:14,2017-03-31 13:14:59,2017-04-18 00:00:00
c69a4fb424b76529afcb0cc81bad3553,65ba91cc9ec42e3c0a0f85b3424a0ade,delivered,2017-12-08 09:42:44,2017-12-09 02:49:48,2017-12-11 15:20:18,2017-12-19 19:07:01,2018-01-03 00:00:00
ce2b4f2836d78829e4796213d536101e,e024c1515b1062b1e7e613f840c35ba3,delivered,2017-06-18 22:46:42,2017-06-18 23:06:00,2017-06-19 20:09:37,2017-07-05 10:55:52,2017-07-11 00:00:00
6224dcb4ac2d679b4c0739fc060fa3f1,0949cf9ee34504ff762ed1d80b2bca60,delivered,2018-06-12 08:40:52,2018-06-14 02:39:57,2018-06-19 15:14:00,2018-06-22 13:11:18,2018-07-03 00:00:00
54e6829fe81bc86cf88b12e6d07ea298,73b659d3fa440f212dde93bf1cba93b1,delivered,2017-05-19 16:02:15,2017-05-19 16:10:12,2017-05-24 10:09:57,2017-06-07 08:33:06,2017-06-12 00:00:00
18a3784d31f9cf5e372cd05c15ce1502,9fbb3f4d97e802f4eed0c50ecba30c37,delivered,2017-08-21 13:48:03,2017-08-21 14:05:30,2017-08-31 21:03:49,2017-10-01 17:06:30,2017-09-21 00:00:00
1409fa8d66178147ed431573330397c0,2fae54536dde6fcf04a52571421e5813,delivered,2017-02-09 15:04:18,2017-02-11 15:05:09,2017-02-17 07:38:34,2017-02-22 16:13:14,2017-03-15 00:00:00
6f44e08b458a69c51d6c0c460358baf6,1156e7c99b96d2222ef03da9831eb266,delivered,2018-02-09 14:00:41,2018-02-09 14:15:49,2018-02-14 17:19:00,2018-02-20 18:39:10,2018-03-14 00:00:00
de1b85f04c5fe5b727293a8133502cb1,370e9b111968bd747c429eb56c54c8e3,delivered,2018-04-19 10:20:15,2018-04-24 18:58:16,2018-04-23 23:39:47,2018-04-27 00:08:54,2018-05-09 00:00:00
4fc279d715281e5ccd53567d959643ea,72788081fffc9ef714b9ba0e5c21e7d5,delivered,2018-08-10 13:40:11,2018-08-10 13:55:19,2018-08-13 14:49:00,2018-08-18 13:02:23,2018-08-29 00:00:00
0dca3fc331e8c1be1dd82ecb2689f3af,c6ad98f73419be6655a1f88f97e8c5d2,delivered,2018-03-13 17:09:32,2018-03-15 03:31:35,2018-03-19 17:22:37,2018-03-28 20:22:49,2018-04-03 00:00:00
335f8f913a1d29120e07b6bb9847d73c,513f24c01c5b22fe1b97bb2ff08f1808,unavailable,2018-05-12 15:28:13,2018-05-14 15:33:16,,,2018-05-22 00:00:00
9e73206bec0372cd5c586577e7910236,1e2efa955775eccbf59ceac62df6de67,delivered,2018-05-24 17:14:00,2018-05-26 02:32:03,2018-05-28 15:03:00,2018-06-04 17:51:23,2018-06-26 00:00:00
9c475f19f847e47760cdf04217021ab9,8dd2d4e7ee336eaa9956df2067e02189,delivered,2017-10-11 19:52:39,2017-10-11 20:07:14,2017-10-13 21:13:49,2017-10-18 16:38:09,2017-10-31 00:00:00
bf61fe4ac0f160dc7067f5d0eb8e3bdb,c08708febfe6154b7a0f3fb5acaa17d7,delivered,2017-08-28 22:38:25,2017-08-28 22:50:15,2017-08-29 22:30:04,2017-08-30 22:38:06,2017-09-08 00:00:00
10a2db7fa5e572ffbea8f6cc6caa857e,493eb36e43c471ff20a2fafa1e078d6b,delivered,2018-05-23 21:14:36,2018-05-23 21:37:13,2018-05-24 13:49:00,2018-06-06 17:33:00,2018-06-20 00:00:00
ddefab02557da340a3bc73518bf2ecf4,0b337ab429c8299074ace7216c267887,delivered,2018-08-02 16:05:38,2018-08-02 16:43:55,2018-08-09 14:44:00,2018-08-14 21:07:46,2018-08-28 00:00:00
e669e95aa5f8eea105055ad8829ef533,37bcaa01c187cd16e1d916173a202232,delivered,2018-04-22 09:05:32,2018-04-24 19:23:46,2018-04-24 12:48:55,2018-04-25 22:05:59,2018-05-24 00:00:00
441c901e2503e4802ab098944bf13df6,4111e75859e048628882fda7bc71f6ba,shipped,2018-01-04 12:38:02,2018-01-04 12:49:47,2018-01-09 20:33:48,,2018-02-02 00:00:00
b33dfa9cb1bd5eb21f0a09da605e1af4,158a5c9744f7e8bd8d51ea561cce652e,delivered,2017-04-09 11:52:00,2017-04-09 12:02:43,2017-04-10 15:35:13,2017-04-17 22:56:55,2017-05-08 00:00:00
b1ec6c247af2e78825a5cee5cacc925e,8e3b1bf0cf223b37529be8d1e951e0a6,delivered,2018-07-26 08:15:53,2018-07-26 08:35:13,2018-07-31 13:20:00,2018-08-03 21:44:43,2018-08-16 00:00:00
5cb2e7396780669f8f84f6c2fc3c52a4,254cad70ce6055052d59e64f901aa25a,delivered,2017-09-30 10:50:08,2017-09-30 11:07:10,2017-10-03 13:33:58,2017-10-05 20:15:13,2017-10-20 00:00:00
4a3b3a1333c6468be0917515b6253108,871cd220d27f326c14f7fa1c5398683c,delivered,2017-08-01 13:37:16,2017-08-02 02:55:27,2017-08-02 19:04:29,2017-08-10 19:57:30,2017-08-23 00:00:00
010d6db2f77220b394f147836c94f27b,544cfbf822c23de5e82f86d638b82b58,delivered,2018-07-11 16:56:46,2018-07-11 17:10:10,2018-07-12 15:08:00,2018-07-21 15:26:45,2018-07-26 00:00:00
31198c57e7c220ab18af604edd8609ec,f3d89a355a1a1cf2eb8db8a2b674ecfc,delivered,2017-07-30 23:17:05,2017-07-30 23:30:04,2017-08-01 12:15:12,2017-08-09 21:37:32,2017-08-18 00:00:00
065bc1a2569e7a22835b49f40208f394,c5dbdd1c279eca001d619e8351528d2c,delivered,2017-11-09 13:49:13,2017-11-10 02:56:04,2017-11-10 22:06:03,2017-11-13 17:22:17,2017-11-23 00:00:00
0ea9b1519a74b738d828ad5705acdd1f,c68471819898a5f1b3c4ecb4d65aaf2e,delivered,2018-07-05 22:52:59,2018-07-05 23:11:45,2018-07-10 15:43:00,2018-07-12 18:31:26,2018-07-18 00:00:00
445af51c029e740dfb8f62d31375b889,ac74922706425cb6b9b743b84d03d894,delivered,2017-07-15 12:13:10,2017-07-15 12:25:10,2017-07-17 20:26:10,2017-07-22 12:58:33,2017-08-08 00:00:00
c61762adaef391522b6b437cfe8a40bc,4d00eb0b76f14e173b2a5cff5c839198,delivered,2018-02-15 18:50:08,2018-02-16 17:08:32,2018-02-19 20:35:14,2018-02-26 14:22:40,2018-03-07 00:00:00
247845908b9f43dd4e4f32291924d6b6,347f842ed0d0b71671e290da175a624f,delivered,2018-05-16 20:35:31,2018-05-18 01:57:23,2018-05-18 08:43:00,2018-05-21 22:14:42,2018-05-24 00:00:00
7e5821896794f7ee1e792ef610915f78,46eef7e3903336fb61954299b91b371a,delivered,2017-09-12 19:43:20,2017-09-13 03:26:00,2017-09-14 21:12:40,2017-09-21 17:22:15,2017-10-06 00:00:00
22fc44f6f4d13ad1c7a07054e0b42e24,afd4e6fa6bd97f8772e3b8e0211cb0e9,delivered,2017-07-24 21:44:14,2017-07-26 02:25:46,2017-07-27 14:05:44,2017-08-02 16:17:31,2017-08-11 00:00:00
0410f4cc1616cb8c9d1f03c78a8c9f81,cb3ac9287a240ab1ff177d10e4f61553,delivered,2017-06-22 22:31:14,2017-06-22 22:43:15,2017-06-26 17:22:56,2017-07-11 20:16:25,2017-07-26 00:00:00
e158e6aaed1732fbac39e9411f33f48a,a887eb458211a94104cfabfa62a413c1,delivered,2018-07-22 20:05:35,2018-07-24 11:32:33,2018-08-09 14:52:00,2018-08-22 16:22:47,2018-08-21 00:00:00
5c970ae2d7acc353fb8a086fa101ba95,e0d2d4e53864660490ab5c6d78fb7555,delivered,2018-08-11 23:03:48,2018-08-11 23:15:09,2018-08-13 11:01:00,2018-08-22 17:21:22,2018-09-18 00:00:00
c56e8d085e3e718d31e0420e0a05a5e6,1b17f53f320e5983dc5193285284d471,delivered,2017-08-14 23:14:51,2017-08-15 00:15:09,2017-08-16 13:55:29,2017-08-17 16:56:03,2017-08-31 00:00:00
d859b40b1d9bb3cdd347358688bc3272,d20b7041712591ed7c9f118b95400b0d,unavailable,2017-10-10 12:55:03,2017-10-10 13:14:14,,,2017-11-08 00:00:00
162e41cca84030fa1901010d70ae0bed,f46866bee9c15d7a3882b4c4caf5495e,delivered,2017-05-24 16:08:55,2017-05-24 16:22:42,2017-05-26 04:37:38,2017-05-31 14:07:33,2017-06-19 00:00:00
aa6e3cc7cf13ef1dc599d1243daee6f6,af18612bfb6a3f68257c693f72848f28,delivered,2018-08-18 23:54:05,2018-08-21 04:15:19,2018-08-21 14:21:00,2018-08-27 18:40:41,2018-09-20 00:00:00
5ef19cbded760e407b107f1be0e293f0,c2c698586ce38f1936de867bd495ac82,delivered,2017-07-13 10:35:01,2017-07-13 22:04:11,2017-07-18 20:12:41,2017-07-27 18:04:00,2017-08-16 00:00:00
521eea255d54a537e8889bb61072923d,9c312b701ef906a78d378491baecbdfc,delivered,2017-12-12 11:40:26,2017-12-12 11:57:47,2017-12-12 21:08:54,2017-12-20 18:28:44,2018-01-15 00:00:00
405681d4d6342114f04f4e25f4d90068,b2d3d5a175d05143786f65b54624102c,delivered,2017-04-28 14:09:28,2017-04-28 14:23:13,2017-05-02 16:14:35,2017-05-11 12:53:53,2017-05-24 00:00:00
633c2a967fccd6310a2cc20c2e696060,5526c61545ca42dee2147b429e9f0fb1,delivered,2018-03-13 08:42:43,2018-03-13 09:20:24,2018-03-14 16:12:54,2018-03-27 18:32:59,2018-04-04 00:00:00
1cbf88b2aa2bdeff779e6afe29620c25,4f27c407f9ce31a4332db49cbf35375f,delivered,2018-02-17 13:40:54,2018-02-19 10:10:45,2018-02-20 21:04:55,2018-02-26 22:49:01,2018-03-13 00:00:00
c3301bb3a7c95a0f36e7215526946b82,c677750d5335515697724f4668b11ebe,delivered,2017-10-30 15:28:29,2017-10-31 04:06:22,2017-11-01 18:12:09,2017-11-09 21:21:11,2017-11-27 00:00:00
345cca4de7d0b4ae2a6aa85083aba293,6a5c19d132ee5eddb9406fc88a0052c7,delivered,2018-05-31 10:27:56,2018-05-31 10:53:48,2018-06-01 09:05:00,2018-06-18 21:20:03,2018-07-13 00:00:00
a4aab7a5eefb01fefbe85126bf8acb94,c0d7ee1f8d98b1524b9f5ce264a5d3c1,delivered,2017-03-05 12:17:03,2017-03-05 13:05:41,2017-03-07 10:50:09,2017-03-20 09:25:41,2017-03-27 00:00:00
fff6889749958e42b47a7977a4cf0ea0,c5d108ecadaedf367e995520d36c9b1d,delivered,2017-09-25 22:41:26,2017-09-25 22:56:15,2017-09-27 12:59:49,2017-09-28 22:38:04,2017-10-10 00:00:00
967b0e60c5ee39c56e26e3b441c0eaab,632dd519b6ef9b17fdde07505296cebb,delivered,2017-12-09 12:39:36,2017-12-12 04:09:10,2017-12-14 20:03:40,2018-01-08 19:25:47,2018-01-15 00:00:00
a593e3fb1608a34cd19aabbebc709931,da19a1e67956c7e774d47585e772b89d,delivered,2018-07-08 21:56:35,2018-07-09 21:55:08,2018-07-10 11:50:00,2018-07-12 14:11:28,2018-07-25 00:00:00
f4981812af9b38cde6d9d481c1c88981,6812c2b30ace98dfd178a4d45c88495b,delivered,2018-08-19 11:28:30,2018-08-20 11:33:21,2018-08-22 08:12:00,2018-08-23 16:42:00,2018-08-23 00:00:00
7776efd9111e9fc4702936560e4b0a10,b1228ceedc8b2dd34210e466108c6282,delivered,2017-05-03 17:24:06,2017-05-03 17:35:11,2017-05-11 10:50:32,2017-05-17 08:39:43,2017-05-24 00:00:00
0401f33945d6292657d6a4d951191570,62c2b34ef77182d555a097e092cec25e,delivered,2017-04-11 07:49:41,2017-04-11 08:05:12,2017-04-12 17:47:53,2017-04-19 11:18:33,2017-05-03 00:00:00
03df18ab5ba4464030b07f49dc6d206e,258a456e9fc702644a8f3c49f1a07031,shipped,2017-05-25 09:10:21,2017-05-25 09:25:10,2017-05-26 06:48:02,,2017-06-26 00:00:00
9ffb45ae8887425787cc295941f817f9,f37a657ab3c515ad0ed4be8f88521ce9,delivered,2017-08-20 16:19:21,2017-08-20 16:35:15,2017-08-21 17:57:02,2017-08-29 20:53:04,2017-09-14 00:00:00
cf9fc0dda8554193b41e69f30fb570c9,8d9864cd328e623f5be10fd95c7b5c7d,delivered,2017-08-15 10:39:26,2017-08-15 11:05:14,2017-08-17 19:39:56,2017-09-01 19:27:32,2017-09-19 00:00:00
01255808a3d38a8dd69aa93265a4cb88,a72282d3fc20f2e29b2659372f3aa616,delivered,2018-01-22 12:01:23,2018-01-23 11:56:28,2018-01-26 20:51:47,2018-02-01 21:59:00,2018-02-19 00:00:00
c6d26341bec0769b3ccfa232c63b3675,696bb5fa97564f4cbb50bf3c9bed95b8,delivered,2018-03-15 13:34:45,2018-03-17 02:40:36,2018-03-29 20:19:36,2018-04-23 22:02:05,2018-04-25 00:00:00
04b16c4b451253310532ae8020927b06,a2e817de816d28b4f09ab2ae8f2b02f3,delivered,2017-11-10 08:27:56,2017-11-10 08:46:45,2017-11-16 21:13:01,2017-11-24 22:18:47,2017-12-06 00:00:00
cfa438aab28ed50c386312e0e475dd82,73631dc5c28afb245a00ec5a173e4258,delivered,2017-06-25 19:56:00,2017-06-25 20:05:18,2017-06-28 13:17:42,2017-07-10 18:22:54,2017-07-18 00:00:00
c79f6f90ae7d5b3b63033215b568c827,a2275d6d5cd707a2bdc00b70b8098109,delivered,2017-10-27 05:10:43,2017-10-27 05:25:59,2017-11-07 15:19:14,2017-11-13 18:48:42,2017-11-16 00:00:00
9841f5f29be60e9a4686d0bd4593ed6f,fd4f02ac342dbfe3f9bb0ef84e5020e1,delivered,2018-03-15 17:33:05,2018-03-15 18:30:48,2018-03-19 11:03:17,2018-04-15 17:51:28,2018-04-10 00:00:00
495f50370bfcd6d6d0b950516842799e,ec3c0a625a091d8c68116c7dbe1ce6cf,delivered,2018-08-16 15:19:27,2018-08-16 15:35:15,2018-08-17 19:55:00,2018-08-22 23:41:27,2018-08-29 00:00:00
d162bae2bce3257ad0b36cbaedc134fa,06206dbdc73fe897776daa1ba986b24d,delivered,2017-11-29 21:11:12,2017-11-29 21:18:23,2017-11-30 16:38:52,2017-12-05 21:18:48,2017-12-26 00:00:00
33701411446fda95a2c013c5e38596ba,3760c826a4b281eaa5df1bb856d54c0c,delivered,2017-12-17 21:11:08,2017-12-17 22:11:30,2017-12-18 19:27:20,2018-01-10 22:58:23,2018-01-18 00:00:00
92ab8a19c1116e567a86ebdefeaa96af,c37295cdbe08276517e2f4ea77bd85eb,delivered,2017-02-07 13:56:36,2017-02-07 14:10:12,2017-02-13 09:05:55,2017-02-17 08:40:29,2017-03-13 00:00:00
dc54f7ab58e8feced89cf7f0bb97fc77,b088be162a30d463b37ed38acf4ff8f1,delivered,2018-08-05 13:36:14,2018-08-05 13:45:10,2018-08-06 15:24:00,2018-08-10 19:31:49,2018-08-16 00:00:00
39a0d0b03feddb763290ce602f2ea50e,fdb91cc7facafdba34d320bf52cdf8c4,delivered,2018-03-28 13:16:08,2018-03-28 13:30:22,2018-03-29 17:46:42,2018-04-03 20:28:36,2018-04-10 00:00:00
8335800095520f0d31f7e19c08c135b3,18da0750bf5bb2807da88223aaf6117f,delivered,2017-12-04 00:27:48,2017-12-04 00:35:04,2017-12-05 14:22:55,2017-12-06 20:24:59,2017-12-20 00:00:00
2a4a61e33c241879042d95af560f9bd0,504063576a460d7b4bd02f849e785757,delivered,2017-09-05 08:05:20,2017-09-07 02:56:13,2017-09-18 20:42:23,2017-09-25 23:21:54,2017-09-25 00:00:00
dae77dea063022deb7f856fdec40622a,1214875f26abb740d1d69fe5bec29bd7,delivered,2018-01-17 08:46:59,2018-01-17 10:57:30,2018-01-19 16:18:52,2018-01-22 20:38:37,2018-02-01 00:00:00
55af3f02d418fbfae46c0e04bffe4676,8a4097fca61c98661684fbfe703083ca,delivered,2017-10-04 12:47:40,2017-10-06 02:28:14,2017-10-10 20:35:41,2017-10-18 18:32:39,2017-10-27 00:00:00
26d8e1e269a4f8603d993f7aba37a207,dd101a5a4c2ebc1a148c97491a146d33,delivered,2018-07-25 01:47:22,2018-07-26 17:55:09,2018-07-27 13:09:00,2018-08-01 17:27:38,2018-08-17 00:00:00
9bf42f15bce6cd9485c456da9885a3ee,26ac23df56e62150d9f3d4bcbe1feb87,delivered,2018-07-12 11:53:11,2018-07-13 03:04:17,2018-07-19 14:08:00,2018-07-20 21:12:51,2018-07-25 00:00:00
4ed4fa202c468c14366fbf603c8698fd,8e9100df87f0102df82026f2400af7ed,canceled,2018-07-29 00:04:04,2018-07-29 00:40:05,,,2018-08-22 00:00:00
4be1a4a38ca262d7488a14c64e13e143,2a7c6ea724429ad340a8e09777aa2145,delivered,2017-06-10 20:30:08,2017-06-10 21:02:41,2017-06-14 14:46:56,2017-06-30 15:12:29,2017-07-05 00:00:00
d3842b5388a1a39f220c1fecd16807a6,9999a835a6a953d5d95e3d0d09946f6e,delivered,2018-03-30 23:27:37,2018-03-30 23:47:24,2018-04-02 22:23:37,2018-04-06 17:49:32,2018-04-27 00:00:00
e9e702d3e92379f53b4805d98c094bd7,bebb261717d5fd18d378c249c396f6e5,delivered,2018-07-15 14:16:19,2018-07-15 14:26:14,2018-07-17 09:45:00,2018-07-27 15:15:32,2018-08-14 00:00:00
3ae126761938741db80da6163567b03d,1216f129d061c7379441b835d619072e,delivered,2018-02-14 22:22:23,2018-02-15 00:31:53,2018-02-15 22:26:56,2018-02-27 17:48:39,2018-03-21 00:00:00
8a7541705a66fb7e0521852e4bb4a50b,88127bd777dd3e53ec9a97bfefbb9954,delivered,2018-01-14 22:49:06,2018-01-14 23:09:02,2018-01-17 22:19:18,2018-01-25 21:59:39,2018-02-21 00:00:00
0aeae688def7b96d0f56187115a7a8cf,386b33ae40dc4d773f4682a20df4f133,delivered,2018-06-18 18:19:17,2018-06-20 02:54:51,2018-06-20 14:20:00,2018-06-22 01:12:32,2018-06-28 00:00:00
f49a6f58212cfa59614b93f6a2378572,b61a1d7fb4a9899ca9300a42300e9403,delivered,2017-07-20 09:58:18,2017-07-20 11:03:03,2017-07-20 17:48:43,2017-07-22 12:17:26,2017-08-04 00:00:00
bbe9cd550cedc72e9c9ea15fe13bb91b,0f3e1ba8c59cc73f5957cc74d9e25698,delivered,2018-03-19 17:53:52,2018-03-19 18:15:48,2018-03-21 12:42:04,2018-03-22 23:55:47,2018-03-29 00:00:00
828cb23d35630c92b140ab22ff23c485,469884f267ad928b17fa5cc2751ef2c9,delivered,2017-10-24 22:10:39,2017-10-24 22:28:15,2017-10-26 19:22:28,2017-11-03 20:44:49,2017-11-21 00:00:00
a9db785c3c219acb88a8a8c594045493,9e24614d3c9138935bdd12b9b0504a7a,delivered,2018-02-12 19:22:50,2018-02-13 19:15:27,2018-02-16 19:56:34,2018-03-02 17:53:57,2018-03-07 00:00:00
ae471dc7860dcb671837ae421a18733e,0bb4158d2611514ebcf615f2565d34fb,delivered,2017-07-31 19:00:05,2017-07-31 19:15:09,2017-08-04 13:24:54,2017-08-17 18:57:36,2017-08-24 00:00:00
774359a2a8b6be829653bae9390a0dd0,0ffb1eef43d5b09212ae83cbdc298470,delivered,2018-05-14 16:15:03,2018-05-14 16:37:24,2018-05-15 14:12:00,2018-05-21 17:42:15,2018-06-05 00:00:00
479aedf16362d3b08917c3d84532d449,abdb0cc9c57a8bd3f6d33066f04c11d9,delivered,2017-11-13 06:44:46,2017-11-14 04:06:56,2017-11-14 16:51:59,2017-11-16 18:44:45,2017-11-27 00:00:00
b3214fd3a99a63b619aa677c9b69017e,be7cde4faf5050c3c79c1a867f142dc9,delivered,2017-07-03 23:05:24,2017-07-03 23:15:12,2017-07-05 12:22:21,2017-07-21 17:07:29,2017-07-25 00:00:00
a0dd16fef84e1de7791dbac7e4020bad,eeb4ba6ab8504b3d2356b69f1c11cb06,delivered,2017-10-17 22:39:08,2017-10-18 23:56:19,2017-10-23 18:05:02,2017-11-09 21:22:21,2017-11-21 00:00:00
e99f27b73c1fb9070310e00d081d3c96,fe6d73ac006153a398439253006e5adc,delivered,2018-04-17 09:48:44,2018-04-17 10:55:32,2018-04-17 22:58:25,2018-04-25 22:16:46,2018-05-08 00:00:00
084ac8d010dca0cb81b1bd4f375a047e,76f2cd7947ffec4952fd90353fcca395,delivered,2018-02-13 14:37:04,2018-02-16 07:56:21,2018-02-16 19:42:04,2018-02-26 16:13:34,2018-03-07 00:00:00
6e44a8c682fac139d29384acf3a1059d,729891ea1ef5f05ecd5a65a7d6b4efbc,delivered,2018-01-26 09:34:38,2018-01-26 09:53:01,2018-01-26 19:49:05,2018-02-05 20:42:52,2018-02-21 00:00:00
2d62a673525d6861e6f5f7ea6969c96c,25965361605f7bee4609f204dced6ccc,delivered,2018-03-22 23:59:55,2018-03-23 00:10:52,2018-03-23 22:11:42,2018-03-29 19:58:24,2018-04-10 00:00:00
25bc21949722976517998582ae5073a4,47a79e79095bde4cf58c12d4ad6fe43d,delivered,2018-04-04 14:16:51,2018-04-04 14:49:39,2018-04-05 18:14:36,2018-04-10 00:13:18,2018-04-18 00:00:00
4d5fca22363528ec48be05c22fdbf690,12c6a38b13ba4a14cafdfbd4d92d917c,delivered,2017-08-24 18:32:19,2017-08-24 18:46:41,2017-08-28 19:37:58,2017-08-29 19:33:45,2017-09-08 00:00:00
3e9e43fb06f07b42b4bb306628866e20,8fc424202bec33af360dec7c974c60ce,delivered,2018-03-03 18:16:14,2018-03-03 18:35:31,2018-03-06 02:18:55,2018-03-07 22:13:21,2018-03-15 00:00:00
195dc38d3441455e6f25b23f9cd6afc3,b206d33800162480f92693603b17751f,delivered,2017-10-20 18:25:55,2017-10-20 18:56:28,2017-10-24 20:21:55,2017-11-01 16:08:57,2017-11-16 00:00:00
53e36d11c76231e0071729977fd0a90a,23456b8fa364475d41ff13e408d9447d,delivered,2018-05-09 11:53:08,2018-05-09 12:15:29,2018-05-10 16:39:00,2018-05-30 14:38:29,2018-06-11 00:00:00
4380c4ed9da2c69163359909e4e1510e,f5e1e4c71ca7b28a6b61fb4db9442a8e,delivered,2018-01-19 13:39:35,2018-01-19 13:53:57,2018-01-20 00:14:57,2018-02-01 17:22:51,2018-02-15 00:00:00
f9a6aec1708cd20b564a6b2a29ed2290,df72728563c0a348eed0e450e9e8c2b7,delivered,2017-09-27 07:26:22,2017-09-27 07:49:07,2017-10-04 17:38:26,2017-10-09 18:52:57,2017-10-17 00:00:00
9b3149eabe3d80fae592727f31f103dd,fef6c42a548fafc4067121c4aec427dc,delivered,2018-04-12 14:57:23,2018-04-12 15:53:17,2018-04-16 16:23:54,2018-04-27 00:04:27,2018-05-08 00:00:00
96c92c62ca4d7a50e4b7d86d55acf918,030004cafb2703766067d48c01a92c86,delivered,2017-02-15 17:42:51,2017-02-15 17:50:20,2017-02-16 14:07:15,2017-03-11 10:34:12,2017-03-24 00:00:00
4452080876f5de5c69e66d6d8b9e10cc,5058aeeff6ed95ff28cd16cb102b2530,delivered,2017-09-11 16:05:10,2017-09-11 16:15:17,2017-09-12 17:03:34,2017-09-18 21:13:12,2017-10-09 00:00:00
184ec7818067e1f9dabd3bc13e09b215,6abf107a7ce2297793f965a9c697fb33,delivered,2018-04-15 23:28:23,2018-04-17 05:49:59,2018-04-18 18:19:16,2018-04-27 18:08:53,2018-05-09 00:00:00
0b5d86d1d6e2e765f19774b9572b1987,b8b10ecc0664c406ae20e83dcceb0d80,delivered,2018-08-15 10:57:35,2018-08-15 11:10:19,2018-08-16 13:11:00,2018-08-25 17:03:32,2018-08-28 00:00:00
7791afbee6ba14f8b4dccb15767c2a9a,0162379b4069e08e04a6631bc3e9f4e7,delivered,2018-03-16 14:38:23,2018-03-16 14:50:24,2018-03-19 20:17:35,2018-04-06 18:50:33,2018-04-11 00:00:00
084f5caa157d28601e72b588e656e3ec,145d10d2c740be50c50d82f083a813b1,delivered,2017-07-01 16:43:58,2017-07-01 16:55:16,2017-07-03 13:34:50,2017-07-11 18:47:32,2017-08-02 00:00:00
2d9b91a78d7d0b728d2c29ce3006d676,922b653b29a3319b5e28e85617c615ba,delivered,2018-07-30 09:54:40,2018-07-31 09:10:11,2018-08-01 16:10:00,2018-08-08 18:06:36,2018-09-14 00:00:00
b3a32621fc0c7dc8cc99ac717fc61b92,e6d5abbb55cac8e7366b9ac8e3ed09e3,delivered,2018-06-10 18:18:26,2018-06-11 19:02:43,2018-06-12 15:50:00,2018-06-14 23:31:23,2018-06-20 00:00:00
dc9470b246bc5c83e5e72f1897971fcb,1c4baaa0618b5e734254a134c5cf8112,delivered,2017-08-03 09:35:17,2017-08-04 09:45:15,2017-08-07 15:27:47,2017-08-07 20:52:02,2017-08-30 00:00:00
46f3c8f0f9ca12fb198779b7f99a0e0a,ad106b5312306e6757e1fdffb7aef21c,delivered,2018-07-01 07:27:07,2018-07-01 07:49:54,2018-07-02 15:47:00,2018-07-05 19:14:42,2018-07-25 00:00:00
b3b5d713fc857811f634897062f23bea,245246883fc6a78e46848b45f53adc8d,delivered,2017-10-09 13:58:15,2017-10-09 14:07:25,2017-10-10 20:33:47,2017-10-17 19:24:56,2017-10-30 00:00:00
17afe0bafc1638d46b55c1d56b393015,5ca58c6df796876b23653e4b265b4a08,delivered,2017-10-04 10:17:39,2017-10-09 11:23:05,2017-10-13 20:39:44,2017-10-19 18:14:12,2017-10-26 00:00:00
7d68f1da2ad6d6fa877e000788daf541,e7a503a253ff229e218670d750c36c9c,delivered,2018-07-04 14:45:47,2018-07-05 16:33:22,2018-07-06 10:31:00,2018-07-13 15:38:43,2018-08-06 00:00:00
a82a8de42e1aa1d5c74f83f7b23fbea9,b6dac2712e2f2441f14582d81cf07a4f,delivered,2018-04-10 17:04:00,2018-04-10 17:16:19,2018-04-11 16:58:25,2018-04-17 15:04:13,2018-05-08 00:00:00
5270193839803d1752c1368633ce32de,721108d662313689bca8c34adf5c5f62,delivered,2018-02-12 05:13:32,2018-02-13 05:10:20,2018-02-15 00:33:21,2018-02-27 20:29:23,2018-03-09 00:00:00
17630ee81adaa153933991eef88dfa45,0e1cf01349134f121d7e316718d65415,delivered,2017-07-28 17:27:08,2017-07-28 17:44:21,2017-07-31 19:22:14,2017-08-02 19:32:03,2017-08-21 00:00:00
a54a12a470f9a5a89f1a1f19607959ca,a8f78dc3ca07ecfceb3908935971ea3d,delivered,2018-06-21 18:34:21,2018-06-26 07:12:59,2018-06-26 15:38:00,2018-06-29 23:42:34,2018-07-19 00:00:00
c8c002c98c3b0b4d4136b84f76f635a8,c7f827df881d513428043f6c8153eb6b,delivered,2018-01-23 22:51:57,2018-01-24 18:12:42,2018-01-26 22:19:07,2018-02-09 01:44:46,2018-02-23 00:00:00
7d8db373393c49a61b22e4688965988e,ad7a465c17f982816cdb4e6c5a71c58c,delivered,2018-02-02 23:14:48,2018-02-02 23:29:56,2018-02-05 23:34:16,2018-02-20 00:12:56,2018-03-05 00:00:00
20a8a330c884b1e98b50397b518efc35,f38f9a47f86946a481bee72088dc2b92,delivered,2018-01-18 20:34:47,2018-01-18 21:32:32,2018-01-19 19:26:33,2018-01-26 21:23:03,2018-02-08 00:00:00
fbf9b050c89a7d7447452338455c8c0b,cb14515be745f34dde09f84a00534f80,delivered,2017-12-04 16:11:58,2017-12-04 17:41:19,2017-12-05 20:54:32,2017-12-16 00:25:02,2018-01-04 00:00:00
3531718b24dfd5022fb0d101e10e33b9,5b819ae762ee1d0424f92fd742a8ed7b,delivered,2018-03-06 20:19:31,2018-03-06 20:30:39,2018-03-08 18:17:02,2018-03-28 20:47:51,2018-04-11 00:00:00
6c041b8ad01f470b60c65c7d424fa0ae,0ea88afb6e1536daf0e38a731473ba96,delivered,2018-02-10 07:36:15,2018-02-10 07:50:21,2018-02-15 14:06:59,2018-02-20 17:34:41,2018-03-13 00:00:00
5e3729322319aad9409e9ca36aac26da,8afbae80295a2f702e77f7e80c25db12,delivered,2017-12-04 15:51:42,2017-12-06 02:50:24,2017-12-06 16:17:02,2017-12-12 18:23:47,2017-12-29 00:00:00
8e74025444ac9b16544fc2fc74c39b48,5cae1392b852d8c16f0520891f09c912,delivered,2018-06-19 14:26:50,2018-06-19 14:57:13,2018-06-20 18:47:00,2018-06-21 16:22:04,2018-06-29 00:00:00
a305557a41b3c1889b8e0d9255f9ef1a,d84a9738d613b69719f0bac7a49a7b65,delivered,2018-08-28 12:38:17,2018-08-28 12:50:22,2018-08-28 15:16:00,2018-08-31 01:32:26,2018-09-05 00:00:00
c28916da587551ac4d1de7970fc929c8,7c1114faf8afe01287362e1a1943aa26,delivered,2017-11-16 19:11:58,2017-11-16 19:34:55,2017-11-21 12:54:48,2017-12-04 16:03:42,2017-12-14 00:00:00
1269b55cefdede474b06de78ff45d1f5,15cd9ed63dd1fbd1c1b70317655a94a4,delivered,2018-03-06 09:50:21,2018-03-08 02:10:38,2018-03-09 16:58:25,2018-04-02 23:32:09,2018-04-05 00:00:00
e9040c28c0cea9dafa5afac428715d4d,664f8c510001481c16102dc8db9cffb4,delivered,2017-12-12 14:32:00,2017-12-12 15:10:38,2017-12-13 21:17:23,2017-12-27 20:24:05,2018-01-08 00:00:00
34add8976995eea31cf36aa691b32773,13f575bc19cc3b10a37b3634ecfaf9b5,shipped,2018-04-09 21:30:41,2018-04-09 23:30:13,2018-04-11 12:28:52,,2018-04-19 00:00:00
62b913bcab921594dd1136fa97a7b627,b7a6a904496d5bb486056bda2f963bc7,delivered,2018-04-02 17:38:33,2018-04-02 17:50:24,2018-04-03 20:52:24,2018-04-05 15:31:13,2018-04-13 00:00:00
3967044b1f033a8b079e050cf79b2586,820c452c2726206bf394e08cf36705c3,delivered,2017-11-24 09:15:36,2017-11-25 03:38:32,2017-12-06 22:39:04,2017-12-13 21:58:38,2017-12-11 00:00:00
7237d14c846f1436c907372891468fd2,2fd729b8cb6f7e64030aec1e08e02bc1,delivered,2018-04-05 22:37:40,2018-04-05 22:50:12,2018-04-07 01:02:43,2018-04-13 19:42:32,2018-04-27 00:00:00
46c820acb13d40759d9cf3941fb7a47d,d2cbd9146c1cee46f887d3731fee7e89,delivered,2017-11-21 21:34:05,2017-11-21 21:47:37,2017-11-23 18:52:19,2017-12-09 15:12:44,2017-12-11 00:00:00
5dedb012dc056caca4184c7fe7ec5613,900f88c22ee76b9f34fe901ce2478915,delivered,2018-01-29 16:22:27,2018-01-29 16:37:54,2018-02-02 02:21:31,2018-02-07 22:47:30,2018-03-02 00:00:00
ef457666296fe87ba3d972f610f11394,eb37b4f81bb9b6606a2e4b495229e014,delivered,2018-02-20 20:53:25,2018-02-21 20:50:21,2018-02-22 19:28:11,2018-03-06 14:49:05,2018-03-14 00:00:00
5603a3d307ed6372be265333d4fa32e5,6ea69e7b352c252bd79bfaa1f68059b3,delivered,2017-06-14 14:55:47,2017-06-14 15:10:17,2017-06-16 11:52:06,2017-06-26 13:18:51,2017-07-17 00:00:00
29dab96b98e4f84bb3f92415806202b2,3356bf9d231074d20a5b81e9cecc828b,delivered,2017-12-04 11:04:49,2017-12-04 16:31:57,2017-12-06 01:22:32,2018-01-04 15:28:55,2017-12-29 00:00:00
8ef9db017c57bd5bf1ee83358817d049,49bf065bf2bf468bb3f9e47c29a522e7,delivered,2018-02-05 15:34:17,2018-02-07 02:52:32,2018-02-14 21:23:34,2018-02-16 20:42:57,2018-02-21 00:00:00
f9fbe9f30c594fc18da81ade79348518,7ac611c6e21926c816cfe58b2cb31837,delivered,2017-07-17 14:49:28,2017-07-18 06:03:42,2017-07-20 16:34:55,2017-07-28 19:48:29,2017-08-08 00:00:00
5c3d25dae7f74c1b5578883338afdd5e,36538c9c61697eac39c48097b1001ec8,delivered,2017-10-12 17:36:45,2017-10-12 17:55:11,2017-10-13 19:46:42,2017-10-25 10:48:09,2017-11-13 00:00:00
db5f60962b917b4dd9d73efd3e121ff6,40803048d3a6898a71048ad33d7166de,delivered,2018-03-17 01:58:13,2018-03-17 02:10:28,2018-03-19 19:28:41,2018-04-28 14:57:57,2018-04-17 00:00:00
d24dbc3d60c85b438cf1b65a937572e3,a6bf868985556478698f51cf124b1567,delivered,2018-03-31 08:38:21,2018-03-31 08:50:15,2018-04-02 17:41:15,2018-04-05 14:41:59,2018-04-26 00:00:00
b0064e58c06714b8e6d9f3d5e713e416,aefbb53f830b4a469c2743cc12764c54,delivered,2018-01-15 10:56:46,2018-01-15 11:09:47,2018-01-18 21:44:37,2018-01-29 14:32:39,2018-02-07 00:00:00
58e67ac26a9fbfd1f5ddbb90b4766a21,b7d15b59fdaf87b5d550b6561b4506fa,delivered,2017-08-16 19:24:28,2017-08-16 20:44:52,2017-08-17 15:07:00,2017-08-22 13:39:09,2017-08-29 00:00:00
5db31af449c668e4ed0b7efb00f802c1,5b4e519743dd2db7fcf4a24581a4ccba,delivered,2017-09-02 09:14:23,2017-09-04 10:25:27,2017-09-04 21:52:24,2017-09-06 23:21:32,2017-09-26 00:00:00
b0720f1f1ffe718701fefe87c8bf605b,8eb8bf0b474dc6ea2e442de6298e1b54,delivered,2017-12-02 16:07:33,2017-12-02 16:17:31,2017-12-05 17:32:50,2017-12-08 19:21:21,2017-12-20 00:00:00
c633811fc9f385653545e0f903b60fe5,ab08684ddecf0885c8e85e4f9a7a6259,delivered,2018-04-02 22:05:20,2018-04-02 22:35:31,2018-04-03 23:32:21,2018-04-13 19:51:21,2018-04-25 00:00:00
f6b73cb42a81880d54cdbf2059599d93,fb132dd66864b65d4d0921eec276e5f3,delivered,2017-11-05 22:16:07,2017-11-05 22:26:45,2017-11-07 21:58:51,2017-11-13 20:49:52,2017-11-28 00:00:00
479730a1200cfbbf8c4fa301820e5d1c,cd2398835882d7dd6c432525319071af,delivered,2017-08-25 11:07:53,2017-08-25 11:25:22,2017-08-28 20:33:49,2017-09-07 01:50:06,2017-09-29 00:00:00
3faaec4beaa1aa546c251ae06e326b73,ff22649244851739d33a6fba32db7688,delivered,2018-06-23 21:09:47,2018-06-23 21:37:04,2018-06-25 13:04:00,2018-06-29 18:03:17,2018-07-17 00:00:00
048d699adf41881d80ac3ed5f632a3aa,40b3bac8fe032b2ae6fa23cb2d614a89,delivered,2017-04-24 18:35:48,2017-04-24 18:50:19,2017-04-27 08:13:55,2017-05-08 10:26:04,2017-06-23 00:00:00
2445655afeb72bdf84bd0d86682c9ef0,aa343f31299309e502aff3e0e5504e1f,delivered,2018-03-10 14:15:16,2018-03-10 14:30:26,2018-03-12 22:12:45,2018-03-16 16:56:40,2018-03-22 00:00:00
4f4c78935311aa885158c44fe04d7257,4588943f2855367bdbb92158fc470a62,delivered,2017-11-25 00:13:24,2017-11-25 03:11:32,2017-11-28 03:22:08,2017-12-16 00:10:01,2017-12-26 00:00:00
7a96df1193e585420f7ca71abd28a34d,456f56a8c8737f0f4590964e32c944e4,delivered,2018-03-16 21:14:56,2018-03-16 21:30:33,2018-03-22 21:09:34,2018-04-02 12:58:28,2018-04-04 00:00:00
96c2e97254411b014e9c6497388ae8bb,5f4e8d05ec1f8bb24733577690c48f5f,delivered,2018-08-03 23:04:07,2018-08-03 23:15:15,2018-08-09 09:40:00,2018-08-15 01:21:25,2018-08-17 00:00:00
6a2726fdb7d200560870b229000f73db,c86d48649ada1cc512d6376da4feb479,delivered,2018-01-26 20:03:07,2018-01-26 20:13:30,2018-02-09 14:04:46,2018-04-02 15:04:15,2018-03-19 00:00:00
141f547cc0f5d65f5eb35f3bcc632818,209255336081da592d5a018b79e24b4f,delivered,2018-08-09 21:55:15,2018-08-10 03:15:21,2018-08-10 15:13:00,2018-08-15 12:16:35,2018-08-31 00:00:00
53a55fb5597f90b6727f82626d65f179,bd207fa6905e501b1885466db826d7da,delivered,2018-02-16 09:33:23,2018-02-16 09:47:04,2018-02-16 23:16:38,2018-03-13 15:22:50,2018-03-20 00:00:00
066daea9ca27bdce0b0ef5e832427b6d,027c4c1a7778f45a3c7837db8144b65c,delivered,2017-07-10 22:39:00,2017-07-10 22:50:24,2017-07-11 19:22:49,2017-07-17 20:33:47,2017-07-28 00:00:00
a61af3cdf328f1d0a9f63286918c67bd,94dbe30a67add6d56beac4754e7bb500,delivered,2017-08-10 10:44:30,2017-08-10 11:04:08,2017-08-16 20:16:36,2017-09-11 20:35:45,2017-09-12 00:00:00
c689c936050f0c8fa39e46f97d99a633,bf8c745145995e40cf8eb7aa837881dc,processing,2017-05-06 10:06:11,2017-05-06 10:15:16,,,2017-05-29 00:00:00
167ba550f977c45ca5349884147f2bf7,32ce745c128639d205ad85c880251239,delivered,2018-01-16 14:37:34,2018-01-18 02:11:47,2018-01-19 19:09:16,2018-02-01 20:17:29,2018-02-08 00:00:00
71f127c82ef10da47995594de39619e7,cfc25f5094ac0c042426bf559e9d6ff6,delivered,2017-09-16 10:56:48,2017-09-16 11:10:16,2017-09-18 15:13:22,2017-10-08 13:12:58,2017-10-10 00:00:00
9062b998bfc2521b3978b34034ba6e1e,46784ad12d8b0efd22e033200a7c815b,delivered,2017-03-11 13:46:22,2017-03-11 13:46:22,2017-03-13 16:22:13,2017-03-20 09:05:42,2017-03-30 00:00:00
69f5eed47613a9d3cd0ae94d398cdd4e,af65b5fb2830e00789e56d7b30e86b63,delivered,2017-07-14 10:40:15,2017-07-14 10:50:22,2017-07-17 17:38:11,2017-07-24 19:51:23,2017-08-07 00:00:00
93cc36bf4196b96bdce3e51703f13f5f,f6aea23d42015e5827c45f6126bcbf76,delivered,2017-12-31 12:28:54,2017-12-31 13:30:23,2018-01-05 18:47:39,2018-01-08 21:56:53,2018-01-18 00:00:00
05593bfa78dd87f8fb6d212a614f4b23,d70c3932cf4d049a839f58a0d259559e,delivered,2018-08-08 13:40:41,2018-08-10 04:35:19,2018-08-10 11:26:00,2018-08-20 14:04:31,2018-08-22 00:00:00
2529a7e429d36a4fb9ada1b677a5ed31,19964f5b33d31824f50a1ee628f5191e,delivered,2017-08-24 12:43:15,2017-08-24 12:55:18,2017-08-24 20:38:34,2017-09-12 15:38:52,2017-09-26 00:00:00
7267a487cb9868419cf7109852e4ec34,b3463717a38fa75fef664aa8eb8c68b9,delivered,2018-06-10 15:17:40,2018-06-11 16:31:47,2018-06-12 14:27:00,2018-06-18 15:38:21,2018-07-26 00:00:00
fbdb804cd5fd11e97287cd4cc842f7c4,87d04df629e1ac4cfb5cbdb9ca9b5d3f,delivered,2018-08-04 19:07:04,2018-08-04 19:24:09,2018-08-06 09:33:00,2018-08-25 12:17:52,2018-08-21 00:00:00
0a098ea7aca0cfbc728417697c86e807,6883c3d514d170daf2897e80efa0be75,delivered,2018-03-10 16:24:51,2018-03-10 17:00:33,2018-03-12 18:33:46,2018-04-03 00:18:31,2018-03-29 00:00:00
a9fa4232de4a87398cfab2a5bcbecc56,27e430dc15333a6d9626d282c13c6035,delivered,2018-04-04 21:49:52,2018-04-04 22:09:00,2018-04-11 21:06:04,2018-05-06 16:50:49,2018-05-07 00:00:00
b83d3a21b98b819697f37668a420a43e,ac4e419fca1484d20975bf38ea7b76da,delivered,2018-05-09 08:16:08,2018-05-10 02:57:23,2018-05-11 14:28:00,2018-05-16 18:52:41,2018-05-29 00:00:00
b9a6c5f5df52c7226ac85aee7524c27f,f160aaf480efdfa7268f0fa535f73e76,delivered,2018-06-12 20:07:44,2018-06-12 20:44:26,2018-06-13 13:09:00,2018-06-19 12:44:08,2018-07-17 00:00:00
359619f12869deeaa50fa7762f5064bc,810ded38dee280ec50c047e8d1570106,delivered,2017-11-24 23:03:37,2017-11-25 01:17:28,2017-11-30 22:32:51,2018-01-08 17:18:18,2017-12-22 00:00:00
7e52365eb2fa03f8f4ed8a69da1e7fc4,1e7ea825371e137f8b709a077b486f99,delivered,2017-03-30 11:25:07,2017-03-30 11:35:17,2017-04-03 08:12:36,2017-04-06 13:27:48,2017-05-04 00:00:00
29f08eca9316db52a34130eeb52dffd0,f87a76e2c1f35f26284d68c4700f185b,delivered,2018-08-01 14:04:51,2018-08-01 14:15:13,2018-08-14 14:02:00,2018-08-30 00:03:57,2018-09-13 00:00:00
973acb049a8228a556877e26fb30c06a,b90476f60c15ab27c1b5d23728fed65f,delivered,2018-03-15 15:58:43,2018-03-15 16:11:12,2018-03-16 20:02:55,2018-03-27 20:12:43,2018-04-18 00:00:00
750465ac3478d2b4483153fcd61b9c13,b275c7d392742ce887821e789281f91e,delivered,2017-10-05 10:28:57,2017-10-06 10:35:34,2017-10-06 21:07:34,2017-10-17 21:32:29,2017-11-07 00:00:00
8e572fc4edc8dafc89bb18bf812916e6,54c305a3143449a2aa8906eca0c2305e,canceled,2018-01-26 17:26:33,2018-01-27 17:32:01,,,2018-03-02 00:00:00
104681815892bd134ae796335dcc1e9e,177c6768f6918ca4002b8c16b4205221,delivered,2018-02-05 17:11:25,2018-02-05 17:33:01,2018-02-06 17:11:52,2018-02-09 20:14:46,2018-03-02 00:00:00
7078247b4971be7eaf2a42cf5c917761,e86bf1951ee695fdaff61dc05868d170,delivered,2018-08-18 16:51:54,2018-08-18 17:09:41,2018-08-20 16:18:00,2018-08-28 00:54:43,2018-09-04 00:00:00
afc1b46f2cb4b3f0d3432cae0af0ea75,e8a9561ee949a7a4b2f58351ed6f9d85,delivered,2017-03-09 15:35:03,2017-03-09 15:35:03,2017-03-10 15:44:41,2017-03-16 17:51:46,2017-04-04 00:00:00
1051983b1aca1ef8f4f6827378c12c8a,67f09d85ed01fef44ba9733eb5d9df59,delivered,2017-10-16 19:11:16,2017-10-16 19:35:18,2017-10-17 19:15:00,2017-10-21 10:45:44,2017-11-03 00:00:00
20b61ae06ac41b6e23c10c90ad0331a5,f036beae922b5034d5a9b801e64659a6,delivered,2017-11-26 10:21:51,2017-11-26 10:36:02,2017-11-30 18:38:45,2017-12-14 03:39:30,2017-12-28 00:00:00
ecc7d8ad8bbcd5b0a9cc9a2d5a34bcb9,4bd89ebce757198ba4e42f249d9c95d2,delivered,2017-11-14 16:42:50,2017-11-14 19:06:25,2017-11-17 18:51:23,2017-11-27 15:22:38,2017-12-05 00:00:00
4b7597bd96f89b605623a55db1471b1d,2573207acd565358bd39471c79676c5b,delivered,2018-03-16 16:08:04,2018-03-16 16:29:21,2018-03-22 18:46:43,2018-04-20 00:11:54,2018-04-09 00:00:00
a438cc4a17bee890885f11fb9a4ee39c,ee0db2a3ee802980f1813ace8677cd85,delivered,2017-02-20 08:40:21,2017-02-21 04:50:50,2017-02-21 17:03:59,2017-02-23 12:35:58,2017-03-21 00:00:00
5c9a7e0865669dc34b4e6a062751d8f4,f0c3d576e70e1eb0ae245c9483b5ad95,delivered,2018-03-09 20:50:16,2018-03-09 21:28:26,2018-03-13 17:57:41,2018-04-26 12:11:33,2018-04-11 00:00:00
665575b7aea0ff562ee27ff4829b54c4,3715b1c49f39951e735d5ef360763e2d,delivered,2018-04-11 21:50:37,2018-04-13 12:34:43,2018-04-16 19:12:05,2018-04-23 18:19:58,2018-05-02 00:00:00
22539785ee6331c6d1020fdaa742ea09,b8ad1ed281e02af43e7f97946a97e87d,delivered,2018-05-08 01:15:33,2018-05-08 01:33:46,2018-05-08 13:58:00,2018-05-14 18:06:43,2018-06-04 00:00:00
89f4eeb50c7a4ccda70e82cfd0145c89,77ac76472ef4ecfcfbc6b72a5057f616,delivered,2018-07-09 16:49:23,2018-07-09 17:05:16,2018-07-10 13:58:00,2018-07-12 14:12:43,2018-07-24 00:00:00
394643cd54739aad60aabc03272e28bb,a86b2bcf75c0d9ef2fa4750bba90391a,delivered,2017-11-27 10:14:03,2017-11-27 10:35:18,2017-11-28 20:59:00,2017-12-06 16:49:43,2017-12-19 00:00:00
cd5ae8a80997eebd2b1f2cd4f24518d2,c6ee52985e660e85fb364ad8d35a26ac,delivered,2018-06-22 18:46:11,2018-06-22 19:19:06,2018-06-27 15:09:00,2018-06-28 19:25:25,2018-07-05 00:00:00
d22f0b06e1519065d7eddb2ba6b79b63,3c3335d4c88928de4ec0f90fae9d1507,delivered,2017-11-23 22:44:09,2017-11-23 22:54:33,2017-11-24 22:03:51,2017-12-19 18:54:39,2017-12-15 00:00:00
7b636347d9f87d9b9a48755fd8495709,258539509521d87f8837ae036369880a,delivered,2017-11-26 11:38:04,2017-11-26 11:54:58,2017-12-11 18:22:00,2017-12-14 19:59:41,2017-12-11 00:00:00
e43f88863d1cc9cff18d753d439d42e8,7171389ea6661b64e8c33ee5ad962922,delivered,2017-12-05 14:06:45,2017-12-05 14:41:22,2017-12-06 23:42:29,2017-12-15 20:48:58,2018-01-03 00:00:00
38d485884f62975be15670dea0fac3f6,77fbab2325e22fd41ca4ecb15714746d,delivered,2018-03-31 00:21:34,2018-03-31 01:00:11,2018-04-02 16:32:07,2018-04-16 21:41:44,2018-04-25 00:00:00
64544cb9a8e0aec0b80bf919d41b0c29,06edd9c4cdea63ce94873634698606db,delivered,2018-03-20 14:27:24,2018-03-21 14:27:41,2018-03-27 17:36:52,2018-03-28 19:14:52,2018-04-02 00:00:00
40033b000f77ddbb1a393253f60a955d,187b45a66162bd7103c3ac8eeb957fc8,delivered,2018-03-18 14:43:28,2018-03-20 03:10:41,2018-03-20 17:48:45,2018-03-27 18:34:33,2018-04-09 00:00:00
dbc94ce4ff22c2daba89640dacc43949,6119608bf8b3b9b4883efc15b3ad5b40,delivered,2018-04-20 20:24:56,2018-04-24 18:56:51,2018-04-23 19:38:20,2018-05-02 20:48:28,2018-05-09 00:00:00
e8964d37bd21c508021bea9025a8e4a0,1b05680a264c3a8ef32e8062cd965438,delivered,2018-07-20 11:41:17,2018-07-20 11:55:21,2018-07-20 15:59:00,2018-07-23 17:06:55,2018-08-08 00:00:00
78ee278a8625d5e2b84e5b9133ce217f,b012d25fcce48f11ed97a720fd067429,delivered,2018-04-30 16:50:16,2018-05-01 02:36:16,2018-05-02 15:02:00,2018-05-09 21:08:43,2018-05-17 00:00:00
e5882de2409ffb5a26782367e95b91ba,7d66a925cb032def39bd1476c0cfa518,unavailable,2017-06-30 13:26:22,2017-06-30 13:43:43,,,2017-08-08 00:00:00
68129c60d17ca69bb5fb45039751eb42,77a0964ee68f17b3626dce1a80fc54d5,delivered,2017-10-07 16:35:48,2017-10-07 16:49:36,2017-10-09 20:17:55,2017-10-24 20:52:23,2017-11-07 00:00:00
b22050106236d9b58750e8bc6418298b,81edbbaf61c94df705ad3330ea0fb7cd,delivered,2018-04-24 16:29:24,2018-04-24 19:10:31,2018-04-26 07:03:00,2018-05-07 22:03:51,2018-05-24 00:00:00
b43a195dd28616394e0209e0499adcb9,47166d26162214b0b8d361f2583cac81,delivered,2018-07-14 20:10:43,2018-07-17 04:32:06,2018-07-17 14:28:00,2018-07-24 21:26:40,2018-08-01 00:00:00
498d5619e926bbb085a837fb42842db6,d29aad7b71bac81447fbf7941cef2968,delivered,2017-05-31 14:46:58,2017-06-02 04:32:40,2017-06-02 10:31:40,2017-06-22 22:39:43,2017-07-05 00:00:00
9cf5e2afa7553fb777a59471a72cd2bc,11d25c17e5a4fc7c1fa5d93fd8864e69,delivered,2018-03-11 23:21:06,2018-03-13 04:10:51,2018-03-15 22:32:46,2018-03-31 17:36:48,2018-04-06 00:00:00
d27d8ff2b021f938c1638f8adbc2b3c1,53907316d49a89a9622e466cae140c5c,delivered,2018-08-20 19:04:40,2018-08-20 19:29:52,2018-08-21 07:23:00,2018-08-22 14:06:48,2018-08-23 00:00:00
f6e97f91d62582f47862f629306f4311,0ad9634a1ba9f9a346b6925bcdde7ae0,delivered,2017-09-14 11:07:32,2017-09-14 11:24:57,2017-09-15 19:55:43,2017-09-27 18:00:48,2017-10-04 00:00:00
a6b1a6e587eb5464b30a528f8631515f,bf72b85664d38b97e6e3a21b6eb02b7f,delivered,2018-06-14 14:10:22,2018-06-14 14:41:53,2018-06-15 13:59:00,2018-06-21 19:05:53,2018-07-18 00:00:00
2bafb039d56c1fc02e0aba4ef03e0008,02c14c4a48266b1cbb810a491954e97d,delivered,2018-06-12 13:15:06,2018-06-12 13:43:21,2018-06-13 14:16:00,2018-06-18 16:46:40,2018-07-11 00:00:00
dcb2902b7af9841bf7aa832c33f69f1b,ec5c23a85c01c4b2bf87caf6d38c8261,delivered,2017-11-08 15:53:15,2017-11-08 16:11:03,2017-11-09 23:34:54,2017-11-16 16:32:41,2017-12-04 00:00:00
8576600e6c8cf9ff884eaa76c8089eeb,cfde02285501dd3c859b36322fccdab4,delivered,2017-05-22 10:31:46,2017-05-22 10:42:54,2017-05-23 11:41:58,2017-05-26 08:44:46,2017-06-09 00:00:00
a748e3090451d03a5224b1f9b0b5054d,caa53a427c1b6df52cedd92e204a874d,delivered,2017-06-28 19:25:02,2017-06-28 19:35:17,2017-06-29 16:21:08,2017-07-03 17:12:06,2017-07-20 00:00:00
9e6491dcf30125187adc8a3b5b5a571b,689ebb659ed83d0b534412e001e24611,delivered,2017-10-30 23:03:46,2017-11-01 03:35:16,2017-11-01 19:32:22,2017-11-11 02:18:51,2017-11-21 00:00:00
0e4160cbbf3110c620fe17602e306360,81c739d81dc4914f5513bd4b313ec889,delivered,2017-05-06 09:56:19,2017-05-06 10:10:12,2017-05-08 11:44:12,2017-05-25 11:34:24,2017-06-08 00:00:00
5ae1672c9ca83961989aad88b01b6e1b,8e0f91b6706847cd0aea9d834d968c4e,delivered,2018-06-12 10:48:47,2018-06-13 02:37:32,2018-06-19 10:45:00,2018-06-28 19:36:47,2018-07-05 00:00:00
5ced629739c2b3247b4fcd4f0498c3bb,f1e536f71fb7f248fa9a25bbf15da79f,delivered,2018-04-20 18:41:27,2018-04-24 19:24:50,2018-04-24 17:18:00,2018-05-08 17:47:43,2018-06-04 00:00:00
6cdda2ce8bf249e40f1a4a75b9fdef0d,c61c2706e323bbe476650f01b4544be2,delivered,2018-08-20 17:50:11,2018-08-20 18:10:09,2018-08-21 12:05:00,2018-08-23 00:46:37,2018-08-23 00:00:00
a05efb55dba0d8c05abd335fa7ea3e8d,8f1b17cf881a26cf3a71c0e91abab13f,delivered,2018-02-26 09:55:25,2018-02-27 03:10:32,2018-03-06 19:09:36,2018-04-12 21:03:53,2018-03-21 00:00:00
cffaffa29cba49c69e3ec0dcb839ab16,352f63d61a5c828fb9ba41dac6beed8c,delivered,2017-08-24 08:08:32,2017-08-24 08:24:11,2017-08-24 13:53:48,2017-09-04 12:58:40,2017-09-18 00:00:00
3c8702d3b056de079d6cdd6ee1ffeb55,573eb2d54aa19396d7e2ebd1ec460726,unavailable,2017-02-22 12:31:15,2017-02-22 13:05:30,,,2017-03-21 00:00:00
88d7788f2c5eb4f76ca8186a46e03fd8,5415aadcb5a98a2a85dd8312b8b73885,delivered,2018-04-27 21:41:31,2018-04-28 02:35:11,2018-04-30 13:15:00,2018-05-11 22:22:46,2018-05-28 00:00:00
354b150e66abb1ccda029116d0550484,67ff232fabe29e1081733ba663d07e53,delivered,2017-06-01 12:05:45,2017-06-03 02:25:19,2017-06-05 14:31:45,2017-06-06 10:20:46,2017-06-14 00:00:00
f14111b697a9152a18836775aa24ddad,deb4fed7c4cda80c3624ed839502b047,delivered,2018-08-03 18:35:52,2018-08-04 18:30:10,2018-08-08 14:08:00,2018-08-13 18:14:19,2018-08-16 00:00:00
9e36f21498b2b9e43e2cf7c86fe7e07b,c9cc1e6be29a7fd597665aeb9bbef455,delivered,2017-11-25 18:08:31,2017-11-25 18:18:29,2017-11-27 20:19:06,2017-12-08 00:19:01,2017-12-27 00:00:00
4eb675b19f4c57f0c9da2af252155c7b,e9103c023409f32b75dcd70171423f1e,delivered,2018-05-06 18:56:03,2018-05-07 15:54:19,2018-05-08 14:12:00,2018-05-17 13:58:49,2018-06-06 00:00:00
9448533671e2c8e65a1bdedf43c778f4,eb443c6dafefb22480d9724b348ea97a,delivered,2018-03-23 15:30:07,2018-03-24 02:07:58,2018-03-29 22:18:46,2018-04-11 16:33:01,2018-04-20 00:00:00
c5a8ec0541df6eec6a1b4c5ce463f56b,4d4e3f6ef0e23f1225203732db0f3e22,delivered,2018-05-06 15:16:58,2018-05-08 04:33:43,2018-05-08 14:04:00,2018-05-15 21:04:58,2018-05-25 00:00:00
3503496573efea1975b7890f10679f9a,e150059980c5dec1705b169f2be39044,delivered,2018-06-14 16:09:03,2018-06-14 16:38:22,2018-06-15 13:27:00,2018-06-22 18:21:33,2018-07-11 00:00:00
aaf68eb5c1c10c9c1586dfe62bde2991,e0e963615f0a720d9af7aba91af934c0,delivered,2018-06-21 06:41:27,2018-06-21 06:58:01,2018-06-21 13:36:00,2018-06-26 23:33:13,2018-07-27 00:00:00
a4cab55a223b91d0013b1f7d634eff40,fd5e7c97c97973f64260f2ff182a1f46,delivered,2017-07-04 20:11:36,2017-07-05 17:39:44,2017-07-10 14:23:38,2017-07-19 20:32:39,2017-07-24 00:00:00
44dd8e3e7650c35a1973a42498626ded,f95848fbfa710dd05f1f05d048be3725,delivered,2018-07-13 15:08:43,2018-07-13 15:24:01,2018-07-13 14:36:00,2018-07-16 11:14:27,2018-07-23 00:00:00
2e8f1950a235848ca7b570eab9e7f34f,9c464748a0490b27157df14d1c633f75,delivered,2017-03-14 15:30:13,2017-03-14 15:30:13,2017-03-17 16:23:33,2017-04-06 13:14:16,2017-05-02 00:00:00
aa698ace16422e85edb8c567ab9a2bf5,d6c955e64a9ac30ab8b94db5911455f2,delivered,2018-05-10 11:07:46,2018-05-11 11:09:07,2018-05-14 14:49:00,2018-05-15 17:51:03,2018-06-01 00:00:00
f39c23bb826de695dcc005dbb467f7e2,ee5974ee702f618b5583ac421f5a8b03,delivered,2017-10-03 23:22:22,2017-10-05 02:49:39,2017-10-05 16:48:09,2017-10-10 17:34:33,2017-10-30 00:00:00
9f459414e341be7328c349d9ba80a125,c14447520507724f6599a91cc98d9be8,delivered,2018-07-29 18:52:30,2018-07-31 07:05:12,2018-07-31 15:18:00,2018-08-09 13:06:46,2018-08-31 00:00:00
76a894b20c04c139a61ed9a8bf6af12d,0e5873843f3f90302c4c3d513de50de0,delivered,2018-05-08 19:50:10,2018-05-08 20:35:08,2018-05-14 14:37:00,2018-05-17 21:08:41,2018-05-25 00:00:00
abfbbd144a437c6a51564ea668aab4b6,2519489d405209a56e9c18d2969c9ca3,delivered,2018-01-06 08:46:56,2018-01-09 07:22:22,2018-01-11 19:42:16,2018-01-16 12:58:50,2018-01-31 00:00:00
b9866b0dfe289f3a7f15e190b0283d34,f7c15adcfa7ba82a1312935bbd6ba264,delivered,2018-06-08 15:32:18,2018-06-08 19:31:05,2018-06-11 14:54:00,2018-06-19 15:18:52,2018-07-04 00:00:00
d077de666ab7b62a7aafd596bfd16deb,e86b6b19d5b7af381302a2cfbe4a4a0f,delivered,2018-07-07 10:25:06,2018-07-07 10:35:11,2018-07-12 14:43:00,2018-07-13 20:42:28,2018-07-20 00:00:00
7c7b50bf10378ca615ca44f0413bc73b,d9c0e160644b215d59eea7570f2e231c,delivered,2017-03-20 09:35:47,2017-03-20 09:35:47,2017-03-21 09:17:45,2017-03-27 17:14:18,2017-04-10 00:00:00
ddbd18a3c587a447c80279ce230170f8,d2f75c4d5966771ecd939c750b0a5be6,delivered,2018-01-23 16:03:24,2018-01-23 16:17:28,2018-01-24 23:03:26,2018-02-06 21:47:41,2018-02-23 00:00:00
d8d7542ef46c4b0c88f0f51efa97268a,065114e77027f9dbf435b4fa97af1c93,delivered,2018-01-25 21:51:21,2018-01-27 02:51:20,2018-01-29 22:09:26,2018-02-23 19:13:50,2018-02-19 00:00:00
7eb4ea83c254066ebd7ccc9cf6e243ec,4fd7abbc9a763b49e2aabd6bef779b59,delivered,2018-06-11 08:11:13,2018-06-11 08:31:41,2018-06-11 12:57:00,2018-06-18 19:25:03,2018-07-03 00:00:00
315b1cdcef0a2c289b9ff0afe751c75b,fba53798d5df8a99b4d6569bc9d62370,delivered,2018-07-13 13:23:17,2018-07-17 04:31:43,2018-07-17 14:13:00,2018-07-24 15:48:56,2018-08-07 00:00:00
a13036ea7c733f19fafffe1b96ad59de,d3a125c5554b4548ffbc91f077062599,delivered,2017-02-22 18:45:58,2017-02-22 18:55:16,2017-02-24 10:54:12,2017-03-10 02:37:40,2017-03-29 00:00:00
475e0dfe76ac445fc716ef9eca7a00bd,f8de827b79379e8ba3b7f0c8c363b085,delivered,2017-11-30 22:04:12,2017-12-01 10:31:15,2017-12-04 12:59:36,2017-12-06 18:30:10,2017-12-18 00:00:00
10f70d48b35870bdaaafca92fe51a573,09e96f4ee8ba811ccf2e32141870e3ce,delivered,2018-01-04 12:45:51,2018-01-04 12:55:54,2018-01-04 20:47:03,2018-01-05 15:20:20,2018-01-22 00:00:00
8dc4c4d71a331ed46a559ad3d77fe682,a0f35dd42765aa8d1dc95b80a08df77e,delivered,2017-08-31 09:56:53,2017-08-31 10:05:15,2017-10-05 18:24:17,2017-10-10 23:09:50,2017-09-21 00:00:00
7f9089a3fbe75385f39d5924c2928352,a32651c931981f0d158f31382ebe69aa,delivered,2017-11-26 18:33:35,2017-11-26 18:53:49,2017-11-29 15:33:13,2017-12-05 01:34:59,2017-12-29 00:00:00
667f0f4fcbbabc42c5cf7b38540b8108,d672f29adace7ba59776bbc7309e6ad3,delivered,2017-10-27 19:32:31,2017-10-27 19:47:15,2017-10-30 20:25:18,2017-11-03 17:49:35,2017-11-16 00:00:00
035201c3c82a97f8a25dd6bd5244b2d5,9facbfd2dd51a45404d58154b12ed2dd,delivered,2017-11-10 16:54:13,2017-11-14 04:31:07,2017-11-14 20:06:59,2017-11-21 23:26:35,2017-12-04 00:00:00
7889d1a822285ed5cfe03a062ba9ee07,f0da5631360e182742acffde390a1c15,delivered,2017-09-13 20:27:48,2017-09-13 20:44:12,2017-09-14 18:27:49,2017-09-19 19:38:09,2017-10-11 00:00:00
ec84e555ec0c06ea52e4cd6051f68802,7d0203db3e58631b2b611c169467acd0,delivered,2017-08-13 14:53:53,2017-08-13 15:05:18,2017-08-16 20:17:56,2017-08-24 21:46:06,2017-09-08 00:00:00
8a56969338e5970acc6a4e8d0e0c92a3,de7e52da448543076d3d234adf140a10,delivered,2018-08-02 12:07:30,2018-08-03 02:50:32,2018-08-03 13:48:00,2018-08-07 23:54:31,2018-08-10 00:00:00
dd24afdeaec4b19f1252b69021aa4ab8,b9bd73f728d683f7c204786409f411ca,delivered,2018-08-13 01:18:39,2018-08-13 01:30:16,2018-08-14 14:26:00,2018-08-16 15:41:44,2018-08-20 00:00:00
52ffca67c47f7bc4350f82b1d2c20dec,30b783882dd8572d3cf6a4ac7e605272,canceled,2017-11-26 18:42:08,,,,2017-12-20 00:00:00
9f33a39fe21aa7e49c58d5c16da393a0,6bbda3b9328f07ebded997016a198c4c,delivered,2017-04-02 18:36:20,2017-04-02 18:45:21,2017-04-03 13:47:32,2017-04-07 14:33:06,2017-04-27 00:00:00
c559ef7939489ab0ce5419d36a23938d,05dd9d54d4ad7fcea2db0393e5f6c6d6,delivered,2017-10-08 11:06:54,2017-10-08 11:14:12,2017-10-10 17:30:17,2017-10-23 22:11:46,2017-11-03 00:00:00
293f1f31a342e210ff008a393e2955bd,209beaa8ad584bf64b28ddc0d66fd7b0,delivered,2018-04-27 15:50:56,2018-04-27 16:11:01,2018-05-03 14:16:00,2018-05-07 19:19:11,2018-05-18 00:00:00
8277c9870ca20fd07d7d1a77992dc20d,7a39cda163dbcda9f639cc2902adc6d0,delivered,2017-11-30 10:34:35,2017-12-02 10:32:29,2017-12-05 14:16:53,2017-12-13 20:26:21,2017-12-26 00:00:00
3d260147da4c422ec7b613fcb54c8fc9,2f45bd61e8942c6d466f85cbd906b566,delivered,2017-11-30 09:55:02,2017-12-02 02:39:20,2017-12-08 18:19:07,2017-12-29 15:52:14,2017-12-22 00:00:00
95cae9dd806a2b045a98c5f253c74d0d,10c2ef0e5a6a9b2d28d70b65b5063bf3,delivered,2018-01-19 20:55:31,2018-01-19 21:09:43,2018-01-29 19:13:32,2018-02-03 15:06:57,2018-02-23 00:00:00
9bc3c553892cef890732e8688293dc9d,e0f0e573de9eed01f4dbde5f9323c48b,delivered,2017-09-23 10:33:21,2017-09-23 10:45:39,2017-09-26 17:30:05,2017-10-01 12:09:52,2017-10-23 00:00:00
c635b7e8fb0f2db9ddb1481111af5996,91007e89826460cdcba05e2201ba13bc,delivered,2018-02-07 22:06:31,2018-02-07 23:09:53,2018-02-08 22:32:34,2018-02-11 14:58:35,2018-02-23 00:00:00
8a6871df7fc00fc959c5bcfc7160bb29,9f8fe5fc454a0b34d309a057800ee44a,delivered,2017-08-24 22:52:15,2017-08-25 02:55:30,2017-08-29 16:29:09,2017-08-30 16:57:49,2017-09-06 00:00:00
a5cc7c162aead44119ea3820390514ef,b09552e885513da6a1097eda73c1e433,delivered,2017-06-14 14:43:13,2017-06-15 02:55:15,2017-06-16 08:46:31,2017-06-22 14:41:28,2017-07-07 00:00:00
91a333766463bf60b5dcb78750da0f51,f45c4ec1717ebf7327a3d7b5c9b04201,delivered,2017-12-29 17:36:16,2017-12-29 18:31:19,2018-01-02 19:13:45,2018-01-04 22:36:27,2018-01-24 00:00:00
b85f9848a67767d36a4c39d1237b471a,ae4ae3a9b1fc1118d3b7713846af7ce1,delivered,2018-03-30 16:20:22,2018-03-31 16:15:18,2018-04-03 22:59:37,2018-04-10 23:58:57,2018-05-04 00:00:00
170f94ae030b06759974c36f29faf658,d79d1e2655c0b0f8b345f0a384414e2e,delivered,2017-02-13 22:31:35,2017-02-13 22:43:08,2017-02-24 15:29:26,2017-03-09 13:52:36,2017-03-23 00:00:00
937f5e59b0d9e52742045419a31f2000,862c73c7b3989c2ceb05f091745a16ca,delivered,2018-02-23 22:51:45,2018-02-26 16:15:35,2018-02-28 16:25:42,2018-03-13 22:17:21,2018-03-20 00:00:00
40bd7d4e6219af90438292c55c87c61a,bc29c3658c31ccba69cbcc370e11e8e2,delivered,2018-05-09 11:31:26,2018-05-09 11:51:44,2018-05-10 10:25:00,2018-05-11 23:28:52,2018-05-17 00:00:00
d267a0d1ecdf659649c7b136c5540c4d,441d3a85c8c869e16785ebc90287b4c1,delivered,2018-03-22 10:55:52,2018-03-22 11:09:26,2018-03-23 20:12:34,2018-04-03 18:16:57,2018-04-16 00:00:00
7368e14d8b9e7b886e433697b89e937c,50e4a36718eb14d411ea14069da5ced9,delivered,2018-02-15 11:26:55,2018-02-15 11:35:33,2018-02-16 14:16:51,2018-02-26 21:10:23,2018-03-14 00:00:00
db92c37a984bfe99f6cc7cda7839c86b,0af4e8ff1f457449b9586c1ffc45ccc1,delivered,2017-11-24 12:56:16,2017-11-24 15:13:50,2017-11-28 21:36:58,2017-12-13 16:28:42,2017-12-14 00:00:00
5c0f36da2753c3794d51c7be947e5843,7fc1aee92f41c50a308472ea5053eb53,delivered,2018-01-16 15:54:37,2018-01-17 03:38:52,2018-01-17 21:21:13,2018-01-26 16:33:04,2018-02-20 00:00:00
6adf9dc8f61973b774685e0a029ea267,a05aa53174f5a1acddbbe75a8bd52779,delivered,2018-03-13 13:11:48,2018-03-13 14:28:28,2018-03-15 01:57:20,2018-03-15 18:51:46,2018-04-13 00:00:00
d5bcb8f80071a67b57f191f45f7faf88,bfcc9aef1f24975cce422915f48b0b56,delivered,2017-03-13 11:03:49,2017-03-13 11:03:49,2017-03-14 09:41:09,2017-04-05 13:21:48,2017-04-03 00:00:00
a2c95702477a50387ec1b32968bd9d40,cff355d1c3f578e5c0fcf31eef4a06a1,delivered,2018-06-23 07:41:49,2018-06-23 07:55:08,2018-06-26 09:07:00,2018-07-06 06:34:29,2018-07-25 00:00:00
63e34693b60c3efb27b9cb1f3c61f9dd,20559261cf336c518ff02088ed84ee32,delivered,2018-06-15 16:21:18,2018-06-19 12:58:29,2018-06-20 15:40:00,2018-06-23 16:04:14,2018-07-20 00:00:00
1a09e3dca700e579fb61f7ea9c1727bf,80ac4563a46bbafa45b2f06c10663a97,delivered,2017-11-19 21:17:05,2017-11-19 21:30:29,2017-11-22 13:43:02,2017-12-05 16:18:48,2017-12-07 00:00:00
0081ab2c99dc85945c28926b77dc6960,410b01953ef40c9962bb6dc6578c7ff1,delivered,2018-02-14 22:19:37,2018-02-16 14:29:52,2018-02-17 00:39:11,2018-02-19 18:49:01,2018-03-01 00:00:00
a3fe72e4a708a8e7c2d2b686d3a457ac,2f6644e65ff6a076a99865af4c7201e8,delivered,2018-01-07 17:33:13,2018-01-07 17:46:57,2018-01-09 22:56:47,2018-01-10 19:28:40,2018-01-24 00:00:00
c85fa73d7bb8dceabf8a05ce9545c896,58428a47d1b965403ce77c10baeef5a9,delivered,2018-03-01 12:56:26,2018-03-02 02:15:55,2018-03-02 19:52:09,2018-03-21 15:42:53,2018-03-27 00:00:00
6b3270783bb9ee52008e72fcba18b617,f891f67e5702321817c3ad44f4f14077,delivered,2017-12-26 21:50:28,2017-12-26 21:57:19,2017-12-27 17:13:34,2018-01-04 16:38:44,2018-01-29 00:00:00
691ce30a6856b8f3e9b25557c238c196,8c4d8a373eea6f357c47d8ce57a82b43,delivered,2018-01-12 13:13:40,2018-01-12 13:28:42,2018-01-13 01:19:32,2018-01-31 18:23:01,2018-02-14 00:00:00
128e25daad5ed194273bd283c67d0539,fc4c40b6cf427547806e1f7b248c1e5b,delivered,2018-04-03 13:15:11,2018-04-03 13:30:21,2018-04-05 20:24:41,2018-04-07 19:03:58,2018-04-16 00:00:00
01a1969ee54e7016bcc0cfeb4fa8c634,b9b38aee92229fb6ba88fbec878f1743,delivered,2018-04-12 20:32:09,2018-04-12 20:49:07,2018-04-24 02:19:01,2018-05-04 19:06:55,2018-05-21 00:00:00
08fec9b7a19902c2485f6f104e547f52,5c1c8769cc8b6dbcc64964d7aceaff5b,delivered,2017-12-06 02:23:38,2017-12-06 02:35:33,2017-12-11 22:38:44,2017-12-14 17:04:47,2017-12-22 00:00:00
92b44b87f1f7670b8911c5f0e642435e,e561a3f61440b031d3be286a696d06eb,delivered,2016-10-05 11:08:46,2016-10-06 07:45:47,2016-10-10 07:45:48,2016-10-13 07:45:48,2016-11-25 00:00:00
79b63d1f9cf0257b33b04fbfb0847cba,b755c5f04fe5e214d68445fb210d512a,delivered,2018-03-25 21:30:24,2018-03-25 21:48:33,2018-03-26 21:06:12,2018-03-28 00:04:31,2018-04-06 00:00:00
bb1bb5824c663f60229758ef7bfc26f4,3b1787e218ba00444ab1241b033cee16,delivered,2017-11-22 14:42:31,2017-11-22 14:53:53,2017-11-23 18:52:03,2017-12-29 23:27:12,2017-12-11 00:00:00
8590982c89fc97812ea0519d17b3eb7e,d4949cca883001cb0f2ff50f30a58c00,delivered,2018-05-09 18:43:22,2018-05-09 18:55:16,2018-05-11 15:41:00,2018-05-15 02:03:47,2018-05-17 00:00:00
a52c52c656d3b3ef3ec72fcdc13c714f,e6775a7638f68355e3cf369f3e1e11f0,delivered,2018-04-20 07:59:18,2018-04-24 17:08:47,2018-04-23 18:51:59,2018-05-02 14:03:14,2018-05-18 00:00:00
9de639fbe29fc86910cece0466b7b2d0,fd492015a21c195587e9c376cb9e9429,delivered,2018-03-17 18:42:19,2018-03-20 03:50:32,2018-03-20 18:22:05,2018-03-27 20:38:39,2018-04-12 00:00:00
393654d81daf611630ac2068a7c9b12b,00330644cccc5db0276fa836976306fe,delivered,2017-10-30 17:48:07,2017-10-30 19:31:44,2017-10-31 18:37:26,2017-11-06 21:36:49,2017-11-14 00:00:00
5e7ac1d3afa3583411b284bebd5dcdcb,d503771c01369a24b04e6151ca9882cc,delivered,2017-07-25 09:30:19,2017-07-25 09:45:14,2017-07-26 14:34:06,2017-08-15 17:42:19,2017-08-22 00:00:00
2f2a857f1d838454c26f5fb0fc4356ba,9faeb0174ded39b59af32f83fd29ea08,delivered,2018-05-21 16:02:35,2018-05-21 17:19:11,2018-05-22 12:00:00,2018-06-09 00:48:43,2018-06-12 00:00:00
641e972f60486aa3ed5bc9d4f2fa1476,794b23cc669e1a76c2e5c363430bda00,delivered,2017-04-04 12:48:52,2017-04-04 13:10:56,2017-04-05 13:32:42,2017-04-10 07:45:48,2017-05-11 00:00:00
26261556487a03e52339403486ef134d,3926f22b694788137fdaa35bee5992d8,delivered,2017-08-10 22:43:08,2017-08-10 22:55:19,2017-08-11 17:37:46,2017-08-14 19:33:19,2017-08-23 00:00:00
7a53fed7f9006ef9325efa365e6a1992,dc66ab9389433904b412c0f0b4e14363,delivered,2018-06-10 14:03:38,2018-06-11 14:17:34,2018-06-12 14:20:00,2018-08-09 19:40:47,2018-07-13 00:00:00
7e232ee2936aa0eb7a2092603d163c03,6b0193831bbff00334b02903472f6c84,delivered,2018-04-04 13:00:59,2018-04-04 13:10:19,2018-04-05 19:21:37,2018-04-18 02:18:30,2018-04-25 00:00:00
5cc8d2d4900766e85e9da79bfc01c5b3,c8f77d34acba8c7216cb4fd07db8e3c2,delivered,2017-12-15 08:52:33,2017-12-16 02:36:38,2017-12-18 16:04:34,2018-01-03 19:40:01,2018-01-12 00:00:00
367085f34fdfc417d0087dfeab08ad73,f7fa34d348d801e384b8372b7877bef3,delivered,2017-09-17 18:24:36,2017-09-17 18:35:25,2017-09-19 20:33:06,2017-11-20 17:54:27,2017-10-16 00:00:00
058c8f9e226f52cd43f44b0aaa72a395,2719de14d13a9835b0ec43698abda75a,delivered,2018-01-18 11:38:05,2018-01-18 11:55:05,2018-01-18 21:42:17,2018-02-02 21:42:19,2018-02-20 00:00:00
59229a140708a54d8e3a52865dd924eb,27828d691a25b1a79e058d187694b1d4,delivered,2017-05-26 10:38:35,2017-05-26 10:55:08,2017-05-30 14:33:31,2017-05-31 09:04:25,2017-06-08 00:00:00
1a35a638a0ccea24d66ae229e2d5d9d8,d059e9991c9f1a5dd61a7685ef03e5d2,delivered,2017-11-14 21:54:25,2017-11-14 22:15:59,2017-11-17 21:19:06,2017-11-18 14:09:38,2017-11-28 00:00:00
ec1ddc5ed60d1e3c7a4e0635c316aed3,aaf5e78f089c2839879586a479447347,delivered,2018-08-08 11:27:26,2018-08-08 11:45:22,2018-08-10 13:49:00,2018-08-14 14:18:51,2018-08-14 00:00:00
be6a7fe72fe67600cceb9213855d6551,2d526742d60a98a21a1eeeb458664ece,delivered,2018-08-06 11:53:45,2018-08-07 04:35:14,2018-08-14 15:35:00,2018-08-17 01:48:29,2018-08-16 00:00:00
5000591796ae43a6d7638ee69e51ac6e,d08e3e3cbb6022d92125e7fee21d8d26,delivered,2017-03-02 14:06:01,2017-03-08 09:15:19,2017-03-10 09:15:17,2017-03-14 11:22:07,2017-03-21 00:00:00
34a85515e648322e7dc31efc6da5ff02,1bbc72422f5a5a38eabbabc9ca22068b,delivered,2018-07-19 12:57:13,2018-07-19 13:10:25,2018-07-20 12:59:00,2018-07-23 19:26:33,2018-08-20 00:00:00
a7f40c756eea5c4a37cc8f459df6b8ad,62706c69dffb58ed1f0837001386a5bc,delivered,2017-03-27 23:22:29,2017-03-29 02:10:55,2017-03-30 13:05:37,2017-04-13 14:08:41,2017-04-19 00:00:00
bc5aa9543fab4ee1e790effd19f56e00,9ff5c4e4319f406b94960a3561b49f56,delivered,2018-03-21 00:31:53,2018-03-21 09:48:15,2018-03-27 16:44:43,2018-04-02 18:16:41,2018-04-09 00:00:00
e91e4fa5f881fa870e71c30c2c1921d5,5f52141aca781f06028905d68b4a60d6,delivered,2017-12-27 11:59:15,2017-12-28 02:33:38,2018-01-02 18:51:34,2018-01-16 21:59:14,2018-01-31 00:00:00
7cd5af34e77c36b52c7af3c605135722,9c04affb4fee322c0c9e5675f21d2349,shipped,2017-06-12 11:47:05,2017-06-12 13:06:44,2017-06-21 16:05:56,,2017-07-05 00:00:00
17e880ea1c52e7b2c6ac7485147bc060,751afe39178177f80c8df554fed9f53a,delivered,2017-11-17 19:49:02,2017-11-17 21:10:22,2017-11-21 17:38:03,2017-11-27 14:27:27,2017-12-06 00:00:00
4e3439f5dfa664c3a1dd0154a524f7cb,d419776edf19bf4f7f2498b72d0c40fc,delivered,2018-04-18 12:57:23,2018-04-18 13:10:41,2018-04-19 22:18:30,2018-05-04 12:40:54,2018-05-21 00:00:00
50b564817ab0fefea06f362f54944b80,7a12116d8d7ff3f585e08a53a1b5b82a,delivered,2018-01-13 17:54:05,2018-01-16 07:49:54,2018-01-18 22:09:11,2018-02-08 14:53:41,2018-02-15 00:00:00
9a142fefa71ded6bdc21817299f5ab7c,7dcd626576af9555424051dbdb01cb5a,delivered,2018-06-11 16:10:21,2018-06-11 16:42:38,2018-06-12 12:28:00,2018-06-22 14:41:38,2018-07-24 00:00:00
beb19a07c97b17bc12756b493b5d59c0,8bda75001e36212e1c47bf35942ceafe,delivered,2018-01-17 14:35:31,2018-01-17 14:50:53,2018-01-18 17:13:07,2018-02-09 19:48:57,2018-02-09 00:00:00
1fbf8f4fb186a87e85db3cf5ad3a0354,c9a94a45d18593ebe8f50d08cce39e2e,delivered,2017-07-23 18:18:36,2017-07-23 18:30:17,2017-07-26 04:41:54,2017-08-03 16:52:12,2017-08-23 00:00:00
2df3629aa299e4d981055ac3f6be5817,d60f4a3046f0f5a081711930422bd04f,delivered,2018-08-07 19:13:29,2018-08-08 03:25:14,2018-08-10 19:52:00,2018-08-15 01:16:33,2018-08-14 00:00:00
cf93d49a9e8e671eb28c9eab24cf0f39,1e227bc74e5e01cfb039ca61a8a09ff2,delivered,2017-11-07 14:39:42,2017-11-07 14:51:07,2017-11-08 17:58:47,2017-11-09 20:17:47,2017-11-21 00:00:00
a8d8d5a9d86caae99bb5bb7b7dadaf00,f0ec95ed700893b211430d1348f6846d,delivered,2017-12-28 18:21:09,2017-12-28 18:32:28,2018-01-02 18:23:00,2018-01-08 20:43:02,2018-02-02 00:00:00
f1207703399dcd13cbc13b7011137053,14a023567349f7ae51d411ae95adbf09,delivered,2018-02-16 14:07:10,2018-02-16 14:27:06,2018-02-19 18:48:35,2018-02-20 19:53:27,2018-03-02 00:00:00
780a9cc080b68de71009118d45602439,2f708cc333cb0a71ba1a78b609e5a16e,delivered,2018-06-12 21:32:28,2018-06-12 22:01:44,2018-06-13 14:52:00,2018-06-18 22:44:47,2018-07-12 00:00:00
e653b4a7f0bb2a7ccb47b3d4385a6535,6cba5b40e48cd5ec625b9a419fbde209,delivered,2018-01-16 10:00:04,2018-01-16 10:10:55,2018-01-18 15:18:00,2018-01-22 16:58:18,2018-02-06 00:00:00
87ddbca935f5971922d9f64a5b8a250f,ed95063b9ba736f79c4e051b88eff535,delivered,2018-07-25 14:56:28,2018-07-25 15:05:12,2018-07-26 11:55:00,2018-07-30 23:17:29,2018-08-08 00:00:00
ee09e937cddd9928e172000410e19c57,5c9869e5a7e9466ac06d1841fc7e73a1,delivered,2018-03-18 13:45:54,2018-03-18 14:08:42,2018-03-20 22:00:12,2018-04-04 14:12:50,2018-04-13 00:00:00
27bbbf29930f786db682f681aa56219e,ad587c8d6f7e1ba99d2cd8215682a0a9,delivered,2017-08-15 20:13:06,2017-08-16 20:55:16,2017-08-18 22:55:34,2017-08-28 18:55:48,2017-09-13 00:00:00
380200769633ed3a7d3e25141cb84fb3,1f6f75a138bb20fccae08300b42288ed,delivered,2018-06-09 12:27:08,2018-06-09 12:58:39,2018-06-12 12:38:00,2018-06-18 22:52:04,2018-07-25 00:00:00
58b2b537d85cec193ae2780cccb526a4,cf4ce219ea3ba8dfe2b2b173c8f5d68f,delivered,2018-03-17 19:48:19,2018-03-17 20:08:40,2018-03-19 20:22:33,2018-03-28 15:44:34,2018-04-05 00:00:00
eb3e838f029e2dd36256fecaeb49b999,8647c80fc524435e980220571a07fda1,delivered,2018-05-05 15:26:52,2018-05-08 04:34:30,2018-05-08 15:28:00,2018-05-09 22:13:38,2018-05-18 00:00:00
2d81bdadfeec8758a122c3b09a4a71cf,26e9e703719564f56b66f0addf051094,delivered,2018-04-23 13:54:51,2018-04-24 18:23:54,2018-04-25 14:01:00,2018-05-03 19:12:15,2018-05-11 00:00:00
b0fc31a7c51a6ab32e3d9c79a9e88432,d1628010d9f143ab44003d3434328114,delivered,2018-08-08 22:32:23,2018-08-08 22:44:55,2018-08-13 15:33:00,2018-08-14 23:21:01,2018-08-20 00:00:00
7ecc158162cf00a802fedcb0577573cf,0a69fc827f07f7d333a26d63530bbb5d,delivered,2017-11-17 19:42:08,2017-11-17 20:15:42,2017-11-21 03:02:25,2017-11-29 17:27:14,2017-12-12 00:00:00
4c5c035bb0cad9e1d11415f3d74d6751,ad02ea72fea6c2bd4706e9a36ea06517,delivered,2018-02-06 21:37:07,2018-02-06 21:50:49,2018-02-08 21:54:53,2018-02-14 20:34:13,2018-02-22 00:00:00
6502a176dd01586d88a9fe09d820b484,5260f00cc0f094d2e1012dec369ee399,delivered,2017-05-18 13:08:58,2017-05-19 07:42:45,2017-05-24 10:28:36,2017-05-30 04:14:05,2017-06-07 00:00:00
9771ffb6db813111ffcd3fd1d7047236,dae281fe282405757d491f430d796b30,delivered,2017-08-21 15:13:36,2017-08-21 15:27:14,2017-08-23 15:33:43,2017-08-31 22:12:01,2017-09-19 00:00:00
106bf10ecc74f90c8848d0f613288a15,7f8feff355565582f36a0a3848231245,delivered,2017-09-14 21:21:35,2017-09-14 21:30:14,2017-09-21 17:22:14,2017-09-29 18:43:31,2017-10-17 00:00:00
543e16341e28ed8a88ab9c1f77e48b07,daf74012e80df98bd7589a26389a44e7,delivered,2018-03-05 14:27:58,2018-03-05 15:00:21,2018-03-05 23:53:23,2018-03-16 22:03:42,2018-03-21 00:00:00
6af6633de36925111b10a688783d004b,4abc77ac123a4bcdbe6907171470a2ab,delivered,2017-10-28 16:27:50,2017-10-28 17:21:35,2017-10-30 19:34:11,2017-11-13 16:44:28,2017-11-29 00:00:00
c62dc502431fbf54699cf00a9e938688,db65d3d5913f8dd4a22f2b1869a09f91,delivered,2018-07-11 00:17:44,2018-07-11 00:25:52,2018-07-11 12:42:00,2018-07-13 17:08:41,2018-07-26 00:00:00
ccf1e12f1c435066f481bacfe011cfbd,4a3be90ecb8541317983a22f6c863888,delivered,2017-05-11 00:16:59,2017-05-11 01:25:08,2017-05-12 12:03:37,2017-05-19 13:59:43,2017-05-29 00:00:00
5bf6c9724af62e7a1e32bd52dcbd1e56,0fc5252f42af0436ca7b3283c985a9a9,delivered,2018-03-10 16:11:55,2018-03-13 04:08:18,2018-03-15 01:20:37,2018-03-27 19:07:29,2018-04-11 00:00:00
434f170d048d285d4841d3fa653a4507,50e3114b98cadb043f6fa08d104f3433,delivered,2018-07-06 14:58:40,2018-07-06 15:11:20,2018-07-11 12:51:00,2018-07-19 22:28:40,2018-08-07 00:00:00
3c8e77237d5bc008798253d8705581a2,e7df26186f3d9f607e59f950c80dd3aa,delivered,2018-02-08 16:00:47,2018-02-08 17:05:14,2018-02-14 21:42:20,2018-03-06 22:27:54,2018-02-22 00:00:00
9d22a4e7760c64525433b46cd0cefe47,4d4a12e19ab6c01f7d53ad154665df7b,delivered,2018-04-22 13:28:45,2018-04-25 03:30:19,2018-04-25 08:13:00,2018-05-24 20:29:41,2018-05-15 00:00:00
93042fe5b79e4daa53ad9d1b34bd6c15,d30eeb00f2d7a934a10d266391fa54f7,delivered,2018-07-09 22:31:06,2018-07-09 22:45:12,2018-07-10 15:30:00,2018-07-12 23:51:43,2018-07-19 00:00:00
ca45a839acb03f8e8b45dcc0a6d1c0c8,413bfa6deac262b57bddf57b4d323d53,delivered,2017-12-18 17:59:45,2017-12-18 19:16:32,2017-12-19 22:32:58,2017-12-27 00:09:33,2018-01-11 00:00:00
df61cd26aece2f40eb66883de3a81e1f,266eb06cce9ce2788821b99fbf3b0420,delivered,2018-01-05 21:43:47,2018-01-05 21:54:19,2018-01-09 17:48:31,2018-02-20 20:25:03,2018-02-07 00:00:00
6405d2591428fc711391ea2349294706,9bd2838fe1595ef6511b3db5b3617b02,delivered,2018-06-02 11:06:29,2018-06-02 11:31:15,2018-06-04 14:40:00,2018-06-06 21:52:02,2018-06-28 00:00:00
e1f91cf220920b4e904a151bf35c10a4,704af52ae3158a3a1cbdf19b4a75eb6f,delivered,2017-11-11 11:02:11,2017-11-14 03:55:31,2017-11-22 01:04:46,2017-11-30 11:25:50,2017-12-11 00:00:00
31b91033dcb0502e616f40ced16dccc6,72ec1bb6ed4621056c6774c4c385640b,unavailable,2017-07-17 09:38:11,2017-07-18 06:04:10,,,2017-08-21 00:00:00
3d037089d7e5c79581fdc67f54191a25,e91869020bc43dc7a80712e26d583f76,delivered,2018-01-30 21:21:09,2018-01-30 21:35:31,2018-02-01 01:41:37,2018-02-26 23:57:15,2018-03-06 00:00:00
c206348085f589eaf3bcd60a005bb15c,5427c155641d32fec69e0371437a4ee8,delivered,2018-02-23 14:15:53,2018-02-27 04:31:24,2018-02-27 22:09:30,2018-04-10 19:41:13,2018-03-15 00:00:00
29013a776f4baa9f0bfb378214a78da7,d16f22d8e6f07b3a1642fc9aa3b2721f,delivered,2018-05-16 13:55:12,2018-05-16 14:55:33,2018-05-16 15:33:00,2018-05-22 21:56:22,2018-06-08 00:00:00
8764a51bae349203d355fdb26ab44ba3,26ceb3e4f75365667dfb60ff2dda29c4,delivered,2018-01-18 10:51:25,2018-01-18 11:11:10,2018-01-31 14:32:21,2018-02-06 20:43:14,2018-02-20 00:00:00
d73917ec36e8910a0bcaae1bd54ee0d4,e1eb3d9c0ecf421896843e9a5eddd1d1,delivered,2018-04-15 19:23:38,2018-04-16 13:31:46,2018-04-24 00:48:48,2018-04-30 20:58:43,2018-05-03 00:00:00
ff2debba53c9c8185f517f7b3a936aed,afc0b8421b7937d99de731ac9df6373e,delivered,2017-05-08 21:26:39,2017-05-08 21:35:14,2017-05-09 12:44:37,2017-05-22 10:22:50,2017-06-08 00:00:00
1be187af7e77d6ee0671be02c229b679,8d1b923f85a34afac5bd669d50417602,delivered,2018-05-30 10:12:07,2018-05-30 10:30:18,2018-06-01 12:54:00,2018-06-14 20:46:56,2018-07-12 00:00:00
cbec458163d85abfb23e8838fd9196e6,2d7be79ec7cff20da0a7d793741b5f20,delivered,2018-04-22 22:52:39,2018-04-24 18:32:50,2018-04-23 19:16:42,2018-04-27 20:52:02,2018-05-17 00:00:00
55aa287c6ca17e8c3262b9ef1e12fac6,a75995b94cb29447b37cf28ba33f36a7,unavailable,2017-03-04 12:15:08,2017-03-05 13:05:35,,,2017-03-27 00:00:00
a301bbda1ee21ef8cd44542a96ebc42b,956315c42ba4d48828bda0aa5234b6bb,delivered,2018-01-23 11:04:39,2018-01-23 11:15:20,2018-01-23 21:45:15,2018-01-26 14:19:06,2018-02-20 00:00:00
bea175d990526fa16d7d6d5ea071d065,e8687cb9888338ecc8e7af79fbcbd16f,delivered,2017-06-04 21:03:25,2017-06-04 21:15:21,2017-06-05 15:54:17,2017-06-19 20:47:46,2017-07-11 00:00:00
bca58807bbe0c11fa3099e2328f62647,ded450170efe5531454485ca13120aca,delivered,2017-02-10 13:17:53,2017-02-10 13:30:20,2017-02-14 17:12:18,2017-03-09 19:46:01,2017-03-24 00:00:00
c0a15de26f8add28b3ebed18a13e6831,07bd9534169742a405ad5ebb453fe651,delivered,2017-11-25 00:43:00,2017-11-25 03:51:42,2017-11-29 23:20:18,2017-12-06 14:19:48,2017-12-15 00:00:00
34713a7c57fc2cc3f40a0ed057046b70,bc0dea402af6cd7df719ce27f6783303,delivered,2017-11-10 13:17:00,2017-11-10 13:31:11,2017-11-16 17:07:24,2017-11-23 22:28:43,2017-12-05 00:00:00
8a5f32ecf64f7184eaf136788c11f13a,04b7d26bde4f2d2fee0043ef81e664b1,delivered,2017-04-10 13:53:43,2017-04-10 14:05:14,2017-04-11 08:36:07,2017-04-17 15:38:13,2017-05-04 00:00:00
e9e6bfa908df3cf8873ff387a5c63561,74098bc25189a72fe2fdb1c408bf74fa,delivered,2018-06-10 08:00:53,2018-06-10 10:30:42,2018-06-11 14:40:00,2018-06-14 15:49:03,2018-06-29 00:00:00
9003cc0e30b2b21adb912a390fe9bb68,d6243b98d81e3ac0330d5aeca2b78b5d,delivered,2017-05-16 09:38:45,2017-05-18 02:30:48,2017-05-19 07:36:43,2017-05-29 11:22:11,2017-06-05 00:00:00
b71ae2d7677a2cb21e4d19ac1141e7b3,f8973afdc844e2b56c90aa9a714d6956,delivered,2018-04-02 16:09:38,2018-04-02 16:31:01,2018-04-04 14:12:18,2018-04-17 23:08:45,2018-04-23 00:00:00
a9263deb65aa2311eebaafc5305d9ecc,4df14a3e8dfcdb84d0f23221ab98ec61,delivered,2017-07-31 20:48:12,2017-07-31 21:10:21,2017-08-02 15:13:18,2017-08-07 20:12:09,2017-08-24 00:00:00
8f7176f38b6ac3f5e924b9b05716440c,4f0b5b05dd181055bb1fa47d9290cb60,delivered,2017-09-02 15:59:48,2017-09-02 16:15:20,2017-09-04 22:03:05,2017-09-14 17:08:01,2017-09-29 00:00:00
04749a8c0b72cda9ebbd79d27a0d1e40,9e911087ac4b6bab9a8581e5df86a779,delivered,2018-07-23 15:10:48,2018-07-23 16:05:01,2018-07-26 15:12:00,2018-08-07 11:22:13,2018-08-16 00:00:00
14ed10674adcf55aeb8ff2f20c66006e,a36b9699278f1b6a6dbdcbf92bb46290,delivered,2018-03-25 13:30:46,2018-03-25 13:50:28,2018-03-28 20:52:13,2018-04-03 14:42:11,2018-04-23 00:00:00
201411b269cdeb9193946f3f26e2c0db,28fefd959e5e896d3756beeb69a3cbb0,delivered,2018-05-05 20:50:26,2018-05-05 21:10:27,2018-05-08 14:32:00,2018-05-09 22:14:39,2018-05-17 00:00:00
bca42f7a909e7ef1946eee14699f6e87,8ddf912b23b9bcb9b594c466da876a89,delivered,2018-08-13 15:43:47,2018-08-13 15:55:22,2018-08-15 14:18:00,2018-08-21 20:58:35,2018-08-29 00:00:00
584bd08b6d0a61391b57b2ac26416887,367788607e250367f43183f3500e33b6,delivered,2017-08-03 13:20:28,2017-08-04 02:25:28,2017-08-04 18:43:41,2017-08-05 16:28:45,2017-08-16 00:00:00
a5538348a48a05d585b5f6e40ba5205b,bbe8bc10a5dd9c9e796bd7de5effd09e,delivered,2017-04-05 21:48:29,2017-04-05 22:02:39,2017-04-10 14:34:44,2017-04-19 18:50:10,2017-05-02 00:00:00
c312c453f248b2bd69d3e18e2112214e,7a8a10e8ec473360ccb95041ec69365d,delivered,2018-02-19 20:59:56,2018-02-19 22:07:09,2018-02-22 03:36:44,2018-02-28 20:26:55,2018-03-19 00:00:00
053245dc8f6f668c40923c3aedcd384e,3e7ff5820808a8d4664e1e2514ce32c0,shipped,2017-06-06 19:09:17,2017-06-06 19:22:30,2017-06-20 15:32:01,,2017-07-17 00:00:00
2d3518f1b535de87ccf593d3892022af,60be07ae31950ebb5bb4c2202837abc9,delivered,2018-03-01 10:21:56,2018-03-01 10:35:34,2018-03-02 01:24:53,2018-03-07 20:38:40,2018-03-26 00:00:00
c504b1d68ad8d98a627dadca7ca53673,32734d8ce19dd70c65a8aa63c4e080e9,delivered,2017-01-22 18:30:51,2017-01-25 02:45:17,2017-01-27 14:21:28,2017-02-01 11:47:31,2017-03-02 00:00:00
724a9c4449f1ff54ffe60064715811e1,a930db442620eab13cf505320a075e5a,delivered,2018-05-02 12:24:55,2018-05-02 12:35:21,2018-05-03 12:03:00,2018-05-04 17:57:02,2018-05-15 00:00:00
03183d4abec30f2231280b2746c66d06,531fa8af6b64d371b38b44930ae774c2,delivered,2018-02-21 15:14:58,2018-02-21 15:30:22,2018-02-24 19:37:49,2018-03-01 20:33:32,2018-03-14 00:00:00
abfcea2fcceafacc40dd9edf35aa1f5d,cbfa8d4b6563cb9f871f7f5412ebf9d9,delivered,2018-04-26 12:00:11,2018-04-27 03:50:54,2018-04-27 10:48:00,2018-05-04 16:52:19,2018-05-21 00:00:00
ffabaa69e709f1ec58faf2f706c8c8ee,1ab2ae086ad3c25f52354abd033639e1,delivered,2018-02-21 22:21:26,2018-02-21 22:35:27,2018-02-27 17:05:02,2018-03-10 00:11:04,2018-03-22 00:00:00
562f6c47e1f1b9b37763db9d5ae00e3a,953bf9515f1c2fa444e76ebdd43fb1a9,delivered,2018-05-08 11:17:38,2018-05-09 04:31:28,2018-05-09 14:16:00,2018-05-14 15:27:30,2018-05-24 00:00:00
d22278809a8d70fd68df910e0396c39e,6ef9a3f47eb312bfa5d52ee10556127d,delivered,2018-06-10 18:21:35,2018-06-10 19:12:17,2018-06-11 12:57:00,2018-06-15 00:28:27,2018-07-03 00:00:00
a4009dfb92fd1a68c1c19af9f93b4561,b65714d110c92422f67d49614c32f883,delivered,2018-03-26 19:44:28,2018-03-26 20:06:51,2018-03-29 21:18:49,2018-04-03 22:39:10,2018-04-09 00:00:00
f8988b8698570c25c74dc0a6f5cf0a68,fa4418ffe30b31c317748e51ff5171b8,delivered,2018-05-21 17:29:36,2018-05-22 17:37:05,2018-05-23 14:51:00,2018-05-25 14:24:40,2018-06-07 00:00:00
31d29a8c43bc533845fe7bfae74fa0cb,5f4f9dd0d0c9ab9a7ff1fdfb0eed78fe,delivered,2018-06-05 19:47:39,2018-06-07 03:12:33,2018-06-11 10:40:00,2018-06-18 16:38:32,2018-07-16 00:00:00
4d6dca1dbb561c5c5af9a4c8fbc38375,8129c1c506d7d2a41ca7caf3c38fa85f,delivered,2017-10-30 10:47:23,2017-10-31 10:50:34,2017-11-07 17:51:49,2017-11-11 17:07:44,2017-11-21 00:00:00
7fb13f3c0c951e4748c6962b0261a580,69d234580e4fbeba8ccea6b767bb801a,delivered,2018-02-23 12:54:27,2018-02-24 02:50:46,2018-02-27 19:04:32,2018-03-09 19:58:38,2018-03-16 00:00:00
3cfb6e2f13d190a67c451cb4a359faee,34d50c815414e1f5a73de0562cf52098,delivered,2017-12-06 15:07:57,2017-12-06 15:19:34,2017-12-07 19:34:34,2017-12-11 17:57:14,2017-12-29 00:00:00
1915364b68b7df0c42012aadca4bed47,3a8383a4e4a8cf4251ae0b1c1a696694,delivered,2018-02-15 21:07:30,2018-02-15 21:15:30,2018-02-16 21:22:29,2018-03-28 20:44:32,2018-04-04 00:00:00
05b44fc08ced0af18eba71e859288f3e,b92268b0950d4673dcc0b8e1fd1ae17d,delivered,2017-05-20 15:25:39,2017-05-20 15:35:40,2017-05-22 16:03:17,2017-05-31 11:43:23,2017-06-13 00:00:00
b1baac8300bff141b743794ace31ffcc,f7ca9d963c6dcc2b5c4b93006b6abe90,delivered,2017-03-29 23:17:00,2017-03-29 23:25:12,2017-04-05 09:47:35,2017-04-10 14:20:06,2017-04-25 00:00:00
5c084318cff126cf38e30fe940ea2fbe,22a10db84c0324464bb842e5bec1d6e4,delivered,2017-12-04 13:56:14,2017-12-05 04:12:01,2017-12-05 17:16:50,2017-12-19 21:38:44,2018-01-02 00:00:00
6c3ebcad285020fe222c1bff5a23b15c,cd483fb7ce181dd4fc4c8c77d676536e,delivered,2018-04-25 11:11:13,2018-04-25 11:31:32,2018-05-02 11:28:00,2018-05-08 20:32:16,2018-05-18 00:00:00
be5b64307f608c4be032a92527e44f66,3af442112f104fadd55d6861a864b21f,delivered,2018-03-15 15:43:31,2018-03-16 15:35:29,2018-03-20 00:32:17,2018-04-02 19:48:43,2018-04-09 00:00:00
9b867baf23bb7cd0720825a08a58dcac,2923a4f90cbe33627932ccbd6c6da251,delivered,2018-03-18 18:45:52,2018-03-18 19:00:34,2018-03-20 03:42:36,2018-04-11 19:46:35,2018-04-24 00:00:00
7002f5420d7a37aebd4c740b01b2fd5f,0f2bfd92b901a88af663262ed4480d63,delivered,2018-05-29 09:40:24,2018-05-30 09:35:14,2018-05-30 13:50:00,2018-06-06 18:56:57,2018-06-29 00:00:00
422582e02b67ce7dc6b05417796ee525,4b90cd5a80fe5a2cd3741558d57d3e20,delivered,2018-06-17 17:20:50,2018-06-17 17:39:05,2018-06-18 13:09:00,2018-06-21 23:42:41,2018-07-11 00:00:00
785e5848b43e60ee92f14e0e20dca105,d81c95d43b8a1de36c2f0e34508b16b6,delivered,2018-03-26 16:14:38,2018-03-26 16:30:23,2018-03-27 21:33:21,2018-03-28 22:43:48,2018-04-06 00:00:00
50f90eb24d38ad16db65067a4d519498,8024e7bd493bfbbdbdcc32f28ad4995a,delivered,2017-09-26 11:29:46,2017-09-26 11:49:09,2017-09-27 19:03:56,2017-10-16 10:07:50,2017-10-26 00:00:00
b2f633218c7a89e314ade77e1486c7b9,7befa76e61226aa04ca6b28a5f00d640,delivered,2017-10-23 19:00:48,2017-10-23 19:14:17,2017-10-26 19:06:48,2017-11-01 22:12:22,2017-11-13 00:00:00
8b5e19adc5101e4b002ed7c4dfd0ecb3,9f2006fed361ad5ab1caaf4dbd5e34e4,delivered,2018-07-04 12:42:02,2018-07-05 16:19:58,2018-07-04 13:44:00,2018-07-07 15:51:04,2018-07-23 00:00:00
dfd954e67c5eeaa6432cdc40a6b66d73,c6e5dc26706e556b6e6cbe4321670954,delivered,2017-01-23 19:32:38,2017-01-23 19:45:09,2017-01-27 11:47:32,2017-01-30 12:44:19,2017-03-02 00:00:00
e7933ced79cabb10566bfaecb47dd4e3,e338256559cac84fbc89404394ac43bc,delivered,2017-06-28 14:34:16,2017-06-29 08:03:34,2017-07-03 11:27:50,2017-07-10 17:33:26,2017-07-24 00:00:00
a0aa66ea6d606142d5df626b13b033c3,2a55f5f7dd2da40cfae2c503aa7626a9,delivered,2018-03-01 12:59:41,2018-03-01 13:15:36,2018-03-01 23:59:03,2018-03-05 22:36:48,2018-03-13 00:00:00
0a3ece2f39e596ede61967326bf7e969,228c08d51cbc3f62907a83a9ea1ed246,delivered,2018-06-06 20:06:10,2018-06-06 20:34:10,2018-06-08 14:17:00,2018-06-13 18:42:42,2018-07-12 00:00:00
76870eacf3fa50d0cce734ff1a826aa2,2a53997627d79044b4200db95b3ed540,delivered,2018-03-06 21:20:46,2018-03-06 21:30:59,2018-03-07 22:24:42,2018-03-19 22:50:36,2018-03-27 00:00:00
68abcdb32d1d556523e070ecf312b7d4,7aa26efe875af01d3a224f7f0c029bb2,delivered,2018-08-10 15:08:54,2018-08-11 02:50:24,2018-08-13 14:15:00,2018-08-31 23:58:27,2018-08-16 00:00:00
7aace035422e5537450664dd790e72f4,327bcc492e7e1e28428bddf002519f0f,delivered,2017-09-30 11:09:40,2017-09-30 11:24:49,2017-10-02 19:01:01,2017-10-09 17:10:00,2017-10-24 00:00:00
f0a3e1364c48c7c7f24a2282883d5c64,1e0a457fc59c18e16237e1fe1621d66c,delivered,2018-05-03 08:42:45,2018-05-03 09:12:19,2018-05-07 14:42:00,2018-05-11 23:05:09,2018-05-15 00:00:00
31a1db6df7cda3d38d977182b46e8b88,6a9fc70f5a1961e970e03b8bd1c27704,delivered,2018-02-15 15:44:17,2018-02-15 15:55:50,2018-02-17 00:11:46,2018-02-22 20:23:30,2018-03-08 00:00:00
d813e348dc770d6502142ea26ace4156,7be05dacd2f8a3e641c083c8af288313,delivered,2018-07-24 17:04:30,2018-07-25 13:45:17,2018-07-27 12:00:00,2018-07-30 17:42:21,2018-08-10 00:00:00
d7a903a05d84644e6e872b9c626d7fc6,0bfea02831694ac939ae7d1ad14287b6,delivered,2017-08-02 13:12:25,2017-08-02 13:25:21,2017-08-03 18:55:56,2017-08-04 21:03:24,2017-08-15 00:00:00
4cfe4c83980f15d36ef83167bb4ef4c2,64ebdeceebafcfcd7a2bd3f20c65c9fb,delivered,2017-05-26 13:08:33,2017-05-26 13:22:27,2017-05-26 15:13:29,2017-06-02 14:25:05,2017-06-22 00:00:00
f774e750b5c406bbf9de83d515153b1c,8564c8eb40ddf62a647270bf91a1fa50,delivered,2018-05-11 17:53:32,2018-05-11 18:16:46,2018-05-14 08:20:00,2018-05-17 21:12:54,2018-05-28 00:00:00
728f6c4bcd81ebdfeb353bb9b0893a12,72cea2abeebd1dd8bfce8489ba19df9c,delivered,2018-08-04 12:34:43,2018-08-06 08:44:45,2018-08-08 13:49:00,2018-08-10 22:22:29,2018-08-20 00:00:00
70a4b21bf18001a99d94bf894697b8c1,ef5c01ebdd912188ba1f81f4a6b9a902,delivered,2018-08-03 12:30:36,2018-08-04 04:24:17,2018-08-07 15:42:00,2018-08-20 20:52:57,2018-08-24 00:00:00
51a8469438e01a912e0e55cf32fc0abb,8ed6e42fde758d7b78d7ebf1eb9bdd5d,delivered,2017-05-01 14:18:57,2017-05-01 14:30:17,2017-05-04 06:03:09,2017-05-12 12:33:22,2017-05-29 00:00:00
49d6253d089579c970094bc6d510ebc8,8061a9d09924d8063ce0a12e2ce469bd,delivered,2017-12-11 23:20:34,2017-12-12 00:14:10,2017-12-14 00:23:39,2018-01-08 21:33:52,2018-01-10 00:00:00
47f05ae89d6bcb551be15cba2f14352f,73f23abc265eb4c1cfc5b94f9f389461,delivered,2018-07-07 19:45:17,2018-07-07 19:55:13,2018-07-10 15:36:00,2018-07-12 22:38:49,2018-07-19 00:00:00
4c8e63c1d25a7a7647782967c60a0677,401b7dd4ac2b0aa3b7d5e563af4f3723,shipped,2017-08-25 16:17:02,2017-08-25 16:30:14,2017-08-28 17:11:47,,2017-09-19 00:00:00
7f8d25da9409167dba72ad951cb73530,0eeab95cbdfcad21ed5cc7c014451a66,delivered,2018-01-16 16:38:30,2018-01-16 16:52:18,2018-01-17 19:34:57,2018-01-26 23:18:12,2018-02-06 00:00:00
02b39a781ee24f6997ad691ea7a01491,a926ff5e07e6155bf31456e33c21f276,delivered,2017-12-10 12:04:08,2017-12-10 12:13:25,2017-12-12 23:12:54,2017-12-17 17:54:59,2018-01-12 00:00:00
947727b76996398e1d9730e829551878,64e63ced9363b9c6db11a74b66cdf47b,delivered,2017-08-16 22:35:19,2017-08-16 23:44:57,2017-08-30 00:00:07,2017-09-13 20:23:11,2017-09-12 00:00:00
45f65ebc30dcef3d7558ffa3bee5bd83,9fb722ac3656661244b9f4e9bbf87aca,delivered,2018-03-24 16:03:47,2018-03-24 16:15:28,2018-03-27 17:42:47,2018-04-11 15:09:28,2018-05-16 00:00:00
a73decd86173a2da359011bebf8e4ac4,de534e17e0c64404d3c2c366c1b1b16c,delivered,2017-03-30 11:52:02,2017-03-30 13:05:11,2017-03-31 19:23:32,2017-04-04 23:00:02,2017-05-02 00:00:00
3224f9000ebffb83e1c48590824ba567,b515c26bc7955d05356ae832d2c4b54b,delivered,2018-03-02 16:12:57,2018-03-06 03:49:20,2018-03-06 23:48:50,2018-04-17 23:16:44,2018-03-21 00:00:00
80c4a8fcf4e47aff10048cb8bdd0bee5,9fc1053dea33f83500092870a9db0900,delivered,2017-04-07 18:23:21,2017-04-07 18:35:15,2017-04-19 14:54:11,2017-05-11 15:00:22,2017-05-08 00:00:00
d1a3dc85b893b90e5197eb1423449276,09b78c606e60c4aaf004a1b4c4f1c33e,delivered,2017-12-18 09:57:35,2017-12-18 10:57:19,2017-12-18 20:39:00,2018-01-03 16:08:39,2018-01-18 00:00:00
7d09a3b11e55c5e586d952edc9e12e6b,a260a76f5eb7a337ce2d4709d358784c,delivered,2017-05-21 15:02:45,2017-05-21 15:10:19,2017-05-30 13:54:08,2017-06-05 08:26:33,2017-06-16 00:00:00
2b16c7fbd95d6e9c114f73e4d8bdf536,9b34a233b19de8f5ea40a8e03a24f10d,delivered,2017-07-31 23:08:26,2017-08-02 02:34:47,2017-08-03 18:32:49,2017-08-08 21:26:51,2017-08-22 00:00:00
ab2e9e7981f5ff473ba140849d5129c9,12102aca8872f8686b300f9fc8652a76,delivered,2018-05-24 20:18:47,2018-05-24 20:37:47,2018-05-25 15:23:00,2018-06-01 21:55:29,2018-06-11 00:00:00
18fa229a827c89986c8387c049dcc572,ebd63abbdb05e1f65308cf14a44a488a,delivered,2017-09-23 19:56:00,2017-09-23 20:10:15,2017-09-29 14:04:26,2017-10-03 17:30:25,2017-10-24 00:00:00
678f4895096d4e79441a761f3d6c6b29,e3099b0fe556c1f1630dd8ff91989f1f,delivered,2018-01-19 11:41:03,2018-01-19 11:54:30,2018-01-22 18:39:01,2018-02-09 01:21:39,2018-02-22 00:00:00
cdc80ab03580d7d907ecd33ae7818caa,cce1958e8abce973e3d29474e46c3a14,delivered,2017-07-01 11:19:58,2017-07-04 04:50:27,2017-07-07 18:56:33,2017-07-13 21:41:07,2017-07-21 00:00:00
016dee69b3de35a39bfccee5309307c3,c508ad14bc3cde5d1e0bfca7ebdb77cd,delivered,2017-01-14 16:35:59,2017-01-14 16:50:19,2017-01-19 16:33:30,2017-01-26 15:43:39,2017-02-28 00:00:00
ab8544fad4e4adad2284def1184ae157,8451a9eb6b84b9f11b3505693cb6f838,delivered,2018-01-21 13:17:24,2018-01-22 13:50:04,2018-01-23 20:45:04,2018-02-05 20:53:07,2018-02-23 00:00:00
bfb517ecdbd8ef8716f682931140acb0,07f530400b2eb436da476957706cd9be,delivered,2018-07-16 14:42:15,2018-07-16 14:55:17,2018-07-20 15:50:00,2018-07-23 19:48:54,2018-08-01 00:00:00
65bd34264e92e55142465420aad29126,66ce46e4ab8582ed7de4e569f26d9de3,delivered,2017-11-22 16:46:44,2017-11-24 03:12:11,2017-11-24 19:08:28,2017-12-05 22:48:50,2017-12-14 00:00:00
cc8978e74f4d8907fbad695ee3f7f933,fd92bf50851f9d351ff9f16d79a31971,delivered,2018-06-04 09:53:26,2018-06-04 10:50:50,2018-06-04 12:10:00,2018-06-09 02:03:50,2018-08-02 00:00:00
eacbe7948aadfac0292211f2f352fdeb,d7f3c5688f1d04e1af261ce65b5540c6,delivered,2017-10-29 17:10:13,2017-10-29 17:24:56,2017-10-30 20:12:15,2017-11-11 18:29:43,2017-11-28 00:00:00
88503051b9833f27c9492939bcfe2a6a,252958ad9cd878e5fd02fdbae229fcf4,delivered,2018-07-16 16:25:10,2018-07-16 16:40:23,2018-07-18 12:31:00,2018-07-23 20:16:54,2018-08-16 00:00:00
0c35d1433b7a71747b7bcddd12c40ff5,a968b991fec4d5579af2a5024bbfe7ef,delivered,2017-10-09 16:20:02,2017-10-11 03:14:46,2017-10-11 22:49:49,2017-10-17 17:51:46,2017-10-26 00:00:00
70747b96517d9085ad6cbcec3a7ee661,bfc4066db14a5249168915cc6285ceee,delivered,2018-05-25 18:06:34,2018-05-25 18:32:21,2018-05-28 13:37:00,2018-06-09 15:08:26,2018-06-19 00:00:00
cdf713b645faa55bba5c66e66aeef41e,d7c36cf9a2c23a9d7e90328f7d30456b,delivered,2018-08-15 22:05:09,2018-08-16 03:25:12,2018-08-28 17:12:00,2018-08-29 14:44:46,2018-08-27 00:00:00
ac65ff1f59ff445000702d333af9e1d1,dbad6b1f3fd8e97e5e04a703aa369eab,delivered,2018-04-10 08:42:53,2018-04-10 08:55:33,2018-04-10 20:36:41,2018-04-20 10:59:02,2018-05-02 00:00:00
75c7d5ad87ea6233dcc4763d0818dbd0,6b8074352e7e1ec9d3a1ee6faf3272e8,delivered,2018-04-15 19:26:00,2018-04-15 19:50:33,2018-04-18 20:44:40,2018-04-25 20:08:48,2018-05-09 00:00:00
b669dc3736aa7bf3f5f181f9f460dde5,237cd40f8611065ccaee3db2484eedaa,delivered,2018-08-28 09:26:43,2018-08-28 09:44:14,2018-08-28 14:38:00,2018-08-29 19:51:58,2018-09-05 00:00:00
0173e291db71c3e688829f7f03e2d34a,b909a43dbe785f180ae31c4d0e79cd28,delivered,2017-07-07 00:29:18,2017-07-07 02:05:22,2017-07-11 18:18:00,2017-07-15 13:23:44,2017-08-04 00:00:00
c02a0e10038f56fba11ac63a654333a6,34650be05232210e960d2e66d783aedc,delivered,2018-04-02 23:12:09,2018-04-02 23:27:59,2018-04-04 03:07:40,2018-04-16 20:24:34,2018-05-02 00:00:00
e4d30fd714b8811d4c77924ca7e95c42,d8100dcf3df9e671b1f216346a36e5cb,delivered,2017-10-01 16:26:43,2017-10-01 16:49:09,2017-10-02 20:13:19,2017-10-10 18:23:13,2017-10-30 00:00:00
b62cfc7b4c9b7c7b0e97bb106679e51f,a8f2a38a810ce407cd760e5a6144a5f9,delivered,2018-02-11 12:28:51,2018-02-15 04:07:11,2018-02-16 00:34:09,2018-02-26 22:08:36,2018-03-14 00:00:00
0df82e7e73083762d11e4dce39a84c7f,ce4803f15b38e1eb49ff6d2080a65179,delivered,2018-04-16 10:28:25,2018-04-17 05:50:51,2018-04-17 21:48:55,2018-04-18 13:28:32,2018-05-03 00:00:00
0b52695e8c759b22075c6937089c4158,5762791fc4f790e9bcd3b13e01e60f1f,delivered,2018-08-03 09:04:09,2018-08-04 04:10:19,2018-08-06 14:44:00,2018-08-07 18:38:46,2018-08-09 00:00:00
c73f0fc8ad02cddf8637371612f5bac3,a3b5fd61a4f17f0246244a3b6f336e02,delivered,2017-11-24 15:42:39,2017-11-24 19:13:02,2017-11-28 21:15:23,2017-12-11 21:36:19,2017-12-21 00:00:00
2320f88fd7982719055be3476e3e8bf3,61a09f1e64be26d3191486c82630dbbf,delivered,2017-05-12 17:43:50,2017-05-12 17:55:14,2017-05-15 09:22:57,2017-05-16 08:24:30,2017-05-29 00:00:00
acecf0b4a17e9d413f602a2345fcfe16,175b5158be72ce983b5edf7d1c5d9337,delivered,2017-03-29 15:27:04,2017-03-29 15:45:19,2017-03-29 16:12:03,2017-04-04 13:54:41,2017-04-20 00:00:00
33a2d5e5c1eda20e8a1ce9445bec4086,accc1a016a05b961ce5954d27f8af8da,delivered,2017-10-20 11:21:36,2017-10-21 03:06:03,2017-10-23 17:43:37,2017-10-25 22:57:42,2017-11-17 00:00:00
1184c1bbcfb488132ee2bca2c07cd743,8baeca32aac79a831b81f1f8af9fd6d8,delivered,2018-08-16 11:35:15,2018-08-16 11:45:09,2018-08-17 08:38:00,2018-08-21 20:07:33,2018-08-27 00:00:00
60d56d46167857b04e9531f0542f8807,8c4958250c5729af2c5a6ce5faf3e16f,delivered,2017-09-26 11:34:03,2017-09-28 03:05:25,2017-09-28 20:21:33,2017-10-08 15:46:15,2017-10-24 00:00:00
ea6ce509b0aa60471f0b6c0029797d6c,e9042972821553d66af10bb64fffd0fe,delivered,2018-08-12 17:52:19,2018-08-12 18:05:18,2018-08-14 13:52:00,2018-08-28 04:26:34,2018-09-10 00:00:00
f176421e9956528da385eb686f70b7c1,4f3530f76a6821b823ce91e12ae377bc,delivered,2018-07-31 22:44:06,2018-07-31 23:20:07,2018-08-01 13:31:00,2018-08-02 22:33:07,2018-08-08 00:00:00
16fcb558c864b7eb62bfbf4a55be23d2,b3b12bd3e740601c17700fc176996c6a,delivered,2018-06-26 19:48:15,2018-06-26 20:07:45,2018-06-28 14:25:00,2018-07-10 22:44:32,2018-07-31 00:00:00
7f0bbbb8c4fac9e12d3e931d8060da12,29429468b1dcbea0794fe3206c369710,delivered,2018-04-23 22:54:01,2018-04-24 19:07:27,2018-04-24 18:50:52,2018-04-25 19:17:53,2018-05-07 00:00:00
bb3bc9b2e2b9022f70bdac9912cf67bc,75a56a88964892a78b19d16dd2407f78,delivered,2017-09-19 16:02:21,2017-09-19 16:10:14,2017-09-26 12:13:42,2017-10-04 20:40:04,2017-10-18 00:00:00
2002ea16e75277eaa0b5d78632048540,de0aef172ea9ed32450b0269c90e26b6,delivered,2017-07-22 22:19:02,2017-07-22 22:30:10,2017-07-28 18:17:44,2017-07-31 12:33:06,2017-08-04 00:00:00
20ad5d37ddb2c604b7c1a87d90b83729,4c10a374797f27de2ac9d95e6c6842f1,delivered,2018-04-06 12:12:14,2018-04-06 12:29:24,2018-04-10 17:52:00,2018-04-11 18:41:08,2018-04-19 00:00:00
da2b5ed33ae5068005e9d2c43e7a3de1,884909e6ce4397ea2d53b086601162cf,delivered,2018-08-12 06:35:38,2018-08-12 06:50:08,2018-08-13 11:33:00,2018-08-21 16:19:33,2018-08-23 00:00:00
b721972cedcd805cf76991c48731eca7,d69da957a458e242fc8c659738ce35a1,delivered,2017-08-26 11:46:08,2017-08-26 12:04:52,2017-08-28 21:24:33,2017-08-30 16:18:18,2017-09-18 00:00:00
1a03b911ffc649fb8177ea3ca4f27f2c,745e96c7118e48bab20552f0b8f70130,delivered,2018-04-26 15:11:10,2018-04-27 21:35:13,2018-05-03 16:19:00,2018-05-09 15:28:57,2018-05-30 00:00:00
e38994925b350c88bd9b885f0b726439,06201fb5b7821133eab9fe2113d7e6b5,delivered,2017-11-17 10:25:09,2017-11-21 04:08:32,2017-11-21 23:09:02,2017-12-04 20:38:56,2017-12-15 00:00:00
dcd871487b636752499b411f1a5eca31,aad8b0ed3c475e0e234da6a1c904e208,delivered,2017-05-28 23:36:23,2017-05-30 04:22:39,2017-06-05 13:13:46,2017-06-06 09:24:52,2017-06-09 00:00:00
5435647d369f72442d1972b399a48ece,909cd887070250934231f0082c96f3c2,delivered,2018-01-10 14:24:28,2018-01-10 14:36:32,2018-01-11 16:16:50,2018-01-19 22:26:53,2018-02-05 00:00:00
a919bf3504ba2b11705dbf074d8f3746,6a45e09a48c07f13c3d504b9fb8d766a,delivered,2017-12-25 17:49:12,2017-12-25 18:09:13,2017-12-27 22:46:01,2017-12-30 13:48:48,2018-01-19 00:00:00
8bcd205375fd46dc076a3cae9fb5b919,19e604af45af1bc76759f2f41efd587d,delivered,2017-11-16 19:27:48,2017-11-16 19:55:43,2017-11-17 17:02:33,2017-11-21 18:07:00,2017-11-29 00:00:00
3971977016b0fcd46db3cdcab9b04907,e63a97bfe57b10b6d55aaf63c5da7f2a,delivered,2017-09-21 11:36:36,2017-09-21 11:50:08,2017-09-25 19:17:34,2017-09-30 14:00:03,2017-10-06 00:00:00
9ad89864a2f76f00c0d73d78e7a6aa1e,39e52e1fc6a7010d5955e2ad06340510,delivered,2017-07-15 19:02:17,2017-07-15 19:10:20,2017-07-18 17:47:48,2017-07-26 18:33:05,2017-08-15 00:00:00
9c7b78b186d8f105e716025272a904b4,a697da09204edfd0501c82d1a560b2a2,delivered,2017-07-30 22:30:22,2017-07-30 22:43:02,2017-07-31 19:05:51,2017-08-08 18:42:36,2017-08-22 00:00:00
5c758925752d0e3f0c7b35f5f0571bf9,6b5be9dabda2ee2527fceadab6d72fba,delivered,2017-10-12 18:58:54,2017-10-12 20:10:47,2017-10-13 17:48:10,2017-10-18 22:52:30,2017-11-01 00:00:00
a40264c07328d270a802bada5ffb7f15,2de102caadd34079fb9a896a0d09f7a3,delivered,2017-08-18 18:13:22,2017-08-18 18:35:08,2017-08-29 18:48:10,2017-09-14 20:44:07,2017-09-22 00:00:00
792295382332f1170f1edc45dfade051,4fc752f9385483f2f1f6a309bff21be7,delivered,2017-02-08 13:05:17,2017-02-08 13:15:26,2017-02-08 13:22:36,2017-02-14 13:13:41,2017-03-09 00:00:00
aee4a272cfe5c5e7d83360d9ad2206e7,1c0c100dbd7780831a70ab4e78c5a584,delivered,2018-01-16 12:07:53,2018-01-16 12:19:21,2018-01-16 21:38:57,2018-01-19 20:03:21,2018-02-06 00:00:00
652d3644d41874aa7f004a82c5b003c8,d1876726cc26bb5ff410bf7c4564e21d,delivered,2018-06-18 10:25:29,2018-06-18 12:02:04,2018-06-22 14:57:00,2018-06-25 14:46:46,2018-07-03 00:00:00
763535b0c06295b76a722375e74ff694,c6eb4bfdd1841047668242bbbb4c0f2f,delivered,2017-08-16 10:50:18,2017-08-16 11:24:29,2017-08-17 10:12:53,2017-08-23 18:47:32,2017-09-08 00:00:00
d99158c3b20bff0ca58c2aaf4fa027ba,8b93045a7fc41de7cd1f18b0bf610a8a,delivered,2018-04-14 19:05:15,2018-04-14 19:31:17,2018-04-16 23:42:06,2018-04-20 15:52:44,2018-05-07 00:00:00
5f705a6f9d64aeb4094b067c0d8cc259,50552ddc834607092d9fa3d5c9fa408b,delivered,2018-04-25 22:00:31,2018-04-25 22:15:08,2018-04-26 14:43:00,2018-05-05 19:03:26,2018-05-21 00:00:00
090c6fd239a12ac8f6a825897ee15d6d,a6314e9e4b3a250430ad6778bfcac569,delivered,2018-07-17 11:57:27,2018-07-17 12:05:18,2018-07-17 17:32:00,2018-07-24 16:28:38,2018-08-15 00:00:00
b6e5aa946acc4e29e7069510f28a0bce,6630c34d7fef13e0ec591d96f6c24362,delivered,2017-01-15 17:58:42,2017-01-17 03:21:45,2017-01-20 10:49:26,2017-01-28 07:58:59,2017-03-01 00:00:00
a567a1f09fbde841de5a5c80bc5c4b34,142d512e4240d46e72c55e49038ad2c4,delivered,2018-02-21 22:06:26,2018-02-21 22:25:28,2018-03-05 20:18:34,2018-03-14 00:42:26,2018-03-21 00:00:00
2dfa51c98a51f07b53a1de6bec31a20c,2256823b264ba77c31c90cccb4fc5d8e,delivered,2018-08-17 10:34:57,2018-08-17 10:49:18,2018-08-17 14:57:00,2018-08-23 20:34:00,2018-09-04 00:00:00
6105321bd9c6d494502e32dd1d28c53d,fe9fa21e9a917d3654792ec166759d2f,delivered,2018-04-04 19:28:46,2018-04-04 19:48:45,2018-04-05 18:31:02,2018-04-09 16:09:49,2018-05-17 00:00:00
cc72dd3008f4752e05206e1fdd08cc57,9d7aed3437d31b255183e58f999509f9,delivered,2017-05-11 00:36:48,2017-05-11 01:42:39,2017-05-12 14:39:57,2017-05-23 13:56:05,2017-05-31 00:00:00
64d493ad39cf733d3cc70821e69208a2,6661e2a6cecf3a60ff9b6e614ebf9926,delivered,2017-03-02 10:32:50,2017-03-02 10:45:09,2017-03-03 09:32:35,2017-03-17 15:38:29,2017-04-04 00:00:00
4fa6e0de7b5c8b7f990200ff10e5d20a,194da5ad90e641c98323ed064cdefa24,delivered,2018-04-06 09:10:35,2018-04-10 04:10:19,2018-04-11 19:36:27,2018-04-25 00:41:19,2018-05-09 00:00:00
6ab619528b4d0524453b2d39e45cbd57,63e23b742f978f372f85ce4b6bf05906,delivered,2018-01-30 18:31:03,2018-01-31 13:32:17,2018-02-02 22:58:49,2018-02-17 11:42:02,2018-03-01 00:00:00
eb6bf171200b90eb73d01a3f2096691a,a2aebe68f52ca3379e422f65383ea153,delivered,2018-05-03 23:06:57,2018-05-03 23:32:32,2018-05-04 19:02:00,2018-05-07 18:03:01,2018-05-11 00:00:00
b57da109cbc63cc9efb076ccfec17266,bc8ef8258985e764e76406f4c66bb9d6,delivered,2017-04-18 18:49:22,2017-04-18 19:10:19,2017-04-27 11:58:20,2017-05-05 16:58:03,2017-05-26 00:00:00
8c81e36bea73764b1c079c3920f6879f,fc8606c4aaf0a4a24dd76f0c2467cbd6,delivered,2018-02-05 14:28:30,2018-02-07 03:10:21,2018-02-07 20:28:31,2018-03-01 14:23:04,2018-03-12 00:00:00
bc1291dfb23df411934969be421e0ba6,7d03e38a63ec96be179e16ee2462cb13,delivered,2018-03-13 20:57:37,2018-03-13 22:28:16,2018-03-14 23:04:57,2018-03-16 00:14:52,2018-03-23 00:00:00
f19173015566f0318e6e12ea9dc36b11,6155184ecd98ede912056569515ca6e9,delivered,2018-06-24 14:32:17,2018-06-24 14:54:53,2018-06-26 14:56:00,2018-07-02 20:28:59,2018-07-18 00:00:00
c8d183fd253fd4e32482601ba1e36e27,a9d7fba616587e711e069e5ee2439159,delivered,2017-08-12 09:04:36,2017-08-12 09:23:32,2017-08-18 18:56:35,2017-09-01 19:12:45,2017-09-18 00:00:00
33699f74cbd8df3eb237c682e0b116fc,8f72d83fa1452b3fa5d3f62db09004d2,delivered,2017-09-01 10:07:32,2017-09-05 04:24:41,2017-09-05 16:40:13,2017-09-12 19:43:54,2017-10-09 00:00:00
2a7cb435d5ffc8aaeae3c4f08a181dce,b4acc63738cbab90288441d5977e2f6d,delivered,2018-06-03 22:06:22,2018-06-04 09:30:18,2018-06-04 14:32:00,2018-06-18 16:03:44,2018-07-19 00:00:00
89d22b5f5b664ae7a22078070d93244a,0394ecf7525d430f3caa7c6c625661f1,delivered,2017-07-21 18:33:45,2017-07-21 18:45:16,2017-07-22 14:07:55,2017-07-31 17:23:02,2017-08-14 00:00:00
b746658c30926e5a7987154c9a981552,f6861794342e5bafbf41a0dee21d3258,delivered,2017-08-16 17:40:32,2017-08-16 19:05:12,2017-08-18 17:43:41,2017-08-24 20:40:16,2017-09-15 00:00:00
3cffc407d492c7db340271cee9b32ede,f69b862b6b4fa78cd6887938a74be7a9,delivered,2017-11-13 23:15:05,2017-11-13 23:30:46,2017-11-14 16:47:47,2017-11-24 20:36:55,2017-12-06 00:00:00
e756c16a8426f61eb4298bd6f590556b,f3ad475cc60e554f7113f18ab06810ca,delivered,2018-04-02 23:28:43,2018-04-02 23:47:53,2018-04-04 21:48:21,2018-04-12 23:36:47,2018-04-18 00:00:00
04396584556ebf06343678f29cb10832,3f0230019389955cbcf00d4667d0883a,delivered,2017-10-20 19:46:35,2017-10-21 19:49:32,2017-10-24 16:12:35,2017-10-31 22:35:03,2017-11-10 00:00:00
e7138235cbd7170b72054b66531ad713,3699e8655ee2b00739ab632855447c5d,delivered,2018-02-19 11:58:03,2018-02-19 12:10:40,2018-02-20 22:52:46,2018-02-22 17:03:32,2018-03-05 00:00:00
2af9701415be32ee9f0f4b6e218e66c8,12ed986a409853404a1366574224501c,delivered,2017-10-23 09:53:39,2017-10-23 10:07:34,2017-10-23 17:39:13,2017-11-01 17:29:30,2017-11-14 00:00:00
fb20235870d6172778522e8fb798f27c,9bb41b35087bdd06d3fcf23b63f7dc86,delivered,2017-12-05 19:04:41,2017-12-05 19:30:24,2017-12-07 05:37:07,2017-12-11 18:42:25,2018-01-10 00:00:00
a94b962669c74fd01d87a94aefd3eeff,367d2bdd1791432a6864b006df0c9a1f,delivered,2017-12-09 23:02:28,2017-12-09 23:11:26,2017-12-12 21:27:03,2018-01-09 16:04:31,2018-01-12 00:00:00
5bb1e2f9ec792581a2209d429cfc1892,3c325415ccc7e622c66dec4bc9120030,delivered,2017-05-21 17:34:32,2017-05-23 04:22:33,2017-05-23 09:46:10,2017-06-09 08:35:48,2017-06-26 00:00:00
0ec6d5153abc64611b4cf42f13b38356,68d446727a26125214dd49db0eb89251,delivered,2017-06-09 21:19:00,2017-06-09 21:30:11,2017-06-14 16:38:08,2017-06-22 15:43:27,2017-06-30 00:00:00
b80365a0dc9dd62c6818aad6d9047dc0,56a5ff92ab3fa86a9dea8ec5f53292d8,delivered,2017-03-22 23:39:13,2017-03-22 23:39:13,2017-03-28 14:40:33,2017-04-03 15:46:48,2017-04-18 00:00:00
67b5c82e01dc9ea4d82fbd3d51e41bae,8706792f42471bcdcea286b14842b5df,delivered,2018-02-05 19:14:46,2018-02-05 19:30:53,2018-02-19 17:38:44,2018-04-11 19:19:26,2018-03-16 00:00:00
b52e021c7f54fef2f8493779958c7770,79e14517c2e51a408740b5fc24f8a879,delivered,2018-05-05 20:29:23,2018-05-07 08:51:53,2018-05-08 10:36:00,2018-05-10 16:08:42,2018-05-23 00:00:00
d1ef94426d8030042fb422bf0891ded3,71854d76fef6f58914143b5edce7b51b,delivered,2018-08-06 09:40:02,2018-08-07 04:15:23,2018-08-07 14:58:00,2018-08-11 01:27:36,2018-08-15 00:00:00
38a37ff772f3b9f0f304d46b6ea90c09,9350fd9c2e40200b1651587dfe717a95,delivered,2017-11-27 14:09:49,2017-11-28 03:46:48,2017-11-30 19:42:49,2017-12-04 15:57:02,2017-12-15 00:00:00
da96d28b7700ca5ee77d63d455a9ff9c,616f891beb5fb30b85a4a97acb0d6ce5,delivered,2018-04-13 17:43:48,2018-04-13 17:55:13,2018-04-14 16:56:35,2018-04-18 16:22:00,2018-05-04 00:00:00
f09e65822983a5488ca34c053ed555ac,104b1c416aeb72edd6c2e03d513c72d9,delivered,2018-07-05 08:54:10,2018-07-05 16:10:18,2018-07-05 14:19:00,2018-07-06 17:41:51,2018-07-18 00:00:00
274a6764e395cbc9a23bd102f47dbad8,153988f5713ef7c84a3bd6f79b24d23b,delivered,2017-08-19 15:38:30,2017-08-19 15:55:07,2017-08-22 10:33:43,2017-08-25 18:07:37,2017-09-18 00:00:00
c91e35b238a6f290a0ab89a40287fc40,ad3766e5665b712b9ceeff2d630afb40,delivered,2018-06-16 11:58:28,2018-06-16 12:18:47,2018-06-18 13:28:00,2018-06-27 00:12:14,2018-07-12 00:00:00
7e4583a135b2fd828ba6ec2c4b5ab034,d3dc0682d51ece788ea412c9d74deb67,delivered,2017-11-27 17:41:25,2017-11-29 02:18:25,2017-12-01 18:07:49,2017-12-16 18:43:24,2017-12-26 00:00:00
ca207209c40b29d76714f77acf8189e5,a52669bf222edd65ed762c1411d70f9f,delivered,2018-08-19 12:03:34,2018-08-20 11:32:06,2018-08-20 14:20:00,2018-08-27 20:49:41,2018-08-29 00:00:00
7674897136f94bdf9124c9ea0542b006,0a60a88da14fe26085b43aa273f3cab4,delivered,2017-12-22 17:30:58,2017-12-22 18:11:53,2017-12-26 16:05:10,2018-01-05 16:54:58,2018-01-18 00:00:00
fe820a3c1051881b574b03ee4ea9bb71,98f0b3e23eed600aea207d8f08d2b7b5,delivered,2018-04-08 12:39:20,2018-04-10 04:29:27,2018-04-10 20:48:53,2018-04-24 17:32:40,2018-05-15 00:00:00
c5bdd8ef3c0ec420232e668302179113,5af78bf1a82a2660d1e3fd78c645f58f,delivered,2018-04-27 12:37:10,2018-04-28 02:55:22,2018-04-30 15:38:00,2018-05-05 16:22:05,2018-05-23 00:00:00
a0ed4ee4837f4807030d5ebbe2ea16e2,f761a7a449f5f1a4c513058a97d2140c,delivered,2018-01-31 21:45:40,2018-01-31 22:09:45,2018-02-02 23:29:02,2018-02-20 16:49:15,2018-03-01 00:00:00
522b77c3143ab6fcea6d948bdf2029dc,2c7c48774749670497e9fe3f026273e9,delivered,2018-04-12 17:12:18,2018-04-12 17:29:39,2018-04-13 19:09:04,2018-04-25 23:19:41,2018-05-07 00:00:00
fa13f1aebd2c53df9b0ce05ba46d9336,bd8382ccd7a7cc07a7b4000fde126517,delivered,2017-12-18 19:41:02,2017-12-18 20:38:30,2017-12-19 22:05:05,2017-12-28 02:03:07,2018-01-16 00:00:00
395630df55589c28c5dbf91e72f7ca90,208096b174831ee39a5aa435673d1be8,delivered,2017-02-03 16:13:58,2017-02-04 02:22:11,2017-02-06 10:47:24,2017-02-08 18:48:25,2017-03-10 00:00:00
03976e284ff273b3e5fda450030f32c1,3231b7b6490bd2824ec83d8b883442a3,delivered,2017-09-04 14:25:41,2017-09-04 14:43:50,2017-09-05 22:34:07,2017-09-12 23:54:52,2017-09-21 00:00:00
2809bdf222a943e3f8f49ff324724f43,484572a7bd433021fd437bc6f29c8544,delivered,2018-07-31 11:41:02,2018-07-31 12:31:22,2018-08-01 08:01:00,2018-08-07 22:26:44,2018-08-16 00:00:00
e9cab75516e866c8b7aba5ab87a7024b,1208af524bba36216ea83411b38275e2,delivered,2017-08-22 13:54:36,2017-08-25 11:05:36,2017-08-28 23:07:46,2017-09-08 15:52:29,2017-09-18 00:00:00
6ca63d606e504f859e56df4534878101,2d818d90fcc1bfb78af3435965c726aa,delivered,2018-04-17 21:25:46,2018-04-17 21:52:01,2018-04-18 19:32:40,2018-04-25 18:12:21,2018-05-24 00:00:00
d824a4f31c8c8abaf5c415c8dd473a59,f984693de2fb08c8887fd7b829aeadfe,delivered,2017-09-26 20:48:50,2017-09-26 21:04:51,2017-09-28 14:56:41,2017-10-03 23:47:50,2017-10-18 00:00:00
bcbc83ec3dc71750aff96a593b9e280f,5b2b1bdafea16367486b3310068895fd,delivered,2018-06-06 11:47:08,2018-06-06 11:55:36,2018-06-08 13:41:00,2018-06-19 19:12:31,2018-07-20 00:00:00
3ccd24b53560c0fe294750d98a057584,26ea059d8584663283fee72473c5ec6e,delivered,2018-07-03 16:19:41,2018-07-05 16:27:08,2018-07-05 12:52:00,2018-07-09 19:04:36,2018-07-18 00:00:00
14e02ed9bb6ea11904967b279f41df37,7eb3b8c424afb2a3f29eca17f0654f67,delivered,2018-01-07 14:12:28,2018-01-07 14:26:58,2018-01-08 23:03:50,2018-03-09 17:41:50,2018-02-07 00:00:00
7b5004a23c4918b7c96c9d0cfd6107b6,b440b8f4be0a7c4ad88b7b82e441ef5f,delivered,2018-08-04 19:54:42,2018-08-04 20:05:13,2018-08-07 17:17:00,2018-08-13 22:38:59,2018-08-13 00:00:00
301b453872955e08f7aed322d6a0753a,69669556c0498b560a9eda5bcabdec2d,delivered,2017-12-16 05:13:04,2017-12-16 05:33:41,2017-12-19 00:08:52,2017-12-20 19:48:02,2018-01-05 00:00:00
74e8e10fbe9ea9f2e3b8dbef8f3ddb8a,a9263e516f5a2e8bd612456036ad6f9d,delivered,2018-01-23 18:47:44,2018-01-23 18:58:23,2018-01-24 15:54:39,2018-01-30 20:13:29,2018-02-20 00:00:00
a863fef6caa86aa29cabfbf7e0b6f911,9cf0a858f5f153406bc333860eb23e22,delivered,2018-08-16 18:52:14,2018-08-17 18:50:26,2018-08-28 13:14:00,2018-08-29 21:46:46,2018-09-10 00:00:00
ee583b507900d107ab6b06567c758504,426a159c2964c5676eb36f71d8310041,delivered,2018-06-07 18:05:05,2018-06-07 18:17:51,2018-06-08 12:29:00,2018-06-16 18:44:21,2018-07-03 00:00:00
fe54e84941ef8a88e6cca905d8246c6f,be62128c093d561e260b8f00da89fa14,delivered,2018-05-17 14:43:00,2018-05-18 00:37:22,2018-05-18 14:03:00,2018-06-02 16:18:27,2018-06-05 00:00:00
e8cc3493dceef3aa38080e02b1a35646,0189d5af848e550cb6e4e03419e13e15,delivered,2017-09-21 12:33:46,2017-09-22 05:34:49,2017-09-26 19:49:46,2017-10-10 19:55:02,2017-10-25 00:00:00
a7547df661853b46be845a86e17e525b,7e7a39367e68502e91b2008ff3675d97,delivered,2017-09-20 09:42:07,2017-09-20 09:55:28,2017-09-20 19:42:05,2017-09-25 16:48:28,2017-10-10 00:00:00
d6c486ebb46b4882e3ea353fcff04ff6,5e398ca2acbd494bb58cd5a8bb38aec2,delivered,2018-04-24 16:00:09,2018-04-24 19:00:48,2018-04-27 15:05:00,2018-05-09 15:21:47,2018-05-21 00:00:00
9d5246455ad1fb521f263b356635f4df,360469aa13eab175485990e06ee97896,delivered,2018-06-03 10:59:14,2018-06-05 04:30:56,2018-06-07 15:35:00,2018-06-08 22:08:40,2018-06-28 00:00:00
39063491fa316afe415e03eeb554fb4b,4fe795e9da6ca272967466580213d252,delivered,2018-06-10 11:23:01,2018-06-12 04:57:30,2018-06-12 15:31:00,2018-06-21 16:04:33,2018-07-04 00:00:00
13a0336be90746b241d1f966fb3b5d59,1548e950e70b53845e4f50d6c639292d,delivered,2018-03-19 19:10:23,2018-03-19 19:28:33,2018-03-21 19:38:45,2018-03-27 02:28:23,2018-04-05 00:00:00
17ed0f7caba8fd5b357549ea4161fc38,46572790cb0084deec2b90ca26dd5fd3,delivered,2018-08-11 21:44:31,2018-08-11 21:55:09,2018-08-14 09:04:00,2018-08-20 23:33:20,2018-08-28 00:00:00
ee65730d515857bacc05f9bba349110c,43d41bd3cc4f7b5cfb987d9d662c18c0,delivered,2018-04-24 16:52:07,2018-04-24 19:09:29,2018-04-26 13:48:00,2018-04-30 23:17:50,2018-05-15 00:00:00
4993ef6ff0e62c90c51232f5164acb56,8566046ddc5576ea3d0657485970f5e2,delivered,2017-07-07 14:16:25,2017-07-10 12:15:08,2017-07-11 20:26:25,2017-07-27 09:33:57,2017-08-08 00:00:00
24e0c8a6c71a0f631d7bae7a647aa5cf,eee2b3edbdcc9e6a0af7327a35023a10,delivered,2018-07-23 22:27:49,2018-07-24 10:31:01,2018-07-24 14:52:00,2018-07-26 17:53:18,2018-07-31 00:00:00
29f542c5b72c85e1983e97cf8ec21bf6,2b66ac287e47972e1c8ca427aaef1270,delivered,2017-05-12 18:50:17,2017-05-12 19:02:56,2017-05-17 07:52:10,2017-05-24 11:04:18,2017-06-30 00:00:00
adf5a3d223336c6b7965f3027bb7ddc2,6c40dd1882be5ee6caadaa356563ef0d,unavailable,2017-11-13 20:54:32,2017-11-13 22:51:08,,,2017-12-06 00:00:00
6ad3104da988fe60a015a15536c72e08,67e8b3a661aabd3a6994920633e1d7c5,delivered,2017-09-21 22:22:31,2017-09-21 22:35:24,2017-09-22 19:03:23,2017-09-29 19:43:06,2017-10-13 00:00:00
a18510dbe89fe5c4da9a9ceb4793fd4d,7c687033ec5512a438d48deb618d5d86,delivered,2017-12-14 11:20:31,2017-12-14 11:31:32,2017-12-15 12:10:05,2017-12-18 17:35:36,2018-01-03 00:00:00
30be16216274609ebd712f8169950eee,1901d167919ef512a3d51d62bb81bf58,delivered,2018-07-19 10:27:39,2018-07-19 10:42:44,2018-07-24 11:34:00,2018-07-27 19:21:52,2018-08-20 00:00:00
75d64d83a9bbe69f614a590930b789f0,d376e2ae74c8c6d28c55da7adfb520fe,delivered,2018-01-26 18:16:24,2018-01-26 21:31:58,2018-01-29 18:35:17,2018-02-22 11:04:52,2018-02-23 00:00:00
d949d786471f33d1aab24d9818b79061,30f13ba09acd98e8329af3de045409ab,delivered,2018-03-13 07:54:40,2018-03-13 08:40:32,2018-03-13 17:47:43,2018-04-11 19:46:34,2018-04-03 00:00:00
056349f85a73d794119c4286c95a52de,03bbe0ce5c28e05f22917607db798818,delivered,2017-03-03 14:21:58,2017-03-03 14:35:09,2017-03-03 16:08:50,2017-03-17 12:52:17,2017-03-28 00:00:00
385bb289e781db00c52902ecdf39620a,ba4e7a88dd83c84703ffe3aacb94f79a,delivered,2017-06-05 12:20:45,2017-06-06 07:33:17,2017-06-12 14:52:05,2017-06-19 14:48:53,2017-06-28 00:00:00
aca16651c2ea740d8dbad0da8c5fec2d,9d954b3fec9c0d6ade375ef5716a90d7,delivered,2017-09-12 13:59:35,2017-09-12 14:15:13,2017-09-14 17:33:12,2017-09-15 14:59:51,2017-09-22 00:00:00
01e0386aae6c6385feedb58bd4aae5c7,f2ad615b9e352f08c5382d34ed55ce8b,delivered,2017-11-24 21:35:46,2017-11-25 01:31:39,2017-11-30 21:03:45,2017-12-11 20:45:03,2017-12-15 00:00:00
c966e6db0bc28a9e977974aa51ad5d61,8cdc9cdfa1931900e7d638a16ffda04a,delivered,2018-03-23 16:40:59,2018-03-23 16:55:56,2018-03-27 01:32:31,2018-04-09 22:42:28,2018-04-18 00:00:00
27985bef55ec339f228456aa727e3e87,3f9a4c8e809a1b5d0bec58626162cbe5,delivered,2018-07-21 08:42:03,2018-07-21 08:50:14,2018-07-26 13:09:00,2018-07-30 18:51:16,2018-08-08 00:00:00
cd0d42e029e3b56ba5f53f6c59e5541b,34a7113ee408811be7f4bfc68651bde5,delivered,2018-02-28 16:27:24,2018-03-02 02:15:51,2018-03-02 20:08:13,2018-04-07 14:24:39,2018-03-20 00:00:00
85cecbd067fc6feb989de87d22126955,ef200b7ad812c7883186f2fb0482ebe0,delivered,2017-08-18 22:30:29,2017-08-18 22:45:12,2017-08-21 21:27:51,2017-08-29 20:23:06,2017-09-20 00:00:00
70cca242632c1f58abe233c9ea071415,61892c983a579e842242d67db04c0925,delivered,2018-04-06 21:36:54,2018-04-06 21:50:10,2018-04-09 13:04:55,2018-04-13 15:36:46,2018-04-26 00:00:00
d063dcc119860db74b0e76cbac5fb4ca,6d1e7c6a52ef57ca5462d78e575a0c1b,delivered,2018-08-21 01:06:28,2018-08-21 01:15:12,2018-08-21 11:58:00,2018-08-29 20:48:33,2018-09-18 00:00:00
ba436db3c441f63a8ed34e695ed2e9f4,5b088866d5d40ceef628716f9ac1173f,delivered,2018-07-31 19:00:14,2018-08-01 04:35:11,2018-08-01 12:13:00,2018-08-03 17:22:54,2018-08-13 00:00:00
eaa0211ae0667cb758713505ee149479,2a612257efe760db38fa27d6e45f9d6f,delivered,2017-08-21 12:27:20,2017-08-21 12:45:40,2017-08-23 20:28:56,2017-08-24 20:33:41,2017-09-05 00:00:00
82ffe097d8ddbf319a523b9bbe7725d5,caed95700dcb091eeaac59a97fe0cb17,delivered,2018-04-23 01:41:29,2018-04-24 18:29:30,2018-04-23 16:52:42,2018-04-24 17:34:30,2018-05-08 00:00:00
885ab07cf96454b41862d8b17e76a901,9cc68dabd982b73d1e5d270a58bb59d1,delivered,2018-01-11 19:35:01,2018-01-13 02:17:01,2018-01-15 21:18:50,2018-01-31 00:48:51,2018-02-15 00:00:00
be13c8dcfef55266122ed7d751f92ce3,92dc1467d2ba256b84a991c5a3218221,delivered,2018-04-20 10:21:38,2018-04-25 04:11:22,2018-04-25 13:38:00,2018-04-30 19:24:42,2018-05-15 00:00:00
1aabc8c7c8525b6ada34a6a07d88e26d,d8d4bfa3aa3d6a7fa3760a50e532383f,delivered,2018-04-23 17:32:07,2018-04-24 19:09:53,2018-04-25 15:07:00,2018-04-26 22:32:37,2018-05-14 00:00:00
f21cd4bd6f6e9d39426b98c64f73e041,1e7ae75f912048bbe71c5b5a3d963026,delivered,2017-11-01 15:55:42,2017-11-01 16:31:05,2017-11-04 00:31:30,2017-11-09 18:41:10,2017-11-22 00:00:00
4480ac0eaab783664bd03d73f20e2896,f7c0d5a379b38678cfe086ea1d2da350,delivered,2017-11-03 21:12:11,2017-11-03 21:31:20,2017-11-04 14:32:19,2017-11-06 11:09:00,2017-11-23 00:00:00
964d7960d6a2fad0dbe19f9365bfac2d,bcedc39b5161851e34292ddb63cee414,delivered,2018-07-24 09:46:25,2018-07-24 11:24:22,2018-07-24 14:55:00,2018-07-27 18:36:39,2018-08-07 00:00:00
5ce6c2a88e2b68d791065155debf44f8,dc238912e54163b9714b4a07ef017a9b,delivered,2018-03-31 15:06:46,2018-03-31 15:27:03,2018-04-04 01:33:52,2018-04-11 10:38:37,2018-04-27 00:00:00
dee50837840e6d11581521e1bee4899a,6845da3310055e9fde2b3c8e05f097b8,delivered,2018-05-01 11:55:52,2018-05-01 12:15:26,2018-05-03 06:31:00,2018-05-08 15:48:44,2018-05-21 00:00:00
a0e747c954a595b0e3458c87ab1a4958,1a963bd5c5e5549042046bdf3e098358,delivered,2018-05-09 14:47:10,2018-05-09 15:37:06,2018-05-24 09:37:00,2018-05-28 17:31:28,2018-06-13 00:00:00
46ee18d54b333b82bf3ade82ec553b5b,d2982ce1bd915c65f75e78f79031f45c,delivered,2017-05-24 18:51:32,2017-05-24 19:05:16,2017-05-29 11:28:12,2017-06-03 09:28:50,2017-06-20 00:00:00
a14990206b64de40d5aa9e4a235bcc64,0f8578d7df4151708dbebbd72050ce3c,delivered,2017-11-24 19:30:03,2017-11-24 22:55:18,2017-11-30 02:36:46,2017-12-22 18:05:56,2017-12-19 00:00:00
38ead2ac61ab32ce96209301f9d365f6,0be74c3190e29ed9550c7c2ca1417a14,delivered,2018-05-10 16:19:55,2018-05-10 16:35:27,2018-05-11 15:13:00,2018-05-21 23:22:34,2018-06-07 00:00:00
87e4985661d2e38f02b965d961204540,0b6e67116678675d404842a14bc20e20,delivered,2017-11-19 19:01:48,2017-11-19 19:15:52,2017-11-20 21:29:02,2017-11-23 20:49:16,2017-12-07 00:00:00
3c12bc6e3b1b88c14e55b9c38fddecf6,0074a15febc9459ab2f999ea0e22c8d6,delivered,2017-11-28 14:43:10,2017-11-30 02:25:53,2017-11-30 17:53:22,2017-12-26 12:09:12,2017-12-21 00:00:00
5d008274e5bc6e6fa48c833c4b0f36a1,ccd5dc778d55dc1ea0e661982c1e9d44,delivered,2018-08-20 13:28:21,2018-08-20 16:00:54,2018-08-21 13:08:00,2018-08-24 14:12:39,2018-09-24 00:00:00
9792e6669ba4f0e23d84a9ac8af2a423,a1c6767b4d0951165946354edad40ac1,delivered,2017-07-29 19:30:58,2017-07-29 19:45:13,2017-07-31 13:41:58,2017-08-02 18:17:46,2017-08-11 00:00:00
036b2855a4c92b30f0bd1f3fc0f46e48,0bf622b6f70b7f7f0af5948b9886af09,delivered,2017-02-16 15:56:11,2017-02-16 16:05:25,2017-02-24 03:33:01,2017-03-06 14:35:52,2017-03-22 00:00:00
92fc1ca41d579ec86467b590c6acc489,4012bdbbe41e3774ab764a0fa4f76b4c,delivered,2017-11-06 14:25:23,2017-11-07 07:30:48,2017-11-10 18:41:35,2017-11-21 20:42:43,2017-12-08 00:00:00
feacbb2f31e0c7fcaa4ba9c35d879347,a8a08a106f5596b07e4af3742c244771,shipped,2017-12-14 09:13:33,2017-12-14 09:34:12,2017-12-18 18:44:57,,2018-01-11 00:00:00
dbcb89699a4736bcef1373eb9d8ae5d1,81e58748fd88658cd29a87a52d64f7d1,delivered,2018-07-31 23:18:31,2018-07-31 23:30:11,2018-08-02 12:46:00,2018-08-06 17:15:44,2018-08-17 00:00:00
98b7e48a869cc004297cb968e5d81401,69f97d75cfa0b60b3bc20069674878f2,delivered,2017-11-12 08:58:30,2017-11-14 04:30:27,2017-11-17 15:25:53,2017-11-23 22:32:03,2017-12-01 00:00:00
570b4fa8d33a773b9d32bd9a5c9eb077,1ffeec9fd3ef7f6c61f5f59a33b13198,delivered,2017-05-14 10:03:32,2017-05-14 10:15:18,2017-05-16 10:18:59,2017-05-24 12:04:44,2017-06-02 00:00:00
955b3eccb8e0c21820f39caeb0309789,680197ddda56ad2150f56b7bd4a1734a,delivered,2017-11-08 18:39:08,2017-11-08 18:51:06,2017-11-10 22:09:46,2017-11-23 21:54:40,2017-12-07 00:00:00
fffce4705a9662cd70adb13d4a31832d,29309aa813182aaddc9b259e31b870e6,delivered,2017-10-23 17:07:56,2017-10-24 17:14:25,2017-10-26 15:13:14,2017-10-28 12:22:22,2017-11-10 00:00:00
38a205d16aa85ec7daa30215713cbef8,a67c6d5b763ab7890173042f8997740f,delivered,2018-04-04 19:07:44,2018-04-05 02:15:32,2018-04-05 21:58:50,2018-04-17 18:58:23,2018-05-02 00:00:00
16e27874a42f09b20f86847e6f976126,55b416182b328ad5d15d7a0e6c8f0383,shipped,2017-07-02 15:53:47,2017-07-04 19:15:22,2017-07-05 12:22:22,,2017-07-27 00:00:00
16102df665809d8700f73d91e4886abb,7ac0a40c02e7b79d14b21fe0c2737fa1,delivered,2017-12-27 13:17:00,2017-12-27 13:27:48,2017-12-27 20:28:40,2018-01-03 20:14:55,2018-01-22 00:00:00
d4a55c0235e5b57bb0cc9939dcb321bb,f7eef9c25275c006a8c9df2e5883ca78,delivered,2017-11-27 23:17:35,2017-11-27 23:37:27,2017-11-29 16:38:52,2017-12-18 23:12:17,2017-12-15 00:00:00
afce6241639c871ea13eddfd86b3ded8,a6cc78b847169771e22b2035a9b016f3,delivered,2018-03-03 21:06:41,2018-03-03 21:29:13,2018-03-08 00:38:46,2018-03-20 17:04:49,2018-03-29 00:00:00
c6deb8388ec8288e163d7b5ba4f06099,b33ab3f861541bff5a301c3b38c4126d,delivered,2018-06-15 16:55:27,2018-06-19 03:57:27,2018-06-22 14:12:00,2018-07-05 22:34:26,2018-07-25 00:00:00
045b9114be21f880246ba6d749f577af,9338c981c1692068c92ee532bb91b112,delivered,2018-08-11 14:59:32,2018-08-11 15:15:14,2018-08-13 14:53:00,2018-08-17 23:27:53,2018-08-30 00:00:00
90e3ed5bc7c3104c5d7012e809f4b399,12353745b7c8ba37795ab8c7102d761f,delivered,2018-08-09 20:17:19,2018-08-09 20:30:16,2018-08-17 15:37:00,2018-08-30 10:34:39,2018-09-10 00:00:00
56b58249ffb3737fd1083df765e0838d,a9641f3d71a5d6ed789920fcc9c079fc,delivered,2018-04-21 14:21:14,2018-04-24 19:05:57,2018-04-23 23:44:49,2018-05-04 16:07:30,2018-05-22 00:00:00
137c8b3eddd2a8b6d54b434ea3089d37,f120f070594b950c2921147b0914a8f7,delivered,2017-12-10 09:28:49,2017-12-10 09:38:22,2017-12-11 16:23:01,2017-12-20 17:52:30,2018-01-04 00:00:00
21359e988a499d8217626005d16a61d6,affd1614dbd9b0feb6e820039adc1380,delivered,2018-04-23 11:10:12,2018-04-24 19:08:40,2018-04-26 11:05:00,2018-04-28 00:42:35,2018-05-11 00:00:00
d0fc18b01244d3a08b0fd12deede8201,da70cbcb5012f2055b4f2c90d28725fc,delivered,2016-10-06 07:08:15,2016-10-07 03:09:23,2016-10-21 16:18:05,2016-10-31 11:27:54,2016-11-30 00:00:00
e48949fd6c2be8f0fa6dd91af8f0f50e,94ffefe39393f5189eb81b8a023fdb3d,delivered,2018-07-19 19:59:06,2018-07-19 20:10:19,2018-07-20 12:31:00,2018-07-27 20:57:28,2018-08-17 00:00:00
05c882a9c704a528bfbaa15fd8805d43,4cd82bbc6e8b838a998e3049fe862493,delivered,2018-01-12 18:30:01,2018-01-12 18:37:24,2018-01-16 22:41:54,2018-01-29 19:41:12,2018-02-07 00:00:00
303cefa0f5b9ed6af793756df252eff5,cf4dbbb52c23ef9d9fbf701b2919afee,delivered,2018-04-11 10:48:18,2018-04-11 11:10:53,2018-04-11 23:03:34,2018-04-17 20:20:44,2018-05-07 00:00:00
cec16afc430b7b794fa8703b631f7d3d,6721658ca0e4a2bca6109b12f22ac8e4,delivered,2017-11-20 13:31:18,2017-11-20 13:46:34,2017-11-21 21:52:53,2017-11-22 21:32:18,2017-12-01 00:00:00
a4a82921d715a8e41c1f63842761f0df,1900b6dbb6cfd5f4fc2fb827728444df,delivered,2017-09-23 12:47:56,2017-09-23 13:04:14,2017-09-27 16:58:55,2017-09-29 21:51:20,2017-10-13 00:00:00
e935ce70219fca7400f41fa9b59aad56,6ac009da0231e1256348748cf0b68003,delivered,2018-01-31 21:31:38,2018-01-31 22:09:44,2018-02-05 19:24:26,2018-02-26 15:24:51,2018-02-22 00:00:00
fb4f9c2fb91af3fe686805e1e898012c,94a4c7499ff88ad181b737c00b46baa2,delivered,2018-03-17 08:25:01,2018-03-17 08:49:40,2018-03-19 21:42:42,2018-04-02 17:52:48,2018-04-10 00:00:00
5a29fd07d4a1b1523a932159e4648b28,d0da29bb6c19ff57126bbbd9ed63dead,delivered,2017-11-25 13:59:42,2017-11-28 04:31:11,2017-11-28 15:24:38,2017-12-03 15:17:40,2017-12-20 00:00:00
80258201cda75aff559a9cc15eb0da49,89b1996b0591126bf4b91eca215d6e67,delivered,2017-09-05 18:38:57,2017-09-07 02:44:28,2017-09-11 20:16:39,2017-09-15 13:47:25,2017-09-22 00:00:00
9cdbb1c345ba349adba6b394300770d1,1101e7a94a2ef9cec1c8cd51d826c486,delivered,2018-02-12 13:20:25,2018-02-12 13:30:43,2018-02-15 20:04:28,2018-02-19 12:23:11,2018-02-26 00:00:00
511854b706288fb7c853f22f68f1ab37,18e2280760d13e8c14bca9a5d6f22543,delivered,2018-01-23 17:37:54,2018-01-26 06:33:26,2018-01-26 23:09:40,2018-01-29 19:27:09,2018-02-07 00:00:00
ec0a836329e091712f3a4979b6dcfb41,f2d2a15afadd3bfc3c421fa219387bed,delivered,2017-03-02 01:21:42,2017-03-02 01:30:18,2017-03-03 08:07:46,2017-03-09 05:29:10,2017-03-21 00:00:00
82fb8895a278d7ff122edb5df3e4abed,e6d07d60900b9be7053cc080a3b5cef4,delivered,2017-10-16 06:20:04,2017-10-16 07:05:47,2017-10-16 21:56:03,2017-10-23 20:57:43,2017-11-07 00:00:00
3737d5e98a43749e8713ea1e2c9b5355,c512f620f76cc7b83e3eceeb72bfc6de,delivered,2018-03-04 13:25:01,2018-03-04 14:08:39,2018-03-06 17:38:36,2018-03-22 16:20:57,2018-03-22 00:00:00
cb655436a926b3051ca8d308eee56323,9c870d10e364de6d2b00edeb0d76127a,delivered,2017-07-29 17:58:58,2017-07-29 18:10:11,2017-08-01 21:23:40,2017-08-11 18:26:01,2017-08-22 00:00:00
2217b5983c4fe87f26639368401a2f6c,1d00d4257cd4d0b396bcc38d629a45c3,delivered,2017-04-07 15:22:10,2017-04-08 16:35:26,2017-04-10 14:43:18,2017-04-20 16:21:15,2017-05-03 00:00:00
5dbd99a1d0b13836606e44c8efe79fa9,c2043136b06ed8ee03cfe2c801d8d145,delivered,2017-06-15 10:10:40,2017-06-17 03:44:28,2017-06-23 12:13:04,2017-06-28 16:15:07,2017-06-29 00:00:00
15fb8208682172544e82b96aeb5229fa,ccef1b0140b0978b6b1bbc28e54262e7,delivered,2018-03-23 10:10:19,2018-03-23 10:29:05,2018-03-23 21:51:46,2018-03-29 20:25:02,2018-04-05 00:00:00
1ceb3108c68b70110cbeb7b7061e1a38,d026485ca24203e2d4a91c6b381eaba3,delivered,2017-07-04 10:45:09,2017-07-05 02:45:09,2017-07-05 18:40:20,2017-07-10 20:55:06,2017-07-24 00:00:00
219347c42048a30943af4fecbcfd5746,c90b92c9052f0a0371a2301a5d2911a3,delivered,2018-03-21 13:03:51,2018-03-22 02:35:41,2018-03-23 20:03:29,2018-03-26 21:26:45,2018-04-03 00:00:00
21ae9d6a114e6bf02be6b59e300b74bd,2902c21eef06f2af20f03c6ab0a2c263,delivered,2017-12-03 21:09:16,2017-12-03 22:32:14,2017-12-04 20:52:57,2017-12-07 15:58:43,2017-12-20 00:00:00
f947132461622a725c4661c580ab80da,f34d9ce608a00ce18da66b40c54afdfe,delivered,2017-08-22 23:42:12,2017-08-23 00:32:54,2017-08-23 23:43:50,2017-08-31 20:33:56,2017-09-14 00:00:00
173be97f981ae72384ff95a719544e7e,01d95b948587656bd900ca5e00983957,delivered,2018-02-13 22:54:16,2018-02-13 23:10:30,2018-02-15 16:04:47,2018-02-26 19:35:23,2018-03-06 00:00:00
ef15dbaf1048212a36d11261a1feb460,3ab67c90e72ca2917ab6d048e4183259,delivered,2018-05-09 19:48:46,2018-05-10 19:50:56,2018-05-11 15:29:00,2018-05-16 23:46:47,2018-06-01 00:00:00
6fa1b046e2e8e336c8350c7e1600bb32,756678a6b6b90b059144bdfa80f4a786,delivered,2018-07-27 20:05:31,2018-07-28 02:50:23,2018-07-31 14:14:00,2018-08-02 00:13:34,2018-08-01 00:00:00
02beac5428ccbd30f4b3fbded058289f,b3ab3d70a498cea9282b87bc2fdf4c00,delivered,2017-10-29 21:01:35,2017-10-31 04:15:16,2017-10-31 19:28:46,2017-11-06 17:26:41,2017-11-22 00:00:00
b64b31be08d0151c4115537cbef3dc06,e6aec7b202899b3148da9039164fe850,delivered,2017-03-13 16:31:00,2017-03-13 16:31:00,2017-03-15 11:34:29,2017-03-22 15:44:53,2017-04-03 00:00:00
e02d61b42452cc6737650331d8bc8ad7,88127edc390afb814360a003695dd0fe,delivered,2017-11-25 21:34:53,2017-11-25 22:34:23,2017-11-29 00:18:51,2017-12-26 16:15:10,2017-12-18 00:00:00
c67d6454958f638555556ae0b89729ec,d44fc88de50668ab07b03e6a25bceee6,delivered,2018-01-26 13:55:40,2018-01-26 14:22:04,2018-01-29 20:18:59,2018-02-09 18:15:59,2018-02-22 00:00:00
c6d6debf53b012b5b280530352c67792,74f58926de33cc3b64b41ed2307f96eb,delivered,2018-08-08 19:00:15,2018-08-08 19:10:20,2018-08-15 15:06:00,2018-08-21 16:03:56,2018-08-24 00:00:00
8283cff259b1a37c914671e1385a2f72,919313c655ea2523ce7e689dc0558137,delivered,2017-11-29 08:56:00,2017-11-30 02:20:30,2017-12-04 21:48:46,2017-12-11 22:28:53,2017-12-29 00:00:00
ed159f7220fe49164a43fbf4fe3a15d1,425793dac84f3a20dede5cd61cb46d4f,delivered,2018-08-07 21:14:53,2018-08-09 04:05:17,2018-08-09 13:32:00,2018-08-10 13:54:50,2018-08-29 00:00:00
f321507959f5d110b06985b282a5ea6e,6fe9cc55e706b2c7813490f7b6a3996d,delivered,2017-06-01 12:56:27,2017-06-01 13:10:36,2017-06-09 11:13:38,2017-06-19 19:52:49,2017-06-26 00:00:00
6d206f309ddf213a7977318bbe5d3cd0,8fe1a699c51916b203ee684f642d234a,delivered,2017-08-16 19:49:56,2017-08-16 21:24:55,2017-08-18 10:13:39,2017-08-23 19:37:29,2017-09-14 00:00:00
eb854e76ca9b5d2e3bbba2a72622fd27,c67765fd1f96be3c1a92853712a05f93,delivered,2018-06-02 17:21:38,2018-06-02 17:35:13,2018-06-04 10:15:00,2018-06-14 16:46:37,2018-07-25 00:00:00
e121d5d3ae614bc7cbd5eddba13b16fc,c7c0ba6613929d7d0a82ef70a992a184,delivered,2017-02-06 06:40:56,2017-02-06 06:55:07,2017-02-07 18:14:44,2017-02-13 10:53:21,2017-03-03 00:00:00
83e1eaa798d40149e009b6b70835e330,86908d3b15e2dbbba49129132772b62c,delivered,2018-02-21 09:27:42,2018-02-21 12:03:31,2018-02-21 21:42:31,2018-03-15 22:29:41,2018-03-13 00:00:00
e93d171f961fc1207c5ff8d1956267b5,603e99653f7b17aa9e8c74deb98c4acf,delivered,2017-06-15 13:54:38,2017-06-15 14:05:13,2017-06-16 16:29:43,2017-06-19 12:58:30,2017-07-10 00:00:00
d1d236cc3f6641fff88f1239a22b9b2c,3b3300104ab7e775a7493a3dd5f1fdf4,delivered,2018-03-03 08:52:32,2018-03-03 09:08:33,2018-03-05 23:30:01,2018-03-16 22:57:33,2018-03-28 00:00:00
e0797286b1f41001e5c1388d4d8144c1,f8392feb1839b8ecbe9c9c2553ef2849,delivered,2017-08-27 19:20:56,2017-08-29 04:26:09,2017-09-01 19:11:56,2017-09-06 19:17:44,2017-09-26 00:00:00
3c3d88787b28904377716a09b10fb0e4,9b1681324bf50ce1be7d23adb7416d3b,delivered,2018-08-02 21:49:02,2018-08-02 22:24:14,2018-08-03 13:53:00,2018-08-09 01:32:48,2018-08-14 00:00:00
2f0f1657f49de673ff9c502c8fd8235f,0ef5347dd91b15252c28720c16b0438c,delivered,2018-08-17 13:25:18,2018-08-17 14:30:17,2018-08-20 12:15:00,2018-08-28 16:58:38,2018-09-17 00:00:00
b022e6618cd7a7bd4a981f0e7951922c,967a3618f5b308110ab6eee2c31a0187,delivered,2018-08-21 23:14:28,2018-08-23 02:44:30,2018-08-23 12:48:00,2018-08-27 22:24:41,2018-08-27 00:00:00
48cfadf939f8bc6a5f3890799a9c62f5,35bc87103d16a383cf9a98b672d3bb3e,delivered,2018-07-18 18:58:11,2018-07-19 02:55:10,2018-07-19 15:17:00,2018-07-23 17:31:37,2018-08-01 00:00:00
c9e77b39e9de73578b21ef93a26f3905,3bed1ed2de380c0df26c6566a00693a9,delivered,2017-08-21 14:38:38,2017-08-21 14:50:15,2017-08-22 18:28:16,2017-09-01 22:41:10,2017-09-25 00:00:00
8cd448ae996563c19d5a2fc92c37a00b,0be35675024b139cf0359dcfdf6b80f8,delivered,2018-04-30 22:07:49,2018-05-01 03:32:36,2018-05-02 12:21:00,2018-05-26 12:08:49,2018-06-08 00:00:00
5123fb3580d7dd11bfd9c25321e43ed5,fa2f78384e572a521f543cefbb07c5ee,invoiced,2017-06-13 15:24:53,2017-06-13 15:43:07,,,2017-07-11 00:00:00
bef85b22582f29dd832b5b75cedadf22,31f8e0bb80606b3381ad2c6b7f802786,delivered,2018-04-12 12:58:23,2018-04-12 13:11:45,2018-04-12 23:11:48,2018-04-19 21:19:07,2018-05-14 00:00:00
afca5fe0f14b7178c97f8cb22611f584,1cc0be4cc7381917d867be563e2de5d0,delivered,2017-09-09 15:24:45,2017-09-09 15:43:46,2017-09-12 23:06:47,2017-09-21 18:57:42,2017-09-28 00:00:00
a3c7dc0e0b30a40861c073f24bd4c601,8e8815c3f80fae589be53794c68e64e2,delivered,2018-04-28 12:36:25,2018-04-28 12:53:23,2018-04-30 14:59:00,2018-05-03 22:22:22,2018-06-01 00:00:00
3bb5b510c269261066a258389a2e00d7,df356d484fd5d357a5db8a7cf0da84f5,delivered,2018-08-02 12:05:27,2018-08-02 12:55:26,2018-08-03 11:09:00,2018-08-10 22:26:23,2018-08-23 00:00:00
d9a932befd90783805fe255151f656a5,59b6f50384a62d257a93ff1b41235166,delivered,2017-11-11 18:03:19,2017-11-14 04:15:50,2017-11-14 17:26:28,2017-12-07 22:13:54,2017-12-13 00:00:00
8fc1d441a00d0ba601d5609fd95f4174,b95b33dbd27f604858d1914b262217ba,delivered,2018-05-07 08:39:56,2018-05-07 16:53:09,2018-05-08 15:22:00,2018-05-10 19:02:26,2018-05-21 00:00:00
ce3b8f352671b03850de8e62f083d617,9b43e111c23e03151c69237026ec1988,delivered,2018-05-19 10:03:00,2018-05-19 10:19:22,2018-05-23 16:18:00,2018-05-24 16:42:23,2018-05-30 00:00:00
01bbfee76e5e3f96f008c781c2c17bcf,b26791f21e725f36e32d150c31e68c9b,delivered,2018-03-21 11:13:07,2018-03-21 11:27:55,2018-03-23 18:29:03,2018-03-29 16:13:09,2018-04-06 00:00:00
869fcf8057010b24148fcd1e2834537d,ecaee89b579b905d3e2ce634b5db665b,delivered,2018-02-10 18:48:28,2018-02-10 19:05:27,2018-02-15 20:52:26,2018-02-16 20:45:17,2018-02-26 00:00:00
13cc20205a5d08b532f127b6fbf0f370,bc3d068a7062de50a2199a7132558eac,delivered,2017-11-09 15:29:56,2017-11-09 15:46:56,2017-11-10 10:43:48,2017-11-17 22:14:06,2017-11-29 00:00:00
455df7bac21225d8e684c0712d10fe99,f07b68206c2986c757bbd4cf41705f1b,delivered,2017-07-18 16:45:28,2017-07-18 16:55:19,2017-07-19 18:36:29,2017-07-24 19:52:02,2017-08-07 00:00:00
3c5abfef5fc10bb24f9a77d78a42768a,f877c7eb2c7e846ff91c60a8df56218d,delivered,2017-04-22 00:20:19,2017-04-25 08:02:52,2017-04-26 11:06:11,2017-04-28 13:23:54,2017-05-18 00:00:00
11dae77988d96fdf02834d83d7d018e2,90388e181deb65d18e4a45a0f1baf42e,delivered,2017-07-15 15:46:21,2017-07-15 16:04:02,2017-07-17 18:12:04,2017-07-27 21:11:43,2017-08-10 00:00:00
8e500747ed0fbfd6b89bb11955b3ccbf,8dad9347d1a281ed85a300a7be9d0647,delivered,2017-05-17 12:49:38,2017-05-17 13:11:12,2017-05-18 08:26:53,2017-05-26 07:22:09,2017-05-30 00:00:00
039749cde6a67a679fa5602f776cefa4,45a5fdd83a9dcd5745c0958868fe76a4,delivered,2017-06-27 18:44:31,2017-06-27 19:05:11,2017-07-05 09:27:43,2017-07-07 17:28:28,2017-07-17 00:00:00
7d000307a29338a053287f79e225e09a,9e684293d3dee5021bfc836040e02a19,delivered,2017-09-07 11:53:21,2017-09-07 12:05:44,2017-09-12 21:48:55,2017-09-27 21:11:32,2017-09-29 00:00:00
9224db86cedf958891e1b1afb4ad570c,9407dee37113fbe31a3fe60a3d221e37,delivered,2017-01-30 10:12:59,2017-01-30 10:32:21,2017-02-03 10:28:31,2017-02-10 18:28:30,2017-03-27 00:00:00
efc734aa0895a5973f3e783a742f1119,9e7ba5e8f54ad8293a1da0e2e458b4b4,delivered,2017-01-26 12:45:40,2017-01-26 12:55:25,2017-01-27 11:47:54,2017-02-13 08:25:02,2017-03-08 00:00:00
3950ce59ecfeb14516007ec93453b8d6,d0ff95120ef2c65ac39e8c480923de55,delivered,2018-01-11 16:54:13,2018-01-11 17:08:29,2018-01-15 17:58:46,2018-01-16 21:42:36,2018-01-30 00:00:00
a1c6f504575eb7ce4a5194a3af7316e0,7ba55e28fb6e70a1e8c52759b2e107ad,delivered,2018-06-25 12:32:33,2018-06-25 12:54:21,2018-06-26 16:52:00,2018-06-29 16:08:23,2018-07-16 00:00:00
95efc26128229ac33bfc67d4fce8fa28,0910359fc88a7c2610a39c0d417bd2a0,delivered,2017-08-14 20:46:10,2017-08-14 21:30:14,2017-08-16 17:34:03,2017-08-29 16:29:52,2017-09-28 00:00:00
b19169c7cb8391fb8561e094d61c531a,620732fed5579e0bdfdddee02aad4c54,delivered,2016-10-10 15:49:59,2016-10-10 16:02:54,2016-10-21 18:22:31,2016-10-28 14:43:41,2016-12-02 00:00:00
d239a31dde13f5e8fedc8c79c9ea4193,8c456c6fd5c7e0a5266d19e071108581,delivered,2018-04-12 16:08:04,2018-04-13 13:14:28,2018-04-13 22:51:49,2018-04-30 22:12:02,2018-05-10 00:00:00
fd2356259b01adb02b8da459b14a92fc,c9aa18605cde539bbfb11d1aa4004809,delivered,2018-08-14 11:54:06,2018-08-14 12:10:23,2018-08-14 15:32:00,2018-08-16 14:48:52,2018-08-17 00:00:00
25efa6c863eee6b4b658233ee3b463a3,48034fc850feab344e3a8733abdfd51c,delivered,2017-03-29 20:05:38,2017-03-29 20:15:07,2017-03-31 14:10:18,2017-04-05 11:34:39,2017-04-20 00:00:00
09eefc2f4932b01761f55d6b623ab527,e49eaacc54850c6362b04617ad4c01ea,delivered,2017-12-15 15:54:24,2017-12-15 17:00:51,2017-12-19 21:14:43,2017-12-20 19:04:36,2018-01-09 00:00:00
36d43d9ea16e2435752ad9dd52850b73,16ece50a0fe3d823fb028f7effe052f5,delivered,2017-08-11 22:36:59,2017-08-11 22:50:07,2017-08-14 18:03:45,2017-08-16 19:36:40,2017-08-24 00:00:00
ef0dca645d1e44bb9ca32196198b51d4,4a0a2ded6abf7e7c16291499c6840de2,delivered,2018-01-17 13:29:58,2018-01-17 13:50:14,2018-01-17 20:54:07,2018-01-24 13:06:53,2018-02-08 00:00:00
898357f8ca3d5cebd8ed0edcc9333503,9d591ace593afccb89b98390261ee19d,delivered,2018-02-10 17:26:43,2018-02-10 17:45:45,2018-02-15 02:21:58,2018-03-02 01:32:29,2018-03-12 00:00:00
dc82ca767bb8a029bf346c1cb24bbdda,44bc1775b9a28ebe3292e12b53337443,delivered,2017-04-19 19:07:40,2017-04-20 19:15:09,2017-04-24 14:06:49,2017-05-05 15:38:03,2017-05-22 00:00:00
c42c7ad2f2d44d2e9032297b9b8e2a1e,a744a615992afa64466809709574c336,delivered,2017-06-02 11:46:50,2017-06-03 09:35:10,2017-06-05 15:53:41,2017-06-22 14:09:44,2017-07-11 00:00:00
3ba501474fa8bf57cb48c5721307bdef,0385c8d2e645df58096ed14446b5374d,delivered,2017-12-17 11:59:52,2017-12-17 12:10:31,2017-12-18 18:06:30,2018-01-03 14:40:36,2018-01-19 00:00:00
0cd0056af7a12a71349c17f4114acb3f,a69d27c0e2913e640dd382e7ba2b45fa,delivered,2018-04-07 15:08:55,2018-04-10 03:49:24,2018-04-13 22:28:24,2018-04-16 19:59:42,2018-04-20 00:00:00
4076d3e76f90825858ffdbf359cd8187,8959f0ac02b89693bdaff818e5a09176,delivered,2018-04-20 12:26:34,2018-04-24 19:07:03,2018-04-27 16:04:00,2018-05-03 13:16:41,2018-05-15 00:00:00
238d28bb25bc75bccaab22efd258df33,0092770b2a1471643d88b60d6b804464,delivered,2017-12-21 15:25:26,2017-12-22 15:19:24,2017-12-26 22:57:54,2018-01-09 21:39:10,2018-01-26 00:00:00
22f83401479022a8e4e700556dc91233,d9b8efad219a6a3871b80c96b2a5b19b,delivered,2017-08-01 15:03:53,2017-08-01 15:40:09,2017-08-03 14:07:45,2017-08-07 17:47:18,2017-08-24 00:00:00
c0d19224d6a56baf63302669fac4e73a,f92826b2c53b8ad8aef98bdd94c0043b,delivered,2017-09-26 22:12:15,2017-09-26 22:28:20,2017-09-28 20:06:55,2017-10-07 15:37:58,2017-10-19 00:00:00
eb6c151662d92e0f9c6b1c3f30122348,27278251bc7e8a7107b55f3fd7061805,delivered,2017-12-27 15:16:42,2017-12-27 15:39:25,2018-01-03 21:38:39,2018-01-08 16:05:47,2018-01-16 00:00:00
c8b09d2fb2d0f23332a7e6a4e5e43d66,e296f6ea21a8f1a35626704cc0e62087,delivered,2018-02-18 12:39:45,2018-02-18 12:46:55,2018-02-26 17:42:31,2018-03-07 23:14:02,2018-03-22 00:00:00
e22acc9c116caa3f2b7121bbb380d08e,fadbb3709178fc513abc1b2670aa1ad2,delivered,2018-05-10 10:56:27,2018-05-10 11:11:18,2018-05-12 08:18:00,2018-05-16 20:48:37,2018-05-21 00:00:00
8d71351dedc5bc951060f8dc16b3fca2,1849a2fff655891c4953613c76a74a74,delivered,2018-04-14 10:29:31,2018-04-14 10:50:46,2018-04-17 00:32:24,2018-04-18 00:44:25,2018-04-26 00:00:00
3ffafbfb2ed55aa2246ffb6886b28d7a,9224a7d3be90e5896fa1466c7f32a3de,delivered,2018-03-11 15:49:35,2018-03-13 04:15:38,2018-03-13 20:34:35,2018-03-22 16:29:00,2018-03-29 00:00:00
b74b01e1553f1129b7aa5c0b73016c62,14ee461cb73062a37b46087e2e18d753,delivered,2018-06-03 17:41:43,2018-06-04 09:30:01,2018-06-05 17:58:00,2018-06-06 21:15:47,2018-06-28 00:00:00
c809662e4bd17369573c49fedfc546f0,031da6839c179617f04c3d5256d264c5,delivered,2018-03-02 16:13:29,2018-03-02 16:31:48,2018-03-06 17:09:42,2018-03-19 20:14:43,2018-03-23 00:00:00
99384088fb9152a53cddf69d0510dd86,18032c692b0fb712e80649c22a59b74c,delivered,2018-02-28 09:32:40,2018-02-28 10:11:36,2018-03-06 18:18:41,2018-03-12 11:45:35,2018-03-20 00:00:00
24778d0f71e47bff8721b93b3aa5b898,d18391172750a605a8c7903ff77284ae,delivered,2018-07-05 19:41:43,2018-07-05 19:55:11,2018-07-06 11:28:00,2018-07-11 21:32:21,2018-07-18 00:00:00
9ef693d3c552d0bdf6d57085e5e14b66,1449ca3e5272f8d48853824b4d68bbce,delivered,2017-06-03 18:30:44,2017-06-03 18:42:17,2017-06-09 20:22:49,2017-06-13 13:33:35,2017-06-19 00:00:00
fffb2ef8874127f75b52b643880fd7e0,ca8374c00203cec663bc1eabf0aaede4,delivered,2018-03-30 15:36:49,2018-04-03 05:08:33,2018-04-03 15:12:19,2018-04-16 16:56:38,2018-04-27 00:00:00
1c2f555edfc445e72867c301b68ac512,e67618ef4120e6f73c343ef079dc405e,delivered,2018-06-28 16:12:59,2018-06-30 02:52:29,2018-07-02 11:17:00,2018-07-05 18:43:33,2018-07-23 00:00:00
609d36dbce43c3ba5232f83d58381f00,e5cf95241d6cdc36468f1d12efe96d04,delivered,2018-03-26 05:47:36,2018-03-27 19:50:22,2018-03-28 19:16:38,2018-04-20 00:15:19,2018-04-16 00:00:00
132f21680dc8ddaecc8b954cefc515b9,f5ac2b8c0d1a52e1abbac2921da93980,invoiced,2018-01-07 16:19:04,2018-01-07 16:26:19,,,2018-01-24 00:00:00
c153dd095e8ccdaa7331d24b23bd62a9,43c02238890ff03d14de5e473345ac59,delivered,2017-10-25 09:09:33,2017-10-25 09:26:07,2017-10-26 20:51:44,2017-11-09 16:54:51,2017-11-22 00:00:00
02b7e7c49710de373ce4bb83fd4bf81d,958a6f45092caf24c9c986aae8324cae,delivered,2017-05-10 07:27:24,2017-05-10 07:35:07,2017-05-11 12:39:58,2017-05-17 13:05:47,2017-05-26 00:00:00
faf5353e864ae43e76a472b039d0a1a2,7c20349f837558ca24c0dea60c90424e,delivered,2018-03-21 17:43:43,2018-03-22 17:48:27,2018-03-23 17:46:39,2018-04-13 21:28:21,2018-04-13 00:00:00
d7ad2df000aead4e9ad0ff7e9118990f,e616cea6901a7bb9daed07e9135f4ac9,delivered,2018-05-31 22:54:21,2018-05-31 23:12:24,2018-06-01 16:16:00,2018-06-12 21:05:28,2018-06-29 00:00:00
943035d73ee455c651564e940e946391,427c17ea5664a2b18bebc11f85edf315,delivered,2018-08-05 22:06:45,2018-08-07 04:15:30,2018-08-08 00:17:00,2018-08-08 20:57:51,2018-08-09 00:00:00
5041274e6fb755ecb3f38d5285c396b2,f7348d817315b78785d5c8389c26b998,delivered,2018-08-17 14:59:49,2018-08-17 15:10:19,2018-08-20 15:08:00,2018-08-21 19:06:54,2018-08-22 00:00:00
1a7f6ae87826fbacf57f362f73549869,45031d4ebf49057a0e8cbc4a771e16da,delivered,2018-02-19 12:39:37,2018-02-19 12:50:33,2018-02-19 22:38:01,2018-02-27 01:25:08,2018-03-12 00:00:00
bde5784e34d5ba860afb5f85d4d97433,381f2b1b15daad40b72c4ab36c454bbf,delivered,2018-05-31 14:25:35,2018-05-31 14:54:37,2018-06-05 21:12:00,2018-06-06 16:56:36,2018-06-26 00:00:00
2343d4a98379202b11d3ec66c322ab57,83a013746849c173ca9305957f463d89,delivered,2018-03-22 18:07:42,2018-03-23 02:15:43,2018-03-31 15:36:35,2018-04-05 21:32:29,2018-04-10 00:00:00
5935197a3a64cf91a125aa939d5eac7b,c41ad6dff0d077fd45ac8549be56f557,delivered,2017-07-17 13:33:21,2017-07-17 13:45:17,2017-07-18 18:39:31,2017-07-29 12:45:43,2017-08-08 00:00:00
6d649c890e34db80ede180e9497aeb6a,7bb9baed1a0bbe1688da57d56a71b89d,delivered,2017-02-12 09:25:16,2017-02-14 03:43:03,2017-02-15 11:34:40,2017-02-20 16:21:37,2017-03-15 00:00:00
1524aaded819ee3c06b4058825107362,30e007b61b364dff4c0eae95c8c800ee,delivered,2017-11-27 23:34:04,2017-11-29 02:20:22,2017-11-30 17:44:57,2017-12-15 03:15:11,2017-12-27 00:00:00
df940e48580d0f2c2283d0782c7f99e3,f0498a602a79bd85e9365d918bafef25,delivered,2017-08-21 14:55:09,2017-08-21 15:06:04,2017-08-21 21:43:50,2017-08-25 23:29:54,2017-09-13 00:00:00
ffc5d47e40567b5f153d5cd17138eb89,6a259f105654c36924187507b16c4a04,delivered,2018-05-21 09:15:31,2018-05-21 09:36:59,2018-05-21 14:44:00,2018-06-24 17:28:45,2018-06-08 00:00:00
d8d04eeca6703f5545f4c25b8ace1ee9,a2be606029a95748f15824071fffa10e,delivered,2017-01-15 10:14:31,2017-01-15 10:30:11,2017-01-19 09:27:48,2017-01-31 09:33:39,2017-02-28 00:00:00
a85c8521d3ad60bf120cbacb00e099ce,dfb4c38de1e1058e452e6d97af70952f,delivered,2018-06-12 12:48:18,2018-06-13 13:01:20,2018-06-14 14:23:00,2018-06-18 13:22:27,2018-07-03 00:00:00
c4ae7b6961af19604f1a9d8313f5a4c0,3c259bab3180c1adb45784a07b42c1ee,delivered,2018-07-18 06:53:07,2018-07-19 02:55:18,2018-07-19 14:52:00,2018-07-20 21:26:24,2018-07-26 00:00:00
623d69e2357f35887d522d68a5775d69,a55ff18e4390604bedf99daa85a288cc,delivered,2017-03-14 07:28:21,2017-03-14 07:28:21,2017-03-15 13:42:22,2017-03-19 11:37:50,2017-03-31 00:00:00
41a0bc525912e2ff3cc9edddcfa89007,e1296fc9063ce948861d1d3f69640f83,delivered,2018-01-23 09:56:59,2018-01-23 10:20:21,2018-01-25 15:03:57,2018-01-31 19:06:17,2018-02-15 00:00:00
59d926a10c7bbe3763d2ed1fe40afdd1,9c26e41845eb11a5169a059be6308336,delivered,2018-07-06 22:48:36,2018-07-11 03:45:36,2018-07-13 08:54:00,2018-07-25 15:22:05,2018-08-08 00:00:00
9a0ff85473ef691bca39a3636f6753c4,1b4ff42fd8acd3dc49e2a137021b3524,delivered,2018-03-27 19:23:42,2018-03-28 17:30:18,2018-03-30 00:29:23,2018-04-11 12:08:32,2018-04-18 00:00:00
0e87d2e51cc9889baf44d689d0f5827e,fe3afca6cb1f6f7dfe5168f15b9b5ec5,delivered,2018-03-04 21:29:33,2018-03-04 21:48:51,2018-03-07 22:09:34,2018-03-20 23:41:35,2018-03-27 00:00:00
e49d66c37f294666b5c6ef847567226d,767b8065b92f5174f0a6f5ecd40cdf7e,delivered,2017-09-19 07:54:34,2017-09-19 08:06:01,2017-09-19 19:43:52,2017-09-25 17:45:41,2017-10-06 00:00:00
82735bccec90eb2c009ba6290692df70,b08a79f8bc1d4a791ee0762378825cf0,delivered,2017-05-28 22:48:02,2017-05-28 23:02:37,2017-05-30 09:22:32,2017-06-12 14:26:58,2017-07-06 00:00:00
1b2a464e418c7636f68934adaa8571ce,9930df106883e1ab12e0c62375313141,delivered,2017-12-10 16:04:40,2017-12-10 16:15:24,2017-12-11 15:47:28,2017-12-28 20:47:15,2018-01-04 00:00:00
c66db1cfde528d456b728ec6118aa5fa,25f8960ef2061a5701797030a882bfc0,delivered,2017-11-13 09:36:14,2017-11-14 04:26:37,2017-11-16 18:06:54,2017-11-23 19:21:10,2017-12-05 00:00:00
d9832d7b61b00846e220960f82ab95fe,a22d6d0dae91320dc0949ce982c22897,delivered,2018-04-23 18:39:21,2018-04-24 19:25:25,2018-04-25 14:31:00,2018-05-03 11:03:55,2018-05-17 00:00:00
be79be86dd136655ce16f35875950995,ec8c1873e01d62c2b7392da046d525c9,delivered,2018-06-21 22:19:27,2018-06-21 22:38:24,2018-06-22 14:42:00,2018-06-27 17:08:44,2018-07-17 00:00:00
2aff111da5413ddf7c6ab3717f366c06,2e3f6f2d9dff79e95f7e7d0d28e03d53,delivered,2018-03-31 13:49:02,2018-03-31 14:07:59,2018-04-02 21:21:20,2018-05-11 23:58:33,2018-04-27 00:00:00
c6c7f7e01022b968655479b3f81b20ad,40b04b3bf7ab6d7c73d5e68e7327e17f,delivered,2017-06-16 11:28:43,2017-06-16 11:43:11,2017-06-19 16:14:11,2017-06-27 13:32:10,2017-07-10 00:00:00
bd5a6e9434ebae71399bef6eb45d85eb,f2c7fe9676875f9aee4dc2cc6c9f3df0,delivered,2017-10-21 10:02:31,2017-10-21 10:14:43,2017-10-23 16:39:27,2017-10-25 20:55:01,2017-11-09 00:00:00
7736401fe4311425d521c73b6d20cdf2,1267cfa88af2f0d77913219ed425a652,delivered,2017-12-06 15:02:19,2017-12-06 15:12:01,2017-12-12 20:14:14,2017-12-14 16:53:24,2017-12-22 00:00:00
00c2335723b9b74668062e946dc66621,4930dfe106be258618f6907e8ce8795d,delivered,2017-12-31 01:31:16,2018-01-03 04:28:51,2018-01-03 18:05:49,2018-01-09 20:19:21,2018-01-29 00:00:00
b8bc096276da825befb6af5ded96e9b5,48a1b54742262ac81d42d7f93f24c126,delivered,2017-12-04 17:59:38,2017-12-06 02:50:46,2017-12-06 18:23:30,2017-12-15 22:39:08,2017-12-27 00:00:00
1593ad9516af3ed6b4bfa1769d77f0b0,1f2cf3515947f2028f8ba89c02499760,delivered,2017-06-05 23:26:27,2017-06-05 23:35:18,2017-06-06 15:04:25,2017-06-19 18:52:48,2017-06-28 00:00:00
e14ca33656133486b155bc46e5b742c1,b5662c2ed415c039d62566365f368635,delivered,2017-06-12 16:31:45,2017-06-12 16:50:10,2017-06-13 09:33:46,2017-06-16 11:39:40,2017-06-26 00:00:00
ebcefe69d0a823b45706b43bde0e0d77,e5a7f1cd5e6d13ce42e327920e0e065d,delivered,2017-06-07 20:28:13,2017-06-07 20:35:16,2017-06-09 09:27:57,2017-06-19 21:22:14,2017-07-17 00:00:00
aeb5c78d2d8968b2a53ac5d6a554cdb4,3bdae7f94f5dcf2f6d395ddab50d3596,delivered,2018-01-18 17:50:20,2018-01-18 18:14:46,2018-01-24 23:38:07,2018-01-27 15:31:30,2018-02-02 00:00:00
bd4e6b477357e3e0a953996ceff60c2f,42f6b3886f2e50b0f10bafb3ee84d8c8,delivered,2017-10-08 12:32:37,2017-10-08 12:49:16,2017-10-09 20:42:26,2017-10-16 18:37:51,2017-11-06 00:00:00
6689c518166b603faf8f0bc048fae5eb,33f3a825848a91ffae2d8be709630522,delivered,2018-03-21 10:26:40,2018-03-21 10:48:23,2018-03-26 13:41:40,2018-03-27 17:11:48,2018-04-03 00:00:00
3ba5d830ea579cb8687862a83f5b47df,c9b59d9585de0295c3137fb1af8929ca,delivered,2017-08-03 13:44:47,2017-08-04 02:23:52,2017-08-04 15:24:07,2017-08-11 20:36:22,2017-08-25 00:00:00
3d67d1613ecb493299891b537b079f48,b73a5a6d0d5c5df177499c0a40ad18dc,delivered,2018-08-05 21:16:33,2018-08-07 04:44:44,2018-08-07 15:56:00,2018-08-10 22:26:25,2018-08-22 00:00:00
34ce0ca85ae4e7d8cad0c61a10236321,eed993e8f243582c4f4609155e4dad75,delivered,2018-07-17 14:16:29,2018-07-17 14:30:21,2018-07-17 15:40:00,2018-07-23 11:56:25,2018-07-31 00:00:00
f2991816555a193c68d97e39cbc85277,b03cb39ed9265b3b2c8d1f4c0a969f1a,delivered,2018-06-25 10:26:50,2018-06-25 10:53:33,2018-06-25 12:38:00,2018-06-30 14:34:01,2018-07-25 00:00:00
68cf1c197f0444a28730011879182f7a,79ae30e29d8be7c88da3d742493b835d,delivered,2018-02-12 15:03:10,2018-02-12 15:15:21,2018-02-22 03:09:22,2018-04-05 00:22:14,2018-03-08 00:00:00
0b0b271dbd163df371ef9fa4ff573490,9ce368c03fe60e88669c7ad2788c623b,delivered,2017-08-01 07:33:41,2017-08-02 07:43:13,2017-08-02 18:07:29,2017-08-14 18:16:32,2017-09-01 00:00:00
7d28a5b95c769d0f8a58ce0c93671baa,392d4bf53b610ed3764b9fdd6a3bd63d,delivered,2018-02-14 00:33:34,2018-02-14 00:47:24,2018-02-14 22:45:17,2018-02-19 22:49:06,2018-03-12 00:00:00
ecf04d68c5337972de2653e72f80790c,46eb0a46c1f4b94323047849aa20e7d6,delivered,2017-11-03 14:08:28,2017-11-03 14:26:36,2017-11-06 20:18:51,2017-11-07 11:58:56,2017-11-17 00:00:00
2efe3d3b0ddc295d2ce1c43f021078cb,ffbd58aa41cbab07f08190801e939f59,delivered,2018-07-29 16:19:56,2018-08-01 16:31:29,2018-08-21 16:19:00,2018-08-23 15:22:46,2018-08-07 00:00:00
c256d21967285da68304dbc784bae3d4,99a0528411415aa6b0414709077f8ce8,delivered,2017-10-07 22:34:37,2017-10-07 22:49:12,2017-10-10 18:12:02,2017-10-18 15:44:16,2017-10-31 00:00:00
21a4664de3039c3f5b8bc3701c87a1fe,2fc5d6605fdea45a8a6c16ffa8e9b28a,delivered,2018-08-10 05:34:56,2018-08-11 13:30:18,2018-08-13 15:11:00,2018-08-17 19:36:49,2018-08-23 00:00:00
9e5069596e2a296be44ec1e268bf823f,d5e893e9cb27ef066698e1a8c2134a84,delivered,2018-03-16 06:00:51,2018-03-17 05:55:20,2018-03-19 23:52:21,2018-03-21 17:10:59,2018-03-28 00:00:00
5c6d4d0bd50fd99821e4005e6b9cfccd,aa8a684a5012b19225c1b2f623f0a414,delivered,2018-06-07 09:58:06,2018-06-07 10:15:03,2018-06-08 08:33:00,2018-06-16 20:58:48,2018-07-24 00:00:00
219333770b2c6b51ea06298d29555097,3b6342919eeaddf03aa9628d762a57b0,delivered,2018-03-21 09:42:18,2018-03-21 09:50:39,2018-03-23 00:28:28,2018-03-24 17:46:32,2018-04-03 00:00:00
1570d01600292ee762e1d52f80ffffdf,412c3cae5d391915faf70d6058282982,delivered,2017-08-30 12:35:15,2017-08-31 02:44:57,2017-08-31 20:54:54,2017-09-18 21:41:55,2017-09-28 00:00:00
5163b056ed27c054cb24f2c9c6802644,a1f740a3239b8d8f9b28c91d604ed833,delivered,2018-01-14 21:48:19,2018-01-14 21:59:19,2018-01-15 23:04:29,2018-01-16 19:57:21,2018-01-30 00:00:00
c3268641873c510f155cf452759b1ace,a9f64b8184ebe98ebb362683105befe4,delivered,2017-09-01 11:19:18,2017-09-02 02:55:57,2017-09-04 19:43:48,2017-09-11 18:03:02,2017-09-21 00:00:00
8d9bb53f1ee340156de88d6a3aa01344,a960ce8d18bec9e2d50a9b2a930515ff,delivered,2018-01-04 22:32:57,2018-01-04 22:48:14,2018-01-08 22:07:15,2018-01-19 21:08:50,2018-02-08 00:00:00
9350d73de3cd100398a33f60fb84f46f,de6df770eafe17bbee77c0d639fd8878,delivered,2018-07-16 13:57:23,2018-07-16 14:10:54,2018-07-17 08:59:00,2018-07-24 03:11:59,2018-08-07 00:00:00
e9d122ccd05f407b9a65aaae122a9add,c0f60cca1662df685545a69bfb900e96,delivered,2018-05-02 08:36:56,2018-05-04 03:35:17,2018-05-04 12:36:00,2018-05-11 20:15:05,2018-05-23 00:00:00
b3448645d567afb9a105a91748a9e2ab,9818568a35fbec2f8c573ad8d8f22ed6,delivered,2018-04-09 13:36:41,2018-04-09 13:51:35,2018-04-10 17:51:45,2018-04-23 17:04:46,2018-05-03 00:00:00
d28e453f6e9b4d972a755ee769b9835b,fa32c1473ae2c3cfaa1ce469ef60173c,delivered,2017-12-01 09:06:21,2017-12-02 02:38:33,2017-12-04 21:23:03,2017-12-05 19:51:58,2017-12-19 00:00:00
3e22545eb8e4b43efed7c34d5a8be84c,8770f1c3c7f74179623f3e8bec71ae4b,delivered,2017-12-23 12:09:23,2017-12-23 12:29:00,2017-12-26 21:58:57,2017-12-29 21:12:45,2018-01-15 00:00:00
98e54035aaf4e7a4b0464f9e6066febf,200dbc21662c7e23195ecdeaf7c8cce3,delivered,2018-06-19 17:24:15,2018-06-19 17:45:45,2018-06-20 08:47:00,2018-07-05 15:11:58,2018-07-23 00:00:00
8d31389fe53e1e3d5a914946f5549e7d,d747bc7445e6f8c4de1bb9a4df39191c,delivered,2017-09-22 17:32:46,2017-09-22 17:44:18,2017-09-25 17:12:13,2017-10-04 13:14:08,2017-10-17 00:00:00
9eba9434978d97be47b0b7d006004669,936371261887bd18efd7f8429efcb4da,delivered,2017-11-13 22:36:44,2017-11-13 23:20:23,2017-11-21 19:58:34,2017-12-05 10:50:53,2017-12-18 00:00:00
beeff7037aa708c19973290382629a4c,ae110dc6d8fbfd770a279c10fdb11356,delivered,2017-01-26 18:54:48,2017-01-26 19:05:17,2017-01-27 08:03:19,2017-03-11 08:57:39,2017-02-20 00:00:00
4adbbb43be305843794e05fc4265f143,b3939a2720fe35ff521a811a8fd10dda,delivered,2017-11-23 10:26:08,2017-11-25 06:31:50,2017-12-11 17:14:43,2018-01-07 12:39:01,2018-01-03 00:00:00
d475435c334bbda632af299cf41813d8,60147e1fdd1258097f8cf4adb47a7e0a,delivered,2018-04-20 11:25:54,2018-04-20 11:35:18,2018-04-20 20:36:42,2018-04-23 18:03:36,2018-04-30 00:00:00
e272bce1552fb7974a974716274cac12,772eb956145cd3fd50c2dc2db6cf0e7d,delivered,2018-06-17 14:17:02,2018-06-17 14:32:13,2018-06-18 14:42:00,2018-06-25 20:42:14,2018-07-20 00:00:00
a6a55e24963a7ded7aa4b38b8c199565,727e8847b1b800ad905831eebac62ba6,delivered,2018-08-14 10:17:48,2018-08-15 03:10:47,2018-08-15 15:27:00,2018-08-17 14:38:36,2018-08-20 00:00:00
2a6b1e93c109dcee771903291093117e,d1aa5ebfc5c16caf331b1f4a1788b998,delivered,2017-12-04 13:36:09,2017-12-04 17:14:40,2017-12-12 23:13:42,2017-12-14 19:34:01,2017-12-20 00:00:00
168c0ece9e82b97455bf1a81502af9de,0f342c136ff07f922e5ee9e337096255,delivered,2017-09-28 10:18:49,2017-09-28 10:28:22,2017-10-02 18:53:14,2017-10-13 18:04:45,2017-10-23 00:00:00
9d27b66cd7dfe58587bd778c83c4d5a1,400534a4b8b95df133cd2ed3ffefb55b,delivered,2017-11-07 09:47:02,2017-11-07 09:55:32,2017-11-10 22:24:48,2017-11-25 11:59:03,2017-12-04 00:00:00
846c941773da09ad50f2bb47aae3981d,ff44ec08cbec7536134c279fc52ae437,delivered,2018-08-13 16:47:18,2018-08-13 17:04:42,2018-08-14 10:22:00,2018-08-21 01:11:45,2018-09-11 00:00:00
b7aa6fd1a55a501926e5f7253617ac90,c9df84b7369a42175e42396e13728b7b,delivered,2017-07-18 19:16:14,2017-07-18 19:25:13,2017-07-24 20:46:04,2017-09-20 17:43:20,2017-08-09 00:00:00
d1b62a5d2ca100631325506820830ec2,32974f63927c5eb768ff83afae6e924e,delivered,2017-06-11 13:31:44,2017-06-11 13:42:33,2017-06-12 16:12:48,2017-07-27 18:37:35,2017-07-05 00:00:00
e899327a5964f4d29698667a231e6b9d,ea43055530bdd269cde6c488c8c31844,delivered,2017-11-27 10:46:31,2017-11-29 10:59:58,2017-12-01 18:38:49,2017-12-11 20:19:29,2017-12-27 00:00:00
59ad2910ac1515ca2b7aee1754686306,5bc60d44810934427ba9965878717888,delivered,2018-02-01 14:30:14,2018-02-01 14:53:15,2018-02-07 17:47:46,2018-02-14 21:41:46,2018-02-19 00:00:00
03a4aaab0b783a1be23b30e360c067d4,c3490dcedf42cc4adaed83f6360bfa1b,delivered,2017-11-08 19:03:48,2017-11-08 19:30:50,2017-11-09 18:32:14,2017-11-27 21:23:40,2017-12-01 00:00:00
a74cb53f1dfb60049bbdb2863f793575,0267014fb8a135227a57b7eb87cdbc99,delivered,2017-06-30 20:34:48,2017-06-30 20:45:16,2017-07-04 18:21:35,2017-07-10 18:12:02,2017-07-24 00:00:00
8333a97ebae7fc470923e0ab9e9f0737,201cd19b6a0ea97a649c6e1bc3d29de4,delivered,2018-07-05 17:52:09,2018-07-07 04:50:15,2018-07-10 14:54:00,2018-07-13 18:52:28,2018-07-25 00:00:00
d598cf8c9a25d482dcf98cadd21713e3,f8acc8de4fad06eb697f8f46bde183aa,delivered,2018-06-29 14:49:56,2018-06-29 15:11:13,2018-07-02 14:15:00,2018-07-06 17:48:43,2018-07-20 00:00:00
d9a4f0796fafbfe369d8156189581cef,0f8fecafd09b11360afb11f83bd0afbe,delivered,2018-01-27 13:46:31,2018-01-27 13:56:43,2018-01-31 17:07:42,2018-02-09 17:46:48,2018-02-21 00:00:00
5658e0c28f9e67db30ba9ec22888600e,2fcb7134817794819a8fe5e29c80fb9e,delivered,2018-06-03 17:58:07,2018-06-03 18:10:47,2018-06-04 13:30:00,2018-06-12 00:06:27,2018-07-05 00:00:00
556aa092c68a19aa8aef519574539444,6d0e9627b2c860cd1687fc903c29c6bd,delivered,2017-08-14 12:42:23,2017-08-14 13:35:18,2017-08-25 16:20:34,2017-09-11 22:32:46,2017-09-27 00:00:00
b94ec498d12b1b61eabc996408439437,9fe0edb5af0028fda2658837ac21f863,delivered,2018-03-06 12:07:08,2018-03-08 02:16:01,2018-03-08 18:23:43,2018-04-03 17:12:19,2018-03-26 00:00:00
7bb2d2306ca23ac6bfa201aec8a5b2d0,0683b8e9246bd0ccbb16775291a66147,delivered,2018-04-27 19:49:50,2018-04-27 20:10:48,2018-04-30 08:22:00,2018-05-09 15:34:39,2018-05-24 00:00:00
5ca72127d08b3d3f738b04a1bf46b5e0,d508985b37a06e28c58fc87836215f4e,delivered,2018-03-17 16:57:38,2018-03-20 03:48:32,2018-03-22 21:24:41,2018-03-27 20:54:52,2018-04-10 00:00:00
0b3d6a3ba1e60a466b54775dcff1bf7d,44dbbaf8b67c55bf72d394075577e557,delivered,2018-08-15 19:30:07,2018-08-16 04:35:16,2018-08-17 13:44:00,2018-08-27 16:55:37,2018-08-31 00:00:00
40c557817a4ef8b8ca3481447849539d,3c296b3dc1d4b9cefdc9bc53a4f847e7,delivered,2018-08-05 19:58:59,2018-08-05 20:10:16,2018-08-06 14:53:00,2018-08-13 20:18:55,2018-09-12 00:00:00
abb3b065b8888558edf20e815f816662,d88f8c26c57542970a3db88923164c9c,delivered,2017-12-15 12:15:53,2017-12-17 12:10:18,2017-12-20 13:42:23,2018-01-16 15:46:53,2018-01-10 00:00:00
4aebd0c56cd8ca001a245fef3279e6bd,0e5766a0640b2eb2b6523fad91b5fc20,delivered,2018-03-18 20:27:58,2018-03-18 20:47:52,2018-03-19 19:22:12,2018-04-05 21:40:54,2018-04-13 00:00:00
dbdd61ba78716573541e1374b79ff741,f5215fbbc26bdb06f3474d90991abd26,delivered,2017-05-15 10:21:07,2017-05-15 10:35:15,2017-05-17 09:23:57,2017-05-22 09:27:37,2017-06-02 00:00:00
c19888f4be068d830e6b0abd63941019,0e6d71c318c163df0f0436331ad7b4f5,delivered,2018-04-07 21:28:22,2018-04-07 21:35:18,2018-04-10 16:19:25,2018-04-24 13:37:39,2018-05-07 00:00:00
1a5eb6a556b01596eb34c82baa91e160,8fea62092a2a7d718fc9db1740bae34a,delivered,2018-06-22 08:24:36,2018-06-22 08:35:37,2018-06-26 13:53:00,2018-07-03 19:17:50,2018-07-18 00:00:00
d30cd4d738037d90f4ff23fd3805d278,80cac977e2c0f7c86d46ba03d8a6ccce,delivered,2018-03-19 13:06:41,2018-03-19 13:55:47,2018-03-22 20:42:02,2018-04-02 21:24:44,2018-04-09 00:00:00
a218ea1ed05e2375702ed63c94625b06,353c11a0ff60ff890ac462745af8ec4b,delivered,2017-08-30 22:42:23,2017-08-30 22:55:15,2017-09-01 19:41:18,2017-09-08 19:57:51,2017-09-20 00:00:00
6d5774791f826a27e8e5521a9b816ba2,347571ef4eb58a43834a327e2e318ff8,delivered,2017-11-12 09:52:32,2017-11-12 10:10:34,2017-11-13 19:16:57,2017-11-21 18:51:30,2017-12-07 00:00:00
f04ae1f604432b5ac75c8a2a2e42b548,1dfda6ce0678db7db39fd97a27aafcba,delivered,2017-11-15 18:25:57,2017-11-17 04:26:10,2017-11-18 01:08:37,2017-11-23 21:26:53,2017-12-06 00:00:00
9117cb1453a713abe416e4bc1503b2e0,643f071fc2faf5d0725c69b733da69c7,delivered,2017-07-25 13:19:46,2017-07-25 13:30:17,2017-07-27 17:57:56,2017-08-01 19:04:35,2017-08-15 00:00:00
ae8e71cc131340d44221ce1ad4a31867,b21da898daa207545ab06e59254b57ed,delivered,2018-02-21 19:52:58,2018-02-21 20:09:31,2018-02-22 19:25:13,2018-03-11 17:26:43,2018-03-13 00:00:00
431972e171f9b767542aa3accd8024b6,e7a0f485bcf6d7a609621d5cb5adab3e,delivered,2018-05-16 18:59:48,2018-05-16 19:15:30,2018-05-17 13:40:00,2018-05-23 18:33:14,2018-06-01 00:00:00
f863e4bc27681b1a4ed0bc88b1933fbb,75801665be2ec6a40a121d7421b64538,delivered,2018-05-18 15:16:48,2018-05-18 15:37:26,2018-05-24 14:13:00,2018-05-25 14:58:41,2018-06-04 00:00:00
f2614c602a0621707ca12e9a6cf3b112,3a10ca9fdb3b43cecc4b8e24f9759e20,delivered,2018-06-15 16:59:15,2018-06-15 17:26:10,2018-06-18 15:13:00,2018-06-27 19:08:23,2018-07-16 00:00:00
93d336256cb2fc7b61c9030d24d0f031,b115d8f301378d8b3942697d6c134fc3,delivered,2018-08-16 08:19:16,2018-08-16 08:35:15,2018-08-16 10:17:00,2018-08-24 18:46:50,2018-09-13 00:00:00
bfb93a40493d78431b48eb034963a204,7e676892103137d0db01d39f0788f6c9,delivered,2018-04-28 17:01:03,2018-04-28 17:15:13,2018-04-30 15:09:00,2018-05-07 15:32:39,2018-05-24 00:00:00
16d5fdc844fab7f0554c804c1f10a8aa,f33f9f2a36cac5e766d02a234f97dc28,delivered,2018-04-07 19:32:15,2018-04-07 19:48:08,2018-04-09 20:08:46,2018-04-18 20:50:52,2018-04-30 00:00:00
f39bc55dec24e38807885e2edef78fb5,08cbfb49c8d3d736ceb0dce51d5ba3df,delivered,2018-01-09 22:36:14,2018-01-10 22:31:31,2018-01-11 14:49:24,2018-01-22 17:46:26,2018-02-02 00:00:00
79fc134b916a8831d03be5a38144e016,c05d99db2bfa8952fe2a0a378799f4e4,delivered,2017-10-03 10:12:01,2017-10-03 10:24:04,2017-10-04 15:28:04,2017-10-06 20:33:23,2017-10-26 00:00:00
0dadb750778faa5d3a1d6d69a37dc8d6,02c96d7ba83b08b9c83b1e956f2e8605,delivered,2018-03-18 18:21:54,2018-03-18 18:35:33,2018-03-20 21:42:04,2018-04-08 19:19:14,2018-04-13 00:00:00
363f361d96879a18985ac3928c978159,03a3fed0e96dca44d3d9614a4c83103a,delivered,2018-05-30 21:52:34,2018-05-30 22:15:15,2018-06-05 12:31:00,2018-06-15 15:14:53,2018-07-11 00:00:00
a85e65592a96f5d5b11c5f77b9cae342,6419daa620ebb5a4d4f273524c190bfb,delivered,2018-01-15 15:59:15,2018-01-16 03:51:10,2018-01-17 17:13:17,2018-01-25 23:05:45,2018-02-16 00:00:00
33862e8df33c7f4ce5d1c0142de3cf0e,1327ce0ab1e8ef67113da7aa01967f7b,delivered,2017-11-30 18:21:00,2017-11-30 18:38:08,2017-12-01 21:38:54,2017-12-05 20:57:05,2017-12-18 00:00:00
5f828ec3917806a1b1ca5c9008703f26,ccb458d4532723d02a5229c1b93cf98d,delivered,2018-04-08 17:03:29,2018-04-08 17:15:21,2018-04-09 22:27:27,2018-04-24 14:18:33,2018-05-10 00:00:00
de10731f0b37b49c3359218ea1062b36,d7be71f70e3dabb85b4c1e14d1f56da1,delivered,2017-09-07 12:21:38,2017-09-07 12:35:15,2017-09-11 12:23:55,2017-09-15 17:13:20,2017-10-04 00:00:00
49b9d8e434684c2ee92f901ead7f74a6,5dda54926f7541e013b25006ffcec38b,delivered,2018-03-26 13:49:24,2018-03-28 02:47:35,2018-03-29 19:38:35,2018-04-20 13:52:08,2018-04-23 00:00:00
feebdd36c3e19b95f31008e3e62dc32e,7c98c68d6cc9df555079f55937b795ef,delivered,2018-04-17 13:22:44,2018-04-17 13:35:10,2018-04-17 22:19:37,2018-04-25 14:22:19,2018-05-07 00:00:00
628ccc2ae8281f79434840fcfa0988c5,953ebd6ab471247db179d5def0cfce0f,delivered,2017-07-30 22:32:19,2017-07-31 21:45:09,2017-08-01 18:27:25,2017-08-02 15:57:38,2017-08-11 00:00:00
9b4f84a4215a234a6e69b47e77183d4e,982f89f0ccbea2fd3ca4c8edc3599efa,delivered,2017-12-14 09:47:41,2017-12-14 09:55:23,2017-12-15 17:31:46,2017-12-19 20:17:13,2018-01-09 00:00:00
1eea3e040d4f470f07e0082d69552ca3,301fcf518e1c483121a5242df2cf3ac0,delivered,2018-07-18 12:16:33,2018-07-18 12:30:25,2018-07-19 11:49:00,2018-07-25 13:32:05,2018-08-09 00:00:00
5750176b86face010c6348ba78fb4a99,45b9b49e3c8a0a8f557fc0363bd5dbb7,delivered,2018-07-24 20:16:14,2018-07-24 20:30:12,2018-08-07 14:04:00,2018-08-15 00:51:34,2018-08-29 00:00:00
c382bc663697a414b9a3faff434cc7ea,402ce35885ebcd380280bc413ee77cab,delivered,2017-05-25 00:12:50,2017-05-25 01:10:21,2017-06-05 15:56:24,2017-06-14 17:13:59,2017-06-27 00:00:00
8f0f2b5c0d348422cfa6d10e61304779,9fbe3fb7115be42fe9153ec901bb6386,delivered,2017-10-19 09:38:37,2017-10-19 09:49:26,2017-10-20 19:37:07,2017-11-06 17:28:53,2017-11-10 00:00:00
0136bcc7370d7fdf44bd916a6dd583c6,55be5653a69f4551dae9951e54acf572,delivered,2018-05-20 19:31:30,2018-05-20 19:50:36,2018-05-21 15:58:00,2018-06-06 18:53:26,2018-06-05 00:00:00
fbe0c9de23b755ebf9b74e6954f927a8,0fb42783dd10e44d286b79c1e10b1bf8,delivered,2017-09-20 15:48:41,2017-09-20 16:04:25,2017-09-27 18:13:45,2017-10-03 16:30:00,2017-10-17 00:00:00
fb49153a4f9a8b019b1a7a058ba8f3e7,dd14869d16243404d0aec5b90e588634,delivered,2018-07-18 13:55:04,2018-07-19 03:02:25,2018-07-19 13:56:00,2018-07-23 22:12:13,2018-08-02 00:00:00
e9da0d015d8dbc78a000c0b78cc87728,043c9f38c68b4ec1c37c6145a2aa6257,delivered,2018-08-19 18:26:18,2018-08-20 12:50:48,2018-08-21 14:50:00,2018-08-25 01:51:31,2018-09-04 00:00:00
2a6f4c120a863a097e15830fd31b820a,c0910639cf0520620cb6287133b1cdd0,delivered,2018-01-08 15:58:20,2018-01-08 16:09:03,2018-01-09 16:25:57,2018-01-18 23:48:39,2018-02-01 00:00:00
91e37208355ef2b54b5d8217ed81f365,4cff4ccf3368309cf771eecd63eed6da,delivered,2018-03-27 10:10:46,2018-03-28 02:47:56,2018-03-29 11:36:59,2018-04-16 12:58:45,2018-04-23 00:00:00
afc68d1f35e9dfe8220c9b9e27647065,2ba9c20cc3cd864fa7c903f2fdb9333a,delivered,2018-07-16 16:05:34,2018-07-16 16:20:25,2018-07-18 14:30:00,2018-07-26 14:59:40,2018-08-01 00:00:00
4c2c1ba64cf96059fe8443c06557c0e1,7cee5343384a8cc476c390eada3ecbca,delivered,2018-08-10 17:13:19,2018-08-14 04:30:17,2018-08-14 15:08:00,2018-08-21 15:04:55,2018-08-28 00:00:00
7d6f574ef80a9512a94e21c400a261c2,6595555757769578104e78b44f7749cc,delivered,2017-04-26 21:57:03,2017-04-26 22:10:14,2017-04-27 14:05:57,2017-05-08 10:17:43,2017-05-29 00:00:00
ef3786e4b943b9f011be07df94558161,c15f1cb865e06aa248fdd865c6052ed2,delivered,2018-08-17 23:14:48,2018-08-21 22:35:22,2018-08-22 13:47:00,2018-08-25 13:32:09,2018-08-29 00:00:00
debae70295ed78cb6084b1f999e60724,fe756f52f769ec6db51cb6900bc4ffff,invoiced,2017-11-17 10:24:45,2017-11-17 10:46:55,,,2017-12-07 00:00:00
619bf7daba885f1738bdd8653eacef3a,8c578994558c7dfaabf1cc2f868d98d4,delivered,2018-05-15 10:55:47,2018-05-15 11:31:34,2018-05-17 08:20:00,2018-05-29 23:32:52,2018-06-04 00:00:00
8125fe0b0c7e59423a24402d9cb3ad85,3efbb8a90cadcbf9478251c837c4004e,delivered,2018-01-24 00:17:09,2018-01-24 00:34:52,2018-01-24 23:32:35,2018-02-28 12:55:19,2018-02-21 00:00:00
26c9592d7817db41a41b0fd3e65219f3,c20e655b0eae926e5d247a75d2b694cc,delivered,2018-03-01 10:07:17,2018-03-01 10:32:45,2018-03-09 20:28:55,2018-03-21 22:21:49,2018-03-27 00:00:00
dc5e1551b7d2ac86019146035302062e,bec4e5faf561fe6b4be44218d1cfd1c6,delivered,2018-04-25 07:49:06,2018-04-26 08:10:11,2018-04-26 14:52:00,2018-05-02 18:12:15,2018-05-10 00:00:00
05248f2049e2194bcb2108983868308f,aa606152f23a5fa9ba3d0b87f7a492e8,delivered,2018-01-16 23:18:27,2018-01-16 23:29:44,2018-01-17 20:26:28,2018-01-29 18:58:35,2018-02-20 00:00:00
834550696228970ef03d30419db216e1,3dfd82e8fc35846baa2c0e66da1d9ce1,unavailable,2017-10-29 19:19:56,2017-11-01 00:15:44,,,2017-12-04 00:00:00
578de5ff4a91901a3b0150e8b152723a,3f60c0431efb6a417a1d84b7e5d89cb7,delivered,2017-04-24 11:40:39,2017-04-24 11:50:18,2017-04-27 15:07:56,2017-05-17 17:50:18,2017-05-15 00:00:00
6fa7d36563cbf9341f8fa1de7bc9bf2b,8cb1a667f5abb6146abc2c5f953ba3b9,delivered,2018-01-26 18:17:30,2018-01-26 18:39:20,2018-01-29 17:18:37,2018-02-07 17:53:15,2018-03-02 00:00:00
20887fa4e0df7ed8c8d252ec5e9d4551,1f2cfb50a08d37a4fabd78c80c5d1712,delivered,2018-06-25 16:37:45,2018-06-25 16:55:28,2018-06-27 11:10:00,2018-06-29 20:51:58,2018-07-20 00:00:00
95c8b1ac4c3ea101526fad88a579bc7e,fe70feea4718a03b99e3af5c9015d88b,delivered,2018-01-31 18:01:55,2018-02-01 02:35:44,2018-02-06 00:41:44,2018-02-28 11:59:15,2018-03-01 00:00:00
b1c47af65ac03344fe07e4e74245c300,6dca55c3c097a85c54cd691376901bac,delivered,2017-05-03 13:39:40,2017-05-03 14:02:44,2017-05-10 12:46:10,2017-05-16 10:39:51,2017-05-26 00:00:00
b50cb79254a7760812a9607d3ea0d6da,2cc91977d680db4ea4fb9cbb65c010d1,delivered,2017-11-28 15:41:37,2017-11-29 02:16:44,2017-11-29 23:31:55,2017-12-01 18:08:58,2017-12-18 00:00:00
51f35f39bf5cf70713cb1354b2616e07,170b45af48b6abcfa4e0bede1e10a78a,delivered,2018-07-25 15:30:08,2018-07-26 15:25:06,2018-07-27 14:35:00,2018-08-01 18:48:52,2018-08-13 00:00:00
3e940e5beb328b427d180e7e8165bafb,a803de503dbf3083e026f2ea839a29d2,delivered,2018-03-29 20:50:36,2018-03-29 21:10:09,2018-04-04 18:41:49,2018-04-09 17:56:23,2018-04-11 00:00:00
95329bc75845ea5b52290fba0e025e0f,d509ded18095d94c5b7c49db99694dc1,delivered,2018-08-05 23:06:41,2018-08-05 23:24:14,2018-08-07 15:59:00,2018-08-10 21:50:47,2018-09-05 00:00:00
873e00f0d09131c528f460aab0f488fb,08418b48e867cdb13eebbbc53c664e60,delivered,2018-05-09 20:19:12,2018-05-09 20:32:54,2018-05-12 08:14:00,2018-05-17 21:23:32,2018-06-01 00:00:00
bfb8512783ccd2271d2e96d3b856bf2b,4ee7fc32553f4f1cda85112b9a2719e3,invoiced,2017-09-16 12:37:51,2017-09-16 12:45:16,,,2017-10-06 00:00:00
631aac58d5fdf563c8a1439a6a551d5e,d4a4bc52d41f89e12104f482ed6b6e52,delivered,2018-05-01 21:06:39,2018-05-01 21:15:25,2018-05-04 14:17:00,2018-05-08 18:04:59,2018-05-22 00:00:00
06f5f6139b33f53defc64643f1252d53,cbdced3b7732432c679e661c4bcb77e4,delivered,2017-01-17 14:50:19,2017-01-17 15:02:24,2017-01-20 14:14:14,2017-01-30 14:36:28,2017-02-27 00:00:00
186efcd656d8ac4332156f594df02572,78d601a14d29913633ba202e053d69b4,delivered,2017-08-03 20:12:38,2017-08-03 22:32:55,2017-08-08 17:30:00,2017-08-15 21:41:27,2017-08-25 00:00:00
1af8d93c6e62a97baeb370a572abe758,d82eb09949dcb81a38a4b87cb80d45e7,delivered,2017-12-01 03:16:52,2017-12-02 02:38:31,2017-12-04 16:41:43,2017-12-11 18:54:47,2017-12-29 00:00:00
24950e3fcd92f8ec85a91644c7252eb9,24c09a96dc7e7016bcf50e5de09bc6bf,delivered,2018-04-24 19:49:20,2018-04-24 20:10:28,2018-04-25 15:33:00,2018-05-02 20:26:48,2018-05-21 00:00:00
4ddb370d653e752b4440027fec64e3e7,d59bd53c5bebdf76720c302e3eaa63e4,delivered,2018-07-25 15:18:23,2018-07-25 15:30:11,2018-07-25 15:45:00,2018-07-30 14:38:49,2018-08-13 00:00:00
2d141367a3c00a99a25764eced13ef4e,328f2c3c58fd1fdec27745a5b6aeac1c,delivered,2018-08-06 12:26:13,2018-08-06 12:44:50,2018-08-06 14:45:00,2018-08-07 21:27:02,2018-08-13 00:00:00
18d4a70e332d1cba03d4bc1530aa3df3,8616224a68e368b807b4b4256568a570,delivered,2017-03-03 13:31:50,2017-03-04 02:25:21,2017-03-10 11:16:15,2017-03-15 14:03:28,2017-03-22 00:00:00
70f739039934d54a3b7960fe6252f320,67d13dccfa4231c8a721b95ce247551f,delivered,2017-06-24 12:49:13,2017-06-27 03:43:18,2017-06-27 14:51:36,2017-06-29 17:11:26,2017-07-14 00:00:00
c31af7b37cf89bd6d945fcc664937338,3a74bb190e1cae0a43c2d2ed531b5682,delivered,2017-05-18 09:21:41,2017-05-18 09:35:11,2017-05-18 14:33:37,2017-05-22 17:07:44,2017-06-09 00:00:00
0af93579d0c0b252568071928b2ad465,66236922649bc2679538f344caf5a5c0,delivered,2017-11-24 13:14:40,2017-11-25 05:35:35,2017-11-27 22:49:46,2017-12-06 22:04:33,2017-12-14 00:00:00
fe5f4fa1c18761b398e46c402c067ddf,db9b3394e343021e21811558f617b81b,delivered,2018-06-06 08:07:13,2018-06-06 08:30:17,2018-06-06 12:37:00,2018-07-06 15:51:24,2018-07-04 00:00:00
30eb68f1adec947261593a874308f991,ad989815eab33d5113ab5bee7f13d72b,delivered,2017-10-09 22:57:09,2017-10-09 23:14:19,2017-10-16 19:17:46,2017-11-01 21:21:24,2017-11-01 00:00:00
63d38b040204b98309d72e69123de250,5f76c3d42d2be19133cbeb10a8dc9c30,delivered,2018-03-16 11:28:39,2018-03-17 02:45:36,2018-03-19 22:22:29,2018-04-19 19:28:27,2018-04-11 00:00:00
f7a1c7b797e20c75f2e3dcec7ff17d22,25487abdc670ca746db1aedd61d7df96,delivered,2018-08-14 10:05:26,2018-08-14 10:24:40,2018-08-14 11:17:00,2018-08-17 22:38:53,2018-08-31 00:00:00
cdbe57b33f10dd54db2421744ab4a045,935448b17a181ad9f8eb610ec42a8962,delivered,2017-07-29 01:22:09,2017-07-29 01:30:13,2017-08-02 16:09:49,2017-09-09 01:38:29,2017-08-30 00:00:00
6f0a798b4aff8cc383e1dcafa67f857f,938d6edb57b6ba2e71a1fad51d1d242d,delivered,2018-03-19 22:45:32,2018-03-19 22:55:33,2018-03-20 17:44:42,2018-04-02 12:06:59,2018-04-06 00:00:00
0f6f05d4fb3a94f1cf6cca2700c259d3,c44291dd4ff2bf256eb1327a1872fa14,delivered,2018-04-22 21:26:48,2018-04-24 18:39:29,2018-04-24 00:03:30,2018-05-14 18:56:47,2018-05-22 00:00:00
47bd07d647eeb63f437e58a1ee3b3733,f2994d32f55503a1bc57258f3d9ecdf6,delivered,2018-07-08 07:51:54,2018-07-08 08:05:39,2018-07-10 15:40:00,2018-08-03 15:47:47,2018-08-08 00:00:00
c5009ef153ccebb4f2dfd12660198737,576559b61237a8086828a22482251079,delivered,2018-05-22 12:46:12,2018-05-23 02:15:28,2018-05-23 09:50:00,2018-06-01 18:02:25,2018-06-06 00:00:00
7553daebc4e13baf328211dddc66a648,64d99599cc1d1f57464005743528b8d6,delivered,2017-03-09 10:13:49,2017-03-09 10:13:49,2017-03-15 05:27:47,2017-04-05 07:34:07,2017-04-17 00:00:00
fa5890be67deaf578509e958eb5de248,c9f8ab5785e2634e276e9a658575a188,delivered,2017-10-09 14:46:45,2017-10-09 14:56:24,2017-10-10 19:55:35,2017-10-18 22:17:21,2017-10-26 00:00:00
43f5b8a8303562c644185a6bfd2cf3dd,13f86f2817ad6c0bf092ec8b98c42012,delivered,2018-06-11 11:59:58,2018-06-11 12:23:33,2018-06-12 12:53:00,2018-06-18 13:38:54,2018-07-13 00:00:00
70b7e94ea46d3e8b5bc12a50186edaf0,1c4c6fd6cfc21396ae93680bfc5c34d4,delivered,2018-01-01 13:06:57,2018-01-01 13:17:25,2018-01-03 11:03:40,2018-01-10 00:24:12,2018-02-01 00:00:00
d0bfc2beba8af659a7585f0f48efde83,9c3a67b63043d1626a51a23c256e0caa,delivered,2017-10-05 09:50:42,2017-10-05 10:04:52,2017-10-05 15:58:24,2017-10-23 16:42:54,2017-10-30 00:00:00
311eb3425fa63439e2f9bba0d60d8768,8d0c69a20b7069397a53a0c2f6ea4c0c,delivered,2018-08-15 10:17:16,2018-08-15 10:30:23,2018-08-16 12:40:00,2018-08-17 21:17:35,2018-08-22 00:00:00
690337f788f183f4f56c8d5c87c1aa2b,b3f6778d3533ee1049885f688f5bc8de,delivered,2017-06-12 17:35:50,2017-06-12 17:50:18,2017-06-13 16:12:43,2017-06-19 19:51:58,2017-07-05 00:00:00
bcddcd2f3dbe84b7b93697873e16a971,f1f48ad1ad1e181b54ce0c9db740971c,delivered,2018-08-26 21:28:46,2018-08-26 21:44:17,2018-08-27 15:31:00,2018-08-30 18:32:07,2018-09-12 00:00:00
b21e6bcd5267e76e22e29c178d43aff5,78f7e9ff310f5d4e5ff28972f01d99f7,delivered,2017-05-04 23:14:03,2017-05-04 23:25:12,2017-05-09 11:56:46,2017-05-10 15:53:44,2017-05-25 00:00:00
06f38dfd220e723c33a775d36f5d2756,f8cdae87d67f6656d53daa86edc2f488,delivered,2018-07-02 11:01:16,2018-07-02 11:10:14,2018-07-02 15:36:00,2018-07-05 22:32:38,2018-08-06 00:00:00
0066a1fdaee16ad5022c5ef979d0b661,f19b59fc51f101023eb15bfbcca65f31,delivered,2018-06-10 19:52:27,2018-06-10 20:17:26,2018-06-11 14:44:00,2018-06-16 15:38:48,2018-07-16 00:00:00
e838452caf63df94d1fc9a3253734414,d4e2dcbab1ad66726199ef6c1651ad6c,delivered,2018-04-20 09:44:31,2018-04-25 04:11:15,2018-04-27 12:03:00,2018-04-30 15:44:29,2018-05-09 00:00:00
f86e20fe6ce750c00d7ed08e8c67384f,c4e463ec59a357f2d138554298afadaa,delivered,2017-09-24 09:30:35,2017-09-24 09:45:32,2017-09-27 17:12:32,2017-10-06 20:18:49,2017-11-03 00:00:00
f5437f389f3762bbb419aa9852c94338,125e3e317286dd5299fd29622dc50f29,delivered,2017-12-14 23:20:24,2017-12-14 23:32:58,2017-12-18 19:06:59,2017-12-22 16:28:34,2018-01-09 00:00:00
c5e8cbed3be23c7ede875b40cba35527,477008aed7b2d717c7eb1cae190cc9c4,delivered,2018-04-01 16:07:07,2018-04-01 16:27:35,2018-04-04 01:28:42,2018-04-18 16:36:37,2018-05-08 00:00:00
0478ce23b7b39ac01b3bbd39109b083a,58a6c377f5305b1cdfa593156d15b147,delivered,2018-08-10 14:19:42,2018-08-14 04:15:28,2018-08-14 13:23:00,2018-08-17 18:27:54,2018-08-22 00:00:00
26d6ab35f3c0f7b157fc147026e1ebbc,1579d7904c35a5fd9a2d5ddd03e57934,delivered,2017-11-24 07:10:13,2017-11-24 07:28:31,2017-11-30 17:16:54,2017-12-06 11:59:31,2017-12-14 00:00:00
b3fd29980d666178c001b895e9c5eed1,840555fd2d5434672ef2b896204fd449,delivered,2017-04-23 22:45:21,2017-04-24 22:42:32,2017-05-02 16:28:19,2017-05-09 10:22:21,2017-05-22 00:00:00
2629f390add3248cc2cb53b3795fbe9b,2383b6a9c8a50ad014066d7fe735eecd,delivered,2017-11-12 11:43:15,2017-11-12 11:55:31,2017-11-16 19:07:33,2017-11-27 17:14:09,2017-12-01 00:00:00
12c9c573680ea81dcc89f5f147e64e84,0d2fb8bb819964298a51a292b6b04d9a,delivered,2017-12-18 11:50:01,2017-12-18 13:29:35,2017-12-20 21:59:10,2017-12-27 02:38:12,2018-01-11 00:00:00
89a7e32e1ea0948b881497e7ae8bbfa2,390d6b4ec75d23f0b453e3b7374db5df,delivered,2018-03-28 10:38:12,2018-03-28 10:50:29,2018-03-29 20:06:54,2018-04-12 15:30:54,2018-04-19 00:00:00
dc872562d8a318eb25b375f0b7b25d52,aba6d530c41d8940fef0541fae854b27,delivered,2017-06-18 12:59:55,2017-06-18 13:10:16,2017-06-19 12:38:12,2017-06-24 09:13:43,2017-07-11 00:00:00
6400b91130cf50009f20f333a4bc39a6,c86e70991a76ebdbfeb52da73d917616,delivered,2017-06-14 21:46:28,2017-06-14 21:55:18,2017-06-16 12:49:23,2017-06-18 13:28:34,2017-06-28 00:00:00
cb740e05716c376f1e99f0509fad75c7,2f61a220c13f883b836164d7938f78f3,delivered,2018-05-31 17:29:44,2018-05-31 17:50:33,2018-06-05 07:22:00,2018-06-25 16:48:33,2018-07-18 00:00:00
54c2d9b070b38364a06b2b3066032112,f20196b7db8f16be7efec8caad1bf7cf,delivered,2017-03-21 10:22:53,2017-03-26 23:32:46,2017-04-07 15:12:39,2017-04-17 07:37:36,2017-04-24 00:00:00
ecb3c47121629f6c378f25a3185b9283,fc829ce32ebe10b650baafe867523dce,delivered,2017-03-30 12:39:15,2017-03-30 13:06:18,2017-03-31 15:12:36,2017-04-05 11:00:19,2017-04-19 00:00:00
663521736a211bef9ff0c5e4913439e1,dad0ee1e7306f92762b26957600a4d48,delivered,2017-12-11 00:55:54,2017-12-11 01:10:46,2017-12-11 17:17:07,2018-01-08 19:04:31,2018-01-12 00:00:00
5f3c3f02ee527647eadaeab108a89f51,14fd66ddf6349b2c9c874aa2094196ae,delivered,2018-08-06 10:55:03,2018-08-06 11:05:27,2018-08-13 09:32:00,2018-08-17 14:34:52,2018-08-22 00:00:00
21cc735821fa5ceea85bbf778b86f059,4c1ad46d227c63a1a6fd25ff2af5e898,delivered,2018-06-15 21:37:56,2018-06-15 22:00:12,2018-06-20 15:03:00,2018-06-24 15:11:05,2018-07-17 00:00:00
4d0754534d379735eb655a0d2d1edc01,c938988c02e9d1e1a3f96efbd23258aa,delivered,2017-06-23 21:00:20,2017-06-23 21:15:16,2017-06-28 18:05:17,2017-06-29 13:19:31,2017-07-06 00:00:00
dc15d43ae100ecc5bac78d9e974af643,daf60dffd5783e6927f3660ed83ecdd1,delivered,2018-08-19 22:12:22,2018-08-20 22:10:19,2018-08-21 13:46:00,2018-08-27 17:34:50,2018-08-30 00:00:00
36970c35cfe02cb355e55690bae4ac02,14e2483e0c2635d3cd24ad5e0507c925,delivered,2017-10-19 10:05:02,2017-10-19 10:28:19,2017-10-20 18:43:48,2017-10-28 02:55:42,2017-11-16 00:00:00
364f6a92b4afc67ac3104f92bec22ba8,46aaddce56d1a1892e52d159d2bd8812,delivered,2018-03-13 08:57:17,2018-03-13 10:00:23,2018-03-13 18:54:24,2018-04-13 13:56:48,2018-04-05 00:00:00
59e88b7d3675e89aceaf86f372d3bc9a,e750210dde7e68dbd5194c0809e97f7e,delivered,2018-01-03 15:05:53,2018-01-04 05:14:57,2018-01-04 15:57:18,2018-01-15 20:39:35,2018-02-02 00:00:00
29446d5a7212cd18dec57e1ba28c2dee,962700004d45a72f0fed2b8a3c447e0f,shipped,2018-08-02 20:17:15,2018-08-02 21:00:08,2018-08-03 08:38:00,,2018-08-21 00:00:00
ecca6d9e70db69a20c2cca23b23fc8aa,11abdd40a33e2935ffe14b833ead5a1c,delivered,2018-08-05 23:47:52,2018-08-07 04:31:26,2018-08-08 15:39:00,2018-08-13 18:04:21,2018-08-24 00:00:00
7dd7b30b33fdaeb2b55c29b92286627a,ccca5460b81ec0475ec8a506b25f5cbb,delivered,2018-02-24 15:42:23,2018-02-24 15:55:33,2018-02-26 19:04:37,2018-03-02 21:35:20,2018-03-12 00:00:00
d54585273ec1cbb4c450e524d11d2277,0a5711926203d47f8b6f18f5443bf868,delivered,2018-08-03 22:05:47,2018-08-07 04:31:27,2018-08-08 16:19:00,2018-08-16 21:03:24,2018-08-21 00:00:00
79f6acecdfe4f7768f5f399a6be52167,109e66e45ee2cc88bf20be70b381c924,delivered,2017-10-22 17:45:38,2017-10-22 17:56:29,2017-10-24 22:36:59,2017-10-31 13:49:07,2017-11-16 00:00:00
454b6ccf9f8f2c12b3a00ee763e027b9,01214c5f31d06b6da030e5825b431446,delivered,2018-08-19 14:59:34,2018-08-20 12:11:09,2018-08-21 14:50:00,2018-08-24 16:52:28,2018-09-04 00:00:00
0afcd5d6405dd1fbe9554f4ffa99d2b8,df38e4bf6bea1bc3216d53bd5cdc3150,delivered,2017-07-19 16:10:36,2017-07-19 16:24:32,2017-07-20 17:10:12,2017-09-08 21:37:47,2017-08-11 00:00:00
ff259720a6c1397ed8e5a9846f514cb8,54044f49e3d5428e67ed1efa887e3f9c,delivered,2017-10-28 00:24:21,2017-10-30 13:35:45,2017-11-01 21:59:56,2017-11-16 17:34:38,2017-11-30 00:00:00
5d36e8ca3ccd1262b7641467fdba0b8e,3b2b96751131c948164edc5d21d27abb,delivered,2017-01-27 12:10:46,2017-01-27 12:31:29,2017-01-30 10:26:15,2017-02-08 18:42:20,2017-03-20 00:00:00
e29a4d10668e15562da79e3366da92d8,ad6812c111cc59135cf3e4f7b2762601,delivered,2018-08-07 21:07:08,2018-08-09 03:45:09,2018-08-14 14:27:00,2018-08-20 22:11:45,2018-08-23 00:00:00
1239e8b4884c746e8d1ea651d4ff74f1,278e4cb731c06be544c668f9a16c6342,delivered,2017-11-28 14:17:34,2017-11-28 14:30:55,2017-12-01 23:41:58,2017-12-22 13:22:07,2017-12-19 00:00:00
db0b12b763f716df3f27218724161479,84670f973f394ff5609861af7d0157ae,delivered,2017-01-20 19:22:40,2017-01-20 19:31:22,2017-01-23 11:29:09,2017-01-25 17:17:57,2017-02-28 00:00:00
5cdbffacc3b645aab7040623006efe52,47274ab84d1b20ca707a3d849699e0b4,delivered,2018-06-14 20:06:44,2018-06-14 20:15:43,2018-06-18 08:28:00,2018-06-29 17:48:57,2018-07-16 00:00:00
d58bd8dc62db2951199683fcb7dc2df6,9abff84fce97b2e7522fc3f737089d66,delivered,2018-06-03 19:44:12,2018-06-03 19:55:17,2018-06-07 15:12:00,2018-06-08 19:38:50,2018-06-21 00:00:00
f2ab8320611d5beba208b922230c352e,d32ea49b7ca7a371cf86fc543ba44d62,delivered,2018-05-05 00:14:20,2018-05-05 00:30:16,2018-05-14 11:02:00,2018-06-11 15:52:40,2018-05-29 00:00:00
162cf02f9877cddb71e0bb217b585128,85c91511ec9c1b687e1c41fddf3ed4c9,delivered,2018-08-02 21:00:24,2018-08-03 08:15:29,2018-08-03 16:04:00,2018-08-20 19:32:28,2018-09-10 00:00:00
2ec564275bf015d015a113511076b4e8,e60a039c1be831ff11b42d99a76f738f,delivered,2018-03-06 13:03:55,2018-03-06 13:15:32,2018-03-07 18:58:58,2018-03-20 20:22:33,2018-04-11 00:00:00
76b5cf2989344419461ec7b13b23fd3b,62e181a3428a467397f61960230e431e,delivered,2017-05-21 11:28:53,2017-05-21 11:42:39,2017-05-25 10:35:14,2017-05-31 11:54:39,2017-06-13 00:00:00
251a41d31fc1777de3a5a9c2858557d8,405b6c3474b2c5ab177ffcc798fdb6e6,delivered,2018-05-04 15:26:03,2018-05-05 02:53:49,2018-05-07 17:05:00,2018-05-10 21:58:40,2018-05-14 00:00:00
70b0f3c961935e93c43c76c79bae4596,b051eaf2dfd726e0b6607c5ffffdc2e9,delivered,2017-02-13 21:39:10,2017-02-13 21:50:10,2017-02-22 08:25:56,2017-03-01 15:14:20,2017-03-20 00:00:00
f9fed19b3b66623201e5b3de18baacf6,c1a82ba80e99bfff31d8edb5eef82db8,delivered,2018-05-10 14:32:59,2018-05-10 14:56:58,2018-05-11 08:28:00,2018-05-25 01:08:27,2018-06-06 00:00:00
f46d498479ef20f7cbe0d471d9ca0bcd,6b9cd57e8da503b79dc6e58b438e77de,delivered,2017-07-09 12:43:10,2017-07-09 12:55:20,2017-07-12 17:11:47,2017-07-22 14:52:11,2017-08-03 00:00:00
b924597838a7ba1e624e99fbd62cc560,f20577a98700e15cb66175781ca8433d,delivered,2018-03-08 16:12:38,2018-03-08 16:55:55,2018-03-14 00:51:40,2018-03-16 19:07:19,2018-03-20 00:00:00
d694c1f3e3e0bd20d4673555d43c875a,faadd91de8b5f0d5487aad688f998014,delivered,2018-03-09 05:51:28,2018-03-10 03:50:34,2018-03-13 00:32:02,2018-03-21 18:06:55,2018-04-03 00:00:00
8d9512362699ced326d5013acfdc4e49,6f6f9493197fd8a9e12ea66d6e8add5b,delivered,2017-12-04 11:18:34,2017-12-04 16:31:35,2017-12-06 18:16:07,2017-12-19 19:15:08,2018-01-04 00:00:00
cd1c9899cfb848c241d0b93fdfc10df9,8a2024716828515c9c83ea0315d7cfd4,processing,2017-09-20 01:23:46,2017-09-22 22:24:21,,,2017-10-11 00:00:00
b93ffbad842670470ec41f35a317ee65,65a2a252eedd717594ec0e8b052ccd35,unavailable,2017-02-08 22:47:10,2017-02-10 02:50:10,,,2017-03-07 00:00:00
29baa2288a6c833c165b32b46e4ffcce,d6fe0531fafd5541264a7c32541f9657,delivered,2018-03-12 15:13:45,2018-03-15 09:29:37,2018-03-15 19:44:44,2018-04-10 17:31:47,2018-05-11 00:00:00
241368f4774e5c6f4a5a15a612970316,af2769f59e5cc245e96ecb03eba856e7,delivered,2018-03-29 22:19:01,2018-03-29 22:30:48,2018-04-02 18:21:31,2018-04-09 20:32:01,2018-04-11 00:00:00
9aa3595de5e0569f4e0762bf2d005d19,90f093b16c1977166c8e28f32e871c9b,delivered,2018-08-19 11:38:38,2018-08-20 11:30:17,2018-08-21 12:01:00,2018-08-27 16:26:43,2018-09-19 00:00:00
f97c752350c4546ad37ac0e5adf87f93,04c7fbbd983235a3d2525e9d134e705c,delivered,2017-06-20 22:16:33,2017-06-21 19:32:07,2017-06-26 12:33:20,2017-07-06 17:42:06,2017-07-12 00:00:00
a65a939c8b27182743b47a4e02b1e992,d073ee0c73be61fc94b8845b9e2a3491,delivered,2018-02-20 16:48:03,2018-02-20 16:55:59,2018-03-05 23:28:33,2018-03-14 20:13:36,2018-03-19 00:00:00
7d48e6b043ed5dac29ca0e41d3e3b584,5d3c3a68213644e9e062d59910867cca,delivered,2018-06-12 10:16:03,2018-06-12 11:00:04,2018-06-12 13:06:00,2018-07-23 17:56:22,2018-07-11 00:00:00
b038aba0da1e1ebf55076d3217291ad7,a6706034291a5a04f56be377236415ae,delivered,2018-05-20 21:24:40,2018-05-20 21:38:26,2018-05-21 13:53:00,2018-06-08 21:41:48,2018-06-22 00:00:00
305daa1af560f81a4225d0d70f636a51,43568d7a2f91f95ef838f00b48f678d5,delivered,2018-08-13 09:24:25,2018-08-13 09:35:19,2018-08-13 13:01:00,2018-08-17 23:32:51,2018-08-17 00:00:00
b1461c8882153b5fe68307c46a506e39,46ce474c7e3c57c93e6bdf2d6e6162f2,delivered,2018-02-26 17:35:24,2018-02-26 17:55:29,2018-02-28 16:06:11,2018-03-01 17:52:00,2018-03-26 00:00:00
3b7620f0a3652abfdf6bc1b145b9117c,bb0035159eb7f8b3caa5285dfd1eb1a5,delivered,2017-08-10 20:37:54,2017-08-10 20:55:17,2017-08-14 18:22:52,2017-08-24 16:06:43,2017-09-14 00:00:00
0886e32a3289fc38b0deaddb26655a7e,06a422c0912397e12e6316f7d53687b7,delivered,2018-02-15 16:18:31,2018-02-16 07:50:35,2018-02-16 17:28:31,2018-03-05 22:54:43,2018-03-14 00:00:00
551881f4a46fb5aafca0e72765c499a9,d8e2fa07c1ff57dcf5dbc5c5a7e71473,delivered,2018-05-18 11:02:26,2018-05-18 13:06:35,2018-05-23 15:04:00,2018-06-08 17:08:53,2018-06-13 00:00:00
d4d98e2a9fbc5e5cf70e61031b858115,5b5ce8d7a82bbea2c5eef3d3bf4facf1,delivered,2017-03-18 19:01:14,2017-03-18 19:01:14,2017-03-20 12:46:04,2017-03-30 14:38:49,2017-04-10 00:00:00
77476db289c128afa23e6e9e611b479b,0a30307a5b69901dd7dc93eab8557aaa,delivered,2018-01-26 15:31:11,2018-01-30 05:31:52,2018-01-30 21:36:28,2018-02-07 15:23:07,2018-03-02 00:00:00
334f482925d3aa622ddc1f0766af4736,235def1eab8de4d14600df59fc1e4ece,delivered,2018-07-29 22:38:20,2018-07-29 22:45:10,2018-08-03 13:40:00,2018-08-06 23:11:20,2018-08-15 00:00:00
4fb826a738895055159e95010e189c69,631212a6012ab9b75f7e19836fc10cb3,delivered,2017-09-13 13:23:00,2017-09-13 13:37:06,2017-09-13 21:41:46,2017-09-19 20:38:57,2017-10-06 00:00:00
0a32919eaa38cf81a09bb4cd2ca383df,ab15621e1aa4e4c1377e5c789abaa84f,delivered,2018-03-30 22:41:26,2018-03-30 23:26:59,2018-04-03 19:41:27,2018-04-18 20:06:36,2018-04-25 00:00:00
689df1c76ade5917237f5de78be9bb3b,aed09f283cb8d2677280b213d6555751,delivered,2017-04-10 21:54:43,2017-04-10 22:10:18,2017-04-11 14:34:43,2017-04-18 14:53:47,2017-05-08 00:00:00
11a3d1cb58b21e9cc60a66e71f6e87cc,8f0d355cfdf65ac8cadbc0fb59c6951e,delivered,2017-05-21 11:20:32,2017-05-23 03:15:19,2017-05-24 15:59:03,2017-06-12 16:47:47,2017-06-14 00:00:00
4afe7e80b141d6ae78420e2cb79f031f,7ce5f6bb9c62f8fdc44709cf4abd08e8,delivered,2017-11-27 18:09:09,2017-11-27 18:19:28,2017-12-01 19:27:04,2017-12-12 01:43:07,2017-12-26 00:00:00
4e83456078c87bcac059b05dafa9ff0a,0ac31c8ee3be833d9d1606a2887b8a67,delivered,2018-01-12 15:32:26,2018-01-12 15:48:31,2018-01-13 15:17:01,2018-01-16 21:13:28,2018-01-29 00:00:00
373a162c0f4500fbe4de8017e7c7197d,6bcd0914cd09a46c54d0b2758cbb1e75,delivered,2018-06-21 15:54:55,2018-06-22 02:37:23,2018-06-25 12:49:00,2018-06-28 14:28:27,2018-07-16 00:00:00
a26a698877ae127304d51b9da20bc1ff,2456c34ff4ea4f59234ae9fc04adfe68,delivered,2017-12-17 10:42:27,2017-12-17 11:14:15,2017-12-18 15:53:38,2018-01-03 19:52:21,2018-01-18 00:00:00
6a5560b5b974183928205724063cdfa6,28b5e91436f06a375a7b4723af02d2fe,delivered,2018-05-16 15:44:52,2018-05-16 16:14:40,2018-05-17 12:34:00,2018-05-18 14:34:29,2018-05-28 00:00:00
1e04d9dd9c6055fe23c3973bcd01760d,b8b1eb33cac1a442066b8ec75da0c436,delivered,2017-12-19 12:05:25,2017-12-19 12:14:31,2017-12-20 18:49:24,2017-12-27 10:58:56,2018-01-15 00:00:00
f7c52ff9ad8da6507229f42023d28ef4,a3ce470530498d159a2718c1b80e97d6,delivered,2018-03-19 18:49:56,2018-03-19 19:08:40,2018-03-20 20:32:10,2018-03-27 21:44:57,2018-04-10 00:00:00
d17e13cc89dae4a9be616c1a7a68bfea,fb84af4d0c2aea5932979dd784b1779d,delivered,2017-05-31 11:38:44,2017-06-02 04:33:48,2017-06-06 14:08:33,2017-06-09 13:35:03,2017-06-27 00:00:00
5d0c01136dc9fc77030a514d40b3d37b,dd45b720dccd7bfde7eecaf8974ef691,delivered,2017-08-11 00:34:10,2017-08-11 00:45:14,2017-08-14 14:58:01,2017-08-19 13:35:18,2017-08-31 00:00:00
cb04c4f13d483754c5b6e420df7cc1dd,4c91fe346d929d32dabe30015f9c103a,delivered,2018-05-21 20:49:16,2018-05-22 20:56:56,2018-05-23 15:01:00,2018-06-06 20:33:31,2018-06-08 00:00:00
ae0f710037270a10532e4f130983cee3,1e93dd7ed89b9bb680c296b4aaef62f5,delivered,2017-10-11 19:49:30,2017-10-12 19:56:16,2017-10-17 14:19:28,2017-10-30 19:33:47,2017-11-08 00:00:00
523a8bb981fdb61599630fe01b89f642,a4788192f4152e96cc73fcc1df791f21,delivered,2017-11-29 15:20:12,2017-11-29 15:42:52,2017-11-30 15:02:44,2017-12-14 21:33:40,2017-12-22 00:00:00
51a204a8b06b2f485e8e9de1e6741618,6f8d89870babf79801f62e1291fe3a4a,delivered,2018-05-15 18:46:23,2018-05-15 19:12:12,2018-05-16 12:01:00,2018-06-04 18:23:03,2018-06-04 00:00:00
f7349245e9113689913c5cac61b378ea,fc3e2bb348a71f88f2fb3ee30a3b5750,delivered,2018-07-27 07:36:23,2018-07-27 07:45:12,2018-07-27 11:41:00,2018-08-02 21:04:57,2018-08-10 00:00:00
cba5e2a02a8613805d4478be468a9a7a,bf9a36381829d9cc9a0a6dcbcaca58af,delivered,2018-01-19 11:02:58,2018-01-19 11:14:22,2018-01-29 20:49:57,2018-03-01 13:55:14,2018-02-26 00:00:00
f1933830df4ca531d957ee140db7b1c4,780486d22d6b4aee560876981959fc9e,delivered,2018-08-20 08:39:15,2018-08-20 14:30:18,2018-08-21 14:19:00,2018-08-23 21:59:00,2018-08-24 00:00:00
74ca9a5e32639f1bb5d89fa040454b42,34858ade409fedfe277b12fa6256c90e,delivered,2018-02-21 20:58:34,2018-02-23 15:46:19,2018-02-27 21:06:48,2018-03-05 22:21:54,2018-03-07 00:00:00
f4f81d9284f8b6894f76d2a8fa524467,e7dbb6cb6a60a83827010f30f9afe441,delivered,2018-07-04 16:17:34,2018-07-05 16:27:49,2018-07-05 07:51:00,2018-07-09 16:48:33,2018-08-14 00:00:00
8a0e7dc6461a019b6edd6f6cdf26f475,d859e804a8ba7158f12531184d18921e,delivered,2017-10-16 12:26:34,2017-10-17 12:56:45,2017-10-18 21:32:13,2017-10-25 21:23:44,2017-11-09 00:00:00
eb4e51562354587d8ccd4285d45c644a,6981407d775ac7f40d61f925ce125766,delivered,2018-01-02 18:35:50,2018-01-02 18:51:20,2018-01-05 21:24:49,2018-01-08 18:19:33,2018-01-18 00:00:00
90e6c18b53175478f9663465aa3b6f6e,b27e2d6264dc721865c05b33d655c34b,delivered,2018-08-03 17:58:59,2018-08-04 04:24:04,2018-08-06 16:55:00,2018-08-08 19:33:53,2018-08-08 00:00:00
1b2d35912f9c5a605c93adf4b3b74839,cb84a812e3142018aebb16103a32485c,delivered,2018-08-09 19:27:16,2018-08-09 19:44:48,2018-08-10 13:28:00,2018-08-13 11:28:55,2018-08-27 00:00:00
23512d25000429154263cbc32253c730,ec1cd684721a8fcb6d0e78955a9f81bb,delivered,2018-01-24 11:06:18,2018-01-24 15:07:36,2018-01-25 20:29:57,2018-01-27 00:52:26,2018-02-16 00:00:00
298ee6136c29ce0b78bb3cc68591404a,99907fb65062e52496e146648f921649,delivered,2017-04-27 10:29:07,2017-04-28 11:45:43,2017-05-02 10:52:14,2017-05-06 06:42:13,2017-05-30 00:00:00
3b5adf4fe00431f64c9a4dcdf9d6792b,44ca75eb640f2ccb4e03b3d930b88846,delivered,2018-01-16 19:08:12,2018-01-17 07:11:08,2018-01-18 18:56:52,2018-01-23 18:12:31,2018-02-06 00:00:00
0fd2cbcb61ecd83360e6ba4f37059f11,11ff3d8979f6bf8d7cfa2d8b0e61a46c,delivered,2018-01-10 19:22:09,2018-01-10 19:34:30,2018-01-15 23:23:05,2018-01-25 18:26:38,2018-01-30 00:00:00
44797f59bbfa9d2460a8239ce6cf4b3b,4f64b536e412c491f25dce67dfc2fbb5,delivered,2017-06-05 15:52:50,2017-06-05 17:15:11,2017-06-06 10:14:01,2017-06-08 14:36:30,2017-06-26 00:00:00
c9f32c5ccea32c0fa95474e83d8f321e,1549c31516b7eb9e9e6f4dae21ae3f6c,delivered,2017-03-10 13:33:44,2017-03-10 13:33:44,2017-03-13 12:38:14,2017-03-22 09:12:26,2017-03-31 00:00:00
b0b55c59d28b64d3b611cb034eb9f1e6,7bd0af82474427b2e49a11e4da31c462,delivered,2017-09-07 09:44:34,2017-09-07 09:55:09,2017-09-08 18:57:22,2017-09-12 12:59:56,2017-09-22 00:00:00
2cde8acd1930b818b1536ec685a22922,900c31b5ddc6025ca1ba5b23c589956e,delivered,2018-03-21 12:54:56,2018-03-21 13:35:27,2018-03-22 22:32:20,2018-03-24 16:28:47,2018-04-03 00:00:00
3e3109370f4c0f7b7f69cfc0098b89c3,ef62c8e32320e6ebb699ed93a41c6fe3,delivered,2017-11-02 23:07:48,2017-11-02 23:25:39,2017-11-04 13:47:37,2017-11-18 19:39:34,2017-12-01 00:00:00
5af267e0e81330ccb7db9a0e9bff5075,a6ec03047faf83b7f778f3e0154ad1ec,delivered,2018-06-16 02:19:47,2018-06-16 03:08:35,2018-06-18 14:59:00,2018-06-19 14:03:42,2018-06-29 00:00:00
2b5651486ff397b00e9474c238c8657e,c5784cb43cc7e83346d23ab76f18a09a,delivered,2018-01-31 21:57:06,2018-02-01 21:50:27,2018-02-06 22:22:24,2018-02-17 06:12:41,2018-03-06 00:00:00
0b382db57a557ff7703eaba5e991e7fb,0732c0881c70ebcda536a4b14e9db106,delivered,2017-11-02 12:04:56,2017-11-02 12:15:31,2017-11-03 22:25:52,2017-11-13 19:28:45,2017-11-29 00:00:00
4d6a47078b73c647206be4398bbe29b1,97b50939d4b8da29f262e503097841d5,delivered,2017-11-24 00:41:06,2017-11-28 03:31:20,2017-11-29 17:21:55,2017-12-20 20:27:36,2017-12-22 00:00:00
82dbc38acc657c34ab7bf74c7b70858a,26d6fbb3f19bab0637b50723523bc928,delivered,2017-11-14 16:43:15,2017-11-14 16:57:40,2017-11-16 15:07:06,2017-11-17 13:31:37,2017-11-28 00:00:00
78a32c3d793fba4ffb5fe75dd8ce64c2,d8a1c939d8e0e20c2385e0639bd8c094,delivered,2017-07-30 20:45:01,2017-07-30 20:55:24,2017-08-03 18:52:11,2017-08-10 16:24:35,2017-08-30 00:00:00
2abed06af11ab7e3bc833f1b1535ba25,ed088195af7cb6b070c14b39d860eb0c,delivered,2017-08-16 21:06:21,2017-08-16 23:20:16,2017-08-17 19:32:48,2017-08-21 19:22:19,2017-09-08 00:00:00
89812ae1f27bd0baa142a3aa9ab5cb49,3d5e3aa002e4495e1fb30b4923213858,delivered,2018-08-27 10:46:53,2018-08-27 11:04:18,2018-08-27 15:30:00,2018-08-28 12:33:04,2018-08-30 00:00:00
6fd7c56d216a3e027f694eb725797c07,3f1e103d6039a322717941265fe39dfc,delivered,2018-02-06 15:38:45,2018-02-06 15:50:27,2018-02-07 18:48:34,2018-03-01 02:21:47,2018-03-08 00:00:00
897906e548506a4549f5d1bcffd371e9,c147b8308818f69eb09f2281bca42b2e,delivered,2017-07-08 18:44:16,2017-07-08 19:02:58,2017-07-11 16:59:24,2017-07-28 16:55:27,2017-08-11 00:00:00
697789906708747b503c167370b963dd,d1213f3e5dd3d2e2b1be8f0186c7d6f0,delivered,2017-12-03 22:59:45,2017-12-03 23:31:16,2017-12-04 20:48:43,2017-12-14 22:56:56,2018-01-04 00:00:00
59242532335f9d910b9f7d22be39bb59,3fcc0ad6fc4d2cb5b8ab39309e1ac335,delivered,2018-08-03 13:56:23,2018-08-04 12:05:13,2018-08-07 12:10:00,2018-08-28 09:18:30,2018-09-26 00:00:00
758fb6b15afa409ae42ff3103bfe080a,ebcc4b3fd464428316c411d71c203ca0,delivered,2017-04-28 09:40:49,2017-05-03 15:33:22,2017-05-04 13:51:10,2017-05-12 13:36:58,2017-06-02 00:00:00
fcf561e89448f1a8553792c6ce5c0e91,384ec1a8b2a640f5e8fb8dec346f6c4d,delivered,2017-04-26 20:23:32,2017-04-26 20:35:09,2017-04-28 09:14:16,2017-05-05 15:17:05,2017-05-25 00:00:00
7f5a24612bec96e2005690b5b60faa26,122b566031d84d7f2b2c3ee360200e84,delivered,2018-02-27 19:21:26,2018-03-01 02:50:43,2018-03-01 21:06:30,2018-03-14 18:36:23,2018-03-26 00:00:00
4ec2eea90506ad5dd1284a1a7e4cafee,edb3ca904a6cd3caeecda1f844ebae65,delivered,2018-07-26 10:29:03,2018-07-26 10:45:15,2018-08-01 14:45:00,2018-08-02 13:21:49,2018-08-07 00:00:00
aa55fe8ca349feb37768777a5908d285,9b568b326f5f6d7f727f20ed3641b421,delivered,2018-08-13 02:51:12,2018-08-13 03:04:13,2018-08-13 08:39:00,2018-08-17 12:58:38,2018-09-05 00:00:00
4e285df63acf5fe19cbb76253626fe8d,f8a6c76a11c39f882026319b654fab69,delivered,2018-04-19 01:09:37,2018-04-19 01:30:12,2018-04-19 23:46:58,2018-04-25 14:33:20,2018-05-14 00:00:00
453cabc3a3d6d0d80bd08d9eefb6a607,c824fb40eed7462282da8b5511d4d6cb,unavailable,2017-12-06 19:47:40,2017-12-06 19:57:23,,,2018-01-04 00:00:00
17a9050c446ea78f7108b7a5515aa438,00114026c1b7b52ab1773f317ef4880b,delivered,2017-06-01 19:44:44,2017-06-01 19:55:15,2017-06-02 13:55:54,2017-06-12 15:43:57,2017-06-27 00:00:00
a5e05cb8a89d26c21dc007c87d9c0020,eeac04e8c3bbdb160700ca457bdda435,delivered,2018-03-17 14:29:21,2018-03-20 03:15:20,2018-03-20 22:50:51,2018-04-11 20:13:28,2018-04-19 00:00:00
a77ebed75b406465b5b43f03dd5cf909,1ce752e35481181a9166fa7eca8aacb3,delivered,2017-08-12 09:48:15,2017-08-12 10:04:27,2017-08-14 20:50:06,2017-08-18 10:45:43,2017-09-14 00:00:00
9520fa1ce7825b83dec466f4f0d8b6b7,ca3ca2d2c6dc52686fcb393fd85e316b,delivered,2017-09-20 10:34:17,2017-09-20 10:45:14,2017-09-20 19:11:50,2017-09-21 18:40:36,2017-10-05 00:00:00
af5d84156c440cd192a04d10f43614e5,262139acc2d5bd1a8756632fe5999539,delivered,2017-05-02 15:00:31,2017-05-02 15:15:16,2017-05-05 12:13:28,2017-05-23 12:47:50,2017-06-02 00:00:00
c82d05a27c07ba92d333b046a6042d32,685ee60a0c6b76661ebb35ec6a5a3a55,delivered,2017-02-12 10:01:47,2017-02-12 10:10:08,2017-02-13 10:43:40,2017-02-22 11:03:15,2017-03-20 00:00:00
6443b4f756cbc4f80a3b160fd117bfeb,92e25cef75d182302b536394352dc0f9,delivered,2018-08-05 22:39:58,2018-08-05 22:50:16,2018-08-06 08:57:00,2018-08-07 17:32:36,2018-08-09 00:00:00
58d9d5cd92518cf1b61072e5edfd768d,358f1d26a875965091ac00815a656597,shipped,2018-08-12 12:13:28,2018-08-12 12:25:11,2018-08-15 15:32:00,,2018-08-24 00:00:00
68265b6cfdb0170c7068b6738b6272dc,5b833faa46296c2d28673200449b0d0b,delivered,2018-04-04 00:02:55,2018-04-04 00:15:43,2018-04-06 02:19:06,2018-04-13 19:02:46,2018-05-07 00:00:00
dc83fc138e53cc94e70d61e895dbd98d,9c3b430e2a43affdeb23d8b5efff7ed4,delivered,2018-04-14 11:08:39,2018-04-14 11:31:28,2018-05-08 14:04:00,2018-05-14 18:51:34,2018-05-22 00:00:00
9b110bcfcede60b4891f99a5b7578f74,ced69079132953e26e2991d8962707c5,delivered,2018-04-07 10:07:12,2018-04-07 12:47:54,2018-04-09 20:08:50,2018-04-19 20:56:50,2018-05-15 00:00:00
c3f6ca70599b71e14f1ec5e9911ff186,131f88ee3fc63ced38aec3b590a82548,delivered,2018-03-29 03:11:53,2018-03-29 03:29:06,2018-03-29 21:45:38,2018-04-10 15:38:55,2018-04-19 00:00:00
ecadc79d371003a0a6c4b52b2fc91c96,6d20f21ce3430fe1cdc152bc0041af66,delivered,2018-01-08 17:01:33,2018-01-08 17:12:23,2018-01-12 15:28:38,2018-01-24 16:18:17,2018-02-01 00:00:00
a62816c471ac76e802a3abdfad00b5af,882ee7ad589b742925f7252e68183344,delivered,2017-11-24 23:03:40,2017-11-25 02:14:25,2017-11-28 15:32:41,2017-11-29 19:08:53,2017-12-08 00:00:00
c3c0e95fc6035316212f1b4e2c7bce3d,f81b1c6f9e78f5cffeebb0e7e46d47be,delivered,2018-06-27 13:25:24,2018-06-27 13:35:10,2018-07-04 14:53:00,2018-07-09 16:41:46,2018-07-26 00:00:00
c26f6a2ea3a573319aa40ffebdc1a43a,e6d36fc2a64c3a513e9c571b664bbb8d,delivered,2017-10-14 17:22:59,2017-10-14 17:35:18,2017-10-16 16:13:26,2017-10-23 19:17:56,2017-11-06 00:00:00
59fecfd658937396ab6180c0b9a99a89,bd3a17ff830fe6350a15f97c540fc81e,shipped,2017-12-15 14:25:41,2017-12-16 02:35:28,2017-12-19 21:48:58,,2018-01-10 00:00:00
edd5efc0d9d7294fe4bf1636c26cf9d9,fd538011351c8b3d5634fa84917d6f5b,delivered,2017-06-07 14:14:25,2017-06-07 14:42:14,2017-06-09 11:48:42,2017-06-21 16:22:43,2017-06-30 00:00:00
ec6ae689bec92fef124043f61f553778,45ce42e689bdb0412c09886deb96fd53,delivered,2018-07-01 15:04:15,2018-07-01 15:15:07,2018-07-02 16:24:00,2018-07-05 12:12:54,2018-07-25 00:00:00
4609e3dffa747068028fe0a5962b41f2,0b86a8c0b1664d2b4e10efbd1321f889,delivered,2017-10-19 19:05:28,2017-10-20 09:56:21,2017-10-23 15:32:36,2017-11-06 21:09:01,2017-11-17 00:00:00
25fe494885908cc898eceec3e6594d2f,d9f11742a0a75e0c515223b5d85625e6,delivered,2017-07-07 09:32:27,2017-07-08 03:25:23,2017-07-11 22:17:55,2017-07-14 17:14:01,2017-08-01 00:00:00
0653c5290cf561492eae4f626799994d,7701e6a040e1fe2cea10e5abdffe6df2,delivered,2017-09-19 17:48:28,2017-09-19 18:07:11,2017-09-21 19:30:35,2017-09-22 14:27:48,2017-10-03 00:00:00
8192ab7fdf1ebdc4ed10c42d0e211ba6,572d8ac5c8e475a51cbd27d7e1f94ae9,delivered,2018-02-13 21:20:34,2018-02-13 21:35:23,2018-02-14 23:13:01,2018-02-15 14:35:56,2018-03-01 00:00:00
5ea8047b7dcd75e8366017f7da509406,54b5b8de81c4fb77888e43e3a15545c8,delivered,2018-01-07 21:56:07,2018-01-07 22:07:28,2018-01-08 18:57:03,2018-01-11 18:45:32,2018-01-24 00:00:00
53ae9aaa6ba9fefffe3c0db94f4d2c43,b5cfd134107d931d1bf1b191e016a4b9,delivered,2018-05-28 12:44:25,2018-05-28 13:13:58,2018-06-04 13:10:00,2018-06-13 13:11:58,2018-07-03 00:00:00
8469b1387861c507e8e01dcb28b0dfa4,27990dc9002081bca25007bdbab2a998,delivered,2018-03-07 13:24:41,2018-03-07 13:35:32,2018-03-08 17:02:00,2018-03-09 17:48:26,2018-03-19 00:00:00
7a0f0934c14eafa4b5afc9a590b9386f,a8ab6aab2e9e6cbfb98d85c1d7c54dd0,delivered,2018-07-04 11:56:22,2018-07-05 16:15:43,2018-07-05 12:15:00,2018-07-10 21:48:36,2018-07-24 00:00:00
b3b00591b761494d555f5112017ff443,27e7a55090c5a01643445f94be10ccf7,delivered,2017-12-05 14:51:02,2017-12-05 14:59:34,2017-12-07 00:36:55,2017-12-29 11:55:12,2018-01-02 00:00:00
63ca01cc7002ee54c048868356eaffec,b362c2d95a52eaee614ed6309a832ce8,delivered,2017-08-04 21:09:44,2017-08-04 21:23:37,2017-08-07 15:43:38,2017-08-11 18:30:08,2017-08-28 00:00:00
891d3c75ab79901d8faa6437f1cfeb43,b038e0260259f784a738835953f32c62,delivered,2017-07-24 16:41:56,2017-07-24 16:55:13,2017-07-28 16:57:23,2017-08-15 16:16:06,2017-08-25 00:00:00
5103f51cb81d7359a0e93c8cc9d5203f,ee219ef2bc1886c1847f43a3e201fb0b,delivered,2018-06-02 17:40:23,2018-06-02 17:50:20,2018-06-06 13:45:00,2018-06-13 15:18:56,2018-07-05 00:00:00
5f74f266ac9d15d865ced07f7486c597,f931c8fa3b77e237d987ed836394804d,delivered,2017-10-06 09:00:26,2017-10-07 02:45:04,2017-10-09 21:12:04,2017-10-10 21:16:05,2017-10-24 00:00:00
30af846e182aa12984d1454721036e8e,5847c382e4713b0a9479822903fcf5bb,delivered,2017-11-29 23:33:23,2017-12-06 14:56:19,2017-12-07 17:57:19,2017-12-16 00:58:40,2017-12-27 00:00:00
b26b464fd969428455a39602052850b5,9f02e8c8148d53f1dde14ecc17123cb5,delivered,2017-12-12 00:08:49,2017-12-14 02:14:37,2017-12-14 20:46:41,2017-12-18 23:42:10,2017-12-29 00:00:00
26ee9b0996cc3a28168e26900655f284,656477848dc4b3edc9e37da3b21b7c91,delivered,2017-04-11 10:49:06,2017-04-12 10:55:11,2017-04-15 06:13:55,2017-04-18 12:23:30,2017-05-08 00:00:00
446e94f0a6c617e2444bee5ee7ed7050,2b776f31be8233e9e24f5b4871605193,delivered,2017-10-10 21:56:29,2017-10-10 22:21:06,2017-10-11 19:37:50,2017-10-16 19:26:45,2017-10-30 00:00:00
dd8bf285d0c34ea29f502c4669d1a19d,5574d7d4f5bdc8e1c7cd5d7a1429a333,delivered,2017-12-12 13:01:56,2017-12-12 13:10:59,2017-12-13 16:13:12,2017-12-15 20:58:37,2017-12-29 00:00:00
bf5b783279dc70c35854c1df2ec850c4,05f8d9e59afc00d2c299d76618060f46,delivered,2017-09-16 20:50:54,2017-09-19 04:04:30,2017-09-19 15:03:25,2017-09-25 21:22:09,2017-10-04 00:00:00
8a7db04d95da0710527731c9945b4d34,667f9dbecf8b4af58212fe57b5186434,delivered,2017-11-28 16:27:19,2017-11-28 16:36:29,2017-12-06 21:03:52,2017-12-15 09:37:01,2017-12-18 00:00:00
7d3641e32d8be63b62c24a62992e6e56,5f0791349a42a9335072ed6b5400e795,delivered,2018-08-03 11:21:24,2018-08-03 11:35:22,2018-08-03 14:45:00,2018-08-10 02:38:44,2018-08-20 00:00:00
c77338848d4979e1c775831208262849,c305237d42bf1fbafd47e1dd16046978,delivered,2018-01-22 14:16:34,2018-01-22 14:33:17,2018-01-23 16:52:04,2018-02-09 19:58:33,2018-02-20 00:00:00
ade2cfaa99535244a44133b4116c7f05,7dd489c17d2651b77fdc9834bacbf359,delivered,2018-01-22 15:51:43,2018-01-24 02:52:44,2018-01-25 21:09:31,2018-02-05 12:25:18,2018-02-26 00:00:00
e652cdad31d24dcb467a5353d5583ad0,c2d63d487b4bab1ca8ab9134e0058a8d,shipped,2018-04-10 20:27:20,2018-04-12 08:32:18,2018-04-12 17:18:26,,2018-05-15 00:00:00
352ad67deb8528562cff60c00dc6e99a,408594e77f2d525600de4c1fa6a1b4b5,delivered,2018-07-08 16:06:03,2018-07-08 16:25:29,2018-07-10 15:05:00,2018-07-11 18:41:54,2018-07-19 00:00:00
4e29ce1795f7036cda644b687ea871a4,50519531841fe7d36eb7f8f4d00976ec,delivered,2018-01-06 14:37:06,2018-01-06 14:48:27,2018-01-09 23:16:11,2018-01-30 23:03:08,2018-02-02 00:00:00
837e3c0c4c555ad4ea0e6110e7add004,f6a6da61725fe564836a8080f784b0b5,delivered,2018-06-27 18:03:34,2018-06-29 02:53:25,2018-06-29 14:15:00,2018-07-14 12:51:30,2018-07-24 00:00:00
c3ccbb768cf5b9a900ca06d9031c3cf7,094fdf900bcc6efe66b40a6526607446,shipped,2017-11-22 21:10:50,2017-11-24 03:12:10,2017-11-24 19:18:28,,2017-12-12 00:00:00
fe4ee6f5250415b2264eac9693949e2f,f0506d417d677f27a31385b606bac44a,delivered,2018-02-02 10:33:55,2018-02-06 04:32:12,2018-02-09 19:08:47,2018-02-15 18:08:26,2018-02-20 00:00:00
466788a67857c13f5cda29829a296a92,b4c825d6c0092bad902b89dce80ddd91,delivered,2018-07-29 19:35:16,2018-07-29 19:45:10,2018-07-30 14:19:00,2018-08-02 13:30:47,2018-08-07 00:00:00
42e3af7ec52f821dbad787963f94a3b4,15aa348e5ea1a418a98e7e8dfd0b9a75,delivered,2017-12-20 08:32:26,2017-12-21 02:11:09,2018-01-22 22:10:40,2018-01-25 21:34:58,2018-01-19 00:00:00
09d8753e77ffa5e71ba4137166a3b6ad,e7d78126dbaaf94ed755304738b6b645,delivered,2017-11-05 17:41:50,2017-11-05 17:55:22,2017-11-07 20:02:34,2017-11-24 22:24:42,2017-12-13 00:00:00
dd7bd4b50d554cf0c41fb4c0cfccdedc,9457de49ae6cdad8a4be1c7d37c118f9,delivered,2018-06-15 12:19:19,2018-06-18 11:02:34,2018-06-18 15:13:00,2018-06-21 20:05:14,2018-07-05 00:00:00
043ad325c92b4317f9ff48836a7a4e9c,56df97ca1e2d8a36ee049c9427f9d447,delivered,2018-06-12 11:38:30,2018-06-13 11:39:14,2018-06-15 07:46:00,2018-06-20 15:28:58,2018-06-26 00:00:00
fc1be7f6cfb7b99bdf73f54a357bf4b7,24f14024c800c093e3261e14158dab03,delivered,2018-07-28 16:38:14,2018-07-28 16:55:21,2018-07-30 13:22:00,2018-08-02 16:55:02,2018-08-09 00:00:00
ea1746bab086c3edea7d06f8cc510bb2,8ec8872f874afb9cc81560b9c70d07bc,delivered,2017-10-27 13:28:35,2017-10-27 13:35:15,2017-10-27 19:47:09,2017-10-31 16:23:45,2017-11-06 00:00:00
7fff8403a17cbabb03a5b81050a51012,e4d4219c900e77c92de2e2abf68d7501,delivered,2018-08-23 23:13:51,2018-08-24 01:10:17,2018-08-27 15:19:00,2018-08-28 20:57:49,2018-08-29 00:00:00
b27772444ff0dfa4484849857a81d53d,bf0b8f0269521892daa24252b13b77fd,delivered,2018-06-13 20:08:25,2018-06-14 04:15:08,2018-06-15 14:15:00,2018-06-19 01:38:27,2018-06-25 00:00:00
fc7e0e70546cba116020b8c07f87da04,c2d0ef04518550c0cffff11d19b9acde,delivered,2018-01-22 20:41:33,2018-01-24 02:38:28,2018-01-24 21:52:25,2018-02-20 16:24:48,2018-02-06 00:00:00
e07c64fe885ae1dfd6e293336f695e80,c88b8f8d83fd49f2860c1cc7a52eba57,delivered,2017-04-25 09:48:56,2017-04-26 09:35:49,2017-04-27 11:05:43,2017-05-07 11:15:52,2017-06-02 00:00:00
3f5c39e43c1ec1232676e88090d48fe7,209ad2bfbe7e0b781a5d22d92ec099f3,delivered,2017-05-02 22:11:54,2017-05-03 15:30:19,2017-05-04 09:08:16,2017-05-13 09:39:37,2017-05-25 00:00:00
9950e10864fad6c02ade4829884ebd39,ceb4667fc3851809ade8a13953032538,delivered,2017-11-25 00:50:58,2017-11-25 03:17:23,2017-11-30 00:02:58,2017-12-12 18:52:52,2017-12-18 00:00:00
7940121491c0b1c3b7dae6f2b1f77e4b,fdbc7516376d14a129da25bdfc80b3a5,delivered,2018-02-06 00:23:30,2018-02-07 02:55:55,2018-02-07 19:52:33,2018-03-01 20:12:38,2018-03-06 00:00:00
7f618e95a2132e363ba0b67f76415c93,b1267567b1744b186f07775c22d1c157,delivered,2017-06-28 14:01:45,2017-06-28 14:10:13,2017-06-30 15:42:10,2017-07-07 18:45:36,2017-07-20 00:00:00
34f9adeb19b3048fe136cfc0fd8340a1,a1aeaf6f487aa3a4e8bd67fcd86511c5,delivered,2018-05-10 00:13:22,2018-05-10 00:33:58,2018-05-10 14:28:00,2018-05-11 13:32:35,2018-05-18 00:00:00
36d14b81ecf8040d8aba489adf111a94,6b4254cccae427caccdd90c738b60f31,delivered,2017-05-03 16:06:34,2017-05-03 16:15:25,2017-05-04 12:05:29,2017-05-25 19:47:58,2017-06-07 00:00:00
dc39e9b4bbe970588456c5547324593e,8289e9044e68003dfe33936c3c2c2799,delivered,2018-04-29 13:36:40,2018-04-29 13:51:06,2018-05-07 12:31:00,2018-05-11 14:08:49,2018-06-12 00:00:00
80bb8e6802ed134ab01c6c5ac52f0647,540253928d482f56114c57accd3d9465,delivered,2017-03-05 17:09:21,2017-03-05 17:15:15,2017-03-08 09:22:44,2017-03-23 12:51:44,2017-04-04 00:00:00
3bcc12f1de0b8f1a83703545794e5d28,1ada5f3f39281689dab50b560ab83862,delivered,2017-11-24 15:22:54,2017-11-24 18:13:38,2017-11-27 17:42:12,2017-12-01 20:32:19,2017-12-18 00:00:00
aaaa1cf782eda8062dd7d1aae7a40490,09b0dfe18b73459a2a3815f963898870,delivered,2018-03-09 20:28:22,2018-03-09 20:48:20,2018-03-12 20:06:54,2018-03-23 01:48:42,2018-03-27 00:00:00
4382b2408a28f4f8ab2a7012590b6287,09d90069e85e32d938a8b997024c7ce9,delivered,2017-11-22 11:31:44,2017-11-23 02:38:30,2017-11-24 22:28:57,2017-11-27 19:19:08,2017-12-05 00:00:00
7ac617c6f13e6890a30d029b0bc3e904,6decb0d0862d5788cfb2b2f41a4c2bf9,delivered,2017-05-05 14:04:37,2017-05-05 14:15:14,2017-05-09 08:22:20,2017-05-16 14:37:09,2017-05-26 00:00:00
a35bf517586a9609441f4d6f8db9f6d2,022b1e47fbf658d8e3865c8753bf361f,delivered,2018-02-25 08:07:06,2018-02-25 08:15:22,2018-02-26 23:19:22,2018-04-05 21:48:32,2018-03-28 00:00:00
0c897c38d294bbc817bc78528cb47e27,b047a1af40cee55a815fe7075e4f1a74,delivered,2017-09-20 22:51:48,2017-09-20 23:05:34,2017-09-21 19:50:19,2017-10-14 00:21:53,2017-10-20 00:00:00
afe99ae914ade8c6cc4b6bb2db33070d,906cff77a39482bd76ede0f9a0938479,delivered,2018-07-20 13:24:24,2018-07-20 14:05:14,2018-07-23 12:39:00,2018-07-31 16:41:00,2018-08-16 00:00:00
bea86cb4ad19aaeb7bb4bd8f06066c03,8084cd8587e998d6d3abce1ab618e927,delivered,2018-03-25 19:15:10,2018-03-25 19:30:39,2018-03-28 15:38:36,2018-04-04 20:49:07,2018-04-18 00:00:00
cb42eafc3017a42886e3c0bf40dabee6,90422e172674bbcd8cfd3919e4d10f6b,delivered,2017-12-05 15:54:30,2017-12-05 16:21:16,2017-12-14 00:52:04,2017-12-19 19:19:14,2018-01-08 00:00:00
687fae09ac6fa7c5e99990afb9ddea3d,cc176d2627b0df66f50f24773e92219c,delivered,2018-06-21 22:13:43,2018-06-21 22:38:20,2018-06-22 14:59:00,2018-06-28 22:03:41,2018-07-25 00:00:00
e834a6d9d3cea0c687c250fc654a0232,4f57a446d106709bea9b89adc073bbd0,canceled,2018-04-25 16:48:12,2018-04-25 17:15:18,,,2018-05-14 00:00:00
db7059aeda4a4b33b40700c87731ae15,c5e87e44425d8b1adc3650af46744779,delivered,2018-06-06 01:54:04,2018-06-06 02:13:09,2018-06-06 12:34:00,2018-06-16 17:14:37,2018-07-17 00:00:00
fa7e8db523dd1cd2956e294889d6e611,27485717197b3f06c3c7186afd687382,delivered,2018-02-27 08:33:25,2018-02-28 09:36:22,2018-03-02 02:22:55,2018-03-08 21:38:32,2018-03-22 00:00:00
7889ce550f16a1fe103ffcf2a4a537c2,28d5ddbe17cf2c62357a3e08db9d6c47,delivered,2018-02-22 15:03:09,2018-02-22 15:30:40,2018-02-28 18:48:45,2018-03-08 01:09:19,2018-03-14 00:00:00
f56fc50c76285f17b655e6bd5a210799,5fcb65ba68f3aca54fa0c221d8b7150c,delivered,2017-07-01 15:59:33,2017-07-01 16:10:14,2017-07-03 14:00:34,2017-07-18 21:37:28,2017-07-28 00:00:00
071251fe3b3493294536f03737a8a679,e0a1d2de2e8046564b9c4de4a47ceb50,delivered,2017-10-26 12:26:44,2017-10-28 02:56:07,2017-10-30 18:53:12,2017-11-08 20:24:42,2017-11-21 00:00:00
e7dfe42bb50a6acce37e168e44260a51,97421afb531a2c357e152626fdecd126,canceled,2018-02-14 01:59:02,2018-02-14 02:10:22,2018-02-14 20:29:03,,2018-03-09 00:00:00
162b56a349cbc23e6ff66357119607d1,f24cfdb0cd7dad2f826e856d9c64751c,delivered,2017-06-26 12:40:35,2017-06-27 04:15:13,2017-06-28 16:33:38,2017-07-07 19:46:30,2017-07-21 00:00:00
f803879e0bfd93a6599c19a3f2b4b74b,c6188332d03eda1612e7358123e012df,delivered,2017-06-14 15:41:44,2017-06-14 15:50:19,2017-06-16 15:23:30,2017-06-22 14:22:06,2017-07-05 00:00:00
3d6002f122e72a5d6e07d4c54e79e3a4,b64829ad9cd22c94718e7000539cd318,delivered,2018-03-21 18:59:56,2018-03-21 19:10:24,2018-03-22 20:34:01,2018-03-23 14:53:28,2018-04-03 00:00:00
1651555dc7398bd9445d899544a6f3a8,cff990d71f28a80c1cda339dec9b4c9b,delivered,2018-05-07 09:10:54,2018-05-07 16:55:39,2018-05-08 15:42:00,2018-05-22 21:24:40,2018-05-24 00:00:00
5d389775a013b9eb8fcdab4cdc1eae1d,1004ffe8679b2e76e70417c5224b71ee,delivered,2017-02-03 16:25:13,2017-02-03 16:35:17,2017-02-06 13:27:11,2017-02-10 10:51:54,2017-03-14 00:00:00
96eb3b1e9be34336c89369e6efa182f5,efb6de351a6330ac5f2b85b9b4004e8f,delivered,2018-01-16 12:35:44,2018-01-18 02:13:17,2018-01-19 20:48:34,2018-02-09 17:04:07,2018-02-21 00:00:00
8420f1ac8b8cfd72a9f2745b55482462,731dc3e981e6c5c390acd0cf03ccc05e,delivered,2018-01-25 08:58:38,2018-01-25 09:13:54,2018-01-27 11:28:31,2018-02-05 23:07:39,2018-03-01 00:00:00
e18ebd6286697a3f0f6fe267d8286cb2,de3488839c20b6109821b6a1af9818df,delivered,2018-01-08 12:09:06,2018-01-08 12:17:25,2018-01-10 21:23:06,2018-01-11 23:16:14,2018-02-01 00:00:00
a671fda2c37400a1c328ff9c7c492fe2,8ce26661b5d4ebfd9eef23bff861003b,delivered,2018-02-17 01:20:12,2018-02-17 02:07:38,2018-02-19 21:42:35,2018-03-06 20:38:29,2018-03-21 00:00:00
5355cd279109f53086e889f05ff7d62d,ebcbc52ac10f080c45481fc62ffb367f,delivered,2017-09-14 21:09:30,2017-09-14 21:24:49,2017-09-15 17:37:45,2017-09-25 12:35:50,2017-10-10 00:00:00
d2eb9999568d1bba9d671c53926039cc,403c7562d9692e5a762a79faf64b6e00,delivered,2018-07-18 22:38:08,2018-07-18 22:50:12,2018-07-19 12:51:00,2018-07-23 21:43:45,2018-08-01 00:00:00
a5dfe2f94a7c8cb55a435a6ed9fc2c12,7838d18f32fd8c01bf0712b588663c16,delivered,2017-05-01 19:04:07,2017-05-03 11:35:43,2017-05-04 12:15:24,2017-05-15 12:10:57,2017-05-26 00:00:00
604614c5012e0fbe1bc3f9b43aeca34f,06327b190c9002f404bfe42a6a48e969,delivered,2018-03-03 17:23:55,2018-03-06 03:55:51,2018-03-06 23:48:56,2018-03-13 19:14:21,2018-03-26 00:00:00
66d77662d1b603b2a132dc906f5ed8c0,41f5935e006ab982056004b85cd7d612,delivered,2018-01-11 18:29:47,2018-01-11 18:47:40,2018-01-12 22:27:50,2018-01-23 02:05:56,2018-02-07 00:00:00
6d0f408f4dbc8d4ea87b6c5d5ab48775,1852f3d749d3d940b5e62c1c14c4a197,delivered,2018-05-15 14:30:51,2018-05-15 14:55:18,2018-05-16 15:37:00,2018-05-23 19:32:36,2018-06-06 00:00:00
ca5e507d8621f833ffba625f3303dbf4,8d3a27792cc0e752502649b2d277c90b,delivered,2017-05-14 11:01:33,2017-05-14 11:15:15,2017-05-15 15:05:16,2017-05-20 12:24:47,2017-05-24 00:00:00
d524e77bf9d7d01dec8ba849212ee527,c322bb3d55b2c6c71f93c9c93c07e8e0,delivered,2018-08-02 18:04:17,2018-08-02 18:15:17,2018-08-03 13:47:00,2018-08-11 00:46:43,2018-08-21 00:00:00
5a909d6376edac123359549cd82341df,399178f4096fc06d8539ca9b877f7c15,delivered,2018-03-06 21:33:52,2018-03-06 22:09:22,2018-03-07 20:22:18,2018-04-06 21:31:58,2018-03-23 00:00:00
68a049ac76db01ce0790c5dc64351140,2ed6de13efab725e91e77e8a955362d9,delivered,2018-08-06 23:57:11,2018-08-07 00:10:25,2018-08-07 15:29:00,2018-08-16 15:46:40,2018-08-20 00:00:00
171c622bc5e64b427c2708aac335fe6c,5f5829f52483f22c186a6db61eb4ab56,delivered,2017-02-23 16:55:51,2017-02-24 06:50:49,2017-03-02 06:51:44,2017-03-08 12:14:32,2017-03-24 00:00:00
49bf06962eeb0701f8757f0a7d6d74d1,5f2811da00ecd6108cb95640aabf2fe4,shipped,2017-02-20 09:42:29,2017-02-20 09:50:24,2017-02-22 09:00:29,,2017-04-06 00:00:00
dd1e6c3ec773916f8f48f7401beefc6a,2110896424abd0f0691b90629c70cce5,delivered,2017-11-22 17:01:59,2017-11-22 17:12:20,2017-11-28 23:17:08,2018-01-19 23:28:26,2017-12-12 00:00:00
5c65f6e8b3825aeb9c088dc89edec2e5,1e660f43dd676ad1838e7fbcf617947c,delivered,2018-06-04 17:03:57,2018-06-06 02:54:28,2018-06-07 11:17:00,2018-06-14 15:26:43,2018-07-17 00:00:00
a0312f29adf4584ac12f17aa74ca8f64,7e84a37250bb84475cc79542b538236b,delivered,2018-05-12 00:43:27,2018-05-12 01:16:41,2018-05-14 18:51:00,2018-05-23 14:58:42,2018-05-22 00:00:00
50bc730e6b9b604528b9e2af69b9fe5b,3453f7cba8e9d583f249722e9bd22038,delivered,2018-01-19 13:59:24,2018-01-20 09:10:36,2018-01-22 18:39:00,2018-01-23 15:08:53,2018-02-05 00:00:00
a50456c8fe575e192697e5f87d77a52a,d40aa925ed99c3322c7719f1ae2adb6d,delivered,2017-12-11 18:37:56,2017-12-11 18:51:53,2017-12-12 18:05:28,2018-02-01 14:45:46,2018-01-05 00:00:00
269dca34759215efcea85ba5b0333351,ef750d311ffd2f8ff044451e653a0181,delivered,2017-08-02 21:21:21,2017-08-02 21:30:10,2017-08-03 17:23:37,2017-08-09 17:09:13,2017-08-24 00:00:00
a4d70f0aec6cb2f3918729c54bb38538,484bead74b34094eb995e4ecee252deb,delivered,2018-06-10 19:01:26,2018-06-10 19:15:12,2018-06-11 10:44:00,2018-06-16 13:25:31,2018-07-25 00:00:00
3a49b6bd30aef5e2c1097738adee416f,85c300925a8a3da681a6b021551d239c,delivered,2018-06-03 19:05:44,2018-06-03 19:15:14,2018-06-05 14:33:00,2018-06-06 23:36:48,2018-07-05 00:00:00
d6e3a9f9be1350d1e2bb6e25e8bfd05d,13a9174710a2a98da53a186dd90c0292,delivered,2018-01-15 23:15:26,2018-01-15 23:29:57,2018-01-17 13:24:44,2018-01-18 16:39:04,2018-02-02 00:00:00
68439574f7cf6bd7de0b37d0e1321c7a,444d998dd9e7d510c9d2372892d89c50,delivered,2018-01-31 11:23:14,2018-02-01 02:56:49,2018-02-05 12:32:28,2018-02-09 20:22:15,2018-03-01 00:00:00
ba06fd3e802dae04b1a5a02f10d47726,55cec9069676ae68832c46af940b9f07,delivered,2017-11-27 16:37:00,2017-11-27 16:50:24,2017-11-29 22:16:58,2017-12-12 22:32:54,2017-12-18 00:00:00
4608a27e9e60c05b054631def491e7af,4fc51f554378926d8ca80aa1b1d13b1b,canceled,2018-08-28 08:10:22,,,,2018-09-12 00:00:00
6af818a251febcd39d030ffdff923fd0,5db7952e35e5c9d106f6d8e390c6e31d,delivered,2018-04-18 19:29:53,2018-04-20 07:31:51,2018-04-26 13:44:00,2018-05-10 20:29:59,2018-05-18 00:00:00
8b648f3b8380162bf589d5ea0d49f5b2,82144a8f1a65c32941b8ef245fede864,delivered,2017-12-17 23:30:16,2017-12-18 00:33:13,2017-12-20 15:03:37,2017-12-21 20:05:42,2018-01-08 00:00:00
fc2f758d05227510a9f46e37a1e0095e,db9f32899c9b8907a3ac4b4394f216a0,delivered,2018-05-05 10:40:02,2018-05-05 10:55:21,2018-05-08 08:53:00,2018-05-09 15:58:59,2018-05-22 00:00:00
24848282f53cd38724e7f7e20bd4027b,64dbaaf4c826ae2589b816fedf00631e,delivered,2017-09-10 14:28:05,2017-09-10 14:35:16,2017-09-12 17:00:02,2017-09-26 19:33:12,2017-10-04 00:00:00
bced9d44b71edeb7df9229c6b86fd784,126f85dfb321cccdf77d72f610c0b5a3,delivered,2017-09-12 23:58:05,2017-09-13 00:15:15,2017-09-18 20:29:47,2017-09-21 18:14:10,2017-10-10 00:00:00
0af1da637acdb5fdd0d77bd209530157,d3e29a43c924fd6064e10fe50ebc8925,delivered,2017-06-28 14:43:05,2017-06-28 14:55:17,2017-06-28 15:47:16,2017-07-12 13:17:39,2017-07-26 00:00:00
6d9a301ad93b5c24c6cff8e4f9cbe276,0863ec11de6ce167e48d77313f91d83b,delivered,2017-05-03 20:54:43,2017-05-05 02:15:14,2017-05-05 17:08:04,2017-05-17 10:13:53,2017-05-26 00:00:00
1d4f81fabfc6dadb18f166298fc6aaad,df356cdb085cb42613a303002a1c63e5,delivered,2018-07-01 13:08:05,2018-07-05 16:27:24,2018-07-04 15:11:00,2018-07-06 01:03:55,2018-07-16 00:00:00
0bfb3ca2ac0d1d45fff422a646f5c1b5,f764510cc6fd1460d82e0e0f7a460923,delivered,2017-07-03 21:26:15,2017-07-03 21:43:47,2017-07-05 14:46:51,2017-07-11 19:37:47,2017-08-18 00:00:00
21953f0f5d8d20ed590fcb9683be8b6d,829712ebcb9948606c4a1665539a8b4f,delivered,2018-03-21 19:52:25,2018-03-21 20:05:30,2018-03-27 22:46:35,2018-04-19 18:19:08,2018-04-13 00:00:00
570975ba79d1ebbf8ea51ff4536e8b9e,6b75b04a00f135feb0e4605f4b62359d,delivered,2018-08-19 19:52:18,2018-08-20 13:09:53,2018-08-22 13:47:00,2018-08-29 00:11:32,2018-09-13 00:00:00
5b9da7851555fad1474e656c2af2979a,565004177a5b7c33f7f8898434b6ed6d,delivered,2018-04-13 10:58:46,2018-04-13 11:17:23,2018-04-13 23:48:33,2018-04-19 22:11:13,2018-05-10 00:00:00
538306d5780984ada0ea3b277ee85059,87be93f91f5b699bf93d5654b18c05da,delivered,2017-11-30 15:19:51,2017-11-30 15:35:48,2017-12-07 23:51:42,2018-01-10 19:37:00,2017-12-28 00:00:00
6c7132d0849d1aba9e36d48456b3f5fd,08bf8049c3b95687e22cb0ba6468fec8,delivered,2017-10-28 12:08:35,2017-10-28 12:26:18,2017-10-31 16:32:46,2017-11-06 18:43:07,2017-11-21 00:00:00
70919895801d7ea61ce452562b76e3ba,eb5bf624edb0f6368055aa558ffd2b23,delivered,2018-01-07 17:35:15,2018-01-09 07:26:07,2018-01-09 22:34:02,2018-01-18 13:24:28,2018-02-15 00:00:00
bfb319221f8164f860374cd0cf9f9859,4b678fafb0a9ac6fa3ce2670f4cc2a3a,delivered,2017-10-04 17:20:15,2017-10-04 19:38:48,2017-10-05 20:57:37,2017-10-23 20:34:43,2017-11-07 00:00:00
679bfcdc0a607b524c44ed093e318346,3ae4dfdea4e9a09272a08f76428ac8c3,delivered,2017-11-15 16:24:24,2017-11-15 16:46:12,2017-11-16 20:02:41,2017-11-17 19:12:13,2017-11-29 00:00:00
c95bd943761b792191f6966a3691fdd5,3a7c376f617c8d0e2233e6854c63d39a,delivered,2017-05-26 21:43:20,2017-05-26 21:55:16,2017-05-29 09:04:02,2017-06-02 13:12:15,2017-06-20 00:00:00
537b641a5a1d26552c4354d3ee35c7bf,53a9811a73fc95da04d8319be37d76fb,delivered,2018-05-15 18:43:07,2018-05-15 19:12:13,2018-05-16 12:12:00,2018-05-24 17:11:18,2018-06-05 00:00:00
fa55043a687b814114cc0aec038ff1b7,3f9d209f9535615d0b936238dec7ae96,delivered,2018-02-11 19:21:17,2018-02-11 19:35:30,2018-02-19 23:38:36,2018-03-06 12:50:48,2018-03-28 00:00:00
6d781e62fc99f1af77ad37974cb0a1b4,63708dffa21ee6d5487406cbcf357983,delivered,2017-09-12 20:28:16,2017-09-12 20:35:28,2017-09-14 20:57:39,2017-09-23 16:03:40,2017-10-03 00:00:00
1b00c25be45a0f9ab100986981fb084d,5525ff1b53674cc931349603b07b8c3c,delivered,2018-06-25 00:35:00,2018-06-25 00:55:32,2018-06-25 13:29:00,2018-06-29 21:58:36,2018-07-16 00:00:00
c1808aaca844e2210da16bb46767586c,2d88e5d523368eaa7df260c1fba930b0,delivered,2017-11-24 10:23:27,2017-11-24 12:32:10,2017-11-29 21:21:15,2017-12-06 21:12:37,2017-12-20 00:00:00
c621519092fd9754777ee79a0680a2ac,d0fd1441f726eb4b038f33dce66e981d,delivered,2018-06-15 22:59:09,2018-06-15 23:21:15,2018-06-18 15:01:00,2018-06-21 16:28:41,2018-07-05 00:00:00
a2dd2555832adf77db576aeb3906f57e,ddd964490b868d062509e5e0dac09564,delivered,2017-11-28 23:06:15,2017-11-30 02:23:36,2017-11-30 18:24:58,2017-12-09 15:14:37,2017-12-26 00:00:00
525c4dbcaecd35a5fac2e4053589df08,968e561e3d26d0ab0eba0978942f2806,delivered,2018-03-15 11:54:21,2018-03-15 12:15:40,2018-03-19 16:15:47,2018-04-17 15:51:57,2018-04-09 00:00:00
a33491b78e10dbccf1e59fa7d5daf81a,2f0988cb17924c40151025a712206bf2,delivered,2017-05-29 13:43:45,2017-05-29 13:55:14,2017-05-31 10:52:36,2017-06-14 16:47:37,2017-06-27 00:00:00
8683ae8607ec5fd83805116545a82385,4eeb9ef829326203bedf160634900db8,delivered,2018-06-01 01:50:02,2018-06-01 02:33:11,2018-06-14 14:32:00,2018-06-19 18:46:28,2018-08-02 00:00:00
5d062811114a1d4fa25eeb314ae05bb1,6003ca93a4e8636842c327f14a2fc3a3,delivered,2018-06-25 11:37:34,2018-06-25 11:57:50,2018-06-27 08:34:00,2018-07-02 21:11:32,2018-07-18 00:00:00
5ca376cff085294d9b8a396d8c9834ea,4fece99243598d047490d4d4ce058897,delivered,2018-04-05 17:27:00,2018-04-05 17:35:31,2018-04-07 01:18:06,2018-04-09 16:05:43,2018-04-17 00:00:00
41a1702de429a9f03364932da1ff1986,477dbe012cf30f41f78e400b11aa5013,delivered,2018-02-04 18:10:42,2018-02-04 18:29:42,2018-02-08 15:43:06,2018-02-25 20:35:29,2018-03-05 00:00:00
b2e54b3ccbc9c423893aa9dbe19dcd73,550fc4a83290572e965f77f8c53913b4,delivered,2017-05-04 09:48:47,2017-05-04 10:02:53,2017-05-09 08:48:02,2017-05-19 06:34:03,2017-06-07 00:00:00
453e76957c508954ea1916f4ea18739e,e326bff07189a0c360703089bcf506ed,delivered,2017-08-11 21:40:24,2017-08-11 22:25:18,2017-08-17 19:42:27,2017-08-24 16:22:33,2017-09-15 00:00:00
2b8c5991476242babd85ba5b7ca5a7cd,e2a4a6f0fa0aa313974d5a53879a8218,delivered,2018-08-07 23:46:11,2018-08-08 00:05:02,2018-08-08 13:54:00,2018-08-11 00:44:26,2018-08-22 00:00:00
af1c0dc1f2cdfc4a74069019fe837717,1ef032b4ed8ab648ae7f436aa2c3216d,delivered,2017-05-31 17:36:48,2017-05-31 17:45:14,2017-06-02 11:15:50,2017-06-12 14:46:44,2017-06-29 00:00:00
b3d71a2000f053668c1baac73b5fe4d7,331433a5f105c6ecb2be21818b8c142a,delivered,2018-07-17 00:32:45,2018-07-19 02:45:21,2018-07-19 13:41:00,2018-08-03 15:08:52,2018-08-03 00:00:00
debac352e54823e317babc2b6182b188,aff94b0f1d55ff958afb8d79b304d547,delivered,2018-08-02 15:49:06,2018-08-03 04:35:26,2018-08-03 11:37:00,2018-08-08 14:28:43,2018-08-13 00:00:00
979192c67822fc3a9c7a8d78bf8d1abc,ff86631b9d2cc921e7c70cee04a93705,delivered,2018-02-14 15:29:27,2018-02-14 15:48:00,2018-02-16 16:06:25,2018-02-21 02:28:35,2018-03-07 00:00:00
e062128a636025faaa59e161cf4554cc,6d03156a5598efbd42d0021d5f30bec3,delivered,2018-03-18 10:29:39,2018-03-20 03:15:50,2018-03-20 18:48:53,2018-03-24 16:05:00,2018-04-25 00:00:00
25f680bf746bec3df11d48318ff015de,fd997caf29864e0b5e0d328a2d163e3f,delivered,2016-10-09 22:42:35,2016-10-10 11:02:43,2016-10-27 17:11:35,2016-11-01 18:04:41,2016-12-02 00:00:00
dc82732094ba2671604e8a318714bb78,42d7c7a6251635276d0018efeaa9f7b2,delivered,2017-11-29 13:54:04,2017-11-29 14:29:36,2017-12-04 20:38:47,2017-12-14 00:18:56,2017-12-20 00:00:00
4b5cf6901062fc5fda94db5e015089b8,ad11c35161c90b71b70d5f598fecdd09,delivered,2017-11-12 13:33:57,2017-11-12 13:50:26,2017-11-14 22:09:22,2017-11-23 00:58:57,2017-12-06 00:00:00
8a6d1317935fc8ba385da595dd3bf2be,92b3d4d2f79520dcb1433a7be39499fc,delivered,2017-02-20 09:28:19,2017-02-20 09:42:13,2017-02-22 12:59:02,2017-02-24 10:41:38,2017-03-21 00:00:00
256439883edd623b95487713a1a0447f,a4541646c20781dcb25b834a5810eb66,delivered,2018-08-18 21:35:57,2018-08-18 21:49:58,2018-08-20 15:33:00,2018-08-23 15:28:52,2018-09-03 00:00:00
9d5ff0405549c979e36682bc5d8b9306,f4256e397cf2c357af2b5cefb00d354a,delivered,2017-08-24 15:36:39,2017-08-26 02:16:12,2017-08-28 21:37:34,2017-09-04 20:06:06,2017-09-18 00:00:00
328c309ec547992c3c426906fe279dc0,ea1db785abeb76be99f949bce241eade,delivered,2018-04-29 09:44:15,2018-04-29 09:55:14,2018-04-30 13:14:00,2018-05-08 13:22:58,2018-05-18 00:00:00
27f1701adfc69c0a85e9f59345b795df,f6ced24a98fd8ab53c50ebbfdf6c1375,delivered,2017-04-18 12:47:15,2017-04-19 02:45:19,2017-04-25 08:12:31,2017-05-14 05:14:53,2017-05-15 00:00:00
9abb2627b40ff1591e62553894e6b312,83ee662793d8345e9619b6d96f5b9d15,delivered,2017-01-31 17:31:36,2017-01-31 17:45:18,2017-02-01 10:58:21,2017-02-07 08:28:03,2017-03-09 00:00:00
7701ecd93e987006334fba168c936f20,cf5fa0284e02ae57b187a0f57ba11133,delivered,2018-07-17 20:17:21,2018-07-17 20:30:09,2018-07-18 09:35:00,2018-08-09 16:47:28,2018-08-06 00:00:00
1f2e82bed8804834d0fb59b0ca566c2e,1831c50f1395542901d61a2f40c35aed,delivered,2017-08-25 09:59:51,2017-08-25 10:10:16,2017-08-28 17:33:19,2017-08-31 20:12:11,2017-09-22 00:00:00
ecc890b8d57a4f9904953c000fd7ebe5,210ae71748d4491e49ae5fb975f9245d,delivered,2017-03-12 22:12:18,2017-03-12 22:12:18,2017-03-15 08:53:59,2017-03-21 09:55:37,2017-04-03 00:00:00
042e14b2dcf81a8468a49c14d28036c9,945cd4096444d1649974e03e61381aa6,delivered,2018-03-07 21:08:18,2018-03-07 21:29:32,2018-03-12 22:48:25,2018-03-19 15:48:45,2018-03-23 00:00:00
f17b658bf3d3cad2412d2747ce5ae816,d08b08671fbf37e28473475a9721a33b,delivered,2017-05-15 20:42:04,2017-05-17 04:15:08,2017-05-18 12:26:28,2017-06-19 21:42:39,2017-06-06 00:00:00
7a10ea23f189a9e4a2c03c5a54511b10,206e181adedd880f4c924c3bb366cd9a,delivered,2017-04-10 14:23:43,2017-04-11 06:35:21,2017-04-11 12:18:23,2017-04-17 09:20:10,2017-05-02 00:00:00
697dd6059b52ae362ff66b900faebc21,e07aeffead50e50b8d795fd124fd3241,delivered,2018-07-02 11:31:09,2018-07-05 16:35:21,2018-07-04 11:59:00,2018-07-12 18:41:37,2018-07-27 00:00:00
c50f3e0160539b3da33e3cea55871c05,f3309994e8de398daa7ebcd5479cf689,delivered,2018-03-15 17:17:29,2018-03-16 17:10:51,2018-03-19 20:27:28,2018-04-17 18:58:27,2018-04-18 00:00:00
95d4558cec2364e0f0b2fcef73148af7,a6f038645d3eff61a237fd66e007bce5,delivered,2017-09-14 16:38:24,2017-09-14 16:50:33,2017-09-15 18:06:06,2017-09-25 20:07:33,2017-10-03 00:00:00
61d9e1e95fdfd5f0732643e5dbc1634d,0f7539c4d9c543cf35febd8ff67fd159,delivered,2017-09-30 00:53:36,2017-09-30 01:07:15,2017-10-03 21:13:27,2017-10-13 18:43:43,2017-10-31 00:00:00
1c38140d4542f0ac92eeafa89c9575c0,cc04d2febd5b4eda43af1972a4130cfd,delivered,2018-05-04 13:57:53,2018-05-04 14:53:30,2018-05-07 14:15:00,2018-05-09 18:58:31,2018-05-25 00:00:00
6c996c013efca89d881f5717239cf3b0,bfa038d9dc03dee42e6574d7df63f51f,delivered,2018-04-22 15:04:45,2018-04-24 18:10:51,2018-04-23 17:12:43,2018-04-27 19:06:55,2018-05-22 00:00:00
beae8ee9872c468af6923d5d4e0ad6d8,c200faabd3213f7bb7622f3e9a27571c,delivered,2017-08-31 16:51:48,2017-08-31 17:05:39,2017-09-01 22:37:50,2017-09-04 21:38:10,2017-09-13 00:00:00
ca0ff2301c311da1ee20374b77aa4b2b,388dddfd2782f08bc557f2d504526dd5,shipped,2018-01-08 14:08:34,2018-01-08 14:27:53,2018-01-08 21:37:12,,2018-02-09 00:00:00
e3210b05ca60d10831af30bcbb351c05,0e4fa8b8944e91310593b9a84c7201ec,delivered,2018-06-08 10:35:03,2018-06-08 10:57:13,2018-06-08 13:09:00,2018-06-18 19:12:06,2018-07-11 00:00:00
98e8fe9277c5c75079ffd65eecba9363,e6ca2ee6bc5a14cf204a7e8b76a0c2cf,delivered,2017-08-27 23:15:09,2017-08-27 23:25:19,2017-08-29 10:47:07,2017-09-01 19:27:53,2017-09-14 00:00:00
281c04e182df0c2f9f25bebea4b31af1,9425002b07757e5dfbf840f8c1310954,delivered,2018-03-04 16:38:43,2018-03-04 18:35:52,2018-03-07 23:48:42,2018-03-15 01:03:22,2018-03-21 00:00:00
6c06ec42ff43ae8f164a1403c0ed264f,c6fa5df1004d676a63f9e34a2cb7f4af,delivered,2017-02-22 10:51:49,2017-02-22 11:03:25,2017-02-23 20:37:33,2017-03-01 13:37:26,2017-03-21 00:00:00
c3ec5c70256966fe8951602e15e63495,5679bf4d0900a0e28ce699536c8c3e43,delivered,2017-02-18 14:36:49,2017-02-18 14:50:12,2017-02-21 13:08:05,2017-02-24 08:14:01,2017-03-22 00:00:00
7f539983cfeeeb17fa4a9bb2df43d4db,9f7bcb19d79216545a88e5e6aa85262a,delivered,2017-11-25 13:20:42,2017-11-25 13:33:34,2017-11-30 14:17:17,2017-12-10 16:53:12,2017-12-15 00:00:00
2fe18a7bcb2efa7693ad98a8f33c1bd9,6635f0ad774d21d6c77864862d8c4acf,delivered,2018-01-29 21:17:46,2018-01-30 04:31:07,2018-01-31 23:28:45,2018-02-16 21:34:13,2018-03-16 00:00:00
37af0498017bcfbffca8855bdc9ecc6b,ec2e75f6adbc293fa28f42402f4a0720,delivered,2018-02-16 17:30:56,2018-02-17 17:27:22,2018-02-20 19:15:22,2018-03-09 20:35:24,2018-03-13 00:00:00
84253562834802051b3ee018d7daecb4,50985c704285b81f536fae7cd6d3d4aa,delivered,2017-08-21 18:48:07,2017-08-21 19:05:21,2017-08-24 16:36:53,2017-09-01 16:33:02,2017-09-15 00:00:00
d0786289d91adc4ed348d7c1d6589013,9df7cb5f930841ebc5cd338278f2a391,delivered,2017-05-21 23:20:14,2017-05-21 23:30:33,2017-05-22 08:37:08,2017-05-26 16:46:40,2017-06-12 00:00:00
1a3b6feac1253a77e02f09ec28406057,45a26619ef16991911beca12461d8d0b,delivered,2018-08-11 18:39:17,2018-08-11 18:50:22,2018-08-13 14:14:00,2018-08-28 18:03:16,2018-08-28 00:00:00
988f7742af86089855baaff514b6e4e0,94907d569668a485bd379f425d64a4a6,shipped,2018-07-07 18:35:05,2018-07-07 18:50:10,2018-07-10 14:14:00,,2018-07-25 00:00:00
78ed31442f1dba103a38d372eff51503,4f7b2f92ad2feeff85cb8762ba1835dc,delivered,2017-08-16 01:22:45,2017-08-16 02:45:07,2017-08-22 21:25:36,2017-08-31 17:52:43,2017-09-15 00:00:00
0b5130f1658aa7b154635cd0c097bd4c,4c22099dc6da223a432081168cb89137,delivered,2018-04-18 00:34:42,2018-04-18 00:52:07,2018-04-18 18:52:46,2018-04-25 19:52:37,2018-05-17 00:00:00
8ad1b8de29d062bae836bc7d2cedc391,5c4267131706cf9a809cc1a0aac2e80d,canceled,2017-05-14 00:32:26,2017-05-14 01:10:24,,,2017-06-01 00:00:00
0acce7378714d20548f0f5f1b71f6458,5b310d1f78f27de30f2fb3ddbc5e8a49,delivered,2017-12-30 21:48:24,2017-12-30 21:54:24,2018-01-04 10:47:57,2018-01-10 21:19:34,2018-01-26 00:00:00
38bfa8770aab7482945c44803221107e,edd55d7e669dba5281d989b6e1c60cad,delivered,2018-01-18 16:25:16,2018-01-18 16:42:22,2018-01-22 20:56:41,2018-04-16 12:40:54,2018-02-08 00:00:00
f9c79143a17b58d5d49a2b0f2dbd3c2c,d8e7083f456ba33d110d1bc142f3bb24,delivered,2018-04-25 22:49:17,2018-04-26 04:15:25,2018-04-27 15:39:00,2018-05-15 17:51:08,2018-05-21 00:00:00
d6241dead130f310711dc2f50927f1e8,839300cf49f1e1adabddae574582910d,delivered,2018-01-02 17:47:42,2018-01-02 17:55:31,2018-01-03 17:22:53,2018-01-09 20:09:27,2018-01-24 00:00:00
82c46826f081404f1809ea22a81d293a,15d4a8f8aad90eec05f5e827e212ffd4,delivered,2017-09-23 21:32:06,2017-09-23 21:45:32,2017-09-27 16:01:57,2017-10-03 18:07:00,2017-10-19 00:00:00
355136777548fdf65a8debb28dcce252,6dec78939c318cc88c10b0d6f4a31c91,delivered,2017-11-22 20:17:30,2017-11-22 20:30:22,2017-11-24 20:35:47,2017-11-27 17:43:04,2017-12-08 00:00:00
7335a8d265b13f3b540722eb829fe08c,4665a0c8ef9c5c20346a6da0d26958c1,delivered,2018-01-07 20:40:40,2018-01-09 07:17:43,2018-01-10 20:17:09,2018-01-12 22:21:55,2018-01-30 00:00:00
8aa1afb8d1b71222f421533a81af7aba,6aa5716e48d15609c34d2d7385303f4e,delivered,2018-06-26 15:33:00,2018-06-26 15:56:40,2018-06-27 10:16:00,2018-07-10 17:51:33,2018-08-03 00:00:00
934df00dcb85e2cc1b9077573721fa15,40b399eb9ca4874f9d1632c58116f274,delivered,2018-05-21 20:30:42,2018-05-21 22:17:03,2018-05-22 14:17:00,2018-06-08 00:09:49,2018-06-11 00:00:00
0d31aa9078990c7f19f4fc432d3fc74f,2df66b55320577bf0006ee3551cb84a5,delivered,2018-02-27 17:53:38,2018-02-28 17:50:37,2018-03-01 09:48:55,2018-03-10 00:48:57,2018-03-22 00:00:00
3b29140787c6e85abba4fa2e24eb500e,c43c3140ae3f3b176a3a142d59a50668,delivered,2018-05-06 17:17:53,2018-05-07 09:13:53,2018-05-10 08:10:00,2018-05-22 15:14:43,2018-05-25 00:00:00
2f8faef508a5a7ba5de0b455cd768da8,fba329d7c026661be9487ed474865365,delivered,2017-11-03 20:44:04,2017-11-07 07:30:29,2017-11-07 19:14:56,2017-11-21 21:55:45,2017-12-04 00:00:00
3efb7ab9a8ab0d5928af81d8f43b2e62,abaae496f2c7fc158073f92930c654a0,delivered,2018-01-13 11:26:03,2018-01-13 11:32:26,2018-01-16 22:41:37,2018-01-30 00:03:36,2018-02-09 00:00:00
f7d8cd54dcedff57206bb219f1edfb5a,1c30160c6226fdfcc5d312c14e686004,delivered,2018-01-20 14:40:09,2018-01-20 15:01:31,2018-01-23 20:53:10,2018-01-30 01:42:51,2018-02-14 00:00:00
779f93413b806f6eea6d1d88053f9e4f,b7fa366f14d8a66cc1b3a514c9200a0a,delivered,2018-07-21 13:54:34,2018-07-21 14:10:11,2018-07-24 15:18:00,2018-07-27 19:37:50,2018-08-06 00:00:00
9312a513c9aa606d098a856e87a68d33,87dd18546a67fa179880ec78244ce499,delivered,2018-04-15 14:05:24,2018-04-15 14:31:25,2018-04-17 00:18:29,2018-04-17 15:53:33,2018-05-03 00:00:00
9e396551fca6b2ba9105b3f7282f2861,b207ff4065d6cac5160b023c4688b48f,delivered,2018-03-30 18:21:52,2018-04-03 05:28:09,2018-04-03 19:37:38,2018-04-12 21:41:23,2018-04-20 00:00:00
a72251c0fe5a71feaa94ae55c2257e0d,882202b66b1bc288e8fed52973389523,delivered,2018-05-13 23:56:22,2018-05-14 00:14:30,2018-05-15 08:56:00,2018-06-06 20:40:40,2018-06-08 00:00:00
3b510aa86c6884da9a0f2d9960b2d9c1,280d4a1c6ddb67a1f8ad1262cfa9848b,delivered,2018-08-07 10:48:59,2018-08-07 11:05:16,2018-08-07 11:44:00,2018-08-16 00:12:40,2018-08-29 00:00:00
a54dd045e3be5b2d21b3065c2b6f0131,d961229a6b7725cf493af5726e6453ad,delivered,2018-07-20 16:50:02,2018-07-20 17:04:33,2018-07-23 15:08:00,2018-07-27 17:52:40,2018-08-14 00:00:00
631404548eb153146176a3e3becb73b3,23a87ecab2a4cc67da627f356f32714b,delivered,2018-01-28 19:03:35,2018-01-28 19:18:37,2018-01-31 23:41:40,2018-02-16 01:17:01,2018-02-23 00:00:00
b026d8284e76ad0e8420de7414eb519f,bbdc192e1ac894026ba32bf978ac2b8c,delivered,2018-04-06 14:59:49,2018-04-06 15:15:09,2018-04-07 17:03:37,2018-04-16 16:33:39,2018-05-03 00:00:00
f889a5a0b44adc29c5465b99395ac3c1,b78ba44ee52b74b9dbe30c8a533d23df,unavailable,2017-07-07 21:17:36,2017-07-07 21:30:11,,,2017-07-27 00:00:00
d5199f2169dbe3fe989c56dac7f64da0,427748327be320bc51430c78a5d7f5a5,delivered,2018-01-10 10:07:06,2018-01-11 02:32:36,2018-01-20 15:43:02,2018-01-24 17:15:03,2018-01-31 00:00:00
b77e821b63e7996ef7d5938586acd7e9,ebffe0422a741fcb128156d94fa8fbf3,delivered,2018-07-09 20:33:10,2018-07-09 20:45:22,2018-07-10 06:57:00,2018-07-11 17:58:28,2018-07-18 00:00:00
c1055c3c83d15a7d43c7b6e3f283ae53,b7f21cec11d35a647deee185c3881474,delivered,2017-11-01 00:24:57,2017-11-02 02:35:44,2017-11-03 18:45:32,2017-11-06 22:33:59,2017-11-14 00:00:00
5bfd0cddafa5fbbaa95429ed5577be6c,36d0c2b45edeabb66553774a00c92345,delivered,2018-03-28 10:06:01,2018-03-29 03:28:54,2018-04-02 14:58:35,2018-04-06 18:33:45,2018-04-19 00:00:00
58215b0c6543fc7be2557b0defb786d1,55006617698ed79ccd65eae5281c0a42,delivered,2018-04-01 21:39:03,2018-04-03 05:30:11,2018-04-04 01:06:42,2018-04-05 19:22:07,2018-04-17 00:00:00
2591dc67686367f1aa9b8f09497f8bde,7ea865da6505a5ead00679c077371742,delivered,2018-06-08 19:56:41,2018-06-08 20:49:38,2018-06-11 12:04:00,2018-06-12 11:06:32,2018-06-19 00:00:00
fc28aed78cb8bcd22a7dbd82cb778946,31ec530ca6c36d8cd17146241c119887,delivered,2017-01-13 15:11:16,2017-01-13 15:25:21,2017-01-16 11:22:18,2017-01-21 06:57:36,2017-02-09 00:00:00
17ece7ee59d823d55795a356168275e4,403df4f718b10da26ad22db642a6934f,delivered,2017-09-02 14:37:17,2017-09-02 14:50:11,2017-09-05 12:17:17,2017-09-11 14:42:50,2017-09-27 00:00:00
008dd5e80ebf8f849aa0c5bf4e22ce7a,3c138c472fb6f243ea59fa2589b20440,delivered,2018-03-20 20:31:23,2018-03-22 02:56:19,2018-03-22 23:48:27,2018-03-23 18:04:16,2018-04-02 00:00:00
0ad366bdd2946abe259eb3095c953dc5,9c4a98c1e93c14a86d4c14ce25180aa3,delivered,2018-01-27 13:11:20,2018-01-27 13:33:04,2018-01-29 22:46:51,2018-02-10 17:07:26,2018-03-01 00:00:00
57ecffc3a29fb1db005184b46b5f655d,be93891b0486585b4cedeeb517c8cc03,delivered,2018-06-27 18:35:52,2018-06-28 08:50:58,2018-06-28 11:02:00,2018-07-06 12:34:11,2018-07-24 00:00:00
de9b8b05fb249806b7dc8f5cd60eccad,edf1cfa56fe1eb3860d9c4bc3301d090,delivered,2017-10-08 21:18:09,2017-10-08 21:35:28,2017-10-13 16:13:52,2017-10-20 17:22:16,2017-11-01 00:00:00
eadacd4909367cdc58880cf410cb7c4c,a765d1107969e6412dc25b6529dbf582,delivered,2018-01-17 23:59:58,2018-01-18 00:51:35,2018-01-19 23:33:21,2018-02-06 23:13:29,2018-02-15 00:00:00
7ea79c5a0a141e742e9369fba0899043,4adc5c59c6d58067991c61008df3e155,delivered,2017-11-30 17:51:15,2017-11-30 18:50:50,2017-12-08 19:13:24,2017-12-27 21:14:20,2017-12-28 00:00:00
40235386473717246bb2eb10fe48037a,e8db587aa035a388d29cd44a801f9092,delivered,2017-11-24 18:42:17,2017-11-25 04:15:42,2017-11-25 18:14:48,2017-12-12 21:55:50,2017-12-14 00:00:00
53c61cdae4eb4c8812c19f8da2363a36,fa91a5a1d6a97235e91819c3926f8580,delivered,2018-05-02 04:03:31,2018-05-02 04:31:27,2018-05-03 08:10:00,2018-05-09 15:59:06,2018-05-21 00:00:00
ea2807ad7bffe18961ac7306291d2392,48171d7e9a0a97b4c88b7ff2aeff44c4,delivered,2018-02-05 23:32:17,2018-02-06 16:51:46,2018-02-07 16:08:56,2018-02-15 20:35:20,2018-03-02 00:00:00
d95dc7171d00d08c5e2c57e693161db7,7b3d05c4caf39a73850b896d45d034c9,delivered,2018-03-03 17:28:48,2018-03-06 03:50:58,2018-03-23 20:48:33,2018-04-05 22:27:35,2018-03-27 00:00:00
84738ae25273a6a32bc43d0a0156b570,8bc5bd186338cf7f9b134aeed904d8d0,delivered,2017-09-17 19:21:22,2017-09-17 22:36:09,2017-09-21 11:44:38,2017-10-05 18:04:12,2017-10-09 00:00:00
8b8c17015e5e5bea026c24e0f03c9dcf,1d53f05ca91642eb19cd75a96296c152,delivered,2017-03-06 02:21:22,2017-03-06 02:30:17,2017-03-14 11:21:55,2017-03-30 08:00:03,2017-04-04 00:00:00
a045563f9a4d45a3c8669ad71edc16c7,3ba9c5d370d75552c16eeb2a2b643683,delivered,2018-03-29 22:59:07,2018-03-29 23:10:08,2018-04-02 23:08:01,2018-04-06 18:21:28,2018-04-18 00:00:00
309e5b4e4cb2a41a8cfd43a88716b88e,bad6b94d062e9c76e0aafeae82e23ec0,delivered,2018-01-15 13:35:43,2018-01-17 03:34:38,2018-01-23 20:15:00,2018-02-06 19:27:03,2018-02-08 00:00:00
cf418da45661447c99c40a5786bca1a8,e652bcf352f049cd217fe85d968fba91,delivered,2017-07-27 23:27:29,2017-07-27 23:35:19,2017-07-28 19:09:11,2017-08-02 18:23:29,2017-08-09 00:00:00
a96610ab360d42a2e5335a3998b4718a,df55c14d1476a9a3467f131269c2477f,delivered,2017-04-01 15:58:40,2017-04-03 13:25:18,2017-04-11 15:10:34,2017-04-17 11:04:45,2017-05-02 00:00:00
31ffb6cc39a3b2eefd1fe323f00c96f6,bae93c8b0a1a8645e1d5dac0dbf091af,delivered,2017-07-13 12:20:17,2017-07-15 03:35:41,2017-07-15 13:26:49,2017-07-27 20:22:51,2017-08-02 00:00:00
6d6f16813fbb3448a034fc242a2603c6,50a2bbfdc15bf77a19b7e096c8eadbcb,delivered,2017-11-16 12:12:12,2017-11-17 13:55:26,2017-11-21 19:37:23,2017-12-05 18:13:06,2017-12-07 00:00:00
2b1b2b60f0b9cee51feb5b9a9ee60779,28e578734a813f4753a71d2f31e1e8b3,delivered,2017-11-23 11:42:07,2017-11-25 03:32:48,2017-11-28 19:16:57,2017-12-16 17:58:49,2017-12-21 00:00:00
a28b1546b11df2b46d9744c7976bedb2,c38867c798cb953659c564edd549351a,delivered,2017-11-27 20:32:45,2017-11-27 20:59:13,2017-11-30 23:59:09,2017-12-22 18:17:16,2017-12-22 00:00:00
5959e057083717e6ec6e9d6164142e48,84f47943977206e6e54f4fd202a2ad43,delivered,2018-03-18 15:12:25,2018-03-18 16:55:34,2018-03-19 23:32:06,2018-04-11 15:52:07,2018-04-17 00:00:00
51f2bc977a4fb1086e3521f501645ddc,df54a789854ed6321831ebf6a866526c,delivered,2017-02-05 19:17:06,2017-02-07 04:10:33,2017-02-07 11:27:02,2017-02-22 07:27:39,2017-03-01 00:00:00
751828ac13df64ad531c8664c91fdee6,307a941ee3d5915cf2c7738e1a12394a,delivered,2017-06-15 13:41:16,2017-06-15 13:55:07,2017-06-19 20:05:57,2017-07-03 13:37:43,2017-07-10 00:00:00
77715dc96ea49747370a3a70f405f66c,5a28571d0bd67a0c80288cd5dc8c7b36,delivered,2018-05-05 13:52:41,2018-05-05 14:13:50,2018-05-08 08:40:00,2018-05-11 20:51:18,2018-06-14 00:00:00
0c6e84e1109b6c5630774291a85fef1c,6eebd7db95271b1824660c5e7ff53a5b,delivered,2018-01-12 18:30:53,2018-01-12 18:48:38,2018-01-17 20:47:03,2018-01-29 11:56:42,2018-02-19 00:00:00
b9019981769010866e2b59c6a1fc9c9f,e28ec0654fc5c2fe9ec5a119d4f199b2,delivered,2017-11-05 22:43:20,2017-11-05 22:55:46,2017-11-07 12:53:01,2017-11-22 12:43:22,2017-12-08 00:00:00
e264592bd65236932df8193bed000e39,ad68c4246c1d9103b42ec8aaa5e85483,delivered,2018-02-26 11:58:39,2018-02-27 11:50:26,2018-02-28 21:21:51,2018-03-12 17:52:29,2018-03-23 00:00:00
0749426d1c48fe5943cbdf1316ace0aa,ce16772052d1eedeecdecd1deb3b0ec1,delivered,2018-01-13 13:22:10,2018-01-13 13:33:29,2018-01-15 19:45:04,2018-02-22 02:28:49,2018-02-07 00:00:00
d408389e6d1324a47e2ddac6953406b1,3ee999a6658bd118c0ed27cc92e7e3de,delivered,2018-02-10 11:26:11,2018-02-10 11:35:31,2018-02-15 17:50:49,2018-02-21 13:14:06,2018-03-14 00:00:00
a735c714af04db9006e86cdb6f1e6997,2913b763fc7fe160b023375d437f35b1,delivered,2017-09-13 22:54:26,2017-09-13 23:05:40,2017-09-14 16:32:14,2017-09-22 17:43:12,2017-10-11 00:00:00
cad5d696e0d7bf7f475ff4cb616e7cd1,a32b503a5a6817541a8e09d6c70f9642,delivered,2017-11-22 18:13:26,2017-11-22 18:26:32,2017-11-28 15:27:40,2017-12-14 18:16:54,2017-12-19 00:00:00
680b35174e2902cd642343db6b436def,a129222aff7d284137197fd5c4de77d8,delivered,2018-05-16 19:07:31,2018-05-17 08:36:38,2018-05-18 15:24:00,2018-05-21 16:38:20,2018-05-24 00:00:00
add0a7ea74e3048026fb192afae91c61,ac15f9cd03259141ac441517ce3a3282,delivered,2018-06-29 15:56:21,2018-06-29 16:11:36,2018-07-03 10:05:00,2018-07-06 12:56:31,2018-07-27 00:00:00
5768936d974ba5229f79124abba8ab82,6c73985135595ccb5823541e7b0195b3,delivered,2018-01-13 14:10:52,2018-01-13 14:29:28,2018-01-16 22:18:34,2018-01-22 15:35:55,2018-02-09 00:00:00
cf3953190a955e0f2e4a8552279713b8,fdf2fde76977db18487346f9febd301a,delivered,2017-11-28 18:03:32,2017-11-28 18:16:49,2017-11-30 01:28:36,2017-12-05 19:33:46,2017-12-12 00:00:00
971f6376810243dfd6bbd04b29fb6367,c7aa9ea3f2ad4ed46d2563d83524025d,delivered,2018-02-20 09:12:22,2018-02-20 09:27:44,2018-02-21 15:09:11,2018-02-27 15:37:32,2018-03-26 00:00:00
187f46dc8413d66bb854de95b004d9b3,d0702c4f1152606a119561253565e15c,delivered,2018-04-03 15:19:27,2018-04-03 15:35:19,2018-04-12 23:03:37,2018-04-16 20:41:50,2018-04-26 00:00:00
5f6d7bc44eb2d1588b7cb6ac202d63a0,e759db1bd97e2c1f97c134b192acc0ba,delivered,2018-06-06 12:55:20,2018-06-06 13:13:21,2018-06-08 14:17:00,2018-06-11 10:28:33,2018-07-04 00:00:00
418f45a2544c9ab8f50c4d6843642a98,00bb2dd15521a8a428bb530b4cabb403,delivered,2017-08-02 12:48:03,2017-08-02 13:03:36,2017-08-07 20:07:50,2017-08-10 23:03:20,2017-08-22 00:00:00
46c99067d2014deb825b963f5acc76da,797e47f5ab7bfd84bc11a737a210e11a,delivered,2018-04-11 00:16:46,2018-04-12 08:10:04,2018-04-18 22:18:35,2018-04-23 12:55:33,2018-05-14 00:00:00
00e0bac9f6306d8269770acf4ee4b027,2fddb001e84993ba7e785f11415bc5cb,delivered,2018-03-04 23:02:58,2018-03-06 03:49:43,2018-03-07 23:04:25,2018-03-27 01:58:53,2018-03-29 00:00:00
b290153199203cf58c0748db9b239ad3,5b4f391759bc5b7d16bf18cc2e45d1d4,delivered,2017-12-29 13:57:31,2018-01-03 04:12:27,2018-01-03 16:19:09,2018-01-09 18:17:28,2018-02-06 00:00:00
62c01156265aaaec691a0634593dd678,ab28ea1bca151935ad9d3eeb0f223041,delivered,2018-08-19 11:25:16,2018-08-20 11:32:03,2018-08-21 13:06:00,2018-08-25 01:32:32,2018-08-31 00:00:00
bacfb12b369a42b37e0246c786bf4637,d1ecae988f85309f883f1769e625b565,delivered,2017-07-11 10:15:47,2017-07-13 02:55:59,2017-07-13 17:47:28,2017-07-17 17:19:53,2017-08-04 00:00:00
1ad8864bf96543e8989f8f34a742fbc1,d00d7fad1ccb88e31b4fb5e20bcfcf89,delivered,2017-08-30 15:37:50,2017-08-30 15:45:43,2017-08-31 17:42:40,2017-09-16 13:07:34,2017-09-25 00:00:00
0b913c851b8dd74300045511a8120e8b,af2769eaf466dabca4bd67df142ff48f,delivered,2017-05-02 17:40:59,2017-05-03 14:50:26,2017-05-09 16:17:38,2017-05-16 10:41:23,2017-06-01 00:00:00
9a0a3c8bb7bb3ddebdf16f8df87d7e18,9503b854a580d4abd3fc1945c8018de7,delivered,2017-03-06 14:05:57,2017-03-06 14:23:05,2017-03-08 08:43:24,2017-03-21 08:13:46,2017-03-27 00:00:00
a48276e53f3d5d19890051a4f166a71a,958f6b1eb31681bfb505f022e17733e9,delivered,2018-01-21 22:51:21,2018-01-23 03:52:38,2018-01-24 18:16:58,2018-01-30 22:35:07,2018-02-19 00:00:00
4c7ef39af59d31fa247f85d10ed414f6,8d8b07cd0a8ac41bea325661b57c344c,delivered,2018-07-14 23:54:09,2018-07-15 00:05:11,2018-07-17 08:28:00,2018-07-26 15:58:54,2018-08-14 00:00:00
a09ed5d1761ac2a730a3447189e6eeea,cbef3c154e489044b5d5aa6a550ad4ad,delivered,2018-01-22 11:24:05,2018-01-22 14:18:23,2018-01-24 17:42:01,2018-01-27 09:52:55,2018-02-06 00:00:00
8f0057f230f19e9f7ad1a5566ef6a980,912f70eeb92c8bdb884de7561ea5c6c5,delivered,2018-07-22 23:14:34,2018-07-23 12:31:55,2018-07-31 12:57:00,2018-08-03 18:57:04,2018-08-14 00:00:00
b095ec7b830d94cc7e1b67fed0455c01,85051f9b3e9909676bf77f69a2c05b20,delivered,2017-09-20 11:49:49,2017-09-20 12:04:41,2017-09-21 16:59:21,2017-09-22 16:37:34,2017-10-05 00:00:00
cbff3990ac7d2b2026c2e3a639aaabb9,c79472d11f0224a7b12eaadedd1e26a9,delivered,2018-02-15 13:26:29,2018-02-15 13:47:45,2018-02-16 14:16:54,2018-02-23 03:27:08,2018-03-07 00:00:00
4f1eeea688bd0014cf7f81a1f23bb8c4,125d8a2e48613251e4d7d9f9d302ad27,delivered,2018-01-29 15:05:29,2018-01-29 15:31:22,2018-01-30 16:58:11,2018-03-29 21:51:46,2018-02-26 00:00:00
66bb146968e449c413c58a15e510a6f8,2bc0454ee694c469f555e42dd18d0513,delivered,2017-05-08 22:50:12,2017-05-08 23:02:40,2017-05-09 10:13:55,2017-05-15 08:32:05,2017-05-31 00:00:00
8f0282daddda3025b762d5fc696a7c98,d06e5452256e12e440e458ce30b18ba8,delivered,2017-08-04 14:43:10,2017-08-04 15:03:37,2017-08-07 16:14:54,2017-08-16 19:03:37,2017-08-30 00:00:00
6ab034fbfc2c4ebf80075ed18002c809,803082b330e9d081431dba0fcc677d37,delivered,2018-02-05 11:21:19,2018-02-06 04:32:22,2018-02-09 22:52:42,2018-02-20 23:23:00,2018-03-01 00:00:00
49fde3867303e9ee8b2b2fb6c657636e,4eb2abee7036f922297ad7cc22091664,delivered,2017-07-24 20:10:01,2017-07-24 20:25:09,2017-07-26 01:42:03,2017-08-02 12:54:41,2017-08-15 00:00:00
d4807c19de2116d311ed3abe6ee42d8a,fdeadc944f1c280e9126ac6ca10473a2,delivered,2017-10-23 19:34:57,2017-10-23 19:49:20,2017-10-24 19:59:19,2017-11-01 16:52:35,2017-11-23 00:00:00
85144828ac9ae2c1f2bf87f032a33745,284fa48d66075452dc62cb99191c19ea,delivered,2018-03-22 22:13:22,2018-03-22 22:27:38,2018-03-23 20:58:36,2018-04-12 17:26:49,2018-04-17 00:00:00
8c0036d43acdbbfd4d107d78bb1c6865,b9158da96e0a3034d7069db487268be3,delivered,2017-06-09 13:17:09,2017-06-09 13:30:19,2017-06-16 14:26:29,2017-06-23 12:52:41,2017-07-05 00:00:00
c823a55fefe27a1092a634398c62f2a8,6100596c2f854c0d6769aa8a2e929f26,delivered,2017-04-19 08:46:45,2017-04-19 09:01:41,2017-04-20 14:15:44,2017-05-05 14:16:55,2017-05-15 00:00:00
0f0add4f85838c9195ce0ce66cceff8a,1e43e8b919aefb09fc5004e3b46a14ef,delivered,2017-12-01 01:39:26,2017-12-01 10:31:10,2017-12-01 18:42:53,2017-12-07 21:32:24,2017-12-28 00:00:00
b0b0d3285e59abf2f6c9d7e1bf761323,3a4e4932f3e6976dd966f1d3c044d49e,delivered,2017-03-08 18:51:06,2017-03-08 18:51:06,2017-03-13 12:02:03,2017-03-24 17:08:46,2017-03-31 00:00:00
3d6902773dc70468fbaacb8e4ef01dc1,f5b127e5008b3ef6cc09a133d2f0848f,delivered,2017-06-10 09:13:35,2017-06-13 04:42:49,2017-06-13 10:22:56,2017-06-24 12:16:03,2017-07-07 00:00:00
081409ec388a7be098904b884d149db0,75a30ffc2fc334116e690421e357abf7,delivered,2017-06-14 15:27:11,2017-06-15 02:50:22,2017-06-22 15:23:03,2017-06-29 15:32:21,2017-07-12 00:00:00
20e1fe47866114539324803e7f7547c9,519eb7f61d2cdd15efdd96e826aa0ea3,delivered,2017-09-12 16:28:17,2017-09-14 02:50:35,2017-09-14 16:24:04,2017-09-15 19:08:01,2017-09-22 00:00:00
1104482c287ad0fbd25ba14b7a848e00,dcf31fde264db06111ff12f30253f3aa,delivered,2018-06-26 11:39:55,2018-06-27 08:55:28,2018-06-28 09:53:00,2018-07-03 16:48:55,2018-07-18 00:00:00
b9db5aac3e7aaf40f7b79396800eef52,8c4372d96ed5d53f6c4042b1a6e5fc08,delivered,2017-11-02 16:15:27,2017-11-04 15:35:31,2017-11-06 22:25:23,2017-11-24 22:46:32,2017-11-30 00:00:00
95e01270fcbae9863423400103359279,7a692b1ff18c8c21156b886e02e80040,delivered,2016-10-04 18:52:56,2016-10-06 15:51:42,2016-11-01 07:27:42,2016-11-04 17:54:00,2016-11-24 00:00:00
0d8e4bdd8a9f84b606ea672b4e722f8f,744ca21d4a6fe2811956757ce2a655af,delivered,2018-03-23 13:00:58,2018-03-24 12:56:14,2018-03-27 23:48:46,2018-04-02 18:40:54,2018-04-16 00:00:00
4763c95c35b33b41ba1b0ca27bb2fac5,0c80462b4eb06515209f3ebd6b6660e5,delivered,2017-12-03 17:42:45,2017-12-03 18:12:10,2017-12-07 14:43:02,2018-01-14 18:46:35,2018-01-08 00:00:00
c2e3096cfe14dd179f75dc83746fe2a8,99182106be47066737d15f60d6fd95ee,delivered,2018-02-27 09:35:35,2018-02-27 09:48:21,2018-02-28 19:26:11,2018-03-02 22:33:33,2018-03-19 00:00:00
ed5bd6f24de0e026bc9991f1bdc38bd4,4776cd8bec1837960a3c4447c6aa97ce,delivered,2017-11-27 10:05:31,2017-11-27 10:13:22,2017-11-28 16:46:59,2017-12-05 21:48:43,2017-12-22 00:00:00
a256cec6dcc9b9dc53a5f445225246da,c0b9f9fb0ec7a4dd6e35e551cc841831,delivered,2018-05-14 20:46:41,2018-05-16 03:33:51,2018-05-16 13:53:00,2018-05-28 20:28:24,2018-06-13 00:00:00
5f4f8bd3b8bb2614ac31120209f8b1b4,7ac7d517b48638edff7d3ccc84063742,delivered,2017-04-25 15:42:46,2017-04-25 15:55:17,2017-04-26 23:48:01,2017-05-04 13:50:08,2017-05-16 00:00:00
742bb86f369fadd10d68946fd903aaed,acebd967d532546739f68217c058b29b,delivered,2017-08-31 10:28:39,2017-08-31 19:55:12,2017-09-01 21:22:33,2017-09-05 18:43:04,2017-09-13 00:00:00
5441503215c03f85218efd398d2bb270,317c67909981f48439ea716e4f5b9cab,delivered,2017-12-24 14:53:32,2017-12-24 15:09:38,2017-12-26 21:29:07,2018-01-03 23:24:42,2018-01-29 00:00:00
28771164ba46e7264c7fd2262a34f207,a352d9998a7da7886dd7eda4d6a8bfd8,delivered,2017-06-13 19:31:07,2017-06-13 20:05:22,2017-06-14 13:58:17,2017-06-19 14:06:29,2017-07-06 00:00:00
addc2b54c70b7422a237c1a3494132a1,e1b145fb2721ec02df6d081570bf2ad6,delivered,2018-08-17 16:12:59,2018-08-17 16:29:54,2018-08-20 15:39:00,2018-08-23 19:03:20,2018-09-11 00:00:00
afc1e4183307b101e5e2dbdd876a213f,16acc3d65525c4dbd79a188f57c821f0,delivered,2017-03-26 02:46:47,2017-03-28 03:43:41,2017-03-28 12:24:59,2017-04-19 15:53:25,2017-04-18 00:00:00
17c6fca3637ae29093221f080840ff9e,6dd8061076ca8c4a4535fd4030998207,delivered,2017-10-21 17:38:36,2017-10-21 17:49:30,2017-10-24 18:05:09,2017-10-27 23:06:42,2017-11-13 00:00:00
457dbdc9e1ced1274472af8b6fd00be8,9c24c996759c0865e07e4fe69506e151,delivered,2018-01-11 12:07:15,2018-01-11 12:15:24,2018-01-12 22:03:18,2018-02-09 00:38:35,2018-02-20 00:00:00
54f334d6a9d60b69dae5409327f73645,95b9cacc4bc81c3a0a33967bcde6fcd8,delivered,2017-11-24 13:01:09,2017-11-25 03:33:04,2017-11-27 20:12:58,2017-11-30 17:15:03,2017-12-15 00:00:00
a59d7b222600db38a7e511fd9499719a,724742c0f7780260f91d86e47b62cd6f,delivered,2018-08-07 22:14:51,2018-08-07 22:30:13,2018-08-08 12:37:00,2018-08-14 18:52:43,2018-08-22 00:00:00
08935d5052c6414b1960eb67796d01f5,839eb6e08e4322eb2037bf9ab24348ae,delivered,2017-08-25 23:51:38,2017-08-26 00:05:55,2017-08-28 16:56:51,2017-09-04 19:09:41,2017-09-19 00:00:00
7afc8977fcc9eca80eb1818fcb8ea66c,1a79cfc37a11abc5de022ec443a806ab,delivered,2017-06-06 11:53:12,2017-06-06 13:04:44,2017-06-06 13:56:31,2017-06-07 15:23:42,2017-06-20 00:00:00
82e3b58b34d2201715bd1531310615bf,47f19413eda74845406736042c7b746e,delivered,2017-08-14 17:43:27,2017-08-14 18:05:26,2017-08-16 20:03:53,2017-08-21 19:03:35,2017-09-01 00:00:00
999e9472d900c41f07d08646bcd2ab7a,90f77c9630d127a6ebb6d17c161c758a,delivered,2018-01-30 16:26:10,2018-01-30 16:55:54,2018-02-05 22:21:57,2018-02-22 01:13:06,2018-03-05 00:00:00
41db55b77650928f1720b63029141585,f1586c1bddea63e86b67b9b72f565924,delivered,2017-11-23 19:46:05,2017-11-23 19:55:30,2017-11-24 17:09:52,2017-12-09 13:45:38,2017-12-13 00:00:00
e4a9d5a37203129914a3e9371fd5af07,55131aa3ad93e5d6765635d785ac5de3,delivered,2018-03-11 14:04:34,2018-03-13 04:40:28,2018-03-21 22:06:52,2018-04-10 04:03:15,2018-04-04 00:00:00
4be624fa47cdd6ce269d7cc66e7a5359,07f8620c4c162602d5a4ff41e173d812,delivered,2018-01-15 14:33:43,2018-01-15 14:50:33,2018-01-17 15:39:49,2018-01-24 15:13:23,2018-02-05 00:00:00
438fe4022fc830fe3bb159983edd13d6,490c0ea9e613c1769e6a9fc3034753e3,delivered,2018-05-06 17:04:16,2018-05-07 16:52:25,2018-05-08 11:50:00,2018-05-14 18:28:46,2018-05-29 00:00:00
702ec26902de328ad2830835af529b0b,e8d469267909af4c76fa317649c3d860,delivered,2018-08-10 16:04:45,2018-08-10 16:25:15,2018-08-13 15:26:00,2018-08-14 18:46:49,2018-08-17 00:00:00
4821d5af4c2ac98b0f70e47c5d845520,ae1f2f01f136f0172bbceffa5d31613c,delivered,2017-04-24 19:57:30,2017-04-24 20:40:05,2017-04-25 11:08:27,2017-05-02 18:11:33,2017-05-15 00:00:00
ae274c9d0348b7a98af73fb40965100d,8cb1ecb59d78aa6b4ebb33c7a90bb66c,delivered,2018-03-12 00:06:05,2018-03-14 02:50:52,2018-03-16 19:27:01,2018-04-11 16:19:56,2018-03-28 00:00:00
1206cfbf9d0e7ea298926c2603a06821,7fa77a62ee4479da8ccaff4591d2f86b,delivered,2018-08-17 08:34:03,2018-08-17 09:09:40,2018-08-17 18:22:00,2018-08-24 21:36:38,2018-09-18 00:00:00
9c9d2097d4c2b46f2963f34e32a57f35,44273202e14786abae757d5cd54ebba9,delivered,2018-06-25 13:07:22,2018-06-25 13:17:39,2018-06-26 10:38:00,2018-07-04 00:59:39,2018-07-25 00:00:00
c51f7287f4c6537095b93e6d7bf66e17,14b058d8b33ccd7b9812da8653b73003,delivered,2018-08-19 15:31:10,2018-08-20 16:35:31,2018-08-22 14:24:00,2018-08-23 22:05:50,2018-08-24 00:00:00
653281347be8ac0f1f978b1b250d7350,34384e78c84b362681feefbf4ce266b4,delivered,2017-08-30 12:41:11,2017-08-30 12:55:21,2017-09-01 14:43:55,2017-09-11 18:09:01,2017-09-26 00:00:00
e5c0d192e1f883b21e7673f73cb644b9,d876789fb19a51ded2bde79987b12bd5,delivered,2017-05-06 18:23:13,2017-05-06 18:35:13,2017-05-09 14:20:46,2017-05-16 10:07:30,2017-05-29 00:00:00
cfcef16acd7d85fcc9bc9bae5166f845,17856f540114d991d7f8576b72f8efdc,delivered,2018-01-19 22:33:23,2018-01-19 22:55:57,2018-01-22 12:42:35,2018-02-02 17:33:05,2018-02-14 00:00:00
5b239ab55b48a640fb239df51bbac110,28145769d7c6f5e475d2780e3b5ee24e,delivered,2017-11-20 20:49:02,2017-11-20 20:56:25,2017-11-22 20:11:14,2017-12-12 23:27:14,2017-12-22 00:00:00
66292e4801140d67f953827d8ed810d8,6e254603298e9504b4b0b82b86222c58,delivered,2018-01-08 21:01:08,2018-01-08 21:09:27,2018-01-09 22:43:55,2018-01-22 23:16:36,2018-02-09 00:00:00
0fcddd81b836920211d255a9bd25ae50,002f067b028a3643ad3a0969c7a0f3dc,delivered,2017-10-19 09:31:12,2017-10-19 09:49:25,2017-10-19 17:52:30,2017-10-30 22:31:54,2017-11-10 00:00:00
a8f2b9f64cddf499563efdb804537781,ff1ccb6180f6464516836891ce1f2ca1,delivered,2018-02-23 12:58:28,2018-02-23 13:15:39,2018-03-13 02:04:05,2018-03-20 20:31:20,2018-03-21 00:00:00
bcdc8da39b779f95c0542643fa9beea7,51260b6df0b2fecdf113e4d05a199266,delivered,2017-11-07 04:34:31,2017-11-07 07:30:29,2017-11-07 19:21:27,2017-11-30 21:48:53,2017-12-15 00:00:00
9217f2cdc9ff59c50fb2542e2b1f31a1,252cd97f480386c6a29c455a74852bcf,delivered,2018-07-01 20:53:00,2018-07-01 21:10:15,2018-07-02 14:40:00,2018-07-06 18:41:11,2018-07-26 00:00:00
776e7f17ba3c9be25c0d7fa804b9f1f9,0aa15dfb830d00667c3c7cd3cdd8b699,delivered,2018-08-08 12:48:17,2018-08-08 13:50:13,2018-08-10 10:44:00,2018-08-16 00:16:32,2018-08-29 00:00:00
b5e1bf00261a7bbaddb0c3a06e63f039,f51367b72c767679f023f314616c1e6f,delivered,2018-03-10 08:55:54,2018-03-10 09:10:25,2018-03-12 23:41:40,2018-03-23 14:44:48,2018-04-02 00:00:00
99486f7a6b9b7e8b96cfbb4e3427bd28,c7567c3449f9eaa55407f1b3a7a014fc,delivered,2017-05-30 21:14:09,2017-05-30 21:25:11,2017-05-31 11:18:41,2017-06-05 15:59:59,2017-06-22 00:00:00
57296b29ab9533184d540f468810b8a3,9c2937f386bbc303882a101cdfae203e,delivered,2018-01-02 09:12:59,2018-01-03 12:26:49,2018-01-05 17:29:34,2018-01-17 18:17:07,2018-02-15 00:00:00
aa5604bf192f6ee61a0ef7b63fed898c,f56a6a5c5852ba57ea52152a4002e051,delivered,2017-09-12 12:43:07,2017-09-12 12:55:17,2017-09-13 22:47:36,2017-09-18 18:53:43,2017-10-03 00:00:00
38b01d42274cf4e3e9a7a7bc9f8a6dc8,0ed2f7ce08b2235873925c3f72ef4c55,delivered,2018-01-12 12:15:38,2018-01-12 12:28:39,2018-01-16 01:11:38,2018-01-19 20:27:57,2018-02-08 00:00:00
fa1e2a95826b093d8c6bdee094c13c2b,a88b2f5e512cfab3a9eb443a1436553e,delivered,2018-01-10 19:02:16,2018-01-10 19:13:28,2018-01-15 18:54:05,2018-01-22 23:28:34,2018-02-02 00:00:00
cf49cb20f726614d8f2bbd281489b0b3,e5068fdba733f2e566016ade1dcc3e11,delivered,2018-07-23 21:14:36,2018-07-24 10:31:28,2018-07-24 14:22:00,2018-07-27 23:46:48,2018-08-06 00:00:00
687accfa699af3e8e717fe27eb506da3,4ff832ce3c50778693180bab3db7b716,delivered,2018-08-22 18:52:42,2018-08-22 19:04:30,2018-08-24 12:22:00,2018-08-30 20:25:25,2018-09-04 00:00:00
c5aaa563ef4b0fd289de861d637f5a37,c92151364b3cd5e56e211b390cec952b,delivered,2018-02-01 16:57:42,2018-02-03 02:53:47,2018-02-05 19:53:10,2018-02-20 12:13:47,2018-03-02 00:00:00
2e2c60b99754ae1e4d8b18846cfec9f2,b9d460d12c9b6c5c3a0d73541e11e5f5,delivered,2018-04-22 20:13:45,2018-04-24 18:33:53,2018-04-23 20:46:36,2018-04-26 21:41:40,2018-05-11 00:00:00
6fcd48d9bce8191ebd8355decc3e54b8,0a6d6d130bb7aac1135874f5768ae229,delivered,2018-02-27 21:53:52,2018-02-27 22:08:23,2018-03-02 17:13:03,2018-03-21 22:21:50,2018-03-23 00:00:00
f5af61697fe43fe2063f350ab4e80fa5,9fa5945995475c5ea3d5770681c7e394,delivered,2017-07-11 15:43:54,2017-07-11 16:04:51,2017-07-14 17:21:48,2017-07-31 16:29:56,2017-08-10 00:00:00
e054faeb6af72de4dc4a76cb6e0cfebd,3c9a5d288ed7a341eea51d6aa657c612,delivered,2017-04-09 21:00:12,2017-04-09 21:15:08,2017-04-11 09:02:15,2017-04-18 13:25:38,2017-05-04 00:00:00
44184b5a59894faa452860c36d439ff4,d6828d471e2586ad672c9473ebcb282b,delivered,2017-11-23 09:49:45,2017-11-23 10:10:59,2017-11-24 16:19:20,2017-11-27 18:58:54,2017-12-20 00:00:00
d935a08ef5c50d36476868e9413cccea,bdbec4574e600193aa141d27a2fec1e8,delivered,2018-07-08 19:36:56,2018-07-09 19:30:22,2018-07-10 12:14:00,2018-07-11 22:52:46,2018-07-19 00:00:00
a59372f164ef9ad12ea00c6d90010bfe,48cb861dced926b9bd10c73b088ea09b,delivered,2018-02-19 18:06:43,2018-02-19 19:10:31,2018-02-23 22:28:43,2018-03-09 16:58:38,2018-04-02 00:00:00
03bf6a245a6dfdc3cea6bb75ae4fa3d7,e11c730c457430e605b6c782f3c9f4f2,delivered,2018-03-19 10:27:42,2018-03-19 11:32:11,2018-03-23 23:18:57,2018-04-18 17:38:40,2018-04-12 00:00:00
bd945884aa64e33bd6c1777facafc0ec,7b54188e50749f77061e68aa39796d3f,delivered,2018-08-11 19:09:25,2018-08-11 19:24:31,2018-08-13 12:18:00,2018-08-17 13:28:31,2018-08-22 00:00:00
6a28c44002c98cf309fc9e2b8fe21f16,0cb9c2acb9820a501aa35c2209108cbb,delivered,2018-03-10 18:21:42,2018-03-10 18:30:24,2018-03-13 03:39:29,2018-03-22 15:42:16,2018-03-28 00:00:00
8d0eadc2f03365a8b7ba45670cc5228e,5a45085505330cb821725d778fd23f7b,delivered,2017-12-06 11:15:02,2017-12-06 12:03:45,2017-12-12 18:05:22,2017-12-27 21:12:57,2018-01-04 00:00:00
cbe91005fd979400e2820e96ed64d23a,57a0734824a102313c9fb2cf893df436,delivered,2018-04-19 20:09:43,2018-04-19 20:30:37,2018-04-20 20:23:29,2018-04-30 21:16:32,2018-05-28 00:00:00
498b82eee940ee411a28499634675d5e,90ae7e6179d48b7f42bfc5318c0f13a3,delivered,2018-04-25 11:15:47,2018-04-25 11:31:45,2018-04-26 14:48:00,2018-05-21 17:21:49,2018-06-05 00:00:00
3d86b76dd4cf276f21ad4c62da992b5e,d122afa2eb34aa5560b4d786381110ee,delivered,2018-06-08 18:02:21,2018-06-08 20:42:01,2018-06-11 09:52:00,2018-06-16 16:22:21,2018-07-17 00:00:00
5a2aaa78e3c69a74dd64b28846deb199,1d2e6eb8cf8eaae12272970e4cfc4c43,delivered,2018-08-24 16:38:58,2018-08-24 16:50:16,2018-08-28 12:58:00,2018-08-29 12:38:53,2018-09-03 00:00:00
092e3282c11e71ea0c568efc2a92f91a,76a2132d4e4cb3d86f5a4d37f93cad3c,delivered,2018-02-12 00:01:02,2018-02-12 00:10:29,2018-02-14 19:08:33,2018-02-28 22:18:37,2018-03-09 00:00:00
ffce8a2dd7579795f5c1cbe2bf23d51d,4b80c7d4d1810bb81823061e2d14ed1c,delivered,2018-05-07 21:04:46,2018-05-07 21:15:48,2018-05-09 06:34:00,2018-05-14 12:41:36,2018-05-24 00:00:00
775747dc325485aedc9970fb0eda8b86,d3b762614ca7c8a26ae5dfbdef1bf569,delivered,2018-03-15 17:10:33,2018-03-16 09:42:25,2018-04-05 01:27:47,2018-04-10 17:14:31,2018-04-09 00:00:00
d41cca426db55a5cffe764e4ebfc5527,7dcf62c05f6540b1515ae11c74d6d6b1,delivered,2017-07-27 21:50:45,2017-07-29 02:25:23,2017-07-31 17:07:57,2017-08-08 16:18:09,2017-08-18 00:00:00
aa82bf8e8ba0055114f0fa3bb009e87e,338fc8ba6c3d41250661f6381f171c4d,delivered,2018-06-08 18:21:40,2018-06-09 03:13:30,2018-06-11 14:05:00,2018-06-15 16:12:40,2018-06-28 00:00:00
490291524fddde2b31c2e6bec3d9e6da,ea2ba2a668051e4b78923fc0ef607f86,canceled,2017-04-14 22:40:54,2017-05-13 02:45:06,,,2017-05-23 00:00:00
aa60297f355f74c9f4ced617a6868fcc,8ad1cdb6a9dfaecd0a564c7bdfc49a91,delivered,2017-06-27 16:29:50,2017-06-28 02:25:12,2017-06-28 14:35:58,2017-07-07 17:21:16,2017-07-19 00:00:00
b20dc8d5eb8118e7e6fb8b7c4e8f0f2b,aafb42297a445d9bcc0b01058f829da2,delivered,2017-12-23 13:54:52,2017-12-23 14:10:21,2017-12-26 16:34:52,2018-01-11 18:29:22,2018-01-22 00:00:00
38bb5f9d2356ae738afe613b8e723645,ab2f6801deffab8038ad84aa63b01feb,delivered,2017-09-03 23:09:13,2017-09-03 23:23:53,2017-09-08 15:28:10,2017-09-13 19:00:15,2017-09-28 00:00:00
ffa4d45e1a7f3bab8004bd703f52a65a,0ab25c3442ee73ec49864945b5366156,delivered,2018-05-19 01:31:14,2018-05-19 01:53:05,2018-05-22 14:44:00,2018-05-23 14:18:28,2018-06-04 00:00:00
88116b0150974240461df371862faa33,5dd43f00d95ca055b4027421fca85b83,delivered,2018-05-16 16:41:40,2018-05-16 16:57:00,2018-05-17 11:58:00,2018-06-04 13:38:29,2018-06-04 00:00:00
44a9041df78170974aeb1d2084dfae29,5afee57a15f6ffc73b0fadb9d38710b6,delivered,2017-12-14 20:10:31,2017-12-14 20:30:34,2017-12-18 22:39:52,2017-12-19 21:13:40,2018-01-03 00:00:00
b3323f23d2e1dcb65cb159b76406e1f8,7479da6d87f84188125a087363982f57,delivered,2017-12-07 12:46:20,2017-12-07 15:20:39,2017-12-09 00:13:01,2017-12-19 20:41:42,2018-01-10 00:00:00
50852bd4d7074310017db9d4b0e243b3,4680a04d4d7c08a0fecc1ea9bfcc997f,delivered,2018-04-21 15:51:17,2018-04-24 17:59:38,2018-04-24 19:31:23,2018-05-10 23:03:40,2018-05-25 00:00:00
baa95b09efafaa994da8b394b11f8814,ac379fd1645b77e80dd6d97e66a8a005,delivered,2017-11-20 19:28:29,2017-11-20 19:39:22,2017-11-22 17:41:36,2017-12-01 15:24:40,2017-12-12 00:00:00
2f8f7c6485b2474109aedb21aa766600,70ca9d5b6288e8e734ae5183d8e1eb96,delivered,2018-02-20 10:26:18,2018-02-21 06:25:05,2018-02-23 00:16:43,2018-02-27 23:34:22,2018-03-21 00:00:00
c745c678c9834e0c537732afa099248a,6d9af298efa488862d00d1264a36ae02,delivered,2018-05-03 11:06:25,2018-05-03 11:54:42,2018-05-04 12:06:00,2018-05-14 22:05:19,2018-05-22 00:00:00
4ae185f9012953118f9adcf6817a21bc,21d1c2c0b399a42369744faf573109f4,delivered,2017-09-04 20:10:25,2017-09-05 04:24:46,2017-09-05 19:17:36,2017-09-09 17:22:04,2017-09-18 00:00:00
0ac4a31679b7cc92b7f6cb3684f55e2c,5c1af1c75e78df3b1c454c13efbb1f4e,delivered,2017-08-19 15:28:33,2017-08-19 15:45:10,2017-08-22 14:56:43,2017-09-01 19:02:37,2017-09-13 00:00:00
3777ae4d0b4a7b62d0fefd2051960312,f8a9869101804af1e6a609a20dbb4c50,delivered,2018-04-16 15:09:01,2018-04-16 15:31:09,2018-04-20 20:02:53,2018-04-24 17:08:48,2018-05-17 00:00:00
17e474ff1065f1a6ae77b42169d8c451,4490b08d0ff0e5718711317c2ad9fe32,delivered,2017-09-15 11:22:39,2017-09-16 03:05:10,2017-09-18 20:49:41,2017-09-25 18:16:00,2017-10-09 00:00:00
21f76c9cee317278663cbec02a2fb2f4,b04bfe72a69c8f083149c400839c83dc,delivered,2018-08-08 13:20:45,2018-08-08 13:35:25,2018-08-10 14:50:00,2018-08-17 23:24:26,2018-08-21 00:00:00
d3ba6df689ba5bceee30291f5a28e7bc,12002ccd72a0a43cf74c0a1def33df71,delivered,2017-07-06 07:47:37,2017-07-06 08:03:05,2017-07-06 13:58:16,2017-07-07 20:16:50,2017-07-19 00:00:00
9d616aea22291a579903b65ec945f2dc,d8ebb062c99a0e027f2e7f4f8d782ac4,delivered,2018-02-21 19:36:50,2018-02-22 19:30:56,2018-02-26 20:23:42,2018-03-01 13:29:02,2018-03-13 00:00:00
81997644995458a01126899a96832353,956b08173d0a9611b85f9ec0034944e1,unavailable,2018-02-26 16:58:27,2018-02-26 17:15:48,,,2018-03-28 00:00:00
b899a41fdae17968d357d705b073a5ce,aa9d3f79c16ee27706637d123f425b8e,delivered,2018-07-27 13:06:00,2018-07-27 13:24:17,2018-08-09 07:51:00,2018-08-14 12:16:56,2018-08-23 00:00:00
afc84e339f31a17022bf1f1650386e65,6d4b4ab3c4b934d2486e7e1dfea66381,delivered,2018-01-13 23:16:14,2018-01-13 23:29:03,2018-01-19 21:28:31,2018-01-22 17:52:08,2018-02-02 00:00:00
025d78a44b8f48c66fd09239910302b1,6a5c936a909849dc0470967e01a7177e,delivered,2018-04-18 13:37:54,2018-04-18 13:52:00,2018-04-20 22:29:35,2018-04-23 20:02:27,2018-05-07 00:00:00
f2a368e50c1c94d8f9545b80031f0e7a,af30cba70ea89e6a63b8db49eb9b7b1e,delivered,2018-07-17 19:25:36,2018-07-17 19:35:18,2018-07-18 14:12:00,2018-07-25 18:40:51,2018-08-07 00:00:00
faf285370e4895d3358378cedee3f088,843e0451747b5a6d439b5632813b7cfb,delivered,2017-08-30 16:33:12,2017-08-30 16:45:22,2017-09-01 13:13:45,2017-09-08 18:42:42,2017-09-21 00:00:00
2134d396310778467ccd627cd6c0e7fd,763c5b095586b04d59d2521b930f53d6,delivered,2017-11-12 21:23:27,2017-11-12 21:35:26,2017-11-16 12:26:51,2017-11-22 22:55:50,2017-12-04 00:00:00
afb61112fb99b07fe17e591c68c0c84c,36b182c39933d55e307096ccc3fd2970,canceled,2018-09-06 10:48:12,,,,2018-09-19 00:00:00
4898745786b963775c485005381a1f7b,366d9a8f66450c26f90fdc377de05ea3,delivered,2018-01-12 17:37:02,2018-01-12 17:49:56,2018-01-15 15:37:24,2018-01-18 17:17:41,2018-02-02 00:00:00
9bd6d37e37d191076a471a8f72b942b0,eb9d631f30d0dccddc0bd1e9fafdeb95,delivered,2018-01-07 12:31:19,2018-01-07 12:38:26,2018-01-11 01:35:59,2018-01-12 21:19:50,2018-01-24 00:00:00
5aca16835e759ea6a7e1d4369d0ce451,9dba33766e5d1426fba004cea912b1f6,delivered,2018-05-15 21:45:45,2018-05-15 21:55:18,2018-05-16 14:59:00,2018-06-06 19:22:51,2018-06-14 00:00:00
2e8cf1097e1516a9e3fae72b8ef97519,0deccd2553f62773fa2c8fc5911b4afe,delivered,2017-08-11 12:22:46,2017-08-11 12:35:10,2017-08-14 16:41:30,2017-08-25 20:24:31,2017-09-13 00:00:00
2bad3a7085e17ad44f9117d127de525f,360ae0b3d851642a2c7e5d737e93140b,delivered,2018-01-12 20:10:32,2018-01-12 20:18:22,2018-01-15 21:29:05,2018-01-23 23:09:19,2018-02-07 00:00:00
ecddcda2888ce6554c6202c651d73838,35fb3e0ae956da83065f0215c8ca148f,delivered,2017-09-28 12:34:14,2017-09-28 12:49:22,2017-09-28 19:03:45,2017-10-06 19:52:02,2017-10-23 00:00:00
1853610c46a77ba436f5e06e16ec8302,8349c37874abf342822f4ae6c20ae949,delivered,2017-12-01 16:39:06,2017-12-01 16:49:40,2017-12-04 12:19:33,2017-12-08 20:51:46,2017-12-27 00:00:00
833d827e76a8693a05a5d8b6337fa218,5e8fd7339f5f550c42c47ae0c60f27f3,delivered,2017-11-12 22:29:16,2017-11-14 04:26:28,2017-11-23 21:31:55,2017-12-11 20:37:33,2017-12-27 00:00:00
467cebcc0da9e810f821e951c04dd59e,be4b8eea88fa0fb518b2d01a9cc62cbe,delivered,2018-03-08 16:01:32,2018-03-08 16:31:47,2018-03-09 19:52:15,2018-04-10 16:54:36,2018-03-26 00:00:00
e46feda6e61a3f6fbfb0b230faba9640,6bab857dc8da09cba8f5b08dff74c120,delivered,2018-07-17 09:56:27,2018-07-18 02:55:20,2018-07-18 15:51:00,2018-07-23 21:56:30,2018-07-31 00:00:00
603ce42d77860afac6a70925449311d5,1782ac2961556dfb3fa7fd7bccedd049,delivered,2017-11-24 22:04:20,2017-11-25 03:36:34,2017-11-27 20:32:27,2017-11-30 16:44:28,2017-12-08 00:00:00
d3e4806c215167243c919d64a4df8f9b,5353774bf9fae91621e5a15639bc6eb0,delivered,2017-09-18 11:06:56,2017-09-18 11:15:52,2017-09-18 21:33:35,2017-09-22 17:37:43,2017-10-04 00:00:00
91003e3a687f6d045844de7b5f772608,627df80b3c1f086dbc7acca08e714530,delivered,2017-04-15 11:56:08,2017-04-15 12:05:31,2017-04-17 16:18:46,2017-04-20 09:49:49,2017-05-10 00:00:00
514ed457190c903720b7fd33660c486d,0bcc6ae89ebd572cfccf2dd35a46987a,delivered,2018-02-20 22:09:01,2018-02-20 22:27:28,2018-02-21 21:03:45,2018-04-02 16:52:03,2018-03-15 00:00:00
3f1ba9515b44ee835d8fcb64238f0b27,4e6013979e8f7efcbbdeda79d0acb346,delivered,2018-05-02 14:51:18,2018-05-02 15:41:00,2018-05-03 14:52:00,2018-05-04 19:51:00,2018-05-21 00:00:00
27667a063cb59b5d987a5a71c192cce5,abaee92d4978f8216173d5d632867746,canceled,2018-08-27 19:54:54,,,,2018-09-06 00:00:00
36fc3a00019db8f893021f9508f695c8,5e23eb6b579778f0fc5450414008f4cb,delivered,2017-05-01 16:35:12,2017-05-01 16:50:13,2017-05-02 16:18:22,2017-05-16 04:58:29,2017-06-06 00:00:00
1b334143e8a49b412fca6260ffb12e76,fa71e22499e5af612e85cabf53827a48,delivered,2018-04-14 21:52:04,2018-04-14 22:10:44,2018-04-18 21:31:49,2018-04-23 11:41:11,2018-05-10 00:00:00
3af9281b481b20ca510841d14e7e3138,228ab556af13cc8f7b268b09008b87f3,delivered,2018-01-11 14:29:19,2018-01-13 02:12:37,2018-01-16 15:56:49,2018-01-17 18:38:08,2018-02-09 00:00:00
7a8b0a61c3064cb97de68bddfd72d895,ac86bf511e920e03c3f05e87919a5fe1,delivered,2018-05-11 15:39:55,2018-05-11 15:55:12,2018-05-15 09:58:00,2018-05-21 17:52:29,2018-06-08 00:00:00
6c3a3ae2b1580cb06944870e258eec3e,eb995bc1611b219cad26b592d67d961b,delivered,2018-02-28 14:52:54,2018-02-28 15:12:06,2018-03-02 18:43:10,2018-03-08 15:04:26,2018-03-20 00:00:00
848963795b4b330df0a7c238b12f76ce,d53b5ff572a5e5d237b0dd64260996a3,delivered,2017-11-29 00:44:03,2017-11-29 01:31:24,2017-12-05 22:14:02,2017-12-11 17:42:35,2017-12-27 00:00:00
15a222c08d73b6b54752e805baba8bcd,ea2633608fef50fcb568b3ee347e4345,delivered,2018-08-13 19:11:28,2018-08-15 03:31:34,2018-08-15 13:00:00,2018-08-16 20:34:49,2018-08-21 00:00:00
64f2e9aa85911b6a48e3d11ef05b73c7,8aead9173f1c996b7c2c82b7e484fdaf,delivered,2017-11-25 15:48:04,2017-11-25 15:59:25,2017-11-28 12:48:56,2017-12-08 17:26:55,2018-01-04 00:00:00
60411e99d7a03ab219097882e0a58118,7456113cce8651aa1338725882c6a353,delivered,2017-12-05 20:24:01,2017-12-06 02:50:30,2017-12-08 00:32:26,2017-12-17 15:17:02,2018-01-04 00:00:00
684dd0a88e0981f537557582bc8acd90,f4bd31027482082b29a7b1dfb389d71c,delivered,2018-08-03 18:56:20,2018-08-03 19:30:40,2018-08-06 09:12:00,2018-08-10 22:03:35,2018-08-15 00:00:00
0818699476819463109688475b808343,53e644c7c57416bdaf0409e656ee8b0a,delivered,2018-06-01 09:57:51,2018-06-02 09:51:38,2018-06-04 13:47:00,2018-06-09 18:11:08,2018-07-04 00:00:00
749ec71b70b508ead61c6993ba55fdd5,d4cd46dcb07d13fcbe9c1454f7b83a87,delivered,2018-04-04 09:55:23,2018-04-05 09:48:27,2018-04-07 01:26:38,2018-04-20 17:35:29,2018-05-14 00:00:00
3637b54ea3991c5c9471dd8c9e77ab7f,8564e29313b731aab2952205f0be7795,delivered,2018-04-28 17:26:01,2018-04-28 17:50:17,2018-04-30 13:27:00,2018-05-04 20:38:46,2018-05-23 00:00:00
c3c485b86c410043b6e4775e3def9a20,bd509510ba0e2a6e225d179fdf07a12b,delivered,2018-07-09 08:48:00,2018-07-09 09:15:13,2018-07-12 11:13:00,2018-07-23 21:26:55,2018-08-06 00:00:00
53ee0be86e504c7f0f6f14d77ebc8973,839a209680f846dd5aada582af608df7,delivered,2018-04-07 21:42:49,2018-04-07 21:55:18,2018-04-10 21:14:33,2018-04-30 18:36:21,2018-05-03 00:00:00
3f0371aa67821598a57596f091ac6ba5,e9e2fd0dc6e825e6ba932afa33273551,delivered,2018-06-24 17:58:51,2018-06-24 18:15:15,2018-06-25 09:36:00,2018-06-28 12:16:57,2018-07-16 00:00:00
0af1482ae8afdfdcd36bcdd5848545cd,e14f88af7cd71552ac393ef41ed3a679,delivered,2018-05-08 07:04:01,2018-05-08 07:15:41,2018-05-08 13:49:00,2018-05-14 19:28:38,2018-05-21 00:00:00
3ad21c0e40b33f2600a06e99f27a5fe2,3cee7236fe89c4a7cdc9fa8dbbc9a803,delivered,2018-04-15 22:38:51,2018-04-15 22:51:33,2018-04-16 23:09:51,2018-04-25 14:34:52,2018-05-16 00:00:00
5b2e70f861de8953b06ea667adc2eb4e,95ff4214f5f8fef4a53f936822706034,delivered,2018-04-28 10:10:37,2018-04-28 18:29:54,2018-05-02 14:19:00,2018-05-07 14:08:55,2018-05-18 00:00:00
08fcde049d3ee404c83e486f4822a78e,01f831a3745969dca7b974014c4d4344,delivered,2018-05-16 09:57:02,2018-05-16 10:12:48,2018-05-17 08:25:00,2018-05-21 15:52:22,2018-05-30 00:00:00
88f2ce255598e8d806bdaab738f02de1,439337703a214d8d54055013b916a4d5,delivered,2018-01-24 18:24:14,2018-01-24 18:37:43,2018-01-30 16:28:43,2018-02-02 23:48:55,2018-02-19 00:00:00
9b6e06a02240aebccecc0aa24c806e23,307d389530a2e45f8fa36148bd84150e,delivered,2018-01-15 20:30:31,2018-01-15 20:50:43,2018-01-16 16:03:54,2018-01-31 20:59:52,2018-02-14 00:00:00
e47a8012e0dd88afbd837b0c7e2df011,6190f465309a075a603b1a6088681910,delivered,2018-04-26 09:02:57,2018-04-26 09:15:12,2018-04-27 12:59:00,2018-05-04 21:32:56,2018-05-21 00:00:00
c1e9df16ff9d33f95cd4e24e6e064c38,00a7f9b60493b4b11601b42e5f31eac9,delivered,2018-06-03 17:23:48,2018-06-03 17:30:28,2018-06-04 14:37:00,2018-06-05 21:05:09,2018-06-29 00:00:00
ac190835077b797903f673fa82dc753c,3e4e3a8af8ec36881f2c1e8f10d4cdd3,delivered,2017-11-10 18:14:03,2017-11-11 03:06:47,2017-11-16 10:16:53,2017-11-24 23:05:11,2017-12-14 00:00:00
f4adf4d0dfbaeeb40ae1c14e893994f4,046898f5066f7287e47eda8a80c80a56,processing,2017-11-25 15:23:14,2017-11-25 15:34:53,,,2017-12-27 00:00:00
5b692807e221c46e094e3df969f0eaf5,710d7c0e6cc58554fde584271ee492ec,delivered,2018-01-17 17:00:53,2018-01-17 17:15:46,2018-01-19 18:27:57,2018-02-02 17:19:16,2018-02-09 00:00:00
3bcb751cca185b66b142f0c748f42049,0addff26cd8066265f7c1535411f2b57,delivered,2018-03-28 13:18:35,2018-03-28 13:30:25,2018-03-28 23:36:40,2018-04-09 17:32:35,2018-04-24 00:00:00
b8ee80bb6d575240f0b5f9f87987be6d,d3bc1fd607f5e867e30371619d28a55b,delivered,2018-06-11 20:22:26,2018-06-11 20:40:57,2018-06-13 13:37:00,2018-07-05 15:58:26,2018-06-29 00:00:00
6335afd8e6b7eb0ebc8bb71ea0008f6f,d96619b47e477e6bcc377bb89f2ddaee,delivered,2016-10-08 02:18:43,2016-10-10 11:03:05,2016-10-14 11:03:07,2016-10-17 12:03:07,2016-11-30 00:00:00
012ea594e035047289b3e7c3f8b90cef,39851c46815f49fafb7bc26ed6bf513d,delivered,2018-05-03 21:10:55,2018-05-05 03:10:23,2018-05-08 15:50:00,2018-05-09 13:16:28,2018-05-15 00:00:00
4c354e66bf6288f312055cb463829e71,3626626e7ac7f0996aceb204c71844cf,delivered,2018-04-07 20:48:25,2018-04-08 14:15:13,2018-04-11 21:32:55,2018-04-13 22:32:02,2018-04-20 00:00:00
97d8971fa48ff1a5146f0bab9124382c,569b88c2b9a52df7feeb1d89bc64864f,delivered,2017-02-23 15:32:20,2017-02-23 21:55:17,2017-03-02 14:22:10,2017-03-06 17:31:47,2017-03-21 00:00:00
dc72c2d1985b4f1380c3289d3b49be6f,15f3c00aa7fd210c009843955a9ca7cd,delivered,2017-12-20 10:24:02,2017-12-20 10:51:14,2017-12-20 19:10:00,2018-01-16 20:47:08,2018-01-16 00:00:00
badff059f06914594e6477d1273478db,5fd0bf8a4bd7c3765f1f68324dcb2871,delivered,2017-05-06 13:20:39,2017-05-07 16:05:09,2017-05-10 09:53:42,2017-05-15 13:23:52,2017-06-02 00:00:00
a67a79a5053532a573e2015e066917c3,351b7691a1c095b564f88fd4bf66e81b,delivered,2017-06-15 20:15:37,2017-06-15 20:30:14,2017-06-20 12:36:00,2017-06-26 16:27:41,2017-07-10 00:00:00
8867156d46ee1ee4342aac2b072b300f,56193005c66b353063ef884af203336e,delivered,2018-04-13 13:09:06,2018-04-14 02:30:46,2018-04-17 13:28:31,2018-04-26 20:54:56,2018-05-14 00:00:00
7a053fc8200420e5c5800bfab6cf0737,72327e066458a5ea1adca84860de237e,delivered,2018-01-13 13:23:17,2018-01-16 03:50:01,2018-01-16 22:12:18,2018-01-25 15:49:33,2018-02-19 00:00:00
d17f1a91c60b8fe9d060b2579f04fd0a,a5917b800e27e546deb761274242684c,delivered,2018-08-05 17:52:49,2018-08-05 18:05:13,2018-08-14 19:26:00,2018-08-16 20:28:52,2018-08-14 00:00:00
502070fa8a16306454d031307381a7de,c23fb30a729329aaf217f168be86abd8,delivered,2018-02-04 19:53:09,2018-02-04 20:24:14,2018-02-05 20:26:56,2018-02-08 14:18:28,2018-02-21 00:00:00
dbd74f2a5844c047df77a7722409678a,d1a2056f6e6e1584ba56d6e6f0285e56,delivered,2017-06-02 23:28:04,2017-06-02 23:42:43,2017-06-05 17:08:23,2017-06-29 13:39:54,2017-07-07 00:00:00
626769ebfbed1c226afe8deb0a5381fc,bc1001ca98d679d8bf6e2a9e1b519fe9,delivered,2017-11-21 18:33:24,2017-11-23 02:38:34,2017-11-23 21:29:59,2017-11-29 17:39:03,2017-12-18 00:00:00
6ecf7023e8dd4ec8b08746c35b9fcb60,181e2217f874cb5390be37f378db5e07,delivered,2017-11-24 14:22:48,2017-11-24 16:33:43,2017-12-01 20:55:04,2017-12-07 09:38:30,2017-12-19 00:00:00
ac899f448f474ceb27b400ce38f25bc2,b6ac8070e88a2e3a2e9550bb08aad925,delivered,2018-04-03 22:02:10,2018-04-03 22:15:18,2018-04-05 21:07:44,2018-04-06 19:36:50,2018-04-13 00:00:00
8d0d4524b29f3e77ea08bff90227f410,0a037a0b80df2d007c75cb8743bcc035,delivered,2018-03-27 21:24:05,2018-03-29 03:29:01,2018-03-29 22:22:22,2018-04-08 15:51:52,2018-04-20 00:00:00
86f353da4086de44a6acd7faf109e47d,dcdd2033f19ef7bcacdf2e683c8f2e65,delivered,2017-07-13 22:29:41,2017-07-13 22:45:07,2017-07-21 18:57:19,2017-08-01 18:37:43,2017-08-10 00:00:00
1cad5655bb2058c43754fe8e8c98c4ba,69ed09a942f79adc91b02b1f4df87cf5,delivered,2017-05-15 22:02:38,2017-05-15 22:10:19,2017-05-18 11:29:55,2017-05-29 15:43:09,2017-06-26 00:00:00
7c2aefdd602f9df2ae6eb835d3973974,187a820d7c72e9248b35ef98df3438c5,delivered,2017-10-18 05:04:06,2017-10-18 05:14:13,2017-10-19 18:24:47,2017-10-24 22:24:54,2017-11-08 00:00:00
03e533f76e0f8827796f3d0a45c61dc0,fafd3c824051e968be7f96ab5f6ccd90,delivered,2018-04-01 19:53:37,2018-04-01 20:08:34,2018-04-02 22:56:48,2018-04-11 19:24:32,2018-04-24 00:00:00
21713fc60242d920d3fba8a37dcaf0e9,bd37d48dfe13bc5dca2f604aa27a5e84,delivered,2018-02-03 13:33:39,2018-02-03 13:49:40,2018-02-06 15:29:51,2018-02-21 21:03:42,2018-03-13 00:00:00
37cc4fa744f5c8577269cc56624a21a1,517d569f1a365b5620355d01b29eee71,delivered,2017-10-04 12:44:31,2017-10-04 12:56:26,2017-10-04 19:17:44,2017-10-11 00:22:45,2017-10-23 00:00:00
b97647adcfc90ff1abe8f427d87a02ce,84b2524d9dd6acc4b4b8c9d3cf0e36e5,delivered,2018-02-24 22:32:39,2018-02-24 23:08:48,2018-02-26 16:35:42,2018-03-08 05:12:26,2018-03-26 00:00:00
2e00d902c42dd12ee7858aa92c7e7c1e,4f9e8ebde7817c00f257abf85b201a40,delivered,2017-11-21 08:29:20,2017-11-21 08:39:29,2017-11-23 15:02:22,2017-11-26 16:13:21,2017-12-13 00:00:00
3fd855fbfc51b1fc63f68bd33ed6d9b8,c544e71db3c4e9294cbdd156d8ecedca,delivered,2017-10-28 15:23:04,2017-10-28 15:30:46,2017-10-30 19:17:31,2017-11-07 19:14:47,2017-11-21 00:00:00
5e3b22928fa1027cbf4db7a8e5840cb0,d5b654ad125240f776182b4a37ca4b29,delivered,2018-01-22 03:42:14,2018-01-22 14:49:52,2018-01-23 20:32:44,2018-01-25 16:36:46,2018-02-20 00:00:00
2a3a13617346c0fca6180bbf422d7542,cdb99897893ebbeb4c7d6dd693953e24,delivered,2018-05-09 17:35:25,2018-05-09 17:52:56,2018-05-11 07:25:00,2018-05-16 12:26:50,2018-05-30 00:00:00
a494244817c043c16eb0c72c5d0384ad,c691fa8d8cf769ea3b4b02572b606a6b,delivered,2017-11-29 10:40:13,2017-11-29 11:00:14,2017-11-30 19:49:02,2017-12-19 22:53:20,2017-12-28 00:00:00
52f6d6af659ed5b3217520e607b84fe5,ec78ec55ff33a041a9fed30d44ace8b5,delivered,2018-06-12 22:34:30,2018-06-13 00:41:29,2018-06-20 14:52:00,2018-06-27 15:04:56,2018-07-17 00:00:00
44ca3a6e88412fa58bacabe95656aa63,99c1966fdb2c3e60517a68e87ef4a1e0,delivered,2018-06-18 20:51:49,2018-06-19 20:56:32,2018-06-20 11:59:00,2018-06-27 15:04:50,2018-07-24 00:00:00
3168875baaa7b1b7ba3e833c53b34fe0,8cdbc6c14192efc82405a1aff7d39c62,delivered,2018-03-28 17:46:58,2018-03-28 18:08:46,2018-04-04 00:08:23,2018-04-11 18:48:44,2018-04-16 00:00:00
a1d206a791daa08f58c1fb8e3ab028ff,2b6040b9e07d07c64aeb630c141c5b53,delivered,2018-02-17 01:25:35,2018-02-17 02:07:46,2018-02-17 17:25:13,2018-03-05 17:57:12,2018-03-19 00:00:00
9d8c6f79d9f09d4c2660103c070c823f,e6ca84b3f0d725581756b696a0c71e00,delivered,2018-02-28 21:01:29,2018-02-28 21:40:20,2018-03-01 20:58:50,2018-03-14 18:18:37,2018-03-20 00:00:00
5dc24bf5707bbc27e862fb141ac5872d,9934b247146c788fb07d0ffbfa5d9032,delivered,2017-05-12 13:51:51,2017-05-12 14:05:20,2017-05-15 07:55:50,2017-05-23 13:05:37,2017-05-31 00:00:00
e5b0954e1d23435884320d72a0ed00eb,480e3e3698cb26e939392b45b126ea33,delivered,2018-02-13 22:00:02,2018-02-13 22:15:41,2018-02-14 18:09:00,2018-02-24 17:49:05,2018-03-13 00:00:00
192799f07e375d72c4437c3a1bf074e9,7b371405c7e0b654edfe362e09d6a0e2,delivered,2018-07-24 17:10:04,2018-07-25 02:45:11,2018-07-25 15:34:00,2018-07-30 20:43:38,2018-08-07 00:00:00
d6ba22d8529806979d963f00e0698039,0d8c2b410b5954297eb4323ad13db551,delivered,2017-10-06 19:51:19,2017-10-06 20:06:07,2017-10-23 19:47:33,2017-11-10 22:57:50,2017-11-10 00:00:00
92560dc666cfdbb5594319d742457b6c,f1df0ebaf5864a536cce30194f8f252e,delivered,2018-03-21 13:17:44,2018-03-21 13:30:28,2018-03-23 01:04:30,2018-03-23 18:36:50,2018-04-03 00:00:00
7fc5a454137fbdccd41c504de3b62f71,82e6aa6beb66b16ea738bea138988d33,delivered,2018-06-26 18:03:54,2018-06-26 18:18:47,2018-06-28 09:14:00,2018-07-03 22:51:56,2018-07-20 00:00:00
08bf2c1104a4d1382d651ad4e921b4a6,45b4e909ecb4b938d979ac373b89bbe4,delivered,2017-08-30 13:53:29,2017-08-30 14:05:22,2017-08-31 21:18:49,2017-09-08 23:33:56,2017-09-19 00:00:00
e82c65a674b5f012420311da34ece20c,2354f1f312d5a346962f9fe4aaad3a51,delivered,2017-10-27 23:57:48,2017-10-28 00:31:49,2017-10-31 16:58:12,2017-11-07 21:11:59,2017-12-07 00:00:00
2dd83692621ae4c375eda73168295b17,00bf77539bad79ed21c55cdea4375985,delivered,2018-02-23 08:55:31,2018-02-23 09:10:27,2018-02-23 22:09:01,2018-03-08 17:34:38,2018-03-20 00:00:00
994ed29211f61708b9c3c72ee898ce09,5f9cc0db667b3735869602dd0575dc8d,delivered,2018-07-26 10:10:18,2018-07-27 02:24:16,2018-07-27 12:28:00,2018-07-30 17:13:12,2018-08-13 00:00:00
5200457b47c6543e5756c85ab87b4f2f,bd79d02f82a67aa2b7ae5f0cecf756c7,delivered,2018-04-23 13:47:32,2018-04-24 18:21:44,2018-04-24 22:03:44,2018-05-02 13:51:22,2018-05-17 00:00:00
53d3436f6601750ca39cfa46de24c6ec,78dde783f1d86bc60a9740ff31937c39,delivered,2018-03-26 11:11:06,2018-03-26 11:30:32,2018-03-26 22:18:42,2018-03-28 00:34:56,2018-04-06 00:00:00
cd1c8a9edd4e0f98b94e0080a2190f30,ae91fd713e14354b12b7435eeaccaacd,delivered,2018-07-04 09:25:28,2018-07-06 02:55:10,2018-07-06 10:32:00,2018-07-11 12:54:35,2018-08-01 00:00:00
d95b2210692db91db720c1ef8b02c1cd,f9b37579688c942afc65788eb6a39cff,delivered,2017-06-15 11:48:29,2017-06-15 12:03:08,2017-06-16 17:22:10,2017-06-23 12:32:23,2017-07-20 00:00:00
26492946caba5024f4d5e99dbdf4514f,e93accb02ef110eda33fbf5b00f76925,delivered,2018-08-01 09:19:30,2018-08-01 10:00:06,2018-08-02 14:57:00,2018-08-10 18:21:36,2018-08-24 00:00:00
255111c7355b48e49add6f5a16c22483,332d8cfd50e9561abc812d0dca9632fe,delivered,2017-05-26 01:12:54,2017-05-26 01:25:10,2017-06-01 09:07:46,2017-06-19 20:04:38,2017-06-26 00:00:00
6e9bbc421e8150b4a3ef1ed1723e1f05,1d17518d9007bad277ab15304c6207c9,shipped,2018-01-13 13:01:19,2018-01-15 10:10:52,2018-01-15 17:24:11,,2018-02-15 00:00:00
ef53b712516162ba8b15881e62f9b67e,5ff644aeb0ab2f7ddb5d28ad9fb702b9,delivered,2018-05-02 04:15:27,2018-05-02 04:35:12,2018-05-02 13:39:00,2018-05-09 20:08:45,2018-05-29 00:00:00
b157dd3a8db0279fe95e9272103e8078,c60ab291fa81cdc130dc021ab4b79f53,delivered,2018-04-17 09:13:49,2018-04-17 09:31:32,2018-04-18 22:07:38,2018-04-23 21:17:13,2018-05-15 00:00:00
0ae45a816351887a536ef37fd5fd9853,43b0018187e2831197aab2587884c29c,delivered,2018-05-01 16:36:01,2018-05-01 16:55:23,2018-05-03 13:24:00,2018-05-15 17:19:19,2018-06-07 00:00:00
7fd5ce5b7835d787b3a39742ca00d5dc,279dc3eb0a90399aa36df00d9915f30b,delivered,2017-09-03 17:42:35,2017-09-03 17:55:27,2017-09-04 13:35:10,2017-09-11 17:49:27,2017-09-28 00:00:00
e9ce8d3f379bf3d70e4af85174e1841f,383e0c402beac204dc7ad8633cc49ae8,shipped,2017-07-29 14:44:04,2017-08-02 08:34:47,2017-08-01 18:12:05,,2017-08-24 00:00:00
c27714731c13899240db6b32949a7d70,1b96b13fd6728f27f75ee65f6ec70d74,delivered,2018-04-22 23:23:36,2018-04-24 18:57:17,2018-04-23 23:35:31,2018-04-28 01:03:10,2018-05-11 00:00:00
d0149bc6b6957d71d6acbd693d7b1a8a,5f19064157276155bd49bce992a378a4,delivered,2017-12-06 01:17:22,2017-12-07 03:12:37,2017-12-12 14:19:00,2017-12-21 00:07:27,2018-01-03 00:00:00
4edb6ef70ac1110853f2faae2794ac6a,7cec4776cc3a211b8bfbb1d27b6f94a4,delivered,2018-05-07 17:23:11,2018-05-09 03:11:43,2018-05-09 13:49:00,2018-05-10 20:59:29,2018-05-17 00:00:00
078c9d6d720f254fc10c5a162169197f,699378662a662906118d5c91b689e7db,delivered,2018-05-29 20:59:27,2018-05-30 20:55:41,2018-06-01 10:03:00,2018-06-07 12:38:28,2018-06-29 00:00:00
285bb3ebe7ede4496dcb8e7217c126f2,d3031e597fdc0a4caed9df2944042fa9,delivered,2018-06-05 22:51:12,2018-06-05 23:12:35,2018-06-08 13:01:00,2018-06-28 18:48:35,2018-07-16 00:00:00
3d56cf18c16869e9c0d59c4460a0aa30,a3243fbd504be273ba8e4519280ed00a,delivered,2018-01-17 01:50:39,2018-01-18 02:11:55,2018-01-19 03:09:54,2018-01-23 19:03:56,2018-02-08 00:00:00
45b888816ea926cda441a7e65e7c1b9f,5c6883845330d5c96c5447279c330b41,delivered,2017-11-28 13:17:30,2017-11-29 02:21:32,2017-12-04 19:52:06,2017-12-18 20:43:44,2017-12-22 00:00:00
1004c85aae3556995fb069d8a2751118,c5b7094647786ebf4999cce838e58ce9,delivered,2017-12-11 09:13:28,2017-12-11 09:30:22,2017-12-12 19:15:39,2017-12-22 23:18:58,2018-01-09 00:00:00
cdcc163c185b029690476757900236bf,c3581b0a7a2ab8c7ae2721fabc74ef4c,delivered,2018-07-31 22:07:09,2018-08-02 05:30:54,2018-08-03 12:20:00,2018-08-06 16:14:29,2018-08-07 00:00:00
25ce89b82d611789988bd8dd3722c6af,68d895c89ddc53350772bb822d6275b6,delivered,2018-07-25 19:45:20,2018-07-27 02:10:27,2018-07-27 13:52:00,2018-08-01 21:41:44,2018-08-09 00:00:00
9075ecab41fdbe2edaae75cfb6cb09b2,da857900091edddde762921bd62ff51d,delivered,2018-05-16 18:22:03,2018-05-16 18:41:56,2018-05-18 13:09:00,2018-06-06 19:26:50,2018-06-18 00:00:00
20b1d8c9683a66f9810b31604fc5f540,5257f21744aca789f334058a11c2fb42,delivered,2017-11-12 13:57:38,2017-11-12 14:10:31,2017-11-14 13:11:48,2017-11-22 22:09:11,2017-12-06 00:00:00
504a177139942c6e3aee4be10accaac6,41ae5fc029b18e1f72993c61d4e35bed,delivered,2018-07-24 08:49:54,2018-07-24 11:23:55,2018-07-24 14:18:00,2018-07-27 13:12:35,2018-08-13 00:00:00
1f40c568147d792b8ff628f54803a6f2,99788ef4e91b5e9d8771b66a49441984,delivered,2017-09-09 18:40:39,2017-09-09 19:03:47,2017-09-11 21:16:33,2017-09-14 18:04:49,2017-10-04 00:00:00
917b267dc796aa050652ac9f24b245b2,3acc0f0e957074ee4dbebb7b7e82a834,delivered,2017-11-05 19:41:16,2017-11-05 19:55:25,2017-11-07 14:41:09,2017-11-10 21:37:48,2017-11-28 00:00:00
39bffc9b7be332f527a4fcdec744156c,c4b4aa3d40d7530386c518efad9248ca,delivered,2017-05-10 20:55:51,2017-05-11 03:55:22,2017-05-11 16:15:59,2017-05-18 16:51:48,2017-05-30 00:00:00
79656dfc69daa9e78835e99ea7d54c83,90a1a81ecae0cecee6a46d2a10165284,delivered,2017-03-26 14:52:53,2017-03-26 14:52:53,2017-03-28 10:44:56,2017-03-30 17:08:40,2017-04-25 00:00:00
a0d3437fc70b342203c6679bab7a301f,c4ee3143c92ea5a170b8737883e80275,delivered,2017-04-15 10:34:47,2017-04-15 10:45:12,2017-04-18 10:23:36,2017-04-27 15:14:41,2017-05-08 00:00:00
866f051f9b5c31d0566324ea81a33e24,31c888821f6dd43346896c5732024762,delivered,2018-02-25 16:08:52,2018-02-25 16:15:38,2018-02-26 18:26:46,2018-02-27 18:00:09,2018-03-12 00:00:00
898f13bcf377cfaa6cf7a53ab25b7afe,20085406e7a297c65774fdee8993088d,delivered,2017-07-22 09:50:57,2017-07-22 10:05:40,2017-07-26 00:49:48,2017-07-30 15:49:27,2017-08-09 00:00:00
99332f462c856f28c1581e91c169b488,7bfdb3d0f53ea882f2a470c6ec01a983,delivered,2017-07-09 15:12:11,2017-07-09 15:25:12,2017-07-12 19:22:33,2017-07-13 14:28:46,2017-07-24 00:00:00
8cb9bdee316634dca609aa8fe38e329a,d43036b76d556d450d0ffe9ba9368ee8,delivered,2017-04-29 12:50:26,2017-05-04 11:42:47,2017-05-11 09:26:47,2017-05-20 07:02:59,2017-06-08 00:00:00
79bacd435c482bfb47d57d11e21ddcac,b19bfa701ce8befc1b99b21afd3d2ad0,delivered,2017-12-04 19:25:12,2017-12-04 19:34:24,2017-12-05 21:04:11,2017-12-27 23:22:52,2017-12-27 00:00:00
ceddc11f4f78257d0fa6750091d378b4,6ae3c599633f7062d9461ae2b1ea8b63,delivered,2018-03-30 10:33:43,2018-03-30 11:15:15,2018-04-04 18:41:48,2018-04-05 19:32:16,2018-04-12 00:00:00
62609e797154e9f885bb9e8fd8f48b76,543d48b68cb07dc5e1d93428c8733781,delivered,2018-03-22 15:33:24,2018-03-24 02:15:34,2018-03-27 22:58:45,2018-04-12 14:08:39,2018-04-20 00:00:00
f1ec04b3b8679de55776bea7e3ad436f,2d9244f63bf21b376f8919c1f29faedc,delivered,2018-05-25 18:31:39,2018-05-25 18:58:34,2018-06-05 15:33:00,2018-07-05 16:16:50,2018-06-18 00:00:00
db17aa0220e5208b5fc2c08c8f704797,9e2d77016a50dae38b5654991353ce5d,delivered,2018-05-20 14:10:30,2018-05-20 14:30:02,2018-05-30 14:03:00,2018-06-08 16:52:31,2018-06-14 00:00:00
6bddfd31724ffefa23146e21bd173ef4,a1537e774ed707f017b177ea47d9aa51,delivered,2017-11-30 23:08:38,2017-12-01 10:31:17,2017-12-05 01:41:45,2017-12-13 21:55:12,2017-12-27 00:00:00
76ae7f8d0104f4808d4a93f4b81661d7,279b18bebb145265c6490f1de02cd947,delivered,2018-02-03 12:34:20,2018-02-03 13:20:32,2018-02-05 16:42:17,2018-02-15 00:26:45,2018-03-01 00:00:00
1a11f2a810e4980ba7cfd5566db2133a,39d13b38b74fcc2a49485770142c3769,delivered,2018-05-05 09:24:20,2018-05-08 03:52:43,2018-05-08 14:17:00,2018-05-15 20:32:48,2018-06-01 00:00:00
74b1932a11b0d28d122ee5572b5ea7d1,36b0baf0b67a057f12c2149864e1f5e0,delivered,2018-03-14 08:35:06,2018-03-14 09:08:15,2018-03-15 23:02:24,2018-03-23 18:58:42,2018-04-12 00:00:00
a78b0514381a2ddd033d250ffcdacc13,453cdbb7bf3b55c4811175bbf25730e1,delivered,2017-02-15 13:38:38,2017-02-15 13:50:21,2017-02-15 14:48:36,2017-02-21 16:22:05,2017-03-16 00:00:00
a24474d0a4ebace563a0695a14b5bb0a,fd586069669833b4011c44eb39e6b011,delivered,2017-05-12 19:10:36,2017-05-13 16:50:12,2017-05-16 16:02:21,2017-05-26 13:41:22,2017-06-16 00:00:00
38f4de107b2ebaed574ce9233ad3f261,d4ae6fb4f627d842499fed248067a69f,delivered,2018-01-19 19:26:20,2018-01-19 19:37:14,2018-01-23 16:44:29,2018-01-30 19:08:59,2018-02-09 00:00:00
96fbb3c21966b51cc6e5176010070f2b,1601d0bf4dc5e44ceef3224280577bb9,delivered,2017-07-27 20:53:35,2017-07-28 21:03:33,2017-07-31 11:29:39,2017-08-02 20:23:07,2017-08-16 00:00:00
dc95c77dd5f88e79576808b9ed5e4df3,2d83e8ee0c505cb36c7da0c911677101,delivered,2017-09-28 19:10:06,2017-09-28 19:25:25,2017-10-03 18:42:30,2017-10-24 00:57:32,2017-10-16 00:00:00
aaa965f3b2dc351f34bbe80a4a0d1c0e,299e712af8c8ad86f2f69e1f34a341f3,delivered,2018-06-01 10:27:30,2018-06-01 10:35:16,2018-06-07 13:59:00,2018-06-16 00:34:39,2018-07-26 00:00:00
d04690bea446315563a9f2752ff88e9f,ed2533314abb0846d2f3448b35bbe8c2,delivered,2018-02-11 15:51:31,2018-02-12 15:55:32,2018-02-15 20:16:37,2018-02-16 20:32:54,2018-02-26 00:00:00
658d582168e73d5670b4aad338c16d1b,c7026d57df26599c48a4b41e6bb9a57a,delivered,2018-06-15 16:28:59,2018-06-15 17:02:23,2018-06-18 12:25:00,2018-06-22 22:14:30,2018-07-11 00:00:00
2f763c623e85177077b5a4ee2d3cced5,c24d9b328fcc64c56fd908be937bcf3d,canceled,2017-05-17 15:46:06,2017-05-17 16:02:33,,,2017-06-08 00:00:00
9ad384830a3bad800634d385f5f4d435,447981b391b3ed33e5ae3e143ec1642f,delivered,2017-03-05 10:21:58,2017-03-06 10:30:18,2017-03-07 11:32:37,2017-03-09 16:08:11,2017-04-05 00:00:00
e3457b638ebc9288bdb7aeaf57d6847a,59f09ab2a6c3bcfa191cc3f9f9a3d756,delivered,2018-01-22 16:35:39,2018-01-23 03:52:39,2018-01-23 20:53:14,2018-02-22 08:36:48,2018-03-14 00:00:00
e31c3e361313ee8c43db7ad4ced7293c,19797c1b94a09f78336624ef4093e252,delivered,2018-05-22 11:07:09,2018-05-23 02:38:31,2018-05-23 13:37:00,2018-06-07 23:34:34,2018-06-12 00:00:00
e985c1050ad17116e8f5187e8ff1bf0b,0f84d5f0456b9811e93d7d8bde42b8ab,delivered,2018-04-14 12:14:18,2018-04-14 12:31:51,2018-04-16 22:58:34,2018-04-18 23:31:43,2018-04-30 00:00:00
d178d91e51bdffa31e6832529317771e,7d4716432442c678d536d1d5eff97d97,delivered,2018-04-04 18:48:03,2018-04-05 02:10:32,2018-04-05 18:22:14,2018-04-11 18:11:45,2018-04-24 00:00:00
f31cf521d461f5b8b5b1456a0448495e,7d9fd47eeb21776ed93f070d71499e0a,delivered,2017-05-28 15:50:05,2017-05-29 21:45:10,2017-05-31 09:07:45,2017-06-07 11:51:24,2017-06-21 00:00:00
73d34a2bf529090b8e28797f2169823c,a94af621ec65d8880bf1cbe777c93968,delivered,2017-07-13 16:28:56,2017-07-13 16:45:09,2017-07-17 13:33:40,2017-07-24 21:37:34,2017-08-08 00:00:00
dccdda90e3f3d9225e29e4b4bd96855f,8f8053e42f46e2147a21c3efd579a37f,delivered,2018-04-04 12:01:25,2018-04-04 12:11:40,2018-04-04 23:36:36,2018-04-13 16:14:21,2018-04-26 00:00:00
8622c6f995fbf5c21668a447e212681e,7e00e738e4ef7c35bc56c6313d51e599,shipped,2018-03-03 01:29:37,2018-03-03 01:49:04,2018-03-08 20:13:39,,2018-04-06 00:00:00
6370f4288632ef7c6da3672d12f5ba40,60a397f10d638fe16f3dd51a345f6ab9,delivered,2018-07-18 15:14:15,2018-07-20 04:55:28,2018-07-20 13:13:00,2018-08-07 20:19:32,2018-08-03 00:00:00
2ca8aec06570512711a574eb7b961321,c9f4ba83dac10144e8c752e5b371ad61,delivered,2018-01-08 14:46:29,2018-01-08 14:54:20,2018-01-09 21:57:33,2018-01-17 23:51:23,2018-01-31 00:00:00
eca1c60d914e6b6b936a63727aaffe7f,9d117ff3220412aa3c654878555759b1,delivered,2018-07-04 22:37:56,2018-07-05 16:32:34,2018-07-05 10:17:00,2018-07-10 23:58:23,2018-07-26 00:00:00
789be7af719fd7c9ac8ece69f76f876f,55883315bfdf93b29586555bf619e117,delivered,2017-07-23 15:34:47,2017-07-25 03:50:26,2017-07-26 03:11:13,2017-07-31 17:33:36,2017-08-29 00:00:00
4146a8b684caef22542409dd06db0d32,b249a228615f39c7b6fa3bf1f2ecba9a,delivered,2018-01-06 17:43:47,2018-01-06 17:52:19,2018-01-08 16:56:22,2018-01-11 17:43:01,2018-02-09 00:00:00
eafb515f2cbb10b7de674ea74296f619,cb694219846bd216f5e9f9e147ab7163,delivered,2018-06-12 19:08:39,2018-06-12 19:45:36,2018-06-13 15:22:00,2018-06-14 18:37:42,2018-06-21 00:00:00
bf62f944fa656342103c135e7e20bfb2,011a899e735ec86f00f26089cdae09cf,delivered,2017-12-19 11:25:01,2017-12-19 11:38:26,2017-12-20 19:58:21,2017-12-22 14:39:38,2018-01-10 00:00:00
1566b03e9df5420213f4e45d3b753aa2,016784346c1119828280815c2c6dda98,delivered,2017-12-17 20:45:17,2017-12-19 09:50:56,2017-12-19 21:19:00,2017-12-22 13:05:57,2018-01-12 00:00:00
59bc7868dd1001b0e0affabebe64b67c,213c7704baa0006844081034fc1f0659,delivered,2017-12-12 21:01:29,2017-12-12 21:17:27,2017-12-18 16:36:41,2018-01-21 14:45:08,2018-01-11 00:00:00
a7c5388d858597ae7ca4e4a1dec8eeca,329a43b53ea6c822baaf29e41c49874c,delivered,2018-01-06 17:56:19,2018-01-06 18:06:42,2018-01-08 19:54:14,2018-01-19 18:16:35,2018-02-06 00:00:00
3bb9b0ab151de6d32543f721e301d58b,16af4776f014e8082722faa86b17be9f,delivered,2017-11-09 08:00:45,2017-11-09 08:15:34,2017-11-13 18:11:46,2017-11-21 16:48:54,2017-12-04 00:00:00
394ff86ee81814bb5f88c7e8ad2812b3,35c96160ee1db65f1cbf4fbcb6f38826,delivered,2017-11-24 19:03:25,2017-11-24 22:19:37,2017-11-27 15:21:39,2017-11-29 22:07:14,2017-12-08 00:00:00
039f61edec89c6f0edf8dd1a0bdea1fe,8297545d11104871ff4516789a25d3f8,delivered,2017-11-24 16:08:38,2017-11-24 19:59:31,2017-11-28 22:55:45,2017-12-12 21:09:53,2017-12-21 00:00:00
62527ffb0a777fcc82e4796cb9cc3583,e633b2864e7aeebef890c4709eb72a34,delivered,2018-06-25 20:59:09,2018-06-26 20:55:24,2018-06-27 11:10:00,2018-06-29 17:33:13,2018-07-05 00:00:00
171c9f9a5667b0bea55d8b78c27bc5bd,522d542f869e1cd1db0df769db11b761,delivered,2017-07-18 09:57:34,2017-07-18 10:05:34,2017-07-24 17:33:16,2017-08-03 18:24:14,2017-08-09 00:00:00
cc5a08847378509a7fbf5fe301bbd57b,6835fddffe88b1763b64bb4e27076180,delivered,2017-07-31 11:29:39,2017-07-31 11:45:15,2017-08-01 18:22:18,2017-08-02 16:21:49,2017-08-11 00:00:00
9102c4cce353ccf061738fc045c2e27d,2db1314a679d8c3199d69bca0596b88a,delivered,2017-08-14 10:12:24,2017-08-14 10:25:19,2017-08-17 20:43:27,2017-08-23 23:08:47,2017-09-05 00:00:00
8345e1e2a321e4b374a65fe12d8b30d3,955d4456e83263262d6b8d14526abf92,delivered,2018-03-08 16:06:18,2018-03-09 02:30:31,2018-03-09 15:38:20,2018-03-15 16:07:41,2018-03-20 00:00:00
a52e6fa2d7c6ecaf73ff5f7f10438339,0324eee00643cd63d11ec25cb930d53e,delivered,2017-01-28 20:09:18,2017-01-28 20:32:25,2017-01-30 12:00:42,2017-02-08 12:31:55,2017-03-07 00:00:00
dfee6abeb1d68f04563ff2499a4dccfd,26ad0f0ff22fd1874b664e7cdbf2cecb,delivered,2018-06-20 17:53:07,2018-06-20 18:47:21,2018-06-21 15:27:00,2018-06-26 22:18:49,2018-07-17 00:00:00
efee98b139c9167c141b4892eecb215b,8207d1e4a52163b3351a281e7f553fa4,delivered,2017-07-19 16:33:04,2017-07-19 16:45:09,2017-08-03 20:05:02,2017-08-09 20:17:58,2017-08-10 00:00:00
9ddf9aab4ecd8705edefb485abf28a36,d52125d82ae2b3eb944358dbca0b9361,delivered,2017-08-18 18:42:21,2017-08-19 02:26:24,2017-08-22 20:23:51,2017-08-31 19:58:09,2017-09-12 00:00:00
8e1e84cffb2c5174a4d5d9026c0a5013,ef44d54e8a801a4f7b67b374e14db9fc,delivered,2017-07-23 14:41:19,2017-07-23 14:55:09,2017-07-28 21:44:26,2017-08-03 14:17:53,2017-08-21 00:00:00
58aebe1d668d109ff150b32efbffa817,be0ac06e46d02ddfeff63176906c0496,delivered,2017-04-08 12:28:09,2017-04-08 13:05:55,2017-04-13 08:19:40,2017-04-20 09:14:53,2017-05-16 00:00:00
c39c44584dde0d84f912a395af0bef21,f82e7ea7e2191c41cdab06dbe728a725,delivered,2018-08-06 13:54:52,2018-08-06 14:10:12,2018-08-07 15:24:00,2018-08-14 20:44:52,2018-08-15 00:00:00
69b60c85164df072f63b06bc0bda9804,a0976b080c0c8ac3189bd68da77209c4,delivered,2017-05-31 20:36:19,2017-06-01 20:50:15,2017-06-06 11:38:41,2017-06-19 16:11:44,2017-06-29 00:00:00
8de5dd99d488cbaf9ecf38e08c08be10,271581e923a076626b2e98a49be8c039,delivered,2018-06-25 16:51:54,2018-06-25 17:19:03,2018-06-26 16:10:00,2018-07-03 15:56:48,2018-07-13 00:00:00
983e5d2c468a86ae94f71d9f99277cb5,7b6c23de3037071d2b6b35fd19365405,delivered,2018-02-02 20:06:17,2018-02-03 20:10:18,2018-02-05 17:52:18,2018-02-20 20:14:04,2018-02-26 00:00:00
bd0b62b8a0ca7bb988f6873cf9c4c4cf,e4ca3eaba02322e4a127326f77e0cf7e,delivered,2018-08-20 13:02:40,2018-08-20 15:50:17,2018-08-22 15:44:00,2018-08-24 17:41:52,2018-09-05 00:00:00
f2f616e4c56d8103f49253d232898fa6,a4df6d0bbafe31cc3039d2f760239dc5,delivered,2017-12-18 14:14:18,2017-12-18 16:13:07,2017-12-19 22:26:54,2018-01-07 13:59:15,2018-01-24 00:00:00
3929d3d5fbe85ebabf5b1c42f10d686e,19cf585d33c1ed6e21c645e806923144,delivered,2018-03-19 11:27:22,2018-03-19 11:36:10,2018-03-23 04:41:43,2018-04-17 15:14:50,2018-04-23 00:00:00
469281a9ac9b1cb74fedc17445f70fb1,24f1fb7a5b78e540e78fe60aa25daa08,delivered,2017-11-20 11:46:23,2017-11-21 12:31:33,2017-11-22 21:47:09,2017-12-27 16:05:47,2017-12-15 00:00:00
1b737f58cb00f95d1513899b6e637eba,6f62577ec274bf21119f355851160753,delivered,2017-10-11 15:21:29,2017-10-11 15:35:12,2017-10-13 14:53:54,2017-10-16 18:43:47,2017-10-24 00:00:00
15e6497ab9865c5fa8de6a7983e1fc4d,bf061eed597ffe13515723ba6017137e,delivered,2018-04-24 10:06:26,2018-04-25 04:11:12,2018-04-25 15:13:00,2018-05-02 20:39:27,2018-05-17 00:00:00
5bb9511e1d233eedad299acb511799f2,45f294770c10f58eec67ace0aac0cc5c,delivered,2018-04-12 09:55:13,2018-04-13 02:32:13,2018-04-17 01:03:59,2018-05-02 17:26:50,2018-05-15 00:00:00
b0e9f35ef740c711cb29c8d779388062,9c5d4f7696c5995b5f6034a0597c8a40,delivered,2017-05-31 19:20:12,2017-06-01 04:10:30,2017-06-07 13:35:54,2017-06-12 12:08:05,2017-06-21 00:00:00
857dfb7747277538e123a9086b873cc7,ce78147300ad685730e9374522c42a39,delivered,2018-01-24 12:07:49,2018-01-24 12:19:21,2018-01-26 14:06:35,2018-01-30 14:35:51,2018-02-16 00:00:00
e5215415bb6f76fe3b7cb68103a0d1c0,b6f6cbfc126f1ae6723fe2f9b3751208,canceled,2016-10-22 08:25:27,,,,2016-10-24 00:00:00
62de3bac0c9f33a23cf2c5c42bff7442,1a1d1a51a2cf246d524b3ea40a53d080,delivered,2017-11-24 22:39:15,2017-11-25 06:29:54,2017-11-29 11:52:52,2017-12-08 20:37:27,2017-12-22 00:00:00
578daeebdebcc19bd2dcba1f6b06b3ce,af31beb9cb1ad7f0dd644d33b9e9ea44,delivered,2018-05-29 18:54:31,2018-05-29 19:17:23,2018-05-30 08:53:00,2018-06-02 14:12:57,2018-06-21 00:00:00
9d4f40b767fac576ddb5e71af7db166c,99ad6339006d930e8bff6f2bad8e13b6,delivered,2018-08-13 18:48:15,2018-08-13 19:04:17,2018-08-20 11:39:00,2018-08-22 23:10:40,2018-09-14 00:00:00
823e6849ed0014d669a9f8c6f7215c5e,27922493604305f1b19ab1b30d084402,delivered,2018-08-14 14:42:11,2018-08-14 15:31:34,2018-08-15 14:23:00,2018-08-16 21:28:49,2018-08-21 00:00:00
dd04e5bf2ed0f48d340eb1b2820dcb7b,c88e8ae3b763b03bf513884d712dbae3,delivered,2017-12-06 02:29:31,2017-12-06 02:50:04,2017-12-13 01:19:11,2018-01-12 20:23:48,2018-01-04 00:00:00
ccb3dbd615aa85a6ee4e6002b025fd31,319a71d1061c0bff9af2fd98eb3e8e14,delivered,2018-06-19 19:59:48,2018-06-19 20:16:21,2018-06-20 14:16:00,2018-06-22 18:58:48,2018-07-12 00:00:00
c4606ff4ac2ce55892c33ab655ee5562,cb22c91fe68a3acce2b5422770d38a9c,delivered,2018-05-15 21:27:35,2018-05-15 21:53:47,2018-05-21 14:53:00,2018-05-26 11:38:50,2018-05-29 00:00:00
49afe75c3c09b9e94e1456ffa5e67ff4,09ca2b8e58d607103af7401f7a3a0299,delivered,2018-01-13 11:42:12,2018-01-13 11:50:27,2018-01-15 18:55:59,2018-01-18 21:50:00,2018-01-30 00:00:00
25b9de6dcc528d881b77b8e6093a2a7c,461396731b4ab9af0bcaf5e5778cca38,delivered,2017-11-23 12:14:26,2017-11-24 03:11:52,2017-11-24 19:26:43,2017-12-06 22:57:09,2017-12-20 00:00:00
59c1a8b3cbb65f342ab100aedd060642,f0bff5bf56ab0827538fc34dd19e88b2,delivered,2018-05-04 11:51:49,2018-05-04 15:51:15,2018-05-07 09:32:00,2018-05-15 16:59:55,2018-05-25 00:00:00
058a84184b0421a60f75fdbda47862c1,58aa64563b04243d56f5958ed33f5286,delivered,2018-04-03 10:12:33,2018-04-03 10:28:46,2018-04-03 23:48:45,2018-04-07 00:22:01,2018-04-19 00:00:00
a19c1dc4214e26a8fd902af45444240f,e540a7a8b824ec1b50d36b59f8d125ff,delivered,2018-06-21 16:05:03,2018-06-21 18:20:36,2018-06-22 14:55:00,2018-06-27 14:28:36,2018-07-24 00:00:00
2e5737bd3452cc165fb76f3a57447398,579e8a264bd6a1f8c3a9c30739e3ff75,delivered,2018-08-27 13:11:22,2018-08-27 13:25:59,2018-08-27 14:45:00,2018-08-28 23:51:39,2018-08-30 00:00:00
47ae8f1a8ae0564397524c91d59013a2,0191e09197e54ad2690c3abd44723c7c,delivered,2017-12-06 14:18:14,2017-12-07 03:10:41,2017-12-07 22:57:00,2017-12-09 11:15:28,2017-12-22 00:00:00
0ef95641dd406157d56fbbfe60d22df0,9a700e35fcb280a68b279f2b9822c8ce,delivered,2018-05-14 16:14:40,2018-05-14 16:36:54,2018-05-15 15:30:00,2018-05-16 17:48:44,2018-05-29 00:00:00
67d96fe2be34f84e637cb249cb019726,59733519b6e54c36399d08e9e02b40d8,delivered,2017-06-02 19:52:43,2017-06-03 02:22:44,2017-06-22 07:38:37,2017-06-30 12:37:35,2017-07-18 00:00:00
02cda26d2cd43c51fefac9e3291fbc9b,2b46d9e92a141eb116ecbf2c1e6565ab,delivered,2018-05-04 05:52:57,2018-05-04 06:11:55,2018-05-04 11:48:00,2018-05-11 13:26:58,2018-05-30 00:00:00
451f91bceb227dfaad37f67168fbfd59,5a520fad2773ec61cf87a9148102b873,delivered,2017-09-13 23:19:51,2017-09-13 23:30:11,2017-09-14 17:37:36,2017-09-15 19:51:12,2017-09-25 00:00:00
315da0cfbc485bb00c12a581077cf7b2,1ff98f738e6baa6c7d6c262757e82720,invoiced,2017-01-26 22:52:01,2017-01-28 10:32:01,,,2017-03-10 00:00:00
f8d1bd3e890e8a6792efb7acfc9a4853,53dee9b3304eaaeeb645b5a449759c51,delivered,2018-07-02 20:37:52,2018-07-05 16:09:15,2018-07-05 15:56:00,2018-07-12 17:38:46,2018-08-15 00:00:00
c75be4dbb0444f5234b73d0e700bc425,67f3258da9e5f76c4d43570ec14fc783,delivered,2018-08-22 11:24:02,2018-08-22 11:35:21,2018-08-23 15:56:00,2018-08-27 14:06:42,2018-08-30 00:00:00
15f4f97ef2c059f0bbc1da0dd6675532,ca1712abbf8b76d0382b68ce75f8f575,delivered,2018-05-18 15:31:00,2018-05-18 15:55:37,2018-05-21 15:21:00,2018-05-23 18:04:11,2018-06-04 00:00:00
1a0dc245291d541409eb9044ccfe5875,d807d8126491560208d4564a86411229,delivered,2017-05-08 09:19:09,2017-05-08 09:30:12,2017-05-09 08:19:44,2017-05-22 09:06:59,2017-06-06 00:00:00
8fd670551839c535568f705a8c23b4da,46b7c21ebf74b18f89bb9ff218c9ad7c,delivered,2018-03-01 10:41:51,2018-03-01 10:55:34,2018-03-01 21:29:44,2018-03-16 01:11:27,2018-03-26 00:00:00
1018e87031636df2c2dfa4af21df3642,011aa301cac8da4d01db88c3180a4058,delivered,2017-05-05 20:49:15,2017-05-05 21:02:12,2017-05-09 12:09:46,2017-05-18 11:54:10,2017-06-05 00:00:00
2e659942e3780146fb97c8e211ba2d85,64b165e5ed669f951fa9cd4935dea461,delivered,2018-04-25 10:24:51,2018-04-25 10:35:25,2018-04-25 13:07:00,2018-04-28 11:46:46,2018-05-17 00:00:00
4a855a494e08248858074dddad7f5b6a,fc322ed337200cc851691601159ba5da,delivered,2017-05-04 14:58:42,2017-05-04 15:10:20,2017-05-09 08:52:11,2017-05-25 10:03:19,2017-05-29 00:00:00
6659002983cbc0fc582729e3aa1feaa8,551910403e480512a070343d37dd598b,delivered,2018-05-16 11:57:53,2018-05-18 01:35:19,2018-05-18 11:59:00,2018-06-08 22:16:50,2018-06-11 00:00:00
181a57ecc4c8bfa112c048f609e257bf,7dc0154535f86be3f1a41d736db8206c,delivered,2017-12-16 12:38:04,2017-12-16 12:55:47,2017-12-19 12:53:35,2017-12-21 16:18:02,2018-01-16 00:00:00
afb288542740b18ca4e5dbf1544db413,89a12dad07be05c332441a1869b89436,delivered,2018-08-11 16:22:34,2018-08-11 16:35:15,2018-08-13 11:23:00,2018-08-17 19:52:29,2018-08-28 00:00:00
3324e0b9570581be76b4559b10df4aba,985df4f2b1695097317ab16f94fa929c,shipped,2017-02-15 21:50:37,2017-02-16 02:10:34,2017-02-16 10:39:51,,2017-03-16 00:00:00
8e560aad7a656560a2c1333ce6734541,2da308b29169c77480e572cb81f713d9,delivered,2017-11-05 22:42:05,2017-11-05 22:55:29,2017-11-07 20:28:50,2017-11-08 17:28:36,2017-11-17 00:00:00
c2dd88bae676f786c6d4de5c61ce17c9,cc6a744ba14a060493fb64b97087006c,delivered,2017-10-09 15:19:12,2017-10-09 16:07:12,2017-10-10 20:22:47,2017-10-17 22:13:57,2017-10-26 00:00:00
b5ac8616a110126a6e962768b98d32f1,f684afca98c282926cb2915577d8cf67,delivered,2017-09-13 17:45:33,2017-09-13 18:04:37,2017-09-14 15:17:22,2017-09-21 22:37:48,2017-10-04 00:00:00
61169b5b065635c60de8c284ff59474f,f3f04ca677b9e1062c2a5fad64c046cf,delivered,2018-04-11 10:48:02,2018-04-11 11:10:53,2018-04-11 20:04:56,2018-04-19 19:42:01,2018-05-09 00:00:00
50b254ace467cbdb9e5181a487f569dd,2b55426d5464b65507daa9cc60810ea7,delivered,2017-11-30 18:09:49,2017-12-01 11:31:21,2017-12-06 18:18:54,2017-12-12 20:28:54,2017-12-28 00:00:00
8c1e23dce3f7db336aaa4426df2228d6,dec9373f0c8e08b22cf6df63c67284b6,delivered,2018-08-09 21:31:29,2018-08-09 21:44:55,2018-08-13 09:56:00,2018-08-15 17:58:40,2018-08-22 00:00:00
0f678c7e594e9fd0203bb134c9bdf778,636fc788dff5948716dfe026ba361b98,delivered,2018-01-13 20:30:18,2018-01-13 20:39:26,2018-01-16 15:16:14,2018-01-18 22:10:03,2018-02-01 00:00:00
87d1cfb06abb3632d70f55d8b2f2735d,413488223a8f96942b9a940fab6ec40a,delivered,2017-02-04 22:10:06,2017-02-04 22:22:08,2017-02-07 08:53:53,2017-02-08 08:08:37,2017-03-13 00:00:00
84d6df1502174f59ff3fe418b7e81786,658c489ed3fab537cc7fb43663f90171,delivered,2018-03-29 10:36:24,2018-03-29 10:50:24,2018-04-02 19:02:51,2018-04-12 23:18:35,2018-04-20 00:00:00
74fd9aa6d4102f38e2b085158abd7541,26fc0fbbb4f79edd726c0e90f8025b1f,delivered,2018-03-16 15:00:02,2018-03-16 15:10:35,2018-03-20 03:26:30,2018-03-27 21:51:22,2018-04-06 00:00:00
fc4e4569c5ee84762423c8111fdea8c7,598f596354c501bd195445519f87b85a,delivered,2017-03-18 14:53:45,2017-03-18 14:53:45,2017-03-24 16:04:16,2017-04-03 15:03:26,2017-04-19 00:00:00
c0d98bbbc820c00ab877fbb053b1e517,e6182e764d13472f7fd00a571fc71c0c,delivered,2017-12-24 21:03:35,2017-12-24 21:09:27,2018-01-03 17:43:36,2018-01-31 13:58:59,2018-01-31 00:00:00
2f7427d25f9d7b23677de76f04079e0e,8dda47794812d6a6f2474856ca324910,delivered,2017-05-07 16:38:31,2017-05-07 16:45:20,2017-05-15 14:52:22,2017-05-19 14:39:56,2017-05-31 00:00:00
7adfa2538df2fd9114e6b1455a904bb3,d4fb5e0c3c6784e683f2e94ef85c7708,delivered,2017-12-14 17:41:12,2017-12-16 02:36:37,2017-12-18 19:29:17,2017-12-22 10:43:29,2018-01-11 00:00:00
dbc0a83e6165e4eed41ed8ad3007194a,4a4804b52fabbfb59a3f0369082894eb,delivered,2018-04-29 20:14:36,2018-05-01 02:53:09,2018-05-03 14:23:00,2018-05-10 00:31:59,2018-05-24 00:00:00
fe98cb0615a7611265d8955be5ca9497,3b11d54278a86bfa191ef947e654c9cb,delivered,2018-08-01 17:13:52,2018-08-02 20:35:25,2018-08-03 15:12:00,2018-08-10 20:47:33,2018-08-23 00:00:00
a10b332599146f5dbbbb25f38dd85fc1,7663f2fefb813c164a83a2cf5b653e6b,delivered,2017-07-09 22:36:56,2017-07-09 22:50:14,2017-07-11 14:06:30,2017-07-18 19:13:16,2017-08-02 00:00:00
556e899478cd993a24f43d8aa8b3cf17,a974da127096592544c80544ddd26149,delivered,2017-10-31 15:33:09,2017-10-31 16:31:14,2017-11-01 16:09:00,2017-11-07 20:12:36,2017-11-17 00:00:00
981f5cf29634672b36363c9ca9d4c3a4,3a3276446ad0b799be2122b37c779558,delivered,2017-06-20 16:44:56,2017-06-22 02:35:34,2017-06-22 11:54:19,2017-07-14 18:09:05,2017-08-01 00:00:00
2a227abd483c2d9897e7d7f8dd4a883e,e26a202ecc04e2938f2a72d2703bc503,delivered,2018-04-15 19:52:34,2018-04-15 20:11:25,2018-04-16 23:42:18,2018-04-26 22:36:48,2018-05-15 00:00:00
ce363f57a8d2e65231452918eebd5391,bfd642434ce162e150ee0ffe83971f9c,delivered,2017-03-20 23:00:42,2017-03-20 23:00:42,2017-03-21 17:45:45,2017-04-06 07:53:05,2017-04-19 00:00:00
0eb7dc4e9168fd2e3bc791983492d99a,64c618cd8255afa20b32c21c12d87a48,delivered,2018-07-10 12:43:11,2018-07-10 12:55:27,2018-07-11 16:03:00,2018-07-12 23:13:54,2018-07-18 00:00:00
09ddda124332d6c2489fba71284be7b6,d96c9c329a257073367403d54b03d1b5,delivered,2018-07-25 16:40:23,2018-07-25 16:50:20,2018-07-26 12:42:00,2018-08-02 20:22:36,2018-08-13 00:00:00
dfaedd65a3ca2a4cc07753c583a535d9,63564735564a758d8f7a00dd5ff769a7,delivered,2017-07-15 21:58:41,2017-07-15 22:10:12,2017-07-17 17:04:37,2017-07-28 19:28:56,2017-08-11 00:00:00
5f4f0369b32151df633e5054d6f4a3fd,ed3e6a4bc34efc2ba21fd9a1fc6048f9,delivered,2018-01-24 11:31:35,2018-01-24 15:16:14,2018-01-25 21:41:36,2018-02-07 01:12:01,2018-02-16 00:00:00
54e18621b0dcda1233f2d5bda4effa58,34276b3f27fe1d0bf5e96b9b42c1cc1f,delivered,2017-03-05 21:13:47,2017-03-07 04:30:19,2017-03-07 09:23:37,2017-03-21 12:05:40,2017-04-10 00:00:00
f89d1880421bd1f3c80d406a826903a0,55c8cfd7006148e9b649504def2a2f81,delivered,2018-08-19 13:05:50,2018-08-20 11:49:56,2018-08-23 11:39:00,2018-08-27 13:21:49,2018-08-27 00:00:00
72652c482c51119a0a338edba23e0027,8c89ab30610f6af8d8724259d0c5aa80,delivered,2018-08-09 10:00:38,2018-08-10 13:05:22,2018-08-13 12:08:00,2018-09-10 20:41:18,2018-08-23 00:00:00
b3e00e1b523322d8cc200c17af55b8b7,2ba25daf9792793cb287dd8d0390d8e5,delivered,2018-06-05 10:06:33,2018-06-05 14:31:56,2018-06-06 14:01:00,2018-06-15 19:26:36,2018-07-18 00:00:00
f069758d03ec86cf08216de916d15822,2ec1e1bc0a25c79be9791d4f34045824,delivered,2018-01-24 21:02:06,2018-01-24 21:18:20,2018-01-25 17:58:34,2018-01-30 01:47:43,2018-02-15 00:00:00
2c76b3bb994ef70103f11d24f4f64d42,86cbcfc766477e95fd2bc945361da388,delivered,2018-03-20 16:28:11,2018-03-21 02:56:17,2018-03-22 22:08:44,2018-04-03 14:32:12,2018-04-06 00:00:00
e19dd6039c472289bc42c1f39c693dd4,5630883ca2aac86a5b62bc57aacd1e5a,delivered,2017-02-16 18:51:55,2017-02-16 19:05:15,2017-02-24 11:55:04,2017-03-07 16:54:08,2017-03-17 00:00:00
83e064bc8c54fef04698774d069eed59,800cb37f32d964f78ffe5ce8dbe7565f,delivered,2017-09-01 09:36:13,2017-09-05 04:26:02,2017-09-05 19:17:52,2017-09-14 18:07:39,2017-09-22 00:00:00
93e54e64ecc1adc1d0ac9775dcb64ecc,0b1fc574ab47a7abfdeb3a4109301b03,delivered,2017-09-21 14:22:40,2017-09-21 14:35:27,2017-09-22 18:22:25,2017-09-23 12:58:11,2017-10-06 00:00:00
82ec5a5160610568a083d41429aa427f,6be3e7d85cb9d2067dc957be69f506b0,delivered,2017-08-27 23:06:38,2017-08-29 04:44:43,2017-08-30 15:03:46,2017-09-04 17:46:33,2017-09-18 00:00:00
2ca434d66ddafd438f87c560ba86d320,d09bf8b36178cf14a41da572dfe0b8a6,delivered,2017-02-18 22:14:54,2017-02-18 22:26:19,2017-02-20 14:45:18,2017-03-02 16:54:37,2017-03-21 00:00:00
0f5a53ae56987191b3c638ed0f784a8d,3e14428c4503ef8a8fa6010a4992b4ce,delivered,2017-05-15 08:22:12,2017-05-16 03:30:39,2017-05-16 10:49:47,2017-05-25 11:26:54,2017-06-06 00:00:00
3e9933bf292ae1d5b09f1fed31163522,281ee594bffc396fbc1f1237ce201957,delivered,2018-02-24 23:16:26,2018-02-24 23:30:25,2018-02-27 14:23:44,2018-04-19 16:35:30,2018-03-23 00:00:00
034bc91b27d0de97e2ffa04946137764,a1d7580bed7d7f0ebe64eb1d37b01624,delivered,2017-09-18 00:48:00,2017-09-19 03:36:32,2017-09-19 17:55:53,2017-09-27 18:57:46,2017-10-05 00:00:00
49ff8304edbadc5f8fa18d2cd94315d2,c78fb61b9158950fcc6e8624642c0f55,delivered,2017-11-11 16:53:26,2017-11-11 17:10:30,2017-11-14 22:52:56,2017-11-23 20:07:48,2017-12-04 00:00:00
cc78407c0a27d3450010482ad091d498,5813c68e0a19eb71c5a0c79d644e1b5a,delivered,2018-01-20 14:48:55,2018-01-20 15:01:33,2018-01-22 17:09:38,2018-01-30 14:36:54,2018-02-22 00:00:00
6c8638c1f5868621b0dd457371188635,6bfe1c3c2a345617bf98e5e71ecbef46,delivered,2018-08-20 16:41:58,2018-08-22 03:44:29,2018-08-23 14:29:00,2018-08-27 16:24:41,2018-09-05 00:00:00
40177473ba36616817cf3e1c3a0643ed,6f35af3593267f2f8942769a134615ae,delivered,2018-03-14 17:57:30,2018-03-14 18:08:49,2018-03-16 00:21:35,2018-04-04 21:20:58,2018-04-02 00:00:00
cf79d8a5a9b82bce4c9cb3e9469a9b0c,d39cf4eab90c8ae5d853c5111bdaf0d7,delivered,2017-11-25 16:03:45,2017-11-28 03:44:34,2017-11-28 21:42:30,2017-12-13 23:48:53,2017-12-20 00:00:00
aa24794b9a7d2c0193cc98b0b2c2f33b,bc6f07984bf35abc4f6acbc2e6f248d3,delivered,2018-03-18 15:59:22,2018-03-18 16:10:31,2018-03-19 17:18:53,2018-03-27 04:08:52,2018-04-10 00:00:00
9f4f60c24b20845efd8d6b863b571d20,349f53f02e5fd1cf1a2a9c7faf422363,canceled,2017-03-04 16:23:16,2017-03-04 16:35:13,,,2017-03-20 00:00:00
0e5012ed59f4c47c5f3431cd176be45e,0748efbff6d6c28c34454b7343206463,delivered,2018-01-11 13:29:31,2018-01-11 13:37:23,2018-01-16 18:53:36,2018-01-25 18:45:29,2018-02-15 00:00:00
0e9f9f05e9d249728b37d577ce0661da,2d7b8e7c89fded81ad8bca738dc8c998,delivered,2018-06-29 21:09:17,2018-06-30 02:52:24,2018-07-03 10:08:00,2018-07-04 00:39:54,2018-07-13 00:00:00
3a17f3deb7172a39a9f62e4f88362830,e80d76b64f3a8cb7f17d855cad9d95a4,delivered,2017-12-12 09:58:26,2017-12-12 10:10:05,2017-12-12 19:07:35,2017-12-13 23:58:30,2017-12-29 00:00:00
67fe9f5e9c411829a15755a4c9f56663,d6aefbc6bf6edba918286a439cf1f266,delivered,2018-06-05 15:56:49,2018-06-05 16:16:39,2018-06-06 16:25:00,2018-06-11 21:14:57,2018-07-19 00:00:00
f18c6aa6a5d583e8ec36beaabb81d9a0,fa7ec8b2b45b5b6517357a5c5e82740d,delivered,2017-03-17 11:37:13,2017-03-17 11:37:13,2017-03-23 08:03:28,2017-04-03 09:34:26,2017-04-18 00:00:00
eecc1b7c0a139c574d4f9f7e707bf083,a0715f79257e6f0e7db3d7ddec8c418c,delivered,2017-07-02 14:38:35,2017-07-04 03:45:10,2017-07-05 16:08:40,2017-07-12 18:36:02,2017-07-21 00:00:00
9964fcee18c49b70f81f947eb85ac611,ee8b9c4b67be6419a04e1f0c292a773b,delivered,2017-11-24 12:38:32,2017-11-25 06:16:13,2017-11-27 22:04:36,2017-12-13 20:14:40,2017-12-15 00:00:00
4b268b926cd4a679fd237d8cffb79e20,f512c3de1a2d91175f346263eafe9c92,delivered,2017-11-24 22:03:15,2017-11-28 02:54:38,2017-11-30 16:43:10,2017-12-13 20:10:46,2017-12-27 00:00:00
12c1f399e821028f6213d8e9d7131282,11ca0b67c42002ff08adf1a446cdaa61,delivered,2017-05-01 18:56:50,2017-05-01 19:05:21,2017-05-02 17:19:38,2017-05-09 16:00:02,2017-05-23 00:00:00
eb16f27e232c80b012a9b0f0d95a9f67,d8ee7aba8a882551b2786b1fe588962f,delivered,2017-05-03 00:06:29,2017-05-04 01:55:21,2017-05-04 13:21:46,2017-05-11 12:34:39,2017-05-24 00:00:00
82aef313910460a7cef56d256d1c30af,f7541e41dc3e05412c45dad58559305f,delivered,2018-01-03 11:48:15,2018-01-03 11:58:26,2018-01-04 22:24:27,2018-01-11 20:25:12,2018-02-15 00:00:00
4809d5e024b9394e928ca1329ce177ea,563a1b19b09f89a8604825f189ccebef,delivered,2018-04-20 13:18:46,2018-04-24 18:15:14,2018-04-26 13:19:00,2018-05-04 22:48:52,2018-05-29 00:00:00
2d7368e0839f2cdafb0f38011cdb4f04,829d8b632e1b574de6a00d6b41c9d700,delivered,2017-12-25 17:46:13,2017-12-25 17:54:19,2017-12-27 13:57:11,2018-01-03 14:13:26,2018-01-19 00:00:00
e661124f7936eccc5d961f2dd754f865,cd7d8f09e2df0831f3af452c2b2bfd1b,delivered,2018-08-07 14:00:01,2018-08-07 14:15:08,2018-08-08 14:59:00,2018-08-09 15:40:38,2018-08-10 00:00:00
9beba6ff447f3d28862f7c0079eb0586,c1999ef8b7b49e8bdc4fe68988e1dab0,delivered,2018-01-08 13:17:00,2018-01-09 07:16:12,2018-01-11 20:37:26,2018-01-17 16:26:17,2018-01-24 00:00:00
8c2229deafefb723ff789527ab51be01,912da6b0ecc828b92d429a4f36bcdabd,delivered,2018-01-06 14:29:44,2018-01-06 14:39:22,2018-01-09 01:51:32,2018-01-11 19:14:34,2018-02-08 00:00:00
a336de4bbd836a89f9cb2a5b58ed2578,e5b8fa3d79376c3a36aeb7b6b413c647,delivered,2018-07-20 17:22:22,2018-07-20 17:44:27,2018-07-23 12:56:00,2018-08-28 00:31:22,2018-08-10 00:00:00
46f07e8bd34a0428dc6dc2f334903c85,8a5761bfa4d9d8db8945e7afb9759397,delivered,2017-11-26 18:48:09,2017-11-28 18:56:47,2017-11-29 20:48:46,2017-12-17 14:15:57,2017-12-26 00:00:00
2edf506c823b1a3bc6d134864bc4c10c,28d7449c6c7245eb14588078dcc84f6e,delivered,2018-03-16 21:41:51,2018-03-16 21:55:28,2018-03-19 15:17:38,2018-03-20 16:13:30,2018-03-28 00:00:00
c71179b21d4babaea70ded4969cd664a,a4919677ea2d5b947bb5a582c0bc7e39,delivered,2018-01-16 16:36:09,2018-01-17 03:38:33,2018-01-17 15:36:55,2018-01-18 18:52:19,2018-02-06 00:00:00
71c903bedef48954734ef47b8a9be312,a798f977cebe547066d7d5beea1b4268,delivered,2018-02-22 08:08:16,2018-02-22 08:48:10,2018-02-24 03:19:13,2018-02-26 16:34:00,2018-03-08 00:00:00
f9748b4011ad98a145ac788b1201b7c6,2ce9a7ccf6ab4ee349e1c33c7fa92ebf,delivered,2018-01-21 14:20:45,2018-01-22 13:50:52,2018-01-24 16:09:18,2018-01-29 21:51:26,2018-02-20 00:00:00
6fa5088dcf950909aa3c2001eafc4106,e57b2e8e7952fb47e3866cf07b5882da,delivered,2018-03-01 23:14:32,2018-03-03 10:55:28,2018-03-05 19:52:35,2018-03-13 23:18:54,2018-03-19 00:00:00
3ab1c10e246de2d841791a3070053d7f,9ceb48a8ee734a28c25fee6db0e988bc,delivered,2018-04-25 10:55:43,2018-04-25 11:10:13,2018-04-26 11:26:00,2018-04-27 21:19:16,2018-05-10 00:00:00
724c961debc8da1bfd7c243def4d63c5,aa1e76b30cd8d6ebba19900d1352c462,delivered,2018-05-05 21:09:40,2018-05-05 21:33:08,2018-05-08 14:47:00,2018-05-16 19:58:40,2018-05-30 00:00:00
21a47fe1418ed7200936d8322e4e36e1,e56e6ada2cd04a5dd2726812fa82a7bb,delivered,2018-06-26 13:21:45,2018-06-26 13:37:27,2018-06-28 08:36:00,2018-07-09 23:42:01,2018-07-23 00:00:00
324204564b4994a8fefbb828983f6be2,96efbc1381c27947f08c41d1466a224f,delivered,2018-03-20 17:58:29,2018-03-21 02:48:19,2018-03-21 20:24:48,2018-03-28 13:29:09,2018-04-06 00:00:00
83c55d64c56ad16ba3c0f7858cd709d0,0f8a4cf0986a8a2c8a432fc6f54fbd2b,delivered,2018-04-12 11:10:27,2018-04-13 12:55:24,2018-04-16 21:06:44,2018-04-17 21:16:37,2018-04-30 00:00:00
f24afd66659f204e2fe3866ae39f4e20,1ab9d0f2d5eae3b34ad9e1184930e1c5,delivered,2018-07-21 17:41:13,2018-07-21 17:50:20,2018-07-23 14:04:00,2018-07-25 18:07:07,2018-08-06 00:00:00
093cbde1b401404fd6dffc827e4b86e8,7d179d8a629f588eaff7cae81098b947,delivered,2017-10-14 21:03:22,2017-10-14 21:14:26,2017-10-17 16:56:01,2017-10-20 17:47:49,2017-10-31 00:00:00
41537821ce113ccef16d0e4b303f1230,0312590499e722678eeb292f4da77e77,delivered,2017-12-11 13:56:03,2017-12-12 04:09:14,2017-12-18 21:33:03,2017-12-20 17:29:03,2017-12-28 00:00:00
4970813620b87283eb3e6e49889346e0,57c3c0a6735b67f29adb9dc4106c46cd,delivered,2017-12-14 15:59:53,2017-12-14 17:12:59,2017-12-15 19:38:02,2017-12-22 00:23:16,2018-01-09 00:00:00
cb667db7bf699e2940c1ccdc16ef7ec7,6e1eb843e528f1137837efbcd26f3c16,delivered,2017-11-25 22:24:24,2017-11-29 02:18:30,2017-12-20 23:18:08,2018-01-03 22:57:47,2018-01-05 00:00:00
0c3d62f1aa70d604db3bc56082aee4ca,de1133f37c60eddaa55a82b7e361efad,delivered,2018-07-02 14:28:22,2018-07-02 15:30:43,2018-07-03 12:08:00,2018-07-06 18:34:40,2018-07-20 00:00:00
91ce0f04ca8d482871b98215199592f7,086b14dd810812fd51da1b8dc45b8aeb,delivered,2018-02-20 16:04:30,2018-02-20 16:28:14,2018-02-21 20:18:04,2018-03-15 21:24:48,2018-03-21 00:00:00
c89c6f13b7d0296a4910796f47fe85f4,27caa643cfe4abe86f3cda9d042f7446,delivered,2018-01-06 20:49:40,2018-01-06 21:31:57,2018-01-09 00:14:10,2018-01-13 18:04:34,2018-02-05 00:00:00
484bc55c468ac3e8d5ca1ab45b24ff99,3d06c5a21253c48236d840250d9f8a6c,delivered,2018-08-18 01:08:45,2018-08-18 01:29:45,2018-08-20 14:30:00,2018-08-25 01:14:41,2018-08-31 00:00:00
6808f7954e27254ceae6640f4e903775,2201362e68992f654942dc0067c1b716,delivered,2017-06-19 12:31:58,2017-06-19 12:43:03,2017-06-22 14:56:50,2017-07-07 21:38:21,2017-07-21 00:00:00
45ccc16a94688d4edb709ff6eba966d5,c43c903694d240e0094656ad800c5455,delivered,2018-03-25 20:19:03,2018-03-25 20:35:30,2018-03-26 19:13:20,2018-04-27 19:04:18,2018-04-16 00:00:00
2443aecfadead9c6df5d80d063925e25,82cf91e8833da7baa4c152c5a4faa8f8,delivered,2017-05-30 12:05:05,2017-05-31 06:50:32,2017-05-31 13:20:49,2017-06-06 14:13:57,2017-06-30 00:00:00
3b919fbc512d96f81330d2aae3ed0cf6,30b441b38d5a5d35013a37dcf4b37f58,delivered,2018-04-15 13:33:43,2018-04-17 05:51:05,2018-04-17 21:12:26,2018-08-01 22:15:02,2018-05-14 00:00:00
14e80781ddd70466c4f4250a2e905a6c,f9a015c143bca538ed45d0d9d5301ac3,delivered,2017-03-09 20:06:37,2017-03-09 20:06:37,2017-03-10 10:08:19,2017-03-20 10:03:42,2017-04-07 00:00:00
5c5c578d0df32d345b3c70650cf4e28d,4f7c54cbd5a0788f5ce5dd42cd145cac,delivered,2017-11-19 22:02:43,2017-11-19 22:15:34,2017-11-21 15:52:58,2017-11-23 21:58:48,2017-12-08 00:00:00
85b7fb0f1d1623de1a0d5dc4c4ca6879,70d8ae25f1409740224a3a7ac9e9c0d2,delivered,2017-07-17 21:15:57,2017-07-17 21:25:13,2017-07-20 20:07:29,2017-07-31 18:21:56,2017-08-08 00:00:00
28572ca6264628bbdcd513eb363d6b3a,55260d8284b7fcb8890f0c0ff1135bc1,delivered,2018-05-05 21:00:57,2018-05-05 21:10:37,2018-05-09 15:48:00,2018-05-14 18:31:01,2018-05-28 00:00:00
123aa2088a801eabe35c3c67444e5fdf,3a11da5254e67ef5ac37fd13c72126ec,delivered,2018-07-14 00:30:13,2018-07-14 00:44:02,2018-07-17 07:02:00,2018-07-25 15:08:50,2018-07-30 00:00:00
33f7f48fbeb5932ce834c34dd204a6d3,6d9372108eb7d38bea803ec71881c842,delivered,2017-07-05 14:18:47,2017-07-05 17:54:20,2017-07-07 21:05:21,2017-07-21 18:17:34,2017-08-04 00:00:00
ba6db6908932a9ed2a611c82ef295d37,ba06469dfb61ced36ea2962bf482aeef,delivered,2017-03-20 00:54:38,2017-03-20 00:54:38,2017-03-20 10:20:20,2017-03-24 10:07:38,2017-04-12 00:00:00
f5eff661c2631c9cd86938bef47aa2d4,0da3ca0875a2ce7e0720570ecf98bf46,delivered,2017-05-06 16:22:40,2017-05-06 16:35:23,2017-05-10 10:46:37,2017-05-18 16:23:05,2017-05-31 00:00:00
24e12ba561ff6e969f0eebe60196e53c,008943f202ed451804dfc1c23248eeb0,delivered,2018-07-28 21:54:44,2018-07-30 18:31:33,2018-08-01 15:24:00,2018-08-07 14:52:06,2018-08-28 00:00:00
4bc6b6965bf5778f7d262b5f8913a721,2c32cd114924f08948dc2c1311663076,delivered,2018-02-23 11:34:56,2018-02-23 11:55:52,2018-02-26 18:29:19,2018-03-13 14:59:07,2018-03-15 00:00:00
2833a1c17a4948451b9931c440440fc5,3bcd05ab09f9eebaf2ce4edda2e166e4,delivered,2018-04-23 18:55:51,2018-04-24 19:07:39,2018-04-24 16:58:46,2018-05-05 15:03:53,2018-05-18 00:00:00
0e212b5df829280bba28382cf4aacec2,66218e85ff1fb3229b69a2e9c0255dfa,delivered,2018-05-11 12:41:47,2018-05-11 12:57:12,2018-05-16 15:28:00,2018-05-21 14:03:28,2018-05-30 00:00:00
c85e13fa13301ec2cb996db10353e737,3435843eaf57bad18bf0d39305d6f5dd,delivered,2018-07-17 22:35:29,2018-07-17 22:45:15,2018-07-19 11:50:00,2018-07-27 18:24:46,2018-08-07 00:00:00
1c8c848f0ae6345dce75efde3c535160,4997cdbc9226ecc25242048bb5fc425e,delivered,2018-03-16 20:42:29,2018-03-16 20:55:50,2018-03-19 22:23:46,2018-03-23 03:04:10,2018-03-28 00:00:00
7d5f9657103294db1e017f49a5e06c50,e6adec1e4d0f3967305473a5c0a25e9a,delivered,2018-07-17 13:18:44,2018-07-17 13:30:20,2018-07-19 10:06:00,2018-07-23 23:36:37,2018-08-07 00:00:00
e7ce9b9f4c61af74340791cc36964dd8,7ff4ad86cf14706b8cbb5d62e345048a,delivered,2018-02-21 12:09:08,2018-02-21 12:30:17,2018-02-23 19:33:40,2018-03-09 00:57:22,2018-03-28 00:00:00
72074174b87a13299e5d0aad2dae6137,5f7a3e7c661e0861b20e2580bb51ca20,delivered,2018-08-16 17:40:16,2018-08-16 17:50:16,2018-08-17 13:09:00,2018-08-21 21:11:27,2018-08-28 00:00:00
4e075adf6d3b9cb5ae61093b5e61a14a,d392810b0b45525cc8e79ba4b2286e69,delivered,2017-10-12 14:07:33,2017-10-12 14:26:21,2017-10-16 15:23:43,2017-10-17 21:52:35,2017-10-25 00:00:00
dffe3c3fdb38dd7ca56eb98408730378,edd8c2ac3721ba85f5d39c010c316114,delivered,2017-03-14 14:48:57,2017-03-14 14:48:57,2017-03-15 09:58:15,2017-03-29 15:46:59,2017-04-04 00:00:00
99690636b272c74b153a637f6f56dbab,4c00268b1661c35c047ccb5795c6cbc4,delivered,2018-04-06 15:51:17,2018-04-07 02:50:12,2018-04-09 21:23:45,2018-04-10 13:40:44,2018-04-18 00:00:00
1734ed627ecb469f8a302694d9481eb4,e4639e14392e13ff6898b81d6245ba15,delivered,2017-12-03 18:39:51,2017-12-05 04:11:50,2017-12-12 21:58:54,2017-12-18 21:07:21,2017-12-27 00:00:00
cfbf483c7d7176367a983006d36de1f9,9cab4106ad574ab7a66c352f099e3b01,delivered,2017-12-01 10:11:30,2017-12-01 11:31:54,2017-12-07 21:59:12,2018-01-06 13:34:23,2018-01-05 00:00:00
4303e19c21cd7274481e8e5bdba9bda0,ab26301138a5d2a1bf9dda0c0e1f3f20,processing,2018-01-11 22:06:59,2018-01-13 02:31:42,,,2018-02-07 00:00:00
3c8fd86bafb15fa121edab25b6f8c096,43d2e22777294d5b6fbee5a6fb88254d,delivered,2017-05-24 19:42:56,2017-05-24 20:02:40,2017-05-25 08:26:28,2017-06-02 05:53:33,2017-06-14 00:00:00
a1b804216bd2104b89826d9c884a06aa,5c7595d88d9ae99c0829d2304a39eb9e,delivered,2017-12-05 13:49:27,2017-12-05 13:58:29,2017-12-06 17:33:54,2017-12-19 18:19:19,2017-12-28 00:00:00
9c0fc2500f7b845dd500f0a3a2520c2b,073148eec23ea309392759e3e9943d4d,delivered,2017-10-07 15:54:53,2017-10-07 16:35:16,2017-10-09 15:33:12,2017-10-13 17:45:00,2017-11-01 00:00:00
f1c39491d69990f9682d8dc91e190fa5,56be6e8c9779e4a7bd8fdf41f2dfed7d,delivered,2017-12-08 09:46:41,2017-12-08 09:55:24,2017-12-08 21:38:49,2017-12-12 12:48:47,2017-12-27 00:00:00
97a33ff36dc6cc655389de50726ee49a,86497456d79e8e74422e89ecfd8d4069,delivered,2018-05-11 10:54:59,2018-05-15 04:12:29,2018-05-16 08:07:00,2018-06-04 16:58:37,2018-06-01 00:00:00
e5fc50f8d64012ac844e3ac50b40fae5,09605433f6049326bfa21680262fc1fb,delivered,2018-05-02 21:56:21,2018-05-02 22:34:55,2018-05-04 15:19:00,2018-05-12 01:11:39,2018-05-25 00:00:00
a761862f0091efb27d04d58ad23de019,11e9d0879e2a681f8c73e99d56c8c613,delivered,2017-11-18 11:47:13,2017-11-18 12:06:52,2017-11-24 16:39:15,2017-12-27 23:18:28,2017-12-14 00:00:00
4e6bffb5dac92c9750467794c5964bff,a85e7b33b7181e57fecc2cebda90a5d0,delivered,2018-08-13 12:23:45,2018-08-13 12:35:16,2018-08-13 15:22:00,2018-08-17 16:41:59,2018-08-23 00:00:00
856f815b7525deaab324a86f112491ea,a0612909f034240b24f3144fcbb0b588,delivered,2018-01-23 09:37:30,2018-01-23 09:52:20,2018-01-24 17:47:02,2018-01-26 19:33:00,2018-02-07 00:00:00
a38d26fb97127e35808c504ef9872905,6f0b329047469b27994d99813dad1432,delivered,2017-09-03 12:32:02,2017-09-05 04:30:23,2017-09-06 19:42:10,2017-09-18 17:38:08,2017-09-28 00:00:00
79839957c6cbd8ae3f91d44c7e740207,d4e84c51d0ecc10da23b00adcbf9ae85,delivered,2018-08-07 14:24:49,2018-08-07 14:35:10,2018-08-09 12:08:00,2018-08-14 04:18:44,2018-08-15 00:00:00
d3a20ccc02c906dea8bd172dbfa1d31d,e34a5355496d9ca53ae03df061e2583c,delivered,2017-03-27 20:34:09,2017-03-27 20:43:07,2017-03-28 10:47:51,2017-04-04 16:50:14,2017-04-20 00:00:00
075434afaadfb0809ecf3f095a372340,4175fbc781d0d74d0ab138c8b598611e,delivered,2017-11-24 11:05:50,2017-11-25 04:15:07,2017-11-30 21:25:38,2017-12-06 15:57:23,2017-12-08 00:00:00
32480f4d114e9973ef4fbd57631274f9,515adc59bbf7e0a839eeccc8fa006947,delivered,2018-02-06 10:00:59,2018-02-06 10:15:27,2018-02-07 20:53:00,2018-03-01 23:17:13,2018-03-09 00:00:00
08fd8d3e4e30f796d703584db2e27e1a,e867a0d69912db241c0cc2adc85d82e8,delivered,2018-03-05 07:59:17,2018-03-05 08:10:37,2018-03-08 04:26:36,2018-03-26 20:32:47,2018-04-04 00:00:00
9d8b5a8e3231c5bed9d2c45e1fbb116d,e9706926b9ad9d60d5512eb6b35b78dc,delivered,2017-08-23 10:19:24,2017-08-23 10:35:23,2017-08-25 20:28:53,2017-09-08 18:07:45,2017-09-27 00:00:00
359d29ab40f1d5211a391308f9078c8e,2eabd4a4e2346884db0daacf0c154336,delivered,2017-10-14 16:10:06,2017-10-14 16:28:21,2017-10-16 22:04:24,2017-10-18 18:56:28,2017-11-01 00:00:00
4c76e48050ae7f0f69ea45b2350a12c4,e7b19354d2180c9a75a2ec0911db3a48,delivered,2017-04-14 11:03:05,2017-04-14 11:15:11,2017-05-04 11:38:50,2017-05-08 10:43:14,2017-05-08 00:00:00
444881cdfe678e977b5e268fb6200760,d996e65771a851556bc07ba968d873e4,delivered,2018-02-16 08:45:40,2018-02-16 09:07:01,2018-02-22 17:21:59,2018-02-24 19:10:08,2018-03-06 00:00:00
52cb69feb3ca641836c8150716a8d2d7,38dcf8cf731c02ce3c72c5279307dee9,delivered,2017-10-03 02:20:35,2017-10-04 02:49:25,2017-10-05 18:42:23,2017-10-11 15:12:44,2017-10-19 00:00:00
1f11f0ab2b0ec59d0ec45f7f810a04f8,52f3ff878b892c17fcdc6030dcad7e7b,delivered,2017-06-15 06:59:08,2017-06-15 07:10:06,2017-06-16 15:15:55,2017-06-28 13:17:44,2017-07-18 00:00:00
96e9519c799bb41c1cf7b3992b63219e,7cc29bd694a82357723df9961ab7d3a6,delivered,2018-05-01 21:17:14,2018-05-01 21:36:02,2018-05-03 07:04:00,2018-05-07 19:37:41,2018-05-25 00:00:00
ba02d5b151d67c38d57577ab9a934828,cd1cae0cec827aad93250c9c72e88240,delivered,2018-05-01 18:46:33,2018-05-01 19:13:16,2018-05-02 13:15:00,2018-05-07 22:48:37,2018-05-28 00:00:00
66f7198bd04aafcefc81148b6c433c18,047bf05a26a10d5fd5f98a37b5ad1848,delivered,2018-06-01 08:56:59,2018-06-01 09:12:23,2018-06-18 17:05:00,2018-06-21 00:05:57,2018-07-11 00:00:00
6fe4c985918734d29a35419f12b76570,529cdd66b36605936a5c313cfe7427f4,delivered,2017-05-23 13:35:47,2017-05-23 13:45:18,2017-05-24 14:24:19,2017-05-26 13:19:35,2017-06-19 00:00:00
64ff09b60c2714ff11ebcf304ed21fb6,b2c63a8267bfc180d06ba2d9b79cfcc3,delivered,2018-07-31 14:04:37,2018-07-31 14:31:37,2018-07-31 13:34:00,2018-08-07 14:41:43,2018-08-10 00:00:00
f464a113cdd89833ee98d4a56f41d8c5,d5f4f578c881aaffbda3612ca54f74a1,delivered,2017-10-24 15:59:02,2017-10-24 16:09:48,2017-10-25 14:57:37,2017-11-01 00:42:17,2017-11-13 00:00:00
fc4e3d907bbca064eee88088667f4e98,e6e14f3e3173398dcc2ef5001361ba1c,delivered,2017-07-01 22:03:10,2017-07-01 22:15:17,2017-07-03 15:21:41,2017-07-11 19:26:43,2017-07-25 00:00:00
1f5e41ca3a4a73a67d6ac937f4fe5422,cba5c36df83ba88bddecb5a2d8c754f9,delivered,2018-08-05 09:53:05,2018-08-05 10:25:08,2018-08-06 14:18:00,2018-08-11 01:20:52,2018-08-21 00:00:00
aef2bc3845eb581cecce74b769d46c6a,48d6a6909a9bd0b2128ea79630e52d13,delivered,2017-09-22 17:41:49,2017-09-22 22:50:12,2017-10-02 19:57:42,2017-10-13 14:33:15,2017-10-16 00:00:00
1d2a2c1119967c45184c9f96cbdab6ce,db174a68814fb58fc90c33ad76f96b02,delivered,2017-11-24 19:03:03,2017-11-24 22:32:42,2017-11-28 19:42:00,2017-12-06 23:18:54,2017-12-19 00:00:00
27d0c14836e22de7dafca58c79cbc90c,972018f2497ddd38c5e836dd0b4df53f,delivered,2018-02-10 21:17:00,2018-02-10 21:35:28,2018-02-15 19:16:28,2018-02-19 20:21:51,2018-03-01 00:00:00
c8a767e16f523557f80cceef9f5ac88f,7acbe07ea8f812f68fcfbfe0f42f905d,delivered,2018-04-26 21:30:42,2018-04-26 21:50:26,2018-04-27 14:19:00,2018-05-08 18:24:35,2018-05-28 00:00:00
0ab778cad17847f8538aa63accb88b27,b5012b5d4b4174455c8f108d1be55316,delivered,2017-11-26 22:56:15,2017-11-26 23:13:06,2017-11-29 17:37:24,2017-12-11 20:40:02,2017-12-18 00:00:00
057e5b8975ad03882989369de7b803ff,a21eb72bd9dbd460dadf15c4e43664eb,delivered,2017-09-15 00:46:01,2017-09-19 03:50:35,2017-09-19 19:33:20,2017-09-22 14:52:15,2017-10-03 00:00:00
216f5ce95749a1f03de00b34908e73a2,c6a909123dbae964a98b72e526d1e7e3,delivered,2018-04-10 14:49:57,2018-04-10 15:10:55,2018-04-11 17:48:27,2018-04-16 16:17:19,2018-04-26 00:00:00
af3ce7727ad453e9df1d3b9fb874ba3b,ffed827348cd4b083956ce2b634b763b,delivered,2017-08-06 13:46:26,2017-08-08 04:10:55,2017-08-08 22:42:09,2017-08-18 19:04:30,2017-08-31 00:00:00
61091d227e531114d8759b1372ba1d48,40114847c6de0b9b9cd74eb44fc56cc9,delivered,2018-01-25 14:37:02,2018-01-25 15:40:09,2018-01-30 01:17:05,2018-02-14 22:27:24,2018-02-19 00:00:00
cdf9bca93f8e79363ad001dbc570d854,bd2e6223ef80789bab4a7b8e50db1991,delivered,2018-01-13 22:27:18,2018-01-14 22:18:32,2018-01-15 17:52:54,2018-01-25 13:55:59,2018-02-09 00:00:00
a1471d3940933cabdf3944ff1c792e10,eb648c2532533aa0dca70acf983cc983,delivered,2017-08-17 20:53:01,2017-08-17 21:50:19,2017-08-21 20:39:55,2017-08-22 15:13:42,2017-08-30 00:00:00
640ebd9e6042fa597d8453c63c19f6fd,34cac1feffdf92823e422fad16bd8397,delivered,2018-06-05 15:41:06,2018-06-05 15:55:17,2018-06-06 14:58:00,2018-06-11 23:41:57,2018-07-16 00:00:00
72864e9930b12da6e7ebc3cae431f226,fec2acbad6416c09b6760b294f6bcd48,delivered,2017-05-14 19:17:46,2017-05-14 19:25:11,2017-05-16 09:17:47,2017-06-01 11:59:55,2017-05-31 00:00:00
e9ffd60f9abb10647483bb6ef6f62989,e38c82cb78ee25f34c9f5f7783fb0ee7,delivered,2017-06-09 15:12:35,2017-06-09 15:22:10,2017-06-09 15:48:06,2017-06-24 08:59:43,2017-07-12 00:00:00
0d702aba7840fe6e6942e419648d9e0e,28d50d01106af1d9993aeafccfc3a8e3,delivered,2017-04-01 14:44:04,2017-04-01 14:50:20,2017-04-03 15:20:07,2017-04-19 11:58:13,2017-04-28 00:00:00
4e6247004972e262cd27834b7d270d84,1788b66d518c0b9cea975c6443949204,delivered,2018-05-08 21:24:36,2018-05-10 03:09:44,2018-05-11 18:59:00,2018-05-14 17:04:32,2018-05-21 00:00:00
27db1a079a22bec1453d0f24f630005f,b76816b61d8043a98db57875437da6b5,delivered,2017-11-24 01:34:00,2017-11-24 01:48:30,2017-11-24 21:58:53,2017-12-14 16:09:41,2017-12-14 00:00:00
89f0460c9010d52281a44ccf5a287526,621842279405f3093b306962d1d55a4f,delivered,2018-06-30 19:02:31,2018-06-30 19:50:03,2018-07-03 12:12:00,2018-07-07 17:58:25,2018-07-20 00:00:00
cdf7a96f7174972cf5aea7f6225ff799,60c74a8ab6f5911849bcad1ea24e4052,delivered,2017-02-06 19:24:54,2017-02-08 03:22:56,2017-02-09 09:34:17,2017-02-14 17:23:31,2017-03-01 00:00:00
334366f2e22dfcecc6821c15209f0175,73b76f59bd2fc55339da0a2aa50de623,delivered,2017-03-02 23:17:38,2017-03-02 23:30:19,2017-03-03 15:21:09,2017-03-13 17:58:12,2017-03-23 00:00:00
da5d566236538abb69c83b6283383b60,8d51bbfd67bc27fa458541719c2f31f8,delivered,2017-11-21 15:54:16,2017-11-21 16:07:31,2017-11-22 21:26:43,2017-12-06 18:55:18,2017-12-13 00:00:00
5529ec8272cda325d9f9300e9bb09d5d,31f0bfed6ed789da8198c1478815e537,delivered,2018-06-10 11:48:43,2018-06-10 12:17:17,2018-06-12 14:09:00,2018-06-22 22:18:35,2018-07-11 00:00:00
0a8bacdc71ec2a99fcc75baf60f64439,4fccee164a7c9613fbf6978a9c4cb72b,delivered,2018-02-05 16:33:31,2018-02-05 17:15:55,2018-02-08 22:18:52,2018-02-19 20:38:57,2018-03-02 00:00:00
351c4682748b3e66dd18732d650baff2,39f165573c5cc30c87842ab706dd1f72,delivered,2018-02-22 16:14:25,2018-02-23 16:10:29,2018-02-27 18:23:45,2018-03-23 15:58:42,2018-03-19 00:00:00
16311a0494e6db86617bc4486d9f1e9e,236b6c73651af91335ddfd6d34f6422c,delivered,2018-04-11 12:04:25,2018-04-11 12:15:26,2018-04-12 14:42:56,2018-04-13 15:14:26,2018-04-27 00:00:00
68e662b62c58ff7ef4002836145d6461,6ae15ca28c2f32149eb10c0937200cac,delivered,2018-07-02 09:49:19,2018-07-02 10:11:17,2018-07-05 14:43:00,2018-07-07 14:48:50,2018-07-16 00:00:00
cef1e7647823ff3a316d40ca19b3e55d,a8f1bc83f930027e3bf15692ac53d638,delivered,2018-04-12 14:53:10,2018-04-12 15:35:24,2018-04-17 21:46:45,2018-04-23 20:48:36,2018-05-09 00:00:00
4211e9c52967c6118ba50e4efde875a5,0ac2d5fc64bc66aaeaa727022aeb73f3,delivered,2018-01-25 11:36:13,2018-01-25 11:53:08,2018-01-29 18:39:01,2018-02-01 23:07:37,2018-02-09 00:00:00
00ab9fa91aafa3d881164b0da48999aa,8630914c34f45ca88a7589cddb8e0ae2,delivered,2018-05-25 09:47:21,2018-05-26 09:50:04,2018-05-28 12:27:00,2018-06-07 00:18:30,2018-06-26 00:00:00
570bfe053ed74671bd9bd9505fa1c785,b25b0018e1b95590a4fa567378d28bd2,delivered,2018-01-16 15:52:32,2018-01-16 16:11:42,2018-01-17 22:27:44,2018-01-25 12:52:14,2018-02-09 00:00:00
32eb0f90dda75dfccbc4db176c3e3cc1,23e03808c06cda431f64cf0086a8a895,shipped,2018-05-22 10:13:36,2018-05-23 02:15:36,2018-05-23 14:18:00,,2018-06-07 00:00:00
30b3d49467327cdceed755f76dc8d3f1,996c2d5bb512735c35e2d04598f77810,delivered,2018-01-02 12:03:03,2018-01-02 12:13:48,2018-01-03 18:43:38,2018-01-11 19:44:25,2018-01-31 00:00:00
f88685f89f0fc651c3e767c64a23192c,ee07f0974feb4a672378f9d64be40dca,unavailable,2017-11-24 01:49:27,2017-11-25 04:15:10,,,2017-12-15 00:00:00
7e9a03de3bfde66892a9d6ee70716afb,d41aba0dbe969079d797f73ae613802c,delivered,2018-03-09 14:15:46,2018-03-10 14:10:27,2018-03-12 20:53:49,2018-03-26 21:41:29,2018-04-03 00:00:00
f00cdb6f9004b64118cf7814d3a03cff,3e74a90adfa66f3bdf1586fe7f3f88aa,delivered,2018-01-23 00:44:09,2018-01-23 00:56:08,2018-02-27 21:47:45,2018-03-09 21:31:59,2018-02-21 00:00:00
c7197036433dac8ba4041a18b0b435aa,738b7def1e6b597884bedefb76252fee,delivered,2018-04-10 20:24:58,2018-04-12 01:55:15,2018-04-17 18:06:51,2018-05-10 20:22:31,2018-05-08 00:00:00
96fa516aa67a6a9a29ed51112f357643,cfe75ab6c94e28d2fb65a562c7e729c6,delivered,2017-09-16 16:08:59,2017-09-16 16:24:27,2017-09-19 14:53:22,2017-09-29 16:24:02,2017-10-09 00:00:00
1b7926dafeead0e19837ca6b7764e1f1,b866be3f3db9c467d60fa850efdfeecd,delivered,2018-04-28 23:55:15,2018-04-30 13:12:14,2018-05-02 14:18:00,2018-05-11 13:57:48,2018-05-25 00:00:00
56eb381fff8db8d35134693062514084,b102a37db53345d7eb418649b096f8e8,processing,2016-10-09 12:34:53,2016-10-11 05:03:21,,,2016-12-30 00:00:00
52d95b0538fecb3014db141985d65d64,1ea574a394e7eddb9ef7ea5b56455181,delivered,2017-05-22 22:21:32,2017-05-22 22:30:21,2017-05-23 15:25:11,2017-05-30 10:04:04,2017-06-28 00:00:00
0d8b3fb610ae4ac24891052ed60e8a2a,d2815a06e5b96751f1ebc04d6ae75fca,delivered,2018-05-02 17:28:55,2018-05-04 02:51:42,2018-05-04 15:46:00,2018-05-14 13:53:44,2018-06-05 00:00:00
ade919610216d8fcd6333ce3696449a4,d7e2e0a2eaefbf557a9886e0c2032ace,canceled,2017-09-24 18:32:25,,,,2017-10-23 00:00:00
0c70293ae727a4e81099ec24e6190342,1219554936e47f8eb9141a023dc6dfe5,delivered,2018-07-26 16:24:08,2018-07-26 16:35:12,2018-07-27 10:56:00,2018-08-03 15:27:29,2018-08-10 00:00:00
9026325c886e3d97e1fcd1b50ad50576,bf2119d584c23baf2195048cf6ae2bb2,delivered,2018-06-03 17:11:27,2018-06-03 17:30:19,2018-06-04 14:36:00,2018-06-08 18:57:46,2018-07-12 00:00:00
f054382082622c6e7164f1fea5d4209f,43d1f18bf86668180f9abb1755c5f166,delivered,2018-05-04 10:46:26,2018-05-04 11:12:21,2018-05-08 12:32:00,2018-06-07 15:21:05,2018-05-30 00:00:00
94153bbf95f273c5b6c342d2acc6d017,05838d97b4a3948e120c9fb440374691,delivered,2017-07-10 12:19:09,2017-07-10 12:30:16,2017-07-12 18:09:04,2017-07-26 00:39:30,2017-08-04 00:00:00
f935cc50d7d3a005676cd1093b419595,f19dd3335ad4682efcefd703e6cdcbce,delivered,2018-02-17 19:38:13,2018-02-17 19:50:28,2018-02-21 19:38:48,2018-03-06 14:39:45,2018-03-26 00:00:00
44417c7fef91b12260e05d70494875af,cb053d9f0655f7215f2f93ca31ffa428,delivered,2018-04-18 09:09:53,2018-04-18 09:30:26,2018-04-18 20:16:32,2018-04-26 19:51:45,2018-05-10 00:00:00
92c27ea1f64ba69eb0016fa7088034da,2dcc6320aa8ee5089a03d1d6c317380e,delivered,2017-09-18 22:09:13,2017-09-20 02:39:58,2017-09-20 18:13:50,2017-09-21 22:34:16,2017-09-28 00:00:00
446872ecf144444c683b8e2774cdf3e9,84484fb1df4af441d3c054c7e13ecc6e,delivered,2017-10-22 11:25:09,2017-10-22 11:45:21,2017-10-23 18:37:49,2017-11-08 21:08:49,2017-11-17 00:00:00
ec5b066bf2e617a5ab61082e77b3101d,efd1a20eb65041a60f9c8c74cb5fc7ba,delivered,2018-03-12 15:45:22,2018-03-13 15:48:18,2018-03-20 00:16:28,2018-04-05 18:24:25,2018-04-05 00:00:00
446c4ce86a1a5e91febd73e589af48be,a0e5d53655b9f400cffca490636e2fb6,delivered,2018-05-22 19:40:00,2018-05-22 19:57:30,2018-05-25 11:34:00,2018-06-06 17:13:21,2018-06-11 00:00:00
aae5882b35279b55f02104b5ff4a50da,6adecea406444e0411331085b2482889,delivered,2017-09-13 08:54:02,2017-09-15 02:26:05,2017-09-19 16:58:11,2017-09-26 18:32:08,2017-09-29 00:00:00
7b270b1ab0315fca4c97d938d9281b37,0c47b248d221de2c26aa1f823e15264c,delivered,2018-03-26 08:45:12,2018-03-26 09:07:16,2018-03-26 21:28:50,2018-04-11 13:11:48,2018-04-13 00:00:00
dc6a29077e547f5fe4377f251fd1c5d0,4fefa5680397eaaf3813a589b34ec0d2,delivered,2017-05-21 23:24:21,2017-05-23 03:32:30,2017-05-23 10:59:07,2017-06-02 15:08:57,2017-06-13 00:00:00
f29ed23870e462400821ca91606348a1,71188f24ebdbaa24c728be8cf2540500,delivered,2017-11-24 18:36:55,2017-11-26 18:32:53,2017-11-28 21:44:38,2017-12-13 18:53:11,2017-12-29 00:00:00
a54b6622315e2bf96c8f5656b0a9dd15,f661fbd1d54448ae61558371f7311adb,delivered,2018-01-01 18:15:03,2018-01-01 18:28:49,2018-01-02 16:19:26,2018-01-11 18:23:55,2018-01-18 00:00:00
ae9b0da4b0dbb82bcd874ea6c6d355cf,deb58e474a5ac6947195f5421ea7a7ef,delivered,2018-01-22 22:33:20,2018-01-22 22:55:39,2018-01-23 21:23:21,2018-01-30 14:56:39,2018-02-19 00:00:00
cdf01c636a3cfe009908584927de7e32,7898e022985aa27661bbe054a10b41c9,delivered,2018-01-12 16:56:41,2018-01-16 03:50:05,2018-01-19 02:44:27,2018-01-23 10:33:46,2018-02-06 00:00:00
0379c7b005e9be5439462ece4e356341,3d5851730e87c65aa5fc8e706c859c84,delivered,2018-02-21 10:52:51,2018-02-22 02:15:45,2018-02-24 12:52:53,2018-03-12 23:05:00,2018-03-20 00:00:00
72c243506754c2100a51831b0bc5f891,1297411dfdb6b4fc12bf489fb299be4f,delivered,2018-07-02 10:02:50,2018-07-02 10:15:46,2018-07-03 15:13:00,2018-07-06 21:34:31,2018-07-24 00:00:00
e68012ad88e7d6ba2e95112045faf3e3,ec5b7c2e69bc8d387c31867ce2eaa513,delivered,2017-10-13 18:25:38,2017-10-18 03:07:05,2017-10-19 18:57:32,2017-11-01 23:03:42,2017-11-07 00:00:00
e4a53fe147c7b6b2fbd68ebf30c48226,c9cf95d995585ecb83fe4a2cce42db5d,delivered,2017-07-21 12:28:34,2017-07-21 12:43:00,2017-07-28 20:32:46,2017-08-08 19:51:58,2017-08-16 00:00:00
52cf629e5ef49959ced57da932b097e1,d5a30795a1652243f4243f3435b8331a,delivered,2017-06-18 23:53:35,2017-06-19 00:50:22,2017-06-19 16:34:04,2017-06-29 14:55:57,2017-07-11 00:00:00
4a5470dfcf2368971425d5aa451cf3b9,164b2e68b56b3a3c524b71946bc521ed,delivered,2017-08-26 17:43:30,2017-08-26 17:55:09,2017-08-28 14:17:42,2017-09-05 14:49:04,2017-09-21 00:00:00
7bee7c0c13b6391df72bab5732501cf7,423a97d6fbfa789c5e5681ba953342c4,delivered,2018-02-19 14:45:06,2018-02-19 14:55:26,2018-02-20 19:15:22,2018-02-28 22:38:56,2018-03-09 00:00:00
a07d6a824e8ac93c9606f3311a30f462,75b47d5c8dd4b9975976a629071cefab,delivered,2017-09-22 08:21:55,2017-09-23 02:25:52,2017-09-25 19:57:26,2017-10-01 12:12:18,2017-10-20 00:00:00
c67c3abb81ee70788591ca1c2691a14e,28023eb9116ee98fd7c95e5cacb26023,delivered,2018-06-03 13:38:58,2018-06-03 13:55:08,2018-06-04 14:40:00,2018-06-14 00:08:46,2018-07-05 00:00:00
3dbc128d5a3af3b8a2560a67f42ff442,8574a86a2fa79fa51ed1c5eb8b8bef2f,delivered,2018-07-16 12:52:42,2018-07-16 13:05:09,2018-07-17 15:20:00,2018-07-20 19:09:19,2018-08-02 00:00:00
b23e48ed5d169b4b215211bc06e5119a,c8bf1d94f111d4a5375259bf4de0d358,delivered,2017-04-23 22:22:04,2017-04-25 08:02:23,2017-04-25 11:40:58,2017-05-05 12:33:32,2017-05-15 00:00:00
7f724def94965291ea5556ad34f72a3a,3223f721ba6af6d7361670b433dc004e,delivered,2017-10-26 15:34:49,2017-10-26 15:49:34,2017-11-01 20:34:56,2017-11-13 20:38:56,2017-11-21 00:00:00
e96316295f9dac5e936626ee32d3b05b,0a743c09fa3a7d168c0577b14d7c8d93,delivered,2018-05-03 18:54:48,2018-05-03 19:10:46,2018-05-08 14:45:00,2018-05-10 21:32:04,2018-05-16 00:00:00
c501e686e3c0455bf577703d3ccc86d8,cd99a4cb6f4d2e8342351bc978460e07,delivered,2018-03-06 02:27:21,2018-03-07 02:40:32,2018-03-07 22:43:09,2018-03-20 23:41:14,2018-03-22 00:00:00
9ec59f4b7951e9a65ffe723049bb8baa,96b019c51a65fa13726d6b48e65f096f,delivered,2017-12-25 18:06:20,2017-12-25 18:18:20,2017-12-27 23:13:01,2018-01-08 16:37:58,2018-01-23 00:00:00
10cba569b211fc1a21ffeb58e821b038,fad8d229ff3512c069a5b776952e9cd4,delivered,2017-11-26 20:44:04,2017-11-26 20:54:54,2017-11-28 17:41:43,2017-11-29 21:28:41,2017-12-11 00:00:00
f38e0a45ef125f0214a3edaa9ea48098,88f6fc71994589a43aa54a32115c7c97,delivered,2018-06-26 09:08:03,2018-06-28 02:15:51,2018-07-05 14:02:00,2018-07-11 01:40:50,2018-07-25 00:00:00
924482525801c274a1c8e5d4a2f15725,dc46fa85c061e77c72b5d5b870491ad0,delivered,2017-11-25 22:43:58,2017-11-25 22:54:03,2017-11-30 13:51:55,2017-12-06 23:58:56,2017-12-15 00:00:00
fafd2c21c936debfbe975488ded4667a,3f9eeec8455219ec26b9fa6a2c8e9014,delivered,2018-01-08 14:24:20,2018-01-08 14:36:24,2018-01-12 22:30:07,2018-01-22 19:08:45,2018-02-06 00:00:00
c4669e882068cc0ade2697ed2169326e,c576a1a325ba3b60368566f78dd51aa1,delivered,2017-01-24 21:44:24,2017-01-26 21:45:18,2017-01-30 11:40:14,2017-02-08 04:23:28,2017-03-21 00:00:00
97b91c745aa3a478f4e00df4c15069e6,64e05a5658e2a963d97952707f256a7a,delivered,2017-11-01 09:20:22,2017-11-01 12:45:49,2017-11-01 18:34:34,2017-11-08 19:56:59,2017-11-22 00:00:00
c49be9a11fd13933307cc6a19b03a895,a972623b3481cbfd95fa776b0067e554,delivered,2018-05-15 18:54:39,2018-05-17 03:16:13,2018-05-17 13:51:00,2018-06-06 13:27:44,2018-05-30 00:00:00
51c07a9a553558eb945063c1a7961098,d84edf9eeed1e74ba4e2629eccf8efa8,delivered,2017-03-27 19:52:13,2017-03-29 02:22:36,2017-03-29 13:30:47,2017-04-05 16:09:37,2017-05-04 00:00:00
7a1fb83313fbf2953563842fa9345dea,8ead4cc7c11cc79553ed86a165f665fc,delivered,2018-04-02 09:17:34,2018-04-02 09:30:28,2018-04-02 19:38:45,2018-04-18 13:21:50,2018-04-26 00:00:00
396cf83a5c0a10f81804e755cae565ab,66066f1de2d64e810cbaf862570d95f0,delivered,2018-01-05 09:35:05,2018-01-05 09:48:25,2018-01-05 21:07:51,2018-01-08 19:07:39,2018-01-29 00:00:00
11120c214b9f50a8c39dbeec8685db6b,e8a2dab1e442d28c1fe38085954fd5ee,delivered,2017-06-25 23:06:20,2017-06-25 23:22:50,2017-06-27 13:33:31,2017-07-05 12:14:31,2017-07-28 00:00:00
a8c82838d43738e226d64ee5240f3004,359f96dc9ce1e693327d4fe6060508eb,delivered,2017-10-26 00:45:04,2017-10-26 00:56:26,2017-10-27 17:47:57,2017-10-30 14:47:50,2017-11-08 00:00:00
dbbbc904081f8e928028432e2e3d7686,1d34ed25963d5aae4cf3d7f3a4cda173,canceled,2016-10-06 13:24:15,2016-10-07 10:16:33,,,2016-12-14 00:00:00
b2dff4323e2a36d0c147d1f883b3ab6e,2d7fc7e83eadf30376346852ca3719a7,delivered,2017-11-11 12:20:48,2017-11-11 12:30:51,2017-11-17 16:16:58,2017-11-22 22:49:36,2017-12-15 00:00:00
ea0aecca2de1f337e8a16c457f407eb3,65893fec38e42fb5882899f961989c9c,delivered,2018-03-01 15:34:44,2018-03-01 16:21:33,2018-03-02 22:33:56,2018-03-21 19:24:55,2018-03-19 00:00:00
33456509cc4acadce96036959e07ff84,484f08ad298fef0f4ea0edc43ba31e20,delivered,2018-01-03 11:47:25,2018-01-04 05:10:15,2018-01-11 19:37:09,2018-01-19 19:05:36,2018-02-06 00:00:00
e57742f8afd4fa79d5d6b11a85f9c64f,9cc370519577c55b9dfa3641b59df63a,delivered,2018-03-24 04:55:49,2018-03-24 11:48:06,2018-03-26 22:26:26,2018-04-03 19:41:39,2018-04-17 00:00:00
40d2a869f24d0fcaf5a569330470313d,213a706474bbd220212c4e9782b0346f,delivered,2017-06-05 16:00:54,2017-06-05 17:35:11,2017-06-06 15:06:32,2017-06-22 16:02:31,2017-06-19 00:00:00
8cf12a7b163c4225da01e9da10cce6fb,40bf3102840808fa829fe713524a8a13,delivered,2017-06-02 18:30:34,2017-06-03 14:30:13,2017-06-07 14:28:03,2017-06-14 13:13:49,2017-06-27 00:00:00
e6f93bd585302afc87091c7d85c21ffe,1e711e252c12c1ca4268a8b54d374e2e,delivered,2017-06-18 20:45:37,2017-06-18 21:03:46,2017-06-22 09:33:10,2017-07-13 20:51:59,2017-07-17 00:00:00
1daecbe2a13ab0881c418e978f1e08c1,b751fcae2274aac027b38ae2b7e8b009,delivered,2017-10-18 12:36:56,2017-10-18 12:49:41,2017-10-18 19:42:38,2017-10-19 15:32:12,2017-10-30 00:00:00
719312efa72d95b357250140f48b778f,1162e7dc369b967089d15a728f133289,delivered,2017-08-07 23:08:18,2017-08-08 00:40:19,2017-08-08 17:40:18,2017-08-16 16:04:12,2017-08-29 00:00:00
26b6a281b9bf31419ec8afa0e1deabca,398feac9dc3771f978377f0bfeedd600,delivered,2018-03-16 16:45:35,2018-03-16 17:09:24,2018-03-19 23:21:40,2018-03-29 18:47:07,2018-04-04 00:00:00
8a11d6c9768fa4f00f1243ebf56d268e,eae75372ee0e92b803fb660b32c6519f,delivered,2018-06-04 14:07:43,2018-06-04 14:31:33,2018-06-08 17:38:00,2018-06-09 14:18:44,2018-06-20 00:00:00
0008288aa423d2a3f00fcb17cd7d8719,2355af7c75e7c98b43a87b2a7f210dc5,delivered,2018-02-13 22:10:21,2018-02-15 03:55:52,2018-02-20 18:23:28,2018-02-26 13:55:22,2018-03-06 00:00:00
2a1c4654d546835fd2e3abee7f9e9761,4eed7d60861c8cacf8c11e5fa8ef1eed,delivered,2017-07-19 22:35:35,2017-07-19 22:45:15,2017-07-26 11:07:52,2017-08-04 20:40:26,2017-08-25 00:00:00
4de5fd2214f866d3b08daaad2a23a43b,56aaadf044875a37e12aa5344823d7fb,delivered,2018-02-05 15:45:21,2018-02-05 15:56:10,2018-02-06 17:38:37,2018-03-07 14:23:11,2018-03-09 00:00:00
d93ed72dc9abec13f2ad4ae2e531fada,9be67965f67f19522cda601a9a3719b1,delivered,2018-07-02 00:04:53,2018-07-03 00:10:45,2018-07-03 17:14:00,2018-07-06 11:28:41,2018-07-20 00:00:00
121766cf55ce1689e216b6d3c4e95c72,c3a998f9bf142fb0f745c8a7ada028f2,delivered,2017-11-24 15:15:42,2017-11-24 17:54:16,2017-11-28 21:06:59,2017-11-30 15:10:52,2017-12-11 00:00:00
9611397da79fc7abde6547d329ba3f33,908a17859ff430ff83afea6380f4b635,delivered,2017-03-14 16:21:55,2017-03-14 16:21:55,2017-03-15 10:33:19,2017-04-04 15:37:46,2017-04-18 00:00:00
4d4533e0d6931b2344cf5711561dd7fd,366aad4c0b88295f86ab74493e9dbfd6,delivered,2018-07-31 16:27:16,2018-07-31 17:30:57,2018-08-01 16:06:00,2018-08-09 14:28:50,2018-09-13 00:00:00
a0d3f54307b8ea12232f5036ed0346ce,3c61d153a0c28055d1a1b539c70108d0,delivered,2017-06-18 21:32:41,2017-06-19 21:25:16,2017-06-20 09:03:04,2017-06-26 15:16:57,2017-07-11 00:00:00
9588842b04b68104582a11aced293fa2,0accb2f17fab605eca8245890843e1c1,delivered,2018-06-26 14:13:45,2018-06-26 14:34:06,2018-06-26 15:00:00,2018-07-06 00:25:54,2018-07-31 00:00:00
5d0862ad3516f31d71f9f212647e0c31,9a13b939d0808694d9acb1e92b764049,delivered,2018-05-06 12:50:01,2018-05-06 13:09:58,2018-05-07 12:15:00,2018-05-22 16:03:40,2018-06-06 00:00:00
ade8acb24d7c09d93b8d4e9837309c05,4914885c2995408d33b78e8f8298566e,delivered,2017-07-06 19:44:56,2017-07-06 19:55:23,2017-07-10 20:13:52,2017-07-13 14:00:43,2017-07-26 00:00:00
3bb82ee5c8d4849ec722da99ba1bf228,fb01511a81dd51acff26ddbe5c376174,canceled,2017-11-23 13:33:14,2017-11-24 03:11:47,,,2017-12-13 00:00:00
e87543e4e7ef577c892735018fb134a8,2dbe31925b309a88d8d2de51d094bc24,delivered,2017-07-30 02:24:53,2017-07-30 02:43:21,2017-07-31 22:52:05,2017-08-04 18:19:04,2017-08-22 00:00:00
32d56cb1bbbd589167889e0c84057efe,ea11381089b8cdd67ac634b8e91546ac,delivered,2017-11-24 14:41:34,2017-11-24 16:52:56,2017-11-30 13:07:28,2017-12-09 15:54:00,2017-12-14 00:00:00
c124ca6c2e3c84647f8694c95abec68b,a17a4a79ff6a1a16306857dfbaeb21b0,delivered,2018-02-19 15:51:25,2018-02-21 07:15:36,2018-02-22 00:22:25,2018-04-13 15:52:04,2018-03-16 00:00:00
6df6e5a717575661689cad7b3828358a,3c63f8d42f00bdfbe5186b07386e73e0,delivered,2018-06-20 11:18:54,2018-06-21 04:36:20,2018-06-21 14:19:00,2018-06-29 15:26:29,2018-08-03 00:00:00
92e67541116c67957bc7f645536ca512,9dbb9441b35de00b391c94ca365dd088,delivered,2017-12-18 13:33:27,2017-12-18 14:55:27,2017-12-20 14:10:26,2017-12-21 18:44:20,2018-01-05 00:00:00
d17168fed59b987a3b0f2b7d2be18ca4,4d1f20af0db6b237f80717b8008fdac3,delivered,2017-03-17 04:13:12,2017-03-17 04:13:12,2017-03-24 11:10:16,2017-04-03 18:14:01,2017-04-18 00:00:00
b33ba27bcc778a34f2d46f4138302b14,4a9fe8175225354e0514f52d8f97c608,delivered,2018-03-22 16:59:33,2018-03-22 17:10:22,2018-03-26 20:32:11,2018-03-29 17:10:46,2018-04-23 00:00:00
a97a20383c7664aca72d666d1858be2a,4b9791411c5518591201a6e666a1162b,delivered,2018-08-06 14:43:21,2018-08-06 14:50:22,2018-08-07 14:53:00,2018-08-15 16:38:25,2018-08-17 00:00:00
4ad21bf3605a58ee53dacbad7ddae5b0,14cbf4389f8a8d726a69e3779b11b6fc,delivered,2018-03-06 15:43:14,2018-03-06 15:55:35,2018-03-12 14:36:52,2018-04-26 19:37:26,2018-03-28 00:00:00
c1827c984118c0142ad335addea61924,6c0118619d9e5a86188863d9933fd7ad,delivered,2017-05-29 17:41:38,2017-05-29 17:55:13,2017-05-30 13:02:14,2017-05-31 17:57:53,2017-06-09 00:00:00
e9d4e2e8fa496212d4d5d79d0b7863ba,f1a2a2f1b88f9571052233cc0764ab9f,delivered,2017-06-10 22:07:50,2017-06-10 22:22:33,2017-06-12 16:19:39,2017-06-19 20:44:01,2017-07-05 00:00:00
e147ca8da0685dd93cd1c619d1b776ac,473e95fa97e4514de9a2fe364bf4680f,delivered,2017-05-01 13:58:02,2017-05-01 14:05:15,2017-05-02 14:23:22,2017-05-17 08:53:51,2017-05-25 00:00:00
d46c64a5be9edab90a1d813f1ac69974,c7c245875ef8835fef4201a63210db72,delivered,2018-05-01 13:31:51,2018-05-01 13:55:14,2018-05-04 13:42:00,2018-05-10 16:32:08,2018-05-25 00:00:00
176ab7788ed5343b09c9c5442f613614,b80adce6a72fc096b80a540312a24a95,delivered,2017-05-29 23:18:24,2017-05-29 23:30:17,2017-05-31 08:29:46,2017-06-19 20:09:36,2017-07-03 00:00:00
b9a466084b46a9b6c6bbbfc102a6aa56,67f66b930ac10b87ed830918f36a4804,delivered,2018-06-21 14:48:47,2018-06-21 15:17:31,2018-06-22 18:42:00,2018-07-03 20:56:43,2018-07-04 00:00:00
f4454801db3daa7590e69cb94356174b,9ac98c144bf795926337a72f09227eca,delivered,2017-04-12 16:18:54,2017-04-12 16:30:15,2017-04-13 14:16:14,2017-05-02 15:11:24,2017-05-10 00:00:00
6b87abf6bcb0f682e0cc2809d921a778,6e9fe7caffbb72105af42923e0eba617,invoiced,2017-11-18 16:03:40,2017-11-18 16:15:29,,,2017-12-08 00:00:00
341279a01a590f7c1f08a7ba841d2161,b8f9f31975e15da84f4e5242ff8a9fbf,delivered,2018-05-06 15:28:11,2018-05-06 15:50:30,2018-05-07 15:28:00,2018-05-15 20:28:25,2018-05-30 00:00:00
53bc636566661ad70a488148ed95ec74,9356bf993586056659593d478d8e3e51,delivered,2018-01-04 23:32:00,2018-01-04 23:38:35,2018-01-05 22:24:20,2018-01-10 17:07:22,2018-02-08 00:00:00
ed92e8596b1e39671065510a4f5b0920,f37a14140ac3a8efbb4d2eab6585edb7,delivered,2018-02-20 10:45:22,2018-02-20 11:50:38,2018-03-07 19:58:53,2018-03-15 21:21:45,2018-03-14 00:00:00
ca225bf209f73268f4b3fcacf6d4b02e,31d752df31b1b2f7436f8304ce00f38b,delivered,2017-10-19 07:57:23,2017-10-19 08:14:13,2017-10-19 18:23:54,2017-11-20 22:11:44,2017-11-27 00:00:00
8db2fc638531a7cfacb4b905716ab6b7,6f22ea7756f7da98045431aef6258c01,delivered,2018-07-29 13:47:28,2018-07-29 14:04:33,2018-07-30 13:48:00,2018-08-02 17:34:56,2018-08-08 00:00:00
f081055ae08592af281a00c00547b689,545578257a7364d3f3e14f3ff67e7d5e,delivered,2017-06-25 07:38:32,2017-06-25 07:50:12,2017-06-26 16:32:45,2017-07-06 13:59:24,2017-07-27 00:00:00
5225e054c102b5a1d35f4741e8d6c718,ff8f73eac7282a36535b5deef7360ae2,delivered,2018-04-19 01:26:50,2018-04-19 01:51:46,2018-04-19 20:24:49,2018-05-08 22:15:36,2018-05-21 00:00:00
63523ca4619b9bf3e69631ca6a273e4f,79c37f22a1a04079311e56fd75bdc47f,delivered,2018-06-03 16:52:26,2018-06-03 17:10:47,2018-06-04 14:14:00,2018-06-19 16:03:58,2018-07-17 00:00:00
34eb48efa7e9b176505b9e6797f25a42,48056f086b5be2b2a1c6d64bcb1821ec,delivered,2018-08-02 22:42:49,2018-08-03 08:15:18,2018-08-15 14:10:00,2018-08-23 15:49:10,2018-08-24 00:00:00
d1ccdaa4ae7486e10616fe4956e7512f,79abc68702e3d0f4c1a2c717ebb8f08b,delivered,2017-10-08 22:32:49,2017-10-08 22:49:14,2017-10-09 15:52:01,2017-10-19 18:52:02,2017-11-17 00:00:00
55128b961e747e4f1cab023552fddfa0,52994c30c7cb9d776463cacaef4c028b,delivered,2017-11-24 10:57:09,2017-11-26 10:53:29,2017-11-28 18:04:34,2017-12-05 22:41:48,2017-12-14 00:00:00
2c0032906c603dcc21cd954828fa77d0,4afea82f984caa99c5946b758f101abd,canceled,2018-02-06 13:44:50,2018-02-06 15:55:40,2018-02-16 20:35:24,,2018-03-12 00:00:00
464a1b1092ddca5bd47cac2e7a0fa2ee,5008e2a68fe081931e75f999bc1e5a71,delivered,2017-06-06 18:08:32,2017-06-06 18:25:20,2017-06-07 11:23:03,2017-06-19 10:09:45,2017-06-30 00:00:00
e93b6da343b631fcee3f53e6182d96d8,7ed1c718dc71aae97088d02d4a739096,delivered,2017-06-19 16:31:52,2017-06-19 16:45:20,2017-06-22 14:56:50,2017-07-04 16:56:26,2017-07-19 00:00:00
ddcc0f4f6de9d30500e9e39e2127046d,3db0c6eafbcffcb0396fd03367e7d40b,delivered,2018-07-01 11:19:16,2018-07-01 11:30:26,2018-07-03 05:58:00,2018-07-12 20:04:18,2018-07-30 00:00:00
20d69c16639be3f1e32de06430505970,98df3101937a591f561c473bccf61168,delivered,2018-05-06 00:15:18,2018-05-06 00:30:34,2018-05-08 15:26:00,2018-05-17 21:38:32,2018-05-29 00:00:00
44a0eec1375288c11308ac7d16892f6f,8ff225b239f3603804f4ba37c225e2dc,delivered,2017-10-10 15:14:12,2017-10-10 15:49:21,2017-10-11 22:35:46,2017-10-16 22:33:29,2017-10-23 00:00:00
5608ac7a2d4918bf9d1d1ee11fd5dab3,62a53dcfca6c289c7c7f1639b09f75e6,delivered,2017-03-18 14:59:50,2017-03-18 14:59:50,2017-03-22 09:37:36,2017-03-27 15:23:36,2017-04-10 00:00:00
639136e1c9d70479de8dfa922ad2cf85,d5d7f12b19b0b32a56d05d5976865d07,delivered,2018-01-13 15:50:09,2018-01-16 03:35:29,2018-01-22 22:43:08,2018-02-08 12:41:39,2018-02-08 00:00:00
af922ed57b4035c102a373ebdf34dbbb,7623e68f8fc6d03858171f8ee5d78ea3,delivered,2017-11-25 11:08:03,2017-11-28 03:20:58,2017-11-28 19:39:24,2017-11-29 23:36:24,2017-12-11 00:00:00
48d0743a0fada1538932ea0879c7cc2d,01f96fafaa1d1e365ad47f54fba4c106,delivered,2018-01-12 00:18:55,2018-01-13 02:09:39,2018-01-25 15:32:42,2018-02-02 22:26:42,2018-03-05 00:00:00
4ad3c4a5d22d7d873f7fa8ba7ef86c9f,f3da27f81cb6cfca00032445c8e7a023,delivered,2017-02-13 19:31:49,2017-02-13 19:43:02,2017-02-21 14:37:55,2017-03-04 09:33:46,2017-03-24 00:00:00
84d1b2c4bcd6e1ea29456bedb6b6530b,59cc3f57e343e37c2f7bef644fe6256a,delivered,2018-07-23 11:36:19,2018-07-23 14:30:51,2018-07-26 13:39:00,2018-07-27 20:10:37,2018-08-02 00:00:00
226e16e7eb6dcefe180d80127468de8b,1063de5cc98f570e53eccb32723746e2,delivered,2017-12-06 16:52:25,2017-12-06 17:13:09,2017-12-07 19:41:35,2017-12-28 21:48:58,2018-01-08 00:00:00
0cd10c551ff0a0d5c0e5839bfb766219,56efca4fe3df70756383cee8ed1eb77f,delivered,2017-04-16 21:48:46,2017-04-16 22:01:54,2017-04-17 10:44:08,2017-05-22 15:16:02,2017-05-22 00:00:00
d9051ab12fdf0e2a51a56872d74e91d2,d0fbdcf740e3fed9ef3386ba948f0a1d,delivered,2017-04-25 20:11:09,2017-04-26 09:32:53,2017-04-26 21:46:45,2017-05-02 22:39:36,2017-05-16 00:00:00
9cf87e3ae70cd0293f458ffa3e531edb,9ba2e6e771a5ff811ebbba993f2b9f6c,delivered,2017-12-09 00:28:01,2017-12-09 00:36:26,2017-12-12 22:21:37,2017-12-21 22:13:05,2018-01-15 00:00:00
e7db8e72d33cbb4d2898d27b0310c124,e9788089e15b55ddf13b113625bee049,delivered,2018-05-14 12:05:22,2018-05-14 12:39:45,2018-05-21 16:38:00,2018-05-23 20:04:19,2018-06-04 00:00:00
d9d03f41e88939132de73e791e11face,85917e8f0e7c1df21b19111dbe27bcfb,delivered,2017-12-16 19:52:20,2017-12-16 20:13:12,2017-12-18 17:39:36,2018-01-03 21:15:13,2018-01-22 00:00:00
6fdf3a3b43dc38614dd0a089582edad0,28791c94579a4d9701f4c05e6c5f87de,delivered,2017-08-02 10:38:47,2017-08-02 10:50:33,2017-08-03 18:59:54,2017-08-15 19:39:30,2017-09-06 00:00:00
604e352bcd3bb9d8932aebf18bc2891d,dc1d2a3775e7594df178743d90b21085,delivered,2017-11-24 19:50:20,2017-11-24 22:59:37,2017-11-28 20:08:06,2018-01-08 22:26:35,2017-12-14 00:00:00
195305c593eb46e44d1b40e9fc9b99bb,5ab696699d0dd980f653aa7ff7f4242a,delivered,2018-01-14 20:48:36,2018-01-16 03:34:49,2018-01-19 15:25:35,2018-01-24 20:46:38,2018-02-06 00:00:00
e43a94e0ef58ee8b2507c9176c7581d1,531c41b42011d927b9633c2453916289,delivered,2017-08-18 13:12:10,2017-08-19 02:15:59,2017-08-21 21:29:58,2017-09-01 16:26:33,2017-09-14 00:00:00
b1321fb5bfd83cdb2ee746991c919284,e2cae284d5ec8553a7c4448791bc12c0,delivered,2018-05-18 06:47:11,2018-05-18 07:16:29,2018-05-21 08:42:00,2018-05-23 21:26:57,2018-06-01 00:00:00
2890d3fdedd4ebbfddbff344d0c11ac6,94539db12c46bcec8a87e6a805fe9c64,delivered,2018-02-05 17:26:27,2018-02-05 17:49:57,2018-02-06 21:07:48,2018-02-19 23:59:16,2018-03-01 00:00:00
f9d9904f1f957c0fd0bf82dc3568936b,91694ff681d33e1a57cbb4bc22f3342e,delivered,2018-04-30 13:40:10,2018-05-01 05:13:57,2018-05-02 14:27:00,2018-05-28 19:22:19,2018-06-05 00:00:00
0a8e3f635501e67cdbd29e6ae3bda9ba,1fd4a332e216fd1e99eb42d6f6d49084,delivered,2018-03-12 14:18:38,2018-03-12 15:01:09,2018-03-13 18:21:38,2018-03-21 20:12:15,2018-04-12 00:00:00
00af53fdc2002f5b6a8f16db648e003b,b1517b4078772e718a46e03f9ea9321f,delivered,2017-06-20 15:00:00,2017-06-20 15:15:17,2017-06-23 12:15:50,2017-07-03 14:59:32,2017-07-10 00:00:00
b13a04ec39b8bcf8de9bd5626347937b,dad85e29ed30f2fc07cda5b61dc598e2,delivered,2018-07-25 23:58:25,2018-07-26 23:55:17,2018-07-30 14:01:00,2018-08-03 00:12:00,2018-08-10 00:00:00
0912c75b2f7561be5da7aee13e0150a2,7801e6f89ef28e7c965f135c0f6164c6,delivered,2017-09-15 13:29:16,2017-09-15 13:44:12,2017-09-15 20:45:02,2017-09-18 16:43:41,2017-09-27 00:00:00
938d0d5452caf9c7ded66459c9440bcf,3dc736f9d972f528c1e5ac71b95ea81f,delivered,2018-03-04 17:35:02,2018-03-04 17:50:25,2018-03-07 20:08:02,2018-03-16 22:42:08,2018-03-22 00:00:00
2bf01051ff9e5195111fd7ffaf865240,bfcde53e4fc9b102273906be1a94f9fd,delivered,2018-07-23 08:36:36,2018-07-25 02:35:11,2018-07-25 12:28:00,2018-07-28 20:24:31,2018-08-13 00:00:00
43f1e09fdc2d9408219725438e09622f,2019141aafc9ca97502315c6c732652c,delivered,2017-08-13 12:18:00,2017-08-15 03:45:29,2017-08-17 20:43:27,2017-08-18 19:22:14,2017-08-25 00:00:00
36d66e5aaee3603567da9352fb165017,e9bb27853a5057de3a8e946aaf6d0e7a,delivered,2017-12-11 06:17:04,2017-12-11 06:32:54,2017-12-11 17:02:56,2017-12-18 23:34:49,2018-01-12 00:00:00
62e138c8749daff0e0074cd937a0886d,0b00e3566d4632a86df327b4b9f4fc28,delivered,2018-03-11 19:24:28,2018-03-11 19:35:49,2018-03-13 16:47:28,2018-03-19 18:46:35,2018-03-22 00:00:00
7a597d514c0c2d8a5c87e7ba10da41a4,dcfe8ea93ffd6becca5b0ab2aa6d2f45,delivered,2017-03-27 09:54:08,2017-03-27 10:05:16,2017-03-27 15:54:24,2017-04-03 15:00:02,2017-04-19 00:00:00
622db91c93396e938ca004d8303dba6c,65d4984642f5c0ef4e7747e71578fdb8,delivered,2018-07-08 16:16:48,2018-07-08 16:30:30,2018-07-10 13:58:00,2018-07-11 19:06:58,2018-07-19 00:00:00
118ec9ddef528c64a545169b898e7699,7002324a84090313fb63b8d372fca9a6,delivered,2017-07-04 18:51:25,2017-07-05 19:23:13,2017-07-06 15:41:24,2017-07-12 17:04:06,2017-07-28 00:00:00
87ef789179736a942af20c37ae5f53a8,1197cb588d4f4fe1169b633a1d525ee6,delivered,2017-11-24 23:18:14,2017-11-26 23:14:28,2017-11-28 22:54:21,2017-12-11 15:15:24,2017-12-26 00:00:00
7c6ec62853ed4bfdf8a5fbb484643a53,19cd87311be087cf0a583fa886e4cb48,delivered,2017-09-15 13:47:43,2017-09-15 13:55:23,2017-09-18 20:54:33,2017-09-25 14:28:25,2017-10-03 00:00:00
91eb85a4fdcbd07896c81aeae1bd73c9,af2fe4a8ee5dd8b18572cd2af86b6775,delivered,2018-03-06 20:26:15,2018-03-06 20:35:28,2018-03-12 23:14:45,2018-03-20 17:07:52,2018-03-29 00:00:00
3a7763a8b66b496ef5253606f9a09110,a315cd43cd43a1eb3c0f4d21d65f6628,delivered,2018-07-15 15:23:29,2018-07-15 15:43:57,2018-07-20 13:41:00,2018-07-31 21:47:29,2018-08-16 00:00:00
99ad7a7b313b87dfd41521dc1f70b657,a53de69a0d2c8024d91d0605c9cc32fe,delivered,2018-01-13 19:32:45,2018-01-16 03:51:16,2018-01-16 23:31:51,2018-01-29 17:22:49,2018-02-14 00:00:00
677d63db4ed19c9c72226586219f5932,8abb33c08bdc30fb47a63c25da22395d,delivered,2018-08-08 17:58:36,2018-08-08 18:15:25,2018-08-13 09:24:00,2018-08-16 14:04:51,2018-08-28 00:00:00
df49de84ab3bc9177615784feba35c12,5b40ee158c068bf21a34d6d5103e2e1d,delivered,2017-10-20 17:13:33,2017-10-20 17:28:19,2017-10-23 17:41:33,2017-11-08 22:03:13,2017-11-16 00:00:00
51a6c901712ba9639464fa07a52b4fa2,3a96280db571ee2cd795421518e3fe66,delivered,2018-07-26 13:30:49,2018-07-26 14:05:59,2018-07-26 15:40:00,2018-07-27 20:42:17,2018-08-03 00:00:00
d4a3bd4ef8590f7923183b70e32326d8,2e4c61c8412f1c8b55f781b21f780eb6,delivered,2017-03-28 11:37:31,2017-03-30 02:05:11,2017-04-04 13:54:39,2017-04-10 09:05:28,2017-04-17 00:00:00
b37e66984bc386101154f129feee1830,beb3b8c698621119108ad626f35185a6,delivered,2017-12-22 21:05:10,2017-12-22 21:12:31,2017-12-28 18:53:45,2018-01-08 16:29:12,2018-01-12 00:00:00
9c189719238fa8362d800885b2b784ad,70ec9d1425dd3e76bde43d38ca160b44,delivered,2018-05-02 22:01:49,2018-05-02 22:35:02,2018-05-03 12:26:00,2018-05-09 11:32:32,2018-05-28 00:00:00
a3cb58e90cf80632c56dc079eb734dcf,43b9948328d8612fc90f4101fd2487db,delivered,2018-01-19 16:34:44,2018-01-19 16:59:51,2018-01-23 13:18:56,2018-01-30 22:46:40,2018-02-15 00:00:00
e05c5dd39353fdd625c7896938767124,4c0be602a250af7593855a59896dffd4,delivered,2017-04-28 18:29:29,2017-04-28 18:43:11,2017-05-03 09:52:50,2017-05-12 15:08:52,2017-06-02 00:00:00
cd239f71675e9f51850ea7da61cc3e6d,c845713d8afe69acf1d0cbd266002a61,delivered,2018-06-16 13:42:48,2018-06-16 13:59:40,2018-06-18 13:51:00,2018-06-25 17:18:49,2018-07-18 00:00:00
3777fdee1e90e53636623e02ecccc4ba,c3e6e65c01103f03018dee6e9ba6b914,delivered,2018-07-08 02:34:52,2018-07-08 02:45:29,2018-07-10 13:59:00,2018-07-11 14:38:36,2018-07-19 00:00:00
6a29f292d5b7ce8ed3760e8480da5f55,f01b83934eef46cde6b154916592bb15,delivered,2018-08-16 18:45:12,2018-08-17 18:49:53,2018-08-21 14:20:00,2018-08-28 10:05:22,2018-09-06 00:00:00
d04eab35da4dc8a5fbab6771c0a8b517,ad7c1f0f24e5bd4681a7646641714f81,delivered,2017-03-19 19:08:57,2017-03-19 19:08:57,2017-03-20 13:14:27,2017-03-27 13:23:09,2017-04-13 00:00:00
db8f0ba38db1ec3fb5eccef40cad82a7,61c2616d4993655c24b0ff0a7d400fd6,delivered,2017-08-05 13:38:08,2017-08-06 13:45:14,2017-08-09 15:12:44,2017-08-11 20:28:48,2017-08-25 00:00:00
438a2e6f8c015ee413fa7c74b72db18c,d78f0bb6190a233536ac5258b79d6d80,delivered,2017-09-22 11:12:47,2017-09-22 11:35:26,2017-09-22 20:24:37,2017-10-02 18:58:43,2017-10-20 00:00:00
b7e435738b0ea12306ffc33a2896a57f,07f6fb547bb1a375e6aa04a39a87bf2c,delivered,2017-06-27 11:42:48,2017-06-28 02:45:25,2017-06-28 13:07:39,2017-07-05 15:26:52,2017-07-19 00:00:00
13b1842c7e0b9a22f8787450f137e66e,f051af5319b6968fe90ae56977a50904,delivered,2018-02-15 14:20:42,2018-02-15 15:00:28,2018-02-16 22:13:44,2018-03-14 17:26:36,2018-03-12 00:00:00
d83ba33f7128e7d87dd7709a58cd0a2e,13d59c6ead53d39448b8b13ea1d2b122,delivered,2017-11-04 11:31:59,2017-11-04 11:45:51,2017-11-09 16:09:41,2017-11-13 20:09:37,2017-11-24 00:00:00
4671913802b0033db963ffec94dc5bbe,2fbb1dc09b82bb0a01e11533cc9fd1c3,delivered,2017-12-22 00:08:04,2017-12-22 00:30:30,2017-12-22 17:53:39,2018-01-29 11:52:01,2018-01-24 00:00:00
67f2c83aa137c06c89e1dc2a057d0140,4bd68cbab903de02b182d59b5ddedcff,delivered,2017-11-07 22:34:43,2017-11-07 22:50:35,2017-11-08 19:46:24,2017-11-14 18:21:36,2017-12-07 00:00:00
a48d1847b9de39cb523844ada267fc24,f0faa07436479fef2e7adad085956bfa,delivered,2018-05-15 12:35:30,2018-05-15 12:54:41,2018-05-15 13:33:00,2018-05-21 21:04:10,2018-06-04 00:00:00
d743f434cc2921729af830ce00d474b3,407136bd5649e73981dce394b201897d,delivered,2016-10-06 13:02:32,2016-10-06 16:00:00,2016-10-15 12:24:13,2016-10-24 18:13:49,2016-11-30 00:00:00
2b17fef707bc0247c11ec3eb00298daa,4d28e68a0eb49542446298648e3b0307,delivered,2018-04-03 19:22:05,2018-04-03 19:35:15,2018-04-04 20:21:56,2018-04-30 21:47:29,2018-05-10 00:00:00
161dded9453a3c4d5b6fd484128249a3,90452d352349254ec634a77c0730f087,delivered,2018-07-25 16:21:06,2018-07-26 09:04:38,2018-07-26 12:03:00,2018-08-08 00:17:52,2018-08-31 00:00:00
2d30cd6616e35533e19dddc672fe00e1,4878b01beae3a3c771921b367ce4c239,delivered,2017-02-26 23:08:40,2017-02-26 23:21:53,2017-03-01 15:51:29,2017-03-08 20:45:54,2017-03-20 00:00:00
b4144d953b8c6d7162a57684476ef5d1,0f5d054e91fc747b50ee9569bad52911,delivered,2017-06-20 09:06:23,2017-06-20 09:23:44,2017-06-21 10:30:39,2017-06-28 15:19:51,2017-07-14 00:00:00
837cd2125d69712e32915f1617ff6922,ec43d3442220076afca1be446fea1eca,delivered,2017-09-13 20:11:28,2017-09-13 20:25:09,2017-09-14 18:55:47,2017-09-15 21:32:52,2017-09-25 00:00:00
b9c7e6ae0060bbf1898ea61f765ca121,fc7dbe1ba57ec488749cf677f3530fa6,delivered,2017-07-02 21:18:48,2017-07-02 21:30:16,2017-07-04 16:12:10,2017-07-07 19:17:49,2017-07-21 00:00:00
30b2ad103e6982881929c367f930ab29,3e7a71c05142242bac01cc51841abb3b,delivered,2018-08-09 12:16:52,2018-08-09 16:05:18,2018-08-10 12:55:00,2018-08-14 02:36:43,2018-09-06 00:00:00
3395f0e2fca688abae0a09d15ff5ca75,50cca41b3dd8f549a48fdf0dde78a032,delivered,2018-03-06 10:52:31,2018-03-06 11:15:33,2018-03-06 22:16:28,2018-04-10 00:47:50,2018-04-06 00:00:00
e9bde689f1c05f781a5601e6a9fe7e9f,3f0196c366d5b397e737549151e9a73b,delivered,2017-03-23 12:53:02,2017-03-24 02:44:03,2017-03-24 14:28:08,2017-03-29 18:08:36,2017-04-11 00:00:00
f6d2c5eb0b39fd69a64eb7c65a15ea2e,4da9032129660a890e3cd348e2c6fa6e,delivered,2018-06-13 11:25:49,2018-06-13 12:32:19,2018-06-14 14:30:00,2018-06-18 21:18:41,2018-07-12 00:00:00
13b18839db628ad38aab7490078a213e,701b88b76d7f6a5aaad9ad02617f0a4c,delivered,2017-12-03 16:35:01,2017-12-03 16:53:41,2017-12-07 17:43:44,2017-12-18 19:48:34,2017-12-28 00:00:00
ebe034eebbc469b11fd6836b190dc42a,c203a97308ffc93619d4ad4b704f2702,delivered,2017-09-19 10:50:18,2017-09-19 11:15:19,2017-09-19 17:26:19,2017-09-21 17:33:57,2017-10-05 00:00:00
19cb995d1cf31c1a9c3d00b9f9e7e5e3,e866e56b8955149995c343f2253bd328,delivered,2018-07-01 23:09:43,2018-07-01 23:29:53,2018-07-03 16:04:00,2018-07-11 01:32:55,2018-07-20 00:00:00
8b31141d6a9f3bb71baa36281157a9a8,99ef70ecdfc7f7d28ea4c3538df4e84b,delivered,2018-01-05 13:47:50,2018-01-05 13:58:24,2018-01-05 21:33:59,2018-01-10 22:21:00,2018-01-30 00:00:00
9170186c3e28b22507dbc91c0da211ef,9e375ead403424ba7ac54ae2e953851d,delivered,2018-07-18 17:51:09,2018-07-18 18:05:16,2018-07-19 13:52:00,2018-07-24 00:05:08,2018-07-27 00:00:00
c0bac39bc73eb88d7fe4e9d378d0b64d,d7db2b55963af1f991a5eadf582b2595,delivered,2017-12-17 23:41:21,2017-12-18 00:51:29,2017-12-18 19:57:18,2018-01-10 22:29:26,2018-01-23 00:00:00
4f4648dfa78caa119b66bd224242c826,fd14516347b4ee22f391dace093d2edb,delivered,2018-07-01 21:10:05,2018-07-01 21:29:48,2018-07-03 05:13:00,2018-07-11 18:48:30,2018-07-27 00:00:00
bb0d79335145208b9dc833ad7edb99fd,898b7b4688e2cbeb852cc0f920a5e7d9,delivered,2017-07-03 10:26:22,2017-07-04 03:45:29,2017-07-04 14:45:26,2017-07-10 19:11:49,2017-07-25 00:00:00
7c24ba395c0e8eedbf5458052dc2bba3,973a095ac6445800bef55d1c7f07494d,delivered,2017-07-27 12:51:57,2017-07-27 13:05:17,2017-07-27 18:51:54,2017-07-28 16:02:43,2017-08-09 00:00:00
3470f42b0d1926ac00e22576799ba066,803250646f6d79eabbcc05a8887b06e7,delivered,2017-08-30 10:56:22,2017-08-30 11:10:15,2017-08-30 21:16:18,2017-09-08 17:33:00,2017-09-21 00:00:00
d1e95c31279e7136834ea9d9e84e2fc0,a3972de18e54ad11c4986cbe71d499cf,delivered,2017-11-05 18:19:24,2017-11-07 07:30:48,2017-11-07 18:36:56,2017-11-23 21:51:29,2017-12-01 00:00:00
9e9fa777a621d6cf7611de7eb6a4df00,dc1f0b6f740db58beb6598d5c4e9941e,delivered,2018-01-08 17:06:10,2018-01-08 17:18:31,2018-01-09 18:29:50,2018-01-26 20:51:46,2018-02-01 00:00:00
74cd3a4e24efd2638854071049e97031,51ce1b48f52541bc75e18964cff67eab,delivered,2018-06-15 23:12:45,2018-06-15 23:39:17,2018-06-21 09:58:00,2018-06-27 00:14:32,2018-08-02 00:00:00
df27ac36ffce8f04eece07bc9c3fbe29,86839fd785a7f76763768b5ff37c2c99,delivered,2018-03-31 18:11:06,2018-03-31 18:27:12,2018-04-02 22:58:51,2018-04-04 17:36:45,2018-04-18 00:00:00
015dd4d6681d1d15c0afebef64a0a092,9092217b4f4aa4cd1dcf5f196ccfd617,delivered,2017-11-07 21:29:02,2017-11-07 21:52:25,2017-11-08 21:24:48,2017-11-09 18:12:26,2017-11-21 00:00:00
00f1c7c1542f5f86c3091749d9e939d8,ac99113c54549df0dffec419b6cb19a4,delivered,2017-12-15 23:25:04,2017-12-19 09:51:42,2017-12-20 20:28:48,2017-12-26 18:14:27,2018-01-15 00:00:00
2942d9a01a44f073aeff5f1a68e8761e,09fcda7c9853505b4e80801a1dccb90c,delivered,2018-03-29 10:05:18,2018-03-29 10:27:49,2018-04-09 23:23:28,2018-05-22 12:59:03,2018-04-30 00:00:00
c3305fed995a73b166f39c89a3a5bd6b,a042b81fe11690a504f2c622d3e5a3eb,delivered,2018-07-06 13:46:45,2018-07-06 14:11:07,2018-07-09 15:57:00,2018-07-11 20:12:35,2018-08-02 00:00:00
0d8c1bd2c188fdd39a427dbdfab75396,fd046687d5e089be621de9d1965e7ead,delivered,2017-05-30 21:11:54,2017-06-01 04:05:20,2017-06-02 15:43:32,2017-06-13 13:26:20,2017-06-22 00:00:00
a1c10d4db407a2410fab2bb47c013f23,eec1d4932b6a3ccf5df8af6e5dff6dab,delivered,2018-01-05 11:39:55,2018-01-05 11:51:31,2018-01-08 10:48:01,2018-01-24 23:44:19,2018-02-05 00:00:00
c496970811b313659dbbcfd57ffd1b42,bd7e4adf6e77f5253a23a8b3290b19eb,delivered,2018-02-11 19:31:44,2018-02-11 19:50:25,2018-02-14 22:58:44,2018-03-14 00:46:43,2018-03-08 00:00:00
e6fdd5628869deef14230ee582a7a4c0,cc30c4d31f388b357fe459a4f8c58139,delivered,2017-04-16 13:51:42,2017-04-16 14:01:40,2017-04-17 15:44:01,2017-05-02 15:34:55,2017-05-22 00:00:00
5bb2ac7aebe3947d94881867c1bb4056,f7092f992a8e74e9599d32afb7aa2e06,delivered,2018-02-06 10:25:21,2018-02-08 07:35:40,2018-02-14 10:56:56,2018-03-01 17:22:33,2018-03-12 00:00:00
55d56409f0dbe0e3681f5a486ae0cce1,45d40275f2be030c1ea7198a16a53e67,delivered,2018-04-16 16:54:21,2018-04-16 18:15:37,2018-04-17 21:42:40,2018-04-24 20:44:49,2018-05-17 00:00:00
3454a64b94a71420a518187d8f96b47d,6ba7779e884648eb9bb1ed9dbc7787da,delivered,2018-04-17 11:14:47,2018-04-17 12:15:35,2018-04-18 21:04:40,2018-04-20 13:42:49,2018-05-02 00:00:00
b37a5129b6b810de3ce444dfd468800a,d4b35441f4b18203f538be1b63075774,delivered,2017-11-13 11:05:06,2017-11-13 11:15:39,2017-11-17 23:29:50,2017-11-23 18:56:46,2017-12-08 00:00:00
d8da851ab137ba5e72352b665d2ea6e8,cba7ef1db31a62fea445eea562f921ee,delivered,2018-05-21 23:50:13,2018-05-22 03:15:27,2018-05-23 12:55:00,2018-05-24 20:31:49,2018-05-29 00:00:00
e93690500bf371825b01507b94cf8326,85a8dc5070c4854a76d63086a1bf6792,delivered,2017-11-26 23:06:02,2017-11-28 03:46:29,2017-11-28 15:41:42,2017-12-12 20:07:14,2017-12-26 00:00:00
ec073f2bd759729986c0da65f688ddc8,35b1b59124f9309cc311d0e040cb90a4,delivered,2018-02-19 19:16:21,2018-02-19 20:15:31,2018-02-20 21:13:55,2018-03-02 18:07:19,2018-03-14 00:00:00
36496983bcef05ef8cf855bbcf5d23ab,cbb8cc5d78799d889be9031df33c30dd,delivered,2018-03-09 11:28:21,2018-03-10 03:48:47,2018-03-13 19:34:36,2018-03-26 19:44:42,2018-04-04 00:00:00
969d4417af042f4e8bb879f49e51b447,82fca30ab6707639ce97436fbcf1b15e,delivered,2017-05-18 08:40:01,2017-05-18 08:50:14,2017-05-18 13:20:19,2017-05-25 12:23:26,2017-06-07 00:00:00
fd2af1836362513c249c7ae85941141f,5443a1b6298d7e4608e7bb7f9220102f,delivered,2018-02-17 23:43:05,2018-02-17 23:50:31,2018-02-19 23:39:14,2018-03-03 12:36:55,2018-03-19 00:00:00
c7e28ed999d9c8bb8768db0e1345ece1,38b28cb6f5148dac5132ae1c21451c6a,delivered,2018-04-01 22:22:53,2018-04-01 23:08:39,2018-04-03 02:26:50,2018-04-08 19:38:38,2018-04-25 00:00:00
52ddc3eadd46c7e307948af912acc3ed,b5cf26837dd524ac1226c4bc309b26de,delivered,2018-04-14 14:59:46,2018-04-14 15:15:17,2018-04-16 18:08:30,2018-04-26 19:18:31,2018-05-22 00:00:00
5dec867c649c22f1fb46168c96488ba7,e7c17bd4072a0556af2d8fddcad5ab94,invoiced,2017-08-30 10:13:01,2017-09-01 02:24:47,,,2017-09-13 00:00:00
418bb287b39de72ba4ec49a79fd47143,94fa4c3814c097aa78f9924520d65f3e,delivered,2017-11-20 14:47:46,2017-11-20 14:55:52,2017-11-22 14:07:26,2017-11-27 22:48:43,2017-12-14 00:00:00
71c62b09517904ad3d421858168363ac,358b317a8f7feecb0904e6cffb3b44dd,delivered,2018-02-08 11:40:49,2018-02-09 11:30:37,2018-02-09 23:48:47,2018-02-26 18:24:42,2018-03-16 00:00:00
2b870c394b01b5819a2df099f224b1cf,37f43a03235c538c8eff853b7101996a,delivered,2018-08-10 13:58:26,2018-08-10 14:15:13,2018-08-13 14:31:00,2018-08-23 11:58:41,2018-09-04 00:00:00
4493e45e7ca1084efcd38ddebf174dda,a1fa003a1a17fc47164251e0e85034f7,delivered,2017-07-11 20:56:34,2017-07-13 02:55:24,2017-07-14 20:49:34,2017-08-14 21:37:08,2017-08-14 00:00:00
7892239c80bff3601c4d78e1e57e6a61,4dfa0728c93bdd9d14c0ac3d52a3fc97,shipped,2017-05-12 19:53:28,2017-05-12 20:05:10,2017-05-15 09:10:48,,2017-06-01 00:00:00
ed71a9aee36ef0c221b57bde3a044f6c,fb00fcec2e41b08e44dac5629abfed29,delivered,2018-02-17 13:33:18,2018-02-17 13:46:38,2018-02-20 15:12:31,2018-03-05 20:56:43,2018-03-13 00:00:00
7eff82e591eb71184b50c3dfbfc7fd45,ca825b3898a4679cb0b6be754c778310,delivered,2018-04-25 07:16:14,2018-04-27 03:51:07,2018-05-03 19:06:00,2018-05-08 19:21:22,2018-05-04 00:00:00
0a629239073738043764cd721c8ab2da,1e8e8e0bd7a6523848511a4f8359f8b5,delivered,2018-06-16 11:32:25,2018-06-16 12:00:19,2018-06-18 14:09:00,2018-06-22 01:12:36,2018-07-05 00:00:00
0bcc7fc2fefd4ebca3cdcf34288f9026,8923186c52dddf7148df8811d43c0fed,delivered,2017-11-26 00:47:01,2017-11-26 00:58:29,2017-12-04 22:07:58,2017-12-28 19:28:00,2017-12-15 00:00:00
4ce809baf1b96894592348ee63179754,1ee3f2411ad5097d580f5d8bbf3cd63f,delivered,2018-04-24 13:05:47,2018-04-24 17:23:08,2018-04-26 13:51:00,2018-05-05 13:51:45,2018-05-17 00:00:00
1111ae8786d1dd62967c733d41fa4bb3,210370103d5af0d119b9871c0b4435db,delivered,2017-10-20 16:57:49,2017-10-21 03:07:39,2017-10-24 16:51:44,2017-10-27 16:12:41,2017-11-13 00:00:00
f53a7ea7fd8dd95811fd2035733baf9e,c02f2c46944ac7911ae65033aea15c86,processing,2017-06-17 22:46:24,2017-06-17 22:55:14,,,2017-07-14 00:00:00
5fd251a8f350fdd3985d81dcd0c2674b,9b1a48717126bdc8e50629b877339de6,delivered,2017-03-21 10:27:22,2017-03-21 10:27:22,2017-03-21 12:52:17,2017-03-29 09:16:50,2017-04-11 00:00:00
4b08bf2c9627241e09f00f6df0a4deb5,7fbb366983e4f58b78aa290785a1b9dc,delivered,2018-04-23 11:42:04,2018-04-24 19:04:32,2018-04-25 12:09:00,2018-05-04 00:47:32,2018-05-15 00:00:00
968cb5ac821d8c165eb1bec7d47eede2,27cc322bb85700e18e5797045540d347,delivered,2018-05-15 21:18:57,2018-05-15 21:35:47,2018-05-16 10:45:00,2018-06-04 21:33:18,2018-06-11 00:00:00
b266a615d9ff23b8e03709df89329b1a,a3f879655651f95e2875ded95d2fa772,delivered,2018-05-16 12:04:37,2018-05-16 12:15:19,2018-05-16 14:43:00,2018-05-17 12:48:39,2018-06-05 00:00:00
3ce7418ccb9af136b4937f069601ab2f,d19f5d4c827148a50249b4d6f0e8d368,delivered,2018-06-14 21:55:17,2018-06-14 22:16:30,2018-06-15 14:00:00,2018-07-03 16:07:59,2018-07-18 00:00:00
4fc72988165ca65c53de230e436b1073,8276cb02ce893d6478b503ae76c4302b,delivered,2018-03-31 19:45:37,2018-03-31 19:55:20,2018-04-05 17:22:26,2018-04-07 15:15:46,2018-04-12 00:00:00
c293b8a02fef81d298f358a9c52489bc,f59e6cca974ecbd5b68bc9301ab95fac,delivered,2018-04-12 15:28:54,2018-04-13 12:55:32,2018-04-20 21:42:47,2018-04-26 20:33:45,2018-05-07 00:00:00
7e680cdc973a1bda4710a1fc19e990a7,dd972f6d2508a778dce6aa6f6c9b325a,delivered,2018-05-01 22:57:43,2018-05-01 23:12:30,2018-05-03 06:31:00,2018-05-24 12:13:03,2018-05-29 00:00:00
8d23184181b28b55b4c150dec4f0f010,7e31cd32eb35df97b975d4a33e21a349,delivered,2017-11-03 16:34:30,2017-11-04 16:45:37,2017-11-14 22:18:57,2017-12-01 21:48:55,2017-12-01 00:00:00
0a59027d2270c523a10d1c29e6c53a71,5e168bceb0efacd860ad767bb6f4e41a,delivered,2017-02-06 15:02:59,2017-02-06 15:10:20,2017-02-15 15:34:22,2017-02-21 17:13:59,2017-03-03 00:00:00
76a095b03f5bf762b7cc1befb3e5badc,af34d61810503cb4dccfa3bb75ea0444,delivered,2018-02-26 20:35:44,2018-02-26 21:08:46,2018-02-27 23:56:58,2018-03-02 02:49:04,2018-03-12 00:00:00
00e6786fee8f476835c151a4d3fa9bf1,7920ebe0de6925c9b6a7900675231e7e,delivered,2018-03-10 01:01:15,2018-03-10 01:40:21,2018-03-13 18:31:53,2018-03-21 22:21:51,2018-04-05 00:00:00
c3fc89d773d2d00c4c1222bb9590ddb7,bc93ed706b83d0e2e6b32dbfa6fdd15e,delivered,2017-08-30 17:44:09,2017-08-30 17:55:18,2017-08-31 15:50:03,2017-09-04 21:29:47,2017-09-26 00:00:00
9b6087eeb4053c31b372777c39078167,0da69026a9d5f0e55e88753b3685c662,delivered,2017-07-14 17:42:29,2017-07-14 17:50:16,2017-07-20 20:33:57,2017-07-26 19:41:43,2017-08-07 00:00:00
404d71e18721243380c994069a7f411a,a1e91b297d20335ee3a05686ce77cd75,delivered,2018-07-24 13:06:23,2018-07-24 13:44:29,2018-07-24 13:43:00,2018-07-26 20:41:13,2018-08-07 00:00:00
7c83cd570176d1b7e42606920fd81d81,3e30a714244b6788f9fe5637911da9b2,delivered,2017-02-26 15:05:41,2017-02-26 15:21:51,2017-03-08 14:51:45,2017-03-13 10:04:00,2017-03-22 00:00:00
7fe520f927ec29c7534186d68a55a475,452708c34fce18a8d8f8708ea6bf5433,delivered,2018-03-28 21:51:17,2018-03-28 22:07:45,2018-03-29 23:03:31,2018-04-18 00:06:39,2018-04-19 00:00:00
676e56b18ff6a72033c922409a9d3a02,150ef1b6b2d3073c20d4e0b9118e7986,delivered,2018-07-06 13:12:59,2018-07-06 13:31:15,2018-07-13 13:38:00,2018-07-23 22:49:22,2018-08-01 00:00:00
b0abfb398741998a8e47cc773b5e0edb,ea2b2f7e718f4cf14d2d4138fbe3784a,delivered,2018-08-28 11:26:02,2018-08-28 11:35:20,2018-08-29 14:32:00,2018-08-30 18:39:49,2018-09-03 00:00:00
0026a368634b6e6f34f33b1499773a30,66b8528f2144c6cf919795323c4d43fb,delivered,2017-10-27 21:10:26,2017-10-27 21:26:45,2017-11-03 20:59:39,2017-11-07 21:58:51,2017-12-01 00:00:00
a4257577d2432792f269e787bac8fb46,202c9d7463dc1e5460299754c4d04876,delivered,2017-11-17 19:40:59,2017-11-18 02:15:27,2017-11-21 13:18:38,2017-11-23 13:06:48,2017-11-30 00:00:00
e9655c24b98a0537159be37210489b4c,042194e0fc30991db79f049e26ee8098,delivered,2017-06-27 10:49:16,2017-06-27 11:10:37,2017-06-28 11:46:47,2017-07-05 14:45:32,2017-07-19 00:00:00
38087366c0a89663a80cea26cc8c0aba,3fe6154e3a7e93e6daba6bf9854aca7a,delivered,2018-06-28 14:18:52,2018-06-29 02:55:15,2018-06-29 12:50:00,2018-07-04 17:28:30,2018-07-18 00:00:00
e73a44dc71cb3d6dd54b77f318a96b39,cbed58dd8debcf99b6cc64c35063ad7f,delivered,2018-05-30 12:06:23,2018-05-30 12:17:21,2018-06-04 15:44:00,2018-06-11 16:22:07,2018-07-03 00:00:00
1b99f13e8fda59c0a43efdbe69e16c8c,05860a17b17441a53e85b2c0e2daf737,delivered,2017-08-31 07:05:18,2017-08-31 07:15:19,2017-08-31 17:34:28,2017-09-13 22:29:53,2017-10-04 00:00:00
41c630ee48ab0c4b79ef8f74daabfb5d,76b26b37ecb096d5cd7da0fd4fcb00b1,delivered,2018-05-31 01:09:18,2018-05-31 01:35:23,2018-06-01 08:41:00,2018-06-14 21:20:26,2018-07-16 00:00:00
15a87de4d6c4996cbee619479ddfe71e,5ab0cf98530afe73920c05b432a8311a,delivered,2018-03-09 23:00:38,2018-03-09 23:10:32,2018-03-13 00:24:36,2018-03-20 17:33:04,2018-04-02 00:00:00
fe991211acd078df41a8c85aceadfb66,d75c87c0d73d2c58a72b8ae383404540,delivered,2017-04-17 13:52:21,2017-04-17 14:02:00,2017-04-20 09:33:13,2017-04-28 11:26:09,2017-05-10 00:00:00
b9f50d8e5298bbe57002cb91320c720c,a5e822dad4c511a353a952476cf85e73,delivered,2017-08-13 17:34:45,2017-08-15 03:45:40,2017-08-15 19:02:57,2017-08-21 20:20:00,2017-09-05 00:00:00
f3d8b3063ee284e7e64c8f7c41b39188,a2f16bafcd14b94804e21b4aca5de7f3,delivered,2018-07-12 13:21:16,2018-07-13 02:35:11,2018-07-13 14:49:00,2018-07-14 19:51:53,2018-07-20 00:00:00
f1a82d00303b9e9a5863f0eb32ed07ac,90d791d06a3613f5232770d70dca4c63,delivered,2017-06-14 09:52:54,2017-06-14 10:10:07,2017-06-19 21:59:43,2017-06-26 15:44:48,2017-07-10 00:00:00
f6d1db3d720b07546464da938c033c6d,5b4c834c5586fe8c2601a60498575d77,delivered,2017-12-07 15:59:04,2017-12-07 16:11:53,2017-12-12 03:03:47,2017-12-13 15:43:51,2017-12-26 00:00:00
907424cd045f2dcb775507e367f9ab60,fada838716d86242728e5f2c0d15f2b0,delivered,2018-08-07 16:08:48,2018-08-09 03:45:17,2018-08-13 15:00:00,2018-08-18 18:09:55,2018-08-10 00:00:00
b109cd82203e670b7963d9945099ca6b,9d1c9a836e9373a4fe1fffe53f734ec1,delivered,2018-04-12 10:25:50,2018-04-13 12:50:52,2018-04-16 13:38:28,2018-04-26 22:19:32,2018-05-03 00:00:00
19e2f4888f56504ec0f7e0765c9e36dc,9c0e3045a57e330c4f5665cbdf7dae61,delivered,2017-10-28 18:16:38,2017-10-28 18:30:22,2017-10-31 14:00:04,2017-11-01 15:39:51,2017-11-10 00:00:00
248907ae8054cb8e93d5aa44857779b4,e57a1ac4317d4acd397f88cdb8b086aa,delivered,2017-12-17 05:25:12,2017-12-17 05:36:22,2017-12-19 23:34:32,2018-01-03 22:41:27,2018-01-17 00:00:00
5224c869b15835b82c99f468205d4fb5,cf5303acd11028c4c8d482f68b9a0703,delivered,2018-03-22 18:55:27,2018-03-22 19:08:53,2018-03-23 23:03:08,2018-04-03 22:24:47,2018-04-13 00:00:00
9269ba26ae05fd992bfd357dc3c52e53,483379396e748579bc1fe3426dddfdcf,delivered,2017-11-10 01:04:50,2017-11-11 07:10:33,2017-11-16 14:51:27,2017-11-24 19:42:17,2017-12-14 00:00:00
dfe73bed44023a1e7f4958fba7d7d6a3,a394478a3ac0de784c01180a376a5775,delivered,2017-11-03 12:40:31,2017-11-03 12:50:37,2017-11-07 14:46:45,2017-11-09 19:43:04,2017-11-23 00:00:00
6ffa72f134f31770b0670971b48479a8,0fab394e37bc2ebe2a39114e86cac205,delivered,2017-04-10 20:29:29,2017-04-10 20:42:07,2017-04-12 07:58:38,2017-04-17 09:57:15,2017-05-03 00:00:00
420dc2b2a634e9794318828836d98989,d2c2519d59d5f5b15709b2d7df1007e1,delivered,2018-04-13 11:30:55,2018-04-13 12:34:15,2018-04-13 21:16:50,2018-04-18 19:17:49,2018-05-10 00:00:00
7b34ff810a938027af0e0d4676dbee42,527ab9f4e18d3d5f24b5146bce26a745,delivered,2017-09-29 23:51:15,2017-09-30 00:07:15,2017-10-02 12:52:06,2017-10-05 19:51:20,2017-10-17 00:00:00
5a0e97d0e542a67558fb34daa8038b33,4f482d99f4056116c5c9fea55a63bc86,delivered,2017-06-13 19:58:18,2017-06-13 20:10:22,2017-06-16 15:58:07,2017-06-28 11:23:56,2017-07-06 00:00:00
64e5cb1dfa641be49d6baa62b8f41b9c,c65f8c2ae45d86473a324911183b9267,delivered,2018-01-22 15:56:22,2018-01-22 16:18:19,2018-01-23 20:43:19,2018-01-30 22:48:40,2018-02-20 00:00:00
cfbebe9f938f6c99a3c27648bc0d3112,9ba4157d56af8ab6689700a8d7c242e1,delivered,2017-12-03 11:03:05,2017-12-03 12:11:57,2017-12-04 18:25:08,2017-12-11 19:32:47,2017-12-27 00:00:00
a799d21b017742b6c8cac13998fd6ee2,79844317129f35eb854adc7b9ef9ce39,delivered,2018-02-02 17:04:58,2018-02-06 04:32:10,2018-02-06 18:28:45,2018-02-22 23:26:55,2018-02-20 00:00:00
96ad9be0316145857baf1f238b12e42c,a6a0e6b3107ef49975c1b1871402dd03,delivered,2018-07-09 17:32:43,2018-07-09 17:45:21,2018-07-10 17:10:00,2018-07-12 16:03:02,2018-07-18 00:00:00
b092f855f854296456449a63d86e1766,e4553eecb382ed27e953fba29092a0c7,delivered,2018-02-23 21:28:02,2018-02-24 16:10:29,2018-02-27 21:05:58,2018-03-05 22:46:35,2018-03-21 00:00:00
bb3b63f8a09bf476fd524c44fb767a31,960f251d702793f91105c34c974387d3,delivered,2017-12-19 18:12:04,2017-12-20 06:56:44,2017-12-20 18:20:08,2017-12-28 14:42:04,2018-01-17 00:00:00
a657f4281fa25af13388496f1075850d,f6fd9b592eb988dc6701679bd0e7f3c1,delivered,2018-08-06 17:46:41,2018-08-06 17:55:24,2018-08-07 14:53:00,2018-08-13 17:18:45,2018-08-15 00:00:00
924101b6d0786a881d90fa1c8eeb6bf1,9b6a640327fc0ad4c655091057d3eaea,invoiced,2017-08-31 20:54:59,2017-08-31 21:15:24,,,2017-09-22 00:00:00
54ba13fda17f8cf8f1f57095a2c7c026,59b1ec87fa0a8d2c630672eee38b8ce2,delivered,2018-02-03 13:07:28,2018-02-03 13:30:31,2018-02-06 22:16:42,2018-02-18 12:11:44,2018-03-08 00:00:00
dab943af31668b8e5576d94c49852c8b,8ee6c863082a2a2bc1d57415047b0283,delivered,2018-04-05 18:04:51,2018-04-05 18:49:32,2018-04-09 15:26:22,2018-04-10 16:19:34,2018-04-20 00:00:00
afd3ddd9caf7a0969cc51740136d4a4f,3e945bb5346cb9683dafc08ffbcfa629,delivered,2017-08-01 17:44:46,2017-08-01 18:03:47,2017-08-02 17:22:10,2017-08-14 23:11:10,2017-09-04 00:00:00
16691e34c4f0624880bacf33ccd1b9f9,4e2f276c57e614a45ddbd530f67ebfd8,delivered,2017-12-20 13:24:20,2017-12-20 14:00:33,2017-12-20 21:49:15,2018-01-05 19:19:59,2018-01-15 00:00:00
1c4e3dcee9d5486d01d55a8db6d978d6,b509d0c40f4871e345106967a89a2d1d,delivered,2017-06-09 10:23:06,2017-06-09 10:36:53,2017-06-13 14:28:04,2017-06-23 11:49:19,2017-07-06 00:00:00
c51ed3d77baf76974358a156521bbd16,bcc8786f4ffaaa491f2df9a1a089051a,delivered,2018-05-04 12:28:34,2018-05-04 12:51:56,2018-05-04 19:02:00,2018-05-07 18:44:28,2018-05-14 00:00:00
14ee9d8441fc68e3674444fb41597e05,4d90452e76c65ebcaaf03f036f60c95c,delivered,2018-07-24 10:50:34,2018-07-24 11:44:33,2018-07-25 14:27:00,2018-07-26 17:42:35,2018-08-01 00:00:00
f269a04043c3f398ee0ab759b7af3678,a8aceff84201bd5628939e8ce54b6abb,delivered,2018-07-26 23:04:47,2018-07-26 23:24:23,2018-07-27 11:14:00,2018-08-02 01:04:49,2018-08-27 00:00:00
95d58200aba7137d350ed9a168c84421,494b947692488027345ce3669e0b8432,delivered,2018-06-24 17:20:32,2018-06-24 17:35:18,2018-06-25 13:15:00,2018-06-29 12:55:38,2018-07-17 00:00:00
251777a5426d33b7fd9f124cd2d18972,5f7e0f5b3114c2a393b18f1a136e13a1,delivered,2018-03-06 21:14:40,2018-03-07 21:10:33,2018-03-09 00:40:53,2018-03-21 00:57:26,2018-03-16 00:00:00
4d348f6d947bef596a6e5e0d3212e8aa,c3d665a278af5874f95836cde559223c,delivered,2017-12-16 15:43:37,2017-12-16 15:55:23,2017-12-19 20:32:13,2018-01-27 14:47:23,2018-01-12 00:00:00
0e069a67e95068b8613f728bac35f6cc,bc829c278cd39a242d5e4622c143be36,delivered,2018-02-10 15:45:25,2018-02-10 15:55:30,2018-02-16 21:04:10,2018-03-01 01:16:53,2018-03-13 00:00:00
ed6bd5133891ca77ad3ade9726a6af7b,25580d3f08755af760b457ab95662c9f,delivered,2017-08-21 15:22:48,2017-08-23 02:56:02,2017-08-24 16:59:53,2017-09-04 20:15:53,2017-09-22 00:00:00
cf91dadab9111371ef3973e8febe8d3e,dc9e82627f0e62b0ea6e7dbfd3de003f,delivered,2018-07-13 14:28:26,2018-07-13 14:55:25,2018-07-16 14:54:00,2018-07-23 14:50:55,2018-08-15 00:00:00
ca8ee1fce14344746b41f8e2d2c1f4bf,9edeb727de2970d9bda3186ff2300fa5,delivered,2018-03-30 14:48:28,2018-03-30 15:27:25,2018-04-02 20:56:40,2018-04-09 23:44:53,2018-04-19 00:00:00
d0fb09b224a73a708cc1a7ceb7d60674,7f2e8f60b3007f5a4beac99cd9b5202d,delivered,2017-11-13 15:33:47,2017-11-13 15:47:25,2017-11-21 22:28:26,2017-11-29 04:48:26,2017-12-01 00:00:00
4e53579c0738eca6994241ff0b474dec,f11c865f25bdb3bee3e83d0d2737ece1,delivered,2017-05-09 14:38:00,2017-05-09 14:50:21,2017-05-12 14:07:36,2017-05-15 17:04:41,2017-05-17 00:00:00
8a15d9098e2b9a4a791e07691801bd9f,07226545d056696fc5946dab0f0f2a7c,delivered,2017-02-02 13:32:21,2017-02-02 13:41:34,2017-02-06 17:04:29,2017-02-08 15:32:48,2017-03-01 00:00:00
91fbd38c414f6f3a3450d7e5aa6e10fa,8c6f3db79370e5d22eefe15c91ae37ca,delivered,2017-10-19 17:02:53,2017-10-20 05:34:36,2017-10-20 21:07:08,2017-10-23 17:27:11,2017-10-31 00:00:00
a72f2738ee0c50d7e89e75917198da45,90c875b4f66a15b579d50846f909fecd,delivered,2018-03-14 17:22:41,2018-03-14 18:01:50,2018-03-15 18:10:39,2018-04-16 21:09:08,2018-04-17 00:00:00
2a80be7c365bb224ec513f04f13c9f29,3b3b2bf51ea4fc2d70b62f4ef77861e1,delivered,2017-02-26 11:21:11,2017-02-26 11:30:17,2017-03-01 11:06:03,2017-03-03 11:37:07,2017-03-20 00:00:00
2b5454df04ed163e553e31b7cf96f6fa,4e03d85afc199ec250c37de13770e6e3,delivered,2017-11-25 13:40:48,2017-11-25 13:52:23,2017-11-29 23:09:28,2017-12-08 17:58:37,2017-12-28 00:00:00
d62dadb35b5c5a30e81cebbc34427545,8cef613493d957b0074f562c03ab53ae,delivered,2017-08-06 21:17:06,2017-08-06 21:30:22,2017-08-08 20:18:22,2017-08-23 16:11:05,2017-09-11 00:00:00
58279d6e5966be96c8768b58f9a6f983,da98878435e1b9d2e4682576dd42ef9d,delivered,2017-11-15 19:47:04,2017-11-15 19:55:53,2017-12-07 18:51:39,2017-12-16 15:48:52,2017-12-11 00:00:00
314e4546a237e634908a80f2cebdf0fc,643d8b19a93dbb1b79aaf13c9b0b351c,delivered,2018-06-04 17:21:08,2018-06-04 17:32:47,2018-06-06 15:43:00,2018-06-21 19:04:33,2018-07-19 00:00:00
04492e6b1fcee5317506f927e0e89eb2,96c4cf1e729b33d09be90caab495d1fe,delivered,2018-07-17 01:02:33,2018-07-17 01:15:13,2018-07-17 17:32:00,2018-07-23 17:12:20,2018-07-31 00:00:00
15fe6ce03db9c275b01461f4f9f18ba8,5f5e5f703b20ca0e4de06fe72e231178,delivered,2018-07-26 13:14:40,2018-07-27 02:10:59,2018-07-27 14:24:00,2018-08-02 21:32:57,2018-08-14 00:00:00
0152f10d04554388634b75f079f069fc,f211421de204488bd0f9beaeba60f04f,delivered,2017-09-17 09:58:40,2017-09-17 10:10:22,2017-09-18 19:47:36,2017-09-22 21:25:55,2017-10-04 00:00:00
9d4369173adc91c56c54ebba6712e732,1ae2023a3f741aedfe78ad5171f0d2bb,unavailable,2017-11-18 11:07:50,2017-11-18 11:27:34,,,2017-12-07 00:00:00
8ee5542735cc8b0ec6ef0829ee501ca7,abb44240bac59983fc8b2dcb425b190f,delivered,2018-04-22 17:11:10,2018-04-24 18:05:18,2018-04-24 22:48:54,2018-05-02 18:13:05,2018-05-18 00:00:00
68cf62098cbe8d4ef838a1b3d63e74ea,93c859001a3199271096b3d30a592700,delivered,2017-06-27 16:29:22,2017-06-27 16:45:23,2017-06-29 15:21:52,2017-07-14 22:14:23,2017-07-27 00:00:00
a1b053243040fd2e535ffcd708f05c7f,2f5fe9b49239ed5ec7a8b034c0b6534e,delivered,2017-12-31 11:52:23,2018-01-03 04:17:28,2018-01-08 23:35:32,2018-01-10 21:33:27,2018-01-24 00:00:00
ebb8082fe1a85f69ce8b2f708d07a910,eacf8d981b61b119a75afa34a977b271,delivered,2017-05-22 12:06:06,2017-05-22 13:05:43,2017-05-24 09:34:22,2017-05-31 12:31:54,2017-06-13 00:00:00
01f04ef1bf8714247c5286afd8579353,4098ded78e423489732762e2b21180b7,delivered,2017-10-30 12:58:25,2017-10-30 13:10:54,2017-10-31 14:42:38,2017-11-08 21:52:47,2017-11-17 00:00:00
77fe12305bf8924a5cce7caf4bee2c4c,3e208a977722085fff72850c63c15f49,delivered,2017-05-22 23:38:44,2017-05-24 03:03:13,2017-05-24 12:31:46,2017-05-25 13:55:42,2017-06-02 00:00:00
ab463224aae0075d819f1a6a7d99e9ab,e6f0f3f195361a841b434de6d1e1103a,delivered,2018-07-25 13:02:52,2018-07-25 13:10:18,2018-07-26 13:16:00,2018-07-30 20:49:38,2018-08-08 00:00:00
eb6fa782d366bcf155b957687a9d602b,512c28b6935fc95195d225e41b58661c,delivered,2018-06-28 13:32:50,2018-06-28 13:50:42,2018-06-29 14:11:00,2018-07-05 16:55:24,2018-07-25 00:00:00
28535142350a39b7645bf9afd946e1fd,379f37fa1aa34a8dd90316471798ad22,delivered,2017-10-02 19:16:07,2017-10-02 19:28:15,2017-10-04 10:14:10,2017-10-13 18:12:19,2017-10-31 00:00:00
466839bc7437c08a787345cd313ba3dd,eeb4e8c7ec332a97a5f407a634f69cdb,invoiced,2018-01-19 15:18:41,2018-01-19 16:06:32,,,2018-03-13 00:00:00
b64220d7a72e74c6736faa083586c7dd,75a3c1d35f4802ac7cc516e316823201,delivered,2017-05-26 23:15:45,2017-05-26 23:25:14,2017-06-02 11:13:19,2017-06-14 15:17:55,2017-06-29 00:00:00
5bb7a11eb58ffba1a56c37d59dc1f1ec,21db802cd8191c5514054c036edd3ea2,delivered,2017-05-28 17:08:43,2017-05-30 04:50:23,2017-05-30 14:08:26,2017-06-08 14:47:39,2017-06-23 00:00:00
72725ca3eb014b2d2878b4e03f8f80ed,8215609ee059d8fee1f6faafa0308041,delivered,2018-05-21 02:41:12,2018-05-21 11:15:24,2018-05-22 13:15:00,2018-06-07 19:21:04,2018-06-14 00:00:00
76174e4ebbe4b654f039d34d6e3d8a81,8c5d8ac145099d539f1019827052a582,delivered,2017-08-05 15:19:50,2017-08-05 15:30:27,2017-08-08 18:12:50,2017-08-24 21:47:38,2017-09-11 00:00:00
b2cf020b24748745f3e8e4d06f9b988c,bd8365e615d4cb2efaa05b9975e88b7d,delivered,2018-01-06 12:15:29,2018-01-06 12:27:06,2018-01-09 00:07:57,2018-01-23 23:09:43,2018-02-05 00:00:00
01da413c142606bf28e461e3a732f653,e7538f59822c6f1ce51b24280709bace,delivered,2017-08-24 11:20:58,2017-08-24 11:30:18,2017-08-24 16:48:27,2017-08-29 16:56:16,2017-09-14 00:00:00
66dd11eed8eb0d72f0acf755122c4a13,b3e2215b0e94e6fa5c9905f4d4f96dc5,delivered,2017-07-18 11:17:24,2017-07-18 11:35:10,2017-07-19 18:05:12,2017-07-28 21:43:39,2017-08-21 00:00:00
c4a32beb8b98613d7bb9766c41475901,666f5286f980c33c3129f745dacc1fb4,delivered,2018-04-16 16:32:08,2018-04-17 05:51:11,2018-04-17 20:38:53,2018-04-25 20:22:12,2018-05-15 00:00:00
79e2efc862d7295d60da556fd5af4679,4ebaf8d03da1795f63c4ba7323d256c9,delivered,2018-05-08 23:04:32,2018-05-10 03:15:16,2018-05-11 13:36:00,2018-05-25 17:25:26,2018-05-29 00:00:00
279b0128499fe319bfc49512b1612eb7,e58850376bff96218c65670a1747c41e,delivered,2017-10-21 15:41:41,2017-10-21 15:49:35,2017-10-23 19:09:28,2017-10-26 00:22:18,2017-11-14 00:00:00
bf8ddc7239b0b3f5f43b0da92b85837e,66a4949b286c198a1894aa79014469aa,delivered,2017-12-04 23:01:59,2017-12-05 10:30:42,2017-12-07 20:38:54,2017-12-13 01:07:38,2017-12-20 00:00:00
2a68046f85de5baaad9fec0db10875d5,c032fd9bea5634c13f2dc9382c84fd9a,delivered,2018-02-10 19:08:35,2018-02-10 19:28:10,2018-02-14 17:48:57,2018-02-22 21:04:48,2018-03-09 00:00:00
9ddf2a1cb3163c05aa196a8e43336bfd,54fa4a1d6e9462d0c5b747c02794d734,delivered,2018-07-10 08:11:14,2018-07-10 08:45:16,2018-07-10 10:36:00,2018-07-20 20:18:22,2018-07-26 00:00:00
1030ba5adfc9d3a5b6659ff4647081ab,a11c50e3975608fe4155f18a95e6e296,processing,2017-11-20 22:03:16,2017-11-21 22:11:19,,,2017-12-19 00:00:00
e87c331d21a3fb3085079a9b32f4a56c,4bf97f85728e222d60123b493dec288b,delivered,2018-06-02 23:08:10,2018-06-02 23:15:13,2018-06-04 14:18:00,2018-06-18 13:13:49,2018-07-23 00:00:00
58ce0052aa4738f6f2b744f50cf6e546,bfa626c2cb46016b3eb733aa6ac04c2e,delivered,2018-03-09 17:19:52,2018-03-10 04:08:40,2018-03-12 14:51:39,2018-03-27 18:36:52,2018-04-25 00:00:00
599b4f476f3590d89be00a727812d390,c5ceeddba5d4bb5ab641b4041f746bf5,delivered,2017-11-28 15:40:08,2017-11-28 16:03:01,2017-11-30 19:49:49,2017-12-16 09:32:11,2018-01-03 00:00:00
0807b732c1e7621078473cec87389c8d,3be2ef4ade2e034b28c37f8c996bee27,delivered,2018-04-18 09:36:08,2018-04-18 09:51:43,2018-04-19 18:06:43,2018-04-26 16:26:37,2018-05-14 00:00:00
1b6a788631ffacdc9cd90eef210a7e23,aefe27ce4b6b675bfb6f1c67265a86ab,delivered,2018-02-05 20:52:06,2018-02-06 05:31:43,2018-02-06 18:48:33,2018-02-19 22:39:05,2018-03-08 00:00:00
1270910d921270ad6a35e504554c4068,610d52bf5b791544b45e2bbe6b9eaa7a,delivered,2018-08-06 21:30:19,2018-08-08 03:15:27,2018-08-13 08:41:00,2018-08-16 20:18:40,2018-08-22 00:00:00
5d9fed50692e15841b14611047191454,36261edfef5761d0a29d8aba32ea7003,delivered,2017-12-02 23:22:55,2017-12-05 04:13:12,2017-12-05 20:43:30,2017-12-21 20:47:03,2018-01-04 00:00:00
30f1c325f7c1c138e27a82ba984ee5bc,30b5c881869a4f616fc0824e06f641de,delivered,2018-07-02 23:55:31,2018-07-05 16:09:29,2018-07-04 15:09:00,2018-07-11 18:31:46,2018-07-26 00:00:00
6be2387f026d43a5aafdf9fd969f5417,dcd774e3268b3f084ae31c3c1fdc2ecf,delivered,2017-05-01 22:55:06,2017-05-01 23:05:18,2017-05-10 12:28:32,2017-05-22 14:46:10,2017-05-23 00:00:00
d2233ae03525c5a589881557eee7640f,676b3b7cb2e9c7dc5d8d4cbf1aedae2a,delivered,2017-05-22 15:41:36,2017-05-22 15:55:24,2017-05-23 12:34:11,2017-05-29 15:41:54,2017-06-02 00:00:00
ed03eb86a3fefd1113fbaece583c1e76,10d57f225d46ff1948448ef40c9035a1,delivered,2017-03-02 20:08:01,2017-03-02 20:22:17,2017-03-06 07:04:35,2017-03-09 10:37:56,2017-03-24 00:00:00
03ea231452f07988edc699573fb971d7,34a2a828531db1ef9254ee073b8aa9d3,delivered,2017-04-12 22:03:12,2017-04-12 22:15:20,2017-04-17 09:45:23,2017-06-01 10:47:43,2017-05-04 00:00:00
656e9f797d20f04e930e72b845c05437,46d7b804edb0be231995da55b71e311a,delivered,2018-08-13 12:39:10,2018-08-13 12:50:15,2018-08-14 11:47:00,2018-08-21 14:58:39,2018-09-06 00:00:00
3d366c0511565a8ddf3cbeaaba174193,18d668de92869e9c6bee7a74461e137b,delivered,2018-04-20 15:36:52,2018-04-24 18:05:15,2018-04-23 20:52:28,2018-04-27 14:15:00,2018-05-15 00:00:00
233c8509a65f222cf855765d0784b68f,5ce4fbb6db799ff205fbb1a825eb75f9,delivered,2017-02-08 21:44:19,2017-02-08 21:50:24,2017-02-13 11:44:09,2017-03-27 09:50:12,2017-03-15 00:00:00
f7fa76354d13355e87085b513838c3ca,7322788dff45d0d891c0c22c8a722852,delivered,2017-06-14 11:01:04,2017-06-14 11:10:15,2017-06-14 15:13:14,2017-06-26 20:19:40,2017-07-07 00:00:00
dc789328f84b169a3e0e76cb74be3699,feae0a23516453acf26b416ec51be86c,delivered,2018-04-12 09:04:47,2018-04-12 09:15:21,2018-04-16 21:28:42,2018-04-25 20:22:43,2018-05-09 00:00:00
b67c30c269ecce5a92826b392f1749e5,e59ca2c57f6207c6b863097c70352115,delivered,2017-12-03 09:36:47,2017-12-03 09:52:50,2017-12-04 17:27:28,2017-12-12 18:04:06,2017-12-29 00:00:00
1ab44f7237928287806feb9f4fba7820,ccd6248d0cf681494da8a9e1b25ee893,delivered,2018-04-22 11:24:55,2018-04-25 03:30:48,2018-04-26 13:45:00,2018-05-25 17:32:31,2018-05-18 00:00:00
8cdbd55df94da1bb52493cbe13cf8a80,78314b0f6f6a2ff1434410bb1572f0f8,delivered,2017-04-20 18:41:33,2017-04-20 18:55:20,2017-04-24 11:11:20,2017-05-12 12:39:58,2017-05-17 00:00:00
61769896c818f7de2c326dfef69551a6,2e5e34f3721a8a8b891a9d0596c39650,delivered,2018-04-28 12:29:17,2018-04-28 12:53:16,2018-05-02 12:04:00,2018-05-03 18:07:48,2018-05-11 00:00:00
67cfcef68eea9ea1ea9423cf240ed340,22848cff9355124d81c561b59890a345,delivered,2017-03-22 10:34:47,2017-03-22 10:34:47,2017-03-28 11:44:59,2017-04-03 17:33:18,2017-04-26 00:00:00
f83c07d038cf7ce0132a5797f823e4fe,9747f14dc2360f54c41b7b64b93f635d,delivered,2017-11-04 14:02:54,2017-11-04 14:10:38,2017-11-09 17:53:20,2017-12-07 14:53:14,2017-12-07 00:00:00
9fe28378e5a0c6b3f55ed7be6edf9ff4,15fb2f7d74eb50bf9a225a12250a54ae,delivered,2018-07-16 09:08:18,2018-07-17 04:31:15,2018-07-17 14:47:00,2018-07-25 16:12:43,2018-08-23 00:00:00
c2fb804b4b295e3dbb9bbd7388946e32,916ab4403e7bdc0ff60082de49344e9f,delivered,2018-08-05 21:10:22,2018-08-05 21:24:25,2018-08-06 15:15:00,2018-08-14 22:03:53,2018-08-29 00:00:00
2930a715e49bf6193fd54abfb9da0d7b,d0bc29359cccc4ebfb54a4116591d1b8,delivered,2017-04-25 09:11:57,2017-04-25 09:22:42,2017-04-25 10:38:57,2017-05-04 13:09:00,2017-05-12 00:00:00
d27a1b863a5393c76d910b9563093adc,5fb6c217fa89e61c033f8499bbad0140,delivered,2018-03-07 14:44:23,2018-03-07 15:09:58,2018-03-09 16:19:32,2018-03-14 23:37:32,2018-03-23 00:00:00
96a781796867d8c028ea1eedbd672e17,87f276c7f8462e63399bb1a70ea0496f,delivered,2017-06-01 13:52:53,2017-06-01 14:05:23,2017-06-05 13:58:22,2017-06-06 14:25:10,2017-06-22 00:00:00
675c52d8dfa16aa7a3b12b6ad7466fbb,7d4b050bcbcbf1f4c538c28a4d45842b,delivered,2017-09-14 11:34:46,2017-09-14 11:50:20,2017-09-14 21:29:50,2017-09-26 19:48:40,2017-10-06 00:00:00
5f0d18fd02d895b6b8d05a96e97d74e7,4057f6e033d6192837a0a1201e59d3ff,delivered,2017-06-27 11:28:20,2017-06-27 12:05:24,2017-06-27 17:27:50,2017-06-28 15:49:50,2017-07-10 00:00:00
a011e51d26a0679675e2a26be4ffc46a,1ed3094516be211b127c0475d98a9075,delivered,2017-06-27 14:31:14,2017-06-28 10:35:13,2017-06-29 10:55:52,2017-07-05 14:43:47,2017-07-20 00:00:00
593f849c29daaeee17ee32baa44795d6,72e4611b4b2a30b1f1b1ae1ffc56431b,delivered,2018-03-08 00:33:49,2018-03-08 01:08:41,2018-03-14 21:16:39,2018-04-04 11:42:37,2018-04-17 00:00:00
fe008cc13679ac6992b975115fe63cb5,55f0985ba53a063474c1257047821878,delivered,2018-06-27 21:50:05,2018-06-27 22:10:30,2018-06-28 08:12:00,2018-07-08 20:09:43,2018-07-27 00:00:00
baec3a3b7430496ffd8f990ec149f516,a96fed386e9f06ba19d204e1372d1ff6,delivered,2018-04-03 14:06:56,2018-04-04 03:29:38,2018-04-04 18:36:33,2018-04-05 19:51:36,2018-04-20 00:00:00
c23b4e10db2f8a40ad2cdd62f0ea7066,563c5a6fccb510f26534e34cc177b87e,delivered,2017-12-11 14:48:45,2017-12-11 14:55:26,2017-12-15 20:14:11,2017-12-22 21:37:18,2018-01-08 00:00:00
7b8d0a893743d55557532e35a0b73a31,ea7fb73adfd3143b75ff1080929c08cb,delivered,2018-04-25 22:00:57,2018-04-25 22:15:09,2018-04-27 13:52:00,2018-04-30 13:58:52,2018-05-10 00:00:00
9f75129c51ff03123ac09719ab6fd2a7,e01eef36486c022771ec0797c59bfe9e,delivered,2017-12-10 21:01:32,2017-12-10 21:12:40,2017-12-11 17:14:51,2018-01-03 18:56:31,2018-01-15 00:00:00
c3897336d5d3d5a54fd2203ee9483312,4f8f4d1895013d138194894a1c2905c0,delivered,2018-06-30 18:37:30,2018-06-30 19:50:05,2018-07-07 09:28:00,2018-07-23 22:58:30,2018-08-03 00:00:00
3edfecc4a611653ebb70ad242db1aa56,73013cc9fa18f10267f2221fff4a936d,delivered,2018-08-15 19:06:31,2018-08-15 19:23:52,2018-08-21 09:37:00,2018-08-28 15:06:53,2018-09-18 00:00:00
9372445ddc10678e804717702a911665,1dcbfa08476cebf4fee1bc3d400389a9,delivered,2017-03-13 15:49:14,2017-03-13 15:49:14,2017-03-14 14:56:41,2017-03-21 08:53:37,2017-03-31 00:00:00
23a1c70ec5d4721643a10c305862583f,a98bb75dfc80635527ce69e0fcf0a259,delivered,2018-01-15 17:10:51,2018-01-16 03:34:49,2018-01-17 19:38:34,2018-01-26 15:48:54,2018-01-30 00:00:00
9de38c42ea4d33af19aac6c4d6c4b146,90a0c453124d8012f583f1bdbd77576f,delivered,2018-06-12 16:12:29,2018-06-12 16:51:18,2018-06-13 08:22:00,2018-06-19 11:47:24,2018-06-29 00:00:00
29657e8789b3a8efaefcdf79a439baad,71baa4c4fbcdc5458ab21cff0b283fb5,delivered,2017-09-10 18:57:41,2017-09-10 19:05:32,2017-09-14 20:57:35,2017-09-24 14:43:30,2017-10-03 00:00:00
87165c6641d05fb32802b8c65dd40ea9,f8df2382fa1d0fd8c3b44994f3dc2ea3,delivered,2017-11-27 16:19:52,2017-11-27 16:39:24,2017-11-29 18:08:59,2017-12-14 23:18:33,2017-12-22 00:00:00
9fdfd76c6631b340c3b923669191ef8e,722a4377c1aeb96d9e49b887e383fe15,delivered,2018-05-23 23:20:09,2018-05-25 02:55:09,2018-06-04 13:45:00,2018-06-11 13:32:14,2018-06-25 00:00:00
31bc09fdbd701a7a4f9b55b5955b8687,106a2d44b8756af49c5c3299fb8001f1,delivered,2017-10-14 00:19:16,2017-10-15 01:14:32,2017-10-17 13:08:09,2017-10-21 14:42:01,2017-11-06 00:00:00
6ac9d94329142fa9ed71e07690e9249c,d853299cbfd0f6f3b35dbd5e9f216db1,delivered,2017-05-27 11:12:18,2017-05-27 11:22:45,2017-05-29 10:01:46,2017-06-01 12:27:11,2017-06-19 00:00:00
e681b9d741ce6a1913e86b6351105a55,f5d4222513466da6fe7d52a173a97b17,delivered,2018-07-21 19:47:08,2018-07-21 20:04:14,2018-08-06 14:17:00,2018-08-10 18:05:47,2018-08-24 00:00:00
c427f6cd09c9ae0f09153ab8e8f55a53,8cf1fb406945ccc459ea681056123b03,delivered,2018-05-18 21:24:14,2018-05-18 21:37:52,2018-05-23 14:16:00,2018-05-25 16:38:27,2018-06-07 00:00:00
a15be694d8267e907bfab3b785558e83,6018c265b567465b35ea089a4d05e8a5,invoiced,2017-11-16 19:15:06,2017-11-18 02:30:35,,,2017-11-29 00:00:00
e91f0371e8b0883c1d93f1e2ceb84e98,e12fab7f07a6fb6e3c01bcd2d6a12690,delivered,2018-02-15 18:42:59,2018-02-15 19:20:22,2018-02-16 17:52:02,2018-02-27 14:19:02,2018-03-09 00:00:00
99ac1b8b5f3ac613536909af21133895,7779b97b9a0343e58e4f6d87153f8cfc,delivered,2017-09-22 11:27:26,2017-09-26 04:07:15,2017-09-26 18:18:41,2017-10-02 21:24:40,2017-10-09 00:00:00
0e5c1cacfc470555872819fae01e07ae,eb1158f6f5fb2c865dc3dbbdd8d179e7,delivered,2018-04-16 22:44:14,2018-04-16 22:55:16,2018-04-23 10:10:46,2018-04-30 15:55:40,2018-05-16 00:00:00
1e54e64066c85e4c0b929c0dde6bec3b,535a05f4c66c1ebb2b8c6a537a7f2149,delivered,2018-02-01 19:56:10,2018-02-01 20:13:56,2018-02-02 18:09:35,2018-02-14 17:38:34,2018-03-06 00:00:00
5d7580967132673ebe6afb197e119dea,6996c3c5318b0283d6adb8f41fb62397,delivered,2017-11-08 13:36:17,2017-11-08 13:50:23,2017-11-09 19:44:50,2017-11-16 18:29:00,2017-11-28 00:00:00
49a7b21f7d2c538f5e051f749c16605b,3bc03463644a6c233b170519b1b203a7,delivered,2017-08-28 23:10:15,2017-08-30 02:11:12,2017-08-31 11:07:58,2017-09-12 20:47:49,2017-09-25 00:00:00
c75860f1d422b9efcb29383df98932f7,b5056e827ed921c589618aa20ee0cab7,delivered,2018-05-03 08:50:03,2018-05-04 04:11:36,2018-05-04 14:25:00,2018-05-14 23:32:07,2018-05-30 00:00:00
294a163a5e62f051254e16cf0c98db6c,ea5fb295581508719fc3b766e451d5da,delivered,2017-11-27 16:59:53,2017-11-27 17:19:56,2017-12-05 18:10:07,2017-12-14 21:28:58,2017-12-18 00:00:00
84436e09e2da8d549e06fa56fa0b74e0,256f06cb1d10d7427f8ab3d96b873cab,delivered,2017-12-12 18:00:32,2017-12-12 19:09:57,2017-12-13 18:21:55,2017-12-28 16:32:23,2018-01-05 00:00:00
c0740c543da48abb89b054604e7e9250,35b8a8c47538270243c444192f420caf,delivered,2017-11-30 01:02:12,2017-12-02 02:38:28,2017-12-05 00:33:36,2018-01-30 19:35:05,2017-12-26 00:00:00
04b8c60eb3cceaecde917716daa30bde,a6a3ccd6981f76577a6cfcac362430b2,unavailable,2017-11-27 18:35:48,2017-11-27 19:11:43,,,2017-12-19 00:00:00
3eb7b3f39b5c39ce07dae0c4bfbf5dd0,5fb72531a5f56bbbffaed518edd7c504,delivered,2018-01-08 22:53:22,2018-01-08 23:08:42,2018-01-10 19:39:19,2018-01-19 22:46:02,2018-02-09 00:00:00
8bd792653995ae5a2e101887d982b39a,5e02cb9fb59349f6b16383308517111e,delivered,2018-03-15 09:32:55,2018-03-15 09:49:30,2018-03-15 19:16:32,2018-03-19 17:12:18,2018-04-12 00:00:00
154c7a0d28e6f7744163c3ed2d9d686e,457616cfba4b79473ce83af39d168c85,delivered,2018-02-18 14:49:24,2018-02-18 15:50:34,2018-02-19 17:35:51,2018-03-09 21:04:29,2018-03-19 00:00:00
d140c5b480983e0915994896a6598f90,4e4e6c98c0968478a88162703c77e21a,delivered,2018-02-05 12:55:34,2018-02-05 13:10:21,2018-02-07 18:05:03,2018-02-08 16:05:35,2018-02-23 00:00:00
c9db1bfe07af2c4724a461a704c1ec67,9f8afaa4902b9196098e0c341bbe683a,canceled,2018-07-30 16:52:00,2018-07-30 19:31:37,,,2018-08-10 00:00:00
ad9aa06b7c1aff45bb25d171973fc761,6102d1227aa240ac837720636f7e914a,delivered,2017-11-24 23:52:46,2017-11-25 01:53:33,2017-12-06 17:54:46,2017-12-18 20:53:35,2017-12-20 00:00:00
66fcf8b87873646949274801ed99a8c6,f5df50c41f9b4e628b2c691a30f9d180,delivered,2017-12-07 21:05:47,2017-12-07 21:18:29,2017-12-12 21:21:43,2017-12-22 19:08:07,2018-01-02 00:00:00
083c3a567b005b0f7261c9c0c76fe151,d4a6786c02a6e6ba536f58e3b4a13393,delivered,2017-02-12 15:45:27,2017-02-12 16:00:14,2017-02-17 09:54:11,2017-03-03 19:25:33,2017-03-22 00:00:00
f6c83f331fa7998140a4cbe44f87b38d,e8e2944931965887ba4dde6cbc76b598,delivered,2017-09-03 10:27:37,2017-09-05 04:35:55,2017-09-06 16:58:05,2017-09-09 13:08:51,2017-09-25 00:00:00
6f09a390f155a581c268dade6de048e1,e2e14c8ef1d36f7d465f5299e3a4217a,delivered,2017-05-24 21:43:53,2017-05-24 21:55:17,2017-05-25 13:19:09,2017-06-01 11:21:58,2017-06-28 00:00:00
c901aee1a796480fc91d75a1214eb170,ae2565b6f785cc90a0c7741e716fefb9,delivered,2018-04-01 18:48:22,2018-04-02 17:49:32,2018-04-05 01:58:38,2018-04-16 23:41:04,2018-05-03 00:00:00
546bb10cd086a577f9bbb4027d79c0f2,15b2eac395043e2fc2577903cef35ffa,delivered,2017-08-17 16:59:53,2017-08-18 02:26:16,2017-08-18 18:05:13,2017-08-30 22:42:48,2017-09-19 00:00:00
db2557d3b3417e5746ab989f2e143860,57560400ebc297c88d7157415b945b0b,delivered,2018-03-28 11:11:51,2018-03-29 03:29:07,2018-03-29 23:14:20,2018-04-02 22:45:45,2018-04-10 00:00:00
ece3ab91bd67ba73563dd0468fc3bde2,b4111141220267ae8e763af405bc6469,delivered,2017-09-04 16:30:33,2017-09-04 16:45:36,2017-10-03 18:04:57,2017-10-19 21:43:53,2017-10-10 00:00:00
31a606477f15f8ff5f8417bb46f83a5e,94889e991b908bed85be6550b6f60e11,delivered,2017-03-01 00:12:13,2017-03-02 03:42:00,2017-03-03 09:13:48,2017-03-07 10:51:01,2017-03-20 00:00:00
e5a8f99e473fa6880bc2672805460e4c,9a4108082d43d4f287f1f71297a88f8e,delivered,2018-01-02 13:23:45,2018-01-02 13:30:24,2018-01-04 12:42:55,2018-01-19 18:08:56,2018-01-24 00:00:00
ea95ceffc1f14090fa639afd7f1b0206,4b0d09b8b6d18dab1596d8f5ce5bfbee,delivered,2017-11-20 12:48:07,2017-11-20 13:15:43,2017-12-06 23:41:44,2017-12-09 17:14:33,2017-12-12 00:00:00
a9b132fc9b030211c2850f5495dbbd5a,a9540572aa20e37a51ce914aad8fedce,delivered,2017-11-09 14:53:09,2017-11-11 02:55:43,2017-11-14 15:56:48,2017-11-27 20:07:48,2017-11-30 00:00:00
78c8089b7743de900b7444157de8848a,e2dbc6022ec5d2a6fbbb786f6489be29,delivered,2018-04-25 10:36:34,2018-04-25 10:54:57,2018-05-04 15:42:00,2018-05-08 17:57:44,2018-05-08 00:00:00
e8b6b776c3fea4d15b0334a28cdf79d1,0951b45221facd76dac14203f8770cd2,delivered,2018-08-09 19:01:16,2018-08-09 19:10:17,2018-08-10 14:13:00,2018-08-16 16:16:44,2018-09-05 00:00:00
4573e97fe027ed2a79400a704d2172bc,d4783e1e177f32e022479af8c8000ac4,delivered,2017-04-13 13:13:48,2017-04-13 13:25:17,2017-04-13 13:51:01,2017-05-05 13:12:15,2017-05-24 00:00:00
816c1aa9dbcfd7482f467ac32d92bf0e,103ded6a1eb816823c5629139ab65a7c,delivered,2017-05-26 00:47:37,2017-05-26 01:22:38,2017-05-26 10:36:13,2017-06-01 14:23:30,2017-06-30 00:00:00
09442375307dcece0366e86601bf99f9,641025d16fb7bf615b9400b55fd1728a,shipped,2017-10-26 13:15:23,2017-10-27 03:06:59,2017-10-30 20:43:50,,2017-11-24 00:00:00
188d4eda8fa5f046fce1c7c8a309f61f,e7bc5da13ac21c934fd9b860614264c6,delivered,2018-07-02 18:50:01,2018-07-02 19:10:34,2018-07-03 15:03:00,2018-07-04 14:56:56,2018-07-16 00:00:00
e862ab2c5b9da53dea30d39617038ffd,1e79508ae1db3fd8cc165bf3ca7a0916,delivered,2018-03-04 13:17:05,2018-03-05 13:15:55,2018-03-06 19:33:04,2018-03-18 15:29:37,2018-03-27 00:00:00
c303310fc1c9bcd9fc5da93bae0ff3ec,85db83a1e38c9d4f92da1c1e210c5f80,delivered,2017-10-13 16:40:02,2017-10-13 16:50:18,2017-10-16 22:23:34,2017-11-01 20:18:00,2017-11-24 00:00:00
c993fbf631d32622efbe959e03fa636c,1d6fc7fbfc088a98eb692725890ad2e7,delivered,2018-06-15 19:27:44,2018-06-15 20:03:13,2018-06-18 13:31:00,2018-06-25 17:49:10,2018-07-13 00:00:00
a1f33ae024b8d5f324680039c8c26aca,dd558dd7a87c9021c8a7608c6c769417,delivered,2018-08-18 21:16:01,2018-08-21 04:15:19,2018-08-22 14:44:00,2018-08-27 19:04:42,2018-09-03 00:00:00
9cd3b076bc5d4205fc15c0b23dfc78bb,96dff9ba1a37c06cc85a869434539166,delivered,2017-12-13 10:21:14,2017-12-13 10:31:48,2017-12-14 18:14:04,2018-01-07 17:32:47,2018-01-26 00:00:00
be860bf1446ba05bb095e676b7c42b67,059fec8731c1c58cdd34f859acd5f208,delivered,2017-11-21 02:30:37,2017-11-21 02:38:51,2017-11-23 19:29:02,2017-12-05 23:42:25,2017-12-15 00:00:00
517bd49d869100558362e70c45f13dd5,c7e45e85f22f5db2f9a06c77674c872a,delivered,2017-11-02 17:44:04,2017-11-02 18:05:18,2017-11-10 18:09:15,2017-11-13 20:14:40,2017-11-16 00:00:00
9a71f055d972d1ebacec9df7376ff1e3,466462055d43360841cd19a81cc12e9a,delivered,2018-03-13 13:18:23,2018-03-13 13:30:29,2018-03-14 19:27:24,2018-04-19 18:48:29,2018-04-04 00:00:00
33d1c541fe62cc7e7de82f1a6f7209f1,4da02003088ff69e3a0ae3db17d648f6,delivered,2018-07-05 19:45:19,2018-07-05 19:55:13,2018-07-06 10:04:00,2018-07-11 22:33:46,2018-07-24 00:00:00
05393e8d9957461611ec8c8d55b13c02,2f7df887ddcb022dae90b092de0e4ef5,delivered,2018-03-08 22:18:16,2018-03-09 00:54:49,2018-03-09 17:55:26,2018-03-20 00:08:21,2018-04-02 00:00:00
317187b7dc18742dffd77c04b25587f8,ddff1de7a3f714c2921e7747a21ea752,delivered,2018-01-20 23:48:24,2018-01-21 00:03:06,2018-01-22 20:12:52,2018-01-24 22:29:01,2018-02-14 00:00:00
4c95e64d87f0a8e6c7e8ffc83767df0f,3a3994cce93e177ebeac87b9b46e5d93,delivered,2018-05-16 15:50:49,2018-05-16 16:15:03,2018-05-17 14:41:00,2018-06-02 15:58:48,2018-06-07 00:00:00
b70a20de4d773c7d77843695098779d4,bf6dee2cc8f3658b2412b07c4e394a46,delivered,2017-04-20 22:05:13,2017-04-25 08:23:14,2017-05-05 15:24:46,2017-05-10 11:01:56,2017-05-23 00:00:00
d744f890bf27c2aa635c5d82b2ca0c8a,dc7997b49d45e3164246815f516ca5d0,delivered,2018-04-22 10:53:11,2018-04-24 18:20:52,2018-04-23 17:47:32,2018-04-26 19:04:32,2018-05-21 00:00:00
7d52b962726f481292e1faae3fcb31d6,17ebde2c7188073ca37d90c062e25aed,delivered,2017-12-14 13:29:50,2017-12-16 13:32:17,2017-12-19 21:22:46,2018-01-05 21:59:17,2018-01-17 00:00:00
1b19e11d36f65ac8fb85d361d49096ef,59f92cbd02b5f4515fe50b093dedcb19,delivered,2017-08-26 19:13:14,2017-08-26 19:25:37,2017-08-28 18:04:14,2017-08-30 18:10:23,2017-09-18 00:00:00
69796e4e03edbf9c0f49c76d4ebadb77,34df16078d0ceb647b488afc94a78519,delivered,2018-03-02 20:51:35,2018-03-02 21:09:23,2018-03-27 15:42:16,2018-04-05 23:21:47,2018-03-29 00:00:00
03d6e874e44c091359a3ad62f2bec233,59d26debe9d60cc8467a7bf2b835959f,delivered,2018-05-02 13:42:27,2018-05-04 03:12:07,2018-05-07 14:52:00,2018-05-08 17:08:48,2018-05-14 00:00:00
9de0f1837aa8fd37e21d4e12faadd2ed,c6fc7b1534701f4ab75af0356847a437,delivered,2017-06-19 11:23:01,2017-06-19 11:35:16,2017-06-20 08:18:54,2017-06-29 16:22:03,2017-07-26 00:00:00
640733ad0bfd6eb8b4fa7c5a66188380,6bb2826a0f01d7424f7c54433b315cf2,delivered,2018-07-18 11:02:45,2018-07-19 08:22:41,2018-07-19 15:10:00,2018-07-24 16:46:41,2018-08-01 00:00:00
e861ee18496aaa4aa146335b10d2fcec,48081be9b0b72cc8aeae1c6ad2112b91,delivered,2018-08-12 16:58:15,2018-08-12 17:44:20,2018-08-14 14:18:00,2018-08-15 20:38:24,2018-08-24 00:00:00
077700dcf4e3bb4128459fc825a4056c,aa7885fdaef957a25806339d446c2a71,delivered,2017-11-20 11:46:39,2017-11-20 12:07:32,2017-11-22 17:33:05,2017-11-29 13:51:39,2017-12-11 00:00:00
d2d134bb44882b886b6e6a2c0af66e6e,f03321492f05427a13a8db3dee24f714,delivered,2017-11-23 11:19:17,2017-11-23 11:34:02,2017-11-24 21:33:05,2017-12-15 13:15:37,2017-12-18 00:00:00
c5e0e8d3a87b95eb7b2ec0bbcbbec1cc,8742c70885328dfa0b4822b2e7420aa2,delivered,2018-02-17 22:59:53,2018-02-17 23:15:43,2018-02-19 23:08:04,2018-02-22 18:21:57,2018-03-15 00:00:00
eee22e7ae5b24692de4cd3c784db660a,c731d7800196ad88a5cbbd3ca5624388,processing,2017-05-30 13:09:52,2017-05-30 13:23:18,,,2017-07-13 00:00:00
9325417ccf2008bcf613acffa684a24e,b1a6bcae800140def45ddd009ae295b9,delivered,2017-07-18 09:32:43,2017-07-19 07:10:14,2017-07-19 22:57:21,2017-07-24 16:14:38,2017-08-09 00:00:00
30a2f24dd6770c91faa6b3481319204b,de2d4a479a79d4d85c9ce01caf804937,delivered,2018-08-08 11:48:41,2018-08-09 03:44:51,2018-08-09 14:17:00,2018-08-13 21:32:07,2018-08-15 00:00:00
a43b47899fae27435d67c19684c2a5d3,b81c6fd25c64143c04f4d107c6f8457a,delivered,2017-09-19 18:02:28,2017-09-19 18:15:23,2017-09-21 15:52:50,2017-09-27 20:53:44,2017-10-09 00:00:00
a66a3c75736a9fa41b2e36a663a42c56,21035b3a6ea9a9e6f6c9150f1091732e,delivered,2018-06-19 23:13:12,2018-06-19 23:34:34,2018-06-20 14:18:00,2018-06-27 12:07:54,2018-07-23 00:00:00
33dc48eb58efc42018bce39ab27ea6d8,104e86b8ab1dbebbcf0da2958de6aa65,delivered,2017-07-10 20:14:18,2017-07-10 20:25:13,2017-07-14 19:47:49,2017-07-26 22:04:21,2017-08-11 00:00:00
bfc6ac1464346333da536d44a2f0723b,5fee1b2849ca2ad8d845cdb451b6f548,delivered,2018-06-14 15:23:01,2018-06-14 15:38:52,2018-06-15 12:25:00,2018-06-23 14:51:54,2018-07-17 00:00:00
53f13e7ba27c6c272bf5d2e047af8de9,e5dba0f0f4df2f0af52b42e9d5eef77d,delivered,2017-06-17 21:46:41,2017-06-18 13:45:11,2017-06-19 12:14:45,2017-06-27 10:20:58,2017-07-11 00:00:00
84fbd5c07d190419428197464cdba60a,b90c08bc258974e0bba31eb7fccc433a,delivered,2017-02-02 17:57:15,2017-02-02 18:12:57,2017-02-03 08:39:08,2017-02-15 05:04:34,2017-03-13 00:00:00
cfded93c357af3d14aa46a32aeeb48db,de8f1f7eb09086394812a9389eb3ed71,delivered,2018-06-26 11:26:25,2018-06-29 02:53:11,2018-07-03 07:40:00,2018-07-04 01:41:44,2018-07-13 00:00:00
589c3ab133743b5ef0cf1bf4e3e72db3,20e8e2b1b839e18080e494ad066fb413,delivered,2018-03-16 11:20:19,2018-03-16 11:30:52,2018-03-19 22:17:35,2018-03-20 22:56:32,2018-03-28 00:00:00
336c5ff2dbd044a07a070f20db7f0316,96ee94f910935c0cc469f5be3e4efc1f,delivered,2017-05-31 00:52:02,2017-06-02 04:23:18,2017-06-02 15:30:15,2017-06-14 12:29:55,2017-06-27 00:00:00
6a25b525e1179f856694f3e632dd829b,ab764cc6b8b070d7ac7607d06b50243e,delivered,2018-06-06 07:36:52,2018-06-07 02:54:44,2018-06-08 13:21:00,2018-06-18 18:24:40,2018-07-18 00:00:00
4686a4da19a101001bd53960ae99feae,1b4eefcef3c75cb129309be3e28e5fe1,delivered,2018-06-19 09:13:11,2018-06-19 09:36:47,2018-06-20 06:42:00,2018-06-26 22:16:42,2018-07-16 00:00:00
389b5ea850fb0283bb94a04dca7750ec,ae5a05ffc3c75c6ce5c4ea82a4bc659f,delivered,2017-03-02 22:16:14,2017-03-03 22:23:34,2017-03-06 12:56:56,2017-03-22 08:42:12,2017-03-23 00:00:00
452a4cbe0a3c21aa7b7a93e9da67eaaa,db3f17e47f0f17ab80d12a9bfc657dc2,delivered,2018-01-15 15:05:51,2018-01-15 15:16:40,2018-01-16 18:13:19,2018-01-18 17:07:31,2018-01-30 00:00:00
1b9b3a976302524d2f05a417b095afb1,bd1b88786f972966bf49b41f47fb09ba,delivered,2017-12-01 20:54:52,2017-12-01 21:32:29,2017-12-06 17:15:38,2017-12-12 19:06:15,2017-12-27 00:00:00
d5b836c3e4d3591c11cfbc0d8a32948e,54dcf06632be05abeb6ed726b761c022,delivered,2018-01-20 16:09:59,2018-01-23 03:37:29,2018-01-23 20:44:55,2018-01-24 18:18:11,2018-02-06 00:00:00
cde6f96935cb1fb7f0dd8e2ebf195573,41fd684bd263940345910be53941e8f0,delivered,2018-02-25 10:07:26,2018-02-25 10:15:31,2018-02-26 18:53:13,2018-02-28 18:47:12,2018-03-12 00:00:00
b3ba9e96f5d04c8c20e37e9ffd2e79a8,932f59e516b83cd4348384fd3b999972,delivered,2017-07-24 11:33:53,2017-07-24 11:50:19,2017-07-24 20:14:36,2017-07-26 10:36:03,2017-08-07 00:00:00
28b3a0c20aef4102b44f6928bdcffc7d,97531ebafad8d20f98c8d2a6c6ce5369,delivered,2017-04-07 08:56:41,2017-04-07 09:10:15,2017-04-07 16:50:26,2017-04-10 14:57:59,2017-05-11 00:00:00
c1316e479de7898b749066f40449a05f,04e461f11634773d5cd64af7db838660,delivered,2017-12-08 08:29:41,2017-12-08 08:37:22,2017-12-08 15:59:00,2017-12-09 13:32:31,2017-12-27 00:00:00
811fb2c7e16f59a332b36c2c87798007,81921bafc07562f0142847712f79bf7d,delivered,2018-07-18 10:08:03,2018-07-18 10:15:19,2018-07-18 13:31:00,2018-07-23 23:12:35,2018-08-07 00:00:00
e481de0886580ccf9ce6552dbdd61a88,00e8bdabd8d9dec7728bf9a885f7cff9,delivered,2017-05-15 21:08:32,2017-05-15 21:15:14,2017-05-16 16:15:45,2017-05-26 08:58:41,2017-06-02 00:00:00
aff7b4ae67c914f9555ed558c34e9a81,7f602838eb65a1d45931aed1c83f714b,delivered,2017-09-16 11:55:00,2017-09-16 12:05:17,2017-09-18 20:14:06,2017-09-21 21:43:21,2017-10-11 00:00:00
68eb0f50dff9280862d4363208528f7e,e36b0ffc6738bb2d03e599cedee65adb,delivered,2017-04-14 12:09:49,2017-04-14 13:05:16,2017-04-17 10:04:31,2017-05-02 12:04:15,2017-05-17 00:00:00
f939e05d2451cd2ababeb205da768278,6755d9a5c01a3b3fd35c84dc0601ea3f,delivered,2017-12-31 13:42:22,2017-12-31 13:50:22,2018-01-04 23:39:03,2018-01-16 22:32:55,2018-01-30 00:00:00
799bc9658260598f040a6a7943b73415,f308c7b824f58e99202f669fc551cf22,delivered,2017-09-23 12:32:47,2017-09-23 12:45:11,2017-09-26 16:16:56,2017-10-03 20:03:19,2017-10-20 00:00:00
ca512c4d6486887e158c4400d6406c19,652d6dd1dd15ad4a4e6537e4f17a0ce4,delivered,2018-03-19 12:08:34,2018-03-20 03:10:51,2018-04-11 23:41:37,2018-04-25 13:05:17,2018-04-18 00:00:00
d172a1c2281047312e37b12be30a78b3,e63c9356c91bbacc75f86545e28b2dd8,delivered,2017-11-07 16:31:50,2017-11-08 16:47:27,2017-11-09 16:51:25,2017-11-22 20:19:18,2017-12-07 00:00:00
0f0786fde25cb2b2b4cfc59128ef8f83,d8a5ae7ff5b505f9d400d1c5b73cf2d8,delivered,2017-07-19 14:34:02,2017-07-20 06:43:20,2017-07-21 11:59:54,2017-07-26 19:21:26,2017-08-25 00:00:00
1f50915cd289eb7e0a0da3f4300b92bc,6db0e35399f861870ee4328fd5a03722,delivered,2017-03-26 17:55:38,2017-03-28 03:55:13,2017-04-03 14:13:58,2017-04-10 08:50:03,2017-04-18 00:00:00
0393dfaf21e966fdadf698bd0856ecc3,dc6484673b2e9c0dd56bee4d78717900,delivered,2017-12-08 10:49:38,2017-12-10 10:50:04,2017-12-11 19:39:25,2018-01-03 19:24:06,2018-01-08 00:00:00
bac84a37ff8746de71d3ba5a6aadecdd,4966d0c89c40e0123f63d0be0ff4553f,delivered,2018-01-25 10:09:48,2018-01-26 03:18:32,2018-02-05 12:32:43,2018-02-15 19:33:05,2018-03-01 00:00:00
49e28405b648ff4ac5a069fbeed701e4,e5ce83ac7afe0a18d0f1747111ffecf5,delivered,2018-02-15 16:31:16,2018-02-15 16:46:51,2018-02-16 21:28:51,2018-02-19 14:16:48,2018-03-02 00:00:00
8774dccac317f54e3e9b3c6096a9b2c6,e683a3466324913040a473c89d2395ed,delivered,2017-10-24 13:27:07,2017-10-25 06:28:11,2017-10-26 00:33:48,2017-11-03 17:57:51,2017-11-14 00:00:00
f95884da9f9e2df5d430f7e289b3c07e,e55e22f4aa75f611b05d755b60f0505d,delivered,2017-12-09 03:08:32,2017-12-09 03:18:24,2017-12-14 14:53:02,2017-12-15 21:44:51,2017-12-29 00:00:00
1ec801f67c9ddedd7232db3f8045adef,5dcacec261f9a2d9b142342791ca9410,canceled,2017-05-31 08:57:32,2017-06-01 03:55:31,,,2017-06-13 00:00:00
3063d2baad6269e27b331c726fff2135,9ccfb215b4e4e8c78889a20f90014a9f,delivered,2018-05-14 00:04:44,2018-05-14 00:31:27,2018-05-14 15:07:00,2018-06-05 20:22:32,2018-06-07 00:00:00
915cfc1bb5564cda804c1e544780f701,a67c8e21742969a51553124864de7632,delivered,2018-08-27 13:37:12,2018-08-28 07:05:15,2018-08-28 20:35:00,2018-08-29 16:38:47,2018-08-31 00:00:00
93d59619dd0d3db962c4c8d0db7d88b4,e150a2e1a1747aa6a13fad14bf7458f3,delivered,2018-02-10 15:29:59,2018-02-10 15:48:22,2018-02-14 20:05:20,2018-02-23 18:57:11,2018-03-09 00:00:00
88d83c164444378e37e1805e00984342,1acf5b3f74154a077902cc31167839db,delivered,2017-05-31 10:53:03,2017-05-31 11:05:09,2017-06-02 18:35:54,2017-06-08 15:21:48,2017-06-23 00:00:00
fd774e7e5b81920c1ffe8af966a3558f,7ee0a3bafb74d553dd58b53458c8fe1b,delivered,2018-08-07 22:36:07,2018-08-07 22:45:18,2018-08-08 18:21:00,2018-08-17 00:58:26,2018-08-22 00:00:00
50987c164be26b0ad4ab868bdecbd6bf,97463eb57cbb8ff9d9848116a89c1b58,delivered,2018-07-19 08:41:00,2018-07-19 08:50:21,2018-07-24 17:07:00,2018-07-25 20:22:38,2018-07-30 00:00:00
df120e93c49ad7a784ea04bf8b97663e,de81217434053692afa726f4995311e9,delivered,2018-02-28 13:51:54,2018-03-01 02:49:12,2018-03-02 00:43:58,2018-03-14 20:18:50,2018-03-28 00:00:00
dde5f036dff77c8687173aee04967268,6fbe0377694f4ac9fd265961072bf0c7,delivered,2017-03-04 18:03:03,2017-03-04 18:15:16,2017-03-07 08:37:56,2017-03-10 06:56:32,2017-03-28 00:00:00
b5839f6ef0df11dd4912bc5bfa299e3f,8af9ca2cbcc90d6735f67957915853f9,delivered,2017-12-01 11:02:53,2017-12-01 11:31:01,2017-12-04 17:52:05,2017-12-12 18:04:31,2017-12-28 00:00:00
9841304c5432e46d9cfd508835b743b1,efb0c18b84807aa7fa6b1fb5a4a04134,delivered,2017-11-25 09:39:29,2017-11-25 09:50:57,2017-11-27 11:38:25,2017-12-05 18:09:52,2017-12-19 00:00:00
099c1abf14984c667bf8026fc23fb0ba,0e2f6f88e0d9f89cff0b39105af8369f,delivered,2017-05-19 17:59:40,2017-05-19 18:15:28,2017-05-23 11:19:00,2017-06-01 15:17:31,2017-06-12 00:00:00
bb82edb761539d57907c3268bb2835db,f1496d0e9e877ce1095c2927f59d7bdd,delivered,2018-02-27 08:43:44,2018-02-27 09:08:55,2018-02-27 19:26:37,2018-03-09 02:26:32,2018-03-28 00:00:00
c54ebaa4a93a3de78a932ba2ce323f68,50eeafa74cb06a1386d9c4bbe6baf9a4,delivered,2017-08-21 09:39:08,2017-08-21 09:45:22,2017-08-23 13:45:17,2017-09-06 20:57:49,2017-09-15 00:00:00
c756513ece003700723bfa5e6f8abc65,bff87edaf15e6cfa480094a5717d9f0b,delivered,2018-03-12 09:39:19,2018-03-12 09:55:33,2018-03-15 20:48:28,2018-03-19 20:38:42,2018-03-28 00:00:00
cd2e5a05dc8ccbe4df9178aa3b210ac7,177e58c62e5a5073715e8d29228e38ea,delivered,2018-06-11 12:39:12,2018-06-11 12:59:04,2018-06-12 14:50:00,2018-06-14 17:48:54,2018-06-26 00:00:00
ce989095754190db3dfe99fdc63e1124,8415ffb440bf6d25ed036387ddbe6a02,delivered,2017-09-11 12:59:24,2017-09-11 13:15:17,2017-09-12 17:57:53,2017-09-26 19:26:59,2017-10-06 00:00:00
dac88f3694b76d45f308db1039604606,ce1017457e1ee6481db53a8110db18c3,delivered,2017-11-02 13:34:14,2017-11-02 13:50:32,2017-11-04 08:35:38,2017-11-09 18:18:51,2017-11-23 00:00:00
f3f1a6aecc9c4e12ac22b27101dbce05,1062c81e88bc1b5def04eabbd1929820,delivered,2018-05-19 22:54:00,2018-05-20 00:44:42,2018-05-21 15:52:00,2018-06-13 14:09:27,2018-06-06 00:00:00
eb09635680fadffb33358e40b05c9029,6f94b1ea17a3f9a486ba749dc9b72959,delivered,2018-03-10 19:52:26,2018-03-10 20:47:32,2018-03-15 21:33:51,2018-03-31 15:23:33,2018-03-28 00:00:00
672171439e56578d2c9370fe77345a50,09f891a12438a14831755819c1338f99,delivered,2018-03-18 01:11:15,2018-03-18 01:28:48,2018-03-20 15:56:34,2018-04-26 20:58:39,2018-04-13 00:00:00
c900c2a8fb7c9834925f3110fd7ed231,2f0d1c8de308c2884ad45bec537ddfe0,delivered,2018-01-11 09:25:53,2018-01-13 04:55:06,2018-01-15 10:52:03,2018-01-26 19:41:35,2018-02-08 00:00:00
dad751910ee8793efe38a28bd04cf1d8,cc8b1556b283b7fcc7b5ae2106a99eee,delivered,2018-08-16 08:16:22,2018-08-17 03:15:18,2018-08-22 11:40:00,2018-08-27 15:32:43,2018-09-06 00:00:00
8b5056c432a43ae02436c309892d84ff,3f900bd55c8b0d06474ca46cf359a998,delivered,2017-07-05 00:57:31,2017-07-06 03:25:32,2017-07-06 13:27:43,2017-07-17 18:12:48,2017-07-27 00:00:00
c9229f668c1028a77a433afa8b93f122,e6373b38f5b4317a6754f63bcb8c6509,delivered,2017-05-14 21:11:45,2017-05-14 21:22:28,2017-05-17 11:59:20,2017-05-19 14:12:17,2017-06-06 00:00:00
02d33b6a9d9e61e68ef9190bd30aefce,93c437a123d1d0df54db7df19b321939,delivered,2017-11-23 15:01:36,2017-11-23 15:13:31,2017-11-28 19:37:01,2017-12-16 18:19:01,2017-12-20 00:00:00
ce2cc2623c66816137c1887f232ace69,480ab762bbcc6642337375d34f848df9,delivered,2018-02-26 20:21:07,2018-02-26 20:30:54,2018-02-28 20:04:56,2018-03-19 18:08:09,2018-03-27 00:00:00
e11780f33e850a77d1b3c2fa13ed5d4b,af1789225641b6acc60f97f3f32f5673,delivered,2018-05-08 11:49:49,2018-05-09 04:31:28,2018-05-10 12:38:00,2018-05-14 17:58:44,2018-05-23 00:00:00
88f2acef90e7ca305b8b5db51dd0be27,544bc20592fcfeb460e15c6f312bdf99,delivered,2017-02-06 13:11:31,2017-02-06 13:25:18,2017-02-06 15:35:54,2017-02-13 08:13:58,2017-03-03 00:00:00
3e27135b0c650634ca397ea4c2943e1e,00a39528c677a55852f57235f988b837,delivered,2018-03-23 17:52:14,2018-03-23 18:08:07,2018-03-28 10:57:42,2018-04-02 20:49:05,2018-04-05 00:00:00
685fba1a5551ac4728f304d9afc1b826,615e08c75d2c15cca541c181358bc5b2,delivered,2018-08-24 16:10:44,2018-08-24 16:30:19,2018-08-28 16:51:00,2018-08-30 15:38:46,2018-09-05 00:00:00
2b5d5c1847d069c5efeb82f4056c15d8,097c16abe2faea176ce88673499b5525,delivered,2018-08-07 17:47:15,2018-08-09 03:50:22,2018-08-09 16:11:00,2018-08-13 22:44:30,2018-08-20 00:00:00
bbb8f308ef79e2783aa8714a4fa7e2a8,2053482e414b4e2f2bd0dc9715f300a8,delivered,2018-04-02 20:56:08,2018-04-03 05:28:26,2018-04-07 00:42:34,2018-04-09 14:52:25,2018-04-12 00:00:00
47a68d6559dccd71f4e167f1b4d5fa8a,3208272b8e9b21b56d16be9ec8d03b0a,delivered,2018-04-04 10:02:07,2018-04-04 10:10:26,2018-04-05 00:38:27,2018-04-09 23:05:27,2018-05-07 00:00:00
380a1cd01e1d188bf799fb08276e32da,eaca42ceea47b823f2265aa4dd3b2a57,delivered,2017-12-18 22:46:30,2017-12-18 23:51:35,2017-12-19 19:42:00,2018-01-02 23:23:39,2018-01-22 00:00:00
60903313e31779a246b126e7e895694c,a3d5d5765cc2e17795e0bbef744c282b,processing,2017-11-28 18:55:12,2017-11-30 18:52:33,,,2018-01-09 00:00:00
de4c5454fb8e64f76ec9689a472b23c7,66b1555c5aaf32eda9799f8c6af3a884,delivered,2017-11-24 14:45:59,2017-11-24 16:52:42,2017-11-27 16:12:05,2017-12-13 15:25:20,2017-12-19 00:00:00
5759a07ad897af5017002314211af1ee,2846a8f4913f4f983358a99bcc979369,delivered,2018-03-30 19:03:15,2018-03-30 19:15:09,2018-04-02 19:16:47,2018-04-14 16:24:38,2018-04-19 00:00:00
a8b8b7289262a652bbc1c042766c97c8,c0f2ac8bda6a84f4d3666f08760d0ef4,delivered,2017-02-10 23:23:35,2017-02-10 23:30:15,2017-02-17 09:54:10,2017-02-24 17:09:47,2017-03-23 00:00:00
08432abcf785878edf1221a0611960ea,48e5d2b2d852ddbca633fe87804939cb,delivered,2017-01-26 20:37:39,2017-01-28 04:34:46,2017-01-30 13:01:34,2017-02-08 14:38:50,2017-02-24 00:00:00
8ed04b54dcdfc2f9daeafb5aa0411644,12d30511157400710800ce34958bfc71,delivered,2018-02-21 22:43:09,2018-02-22 11:15:36,2018-02-23 18:13:26,2018-03-09 23:04:30,2018-03-16 00:00:00
d3a011a36521385bf54a729fce3b6bde,e36989d340a15c6633215aa83087750c,delivered,2018-04-05 10:12:00,2018-04-05 10:28:58,2018-04-09 18:52:26,2018-04-18 18:58:41,2018-05-04 00:00:00
f2b150da2994a9a654a8af90977b9cc9,f079d438f007085c7450888abda83420,delivered,2018-07-20 11:28:01,2018-07-20 11:46:16,2018-07-20 13:54:00,2018-07-26 16:42:53,2018-08-06 00:00:00
d24b287420a2c9f6fcbe91cc11d788c3,cbd695d33e330f53d0d480b280111aeb,delivered,2017-03-14 17:33:28,2017-03-14 17:33:28,2017-03-15 14:23:11,2017-03-22 09:55:38,2017-04-04 00:00:00
ac497fa7b396844289feb8bf6c8ac608,f93df0428349b10970413433e6aa5d6b,delivered,2017-03-24 22:12:48,2017-03-24 22:25:12,2017-03-27 10:20:05,2017-04-04 13:37:53,2017-04-20 00:00:00
313e3fc72246d0f98bde45c221c7bcec,2b5e912b5f0c054a0548725c2f7b6a02,delivered,2017-11-02 11:25:31,2017-11-02 11:45:16,2017-11-08 20:58:46,2017-11-10 20:31:39,2017-11-24 00:00:00
94c6026e6a2dcfeb6847cef50df19736,4419ffd0c94c3507645f8a8e87e42fff,delivered,2018-01-09 13:54:01,2018-01-09 14:09:34,2018-01-11 21:48:48,2018-01-19 21:03:53,2018-02-01 00:00:00
c195e207709acb5b45f5b8d6e67899e3,fa865c3b6a22d9eae6d21cb673649062,delivered,2018-04-18 09:25:19,2018-04-18 09:35:17,2018-04-20 21:24:59,2018-05-10 21:42:38,2018-05-28 00:00:00
fa1bc00c5ff3bb7e0f2de96d76e2ee05,369eb3d661e1d58298d904d8c3be17dc,delivered,2018-05-15 11:59:32,2018-05-15 12:31:36,2018-05-22 10:18:00,2018-06-12 19:32:19,2018-06-08 00:00:00
e08de031276032b05881e30eac0860c9,6e8c1982f98054e1b60a4a3ecfec3fdf,delivered,2018-07-28 13:11:23,2018-07-28 14:30:29,2018-07-31 13:45:00,2018-08-07 18:22:03,2018-09-04 00:00:00
19482dab7e55b687df4b2aec7bf23f55,a0fc515e385cfcd3492a839b02f57cef,delivered,2018-03-10 09:10:20,2018-03-10 09:28:02,2018-03-20 17:33:05,2018-03-27 01:22:57,2018-04-13 00:00:00
52c3edf18680e4785029db436e8c22c0,abf6c27878d1fe953f3aeed7df8a4d32,delivered,2017-07-12 19:56:51,2017-07-14 02:25:49,2017-07-14 16:43:52,2017-07-21 18:32:02,2017-08-03 00:00:00
39d8500c0e37306e6bf2c13d7f298972,7b6558a31dd47d6fbf4907248792e26c,delivered,2017-12-26 21:01:47,2017-12-26 21:10:27,2017-12-27 23:56:45,2017-12-30 15:44:53,2018-01-15 00:00:00
20a18fef7fddaf04fa9f4dd66b3f78f4,e4ea02f816abc2c366d5988b65ced86f,delivered,2018-03-18 21:39:30,2018-03-18 21:50:41,2018-03-20 19:36:50,2018-04-05 19:12:47,2018-04-17 00:00:00
bfd287ec712ec9ad5debe07d10399fb2,8b2ff3f5bafe3a694b5c2c7f3f63f08c,delivered,2018-04-11 12:47:32,2018-04-11 13:09:59,2018-04-12 17:48:46,2018-04-17 00:13:27,2018-05-03 00:00:00
85eab7a4f0d59bd1eccd9fd217691aa6,3df71cb6e2d4c4b0c0b83c0ef3e8f5b5,delivered,2017-09-13 16:24:58,2017-09-14 16:30:22,2017-09-15 19:20:04,2017-09-21 16:19:03,2017-10-03 00:00:00
d1ea13fc1406243e6f6134582bf1bbc5,956db7328e406f8d4ff14c4763d8956c,delivered,2018-05-19 18:18:10,2018-05-19 18:32:31,2018-05-21 12:08:00,2018-06-06 16:49:57,2018-06-25 00:00:00
8dcdc3f032fcbc54ae56d5a0f0c2f18c,f18a529fdb25fa6ac42814aae9bb6431,delivered,2017-03-24 15:46:56,2017-03-24 15:55:29,2017-03-27 11:45:33,2017-03-30 12:56:56,2017-04-17 00:00:00
a054d68189a478a9884aef3fc2fcb6f9,4e8c561a05a9ce1de6804af430f3ea9d,delivered,2017-07-31 19:33:23,2017-07-31 19:50:08,2017-08-01 19:04:38,2017-08-07 18:29:33,2017-08-23 00:00:00
71932b1adae11f63e4a454bb85d4235a,bcf86029aeed4ed8bac0e16eb14c22f5,delivered,2017-04-21 22:16:56,2017-04-21 22:25:14,2017-04-25 15:01:02,2017-05-16 10:47:59,2017-05-11 00:00:00
137e9582e80ce34b3205c7cc8466ec29,1599a28dfa97a32b693d2d3ce29bc2b2,delivered,2017-03-04 22:33:20,2017-03-07 04:23:12,2017-03-08 13:06:54,2017-03-17 12:22:06,2017-03-29 00:00:00
32cd1d979b9373c462bdb9a06e5bf4f3,28a126ef0304974604ae3ac918789e84,delivered,2018-02-21 22:29:07,2018-02-21 22:48:17,2018-02-22 18:32:57,2018-03-09 17:52:41,2018-03-13 00:00:00
e2a0f7c30f5e78d97892b4140fdc0979,13d5c0d8f58b98b7b5fce3cefa1becfc,delivered,2018-08-03 11:27:04,2018-08-03 11:44:11,2018-08-03 17:29:00,2018-08-21 16:52:14,2018-08-28 00:00:00
f0cb299a9702d7db4e501895d61d2baf,3d14ef1b615443e8569574ccf4c70ffb,invoiced,2017-06-10 22:46:28,2017-06-10 23:02:39,,,2017-07-03 00:00:00
008720830a8a30e39e6f22f81818a141,f1af79ed0c452b79fec6a0217f60a6da,delivered,2017-08-13 16:44:57,2017-08-13 16:55:17,2017-08-14 16:12:41,2017-08-18 10:24:01,2017-08-25 00:00:00
1bfc6a0fec1d7e511b040f474ced0c0c,bca0fb95cf743f0e9a07ccc75fc0e407,delivered,2018-06-04 17:27:42,2018-06-04 17:52:43,2018-06-05 19:04:00,2018-06-06 16:32:14,2018-06-28 00:00:00
1300da43ff811b40b28c5c7b8128bf40,bb2f6698ebaced61f5c8d20c2aaabf76,delivered,2018-03-25 21:17:41,2018-03-25 22:00:19,2018-03-27 05:48:45,2018-04-04 20:28:31,2018-04-16 00:00:00
93946756257ca00a0bd35bf9e162718e,10242429481cedab70f61a45e1a9fb88,delivered,2018-06-08 21:21:51,2018-06-08 21:39:40,2018-06-11 13:35:00,2018-06-13 16:32:42,2018-06-26 00:00:00
7fc14928697eee65dc635592072afaa8,d494b02fb3835e2d398d44ea7f275bce,delivered,2017-03-27 21:24:30,2017-03-29 02:10:36,2017-03-30 13:55:14,2017-04-12 19:08:14,2017-04-18 00:00:00
18cc8479fa2db4a1166ab0d28ff2f54b,72c845f0388f7f571639e5bea61a061a,delivered,2017-03-18 16:25:24,2017-03-18 16:25:24,2017-03-21 10:21:25,2017-03-30 13:17:52,2017-04-24 00:00:00
17e6cc1eacf9ee440e45af8b99785845,520e20cf271769ea1844e71104d65956,delivered,2017-12-15 16:15:10,2017-12-16 19:17:22,2017-12-18 22:58:03,2017-12-22 20:06:51,2018-01-11 00:00:00
bccbe20275c5ca847160e9ca42aa220d,b1a61930f7a035bc34f86f22eebed4ae,delivered,2018-05-15 20:36:18,2018-05-15 20:56:09,2018-05-16 15:51:00,2018-05-18 00:42:32,2018-05-30 00:00:00
387ab69cd89bb3ed95402ff3d7f50b94,f15d200ef0ec72271b2f83d53604fde9,delivered,2018-05-17 16:46:01,2018-05-18 00:15:15,2018-05-18 14:57:00,2018-06-08 00:28:33,2018-06-22 00:00:00
f79fa5890e2258ffbfa357dda38402e8,d43631902ab293111a2fc26aae11c230,delivered,2018-04-24 19:20:01,2018-04-24 19:30:18,2018-04-25 13:06:00,2018-04-28 11:05:03,2018-05-14 00:00:00
6175b1fa7ea822df4907c8e4b71fc192,9c2d7e734f6c068b707e9ab0bffd5048,delivered,2018-04-02 17:03:38,2018-04-02 17:15:27,2018-04-04 18:06:47,2018-04-18 00:31:56,2018-04-20 00:00:00
bc3f00ad0efe370a931d034fedaecf61,c72d1cfbb75bd73135c4e6a08a87ff53,delivered,2017-04-10 20:28:34,2017-04-10 20:42:03,2017-04-12 11:54:49,2017-04-17 13:38:08,2017-05-04 00:00:00
62da4cc6aa63ba0c28dd6418ceac3dbc,c88c5bfaeadc82cfb0b11d562db2172a,delivered,2017-04-26 22:55:05,2017-04-27 01:15:19,2017-04-27 11:56:47,2017-05-16 14:33:27,2017-05-26 00:00:00
b0220dd81253d8ca2c9dd8be8caf49b5,36cc031ab99b639ada133b4cb346f826,delivered,2017-03-24 06:12:05,2017-03-25 02:33:45,2017-03-30 16:32:54,2017-04-17 08:06:51,2017-05-05 00:00:00
4b582fb59bf53f9f3e213edbf4917a83,d1509144d1cf3f6f0932a979d3a3b8c4,delivered,2018-04-30 18:06:42,2018-05-01 02:36:35,2018-05-02 08:35:00,2018-05-08 17:27:24,2018-06-08 00:00:00
618a75a5455f1971e39c8bec6af25e8f,6be5849e706666bb0b9ac0fc130efe0f,delivered,2018-01-25 15:01:29,2018-01-25 15:20:21,2018-01-25 23:07:32,2018-01-31 21:14:12,2018-02-23 00:00:00
f1bdbadeb03d8a0e4c6c2f3ffaf32b35,3dd7e34382c3fae6bd89bf41b2c7c291,delivered,2018-07-24 11:25:27,2018-07-24 11:35:32,2018-07-25 14:34:00,2018-08-03 19:12:28,2018-08-23 00:00:00
c1e492840f4fcc3995f6464acd94661f,5cf5b3de76c53f7cf0c8b9a614318002,delivered,2017-03-30 17:32:37,2017-03-30 17:45:13,2017-03-31 14:43:03,2017-04-17 08:10:18,2017-04-28 00:00:00
b4e2b782ea1fa86d7abf9fc538af9005,e1c0318960b73aa3bd90b9500f7ba6fc,delivered,2017-11-24 03:37:31,2017-11-24 03:49:23,2017-11-24 18:56:59,2017-11-25 13:23:00,2017-12-08 00:00:00
84a29ed9a83dd55591f24898abc6f1c7,f216989f29fffd9bdbb0debc76afe3f7,delivered,2017-05-29 21:09:38,2017-05-29 21:22:43,2017-05-30 09:12:36,2017-05-31 14:21:34,2017-06-09 00:00:00
c3f76f14ce3587ab9df86c8caaac928c,f96e15f676d7314516ac863a42da8b4f,delivered,2018-05-30 13:49:32,2018-05-30 14:16:44,2018-06-01 09:05:00,2018-06-04 23:48:35,2018-06-18 00:00:00
5e105321549880c6b806ccb3605eb980,2fd639782d6044fb98e1370ce3acef0b,delivered,2018-07-23 09:19:56,2018-07-23 14:31:47,2018-07-23 15:21:00,2018-07-31 18:42:29,2018-08-14 00:00:00
a6b1ef6078eba08fce9fdc3263d690c1,8912c3b927be99f1f80b81354883114c,delivered,2017-10-21 14:31:35,2017-10-21 14:49:40,2017-10-24 18:58:50,2017-11-08 18:04:19,2017-11-14 00:00:00
2a1ca5e0a47b3b8fdbb8da5b34ed45e8,5c4c2390111b27f6f0289038407b381b,delivered,2018-04-10 16:25:39,2018-04-10 16:35:19,2018-04-11 19:06:28,2018-04-18 00:51:19,2018-05-02 00:00:00
0dd1400bcb0a842a18f9f659e724f7ff,3a5a9c83ac1027afafe0598a12c7d6d3,delivered,2017-10-07 14:34:19,2017-10-07 14:49:14,2017-10-09 17:47:54,2017-10-16 14:06:01,2017-11-01 00:00:00
2e24aeccba21e9699a167d51dbc35fc9,23bc2804a5d9ee2d56d3b5b2bfcdbe1a,delivered,2018-06-18 21:03:26,2018-06-18 21:18:01,2018-06-26 10:07:00,2018-07-06 14:23:05,2018-07-19 00:00:00
1a867802edf4f74cef9de8cfe691e5f3,a373b0a9df3236a0bd069c9a01922713,delivered,2017-10-02 12:34:59,2017-10-02 12:49:26,2017-10-03 19:04:23,2017-10-11 12:00:11,2017-10-27 00:00:00
a4bd0ba6a11d3e4dda50d5d4c23952d8,5c64020e37f618d9a40f45d7fc5a7970,delivered,2017-03-20 13:45:06,2017-03-20 13:45:06,2017-03-21 15:21:24,2017-03-23 17:15:57,2017-04-17 00:00:00
87f795f6abd4bbe786854091a9c6e651,23d432ad2fda40be9a59b060703503f8,delivered,2017-12-30 11:01:42,2017-12-30 11:13:28,2018-01-05 22:10:54,2018-03-20 00:12:42,2018-02-02 00:00:00
10c3c7fea20a1ed15c6e55e90b3fb084,674fa8530087a50d62a68830c4221ce0,delivered,2018-02-08 19:22:36,2018-02-08 19:35:32,2018-02-09 23:48:47,2018-03-19 18:54:42,2018-03-02 00:00:00
69df1d467702671ed04aaa60c5996701,1a56026e25c55e895a50fc6927743c1a,delivered,2018-03-09 23:07:10,2018-03-09 23:20:28,2018-03-13 10:18:42,2018-03-16 13:06:57,2018-03-23 00:00:00
5a9f106e9db0c818cee0c5c4a5efb352,b46b92545792b60cb001d909c3831ebe,delivered,2017-02-08 19:33:34,2017-02-10 02:45:37,2017-02-13 01:52:19,2017-02-17 17:47:57,2017-03-09 00:00:00
402094e1d8f8b5f681f962bc2554345a,a9cade3439281b14f81dbaa4ea56242c,delivered,2017-11-24 20:06:04,2017-11-24 23:14:53,2017-11-29 00:02:29,2017-12-13 20:32:54,2017-12-21 00:00:00
5ed0ef9993cc883d89e624dbb08fb74f,32810b0f4b9819d00a42b73956854780,delivered,2017-08-01 19:32:27,2017-08-01 20:27:25,2017-08-02 18:17:04,2017-08-08 17:07:56,2017-09-06 00:00:00
067cdcc9257641b7d0ed7a49a466dd8d,b4a44120b7b9e503fc473b953771df90,delivered,2018-08-02 15:53:58,2018-08-02 16:24:04,2018-08-03 11:06:00,2018-08-10 21:32:44,2018-08-28 00:00:00
0888cf8a7f975f34f13e851049b35dd6,9b98fa6c604ac83f3031c2894205632e,delivered,2018-02-28 21:17:37,2018-02-28 21:29:07,2018-03-02 00:25:03,2018-03-15 19:07:53,2018-03-20 00:00:00
b7a7ac8cd7f24354a07b090362fbb6bd,41e8d9c16fbf082197a4584299fc7c03,delivered,2018-06-25 23:07:50,2018-06-27 08:53:26,2018-07-05 09:41:00,2018-07-06 20:04:51,2018-07-23 00:00:00
1816604dbb7f5d2f152dec74b3379aa2,250611bb96a6ae1849bd7815cf3b67a0,delivered,2017-07-26 20:06:20,2017-07-26 20:15:22,2017-08-02 11:55:50,2017-08-10 19:40:14,2017-08-28 00:00:00
dcd8f0cb152fc6a01d1f98726d00696c,b24ed72a67bb8e128eb4eb427d47a3d9,delivered,2017-11-12 18:40:08,2017-11-12 18:50:37,2017-11-16 19:38:35,2017-11-22 01:41:08,2017-11-27 00:00:00
0332758ed6bf8f4c1ffa5b6bf5b5725d,1f09757902b8881d55a29f5380d546de,delivered,2018-03-01 18:43:02,2018-03-01 18:50:33,2018-03-09 15:38:34,2018-03-20 13:28:58,2018-04-10 00:00:00
df473c5f4e43c7d63af78684cc44c521,f31f6b6f82104984ce2ee05d9f9c755c,delivered,2017-11-22 16:06:05,2017-11-22 16:26:29,2017-11-23 19:17:12,2017-12-04 18:37:13,2017-12-13 00:00:00
0be5691eb4c245d190a1e194494f754d,f7c5afab273b47ab517e096e0219b932,delivered,2017-09-05 15:32:33,2017-09-05 15:50:35,2017-09-06 19:37:44,2017-09-11 22:19:57,2017-09-28 00:00:00
ced5e18d913f7ce60b82578152422dbe,abf6e5a27ea027a46312283be02c821b,delivered,2018-07-23 17:54:39,2018-07-24 10:32:13,2018-07-25 14:53:00,2018-07-31 21:35:44,2018-08-13 00:00:00
af4b4e5e7cc290c42e0935df9ff3479c,4771fab6923ee8f000507e1118bda0ca,delivered,2018-03-10 16:34:24,2018-03-10 16:50:26,2018-03-29 22:24:42,2018-04-13 11:46:27,2018-04-18 00:00:00
e0fd66782409b23632b81b1c01c46c24,50c123c170cef36e20c9c01d526338d0,delivered,2017-06-25 14:15:58,2017-06-25 14:25:17,2017-06-27 15:07:33,2017-07-04 17:11:36,2017-07-18 00:00:00
fa1965c98f3d6c3a1fe5589129ee48dc,d05edc01533822ed476dbac0d96b63c5,delivered,2017-10-02 18:51:44,2017-10-02 19:05:30,2017-10-05 21:20:27,2017-10-18 21:09:54,2017-10-25 00:00:00
2da3f67af1db377e56dc9a07b969c9aa,7dcde5c8da2d7cd96e956c560e76a013,delivered,2017-09-13 21:52:09,2017-09-14 02:55:30,2017-09-15 18:13:09,2017-09-18 18:59:36,2017-09-25 00:00:00
ce8f65c6a6f857ba818c5ef5e7637033,37e079aa2713f29471a4ad7a8b25b2a5,delivered,2018-06-09 17:46:29,2018-06-09 17:55:18,2018-06-12 14:37:00,2018-06-27 13:08:40,2018-07-18 00:00:00
9072e2cde2e421bafb3a41d3f01c7dda,4c67f376c7f7992759da86c187c29cbb,delivered,2017-05-03 13:59:16,2017-05-03 14:10:19,2017-05-11 14:29:04,2017-05-26 10:37:26,2017-05-31 00:00:00
2d7561026d542c8dbd8f0daeadf67a43,8199345f57c6d1cbe9701f92481beb8d,delivered,2017-03-15 11:24:27,2017-03-15 11:24:27,2017-03-16 09:29:16,2017-09-19 14:38:18,2017-04-13 00:00:00
d2ce7421730f81ac57551e623ed3522d,873967bfecc663740e5d43930cc64b7b,delivered,2017-04-25 16:48:35,2017-04-25 16:55:23,2017-04-27 10:00:13,2017-05-17 10:18:51,2017-05-16 00:00:00
307ffd3273b9aa8140ad9f386879baf6,7f237995907385fce112294e9dbf469d,delivered,2017-08-09 00:06:48,2017-08-10 00:15:32,2017-08-10 19:47:58,2017-08-16 20:51:44,2017-08-31 00:00:00
c2100d40d4b85ba8fc3633a85df8af87,741ecbacde649cad82e6c1666e9dc0cb,delivered,2018-06-05 11:49:18,2018-06-05 14:31:35,2018-06-05 13:45:00,2018-06-12 16:09:54,2018-07-17 00:00:00
b016b176ba1599cc8e192f447c432bab,d3cf1a567ec1782e9ba40f577651ebf5,delivered,2018-06-12 10:55:06,2018-06-14 02:17:45,2018-06-15 12:04:00,2018-07-03 16:12:18,2018-07-03 00:00:00
ba1d49ebc63a5776178f2b7ae10f0fae,cb268689b30fc005db087c7f3b2fdcee,delivered,2017-12-09 21:39:31,2017-12-09 21:49:31,2017-12-11 17:17:10,2018-01-09 19:07:40,2018-01-08 00:00:00
199b69907d6218811c47ec3480d11812,7d755564d79200285d76ddc0378906bb,delivered,2018-07-20 23:39:22,2018-07-24 11:32:14,2018-07-25 11:57:00,2018-07-30 20:28:53,2018-08-03 00:00:00
85d868c1adad7faa7378efd85048d0fe,06ea539f2f9ea62188a9603255022f8a,delivered,2017-08-02 13:22:38,2017-08-03 06:45:16,2017-08-03 20:27:25,2017-08-04 17:55:39,2017-08-15 00:00:00
62fd94635a316b1af6e68fad6c4f3d02,ba0bc48c8813635bfaac7d201af8fdd3,delivered,2018-03-10 15:48:31,2018-03-10 15:55:30,2018-03-12 17:18:41,2018-03-20 18:52:46,2018-04-19 00:00:00
c32fc9ccb03292ac2e7a2c2f027394ff,36051f35d72db8e13c444673d6599889,delivered,2018-07-17 08:58:47,2018-07-17 09:10:20,2018-07-17 12:07:00,2018-07-24 15:17:42,2018-08-14 00:00:00
6b62b6fb8e065b8f7fe252c9850a62da,ca7b4ec47007166e0e759e6a199dcb93,delivered,2017-06-29 09:14:33,2017-06-29 09:25:21,2017-06-29 09:57:44,2017-07-10 18:02:38,2017-08-01 00:00:00
069d3deb0a2f7dec8447aa0140aea178,3cfbb410f95cea8ee7ee4d94816ef1ca,delivered,2017-07-08 21:14:03,2017-07-08 21:22:59,2017-07-13 12:54:24,2017-07-24 17:38:01,2017-08-07 00:00:00
5f9a1c89de3d5b9589622f33ee136871,7cca22c60c77d6d15ffbf8619f4f3a58,delivered,2018-06-28 14:45:33,2018-06-28 14:55:15,2018-07-03 06:08:00,2018-07-11 22:51:34,2018-08-01 00:00:00
0dfc5762a0ff5c737811e18023883a86,02735ed0fa102eb7d85ff54982e7905a,delivered,2017-05-04 08:38:54,2017-05-04 08:45:23,2017-05-05 11:27:56,2017-05-17 10:27:32,2017-06-09 00:00:00
5a28f02f8dfebb2357b3ecdb2ae55430,2505800b435d9cc0ffabe667edbbd708,delivered,2018-05-11 12:15:53,2018-05-11 12:30:58,2018-05-11 13:51:00,2018-05-22 18:53:25,2018-06-18 00:00:00
890f5964e17264069a75405d83bbce38,a904ff020577452eeffa659b4fdaf1f5,delivered,2017-12-31 14:36:07,2017-12-31 14:47:30,2018-01-05 19:10:53,2018-01-23 17:09:18,2018-01-26 00:00:00
d49a2214238550c6f2fc4e5bfc7d92da,592c3481ee43eea664305aad2558f2b2,delivered,2017-04-29 11:48:05,2017-04-29 12:03:18,2017-05-02 14:57:41,2017-05-05 15:17:57,2017-05-25 00:00:00
52fbf883cea22e6627c1aa7c49ecd8f8,d26edaaa7b906d0c93f628f77fa32e3b,delivered,2017-05-14 18:13:02,2017-05-14 18:22:34,2017-05-17 07:29:44,2017-05-31 00:44:59,2017-06-23 00:00:00
1f9102e61cbd0d6147b706875c920a72,ea13ed4c5895346a9bc1edb29a2f26ec,delivered,2017-11-26 16:11:57,2017-11-28 03:18:38,2017-12-04 14:37:09,2017-12-07 18:07:10,2017-12-15 00:00:00
3c964e5625c2d5b6ace8c0b038a03460,9e0c8cfab7bdb0ba76c418336f94c865,delivered,2017-11-29 19:41:24,2017-11-29 19:57:21,2017-11-30 22:32:02,2017-12-27 16:52:21,2017-12-27 00:00:00
45a3ad6381d921b1ec16fb788b2a9a19,b9c4b8634e1ee526d9a5916df5e7ed46,delivered,2018-03-28 21:38:36,2018-03-28 21:50:11,2018-04-04 00:12:48,2018-04-13 18:13:29,2018-04-30 00:00:00
6bce4e879e07d52ce8463ff404506751,a810d2a85a09ed40bbdf9e9ee4096d16,delivered,2017-03-03 13:19:35,2017-03-03 13:30:21,2017-03-09 08:50:55,2017-03-15 06:42:02,2017-03-22 00:00:00
7cf775f7ac856a4e689ffa4affa3a80d,9d89495735e0c0d9be97e8febc4989a1,delivered,2017-09-27 21:11:22,2017-09-27 21:24:45,2017-09-28 19:07:42,2017-10-09 22:32:59,2017-10-24 00:00:00
58d466df9508e837366847decaefcac5,90f8f6153b9c0f38829716d2320b2680,delivered,2017-07-24 07:56:34,2017-07-24 08:05:52,2017-07-24 13:51:58,2017-07-25 21:58:38,2017-08-11 00:00:00
535b29494ee7ee79968ec7d9f42b3e23,2d596bb7b0819497568b4954c232d499,delivered,2017-09-25 07:47:12,2017-09-26 06:32:47,2017-09-26 16:30:14,2017-10-06 13:17:38,2017-10-19 00:00:00
ff5bf12997a3e2a32981ad70369bd708,8da8749f70c2d4c05bba24dfddb47065,delivered,2018-04-24 11:15:07,2018-04-25 03:30:15,2018-05-02 15:20:00,2018-05-10 16:04:33,2018-05-22 00:00:00
4cd45eb856471e6d7d1f85e585b81041,279a316b31aac761c16483859fa9d33b,delivered,2018-06-28 10:05:44,2018-06-28 10:15:11,2018-06-28 14:20:00,2018-06-29 13:11:06,2018-07-12 00:00:00
4f39a9f31c5a7d46ecfc92571700a6f9,0800b1a9b387519a58e8905f745f5f6b,delivered,2017-07-08 12:38:27,2017-07-08 12:50:16,2017-07-11 19:14:00,2017-07-20 22:13:42,2017-08-09 00:00:00
a72c7ab8344502cd9a7614aa0af4ab68,005460bea0518c7354f01adf10012184,delivered,2018-04-11 12:23:21,2018-04-11 12:37:12,2018-04-12 15:07:35,2018-04-18 21:31:44,2018-05-02 00:00:00
7f8b38a8af20de6f906cfd9a585dae13,f3a1fdd0863c859cc6f71a1b4b935e51,delivered,2017-11-28 09:15:36,2017-11-28 09:35:10,2017-12-19 17:04:21,2017-12-27 21:25:49,2017-12-18 00:00:00
4be69a31714c77604076ab0004055c6c,64f5f567fef8b7faab9a3c95e572cf3c,canceled,2018-01-31 19:30:37,2018-01-31 19:49:47,2018-02-03 02:33:05,,2018-02-22 00:00:00
ce399271de0275f62753cadf440e3012,5a7801ea62f370b2c39569ef4cfec955,delivered,2018-06-07 16:16:08,2018-06-07 16:41:20,2018-06-08 14:39:00,2018-06-18 14:50:32,2018-07-05 00:00:00
41bf9e63c5e66515cd080325bdbc2015,7d49493a8c9e940d1e75b3dd732191f3,delivered,2018-06-15 15:25:57,2018-06-19 03:36:38,2018-06-19 13:06:00,2018-07-03 23:21:46,2018-07-18 00:00:00
01ccfbb0ddf88340b6eed3f1370bcf0c,0b81ac66ced97049984bd7faa500cdda,delivered,2018-08-21 20:20:09,2018-08-22 20:15:07,2018-08-23 17:47:00,2018-08-31 02:12:04,2018-09-13 00:00:00
59121762c43937db5346b773db68db47,65b64abed60b94bd3f36fc2361b7f691,delivered,2017-09-14 21:29:41,2017-09-14 21:45:17,2017-09-18 21:47:35,2017-09-28 17:00:03,2017-10-09 00:00:00
5a872b37ac143343156a0dc43f1a19fc,2208a5c21b9631036dc7eb52632f493b,delivered,2017-10-10 10:24:59,2017-10-11 03:14:11,2017-10-11 21:13:05,2017-10-20 22:43:30,2017-11-03 00:00:00
2eabf18a592d25bccb2e8778a7ea08e4,460542533cc122abe1f9cc18f2dfa8fc,delivered,2017-12-20 12:16:24,2017-12-20 12:32:03,2018-01-02 16:02:49,2018-01-15 10:09:32,2018-01-19 00:00:00
a1b21ec2261790512fee2636be05ae42,2b5dc04ffe1d16608eca457ec50f4920,delivered,2017-07-17 19:00:49,2017-07-17 19:15:15,2017-07-21 09:48:13,2017-07-28 20:46:24,2017-08-09 00:00:00
1f4e46205be9ddf4f9b0e98b11a1a570,3af5a6102aff51aa12cfc86b57b7d690,delivered,2018-04-18 16:59:40,2018-04-18 17:33:44,2018-04-19 23:51:31,2018-05-04 14:51:40,2018-05-11 00:00:00
d3af2af4c9e5b37fbf3379cfd6d45b01,f5ef1d61f9b1189ae6575725718fe8b1,delivered,2017-05-09 20:50:26,2017-05-09 21:02:49,2017-05-17 11:07:55,2017-05-18 08:59:51,2017-05-17 00:00:00
3f7d4510666c881c335f9ca51b9db9cb,a1208bd625ecc4195a9a93c9c1b9865c,delivered,2017-12-03 17:25:24,2017-12-03 17:37:23,2017-12-04 19:09:10,2018-01-05 01:21:55,2017-12-28 00:00:00
bf96351a058bdba11dcdb09a1ff86612,386563f8bf52f347e146f6215bb2682d,delivered,2018-02-04 21:44:05,2018-02-04 21:55:32,2018-02-06 01:28:28,2018-02-14 19:31:35,2018-03-05 00:00:00
f4ae2ab52b8c6e093b06d6656ee4d351,a4a02a5a0bc285e311c14dbdbfdb4269,delivered,2018-01-24 00:23:50,2018-01-24 00:34:53,2018-01-24 18:22:57,2018-01-26 20:39:05,2018-02-08 00:00:00
3bb493e523dae107dd7c396489bcbd0b,34922a60c988e6e3a911229a89beca90,delivered,2018-05-30 14:54:26,2018-05-31 14:54:47,2018-06-01 14:39:00,2018-06-15 14:05:24,2018-07-18 00:00:00
af3ac636ad9bd84b524effaba1214126,90a4bdf0959e73f0c09e657d9bb90d0f,delivered,2017-03-03 19:47:15,2017-03-04 19:50:20,2017-03-10 13:02:11,2017-03-22 09:23:58,2017-03-27 00:00:00
a7b8a8948215052693fd30a5c9ab6736,f92d046045b809c41d7969fdc8021a1e,delivered,2018-03-17 11:33:32,2018-03-17 11:48:52,2018-03-23 02:33:09,2018-03-28 17:38:35,2018-04-05 00:00:00
3f237ed2840facebde719d4501dd7d30,898bc91132dc94d6f216ddf9b0a4e2e8,delivered,2018-02-09 21:17:17,2018-02-09 21:30:27,2018-02-14 20:07:43,2018-02-26 15:41:51,2018-03-06 00:00:00
04eef545c54d444825c506ba170a26bd,c5a0073d6661564548122a1570ede3b0,delivered,2017-04-24 19:29:09,2017-04-24 19:45:16,2017-04-25 10:36:56,2017-05-26 12:39:56,2017-05-15 00:00:00
d5ea2169e37b50c52923ed4e62482bda,29f12840031180eb478a0c13001b0ca4,delivered,2017-05-29 14:32:09,2017-05-30 04:42:44,2017-06-01 11:55:36,2017-06-02 12:15:18,2017-06-19 00:00:00
97514c152882f3625b91ce58ddc0c3b6,24d4b8f86f9a112d72f1a22858fbd636,delivered,2017-09-21 08:35:08,2017-09-21 08:45:39,2017-09-21 15:52:47,2017-09-28 21:02:05,2017-10-17 00:00:00
219c7d529a76ebdffe8380819ee7aa24,86a55360201ddd99b68ab34c17970492,delivered,2018-01-13 18:47:03,2018-01-13 18:57:25,2018-01-15 19:24:44,2018-01-22 16:47:08,2018-02-20 00:00:00
445dfa2b420c1f20eba83ec3d5ce8993,3d6ddbb637f290c98124b3cb79ee563e,delivered,2017-10-16 16:33:10,2017-10-16 17:08:30,2017-10-18 22:26:52,2017-10-26 21:32:28,2017-11-08 00:00:00
df1b378ac0b21d71ef1e642971d31530,dfd18dbef42d2d617d822af592b2fa62,delivered,2017-01-14 16:10:59,2017-01-14 16:22:27,2017-01-17 16:33:58,2017-03-14 15:44:15,2017-02-24 00:00:00
c7b67f6e3ee300d8fde6627ae6b50041,f26d58fcd47c90dcb5e0e03bd137051e,delivered,2018-05-05 21:31:10,2018-05-05 21:50:50,2018-05-07 08:28:00,2018-05-15 21:35:29,2018-05-22 00:00:00
50bb0c134ee3365dd06e13da6cda15fe,95cf2f1f5ef26bb509b276c5f7037646,unavailable,2017-12-29 16:31:58,2017-12-29 17:00:31,,,2018-02-01 00:00:00
fa89b2c9bc90956a517714880dfeb6ac,f2b88194d68ac45551d759ed2afee2bb,delivered,2018-04-18 18:53:22,2018-04-18 19:12:45,2018-04-23 10:10:44,2018-04-27 20:58:35,2018-05-14 00:00:00
b21727c169d91071518836ff346b0c39,acf12b8516200017bdb650d979a4086c,delivered,2018-07-22 17:19:08,2018-07-23 17:15:20,2018-07-25 12:35:00,2018-08-01 01:05:43,2018-08-15 00:00:00
74e198a81e758ec637a42e8f2e856927,cf4ac5bebc177cc2f3accbcd7e12bd50,canceled,2018-08-18 09:27:28,,,,2018-09-17 00:00:00
75687059537f4b53423dc1d645c6822f,239e040dfb9ecf20be36947bbea5fa0f,shipped,2018-02-28 21:28:33,2018-02-28 21:48:26,2018-03-03 00:05:26,,2018-03-19 00:00:00
42e5f73161b3e88fdadd792613be1da9,34a4d97b83f57da56a9bd770932ae017,delivered,2017-11-25 14:15:57,2017-11-25 14:30:44,2017-11-27 18:22:48,2017-11-29 18:29:04,2017-12-11 00:00:00
020c2cd20d09193b79c51797a82aaa3e,5fd34b6c7233619283197ff572e5e966,delivered,2017-11-28 14:19:00,2017-11-28 14:30:56,2017-11-29 16:24:41,2017-12-04 18:08:52,2017-12-21 00:00:00
6ea05fe0bc7ce79a766cea430fb1ea56,663b2f4912cde86eb883a82b848b75ce,delivered,2017-11-27 09:12:29,2017-11-27 09:31:02,2017-11-27 23:17:01,2017-12-17 12:42:06,2017-12-18 00:00:00
ef389a7e5f6a3789e5db7366d2805c4a,206877afc50ffd4a75034661b48ea057,delivered,2018-02-13 12:51:31,2018-02-13 14:35:24,2018-02-15 20:28:47,2018-02-22 00:39:19,2018-03-09 00:00:00
17b6e0171d3c86549c28e1630bff91c8,5800e1fa39d7469cee0504def8e4acce,delivered,2018-03-26 19:47:38,2018-03-26 20:06:55,2018-03-27 19:12:38,2018-04-02 21:18:34,2018-04-18 00:00:00
be6e0e5aee2918775fc14dfe68d18a37,ff3fb57f76210bacea765b1f7d8876ad,delivered,2018-06-13 02:16:03,2018-06-13 15:28:57,2018-06-14 15:08:00,2018-06-25 20:32:17,2018-07-11 00:00:00
28781e0706467b15858facab8a22ba5b,ccd29dc7fdb34938b17b1edb309f4144,delivered,2017-03-08 21:48:05,2017-03-08 21:48:05,2017-03-13 07:17:34,2017-03-17 12:08:19,2017-04-07 00:00:00
e4d8efa70d39268e478a400cd60f6e05,198346aca2ea3817a0ab900610c9ca5f,delivered,2018-03-04 14:24:21,2018-03-04 14:35:23,2018-03-05 16:48:34,2018-03-08 22:09:30,2018-03-28 00:00:00
77e102ecf08e057581ef2ce55c80c6c0,4cd81e890532dc8cf4ee9c2667629e43,delivered,2017-01-19 12:02:28,2017-01-19 12:21:38,2017-01-23 11:58:06,2017-01-26 11:12:14,2017-02-15 00:00:00
5dbd736e8af7fa0c1c7528c53b2d2f5c,21e69ff635b0200760b86b80ed80e7f1,delivered,2018-06-17 18:20:59,2018-06-17 18:34:08,2018-07-02 13:43:00,2018-07-03 19:06:47,2018-07-03 00:00:00
f795a37f40d58c4385cac618d078f202,7e56c2f611900bc524fed3a1c4b3b640,delivered,2018-06-29 09:18:48,2018-06-29 09:35:10,2018-07-03 15:39:00,2018-07-06 18:47:22,2018-08-03 00:00:00
ebb84f02334991a573fe0a654f19a056,4f2dfeb959a2433ea55a19d655c41f00,delivered,2018-08-20 14:57:03,2018-08-20 16:30:36,2018-08-21 14:56:00,2018-08-24 15:52:04,2018-09-18 00:00:00
1114091b46acad2586d4f3b4d9a24ad5,7ab308e3492fdcf0bddccc03a53fc67a,delivered,2018-03-26 17:08:13,2018-03-26 17:27:53,2018-03-28 20:06:33,2018-03-31 12:08:26,2018-04-20 00:00:00
7e41af71933a120d6d0fcf9249f19a85,3d8a7d2f7d603be047ead30ebdb9665b,delivered,2018-08-20 10:38:17,2018-08-20 15:11:53,2018-08-21 11:24:00,2018-08-24 23:04:47,2018-08-31 00:00:00
00af3d9ddff7f256e83d79247dbe1a9f,279084854f91753f3c2feba81d4573a5,delivered,2018-02-21 12:11:48,2018-02-21 12:30:31,2018-02-22 18:52:19,2018-03-07 23:47:31,2018-03-26 00:00:00
587d1c2d41167fd632fc7a7e6e6d03a4,0272a0e26ecc9271a51cd41921623e92,delivered,2017-02-05 23:12:12,2017-02-05 23:25:13,2017-02-13 15:22:51,2017-02-22 07:12:17,2017-03-03 00:00:00
5451f2c09029166e1682b8f0d0ce98b6,a44362a019fe8b1358893deb2ebdaffd,delivered,2018-03-01 08:11:23,2018-03-01 08:29:03,2018-03-01 23:48:44,2018-03-09 21:08:42,2018-03-22 00:00:00
693c482b69198a2297a3b61befcd3890,01cd5f54498033a3b4820866458145e4,delivered,2018-04-01 21:14:11,2018-04-01 22:10:26,2018-04-05 21:12:26,2018-04-10 20:08:41,2018-04-19 00:00:00
0a075803f6a9f73007c86d42003cc231,e5f9d792aee28c3e58bef63830800b1a,processing,2017-03-31 00:03:06,2017-03-31 01:10:35,,,2017-04-28 00:00:00
f154c7c62bc53e3c7ed82713abb2c96c,24dcda920a2f70b4ee8cd24fbf13043b,delivered,2018-05-12 18:49:18,2018-05-12 19:16:38,2018-05-15 07:55:00,2018-05-17 16:28:31,2018-05-25 00:00:00
1d8d38e40026ed1b2eb7a2e898c31ebf,c3ae39465419f9f2717e48728255a7b2,delivered,2018-07-19 09:23:59,2018-07-19 09:43:16,2018-07-20 17:42:00,2018-07-25 21:06:35,2018-08-08 00:00:00
ce44f44ee93f1deea42e493e84b5cd63,ebee8a6050baa684aa8ed76b90c0cecf,delivered,2017-10-06 23:13:21,2017-10-06 23:28:07,2017-10-20 22:38:49,2017-10-31 21:32:11,2017-11-08 00:00:00
dc17587e6349f0e37fabd902991359f4,85b757074a5477bf9975e7cfc3f574fc,delivered,2017-04-24 22:34:23,2017-04-24 22:45:11,2017-04-26 09:44:09,2017-05-10 12:03:42,2017-05-16 00:00:00
da3c5f58df5d64e0b04915c5ef0f2a6c,41339559e17405fd2dd66312dd70e52c,delivered,2017-06-12 18:39:11,2017-06-12 18:50:14,2017-06-13 13:05:35,2017-06-19 14:43:56,2017-06-26 00:00:00
2fc58fd97ab3288872ad6b35bbd712c3,85fdc9f140218413947b78ea86ce9855,delivered,2018-04-29 09:34:52,2018-04-29 09:55:01,2018-04-30 15:05:00,2018-05-02 21:16:52,2018-05-09 00:00:00
903f37040518ff60300da0229eaf9e57,569f5a9d54e97be521a19279e81c6f87,delivered,2018-01-24 00:24:19,2018-01-24 00:35:35,2018-01-26 22:42:35,2018-02-14 22:52:30,2018-03-13 00:00:00
2e3a1177e30ae6d784240896e5441c55,d524244808bcd4e2c485fa0cdae9f54a,delivered,2018-04-08 16:24:24,2018-04-08 16:49:26,2018-04-09 16:28:41,2018-05-04 16:27:50,2018-05-04 00:00:00
b63188e48794609460e6d33e5cb7b480,861744f1359cbaff09e3bbe61ce0fc08,delivered,2017-06-13 18:45:57,2017-06-13 18:55:31,2017-06-22 13:45:34,2017-07-03 17:33:40,2017-07-14 00:00:00
5fe2df2e3a6df134feba908c1ae1a63d,5af8ae09d2997ccfadcc3ee3802d4053,delivered,2017-04-27 08:46:47,2017-04-27 08:55:17,2017-04-28 17:52:54,2017-05-08 13:35:57,2017-05-29 00:00:00
966a9df285b6bbab1516a5776a4eba6b,91f3a48792b867c22d0e909f4087d966,delivered,2018-06-13 13:15:28,2018-06-13 13:41:40,2018-06-14 09:50:00,2018-06-20 15:42:12,2018-07-05 00:00:00
ada2aa22aa5d4a7ae4092124f8974813,cd2f24505004f52854f50cae51d90f9b,delivered,2017-09-26 19:37:01,2017-09-26 19:49:15,2017-09-27 17:39:00,2017-09-30 12:37:52,2017-10-18 00:00:00
f9ec88f49637ef75f91d3b52f89b2809,f9221637539179d48001ecf3e5311cc9,delivered,2018-04-12 16:54:10,2018-04-13 02:32:07,2018-04-13 17:32:29,2018-04-30 19:06:47,2018-05-14 00:00:00
3bc051d51f6d4913e2d5aa5c23322082,15272c15e3fe4645525d8e796fad16b2,delivered,2017-11-24 10:39:15,2017-11-24 12:13:25,2017-11-27 20:21:57,2017-11-28 23:18:59,2017-12-11 00:00:00
33c00e6b5e5d1f829753828969590a33,32bf3df42f4a846dc888178f9e276111,delivered,2017-07-16 09:17:43,2017-07-16 09:30:12,2017-07-20 17:42:16,2017-07-26 17:32:52,2017-08-04 00:00:00
c050bbcc027f638bdea34842450ed4eb,e6c868341f8287419a56490ac96e81fd,delivered,2017-03-13 17:48:32,2017-03-13 17:48:32,2017-03-15 09:48:42,2017-03-28 15:17:30,2017-04-18 00:00:00
5dae8914499e60f98b65ea4094c69880,de8390abbc527745eca27f23b6c4f9f8,delivered,2017-02-28 17:52:26,2017-03-09 10:04:24,2017-03-14 00:08:25,2017-03-20 06:51:41,2017-03-24 00:00:00
b30659f06b33fcd3ffad36f031b503e4,d6dc1f2356615d3e02cec3ce83e28783,delivered,2018-04-22 15:17:49,2018-04-24 18:26:05,2018-04-23 21:51:59,2018-05-08 23:18:39,2018-05-18 00:00:00
29658becd07b8b8ae3d13366b9cb10cc,0bfa1bc373e0b5b09842638f464bd547,delivered,2018-06-13 10:11:51,2018-06-14 10:19:56,2018-06-14 15:48:00,2018-07-03 21:34:41,2018-08-03 00:00:00
06475c925f62299396ae63b9e9468486,08413a7d01b73094974b41e36cf77094,delivered,2017-09-05 11:05:36,2017-09-06 02:50:51,2017-09-06 15:32:43,2017-09-12 19:36:37,2017-10-02 00:00:00
9c282d27e99fdd862f146b2a7a097b58,13355f11c5197e83d423eaee3abe63d2,delivered,2018-04-12 18:56:41,2018-04-13 13:14:16,2018-04-13 22:48:33,2018-05-03 14:08:38,2018-05-14 00:00:00
e6f98f32bf5e724269a5e9cb2529f2e3,77128668aa910d3b2fb6627ac64c709c,delivered,2017-10-16 12:11:31,2017-10-16 12:33:55,2017-10-20 18:36:31,2017-10-25 19:11:22,2017-11-01 00:00:00
7ef0e1c98232d43b6e92ab32795aeb06,0263aeaed91e6e4375aa412acecf9c79,delivered,2018-05-15 10:48:07,2018-05-15 11:14:38,2018-05-16 14:49:00,2018-05-21 23:52:41,2018-06-04 00:00:00
23dd5794f9e689dc3862270739f8659d,708b0a0c6b5c4a4a12011f0ff5df51de,delivered,2017-08-29 20:30:46,2017-08-29 20:44:18,2017-09-05 22:29:59,2017-09-15 12:53:40,2017-09-19 00:00:00
ca98a7276eda33f339281b1eb1828d64,87eafdd6652dcec2a357beb6263c11bd,delivered,2017-11-25 14:04:11,2017-11-25 14:17:38,2017-11-29 21:07:10,2017-12-15 16:39:19,2017-12-15 00:00:00
5d0878aacb99275519d63933d82cacdf,fb5daac77831c1a8947d7228df0ef463,delivered,2018-02-03 12:00:47,2018-02-03 12:14:57,2018-02-07 17:07:19,2018-02-14 21:18:34,2018-03-06 00:00:00
eb6553e51dc318a6b8790d6793b029ed,4d92d11557fa6d633ad8d7d5f8e18cd7,delivered,2018-01-04 09:14:53,2018-01-05 02:38:00,2018-01-09 23:09:55,2018-01-16 15:22:03,2018-02-02 00:00:00
9de4ca7a2c92510bd3c8940e28e92bb9,b20bdc538695e93614d97f0aedbfac46,delivered,2018-02-23 08:26:30,2018-02-23 08:35:25,2018-02-23 23:25:07,2018-02-27 20:23:38,2018-03-09 00:00:00
fadb25c91522130892be8a5ddb3e139f,35c01c5f551e1d41b65b9164b1f34386,delivered,2018-03-18 20:51:19,2018-03-18 21:05:38,2018-03-19 23:58:29,2018-04-19 01:03:33,2018-04-12 00:00:00
0641c2d6df642517fb73e1ac88a188a4,b5754c1cf001e3e816ba20df67cd667a,delivered,2018-03-29 12:45:01,2018-04-03 05:10:23,2018-04-03 20:18:35,2018-04-10 22:13:24,2018-04-26 00:00:00
6d7195bd775441e75af3f52c8c73031f,1ac79e9244083a16d968ef53e9f52f59,delivered,2018-03-18 13:28:47,2018-03-18 13:48:02,2018-03-19 19:11:44,2018-03-29 23:28:58,2018-04-06 00:00:00
b8b331821864531800f736e470ad836b,8a37841ad3480537ef81cece1aa55083,delivered,2018-07-12 13:43:12,2018-07-13 03:05:14,2018-07-23 15:59:00,2018-07-27 18:31:23,2018-08-07 00:00:00
7be469d9b115e2a08cf56be2d9250b8c,689ce9ef571f7142f069dca1467b8804,delivered,2018-02-10 12:41:40,2018-02-10 12:55:53,2018-02-16 19:57:02,2018-02-27 17:09:51,2018-03-08 00:00:00
4258b5bedf2331953c0b974849dd7b24,4b8c52be98a993fca3d13a62eca22be2,delivered,2017-10-17 14:20:58,2017-10-18 03:07:39,2017-10-18 17:12:37,2017-11-01 19:49:36,2017-11-03 00:00:00
39e8d5883eb12c66b1d2bb1799810d05,afd8b1ca06dc456c25b4548c287ad210,delivered,2017-05-21 10:55:29,2017-05-21 11:05:16,2017-05-22 13:18:07,2017-06-01 12:48:02,2017-06-13 00:00:00
458c6e383ce04c24b3033392e56c9283,415383c1185f5e5a1b15c48dc014d714,delivered,2018-06-27 21:37:32,2018-06-27 21:51:06,2018-06-28 14:55:00,2018-07-03 19:47:57,2018-07-30 00:00:00
3a7944a49d196ebec0fc4e5058cab330,e61c6b4b92338a130aa2f9f2b1b6a6cd,delivered,2018-05-03 13:09:26,2018-05-03 13:34:22,2018-05-03 15:42:00,2018-05-15 16:54:51,2018-05-30 00:00:00
3810134c7dbbc676c25f2b9d4e7886fa,a92d630cae2f41beef0213b212a6ff30,delivered,2018-04-15 15:41:49,2018-04-15 15:55:21,2018-04-16 23:42:22,2018-04-21 00:31:41,2018-05-09 00:00:00
bb1cb0653f2664a83f30a4bc0b483f94,fd28c7968c649e40e639e20d79040ccb,delivered,2017-09-25 19:50:03,2017-09-26 03:28:30,2017-09-26 18:54:05,2017-10-02 20:27:34,2017-10-17 00:00:00
e34e69d5e393453223b95ec263c04b25,739b3ce6d027297d8f3af3e589161a1a,delivered,2017-05-05 20:25:39,2017-05-06 20:35:20,2017-05-08 15:45:23,2017-05-11 14:41:58,2017-05-30 00:00:00
95fd5e469d8ce5093adeace50b5a4389,073a1dd224494392bd923c55a093ce4e,delivered,2017-01-18 22:57:25,2017-01-18 23:10:21,2017-01-19 15:30:35,2017-01-24 13:44:49,2017-02-14 00:00:00
2ad2d3393253922f6f46941e23089bf0,fb61c3e862c5b609f053cc4717391c58,delivered,2018-08-15 14:04:01,2018-08-15 14:35:20,2018-08-17 12:04:00,2018-08-28 03:33:26,2018-09-04 00:00:00
e239d280236cdd3c40cb2c033f681d1c,8f3b9d3f52f2f606b6675ef3d7d85e7b,delivered,2018-03-01 18:32:58,2018-03-01 18:49:11,2018-03-03 00:38:33,2018-03-19 19:41:39,2018-04-02 00:00:00
beb1a245f0be4e0bdd597e0041f1b93e,7ff0eff5307cd31bc9274c7ef83660f6,delivered,2018-03-15 16:46:28,2018-03-15 16:56:01,2018-03-16 22:51:47,2018-04-13 14:35:30,2018-04-05 00:00:00
cd718ff08da2d61cb462de44ae33bc56,e6af0f0cc1a12fc8def9faf0d08566f8,delivered,2018-08-11 19:28:17,2018-08-11 19:44:24,2018-08-13 08:51:00,2018-08-17 14:58:47,2018-08-24 00:00:00
5fab32eda80bc8ab834f55e18bdc1b8c,b117b1f7cae96f2fa34b1e6a7d3aa03b,delivered,2017-08-30 14:09:15,2017-08-31 02:35:25,2017-08-31 21:37:23,2017-09-13 20:10:22,2017-09-18 00:00:00
ae4e0cbfa9ba0080cd373da8827352a5,eacfda830d840277dee29c60e86c7157,delivered,2018-06-08 13:01:51,2018-06-08 13:16:23,2018-06-14 12:42:00,2018-06-22 20:48:26,2018-07-04 00:00:00
64b68fbc3e28283e10fc7a8cdb828f2a,31509a3a88210ceda20f69725abb5225,delivered,2018-01-28 00:43:41,2018-01-29 07:18:14,2018-01-30 18:52:41,2018-02-16 23:40:08,2018-02-22 00:00:00
75580197fa1d006140091ea9e6ccdcfa,14868a65241682f256d808dfeaa38d0f,delivered,2018-03-19 11:11:59,2018-03-20 03:31:56,2018-03-21 22:11:31,2018-04-09 18:19:10,2018-04-11 00:00:00
93abf12999a36099e8292231caeebe18,7376354857bb268f2b6233bd0b9ab5ea,delivered,2018-05-01 13:34:02,2018-05-01 13:50:32,2018-05-03 16:30:00,2018-05-07 18:08:45,2018-05-23 00:00:00
ba0a733b734db384f6753b0d9b4e9185,7016ea86adbdcdf8df25fbcbff6d740f,delivered,2017-08-31 19:09:04,2017-09-01 22:32:35,2017-09-05 12:38:40,2017-09-08 21:29:53,2017-09-20 00:00:00
e0820022dc8f9840abec5c1057054ba9,85f3d9a16a36cae43f37c9119046df4b,delivered,2018-06-07 13:21:36,2018-06-08 02:56:20,2018-06-08 14:40:00,2018-06-18 15:51:58,2018-07-04 00:00:00
5636f3720054204170c8f617a9c7e012,5a5bf3ec00dae24ee06f833978e27eed,delivered,2017-11-22 22:04:22,2017-11-22 22:12:49,2017-11-30 15:21:54,2017-12-04 20:39:01,2017-12-08 00:00:00
bfc2396e870e56354fb163b76c9c1e3b,671a303e12a184a9b815ee3c48ab3ef0,delivered,2017-11-19 16:35:17,2017-11-19 16:46:24,2017-11-20 17:52:58,2017-11-27 19:30:08,2017-12-13 00:00:00
258078cb7df97d7f72229c81af3cae4e,76fea92dcd4e7a8b7626a991bb515af9,delivered,2018-07-18 23:00:25,2018-07-20 04:55:22,2018-07-20 14:11:00,2018-07-30 17:05:04,2018-08-08 00:00:00
e1e7c43f425909256a366901f953256a,9ef63ef7db5bc9bbb48a256decbde015,delivered,2017-05-19 10:56:32,2017-05-19 11:05:17,2017-05-19 12:52:23,2017-05-26 07:13:49,2017-06-12 00:00:00
8ea8033700913a32e94988adbe26d5aa,b03c680b10738fbb826a6368f2fe52b8,delivered,2018-08-04 21:46:31,2018-08-04 21:55:13,2018-08-06 15:13:00,2018-08-08 15:34:41,2018-08-09 00:00:00
216b8ce59251043404cc3b15cff651fc,451ffb87d37499b3c61f7aab6af6f436,delivered,2018-07-29 05:12:32,2018-07-31 03:35:15,2018-08-01 13:38:00,2018-08-02 17:16:44,2018-08-10 00:00:00
068c06f0ea08ab32e127f87aafaa834d,1633693027f6a28a4f6ee559c2950e37,delivered,2017-09-12 17:48:50,2017-09-12 18:04:35,2017-09-18 21:45:49,2017-09-26 15:55:05,2017-09-29 00:00:00
e269ca84795620d3adb86146ff38ad62,201f52a9d850d5989432654fae9e1f85,delivered,2018-07-31 10:22:11,2018-07-31 11:00:11,2018-08-02 08:20:00,2018-08-06 15:50:46,2018-08-13 00:00:00
d759e07b69f482e6ce8efea035901b4d,ee70119030fc247a1b7bc26e35dee177,delivered,2017-11-07 22:30:58,2017-11-07 22:50:34,2017-11-08 17:57:45,2017-11-14 18:05:33,2017-11-30 00:00:00
f4d33a3db484fba77b5f1f1990fb3445,8cb1a8d155e0ab13fed232cdfdffc0cd,delivered,2018-08-18 22:34:35,2018-08-20 10:50:27,2018-08-21 14:56:00,2018-08-28 17:58:27,2018-09-06 00:00:00
00fb055886536063afa0dbee07a0944f,ab9e9b26c172c928efe04a741772958f,delivered,2017-05-24 09:04:32,2017-05-26 02:25:13,2017-05-26 10:28:12,2017-06-01 17:29:32,2017-06-21 00:00:00
5281594b70a5c7ed8821c77aae621155,d3af09c13ffb8065ae3a525c65c5c103,delivered,2017-09-17 09:56:38,2017-09-19 03:38:18,2017-09-19 18:12:58,2017-10-03 18:42:18,2017-10-13 00:00:00
8e774bad4375dc8b07125f934984f15d,376d76b265bc3a8ae7696cfb112d3d8e,delivered,2018-05-06 20:41:35,2018-05-08 04:55:26,2018-05-09 14:05:00,2018-05-10 18:38:37,2018-05-17 00:00:00
4c5ac0db9e6945c127bede87a8a1bf7d,06c3432a700a69e743fa666027996994,delivered,2018-05-24 21:29:21,2018-05-26 02:31:54,2018-05-30 11:15:00,2018-06-06 19:41:40,2018-06-19 00:00:00
dee8fd0e964b71cf9dd9c7221eb73f14,90fb607172c2fd251305c706dd1f7f77,delivered,2017-08-24 21:26:40,2017-08-24 21:44:12,2017-08-30 23:02:50,2017-09-11 18:54:50,2017-09-20 00:00:00
d53539c07b0e0bb28c0468574526dc88,838175db4d894e2d225b420806aeb6f0,delivered,2018-08-06 23:29:07,2018-08-06 23:44:31,2018-08-07 09:46:00,2018-08-15 12:35:01,2018-08-10 00:00:00
26b5b516adaae71986064b4cd22076b3,53eb1634b3c95c9f1766f592058115d9,delivered,2018-07-24 23:42:05,2018-07-26 03:15:19,2018-07-26 13:49:00,2018-07-30 16:04:49,2018-08-21 00:00:00
d279d0537eba57893e86d387ea58d4a4,94dabe07fc50ed29f94b6ba397201dba,delivered,2018-05-08 22:41:09,2018-05-08 22:55:18,2018-05-09 16:22:00,2018-05-16 20:18:58,2018-06-06 00:00:00
df90edc2d012375fadf5be70b1b6ddc9,9bcfc7ffe10a203f8ddbc8a941f06ea4,delivered,2017-07-21 04:53:51,2017-07-22 02:10:19,2017-07-26 15:22:22,2017-07-31 18:35:42,2017-08-10 00:00:00
3e12f46ce85ad5d85a0b8dfdf0a6e32c,6be29a1fa00c30c85b4e3cbc990fab7b,delivered,2018-01-19 20:18:17,2018-01-23 03:37:55,2018-01-24 18:19:01,2018-02-22 22:47:46,2018-02-15 00:00:00
0ff1419cb5d96f6355fc067f02c8936a,3788697003cd9ef9eac8cb4ae3aa0049,delivered,2017-09-17 17:51:48,2017-09-17 18:06:42,2017-09-19 17:25:18,2017-09-23 12:35:08,2017-10-09 00:00:00
5bb5e53b117f231e116d1ff1f530c8ce,7f703c87824245e16cd3a135bc5f062a,delivered,2018-04-25 10:47:31,2018-04-25 11:09:05,2018-04-26 15:20:00,2018-04-27 12:30:56,2018-05-10 00:00:00
3f090361c1e3266bf3dda7a00df3c0ec,c892d1124348cf471a8853e3bbf51d73,delivered,2018-08-06 11:38:43,2018-08-06 11:50:23,2018-08-10 12:07:00,2018-08-11 16:12:32,2018-08-13 00:00:00
0f32a0df7bef480c420accf154fc4a29,f1d80d778dd6cf4cc24fc6eae0104408,delivered,2017-12-09 12:21:34,2017-12-09 13:12:00,2017-12-11 17:17:07,2017-12-26 15:19:49,2018-01-15 00:00:00
4a35349fd1d8617da52d19a95fcd95e8,27e8c3e96456389b7fa9c1037960ee64,shipped,2018-03-07 18:53:08,2018-03-07 19:09:58,2018-03-12 23:09:42,,2018-03-29 00:00:00
01d815029787ce30f6f64900ee93ba37,59eeac10ee17b2c144822b5ea1fd1fd1,delivered,2018-01-26 09:09:13,2018-01-26 09:17:20,2018-01-29 22:22:12,2018-02-05 19:21:41,2018-02-19 00:00:00
7ea0cd46b9a8fbf664e537374947787c,44be08be1465706be7a032d9e563d9f5,canceled,2017-07-12 18:10:14,2017-07-12 18:25:16,,,2017-08-03 00:00:00
31c421113f181dadede6afbef5d48075,06f0e084bc0ee932148f0094af2da58b,delivered,2017-03-12 14:32:22,2017-03-12 14:32:22,2017-03-18 03:45:48,2017-03-28 14:15:41,2017-04-13 00:00:00
1b7efcda93ef629e74df8b1fcd2b1f92,7f325bbd4217f2000e4849f386371550,delivered,2017-09-05 08:13:17,2017-09-05 08:25:12,2017-09-05 22:07:47,2017-09-15 18:22:22,2017-10-02 00:00:00
e5acfcde950aab469e4885712a1cb69f,fd15873d506a65dc41e61bc3545c7f60,delivered,2018-01-12 09:26:20,2018-01-13 02:09:14,2018-01-16 20:52:28,2018-01-26 19:27:53,2018-02-14 00:00:00
0170fdd7ac7c7bbad5308207bd25a679,116e210883e0ea55bea66b38c5d71ede,delivered,2017-07-04 17:46:16,2017-07-05 17:40:06,2017-07-07 16:02:58,2017-07-10 17:55:08,2017-07-17 00:00:00
5651013318bbb1532392e6d03480e88d,4a505431a48f00590ffe8fca872d8062,delivered,2018-07-24 19:49:54,2018-07-24 20:05:12,2018-07-30 12:50:00,2018-08-03 22:46:41,2018-08-14 00:00:00
363424d26d96395e168488b25d4b9efc,10ae2bc2884550abfadd0588fba27136,delivered,2017-11-04 16:14:38,2017-11-04 16:45:31,2017-11-07 10:31:59,2017-11-14 18:05:08,2017-11-24 00:00:00
3faee37f445b155df1e106ec29732510,c68d5432c44301ef4ee85b0ae58f9ad3,delivered,2017-03-10 11:06:40,2017-03-10 11:06:40,2017-03-14 10:21:40,2017-03-16 10:44:14,2017-04-03 00:00:00
44b96d7a837be4595325c31fef81022c,812af03c6f56c8e902c5f018c142c4f9,delivered,2018-03-13 11:21:01,2018-03-14 02:55:47,2018-03-15 01:36:21,2018-03-26 17:18:40,2018-04-13 00:00:00
7e95d101ed97603578e38b4955c244ab,c82f4cd104b5f2407de30ee720e1bfea,delivered,2018-03-22 12:42:36,2018-03-22 12:55:33,2018-03-23 11:41:09,2018-04-05 21:08:40,2018-04-10 00:00:00
df60585f4cb85bc7e7b6531f59920613,602b4e6be5cb77a7b9eb85ee3aaf4f85,delivered,2018-07-16 10:33:02,2018-07-16 10:45:20,2018-07-19 14:21:00,2018-07-24 15:22:10,2018-08-06 00:00:00
fc0cf3fd5d9e2c6647933462acbb3f6f,b1d8402502c16ac1fda54e0b6cd42549,delivered,2017-05-22 12:40:54,2017-05-22 13:10:26,2017-05-23 14:29:18,2017-05-26 12:51:36,2017-06-12 00:00:00
9a50f016b349f16c4b2e42a4be02d1c3,6fdf60c9637a27c8b542aa6bd3921eb4,delivered,2018-08-04 22:16:40,2018-08-04 22:25:14,2018-08-07 14:25:00,2018-08-10 21:51:02,2018-08-24 00:00:00
b9fc4defdaf807a54f5a0362c764d384,2884f191524128904af36dd4d5ec6573,delivered,2017-12-06 18:08:25,2017-12-07 03:13:59,2017-12-08 22:14:34,2017-12-26 20:15:27,2017-12-29 00:00:00
50920d4f86db370248f302f5bc12a9f6,82c237db796f9f22d3e8099e46c50c7c,delivered,2018-01-12 17:06:53,2018-01-13 04:54:42,2018-01-15 21:09:15,2018-01-18 15:42:10,2018-02-06 00:00:00
69eb180c9de9dcddefe8a3e8a7ce8016,2cfbc515734b19a3107a9e5b0cd7b250,delivered,2018-05-25 09:32:32,2018-05-25 09:54:53,2018-06-06 14:10:00,2018-06-15 17:51:00,2018-07-12 00:00:00
e98ccd0d8ad323ec4feea57417d08a99,9002e12e0f64d56ee2ad88c8f4949205,delivered,2017-07-03 09:19:16,2017-07-03 09:30:19,2017-07-04 13:39:18,2017-07-14 21:18:43,2017-08-04 00:00:00
441bda02c27a285cfa9ebeaeb9954e4a,d4e42bf2dbba00d9f8b380de725b9d90,delivered,2018-04-14 16:17:14,2018-04-15 17:11:07,2018-04-16 23:21:49,2018-04-21 00:03:37,2018-05-09 00:00:00
9b5852495fdc959c8d7d069b3c328502,b69b70c95b2fe06e664042591c04d327,delivered,2018-06-12 13:07:34,2018-06-12 13:25:28,2018-06-13 08:59:00,2018-06-14 16:22:45,2018-06-21 00:00:00
6db6ea05fce4b5694e9c6e6afaddfe4c,48eb960908c62e7f95438067a731697e,delivered,2017-05-11 15:40:17,2017-05-11 15:50:17,2017-05-18 11:00:05,2017-05-19 12:32:24,2017-05-22 00:00:00
db55add8b42eee4c281c016ab8a5fc05,d062f48278c4e58e2ecc80f08b65eebc,delivered,2018-07-08 19:23:50,2018-07-08 19:35:14,2018-07-10 14:33:00,2018-07-14 00:30:51,2018-07-26 00:00:00
b3dfba99633d1f7cfb7d6530c2a88966,ad2c5927f227bef24e79ea264995b577,delivered,2018-04-23 14:55:03,2018-04-24 19:25:22,2018-04-25 15:25:00,2018-04-27 20:48:40,2018-05-09 00:00:00
616105c9352a9668c38303ad44e056cd,8c0b2ef9efb43af92d5c0afff70d33d9,delivered,2018-06-11 16:19:00,2018-06-11 17:01:47,2018-06-12 07:11:00,2018-06-21 11:12:40,2018-06-29 00:00:00
13832510afc6f94103aec19663dd52cf,45403b2dfeb42b112d8ea3449b5b0b9c,delivered,2018-01-29 16:32:03,2018-01-29 16:53:21,2018-01-30 20:37:06,2018-02-28 15:17:15,2018-02-23 00:00:00
22f4dea7b1810fd75107dad133794113,fc26c5fd980909cee638793d9936fdb8,delivered,2018-05-30 14:34:06,2018-05-30 14:57:36,2018-05-30 14:50:00,2018-06-01 21:16:31,2018-06-25 00:00:00
ab0ccee430e5206071c69ff52e7634c3,5837bf9247f6da39816b125d64e982ad,delivered,2018-04-02 15:05:52,2018-04-04 03:30:24,2018-04-07 01:42:40,2018-04-12 19:31:37,2018-04-24 00:00:00
92c5a8a87f69af17232b352b1a936553,53825b54ec2844b2a1888dc8bd9fe3e2,delivered,2018-04-11 07:08:41,2018-04-12 06:31:11,2018-04-12 19:35:03,2018-04-19 17:44:40,2018-04-25 00:00:00
c17bec338f030a3c554f761083f037d1,624ff38a85516b8f5227adb0ec3b7c2b,delivered,2018-07-31 16:44:22,2018-07-31 18:00:25,2018-08-01 15:35:00,2018-08-06 16:18:35,2018-08-14 00:00:00
09729990b5d8f5499917697c409b55cc,e04249e50563e2d0c28b5a8f6d86dccc,delivered,2018-01-23 09:08:05,2018-01-24 02:36:27,2018-01-24 21:28:48,2018-02-08 19:08:17,2018-02-20 00:00:00
a993bd74c2c4827dda15f121744bcd1e,45010fe9a564452c68de237dbe574104,delivered,2018-05-01 11:43:54,2018-05-01 12:14:52,2018-05-04 12:09:00,2018-05-15 17:36:41,2018-06-08 00:00:00
e42e8108ccb75f8beac4116b386e7023,9724138625176890a8c168fac8ca3608,delivered,2018-05-02 12:19:37,2018-05-02 12:35:25,2018-05-03 13:49:00,2018-05-11 17:36:56,2018-05-24 00:00:00
2b61f6053807f2cc8f28b12bdcc72c68,354286a95c0cd488a5802e69405122f2,delivered,2017-11-26 15:47:21,2017-11-26 15:58:33,2017-11-28 00:18:38,2017-12-13 01:54:30,2017-12-19 00:00:00
7dc8379a32999985a71e0653836c7f91,c28e434060c41e9357d06d986c630799,delivered,2018-06-11 23:25:07,2018-06-11 23:35:54,2018-06-12 12:53:00,2018-06-13 17:58:52,2018-06-20 00:00:00
86f5f7fe2f0e743fa54095370a545033,f40ba7b6847d3d12bba8467f8e6813fd,delivered,2017-07-26 20:12:49,2017-07-31 23:33:41,2017-07-27 17:29:49,2017-08-07 20:55:48,2017-08-21 00:00:00
3f985ce98bdc814ea229189923a81f2b,463da1cd5f29ccb987e57c53f2da6849,shipped,2017-12-17 23:01:40,2017-12-18 00:10:34,2017-12-20 23:58:58,,2018-01-12 00:00:00
fc42360e860cbdb1b3200acac82cd5ca,6fca6a52d99cfa5bcb98ce55e43a9686,delivered,2018-01-25 22:33:04,2018-01-25 22:56:58,2018-01-26 18:43:14,2018-01-29 14:36:48,2018-02-20 00:00:00
e66e29f65af321ea428495d66066e809,8ae73c8406c2ceae63c5b85c71799366,unavailable,2017-06-17 20:59:11,2017-06-20 10:15:23,,,2017-07-19 00:00:00
ca4c67dee2a87da5369fcce4f80598de,a25175f57d2bb768f2ea5ee2182cee83,delivered,2018-04-24 23:56:20,2018-04-25 00:11:24,2018-04-26 08:29:00,2018-05-07 17:42:29,2018-05-21 00:00:00
f8cc76d89295e1bdf2215efe69872481,8df031370e3706164a69bf6dffb416c1,delivered,2017-12-08 17:06:17,2017-12-08 17:14:21,2017-12-11 18:42:06,2017-12-20 19:14:30,2018-01-11 00:00:00
8d1129b31f1bf3cd5db9d36e63bb5f75,036de6bf856003f529c1fcd01ad2a357,delivered,2017-11-09 14:56:12,2017-11-09 15:07:12,2017-11-10 16:07:50,2017-11-23 17:31:50,2017-12-04 00:00:00
53dc49c7f7145d44eafa6c61d5f72e45,043527f9eeb5ad04bacaae09a3604f66,delivered,2018-05-21 16:15:30,2018-05-21 17:19:15,2018-05-23 14:39:00,2018-05-28 18:54:25,2018-06-05 00:00:00
a156911dd7e008e373ba70af8ddf3ce9,d8f0435d32ed6c394932238b1bc2c103,delivered,2018-04-23 14:57:44,2018-04-24 19:03:39,2018-04-25 15:26:00,2018-04-27 20:54:59,2018-05-08 00:00:00
750cb0e4a410a52a77ea1718a489393e,0407c0b9473b07847c99aee965048870,delivered,2018-08-21 22:39:49,2018-08-21 22:50:15,2018-08-27 14:35:00,2018-08-30 13:51:26,2018-09-11 00:00:00
da118e571cb51f368ed90483a36391ab,3759a4801d63bec9d06a083b05503f23,delivered,2018-01-15 18:32:34,2018-01-16 12:52:47,2018-01-16 20:35:42,2018-01-25 21:09:20,2018-02-07 00:00:00
e5dfa353d229de8b9a6e25cda9b03130,fc97d2cc66ec9b7e1e09fba356b78467,delivered,2018-06-26 19:47:26,2018-06-26 20:07:49,2018-06-27 10:01:00,2018-07-12 19:34:46,2018-07-27 00:00:00
368bfb99b55659800eea12a0476b0b70,f91eebf1785e5d5b951bbac6f52b7956,delivered,2018-01-03 16:30:59,2018-01-03 16:46:41,2018-01-04 16:33:52,2018-01-17 11:26:26,2018-01-31 00:00:00
4c1274c724f3a08787a97b452004ff86,1aeeb475e0190fb99160034e4e28ccaf,delivered,2018-04-13 15:42:40,2018-04-13 16:30:38,2018-04-18 23:02:20,2018-05-02 21:11:43,2018-05-09 00:00:00
29382aea641df80ffc138e1d4dd50ffd,3bc9f7d14d203861ea755eea92e8515c,delivered,2017-04-10 11:57:04,2017-04-10 12:10:45,2017-04-12 09:44:44,2017-04-18 12:33:52,2017-05-02 00:00:00
cb53cd98c09562828a48a0da5d0b92ce,c979635abb798dbf96b2077e0cd17d87,delivered,2017-12-07 19:01:21,2017-12-07 19:11:25,2017-12-11 23:23:03,2017-12-16 00:23:20,2018-01-08 00:00:00
eac8032acefa88ddda1fa3dffba07365,7b9b63711b487f3208a31fdbc16c8019,delivered,2018-03-18 23:01:08,2018-03-18 23:10:35,2018-03-21 20:37:42,2018-04-12 10:36:39,2018-04-16 00:00:00
24b438f705e768756df250d282036292,d1c425b2df58e8d9c491e705299eb8f6,delivered,2018-04-23 08:41:31,2018-04-24 19:08:44,2018-04-30 13:52:00,2018-05-14 21:34:42,2018-05-21 00:00:00
b8465ebdeb16d7b97b28e61f894afb70,bffe5bfdbcc58094a73dceb79f963d3c,delivered,2017-08-05 16:00:18,2017-08-05 16:10:15,2017-08-08 18:07:02,2017-08-17 19:17:46,2017-08-31 00:00:00
11e51f7edf6a8325f56641580dc64547,82a4ddbbc82235f63718e79c61795695,delivered,2017-06-16 13:35:23,2017-06-16 13:50:22,2017-06-16 15:48:34,2017-06-23 11:24:38,2017-07-10 00:00:00
8c2a179300bd39a4eb4ef85647f8a68d,e5540278ba88da3db9ae1482cb3135bd,delivered,2017-06-29 19:23:58,2017-06-29 19:35:21,2017-07-03 15:44:42,2017-07-07 20:47:50,2017-07-19 00:00:00
2e2a0af256d902ab2e816447f6f531be,f4219f4850ab92e0b8dd6644f2c71219,delivered,2018-03-27 15:51:01,2018-03-29 03:10:19,2018-03-29 19:58:57,2018-04-10 22:19:16,2018-04-24 00:00:00
d467985bb40516b93cfef42e06e01e4c,264e92bf199cee82e87af0c8552aaca8,delivered,2017-06-27 15:18:17,2017-06-27 15:30:16,2017-07-03 15:52:01,2017-07-04 18:03:09,2017-07-13 00:00:00
49fa1c392707716cd5d12cc1c7c65c15,8577c691ca9cc57be377d20076a58e29,delivered,2017-05-22 17:47:32,2017-05-22 17:55:20,2017-05-31 11:56:18,2017-06-08 18:07:31,2017-06-16 00:00:00
2612f53ec86ea657525693697164701a,9d86407c0c1b2ac5ff3febe7a452051e,delivered,2017-06-12 10:29:57,2017-06-12 10:42:38,2017-06-13 15:12:38,2017-06-19 19:16:12,2017-07-05 00:00:00
7aec7aea70b4d42cdb349810c4475051,7f6c759e3bfc14269dcc023d3d180ca1,delivered,2017-11-08 19:32:44,2017-11-09 05:31:36,2017-11-10 17:46:41,2017-11-21 17:47:07,2017-12-01 00:00:00
eb22a3bed09014af3e8b797ca6261a9e,116024ad64c939eb13b4e194d5ca2610,delivered,2017-10-24 18:37:13,2017-10-24 18:49:54,2017-10-25 17:42:37,2017-10-31 17:51:44,2017-11-10 00:00:00
318cbbe8d7e81a3901639555be1e8041,7582437bba4cf37d2cad8d01a138504f,delivered,2018-08-07 09:12:17,2018-08-07 11:44:51,2018-08-10 13:23:00,2018-08-13 16:31:53,2018-08-14 00:00:00
39c1dec2963c9b3f7390349ec9c4b241,fd521f49383a26f40d6ea3d6eeeab735,delivered,2017-09-26 16:07:00,2017-09-28 02:56:14,2017-10-02 18:05:55,2017-10-05 23:20:44,2017-10-23 00:00:00
3af10bc9c43fb593524e8096765b116f,7be523c663181d8f209140886e4dbecd,delivered,2018-05-15 17:47:49,2018-05-15 18:16:04,2018-05-16 10:45:00,2018-05-29 22:32:34,2018-06-06 00:00:00
a969ea7670f417da58239666920e9a97,d7d19b248d66badaddcbc1e2277712e8,delivered,2017-08-11 11:09:29,2017-08-11 11:25:07,2017-08-11 16:50:13,2017-08-23 17:30:48,2017-09-13 00:00:00
cf47ad2fb60cae3f74b943646f685c94,053716fea805d6b29d6f8b6113fefe4d,delivered,2016-10-05 20:09:05,2016-10-06 15:44:36,2016-10-15 12:40:42,2016-10-24 18:11:32,2016-12-09 00:00:00
053774f3c674d850192a31b9c1a8ab3a,a4baf842746c9b377c5fe5ab016996b7,delivered,2018-03-13 20:28:59,2018-03-13 21:08:04,2018-03-14 19:28:50,2018-03-21 20:16:31,2018-04-04 00:00:00
0505a29e827a4c609b3fd250c0313bef,138bb7818dbfc8690e61b143265e7ec9,delivered,2018-06-10 11:08:15,2018-06-12 04:35:43,2018-06-19 14:55:00,2018-06-29 14:23:37,2018-07-13 00:00:00
d92a35dc65d930c859ecff392b7ec4ce,753599441cee87ca0d09e891e31800d8,delivered,2018-05-07 23:15:39,2018-05-09 04:14:27,2018-05-09 11:14:00,2018-05-15 17:08:53,2018-05-25 00:00:00
02bfe71c2bbd56f6de9c2c357adff45c,6993a774e7e22bbbf14659e8c03da133,unavailable,2017-12-03 14:28:40,2017-12-03 14:35:38,,,2017-12-27 00:00:00
f7fdd9291fb00404aa63adabadc61ec7,941d964dd9641b26ca7f8f1d33b32971,delivered,2018-04-30 18:55:29,2018-05-01 02:15:41,2018-05-03 16:45:00,2018-05-08 17:41:42,2018-05-22 00:00:00
b44c0f4d0cdb8ae7289069d703ca6db8,addd04ab13841b53ffabd423c800847a,delivered,2018-08-02 12:04:50,2018-08-03 12:05:05,2018-08-06 08:27:00,2018-08-09 17:08:46,2018-08-17 00:00:00
398545ae905dad286c70f01c7e7311e1,8241b47bcf8f1250d9d5416c4f8cd9bb,delivered,2018-04-04 21:12:12,2018-04-06 03:28:44,2018-04-07 01:10:59,2018-04-28 16:12:17,2018-05-03 00:00:00
0a505a7b63a33e72ba4159e3db1208c9,48fe9f0c3d091cf28162440c5e3f1ae5,delivered,2017-10-29 13:10:02,2017-10-29 14:05:59,2017-10-30 19:03:38,2017-11-06 19:54:45,2017-11-24 00:00:00
38bf8e12131a605a38265416150b4888,c2a265d75ed170f4858647eb1a0b442d,delivered,2017-02-11 19:23:50,2017-02-11 19:31:46,2017-02-13 15:14:42,2017-02-22 14:43:53,2017-03-17 00:00:00
7701820e6e57dbb626a80dfd7ab6f414,69ae6b63a7b7c3006d639a64cc863891,delivered,2017-11-24 09:53:54,2017-11-24 11:15:54,2017-11-27 22:37:41,2017-12-12 22:32:58,2017-12-19 00:00:00
d2d690bca31c33e38a006ee3b3b62c94,f5f796c79843a81f47fecaa2758227e3,delivered,2017-09-17 14:09:19,2017-09-19 03:55:33,2017-09-20 20:32:52,2017-09-21 20:08:14,2017-09-28 00:00:00
7b511d9d317e777fb4552fa4c7dc717e,f08b3962307cba722fa392226a16c26b,delivered,2017-07-10 12:23:45,2017-07-10 12:43:45,2017-07-10 17:05:13,2017-07-21 16:43:37,2017-08-11 00:00:00
46d2062e8a19cb5473491cf07b5d4629,964dafa5a2cba25ccee25e355f9395b0,delivered,2017-02-13 22:29:00,2017-02-14 22:43:21,2017-02-15 17:32:03,2017-02-22 17:06:01,2017-03-14 00:00:00
ce7be36d78630d654873b810b8d354f4,3351733a48384a9f9d530c58316e6aa7,delivered,2018-01-02 22:05:05,2018-01-02 22:13:21,2018-01-05 19:37:44,2018-01-09 19:07:17,2018-01-18 00:00:00
728ea734fefecc42ab07da89fa894f31,d2f56edf04860c63c1cb9e4e144fae41,processing,2017-08-15 19:58:40,2017-08-16 03:25:15,,,2017-08-31 00:00:00
9c4aacf06d8fee894180123720425a6e,ddcd29ba4b3448376551d1c303c24fb4,canceled,2018-02-13 21:48:17,2018-02-13 22:07:46,,,2018-03-14 00:00:00
f0aa9abb1f803c96d41927c0fb3da588,c9db35c15a4c3520011dca32574df74d,delivered,2017-05-28 18:59:18,2017-05-28 19:10:21,2017-05-29 13:53:48,2017-06-02 16:14:37,2017-06-23 00:00:00
1f206aee577f50401576d48a17d2249e,5236b9bb00876aa56ee5ac4e2c816b68,delivered,2017-11-16 17:54:38,2017-11-18 02:35:26,2017-11-23 22:07:11,2017-12-06 10:03:20,2017-12-22 00:00:00
014176e9538672a32d2a9b73bf53a31f,2584307af792d605f55f588694980576,delivered,2017-12-01 11:01:28,2017-12-01 11:31:01,2017-12-06 19:53:43,2017-12-19 19:07:00,2017-12-29 00:00:00
2ea830e178fb91c939722e9cb085383b,bcc78ccacee91d2bbc5c5a93864b93eb,delivered,2018-02-22 19:42:22,2018-02-22 19:50:37,2018-03-01 18:59:08,2018-03-13 14:18:04,2018-03-19 00:00:00
3a02bd4d9f710f7720c8e36d15bbc6d1,bf3ed42ce38f47bc8601e89ab81dab0d,delivered,2017-10-26 10:15:18,2017-10-28 03:07:30,2017-10-31 19:43:59,2017-11-07 19:28:40,2017-11-16 00:00:00
1f5bb5f84797dd4e234479124128b9cc,d0592ede120d52303cfb9044a5ff1910,delivered,2017-12-17 19:14:35,2017-12-19 09:51:30,2017-12-19 21:42:25,2017-12-26 17:07:14,2018-01-18 00:00:00
1fd53d1caeb51ab6526e5b38f525c202,c75c0e90219e9880fcb759192ae2b29b,delivered,2018-01-02 15:02:31,2018-01-02 15:12:30,2018-01-03 16:29:22,2018-01-08 15:19:43,2018-01-31 00:00:00
52fe09ed9b59f3ee4be7b74b990d13bd,0a5e930da019167d37d29f85872c5f60,delivered,2018-08-05 19:53:50,2018-08-05 20:05:24,2018-08-10 14:13:00,2018-08-25 11:46:29,2018-09-05 00:00:00
e556806e85b03aa8192bc54ebdb15009,21e188534fc1862beceec1b6938f3037,delivered,2017-05-24 14:17:48,2017-05-26 02:45:30,2017-05-26 15:32:07,2017-06-01 13:03:15,2017-06-16 00:00:00
cd55a9bca14b315a63b8ef0b9a43d253,c0cc0404d75b9c799835e7fa2594aa1e,delivered,2017-11-11 23:37:39,2017-11-11 23:50:32,2017-11-16 21:02:46,2017-12-04 13:04:35,2017-12-04 00:00:00
e96a8e16dcbfb70e75e54d34c6e832c4,33fc7d02f8927c6df7fc760b3393ac62,delivered,2018-08-19 15:46:15,2018-08-21 06:09:55,2018-08-21 15:44:00,2018-08-30 22:22:02,2018-09-06 00:00:00
725bd1c01a213e4ac7999d74cc9da874,2f414504a52405e86f5db0f59200b23b,delivered,2018-04-10 14:29:06,2018-04-10 14:50:58,2018-04-11 17:38:38,2018-04-16 16:02:28,2018-04-20 00:00:00
a2a53e824841856d25e9fe22467e4209,69cb766f106988cd621b3b6c67221826,delivered,2017-07-19 12:39:52,2017-07-19 12:50:15,2017-07-28 16:08:41,2017-08-04 17:04:20,2017-08-15 00:00:00
29a73b04c3a24a3d00b7262ab67299ad,b69de4bd4bedd310e1d81c3cfd5222ca,delivered,2017-08-17 13:59:51,2017-08-17 14:25:29,2017-08-21 18:30:00,2017-09-01 21:12:14,2017-10-03 00:00:00
e2b405ccb5839931cae6f89767eada9b,0056a2580b5c68cfa6b43c6ef6adbc03,delivered,2017-09-15 06:32:42,2017-09-15 06:45:08,2017-09-18 21:43:55,2017-09-26 19:10:25,2017-10-11 00:00:00
d037a5a034750ef70889cb051fa83b59,9b5d7caf52c127e2de0322f7974be49e,delivered,2018-03-08 19:23:07,2018-03-08 20:00:24,2018-03-13 19:26:22,2018-03-27 21:58:25,2018-04-16 00:00:00
f980e209d6b62a363dc04e2f2b88d568,6e082ad6c4aba5873b45ab0369fc8543,delivered,2017-06-21 14:40:24,2017-06-21 14:50:41,2017-06-22 13:06:03,2017-06-26 15:57:28,2017-07-11 00:00:00
3ea310e0ca8eaa2d771f9ae489e6535e,ee55320c214a7ac7be7f488c6a63da0d,delivered,2018-03-12 19:33:06,2018-03-12 19:50:46,2018-03-13 22:40:51,2018-05-07 19:46:58,2018-04-02 00:00:00
86efd7c29e904b20b31e862644db7ece,8cd60b7cabe05795e02382b0a522e2a9,delivered,2018-05-14 08:51:21,2018-05-14 09:14:01,2018-05-15 10:22:00,2018-05-23 12:36:25,2018-05-29 00:00:00
0d5fb8614978748bcfbef448c8a74a17,33a3023585bff9c06044bdcd92c95b4b,delivered,2018-08-06 10:00:44,2018-08-06 10:15:30,2018-08-07 15:47:00,2018-08-15 21:19:33,2018-09-06 00:00:00
0778b810e2b38affa71607aa32043365,40007efc8eba921655b88ab47d309e4b,delivered,2017-11-24 08:51:18,2017-11-24 09:50:42,2017-11-28 21:28:52,2017-12-20 14:52:25,2017-12-20 00:00:00
cc4dea61bd3aaacb0780ccbc6ad94eaa,b8c6fffae992ef03298390ba7bbac0c9,delivered,2018-05-01 17:19:39,2018-05-01 17:35:14,2018-05-07 12:31:00,2018-05-18 01:12:03,2018-06-14 00:00:00
1edf161379e2ac13eec051cacdf6e543,cac4863658358dbd33862dc91b8f0dc9,shipped,2017-07-31 18:17:13,2017-07-31 18:30:21,2017-08-01 13:06:00,,2017-09-05 00:00:00
f5bbb2a9895fe8531e35393e1efd901c,73c96542370e29c3df46ca13fd868b31,delivered,2017-11-25 05:34:43,2017-11-28 02:58:30,2017-11-29 10:57:31,2017-11-30 21:41:39,2017-12-11 00:00:00
17a020262f659ee7b1103f36824ee2f6,f58b2a937d7ce076a3f89e66972e3f07,delivered,2018-07-02 20:19:54,2018-07-02 20:30:49,2018-07-03 13:25:00,2018-07-09 17:22:55,2018-07-30 00:00:00
2781c27ada78577137fb98ab7a31775a,4ba9fd7a5198e6ee9766e150ff2476f6,delivered,2018-07-19 19:56:00,2018-07-19 20:05:50,2018-07-20 17:13:00,2018-07-23 21:08:53,2018-07-27 00:00:00
101625de5f3ea8064a2900b7b9235491,4a87a0eb95dfb921f88334b7873d9410,delivered,2018-07-28 18:38:20,2018-07-30 16:15:09,2018-08-07 13:41:00,2018-08-23 19:52:38,2018-08-23 00:00:00
ceb22e0ea85b325aeee259c87e85fde6,45ef46c6471c0832d4447b678d9956de,delivered,2018-07-07 10:44:58,2018-07-07 13:25:50,2018-07-09 08:28:00,2018-07-12 18:38:33,2018-08-03 00:00:00
cb3fd1d04f967b6c2d2fbb8f50970c8f,3afd74519364069b1d7ef9ddeac50d6b,delivered,2018-08-23 21:46:53,2018-08-23 21:55:17,2018-08-28 13:43:00,2018-08-30 22:26:55,2018-09-06 00:00:00
2bf1d83ac1f9e3bb2a9c497d3de0e866,b75803a77ce14a9faeb967beb208ceef,delivered,2017-06-08 20:25:53,2017-06-09 20:30:15,2017-06-12 13:27:54,2017-06-28 13:17:43,2017-07-11 00:00:00
03789728a4b9475c05f6fe33ced95ccd,c6939007cd393fc30bab02c37c316d5f,delivered,2018-03-14 15:09:11,2018-03-14 16:08:13,2018-03-15 00:16:36,2018-03-21 18:02:59,2018-04-06 00:00:00
56e74cf3d3be617b843ad339dd83706a,32b0ce578c3e5bdbd17d3f563ae9537d,delivered,2018-05-03 21:09:16,2018-05-03 21:33:09,2018-05-04 15:01:00,2018-05-10 19:07:42,2018-05-25 00:00:00
80de45019ba6e7e9fed689c68e1d67e8,2f74e51046cbf8cfcc3b8c754e1e1fdc,delivered,2017-11-24 11:48:21,2017-11-26 11:55:09,2017-11-30 18:50:12,2017-12-01 16:43:45,2017-12-20 00:00:00
520875e479825f36edbd78db65c729a2,6a9aa977a36f5c46538472876e0b8d27,delivered,2018-04-23 00:20:04,2018-04-24 17:22:01,2018-04-24 22:28:47,2018-05-05 11:38:28,2018-05-21 00:00:00
9e1c6d5149a241963c2e3a2ddaba98a1,73f9c3111d3b1c20bfb20e0e14fc95ba,delivered,2018-06-12 12:25:15,2018-06-12 13:03:56,2018-06-13 14:36:00,2018-06-14 19:28:34,2018-07-17 00:00:00
b6830fb4fc4fc7ef2c897fe89e621f3b,efd274c2baeddc84242184d09c8e6a07,delivered,2017-12-06 15:39:55,2017-12-06 15:52:30,2017-12-07 21:16:32,2017-12-26 17:47:05,2018-01-16 00:00:00
a8b39d7588ebc10f8adb725a1be312be,c3e51c0587103df1c0141794d3e07493,delivered,2017-04-12 22:06:23,2017-04-12 22:22:17,2017-04-13 12:22:04,2017-04-18 15:13:08,2017-05-08 00:00:00
91da5dfeb939a689d56099918730f396,8aa1e804a24e5cb928002a082d7effbf,delivered,2018-03-18 11:09:27,2018-03-20 03:50:36,2018-03-21 19:14:57,2018-03-29 22:57:28,2018-04-16 00:00:00
6a9bf0121b718a84449bc75bb129ed6c,883b94b34925e9d8684df949c3984715,delivered,2017-06-07 17:52:24,2017-06-07 18:05:23,2017-06-14 16:32:01,2017-07-12 16:09:38,2017-07-10 00:00:00
aff844f049f48f38df9885eb70f0d8a6,6b7969d190ac818f1e34f6a15aaff4c1,delivered,2017-06-30 11:15:06,2017-07-01 05:05:23,2017-07-05 10:07:32,2017-07-13 18:04:37,2017-07-25 00:00:00
87ac65278f1ed3a23cd5ba4d867eabbf,9ec69cc126229eac3f0b2abc918d9a23,delivered,2018-05-10 18:05:38,2018-05-10 18:30:35,2018-05-14 13:52:00,2018-05-22 16:06:49,2018-06-01 00:00:00
b81f51013f5e0975044404edfc6dfc7c,4766270b60fee6a92e64bfa290222b1c,delivered,2018-05-14 17:14:12,2018-05-14 17:30:32,2018-05-16 12:23:00,2018-06-11 21:54:38,2018-06-12 00:00:00
00891ba5de66f55000ee358ceea9b345,03ed7b1b35f2e55b0f4d0b9e4e07b0c3,delivered,2017-05-14 17:19:43,2017-05-14 17:35:15,2017-05-15 09:03:10,2017-05-23 15:05:29,2017-06-07 00:00:00
b2385a6b96543064201c7f066a2b9b56,71722cbe7140ec7af2c5d829d0569167,delivered,2018-04-22 18:02:00,2018-04-24 18:53:53,2018-04-23 23:41:42,2018-04-27 16:59:45,2018-05-11 00:00:00
6bc458836ecef86dca3afa67523f4268,925f16639a7b83b8a7e533ee54061f2c,delivered,2017-08-24 19:06:43,2017-08-24 19:24:22,2017-08-25 19:24:52,2017-08-29 16:06:46,2017-09-14 00:00:00
e8b21d9ed9cdf4a4edd7f24e82f65afe,cc5fe3b10431c4cbb202722dcd78818a,delivered,2018-04-09 15:52:20,2018-04-09 16:10:13,2018-04-11 18:28:30,2018-04-16 15:58:43,2018-04-30 00:00:00
6b36a70905c0109222b7b3185a1aaa4e,231ab7a5eba5d3bb4cd2219ed9c25515,delivered,2017-03-27 08:52:56,2017-03-27 09:05:17,2017-03-27 18:48:17,2017-04-10 13:42:21,2017-04-18 00:00:00
4f265ccf96fa25ef7934fec97dc27597,50ffa9db5559ee565d10298575444c89,delivered,2018-01-12 14:13:06,2018-01-12 14:28:20,2018-01-13 02:45:09,2018-01-18 21:32:23,2018-02-14 00:00:00
1354de899c7420bbaa9d9484c79c862c,0c38911b449adfaaf4c34c0f28daec66,delivered,2018-01-09 13:19:43,2018-01-12 08:28:18,2018-01-12 21:46:45,2018-02-26 16:37:56,2018-02-14 00:00:00
75c3991c985f0ad3e6c3b9ae67f16b76,795b085cc42ddd4b1f21acf716c176e5,delivered,2018-08-05 08:21:21,2018-08-05 08:35:11,2018-08-06 12:40:00,2018-08-10 17:56:47,2018-08-15 00:00:00
db9a0f1b8fd85bdad5394dbdf0179aa2,b64de67a26e6007a87a111bb5fd681f1,delivered,2018-04-14 15:42:39,2018-04-14 15:55:18,2018-04-16 17:08:58,2018-04-20 17:52:06,2018-05-11 00:00:00
389ae1c2f97501a310919a2234e0ce74,c2c88a6115ea7dc0c0593ce74e909056,delivered,2018-08-17 23:59:43,2018-08-18 00:10:15,2018-08-20 14:01:00,2018-08-27 21:03:16,2018-09-20 00:00:00
99e5f0c685ca94e5a1c7134b1898bb1a,fabf206541756ff848d31278960701ac,delivered,2018-08-08 01:17:42,2018-08-08 01:25:08,2018-08-10 15:15:00,2018-08-13 20:24:45,2018-08-16 00:00:00
fed0b94df40a4b55adb218de761380f4,9b9f64bf1d23bf49f07be39cfba70a71,delivered,2017-12-15 00:25:15,2017-12-15 01:01:38,2017-12-15 20:15:59,2018-01-14 13:48:16,2018-01-15 00:00:00
d9a2131e6b6d20f8ba76183245c30b66,f6b42daeb9f70e9c2e8f256e983177b6,delivered,2018-06-02 15:36:32,2018-06-02 15:50:19,2018-06-04 12:59:00,2018-06-05 17:56:40,2018-06-28 00:00:00
871ab967b724c659c2678dc802f154d1,71661755cf870f55866a79e5f3191614,delivered,2017-10-30 17:24:10,2017-11-01 11:26:20,2017-11-06 18:21:09,2017-11-10 17:04:44,2017-11-29 00:00:00
47b3fc542306133e109f00371870c632,9fd235083bca5bb7bf8a91d444446cc1,shipped,2017-07-12 22:05:52,2017-07-14 02:25:32,2017-07-18 16:38:28,,2017-08-01 00:00:00
0bd5590ed46f78fceed5ab73b86b8dd4,9ba193141c17b861884c09393ed712eb,delivered,2017-08-08 11:53:50,2017-08-08 12:05:28,2017-08-08 16:39:45,2017-08-10 18:17:31,2017-08-21 00:00:00
428964e746cbd974ac94be994a5c17c6,99dc7c59a9c5a055e048b3b1f8cabd8f,delivered,2018-08-09 19:43:36,2018-08-09 19:55:15,2018-08-15 14:21:00,2018-08-20 20:33:15,2018-08-27 00:00:00
b372525f79a03a4f4c7f33e311e3a6eb,782a7072b467728c3864ec0c6a0b0abd,delivered,2018-02-06 09:21:18,2018-02-06 10:00:19,2018-02-07 17:12:29,2018-04-19 19:22:42,2018-03-07 00:00:00
eec1e7170bc88c845bee8ab6ef36721c,16296a0a954c3f9560636880d4e72c09,delivered,2018-01-31 22:53:05,2018-01-31 23:10:07,2018-02-02 02:10:03,2018-02-15 15:51:56,2018-03-09 00:00:00
ecd2518a4804d4d780d1347c4852af03,1486fa01c4ec1c4b80b74fa176c1644d,delivered,2017-08-26 15:11:36,2017-08-29 05:33:09,2017-08-29 16:47:52,2017-08-30 17:00:17,2017-09-08 00:00:00
71364fd8f029fcfef871a2b7c1c45eef,6ba871ead6171a516b1e4d3fd8e92f4f,delivered,2018-04-16 20:20:42,2018-04-16 20:32:33,2018-04-17 22:02:43,2018-04-25 21:46:45,2018-05-14 00:00:00
e6670c9089973cc68e5b90b7d1f4fec4,bdbf22817eb36add4815586f4957adb1,delivered,2018-08-12 22:21:44,2018-08-12 22:30:17,2018-08-15 12:47:00,2018-08-21 14:18:51,2018-08-30 00:00:00
4e0ca3ddec6976623213dab02333d917,e0df7f269b8ed0e7400dfa99dae746ac,delivered,2018-01-15 01:47:25,2018-01-16 03:34:38,2018-01-16 16:39:13,2018-01-18 15:23:06,2018-01-30 00:00:00
2bbf04c7da16334276d95e3f4b7b938d,6929bf13d69a3e1100ca056efd8c2c40,delivered,2018-05-27 20:49:04,2018-05-27 21:11:04,2018-05-28 14:28:00,2018-06-05 16:04:32,2018-06-26 00:00:00
cfd2d083615e8a74ea5b38d198c92a77,96fc32169071d688c5699248a7446266,delivered,2018-03-29 18:43:06,2018-03-29 18:55:19,2018-04-10 21:54:32,2018-04-16 20:33:48,2018-05-03 00:00:00
0648c919c26e4ed9eae8879a4c17796e,9764b79755f07ae9677fc4e7a6e89507,delivered,2017-04-27 16:06:35,2017-04-28 14:10:22,2017-05-03 07:08:57,2017-05-10 12:42:20,2017-06-06 00:00:00
0b38581eaa98bfe8d55c956b4dab5bcd,3d00c56be9f9c355b9b2ab45dee27c4c,delivered,2017-12-27 19:29:42,2017-12-27 19:48:12,2018-01-02 19:13:03,2018-01-10 11:58:13,2018-01-22 00:00:00
00949655cdd8d0465e433a5e6c9643e5,141bdfe99910207edd84c00700397580,delivered,2018-06-25 21:14:53,2018-06-27 08:30:40,2018-06-27 11:01:00,2018-06-28 18:22:18,2018-07-05 00:00:00
3981ab3fc085c2a1d4dcca88197fe7fd,cf3038109e0fdb6ce61d3793e1812c11,delivered,2018-02-09 15:03:56,2018-02-09 15:15:24,2018-02-14 17:43:32,2018-02-16 16:35:34,2018-02-23 00:00:00
8b7c604fd9d73cf8e3f0d5389e3022ac,f85740ba562d483e8e78aab4a1321ee3,delivered,2018-07-21 11:47:44,2018-07-24 11:32:52,2018-07-24 17:26:00,2018-07-26 23:06:41,2018-07-31 00:00:00
af045d3e5d7082db57d5b5dde3c0c97b,a9b9a53638de923fe716af6a58c14a68,delivered,2017-02-01 11:13:37,2017-02-01 11:25:16,2017-02-01 12:25:20,2017-02-07 17:42:48,2017-03-02 00:00:00
749890e9e1720de87c27367481a3d111,023340b4cc63d20a56d1afa725970627,delivered,2018-07-30 13:39:33,2018-07-30 14:30:39,2018-07-31 12:42:00,2018-08-06 18:16:21,2018-08-27 00:00:00
2fceb850b57ede815933d3554ae792fe,1fff9fa3ca7fc56d7d4fda9b23cd7d14,delivered,2018-07-30 11:54:17,2018-07-31 04:05:53,2018-07-31 12:21:00,2018-08-03 21:04:11,2018-08-09 00:00:00
ce31aa6bc49989f71e4eb6f02f702f51,d99ac336d73ac792b2501d0c9bb4db20,delivered,2017-06-07 21:44:02,2017-06-07 21:55:19,2017-06-08 13:21:19,2017-06-10 06:42:12,2017-06-21 00:00:00
6c1e09e4c733fbc610ee1737436f8a5b,e4f40bdeaa197235f19f136666ffbaa9,delivered,2018-01-29 19:00:35,2018-01-30 18:50:00,2018-01-31 20:46:36,2018-02-19 23:22:57,2018-03-01 00:00:00
99044ba4cee09a5fd69a8c9a25599f55,eb1489020fbe59b3e535fb980f36da3f,delivered,2018-05-08 23:46:50,2018-05-09 00:14:09,2018-05-10 12:37:00,2018-05-15 21:57:00,2018-05-30 00:00:00
36920eac7bd8263fab6d162476986d90,ea52c42ea78b4aec357e1391158a2e68,delivered,2018-05-01 19:11:53,2018-05-01 19:33:39,2018-05-03 18:59:00,2018-05-04 21:26:35,2018-05-18 00:00:00
984ccd2f61565cb8294d4ee05bdebb0c,e8dacc755f6a162fccb441234c60d96a,delivered,2017-09-06 16:39:49,2017-09-06 16:50:32,2017-09-08 15:15:00,2017-09-11 18:41:33,2017-09-25 00:00:00
c5d37fd7edf7a0833228d03ce7eb7531,9af11477b7e25648e3f0b63cacb6046b,delivered,2018-08-15 11:47:41,2018-08-15 12:05:14,2018-08-16 12:52:00,2018-08-21 14:46:35,2018-08-31 00:00:00
8c889ab361bbfe14ea5ebfb5ef7053b4,68bc16b896692f80d3b8aa23bbeeb848,delivered,2017-11-24 17:41:54,2017-11-24 21:12:50,2017-12-16 16:33:14,2017-12-26 21:59:05,2017-12-14 00:00:00
75086a2f175d1548f12ffd72be9d06a7,69d1ab2fd89df4745d920bbb77e5d50f,delivered,2017-12-04 16:22:29,2017-12-05 04:15:39,2017-12-08 02:43:04,2017-12-21 22:27:07,2017-12-28 00:00:00
de64325a3ec242c2264f553d946274ae,2cb63adbf997f96f5cd34f2eb27b6a77,delivered,2018-07-23 10:38:59,2018-07-23 13:31:23,2018-07-24 15:41:00,2018-08-07 21:16:47,2018-08-10 00:00:00
1a5c38fbcc67a6ffb19496befa8e96a3,0b8cdab5bb179a572e61e283fe394cf5,delivered,2017-10-20 00:43:54,2017-10-20 00:56:29,2017-10-24 15:42:44,2017-11-01 19:25:38,2017-12-04 00:00:00
bca3a93a36b625ce7fca16d1e898ff63,a38092b184898290f619db835d1d9c20,delivered,2017-11-02 13:40:38,2017-11-03 13:46:21,2017-11-06 20:36:23,2017-11-14 13:12:25,2017-11-29 00:00:00
f6ea8cbcc8900287db116d4edbdc7c7d,49c01967b56a5f70c5083417c329740e,delivered,2018-08-18 12:31:52,2018-08-18 12:50:39,2018-08-20 19:03:00,2018-08-21 16:42:16,2018-08-24 00:00:00
62298ce96fd87a8c6dbd04c4b2a16d41,1aa26144f171fa1e7082aa0bd5a02e20,delivered,2017-12-01 16:42:35,2017-12-01 16:53:29,2017-12-05 11:22:09,2017-12-19 17:13:19,2017-12-27 00:00:00
9e52bb433e0c3da92cd75849bc446fac,4e70430bf88c6d3f3043216f39d39e24,delivered,2018-07-22 12:48:34,2018-07-23 11:31:30,2018-07-23 12:36:00,2018-07-28 11:32:48,2018-08-10 00:00:00
55b6cf8649aab7d7ac9452d6b3318c18,76c32bcb001e92adf814296be8a4c10f,delivered,2018-01-21 23:51:38,2018-01-22 15:52:49,2018-01-24 13:37:02,2018-02-17 13:28:53,2018-02-15 00:00:00
d4b13d051f5f54336f65b26b2c8255d0,80ca2b9de4805d464b87dce73116c6da,delivered,2017-08-07 22:57:44,2017-08-07 23:43:27,2017-08-09 22:07:30,2017-08-10 15:57:30,2017-08-18 00:00:00
f3f60da6d82821ab2d6e56418df0d7a3,44af84fda1fdb6be91399d4ac6c3db72,delivered,2018-02-19 20:44:45,2018-02-19 22:06:57,2018-02-20 23:06:23,2018-03-09 00:58:32,2018-03-21 00:00:00
7a32a414f59caff4a7f5e9710a9c32e7,a0cbe684b1e0e7ec34c7a1ee02eaee40,delivered,2017-04-09 17:56:12,2017-04-10 18:02:26,2017-04-11 10:44:33,2017-05-13 12:22:01,2017-05-12 00:00:00
eddeac0c76b621e75409d5ed0531fe0d,7e6ae0479bcb900929155830a618c54a,delivered,2017-07-23 10:07:01,2017-07-23 10:15:11,2017-07-26 14:23:18,2017-08-14 22:28:51,2017-08-17 00:00:00
0c41735db7b9b04cffb97ff1309cbee4,fe407542528baa5c26f3ab62b9cdcb9c,delivered,2018-06-24 18:24:56,2018-06-26 04:58:49,2018-06-26 15:11:00,2018-07-09 21:11:59,2018-07-24 00:00:00
be087f2e4d527446e82a0e44d5f95d34,aae5cb468884f1da9e17f0da2c25c9c4,delivered,2017-02-02 11:41:13,2017-02-04 02:22:27,2017-02-06 12:45:50,2017-02-10 09:47:50,2017-03-13 00:00:00
689a70a3223b705af011e81bc75323b8,aba8c082c6e5c91b733c60e0b04fa956,delivered,2018-04-17 17:42:31,2018-04-17 17:55:22,2018-04-19 19:49:46,2018-04-25 09:36:48,2018-05-15 00:00:00
ef631f2168b86a6efd53a9fdfb9d4699,c02a6990593c8e099095ecef024194ea,delivered,2017-12-28 00:19:16,2017-12-29 07:39:21,2018-01-02 18:44:32,2018-02-07 02:32:39,2018-02-20 00:00:00
073df773abf715c8e62c999668a9cc49,b9d095a7a09c65f3d87e79d02da2afad,delivered,2018-01-14 19:55:00,2018-01-14 20:09:18,2018-01-16 20:37:04,2018-01-25 14:48:12,2018-02-07 00:00:00
86399a62def7e6b76d52b5cfd4cb7276,941e30395a4bbcde5838d0f07fae1b40,delivered,2018-08-12 08:07:16,2018-08-12 08:24:25,2018-08-13 16:14:00,2018-08-22 15:52:00,2018-08-27 00:00:00
f1e56e6888d31427f56814ae6077aa45,026b1c08479645291d284443a15d8c93,delivered,2018-08-06 20:57:10,2018-08-08 03:15:19,2018-08-08 14:32:00,2018-08-15 20:08:35,2018-08-29 00:00:00
7f745edf993f5b792d9d64d92762af66,bde79a75c980c8714c8affb0f0d8b165,delivered,2017-11-26 20:19:52,2017-11-28 20:15:52,2017-11-30 17:18:39,2017-12-20 17:52:06,2018-01-02 00:00:00
af133319e8442415ea3e9b7c183d711d,d00e0a7a207cd60b12fa1b089114de39,delivered,2018-01-28 22:03:43,2018-01-28 22:13:18,2018-01-30 15:12:07,2018-02-02 23:03:43,2018-02-21 00:00:00
cba96e186e4dd8d172b398e01df4027d,212c99e249defc8507b913c1eb889c57,delivered,2018-06-04 10:44:59,2018-06-04 10:55:17,2018-06-05 13:45:00,2018-06-06 18:43:41,2018-06-28 00:00:00
0a36bd172604d49ae57f2ae440a0dc70,c7079118b666659ab965232b538299af,delivered,2018-07-27 20:36:15,2018-07-27 20:50:08,2018-07-30 13:11:00,2018-08-10 14:38:43,2018-09-13 00:00:00
96e5187ccb9753392e2dcd3beff8f85f,b3aaa85c9690e3e133f5c83529fdb16e,delivered,2017-02-10 00:17:54,2017-02-10 00:32:11,2017-02-13 11:22:59,2017-02-17 10:44:49,2017-03-13 00:00:00
9767627258a1be01a6ce44c9ab46f2bc,4d985132cd5b1f67b75b6748edf69be7,delivered,2018-06-11 13:46:46,2018-06-11 14:17:52,2018-06-12 16:57:00,2018-06-18 22:04:08,2018-07-05 00:00:00
1161ed293dc0a40bbed57348919f65ec,b2f3350f0fcfb2df7ee8900d9fecff57,delivered,2018-02-14 10:15:47,2018-02-16 07:50:38,2018-02-16 19:38:02,2018-03-20 22:24:49,2018-03-13 00:00:00
fab9efbbc1e2ef88f16f448cff240426,63082ef9bd7d4906b7a68e77c78b3dd4,delivered,2017-05-11 19:51:22,2017-05-13 03:10:21,2017-05-19 10:22:54,2017-05-29 12:32:31,2017-06-12 00:00:00
d413297b10ef98f20597b3dc746efe80,b5d20c53eb395d0f9cdaa15aabcb9155,delivered,2018-05-19 23:14:04,2018-05-22 08:57:03,2018-05-25 13:04:00,2018-06-08 20:21:26,2018-06-12 00:00:00
f54790d8edca7a0fb56626c7a42e984a,bf6b3c49650bf01069b5565e11fd986b,delivered,2018-03-11 15:36:44,2018-03-11 16:20:25,2018-03-12 21:12:25,2018-03-16 00:04:12,2018-03-22 00:00:00
c666d3cad8c556562a918f53cfff996d,9f190a7334f8e7b2531f1ae41045be3e,delivered,2017-05-03 10:26:53,2017-05-03 11:23:07,2017-05-11 16:03:55,2017-05-24 10:57:57,2017-06-01 00:00:00
7f86cca3de139cdba174aa276ec11612,61fc8e04209b454798b344e62dc138e7,delivered,2018-07-17 12:59:25,2018-07-19 02:50:21,2018-07-19 13:29:00,2018-07-25 14:04:58,2018-08-20 00:00:00
b56a08892adc73d4813e06c3e62f6bfb,ab898d9d441bb047b34bf50b432bf34c,delivered,2017-06-10 12:37:02,2017-06-10 13:02:17,2017-06-12 10:57:44,2017-06-22 19:57:50,2017-07-12 00:00:00
fd193ed03647595d959a3e351af74eea,cfed94ec4cc28960d319f2d11516af81,delivered,2018-06-12 17:26:43,2018-06-13 02:36:44,2018-06-13 14:17:00,2018-06-18 23:11:50,2018-07-13 00:00:00
71fecd3061e596fd59e65e9d62886535,7ad00854738c8fc46b6bf4c6974cfc49,delivered,2018-05-08 14:17:52,2018-05-08 14:30:18,2018-05-08 13:43:00,2018-05-22 19:08:28,2018-06-12 00:00:00
134bf8fea9ec1583380780902cf0dc7c,eb9d421f7be3e97e79fe131c5f463fab,delivered,2018-03-12 20:27:57,2018-03-15 11:15:31,2018-03-15 21:11:42,2018-03-17 13:03:14,2018-03-22 00:00:00
7ac0ea1aae0c98fd853d0baf7108099c,83171346ae0f784f22fea771531c1874,delivered,2018-07-01 17:46:04,2018-07-05 16:11:41,2018-07-09 12:16:00,2018-07-12 15:32:30,2018-07-24 00:00:00
53d7d36edbbd0dade27d791e9f6b020e,689c90c4e7c7ce8c153b28c11bf8dba4,delivered,2017-06-23 14:47:02,2017-06-23 15:04:56,2017-06-26 08:29:27,2017-07-07 17:04:44,2017-07-27 00:00:00
49e84824ae503af008a7cc379ebab409,5926018301827261608273eed79d5732,delivered,2018-07-28 14:54:19,2018-07-28 15:10:09,2018-08-01 15:17:00,2018-08-08 15:52:11,2018-08-22 00:00:00
2f745f754793012b39e7806795178857,70a994c9723c3fca596dd1c71238c4d2,delivered,2018-08-03 15:35:49,2018-08-03 15:45:15,2018-08-06 14:10:00,2018-08-09 16:49:50,2018-08-23 00:00:00
6aa0ab1e59df785e37bda849c1d1a09a,c36cef102538362b68821fc650961cd4,delivered,2017-06-08 06:46:17,2017-06-09 02:15:28,2017-06-09 14:17:51,2017-06-22 11:17:54,2017-07-03 00:00:00
837227f97fa1b842e41273e07cf3e350,1670077ca7c7b54aa21bd2943304c1d0,delivered,2018-02-03 12:29:51,2018-02-03 12:50:24,2018-02-05 22:37:33,2018-02-21 17:28:35,2018-03-01 00:00:00
09322de5d2e4e4aaac983f73fe652f24,d56aaf069a7ccf464c06b679237f1677,delivered,2018-06-11 18:33:15,2018-06-11 19:01:46,2018-06-20 14:16:00,2018-06-21 20:38:43,2018-06-29 00:00:00
54d4c91139989884004cead3291a4a32,3bba950dbccb49c7d5be5793713b8368,delivered,2018-08-08 18:57:14,2018-08-08 19:10:18,2018-08-09 14:10:00,2018-08-13 21:58:28,2018-08-20 00:00:00
3e8953439d52c5b7a12eca9324cf4273,ce0f763d66f365fe3801821e39088f30,delivered,2017-11-10 17:35:58,2017-11-10 17:46:37,2017-11-16 14:51:34,2017-11-17 20:04:51,2017-11-27 00:00:00
39dec6d69a6e574fcd86be266b2b0ee4,1375316ebc7ef4583b565e6cffa8c717,delivered,2018-05-20 11:46:23,2018-05-22 08:16:31,2018-05-22 14:32:00,2018-06-01 18:24:35,2018-06-01 00:00:00
fbb09a2a201b41a31a2e27bbd815c012,26fdf0e57003635d18db997a0c24bb47,delivered,2018-07-28 16:30:25,2018-07-28 16:44:14,2018-08-02 17:46:00,2018-08-07 15:25:57,2018-08-23 00:00:00
3f5abd933258e53656eb4368f0762fec,be683d7033a4881645d055afc913b083,delivered,2017-07-12 23:28:53,2017-07-12 23:43:15,2017-07-13 19:03:57,2017-07-20 19:29:32,2017-08-01 00:00:00
5a2cf4049320a6a52486e4287fbdb2c7,5407de0a9174969e18320da8b30c358f,delivered,2017-07-30 19:18:43,2017-07-30 19:35:13,2017-08-01 19:03:33,2017-08-04 12:53:57,2017-08-24 00:00:00
0548ea59d2970d4c0fc2bca54cedfd54,2b11d30e7762ee0e087603f4a5d3cc6a,delivered,2017-10-06 15:54:34,2017-10-07 02:28:22,2017-10-09 19:15:21,2017-10-18 16:49:19,2017-11-07 00:00:00
97d6c1727b0d36b8d04035e35d86f40f,f5a0b560f9e9427792a88bec97710212,delivered,2018-05-18 21:42:33,2018-05-18 21:55:14,2018-06-04 16:03:00,2018-06-05 19:33:24,2018-06-06 00:00:00
5985f136ead106b6ca5c2bf3f76b5874,2a8d9f1d2d99d0e67e6ef28ec7f55589,delivered,2018-02-05 20:36:59,2018-02-05 20:50:27,2018-02-09 16:13:38,2018-02-23 21:51:50,2018-03-05 00:00:00
b28f0b71b3719fdab137d7263d469001,62cb8f687c3d125034c0ce2db5a5bf35,delivered,2017-12-05 10:11:04,2017-12-06 02:50:38,2017-12-08 18:19:13,2017-12-09 15:44:51,2017-12-22 00:00:00
49aaf52025f80a8470247c3d1b9e3f1f,d7e0de0dc840ffdceac2f485e78c0b3f,delivered,2018-01-11 21:26:19,2018-01-11 21:34:50,2018-01-12 20:44:01,2018-02-09 00:54:44,2018-02-09 00:00:00
d5aa3ecef9ff525fa798578bae2ad559,7880830b6f139f1683dc3f19ce30ff00,delivered,2017-12-02 21:08:50,2017-12-02 21:18:23,2017-12-04 21:34:45,2017-12-09 19:14:51,2017-12-29 00:00:00
89e84cfb3387746e060d4a9146511c9e,dfff11eb1f2637f31e8182cc82586b85,delivered,2017-11-25 21:40:37,2017-11-25 22:31:49,2017-11-27 20:28:51,2017-12-03 16:34:35,2017-12-21 00:00:00
64a49ec4515de1ebb60ba7e7b26a3893,1b737e43244d83cf4389263c34c333ba,delivered,2017-10-16 19:53:16,2017-10-16 20:14:39,2017-10-20 15:51:52,2017-10-23 21:25:16,2017-10-26 00:00:00
eb84695b82bc1d046f420135f35c52f8,60cdb2401584f6851ca9e6254009a2b0,delivered,2018-01-16 01:11:31,2018-01-16 03:10:09,2018-01-17 17:28:40,2018-02-03 17:34:58,2018-02-19 00:00:00
c6f480c91e0db6a6273aae45c6027091,b1c620b3900301281f637f3df0690225,shipped,2017-06-22 17:14:34,2017-06-22 17:25:09,2017-06-23 11:51:48,,2017-07-18 00:00:00
a75a3c5e24236d6fced5e82fd3526b43,56d81219d0478974c287e04cdb0c8c6a,delivered,2018-05-14 11:38:11,2018-05-14 11:58:28,2018-05-14 15:28:00,2018-05-16 19:13:04,2018-05-22 00:00:00
45f42317b5fa7a5f4822b837d7e8304b,b5da4b7204f9f98370ad8fd878ce0e9c,delivered,2017-11-05 15:08:38,2017-11-07 07:30:36,2017-11-07 19:07:19,2017-11-27 20:34:26,2017-12-07 00:00:00
4fc0a813a474373185c8f141a18878b3,3ed87c4263ee242463f8452c23aafdd5,delivered,2017-04-20 09:46:23,2017-04-25 08:11:02,2017-04-25 18:52:38,2017-05-05 12:30:10,2017-05-24 00:00:00
687fefbf639ccadb9ffe1510229fe531,9ffa39e775d0167c5322d82cd77d5ce7,delivered,2018-03-21 14:39:40,2018-03-21 14:50:43,2018-03-22 21:24:20,2018-03-27 01:15:49,2018-04-09 00:00:00
9ba78cdb7ebed668566d399629fc74a6,837f6881094646f992554d6608720572,delivered,2017-05-02 16:21:16,2017-05-03 14:42:44,2017-05-04 11:51:32,2017-05-17 12:44:43,2017-05-25 00:00:00
25897fea02375384a97507a86d846923,c5b0e8747809dbd77c33e961212674f4,delivered,2017-04-10 17:55:57,2017-04-10 18:10:10,2017-04-11 14:53:06,2017-04-20 13:46:55,2017-05-04 00:00:00
bf889dfbc028003fdf795584501b9530,83ee8100a0d0c4f437e4bce4f0f7cca5,delivered,2018-02-08 17:26:13,2018-02-08 19:10:05,2018-02-09 23:46:44,2018-02-14 23:34:00,2018-02-22 00:00:00
a04084799bcf2107344626146b5f70fe,2db279bb09cc600b67ec11ac305ad8e2,delivered,2018-04-16 08:16:46,2018-04-17 05:50:15,2018-04-20 21:28:54,2018-04-30 16:42:36,2018-05-08 00:00:00
0e4e2b4f0485ebee2020fa22ebe41766,2579c12f61f872d30a928bd4227a0bb9,delivered,2017-08-16 09:07:02,2017-08-16 09:25:21,2017-08-16 21:10:55,2017-08-28 21:49:54,2017-09-08 00:00:00
eb468bfa71ec1fa121066d870a76f4eb,bda4f1d82579eb637bb31b4283a673e4,delivered,2017-11-15 17:36:33,2017-11-15 17:50:32,2017-11-21 13:52:15,2017-11-24 19:28:33,2017-12-05 00:00:00
e7754b4de1276192babdbbf45647cefb,6324ad8d7b1402f89654407309bc9c63,delivered,2017-12-06 16:25:46,2017-12-06 16:32:27,2017-12-11 22:52:44,2017-12-29 01:13:03,2018-01-02 00:00:00
b7dec0ed6498c647ddaca1006fe6240b,8d0c97aee6fed824e2d1dd65eb09d104,delivered,2017-11-24 15:15:33,2017-11-24 17:36:32,2017-11-28 21:52:17,2017-12-27 14:34:04,2017-12-19 00:00:00
4cf7e2d60f3f4ed58f0e1ee3a78c6e81,062e9e44f1ded5f24b2c5839423d8446,delivered,2017-06-14 22:04:52,2017-06-14 22:15:18,2017-06-16 14:09:35,2017-06-23 11:03:45,2017-07-17 00:00:00
6d0f81ca5d316d5a79829a1cfaf85237,d81d1cacf9539ec096a3524d7923d932,delivered,2018-06-15 16:03:24,2018-06-15 16:19:33,2018-06-18 14:26:00,2018-06-25 13:57:33,2018-07-17 00:00:00
5139f51749d25619bb9e6153e11a18aa,5cdc04640789f888b985d651877ac11d,delivered,2018-08-13 16:39:08,2018-08-14 04:45:09,2018-08-14 13:31:00,2018-08-22 15:22:42,2018-08-23 00:00:00
a49ef06443dbe442d78f3fa3b26848d2,ed3cfc1db77dc98f707d942af216e4fb,delivered,2018-03-01 11:03:34,2018-03-01 11:15:33,2018-03-02 19:08:12,2018-04-03 20:22:16,2018-03-27 00:00:00
b218e6afdf3f52598df377661fbd530e,531becfc93ec1ae0c830d67da0a594b7,delivered,2017-11-12 16:56:26,2017-11-12 17:10:26,2017-11-16 13:51:56,2017-12-03 12:28:46,2017-12-12 00:00:00
6643fcf7be174c77fb72dea37c92aa19,2272103eacfced4298c7b99e2795f403,delivered,2018-01-11 14:56:04,2018-01-11 15:10:30,2018-01-13 00:03:34,2018-01-15 15:55:04,2018-01-26 00:00:00
7d7905bf75bc3a7657f3e145f0214528,9fb2c8752b05e109fdd870a28be5bea9,delivered,2018-02-12 09:14:03,2018-02-12 10:20:24,2018-02-15 05:42:14,2018-03-03 12:18:47,2018-03-12 00:00:00
2dd3e9627a0cec07b3092f404934ce6b,7e19f4a49cf2f5c0ea08901336e3d9da,delivered,2017-04-23 18:16:54,2017-04-23 18:30:30,2017-04-27 11:05:36,2017-05-25 13:19:26,2017-05-15 00:00:00
cec0dfdf4408bef61c7d93b02a41f92c,abd9af16c6b85f81ac7d5eee4ecadb5a,delivered,2018-05-28 15:18:56,2018-05-28 15:32:38,2018-05-29 09:00:00,2018-06-04 17:26:53,2018-06-28 00:00:00
bf794141e731463e42c59aac15cc5cd9,a41b9adf1616f3ccc4ca2638aa6011ca,delivered,2017-12-14 19:35:52,2017-12-14 19:45:27,2017-12-19 23:51:36,2017-12-20 13:56:52,2018-01-03 00:00:00
5a5f3655d1d2c0a31d9ad1eee421ce81,6a67694e93de15ff31d131b4264a6951,delivered,2017-02-11 20:48:22,2017-02-15 11:33:04,2017-02-17 05:57:45,2017-03-30 13:30:03,2017-03-22 00:00:00
6e56fd377b9d1f816af128295e5c1003,12eb27c5c8983f8b65f4e79bfb579572,delivered,2018-02-15 09:39:58,2018-02-15 09:50:40,2018-02-15 20:56:44,2018-02-21 15:26:59,2018-03-16 00:00:00
47c6cbb371cb3681d7d52cbb6ad3f94a,b0941d2a497ff83097f4334c9ac59d8c,delivered,2018-02-09 10:33:41,2018-02-09 10:49:11,2018-02-14 15:15:24,2018-02-16 13:17:03,2018-02-23 00:00:00
0fafef9491abc81f2975be1c75036a86,b0fd29cea8606dd1d6022c31f77730a2,delivered,2018-02-10 14:29:06,2018-02-10 14:48:06,2018-02-16 20:33:04,2018-03-10 15:03:41,2018-03-06 00:00:00
bf951e41c5adb873b7fdcc1e83b406bf,bf0b4acdb6eb69084a7714bf7cc748f0,delivered,2017-09-12 10:06:38,2017-09-12 10:15:21,2017-09-12 21:27:27,2017-09-15 18:07:59,2017-10-02 00:00:00
ea70810a7aa753a29c08ba0bff6edde5,be4880733bd41d1f0845bb4d349a0c35,delivered,2018-05-16 11:23:59,2018-05-17 03:35:14,2018-05-17 10:00:00,2018-06-05 18:37:56,2018-06-01 00:00:00
30bcd0d1a15a6f391aaf0e12c25fca39,db6dce4c4057d2c5c1f676329c8d1d1b,delivered,2017-11-17 19:45:13,2017-11-22 03:15:31,2017-11-22 16:51:13,2017-11-23 16:41:17,2017-11-30 00:00:00
d22d34dc3b27dd6647daeddbcc570636,af24747ac0b08ec8552954a3b7e00d14,delivered,2018-08-06 20:17:40,2018-08-06 22:40:06,2018-08-09 13:05:00,2018-08-10 16:18:25,2018-08-14 00:00:00
48f30fbf8d879b0216be9be4a1fca6e4,a8b345d55f94ab20a00864ee6a0642ce,delivered,2017-03-27 08:45:13,2017-03-27 09:01:54,2017-03-30 16:52:15,2017-04-05 10:33:32,2017-04-13 00:00:00
9d8032cab9a441c8df1b47087eae5b41,3dcf72ac785b3c60904db9f549f52744,delivered,2018-03-14 19:41:35,2018-03-14 20:20:31,2018-03-15 23:22:25,2018-04-18 21:28:41,2018-04-12 00:00:00
4a78a79abcb01edd282c54c5c9cdaac2,91671096ac3d7845abb30877f9d18259,delivered,2017-04-03 03:20:30,2017-04-04 03:25:13,2017-04-06 14:10:44,2017-04-12 16:28:59,2017-04-24 00:00:00
9d35fd8f543fd6c4f8369add0105e531,0ca219acb9356eced4c5c3140f88f96b,delivered,2018-07-30 08:55:37,2018-07-30 13:10:14,2018-07-30 15:32:00,2018-08-06 13:18:25,2018-09-10 00:00:00
b2ab8e46c0531fd546ec40b146724c46,2bba08cecced69b889a272c194f805bc,delivered,2018-08-04 12:22:39,2018-08-07 04:15:33,2018-08-09 15:03:00,2018-08-13 17:58:27,2018-08-14 00:00:00
2a1e603190a385d6ac42043e5361b309,dd000dfe86c2b17ecd26660a299b07ba,delivered,2017-06-14 19:39:48,2017-06-14 19:50:17,2017-06-16 13:20:00,2017-06-27 16:24:35,2017-07-13 00:00:00
af93940eed198259e7d1964a641155a9,e44684e581a8527119aa977a23d80237,delivered,2017-07-28 10:18:39,2017-07-28 10:30:27,2017-07-28 18:15:50,2017-08-03 15:23:26,2017-08-17 00:00:00
081e5884f403fbe66f3bce77c72c9230,b55748892add3571efd411869204bbcc,delivered,2017-10-31 15:09:11,2017-10-31 15:31:18,2017-11-03 21:31:43,2017-11-08 13:06:47,2017-11-17 00:00:00
18d4a0c2996047bfa18e3f637f4ad763,3d1926af745beb43e9b18338507cea0d,delivered,2018-01-23 19:04:20,2018-01-24 10:31:39,2018-01-24 22:19:07,2018-02-08 02:51:33,2018-03-15 00:00:00
b86c4834a1f80bb5f808842b4624a2cc,ace1a8511961e8466d5dcacfa5da3185,delivered,2017-11-28 19:46:33,2017-11-28 19:54:27,2017-11-29 16:02:42,2018-01-17 17:49:03,2017-12-26 00:00:00
5a80f55b30d5104aec28b1bc6b59b796,635a58bd743edc833834a9a8435bf317,delivered,2018-03-09 18:07:53,2018-03-09 18:29:15,2018-03-12 13:48:37,2018-03-17 16:22:20,2018-04-04 00:00:00
09ed65e35d505a8ce95a82e5c0d1dff3,136650e7d6ed0da6d222b83fb59144ad,delivered,2017-11-24 16:17:04,2017-11-25 04:39:33,2017-11-28 22:31:54,2017-12-03 16:48:32,2017-12-11 00:00:00
f1b64d15b1fe4c26aeffdaa46fa1004b,eaa27ddbb78c8c390b40a0e075c568c4,delivered,2018-03-17 21:26:44,2018-03-17 21:48:41,2018-03-21 18:36:16,2018-04-10 17:33:45,2018-04-09 00:00:00
ca1533a4041a98501d0c3250c7dff345,9c0d40a2af948e31d03e583dddb57fd3,delivered,2017-03-12 16:38:43,2017-03-12 16:38:43,2017-03-14 10:33:22,2017-03-28 15:08:54,2017-04-13 00:00:00
ee72ce44903a7907d3c84f46ef2dd863,0117fcfe90f5c0df487c5eb4ae067aff,delivered,2018-07-25 13:15:31,2018-07-25 13:25:09,2018-07-25 14:42:00,2018-08-11 17:57:36,2018-08-27 00:00:00
9c79cbb5642412b4151353f3dc4d4ee3,0f80a5a2ed84b5faab4b319acd731049,delivered,2017-05-03 10:25:33,2017-05-04 10:30:18,2017-05-04 14:46:38,2017-05-23 15:12:40,2017-06-05 00:00:00
0e1628ef32043a2e0c0d7152af698bd1,43798f254097cd1ae79c084d3c697ee3,delivered,2017-05-01 10:30:43,2017-05-01 10:42:46,2017-05-04 11:52:59,2017-05-08 07:42:07,2017-05-23 00:00:00
dd2a455f0d35a5d964808c72c38a36fd,3d17b220afdd542298bca418923e57a9,delivered,2018-04-26 23:15:26,2018-04-26 23:31:32,2018-04-27 15:01:00,2018-05-07 15:32:15,2018-05-18 00:00:00
818080c38c17ec4bdcb39798ccb51b4e,b37663c257f9cb8f2dc90fe804a6ef2a,delivered,2017-09-07 11:10:33,2017-09-08 11:24:48,2017-09-12 19:13:39,2017-09-18 19:07:55,2017-09-28 00:00:00
2cd381926f90886df1f35f7002745c9b,0d2797654ac8c8480c338fcc98b48e6c,delivered,2017-12-18 23:36:46,2017-12-19 02:10:31,2017-12-20 21:03:33,2017-12-28 17:09:19,2018-01-11 00:00:00
43db2bc49fcbe07b3ee17f03949557f4,d5898f068b0c163032a416dbe57e535f,delivered,2018-07-03 16:22:23,2018-07-05 16:23:42,2018-07-04 14:06:00,2018-07-10 20:50:52,2018-07-20 00:00:00
b326b28576ef485c456bb7d2775eeea8,7536780aa9643a6ff2d9a9b827e7bd59,delivered,2017-05-13 11:58:44,2017-05-13 12:22:21,2017-05-17 08:26:38,2017-05-26 09:12:44,2017-06-12 00:00:00
eac07a0dbd3a43600f76d084fb472e63,166dd5897ee419fc1c7e58a26d495a29,delivered,2017-08-23 18:22:15,2017-08-24 16:44:31,2017-08-29 21:07:32,2017-09-05 22:05:12,2017-09-19 00:00:00
0670e42d70788dc30446908644d4cd74,a8b4e86b09a6751205acdf4a5d8e6ee0,delivered,2018-02-22 11:41:40,2018-02-22 11:51:11,2018-02-26 21:44:50,2018-03-08 18:49:45,2018-03-22 00:00:00
0b0bf8f9977e22517521efeefa4b7a27,70853b66bdc999fa3b86d867d34ab156,delivered,2017-05-09 22:58:25,2017-05-09 23:10:18,2017-05-16 16:04:20,2017-05-24 14:13:31,2017-05-29 00:00:00
c6492b842ac190db807c15aff21a7dd6,6ee2f17e3b6c33d6a9557f280edd2925,delivered,2017-03-09 23:39:26,2017-03-09 23:39:26,2017-03-15 11:16:33,2017-03-21 13:32:45,2017-03-30 00:00:00
e061acbc3114d57440a7250db18b4e0a,a03432ab233435f6c640fd5cc7ef3072,delivered,2018-03-23 09:47:07,2018-03-26 06:27:33,2018-03-26 16:47:32,2018-04-04 16:54:35,2018-04-18 00:00:00
c39da54f19d2aa7b89667e4817f05629,6df80b1b894bb87f1ec7ce6534db6152,delivered,2017-09-09 04:42:26,2017-09-09 05:25:16,2017-09-11 20:54:44,2017-10-02 18:57:29,2017-10-18 00:00:00
6c7e8d67d9bf60c5baf05bb0193b4908,5c124fabda6174c6a2f7ad04a5080981,delivered,2018-08-13 12:02:35,2018-08-15 03:30:33,2018-08-15 15:00:00,2018-08-18 14:38:44,2018-08-23 00:00:00
065f2124da64e6bddb1120142f2ad73a,3f947876eeaf431cc48e9751af9c6ed8,delivered,2018-04-05 10:17:48,2018-04-05 10:30:20,2018-04-07 01:00:43,2018-04-11 18:06:38,2018-05-04 00:00:00
855205a0e3f856f2a88173b8693baec6,4b5e5b4a8e3b88986e4b7fda76311ded,delivered,2017-05-25 10:32:23,2017-05-25 10:43:24,2017-05-26 08:54:27,2017-05-30 15:42:29,2017-06-07 00:00:00
d9e110790efe2b61a32e2b343905ae90,46efeb419cd0b58214d62fb6f13623f7,delivered,2018-07-28 10:29:40,2018-07-28 11:04:20,2018-07-30 14:14:00,2018-08-02 21:46:45,2018-08-09 00:00:00
1fc71eb4a30dced088d988c57e751078,b405dfdf46036287887efd86828244a4,delivered,2018-07-17 12:33:50,2018-07-17 12:50:19,2018-07-18 07:52:00,2018-07-24 19:03:21,2018-08-03 00:00:00
ee1099f5139597ef759566fd91767968,459d1f01d74c4244a02f2cd0c4ca2489,delivered,2017-03-13 08:38:47,2017-03-13 08:38:47,2017-03-14 13:07:43,2017-03-24 10:53:48,2017-04-03 00:00:00
40a601b71bfefbc0f6a7566b0d201fad,45fd0f4002588ad41ef11b08ec4cf2ce,delivered,2018-04-17 01:30:10,2018-04-17 01:52:09,2018-04-20 21:43:47,2018-04-27 20:39:01,2018-05-23 00:00:00
4802922b16a37af8db6fb3df54b07860,f078095ff04dedf7d217df058773668b,delivered,2017-12-01 11:25:38,2017-12-01 12:31:27,2017-12-04 22:03:42,2018-01-08 18:54:58,2017-12-28 00:00:00
0d783e7e03dd70fd2ea6a0b33bb73706,00ffbb23812bc76062322afd86d8cbf7,delivered,2017-09-10 22:42:54,2017-09-10 22:55:14,2017-09-12 21:45:42,2017-09-19 21:32:12,2017-09-21 00:00:00
e4ef736a25347585f1e67bbf8eb476fe,16495aa2054f83a2b39ef5a5e7cab72f,delivered,2017-02-20 19:23:18,2017-02-20 19:35:10,2017-02-24 13:29:57,2017-03-02 06:49:07,2017-03-17 00:00:00
dc30763d1665f5167ab925fbb51202f9,7d498305b94fb1d7f3e26e6fce47e4cd,delivered,2018-06-14 17:08:17,2018-06-14 17:39:33,2018-06-15 14:00:00,2018-06-26 19:03:30,2018-07-18 00:00:00
f2b609cb8300d9cf7f2731582909bd61,4107cf3182f56b9dc9ce104c7379434c,delivered,2017-09-20 16:32:20,2017-09-20 16:45:32,2017-09-22 19:11:56,2017-09-25 21:13:48,2017-10-05 00:00:00
e46cc1d437cb15e5f95230f2eabaca67,c5af41ead41ce8121fbe5405cf93d7e3,delivered,2018-07-01 19:53:27,2018-07-01 20:10:02,2018-07-03 14:15:00,2018-07-07 10:50:02,2018-07-27 00:00:00
d326dcaaf349108b952ba7aba78eaa9d,34329f819a7c0bf45366202c3cbc5007,delivered,2018-01-22 22:01:48,2018-01-22 22:16:20,2018-01-23 18:07:43,2018-01-24 15:23:33,2018-02-06 00:00:00
2d42a5a4d209118c2023d643833be818,0adc6935a7eaa24f5b9d229ea701ab38,delivered,2018-03-26 22:41:12,2018-03-26 22:50:18,2018-03-29 22:44:31,2018-04-14 11:03:59,2018-04-17 00:00:00
76bd9ce8aa3ce93bd913f3ec17f66790,35f26e073ace0e3cd12f259eb5c75fb8,delivered,2017-01-24 15:37:05,2017-01-25 02:50:35,2017-02-09 15:18:16,2017-02-17 16:16:10,2017-04-24 00:00:00
d67bc62fb98a4a57ebf154cfbbaefca0,44ea4e0b5d3bb76f95d70400151be1c2,delivered,2018-01-16 15:38:28,2018-01-16 15:50:51,2018-01-17 21:33:17,2018-01-22 12:59:14,2018-02-06 00:00:00
8d009dd4bfa1f56a289579b630fa3b83,0b761918d6c1790b6f00322de8ec99f9,delivered,2018-03-07 18:58:59,2018-03-07 19:15:29,2018-03-09 00:30:48,2018-03-22 02:38:34,2018-03-23 00:00:00
c5c9e31d0a32df5f612ca8f9b04f8574,73d9b153e7d371a64270388b832f3ae4,delivered,2018-07-25 11:49:46,2018-07-27 02:24:23,2018-07-27 14:17:00,2018-08-09 18:06:54,2018-08-22 00:00:00
55772fc319b3906e897cc43fae9c1835,fe2f0691a0934f97140ea0b83b7178b1,delivered,2017-08-17 11:56:42,2017-08-18 12:05:18,2017-08-18 21:31:53,2017-08-28 20:27:48,2017-09-11 00:00:00
7d04b18b6cc94c74b63c7ce9546dd09a,51001cca9f484d8261ac65c5928c10b2,delivered,2018-02-22 17:09:03,2018-02-24 02:48:29,2018-02-27 16:42:40,2018-03-08 23:12:36,2018-03-14 00:00:00
bf61d525b7c099d79f6e3bbbd7a4aec9,f882d8943a6e76b0876c6affb9ac2dfb,delivered,2018-03-02 16:59:19,2018-03-02 17:10:48,2018-03-05 19:17:34,2018-03-10 01:38:47,2018-03-22 00:00:00
6c4e1e1b0508d7c73164b8890daa28c6,c6306ac21fb4ae74e7c95593dd0ba5c3,delivered,2017-07-12 23:53:35,2017-07-13 00:50:16,2017-07-14 19:54:23,2017-07-20 18:14:23,2017-08-07 00:00:00
c9784c87841fb49ac88950030e64c514,1e3726247083b718a85dbc9c611fbd4f,delivered,2018-06-13 17:27:16,2018-06-14 02:39:34,2018-06-14 14:29:00,2018-06-15 20:08:32,2018-06-29 00:00:00
04bef5ebaab368e72d66decdad88fddf,55ca07ff32dc30f00ded4c99f8ea9124,delivered,2017-07-06 16:54:03,2017-07-06 17:10:14,2017-07-07 20:11:22,2017-07-19 12:57:51,2017-08-01 00:00:00
8d4bf0250a288cb514e50be83d8d6cd1,5b165ab5c9dc4074ae3700e3be9ea23f,delivered,2017-11-06 11:03:14,2017-11-07 07:30:38,2017-11-09 17:32:26,2017-11-27 18:42:40,2017-11-24 00:00:00
fc3d87913825143fa41c48e40267c47a,257a6b66d3f2d3d5512de0b7ca852fb9,delivered,2018-01-31 14:00:36,2018-01-31 14:15:23,2018-01-31 22:59:52,2018-02-05 23:09:14,2018-02-23 00:00:00
07357a6641ec997dc95d17a571f9ce5f,8d9af6fd03ae64da4f7fb87e4f9fce2e,delivered,2018-03-25 11:51:37,2018-03-26 11:47:40,2018-03-27 18:26:44,2018-03-28 19:44:32,2018-04-06 00:00:00
5c6716058d09c774a733e192b5573e96,c25a50d786c9148ef8e2eaa6b173a12a,delivered,2018-06-12 18:37:47,2018-06-12 19:07:28,2018-06-13 13:39:00,2018-06-20 18:56:53,2018-06-26 00:00:00
f104090fcd96c0b2ca8f9d818127ccf5,fb52eb341179dfe943f35912b96505e8,delivered,2018-02-02 14:13:03,2018-02-02 14:51:57,2018-02-08 23:08:39,2018-02-14 14:06:20,2018-03-02 00:00:00
cceef4fb6d7807d091651d4f6bd0502e,cdd203a140fbf5320bd06b0aa17aba3b,delivered,2018-02-17 17:39:00,2018-02-20 07:06:53,2018-02-22 03:05:42,2018-03-04 14:22:11,2018-03-19 00:00:00
636f73118014a54ac2fff02765918f12,3368fd70f27aba83c0c0808332a6f328,delivered,2018-06-05 15:26:51,2018-06-05 15:48:50,2018-06-08 14:40:00,2018-06-13 21:52:31,2018-07-12 00:00:00
67416a990d28642694e91be43a750284,ba7e6e22b59e7088657696e5efb7c5a0,delivered,2017-07-09 20:41:04,2017-07-11 03:55:48,2017-07-11 20:14:55,2017-07-18 18:22:02,2017-08-01 00:00:00
4781da20482e1cd01049b1f299ead78a,23333f60bd6f1f3cdcd1f22524eb6721,delivered,2018-03-17 15:55:15,2018-03-17 16:09:04,2018-03-19 15:26:35,2018-03-29 21:26:37,2018-04-12 00:00:00
2cb2f557ab7119a8f1e9e00b7bf75547,024fb58b51f34a34fad7a533363f0c93,delivered,2018-05-07 08:41:05,2018-05-08 03:55:18,2018-05-08 11:27:00,2018-05-11 17:16:37,2018-05-28 00:00:00
2542fe494d4b37b79ed85377e12c53a6,0d3be98fd17e4f6b118f90a23637c4c8,delivered,2018-08-03 13:44:49,2018-08-03 14:04:03,2018-08-06 12:24:00,2018-08-15 11:10:48,2018-08-22 00:00:00
87bad102fdebff40d7f35773874f5c5d,985fef93c9e3fd227f5741447063b1f8,delivered,2018-07-05 01:52:06,2018-07-05 16:33:11,2018-07-06 07:08:00,2018-08-03 23:53:34,2018-07-27 00:00:00
9b6c23f7e50fe64b97022b8c0d3602a6,29c0e28bcd9fba73b230337bf0908614,delivered,2017-06-04 15:30:24,2017-06-04 15:45:13,2017-06-06 06:36:57,2017-06-14 16:13:01,2017-06-30 00:00:00
cef5e3ca97aed8bc63fe5f55a26633a6,9725311a745485cdbc57eb469008bab3,delivered,2017-08-06 00:19:53,2017-08-06 00:33:20,2017-08-09 20:07:43,2017-08-23 21:22:31,2017-09-12 00:00:00
1cf03b2013a9167bb623e62ac5681f07,f296f065f766d3d3394724a630e6d846,delivered,2017-08-22 20:04:39,2017-08-22 20:15:16,2017-08-23 20:53:00,2017-08-24 19:49:49,2017-09-06 00:00:00
eced501ea6ea98469acff0ccbf3ca09b,d688baf4200a4372b4d5e54b175506c8,delivered,2017-11-27 11:13:06,2017-11-28 03:33:56,2017-11-29 17:48:59,2017-12-11 21:19:09,2017-12-18 00:00:00
969be6eda8eee17b51e2baf23de37571,7424e35f9a06608fb644ebd037fabb76,delivered,2017-12-08 10:36:58,2017-12-10 10:35:24,2017-12-12 18:27:43,2017-12-15 22:04:13,2017-12-27 00:00:00
a20c09b177ec895365fad749123260d4,dca999dc00cc6e462ec7aaf3e62008ad,delivered,2017-07-19 21:45:35,2017-07-19 22:03:29,2017-07-26 11:07:51,2017-07-28 14:40:37,2017-08-17 00:00:00
6ee77fd090a49ec9c4e15bd1a94e100e,d24a0f00aa18133811d0aa666da75ff6,delivered,2017-03-23 17:44:48,2017-03-25 02:15:36,2017-04-07 15:15:50,2017-04-12 12:39:05,2017-04-26 00:00:00
8a08c6b7d01513f42c76604beded88c8,a35f4f7a7e34eb14993f3c1346434258,delivered,2017-09-27 18:36:39,2017-09-27 18:49:31,2017-09-29 21:17:17,2017-10-02 19:13:37,2017-10-20 00:00:00
ec5a489ff2d239e7ef65ab8a3057caf2,387e35b89e342c71daa48da93e6055bc,delivered,2018-04-27 19:03:42,2018-04-27 19:15:19,2018-05-02 14:53:00,2018-05-07 20:12:47,2018-05-23 00:00:00
64dc7842b184ebd280aef040ab951134,17c07670c24a672a8d2c99e9c5f14977,delivered,2018-07-04 14:48:13,2018-07-05 19:55:14,2018-07-06 10:48:00,2018-07-12 13:21:29,2018-07-26 00:00:00
ca37d18bde9cdb0ba2b129d3ecabfd04,5ed1dbb44e342150382decfb70910eed,delivered,2017-10-18 08:44:48,2017-10-19 02:49:24,2017-10-24 19:43:33,2017-11-08 16:58:26,2017-11-27 00:00:00
d01a489bb718b638df1e789951d37fbb,3d1e9ba476f69fa9d857a7be82e13d70,delivered,2018-01-08 21:30:43,2018-01-10 10:32:43,2018-01-10 18:36:36,2018-01-25 23:23:14,2018-02-05 00:00:00
cb27e0d6c6f92df591073fb6ad5ef7f0,2155e6e404e41736933c696382c1328b,delivered,2017-01-24 12:14:05,2017-01-24 12:25:26,2017-01-24 14:35:17,2017-01-31 08:23:20,2017-03-03 00:00:00
640521517a7ba45ac5894e92e00397e2,9b99e4a03905c21aeb3a02d3aed4f28d,delivered,2018-05-01 20:32:40,2018-05-01 20:55:41,2018-05-02 07:12:00,2018-05-09 19:28:37,2018-05-28 00:00:00
c9d7ad27ee89c6573c6b71db9bac0118,42c85685f0c293c6ad859aaec52275be,delivered,2018-01-12 15:02:26,2018-01-12 15:12:34,2018-01-15 23:52:54,2018-01-23 19:33:31,2018-02-09 00:00:00
c13e334a4d2b0b11e6422e69d009de0c,739615c495132b26d5897b7f91e8c19f,delivered,2017-01-26 17:38:13,2017-01-26 17:50:14,2017-01-27 06:35:02,2017-02-17 16:32:45,2017-03-06 00:00:00
a67107548e2d070d55fcea8860b1ac65,e156f2d46c95094c07278d9524a2439a,delivered,2018-05-06 00:30:19,2018-05-06 00:54:34,2018-05-08 12:57:00,2018-05-12 16:42:03,2018-05-23 00:00:00
337a9f67f1a66c4e9a9734911c1bf2ee,10091d0f711745db12815a7935577e26,delivered,2018-02-02 18:33:43,2018-02-02 19:31:15,2018-02-05 22:44:59,2018-02-08 17:07:53,2018-02-20 00:00:00
684f1a4b6559236d68102d69a63c5d45,5edb0664a3b86763a254e4ebde592f21,delivered,2018-06-09 13:31:20,2018-06-09 19:38:30,2018-06-11 12:21:00,2018-06-15 15:44:57,2018-07-12 00:00:00
7e338800679468cc1017d389d25862cb,2c9430b7dbbcfb7bf899c13216a6d3ac,delivered,2018-05-02 13:41:27,2018-05-02 16:19:53,2018-05-03 15:09:00,2018-05-04 20:16:59,2018-05-21 00:00:00
8caa967e048f7c1e27144a219ad123f9,6a558f0fd01f63ca6888b774514772b0,delivered,2017-07-17 20:38:23,2017-07-18 06:10:36,2017-07-18 12:17:08,2017-07-27 20:22:24,2017-08-04 00:00:00
eb06fb53004b9a8679a5e8eb058e2616,92091d4e545d9a6879146745f0d174c2,delivered,2017-06-27 13:55:29,2017-06-27 14:10:14,2017-06-29 14:59:11,2017-07-12 23:26:45,2017-07-21 00:00:00
b5ba129c3461e787bf826b827b5a03ab,2a28433a6df5eec74729ea651525a6a7,delivered,2017-10-10 11:54:44,2017-10-10 12:14:51,2017-10-16 20:58:43,2017-10-24 20:21:53,2017-11-08 00:00:00
3b3ef4cb2acb79f0af542185bc12bdcf,72bd1c8873962ddf5f3ab148eea75818,delivered,2017-11-28 08:28:57,2017-11-29 02:23:18,2017-11-30 19:45:31,2017-12-02 00:42:10,2017-12-12 00:00:00
5789c1b03492b72bc448c0d523eb2e36,36249c6af4dcd557e625cd73fb92b525,delivered,2018-07-11 11:55:22,2018-07-11 12:10:15,2018-07-24 06:51:00,2018-08-02 16:56:57,2018-08-06 00:00:00
fe9d220ef122811f6078f92ee189d144,d138e93cfcb87bd2277361ff476b7076,delivered,2018-07-02 17:52:02,2018-07-02 18:10:18,2018-07-03 14:03:00,2018-07-05 19:34:38,2018-07-17 00:00:00
7b3d275dd6d279eae2674243731e78b5,315bbf72e7b102f2e34ebee5bb2911b4,delivered,2017-06-02 08:30:11,2017-06-03 02:10:14,2017-06-05 15:01:30,2017-06-08 17:09:10,2017-06-27 00:00:00
ef3f0f39681fd089fef832371fe8ef35,8ea81d1a4c2dfd4a7bfadda3a55a3f3e,delivered,2017-09-20 22:26:25,2017-09-21 22:30:12,2017-09-22 17:56:40,2017-10-18 18:57:34,2017-10-17 00:00:00
f15c4b4b43ba09c074b6eddcf72a902e,d727542c0e0a218efe5ac4b614f08833,delivered,2018-03-04 13:00:52,2018-03-04 13:15:34,2018-03-07 02:09:08,2018-03-14 22:24:49,2018-03-22 00:00:00
29d86db6d5cb58b37df26cfa3efb17bb,a8a86d74aec6e1057ce989d0f05757d4,delivered,2018-07-30 12:40:28,2018-07-30 12:50:15,2018-07-31 15:08:00,2018-08-06 23:34:23,2018-08-15 00:00:00
9797a3f116ca3ac106a9ecbc8807d2fa,903dd6707176c6bc79c11b89f8501ffe,delivered,2017-03-02 05:10:03,2017-03-02 05:21:35,2017-03-07 15:39:43,2017-03-20 08:17:57,2017-03-21 00:00:00
5b2b93888b6631e300170b0104f2608d,39479cb9e2ecd631478cf2f4436c21df,delivered,2018-01-03 14:11:22,2018-01-05 02:38:34,2018-01-08 22:26:21,2018-01-15 20:13:13,2018-01-31 00:00:00
30244fa670103f1654f92667d446878f,d36f42791492c5b4404bfaf182d4dfd9,delivered,2018-05-01 12:22:52,2018-05-01 12:35:21,2018-05-02 12:10:00,2018-05-07 14:17:28,2018-05-29 00:00:00
0f758f5895563ce1892043bc8f17dda1,817221d10fd8831a6a1357cf8fb5fd61,delivered,2018-05-29 08:25:40,2018-05-30 02:13:54,2018-05-30 13:51:00,2018-06-20 13:22:16,2018-07-13 00:00:00
bbfc7badbed2f1828e22b6d629201bd4,f25f442c0ff3a9401eed8ed3a686f362,delivered,2017-07-09 10:35:08,2017-07-11 04:04:10,2017-07-11 17:20:00,2017-07-18 17:59:36,2017-08-02 00:00:00
bf488c4d02bcdb68c278b42d9417f05d,c4a04aaad12f3208ae0b1a76ef3918ad,delivered,2017-05-04 20:33:27,2017-05-04 20:42:43,2017-05-09 11:08:01,2017-05-19 10:57:06,2017-05-29 00:00:00
54051e01a81a788d5a87b405a9cde833,aecae713f6be29f1cfcf0a7588b1d4ee,delivered,2017-10-24 09:03:47,2017-10-24 09:27:15,2017-10-26 19:31:44,2017-10-27 20:31:48,2017-11-09 00:00:00
45655002c111b6037f3244f4692bb526,34762c7ffa1e30effc6e33fc31c3742f,delivered,2017-05-24 11:02:36,2017-05-25 03:02:33,2017-05-26 17:25:55,2017-06-01 13:10:07,2017-07-04 00:00:00
fad0960622f8a0b36af2cf3530540c48,19cbab4c65aff684b92904fa72e78cb6,delivered,2017-08-03 00:08:48,2017-08-03 00:23:48,2017-08-04 14:19:37,2017-08-09 21:24:52,2017-08-25 00:00:00
b46e18b518c3d963b1fe26f63bdc9602,75d15222965d0df59f8f7e35ecadee8b,delivered,2018-05-13 19:05:53,2018-05-13 19:34:03,2018-05-15 14:20:00,2018-05-24 17:24:17,2018-06-05 00:00:00
5864382447def49f38f45e63da084b3b,0649a5d522a71ed3e9dab59ddd11d2de,delivered,2018-05-08 10:41:46,2018-05-08 10:56:15,2018-05-09 13:31:00,2018-05-14 19:22:31,2018-05-23 00:00:00
e6f95a7496e86345ef40edc6071dbcd6,6f17c7ff573e5d2526b7da4104a8c559,delivered,2017-11-11 14:36:45,2017-11-11 14:56:07,2017-11-16 21:57:00,2017-11-23 14:55:02,2017-12-01 00:00:00
5290b4626ec3d5cc857f2b812141e1bd,abe9f9b32ea296df01cd861052018b8a,delivered,2018-01-13 11:25:16,2018-01-16 03:38:47,2018-01-18 12:21:54,2018-01-19 18:23:04,2018-02-01 00:00:00
2a661a72ecdfcc8872e968ce3856d59e,345cbe7930bb1ef014c4fb2881d41c21,delivered,2017-10-18 11:38:24,2017-10-20 02:49:16,2017-10-20 14:49:59,2017-10-25 20:33:58,2017-11-07 00:00:00
a096c1244026411d2d8d5d955dca7b73,669b9d9f9e23da3c907a978d2fffb36d,delivered,2017-11-18 21:21:52,2017-11-22 03:13:19,2017-11-28 10:57:50,2017-12-29 20:33:20,2017-12-11 00:00:00
81672c21ff06fb612df0660ff7d9ae06,937afb3c743cbde0849c9f8463628d15,delivered,2018-05-29 10:48:05,2018-05-31 03:36:18,2018-06-04 14:24:00,2018-06-13 21:06:58,2018-07-04 00:00:00
03128233e78ed8ade6738f2043f4cf8d,da1c9a7e7fa9de1d48ecd6d6e027313e,delivered,2016-10-04 19:01:13,2016-10-06 15:43:49,2016-10-30 10:41:08,2016-10-31 17:06:03,2016-11-28 00:00:00
4ff28b0bb9e2445c8ff2280678655d6c,82e281923401bbece2a90eb6f90ffcc4,delivered,2018-03-09 18:08:44,2018-03-09 18:15:37,2018-03-13 14:33:52,2018-03-29 19:55:00,2018-04-03 00:00:00
303d9c6e1b29113a1731bbb7e75650a2,4590c78c78a0c4bb1ca92338ccfc48da,delivered,2018-04-10 15:09:41,2018-04-10 15:30:49,2018-04-12 01:03:53,2018-04-20 15:26:35,2018-05-10 00:00:00
77bd88a9ba867a32a9055726235442bd,c5b92a8419dbb181b577750f8673772b,delivered,2018-02-09 13:46:08,2018-02-09 14:10:29,2018-02-14 20:33:19,2018-02-21 23:26:48,2018-03-05 00:00:00
d9d2430a3cfe987eac0f79048ca2423b,ae03a604e88688cb25263795a689af82,delivered,2018-03-27 11:34:12,2018-03-27 12:07:58,2018-03-28 00:44:24,2018-04-02 18:47:45,2018-04-16 00:00:00
81d0a6db52c857218b6801cf1693aa8f,1e8e836ac89751f2c688d1fbf8a3aee4,delivered,2018-02-21 10:21:32,2018-02-21 12:04:39,2018-02-21 23:39:05,2018-03-02 19:27:43,2018-03-15 00:00:00
440b5d8129165b7e04b3c37e3a5e93d7,e5ab6fc023040b192a77e7579dfccd62,delivered,2017-05-21 08:01:31,2017-05-22 10:41:28,2017-06-06 12:26:27,2017-06-13 06:51:53,2017-08-23 00:00:00
fc94803f2f890e115923357e5ef2d347,bca2f94b38209f0053cd08495eb44762,delivered,2018-07-04 13:50:25,2018-07-05 16:21:19,2018-07-05 13:33:00,2018-07-13 15:59:31,2018-07-31 00:00:00
69ae3d0df9c067fcf917c6c1c1e24d5d,56cba15be4c1c109c6ed9392706c62f9,delivered,2017-06-16 22:34:47,2017-06-16 22:45:16,2017-06-23 12:03:48,2017-07-05 11:55:40,2017-07-25 00:00:00
332a6f392ac92a529c0b2a059b959913,649c5da2e4bbb5d9778cef1e5175decf,delivered,2017-03-14 20:28:58,2017-03-14 20:28:58,2017-03-16 10:47:48,2017-03-28 16:33:08,2017-04-10 00:00:00
ea9b010cf2c27393c24c5e0b8a9c07d2,781090cb6d2f54269a275691ad38191d,delivered,2017-09-01 12:51:03,2017-09-02 12:45:15,2017-09-04 18:21:27,2017-09-12 18:10:02,2017-09-28 00:00:00
fe3f10a6837f308dee1e4be3f7f055b9,087cc2646ea2ec2582be6ce1efe88cbf,delivered,2017-12-06 18:43:12,2017-12-08 02:34:28,2017-12-08 16:39:13,2017-12-14 19:52:27,2018-01-09 00:00:00
d56564f21e612a588607e9ffb39b9d21,c43d7424f1a0af3b147e88947f5bb957,delivered,2017-06-07 20:11:31,2017-06-07 20:25:15,2017-06-08 14:33:13,2017-06-14 15:19:02,2017-06-28 00:00:00
6d511fb14f71de9ba65c6651774e75d9,e9898e0e0e75fbd709f47cafb8118592,delivered,2018-03-05 22:32:41,2018-03-05 22:48:55,2018-03-07 20:22:02,2018-03-09 13:25:22,2018-03-15 00:00:00
1e43fdb774abdae4d882174e2f08e495,aa3786278a1e9d945489c70d6fbe39ff,delivered,2017-05-31 17:28:35,2017-05-31 17:42:41,2017-06-01 14:42:24,2017-06-07 16:16:46,2017-06-21 00:00:00
d5f471ea9cffc82fb64e8b07d247cb3f,73f8bb0e3a2d4d72066d4aa97efeb6ea,delivered,2017-10-11 14:27:56,2017-10-11 14:45:35,2017-10-13 18:48:53,2017-10-16 18:39:59,2017-10-24 00:00:00
7ca65696b7a56e9b49f865f822e9af65,fc3b54d8ba9833982348be27ff2bdab3,delivered,2017-11-24 18:50:16,2017-11-24 22:15:34,2017-11-27 20:22:09,2017-11-29 20:02:42,2017-12-08 00:00:00
a35a89e3ad801a6af8bdc4ecf67e0611,c3653793974511b2f70c95d60b2ebd75,delivered,2018-02-18 11:25:17,2018-02-18 12:26:50,2018-02-19 20:09:24,2018-02-26 14:53:57,2018-03-12 00:00:00
f3378188cb29f0cd9da2d838f2374f6b,83aec037a7069965ee76770b6de81573,delivered,2018-08-13 17:23:35,2018-08-13 17:44:12,2018-08-20 19:03:00,2018-08-21 23:38:28,2018-08-22 00:00:00
e2ea1c8dd335be5a191a54a8de85770e,f4069d40ff2d2afe0053efe63932deda,delivered,2018-08-15 19:04:44,2018-08-15 19:15:20,2018-08-16 14:25:00,2018-08-20 20:53:05,2018-08-22 00:00:00
19e225ef3a439fce99ce796eb1972cfb,b077fe3d194ba4d5eb532d678e3d7693,delivered,2017-12-01 19:17:50,2017-12-03 19:13:24,2017-12-11 16:48:22,2017-12-19 19:56:58,2018-01-08 00:00:00
bfdd6ac5ada3910d1fbaccc4764fdf7a,46c2f44d74648856f74f92788848edc2,delivered,2018-05-07 16:14:22,2018-05-07 17:35:30,2018-05-09 16:36:00,2018-05-11 21:46:51,2018-05-17 00:00:00
2bd14036d2219176010c4c89aa4c9a19,380dc573dc0a5307da8e92e6f1edd891,delivered,2018-05-09 21:38:18,2018-05-10 03:36:57,2018-05-10 10:56:00,2018-05-14 14:47:52,2018-05-17 00:00:00
9820515fe9c6b7977e6078f761471226,e9e12d4592b02a8a325b7f4d429a38d9,delivered,2017-12-06 22:04:36,2017-12-06 22:14:32,2017-12-11 23:32:18,2017-12-14 18:52:38,2017-12-22 00:00:00
95234ae57878debe0afc15b3d5bcbc48,21ebc323917f5faf55a909e786e6741d,delivered,2017-09-14 22:09:13,2017-09-14 22:24:16,2017-09-19 12:07:04,2017-09-21 17:12:00,2017-10-09 00:00:00
9400f275e481cffa6ae413327d5ae05d,e48f50d453ada5bceb41e239a2dc2065,delivered,2017-11-25 17:18:05,2017-11-25 17:32:14,2017-11-27 18:00:00,2017-12-19 16:14:01,2017-12-26 00:00:00
93ab7643edecc64ee916444695d937c3,c7011e4d2be2737cf1d242f3273152fa,delivered,2018-02-27 17:49:20,2018-03-01 02:50:30,2018-03-02 17:47:24,2018-03-06 18:09:15,2018-03-19 00:00:00
73cafc0c127f9cee457b39b5c0e3fc16,6c5a55062c58e82b90671a05b892ca4e,delivered,2017-11-25 16:44:23,2017-11-25 16:52:35,2017-11-28 17:48:49,2018-01-05 22:17:17,2017-12-21 00:00:00
3d049d4e04d4059ddd54c8c8044ccb60,8a015b4fa3389fdb62c03a8c012af27a,delivered,2018-02-03 10:22:05,2018-02-06 05:31:52,2018-02-14 21:21:39,2018-02-23 19:07:39,2018-03-01 00:00:00
ee55499a08fd5913d6231b4702964354,95ebcc4d6979728b4d9993a0c9b6abfb,delivered,2018-07-17 23:36:52,2018-07-17 23:50:09,2018-07-18 13:41:00,2018-07-23 16:47:30,2018-08-10 00:00:00
40434e5872b0959c656496620bbe95f2,578a8fbd0a1a4e43ecf996beb30dd22f,delivered,2018-06-04 00:18:20,2018-06-04 00:31:24,2018-06-04 13:08:00,2018-06-08 21:06:42,2018-07-05 00:00:00
68cdf590f3c9a85b82b7bcb54874753e,030332f7c4ebdf80070a190c2443df65,delivered,2018-04-19 17:28:29,2018-04-19 17:53:56,2018-04-20 18:31:25,2018-04-26 18:54:41,2018-05-18 00:00:00
f73aa9d9da868421ed166e66df561602,26cf824d990f4e2e89a215ab62b61873,delivered,2018-05-07 08:48:34,2018-05-07 16:53:24,2018-05-08 11:23:00,2018-05-23 16:48:27,2018-06-11 00:00:00
73fd274e38077632092043206020bea1,8d3a7b03b6201a662f26c9cc6605d00d,delivered,2017-05-13 17:29:17,2017-05-13 17:35:17,2017-05-16 12:33:55,2017-05-23 15:27:59,2017-06-02 00:00:00
e3ecf67f9ab4a010b9ca17cc8df843bf,5462583276f0a69a8769f0ba888fba97,delivered,2017-12-11 18:21:15,2017-12-11 18:33:30,2017-12-12 19:57:07,2017-12-20 23:24:44,2018-01-08 00:00:00
43c8d05a1478e794217ad3b39398022a,efe2a8ee5f67ebcbcc236b53ad3f4282,unavailable,2017-08-14 21:10:05,2017-08-14 22:05:23,,,2017-08-25 00:00:00
9953a7ab74d92e52a8be42b9f3fc2e38,3bbbc47ac0d8276205240f0868fbf377,delivered,2017-11-24 17:26:24,2017-11-25 11:51:40,2017-11-28 20:29:39,2017-12-07 14:28:35,2017-12-08 00:00:00
dc39d8fbbdc748fe466dd8af6bec5b6d,eeca7a31bee228b240306b42ae2cdbce,delivered,2018-01-23 09:24:24,2018-01-23 09:35:52,2018-01-27 19:19:43,2018-02-16 23:22:52,2018-02-15 00:00:00
b3154d5a5a7c0b01993f0768a1fd4b8a,98889ba02d74de3748870fc81ad0a122,unavailable,2017-07-04 18:51:24,2017-07-05 23:35:15,,,2017-07-28 00:00:00
89a0a77e08de8ab75948884f114d9cbf,77f22e8b0c6bae08b11ada6ef930f1bf,delivered,2018-05-10 13:57:15,2018-05-11 13:55:24,2018-05-19 06:14:00,2018-06-13 20:26:37,2018-06-05 00:00:00
4325d8ef762f1699578d3cc516484f2f,68de073035ed0aab6fef7c0a8e449cb7,delivered,2017-11-12 21:04:39,2017-11-14 16:35:30,2017-11-16 20:06:10,2017-11-22 19:07:00,2017-11-27 00:00:00
88ebb2a5aa88ce5fd1f73a821e27bb43,d0bd0b10b6696336a0cf1df6a25ba21d,delivered,2018-08-21 21:36:22,2018-08-21 21:50:16,2018-08-22 12:48:00,2018-08-30 01:12:35,2018-09-18 00:00:00
c6dd5fe55c03a2618b4a0667de43fac9,d13cfe708043e8c414e5f194e187774c,delivered,2018-01-12 18:39:59,2018-01-13 18:33:32,2018-01-17 22:34:21,2018-01-26 18:22:04,2018-02-07 00:00:00
0a8488f892c3e8631099327c1ec55d08,ad6c5c2a07bf505e502472afc7fef28f,delivered,2018-06-29 19:49:07,2018-06-29 19:55:17,2018-07-04 07:38:00,2018-07-13 21:16:54,2018-08-02 00:00:00
a6b72c99c6aec179323591f4dc353bb9,806910515bd4f7668c67a493225308ae,delivered,2018-03-23 14:06:23,2018-03-23 14:28:53,2018-04-05 15:42:44,2018-04-14 01:08:24,2018-04-13 00:00:00
44654d9de4f0399c4419f4c790d0eeed,8ed72b2c35d507e2683c9614213bd5b1,delivered,2018-01-04 18:47:51,2018-01-05 02:39:21,2018-01-08 18:55:21,2018-01-10 17:34:45,2018-01-22 00:00:00
25ce3a22fa2537206c22c8bef4f9b593,c2dcd18bfda62523dbd2c53ead8b5fe8,delivered,2018-03-19 20:50:39,2018-03-19 21:09:12,2018-03-21 19:35:11,2018-03-26 17:49:09,2018-04-11 00:00:00
7c739ac8f7823321ba2afe6f94dde28c,b967238a0fe0ef52fdd75b99f50ffde9,delivered,2018-02-11 21:08:26,2018-02-11 21:28:52,2018-02-14 22:58:01,2018-02-23 22:05:19,2018-03-09 00:00:00
22e80cc2d588160023446a6316057e5c,49ad69da7b868f7489383748cc740cc0,delivered,2018-01-06 13:57:08,2018-01-06 14:07:23,2018-01-08 22:09:10,2018-01-09 17:13:20,2018-01-24 00:00:00
29145ea9a79826e9eb23fd0684f6777e,874f40462e35f44f2e849feecca4c180,delivered,2018-03-25 19:37:35,2018-03-27 03:35:07,2018-04-04 20:43:43,2018-04-24 20:03:58,2018-04-24 00:00:00
730f62be41828135d99ff15b84ea4e86,233ef8be4e0ed1782eb64be0e972742b,delivered,2018-05-12 21:39:40,2018-05-12 21:56:36,2018-05-14 14:24:00,2018-05-19 14:28:21,2018-05-29 00:00:00
3cde763f687d3708ba577295e22ca8ad,b36af41320f44362e289b3b9a18290f6,delivered,2018-05-01 20:33:57,2018-05-01 20:55:32,2018-05-02 08:53:00,2018-05-07 22:08:48,2018-05-21 00:00:00
c915a55221e61e2d798340ec6553d2b0,359110a207a5afdec0b65452a9452593,delivered,2018-01-23 14:50:49,2018-01-24 02:35:36,2018-01-24 23:34:58,2018-01-30 21:19:20,2018-02-21 00:00:00
901eda457aecf2fcb2639e4175bbbc6a,fd93589182d64ac656e98cacba848fcd,delivered,2017-06-27 23:02:06,2017-06-27 23:10:22,2017-06-28 14:44:49,2017-07-04 16:32:07,2017-07-19 00:00:00
4ceda92a516e1a970460bedc58d3431d,f43c8311767ccd0e12cd41fad287ec60,delivered,2017-10-26 21:24:31,2017-10-26 21:35:20,2017-10-27 18:17:54,2017-11-06 12:54:46,2017-11-22 00:00:00
c7765f73aa21565b6f703032dca277dd,61c268b557ee4ca190efd452ff73df34,delivered,2018-03-27 19:07:08,2018-03-28 08:27:27,2018-03-28 18:13:02,2018-04-02 18:14:31,2018-04-09 00:00:00
a86e33acfb13a59723e2e33ef1aa24e6,b62d092c1963406b3dccaf155852e727,delivered,2017-05-02 13:43:38,2017-05-02 13:55:15,2017-05-03 12:43:29,2017-05-10 01:49:57,2017-05-23 00:00:00
2fa565240e8353e7a1ad78347f8608fa,a48e070eeacfcdb978ca3fc5c7f4557e,unavailable,2017-02-15 21:21:31,2017-02-15 22:25:13,,,2017-03-14 00:00:00
cbaa06517efa6c48a336a917c53e2561,3dd8ceff216c5048e53be249aa622709,delivered,2018-04-25 07:40:21,2018-04-26 10:34:00,2018-04-26 15:10:00,2018-05-03 17:05:14,2018-05-23 00:00:00
f9fa435b229b328ac3cb116184422b59,ca9c652eec1e65db2d7b32aada767c0b,delivered,2018-08-21 20:50:17,2018-08-22 20:45:13,2018-08-23 11:57:00,2018-08-27 19:03:39,2018-09-06 00:00:00
be67d695978287b15a519b4d73c6898e,cd9c0f182b9a7c2946633f7ee5c21cc1,delivered,2018-07-31 18:18:16,2018-07-31 19:40:16,2018-08-03 12:10:00,2018-08-09 20:08:37,2018-08-08 00:00:00
d4a3fcb38e99c7475fc42900f4254301,2903da263de09c216f78598a8f24f197,delivered,2017-07-24 14:17:55,2017-07-26 02:25:51,2017-07-27 15:05:35,2017-07-28 16:47:48,2017-08-07 00:00:00
cc812bc2c7f8350a08add17abe7bcc84,bee1e23957cf75da376d033c4e2ba724,delivered,2018-05-30 12:54:07,2018-05-30 13:09:17,2018-06-01 14:40:00,2018-06-21 18:26:35,2018-07-11 00:00:00
ccf967a8440bf2aaadc913877f7fd3df,2f3c6a44d1004ca2f111908e3cd383b2,delivered,2017-12-14 20:37:02,2017-12-14 20:59:16,2017-12-16 00:19:12,2017-12-27 17:18:59,2018-01-16 00:00:00
800d19e2eed430cbd8e9bcb12087794b,f222c3229196dc3b016502cbd1ad6cfc,delivered,2018-08-13 12:11:47,2018-08-13 13:04:41,2018-08-13 14:38:00,2018-08-14 16:34:03,2018-08-20 00:00:00
851c72a772c3703bd071ae71f797edb4,1197bf329f121b056ea797341fd5544a,delivered,2018-03-27 18:26:09,2018-03-27 18:35:19,2018-03-29 20:04:58,2018-04-02 18:18:40,2018-04-09 00:00:00
245b4a117bd7a1fa176d7a590b292d7b,9adfdc90845f16f214dd33af84f31922,delivered,2018-03-15 22:24:24,2018-03-15 22:35:35,2018-03-16 21:48:41,2018-04-05 22:27:36,2018-04-12 00:00:00
cd408efeda0fdd3fe5f27134bd065001,7183e78211dd520b9a9d1ed9aa888b35,canceled,2018-02-08 22:19:00,2018-02-08 22:30:25,2018-02-09 23:46:35,,2018-02-22 00:00:00
a22760d8e93ddd9acb9c47bc99118853,6d58960cecfb536eefd149d59ef95917,delivered,2018-03-28 08:09:37,2018-03-29 08:07:40,2018-03-29 23:32:30,2018-04-04 18:38:28,2018-04-16 00:00:00
bdaf84a41035ac2fba8b7b3b7b75a626,42cc774ba04ff98d3a0d1d5688e82696,delivered,2018-06-30 23:58:48,2018-07-01 00:10:10,2018-07-03 11:54:00,2018-07-09 21:44:23,2018-08-06 00:00:00
b123e22f74cd37a180bf61fe406c7ea4,eae8853a34f1c31040a7e6c38142c547,delivered,2017-10-08 21:13:57,2017-10-08 21:28:13,2017-10-09 22:33:32,2017-10-17 15:28:08,2017-11-10 00:00:00
4d15fa859019443a04411eea14fe841d,dd54a565c64d6feaf4430f69b4f53bd3,delivered,2018-02-18 19:48:36,2018-02-18 21:20:20,2018-02-28 22:38:49,2018-03-09 21:45:22,2018-03-23 00:00:00
7cebfb16674d9fddd60acfd3f9256cbe,e596ba17afe432cba1b517c2f4945aed,delivered,2017-09-30 17:14:20,2017-09-30 17:28:21,2017-10-03 13:52:54,2017-10-06 19:47:44,2017-10-24 00:00:00
a2cdb45b86dd3f134e347de049aa78d7,c2746c0ec6e8b732c9a0f7d6a187cca3,delivered,2018-02-06 21:26:45,2018-02-07 03:09:57,2018-02-07 22:23:32,2018-02-14 17:57:38,2018-03-12 00:00:00
cd8c0278431ec8464a07eda4eab01441,8e78c9640fc43f26f1696eeec000db5a,delivered,2017-02-19 20:46:31,2017-02-21 04:42:32,2017-02-24 07:27:02,2017-03-07 09:57:52,2017-04-06 00:00:00
896b228e1623e6b8f20f2b3782750d48,6099b4a3bbcc0a01fb20ff6cab0289e3,delivered,2018-07-27 18:27:18,2018-07-27 18:44:10,2018-07-30 12:55:00,2018-07-31 22:23:35,2018-08-06 00:00:00
ac086c46cd97732d9bbef84d3e0d3c43,4181c1efd9dac6b7c835fddf36b25185,delivered,2017-04-01 15:42:51,2017-04-04 05:55:29,2017-04-04 15:20:21,2017-04-25 12:25:19,2017-05-08 00:00:00
0cae3fb9a90f5aeeb7b3770b88f77851,00da45766aa7d360508cf25434334a8d,delivered,2018-03-12 14:07:02,2018-03-12 14:15:48,2018-03-14 00:24:25,2018-04-14 01:41:52,2018-04-04 00:00:00
4fc7ee0d4813a5443edc4f7348eaad58,08e6bea8018626bc5edb8c3eee3c8b85,delivered,2017-12-14 19:01:32,2017-12-16 10:19:30,2017-12-19 20:32:10,2018-01-11 00:14:43,2018-01-19 00:00:00
e90bb6aef6a1f5dcd05c62ca6c8fee8b,78183fa5a3a4f305a30940b0fd3ea92a,delivered,2018-02-09 13:50:31,2018-02-09 14:15:40,2018-02-09 23:23:08,2018-02-16 21:14:03,2018-03-06 00:00:00
bf6e868e898464ab301f89d753979d4d,7dfb9a9908de354be283cb44589f723d,delivered,2017-06-13 02:43:28,2017-06-14 02:35:36,2017-06-16 12:35:16,2017-06-19 19:21:29,2017-07-04 00:00:00
5cd42269d5b45f62c1193d55b23c5ed2,ae9ba9b28aedbcae8a5472e14ea766dd,delivered,2018-01-08 17:20:14,2018-01-08 17:31:27,2018-01-10 20:18:29,2018-01-12 22:04:05,2018-01-24 00:00:00
f7fa198627aefca94731f4ec2464271e,aef95302657b1911bdc55c37412632b8,delivered,2018-04-17 07:26:42,2018-04-17 07:35:17,2018-04-23 22:26:44,2018-04-26 15:22:09,2018-05-08 00:00:00
b3bb81a4fe1e47c62f92706ebdbf4e4b,b6f70fd2cf64a0aaa63332651fc24d3b,delivered,2017-08-07 19:07:37,2017-08-07 19:23:36,2017-08-10 16:40:38,2017-08-21 22:11:03,2017-08-31 00:00:00
ca3d75df70f40faa8b83505b242d83f1,56f9cc5ad6362c75ae28d2a73c27744c,delivered,2017-07-13 11:20:15,2017-07-13 11:30:20,2017-07-13 20:43:33,2017-07-26 21:51:25,2017-08-07 00:00:00
83f8bb6ef68716fd6901149d11de675b,2791a0bb5dbd08e4c03e71f53ea04efc,delivered,2017-11-06 21:04:43,2017-11-07 04:31:13,2017-11-08 19:26:51,2017-11-10 19:41:18,2017-11-24 00:00:00
5f78b53dcbc5aa24a395bc521fbf4abd,5515717c0683f26b2346f1695676c2c4,delivered,2018-08-16 08:26:47,2018-08-17 03:35:12,2018-08-17 13:50:00,2018-08-28 21:52:32,2018-09-04 00:00:00
49c4763845a16623e106403f1655c063,c91bc4d79f36be73a8ebd4f8e543c925,delivered,2018-07-18 16:51:45,2018-07-19 16:50:16,2018-07-24 14:35:00,2018-07-27 16:52:49,2018-08-08 00:00:00
35de4050331c6c644cddc86f4f2d0d64,4ee64f4bfc542546f422da0aeb462853,created,2017-12-05 01:07:58,,,,2018-01-08 00:00:00
7810232f329f64a33e2238b22ea8231e,a535b1e74da305442f52dbb8a46a7244,delivered,2017-02-08 13:09:38,2017-02-09 02:45:17,2017-02-10 09:05:50,2017-02-16 15:03:54,2017-03-23 00:00:00
8604fcfcead42a46d4dddd51bbe86457,d59d5ab941b00db1efa82191020eee79,delivered,2017-06-30 09:36:35,2017-07-04 04:50:16,2017-07-05 08:22:10,2017-07-18 18:57:36,2017-07-26 00:00:00
737319bd7dfa30305a850b2735236896,eea636e09221d9e1fdc92ec00f9ae098,delivered,2017-10-15 22:56:29,2017-10-15 23:14:17,2017-10-17 19:10:21,2017-10-19 20:46:22,2017-11-01 00:00:00
06eb87385425e5797a1a5c2cdb1b6559,3bf91fb0570071bd0857ff3d97461f71,delivered,2017-09-01 18:53:08,2017-09-13 22:10:37,2017-09-06 21:10:11,2017-09-15 18:53:50,2017-09-26 00:00:00
b1606afbb1c09900efef0b29a1baae84,c5a942e2ac6774f24a4bb8f1c6ded6ee,delivered,2017-11-10 07:49:58,2017-11-10 08:06:45,2017-11-16 18:32:43,2017-11-22 18:42:58,2017-12-05 00:00:00
b6fe77dcc878c94cdb102e6de718a8b2,934cfec8dc670c6dc15ba7c6e787f344,delivered,2018-03-06 09:01:41,2018-03-06 09:15:33,2018-03-07 00:04:58,2018-03-07 17:54:03,2018-03-16 00:00:00
12b490136db583be9f294988ccdce8b1,23b34c21b83b7055f1079316b6e41feb,delivered,2017-10-20 20:14:45,2017-10-20 21:49:46,2017-10-25 17:11:26,2017-11-20 20:42:34,2017-11-16 00:00:00
7db2d40f7fe194ac059ea82f235bf83f,287a1010178492c6625cb4e9e1b11d81,delivered,2017-09-03 16:15:17,2017-09-03 16:25:22,2017-09-12 18:22:16,2017-09-22 22:57:53,2017-09-29 00:00:00
a174a2f4aab0749f03c14609ac07a059,ea02ee39767610ab9b2e9c53b86d0a4f,delivered,2017-07-27 16:11:58,2017-07-27 16:25:10,2017-07-28 18:12:10,2017-08-02 22:43:53,2017-08-16 00:00:00
0deee4ae3b101c015077d7fe2c36587e,d3b53c616196bfcb7286e2ad8b9a7df6,delivered,2018-05-07 14:16:19,2018-05-07 18:09:59,2018-05-08 13:08:00,2018-05-14 17:38:35,2018-05-18 00:00:00
cdf7511b632d2a9b53d70b1e24a45e70,fc2f06b2af43f8be78736cd991ca8486,delivered,2018-07-04 16:35:27,2018-07-05 16:15:56,2018-07-05 13:30:00,2018-07-07 17:37:36,2018-07-30 00:00:00
ad8ba259cbff3b36ec0a6c88e0d78443,a4ec438b6110111c8f8dce1e01866c66,delivered,2018-08-25 11:43:42,2018-08-25 11:55:18,2018-08-27 11:46:00,2018-08-30 19:04:47,2018-09-19 00:00:00
98d0d521842189a3056fc1ce2fc08f9f,53b63660d4178cf47e86ce9a81d10e62,delivered,2018-07-05 21:37:57,2018-07-05 21:51:43,2018-07-06 10:25:00,2018-07-10 17:32:05,2018-07-24 00:00:00
ba77dbce1d3b09b90844c3587248717f,900cedeb67660eb8320be7251896da7e,delivered,2018-02-12 15:41:58,2018-02-12 15:55:38,2018-02-16 00:16:10,2018-02-22 19:22:37,2018-03-01 00:00:00
9686875d0d9dcbe392244b6773605882,c2ac74cb6fba2dcb4aabfc8ca809e817,delivered,2017-09-09 12:42:19,2017-09-09 12:55:14,2017-09-11 20:37:28,2017-09-20 18:32:34,2017-09-29 00:00:00
b07d994d95462ff6a6f0d93b00c5dbbb,1c8086967bc889b42c2e51c644cd9958,delivered,2017-11-22 15:31:38,2017-11-23 09:54:49,2017-11-25 11:03:25,2017-11-29 20:12:14,2017-12-13 00:00:00
effafe41a13010ada8a0e7a8f1412a30,c2d62e26a7052b597f2c5f86672e2e0a,delivered,2017-09-27 20:31:41,2017-09-27 20:49:21,2017-09-28 20:17:50,2017-10-03 19:03:12,2017-10-23 00:00:00
0d665d0a88c9d2ae8edfcc1053ba13f9,996c3983fc4c47ec3db5f123b71ebaa5,delivered,2017-11-06 13:15:27,2017-11-06 16:33:22,2017-11-07 18:14:58,2017-11-17 20:46:40,2017-11-27 00:00:00
24fe896f12fc80ca8e107a56258b67d6,8e29f1ea42a090c304ec11ad37cefab8,delivered,2018-01-17 12:52:05,2018-01-18 02:13:19,2018-01-19 01:46:32,2018-01-26 16:38:37,2018-02-15 00:00:00
d2f0bd580c8365d4e71493d3493ad2b3,b91f1f8b2144cef2c6b3540639b2ad27,delivered,2017-06-02 00:35:09,2017-06-02 01:10:20,2017-06-07 14:59:30,2017-06-13 13:34:21,2017-07-07 00:00:00
65af4ebf3a293127cb26f2ba77f96a02,02eeb440c68d8e3bb1e25ef69130396b,delivered,2018-01-14 09:34:59,2018-01-14 09:49:24,2018-01-15 17:22:37,2018-01-19 03:03:05,2018-02-07 00:00:00
2f8eea85236019981baf4408c9123ff2,24f3558831b27d94b5f6c95a35cf8464,delivered,2018-07-31 19:33:33,2018-07-31 20:23:53,2018-08-02 15:43:00,2018-08-06 19:09:34,2018-08-21 00:00:00
908227fe95698325710fe450d4b7018c,75644d190d3f51f6230b265ae2b3f6d8,delivered,2018-08-05 00:29:13,2018-08-05 00:44:11,2018-08-06 11:51:00,2018-08-10 00:03:39,2018-08-15 00:00:00
fb34957b24cfaa3c67835b67097b45e6,062d526eabc36e995e3a9ce353894fcb,delivered,2018-03-04 19:52:36,2018-03-04 20:09:29,2018-03-07 21:24:57,2018-04-18 19:35:46,2018-04-05 00:00:00
53ba9277abd171947b33bd9073297827,98fc6aa4673a967ec6e4390c5f8b24de,delivered,2017-11-25 17:13:10,2017-11-25 17:31:48,2017-11-29 23:03:11,2017-12-12 22:34:06,2017-12-22 00:00:00
75327543a7801fb8d71a142e971d8f65,765ab4c754df780665242138b0055d95,delivered,2018-05-08 12:45:39,2018-05-08 13:09:35,2018-05-10 13:12:00,2018-05-12 01:44:29,2018-05-21 00:00:00
d28ebfb129706cb5bc1819c31d1a86ff,e833e54e7d750da0636bca867b66984c,delivered,2017-09-18 09:12:24,2017-09-18 09:28:18,2017-09-20 19:46:14,2017-09-26 21:17:40,2017-10-09 00:00:00
978dae5105c79039c80e7b773f0eb852,df005ef58367013dbce4ad1a11e6bb10,delivered,2018-01-09 22:45:13,2018-01-10 10:32:03,2018-01-15 13:37:46,2018-01-27 11:21:21,2018-02-02 00:00:00
3b36d8fb1fff95b2dbbdf1c90c944494,86042d37503c19914f7c6d1cfda24870,delivered,2018-01-26 22:32:51,2018-01-29 08:39:25,2018-02-09 12:46:53,2018-03-05 23:58:29,2018-04-04 00:00:00
4cc9bc748dac6becee93a5f6a4b3a447,86cee1a8d723e02106bd8c688ba3dec8,delivered,2018-02-11 12:27:34,2018-02-12 12:28:19,2018-02-14 14:55:17,2018-02-22 01:23:01,2018-03-12 00:00:00
98798990f1f8bbef14ca35de7a895ee2,ce118c8b03f5d99c90b2bc0fc3a1518a,delivered,2018-03-19 17:31:22,2018-03-20 17:28:23,2018-03-22 20:38:29,2018-04-03 14:46:54,2018-04-17 00:00:00
0a7ef385ee9080d0edef043521ec3114,70dbdadd7050b13d4b0e0838fd5388b6,delivered,2018-08-05 19:18:46,2018-08-05 19:30:14,2018-08-06 11:05:00,2018-08-16 23:12:32,2018-08-23 00:00:00
1830ac545c2b9909d6c6e107924faa80,078f0224b486abd1118e85fc9d4d3dc6,delivered,2018-02-04 18:49:12,2018-02-04 19:09:36,2018-02-05 23:53:49,2018-02-21 19:38:47,2018-03-12 00:00:00
73fa09600b87d64333b03f2fe849e096,1fbb2a549b8f58e925ad931401717418,delivered,2017-09-12 19:15:03,2017-09-12 19:25:16,2017-09-14 17:07:56,2017-09-18 21:27:43,2017-10-09 00:00:00
e01e0edd184fa69973f66cfc1fde15b3,432c8b4df960ec2d281a90a77bd51ce5,delivered,2017-01-24 21:16:50,2017-01-27 10:45:42,2017-01-27 15:03:19,2017-02-06 10:07:57,2017-03-07 00:00:00
f24cb1ef5e87e5ea09a1fc0ae135c186,1bc79b53aca260fc2ed45c7164266cca,delivered,2018-07-01 16:28:11,2018-07-01 16:49:50,2018-07-02 11:23:00,2018-07-13 17:28:43,2018-07-31 00:00:00
87c883900b2dc61189bb316c6c00250d,45c33e9c8c978d7bee32d4cac26a90be,delivered,2018-08-04 13:01:25,2018-08-04 13:30:57,2018-08-06 10:29:00,2018-08-09 20:47:43,2018-08-21 00:00:00
e173f7fa910d8a5f30ceb0677f70d9e9,e6fd77eed76aa975b65f6c8fb818e5ec,delivered,2017-08-02 10:08:39,2017-08-02 10:23:45,2017-08-02 20:08:49,2017-08-03 17:56:53,2017-08-21 00:00:00
9016781565d9e706d145f406bbc06d8e,fabbcadf829676623bc7e2ced8888343,delivered,2017-10-19 10:54:51,2017-10-19 11:07:48,2017-10-20 17:58:08,2017-10-28 17:08:08,2017-11-14 00:00:00
23a664501e7b09b619fd2aad09cbc22d,b21f8a9bf3489e80f6a40bfc93da853c,delivered,2018-05-21 21:49:55,2018-05-22 21:57:52,2018-05-23 14:16:00,2018-05-28 17:28:46,2018-06-05 00:00:00
70c77e51e0f179d75a64a614135afb6a,f5c36ac199073a62861ebda86e8cc725,delivered,2017-07-13 21:03:44,2017-07-15 03:34:37,2017-07-25 19:35:45,2017-08-25 19:41:53,2017-08-14 00:00:00
b001bdcc006e151f53abb083acb3943f,45515887afe74cc561109822140e0e87,delivered,2018-06-04 20:30:48,2018-06-04 20:50:43,2018-06-12 14:58:00,2018-07-13 08:18:30,2018-07-20 00:00:00
e0fcccf3321e9e3cf530ac4944551958,3fd7dca808d985060e069172cd98ecf5,delivered,2017-07-16 15:48:50,2017-07-16 16:03:35,2017-07-20 20:07:33,2017-07-27 22:35:43,2017-08-10 00:00:00
eeb001d21f4952518b004776f88265a0,a7c556ca59f5d0c765380ddafd09941d,delivered,2017-09-27 10:37:23,2017-09-27 10:49:40,2017-09-27 16:48:45,2017-10-05 18:11:43,2017-10-27 00:00:00
cedd3810c91978ce10125e88bb42e4d0,1619cfa56db1af0032da42858a4d415e,delivered,2018-06-11 17:45:56,2018-06-11 18:19:29,2018-06-12 15:38:00,2018-06-15 17:51:16,2018-07-12 00:00:00
2463e85fc460252cacb332c69099f298,f6132655cb97ab93f1c8ace4528520a1,unavailable,2017-10-18 19:11:27,2017-10-18 19:28:44,,,2017-11-09 00:00:00
5a94aa7bad40a2f6303210a8770843f6,e51f476da7f42d729739f0c7011c69fb,delivered,2017-11-23 11:03:54,2017-11-24 03:12:44,2017-11-24 15:22:39,2017-11-26 16:34:09,2017-12-05 00:00:00
7c1e94ae4c4305fa26db7da2d6749b36,4bafc0ea746fd09a8177734f1eef4ec0,delivered,2017-05-08 12:26:03,2017-05-09 06:35:22,2017-05-16 11:26:48,2017-06-06 14:57:43,2017-06-08 00:00:00
7ac818621c9efe9a8f6ef6d66477fc3a,101c3552bad05b03c7b05aa77000931e,delivered,2018-02-19 10:31:09,2018-02-19 10:47:05,2018-02-22 17:47:54,2018-02-27 18:23:31,2018-03-13 00:00:00
859d39948222974421fa0f47d75cafba,c5c47d4e71b9f73cc3abb67cfc059637,delivered,2017-11-22 20:11:45,2017-11-22 20:19:28,2017-11-27 20:11:27,2017-12-13 19:58:32,2017-12-18 00:00:00
aba7884f1a6e6e52b774eb7654651325,8721213de91e5eb5867eb97de23ec440,processing,2017-01-25 19:00:25,2017-01-25 19:10:11,,,2017-03-14 00:00:00
6e8441e286bd323b5d6b46f402445920,0a8f659aaa705fda5dc6294dc1f3f301,delivered,2017-12-23 15:07:07,2017-12-23 15:14:25,2017-12-26 11:38:38,2018-01-04 18:10:39,2018-01-24 00:00:00
7f89850b2a19bee52e4e9f6f6fc0bde1,907336494a5a10ff7eb385666e1f0920,delivered,2017-11-24 11:44:28,2017-11-24 13:35:42,2017-12-05 17:43:11,2017-12-19 01:48:58,2017-12-19 00:00:00
f6ba6de181266b918292db17ba6616b8,85f0f9defc06d13591f7a594d0e71ece,delivered,2018-02-22 16:12:52,2018-02-22 16:49:19,2018-02-28 21:58:31,2018-03-07 18:17:27,2018-03-21 00:00:00
75568fca44a774f0c170129d21aa0f03,b0830c204ecf09c3c64f626e65b39c68,delivered,2018-04-11 08:43:37,2018-04-11 10:50:45,2018-04-11 23:32:31,2018-04-18 13:44:38,2018-05-04 00:00:00
615915458e5cdf8939ae422e043ca879,abbbbf3b358a480884af84bee14b9102,delivered,2018-04-21 17:05:02,2018-04-24 17:17:08,2018-04-23 17:27:43,2018-05-29 16:36:41,2018-05-28 00:00:00
79e22f93f0543b4cc32f9aa333a6df5e,41453d3d3c13195c0964ae8948663b1f,delivered,2018-05-25 11:16:21,2018-05-25 11:37:01,2018-06-04 14:18:00,2018-06-07 17:28:47,2018-06-20 00:00:00
0176d7e16d1bd14cde42d9d3a24e525b,65d964c098f8db89e1a8a07af1e96d21,delivered,2017-08-15 20:57:47,2017-08-15 22:55:19,2017-08-17 16:25:40,2017-08-24 18:24:05,2017-09-06 00:00:00
3418c754c6d0c412d57cca00b6ccfbe2,04bac030c0366892396bc49c1c64a8e5,delivered,2017-11-08 12:00:42,2017-11-09 11:55:54,2017-11-14 16:09:23,2017-11-21 18:07:15,2017-11-28 00:00:00
bf8adedab5870b094403ad86136f5758,da8cac4cda40716b63b3760486c56c1c,delivered,2017-12-23 23:23:13,2017-12-23 23:32:25,2017-12-26 18:23:30,2018-01-03 21:38:41,2018-01-19 00:00:00
f86264f3909d2925f91a81b8a105e0cd,f205274669193512fe69b7bdbc6dfe8b,delivered,2018-07-17 09:13:32,2018-07-17 09:25:19,2018-07-18 12:31:00,2018-07-23 14:21:36,2018-08-17 00:00:00
b5256081b888baa655b51fd3a8446242,c3a0ef89d5928df649654012c9516158,delivered,2017-12-17 23:33:00,2017-12-19 18:31:46,2017-12-20 20:27:15,2017-12-27 13:54:41,2018-01-11 00:00:00
6911841c529c776ea6f1a5ae3b0912a6,6599f7ebc34cdd20cce27c7d9f05f4f9,delivered,2018-03-27 00:06:39,2018-03-29 03:28:50,2018-04-02 19:17:03,2018-04-05 23:28:25,2018-04-23 00:00:00
393e94e2f17c63ed71d08a663a06e9fd,b4e1fe74fa0bf95bdd28ae1b5a9c0d95,delivered,2018-05-27 12:12:33,2018-05-27 12:29:51,2018-05-28 15:13:00,2018-06-01 13:42:53,2018-07-04 00:00:00
ace92305f332d1f0cee1cf27e79ac5ce,bcee0525f8f15bfac09a6ca1ba1abf80,delivered,2018-03-01 12:53:56,2018-03-02 06:35:35,2018-03-06 19:15:22,2018-03-23 20:48:44,2018-03-19 00:00:00
daa7bd63b41e09a4d28579829649e6a2,bf6dfe72a466c4f26cd5da3a82fddda9,delivered,2017-08-14 10:48:26,2017-08-15 03:44:05,2017-08-16 18:33:12,2017-08-19 13:52:31,2017-09-05 00:00:00
e7336e1648bf13ca6664c8568363dbb3,e7936bc511477310739929f93589b2f7,delivered,2018-02-17 15:24:03,2018-02-17 15:35:34,2018-02-19 16:30:15,2018-03-05 22:08:18,2018-03-13 00:00:00
12052ac6aa067434388199224c0f11bc,f82d1df095bf073a1298faed123b844b,delivered,2018-07-31 13:16:33,2018-07-31 13:25:25,2018-07-31 12:51:00,2018-08-09 21:15:51,2018-08-28 00:00:00
4dc7ae5758351e21e544e7cb0e1f7738,3d55995a5451ac5f7b9f4dd7d0577b2f,delivered,2017-09-26 21:34:37,2017-09-26 21:49:36,2017-09-27 17:58:24,2017-10-06 13:58:39,2017-10-26 00:00:00
522649ba1f9bbb27383b7e8dcd92e746,75c1add0b9b5d6bb9948873a85f19981,delivered,2018-01-21 22:42:01,2018-01-23 03:36:53,2018-01-23 22:48:05,2018-01-26 14:41:17,2018-02-14 00:00:00
e0e836a1f8ee9e25d78d68727016e70d,2c78100a00d87d5c94812af161ccd4b5,delivered,2018-07-20 09:31:02,2018-07-20 09:45:17,2018-07-20 14:52:00,2018-07-23 22:58:27,2018-08-01 00:00:00
f6a88b9bb4c26463d70208b8ad03eb28,f91e7738124ea7b25b9a32d3cc695381,delivered,2017-03-29 10:38:29,2017-03-29 22:42:34,2017-03-30 16:47:48,2017-04-06 11:07:26,2017-04-20 00:00:00
c31fe565e37944f6feb1d908a9a550ee,6d05cbc67013b652c83618a1c77cff36,delivered,2018-03-13 12:47:25,2018-03-13 13:08:13,2018-03-14 18:38:35,2018-04-05 00:51:07,2018-04-04 00:00:00
25d6858f3b1d2f332623bdccb12db9eb,e995d6e83758ed9aa3ed2127fd24cc66,delivered,2018-08-04 15:23:53,2018-08-04 15:50:07,2018-08-06 16:45:00,2018-08-09 18:10:47,2018-08-28 00:00:00
9d65f5b3f39a8bab190ca8c315452bf9,d73568e3ecaf64187cdc402be8c8d0bd,delivered,2018-05-24 23:50:10,2018-05-25 00:14:51,2018-05-29 08:23:00,2018-06-04 15:55:54,2018-06-20 00:00:00
75785442e7f4f3aee6dcdd92fd9328ba,c6ab84872f21f56c05e6c4ce5d7b9d18,delivered,2018-02-06 00:19:09,2018-02-07 00:10:45,2018-02-07 22:48:36,2018-02-15 18:18:01,2018-03-02 00:00:00
073632ef894dcb45601e326b8d97cd11,5d241427165ce1fe53a31686710fd6c2,delivered,2018-06-16 23:28:34,2018-06-16 23:55:04,2018-06-18 12:12:00,2018-06-22 22:38:33,2018-07-16 00:00:00
5720bc11a86749d980e65cac6e3ff08f,58a15aaedb05561fc5187f0d1e1052d5,delivered,2017-11-09 09:37:49,2017-11-09 09:50:45,2017-11-09 16:18:43,2017-11-21 23:11:05,2017-12-04 00:00:00
097c2a2e5ea719c510238bad5d902cef,09ac864dd74dde088017581dc9353ac9,delivered,2018-02-09 14:48:12,2018-02-15 03:50:53,2018-02-15 19:53:31,2018-04-02 20:58:46,2018-03-09 00:00:00
a7f6dc6901f43f7036bf20db72cc485d,6ac5952fcf50ef3f1a1288027e986c23,delivered,2017-06-15 22:53:40,2017-06-15 23:05:15,2017-06-22 14:36:48,2017-07-03 18:17:54,2017-07-25 00:00:00
be6b5138c0b61238bd36565d70a864e6,86ce99d5744ae4ac3b99ff426147250b,delivered,2017-08-10 07:43:30,2017-08-10 07:55:18,2017-08-11 18:24:56,2017-08-14 15:28:09,2017-08-23 00:00:00
fd2b4179de3cceb73bc884f6c19d85d0,8771de6e9f494e14aae9646f2a348fbe,delivered,2017-05-14 18:33:49,2017-05-14 18:45:15,2017-05-19 11:17:57,2017-05-30 12:38:20,2017-06-13 00:00:00
cd2c9b022c25b6279c5f61716a525c1f,4290bd84a6ae4fd0c1ade7aeb39d81cc,delivered,2017-12-11 19:53:48,2017-12-11 20:11:45,2017-12-12 22:37:04,2018-01-04 20:15:06,2018-01-09 00:00:00
75e6b640cd630f2a1b0250fadc68da12,57063b7216d8c3380b2aff7a02ec17b8,delivered,2017-12-13 15:49:39,2017-12-13 15:56:29,2017-12-15 21:23:27,2018-01-05 18:53:26,2018-01-11 00:00:00
380bf78bcf690a6955b8f1de575e26ba,0a8189ab957e37ec9490424e8ecf9050,delivered,2017-03-11 16:49:30,2017-03-11 16:49:30,2017-03-14 15:09:35,2017-03-22 09:12:24,2017-04-03 00:00:00
73ef5fd6ff21e799755566e2f54eab57,a9a5f5b10619b48082f7388822d30cc4,delivered,2018-01-29 17:31:13,2018-01-29 17:55:28,2018-01-31 00:18:57,2018-02-17 15:21:57,2018-02-21 00:00:00
1e30d770b3285a068012ff979103c827,29ff1b18d2d0e7b26c2ee3e15eb1393c,delivered,2018-06-07 17:30:36,2018-06-07 17:58:18,2018-06-08 16:05:00,2018-06-16 14:49:54,2018-07-04 00:00:00
c1742783834afde8109d74422e9a4bca,3ad65065c94e1c30c6777de5b016d5fe,delivered,2017-11-30 17:00:03,2017-12-02 09:57:20,2017-12-06 00:51:25,2017-12-14 13:24:05,2017-12-29 00:00:00
6525dbeaef7a14de9953ab0f4a810f8a,7b616d52b4c4004b5308e58a1206bdf7,delivered,2018-02-16 17:21:13,2018-02-16 17:30:27,2018-02-19 21:53:39,2018-03-04 19:03:36,2018-03-08 00:00:00
b21dc017542898ea39cc71d4aaf0de04,345d5ad65fd36b5f9f94f730b2681b58,delivered,2018-04-06 14:28:00,2018-04-06 14:35:16,2018-04-11 21:12:48,2018-04-24 16:19:45,2018-05-09 00:00:00
0aeae2c3fa49561fa9d2147d8f99d7c2,537e5a56d07faec92aafd41965e7733c,delivered,2017-06-29 08:54:59,2017-06-29 09:05:17,2017-06-29 12:42:57,2017-07-18 17:03:49,2017-08-01 00:00:00
05aacaaec38544ee11d42a69bc098d4b,f197e640b7b1d41432cb8d8981d8a763,delivered,2017-02-26 16:03:49,2017-02-26 16:22:10,2017-03-01 15:53:37,2017-03-17 11:42:55,2017-03-24 00:00:00
61b1dbc033920b4d291fe4a768eed1d0,3c2e8b5219761a5b7d7923bf2e5d3a71,delivered,2018-06-09 18:20:50,2018-06-09 18:35:12,2018-06-11 09:44:00,2018-06-19 15:28:35,2018-07-12 00:00:00
856d0618b7c959da87efc85a6c68c463,b54f2970a01e0b469e80144249a71bef,delivered,2018-07-18 12:34:45,2018-07-18 12:45:17,2018-07-19 11:08:00,2018-07-24 20:12:43,2018-08-13 00:00:00
c04f17066422db45251777ad10f2eef9,625666d6594f1bf4bb46738b45359bb4,delivered,2018-03-02 12:38:14,2018-03-02 12:50:30,2018-03-02 22:11:25,2018-03-09 20:14:37,2018-04-02 00:00:00
68764c1cae62d3a314f53f05475f5ca7,f8c3c173f3aebb9dc59a19669b25dddc,delivered,2018-08-22 09:39:57,2018-08-23 16:15:24,2018-08-24 14:31:00,2018-08-28 21:14:45,2018-09-04 00:00:00
076ae5516316ecf9f17dc3cc78437eac,b4f336ced5b1329e0220ff0dbe7d30d9,delivered,2018-02-15 19:28:04,2018-02-15 19:46:15,2018-02-17 00:10:31,2018-03-02 23:58:53,2018-03-13 00:00:00
a17b0f920f100411c57496d41de7aa12,e82493d39d2783ef380797b21201ea83,delivered,2018-06-11 19:40:32,2018-06-11 20:04:23,2018-06-13 14:34:00,2018-06-19 23:11:04,2018-06-29 00:00:00
3fff175860497ca456d60c90b1f2b797,46e0639aeeaf0ed627e54107a9726620,delivered,2018-05-09 22:06:27,2018-05-09 22:15:24,2018-05-11 14:06:00,2018-06-04 16:24:31,2018-06-05 00:00:00
bf4acb0df3642cc86d6217d861598798,6105669038af83b587aa02fbb037389d,delivered,2017-11-25 20:03:57,2017-11-25 20:14:36,2017-11-27 20:18:30,2017-12-06 18:33:24,2017-12-21 00:00:00
08b7104ed7002c5ada9a6751b7a464da,25f825beab636b1d492d0cfbb87af0aa,delivered,2018-03-20 17:25:54,2018-03-20 17:50:35,2018-03-21 21:44:38,2018-03-24 17:42:07,2018-04-02 00:00:00
60f16b97103e0807b8d60b9c76a95f5f,276d62910831dae81507e02314fd5a20,delivered,2017-12-02 08:48:54,2017-12-02 09:00:05,2017-12-04 21:15:47,2018-01-16 11:52:45,2018-01-05 00:00:00
5570e2ad4cdbe279714e82215dbca9c0,4496b268cde23cfeb547ec00ae21193d,delivered,2018-01-26 13:14:33,2018-01-26 13:39:28,2018-01-30 17:21:59,2018-02-20 16:45:15,2018-02-21 00:00:00
6ff14c785c89530b9a33206e62253d05,fe96dfd861c4c42a3f4d7668a3e22900,delivered,2018-08-18 16:42:46,2018-08-18 16:55:26,2018-08-23 19:02:00,2018-08-24 15:59:34,2018-08-29 00:00:00
d4a82e0a8772db180275f4160d9eb12d,052451bf64a77a9180aef297df1f2020,delivered,2017-07-25 16:59:54,2017-07-25 17:15:08,2017-07-26 20:13:31,2017-08-04 18:12:25,2017-08-16 00:00:00
d9c541bd2935c8217a2ecb05c3162541,d04ad30db1687844a2eebe2285bdb05b,delivered,2018-06-06 20:33:08,2018-06-06 20:52:26,2018-06-28 14:01:00,2018-06-29 17:41:39,2018-07-20 00:00:00
c549f0d88f33bfe43351b893f1fb55ac,ea26950075411d4c3569a71853ee7388,canceled,2016-10-06 13:21:05,,,,2016-11-16 00:00:00
f8044b09c1b03aca6a37d02e53d83d63,b2c53742055ee836cd34c889f8b05dfe,delivered,2018-01-27 11:47:46,2018-01-27 11:57:21,2018-01-30 19:35:03,2018-02-05 17:38:43,2018-02-23 00:00:00
219f831fcedecf53187489f9aad154eb,94174226bc4e5918d7a2d7cc625f1a29,delivered,2017-08-06 18:13:39,2017-08-08 04:20:08,2017-08-10 19:54:36,2017-08-14 15:37:03,2017-09-01 00:00:00
c6bed32ec59710413b8be74ee0ebbe15,cd71087548bba0befcd43b78e0d2e022,delivered,2018-02-01 21:22:34,2018-02-01 21:35:22,2018-02-02 17:50:46,2018-02-15 17:31:27,2018-03-06 00:00:00
fc0f0f4e61bb2970fd68bb32452f991e,1a6cc311460a5a24215e4abaf86fc4a8,delivered,2018-06-14 13:17:02,2018-06-14 13:38:32,2018-06-21 12:15:00,2018-06-22 15:32:39,2018-06-29 00:00:00
5a9a47ffffcb78789debc0271980c57a,bfd7cfc9da3b6ac1d4d06f0d72cc707d,delivered,2017-10-28 09:54:53,2017-10-31 03:55:17,2017-11-07 19:42:16,2017-11-17 22:38:36,2017-11-23 00:00:00
64abededdf5e85a774c72bf6a4ea4a10,e821617ecdb325648a8f039e537048e2,delivered,2018-01-11 10:29:13,2018-01-12 02:33:22,2018-01-13 14:54:25,2018-01-23 19:32:22,2018-01-26 00:00:00
09143df8420b4ae4770ea14dc443b487,4562268df1a2d2ac226562d1af92ed2d,delivered,2018-04-05 09:58:33,2018-04-06 03:28:29,2018-04-10 23:48:33,2018-04-11 16:32:52,2018-04-17 00:00:00
6cd9e3df3fefeeed2003ad58ffb79382,e77a8c38dc4133af5160b7909d74883e,delivered,2018-01-31 08:57:43,2018-02-01 08:55:50,2018-02-05 13:23:19,2018-02-06 18:42:54,2018-02-16 00:00:00
7ab1cf6be66796dee470220e6396502b,b602aa1422b1a94687b3cbd667dccfdc,delivered,2018-07-14 23:08:02,2018-07-17 05:30:33,2018-07-26 07:18:00,2018-07-27 17:28:28,2018-08-01 00:00:00
7b5b2437395186ef1d461d39bdee1621,1f379abf4e56ffb85af05ff3bfad4ca7,delivered,2017-02-13 19:26:29,2017-02-13 19:35:11,2017-02-15 10:04:57,2017-02-23 15:11:48,2017-03-14 00:00:00
7a892f60ab55f0706eb2386da59a4849,44c20ee7bb9efb350b8031c272a030a6,delivered,2018-08-21 12:11:17,2018-08-21 12:30:42,2018-08-22 12:58:00,2018-08-27 22:03:29,2018-09-05 00:00:00
ae6e19fd1f9987f0985a5e7a920d2394,ec4ec2c0dab7654bfd6beaa39e319f50,delivered,2018-05-31 13:55:30,2018-05-31 14:14:54,2018-06-01 14:52:00,2018-06-07 22:12:11,2018-07-04 00:00:00
a4291e3f3a5a6350fb7624dc6a892bce,da9bab96fdd118c15297a11043d7b747,delivered,2018-02-21 16:41:48,2018-02-21 16:50:44,2018-02-22 23:50:45,2018-03-04 11:52:25,2018-03-13 00:00:00
99d3fe2acd0fc85785b2b573a852719f,f06720f16260bfb4b22ae4e16282842b,delivered,2017-05-17 21:45:36,2017-05-17 21:55:09,2017-05-18 12:58:40,2017-05-24 12:19:26,2017-06-08 00:00:00
f9085be14df218456107ebc51fbe4cfe,2b12d993ccc5aff119d707e95729df0a,delivered,2018-05-15 09:16:49,2018-05-15 09:58:35,2018-05-17 12:02:00,2018-05-21 16:08:48,2018-06-05 00:00:00
351cc103e775642319456a5962fd7a9f,7c5b24fa8be3c70c5e65d53126e31ebd,delivered,2017-06-12 17:43:28,2017-06-12 17:55:16,2017-06-13 08:01:01,2017-07-25 21:45:07,2017-07-05 00:00:00
6e8b784db4941b3dbd08146464f9f628,c0383ca8e59180009c9e765fa261d88f,delivered,2017-06-28 23:00:54,2017-06-30 03:10:25,2017-06-30 08:45:45,2017-08-04 13:05:03,2017-08-01 00:00:00
36e93f41a4f115938915bf5add9a68a7,af87edd0d77cb8dea68315b87475004e,delivered,2017-07-19 13:13:58,2017-07-19 13:25:19,2017-07-20 19:34:51,2017-07-28 21:46:03,2017-08-08 00:00:00
ac1f454dcc22f536ef0bd5fc3d25cc61,6f71d6bf666014223bb0c1d2799b7b33,delivered,2017-10-03 19:39:44,2017-10-04 19:50:16,2017-10-06 17:23:07,2017-10-14 13:55:34,2017-10-27 00:00:00
9f10c0ea65a77a1a730fee1bd83c6ace,f7792d4c5cd1ffba242f7e8a4ecc6686,delivered,2017-11-08 15:35:42,2017-11-08 15:50:57,2017-11-09 19:37:26,2017-11-21 16:46:57,2017-12-06 00:00:00
9e53fa9efe2d935b373fe8120ae8a79b,a925935a693b721290b3a73f2885566b,delivered,2018-01-31 13:53:09,2018-01-31 14:42:36,2018-02-03 14:58:42,2018-02-09 16:09:29,2018-02-22 00:00:00
6b1e495243da4b3d42a27e801e6f252f,9180c19bbfef480393c4230dd55aa72d,delivered,2017-11-14 08:05:16,2017-11-14 08:26:28,2017-11-22 17:17:30,2017-11-29 21:02:43,2017-12-08 00:00:00
17aad90f86c9f274f38e50e3cd4632d2,30ddb3ddea2d244698b9846e757fa0a1,delivered,2017-12-23 22:45:28,2017-12-23 22:55:25,2017-12-26 16:10:43,2018-01-17 23:07:48,2018-01-24 00:00:00
41d92de81c9d9741c53203e1076e38e3,04d4b764b4b6cd57ab59f0ab357b2450,delivered,2017-08-23 10:35:36,2017-08-23 10:46:33,2017-08-23 18:32:57,2017-08-29 19:20:12,2017-09-15 00:00:00
ca17ca64620ea0696e6bd78d37f4fada,4400c2f06f6977a6fdd6a2b6d0408306,delivered,2017-12-18 17:38:21,2017-12-19 09:50:48,2017-12-20 18:32:51,2017-12-27 12:44:24,2018-01-05 00:00:00
d74a4114b1ecea21d099a6c7aea88058,36da551e41edf8d0f425b6dd458bfce8,delivered,2017-12-15 09:54:22,2017-12-15 10:10:02,2018-01-05 19:08:25,2018-01-11 15:52:11,2018-01-15 00:00:00
b582532527260a8be949eac9f4d0ccff,bce63020814afdf2717e3c9b9ff1534e,delivered,2016-10-08 14:31:26,2016-10-11 04:56:46,2016-10-15 12:39:15,2016-10-24 05:05:30,2016-12-14 00:00:00
4507dd7dedf9adef4850d18ba67130ef,e282c4328c065be94cefa5b8a068f21f,delivered,2018-01-30 09:58:22,2018-01-30 10:14:49,2018-01-31 23:47:52,2018-02-23 22:47:27,2018-03-07 00:00:00
32a5dab70d12a1ed24b1f79bbf17bdc7,ef41ed8ea9fd020f56c050525138546a,delivered,2017-09-12 19:46:57,2017-09-13 19:55:12,2017-09-15 20:41:56,2017-09-21 14:25:03,2017-09-29 00:00:00
432b5f7e5eb54872aace60c4313c52d8,97ebd831465dcafb7b8aba3bed42adaa,delivered,2018-04-17 08:53:47,2018-04-18 08:51:45,2018-04-18 20:58:27,2018-04-26 20:55:42,2018-05-30 00:00:00
7096c65d6b73e123fdf3a4e611a46389,88fb6b71e1a0ebee84dbb5cdaaa38ce7,delivered,2018-04-25 17:22:38,2018-04-25 17:52:31,2018-04-26 10:53:00,2018-04-30 14:44:41,2018-05-10 00:00:00
9a838b8807fdd90c94d08ed164db0039,244e706e4ff8000e2d8a329b770d338e,delivered,2018-07-02 10:31:36,2018-07-02 10:50:08,2018-07-03 16:48:00,2018-07-13 23:03:14,2018-07-31 00:00:00
e28cdbb369d8571cdbe57fae21bf91c1,b8bf2f05b300b8e4dd66c7e74db08896,delivered,2018-06-15 10:43:11,2018-06-15 10:57:54,2018-06-15 14:15:00,2018-06-21 23:12:57,2018-07-12 00:00:00
c518636d32b7e3285f98b15093b2653a,10213bc1e7feda414fa935a72b19624e,delivered,2018-02-15 15:00:31,2018-02-15 15:10:39,2018-02-16 00:08:03,2018-03-05 21:36:08,2018-03-12 00:00:00
b0c175f72fd1e5956743578c03b1785c,a647a179b5451428127a434d0d3d094e,delivered,2018-03-20 16:41:37,2018-03-20 16:55:51,2018-03-23 00:18:47,2018-03-30 00:04:05,2018-04-12 00:00:00
6ee905cf5305257ae2f097619fb0c827,16100ce67e803006c3caab4e1837582f,delivered,2017-11-08 15:50:18,2017-11-09 05:31:39,2017-11-14 11:14:25,2017-11-22 00:12:00,2017-11-28 00:00:00
69fd1a4dd8b96b9ab0dc82b95be21efd,1a5c814c2a163354a550737c7c16be75,unavailable,2018-07-31 09:55:46,2018-08-05 23:30:50,,,2018-08-03 00:00:00
ceb35b18f6b84c1c75f02859ce3160d9,eff19fbf43cda74b8fb9959b4ffbaaa1,delivered,2018-07-28 20:51:37,2018-07-28 21:04:13,2018-07-30 14:16:00,2018-08-06 16:26:07,2018-08-15 00:00:00
6387cf0ea60d024f1714f7dab43fd211,6cfd04631cffb91e705fc81451868822,delivered,2017-11-24 00:55:39,2017-11-24 01:19:32,2017-11-27 18:07:16,2017-12-11 13:18:35,2017-12-19 00:00:00
3dd4f42a9b185cd0b083246bae24090c,f75956293753a41a06a17b21ca23733a,delivered,2018-08-01 11:25:35,2018-08-01 12:24:14,2018-08-02 11:54:00,2018-08-03 23:18:29,2018-08-06 00:00:00
2d4128c16198542b771a2487095657c3,8750f7d96ae3d88890ef38ba043a0465,delivered,2018-08-20 21:06:24,2018-08-21 04:50:22,2018-08-23 14:35:00,2018-08-24 17:41:43,2018-08-29 00:00:00
a02db77e1f2b1eb32c2cf8793740843d,c3b0b7386717984ceb75277f0dccfaff,delivered,2017-11-04 21:14:30,2017-11-04 21:25:34,2017-11-06 22:58:28,2017-11-08 16:34:56,2017-11-17 00:00:00
5d0368934f8a51ab08389fddcd681efa,4bb5570552abd163fa2f64736eee112e,delivered,2018-01-15 16:03:53,2018-01-15 16:15:20,2018-01-17 15:32:43,2018-01-22 14:08:24,2018-02-14 00:00:00
9dc5836ce93438ab4260e229c09dbe63,b0ee8556e582109b7666d96281195059,delivered,2017-08-09 20:15:57,2017-08-10 20:24:16,2017-08-14 16:05:49,2017-08-22 16:02:33,2017-09-11 00:00:00
479b6ef981f240df12226a5ba0abffef,5176f5c4d07111ebc72ac16365971ae1,delivered,2018-07-22 21:48:14,2018-07-23 12:31:45,2018-07-24 14:49:00,2018-07-27 15:58:52,2018-08-01 00:00:00
f0fc205cd844540932464d058cb08aa7,6524f70f5b0da431f3e25f1f39f4f14e,delivered,2017-11-09 20:29:16,2017-11-09 20:47:12,2017-11-14 21:32:04,2017-11-25 19:19:04,2017-12-06 00:00:00
b4501b36d5c7558b4364a961168f8bfd,61917d02d985f97864380b56245d461f,delivered,2018-07-23 21:03:52,2018-07-25 02:44:15,2018-07-26 09:58:00,2018-07-30 21:12:52,2018-08-16 00:00:00
b86149c8139bc8a77792c2b24942a0db,d08fccfa54819f3ddc4a30e30b4a0565,delivered,2017-06-05 18:44:05,2017-06-05 18:55:17,2017-06-13 13:20:17,2017-06-14 14:42:39,2017-06-26 00:00:00
26e2e254813a436cdd1ff0c0b0e01132,885aa5f046631ec02ead6b2bea798a92,delivered,2018-01-24 13:52:36,2018-01-24 15:38:32,2018-01-26 18:29:55,2018-02-01 17:35:26,2018-02-09 00:00:00
8833d3b8b1542d8a6a0e0ba4376cf172,a9e98a5c4f40a6797f748ffe05967bfc,delivered,2017-08-17 13:17:25,2017-08-19 02:15:36,2017-08-30 18:50:00,2017-09-12 18:34:34,2017-09-25 00:00:00
e8470f7ea8b4ca604cef2a97b725c27b,c3282cab6115ffcead8bc6557ff4861b,delivered,2018-02-15 11:25:42,2018-02-15 11:35:35,2018-02-16 19:25:08,2018-02-27 23:19:04,2018-03-08 00:00:00
2d2f7f564738bc7bbd535580aef84e09,f6963c402e9578d2b2d1739e5fc00e39,delivered,2018-01-03 10:06:30,2018-01-03 10:31:37,2018-01-11 21:28:11,2018-01-26 00:34:59,2018-02-01 00:00:00
e0a7b1bed2f7b6ea6f1ad9fab878cb12,5a22e4dc8afde7131d997459f6f7f668,delivered,2018-06-07 10:04:52,2018-06-07 10:15:18,2018-06-08 13:05:00,2018-06-16 16:42:21,2018-07-16 00:00:00
660ad30c11df22cad81d8a3b30af6cee,847913f5809f26d34e7787f48094b934,delivered,2017-10-10 12:38:30,2017-10-10 12:56:38,2017-10-11 15:52:02,2017-10-13 21:21:35,2017-10-23 00:00:00
96a9765cb427c80f72baff2f4d04d4c4,c2f48b3a1886356993377760bf3dee5a,delivered,2018-05-08 18:30:25,2018-05-08 19:24:37,2018-05-09 13:54:00,2018-05-25 17:09:23,2018-05-29 00:00:00
d31eed7365397123a35f9730875d70e8,1647548f69137012f53c3519d78e16cd,delivered,2017-06-15 18:57:44,2017-06-15 19:10:20,2017-06-19 11:02:42,2017-06-26 16:15:50,2017-07-06 00:00:00
58ab05a43a2649047ae3906759cea594,f1faa32b3410658ccb5fde57eb7adc50,canceled,2017-10-09 06:06:44,2017-10-09 07:12:04,,,2017-11-03 00:00:00
1a8c121e292cdf1a297a0bfb45858d3a,d75765e4433ca2a2fc02df9f2714cb33,delivered,2018-02-12 16:32:46,2018-02-12 16:48:25,2018-02-20 00:28:50,2018-03-08 18:05:24,2018-03-08 00:00:00
a42283397a151200700834c740a51a37,09946d4f0a58f040f433d53139e2a2ae,delivered,2018-07-30 21:20:29,2018-07-30 21:35:18,2018-07-31 14:16:00,2018-08-01 20:54:44,2018-08-08 00:00:00
f962d2edc594dccae522feb6446d2104,1f843b666464a2b8e2f0c82b1f4ef82b,delivered,2018-02-26 19:24:25,2018-02-26 20:00:23,2018-03-12 20:25:50,2018-03-14 21:38:37,2018-03-26 00:00:00
f3f2e46eae87e5684cd1f5a61c7d0835,cf863328084a8370735e38ef92d26cb3,delivered,2017-07-15 15:26:19,2017-07-15 15:35:21,2017-07-18 14:32:55,2017-08-07 17:04:15,2017-08-16 00:00:00
21b0a5108bb56f3391fa2db965e76bd0,8799df7efa464aa364263bf7675925dd,delivered,2017-10-06 23:24:29,2017-10-10 06:33:12,2017-10-11 16:22:42,2017-10-18 17:14:40,2017-11-01 00:00:00
c6ab8a5c6fbd3bf57e9ad8407d950cc6,a9b0d1c26105279e1b8edc63d06bd668,delivered,2018-01-29 11:04:44,2018-01-29 11:21:15,2018-01-29 22:37:54,2018-01-30 20:37:59,2018-02-14 00:00:00
6f43cd0209ce17439e6932a20c573704,789df5e1338821d6e3630f9c0046b982,delivered,2018-05-06 19:56:37,2018-05-07 09:56:17,2018-05-08 14:04:00,2018-05-16 13:43:51,2018-06-06 00:00:00
5c4bd61f42ae0fc21608b9e9ff39c17c,64baca5927e11a97f2fce7ee92c007a4,delivered,2017-12-26 16:55:32,2017-12-26 17:08:02,2017-12-28 20:32:38,2018-01-04 20:26:58,2018-01-24 00:00:00
07c81434b5f46c9c3eacd48e60d50747,2a2a743c28a4ee5b08af934d5a1461a6,delivered,2018-05-09 13:23:16,2018-05-10 02:57:21,2018-05-11 15:13:00,2018-05-16 23:04:10,2018-06-01 00:00:00
f8924deb5600bb1368e603e9205e7949,bbe5c6efb24a5b834bf71fe19d436443,delivered,2018-08-07 20:13:54,2018-08-08 03:30:15,2018-08-08 14:11:00,2018-08-09 16:22:02,2018-08-15 00:00:00
316206d46dccc0cc43780adbcaa5de1e,c64d87fc485143ed638f208e0f0d861d,delivered,2018-03-17 18:59:33,2018-03-17 19:15:37,2018-03-29 19:56:47,2018-04-03 21:54:52,2018-04-17 00:00:00
c65c67add2c5125ad17f0a85f2c87264,2add78abf11b73bb35d230bb94bc3fce,delivered,2017-04-06 15:12:02,2017-04-06 15:25:11,2017-04-10 12:02:50,2017-04-17 08:09:52,2017-05-05 00:00:00
a6250b4996a823cd8718a16e9b955868,5e6f5bdc231a2698e2650ca0e5273fa5,delivered,2017-04-28 18:55:10,2017-04-28 19:45:12,2017-05-02 12:14:40,2017-05-12 11:23:54,2017-05-22 00:00:00
d55a3d635aefc15c1bf94b37a867c1c9,e5f708c9ec9a8f5a1ce6f17bcb1a6d7c,delivered,2018-02-08 07:04:45,2018-02-08 07:15:27,2018-02-08 19:28:36,2018-02-21 20:37:54,2018-03-09 00:00:00
51d70226d271148b34f0ae2a6aaef7e8,4cf578782ee091c527c27a22b558a5ba,delivered,2018-08-06 00:44:16,2018-08-06 01:04:26,2018-08-10 14:35:00,2018-08-17 19:08:40,2018-08-17 00:00:00
113e41a438f06ffae6d1857e01d60c45,8210d932dc0ae881df69bc694b290b7c,canceled,2017-08-10 09:31:59,2017-08-11 04:25:38,,,2017-08-24 00:00:00
d28b6e04966e316ea1b0bda721d70144,425f6c6bec6f98b846413490336033bf,delivered,2018-05-16 17:43:52,2018-05-16 17:58:22,2018-05-17 09:55:00,2018-05-21 18:37:46,2018-06-07 00:00:00
602647a4fb63e41a0a30d3f71ac47c22,e566033ca64ea81cbdba55b2e063c450,delivered,2017-11-24 21:55:11,2017-11-25 11:51:47,2017-11-28 18:10:05,2017-12-20 19:12:41,2017-12-22 00:00:00
f08ccdeee7a1ecd1ca57a7832f0ada4b,bf0554081e2306f697837b1fc43cfd27,delivered,2017-12-13 09:34:40,2017-12-14 02:14:22,2017-12-18 19:18:32,2017-12-29 19:16:15,2018-01-08 00:00:00
d19f9c665eb2f26335e4e69e5965a84f,a29dedbff456ef10995f11654ac33ef0,delivered,2017-02-20 08:35:25,2017-02-20 08:45:12,2017-02-20 13:14:02,2017-03-05 08:58:39,2017-03-23 00:00:00
7738754cace77285b4b13ce8ea5979cb,33ac5a0d983f8f8905499a9f926086f5,canceled,2018-01-03 11:37:39,2018-01-03 11:47:09,,,2018-01-30 00:00:00
bb5c56055a2362690b31944465465f8b,5c72a89f60c3aa1696568b6ad906cccf,delivered,2018-06-07 09:41:50,2018-06-09 02:57:49,2018-06-09 08:54:00,2018-06-12 20:12:30,2018-07-04 00:00:00
d2dbcdd27c3b2a5db7cdea48cc9d0161,28a9c5d02ad1d2409e37a524d3cdd5d7,delivered,2018-04-23 13:36:18,2018-04-24 18:14:36,2018-04-24 20:58:44,2018-05-04 20:58:48,2018-05-11 00:00:00
8254431b670580cb6a10dbd28a833677,99bbd0347ab66eebe6ae73753146c3d3,delivered,2017-12-28 17:39:31,2017-12-28 17:49:18,2018-01-02 23:09:22,2018-01-04 21:09:28,2018-01-24 00:00:00
d369d156735fab51bb2ef5c47e8d3e72,dfd9186730d5ae892dc2348afb9a2fdd,delivered,2017-11-15 10:24:49,2017-11-15 10:46:41,2017-11-30 18:23:42,2017-12-13 20:47:34,2017-12-06 00:00:00
b8376096f4d2956da3ab2e311c30c504,9c83f88a3081af618beeb2761fcc0b00,delivered,2017-07-19 12:12:24,2017-07-19 12:23:10,2017-07-26 19:51:45,2017-08-01 13:42:30,2017-08-10 00:00:00
ff7ea91a98e1590d290e99bcffefa149,278bfabeb5197c5674271cf529588fc8,delivered,2018-06-04 19:25:05,2018-06-05 04:12:51,2018-06-05 08:58:00,2018-06-12 18:48:48,2018-07-17 00:00:00
2aca6ae53d657c0a06f585816ca6781d,db11097c553077145c655a714f2ee1a8,delivered,2018-05-05 09:18:52,2018-05-05 09:39:02,2018-05-10 14:15:00,2018-05-15 21:08:50,2018-05-25 00:00:00
ad6ee9479111c0c9b69de241c98009df,268bd23c25246011c4cd8ab1af4153b8,delivered,2018-06-24 10:53:50,2018-06-24 11:18:25,2018-06-26 16:15:00,2018-06-28 18:16:30,2018-07-13 00:00:00
75e3a145a842715ed463a3a4ca34e489,8c2ab5cc22ab03b6c3adaa5f1efd5989,delivered,2018-08-14 23:12:54,2018-08-14 23:25:28,2018-08-15 11:19:00,2018-08-21 00:03:17,2018-08-31 00:00:00
61564e9addb1c6ffb1c964f076591618,42ed87227ff8fee413033011215654f6,delivered,2018-01-26 10:29:12,2018-01-26 11:00:42,2018-01-26 18:52:41,2018-02-09 21:04:56,2018-02-23 00:00:00
d29cafb654e73fca65371aec22d88ca8,fddf4e8ce2d30dd5bfc274713de9ff00,delivered,2017-11-03 18:39:33,2017-11-03 19:30:37,2017-11-06 20:17:47,2017-11-11 16:57:34,2017-11-16 00:00:00
155f9fd4b2578b90e33de62dee64002b,a61481c1a07fe859c6c47398b3c0f7ee,delivered,2017-12-29 12:41:17,2017-12-29 12:52:26,2018-01-02 19:06:13,2018-01-09 22:29:28,2018-01-31 00:00:00
b82334e399ad815225d7d781a906714b,3d798802212f9299b50786d192429d44,delivered,2018-07-30 08:36:51,2018-07-30 08:45:09,2018-07-30 14:17:00,2018-08-02 18:31:46,2018-08-09 00:00:00
5396a52ab4998b4d8ccb51b73cbc35d1,b09dfc21c8731d3d08e35c06c4992922,delivered,2018-08-25 11:15:44,2018-08-25 11:25:20,2018-08-27 15:23:00,2018-08-30 23:20:50,2018-09-11 00:00:00
c982662d7a005d0eff5dbdbe69a0167f,602d4f18320e031d0d77c00d68310482,delivered,2017-12-08 09:22:04,2017-12-12 03:57:30,2017-12-14 20:33:26,2017-12-17 17:59:06,2017-12-27 00:00:00
06be68018b6226b425f2a633f053b282,4045caa812fa51b7ccdfa20437d66c10,delivered,2018-01-14 10:14:35,2018-01-14 10:29:48,2018-01-15 22:43:00,2018-01-31 15:04:08,2018-02-09 00:00:00
ebdda80942c80aa56b15e26ebf8211ed,f317de5860d74365af224a7a2c19bb85,delivered,2018-02-11 10:44:21,2018-02-12 09:07:53,2018-02-14 21:13:31,2018-03-15 17:02:47,2018-03-06 00:00:00
d54ac520ded2abbe3b4ada40dfdecc96,8c979502cb6ef853b6fe0d0bba1bd183,delivered,2018-08-16 13:36:10,2018-08-16 13:50:15,2018-08-21 14:39:00,2018-08-23 23:22:06,2018-09-05 00:00:00
8f8e380dbdb2877ac4a3f814a564b4a2,2850ef646d59b526f9bc0b08588490f1,delivered,2018-02-01 16:41:03,2018-02-01 17:31:30,2018-02-05 13:09:07,2018-02-14 21:53:16,2018-02-23 00:00:00
80dbbd6f2282898dbf912a2ec668175f,b6abf1bfc44b9480d8c0f06c3d7ddcdb,delivered,2018-04-03 13:25:35,2018-04-03 13:48:55,2018-04-09 14:05:13,2018-04-18 23:22:45,2018-05-07 00:00:00
6171832455ac3fe3e62f97359da15c2b,5c4d4a1a0456e72cc4f9f21754f9a952,delivered,2017-10-10 10:07:47,2017-10-10 10:27:02,2017-10-25 20:26:32,2017-10-30 20:36:47,2017-11-08 00:00:00
8ed8d60cc2df2b29e93a93ec47189c07,cf0304dde7ffc7558549d28bfd192416,delivered,2018-03-27 16:50:06,2018-03-27 17:11:22,2018-03-28 19:31:51,2018-04-03 12:16:29,2018-04-18 00:00:00
5f6ff645a46107b55fd2cfe055bcd276,fff675a0d5924b9162b4a1bf410466cd,delivered,2017-12-06 12:51:27,2017-12-06 13:12:27,2017-12-08 00:48:03,2017-12-20 23:55:46,2018-01-02 00:00:00
5ea9580b57597d44cf5700e11f2296c2,4ebe564ad0481e91f493cf2970391c4b,delivered,2017-09-03 14:44:47,2017-09-03 14:55:19,2017-09-14 18:32:28,2017-09-22 18:58:47,2017-10-09 00:00:00
731f1b5ebfacba1715ccc2efb20d50b0,a60e479a3fc936109dc7eec87f4bcfd6,delivered,2018-04-04 14:44:22,2018-04-04 14:55:25,2018-04-05 01:22:12,2018-04-14 16:28:38,2018-04-26 00:00:00
73c21d26eefa3d24be02a149b9e69017,6b6659a060f8afbe76a660d091ebb6bf,delivered,2017-12-18 12:06:57,2017-12-18 13:13:41,2017-12-20 19:28:35,2018-01-04 23:26:20,2018-01-17 00:00:00
da9e071e6f18a649211bbb97bd81380c,2fa11230a389b7ef6637dd9d757ee48c,delivered,2018-07-12 08:16:55,2018-07-12 08:30:19,2018-07-12 15:28:00,2018-07-13 20:28:31,2018-07-20 00:00:00
627ec9d00157748602229c9b1d3a4446,76a61749450270bd3bd515f23c3dd422,delivered,2017-08-29 16:05:03,2017-08-29 16:15:57,2017-08-30 18:04:48,2017-09-06 17:04:05,2017-09-19 00:00:00
a9d1327838b1c183fc288f0d2bf23d32,23e9a05c114b1513d55e235a93d8a6e7,delivered,2018-08-12 10:41:48,2018-08-12 10:55:11,2018-08-13 13:07:00,2018-08-14 20:07:36,2018-08-16 00:00:00
9c7d732e52bedefceae52e7c45d13861,64c0c7fdf044117b84595a354a854c2f,delivered,2018-04-10 09:24:25,2018-04-10 09:35:14,2018-04-11 19:14:45,2018-04-25 15:54:29,2018-05-09 00:00:00
77ca435b03fbf991e5027e3776e37885,c7c94293f2433a2421bc2dbd8cd23ee6,delivered,2017-09-01 18:49:54,2017-09-13 21:56:08,2017-09-04 20:50:00,2017-09-30 17:33:43,2017-09-26 00:00:00
41ce37ddfe9f8781e7ac936e4e7c6100,1f612df0d03085cac4b2ce8121d8dfd3,delivered,2017-04-07 20:18:18,2017-04-11 03:42:18,2017-04-12 15:45:29,2017-04-20 10:48:43,2017-05-17 00:00:00
61af52f7cc6266b9aead2cc464aa48f0,1dbb8fce4549ead4076d9146e9da0fe8,delivered,2018-06-04 18:34:20,2018-06-04 18:50:27,2018-06-05 15:40:00,2018-06-08 22:26:31,2018-07-05 00:00:00
5f2f36a9d5be0e9e97a5b412f4519ba6,a8d52f19d49fa80048b9ac0065565fce,delivered,2018-03-30 18:56:22,2018-04-03 05:15:28,2018-04-05 21:38:30,2018-05-08 16:06:32,2018-04-25 00:00:00
089842dfdfa1f3826df7d96896c49653,efa6cb1d947d612aa6e8e0b2068de9cf,delivered,2017-12-12 13:21:01,2017-12-12 13:30:10,2017-12-13 19:32:56,2017-12-20 23:12:04,2018-01-08 00:00:00
ed97636c23f94768f347b01d4ba20e64,631197db2a25d8b37847b8c7e8c7a999,delivered,2018-08-15 21:29:08,2018-08-15 21:44:15,2018-08-16 14:09:00,2018-08-20 20:45:50,2018-08-30 00:00:00
ce36e42594655aedf39e28e6b2672d95,4cf6d50ca478c8ddc6eed2cd0ef52c95,delivered,2018-02-09 23:47:29,2018-02-12 11:30:30,2018-02-15 11:48:49,2018-02-28 23:27:59,2018-03-08 00:00:00
60c484e55dcb7815f7be74c8018560ca,dd0710ec4e940dd8fea9c6c0f844553a,delivered,2017-08-02 17:06:14,2017-08-02 17:45:14,2017-08-04 20:43:58,2017-08-07 21:47:41,2017-08-15 00:00:00
87dbf4b3d9d6755f19edef737a4dc0f9,0413010c14c0551c7377780fef01eaf5,delivered,2017-08-04 11:25:41,2017-08-04 12:03:32,2017-08-08 15:20:17,2017-08-22 16:52:23,2017-09-11 00:00:00
384588323436f6d2ae1474b58844eccd,bcdaaf03c35d4831e636e8ddec748ba9,delivered,2017-08-26 17:07:17,2017-08-26 17:24:36,2017-08-29 15:49:12,2017-09-04 17:52:55,2017-09-19 00:00:00
e18b4a84f64ce180b70885a19068e6fa,878c66c9ba46232f0c5f137801321873,delivered,2017-05-28 15:50:32,2017-05-28 16:02:33,2017-05-29 15:44:58,2017-06-05 13:06:01,2017-06-20 00:00:00
792bdd812e278bfca0ea7699d5f25bb3,ea0530a3fa098e811ba50170b74226eb,delivered,2018-01-01 18:29:33,2018-01-01 18:47:14,2018-01-03 17:38:52,2018-01-16 18:52:42,2018-02-06 00:00:00
8618ddd10efab313eb126df40eee1299,f22b0df1b7a5bae93a61acc0a0029488,delivered,2018-05-15 07:26:00,2018-05-15 07:55:12,2018-05-15 10:42:00,2018-05-21 11:19:42,2018-05-29 00:00:00
2b46723e0416af4c04c758c77bbf9279,4ad62a046c967ad05f4f28dcb8e33bff,delivered,2018-08-02 22:07:38,2018-08-02 22:24:21,2018-08-03 15:10:00,2018-08-08 19:21:42,2018-08-13 00:00:00
8b68aaf14ef89066544494482aa5569c,19630b8530fb2711790f0d00f435d66d,delivered,2018-06-16 18:45:14,2018-06-16 19:17:54,2018-06-19 12:47:00,2018-06-30 14:39:06,2018-07-19 00:00:00
07a75ef36022ad882d61416543b23c54,d79b1235f2ab79150ac8dc5f33d3a814,delivered,2018-05-15 15:06:32,2018-05-16 03:15:06,2018-05-17 12:43:00,2018-05-22 13:04:14,2018-06-04 00:00:00
ab22c4691e6a8528923de7a0b4236b70,b1d5ccfd919c53dd0e117398c5015638,delivered,2017-06-18 16:13:28,2017-06-18 16:25:10,2017-06-21 18:17:48,2017-06-25 10:02:54,2017-06-30 00:00:00
ab0b62c13f913450d354ce7a44cd4b24,06665c03fe91dc717e53e8316090ca07,delivered,2018-02-13 11:59:17,2018-02-13 13:10:24,2018-02-14 16:04:12,2018-02-22 19:59:14,2018-03-09 00:00:00
f2c9428d2c7720cb4e9f2a9634673ce6,80825fac1b288cd8a58c4ae40c66a821,delivered,2017-10-22 10:17:43,2017-10-22 10:28:11,2017-10-23 21:32:06,2017-12-27 21:06:58,2017-11-10 00:00:00
3abe5553bbe141a3f81101924fa4858a,e227abaff73cf9f8e950b4f99e748988,delivered,2018-03-12 12:31:35,2018-03-12 12:48:35,2018-03-13 17:26:21,2018-03-21 19:32:54,2018-03-28 00:00:00
a50b31b881b695923b9ebb3685cf9684,3f38d8f8cd7cc75d534760b1d9b32f4c,delivered,2018-03-11 18:29:19,2018-03-11 18:47:30,2018-03-12 17:26:39,2018-04-11 20:58:33,2018-04-03 00:00:00
a5dfd2f42a4f9d9def13d24ef5f115f9,30427394251a2e72e8fe1e5d8a5e6c7c,delivered,2017-11-05 16:28:49,2017-11-05 16:46:25,2017-11-06 23:12:58,2017-11-17 16:58:34,2017-11-30 00:00:00
16f5d43fc682f80395261d23aad13114,3bc78aa00882a8b09310c88ab771333d,delivered,2017-08-31 17:01:23,2017-08-31 17:10:19,2017-09-04 13:14:56,2017-09-05 17:03:03,2017-09-15 00:00:00
61c3c1cdd42ccd14931a2fe11d77e2a7,b6113cb31237fc5caac3837be20c02ae,delivered,2018-07-30 10:37:15,2018-07-30 11:31:21,2018-07-31 12:46:00,2018-08-04 17:51:38,2018-08-17 00:00:00
570065bfd340aecea7e2c960ec530b6f,0c3f9fbb8f56db0aa2128edf30ebe544,delivered,2017-12-01 15:39:48,2017-12-01 16:00:20,2017-12-05 01:03:01,2017-12-12 22:57:51,2018-01-08 00:00:00
db7374d1f9c8965e0fbbc1fd1cc916fe,cfde53fd036308dba103823ba561b885,delivered,2018-08-14 17:38:24,2018-08-15 03:15:16,2018-08-16 11:54:00,2018-08-21 17:08:32,2018-09-14 00:00:00
64eda0ddd4c0dcc05341af6172589c9a,c5013a85563e8c9067c4efc8f1195bc7,delivered,2018-03-15 01:35:02,2018-03-16 02:20:19,2018-03-16 22:54:33,2018-03-22 17:24:59,2018-04-09 00:00:00
711448d92de73f19d31cda282f5c0f7a,16df532b7f39f745709bbdffb7a3eeae,delivered,2018-01-18 18:49:46,2018-01-18 18:58:20,2018-01-25 20:42:54,2018-01-30 20:21:17,2018-02-21 00:00:00
418f0357219acb197a035fe8a48572c4,39be9617ad2eb9e08065ef43a4e3bfbf,delivered,2017-09-06 18:36:43,2017-09-06 18:50:14,2017-09-08 19:46:31,2017-09-14 19:38:48,2017-09-26 00:00:00
be3c8bb29cd71c677715c8c0a8cf44bf,b2d6048bb51a60ba0cfa8686ab18fb2e,delivered,2017-08-25 14:16:33,2017-08-26 15:45:38,2017-08-29 15:54:07,2017-09-05 15:54:01,2017-09-27 00:00:00
38e47cf95d95719dfbececfd1cfde0cc,32bb2b4ece47b57042dc4c883537f705,delivered,2017-10-31 19:39:36,2017-11-01 19:31:11,2017-11-03 22:17:35,2017-12-01 21:12:02,2017-11-27 00:00:00
d63ca971879bcbc2bc28cb2b4a8d1c52,927f0faa2744e1cdf9e41f695584615a,delivered,2017-10-27 17:42:13,2017-10-31 04:15:26,2017-11-01 19:37:47,2017-11-07 18:38:41,2017-11-17 00:00:00
3e87545e66b02b3858e6e252413b1b8f,a43d606a2cf881c1bf8d76847f144d6e,delivered,2018-03-09 12:20:45,2018-03-09 12:35:23,2018-03-14 17:45:21,2018-03-28 20:42:23,2018-04-12 00:00:00
88aef6eed6c5cf608b6e57b402ca30ca,7ac6d2ac9e318ec647bf58a9049707b2,delivered,2018-08-22 13:02:19,2018-08-22 13:10:23,2018-08-28 05:41:00,2018-08-29 04:52:45,2018-08-31 00:00:00
142eeba51d5c51103a3b3ce464e022ed,9f37cf36f568771b31e34c57a123729c,delivered,2018-01-24 21:01:11,2018-01-26 03:17:27,2018-01-31 23:28:43,2018-02-14 22:57:31,2018-02-26 00:00:00
dc5ba59adf78a3c3f5707f5bc83ca234,c3d05702d44a5599ca7993d584b4fcb7,delivered,2018-02-19 08:23:36,2018-02-19 08:35:25,2018-02-20 19:34:52,2018-03-14 13:14:40,2018-03-09 00:00:00
d4a443b2282d626f6ce4341acaf39349,5edfb06f5b632f7966d6fa116f529743,delivered,2017-02-16 10:39:33,2017-02-16 10:50:16,2017-02-17 10:30:35,2017-03-01 18:48:13,2017-03-21 00:00:00
72e93009f1735bbd1de92c45ec1fe3c5,3276e938808e31ea43a1fab43dda3707,delivered,2017-09-20 08:59:41,2017-09-20 09:15:12,2017-09-25 17:07:49,2017-10-05 11:51:54,2017-10-09 00:00:00
23596e6832498c8de23143a595a7dac2,87cb2614dd16fcca86933e35d15da4df,delivered,2018-05-01 19:13:43,2018-05-01 19:33:46,2018-05-02 14:15:00,2018-05-10 21:22:00,2018-05-29 00:00:00
de821e662179b99c81c5b431a03e16b4,b57f3022f059774a77bd38b3b99288a6,delivered,2018-08-08 11:29:55,2018-08-08 11:45:22,2018-08-09 12:15:00,2018-08-14 17:02:35,2018-08-24 00:00:00
827c335f35a0906e59bf916172a0ee83,74c07917bc496c2218310d61c8f15535,delivered,2018-02-05 19:10:58,2018-02-05 19:30:44,2018-02-06 16:26:58,2018-02-16 20:29:15,2018-03-01 00:00:00
f86c5ed7048ac10eb88ec21c00f71892,5aa9e4fdd4dfd20959cad2d772509598,delivered,2018-02-07 11:36:42,2018-02-07 11:55:28,2018-02-08 17:46:32,2018-02-26 12:42:54,2018-03-06 00:00:00
494f99ef42110a8d40dc585b177f2151,c37938b10e5cd1cbbd5cbce1b6563f92,delivered,2018-08-09 13:10:43,2018-08-09 15:05:18,2018-08-10 11:32:00,2018-08-11 14:51:39,2018-08-15 00:00:00
c3e200f75866c36eca7ac2845f819bfb,09eabd495689fce0ed536d807c1cdc0f,delivered,2018-03-14 16:18:26,2018-03-14 17:20:25,2018-03-15 14:56:53,2018-03-20 14:16:47,2018-04-02 00:00:00
b22d306e18b3b665d49f2ce7d060742e,2abf58739c3d54ee365a1e45045d593e,delivered,2017-03-22 17:33:15,2017-03-22 17:33:15,2017-03-27 12:07:47,2017-03-31 12:27:17,2017-04-19 00:00:00
c9e7721790d06c21ff6fcd2dee7a2f73,ac54eabad353ecdbd32b0d554d99f411,delivered,2018-07-04 20:23:40,2018-07-05 16:24:41,2018-07-05 08:39:00,2018-07-06 14:36:52,2018-07-17 00:00:00
4f8a45b73cb600764365a0b6cdff299d,c94f7091c75c2bf2aa4adba866d905d6,delivered,2017-11-11 18:24:10,2017-11-11 18:46:22,2017-11-14 16:18:46,2017-11-16 19:07:40,2017-11-27 00:00:00
ea5a5e11ad8f97f731325b326cc2f3e5,7536b44a83b05083df3c3834d161b373,delivered,2018-02-18 14:26:06,2018-02-20 07:15:24,2018-02-21 21:05:03,2018-02-24 16:18:34,2018-03-06 00:00:00
c79c732612d7d2041da78796e91baeac,a0ee7f1932f56d7da78ac20e2369ca48,delivered,2018-04-16 11:48:22,2018-04-16 12:10:42,2018-04-17 20:02:38,2018-04-24 17:36:53,2018-05-18 00:00:00
f5f9b2298eb1b5126208f40190004bff,9d048e6eac3f6f3d1ccdf8a0f05c1f46,processing,2017-05-07 10:16:52,2017-05-07 10:30:12,,,2017-05-31 00:00:00
92b6dcbe80525761dcdfe87e9acf0ef8,7c3715aad2d3c90ddbd0d60a1d2145e6,delivered,2018-05-05 16:05:44,2018-05-08 04:14:47,2018-05-08 14:31:00,2018-05-14 13:58:54,2018-05-28 00:00:00
9675440ebf61a1a3482cc6308e3ebd28,9597de20c8b55d0f22dcc26fdaa6b2f1,delivered,2018-08-18 23:35:23,2018-08-24 22:05:08,2018-08-27 16:14:00,2018-08-28 17:37:30,2018-08-23 00:00:00
f5c40d2938c1fc36a6f2b7adfec50895,16121d3a98d220d269b7e7dae429247d,delivered,2018-03-18 10:04:56,2018-03-18 10:15:29,2018-03-19 17:32:06,2018-04-12 17:41:53,2018-04-06 00:00:00
ad94c35c2f62d4f94bd3fd352ae922d6,57d4221724762dfb53fd74d97a559cb3,delivered,2018-03-07 13:22:41,2018-03-08 14:29:01,2018-03-10 00:58:34,2018-03-16 00:56:46,2018-03-28 00:00:00
ef94e1ff9bb30d81e5e8c9bf9527bc16,a4ea03c203b0467d7018e9ac8226245a,delivered,2018-05-15 16:37:25,2018-05-17 07:15:41,2018-05-17 13:58:00,2018-05-22 11:33:48,2018-05-30 00:00:00
d5fb6c4b88ed9fecd56a1debfa28c295,fc863051c57ac15a26bf186abb4bbe46,delivered,2018-03-06 14:04:15,2018-03-06 14:40:28,2018-03-08 18:28:44,2018-03-28 23:11:10,2018-03-22 00:00:00
8d8dd87b61b3fb82a68af8b3c890764f,d17442d5eaa091438ffd783d15353526,delivered,2017-06-11 18:08:21,2017-06-13 04:10:15,2017-06-19 16:36:37,2017-06-26 14:59:52,2017-07-13 00:00:00
5256aac1d939c4bbc931cc7c1c78a419,cf69cc8de5f38d6fe0865a39d4b35fcd,delivered,2017-08-12 22:34:09,2017-08-12 22:45:12,2017-08-15 14:43:59,2017-08-17 15:54:16,2017-08-28 00:00:00
fb04716648402d4fd6f8158e51779fa8,d85a1facca20ed298fa0936c7af6e7e4,delivered,2017-03-29 09:07:20,2017-03-30 07:35:08,2017-03-30 17:44:38,2017-04-04 14:22:52,2017-04-20 00:00:00
07d08b17b3bcb01de09f8306ee0c32ca,6c1dfcf79167f6eaa51ee9740c7229bb,delivered,2018-03-17 18:48:10,2018-03-20 03:10:37,2018-03-21 18:51:44,2018-04-05 17:56:33,2018-04-09 00:00:00
18ba3d012aee2a0c106807bff9be53c5,3de6e3e6c40629fc73a0e3727bab4622,delivered,2017-10-08 02:05:56,2017-10-08 02:14:10,2017-10-09 19:30:21,2017-10-13 20:45:47,2017-10-31 00:00:00
c37d41945512f0cfbcdd0f085bbd04d8,f4e2bcb516a63a0b3cf24b4c94ee2209,delivered,2018-07-13 14:58:58,2018-07-17 04:32:27,2018-07-18 15:00:00,2018-07-24 20:16:55,2018-08-02 00:00:00
6283390bac4a84f53bb0b7bccd69a4c2,d1ccf8bb54d846b3d81f2705c8e05afb,delivered,2017-11-27 16:35:18,2017-11-27 16:50:17,2017-12-04 21:09:30,2017-12-08 00:09:22,2017-12-15 00:00:00
eb5259e33530b732f251ee44091c75d6,1a1ebdbe93ebb62481b542e0b55d8624,delivered,2018-03-22 18:44:31,2018-03-22 19:31:52,2018-03-23 16:48:52,2018-03-29 14:17:07,2018-04-04 00:00:00
0f6fb6d733b3a9e800c8aa92abf81584,fe790c996b162e9fb690b54ca141f061,delivered,2018-02-07 11:57:29,2018-02-07 12:10:38,2018-02-08 20:12:38,2018-02-10 09:56:43,2018-02-23 00:00:00
f3ee55bf50ef2f2318599425ef80107d,828a9b9f129a8b103ad146559a75d4c6,delivered,2018-08-17 16:53:17,2018-08-17 17:09:40,2018-08-21 13:57:00,2018-08-28 17:24:48,2018-09-04 00:00:00
9c94a4ea2f7876660fa6f1b59b69c8e6,22e922696a7d1ab9a19c6b702fedc387,shipped,2017-03-14 19:23:22,2017-03-14 19:23:22,2017-03-16 14:31:15,,2017-08-04 00:00:00
8da91385fe6a54610be44f0bc8da44b2,40697e315a82521b6872e4bafe0ed122,delivered,2017-05-01 20:08:37,2017-05-01 20:22:21,2017-05-02 08:10:59,2017-05-15 11:36:08,2017-06-06 00:00:00
e6025a47a96bbe025dbef66fe043a310,7c4eb97cc786cd7b33980a0c1183989c,delivered,2018-02-02 09:44:03,2018-02-02 09:55:33,2018-02-06 01:41:52,2018-02-21 13:15:55,2018-03-07 00:00:00
707f34ee0f8e9986054ee1c01868dc9e,71df09adbf0c0596daad8db41fc45bb7,delivered,2017-04-10 21:00:21,2017-04-10 21:10:15,2017-04-11 15:50:09,2017-04-20 17:24:34,2017-05-11 00:00:00
7dfd72bed82d922fdde7a5c897353932,b24e9a085795defa18ff35f0674cc63f,delivered,2017-06-08 20:23:52,2017-06-08 20:42:43,2017-06-09 14:38:02,2017-06-19 20:37:50,2017-07-05 00:00:00
cd7d3f3c6078491ea7af392d220f9d4a,1efb01c07b190bc1e6473cff87dd480c,delivered,2017-07-23 23:42:41,2017-07-23 23:55:13,2017-07-26 13:07:46,2017-08-04 17:56:39,2017-08-25 00:00:00
b69baf52ffd3819be034752ff929ec1e,2db3e03b1db3a836ed63120f3ce8e362,delivered,2017-04-17 22:53:43,2017-04-18 21:22:23,2017-04-19 13:18:07,2017-04-27 06:05:58,2017-05-10 00:00:00
5290363ff55b49b6310cf80238d88572,4afc4f88793055af8ce03353b9b2d61a,delivered,2017-09-19 21:14:55,2017-09-19 21:25:39,2017-09-21 15:13:03,2017-09-27 21:38:55,2017-10-06 00:00:00
1963469800c298aa309f11cd40138411,2ae3c4ea3ec94a886974531fbd37faf8,delivered,2017-11-24 22:48:21,2017-11-25 01:52:33,2017-11-27 17:52:30,2017-11-28 20:46:40,2017-12-08 00:00:00
1daef9cebfe701d5500c5ce43a271165,79ff2869fac443ef6347d6ca410561b7,delivered,2018-07-17 12:33:49,2018-07-17 12:45:10,2018-07-27 14:10:00,2018-08-01 11:51:41,2018-08-16 00:00:00
50021fe1c383504485a0b12adcee0765,56c808c1dd74f671f4170b03666749bb,delivered,2018-07-20 13:46:24,2018-07-20 14:50:18,2018-07-23 10:57:00,2018-07-26 20:42:14,2018-08-13 00:00:00
e9b4ff9ff0820c3866430daf263c4097,b98d7e02571e731227808ba5ce9a0adb,delivered,2018-05-05 21:30:00,2018-05-05 21:50:40,2018-05-07 14:23:00,2018-05-14 18:19:36,2018-06-01 00:00:00
ad9281842627509a55b3ec05be4588a2,b4faf9e670c15cb98e54e45907d46698,delivered,2018-08-08 18:28:17,2018-08-08 18:44:56,2018-08-13 15:27:00,2018-08-14 16:10:52,2018-08-16 00:00:00
7005da65f15cb4565505a05bbc8dee3e,a5fb67a73080413aa8305238a00b0440,delivered,2017-06-22 22:30:56,2017-06-22 22:43:20,2017-06-26 15:46:33,2017-07-05 16:03:50,2017-07-18 00:00:00
047250e11ece4201a2083bc3b62866bf,c3d50bc4ad064591467c0b454d018a14,delivered,2018-08-11 16:41:43,2018-08-11 16:55:32,2018-08-17 15:54:00,2018-08-20 22:02:54,2018-08-28 00:00:00
4b543d559cb1d860ec4c814807001093,d24b43d7e710defda63c9bdcce01aa57,delivered,2018-02-28 11:49:03,2018-03-01 02:50:37,2018-03-06 17:41:57,2018-04-14 19:27:44,2018-04-04 00:00:00
8a8fe42973aacdf0b83fb915d722aac6,5e9a195cbfedf459a7015c36bb7662d2,delivered,2018-06-22 07:42:57,2018-06-26 04:59:17,2018-06-28 13:59:00,2018-06-30 16:44:37,2018-07-12 00:00:00
2e1f4c38207ae1b8011bbbfa7b96c34e,6ec737589d78aea094fca5cb4cc17760,delivered,2018-07-08 11:51:23,2018-07-10 04:30:23,2018-07-10 15:37:00,2018-07-13 16:58:37,2018-07-27 00:00:00
0e0b2c3867ebecdb54f64e443e7f1921,8cb3cf719a82ef35da063198b29ae4a3,delivered,2017-11-06 14:37:36,2017-11-08 03:50:21,2017-11-10 20:28:33,2017-11-23 15:04:51,2017-11-30 00:00:00
6533c16ee10d26ec8e66602b6537496b,6a27915065062b0198e238306557f2a7,delivered,2017-11-29 17:43:48,2017-11-29 18:14:37,2017-12-04 22:26:59,2017-12-28 14:17:32,2017-12-20 00:00:00
7b6b4f3f9ceec2248dad997d2f53650e,a457aae7193e4218a13c99e0130bbcc6,delivered,2017-03-10 10:04:34,2017-03-10 10:04:34,2017-03-17 14:57:56,2017-03-23 16:13:21,2017-04-05 00:00:00
539f8cabdc5c85e2f451197749a96753,2d49987c2ebfdfd518cb64ad1d380083,delivered,2017-02-13 22:48:58,2017-02-13 23:03:15,2017-02-21 13:59:01,2017-03-01 09:21:29,2017-03-13 00:00:00
bfb25d3267628ed460c643f20b5c19d7,0c65732c3188ecbb459118b999d18813,delivered,2018-04-16 17:26:59,2018-04-16 18:51:50,2018-04-19 19:48:23,2018-04-23 18:18:44,2018-05-04 00:00:00
a76096ddae15d50a36d7cf86823a2c7e,3699fa49d2f6ad3f0b7fe0f869c5ec3b,delivered,2017-11-29 11:41:59,2017-11-29 11:52:05,2017-11-29 20:52:57,2017-12-06 12:19:00,2017-12-22 00:00:00
87d439e33701be5b1e607849115ebf5b,0b683a7e42b6c883d715590590b5f986,delivered,2017-12-17 12:00:08,2017-12-17 12:10:27,2017-12-18 22:42:22,2017-12-28 21:33:01,2018-01-18 00:00:00
1af064a7e948651d963cb35703ae3a55,8c82fcad8a2673433cd9d9457bf683d6,delivered,2017-11-28 09:58:19,2017-11-28 10:15:17,2017-11-29 21:12:27,2017-12-01 23:24:27,2017-12-12 00:00:00
dccb282b858f9b481824964de4cda528,993d3aaa8f72c48c09cfe10946eb7c6b,canceled,2017-08-25 19:10:57,2017-08-29 04:26:12,,,2017-09-20 00:00:00
00d85bfe0e28c91b69d0fe1f29255a31,3441b9aa98014569ee95cbff82a03abb,delivered,2018-05-09 10:52:37,2018-05-11 03:37:28,2018-05-11 14:00:00,2018-05-16 12:08:33,2018-05-30 00:00:00
4cdbc55a42adf395b1997dae797c948e,16908dccb5eaea1e14486410fc65227a,delivered,2017-03-29 19:43:49,2017-03-29 19:55:21,2017-03-31 11:03:47,2017-04-04 14:05:24,2017-04-25 00:00:00
0830fb3429c4807bd185a32fe5241b8a,2e5a6dab193ae7e25a8fffde134d7035,delivered,2017-12-12 20:21:26,2017-12-12 20:32:27,2017-12-13 18:18:59,2017-12-30 09:37:18,2017-12-29 00:00:00
a0daabdea9da78312042ebceca34cb21,be6570b98044034f16453eb8281ffa08,delivered,2017-09-11 11:00:24,2017-09-11 11:15:35,2017-09-11 19:52:41,2017-09-19 17:17:15,2017-10-02 00:00:00
60f7dee462ea29c73d75c9dcccf5d870,41ce6b8924d1d2850730a60910da0dff,delivered,2018-06-15 07:32:22,2018-06-15 08:00:16,2018-06-15 07:00:00,2018-06-21 17:56:54,2018-07-19 00:00:00
79847bdf9821dfcc7a036271d0c6044b,ba800c3db2f86dbeddfb9824aa2b35ac,delivered,2018-07-05 09:14:52,2018-07-05 16:31:21,2018-07-05 14:19:00,2018-07-06 17:41:50,2018-07-18 00:00:00
27ba5b776eb297cc91015bae7bce34d0,b12c5e5e31a5b8f0035560c564330dce,delivered,2018-08-10 09:23:52,2018-08-10 09:35:19,2018-08-10 13:44:00,2018-08-11 17:43:31,2018-08-17 00:00:00
f40b59109981de2b6d38eb4f42033102,eae6293ed6ddcdc7ef90d2b130dc2dc4,delivered,2017-12-04 23:01:39,2017-12-05 10:30:48,2017-12-08 16:25:00,2018-01-10 14:43:15,2017-12-28 00:00:00
a0f30b638e44675ada177c07064b96b4,334bfd69f2b3792809da9d569bf08513,delivered,2017-06-25 01:01:22,2017-06-25 01:15:15,2017-06-26 13:09:26,2017-06-30 17:18:29,2017-07-07 00:00:00
5e6032de9f8c94b21aeeb5dcdaed8773,a1dc65142f28a33582c7fcc1cfa106f6,delivered,2018-07-21 13:57:20,2018-07-21 14:05:12,2018-07-23 16:29:00,2018-07-27 19:48:37,2018-07-31 00:00:00
a0e0ab62ae4f2dad1ca6f19103dba9a6,fca319b6b92302ac722e396bdb30072c,delivered,2018-07-21 23:54:30,2018-07-24 11:31:55,2018-07-25 12:32:00,2018-07-28 19:12:42,2018-08-10 00:00:00
64290a4b47a64cedd4ba0070cc9503aa,090d37a5171ef833ac48302f4170449d,delivered,2017-08-31 20:38:35,2017-08-31 20:50:13,2017-09-01 19:21:22,2017-09-04 12:24:49,2017-09-13 00:00:00
d2fd6afcbebfee356931bf32f9f67e0f,b59be200e00aafa29fb69074ab23764a,delivered,2018-01-24 17:02:14,2018-01-24 17:24:32,2018-01-26 15:42:01,2018-02-08 18:28:52,2018-02-20 00:00:00
cafe1030b50f6fbe232a1532e95c89a6,5736944f51ca2a7e68fa3180b5b499da,delivered,2018-02-19 16:50:58,2018-02-19 17:55:41,2018-02-22 00:50:35,2018-03-19 22:46:39,2018-03-09 00:00:00
0ab72bab67e4b9af0dfc369356d70202,3b408c6d257435c14b05234d711d37c5,delivered,2017-06-04 14:44:30,2017-06-06 13:35:47,2017-06-07 12:40:53,2017-06-08 15:13:38,2017-06-20 00:00:00
1a555b0344dc27a6cc184ba866597cde,e5075ce7c5fc8ee90cf95860a8ae672c,delivered,2018-06-25 09:19:01,2018-06-26 19:03:56,2018-06-28 10:00:00,2018-07-04 14:02:59,2018-07-26 00:00:00
789224c8d5447b2a3ae06a6c2ec5258d,f22efcfde958e9cef65281737498de96,delivered,2018-07-06 18:48:14,2018-07-06 19:11:10,2018-07-10 12:44:00,2018-07-11 23:36:36,2018-07-19 00:00:00
6183f38e839216bb09839ecf933ac1dc,53da475e7b18f251e52a3e0ebcc27b7f,delivered,2017-05-22 12:19:17,2017-05-23 06:35:17,2017-05-24 10:45:08,2017-05-31 10:33:00,2017-06-16 00:00:00
04a5e3a44cf4310b56f1a18f38f103e6,bcae9ddbea097677bef7b6857d0afb1a,delivered,2018-01-19 03:33:15,2018-01-20 09:09:15,2018-01-22 19:38:34,2018-02-01 15:55:39,2018-02-09 00:00:00
9a75fbfdd0e2d8c9285edc0b65879551,4261d379abbe3b24d286307899f081c8,delivered,2018-05-06 22:05:59,2018-05-08 19:34:59,2018-05-10 14:27:00,2018-05-15 01:42:49,2018-05-25 00:00:00
b8b755f4dbfb058b20c5c4ef662ddc9f,36d53e516a44e61c73a33f25619f1980,delivered,2018-04-04 16:43:47,2018-04-04 16:55:35,2018-04-10 21:21:07,2018-04-18 12:12:53,2018-04-30 00:00:00
9d19b33124e905478b868d1eb916a01a,b11668de4b31ae737a17321c8bd45876,delivered,2018-03-20 15:49:21,2018-03-21 02:55:57,2018-03-21 22:24:40,2018-04-09 19:04:12,2018-04-06 00:00:00
280ff9719796edf37dcfaf1e71d58d5a,aeafb94a2554136cb6df64ce7c78f7c6,delivered,2018-06-13 09:22:10,2018-06-14 02:57:14,2018-06-14 13:06:00,2018-06-21 18:06:39,2018-07-13 00:00:00
110396a9377e9e761e5e14482b0221f2,43685f44d23b58da6ceceed8b9ccb415,delivered,2018-03-07 09:01:59,2018-03-07 09:15:35,2018-03-08 15:41:58,2018-03-15 00:22:34,2018-03-19 00:00:00
22d42b325ae456cfe6082ba585a187eb,f0ef2f6da4701a305e1ae7f0a1b6ef24,delivered,2017-04-18 09:46:40,2017-04-20 02:50:11,2017-04-24 14:06:43,2017-04-28 09:29:31,2017-05-12 00:00:00
a807e37413ae762568568100e439cfb6,4cad8e80a929c35386479f5845313874,delivered,2018-06-24 21:47:46,2018-06-26 04:35:20,2018-06-26 14:17:00,2018-06-28 23:21:27,2018-07-05 00:00:00
d34f898378d4f1f59f6a5aa731ecc983,cfd6776cbed77653931db5aa308d3697,delivered,2018-06-19 14:35:25,2018-06-19 14:57:37,2018-06-20 11:19:00,2018-07-13 22:28:24,2018-07-19 00:00:00
25efad911c3ff50b495d8cc09dc32631,3b6ab7020a5ceb2b318ac3db42eebabe,delivered,2018-07-30 11:04:45,2018-07-31 07:30:51,2018-08-15 12:07:00,2018-08-22 23:51:00,2018-09-12 00:00:00
1539409c01ad8a5e32a2574668ad975e,1eb544acef426d2268c038b8e3ff1b23,delivered,2018-01-27 00:20:53,2018-01-28 00:15:50,2018-01-30 21:18:31,2018-01-31 19:26:39,2018-02-14 00:00:00
4806c15e687faabdb46ca2643cfcfa6e,4dec66cb2a457ca68a6b8e431d375a11,delivered,2018-02-18 18:41:59,2018-02-18 18:55:34,2018-02-19 18:52:11,2018-03-14 20:16:24,2018-03-12 00:00:00
73de28dd75c1a15abc8a5fb46fb734b6,5f896bc340a1f2bb50dc88b9f9ef7bd3,delivered,2017-09-18 12:57:19,2017-09-18 13:05:20,2017-09-20 13:48:26,2017-09-23 13:37:57,2017-10-04 00:00:00
54219c88839d9b1991f5550734f20c9f,c85790678eba7034f14f08ee44c67c21,delivered,2018-05-01 20:55:33,2018-05-01 21:12:25,2018-05-02 15:26:00,2018-05-08 16:38:42,2018-05-25 00:00:00
93d5e6e96278f675c4d917ff0bd6e0e3,bfa36949d512d454d7b70146ecc863a4,delivered,2017-09-06 15:23:56,2017-09-07 02:44:04,2017-09-08 19:36:23,2017-09-19 20:29:09,2017-10-03 00:00:00
183cecca240ae6ddec6d9271f3522ef1,4d822468039185d96e7cca30c68df266,delivered,2018-02-03 16:28:36,2018-02-06 04:32:07,2018-02-08 20:29:01,2018-02-22 23:05:02,2018-03-08 00:00:00
e94de4ac53c1d7b914bf6cdb13fd9ce0,5218278c410b89a0132e8f53d5cd5297,delivered,2018-04-27 19:20:19,2018-04-27 19:35:18,2018-05-02 19:00:00,2018-05-04 21:36:48,2018-05-11 00:00:00
e213ae13799e8736ebbc653d21a441e5,b6d6b42f40cb6d7b0d8b2be327210d29,delivered,2017-10-08 11:02:52,2017-10-08 11:14:13,2017-10-09 19:03:06,2017-10-31 16:27:59,2017-10-31 00:00:00
f826a5899e26000ca1c214b8a7302a50,da108b6023109790edbc275ac885936a,delivered,2017-02-19 13:29:04,2017-02-21 07:55:12,2017-02-22 09:41:48,2017-03-10 07:38:56,2017-03-21 00:00:00
babe8fe3c1cdafc205f2ca187951076c,0e2552774c1ffb9be624567c5b4dfe76,delivered,2018-01-21 17:36:03,2018-01-22 13:55:25,2018-01-23 20:28:08,2018-02-03 18:38:41,2018-02-21 00:00:00
4c612311c4c424c8ccf682de9b443659,78337577a7b3160393cf5f5e69f13d52,delivered,2018-08-09 06:35:43,2018-08-10 03:24:35,2018-08-10 15:10:00,2018-08-16 00:28:30,2018-08-27 00:00:00
033729e95819665323119db0291d0f0c,67e656bad90cf1cff3eb60db78ba3da6,delivered,2017-05-12 05:28:46,2017-05-12 05:42:21,2017-05-26 14:36:45,2017-05-30 11:37:04,2017-05-30 00:00:00
612153bcf3b401012b872fc891497142,0cf6be58a1fa3bec5e5e3d20d43c6d2e,delivered,2018-05-18 00:33:41,2018-05-18 03:56:23,2018-05-18 12:26:00,2018-06-05 13:28:38,2018-06-07 00:00:00
22c05027bd97d6cf4376df52e0a7e5a2,3609ff0cc79e7a07b4cc0616fa16aad0,delivered,2018-05-08 09:32:19,2018-05-08 09:50:38,2018-05-10 11:19:00,2018-05-18 16:25:04,2018-06-01 00:00:00
51c70023f5f763326e004bc5ffc52370,d563da7a526992559c8c913f75d481d3,delivered,2018-05-13 09:46:39,2018-05-15 04:52:48,2018-05-15 10:12:00,2018-05-24 00:54:17,2018-06-05 00:00:00
c470c4940c653080f16ba7e4cf1eb08c,121779e79f02587b95b15ca80b9c8a6e,delivered,2017-11-24 10:42:43,2017-11-24 12:16:06,2017-11-27 16:42:10,2017-12-20 20:07:11,2017-12-19 00:00:00
db29d18874ddbb8ca9f062c7b801a4e6,ba852190288fc72ca2cbd7f1f891daca,delivered,2017-07-16 22:36:09,2017-07-16 22:50:21,2017-07-17 16:53:56,2017-07-20 19:51:20,2017-08-04 00:00:00
ed8e14b139eb5a477f7e330eff821103,b256d24f3f6a32420df3beec43ea0886,delivered,2017-09-14 11:53:37,2017-09-15 02:24:44,2017-09-19 16:25:59,2017-09-25 23:47:52,2017-10-02 00:00:00
0710ec94ade6724b0816df78ee4e689f,061435b8938e25375c2bcf58dff7745b,delivered,2018-06-28 08:56:40,2018-06-28 09:10:27,2018-06-28 14:16:00,2018-06-29 12:21:24,2018-07-20 00:00:00
e14b48e4e41df5c0fb39c38cc60fe063,945f474d186e0accd799e39dee6be442,delivered,2017-12-13 00:05:59,2017-12-13 00:13:35,2017-12-13 22:22:15,2017-12-21 16:48:44,2018-01-12 00:00:00
0bd92af478239fae08847d13e9fd8617,4d4f9c5434e6be54599e84421b48e384,delivered,2018-04-19 09:31:18,2018-04-19 09:52:37,2018-04-19 21:52:43,2018-04-25 21:07:32,2018-05-14 00:00:00
7678a9ec36abfc35527725816936da8e,e8f66ba37c741a51f2b840dab001bcef,delivered,2018-03-03 19:36:34,2018-03-03 19:50:48,2018-03-06 01:24:52,2018-04-11 19:19:18,2018-04-06 00:00:00
9684771c67ce7f4d55956a92c0247e5a,4b40edcfc9c0536cb21fe6b6c862152c,delivered,2018-06-04 13:42:49,2018-06-06 02:55:22,2018-06-06 14:24:00,2018-06-11 18:12:57,2018-07-16 00:00:00
e42b4cff5d459fc447019421a3cc5706,a91290410a471b445d4c17aaa10a3c2d,delivered,2018-06-03 12:40:45,2018-06-03 12:50:18,2018-06-06 14:30:00,2018-06-18 19:42:34,2018-07-13 00:00:00
f8f8685c741b440ba6867758e5e228f1,8145f5c24cdd15584a4add4ae6ae5157,delivered,2018-01-13 10:33:53,2018-01-13 10:49:25,2018-01-16 16:09:22,2018-02-07 13:15:02,2018-02-14 00:00:00
2f7cfcddaa1f9b24454e42d7fb54944e,0927c6f66e76131f9ab61f7e170d6724,delivered,2018-04-27 13:13:39,2018-04-28 03:32:28,2018-05-02 15:11:00,2018-05-11 19:28:27,2018-05-22 00:00:00
447e7d42d8715bfbb6336d2dab784582,08f39bb318284f8eca5a32c9e3a15273,delivered,2018-04-19 11:27:44,2018-04-19 11:49:38,2018-04-19 22:52:38,2018-05-01 15:58:50,2018-05-09 00:00:00
66d8a3a22419ac03fa5c0219f3db61a0,6a90652e183891d3da8d47a2d64baa91,delivered,2018-02-28 10:44:53,2018-02-28 10:55:47,2018-03-06 19:15:21,2018-03-29 21:04:01,2018-03-28 00:00:00
a85866709015a003ea47e59f00c2354f,94c1ceb63718eb8d4ea78a1d993e43a3,delivered,2017-08-04 15:49:23,2017-08-04 16:05:23,2017-08-16 19:44:38,2017-08-17 22:49:50,2017-08-28 00:00:00
367d3cae768c0b4e7a9aad6ba7bd31db,0aee8a6ccf2eafc62eb7beaaa47f4bbf,delivered,2017-08-17 10:20:56,2017-08-17 10:35:14,2017-08-22 17:06:31,2017-08-29 15:43:37,2017-09-12 00:00:00
2c96c827c0d1b349e1d4f1c3a4040f49,abeda17cc207b7bf3d0bdd8dcf4bc898,delivered,2017-07-17 13:57:34,2017-07-18 08:33:47,2017-07-19 13:56:49,2017-07-27 18:49:35,2017-08-08 00:00:00
c915c070ee2f91af30208cd30cd0dee0,2ff074b1dbce2bc816bf81c3c820ba5c,delivered,2017-04-11 12:59:03,2017-04-11 13:10:19,2017-04-11 17:19:00,2017-04-19 13:22:46,2017-05-03 00:00:00
d7c88b34559c799b7170fb42a1222ab7,4bee7310eb7a2e6ff35cef3c2b3e0f5f,delivered,2018-05-02 09:25:17,2018-05-03 04:32:49,2018-05-04 15:46:00,2018-05-10 13:13:11,2018-05-28 00:00:00
f8327f59e5ec97d2240579e1dc6dfcdc,e61d98019b18172feeca8225d11ab03a,delivered,2017-12-23 23:49:03,2017-12-27 04:12:36,2017-12-28 18:14:23,2017-12-29 19:52:26,2018-01-15 00:00:00
65c3cbde18f89d9959a109545ad0ca7b,d87f81e4338de8176d2ba14d81164666,delivered,2018-03-03 14:03:26,2018-03-03 14:15:35,2018-03-06 15:35:22,2018-03-24 00:36:39,2018-03-26 00:00:00
3aa2600d02e113fa1145a76a2e90185f,0c5de0bf7d0d8900b388eaf6eb1a66d6,delivered,2018-06-29 15:06:22,2018-06-29 15:15:15,2018-07-05 14:11:00,2018-07-12 21:42:45,2018-07-30 00:00:00
2b3a2f59d27e42fead9c97284c2b4b25,6dbd9b232392f80a3cb44fc011c82b21,delivered,2017-09-06 23:30:59,2017-09-07 23:35:38,2017-09-11 20:37:00,2017-09-18 21:32:52,2017-09-25 00:00:00
08b74b3a8bd41e7de2ac99b200eec62d,e32daa14dfa90eff675034dc7d462cf3,delivered,2018-05-09 13:48:11,2018-05-09 14:15:01,2018-05-10 13:29:00,2018-06-09 16:03:26,2018-05-28 00:00:00
f845f1fe6a0c9e32eb740bdcc4da2aac,a54c7810d4a0a3563f11fb6ce6acf771,delivered,2017-08-10 19:52:54,2017-08-10 20:05:37,2017-08-14 10:43:07,2017-08-17 19:32:50,2017-08-30 00:00:00
c1d6c7866879dee0e3bfc28dbe2edd54,b8d502fcf796db3207e6a2bdae2f6cb1,delivered,2018-01-15 00:14:29,2018-01-15 00:29:10,2018-01-15 16:06:58,2018-01-18 19:13:32,2018-02-05 00:00:00
de3f0819b6ed261f394af5bf809eed9c,93bbf7c08e1faa50b6c60abe5337ae1d,delivered,2018-06-06 10:39:49,2018-06-08 02:56:28,2018-06-09 10:02:00,2018-06-14 20:33:26,2018-07-23 00:00:00
99396be04e138247e9fc0528a62e0919,c942b07f7a0251f168e670707e572b20,delivered,2018-04-12 22:26:18,2018-04-12 22:51:05,2018-04-20 16:38:58,2018-04-30 18:41:52,2018-05-07 00:00:00
923858c3c7a920c2b0ac32ad75bb0280,bdaeccdb6aca7bd9cfd7a53ea93b41cc,delivered,2017-12-06 13:08:53,2017-12-07 03:12:38,2017-12-07 20:37:08,2017-12-14 20:37:01,2017-12-29 00:00:00
ea55649d169dfde9b307707c2d3f78cb,ac029fb2521706b5dd55cf95b4bf0c18,delivered,2018-01-17 20:12:27,2018-01-18 02:11:51,2018-01-31 16:09:08,2018-02-17 20:42:01,2018-02-26 00:00:00
3bce95e33874f0710416f69572c5b40e,5050f0741e5587414aa4fb7227d561f6,delivered,2017-12-08 15:47:02,2017-12-08 15:56:24,2017-12-11 20:41:31,2017-12-13 23:41:24,2017-12-27 00:00:00
3c101bab9b1dcbd294379fa7a39aef00,2bc5b5116b73fb1302b1d6f0d7d58172,delivered,2017-06-10 19:31:30,2017-06-11 19:35:12,2017-06-12 14:04:18,2017-06-23 10:44:52,2017-07-13 00:00:00
546a729b8042c31a71745ad37ad453cc,ba819aec7d70f984272d9fa3c3475787,delivered,2017-09-09 15:07:05,2017-09-09 15:23:55,2017-09-12 20:38:44,2017-09-19 17:56:54,2017-10-04 00:00:00
0b1e77ab8db5ec5c6af5514bcdf20240,d352299ea54f781314939010d505a9af,delivered,2018-02-12 17:58:36,2018-02-16 07:55:56,2018-02-21 22:22:04,2018-02-23 17:35:35,2018-02-26 00:00:00
9212fb06fa8197c71c382ce06e5889ae,bfd41839fe9e5918668e940c6460c671,delivered,2018-05-23 12:00:57,2018-05-23 12:14:56,2018-05-25 08:52:00,2018-05-29 12:46:36,2018-06-21 00:00:00
dd0e00343af091774fc1399707418777,fa4cd2e67f0e9eb36f86d4b1413b059d,shipped,2017-03-06 19:54:12,2017-03-07 04:25:28,2017-04-03 14:32:54,,2017-03-29 00:00:00
920660e6627be7877e8f70d72c8e398e,e3f2ac0537ae2216c0a6014c8d1745f0,delivered,2018-05-09 13:50:47,2018-05-09 14:15:08,2018-05-10 15:15:00,2018-05-16 12:18:49,2018-05-28 00:00:00
aa1ae480ffdf6aefc191b45ebd4fdedb,dc4a4863832cad43ecf971aae07084de,canceled,2017-05-09 21:42:43,2017-05-09 21:55:20,,,2017-06-02 00:00:00
ac3143c0b6db91dd3ca4ab4d8a8243eb,1994904e979ef7c6ed7ccc3fed8e3c56,delivered,2018-08-20 14:44:08,2018-08-20 17:01:14,2018-08-21 14:48:00,2018-08-27 14:18:47,2018-09-04 00:00:00
549fcae8637a343a18425a3706cf8b3f,31c47eb6a649375d9b197598dcf1ae59,delivered,2018-03-10 10:25:54,2018-03-10 10:35:40,2018-03-14 18:12:05,2018-03-16 19:19:07,2018-04-06 00:00:00
8784fd2fe0b3a9135334c0e4cc81b1f0,77d26bcf98f1185febc59b7a80a13a2d,delivered,2018-06-27 10:20:31,2018-06-27 11:06:31,2018-06-28 14:31:00,2018-07-04 20:04:17,2018-07-18 00:00:00
2f40163a18439bbc77fa0f1984bf2596,57e873ebe362278f24712569d2d32ce6,delivered,2017-12-04 12:07:53,2017-12-04 16:33:21,2017-12-08 10:03:54,2017-12-22 20:52:17,2017-12-20 00:00:00
7441d0f70c52613e4e761304a7d2be9a,364c88d6a442daf3e57a36f32478c7ca,delivered,2018-01-19 16:13:24,2018-01-19 16:34:41,2018-01-20 00:22:13,2018-02-16 17:38:34,2018-03-07 00:00:00
50c2a6b25b1df03eff6f7249da47f931,7186629c8f63f25677899ab5350688c2,delivered,2017-10-16 12:16:46,2017-10-16 12:34:09,2017-10-17 20:09:20,2017-10-24 19:29:50,2017-11-03 00:00:00
7a29b54535d222b31198e880d73f0e56,15b99fc6f2ade1d81a027cdd2bedda80,delivered,2017-09-18 15:48:27,2017-09-18 16:15:29,2017-09-19 19:50:11,2017-09-20 20:40:18,2017-09-28 00:00:00
c96bbfcef566c4118ee31d941a8619a5,b9de529c69c02efac74a496dece746d6,delivered,2017-08-01 22:03:31,2017-08-01 22:30:18,2017-08-02 18:33:13,2017-08-03 16:23:07,2017-08-16 00:00:00
a43d72884af5f964762b9070af86b567,3e64ceeab7ec34164cc937c1b444c97d,delivered,2018-07-18 18:53:03,2018-07-19 18:50:13,2018-07-20 12:34:00,2018-07-27 18:49:36,2018-08-13 00:00:00
602c41bce7c56c79f81a7e7365451e0a,78e7b8286d279ea73d828444e8696e68,delivered,2017-09-03 22:10:16,2017-09-03 22:25:07,2017-09-06 15:15:49,2017-09-23 14:36:54,2017-09-27 00:00:00
54d6ae8b557cebe3a01965a54c4e4106,bbde703c8517876f8534f5c8a4b55948,delivered,2017-07-07 11:48:01,2017-07-07 11:55:15,2017-07-12 19:08:22,2017-07-18 19:53:38,2017-08-10 00:00:00
bde305d08669a1b46554c10f03a85675,76900889a2b92af7c4d0896071f9c620,delivered,2018-05-08 00:45:50,2018-05-08 01:11:58,2018-05-15 13:44:00,2018-05-26 20:06:35,2018-06-12 00:00:00
21533e635256523fb56f1ce0d97439b9,89bd3cf6475e5036e8e417aa3851e548,shipped,2017-11-07 21:45:08,2017-11-07 21:55:38,2017-11-09 15:56:58,,2017-11-30 00:00:00
cc5140f3c027b1fcbd41489903371294,1814224d4b8a686cf1cb194296f562eb,delivered,2017-08-09 20:44:02,2017-08-10 03:15:58,2017-08-11 14:00:02,2017-08-15 19:16:34,2017-08-22 00:00:00
80dc6c8aaa5334db08944aab012bb8a7,5808329098f8f532ff43033ec188a072,delivered,2018-02-10 10:20:06,2018-02-10 10:30:42,2018-02-16 00:12:46,2018-02-16 15:58:30,2018-02-26 00:00:00
57aca838ac598c9289dc89f0ef979700,3a12a70a52ee98474564a58fae43b4d1,delivered,2018-08-06 23:22:18,2018-08-08 03:25:00,2018-08-09 12:31:00,2018-08-15 23:28:40,2018-08-20 00:00:00
5445faac2614aebf5d7b9435b1d71185,28b7628af94d87b54d95f2efb458188d,delivered,2017-08-16 11:02:12,2017-08-16 11:25:14,2017-08-17 18:18:06,2017-08-24 16:27:29,2017-09-12 00:00:00
d41226bc535a19fd17ad5798958ec1d1,743b62f3c61c930c49211812cbdb9bf9,delivered,2018-05-14 23:01:45,2018-05-14 23:17:44,2018-05-16 14:33:00,2018-05-22 19:28:45,2018-06-01 00:00:00
8e3cbe2ec233a68c159847fac6e43c3c,16dfcc3ba48551e3c242d53438e7ae28,delivered,2017-10-13 20:15:27,2017-10-13 20:28:18,2017-10-16 13:48:00,2017-10-26 09:41:14,2017-11-08 00:00:00
6e522b46c78b3f2ba9e3b02f35b099de,0a4ce54374dbea3a49d7f31b0e7ae9f6,delivered,2018-04-18 11:53:03,2018-04-18 12:09:57,2018-04-19 17:46:53,2018-04-24 16:09:58,2018-05-16 00:00:00
ea88e47f480ad077e05fa589a920c0f8,33ada6f2fcb2d2411ce80824366afb5f,delivered,2018-01-31 17:29:51,2018-01-31 17:54:03,2018-02-03 10:27:36,2018-02-06 16:03:32,2018-02-22 00:00:00
c42acf5422921456e6ca7c15cf515c72,88de56abba8507c60018f5c1f6da00e8,delivered,2018-05-01 16:48:35,2018-05-03 04:32:52,2018-05-05 08:40:00,2018-05-08 19:36:48,2018-05-17 00:00:00
013bc5ce14f856d31efc8bebdc3a278f,f8fc70c22831cb93f1bf7f8eefa19765,delivered,2017-02-06 19:12:50,2017-02-06 19:25:19,2017-02-10 14:04:06,2017-02-14 09:07:36,2017-03-13 00:00:00
b29d96922098efb8c23532318576dffc,82e4ff97780b2534d136e95ee95228ea,delivered,2018-01-02 12:04:47,2018-01-04 05:12:15,2018-01-04 15:05:17,2018-01-05 17:16:45,2018-01-18 00:00:00
1d8841983fcfb57aa949d484e7009912,7640595377bfccfde8539b69fa0efd98,delivered,2018-01-24 14:35:06,2018-01-24 15:38:42,2018-01-26 21:09:33,2018-01-29 18:44:51,2018-02-08 00:00:00
c7077af9c2e19b516a79690cab23a96d,555cc3325655e6de190f2ecebf14110c,delivered,2018-02-06 19:35:51,2018-02-06 20:31:22,2018-02-09 23:18:42,2018-02-14 22:21:37,2018-02-22 00:00:00
4149a422217937fae14ff5017fffeacc,c59156ba832c55958baeab0f028acae2,delivered,2018-03-21 11:13:45,2018-03-21 11:28:00,2018-03-21 22:08:43,2018-03-23 18:33:10,2018-04-03 00:00:00
5cfd514482e22bc992e7693f0e3e8df7,519a8af813fe88578029697625439e8b,delivered,2017-10-13 17:19:17,2017-10-13 18:06:56,2017-10-16 19:42:28,2017-10-19 20:41:43,2017-11-06 00:00:00
b70c2a4797319570dbecddc366fb25c0,2a6948d5a2d84f87a130ad8c02b542e9,delivered,2018-06-28 19:06:45,2018-06-28 19:29:51,2018-07-10 14:48:00,2018-07-14 12:22:53,2018-07-18 00:00:00
f6d2ef1c523b008dac3d61be3e511a4f,9574aaefb5acc2e0d267af15f5ef29b1,delivered,2018-07-17 22:38:41,2018-07-17 22:50:14,2018-07-18 14:54:00,2018-07-24 18:18:41,2018-08-03 00:00:00
128a17800e8fc3801c814f3f921418b0,34624f5ee33f25e8192a7654a42ac857,delivered,2018-07-29 17:31:26,2018-07-31 04:05:38,2018-07-31 13:53:00,2018-08-02 17:26:56,2018-08-07 00:00:00
49b04eb803745cce168dcf5885d2c8de,7e9a33809ef317ec0fb58c5a74a5ed84,delivered,2017-08-29 08:19:23,2017-08-29 08:35:09,2017-08-29 21:48:53,2017-09-04 19:33:15,2017-09-15 00:00:00
ae2534a5b52aefc2aee11e48ea987cbd,c3200137daa1e3ae4edb993e3818701c,delivered,2018-08-07 16:09:35,2018-08-07 16:24:47,2018-08-09 12:45:00,2018-08-15 19:18:44,2018-08-23 00:00:00
9029828c46806a8c1e1570eeba9bf9b1,af4cb23b3dbdd037d3eeeedb60fcdb62,delivered,2018-07-27 08:57:28,2018-07-27 09:10:52,2018-07-27 14:35:00,2018-08-03 17:25:10,2018-08-14 00:00:00
26747043797cafc1ab5026649fa0ff3e,a4d25a8f61e1db5e99771d8268c1e7a6,delivered,2017-05-04 21:39:45,2017-05-09 22:33:24,2017-05-12 15:33:24,2017-05-24 11:43:51,2017-06-05 00:00:00
3eb6d6c16c2b144b83985bcacd6ed72a,49cb929dcf7af515d4a1d1ba19387317,delivered,2017-07-04 19:59:17,2017-07-05 17:43:05,2017-07-10 18:22:21,2017-07-11 14:18:46,2017-07-18 00:00:00
ea4b3348c9c09725a44c9a44a0fad89f,57f95cda0479641e288c9d71f0c72ac2,delivered,2018-01-02 13:40:56,2018-01-02 13:49:25,2018-01-05 17:29:34,2018-01-15 13:12:50,2018-01-24 00:00:00
87366ca73707125ffa59204926a728cb,248dc94df0cf7c27d6a37cf5295af05b,delivered,2018-06-07 19:14:27,2018-06-07 19:34:55,2018-06-08 14:01:00,2018-06-09 12:31:29,2018-06-29 00:00:00
5630c72b3ba2ffa31746a932d8867189,141c8e20ac10fa468d06131dbe1e37eb,shipped,2018-03-09 02:34:04,2018-03-10 02:31:06,2018-03-12 17:38:42,,2018-04-09 00:00:00
5eaef5e183ecba93ec5bbfac367d0781,d9c8ac66683b402ce687065e74f90e1d,delivered,2018-08-09 06:50:18,2018-08-09 07:04:41,2018-08-09 14:42:00,2018-08-17 08:51:57,2018-09-04 00:00:00
0e6b2d0fe443a6d38c0f6447f4eb2262,35bfa7ce75679810efa7d433811c6945,unavailable,2017-11-03 20:44:04,2017-11-07 08:30:54,,,2017-11-28 00:00:00
42c85bf5583375774d0e2a73b4ba4d7e,8d35d98c5f8b7123b00ed3cdc3e04864,delivered,2018-02-20 12:26:11,2018-02-20 12:35:26,2018-02-21 21:35:50,2018-02-22 22:09:01,2018-03-06 00:00:00
69be9dba6e0abc2941fc4b888d414fc5,12ebf7237cb92792a80d4d577e051f40,delivered,2018-08-04 18:44:30,2018-08-04 18:55:16,2018-08-06 14:57:00,2018-08-15 17:27:34,2018-09-03 00:00:00
86f409689bcc6848577f53fcfa1154eb,7e3ab6709f035a498a17cb5a9e9e0b93,delivered,2018-04-29 17:29:45,2018-04-29 17:50:12,2018-04-30 14:14:00,2018-05-10 21:18:52,2018-05-21 00:00:00
65a56537a4b967ab349287b7c0229c07,831f008be56b77027cedf97fb3ee5d7f,delivered,2018-03-13 21:57:34,2018-03-13 22:10:58,2018-03-15 00:56:31,2018-03-23 23:13:02,2018-03-29 00:00:00
8a531931fb00c5c35c96c51a58fe6746,3c0820f9424f2c2e5aa6846c93870913,delivered,2017-08-02 09:51:19,2017-08-02 15:25:14,2017-08-04 18:24:40,2017-08-08 16:48:09,2017-08-24 00:00:00
9aea5beb82a36ec0003d98ea8d832e2a,c84532a23821eab67bf2a2b7456d8809,delivered,2018-06-28 18:43:34,2018-06-28 18:55:13,2018-07-02 14:47:00,2018-07-03 19:36:29,2018-07-19 00:00:00
6b08ff5328e55bd0396c0ffb9df586ca,2d1f279054680b8bf048f693f51841c7,delivered,2017-11-24 23:54:38,2017-11-25 02:33:13,2017-11-28 00:08:59,2017-12-19 22:44:46,2017-12-15 00:00:00
9418ab9676b7f5d9539c74b557c59284,adbaf853316ae66a289a06231c4e0a4a,delivered,2018-03-29 22:21:02,2018-03-29 22:30:16,2018-04-05 00:28:30,2018-04-30 11:46:50,2018-04-18 00:00:00
7c333b73033a5b03379b9587a92685dd,4b833252f42e1ab9debe39b436f2222a,delivered,2017-11-26 10:53:16,2017-11-26 11:14:56,2017-11-29 22:21:06,2017-12-08 17:10:59,2017-12-22 00:00:00
4e8c19bde0793e367a90575bb84cd956,80fce2f155c56d38186ae276a2280006,delivered,2018-01-09 22:34:47,2018-01-10 10:31:33,2018-01-12 14:52:43,2018-01-18 19:16:39,2018-02-01 00:00:00
78af2a39c54cf8bac845324f86cf81f0,b2a6a6ad7cd201aee13e057cc1145abf,delivered,2017-04-01 10:44:29,2017-04-01 11:02:22,2017-04-03 16:37:28,2017-04-17 07:08:57,2017-04-26 00:00:00
d832359622f08c2364e168e1f01cc6e6,cc4e05eb7d11adf9ff56a1c0bf9163da,delivered,2018-04-10 13:22:53,2018-04-11 05:50:19,2018-04-11 18:32:55,2018-04-17 16:58:07,2018-05-07 00:00:00
9fcf3a22a927c64dc1d0c8744634bf09,5b84497394f880a07b93ac707f33287e,shipped,2018-04-04 16:52:40,2018-04-04 17:09:52,2018-04-05 20:42:37,,2018-05-04 00:00:00
3964dc324e444bf9bcacb9753dc502df,09c873413276346d1cbfb566ad323fe5,delivered,2018-01-09 16:56:28,2018-01-09 17:08:50,2018-01-11 23:29:05,2018-01-23 22:40:30,2018-02-06 00:00:00
02c8bbea821df770f3665094a0ecfc1c,9886df160a00026b2dd8aa8eb64a2f16,delivered,2017-10-01 12:32:04,2017-10-03 04:07:39,2017-10-04 19:34:13,2017-10-09 15:59:19,2017-10-24 00:00:00
da623e7139d6c03919f9e5bac910bbd3,1d9d8fdfda9ee5c0fbbc6b93e2ceca65,delivered,2018-08-17 08:30:51,2018-08-18 02:49:48,2018-08-20 13:49:00,2018-08-21 18:12:52,2018-08-22 00:00:00
262509218257310f675994ae58ffbfa9,68e329cc0fcc7bfecb38e17414ea4f4b,delivered,2017-05-24 17:19:22,2017-05-25 03:02:34,2017-05-26 08:42:47,2017-06-12 17:54:53,2017-07-05 00:00:00
b92a9a9fbd2f4a946db856d466ef4e5a,36383547774f6c708d599bfe34f76a45,delivered,2017-06-25 11:57:31,2017-06-25 12:05:41,2017-06-30 10:56:04,2017-07-03 13:12:27,2017-07-26 00:00:00
7da6a06739b42989ec5e12d459d84b18,c21ca529ca691d2ddfc78ac5237e1fb5,delivered,2017-12-21 13:18:41,2017-12-22 02:51:09,2017-12-22 23:07:47,2017-12-26 19:38:59,2018-01-19 00:00:00
989196f56241e43b0bf10162011e6b30,261ead6b609a42124905dfe9786dc1a6,delivered,2018-03-30 16:09:26,2018-03-30 16:27:07,2018-04-03 14:48:31,2018-04-12 01:11:52,2018-04-25 00:00:00
fc1b9b5cbc32d283b6b7a023d0017d10,6e1f23d2506e1b305b1a730a046329a0,delivered,2017-08-30 20:10:10,2017-09-01 02:30:15,2017-09-01 17:59:57,2017-09-12 18:07:40,2017-09-18 00:00:00
3c42504a29a2c13b4251142c0405cec1,1c5f5ef87108770d7ffea1d7b0c353e2,delivered,2017-04-24 21:17:45,2017-04-24 21:30:19,2017-04-27 06:06:42,2017-05-09 12:08:17,2017-05-25 00:00:00
61fbef83f544ba8f4a72cc7809d44628,b8aac82a5c0548d9dd203a339f469069,delivered,2018-05-08 23:37:53,2018-05-08 23:52:03,2018-05-09 10:13:00,2018-05-16 21:35:28,2018-05-23 00:00:00
127c7c3952c417b3957fee6db67a1a8b,e81e34aceb609cbe25cd97313f7c35b6,delivered,2017-12-14 08:29:30,2017-12-14 08:36:30,2017-12-19 19:30:08,2018-01-04 20:09:56,2018-01-17 00:00:00
dc8211dc85eb0da6c9f3155218cb4113,a45c8003661d14234bcd6d507b144067,delivered,2017-06-09 18:30:56,2017-06-09 19:42:32,2017-06-12 08:41:54,2017-06-13 12:23:37,2017-06-23 00:00:00
b79c105a20e7d6c5354e50f16dc2baec,bfbd8bf2ed9bdd9618a433e73942cecd,delivered,2018-07-31 10:32:14,2018-07-31 11:04:38,2018-08-01 08:29:00,2018-08-10 14:31:24,2018-08-21 00:00:00
fdbaa530778c33afe4b7762457bd8204,0a56a72b7f2f8082430eba1ed29814cf,delivered,2017-11-21 15:37:38,2017-11-21 15:48:21,2017-11-22 23:48:50,2017-12-04 18:03:46,2017-12-12 00:00:00
6445a8b97a5e66d5c72eec0cb6650141,dfdababa38004b4e6620ddee41475c0a,delivered,2018-07-03 16:15:05,2018-07-05 16:32:46,2018-07-04 15:11:00,2018-07-10 16:32:10,2018-08-01 00:00:00
7f816e4b356f543be68cf6c0fbda9d62,ff87e254d164dee48c4db2b4ec462684,delivered,2017-11-16 12:15:20,2017-11-16 12:31:40,2017-11-16 19:33:08,2017-11-21 13:19:03,2017-12-04 00:00:00
c0b6014ad171bec4bcab3532b8b79e2d,3dcf34bd872a344edc8884f373459a4c,delivered,2018-01-28 13:52:09,2018-01-28 14:09:22,2018-01-31 01:04:08,2018-02-20 23:48:30,2018-03-06 00:00:00
71e99de0514a59f2e5ac80e89773802a,de4f2f705b9a9b3ebaa3ad349020b52f,delivered,2018-06-12 23:57:28,2018-06-13 01:31:58,2018-06-13 09:53:00,2018-06-18 23:12:37,2018-07-03 00:00:00
2745579b0446d51b9aa8263485dbeb1d,f95a14235deba625620b7032c18df530,delivered,2017-05-16 14:59:10,2017-05-16 15:15:18,2017-05-19 14:49:09,2017-05-26 09:55:51,2017-06-16 00:00:00
1960190ca65fb64227cf890a91874094,f620701a6e9f1096468511e9c2406a67,delivered,2018-08-03 16:32:19,2018-08-03 16:45:25,2018-08-06 13:32:00,2018-08-08 20:58:46,2018-08-09 00:00:00
177a359958777d9b5cebb4257016c35c,6326db5a7fa1bed7b29c5a8c08a3d4c9,delivered,2018-05-30 23:33:44,2018-05-30 23:50:12,2018-06-01 06:42:00,2018-06-06 21:07:03,2018-07-11 00:00:00
f080eea3284143410083852a499aa1ca,850991cc1b670e3b24ed10a908808c72,delivered,2018-07-05 08:28:40,2018-07-06 03:11:21,2018-07-06 11:12:00,2018-07-13 21:34:35,2018-07-26 00:00:00
ce5586df181549ebde007969801906c8,581bcf4a0d5820aef9c546bbcd74f276,delivered,2017-10-31 09:03:33,2017-11-01 03:26:25,2017-11-03 21:54:32,2017-11-07 23:49:38,2017-11-08 00:00:00
14553c5a05f6fbb58004b68bb6ec6ab5,960a328510e2d7e8f79071ccc5cae56f,delivered,2018-01-06 20:17:37,2018-01-06 20:26:51,2018-01-09 17:06:56,2018-01-25 02:06:06,2018-02-02 00:00:00
4eb56038347ee86edd66fb4f2abb0aa5,e4cc1e7dfd86a43889911abfe12481e8,delivered,2018-02-19 08:15:50,2018-02-19 08:30:32,2018-02-19 18:18:29,2018-03-26 21:21:55,2018-03-13 00:00:00
224a2924f75dd381b65e75fa1e9b98d4,b50cf34d15cd5de88e1e6824aec32426,delivered,2017-11-29 18:04:39,2017-12-01 11:31:18,2017-12-01 17:32:55,2017-12-14 20:24:54,2017-12-20 00:00:00
c719df673fd4a8bbb45e7ecc78269d89,9120bcceccdef79e911df9957ab9c4bb,delivered,2018-01-23 23:43:19,2018-01-24 00:34:55,2018-01-24 20:36:44,2018-02-05 23:28:37,2018-02-20 00:00:00
7500d5a4909cd75ba164ec4d1fdfc3fc,c767ed260a0d5e6ed16542c0cbed4dcf,delivered,2017-08-11 21:22:58,2017-08-11 21:55:22,2017-08-15 19:13:44,2017-08-25 18:15:06,2017-09-11 00:00:00
2e0f7f4c596ba8da4bd2be65336fec1b,d8e3ec6f72c06bf9757ff9020f739ec8,delivered,2018-04-18 18:31:01,2018-04-18 18:50:18,2018-04-19 18:47:32,2018-05-03 19:12:59,2018-05-22 00:00:00
1decf741e38f6bb92236968ffff3b2dc,764aae7da5503356d7ee0f4a4769080c,canceled,2017-07-21 12:54:47,2017-07-21 13:05:19,,,2017-08-03 00:00:00
89b343512f0ecef64745c4e3bf856efc,c5769199abb4d536e765df7984462910,delivered,2018-01-21 18:12:07,2018-01-22 13:56:21,2018-01-24 13:39:11,2018-01-26 16:09:49,2018-02-06 00:00:00
9ff8d80b8ab2c8a80a16ba4ed7fee203,33c7ab37ec1d522359e98d00e420a5b9,delivered,2018-06-03 13:23:46,2018-06-03 13:35:20,2018-06-06 06:08:00,2018-06-07 22:48:28,2018-06-29 00:00:00
85669fb33dd055759b02aceef5413b3e,563b09b4665ec9992a410c115bb0e95d,delivered,2018-08-14 18:42:19,2018-08-16 03:15:16,2018-08-17 13:57:00,2018-08-20 18:52:37,2018-08-24 00:00:00
b3d4cff6b35e7ced1c558ace1968f06e,2f4c908cc556f016966594bab640fdc9,delivered,2017-11-25 16:10:03,2017-11-28 03:33:29,2017-11-29 20:28:28,2017-12-07 17:52:04,2017-12-19 00:00:00
df72ecb8ddf6db1e392ca1f148fb8f9c,9126139ff377800a3a1f52b4cc503046,delivered,2017-07-24 22:22:09,2017-07-26 02:16:12,2017-07-26 23:05:25,2017-07-31 18:45:36,2017-08-15 00:00:00
d3cc9985b382ccfd773563453d506359,68473fcfb93723e5c2cdb27a2061eb00,delivered,2017-03-30 17:45:59,2017-03-30 18:02:16,2017-03-31 12:26:55,2017-04-22 07:06:34,2017-04-28 00:00:00
d85dd7b0f1c5839ad5b3cde77f196e53,57963369ce5c1c7b0b1fe618588de83d,delivered,2017-03-24 10:08:36,2017-03-24 10:23:19,2017-03-28 13:08:14,2017-03-30 18:48:54,2017-04-18 00:00:00
5fa37b0775f5467f987580b059bce54a,8e6e4cf2ce41cda407074b416f893269,delivered,2017-08-30 12:47:57,2017-08-31 13:45:34,2017-09-01 20:07:42,2017-09-10 15:33:18,2017-09-27 00:00:00
e93e73ed1cca61b5ac973e9cf1e8b2de,562cc394f31d218035fccb7d2aa8d0dd,delivered,2018-02-15 00:30:30,2018-02-16 07:50:50,2018-02-21 20:39:02,2018-02-22 20:54:08,2018-03-02 00:00:00
8c0cf4e06747b0264127ced0718f8fe2,be60de3949d43cd1799c3567eb6452b0,delivered,2018-06-04 12:22:27,2018-06-05 14:31:50,2018-06-06 07:46:00,2018-06-07 13:13:24,2018-06-28 00:00:00
394f1f9eb241c99e0090bc9f19e5ccc7,8e69913c447da381483a66e6c612b0d6,delivered,2017-10-24 14:49:38,2017-10-26 02:57:16,2017-10-26 20:19:04,2017-11-08 16:09:10,2017-11-10 00:00:00
5af38cdf3451e948f042e40336b0082e,4221add5278262a337af11aa0ce3bec1,delivered,2017-06-23 08:45:22,2017-06-24 02:31:21,2017-06-28 13:17:43,2017-06-29 13:13:51,2017-07-06 00:00:00
71fa5212055ef88adbd05cf0391a9a90,28fb48735e43a9b9dcc1aa088566a388,delivered,2018-05-01 15:53:37,2018-05-01 16:14:48,2018-05-02 14:47:00,2018-05-08 21:08:37,2018-06-04 00:00:00
e02aa5434b7b4336b260b5f8c7202d55,5d657fd206930955673a89aa0a0a54e3,delivered,2017-09-26 16:49:40,2017-09-26 17:04:38,2017-09-27 20:53:14,2017-10-04 21:37:36,2017-10-23 00:00:00
efa184072cccb644c132d6e14a29bac3,6f871c46ee705cbcd7e7a24a97db6c95,delivered,2018-04-07 17:46:46,2018-04-07 18:08:22,2018-04-09 19:56:33,2018-04-11 05:21:52,2018-04-25 00:00:00
a42c28ee1f328251e9e8ae60f7963571,6539aa9c6e57c945c4c2c0773b68e939,delivered,2017-11-26 21:41:38,2017-11-26 21:54:20,2017-12-05 21:32:11,2017-12-21 20:28:39,2017-12-22 00:00:00
cb668af8e8de760052440b117748f7e6,58825d0631a6ef87590049d67b0a1ad1,delivered,2018-07-18 17:44:28,2018-07-19 02:55:31,2018-07-19 18:04:00,2018-07-26 23:12:35,2018-08-08 00:00:00
b539f51f7cf6a9c1a871d2bb898cdd27,590e0ece7d320dac89d029c8b3b9f23a,delivered,2018-08-16 17:56:44,2018-08-16 18:10:29,2018-08-17 14:20:00,2018-08-22 13:34:45,2018-08-31 00:00:00
cf3a11ded6899d6b589a1e4a4a4308c0,69ad55d4bfffc89d50f84aa4e3648d5e,delivered,2018-03-06 19:35:08,2018-03-07 20:55:53,2018-03-08 19:07:45,2018-03-28 23:58:48,2018-03-29 00:00:00
309a6726656b1ace9925bb760fc46b81,7d2ce17487f8378b620234f629e9f5d5,delivered,2017-09-03 22:14:32,2017-09-03 22:25:09,2017-09-04 16:57:13,2017-09-13 19:46:18,2017-09-26 00:00:00
0c489872e351bedd37f08d3d940806d3,249a282dec8f999f2d4180923c165803,delivered,2017-05-28 20:55:02,2017-05-28 21:05:14,2017-05-29 09:51:59,2017-05-31 07:03:58,2017-06-26 00:00:00
d7140ab4028807186f9b84fe9f875506,75c7e533b70bdd3e6e2918d65326a2d6,delivered,2018-08-10 15:07:51,2018-08-11 04:35:08,2018-08-14 15:59:00,2018-08-20 22:08:45,2018-08-23 00:00:00
de42a8e111d0e1b06aa129d163313053,375cbd7523ce85e60375cb07a0dabc63,delivered,2017-10-15 18:20:05,2017-10-15 18:35:15,2017-10-18 18:19:05,2017-10-27 17:31:41,2017-11-03 00:00:00
91221cc19d300027fb983ac56b96e133,abbf2fa49ccfaa5f8dc7e309d3d7a767,delivered,2017-05-28 10:52:00,2017-05-28 11:05:12,2017-05-29 09:39:58,2017-05-31 07:45:55,2017-06-09 00:00:00
df2b5e7523f6848076e498618e1a00d6,16228502cd87d64e4d7561b8c62bf657,delivered,2017-11-24 15:29:38,2017-11-28 03:21:13,2017-11-30 01:28:39,2017-12-11 22:07:01,2017-12-08 00:00:00
018778568fad26695334c784563c08d4,223961a1714e148c0c249487eeac351c,delivered,2017-10-15 13:21:57,2017-10-15 13:35:20,2017-10-16 19:07:32,2017-10-24 19:33:55,2017-11-03 00:00:00
867f74e7d9350af5b0a100bb329fe38e,70c1a561e4290f2d1551c8a9f5804d4e,delivered,2018-02-13 18:18:09,2018-02-15 03:55:37,2018-02-16 17:45:54,2018-02-19 19:49:19,2018-03-01 00:00:00
9d42a1c81eb3b04c83752029d1bb93fe,db1383e3c3c58475adf2651e6cfa58f7,delivered,2017-11-08 18:27:39,2017-11-08 18:47:23,2017-11-10 14:51:48,2017-11-22 13:20:27,2017-12-01 00:00:00
557a4667291301e8bf807fca57f21d3e,00be672c9d26099d6fd918cf76a4ef67,delivered,2017-08-14 08:35:37,2017-08-14 08:50:15,2017-08-15 20:03:57,2017-08-24 19:10:09,2017-09-08 00:00:00
6ed988b479adccb2a1d82e903713e1b4,8cc82cbc81afbff3870cb9c691ef8a46,delivered,2018-03-13 15:43:40,2018-03-15 03:31:34,2018-03-15 20:32:31,2018-03-27 02:28:34,2018-04-03 00:00:00
4f78cf9df18b4661ea0096c43db9f402,370b23162b4b1ad3368af5d91a9ec443,delivered,2017-05-12 11:38:07,2017-05-13 02:55:18,2017-05-18 16:29:38,2017-06-02 17:29:54,2017-06-19 00:00:00
263a9500469f59675e1b68ea13bc8b2a,62a7a460fd87aa9e89758b60db626a9d,delivered,2017-10-10 10:33:56,2017-10-11 03:14:44,2017-10-16 18:11:52,2017-10-21 13:48:46,2017-10-27 00:00:00
b8297ee8722ce94cc9a2e9263124cd36,7c852d7bbf1b4c00b69926f3b380e288,delivered,2017-01-18 00:31:51,2017-01-18 00:45:47,2017-01-18 10:32:15,2017-01-30 11:51:53,2017-03-02 00:00:00
444f0e1730bea305c2101a19267fb7b7,4c7d77d15225118f3b463fc1f3a60d8d,delivered,2017-09-12 14:20:45,2017-09-12 14:30:36,2017-09-13 15:25:14,2017-09-15 16:13:05,2017-10-03 00:00:00
871cb88e21c599f2a50199bd6515e8f9,8acb0bd584130ff9d0ce34868ac90173,delivered,2017-06-02 15:53:41,2017-06-03 06:42:59,2017-06-09 15:37:40,2017-06-21 18:24:35,2017-07-07 00:00:00
552dee1afe356f3a07f118a9d0741b53,bc5d41700c3a57b743db4fb88939dd9c,delivered,2018-05-08 09:53:12,2018-05-08 10:15:44,2018-05-09 07:57:00,2018-05-17 17:04:54,2018-05-29 00:00:00
00324b3eda39ba5ecce3945823e3594c,cbde8134b8a718381d08167dfc58ec8c,delivered,2018-04-10 01:14:18,2018-04-11 09:12:11,2018-04-16 19:30:42,2018-05-03 20:29:24,2018-04-30 00:00:00
bff2299c68d30f0c95671ff860e1c4f3,9b1258af23d35d3f7e88782312e388a8,delivered,2018-08-20 18:43:09,2018-08-20 18:55:16,2018-08-21 14:23:00,2018-08-24 15:41:48,2018-09-05 00:00:00
809e0909a53d03c3c8a6a193b66796c4,97bb734166c2167ab5d8beaf637817f9,delivered,2018-04-02 13:57:29,2018-04-04 03:29:35,2018-04-07 01:16:46,2018-04-24 00:18:52,2018-04-23 00:00:00
1e2d70a35f238a2f454d8def1d883d8b,d3af44d4335d69eaf1c19eb82c832c4a,shipped,2018-02-20 19:51:14,2018-02-20 20:07:18,2018-02-21 22:53:54,,2018-03-21 00:00:00
1be26189c5971cf28b268e3ab43b3a6f,78bbba21dbf4a430cb4fc163623e81c1,delivered,2017-07-14 18:42:05,2017-07-14 18:50:20,2017-07-17 17:06:14,2017-07-21 21:23:23,2017-08-07 00:00:00
91a0d7adb3b93c79268628e82ae33c2d,2bda95038c0058677a245e169b1da7d5,delivered,2017-08-16 15:17:00,2017-08-17 02:50:13,2017-08-17 14:03:35,2017-08-19 15:27:33,2017-09-05 00:00:00
69294a1f2dbe29a54c3a9c2421831d14,ed2477fdffb22d49fd5485a80041ed09,delivered,2018-08-03 09:10:20,2018-08-03 09:25:10,2018-08-03 13:21:00,2018-08-08 16:48:25,2018-08-13 00:00:00
f7b67c9f24f5c2da0dad8c1de5e29e40,721801ae7308ac324e9e9d44b61221a1,delivered,2017-10-06 22:06:52,2017-10-06 22:24:18,2017-10-20 17:22:13,2017-10-24 22:26:12,2017-11-09 00:00:00
1dca8b6025f7b613456a828b3e273900,c6a1315d56070632d475fbca270ab0d1,delivered,2017-07-06 15:46:31,2017-07-08 03:30:26,2017-07-10 21:05:14,2017-07-17 16:47:22,2017-07-28 00:00:00
2db2dc20484db2974294a7ef21cc66c8,c79aa808ed234be97e83b033ca5789f6,delivered,2017-04-26 15:05:22,2017-04-26 15:15:20,2017-05-15 11:28:35,2017-05-24 16:03:55,2017-05-30 00:00:00
a5c92ed5822736c294fa82e58e18fcc5,54acd3c8fe76a1805d6fe6d9a326f203,delivered,2017-06-09 09:55:08,2017-06-09 10:05:21,2017-06-14 13:37:08,2017-06-22 16:10:42,2017-07-14 00:00:00
dbd30a7576c4b37b30dec899b4f0b174,0fa5d90d4ea93728f18d914fdcb288df,delivered,2018-03-14 09:57:45,2018-03-14 10:40:22,2018-03-14 20:32:31,2018-03-23 00:56:44,2018-04-02 00:00:00
871ea4c791e2d977d094700806eef385,eeed3fa6671024bfde19e218cfc0a263,delivered,2018-02-21 21:33:45,2018-02-21 21:55:35,2018-02-28 23:37:23,2018-03-27 22:32:12,2018-03-20 00:00:00
189ae4e1cde214b94b2311aec85f39e3,76f98e55dbdd809ce6f7f68e1d946ba3,delivered,2017-07-09 12:56:06,2017-07-09 13:05:15,2017-07-10 12:27:52,2017-07-28 19:55:41,2017-08-17 00:00:00
c614a7bb512bf1ddf2571743587c8cad,52600f42138586a44b2541c6eaff306d,delivered,2018-01-16 10:09:03,2018-01-16 10:19:46,2018-01-17 16:37:14,2018-01-23 19:39:16,2018-02-16 00:00:00
e599e00118212fd3f10f88ef85587204,01311fef2cb7553344ac33c95e196db1,delivered,2018-01-24 20:58:39,2018-01-24 21:18:14,2018-01-29 11:04:47,2018-02-03 01:20:19,2018-02-20 00:00:00
cba6625a547cd5ad8a968733b3e23d8d,3cf092136e989db3a73751c5de94d633,delivered,2017-11-02 21:14:31,2017-11-03 21:31:22,2017-11-06 21:51:44,2017-11-10 15:08:45,2017-11-22 00:00:00
2e8b2390e7734d4477db1b7e1fdc38d7,1f14a4ae05a973f75bf96287debb8d16,delivered,2017-09-13 08:54:00,2017-09-13 09:45:36,2017-09-13 20:47:45,2017-09-27 13:57:49,2017-10-10 00:00:00
962de3970a49d41744c01c9bb4f7ae4d,433283269d791003e268520d901bf1bb,delivered,2018-01-04 12:26:07,2018-01-04 12:34:24,2018-01-05 17:35:22,2018-01-15 20:08:51,2018-02-02 00:00:00
32ac00d8c91b3cc4ba82a3444927032d,4ebfa1271a03eea172f376b3549ea9a6,delivered,2018-08-19 15:52:52,2018-08-22 03:55:18,2018-08-24 11:37:00,2018-08-29 23:51:53,2018-09-12 00:00:00
432d80d2aab5e167192912051828b7fc,a54a00bb6ed9d6da10607809516554d1,delivered,2017-03-28 15:36:43,2017-03-28 15:50:16,2017-03-29 10:40:24,2017-04-12 14:58:57,2017-04-19 00:00:00
9d69b407879a8be17ac523d1e4b1e4a3,b42ad79fa33a8834e5472727f935df1e,delivered,2017-09-19 12:03:02,2017-09-20 02:30:25,2017-09-21 19:19:01,2017-09-25 16:47:50,2017-10-02 00:00:00
976c01e78300a5b3acc01596aef7cca1,10b3e012bc771fc11a6e84b631efedce,delivered,2018-03-20 23:24:10,2018-03-20 23:35:31,2018-03-23 01:55:35,2018-03-24 18:51:23,2018-04-02 00:00:00
711c9fae29537b2bf969076d2c0f422c,8000fc09440cd5334baf5bf5d5ebdcb3,delivered,2018-02-23 07:09:00,2018-02-23 07:27:59,2018-02-26 22:32:44,2018-03-05 16:10:11,2018-03-09 00:00:00
1b3190b2dfa9d789e1f14c05b647a14a,d306426abe5fca15e54b645e4462dc7b,delivered,2018-02-23 14:57:35,2018-02-23 15:16:14,2018-02-26 18:49:07,2018-09-19 23:24:07,2018-03-15 00:00:00
7846a3c8592b65e93f51e381db3742c9,0e7728da0deb73f150ac54bb55a2356e,delivered,2017-09-13 20:49:28,2017-09-13 21:04:29,2017-09-14 20:32:36,2017-09-19 15:33:25,2017-09-25 00:00:00
a3a24237e6382c1f409a6267f206a087,34f80b9244825343565349663a9f0439,delivered,2018-04-20 10:43:15,2018-04-20 10:55:14,2018-04-25 11:08:47,2018-05-08 22:40:34,2018-05-21 00:00:00
9fcd603ada60baefcd5ee37111b9d70c,456f257f39966a999921929415b5c40d,delivered,2018-06-12 18:50:04,2018-06-12 19:26:48,2018-06-13 12:00:00,2018-06-15 16:21:50,2018-06-29 00:00:00
6df0e5a8b0965f06d2e1219c846e1ad8,25fd5d5e6a1ab3e25399c96c96ad49d2,delivered,2018-07-29 08:36:22,2018-07-29 08:50:08,2018-08-02 17:48:00,2018-08-07 16:38:51,2018-08-13 00:00:00
53d87cd7f6e019f2691e10d60fb10932,0bf7fba27a51200f1752bedc3fbd2628,delivered,2018-03-31 10:41:36,2018-03-31 10:50:12,2018-04-02 20:18:28,2018-04-12 19:22:19,2018-04-18 00:00:00
6e0f64efb04a60cc8a5bff3e30663c02,2e64d9fef4e07d2526ad4c98534bff10,delivered,2018-01-30 13:48:42,2018-01-30 14:15:11,2018-01-31 23:59:08,2018-02-15 17:46:18,2018-02-21 00:00:00
1b27ec73386e488de66dde240800f5e3,a05e982271e4557a52a45b8bb5d7ecb1,delivered,2018-07-30 16:13:26,2018-07-30 19:31:44,2018-07-31 13:49:00,2018-08-09 17:22:41,2018-08-15 00:00:00
ce6f24ccb16af897b7650022beead374,3052a181fab0411b6f3dc1863ec8ac69,delivered,2017-05-25 08:48:19,2017-05-25 09:02:15,2017-05-30 10:23:05,2017-06-08 09:14:47,2017-06-21 00:00:00
a728a784b0cb1c9e387f984db61c0810,83ae29b6de185bd85da55f8f6dc453a6,delivered,2017-12-11 17:19:50,2017-12-11 17:32:28,2017-12-19 18:49:50,2017-12-26 20:41:48,2018-01-16 00:00:00
ba8fd3090bb649c9047a949d0dce6870,f056130aa873ce5f257683772009913f,delivered,2018-01-31 10:09:04,2018-01-31 14:06:54,2018-02-01 18:51:46,2018-02-14 19:49:46,2018-03-01 00:00:00
4e6f08ecede05da4c4e9c73557db14db,033225f6250f5ebf765eb90c41cd9c35,delivered,2018-01-09 22:47:30,2018-01-10 10:31:55,2018-01-11 21:05:32,2018-01-25 13:59:03,2018-02-06 00:00:00
deb5a6674aeb101ea49db315cead70d8,0116b6f7b023ad7b078ead9dc8f68897,delivered,2018-03-05 21:01:24,2018-03-05 21:15:26,2018-03-07 22:06:57,2018-03-12 21:32:14,2018-03-21 00:00:00
002c9def9c9b951b1bec6d50753c9891,06cf02bf583b05fd91bc8eec0f1b4c3f,delivered,2018-05-14 16:57:47,2018-05-15 17:37:51,2018-05-17 13:27:00,2018-05-18 14:37:38,2018-05-25 00:00:00
ae4b3fa4cd849e5cc41f1faa613d28e2,b4568e9ecb25a2c573896db7c2f22a2c,delivered,2018-08-21 01:12:44,2018-08-21 01:29:42,2018-08-21 14:47:00,2018-08-23 14:17:55,2018-09-03 00:00:00
aaff827d79b2aca52ee986179a052077,641ea55c1a9954a48b198146db68cad9,delivered,2017-11-30 08:57:44,2017-11-30 09:07:31,2017-12-05 01:08:29,2017-12-13 15:13:23,2018-01-03 00:00:00
cef25f5315693af88f725bab86cd3835,137377880399a56956ffa7264abc42f9,delivered,2018-05-09 16:57:20,2018-05-09 17:15:19,2018-05-10 10:24:00,2018-05-21 22:25:40,2018-06-01 00:00:00
bcf08b2325d8298e5cdc24a38d460836,c14664a33045c6e540862e871ad7a3e4,shipped,2017-05-31 22:14:55,2017-05-31 22:30:09,2017-06-01 07:45:47,,2017-06-26 00:00:00
3722900224c18ef2bfb634a635cdbc72,cee8bfa45827fcd2cfd0ad6a5fcdad95,delivered,2018-02-25 10:29:45,2018-02-25 10:48:00,2018-03-02 01:08:54,2018-04-04 13:26:45,2018-03-21 00:00:00
cb1529a953c6df155505c4e2863b3b10,2b710f598151f86cea8be84007ac53e7,delivered,2018-04-04 17:15:58,2018-04-05 17:10:23,2018-04-07 00:48:52,2018-04-21 00:44:29,2018-05-10 00:00:00
e175cbd518afe4a80b3f5f884ab05450,43c89a8bcc9125ff0d00fddc813d2671,delivered,2018-07-31 18:19:02,2018-08-02 05:15:16,2018-08-06 16:54:00,2018-08-14 17:36:35,2018-08-21 00:00:00
bac11e328f49d36222401aa2252fa12e,d1b37210132031759f5a22c7ca8f29b9,delivered,2017-03-25 19:57:11,2017-03-25 20:10:16,2017-03-27 16:29:32,2017-04-03 20:59:46,2017-04-20 00:00:00
f6089c47bab18faae3d90c64cfb08481,1521c5e9bf82979a6b8794e90692097d,delivered,2017-01-31 16:13:48,2017-01-31 16:25:20,2017-02-02 10:42:44,2017-02-09 15:51:55,2017-03-03 00:00:00
e7b89f99a853abea7befdc9b1f9547e1,707aa8fd8ce6c3562a0ac2e3c98d18ad,delivered,2018-03-27 10:36:21,2018-03-27 10:47:58,2018-03-29 00:32:39,2018-04-06 20:36:29,2018-04-30 00:00:00
5fb669725665771911c8ecc187870553,6be3dedf61ef41f55430dc20f3d64899,delivered,2017-05-06 17:35:28,2017-05-06 17:45:15,2017-05-09 09:36:09,2017-05-16 09:04:34,2017-07-07 00:00:00
9ab0996e3fa56c0c453bdaa598164273,f19006ed3d463cfd63ff2566640b396b,delivered,2017-10-13 17:33:54,2017-10-17 03:49:26,2017-10-25 19:13:58,2018-01-04 23:54:26,2017-11-16 00:00:00
f3513eec8f1434b5b7e04ddf3598df40,132da540f9f59c2333c07b0f00d781f9,delivered,2018-07-19 00:41:35,2018-07-19 00:55:28,2018-07-26 07:18:00,2018-07-27 19:31:24,2018-08-06 00:00:00
b6a4acd4de8a93e329ace89646cd7363,f2893ce78f13038682dca8286924f451,delivered,2018-04-09 16:34:14,2018-04-10 11:50:08,2018-04-13 00:57:34,2018-04-19 15:55:40,2018-05-02 00:00:00
9bbc9e86ec19f512983335c5af110810,e8ac9b27d2b90428825cedfe54b8c455,delivered,2018-02-26 13:28:53,2018-02-26 14:10:33,2018-02-27 23:48:54,2018-03-01 00:41:25,2018-03-12 00:00:00
f1a0e55a47be518c4c52510abb60bf22,76a097239e7753c934f06beb75c88b9b,delivered,2018-06-25 15:10:03,2018-06-26 05:37:27,2018-06-26 10:33:00,2018-06-27 17:22:00,2018-07-05 00:00:00
4763f7cb81583ad94cbe72d436026939,0d93527d9551032ab52843b5011b1073,delivered,2017-11-17 10:22:53,2017-11-18 10:30:30,2017-11-20 21:22:13,2017-12-05 10:47:37,2017-12-12 00:00:00
b5645b72f0e1b78b622c8a6a4cc06371,d849f901a7b414b1c55da5052501f168,delivered,2017-11-26 21:22:10,2017-11-26 21:33:17,2017-11-30 20:36:55,2017-12-20 22:28:13,2017-12-19 00:00:00
89a4c233afc16481649ea535f2c9eeba,99c36402bbcd2ba978d7b513f4c6f98e,delivered,2018-03-30 10:00:58,2018-03-31 09:55:14,2018-04-02 19:20:55,2018-04-03 21:27:31,2018-04-18 00:00:00
d6bbf266d73e58c2d60b4421d8d7a193,f5b4fe797bf417e8f22de510decbf3ab,delivered,2018-05-08 17:46:25,2018-05-09 04:14:21,2018-05-09 13:15:00,2018-05-16 18:33:07,2018-05-29 00:00:00
27e5ed2ecefbe0bcc9ae0c9b26b763c3,9962a28bb74e0754415433c3ddc14b2f,delivered,2017-08-30 06:22:58,2017-08-30 07:00:06,2017-08-30 20:43:45,2017-09-11 21:06:49,2017-09-26 00:00:00
5de59551c282b892ae9ff238fd557145,7543dc2c9f203502439305c8b2ea63bc,invoiced,2017-01-16 16:24:13,2017-01-16 17:31:50,,,2017-02-24 00:00:00
5db4ab74641ba05232ad09d752688f02,75a545a5f0690cd8a87bc8c0ca332916,delivered,2018-02-08 22:17:26,2018-02-08 22:30:20,2018-02-09 21:42:35,2018-02-21 23:09:46,2018-02-22 00:00:00
f1227685cb32bc990c13a7c5df91005b,c9e3c1652de60db58877a8b77775ea4c,delivered,2018-04-26 09:48:57,2018-04-27 03:31:14,2018-04-30 06:21:00,2018-05-09 06:28:27,2018-05-29 00:00:00
a3a7174a10bf6d3da7d4142311829ded,1ec32e0d50ac82caa37d03c65308cc50,delivered,2018-03-19 13:02:51,2018-03-21 16:15:27,2018-03-22 19:21:30,2018-04-20 21:52:46,2018-04-25 00:00:00
ac3c62295b2d88214642ed7f7114d468,dc850d9e9369c7304c3a5d5111276419,delivered,2018-02-14 11:08:40,2018-02-14 11:28:17,2018-02-15 15:47:14,2018-02-24 00:08:33,2018-03-09 00:00:00
69d68d6cabed593e526a561a94d76d23,0a3e4f7efaf1befc4a84e1adcd9b70f5,delivered,2018-03-26 16:47:13,2018-03-26 16:55:36,2018-04-03 13:03:42,2018-04-19 16:38:37,2018-04-25 00:00:00
f50852b20857fd7ff56126315745e45a,ec5f9c9dd3ff056f05411979267887a5,delivered,2018-04-29 17:40:51,2018-04-29 17:50:20,2018-04-30 14:23:00,2018-05-07 12:08:29,2018-05-15 00:00:00
3a1f0844864136aa18f6710238f40e6e,a3e97fa8c85bb70ec9b30785c7116682,delivered,2018-06-19 09:54:54,2018-06-19 10:15:41,2018-06-25 09:08:00,2018-06-26 17:04:39,2018-07-04 00:00:00
6312fe819ee5e06c67b72c308c97ae91,7c4cd69b5fb88ae038d4ad34a4c7af92,delivered,2017-06-14 10:18:36,2017-06-14 12:15:33,2017-06-21 09:58:09,2017-06-30 13:29:46,2017-07-07 00:00:00
5496024a18a1ac96915a8a9c7ab37dbb,86ee6da3ce109f39bcc5720d099def3e,delivered,2017-06-30 16:13:27,2017-07-01 05:03:54,2017-07-03 13:11:42,2017-07-21 10:55:55,2017-08-03 00:00:00
aa1bfc82ae55abe42cc7e85eefb1c994,9602f15c5b6b91e4332690c88fc5ea58,delivered,2017-12-14 15:47:49,2017-12-15 02:17:24,2017-12-18 21:07:10,2018-01-04 20:52:07,2018-01-16 00:00:00
c270fc5fb7d62ae87e5b2907ed6f2d02,12d8d1ce80efee080b1b4d7c1555154e,delivered,2017-07-31 19:33:31,2017-07-31 19:50:13,2017-08-01 13:05:59,2017-08-04 21:12:28,2017-08-16 00:00:00
fa21f82ef6bb86d2dbc878354e1df49d,1ab90907dc3f013608c6d1d2b312a1d9,delivered,2018-04-24 20:36:45,2018-04-26 03:55:20,2018-04-26 13:51:00,2018-05-04 17:53:01,2018-05-22 00:00:00
92ee9f5b7c6f6a37199a8efa52e98c21,eb89a8809ec0b2b9e8df416d7248951f,delivered,2017-11-25 20:07:04,2017-11-25 20:18:29,2017-12-05 01:52:00,2018-01-05 17:32:41,2017-12-20 00:00:00
6d234dea658ce0c00f91e931cb11f93c,ce80c46eb733623b83a7458b918ca30c,delivered,2017-01-15 15:52:04,2017-01-17 03:10:11,2017-01-17 15:10:16,2017-01-26 12:45:50,2017-02-24 00:00:00
f0c6a0e0bfda2071399b8cf2debeec5e,aa1b97330d826b205aa0814a87799607,delivered,2017-08-30 18:19:22,2017-08-30 18:30:25,2017-09-01 20:21:15,2017-09-08 19:49:37,2017-09-18 00:00:00
526727d3eceb0478770ba8f8497f2037,ead1c51d9b4e7a887ee858e2649e4a13,delivered,2018-02-20 10:59:49,2018-02-21 06:07:08,2018-02-22 00:33:05,2018-02-27 16:19:10,2018-03-15 00:00:00
8c3d2c3e7e08f8c80f9df48b70ef5d90,16c2faba7cd51b4d08e6ae4bf0519bb4,delivered,2017-11-29 13:26:05,2017-11-29 13:37:17,2017-11-29 21:45:42,2017-12-22 21:19:08,2017-12-19 00:00:00
5b9e9502eca103a28ea22a94c65e3950,2ca74d2c5cfa0271fc22ec1e18262f83,delivered,2018-08-06 09:37:50,2018-08-06 09:50:26,2018-08-06 14:17:00,2018-08-27 18:55:45,2018-08-20 00:00:00
e985dab0862fa067f40e4c0d54a7405f,384d79f1020310fdeecaf440abd4f0ca,delivered,2017-03-18 17:27:44,2017-03-18 17:27:44,2017-03-24 17:32:53,2017-03-27 14:06:48,2017-04-17 00:00:00
fa2f3e66fa5ba473c46b0329d4e5773f,fe5b0bd5dd8f0e4258e49860f41afb30,delivered,2017-09-28 23:47:04,2017-09-30 02:24:46,2017-10-03 17:20:17,2017-10-07 14:55:13,2017-10-23 00:00:00
a1e339ab5b57754551c63176e6d98528,d3878d302b1f3a54da025c3c593c48cc,delivered,2018-04-16 19:03:42,2018-04-17 17:55:21,2018-04-18 19:38:25,2018-04-20 20:07:37,2018-05-09 00:00:00
7e1fd738713d62b9990ced922d2dff77,d13c56e89c552769083af66262d93f1d,delivered,2018-04-08 20:31:51,2018-04-08 20:50:05,2018-04-09 18:55:30,2018-04-19 19:29:28,2018-05-02 00:00:00
b9959849df990d9d16667ecf7c9a862f,306e7c7c95b0e0a2d2c221fada96e6cc,delivered,2018-06-02 12:51:29,2018-06-02 13:10:11,2018-06-04 13:58:00,2018-06-08 15:32:13,2018-07-11 00:00:00
00254baeb6c932b0a8aeead91fbd02b5,ce0421a97232c2a1194cdb66cd3ebb9d,delivered,2018-05-08 21:45:54,2018-05-08 22:14:46,2018-05-09 13:51:00,2018-05-30 19:38:36,2018-06-05 00:00:00
8056f3074c90b0bec67d3d71a204562c,8a89e4273435c16dd1d56d19e7670520,delivered,2018-02-23 16:23:54,2018-02-24 02:50:47,2018-02-26 20:08:49,2018-02-28 20:25:25,2018-03-09 00:00:00
09a83ffe176e7f00f3b93584ee9fb07c,dd7ac74cff12b8539e9c6d3e641d4542,delivered,2018-04-03 17:07:28,2018-04-03 17:28:54,2018-04-04 20:34:57,2018-04-17 03:03:41,2018-04-25 00:00:00
4000a14f1fc84e2943e3440a9089be35,8f1aa577a2f42237862c7631ee8e4a0f,shipped,2017-09-29 22:44:22,2017-09-29 22:56:41,2017-10-03 14:23:43,,2017-10-24 00:00:00
ca56cc083a7aeed15fdfd437874cd0e3,87e60e619ad3ef385afa955728751bf9,delivered,2018-08-13 17:36:48,2018-08-13 17:50:24,2018-08-17 07:27:00,2018-08-21 21:44:57,2018-09-04 00:00:00
4f83feea808ce7b6c6b80576c4f82809,447efb5f82d6ea044ec12018f2a69dc2,delivered,2017-08-08 12:00:37,2017-08-08 12:15:18,2017-08-09 13:53:31,2017-08-10 21:42:12,2017-08-21 00:00:00
8ab9b41f4fa44e65eabf1c4139e415a6,bf90c9739e44dd9e3f1af117ba6ab250,delivered,2018-07-16 09:24:38,2018-07-16 09:44:20,2018-07-16 13:39:00,2018-07-23 14:41:47,2018-08-09 00:00:00
38e44f1c4cba91d352a62abf15ecf119,c17ade8d5755b2f05c32066c18fed6dd,delivered,2018-07-30 12:28:26,2018-07-30 12:44:51,2018-08-02 14:34:00,2018-08-03 14:03:24,2018-08-06 00:00:00
61ad3c7c76c5dca4255fc8fedc12b857,63c29c68ea4ec92a4adb4792f42429db,delivered,2018-05-17 09:41:01,2018-05-17 10:38:36,2018-05-18 12:47:00,2018-06-08 18:22:30,2018-06-11 00:00:00
644e4fc3f5cdee08df44f2534319fac8,8fa215d5f711d5763a7c11e7cc0cd79c,delivered,2018-07-02 00:11:34,2018-07-03 00:50:52,2018-07-03 13:55:00,2018-07-11 14:59:04,2018-08-06 00:00:00
15d849612f479d808dc030e4e1ba39d6,2acdef3bbc645b7c6d134cfcb9845d14,delivered,2018-07-22 15:56:15,2018-07-23 12:31:42,2018-07-23 16:55:00,2018-07-30 17:28:44,2018-08-06 00:00:00
c5e0223ff36f3c5128010ee14e7ee6d1,7efb46efa7e2eb3b59708f337033e05e,delivered,2018-04-01 12:58:20,2018-04-01 13:47:30,2018-04-03 20:41:56,2018-04-04 22:12:27,2018-04-17 00:00:00
a9903e12b56d3ec4c2de257bfe2cdc80,4ddaddea1ea57c06e540097ca6f6dd41,delivered,2018-05-23 12:34:28,2018-05-23 12:54:49,2018-05-24 14:16:00,2018-05-28 12:08:41,2018-06-13 00:00:00
e6644b4a8ee7cbabd5f50b29eb478cf4,8c45922ab37124236061691bacfbc7f7,delivered,2017-09-05 16:55:51,2017-09-05 17:10:14,2017-09-06 18:06:12,2017-09-11 15:06:35,2017-09-22 00:00:00
98546163385352e1876cead1613db3d1,9f894db50c8048a9a6a7b242f449a4a2,delivered,2018-07-28 19:31:34,2018-07-28 19:45:15,2018-07-31 15:50:00,2018-08-03 18:30:50,2018-08-16 00:00:00
8d87a1565de3eff8cb87fcacd8ba101b,38fa2c2a1a69a2448ae63b3aced4d39d,delivered,2018-08-04 13:32:22,2018-08-04 13:45:17,2018-08-06 18:18:00,2018-08-10 17:48:53,2018-08-17 00:00:00
0bdba50744ca6b6e2c44940e00050e5f,7008f7f2a9a222280115cc2a4f2e5b34,delivered,2018-05-15 11:39:10,2018-05-16 17:57:45,2018-05-17 14:43:00,2018-05-22 17:46:19,2018-05-30 00:00:00
192e538533b361520db4c0845c742114,177fae6c4c665b390cf4fc8a550e2bff,delivered,2018-06-03 16:18:54,2018-06-05 04:51:48,2018-06-05 14:21:00,2018-06-08 20:18:47,2018-07-05 00:00:00
67b1dc65d26c33458a65a0dc85c2d682,30e74714b11f5396bc7c316578129f4f,delivered,2017-05-02 01:58:38,2017-05-02 02:05:12,2017-05-02 14:18:24,2017-05-18 11:00:11,2017-05-23 00:00:00
d4c7d646f06e6b9cd7435413052a24db,8a91f4f2d274b6dc4ad4dc3121c9522d,delivered,2017-08-30 23:39:47,2017-08-30 23:55:12,2017-09-04 14:52:05,2017-09-13 19:18:01,2017-09-21 00:00:00
17ca01c238bad17cd6c09179888b6d7f,6b7952531c69a1aa023c64d547ed6af6,delivered,2018-07-31 15:08:53,2018-07-31 16:31:39,2018-08-02 12:53:00,2018-08-03 12:02:47,2018-08-08 00:00:00
ca5b72f1f41040f1639938311a47dafe,59a7e08ccad572450a55fa66f39a413d,delivered,2018-03-16 09:38:56,2018-03-16 09:55:23,2018-03-19 20:08:54,2018-03-20 20:48:21,2018-03-28 00:00:00
6a2bbff940a0666437c99b8e604f54d5,0cc57b6063fc8fc10e6fbc1abd93991b,delivered,2018-07-11 14:38:31,2018-07-11 14:50:17,2018-07-12 10:20:00,2018-07-13 20:44:30,2018-07-20 00:00:00
598b41f7e6530d25a72da2cc18223cf7,516a60cbb0bc2784ea93313fed99ea77,delivered,2018-04-06 23:51:05,2018-04-07 00:10:26,2018-04-09 20:48:40,2018-05-08 13:41:40,2018-05-18 00:00:00
aa7d642fecef401c80602a4dcb0a82ac,b2b6a80eb03f1c08201222ebdc059442,delivered,2017-12-19 22:53:14,2017-12-21 06:49:24,2017-12-27 16:39:21,2018-01-06 14:57:16,2018-01-29 00:00:00
5daa464e9f725bd3b82a90c3a33804a9,add20304a689413d6c3efe6f92931fa7,delivered,2017-11-02 21:24:42,2017-11-04 06:10:22,2017-11-06 22:51:26,2017-11-07 14:12:55,2017-11-16 00:00:00
51ba136bb458846fcc5c1f745da00398,e03c96871bfe3aa277b27c8fa94a2c7c,delivered,2018-04-14 14:55:23,2018-04-14 15:10:24,2018-04-16 21:57:43,2018-04-30 17:51:47,2018-05-23 00:00:00
ffaa8de9aa187ca24510b7758f622c2b,bd57715f216664a048740a3848314fb0,delivered,2017-10-08 18:37:32,2017-10-08 19:35:07,2017-10-10 19:28:15,2017-10-17 15:39:22,2017-11-09 00:00:00
60a0b0a1df29ff83dd9083ffa44b6580,c7a7c4075f96326be4f51c96c534fc39,delivered,2018-05-06 22:38:53,2018-05-08 19:52:56,2018-05-09 10:58:00,2018-05-15 22:18:36,2018-06-01 00:00:00
686c88e6a063eab771785d988188f5c1,969ffc0f7cc1175aa94fc82763b2172e,delivered,2017-05-08 10:35:42,2017-05-09 10:30:18,2017-05-09 14:19:43,2017-05-17 13:04:17,2017-05-19 00:00:00
f7923db0430587601c2aef15ec4b8af4,1318fd61a82a479edaff00217376c052,delivered,2018-01-20 17:38:58,2018-02-20 12:05:54,2018-02-21 18:27:12,2018-03-08 15:04:33,2018-02-21 00:00:00
b128c2e3c0c118fa97dcba44a363c32f,0f7d090d3f00ff3baebb385e738a821a,delivered,2017-12-08 17:56:08,2017-12-08 18:10:17,2017-12-27 13:52:32,2017-12-29 17:14:09,2018-01-10 00:00:00
e871719502deacb16343832ef4623a07,80a56c8941df38a1adeaf9183c112609,delivered,2017-06-27 22:45:09,2017-06-27 23:04:32,2017-06-28 10:21:32,2017-07-12 20:04:35,2017-07-19 00:00:00
25a9d190845d7c88b05484cc31ae09e6,667685fee85de634f3c222e85dd8063e,delivered,2018-01-09 22:17:09,2018-01-10 10:33:03,2018-01-12 23:42:52,2018-02-01 16:06:04,2018-02-06 00:00:00
b12e6c26723c864922c152d097c3e87e,25363919788d198ec5a6e18a8d153a5d,delivered,2018-02-19 21:58:59,2018-02-20 21:55:52,2018-02-21 21:04:47,2018-03-02 16:11:39,2018-03-13 00:00:00
477d9321d31a2e5b37de7ca5c1489dcb,c0d3dde840d9abc8fe89a5e84ea65031,delivered,2018-05-21 11:13:59,2018-05-22 08:15:59,2018-05-23 12:56:00,2018-06-04 18:58:42,2018-06-07 00:00:00
c7b090b5048ef4f18fe02ef328421afd,aef2b3b4d4558d1dcdb092339601fb58,delivered,2017-03-27 19:10:46,2017-03-28 09:22:44,2017-03-28 10:11:45,2017-04-19 11:25:52,2017-05-02 00:00:00
0846185a9dfd578106358936887eb8a5,2072fec3b5c685b0c11a2aadbed58072,delivered,2018-01-02 12:29:58,2018-01-02 12:37:28,2018-01-03 18:14:10,2018-01-10 01:52:01,2018-02-05 00:00:00
ad2bc4bc90fede8f8810766afd32db7a,cd4798a175d55f962939a67e08f97934,delivered,2017-05-02 16:29:13,2017-05-03 15:50:24,2017-05-05 13:09:16,2017-05-15 15:48:15,2017-06-05 00:00:00
add1f9c9ebf56bbc8a9f814f34bc5972,526e1917116337f5b1c6f76327ac7b28,delivered,2017-06-29 18:26:56,2017-06-29 18:35:10,2017-06-30 14:19:58,2017-07-06 10:27:48,2017-07-12 00:00:00
b82f05ed1c1a8045489ff9ee86415c9c,cf361a577c7a3a851422f48baf8fc07f,delivered,2018-08-19 20:46:26,2018-08-20 13:10:30,2018-08-21 07:04:00,2018-08-30 18:48:49,2018-08-30 00:00:00
00bd50cdd31bd22e9081e6e2d5b3577b,1e47b918581b562a9d8d9f85fcb9b1e5,delivered,2018-01-14 22:31:54,2018-01-15 09:56:33,2018-01-15 19:43:56,2018-01-22 16:03:40,2018-01-30 00:00:00
88594435967726f387be4e2e6db45f41,5f2e4b4b4ab6b3c9a85391c814d62172,delivered,2018-07-30 20:28:22,2018-07-30 21:04:19,2018-08-01 15:31:00,2018-08-07 03:22:03,2018-08-09 00:00:00
e97c5b2fbc059aff15280edf4ff75dab,096998a766ecdf5781ac34029965b83f,delivered,2017-08-15 17:31:14,2017-08-16 03:30:23,2017-08-16 17:07:46,2017-08-17 15:39:38,2017-08-28 00:00:00
b1289cabdcce49b33ed523da21d98ccd,ff886777efd58cd30781969d96dfe558,delivered,2018-05-02 20:32:30,2018-05-04 02:51:47,2018-05-04 15:46:00,2018-05-09 19:03:02,2018-05-25 00:00:00
12ada6ec0be92b66bd3392b1764a4588,eab21889a85eb78465b7d239df693daa,delivered,2018-08-04 08:55:29,2018-08-07 04:55:27,2018-08-07 10:48:00,2018-08-13 16:24:34,2018-08-21 00:00:00
3937b5e90887b4a6c5e4102865c4338f,8fe93bf674e747a279720f0f88013776,delivered,2017-05-16 13:39:43,2017-05-16 13:50:15,2017-05-18 12:27:44,2017-05-22 18:04:37,2017-06-02 00:00:00
e4272316e0c554e6648e2148434abd44,1588d0ba7118a3b06dfde1e949bd7f80,delivered,2018-06-28 10:31:49,2018-06-28 10:50:37,2018-06-28 13:07:00,2018-07-11 09:48:40,2018-07-25 00:00:00
5c92575d54d9782d6f943b342d27646f,2382733f0f5edc1be5b3b4e3a6ac0e17,delivered,2018-03-20 09:40:46,2018-03-20 09:50:26,2018-03-22 20:23:39,2018-03-27 00:25:43,2018-04-02 00:00:00
132c1bd080e7310cff7fac26d6d3ee31,98eb4f8f0e3cc913f886a2fb3b31483b,delivered,2018-07-20 08:21:46,2018-07-20 08:30:15,2018-07-20 13:38:00,2018-07-30 14:42:00,2018-08-17 00:00:00
fae7dc0d8a654c758ccafa1a6bb974d8,aa79b7e6884289b8ebd179445f17ea89,delivered,2017-09-30 12:08:44,2017-09-30 12:25:14,2017-10-03 21:47:08,2017-10-09 18:37:55,2017-11-01 00:00:00
ec48402bbc28b1e4f252da4031bd502a,ea28df51bed45fdaa24c4fddfe7cbaa1,delivered,2017-07-17 20:29:19,2017-07-17 20:43:21,2017-07-19 17:16:55,2017-08-28 19:49:49,2017-08-18 00:00:00
f8a0c2f75253cacddb95753652794c0f,ba3e4b522140831766d5edca1609aa0e,shipped,2017-04-06 23:05:31,2017-04-06 23:22:38,2017-04-10 11:37:46,,2017-05-10 00:00:00
b8f556e0eb31034a9346b2d045c90186,dc22192b47c4e49aa885def47e184afc,delivered,2018-03-02 20:52:50,2018-03-02 21:15:28,2018-03-09 00:10:44,2018-03-21 00:38:46,2018-03-26 00:00:00
3a2055cbe4a8f77c7d7a861ca36170f4,457947d8c467714d88bbf3c3b9080009,delivered,2018-04-19 19:18:37,2018-04-19 19:31:29,2018-04-20 22:49:00,2018-04-24 20:41:10,2018-05-29 00:00:00
8b1a244fd71d5bc234197998cd5bc59a,361bd224b13023572993116851359697,delivered,2017-07-18 17:32:14,2017-07-19 06:43:02,2017-07-21 21:37:27,2017-07-28 15:18:28,2017-08-14 00:00:00
8a86e7cff2154483000ed469d5f528ba,c8fcd19ff9dde8ea152754737f5e4be3,delivered,2018-01-08 23:02:25,2018-01-08 23:13:27,2018-01-11 17:27:45,2018-01-23 23:48:53,2018-01-31 00:00:00
b10fbded9b8c10d0892d9cce947ee441,1a078bd3687da0e2d34c8eea463b975a,delivered,2018-01-04 15:14:41,2018-01-04 15:47:18,2018-01-05 22:55:11,2018-01-20 16:36:32,2018-02-08 00:00:00
ca8276d40ebcd4e88a35f5eab3965751,c652d1d01c5764587fc6e4ca301c2c0e,shipped,2018-03-28 17:45:43,2018-03-28 18:08:45,2018-03-30 00:58:45,,2018-04-24 00:00:00
20d5211ad925caa21c6293ea560f9e97,66fa6729af7affe069f99452dde687e5,delivered,2017-09-06 20:42:46,2017-09-06 20:50:11,2017-09-11 20:52:54,2017-09-20 20:57:34,2017-10-02 00:00:00
dacc1d14290a31a69356ad5944fe88a3,b19e33e06a17226d1c43cf71de74c542,delivered,2018-01-08 10:49:31,2018-01-09 07:18:03,2018-01-10 18:42:32,2018-01-20 15:51:12,2018-02-02 00:00:00
f8dfc821045ffbcaa7a319a3320f7258,393c4212a4f6955961daf9fdece23deb,delivered,2017-06-17 11:07:08,2017-06-17 11:45:36,2017-06-19 17:14:00,2017-06-29 13:32:02,2017-07-17 00:00:00
a379a199737c91a626e5d746f9ca6b51,4fe15228dbf2e1517f703e141253e0af,delivered,2018-04-22 19:10:31,2018-04-24 18:39:42,2018-04-26 14:33:00,2018-05-08 00:21:48,2018-06-04 00:00:00
6be7ed9af3a3acaea3b1385c7bb83221,3ad7abb82356a20d7f2c26c3517291d9,delivered,2018-03-05 10:31:01,2018-03-07 14:49:40,2018-03-13 18:26:31,2018-04-13 19:12:32,2018-04-02 00:00:00
d7ff97f4c7ab6c9a6ba9cfa8db9b04b9,a8c0a3b17db7d15e74b22a926aa8a2ef,delivered,2018-06-10 01:20:32,2018-06-12 04:17:34,2018-06-12 13:42:00,2018-06-22 20:13:45,2018-07-12 00:00:00
20f7896699fcfe24f3b5b2ae54899d2a,ffc1df0bc187796047379f3b99a4f08c,delivered,2018-04-26 01:05:51,2018-04-26 01:15:18,2018-04-26 14:58:00,2018-04-27 23:51:46,2018-05-14 00:00:00
8ab12616ff9cf79ce869bcfd0c7dec3f,6796f5ccba24f2ff5db634fb69f4b64a,delivered,2017-10-09 14:50:32,2017-10-09 15:14:33,2017-10-09 21:06:18,2017-10-20 12:42:52,2017-10-26 00:00:00
47367d800613791c119ec33ee79cd9f0,212910421824dc61368dd3c1b82c0fce,delivered,2018-05-31 17:07:48,2018-05-31 17:32:59,2018-06-04 12:58:00,2018-06-11 14:32:24,2018-07-04 00:00:00
ec6d1b017b14b90d5c60fcfdc2b7216e,7680688f55ee8206975809c9ff59b046,delivered,2018-07-27 10:09:36,2018-07-27 10:44:08,2018-07-27 13:52:00,2018-07-31 21:38:45,2018-08-10 00:00:00
16fda78951899265f9a26ab3c5f17c4c,7ed80899c1cc6c7779597683fab0ae70,delivered,2017-11-07 00:27:49,2017-11-07 06:31:23,2017-11-16 15:25:48,2017-12-13 17:47:58,2017-12-15 00:00:00
5be7a00f3302bbc55973ecf0d9322ba8,0e1169a273c00760595751dbbc636efe,delivered,2017-08-04 13:24:31,2017-08-05 03:03:23,2017-08-07 20:12:08,2017-08-11 17:06:48,2017-08-28 00:00:00
1583de3d51014f31277a5ba28511c32e,fa249529c7e571e281180b0b0db22a90,delivered,2018-03-19 12:44:33,2018-03-19 12:57:04,2018-03-19 23:48:24,2018-03-24 14:03:02,2018-04-09 00:00:00
f4ed6d734bd3faba403a2dfdf49400b0,6768f81d9f31aef88fd9adf5b513982f,delivered,2017-02-01 10:13:10,2017-02-01 10:25:20,2017-02-01 11:01:41,2017-02-13 08:01:18,2017-03-10 00:00:00
c7c0573cccba9f9162671f96f5f12e60,355e76c739f0764ef68efe0ad8ef6150,delivered,2018-04-11 09:08:40,2018-04-11 10:50:57,2018-04-17 13:16:30,2018-04-26 12:19:53,2018-05-14 00:00:00
503a4b807aa2c90fcf93c3c5e85a33d1,3d592ab2d4535befa147faf75be28176,delivered,2018-06-08 14:16:06,2018-06-08 16:30:46,2018-06-11 12:26:00,2018-06-13 17:02:50,2018-06-29 00:00:00
7860e9b8501efdbdc0be993136da3c52,fce71f731eee55cf8aa62f8fcd6c43bd,delivered,2017-05-22 13:47:12,2017-05-22 13:55:21,2017-05-22 14:56:53,2017-06-01 15:53:59,2017-06-13 00:00:00
1125c81efc6a16e16349a678434feac0,53031c006554e1e156ceada9024bba5b,delivered,2018-01-18 14:13:04,2018-01-19 02:37:54,2018-01-22 14:18:44,2018-02-05 18:38:54,2018-02-20 00:00:00
e52c6e92f7cbd3a898e0a61f1de4faa9,1acb698ac3abc056a22d474b83d60ff5,delivered,2018-03-19 08:57:28,2018-03-19 09:10:26,2018-03-19 18:52:00,2018-03-22 23:54:36,2018-04-05 00:00:00
1c1e0f9cc23b897d0dafed078015e273,fdfc8e4fd54596e9afe094b285258121,delivered,2018-03-30 18:37:00,2018-03-30 18:50:26,2018-04-02 21:58:49,2018-04-28 00:19:18,2018-05-03 00:00:00
16d479a0c1dc7afd13f40f670ff94787,2e003756577bc36a2bebcec7691376bd,delivered,2018-01-24 10:47:49,2018-01-24 11:12:26,2018-03-02 18:52:19,2018-03-13 13:24:36,2018-03-28 00:00:00
cece1bcff59bfbd50f678ef597d4f3be,0a2e46d5bf599fe5a55cef70be8ac956,shipped,2017-05-03 10:21:46,2017-05-04 03:03:15,2017-05-04 14:19:51,,2017-05-26 00:00:00
99ee8e68cacd5e1b674946811a8e0fec,4aace62d0cff2c5f4cde5f590f16c26d,delivered,2017-11-24 23:43:39,2017-11-28 02:53:39,2017-11-30 00:26:57,2017-12-12 10:49:59,2017-12-19 00:00:00
f567f02b20d72fd018320dc1d3a9d597,c2e6dbd0a0ea545d1eb23ae45ceb40c7,delivered,2017-12-10 23:08:20,2017-12-10 23:19:21,2017-12-12 19:14:02,2018-01-27 14:06:26,2018-01-10 00:00:00
e95cac7e9ed8e477d726d47f72f420c6,66b6452526c64a892e836a6cac812833,delivered,2018-05-11 17:28:16,2018-05-11 17:50:49,2018-05-14 15:15:00,2018-05-15 17:52:30,2018-05-24 00:00:00
f11844e5101079fad91a7d31842b9ca5,7c16089b205d76e0e6c1b60525521316,delivered,2017-08-14 20:09:26,2017-08-14 21:15:12,2017-08-17 16:57:56,2017-08-28 18:58:41,2017-09-13 00:00:00
9f9ac312604229686c04260955495c70,3357c4c3ecf82709236158cb2ac0ce9b,delivered,2018-05-24 11:38:02,2018-05-24 11:53:34,2018-05-25 13:12:00,2018-05-28 12:36:42,2018-06-11 00:00:00
768bb5189d917642e1ea949aa69c553b,6830eb32e96945a8f31e658357a94d15,delivered,2018-01-08 10:39:19,2018-01-08 10:48:16,2018-01-09 16:17:50,2018-01-12 21:12:50,2018-02-01 00:00:00
4ab7754a33cb42f911a6a351017af4db,cd8f93bdfd2852f5f1950cec8067626a,delivered,2018-06-27 22:23:33,2018-06-28 01:11:26,2018-06-28 09:52:00,2018-07-04 16:30:46,2018-07-23 00:00:00
22186f12324a0f795921a6bbc8e7ad01,f032b7eb7d1b197203f63cc311e4fc0c,delivered,2018-05-10 22:42:34,2018-05-10 22:57:29,2018-05-14 06:35:00,2018-05-21 19:47:46,2018-06-07 00:00:00
1d51ae87301624c9ef9d4d704d44a8d6,24320b3ed965c9a77e450cde53f24390,delivered,2018-03-15 22:56:52,2018-03-15 23:11:07,2018-03-16 20:02:45,2018-03-20 18:11:50,2018-03-27 00:00:00
5410087995e1ebb53c26ce8e52ff29e0,febf66a130bc1bc3d35546f466261511,delivered,2018-07-14 00:04:42,2018-07-14 00:23:55,2018-07-16 13:37:00,2018-07-20 15:33:36,2018-08-03 00:00:00
4f1c6e9035b4c97d6b553c6a26f1b20d,7380f3de73db25f7bb524f33e19d58de,delivered,2018-04-27 23:54:54,2018-04-28 00:10:53,2018-04-28 09:35:00,2018-05-07 20:49:13,2018-05-11 00:00:00
14bdad39d75d79fe79a30ed0cefa2794,400b86467931388f2226d4f87d2dc533,delivered,2017-11-13 11:19:58,2017-11-14 04:15:32,2017-11-16 14:29:37,2017-11-25 14:58:47,2017-12-06 00:00:00
a0ef346fe1ea82e048e965ab6c20623b,aac7996cd5a3e93ba06ebbc0ead5a3df,delivered,2018-02-15 17:38:00,2018-02-15 17:50:28,2018-02-16 23:40:11,2018-02-19 17:29:46,2018-03-02 00:00:00
87049d4b9b8517e7f78b3724f698c4a1,7b87e4074ae4ee57ef2f7a7df19fd937,delivered,2018-07-05 11:26:52,2018-07-05 12:30:43,2018-07-05 14:25:00,2018-07-07 11:40:56,2018-07-19 00:00:00
55e1aea2308e1c019ef7ea60766c5f7c,ee38123eeeb0786f8e6b186158a7b080,delivered,2017-04-12 15:36:54,2017-04-12 15:50:16,2017-04-13 11:51:29,2017-04-20 16:26:57,2017-05-04 00:00:00
0fb63c1a900398faadaf818216263fd5,fe12e2e42ae4e9e2bbbfee8d0d801bf7,delivered,2018-03-18 21:20:17,2018-03-18 21:35:25,2018-03-19 17:48:47,2018-03-20 18:46:53,2018-03-29 00:00:00
621dfc6b37830d617db3724b903c053d,1d78fdc748d6a5fe0eb2dafbfe64fd46,delivered,2017-09-19 13:11:46,2017-09-21 02:47:11,2017-09-21 20:38:25,2017-10-05 21:32:54,2017-10-17 00:00:00
a48afd5d3f7546105c87adca63347dd4,f1a25d8a8bbff4b41d93cc4762363e44,delivered,2018-03-11 20:30:19,2018-03-11 21:28:05,2018-03-15 18:37:47,2018-03-26 15:16:47,2018-04-06 00:00:00
301e525fb20b6bdc7efa5525f27b722a,e583d14ac71d84ca68c7773687becaf8,delivered,2018-01-11 15:40:47,2018-01-12 02:35:24,2018-01-15 17:42:25,2018-01-25 22:34:23,2018-02-09 00:00:00
1c6fa4d79455e9a037cc62611a4b4f6a,b1841b4b52716344007a9f71b193a51a,shipped,2018-03-26 12:23:43,2018-03-26 12:35:24,2018-03-27 00:11:25,,2018-04-18 00:00:00
6e03e8525003c5a756f7c3c5bd8fea79,d45dad93b2d2a50823475fe1a49a4091,delivered,2018-04-19 21:46:04,2018-04-19 22:11:38,2018-04-27 14:30:00,2018-05-09 17:11:14,2018-05-09 00:00:00
bcd03a007dcad04bc88701f563b985b7,39f707c5c87d5f8c8e4a26ce95292a81,shipped,2017-02-08 21:31:38,2017-02-08 21:43:06,2017-03-13 07:57:37,,2017-03-17 00:00:00
9a4efaf7ec75fc5669a3526c0a838e80,f61344ffb27f53f1a65d6efef45d1936,delivered,2017-12-21 18:37:24,2017-12-21 18:52:43,2017-12-27 19:35:42,2018-01-05 22:14:25,2018-01-17 00:00:00
70c13d94aa6f2f57d27a7babb9f0d215,333bd9e7da0cdb867ce8c636a5ab1e0e,delivered,2018-08-26 12:06:17,2018-08-26 12:15:19,2018-08-27 13:53:00,2018-08-28 20:50:44,2018-09-03 00:00:00
965f41a5261d9e54ef1e3c7944ed618d,b1ddbe8d116b700e6af3e23fdb0778cb,delivered,2017-04-14 01:25:25,2017-04-14 01:35:05,2017-04-17 10:44:15,2017-05-03 12:47:54,2017-05-16 00:00:00
17652775c09e10b443bd345a5c4b2f16,20e14442b1d0d31ac2f8694ffe76970e,delivered,2017-12-08 09:20:20,2017-12-08 09:31:33,2017-12-14 02:48:55,2017-12-27 19:13:10,2018-01-10 00:00:00
42058e87845d32cb0c0ccef5e01bba32,3f056fd2219b2981885207ab0eed19e3,delivered,2017-12-26 11:42:57,2017-12-26 11:49:22,2017-12-27 20:28:09,2018-01-11 21:15:09,2018-01-24 00:00:00
46e4569961d0f4ff5a4e8ff82a4396bf,62026161b4b4f0717540f9070b297971,delivered,2018-01-01 19:11:09,2018-01-01 19:27:12,2018-01-02 17:36:54,2018-01-19 17:29:08,2018-01-31 00:00:00
68fb895df51e234a55fbf5c30c873fd2,003c7cadba4f182b9f22d7d5ea7a5003,delivered,2018-04-19 11:58:57,2018-04-19 12:14:13,2018-04-20 23:06:52,2018-04-25 13:33:06,2018-05-14 00:00:00
0d5286ba45f14f5c1d188ccfe21a79c4,89a9c5b796cc976df69653a4c3e1d9a3,delivered,2018-07-14 17:03:50,2018-07-17 04:31:37,2018-07-17 13:52:00,2018-07-25 19:04:46,2018-08-09 00:00:00
35219838fa57f17493790b796f51a77e,c4fd402d92b11f47ef07a2412e96fdf0,delivered,2018-02-24 20:49:32,2018-02-24 21:07:30,2018-02-28 23:04:29,2018-03-09 13:48:25,2018-03-21 00:00:00
f8fee5c95b443de37ac3a41371fb1e0b,2f4bb8c2fc25643fbe67ba5c85c007e7,delivered,2018-02-21 20:29:43,2018-02-22 17:15:55,2018-02-27 17:22:24,2018-03-21 19:34:28,2018-03-21 00:00:00
49ca48df0a214b5dd020f41336cedf5e,5b985c8b77fba94494956d5f1e717933,delivered,2018-05-08 20:21:49,2018-05-08 20:54:58,2018-05-09 12:12:00,2018-05-18 18:31:11,2018-05-30 00:00:00
7d513824c667a2e85bbf10cb740bf289,2a6d528bdc943b263029c518703f5367,delivered,2018-03-29 22:10:38,2018-03-29 22:26:46,2018-04-16 13:44:58,2018-04-23 22:42:06,2018-05-03 00:00:00
b19acb6792d4bfe1525f344d2daa0f7e,05d1fa79c47dc2ca3aeb95c25db11af8,delivered,2017-11-13 13:20:28,2017-11-14 03:55:26,2017-11-16 16:41:23,2017-11-17 22:05:00,2017-11-27 00:00:00
150da40a26382d8954208e5bd858c285,5c1e671a4aa801765a27d5081fc1622a,delivered,2018-05-22 11:20:17,2018-05-22 11:37:27,2018-05-29 07:15:00,2018-06-06 20:22:24,2018-06-14 00:00:00
21f81def80da96111c7afeeab35f9513,e38a634ead0b1d1c493f31fea7eb8bd2,delivered,2018-05-31 09:37:14,2018-05-31 09:51:09,2018-06-01 14:53:00,2018-06-04 18:22:42,2018-06-26 00:00:00
119875f10276db041c92209d8e71826c,c39ecfa4a990491a861ff5cbe6b80ec2,delivered,2017-11-21 14:26:37,2017-11-21 15:32:11,2017-11-22 21:48:32,2017-11-28 21:49:47,2017-12-11 00:00:00
d6c0642f2b29bbf0b2dba5bcee57c3b3,dd723c931e059fd21ee30dd8b1cf9870,delivered,2018-03-17 16:03:49,2018-03-17 16:15:33,2018-03-21 17:18:42,2018-04-02 18:23:26,2018-04-05 00:00:00
e37fbd45af4b09e473cb0805b49bdca7,18cb5869ae95b1e2ab7b17760b9e97d0,delivered,2017-08-03 12:48:23,2017-08-03 14:50:13,2017-08-07 19:08:35,2017-08-18 18:27:57,2017-08-25 00:00:00
d17e55847c962eeaa8966bcc0c758492,4d4958bba1328dc064c4a3f664f5287a,delivered,2018-05-01 20:39:02,2018-05-01 20:55:38,2018-05-04 08:09:00,2018-05-15 23:18:29,2018-05-24 00:00:00
37c495d368ea5de5c25f2c5be7261ce8,02d22b2dd08fd5b4bb3ebac28f73d68c,delivered,2018-07-26 13:23:38,2018-07-28 02:45:21,2018-07-28 08:56:00,2018-08-03 18:23:34,2018-08-09 00:00:00
a1259693d26fb84a646c5c4a913a7c40,f1dd969025776935e2b9dd2a17ec87c2,delivered,2017-11-03 13:32:48,2017-11-03 13:46:12,2017-11-03 21:07:49,2017-11-10 20:18:50,2017-12-05 00:00:00
655e65fc77c14d8f715cf7f9684182b2,453ec893900bfbc0c5cbc3e706102435,delivered,2018-01-10 10:41:32,2018-01-12 02:35:33,2018-01-16 01:04:30,2018-02-15 18:57:47,2018-02-16 00:00:00
ceacfc79fb663f8a32139c94f5850d23,c8b401513911c82f3cb4e40dc26cfc64,delivered,2018-03-26 21:39:02,2018-03-27 21:35:20,2018-03-28 19:51:11,2018-04-10 14:45:48,2018-04-12 00:00:00
9731b9dcecf4024f99c9faa130acc841,0f40ab9e9635185fe9b9e42c0f7d4fea,delivered,2018-06-20 20:50:25,2018-06-20 21:18:08,2018-06-23 08:31:00,2018-07-03 22:12:43,2018-07-25 00:00:00
5c1467c496453200a6fa4414c1a90607,f06f34df08da6d0ef5adff44bab75ff5,delivered,2018-02-20 20:01:19,2018-02-20 20:10:26,2018-02-21 21:22:32,2018-03-05 22:42:41,2018-03-12 00:00:00
3e5d60bbe5a6016db3afe77e64b4ea16,46ec73876cebebf34f06e8e1d4c3cb4b,delivered,2017-12-04 22:14:17,2017-12-05 10:30:47,2017-12-12 21:22:34,2017-12-26 21:36:57,2017-12-27 00:00:00
2fedd359e74e253fb0676dc7f86d3075,c7ba62ae9af40ba94f07020670d03ed0,delivered,2017-09-26 15:36:13,2017-09-26 15:49:41,2017-09-27 20:14:38,2017-10-02 19:19:15,2017-10-26 00:00:00
9847fce753aec51f55dc5f6a5bc3e732,1afc6147af870917a3660e15c7a41b06,delivered,2018-06-29 09:23:36,2018-06-30 10:10:22,2018-07-04 14:51:00,2018-07-10 16:44:50,2018-08-02 00:00:00
5adea766ca8f3521f957b27154b09761,2cc81b7f51e08b9f200fff0fc2eec98d,delivered,2018-07-28 20:32:43,2018-08-02 23:30:35,2018-07-31 11:12:00,2018-08-09 14:16:41,2018-08-15 00:00:00
ba9a7c92052d9666424a1c3cc395a5fb,3d585c4e4914b64ce5ef202ed17795a0,delivered,2018-04-12 20:36:50,2018-04-12 20:49:12,2018-04-17 16:35:57,2018-05-10 18:33:13,2018-05-21 00:00:00
e702f5931c11055ff25ed94d619f35b4,4d0090e1484f0896bdc470d0b79b5682,delivered,2017-05-14 18:07:52,2017-05-16 03:22:53,2017-05-16 15:17:38,2017-05-26 11:12:27,2017-06-01 00:00:00
924bf106ded4b0612e091dadaf219d14,91f5f46d2de155036be2e3f6c42b80e9,delivered,2017-08-10 14:13:49,2017-08-10 14:30:17,2017-08-11 19:25:58,2017-08-21 22:10:07,2017-09-01 00:00:00
226e0396e8ace4776eaf471b2d6abf89,3d78789a9236efa5e2c7a1c03d426b0f,delivered,2018-08-09 09:00:29,2018-08-09 09:10:09,2018-08-10 14:49:00,2018-08-16 23:18:31,2018-08-23 00:00:00
045eff272f42f0ae0191149686f193e1,9e2ae0d82b9057c99ad147658cd4e336,delivered,2018-04-23 09:07:47,2018-04-24 17:13:48,2018-04-23 23:56:47,2018-04-26 15:41:05,2018-05-10 00:00:00
ac727692880897a9669ed0921296db75,bad622badcfb7d8bd521cba68dfd75ab,delivered,2017-05-15 09:00:01,2017-05-15 09:10:16,2017-05-16 11:42:15,2017-05-26 13:32:30,2017-06-20 00:00:00
d1b41c9a4b92b7549be35392fcd782ab,aa4e8db1608174fbd06df307c6ff687c,delivered,2018-01-13 15:58:14,2018-01-13 16:09:41,2018-01-15 22:09:28,2018-01-22 19:37:03,2018-02-05 00:00:00
b2583516574ac20b8b3ee77ff7418f66,815521f5cf1f66880d30d192f5935a9d,delivered,2017-07-19 14:55:52,2017-07-20 02:23:25,2017-07-20 17:09:32,2017-07-24 17:27:30,2017-08-10 00:00:00
b289f5ff8eeb0ac36ba7d2b507767d44,64054fd2cd8632880c7ed98487b58b6b,delivered,2018-02-04 16:10:12,2018-02-06 04:32:41,2018-02-06 21:04:13,2018-02-23 22:04:59,2018-03-06 00:00:00
dd6c515ece101a11e169c82b0196880f,34fa3fc9de4b0d9cb464ddd69dcb75ac,delivered,2017-08-19 22:11:27,2017-08-19 22:25:21,2017-08-22 13:42:38,2017-09-04 13:55:09,2017-09-20 00:00:00
f5aa338a071dcf7d23d8e6b116bfcab5,da2060eb547f7d8c1753879cbf5c4a02,delivered,2017-11-22 09:52:07,2017-11-24 03:10:32,2017-11-28 15:48:25,2017-12-01 21:03:34,2017-12-26 00:00:00
07ca60831e2821d9443f1a0dccecf9ca,b1ea2dbdd918e521d2337bb77fb335a7,delivered,2017-08-13 12:48:09,2017-08-13 13:11:29,2017-08-14 16:12:42,2017-08-18 20:23:22,2017-09-05 00:00:00
128168ecb360557022d7fe0b83fa149a,d5d89d3d942dc5c0ea022765490200c9,delivered,2018-02-14 23:55:07,2018-02-15 00:27:52,2018-02-16 00:09:35,2018-02-21 20:18:00,2018-03-07 00:00:00
6ab1e9ffa5914f8b0f2c4f4eb98e5a2f,d21cba822a29720de6a03abd22ba057e,delivered,2018-08-03 21:23:44,2018-08-06 07:24:12,2018-08-07 12:56:00,2018-08-17 22:04:34,2018-09-05 00:00:00
6ed6b87e6f8afe27921e761104771bbd,ae5889fe15b781429771c232b8b81d59,delivered,2018-05-07 20:07:28,2018-05-08 04:54:56,2018-05-08 07:18:00,2018-05-21 19:45:24,2018-06-11 00:00:00
ccc5790acbda1b1992f4d1c46204238d,68087023e02c8dccd3e1f3a029a77f76,delivered,2018-06-05 04:01:34,2018-06-05 04:52:04,2018-06-06 14:37:00,2018-06-16 11:55:37,2018-07-13 00:00:00
d3959554e1b8636f9d873e650d4eb407,56e49a976bad6bb2121b6fbbc38f8d3b,delivered,2017-07-29 14:33:51,2017-07-29 14:45:17,2017-07-31 17:43:36,2017-08-07 19:17:32,2017-08-18 00:00:00
7a227e2ea9a13f4337b6a153d3cd5495,dfa0811584fe0dae38f73aedffda6d36,delivered,2018-05-04 00:28:43,2018-05-08 04:14:42,2018-05-08 13:10:00,2018-05-17 01:08:41,2018-06-06 00:00:00
5d0ff76eec63f638ec17684c350fd3f2,85d9deaade850fce1377bd644c12589b,delivered,2017-11-07 20:21:26,2017-11-07 20:35:21,2017-11-08 20:18:48,2017-11-14 20:16:46,2017-11-30 00:00:00
0476f6eca64ad7ce1bef51f7308871bd,aa3e453b2894cbdf8e6c99570abc2b37,delivered,2017-03-27 10:50:53,2017-03-27 11:02:17,2017-03-30 13:13:24,2017-04-03 13:45:38,2017-04-19 00:00:00
0c2766159bd610cb7f38a657ebb28e39,ab4606afb44526c3a33ce2b9c4571b64,delivered,2018-05-09 08:06:13,2018-05-09 08:31:00,2018-05-09 11:00:00,2018-05-15 18:15:06,2018-05-28 00:00:00
85290a706bc1eb761cf962df269cd1bb,4fe25448d0b0474506fcab1e2a157175,delivered,2018-05-03 09:25:24,2018-05-03 09:54:55,2018-05-04 19:01:00,2018-05-10 16:26:03,2018-05-15 00:00:00
142c8688b5b13e21ac5a448a1688b9d7,96c6d161a734e063fba237c7d58f75d6,delivered,2017-01-27 12:31:05,2017-01-27 14:31:16,2017-02-13 06:38:34,2017-02-23 07:34:18,2017-02-27 00:00:00
67829e8aeacd9535f561fa24308579b6,766457f4a2aa4915f43e4a4dbe1b3609,delivered,2017-06-16 12:11:55,2017-06-16 12:25:46,2017-06-27 07:26:50,2017-07-04 13:32:15,2017-07-10 00:00:00
3b61aab5de69abc1731138bd104a777f,8e29c6e9c795eda30cf7f47244720132,delivered,2018-08-25 20:59:18,2018-08-25 21:10:15,2018-08-28 15:05:00,2018-08-30 16:47:53,2018-09-21 00:00:00
4d6e0de22cf1c48f915941d25e043a1a,0dcf39df481099c0fb958ac23ea36283,delivered,2017-03-09 15:32:21,2017-03-09 15:32:21,2017-03-10 09:11:56,2017-03-17 12:35:11,2017-04-04 00:00:00
9b883472f4826d7c694d8c52038a8c67,d9640e2b44e3b7b5b31551ee62cc4a14,delivered,2018-04-01 21:47:43,2018-04-01 22:10:26,2018-04-03 19:47:41,2018-04-05 22:03:25,2018-04-18 00:00:00
0ba01684638233b0955369c3ccbdb414,9e342e03f8a735e0d724a3715c64e565,delivered,2017-12-12 19:43:09,2017-12-14 02:12:32,2017-12-15 17:52:40,2018-01-05 20:28:41,2018-01-16 00:00:00
2be45f506aff5e82c64c2b808fe8a93e,3c4686a68ad60da3cfffd677cb17c1f7,delivered,2018-07-17 07:31:56,2018-07-17 07:45:12,2018-07-19 14:56:00,2018-07-25 19:02:19,2018-08-02 00:00:00
cb75cce6a888911baa94b70ed54fd7be,4c8a48ce3af82ec2c36c2d33dd25e28e,delivered,2018-04-04 07:35:53,2018-04-04 07:49:10,2018-04-04 18:36:37,2018-05-02 18:03:37,2018-05-04 00:00:00
bf2df9a0853cf9f8556a586289f6a29b,6e688f070b3858a019b672d514648fef,delivered,2018-02-23 10:01:11,2018-02-23 10:15:32,2018-02-27 18:52:37,2018-03-20 18:07:41,2018-03-20 00:00:00
31f7635117f842a96eaf8c03bf2c8dbd,272a66e5c06a785604f496b1d4bb8aee,delivered,2017-08-02 20:10:03,2017-08-02 20:25:20,2017-08-07 17:57:48,2017-08-21 16:35:23,2017-09-05 00:00:00
df52ca7830380e7d8f7292e99434eea7,a1902b753d5eeb9831f1d3f89a13fba8,delivered,2018-05-26 11:51:22,2018-05-28 11:03:54,2018-05-28 14:03:00,2018-06-08 10:14:50,2018-06-12 00:00:00
4f6f8c75279983d2c39ca23fca81ffbc,21823ff837e9d3beabb31e5ba035e709,delivered,2018-07-27 17:22:36,2018-07-27 18:00:06,2018-07-31 16:00:00,2018-08-01 22:22:01,2018-08-08 00:00:00
e086a8e8919e918a3f1968ec76281bcc,5f4c2b06e4db0121530536d6b4675b40,delivered,2018-08-04 22:59:08,2018-08-04 23:10:12,2018-08-07 12:25:00,2018-08-13 18:27:28,2018-08-14 00:00:00
afaca608634d9b96175a3c251411ff7d,cfef8a722a8bfcf1b3f42a9b391d912e,delivered,2018-01-10 12:33:40,2018-01-10 12:49:02,2018-01-11 23:44:03,2018-01-15 22:04:37,2018-01-30 00:00:00
32e3f54d03f202e02cfc79f9fd91fd06,27c1ce1f47c189fc4e1b35d8f64dba8d,delivered,2017-04-17 13:12:23,2017-04-17 13:25:18,2017-04-19 10:03:40,2017-04-27 07:08:14,2017-05-10 00:00:00
e061fd2fe7ac86187875963e906ecaa8,a892e4a132cf2f2e6a1e4db449856006,delivered,2017-02-25 13:23:33,2017-02-25 13:35:18,2017-03-01 10:11:11,2017-03-03 11:05:42,2017-03-20 00:00:00
fd243eb2d293eb3b7223dbc2d1789521,31741dae8c3f634f2b1af9474b8178ac,delivered,2018-08-17 01:51:28,2018-08-17 02:09:19,2018-08-17 14:41:00,2018-08-22 02:04:46,2018-08-22 00:00:00
3dadb2b03a23e46461f8a31a340e3476,4495f22e32870c099614fef57458b2c8,delivered,2017-10-05 20:21:44,2017-10-05 20:35:17,2017-10-09 19:51:35,2017-10-16 14:22:50,2017-10-30 00:00:00
d34d50b7ad7857d89ec201de844bc110,22ea9677582d0e8c4ceeaa2a306fd486,delivered,2017-11-24 21:15:46,2017-11-25 00:16:38,2017-11-28 21:36:02,2017-12-04 19:55:07,2017-12-14 00:00:00
9526afac09af0c00e87b74eb7290b6ec,020a406d49fb26441c5cab66fb8309bb,delivered,2017-12-06 12:41:52,2017-12-06 12:51:30,2017-12-07 14:49:02,2017-12-18 17:12:38,2018-01-02 00:00:00
2ec087d40ad96030d054ef730191d7b1,7eed9c9e30469079aef5f771a837322d,delivered,2017-08-01 16:28:01,2017-08-01 17:20:06,2017-08-02 20:32:56,2017-08-21 20:29:29,2017-09-04 00:00:00
15ae5aa73080f369ab385e40f2fd7957,ff6e5da88f99e07a1bd45f6e34b36950,delivered,2018-02-08 09:41:27,2018-02-08 09:50:30,2018-02-09 18:33:10,2018-02-21 18:18:58,2018-03-06 00:00:00
b05ccefa0dbc75b1e0307c4da1cdb772,33b227a9e9ab376b81f76585279e3dd1,delivered,2018-04-20 09:05:41,2018-04-20 09:15:24,2018-04-20 21:21:10,2018-05-07 15:12:15,2018-05-29 00:00:00
65320cb291f4cacd8b0114a29eafa4c7,28802391b537abb352ee02f689cc7abc,delivered,2017-05-24 18:39:05,2017-05-24 18:55:17,2017-05-26 09:59:30,2017-05-29 14:11:53,2017-06-07 00:00:00
25343b5d23ba1a73d782fa405c9a5886,ad44127de955ed1bf705d59c99a27163,delivered,2017-11-21 16:47:11,2017-11-21 16:57:21,2017-11-22 19:32:50,2017-11-30 18:38:31,2017-12-13 00:00:00
74f1a239af663d84eff6f108b68386c6,14ef2be9e656abe8c28f416025221fb5,delivered,2018-05-27 12:30:34,2018-05-27 12:55:39,2018-05-29 12:18:00,2018-06-19 23:18:27,2018-07-13 00:00:00
2cbc139e18b171e8ef81d14f48800cfd,4aa9fe244974a2e7fbd663b9b992a3fd,delivered,2018-05-10 12:40:11,2018-05-10 12:56:13,2018-05-11 13:55:00,2018-05-16 20:42:20,2018-05-29 00:00:00
54f18d2c10104fe74071a821eb92449d,04e5f0d91c302fcabf232b92782a2932,delivered,2018-03-03 12:42:39,2018-03-03 12:55:55,2018-03-05 18:08:04,2018-03-14 13:48:32,2018-03-21 00:00:00
4723c19c571b8206956b23f22bb10959,9f49b356352888c2be3e705569c7e896,delivered,2018-03-16 13:12:17,2018-03-16 13:30:40,2018-03-19 18:38:26,2018-04-05 18:26:48,2018-04-10 00:00:00
fd675af66d4e1a4c1a3bf57b8d31f791,dd0cdcf1e508e48373db51d8d34e3ed7,delivered,2018-08-17 10:42:35,2018-08-17 10:55:08,2018-08-17 12:49:00,2018-08-24 22:08:43,2018-08-30 00:00:00
1d50a1ce4cf6a22155891f66fb4117b0,1be4dacc77876796a16fe15cb714f4ab,delivered,2017-11-24 21:36:30,2017-11-25 03:51:45,2017-11-28 16:46:59,2017-12-27 15:12:19,2017-12-27 00:00:00
47106d9b98c54756baa304fa0f9c36f0,bf77f570c34b1a6960353879d4ba4414,delivered,2018-03-24 16:08:31,2018-03-27 04:08:42,2018-04-03 20:35:24,2018-04-09 22:44:49,2018-04-13 00:00:00
2c819094e160c9568f99b6c9e2440780,7592013487e6871d1847d76f0c3f9441,delivered,2018-03-22 12:29:32,2018-03-22 19:28:06,2018-03-28 18:09:38,2018-04-10 22:28:54,2018-04-19 00:00:00
b32226e3b83849c23551e39452d562cd,248707f9a94a18492fcd8bd5496b67ae,delivered,2018-07-25 04:34:42,2018-07-25 10:44:33,2018-07-30 06:17:00,2018-08-03 22:08:28,2018-08-17 00:00:00
18fc9f8587ebe1c7f604cb74c9364dfa,394e76e6142e712aba5f104757d90984,delivered,2018-05-14 10:18:53,2018-05-14 10:35:15,2018-05-14 14:57:00,2018-05-15 17:00:01,2018-05-22 00:00:00
10251da35626072605d693e816f297ca,91226d2e0845a09fdd86f955c3f32c88,delivered,2018-08-13 15:27:36,2018-08-13 15:49:00,2018-08-13 14:45:00,2018-08-16 18:41:34,2018-08-21 00:00:00
0c3edd1850a593f62fea844191a4424c,b0f003ed46ad45423d4e117c617f8854,delivered,2017-12-08 12:44:05,2017-12-09 02:49:46,2017-12-15 19:53:54,2018-01-03 13:23:16,2018-01-22 00:00:00
1e48c52ecdb582b211ad22ae74ad2247,c32e37aa05c6b07e8b63defaa08a010d,delivered,2017-08-29 19:04:14,2017-08-29 19:15:15,2017-08-30 13:41:35,2017-09-04 22:07:59,2017-09-20 00:00:00
6106af2a0590979c9d7c7918f6eae6ae,cc2f295002062005243ef38ca0f95ebe,delivered,2017-07-13 19:43:41,2017-07-13 19:55:20,2017-07-17 21:38:38,2017-07-24 20:24:49,2017-08-04 00:00:00
fb35078c4e6b1e02054bbc697aea411f,1ad3986272341934a66dc1ba2f26c752,delivered,2018-02-25 17:01:29,2018-02-27 04:31:06,2018-02-27 21:13:57,2018-03-16 13:36:48,2018-03-28 00:00:00
da792ccf2fb581023240f57c7ad5c14a,02ddfa173e4b48752e94d36f0a12872c,delivered,2017-10-15 15:59:05,2017-10-15 16:14:58,2017-10-16 19:13:56,2017-10-19 21:03:30,2017-11-07 00:00:00
d77096ce04b7912640d76928106b9ad7,4e4f1fcd380e01475aa0c276ccadcca4,delivered,2018-03-28 11:12:19,2018-03-28 11:28:06,2018-03-28 20:52:11,2018-03-29 13:06:55,2018-04-19 00:00:00
04af63a78c7e84943b8377fe1b7871aa,cc2799fcab7375793ea883dbed8a3141,delivered,2018-03-28 10:37:40,2018-03-28 10:50:16,2018-03-29 23:54:35,2018-04-17 00:44:29,2018-04-23 00:00:00
e258350306205f6294e6209d92b3470d,50217e5b14b101d3be258ea16edb2ec2,delivered,2017-04-11 20:27:48,2017-04-11 20:35:13,2017-04-12 13:26:42,2017-04-17 17:54:39,2017-05-03 00:00:00
cb6c4c26d63e67ece10d6bcbb79b8dc9,534c53be11d22733e3eed9d84538fbc9,delivered,2017-12-10 22:46:36,2017-12-12 14:16:30,2017-12-13 18:44:45,2017-12-18 20:07:13,2017-12-28 00:00:00
d1c2348d6bb4417cb581eb1d530ae66c,13f36458253f2a3f64986d7f918df945,delivered,2017-06-04 23:24:36,2017-06-04 23:35:10,2017-06-12 12:45:12,2017-06-19 19:18:40,2017-06-30 00:00:00
7daad55127fc91c7f63ae6bd53fe7187,9170c751a78f8727112ac634f6897f83,delivered,2018-07-22 19:37:21,2018-07-23 12:32:08,2018-07-24 14:54:00,2018-07-27 18:34:40,2018-09-03 00:00:00
1d2985e523eaab9f73fa2a2e820a6b12,4d3f111a7518b43408f6cf2d1e3979fd,delivered,2017-11-23 22:53:23,2017-11-25 22:53:55,2017-11-29 18:12:05,2017-12-29 14:51:15,2017-12-19 00:00:00
ea88261735a14be9a4c541e30342fb95,c2c6565d28436b02f51e2f1fc8371119,delivered,2017-11-15 21:46:02,2017-11-15 21:56:07,2017-11-17 20:09:34,2017-11-23 21:28:50,2017-12-08 00:00:00
fbb1fd2f76863e5576087bc1e34b91ea,359b60906e054b0e8cb0310043d5a375,delivered,2018-04-11 08:50:52,2018-04-11 10:50:56,2018-04-17 00:32:29,2018-04-20 17:52:43,2018-05-07 00:00:00
72705672ab6238e6354d9889c34ec409,35fa7db08a8e6c05761c71cc07bac716,delivered,2018-07-04 17:02:02,2018-07-06 02:51:03,2018-07-06 10:28:00,2018-07-09 22:10:58,2018-07-18 00:00:00
7dd3168bde7bc0b9b26ffbcb40ff9150,61a009b8ff38558e6d4b09968e4e2513,delivered,2017-12-05 00:47:56,2017-12-05 09:41:21,2017-12-07 01:32:02,2017-12-19 16:59:13,2017-12-28 00:00:00
2efe2442effe17b5a17637c88ac2d0d8,4df00d75c69bb49ecd3bdf6d667e4d18,delivered,2017-12-04 09:58:10,2017-12-05 11:25:09,2017-12-05 19:35:09,2017-12-07 16:22:50,2017-12-21 00:00:00
2e1b235d488deb88fb0f9282e48e9ddf,fd138d85cb1226958bbf31bb6f618d7f,delivered,2017-11-28 17:57:00,2017-11-28 18:16:28,2017-11-29 21:53:07,2017-12-02 00:33:30,2017-12-21 00:00:00
993bf2a40855c39703b0ac1339be7fbf,3e89ec8c985e880a86ec677401c68e51,delivered,2018-03-04 19:58:18,2018-03-06 03:51:19,2018-03-10 00:02:24,2018-04-24 11:41:20,2018-04-02 00:00:00
517764046d20478235016a57ee3d7f4f,8aa1b4bda7936744ea5b49e61a3668e0,delivered,2018-06-22 15:13:36,2018-06-22 15:38:24,2018-06-26 14:07:00,2018-06-27 18:32:42,2018-07-12 00:00:00
4d29d8084fed9bcab27bf7825de59273,dd977229cead68422de7f3e250f0d78f,delivered,2017-12-04 23:42:42,2017-12-05 10:30:42,2017-12-06 15:12:35,2017-12-12 16:29:03,2017-12-27 00:00:00
880d05a97ca1886faf05a9315d0a3073,18cf299c9041729d3bf4dbe1be44a06a,delivered,2017-11-13 18:23:46,2017-11-13 18:35:24,2017-11-17 19:51:17,2017-11-21 14:13:26,2017-11-27 00:00:00
ec6fad60162a199dc5aa0cbb021b26a8,3c10097a8f8f347a14f94e0099ae17c4,delivered,2018-08-04 16:03:59,2018-08-04 16:24:07,2018-08-06 16:48:00,2018-08-10 19:32:52,2018-08-22 00:00:00
9878cf05ddc72172379e9305a3d1bf46,8e90800b3aa14d1beee20df3a112f409,delivered,2017-05-17 09:30:27,2017-05-17 09:45:18,2017-05-18 06:46:53,2017-05-24 11:25:45,2017-06-08 00:00:00
78ac0881f0e98a1afd25f066d5451d70,bd2957d5d4bf88bcb379f95a029bc3c8,delivered,2018-01-25 14:04:44,2018-01-25 14:20:04,2018-01-26 00:42:59,2018-02-06 21:05:21,2018-02-22 00:00:00
53f47eb788d813aec3149697d6501eb5,a6f6f997537338e883ff387f4a8f4a0c,delivered,2018-02-25 22:54:42,2018-02-25 23:07:52,2018-02-27 19:15:36,2018-03-22 19:32:52,2018-03-21 00:00:00
d2dff3a34116ee2b8d30be3c765ac94e,d36963f1a06842eb57a96a1da29cd66f,delivered,2017-10-25 11:47:29,2017-10-25 11:56:22,2017-10-25 19:32:33,2017-11-07 15:06:52,2017-11-16 00:00:00
26b9d973779b9fe3d4496521aa4d67e9,5d96eed4195d10be7ec450423d9e5635,delivered,2017-06-20 15:02:43,2017-06-20 15:15:17,2017-06-26 12:56:00,2017-06-30 16:22:01,2017-07-10 00:00:00
8b57c0e23a2516e0b9a5259c83fc0883,49673e7454cc72d72b42277eb3c2e871,delivered,2018-03-05 16:20:45,2018-03-05 16:35:43,2018-03-06 20:35:40,2018-03-16 00:46:30,2018-03-27 00:00:00
056ab23f23c13e810d9ab8cbf9fd477d,e92123d0ebc71e37e389e112544064bd,delivered,2017-10-18 13:54:02,2017-10-18 14:14:21,2017-10-20 17:53:57,2017-10-24 21:46:14,2017-11-06 00:00:00
74538272adfc2f280e36afa024395915,55629bd5a2549b657d28239623b50507,delivered,2018-04-20 20:31:49,2018-04-24 19:25:21,2018-04-24 22:26:46,2018-04-25 22:51:47,2018-05-11 00:00:00
d9237a626ce181c849177a05d3e863f2,9175240181368ac501eeadc42307da05,delivered,2018-02-13 20:33:01,2018-02-13 20:50:31,2018-02-14 21:49:06,2018-03-19 16:42:24,2018-03-12 00:00:00
fd8acdf929a762e10cb02698d2116fdd,d784edc44b66b9f9473bc9be729e32b4,delivered,2018-05-06 19:03:22,2018-05-07 18:15:39,2018-05-11 06:35:00,2018-05-17 18:52:06,2018-06-01 00:00:00
60e87cace48a50a9c3524841a75ec0dd,71c688d6ef8c2e62746bbcf7b30fe8f7,delivered,2018-03-03 13:35:25,2018-03-06 04:08:28,2018-03-08 01:26:39,2018-03-29 21:51:29,2018-03-26 00:00:00
5e791294b4404ec12340f4c938c10cbb,80ded7f148068beb75d793df04bb020f,delivered,2018-02-21 12:02:05,2018-02-21 12:28:16,2018-02-22 13:43:04,2018-02-24 16:19:22,2018-03-16 00:00:00
982922a8af746de85725f937892b8a89,47381fda88f3e74127cd0c1f528704a9,delivered,2017-03-06 12:36:12,2017-03-06 13:10:38,2017-03-09 08:47:45,2017-03-14 14:45:53,2017-03-27 00:00:00
89a6292b97c0dd8f29261b64ad8aabf7,0163303a840691e9f9378d1e41f4849a,delivered,2018-07-07 11:17:07,2018-07-07 11:30:09,2018-07-09 15:37:00,2018-07-23 14:25:09,2018-07-31 00:00:00
bcadceb3349706d0baa8857a30fe542d,d6cf4dc1013cd7678d71fa00d606d2d1,delivered,2017-03-19 20:10:54,2017-03-19 20:10:54,2017-03-21 12:07:04,2017-03-25 11:51:36,2017-04-06 00:00:00
19259f0b5b74280e512323b689882554,6dedeae7b8c0e0c702ab48b5feebbbe5,delivered,2017-10-06 18:05:23,2017-10-06 18:26:04,2017-10-11 20:58:13,2017-10-20 23:21:22,2017-11-03 00:00:00
750a504dabdd1c0910ec98db80d14ea2,6327876b7962247ee1bc5ed656164735,delivered,2017-07-24 20:24:41,2017-07-24 20:35:23,2017-07-26 03:11:58,2017-07-31 21:57:33,2017-08-15 00:00:00
bd91d8a02fc739e7328423ca02a20b36,28c4f4d41fb30428592b5189227fc604,delivered,2018-02-19 15:37:39,2018-02-19 16:46:55,2018-02-20 23:08:55,2018-02-27 01:10:02,2018-03-13 00:00:00
7c6a24cab7128145feb51412987798c6,1726600c085f65e9200ef2b46f28c58a,delivered,2018-07-16 17:58:34,2018-07-18 02:45:23,2018-07-18 12:08:00,2018-07-23 19:59:33,2018-07-31 00:00:00
88138c1ad58f2e3eb654cfc1ba222742,edfacba557aa99092bb3d28b74fec87a,delivered,2017-03-23 20:15:11,2017-03-24 18:35:23,2017-03-27 13:34:50,2017-03-31 19:10:06,2017-04-18 00:00:00
81ae37f8ac6c04f48ac5a71303729abe,3ac3d7c491b558c46250c70bf4d7d5f4,delivered,2017-03-24 10:28:01,2017-03-24 10:45:08,2017-03-24 13:29:42,2017-03-28 13:48:10,2017-04-12 00:00:00
fd40274bdf68e12214590fec7fa3cb2b,18f912a4801eb7e8c09165bb4006bce9,delivered,2018-01-14 16:54:23,2018-01-16 03:35:47,2018-01-16 19:51:14,2018-01-29 21:53:01,2018-02-09 00:00:00
de31b55d7cafcd6ebb9bc6aa3c28a55c,d73b6abec0e5dc2e02540bac3bb4d9d1,delivered,2017-08-06 21:00:50,2017-08-06 21:15:18,2017-08-09 20:12:07,2017-08-14 19:18:52,2017-08-22 00:00:00
ad387b2b2e337348802ec4cd93bbadb0,b698ea7fde13101fa5b6fb1382b4e112,delivered,2018-01-02 14:44:14,2018-01-02 18:35:23,2018-01-03 21:42:47,2018-01-08 22:04:14,2018-01-18 00:00:00
5b10c1ea42ad4886a60a80796ed33b5d,7122f92d44030f687a8d75108267266e,delivered,2017-09-26 14:16:49,2017-09-26 14:35:48,2017-09-27 13:15:03,2017-10-09 19:25:54,2017-10-24 00:00:00
be09db52db4a7ecc5721c0354ae9a35a,70f8f32f2378bffb632c545370806068,delivered,2017-08-04 11:14:26,2017-08-05 03:03:29,2017-08-08 13:18:09,2017-08-11 16:23:24,2017-08-29 00:00:00
594ada7b4f3779b23f96418739414ec3,8607daf248ac59472ae39e50998c2b88,shipped,2017-04-07 23:04:53,2017-04-11 03:45:32,2017-04-15 07:29:28,,2017-05-08 00:00:00
565c6c5797c586709ed3a67c9abc0223,cd5d44a85e291367d489b1c5d5c5450b,delivered,2018-07-24 14:03:52,2018-07-25 02:50:20,2018-07-25 13:54:00,2018-08-21 16:08:59,2018-08-10 00:00:00
be84bc9735389c25de6ad5a664bff358,7c011d1a8f790c0a6c54b7b83a69fbdb,delivered,2017-12-15 12:21:59,2017-12-15 12:32:46,2017-12-19 15:07:49,2017-12-27 20:34:05,2018-01-15 00:00:00
be8b50c8a24a137dbed81d6c202e8d64,70c7804a7d4f3611fa109b8034298c10,delivered,2017-12-03 23:17:00,2017-12-03 23:31:38,2017-12-15 15:41:43,2017-12-26 16:49:02,2018-01-10 00:00:00
2ffadff8f7a40dbdfca0c73854250003,ad66a3e06344ada3132a93b18f12749e,delivered,2018-02-15 10:04:06,2018-02-15 10:40:28,2018-02-16 17:45:11,2018-02-27 12:43:56,2018-03-14 00:00:00
5d8e9c0a711b826b72298f9abeb269cd,b21ff624eaefac438d7923cd142bd9c5,delivered,2017-02-06 12:19:55,2017-02-08 03:15:13,2017-02-08 11:41:17,2017-02-13 15:12:46,2017-03-01 00:00:00
3da82f366802e4512789763543d67ee2,4beadf262af38001f057649e9438d9ac,delivered,2017-03-26 20:09:34,2017-03-26 20:22:29,2017-03-29 13:55:33,2017-04-07 12:42:27,2017-04-18 00:00:00
15e76da51e30092973501aec21769ee2,65bb4f2eb2155f9248ac7e57f1f82885,delivered,2018-07-04 20:41:03,2018-07-05 16:06:59,2018-07-05 14:19:00,2018-07-11 16:51:35,2018-07-25 00:00:00
1cfcd5c4f5a2993d6afb0d7b0227bbbf,d7d624b00f8df1e9cda80e44081a0c6d,delivered,2017-10-31 22:14:43,2017-11-01 22:31:00,2017-11-08 20:16:40,2017-11-22 20:56:46,2017-11-27 00:00:00
8be7f2e3e5428d0a09ffd89441878d38,f412c0b64f02ea79f8a52d6fe4532b3f,delivered,2018-01-24 12:52:59,2018-01-25 02:39:20,2018-01-29 18:17:13,2018-02-01 22:29:19,2018-02-19 00:00:00
4d1f435f8c84cb13a87a5d79b5813566,84136a4330f1da183e8cb4db7448b838,delivered,2017-05-17 18:26:21,2017-05-18 02:15:46,2017-05-18 10:04:22,2017-05-24 15:53:36,2017-06-08 00:00:00
0f275b411f77d6ea9ac2132609f4a332,9229b64a5b32e5a03c5f13463f2e256f,delivered,2018-05-30 17:44:18,2018-05-31 03:15:25,2018-06-05 11:09:00,2018-06-07 22:51:55,2018-06-25 00:00:00
4cb6724895c8e8ab39e7b344bde87e22,72024934cd5851876fea593673f1fc38,delivered,2018-05-06 16:02:37,2018-05-06 16:30:45,2018-05-07 14:56:00,2018-05-10 20:23:58,2018-05-23 00:00:00
456e593fb7f3e6083eb5adf9a48290f8,a8db1a617aa5a1a57f98222e589bc508,delivered,2017-09-12 08:10:08,2017-09-12 08:24:51,2017-09-21 14:56:18,2017-09-26 21:17:46,2017-10-18 00:00:00
c72c0ab643f76818c56b7c135e806360,399caeab35aff97623b1e8fc27bd55a8,delivered,2018-01-17 21:35:32,2018-01-17 21:50:25,2018-01-19 00:15:42,2018-01-20 11:39:53,2018-02-01 00:00:00
12fb8b575f3f6d58ccbafba1294177e5,ba0cb3c8fdd57a9f03fe71f48986dd8c,delivered,2018-08-25 13:07:13,2018-08-28 03:45:21,2018-08-28 11:33:00,2018-08-29 18:36:36,2018-08-30 00:00:00
4d2c3fb1909604d5f9474e4675971ef2,2cb0c084ec56c7fc7d6278cdd8787670,delivered,2017-01-29 14:05:53,2017-01-29 14:31:49,2017-02-02 16:10:18,2017-02-15 17:27:46,2017-03-20 00:00:00
7c67e69218256034fdfb7f4507c85906,6f4b3d02722aedcb77dab393bc2d019b,delivered,2018-03-13 23:35:05,2018-03-13 23:48:05,2018-03-14 21:08:54,2018-03-21 23:05:41,2018-03-23 00:00:00
93667ea4f04019c0c0010be42972ab42,398231295b265721a9760933623bf01c,delivered,2018-01-15 13:24:40,2018-01-15 13:34:38,2018-01-17 15:06:00,2018-01-23 18:23:06,2018-02-09 00:00:00
07b1682544dc5cbc0eb87fb56e1374b5,d8a0e0a95a125e99270837c560431d9d,delivered,2018-08-09 23:44:30,2018-08-09 23:55:13,2018-08-13 10:56:00,2018-08-17 19:58:31,2018-08-20 00:00:00
00ec95a58b63378d4cc06d196cdefdf6,db524d69694d9b945d58f4dad03d914e,delivered,2017-12-24 14:17:08,2017-12-24 14:28:25,2017-12-26 21:47:45,2018-01-03 16:50:27,2018-01-19 00:00:00
7a51623eac0baa7ced238c796b3ed548,5035374c3dbc630f2e7b94479238d566,delivered,2018-03-24 15:40:00,2018-03-27 03:51:10,2018-03-27 18:18:43,2018-04-07 00:20:40,2018-05-07 00:00:00
bd8140fa5a6e24ece48b36114f0fda66,dfabe2a9f4e2fc9e248eda9e0d80a369,delivered,2018-06-12 09:06:42,2018-06-12 09:18:33,2018-06-14 14:35:00,2018-06-18 16:36:55,2018-07-12 00:00:00
c2f195a14dc5e3a2f1f0fef011fa7273,588a5d3db1fe51651fc39b75934e299b,delivered,2018-04-16 10:08:22,2018-04-16 11:11:20,2018-04-16 22:12:18,2018-04-30 17:03:14,2018-05-08 00:00:00
dae7f9d0e25515e268456f392f53751e,5532be41e9d5c92ba7a6b9c6937d429e,delivered,2018-07-19 20:33:49,2018-07-19 20:45:12,2018-07-23 10:04:00,2018-07-24 12:08:26,2018-08-01 00:00:00
8c0c24dbbcc3943b962f8833a34fc82b,856c19561103e884f6578610d53a3216,delivered,2018-03-09 21:37:45,2018-03-09 21:45:38,2018-03-12 16:18:32,2018-04-03 23:18:38,2018-04-16 00:00:00
5c3f34d1746b84450b26112f62f6419b,77b6059400dbc3ee923b21ff062612c2,delivered,2018-03-11 18:27:40,2018-03-11 19:40:32,2018-03-14 18:14:50,2018-03-27 20:38:17,2018-04-03 00:00:00
ab30819331b8ee6115370bcfa01a8350,6bf24ac0cc80579b649a21ebb41ecd51,delivered,2018-08-09 14:58:57,2018-08-09 17:15:16,2018-08-10 13:55:00,2018-08-15 20:44:24,2018-08-22 00:00:00
9f3247c16b13602a3113cf538e9b0d2c,65c63c2b1782cb7ad6d56e8d5e3192ad,delivered,2018-06-27 08:31:42,2018-06-29 03:07:52,2018-06-29 08:56:00,2018-07-10 19:16:40,2018-07-26 00:00:00
e4e28f77bd50442ca9e5d0b0fd55c7bc,c7dec618e4985d345609d98e43240ce6,delivered,2018-08-19 12:33:05,2018-08-20 11:35:17,2018-08-20 12:34:00,2018-08-23 18:58:55,2018-08-31 00:00:00
75450feecb51c39e54f4bd4c74b867e5,02051904557f3bb3741f7b233dfc5ae2,delivered,2017-11-17 20:39:17,2017-11-18 02:48:58,2017-11-21 17:22:04,2017-11-22 23:28:26,2017-11-30 00:00:00
eac8153088769b2459afd8e2a7b34ab2,5adbdd84ac9f7e85e84a0111f41f91dc,delivered,2017-11-24 18:08:03,2017-11-24 21:31:19,2017-11-30 19:05:15,2017-12-15 17:59:09,2017-12-26 00:00:00
1c75d337e19f5c35ad9fd80d51153208,4dff08f22a5b8992c54b951f8fbc6885,delivered,2018-01-28 20:51:19,2018-01-28 21:18:19,2018-01-30 02:19:08,2018-02-06 20:22:41,2018-02-26 00:00:00
8087ec71e393d4dc6fc48041fe63cd51,b8dfb418e6cad762b91febf827d4b2e5,delivered,2018-05-14 10:03:57,2018-05-14 10:15:20,2018-05-14 14:25:00,2018-05-15 19:12:01,2018-05-25 00:00:00
e7d87f6dcb51883dd0df89721a08492d,e7087b7c0e1d48db38ceee27de0776ed,delivered,2017-04-15 11:46:28,2017-04-15 12:02:56,2017-04-18 11:40:04,2017-05-05 15:53:07,2017-05-16 00:00:00
d3aae1141577275792d2c2b724f49819,70bbf6c3c79d50bbe43fff88f778a647,delivered,2018-02-05 17:57:06,2018-02-05 18:15:34,2018-02-06 21:33:13,2018-02-08 03:07:29,2018-02-21 00:00:00
e8570cab2c50d7a922f29d959fa57a2b,ff7c2f095c37954b032ddc50f6b83448,delivered,2017-11-25 20:17:40,2017-11-27 20:18:43,2017-12-01 21:23:53,2017-12-08 13:28:48,2017-12-18 00:00:00
8b1386c62489fa3207c75cddb43f7e5d,d358024dec4f6978797c2b67f1acd4b3,delivered,2018-05-18 00:35:10,2018-05-18 03:56:23,2018-05-18 14:57:00,2018-05-22 17:26:31,2018-05-28 00:00:00
807bd7d79398132db47a02f8d49c60f8,5bfe21e1241a461d88c63968f8724e54,delivered,2018-01-25 16:30:47,2018-01-25 16:59:42,2018-01-30 13:56:14,2018-02-25 16:09:05,2018-02-22 00:00:00
09af99436ca3dc8d1de0f26ce6857112,7468faf86269782bb3b6c30713954d28,delivered,2017-08-12 08:39:16,2017-08-15 03:30:24,2017-08-24 19:56:47,2017-09-02 14:24:04,2017-09-18 00:00:00
ae9a443074a6efcdf3daac224dee1b2c,5a28c4507c698a19a3b083e86004a165,delivered,2017-08-21 14:23:32,2017-08-21 14:35:47,2017-08-24 15:33:30,2017-09-04 19:40:04,2017-09-15 00:00:00
a073890ee9e11b5aafa384ca67a12ba6,880351466758dfa253366ce3fab8f17f,delivered,2018-01-22 10:15:46,2018-01-22 14:15:59,2018-02-01 20:17:29,2018-02-09 21:44:52,2018-02-19 00:00:00
f3e5a0592463640ef9fd04d79724dac9,0fd1a2fd6d21083ecb4e80c40cb7927f,unavailable,2018-01-14 12:21:39,2018-01-14 12:29:20,,,2018-02-05 00:00:00
2555b76d4dee02026ccde36884f09c84,62c4a02553777be2e7e3c17581e083f5,delivered,2018-08-14 07:54:20,2018-08-14 08:25:12,2018-08-14 13:11:00,2018-08-15 11:58:42,2018-08-21 00:00:00
11fb3a6f90bfba7e4b6717e62fe6cbc1,4af4975d2cb4cecda86dcc1716bd2f14,delivered,2018-08-07 22:36:06,2018-08-07 22:45:18,2018-08-14 09:39:00,2018-08-15 20:02:35,2018-08-10 00:00:00
598796ca1dffa87337f6d02b8d47bae0,37922a02f44c5b80004b14cb9a0becb7,delivered,2018-02-27 14:59:25,2018-02-28 15:20:34,2018-03-01 23:55:02,2018-03-16 19:08:32,2018-03-26 00:00:00
6aaac69ff588fc4e1f1ffddbc682e406,55e3493f90cdb6ef93798027675fe8de,delivered,2017-12-21 13:39:42,2017-12-22 02:38:55,2017-12-22 19:29:09,2017-12-27 18:48:28,2018-01-18 00:00:00
3c69501ebecddb728391d2803da61bc9,b04a99794ac85a91811678bfec0b441f,delivered,2018-02-01 23:32:42,2018-02-03 02:53:51,2018-02-06 18:28:54,2018-02-22 01:28:59,2018-02-26 00:00:00
5d0db9d992f9f02d3bdca8a7e64c2c27,228197f0dbebc485b65d117dee5bc7d5,delivered,2018-06-08 16:36:35,2018-06-08 19:31:01,2018-06-14 14:17:00,2018-06-15 10:55:58,2018-06-21 00:00:00
c5b2cdb26dc414bb98b395e8d13afa55,27ae4f0622679f39299ec3dc310957b9,delivered,2017-11-25 15:34:27,2017-11-25 15:52:07,2017-11-29 23:24:46,2017-12-12 02:09:42,2017-12-18 00:00:00
c2b3d03191d2e4327d41e4bb365a4328,83063b4aa0416271043f1ccda0801382,delivered,2017-03-07 14:16:37,2017-03-07 14:25:10,2017-03-15 11:13:28,2017-03-21 12:47:58,2017-03-28 00:00:00
22107f4fc133c3bfb9784d3e264f61a3,b9bd0125bcb3811b5c293767d5df01bd,delivered,2017-05-18 17:35:59,2017-05-20 04:15:14,2017-05-22 11:28:16,2017-06-05 12:32:54,2017-06-20 00:00:00
e2cba9bee26acacfd8100088c465cce4,1a2821a2e92cf93fa1635eb0b3775ace,delivered,2017-12-19 05:42:43,2017-12-19 06:51:08,2017-12-20 19:39:12,2017-12-22 20:39:03,2018-01-12 00:00:00
8f5e238b871f4bf8132d533e4c41d871,4bedf4bc54377a7fa710ebacf54882c2,delivered,2017-07-13 10:28:17,2017-07-14 02:15:23,2017-07-25 19:32:58,2017-08-01 17:53:01,2017-08-10 00:00:00
b2f832c9f6b30237f231cfc09f82ffbc,dc7b3fbf491155c69e07b131497d4493,delivered,2018-08-25 20:08:25,2018-08-25 20:24:15,2018-08-27 15:18:00,2018-08-28 21:12:21,2018-08-30 00:00:00
2fdca5b7401ab483f6f3ef78f46f32f2,adf266ab12f2957c0df3d71579732dec,delivered,2018-06-05 17:40:36,2018-06-07 03:12:31,2018-06-07 13:32:00,2018-06-10 14:37:37,2018-07-12 00:00:00
5b5e27caef5edb9446df0a7c106285dd,5cd7f8dd7264dd47db8a1e4b858da412,delivered,2018-07-04 18:27:57,2018-07-05 16:23:07,2018-07-13 14:57:00,2018-07-21 15:27:31,2018-08-13 00:00:00
e4f9f2ec9d36b1dd79294049aa6076c4,2f6329aaea64611749c9d0910d486422,delivered,2018-04-04 09:04:20,2018-04-04 09:15:27,2018-04-07 01:16:56,2018-04-11 18:42:07,2018-04-20 00:00:00
91fbb4bf79cbb5c19eb018248c0fe683,20c14c96fecacc6b346f159123bdbb26,delivered,2017-08-14 22:31:03,2017-08-14 23:36:01,2017-08-15 20:14:51,2017-08-25 17:41:47,2017-09-05 00:00:00
2964eb001b521cc23017f1c007a6712b,29ff70b758921d4180c24dd3d9c068e2,delivered,2018-03-22 17:46:09,2018-03-22 18:05:23,2018-03-26 23:24:29,2018-04-05 14:54:53,2018-04-25 00:00:00
854ebcd4c13f49162d6b07c1813f71d2,0f4f8f1c93fa4e87b000dde5ce03ffdd,delivered,2017-04-15 14:45:34,2017-04-15 15:01:56,2017-04-20 10:33:27,2017-04-25 11:20:08,2017-05-19 00:00:00
9d973dba6f397c6270c81dd253e977f8,39b63c587a67ad257832378a0c2d14ff,delivered,2018-03-01 22:48:01,2018-03-02 22:55:27,2018-03-06 19:05:06,2018-03-11 20:47:23,2018-03-13 00:00:00
d4eff6641558ecdca48ded390ea2e5a9,743d5f9183ff8a1f2f80103605137dcb,delivered,2018-07-26 12:13:58,2018-07-26 12:25:20,2018-07-26 14:26:00,2018-08-01 21:33:57,2018-08-09 00:00:00
7fd7278c76aae9bebdb986cfcd977150,60c16eb41f3a799f846a7789e5ff7346,delivered,2018-05-21 01:09:57,2018-05-21 01:37:52,2018-05-24 16:15:00,2018-05-25 16:07:37,2018-05-30 00:00:00
4abc892aa491e88ee079c2fa46cfd508,f6cafffea98eec265ab4cf85e499141b,delivered,2017-05-03 17:12:57,2017-05-03 17:30:14,2017-05-04 15:04:48,2017-05-16 08:29:47,2017-05-26 00:00:00
69dd35d1bce2181b2f3a56d5f4159831,59941adf97664d2158b52f86297f0659,delivered,2017-09-23 11:32:58,2017-09-23 11:45:38,2017-09-26 13:13:28,2017-10-05 22:34:09,2017-10-24 00:00:00
295a37d27898b26b2a3768bcff6f5dac,2b136f8cd495d93d9b5a47bf86fcad32,delivered,2017-05-30 23:18:08,2017-06-01 03:50:16,2017-06-01 15:11:37,2017-06-07 11:48:19,2017-06-22 00:00:00
50ae47026ede04338be3d8711d8e8a7a,5f93f6d3c6138e72d4c9da1b3ea30ae4,delivered,2017-09-03 15:40:26,2017-09-03 15:50:11,2017-09-04 14:49:47,2017-09-12 20:42:05,2017-09-21 00:00:00
30ae6774935cd2a70fa74306f407495b,ce0ae5c05efa10263bab504ec83c6a92,delivered,2017-09-27 08:20:09,2017-09-27 08:35:13,2017-09-27 18:27:54,2017-10-04 18:24:17,2017-10-13 00:00:00
069b0c9fca582b429e998f512a4c898f,7dd6f8c3cae6fc87760b95313f7d8077,delivered,2017-11-29 14:47:08,2017-11-29 14:58:51,2017-12-05 22:58:50,2018-01-04 13:56:13,2017-12-27 00:00:00
cdaf88f241736cd97fe9081c04c55c80,305a9e259688ab7df0108a28782b1c35,delivered,2017-08-17 14:17:41,2017-08-18 14:25:14,2017-08-22 18:34:30,2017-08-30 22:03:16,2017-09-15 00:00:00
a5ab79112c78debd4b955110537a446c,3944f41fac367b589b94741981b484d5,delivered,2018-02-01 18:25:20,2018-02-02 08:11:12,2018-02-03 01:26:59,2018-02-15 23:12:54,2018-03-02 00:00:00
02542d42d329f6514533eef3af91edf9,84171de389927066b2f82ff038e94cb7,delivered,2017-11-07 19:32:45,2017-11-07 19:51:15,2017-11-09 23:37:40,2017-11-16 22:18:38,2017-11-27 00:00:00
c77dc8cf9ea2034e02bdfe5231d51423,80db197009855f59c9777f86181fb1e2,delivered,2018-02-26 14:02:32,2018-02-26 14:15:30,2018-02-27 20:04:14,2018-03-05 21:37:08,2018-03-12 00:00:00
bd971b573fb91b8be91c02b0fc251b98,ad71f758115aab8640f4f9ede9e8d4b3,delivered,2018-08-10 18:10:38,2018-08-10 18:25:17,2018-08-13 13:07:00,2018-08-20 18:24:39,2018-08-23 00:00:00
4b8a2d2dde058d83b31fa4f3d9ed88d8,51d52a9907237881a32e3afe1149fc65,shipped,2017-11-06 22:51:26,2017-11-07 06:31:26,2017-11-07 15:55:07,,2017-11-24 00:00:00
152caeaa0e795b4b0def4ce51a118dda,2498060e3aa39980a87949fbbc7ae316,delivered,2017-10-21 16:39:45,2017-10-21 16:49:24,2017-10-26 20:19:57,2017-11-07 21:38:22,2017-11-16 00:00:00
672bf50de46d0642f77ef0d01a96bf06,d1317c0d26ff17cbee1cc9e90ab521ab,delivered,2018-01-04 14:48:20,2018-01-04 14:56:20,2018-01-05 17:45:17,2018-01-16 21:29:06,2018-02-06 00:00:00
675abab9ccc9b20646e60d1846641618,ba34bfae97ed2bfeb61042af76893bd8,delivered,2017-07-25 20:52:18,2017-07-25 21:05:11,2017-07-27 14:36:50,2017-08-01 18:27:28,2017-08-17 00:00:00
ab452b890a65513948bf6a41d4ff3640,a86adbdb7f880f2e49c2c8fb1d06d79d,delivered,2017-08-02 14:24:42,2017-08-02 14:43:38,2017-08-09 17:24:11,2017-08-15 19:15:57,2017-08-29 00:00:00
a196d7c6ecd939360a6dfbee0ebacadb,0c8211ae93a1392896f80bf97ac79163,delivered,2018-02-14 20:06:59,2018-02-14 20:27:28,2018-02-16 01:35:22,2018-02-25 13:22:23,2018-03-13 00:00:00
0f305df13dc483e6f48055f1985d1cac,648507282c038156fdc8b79d27ec53ef,delivered,2017-06-15 19:00:28,2017-06-15 19:10:23,2017-06-16 15:49:35,2017-06-28 17:58:01,2017-07-10 00:00:00
21f596bcb5e3700e518ed8ac55bb2766,40ed37f066a0b0cd73872fa1cbda8145,delivered,2018-03-11 12:50:55,2018-03-11 13:10:22,2018-03-12 20:46:30,2018-03-20 22:26:42,2018-03-29 00:00:00
e36c97cb9a540d3d118ab4bf988868c6,c80af1412ad477cbbd8527725403e3a9,delivered,2017-03-15 19:36:12,2017-03-15 19:36:12,2017-03-17 13:33:24,2017-03-21 05:35:11,2017-04-06 00:00:00
733022e671d2bb3d8f678175a31177d0,cdfac3f96d217d92695d399b05fb39ab,delivered,2017-12-17 19:19:05,2017-12-17 20:18:21,2017-12-20 19:28:36,2017-12-26 16:40:14,2018-01-08 00:00:00
884199734cfb1a00ae1fd610a03e8a4e,fad867ccc296df4399f09533c10bb693,delivered,2018-03-12 12:35:35,2018-03-12 14:08:39,2018-03-13 17:58:53,2018-03-21 20:47:32,2018-03-29 00:00:00
25ea76aff8568926deb495d6aabe42d6,78d5ad706a6e40c95e76d3b8a05d7b44,delivered,2018-04-06 13:23:07,2018-04-06 13:35:21,2018-04-11 01:42:24,2018-05-09 20:57:01,2018-05-09 00:00:00
22929eca5fe4738503a332952b9bfbab,6bba8cfa429c7e0de271fd8240e49d21,delivered,2017-02-01 14:17:10,2017-02-01 14:25:17,2017-02-01 15:27:28,2017-02-10 08:18:34,2017-03-02 00:00:00
de9b643d6a5e2c0aebb7526ffae6ae87,90bdca238ab39f1c20beebb44823f09a,delivered,2018-05-27 15:19:36,2018-05-27 15:35:36,2018-05-29 07:30:00,2018-06-08 17:11:39,2018-06-13 00:00:00
342b32ffd8aaa93d30dcf0497eeefbcc,ca5c7d66da557d5c557b5bf6e1ef2eca,delivered,2017-10-27 17:18:09,2017-10-31 04:10:22,2017-10-31 21:59:31,2017-11-08 22:21:10,2017-11-17 00:00:00
9036c3ce0a28353732668a2822a0a1c8,a22f714930974165c998fb8e86250203,delivered,2018-06-05 09:02:27,2018-06-07 02:55:00,2018-06-07 09:55:00,2018-06-20 01:22:01,2018-07-16 00:00:00
3731eefa80338e5d69ddd2128dd45fb2,a1452c5a1fc5d7be2290097aee345178,delivered,2018-07-23 18:42:32,2018-07-24 10:32:37,2018-07-25 14:13:00,2018-07-31 16:22:33,2018-08-13 00:00:00
e897fcc9001681522b0e07a8ce043a54,a1d11aafbfa95e730795d41d465cad97,delivered,2018-07-02 21:39:45,2018-07-02 21:55:18,2018-07-03 17:14:00,2018-07-05 20:51:38,2018-07-20 00:00:00
fcd0f8a6842216f0d6d5a217883eb711,d69a8c77693b6b01a1305ba425a1527d,delivered,2017-06-14 14:01:36,2017-06-17 03:15:53,2017-06-23 11:19:45,2017-06-30 13:56:34,2017-07-07 00:00:00
0b48910785067fb42fce896aaaf7ce81,4c5aad2fced1c04f3d972de3e17e7e87,delivered,2018-02-28 02:01:39,2018-02-28 02:40:22,2018-03-01 01:19:32,2018-03-06 20:13:00,2018-03-19 00:00:00
e9b5d1d44378ce54c7b56139f2efba49,27d780d81737b4763687f7e83c5ec897,delivered,2018-05-20 18:04:02,2018-05-20 18:19:14,2018-05-21 14:06:00,2018-06-05 18:52:30,2018-06-07 00:00:00
2328df85ce27982b435b1e7fb55dd209,967d0d49637ff4b6f59a06a3cc24743b,delivered,2018-08-17 18:28:47,2018-08-17 18:49:56,2018-08-21 13:31:00,2018-08-30 23:46:48,2018-09-12 00:00:00
f45965bd7398fb200b05573791ae4096,17c1412c427af66da3361d4ff927384c,delivered,2018-03-18 10:20:38,2018-03-18 10:35:28,2018-03-19 20:23:48,2018-04-03 00:50:55,2018-04-10 00:00:00
f783f9fd0c31d9ae64335958eae7389e,ed437019171aeaf2ce8ce508409b2075,delivered,2018-04-01 12:57:16,2018-04-01 13:47:29,2018-04-03 20:48:44,2018-04-04 22:08:38,2018-04-12 00:00:00
5cbd9f724bf2bb1228325202f5876737,91f272c0d426f8da332fa27e049b6354,delivered,2018-04-26 20:11:31,2018-04-27 03:30:40,2018-04-27 15:54:00,2018-05-04 19:32:32,2018-05-15 00:00:00
7061cd4574453f33b42776247c247ac7,c3026de69a46c492b925e7ece4d9fc94,delivered,2018-01-22 22:42:18,2018-01-23 22:34:50,2018-01-26 18:46:33,2018-01-29 22:44:12,2018-02-09 00:00:00
750dc44e764b343329a0064fe26ec58b,258b9a99a288554151e05a60c0c09670,delivered,2017-04-23 20:20:45,2017-04-23 20:30:20,2017-04-25 09:53:45,2017-05-18 07:46:51,2017-05-19 00:00:00
c89174066c03c132a74dbf84cc03f2a5,7b9142f335cb022e00dd109b4596ddd3,delivered,2017-06-05 16:27:47,2017-06-05 16:42:24,2017-06-06 14:57:31,2017-06-08 14:05:50,2017-07-05 00:00:00
d99b88619176350e49d910a4e548b951,fdcba9554f904055165fa9ab9058fd04,delivered,2017-06-08 11:09:37,2017-06-08 11:30:18,2017-06-08 13:19:30,2017-06-21 16:42:56,2017-07-05 00:00:00
fd47c5bff066db9c23dc6fa434d47bf8,93b618f344f57047d598681287660c5c,delivered,2018-05-09 10:52:33,2018-05-09 11:11:40,2018-05-09 14:08:00,2018-05-10 13:08:27,2018-05-17 00:00:00
90c12c43daa0435fe23b69ff3f76d8ee,0078867a1043bd408c6134cf5ca1bbf5,delivered,2018-06-20 14:17:15,2018-06-20 14:38:41,2018-06-21 13:09:00,2018-06-29 10:28:27,2018-07-19 00:00:00
c8064c27a7a95d048c1b15c09747ed80,a9dc1550353a0551d4ae2092bac399ad,delivered,2018-05-14 22:04:05,2018-05-14 22:37:31,2018-05-15 13:27:00,2018-05-21 17:06:57,2018-06-01 00:00:00
3634230a0d22927e0e78de347439ff41,8d8b8b4eebbce9d761f6636f50f76560,delivered,2017-08-07 09:32:32,2017-08-07 09:45:17,2017-08-11 19:21:56,2017-08-17 16:07:09,2017-09-12 00:00:00
192e9f15d78654ec141918deca721334,7569960cad6cc131f6bed0677b58b31d,delivered,2017-11-08 12:36:23,2017-11-09 13:26:17,2017-11-14 20:25:03,2017-11-17 16:17:05,2017-11-22 00:00:00
8cc424a5c8314e99e6e6027b99655b0f,16053c75a44df0864ae2b9bfcc76904f,delivered,2017-12-15 22:51:28,2017-12-15 23:11:42,2017-12-18 19:15:09,2017-12-23 19:22:49,2018-01-15 00:00:00
02a54d22a5cd81b89c0a40bf9a75d9a4,b17fac8443f1de9cc84df6d153550260,delivered,2018-03-20 14:19:47,2018-03-20 14:35:39,2018-03-27 04:28:43,2018-03-27 21:59:00,2018-04-02 00:00:00
3139cd96bee99e023a4a899b9ffc5de4,173feff09747a0b5cd55c9595810b5ed,delivered,2018-01-17 14:47:40,2018-01-17 14:58:23,2018-01-18 23:04:42,2018-01-26 21:13:39,2018-02-09 00:00:00
f83002f1a05b7514c1b8c04d72a31611,43c4f6a444e93844407d55ad85958070,delivered,2018-07-31 18:22:38,2018-07-31 19:40:18,2018-08-03 04:07:00,2018-08-06 13:31:55,2018-08-10 00:00:00
86c64da3b4983dfc2f8a8f3b5a8f5b62,dc3c9d1f07df6ea90c6a2f8101f29f0c,delivered,2017-06-22 08:01:46,2017-06-22 08:10:08,2017-06-22 10:24:16,2017-06-23 12:57:40,2017-07-19 00:00:00
ccb6252838b1f9b4df467fe221e1f722,f449fd9a4efcb0cea3b97c27c05bae01,delivered,2018-06-22 15:54:48,2018-06-22 16:20:13,2018-06-26 12:40:00,2018-06-27 15:18:54,2018-07-13 00:00:00
fd29920a0c21d7b7d5a2350ab9fab08e,ccbda4e04f7b516e64a26088f22cdaf9,delivered,2017-12-05 00:05:32,2017-12-07 03:11:01,2017-12-08 18:22:28,2017-12-15 19:32:20,2017-12-28 00:00:00
54521e6dd0340104a0e8f835da53d9fe,3a39c20699ee45f49359d2594141768f,delivered,2018-06-22 15:47:19,2018-06-23 01:40:22,2018-06-26 07:06:00,2018-07-03 07:52:31,2018-07-20 00:00:00
73aca43a4a4709c819920271b2743341,83ed4f17f63c452ca60253582bd3553e,delivered,2017-02-06 14:38:16,2017-02-06 14:50:18,2017-02-07 08:53:56,2017-02-21 06:31:49,2017-03-13 00:00:00
05b7ab671d6b51e0b44ea73a54d9f739,6645b9283b1f5f504d00cce41870864f,delivered,2018-01-21 19:06:42,2018-01-22 18:58:22,2018-01-24 00:52:37,2018-02-21 21:26:48,2018-02-16 00:00:00
ceae0f133957c3337b7f630eb8bf80d9,026ae2477af95b832998d23578eb4336,delivered,2018-07-15 10:46:59,2018-07-15 11:04:08,2018-07-16 13:41:00,2018-07-20 15:24:37,2018-08-07 00:00:00
ef53159b7b28df06945b68eb2b65abc1,86b43d0ee7f61f76dda5e430759ae5f1,delivered,2017-12-06 11:06:52,2017-12-08 02:54:19,2017-12-08 22:22:24,2018-01-09 20:23:13,2018-01-05 00:00:00
707908eb6e2d0201edccd469198238b0,b0a977a4cb540b662f7995ae3a799fdf,delivered,2018-01-06 02:52:15,2018-01-09 07:26:00,2018-01-11 20:49:13,2018-01-18 22:52:47,2018-02-06 00:00:00
cc6888dae9988bd99a2a190a7aa98431,4eb9eccb3b24a747f725dbee821a88b7,delivered,2018-04-05 16:30:55,2018-04-05 16:49:49,2018-04-07 00:46:41,2018-04-12 10:54:30,2018-04-26 00:00:00
a64c6d4c6a92082d56ab95ea8115f26c,a1400337d8026c92211a78c450502abf,delivered,2018-07-08 10:45:49,2018-07-08 10:55:14,2018-07-11 06:18:00,2018-07-16 13:50:49,2018-07-27 00:00:00
1bbd797e11dcb66d689e9b52df1784e9,68401f5c05de1fc6006bf56f4bd3b5a6,delivered,2018-03-15 23:46:36,2018-03-16 00:09:19,2018-03-19 21:32:18,2018-03-20 22:12:18,2018-03-27 00:00:00
7a8cc403293bdadea04f2c93aeb91a4c,f4db56f354c71370b4d5dbd25c78b248,delivered,2017-08-13 20:06:08,2017-08-15 03:25:44,2017-08-22 18:35:13,2017-08-28 19:45:58,2017-09-14 00:00:00
31ea9af161fd3c77c3c621aa178bcb34,9381a17913f55392171d9e4604289cf0,delivered,2018-02-03 02:53:02,2018-02-03 03:10:35,2018-02-05 19:48:29,2018-02-16 19:58:44,2018-03-05 00:00:00
36536e349dc6c5be3197657bf27675da,fb0e54088b8fd76fb8c333c5c634e008,delivered,2018-05-03 00:08:03,2018-05-05 03:10:19,2018-05-07 15:45:00,2018-05-17 22:38:40,2018-06-01 00:00:00
8c577c6dd5361221832cf0977af2977c,5bbbc630da381e9523a57846b4259a06,delivered,2017-06-11 01:32:05,2017-06-11 01:42:53,2017-06-14 13:37:08,2017-06-19 12:51:54,2017-07-03 00:00:00
1dbf60c23388f06ed82ad629f574b613,f9be33a8e12a5119cc8b39be23780bae,delivered,2018-01-16 16:19:49,2018-01-16 16:32:41,2018-01-18 19:19:10,2018-01-24 23:29:11,2018-02-08 00:00:00
16b7de5d7e5c3c000744a76ea1861471,6cb66926d3e4e83573c916b52984b85e,delivered,2018-05-18 17:59:02,2018-05-18 18:19:30,2018-05-29 09:26:00,2018-06-04 18:11:53,2018-06-01 00:00:00
0f6665a373c36216e96163b3162404b0,fbc72868276e138732416292b2c011d1,delivered,2018-01-31 11:55:35,2018-01-31 13:52:03,2018-02-02 02:05:29,2018-02-16 16:58:57,2018-03-02 00:00:00
d91d81e30f336d49cc31106d5373842f,adbc2217b86ee7ec989768e3b5787d81,delivered,2018-08-20 14:56:38,2018-08-20 16:30:44,2018-08-21 15:51:00,2018-08-25 15:56:28,2018-08-30 00:00:00
5ac7d4ec249ae27ce03841786cc6bc66,6962ba9bda5d3ba92e38bd638bbed523,delivered,2018-01-27 13:52:16,2018-01-27 14:12:55,2018-01-31 19:48:56,2018-02-19 21:34:43,2018-03-01 00:00:00
0581cc006c5d0b4351b5435336828add,46fe2c3e3a512f1d45f193379522a24e,delivered,2017-07-01 14:37:02,2017-07-01 14:45:13,2017-07-04 14:32:15,2017-07-13 14:59:40,2017-07-31 00:00:00
e4caa41927fbe29b65e8a4b2b34a7b94,00b366712a38454d2e62c9d2509d0623,delivered,2018-03-16 13:35:35,2018-03-16 13:49:37,2018-03-24 00:50:48,2018-03-27 20:54:43,2018-04-12 00:00:00
d189540593578f8076e6cf12e73a8eb8,4563117c5eaa1c6cf7de150ca8d727e0,delivered,2018-01-11 15:09:16,2018-01-11 15:18:57,2018-01-17 20:23:16,2018-01-31 00:05:37,2018-02-09 00:00:00
21fab12baaa93481ad76d02fa22255eb,0f05e588071d6f2f3b4f27576a1f0ab0,delivered,2017-09-11 22:34:40,2017-09-11 22:45:23,2017-09-12 21:03:49,2017-09-19 21:27:01,2017-09-29 00:00:00
55f4f83d7685e3e84fe9ee9fdc7c953c,8f056c120647ff44d360ba69b0619898,delivered,2018-08-13 08:53:47,2018-08-13 09:05:15,2018-08-13 11:22:00,2018-08-17 17:12:01,2018-08-23 00:00:00
c98702de62a296ed395ffb076e6548d3,b0b3e91d984eb956eec6cf1de6dd717d,delivered,2018-04-10 09:43:18,2018-04-10 09:55:20,2018-04-12 00:23:37,2018-04-21 00:19:13,2018-05-03 00:00:00
27cd2ebe0ab4174836a87975c23fa80f,40a91c7d480f3dfa350005175ab8cd86,delivered,2017-05-26 12:16:29,2017-05-26 13:03:57,2017-05-30 07:36:31,2017-05-31 12:28:54,2017-06-08 00:00:00
33cfa9cfd39c08b8a0ba8a94850a15e5,19d68ae708011bd7093b906ea527b481,delivered,2018-06-08 07:41:23,2018-06-08 07:54:36,2018-06-08 15:17:00,2018-06-14 17:48:43,2018-07-12 00:00:00
edd810dc89c1eed484c29e04e184e8cf,dd0913a1304652981fc83655421b3f8c,delivered,2018-02-27 19:14:19,2018-02-27 19:30:22,2018-03-01 00:04:57,2018-03-01 17:22:13,2018-03-13 00:00:00
dab56199b9838dc72275b783715feef6,21357ad9c60c967f999319f084ecdc83,delivered,2018-02-20 16:58:22,2018-02-20 17:10:27,2018-02-24 16:38:46,2018-03-06 20:26:38,2018-03-14 00:00:00
b22b9811c2074480cc93f9e8b8e4c8b5,3d5611fadabfffc730fbbffaeb7cecbf,delivered,2018-06-03 13:21:09,2018-06-03 13:35:12,2018-06-04 15:14:00,2018-06-09 19:41:41,2018-07-27 00:00:00
5f4942fc3a59f2e62ae534f981105954,887b8a65e05f6ac52b0084002f88b30d,delivered,2018-03-01 08:07:37,2018-03-01 08:29:07,2018-03-01 20:12:36,2018-03-07 22:51:51,2018-03-21 00:00:00
394f7579c871c612634cfb93294745b0,58f180ef06844ae0e660cb5decc737c0,delivered,2017-03-23 17:49:49,2017-03-23 18:03:20,2017-03-24 10:57:31,2017-03-28 12:58:29,2017-04-13 00:00:00
77afc8cdc7d93975016850b0b1b02c90,6478510b2c0573351a3bf335b4635c34,canceled,2018-08-15 22:39:11,2018-08-15 22:50:16,,,2018-08-20 00:00:00
769ee88b70cbfc6217691388204f9911,c2f08a07a69c93173acf6b383999eb75,delivered,2018-02-04 10:09:03,2018-02-06 05:31:53,2018-02-07 21:23:26,2018-02-20 19:08:05,2018-03-06 00:00:00
2437dfd68fb453ad27e1898c8b1fe868,a8e73d4aabd7b12df66bba3504a15c31,delivered,2018-07-22 17:22:27,2018-07-23 12:32:19,2018-07-23 14:47:00,2018-07-27 22:04:00,2018-08-08 00:00:00
cb9a6504c8ba700db40dcf1442725189,d632722bcb3ae214fa649315518a96e5,delivered,2018-06-05 13:18:08,2018-06-05 14:31:42,2018-06-05 13:25:00,2018-06-18 19:04:24,2018-07-13 00:00:00
ac7d1a865466115f5fb92c5437caf6a7,adf00ef90563974803ef5bf381313946,delivered,2018-04-18 12:01:12,2018-04-18 12:15:26,2018-04-18 21:08:22,2018-04-26 19:46:28,2018-05-09 00:00:00
cccfbfbaf4b86752d9c060eb2da0f828,08e013ad5df86a6cda3d1e9be0a2cf0c,delivered,2018-03-30 21:58:17,2018-03-30 22:10:10,2018-04-03 23:39:01,2018-04-07 00:27:23,2018-04-12 00:00:00
04f87887045aa20403546af3facb8ad1,30fb3c74c4654ace204011068c8cf1cb,delivered,2018-07-20 16:19:47,2018-07-20 16:35:17,2018-07-24 14:35:00,2018-08-01 18:48:26,2018-08-15 00:00:00
07156fa55794dec196d72e6d8b07339a,8c21f1094ecde16bfb67f9226a37cf41,delivered,2018-08-18 13:32:36,2018-08-18 13:50:07,2018-08-23 17:18:00,2018-08-27 16:58:46,2018-08-27 00:00:00
c1f93f3729018caa75319804a59481db,d44c886d9d7a76bdcd3df6adccde822d,delivered,2018-06-17 02:25:02,2018-06-17 02:35:11,2018-06-18 14:18:00,2018-06-22 00:43:33,2018-07-12 00:00:00
bc3b36d86572b02655327f69e10504d2,1f70a80f868007f831cc34cb92c7791b,delivered,2017-05-21 17:43:10,2017-05-21 17:55:14,2017-05-22 10:06:34,2017-05-25 08:59:57,2017-06-26 00:00:00
f3c7f31502a61f206c30c674a4ada401,829c1d7ef490598e1c6a463084fd15e2,delivered,2017-05-27 23:35:14,2017-05-28 01:05:14,2017-06-01 13:25:34,2017-06-19 18:58:01,2017-06-09 00:00:00
6e24be5a5995507b208981073d5b6820,4c387e88401ccad5d2caef58bd1e2640,delivered,2018-06-11 19:55:25,2018-06-11 20:23:15,2018-06-12 12:35:00,2018-06-13 23:46:25,2018-06-20 00:00:00
0bf46c25ca29bae81f4632b02f593f1d,702cf392aa3400680e3f5849fb65f28f,delivered,2017-10-23 20:19:28,2017-10-23 20:28:29,2017-10-24 18:53:45,2017-10-27 18:09:16,2017-11-09 00:00:00
e9d8fe23d3a29a599625b57e5fd6766b,4bf085b925c646ce8c6b130fd67438ee,delivered,2018-07-18 16:40:46,2018-07-20 04:45:18,2018-07-20 12:10:00,2018-07-21 18:16:50,2018-08-01 00:00:00
f3a5594ec1dbbdb286b45516754c5655,bf05af44d2e0d83ff0e0e0613347519c,delivered,2018-02-06 15:33:59,2018-02-07 15:30:34,2018-02-07 23:52:56,2018-02-08 23:04:23,2018-02-22 00:00:00
6b3ff248b137a5f8d4efe61a1fd4ebbc,f01265d4a727959f6735b9029567b708,delivered,2018-05-09 09:17:47,2018-05-11 02:57:54,2018-05-11 15:31:00,2018-05-14 20:42:12,2018-05-18 00:00:00
a5b37738b62f5987269c20c5e810e3e1,b5b27aaff88e74d6d8c3f02dd5991104,delivered,2017-11-29 21:00:03,2017-11-30 02:23:28,2017-12-20 05:41:40,2017-12-26 18:29:41,2018-01-08 00:00:00
dc8c9fb3edc11055d2fa5198744dff2b,089d1516887ddca8fe02ef9df9fe1e2a,delivered,2018-05-07 11:43:04,2018-05-09 02:54:17,2018-05-10 09:16:00,2018-05-15 22:34:44,2018-05-28 00:00:00
1bfb2199760a3d5c410cf4fab44e868c,d41bff9131cb3eb977de4cdc0717a23e,delivered,2018-06-30 15:56:06,2018-06-30 17:29:58,2018-07-03 14:54:00,2018-07-11 22:25:39,2018-07-27 00:00:00
f56ab71ae65c4d4e1d599b5cf1fe3112,6cb81fa24ad5627767fa0662a9c6e53a,delivered,2017-11-07 17:27:59,2017-11-08 17:30:50,2017-11-09 19:09:57,2017-11-24 23:51:40,2017-12-01 00:00:00
e00a6c9e0c7028b7284c5082d59ae5f6,6c73bfa4f394204981e1c9217056e5a6,delivered,2018-07-11 20:47:31,2018-07-11 21:06:09,2018-07-12 12:56:00,2018-07-23 18:38:38,2018-07-27 00:00:00
e040525fe5bd72959057d9d5dcec81f6,f734bc25bd9630f74781066f38b6bb45,delivered,2018-06-28 20:33:23,2018-06-30 03:22:13,2018-07-02 10:05:00,2018-07-06 17:32:01,2018-07-23 00:00:00
d9e91ad92dc450af3e22b7f79352d93f,2e4f63075b8436d16195ef7938855576,delivered,2017-09-21 20:17:38,2017-09-21 20:30:12,2017-09-22 20:33:46,2017-09-26 17:54:47,2017-10-16 00:00:00
aca3b492e82b71863328c4c288861ca2,9be914d71f87403b18d4008de773d816,delivered,2018-02-27 22:35:46,2018-02-27 22:48:15,2018-03-09 22:09:38,2018-03-14 21:06:57,2018-03-27 00:00:00
fdb3f8e441b4613d2687df310f3dd318,d87ffb0cd756a3428af8b3a78b1cdcf1,delivered,2017-11-07 20:03:20,2017-11-07 20:15:30,2017-11-09 20:51:46,2017-11-17 00:47:05,2017-11-28 00:00:00
54cb48b7df9ff45bb173611bfbee0857,bdf985589fdce685974723db95746127,delivered,2017-12-15 20:15:38,2017-12-15 20:31:01,2017-12-18 19:32:19,2017-12-26 20:26:48,2018-01-04 00:00:00
8de6e40b8573fbdbb0f6e31af3b8006f,c81365d11511bb57b8fe9a8d3fab8883,delivered,2018-01-02 02:28:40,2018-01-02 02:38:24,2018-01-03 17:15:18,2018-01-09 19:33:13,2018-01-24 00:00:00
4b161afded0b38a94b63850c4bb48f91,abd11737bb2ce323c9f72b71cdf68907,delivered,2018-06-03 18:49:11,2018-06-03 19:12:03,2018-06-04 09:41:00,2018-06-22 15:59:28,2018-07-18 00:00:00
a17cc4f476cd389757e6a9f3369d84d3,7270ed3a5ab7b98df3afafeda2efb935,delivered,2017-05-15 11:37:20,2017-05-16 13:30:21,2017-05-17 11:19:27,2017-05-29 07:13:52,2017-06-08 00:00:00
6856cecc107b0c5ddfb732c3b370b0d5,46a864c79f6a021c3500462a3179f7b2,delivered,2017-07-20 10:22:38,2017-07-21 02:50:23,2017-07-22 13:19:47,2017-08-09 17:04:32,2017-08-25 00:00:00
d92888ccf9b2ae4399868e099fadf925,bee435248d11a6284cbf0ec8f96fd581,delivered,2017-05-10 07:45:17,2017-05-11 03:50:20,2017-05-12 10:41:17,2017-05-23 08:03:23,2017-06-01 00:00:00
c298146eb4abd03afe4402ae168d7637,901a46cb14e58bee8dfa6e36c7df0184,delivered,2017-11-25 18:19:03,2017-11-25 18:34:02,2017-11-29 20:48:38,2017-12-05 22:09:40,2018-01-02 00:00:00
7643003db706885af24736e3a12e76bd,c715072863363b451f8de00e1b2eb9d4,delivered,2018-04-20 14:48:42,2018-04-24 19:09:38,2018-04-23 19:28:49,2018-05-03 20:09:48,2018-05-18 00:00:00
7db5f2eb8f5f54db9f9e71ba4296bcbf,205df4889b5510ff3f9d8a4ec4a1b421,delivered,2017-05-30 11:00:28,2017-05-30 11:10:16,2017-05-31 10:29:09,2017-06-14 16:27:54,2017-06-30 00:00:00
cf33134e239432c52a6d5390e7f8a235,cbfbf63b5569b8c8f5c22d37ebd777fe,delivered,2018-05-04 17:28:45,2018-05-04 17:50:38,2018-05-07 14:32:00,2018-05-14 20:32:33,2018-05-29 00:00:00
78489b82e815cf23348985a3db599319,f0307c65ff008db4b9a8460f76132e1e,delivered,2018-04-25 18:06:07,2018-04-25 18:33:01,2018-04-27 12:06:00,2018-05-07 13:42:03,2018-05-23 00:00:00
73d8fbbc006da6a68bb49f8cebc05a50,e47f2fbcdbf2e18632c9f81639283e75,delivered,2017-10-03 15:34:12,2017-10-04 02:43:40,2017-10-05 19:08:48,2017-10-11 22:43:43,2017-11-09 00:00:00
724c2f14a18a11392fa354b017ba9dfe,990c368dbfdee68ed134dca15b5e9dbd,delivered,2017-09-22 18:11:50,2017-09-22 18:50:16,2017-09-25 18:32:50,2017-10-05 18:58:25,2017-10-23 00:00:00
ff543157c2f72dec558dfc734cfd46f7,d26d89d0d45d511f89d1edcfa7399862,delivered,2018-04-02 15:25:57,2018-04-02 15:35:26,2018-04-03 19:47:49,2018-04-25 18:48:51,2018-04-23 00:00:00
ff9ec55d9d4d0d2c46cdb45f4c1b4910,fde1321a08bd8310dad05e3006676906,delivered,2018-05-16 10:57:01,2018-05-16 11:19:10,2018-05-17 16:22:00,2018-05-24 21:03:51,2018-06-19 00:00:00
639144fceedec20fa804e47bd91dcf31,f0f41eec87eb3d31733d349395eeb741,delivered,2017-09-18 08:24:12,2017-09-19 03:36:29,2017-09-19 20:36:29,2017-10-10 19:08:08,2017-10-13 00:00:00
0ed96e54a115b2c41364ee998ae096d4,a558da39c296c8bc9b70ba67e92430e0,delivered,2018-02-19 21:00:34,2018-02-19 21:15:26,2018-02-23 19:21:51,2018-03-15 16:48:29,2018-03-21 00:00:00
e8a1a86a8e4605d1b538931af504d864,21f9e4f6dbf8b54c4d66b6fcb3c2d837,delivered,2017-05-18 11:17:59,2017-05-18 13:05:57,2017-05-18 14:16:49,2017-05-26 12:34:48,2017-06-09 00:00:00
03681e41ebddb2ca0241b148a40773d0,6112ec2abfe626685bd8c15e3e188304,delivered,2017-10-23 10:48:50,2017-10-23 11:10:18,2017-10-24 21:18:54,2017-11-03 17:09:35,2017-11-09 00:00:00
bc51cd3b8ddb527aa8044bc4198aed29,c89fc94a8e99d8fb2237d7edd4b3384c,delivered,2018-08-03 10:41:35,2018-08-03 10:50:24,2018-08-03 12:37:00,2018-08-04 18:03:42,2018-08-08 00:00:00
bfd57b73f299e0d78761611486a49de9,a20aec4e64fc5b7ae68c9648c147a324,delivered,2018-07-25 09:46:22,2018-07-26 06:45:10,2018-07-27 14:12:00,2018-07-31 16:58:55,2018-08-15 00:00:00
1ab8b3bd6a4d22497ce5164c01bc0e2c,48e845c7d4f24b06238cfa353f4d22d4,delivered,2018-03-05 16:53:36,2018-03-07 02:15:33,2018-03-21 18:40:42,2018-03-26 15:14:39,2018-04-05 00:00:00
959815491185d6d44b4adfb9caaf3b9f,c81491642e6cb5de152793df9069b300,delivered,2017-03-12 11:12:01,2017-03-12 11:12:01,2017-03-14 10:58:26,2017-03-27 12:56:07,2017-04-18 00:00:00
f52830b0ca8b8b633b4c270c33603cbb,eade89049d83824e624c0c8ea7c81c37,delivered,2017-03-22 12:58:25,2017-03-24 02:43:57,2017-03-31 10:34:29,2017-04-06 09:54:44,2017-04-12 00:00:00
8b6ca3212d045d15ba0abeca92515201,a39ca7ad9e2c9764304c259ada2fd741,delivered,2017-09-14 10:47:44,2017-09-15 10:55:23,2017-09-19 18:52:30,2017-09-20 19:26:28,2017-09-26 00:00:00
2a898774ad769f760b6ae1e81775a309,35e4137487e7d29bf21e0a4167fd0699,delivered,2018-04-02 08:25:58,2018-04-02 08:48:49,2018-04-03 17:04:40,2018-04-04 19:14:44,2018-04-12 00:00:00
22108d1ba60ff0d3a72641cc5514ab9c,5605dffcde82b7ec09d3000b2fe79b3d,delivered,2017-12-26 13:37:56,2017-12-27 04:08:50,2017-12-27 22:10:57,2018-01-06 13:15:11,2018-01-26 00:00:00
2f06cd9224ecc5ab33144e9252275263,e70cbe241863e88f29de4bd86a13ec96,delivered,2017-11-14 16:45:22,2017-11-14 17:11:23,2017-11-16 20:09:18,2017-11-22 21:02:22,2017-12-07 00:00:00
43960d2cd4437218da00d3b8e83b2819,077db731d84e53b8b593dd8835f1517b,delivered,2017-07-10 16:19:29,2017-07-11 04:06:04,2017-07-12 19:27:36,2017-07-18 18:25:20,2017-07-31 00:00:00
e43e7a3a8ac3cfe7bb59dfe7de389ce1,58f0e392253b94e8201882293816aab3,delivered,2017-09-20 22:14:33,2017-09-20 22:30:16,2017-09-21 18:12:57,2017-09-28 04:04:23,2017-10-17 00:00:00
f825879441f1f289d12c308982d24315,b2f83ff904c51add8370e2d197734831,delivered,2017-11-25 23:59:30,2017-11-26 00:20:25,2017-11-30 21:08:55,2017-12-05 16:41:10,2017-12-11 00:00:00
6c8739485ef95ce14f635264d378b198,82dacfe25491c326298b6386b4a97a01,delivered,2017-04-05 18:35:57,2017-04-05 18:45:13,2017-04-07 12:32:58,2017-04-19 15:58:18,2017-04-28 00:00:00
3048257a09e97a57f58f5d0586cc01a3,b995f956b15b59222e2a3ad9db72d562,delivered,2018-01-25 16:24:07,2018-01-25 16:34:50,2018-01-29 20:04:19,2018-02-06 23:23:52,2018-02-20 00:00:00
3088f0b4bbfaed202d378b70e289542a,55f921a7c10f0d2fda0fef7981f21a03,delivered,2017-11-17 21:43:36,2017-11-17 21:55:24,2017-11-21 16:13:11,2017-11-27 18:28:38,2017-12-12 00:00:00
eb61a98487395d9b7a135acd3d6905a5,369fa14214ae1c13595a90a2233b1484,delivered,2017-11-26 11:15:33,2017-11-28 11:31:20,2017-11-28 19:51:48,2017-12-20 18:47:27,2017-12-20 00:00:00
de859e22b1ba2980cdd352637fb1ab0a,ef63aab7b0308469304ec7adaa9ba482,delivered,2018-01-10 21:45:23,2018-01-10 21:55:28,2018-01-11 17:38:51,2018-02-16 23:48:36,2018-02-14 00:00:00
595dbd784ef1797f56ce3ee58bd0dd4f,808ec4d638607e8829db73353f8e264f,delivered,2017-12-23 16:29:20,2017-12-23 16:36:28,2017-12-26 23:29:08,2018-01-09 21:54:58,2018-02-07 00:00:00
1fda8d2bffbac0b2c801d71efbd710bf,ca642c7f935ab921b7a1b5cd397b2372,delivered,2018-03-29 17:12:26,2018-03-29 17:31:04,2018-04-04 02:28:40,2018-04-17 21:03:55,2018-04-27 00:00:00
d43b7a0e941b30ad41b6ff00ce74d59a,0dd1f72afc88c72c23c9d0889c374d49,delivered,2017-10-29 17:25:32,2017-10-29 17:35:11,2017-10-31 21:14:53,2017-11-06 19:21:44,2017-11-23 00:00:00
41189ec3ec41a82996b68cb4a6a661fa,b1d8366f1aab5e4d9f7f73734daa6d58,delivered,2018-04-28 15:00:33,2018-04-28 15:11:20,2018-05-02 13:43:00,2018-05-07 22:09:30,2018-05-15 00:00:00
4479256715e46f9c6ec0402a14889a5b,efe0f347fe4acd9f2fc67cad55efdd91,delivered,2018-04-12 16:06:54,2018-04-14 02:15:35,2018-04-16 16:19:14,2018-05-02 22:58:39,2018-05-11 00:00:00
c9e3ce22e44e7fcdb3bbd8acff17c3a6,65965ac87a95c1b1e9eb297063e36225,delivered,2018-03-10 22:21:51,2018-03-13 04:08:00,2018-03-16 18:28:56,2018-03-28 20:05:17,2018-04-02 00:00:00
4ef8f514f95bb0a41f58965ea04e7027,5d1ff54c05c7c5044718b88a49c704b8,delivered,2017-05-16 15:36:18,2017-05-16 15:50:12,2017-05-17 10:21:57,2017-05-26 15:59:47,2017-06-07 00:00:00
424e1ceb3de9ad0df2ae67ce62d75bce,ac5d9952787cc10cb1cee5d1f68c0b4d,delivered,2017-03-13 09:40:32,2017-03-13 09:40:32,2017-03-16 11:26:44,2017-03-22 14:14:42,2017-04-03 00:00:00
b7cc3826f155315673c017a521913615,4be419b7536d527ea67eaf7aa4a30187,delivered,2017-08-24 11:07:23,2017-08-25 02:55:45,2017-08-25 16:06:05,2017-09-04 23:33:59,2017-09-18 00:00:00
e44260bfec2df487a4c92f6fabfe11dd,b892692857511e736d116fb6b9b83c0a,delivered,2017-12-23 16:54:19,2017-12-23 17:10:40,2017-12-26 18:23:26,2018-01-03 21:24:12,2018-01-22 00:00:00
7b3950b933fe73d96ce4359a1caf38ea,b5a6dbf7832c882c72222308a2ae44d9,delivered,2018-05-27 22:13:33,2018-05-28 08:30:21,2018-05-29 10:57:00,2018-06-04 23:32:29,2018-07-18 00:00:00
f84df8c0d5dd2861dd4b0939c1a9fc27,35e7e54f7840d659ec8d270cf00a66dc,delivered,2018-07-18 11:08:28,2018-07-18 11:30:16,2018-07-19 12:15:00,2018-07-31 10:16:40,2018-08-13 00:00:00
c8020c10d5a223f0ec75df2818b966de,8617bd8f66cd7f354e97c8f72af8c0a6,delivered,2018-07-26 10:10:23,2018-07-26 10:25:12,2018-08-03 13:21:00,2018-08-09 21:05:46,2018-08-29 00:00:00
b2501eb5c292d415f52576b3d4b5de74,a4b42a4749163611c33c639bbfbae90f,delivered,2017-04-19 14:24:06,2017-04-20 02:55:47,2017-04-25 08:24:02,2017-05-04 15:17:01,2017-05-11 00:00:00
35a360830279232c27d0a97a124047a7,6dea049b02f7cdcb440de78b7d4d5883,delivered,2018-05-08 14:16:20,2018-05-08 14:30:21,2018-05-14 14:37:00,2018-05-17 17:41:47,2018-05-24 00:00:00
458f5a6d4163d5b6de33cda5ec82ef10,8e89cab186c88be523095a199d89bcb2,delivered,2018-07-09 18:26:31,2018-07-09 18:35:20,2018-07-10 14:30:00,2018-07-24 01:52:01,2018-08-01 00:00:00
9ce41d418568ba8baf957d5490932291,02acb517fba465aad1f1332faaf4b1b4,delivered,2018-03-13 10:49:33,2018-03-13 11:08:33,2018-03-16 20:18:36,2018-04-02 22:48:52,2018-03-29 00:00:00
e72b2b30d599a41bea8514270f6b8930,423ec49be46a59adb7cbfa113013ca4e,delivered,2017-02-02 15:48:35,2017-02-02 16:01:19,2017-02-03 15:13:48,2017-02-14 14:32:24,2017-03-13 00:00:00
d1eb8e4e276a4eea13a5c462c0765e60,9031f9dcde5860b34e6c65ac5c796d30,delivered,2016-10-04 19:30:28,2016-10-06 03:10:33,2016-10-10 03:10:34,2016-10-13 03:10:34,2016-12-06 00:00:00
3cd7a167d6f4300d15a7c8816c1b29d5,18f8cccef7493faa881941ce84bae351,canceled,2017-09-15 15:51:13,2017-09-16 16:04:25,,,2017-10-05 00:00:00
d8457bd7376bc47702228915e4c4f187,27b49a9142cc222f60f0fcea490663ce,delivered,2017-10-25 09:07:33,2017-10-25 09:26:06,2017-10-26 20:42:32,2017-11-16 19:09:06,2017-11-24 00:00:00
c5e13c21c49b30c15c64f761f68ed8c2,9dada6035f2fa20b18915fdc4067a378,delivered,2017-12-04 16:58:17,2017-12-04 18:30:29,2017-12-16 00:28:46,2017-12-29 14:40:34,2018-01-09 00:00:00
93e89f81c82a22b8095dd19f7f973abe,212a8577b07fe0659c5eb09277983ae3,delivered,2018-02-16 09:46:37,2018-02-17 03:35:32,2018-02-19 23:03:42,2018-02-23 21:13:22,2018-03-09 00:00:00
c1101a911387fc42d24230c28f75f016,c54850e0308f8bdd7d21266938cf544e,delivered,2018-07-30 15:58:13,2018-07-30 19:31:56,2018-08-08 11:27:00,2018-08-14 02:14:52,2018-08-24 00:00:00
8c98ea8f168f55d7c590b90e0e3ae53a,a95d66809480de437e5e93ad6cda31cf,delivered,2017-02-02 02:33:08,2017-02-02 02:45:24,2017-02-02 18:09:33,2017-02-13 08:47:35,2017-03-13 00:00:00
6fbee8112bd7aa6e40520d182952bee3,b77d8b017bee4578bb65581f09c6167c,delivered,2017-11-11 23:20:35,2017-11-11 23:30:38,2017-11-17 20:12:45,2017-12-07 14:33:02,2017-12-13 00:00:00
70195fea2bbb3d0d088b4d4ca7b9fc76,64e7a868a131d1c50c6a74951f1b784d,delivered,2018-05-09 09:08:49,2018-05-09 09:35:19,2018-05-10 12:07:00,2018-05-17 00:32:40,2018-05-25 00:00:00
72fa449394ed9dc9093819f93ca563af,186fb45d0f4c178da2ccac34abfa5ec6,unavailable,2017-05-26 17:19:49,2017-05-30 05:02:23,,,2017-06-16 00:00:00
e8df0b08b2d6162f2a109f931d0774b6,9d0d0f4397e1a7210fd1d0bca983843a,unavailable,2017-10-08 11:02:21,2017-10-09 22:35:26,,,2017-11-03 00:00:00
a8b53c7a7288e0478af915b26764b54b,77acf6c07ec68312b7a4ad8016d3c731,delivered,2018-03-22 11:52:57,2018-03-23 11:50:22,2018-03-27 15:16:38,2018-04-03 18:58:58,2018-05-02 00:00:00
2695c625c0969a576dfa8a6888fd04cd,9ed9389154097d9d798fef8d7e8354c6,delivered,2018-05-07 09:51:10,2018-05-07 17:17:17,2018-05-08 12:08:00,2018-05-23 18:54:49,2018-05-29 00:00:00
2e120d53ec1baa3432c6af11aa2b930c,9ae3d63d920443417fbefb4e2a03f45a,delivered,2018-04-24 23:16:07,2018-04-25 00:22:17,2018-04-25 15:42:00,2018-05-09 14:12:56,2018-05-23 00:00:00
1889186724ca4001eccd1dab24cae9bf,d55a95ea64c497d5b3180aa9630738cc,delivered,2018-07-17 13:48:59,2018-07-17 14:01:34,2018-07-23 18:44:00,2018-07-27 14:24:34,2018-08-07 00:00:00
da0065814b12fa0cc689f8f522629d6a,973195815a4b14bd3a9ae5c2909f1ff4,delivered,2017-11-16 13:25:54,2017-11-16 13:49:39,2017-11-17 20:31:57,2017-11-21 20:32:43,2017-12-07 00:00:00
bf897dd4378248fd6947e04c4d434dce,3591f887df153da2719e91fbfb37817c,delivered,2017-12-25 20:02:00,2017-12-25 20:09:21,2017-12-26 19:17:16,2017-12-27 15:43:32,2018-01-22 00:00:00
5d103f49c32225c353410679f8e90880,cc483e04990291b36653b10bf8b7b660,delivered,2017-11-24 08:54:06,2017-11-24 09:12:32,2017-11-24 21:14:51,2017-11-30 21:39:09,2017-12-19 00:00:00
0dfb6682877b58ca5105919c6cd2b741,97d3d42d95f911ec3a7bce4937ad5832,delivered,2017-06-04 14:38:36,2017-06-04 14:50:15,2017-06-05 12:56:19,2017-06-16 15:33:10,2017-07-04 00:00:00
b17db006a1076de65b757bf690c24d16,bc234186a35ceb9253c70df723a54219,delivered,2018-07-16 17:16:35,2018-07-16 17:25:21,2018-07-17 09:22:00,2018-07-27 18:36:45,2018-08-09 00:00:00
f506fd1443d94ad16f25a94426fb8805,fd96f7c811ef18a28ec69e471328b60b,delivered,2018-05-24 22:57:40,2018-05-24 23:18:23,2018-05-25 15:30:00,2018-06-02 20:18:34,2018-06-21 00:00:00
0872d0faafe0cb56e6f2c594cca1522c,dd2f0d64271438f6ad3a75d2a930a4b5,delivered,2017-09-26 12:10:26,2017-09-26 12:28:17,2017-10-02 15:18:57,2017-10-06 21:34:13,2017-10-26 00:00:00
4bfcb457c14b3efb2b36fcdf7b2c2577,294f3c954cd5bbeded15385615788448,delivered,2017-06-18 20:32:08,2017-06-18 20:42:54,2017-06-19 21:35:31,2017-06-26 15:49:52,2017-07-07 00:00:00
af32671d0b8ce510a94d9111d97371d3,ccafbef5836bb3f6604cd55c75d54b4b,delivered,2018-03-13 06:30:45,2018-03-15 03:29:31,2018-03-16 18:14:00,2018-03-21 17:41:01,2018-04-02 00:00:00
d9a7926047f158ca6ab53261baaef77b,1ace86e495109913f0b2700bd7247b61,delivered,2017-11-07 15:28:27,2017-11-08 03:26:39,2017-11-10 20:18:37,2017-11-16 21:34:34,2017-12-04 00:00:00
16bd7305ef0477841c92abb93ddf72c4,05cca96fef99684c5a5cb586bd025104,delivered,2017-03-05 13:24:53,2017-03-05 13:35:10,2017-03-06 08:43:48,2017-03-28 13:47:53,2017-04-04 00:00:00
742b2b7009e5c7c5aefce3e328c4866a,cffe268026902829ca5d41cd554b4788,delivered,2017-05-16 20:39:33,2017-05-16 20:50:17,2017-05-18 11:25:03,2017-05-30 07:25:44,2017-06-19 00:00:00
c887c09a3acf3b6fe0ba319d68d385a8,12560c8fc6ef4609768854c0dec45c80,delivered,2017-07-27 12:04:47,2017-07-27 12:15:17,2017-07-27 20:10:02,2017-08-03 19:52:17,2017-08-18 00:00:00
685eaef260332ff45909f2f0a44b60f0,dbc9a93b4f30c4cfc6d4e5f88359c2db,delivered,2017-11-26 12:16:03,2017-11-26 12:34:54,2017-11-27 17:48:51,2017-12-04 19:52:18,2017-12-19 00:00:00
9509e22a50417250e3fd7a2bb03d584c,3fe95cb06e9595e91a7dc8d838c9aca0,delivered,2018-05-29 14:38:46,2018-05-29 14:52:29,2018-05-29 19:05:00,2018-06-06 14:29:03,2018-06-21 00:00:00
be672f99f61bb90b0430f407ba4378cb,8342323ca97ec421480430c2a893aca2,delivered,2018-08-21 11:10:08,2018-08-21 11:31:17,2018-08-21 13:50:00,2018-08-22 22:36:43,2018-08-24 00:00:00
c70910216a8ff28d93ac7e1c39663784,0750e4ba17152e6b83cf55f61d391e3b,delivered,2018-05-31 15:20:37,2018-05-31 15:34:39,2018-06-22 18:42:00,2018-06-26 00:28:37,2018-07-04 00:00:00
0f38051157b7ad1d4e0b6c5d20de6ae7,af1f25102280108074d2a310ffe4bd1e,delivered,2018-07-31 12:06:37,2018-08-01 02:35:12,2018-08-02 14:54:00,2018-08-06 16:14:38,2018-08-15 00:00:00
cc008d324278200689ee451a547b97c3,35c8b0889f907434cf3cc776569ba7e2,delivered,2017-02-01 12:34:54,2017-02-01 12:54:06,2017-02-06 08:37:51,2017-02-08 15:45:29,2017-03-08 00:00:00
509952a95c250007c345b4b929663dc6,9538bc63a8c734af9f456e5e932af9e9,delivered,2017-06-10 13:01:05,2017-06-10 13:15:15,2017-06-19 16:23:06,2017-07-12 20:06:49,2017-07-24 00:00:00
953430cd8e4584aaafc39ba5eed96547,c4fa4315b879e1c56f1d536e67d4f8ec,delivered,2018-03-20 17:46:18,2018-03-21 02:55:53,2018-03-21 19:41:50,2018-03-24 01:33:15,2018-04-02 00:00:00
55463b6644570a60e7bd7f1c26c3c46d,b9f0fd7af2cba07fe0f3eb88e58c5807,delivered,2017-05-18 18:38:19,2017-05-18 18:45:10,2017-05-19 17:56:43,2017-05-25 15:33:49,2017-06-09 00:00:00
6a29338a1333f4ea8fbfeb6653e516ba,69822f1b6b2d1aad79fcf16946e6075f,delivered,2017-08-08 18:57:21,2017-08-08 19:10:23,2017-08-11 15:17:28,2017-08-14 17:28:59,2017-08-28 00:00:00
de71f9cb7b28e41118fb7bb28a6b1087,189bd9e8be3f4b136966c6d9309c3ecd,processing,2017-08-17 12:18:55,2017-08-17 12:44:21,,,2017-09-14 00:00:00
319eacb78731ec0f85e21a220556e6e5,066ec1a6ec56a0f8b161b37ddfd738db,delivered,2018-06-11 21:14:29,2018-06-11 21:40:49,2018-06-12 14:24:00,2018-06-20 14:15:46,2018-07-04 00:00:00
d9fa27f23d415b11ff675f6efc737f05,fbca44d292b404722eb3eaa33e364a65,delivered,2017-11-15 20:16:54,2017-11-15 20:31:03,2017-11-17 17:31:55,2017-11-22 17:44:43,2017-12-15 00:00:00
8ac09207f415d55acff302df7d6a895c,2d8bf5f6862af587af2e0b085a04bf0d,delivered,2018-01-29 14:50:01,2018-01-29 15:18:37,2018-01-30 17:36:57,2018-02-01 15:43:08,2018-02-14 00:00:00
c3fd18a4aeb8e2d589b0248ce60e91b7,17c867817e32d1474241a11bb120d4c4,invoiced,2018-08-14 18:45:08,2018-08-14 19:05:23,,,2018-08-27 00:00:00
3cbdfe7eddec3865455541546f081546,36c3e8a1f8e150fde4a148578d99a5e1,delivered,2018-04-09 10:18:06,2018-04-10 03:49:46,2018-04-10 22:38:45,2018-04-18 22:22:37,2018-05-10 00:00:00
67c41f8c7f43495ef9156232d80a9e0b,a62be637b764306b8b2ddc829a72e6ac,delivered,2017-05-29 15:47:51,2017-05-29 16:03:00,2017-06-02 08:05:52,2017-06-12 15:39:32,2017-06-21 00:00:00
58028d410e59d118cb0db94a3b2ac293,82327c1ab34296fb922e0aafe52d40a6,delivered,2018-04-22 19:59:04,2018-04-24 18:22:19,2018-04-24 23:08:51,2018-04-27 16:49:00,2018-05-22 00:00:00
6ee68064c217ce0b644b6e3bea56d50e,fd73481bc88400f9480a090a44428bbd,delivered,2017-11-24 13:02:04,2017-11-24 15:15:05,2017-11-30 01:32:16,2017-12-07 16:05:04,2017-12-22 00:00:00
b417d51297514f6e670d1ffb3513ef53,59cc74c68592fa253e7a2d74f5328ab8,delivered,2017-11-27 10:33:17,2017-11-29 10:30:35,2017-11-30 23:32:38,2018-01-16 10:54:38,2017-12-28 00:00:00
fda36ee6617e0a93f9634040815eaf05,7285a211caa6b5708ddbfb01f8987a44,delivered,2018-06-13 10:59:26,2018-06-13 11:17:28,2018-06-14 14:23:00,2018-07-01 12:09:43,2018-07-05 00:00:00
8497feec743d70689576b2849a5ae95f,1846f31738b622a163fe57dd41f2df49,delivered,2018-01-17 22:12:44,2018-01-17 22:29:52,2018-01-19 00:19:01,2018-01-26 22:36:27,2018-02-07 00:00:00
d956b6bc3c18434daf20182e6a625c86,11457c0edf75e08d409cc85b203bac66,delivered,2018-06-05 18:07:55,2018-06-05 18:33:28,2018-06-06 14:25:00,2018-06-07 17:47:56,2018-06-29 00:00:00
8fc40ab512fd704815938e379ac9c36f,27bf9398c28119ce30319d0805503945,delivered,2017-09-08 14:19:36,2017-09-08 14:30:26,2017-09-11 14:52:37,2017-09-22 23:22:57,2017-09-29 00:00:00
78dd5af5b7e40608ff69ca03bb016ed7,9f081be86699e3a0e6f31b91208a5efd,delivered,2017-11-03 16:22:00,2017-11-07 07:30:39,2017-11-07 12:33:23,2017-11-10 20:41:57,2017-12-04 00:00:00
5021c4cb8f8fa752b0b12fc72fd72cf4,8374fbf96094afdc664cdda8aa062633,delivered,2018-01-09 13:23:12,2018-01-09 13:33:24,2018-01-11 22:08:16,2018-01-22 16:52:23,2018-02-02 00:00:00
e1427e7a68ffc45df4603af512ceb4f1,7397a25461134bddf71cea96f9f39169,delivered,2018-04-25 17:45:35,2018-04-25 19:12:18,2018-04-26 13:48:00,2018-04-30 16:27:52,2018-05-21 00:00:00
83a211eb52242e0bbe36f69edc57c08e,bd472c511885c55391824319030c2154,delivered,2017-11-25 17:30:49,2017-11-25 17:37:27,2017-11-27 18:22:31,2017-11-28 21:38:02,2017-12-11 00:00:00
9aeb1e41ad6d0b90e6342fc5bf592276,13e613b22c4cf864ac2fc00ecdea5fb6,delivered,2018-02-12 17:06:30,2018-02-15 04:07:53,2018-02-15 16:12:40,2018-02-16 16:17:25,2018-02-26 00:00:00
e62a2c7e26cd6f85782df6f5e4e36264,1ea175d3ab6e3bf69c3fbbc0f4c59801,delivered,2018-01-12 19:19:31,2018-01-13 04:55:20,2018-01-15 17:28:35,2018-01-25 22:45:38,2018-02-02 00:00:00
49e24f3b7bd666cfb8fcedefdf35785b,eb8ae179d7fc6dd795e9a3ca6be928fc,delivered,2018-07-20 14:19:30,2018-07-20 14:30:21,2018-07-24 08:30:00,2018-07-27 18:29:30,2018-08-03 00:00:00
6e77a2014a79bc522ba00419725a3bcc,e37bbc70455e1afd493062202a09159a,delivered,2017-08-22 13:43:12,2017-08-22 13:55:30,2017-08-23 15:06:50,2017-09-11 21:16:35,2017-09-26 00:00:00
5337d26d14027f547caacb7fee230f81,c4d9b9bfc52725c22a75694a5eca31f3,delivered,2017-10-07 17:46:00,2017-10-07 17:56:13,2017-10-09 19:02:58,2017-10-16 20:33:51,2017-11-08 00:00:00
2a2169e99fd0582e2322bce30ab5207b,a04200ccccb7c170043602fdb4005f06,delivered,2018-04-17 15:20:08,2018-04-17 15:31:58,2018-04-24 19:42:05,2018-04-25 20:35:35,2018-04-30 00:00:00
7607b319daef63a1c1a41b1cd6f4a54c,b366cf48c2ccad341f8e7aff1658f511,delivered,2017-09-28 08:14:06,2017-09-29 08:23:58,2017-10-02 19:23:14,2017-10-09 16:42:59,2017-11-09 00:00:00
48ae7afdc684e9aff52a26bb84bce016,03376f61962efe4dccecd7ce47dcb511,delivered,2017-01-22 17:11:39,2017-01-23 17:21:45,2017-01-26 14:36:00,2017-01-30 17:34:38,2017-03-02 00:00:00
fb4fa4773ffc0092558abf9097750a3f,3ba5643f5a7590edc685213353b7ee65,delivered,2017-08-28 11:34:42,2017-08-28 11:45:16,2017-08-30 17:13:11,2017-09-11 21:57:40,2017-09-15 00:00:00
ededa5cad112d720146424acff90d158,4229c11b27fcd3202161ee954d12fa1e,delivered,2017-07-21 19:20:12,2017-07-21 19:35:07,2017-07-24 18:49:32,2017-07-27 18:47:51,2017-08-11 00:00:00
19488ad1e6b3f423c4d8b3a3262efbda,f6e5bb7a5ec165378bdded4b7e7543ec,delivered,2018-03-17 08:27:11,2018-03-17 08:35:24,2018-03-20 17:06:53,2018-03-29 21:10:38,2018-04-05 00:00:00
6ac15d09391be5079d870678df7a2034,78500017ab0acb2ba158219a6fda23f4,delivered,2018-04-27 17:22:08,2018-04-27 17:35:26,2018-04-30 14:23:00,2018-05-04 16:19:18,2018-05-30 00:00:00
0c995611a99f81268d859184a416f1db,3f3aaaac1d9df140266ee77970735eaf,delivered,2017-01-26 00:20:22,2017-01-26 00:30:25,2017-01-27 14:55:56,2017-02-06 09:35:04,2017-04-11 00:00:00
270f8f53a3e97cf69ab06a15d03105ab,237273539d368eeaee7e513ac0196f65,delivered,2018-04-17 11:29:58,2018-04-19 02:51:03,2018-04-19 19:36:37,2018-04-24 01:28:43,2018-05-10 00:00:00
4cfcf0598ac30b637d0ded5abcdc74f6,a732e3e70fe678aca25c0e1fce6c93b2,delivered,2018-05-29 11:02:05,2018-05-30 10:56:30,2018-05-30 13:34:00,2018-06-15 14:47:36,2018-07-04 00:00:00
32335927ea896fd9993fa6f6715e1605,66caeea4892e42446bc4b464f108a5a9,delivered,2017-08-05 14:26:04,2017-08-05 14:43:27,2017-08-07 20:17:41,2017-08-21 14:32:38,2017-09-11 00:00:00
30f9a19b0813c91db4efc5ed582b0bff,397615a43d68e23b03dd85c623b88703,delivered,2018-05-06 12:34:03,2018-05-06 12:53:26,2018-05-07 14:23:00,2018-05-11 17:23:25,2018-05-30 00:00:00
accde1ef3208fde380a66c1706494ba4,def539a7ca0a7f33f09349a1dd13fdc9,delivered,2017-03-17 10:30:06,2017-03-17 10:30:06,2017-03-21 15:01:21,2017-03-28 12:04:01,2017-04-07 00:00:00
36a37af508b09e391728ea24f49f656c,7bdbd04e0b6901d833166006ec5d7797,delivered,2017-11-14 15:36:23,2017-11-14 15:50:36,2017-11-16 23:18:33,2017-11-23 23:32:21,2017-12-04 00:00:00
3a0b9e5f9d86c3edbceb2a6a8f637dc0,2649cfcf1f9fa77ec46cd1b4fc594a5e,delivered,2017-03-04 17:19:00,2017-03-04 17:30:15,2017-03-06 11:33:04,2017-03-11 05:29:20,2017-03-27 00:00:00
5a92b60d387be04eb53698b2f8b9b043,1dcdf6ec97f49ddecccb0ef350ff7f07,delivered,2017-09-01 06:38:10,2017-09-01 06:50:07,2017-09-01 18:49:39,2017-09-06 20:43:59,2017-09-21 00:00:00
8a5cd94263594dcb4815688e9f4b3618,7917456dd713912a20d20cdd18b3d610,delivered,2018-01-14 16:08:40,2018-01-14 16:17:46,2018-01-16 00:51:44,2018-01-18 21:48:57,2018-01-30 00:00:00
c7649c79ea8177e6ff2817c7dac6343f,c083dda2847ac8ea0aad28e6fe16af3f,delivered,2018-07-26 20:03:46,2018-07-26 20:15:19,2018-07-27 14:47:00,2018-08-01 20:09:37,2018-08-10 00:00:00
f3afa9dd5b20b5e021893b1993b7f019,d6df282804c3e29133e76d6440472810,delivered,2017-11-27 22:24:27,2017-11-27 22:34:27,2017-12-02 00:27:44,2017-12-05 23:03:49,2017-12-11 00:00:00
9b9ea4df4ca67f5e1e7867b56944dd55,8b71a681358f942a3c677d8cb1c7e575,delivered,2018-07-16 12:30:45,2018-07-17 04:35:18,2018-07-17 12:07:00,2018-07-20 18:16:33,2018-07-30 00:00:00
cecab9a50124b827ad862cb191df18a8,8a1daab44298bb840a395a817bdbddfa,delivered,2018-05-15 10:07:37,2018-05-16 03:33:47,2018-05-16 15:56:00,2018-05-22 23:14:45,2018-06-22 00:00:00
1a0ebef87017257e3f6c7f10e82b20b6,6a0cad7e06a1bf0e46d968f094dd0051,delivered,2018-07-25 18:48:22,2018-07-25 19:04:24,2018-07-27 14:24:00,2018-08-02 20:52:03,2018-08-17 00:00:00
f85c3dc1fcb73177a8b063582d72e630,5d53cf7d06f7d471c05fdc316fd16736,delivered,2017-05-15 21:22:49,2017-05-17 03:55:27,2017-05-17 10:04:08,2017-05-22 13:33:11,2017-06-02 00:00:00
b4646db3266d2dcfe81b59aed062d3d7,c4a4198eed8a98fafd29a24afc9e6886,delivered,2017-11-26 23:02:29,2017-11-28 03:39:33,2017-11-28 19:57:59,2017-12-17 18:36:50,2017-12-22 00:00:00
81a8c2a67e03e35119afe31d8c1d7b10,89ce5d185f524e19ab34c90e6739aa7a,delivered,2018-06-30 22:34:16,2018-06-30 22:50:03,2018-07-10 14:47:00,2018-07-11 17:57:27,2018-08-02 00:00:00
f8948d6c6224ac4eaedf26a77e5b09e8,cb7d9b0b6bb782faac706deaa158b5df,delivered,2018-02-21 22:55:55,2018-02-21 23:05:36,2018-02-22 17:39:03,2018-03-06 20:12:58,2018-03-23 00:00:00
5f00e8736eecc85c0f944342a6a8679a,74f63a0356c3dd2e761445f2fa4bb5cb,delivered,2017-10-31 15:38:58,2017-10-31 16:31:14,2017-11-04 01:33:44,2017-11-07 17:19:01,2017-11-08 00:00:00
45e199ea5adfa906eccd69a47b50e870,bb0ac4507068b60c61c15304a76d6cff,delivered,2018-01-31 11:34:42,2018-02-01 02:36:05,2018-02-06 23:14:41,2018-02-17 00:51:43,2018-02-26 00:00:00
276f870fc58da8199417ba83247fb93f,8fb95d3058d1550dbae71bb2098ea0ed,delivered,2018-06-14 17:58:01,2018-06-14 18:18:39,2018-06-15 06:57:00,2018-06-18 16:52:28,2018-06-26 00:00:00
13b405c01103fcb4ab199d6a8f7825ef,83ee5cf0c8eb3b69739ff435c27eb6dd,delivered,2018-01-22 16:13:36,2018-01-22 16:33:02,2018-01-31 20:34:42,2018-02-08 00:16:42,2018-02-06 00:00:00
4870f8be587a9e5643156fb4f22d02e2,533dfe34292288f199adb10633856c22,delivered,2018-07-18 15:46:11,2018-07-18 16:02:43,2018-07-25 09:55:00,2018-07-31 19:27:35,2018-08-09 00:00:00
7ba7dee84bae0fca47debc26d678f07b,d548e62990093d77a050736b912714b3,delivered,2018-01-05 18:05:56,2018-01-05 18:16:31,2018-01-09 22:56:57,2018-01-16 21:58:47,2018-02-02 00:00:00
57bc9b432f93fd30a3cc83952ccbf267,7022a8efc480a54d4fcaddb10315fa3a,delivered,2018-08-25 11:01:56,2018-08-25 11:15:09,2018-08-27 12:16:00,2018-08-29 15:38:59,2018-09-05 00:00:00
e277c65ec97280d2b8df16402f002bbd,1add76929fb44f188283613f0f9ace68,delivered,2018-06-11 16:20:45,2018-06-11 17:01:42,2018-06-21 10:53:00,2018-07-02 17:38:33,2018-07-17 00:00:00
5536991d71116471b32ce34a02e42cc6,f72019308430cb68b9846a32d37db6ed,delivered,2018-04-03 10:45:15,2018-04-04 03:15:25,2018-04-18 23:08:31,2018-05-02 12:41:54,2018-05-09 00:00:00
c36fb2b831814f120ed8be36563d8aa0,4b1dc62f5572aa2796acbd46c491b076,delivered,2018-03-06 20:13:23,2018-03-06 20:29:44,2018-03-07 17:26:49,2018-03-14 19:17:47,2018-03-28 00:00:00
5ac5d1317f3d5cb2aafc061720b4ebdd,a7d4736dd5ab4eb241cd2c5d7751bb6b,delivered,2017-11-27 10:51:44,2017-11-27 11:14:55,2017-11-27 22:21:49,2017-12-01 17:29:05,2017-12-18 00:00:00
a1d4c96bf57bd062f427fb7e9096b90f,a7d24ee76f1c2a468b7997a78056b63e,delivered,2018-04-05 19:52:14,2018-04-07 02:50:26,2018-04-11 18:42:47,2018-04-17 15:24:45,2018-04-25 00:00:00
c451acb6636308de77a83c8fa9c72a87,705b2aece576a33b07a5eec40292b9bf,delivered,2018-02-10 08:27:31,2018-02-10 08:40:43,2018-02-16 19:36:08,2018-02-21 14:44:19,2018-03-06 00:00:00
f3b7df7b744296234598c2e1fc83ffd4,192f1ae7d7122daf9b8b530e54086a76,processing,2017-04-28 07:04:04,2017-04-28 12:59:04,,,2017-06-06 00:00:00
6c98fa39891b33399785aeac3d7ee926,0c2473e5a7533f687f8e6aa29efbdc7d,processing,2017-02-28 12:49:50,2017-02-28 13:01:27,,,2017-03-24 00:00:00
32744f120083b73a94a86096a61ca1c8,2bdb1510d7fa5e2e324f53d7b0ecb0d8,delivered,2018-04-07 12:55:00,2018-04-10 03:50:03,2018-04-12 20:14:21,2018-04-25 18:30:49,2018-05-08 00:00:00
c9716472f9573f8b76775fae14ae7c1e,93bdcb0a5bd6fdcaf5223c93174028ff,delivered,2017-12-15 21:28:21,2017-12-15 21:36:29,2017-12-21 20:27:49,2017-12-29 14:34:05,2018-01-15 00:00:00
44b7f7a59d7d3d4c6d72380e3af10e80,fb0dd4c7528fd48dde8eafdec4dcfb0b,delivered,2017-07-21 00:45:06,2017-07-21 01:03:28,2017-07-21 16:52:23,2017-07-24 11:38:04,2017-08-03 00:00:00
189ba95d81c72d1250e45df72f8acaa4,dee1a312a2edd8671e8885825cbdd2a1,delivered,2018-04-26 00:40:25,2018-04-26 03:30:52,2018-04-27 15:34:00,2018-06-28 16:03:56,2018-05-21 00:00:00
786a873e54be6312936c0be8968237cb,b9cb144d3d81be94eca55f70d8c01eae,delivered,2018-05-02 15:45:07,2018-05-02 16:38:03,2018-05-03 15:46:00,2018-05-10 01:58:32,2018-05-25 00:00:00
8ddf10ae2f0c4148e4cd1fbd889a7ebc,24c1ee3d22885f0d3fb09b80546ecbb7,delivered,2018-02-15 14:46:39,2018-02-16 11:30:38,2018-02-19 17:57:21,2018-03-08 19:57:19,2018-03-16 00:00:00
59b052d85daa8efd389472b72406a88d,3fa0f0d17dcb1c898d6e6bd095c2d254,delivered,2018-06-09 10:53:58,2018-06-09 11:11:17,2018-06-11 12:36:00,2018-06-23 07:33:02,2018-07-17 00:00:00
1c0d93546a9b70093cb412cc8f50a405,03dffa43f4eb19d5bb46183e6be9c03f,delivered,2018-04-09 13:24:06,2018-04-09 13:35:23,2018-04-10 23:48:34,2018-04-17 23:29:01,2018-04-26 00:00:00
518d2444a28aa986367a85f3637e32a7,dc8857b7ed4b36d0d3b6df6cdd37c439,delivered,2018-01-28 19:36:55,2018-01-30 03:47:25,2018-01-30 21:53:14,2018-02-03 18:36:48,2018-02-21 00:00:00
39a2d2aed921860a6dc914083df60891,eda13191a05b989ec9f6ef52806feeee,delivered,2018-05-07 13:42:16,2018-05-08 13:35:28,2018-05-08 15:46:00,2018-05-23 20:48:49,2018-05-28 00:00:00
1b639d1c43c530ad38bb59d4ea7f8d08,ce65d81faff1e65d08d331bfe6c0ad6e,delivered,2017-12-29 18:23:19,2017-12-30 14:27:40,2018-01-05 17:38:44,2018-01-30 21:42:48,2018-02-15 00:00:00
9f4fe1d7e457d205247793f5b21dd706,36755d7ec5d892c462e48ca5098ee156,delivered,2018-02-14 18:23:09,2018-02-16 07:51:13,2018-02-16 19:19:20,2018-02-18 14:34:09,2018-02-26 00:00:00
ee0ab7251e08896f99e68e22fdb69764,0c9ea4a63a2c946b0a615a207cd3e465,delivered,2018-01-30 23:32:03,2018-01-30 23:54:54,2018-02-02 01:31:37,2018-02-03 01:54:50,2018-02-16 00:00:00
6d2a30c9b7dcee3ed507dc9a601f99e7,f542a16576b88cd885a4f797377df95e,delivered,2017-11-20 21:34:33,2017-11-20 21:47:01,2017-11-28 20:22:15,2017-12-13 22:44:41,2017-12-18 00:00:00
abbf8270415671551b11b0e45c72eeb8,0cf035c6dba87ba8ca506f64719663dd,delivered,2018-02-22 09:31:28,2018-02-22 09:50:31,2018-02-27 23:42:26,2018-03-23 19:34:36,2018-03-23 00:00:00
206d3e28b582e9813ffbd58395f55e2e,ade2bbba21068cdeb3a0cbcb73020217,delivered,2017-11-09 17:30:41,2017-11-11 02:46:48,2017-11-14 16:21:59,2017-11-23 18:29:27,2017-11-29 00:00:00
f6abdf036dbfaa78fa40d68f83a20968,c6f8d616b2dffab04e4bad5e6a0af2c4,delivered,2018-08-13 20:40:05,2018-08-14 20:35:12,2018-08-15 14:15:00,2018-08-20 14:26:59,2018-08-23 00:00:00
5da2004d85f2828349d887c989da2adc,95f592086150f0c95d3082aea047b816,delivered,2016-10-05 20:20:59,2016-10-07 02:48:26,2016-11-21 10:23:41,2016-11-26 08:16:49,2016-11-29 00:00:00
538bcc2ab8514680c3d5b27479b02dae,c3192b5f85bb0b0a52c4777dda01af09,delivered,2017-06-05 22:20:20,2017-06-05 22:30:19,2017-06-07 13:14:37,2017-06-09 12:08:36,2017-06-22 00:00:00
9f8a5df991c57d29150d67467ebb5001,9e22d6ed7fdeefac7bddebb2612ca0d4,delivered,2018-02-02 10:58:49,2018-02-03 02:53:15,2018-02-06 20:33:48,2018-02-11 16:37:30,2018-03-02 00:00:00
205e94cc10bf8b9be1917d15963e6648,b6dc654ea3ba172d3acd4a753b12359a,delivered,2017-12-02 11:06:09,2017-12-02 11:18:28,2017-12-06 02:32:55,2017-12-20 21:12:58,2018-01-02 00:00:00
2ccb6bec4f3730c45dafaa8beb92f482,4f363a4496ccc9d1ded1452aa038b00b,delivered,2018-02-26 13:45:32,2018-02-26 13:55:26,2018-02-27 20:34:13,2018-03-07 18:50:04,2018-03-23 00:00:00
a7f50550b7c9925554fb9bda2d7d220a,47a7e64cd6c194e9358b7df9c67bf9a9,delivered,2018-01-12 14:28:29,2018-01-12 14:36:25,2018-01-17 18:47:08,2018-01-19 20:53:02,2018-01-31 00:00:00
13834646826ae873256bfc9e6d22a019,8512e3ca55e22431ebc529ee0dda929b,delivered,2018-03-21 18:26:33,2018-03-21 18:49:09,2018-03-23 21:52:45,2018-03-28 17:32:45,2018-04-11 00:00:00
504b7c1b22122e429928dcd1ecab50c2,6b0ce605437c4dc06f3ceabbe52ec569,delivered,2017-09-12 12:57:09,2017-09-12 13:10:18,2017-09-14 16:01:37,2017-09-22 17:14:49,2017-10-09 00:00:00
71b6b0dbcea45b0b6225395f940402a3,a44066ff32f585bbd59d17e7d6433d92,delivered,2018-03-18 10:59:21,2018-03-18 11:10:27,2018-03-23 21:16:54,2018-04-09 20:47:33,2018-04-10 00:00:00
8c28df1eae513694a941565b1a0a5de8,bac7cc91caa4078e7a3e7e5547531c1d,delivered,2017-08-26 08:46:15,2017-08-26 09:04:16,2017-08-30 10:37:52,2017-09-04 18:32:52,2017-09-14 00:00:00
2f6e1ce2926b6a1f5f9ea11d94b58cb0,8d0705b3e380f94aacb2c36ecc0bd425,delivered,2017-05-25 12:57:19,2017-05-25 13:10:23,2017-05-31 14:17:52,2017-06-19 17:43:21,2017-06-26 00:00:00
c261c57774808b333866f1957d4f8ebd,a5deab37103ca8c97bc8b9adb7de4c9b,delivered,2018-02-21 22:57:17,2018-02-21 23:10:24,2018-02-22 18:52:17,2018-03-02 12:41:46,2018-03-08 00:00:00
ea1857c97012fbeb3b4babd5892ebc7a,bf96e70ffefc1f625f3db89f1949af48,delivered,2017-05-30 15:55:30,2017-05-30 17:34:56,2017-06-05 09:52:35,2017-06-09 22:55:52,2017-06-22 00:00:00
a7c26d6524d448da94b7ad45ad722167,dd846ed066a933c640205ff9258cbc73,delivered,2018-03-19 23:29:47,2018-03-19 23:48:00,2018-03-20 22:26:41,2018-04-03 19:59:41,2018-04-10 00:00:00
bb34c61f26a3ba58d1643c67b2f8c3d7,86137ad76337bb3d7424765d49dc9579,delivered,2018-01-08 12:23:30,2018-01-08 12:32:34,2018-01-09 19:26:51,2018-01-10 21:58:05,2018-01-24 00:00:00
f11877a328215697cb35c93e04e7780a,9e719f78889c3f9ec9fea06852eaf6b4,delivered,2017-12-23 20:53:21,2017-12-27 04:07:10,2017-12-28 22:29:16,2018-01-24 18:33:09,2018-02-02 00:00:00
9ba7ed4875ebdafe8b7969fe4417e5a5,5160a7d2b93c50245ae21cbc016e4e1a,delivered,2017-09-20 08:10:20,2017-09-20 08:24:21,2017-09-20 20:43:35,2017-09-26 17:33:34,2017-10-09 00:00:00
e73eb0a2c088eec6c479d66ac0d910f0,978301ff5164e588507e36368bb211dd,delivered,2018-02-24 10:02:14,2018-02-24 10:15:23,2018-03-01 10:59:03,2018-03-19 19:17:44,2018-03-19 00:00:00
d4295c2cfed0fb943b1354de24b47726,7ca386d94fad690a5c2db60793eaf51e,delivered,2018-04-18 21:10:15,2018-04-18 21:30:39,2018-04-19 18:51:50,2018-05-03 17:36:42,2018-05-17 00:00:00
b97ca4dfeb3b285bbbd1e7a528beba92,68fb4226ef248268b7c3d7effd5d7613,delivered,2018-05-17 21:55:40,2018-05-18 02:54:26,2018-05-23 06:29:00,2018-06-04 17:46:42,2018-06-05 00:00:00
6dd9eb8ecef759465403ac4af8944c97,3fdbd8699d78eb58d46568b3f112ae8f,delivered,2018-02-25 16:19:45,2018-02-25 16:30:30,2018-03-01 00:52:39,2018-03-07 21:53:12,2018-03-12 00:00:00
b157fc555fff3a1fbb596921333cff16,1776480855ede0a90369b2fc87d112dc,delivered,2017-11-24 13:06:43,2017-11-24 15:14:31,2017-12-11 18:22:03,2017-12-28 21:03:14,2017-12-22 00:00:00
3f28cba1ce719f837889ddbcd88bcbf2,7349cd73302e7125d66265b35dc9fcb2,delivered,2017-06-19 12:50:16,2017-06-19 13:02:46,2017-06-28 15:38:00,2017-07-13 01:17:42,2017-07-11 00:00:00
1806fe61d0bb55b8c6b9ea3fd2da7c0c,6acbfa50ffad024bc804a9c7cb1bec48,delivered,2018-02-17 12:10:17,2018-02-19 08:46:26,2018-02-22 17:39:17,2018-03-05 20:48:53,2018-03-19 00:00:00
742a36775534b588ed2a62ba4c2d9cd7,b3137029b6e1d3d2e172a8725c0d3e5b,delivered,2017-07-28 09:45:54,2017-07-29 02:23:30,2017-07-31 14:27:28,2017-08-12 11:33:14,2017-08-17 00:00:00
177eb8fe1abffb7ffb6fb1d470077469,349f8c938598fb0c3979dd4219739842,delivered,2018-04-13 09:28:01,2018-04-13 09:52:08,2018-04-24 17:50:43,2018-04-25 18:19:34,2018-05-04 00:00:00
31827c49aa741fe6dc05ad3f63fef4e6,f8104ccef143d4fdd2690976345d235e,delivered,2018-07-05 11:28:27,2018-07-05 16:19:40,2018-07-05 15:26:00,2018-07-12 21:45:31,2018-07-24 00:00:00
797fd27a25a9103f01971d21853a0b11,7e66fcdb02521fecb4cb2f6b4c41ef7a,delivered,2018-04-05 10:05:44,2018-04-06 03:10:18,2018-04-10 19:08:31,2018-04-14 11:40:51,2018-04-25 00:00:00
daed9e78d8caf060ecb46125d167dc67,c0d3af311caad01cc8343a88fe70fdf6,delivered,2018-05-21 15:47:51,2018-05-21 16:55:08,2018-05-23 11:31:00,2018-05-25 17:46:21,2018-06-05 00:00:00
026a69b8c98fbfc61de9050c41f1dd95,5441451c5c5d190466e7afbf2adc1c19,delivered,2018-03-08 09:24:33,2018-03-09 09:28:31,2018-03-10 05:16:40,2018-03-11 18:58:26,2018-03-20 00:00:00
a69a3c7d97e8ed05be9f7c750849c481,e37686cb4fc731e244b925f32fbca501,delivered,2017-05-01 21:09:27,2017-05-03 15:32:13,2017-05-11 10:40:10,2017-05-17 10:56:08,2017-05-25 00:00:00
c12bef4c2199585f7a1f2c92fdac3827,4536ccaeb1bc6078a3063b63c9e2905e,delivered,2018-08-06 17:46:34,2018-08-06 18:04:49,2018-08-07 13:33:00,2018-08-13 16:07:22,2018-08-16 00:00:00
fb9e94685fede37314f883d0bb0c2561,f0ff4f448d3927fade56847eb603a634,delivered,2018-07-18 20:38:18,2018-07-18 20:45:11,2018-07-20 19:20:00,2018-07-24 23:06:43,2018-07-26 00:00:00
07f83d154c11676890dc6275328ba6c1,97712f6bd218a7c7f252be5bb6e75f69,delivered,2018-06-17 20:51:05,2018-06-18 20:56:57,2018-06-19 13:50:00,2018-06-27 03:08:39,2018-07-17 00:00:00
94a4d00bea6790d3c810c6b2f56b4d65,eda92d7762b9301345afe83928e464b2,delivered,2018-01-08 22:25:47,2018-01-08 22:37:25,2018-01-10 18:05:30,2018-01-22 14:15:45,2018-02-02 00:00:00
8eb2c9d9099a3b53d1ebe9579ab8c1a3,31ad7bf4a4090e22e0c5d22acaf04f9e,delivered,2017-02-21 08:00:44,2017-02-21 08:31:55,2017-02-22 12:34:52,2017-03-02 10:51:45,2017-03-22 00:00:00
1c355a011e2b33259ad6a363cfed6166,971a8cc26e2bd7434cced15690653229,delivered,2017-12-05 17:31:45,2017-12-07 17:33:29,2017-12-23 03:38:49,2018-01-08 21:10:09,2018-01-05 00:00:00
b84b9f8e6380570cdabdb0af246d6b9c,ef2632671769cd78a10d1deeca649078,delivered,2017-04-22 13:44:23,2017-04-22 14:01:12,2017-04-25 11:35:36,2017-06-12 14:39:40,2017-05-19 00:00:00
d279acf202b55cb48ca420ecd39105e3,64e4610c79c90cff2b13643f3708ea16,delivered,2018-02-21 19:39:07,2018-02-22 12:35:40,2018-02-22 23:15:15,2018-03-03 15:52:23,2018-03-14 00:00:00
89db4ab2c03e2a83b490e5dc7302c5a7,fa98b17e2cb3e9ac09cc2b04ff98e073,delivered,2018-05-23 23:46:24,2018-05-23 23:55:16,2018-05-24 13:40:00,2018-06-01 22:24:21,2018-06-20 00:00:00
8384cc8291fa3f9512995c77446cf25b,c6447c7b0643e5526a0b245317858d72,delivered,2018-04-07 12:43:39,2018-04-07 12:55:34,2018-04-11 00:17:50,2018-04-12 00:38:44,2018-04-23 00:00:00
dcb6b3a5dfe3c868690d213b263b6dc8,18ea52dddd0eb6548f78b6a3545ed9a6,delivered,2018-05-04 15:04:35,2018-05-04 15:33:17,2018-05-07 15:23:00,2018-05-09 17:12:13,2018-05-23 00:00:00
8de8b85f1fd0b1e43dfe0745026e93f4,d30141ad1a21e039c788267f511dbd82,delivered,2018-02-23 13:34:01,2018-02-27 04:31:15,2018-02-28 01:46:24,2018-03-21 17:04:08,2018-03-21 00:00:00
da9713f62e0d54668895dd0ca6ddbb64,79e482fbb9811d4ba4eb9249661c0194,delivered,2018-05-28 10:00:37,2018-05-29 09:56:12,2018-05-29 13:15:00,2018-06-12 17:39:38,2018-07-03 00:00:00
e7e04d4d4bf764f196ef77cbf86b1ece,3550f969887c04033270aa6ec14c49e8,delivered,2018-07-13 09:11:10,2018-07-13 09:26:14,2018-07-17 14:16:00,2018-07-24 23:04:00,2018-08-16 00:00:00
354a5b90cf468691c4b06debfd2c8115,e879d9cc471ab8feafa1056998e6ec95,delivered,2017-01-28 20:01:21,2017-01-28 20:31:32,2017-01-30 08:27:47,2017-02-15 18:47:34,2017-03-20 00:00:00
c63b161b8e0d866d60b95902f4d0046e,02c61d2bc19f626c10dd080efe7ecfde,delivered,2018-04-17 17:41:46,2018-04-18 17:58:44,2018-04-20 01:18:45,2018-05-02 23:47:31,2018-05-10 00:00:00
3ac2186857e6d4f16167df65af939568,6d17b7ae3491ceaeaa8dc02e8a8d9485,delivered,2018-03-09 10:24:47,2018-03-09 11:30:55,2018-03-13 23:38:42,2018-04-13 00:08:33,2018-04-06 00:00:00
d95c7210ba7d2249083e45536f2d0a27,50c3d604564366cc6e2e3e920cfe6a36,delivered,2017-11-09 16:05:47,2017-11-09 16:26:32,2017-11-23 22:15:04,2017-11-26 17:17:05,2017-12-05 00:00:00
0999a91ea28eb69b5120ccb4c90a1ff5,660bc90c1f3edac49bbbeda20afdfb59,delivered,2018-01-05 20:37:59,2018-01-08 20:31:01,2018-01-09 16:34:16,2018-01-16 16:28:12,2018-02-06 00:00:00
6cbc65eb4b9f5320a527cafaf73b7ea1,afddd76d1457bf3429973d37105f7aef,delivered,2018-08-23 11:01:11,2018-08-23 11:25:33,2018-08-24 11:59:00,2018-08-25 18:54:37,2018-08-28 00:00:00
a7ebc0809890f8a034bd5bef34068aa8,ee95b60ab2ff37d4e58f5cde4b15bca4,delivered,2017-08-27 16:39:45,2017-08-27 16:50:12,2017-08-29 20:10:13,2017-09-05 22:33:53,2017-09-20 00:00:00
a5b5af395ebf623545b0777166d99f5b,b0f630442a65aadea129861805c3c782,delivered,2017-07-19 00:41:51,2017-07-19 00:50:08,2017-07-19 18:15:06,2017-07-24 16:07:33,2017-08-08 00:00:00
98482a10ce38755ad5283e8d99ebfefa,26dc82762cb8a69033c25900cdb37295,delivered,2017-04-07 17:24:30,2017-04-07 17:35:14,2017-04-11 12:06:43,2017-05-02 16:30:43,2017-05-11 00:00:00
8ae04dfbb6a99bc4d4871edc08bf8ee8,69669ffeb8cceacaeba748ae8e50af0b,delivered,2017-11-24 19:30:37,2017-11-24 22:54:08,2017-11-28 20:34:07,2017-11-30 14:42:30,2017-12-08 00:00:00
4f11b193b0377b0fca026337ebdbe130,40064aa35ea290a85a8faea0fceb00b4,delivered,2018-03-13 13:46:56,2018-03-13 14:09:28,2018-03-14 01:22:46,2018-03-23 17:19:47,2018-04-05 00:00:00
c0199e1948471c7a3067b98fa16d16c5,8f22e893295d73e2deb1e4e1d8ea6e32,delivered,2018-08-14 15:26:06,2018-08-14 15:44:07,2018-08-15 15:48:00,2018-08-16 20:18:38,2018-08-21 00:00:00
092dd56170a9fa63acf80b11ef09f095,b39772ec1d9fc1994b44e64ecbc1d13f,delivered,2018-08-21 22:02:04,2018-08-21 22:10:17,2018-08-22 14:06:00,2018-08-23 19:52:45,2018-08-28 00:00:00
cbeaa013552d74983472628c5534d3e8,9235b5fc6713b7c6c4f69975c54a8028,delivered,2017-05-02 21:55:39,2017-05-04 06:35:28,2017-05-04 14:47:48,2017-05-09 09:18:42,2017-05-23 00:00:00
f55fce6b72a95af7e7f8607db5a2d4cc,10ae67f3aa1b1fb6b0572e882ed132e5,delivered,2018-03-11 12:30:10,2018-03-11 12:50:03,2018-03-13 03:41:59,2018-03-15 21:18:25,2018-04-06 00:00:00
d886b00d4a23706eb91d946fc5a33a3a,6573ee4e5fd374e19d9d34a121a422ec,delivered,2017-11-24 19:33:51,2017-11-24 22:57:07,2017-11-30 01:24:40,2017-12-12 19:21:50,2017-12-22 00:00:00
3fe47ae1928a1f0f0dd7e456c400da7b,53cf02fb89394af812a28f45c28869d6,delivered,2018-07-18 10:54:06,2018-07-18 11:05:15,2018-07-25 08:11:00,2018-07-31 15:52:29,2018-08-16 00:00:00
2354d2984a9a8f5334a71203123cbdc2,438cfe36b53de47ae14cc3e7185468bb,delivered,2017-12-02 10:37:58,2017-12-02 10:57:14,2017-12-05 16:56:48,2017-12-15 20:12:07,2018-01-04 00:00:00
87db440948f84c0c68a2311dba047650,d1e8d2dce7cc66c32405d66e9eda6b82,delivered,2018-02-14 20:41:35,2018-02-14 20:55:50,2018-02-15 12:07:31,2018-02-27 23:59:07,2018-03-08 00:00:00
9c9353e8fd52f68f8442e580b5f2bba6,6430b9e20f8b2acf27b7cb72406d0c87,delivered,2018-02-27 21:30:27,2018-02-27 21:49:00,2018-03-05 17:36:49,2018-03-23 19:38:52,2018-03-21 00:00:00
fb92e5acbb4a91e36528fd0f21a25eaf,006f0d8cda092921f2cd9159db212237,delivered,2017-11-11 09:19:15,2017-11-14 03:50:37,2017-11-16 14:16:52,2017-11-26 14:12:31,2017-12-06 00:00:00
59c0d4b067270f98e28b82c5ce59db9c,1445c50b71cac75922c8b2aab68dce8e,delivered,2018-08-19 20:53:01,2018-08-20 13:15:09,2018-08-20 15:13:00,2018-08-22 17:12:06,2018-08-31 00:00:00
b97f4446e75d59878260387fdf72d1a7,84d88cf22fee7766f07c6c033a35d4e1,delivered,2017-04-27 18:04:27,2017-04-27 18:23:22,2017-04-28 15:55:03,2017-05-16 14:23:05,2017-05-29 00:00:00
f1b3dc829876d87a130808b76d5bacf7,f9af1b2b5f714b1c3f46b9683df2454c,delivered,2017-02-15 16:31:44,2017-02-15 16:45:15,2017-02-16 09:34:17,2017-02-20 08:05:00,2017-03-16 00:00:00
718c9dc6e24a5dbdfe4021ffb9f5f63b,2f2c3d4159fa08183d294c682ac8dd63,delivered,2018-01-29 12:33:22,2018-01-29 12:52:21,2018-02-07 22:52:39,2018-02-20 22:19:19,2018-02-20 00:00:00
ed7729e6796b85362ae02f41ae06ea03,ebcd6949522bae5af04691fe44be17d0,delivered,2018-03-03 10:00:48,2018-03-03 10:10:29,2018-03-05 21:04:31,2018-04-10 14:47:40,2018-03-26 00:00:00
5e52347cf930a594b49921ee25d22742,9745530bf7ae3bd09df91feac9b7b827,delivered,2018-02-27 18:40:51,2018-02-28 18:35:31,2018-03-01 20:17:03,2018-03-27 01:48:22,2018-03-19 00:00:00
14a33a96125aa5f732d96bae3c4e55f8,77e6138a5046e3b23711c3d17721c8ce,delivered,2018-06-21 15:52:23,2018-06-22 04:36:00,2018-06-25 13:37:00,2018-06-29 21:41:53,2018-07-04 00:00:00
e4b054cad5be6beb018f30ae256b1672,2c5cbda7de463d91a3ceaf9ed04f9239,delivered,2018-01-14 18:49:49,2018-01-14 19:31:07,2018-01-16 17:47:10,2018-01-31 16:58:55,2018-02-08 00:00:00
d08bc243bdf75320f869b3b5bdfdb9ef,49dd36f80ac4c79a0b51aee305604b0c,delivered,2017-10-27 15:04:07,2017-10-28 03:07:47,2017-10-31 14:37:00,2017-11-08 22:18:56,2017-11-16 00:00:00
5adbed163937249660758e9721a42a74,40e2b63d89d6ec0c641eb72ee0a8347d,delivered,2018-01-27 07:18:59,2018-01-27 07:30:09,2018-01-29 17:38:44,2018-01-31 21:28:57,2018-02-14 00:00:00
51b30435208f155396e7732009443833,9708a89477034ec963ec539e031e57b8,shipped,2017-05-14 06:20:25,2017-05-16 08:55:12,2017-05-17 11:19:29,,2017-06-02 00:00:00
db56f4c0b87585abfe200b7ed15437d1,149cbd3f684d523d087f5260302c90e0,delivered,2017-11-24 12:48:54,2017-11-24 14:59:27,2017-11-27 21:57:32,2017-12-20 20:09:20,2017-12-18 00:00:00
4c566742b96f3f068f5058e7919c2842,d964c90c96050f92b1f888059f274966,delivered,2017-11-30 08:24:55,2017-11-30 08:35:55,2017-12-01 20:49:44,2017-12-28 13:12:15,2017-12-27 00:00:00
ffa52cd169e937f7beb9cd360ea881c9,14e13233e812fef1af2d37af6c49a74e,delivered,2017-12-13 14:20:05,2017-12-15 02:30:41,2017-12-15 17:57:06,2018-01-08 21:01:17,2018-01-15 00:00:00
706617489351ee37878ad03403622f41,52c3ac2dfd7f5cf22a3c521ef11dafc7,delivered,2018-08-06 16:29:44,2018-08-06 16:44:28,2018-08-07 15:24:00,2018-08-09 20:24:27,2018-08-17 00:00:00
8006800e5e68db2e9c4168dd8ce32b0e,4f298aac1f56b29c32f9f5fc89b0bdf2,delivered,2017-09-19 14:06:16,2017-09-19 14:15:15,2017-09-21 19:10:11,2017-09-25 20:23:38,2017-10-06 00:00:00
bbc87de149eab80106f390cd7014c3ad,29489a43dfe11e906e50b6c9f98faf9e,delivered,2018-07-20 16:38:36,2018-07-20 16:50:21,2018-07-27 15:04:00,2018-07-30 23:21:55,2018-08-01 00:00:00
470ae997eff151effb3503add146880b,19feb037e21679bbaa42334e93b3b9cc,delivered,2018-05-16 19:09:00,2018-05-18 08:55:22,2018-05-18 14:52:00,2018-06-06 21:12:08,2018-06-12 00:00:00
4e1bb70e4b6fb08b9ddb86c7ade82354,91453e7ca56963be1899bf47df4be342,delivered,2018-02-07 18:50:34,2018-02-09 10:11:35,2018-02-09 18:28:59,2018-02-22 23:25:19,2018-03-05 00:00:00
0af07373c6e0f41a0660087bf63d7c64,3226925dceac15f5cc2ca251b64e1ef3,delivered,2018-08-02 16:52:35,2018-08-02 17:05:19,2018-08-03 13:56:00,2018-08-17 00:03:18,2018-08-15 00:00:00
633334854d8b82a06554d0bc7d67bd56,b0806ee09ba22b4f77b7cf8bc4b26a6f,delivered,2017-11-24 09:58:26,2017-11-24 11:15:55,2017-11-28 00:05:31,2017-12-19 15:53:49,2017-12-21 00:00:00
bf3430165136d2c023b361cdc0be0a6b,2f8f5035dcf792e227ff708f37727f59,delivered,2017-08-25 16:19:33,2017-08-25 16:30:18,2017-08-28 21:33:20,2017-09-06 10:12:59,2017-09-19 00:00:00
045acee11e62afca7764429c5710dac9,0c443d05e8d9a031f5a2f4d8eeeb3fd1,delivered,2018-03-17 14:07:59,2018-03-17 14:28:35,2018-03-20 17:26:24,2018-04-11 17:44:54,2018-04-06 00:00:00
64793ed51799074a85ec8bc4b3e365e6,0bc43b91c520f4f56eda898ab9d0a4d3,delivered,2017-06-14 01:15:22,2017-06-14 01:25:11,2017-06-19 20:04:27,2017-06-23 10:28:42,2017-07-05 00:00:00
50490daf5089179998f3667fa6cb49a5,abb0fd71e8815af6312e1de0b7091d9d,delivered,2017-11-08 07:43:11,2017-11-09 04:31:20,2017-11-09 16:11:47,2017-11-11 15:43:41,2017-11-22 00:00:00
d029aed4c68bfb0519211c6971b4b82b,5382d8167498d3069894e3d32430639a,delivered,2017-05-09 17:11:37,2017-05-11 03:50:19,2017-05-16 11:56:03,2017-05-19 17:04:21,2017-05-31 00:00:00
d2f5633625bc4755a073b638481e8dcf,ca1b5f5a57a568920c0353b91f906e0d,delivered,2018-02-08 21:03:27,2018-02-08 21:32:23,2018-02-09 22:41:40,2018-02-27 16:56:07,2018-03-05 00:00:00
e6712050b6cb63061665c44062c15b78,f70bab6329992d6187af204139926066,delivered,2017-11-04 14:07:11,2017-11-04 14:15:49,2017-11-06 20:51:44,2017-11-16 20:32:01,2017-12-06 00:00:00
229177e71a4625bfd5c2d62ff385253b,a28fc82d5947b4c781e56085385d7600,delivered,2017-04-02 15:41:12,2017-04-02 15:55:19,2017-04-06 16:18:32,2017-04-10 09:13:59,2017-04-26 00:00:00
6bf9723842993d425539d1ba41d9637c,bb56ce8466752f06805ce177d2793838,delivered,2017-09-10 20:21:39,2017-09-10 20:30:20,2017-09-20 13:35:16,2017-09-26 18:54:00,2017-09-28 00:00:00
497ce9c1558c455c54cdc09e3f5e961a,a311ee3ace919e91f7bfe39b98976f57,delivered,2018-04-21 11:52:23,2018-04-24 18:33:23,2018-04-23 22:39:29,2018-04-30 18:44:30,2018-05-16 00:00:00
f3872a70d527514cb6d7d12853405e1d,1b497251da46ec482685c324325169eb,delivered,2017-07-17 18:01:56,2017-07-17 18:23:33,2017-07-20 17:10:13,2017-07-27 18:03:23,2017-08-08 00:00:00
48c2eddb1be16ce90bf4a7f93f815b34,5e6b3200b3c8cd836edc7759a43865f9,delivered,2018-07-07 17:25:11,2018-07-07 17:35:13,2018-07-10 11:27:00,2018-07-23 16:27:46,2018-08-07 00:00:00
1c8cfd2e1e836008b0ebaa67b1e6e3e9,2be96fca21c76342a10ba5db9b69cede,delivered,2017-07-07 20:45:57,2017-07-07 20:55:16,2017-07-10 17:37:49,2017-07-12 20:07:24,2017-08-01 00:00:00
0d4c211b72251b5ab768bcad1228facc,2c78e14a350349887702fb655e3f1bc5,delivered,2018-03-23 15:58:14,2018-03-23 16:08:50,2018-03-26 18:22:41,2018-04-05 19:08:23,2018-04-13 00:00:00
1c31ab2a0da17fb7deea7714eb37847e,0d8a00a1a77519c094786a9dfddea03b,delivered,2017-12-31 01:24:02,2017-12-31 01:30:21,2018-01-03 17:38:48,2018-01-10 21:41:55,2018-02-02 00:00:00
41944cf624269caf43e02d939e33e8bb,d7a4704b258bf185b274e2d5fa8ec98f,delivered,2018-05-15 09:39:01,2018-05-16 03:35:22,2018-05-18 10:01:00,2018-06-06 12:05:46,2018-06-05 00:00:00
4d52285d3673e01e94e3a68ad2104288,43d909b315d369ac4a854b268e5690f6,delivered,2018-01-26 08:19:12,2018-01-30 05:31:45,2018-01-31 22:36:58,2018-02-05 23:11:37,2018-02-19 00:00:00
37754393d4f73d9ef01dc61d6bac379b,21df56ff1891fd112991f116c74b68ba,delivered,2018-07-16 16:12:59,2018-07-16 16:25:19,2018-07-18 12:38:00,2018-07-24 16:46:35,2018-08-06 00:00:00
192d18749b5744f1eff4f1661aeaa731,d80ce92e307d592333f5d39a9f0f4717,delivered,2018-08-20 23:11:04,2018-08-20 23:30:17,2018-08-22 12:25:00,2018-08-24 13:29:00,2018-08-30 00:00:00
6ef341a08828373038644f3749b9904e,b928a0080b89749b0b35f574ec9975a9,delivered,2018-02-07 18:58:37,2018-02-08 07:35:56,2018-02-08 19:43:10,2018-02-17 14:08:57,2018-03-06 00:00:00
f98f3e577848e635602f831c276ba700,a5f2fc220807d1b3fe8238b3e9e7d94d,delivered,2017-08-10 11:18:17,2017-08-11 04:24:39,2017-08-11 20:40:02,2017-08-17 14:15:43,2017-09-01 00:00:00
b0c2fc04c1c8fbb03073c15316fa9242,74fd37fc8813d6909eaf43e1eaaa07f4,delivered,2017-07-02 05:29:33,2017-07-02 05:43:22,2017-07-04 16:03:57,2017-07-05 11:17:48,2017-07-14 00:00:00
2321c02e9006c158014df8d2e9b00225,0235a81a0447bcf8bbe8a59e960de5fc,delivered,2017-09-24 12:37:01,2017-09-24 12:50:11,2017-09-28 12:55:36,2017-10-11 21:22:54,2017-10-26 00:00:00
72e879557ec303f7f0e457cac42648c1,b3362143b2992347d6e6005b971e3b1b,delivered,2018-08-08 23:10:57,2018-08-08 23:25:09,2018-08-09 14:50:00,2018-08-17 22:52:44,2018-08-14 00:00:00
5d90613dda6344621749ba10ca8286a6,6a798d0efee6cbd32eebdd288a101383,delivered,2017-04-24 21:38:11,2017-04-26 13:35:24,2017-04-27 14:43:30,2017-05-10 04:25:49,2017-05-15 00:00:00
924b9944de552a095cc8e4978ac8a518,93aaeed4e69b8ff70a4a732cee3e0415,delivered,2017-12-05 19:04:17,2017-12-05 19:30:52,2017-12-07 00:18:56,2017-12-11 21:03:11,2018-01-05 00:00:00
c68e29125ffdf4760e1e0cc3ef931a3f,1dce77c0f8f7a5bd2487cda13f723220,delivered,2018-01-14 21:16:55,2018-01-16 03:50:10,2018-01-18 00:52:40,2018-01-29 16:39:43,2018-02-07 00:00:00
207ea151b652a5aa335e64d908d9e0ed,969464fb93c7e359f0aa7ea053725334,delivered,2018-07-15 22:55:40,2018-07-15 23:10:17,2018-07-30 15:14:00,2018-08-03 15:18:50,2018-08-13 00:00:00
9570076bd35deeec20575eb8e0540131,bf1e5fb309f9198b917402139755d377,delivered,2017-08-22 22:45:50,2017-08-24 03:11:10,2017-08-25 15:39:15,2017-08-30 17:15:49,2017-09-29 00:00:00
a818110054e36be703fee33dc25a352d,6a229d91be2d2807f3f0d923a7251eb5,delivered,2017-12-28 23:07:22,2017-12-28 23:14:28,2018-01-03 21:19:19,2018-01-08 15:05:37,2018-01-23 00:00:00
e9b3258a406a55c86715a28bf26c98a0,bf5194ba2c7eaa75eee856b4b61114c0,delivered,2018-03-27 14:16:24,2018-03-27 14:30:20,2018-03-28 23:28:55,2018-04-03 18:31:36,2018-04-09 00:00:00
f52dfe42e170d582737b05865250358a,3b44203a4997aa391633c2f491958858,delivered,2017-05-22 17:31:51,2017-05-22 21:15:12,2017-05-23 15:25:15,2017-05-24 15:39:31,2017-06-13 00:00:00
ab5cbb5966da51d374d6ca55c71c8319,9d640876024b3161ed854d9ac3d4c1f8,delivered,2018-05-16 16:59:00,2018-05-16 17:22:06,2018-05-17 09:23:00,2018-05-22 17:03:37,2018-06-05 00:00:00
cd58ddbc1336b4ab573d786234c1245d,8a6275c42c3ae3a63412425cecb2a944,delivered,2017-11-07 15:01:20,2017-11-07 15:16:13,2017-11-08 19:28:43,2017-11-13 16:39:05,2017-11-28 00:00:00
11a767668748212864dd19e283d26b1f,6c8d6291cd0519f7a3a302c10ab9a8c4,delivered,2018-01-12 14:56:47,2018-01-16 03:50:24,2018-01-16 17:09:29,2018-01-22 18:35:26,2018-02-06 00:00:00
1f38d4b0b64e26e3aa96c3e8a4afe95e,cf25c789086e690ac0787d83feaec0fc,delivered,2018-02-13 14:33:01,2018-02-13 15:08:13,2018-02-15 05:41:44,2018-02-21 16:37:04,2018-03-09 00:00:00
012f2c4ca09b101a73e18957c3294cd6,ddffe99936ec5bf99f1ea9ad22fde3eb,delivered,2017-05-07 22:23:30,2017-05-07 22:35:11,2017-05-10 12:40:10,2017-05-15 09:14:02,2017-05-31 00:00:00
d2669bd045e902f5d1038d1a0008fdbe,cc0956d7abbaa00b63912a91be6d5a13,delivered,2017-11-29 12:56:47,2017-11-29 13:12:26,2017-11-30 17:37:43,2017-12-09 20:17:24,2017-12-21 00:00:00
7818b170346d35f9686abf606d8d0b53,8a908429ab808be823f1df65872d1bcb,delivered,2018-03-12 10:59:28,2018-03-14 02:48:23,2018-03-16 17:12:37,2018-03-31 11:02:21,2018-04-03 00:00:00
502b66ddeae1875100eae9074f5d189a,e0d0e51f1bc61b27465dd7c88d25874d,delivered,2017-11-03 21:22:38,2017-11-03 21:35:23,2017-11-16 20:21:36,2017-11-22 20:14:40,2017-11-27 00:00:00
99be808a738b72683dd226668837958d,cb26624790acc404e0952e26fe2d410c,delivered,2018-03-22 21:50:10,2018-03-22 22:07:45,2018-03-23 22:36:41,2018-04-03 21:56:36,2018-04-16 00:00:00
19c4ca2f9ed38cdc930ad4d520efa2bb,8551f78cfe666ca6479329b4637d3582,delivered,2017-04-28 12:04:49,2017-04-28 13:04:15,2017-05-15 10:38:50,2017-05-18 08:33:36,2017-05-25 00:00:00
31b0ad9590cbb7cce97820802ad69c6b,9d16c341ca16f398e709ae9ce1203049,delivered,2018-08-15 17:35:07,2018-08-15 17:45:26,2018-08-24 12:47:00,2018-08-27 19:38:55,2018-08-31 00:00:00
670c2c5576afd689e7694569bd7a16fc,6b59b00f6c51f03f0b371c2942315fa6,delivered,2017-11-09 10:56:48,2017-11-10 02:56:52,2017-11-16 18:27:08,2017-12-04 23:28:33,2017-12-01 00:00:00
37e3f45ce799c1dcf6c173ed83e1cf7a,09ee0d14edaef21ad79e2b2f4b348b84,delivered,2018-02-25 13:57:23,2018-02-25 14:40:20,2018-02-28 15:45:13,2018-03-23 20:55:34,2018-03-28 00:00:00
94fcdee942970d335d394f37a3b23ada,5a02bc676ccdb9f5a34db49796b1284b,delivered,2018-03-19 20:06:48,2018-03-20 03:10:42,2018-03-22 12:06:40,2018-04-09 22:52:50,2018-04-17 00:00:00
a395628c3a4edf913a8abd71556e87f9,188216cd8b26fa96077da81f35b43ebe,delivered,2018-08-07 11:39:59,2018-08-07 11:50:20,2018-08-15 13:06:00,2018-08-21 19:18:43,2018-08-28 00:00:00
e7bbb39c507d08caa0aee263d3d6ca55,7dbc842dc7479f9708f950fb68fa7f29,delivered,2017-01-16 21:55:31,2017-01-16 22:05:22,2017-01-19 07:41:27,2017-01-26 14:24:59,2017-02-20 00:00:00
1a3875a70aed30f04c73624a486bceb7,d85dbabd3c7d2b014fdbd0ac1854e29c,delivered,2017-03-02 02:12:32,2017-03-02 02:25:09,2017-03-06 09:34:48,2017-03-10 08:14:58,2017-03-23 00:00:00
e3d7c52182ad0917d1d2dd351dc1ef3a,a66532abc4d021fe04fa2a8e8ad63381,delivered,2018-03-01 00:15:48,2018-03-01 00:31:17,2018-03-01 21:18:06,2018-03-09 18:08:34,2018-03-21 00:00:00
4e233b40b72c7a074309dc423a0320e6,2d3488b51dd898ee2b4d0eabdcf85855,delivered,2018-06-20 21:04:58,2018-06-22 03:17:18,2018-06-22 13:17:00,2018-06-27 19:04:45,2018-07-18 00:00:00
f9281da15642bc69f27307e1dc987b30,bc69102e8ae3e541c0a2762ce71264e5,delivered,2018-05-14 11:15:25,2018-05-14 11:34:48,2018-05-16 16:36:00,2018-05-24 20:32:46,2018-06-01 00:00:00
5b52d2172210855d8037cb1610042498,740f2d1e3b5e6991c71d0b76ac933df3,delivered,2017-07-09 13:27:03,2017-07-09 13:35:11,2017-07-13 20:47:38,2017-08-09 20:48:10,2017-08-17 00:00:00
801bda1bc87e8484430a1ad75f51f128,3f0bb4c1fae52dfe92ff27372d2b0d67,unavailable,2017-02-06 10:21:37,2017-02-08 03:05:12,,,2017-03-03 00:00:00
936ed73e77adab4aaaf271bddfef8f09,e412a786e2d386eb745399143012e65e,delivered,2018-03-23 07:45:01,2018-03-23 07:55:31,2018-03-28 18:57:23,2018-03-29 20:22:10,2018-04-05 00:00:00
10475e2c60a553298676870162a6bed5,b692a0624ae349f80206637d89cc20c7,delivered,2018-08-10 11:12:30,2018-08-11 02:45:16,2018-08-13 06:26:00,2018-08-17 00:01:18,2018-09-10 00:00:00
71e416d9d84276bdc21bbe8e5897f908,9066ab3168b0115faeae69a808b77781,delivered,2017-07-05 12:13:21,2017-07-05 17:36:59,2017-07-07 19:35:48,2017-07-10 18:04:39,2017-07-21 00:00:00
d2d141fcfa835ec7db744de7b57de03c,d7730760dd3d8bef731679140f02bfe4,delivered,2017-09-25 10:37:00,2017-09-25 10:45:38,2017-09-26 22:12:05,2017-09-29 12:39:00,2017-10-17 00:00:00
3556618d422d141f1b231ac5a1c9f7bd,45320d7206b65559095b4e6d24713231,delivered,2018-04-17 22:21:31,2018-04-17 22:35:18,2018-04-20 01:51:39,2018-04-27 00:56:39,2018-05-10 00:00:00
d36d550f28a8d7ce82b1a1f19db44b08,78e307d7e86102ab611c978adc4e8c0a,delivered,2018-05-08 17:15:10,2018-05-08 17:35:18,2018-05-10 11:51:00,2018-05-14 15:48:36,2018-05-30 00:00:00
82ae4ace0b3ec2734319bd238e822c68,1734f37a2e5d5c62d02c58c28fd08c75,delivered,2018-05-15 21:59:15,2018-05-15 22:16:02,2018-05-16 10:19:00,2018-05-17 15:13:42,2018-06-01 00:00:00
e34701c5837aa96777ab266393a51537,5943ec866fe75db57ffe5396c51b785d,delivered,2018-06-19 09:58:43,2018-06-19 10:15:43,2018-06-19 13:28:00,2018-06-25 12:58:28,2018-07-13 00:00:00
0a38b7de941db65679a11a300f782703,77d28992bf7402c72a47860078040901,delivered,2018-02-06 14:25:14,2018-02-07 11:55:46,2018-02-20 18:13:07,2018-02-22 03:36:57,2018-02-22 00:00:00
eb7934e2144a9fa719e1f9b7f6b36270,8a177163539bd30cb89632e057088a78,delivered,2017-12-13 13:32:53,2017-12-13 13:50:20,2017-12-14 21:09:05,2017-12-18 16:27:16,2018-01-02 00:00:00
6227965ecb8a92f39dae66cf5f09736c,fd3129fbbc0767919a5d42cf03525ec2,delivered,2018-07-27 22:40:35,2018-07-27 22:55:17,2018-07-30 09:08:00,2018-07-31 22:02:55,2018-08-01 00:00:00
382e8f286f0c03a978e78372405fd3de,f45b8234b31295cb26105b9a3ce3623b,delivered,2018-01-03 11:50:51,2018-01-04 08:59:06,2018-01-05 16:05:00,2018-01-10 18:04:55,2018-02-07 00:00:00
c40c55aca205a68dd5132a6c7791b478,525665779ff18323edab26a440601712,delivered,2018-01-16 18:23:29,2018-01-16 18:32:26,2018-01-20 14:06:19,2018-02-24 12:57:43,2018-02-19 00:00:00
38110151a2fef136e15a5b60117c22a3,218f92ed28a063deffb920de2a41a0c7,delivered,2018-02-28 21:51:20,2018-03-02 02:16:06,2018-03-02 19:15:11,2018-03-15 17:02:47,2018-03-22 00:00:00
b8b6fc684620d7c82ae7a4435e8d6a90,b2905c0dbb32dce94c26396668a744ee,delivered,2018-03-10 11:47:38,2018-03-10 11:55:33,2018-03-12 21:20:47,2018-04-10 14:03:13,2018-04-10 00:00:00
55b0d8973155b2b01e1849cd54bb8d89,04e21ae2a1e759be1d67a5b71ec38e84,delivered,2018-07-07 17:30:42,2018-07-09 14:30:12,2018-07-11 11:14:00,2018-07-16 19:51:41,2018-07-31 00:00:00
c5ad60266a394a7f574c140c0248ec43,773ff6d5e61e8c77b8d23f0fcc3eefae,delivered,2017-04-12 00:35:08,2017-04-12 01:25:30,2017-04-13 08:17:41,2017-04-19 15:41:48,2017-05-04 00:00:00
528a225a7a04e41feb56cc1cf5fd5824,12dfe085c295adf158e7867456490963,delivered,2018-01-15 20:47:48,2018-01-15 20:59:33,2018-01-18 18:15:31,2018-01-30 10:17:58,2018-02-26 00:00:00
b9964fe824ef79f3fe90110b41e048b2,673b616061db61160a67e09d6a98a030,delivered,2017-10-09 14:25:11,2017-10-10 12:49:22,2017-10-10 18:41:28,2017-10-16 22:14:43,2017-11-10 00:00:00
ff42eee9423ebc7d468a3709e1cbefb7,e88a38745875de352d6a135b7d3f11af,delivered,2017-01-16 09:56:45,2017-01-17 19:45:18,2017-01-20 17:35:56,2017-01-26 16:01:40,2017-02-10 00:00:00
7746abd9cd9de029b5abc83ade0304b9,275bedb0597daf98d100ccc0f9a5d63c,delivered,2018-06-20 19:30:49,2018-06-20 19:57:54,2018-06-26 12:16:00,2018-06-27 20:44:30,2018-07-05 00:00:00
f817d900e054fb4fbebf7b7a3c2bdb1d,0fedbfc0e3ef4293dd80925871a788a7,delivered,2017-10-27 16:04:24,2017-10-27 16:31:24,2017-10-30 20:24:36,2017-11-09 18:39:03,2017-11-23 00:00:00
783c795ca45c01ac1ebe459d8c26751d,17d3670bca39b5c4cf9b10007975cbe3,delivered,2017-08-10 04:58:12,2017-08-10 06:43:31,2017-08-10 18:38:46,2017-08-15 17:14:55,2017-09-08 00:00:00
d85d09e4eda085d59170079ffc203fd9,23b981b46d1d28fb9fd702315a38c166,delivered,2018-03-15 08:43:41,2018-03-15 08:56:30,2018-03-17 02:25:42,2018-04-09 23:54:28,2018-04-17 00:00:00
b1a680dfbbbdba5a38645d6db425ed81,7e875055687e2f2987c55e117b8cefb0,delivered,2017-11-27 10:00:21,2017-11-27 10:12:01,2017-12-04 19:41:30,2017-12-13 16:13:06,2017-12-20 00:00:00
3b8187869db8c3d49a53df42809d5e65,741c4c565dfbaf51d6e67b3e4c6d43da,delivered,2018-01-17 13:31:45,2018-01-17 13:50:14,2018-01-18 18:13:22,2018-01-22 20:55:31,2018-02-08 00:00:00
1232f59222cf1a9733833b710ad10be4,816233127943a56c017351cc00dc1f2d,delivered,2017-11-26 23:36:33,2017-11-26 23:53:20,2017-11-28 22:55:48,2017-12-05 20:32:40,2017-12-15 00:00:00
96dcfa01eb8318b92700f1e4e3709fcc,662ad4f6eb71e1eee49899ffe25272a2,delivered,2018-04-19 17:03:24,2018-04-19 17:35:20,2018-04-20 18:21:27,2018-04-25 17:14:51,2018-05-14 00:00:00
529c6a63825f705864c027436f173560,c6deb133925d7eae8f2c812a0fef2745,delivered,2017-12-11 16:30:46,2017-12-11 16:39:31,2017-12-20 16:18:46,2018-01-02 20:12:10,2018-01-12 00:00:00
abb99f53cc364375e6d5ecb669558595,b1ad840cc03178a1e66c111896c9db65,delivered,2017-05-12 22:42:24,2017-05-12 22:55:07,2017-05-15 14:11:24,2017-05-16 09:47:56,2017-05-22 00:00:00
8713d288ea779cd5feda7c95e80abc74,5e9abe14c8328be3e6f344d342137fae,delivered,2018-05-16 15:38:27,2018-05-18 04:54:24,2018-05-18 14:37:00,2018-05-23 13:48:39,2018-06-05 00:00:00
d7263798d682bd681fe67074ff6062df,6af9e31ff134de3000a04fd80d2ffc3f,delivered,2018-06-18 23:03:01,2018-06-19 23:18:59,2018-06-20 14:31:00,2018-06-25 20:47:23,2018-07-27 00:00:00
06215d34c1ec4e1106eb12ae5fd0370f,92eca7f9b394bf80e4151f66a4bb0130,delivered,2017-03-06 14:16:20,2017-03-06 14:25:16,2017-03-10 13:28:53,2017-03-30 13:24:47,2017-03-27 00:00:00
ebb5b8275a6a365d1243d225386bf299,de2fcb2cca074deebf0c24b2591df6d8,delivered,2018-08-09 18:26:03,2018-08-10 18:25:16,2018-08-13 14:53:00,2018-08-23 21:11:20,2018-08-31 00:00:00
584f220e644d75e103f1e3a2f7a192cb,245032fa7a475c343d0674fca40ea069,invoiced,2017-08-17 21:08:06,2017-08-17 22:04:58,,,2017-09-13 00:00:00
0ce7fca4a24748ee4aa960872ab0bb1a,c02efbe53a1febd27cc6b0fb9544d81d,delivered,2018-04-15 00:20:56,2018-04-15 00:30:59,2018-04-24 18:56:28,2018-04-30 23:22:07,2018-05-17 00:00:00
667fc0af3acc404a6ef971908b1574b4,903b3d86e3990db01619a4ebe3edef4e,delivered,2017-12-12 13:48:30,2017-12-12 14:31:41,2017-12-13 21:08:21,2018-01-09 21:55:42,2018-01-17 00:00:00
3d20a38d1e2828c1ded190ab191db7a0,618a262c8677a93cf6e07f157509c957,delivered,2018-04-07 18:24:08,2018-04-07 18:47:52,2018-04-11 01:11:41,2018-04-12 01:26:28,2018-04-19 00:00:00
9db26e22b48776e82e3c9e0b30f00a4d,e2dfb3ace8e284559592771149dc9438,delivered,2018-06-28 18:11:28,2018-06-28 18:31:47,2018-06-29 13:55:00,2018-07-04 16:22:51,2018-07-25 00:00:00
4a6f711cc41643b625414ca5f0d0d111,3b2dd6ab8ba5b269f5de32ddc35a58ad,delivered,2017-05-17 19:59:41,2017-05-17 20:10:20,2017-05-18 10:35:26,2017-05-26 15:14:55,2017-06-21 00:00:00
1f59665af8c7408a7c633f9541644854,17066ea92fe83b36cb9f9997c3cca3af,delivered,2017-01-25 19:09:39,2017-01-25 19:25:15,2017-01-26 07:59:55,2017-02-03 10:19:04,2017-03-08 00:00:00
7bccf6f8e394c22407daecb91ff10198,ccaeb075651015b6fd4240ded98360e2,delivered,2017-11-18 12:08:24,2017-11-18 12:26:20,2017-11-20 16:37:00,2017-11-30 02:03:44,2017-12-21 00:00:00
d860f5159cf88738ce5f8356512edb65,0a1d65d1119db7e9c8001e375df6850e,delivered,2018-02-26 14:35:31,2018-02-27 04:31:01,2018-02-27 18:13:21,2018-03-09 19:24:55,2018-03-23 00:00:00
b4e325c228c8d690ef74db064abb8d2f,4d4135b164ea5e50fe064ab636bc8833,delivered,2018-04-13 20:35:29,2018-04-13 20:52:45,2018-04-24 02:19:11,2018-05-02 19:40:38,2018-05-11 00:00:00
b523567b39b4a0bd6dad69bff2e7004c,d2062ad0a3a3b45b4481f6b95429abea,delivered,2017-12-29 18:40:58,2017-12-29 18:48:28,2018-01-02 18:23:48,2018-01-06 11:33:23,2018-01-24 00:00:00
003d804eef0e1b856881cd18e0cc0d4c,1c1bfb2cd4aa789067295941c42120ff,delivered,2017-11-17 19:43:10,2017-11-18 12:15:18,2017-11-21 22:38:54,2018-01-10 23:19:43,2017-12-18 00:00:00
bb38ea099eb75be1de119bcfd1d5788a,26e3ce042e5bddb58911af13ca03b165,delivered,2018-01-17 21:32:50,2018-01-18 02:11:39,2018-01-20 05:39:25,2018-01-22 20:09:41,2018-02-01 00:00:00
e15504d16c775034b44d4637a745a5a5,391a099850a406987b6f3019c0d98116,delivered,2018-03-07 12:11:42,2018-03-07 12:49:42,2018-03-09 23:33:15,2018-03-17 15:22:08,2018-03-27 00:00:00
12589ddcbcb65fc7420d1f32a15d2169,9dcd979236ca7ee761d401e452d75665,delivered,2018-02-16 18:45:53,2018-02-17 18:46:38,2018-02-19 16:57:23,2018-03-08 18:33:28,2018-03-16 00:00:00
3613892d0bff9156e733d4f86a1cd12b,94dd8366ec790734b50b0d346e5a1cb6,delivered,2018-04-16 21:26:23,2018-04-16 21:35:29,2018-04-30 13:44:00,2018-05-04 14:41:39,2018-05-11 00:00:00
bd4b5585c4d7c16db3fe69d062fcafb0,180c7a296ff543e42cdb420d915588c7,delivered,2017-02-03 13:32:11,2017-02-03 13:45:08,2017-02-06 12:03:51,2017-02-21 16:56:00,2017-03-14 00:00:00
1550ad5373660bdeb5c52239b456396e,6da4a9737f336aa2e82f44bb0e868cdb,delivered,2017-07-03 19:16:19,2017-07-03 19:25:16,2017-07-12 17:58:53,2017-07-20 19:07:26,2017-08-10 00:00:00
ec185ae9706f499c67d358109cd5dc5c,2ce569937fd15454ef0bef32cff41baa,delivered,2018-03-18 22:21:48,2018-03-20 03:49:14,2018-03-28 21:22:48,2018-03-29 22:37:42,2018-04-04 00:00:00
364d745d7d2b5bc2dd6348b8e71b5d03,faddb58d5de890cd191da5bb72c54a27,delivered,2017-07-06 09:01:43,2017-07-06 11:43:41,2017-07-07 19:19:34,2017-07-11 20:10:17,2017-07-26 00:00:00
971b483e83fbbf2cc7a6f65749956bb4,24f95b95cf7249032062b94e5381d760,delivered,2017-06-09 22:49:43,2017-06-09 23:04:03,2017-06-13 13:03:32,2017-06-19 18:53:30,2017-07-04 00:00:00
02605c218285d02df75a255f13396f1e,b1416ec5bad2d6fed050cd451470e76a,delivered,2017-01-31 17:43:09,2017-01-31 17:55:11,2017-02-01 02:07:32,2017-02-14 12:47:51,2017-03-13 00:00:00
31842de63b28390ef7b35e9b7c4a94a3,f92b90bf5a014b8e6da12f110bbc2bb8,delivered,2017-11-04 21:28:16,2017-11-07 07:30:28,2017-11-07 22:11:23,2017-11-10 18:37:53,2017-11-27 00:00:00
c6b37cfa2d17a760c682701046e18e91,de9bf374bb9b9c1f0da9c6e148f5f2ea,delivered,2018-06-08 10:51:25,2018-06-09 03:13:17,2018-06-11 11:04:00,2018-06-18 22:51:16,2018-07-04 00:00:00
c490ab8919445b94a43d55c6bf91eab8,b23a7016d4fd101086156fd5c5b0bc6d,delivered,2017-07-02 10:02:00,2017-07-02 10:10:14,2017-07-04 16:18:59,2017-07-10 21:32:45,2017-07-21 00:00:00
80260d682079b6090c8285b398c50d97,c4d8e89a0bcb492c465bd502fb31f951,delivered,2018-08-23 20:21:35,2018-08-23 20:55:27,2018-08-24 14:39:00,2018-08-27 21:56:41,2018-08-28 00:00:00
fb5e4008a881e833a86044a9eefe0c61,2a95ea6560ef2b9abee6e807cc371a5a,delivered,2018-02-07 00:55:58,2018-02-08 07:35:37,2018-02-09 22:12:57,2018-02-24 02:51:58,2018-03-09 00:00:00
ed530e8c3450732950ed6d49e2cf20eb,ff774d667d8f3f8fe0bdd578e8d0a85f,delivered,2017-11-26 22:09:58,2017-11-26 22:33:30,2017-11-29 17:42:18,2017-12-13 15:36:51,2017-12-15 00:00:00
e7a1c10937aa6080039693c6dd27387d,19700fca64117217cfc9b77a8ac62029,delivered,2017-10-11 09:17:19,2017-10-11 09:28:17,2017-10-16 19:46:52,2017-10-19 21:12:54,2017-10-30 00:00:00
d5b8e12d70cbd872a14afea28d0a989c,3deb61ef083aebd5e7467245f6d2ab41,delivered,2018-05-09 00:06:24,2018-05-10 10:32:40,2018-05-11 08:52:00,2018-05-16 18:14:04,2018-05-28 00:00:00
44001fa5bde42ef2bb752eab4c9dde60,e7465fc1fa500a0b3aaddf34f956ea5e,delivered,2017-08-11 00:21:50,2017-08-11 00:35:20,2017-08-11 19:11:17,2017-08-16 18:12:43,2017-08-31 00:00:00
2263541189c89c889a7532e7f5766b77,696ac35ae072343c061fe625f63ff5d3,delivered,2017-11-22 01:52:28,2017-11-22 02:06:48,2017-11-22 20:16:54,2017-12-11 21:23:42,2017-12-15 00:00:00
17d465c931e7173971bb5f553a9b7750,33654a02eb3d11a694e43b27986781df,delivered,2018-04-23 15:16:45,2018-04-24 19:07:50,2018-04-24 18:28:48,2018-04-25 19:22:29,2018-05-09 00:00:00
767ea088b6cc91e6b7631c6d30cb980c,d7c08a7845c71b10801439677c275d1b,delivered,2018-03-20 19:50:58,2018-03-20 20:08:24,2018-03-21 19:28:33,2018-03-26 15:32:37,2018-04-16 00:00:00
fccc01060b3a8f4c458f942871da6bd8,b9e25fb19734f55b6132644fb7dc447f,delivered,2017-09-09 11:45:33,2017-09-10 11:55:12,2017-09-11 21:41:28,2017-09-16 18:03:43,2017-10-03 00:00:00
9c76544bc3be770f1d1577a923ca28c5,2a8b8b802b0f77a6171588d4df9d9e77,delivered,2017-12-04 21:45:06,2017-12-05 08:41:18,2017-12-11 13:43:15,2017-12-15 21:24:50,2017-12-20 00:00:00
b9736e54fde9fad85e20740dc05bcf6a,ce6ccd40c94d231ac012f6488f144380,delivered,2017-11-15 20:36:07,2017-11-15 20:46:49,2017-11-22 16:29:24,2017-11-27 12:48:42,2017-12-05 00:00:00
bacf6c8419dbd941c987372fb1db2cd1,3a2e0fc473e5c6bdf7d82c9013acb94d,delivered,2018-03-23 17:30:29,2018-03-23 17:50:38,2018-03-26 19:48:50,2018-04-03 17:28:41,2018-04-13 00:00:00
d53a39ecbd90d0e5111214d0e9c7c1c4,b32d300463c0f032ef94ddf0d77e2f3f,delivered,2017-08-09 15:09:31,2017-08-10 03:25:40,2017-08-16 21:52:32,2017-08-22 18:53:00,2017-09-04 00:00:00
259ed824424260153076008ccc088840,44f360f66ed7f696c225bc804507345c,delivered,2018-03-01 15:12:33,2018-03-01 15:35:47,2018-03-02 01:26:44,2018-03-07 20:48:46,2018-03-19 00:00:00
da2473475b308a32775353337f5c3c6d,85094306ed0284f476d0d3aff28b8f1e,delivered,2017-12-04 15:40:10,2017-12-06 16:38:37,2017-12-08 10:05:11,2018-01-10 20:37:49,2018-01-02 00:00:00
625005790b9722952dc15d5f8e434076,c20a0b0a67de807a8c8a8999162865d6,delivered,2018-04-27 19:44:09,2018-04-28 14:53:18,2018-05-07 17:17:00,2018-05-16 10:03:27,2018-05-17 00:00:00
0f6ca8c1fe7561766aaaf3f6e2011654,b19d47933c1653922198c75d3819b91b,delivered,2018-04-11 14:51:31,2018-04-12 08:32:30,2018-04-12 20:34:37,2018-04-13 12:31:34,2018-04-27 00:00:00
f2ef8ad9ee61aaa6334cf0967193a602,d9753ea64ed62e8042ae6d5ee5a43d7f,delivered,2017-03-11 20:08:52,2017-03-11 20:08:52,2017-03-14 09:58:34,2017-03-17 10:37:43,2017-04-03 00:00:00
72366f977e624d8ec1d8cbaadbbf3c7a,64dffc44afdc3b21fc678ea8e14b7cb3,delivered,2018-01-30 15:07:08,2018-01-30 15:15:35,2018-01-31 22:22:48,2018-03-05 17:08:58,2018-03-02 00:00:00
bb06ae08acf9f68602e0b913282b62bc,010ff86be8e9b1a1ae1868dc64b05f21,delivered,2017-10-17 08:59:24,2017-10-17 09:14:12,2017-10-19 17:13:59,2017-10-26 20:32:48,2017-11-13 00:00:00
4eaf389d62c4c959f4657e40550fb531,a21172cfe057efde8adc6efc12a66ae3,delivered,2017-03-04 19:10:53,2017-03-04 19:23:09,2017-03-06 08:41:49,2017-03-09 12:49:09,2017-03-24 00:00:00
13d5232bb40950f3caa1f771ec517044,c4fe53920c6fcc1751d448035da1d447,delivered,2018-01-23 20:25:05,2018-01-23 20:39:21,2018-01-24 17:15:40,2018-01-26 20:00:48,2018-02-07 00:00:00
7597c07056d24fa2ffe6ce4625e6d416,0ed8f79b96a41210442774efbdb29d7c,delivered,2018-03-27 11:37:18,2018-03-27 12:08:04,2018-03-28 22:26:28,2018-04-19 17:08:37,2018-04-17 00:00:00
68b77ee56caee09a1bfcb38270c05173,cb2daf3eedb65b061c0db7e981660829,delivered,2018-07-18 17:59:55,2018-07-18 18:15:20,2018-07-19 12:57:00,2018-07-24 14:08:47,2018-08-09 00:00:00
add5c675d73c284b0b3f62fb201bd409,e07ef2cd5b94cf9dfcd1eb0cda14867e,delivered,2017-10-02 14:00:08,2017-10-03 04:35:17,2017-10-03 14:24:02,2017-10-11 17:33:23,2017-11-06 00:00:00
77e4dd763472bc15f79464ec30396816,2341261ab32cd120f68a7d10d7b418b7,delivered,2017-12-16 16:23:35,2017-12-16 16:32:23,2017-12-18 21:28:37,2017-12-27 18:09:05,2018-01-15 00:00:00
7ad5c9f8e625c28f5669d0a5aef80a50,af63175339503f8622ed95df42b0228b,delivered,2017-11-24 18:11:33,2017-11-28 03:41:17,2017-12-28 18:03:57,2018-01-10 20:38:55,2017-12-29 00:00:00
af008f580a2035b0bf1d82f4546a9d1d,1e929f9854a78461ed6cecf42cf66996,delivered,2018-01-29 21:51:44,2018-01-29 22:13:26,2018-01-31 19:48:36,2018-02-05 12:32:25,2018-02-21 00:00:00
486c57abefde2c75d496af33eade014c,91d4f4a4af43fac2d39ee94f9b3a9e72,delivered,2017-03-19 20:28:56,2017-03-19 20:28:56,2017-03-20 11:57:38,2017-03-22 16:18:30,2017-04-06 00:00:00
9beff939495db2836896a797a7606ff8,51d885b915b6ba6667088ca3289f06b4,delivered,2017-08-17 17:42:20,2017-08-17 18:30:26,2017-08-18 19:32:02,2017-08-22 15:22:22,2017-09-06 00:00:00
2c7166305c873b61875185c04a58fce5,6eefcbb934fc4db2d70ac7fa4759afb3,delivered,2017-10-10 09:27:07,2017-10-10 09:45:48,2017-10-10 21:07:49,2017-10-19 20:39:46,2017-11-13 00:00:00
8dab68fdbfe5d3e83b1ddc4fccde01cd,0b3ab0f6523ee6d07688e1c9cc47b7f3,delivered,2017-11-15 10:42:57,2017-11-16 10:46:47,2017-11-16 19:02:50,2017-11-24 18:29:12,2017-12-07 00:00:00
1514b8d46abaac77919d48ac0f757fe0,1242105334b8574b384d64bf8b3cedc2,delivered,2017-03-19 16:02:27,2017-03-19 16:02:27,2017-03-28 09:56:03,2017-04-09 19:39:35,2017-04-10 00:00:00
b98ba7d83dc0bf983c1c6b6fb5636b5d,6e260ba39c870e014ded7ce4dd96f2e2,delivered,2017-07-20 11:14:58,2017-07-20 11:30:09,2017-07-21 15:23:05,2017-07-26 22:07:50,2017-08-11 00:00:00
e15a6ce2cdb4246161836a1dde5e57d4,dd51b4a1d1e10a86b89cd5d07f209e17,delivered,2018-02-08 13:23:12,2018-02-08 13:35:25,2018-02-09 18:57:03,2018-02-17 01:23:36,2018-03-16 00:00:00
0f8ea8bf70adb55dcc5f8501984138ca,8b43cf398f49439f18c5aeefd19a8855,delivered,2018-02-08 13:21:51,2018-02-08 13:30:36,2018-02-09 21:18:58,2018-02-14 21:26:08,2018-02-26 00:00:00
5a33eef69ed2fbfe4d2ef90f288fb9c8,17e6e6e330608c3bc663d232ed923cb9,delivered,2018-02-23 08:12:18,2018-02-23 08:28:21,2018-02-26 20:40:14,2018-03-05 23:22:18,2018-03-20 00:00:00
2c4e110ad02f4c35c966c165a7b9c248,6acfcfaec055a8b185e30dfc1b2420f4,delivered,2018-02-25 13:30:53,2018-02-25 14:08:00,2018-03-01 23:35:10,2018-03-20 21:04:00,2018-03-20 00:00:00
801ce4e79b26aa1738dc18b0d1edef5d,ac73414c944aacef8ccaafda15771220,delivered,2017-03-14 14:08:29,2017-03-14 14:08:29,2017-03-17 06:45:37,2017-03-21 15:58:30,2017-04-05 00:00:00
0ef649628b81b1b6562026090e37b98b,2aefebc9e1901ae29a4030c7486cf5d9,delivered,2018-08-13 13:52:13,2018-08-13 14:05:21,2018-08-27 13:37:00,2018-08-28 19:15:32,2018-08-28 00:00:00
61ece6128fbdf0024d0bc2e6a816b1ff,7dfcd47ecae5860d7c47befdc84c7d4e,delivered,2017-05-11 14:12:53,2017-05-11 14:22:25,2017-05-12 13:49:54,2017-05-15 16:02:53,2017-05-31 00:00:00
08783e3047d2cdfcccfcb9ee5b45772f,13b7ad9037c0906ddddf4671337aacfb,delivered,2018-03-02 19:38:26,2018-03-02 20:20:24,2018-03-06 17:16:45,2018-03-07 19:47:26,2018-03-20 00:00:00
cacb1996e2de4ef6334c5223259544e0,c0798df67ba2309f0d06889e8beac60d,delivered,2017-12-01 12:41:36,2017-12-01 12:52:41,2017-12-04 21:07:53,2018-01-11 18:33:02,2017-12-29 00:00:00
bc307d2f421c01c51c15f828da785142,9a9a85e7b6a53d3b2fe85bfa4b6f20f0,delivered,2017-07-07 13:18:22,2017-07-08 03:30:48,2017-07-10 19:17:55,2017-07-17 23:47:32,2017-07-31 00:00:00
92c5cc90d4e67141c45f9803ea9ef222,acde0e281d7c551824bbf9dc9933e98a,delivered,2018-05-05 14:30:48,2018-05-05 14:53:27,2018-05-07 14:34:00,2018-05-22 19:33:20,2018-06-14 00:00:00
23987648ad1833dc7e272733d11ec3e8,1c64ce89a662d3e87adc8a061aa06eae,delivered,2018-01-27 13:19:08,2018-01-27 13:33:08,2018-01-29 18:51:55,2018-02-05 15:56:46,2018-03-01 00:00:00
29a4fbb32fb0af037ac01c6154484f06,790ad3b525f86ceafdcda488ba45fbb7,delivered,2018-02-22 12:03:36,2018-02-22 12:29:22,2018-02-28 18:58:48,2018-03-08 17:27:01,2018-03-21 00:00:00
1248580ae351357ac7a36fc314df5268,dfa6cbb137405f9c129d27f13fa3b9fc,delivered,2018-07-24 16:27:27,2018-07-24 16:35:21,2018-07-25 12:33:00,2018-07-31 19:21:28,2018-08-14 00:00:00
ed9fb3a28b1ec934fa636779c9d1a3ba,69e8c6eeb79ac15912594337564f1121,delivered,2018-08-17 13:16:18,2018-08-17 14:30:20,2018-08-22 15:03:00,2018-08-24 22:47:32,2018-08-23 00:00:00
17903614dfca588bfc80bd00f94dd8d2,b5664d312b4ad255a24bfa5c28324c76,delivered,2017-10-15 20:06:58,2017-10-15 20:23:09,2017-10-16 15:22:44,2017-10-20 22:30:03,2017-11-03 00:00:00
344711e5a1c4b5c82cf1ffa1d358ecd1,f51d0dec3e2271fb4a343e53d3521d1f,delivered,2018-06-11 12:38:55,2018-06-11 12:58:05,2018-06-14 11:19:00,2018-06-15 18:03:20,2018-07-12 00:00:00
8b06c6beb946868da80b3d6c18d20917,02628c7e9eed8af6043c70257a7a87c1,delivered,2018-05-13 18:47:14,2018-05-14 18:49:55,2018-05-15 13:38:00,2018-05-24 12:41:15,2018-06-07 00:00:00
8ec29b681fd22a8225b16acff79330a0,7f6e9a3e00f0600dc1a8473fa31c23e3,delivered,2018-07-18 17:13:02,2018-07-20 04:50:19,2018-07-24 14:40:00,2018-07-30 16:04:29,2018-08-14 00:00:00
70e107ed69e098ab3f97556b2b56b47c,7643dd471424e7369880d02df61bf336,delivered,2017-05-15 13:43:26,2017-05-17 04:02:09,2017-05-17 08:22:18,2017-05-25 08:45:55,2017-06-19 00:00:00
3aa41f0c241b0ef62147d849b02313be,72fc7936236a84457d916b713e95c000,delivered,2017-04-09 15:26:33,2017-04-11 03:42:16,2017-04-11 12:15:45,2017-04-28 10:54:45,2017-05-25 00:00:00
d864a779606f422a7afe050dd25d7209,9b2cf59573a725de29e6527c1e123a4b,delivered,2017-06-27 18:19:32,2017-06-29 02:50:34,2017-06-30 12:32:24,2017-07-06 13:42:12,2017-07-21 00:00:00
e090796eb26cd39c79e1436b6d2fd36c,9b09afc85bcbaed844e79aea5cc194fa,delivered,2017-11-25 19:38:59,2017-11-25 19:55:09,2017-11-27 21:13:31,2017-12-12 01:58:39,2017-12-15 00:00:00
cd896f1a6e1a6dd77ebc7cd87c831066,bb2d91de3bc4eb320310260882f8f082,delivered,2018-07-26 22:10:41,2018-07-26 22:25:07,2018-07-30 14:14:00,2018-08-07 19:58:48,2018-08-21 00:00:00
b0caa968184329b15d148bfa24d205e9,5b7df9ba68f1a6b93e9c93f7e594ba58,delivered,2017-02-12 22:08:55,2017-02-12 22:22:53,2017-02-13 11:25:36,2017-02-17 09:47:49,2017-03-10 00:00:00
db5aee77fcd1883e2dd15e342cc42493,d1131794d82aa36cae0aef34908b9536,delivered,2017-04-20 11:05:45,2017-04-20 11:21:44,2017-04-27 10:22:52,2017-05-04 15:27:33,2017-05-12 00:00:00
da730a4d617d48b8e8d136ef1f86915d,784fd050a4f5ccc4f971ce1e3c97276b,delivered,2018-04-30 12:25:36,2018-04-30 12:54:03,2018-04-30 15:24:00,2018-05-09 21:31:32,2018-05-24 00:00:00
a56954062ba1fb4580bb7f36d175e552,03490c0fe2173f4c187a6ba6d3cd5eb4,delivered,2017-09-13 11:58:46,2017-09-15 02:24:53,2017-09-22 21:03:02,2017-09-23 15:43:21,2017-09-25 00:00:00
d9c7513b739ea789b1724a5e75695f90,1543031602e4e5435036f20a7dcd37a7,delivered,2018-07-07 04:15:32,2018-07-07 10:10:13,2018-07-10 14:16:00,2018-07-13 16:25:34,2018-08-09 00:00:00
46adacfb7a94e068dc59aee8c57cae9d,f72e6726c968412453cd6d21629572cc,delivered,2018-04-18 04:37:35,2018-04-18 07:31:50,2018-04-19 00:28:49,2018-04-20 00:46:35,2018-04-30 00:00:00
74e140c90deb93d4414ed8d2829dcfc6,824d5940d4c3aafbe3d8f4d4d071e78a,delivered,2018-05-04 09:08:22,2018-05-04 09:32:23,2018-05-04 14:59:00,2018-05-15 15:22:59,2018-05-24 00:00:00
4f8f1c7b53665748fb1e21364214cfd0,353f92c7a1c0fe33284da7e67ea62e04,delivered,2017-04-08 12:56:59,2017-04-08 13:10:39,2017-04-10 12:28:19,2017-04-19 23:24:21,2017-05-17 00:00:00
3c74381248cf4d26768d91a5c30e0c38,5729269e5c26b0dc6ed9f5b18561257b,delivered,2017-08-18 08:57:28,2017-08-19 02:10:37,2017-08-21 21:12:49,2017-08-31 20:47:49,2017-09-22 00:00:00
b5117b798b05270121d510721a774801,f7f184063ab8cc7efdc45ed1ad02cf70,delivered,2018-05-31 23:01:33,2018-06-01 09:31:25,2018-06-04 13:27:00,2018-06-11 19:13:42,2018-07-04 00:00:00
e1621bf755f6bd6cd7a8969768f6b2d6,bfe4d7c78180365eaa59b57902ba2e0a,delivered,2017-09-24 20:04:04,2017-09-24 20:15:13,2017-09-25 19:51:38,2017-10-06 22:53:58,2017-10-24 00:00:00
97c9845a8e4bfe01540ef64fe2bd53d5,f1d97b3601697e41a9d27c8571cd73d9,delivered,2017-03-01 16:57:25,2017-03-02 06:50:06,2017-03-02 14:18:46,2017-03-19 05:18:51,2017-04-03 00:00:00
9f6b54f3efb6dae90f5520ba74191a28,a880f8d0c075976e7d2c54dc556779d9,delivered,2017-03-20 10:48:46,2017-03-20 10:48:46,2017-03-21 09:17:45,2017-03-28 15:05:05,2017-04-17 00:00:00
37db66be8ce4684e201e94e4ce19944d,562dd29ca3452640d5238819d119fce4,delivered,2017-09-13 17:30:36,2017-09-13 17:43:56,2017-09-14 17:42:30,2017-10-05 15:03:00,2017-10-30 00:00:00
92d210ae0a4555c611b5ffdf82bba88c,d581eb6d9fd28fab7f1e4b19989f490d,delivered,2017-11-27 10:21:41,2017-11-27 10:54:32,2017-11-28 21:52:54,2017-12-17 11:29:08,2017-12-21 00:00:00
47fe026fd2770231295017afd4c0084c,cb428d030920c823db6ae8c08a746f02,delivered,2018-06-29 14:58:52,2018-06-29 15:11:23,2018-06-29 15:49:00,2018-07-03 22:06:43,2018-08-08 00:00:00
77f8ac5734b5b2f8c1572102f854d329,a2e8d1cddde94bd28498e3fe782f3fea,delivered,2017-03-08 15:37:38,2017-03-08 15:37:38,2017-03-10 12:17:34,2017-03-15 12:32:29,2017-03-27 00:00:00
d77f5a013b0d47e99197422a47b3b139,3c9c8e4e9569fbe4131ac258e9c58e68,delivered,2018-08-14 22:50:35,2018-08-14 23:04:14,2018-08-20 13:57:00,2018-08-27 17:38:44,2018-09-10 00:00:00
0f63c3a2e4c3e3ba27c7452c1f83621c,f72bd6cf9ddfad9cf4aa6e6ff842cd7d,delivered,2018-07-30 21:28:23,2018-08-01 03:31:56,2018-08-03 14:15:00,2018-08-16 19:28:43,2018-08-22 00:00:00
35cf1961f10100bb2198e4f935ab4173,c57e8c7a4bcef288ef247e0641416bee,delivered,2018-03-02 22:26:28,2018-03-02 22:49:02,2018-03-06 18:59:05,2018-04-03 01:03:09,2018-03-23 00:00:00
17a26e220cbf382a115a06e6ca2d227d,050302e24b5fbdcd27170334fce45f0c,delivered,2018-02-03 11:34:46,2018-02-03 11:48:39,2018-02-06 22:48:56,2018-02-26 23:29:00,2018-03-14 00:00:00
199e57082aefc964e7135792059718a9,fec5c4b728d1d93d1c9f18e194aead61,shipped,2018-03-23 18:46:14,2018-03-24 03:35:22,2018-03-26 23:22:58,,2018-04-25 00:00:00
9818f8bd7eef5b43fdb528e73bbd6f39,954ca919bf6a26d087d71c2b5afc83db,delivered,2018-04-07 08:07:23,2018-04-07 08:15:16,2018-04-12 16:56:23,2018-05-02 23:22:02,2018-05-04 00:00:00
8605ba0cd3f683fd896ca81e73049457,ba2cc716ccf1cd5146cc1372fe0fc165,delivered,2018-02-04 18:45:59,2018-02-04 19:09:29,2018-02-08 22:09:49,2018-02-10 17:04:24,2018-02-21 00:00:00
41c843dab306ff15365492a2dd8c3cef,b974cf42b879bfcaecef8c31a6d906a5,delivered,2018-08-04 08:04:13,2018-08-04 08:15:14,2018-08-06 14:04:00,2018-08-08 18:23:51,2018-08-16 00:00:00
ab6e1678559b60b6e6a7db4837d6664d,1660d6b9b286a97e609ccc038c160aac,delivered,2018-07-23 12:47:30,2018-07-23 15:31:34,2018-07-24 13:09:00,2018-07-27 14:51:09,2018-08-08 00:00:00
ea49ccd093967a3ceccdd5da05830b39,67437218ee79b3e89f2174e4cd544616,delivered,2018-03-21 10:24:44,2018-03-21 10:35:23,2018-03-22 20:49:45,2018-03-29 13:34:37,2018-04-09 00:00:00
4eee637d6e745237adf560dec7ae412e,d7aad15e6e3ccca5082ee21b5ad88313,delivered,2018-07-27 10:30:54,2018-07-28 10:25:11,2018-07-28 09:05:00,2018-08-01 23:16:48,2018-08-21 00:00:00
386a7bf9de133efa1516c4145330f3a6,99b1186e2fae32c38bfaa3f00ea6f973,delivered,2018-07-30 19:13:09,2018-07-31 04:05:50,2018-07-31 13:52:00,2018-08-03 20:06:47,2018-08-16 00:00:00
7e3b7b3527cce28aa98702e05fda566e,540acbc48a5a5ef158b6656461288337,delivered,2018-08-07 21:58:48,2018-08-07 22:10:21,2018-08-09 16:11:00,2018-08-15 18:41:35,2018-08-21 00:00:00
3be95134673694dafe888962e636f0ce,641c9c30922543b24086d3a62cd2c7b9,delivered,2018-07-16 17:11:51,2018-07-18 02:41:50,2018-07-18 16:49:00,2018-07-23 14:20:38,2018-08-06 00:00:00
b0a2ec49c45ae3f6241044d9434ce3b2,03f2dda26a1b89b7cf91dcd8a41feb96,delivered,2018-03-04 23:41:08,2018-03-04 23:55:31,2018-03-05 18:39:07,2018-03-10 00:13:26,2018-04-06 00:00:00
3c40398038e198e9e1636c1116378da8,9032dc74d30c8939efdfc6beb53904d9,delivered,2018-03-14 22:08:40,2018-03-16 03:45:33,2018-03-20 00:16:32,2018-03-28 09:56:53,2018-04-13 00:00:00
76dd6b675eeba81086553a3c272e0423,645dc851372903e9c08ecbcdf5c55f36,delivered,2018-05-03 23:49:17,2018-05-04 00:12:45,2018-05-04 14:31:00,2018-05-25 19:18:32,2018-05-29 00:00:00
9b6f76f13e1e4d0d84297002186af20f,0041d7b768cb115092fa0f5d55638d06,delivered,2018-03-10 22:11:27,2018-03-10 23:08:01,2018-03-13 00:06:40,2018-03-24 00:10:58,2018-04-02 00:00:00
38503f70701540d016bbec9c5f9ad4cb,e5a5bac36da02c518203707259c9d838,delivered,2018-03-15 17:03:40,2018-03-15 17:15:52,2018-03-19 16:16:54,2018-03-22 19:48:40,2018-04-10 00:00:00
2baa3f7b53010552fadf54405bc0f0b1,2ecbf75689a0fe7bcaefdcda5ca1cbf0,delivered,2017-07-03 17:45:48,2017-07-03 17:55:17,2017-07-05 14:33:24,2017-07-21 16:10:38,2017-07-31 00:00:00
97c3cd61d2a79ec31e314ef61b817895,e8efbea0bb2c1f6fa1f9974e53dcb370,delivered,2018-03-25 15:50:23,2018-03-27 03:48:21,2018-03-29 21:38:31,2018-04-07 15:28:25,2018-04-17 00:00:00
4d3bfdf4c7d6578ea445d588371ae10e,7badbcce7da90b7920997ddbac3187b5,delivered,2018-03-25 18:27:34,2018-03-25 19:30:36,2018-03-28 23:48:36,2018-04-13 21:52:07,2018-04-18 00:00:00
abda5a07e6be93929ff11832648683fd,38456be610f69a4bd45e269a69a18b9b,delivered,2017-08-09 09:08:04,2017-08-11 04:24:47,2017-08-11 19:44:44,2017-08-21 22:23:58,2017-09-04 00:00:00
056c24c33a180450cff18b5a17404725,a295e08ab5581bb236c059295c4e202d,delivered,2017-07-03 11:04:53,2017-07-03 11:23:40,2017-07-05 16:42:17,2017-07-17 17:22:40,2017-07-25 00:00:00
f057e285395efbc0c032cf9e4ccfd146,a3291b519a23943f436aa7f0b31d5614,delivered,2017-10-10 19:26:34,2017-10-10 19:49:17,2017-10-11 19:58:31,2017-10-17 20:22:47,2017-11-03 00:00:00
05c7d88e9c05e1fa1428f1ff2dcc29da,98661b627038780e9e655a56ebc23dc6,delivered,2016-10-07 02:41:42,2016-10-07 03:15:06,2016-10-30 13:18:00,2016-11-03 09:13:52,2016-11-29 00:00:00
2efabe81d42a274dde6ed24c45f413ee,94efc665d43965f7033e755c1250fd01,delivered,2017-12-14 15:14:49,2017-12-14 15:31:27,2017-12-19 23:25:30,2018-01-05 13:18:14,2018-01-17 00:00:00
6150df8ab9ea72d5c3eff1c320ae43a8,2526e267558d4f12d1292882ef11f0c1,delivered,2018-05-14 10:26:57,2018-05-14 10:35:18,2018-05-14 14:27:00,2018-05-21 18:26:39,2018-06-08 00:00:00
6139511ae07bf8fb7011174557ce663d,36939b85495ade4c9abf1c6aaeb6169c,delivered,2017-08-19 11:14:26,2017-08-19 11:30:08,2017-08-21 14:14:01,2017-08-30 17:38:08,2017-09-15 00:00:00
ed07e6cb75956d0f36991bc3de035296,810c7448c272399111e86f0bd82eebf1,delivered,2017-07-13 18:59:15,2017-07-13 19:15:07,2017-07-18 18:42:05,2017-07-25 19:37:28,2017-08-04 00:00:00
61966b6a3c4c582bbc36995227175fc6,a9a9a5f7935431f8f3a80e31bf910a0f,delivered,2017-05-13 15:06:20,2017-05-16 03:22:43,2017-05-16 15:18:39,2017-05-31 15:45:00,2017-06-08 00:00:00
ac2403ebd2706b3bd5399ac7ef4ea9e7,a40ec3847924d7d49ee652cf8037caa1,delivered,2018-07-15 17:42:46,2018-07-15 17:55:14,2018-07-17 12:15:00,2018-07-23 20:26:31,2018-08-07 00:00:00
4bf076e869b9f6d8f4a470a9850ed57a,17a7ed1c58dffc2bad134c5e67d73393,delivered,2018-06-06 08:37:16,2018-06-06 09:11:22,2018-06-06 13:22:00,2018-06-07 17:06:27,2018-07-03 00:00:00
8d0c7472a5800dbd21bd547db00f541c,34343e4c06ceecebd5ee18f161c88f58,delivered,2018-01-14 23:22:38,2018-01-14 23:31:31,2018-01-16 21:10:15,2018-02-15 18:09:42,2018-02-16 00:00:00
7a0698ce87fc4cd3e171e7361f0bc0b5,95b18ed2e0c4328d80daed9047b6d995,delivered,2018-06-20 12:39:18,2018-06-20 13:21:08,2018-06-22 16:22:00,2018-06-28 18:12:24,2018-07-16 00:00:00
aaff8afa47c8426e414a6d908a97713c,690172ab319622688d3b4df42f676898,delivered,2017-10-15 11:08:48,2017-10-15 11:25:49,2017-10-16 21:36:29,2017-10-25 22:30:58,2017-11-06 00:00:00
6e810ea04c2e8b0bd5983f29be221d11,8bf61684ef7c1079a0c559ecd90ac2ad,delivered,2018-05-17 14:22:36,2018-05-18 01:57:18,2018-05-18 14:05:00,2018-06-01 20:51:09,2018-06-07 00:00:00
dbb320039cf47fdcb45445cfb453689d,59954950b484751adc5d8191bcd1f8ef,delivered,2017-12-08 00:15:46,2017-12-08 00:31:15,2017-12-26 17:18:07,2018-01-03 18:33:50,2018-01-17 00:00:00
ef1576732b4172617fa2e2bf688428e8,aee24a1fc1dd85d97c08c4e3dbdae462,delivered,2017-11-19 15:19:57,2017-11-19 15:30:48,2017-11-22 14:07:53,2017-11-30 19:17:25,2017-12-14 00:00:00
9a5c4560113d38eb951d2263795e9506,9362ea913384dd5e069a7d24a872a7a7,delivered,2018-01-10 08:52:43,2018-01-10 10:31:46,2018-01-10 19:10:06,2018-01-12 20:16:49,2018-01-31 00:00:00
b2a3423735119b088bc62dd62cf053a8,7e6b8b2bdb547f7343c0d28f2ed5662e,delivered,2018-08-02 12:06:07,2018-08-02 13:04:23,2018-08-10 12:27:00,2018-08-13 23:48:44,2018-08-09 00:00:00
8f7ebe126fc801255111469be7ff27a7,49ca85db68c41b902bb3e77280c49b42,delivered,2018-01-11 13:20:36,2018-01-11 14:33:03,2018-01-12 23:28:20,2018-01-29 11:48:35,2018-02-06 00:00:00
62f18c66309e5681abe062a4551ae0e6,447d0f76d49b609fe01725c580eb5aca,delivered,2018-04-24 19:24:43,2018-04-24 19:35:19,2018-04-25 13:22:00,2018-05-02 19:06:30,2018-05-10 00:00:00
17762ff601f1e45ce03106e45acc1ea0,60082c41c9d6ccf9aa3711f6ae12c9f2,delivered,2018-05-08 12:57:02,2018-05-08 13:10:20,2018-05-11 08:17:00,2018-06-04 20:28:39,2018-06-07 00:00:00
d807318c6ed8193c569cad0f755131fa,691251eb0e737cf83b90f44de6bc191e,delivered,2018-05-18 12:20:52,2018-05-18 13:05:59,2018-05-21 14:18:00,2018-06-07 12:53:28,2018-06-04 00:00:00
955d7160d2201985628b6061d29c3825,07a557af74d3f7cd33b2126b6b982c89,delivered,2017-11-18 08:56:40,2017-11-21 04:06:15,2017-11-21 22:43:39,2017-11-30 17:13:34,2017-12-11 00:00:00
05f54a9f4abf370b7c655d914159ab98,f3f93e06f8036714b1cd0fccdf2d059f,delivered,2018-04-01 22:38:07,2018-04-01 23:27:28,2018-04-04 19:36:42,2018-04-10 11:52:54,2018-04-19 00:00:00
21cdcda0dab99c19306dca0f9ea2f7d4,76167f0b00919fe51c644d2fff3de124,delivered,2017-05-13 09:10:38,2017-05-13 09:22:43,2017-05-15 10:28:09,2017-05-18 08:33:42,2017-05-31 00:00:00
64b0d9816689f0f4dd0f06127d5d0dfb,a87b390cf9b1dfb4b06d218502d27ffb,delivered,2018-06-02 07:16:53,2018-06-05 03:50:01,2018-07-04 06:38:00,2018-07-05 12:25:43,2018-07-20 00:00:00
b7276795d572042799508b017fb3cf16,e77f4504a634682ed1d9b850039fcc49,delivered,2018-04-17 14:16:41,2018-04-19 02:15:15,2018-04-19 23:51:28,2018-05-07 20:04:33,2018-05-11 00:00:00
f92658c234d93f1b5e25da234dd2968c,a8bcd37f8dd5ad261b9580c6fa2cff74,delivered,2018-03-04 11:30:27,2018-03-06 03:48:58,2018-03-07 00:21:44,2018-03-23 18:14:37,2018-03-29 00:00:00
dd38e535112fb5094b53b1997c4eda52,806f601fd9936f4d97179a15b3b4c3ad,canceled,2018-08-13 13:01:54,,,,2018-08-21 00:00:00
7aa2471c1e8d0cd89eec9459fde59414,0eb400f3e6d2f08e70d2ab5af9c203f4,delivered,2017-09-18 19:09:52,2017-09-20 02:10:42,2017-09-21 19:37:10,2017-09-27 19:09:10,2017-10-04 00:00:00
437eab927fbbc0dcfef153692c06c2cb,cbec150ab167587d8cc2347cb7b92c8e,delivered,2017-10-17 21:44:13,2017-10-17 21:56:16,2017-10-18 16:40:21,2017-10-27 19:16:54,2017-11-14 00:00:00
ea6de7eb6a7e8b6c49c41fe6bbd4e6e8,06293b07f2a65667ea6eca6eb2e0f25f,delivered,2018-01-09 08:20:46,2018-01-09 13:11:22,2018-01-10 18:10:56,2018-01-15 17:42:55,2018-02-01 00:00:00
1cfced67fb82caa7fb2b4521de6e18e7,6bbe6939dc1b42b2e1d8622e5dbc0649,delivered,2017-11-27 09:02:55,2017-11-27 09:16:12,2017-11-28 19:44:02,2017-12-05 17:19:13,2017-12-15 00:00:00
ba425a0e31cc5415cc13ff2c357e84ca,8c183fed8b3aa46f5f48699d23ead483,delivered,2018-02-08 08:59:42,2018-02-09 08:56:29,2018-02-14 20:21:39,2018-03-01 19:08:42,2018-03-07 00:00:00
9a8099a1462301749bd1e2a978b9a8af,9a574ff822f0d61666199f6b5d0c9cae,delivered,2017-11-13 21:39:20,2017-11-13 21:55:54,2017-11-17 12:03:00,2017-11-29 21:27:01,2017-12-15 00:00:00
33450649f41ed254714b462ecdb050cd,068152a5d93881c84dc1edad287461de,delivered,2017-04-07 12:19:51,2017-04-07 13:06:32,2017-04-07 13:11:12,2017-04-11 05:42:39,2017-05-03 00:00:00
10dd28056d3f546596690c33f28d7c8a,458223e3ead20abf2817f7ec7a91f4ff,delivered,2018-02-03 09:29:40,2018-02-03 09:51:50,2018-02-06 20:59:03,2018-02-16 01:08:52,2018-03-08 00:00:00
80db40134db34fa301d8a9c17b307a00,f1539aca62cfda94501933977e2d651d,delivered,2018-08-04 15:52:54,2018-08-05 15:45:17,2018-08-08 13:52:00,2018-08-14 17:14:46,2018-09-03 00:00:00
f4b85a796ab70afd964c35ac15b29fa4,819cbd55a98fda9364f7241bc8336a14,delivered,2018-08-07 14:56:32,2018-08-08 04:35:15,2018-08-11 07:17:00,2018-08-15 20:48:42,2018-09-04 00:00:00
a9fc33bc08db61779f55bc0ade473da7,ab9ba36bc845ce7fe265073cbf9f3bd9,delivered,2017-07-19 13:31:36,2017-07-19 14:05:28,2017-07-20 15:44:44,2017-07-31 19:36:51,2017-08-15 00:00:00
5f416e5874a47fb2ea0cc325530b6e76,0853e40927647b9aeccf91bf5c0706f5,delivered,2018-04-07 18:45:28,2018-04-07 19:08:27,2018-04-09 19:08:55,2018-04-13 22:04:17,2018-04-27 00:00:00
adc8df919d6fe4d55a9e8fd9e14e013c,54b4870b180756dd1067656274e73bdc,delivered,2017-11-06 07:03:41,2017-11-07 07:30:34,2017-11-07 15:42:08,2017-11-14 00:13:42,2017-11-17 00:00:00
8e87d18bbab2a0394d37332363c1f804,54a95e5d38fac79041210be655f2a782,delivered,2018-01-31 01:38:52,2018-01-31 13:32:04,2018-02-02 01:49:42,2018-02-17 14:19:05,2018-03-01 00:00:00
976843b1cee7809a5c79f63a3c9b3222,ed0096b07e87f8f4144ec8298961241d,delivered,2018-05-29 13:47:34,2018-05-31 03:10:17,2018-06-06 12:49:00,2018-06-07 15:38:46,2018-06-21 00:00:00
9562b424b05978a493db2a5122ecab1f,172de5a82ba2a67eb20621c2e4b4e34d,delivered,2017-05-08 17:34:29,2017-05-09 09:35:45,2017-05-09 13:48:26,2017-05-18 11:14:52,2017-05-29 00:00:00
4d9190887b47ff1b89c657c788c038f6,27de1b0b80d5ee4f8fadbb63fcb78906,delivered,2018-08-10 15:11:34,2018-08-10 15:24:50,2018-08-13 14:26:00,2018-08-15 11:56:32,2018-08-24 00:00:00
74d9e9683c40581c6efb5d3ef994c902,870a2ecbfbb1a8ab339c721efb886732,delivered,2018-08-10 10:33:46,2018-08-14 05:44:10,2018-08-14 14:33:00,2018-08-23 18:56:23,2018-08-15 00:00:00
baa57a887ab6469f6e65bf75ce80b768,6426d43df496b0f659d56d69355d41b9,delivered,2018-06-14 01:09:41,2018-06-14 01:37:03,2018-06-15 12:50:00,2018-06-25 22:18:35,2018-07-16 00:00:00
bd210405118a95688f5e0314f24255f5,6ec2c6dfcbb89e788ce8aecaee505725,delivered,2017-03-14 15:25:39,2017-03-14 15:25:39,2017-03-15 09:23:26,2017-03-27 15:02:59,2017-04-06 00:00:00
e39f9d87fd277163f36c3d929e0a8cc8,4d2b437b97759a4c9aefc82f29621458,delivered,2018-06-23 18:43:06,2018-06-23 18:58:26,2018-06-25 09:54:00,2018-06-28 21:18:56,2018-07-25 00:00:00
7c48bf2308168ce82b8e622eb9dd8627,bf7fb138f49700e3b2909aa550389e35,unavailable,2017-10-13 13:31:56,2017-10-13 13:49:38,,,2017-11-09 00:00:00
cf0e37180a383036ea57e9a1b440c593,d1b6d1966170f133b4b78b808c361d79,delivered,2017-05-27 11:59:35,2017-05-27 13:05:13,2017-05-29 14:11:31,2017-06-03 06:13:38,2017-06-20 00:00:00
0b34845fe9cff17643b298ed508ebb7f,aa58e9d75d589687cbb79699e5118e5e,delivered,2018-01-24 12:16:31,2018-01-25 02:58:46,2018-01-26 19:19:48,2018-02-01 20:17:51,2018-02-16 00:00:00
777f0ad29bd0edbbc5d6310b898685d7,391baa351044046801590fb340cdc2d2,delivered,2018-06-18 14:47:44,2018-06-18 15:01:57,2018-06-20 12:49:00,2018-06-25 14:58:42,2018-07-23 00:00:00
a8cdf6bc7ab2e5f5ec6d5dc977c3c295,3e4b810c1dad987baf9ef956ba59eb43,delivered,2018-08-15 19:02:35,2018-08-15 19:15:16,2018-08-16 07:37:00,2018-08-21 12:06:26,2018-09-03 00:00:00
fa12564d7462c9a851c79c301bcb97de,ad5eaed951a10f80d09e7f473a8fd08e,delivered,2018-07-08 12:50:43,2018-07-08 13:05:16,2018-07-17 15:48:00,2018-07-20 18:03:29,2018-08-06 00:00:00
3b33fee9a422ba92fb56025e07fe3db6,0dc8607bd2a9e3ba0f6f779a34fd8f1b,delivered,2017-06-04 21:33:39,2017-06-05 21:45:14,2017-06-07 14:47:14,2017-06-14 18:43:51,2017-06-28 00:00:00
38368e3cc7bcd7d57d5a815dc677b3e6,0913ac980f0f28243abd5b783ad27cd6,delivered,2018-03-21 07:09:18,2018-03-21 07:30:22,2018-03-22 15:05:30,2018-04-03 16:58:49,2018-04-16 00:00:00
befe8fab6c34f5861b73a3645ce38e24,348e683217ee0e2946f846ba75105e62,delivered,2018-04-28 01:48:54,2018-04-28 02:11:14,2018-04-30 15:24:00,2018-05-09 15:09:45,2018-05-23 00:00:00
33204aca443f9855e3b8451d179a81a5,2079b31eb86ac16ea4970c754c032393,delivered,2018-05-29 16:26:35,2018-05-29 16:51:33,2018-06-01 10:46:00,2018-06-07 12:12:54,2018-06-29 00:00:00
38c69a1ea85be350abf04516e9527573,8982ed2c7a1252471fd28b6c56512fee,delivered,2018-06-04 18:16:37,2018-06-04 18:33:20,2018-06-07 19:00:00,2018-06-08 22:16:52,2018-06-28 00:00:00
836bbfbee6382c97c9118b1612dc5497,80a07fead8e5f6328a2af33c2c358fdd,delivered,2018-02-28 14:55:40,2018-02-28 15:12:02,2018-03-01 20:37:04,2018-03-13 15:48:25,2018-03-19 00:00:00
2940b66c3bb11fa44b30088f5126bb3f,30dd0ba0ff44c4ed6f79a37b2d333d1b,delivered,2018-01-21 05:42:43,2018-01-23 03:39:04,2018-01-26 00:05:32,2018-02-09 00:49:37,2018-02-20 00:00:00
a9ef90b7e8572edf6aa35360c03236e5,668a13c83c83233ec67fd29942380da7,delivered,2018-08-18 15:27:43,2018-08-20 16:35:27,2018-08-22 13:20:00,2018-08-27 21:11:51,2018-09-04 00:00:00
32c49c2531dd2c94af0c74906c13abcd,b016b681071197d7a44648e5d04a2d34,delivered,2018-03-12 20:13:21,2018-03-12 20:25:18,2018-03-15 23:04:52,2018-04-09 12:05:10,2018-04-12 00:00:00
dc70f94b8e8d37fbd4fbc0e31a008175,e60906c4373d225f252b1993a11feaf0,delivered,2017-02-07 11:53:46,2017-02-07 13:05:49,2017-02-10 13:37:40,2017-02-17 17:57:41,2017-03-15 00:00:00
d053191d68ead1854578e774976d3771,a24488326351967ddaaac0173f1a10d5,delivered,2018-04-23 10:31:05,2018-04-25 03:35:28,2018-04-25 14:11:00,2018-05-07 19:02:38,2018-05-23 00:00:00
294e00584d3afc45c9a512eb21c66fe2,84bda8b3f7a2af905dd13f47e3e77ad9,delivered,2017-10-06 20:58:51,2017-10-06 21:14:13,2017-10-09 20:03:05,2017-10-11 21:45:06,2017-11-24 00:00:00
48755ebcffac911029c4d20f6ac536ac,8ec217c8bd345177188dc21091fc78f7,delivered,2018-04-07 13:27:06,2018-04-07 13:35:22,2018-04-10 22:51:49,2018-04-27 21:52:39,2018-05-02 00:00:00
73ee5d9bf5f571053d72b662d6011341,d16f0af73b9e96b00e80f098f42d8fb9,delivered,2017-10-12 23:43:48,2017-10-13 00:35:13,2017-10-17 20:07:56,2017-10-20 21:03:35,2017-11-03 00:00:00
f1ee4afeb390f7d9b9966fddfedf3ef2,94523ceafe89bf798b8bb3f8e6b8834c,delivered,2018-06-01 10:18:11,2018-06-01 11:32:20,2018-06-01 12:41:00,2018-06-12 18:08:35,2018-07-11 00:00:00
f1a8e3250a46ef66707b6b0e103c3140,9f8bfbe789498a0ec09caaf47cd84216,delivered,2018-06-15 12:52:05,2018-06-15 13:26:52,2018-06-18 10:00:00,2018-06-22 14:58:45,2018-07-12 00:00:00
366ad1dd93fb7f77b686017bc779447b,39b7ba7f041b8f4db4cac87e9b31a838,delivered,2017-08-30 20:57:12,2017-09-02 10:44:26,2017-09-04 15:46:03,2017-09-11 19:32:33,2017-09-18 00:00:00
f72527ae8967d32220ad8610c273e100,2c2275bbf957f5844aa13dd15227d6e2,shipped,2018-03-05 11:05:52,2018-03-07 02:35:40,2018-03-08 12:11:55,,2018-04-02 00:00:00
450cb96c63e1e5b49d34f223f67976d2,27ae7c8a8fc20ce80d96f01b6f19961b,delivered,2018-05-21 06:48:46,2018-05-21 06:57:03,2018-06-01 13:14:00,2018-10-11 16:41:14,2018-06-27 00:00:00
3ef7429ed38ffaf75b175132ec09235d,9be0b18bba6b0436b905a2f0814f2b89,delivered,2017-11-18 13:41:52,2017-11-18 13:55:30,2017-11-23 15:45:29,2017-11-24 21:57:45,2017-12-01 00:00:00
7229fca9b269915fc63b44434d20828a,a023e60d1438c4241673afd111cd1cf3,delivered,2018-08-15 16:12:57,2018-08-15 16:25:27,2018-08-16 14:10:00,2018-08-20 20:33:34,2018-08-30 00:00:00
ad8f6641cb556bea52f1b3f0d08f1fca,01cc7e6d45686f8424b65459f6fb8caf,delivered,2017-11-04 20:30:56,2017-11-04 20:45:54,2017-11-09 19:26:46,2017-11-15 13:44:46,2017-11-24 00:00:00
3bce97659e11778172e62ac0b440cb6c,0c3dbd7a0e5c75e4aefa811858a2ef11,shipped,2018-07-25 10:20:11,2018-07-25 10:35:15,2018-07-25 13:01:00,,2018-08-20 00:00:00
a21373b020b3665e910d3da0ca078094,b1cb221fb99089990e6751b79f201a23,delivered,2018-05-27 16:42:58,2018-05-27 16:55:33,2018-05-30 07:59:00,2018-06-04 16:43:28,2018-06-28 00:00:00
c49181fdd58a10a077a8a075b9a46e6b,48145944557a9c6c41f6db3a5e4bc4f2,delivered,2018-04-02 18:39:26,2018-04-02 18:55:29,2018-04-03 20:32:59,2018-04-09 21:26:39,2018-04-18 00:00:00
8df1c9e7f86ebc2ba79b482f5275ed6f,412363a1cd7a9ea05975b78cb65196e5,delivered,2017-11-17 13:17:27,2017-11-17 13:51:14,2017-11-21 14:37:29,2017-11-28 20:44:31,2017-12-06 00:00:00
93d147479c3e9f1a3e43febcbef654f6,ef1a8591a9c96ff37db882feb6b1e50f,delivered,2017-08-18 22:16:14,2017-08-18 22:30:17,2017-08-22 15:08:26,2017-08-29 19:06:54,2017-09-08 00:00:00
3c440cd6b051f95b4189123e5266ca02,60cf4d609aec86d69f3dcb588650f703,delivered,2017-03-15 10:37:21,2017-03-15 10:37:21,2017-03-17 11:46:45,2017-03-21 21:37:35,2017-04-03 00:00:00
0955f133d0afa54f738fd6ac4c9bc83b,18ef6bc859ef973f95e9f70287e72a69,delivered,2017-12-26 19:56:58,2017-12-26 20:09:46,2017-12-28 17:27:28,2018-01-21 13:02:57,2018-01-31 00:00:00
528bf8e17d835da2b2716f8884040e75,e2d9a04b85d3305106f1572f2b0cad37,delivered,2018-06-28 07:43:43,2018-06-29 07:50:11,2018-07-03 06:23:00,2018-07-11 19:38:22,2018-09-03 00:00:00
b06a6fd759132f4b7e369314ab5ae2d5,a27a41d6a0a297911bd22dbfbc2975e1,delivered,2018-08-21 11:02:43,2018-08-22 03:50:10,2018-08-22 11:24:00,2018-08-29 01:08:38,2018-08-30 00:00:00
d028d198f371aec5c0bbcadfc46c943c,96102e6a12a4cc071c0f51102e8feb5e,delivered,2018-07-18 19:52:04,2018-07-18 20:05:17,2018-07-20 12:58:00,2018-07-24 19:44:25,2018-08-09 00:00:00
6ece547d00a145a6d65f564467f72d22,268f59eafd767e24e5fb6c8950b2778b,delivered,2018-02-27 12:19:41,2018-02-28 09:56:17,2018-02-28 22:54:06,2018-03-21 23:48:47,2018-03-23 00:00:00
b6e5ddeaf2e5b56015e295beb333f305,18496a6fa6f46c453fe2e56cec440d0d,delivered,2017-06-15 14:11:57,2017-06-15 14:25:08,2017-06-16 17:45:52,2017-07-17 13:15:51,2017-07-20 00:00:00
08cdab6e94bb86120c0041ba5ce8697a,18ac7a8656ad6df90d87898357a8a85d,delivered,2017-10-02 11:22:04,2017-10-04 02:44:04,2017-10-04 20:52:31,2017-10-09 21:16:46,2017-10-31 00:00:00
da74eb479a8368d212376158daf9416b,4bd00237c4d53b54a2f6b67b74499cdd,delivered,2018-06-13 10:01:18,2018-06-13 10:32:44,2018-06-14 14:48:00,2018-06-15 12:58:26,2018-06-28 00:00:00
dcb0129b79be40bd74ffc19d5113bd70,be61c11f26246586f59140cc38c21f7a,delivered,2017-07-17 20:42:30,2017-07-18 20:50:12,2017-07-20 15:39:49,2017-07-26 10:19:42,2017-08-08 00:00:00
c0452c14e00c9d8c3f5f30c189382329,a0de49e00efb2ecb7d47d0266b771319,delivered,2018-06-15 21:50:10,2018-06-15 22:20:35,2018-06-20 14:39:00,2018-06-26 02:36:24,2018-07-13 00:00:00
983ce15c5ab539ffcf3ac3b386133a35,c093e1c8a74e5ed4ce0adce7cf77da4d,delivered,2018-05-08 17:48:50,2018-05-08 18:14:26,2018-05-09 14:22:00,2018-05-17 00:29:38,2018-05-29 00:00:00
ffd543c2b60842e148a86870dc60e212,1a4eed32aecb25c4c294408905613487,delivered,2018-01-04 12:00:49,2018-01-05 02:35:33,2018-01-15 21:23:17,2018-01-17 20:18:44,2018-02-06 00:00:00
36df29e4671cdc14371883d209fed7dc,5241ed0e4d93873261b8181b7f03f038,delivered,2018-06-21 16:28:01,2018-06-21 18:20:48,2018-06-22 16:10:00,2018-06-25 13:12:28,2018-07-04 00:00:00
7313807dc1071728db193910181486d8,6a259e6c956a3a7964a212a1a57bd8ff,delivered,2018-07-10 10:49:09,2018-07-10 11:05:36,2018-07-10 15:07:00,2018-07-11 21:16:41,2018-07-18 00:00:00
d7e87a1388d89fa6d7841f32c6954c2e,e02dbd1535bf6e8476e1766faec55668,delivered,2017-11-24 20:35:14,2017-11-24 23:36:40,2017-11-27 15:59:10,2017-12-04 16:42:30,2017-12-29 00:00:00
7bbf6d61df34d5a28a8b892095b05264,fc91446fd9ad359e05e8b0c170d4af9c,delivered,2018-04-27 15:25:14,2018-04-27 15:52:17,2018-05-04 11:01:00,2018-05-05 12:17:36,2018-05-11 00:00:00
8a1afda75a802a8a5dd950aa81756f49,216ca7984f36f840df4e983b578856d4,delivered,2018-01-03 16:05:40,2018-01-03 16:31:29,2018-01-05 17:52:09,2018-01-10 20:08:26,2018-01-26 00:00:00
c17386c1faa5ab9b68b085ac90efac67,9c0f2c56f67748db1ca297a8434971b4,delivered,2018-04-04 21:58:01,2018-04-04 22:10:17,2018-04-09 16:12:30,2018-04-16 16:37:32,2018-04-26 00:00:00
6e35fab28a9f5bb616818cda6eabbd71,ef6730de0a87fdb396dd69a4ab4e1c82,delivered,2018-06-10 12:09:24,2018-06-11 12:22:41,2018-06-12 10:19:00,2018-06-15 16:48:45,2018-07-18 00:00:00
f8b12da99115db11d96479a89539eef2,75da525f908b9b1cbc1ec7033eb09b9d,delivered,2018-02-21 09:41:44,2018-02-21 12:06:07,2018-02-24 04:09:23,2018-02-26 16:37:00,2018-03-07 00:00:00
d7068745ac2b7e09a164d2a6791838e6,588b8618f4c816db21bfa2428060c663,delivered,2017-10-17 08:39:07,2017-10-17 08:56:22,2017-10-18 17:23:44,2017-11-03 11:58:40,2017-11-07 00:00:00
6cdd8e55d732c4757465f8eb53d4a8a0,8ba94df575a711d67b290b53bca38eed,delivered,2018-07-04 09:54:58,2018-07-05 16:32:22,2018-07-04 15:11:00,2018-07-06 15:34:50,2018-07-17 00:00:00
9f454dbf0163ac092c95a1e3cf9535cf,aca66e7c5f2ff6bf24634f49f21d7473,delivered,2018-07-06 12:58:09,2018-07-06 13:12:06,2018-07-07 07:58:00,2018-07-12 17:22:37,2018-07-27 00:00:00
f4900d7e0244efd7479b3f3a80643be7,4166995d6f525769768b925d79c2f02c,delivered,2018-05-16 12:51:33,2018-05-16 13:19:35,2018-05-17 14:24:00,2018-05-21 19:51:44,2018-06-05 00:00:00
abbfe78fd05873101e792fa04bbad963,3ef07c4bf193cdc766ec811397a59c88,delivered,2017-10-03 01:25:30,2017-10-03 02:20:17,2017-10-03 14:23:21,2017-10-14 11:58:37,2017-10-27 00:00:00
733abca4b3372182a6c955ed064b0929,d152e59310ba4b2f8a71a0c919f1c4d2,delivered,2018-08-01 16:28:34,2018-08-01 16:44:08,2018-08-06 12:14:00,2018-08-10 16:14:28,2018-08-14 00:00:00
865632b4b7bd773e94d482105b596672,5fd3fb3154ea15e052970628d6fc6f6d,delivered,2018-08-12 14:55:36,2018-08-12 15:05:19,2018-08-13 15:30:00,2018-08-21 18:37:47,2018-09-05 00:00:00
278373e52db807377698eb36337a8246,98f4cdeb38b296a61d71d630dff7d01e,delivered,2017-03-01 11:17:55,2017-03-03 02:05:32,2017-03-03 13:51:26,2017-03-21 11:17:52,2017-04-05 00:00:00
d76d4d90a253651a393ba10c27ebd2e8,17a124500c28c0202b563d221b84062b,delivered,2018-03-15 19:56:54,2018-03-15 20:10:34,2018-03-16 19:31:24,2018-04-13 17:12:56,2018-04-09 00:00:00
fd04fa4105ee8045f6a0139ca5b49f27,8fe0db7abbccaf2d788689e918e3135b,delivered,2017-04-12 12:17:08,2017-04-13 12:22:08,2017-04-19 14:19:04,2017-05-19 13:44:52,2017-05-18 00:00:00
176047e99b8d67f011ec8cf606497f41,f1d38e8625e7be8d56728a32ff69ca4e,delivered,2018-05-30 16:12:32,2018-05-30 17:57:34,2018-06-04 13:10:00,2018-06-14 21:52:01,2018-07-13 00:00:00
212ce4538533ab322ea417619c2f627d,b692bfe9085704b3b59e38c0251234d7,delivered,2017-09-08 18:07:51,2017-09-09 16:10:12,2017-09-18 16:42:10,2017-10-03 19:33:20,2017-10-02 00:00:00
4b66db573efbc335f72d1f88cc5c712f,2aeb7894f14cac66e515569a9f6eb356,shipped,2017-10-03 06:23:33,2017-10-03 09:56:14,2017-10-04 14:20:37,,2017-11-07 00:00:00
059c2808fecc4ffa815a20bd7a12b3bb,4cbbcc881f9f996656c8842add4a140a,delivered,2018-06-27 21:36:55,2018-06-27 21:50:57,2018-07-04 14:50:00,2018-07-07 14:12:42,2018-07-24 00:00:00
6931075877d7cbb8cc81cad6c66d67c7,349a8134922e31b8d28023f4b0a0c6f4,delivered,2018-07-08 16:29:30,2018-07-08 16:45:24,2018-07-11 12:30:00,2018-07-12 22:11:11,2018-07-20 00:00:00
98567268fada7e240bf12be972e03a19,d3461ae5a1fa3912e80af3b7a64aaa4f,delivered,2017-04-05 17:58:27,2017-04-05 18:10:18,2017-04-07 08:52:00,2017-04-10 11:08:38,2017-04-26 00:00:00
5d05c998a38706f49de186001b342faf,6869e6ba48deeeef410aaecc3db3fcb0,delivered,2017-11-12 08:08:55,2017-11-12 08:26:02,2017-11-16 17:52:42,2017-11-21 18:15:31,2017-12-11 00:00:00
2144bbedc02742fe4e38f6ccf546961e,7275b995159d731d9b9e042c453299ea,delivered,2018-02-15 09:20:42,2018-02-15 10:00:20,2018-02-20 09:48:59,2018-02-28 22:09:05,2018-03-08 00:00:00
9b42f8813f6bfa620e0c91a4e132f2c0,1cf8e420d259ba1c8e79065408f9bb9e,delivered,2017-01-26 20:56:43,2017-01-26 21:05:19,2017-01-31 13:22:47,2017-02-03 08:12:35,2017-02-20 00:00:00
f5bece298ec65ca3b929bd174b25d419,be43b87274ef2732d3ecb9f9b0b478f8,delivered,2017-12-06 09:50:18,2017-12-06 10:13:03,2017-12-11 16:13:09,2017-12-28 20:49:11,2018-01-04 00:00:00
e73da43c03f39b4077ad8fc326cf6f4b,2770390e8f75c90e7792dbb75e1cfeef,delivered,2018-05-09 14:44:58,2018-05-09 15:36:51,2018-05-11 06:35:00,2018-05-15 16:35:18,2018-05-21 00:00:00
f188abfc38ef0d8d57378756a27a12ff,bc088899d0ff99a04ac52d4be2265f92,delivered,2018-02-01 15:57:09,2018-02-01 16:15:21,2018-02-05 23:13:25,2018-02-19 16:44:58,2018-03-05 00:00:00
1f6588173be9bf635ac895276a116522,94e5dec6a70d4203e76e8dfbd35706ac,shipped,2018-02-25 15:58:54,2018-02-25 16:10:23,2018-03-01 23:32:45,,2018-03-19 00:00:00
fa5d14fa4f6dd2527b10d4d1dab415c4,b56212aaf46eabaa667cfb40237759c3,delivered,2018-02-19 16:45:40,2018-02-19 17:50:23,2018-02-21 22:09:09,2018-02-28 23:13:52,2018-03-13 00:00:00
326c29ec5b89834b17aea7d85302fd70,27b9b32173455ef32167540451749d0b,delivered,2017-05-24 11:54:31,2017-05-25 02:50:25,2017-05-26 16:12:26,2017-06-02 14:12:38,2017-06-14 00:00:00
108d588547924189e3254f05e7720f71,1ee56551ab4bb1b5a2b3b60c6fa6e936,delivered,2018-01-26 20:18:54,2018-01-30 05:31:45,2018-01-31 13:16:50,2018-02-03 13:24:44,2018-02-22 00:00:00
f2bba1addbdc9530839fcde7c33c596e,2715d7fd8d3dcf331ee4814a00a51a54,delivered,2017-11-13 20:44:33,2017-11-13 20:50:34,2017-11-14 23:17:04,2017-11-22 19:37:42,2017-12-01 00:00:00
49f0ab1be4dd7914c9fd7f8b0e7bab69,80cf3943842f6958c9e9f130608988cc,delivered,2018-06-18 19:41:26,2018-06-18 19:57:09,2018-06-20 14:24:00,2018-06-21 21:03:43,2018-06-28 00:00:00
1140d29d5fca1aa97df7515335d759da,9edf15da6dec54aa77c38174d2dae7cf,delivered,2018-02-12 18:35:14,2018-02-12 18:47:48,2018-02-14 20:03:21,2018-03-01 17:19:20,2018-03-09 00:00:00
f39f43e47399ff2c70a6ff3130215663,4b21bce5b9e2a0b5aef68741cc80abb6,delivered,2018-05-12 15:31:37,2018-05-12 15:59:52,2018-05-18 15:12:00,2018-05-24 21:41:37,2018-06-01 00:00:00
a5c8f3a11dcb9bd9b0acdfb8101dfdc8,59373c31ba0b9d0bc23bd25284c5cf66,delivered,2018-05-15 10:05:26,2018-05-16 03:33:52,2018-05-21 07:03:00,2018-06-12 22:50:41,2018-06-05 00:00:00
d88b9341f5972a9d4a17aac4b623476c,89df8b7264f654f2a8b05894acffce11,delivered,2018-05-30 12:01:11,2018-05-30 12:17:23,2018-06-01 13:51:00,2018-06-06 19:04:26,2018-07-11 00:00:00
d014768ef3626e852218e98382169840,22210021ead9f4ebb1968130b654d092,delivered,2018-05-11 19:18:34,2018-05-11 19:50:39,2018-05-18 16:46:00,2018-06-07 14:24:47,2018-06-11 00:00:00
5a6bd2554afa06bed4854ea73c7e2e33,6d9256a80c8c0dd00015b9de77cfc08b,delivered,2018-01-18 16:19:01,2018-01-20 09:10:14,2018-01-22 14:33:29,2018-02-07 22:51:49,2018-02-23 00:00:00
23ab1be99f36d5bb2c599fc1c95829ed,9559ff4720ff708bbd034b8bb2fbd864,delivered,2018-06-03 10:21:00,2018-06-03 11:10:48,2018-06-11 13:57:00,2018-06-16 14:58:41,2018-07-16 00:00:00
2a5c7850b48cf4e26405577d4d2e78e6,b68ab347fd38b6934f64787c17ac04cd,delivered,2018-08-10 22:58:38,2018-08-10 23:10:10,2018-08-13 14:50:00,2018-08-16 21:28:25,2018-08-28 00:00:00
47a3f2cb969f3d798bf29b6c5922490a,dee3b38eecb125a659cab34b0f35c1d2,delivered,2018-03-26 22:19:07,2018-03-26 22:30:13,2018-03-29 23:05:39,2018-05-08 17:53:08,2018-04-19 00:00:00
daf73a7e8196228eedcdef72c89aaa34,3fae8ef52f0b321ad67be42e3fa8be08,delivered,2018-03-02 09:34:48,2018-03-02 09:50:41,2018-03-02 22:43:03,2018-03-16 19:22:23,2018-04-02 00:00:00
1536920a9b41c8aa4e1dd7b59edf7847,e01172129a897c621673c321f77435ed,delivered,2017-02-13 16:45:18,2017-02-15 02:50:43,2017-02-17 16:17:51,2017-03-04 08:42:45,2017-03-21 00:00:00
d6c43cc94c51d9176828e42155f97127,4bf502b7bd3cf867e9421534ebd7f446,delivered,2018-08-15 18:26:46,2018-08-16 10:10:26,2018-08-16 14:02:00,2018-08-24 15:36:38,2018-08-29 00:00:00
ed6b29fe01737a1e042a05988daf31db,0d1f1e7ff1445f97f5cef1e3c059e7ce,delivered,2017-12-21 18:53:44,2017-12-21 19:09:59,2017-12-22 15:04:22,2018-01-06 16:51:58,2018-01-22 00:00:00
4dd8dee86cb2c39cd3cbd25210a727e5,fb3f0c9eceab31e1030a9bb4b25e53e5,delivered,2018-04-24 17:13:55,2018-04-24 19:10:31,2018-04-30 12:45:00,2018-05-01 15:12:42,2018-05-08 00:00:00
14acf0ab4732322f187e0fd6871a6cbe,6febba3313a197d966a3267abfb5e227,delivered,2018-04-21 12:02:33,2018-04-24 18:48:58,2018-04-24 17:18:38,2018-05-02 18:23:52,2018-05-23 00:00:00
3fd0aee5e461a0922a15e3747a042332,077de06f3b141d3ea9d6be46b409262e,delivered,2018-08-05 19:22:48,2018-08-07 04:44:36,2018-08-07 12:30:00,2018-08-16 18:28:48,2018-09-03 00:00:00
cde3f389a60c48bf85f49e8daf2144f9,1e98ec6af6b00f2b6c4974181855fbf2,delivered,2017-04-24 06:49:48,2017-04-26 09:38:00,2017-04-28 10:34:30,2017-05-06 10:30:13,2017-05-12 00:00:00
a5da284831a584245b8ab3cbce6eea11,2101819c6afb989af1f32457282298aa,delivered,2017-03-06 09:46:46,2017-03-06 10:02:51,2017-03-06 13:47:37,2017-03-25 09:55:41,2017-03-27 00:00:00
7caf84295d8749bcee4f14503b883c1e,2c2fce55c68fdacdd3b867342308e891,delivered,2017-09-05 14:58:37,2017-09-06 20:00:19,2017-09-08 17:49:58,2017-09-13 20:27:57,2017-09-18 00:00:00
b5ab65ab0519833c110de7fb37bd1c00,e2eb5398a45cfd7e444a7a00105b794a,delivered,2017-12-09 10:12:40,2017-12-09 12:50:58,2017-12-12 18:43:34,2017-12-14 15:14:15,2017-12-28 00:00:00
67295f84fa8af9e57a89d851ccd9cec9,efbad0e343e190019792deb0edcd832c,delivered,2018-06-18 14:19:46,2018-06-19 03:57:37,2018-06-19 13:33:00,2018-06-26 16:22:21,2018-07-12 00:00:00
0403bed7b44fb735b6af72505c57fdd3,1ae3d1ac4e9f72126d07ba9dff0c3762,delivered,2017-07-17 22:37:39,2017-07-19 04:32:55,2017-07-21 14:22:33,2017-07-26 20:57:28,2017-08-04 00:00:00
b79b99c7a06889c62cd4ba110e536b12,235cacb7910f5a11a9cffb646888b0e4,delivered,2017-03-19 19:53:34,2017-03-19 19:53:34,2017-03-20 11:27:19,2017-03-28 12:24:53,2017-04-07 00:00:00
3b4036c28cd5f750d7d1041c6eab8f86,11b4c341e6819caf09cf9558ea7fe795,delivered,2018-08-03 08:39:00,2018-08-03 08:50:16,2018-08-03 14:47:00,2018-08-08 20:27:30,2018-08-22 00:00:00
3a99e79dbc864f031d94b7f7957b34a5,f37844d2130cb833a1556daac22304c7,delivered,2018-08-20 12:24:40,2018-08-21 08:55:29,2018-08-21 14:45:00,2018-08-24 16:44:26,2018-08-23 00:00:00
5579e05d13430813508d862a0dd812fd,f08a353ee43cd26ff4e4975bf0ce31db,delivered,2018-04-11 00:06:31,2018-04-11 00:30:02,2018-04-12 19:45:21,2018-04-16 16:32:31,2018-05-02 00:00:00
0576822a11b3068cce2e3c8551e4e327,d92a0146dec6700c8843c392da07a41e,delivered,2017-11-12 00:07:59,2017-11-12 00:30:46,2017-11-16 12:28:55,2017-11-27 20:28:44,2017-12-13 00:00:00
af79819a5f90540c8d9a0eb9a4ed589c,ca4bcd691fcdeebab8be6cbb8bb43e95,delivered,2018-07-03 21:32:49,2018-07-05 16:33:00,2018-07-05 14:09:00,2018-07-10 18:31:45,2018-07-30 00:00:00
b6d7bc72070db9ad2c50a38490b993ca,bb662be80c9c5bf770c86cbb03a7fc55,delivered,2017-11-06 15:35:40,2017-11-06 22:36:34,2017-11-07 14:36:51,2017-11-08 16:32:16,2017-11-17 00:00:00
dc4a1dea589296c18e88524f004fc870,79bc661c3d6c9b748b9bc2395c0db0d3,delivered,2017-06-01 00:13:42,2017-06-01 01:22:30,2017-06-02 11:26:20,2017-06-06 13:16:42,2017-06-28 00:00:00
d4497ce5e801d56876bd6c9e514767e5,c97da5fe625a4b809879872bcbb0c106,delivered,2018-05-05 10:43:41,2018-05-05 10:55:23,2018-05-07 15:01:00,2018-05-08 16:48:36,2018-05-23 00:00:00
f203b250a442eac108f23c45f8b1efc8,4e54b60d9094da89bfd9e8006ec8bcba,delivered,2018-05-09 17:18:42,2018-05-11 02:57:42,2018-05-11 10:54:00,2018-05-14 18:23:33,2018-05-17 00:00:00
5d720f62073ac5b205f45be3084966cf,13739a602257287d3644f3d05aca02e7,delivered,2017-09-22 14:10:17,2017-09-23 02:26:10,2017-09-26 17:29:57,2017-10-10 23:05:56,2017-10-24 00:00:00
1fc25ccd3bfe7f95431a9320df40e789,c0eaa65c3eaac85c9d3859887c13d1d7,delivered,2018-01-18 12:43:16,2018-01-18 12:57:01,2018-01-19 23:13:18,2018-01-21 15:36:25,2018-02-08 00:00:00
59d47389a16d7d6ffbd48ec86e4ef776,4f2418df11c74d5af1a84f18964b915d,delivered,2017-02-25 17:10:02,2017-03-03 02:10:31,2017-03-03 16:25:23,2017-03-13 07:22:03,2017-04-03 00:00:00
d7cea52c3309c7b3d279a9f3d2e74114,fb04e5eb553d32e040a1a83cf436a65c,delivered,2017-08-18 11:45:21,2017-08-18 11:55:14,2017-08-18 17:05:56,2017-08-25 18:55:00,2017-09-12 00:00:00
4e6aa298577f90f026cfb1d07e86509e,9aba1be6a33b379bcc4da86e75b731d3,delivered,2018-03-07 20:21:18,2018-03-10 14:35:39,2018-03-13 01:32:44,2018-03-26 16:58:42,2018-04-12 00:00:00
74f6a72d401864d8a0d5b73e2533a3bb,3ad2508b4ed6b3c8907d41ddb692c5d3,delivered,2017-07-09 18:13:50,2017-07-09 18:25:20,2017-07-12 12:23:48,2017-07-18 20:33:25,2017-08-01 00:00:00
92b16e4bf4524a212222c92e9114f55c,bc418db9d598dfdd2b30fdd33bf541d0,delivered,2017-06-04 01:12:31,2017-06-04 01:25:06,2017-06-06 13:33:17,2017-06-16 17:25:46,2017-06-28 00:00:00
37b9ae736e1038316332953137270003,f67ec457fd8fe9c46d977349219d81a3,delivered,2018-02-01 20:39:37,2018-02-01 20:53:35,2018-02-02 19:18:28,2018-02-05 10:54:47,2018-02-22 00:00:00
577c26f685d23908780f49ca3c5026be,b800b81c8b628fcc01ad98570e8b8715,delivered,2018-02-07 00:44:01,2018-02-08 07:50:28,2018-02-14 18:28:57,2018-03-14 21:12:24,2018-03-19 00:00:00
8adf8d327b47f1fed3689b933dbede17,faa60b8bd84596f71cefc77af1406537,delivered,2018-02-09 00:12:03,2018-02-10 02:36:16,2018-02-14 12:58:49,2018-02-28 19:08:10,2018-03-02 00:00:00
912923edec48344322248fe287f03336,266678795bc5454fdb8833d7508e16d9,delivered,2017-06-04 20:07:02,2017-06-06 13:15:24,2017-06-09 13:34:23,2017-06-13 12:18:17,2017-06-19 00:00:00
b28eb422b41546e8ec8ab86afc836294,2dfbbbecae42828587b832a3c4d4a893,delivered,2018-02-05 19:24:40,2018-02-05 19:35:28,2018-02-16 00:57:00,2018-02-22 21:18:52,2018-03-01 00:00:00
65bd383b9f9b0b9de967055e198a8ddc,2522598e7195c875f15436df1b7aa687,delivered,2017-05-24 13:17:55,2017-05-24 13:30:13,2017-05-25 10:39:23,2017-05-26 08:16:34,2017-06-06 00:00:00
ad2e046d1a59ee49ddf9ae258360b81b,412ccfcbac9738eaa7df3fe0210d9e3b,delivered,2018-08-15 07:28:01,2018-08-15 07:44:06,2018-08-16 12:21:00,2018-08-23 19:08:35,2018-08-22 00:00:00
182763e56c47912c77bfd4e730c0fd15,3fdd4a93bb80c78e818830946d34cae1,delivered,2017-06-16 02:32:44,2017-06-20 10:15:27,2017-06-23 12:25:48,2017-06-26 14:17:57,2017-06-29 00:00:00
fb260abf14e47c95a0b19acb1ab3ed43,5e03611738b719fa467609220c293474,delivered,2018-02-26 02:03:03,2018-02-26 02:10:31,2018-02-27 01:04:45,2018-03-22 00:02:34,2018-03-19 00:00:00
df4823465132ba0a127c5734847a3a3f,d2057acaaa46fb53bb687e30577723cf,delivered,2017-06-11 22:05:06,2017-06-11 22:22:33,2017-06-13 09:34:16,2017-06-27 10:47:40,2017-07-05 00:00:00
7a2f802f8cd01aa62fb904b952932edf,09719affdbfaddf5d3d29417c39089dc,delivered,2018-08-02 12:06:09,2018-08-02 13:04:17,2018-08-03 15:17:00,2018-08-08 12:32:23,2018-08-22 00:00:00
44d48877c193df24fccfd55feefe7521,e21fd6f2baa260c6db9b311cbd213864,delivered,2018-08-10 14:48:44,2018-08-10 15:04:52,2018-08-13 15:34:00,2018-08-14 21:05:33,2018-08-15 00:00:00
854fc42da7246b10ed8dcec4ae8f48ca,3925d8a5f225de2b3e2d791e3a547748,delivered,2017-09-05 18:15:24,2017-09-05 18:25:27,2017-09-06 21:41:18,2017-09-22 19:52:36,2017-09-27 00:00:00
124e62fecaaf83248e7f9a84c441f7d4,7ba830bc3eae4eb7b0adeeb505c0ab5a,delivered,2018-04-03 11:03:36,2018-04-04 03:09:00,2018-04-05 00:16:48,2018-05-03 00:52:25,2018-04-20 00:00:00
78d9bc19ffe6549f445e37d09987a476,2ece3b8e01f438305036fcf527809f4f,delivered,2017-09-05 23:00:10,2017-09-05 23:10:20,2017-09-08 17:10:14,2017-09-14 22:23:04,2017-09-27 00:00:00
f64b1037e9e9b824414ca423e452b1d0,fff3a5c6d542d52b05f7e4518adf996e,delivered,2018-02-18 21:48:22,2018-02-19 10:08:06,2018-02-19 22:04:00,2018-03-02 18:42:42,2018-03-14 00:00:00
da25492a616ea75359094ce9180d2691,cd5197b832fad889118cb4ec1483b4f2,delivered,2017-12-01 09:59:13,2017-12-01 11:31:06,2017-12-04 21:34:42,2017-12-07 17:14:48,2017-12-20 00:00:00
a7576b40fc3305040c4e267a6c7edeab,39affb22b0414feee0d2d41c3434b9eb,delivered,2017-12-17 22:25:04,2017-12-17 23:29:48,2017-12-19 20:04:32,2017-12-26 15:28:09,2018-01-05 00:00:00
587904dc1c873ebfb6078160b4819d8e,ea2677769a5160cb3664a4ee9e6dcddd,delivered,2017-11-25 00:25:35,2017-11-28 03:32:18,2017-12-01 22:09:15,2017-12-06 19:43:34,2017-12-15 00:00:00
98035d9057b5e23020bd00138e680409,29de6cb60572272e17868b7420ee9d2b,delivered,2017-07-12 15:45:39,2017-07-12 16:03:48,2017-07-17 16:07:48,2017-07-24 18:28:41,2017-08-03 00:00:00
6e17d22f876e565a56aeaad937d6b951,35c919d9901b83235d3f9790ef39e7cb,delivered,2018-05-10 14:57:43,2018-05-10 15:11:37,2018-05-11 11:41:00,2018-05-15 18:17:57,2018-05-21 00:00:00
c796b93238b8e2269a4f43ce3324ab08,28dd2973d32fc3aa400077b18c0f2671,delivered,2018-08-12 07:51:18,2018-08-12 08:04:26,2018-08-14 15:03:00,2018-08-21 17:04:41,2018-08-31 00:00:00
08eef0ee40e395cb547563fc31ab1bd7,25bd5231b15435eeeacc0ead2fe31ca7,delivered,2017-11-25 02:00:46,2017-11-25 04:14:32,2017-11-27 20:11:35,2017-12-19 19:48:41,2017-12-20 00:00:00
8c5e3895665d821ef50d85872a34cb0b,4b014521d313df89599b997dc8b12041,delivered,2017-12-08 18:47:35,2017-12-08 19:12:11,2017-12-12 21:23:33,2017-12-17 15:22:05,2018-01-09 00:00:00
3faaf3fd5977e5b69227092accef04bd,4fb5b845134b29e0cf8ef1e5215bb481,delivered,2018-02-27 03:41:09,2018-02-27 04:31:01,2018-03-09 22:21:17,2018-03-23 19:52:31,2018-03-28 00:00:00
637be788712bee0367ea76b1d2b4e702,e072f720ae44bd037c0340b5e6c2828b,delivered,2017-09-04 16:21:46,2017-09-05 16:25:40,2017-09-06 16:47:34,2017-09-13 12:29:55,2017-09-21 00:00:00
2dde024859f51fefb1cf3975ae42c563,1617502d775896406515c026af6e7a48,delivered,2018-01-30 10:56:41,2018-01-30 11:15:43,2018-01-31 20:12:51,2018-02-19 11:04:10,2018-02-22 00:00:00
38be3479258281d5a9f612704f4546b8,97167228f2e673901f1fef090e90a291,delivered,2018-08-25 14:25:11,2018-08-25 14:35:23,2018-08-28 17:10:00,2018-08-30 00:05:02,2018-09-03 00:00:00
75cf0808397ed4f7331a97bfbdbd41ee,94060577d26caac4aacb688aee796279,delivered,2018-01-07 11:46:04,2018-01-07 11:56:29,2018-01-08 19:20:14,2018-01-16 19:43:53,2018-01-31 00:00:00
d147b8649ff39d53cabf136b36c79a13,51fc971a2dc09640199c605fafef9b90,delivered,2018-04-30 12:03:48,2018-04-30 12:15:48,2018-05-02 07:56:00,2018-05-03 21:27:36,2018-05-15 00:00:00
ab589d1a6095c7f435a62f503146e1cf,dda24c2de57a6023c8634e466d2b041d,delivered,2018-05-04 21:24:20,2018-05-04 21:35:18,2018-05-08 14:18:00,2018-05-11 23:03:11,2018-05-18 00:00:00
775d392cdf78d7ec8e6dedacbec03a9d,dbcefd1a7ba4bc8b7aff36b386e0cc72,delivered,2018-05-04 16:54:19,2018-05-05 16:53:34,2018-05-07 16:34:00,2018-05-08 18:41:31,2018-05-17 00:00:00
d114db1284e403886d42917794dab1aa,a25a1621da773f67495618a8a2a475db,delivered,2018-04-02 14:54:18,2018-04-02 15:11:50,2018-04-03 19:30:48,2018-04-04 20:54:42,2018-04-12 00:00:00
bfbe5ec8665cf556e806616b9620be05,b4f19e979072ee328598342b2db466cb,delivered,2017-11-19 21:55:49,2017-11-19 22:06:30,2017-11-22 17:51:11,2017-12-01 21:19:29,2017-12-18 00:00:00
ea71c8751c47c442f142dc340867918b,25b86c80578b3a629215a80564dc8896,delivered,2017-05-05 18:46:30,2017-05-06 18:15:14,2017-05-09 08:07:53,2017-05-15 12:00:09,2017-06-09 00:00:00
694ac1d9660a7c3c610c379eb240360b,57f98f14aab6d9dbfad18f89d2606bdf,delivered,2017-12-17 18:44:55,2017-12-17 18:53:37,2017-12-20 18:20:11,2017-12-22 13:33:05,2018-01-11 00:00:00
17912edc2f0d164527889f95392aab9c,38c45d77d6e2bfbc062cc6a99305d2b7,delivered,2018-05-10 11:54:05,2018-05-10 12:16:07,2018-05-15 10:43:00,2018-05-24 00:53:35,2018-06-11 00:00:00
c16b33b318036905a37290c0c735c522,c7967be1df16bf9ab97001a0576a978a,delivered,2017-12-11 17:20:27,2017-12-11 17:32:32,2017-12-12 21:19:00,2017-12-29 14:56:13,2018-01-11 00:00:00
fd064b8ee1258610d855e775abf1cdea,ffc57553e2b7342c1f572edb68e0651f,delivered,2018-05-09 14:11:09,2018-05-09 15:51:57,2018-05-10 15:08:00,2018-05-15 09:53:45,2018-05-25 00:00:00
c3541701eba57c21eb83f35f6eb1094b,c4e81ec2531f2ee6fb47346b9f7326bc,delivered,2018-07-17 12:02:11,2018-07-17 12:15:18,2018-07-17 14:00:00,2018-07-20 20:51:25,2018-08-07 00:00:00
925076985315dd0cc772d4156564d009,57589bb9afa9eb858304d0ada0f1b45d,delivered,2017-02-05 16:17:02,2017-02-07 03:50:33,2017-02-09 14:50:36,2017-02-20 15:48:40,2017-03-13 00:00:00
1b7120c62e8d21f1ee396c4c465101ed,18b5e821fb1a52ebef7db6d4a73851f7,delivered,2018-07-27 16:20:49,2018-07-27 16:31:03,2018-08-03 15:28:00,2018-08-06 20:52:28,2018-08-14 00:00:00
38f739e41c7916423eeb93f610915934,b0a12508c0040e8fd506583846de2f17,delivered,2018-03-21 12:06:34,2018-03-21 12:15:32,2018-03-23 20:33:17,2018-04-03 20:44:30,2018-04-12 00:00:00
ad6245e3de2fc9824e89ff26e5274afd,05726a543ba1b91487c9f6f3fc7caa79,delivered,2017-10-28 22:12:16,2017-10-28 22:25:54,2017-10-31 18:25:51,2017-11-07 17:22:31,2017-11-27 00:00:00
debbc667d166dc32a2733fb0d660ca46,7bc4316012cadd7bd72e39fa69b5cc07,delivered,2017-11-29 13:27:11,2017-12-01 11:32:12,2017-12-01 21:19:39,2017-12-19 17:18:24,2018-01-03 00:00:00
d329bd974553f5e57a2f672cc82dab69,40fc7bb3cad2cc3c6829a3a9977500bb,shipped,2018-04-09 16:39:46,2018-04-09 16:50:15,2018-04-10 22:38:32,,2018-05-15 00:00:00
b46a585f4ae96d0dec633727953055fe,0707585f9631a5166364cf8730a8ecf2,delivered,2018-06-24 23:20:17,2018-06-24 23:35:16,2018-06-25 15:38:00,2018-06-27 15:41:55,2018-07-05 00:00:00
bf77be9e5c844064520fc976a02eba7f,e6529280d21312196f2b9003c89a53fb,delivered,2017-10-23 10:33:47,2017-10-23 10:50:11,2017-10-23 17:24:13,2017-11-02 16:03:27,2017-11-13 00:00:00
35d4cbc28ef2f56e83393787417a3b5c,e43b95f764795eaeffe034fbce2b4070,delivered,2018-07-23 18:03:01,2018-07-24 10:32:48,2018-07-25 11:50:00,2018-08-03 21:51:54,2018-08-16 00:00:00
5ae83f493320d31409a108dfd7aa5c20,6cad022a750365e31c429d9f6eae160f,delivered,2017-04-10 12:35:53,2017-04-11 12:25:53,2017-04-12 13:05:53,2017-05-15 17:52:51,2017-05-04 00:00:00
42e16f7e030bc2ecf9a63678bc4e3380,ce00c3e5cf8e6b1a53809d48f0d700b4,delivered,2017-07-25 08:27:53,2017-07-25 08:35:17,2017-07-29 14:58:46,2017-08-03 19:34:25,2017-08-29 00:00:00
58862b6204545c832643872387966329,4f55026e18d09fba60a3a17c63761094,delivered,2018-08-08 19:23:00,2018-08-08 19:35:18,2018-08-09 12:35:00,2018-08-17 18:11:06,2018-09-14 00:00:00
1799b503cd7c2cbd801e75dd72fe3069,60a14730b838cd406e7c100ff14c3449,delivered,2017-05-19 16:02:39,2017-05-20 16:05:24,2017-05-22 17:47:53,2017-05-26 16:26:40,2017-06-08 00:00:00
6c7d13407c99a390f23be27465331575,6c86de0c2e4fa95590515416bf98c3e9,delivered,2018-03-20 09:16:16,2018-03-20 09:30:34,2018-03-20 22:03:31,2018-03-29 16:42:15,2018-04-16 00:00:00
03b70c61372aebf257ccfacc6ca0aa58,c7f0689bb795288d7a8b5f7461de4250,delivered,2018-05-13 15:50:44,2018-05-13 16:13:47,2018-05-14 15:18:00,2018-05-15 22:03:06,2018-05-28 00:00:00
32e4636ad9646a3b7df0dbde0cfe5500,cf013fcd49b67549a3f482afb2a533ac,delivered,2017-12-13 13:09:46,2017-12-15 13:12:59,2018-01-09 18:59:23,2018-01-16 18:33:43,2018-02-06 00:00:00
1c36473b9a0db63449081c0408a96dc8,28465805729df5da4093b59856fcb2f9,delivered,2018-03-17 18:28:58,2018-03-17 18:48:35,2018-03-19 18:16:38,2018-03-28 22:03:33,2018-04-12 00:00:00
d9a2b5f65a8710b7b169d27db28c5d26,4193b72441aee0999bb92aeb9c1b236a,delivered,2017-11-09 19:02:02,2017-11-09 19:10:29,2017-11-10 19:25:03,2017-11-14 23:27:16,2017-11-29 00:00:00
bf109fa36da244c6c5425edfda0d8aab,f1ede9f967d57c8c6e3371225fb5bc3d,delivered,2017-09-08 10:21:17,2017-09-09 05:15:53,2017-09-12 14:56:30,2017-09-21 17:48:28,2017-10-02 00:00:00
aa870603711e38df064454224e013c3a,794fe2466017e1c5dd5a563bcfe4d745,delivered,2018-05-05 14:05:06,2018-05-05 14:29:50,2018-05-09 15:48:00,2018-06-22 20:07:50,2018-06-01 00:00:00
2b2c36c568fe24e69258fa168462fa00,46813fb5b26bb562312ac42b763ff675,delivered,2017-05-29 15:06:36,2017-05-29 15:22:37,2017-05-31 08:22:14,2017-06-05 08:47:34,2017-06-21 00:00:00
5c0623ce8050c2cddeec3575bfbe0a53,781a63f927b6f2502e9267b3b7f285e3,delivered,2018-07-25 06:56:57,2018-07-25 07:10:14,2018-07-27 12:53:00,2018-08-03 18:13:39,2018-08-21 00:00:00
594d1d0caf1a2bb2d2d95058d9e318cc,e808b8263a08595d4c3596533f3efa37,delivered,2018-07-25 21:13:14,2018-07-25 21:25:11,2018-07-27 14:24:00,2018-08-02 22:48:55,2018-08-21 00:00:00
1e3dad2b395168bf9948b5bd80c7258c,bd23e7fa3205d01609afa746fa646770,delivered,2017-06-07 21:33:25,2017-06-07 21:45:11,2017-06-08 13:57:27,2017-06-16 14:42:16,2017-06-30 00:00:00
d4e770b405f1a265106474eaf37ded74,7c7b0230efd9524afdba267f0d4c70b7,delivered,2017-10-04 18:18:28,2017-10-04 18:35:08,2017-10-05 21:05:58,2017-10-13 14:44:59,2017-11-01 00:00:00
48b04c2b15ef11dac475795682a3d991,b7178dd71a79f281dfba982e42e0f673,delivered,2018-08-27 15:07:02,2018-08-27 15:23:59,2018-08-28 13:53:00,2018-08-29 15:25:31,2018-08-31 00:00:00
a5db0385f8aea138fbbb47e6bb8c03e5,bcd1cf06eec92b0c218d121f562de5df,delivered,2017-07-30 17:18:58,2017-07-30 17:35:18,2017-08-02 19:41:00,2017-08-11 18:12:43,2017-08-29 00:00:00
ae939729c93b0ecd65e284740cb48997,e5d7108db511fe3a3e111eeec628183e,delivered,2018-07-02 18:48:55,2018-07-02 19:50:52,2018-07-03 15:14:00,2018-07-11 00:38:51,2018-07-30 00:00:00
dabde7f69f293cf7ab67a2b346573c07,4e8275be9ced8a6adbad5b3adc7afd28,delivered,2017-07-21 12:17:37,2017-07-25 03:25:22,2017-07-26 19:59:33,2017-08-07 19:29:59,2017-08-24 00:00:00
3202d54e102ee571b92aaba84b2a7696,20526e6ac068f829f191a7dd0a773d07,delivered,2018-07-31 18:29:23,2018-07-31 20:30:47,2018-08-01 15:03:00,2018-08-02 13:36:31,2018-08-03 00:00:00
aea07e49bd6cb10236c4f58a429d3591,f7e057bf26b1240d01e6bccd5b632e1f,delivered,2018-08-06 13:56:44,2018-08-06 14:10:20,2018-08-08 12:34:00,2018-08-21 16:49:57,2018-08-17 00:00:00
cfba3a0904b40913ee70dd7cd5ade673,fcd4deb9e2b619dd2039da63bb9837ee,delivered,2018-06-19 14:20:45,2018-06-20 08:56:35,2018-06-21 14:34:00,2018-06-25 20:34:28,2018-07-11 00:00:00
00664284de7a3470d22931ed78615ee4,cc0f43bd4e0f3ed1a2165365d26029ae,delivered,2017-09-24 13:12:59,2017-09-24 13:30:11,2017-09-25 14:53:50,2017-10-03 22:12:06,2017-10-17 00:00:00
0a57fdd1a42f86bd170a4623ca76676c,4554f6ad966ed603236a802f8edf11fa,delivered,2018-06-08 19:35:03,2018-06-09 19:38:36,2018-06-12 13:26:00,2018-06-13 20:47:49,2018-06-29 00:00:00
62f4ea84df794e8e785b5d9d279eaa62,6afffec73f6ce60406821be4e59a2575,delivered,2017-09-13 16:16:00,2017-09-13 16:35:11,2017-09-18 20:32:26,2017-09-20 17:39:15,2017-09-29 00:00:00
36fe204caef0ee36f62366de0896a87f,8bf4138fe28c4cdbe9e5ded6940cd844,delivered,2018-01-19 21:53:38,2018-01-19 22:16:19,2018-01-23 03:33:45,2018-02-09 16:05:25,2018-02-16 00:00:00
b812f8fd67c86d89510590abea7696d1,1b53d5edf59a0c038510fca97c43f127,delivered,2018-07-30 12:08:24,2018-07-30 16:05:01,2018-07-31 18:35:00,2018-08-03 20:31:28,2018-08-13 00:00:00
83fb50047ae335655fcb980c0a2430b5,a5625176ab429bebff8b164653f2ff02,processing,2017-05-27 17:48:11,2017-05-30 05:02:21,,,2017-06-29 00:00:00
a9dbb42aae61c8eb9e7ead64817c9469,b2c3de242c970c6ab08788a5527d0170,shipped,2017-12-22 18:18:49,2017-12-22 18:29:35,2017-12-28 17:53:46,,2018-01-29 00:00:00
76cc7d9d3b078509cc976957f2671283,4b0f1543a7439e9abd2078fbefd3f8c3,delivered,2017-07-06 14:30:51,2017-07-06 14:45:17,2017-07-11 17:04:36,2017-07-31 20:45:45,2017-08-03 00:00:00
2053554187588f29cdeb57a88d331e83,64f9de1f6705de234abc7f84976a1a35,delivered,2017-04-15 23:00:32,2017-04-15 23:10:14,2017-04-18 11:24:49,2017-04-20 15:06:36,2017-05-08 00:00:00
baed56f3eda9223b74c6cf175f05678e,a5efc13305474c8a533b4222cb176d4f,delivered,2018-03-21 15:06:40,2018-03-23 02:15:31,2018-03-23 22:58:43,2018-04-09 15:42:09,2018-05-04 00:00:00
cb8da41d3686c19bfd7e97b94097e686,90753daa6413261a983655426ca2ca9c,delivered,2017-11-16 18:34:57,2017-11-18 02:48:58,2017-11-21 18:19:05,2017-11-29 00:41:27,2017-12-05 00:00:00
11ecb8ddc28c95c21a3ef305377a477c,1feb53cf8faac88a98197cc75fd8175e,delivered,2018-04-06 16:01:55,2018-04-06 16:15:12,2018-04-11 00:41:52,2018-04-25 00:04:31,2018-05-15 00:00:00
22085be04a775c3ed4245c35bd9f822f,7675279aa67fc4800dd667d60cc92713,delivered,2018-05-22 10:25:52,2018-05-22 17:15:27,2018-05-23 13:37:00,2018-06-04 15:38:46,2018-06-08 00:00:00
77ff5083402e50189ad3477e7dfcbaad,8f66a46e622f40e6f5428034d16b4192,delivered,2017-10-18 09:45:17,2017-10-19 02:56:29,2017-10-24 14:39:56,2017-10-31 17:15:15,2017-11-17 00:00:00
496e779d0a36724d70beaf6ea94d7d9d,02f8299d68b913a3584db28a189be007,delivered,2017-02-07 22:50:27,2017-02-09 02:55:17,2017-02-10 13:57:54,2017-03-01 10:39:08,2017-03-20 00:00:00
1fb19f4cd7486d32cfc488577cc28235,2009e285643a9f9aaa39ab0b1a680882,delivered,2017-02-02 11:15:31,2017-02-02 13:30:18,2017-02-03 12:01:00,2017-03-01 06:37:41,2017-03-13 00:00:00
cfd90c0fc3f3b1ebc3dc7a5a20181d37,16a4c9843ab5ab7e7f88c5be0b725786,delivered,2018-08-16 16:37:43,2018-08-17 08:55:23,2018-08-24 15:42:00,2018-08-30 20:20:34,2018-09-10 00:00:00
5ca9d935dd5306bf85a2f1e263d058f1,f0f1d8de8ddaad572cef4b07bdf94d6d,unavailable,2018-02-06 16:31:59,2018-02-06 16:51:46,,,2018-03-08 00:00:00
efa6ac6564b5e0edcfd63b95f47d8737,cf1f153a1af8c5cdd447ea6e3616b7fe,delivered,2018-04-24 11:57:58,2018-04-25 11:55:11,2018-04-26 06:40:00,2018-05-02 23:54:34,2018-05-16 00:00:00
351688388d33d4a58285b9d6630bcc82,32755045a3b602adc3876bbfa3f8d7c8,delivered,2018-04-21 11:38:28,2018-04-24 17:51:38,2018-04-25 15:02:00,2018-05-08 17:32:06,2018-06-01 00:00:00
ad8c386772f88caabcff4e2a8bee26d3,a23d8dea0a3bd895cfb02b2a56601b03,delivered,2018-08-19 12:30:10,2018-08-20 16:50:10,2018-08-21 14:16:00,2018-08-24 15:03:38,2018-09-03 00:00:00
1c5be2940a0e9dae8e4ec24c9c630d21,39bd538ed7bcae4b7823d8083c413c77,delivered,2017-07-25 18:42:37,2017-07-27 09:55:27,2017-07-27 16:57:50,2017-07-31 17:47:06,2017-08-14 00:00:00
c15766f615902f3b10ebce7da0113522,4dd4a2d0b9d48ac685633e0fd8a89f06,delivered,2018-06-04 23:26:54,2018-06-04 23:50:14,2018-06-07 13:58:00,2018-06-12 23:42:37,2018-07-16 00:00:00
618b8ec3c995dcd438feea3300bba0cf,a8abf2006cdca0b5f3b8e5567fda8fb1,delivered,2018-07-25 09:38:11,2018-07-26 03:24:23,2018-08-01 16:13:00,2018-08-15 17:38:28,2018-08-24 00:00:00
34dd52587fd9744fa3850f58049bb93f,40179b084530d7e15b7727c677226463,delivered,2017-07-14 09:21:51,2017-07-15 06:35:14,2017-07-18 16:57:38,2017-07-18 18:29:33,2017-08-03 00:00:00
6f07a2b4605f269a97bed210ea946521,a8a76356d43038ba58e73cdbbe9eab86,delivered,2017-12-01 21:16:53,2017-12-01 21:32:35,2017-12-04 21:42:13,2017-12-08 22:33:55,2018-01-08 00:00:00
bbe02deb41e96f666660dede6c816276,c659c6ddb8f2dbed68ea0889f16c0f69,delivered,2017-03-24 16:31:56,2017-03-24 16:45:10,2017-03-29 13:22:04,2017-05-03 14:07:58,2017-05-03 00:00:00
33a23937c4d7393206aee57ca5ac8cc2,3626c8375b71bd285a0128957cd509dc,delivered,2017-11-07 23:46:02,2017-11-09 04:31:18,2017-11-10 18:28:09,2017-11-16 18:48:27,2017-11-27 00:00:00
77139c08bb5f077f2b8dd52a1ea309a2,33f6e26f52120305302c53339bad7d05,delivered,2018-04-16 13:11:27,2018-04-16 14:11:49,2018-04-17 18:31:49,2018-04-26 09:03:59,2018-05-11 00:00:00
1b5339b3d49c30108e0aa8c2c2cbbbd8,cfd6d1ea06bb9b3e9f72117deea349c7,delivered,2018-08-03 14:23:42,2018-08-04 04:23:58,2018-08-07 14:25:00,2018-08-10 22:52:51,2018-08-22 00:00:00
7da444f9eb27358bfecfff2aa071e457,a394aa1decd1324c76593baffaf2b6ed,delivered,2017-12-11 09:27:40,2017-12-11 09:37:38,2017-12-12 22:14:26,2017-12-18 21:38:19,2017-12-28 00:00:00
08cc8c614786867bb0a845cd117d349b,79c153310ee3cfd3c2a760c9798b179a,shipped,2017-08-30 21:00:01,2017-09-02 13:50:15,2017-09-07 00:04:29,,2017-09-21 00:00:00
b8ddae4d27ce2071902b4172ec37c7ca,a3c378b866e6c466476a3d4a8b919629,delivered,2017-11-29 17:43:54,2017-11-29 18:31:00,2017-12-01 19:44:42,2017-12-11 13:28:17,2017-12-20 00:00:00
d64dc080a9163c5e593b591e6c8e32b8,bf10f1fd7fd870f4d92a239792498714,delivered,2017-07-31 18:29:24,2017-08-02 08:34:30,2017-08-01 21:56:40,2017-08-03 22:07:48,2017-08-11 00:00:00
5ab1b7017955abafee1aaf11eb8a8105,ebf84e00361c31f0610635647dbd0db1,delivered,2017-08-20 17:47:00,2017-08-22 04:16:13,2017-08-22 18:16:00,2017-08-28 17:03:30,2017-09-11 00:00:00
4e724c7d98c212ac0bbca82b6d274f76,fab30d1ce4d3a19f8d8990b0f92bcd43,delivered,2018-02-13 17:58:15,2018-02-13 18:10:28,2018-02-20 18:04:38,2018-03-14 19:28:58,2018-03-16 00:00:00
59a28b77022aecabe93b43fa323de71b,3bb38d7e15146509176acff3db811f13,delivered,2018-07-30 19:59:14,2018-07-30 20:10:15,2018-07-31 13:12:00,2018-08-02 20:14:51,2018-08-07 00:00:00
4f3ca5ff0917ab7f5c33e83a98ca7a83,746047d2a62ce1a4813b29d7dc1be6f6,delivered,2017-10-05 18:56:26,2017-10-05 19:07:12,2017-10-09 15:57:58,2017-10-19 17:51:24,2017-11-01 00:00:00
088cbb32185a7be453138d87370d1fea,fec0ee5582ea1ee913428817f09e8883,delivered,2018-05-08 21:50:22,2018-05-08 22:14:35,2018-05-09 14:59:00,2018-05-14 22:56:29,2018-06-08 00:00:00
2442686c8ec7cde165c4b56581ccbae0,fe675b33a964a34734880d553ec3107e,delivered,2017-04-06 16:03:32,2017-04-06 16:25:27,2017-04-07 15:19:11,2017-04-12 09:38:45,2017-04-28 00:00:00
344dedf9f07348bf7dcbeb9399329b8d,340dfd9061a94b118456163263515508,delivered,2018-02-09 15:21:41,2018-02-09 15:35:28,2018-02-14 13:26:51,2018-02-28 19:12:51,2018-03-14 00:00:00
ef2165ddd56495b711b9a61098a7e6f2,76b432ca295f27833e5ccb04faec8297,delivered,2018-06-08 13:22:42,2018-06-08 15:31:58,2018-06-11 13:29:00,2018-06-19 20:24:53,2018-07-13 00:00:00
8a2baaa71c6646dbb9ba2e94d7cd0ba1,5143c9c153d2b02550d50c0de423f85d,delivered,2017-02-04 12:48:11,2017-02-04 13:10:29,2017-02-06 09:40:20,2017-02-10 07:34:03,2017-03-17 00:00:00
8ed6d0a29d0344979ce6466cf55fa245,9cb746e19fd648951d95b2044df3e3aa,delivered,2017-09-13 08:42:08,2017-09-14 02:43:47,2017-09-19 19:13:12,2017-09-27 21:22:52,2017-10-06 00:00:00
88768bc53525534c6a8016a7318be286,92ad3fa7e8c36426785e53b628576c56,delivered,2018-08-20 11:16:55,2018-08-20 15:40:50,2018-08-23 11:39:00,2018-08-28 14:50:26,2018-09-03 00:00:00
4aa759af4b1d00704872c9858f500702,eabc7351650d54e0a39b2869b6f0d958,delivered,2017-03-20 21:02:55,2017-03-20 21:02:55,2017-03-23 10:22:18,2017-04-05 10:42:49,2017-04-10 00:00:00
96f08e1a226e8be6f46542c2d6567377,d82cb629b7b1f624a52b434cf9dfaf69,delivered,2017-07-13 17:38:38,2017-07-13 17:50:20,2017-07-21 19:57:40,2017-07-27 19:57:43,2017-08-04 00:00:00
d2edbdf7b05aec925d270f089e79443e,fa23ca3880fe6cadfe125c7d79c7b102,delivered,2017-10-11 14:18:00,2017-10-11 14:42:32,2017-10-18 18:39:49,2017-10-20 19:07:47,2017-10-24 00:00:00
f1b8509dee2f914e33ace8b9555a7e51,27259d491734d9d1b58f97938c0a5c01,delivered,2018-01-10 08:51:29,2018-01-10 10:31:58,2018-01-19 17:47:51,2018-01-25 13:58:42,2018-02-21 00:00:00
828a705e0645673b538e803ca75a29b6,045ce65dc053765839733057c287dbcb,delivered,2017-10-09 21:26:41,2017-10-09 21:49:13,2017-10-20 20:32:51,2017-10-30 21:33:25,2017-11-30 00:00:00
c94821db10df06a6d17a8054d3a0b919,7fea47e002bbb5ec01948f7622d4630a,unavailable,2017-11-22 11:01:03,2017-11-24 03:10:46,,,2017-12-18 00:00:00
0d43520077226a0a081c80ed9ca95751,d0bd3140d8bceb9bc0e830ff2d5fb4b7,delivered,2017-09-10 22:42:23,2017-09-11 22:50:18,2017-09-13 12:57:42,2017-09-26 16:08:11,2017-09-27 00:00:00
f114423a7de9ef07e6944ab372f261f3,93bbd56b1afee41579b1394c6b86679b,delivered,2018-05-22 18:35:59,2018-05-23 02:38:41,2018-05-23 13:13:00,2018-06-07 12:38:20,2018-06-13 00:00:00
1ca9b19a39f0b18a4a1470eba6eb5cda,39003dbbc1288a363449f30527539286,delivered,2017-05-20 11:04:54,2017-05-20 11:15:20,2017-05-22 14:33:45,2017-05-29 10:22:39,2017-06-23 00:00:00
54d744a4410b1edccc36c6d1f1c7e097,e2efaa8052c550fa45d1639dbb6cbeb9,delivered,2017-01-24 13:32:22,2017-01-24 13:45:14,2017-01-27 14:21:27,2017-01-31 05:23:27,2017-03-01 00:00:00
29ae9ab539215f3bbec11770fc3fe299,b2ff451bf35982bf3e2a0a9748335750,shipped,2018-02-13 16:22:42,2018-02-13 16:30:26,2018-02-16 22:18:28,,2018-03-13 00:00:00
140e0c65673552d3d1832a4d8e16d6e9,9cfb0df685121979aeb180fca03b8ae5,delivered,2018-07-10 16:34:43,2018-07-10 17:31:59,2018-07-11 15:00:00,2018-07-12 18:12:44,2018-07-18 00:00:00
b70f6b5a22ff6a89a473176bce5c5f88,6ec400420639805823251b53496cd554,delivered,2018-08-07 16:34:42,2018-08-09 03:55:18,2018-08-09 14:20:00,2018-08-13 15:41:20,2018-08-28 00:00:00
89ab5609dfc901cc9824e0a62cbefe59,f84720b872b43060bf682acf0213705e,delivered,2018-03-01 09:10:11,2018-03-01 09:33:11,2018-03-02 20:56:45,2018-04-26 16:32:49,2018-03-23 00:00:00
5d9e4472d0faefbd6e5243341e12c006,2196eeeb23fbe18de0dabd506180a95c,delivered,2017-12-08 16:34:03,2017-12-08 16:50:47,2017-12-11 16:18:41,2017-12-21 21:16:48,2018-01-08 00:00:00
0c1fd2870ed16e1af74abd3df9833cfc,07dc183e2382a6855b6dba9f7b5a66b1,delivered,2018-03-08 09:27:28,2018-03-09 02:15:35,2018-03-14 01:03:25,2018-03-16 19:44:56,2018-03-26 00:00:00
70dd6272528235d8324f3d154b94861f,a7ce327dd02ea0980cdba4f8f86b77e8,delivered,2018-07-30 11:20:40,2018-07-31 04:05:55,2018-07-31 14:52:00,2018-08-03 22:21:49,2018-08-02 00:00:00
3fcef5a4695061c567a02de2dd0cf7b7,5f2ce2a618a5d5cb6b84b9b1bec126df,delivered,2017-02-17 17:46:01,2017-02-17 17:55:12,2017-02-22 09:20:00,2017-03-03 08:34:16,2017-03-27 00:00:00
8c72946516d3e28e200d9b9c74077cf5,c7c380be57726214fae319c1057b8429,delivered,2018-01-07 16:49:57,2018-01-07 16:57:24,2018-01-09 21:04:40,2018-01-16 13:38:53,2018-02-02 00:00:00
5dedda64af4ddc15c731da483184f324,423259ded99a71af3c276d1910892e7a,delivered,2017-12-03 23:03:38,2017-12-03 23:31:27,2017-12-12 00:43:17,2017-12-13 21:32:31,2017-12-20 00:00:00
0ed075d458580877f351a97fb027b94d,7e3f9722a06c1305e99b853b4ac2d418,delivered,2017-11-19 11:30:19,2017-11-19 11:46:26,2017-11-22 23:07:45,2017-11-24 23:35:10,2017-12-01 00:00:00
5b30d3d26fa80138cf0eeaedf8a3a1a5,ec9f692bcf69b9345ff6815a3360a719,delivered,2018-08-14 09:42:40,2018-08-14 09:55:22,2018-08-14 14:21:00,2018-08-15 22:38:38,2018-08-24 00:00:00
d028e9aed5cc947eca3f3ad6e3815d17,8ab265b68e45adf3a9d8e7fd0df8815d,shipped,2018-03-24 07:56:52,2018-03-24 11:28:14,2018-03-27 22:24:57,,2018-04-18 00:00:00
d3704905336bdc5710b2bc0b55d9aad1,5a2c7356585fe56576d1408efa029ae5,delivered,2017-02-20 09:34:18,2017-02-20 09:45:18,2017-02-21 12:32:25,2017-03-07 11:44:39,2017-03-23 00:00:00
126b56e36148dafa96b5705c766ab2c0,33add7528833f57795e0549ea17dd0b3,delivered,2017-03-02 12:17:57,2017-03-02 13:06:05,2017-03-08 14:49:41,2017-03-15 13:10:12,2017-03-27 00:00:00
2f82268fc803f315fbe873e96f48a60f,28dafe3752a955e9eb3eda8c9ac7c636,delivered,2018-02-09 10:42:18,2018-02-09 10:55:45,2018-02-09 21:41:51,2018-03-02 19:46:51,2018-03-15 00:00:00
d26d3c2ce95e774ffdc61670435851a3,ddacf2512f919ae6e0e13fc85190cf4a,delivered,2017-11-11 18:54:23,2017-11-11 19:10:35,2017-11-16 18:42:49,2017-11-22 18:32:59,2017-12-05 00:00:00
25a178eea0cfa9b0489aa1d8294423bf,a53ec76853cbe552fcbf1e1745b37c7b,delivered,2018-02-22 16:35:31,2018-02-22 16:55:52,2018-03-01 17:36:45,2018-03-23 01:11:10,2018-03-08 00:00:00
a6ab143f24e590dc7c72a62bc4eab3af,5ec380e68c105ab6d4800a13cbbe6593,delivered,2017-07-05 12:01:32,2017-07-06 07:15:24,2017-07-13 20:44:52,2017-07-24 14:52:38,2017-08-02 00:00:00
81c75e6fe26085262f147cf6a6c0d367,bc9496f591b527b0b165c0f8908633a1,delivered,2017-12-30 13:43:48,2017-12-30 13:54:26,2018-01-02 19:10:16,2018-01-10 20:57:57,2018-01-31 00:00:00
8b2f26bb118efedc4e82ab2f14f64106,8a337d8b00d61bb535a26fe68db50a11,delivered,2017-10-02 16:41:43,2017-10-04 02:43:59,2017-10-09 21:24:08,2017-10-13 23:44:05,2017-10-24 00:00:00
7be1e90857091733dbf1e7d916c84e01,8671986388f0f80dd9df3a6ed04d9a45,delivered,2018-05-30 16:57:26,2018-05-30 17:57:34,2018-06-01 13:23:00,2018-06-12 17:51:16,2018-07-03 00:00:00
3e2a7096b199939e9fde66eba27073d3,1bda61a5d797758b542169dad729f429,delivered,2018-06-05 22:05:33,2018-06-05 22:15:14,2018-06-11 14:23:00,2018-06-29 17:32:52,2018-08-03 00:00:00
8f9e4c43b4ee0c8602047172d10b1c60,67951da1554fb17670e4c76c400c79bc,delivered,2017-08-04 15:24:53,2017-08-04 15:35:34,2017-08-09 19:16:07,2017-08-25 19:50:04,2017-08-28 00:00:00
8fa85bf6771df762a00a7960ab300f1b,b8573f83c3ba6abfabadfe32bf332f99,delivered,2018-03-17 16:20:34,2018-03-17 16:33:13,2018-03-21 00:07:29,2018-03-27 16:06:09,2018-04-05 00:00:00
a59244db9c00a55a76803349b21f244d,b82f3c3423d8ffd289353c912be332f0,delivered,2018-07-24 02:10:35,2018-07-25 02:35:15,2018-07-25 14:49:00,2018-07-30 17:50:44,2018-08-08 00:00:00
2b473386b4243407da363718a2a382fa,15643864e18a9fcfad07392e13e28c55,delivered,2018-06-05 02:14:49,2018-06-05 02:30:09,2018-06-05 08:18:00,2018-06-12 18:24:35,2018-07-12 00:00:00
cd0b541e98a2f6e67bffc5850969ac2e,23f3d019173ff48ce15b82adb8c38927,delivered,2017-12-06 11:32:40,2017-12-07 03:13:05,2017-12-07 19:41:41,2017-12-15 19:55:04,2017-12-29 00:00:00
561f47f3e381d23b5ba7853460adf093,798515ecaf12e2e595906816414668b3,delivered,2018-01-23 10:52:50,2018-01-23 11:10:29,2018-01-29 19:19:01,2018-02-08 16:37:54,2018-03-05 00:00:00
2113e9503e6160f8ec18ad18d9bed051,434bd07e12c6a81c88bbf7e38022d11a,delivered,2017-11-30 00:24:57,2017-11-30 01:31:16,2017-12-04 17:56:58,2017-12-23 17:46:38,2017-12-26 00:00:00
e9f573bc6f9490a5bbdcc3855de7d47a,94f83cf85d6980bf1b09c706498a57e8,delivered,2018-01-02 13:17:32,2018-01-02 13:27:36,2018-01-05 21:09:09,2018-01-12 14:41:49,2018-01-22 00:00:00
245a8cb9d360630691eb4449b1994017,f5aa85925c87d4706170811c0fa7c779,delivered,2018-06-06 22:26:33,2018-06-06 22:53:06,2018-06-07 08:16:00,2018-06-09 16:09:53,2018-07-03 00:00:00
f352ac1d5c7a30a8108382cdb40facc6,fc40e6031c71c3809e29bddd7fe948bb,delivered,2017-12-07 10:13:48,2017-12-07 10:30:21,2017-12-12 20:26:41,2017-12-18 19:32:38,2018-01-10 00:00:00
e9806eb26422c1a8b79d49a2c74e6f20,005c36bfaa8710aaf61e4b1712ccd658,delivered,2018-03-13 14:49:08,2018-03-13 15:28:39,2018-03-14 20:38:43,2018-03-18 12:06:50,2018-03-29 00:00:00
213ad5719ed8d1e0192c3c129b76a34c,cda1c1832e5cd712bf3a1aaa333514a3,delivered,2017-11-28 08:57:24,2017-11-30 16:15:18,2017-12-01 19:12:57,2017-12-14 20:19:35,2017-12-20 00:00:00
884082cba8cfd079bc60c7b66d252aa3,a837d50248732f4bc3d0fb03d01fe9c5,delivered,2018-06-29 17:19:58,2018-06-29 17:35:12,2018-07-03 15:28:00,2018-07-04 19:34:46,2018-07-16 00:00:00
dc70e9ac18df7e49a5a51fb2ec9a5b02,614d9a35ed61c7af987910b2ff13c6a3,delivered,2017-08-23 16:43:28,2017-08-24 16:50:19,2017-08-25 16:31:42,2017-09-05 17:07:05,2017-09-15 00:00:00
1e13bca551a3fd095b40e24798569805,423852dab82b7c8333f71b06f3a6fd77,delivered,2018-03-21 11:17:37,2018-03-21 11:30:19,2018-03-23 02:18:55,2018-03-28 16:53:38,2018-04-19 00:00:00
dd7a2547b78d9bca7b125dfc5de75fb4,60cdcc92955679b95bc3f9a23b2331e6,delivered,2017-02-26 22:01:17,2017-02-27 01:05:14,2017-03-01 11:49:06,2017-03-06 06:37:42,2017-03-31 00:00:00
f1bacd724876b18375e9d4b7426ccc0c,f76e2175ea0b49615d38d4f67f76b914,delivered,2018-02-26 14:13:19,2018-02-26 14:29:52,2018-02-27 23:05:36,2018-03-27 23:29:04,2018-03-29 00:00:00
456115679f3b40b36e79c9d0713bcc9e,315218f1c9ab6d8def6f51aec63eb190,delivered,2018-03-23 15:41:14,2018-03-23 15:55:33,2018-03-29 21:18:47,2018-04-12 17:46:31,2018-04-26 00:00:00
98bef220eda3e37b6ace2f7f891507a0,3fd2f6804eb8a6abdf0cc0ea5a4cbb80,delivered,2017-05-02 01:28:48,2017-05-04 03:03:01,2017-05-04 13:28:42,2017-05-10 05:17:58,2017-05-23 00:00:00
16859c16cad5082b592ab0ecc7234a71,98921ed88136ffc55bfdcf6888dc552f,delivered,2017-03-19 22:03:40,2017-03-19 22:03:40,2017-03-20 14:23:04,2017-03-23 10:21:49,2017-04-11 00:00:00
7bd6f884504774c544ac34655eb8953a,210a7c0c901c3122cd7624f479b8b5ae,delivered,2018-02-22 22:18:10,2018-02-22 22:30:24,2018-02-23 23:52:33,2018-03-22 21:54:26,2018-03-26 00:00:00
34b6e91cc3c7e9bff425f3be9f5b0b98,6163b8118780f6c45ed62592c11dceab,delivered,2017-11-30 11:03:16,2017-11-30 11:11:34,2017-12-01 18:33:39,2017-12-14 13:37:18,2017-12-28 00:00:00
d994b8ab8cf4f90523706c4b34190ac4,5d3bef65febabb096f61f20bb73f4597,delivered,2017-12-18 17:12:58,2017-12-18 17:19:25,2017-12-22 22:38:37,2018-01-03 16:07:09,2018-01-16 00:00:00
78413cdeaf9f8c1b3eedb014ef477976,21ef1bd33861d802ea6a9126730d9385,delivered,2017-09-23 10:58:20,2017-09-23 11:10:14,2017-09-25 14:17:22,2017-09-28 17:40:12,2017-10-10 00:00:00
575cf745e50a19f7d43cb7831c5c76ed,4dc6615418c35ea2ba535531549b13ed,delivered,2018-04-05 22:35:47,2018-04-06 18:50:13,2018-04-09 19:32:10,2018-04-10 11:35:47,2018-04-20 00:00:00
8564695f6dfb1c4384d76dcf8e96ca35,268618e50b74d8bcdd12b134768be28a,delivered,2018-05-03 09:44:40,2018-05-04 10:15:18,2018-05-07 15:05:00,2018-05-11 16:56:49,2018-05-22 00:00:00
8482db481fb923fa01849e765265eeef,64698a6bfdec10409f62b5842662e500,delivered,2017-11-20 15:24:49,2017-11-20 15:32:32,2017-11-22 21:12:09,2017-12-04 18:58:06,2017-12-11 00:00:00
fe1330694965e065fb84b10ad9d67dc2,5ec5dfebd4bcc4ac451554aff812cdba,delivered,2017-08-25 10:39:59,2017-08-25 10:50:17,2017-08-25 19:37:37,2017-08-28 16:20:10,2017-10-06 00:00:00
2bc4e677f1913a63cf631fa0e18c1525,7f808ce649c66a61c4a2ef4a19c2e86d,delivered,2017-10-22 17:26:41,2017-10-22 17:49:08,2017-10-23 19:48:51,2017-10-24 22:42:56,2017-11-03 00:00:00
113e0c165fdf93f9e1017dae01292548,8ed69cbab6a80fa4eb8ccb13bee2e667,delivered,2018-04-01 16:19:09,2018-04-01 16:35:18,2018-04-02 19:34:51,2018-04-03 21:33:02,2018-04-13 00:00:00
d7a4dd36126c5376d72caabe9d482682,92d0abf92366767e07017c0ca5e49799,delivered,2018-07-17 09:25:25,2018-07-17 09:41:14,2018-07-19 14:09:00,2018-07-24 22:04:26,2018-08-02 00:00:00
3d0ee541428b71a2e6a7039416cfa675,b578441a6b94f819fcd49acf5264c16d,delivered,2018-06-20 14:33:12,2018-06-20 14:58:52,2018-06-21 14:19:00,2018-06-29 14:47:48,2018-07-24 00:00:00
fd4a2838bede5695c44824f56cd274f2,3388c73c5d3f13df78553a7503c67547,delivered,2018-07-25 15:55:24,2018-07-25 16:05:20,2018-07-26 12:19:00,2018-07-31 21:38:46,2018-08-14 00:00:00
43cc7aac762dbd5d93a8354a946d85d9,d4b39e7665072457e7ef461a39cabfed,delivered,2018-08-05 08:03:50,2018-08-07 04:45:19,2018-08-07 11:52:00,2018-08-10 14:04:57,2018-08-17 00:00:00
fc3830b4f000e216dc581df9a0e873e2,63b5f3444071954ac6c800ac04644793,delivered,2018-02-24 19:11:42,2018-02-24 19:27:17,2018-02-27 04:16:59,2018-04-24 16:08:29,2018-03-27 00:00:00
5ed946893f9d36c172fc9bbbf31fcf0d,6c07c8a3a6cb8b630dcbf91da2cef379,delivered,2018-07-31 19:19:45,2018-07-31 20:20:12,2018-08-10 15:12:00,2018-08-24 01:22:28,2018-08-17 00:00:00
4509ce51e5c9ab113add9aac39e97512,fca741e95dd4f6e819bf0b52f5db1c51,delivered,2017-07-04 10:56:11,2017-07-04 11:10:22,2017-07-04 15:23:22,2017-07-10 18:37:34,2017-07-27 00:00:00
6779a7a489f7ad48ffd7ac5472345008,4266afca0c5320ef5a9ea1e12fe55b69,delivered,2018-06-05 19:54:24,2018-06-05 20:12:23,2018-06-06 19:02:00,2018-06-07 14:19:00,2018-06-29 00:00:00
bee3bdf96f440b4049e95e8eb6f64dc0,357bce4410edc8454d9c1448f5664305,delivered,2018-01-29 19:05:28,2018-01-29 19:15:32,2018-01-30 18:24:04,2018-02-08 17:28:28,2018-02-20 00:00:00
ad832112a0196e5b8a13913809ce4bb3,a39c552f30cd1264f0a5d5b351726d57,delivered,2018-06-18 22:46:52,2018-06-18 22:56:22,2018-06-20 10:26:00,2018-06-26 22:31:03,2018-07-13 00:00:00
d5327cd12ff03acd894459da5fdd2511,5cba34aee6ef2cdb57fe60ed3a7cdd8b,delivered,2017-12-25 17:14:48,2017-12-27 04:08:44,2017-12-28 17:26:48,2018-01-18 23:26:50,2018-01-22 00:00:00
4db75bd1ea5ff7061d7e6d7e76328073,35273bc197dae9984f65ccc22835ad02,delivered,2017-12-12 19:48:27,2017-12-12 19:59:29,2017-12-15 14:26:46,2017-12-29 19:58:18,2018-01-16 00:00:00
4eb3a441cbc81bd1c7d4449e569ae605,79a8a1cf74f02d3c312f7543733b8c85,delivered,2017-03-05 23:01:56,2017-03-05 23:10:20,2017-03-07 06:57:52,2017-03-15 15:11:54,2017-03-23 00:00:00
e146941ec77679464470ab928ee96e9d,2dd5f3fede0695d08c7f287426aa666d,delivered,2017-12-16 20:49:33,2017-12-19 09:53:39,2017-12-28 16:02:37,2018-01-10 18:10:06,2018-01-16 00:00:00
7e7de734d9281a551ad36b6ea7fd0939,c9bf1c2a35cb8d2db90b70005b4ac102,delivered,2017-11-09 20:21:18,2017-11-09 20:35:27,2017-11-14 22:03:09,2017-11-23 18:08:59,2017-12-06 00:00:00
354a8fcde21bec79e0aa3a50dd54d72f,7928c61e59aa688fdb5a7b06f21dd431,delivered,2018-07-15 13:04:04,2018-07-15 13:15:14,2018-07-16 14:08:00,2018-07-27 22:31:53,2018-08-29 00:00:00
a52aee7a6ea186be5b8217b9f7f93536,1c1df7dcccdd2656e83e5860953929ec,delivered,2017-03-01 10:56:53,2017-03-01 11:05:25,2017-03-01 12:13:06,2017-03-16 08:14:23,2017-03-28 00:00:00
0d604e02c2216379b914f6ff1aadf8b4,d4cd2afe9a47a2d31ca0ec9495ff7dcd,delivered,2018-02-10 18:08:28,2018-02-11 18:08:25,2018-02-14 15:53:21,2018-02-28 18:29:10,2018-03-14 00:00:00
e53182bbd948b07916ff86a2b55978d7,463b9e51b7530105dbaf4649dd8edf99,delivered,2018-02-02 13:47:56,2018-02-02 14:51:49,2018-02-06 21:26:50,2018-02-16 15:25:02,2018-03-02 00:00:00
5672fc8f50b8761ce7d2a3ec4ffc2b52,a1931e533b6f995e49dba248308bf26f,delivered,2018-03-05 14:02:45,2018-03-06 03:35:34,2018-03-09 02:47:24,2018-03-19 18:33:21,2018-03-28 00:00:00
1bebe97e9df4ee15bde39be078e3158c,e02861f7da5b2de55526846767d8a44d,delivered,2018-03-14 23:24:39,2018-03-14 23:35:24,2018-03-15 16:07:47,2018-03-21 00:05:22,2018-04-03 00:00:00
f8d3de615070f9c52f027d7261cbdadb,cc8e327d0cd978f764672975bd8e32ff,delivered,2018-05-18 12:42:57,2018-05-18 12:57:45,2018-05-18 15:22:00,2018-06-06 18:11:56,2018-06-14 00:00:00
3d5315f37b47c3b1d6a340014b809cad,0095d34ddb16f0d0776fc9f2a341dfcd,delivered,2018-01-13 09:28:26,2018-01-13 09:37:27,2018-01-15 17:22:41,2018-01-25 19:41:11,2018-02-07 00:00:00
4b257c5e6346b9b382c18364d6bf51c3,8f5c9f05443d58876bb8a1db1361cb98,delivered,2018-04-27 16:56:30,2018-04-27 17:51:28,2018-04-30 16:36:00,2018-05-04 15:35:43,2018-05-22 00:00:00
382b9a329506a02938a67de41483aca1,2d5046b19aab3e813d3ac54f8bcf0481,delivered,2018-06-24 11:22:38,2018-06-24 11:35:50,2018-06-26 17:22:00,2018-06-27 13:31:17,2018-07-05 00:00:00
9e536c5c989c3bc5667dde34c3490e0f,e9bcc0ba339fc79fdcabb987eb0ff722,delivered,2018-02-16 11:19:10,2018-02-16 11:30:37,2018-02-22 20:29:03,2018-02-23 15:13:32,2018-03-05 00:00:00
6b419016e8a779f8cdf6ee2f5ffb3b16,ab55ce847bcf2437caac0b471f3b826d,delivered,2017-04-30 19:04:30,2017-05-03 11:15:41,2017-05-04 14:06:49,2017-05-17 13:34:30,2017-06-01 00:00:00
a7cf730b181e6cad8b924251402d001b,56f515316cc5a6a5dea32f233e73fad8,delivered,2018-07-30 11:58:55,2018-07-30 12:30:53,2018-07-31 12:06:00,2018-08-10 15:24:05,2018-08-10 00:00:00
0691840826e5dce3ddfb305ab26bcfab,c4df73f215e54692735130c2e738c177,delivered,2017-03-10 17:55:31,2017-03-10 17:55:31,2017-03-18 07:23:58,2017-03-21 12:47:55,2017-04-12 00:00:00
c6a2bdf8fa25475ae4031f5138c716fc,8d2c23936bd043095fced5ced7fc3bc6,delivered,2018-08-14 17:09:50,2018-08-14 17:25:22,2018-08-16 12:15:00,2018-08-17 16:50:33,2018-08-24 00:00:00
5351f503c54ee55d453e848ab9b922cc,3630d5cbfe4ca876909fde0c7c90068f,delivered,2018-06-23 16:35:10,2018-06-23 16:58:59,2018-06-25 13:12:00,2018-07-04 16:02:18,2018-07-20 00:00:00
9815e3ce8d1f9d25cf9f0c6103a10aca,86f5e4e2914cb2be1b17a9f00508c0bd,delivered,2017-11-05 17:00:19,2017-11-05 17:11:21,2017-11-06 21:02:12,2017-11-10 19:58:37,2017-12-04 00:00:00
5d909102ebc265d8d1dbb49204b5757a,cbe54a9694c81b90f1930a589d1cd7ac,shipped,2017-08-30 15:02:27,2017-09-01 02:30:22,2017-09-01 20:07:39,,2017-09-22 00:00:00
afa48e09396661173e0b57a4710203be,271532309e979a92079b633ba44e03f5,delivered,2018-02-14 10:53:01,2018-02-14 11:10:46,2018-02-15 19:25:05,2018-02-26 23:37:32,2018-03-12 00:00:00
832bbf6ed9792bf0ddeca0d0c0d332b5,32c3fa602f85c45a42a760bf14fa4496,delivered,2018-04-30 17:27:18,2018-05-01 02:52:46,2018-05-07 12:31:00,2018-05-10 14:22:37,2018-05-24 00:00:00
f67ff07d5c1841e866008c1475182efd,d12bb8ff8958d5df4b3cb1097be34ebc,delivered,2018-03-31 08:50:01,2018-03-31 09:07:58,2018-04-02 18:13:19,2018-04-11 23:03:18,2018-04-24 00:00:00
45c234fbd00219f935e5b58fb7a3ccc5,7dc8f3e38bcf588489577957f32c3808,delivered,2018-05-09 20:21:04,2018-05-09 20:35:24,2018-05-10 13:26:00,2018-05-16 18:02:42,2018-05-24 00:00:00
cb7a2c6ea8712ab4fcb4f1c66a6ca274,ad5edcf8926b909a6d4f7a5290c8c3d2,delivered,2018-04-17 14:46:47,2018-04-17 15:09:21,2018-04-18 21:49:28,2018-04-30 18:27:46,2018-05-16 00:00:00
0f12ca500bf6d01bb6283378c882b299,6f0be196c8d2d943f720d247ab3ac1eb,delivered,2017-06-13 14:34:33,2017-06-13 15:05:19,2017-06-16 04:17:52,2017-06-19 16:46:03,2017-07-04 00:00:00
084420ecc28fd09f04b4d0c5fa9929e1,90ba3da08cd3de66690ac220e19e6cc3,delivered,2017-05-23 13:53:50,2017-05-23 14:03:21,2017-05-24 09:03:21,2017-06-08 14:03:12,2017-06-23 00:00:00
fbbc9a4fa88f1ccd651790df665b3e57,eba930c3950c6964961c7c72f7f6a461,delivered,2016-10-04 13:30:13,2016-10-05 02:45:16,2016-10-09 02:45:17,2016-10-28 17:05:47,2016-12-02 00:00:00
c6e387c037a56bdb072d10c85f3f9fef,f1e32fb88dcd5796930da1b8d162494c,delivered,2018-08-05 22:15:47,2018-08-05 22:30:09,2018-08-07 14:02:00,2018-08-14 00:22:48,2018-08-15 00:00:00
18914d929964317dc0a002fcbbd70d06,e0903e2fa37760c105ccf0847c60aaa3,delivered,2018-03-26 11:52:14,2018-03-26 12:10:36,2018-03-27 22:41:06,2018-04-14 14:52:02,2018-04-20 00:00:00
c45a8b174ec48970c3ab42171bc702fb,46d53525c7c06a217335907695daae66,delivered,2018-02-19 14:49:28,2018-02-21 06:05:38,2018-02-24 18:16:55,2018-03-01 18:33:26,2018-03-12 00:00:00
17efabe89f1697d9968991b0bd44edab,c23a45dc86efd0033431970e766c7d0c,delivered,2017-08-16 23:08:59,2017-08-17 00:55:17,2017-08-17 18:20:09,2017-08-18 17:28:30,2017-08-29 00:00:00
c02737a2fbe69425f792820b6a2a0100,26557dff72f0081407a81906161b1589,delivered,2017-05-25 00:00:49,2017-05-25 01:25:29,2017-05-30 11:59:22,2017-06-06 14:10:44,2017-06-14 00:00:00
48c159ee1d25916d79ad14e2160a0d31,2c370cb2b4ffe454319836fb3c4dcb43,delivered,2018-01-20 15:39:57,2018-01-20 16:00:32,2018-01-23 20:36:58,2018-01-31 20:46:03,2018-02-16 00:00:00
6b75c3e52a1fb04bd0b4f1975febc486,e8bfce998bdf363fe7a15422b17c1597,delivered,2018-05-09 17:04:10,2018-05-09 17:35:59,2018-05-11 14:40:00,2018-05-14 13:49:03,2018-05-17 00:00:00
58700fd516967486aee98fbae1357e8e,788dac11817a875f382a5508401263a6,delivered,2018-05-08 18:49:49,2018-05-08 19:12:09,2018-05-09 16:19:00,2018-05-14 17:36:37,2018-05-25 00:00:00
0830f0655920234ddca71663beb629cb,f2b116ce59897374113843d3aeb83296,delivered,2018-05-23 11:23:55,2018-05-23 12:14:50,2018-05-26 08:33:00,2018-06-08 20:13:49,2018-06-21 00:00:00
b5569f238f8225742a0ca65b827d0456,d4c547df5739177e4e0b58fbf2004186,delivered,2017-12-16 14:02:34,2017-12-16 14:10:26,2017-12-19 22:33:32,2017-12-20 20:28:57,2018-01-05 00:00:00
4a24776627df4bc781c16431b844580b,a2d6e6b9e568d043e74f9f63655869c0,delivered,2017-12-18 19:58:34,2017-12-18 20:58:28,2017-12-20 00:48:24,2017-12-20 22:24:28,2018-01-09 00:00:00
0646e0e4885dd8c69dddd6b2742b3b1b,c1f4934a2867529428088c9305287625,delivered,2018-02-07 14:58:06,2018-02-07 15:11:18,2018-02-08 23:22:02,2018-02-21 16:28:55,2018-03-13 00:00:00
3c6994e721ea58dd051b6e7d3a4796dc,0a6591b5ec17ea92540a164d1cb6f495,delivered,2018-04-26 17:28:25,2018-04-26 17:52:39,2018-04-27 13:38:00,2018-05-03 19:48:25,2018-05-24 00:00:00
916c2499702d55aec9cbad34aedd29ec,153b331aeacbfe9836a87b7d75a4bb2c,delivered,2018-02-14 15:02:34,2018-02-15 16:30:31,2018-02-23 17:06:07,2018-03-08 21:58:30,2018-03-15 00:00:00
d39ad9ed7c8e172c6d6652a7480c7dac,9bbe61b2cd24f71cff01923e6fa61a0f,delivered,2018-05-22 17:44:23,2018-05-22 17:56:36,2018-05-23 13:51:00,2018-05-29 16:38:33,2018-06-11 00:00:00
5e99406dbc4e63affa6367a3fd43c8af,ba4243d5a61ab6bd9ec539b7dacfb04c,delivered,2017-07-27 23:02:38,2017-07-27 23:15:06,2017-07-28 14:32:45,2017-08-03 22:34:55,2017-08-18 00:00:00
3ccf1aa4144993ddec8287ef8ee0a107,0c13fc247a33558383e51e9021100f94,unavailable,2017-04-08 00:08:18,2017-04-08 01:01:21,,,2017-05-10 00:00:00
9d8065ae4c6f5725ee052d02ab00f64e,cc6f32c57316a3ecd76524cc0af10794,delivered,2017-03-30 16:36:12,2017-04-04 05:50:26,2017-04-04 14:53:57,2017-04-10 11:00:04,2017-04-27 00:00:00
1051beca8c58b0961d179647df1deed5,a43fe83066c22526686da7a8a080b5b1,delivered,2017-12-19 15:54:17,2017-12-19 17:31:31,2017-12-20 23:58:58,2018-01-02 15:17:51,2018-01-17 00:00:00
7f3dea4e160ba52140314c22ca67f1b3,12c3f6d88b89c5152b931cc20c797896,delivered,2018-03-08 16:13:01,2018-03-09 14:15:27,2018-03-14 00:51:37,2018-03-27 20:22:21,2018-04-06 00:00:00
1f5135a8f9c333ed6694338740b9fca2,58d0bd849f93e7fdc6dd79e62125e668,delivered,2018-03-07 11:05:55,2018-03-07 11:15:57,2018-03-08 19:38:31,2018-03-28 14:29:06,2018-03-29 00:00:00
529abc5277ea995c10bae0fa1ffbe39b,1dbf8bbbc0b4a327e012452d038ce1c5,delivered,2018-08-21 08:08:54,2018-08-22 03:35:21,2018-08-22 13:09:00,2018-08-25 14:15:34,2018-08-30 00:00:00
1335770a97f98c72818680ee3ff1d00a,6fc7836276b8f6772133106f0d3bbe55,delivered,2017-08-21 12:19:16,2017-08-21 12:30:25,2017-08-23 20:59:46,2017-08-28 14:41:40,2017-09-01 00:00:00
da708bf3b3d18eabce89e0b1d84588d6,5f6bf39c32d968a0d4973f5172135f0a,delivered,2017-12-02 21:51:30,2017-12-02 22:05:35,2017-12-06 21:33:43,2018-01-18 15:22:45,2018-01-03 00:00:00
dade40d579e42a82a4744858cb60194b,50d1dbd71843c3b75aeeba7e4fd841fc,delivered,2017-09-28 10:31:40,2017-09-28 10:50:14,2017-09-29 19:28:57,2017-10-09 19:49:54,2017-10-26 00:00:00
4b8e1bc1ffc144019ac363ecc5236493,115b6f4638633b24cc0224855cac1198,delivered,2018-05-03 18:46:39,2018-05-03 19:10:31,2018-05-04 15:43:00,2018-05-10 02:08:49,2018-05-30 00:00:00
7060af1357b2b39a2545d6f54b30c774,ef88187a0432a68c69a1bb4c27269999,delivered,2017-10-03 19:53:51,2017-10-03 20:07:12,2017-10-05 20:59:55,2017-10-10 21:04:07,2017-10-27 00:00:00
d6f91def52c69db1d3e017ced033ba87,cdb52b6ba19c4ce0374834096b3cb42a,delivered,2018-07-09 17:18:09,2018-07-09 17:30:14,2018-07-10 12:37:00,2018-07-14 12:23:41,2018-07-24 00:00:00
88cd032b0694e1962f187443cee16c68,0f2eeadf9d52a85421167c42208423ac,delivered,2018-04-24 15:05:10,2018-04-24 18:29:58,2018-04-26 06:13:00,2018-05-02 22:12:59,2018-05-22 00:00:00
ee3a623a32094351b321bdbb22394aac,3196c3beb3aa69cc28f80f8b91eea45b,delivered,2018-02-10 21:38:00,2018-02-10 21:50:34,2018-02-15 01:25:23,2018-03-01 14:42:46,2018-03-08 00:00:00
f8ff98a36706c66da3a3f060a0ec3141,5da482ec6bdfb14e5eee98fb3e445280,delivered,2017-02-10 12:04:19,2017-02-10 12:31:50,2017-02-15 14:11:29,2017-02-23 10:53:57,2017-03-17 00:00:00
885c678a9ef215e384152a0b5c203552,02be46fd7da5d6db853d074afda49477,delivered,2017-12-21 20:01:58,2017-12-21 20:14:23,2017-12-22 18:14:00,2018-01-04 16:49:33,2018-01-22 00:00:00
aa9807c58e870fca0fbe582723264ed8,07a0f2cfb244ec5172ac0fbec747a6f2,delivered,2018-04-13 10:30:29,2018-04-13 10:50:19,2018-04-18 20:16:32,2018-04-27 19:32:29,2018-05-11 00:00:00
9035877d2e93658af3491ddef9ce8bef,a0f2152065622633e1a612832a2b84c0,delivered,2017-08-21 20:19:34,2017-08-21 20:30:26,2017-08-22 19:13:46,2017-08-30 18:17:53,2017-09-13 00:00:00
b18d6e6d7db27e38864c85a322985f77,fc97bd7a3619d6054f9443e2373391ce,delivered,2018-02-10 23:37:04,2018-02-10 23:48:25,2018-02-14 19:36:49,2018-03-08 21:06:33,2018-03-13 00:00:00
dd0710bca2d815cf18148d1d9859fb3b,0d810a6e368123cbfa379829fa577fa5,delivered,2018-03-13 14:44:11,2018-03-14 02:48:54,2018-03-15 17:13:04,2018-03-17 01:28:26,2018-03-23 00:00:00
1a8c264f168671d7d308cfbad9e54a97,836affa20111b7c25d6b51e6b8b9652a,delivered,2018-04-29 10:15:43,2018-04-29 10:34:55,2018-05-03 09:17:00,2018-05-09 22:29:00,2018-05-23 00:00:00
1973095f2596945f9dcc773608d8cad2,412d6c1ff4aa0c2a06f3dca0b237e464,delivered,2017-02-08 21:42:21,2017-02-08 21:50:25,2017-02-09 10:31:05,2017-02-13 22:55:29,2017-03-09 00:00:00
c0f23917399cf4c9d0828ab1e16c86c6,ca92cc3dfe0de482fc21d131dde8d1b2,delivered,2017-12-14 16:15:34,2017-12-16 16:14:24,2017-12-19 22:59:27,2018-01-03 13:27:25,2018-01-09 00:00:00
b6be905f6deafa5ddd73c0152e4d4b3b,1c551577e8bbbcdb2f249d626bf53c66,delivered,2018-04-23 16:53:50,2018-04-25 03:15:17,2018-04-25 14:20:00,2018-04-30 19:32:12,2018-05-15 00:00:00
3f6a8913c968855b8dd129dabbaae898,acca97f4d0abe8dafafd927ef3672311,delivered,2017-10-30 01:00:25,2017-10-30 01:15:12,2017-10-30 21:37:56,2017-11-07 21:44:53,2017-11-24 00:00:00
69d4294063f1e2fbebd209b66859d9af,1bd1e6d22759c7888a77e7b769be18e3,delivered,2018-01-29 22:29:48,2018-01-29 22:53:28,2018-02-03 17:14:30,2018-02-16 17:19:04,2018-02-23 00:00:00
bd83663c5988e9ca4ca46398be4678b4,5811b9da44294be51b789311b0a3347b,delivered,2018-02-28 19:25:05,2018-03-01 17:35:25,2018-03-06 23:33:06,2018-03-20 02:07:26,2018-03-22 00:00:00
552e0a8dae101e32155120202f427b71,d1167e026b86aff77a4599738bf972dd,canceled,2016-10-09 11:23:21,2016-10-10 08:35:12,,,2016-12-12 00:00:00
74f833bf7c70ce8c3f820f725c213e1c,fffc22669ca576ae3f654ea64c8f36be,unavailable,2017-06-30 11:21:11,2017-06-30 11:30:20,,,2017-08-01 00:00:00
1deac17b4e5cbe75d56fd0d33882ea20,4c561ffd312db62fc188efa729a06a0f,delivered,2017-08-03 17:02:03,2017-08-03 17:25:15,2017-08-04 15:05:54,2017-08-15 15:19:59,2017-08-25 00:00:00
31872f695709e7f0758597816a444cf2,38960f9258200778a67efec78cad0f77,delivered,2017-11-26 01:29:52,2017-11-26 01:37:48,2017-11-29 20:41:12,2017-12-07 17:59:03,2017-12-15 00:00:00
7427328e71c167789ed4cc67e9f7a336,47d33f5d74774737d2989610a84d1150,delivered,2017-11-19 16:02:53,2017-11-19 16:15:25,2017-11-22 22:58:27,2017-11-26 13:43:12,2017-12-05 00:00:00
65fa0c3f03d571db6d7c52f069c1fb15,a60109add62e2f52526eb5cc00aac707,delivered,2018-02-26 09:41:21,2018-02-27 04:31:08,2018-03-02 18:27:31,2018-03-06 20:21:58,2018-03-20 00:00:00
d70eae092adeb15c5bf4f8aba1819cd2,b532f55f394823c201ee11287828d37f,delivered,2017-09-30 15:13:39,2017-09-30 15:24:36,2017-10-04 01:35:03,2017-10-05 17:14:49,2017-10-18 00:00:00
684c4647b0588cd3843f5a33ecbc8106,246b9bfa838a807621fd6582f7516283,delivered,2017-09-13 09:12:10,2017-09-15 16:10:15,2017-09-18 17:19:40,2017-09-25 21:29:34,2017-10-05 00:00:00
ce9a38787c8e09ef2239972b3149278c,3052596732f23f7b62734934adec1b8f,delivered,2017-12-19 05:16:33,2017-12-19 06:18:24,2017-12-19 19:16:11,2018-01-06 15:16:19,2018-01-12 00:00:00
f8268f009c38528d7c7840a5d46ef8ca,0c32394f859ee81240ce97610eb2b6af,delivered,2017-09-04 21:37:42,2017-09-06 06:35:13,2017-09-06 20:10:11,2017-10-02 18:13:31,2017-09-25 00:00:00
17d98bdb9b550bc6b435062e09aee717,30855ac5f2f9f4dae0c312cce212cd43,delivered,2017-07-22 02:13:28,2017-07-22 02:25:37,2017-07-24 15:27:51,2017-07-31 19:24:35,2017-08-15 00:00:00
8c0d6c9f5d9beccd28f857ceb4ae162a,d0f6c789d58ed1b6cbc9a20dc5cee270,delivered,2018-08-03 23:23:50,2018-08-03 23:35:14,2018-08-07 10:52:00,2018-08-14 22:21:53,2018-08-16 00:00:00
cb269e12d603437a1a1a1bf4c27c3716,77690d0a12f96fb7df1fc77a890a19df,delivered,2018-02-09 00:48:46,2018-02-10 02:36:08,2018-02-10 17:53:13,2018-02-27 17:04:15,2018-03-16 00:00:00
ad50b3e99e09552a58e32f928d4c0ae2,89dcdb71933e713bf99ebb5dcd092bd3,delivered,2018-04-23 19:20:39,2018-04-24 17:12:06,2018-04-25 10:34:00,2018-04-30 13:18:41,2018-05-22 00:00:00
21b6a31c126b44d94eed3a4ee2e739c6,eee169f64c12a6d94718c77899c8c593,delivered,2018-03-18 20:38:00,2018-03-18 20:50:49,2018-03-19 21:48:37,2018-03-23 02:22:32,2018-03-29 00:00:00
a97278b621a4dd5b9a74995d6f72abfb,3853318e172a57acf28ce004da061c24,delivered,2017-05-07 17:52:22,2017-05-09 09:35:29,2017-05-09 12:44:25,2017-05-19 13:10:02,2017-06-02 00:00:00
04e86e883a36a0775ecb4f34f581770d,5d1fb3630f0ac05b294ead6d1537be4b,delivered,2018-08-20 14:38:47,2018-08-20 16:30:34,2018-08-21 15:12:00,2018-08-28 13:41:56,2018-09-05 00:00:00
026a8d09914c519feb34944477b6bd41,47a9d5ffbfeea9fd0290d4c461d7a169,delivered,2017-08-27 12:57:14,2017-08-27 13:05:13,2017-08-28 18:56:06,2017-09-09 14:03:10,2017-10-04 00:00:00
9c70736fb3a0b0f4432c9fa2798a2dcd,a84a9b8d2b70bff50d9de093b75a0ca1,delivered,2018-06-05 22:29:49,2018-06-05 22:51:32,2018-06-06 11:51:00,2018-06-13 19:12:48,2018-07-25 00:00:00
08662c478bed0444d0515925af759547,e386d59b64144f2d4ec3ec84de244059,canceled,2017-03-20 08:00:14,2017-03-20 08:00:14,,,2017-04-17 00:00:00
e37c6e0e29cea4a2454fbae6a62f2510,ed5ff2f9847b4a2dfef2417593b8681c,delivered,2017-12-30 19:46:45,2017-12-30 19:56:24,2018-01-10 00:55:07,2018-01-20 11:36:26,2018-01-24 00:00:00
6c2d59da80e4b0747579205a5f797713,2ed23d0b14b869317beb27fb9c91db68,delivered,2018-05-02 11:23:40,2018-05-02 11:35:16,2018-05-04 13:33:00,2018-05-09 18:38:53,2018-05-30 00:00:00
25c0c95ad63107ee2478a09c851a6a67,4aca981c051364d3833ef3371b943fbc,delivered,2018-07-11 16:51:27,2018-07-11 17:06:04,2018-07-24 11:15:00,2018-07-30 15:58:48,2018-08-16 00:00:00
fb557db0014de7f9f688c2fc73b5d80f,5fcb697f25738603217969e82ae5db49,delivered,2018-01-19 12:28:33,2018-01-19 12:36:28,2018-01-22 21:21:49,2018-01-25 00:05:08,2018-02-05 00:00:00
65a8df3dfc633bab93334857a125db21,680a424fc0bbea603304b1e6da2a6183,delivered,2018-07-21 16:34:15,2018-07-23 11:31:49,2018-07-24 05:55:00,2018-07-31 18:17:35,2018-08-17 00:00:00
32a9c2b7a764ba82d9f45c94152f4679,62af26009dfc1fafdd4d241afc191164,delivered,2017-12-26 20:59:11,2017-12-26 21:09:26,2017-12-27 22:29:20,2018-01-08 22:55:07,2018-02-01 00:00:00
2122719f6fc72fba16b0b3001d539a7e,9b827375ba57d2e979329d7a5c92685d,delivered,2018-01-16 11:51:45,2018-01-16 12:16:48,2018-01-17 16:49:12,2018-02-06 15:32:02,2018-02-06 00:00:00
0855f6a946e8c4bef27d0ac24e524554,c45b721a4fe80b289c98bab24a42c7be,delivered,2018-02-25 16:48:27,2018-02-25 17:20:28,2018-02-27 15:51:46,2018-05-02 22:06:59,2018-03-22 00:00:00
e79251fae4e104ec51b1ba71a53bed1a,00c32f58ea39ae8132d9b1a32b81b167,delivered,2017-05-10 16:06:48,2017-05-10 16:22:43,2017-05-11 17:05:02,2017-05-18 14:49:57,2017-06-01 00:00:00
d5cac48034e29bfee12d867943eb64e4,425155a11b6f32b0d1978ea628c0b1da,delivered,2017-07-06 10:10:12,2017-07-06 11:50:17,2017-07-07 12:26:57,2017-07-13 16:43:28,2017-07-31 00:00:00
85e425a944864c82f7b772da2ac0e2d4,f2ff0d9dacfcb09769716880fb94eccc,delivered,2017-11-13 14:19:01,2017-11-15 03:06:41,2017-11-16 15:36:59,2017-11-27 19:04:04,2017-12-13 00:00:00
40cd91f7288925344c6b40edd0836c3f,8423a6559b5a7725b82a75775a5acd64,delivered,2017-02-11 19:58:25,2017-02-11 20:10:17,2017-02-14 04:04:25,2017-02-25 09:21:23,2017-03-16 00:00:00
30dfb5b33bf44683be3e2f7df4bdd769,cc02ad21fb07abeabe093734798e43d2,delivered,2018-04-06 18:53:10,2018-04-06 19:09:17,2018-04-09 21:47:35,2018-04-16 21:28:41,2018-05-15 00:00:00
e573367a96703bbbe12a217e5b8b507a,0a294f6feee3dca1eea543e55cd74919,delivered,2017-08-15 21:35:31,2017-08-15 22:15:18,2017-08-17 15:18:29,2017-08-22 17:21:42,2017-09-04 00:00:00
c03a1a47065000233e19e37a01eca310,4dd50db22d8966118f82f5157168f4c6,delivered,2017-06-18 00:06:49,2017-06-18 00:24:57,2017-06-19 15:06:52,2017-06-27 09:10:47,2017-07-07 00:00:00
a542a9cfa2781b4971db13cbb7ac88e2,13c42b04f9582eada34a2cb0401c76f0,delivered,2018-03-13 23:04:33,2018-03-13 23:15:33,2018-03-14 20:32:43,2018-03-20 20:40:43,2018-03-29 00:00:00
6b2134214d3f248bfc733cdf51e7faf2,0f6b9fcb5ee53a6b722144800723d9ca,delivered,2018-01-06 23:41:31,2018-01-06 23:52:20,2018-01-09 18:24:23,2018-01-10 21:22:22,2018-01-24 00:00:00
97d3870e43e40f4dcac70eec95a6b146,6b7021aa2622618c2a5fe9639f8282d2,delivered,2018-08-10 12:23:32,2018-08-10 12:35:24,2018-08-10 12:11:00,2018-08-23 22:48:34,2018-09-18 00:00:00
86c4eab1571921a6a6e248ed312f5a5a,c6695e3b1e48680db36b487419fb0398,delivered,2017-03-18 20:08:04,2017-03-18 20:08:04,2017-03-20 11:57:39,2017-03-24 07:47:55,2017-04-03 00:00:00
bc14e28998f2436b7a9adbaad226703a,6b303d3b8cdd5fbdbeefea8874d5bbe0,delivered,2017-05-24 20:38:05,2017-05-25 03:05:23,2017-05-25 09:31:02,2017-05-31 10:26:54,2017-06-20 00:00:00
3560c6ab31e12b224c896ad27f2f5ecf,ff00aea6569bfcb8e1fecf3f0b0fbd1f,delivered,2018-01-04 23:01:56,2018-01-04 23:11:42,2018-01-10 16:15:54,2018-01-16 19:33:35,2018-02-02 00:00:00
07c7fa36b89dfaf7267abe05818b2322,1dd0b0f0f377a25ba431324492636237,delivered,2017-05-27 09:09:36,2017-05-30 05:02:37,2017-05-31 12:46:35,2017-06-07 16:32:43,2017-06-20 00:00:00
7beaa9cf684b466e527383b1ca40fe07,2bbf7f0d933e52c5f49be30d8cead4a9,delivered,2017-12-02 15:16:36,2017-12-02 15:30:45,2017-12-05 21:22:05,2017-12-18 21:23:21,2017-12-28 00:00:00
920b7ed9f8f073005d0fcea7fe293bd7,069e2c889baa038cfaa80e585474c3e4,delivered,2017-05-31 15:13:26,2017-05-31 15:30:15,2017-06-01 14:05:46,2017-06-22 14:52:55,2017-07-07 00:00:00
d36c9e6c91bc20393532ed865c34911d,32b86a6966300a4fb6b8aac0937b6c02,delivered,2018-01-30 14:41:29,2018-01-31 13:31:57,2018-01-31 22:48:49,2018-02-03 14:03:32,2018-02-15 00:00:00
45f4469896c24f0ab44900f3bc3eac3b,21aa64991ef081388f1b8332dc857f71,delivered,2017-06-13 12:19:10,2017-06-13 12:30:32,2017-06-14 13:25:06,2017-06-19 19:41:44,2017-07-10 00:00:00
606e46b9fdbb0ac8a069541c9223fc19,164baa0609f021bbb59ebed4e637c0f2,delivered,2018-03-26 09:57:23,2018-03-27 04:08:11,2018-03-27 20:48:55,2018-03-29 22:45:28,2018-04-06 00:00:00
455a06b2c87c0974656c52d6f315d56e,884c6fcc38be57b16cbec285de9e6513,delivered,2018-04-18 16:38:34,2018-04-18 17:14:34,2018-04-19 18:19:25,2018-04-23 17:32:32,2018-05-07 00:00:00
fc8a4fcbc1b484046b9ff15de7c73577,48ce8cdeb8bb76e0593b9fcdce0b453e,processing,2017-05-19 16:14:42,2017-05-23 03:55:21,,,2017-07-07 00:00:00
146653c3bdb71372b190b10dbaad0768,29713fe2438293a3a4d777e9760d989c,delivered,2017-02-23 13:41:19,2017-02-23 13:50:12,2017-02-24 09:31:26,2017-03-03 10:54:51,2017-03-27 00:00:00
6a4bb813a7219502638206778564481d,86be5e5905f155c3f5df8928ee78cf54,delivered,2018-05-19 11:16:55,2018-05-22 07:55:07,2018-05-25 08:53:00,2018-05-28 15:46:43,2018-05-30 00:00:00
529a65336debb1c3e3327d7d67dc733d,37b891af1e46170207e5e0dcb2f88dd8,delivered,2018-08-22 18:47:03,2018-08-22 19:04:29,2018-08-23 12:08:00,2018-08-30 20:51:26,2018-09-14 00:00:00
6582bd326c3ec7cbdbb8a6f353187a02,61b6dbfed29a1de3ca3562121987b249,delivered,2018-01-10 10:32:16,2018-01-10 10:49:29,2018-01-11 16:53:21,2018-01-19 00:26:42,2018-02-07 00:00:00
ecc8938463a0c1e33dc2b5d4e1139146,dede24a5c9620b955fe473970014f937,delivered,2018-06-18 23:25:55,2018-06-18 23:57:03,2018-06-19 11:52:00,2018-06-22 15:08:36,2018-07-11 00:00:00
863bc53446a20a42457cad19cabdeef1,9082e3ba2159eab131ecb540d6c3c08a,delivered,2017-10-09 21:29:50,2017-10-09 21:49:30,2017-10-11 13:37:37,2017-10-17 20:09:56,2017-10-27 00:00:00
153c747d415ed770cb8b8e14b85f8df6,9627318bf0b057db5f3f7a30c11b8149,delivered,2018-04-26 11:23:57,2018-04-26 11:35:13,2018-04-26 12:29:00,2018-05-03 20:48:29,2018-05-28 00:00:00
90eaac01afdf4e531a70ad869e092c75,9989fec0cc8309e9afcb1da811943f3a,canceled,2018-06-05 15:15:24,2018-06-05 15:36:54,,,2018-08-06 00:00:00
ef524a601004635e7bd1ec43937e961f,cbf6862136b197affc013850088fbfb9,delivered,2017-10-18 18:20:00,2017-10-18 18:37:22,2017-10-19 21:03:00,2017-10-24 20:12:14,2017-11-07 00:00:00
51e0963a3562ca3d9929bf37f3f07b2d,87cb4db5eac48b869383e2944a2ba62f,delivered,2018-03-19 12:36:57,2018-03-19 13:29:23,2018-03-20 18:02:15,2018-03-29 22:21:06,2018-04-10 00:00:00
840ee6b10ece14a3b4612f72e1fe6c75,83669924eef714e9bb9d979ceb69430b,delivered,2017-10-22 01:00:13,2017-10-22 01:07:22,2017-10-25 18:19:05,2017-11-06 16:31:43,2017-11-13 00:00:00
a429d645df763ec22a5f95121ca76adc,3ace7f95870c2cbbefd8afea56fb3ff4,delivered,2018-02-08 02:07:34,2018-02-08 03:10:44,2018-02-15 00:56:37,2018-02-20 17:48:58,2018-03-06 00:00:00
22c129d6b11c5113aafece4670d8719d,9eb45fdc6a2ce8a586c45c00c905ba81,delivered,2018-02-11 23:36:34,2018-02-11 23:50:34,2018-02-15 22:23:57,2018-03-06 22:49:41,2018-03-14 00:00:00
705bc68dd9abcfe7d39ecf21e897a250,d8b96ce90eca97230eacd6cde064599d,delivered,2017-02-07 14:56:25,2017-02-08 03:10:14,2017-02-08 11:42:21,2017-02-16 15:27:50,2017-03-10 00:00:00
43744ad15fef908c8dfcbd7fec0d786e,e5f3f0577df1f93ff3a2a1544a1c759a,delivered,2017-11-26 00:01:32,2017-11-26 00:21:39,2017-11-27 18:34:47,2018-01-19 21:54:03,2017-12-20 00:00:00
d5cdfc6d738b9bc83cd8931b0805a04e,1d39877e0dfed5772a3ac4b169a1adc6,delivered,2018-04-21 20:29:26,2018-04-24 17:24:39,2018-04-25 01:12:39,2018-05-03 17:58:36,2018-05-18 00:00:00
2b25bdbc985fdd953cced7c3fdf0a2fe,fc97d833da914adb3fc0e265d67afb35,unavailable,2017-11-18 22:23:44,2017-11-18 22:35:25,,,2017-12-26 00:00:00
09f52f8bf94d5676c277ef72ec077c75,d5423abe53211c09b861749714edf109,delivered,2017-08-10 12:51:21,2017-08-11 04:15:35,2017-08-15 20:48:45,2017-08-24 20:45:33,2017-09-19 00:00:00
71b17a1dca06f13bc0c69595e244d3e7,16762c606d8fb8248ef79a8829ced0c4,delivered,2018-02-13 13:27:43,2018-02-14 13:25:29,2018-02-19 17:29:05,2018-02-23 23:52:52,2018-03-13 00:00:00
460e7c2c52aecac706c288aab6a044a0,29ab23f8178580030437fa4cf68111c0,delivered,2018-02-01 17:11:21,2018-02-02 02:54:08,2018-02-02 17:44:22,2018-02-23 22:51:55,2018-03-06 00:00:00
3384b2cb08c73583bc2aaa2aa30fa754,6584b8bd4b16fea35f0561ee43ffbc1c,delivered,2018-08-19 13:41:46,2018-08-21 06:10:11,2018-08-21 15:01:00,2018-08-22 21:18:50,2018-08-24 00:00:00
096577992f6aef252ccc5ae7da09be09,a42447b983a2d2bcb002ec960a183f75,delivered,2018-01-06 11:33:27,2018-01-09 07:19:59,2018-01-15 19:48:04,2018-01-27 16:22:34,2018-01-31 00:00:00
ef550f62ec27edb97da9740b46ebfe75,de4229d4fd98b7118bb6b61817dfe6b7,delivered,2018-05-11 10:41:18,2018-05-11 10:58:15,2018-05-16 14:06:00,2018-05-21 20:21:52,2018-06-01 00:00:00
ad6752c93490621478814d2383b62f89,675e27f6a4dfaf0f608131decc38c806,delivered,2018-06-24 18:49:53,2018-06-24 19:20:10,2018-06-29 13:59:00,2018-07-07 02:56:55,2018-08-08 00:00:00
878a0241d449fe7ea1bec1cf145b9c9b,05b357d5f3d9238e50e813409c956445,shipped,2017-05-31 10:24:36,2017-06-01 03:50:21,2017-06-01 14:38:50,,2017-06-23 00:00:00
7deab6cbf9343cb7de4da33281737c34,8438a6d829c672615ad8ae27f16d586c,delivered,2017-08-09 14:38:26,2017-08-09 14:50:07,2017-08-11 13:36:57,2017-08-21 15:24:58,2017-09-05 00:00:00
6540a36b3dd6a4a0922d5f57d493d9d6,4a5ad00d2abdca6e32331bfa18f35b4d,delivered,2018-01-19 18:52:30,2018-01-23 03:39:20,2018-01-31 18:23:48,2018-02-08 19:48:21,2018-02-22 00:00:00
bf247f0c5b4e3a8993f0e0e1f0d4ff87,31a50cd525a1d809fbc5b380d8ba037d,delivered,2018-01-18 13:08:18,2018-01-19 02:38:02,2018-01-31 23:49:08,2018-02-05 16:08:53,2018-02-02 00:00:00
c5ba516dae0f7c34ba8ad92dad570249,7e65f2e10589a7e3149badfe2d5ccb42,delivered,2018-08-26 21:01:53,2018-08-26 21:15:17,2018-08-27 15:52:00,2018-08-29 15:52:33,2018-09-06 00:00:00
d0f0ec7e22ebd766e50d03a17652d61c,a2c8705843d7d617f4e68ee0f7fc7485,delivered,2017-08-04 10:33:43,2017-08-04 10:50:25,2017-08-04 15:25:54,2017-08-07 16:05:37,2017-08-22 00:00:00
67660568d9fc745c94e03b88efcf3571,a795b1e1b0e2f4f0f620f2579fb2436b,delivered,2018-08-05 14:31:25,2018-08-05 14:45:18,2018-08-06 14:50:00,2018-08-10 21:08:48,2018-08-29 00:00:00
3e08073801107359115073f8d03b595b,c3211ae63a4814cb50a4d202e924fb5f,delivered,2018-08-12 07:47:57,2018-08-12 08:04:27,2018-08-13 12:26:00,2018-08-14 19:02:13,2018-08-27 00:00:00
44c4f29a13457f2c0e36f5520a215609,40f3d39b72c64330683a6cefcd65219e,delivered,2017-12-16 11:27:49,2017-12-19 09:58:29,2017-12-20 22:34:12,2017-12-27 15:04:22,2018-01-16 00:00:00
c7ffd8434c98d275690e80f967a3be3a,755071dd68e519ca13dc77e70fb98710,delivered,2017-05-02 17:07:34,2017-05-03 11:50:23,2017-05-04 13:57:34,2017-05-17 08:32:19,2017-06-05 00:00:00
e46119979412748c23fd41c1e021f924,e9d3dd45dc2b3461b82f3f0ae79eb841,delivered,2017-06-03 18:08:12,2017-06-03 18:22:04,2017-06-09 10:00:16,2017-06-14 14:21:44,2017-06-29 00:00:00
4045e63d7fe9fce2f38928253adf5c2d,3549ac65c13f53f1a5f9bbca1faa3c2b,delivered,2017-11-15 12:06:24,2017-11-15 12:26:27,2017-11-16 16:22:28,2017-11-30 22:21:30,2017-12-13 00:00:00
52932a42bc7180b8f5cea527f7e27a34,b5de40d2baddfd6a1e20226ed8b7db0d,delivered,2018-01-19 13:10:46,2018-01-23 03:36:52,2018-01-23 22:55:21,2018-01-29 19:05:32,2018-02-09 00:00:00
93bed0379e664bd3651c25c95358787b,060e0b4c512c109c094bcfddc0416ea3,delivered,2018-04-12 22:21:56,2018-04-12 22:35:15,2018-04-13 17:32:26,2018-04-21 00:46:49,2018-05-09 00:00:00
2d5adcccaa6ce21103988fcb96940e78,eb5f11a4a8e43ee25254e6b0fa4b078c,delivered,2018-04-04 13:11:58,2018-04-06 03:10:17,2018-04-11 00:32:28,2018-04-18 22:46:48,2018-04-24 00:00:00
674e45aba407b4682730ef7ad708cfad,b04b6615b7d79aa0f12528796729d1f4,delivered,2018-02-14 05:24:24,2018-02-14 05:35:23,2018-02-21 04:09:56,2018-03-08 20:01:33,2018-03-13 00:00:00
054d2d649e0904dbf1f19399094f2826,487a1ff2c6a61d9df9dcd8a94c3914c2,delivered,2018-01-10 15:54:50,2018-01-10 16:10:08,2018-01-11 18:39:53,2018-01-17 22:21:38,2018-02-05 00:00:00
2c440021d0192a2432f4662fc27225d4,c4882b6422ae0112b71542fdd04b7071,delivered,2018-06-13 14:20:45,2018-06-13 14:39:49,2018-06-14 12:34:00,2018-06-19 21:03:50,2018-07-12 00:00:00
b1e54b4e95f856a38246ab5a53b59dbc,5f2b267a486f2c8be982c0281a665937,delivered,2017-08-30 22:40:06,2017-08-30 22:55:12,2017-09-01 19:07:27,2017-09-13 22:13:20,2017-09-22 00:00:00
b1b1b0b5750f064412720744d890eaf0,fa904738e1b854de39ec337a79525be6,delivered,2018-06-11 14:00:46,2018-06-12 09:31:55,2018-06-11 14:20:00,2018-06-19 19:04:21,2018-07-19 00:00:00
b4a600b2f7cc0efe40a086465eca8799,2c03e5b9680aeca26ed87d369d4e097b,delivered,2017-01-26 13:32:04,2017-01-26 13:45:10,2017-01-31 13:59:17,2017-02-08 09:23:58,2017-02-22 00:00:00
efb61fe94b0b5ebe0926dcf8228e29a4,53c26135cf44344a6c00bf51771980c4,processing,2017-07-21 20:13:39,2017-07-21 20:25:19,,,2017-08-28 00:00:00
00a379dfab816a83741012b71b264098,5e3b89299a7d6e3e10f9bc6e77923f88,delivered,2018-08-03 19:50:50,2018-08-03 20:04:20,2018-08-09 13:32:00,2018-08-10 18:18:35,2018-08-08 00:00:00
494b56f3cd3d768dcc9451e48c8ee165,b61d34ab39dbf2f98da1823e2eeb7eca,delivered,2018-08-23 12:04:18,2018-08-24 03:05:08,2018-08-24 14:13:00,2018-08-29 16:32:45,2018-09-21 00:00:00
f1495dcc4cf8d4ec585f058cedc68356,0fbcccee7916948cfe0c96fc1d19ea00,delivered,2018-07-16 00:05:26,2018-07-18 03:31:08,2018-07-20 14:06:00,2018-07-25 12:26:56,2018-07-30 00:00:00
4886bdc3d38b4558a42cca69e30e0808,e445db8f5537b28f85a980838e51d122,delivered,2017-05-17 18:03:00,2017-05-17 18:15:11,2017-05-24 14:43:03,2017-05-25 09:06:02,2017-06-01 00:00:00
2bcf1f79964f8b4f4f62f19441601b1a,711fff4266b53bae9de25be1473dc0bc,delivered,2017-09-03 02:42:26,2017-09-03 02:55:07,2017-09-06 18:42:36,2017-11-09 01:33:48,2017-10-16 00:00:00
d8a38160525fa277b48b3502ad5ae5cf,590fb09b045f7fad50f7145578bf8fb4,delivered,2018-08-02 12:58:39,2018-08-02 13:30:26,2018-08-03 09:49:00,2018-08-09 21:20:30,2018-08-16 00:00:00
c09477fe82b2b17f5f35d61a5237ba39,bb86f9f746c4a4aac227fdc3192d0112,delivered,2018-03-24 18:07:37,2018-03-24 18:27:22,2018-03-27 00:11:08,2018-04-17 21:21:34,2018-04-17 00:00:00
cb00f9d32f51bf65823f130e9c146173,2948885b537e10c5528a990dcfd4bd24,delivered,2017-05-10 09:47:59,2017-05-10 10:02:04,2017-05-12 09:25:58,2017-05-23 06:22:08,2017-05-31 00:00:00
eb499e69dd66045ab639c5fe90ad93f0,c8ea1731a4aac5a8785477d8b41998e1,delivered,2017-02-14 10:02:03,2017-02-14 10:15:17,2017-02-15 13:42:28,2017-03-02 04:28:39,2017-03-13 00:00:00
c1ecc15bc30548ecad160437f07df801,e97d8147c3433d51c20dd483d05df2e6,delivered,2018-04-25 17:38:14,2018-04-25 17:52:39,2018-04-26 13:45:00,2018-05-22 00:04:16,2018-05-22 00:00:00
072e34b42ad90d7472e9a798f19a6bdb,f246a20a11694afad71d2d9be547fbb8,delivered,2017-01-31 16:13:48,2017-01-31 16:25:15,2017-02-01 15:59:52,2017-02-10 17:56:13,2017-03-09 00:00:00
ba794dc7ba00e8dcbe6e0f729be0b845,657a3f64558e83b09ec3846d6ee02543,delivered,2017-11-24 17:55:14,2017-11-24 21:16:51,2017-11-30 01:24:42,2018-01-08 22:20:50,2017-12-29 00:00:00
73908b2671b42a496f38bce121a3d493,46a24db3ac753ca06bad5ebbea36999f,delivered,2017-06-09 11:51:37,2017-06-09 12:06:06,2017-06-12 14:11:57,2017-06-21 15:51:27,2017-07-04 00:00:00
6414e4e32a19c462fab11da3e3a03ac4,70b213d5e0fe0f1d4cb12213b9d24aec,delivered,2017-08-25 10:50:19,2017-08-25 11:05:36,2017-08-28 21:27:50,2017-09-08 18:39:53,2017-09-21 00:00:00
80aa9c31556571f08988f12dc07476e1,ad4316eb148e96ac9e3e8ca82cd92717,delivered,2018-07-11 11:35:15,2018-07-12 04:10:14,2018-07-18 12:50:00,2018-07-25 21:57:05,2018-08-09 00:00:00
853927b32b0ebc007ece729a314338cd,be0e2abfe1e57a99b37f471ba7380aa6,delivered,2018-01-24 15:42:08,2018-01-24 15:58:13,2018-01-25 14:52:43,2018-02-21 00:19:44,2018-03-05 00:00:00
7e72ec73eb316f40183f574d738eb99e,6fcffe4eb7a8012f3ce4c7131825a048,delivered,2018-08-06 17:28:26,2018-08-06 17:44:36,2018-08-07 11:15:00,2018-08-10 20:38:49,2018-08-15 00:00:00
9160545c698bc7e9408b84405166f60e,32f4a143deeccca316ab15cfc81781b8,delivered,2018-07-27 11:46:04,2018-07-27 12:31:42,2018-07-30 12:10:00,2018-08-03 21:04:40,2018-08-14 00:00:00
851e5fe2dfd9579bb3bcb65dfa4d2b3a,687c875c7ae86136cabff5df4af2e204,delivered,2018-04-24 20:42:28,2018-04-24 20:55:42,2018-04-25 11:07:00,2018-05-03 20:19:17,2018-05-21 00:00:00
f1e580516c53f1debcbdcd9185770ecf,19c9c76242909af3b476a8b0cb52dbf8,delivered,2018-05-10 10:11:34,2018-05-10 10:32:40,2018-05-10 15:22:00,2018-05-17 22:34:51,2018-06-04 00:00:00
2d5f1dc93c565d00ce25e43b11b48596,c0fe3da5b46a731f4fcb8b1cefe71333,delivered,2017-05-18 11:36:28,2017-05-18 11:45:23,2017-05-19 12:35:17,2017-06-28 14:29:50,2017-05-31 00:00:00
bc16cd35390e6d0638d87ef92f626899,94b69597666ae9334b855918332a28c4,delivered,2017-09-17 19:40:28,2017-09-17 19:55:12,2017-09-19 18:53:49,2017-10-04 20:22:03,2017-10-24 00:00:00
9a55f6c39b39d7b71a170dab3430e29f,5a99f523ebbdfb370a07029f25a23bd0,delivered,2018-01-13 10:52:20,2018-01-13 11:09:06,2018-01-16 16:27:07,2018-01-26 21:09:48,2018-02-08 00:00:00
fdfb73b2a9e88e518c2f565f43ca06c1,1b676ae36901ebaeb90253602c519f18,delivered,2018-08-26 20:06:40,2018-08-26 20:24:09,2018-08-27 15:52:00,2018-08-30 17:14:20,2018-09-05 00:00:00
8836b763a62342854712072d612d17b9,a5618956744bd4cf49ae60c2d07a1ff5,delivered,2018-01-09 20:43:14,2018-01-10 10:32:12,2018-01-12 12:12:33,2018-01-18 16:03:32,2018-01-26 00:00:00
2d77b47ff17df295a7840798969a2e30,ce538ad75403e0407318e318df5550e1,delivered,2018-02-05 09:00:03,2018-02-05 16:52:12,2018-02-07 21:04:16,2018-02-16 17:35:22,2018-03-01 00:00:00
33f3b890664d602ed67bad1fbc454474,616617689934126938904b188e5ac4f2,delivered,2018-04-15 17:02:51,2018-04-15 17:15:12,2018-04-16 22:48:32,2018-04-23 22:21:42,2018-05-08 00:00:00
5859370f19fe47ef87a4b0d110e6cf67,51795c9dc161dc05ef36dc8460dfa7e7,delivered,2017-05-30 03:02:05,2017-05-30 17:23:15,2017-05-31 11:10:13,2017-06-07 09:23:22,2017-06-22 00:00:00
9836847f32179c3ed12e8eb240440aa7,cecf402b2a51ef3e3f0b5a5f059c454b,delivered,2018-08-07 17:09:54,2018-08-07 17:25:00,2018-08-08 16:38:00,2018-08-28 18:42:46,2018-08-31 00:00:00
3e555879d29880ec5bc189b44a6d77fa,26d94b1d9a07de33fdb22b7f172d2269,delivered,2017-03-05 04:18:49,2017-03-06 04:25:10,2017-03-06 14:23:14,2017-03-13 13:27:51,2017-03-23 00:00:00
f30bd6977389bd6c34f5447e72d3d353,8a137d0f7582e1dc113574fa6bb5602e,delivered,2017-12-05 17:31:29,2017-12-07 03:15:47,2017-12-08 00:54:49,2017-12-19 19:20:31,2018-01-05 00:00:00
23fe7e1e5139248d8e9e379e1a910860,7e82568d445c615359d582ec7852d3b6,delivered,2018-06-16 19:06:54,2018-06-16 19:18:06,2018-06-19 14:26:00,2018-06-25 18:38:41,2018-07-17 00:00:00
a9da66f1dfe4cca8956f5e74619c2cb9,07dae321287a775e433119f7cc3a774b,delivered,2018-02-24 15:39:34,2018-02-27 05:30:53,2018-02-28 23:35:22,2018-03-06 18:07:56,2018-03-23 00:00:00
0bf673675c563f37ba07ff5f1210e771,5709985b6b8934c5e58d49d8b54ddaca,delivered,2017-12-26 10:46:23,2017-12-26 10:55:18,2017-12-27 20:58:42,2017-12-30 13:03:52,2018-01-24 00:00:00
a2b02026d2b1873d8e01ccfe3f8c62b0,58f2a6ed0fb6042ee5b5e057ab9a9264,delivered,2018-07-18 18:40:34,2018-07-18 18:55:23,2018-07-19 12:50:00,2018-07-23 22:08:31,2018-08-01 00:00:00
867a96f5ffe70eb3e90140ff7c81cfc6,0fae07bb4b1670e3da7d768c54f59464,delivered,2017-10-26 08:39:55,2017-10-26 08:49:49,2017-10-26 20:42:32,2017-10-31 23:58:43,2017-11-28 00:00:00
4957235ac475ee9ce4a593a8078c08b8,8369f3d663dcd9b3a4cc3d3b797ee011,delivered,2018-08-14 12:14:54,2018-08-14 12:25:19,2018-08-15 09:56:00,2018-08-21 19:06:55,2018-08-27 00:00:00
f44845a8eeec9bf829093ad92c846c09,507928d99b23819eb6e79e0772dbbadf,delivered,2018-07-11 13:32:28,2018-07-11 13:50:22,2018-07-12 15:33:00,2018-07-25 01:21:59,2018-08-08 00:00:00
b783c9b3024d047d65765937e8c506be,125afbc0911d9cfec5796d16606823be,delivered,2017-10-26 21:44:12,2017-10-27 03:31:15,2017-10-31 21:16:34,2017-11-08 19:09:05,2017-11-14 00:00:00
2331f636052d7a25b7a1844dac95a4ac,1fd10db50aab46da0f035fff679c9eaa,delivered,2017-05-07 16:23:48,2017-05-07 16:35:10,2017-05-09 09:17:54,2017-05-15 11:10:53,2017-06-06 00:00:00
fddcad3001f22880b74b21a7fd8fce1b,51b4398983c102525d07667d42e07d3b,delivered,2018-06-29 15:50:11,2018-06-29 16:11:33,2018-07-03 10:53:00,2018-07-05 15:18:51,2018-07-26 00:00:00
bb58d2adc1241af1c36272f66ab7a771,fbeed95946dc41fefa2c4fffd23fde4e,delivered,2017-09-03 23:01:01,2017-09-03 23:15:10,2017-09-06 16:13:01,2017-09-12 20:53:18,2017-09-25 00:00:00
7f505793416adc7c3f6f0b1d69ee7e28,45417eb3efcb174780f860b7be291b34,shipped,2017-02-14 14:01:23,2017-02-16 02:16:03,2017-02-16 15:13:44,,2017-03-13 00:00:00
990cdf0bc1fc7417e5b2a77f7ae81d2b,b7058b7d5a19aa16175aaf925067d659,delivered,2017-03-29 20:44:03,2017-03-29 20:55:25,2017-04-03 15:21:50,2017-04-10 14:43:43,2017-04-20 00:00:00
7e03de7edf3bc774fd1ad0915464e41b,fcf11d7894b5c62f72352fe6ddce74c8,delivered,2018-01-19 13:24:39,2018-01-19 13:36:03,2018-01-23 21:45:17,2018-01-30 23:04:38,2018-02-23 00:00:00
c393997142861148ab156520bb0ed1fb,09c804cb1bb9c05c716227a2dd3d6116,delivered,2018-08-08 11:39:50,2018-08-08 11:55:14,2018-08-10 09:54:00,2018-08-30 16:46:29,2018-09-18 00:00:00
b040969443a5b34aa13dd9fb64961d02,eb9bb0ce9f79bdfd32e6fcb1d4a1dd0c,delivered,2017-05-18 04:17:44,2017-05-18 04:25:10,2017-05-18 09:39:27,2017-05-24 18:14:32,2017-06-16 00:00:00
997b3de75600d17962e4800bd2923d56,6c36aec745bb066c2624b515689d9a76,delivered,2018-04-15 11:45:07,2018-04-15 11:55:20,2018-04-17 17:21:25,2018-04-24 23:36:35,2018-05-11 00:00:00
a03ef580bd24d3cfaa7aa92e08ca6b58,94670ebf1a9317d2cd7d8e4eec4e9ff7,delivered,2018-01-15 09:58:55,2018-01-16 03:50:55,2018-01-19 15:26:51,2018-01-29 19:04:15,2018-02-07 00:00:00
38a920f4e80a3be96ecbfc0cba4517d6,313679079420ce50210b4f87c1e23693,delivered,2018-04-02 13:05:43,2018-04-02 13:15:23,2018-04-05 22:38:38,2018-04-16 12:42:14,2018-05-15 00:00:00
71dc1ebd78222712d79f728f038d06be,f53b4599eef2ad2abdc02ae35044ab77,delivered,2018-06-06 08:21:35,2018-06-06 08:30:22,2018-06-08 10:14:00,2018-06-14 11:58:34,2018-07-04 00:00:00
dd082c5f38a7001c40cf57a14f1b3b34,877e706c542a3af30b80f32d160dd874,delivered,2018-03-15 13:20:24,2018-03-17 02:45:45,2018-03-19 21:52:48,2018-03-23 20:24:37,2018-04-03 00:00:00
2a7e28cc85f95bc55c3d8aff8cc416b1,18845c3cb10fa908026d273708275723,delivered,2017-02-23 18:28:00,2017-02-24 18:35:08,2017-03-01 14:05:34,2017-03-17 09:42:02,2017-03-28 00:00:00
0ed1ecbc5549385cca91dd012b659584,28488ed4aa3650130c3a842b8978d423,delivered,2018-01-08 02:37:14,2018-01-08 02:47:52,2018-01-08 16:43:14,2018-01-12 22:30:01,2018-01-31 00:00:00
6e3083ad9ca7d53cf66f1cd74bb3d67d,00581d55862aecc8cbc7d701a27bc285,delivered,2018-03-29 09:09:36,2018-03-29 21:55:15,2018-04-04 21:36:33,2018-05-08 13:44:56,2018-04-25 00:00:00
fe3b7d7e6df783d622ae530f841bc87e,2c52fedf9050e250066789f679624695,delivered,2018-08-04 11:57:45,2018-08-04 12:10:16,2018-08-06 15:29:00,2018-08-09 18:32:16,2018-08-20 00:00:00
7d72631908edc6f980dd3ab07a31c1d9,93bfdeb73351d031f1b66ecd51419b08,delivered,2018-03-19 08:22:53,2018-03-21 02:49:12,2018-03-22 14:42:11,2018-04-04 20:54:32,2018-04-12 00:00:00
801d980e779937cd76e2cb8de056a680,a39427956c93bd77715536640d397ce6,delivered,2017-10-08 20:45:59,2017-10-08 20:56:29,2017-10-13 20:29:03,2017-10-24 22:33:42,2017-11-08 00:00:00
c5206922341fdf683df9bd18349657c4,5de272a498b070331787f875de374b42,delivered,2018-04-08 19:30:21,2018-04-10 03:49:37,2018-04-11 19:36:27,2018-04-12 19:58:25,2018-04-19 00:00:00
71a3bbb7bb68719130815744e76b32e7,d4c9932172da0c22fe95917c9fefe935,delivered,2018-03-29 13:31:00,2018-03-29 13:54:00,2018-04-04 13:58:54,2018-04-24 12:19:10,2018-04-19 00:00:00
bb713fd5cb7b02db84e82bee9c98304e,9088dec5473bc02ec4560958866cc524,delivered,2018-07-13 21:06:19,2018-07-13 21:24:06,2018-07-18 12:00:00,2018-07-24 00:42:46,2018-07-30 00:00:00
9b0b732f53d928874444e095071631a9,bb59f210055141397a6926e0a060e48a,delivered,2018-06-20 10:32:50,2018-06-20 11:08:11,2018-06-25 13:31:00,2018-07-02 19:21:36,2018-07-20 00:00:00
63c3ce671d34493be2e342ac33a8249f,693a95df361670ba4f1a2099c77e5f0e,delivered,2018-08-07 18:43:51,2018-08-07 18:55:28,2018-08-09 09:47:00,2018-08-13 15:03:04,2018-08-22 00:00:00
b44d797bd9259818b8e3655230d25879,50191e063f53eaf358386bc6158fb737,shipped,2017-07-15 11:44:50,2017-07-15 12:03:43,2017-07-17 20:57:43,,2017-07-28 00:00:00
10aab4b44296043fbfeaf40f1157657d,ba171f821800a7fdce134cd8724c38cc,delivered,2017-11-24 10:00:54,2017-11-28 03:38:46,2017-11-28 22:21:23,2017-12-19 10:41:40,2017-12-14 00:00:00
62ec63f37c8ed14ce3dba43a02721f5e,f227e7071caf55fbd19620ad628aa80e,delivered,2018-03-19 20:50:39,2018-03-19 21:09:09,2018-03-23 00:22:58,2018-03-24 17:42:07,2018-04-02 00:00:00
07a78584049fe9dca82ae7bf5717d8b9,9a8431f585de8fb3e3dd4de9d7205885,delivered,2018-08-02 14:24:50,2018-08-02 15:00:08,2018-08-06 16:48:00,2018-08-08 19:24:39,2018-08-07 00:00:00
798b1ba562e78509f5647f85928f069c,b1898a5053e3bdeaf145b86826ef626d,delivered,2018-01-28 12:15:21,2018-01-28 12:39:57,2018-02-01 00:13:59,2018-02-06 22:47:45,2018-02-20 00:00:00
35e6a07f069c2483b3e23c5bbb94a770,cfe8a3607a7513c776e373d7ade63b81,shipped,2017-10-16 20:24:07,2017-10-16 20:49:17,2017-10-17 23:12:30,,2017-10-26 00:00:00
eec7f369423b033e549c02f3c5381205,32cef4bdd6bfa50612d81dc77a93b131,delivered,2018-02-06 20:44:56,2018-02-08 10:10:31,2018-02-15 20:42:12,2018-02-27 16:35:43,2018-07-12 00:00:00
5d08d050576ab268270b7c0956c6f162,b29169462571611d1417abbb0c788dca,delivered,2017-12-18 08:18:42,2017-12-18 09:18:32,2017-12-19 20:58:01,2017-12-22 19:56:50,2018-01-15 00:00:00
06f40352396b73ac65b6a2059d70441c,521593e76eab8070e2cb4c1a090f7c5a,delivered,2018-02-12 17:21:08,2018-02-12 17:30:26,2018-02-16 20:52:19,2018-02-22 15:09:01,2018-03-09 00:00:00
450b2dfcd82c6f60f6ea30628ebf2945,083578aaf490ea8ff298cfdf186790fd,delivered,2018-07-11 10:01:37,2018-07-11 10:15:27,2018-07-11 14:17:00,2018-07-16 14:41:21,2018-07-26 00:00:00
8b2098d15b08a80b4d24395b44cb2a42,2e7f1714b75fd474ed388fb5d6b543d7,delivered,2018-08-19 11:18:32,2018-08-20 11:31:27,2018-08-22 14:49:00,2018-08-27 23:12:34,2018-08-29 00:00:00
efb4d60fb4f120700df27e9032a18b54,a96a2a926becea8de83f56e981126847,delivered,2018-07-24 12:45:42,2018-07-24 13:24:39,2018-07-25 13:51:00,2018-09-03 23:33:13,2018-08-22 00:00:00
fab6c6f55e43abd9875d6f31517d9166,b952d6f0a1cf9dcb03ab9d23b6c8d4ab,delivered,2017-11-12 00:04:54,2017-11-13 14:47:09,2017-11-22 21:47:06,2017-12-12 18:53:13,2017-12-12 00:00:00
33b8a7eafa31cf95e33395293a78808c,90eb057f5f17fce155139fa361d55b23,delivered,2017-09-06 21:47:50,2017-09-06 22:04:16,2017-09-12 20:15:34,2017-09-20 13:21:14,2017-09-29 00:00:00
d982abd090f18bcf182f0a41284696c1,b8c0c423f9e237f36d6def6bbf7c3e33,delivered,2018-08-16 15:28:56,2018-08-16 15:44:00,2018-08-21 13:55:00,2018-08-22 12:31:53,2018-09-05 00:00:00
ee4777f7cd28163d7b1b9f1763996e08,11f1758efabe90a88171ddb8191add91,delivered,2017-11-24 11:19:57,2017-11-25 03:52:15,2017-11-27 19:39:50,2017-12-15 16:55:10,2017-12-19 00:00:00
d7362aa5fe91fbcde99a34eb3f592a36,c676fda5be6e3ff0dff6c131495beafe,delivered,2018-08-10 15:39:52,2018-08-10 15:55:13,2018-08-13 14:08:00,2018-08-30 22:38:48,2018-08-22 00:00:00
f21c3e20a2847217ba55f353fd228a37,8f7a1f014561a04a4d65e06805d68d82,delivered,2017-03-09 10:35:23,2017-03-09 10:35:23,2017-03-14 09:52:03,2017-03-27 14:43:55,2017-04-03 00:00:00
0c9999fe81fb2cb90e1f0456c15759e2,b3fac4767464b4cd4308f7178d3d0760,delivered,2017-09-20 15:50:56,2017-09-20 16:05:40,2017-09-21 18:22:18,2017-09-25 20:28:28,2017-10-05 00:00:00
ccbabfa81bc2a6cb8f2326278a01d55c,194ca5b6c387ba6cd5727aa6e5ee0a55,delivered,2018-02-26 16:56:41,2018-02-26 17:11:13,2018-02-27 17:57:47,2018-03-26 23:33:53,2018-03-16 00:00:00
1e3a4dcb8d7e2e87ee7675a7930caaaf,327b0ed2f31431870bf6553574200ae5,delivered,2018-01-17 14:07:07,2018-01-17 14:16:34,2018-01-23 01:58:47,2018-01-26 22:19:42,2018-02-07 00:00:00
133757e6140cdaff98c4f396772497e3,dfdacdf1ff55d5ec1684269778af5528,delivered,2017-11-24 07:21:33,2017-11-24 13:11:50,2017-11-27 23:15:58,2017-12-04 18:06:04,2017-12-14 00:00:00
0122e81ff800460e44bb9c983ff2a2fd,3b16d7fa7eb80db40124dc1748faae1c,delivered,2018-03-16 11:58:58,2018-03-17 02:50:49,2018-03-19 22:32:03,2018-03-28 16:48:49,2018-04-05 00:00:00
8ff212e48173a7e4d4cbeae4146b3a75,6e42919f267d0938c2450e2b6a3f1d11,delivered,2018-05-15 11:36:35,2018-05-16 02:55:13,2018-05-16 12:46:00,2018-05-21 13:49:48,2018-06-07 00:00:00
777e839a3f71170e58385675ce610501,776f08a4e825c406004d9e30e2096d17,delivered,2018-08-05 18:05:07,2018-08-05 18:15:20,2018-08-07 12:54:00,2018-08-14 17:54:42,2018-08-27 00:00:00
b52dc8a3dad74fe4f1eff8ed1e7bd6da,9159d858e4338e9236345c620b91d20c,delivered,2017-08-17 12:35:29,2017-08-17 12:55:15,2017-08-18 21:36:33,2017-08-28 21:22:04,2017-09-11 00:00:00
aad79b33466dbbe92bc7c1b9499ad365,ba922aa3fbd49b96cfece364f92bdb8b,delivered,2018-02-06 15:10:03,2018-02-06 16:11:38,2018-02-07 00:03:46,2018-02-21 21:37:19,2018-03-06 00:00:00
6d37c2777465f819544099f0ec5a6b25,c0e3cfb4fa98e3cc869c637ae3c1f409,delivered,2018-05-13 12:45:47,2018-05-13 13:11:52,2018-05-14 13:39:00,2018-05-17 16:23:55,2018-06-01 00:00:00
7865280b7f716318630d85eb2ea9cd17,5106f2d4640d186ff66f6d4001b58146,delivered,2018-05-22 15:30:20,2018-05-22 15:58:46,2018-05-23 14:16:00,2018-06-01 20:38:48,2018-06-08 00:00:00
7e3da8f7ef82afccb42bb25622099fb2,3170c81f321ad235d12542dbe02f7dae,delivered,2018-06-09 12:38:45,2018-06-09 12:58:48,2018-06-13 08:23:00,2018-06-14 02:18:27,2018-06-28 00:00:00
7cd9df8c03efcd7abf1f9d7156b392d5,6b56f7501c063a3211e2f762a118bd6c,delivered,2018-08-08 17:13:45,2018-08-10 03:10:16,2018-08-10 14:30:00,2018-08-13 20:41:08,2018-08-14 00:00:00
49d85b61244a54a41fd61ce06cca96d4,39d546b787598d01eb255ee2ce0c60c7,delivered,2018-02-23 14:58:23,2018-02-27 04:31:13,2018-02-27 19:34:18,2018-03-23 15:35:12,2018-03-26 00:00:00
f79b8af9c83e40ce3234880ed7196426,6e1149d91b737dab3f76295f3551f73b,delivered,2018-02-28 20:41:39,2018-02-28 20:50:39,2018-03-01 20:12:23,2018-04-20 17:34:43,2018-03-27 00:00:00
a03080d29751000dd3e2eab48835af82,9f48171c84b0b1ca68935ce93ae68e10,delivered,2018-04-17 10:11:07,2018-04-17 10:31:19,2018-04-17 19:16:31,2018-04-26 18:51:13,2018-05-14 00:00:00
c48e0c0045493baca42f6350289f1470,5660a2b24ae2f9e6a4f8d8c393ef408a,delivered,2017-05-09 17:35:37,2017-05-09 17:45:19,2017-05-10 11:23:42,2017-05-16 19:58:05,2017-05-29 00:00:00
c63f4a1a51b78e8b9c14cae50f2e1817,892a4b93279589be2df63790a530a6df,delivered,2017-10-18 17:52:44,2017-10-18 18:07:25,2017-10-24 17:42:25,2017-11-06 15:43:09,2017-11-10 00:00:00
e7645f2073cac65748cf53c69d5abea9,4578a3079ec21d3e411223cb5e3a8258,delivered,2018-01-17 08:42:16,2018-01-17 08:51:29,2018-01-23 02:15:04,2018-01-29 20:37:11,2018-02-08 00:00:00
de99d6864fd63eb9c2efdcf1432b5140,ea7985d8e5072d934658643b0fd8e24d,delivered,2018-03-03 20:38:48,2018-03-06 03:50:58,2018-03-06 21:32:33,2018-04-02 19:03:32,2018-03-23 00:00:00
0a9fc736e210f495e2023d3a9e10319a,b7af91e583caf05ac071ad39e1d86700,delivered,2017-11-27 18:39:50,2017-11-27 19:12:02,2017-11-29 23:29:12,2017-12-05 16:49:49,2017-12-14 00:00:00
b4facfa718232252607f49c3614e85cf,590efcdd68b9f9cb5ddea9dd6f5378ac,delivered,2018-01-05 22:47:23,2018-01-05 22:59:23,2018-01-10 23:14:00,2018-01-16 19:03:37,2018-02-02 00:00:00
475c9b166482c7f26c38c7ae858d832a,b6be790938b3160be968a4b96eb8873d,delivered,2018-07-30 21:42:57,2018-07-30 22:20:13,2018-08-01 13:09:00,2018-08-02 17:43:00,2018-08-03 00:00:00
c840f3fb3a4c4c7bc42c8167e355e3eb,3b9b055c3d67f72210fbd6b1b2fd67b9,delivered,2017-05-29 13:23:09,2017-05-31 11:45:14,2017-06-01 10:46:51,2017-06-07 13:28:39,2017-06-26 00:00:00
137e75aa875379eb16854b280dc2aab9,063e1f61e1480d535924591b303c66b1,delivered,2017-12-04 10:40:38,2017-12-04 16:31:49,2017-12-06 19:52:29,2017-12-12 14:21:52,2018-01-04 00:00:00
e21d445c8d24d62d04807fc0427d1112,e442f7268404c17dd426cb125f41d748,delivered,2018-02-10 15:21:21,2018-02-10 15:30:33,2018-02-14 20:19:00,2018-02-16 19:53:08,2018-02-26 00:00:00
c2b0a01a95828a432d2f335db23e23b6,4348ccd5fe9390bc4aed3fb18df1bb23,delivered,2017-09-11 21:22:41,2017-09-11 21:36:58,2017-09-13 19:17:37,2017-09-19 17:53:55,2017-10-19 00:00:00
438f4256ef380bc7d658773ed817a480,eeb659c845cfa9bc6b50556e53e9269e,delivered,2017-09-30 15:27:55,2017-09-30 15:50:36,2017-10-05 20:32:47,2017-10-07 15:52:03,2017-10-18 00:00:00
7866f96b0496d61749bdc8664b22119e,7ffa70f414e42f6ba3dfc7475f346ed9,delivered,2018-08-26 15:11:20,2018-08-26 15:24:16,2018-08-27 17:02:00,2018-08-30 00:21:59,2018-09-14 00:00:00
d87a96586b2257de297aa1added6124b,4fcc2ca1b68348af7bbbfcc445dc49ec,delivered,2017-09-03 11:12:43,2017-09-03 11:25:18,2017-09-06 19:06:34,2017-09-13 21:03:06,2017-10-02 00:00:00
ea43bc65126ad69392a37907bd400c49,84fa5b5f1af3af75e2e44452c296e41d,delivered,2017-08-08 21:39:52,2017-08-08 21:55:12,2017-08-10 20:04:28,2017-08-17 20:56:36,2017-09-01 00:00:00
3d7239c394a212faae122962df514ac7,4d7a9b8bba459dce09d1b8fa637a0cba,delivered,2017-06-05 10:45:54,2017-06-05 10:55:16,2017-06-14 10:26:00,2017-06-23 12:18:32,2017-06-26 00:00:00
69f7357c456d8072ad6671becb0f55a5,dcd82b51ed72861d202f5dc8b3ac8a19,delivered,2018-04-30 20:06:23,2018-05-01 02:53:14,2018-05-03 16:09:00,2018-05-18 19:47:02,2018-05-17 00:00:00
d05502e273bca7f1901d798c7d9fd403,ff6bc51ea548793b6d3dfe83ca7eeb75,delivered,2017-12-20 10:19:57,2017-12-20 10:33:31,2017-12-26 18:56:00,2017-12-29 17:42:21,2018-01-17 00:00:00
42f2f38b2e99615f8fa65dd99a455294,b3721a883e1de4df72f355ec21c8620d,delivered,2017-10-21 16:13:44,2017-10-21 16:28:15,2017-10-26 17:11:31,2017-11-10 12:21:49,2017-11-21 00:00:00
f3f00047607e23b2b33f81618622a7a4,b154107005bdb6916d7bc8bf3d2176fa,delivered,2017-06-16 01:13:18,2017-06-17 03:21:04,2017-06-23 11:10:08,2017-07-03 14:27:59,2017-07-12 00:00:00
5eee79207209ec0e102581f289e2a6db,6da5b0e51a41b4d08009f2ff650695b0,delivered,2017-12-19 16:21:01,2017-12-19 17:29:20,2017-12-21 18:18:54,2018-01-13 14:52:46,2018-01-17 00:00:00
b1a4d93b091b621c2080d96449ded73a,a0e5b74e20d78213c2ccbbde9637332f,delivered,2017-07-10 15:50:09,2017-07-11 04:15:14,2017-07-11 18:55:45,2017-07-21 19:42:55,2017-08-03 00:00:00
8931c9e36c3b25b6ba7bfd32a38c1677,83e44a5511874831c347939adc6da046,delivered,2017-04-04 13:27:53,2017-04-06 02:46:15,2017-04-10 11:56:44,2017-04-19 11:38:41,2017-05-12 00:00:00
fdbd1f170a073a2252d7e8154089ae34,6cebe114e7af2d935c5ae6115ddcb03c,delivered,2017-06-29 17:05:47,2017-06-29 17:20:11,2017-06-30 13:11:31,2017-07-07 17:08:32,2017-07-21 00:00:00
0eae0847dbceff8611d706710c724ee2,6dcf67b90ecd61b5155d20ae6d2ecac0,delivered,2017-11-16 12:29:05,2017-11-17 04:15:32,2017-11-17 17:23:57,2017-12-12 00:04:03,2017-12-12 00:00:00
de2076727d0a51dfe4889b9cf85198e6,10be035a9bd22d830de5c1ebf53e1877,delivered,2017-07-16 22:11:43,2017-07-16 22:25:19,2017-07-20 20:07:29,2017-07-26 19:33:12,2017-08-08 00:00:00
d3b0d1fdd97b1842ff7f5b3caec74d9d,26f8f6faa46f8902102b41b5afd0cfb0,delivered,2018-05-04 20:59:54,2018-05-08 03:52:22,2018-05-08 12:27:00,2018-05-24 11:08:23,2018-06-05 00:00:00
a625881421471d07433770992a93acab,805ca5e9a718b68a2b005675eb7fdc29,delivered,2018-05-02 18:40:32,2018-05-02 18:58:27,2018-05-03 10:08:00,2018-05-05 00:28:44,2018-05-14 00:00:00
f81635da25112ff9cc067e06b1a5d127,16d27ff13d909cb6345b2498a549a7b8,delivered,2018-04-14 22:07:02,2018-04-14 22:31:47,2018-04-18 03:33:42,2018-05-11 12:22:14,2018-05-15 00:00:00
a82f8bf2ea13782d44b5855dabcab94e,e5bde129321715eedcc20ccac0f121b8,delivered,2017-04-20 16:14:12,2017-04-21 05:15:37,2017-04-26 12:09:13,2017-05-11 20:35:43,2017-05-12 00:00:00
f41726f3a7dc9654767a9c5f80089ddd,53c3725c692f5b03879e463456f50d46,delivered,2018-06-28 15:28:00,2018-06-30 02:52:28,2018-07-03 08:26:00,2018-07-04 01:41:57,2018-07-13 00:00:00
1e738ef9fa41ecf83ae9f37a89591620,372a5dc5cb0717a9e9eb801e085f4154,delivered,2017-09-03 22:18:34,2017-09-03 22:30:18,2017-09-04 23:09:57,2017-09-07 00:43:57,2017-09-15 00:00:00
3e6f06c624c7f67d6a0710e39ca97f2b,3588bfafc0f566f932f95f707e3a428a,delivered,2017-08-23 13:43:10,2017-08-23 14:35:31,2017-08-28 17:56:33,2017-08-31 19:25:53,2017-09-13 00:00:00
4a091a1ad464c668b5e9570bab388148,60e0a6200d1ca99a12d7dc56c2ef0904,delivered,2017-06-13 16:41:30,2017-06-15 02:45:11,2017-06-19 20:05:53,2017-06-26 18:12:19,2017-07-06 00:00:00
34fad2c694d4b57ef78b164a097cf817,df151768000c436bd5dbef2f753606a5,delivered,2018-01-09 12:13:00,2018-01-09 12:29:04,2018-01-09 19:26:26,2018-01-23 17:12:21,2018-02-08 00:00:00
8e5f329bbfeedab5a25b115446d23d4c,688c5a754325b8c84629b9b436f9f51e,delivered,2017-11-26 21:12:01,2017-11-28 03:39:58,2017-12-01 22:09:10,2017-12-17 15:32:34,2017-12-18 00:00:00
a2ef683013be03a1d7903ecc7d17d48d,353a334017814ca877ef6e3827c891af,delivered,2018-06-12 10:36:52,2018-06-12 11:00:44,2018-06-15 13:57:00,2018-06-19 13:28:57,2018-07-03 00:00:00
ad3054bbcea42d1843d313b93d64d717,661ca01e275e25abbd4fba1eb6fc7b03,delivered,2017-06-19 20:22:26,2017-06-20 11:05:21,2017-06-27 10:48:59,2017-07-05 15:57:41,2017-07-17 00:00:00
f98bb654902a31129a96822d0aecfd75,7865ab489110f0e8d34d777df1a967c3,delivered,2018-01-06 19:03:21,2018-01-06 19:49:24,2018-01-24 23:09:18,2018-02-19 19:19:18,2018-02-08 00:00:00
28ba5952fc9baba1dc6797734ca82680,b4486d6bad6090e04d0f13164eb03557,delivered,2018-05-27 17:10:15,2018-05-29 03:14:46,2018-05-29 08:43:00,2018-06-05 16:28:24,2018-07-11 00:00:00
4cf8e5fafb46ec3ef4e9b76e9eb2bf25,17679c354e803265772e7ebda35857eb,delivered,2018-08-21 07:07:54,2018-08-21 07:30:14,2018-08-22 11:18:00,2018-08-29 20:38:53,2018-09-19 00:00:00
60622e02fde39a42fe9654c41a6bba8d,dc5e62af617b1d8983d41a2d42c36162,delivered,2017-10-07 10:01:39,2017-10-07 10:24:39,2017-10-09 21:38:10,2017-10-17 20:27:42,2017-11-06 00:00:00
1a75bc259895ab33b0c12ebf388248b1,4ac3a7aed5325218bfd84a79ff4e0611,delivered,2018-03-16 19:32:35,2018-03-20 03:28:43,2018-03-21 23:26:25,2018-04-02 17:03:32,2018-04-06 00:00:00
dabd0c4dcf382147050c6b2bdb8c9000,3f37f76b405a0b8b2782b9e9074dc4b0,delivered,2018-04-27 21:27:26,2018-04-27 22:32:41,2018-04-30 12:37:00,2018-05-02 15:51:41,2018-05-14 00:00:00
52f4d206be495fdbcc211af8b9c1d8ba,159c51bd752b13a29b404e47af4252a4,delivered,2018-01-11 16:59:52,2018-01-11 17:08:40,2018-01-17 20:09:55,2018-02-15 22:42:52,2018-02-20 00:00:00
182bfab5e6a0e4aeff7e4a8bcdace60c,e57a124568ca435c80fd78dfdc802d09,delivered,2018-05-01 10:57:39,2018-05-01 11:17:40,2018-05-08 08:27:00,2018-05-11 14:16:58,2018-05-25 00:00:00
0cc4679e0f3d7eb6a1e80d864e9a62c9,4fb7af6814466893de614d219265d0af,delivered,2018-03-28 09:43:05,2018-03-28 09:55:21,2018-03-28 20:51:19,2018-04-17 15:12:32,2018-04-23 00:00:00
cd94ef4b0f9a66ee1a1cedbeb590e534,8cd2b07859256908ad3bf9ae3d9ef119,delivered,2018-05-07 20:38:34,2018-05-07 20:55:29,2018-05-08 14:05:00,2018-05-11 22:05:47,2018-05-29 00:00:00
e0857a445e4a7cb184abf371f4d93509,f0b0e87c6020b718c95ef161988a2ddd,delivered,2018-04-09 16:06:23,2018-04-09 16:31:15,2018-04-11 02:46:47,2018-04-17 16:18:46,2018-04-30 00:00:00
ffb64a7ef1be26d9bd759c6ce1c47987,60f516a0beabe65a204371fb91b51cb5,delivered,2018-05-11 22:36:43,2018-05-15 05:14:44,2018-05-15 15:39:00,2018-05-16 13:31:58,2018-05-22 00:00:00
616b813dbea8acc9de0ca0380cd89b83,a779fb63d731a6f7af0e4ef34aebc9bf,delivered,2017-01-16 19:04:32,2017-01-16 19:10:16,2017-01-20 15:18:08,2017-01-30 15:41:52,2017-03-20 00:00:00
b7c1e61873600816fefa3d64e946cf3f,bbe7d428a57c9fcd526483a8c7e1e384,delivered,2018-04-30 10:27:26,2018-05-01 05:15:11,2018-05-02 09:29:00,2018-05-08 20:05:12,2018-05-21 00:00:00
4460329ef6417ef6f526adae51f4a7ad,2bf3ee2dd00b4a7f6711638b2bce046e,delivered,2018-06-21 21:57:58,2018-06-23 02:20:24,2018-06-25 14:31:00,2018-07-06 18:46:24,2018-07-18 00:00:00
ac5222f836286b33e7240030ad79d7c9,0add590abab4b6a32dd267427d4e0fa9,delivered,2017-11-06 21:36:16,2017-11-07 05:31:26,2017-11-08 14:51:14,2017-11-22 20:37:35,2018-01-09 00:00:00
5c17db6907843b821b755f261feebc5c,8ada54b341ea8d687905f7b02315c91c,delivered,2018-06-21 21:02:10,2018-06-23 02:20:21,2018-06-25 16:22:00,2018-06-26 19:46:35,2018-07-17 00:00:00
703028d4e0b49bc9632bb3b92150adb2,61674bb665054e94cbd972c2d571809b,delivered,2017-08-30 13:00:46,2017-08-30 13:10:16,2017-09-05 16:26:09,2017-09-15 18:53:07,2017-09-19 00:00:00
fa8cbd21c8617a2e568d5e448d8216bb,0b4bb47ad7433a75c47837b319077675,delivered,2017-11-05 12:29:45,2017-11-07 07:30:40,2017-11-07 18:47:34,2017-11-17 21:56:45,2017-11-29 00:00:00
4308f4544f700c2e5bc48a12f92b60ec,6dd615ab569bc60cb1cc7b468c11208d,delivered,2017-09-27 12:56:26,2017-09-27 13:07:28,2017-09-28 21:17:36,2017-10-14 13:53:49,2017-11-16 00:00:00
b1b0b7314cdf43b80c205664d0199dcb,33e6a7b54311533e70c06970909abeb0,delivered,2017-11-24 21:00:39,2017-11-28 03:46:30,2017-11-30 16:41:41,2017-12-14 17:55:01,2017-12-19 00:00:00
b817f6c3399d06c7629a445527b463dd,d7ad416ed73a8c500cb9da5685e78140,invoiced,2017-11-23 23:10:38,2017-11-23 23:20:00,,,2017-12-18 00:00:00
935337c314d75668fe94f2a51ade79a3,7b3eb812221b3f3b1f3995cb15ee73c2,delivered,2018-07-04 23:08:12,2018-07-05 16:34:56,2018-07-05 14:13:00,2018-07-11 18:09:33,2018-07-25 00:00:00
b4c317bb5f8fb237f37171f190e8d332,4c5ba5a65caf829664f58363d03d1c12,delivered,2018-07-17 08:58:47,2018-07-17 09:10:20,2018-07-17 12:04:00,2018-07-30 13:16:44,2018-08-14 00:00:00
d5b4f23f53baadbbaaf0c6a983494333,9eecb0e524388f6bab5f8dab088a930e,delivered,2017-11-04 20:54:50,2017-11-04 21:05:47,2017-11-08 21:28:35,2017-11-13 17:43:16,2017-11-29 00:00:00
cb0ee3ab469cd28fb41ecb23abd8e2ba,7581ff8827f7dd1da797eab73553b2bf,delivered,2017-05-04 23:14:03,2017-05-04 23:25:13,2017-05-09 11:44:16,2017-05-10 17:22:06,2017-05-25 00:00:00
f071b368fba027eb94d3880678104d50,10b6ca8551febff6407d7331aa0c95e8,delivered,2018-02-28 16:17:01,2018-02-28 16:35:33,2018-03-02 01:15:08,2018-03-20 20:48:47,2018-03-22 00:00:00
7fc9bc524999371333a753158b5569ce,90227e52d4a22770ca74c68237962650,delivered,2017-07-01 11:59:08,2017-07-01 13:50:19,2017-07-04 18:28:23,2017-07-18 18:59:45,2017-07-27 00:00:00
48a6a2ea9e635b0f27e8211023213a25,6d22de51ac143b9d3c0f64d53788ea12,delivered,2018-02-05 20:43:03,2018-02-05 20:50:29,2018-02-07 21:21:47,2018-02-27 22:25:03,2018-03-13 00:00:00
b2ba6dc36919f6194acddab3c69c65b5,6fe9ae6b3e2e3ee18fddcfe17f29b226,delivered,2018-08-07 20:39:45,2018-08-07 20:50:28,2018-08-09 09:35:00,2018-08-10 13:54:58,2018-08-10 00:00:00
0b8c19c0cc7dce8d3706d6f67008d18a,1b2930f7c6cbbabfab9c4842b78b84ee,delivered,2018-06-30 10:50:35,2018-06-30 11:09:58,2018-07-02 12:17:00,2018-07-03 21:18:56,2018-07-16 00:00:00
aa0950e3a8e609915c52b40444bf863e,c8e45b2e5b92d6bee52f6202d09eb4a1,delivered,2018-06-18 23:21:17,2018-06-18 23:35:55,2018-06-19 14:05:00,2018-06-20 16:57:38,2018-06-28 00:00:00
5145b58a90c0dfab75617173b511a9db,882c161de9c06e182c48af4fd3165aeb,delivered,2018-04-25 00:27:35,2018-04-25 00:50:34,2018-04-25 15:41:00,2018-05-02 20:32:33,2018-06-04 00:00:00
676909a2d3e6b18493578ed09d3e9e03,7e059909ea55e4548694d7da1ee6ab13,delivered,2017-07-20 19:29:03,2017-07-20 19:43:26,2017-07-21 20:46:36,2017-07-31 17:37:45,2017-08-23 00:00:00
9c8b3e3a0c6ba4c5497158fe7aa2a1d6,dd0329246296428beec510ea36313e31,delivered,2017-11-16 12:13:06,2017-11-16 13:15:59,2017-11-21 23:52:12,2017-11-22 17:23:50,2017-12-19 00:00:00
811ecf2dd75f2d765763c2c20c539cdf,1141b746bb3d5b1597f7795b5b9a5fb0,delivered,2017-11-03 22:13:13,2017-11-03 22:31:28,2017-11-10 18:41:36,2017-11-22 22:07:33,2017-12-04 00:00:00
9a613bed98997c9e9969a5b93500f491,4efa34eebe6ae48cc9d684bf60c097bb,delivered,2018-06-07 11:12:43,2018-06-07 11:37:14,2018-06-08 14:50:00,2018-06-13 16:32:10,2018-07-04 00:00:00
66e5f96d076487a42c974bf90c721b72,39b13247a091cc900da65124ac9e3ec6,delivered,2017-05-17 16:39:59,2017-05-17 16:50:17,2017-05-18 12:01:29,2017-06-02 13:53:50,2017-06-13 00:00:00
bfee0e661250e978b89fa43a909f038f,3a0b54115011302ba73d357d8fb9bf8f,delivered,2018-03-17 10:55:42,2018-03-17 11:10:29,2018-03-21 21:25:43,2018-04-02 23:47:03,2018-04-09 00:00:00
b90e14223088b3ffba011828a64a73ca,28b2a01812347760419e5a982fa418d0,delivered,2017-05-07 11:19:44,2017-05-07 11:30:17,2017-05-09 15:38:06,2017-05-18 11:49:56,2017-05-29 00:00:00
d1e51d46442dbad6b79b800dc7293869,312d3027d9c519119c09bbfe52d6a912,delivered,2017-11-21 16:06:04,2017-11-22 02:53:14,2017-11-24 19:03:08,2017-12-11 19:43:30,2017-12-11 00:00:00
e9874f4e48ede77b6b9d785ac3755445,c48d4e4180ccba3ea9e4acd586387e00,shipped,2018-03-06 18:52:52,2018-03-06 19:10:13,2018-03-08 16:51:54,,2018-04-26 00:00:00
3c3360c269e1a6ac43d1bd512056e1f8,61997754df4745f5724d60969f0ce80f,delivered,2018-06-13 16:13:17,2018-06-13 16:39:43,2018-06-14 12:33:00,2018-06-18 21:29:28,2018-07-12 00:00:00
068d0d74dbf3b124a2b65bb2aad2387a,28c8cd18a3ff842d291c265fd0972698,delivered,2017-08-10 12:36:54,2017-08-12 02:55:52,2017-08-17 20:37:23,2017-08-28 16:56:02,2017-09-01 00:00:00
fa8c5007932982d517e2d488553a624e,ea5af70cf269a71eb7df5def9793b76d,delivered,2017-05-17 12:11:34,2017-05-17 13:06:27,2017-05-22 14:24:54,2017-05-30 12:57:52,2017-06-08 00:00:00
73f70b1295693613357885d3d46692b9,caa328cc16c5d4342c63362edac36f7d,delivered,2018-06-18 15:56:52,2018-06-20 03:18:49,2018-06-21 15:35:00,2018-06-23 17:34:41,2018-06-29 00:00:00
3451e358dcd1b3eb514821e4e9772ccc,ad036c529b82e8fb8dadd3d80aea5b7b,delivered,2018-01-13 19:59:20,2018-01-14 19:54:26,2018-01-15 21:58:49,2018-01-19 08:38:21,2018-02-01 00:00:00
2047712d309c37ea8b67d413cd8632e1,8688c18df2ad90ba2e2bfae32068eebc,delivered,2018-02-16 00:27:07,2018-02-17 02:07:56,2018-02-20 22:37:39,2018-03-05 17:28:53,2018-03-14 00:00:00
d05d5881240a2b6f02e90a83bddc85cd,940958db94c59ca04dcc41aa5cb5417e,delivered,2018-08-04 02:33:09,2018-08-04 02:45:08,2018-08-09 13:32:00,2018-08-13 18:22:39,2018-08-09 00:00:00
e4107fe2ed8e28268d643047f748cad2,bb8653cfcfbd0a92fae0ec7373ed8a3a,delivered,2018-01-27 11:14:07,2018-01-27 11:34:29,2018-01-29 19:33:53,2018-02-02 16:26:59,2018-02-21 00:00:00
a350e8cd63ddb81fb38898d3666a5e8c,3ed02ecec86b66da53e5b117fc5685c5,delivered,2017-09-21 20:11:08,2017-09-21 20:25:16,2017-09-25 19:33:22,2017-10-06 18:14:16,2017-10-23 00:00:00
a5120ed3cf3bce38162653b51ce81d04,f217fb5fdfaf6ecb61bac6b6b5bbd3c7,delivered,2017-08-05 10:22:53,2017-08-05 10:35:15,2017-08-07 21:58:41,2017-08-14 22:52:14,2017-08-25 00:00:00
9788236680f37865a436975b87343adc,f19dbaebe68aa4476b88208062c068d4,delivered,2018-01-07 13:19:44,2018-01-07 13:27:08,2018-01-10 18:29:05,2018-01-29 23:43:08,2018-02-22 00:00:00
b52a329bb5fd9e9faaf1475d96306bfa,2be98376cf2736a3f14813ae95fc6969,delivered,2018-01-18 11:20:23,2018-01-19 02:37:34,2018-01-19 22:13:50,2018-02-08 11:52:43,2018-02-19 00:00:00
573131fe2b7df5e3ce4d88bf7702f6d0,c6178bc9698c804aa6325efaabfd1b79,delivered,2018-06-28 18:18:26,2018-06-28 18:32:17,2018-06-29 14:41:00,2018-07-03 22:05:10,2018-07-19 00:00:00
2ba6f4043547bc847cc055c975cb57cf,af204ae44962575977140c5d3a95b680,delivered,2017-06-25 10:33:52,2017-06-25 10:45:10,2017-06-27 13:36:19,2017-07-04 18:47:40,2017-07-18 00:00:00
90f0e72dfebcd41e26656d079d881674,509efbe31adf8f6409b0fdb484d79208,delivered,2018-05-20 22:33:40,2018-05-20 22:58:20,2018-06-06 08:20:00,2018-06-11 15:47:50,2018-06-07 00:00:00
c1483dff7c3e7cd1018e710012ec892b,48cd1ed053ff301d5fd7df23ee7443fc,delivered,2017-10-03 19:34:26,2017-10-03 19:49:26,2017-10-06 17:17:31,2017-10-21 14:23:55,2017-11-07 00:00:00
e32eb573740a87c938b90b290605b617,49ceea8899f3a3c0198faa2485ca942c,delivered,2017-03-28 11:53:16,2017-03-28 12:08:07,2017-03-30 10:52:28,2017-04-05 15:23:05,2017-04-24 00:00:00
dd8532619e81337caf4ddc77fb34d981,4c82b862da252196bc8936f210aadc8b,unavailable,2017-05-15 10:58:15,2017-05-15 11:10:15,,,2017-06-02 00:00:00
5077a1b94d4072142bd61997c902af34,594e0e241cd8964a40c54192cf408f6b,delivered,2017-10-01 14:07:57,2017-10-01 14:14:16,2017-10-04 20:48:01,2017-10-24 15:03:04,2017-11-01 00:00:00
0e135d08663e167e3c28ef4b5c61424c,6f641c501d95682b72a561a3b199f7a0,delivered,2017-08-01 12:02:03,2017-08-01 12:15:16,2017-08-01 18:04:19,2017-08-07 17:25:03,2017-08-23 00:00:00
7ac220abf3a320355ee2493db7555d03,e58603565b5afac05cc24ce572635932,delivered,2018-07-16 14:13:44,2018-07-16 14:25:22,2018-07-17 12:06:00,2018-07-20 17:06:23,2018-08-09 00:00:00
9676f1e8ea577fa55c55fdf4f0083a0d,2de3c6bbbf7519ebf48c6b28a2416227,delivered,2017-10-25 09:34:31,2017-10-25 09:49:20,2017-11-03 22:14:13,2017-11-08 20:17:32,2017-11-17 00:00:00
18a2975cf60c93ee6d1b866f3f040633,a6a53a21b27c88cd037a75646ad9fd8b,delivered,2017-10-02 16:39:00,2017-10-02 16:49:29,2017-10-04 21:04:26,2017-10-10 17:13:59,2017-11-03 00:00:00
c700e9f1475f6382715808e85be57b59,52fbf1dbb0b436722374fff4d86eadfd,delivered,2017-11-20 22:07:41,2017-11-20 22:14:26,2017-11-23 21:04:44,2017-11-27 17:27:15,2017-12-07 00:00:00
c84dc3e7ffa263c94450db56ec2bd44e,3b61325bcfd9a7f3ae68bc8bab807fb3,delivered,2017-12-31 00:14:58,2018-01-03 04:29:35,2018-01-03 22:23:36,2018-01-24 19:55:48,2018-01-30 00:00:00
b0df2a6f7569a5a874e3d15bd27bbd6f,3620c99ac6d42c6c82d0ce6f327a8901,delivered,2018-05-25 17:37:22,2018-05-25 17:52:27,2018-05-28 11:28:00,2018-06-21 02:08:38,2018-07-17 00:00:00
e8a8ff2fda1e5eeeed6e56a9a882f648,86eb5f9093235e1e5e2f6db715b98ac8,delivered,2018-05-30 15:58:17,2018-05-30 16:16:36,2018-06-02 08:57:00,2018-06-19 18:22:28,2018-07-17 00:00:00
7797659fa7b8f16a68562da5976d179e,07268a96fa4f3812925fa07de7cc3c73,delivered,2017-04-06 15:26:20,2017-04-06 15:35:15,2017-04-07 10:00:22,2017-04-27 09:56:53,2017-05-12 00:00:00
522eec5aa38ae3153b1c1a94e013947e,39eda8beee70b851aa9ba9040fb44615,delivered,2018-07-05 16:25:40,2018-07-06 02:35:18,2018-07-06 10:27:00,2018-07-09 18:16:53,2018-07-27 00:00:00
71c56e89b74017d9b26611547346b7b8,9f964108ef98c1c188f639dd5f6f8cfc,delivered,2018-08-08 14:18:37,2018-08-08 14:30:12,2018-08-13 16:13:00,2018-08-17 01:04:20,2018-08-24 00:00:00
e4c5944219ba806a2c6bc1596facb602,8c82a15c73abff1c442ecd4a9e44071b,delivered,2018-02-09 18:15:24,2018-02-09 18:30:26,2018-02-14 19:46:38,2018-03-02 01:41:52,2018-03-05 00:00:00
f9ae6383e4dfb7b5d309593d052000d6,d8625017429f160bd561b8a77715ce22,delivered,2017-04-21 21:01:41,2017-04-21 21:15:17,2017-04-26 20:24:31,2017-05-09 15:03:04,2017-05-11 00:00:00
b4a740a590b5576fb4a95cba71d80c5d,ed2a1af23e7ea93b692e4ce29132445f,delivered,2017-12-12 12:24:04,2017-12-12 12:34:25,2017-12-12 22:25:39,2017-12-29 14:39:25,2018-01-05 00:00:00
2966209e856b37a6b9be138d6d7910b5,3e596d8525490f4f775fa272e4f988b1,delivered,2018-06-22 22:18:21,2018-06-22 22:37:35,2018-06-25 16:22:00,2018-06-26 20:58:41,2018-07-05 00:00:00
ea07d806c0b64019983aad62a7ee6ba5,a0d7b33207a3e704649cc1c9037cc900,delivered,2018-01-29 10:43:48,2018-01-29 10:54:34,2018-01-31 14:57:57,2018-02-05 23:46:32,2018-02-20 00:00:00
090e9f5faaeef6a858eb1663e67c0838,2ccf8938c99370e26a1a6e9717654be5,delivered,2017-02-04 16:31:24,2017-02-06 06:30:07,2017-02-07 09:56:11,2017-02-14 14:55:28,2017-03-01 00:00:00
fcb5c3253dca0627badc4dc2d5a9c988,a930629079c8fab9993fd5eedf12de02,delivered,2017-02-07 18:06:18,2017-02-07 18:15:16,2017-02-08 09:38:54,2017-02-16 13:15:02,2017-03-08 00:00:00
8f1946021a4dc73534475dba23e2a5fd,bb061028b40526dc7bee794b00563a0e,delivered,2017-06-26 08:27:44,2017-06-27 04:10:18,2017-06-27 13:11:14,2017-07-07 19:49:22,2017-07-18 00:00:00
2a0d4cb4d13b9552d7556878a2b38f97,f3114662f22c3eba559e52116032733c,delivered,2018-05-18 09:00:22,2018-05-22 08:34:03,2018-05-22 09:33:00,2018-06-06 00:42:38,2018-06-25 00:00:00
b857ab4fe30b0d1e9eaa0922b8a8d364,98d3c3f34ca9bbb7c3a7e69d626b90a0,delivered,2018-05-18 19:56:54,2018-05-18 20:17:29,2018-05-29 14:10:00,2018-06-12 20:11:52,2018-07-03 00:00:00
ca0d7c055f7ec0f5ac169160dfceced0,ba8e2b14bd6a277ded36f4bb5e953bea,delivered,2018-05-04 10:28:52,2018-05-05 03:10:23,2018-05-07 13:28:00,2018-05-12 00:46:34,2018-05-25 00:00:00
5664fde64525f1c1c6a8ef23aa35dc22,e8520f962df6b697d83e26d9d0307ba3,delivered,2017-07-08 11:40:20,2017-07-08 11:50:17,2017-07-10 20:27:28,2017-07-15 13:41:07,2017-08-03 00:00:00
a08a716f7c4514877f9f907aa11294a9,f9a80227a087e3a2008a73e0b19a54e7,delivered,2017-12-01 14:05:44,2017-12-01 14:31:48,2017-12-05 21:27:07,2017-12-08 22:57:33,2017-12-26 00:00:00
2ac8de6b0905ecba2257dd9c59282d0a,d3b11e1b5c7ab076348544e22f666aee,delivered,2017-05-05 13:18:58,2017-05-05 13:30:20,2017-05-09 10:57:23,2017-05-19 11:04:34,2017-05-30 00:00:00
9570539b2a98b46f96b1b029b1d76b03,cac5f6355ab50f1e1601e864e3735c94,delivered,2018-05-03 10:12:23,2018-05-03 10:57:09,2018-05-04 10:19:00,2018-05-23 20:59:53,2018-05-30 00:00:00
c46b48abd599551232324a6e9077bf19,f760b83264231599706a6e4df91fd137,delivered,2016-10-05 11:01:40,2016-10-06 15:49:47,2016-10-10 15:49:48,2016-10-13 15:49:48,2016-12-05 00:00:00
cbc7e44581d2fd89d19be4699b356a62,831df3c9586948c387965d2e9efa5c86,delivered,2018-04-02 22:38:27,2018-04-03 08:09:01,2018-04-05 23:38:41,2018-04-19 21:31:55,2018-04-19 00:00:00
89d97ea4b834af6d90d63888a220bcf1,49b19f4a6f34485ca671a856b84076b9,delivered,2017-11-24 22:13:20,2017-11-25 01:16:50,2017-11-28 21:27:48,2017-12-19 23:34:58,2017-12-28 00:00:00
b529b5646a76c35baa0f143c06c4362a,ae5a0cc27a6c62814813be49a79a70bf,delivered,2017-11-29 11:36:20,2017-12-01 11:31:53,2017-12-05 17:25:16,2017-12-20 20:54:39,2017-12-22 00:00:00
3b877853212414d83731fdd45a6297d6,72b4e72a035c582189e59261116a9bcb,delivered,2017-12-11 11:05:40,2017-12-11 11:16:21,2017-12-15 20:56:52,2017-12-26 17:24:39,2018-01-04 00:00:00
55881111d8b37a0e45cf97b156ae1943,44bc4c58308826749dd6bc260f1ae5f9,delivered,2018-08-01 22:12:32,2018-08-01 22:25:11,2018-08-03 12:27:00,2018-08-08 19:48:52,2018-08-15 00:00:00
28e5bb233e98e648c631612aed074a77,7e59547280d79ce3d8b5d913ce9d9056,delivered,2017-12-14 21:14:10,2017-12-14 22:09:14,2017-12-15 21:34:12,2017-12-26 19:09:33,2018-01-10 00:00:00
4a27c106139f0804241485daa3def0e3,b92e5978219eabbe9cc49f3c4ce58d2e,delivered,2018-05-06 07:58:38,2018-05-08 20:31:41,2018-05-09 15:18:00,2018-05-18 22:58:43,2018-05-30 00:00:00
01882618ede11253381513166b49429e,8f7ecb4570dccd8aeb216db7823da1de,delivered,2018-06-24 10:53:21,2018-06-24 11:58:10,2018-06-26 09:03:00,2018-06-29 14:16:53,2018-07-23 00:00:00
87f124d844740e9c9941e7b7c39381bc,b30f166025700dc3c9bbcd544537aab6,delivered,2017-06-28 14:55:19,2017-06-28 15:05:18,2017-07-03 14:32:25,2017-07-13 19:17:30,2017-07-28 00:00:00
b85a7527aeed7648354efec94c8db7fd,d9c2e17e0fbeebd71fa661d9d6bf65bf,delivered,2018-02-22 17:42:15,2018-02-22 17:55:50,2018-02-23 22:59:33,2018-03-13 11:46:47,2018-03-21 00:00:00
d34b43bca6cc1cb6d49c06d6090770eb,fefa91acc814aec83681c20fd5bb0b50,delivered,2018-05-16 11:07:06,2018-05-16 11:34:14,2018-05-17 13:51:00,2018-06-08 19:33:49,2018-06-01 00:00:00
4838d1c1cbef87593a3921429e633ccc,b3c46b392f9c8ee8077c19223ec84e5b,delivered,2017-11-11 20:33:33,2017-11-11 20:50:31,2017-11-17 12:36:57,2017-11-27 22:14:35,2017-12-04 00:00:00
f43852197ba26a2152a47dcb6d17ffe3,9a2d62a0c2e38209cfbec8ac62865efa,delivered,2017-07-10 06:04:58,2017-07-10 07:01:04,2017-07-10 18:27:19,2017-07-14 04:03:02,2017-07-28 00:00:00
070f532c26f2505352210937089dfc79,eab17ddda36cb27ac825d56bcd269a0f,delivered,2017-09-14 07:12:52,2017-09-14 07:25:28,2017-09-14 17:34:34,2017-09-20 19:02:41,2017-10-13 00:00:00
87ce1ba607d9e1d2a6bf775acaf33e98,f7bf8eab7027399a5a9ffe05d16fa21b,delivered,2018-04-08 21:48:15,2018-04-08 22:09:38,2018-04-10 22:56:47,2018-04-11 23:26:33,2018-04-26 00:00:00
1782944168d9dc2fcfd025bc44d898c8,9a033d3ece10a355d14111f8dabc115a,delivered,2017-03-15 01:34:41,2017-03-15 01:34:41,2017-03-15 14:03:15,2017-03-20 14:41:56,2017-04-03 00:00:00
54bfdab89d1d282e8d79365aa32a86f2,b87e13936750898a0ae99e6436f4e07c,delivered,2018-06-21 16:33:33,2018-06-21 18:21:11,2018-06-22 12:46:00,2018-06-27 13:11:25,2018-07-27 00:00:00
c0f229f61498b44c4a8790aafbf9397a,f568e7635b070696aac4c756f681f64d,delivered,2018-01-05 12:32:12,2018-01-05 12:39:26,2018-01-08 18:49:38,2018-01-10 16:54:36,2018-01-23 00:00:00
6cda04e989dcb90b7a42f11b3638d824,ccab72b69816bc0aced2d261a8ebe248,delivered,2018-07-24 15:26:29,2018-07-25 02:45:17,2018-07-25 11:47:00,2018-07-26 17:02:48,2018-08-02 00:00:00
4617a1e4f74a5e42a73b281034db89c5,f41285f949fc7f25a0845316f92bb7f2,delivered,2017-06-27 21:05:50,2017-06-28 02:15:27,2017-06-28 11:50:05,2017-07-03 11:39:26,2017-07-17 00:00:00
fa4dbdc2240b30eb41532f7a04684661,dca00fb1b6171b7131da91f9df6592ac,delivered,2018-02-23 10:11:33,2018-02-23 10:35:44,2018-02-28 19:39:51,2018-03-22 20:58:56,2018-03-15 00:00:00
19d8b9d9a60cda90fc402ad5580a0faf,55301531b32179f1220ed9cf9e5d4344,delivered,2017-06-09 22:49:58,2017-06-09 23:05:10,2017-06-12 15:48:31,2017-06-19 14:06:04,2017-07-13 00:00:00
acf06644cacca76ec575d6e2b7ca9c1d,05cf8b2243fd1c51697c4105e149d99f,delivered,2017-04-29 12:02:34,2017-04-30 12:04:03,2017-05-02 12:10:04,2017-05-08 14:58:16,2017-05-23 00:00:00
519bd24b712bf33ae1d38e2080c1e5b1,2b90890b2113b49b09d4db68083c123e,delivered,2018-02-15 12:20:50,2018-02-15 13:00:26,2018-02-16 21:40:05,2018-02-21 17:08:07,2018-03-15 00:00:00
2fc8432d4f906403e2bf04d81163b220,184d23e310d63277601c41d77e1c45af,delivered,2017-08-24 11:44:57,2017-08-24 11:55:21,2017-08-31 19:25:52,2017-09-06 21:05:38,2017-09-14 00:00:00
76b5a5fc007406c38125f8d12147093f,0a69a5c6297718d8964fba58fbb675e7,delivered,2018-03-11 20:54:38,2018-03-11 21:28:13,2018-03-13 12:48:41,2018-03-14 22:38:42,2018-03-22 00:00:00
e6572de73e295b8613a4716a3a1f15d6,d43f51543fb5e83578f7ce4f13fc49c5,delivered,2018-02-19 15:20:06,2018-02-19 16:27:25,2018-02-21 18:56:04,2018-03-12 23:38:43,2018-03-14 00:00:00
79c96fac5fd38406b272b04b54d54083,a798a4aa2bb7233493809641689343fb,delivered,2018-07-14 07:30:54,2018-07-14 07:45:12,2018-07-18 16:23:00,2018-07-20 19:44:53,2018-08-08 00:00:00
7aaffbd34cee1970afc42ae26489ca31,8e9bb73ffd143cbd9ac3766df76aaef9,delivered,2017-03-20 14:45:56,2017-03-20 14:45:56,2017-03-23 15:59:52,2017-04-03 14:08:22,2017-04-11 00:00:00
1c3f5d77360bb33e56ac9ab123e07d6d,69ed38d3310866ac3a86f4327cbc8d86,delivered,2017-05-31 19:07:38,2017-05-31 19:15:21,2017-06-01 08:38:15,2017-06-12 13:42:33,2017-06-21 00:00:00
a2d57c3e9335cbd7ba8c89cd98c26676,b7c3a1727e5c7be9e16f997786ac6f0a,delivered,2018-03-24 18:59:42,2018-03-24 19:15:42,2018-03-27 01:51:12,2018-04-13 18:25:18,2018-04-18 00:00:00
ee88bb223301673ac86437df9974b25d,aeea97d6cf1ffcf9352160c54c003b38,delivered,2018-03-05 18:17:25,2018-03-05 18:31:25,2018-03-06 22:42:19,2018-04-09 16:56:50,2018-03-21 00:00:00
a47c6e02b84d8dea0ec21748a611293e,3e6d5ab80ad405a8ebfe75d52974e93c,delivered,2017-01-27 22:07:02,2017-01-31 04:40:23,2017-01-31 12:03:23,2017-02-02 18:33:50,2017-03-08 00:00:00
68f5529a9d5082c715fa0369baf4ddff,0658d5a2ae9ee0fda5faff1eb552fd22,delivered,2017-12-07 21:08:03,2017-12-07 21:18:30,2017-12-08 21:31:53,2017-12-10 16:57:10,2017-12-27 00:00:00
f9938fc84bc7f6ce7d868a41dace1777,bc966495521575680633f5323eabd01d,delivered,2017-08-12 09:44:54,2017-08-12 10:04:25,2017-08-14 14:58:03,2017-08-17 18:00:32,2017-09-01 00:00:00
36b036769c93a2e59324ac996fb51e2b,dba4de664261c717944311ec85f888ab,delivered,2018-08-21 19:20:14,2018-08-21 19:30:50,2018-08-24 12:22:00,2018-08-27 19:32:46,2018-09-05 00:00:00
9cb1433345225b0c4d9449e593900bdd,6df3e1d2f32e019f4bad7640293ba4d3,delivered,2018-02-28 09:48:17,2018-02-28 10:11:36,2018-02-28 22:14:13,2018-03-01 23:48:59,2018-03-13 00:00:00
8f3987cbcd3306eab72ae123764da5fb,ffdd933fe636d97903e7a4758faa8c6a,delivered,2017-12-02 09:06:33,2017-12-02 09:17:23,2017-12-06 19:17:49,2017-12-11 16:37:44,2017-12-27 00:00:00
556e5ad87434de71e0948b9bca0046f5,a5d5dd7dd3d50ed0b24c2e230ac2c486,delivered,2018-05-31 10:57:51,2018-05-31 11:15:21,2018-06-04 13:45:00,2018-06-13 21:28:45,2018-07-13 00:00:00
cf290442e580bf03533aabf4c492b6b5,1084533b0217e620e4b6e79b90e7a077,delivered,2018-01-23 16:54:31,2018-01-23 17:02:36,2018-01-24 20:24:34,2018-02-01 23:28:53,2018-02-20 00:00:00
7106145f3789df33a461a2544bc2953a,9c55ef8e0bdf003d13d7978e45a3e370,delivered,2018-06-06 21:58:02,2018-06-06 22:12:22,2018-06-07 13:58:00,2018-07-04 14:11:34,2018-07-18 00:00:00
5c87f97c103f08f9cd977b07384a3fd3,21105f1f5855e8327a4030ab132b915f,delivered,2017-05-29 20:21:22,2017-05-29 20:30:27,2017-05-30 10:36:19,2017-06-05 14:00:00,2017-06-28 00:00:00
5e13d329c7f14276973d82e2cd49b490,5612114672ad64e961d09613b8f196e5,delivered,2018-01-17 16:48:17,2018-01-17 16:59:25,2018-01-19 19:18:38,2018-01-22 22:38:04,2018-02-01 00:00:00
f91129f9c042c85dbc000f46b36492a5,11e3ca02fb7ecf2f3d8cb15ec85e2fd7,delivered,2018-07-30 15:33:14,2018-08-02 13:43:18,2018-07-31 13:36:00,2018-08-08 15:12:31,2018-08-20 00:00:00
ff3c0c2207c6a0aad6029251042fd6d1,547d508789892862fb96edcdecc4b261,delivered,2018-08-14 22:21:43,2018-08-14 22:30:27,2018-08-15 14:35:00,2018-08-17 21:18:44,2018-08-27 00:00:00
ec311444a53b23c85b5004ee2682b76b,b8049e11dc7ad49410a712171319be65,delivered,2018-03-07 15:45:56,2018-03-07 16:10:59,2018-03-08 20:46:37,2018-03-21 22:53:50,2018-04-03 00:00:00
02f751c4c2fc8ca376b65c8847b65f4d,4885fcba25b353494b21f5c6635adb34,delivered,2018-06-16 09:42:35,2018-06-16 09:59:44,2018-06-18 14:11:00,2018-06-20 20:03:34,2018-07-05 00:00:00
7d0a55e8ef248b7bec928b22f0223430,92e860f64d164d151e5fadd5f986b11f,delivered,2017-05-29 10:18:40,2017-05-30 04:55:17,2017-05-30 13:12:55,2017-06-19 07:22:37,2017-06-21 00:00:00
d67445efbe81f76ebe2f1e2c474411f0,6aaf40faacd8e97eba67e35623e21099,delivered,2018-05-25 21:05:03,2018-05-25 21:37:20,2018-05-28 14:39:00,2018-06-01 13:42:55,2018-06-19 00:00:00
012670c73246a753cbde0a215c2b9e8f,bfd798b55813a211343f1612ecc25b17,delivered,2018-03-02 19:01:27,2018-03-02 19:15:26,2018-03-05 21:14:21,2018-04-12 20:54:40,2018-04-04 00:00:00
134adb681cd5dbe4cd4de155abf4b9e8,3008cf3507581d041096cd655de4272e,delivered,2018-02-28 14:05:08,2018-03-01 02:48:24,2018-03-02 13:59:09,2018-03-27 19:14:40,2018-03-23 00:00:00
81d52605792f2c2b77cef8c1023ea1e5,9dbc089a544895189a7842dc0a35aba0,delivered,2018-05-01 14:16:45,2018-05-01 14:34:10,2018-05-02 10:20:00,2018-05-10 22:32:41,2018-06-04 00:00:00
19f4c2e829ebee01e0d2a9ea2168929d,062299d194a63996946d805c916a21b8,delivered,2017-06-16 21:47:18,2017-06-20 11:05:27,2017-06-22 12:22:48,2017-06-28 13:42:50,2017-07-14 00:00:00
a79c4dca347540e1263b2b750b92d8ab,75a142a1d1b3491cab2167db4f551f4a,delivered,2017-09-02 20:38:28,2017-09-05 04:24:24,2017-09-08 17:41:40,2017-09-19 14:38:17,2017-09-27 00:00:00
817b5c93f134a292fe75b0e313a14c7e,44da5e73b67c2ac30e15d54c879e050b,delivered,2017-12-22 22:04:30,2017-12-22 22:10:19,2017-12-26 18:28:56,2018-01-05 22:52:41,2018-01-26 00:00:00
30b74a76659e17e592e4b869927fdcc8,3d4f7591976731bcb263b498f1c61a1b,delivered,2018-02-01 17:19:30,2018-02-02 17:15:26,2018-02-05 19:33:30,2018-02-06 17:13:44,2018-02-19 00:00:00
0a8c95289dc386957c00a84dcc054d5e,a67bd626be8c12cfdf6ef7bd9bb92384,delivered,2018-01-15 15:27:11,2018-01-16 08:09:50,2018-01-18 13:06:31,2018-01-25 20:49:05,2018-02-07 00:00:00
bc377c460d4530efd4c7e37c5d7f0a9a,ab0634d19f181e73cd4100aaf5ede459,delivered,2018-02-25 19:46:22,2018-02-25 21:00:20,2018-02-27 17:22:01,2018-02-28 17:28:53,2018-03-12 00:00:00
d8a6f310927336f8375b12a6f2391da3,ef2bb412da650379df8e40b023a38f93,delivered,2017-11-18 09:40:39,2017-11-18 09:51:05,2017-11-25 13:57:01,2017-12-21 16:27:20,2017-12-21 00:00:00
fac0d9ee548e947e642b27cea75c2dfe,7b33bd78e40c5af290e79b8d21ecbe22,delivered,2017-10-10 15:15:12,2017-10-10 15:49:13,2017-10-11 18:28:53,2017-10-13 23:09:54,2017-10-23 00:00:00
d3506e0ae259db768a156a6c229b7f81,2005babe96a6efae53dbae29be5e5f39,delivered,2017-07-14 17:02:43,2017-07-14 17:15:18,2017-07-18 19:04:00,2017-07-24 21:27:52,2017-08-03 00:00:00
35dc69177aca98ed312de3c179273128,85384fa1f821f17ad0463dfab48d4118,delivered,2017-12-31 16:26:23,2017-12-31 16:33:27,2018-01-04 12:19:09,2018-01-08 18:23:07,2018-01-24 00:00:00
c7d68d01dba810b5715f4a0f183833df,4a952e461d14fadc2ef375934c06b7cb,delivered,2017-06-08 20:20:39,2017-06-08 20:30:19,2017-06-16 19:04:02,2017-06-19 18:03:27,2017-06-28 00:00:00
a44d1d870123f5629ab393b99a94882d,f92e28ada7607a8a13a31dd40a1e2ce5,delivered,2018-08-16 20:24:50,2018-08-16 20:35:17,2018-08-17 12:44:00,2018-08-27 19:03:59,2018-09-12 00:00:00
25f2336ad64d9dfaf347d85bca407b44,2d68a39301d901ecbf30627542090d09,delivered,2018-03-21 12:16:27,2018-03-22 11:35:31,2018-03-27 20:22:59,2018-04-20 18:09:37,2018-04-17 00:00:00
d83d6b4b12a603ddadd9f182a3cf4608,ceac56c242d0cffbee3c4f5c3335388f,delivered,2018-05-16 15:41:39,2018-05-16 16:00:06,2018-05-17 13:49:00,2018-06-01 16:48:43,2018-06-12 00:00:00
8d3280c1ecf98c7dce004f7c67d67acf,47ede0e6f7b364a296f96c88e2552d37,invoiced,2017-05-09 08:20:16,2017-05-10 02:50:37,,,2017-06-02 00:00:00
853644e9a3512bf69d2461210f82b1ee,285ee4270fcf746c8666467d070512d1,delivered,2018-01-02 10:46:49,2018-01-02 10:55:18,2018-01-02 18:38:49,2018-01-09 02:42:24,2018-01-18 00:00:00
934838488a3fc133b3cb9b1f716c5937,e7714a0cb7c1791ef6aecc21c8cff9c1,delivered,2018-07-20 00:41:44,2018-07-20 00:55:21,2018-07-20 13:50:00,2018-07-27 13:03:56,2018-08-10 00:00:00
4cfe6efc40f9645ef7b88440a1c64149,e8a9e053759d650b77440883c7b27235,delivered,2018-08-04 22:42:52,2018-08-07 04:10:17,2018-08-07 15:33:00,2018-08-19 17:08:42,2018-08-09 00:00:00
e8a874f0c34734d1f21dc074967f0a07,0a430289a266ecb57ad180f7076431aa,delivered,2017-11-24 15:40:10,2017-11-24 19:13:04,2017-11-28 21:47:37,2018-01-03 22:06:19,2017-12-15 00:00:00
2552ad5f4b7eb7bc0650f3e1a4a1d678,8762f5a57da0d4ac0936522a83bfd9e0,delivered,2018-04-04 10:43:17,2018-04-04 10:55:21,2018-04-05 23:17:31,2018-04-12 15:22:36,2018-04-26 00:00:00
86cca7c07ff5eb8645628ac2127ca672,052b62736cc868106f123c0e0a896fcb,delivered,2018-04-09 19:30:28,2018-04-09 19:50:48,2018-04-10 19:03:16,2018-04-17 18:32:32,2018-04-25 00:00:00
f630fd7dffb55e2d36429df08aac0868,f28cc0e73cea30937397c4906c10750a,delivered,2018-05-10 08:03:18,2018-05-10 08:31:19,2018-05-11 13:38:00,2018-05-16 13:12:54,2018-05-28 00:00:00
c19eed4d32cfb9fb91c6966ce38f7aa0,42f96959b77ac869847e99386e2454ce,delivered,2018-06-03 15:23:56,2018-06-04 09:51:32,2018-06-05 14:22:00,2018-06-22 17:32:26,2018-07-20 00:00:00
6726b6ce39bdad195755f019dd9bd4fb,98f5451f9c5690c1fc201064fcb92c46,delivered,2018-07-03 15:21:25,2018-07-05 16:10:51,2018-07-18 13:23:00,2018-07-26 17:49:48,2018-08-08 00:00:00
d360565f32ca36990e4d6e839e10877d,eb0dde4cb41710623edb1e57ebad58ad,delivered,2018-01-03 09:15:42,2018-01-04 05:14:08,2018-01-06 00:52:55,2018-01-16 17:14:45,2018-01-30 00:00:00
4982b38c3eaf8479ef8d65755b2d0b14,50ca20518ce814665c93ce9b39832c3b,delivered,2018-04-19 14:57:36,2018-04-19 15:11:44,2018-04-20 16:43:00,2018-04-28 00:05:17,2018-05-17 00:00:00
ad2b9f8531232554f31be87d5ea9da10,1dd73829c319153f6e6cb9231707eb44,delivered,2018-05-09 13:38:49,2018-05-09 13:55:23,2018-05-11 12:26:00,2018-05-18 13:28:23,2018-06-04 00:00:00
7272b5bc978cef58523fad8731e5a12b,93dc216515623e3e6ff8cbe437c1ea40,delivered,2017-08-28 16:19:43,2017-08-29 22:06:15,2017-08-30 19:03:04,2017-09-11 19:35:44,2017-09-20 00:00:00
dd11631d8b02780b78bd97ec44a1ca8c,a05daaa7b79d7053da895ee3b342cf2d,delivered,2016-10-04 23:08:08,2016-10-06 15:50:14,2016-10-31 14:38:06,2016-11-04 12:45:51,2016-11-28 00:00:00
cba655bc3c72fc26b4fe864f2ea5fe38,397ac98a256dd1f8a04716af140f3836,delivered,2018-05-23 18:45:12,2018-05-23 19:15:34,2018-05-25 12:51:00,2018-05-26 14:35:27,2018-06-11 00:00:00
4cad7da3634c4f5d4bb0c35b4c056f73,9eb8dc580cb53bbf6ddac7cf2a96a427,delivered,2018-05-08 18:10:03,2018-05-08 18:32:07,2018-05-09 11:34:00,2018-06-12 23:48:28,2018-06-06 00:00:00
c5c8d33a3102ffa7d6fe4072ddf0ea8e,c20273ff6ef04c793e6733be408fcd67,delivered,2018-08-03 02:57:12,2018-08-04 04:05:31,2018-08-06 13:59:00,2018-08-13 21:04:24,2018-09-04 00:00:00
2d28cc7a503b6547e21d671f6a4a44e0,e20f7ebe60519101415e9e8078dd2c8e,delivered,2018-01-30 15:35:35,2018-01-30 15:55:26,2018-02-23 19:57:33,2018-03-01 20:13:59,2018-02-22 00:00:00
b667484df2bb8bef1e61788f1c7556f5,a4db066a833b0fcd698e7eeba2d73fe9,delivered,2018-01-05 14:50:02,2018-01-06 02:08:40,2018-01-10 16:21:55,2018-01-16 19:23:34,2018-01-30 00:00:00
03b2144a8822e91cc05da7907f21ea1f,b99655875e88535e49976ea21cb258a1,delivered,2017-12-17 16:37:32,2017-12-17 17:34:32,2017-12-18 23:03:58,2017-12-22 20:42:08,2018-01-19 00:00:00
66eb2e45baf0a88a06f8d17a1e756ff6,70e00a2e944e61bee44f9a2b16b3c35c,delivered,2018-04-15 00:08:41,2018-04-15 00:30:46,2018-04-16 23:14:27,2018-05-05 12:36:32,2018-05-10 00:00:00
ad9447ca1bb7d23ed83358f2235b5a56,770b4048ddba14783f319c201b111706,delivered,2018-08-07 22:33:51,2018-08-09 04:05:07,2018-08-09 13:23:00,2018-08-21 18:57:54,2018-09-04 00:00:00
6b5a7273e54ae49ccc58c6d77f0bb847,1eeba1b0fd9dd044280bce0056665d04,delivered,2017-12-08 14:40:41,2017-12-08 14:50:18,2017-12-13 16:52:18,2017-12-20 00:04:54,2017-12-27 00:00:00
0de5dbc9f3226761687d84b54057efba,986e4efa44089b9cafd44fc27ba74244,delivered,2017-08-09 21:09:22,2017-08-09 21:25:14,2017-08-10 18:44:56,2017-08-28 16:57:42,2017-09-25 00:00:00
ce4dab31cebede7c9e9e105a56277fa3,b89af678d41d20552b4eceae653728e6,shipped,2017-11-27 19:51:35,2017-11-27 20:17:25,2017-11-29 21:37:20,,2017-12-27 00:00:00
1cdfc7851cb3d94ed77b3fe4cafa2fad,997ca95e5e2fa04388a046ebf1be1655,delivered,2017-09-14 10:38:06,2017-09-14 10:50:14,2017-09-22 17:22:17,2017-10-23 10:41:51,2017-10-16 00:00:00
2780ed1899a2f0138ad85cc24179fa77,955ca1d545f1d15b50b79a8f55d07097,delivered,2018-04-08 12:05:06,2018-04-08 12:29:49,2018-04-09 18:03:18,2018-04-10 19:21:55,2018-05-02 00:00:00
dc0109bc73a54e5a94b39f557da4916a,218fd136c7a84d4e9830d0fc98ed9f38,delivered,2017-08-12 18:48:33,2017-08-12 19:03:44,2017-08-15 13:13:13,2017-08-18 17:10:16,2017-08-25 00:00:00
65c6c6e3397b02121a0a14f07514612c,edcf166270d2ea3a3dd093c74deb5c9e,delivered,2018-05-15 15:27:57,2018-05-15 15:55:48,2018-05-16 13:44:00,2018-06-04 20:26:42,2018-06-11 00:00:00
51e827dc634ca855acba1d305c4649af,dcef2fe349300ac52c962eb0f0fbc453,delivered,2017-09-15 13:18:29,2017-09-15 13:35:18,2017-09-26 20:32:44,2017-10-09 10:37:10,2017-10-19 00:00:00
5a69efb2f5e59a71c1bd5f89be84b23f,d2dcadef9de4bfc87ea65ac2ffc0d853,delivered,2018-02-14 12:53:47,2018-02-14 13:07:36,2018-02-15 23:21:35,2018-02-19 16:04:49,2018-03-01 00:00:00
fa752aebeda0a3f9a2626bc507550c3f,1674724f5fe22d2cf3420bb5f2511c9a,delivered,2018-07-17 13:27:40,2018-07-17 13:41:32,2018-07-19 14:12:00,2018-07-26 17:51:54,2018-08-07 00:00:00
431a73cf857d30d431ab61a5ed6909d8,1c6279e4d8a3c29eeaa6e9b4a5925143,delivered,2017-09-05 16:03:24,2017-09-05 16:15:14,2017-09-09 13:23:12,2017-09-14 17:46:35,2017-09-22 00:00:00
fae3bd74427278464a08777366ab3f66,bb81bfe0445d732ce9f4593e7c82e2f0,delivered,2018-08-17 20:31:07,2018-08-21 04:29:47,2018-08-21 13:15:00,2018-08-28 19:03:05,2018-09-13 00:00:00
f47934b85de99a093567443e2eada0ef,89b9fe24b3c85bb1cfda0ebdb24c6eb4,delivered,2018-05-16 21:08:44,2018-05-16 21:35:47,2018-05-17 14:31:00,2018-05-22 17:39:45,2018-06-06 00:00:00
5d6f6038fbf6c4efe634bb697ec4d82c,e1d741992de9b6058d8b905d0032e990,delivered,2018-04-15 00:49:43,2018-04-16 08:51:15,2018-04-17 15:22:26,2018-05-04 01:22:26,2018-05-10 00:00:00
a72d0db4daa2d7a8a1a4a8e499cc2ae5,483f9f95efee899a6f12385108817317,delivered,2017-07-18 20:42:01,2017-07-18 20:55:16,2017-07-21 14:22:32,2017-08-01 19:07:27,2017-08-11 00:00:00
8624c1e28cde5fd7175aa2e87e03d494,e90793319f301c5188f395b70ef72888,delivered,2018-02-08 21:35:16,2018-02-08 21:50:34,2018-02-10 04:55:01,2018-02-16 12:19:18,2018-03-07 00:00:00
27791b643439f653faa711f08d8b801f,44408d60d96d2d8515d5dac025f35f46,delivered,2018-06-15 14:39:03,2018-06-15 15:03:47,2018-06-18 13:45:00,2018-06-21 21:46:24,2018-07-05 00:00:00
eae7c385faf129f9e3dfa314bda4d979,1ab8e0c89bc86653d00e6ce606d71e18,delivered,2017-10-02 14:50:52,2017-10-02 15:04:33,2017-10-03 16:12:56,2017-10-14 00:27:48,2017-10-26 00:00:00
30dd1aa2ec1728ab9bac85497532d6ea,59c4704f815b37eaecf78935a5c126b0,delivered,2017-09-21 13:59:15,2017-09-21 15:30:21,2017-09-27 18:33:13,2017-10-12 12:18:05,2017-10-16 00:00:00
62473d4e38d5bc1cbe9ba89c2e552183,48b154cb685be74cf08890dadbfca98e,delivered,2018-08-22 14:18:49,2018-08-23 02:55:29,2018-08-23 15:12:00,2018-08-30 22:58:55,2018-09-17 00:00:00
e73242af72f21b83ed57aeb572c4f62c,dca4fcf46c15aad61c6cc88d568a31da,delivered,2017-12-28 21:45:01,2017-12-28 21:56:21,2017-12-29 21:43:40,2018-01-08 12:19:16,2018-01-24 00:00:00
3404eea1f2d0725e85f2b793a7e1aa4e,8c443a19635375ff36a6a176826a7062,delivered,2018-06-22 22:10:44,2018-06-26 04:59:00,2018-06-26 13:24:00,2018-07-04 22:26:45,2018-07-26 00:00:00
c47b001496a3dc2f5a48534c4816adb8,d83bf4a561c0f435969fd89129d03595,delivered,2018-06-14 03:28:06,2018-06-14 03:58:05,2018-06-18 06:19:00,2018-06-29 19:47:32,2018-07-16 00:00:00
16f5ff14af497212a69fb3b390173e87,6a3174fd44f5c2cd22683bde06f1cdc0,delivered,2017-07-03 14:03:34,2017-07-03 14:15:15,2017-07-04 13:37:29,2017-07-11 17:07:42,2017-07-26 00:00:00
0ea0b98a6722a5624e92e4fac9970b45,9ce680550685acfb8f43c455d3072cad,delivered,2018-07-23 07:03:16,2018-07-23 14:30:58,2018-07-24 12:45:00,2018-07-27 16:03:26,2018-08-10 00:00:00
058c781acedf69d42ac38a568ca97b05,5f20182d4742c105de1967ae7154043c,processing,2018-05-05 21:03:55,2018-05-05 21:33:03,,,2018-05-28 00:00:00
b7ff8f6ebc1ce56907f3f34b7b92fee9,7fcb81240264adf39766759e761f5ec0,delivered,2017-05-16 07:21:34,2017-05-16 08:00:06,2017-05-19 09:23:44,2017-06-07 14:51:42,2017-06-07 00:00:00
3032a5e32d822f211491303769755b87,6c2bbbe3ed23e59d735f3262256d21e8,delivered,2017-03-20 18:47:14,2017-03-20 18:47:14,2017-03-23 15:26:31,2017-03-28 15:47:14,2017-04-13 00:00:00
7a45fed6f02cf65077032fae79d43024,d4a1ad4f3a9193b3a47263c09908cf51,delivered,2018-03-08 12:49:53,2018-03-08 13:10:31,2018-03-13 23:28:23,2018-03-17 01:34:48,2018-03-26 00:00:00
79265dc37c62974d65c0675a5501e127,ca1c0133a7c25fd0c6b9cd7feaaf7afd,delivered,2018-07-17 17:26:36,2018-07-17 17:35:24,2018-07-20 13:27:00,2018-08-13 15:24:47,2018-08-14 00:00:00
76c4c846aae2dae9e87dfa492c3f5259,8c193b870f6af1254fdbf4bffed544a3,delivered,2018-08-06 14:01:56,2018-08-06 14:10:22,2018-08-06 15:43:00,2018-08-16 16:59:42,2018-08-31 00:00:00
282161fa6e9f9cbcbaf8ea340d4ee7f9,a8b040edb552166aa34f9c9ae2629073,delivered,2017-04-02 19:33:32,2017-04-04 06:02:22,2017-04-05 14:15:32,2017-04-18 14:53:09,2017-05-05 00:00:00
1b41edd8cc8fe751d98cba50338f8c8b,60f01437dc8c6ed3be94b2062394ccdd,delivered,2018-04-18 09:59:54,2018-04-19 09:55:20,2018-04-23 18:48:53,2018-04-26 20:22:51,2018-05-11 00:00:00
2f9df1faa244b3c72c69901d8c999539,d47066f2891c6abba2644add82add774,delivered,2017-08-07 17:34:54,2017-08-08 17:45:18,2017-08-09 20:47:36,2017-08-21 18:07:49,2017-09-06 00:00:00
3ae6c164f9e4222b57e95c67ce981118,4d184b2d4fcbc123ce36c25707636477,delivered,2018-06-08 05:46:58,2018-06-12 04:35:52,2018-06-13 14:00:00,2018-06-14 12:58:49,2018-06-28 00:00:00
67babe0383a8449faeed6e1d37d8aa45,98324b273a2755006d073561036ed2e1,delivered,2018-07-10 13:54:14,2018-07-10 14:05:22,2018-08-03 07:50:00,2018-08-08 22:38:54,2018-08-29 00:00:00
5712a9cedf6170bd8cb13ef4090cd1e4,461692a55cce1954087b09cddaa34c48,delivered,2017-12-15 23:36:05,2017-12-15 23:51:46,2017-12-18 18:23:28,2018-01-08 13:52:57,2018-01-04 00:00:00
298b1dfbb58e9e8e2a9413528c1da46f,72b867ce743f7c9077efadf90a10e980,delivered,2018-06-18 09:10:06,2018-06-19 09:18:18,2018-06-19 14:57:00,2018-07-09 19:57:55,2018-07-13 00:00:00
74c4ac3867f9fef27d2e9377a746f090,652950605dbe0ab0be6b640cf23c12a3,delivered,2018-07-10 12:52:58,2018-07-11 12:45:58,2018-07-17 13:54:00,2018-07-26 00:27:44,2018-07-31 00:00:00
1ad9ba29c8a520d8f3a8052fabdbf46e,dbf8dd1e8d2569387904fd4fb91e8ed2,delivered,2018-02-21 09:35:13,2018-02-22 02:48:08,2018-02-22 21:34:18,2018-02-27 13:08:50,2018-03-13 00:00:00
be72913e7cd72283b3a40dea048c3689,024aee4bf3ee8fc406d58b5c47e18578,delivered,2018-05-21 15:30:28,2018-05-22 15:36:32,2018-06-12 09:17:00,2018-06-21 00:42:30,2018-07-06 00:00:00
46347dc54e84dc7863cb5c90cf57a9d3,15a79a154b59ad517cd8b807087ac3ee,delivered,2017-10-12 01:21:54,2017-10-12 01:35:15,2017-10-27 15:46:58,2017-11-01 19:19:43,2017-11-01 00:00:00
c6051ea41588b7a6ae49a458fcba5ac9,c9f679a703814e76c1bb7636d2cbec9e,delivered,2018-03-13 08:28:09,2018-03-14 03:08:25,2018-03-14 19:03:24,2018-03-19 18:29:31,2018-04-04 00:00:00
21e751f0d78afdfe36cb0e8fe45360d8,4f055f9a74696ba8819b212dd584a93c,delivered,2018-04-14 11:03:02,2018-04-16 19:51:50,2018-04-17 22:28:30,2018-04-23 20:32:41,2018-05-14 00:00:00
3341f48b8cd985f52c4cf432a582efe1,95205051ede9c17f3d9490eb024b086b,delivered,2018-04-08 20:57:25,2018-04-08 21:10:45,2018-04-09 20:03:09,2018-05-05 18:38:57,2018-05-08 00:00:00
88bfffb703ac4ca796838e203eb033b2,728589ee5402a95993edcc6ca4975ac1,delivered,2018-03-16 15:53:44,2018-03-17 02:40:37,2018-03-22 20:37:59,2018-04-20 15:26:47,2018-04-13 00:00:00
f6af432c1ac452ce563fa6ffc5e35aad,fac01597391cbd0d0a3ce949cf6a0bc7,delivered,2018-06-12 08:19:55,2018-06-12 09:01:09,2018-06-12 14:44:00,2018-06-15 17:09:25,2018-07-12 00:00:00
63fff75d3fa0d58efe7e92adb5de3ba2,a15cfa97b62e30ca2e0f9ad649cc7774,delivered,2017-11-29 11:42:18,2017-12-01 14:52:23,2017-12-06 00:13:19,2017-12-20 20:38:52,2017-12-28 00:00:00
a7c5e8acbc8e06069ca0b62930aef0d2,45bd85bad646d70660e27ed0d411fe3a,delivered,2017-09-30 22:28:46,2017-09-30 22:44:12,2017-10-02 20:09:04,2017-10-13 18:06:37,2017-11-06 00:00:00
ff9a23f98e16dda95d66bf4a8a826e40,8880362409152ef9d8bdc890e1e6d648,delivered,2018-03-08 16:01:47,2018-03-08 16:30:05,2018-03-10 00:14:37,2018-03-14 23:28:45,2018-04-10 00:00:00
a1a26b76e9a6beff902a07dfc8b8737f,6a1f337d0cc6f70b9eed7150547dac4c,delivered,2018-05-19 21:38:44,2018-05-20 00:24:32,2018-05-21 14:53:00,2018-06-01 21:28:21,2018-06-04 00:00:00
993da8482e658ec7f1d0c6d955604936,e9448a633c12d2de0d904428bd3ce893,delivered,2018-08-17 03:00:56,2018-08-17 03:35:16,2018-08-17 16:31:00,2018-08-23 16:23:51,2018-09-03 00:00:00
4cc2ebba3c2ad873d27b23ecdfb87d92,99c7984922f1972dbc63eaf6dfab7e7e,delivered,2017-09-12 18:14:25,2017-09-13 03:10:44,2017-09-14 19:29:54,2017-09-21 21:02:51,2017-10-03 00:00:00
48537102329d4619f509f80e2c957d7f,3b38d0b3396d166784999923ac6dd355,delivered,2018-03-22 10:32:34,2018-03-22 10:49:31,2018-03-26 23:08:44,2018-04-05 14:57:45,2018-04-17 00:00:00
a1406509a4e81343f4c669ae236fd01c,9730f3658e8ab2e63c59450396dbf937,delivered,2018-02-25 08:25:15,2018-02-25 08:35:27,2018-02-27 21:57:35,2018-03-15 20:08:24,2018-04-04 00:00:00
6f4864c33cda993b4b5d83ab68c28ef2,4959f24c154abce1a3ccd181696d2069,delivered,2018-03-29 16:39:11,2018-03-30 03:15:23,2018-04-03 23:29:37,2018-04-09 16:49:20,2018-05-07 00:00:00
1c05a65d4250595c0369fe2e5771f5a1,67d24edd143120f77f501ac5a2b2023e,delivered,2018-06-08 11:02:21,2018-06-08 11:17:16,2018-06-08 16:55:00,2018-06-22 23:08:50,2018-07-17 00:00:00
82b501d2951b0193d0960457f020aca2,c9596125b77d7da43c4fbcc097c20cec,delivered,2018-06-12 19:53:09,2018-06-12 20:25:19,2018-06-13 14:15:00,2018-06-21 18:21:36,2018-07-18 00:00:00
993f3fc78c8cdf418bd5b0f7cfffcaa9,2662e20a611239f65776afe378a96edd,delivered,2018-08-15 11:44:16,2018-08-15 12:04:15,2018-08-15 16:35:00,2018-08-21 20:46:49,2018-08-27 00:00:00
f9a61f17bff852cd69b6fee5812cb593,4dbc842125d6adba822dc8cbd448bce2,delivered,2017-04-10 10:28:48,2017-04-10 10:42:15,2017-04-11 13:44:08,2017-04-13 13:34:36,2017-05-05 00:00:00
c66985d27ca5899e6058749d3432daf4,57802b83580aed851828868d4f7a4917,delivered,2017-08-07 14:14:22,2017-08-08 03:50:12,2017-08-09 15:12:48,2017-08-15 22:57:42,2017-08-29 00:00:00
d4c2efa6a85e5aa02652b1358cc340fd,d28fb373c79780937f853daf2fbafa5e,delivered,2017-11-09 17:38:39,2017-11-09 17:55:21,2017-11-10 14:46:36,2017-11-24 21:35:10,2017-12-04 00:00:00
bcf9e8202b0b23d6b2b27c7e7e9358e9,f36996ed68c100fbd9df96fb3f75fcdf,delivered,2017-07-08 16:44:51,2017-07-08 17:03:22,2017-07-14 20:02:40,2017-07-19 20:10:32,2017-07-28 00:00:00
c96c22ca4f7729454ad5ccd827b3c40e,dcd8cf51c37cad018c9281d823889da8,delivered,2018-03-05 18:47:32,2018-03-05 19:28:16,2018-03-10 03:22:39,2018-03-15 19:21:51,2018-03-28 00:00:00
2c8ae71873abf8c37c3dbf4322dc9a24,369af2b60d3095c829821e004f220578,delivered,2017-07-24 17:37:13,2017-07-24 17:50:11,2017-07-31 20:36:02,2017-08-10 03:27:30,2017-08-25 00:00:00
bc0ccb298ff96bfc777b62cfe75899c1,27c98b58cd9c685c41301f06ecc8cf7f,delivered,2018-04-06 17:12:41,2018-04-06 17:30:22,2018-04-10 17:51:46,2018-04-11 18:44:34,2018-04-18 00:00:00
e1d88321521ac026d9bc246154ee558a,c5dcbae0ea1c8dd42c20a11d05c43e65,delivered,2018-05-07 18:20:37,2018-05-07 18:35:19,2018-05-08 15:14:00,2018-05-22 18:36:44,2018-05-28 00:00:00
7d9dc68e35d08c6d418d2af729887b2d,1b0076621dc940bfa90910ca15d5cf31,delivered,2018-01-05 12:21:40,2018-01-09 07:22:51,2018-01-13 00:19:21,2018-01-23 16:44:11,2018-02-06 00:00:00
69dfe792c019bf6ffda89f85c1e9623e,9dd50ff077de2943d52b1f62995a7aa9,delivered,2018-01-12 13:05:43,2018-01-12 13:18:27,2018-01-13 01:17:47,2018-01-19 16:58:35,2018-02-16 00:00:00
6a83363bccad866b7d3c202dea555374,ee8ee27bccc792f9be6a47c298ef0cd2,delivered,2018-04-27 16:26:08,2018-04-28 02:51:34,2018-04-30 16:14:00,2018-05-04 14:37:45,2018-05-22 00:00:00
d2b4a4076a8cb3ca3b43a1ee90b4a0e2,b90967a09edc5a1bbb7eff576bb6955b,delivered,2018-06-21 21:02:24,2018-06-21 21:18:17,2018-06-22 13:06:00,2018-06-25 22:28:48,2018-07-04 00:00:00
8508367ffb93fbcdea00997ea565ad6f,d0355239ebf0870cbcb6659c0f2a8b2d,delivered,2018-01-11 08:25:41,2018-01-11 08:35:29,2018-01-11 16:40:04,2018-01-16 18:03:26,2018-02-15 00:00:00
f0d81c4925aa9ea96bc87f15da53c0f0,445142fa82cc963d206dba6b78f96427,delivered,2017-10-22 14:38:36,2017-10-22 14:49:39,2017-10-24 14:34:51,2017-10-31 20:38:48,2017-11-10 00:00:00
96cc19379b58b51d6cae968d286bba81,d85e9495a5564a5ff27d3de828e383cd,delivered,2018-03-05 18:13:30,2018-03-05 19:00:27,2018-03-09 19:28:30,2018-03-16 20:14:29,2018-03-29 00:00:00
b155ee52cd6ea24f9572ef900bd09211,18a08b36c7911eb8a4d910e6b02518d7,delivered,2017-04-24 20:25:39,2017-04-24 20:42:26,2017-04-25 13:48:16,2017-05-04 12:14:26,2017-05-15 00:00:00
7b4371df7c7f31967a101f1d4559875a,bec239dc5cea775ad97c271e47cfeaf7,delivered,2017-09-03 21:48:38,2017-09-03 22:04:17,2017-09-04 19:07:00,2017-09-12 21:05:04,2017-10-10 00:00:00
7b0ccc701e00fd27ba794e0ce7458d88,d0fb635d546454787bd1090176272b52,delivered,2018-03-16 18:07:43,2018-03-16 18:28:29,2018-03-19 12:41:50,2018-03-28 16:08:44,2018-04-04 00:00:00
e9b735c3e357b0f402a642f5f20365df,d1f9eccec8508471e329686d56300b91,delivered,2017-09-17 18:22:18,2017-09-17 18:35:22,2017-09-18 22:13:45,2017-09-27 15:41:50,2017-10-10 00:00:00
ee651bae2f01d0480c94fff2bfc4b7a0,dd30a41164c111b2c77bc14a640392ab,delivered,2017-12-07 16:20:15,2017-12-07 16:31:52,2017-12-11 17:42:55,2018-01-04 20:04:30,2018-01-11 00:00:00
b2568132625046ee9b5384ad5bd26977,cebec0575369eb5d6df1ffc926584e7c,delivered,2017-10-13 15:52:21,2017-10-13 16:15:17,2017-10-17 19:13:38,2017-10-18 20:24:59,2017-10-26 00:00:00
4cf6a6de996beb9d4b190c7983be98d9,8c9b9e1390033f2bc5caa0bb30b12fee,delivered,2017-10-04 18:12:57,2017-10-04 18:28:22,2017-10-09 21:24:10,2017-10-12 17:43:26,2017-10-27 00:00:00
3e4875148a652a619d8615653b4c8e3c,64e2ba6c3e485261327eedd7e735765d,delivered,2017-11-26 15:05:37,2017-11-26 15:15:01,2017-11-27 19:12:34,2017-11-29 12:36:47,2017-12-11 00:00:00
c270c617b9a56cf86a0751f237f567c4,90c7a05edb5d7a794479cddcc60b8de5,delivered,2018-06-21 00:56:22,2018-06-21 18:40:21,2018-06-25 14:54:00,2018-07-03 16:17:07,2018-07-16 00:00:00
c1dc9326b9f99f2db29af061a59cbe8d,b7e072aeb3554b56de4934c9da05da1e,delivered,2018-04-04 00:20:09,2018-04-05 02:10:11,2018-04-05 17:37:35,2018-05-05 17:36:27,2018-05-04 00:00:00
9dd8939599e245883bfdcecb95ff30f8,7ae7917808e8d491a803de9684da13bc,delivered,2018-06-15 11:56:18,2018-06-15 12:23:08,2018-06-15 13:47:00,2018-06-20 23:33:22,2018-07-20 00:00:00
c6c503c80e66a33d6e643178cd943e7b,7e153c1fcfdae18b86e15bead9915409,delivered,2017-07-02 20:48:48,2017-07-02 21:03:55,2017-07-05 10:07:32,2017-07-14 20:27:50,2017-07-28 00:00:00
adf36df4c22d10f6df56aa465a4cd301,781aba8df3b1bb0efe7657a98f7412da,delivered,2017-09-03 16:57:48,2017-09-03 17:10:13,2017-09-06 23:29:34,2017-09-14 19:47:37,2017-09-26 00:00:00
8d92a85b0ecdf7d7b3807474390ee2be,d72100dfddbecb3d8a9d74d3e35fd472,delivered,2017-05-16 22:51:01,2017-05-18 02:25:36,2017-05-18 15:24:23,2017-05-22 11:22:37,2017-06-06 00:00:00
2ab10ab526351fd3b05219e9eb4f7d9f,5038412e993abfa85f57ec66af30e303,delivered,2018-06-13 22:17:25,2018-06-13 22:40:16,2018-06-14 14:47:00,2018-06-20 17:58:42,2018-07-03 00:00:00
7cb684204f6e5b3df6e066a7b2249706,2e23eff24c84bd8b13dbbba9ccf75b6a,delivered,2018-02-06 15:41:08,2018-02-06 16:11:40,2018-02-09 21:09:01,2018-02-19 22:07:40,2018-03-08 00:00:00
cfe75b350e0f6cd144578e60bd77da82,0abe81da869139a8b4a68d7740747d6d,delivered,2018-04-15 16:10:00,2018-04-15 16:31:15,2018-04-16 17:09:03,2018-04-25 16:30:45,2018-05-11 00:00:00
8e6ea4b72f10b06c7c6ac53f274e636f,624c7fcfdc6139e9d9780e5ed34f3d4f,delivered,2018-06-04 15:47:50,2018-06-04 16:12:21,2018-06-06 18:58:00,2018-06-07 23:12:51,2018-06-28 00:00:00
59fe3d09426ad8ab2704c83289504020,f76262103d732ab3dc351f36b1cf976c,shipped,2018-02-22 18:12:40,2018-02-22 18:47:35,2018-02-26 20:33:41,,2018-03-22 00:00:00
e884177a9732255a4b37042acf760c06,62efb165f6f8e441bf9094840e818608,delivered,2018-04-22 20:05:44,2018-04-24 19:22:40,2018-04-24 18:03:05,2018-05-08 14:22:36,2018-05-16 00:00:00
5c9a0939b9e4b6d310a738b443bd44e2,0e67345e8ee5736220fb34c1109f125e,delivered,2018-01-22 20:12:29,2018-01-22 20:34:01,2018-01-23 16:14:11,2018-01-30 18:21:29,2018-02-14 00:00:00
1103b5da42ef752c4264d8e1b942aa3f,02c63a27c1684a847772c7cbdd01642b,delivered,2017-06-16 17:54:43,2017-06-20 10:23:20,2017-06-20 16:12:53,2017-06-22 13:03:16,2017-06-29 00:00:00
47c65e2da8bf586e8d74fd1f0cfe7a68,54322bcbbe4a873c3d349672ad52239c,delivered,2018-04-17 22:21:49,2018-04-17 22:32:14,2018-04-20 01:56:19,2018-04-23 17:03:37,2018-04-30 00:00:00
9831b84779bb2216541f702f5ed7c331,e4810f3375c0f016838e715c1b7a0339,delivered,2018-02-17 20:56:20,2018-02-17 21:07:07,2018-02-19 18:18:52,2018-03-01 23:19:29,2018-03-15 00:00:00
7326b80e8032981dd916354e7030923b,f17d78694d6fe86ff72d43ff3c9db2cb,delivered,2018-01-07 05:03:49,2018-01-07 05:19:20,2018-01-09 17:23:57,2018-01-13 16:57:44,2018-02-01 00:00:00
21eb87388abffab374c2064a0efe0a48,e4a166d37bd00d30e67e46147b739bd4,delivered,2017-12-04 15:03:38,2017-12-05 04:12:21,2017-12-07 19:22:39,2017-12-28 22:06:00,2018-01-02 00:00:00
abbc17763bdada83cf456bf064360a39,09a0486222db9cfa202cdc41036569a6,delivered,2017-10-16 21:06:18,2017-10-16 21:26:18,2017-10-20 21:05:01,2017-10-23 22:15:34,2017-10-26 00:00:00
60f46ff1481bcfaf8a78259b1827c1d9,2065f40097e32c0d6379d392f5fba96f,delivered,2018-02-22 13:40:17,2018-02-22 13:55:26,2018-02-28 19:27:47,2018-03-12 23:16:33,2018-03-21 00:00:00
7c61b9e90d1b0ab05a70d9651bbfbe59,c9b3a442497666a3b8990896b126fba8,delivered,2018-06-11 12:25:47,2018-06-11 12:57:06,2018-06-15 12:24:00,2018-06-22 17:42:35,2018-07-24 00:00:00
4b9e3d73bc7731420bb3f45c2cec9ed7,4478c8dc1d77c1bfec4e97fda085f15e,delivered,2018-03-28 11:31:00,2018-03-28 11:47:56,2018-03-29 18:27:25,2018-04-19 04:48:45,2018-04-18 00:00:00
b890cb0243af4f8fd806a1429f978113,ad342db8aa782e7acfb95ff6ef79e6f0,delivered,2018-06-06 16:53:47,2018-06-06 17:13:08,2018-06-07 09:55:00,2018-06-20 18:06:29,2018-07-18 00:00:00
e3c654307c9b3b9988c35371c5bbf738,6b53484ec2e43f653edc5f35d09d5cf9,delivered,2017-04-15 19:08:40,2017-04-18 03:55:32,2017-05-05 13:06:58,2017-05-19 13:09:41,2017-05-08 00:00:00
389a2342cf14ac39a661c9b08a3cdfa6,cdc2bba36d83fe46dea8a0dce9453146,delivered,2017-10-26 12:52:24,2017-10-26 13:14:23,2017-10-31 20:51:19,2017-11-06 19:28:54,2017-11-21 00:00:00
9cf677fc6e42f8256b310109fe5f2333,dcf9da02825b471237d9f83bd0c39fe6,delivered,2017-10-09 22:05:59,2017-10-09 22:14:24,2017-10-10 16:48:13,2017-10-20 18:42:25,2017-11-08 00:00:00
7060f73d08967fd1df06148b7cfb2ffe,1367d72e754996a2323d425be45674cb,delivered,2017-05-25 07:14:09,2017-05-25 07:25:08,2017-05-29 10:02:28,2017-06-02 07:51:38,2017-06-14 00:00:00
0eda4018077fe64a701b5af5b47dba15,4147dec488b2752a744128d6662adcd1,delivered,2017-09-13 11:24:57,2017-09-14 02:50:25,2017-09-15 17:40:08,2017-09-21 21:16:57,2017-10-05 00:00:00
acd068ae67c781f99b759f3ddb1c5d57,635ce7cacd8a8962bb1281ad48353fd3,delivered,2017-08-02 11:17:49,2017-08-02 11:30:20,2017-08-02 21:17:28,2017-08-07 16:48:32,2017-09-01 00:00:00
6d124e450d109b4a3b8ac6c4ccbd6d11,f4abd5da98c256fbcbfa418e6948496e,delivered,2018-03-16 11:53:18,2018-03-16 12:09:39,2018-03-20 01:28:36,2018-03-27 18:07:35,2018-04-04 00:00:00
b41c58f1cdb089998bf02e8fae313c90,0efd4ac57927695b9fbfbd8780d70f23,delivered,2018-02-15 15:18:37,2018-02-16 17:35:29,2018-02-19 23:23:19,2018-03-20 17:38:51,2018-03-26 00:00:00
e74fc2142d294fafad4237ffd8b034f9,71583fbf202bebf68f617b1189b83993,delivered,2017-10-03 18:31:52,2017-10-03 18:49:28,2017-10-06 16:12:10,2017-10-10 21:36:59,2017-10-25 00:00:00
cfdc6f2061897ed3b3f1a9ac3437c6f9,1365d1374ca6c72869ff0c56963f176c,delivered,2016-10-04 22:03:46,2016-10-06 15:44:09,2016-10-10 15:44:09,2016-10-17 15:36:53,2016-11-28 00:00:00
82a51904d95b45bfca27f92a9c1ddd9a,22061cec75e4170733de97a152bcf946,delivered,2018-04-24 18:28:26,2018-04-25 18:32:01,2018-04-26 13:48:00,2018-04-28 17:08:43,2018-05-11 00:00:00
ca3bf499fedc9c253cc1f3499dda428b,cf7614159a1d334ae8f56edc46ca3e6b,delivered,2018-03-13 13:15:16,2018-03-13 13:28:20,2018-03-14 22:58:44,2018-03-28 17:27:56,2018-03-29 00:00:00
be1f74dd8c9f6ab6066aa38f00c87d99,57944e2cb57ce4358ce5c33d42963261,delivered,2018-05-20 20:27:37,2018-05-20 21:01:05,2018-05-23 15:14:00,2018-06-07 16:47:23,2018-06-06 00:00:00
2140193e2b0829d9e294a5b08560a497,5667ce9b9fb068ffcc82902f8ad64c63,delivered,2018-08-20 14:02:55,2018-08-20 16:12:55,2018-08-21 12:15:00,2018-08-28 19:06:39,2018-09-10 00:00:00
ce9c29eef68b7ebc6a4bc1014618bb4b,a8235166ab0ed91ed6042b1b7d2e01a5,delivered,2018-08-01 23:38:50,2018-08-01 23:50:10,2018-08-03 15:03:00,2018-08-07 22:41:03,2018-08-10 00:00:00
d28d530e6f5f2e1fb58e616b097b23b8,2096d566a987d9073e4944ec8dd7f2b3,delivered,2018-08-05 20:26:29,2018-08-05 20:44:33,2018-08-07 14:26:00,2018-08-13 16:36:29,2018-08-13 00:00:00
31dda941b6ee5942d784d50d6b3092b2,41f62aaf741486d48b7f7d054b6c1adf,delivered,2017-07-07 08:59:10,2017-07-08 03:30:43,2017-07-10 19:27:20,2017-07-18 15:52:09,2017-08-02 00:00:00
08659a24c131a7a894f45544a4ab4751,bae1a0b2aadd71117e8541c15d38e2ef,delivered,2018-02-16 19:32:22,2018-02-17 19:26:52,2018-02-20 15:13:47,2018-03-12 22:56:40,2018-03-15 00:00:00
26b58cc6fd4b2a5647f0980a9f79a804,60ecb6007bbbb96c74a8f1d7a9623b32,delivered,2017-02-13 06:02:18,2017-02-13 06:10:08,2017-02-13 11:38:17,2017-02-20 18:05:46,2017-03-14 00:00:00
907ea6dea72f64c70300de5ca04bbdbf,e77b73994f8340d6f3be93f85cbfe45a,delivered,2017-09-24 23:48:05,2017-09-24 23:55:18,2017-09-26 15:12:47,2017-10-13 20:43:35,2017-10-17 00:00:00
dbd4885aa71d304f95eb40c67bfbec35,323a81cf20fb536503c017cfd5c2d54f,delivered,2017-01-23 18:40:23,2017-01-23 18:50:18,2017-01-27 07:05:48,2017-02-07 17:29:32,2017-03-02 00:00:00
e9525d74abc05d22ffa3059164adb967,182e3184fe89cc29b7a1ee386c41983f,delivered,2018-07-05 23:33:59,2018-07-05 23:51:27,2018-07-13 14:52:00,2018-07-27 17:38:45,2018-07-27 00:00:00
d10768b753caf92effee124437f14321,d91c1a0faf55f367e43be832269cfe62,delivered,2018-07-04 09:52:41,2018-07-05 16:32:41,2018-07-04 11:25:00,2018-07-05 18:03:41,2018-07-18 00:00:00
6c962649b9d8c1ca7914e9be3f039d2f,2cbd878ed8f83263ae1f2d603d40e0d0,delivered,2017-03-29 10:09:34,2017-03-30 02:15:22,2017-03-30 13:07:59,2017-04-11 12:13:03,2017-04-25 00:00:00
5de90d869cce729c83723d147018c2f7,33cf74a005ea61264680485113c77040,delivered,2018-06-14 10:36:39,2018-06-14 11:01:23,2018-06-14 14:46:00,2018-06-15 20:51:59,2018-06-26 00:00:00
ee00fa5093eb96d8573403b382fb60a8,41288d4a1cb5b4716c3661bb33a11a01,delivered,2018-06-30 21:54:34,2018-07-05 16:08:58,2018-07-04 11:30:00,2018-07-10 20:37:34,2018-07-25 00:00:00
72270248de25053e9abc4329ce7caac3,fefbd500a315bb3290af290fdaf5253c,delivered,2018-03-23 11:21:46,2018-03-23 11:30:37,2018-03-27 23:32:51,2018-04-03 00:46:29,2018-04-05 00:00:00
3f5925197f247805cfb1fd635f1363d3,2fc108f4ec29a03bbbabeeda90f5adfd,delivered,2017-05-18 10:56:05,2017-05-19 02:25:28,2017-05-19 09:46:11,2017-05-27 09:22:45,2017-06-13 00:00:00
f5281f570b351e2fc6569df06bbc21cd,d70f1b062700147c365624d85570779f,delivered,2017-12-08 16:55:10,2017-12-08 17:12:45,2017-12-11 23:33:19,2017-12-21 21:38:34,2018-01-11 00:00:00
d6237fdd4409fc71fc2c074235e97f73,18e6c8aef10d4ef05bbe09b25cb233fa,delivered,2017-07-20 16:52:36,2017-07-21 06:43:20,2017-07-27 22:17:45,2017-08-04 20:39:55,2017-08-18 00:00:00
afe661fe4e225fc1ffcaf01fb11a52c3,7184f07788503ac3f80785236fc693fa,delivered,2017-10-01 18:32:59,2017-10-01 18:49:55,2017-10-05 21:35:03,2017-10-21 07:47:44,2017-10-24 00:00:00
53100a6fcd03e8e50f32580474756a14,2c33b2f5b5e6a2730f0ec0289dd68c8b,delivered,2018-03-31 14:38:25,2018-03-31 14:50:17,2018-04-03 00:58:59,2018-04-07 12:06:45,2018-04-25 00:00:00
53acce0bf9f92f3a7f152117114f3b3b,fa5c99aad255623425930613d438daaa,delivered,2018-04-29 14:09:34,2018-04-30 14:14:40,2018-05-04 09:18:00,2018-05-14 16:55:30,2018-05-24 00:00:00
1e0902a76612d4d2268202f4f00e11d3,8632d99a5b08ab663e6fd273104fcaf1,delivered,2017-12-03 20:33:02,2017-12-05 04:17:34,2017-12-05 21:38:37,2017-12-13 12:13:55,2018-01-02 00:00:00
c28cd8ef1cfe5d9a1529bae6a9cd617e,313c60704f93b7516182eb87aedad7af,delivered,2017-05-29 19:16:42,2017-05-29 19:25:20,2017-06-02 13:01:23,2017-06-06 16:16:40,2017-06-19 00:00:00
ea452bd7da485c9376c3112226d21b25,6401d6c168371c1fc964bd3c3077b6cd,delivered,2018-02-15 11:25:04,2018-02-15 11:35:32,2018-02-20 21:18:34,2018-02-23 17:59:13,2018-03-02 00:00:00
d1d539886286149eb3de077b14628918,a17911e007d948f30c700f81279a60ee,delivered,2018-04-27 13:06:08,2018-04-27 13:15:24,2018-04-27 15:23:00,2018-04-30 18:22:35,2018-05-15 00:00:00
47526268d1ca9101d88afed0fb430ed3,15c256d6576cae5d8a1e6bc20c3e5cd5,delivered,2018-08-19 18:43:15,2018-08-20 14:32:25,2018-08-29 15:11:00,2018-08-30 15:22:01,2018-09-03 00:00:00
b36eaea41e5f572de53b1c5095920461,41aaa75fc64433be3fef12bacbc653dd,delivered,2017-04-15 16:06:20,2017-04-16 16:15:06,2017-04-18 15:22:21,2017-05-10 11:37:36,2017-05-24 00:00:00
b2f924dadc7d30518a67a2c8598df64e,393065f3ab9b5035e44a22f046858132,delivered,2017-09-15 12:23:43,2017-09-15 12:35:24,2017-09-18 15:14:14,2017-09-21 18:03:46,2017-10-04 00:00:00
c771032d318005136655d3e3bf60bf54,5ef7713ac922bc8f27692ff2705d67b1,delivered,2017-11-23 13:12:52,2017-11-23 13:25:20,2017-11-28 21:47:35,2017-12-28 17:15:00,2017-12-13 00:00:00
18f0e44c3101bf4288ae858b7be184af,0c958dd9059fdd562462f4268f573fbb,delivered,2018-07-05 08:37:09,2018-07-05 16:26:54,2018-07-06 10:32:00,2018-07-11 00:58:35,2018-07-18 00:00:00
e7b463065498659c48a3b2ac3b1cc6b0,b130f5c1fa1e3568060539a4d106f7ca,delivered,2018-03-16 22:10:36,2018-03-16 22:28:16,2018-03-19 17:22:39,2018-04-18 17:46:45,2018-04-13 00:00:00
ed78b29fa4c1255d275df5d4e464503b,a5dceb0a120a9b028d3d4582422ad480,delivered,2018-01-17 09:33:47,2018-01-18 19:56:24,2018-01-22 18:48:41,2018-02-20 18:36:45,2018-02-22 00:00:00
d032ca8398bca294e452149d57c135ec,4a11fea2fec6130be9043db5b3866b79,delivered,2017-11-08 17:38:42,2017-11-08 17:57:15,2017-11-09 21:39:49,2017-11-25 14:02:26,2017-11-30 00:00:00
f8798210932c38fb57575fd5b985e408,1d3bc71558bfe150123a7107517e2edb,delivered,2018-08-07 14:08:07,2018-08-07 14:25:06,2018-08-07 14:54:00,2018-08-10 23:26:45,2018-08-17 00:00:00
29d0c2dcd3c5d5fc8737f0b81bea7304,e4d5a32cc316be61bb51af386f67ba08,delivered,2018-05-10 08:36:03,2018-05-10 08:55:44,2018-05-10 15:47:00,2018-05-11 19:33:10,2018-05-24 00:00:00
502964d22e491eff472a1d46ae55df97,9d4e4f37616f1a31a894f04de571f283,delivered,2017-12-02 09:09:36,2017-12-02 09:52:33,2017-12-06 21:12:23,2017-12-21 16:33:37,2018-01-04 00:00:00
482bcdfdb558cec2bb6b292e204d58cf,268619a8980e5c2779eafc8da0dca14e,delivered,2018-03-10 09:30:58,2018-03-10 09:47:54,2018-03-13 02:42:43,2018-03-21 21:58:52,2018-03-28 00:00:00
0b5cd7d1cb05a215bfb3aafadaab5a1c,0e9c4e44b69e8121a012447298f5e71a,delivered,2017-02-22 18:56:05,2017-02-22 19:10:13,2017-02-23 22:34:51,2017-03-10 07:27:38,2017-04-04 00:00:00
940d6ffb9723c1e13bd69d602c34dce3,5fab3587c62eb407975fa62dc9f9559d,delivered,2017-11-23 18:41:57,2017-11-23 18:49:29,2017-11-25 00:34:34,2017-12-07 19:19:08,2017-12-18 00:00:00
b320ff6cbe5f9230cf9a32aee56823d7,53d06430f86702fff55edf6b93b75d76,delivered,2018-02-02 09:54:46,2018-02-02 10:15:45,2018-02-05 13:14:48,2018-02-22 01:25:26,2018-03-06 00:00:00
853bcc471d6ed0eb620a497023eb9fa6,5255888d021de3e7ad01cbc8e47b256c,delivered,2018-05-24 14:10:03,2018-05-24 14:33:22,2018-05-24 14:19:00,2018-06-04 22:52:34,2018-06-20 00:00:00
22c9adee57f279cc5b0741ddabc89e6b,27147a988392afbcd055076c5e8c3e5b,delivered,2018-07-19 13:03:32,2018-07-19 13:15:19,2018-07-19 14:20:00,2018-07-23 17:56:40,2018-08-07 00:00:00
4d8efbb494637eed83bd4bb6d8bbf9f7,2eb8fe9f9cae4b5b98accf78c075b2be,delivered,2017-05-11 16:20:58,2017-05-11 16:35:12,2017-05-17 13:43:51,2017-05-23 10:57:49,2017-05-31 00:00:00
cf31da4c70df57f682299bfbc26a685b,cb405a3dcb60ca8161120d7b7048b072,delivered,2017-09-13 11:07:45,2017-09-15 02:24:58,2017-09-21 20:13:59,2017-10-04 21:48:40,2017-10-02 00:00:00
882aa4c49d639884a5be99b208d13fe8,e8e35f57f039d94c91c28b9c6554f564,delivered,2017-08-21 17:28:36,2017-08-21 17:46:20,2017-08-30 22:21:37,2017-09-12 15:34:45,2017-09-21 00:00:00
e33994eb7c5e18cf46ade6e474b1e831,18d0e9534511b288a524526b1b6966e4,delivered,2018-07-20 10:10:58,2018-07-21 10:05:16,2018-07-23 12:36:00,2018-08-06 22:21:28,2018-08-13 00:00:00
8989fdd29d2925c7e819138db8e2ef90,5354b83a65dc73d7bdc243d0d7680383,delivered,2017-09-15 12:10:11,2017-09-15 12:25:08,2017-09-18 18:19:58,2017-09-27 16:32:20,2017-10-11 00:00:00
01d48ed99667ce49eaeaa7980a31b987,2e704319d4930866cfa99a7508fe0351,delivered,2018-03-08 09:31:11,2018-03-08 09:48:57,2018-03-09 00:10:31,2018-04-10 23:11:49,2018-03-27 00:00:00
428b4bc63167af6b36e40101b3633dff,ac4ce14e7e3b653fa44b616edde2ce00,delivered,2017-11-10 01:19:54,2017-11-10 01:30:48,2017-11-16 19:03:55,2017-11-21 18:58:45,2017-12-08 00:00:00
22403c79fdfa9d3b95764cef063e0e56,53fad6bc812afc2a4bfe2009786cefec,delivered,2017-09-07 18:30:52,2017-09-07 18:44:01,2017-09-12 19:42:45,2017-09-15 16:20:03,2017-09-27 00:00:00
241eac6a2fe8b2fafc77d48812dab23a,2fc6a0e93c0a17dbedccb9efae52b7f6,delivered,2017-09-14 08:52:46,2017-09-14 09:05:43,2017-09-15 18:25:56,2017-09-22 21:28:06,2017-10-16 00:00:00
9627fa80c5ea19a5c9a42409235ab2a6,4a3d5744c281ca00b0662c8d46d6c484,delivered,2017-09-20 14:40:12,2017-09-20 22:33:50,2017-09-21 21:40:05,2017-09-28 17:43:51,2017-10-19 00:00:00
38ca323a7d4915303945481eb5a7e9e2,33ebaf9f5391d51bfc9fda523a759620,delivered,2017-11-28 11:40:40,2017-11-28 11:58:35,2017-11-29 21:09:57,2017-12-05 21:23:25,2017-12-18 00:00:00
8a184ffc612729b93cc508a95430238e,d2d62b6dfae4b69aff1be960edc53768,delivered,2018-03-29 15:07:29,2018-03-31 14:15:11,2018-04-02 14:26:34,2018-04-07 16:47:42,2018-04-11 00:00:00
89e954a7919e964597b60e9f016df7fd,c82a5e4fafdbeb34f08928ccfba27d14,delivered,2017-05-15 23:34:21,2017-05-16 19:15:11,2017-05-18 11:37:59,2017-05-25 12:39:52,2017-06-08 00:00:00
3668a28064ef9032629644a5a53e0bf9,cd5c445be33d9a16a9db311346ddf34a,delivered,2018-06-09 17:12:59,2018-06-09 17:38:50,2018-06-11 09:49:00,2018-06-19 18:44:55,2018-06-28 00:00:00
a0148d30bd60b1529214a696f8be8aea,c2a42c6cf2c1a14683e01d64890e8ae5,delivered,2017-07-18 11:20:53,2017-07-18 11:30:24,2017-07-19 19:33:39,2017-08-23 17:42:59,2017-08-11 00:00:00
ba8ffe0231b633e2aa5526e2a070b3d3,60a5aba7b553b44da85505197830d17f,delivered,2017-08-11 07:43:37,2017-08-11 08:03:51,2017-08-11 16:10:32,2017-08-14 18:22:28,2017-08-31 00:00:00
b10fb9234ad5eba5cbc090ddd8950c6d,b4f17fea2f54f7ceb19bcf5a608c6cf9,delivered,2018-06-02 21:17:44,2018-06-02 21:31:51,2018-06-05 07:48:00,2018-06-12 18:10:59,2018-07-12 00:00:00
bd1e185a530c014794c02ee3d2d61a68,f0d56cf2f87cd186e3c1931a6b4189c4,delivered,2017-04-08 08:46:10,2017-04-08 09:02:20,2017-04-12 16:24:59,2017-04-18 08:47:38,2017-05-02 00:00:00
405700c657d0b6fb125f7507a0bce1c7,26a7e6890b38bbe07024d793614d8e34,delivered,2017-09-06 13:36:57,2017-09-06 13:45:12,2017-09-11 20:27:37,2017-09-18 21:54:27,2017-09-25 00:00:00
dbcb6cca18be698dc8022a2c700f84c0,38ea6c503846a603b2e1101a398d7687,delivered,2018-04-19 21:14:11,2018-04-19 21:30:59,2018-04-20 21:28:54,2018-04-27 11:04:29,2018-05-15 00:00:00
13b32cf595a5b647550ed0e6f4f11415,26edf51b99d1817a0d9890fc86cf8e63,delivered,2018-05-19 11:30:16,2018-05-19 11:51:20,2018-05-21 16:00:00,2018-05-24 14:08:55,2018-06-13 00:00:00
95a73758f9a0f238d54fbdcc11617ee4,c43895d12dbbcccde6062f41482f840e,delivered,2018-08-01 16:16:39,2018-08-02 05:05:16,2018-08-02 13:54:00,2018-08-06 20:50:47,2018-08-17 00:00:00
1d28af766063913e28a09606c0ee6fee,c57438c44211c48b6e71a6e50c40ab83,delivered,2018-01-22 18:38:28,2018-01-22 18:57:11,2018-01-24 22:37:01,2018-01-29 13:26:50,2018-02-16 00:00:00
607d8f6570c73e6a2e553908d572abc7,9fe84c7ab94da8e3d39926676b4bd6b6,delivered,2017-10-28 21:35:13,2017-10-28 21:46:27,2017-10-30 20:48:28,2017-11-14 20:15:00,2017-11-27 00:00:00
c4160802efad8c9cbde695407bb04a7f,e9ca03844b49d3306a4ae7ecb5ea3e52,delivered,2018-03-23 17:13:43,2018-03-23 17:30:25,2018-03-26 14:12:24,2018-04-04 23:56:47,2018-04-06 00:00:00
bf73f313ea64d4593da0084e25f67044,ac4adaa56772c24c8307ca0bc82e8779,delivered,2017-03-23 13:50:36,2017-03-25 02:33:48,2017-03-27 11:12:18,2017-03-31 20:52:16,2017-04-17 00:00:00
41a48f4dc75f01b16dfa7e32cb456ebc,2e1ca63e5627b6125345cdd302d99835,delivered,2018-04-16 14:34:36,2018-04-16 14:55:11,2018-04-17 16:18:45,2018-04-26 15:21:00,2018-05-17 00:00:00
c2f824d0d682afdbc47d03ee761da916,6931bdcf8fa91746cd473977b3805a36,delivered,2017-08-14 12:44:09,2017-08-14 13:25:15,2017-08-17 23:57:32,2017-08-29 18:28:43,2017-09-20 00:00:00
090cb921c3319702919eabe80bc9f5ff,2947b1f5493e916b287414dc93e1e6b0,delivered,2017-04-19 12:38:31,2017-04-20 02:45:35,2017-05-04 14:22:15,2017-05-23 14:26:32,2017-05-12 00:00:00
2ce9683175cdab7d1c95bcbb3e36f478,b2d7ae0415dbbca535b5f7b38056dd1f,invoiced,2016-10-05 21:03:33,2016-10-06 07:46:39,,,2016-11-25 00:00:00
ac9ded1f3d754d8a13787ff88fd7b4f1,f2d18d44a6dfaa9be63649d65041d038,delivered,2017-12-01 14:27:39,2017-12-05 04:12:06,2017-12-11 21:12:57,2017-12-27 21:33:32,2017-12-28 00:00:00
1cb38ae65fed9fa76684ac28035d4350,35d72520dd66b6d64c485b521de8fc25,delivered,2018-03-22 22:43:50,2018-03-22 22:50:51,2018-04-04 19:21:31,2018-04-09 17:32:12,2018-04-04 00:00:00
a1ce95395f551fa92e087cc8d08ab1b7,3b41c227f0aab28df35653b181a497da,delivered,2017-08-17 18:02:19,2017-08-17 18:50:22,2017-08-29 19:57:28,2017-08-30 20:17:40,2017-08-30 00:00:00
5db62a99be52172b589440403f644aa9,5195c80d2034a6123f3866574cfffde8,delivered,2017-09-16 21:41:43,2017-09-16 21:55:16,2017-09-18 20:32:02,2017-09-26 15:35:48,2017-10-06 00:00:00
a50d16f8c24acdc0c3d2fe0af2cd5c87,95e838701bbc7791a50ccf58140ebada,delivered,2017-01-25 20:17:33,2017-01-25 20:30:15,2017-01-26 12:04:05,2017-02-17 14:53:52,2017-03-06 00:00:00
f85406a2bb15eead2488ba5e488dbaa9,b181fce3d88831380f95ca8cb2a96945,delivered,2018-07-23 18:18:54,2018-07-24 10:31:35,2018-07-25 13:41:00,2018-07-30 16:58:42,2018-08-08 00:00:00
35259d97f9642ac14994076aee098f39,ccee3c453c3fe225b0beb27d9638d284,delivered,2018-07-05 15:41:51,2018-07-06 02:55:13,2018-07-06 12:08:00,2018-07-11 19:56:38,2018-07-26 00:00:00
c8760b2b21e61235273701a644b5fd95,180791a90665e8124094adce3e0b56c7,delivered,2018-05-24 16:46:17,2018-05-24 18:38:14,2018-05-25 18:25:00,2018-05-28 20:42:07,2018-06-13 00:00:00
dbecc01973f05c9adadfd6ae5f50f224,4a7e30a975bf0152b4f12f7494fc915e,delivered,2018-08-16 21:37:28,2018-08-16 21:50:14,2018-08-17 13:14:00,2018-08-23 14:59:52,2018-08-28 00:00:00
9580009b0ba212d7375f5fe049c1eb95,3f8859a917d15a0ea9b7677e585d9271,delivered,2018-04-05 16:27:23,2018-04-06 03:28:28,2018-04-07 01:28:33,2018-04-17 16:03:00,2018-04-27 00:00:00
01a0013ddc7cd129e350e8671b56a263,800631fef0a782c3a8efe7d8071df64a,delivered,2017-03-23 19:47:34,2017-03-23 20:02:41,2017-03-24 18:42:18,2017-04-12 10:33:22,2017-04-25 00:00:00
665c6b8e3c77888e2a0c9b64ad905155,a522013962bdf8fbae9cfff7541eba9c,delivered,2018-07-16 16:03:07,2018-07-16 16:20:19,2018-07-17 15:31:00,2018-07-23 17:38:06,2018-08-03 00:00:00
b00bc9aa349637ff735625300d040f51,3784cf17b9988a3cfca0372c69901bc7,delivered,2017-12-21 21:52:07,2017-12-22 02:39:31,2017-12-22 23:32:22,2017-12-23 12:47:13,2018-01-11 00:00:00
65eb6250136c43439c237f613a616d06,d799a3c96b427ac1991b50289524d5ae,delivered,2017-11-16 15:50:48,2017-11-16 16:09:01,2017-11-20 15:22:30,2017-12-12 23:47:26,2017-12-15 00:00:00
1733916305727c04da99e1ceab781c93,5747e92c2d001d68a632852f8a4f3768,delivered,2017-05-10 14:08:58,2017-05-10 14:22:33,2017-05-15 08:55:50,2017-05-18 11:08:01,2017-05-29 00:00:00
1e94bea629f2a9ad149fc751e9880aab,1ec9ed4ef12aeabae2c3adb1f514006d,delivered,2017-09-28 10:44:18,2017-09-28 10:56:16,2017-09-29 19:55:04,2017-10-09 21:08:09,2017-10-25 00:00:00
ed6901dee965e2c8a7706a9e18b84689,ee53b3b87293ad04d9799d92dc1b056c,delivered,2017-11-09 12:02:22,2017-11-09 12:15:43,2017-11-10 21:52:44,2017-11-23 22:11:28,2017-12-13 00:00:00
ae03268ee4119ed84cd059a8dfb4a6dc,3fb3c93d9edf483a148a1df3423c637a,delivered,2018-04-17 09:24:21,2018-04-17 09:35:14,2018-04-17 22:52:26,2018-04-23 14:04:46,2018-05-10 00:00:00
cd4b3eb02a077e4c51607df950c8237b,61847d5cb08c718da12e4085960dc729,delivered,2018-08-18 17:40:35,2018-08-21 04:29:37,2018-08-21 13:59:00,2018-08-24 14:58:28,2018-08-31 00:00:00
0a40305560dea2cdc17c6661f222375d,29d09d8e6cb24d45ca8fa79a3f0420f5,delivered,2018-04-28 13:55:54,2018-04-28 14:14:08,2018-05-02 13:36:00,2018-05-09 15:18:54,2018-05-25 00:00:00
5c37d6b170816f736bfa468714b2b41d,5a24403a0f39b693c16a89e2bf24d7bc,delivered,2018-06-05 18:26:39,2018-06-05 18:52:35,2018-06-06 12:49:00,2018-06-18 21:46:02,2018-07-26 00:00:00
7aefecb78e141afbc6cd675bb64f3760,afa4462065044a5a055ee4c9297a957b,delivered,2018-01-09 10:15:46,2018-01-09 10:29:37,2018-01-09 20:52:01,2018-01-19 23:42:03,2018-02-21 00:00:00
8970750238b5ef33e7c68e952f53aa9f,ada1842eb284e3cfe2de8e97bd056ea1,delivered,2018-04-05 10:07:24,2018-04-05 10:28:51,2018-04-13 00:03:56,2018-04-17 21:32:49,2018-04-27 00:00:00
392e29240c299001aa7052bf0dd61133,dc6d89a0c5b72d1f300cfe7bd9cf14a7,delivered,2018-03-18 12:07:48,2018-03-20 03:48:46,2018-03-20 20:21:23,2018-03-27 22:20:36,2018-04-10 00:00:00
0dfa1a2ce4218fe50a09559609703829,42dd96f61bdf4275466cf845a61d184f,delivered,2018-06-23 21:57:52,2018-06-24 21:58:36,2018-06-25 19:39:00,2018-06-26 17:12:18,2018-07-05 00:00:00
e0b240447243e2c32e1f7d092a98e196,24e7a8ad6072af8f5d13bc9c48fe3f92,delivered,2017-06-21 14:03:28,2017-06-21 14:15:27,2017-06-22 08:55:35,2017-06-27 10:05:50,2017-07-04 00:00:00
90fc6b4369c07c92c129ecbbde6e6216,1955d7e0c5a0d6fc2fa2eea4662b8f1f,delivered,2018-06-02 23:06:14,2018-06-02 23:31:44,2018-06-07 12:57:00,2018-06-14 20:32:45,2018-07-19 00:00:00
51e82141cdf2ead4a357379adc6862f0,bf0137022b7c9762faa60605c5553a65,delivered,2018-04-23 14:45:53,2018-04-24 19:21:00,2018-04-25 15:20:00,2018-05-18 20:46:28,2018-05-25 00:00:00
518a5aecdc43fc3f991f9d7241078534,9c9c8d2c1de0e4d5fb1a271c02c55eaa,delivered,2017-12-08 15:45:03,2017-12-08 15:56:25,2017-12-11 17:37:36,2017-12-26 23:22:26,2018-01-15 00:00:00
6c41509ceedbdcbff1e2b9aff7e2dc16,0247d5ee8ce6628e9cde9ceafd6271ba,delivered,2018-01-09 20:22:23,2018-01-11 02:48:36,2018-01-13 02:10:17,2018-01-26 18:55:27,2018-02-07 00:00:00
a16facd0f8328e8955662168a0931ffe,0416120de33b5eef3e7d237ac83b45ac,delivered,2017-09-14 15:10:54,2017-09-15 02:15:32,2017-09-15 20:10:01,2017-10-11 19:59:47,2017-10-13 00:00:00
07e68b7ed834c392f26a154d8997115b,34c44f5198dacba9936078212bca4b61,delivered,2018-08-04 09:56:18,2018-08-04 10:10:17,2018-08-06 12:24:00,2018-08-10 16:04:40,2018-08-20 00:00:00
d4d8bf9bd77c6ad21580adb5a076d0a7,4d7e4204818a6e5e29df2cca0b11a479,delivered,2017-11-22 19:14:06,2017-11-22 19:26:23,2017-11-24 11:51:41,2017-12-05 16:03:29,2017-12-08 00:00:00
d0a83a557633b44cd383dd6e539be7fa,90f13f9bb94b0aac1f2b89f7b7412d5f,delivered,2017-07-12 13:04:12,2017-07-13 02:50:24,2017-07-14 15:47:39,2017-07-17 18:44:17,2017-07-28 00:00:00
8f3eedb2479ad51a98647779fce346a1,648789eb2227f5befd0cc1f6536252e0,delivered,2018-08-10 17:44:56,2018-08-11 04:35:11,2018-08-14 15:33:00,2018-08-18 10:21:42,2018-08-31 00:00:00
55c93866f8f79f873b99a401a7428a6c,161aaa81d6b23382eac4b88ad2b80514,delivered,2018-01-31 09:24:56,2018-02-01 03:11:37,2018-02-09 17:22:57,2018-02-19 16:38:51,2018-03-02 00:00:00
e07a84ec1cfd8380eecb3f1a2afa7eb6,3791df675a28c5b326e0056d5128ed44,delivered,2018-01-31 22:18:51,2018-01-31 22:35:37,2018-02-01 18:12:27,2018-02-15 19:03:51,2018-03-05 00:00:00
de8d425cef1f6b298913e9fc0c451d6f,52ad40cad13b4152d0c6ccefa638d646,delivered,2017-06-06 10:56:26,2017-06-06 11:05:12,2017-06-08 13:50:16,2017-06-14 14:58:43,2017-06-27 00:00:00
b59646a3121fae6a722667ba7a4fcbc8,ae6e3c9254bdccf9777714139a303877,delivered,2018-01-10 16:02:43,2018-01-11 15:53:30,2018-01-12 11:57:09,2018-01-15 21:24:56,2018-02-05 00:00:00
b71a142912689dc7c524687c90a530c7,5d220dd81c69ec6c82805d9d7b697d30,delivered,2017-11-24 20:48:29,2017-11-24 23:53:09,2017-11-27 17:37:44,2017-12-03 14:36:35,2017-12-15 00:00:00
5defa702db54b5d6c22fe54be8f48a04,75f3a226bfc1e775f68bb6a49bd7782a,delivered,2018-05-06 00:59:58,2018-05-06 01:10:14,2018-05-09 13:28:00,2018-05-21 17:24:36,2018-06-20 00:00:00
8914a09684ca4a41b8fb6cdf7d7de429,b5577bfd53d22b13c97c7cfee65441f9,delivered,2017-10-22 20:11:45,2017-10-22 20:28:22,2017-10-24 11:39:50,2017-10-30 23:15:08,2017-11-09 00:00:00
d1450bdadbdc63d63930446c31eb91e2,bf32a16fdc1400b61f898982ea88022f,delivered,2018-07-17 16:55:03,2018-07-18 08:35:18,2018-07-18 15:46:00,2018-07-24 11:12:13,2018-08-03 00:00:00
711526597d2e1f1b5ee9bf5c4af2c4cf,e7e0c4caaf311b0d3850db36bbf6d404,delivered,2018-07-27 17:36:19,2018-07-27 19:50:19,2018-08-02 14:20:00,2018-08-09 14:48:51,2018-08-23 00:00:00
27be2d9a863635e6a3c6b616cd179798,1b5aa8ce7a8e7e9f1254a47fca1c69b7,delivered,2018-07-27 14:20:00,2018-07-27 14:35:12,2018-07-30 12:51:00,2018-07-31 16:27:31,2018-08-01 00:00:00
394d17c2b71a726e205caaeee3d2aa3d,10d109b1f1f45bd2bf9afd83543eedd4,delivered,2018-08-03 14:56:26,2018-08-08 23:31:22,2018-08-06 11:51:00,2018-08-07 19:28:25,2018-08-08 00:00:00
68be1c52f0c662cedbe21ca137ca77fe,3770b28ef0626cf945d6f4129077c7ae,delivered,2018-01-25 09:22:50,2018-01-25 09:36:27,2018-02-01 20:04:06,2018-02-16 18:32:32,2018-03-12 00:00:00
b26c483e11283be6968baaee5a01258c,b976474d6f4f5a3c6824c538d0e82d87,delivered,2018-02-28 00:56:18,2018-02-28 01:08:38,2018-03-02 19:48:37,2018-03-19 22:31:28,2018-03-20 00:00:00
38ab0898b5328ea3498a9a8c5bbf977e,cbcfa9705c08a075c7352438db3ac301,delivered,2017-09-30 19:19:21,2017-10-02 20:35:18,2017-10-20 13:00:07,2017-10-25 22:34:10,2017-10-25 00:00:00
1b4302389eccf1e9df072501f38b1e9a,8366faccbf86fbd3165242b52317a20e,delivered,2017-11-24 09:56:07,2017-11-25 05:49:53,2017-12-06 15:15:04,2018-01-03 12:55:26,2017-12-14 00:00:00
613319dac4811085d26a2e9049baee3e,30fd14d9842e9fb42872f7c73b77e589,delivered,2018-04-06 22:08:18,2018-04-06 22:29:10,2018-04-10 23:28:34,2018-04-16 22:31:51,2018-05-08 00:00:00
007beb35f98c075747e6fc4fd1c0cb73,e5c49220ea97eddff8b1fbb594913a43,delivered,2017-09-23 08:32:53,2017-09-23 08:50:17,2017-09-26 16:43:03,2017-10-04 15:32:47,2017-10-20 00:00:00
28f5ed3bc19080a3a72e7548df0a5ed4,5ad3e308b2ad8818e4f9f468c8949854,delivered,2017-11-24 14:44:34,2017-11-24 16:52:56,2017-11-27 22:05:36,2017-11-30 19:28:28,2017-12-14 00:00:00
bcd870b88eefdc1d8e5fe731f5e7a4a3,cae3161d70d82c64c6a73e5e6b5ee9bd,delivered,2018-06-19 23:32:39,2018-06-20 14:38:49,2018-06-21 10:36:00,2018-06-29 18:04:26,2018-07-16 00:00:00
7a71ea3784516335d7d333ed70db7caf,b70315bd0a585fa18bb1b6a7ce8fac3b,shipped,2018-03-04 12:44:36,2018-03-05 21:20:29,2018-03-08 03:04:34,,2018-04-06 00:00:00
a9bfa8db74ad27be5debb246e95a5ea1,19f3c83341ec348811baabc1cb10aa6c,delivered,2018-05-10 23:12:23,2018-05-10 23:37:04,2018-05-14 10:19:00,2018-05-17 22:47:44,2018-06-04 00:00:00
be7cd2ed9b40294805a5db0da7b36af8,a05c1061e47b0b88ad4aff4203ce64d9,delivered,2017-11-30 16:08:28,2017-11-30 16:15:21,2017-12-01 17:59:02,2017-12-03 13:05:16,2017-12-18 00:00:00
c1e09d04655160d6d54de41e9d001c47,a4e12dbc7b8973b94226dc1d6696416c,delivered,2018-06-25 15:41:11,2018-06-26 04:58:51,2018-06-26 15:28:00,2018-06-29 00:18:47,2018-07-05 00:00:00
d2dd22a82e41003562f87ca88e02b0b9,33e2cd7c514ebcf5664c6aaee40686f6,delivered,2017-06-14 09:32:11,2017-06-14 10:25:21,2017-06-14 15:41:02,2017-06-23 13:04:33,2017-07-05 00:00:00
b65bc3c893e55d8850fdd459723e5f88,3187d1ef9489d150ef02ed28a56b6e18,delivered,2018-01-17 16:32:43,2018-01-17 16:49:45,2018-01-18 16:53:10,2018-01-25 18:51:31,2018-02-09 00:00:00
02f886b28af7079755677a544bc54fda,b6354a784b22dad8e36b59fb230baedb,delivered,2017-11-08 00:38:50,2017-11-09 05:31:39,2017-11-10 20:18:55,2017-11-21 15:28:36,2017-11-22 00:00:00
0e7a304b49a353318a2ea193bfb5523e,e78857cae42c368d813a98108c1a4a76,delivered,2017-06-25 14:23:27,2017-06-25 14:35:19,2017-06-26 12:33:31,2017-06-29 17:09:49,2017-07-21 00:00:00
faa4ccbf5f173ece3de4cc37664ece62,1988d7220b2bb21edbf4e37e3f635481,shipped,2017-09-08 14:58:43,2017-09-08 15:05:21,2017-09-12 13:35:05,,2017-09-25 00:00:00
8f531b05318eb9f4b470e52c7d935cb8,2d2d3841593ef0eb759cc05946cd6932,delivered,2017-07-27 19:02:00,2017-07-27 19:15:19,2017-07-28 18:09:57,2017-08-08 18:07:52,2017-08-18 00:00:00
4c0a4b63218c9a22187547fbfb338fc9,6b25a3bda52ba5016e0363b41401bc9c,delivered,2018-01-06 01:14:32,2018-01-06 01:27:33,2018-01-08 23:04:07,2018-01-18 15:38:39,2018-02-02 00:00:00
171943be812c8876efe42743bb176c04,530369cd01260a1588a9bf87b3003878,delivered,2017-10-11 19:18:21,2017-10-11 19:28:23,2017-10-16 14:44:41,2017-10-31 19:42:45,2017-11-07 00:00:00
11a712e608d2c5d35b89246489db966d,013c39ad671a385ad47e7d108dc6517b,delivered,2017-12-28 20:21:15,2017-12-29 02:09:55,2018-01-18 17:10:15,2018-01-26 23:34:30,2018-02-19 00:00:00
e05c05475cc96f65f8c34274398840d9,fb776c31b53a1f918c012a98ecd1050f,delivered,2017-06-20 22:42:06,2017-06-20 22:55:16,2017-06-20 23:31:03,2017-06-28 09:13:22,2017-07-03 00:00:00
804dae6e9b55fbb92deeb0313f7df57e,47001e5735ca5ed1a6ebfbc7a231f354,delivered,2017-12-12 17:05:39,2017-12-12 17:13:27,2017-12-13 17:53:54,2017-12-15 14:52:26,2018-01-05 00:00:00
7557d8107d1a5cc575d2e99489f95b45,b4ff9a2feddb0c04a0a50879c08d6d8e,delivered,2018-03-10 10:41:30,2018-03-10 10:50:27,2018-03-15 17:32:51,2018-04-06 22:54:24,2018-04-09 00:00:00
49acb5fc9c65246c7611d008c2304353,5077e24e3da9e7c78a12dcc24bd7fc42,delivered,2018-08-03 21:05:01,2018-08-03 21:15:22,2018-08-07 15:39:00,2018-08-08 23:34:43,2018-08-08 00:00:00
aee8fb0d2cbf82e20b904b3c5b6e1430,d950b7e95e9400faba66572054b14ef1,delivered,2018-01-05 16:36:16,2018-01-05 16:48:05,2018-01-08 23:43:34,2018-01-10 14:05:31,2018-01-24 00:00:00
2fac5c3079ed620f52665e540fc57d66,f01d004f168186b4d834b318d9309d5d,delivered,2017-12-19 13:39:03,2017-12-19 14:32:25,2017-12-20 21:20:09,2017-12-26 17:54:50,2018-01-08 00:00:00
6ed043d494d076830babf38c25630d86,823c81b03ff5876452eded3ea6d9ac44,delivered,2018-01-16 13:29:45,2018-01-16 13:36:21,2018-01-16 21:22:38,2018-01-17 17:05:46,2018-02-15 00:00:00
5ab25b72b77a59d1fdf22e49e2094b13,5f1c9f917b6f4bd5ef48dd89b4603c7c,delivered,2017-12-30 21:10:48,2018-01-02 13:31:40,2018-01-03 13:49:34,2018-01-16 18:41:26,2018-01-30 00:00:00
48a043c45028f3caaabe84abb2316c51,8ccbf5bd9bdf5acf36344a7eae45eb63,delivered,2017-11-24 22:20:10,2017-11-25 01:33:39,2017-11-30 22:58:36,2017-12-01 20:22:02,2017-12-08 00:00:00
4ce23a326d80951e2de85a1870483eed,26b8d706ae17092e81e600c7ef41148b,delivered,2017-12-15 15:55:59,2017-12-15 17:00:50,2017-12-18 21:19:24,2018-01-04 00:29:14,2018-01-11 00:00:00
57a32b48976d15effc1117f106592956,9200ada562e42ab28f0ac4b63aded67a,delivered,2018-01-02 14:01:00,2018-01-02 14:13:23,2018-01-03 22:29:47,2018-01-20 00:15:04,2018-01-31 00:00:00
a79f746e8d63ce9fc519a61a485e39a3,6277bcb4dd0c639774402e4e926ca789,delivered,2018-03-15 00:44:29,2018-03-15 00:56:13,2018-03-16 22:36:23,2018-03-21 23:48:48,2018-04-03 00:00:00
abb72024277f9d7ed4a0dec9cbe56e03,9f1842d0065029e551b25e200cdae591,delivered,2018-06-23 20:13:15,2018-06-23 20:36:12,2018-06-25 13:43:00,2018-07-02 22:56:40,2018-07-26 00:00:00
7ea3b6e314e533719b7dbc3ad951aef3,f51abbc1aedad3c2043a901fcb09f93e,delivered,2018-06-01 14:45:02,2018-06-02 14:51:41,2018-06-04 15:03:00,2018-06-12 19:58:33,2018-07-11 00:00:00
864bd5ba759c631c93986c49f5c42168,97041c16f13d77339e0066c4f41364a0,delivered,2017-07-30 15:22:08,2017-07-30 15:35:09,2017-07-31 16:44:02,2017-08-11 20:23:27,2017-08-30 00:00:00
1b0bca54c8db32dd715f2c60c63268ca,af3607bdd3b2a0dcdc888ed59e1c5a15,delivered,2017-04-17 15:25:04,2017-04-19 02:45:53,2017-04-20 09:17:17,2017-05-02 18:21:29,2017-05-12 00:00:00
4530ebf341c28451b56c66fc4d70f8eb,a6dd7e4c30e1477bbdde0fc4bce93b56,delivered,2018-06-21 17:27:55,2018-06-21 18:21:15,2018-07-02 15:18:00,2018-09-05 18:06:50,2018-07-24 00:00:00
a710aa239bfbb253f2ecd578893a07bc,a71b2a9ba74939ec08fb4a50fe498974,delivered,2018-06-05 11:21:27,2018-06-06 11:15:19,2018-06-12 06:45:00,2018-07-03 22:16:41,2018-07-19 00:00:00
4ca6a87f196ea892c5abc4e84748fbde,0d011c0f29cd74c1b0313cc32294b787,delivered,2017-05-21 13:07:26,2017-05-21 13:15:20,2017-05-23 11:04:53,2017-05-31 12:19:57,2017-06-13 00:00:00
bfca24132f0ab4923cdb7225b4caca3c,65111bf9dcb7fbfb127968a3f174ddbc,delivered,2018-04-13 10:18:27,2018-04-13 10:32:35,2018-04-16 22:36:40,2018-04-23 22:05:05,2018-05-09 00:00:00
2055a5d587514fc2e59552e6bc6e0a5e,0a76f003f75729860b9ed8ab323df7d6,delivered,2018-04-22 23:15:51,2018-04-24 18:58:24,2018-04-23 21:04:53,2018-04-25 12:58:39,2018-05-10 00:00:00
7e8756804954a036bc7bba08ceade465,8fdff91133ee2265eb14e29758c5daca,delivered,2018-08-08 21:19:41,2018-08-08 21:30:16,2018-08-15 07:53:00,2018-08-21 16:36:26,2018-08-29 00:00:00
21a3f15754b759c91fff4535aaeb3486,78f9a490b37c9cd175cd731e24e9b598,delivered,2018-06-28 16:47:41,2018-06-29 16:51:20,2018-07-04 13:16:00,2018-07-11 23:22:33,2018-08-03 00:00:00
47b7b28d79efaecc316b38f60a7a6b77,d98cde7eb2cf2e7e8a98d0036f22aab3,delivered,2017-06-06 12:23:28,2017-06-06 13:25:33,2017-06-08 08:26:49,2017-06-09 15:17:56,2017-06-27 00:00:00
a009ada42a46d83328c627c1ffc57f56,b1ff51bd725d9c52689b0cde47656bcd,delivered,2017-11-06 21:44:01,2017-11-07 05:31:26,2017-11-10 20:46:52,2017-11-20 21:34:36,2017-11-30 00:00:00
079f35f555387ba548cf2a98cca8c43e,65ff7614e2268f51f715eb6fc1d899b7,delivered,2018-04-13 01:07:11,2018-04-13 12:50:30,2018-04-17 20:03:02,2018-04-26 04:20:37,2018-05-04 00:00:00
01235dc626dcf13283207ba7f36a959a,f418fa622ecaa0dc1bc8524446faf6fd,delivered,2018-07-24 09:57:43,2018-07-25 02:50:16,2018-08-03 14:14:00,2018-08-06 14:57:42,2018-08-09 00:00:00
4acfa8594925fd16246cef2ad2e4fb4a,191b76fe6fe1bb52896153689ce5fc58,delivered,2018-01-13 10:56:37,2018-01-13 11:09:14,2018-01-18 23:18:35,2018-01-23 00:56:31,2018-02-08 00:00:00
31237045dc3ee5243375baaaa729188e,a1dbed0cbd8ce98fca7d5add7cb94689,delivered,2018-05-12 23:26:04,2018-05-12 23:35:14,2018-05-14 15:10:00,2018-05-23 16:22:41,2018-06-07 00:00:00
514290e30cb76393d6623ca6d7d79ee0,a26ebecf1eada5cc98c25bfd8b36d71a,delivered,2017-03-12 19:33:03,2017-03-12 19:33:03,2017-03-15 10:01:35,2017-03-21 12:08:37,2017-04-03 00:00:00
6bcee650c0948a4d061fbac64d157ba5,5c3bc8bdca2fc8158e9909e146b8f337,delivered,2018-07-26 15:26:12,2018-07-26 15:35:18,2018-07-30 14:01:00,2018-08-03 00:12:10,2018-08-13 00:00:00
2b7c4c43299a0641e8d9c0f8b5239191,655e6d4740c2be44db06fb323886b426,delivered,2017-08-16 11:40:24,2017-08-17 03:10:24,2017-08-17 19:33:46,2017-08-23 22:42:26,2017-09-08 00:00:00
f943b276d9ffea1aee4b93c853ff1fd4,ddd50d9c0a2b734d5a3cb0466c1168d0,delivered,2018-04-25 13:54:42,2018-04-26 13:51:06,2018-04-27 10:15:00,2018-05-07 23:04:59,2018-05-18 00:00:00
4bf082888a1de1a60eaa2949a30adf78,15df03bd579b23b85e60f0df52b82249,delivered,2017-12-20 09:21:34,2017-12-20 09:31:22,2017-12-21 00:39:15,2018-01-08 18:03:36,2018-01-24 00:00:00
30b66faf9517facb67ba9b710f0b9628,007e99fec9d53dfa4e5d8be9c2b36ca7,delivered,2017-06-02 21:39:00,2017-06-02 21:55:06,2017-06-09 12:03:45,2017-06-16 13:43:03,2017-06-16 00:00:00
10a4fba332df93580200cc555d2166ab,0d7bb2edfc4bde37fbbb49b06fa0f579,delivered,2017-10-29 08:06:52,2017-10-29 08:25:10,2017-10-30 17:16:19,2017-11-06 18:36:42,2017-11-22 00:00:00
3b7a4848d7c9e68236e6c171d798213d,9ba493187a89070e398b4fe8bc663f8a,delivered,2018-05-08 15:39:19,2018-05-08 15:55:23,2018-05-09 12:15:00,2018-05-15 13:48:50,2018-05-28 00:00:00
01094e169d4b14edaf6954eeddb83633,2b7ad3fc92af63027a7748b084f9b439,delivered,2017-09-27 13:54:33,2017-09-27 14:07:10,2017-10-04 13:08:11,2017-10-17 20:43:52,2017-10-26 00:00:00
98e8d6f39a8495ae1a67a08ebe322895,9db9d148f66687be441b92a58e6ec70b,delivered,2017-06-16 16:07:07,2017-06-17 03:45:04,2017-06-19 21:15:16,2017-07-03 13:56:20,2017-07-21 00:00:00
effbfd427fc518944d214380e421a4de,b945cbd924ea3a1c3021b397fc118e63,delivered,2018-08-08 00:42:18,2018-08-08 00:50:11,2018-08-10 12:40:00,2018-08-11 15:32:43,2018-08-13 00:00:00
5d6a226e826a98e31be8fa150a5a6952,46f2c4803802c5c0346f522d038dad5e,delivered,2017-10-19 19:59:44,2017-10-19 20:14:16,2017-10-20 16:58:44,2017-11-01 19:32:33,2017-11-10 00:00:00
84f88fa9fbaf79a8c41e080b00832ff8,f3d88296f0ff23854c0ca706bdfaaad3,delivered,2017-11-24 16:00:22,2017-11-24 19:35:36,2017-11-30 21:22:19,2017-12-06 16:28:40,2017-12-19 00:00:00
897d07de9354c8089f538f825f4330fb,d78f9c14ce4c91bf23f1845524893337,delivered,2018-04-16 13:16:40,2018-04-16 14:33:07,2018-04-18 00:27:36,2018-04-20 17:34:59,2018-05-07 00:00:00
64583bb15e275ccf8b87e050391f2c17,a5b427c689e1f8dabf0469b03d673f35,delivered,2017-03-23 14:43:50,2017-03-23 14:55:09,2017-03-24 13:38:19,2017-04-05 14:33:47,2017-04-24 00:00:00
2e914af8bdaefffc2e6ea38a39a64d4a,d9a1e98c40e9f2718780ab89fd85a1e9,delivered,2017-09-08 21:42:26,2017-09-09 03:34:08,2017-09-11 22:07:48,2017-09-15 22:07:21,2017-09-20 00:00:00
4ec3265e1601e14b39e11dee2e1d5fc2,c85c1adead3ced3636c148be7270ab62,delivered,2018-04-15 20:27:11,2018-04-15 20:51:40,2018-04-20 16:04:08,2018-04-26 23:28:50,2018-05-10 00:00:00
06556f76bd21201c0deb015022757aa8,fb10dfd11e28e35c964ac8ba36c7690d,delivered,2018-02-01 21:17:50,2018-02-01 21:32:20,2018-02-02 18:46:47,2018-02-19 18:42:58,2018-03-09 00:00:00
bee4fbc438d2d48527e812cb6a1c8166,f11a8d3613ace1bbf5de8d7e4da13a65,delivered,2017-11-27 18:27:17,2017-11-27 19:02:11,2017-11-30 19:39:58,2018-01-09 21:28:38,2017-12-20 00:00:00
f15eda4eee582fbfebc330748f24e208,7fd09df30cd248907b022db21c51ed45,delivered,2018-07-04 15:40:08,2018-07-05 16:32:52,2018-07-05 15:30:00,2018-07-12 19:06:46,2018-08-01 00:00:00
3bfe23e972fbcc9388dac1afaa11eebd,b480ab3ee3f6e17d076f192578b9fab0,delivered,2018-08-20 20:52:34,2018-08-20 21:09:48,2018-08-21 15:04:00,2018-08-22 21:28:39,2018-08-23 00:00:00
3a217ae7bba6a3b59b08a0bf08610b52,bad68e8c4f52ff74e43fc36f3c1e2978,delivered,2018-01-21 10:50:13,2018-01-22 13:46:59,2018-01-24 10:33:15,2018-01-30 22:34:06,2018-02-14 00:00:00
2680d53d669b7bcd1cfde553ffa78aba,70efc3715ded9a85a68c3bc4849f8714,delivered,2018-08-21 19:24:44,2018-08-21 19:35:22,2018-08-22 13:19:00,2018-08-23 20:23:43,2018-08-24 00:00:00
841a1c15177c6184088d268bc0f263f4,f46cd0d55f9a7374df0fc224f138f238,delivered,2018-02-25 09:01:17,2018-02-25 09:28:18,2018-02-26 23:19:12,2018-04-06 20:28:43,2018-03-21 00:00:00
3e272c0e88b4c65c4480ef4d2ca44b92,f9024417b2f52ff4dd543567e4751214,delivered,2018-05-03 16:46:39,2018-05-03 17:09:00,2018-05-07 12:37:00,2018-05-09 17:12:22,2018-05-15 00:00:00
829dd3ef512422255299763d6cce8f96,d3686a3434b9e11ae3e0f20a4512b388,delivered,2018-08-22 07:25:32,2018-08-24 03:10:16,2018-08-27 13:04:00,2018-08-30 20:48:57,2018-09-04 00:00:00
8ec34abb2dfd64e47f9336f3b6cab510,3bf26406a9b6c1f4e476702b5e0ff00d,delivered,2018-04-11 19:45:59,2018-04-11 20:10:59,2018-04-13 19:08:43,2018-04-25 17:16:39,2018-05-07 00:00:00
7a3a4c5896913ed2752b8336b1f0f0b1,a3b5ff81584b02519006fbf4abe177a4,delivered,2017-08-21 16:30:00,2017-08-23 02:50:52,2017-08-25 16:59:32,2017-09-09 17:24:56,2017-09-19 00:00:00
ba6c94c5c72b8ba88b0d92dcadbd4e69,cb2ec74515dee6a6c0062417a71b3851,delivered,2017-10-08 16:03:09,2017-10-08 16:14:16,2017-10-10 13:03:57,2017-10-11 19:33:02,2017-10-25 00:00:00
745865dd655cbb9dc84b1ee5a872fbf9,fffa0238b217e18a8adeeda0669923a3,delivered,2017-09-11 16:02:18,2017-09-11 17:43:51,2017-09-12 15:16:42,2017-09-13 18:12:35,2017-09-21 00:00:00
cf3ce07f7bf94f6f269b25dbb7658e17,5daa4b042b86596d319e3e78794c0dbe,delivered,2017-05-15 15:13:36,2017-05-16 15:22:11,2017-05-18 14:49:31,2017-06-06 11:17:19,2017-06-19 00:00:00
7e8533d7ec832acab2a8cf3b8c13dff9,14c5a62a317324d6479b2f68c58fd162,delivered,2017-11-10 11:39:03,2017-11-10 11:50:27,2017-11-16 20:18:40,2017-11-30 19:38:38,2017-12-05 00:00:00
1fd3ed20f784f14ed6b198d18c484c0d,e2fc32c48b3f82c468173ca19ba095fa,delivered,2018-05-11 06:51:50,2018-05-11 07:37:08,2018-05-14 13:41:00,2018-05-15 17:03:53,2018-06-08 00:00:00
4dc9488e447d685ac0ab217f7cb9b885,87608b39402a92d8234efb049a82d291,delivered,2018-01-11 21:11:31,2018-01-11 21:27:31,2018-01-16 19:09:09,2018-01-30 19:04:21,2018-02-06 00:00:00
984d7b91d51b86ce72cbfffc2dcdb8d5,52af2762d97e9724ef7a4f8bcca3b30e,delivered,2018-08-07 17:07:34,2018-08-07 17:15:16,2018-08-10 09:54:00,2018-08-21 15:51:20,2018-08-27 00:00:00
0cd445b0eedab80706bb88ed32325d08,c8fd8ff6d1ad23474b5944bb65a13d37,delivered,2017-07-08 22:01:09,2017-07-08 22:10:13,2017-07-11 10:35:25,2017-07-28 18:04:22,2017-08-03 00:00:00
9cd81410d5ea20ed0a63e263e018be5b,e655cbf965fc40cf99e4096e74a433ab,delivered,2017-06-19 19:51:23,2017-06-19 20:03:21,2017-06-27 08:52:52,2017-07-08 16:51:07,2017-07-25 00:00:00
43b9e48ec7fc386f9083ac3153363103,1f52344e101d65f925fc24b8ef736f9f,delivered,2018-05-30 17:40:39,2018-05-30 17:57:51,2018-06-01 10:46:00,2018-06-07 17:05:19,2018-07-03 00:00:00
e001ff2589d23a48871d224d2a54e187,fb557dc3ec9393cc7850b56e5808f91d,delivered,2018-04-30 19:26:44,2018-05-01 02:37:31,2018-05-02 16:26:00,2018-05-03 19:48:55,2018-05-16 00:00:00
3b6699603c3eec3ca54e7d4b96b1bc53,c9ac3328fa22ff28d8ec0b1307436d37,delivered,2017-10-24 10:10:35,2017-10-24 10:29:41,2017-10-25 13:34:07,2017-10-31 18:58:24,2017-11-21 00:00:00
f78922eabf7ec2e30c6448d7965ddb9d,2021c71d4dff431c1b4b8567c938bf2b,delivered,2018-03-01 16:23:34,2018-03-02 02:10:36,2018-03-07 18:38:44,2018-03-13 02:50:39,2018-03-19 00:00:00
efdc65afe5c639ed37491591f707c47b,72ab52080f9c06be2905b77f1c3f0c3f,delivered,2017-11-24 17:41:00,2017-11-24 20:57:35,2017-11-28 21:36:05,2017-12-07 00:53:05,2017-12-14 00:00:00
35b9c0045d40f9bf824fcfae2b54a645,ba0706a800eb7ccab81484154df9813f,delivered,2018-06-10 12:36:06,2018-06-10 12:57:06,2018-06-11 14:32:00,2018-06-19 14:04:44,2018-07-04 00:00:00
c3d5c6fc77f1986421777d4d61779aca,e41d034618b75ad5644afc40395e1b55,delivered,2017-05-02 10:20:18,2017-05-03 11:35:56,2017-05-11 15:47:54,2017-05-16 13:16:00,2017-05-25 00:00:00
b83c1be0cbe93a1aea7c3a77e4ae37ee,3c77dd4951dba1fe8d9bb591b12abec2,delivered,2017-12-02 20:43:14,2017-12-05 10:30:54,2017-12-04 22:18:55,2017-12-15 15:12:27,2017-12-20 00:00:00
6fec846920d64dd20cad8adb75d01e8d,8c4630c4405c6b83c913ab4406132a08,delivered,2018-08-02 12:04:47,2018-08-02 13:31:01,2018-08-06 10:55:00,2018-08-10 20:58:41,2018-08-17 00:00:00
08d820f39b00e575ea55d845ac9a13c2,0f27adc68b946466a1670bb2e30a2c7c,delivered,2018-08-18 13:27:21,2018-08-18 13:50:03,2018-08-20 12:18:00,2018-08-21 17:39:28,2018-08-24 00:00:00
4036f899610ca6b249129cf1b59ae8f5,ca76733eeda54059c97f9610c1f6d1c0,delivered,2018-07-31 13:29:34,2018-07-31 14:04:26,2018-07-31 13:42:00,2018-08-10 15:21:33,2018-09-12 00:00:00
efdc2d365f70fe655eaddb8c4caecd18,844cde261775f1b4663ea0b395e0ce66,delivered,2018-02-25 07:03:36,2018-02-25 07:15:24,2018-02-28 16:30:08,2018-03-07 22:31:54,2018-03-28 00:00:00
d46324f9f8fe64d3fbd530e2d79573c9,efe3b2b81054dcd39a5329487f3c775f,delivered,2017-05-08 23:25:42,2017-05-08 23:35:19,2017-05-09 13:34:29,2017-05-17 10:34:08,2017-06-13 00:00:00
e15a56fb22219e39b15a7c75987361e9,0b0681e989c43f272ef233e1a286b2b2,delivered,2017-08-19 11:42:34,2017-08-19 11:55:18,2017-08-23 14:28:20,2017-08-28 19:32:39,2017-09-19 00:00:00
086986d3fe34c0417a41f76b14114fec,0ba1ff31fe01eb904f59628c2e2fbbc7,delivered,2018-08-04 21:48:53,2018-08-04 22:04:19,2018-08-06 08:43:00,2018-08-07 20:18:45,2018-08-13 00:00:00
53d1f26612893ef17dbc27d69a8382e4,2622cbd2edf907bb373c679b09c01c01,delivered,2017-11-06 11:20:48,2017-11-06 12:31:54,2017-11-07 14:18:46,2017-11-13 17:48:39,2017-11-28 00:00:00
4f92b447221c7c5e08918d145eafa33f,6b3e353f94d5ae0755ccbddd93faa2a0,delivered,2018-03-02 23:58:02,2018-03-03 00:50:27,2018-03-06 01:36:36,2018-03-17 00:14:38,2018-03-20 00:00:00
e5af3df04e781dc26254b1bec2563848,1d90a1d690290f7ba518fab61d437c6d,delivered,2017-07-08 15:28:03,2017-07-08 15:43:17,2017-07-10 19:52:17,2017-07-19 20:52:45,2017-08-03 00:00:00
f03883bef2ed1452c4de6bb070ab2717,336b03d1c4945f8cc9071cac87f18c4c,delivered,2017-09-18 12:06:42,2017-09-18 12:24:35,2017-09-18 19:35:47,2017-09-22 20:42:46,2017-10-04 00:00:00
cc2d9c1811f602978ee856e76bff969a,49972748e7ab5fb8b8f13e36e0437d4e,delivered,2018-01-05 23:45:20,2018-01-06 01:31:53,2018-01-08 22:42:26,2018-01-16 22:56:35,2018-01-31 00:00:00
a123264c1f8bef4f19be2d4245017920,b86c6a1eec592676b0ab050e49a54c20,delivered,2017-11-24 10:38:26,2017-11-24 12:32:38,2017-12-06 01:12:05,2017-12-14 23:43:17,2017-12-15 00:00:00
e10d948a9f7322cbeaa0d54d56af5ca9,13bde511381263b484f4a31ffd1ef39e,delivered,2017-05-12 08:02:24,2017-05-12 08:10:17,2017-05-12 13:33:04,2017-05-19 09:51:23,2017-06-09 00:00:00
5bc3c1d26ebbefdc9c1443781a92aa52,3672fd9b37c7dd819b7b7d4613f651b1,delivered,2017-08-31 16:34:27,2017-09-02 02:50:24,2017-09-05 17:34:23,2017-09-13 17:12:54,2017-09-20 00:00:00
c4076d196ccd6ef48beb27d4e1e584f2,6c84a7e4165c8c02ec3bd63f0de5ec00,delivered,2018-01-07 02:41:08,2018-01-07 02:52:21,2018-01-10 14:54:39,2018-01-17 13:18:45,2018-02-05 00:00:00
b6a0322c894b82bc08bc02b35a9f12e8,e4acbb6c7d6f37e7e3549f41c95562c3,delivered,2018-05-02 20:36:38,2018-05-02 20:53:55,2018-05-03 11:24:00,2018-05-28 15:48:43,2018-06-06 00:00:00
ab5ff8523a162735e1d5ce37a2e4be76,beda2760f494f9ad8fafa5343c4d9a85,delivered,2018-06-22 09:02:41,2018-06-23 02:20:36,2018-06-27 08:59:00,2018-07-05 17:28:52,2018-07-19 00:00:00
57bd0d9a24b420066185065cfa67a5f3,e74f4364ae7a46eaa11d44e3bf02498f,delivered,2017-12-21 13:39:56,2017-12-23 02:17:37,2017-12-27 17:35:23,2018-01-08 18:44:56,2018-01-16 00:00:00
173d1ec97bb46f172b91b0a6c8a1537d,877b95e5cf3befb670d923578f765b35,delivered,2018-02-01 20:23:34,2018-02-01 20:35:26,2018-02-05 17:51:43,2018-02-14 19:43:30,2018-03-06 00:00:00
c8bb431ec48b3b54c077193bef51bd13,758703a0274ea4a5adb2cd28a5af33f8,delivered,2017-12-15 12:12:12,2017-12-15 12:32:43,2017-12-15 21:34:14,2017-12-16 20:13:18,2018-01-10 00:00:00
4b661d524b6f0788746514fb6f7ad3fa,9ced056527d2e74a1cdf334b3bad118e,delivered,2017-11-25 16:13:58,2017-11-27 16:11:09,2017-11-29 22:52:03,2017-12-12 16:08:56,2017-12-15 00:00:00
b6bcb5bd5e05b11cfde23235152ebc56,dceaf9dcd20fc507f743eedd7e67ec7d,delivered,2018-06-23 09:22:38,2018-06-23 09:54:46,2018-06-25 16:33:00,2018-07-04 19:08:46,2018-07-18 00:00:00
c1eea9299853cc151b3398807b9deac3,2cca0c96715c5e9a5932e7f2b92ecd76,delivered,2018-02-22 17:53:43,2018-02-22 18:55:34,2018-02-24 01:13:15,2018-03-06 00:26:27,2018-03-22 00:00:00
0bae1ef5e585b8bb8d250d4a75736bf6,8b2cfc7e3b8fe0472330ccdd448c902f,delivered,2017-07-04 21:57:51,2017-07-05 17:38:28,2017-07-06 15:23:32,2017-07-17 17:59:29,2017-07-17 00:00:00
ed3641039dfd0e24abc6ecef17cb01e2,2da229948f4646c1c67dbea35a198606,delivered,2018-03-02 23:28:34,2018-03-02 23:49:08,2018-03-07 01:21:35,2018-04-20 19:12:34,2018-04-11 00:00:00
1e8fa3b2e3c94bcded7f59a216242717,16a599ea07c3f24350b7ef0bf87ed1e1,delivered,2017-09-11 19:39:20,2017-09-13 09:45:31,2017-09-13 18:06:52,2017-09-14 20:53:01,2017-09-21 00:00:00
9b816053262f4741f9d0d314dff0a41a,f98eb4f19af43aace4aae7db3c24229d,delivered,2018-06-16 16:19:48,2018-06-16 16:38:53,2018-06-18 08:20:00,2018-07-11 18:18:31,2018-07-20 00:00:00
a7db257661f3cc8b9b661474199da586,e8b93510292a2df1c365df561cdc1347,delivered,2018-01-23 10:50:33,2018-01-23 10:59:36,2018-01-23 19:32:08,2018-01-31 20:16:42,2018-02-21 00:00:00
c40f686ce1817e9bf3337aa222740abb,472c855ea68d9a5e296a323aa5a524b5,delivered,2018-04-03 18:24:51,2018-04-04 18:28:19,2018-04-10 23:19:05,2018-04-11 23:57:33,2018-04-18 00:00:00
65312333af3cf09155fe9386a42bb2e1,c458885c2601d5ef72a943887b91e396,delivered,2018-05-04 11:44:44,2018-05-04 12:11:51,2018-05-04 19:01:00,2018-05-07 20:28:30,2018-05-21 00:00:00
ee708af463026757088ec8811920ad51,f943587b68f16e53870a00ce97931e54,delivered,2017-07-06 14:09:46,2017-07-06 14:23:40,2017-07-11 14:37:54,2017-07-14 21:05:39,2017-07-28 00:00:00
aa32183a575c0f3e9a0f2cfae712d030,10ef6d1b16466b555d89b9de09feaf0a,delivered,2017-08-23 19:02:26,2017-08-23 19:10:14,2017-08-24 16:05:09,2017-09-06 20:17:44,2017-09-19 00:00:00
faca7576168f770d89c21539ff07c9de,bcc64a6caa016f05ccc877acbedddcc4,delivered,2018-02-02 14:32:10,2018-02-02 15:31:18,2018-02-05 21:33:43,2018-02-19 23:33:35,2018-03-07 00:00:00
db598c672baf941a618fb372941b0c5f,ebca5a733316195ff6041c30e456d7e9,delivered,2018-03-23 21:03:04,2018-03-23 21:10:26,2018-03-26 22:56:30,2018-04-09 20:38:29,2018-04-13 00:00:00
12246bc7c8c246d8294f4f6a04efc60e,1e730a96d690e79c6c7f148ed0510bdd,delivered,2017-03-08 23:55:39,2017-03-08 23:55:39,2017-03-10 12:46:09,2017-03-16 13:39:19,2017-03-29 00:00:00
deef94d95b5cf9c23e10621ad71a96b2,d5d4cab5f11cc0e7d3c3882091d815c7,delivered,2017-03-18 11:40:26,2017-03-18 11:40:26,2017-03-22 09:14:39,2017-03-27 12:56:01,2017-04-06 00:00:00
30ed55219f6cfed61bd93856516e44d8,172fc6a9f374b1266be8137c56c5be3b,delivered,2018-02-05 11:31:09,2018-02-05 11:51:52,2018-02-09 16:56:53,2018-02-15 16:28:42,2018-02-21 00:00:00
c12921c117b48d3bdcf10d1983d3b9e1,67935253232e82a7cbb349014bcfb90a,delivered,2017-08-07 12:45:53,2017-08-08 03:50:26,2017-08-08 22:21:50,2017-08-10 19:07:58,2017-08-29 00:00:00
cfff9089e53925469975b7e3026626ea,2990013a5e943d046a0eb0bae83a68d8,delivered,2017-10-13 02:07:11,2017-10-13 02:26:45,2017-10-13 18:10:15,2017-10-16 18:03:57,2017-10-25 00:00:00
ea6ff0ed3f74b7699b032447def50d75,25973de04071238b61686344de9ca9de,delivered,2017-11-15 16:08:56,2017-11-15 16:26:22,2017-11-20 22:10:43,2017-11-27 17:57:23,2017-12-06 00:00:00
b2463b22b6b50ca3444ffce1d8ea1754,dae98d1b8ced3ae53434a0d8715f818b,delivered,2018-07-10 08:24:35,2018-07-11 03:30:27,2018-07-16 15:29:00,2018-07-21 00:56:43,2018-08-10 00:00:00
8a9ac22fb6bfbcd5b5a0e0f111fc7b04,54da822bc6ee174188b34d160c0c0ff8,delivered,2018-02-03 18:21:54,2018-02-03 20:10:16,2018-02-15 00:35:18,2018-02-19 16:49:02,2018-02-22 00:00:00
2f7b0831a3de1c86dfc528f200d7332e,1662e1284952a460e7498113ffda546b,delivered,2017-05-23 22:30:12,2017-05-23 22:42:58,2017-05-25 09:32:48,2017-05-30 13:27:53,2017-06-16 00:00:00
3ee8494bb94ea023beadcd0783c9d8d7,9cd516c73a329f061611ae45ecbbe580,delivered,2017-02-06 14:56:21,2017-02-06 15:05:27,2017-02-14 10:28:00,2017-02-20 19:37:51,2017-03-27 00:00:00
b7a83c94e41bc7b1f8d3b05dede90936,57b95284a34bb3f36a5b4edbdfa4bad8,delivered,2017-12-12 09:36:49,2017-12-12 10:35:29,2017-12-13 15:47:28,2017-12-28 18:19:18,2018-01-10 00:00:00
2b4fba1ac5c3564ba60d37e66fa5e62e,dddf4f7d4ee2cd254527d7e9078c4483,delivered,2018-01-29 21:57:06,2018-01-29 22:13:30,2018-01-31 19:06:45,2018-02-14 19:54:55,2018-02-20 00:00:00
1587f0c11595ff02ca8f9219568ef020,d2e2768ee7e1a5e1f4634ff59fa38777,delivered,2017-09-13 11:38:29,2017-09-13 11:45:34,2017-09-19 18:26:56,2017-10-11 11:54:11,2017-10-10 00:00:00
bcaff5892a4def087ea5036d6b89b9db,de7b829832e3a4f9c9b33faa816dcaec,delivered,2017-12-15 18:10:54,2017-12-15 18:32:27,2017-12-20 00:21:38,2018-01-10 00:31:46,2018-01-19 00:00:00
46bd1a27e10461c5139b6c7fc349b6ec,1bfd803066eecf5f3dcf479bca3fb644,delivered,2018-07-25 17:09:53,2018-07-25 17:25:20,2018-07-26 12:52:00,2018-07-31 16:51:38,2018-08-22 00:00:00
5433a0ef395e151f154279cd3fcde661,b2091c657df9c1f4566e2e1c2656a13a,processing,2017-06-11 05:05:03,2017-06-11 05:15:15,,,2017-07-07 00:00:00
36b65b129c6d1404bbbb77935829a338,6b86fdb1640918e85cf650095dc1041a,delivered,2017-06-06 18:59:02,2017-06-08 03:05:28,2017-06-08 14:22:31,2017-06-12 17:33:36,2017-06-27 00:00:00
6149381a3f89663b98bdbf7728d37cce,c167ffdd53d4ef353ae34d914fdaef97,delivered,2018-05-14 14:38:32,2018-05-15 14:35:49,2018-05-21 14:21:00,2018-06-04 23:11:33,2018-05-28 00:00:00
f7b820ea870eadff426970af299e9384,82c13b27571f530d4e03109dc6605536,delivered,2017-10-09 16:17:48,2017-10-09 16:49:25,2017-10-11 15:29:19,2017-10-16 20:34:41,2017-10-27 00:00:00
5cafde3fdf1a583c0a5d7fdc7b526ad1,10baab001a56d35c30388ba757de99ac,delivered,2018-07-04 06:46:28,2018-07-05 16:09:37,2018-07-05 19:07:00,2018-07-11 18:39:29,2018-07-18 00:00:00
6e0b28c14e19f98166a6c136548dab7b,07e4bae9721bddba07155c1b1cb5abb0,delivered,2018-03-19 11:21:57,2018-03-21 02:56:47,2018-03-21 19:33:35,2018-03-22 21:50:54,2018-03-29 00:00:00
b191ff55d8fb38b19dca4409b536f14c,ef275253311c24911a6708b3f27a9d21,delivered,2017-02-20 14:03:36,2017-02-20 14:15:23,2017-02-22 10:02:23,2017-03-01 16:44:07,2017-03-21 00:00:00
dbc2de3f4c0498619c085f68a7e38fc5,7eab8473e5d7b37dbd609773b0cca38c,delivered,2017-05-16 00:08:14,2017-05-18 16:30:08,2017-05-19 19:32:01,2017-06-02 10:59:12,2017-06-16 00:00:00
cd72a689dcfc637eb771ab5d39165d51,9a2d8ab8a2b31f1924dc599386d36a7b,delivered,2018-04-03 14:33:43,2018-04-04 03:15:29,2018-04-04 18:17:38,2018-04-24 01:52:55,2018-04-26 00:00:00
b4b03edd1ede75d36cd31b38d52bc9fb,848b666026bb6ef8a5b05e5ab556109c,delivered,2017-09-01 16:01:21,2017-09-02 03:04:35,2017-09-04 22:29:54,2017-09-13 21:04:25,2017-09-21 00:00:00
bf4753bf93e0d4b25fab22e045029e7e,44cd1a39351e20bfe0d358a1e10022a8,delivered,2018-08-01 19:12:10,2018-08-01 19:31:28,2018-08-03 10:05:00,2018-08-10 14:51:38,2018-09-04 00:00:00
14ce3ea318e6003910fd6a5cfe72750e,310e8b3919986313160f2a9138918229,delivered,2018-02-14 17:31:13,2018-02-14 17:47:30,2018-02-16 18:52:49,2018-03-02 18:18:29,2018-03-07 00:00:00
46825d76addbe7655c8ed2ab5afaefd7,6b7de6f848b1ddd9771fad2cb4146307,delivered,2017-12-22 16:44:04,2017-12-22 17:31:31,2018-01-02 21:48:47,2018-01-05 19:22:49,2018-01-18 00:00:00
26330ea8daec86890eecd63e62f17c01,ec5d5d6b2d9ab1bf97cf190475e39825,delivered,2018-03-19 09:25:25,2018-03-21 02:56:47,2018-03-27 20:09:06,2018-04-14 12:54:29,2018-04-12 00:00:00
3924f091293036f904fe4c2ef928defa,cf3683cc93783df9d38bc06a1923dc0c,delivered,2018-07-23 17:26:31,2018-07-24 10:31:54,2018-08-02 19:22:00,2018-08-03 15:34:53,2018-08-08 00:00:00
2d78939bfc4d766dcab37fe477841c1a,92c9aea03108d38e89023741442b118e,delivered,2018-05-13 02:01:30,2018-05-13 02:15:07,2018-05-15 13:57:00,2018-05-28 14:27:42,2018-06-06 00:00:00
e4343d78149c8b9a3a1dd744e0e274bc,7be396f104a712e5cada0d53a1ce3417,delivered,2018-01-18 23:18:25,2018-01-18 23:30:34,2018-01-23 00:21:46,2018-01-30 14:46:49,2018-02-15 00:00:00
34ce7ddc1fbf9185fc40a6b30fdace6c,e4b3914855484b3bf77b28486d0247bc,delivered,2017-05-11 13:17:27,2017-05-11 13:25:38,2017-05-11 14:50:09,2017-05-22 12:22:23,2017-05-31 00:00:00
1ae00ef09991832a6fa6c8203c186b3a,8fc0ac744c605f43f90c13d259fc653e,delivered,2017-11-21 19:00:40,2017-11-22 02:35:02,2017-11-22 21:28:49,2017-12-09 17:05:02,2017-12-13 00:00:00
a567a2572a97a9731794566e93368a06,8b7aab2116006a1fc6840cbb745b5d56,delivered,2018-04-02 11:25:45,2018-04-02 11:48:44,2018-04-04 02:12:42,2018-04-06 19:08:47,2018-04-18 00:00:00
020347f6d056bb4209b3ee4711d25f1a,6ceae544a7b14267290dbaa361e511fb,delivered,2018-07-24 16:36:59,2018-07-26 03:15:18,2018-07-26 14:01:00,2018-08-06 12:36:47,2018-08-16 00:00:00
b247e9e61aeaf7a0176b58b04e321e8b,cc35391e93d0dc939f561f411c5051fe,delivered,2018-01-08 21:16:47,2018-01-08 21:29:40,2018-01-13 02:15:51,2018-01-24 15:46:40,2018-02-08 00:00:00
29e364dfcbd17d9ebd50456ac1cdd335,4b4e11c84fed713098490bfed5839f33,delivered,2018-02-05 22:14:39,2018-02-05 22:30:30,2018-02-06 21:07:57,2018-02-17 14:08:11,2018-03-05 00:00:00
27dc874d0fc1a19c74ec77ca706be968,f70caac357fd937a7c229b019eec9110,delivered,2018-07-02 07:52:38,2018-07-02 08:10:11,2018-07-03 12:53:00,2018-07-04 22:03:25,2018-07-18 00:00:00
757b85709c71afdd65579b82b1f5401c,8434c341761f602a26ca1f2b6ee6cee1,delivered,2018-03-18 13:35:43,2018-03-18 13:48:04,2018-03-19 23:51:44,2018-04-06 00:16:49,2018-04-16 00:00:00
06a55b1772ae6b58d1483030c97629ae,4814047063552c6302028eb70534a289,delivered,2018-03-02 18:09:49,2018-03-03 02:50:39,2018-03-07 23:09:19,2018-03-13 23:03:33,2018-03-22 00:00:00
ae732f4ea355fcf53ca3064153c276e6,2fe1e45308747a49753fc6a495d6cda7,delivered,2017-10-07 21:37:21,2017-10-10 03:35:42,2017-10-17 17:19:03,2017-10-20 18:23:50,2017-11-06 00:00:00
87db8617d2382ef822c02612327f52f3,dd44ef056d747fd1dcec4794c2579837,delivered,2017-07-05 15:07:49,2017-07-06 03:15:58,2017-07-06 13:34:34,2017-07-14 17:36:49,2017-07-27 00:00:00
a2714ecbf6eeb3bb9cd7dba6dc1c5e82,5fe0562353e8f0b6c0c6b55cd0f58fe0,canceled,2018-02-14 18:01:38,2018-02-14 18:20:40,2018-02-15 17:27:27,,2018-03-06 00:00:00
45ccd2f1dba595badc92a8c34c88381f,9f15859f6d963a90bae5f05b242cce4d,delivered,2018-05-25 12:51:58,2018-05-29 03:55:14,2018-05-29 08:58:00,2018-06-04 18:04:13,2018-06-19 00:00:00
039681a3b797611f717a3232e87f60ef,b7bc51bbad15f6c8242cb08a9dceeb15,delivered,2017-12-01 09:10:28,2017-12-01 11:31:08,2017-12-01 17:48:57,2017-12-13 14:47:35,2017-12-28 00:00:00
799934ebdaf707f09223f71cb9e34305,da3f5b022a86cccecadb183b099d4eff,delivered,2018-03-01 12:57:44,2018-03-01 13:10:46,2018-03-05 22:38:36,2018-04-06 18:56:26,2018-03-21 00:00:00
9dcf2d215096fef19c7e4a8a7d6fb1c3,47c6be885d341b573908326d75ef5907,delivered,2017-05-15 23:06:06,2017-05-15 23:15:16,2017-05-19 19:06:52,2017-05-26 11:33:31,2017-06-06 00:00:00
4ebadc22cfcf79aee972ae7009d6b2d7,5347865507b517f086a086f7b017a1dd,delivered,2017-07-30 15:49:54,2017-07-30 16:05:55,2017-07-31 10:59:05,2017-08-03 16:51:14,2017-08-22 00:00:00
563d936ee2d2defb115a6eadf4a7d65f,e9aa605f6ee9230f75d829a0923b8458,delivered,2017-11-10 13:32:02,2017-11-11 03:06:51,2017-11-14 14:44:53,2017-11-20 17:32:03,2017-12-04 00:00:00
3aa02c25c6bd28d27a4c961ce20c327a,18756b8f42ca01e278e8a6986d58cf15,delivered,2018-02-26 12:08:58,2018-02-26 12:29:07,2018-03-01 01:08:57,2018-03-06 19:27:35,2018-03-20 00:00:00
6304164a7279cadbe75ba08fcf6357d6,e8d78183041d8ac4f747ec2207a0a2b5,delivered,2018-07-24 10:54:55,2018-07-24 11:44:41,2018-07-26 11:45:00,2018-08-02 15:08:38,2018-08-23 00:00:00
a50aa8b40d7c388a14e6fe4ec5528ec3,52aceafe10a008aa9d22dfcb077b4c87,delivered,2018-05-26 09:55:09,2018-05-26 10:19:13,2018-05-28 10:02:00,2018-06-12 23:28:39,2018-07-11 00:00:00
19938b0f4dd0796e7c2d07f8a406add7,752103f8ede569f37f10eed1061e8920,delivered,2017-02-13 16:15:18,2017-02-13 16:25:09,2017-02-14 10:52:51,2017-02-20 12:41:22,2017-03-14 00:00:00
854f7c88b0fc0c1a45d66a0bf99c90b7,8fd475ce403409d1f2e6266192b35e7b,delivered,2017-10-12 12:11:18,2017-10-13 12:27:44,2017-10-13 19:56:41,2017-10-18 16:07:29,2017-10-31 00:00:00
fc03cdcda715afc2628625ea2cdaffdf,972b476f4fcd4d86bd5cf2db61ed7370,delivered,2017-08-30 12:07:13,2017-08-30 12:15:19,2017-08-30 19:32:34,2017-09-22 17:04:13,2017-09-27 00:00:00
854f8cb8dacdc3abc4cce7a7df6fcc1f,58512a1043fd8047a4f96d5fa665fd2d,canceled,2018-02-02 09:09:27,2018-02-02 09:15:27,2018-02-08 22:06:59,,2018-03-06 00:00:00
a4fe2ae99d3fcafacc6b88fb848d8eb4,5169edf26de744834d951d7481bb89b6,delivered,2018-04-29 13:26:07,2018-04-29 13:51:09,2018-05-02 14:14:00,2018-05-04 22:37:27,2018-05-23 00:00:00
500f1d7b6148a81d7178121caf651e3d,0dac48fbbab7c46ad058c8be85977e84,invoiced,2018-01-09 20:12:56,2018-01-11 02:48:26,,,2018-01-29 00:00:00
8a601ac58a66e7a37b56294b81c2b373,dbf371c0a6ca1ab9a8d156fd12c8f8d1,delivered,2017-06-11 15:49:32,2017-06-11 16:02:32,2017-06-19 20:33:53,2017-06-29 12:16:23,2017-07-28 00:00:00
020e6f6dee3bdcf543b857eb97373956,fd2f069f330e8205fb45a29fb37ec0ee,delivered,2018-05-05 10:39:11,2018-05-05 10:55:26,2018-05-09 12:15:00,2018-05-11 01:16:36,2018-06-13 00:00:00
c169a9e130193e8343151c84accb258f,77e912c19fdfce2abed4fff5c47e5527,delivered,2018-06-07 23:17:16,2018-06-07 23:35:26,2018-06-11 14:16:00,2018-06-20 18:29:58,2018-06-28 00:00:00
de5518f86eca3ccfc00bb9ba13cdfffe,97300b8bea30b34f84ac6b6244ebeb55,delivered,2018-06-27 10:45:14,2018-06-27 11:16:06,2018-06-28 13:03:00,2018-07-06 12:54:56,2018-07-30 00:00:00
46fddecb6bfd9977d21332483ca3fb5c,226a2c47a0fdae2d00888c49d64bb2d5,delivered,2017-09-24 19:22:44,2017-09-24 19:35:10,2017-09-26 12:41:37,2017-10-03 21:42:21,2017-10-25 00:00:00
ba50eb882d0ee0f257aeaa649456821f,2a1df0e151085060e6623eb067acf959,delivered,2017-11-24 02:52:16,2017-11-24 03:09:38,2017-12-07 17:21:32,2017-12-18 20:12:07,2018-01-04 00:00:00
78b4b4df4e8811a7389f543cc5475f40,9f2fc58f12ef0419dd506bb2eb65cd31,delivered,2018-04-16 15:09:48,2018-04-17 05:50:10,2018-04-17 18:26:49,2018-04-18 18:28:27,2018-05-08 00:00:00
4d7b4c89f8c9bb45857a3fa3eb4f0272,5b2028c3bda0945340b62d46a8d74dc7,delivered,2018-07-24 01:48:21,2018-07-24 10:31:19,2018-07-24 14:43:00,2018-07-30 12:16:34,2018-08-10 00:00:00
dd800b5dd3395650111f9a4539000e7d,236c0490b8ca680df0093921b3d182f5,delivered,2017-11-24 07:12:24,2017-11-24 07:28:30,2017-11-24 20:11:54,2017-12-06 15:05:51,2017-12-21 00:00:00
35478bb4a9d91878bd6e7dce09e52bf8,2b7c32503d83bc41dd123370fe5d81dc,delivered,2018-02-22 15:11:35,2018-02-22 15:30:40,2018-03-01 11:59:06,2018-03-02 23:04:03,2018-03-08 00:00:00
5b1f569ced504719f147f0f25808358d,e3b0ae006d2713db8338fb7557d9f322,delivered,2018-03-16 13:58:32,2018-03-16 14:10:57,2018-03-16 22:49:44,2018-04-17 20:04:07,2018-04-13 00:00:00
4d2280f2d019f91aa6cb3e4e4188d984,2832de5584863f66a54e271f2988811c,delivered,2017-10-18 14:13:08,2017-10-18 14:28:17,2017-10-19 14:48:38,2017-11-27 11:59:00,2017-11-16 00:00:00
6d230bed2f78fb2634dc7b6910c036d1,bca8392c9290af0afe8f82e3d02e6456,delivered,2017-10-09 21:38:35,2017-10-09 21:56:17,2017-10-10 19:56:09,2017-10-11 22:33:48,2017-10-20 00:00:00
49c534c4015249b8c5faf61de763c6e8,e77388513eea246317ea08bd3dd9062a,delivered,2017-07-30 13:17:00,2017-08-02 08:33:32,2017-08-01 22:12:50,2017-08-07 17:03:31,2017-08-31 00:00:00
87a635f625b39db6169bd9ad1bc63925,de05e894924fb7aaf5fd64556425578a,delivered,2017-09-24 19:32:04,2017-09-24 19:45:30,2017-09-25 18:07:52,2017-10-04 21:37:30,2017-10-23 00:00:00
4d65b53f48c951380c38eb2aadc99138,03377b1b4b82e780549eeea3cac8f25a,delivered,2017-05-01 18:22:33,2017-05-01 18:30:20,2017-05-02 14:15:42,2017-05-11 10:47:42,2017-06-01 00:00:00
eb2783fdb369d57e19ea74d5247c0816,25706538864f0f70a77b2caee74b85c7,delivered,2017-09-11 18:57:07,2017-09-11 19:10:12,2017-09-12 18:58:38,2017-09-13 22:09:02,2017-09-21 00:00:00
7791eb26e081ed5f8dd15b40c45393a3,7936eb4ddff395a867c29f51b6c25ee1,delivered,2018-02-25 21:01:07,2018-02-26 09:35:57,2018-02-26 22:44:43,2018-03-05 15:35:13,2018-04-02 00:00:00
a24de6b0871517bd5771e0b4781ad5f9,813383030172c9bce8bd0c669ba166d2,delivered,2018-06-18 22:26:56,2018-06-20 21:18:22,2018-06-21 15:32:00,2018-06-26 12:58:47,2018-07-18 00:00:00
af88e18cdef0e6a040d51ed74427f9a3,1db165d1cb219c3198f33c8ad87312e8,delivered,2018-06-28 12:52:35,2018-06-29 09:50:18,2018-06-29 12:02:00,2018-07-09 17:08:41,2018-07-20 00:00:00
89aa569daca24dc756b7e9c962621bf8,aa2dde08a5b022c877a057d0113a9baa,delivered,2018-02-24 08:41:31,2018-02-24 08:55:50,2018-02-27 19:29:03,2018-03-09 17:44:41,2018-03-23 00:00:00
b4546ae2e1dcafe9a6afa714b0ad9921,319e8b6e1c689ed702bd3b73bcf972a3,delivered,2018-05-08 11:55:32,2018-05-08 12:16:49,2018-05-08 12:46:00,2018-05-16 17:03:58,2018-05-28 00:00:00
2646f79bb52c439205971a6cc6d95ff5,d53f997545472e4212417f7a18b8af2a,invoiced,2018-07-14 14:00:35,2018-07-14 14:15:08,,,2018-08-02 00:00:00
700e518b5fbd250d76c38bbca154a193,c96af2864e087c28e8f562046727fbb5,delivered,2018-05-03 19:59:30,2018-05-03 20:12:52,2018-05-04 15:04:00,2018-05-07 23:04:21,2018-05-18 00:00:00
d75f81a722e2725c03b9fc87373305ab,e501a79db5a18dc9f18cdc3956e59fc5,delivered,2018-07-22 23:20:29,2018-07-23 12:31:34,2018-07-24 11:46:00,2018-07-31 13:38:35,2018-08-21 00:00:00
cec3fc5de594e2fdec6ca3becfcbab46,6d89ee9aac9ab6950ba2add7309ba6e7,delivered,2017-12-10 14:48:26,2017-12-10 14:57:34,2017-12-18 19:35:48,2017-12-21 20:16:56,2017-12-28 00:00:00
ffdce235aaf8a4e381ba694a4da99221,35da61fea067d2343fcef9efa970944f,delivered,2017-12-25 16:50:02,2017-12-27 06:26:36,2017-12-27 20:47:54,2018-01-03 14:43:31,2018-01-19 00:00:00
deb46eedbf903626782bcc806f26df87,ae50974f7ba184e72f70876f964fc6a8,delivered,2017-12-03 21:38:37,2017-12-04 18:30:43,2017-12-06 01:36:43,2018-01-17 16:39:18,2018-01-04 00:00:00
01e1617e546dc1fd372e089ab515ae34,3e7394d8b265e9ff64b31f047cc71fd9,delivered,2017-09-17 19:15:28,2017-09-17 19:25:12,2017-09-19 19:25:14,2017-09-27 18:56:34,2017-10-06 00:00:00
021d0261c214591da7db51193c9aeb29,af9e6b10595811f8cfa732c179697ac4,delivered,2017-09-20 05:02:16,2017-09-20 05:15:07,2017-09-20 21:20:11,2017-09-21 16:18:28,2017-10-02 00:00:00
8e231eb804b052ee611d6c4a9300e10f,96d2f53797a8297aa57abd73dc80e96d,delivered,2017-06-19 22:23:37,2017-06-20 15:23:25,2017-06-22 14:32:42,2017-07-04 14:39:31,2017-07-13 00:00:00
f264e75375a41310e31722cb8c28cb8d,d486feef34e5c0ddfe100703c228574f,delivered,2017-07-18 14:55:11,2017-07-19 03:55:45,2017-07-19 18:56:34,2017-07-26 13:47:43,2017-08-09 00:00:00
942c437934a994c52629e74e23787f26,c4f5786620762dbd61ce2ee9a532a5ff,delivered,2018-01-04 18:01:53,2018-01-04 18:11:18,2018-01-05 21:29:02,2018-01-22 22:05:11,2018-02-06 00:00:00
3adc4c795d905a8b0b656f1737f0ff45,24940b75487e42bff2b7728fc6817382,delivered,2017-12-26 16:09:06,2017-12-26 16:17:29,2017-12-27 14:03:37,2018-01-08 22:09:34,2018-01-31 00:00:00
3b550d526029241325a94aa30a60cff0,ba94d08242444ec7bb6504275a6d7c4d,delivered,2017-09-08 14:15:39,2017-09-08 14:25:18,2017-09-11 16:12:21,2017-09-13 15:07:45,2017-09-27 00:00:00
df068f6cc2bc485b63c68ddaa02a59e2,cfd23bb45ba417019ec8a8cf6345f2bc,delivered,2018-04-07 02:09:22,2018-04-07 02:27:24,2018-04-14 01:04:08,2018-04-28 14:42:01,2018-05-17 00:00:00
8ff6ab5092f178654b69b95482c18556,c34801180f2cd4439751f2ecb18ed780,delivered,2017-11-12 00:26:11,2017-11-12 00:47:53,2017-11-17 12:23:10,2018-01-16 23:21:21,2017-12-12 00:00:00
5f8b2bc14c6a2b44cd5c1131aeb55ae3,7450b013f57c2f09987d9bbfdd226837,delivered,2017-09-20 10:08:50,2017-09-22 05:36:19,2017-09-22 20:09:47,2017-10-04 15:50:30,2017-10-11 00:00:00
1797ee9d6bb9bd0edfc40d6dc7320c8e,e64de5d804d3158ba8baf701952683d5,delivered,2017-10-17 16:58:18,2017-10-17 17:14:24,2017-10-19 23:05:05,2017-10-24 21:25:47,2017-11-06 00:00:00
3082f4b582ef439cf6f04f2256ef546f,103670c48387c7c93f137fbf9113c623,delivered,2017-12-16 10:48:43,2017-12-16 10:55:30,2017-12-21 23:07:21,2018-01-05 20:39:15,2018-01-15 00:00:00
373e8a6f20402ca46cedf50241ed878b,641225fde4de7cca971a1d59354adfe5,delivered,2017-12-13 13:52:38,2017-12-14 02:12:37,2017-12-14 18:45:51,2017-12-22 12:42:23,2018-01-09 00:00:00
c1591a9316b2fcc4c98ddcb8aac1e929,a0becb2ea14407e097833407c1e23fc9,delivered,2018-05-19 19:38:01,2018-05-19 23:30:32,2018-05-21 11:43:00,2018-05-25 13:28:22,2018-06-08 00:00:00
14fbf806b3437830413ce53a21371d3c,3cd90f449b0a4bf6c363bddd2aaf2418,delivered,2017-12-22 08:57:12,2017-12-23 02:12:40,2017-12-27 20:05:04,2018-01-04 21:19:18,2018-01-22 00:00:00
0093cbf16a6afb7f0ab7cc821b6f9e92,dce4e5a6bad0519b5c92cd5c4bc880d5,delivered,2017-11-11 13:05:52,2017-11-11 13:26:57,2017-11-16 20:27:16,2017-11-25 14:46:58,2017-12-08 00:00:00
c651217322b400d1c7f2fb8230870721,f4984d9f9ce9b3201db4932ea329cb40,delivered,2018-04-20 08:31:40,2018-04-24 18:14:49,2018-04-24 17:04:24,2018-04-28 16:46:49,2018-05-14 00:00:00
cb52e15d9560e5dadaf5732671a919d1,15427398de8b7e909a0f36da6d3d1780,delivered,2018-01-12 14:46:48,2018-01-12 14:54:26,2018-01-16 21:03:13,2018-01-22 22:34:17,2018-02-15 00:00:00
bc86e3292b57c1f04887157a40cccfc2,d014e48c9b9e60f7804f0a43d4891b30,delivered,2018-06-20 18:41:26,2018-06-20 19:00:27,2018-06-21 13:23:00,2018-07-02 22:12:49,2018-07-24 00:00:00
bfbe4da70051b268f60475b51581c663,e71fb5fc7c32a6b9b99faf76cae32bfd,delivered,2018-07-06 21:05:58,2018-07-06 21:15:18,2018-07-10 10:38:00,2018-07-12 18:18:53,2018-07-19 00:00:00
05608987284e4c496bec56c52fdb0a6c,8f5af572009e7490315259d1da83eb09,delivered,2017-03-15 20:21:03,2017-03-15 20:21:03,2017-03-16 15:32:58,2017-03-30 17:33:24,2017-04-12 00:00:00
1f137a14de43d022802dd2375ff30e87,47521f9c627b3ad768f11779fc0f1fe8,delivered,2018-04-30 18:55:25,2018-05-01 02:36:31,2018-05-04 15:49:00,2018-06-07 17:42:13,2018-06-01 00:00:00
d56bf2b8f9b6cdae985b4a4904d98a07,e2ed480f78062552abbe7d7ce1fd9dcf,delivered,2018-03-24 22:02:26,2018-03-24 22:15:24,2018-03-27 01:11:23,2018-03-28 20:14:43,2018-04-06 00:00:00
3328fcf7fefe319b350bec31d74bfd46,47ef3da26d1d60abc77a2a3eb050991c,delivered,2018-01-24 12:15:01,2018-01-25 12:18:59,2018-01-30 00:58:51,2018-02-19 22:32:08,2018-02-21 00:00:00
c9edb7bc5d1bba89d462a4f94c79c078,ec2d40b48af443ce4251d17d933f42d5,delivered,2018-08-03 23:53:21,2018-08-04 00:45:17,2018-08-06 11:07:00,2018-08-13 11:54:36,2018-08-17 00:00:00
a04fb6341ec58dddcf7ecaa4c6322f55,3505f88cf7163bd5119bee06799d2ac9,delivered,2017-10-10 11:59:35,2017-10-10 12:29:46,2017-10-11 22:08:53,2017-10-23 23:04:02,2017-10-23 00:00:00
941ebebbc2c3685498a892e2a29237c9,aa401ab0f146d2ed8ba1e68f8c818243,delivered,2017-11-26 19:47:54,2017-11-26 19:54:38,2017-11-30 00:03:50,2017-12-14 23:04:24,2017-12-28 00:00:00
839990d3678a7b463cd0f5c2f549a79a,6ca83daad049ed396d70cd09866c8073,delivered,2017-11-25 20:56:52,2017-11-25 21:56:37,2017-11-28 19:22:16,2017-12-07 14:22:15,2017-12-15 00:00:00
059a13b49c0fb6d21e423fad48ad1c44,0d50229d0a7136cf545013bb7ec32f1c,delivered,2017-03-03 11:55:51,2017-03-03 12:10:44,2017-03-06 08:57:04,2017-03-16 10:37:34,2017-03-28 00:00:00
de0a003330b41a595051ce9986bc7799,8e1026d431a055944bb4b806ae45ce7c,delivered,2018-05-16 19:57:42,2018-05-16 20:16:26,2018-05-17 15:19:00,2018-05-21 15:11:48,2018-06-01 00:00:00
ed0c1b3fab332408945a98ebf6224bdb,cec25e74aaf4118c600a09a96365b487,delivered,2018-01-08 17:04:25,2018-01-11 10:09:02,2018-01-11 19:54:51,2018-01-22 21:08:43,2018-02-15 00:00:00
37b9002ba4b83202d6a604f34e8bbb5d,25b32213901a2f413cb3c9896e4d164a,delivered,2018-05-10 08:30:31,2018-05-10 08:55:45,2018-05-11 16:13:00,2018-05-14 11:28:40,2018-05-23 00:00:00
9bd77eb694253d1afc5b7e3ac6db55d1,af9c734f19c172d4ee125c802ccf473e,delivered,2017-10-04 08:34:26,2017-10-05 02:56:38,2017-10-09 22:05:25,2017-10-18 19:34:03,2017-10-31 00:00:00
98c977c116f7779360e9fecffd3860b6,e144d625b739ab69821471cc91327926,delivered,2017-08-28 20:24:52,2017-08-28 20:44:54,2017-08-29 18:42:19,2017-08-30 13:27:51,2017-09-08 00:00:00
dab4d0e2e34ccf6d7136c2a702fb5a5f,48ae3070d7a4aabfeb92cd766d8d15b0,delivered,2017-02-13 10:18:19,2017-02-13 10:30:21,2017-02-15 10:44:03,2017-02-24 23:15:45,2017-03-24 00:00:00
461284c65054e6492ba30c4ae2ca1a26,f0214ebcddaa587605347762769839fb,delivered,2017-06-24 01:15:34,2017-06-24 01:25:11,2017-06-29 09:04:24,2017-07-13 19:25:40,2017-08-01 00:00:00
34215cc5cb67e2f9336c1246166da912,d98480be80c2ee41a16df48653cb7d6a,delivered,2018-05-15 13:01:45,2018-05-15 13:30:48,2018-05-16 14:09:00,2018-05-23 20:32:35,2018-06-06 00:00:00
f0aa70aa3ed2fbaace3cca0919bbb11c,b6e67ca372ab6c9e984cb8613df7800c,delivered,2017-06-11 08:30:14,2017-06-11 09:02:35,2017-06-13 15:35:07,2017-06-14 16:01:14,2017-06-26 00:00:00
d170469f4f06bfcbc0b1c5f726d55920,642b1a1cc1b8e9a7c429812cb1d49505,delivered,2018-05-16 21:20:12,2018-05-16 21:36:04,2018-05-17 14:02:00,2018-05-21 21:33:46,2018-05-28 00:00:00
15564b81a39383f08dc90fa1fac055bf,c267b23fea7c2a54a6a7b72ecee7eaff,delivered,2018-03-27 14:21:04,2018-03-27 14:35:12,2018-03-27 23:42:06,2018-03-29 18:34:32,2018-04-18 00:00:00
b97811f6db9883c21f70f10be990b22b,d68f1a91d75b0f64bbba94060bc54bdb,delivered,2017-06-19 16:56:09,2017-06-19 17:05:12,2017-06-22 15:59:35,2017-06-29 14:05:41,2017-07-13 00:00:00
6362a7fa249232a216ff4ed1cec9f7b3,ab85203400c4ddb2933ef58e6d6716f9,delivered,2018-01-28 22:23:57,2018-01-29 22:30:12,2018-01-31 22:51:24,2018-02-15 14:52:27,2018-02-23 00:00:00
0ed4f17967e8f572b0d7523d705aeabd,9add6a6f2263142f6bbecf2d0865b23d,delivered,2017-12-18 11:53:35,2017-12-19 09:50:58,2018-01-03 20:04:57,2018-01-13 15:27:10,2018-01-17 00:00:00
734b5a25b4318e6840301f241811ad1b,4e64b967799cd7d6db22d2895b3bbc4f,delivered,2018-04-26 08:50:19,2018-04-26 09:13:11,2018-04-26 13:49:00,2018-05-03 20:42:11,2018-05-24 00:00:00
fcdd373db44c238886a0ecf5ec332b95,b4284429dbdcf5d197a909adf3362caf,delivered,2018-06-03 23:56:23,2018-06-04 00:10:32,2018-06-04 14:18:00,2018-06-15 19:12:42,2018-07-13 00:00:00
dbf5bbf29b4a8f8e7e6f3584c8dba6d8,dd4c0e8d44344042d262d6afa8efcc91,delivered,2018-03-15 09:21:46,2018-03-15 09:30:33,2018-03-16 17:04:11,2018-04-02 16:31:32,2018-04-04 00:00:00
ee1a60d0930166de412a27e2af280f9c,eb66077f255e1f15020a2904b1f7f24e,delivered,2018-06-14 14:17:05,2018-06-14 14:42:30,2018-06-20 15:03:00,2018-06-21 16:48:20,2018-06-29 00:00:00
01db310c16db46c62c3d4e0857990f32,cd042ac503b01b08c0c1e582bb978154,delivered,2017-02-13 16:22:39,2017-02-15 02:43:18,2017-02-21 08:34:01,2017-03-13 11:14:13,2017-03-29 00:00:00
0a275b76a325d0ea648f62a087597d85,ba41199b46562b87c3d00a2f85bdf386,delivered,2017-08-03 19:02:29,2017-08-03 19:15:20,2017-08-11 18:47:55,2017-08-15 15:23:42,2017-08-30 00:00:00
937bb835b909258e3fd32898753b0cad,6f5d085fa90e41ad46b2f5623426febe,delivered,2018-04-27 21:17:37,2018-04-27 21:30:22,2018-04-30 18:48:00,2018-05-02 19:51:05,2018-05-16 00:00:00
75441fa4c89fbbba02fa9fdfd5729595,1580b820b625635d138a7995ff9e5ee0,delivered,2018-05-16 07:41:56,2018-05-16 07:56:22,2018-05-17 11:42:00,2018-06-04 17:44:35,2018-06-06 00:00:00
fd079c0a24ce2138def202fb00f1ae38,4e97d722adb4780333d998d42f91df9c,delivered,2018-07-12 20:24:08,2018-07-12 20:35:21,2018-07-19 11:40:00,2018-07-20 19:40:46,2018-07-24 00:00:00
511618fe3d5724a254ffb7ebada30e0c,95c6b87b46833bf235a0e433df10216f,delivered,2017-07-21 20:15:01,2017-07-25 03:43:50,2017-07-26 10:49:51,2017-08-03 19:15:32,2017-08-18 00:00:00
8f0c341c40542ef2e5fee0d1ed7ba05b,d31117caa8b76119d6e8c9819f68aa5d,delivered,2017-12-21 09:21:23,2017-12-21 09:34:17,2017-12-21 18:18:47,2018-01-04 02:48:38,2018-01-16 00:00:00
f697d75c89c805baa9e171a20f34a58b,2c6175e58d7a5a280f53c095ad1dbe97,delivered,2018-06-27 18:07:00,2018-06-27 18:15:13,2018-06-28 14:31:00,2018-07-03 21:27:52,2018-07-25 00:00:00
7f5fffa3eb208b83138281c2a012dd7f,172477606e97c0d64d80f90a7c8b3703,delivered,2018-02-13 14:53:47,2018-02-13 15:07:26,2018-02-16 00:22:31,2018-02-20 01:09:09,2018-03-02 00:00:00
a721e26ff7bd0e11f75933623f5eb2d5,0e9c9ee87acb98a66f2f056c5d49adc1,delivered,2018-04-04 21:44:26,2018-04-04 21:55:19,2018-04-05 20:21:54,2018-04-25 00:38:43,2018-05-07 00:00:00
cf774fe62d37125e7b9638ef68f872b6,686fa334d4d911e9ad2ab7322363815b,delivered,2017-12-24 13:19:17,2017-12-27 07:27:54,2017-12-27 18:26:55,2018-01-15 16:06:54,2018-01-30 00:00:00
79f972ddba6969e1903a32a2bbc78886,b04d041da05c2704d29c6945333cd08d,delivered,2018-04-17 16:57:53,2018-04-19 02:32:11,2018-04-19 23:28:42,2018-05-11 17:42:08,2018-05-24 00:00:00
5fe3264defad0362e5f017bda3404062,9391b0dc774425a1c033b640f5bf435a,delivered,2017-09-23 18:09:25,2017-09-26 03:24:46,2017-09-27 19:38:05,2017-10-13 17:53:41,2017-10-20 00:00:00
d656f5c86159b4cc6d5a11af77d7efde,6d08a140cd85228349360a6b914ea47f,delivered,2017-06-13 11:08:44,2017-06-13 11:25:19,2017-06-19 16:56:57,2017-06-27 18:32:53,2017-07-06 00:00:00
5e41827b759a0bb0ed7c166e8f9f43e1,7bced3969d47023b7ab580e4cfdda7ed,delivered,2018-06-28 12:39:44,2018-06-28 12:50:26,2018-06-28 18:59:00,2018-07-05 18:54:47,2018-07-13 00:00:00
2772cb7ffe44f20a3bcb6fc52a9c3370,d1af1251ff8b9109624062f710192be5,delivered,2018-01-11 22:03:32,2018-01-11 22:10:37,2018-01-15 15:51:36,2018-01-22 22:16:51,2018-02-09 00:00:00
f4eef947e4385f95c5a7184a689fe241,f59463f6531124e7598a3ae111a753db,delivered,2017-04-08 18:03:40,2017-04-08 18:22:28,2017-04-28 13:39:08,2017-05-15 16:27:44,2017-05-11 00:00:00
6a09c972c5374c18c043270ddf09b641,e5a425ad8699dd021f97ac837591cd70,delivered,2018-08-14 17:47:58,2018-08-14 18:44:07,2018-08-15 15:00:00,2018-08-16 15:21:27,2018-08-22 00:00:00
643a4b4184a5186bbc7ef0a52db34906,3c0c18b834b8f01bc414c2a3f4752fd1,delivered,2017-09-29 19:26:41,2017-10-03 06:34:20,2017-10-05 19:17:51,2017-10-09 21:05:27,2017-10-17 00:00:00
0c5f4de2e1c08a6da891feaafcf35d1e,400bdea7f3cee3d1d54dda43b762d369,delivered,2018-05-09 18:58:23,2018-05-09 20:55:37,2018-05-10 12:01:00,2018-06-11 17:23:01,2018-06-05 00:00:00
ca2bfe1c1e0ec49a98d9e9f94a39c06d,dc0ebf834c63bbe1c8f51c32827a7ed0,delivered,2018-06-18 13:32:10,2018-06-18 13:55:46,2018-06-18 15:03:00,2018-06-26 20:29:27,2018-07-13 00:00:00
d8393142319e943a9b883adab79e9561,fc3bc2de4e93457488be678d6a346653,delivered,2017-07-30 17:02:31,2017-07-30 17:15:19,2017-07-31 15:15:32,2017-08-03 17:43:16,2017-08-11 00:00:00
50516ea7f0e69111faf523c5d7900c15,c6eebc8cc5774b32a684d0437542ba9c,delivered,2017-12-07 14:54:19,2017-12-07 16:05:28,2017-12-09 00:54:27,2017-12-22 13:12:20,2018-01-03 00:00:00
2d9d56fc9b7bd4d074391577ac282706,fdf4c60c463da690eb528d6120be147d,delivered,2018-02-01 21:12:42,2018-02-01 21:32:10,2018-02-05 23:15:30,2018-02-19 15:39:23,2018-03-07 00:00:00
d0669b64153d2b6cf4cf2b6a11281c4f,4f0ac8ff29c955fdf64f1b7448831a07,delivered,2018-04-24 23:21:03,2018-04-24 23:30:23,2018-04-25 13:48:00,2018-05-04 18:28:31,2018-05-17 00:00:00
7b13c77c64a9a956500cbf1a9a23798d,45d942b1af5529f8990f27848a40e645,delivered,2018-05-17 09:24:18,2018-05-17 10:38:35,2018-06-01 09:04:00,2018-06-07 19:12:50,2018-06-05 00:00:00
ba58944fed9eea8a43f9fc3b2cdca75f,da9ef0f242177bd1de0ce7394f41a6f6,delivered,2018-06-16 17:43:34,2018-06-16 17:58:38,2018-06-18 13:12:00,2018-06-22 13:34:41,2018-07-17 00:00:00
77eebc56e710b7d5e02097984981cd76,38e3937c97e049632e77de6d05648412,delivered,2018-05-29 18:10:24,2018-05-30 14:17:00,2018-05-30 14:05:00,2018-06-04 15:24:56,2018-07-17 00:00:00
649a1e8e34e85fc2892b907e6bf7ddb3,a8ac32b549f5f10fdcdc0d5c7cdd2df7,delivered,2017-12-31 11:05:02,2017-12-31 11:14:24,2018-01-02 13:34:50,2018-01-04 23:05:26,2018-01-18 00:00:00
54802d33f22620ff142f94fd4fe18b25,e97a610088134f06228ff807008f5b55,delivered,2017-02-02 15:18:39,2017-02-02 15:30:19,2017-02-03 10:39:25,2017-02-07 11:11:38,2017-03-09 00:00:00
b1629139e38e77931c032720fff0c091,357021c0b7dd2932d05c91cd16426909,delivered,2018-01-11 13:38:23,2018-01-13 04:54:20,2018-01-16 23:34:11,2018-01-24 21:35:11,2018-01-30 00:00:00
ab53b19e9f59776c6556ebf49e85a52c,3cc85f62deb4a6349f8f6ecd7d688eb2,delivered,2017-10-04 01:15:28,2017-10-04 01:33:52,2017-10-06 19:08:24,2017-10-11 20:58:38,2017-11-01 00:00:00
ec4f4f7e31b79905b7626cbbdf077813,eaa3bef3175bbdfb86ea8310d25abbac,delivered,2018-05-03 19:11:29,2018-05-03 19:33:44,2018-05-07 11:21:00,2018-05-11 17:32:03,2018-05-15 00:00:00
6826d3cfe92e5af877d3d2088f03d8c5,d153b079da001f9f47758f5b44040460,delivered,2018-07-13 23:01:20,2018-07-13 23:15:06,2018-07-19 13:40:00,2018-07-24 16:28:00,2018-07-31 00:00:00
a543320aceee9be9a814f4808aacaf3f,725ab1386add4f257ae6b635da68daa5,delivered,2017-11-12 01:39:16,2017-11-12 01:51:08,2017-11-17 19:41:41,2017-11-27 16:53:00,2017-12-13 00:00:00
d82255dd8d216b8577f8f2527ce817a1,65d82c4a61c5d879633df01f1352ba2a,delivered,2018-05-03 11:05:17,2018-05-03 12:32:12,2018-05-09 14:11:00,2018-05-24 21:44:23,2018-06-04 00:00:00
336d43702a934d77766b523ef3308ba6,e3312db97d85d35a74e17ac783bff72a,delivered,2018-04-19 21:27:20,2018-04-19 21:50:14,2018-04-24 00:22:51,2018-04-26 17:23:33,2018-05-14 00:00:00
c105dc345a895fe1dc4c94717b232046,08e91c074733311e5056cda3a7bc53a1,delivered,2018-01-25 18:57:01,2018-01-26 03:16:50,2018-01-26 14:36:18,2018-02-07 19:09:16,2018-02-19 00:00:00
85b34a1af5137701810e71076fa9cc33,a049db073f7fcbaa05e0b4ebabba07a7,delivered,2017-07-24 18:01:28,2017-07-24 18:15:22,2017-07-26 10:47:43,2017-08-01 15:03:01,2017-08-15 00:00:00
3d8c679ea369975a1e4265dbc2289f72,1e097438e43714589170b9bf6b41052b,delivered,2018-07-22 10:16:39,2018-07-23 11:31:35,2018-07-25 13:55:00,2018-07-26 13:34:00,2018-08-16 00:00:00
6ce2f6c46900d2944aa402979ff81e6c,efdb7165e1cdb1a60f09f771135412f1,delivered,2018-07-23 12:55:39,2018-07-23 15:31:47,2018-07-24 09:33:00,2018-07-31 20:02:25,2018-08-10 00:00:00
58e27f23b4e77996bbcfc79b51373c76,d5db211c4387fafdaead20b35f64ce3b,delivered,2018-01-10 14:06:16,2018-01-10 14:18:25,2018-01-12 21:06:31,2018-01-15 19:51:58,2018-01-29 00:00:00
a0fdd81ab04852a128e1ea844ccbda3f,9f911fcf9d7f4c22e303f38f5d4b9ed5,delivered,2018-04-19 00:19:51,2018-04-20 07:32:13,2018-04-23 15:28:41,2018-04-28 00:48:38,2018-05-18 00:00:00
252f06dcd7681afcebd85eb7ac245b03,6652a9f23322cac2d52cee9daca89c98,delivered,2018-01-18 14:39:53,2018-01-18 14:56:20,2018-01-19 18:48:45,2018-01-29 15:18:56,2018-02-15 00:00:00
3c3d212226b96bb33fdc655e5b7f29d9,dac45a37ffb988682a29b7f846a95203,delivered,2017-05-22 11:21:49,2017-05-23 03:55:24,2017-05-23 15:49:54,2017-05-29 11:37:41,2017-06-13 00:00:00
b38a6a796d97abf00c33609a618732b2,24d300099173d05c70c2d046c9686a54,delivered,2017-04-11 10:49:20,2017-04-11 11:02:10,2017-04-11 14:33:34,2017-05-02 17:05:54,2017-05-15 00:00:00
66f4d4cb45642e879ba8c00484e13aa8,5573b74621b2e7ef7db25cae88fa62ed,delivered,2018-05-07 16:39:05,2018-05-07 18:15:23,2018-05-08 11:19:00,2018-05-15 19:12:31,2018-05-24 00:00:00
d10d423267ce9757b2dca711dc20fae5,bad7c65e663ea4a7ce139684e5fbf63f,delivered,2018-06-26 21:41:47,2018-06-26 21:55:20,2018-06-29 09:42:00,2018-07-03 21:32:55,2018-07-18 00:00:00
01405161cfdf60dd80df1f393a2796d5,50a5ce7e867f2fabc3eb4703dfb432df,delivered,2018-08-09 21:16:21,2018-08-09 21:30:14,2018-08-13 10:05:00,2018-08-20 12:19:03,2018-08-24 00:00:00
a7a7cee8db5a07311875dd616cbad673,28e00e24d35fe6db0b53bfe88485ba26,delivered,2018-08-05 08:12:05,2018-08-05 08:24:20,2018-08-07 15:00:00,2018-08-14 06:32:44,2018-08-20 00:00:00
2502637317f775ba447bdb648a18f213,fdee1c008d209f16a3e03c17ad4e2bf8,delivered,2017-09-12 19:28:31,2017-09-13 19:35:17,2017-09-15 17:57:39,2017-09-21 21:04:16,2017-10-06 00:00:00
6ae112d3d80d830e6e97b777b24b4c56,270559c34997160d7d5580a68722d1de,delivered,2018-07-24 09:03:34,2018-07-25 02:50:16,2018-07-26 11:54:00,2018-07-30 16:38:37,2018-08-07 00:00:00
726714fe5c6124b8501feb36c5b89896,baab884348d4ad90d893b3551521aaba,delivered,2017-02-03 23:26:40,2017-02-03 23:41:43,2017-02-07 11:37:59,2017-02-10 08:29:03,2017-03-22 00:00:00
c90735c78d397563ca13855251a0b5cb,b95d13b18342b38a42c82dce122ab381,delivered,2017-10-17 22:10:33,2017-10-17 22:26:40,2017-10-20 11:26:55,2017-11-03 15:23:40,2017-11-10 00:00:00
96c4604cd628d2deeba98d012743a455,ce6b160f2d93188fdd18287c6f4d2aaf,delivered,2017-06-08 21:06:41,2017-06-09 23:33:48,2017-06-16 13:37:50,2017-07-04 16:11:21,2017-07-13 00:00:00
0ffe5d0885533af26c298b2384eabda1,a9e941781c7ba1cd1971a59ad6bac893,delivered,2017-09-15 22:01:18,2017-09-15 22:40:10,2017-09-18 15:37:59,2017-09-22 18:10:13,2017-10-03 00:00:00
69098b68934037a3789cf7a303bf7b77,f0084ae957a65d0147411c9dd76b0804,delivered,2017-11-14 09:41:18,2017-11-14 09:55:58,2017-11-14 21:47:53,2017-11-21 19:12:45,2017-12-04 00:00:00
21b6d1e7385572036e50357aacbddf0d,4b9e74c671c9e22420ad0508905c6c4d,delivered,2018-04-10 19:26:36,2018-04-10 19:49:51,2018-04-11 22:42:12,2018-04-12 23:41:46,2018-04-24 00:00:00
0fb5a3160f044b869ebab3a1d50f0471,63d6b822c9b82abb95d18d43cc3f79c8,delivered,2017-09-02 05:21:17,2017-09-02 06:41:01,2017-09-06 21:26:39,2017-09-17 14:42:00,2017-10-09 00:00:00
b11b5fa23629054214fa15a68c0cfe73,4b1a814941557a1815eafbecbba17199,delivered,2018-06-18 20:30:39,2018-06-18 20:56:49,2018-06-19 16:32:00,2018-06-25 16:41:30,2018-07-16 00:00:00
924aa21372f93d04910e55caf9237b00,1bdac4a3a34433f841a6006a6cc5a392,delivered,2018-03-22 20:51:19,2018-03-22 21:07:36,2018-03-23 22:42:08,2018-04-13 17:16:46,2018-04-18 00:00:00
082a40b17edc8dee91ba95b20b555815,c8669d1d4882bec78d15af179426f1c1,delivered,2017-10-07 21:50:31,2017-10-09 19:14:37,2017-10-10 15:57:59,2017-10-19 19:25:08,2017-11-13 00:00:00
5b5b301c2306435fbdcd698f1c3a5ab0,22053a23a1d965f983d462b3ad3cccba,delivered,2018-04-24 11:23:35,2018-04-25 11:31:29,2018-04-25 13:58:00,2018-05-02 23:42:26,2018-05-30 00:00:00
dc10959ac4ed148a4ca7be1f2b7dec38,c211dc427e93a1912593defa9220ca62,delivered,2018-03-21 22:31:31,2018-03-21 22:48:22,2018-03-23 20:45:05,2018-04-03 21:23:21,2018-04-30 00:00:00
cede6783681ee6ca1c00eb85d602ead4,47d0c23e290eef04ba210fc4ef687691,delivered,2018-08-16 00:46:24,2018-08-17 03:15:21,2018-08-20 09:27:00,2018-08-24 16:58:44,2018-09-03 00:00:00
85a525f63659815ea2974c9fdc1c85b9,18e60ac17a63a5f07b52c9dc037ab20a,delivered,2018-03-02 17:11:54,2018-03-03 02:35:35,2018-03-08 18:56:40,2018-03-09 19:41:54,2018-03-21 00:00:00
be04ca2f1365ded8bb52c193a32e33e5,0e35139ae7579cd29b171f419e64e40e,delivered,2017-08-22 22:19:38,2017-08-22 22:35:15,2017-08-23 19:20:04,2017-09-05 20:57:40,2017-09-14 00:00:00
c12f5561ebbafe496b47371c0271e839,1f214d9540752e0a04a499a0f30ab877,delivered,2017-11-15 17:58:15,2017-11-15 18:11:06,2017-11-17 17:13:49,2017-11-21 17:45:00,2017-12-05 00:00:00
ca664b8080d78526b0e1f39b46d9ab3c,e4e82384de3c12c42a6dc003a8b9717a,delivered,2017-05-21 19:53:52,2017-05-21 20:05:10,2017-05-22 09:46:39,2017-05-25 07:43:51,2017-06-19 00:00:00
bb411f818d648fd911d5c0d473ebcf19,059ad73fd0f5ce04b6875dbe88c3fcf5,delivered,2017-05-25 13:18:45,2017-05-25 13:30:19,2017-05-26 12:06:36,2017-06-06 11:17:16,2017-06-21 00:00:00
9d54b7013ee149b8457d484c63fc02ce,14310c9aebd9330fab7c32604f926c41,delivered,2018-01-11 12:21:25,2018-01-13 04:54:58,2018-01-15 14:52:00,2018-01-24 18:52:48,2018-02-15 00:00:00
460ef4237e6579e9b59b6b313f96b825,2472a0dcd32a7a004f34018c998ce7ee,delivered,2017-03-19 22:22:35,2017-03-19 22:22:35,2017-03-21 15:08:34,2017-04-19 14:44:22,2017-04-24 00:00:00
6178aa2d0a4a19e5c27c9086dfffee18,80daa5cf717bc359cab1de3b48034771,delivered,2017-02-18 14:29:14,2017-02-18 14:35:11,2017-02-20 13:04:20,2017-03-16 09:45:49,2017-03-31 00:00:00
7ad26c8f2f119d81460033a51a648dc8,ae927b68dbd3fa99d797a3e716fa5360,delivered,2018-05-08 10:48:38,2018-05-08 11:09:38,2018-05-09 10:13:00,2018-05-17 20:28:44,2018-05-28 00:00:00
688904e4bf47962bfa787f67c04ec8ce,8a6594d563690312b163bf42459162ba,delivered,2018-01-21 22:40:20,2018-01-22 14:03:15,2018-01-31 20:33:13,2018-02-03 12:33:08,2018-02-06 00:00:00
37b2bceb2db60f10b24b1699aa3ad7c1,747a712e7fb2cbf2f0c031edd555f6ec,delivered,2018-02-25 09:21:24,2018-02-25 09:30:41,2018-02-27 18:36:07,2018-03-09 01:07:26,2018-03-21 00:00:00
7c0c61f5d61aad026c439caf370a92f2,91d39abe6855463cc3c87bf364c3b43b,delivered,2018-06-03 16:18:39,2018-06-03 16:30:50,2018-06-04 14:33:00,2018-06-12 20:38:37,2018-07-05 00:00:00
e7a653f38cb6073d04fbaff18f35d6c3,02c485a8c59f6c74791e5498f5e7cfb9,delivered,2017-10-21 10:59:33,2017-10-21 11:14:18,2017-10-30 21:24:59,2017-11-08 18:41:26,2017-11-16 00:00:00
0402c01cc0985160e52a67f202177b78,2b7afe354de1dcdef5e609aa74b1c606,delivered,2017-09-26 12:48:14,2017-09-27 02:49:47,2017-09-28 18:02:57,2017-10-01 17:19:50,2017-10-13 00:00:00
0c01eb5638db2110eb5a7d1c0581aa09,dd311e90965698c65649b0ee6793432d,delivered,2017-11-25 13:12:30,2017-11-25 13:33:58,2017-11-27 20:14:47,2017-11-29 20:22:06,2017-12-11 00:00:00
577741df3a9a24834a116ed4b278233e,9e89c236659179966723613317e173aa,delivered,2017-05-10 21:51:44,2017-05-12 02:55:21,2017-05-22 18:52:44,2017-05-30 11:20:07,2017-06-13 00:00:00
9b049a52ac663a7ddfa0302f5e230057,a79784beb25fbff75d1c62d68c1691aa,delivered,2017-07-21 20:00:27,2017-07-21 20:15:13,2017-07-24 16:02:40,2017-07-31 17:36:11,2017-08-14 00:00:00
72d6593232a560afaf566d6a200fe3d1,e7dfeef23add90c8cbc8fc077c950a1a,delivered,2018-02-17 18:21:17,2018-02-17 18:35:22,2018-02-19 22:51:08,2018-03-02 19:12:22,2018-03-13 00:00:00
4155b1b0ef6538b1c18db62c4935b752,db88c1b5e13678ba205ab7743da9a272,delivered,2018-02-17 20:52:39,2018-02-17 21:07:05,2018-02-20 00:48:30,2018-02-22 19:29:25,2018-03-06 00:00:00
d8970edba4396fca8d53449f1942a530,b48e9a32f934ca879a11ccc405e5d694,delivered,2018-03-13 17:10:16,2018-03-13 18:09:58,2018-03-14 19:03:55,2018-03-27 20:53:29,2018-03-23 00:00:00
7497a05fc173872d55f1e764de3c3a5f,f35ba86362d6c83789c2c3260fa02241,delivered,2017-10-19 14:11:44,2017-10-21 03:07:27,2017-10-24 12:24:50,2017-11-14 19:02:46,2017-11-08 00:00:00
e2456fa3a339b1e8aa3ea8045a1ead4e,12884df92231ffd06d822698027ce61a,delivered,2017-11-04 10:11:43,2017-11-04 10:25:45,2017-11-06 19:32:20,2017-11-16 18:49:49,2017-11-28 00:00:00
3dbcc6a75a92370a581e5b39efdc1b0d,b076d33913c27684d0485cc0110d9e0c,delivered,2018-06-22 19:39:26,2018-06-22 20:37:25,2018-06-25 10:43:00,2018-07-02 19:28:25,2018-07-18 00:00:00
46795c1677a7a4a3d2f8687940051b57,759b49e64e1f3390cdc213ffd74876d5,delivered,2017-07-18 11:28:33,2017-07-19 03:45:45,2017-07-24 19:33:59,2017-07-26 03:07:53,2017-07-31 00:00:00
0e02536713cb943858f5cd5b34f43e4c,448bb5b3df0b636fcc39ecc2ebd20b5f,delivered,2017-06-30 10:12:50,2017-07-04 04:24:40,2017-07-04 15:43:43,2017-07-17 18:37:07,2017-07-24 00:00:00
caef95fb90109cd1a4bdf9197d937e41,327950402467e8f955ccce468c81a566,delivered,2017-12-14 17:29:54,2017-12-14 18:01:37,2017-12-15 23:52:08,2018-01-02 20:44:29,2018-01-18 00:00:00
9695692d040abab63df40b68c2905278,22245e5e8a9b0a5f9ea62d9aefc4e5fe,delivered,2018-03-26 08:31:15,2018-03-28 02:47:23,2018-04-13 17:04:02,2018-05-08 22:58:27,2018-04-26 00:00:00
2a08278777d9f1a73321180ce445b630,175ddd0ce13ed60d0220017aecf71f88,delivered,2017-08-06 12:19:50,2017-08-06 12:30:13,2017-08-07 16:50:33,2017-08-22 15:30:15,2017-08-29 00:00:00
a92232b41fcd16d21f69ff9d11648bbe,1eb56edd49bc10e943716ab0188dd6de,delivered,2017-12-05 13:37:09,2017-12-05 13:53:46,2017-12-06 17:16:39,2017-12-19 23:56:44,2018-01-10 00:00:00
f4e54cdf400b12ba277e54ad81f0a19f,1ff82333c32e212750019462faf67a86,delivered,2017-08-09 13:29:08,2017-08-09 13:44:11,2017-08-09 20:46:14,2017-08-15 19:14:37,2017-08-29 00:00:00
94174e78ef007320fed36f2d862f3fcb,f13b4986e0330117627659161671789d,delivered,2017-05-19 15:48:13,2017-05-19 16:02:58,2017-05-22 13:46:07,2017-05-29 04:05:20,2017-06-12 00:00:00
aeb6c6dcbb894bc3055802e5a7c5d271,58636319a78146d1c98f4602f0839597,delivered,2017-12-31 02:09:21,2017-12-31 02:27:25,2018-01-02 19:21:44,2018-01-08 20:30:35,2018-01-30 00:00:00
d257669899c7081651e2d8e3481b3c12,280e3ea6cde9285315940929e0f58320,delivered,2018-05-21 17:40:47,2018-05-21 18:13:37,2018-05-22 12:50:00,2018-05-23 13:07:54,2018-05-29 00:00:00
022f80b8a6f58b11018082b505f15c38,e55ddd4fde4608bc77a6494772b5bd3b,delivered,2018-08-22 14:40:48,2018-08-22 14:55:15,2018-08-24 09:56:00,2018-08-29 22:48:43,2018-09-10 00:00:00
9858ff80b8f867c868a4c476eda9122b,cdd087251239c75444a11351151dfd21,delivered,2017-08-16 13:27:32,2017-08-16 14:10:18,2017-08-18 14:48:00,2017-08-24 22:04:02,2017-09-08 00:00:00
55145ed5b3a494a64bc8a013c511191e,0d690774ebd4f0ef28e766685ee29d87,delivered,2018-07-16 23:35:33,2018-07-16 23:45:12,2018-07-17 13:47:00,2018-07-25 23:56:23,2018-08-15 00:00:00
43fa19cdae4655a407330330e95f5d18,2cde3641a0fa8cee74532f47099756d3,delivered,2017-11-22 08:38:21,2017-11-22 08:47:55,2017-11-24 22:21:43,2017-11-27 18:32:44,2017-12-04 00:00:00
086d49a75db554056a171c0c706a7e18,a82b9b34045d89be1440c237620e3261,delivered,2017-11-06 15:04:33,2017-11-08 03:46:07,2017-11-16 10:21:23,2017-11-17 14:51:32,2017-11-23 00:00:00
eb0a5f98cb58483586efdafd5cb6963d,d793810b776858ccfd8614ed824ce1c4,delivered,2017-12-04 10:16:49,2017-12-05 10:03:16,2017-12-06 15:29:02,2017-12-18 17:47:40,2018-01-05 00:00:00
c6a5f1a0e18d1cad856f95794462ecbc,d72181923840c8895462ab0fd7937918,delivered,2017-09-18 23:16:10,2017-09-19 22:10:20,2017-09-20 18:27:50,2017-09-26 19:23:06,2017-10-26 00:00:00
728ac4a3b9966b64c57f28c4d300ed21,407f9081e71876a6e460ea133de1a514,delivered,2018-03-24 09:54:40,2018-03-27 04:10:17,2018-03-29 21:58:55,2018-04-04 16:51:59,2018-04-12 00:00:00
15226cfb3e9f4ad163d09f493688204b,ae78ac4ebb89e08c5e0423bcfa0b9cc2,delivered,2017-04-08 20:40:11,2017-04-10 19:22:18,2017-04-11 10:53:51,2017-04-13 10:36:49,2017-05-02 00:00:00
8dbafac7422903530bd67f9cc974a094,531eafaf2305e3496674cded18b84cf0,delivered,2018-08-17 07:32:27,2018-08-17 07:50:13,2018-08-17 12:01:00,2018-08-22 17:12:24,2018-08-31 00:00:00
c29713133e5e33937af1a6e1e1370552,906614004e38a1e922ff033563bfdcf2,delivered,2018-05-28 17:20:02,2018-05-28 17:35:09,2018-05-29 14:22:00,2018-06-07 18:38:24,2018-07-19 00:00:00
993628d27f2ae9981422ecb389adfa59,edb2388a9a41189e035599ca654a80ba,delivered,2017-06-29 09:34:50,2017-06-29 09:50:12,2017-07-03 14:42:55,2017-07-07 18:41:55,2017-07-21 00:00:00
905ab4b896d3d6b60de1564cc077c327,7dd639cfda3661ad77858968c9e8e625,delivered,2018-03-14 01:20:55,2018-03-15 03:30:48,2018-03-15 16:42:13,2018-03-27 17:32:58,2018-04-04 00:00:00
f46a84975b5e1924b04413f4a87af6d5,404fc488aa0d7e35e8544b3f6210aa10,processing,2017-02-26 21:03:46,2017-02-26 21:15:08,,,2017-03-24 00:00:00
8fb3206a2aad4fc77eca4a00d41aa1f0,1476fa2099fea1b4af65f6fa6390473b,delivered,2017-11-24 16:13:30,2017-11-24 20:13:28,2017-11-27 20:16:47,2017-12-13 18:04:09,2017-12-15 00:00:00
dda427569144edf4a458f8fed9d5ca4a,f3e2d62c0fa412bfb895c3ce908a13c0,delivered,2017-09-05 13:26:50,2017-09-06 02:50:33,2017-09-06 16:46:51,2017-09-18 17:23:51,2017-10-04 00:00:00
3018cabe571cb8d2600f671021243e3e,86b3146187671c293c9d02862a8adf2d,delivered,2018-06-19 20:16:26,2018-06-20 02:55:23,2018-06-20 13:43:00,2018-06-23 19:16:34,2018-07-16 00:00:00
27862fa69c55efccf16a971d36a8f7dc,af1339173bb8d84608292ee35fca9f8d,delivered,2018-08-18 10:11:14,2018-08-18 10:30:25,2018-08-20 16:49:00,2018-08-23 14:44:46,2018-09-04 00:00:00
b82c29ee4251028bd0891ef9e3fe53b9,b1b5faab08ffa791cf9c437650e44232,delivered,2018-03-05 12:29:59,2018-03-05 13:20:29,2018-03-07 19:18:55,2018-03-08 20:28:32,2018-03-15 00:00:00
8a37cae0305cc1e69d6f5d0629719e9a,dba5c5d9224fbc1791410059bcd839c6,delivered,2018-04-11 13:33:04,2018-04-11 13:50:35,2018-04-12 22:08:45,2018-04-18 19:58:42,2018-05-14 00:00:00
ec1fa684ca945b6c0f063f43d4506e9c,8d5c6a9a33fee1d447875ce5b67fe43d,delivered,2018-06-02 19:28:06,2018-06-02 19:50:18,2018-06-04 13:34:00,2018-06-14 18:38:26,2018-07-20 00:00:00
6dfff5dc8b9368cf190410e804128695,eab5e0e258310f3454b56e95368ad183,delivered,2018-02-16 01:01:23,2018-02-17 03:47:56,2018-02-19 15:52:57,2018-03-13 00:29:47,2018-03-19 00:00:00
3fabb6abad830a556447ea8e809ae9b1,3338b065032f601234e8696a96ae03dd,delivered,2018-08-11 14:06:52,2018-08-11 14:24:23,2018-08-13 11:15:00,2018-08-21 12:59:41,2018-08-29 00:00:00
23bd4c7d83fd48f908879d5a1aa32bf8,f5c1a4fafa3aafcc044513f848e82cee,delivered,2018-03-29 18:54:11,2018-03-29 19:08:17,2018-04-02 17:22:40,2018-04-27 20:48:40,2018-04-26 00:00:00
765bb3ceb5fc35d9d71f6807ce32426d,5829e40d511bf2a1536514019d77bfed,delivered,2018-02-15 22:43:41,2018-02-16 14:32:40,2018-02-21 02:00:04,2018-02-21 19:22:05,2018-03-01 00:00:00
fc8e80016b6a2c96e85ae7ebf6f33ae9,e8bae80b6c9c8ad014501172ca7c986e,delivered,2017-07-24 14:10:51,2017-07-24 14:25:11,2017-07-24 19:32:20,2017-07-31 22:04:45,2017-08-11 00:00:00
0fd56515a590720800123e3d872a1a51,283d0eb4207a04813b9606c33832b7c7,delivered,2017-03-28 17:37:00,2017-03-29 17:45:10,2017-04-07 12:44:04,2017-04-12 09:14:10,2017-04-26 00:00:00
8739e9af84732511bb0aa4d209952224,3c16096284287ba9de20ec8a264bc4e3,delivered,2017-06-18 16:19:10,2017-06-18 16:30:16,2017-06-19 20:37:46,2017-06-27 17:02:42,2017-07-11 00:00:00
43736bccf6ffc94468ff0707c5daf8be,3cf4c1307b158a195d3b7914fe3dd139,delivered,2017-08-15 19:35:20,2017-08-15 22:05:33,2017-08-18 13:29:04,2017-08-21 23:10:02,2017-08-31 00:00:00
d71d788e16267fd619e7cbaaa86e966a,c125af60bd62644995ab41addb188add,delivered,2017-12-19 21:21:02,2017-12-21 02:12:02,2017-12-21 16:49:37,2018-01-06 15:58:47,2018-01-19 00:00:00
a80fa61306ce8d33073362ede148e9ac,6441eb0c7137d32b8796372cda922818,delivered,2018-05-18 23:28:12,2018-05-18 23:53:42,2018-05-22 12:05:00,2018-06-05 21:18:59,2018-06-04 00:00:00
07d731b81475104eea3237055f7c0c39,49af477f51eb0910db1d2c9cf8301ea5,delivered,2017-11-26 12:03:44,2017-11-28 03:31:27,2017-12-01 21:56:41,2018-01-03 21:56:50,2017-12-19 00:00:00
dd563e7a7841c760917e0cf6aee3740d,c98a33e7863890a9d65db5297db8d542,delivered,2018-03-13 19:31:12,2018-03-13 19:49:47,2018-03-14 22:46:22,2018-04-05 23:38:21,2018-04-06 00:00:00
c6145367b8875991548124ffeb6d11d3,5cd3ba919ef4f8bd611fe4f2b4ba9f9e,delivered,2018-05-08 17:54:09,2018-05-08 18:14:26,2018-05-09 14:22:00,2018-05-18 14:22:18,2018-06-18 00:00:00
74b1e5115fb6a89e2e7401e1bcf6fe59,fa84d009769a2e52b38a122fb532de71,delivered,2018-05-31 23:41:58,2018-05-31 23:55:13,2018-06-05 14:01:00,2018-06-12 19:07:50,2018-07-12 00:00:00
88533cdc749b41efefe8dac52721572a,38f15cd67a5309b8e16cc2c5c9d09121,delivered,2018-03-15 14:44:52,2018-03-16 03:45:27,2018-03-16 19:28:44,2018-04-30 19:06:48,2018-04-19 00:00:00
bff91283b9a8721d0491825a37e59d89,3008ef16956251f42daab39f8e3a87af,delivered,2018-03-06 09:57:20,2018-03-06 10:10:26,2018-03-06 22:54:41,2018-03-24 00:32:15,2018-04-02 00:00:00
4a16403a2f6d6324c545f6b70581c2c9,6a2ccd604a2ab71df8ed90f9eae7390c,delivered,2018-01-11 09:22:41,2018-01-13 04:55:06,2018-01-19 21:42:15,2018-01-31 00:38:09,2018-02-01 00:00:00
4845232ae57f7a4425c4a12adfa8cd06,ea5a9cfca9c32849e101542a93f28fec,delivered,2017-11-27 11:09:04,2017-11-27 11:35:26,2017-12-06 21:22:27,2017-12-18 21:38:56,2017-12-26 00:00:00
501fa503297c10bde871ab325df28a23,8428f774d6ce7cd3dc2eb43f2c7a461e,delivered,2017-05-08 17:26:08,2017-05-09 16:22:05,2017-05-10 14:36:57,2017-05-11 11:04:16,2017-05-29 00:00:00
aaf89e8d7cbbf9a40432e9e1a9c880c8,436ed42873ae3e3fd1bc58187e3a72d8,delivered,2018-06-22 19:40:27,2018-06-22 19:57:34,2018-06-28 14:06:00,2018-07-05 16:18:46,2018-07-19 00:00:00
bb20431838257fa1e72436dde825b775,34370e8e880fc8e2110cc419e0b6f5d7,delivered,2017-09-23 13:31:38,2017-09-24 07:46:15,2017-09-25 19:32:45,2017-09-26 18:32:28,2017-10-10 00:00:00
5c0e380378173f527a28ef4ee84cd65f,3f94bcd8f02a112df65eb3f1957f1d75,delivered,2017-06-07 07:58:09,2017-06-07 08:10:13,2017-06-13 08:16:38,2017-06-28 12:32:01,2017-07-10 00:00:00
df5f436b9325e3e1716be74b6c5ce828,d23b9cf616bbf50601b8c00f9e390142,delivered,2017-10-05 16:03:35,2017-10-05 16:14:26,2017-10-06 20:36:11,2017-10-16 22:53:36,2017-10-30 00:00:00
8ee92e454fa78d4960e68a1520891e9d,e31e1e25783468eb55c5e81cbb4bce0b,delivered,2018-01-24 21:32:26,2018-01-24 21:56:44,2018-01-29 17:47:35,2018-01-31 23:12:07,2018-02-09 00:00:00
1028f2778958e0ab0d9da92e14de14d1,687dbd86d1a4c0dbe89918c62ddb1387,delivered,2018-01-15 16:50:56,2018-01-15 16:58:24,2018-01-16 21:19:13,2018-02-15 19:04:07,2018-02-08 00:00:00
5e114d8e3840661abc3d9c4820f427b3,b7bf7024fbd5f37207415a82f73d70e6,delivered,2018-04-26 18:01:20,2018-04-26 18:15:09,2018-04-30 07:37:00,2018-05-04 18:19:56,2018-05-17 00:00:00
51a4d80c45232e938d7504001271af64,dafdad1b3be4401d27d372226043843f,delivered,2017-12-03 16:28:56,2017-12-03 16:36:22,2017-12-04 20:35:23,2017-12-13 18:50:00,2017-12-29 00:00:00
53b8913fe5c632a9aa10069a33aaceb0,ea2d195c0d7c95afc15093ee66bc518a,delivered,2017-11-09 21:46:25,2017-11-10 03:10:37,2017-11-16 22:39:29,2017-12-05 19:03:35,2017-11-30 00:00:00
e2b92ef79481a683cdb098a9cb6195f4,d3129719f3163141d962102dc94f3d1f,delivered,2018-01-15 15:41:29,2018-01-15 15:52:30,2018-01-16 19:08:43,2018-01-22 20:21:03,2018-02-09 00:00:00
92af9bafd80bcd2636471ac01bc77f60,240a8b56938c17a84ffdbc98516c9468,delivered,2018-06-03 15:44:38,2018-06-03 15:55:14,2018-06-06 13:43:00,2018-06-10 17:08:27,2018-07-05 00:00:00
8263c0100d43d23c390ca0c972e63b25,bc4d026da89c7219af0e37f31d6b1ea9,delivered,2017-11-09 23:46:32,2017-11-10 00:47:45,2017-11-10 19:09:59,2017-11-21 20:13:15,2017-12-06 00:00:00
eb91c7ed6338d0cbeb9c25bdf152de4f,a42621f6a9708043c1057996263b71d6,delivered,2017-07-23 18:02:21,2017-07-25 03:45:29,2017-07-26 10:49:51,2017-07-27 18:13:31,2017-08-11 00:00:00
e412969c1f2644860cf80035bffa2b5e,acaaece174d16f34c228f574951d3d36,delivered,2017-10-21 20:08:21,2017-10-21 20:25:48,2017-10-24 17:50:43,2017-11-03 16:41:47,2017-11-13 00:00:00
f99f378d18912c456349267972a22691,8c0ebc83c2e972b8353e62317145867b,delivered,2018-05-09 23:58:28,2018-05-10 00:14:21,2018-05-10 11:25:00,2018-05-16 14:29:01,2018-06-01 00:00:00
db2591092d4d4eefdacc5957508a3af3,368ef47600586c4e34622f08d6ef08a7,delivered,2018-07-19 20:57:35,2018-07-19 21:10:16,2018-07-23 12:36:00,2018-07-24 17:46:52,2018-07-27 00:00:00
7e77eb1830c5ca91d26012b8e0fed483,d4a482cbaeecc8d8bf7c2e5d38fc5898,delivered,2017-12-15 11:24:06,2017-12-16 02:51:45,2017-12-19 20:04:31,2018-01-11 19:04:24,2018-01-11 00:00:00
0807e3831ca17d1d980903674c61d019,0e24c21be3703d83ec0cccc0a4128d03,delivered,2018-05-30 19:55:32,2018-05-30 20:14:37,2018-06-07 14:50:00,2018-06-08 17:36:38,2018-06-25 00:00:00
8e86d037d2ec7854bba6284003d84672,16593d8c9e05fcd602effad7a631101a,delivered,2017-06-28 22:07:22,2017-06-29 06:43:51,2017-06-30 15:56:30,2017-07-11 14:02:53,2017-07-28 00:00:00
d8ef09348b56313fe0bed98e79378ea2,19c258f4f29f4a220bf753969d8e72de,delivered,2018-02-13 23:13:50,2018-02-15 04:11:23,2018-02-20 18:17:06,2018-03-14 18:41:43,2018-03-07 00:00:00
8366bc5a7f299fe8b982e7e3e4aada34,0c069b7f921d428000da0ab8b26b629d,delivered,2017-07-22 18:11:30,2017-07-24 15:15:19,2017-07-25 22:41:41,2017-08-07 18:35:56,2017-08-24 00:00:00
d78332a90347977084cb14932f97ba95,d7f6cbf809ad881f0c9e47c7b1b466cd,delivered,2017-11-16 21:22:57,2017-11-16 21:35:30,2017-11-17 16:28:53,2017-11-29 19:12:57,2017-12-05 00:00:00
818887518017b2f4fee789ce35090bec,14d5fb1a68df603dfdf3cf4d7b75306f,delivered,2017-06-01 10:48:48,2017-06-01 11:03:16,2017-06-26 13:28:56,2017-07-03 15:47:36,2017-07-12 00:00:00
bb004371887666040d4ca5e0b002bd08,3332198d8f0107505a5d724f6bf20c9d,delivered,2018-03-21 22:34:35,2018-03-21 22:50:24,2018-03-26 22:38:56,2018-04-04 22:12:54,2018-04-10 00:00:00
6d76568d08aee5f1128bd0fb92071349,6311aafaf7186f5608e95b78e7f7a7ba,delivered,2018-03-31 08:37:18,2018-03-31 08:50:15,2018-04-19 01:21:22,2018-04-19 17:51:09,2018-04-26 00:00:00
827440c00ada8331c87737e4c4fbcd2e,bc0c0aa08ab385899161812b5afe630c,delivered,2018-04-23 22:20:20,2018-04-24 22:15:11,2018-04-25 14:33:00,2018-04-30 22:12:54,2018-05-10 00:00:00
0e6cacd64f68d4bc8b0cd488367ac297,dade98c46f47b797913babfbda567f24,delivered,2017-12-03 22:53:14,2017-12-03 23:30:58,2017-12-04 18:12:19,2017-12-13 01:13:03,2018-01-02 00:00:00
374fcc5350e3372ce0d7cab981d7de90,8b5a55f1ca276fe752917ce68a971407,delivered,2018-04-23 10:53:41,2018-04-24 18:34:56,2018-04-24 00:14:49,2018-05-02 17:44:27,2018-05-21 00:00:00
9d586d139683c3c3f1d1f3f94ff24ec1,e25b66d47c973a4f01ff072edafc907b,delivered,2017-09-20 11:42:55,2017-09-20 11:55:16,2017-09-20 22:46:14,2017-09-29 17:00:13,2017-10-18 00:00:00
1e1003e2b7b4e699106ba079128f429a,0599ec2b8c99941483dfb9ae2e8e3b5b,delivered,2018-02-28 21:44:40,2018-02-28 21:55:26,2018-03-02 21:42:41,2018-03-23 15:49:43,2018-03-27 00:00:00
f30c0d72637900696232641e612e3220,f7676a8b1b9377d36b7e7699afcb8bc0,delivered,2017-04-05 10:27:07,2017-04-06 10:42:25,2017-04-11 13:41:35,2017-04-17 10:42:26,2017-04-26 00:00:00
833915009f90346b046a4f6cc9df0497,360049d2896a80d7e24f60c1deb01ebb,delivered,2017-06-25 18:37:18,2017-06-25 18:50:14,2017-06-26 18:47:54,2017-07-06 12:09:45,2017-07-21 00:00:00
ba1ffea739c021afe21346cf0cc9264b,2b832cd4b84a4df8934118d2d0c3dabc,delivered,2017-10-18 10:51:05,2017-10-19 07:35:32,2017-10-19 20:39:48,2017-10-24 19:22:40,2017-11-06 00:00:00
a244dfc2d80e0857a17cfd3b58ee9321,78271239f7403a3148b202c9f1b26036,delivered,2018-06-12 17:38:40,2018-06-13 17:39:28,2018-06-15 15:45:00,2018-07-12 20:38:39,2018-07-11 00:00:00
c8c7f84df4c4b48520089a0dfe754202,0678d657154ec23a58e4164c46cd3640,delivered,2018-03-21 10:53:14,2018-03-21 11:09:03,2018-03-22 00:21:53,2018-03-22 16:32:16,2018-04-03 00:00:00
35f4c21fc613b36a1a2e893f424280bc,0743ea62d3ce82636779604483a23f9c,delivered,2017-03-14 11:20:16,2017-03-14 11:20:16,2017-03-24 10:04:57,2017-03-28 11:58:11,2017-04-04 00:00:00
c73a56b991707be0c940896c7b7dd98c,59aa326c54df5e8a6d4d66d3ac319127,delivered,2017-05-04 13:48:12,2017-05-06 02:25:09,2017-05-09 16:19:45,2017-05-17 10:28:03,2017-06-02 00:00:00
cfa2b603d428bb936f63a21c3f2b99a9,7fcd6b7b791146f4809358b38920a6ee,delivered,2017-11-02 17:23:21,2017-11-02 17:35:28,2017-11-07 19:46:52,2017-11-10 21:44:33,2017-11-23 00:00:00
7c7a36eb998ff964a38dcca485c7bb24,774c54ab7b502925eb6d1afd0c68c6ba,delivered,2018-06-21 12:43:37,2018-06-21 21:36:29,2018-06-22 15:16:00,2018-06-26 15:38:53,2018-07-19 00:00:00
4d75d08bc683f9d7e7bb230a401a2165,e79b5d781ba41620987594b6efefa45f,delivered,2017-11-17 23:05:59,2017-11-21 03:53:21,2017-11-22 21:03:28,2017-11-28 21:53:03,2017-12-07 00:00:00
ce1d8e2734844f085e379ebe4c653994,76b08b441e3d13c09ff7b38512943aa0,delivered,2018-03-16 09:22:16,2018-03-16 09:42:47,2018-03-16 20:02:51,2018-04-21 00:52:24,2018-04-19 00:00:00
73550eb25b684cc23adaf231e49609d0,a9e26da0b2909a6273acbe43e4b6af99,delivered,2018-06-13 18:50:41,2018-06-13 19:21:46,2018-06-14 14:30:00,2018-06-18 19:32:45,2018-07-03 00:00:00
b45e33527c11959b80ea6d7c471a34cf,b0bb9bbd58b0d9380fcfda42355e4089,delivered,2018-06-26 13:21:07,2018-06-26 13:37:27,2018-06-26 15:03:00,2018-07-02 15:56:51,2018-07-27 00:00:00
45755149572c323be55506b108bcdbf9,332075f1afb4ca1099819b4379bd2e8d,delivered,2018-07-31 16:35:46,2018-07-31 17:24:21,2018-08-01 13:47:00,2018-08-06 19:50:55,2018-08-13 00:00:00
e552cc00ce34ace475b05e3dcc85129f,833038eb50e5c4123e32d4db0946f7aa,delivered,2017-11-27 17:30:17,2017-11-27 17:39:32,2017-12-01 18:13:44,2017-12-27 21:12:33,2017-12-27 00:00:00
bd5232c968db4fe262e6df58cd3b5e86,fda185b008fefd2163ccfcf0d1d116b7,delivered,2017-11-15 22:46:07,2017-11-15 22:55:39,2017-11-16 17:25:05,2017-11-25 00:42:48,2017-11-29 00:00:00
f6c9fe3ff737f5568e352b5b2afcf112,b354952c4607431ab98d03af79f6d967,delivered,2018-08-23 19:28:09,2018-08-24 19:25:09,2018-08-27 14:46:00,2018-08-30 16:58:52,2018-09-18 00:00:00
45046e1ecaba60bb78aab9cee0da08f5,78dbd9bbc19efcbc2dc802f2fcf30d9c,delivered,2018-02-24 21:51:40,2018-02-24 22:08:29,2018-02-27 19:26:30,2018-03-21 22:41:44,2018-03-19 00:00:00
bb27293f7b2e1c705bf345fd57ecd0dd,d4a19ca31d0808ee188fb0b6c27f96cd,delivered,2018-04-18 19:25:22,2018-04-18 19:35:12,2018-04-19 22:19:45,2018-04-26 20:36:26,2018-05-14 00:00:00
5b57f1611ce8186213ff0f850df43fc3,cd2b0b6fa9ebbfb21e1f95f5ec70db2d,delivered,2018-03-15 17:54:17,2018-03-15 18:09:46,2018-03-16 23:49:37,2018-03-28 17:51:56,2018-04-11 00:00:00
de4127c6a206a16556d30c1fdeb8a9e7,06021ac4f1fd77a98585c3b7eefbb379,delivered,2017-04-09 15:03:02,2017-04-09 15:15:05,2017-04-11 14:06:47,2017-04-20 07:09:51,2017-05-11 00:00:00
38cafbf33f703cea7d7266c456a3fdf3,6a7aa1cff48701b0ece001860af2ef33,delivered,2018-02-21 13:26:13,2018-02-21 13:50:18,2018-02-22 16:04:44,2018-03-09 16:02:33,2018-03-14 00:00:00
71f28f100b9563aab8eeba751790d889,c237a4f892abb1f58237158e99be7611,delivered,2018-05-16 21:10:10,2018-05-16 21:35:56,2018-05-18 14:53:00,2018-05-25 23:46:20,2018-05-25 00:00:00
92bf30cf8f385d2a50d5532b07585a1c,9c1dc8547ae035651697c2a4666b4836,delivered,2017-06-24 17:22:45,2017-06-27 04:15:26,2017-06-27 08:01:24,2017-07-05 13:27:41,2017-07-18 00:00:00
5b1b26d3f1b67defc956d8ae1d95d407,33017f6301984878b3e298594e609e81,delivered,2018-05-09 21:49:05,2018-05-09 22:14:22,2018-05-10 15:33:00,2018-05-24 18:06:39,2018-05-30 00:00:00
1fc5d622399fcd0bdb8d79644854448c,5ef9f4ad85f059d9eed644040b65fdee,delivered,2018-07-05 20:06:44,2018-07-05 20:31:52,2018-07-13 14:51:00,2018-07-20 17:12:10,2018-08-01 00:00:00
92914b2daadca6d6a669a963ccc42c2d,c77563ea16ea98ab9e12a9c62d637bd8,delivered,2018-08-20 21:58:31,2018-08-20 22:10:23,2018-08-21 14:50:00,2018-08-22 23:42:47,2018-08-23 00:00:00
0e7f54fcc4ef51dfa161ca4d81a673ba,f27b8074a044417bf93a29e5dfb0f54b,delivered,2017-11-30 00:07:35,2017-11-30 00:18:26,2017-11-30 22:42:56,2017-12-18 20:28:49,2017-12-22 00:00:00
8d6f247153477b8878975aa0fbde4b5a,2394d012a2494af9af1071537d9b3278,delivered,2018-05-27 00:47:00,2018-05-27 01:11:06,2018-05-30 13:44:00,2018-06-05 01:11:35,2018-07-12 00:00:00
cc148d29bb66a4e22215c2c27cabef9e,fe1e86b748fa492c6a59edd0cd4b18db,delivered,2018-04-02 00:23:20,2018-04-02 01:09:38,2018-04-03 02:33:06,2018-04-12 14:18:28,2018-04-27 00:00:00
f9caecc41dc2d3c623aa7b362611fdd2,2df9fc063bd388d8bd8a509ce6cbd7a3,delivered,2018-08-08 08:51:08,2018-08-08 09:05:17,2018-08-14 15:03:00,2018-08-18 00:46:32,2018-08-23 00:00:00
b1bb317f7d7fdeefca25499d3e62cb48,baffd01d37d60eed6f4980ed9989b397,delivered,2017-03-25 18:02:37,2017-03-25 18:15:08,2017-03-28 19:05:34,2017-03-31 13:23:59,2017-04-20 00:00:00
b795eb32cc08082ffd6f417bfc0686f5,6a4d18f8353e0a76b4bd557c48bd7ad3,delivered,2017-08-18 06:29:25,2017-08-19 13:35:07,2017-08-22 20:28:01,2017-09-05 22:53:37,2017-09-22 00:00:00
f8f5a64c41c130ac24bbdd4421d97f6f,07dc52724b55fe329c0f84c458f48505,delivered,2018-01-22 19:28:16,2018-01-22 19:38:22,2018-01-24 00:23:39,2018-01-30 19:16:19,2018-02-16 00:00:00
252d3b25e5ac9ad8f2b5f7624ed39f41,6d682f511e7be36a300a8ab20d1053c3,delivered,2018-03-05 16:58:13,2018-03-06 08:30:41,2018-03-06 19:59:07,2018-03-16 00:26:28,2018-04-16 00:00:00
08e5962f7b156426e52078f8504e9b9e,5a4b54cb9d4df46629f60281d0d001ef,delivered,2017-06-02 17:12:42,2017-06-02 17:25:07,2017-06-03 08:03:06,2017-06-17 10:12:17,2017-06-30 00:00:00
412d792bed01aa8c9d9bbc92e8e5e1ef,9cbbf92f4988d72292de43d3b2c613ef,shipped,2018-04-02 17:29:57,2018-04-02 17:49:16,2018-04-04 17:26:31,,2018-05-07 00:00:00
5839a2f55ef25b35fe1f167612acf405,29595f742e9d97c97b688cbae3d8f175,delivered,2018-05-02 10:14:16,2018-05-02 10:34:17,2018-05-02 15:21:00,2018-05-03 23:11:44,2018-05-23 00:00:00
cadd4c5765abf658117f2cc7e2a639c2,939c6ecf27d8c32e7956b4a2a468326d,canceled,2018-08-10 21:20:04,2018-08-10 21:30:18,,,2018-08-24 00:00:00
d1bcaad05390878b6dc5d858a720965d,d74acd32a7cf671f67842dd6db1f6460,delivered,2017-12-05 21:21:27,2017-12-07 03:14:06,2017-12-07 17:09:44,2017-12-21 13:44:43,2018-01-02 00:00:00
756c0f17f43e6ff72973bfcbf12b37ed,eaf693be16687cdaafc2b059b938efdd,delivered,2018-01-21 20:59:58,2018-01-22 13:59:10,2018-01-23 18:51:35,2018-01-25 21:35:36,2018-02-14 00:00:00
4839cbb2ed51cf281dadeff495e39d6d,c5284669b32f3b2e20216a64681515f8,delivered,2018-05-02 15:38:02,2018-05-02 16:19:27,2018-05-03 11:59:00,2018-05-11 22:22:27,2018-05-25 00:00:00
e9583867c3868714af8937a417c1adc5,76438d399d73b678a7088f5eedd20478,delivered,2018-07-23 08:58:32,2018-07-23 14:31:34,2018-07-24 13:59:00,2018-07-31 21:34:34,2018-08-16 00:00:00
868c2bcb3623c43e2c25a0ebedbc3f12,2168d2d4dd69ec09a3693345212e5c05,delivered,2018-01-23 09:56:10,2018-01-23 10:20:12,2018-01-24 22:03:58,2018-01-31 23:35:51,2018-02-19 00:00:00
132ab6f8e1c86c21b064ee8832129bb1,78d5661572968e9b17462be561afa42c,delivered,2018-08-17 16:53:48,2018-08-21 04:35:20,2018-08-22 08:07:00,2018-08-27 23:32:33,2018-09-12 00:00:00
5c76d1348426fdd99247825f50c45a2d,c4f1698f4fe9cb800d734f89e278a760,delivered,2018-08-01 21:27:12,2018-08-01 21:44:02,2018-08-03 12:50:00,2018-08-14 14:16:37,2018-09-12 00:00:00
c3ef338cafe4112c78da13998b641c56,ea9109262709843259a06d967b25ba10,delivered,2018-02-23 12:32:07,2018-02-23 12:55:40,2018-02-28 19:08:11,2018-03-06 23:22:21,2018-03-15 00:00:00
87b314ae9dc134ce22cac9d7d3be2678,e3673d5b4a29bd3532b284fcf945c4de,delivered,2018-02-04 15:50:52,2018-02-04 16:09:43,2018-02-08 00:28:50,2018-02-09 13:15:07,2018-02-21 00:00:00
db3fd10393c002f66ac4556352012620,b50566c96c677bac3d56b245a055adf6,delivered,2018-01-21 22:32:30,2018-01-22 14:03:09,2018-01-29 18:14:36,2018-01-31 13:57:01,2018-02-06 00:00:00
7d39dfbe41d0fcf4a1bf8a09cfd50a31,7535ae0b4ff238e6aa4492565c3b5e98,delivered,2017-09-29 09:48:18,2017-09-29 10:04:14,2017-09-29 16:43:39,2017-10-09 22:38:17,2017-10-30 00:00:00
1c237d047b076fa847dacdb1d5921a47,b1490f84c4f471b21a23e59d56a17d8a,delivered,2018-05-13 22:25:31,2018-05-14 22:37:35,2018-05-17 15:06:00,2018-06-05 14:17:56,2018-06-07 00:00:00
1577a74e526c643276397c8e3069b37a,226b860a6fe1971bfbf3b36a7c54e4ce,delivered,2018-08-20 22:18:00,2018-08-20 22:30:13,2018-08-21 14:15:00,2018-08-28 17:36:48,2018-09-14 00:00:00
b12634fbd8b98d3805320cca29dbdc9f,c06a227883de6f65aece7cea8c17f190,delivered,2018-08-13 00:14:10,2018-08-13 00:26:37,2018-08-14 14:01:00,2018-08-16 20:48:28,2018-08-28 00:00:00
674507ad1e2b89ca471e872c4e8ef113,2d1463ad7008ad1ba1f334a900de13be,delivered,2017-08-24 21:26:52,2017-08-24 21:44:14,2017-08-28 18:13:46,2017-09-04 21:13:06,2017-09-18 00:00:00
360b6094e5355f969c2a33624292867e,0fba33b27b39bc65c41c41c9b4048455,delivered,2018-05-16 18:47:04,2018-05-16 19:14:07,2018-05-23 13:46:00,2018-06-05 17:02:55,2018-06-12 00:00:00
e5978d4286e00083d3b022a3a7bdf137,d8d3d674f43c5560421fbc2c2aaa06f9,delivered,2018-04-09 12:57:04,2018-04-09 13:10:50,2018-04-11 18:21:34,2018-04-23 15:44:52,2018-05-04 00:00:00
849bc872dde848fe9c7f2748390f31c8,6cdb61a096cb828cac0bc91380a2362c,delivered,2018-03-01 12:02:48,2018-03-01 12:15:34,2018-03-02 21:39:45,2018-03-12 23:42:21,2018-03-19 00:00:00
64a1e97cc0f745594490ea6b38f6a7fd,2806ab532d0c19b43f4531225060906a,delivered,2017-06-22 20:08:45,2017-06-23 20:15:36,2017-06-26 14:56:41,2017-07-03 12:54:43,2017-07-14 00:00:00
74b4e28e0e0a0715ca63940014536bb7,9733e9fce3789a3aa04dc63e1153f8b6,delivered,2018-01-26 01:01:58,2018-01-26 01:13:41,2018-01-26 18:29:18,2018-02-06 22:22:02,2018-02-26 00:00:00
609fe250465553b45a01fc8de7109383,0ad37f50dbe78d9c1292f4ab3217dea5,delivered,2018-06-12 19:02:06,2018-06-13 02:36:40,2018-06-13 07:33:00,2018-06-14 22:08:10,2018-06-21 00:00:00
f3e9704a02860f7bb02454336cd57834,afcecfc07b494b0a0cb85728dd093df9,delivered,2018-04-19 10:06:29,2018-04-19 10:34:22,2018-04-20 20:42:32,2018-04-24 19:09:47,2018-05-03 00:00:00
8a796adc727ce2def3b4d4f222e30ce6,b1f4f4e81ad76c9d2da73a73a8cef3f6,delivered,2017-08-09 16:06:07,2017-08-09 16:23:40,2017-08-10 21:42:04,2017-08-11 15:22:06,2017-08-29 00:00:00
652436e8f3a1ba0f1eb9798fedb75426,2b4b2c2223ceca2593a554d15f3f731e,delivered,2018-01-03 09:56:14,2018-01-03 10:06:34,2018-01-09 18:49:19,2018-01-22 19:38:05,2018-01-30 00:00:00
3361322f379261e1ef7aa6e8e86c18dd,f4cdb4b57e2493aba25a939692923d63,delivered,2018-04-09 18:50:21,2018-04-11 05:50:45,2018-04-11 18:49:22,2018-04-20 18:23:33,2018-05-10 00:00:00
c036e48c4fbf6d2e625518af7ff23b5d,9466463926deb31a27a228bf57ed8889,delivered,2018-05-04 13:31:43,2018-05-04 18:16:15,2018-05-07 14:18:00,2018-05-11 17:13:10,2018-06-04 00:00:00
2d26f440845a3b31ac584864e2d1a82e,9e67b6474f7e8370b6340375aefe9692,delivered,2017-07-03 09:28:22,2017-07-05 02:55:20,2017-07-05 16:19:39,2017-07-10 18:43:43,2017-07-25 00:00:00
5f3ce710839dcf62389d5187ece2d4e8,d59ce90b80e83bccfbb9e9467b87ede5,delivered,2018-07-25 10:40:38,2018-07-26 03:10:17,2018-07-26 14:41:00,2018-07-28 01:12:37,2018-08-03 00:00:00
d76473e476b8f58cf984cd8208c9a987,8a177e6f31f93315bbd72a15fbffc5e5,delivered,2017-09-10 16:35:40,2017-09-12 04:23:55,2017-09-13 12:57:43,2017-09-18 20:14:05,2017-09-27 00:00:00
8030ea400239674937d96cff6bf0c321,fd49e9ce1d624c2b1dab02c05ae03838,delivered,2018-01-11 18:24:34,2018-01-11 18:33:43,2018-01-17 21:07:11,2018-02-08 17:57:41,2018-02-14 00:00:00
752df1d3d4248c9dc8cca21cd6b42675,e67f669e175f3572055f89dfb87d7c8d,delivered,2018-03-12 17:42:36,2018-03-12 18:09:36,2018-03-14 19:46:22,2018-04-02 23:58:52,2018-04-05 00:00:00
b0e0bf79d71fa84a382583eb2a57b978,73e2839af8f94a849650a03aa0f61672,delivered,2017-09-16 22:37:39,2017-09-17 01:10:10,2017-09-18 18:09:50,2017-09-27 21:37:59,2017-10-11 00:00:00
0072847849eafe70995fa51a714c81ac,727dc68f327d34b77009f5d3da5250d9,delivered,2018-05-14 13:44:52,2018-05-15 04:52:44,2018-05-17 10:45:00,2018-05-22 22:23:37,2018-05-29 00:00:00
996205a42aa5c733caed84046b376508,ab5e1a024592e5a0a1cb60c2d26079f6,delivered,2017-06-14 14:43:07,2017-06-15 06:42:51,2017-06-16 15:29:12,2017-06-22 18:34:39,2017-07-05 00:00:00
b8125d4b9b962404025be64a098d0124,ae073273f107a1dac78d8827d9a83c1a,delivered,2017-12-06 17:49:36,2017-12-08 02:37:29,2017-12-08 20:28:33,2018-01-04 17:17:35,2018-01-10 00:00:00
e23ca832ba25d2d20b0ebacdfe401989,320820724a43fe701ae97500b3760a81,shipped,2018-01-24 14:17:10,2018-01-24 15:16:07,2018-01-25 20:15:08,,2018-02-23 00:00:00
75b6094b344868fa3b2cd9cdd9fe9ff6,0d2dc601197003690886eb7c6d5c5067,delivered,2018-03-06 21:31:55,2018-03-08 02:15:32,2018-03-13 19:05:02,2018-04-02 15:37:41,2018-03-29 00:00:00
433c1d6f7fd7b4f0fda2d4ebfa84036e,aa12606424f4f403f0888463eac51a04,delivered,2018-02-28 12:19:46,2018-02-28 12:48:36,2018-03-05 12:33:28,2018-03-15 02:58:32,2018-03-19 00:00:00
7d38d0b8ab96504f2f2058ac3f01710f,16b1ae6ede88a77e625443ab2ae0da09,delivered,2018-07-06 20:27:56,2018-07-06 20:50:56,2018-07-10 11:30:00,2018-07-14 14:12:34,2018-08-09 00:00:00
a979479c1af57af858b45dfd2d67ee04,072fd8216633baba841520c47e686b04,delivered,2017-05-07 13:05:14,2017-05-07 13:15:18,2017-05-12 11:50:00,2017-05-23 11:34:53,2017-05-31 00:00:00
ddc57d09a9d61d33de3fb2ddf173f31f,2a6d5a478175621ed3c2c16c8e6a9e44,delivered,2017-10-18 07:50:29,2017-10-18 08:05:39,2017-10-20 22:14:31,2017-10-31 18:23:52,2017-11-14 00:00:00
2ce188fdc7fb58e72c2adeedc6419827,e5ad7771f118319b46602d7cf60a7184,delivered,2018-04-02 19:37:10,2018-04-02 19:48:17,2018-04-04 17:51:01,2018-05-04 14:19:53,2018-04-30 00:00:00
cdf3be569e5ffb3e78f84d92c20336a7,35e298c87eda487ae60b5d6e1b34e4ee,delivered,2018-07-23 22:33:50,2018-07-25 02:44:26,2018-07-25 14:54:00,2018-07-26 15:41:46,2018-07-31 00:00:00
93c8584e09f563c471ff61f202243841,bbbc48c0ead42813a23aaa6904d47df1,delivered,2018-01-20 21:23:19,2018-01-20 21:41:17,2018-01-26 19:22:45,2018-02-28 14:04:47,2018-02-19 00:00:00
d0d17a407c7f31de95587389db1cad3d,9226251eb510cad129afb79ef23e4ca0,delivered,2018-02-09 18:08:32,2018-02-16 08:20:24,2018-02-21 18:47:32,2018-03-01 22:05:08,2018-03-15 00:00:00
2fe2b3f315aee60c3f8f15af8d3e0ab6,e5dc189e17c8e7a8830dcde5a05e5a7a,delivered,2018-06-04 20:47:59,2018-06-04 21:12:34,2018-06-05 09:05:00,2018-06-13 17:52:57,2018-07-17 00:00:00
20e4793779b086b53af56a8ea4b94f71,427a0da943989d4f9160080ec47d727d,delivered,2018-07-26 16:37:10,2018-07-27 02:24:07,2018-07-31 10:41:00,2018-08-02 19:11:45,2018-08-14 00:00:00
e93561a5404a0ecc64f56eed482e05b1,10c155b954e1a9bb97996ba6d87175b6,delivered,2017-12-27 19:22:15,2017-12-27 19:29:32,2017-12-28 17:02:51,2017-12-29 12:26:17,2018-01-16 00:00:00
4365613066af1c4cbe81160706a082f4,ab880a095ff46e861877d7b3dbac4e40,delivered,2017-11-15 11:28:58,2017-11-15 11:46:35,2017-11-17 12:38:59,2017-11-29 02:32:51,2017-12-08 00:00:00
c6f52d94c1f44ee12e0fecf4b347bdc6,16945739bbf3e4f5c2ab429606de8267,delivered,2017-11-05 14:13:02,2017-11-06 15:31:06,2017-11-07 18:18:55,2017-12-08 17:46:47,2017-11-27 00:00:00
9ed3fcbe70866599d450a2a00492f7e7,7e4d1afd1fec265867e64498ae218c8d,delivered,2017-11-21 14:38:18,2017-11-23 02:56:24,2017-11-23 20:12:02,2017-12-11 18:53:21,2017-12-15 00:00:00
40f6e7101c9bdc9aa16832f25ee7ee2c,6244beabb7ede1ed41989186f653af57,delivered,2018-05-13 18:46:18,2018-05-13 19:12:29,2018-05-14 14:24:00,2018-05-17 19:28:54,2018-05-28 00:00:00
8bb932f44e796fe5ea0bb0707157461b,8daf98257fcecfb8357d9f64011b654c,delivered,2017-07-31 19:18:42,2017-07-31 19:30:21,2017-08-02 01:31:34,2017-08-07 21:15:30,2017-08-22 00:00:00
e9781329bbd9648bc8c210acc30c130c,e9137323c426e06652900161e3b0a105,delivered,2017-03-27 21:44:45,2017-03-28 03:51:27,2017-03-28 18:54:43,2017-04-17 12:24:30,2017-05-03 00:00:00
753ee7a9d729f6973ec8d4ceda33b77c,5d36915c45e0477d64947da4f88ef7ba,delivered,2018-04-16 16:45:38,2018-04-18 03:52:06,2018-04-18 20:46:27,2018-05-15 21:44:49,2018-05-14 00:00:00
6aefae2f6010e130e87f27ff4ed31a8d,7de20d53b87c404f4b3bb9f1e69618bc,shipped,2017-12-01 14:38:00,2017-12-01 14:49:44,2017-12-05 20:48:41,,2017-12-28 00:00:00
23e328eaf02d129b3928e8012ffe85fc,8cbec74069338f4a6de35baec1987246,delivered,2017-08-28 15:22:35,2017-08-28 15:30:18,2017-08-29 17:48:03,2017-08-30 17:37:29,2017-09-08 00:00:00
8b8ee8d115e160bfafaf37cd37a37010,f7b60e9670d04d37bf3c9762987895ec,delivered,2018-04-09 20:12:23,2018-04-10 03:50:26,2018-04-10 19:59:44,2018-04-18 19:48:37,2018-04-26 00:00:00
577b75217094b43a3e032b217d67f70f,1f68ee73eef4d1f5d6f533099725036d,delivered,2018-04-08 12:28:53,2018-04-08 12:35:20,2018-04-10 20:15:44,2018-04-13 21:40:36,2018-04-30 00:00:00
d2ccdd8d747d4abf9c77b65728010ca8,a607a40578d475dd721c368a45726422,delivered,2018-05-19 12:53:28,2018-05-19 13:11:24,2018-05-22 15:26:00,2018-06-02 18:23:23,2018-05-29 00:00:00
c0b7fa0a374f7d9ed01d813a0aa67f71,3c5aa91b09e66fd7095a2bfd7a3181f5,delivered,2018-01-24 23:41:21,2018-01-24 23:55:04,2018-01-25 15:32:51,2018-02-09 12:41:46,2018-03-22 00:00:00
afdf5d11a1c37549e30f85db6b752347,7d5fa37fd94e38cbbfb67d2296a09a10,delivered,2017-05-19 20:55:36,2017-05-19 21:05:14,2017-05-22 10:06:07,2017-05-25 14:19:41,2017-06-08 00:00:00
c7a60c45b05ec8fa2477a5291f1e8220,b0e3cb6a4f179d4ac6adc91841a16b9e,delivered,2018-03-20 10:24:43,2018-03-20 11:31:03,2018-03-21 18:48:46,2018-03-23 23:38:41,2018-04-02 00:00:00
83fb83d45702e06d5d5ddbcfd0b8d2a0,25d32598e801258a7a8ade492cf3a836,processing,2018-04-30 19:08:15,2018-05-01 02:36:53,,,2018-06-06 00:00:00
0c2bc0e5935dcca29a9e0cc2e5236a13,b6615ef3680b677d2459723631d7cd3c,canceled,2017-11-09 12:11:56,2017-11-09 12:31:22,,,2017-12-01 00:00:00
5b5d782bca63dbe7af94679f334e3b6a,9a1828943a13d0be0a84faf9c01fc5fd,delivered,2017-11-23 11:19:31,2017-11-24 22:32:26,2017-11-27 14:44:58,2017-12-04 19:07:27,2017-12-15 00:00:00
165d95b7e2ca35a58dfbaf646cd14d81,0bee63015f7900ba02c9b290aa59686b,delivered,2017-12-08 13:13:22,2017-12-08 13:30:35,2017-12-11 13:23:20,2017-12-26 12:18:01,2018-01-08 00:00:00
8bef8b88b9465aa96b8b93eff0525da0,12972b8f7cf1281794beef6967407023,delivered,2017-06-08 08:27:25,2017-06-09 02:22:56,2017-06-13 12:08:59,2017-06-19 18:12:41,2017-07-03 00:00:00
bd5d52497dd09bba18a9c06890c2e2c5,b81903860cd300ddda44b87124a88002,delivered,2017-08-06 22:26:37,2017-08-06 23:20:09,2017-08-08 19:11:59,2017-09-05 22:07:08,2017-09-06 00:00:00
9b0608ab7dcbc73db0b62291f23c55bf,b1f944564a9a2587451f9a1db9bc6459,delivered,2018-08-03 16:52:32,2018-08-06 13:35:09,2018-08-13 09:31:00,2018-08-23 18:36:38,2018-08-30 00:00:00
a4a4243e6aa0b17774fc8f9c4ebc9fd0,7d4a3f1246681f2d6e914881f402e51e,delivered,2018-03-15 16:38:10,2018-03-15 16:50:34,2018-03-16 18:07:45,2018-03-19 16:14:48,2018-03-27 00:00:00
b3dd5b90145b576a279167630eef9def,ecbbe3ed9ad0fdcc1d1e698b2554c986,delivered,2018-06-19 16:16:10,2018-06-19 16:45:36,2018-06-22 13:56:00,2018-06-25 15:17:48,2018-07-13 00:00:00
42402b96f1fc090bc35a2a5e8fcd3d36,8f883e53bf1f50f31bc9e2f4fb8c980d,delivered,2017-12-04 23:09:57,2017-12-05 10:30:51,2017-12-09 09:53:09,2017-12-18 18:37:09,2017-12-27 00:00:00
99d63f07f1159c807e4175e692a8a815,6e660ca85210c89e215463852d16f236,delivered,2018-07-08 10:36:42,2018-07-10 08:35:24,2018-07-13 12:25:00,2018-07-23 14:19:10,2018-08-02 00:00:00
9cd1a38b56d3067cee2bb38aaec7a267,78ff7cba2d0c2c6c1dda40ac4ae7becd,delivered,2017-10-17 17:06:34,2017-10-17 17:28:17,2017-10-18 19:13:35,2017-11-13 18:07:48,2017-11-21 00:00:00
336849260da128bf88be93e5bd4d15be,e9ffe4fb0e0faa5fea4a6d6ca0e99e9d,delivered,2018-05-09 20:08:50,2018-05-10 03:09:51,2018-05-10 12:07:00,2018-05-15 18:42:08,2018-05-25 00:00:00
fedc929029b296446e7a6d15adef783f,ac6014e18042c49a2c39d75c2604c2bc,delivered,2017-11-26 19:45:05,2017-11-26 19:54:36,2017-11-29 22:57:05,2017-12-26 21:26:59,2017-12-28 00:00:00
bcb07f342ee49373aba52b75c41515c2,af7fb1aecf06b1415f21521ac9a8c13e,delivered,2018-02-04 04:04:07,2018-02-04 04:15:28,2018-02-05 23:12:08,2018-02-24 14:54:04,2018-03-09 00:00:00
f934d80ca76365bd394059be22a837f5,7402d0004e0c1b74eb4d6bb7bdd96993,delivered,2018-01-09 14:04:41,2018-01-10 10:32:26,2018-01-15 20:29:47,2018-01-22 17:27:02,2018-01-30 00:00:00
b89c9e2ac77ef9607ebb358648a5b1df,422bf34195aae2cfd8ffb97d6faccaa7,delivered,2018-02-07 13:50:27,2018-02-07 14:10:04,2018-02-08 19:54:40,2018-02-19 18:56:34,2018-03-14 00:00:00
2eff76a325fc7035ebbd93657c4f61a3,08beeaa5c7bacd3b0af94874563893a1,delivered,2018-04-05 01:30:10,2018-04-05 01:47:33,2018-04-10 23:19:06,2018-04-14 15:48:26,2018-04-20 00:00:00
2b15043612beef9240f3a17d949c09c9,5ded08ec5fb59608fef0cf41593f6f36,delivered,2017-11-29 18:15:50,2017-12-01 11:31:52,2017-12-01 22:22:23,2017-12-20 01:51:33,2017-12-28 00:00:00
9ae081992e9b8d305a8959fa5507ffe9,3686d7b969e7ed67da23f8db45a49954,delivered,2017-12-28 16:12:19,2017-12-29 02:09:10,2018-01-03 22:37:09,2018-01-09 18:09:33,2018-01-23 00:00:00
f9899b702b4c536b09ae0efdb5023a71,45805ddfeeafcfacf248b9da2c25dfec,delivered,2017-11-21 20:28:44,2017-11-21 20:47:00,2017-11-23 23:33:02,2017-12-01 22:51:15,2017-12-12 00:00:00
02014f2495eef0e869616829d481d743,f0d62fcceaafaea74a143d7fce54f1f4,delivered,2018-08-22 10:53:16,2018-08-22 11:05:25,2018-08-22 14:44:00,2018-08-27 18:02:08,2018-09-04 00:00:00
f5eb2c9c8751b09f7637a10a9c40aef2,dad721ade2b490dbcc54e62212129467,delivered,2017-12-11 11:18:46,2017-12-11 11:31:50,2017-12-13 16:52:19,2017-12-22 23:28:37,2018-01-18 00:00:00
4b302339bcd1d3aaeb9b3cde326326f2,329b7eb09d495661adbfb762e90eac15,delivered,2018-04-19 01:21:08,2018-04-19 01:30:23,2018-04-21 00:11:53,2018-06-08 02:16:58,2018-05-24 00:00:00
8accd50880b882387ddd4a36d0b1b7d4,ba53b621908f52203a18cf2fc0af3fea,delivered,2018-08-18 21:08:29,2018-08-21 04:49:52,2018-08-21 14:50:00,2018-08-22 23:28:31,2018-08-24 00:00:00
c64e8dfa7c7a1071f1c8d9d3ae2dec11,64971fd864d5811886919f084a3d4ed4,delivered,2017-11-10 08:14:20,2017-11-10 08:26:32,2017-11-10 15:17:04,2017-11-23 17:22:09,2017-12-11 00:00:00
d9647302d75348f06e63f8444ef95544,61f71a5cf65daa4b54206e887828f250,delivered,2017-10-29 12:39:23,2017-10-29 14:05:18,2017-10-31 18:37:12,2017-11-07 17:57:52,2017-11-17 00:00:00
9147e4f91a0a2071875cf411ec60a10d,d65d94358b0f8e89ecdc82e534e28c44,delivered,2018-06-02 15:35:12,2018-06-02 15:50:02,2018-06-18 17:05:00,2018-06-21 00:14:46,2018-07-12 00:00:00
b0f595976cc8465db878685b2a613f5f,825ed834c2f89dca06a2e5b4fe0af049,delivered,2017-08-13 08:42:15,2017-08-15 03:30:09,2017-08-17 15:01:47,2017-08-30 17:22:30,2017-09-14 00:00:00
344d7792475d51c5c3b9d41758ef8f44,f381bd655bd0626bc05a777cfeab57fb,delivered,2017-12-26 21:57:46,2017-12-26 22:05:25,2017-12-27 15:29:01,2017-12-28 21:34:09,2018-01-19 00:00:00
ee0829e4d1cc7547c044b8643c14da38,4a6ca65e203304ab05746357bc7b61e7,delivered,2018-05-10 23:46:41,2018-05-12 03:32:37,2018-05-14 15:49:00,2018-05-18 21:08:01,2018-06-01 00:00:00
d8159fecf6cf88c5f33174f70c304037,f429f9964ed2bca9c7afd3146d3f2710,delivered,2018-06-03 20:14:44,2018-06-03 20:31:26,2018-06-06 09:56:00,2018-06-07 21:08:06,2018-06-28 00:00:00
f2d87ed38676765184a73e871a9e3ece,3739f75c5836f6b41beb45a988b32888,delivered,2018-07-25 14:20:31,2018-07-25 14:30:27,2018-07-26 09:28:00,2018-07-31 12:58:48,2018-08-09 00:00:00
dbd09ba24edf3ae2e7ae63685ff34195,c09970e56f5d00bc2f622b118574113c,delivered,2018-03-16 15:14:40,2018-03-17 02:50:44,2018-03-19 22:24:26,2018-04-03 21:22:40,2018-04-12 00:00:00
b89601b4491425014432a96e02034092,be803b9fe5a431219ecfd15e355099a5,delivered,2018-01-18 13:21:16,2018-01-20 09:07:45,2018-01-23 19:28:12,2018-02-06 17:58:43,2018-02-08 00:00:00
cb891a8a4daa2130941d2458f013b1b1,a1fe058e09f7cc693afdd283b2923421,delivered,2018-01-31 16:32:15,2018-01-31 17:35:31,2018-02-02 20:08:50,2018-02-15 19:35:30,2018-02-26 00:00:00
fa292754654f17a208c5436bbfb8e18f,5f7fe825c7b61d758869be903523f6bf,delivered,2017-10-29 20:49:54,2017-10-31 03:50:37,2017-10-31 16:53:47,2017-11-08 18:56:35,2017-11-22 00:00:00
43da1954a3ab906e70d25dff8fd0a3a0,4433a42a21cf55f9f413f4063c244dd4,delivered,2018-08-05 14:55:14,2018-08-05 15:10:23,2018-08-14 11:46:00,2018-08-20 15:48:37,2018-08-20 00:00:00
6e3aff29a0578d221332c4feecde19b2,201e5d199882bc09584e409388babd6d,delivered,2017-03-31 21:29:33,2017-03-31 21:45:33,2017-04-03 16:28:21,2017-04-19 11:52:17,2017-05-04 00:00:00
0cd19e832fefb17664d1a294b90ad192,7fb9bf1fbf9d6a97da563a1ee652e7bd,delivered,2017-11-16 12:33:22,2017-11-16 14:27:05,2017-11-20 18:47:49,2017-11-27 14:39:39,2017-12-06 00:00:00
e73404e5e601309d2147f91268cc3ac6,4fbc3c1d3a81df1772e3a8a5a72f4487,delivered,2018-05-18 10:37:14,2018-05-18 10:56:44,2018-05-21 06:47:00,2018-05-29 17:04:45,2018-06-07 00:00:00
73cc28d48ecf54949b91163a0f7d3351,2e611ee9dde59daf5acfb7471bdd0180,shipped,2018-01-28 16:15:46,2018-01-30 03:47:26,2018-01-30 21:51:35,,2018-03-01 00:00:00
b6d5def32b42c4da4683c57a8e43fbbb,21643e2f47403dc261b9e09bb5937c21,delivered,2017-11-21 22:07:03,2017-11-24 12:52:51,2017-12-06 12:18:43,2017-12-08 23:43:04,2017-12-07 00:00:00
c069094e56b975a886bc7c6817fe0887,a6e84bb95b4d5ce9a5230c99145e07e1,delivered,2018-08-20 16:19:23,2018-08-20 16:50:05,2018-08-21 09:51:00,2018-08-24 21:47:28,2018-08-31 00:00:00
e9b0fa065e571c5a22a09c8d3b7e8fe5,3b30eefea5f103cc76b5a4fdeb9851ba,delivered,2018-06-20 10:14:28,2018-06-20 10:44:10,2018-06-25 17:50:00,2018-06-29 18:03:17,2018-07-12 00:00:00
36771b8397722fea49a6ea5a0255c985,d0f6ac8b0f2bae53a8b2319b222862ab,delivered,2018-05-09 22:32:47,2018-05-09 22:53:50,2018-05-17 15:33:00,2018-05-21 18:04:24,2018-05-21 00:00:00
0e4a4de1d15b6df8d4335fb2db61667a,894bc3b57706081b775d54a4756654c7,delivered,2018-02-22 15:33:48,2018-02-22 15:50:31,2018-03-08 19:58:30,2018-03-21 21:28:39,2018-03-16 00:00:00
c9f1715aa7997f1ebfb8560a516d92fd,e6ce0210d5c09eaa9eab5a68f5916f35,delivered,2018-08-06 20:34:01,2018-08-06 20:45:15,2018-08-15 14:10:00,2018-08-24 17:07:21,2018-09-20 00:00:00
9fe3aa695f82b14c91be17f23b17ef31,d0a96174092cc6ef4f7671d3bc8c6bf4,delivered,2017-05-30 11:47:48,2017-05-30 13:07:50,2017-05-31 09:44:07,2017-06-12 10:19:44,2017-07-04 00:00:00
e9d858520377b7880e64c65e98d463bd,5f178138c04080d46e3dfe3852442835,delivered,2017-02-16 19:36:07,2017-02-16 19:45:13,2017-02-20 04:34:06,2017-03-07 16:53:41,2017-04-18 00:00:00
74766833602d4588ebc3bf1b1fe55e98,26eb0b7a187dadf0037ab5a2b81d0d5c,delivered,2018-03-02 15:12:58,2018-03-02 15:29:05,2018-03-05 20:04:31,2018-03-09 18:03:04,2018-03-29 00:00:00
c80521d90ae69387548a487d1cdc516c,cb957c2b54ff57da8b57bc5c6e0a3f14,delivered,2018-06-20 08:09:15,2018-06-20 08:56:24,2018-06-20 14:19:00,2018-06-25 13:32:56,2018-07-16 00:00:00
b3717753b7626004c921e350a7638879,c6c8563d6eada54426aac104e963f40a,delivered,2018-07-02 23:30:46,2018-07-02 23:50:01,2018-07-04 10:57:00,2018-07-12 20:32:16,2018-08-10 00:00:00
9d441bf4d514cfefd95dcfd2b22dca0e,4c3351d2b41593f41ee70e5cf0e13518,delivered,2018-01-06 17:24:36,2018-01-06 17:37:19,2018-01-08 17:05:48,2018-01-09 18:42:11,2018-01-24 00:00:00
8c572f3e9b363e7ef4cc144968a64e9f,ddfd821febf66adbfdf21542a5358209,delivered,2018-08-01 18:17:39,2018-08-01 18:44:04,2018-08-03 15:10:00,2018-08-09 23:03:09,2018-08-13 00:00:00
492e7cf9df2e0665bd893b5cbbcca6a3,a3fb21cb5ef07072669662f3850adfc1,delivered,2017-02-06 20:25:50,2017-02-08 03:15:18,2017-02-09 13:57:28,2017-02-13 08:53:54,2017-03-07 00:00:00
b1e4c6a1e5aadfa638df88ba7b685cab,4d13207d49606a5912586b4306719447,delivered,2018-04-13 20:34:21,2018-04-13 20:52:45,2018-04-16 22:28:33,2018-05-12 15:32:07,2018-05-10 00:00:00
58dad265abd075b5830c3e3824956231,8d4bbf93c8318bfc6e7e3aab2f101f84,delivered,2018-02-16 15:41:37,2018-02-16 16:20:26,2018-02-20 13:59:30,2018-03-01 02:07:59,2018-03-08 00:00:00
3df5a05b33678524de6fef39c6cd810f,8402fd73c4808d078a2a8b3b1bd721a8,delivered,2017-08-18 21:22:31,2017-08-19 21:25:01,2017-08-23 18:37:57,2017-09-11 19:44:24,2017-09-18 00:00:00
793c05f561c41e8fb6599c92be8d0afd,c2aeac174bd1b011b11f03cad2a9179a,unavailable,2017-08-11 19:18:12,2017-08-11 19:35:06,,,2017-09-13 00:00:00
7081dc8aacd1f126eacaf66497364578,d399e431e970637a174aadff3eb35990,delivered,2017-02-09 21:19:01,2017-02-10 02:55:24,2017-02-10 15:47:14,2017-02-14 15:22:48,2017-03-15 00:00:00
3efb7f6339ec54c071e9fa5feab78356,d9dfb0c45526f228a5e68b9b4ca40738,delivered,2017-04-28 00:43:40,2017-05-03 11:32:52,2017-05-04 12:58:58,2017-05-08 15:28:57,2017-05-24 00:00:00
67d748688b1f3b7e4ecfd613adf5382d,cd6689180f7e656793d39dedc25aa21f,delivered,2017-05-19 12:49:07,2017-05-19 13:02:30,2017-05-23 07:13:36,2017-05-30 07:49:40,2017-06-08 00:00:00
5a89c5077684b44a0094ed4aaa70a234,ac106ae9d5ca35e4a7afa11fb83f11de,delivered,2018-04-28 15:31:43,2018-05-01 05:32:44,2018-05-03 06:32:00,2018-05-04 21:48:57,2018-05-14 00:00:00
bf5155dc24b8690b94d2a021bb3c5a9c,08028c13a908b120d56eff9d7ebd27c3,delivered,2017-06-12 18:34:07,2017-06-12 19:02:30,2017-06-19 17:43:38,2017-06-27 15:04:55,2017-07-12 00:00:00
6bc46484a5da408562e929b630a3e950,5ca641d05080ed9a120ac4e35ab18173,delivered,2017-11-26 22:24:44,2017-11-26 22:35:29,2017-11-30 00:15:56,2017-12-21 19:12:59,2017-12-21 00:00:00
e9be4915bddc1b3959b291b443ed9fe3,1323eac79bee9f610f5f5ffb578c11f6,delivered,2017-10-01 11:23:44,2017-10-01 11:35:10,2017-10-09 21:52:20,2017-10-11 19:15:31,2017-10-20 00:00:00
b62f088b105938198ca85cfd28e93efb,e0db0394d5cb8befcb6dbf57b1e7aa61,delivered,2017-12-08 11:01:54,2017-12-08 11:14:24,2017-12-11 18:12:38,2017-12-19 22:10:58,2018-01-05 00:00:00
0a1008edde05c441150b3142521df760,e8430195f2db14c574e72de0d1d7c735,delivered,2017-09-22 15:06:29,2017-09-22 15:15:20,2017-09-26 12:29:07,2017-10-05 18:25:35,2017-10-19 00:00:00
4aef3f299b3b56a9e29adf7362dfc3f4,c8ca4bcdd8d22697394008267108810d,delivered,2018-01-18 18:10:11,2018-01-18 18:19:37,2018-01-19 21:07:14,2018-01-26 00:13:08,2018-02-09 00:00:00
e11c81f63f7e2ef0a0a22cbc781e8099,3d563f75e0e9a0ce00da6f3971e87176,delivered,2018-08-06 17:05:42,2018-08-06 17:15:19,2018-08-08 16:25:00,2018-08-14 19:37:46,2018-08-17 00:00:00
c267d7fb58ab601842b584dfd70de03b,46b3969f61f870443c2acce55900d3cf,delivered,2018-06-12 20:30:03,2018-06-12 21:03:41,2018-06-15 14:48:00,2018-06-26 19:04:37,2018-07-04 00:00:00
e8ea9d1180aed78c71b3a9361bcdb9cb,add72ef6c37408eddeec3a287b2eba21,delivered,2018-03-11 23:42:04,2018-03-11 23:55:30,2018-03-12 23:41:25,2018-04-14 16:03:16,2018-04-13 00:00:00
922c88e7a4c04efc1aa1b468c8b7b54c,783036ef3e00118bd0cc80b146a4751b,delivered,2017-07-04 14:32:09,2017-07-04 14:45:12,2017-07-06 12:22:15,2017-07-11 18:45:29,2017-07-27 00:00:00
f3a11dab21352ec16a6d038ce9958381,fdfc6249ca397559e4e9530c0fef9cd3,delivered,2017-03-06 10:52:31,2017-03-06 11:03:09,2017-03-13 10:19:07,2017-03-23 08:58:51,2017-04-06 00:00:00
30e306d7092ec3bf44efabf012cdd06e,5348aedd847fe3951a231608c55fc089,delivered,2017-04-12 16:45:59,2017-04-12 16:55:20,2017-04-13 14:14:23,2017-04-24 10:51:47,2017-05-11 00:00:00
446fdc806b0c1bade7477c8adb83b9e7,f1afd1b05c94e42923ad3cfa6d34c344,delivered,2018-03-05 21:42:32,2018-03-05 21:55:24,2018-03-06 18:16:56,2018-03-08 21:48:26,2018-03-15 00:00:00
eb3fabeabbe68b3abea891b6751aa77f,81b305536a2f14bebe526bec02449c97,delivered,2018-06-14 15:47:45,2018-06-15 02:37:00,2018-06-18 13:07:00,2018-06-27 01:09:44,2018-07-05 00:00:00
f399b1b1cbfba9dbe26183ac60e6eae8,42c45216092625f6735c0499e3e75f07,delivered,2017-09-26 10:03:10,2017-09-26 10:14:12,2017-09-29 21:13:21,2017-10-11 19:13:35,2017-10-23 00:00:00
d264d651c8218bc064f4b44d3c06d9a3,ea66b28b66ee0d9ed6cc4fee30a704bc,delivered,2018-07-25 15:34:15,2018-07-25 15:50:17,2018-07-26 12:57:00,2018-07-30 18:41:49,2018-08-13 00:00:00
dfc1b4e359ebb9f33946b6301b1d8ba1,54ece387a84149502ff004cc7ea25f60,delivered,2018-03-05 06:37:22,2018-03-07 02:49:04,2018-03-07 23:28:31,2018-03-18 16:26:18,2018-03-26 00:00:00
f64a76cad36b9c69a34699f1858db432,a1b1a82720dbe747e7d52590721f73ac,delivered,2018-01-28 10:08:21,2018-01-28 10:17:22,2018-01-29 20:17:15,2018-01-31 16:22:56,2018-02-14 00:00:00
10df64697a9e72c7b248dbffe386f74e,8f288d91d4f704558cc0a064919bcca9,delivered,2018-01-27 22:08:52,2018-01-27 22:35:23,2018-01-30 19:35:25,2018-02-23 16:04:39,2018-02-22 00:00:00
02bd584dedf7373cb07b6540cadf9a76,e20a0968702ce304cc5f98ad6094ee18,delivered,2018-08-04 21:43:05,2018-08-04 21:50:14,2018-08-08 14:37:00,2018-08-14 17:12:08,2018-08-28 00:00:00
b9763fc50599a4ba2c2405513546d844,acb6f5070c34dbadd42a7dd6b18f6590,delivered,2017-02-08 13:24:01,2017-02-08 13:35:14,2017-02-08 14:42:55,2017-02-14 07:36:22,2017-03-09 00:00:00
9ce03263783d6de468ef6a6debdbe92a,5e1de778ea1bea7c3d6f4c899226b7fa,delivered,2018-06-07 10:57:37,2018-06-07 11:37:01,2018-06-07 11:26:00,2018-06-16 12:26:21,2018-07-27 00:00:00
bd6423665c409db201f2193150cc8a83,f6f8afa3c76a31ae8b3f3dfea2083c15,delivered,2017-12-10 13:53:34,2017-12-10 14:10:30,2017-12-13 16:53:28,2017-12-23 19:37:31,2018-01-08 00:00:00
be28f879f9c5e345df9e5b5fb441e6de,05787fcd7b77ceb360bd59963a6d7aa0,delivered,2018-01-04 12:58:13,2018-01-04 13:29:06,2018-01-05 19:25:02,2018-01-22 19:03:57,2018-01-22 00:00:00
0beb6d45320a3ecbd50c0b5fc7d8dccb,351ad5281a1ebe833af7f4fb1f203aa4,delivered,2018-05-06 14:25:11,2018-05-06 14:35:12,2018-05-07 14:17:00,2018-05-17 17:25:30,2018-06-12 00:00:00
4800f69c8e5130af7653664ac4172dad,5ec51ac5cf1afbeda642df917990bf74,delivered,2018-02-11 15:44:06,2018-02-11 15:55:23,2018-02-15 22:23:15,2018-02-16 21:56:29,2018-02-26 00:00:00
105a17b015064cf48113e9593c2ad700,802afc498fb100ca6ee8ef029719e141,delivered,2017-11-27 15:19:38,2017-11-27 15:26:27,2017-12-01 15:19:03,2017-12-08 23:28:24,2017-12-18 00:00:00
530ed5c74fd86562fe50456702b65599,39e94a0d2fb045f0489dd7aa5e2b4533,delivered,2017-07-14 09:51:59,2017-07-15 10:50:19,2017-07-17 19:12:03,2017-07-26 17:53:48,2017-08-17 00:00:00
ec1d3a645b2a221446df31f1dcbda3e2,c0b14a9776882d6ae80ac4db31ef2172,delivered,2018-01-11 19:50:54,2018-01-11 20:07:20,2018-01-17 17:22:01,2018-01-21 12:24:44,2018-02-06 00:00:00
b99b9831e4b244971d7fee83d5a69ee0,60401138424ae83a86d350a14011cc2c,delivered,2017-05-26 16:13:17,2017-05-26 16:25:18,2017-06-01 13:57:44,2017-06-12 12:52:53,2017-06-20 00:00:00
770d331c84e5b214bd9dc70a10b829d0,6c57e6119369185e575b36712766b0ef,canceled,2016-10-07 14:52:30,2016-10-07 15:07:10,2016-10-11 15:07:11,2016-10-14 15:07:11,2016-11-29 00:00:00
ad270676ed8a3174f472811e0144761d,9a6458f67b94f41958d49e92dad980af,delivered,2017-06-11 21:00:35,2017-06-12 17:15:13,2017-06-16 11:55:25,2017-06-28 13:03:15,2017-07-05 00:00:00
fb8705064d6146e5fdc372b0fc2bf60a,d0d47db5ad7c0d4e67ef8587667fe9b4,delivered,2018-05-02 21:26:53,2018-05-02 22:34:48,2018-05-03 11:13:00,2018-06-25 17:48:54,2018-05-28 00:00:00
b38b59f8e68e516569507e83c2d55c58,72626ae78a09de49d28b9f612c78f31d,delivered,2018-05-11 16:45:10,2018-05-11 17:08:26,2018-05-15 11:22:00,2018-06-01 23:32:35,2018-06-01 00:00:00
7743b506a4c2e87e3f5af919334ea71a,b0b613e9e97d82c42795abe6687ab472,delivered,2017-11-07 14:14:38,2017-11-07 14:30:47,2017-11-08 13:09:00,2017-11-17 17:48:23,2017-11-30 00:00:00
51b808ed0e75c3a1106b08d3afe4f655,6995a9f0b24e058dc141caeac9320539,delivered,2018-04-11 17:54:26,2018-04-11 18:10:59,2018-04-12 22:31:36,2018-04-13 14:33:11,2018-04-27 00:00:00
f0f60334ebc0d94a89bfdf1d401308a0,19140d8fdce1418ec14108400b6bdd72,delivered,2018-05-01 10:37:32,2018-05-01 11:17:49,2018-05-02 16:58:00,2018-05-24 14:32:40,2018-05-25 00:00:00
0f934deb4f74bf5bb7a58232d12040dd,87c5e6216d546c37debb656dc3372eb4,delivered,2017-12-07 11:27:00,2017-12-07 14:42:16,2017-12-09 00:27:07,2017-12-18 22:55:00,2018-01-02 00:00:00
bad77ee7480612102102403c00cf825e,82c556ef20ad817d0970931f3e3a63d5,delivered,2017-08-22 16:07:06,2017-08-22 16:27:36,2017-08-25 16:18:33,2017-08-30 22:18:06,2017-09-06 00:00:00
288b02fbf09f1c9f2ad1e4ef18124c1e,539c396e8ba2bd4ed701c8b6c80ffa3e,delivered,2018-03-05 21:52:15,2018-03-07 02:28:51,2018-03-13 00:05:32,2018-03-20 10:12:31,2018-04-03 00:00:00
e6461bf12e723ae0324f5248219b54e6,989ef866c6bb297451a72dfc2ccfed23,delivered,2017-12-02 20:28:47,2017-12-05 09:30:54,2017-12-06 00:09:20,2018-01-04 22:36:54,2018-01-10 00:00:00
05a5771b1afac9163e7cc298fc97263a,539c53212dac6304e4fa970272abe6e0,delivered,2018-02-23 19:49:40,2018-02-24 07:07:47,2018-02-27 17:24:17,2018-03-18 16:26:28,2018-03-15 00:00:00
cc7e4905f056ded0f8987d5599129cf7,e55a300276fbb9cc2de0149b920feddc,delivered,2018-06-14 11:12:49,2018-06-14 11:42:37,2018-06-15 10:15:00,2018-06-19 20:50:29,2018-07-12 00:00:00
14a074fe3d79fc38758adda996f83e00,ccd94a43aabce2b984aa4945839059c2,delivered,2017-10-23 16:19:19,2017-10-23 17:07:43,2017-10-26 15:08:10,2017-10-30 18:43:01,2017-11-09 00:00:00
3087dfec43100fd80fab47b128aeaea9,f5e44f62177b59d9938207502e8a44f3,delivered,2018-03-06 13:08:03,2018-03-06 13:29:58,2018-03-08 00:52:20,2018-03-15 18:03:10,2018-03-22 00:00:00
d0e60fe0d150be98baa246426889d6cb,55311e340fbb8c4620330ff5a576f179,delivered,2018-05-27 13:23:48,2018-05-27 13:49:46,2018-05-28 14:03:00,2018-06-07 23:10:47,2018-07-18 00:00:00
7787da2148a7cb3d33fb258e674f8a3e,c8a02fab716a574ad3bf2324a3bd5179,delivered,2017-11-26 00:28:42,2017-11-26 00:52:55,2017-11-29 23:24:44,2017-12-13 22:05:08,2017-12-20 00:00:00
8e83e34d39ed0235b3460da4bd082fc8,08e9e9af9d6d0393d4f6b8c331adc6e7,delivered,2018-07-19 23:57:54,2018-07-20 00:10:13,2018-07-24 16:00:00,2018-07-27 15:26:46,2018-08-14 00:00:00
b445d4e5a6d99bba5e51592e7263b560,e66b5747ab7f1a418d2cb5eee404017e,delivered,2018-06-23 10:08:25,2018-06-26 05:12:49,2018-06-28 11:23:00,2018-07-03 16:25:42,2018-07-23 00:00:00
8aa5b35619d1aeb3068187d868c9aa41,127854ffab09fbc17666c0783a1f1159,delivered,2017-10-04 10:26:37,2017-10-04 10:49:42,2017-10-06 15:34:03,2017-10-13 20:56:38,2017-10-26 00:00:00
b277c79061d5d57c196e249f373abccb,3d2a4d705b7d68ad838c79434ff1b628,delivered,2017-11-26 20:21:31,2017-11-26 20:32:56,2017-12-01 00:16:57,2017-12-01 21:59:39,2017-12-11 00:00:00
adfe887c44baf1c0b4e6f5e8c533afe3,b3a8bdc1ca87498e8eaad4f931e61171,delivered,2018-01-06 17:14:40,2018-01-06 17:26:48,2018-01-09 17:55:11,2018-01-15 19:45:13,2018-02-06 00:00:00
cc61a8a634ed495116b2ce1fc8d1a1e1,bbf8f328e19099524bfbfe53ecf2055c,delivered,2018-02-24 12:00:07,2018-02-24 12:15:30,2018-02-26 23:43:07,2018-04-24 20:54:46,2018-03-16 00:00:00
eb72f50f943d8b05355b3e50cda1892c,7556d0bfbb7faa8478c1dad423343647,delivered,2017-03-06 14:50:09,2017-03-06 15:02:58,2017-03-07 14:18:34,2017-03-13 11:23:13,2017-03-29 00:00:00
0566f139f1d1dff8ebfb3b1233ef4dd0,15d17b993d1a4710e1d4b2718b2f1821,delivered,2017-10-16 12:55:19,2017-10-16 13:14:15,2017-10-16 20:34:07,2017-10-20 17:28:51,2017-11-09 00:00:00
1e7aa16222b1c59810585e0dc2bf73ed,ddb4dbe493f605112185f028ef0564a1,delivered,2018-04-04 21:59:35,2018-04-05 12:30:13,2018-04-05 22:56:40,2018-04-24 21:12:32,2018-04-24 00:00:00
8ba6f2691ae9f61ed7266e78a5f64233,4f07ffd62696e75846ea2fdfd05800ea,delivered,2017-09-05 12:33:49,2017-09-05 12:45:25,2017-09-08 20:04:09,2017-09-19 17:28:12,2017-10-04 00:00:00
f7a6a012fe2322e9fae5ad8b10385f15,e05a02673fba8ce5e037b1eb50afc64b,shipped,2017-03-29 13:53:37,2017-03-29 14:02:41,2017-03-30 14:56:24,,2017-04-26 00:00:00
39a88f719920998e92f0d3f7b32040fc,3272ae5d1173300820b43935539b3603,delivered,2018-01-23 19:31:31,2018-01-23 20:03:58,2018-01-24 17:53:26,2018-02-15 23:08:19,2018-02-23 00:00:00
8a3756b420f3c23e6537a19e9d61a102,baab2b58bcdf3653827e7fc183f98fd1,delivered,2017-06-17 23:03:05,2017-06-17 23:15:09,2017-06-21 09:17:40,2017-06-27 13:36:35,2017-07-11 00:00:00
56c52d234b22892f3821750d97e57052,300f546c25d3587ad236a4d732c8031c,delivered,2017-11-25 14:02:49,2017-11-25 14:17:45,2017-11-30 16:59:08,2017-12-06 20:17:31,2017-12-11 00:00:00
1031ac71b203bb98af456f6abf3c8862,9385cf864be9db1cdf47e4f45d3bbc6b,delivered,2018-02-13 15:32:19,2018-02-13 15:47:52,2018-02-14 15:34:00,2018-02-26 18:52:38,2018-03-09 00:00:00
2ba1f687634de479f8b6f7c483597793,821208246445cf31f4aae41554db9df1,delivered,2018-03-11 20:31:50,2018-03-12 08:35:27,2018-03-12 17:18:54,2018-03-14 19:24:53,2018-03-28 00:00:00
7af99279a8af75b4b281a28927b84b81,fa4616bdd46797a26d41f1189ffde2d1,delivered,2017-02-24 19:20:34,2017-02-24 19:30:13,2017-03-02 16:14:48,2017-03-07 19:11:54,2017-03-24 00:00:00
dcbec508f4fc195063833b2054995d32,95812584e3c64de9b6eb7ab962162255,delivered,2018-04-08 13:15:48,2018-04-08 13:30:26,2018-04-10 18:21:24,2018-05-24 20:05:28,2018-04-30 00:00:00
1871b7e8d5edaa09867ed17d91b0d9e1,03b244a1b54133315bbb99ed870d07c3,delivered,2018-01-01 23:22:57,2018-01-01 23:32:22,2018-01-08 21:28:25,2018-01-16 23:48:00,2018-02-01 00:00:00
8eaffe8ae14ef70bec07c3934e06500d,223cbd7350ea2f7d4ed8c5fd1b812bbd,delivered,2018-05-09 14:54:32,2018-05-09 15:15:23,2018-05-10 15:51:00,2018-05-11 23:28:44,2018-05-21 00:00:00
0ed2425a77fed414a8d12ca5f1804670,088935be5a63fd4166d69f633d2d1156,delivered,2018-05-02 14:32:24,2018-05-02 17:53:55,2018-05-04 10:38:00,2018-05-22 19:18:37,2018-06-06 00:00:00
a7369745f22345ef2b1cbfc57e4e0a73,e3e00b7ea484ae1ef4b76737e3ec56fa,delivered,2017-03-06 20:08:47,2017-03-06 20:23:02,2017-03-09 08:42:49,2017-03-13 11:04:53,2017-03-27 00:00:00
a2b29ceea06f28d1c71db5b2c9529820,cec814e6cabd3f32f9b9034230911881,delivered,2018-07-23 17:39:59,2018-07-24 10:31:20,2018-07-27 11:26:00,2018-08-07 15:08:44,2018-08-22 00:00:00
9c40a111cc4f36ac3f23328139901312,55e8be09219e4bc9dd78f8596b1d03f7,delivered,2017-02-11 12:54:48,2017-02-15 11:33:15,2017-02-17 06:35:59,2017-03-02 07:54:00,2017-03-10 00:00:00
3e4fbccb16133fd341f745f8be520648,7d5b411bd834a0869611a61e01a7cf15,delivered,2018-07-26 16:14:02,2018-07-26 16:30:52,2018-08-01 16:30:00,2018-08-07 01:08:34,2018-08-17 00:00:00
817f6bab5398dc6c74b74ac820418d16,4764d14d044d8a476a85262a3bd65273,delivered,2018-03-17 18:18:01,2018-03-17 18:31:46,2018-03-22 01:09:46,2018-04-05 14:28:29,2018-04-09 00:00:00
a852cc31ae30e70e308d7e21bcc47990,d4d3ce7e6e51f287f5c2d896b0b07bae,delivered,2018-07-28 00:54:33,2018-07-28 01:10:07,2018-07-30 17:09:00,2018-07-31 14:08:56,2018-08-07 00:00:00
5d0d28b0a5db80fe44a0ac53bdb979dc,61fad79bfe55baa042c5fe91d8aa337f,delivered,2018-05-12 10:22:05,2018-05-12 10:35:21,2018-05-15 15:03:00,2018-05-18 20:49:36,2018-05-28 00:00:00
444134534ff42a9631f932653df1d132,aaacfb9e51198232140a75af0e77c875,delivered,2017-08-04 17:30:33,2017-08-05 17:35:20,2017-08-10 18:36:18,2017-08-11 12:38:05,2017-08-17 00:00:00
be55f985440dddd650b389a55db8e49c,3304fe2035fb46edc7c6d2b2d86e17d1,delivered,2018-05-12 18:59:59,2018-05-15 04:34:58,2018-05-17 14:37:00,2018-06-06 14:46:41,2018-06-08 00:00:00
617700c0f437adbb60d8ab8ea6d9e3ab,a988ea25d99e3bf1cb59a94c3450bdb2,delivered,2018-08-02 21:51:19,2018-08-02 22:24:14,2018-08-03 14:10:00,2018-08-14 23:17:28,2018-08-17 00:00:00
800041272b068eed258fd7c9120a26f4,09a3bc3236329de95ec9cae4f72cecf0,delivered,2017-06-12 15:13:07,2017-06-12 16:00:06,2017-06-13 13:13:14,2017-06-19 12:24:46,2017-07-05 00:00:00
b674e463ea07d8a8fac9951be50283f1,cdd95abd40476a4f5f391bbf0edb3735,delivered,2018-03-04 21:37:02,2018-03-04 21:50:28,2018-03-05 17:41:31,2018-04-02 17:37:50,2018-03-23 00:00:00
7441a7966b3ab1db2240ade4023df809,c82064d38030650cef4059e13d90ba39,delivered,2018-03-17 23:09:29,2018-03-17 23:27:51,2018-03-19 17:43:23,2018-03-27 01:42:12,2018-04-06 00:00:00
0689012a897b2ac50b37994d77898bc8,c2676f47437c3ea66442e39a07605d77,processing,2017-03-08 10:44:37,2017-03-08 10:55:21,,,2017-04-05 00:00:00
aa4c67f35e4d7127d9d9994164383ffb,f491695f1f6706acf407993fb133ffce,delivered,2018-02-14 23:57:42,2018-02-15 00:10:35,2018-02-16 23:56:32,2018-03-03 00:18:45,2018-03-09 00:00:00
be6619cf0f41dbf6491aafc3b5a0d638,51f6210c02eb2afeda1b62f940bc39b8,delivered,2017-11-08 22:49:54,2017-11-09 05:31:31,2017-11-22 01:48:36,2017-11-26 20:37:34,2017-11-22 00:00:00
1b6c00256bc49004b1d059039306c08e,37e8d4bfba774a6a343e5c89275e969d,delivered,2017-12-04 17:01:06,2017-12-04 17:46:50,2017-12-05 20:39:06,2017-12-11 15:42:49,2017-12-20 00:00:00
a0f8cdef3a3387782a94be2247a45238,7f43eca0e0fbe513128a735c72985870,delivered,2018-07-02 05:11:53,2018-07-02 05:29:52,2018-07-03 11:58:00,2018-07-09 21:51:36,2018-08-01 00:00:00
22caa724849d26dec4cd73ffc70bc133,983286740ff2d1fd74d499fd1a711de7,delivered,2018-06-20 16:51:23,2018-06-20 17:21:20,2018-06-21 12:51:00,2018-06-28 13:48:32,2018-07-17 00:00:00
5a2cc0ecbae1c95bdaba1c3b0f5c6adc,c8bc9439b5f45f3387c3671e2f13ca6d,delivered,2017-09-15 21:09:57,2017-09-15 21:24:44,2017-09-18 21:47:37,2017-10-09 20:08:04,2017-10-10 00:00:00
91aabcab64d026c696b559aae16dd2c3,c4c06efcc379ca2350749a9e766a3c64,delivered,2018-03-30 16:38:04,2018-03-30 16:50:17,2018-04-04 21:26:38,2018-04-05 22:07:30,2018-04-19 00:00:00
53007e0777fa3fb5e536c05a83b50198,8ee18a8c822e4287befa0590bcd202a6,delivered,2018-04-05 12:29:29,2018-04-05 12:48:19,2018-04-10 23:37:40,2018-04-23 13:51:52,2018-05-03 00:00:00
710d9b541d2ae52ef56ef33f5e1b795c,8f9cdc2bab0d953cab1e98d25253d8fe,delivered,2017-09-27 13:45:14,2017-09-27 13:56:24,2017-09-28 15:44:41,2017-10-06 22:28:04,2017-10-25 00:00:00
73863aca434e1d117e45109bea6f1937,f3f7e581618408da1e8d5ebe236082b3,canceled,2018-07-29 00:05:24,2018-07-29 00:15:14,,,2018-08-15 00:00:00
a44e04ddb3679ae302d3a586f69a6bf2,248dd234449ae68be3b93a1eba9ff33f,delivered,2018-02-19 22:35:15,2018-02-20 22:30:35,2018-02-22 19:13:09,2018-03-01 21:48:15,2018-03-12 00:00:00
90dea0577f835cee1385c71345f7a1d9,81d302f82bb3b158fba1d63e779461de,canceled,2017-08-30 16:05:34,2017-08-30 16:15:23,,,2017-09-12 00:00:00
462240cb1ec4e5db517e73fff57ebfc0,143fdaaf1a8b9e8905183ee2714d3647,delivered,2017-11-27 18:39:56,2017-11-27 19:12:04,2017-11-28 18:35:42,2017-12-14 18:56:14,2017-12-20 00:00:00
d8fdddcd258b88c4919c52ce44756a39,c796c9785a45472c03b45277e6e4c2c3,delivered,2017-09-30 10:43:41,2017-09-30 11:20:12,2017-10-02 14:46:52,2017-10-04 15:54:26,2017-10-24 00:00:00
621419fdba0dc2eb4a35f91fc6c74c27,82e84768dd919d3a1df7f533e6d78be6,delivered,2017-06-19 09:15:45,2017-06-20 09:23:41,2017-06-20 15:30:44,2017-06-22 15:42:52,2017-07-04 00:00:00
82e5aab7d622b1d4261097b4299d02b9,86e59ec2cd8b5df5094ce062df9063be,delivered,2018-01-14 13:38:18,2018-01-15 13:34:43,2018-01-15 22:26:47,2018-01-24 21:58:59,2018-02-05 00:00:00
7d98d1e2ee124ce999d8de65a391b73e,666b7bb54abadd1d317677a03e666c22,delivered,2017-08-31 09:45:20,2017-09-01 02:30:18,2017-09-06 16:47:32,2017-09-11 20:12:19,2017-09-19 00:00:00
829d14a0e060598e3de477687e72a312,e9837d053b096d1d743efcaaae03cb95,delivered,2017-07-31 22:17:36,2017-07-31 23:25:11,2017-08-01 18:17:44,2017-08-02 15:57:03,2017-08-11 00:00:00
3e77cc9aa8ac4a0ff4ced987e8044383,d124c1a4119ada6806f25591ee14e019,delivered,2018-01-29 12:09:27,2018-01-29 12:38:29,2018-01-30 22:04:32,2018-02-05 20:58:41,2018-02-26 00:00:00
7ee45000199ae00051ea0d2b996b66df,6191e4aa85f059f9a7c75f5ce1c72835,delivered,2018-08-20 21:09:06,2018-08-20 21:30:21,2018-08-21 14:07:00,2018-08-22 22:59:38,2018-08-23 00:00:00
ea47d67848331b928432c6a94c2f543a,4dc69f5a7144b4414b97fbe35696af97,delivered,2018-01-20 02:48:11,2018-01-22 15:12:52,2018-01-24 23:03:44,2018-02-21 21:22:17,2018-03-14 00:00:00
77e63cacbf44d28c73e6ad56e430f477,b95f89c4a889213640af2f83af3220c3,delivered,2017-12-01 00:13:14,2017-12-01 10:31:08,2017-12-01 20:07:02,2017-12-17 13:09:02,2018-01-02 00:00:00
ffe146c862ce518ad378598499bf9204,f813294c06241ae2660aa359c74e1d5f,delivered,2018-06-28 21:44:06,2018-06-28 22:10:03,2018-07-03 13:39:00,2018-07-14 07:04:34,2018-07-26 00:00:00
3303ae257c7df7d22445570e801fbe6e,af103b3a9791e738f592b8fe4da31c40,delivered,2017-06-13 09:44:27,2017-06-13 09:55:15,2017-06-16 16:28:53,2017-06-27 14:19:09,2017-07-10 00:00:00
bef00c92231206983bc83df7ba17289a,705f31452e63ede0e5b4c1ac26991061,delivered,2017-09-19 14:35:08,2017-09-19 14:50:13,2017-09-26 19:22:24,2017-10-03 12:48:53,2017-10-27 00:00:00
bf8a280eefe359fdbef7d51a81ac074f,31e2810840f6394ce0bf49779a0bc7de,delivered,2018-02-20 10:46:33,2018-02-20 10:55:31,2018-02-20 23:35:12,2018-02-28 00:39:11,2018-03-13 00:00:00
7474d7f84129b6a4fef9e0cb53e2a081,108b9f81ac5b441daf5927b6f402951b,delivered,2018-04-12 19:29:44,2018-04-13 13:29:50,2018-04-16 15:44:43,2018-04-18 00:02:12,2018-04-30 00:00:00
59d03af4f73a43b604389724e4bf2be0,1aea733807a5066afa72c90bf8e81b15,delivered,2018-06-10 20:02:36,2018-06-10 20:17:48,2018-06-13 11:02:00,2018-06-21 16:19:50,2018-07-17 00:00:00
4be15c7abcf23a32b92fdd6fe0859ed0,3926b3687da46e8225d5120e6b086ad8,delivered,2018-02-13 01:34:10,2018-02-13 02:07:27,2018-02-14 19:36:26,2018-02-21 22:13:19,2018-03-13 00:00:00
eec2067eb71189cfcb944c23485d912c,d2d1149622911b7c1702c20c92b8ed38,delivered,2017-10-24 10:44:15,2017-10-25 02:08:43,2017-10-25 20:37:04,2017-10-30 21:16:59,2017-11-10 00:00:00
4a21e3eb07861993fbaae74314b0d224,ffc0c21bf66cb129c62d8f89ed19c26c,delivered,2018-07-22 16:56:59,2018-07-23 12:31:42,2018-07-23 13:27:00,2018-07-30 16:42:11,2018-08-15 00:00:00
2d40e4509fd3b132931c957812969adc,f3f8de553908bdd20818ca14138343c7,delivered,2017-10-02 18:14:49,2017-10-02 18:28:09,2017-10-05 10:23:53,2017-10-19 18:34:05,2017-11-07 00:00:00
cdc8b4ad3c6deb7fc303fb91abe7bc0f,9cec1fab93e0ea9b843a7c36c5c8316d,delivered,2018-02-15 12:54:37,2018-02-15 13:10:27,2018-02-16 21:17:59,2018-03-13 23:28:28,2018-03-12 00:00:00
99316aecfb3e31190e43714f7643a49b,cf72b318eb9cd0e7712a2c1bca227789,delivered,2018-05-10 22:27:24,2018-05-10 22:57:24,2018-05-11 14:53:00,2018-05-14 21:21:55,2018-05-25 00:00:00
80d73004530edf9f79654ad0cc012f0d,d6dd14b0c6ddb5b124b774c49ced720d,delivered,2018-02-18 18:26:37,2018-02-18 19:30:29,2018-02-19 20:17:42,2018-03-08 21:48:20,2018-03-16 00:00:00
f4717f2753751da5c2494961edb24386,58ebc13cbd9b3a6dba5a0b3fb3455db3,delivered,2017-11-29 14:27:34,2017-11-29 14:38:23,2017-12-05 15:37:13,2017-12-09 01:09:14,2017-12-20 00:00:00
983ca2708d1c50ac99ed54a30ae38d0f,a332a08774332cf3a10b73e79d8a5d93,delivered,2017-02-02 11:40:32,2017-02-03 03:45:21,2017-02-08 15:25:17,2017-02-13 08:57:45,2017-03-13 00:00:00
d11661ab8e0adbc1967bf4bb44c60b2c,6e4cfcc4784ce86f8ce3671c2ebca031,delivered,2018-01-20 20:58:15,2018-01-20 21:22:19,2018-01-25 21:41:45,2018-02-05 19:33:04,2018-02-20 00:00:00
429f9f7849e2149c03ac3e4ba5659050,b5bc395b6c0cc16a6432e87867c0d5a8,delivered,2018-04-03 14:23:55,2018-04-03 14:35:23,2018-04-04 18:51:51,2018-05-04 10:16:48,2018-05-28 00:00:00
009fa9bd0d92710e840793bfefa80867,ed19fa6ce948d52be769926c2baaa17c,delivered,2017-06-14 09:44:30,2017-06-17 03:50:11,2017-06-19 21:14:50,2017-07-08 17:26:30,2017-07-11 00:00:00
d27806c15d0457fd42413dcf53cdd340,a1db30418837f238cdd66352eea4f1d8,delivered,2017-06-19 19:39:16,2017-06-19 20:20:05,2017-06-20 10:30:30,2017-07-03 17:21:32,2017-07-11 00:00:00
078c2d9bb7e5905e870838448db0d3b3,0a3459f8f647c54834ba504e02519cbf,delivered,2018-03-25 11:28:16,2018-03-25 11:47:34,2018-03-26 20:31:39,2018-03-28 15:48:52,2018-04-13 00:00:00
e90f4f7e0953d4031b08ade067de9e67,bd3a507ff02b1cb5e3b209c7d745e93f,delivered,2017-03-04 16:02:45,2017-03-05 16:10:10,2017-03-06 11:08:11,2017-03-14 12:48:43,2017-03-23 00:00:00
1441bdf56d9316c4649d04ecf5055bf5,0c5bc9b483fd56c74379ef5d96bfe494,delivered,2017-11-30 14:53:50,2017-12-01 11:31:27,2017-12-05 20:38:42,2017-12-13 19:22:04,2017-12-28 00:00:00
351a4161d1abb1089cd923ba455f46cb,137405e93186f07fb1006c5015695907,delivered,2018-01-18 15:26:35,2018-01-18 15:36:30,2018-01-19 22:42:18,2018-01-25 19:22:40,2018-02-09 00:00:00
3612774010df99c2dbad4a7dbebfff59,a400ff8a1b6512b2d1f9fcdaf5e222a6,delivered,2018-07-23 15:59:04,2018-07-23 16:46:00,2018-07-25 16:23:00,2018-07-27 15:32:58,2018-07-31 00:00:00
efdd6716d5125862a11d4e354bd4ec3c,3630110a4717d9f7969032afa285b469,delivered,2017-07-27 22:39:53,2017-07-27 22:55:20,2017-07-28 19:45:45,2017-08-04 14:32:19,2017-08-18 00:00:00
853e167f64c749528b3b531bef12850c,6d1b839adf629f558b435f4a4f3f83a3,delivered,2018-07-13 18:59:31,2018-07-13 19:15:13,2018-07-16 07:31:00,2018-07-24 19:08:57,2018-08-02 00:00:00
39b7a4274b467163628ad2c5736f9209,6c314ea2a148caae05d1a3adcf134502,delivered,2018-03-18 11:23:33,2018-03-18 11:35:49,2018-03-20 23:02:49,2018-03-23 19:58:41,2018-04-05 00:00:00
97ced3e3cf95caad623ab243c019a554,780aeac9aca8a8b475c06d5e58543c9c,delivered,2018-02-08 17:37:00,2018-02-08 18:32:25,2018-02-09 23:06:44,2018-02-28 00:28:29,2018-03-06 00:00:00
3f41fd6ddaad5817115c0d99360ad3e6,decec7e48f3d663f795b78721893f388,delivered,2017-11-23 11:12:16,2017-11-24 03:12:47,2017-12-02 01:58:21,2017-12-11 20:35:56,2017-12-14 00:00:00
6c187850c87a918e0ac628d5ffd4d75a,6b39b1d56b466e46aeb889194235e77d,delivered,2018-04-04 19:51:29,2018-04-04 20:08:43,2018-04-05 19:49:26,2018-04-10 18:07:44,2018-05-02 00:00:00
54aba7d2489d6b8a6bc2fa1a54a1bb69,4b89b43382d62c52876fdc2d67bbaf16,delivered,2018-04-12 15:15:43,2018-04-12 15:30:49,2018-04-13 16:37:40,2018-04-16 14:06:54,2018-04-30 00:00:00
4ec7da00b00c04936796489296dbb9e7,557d2a7a51948f32c7b9027084d8c2c8,delivered,2018-07-26 13:43:19,2018-07-26 13:55:17,2018-07-26 16:03:00,2018-07-30 14:11:52,2018-08-15 00:00:00
508d8fa044fdaa4d8faff57a4e72e64a,1596f3450e07b5743263cf514cb9c829,delivered,2017-08-02 15:34:56,2017-08-02 15:50:07,2017-08-03 20:03:12,2017-08-14 16:59:56,2017-08-24 00:00:00
81039bb5e28d76cd6757558d5800a617,ec91e560b9b86807cdf13ee64279176b,delivered,2017-10-03 02:09:52,2017-10-03 02:23:24,2017-10-04 14:56:16,2017-10-10 20:22:14,2017-10-19 00:00:00
3892e6d2a2c4ac6ff5b68904a08e2099,9bf783bdfc2d399546513a3aaadca64f,delivered,2018-03-24 12:12:45,2018-03-24 12:27:34,2018-03-26 20:34:55,2018-03-31 16:41:43,2018-04-12 00:00:00
65a49f4b0f6710e547044ccfad802e53,f60b5142b9fc8bf70c998e2eb28d9024,delivered,2018-01-29 13:17:57,2018-01-30 05:31:37,2018-01-31 22:58:02,2018-02-01 13:56:05,2018-02-14 00:00:00
37a9cd356ab386c137066c705c927937,7365b52db410252fe2550d7897a79a6f,delivered,2018-02-19 11:32:25,2018-02-19 11:47:37,2018-02-20 19:16:41,2018-03-06 16:36:55,2018-03-13 00:00:00
1ba88e3e2b2311150e8609fbb731ac99,cb3e3dbb6bb631dc9cd99180e55119bc,delivered,2017-05-11 13:46:17,2017-05-11 13:55:19,2017-05-12 18:26:04,2017-05-15 12:06:35,2017-05-31 00:00:00
bc5a4e5f24b16e6c03294f5f113930be,70138f96db51881f3619af1ffd1276ab,delivered,2017-06-27 12:33:47,2017-06-27 12:45:27,2017-06-28 12:41:06,2017-06-29 15:28:44,2017-07-10 00:00:00
4266cc59dbee85121deb59ebfcf36eae,7e4a91675986931608b18f4ade346efb,delivered,2017-10-05 13:16:25,2017-10-05 13:28:15,2017-10-06 14:10:04,2017-10-13 16:59:00,2017-10-30 00:00:00
699d4a05ee53f6603330b248226c6fdc,95eb0667cd630efb5b9b8d31cd52450e,delivered,2017-03-28 13:13:45,2017-03-28 13:25:18,2017-04-05 16:33:21,2017-04-11 14:35:44,2017-05-02 00:00:00
4079df924e51e553825e62f9f8995d59,73f958ad1ba68bf3c7f01cae085ed153,delivered,2017-01-24 14:22:33,2017-01-24 14:30:47,2017-01-25 08:59:17,2017-01-30 10:38:48,2017-02-21 00:00:00
b7b4b4fa31e517b9af7706d637d3de1b,9f56f65891ef11f332bda66952a48874,delivered,2018-08-09 14:52:58,2018-08-09 17:15:13,2018-08-14 18:00:00,2018-08-20 23:48:25,2018-08-27 00:00:00
b6bf0977a04c2f3b84bf63aa0d308b5e,a5fbdec2c17bfe055e28024387bc8f99,delivered,2018-03-01 14:21:25,2018-03-01 15:10:31,2018-03-02 15:53:13,2018-05-03 02:43:43,2018-03-28 00:00:00
9e9bb251429e37919252cfa83702d18e,5afb0d90b4304a930a1fafd5f6188b8a,delivered,2018-07-02 18:39:08,2018-07-02 18:55:09,2018-07-03 12:59:00,2018-07-05 20:37:22,2018-07-24 00:00:00
4f586e2756d31db4f5d770d170dd51ae,9b7822c67a91b431e9254007b587214d,delivered,2018-05-01 20:45:44,2018-05-01 21:12:28,2018-05-03 15:05:00,2018-05-11 11:42:03,2018-05-29 00:00:00
efe9725dbc15f09b8e8b95c6331655ba,32e3df990cf96c966d073b0e42b27cda,delivered,2018-06-01 09:49:41,2018-06-02 03:31:50,2018-06-05 15:15:00,2018-06-11 12:56:55,2018-07-04 00:00:00
ffb18bf111fa70edf316eb0390427986,5c8f393ae866c2a2d2e775dbc2409a59,delivered,2017-11-27 13:29:05,2017-11-27 13:39:22,2017-11-28 22:15:05,2017-12-05 18:38:53,2017-12-21 00:00:00
53e640f0c1485f3c0793cf647b975c3c,98ba5e7a2a5422d51cf5e6317a569549,delivered,2018-05-20 16:19:31,2018-05-20 16:35:20,2018-05-22 07:58:00,2018-06-02 18:46:21,2018-06-08 00:00:00
5418fbfe1d6b9bb5db019dc709dac182,6eaa8d4528e1d01b58e4c64762314c0f,delivered,2017-08-17 18:37:40,2017-08-17 19:25:11,2017-08-18 18:22:41,2017-08-24 11:47:54,2017-08-30 00:00:00
896ebe72d716ef0ff2bf8f7a74c94870,a971ad3dd2bb014f351fdc75305597b9,delivered,2017-03-15 13:57:41,2017-03-15 13:57:41,2017-03-21 15:33:08,2017-03-29 11:42:51,2017-04-10 00:00:00
af44ea15e758ded763d79c76a2354bb4,554d280c6ca30e9c4b2dba7bf368ef53,delivered,2017-12-22 15:07:12,2017-12-23 02:13:29,2018-01-02 19:56:32,2018-01-11 01:29:13,2018-01-29 00:00:00
1fe85ed3aac60c497e9a22a39fcd715a,890397d5fb4326b5d6360d28a3e5f204,delivered,2017-07-06 04:51:49,2017-07-06 05:03:40,2017-07-06 10:51:19,2017-07-18 20:27:49,2017-08-11 00:00:00
7634d13a219590375d843d1680c21e70,dec5253a92372b0843e9c47d24766ea7,delivered,2017-04-08 17:24:31,2017-04-08 17:35:15,2017-04-12 16:25:00,2017-05-10 09:48:33,2017-05-12 00:00:00
11cfb7ef8394269889a34ee7832fe16c,3499bb8409c2d9e2a4aca403d60d4a15,delivered,2018-08-20 22:23:51,2018-08-20 22:35:14,2018-08-22 10:06:00,2018-08-29 19:32:17,2018-09-05 00:00:00
417530b1f1b63eccef9e9a975a5c9a45,cc1c7dd9bad8239fef33da83dd813f3a,delivered,2017-05-09 20:30:44,2017-05-11 04:10:13,2017-05-12 14:10:53,2017-05-19 10:06:50,2017-07-17 00:00:00
ac8f8a6e0d980aae7905fb9b3480078d,c03efef1b396371beb5420daed386df9,delivered,2017-06-25 15:28:35,2017-06-25 15:42:49,2017-06-29 16:42:12,2017-07-07 17:07:54,2017-07-25 00:00:00
ca65e3c6e57d9268c00fd2a65cbd14d0,3ba2431d39a1755e6f02841aec4c098f,delivered,2017-06-06 15:53:22,2017-06-06 16:02:49,2017-06-07 15:12:59,2017-06-08 12:05:56,2017-06-20 00:00:00
909b69f5894c4b1a14264b64f98b4e10,ccfec7e88d306fcd3e0faa0ba235ac7b,delivered,2018-08-03 21:53:30,2018-08-03 22:05:14,2018-08-06 14:10:00,2018-08-21 17:14:34,2018-08-17 00:00:00
454b13a7e00832755bc136026c5d2ac0,f8a7354efb295bc618ca386a32460e0d,delivered,2018-03-12 13:56:33,2018-03-12 14:15:58,2018-03-12 23:11:09,2018-04-04 16:03:40,2018-04-03 00:00:00
4e839b1ce670c701bd83a9d9aeb58969,022bc7ff7c20f7f9343a9fd58bcb3870,delivered,2018-05-01 15:09:52,2018-05-01 15:35:06,2018-05-02 13:51:00,2018-05-07 18:46:35,2018-05-21 00:00:00
8d73d05fe1d2142179985e04712e8485,36edf7315742a7ef878b09d974a697e4,delivered,2018-06-06 22:00:28,2018-06-06 22:12:32,2018-06-07 14:08:00,2018-07-28 16:52:34,2018-07-19 00:00:00
0501724b4f41a7c8ab490d4beacf4d07,6c7036cdcea7624d1a6060bb8a2c72ac,delivered,2017-11-13 17:14:17,2017-11-13 17:27:10,2017-11-14 14:39:14,2017-11-17 22:19:32,2017-12-01 00:00:00
1b5afefbbcfd69807bab110d1ffe7cda,85ef70e333c50fc4d005b3696dd34bf9,delivered,2018-05-07 21:42:08,2018-05-07 21:55:08,2018-05-09 15:09:00,2018-05-24 21:58:57,2018-05-28 00:00:00
0683ead91c16a3b8964141bd93ec4edd,714e373b4d8a9a18a7f5fdb022bafae6,delivered,2018-04-02 09:28:28,2018-04-02 09:48:29,2018-04-03 18:40:47,2018-04-04 19:51:54,2018-04-12 00:00:00
ae6144c470984a7dcd32074f5d981973,cba3093db3baa32369a1d7dec3b568ed,delivered,2018-06-04 16:55:09,2018-06-04 17:10:55,2018-06-05 13:32:00,2018-06-06 16:33:37,2018-06-28 00:00:00
030c7ec55b04c23a239cd70bd9750e18,693183c6c2250fb4f5114820f86791a0,delivered,2017-05-15 21:29:38,2017-05-15 21:42:56,2017-05-18 05:34:54,2017-05-23 17:51:47,2017-06-02 00:00:00
d67954930a77c40b72e9ee69fa019a81,a76357caf01b7c00b203d627378240a2,delivered,2017-08-23 12:59:04,2017-08-23 13:10:46,2017-08-25 11:54:55,2017-08-29 12:21:55,2017-09-15 00:00:00
3aee81e01f24405a40616bee07415a45,3d14e5ffcd2a7d420f8179cef490c08c,delivered,2018-02-13 17:14:48,2018-02-13 17:27:30,2018-02-14 20:33:24,2018-02-22 00:04:37,2018-03-05 00:00:00
4e5128aa6e63f380424a245a12444fae,e6e13fc085719134e62cd5f74902b352,delivered,2017-11-16 14:21:52,2017-11-16 14:35:27,2017-11-17 16:58:24,2017-11-24 19:04:38,2017-12-08 00:00:00
0d758f79408829d623e331723ac19569,a88d6106a6f0351a07bd7c3532e35309,delivered,2018-05-08 23:17:15,2018-05-08 23:34:27,2018-05-09 15:43:00,2018-05-14 15:19:26,2018-05-18 00:00:00
66fc98f7d344e1e2073260292fbe6e4d,c3b9f8382596a16424bf4be335e84fd2,delivered,2018-03-06 07:59:45,2018-03-07 12:35:42,2018-03-10 02:06:54,2018-04-03 14:57:53,2018-04-06 00:00:00
14b0bbcd9df43c7c4f332b485e84faaa,2a16167dcea2edc061e897479c84ad37,delivered,2017-12-10 20:02:42,2017-12-10 20:14:31,2017-12-18 17:19:30,2017-12-27 14:04:13,2018-01-09 00:00:00
78cf50046b61f1f374ab7dc4a12bd20d,52dec57d26ea560ce974dc4afdfd21eb,delivered,2017-08-10 11:31:45,2017-08-12 02:51:10,2017-08-14 20:53:49,2017-08-22 09:49:53,2017-09-01 00:00:00
d5b98f30a5e1df17359cc0588f14b5ae,605290d36a17bf44c7f1cd478338e0a9,delivered,2018-03-20 08:59:49,2018-03-21 02:51:02,2018-03-26 23:19:34,2018-03-29 02:33:33,2018-04-02 00:00:00
ea72383cf738914448322568a400d37c,47316fa242f0c65bec67203b226fc4a7,delivered,2018-02-10 15:14:37,2018-02-15 04:11:05,2018-02-15 20:21:57,2018-02-16 21:05:21,2018-02-26 00:00:00
65d94fd101d96f0d048472f89b348703,c56ac40c3685486f321027a4c3b3adda,delivered,2017-07-10 08:32:20,2017-07-10 08:45:12,2017-07-11 14:52:26,2017-07-17 18:48:22,2017-07-21 00:00:00
3bd3e7a970612f2a863088c909ef42f6,9be137a9e96c87d767e4c400c3e5c628,delivered,2017-05-01 14:02:17,2017-05-03 11:42:45,2017-05-04 09:59:13,2017-05-12 15:11:23,2017-05-25 00:00:00
f432a241fd23667f1e00486f42634d9b,05a0af0b2fb1454dd6d697eca5e7a1d8,delivered,2018-07-27 09:49:19,2018-07-27 10:24:13,2018-08-01 15:23:00,2018-08-06 14:42:37,2018-08-16 00:00:00
698c205b3d4d82b6ddf90c51b96119f2,d8b1dd7d7e9ebb52c8e97ba11e49350b,delivered,2017-06-12 08:57:04,2017-06-12 09:05:18,2017-06-16 13:03:18,2017-06-17 07:51:01,2017-06-26 00:00:00
dfdf713f169a1ba9bbfd41f67179e07a,2946b54f698c047983290dd6af2e1b4e,delivered,2018-04-02 21:36:47,2018-04-02 21:49:11,2018-04-03 20:28:26,2018-04-07 12:51:54,2018-04-20 00:00:00
a7e30722ecb34ffbeb0fb198ff547677,48917c6bc62665546306ddf9da1170f4,delivered,2018-02-08 22:53:00,2018-02-08 23:08:31,2018-02-09 17:59:49,2018-02-16 15:42:37,2018-03-02 00:00:00
eb42c48708824a17f51b6fe934728fe3,869619cca057d589916befa7d5c6a04e,delivered,2018-05-02 21:57:10,2018-05-02 22:35:01,2018-05-03 14:03:00,2018-05-20 17:08:21,2018-05-23 00:00:00
e4125f8d1a61bdeadda581f9b282f7d0,530e4206f359251c5d5a12daec061037,delivered,2018-05-21 10:41:20,2018-05-21 15:32:16,2018-05-22 14:44:00,2018-06-01 20:44:37,2018-06-11 00:00:00
3965d237f920eb15e1f335fa04a352a6,739b17c073548a59b868bcba2fe0038f,delivered,2018-02-13 20:17:10,2018-02-13 20:25:27,2018-02-15 21:12:44,2018-02-16 21:06:13,2018-03-02 00:00:00
6398f5a8f74b7a09697d4417628dd212,39efaf3a07f73a8ffe04a44f61c27fd8,delivered,2018-05-07 10:08:06,2018-05-07 17:17:40,2018-05-09 12:08:00,2018-05-16 16:40:31,2018-05-24 00:00:00
69253c0e2ec746a1f5a1ab71985605ba,53672b98e89f2efc5843c2c0811e8205,delivered,2018-06-09 18:05:46,2018-06-09 18:19:09,2018-06-11 13:36:00,2018-06-12 16:18:38,2018-06-20 00:00:00
d5dd1655174fa071eda9b9d3b6e9e4e5,99e0d264323d48ab8442c307fecfc947,delivered,2017-08-29 18:19:15,2017-08-29 18:30:21,2017-08-30 19:52:47,2017-09-13 21:42:05,2017-09-26 00:00:00
fbffbaaa30f4077e87ec6acdb835b278,a31e61974efff601345e65e5d6b7ff31,delivered,2017-07-30 17:58:26,2017-07-31 07:05:07,2017-08-04 20:04:17,2017-08-03 20:30:00,2017-08-18 00:00:00
6db058553902cd2054887f510d4ecf28,cb1169f09b2fa517b0255a65e31bc9e8,delivered,2018-01-15 22:09:03,2018-01-15 22:16:22,2018-01-17 18:33:22,2018-01-22 17:14:29,2018-01-30 00:00:00
1f612bff4d56e027d312b7e884ed03b1,56199d1df1c8206721f0268522e80831,delivered,2018-08-10 07:46:01,2018-08-11 02:44:33,2018-08-13 10:44:00,2018-08-14 18:52:45,2018-08-27 00:00:00
3e1897c6193a83db67bca47e9cd163f8,83cdba529e4197c9cf79b45fdcb4fbc6,delivered,2018-03-02 15:05:43,2018-03-02 15:29:03,2018-03-05 19:56:35,2018-03-22 20:59:03,2018-04-03 00:00:00
bb23ee96defc419b4137ae66d0c0e44e,31d3659dde39e27a3ad1ffe5335ac5ba,delivered,2017-08-23 16:17:38,2017-08-23 17:34:50,2017-08-30 16:35:13,2017-09-11 21:36:37,2017-10-03 00:00:00
31112043c409fb9c7429a94904d314bd,7cba9d30b0b27d8d6ebf7a7a2a33aef1,delivered,2017-02-06 01:24:51,2017-02-07 06:50:18,2017-02-09 14:41:52,2017-02-14 14:27:10,2017-03-06 00:00:00
7bb9a1e9e98af42c684ed6e737d0209e,aaf1b6203617efde26a4a91a78ee2fc6,delivered,2018-04-18 08:18:57,2018-04-18 09:10:53,2018-04-19 19:28:36,2018-04-26 18:51:58,2018-05-09 00:00:00
07d60a76803db63f0ca6708011e8cf9b,58f28288856f391fd920e892adde9393,delivered,2018-04-13 13:45:45,2018-04-13 13:55:14,2018-04-17 22:08:49,2018-04-28 12:54:43,2018-05-03 00:00:00
f93b3cb75ff8589459a1280b46c3b6b4,5b90f32250ae148d5e833a5add2c9adc,delivered,2018-05-22 16:17:23,2018-05-22 16:57:57,2018-05-23 14:13:00,2018-06-06 20:32:43,2018-06-14 00:00:00
19dfd69e0181a3b819c8de433823ee61,47dcfad9a855e71a4780ea5b464e82c9,delivered,2018-05-02 12:18:10,2018-05-02 12:33:41,2018-05-03 16:28:00,2018-05-08 15:03:16,2018-05-22 00:00:00
dbbed4924867c581971797d61fd69230,1ba528f37985c821f99ecaf28db21d81,delivered,2018-03-26 22:29:08,2018-03-26 22:47:26,2018-03-27 20:56:38,2018-04-04 17:05:32,2018-04-13 00:00:00
28828f489c91c1e32c3840fdd57d5d43,f86df632fc1df8cff19cedf257056e5f,delivered,2018-08-12 11:16:23,2018-08-12 11:25:08,2018-08-13 15:20:00,2018-08-21 20:31:48,2018-09-03 00:00:00
8f3530f8fd2a677f9f081442a10d1ca9,e61468172636d28de88782eb856c7719,delivered,2017-03-06 23:24:46,2017-03-06 23:35:17,2017-03-07 07:32:26,2017-03-14 15:18:04,2017-03-29 00:00:00
b545fbbd1cf26fdd3bbd1dbef6711f5d,c6115051e3b73e42d077737f473a69fe,delivered,2017-05-23 12:14:26,2017-05-23 13:06:03,2017-05-24 15:08:47,2017-05-29 10:04:33,2017-06-14 00:00:00
1164c7cd1bc7ce2567ff3159aa3cc51b,6715bbc64ad26fd7b362df3fb6d78566,delivered,2017-12-18 09:12:41,2017-12-18 10:14:27,2017-12-18 18:35:19,2018-01-15 20:56:26,2018-01-12 00:00:00
22e99a329dbbe2d33ea6b6a46aa7e011,ab7a0ab7334e40030aad571444cf4a26,delivered,2018-04-28 07:47:49,2018-04-28 08:13:20,2018-05-02 14:28:00,2018-05-03 18:36:45,2018-05-09 00:00:00
ff36dfa12cb7e25f1e145ad701e2f994,554821b02a376daf0dbc6a9468c6405c,delivered,2017-09-05 22:06:27,2017-09-08 13:45:11,2017-09-08 19:52:05,2017-09-20 16:50:22,2017-09-26 00:00:00
5297d2383ed2427349be6b01e151ddf7,af9b97ed135fd52d2ada64faf8a659a5,delivered,2018-02-07 09:24:28,2018-02-07 09:35:34,2018-02-07 20:09:16,2018-02-22 19:06:17,2018-03-08 00:00:00
4461758febf28f20a599646b502ddbec,f0f34532c0f49c3a349e2fe20758d1d7,delivered,2017-03-29 10:21:02,2017-03-29 10:30:21,2017-03-30 06:32:44,2017-04-12 16:18:03,2017-05-09 00:00:00
ab0d2dfd951cc21617cac17585f351ab,13ac63cd7d4fb4f7f3a9d07efc803b54,delivered,2018-02-22 09:27:40,2018-02-22 09:49:25,2018-02-22 19:07:58,2018-02-23 22:29:17,2018-03-08 00:00:00
47fd73d4c6ac6514ecb8b7429d90d0f4,ec29b40322baf8525c3d1460ccfb6f14,shipped,2018-04-10 12:23:49,2018-04-12 07:29:19,2018-04-13 19:06:50,,2018-05-07 00:00:00
1d25c59982ba58d4b0868f23c114f4be,310822f701b4f2b70c6d9843a0065078,delivered,2018-04-02 14:02:33,2018-04-04 03:08:54,2018-04-07 01:18:25,2018-04-16 16:38:45,2018-05-04 00:00:00
31b639279dcb50e0d972f6543481e2e0,e192614bed5eb7c4855b7e6ac3bbbd24,delivered,2017-03-13 11:06:50,2017-03-13 11:06:50,2017-03-14 10:06:05,2017-04-05 12:48:39,2017-04-07 00:00:00
2315c6b3f23fdb4ea2dfeaa8f865dc50,826e35bc02d6756a7248bfa8f8fae2cf,delivered,2018-02-01 15:08:27,2018-02-01 15:34:48,2018-02-02 20:45:03,2018-02-14 19:28:34,2018-03-02 00:00:00
740d8c42d095b801a185f7b8aeb4f9b1,905d495c51041b7d72f23d18e6060fb0,delivered,2018-03-14 21:03:17,2018-03-14 21:10:31,2018-03-20 15:35:48,2018-03-28 20:17:40,2018-03-26 00:00:00
d568698e0ce60cca292f739e9a60e8d0,64058e47b0b554f449a7c61c432b56f0,delivered,2017-11-03 08:44:37,2017-11-03 09:06:04,2017-11-08 18:57:01,2017-11-18 01:05:00,2017-12-05 00:00:00
e088317b8ae2544100b69e8e3dd0d3c5,83fecb7abdc00fe32d516ec12625ff01,delivered,2018-02-03 19:47:04,2018-02-04 00:09:38,2018-02-05 17:14:17,2018-02-20 20:09:19,2018-03-12 00:00:00
db5be41fbd2f5f305ddc8ca9c3dc473e,8c60cbeede31c2cc774d1e3077ae9c2b,delivered,2018-01-30 14:32:13,2018-01-30 14:55:12,2018-02-01 17:39:00,2018-03-07 17:33:10,2018-03-08 00:00:00
8377e4fefc687781d0b8b68780e2e584,351fd12ee349b042954f2274be04cea0,delivered,2017-09-29 15:00:13,2017-09-29 15:14:15,2017-10-03 16:22:55,2017-10-18 20:52:57,2017-10-31 00:00:00
f5f23aa3df06d76ce187b4209ea338ea,c1e494d6f24ef8ff4fef378b4faefd2e,delivered,2017-08-20 16:31:57,2017-08-20 16:45:17,2017-08-23 19:09:47,2017-08-24 18:27:31,2017-09-01 00:00:00
0fad48ba2bd342255e22306b075915d4,0e942c2fb7b745fb2cd49f4622b0f5b6,delivered,2018-01-03 09:43:16,2018-01-03 09:51:29,2018-01-05 20:47:48,2018-01-31 16:12:41,2018-02-06 00:00:00
5cbfca5949dfb13ee9e578f34258c821,19dba184dcdce803364d6166413650ee,delivered,2017-06-14 08:37:39,2017-06-15 02:55:11,2017-06-19 13:04:24,2017-06-28 13:28:30,2017-07-13 00:00:00
f8f8dec47bdff39b27b7f270c51977a5,0a7067041afc571451c8425a1e7027f9,delivered,2018-04-13 16:44:53,2018-04-17 06:11:34,2018-04-19 00:11:10,2018-05-12 01:03:47,2018-06-04 00:00:00
abbef8344e1fa422d2c70c1f00ee8317,556ef1455006f752a6a3d432a8a8791d,delivered,2018-04-03 09:52:34,2018-04-03 10:35:14,2018-04-04 17:31:16,2018-04-13 20:32:17,2018-04-25 00:00:00
73adddab7cd7e4f606280f98c137656a,b9f6e6bf653a8bcdae17201cca6f08d9,unavailable,2017-07-11 09:23:29,2017-07-11 09:30:53,,,2017-08-04 00:00:00
50c3d37e28dfce6e14c561271a804112,4821ae6587f647ea233550de71fbc093,delivered,2018-04-09 22:02:14,2018-04-09 23:15:21,2018-04-10 20:02:42,2018-04-19 20:08:38,2018-05-04 00:00:00
b1e786caeddece12e5efd30580eaaabc,7241aae1af5ffcdb5411a9d23be378ea,delivered,2018-04-20 08:04:26,2018-04-24 17:46:25,2018-04-23 12:34:51,2018-05-02 21:38:37,2018-05-21 00:00:00
16841c9446266366004dba2af55469d9,20d4138ec5c459f8c6e823676b3bd40c,delivered,2018-05-21 21:28:57,2018-05-22 00:16:46,2018-05-22 14:59:00,2018-05-23 22:58:26,2018-06-01 00:00:00
89d3b46e266c588a70dcac017b613004,904eeeef5ba22055a58bcff52f0a82e9,delivered,2017-08-18 21:44:58,2017-08-18 21:55:10,2017-08-22 20:04:37,2017-08-28 19:45:31,2017-09-08 00:00:00
b65df09993493fd5f15bef98f1a348fc,684313a21b6b8e984f57771f36d7e03b,delivered,2018-08-15 11:02:31,2018-08-15 11:15:20,2018-08-16 13:11:00,2018-08-20 21:56:29,2018-09-18 00:00:00
5fc65d39393a0107a062195fdc96ad34,b738e54deb887952988fe0b9e7bae515,delivered,2017-08-25 19:11:04,2017-08-25 19:26:20,2017-08-30 16:24:39,2017-12-18 23:19:20,2017-09-12 00:00:00
a492f7ac2f020f3819f95562c5af5849,102d1e447c19b8c08aae5ba8fde0b4bc,delivered,2018-04-14 21:25:50,2018-04-14 21:35:18,2018-04-17 22:48:32,2018-04-18 23:08:26,2018-05-03 00:00:00
8864f53906fdae626b651c2eaa66981b,b2099fe288a182de6bc01a69b3975e8a,shipped,2018-05-04 22:08:40,2018-05-04 22:29:50,2018-05-07 12:14:00,,2018-05-24 00:00:00
98581968a67aa2f3caec55918077f7c4,d3df45df0a0ad1b9cb85d24d84ff9b0c,delivered,2017-08-26 00:59:30,2017-08-27 01:05:09,2017-08-28 14:47:52,2017-09-04 19:14:17,2017-09-18 00:00:00
9d747ac28c9c16805493c802a6ebafff,4ffeacfa8b6ea5a14800c504dad2f46a,delivered,2018-01-18 18:55:18,2018-01-20 09:10:02,2018-01-25 22:06:44,2018-02-01 02:41:15,2018-02-06 00:00:00
19512a70f62306416782f963d55c8b26,e914087f4bedebda8f0dc92e4d095d16,invoiced,2017-01-12 15:05:52,2017-01-12 15:15:10,,,2017-03-02 00:00:00
cfea8d218fdcd01ec074136ce618bda9,65fa4d77ee3d07d58421d02655d671b3,delivered,2018-08-18 01:58:08,2018-08-18 02:10:08,2018-08-20 14:31:00,2018-08-23 19:52:48,2018-08-24 00:00:00
d4d39612c58e84f0170e65b277f676af,223dd22100d71da536fc0535c601591e,delivered,2017-11-30 11:25:11,2017-11-30 11:42:22,2017-12-15 15:33:29,2017-12-22 18:57:33,2018-01-02 00:00:00
8718a4ef6a9e45012bb3e595f0b5286c,56cb51bbf3ef8092a28e4d90f3f00030,delivered,2018-07-19 11:16:41,2018-07-19 11:30:20,2018-07-20 12:42:00,2018-07-23 14:38:47,2018-07-27 00:00:00
b5b0356c157cc9bfa4ec67e43d7abc09,6640da9a0b84cb913692c909108f2dfe,delivered,2018-05-07 15:21:26,2018-05-07 17:17:17,2018-05-09 12:31:00,2018-05-17 21:38:37,2018-05-21 00:00:00
cdeb95d04a566b4de93cb6ae160e1123,1be71d8de2deaa2f0956d9a4feea789f,delivered,2018-02-22 09:11:16,2018-02-22 09:29:22,2018-02-23 19:24:56,2018-03-19 23:05:03,2018-03-26 00:00:00
6f3a2c8b196fb74e743e30c4cfa59ccb,16e8e5c6fdaaee75dd2fbbcf3b94eba5,delivered,2017-10-06 10:40:27,2017-10-06 10:49:34,2017-10-09 18:50:25,2017-10-23 07:57:43,2017-11-07 00:00:00
4e2be877bb8fb4d51fc622a758abb7d9,e7bef903c09a6e9ff6fb5ab8d63dc867,delivered,2017-09-06 22:34:59,2017-09-08 09:24:23,2017-09-08 19:39:53,2017-09-13 18:32:13,2017-10-16 00:00:00
84a82cb26c0c8d39d352cc2912a91d99,e8a66f71ad5ec868c9dee1236ea13cf7,delivered,2018-02-07 12:20:43,2018-02-07 12:35:35,2018-02-09 16:28:27,2018-02-15 22:19:08,2018-03-05 00:00:00
931a7f45ef485e51b067265a84a19d58,e0a3977e540c8d98f1dbd906c712ad33,delivered,2018-03-19 19:42:22,2018-03-21 02:48:54,2018-03-21 18:46:56,2018-03-26 14:49:04,2018-04-05 00:00:00
7ae3a62a49f6479010163c2153e9bece,07baee9bca216c9d7038531952346682,delivered,2018-05-31 12:11:49,2018-05-31 12:30:55,2018-06-12 14:35:00,2018-06-19 21:22:41,2018-07-05 00:00:00
648b4f683ccf074ebe65a73c8096dd18,af31707164ec1f5c09c2bb2749f4f36d,delivered,2018-07-20 11:20:44,2018-07-21 18:43:55,2018-07-26 13:15:00,2018-08-04 18:46:37,2018-08-23 00:00:00
8e9941b8e8a7f1995a71e0b55a74205d,5e227901f5fc992286696b82a67f82a9,delivered,2017-10-02 22:53:02,2017-10-02 23:08:32,2017-10-04 14:44:10,2017-10-09 21:19:10,2017-10-26 00:00:00
b45e0eedd6fb6570b2fc15416a437431,8df60b7d9981b6f6b7875b741d2e13c3,delivered,2018-04-08 00:54:51,2018-04-08 01:10:12,2018-04-10 23:37:35,2018-04-13 01:04:43,2018-05-04 00:00:00
1aee3456393950993d316010ffc4088b,dd4f0fe50c8b7c85ef603903c5e2e383,delivered,2018-01-18 09:26:15,2018-01-18 09:37:27,2018-01-18 19:13:13,2018-02-03 16:35:45,2018-02-16 00:00:00
cf02431ed62ac1e9b3e2572201295463,b6f349df1779e320a4552cef211e5d5e,delivered,2017-12-23 10:07:49,2017-12-27 04:07:42,2017-12-27 18:28:45,2017-12-28 19:49:23,2018-01-16 00:00:00
6d805885f6f2c426c2c589089c9dc332,46a8c0bb60e620c421f5828b3724e633,delivered,2018-01-15 12:50:45,2018-01-16 12:52:06,2018-01-17 16:18:15,2018-01-25 22:06:40,2018-02-07 00:00:00
4fc714d903314beff16d93bd2e75f612,3f63fb49ebef23d07c3ceaf4855572d8,delivered,2018-04-17 18:41:47,2018-04-17 18:55:17,2018-04-18 19:46:24,2018-05-18 21:42:59,2018-05-24 00:00:00
c30f0c45d2f4db0380c100d5193d07bb,240f405164f8742968b0a3b32799317d,delivered,2018-07-08 17:21:36,2018-07-08 17:35:16,2018-07-10 08:52:00,2018-07-14 15:39:21,2018-07-30 00:00:00
4f3fee0fa922d1575e5b0e5f6a160629,5f84815b21791e9b328de9cbc5d74bd8,delivered,2017-07-17 14:20:37,2017-07-17 14:35:18,2017-07-19 17:52:46,2017-07-20 19:04:50,2017-08-02 00:00:00
05ca3bba2e4c3bc5c601b57af96cf3cf,b8cdbd2d79fb877b224b27ff548c297d,delivered,2017-01-27 14:24:28,2017-01-28 03:31:34,2017-01-30 08:34:54,2017-02-22 18:15:45,2017-03-29 00:00:00
982220161ff9c42b0027046477302c9b,312825924a113aa7fc4ee026791455e0,delivered,2017-09-18 11:27:23,2017-09-19 03:44:08,2017-09-25 22:22:27,2017-09-27 20:49:58,2017-09-28 00:00:00
8d5a48899e1fc850ea09b99a03b0e88f,8e15fe472af5cb96afc1bc948b022b65,delivered,2018-08-08 16:29:48,2018-08-08 16:45:07,2018-08-10 15:29:00,2018-08-14 18:31:56,2018-08-17 00:00:00
b2e30468e2617cbbfd33f48dea08e31a,58b6f835fd008037b8161b24b9d346ef,delivered,2018-03-30 21:19:04,2018-03-30 22:07:34,2018-04-02 18:35:32,2018-04-04 23:05:45,2018-04-12 00:00:00
46984ee8227e1926e055327b55ad576c,c1affa46f9f3b514555259049a0307b9,delivered,2017-12-13 17:35:26,2017-12-15 02:17:39,2017-12-19 20:33:02,2018-01-05 22:24:41,2018-01-22 00:00:00
bc9a62db1d9702fe1386b1736e5fe417,fc1785868494a5351ce1056f9aaa1c33,delivered,2018-05-14 22:01:14,2018-05-14 22:15:15,2018-05-15 15:39:00,2018-05-17 18:42:20,2018-05-29 00:00:00
847c4f7a159896d773a9fda57e39963c,d340e6f94b3b66a9ea4f08f257db1889,delivered,2018-03-25 18:29:09,2018-03-25 18:48:31,2018-03-29 19:38:41,2018-04-06 22:06:35,2018-04-12 00:00:00
f7fa5cf8386e51037856df1add3e1228,be22f11baf346059cbe6556ef9c69070,delivered,2017-08-11 13:45:15,2017-08-11 14:04:05,2017-08-14 12:30:08,2017-08-22 20:57:57,2017-09-06 00:00:00
19a7af33e44e10f9660d4f8e9d979651,7aefa0c15552ee42410371aa80e29154,delivered,2018-06-03 20:47:21,2018-06-03 20:55:35,2018-06-05 10:15:00,2018-06-29 17:00:02,2018-07-17 00:00:00
418b064f8c759c498dff85001d3428f7,5eed10cc8c372ca465dd35f531fd0338,delivered,2018-06-04 09:35:03,2018-06-05 09:32:29,2018-06-05 11:51:00,2018-06-11 20:37:42,2018-07-11 00:00:00
672dc03dcc685159a0030d6a0adb95af,61edc0b04b71544bd3c11a085a0e5463,delivered,2017-02-13 11:10:35,2017-02-13 11:25:15,2017-02-13 16:15:27,2017-02-15 16:43:58,2017-03-10 00:00:00
b4eb90d259a894fde9db24f991797b6b,aba01eb10d088b9a4412b060884c5812,delivered,2017-02-12 14:18:21,2017-02-14 03:45:15,2017-02-14 11:19:24,2017-03-01 12:44:03,2017-03-14 00:00:00
4fc3e7aadb8db1172a7c3bbb29d6295d,d71ad0d7565ff4416f25fb0572a31b2d,delivered,2018-06-03 10:41:29,2018-06-05 04:12:46,2018-06-05 13:59:00,2018-06-13 15:48:42,2018-07-19 00:00:00
5d9aa8310b11548297163fbfa1f78184,8b9d825eb2ddca0f1f954bc399afd3f3,delivered,2018-02-19 15:42:28,2018-02-19 17:40:22,2018-02-22 15:43:00,2018-03-02 01:25:57,2018-03-16 00:00:00
93fc25a3df1ceb609f6d18ec3ad2470e,70a7d9a713b9e36b8f59cf061e4060d0,delivered,2018-02-24 20:33:32,2018-02-25 21:08:02,2018-02-27 18:37:42,2018-03-27 00:25:47,2018-03-16 00:00:00
6907ea7150759a085c8ed75a55aeb90d,e69714d6b494f7279512327ebcc01889,delivered,2017-05-17 11:36:51,2017-05-17 13:04:02,2017-05-18 13:27:32,2017-05-22 10:31:38,2017-06-14 00:00:00
e468907336f429e8433655cfcd02aca3,f5fb607023e0fc2c3b8443697e399403,delivered,2017-08-16 19:08:40,2017-08-16 20:25:22,2017-08-18 16:25:33,2017-08-25 18:06:59,2017-09-18 00:00:00
c05b9a60de6b80604843d2f4d40c8a67,559c7dc3c6e74dde85904855ba4160dd,delivered,2018-02-23 13:48:02,2018-02-23 14:09:52,2018-02-27 13:19:52,2018-03-19 18:06:22,2018-03-20 00:00:00
1e73ecf14966e33e06e79c339fb3f7cd,4d6a2339ba829456960bc4a6ac74eec9,delivered,2018-05-28 16:37:29,2018-05-28 16:51:38,2018-06-01 14:09:00,2018-06-08 18:54:47,2018-06-21 00:00:00
9d14efbb0c50e58aa2098e5338df7575,3213a8e8a735e9c3f003f19d6db1287c,delivered,2017-08-24 09:42:48,2017-08-24 09:55:17,2017-09-16 14:42:06,2017-09-19 20:37:57,2017-10-05 00:00:00
dcc529ac8f2824f74ffa4a42dcec638c,14475fadcb86e53123bfbe43d0d69380,delivered,2017-11-29 10:51:21,2017-11-30 02:25:37,2017-12-06 18:39:23,2017-12-19 18:49:38,2017-12-27 00:00:00
8bc835be169be964f492f42b517b0a3c,d9919a807634bcd9e9e474117595f7d9,delivered,2017-12-01 12:30:13,2017-12-01 12:38:39,2017-12-08 03:07:03,2017-12-12 23:24:51,2018-01-03 00:00:00
9e1ec0af4a9a7144a46d158211aaeb12,d23e7476aa196892275c090b88e46355,delivered,2018-07-22 17:25:49,2018-07-23 12:32:17,2018-07-24 12:12:00,2018-07-26 15:55:45,2018-08-09 00:00:00
d5d5a70a76401ecc139ee16c5299df4d,11529689a3fdf79b53cf853daf570b16,delivered,2018-05-23 20:29:40,2018-05-23 20:57:21,2018-05-24 15:14:00,2018-05-30 17:21:33,2018-06-11 00:00:00
b52d00911bca95129c6468a48c807de2,e3594043f88c95220d9cccb2e97708fc,delivered,2018-05-10 18:57:45,2018-05-12 03:35:08,2018-05-14 16:00:00,2018-05-17 20:22:21,2018-06-07 00:00:00
37d3bc50f9b68c2cf127f18154258e47,225b23abfb70a69b61659db685b57bc0,delivered,2018-05-18 12:14:55,2018-05-18 13:05:48,2018-05-18 16:45:00,2018-05-23 13:58:29,2018-05-28 00:00:00
9aa70c8fac4649c143933fedf26730f3,0a2925db137872f11303a21dfde59d99,delivered,2017-10-31 17:05:18,2017-10-31 17:32:17,2017-11-01 21:57:00,2017-11-08 21:39:49,2017-11-22 00:00:00
568392c8ee5c7a3bcb175e386ae76e90,6fc83638ac91b73a1439370e4d95a733,canceled,2017-08-25 00:21:59,2017-08-25 00:30:14,,,2017-09-19 00:00:00
93f0b28291bddb8a70034aa5138ddf24,0bb40a0d7f0a7d3380f5543254ee0dbc,delivered,2017-11-23 19:55:23,2017-11-23 20:07:23,2017-11-28 00:55:45,2017-12-15 20:39:04,2017-12-18 00:00:00
56e2e07e6e0f8e73a5f1c73bcb74f270,2f1be06e5cfe062d929943f22a44e816,delivered,2018-07-05 21:00:51,2018-07-05 21:12:09,2018-07-07 09:17:00,2018-07-12 20:21:22,2018-07-24 00:00:00
7f9bdca299c6f4c8f906bf2d9df27ae0,3a548818d8a92c6e2fe22eca6596148c,delivered,2017-10-27 04:55:38,2017-10-28 03:05:58,2017-10-31 21:08:29,2017-11-08 22:06:44,2017-11-16 00:00:00
a2dbd93b24fc7f52962452e1920d2ec4,a3aff8d67c9d400f130d4c0df6c83939,delivered,2018-07-23 17:01:07,2018-07-24 08:31:37,2018-07-24 07:03:00,2018-07-27 18:31:43,2018-08-22 00:00:00
a939c9ef7e0c882d536f3f6235b3515b,dbb1c3c263d6de50cc802113fc0a8484,delivered,2018-02-07 18:21:31,2018-02-07 18:35:25,2018-02-08 22:33:33,2018-02-09 20:47:49,2018-02-23 00:00:00
b32d875309c45ab9e5217b42c8b9e070,f22dd3455fe4aa5f8f9b54df99d4bce8,delivered,2018-02-05 18:11:49,2018-02-05 18:30:02,2018-02-08 22:53:05,2018-02-27 22:12:58,2018-03-13 00:00:00
91dcd3e6ecaee5bd1d977fefc7b26bb5,8107ef7300d9c68b78a1e6650fd8cc61,delivered,2017-07-23 03:38:39,2017-07-23 03:50:10,2017-07-24 17:26:34,2017-07-27 17:49:46,2017-08-11 00:00:00
f14ad4bdd2fd477e4a9cb6e6c990d79b,3434214025d5538f19d354ec719ea10b,delivered,2017-02-05 19:40:37,2017-02-05 19:55:07,2017-02-06 09:06:37,2017-02-08 16:03:01,2017-03-01 00:00:00
f0da5a090ddf3d220d76c0cd17fb2775,3e447059f00665f172056b3a9a6c1836,delivered,2017-09-05 16:07:07,2017-09-05 16:15:16,2017-09-06 18:06:13,2017-09-18 18:06:57,2017-10-02 00:00:00
14a614ee08193a408e0155cba2279c6a,8916153532206b393aca93fe8081a5b1,delivered,2017-09-21 22:28:04,2017-09-21 22:45:29,2017-09-22 19:32:23,2017-10-06 21:03:45,2017-10-24 00:00:00
6f6ac7ec249334cdbb46329d2a381d81,a16521d3d0a57b3e8d3765268cbbe97e,delivered,2018-01-13 21:59:42,2018-01-13 22:10:20,2018-01-25 16:13:12,2018-01-30 15:36:16,2018-03-22 00:00:00
4370467d3d9de99a4f75e1d8abf9090a,bfeb9df23321749fe2314b8a4925c8a1,delivered,2018-04-13 14:57:24,2018-04-13 15:13:22,2018-04-16 23:52:11,2018-04-23 15:26:25,2018-05-10 00:00:00
bebfce59cea8500ade1ddffe679b422c,01271eb2284947f2e2abbe53fa15730a,delivered,2017-06-17 18:02:28,2017-06-20 10:45:09,2017-06-21 19:03:06,2017-06-29 16:45:56,2017-07-07 00:00:00
125f493c9aa37e5e79a34e7b602da0a4,d516dd286ce60a28390c588e113a6a09,delivered,2018-08-13 20:20:48,2018-08-13 20:30:16,2018-08-15 13:01:00,2018-08-24 14:52:16,2018-09-05 00:00:00
e651ecccf9a0e719ab06620a6944e421,f7f8a220524d56e78d3621f2c47bb90a,delivered,2018-05-14 20:22:09,2018-05-14 20:38:03,2018-05-21 17:24:00,2018-06-07 16:08:57,2018-06-07 00:00:00
eb7469eb92114d9ad0fec862b33ed95d,3234e6c13c6fd6f5697f19fbafe83d10,delivered,2017-09-19 19:30:07,2017-09-20 19:35:20,2017-09-22 16:45:42,2017-09-27 14:22:48,2017-10-05 00:00:00
fe9fae71b4fa7d05f1934adc54391f8d,fa9db18cb6fd65d306a4d710799111a8,canceled,2018-02-15 15:28:12,2018-02-15 15:46:54,2018-02-21 19:59:14,,2018-03-07 00:00:00
53d32a37a873746a00d313f6ae4b54d3,c6cebe6d701f46a67554d705dfadc7cc,delivered,2017-12-13 19:58:48,2017-12-13 20:09:19,2017-12-14 21:28:53,2017-12-23 18:19:07,2018-01-17 00:00:00
c29600634317756bfcf50e9c125f5096,adf1aeb555b2a925a5fde736e8dbdcf3,delivered,2018-03-21 22:46:28,2018-03-21 23:08:14,2018-03-22 18:56:59,2018-04-04 15:19:25,2018-04-19 00:00:00
972f0ddcdeda929765cf56d9b151d013,8fc560ec6db751f25393ee292c5179bf,delivered,2018-05-04 00:12:38,2018-05-04 00:31:11,2018-05-07 12:49:00,2018-05-16 19:47:56,2018-05-28 00:00:00
79f5d148d1ff5ef1e6cbf9ac6d38f7dd,b8784b9b324a424247aa76e81211c4ff,delivered,2018-03-23 18:51:09,2018-03-23 19:08:11,2018-04-04 23:38:49,2018-04-21 16:16:41,2018-04-25 00:00:00
9b9db79c99db350f6f1acf1359e9abc2,da6d503faa3d6dca23421ae57133ecc5,delivered,2018-04-19 14:41:53,2018-04-19 15:11:10,2018-04-27 14:15:00,2018-05-02 18:12:55,2018-05-15 00:00:00
66e8ac9d47e54dcd2dd60c629b309013,213d35a2dc913e03096fde29f8a4aca7,delivered,2017-06-30 23:20:08,2017-06-30 23:30:20,2017-07-03 11:52:56,2017-07-04 13:56:40,2017-07-13 00:00:00
e71f1d602c3b94eb593d48a61a2163fd,7f02a8230a3ff5c0888ea3a2c8ae618c,delivered,2017-09-01 21:42:51,2017-09-01 22:07:51,2017-09-07 00:07:44,2017-09-15 19:42:03,2017-09-29 00:00:00
a7440cf5201c30463ff889fd4a6088ff,782b4c4357dfe07b3677309d0ee61120,delivered,2018-03-29 11:43:29,2018-03-30 11:47:13,2018-04-02 20:37:42,2018-04-05 16:52:12,2018-04-19 00:00:00
5a40c1e92e3512536d5910f21f5e1856,c512d7bc9c2e0fcd3f3d38c15206b052,delivered,2017-08-18 23:10:23,2017-08-18 23:25:09,2017-08-23 18:51:45,2017-08-30 18:34:20,2017-09-18 00:00:00
5c8ce05c64397c5d1c67ab8ab448ed40,fcc3fb30171d96c085ddc50e5809af46,delivered,2018-06-13 09:29:02,2018-06-13 09:56:23,2018-06-13 15:49:00,2018-06-26 12:12:09,2018-07-20 00:00:00
f64e25d4978b16757ebf945e3e00b85e,48bad7bb9763159799f5067cbd3dfffb,delivered,2017-10-01 23:39:26,2017-10-03 04:05:11,2017-10-06 22:44:57,2017-10-13 20:12:20,2017-10-26 00:00:00
d8175252a4e35affdae9e3d36cbe3e83,fac8017d2afbb23689d675200ab9f5d6,delivered,2018-01-26 11:50:23,2018-01-27 11:39:26,2018-01-29 22:16:32,2018-02-10 16:29:05,2018-02-21 00:00:00
3aee056d5b3555ca96a8090761a712b6,4e14f46d40953ed4867254435e69c5be,delivered,2018-08-24 10:35:52,2018-08-24 10:45:48,2018-08-27 15:18:00,2018-08-29 14:24:47,2018-09-05 00:00:00
7f9df823add120adeb81bec9c2c421a0,6e6dc62a9abb771cb96614a627d5cf4c,delivered,2017-09-22 15:26:28,2017-09-23 18:44:28,2017-09-25 14:37:50,2017-09-28 18:48:56,2017-10-16 00:00:00
e94d1eb8ca17c24d3724455962b83532,c342d658b0fb72808f00310ed37e63dc,delivered,2018-02-16 08:07:07,2018-02-16 08:27:03,2018-02-17 00:09:45,2018-03-01 23:21:42,2018-03-13 00:00:00
410e41c4507bab680c202520e09d0f45,9925489a4232af07111f26db403ec8fe,delivered,2018-03-12 09:38:11,2018-03-12 09:55:29,2018-03-15 00:08:48,2018-04-05 23:56:40,2018-03-28 00:00:00
88341acc29a62edca27bdefc22a97670,796250d5ab26277f5ae5951b76056972,delivered,2017-06-28 10:30:03,2017-06-29 10:35:20,2017-06-29 13:58:17,2017-07-10 20:02:53,2017-07-21 00:00:00
a5fbd128ce1d7a0a314bb56704e0b4cf,8de51b724d34d1286822bf919129a639,delivered,2018-03-31 08:45:27,2018-04-01 08:46:52,2018-04-03 12:57:22,2018-04-05 00:32:53,2018-04-23 00:00:00
c51603ecc4ee580792fb5970c88b2421,4336b966ce28726a90ca0dfc3accdfac,delivered,2018-02-07 10:29:39,2018-02-07 10:50:22,2018-02-08 19:39:03,2018-02-24 14:42:27,2018-03-08 00:00:00
500b81d8def329a51bfbf84cfaa693a5,605389b53f86bde02fd2e6a695cc2874,delivered,2017-07-23 10:27:02,2017-07-23 10:43:17,2017-07-26 02:33:18,2017-08-03 15:30:03,2017-08-04 00:00:00
b259e69b3ba911e0517d03ba13aa5b9e,a16e67c974d246977ab8e252636bc1bd,delivered,2017-12-15 23:07:31,2017-12-18 16:12:52,2017-12-19 18:04:14,2017-12-27 17:04:19,2018-01-16 00:00:00
5261141ee2f17f6a0dcb5f7aab6acaec,ec47e17cccb7d09149ab2628270be3ee,delivered,2017-09-06 12:34:47,2017-09-07 02:44:01,2017-09-11 20:59:58,2017-09-13 20:23:33,2017-09-27 00:00:00
d75796c30863b988b36022bb5f1b8e16,1094b61df6105474c8fd6bf2e9df164c,delivered,2018-03-17 11:40:05,2018-03-17 11:50:43,2018-03-19 22:36:26,2018-04-16 19:48:43,2018-04-06 00:00:00
0b127810f86631fa896fd74a421045f8,8324febfdc14e00556da88cb6d151901,delivered,2017-08-28 17:09:05,2017-08-28 17:25:02,2017-08-31 20:36:39,2017-09-05 18:23:22,2017-09-25 00:00:00
31a1a43e09fe1f26cdcb077099cadf82,b6bdcb76ab8bf3b240c3db7974b0656e,unavailable,2017-09-13 14:46:37,2017-09-13 15:04:30,,,2017-11-01 00:00:00
b8358512248715e30bad4e6e7bddd4a8,a6204d88122211f0d1bf6ffc9d5796b8,delivered,2018-04-11 21:37:00,2018-04-11 21:51:17,2018-04-12 17:32:48,2018-04-26 22:16:35,2018-05-09 00:00:00
c4b4d00148bd70871b88bfa8c318b557,53fbb5977b5be09d58bdbf09c0f73f16,delivered,2017-09-18 06:13:23,2017-09-19 03:50:34,2017-09-19 17:09:36,2017-10-03 16:52:48,2017-10-04 00:00:00
f1ed92b2528df59a68e567ead15889f3,0eccbe00ed4a0a2dc61fcf5a3a37d8a0,delivered,2018-07-26 23:54:56,2018-07-28 02:44:36,2018-07-30 12:02:00,2018-07-31 15:50:55,2018-08-01 00:00:00
045797b656bf633566b0bcff412442a3,f8db74f90cb69ee798432c01baf38009,delivered,2017-11-29 11:27:38,2017-12-01 11:32:44,2017-12-02 16:35:35,2017-12-23 01:05:55,2017-12-22 00:00:00
6efbd8421b279564f46ea058cb1f8f42,f959e95df30671a5677044adcc37c138,shipped,2018-01-09 13:56:29,2018-01-09 14:09:28,2018-01-15 22:42:58,,2018-02-15 00:00:00
dfd3adb2216c0276e57ee1560ac58210,874bde568cafaf8bab032b2c4ec6df66,delivered,2018-01-29 14:10:27,2018-01-30 04:31:13,2018-01-31 23:16:43,2018-02-19 15:18:05,2018-03-05 00:00:00
a770d40cdf2c021395ec08fc745da209,cf4271010037d613e43331402384fd04,delivered,2018-04-11 10:46:44,2018-04-12 08:32:44,2018-04-13 18:44:33,2018-05-09 17:35:31,2018-05-07 00:00:00
8a5106f01d5d240ca9e315aaf00b8b6d,bcc66c63c40a91ec968cde5216d0af0d,delivered,2018-04-30 19:28:33,2018-05-01 02:37:31,2018-05-02 14:39:00,2018-05-07 19:11:03,2018-05-21 00:00:00
ae2f641980402067f94b8dae36ea297f,0ffbb5c6cfa7c87b6e40a2d72774ed70,delivered,2018-06-11 06:42:56,2018-06-11 06:57:31,2018-06-11 12:04:00,2018-06-12 23:41:46,2018-06-20 00:00:00
9d38c8920b5f04a68487b50ea022b36f,a7bfceb8895ba1f6c3582fa32fa53bca,delivered,2017-06-28 22:39:04,2017-06-28 22:55:17,2017-07-04 16:33:23,2017-07-10 09:48:37,2017-07-24 00:00:00
57eeb1ae64d1ca34bebe90920670cfb9,d8ca929efa35ce0ce7386db3d0f3f7b2,delivered,2018-08-22 09:16:34,2018-08-22 09:30:33,2018-08-22 13:56:00,2018-08-23 20:42:36,2018-08-31 00:00:00
b9dcd29b81f45fd68a5489a381a5a3fc,ced6cf19feb0014bb0c3d2b41efbafce,delivered,2017-11-06 15:42:01,2017-11-06 21:36:03,2017-11-07 21:07:41,2017-11-30 21:53:51,2017-12-04 00:00:00
310adadfb2b68c5607467e7f7f419491,90038e42991bf6afe44726e2354976b8,delivered,2017-11-24 15:05:30,2017-11-24 17:20:32,2017-11-27 23:18:54,2017-12-05 17:14:50,2017-12-26 00:00:00
c52edad050bea3d2f56fbc6be373c44f,91105b71b2fce387050df6f91fc0fcef,delivered,2017-01-24 18:22:14,2017-01-24 18:35:14,2017-01-25 08:07:00,2017-02-14 17:15:40,2017-03-13 00:00:00
5dbc96f238368d57f89d21fe807f6597,94ecff39a1976a2109c62957ccda22f1,delivered,2017-11-06 16:40:45,2017-11-06 23:31:54,2017-11-08 13:24:48,2017-11-09 20:52:51,2017-11-17 00:00:00
873d881b77cf19f2dc893b76bb10eedb,88baf52788899093fb71f949ca720b96,delivered,2018-01-09 23:05:46,2018-01-10 10:31:55,2018-01-11 17:49:13,2018-01-22 19:49:06,2018-02-06 00:00:00
85dc53a764f73c3d7d067f565a5b4a52,20e9c8c84ad8bd6aaaa1d267e0501b06,delivered,2018-04-25 17:45:00,2018-04-25 17:55:25,2018-04-30 14:26:00,2018-05-08 18:48:45,2018-05-29 00:00:00
eb61a0dc3ba358b0ee217497c460c277,24c8bb9a3191c563c780d12251f1b8ba,delivered,2018-01-12 22:44:44,2018-01-12 23:17:29,2018-01-18 17:54:56,2018-02-02 01:27:52,2018-02-14 00:00:00
7d59ebe884b00b759ca0108a96bfb52f,befd7cfedbfee78c1165d05a1d3c40aa,delivered,2017-12-07 21:47:59,2017-12-12 03:36:26,2017-12-13 21:14:49,2017-12-22 15:17:02,2018-01-03 00:00:00
eb5201600668a3cd864c0b28f54c212a,87cedb842a784e3a1093f953da01afd4,delivered,2017-08-10 17:14:36,2017-08-12 02:55:24,2017-08-14 14:53:31,2017-08-15 17:32:54,2017-09-05 00:00:00
5997512fab61ce978490135668b02aa9,9c159f3aa83cd57f79f8241e0a7f0628,delivered,2018-07-24 16:44:34,2018-07-24 16:55:26,2018-07-25 08:16:00,2018-07-27 00:32:21,2018-08-15 00:00:00
c08f4e8a8abee08ea51d5ead6f24b126,3a3899143b64ff601e69a8ff2b31d7b8,delivered,2018-03-19 04:00:49,2018-03-20 03:28:29,2018-03-20 20:12:39,2018-03-26 18:38:27,2018-04-12 00:00:00
7db9d39a5077a2cbe00cfad310d2a938,c8989858ca604ef323b30deed0422d02,delivered,2018-04-30 15:45:35,2018-05-01 02:10:50,2018-05-02 14:45:00,2018-05-05 16:14:26,2018-05-18 00:00:00
fc94ca74e236e7bad0e7a33cd62dc474,a807bd3f8b7f9925b6eb9d07c0f3387a,delivered,2017-05-08 13:12:30,2017-05-08 13:25:23,2017-05-09 13:27:34,2017-05-23 10:27:42,2017-05-31 00:00:00
92dd2476d7296d1f17c077f2dd00e94d,be474ef1f732070de88e2a9f53fcb7b3,delivered,2017-09-19 20:01:20,2017-09-19 20:10:21,2017-09-20 22:57:44,2017-10-13 23:22:53,2017-10-06 00:00:00
0f1a032292563a581f27eac807f97a05,a110c68760b1054980e969c1c84c58ff,delivered,2018-07-25 21:14:25,2018-07-25 21:25:10,2018-07-26 12:51:00,2018-07-30 19:56:28,2018-08-14 00:00:00
673d4bba118413f2327211eb384501a5,1d613c182f9ed2a229eb3a353a983cfc,delivered,2018-03-04 22:12:59,2018-03-05 15:29:19,2018-03-06 23:21:32,2018-03-19 19:06:48,2018-03-22 00:00:00
7f93c9634dcd85e4d1384f583a74ea58,0be9b4ddd7658cd89af3775f8109da15,delivered,2017-12-05 22:34:56,2017-12-05 22:50:44,2017-12-26 17:17:07,2018-01-03 20:25:24,2018-01-11 00:00:00
f7d88630da18acd4a11e2ade9eb1bb52,c2304c43f9667f96129dc90ed8306804,delivered,2018-05-05 14:32:51,2018-05-05 14:53:34,2018-05-09 15:09:00,2018-05-10 15:19:23,2018-05-15 00:00:00
d189b98b9c4f5325db664c5455fe927c,026eefd00c7aeffb5427f54dd51b6894,delivered,2018-04-25 15:44:24,2018-04-25 16:35:25,2018-04-27 08:02:00,2018-05-03 16:26:36,2018-05-17 00:00:00
4d44c133003f6cbd3274978464e57577,9fe0f9477c980eb8fad60ac72af89fce,delivered,2018-03-21 21:35:37,2018-03-22 02:51:10,2018-03-22 18:38:49,2018-03-27 00:56:57,2018-04-03 00:00:00
21c1039048f32ccc62b779bcfd5ac43d,2438e864016131132168049ad3633da1,delivered,2018-05-02 14:07:29,2018-05-02 16:19:39,2018-05-03 12:45:00,2018-05-07 20:48:29,2018-05-22 00:00:00
7b7e3ed4365b8e1e3f9ad98617b4b64f,4b8e43dd853460f32875d71e31d949ec,delivered,2017-09-04 18:07:35,2017-09-04 18:24:03,2017-09-06 20:48:32,2017-09-20 12:10:48,2017-09-27 00:00:00
e356a4ff99aaf426f6f7dc94c846f398,2cb95d89c110390060d8bd948f5ce047,shipped,2018-02-03 17:55:52,2018-02-03 20:10:14,2018-02-05 20:14:42,,2018-03-08 00:00:00
77787bddc1466e4041a18a6109163e72,378acb1d4018a2ed442626f99a1e68b8,delivered,2018-06-22 13:52:43,2018-06-23 01:00:21,2018-06-25 15:31:00,2018-06-30 14:44:40,2018-07-19 00:00:00
7514404922bc617c41f9b47f003a3350,7a3057da37cb5d48e6f526f1877419a4,delivered,2018-08-20 16:38:45,2018-08-20 17:10:33,2018-08-22 19:09:00,2018-08-24 18:58:34,2018-08-27 00:00:00
082da800c206687336a039aa7269d303,ed18a0580d4fd2ca6fb30b5ecd58b5c0,delivered,2018-05-02 13:10:10,2018-05-02 14:42:51,2018-05-03 08:34:00,2018-05-08 12:58:28,2018-05-21 00:00:00
1d432ff6ecb6a501752815ce48038a89,5036f826fada2fdba151a9112545e883,delivered,2017-06-14 15:47:06,2017-06-14 16:05:12,2017-06-28 10:15:56,2017-07-07 11:41:57,2017-07-27 00:00:00
eaa4712e8612ed4b8989c08e09fee1f7,e1eb93f77c516900843a8b7827abe866,delivered,2017-08-06 12:59:21,2017-08-06 13:40:09,2017-08-08 18:42:50,2017-08-17 16:19:41,2017-08-29 00:00:00
923bd0dbdf3223a889b7548f25d973fc,2225cd8a014f6e1c1bbdab7ee5de2aa3,delivered,2017-08-09 13:04:46,2017-08-09 13:15:16,2017-08-15 21:33:56,2017-08-16 20:23:35,2017-08-22 00:00:00
f26d4637c4f560f72ba7feac1675c100,5ccd6e80fc5cdbdf4da5fe51a3d126d0,delivered,2017-12-02 21:01:30,2017-12-02 21:17:21,2017-12-14 19:19:00,2018-01-17 22:41:45,2018-01-03 00:00:00
41899aec8330792ecbdbeac7eaa6ddee,52a01d34b646d9581ac2464a917ee955,delivered,2018-04-23 19:31:03,2018-04-24 17:17:16,2018-04-24 22:31:42,2018-04-26 22:59:36,2018-05-14 00:00:00
202effd51a18d9717266ec1935672741,13ebf1b1ebcb8ec336d5ca82619ee10f,delivered,2018-07-19 22:24:37,2018-07-19 22:43:04,2018-07-20 10:25:00,2018-07-30 14:26:35,2018-08-14 00:00:00
ec5370bb4b60ece613591700eaf1f5d0,4bcc80146ca13e3d9b20a64dfe874d1e,delivered,2018-01-17 00:20:07,2018-01-17 00:32:37,2018-01-18 19:13:35,2018-01-25 12:19:01,2018-02-07 00:00:00
97400d97515bc5f8457c78d57a53ee5c,358f8584c61ba2913efea575fcbbcf53,delivered,2018-01-26 10:07:25,2018-01-26 10:19:16,2018-01-26 22:33:20,2018-02-08 17:47:33,2018-03-06 00:00:00
9d90f18cbc370ff8636d7b5db6ae36a1,8f2ce98b00c29447f29b7b384c7a9640,delivered,2017-08-15 10:06:25,2017-08-16 03:26:12,2017-08-16 19:54:37,2017-08-28 21:54:32,2017-09-15 00:00:00
43ffc9065f8cc9f90df31987043188d1,6f6da18312d149f2f0c84b624212dc18,delivered,2018-04-20 13:30:56,2018-04-24 18:40:15,2018-04-24 21:06:55,2018-04-25 21:29:43,2018-05-07 00:00:00
076a94fba0a6b3a82345423e9f1bd3dc,b1373bd6563737bf205587f4d78859cd,delivered,2018-02-14 17:28:57,2018-02-14 17:35:37,2018-02-15 22:53:32,2018-02-27 20:54:08,2018-03-27 00:00:00
05739db46faf3be7dfe1b0f0ec37689f,5a39602202cb2bb7fe86f395f7f25252,delivered,2018-02-22 13:18:58,2018-02-22 13:35:21,2018-02-26 09:53:06,2018-03-09 01:22:26,2018-03-19 00:00:00
58b08002b3f04ddb29d32fea1465db0d,cc58f94cf8ce6e65e9cc606564687dc8,delivered,2018-05-09 00:21:58,2018-05-09 00:32:50,2018-05-09 12:26:00,2018-05-11 20:13:34,2018-05-21 00:00:00
94a4c515439bdf79c3380fd5372f516c,da181e0b77b202c246e47de9c723ddf9,delivered,2018-07-21 16:04:17,2018-07-21 16:15:12,2018-07-24 15:04:00,2018-07-26 16:03:47,2018-08-01 00:00:00
3b6ba183ec307f2e980a01e66f596821,55858b24b1b18a4e50fce22b11a761bf,delivered,2017-05-10 18:58:00,2017-05-12 02:55:15,2017-05-15 08:13:46,2017-05-24 11:45:08,2017-06-09 00:00:00
4351905382d9da2470629f5e764540d6,eb85f29a90f996e97213a1f66ec2575b,delivered,2017-08-22 22:46:59,2017-08-22 23:06:58,2017-08-24 14:43:53,2017-09-13 15:23:50,2017-09-26 00:00:00
460c774494e4c1e4a5a4c6f05f29e2c5,d2b75b78a075322d2570b2de5b0d2a57,delivered,2017-08-30 11:41:01,2017-08-30 11:55:08,2017-09-01 15:24:39,2017-09-08 20:35:27,2017-09-21 00:00:00
197979ae89666596c6a65ba20fb220ce,6f66591b4efe7a98a0886c99fb778133,delivered,2017-09-16 20:30:50,2017-09-16 21:04:58,2017-09-19 13:20:01,2017-09-21 17:14:25,2017-09-28 00:00:00
33b0ee1d4d2eb8a3d134a25b7d73bc9d,1759c1aa84b35213f9dfbf0b1c54a51a,delivered,2017-03-12 14:56:09,2017-03-12 14:56:09,2017-03-13 10:45:37,2017-03-20 13:34:37,2017-04-03 00:00:00
38eb06edd481856d589bd3beacced42e,94411d511cb2997df74f9984543492e9,delivered,2018-07-18 17:10:05,2018-07-19 11:55:22,2018-07-23 15:19:00,2018-07-24 13:23:43,2018-08-02 00:00:00
ad6818238027865546d128b11c22061f,8285e4ac7f898cef79ac01ca8db2dac9,delivered,2017-08-28 17:37:12,2017-08-28 17:50:17,2017-08-29 19:55:53,2017-09-04 19:21:51,2017-09-26 00:00:00
56049934681bbcefb4f6707731ba95a8,0e832922e5fe5c68f3122594afd86952,delivered,2018-02-25 14:32:13,2018-02-27 03:10:29,2018-03-01 00:35:22,2018-03-26 22:05:59,2018-03-16 00:00:00
44eacc9d7484241cf20d888aa331b854,a2cb36ff1d8fa877776b2a7db00e79db,delivered,2017-06-12 17:05:47,2017-06-14 02:35:31,2017-06-19 10:51:48,2017-06-23 11:24:47,2017-07-03 00:00:00
bde3f99beee2c5c327b399fb066e85e4,b371b405bf0f7b811b602766c476c8e8,delivered,2018-04-17 15:17:57,2018-04-18 04:15:10,2018-04-19 17:12:52,2018-05-02 15:58:48,2018-05-09 00:00:00
785cf8b7a54061565b6c0cc6cfff956c,66df73c74be57471c69e6e20c9490a90,delivered,2018-04-25 13:22:53,2018-04-25 13:35:22,2018-04-26 09:29:00,2018-05-09 11:12:28,2018-05-28 00:00:00
a72128c306bd3fde78eb4f32b6360d86,0455d45b64061c4e759e04cd9101f5fa,delivered,2017-03-06 13:08:25,2017-03-06 13:25:14,2017-03-06 15:12:22,2017-03-08 09:52:54,2017-03-23 00:00:00
e5ee38b54f1a799f6e122d67768cc1b2,225ebef5545fbebaf3d70c1c460a5859,delivered,2017-12-23 16:28:14,2017-12-23 16:37:23,2017-12-26 18:04:16,2018-01-11 16:13:33,2018-01-31 00:00:00
0e4b1ee38c10f79bb6eaffa7c60ae724,359154f73b6e8ebb538109ed96becdd1,delivered,2018-06-24 11:39:03,2018-06-24 12:14:34,2018-06-27 10:23:00,2018-06-29 20:48:55,2018-07-12 00:00:00
3a0b83e4ea6805a8d9c32b4c13b4112d,610c39e34a4a0f1215329b12d9a506ce,delivered,2017-09-10 19:12:26,2017-09-10 19:30:23,2017-09-12 15:35:07,2017-09-15 18:47:55,2017-09-27 00:00:00
cffa313cdff9d1f11d1a4d18be00369f,77a15f7a0bb69e8b0aecf36b112f9be0,delivered,2017-12-12 23:41:30,2017-12-12 23:49:56,2017-12-21 20:27:48,2017-12-27 17:18:09,2018-01-10 00:00:00
89b8ad4ff7b96f3b514eb7d8c71d771c,52864cff1a756a9d83a2f4ef43e3bc9d,delivered,2018-01-11 14:18:35,2018-01-11 14:30:29,2018-01-12 21:29:16,2018-01-31 11:58:46,2018-02-16 00:00:00
e8fe4d0ad665d8d3978e9a8e1bfcf686,5a16b379b53c2a6628ec9dfcc218bc63,delivered,2017-05-05 20:00:53,2017-05-05 20:15:17,2017-05-11 10:14:54,2017-05-17 10:42:00,2017-05-30 00:00:00
bb5229662821e68be478acdd18eea342,ab8cd40514830fe7877cb2020eec6254,delivered,2018-06-02 12:54:12,2018-06-02 13:10:14,2018-06-06 08:20:00,2018-07-04 12:31:04,2018-07-17 00:00:00
95aadbdbe739cc0dc82c8ae4594c0840,11cf3782d686a2a5ffca194357a9bca4,delivered,2018-06-25 23:40:05,2018-06-26 00:57:42,2018-06-26 14:06:00,2018-07-02 16:22:30,2018-08-07 00:00:00
64cfbc6d10f3a5091889f0fab6233167,3cabcdcf200795a34aea30893f5210c8,delivered,2018-02-20 13:14:39,2018-02-20 13:28:07,2018-02-24 03:44:55,2018-02-27 00:59:01,2018-03-06 00:00:00
b775461d5210de56e464cec14c813e28,59b142799358cbb79e045d6db8cc1ae1,delivered,2018-04-20 08:09:12,2018-04-20 08:32:08,2018-04-20 23:03:47,2018-04-24 21:08:59,2018-05-09 00:00:00
c79b866af7c3d1b58adb819559fc2887,96d08143f5ca32f2205302e4820dd450,delivered,2018-02-21 22:23:43,2018-02-21 22:35:33,2018-02-23 00:42:15,2018-02-28 16:16:56,2018-03-21 00:00:00
38ac0cc1879cabf9cb23a2e8f217acfe,5fc34cc05aae2598fc6100012d44056c,delivered,2018-02-14 13:11:45,2018-02-15 04:40:36,2018-02-15 18:59:12,2018-02-16 19:17:46,2018-03-07 00:00:00
de6208f5005c5c2719228610b5975a5f,95528671663e0810979dfd066156f00c,delivered,2017-10-28 01:02:07,2017-10-31 03:50:33,2017-11-01 18:03:11,2017-11-03 21:19:51,2017-11-10 00:00:00
64abe32989d9bd84b32a370ecbe1cea5,c42878a76e92a46632f248e1f6407d7a,delivered,2018-03-19 11:48:01,2018-03-19 12:10:07,2018-03-20 17:48:41,2018-03-27 19:13:45,2018-04-12 00:00:00
d601e6f65e3bcb215434cc89fd9b2f68,1f644d50069ed395d45d2c18e3e4ceb8,delivered,2018-05-11 17:22:20,2018-05-11 18:07:02,2018-05-15 15:03:00,2018-05-17 23:27:58,2018-05-24 00:00:00
ddaa89a57ddbb5a6a13354725dda9140,c3947473905e62657d38b7459a6a45b2,delivered,2017-11-18 22:47:09,2017-11-22 03:15:30,2017-11-24 18:54:49,2017-12-07 21:42:24,2017-12-22 00:00:00
5e8e7ebdd5b541e43630e5095c5416a4,ebdbec986bf33dc7843681718d382b43,delivered,2018-07-01 21:53:54,2018-07-01 22:10:03,2018-07-03 14:57:00,2018-07-09 19:12:40,2018-07-27 00:00:00
edb858219a0b7155ce5b977c044ef9f9,cea73672ed36824ffda53dada3a1c8ae,delivered,2018-05-21 16:04:16,2018-05-22 08:16:15,2018-05-23 13:01:00,2018-06-05 23:34:22,2018-06-04 00:00:00
5038c933890c38bc50053e46b4abff17,9a9b783d700a575ef15b54a26b76d244,delivered,2017-03-21 20:16:36,2017-03-21 20:16:36,2017-03-22 10:12:48,2017-03-27 14:29:43,2017-04-11 00:00:00
e95356181d857128f9a0eb779ad36381,c537f0d34b6efda16e4fc501fd2c8111,delivered,2017-08-17 14:04:00,2017-08-18 02:30:43,2017-08-21 22:09:03,2017-08-24 21:25:54,2017-09-06 00:00:00
2eeb8e6a0c5f3787936ab06ff6dfc54f,6c3e9edd435212d79004e2328c4fe0ba,delivered,2017-11-06 12:03:52,2017-11-06 14:33:30,2017-11-09 18:14:57,2017-11-10 20:56:57,2017-11-22 00:00:00
a9a6b38d59cf5f6c56d86dc3513a9bb9,19a12c0cac7193deaef2d7040b4f4bd4,delivered,2018-08-20 14:31:33,2018-08-21 04:50:24,2018-08-21 13:51:00,2018-08-22 21:43:38,2018-08-23 00:00:00
adeb027377d94ee52af43ea1f3c53d35,36bce2699b4c741f2bb5676ea3d5aa88,delivered,2018-05-19 10:15:35,2018-05-19 10:30:48,2018-05-22 13:27:00,2018-06-04 21:58:37,2018-06-08 00:00:00
1d45f1b6e12afefd21dbbe53c2b858e4,bd3dc4083da5a8bced4bdf8d47a97b68,delivered,2018-06-19 11:21:42,2018-06-19 11:35:20,2018-06-20 15:59:00,2018-06-29 18:39:55,2018-07-17 00:00:00
f3d5876234a5858786970f692f06c3ad,d904f9160d1d66c620b81536ec9399e3,delivered,2017-11-03 15:56:17,2017-11-03 16:30:26,2017-11-09 00:46:44,2017-11-24 20:29:15,2017-11-30 00:00:00
986dae5bc78169ebbf74f5d5f79924ff,3b6f584d425941c2dd51374691d45dff,delivered,2018-06-05 19:28:28,2018-06-05 19:54:50,2018-06-07 06:42:00,2018-06-11 18:55:45,2018-07-03 00:00:00
91470888d3c2a943e6ca5533ac6d86c1,d6c2bf5d2cbabde0e7c30035efcaed6c,delivered,2018-05-06 11:32:17,2018-05-06 11:50:20,2018-05-09 14:44:00,2018-05-15 21:22:45,2018-06-11 00:00:00
d3244b7027fc12dbc070c6994d29ad50,0d7632a160295b6f335a091a24a15cca,delivered,2017-07-09 16:57:55,2017-07-09 17:10:20,2017-07-10 17:29:46,2017-07-19 19:18:34,2017-07-28 00:00:00
5492e5f6cccb69b3bfb5b0c1242e69b4,b590f36d80cdf38b073103b882dcb2b3,delivered,2018-06-27 14:20:22,2018-06-27 14:32:24,2018-06-28 09:04:00,2018-07-05 14:48:10,2018-07-19 00:00:00
e7b57c0060c5ebff9747044e5bde97a3,2776f550a963e61e066dd72affabfaa7,delivered,2018-08-04 21:59:25,2018-08-07 04:10:18,2018-08-07 18:13:00,2018-08-08 22:14:59,2018-08-10 00:00:00
50013835d7b14aefb452825864d3e414,66ab9fd5f2a463fcfa0995c05f46680c,delivered,2016-10-04 16:08:52,2016-10-06 15:53:12,2016-10-21 14:38:42,2016-10-21 16:19:17,2016-11-24 00:00:00
94257b7c9b794f53994f042c218d8799,6d036be2310d04cd23d731538e7379df,delivered,2017-06-24 19:28:58,2017-06-27 03:55:21,2017-06-29 14:38:30,2017-07-05 17:03:08,2017-07-26 00:00:00
3e361d7bc7d141fa6c9930d4f9572213,12da09f67672845a6146a035833a085c,delivered,2018-06-24 18:56:36,2018-06-25 19:02:34,2018-06-26 06:49:00,2018-07-02 20:48:06,2018-07-25 00:00:00
1c119597703b882a5b24ab9139a9a53a,3b8eb22566b6418053126fb22728bad1,delivered,2018-08-18 10:03:37,2018-08-18 10:15:13,2018-08-23 19:02:00,2018-08-24 15:59:29,2018-08-30 00:00:00
87da4e556d02332032278169c291d571,f2ef84434d98ce96654d95fee7deb7be,delivered,2018-01-28 14:34:04,2018-01-28 14:50:29,2018-01-31 19:48:45,2018-02-02 21:08:40,2018-02-14 00:00:00
86c8154436a001a69512c9275126aea8,02d7783e7f62f71b0209a3157ed29295,delivered,2017-08-24 12:52:32,2017-08-25 02:50:21,2017-08-25 15:46:37,2017-08-31 12:50:11,2017-09-18 00:00:00
19cafdf7469104c432959892a04920a2,99e6d3283c13d53d86d6c0a026fe0bf7,delivered,2017-10-23 13:32:59,2017-10-25 21:07:15,2017-10-26 19:09:18,2017-11-08 22:32:46,2017-11-22 00:00:00
99a2615edee73927284d4b8b81f7f14a,5fc94afe3011b978b89cc74c0a3fd96c,delivered,2017-04-07 23:21:05,2017-04-07 23:35:10,2017-04-10 09:47:38,2017-04-12 09:56:11,2017-05-03 00:00:00
3b3fa4755e2966230cf01bf2899a7b5f,61beb5a6098a8ccbc7c824d315318ec3,delivered,2018-06-11 01:07:54,2018-06-11 01:38:27,2018-06-11 14:35:00,2018-06-16 13:28:49,2018-07-12 00:00:00
3b0a023614a9b0c9d8f4bdbc98bd7b0c,713477f27e9bcb84f9449e11fb6378ec,delivered,2017-05-22 15:14:26,2017-05-22 15:25:15,2017-05-23 15:48:58,2017-05-30 11:33:29,2017-06-14 00:00:00
c6eb12496a2291952b77b1249eaa9a94,d080fa5f9e3d29b16b7f2a70c897188e,delivered,2017-12-02 20:26:33,2017-12-02 20:35:32,2017-12-04 18:06:34,2017-12-13 14:53:54,2018-01-02 00:00:00
616e6d0ca11adb3e6d834612726f67f0,5ea02a7e688f1ce6dbeccc48a7d45003,delivered,2017-11-24 15:54:19,2017-11-24 19:39:20,2017-11-27 20:38:30,2017-12-07 12:03:54,2017-12-19 00:00:00
4ac61ca13c944e7c498a7b0a65f8dcc3,44022acdfb3728a614114a1dd896c8f2,delivered,2018-02-09 16:10:27,2018-02-09 16:29:26,2018-02-15 00:09:39,2018-02-20 00:23:51,2018-03-13 00:00:00
718657cc80e6e1cd6bb1277c4ced4eab,c66f24e36c6fd9e458f4a0dabdeb47d1,delivered,2018-04-29 11:51:30,2018-04-29 12:13:16,2018-05-02 14:15:00,2018-05-08 18:32:53,2018-05-28 00:00:00
68329ea019781f360d7d04e9edd2825d,4add16f5c8c1c24e0ef26730ca5b5d1c,delivered,2017-05-15 00:31:53,2017-05-15 00:46:01,2017-05-16 12:39:48,2017-05-23 14:19:48,2017-06-02 00:00:00
95adaa1525c1ed7ae7e428c561ec0493,31be798fe24a0cae8ce9a780b53d9757,delivered,2017-08-27 12:57:18,2017-08-29 04:51:06,2017-08-29 21:44:47,2017-09-04 19:24:41,2017-09-19 00:00:00
b3e8f5b15b942cacd19dba17d7179867,059899061ea1269601e9beffb8d31189,delivered,2017-08-19 21:08:58,2017-08-19 21:25:08,2017-08-21 21:15:36,2017-08-30 18:35:14,2017-09-15 00:00:00
baa7b830de0ad8d2e0b18ebe21372cf6,c47e44b0ca209929cc67d0e45b62781c,delivered,2017-07-17 20:04:53,2017-07-17 20:15:24,2017-07-18 16:18:08,2017-07-24 15:44:01,2017-08-04 00:00:00
055bef2dbc886956379d21a556e11ff9,c11d593808566de4220559b14b75be36,delivered,2018-01-10 11:40:26,2018-01-10 11:46:27,2018-01-31 19:05:33,2018-02-06 17:27:45,2018-01-31 00:00:00
c96bb2323dfac3672b0a52e5add6b1f8,d73e02185ff717a508033f6befb48778,delivered,2018-03-15 20:33:23,2018-03-15 20:48:45,2018-03-16 20:37:46,2018-03-26 16:48:59,2018-04-05 00:00:00
8d05c02e45305ca61aaa097d40313382,e83d0ca01e9d1634e2005ca703095564,delivered,2017-06-28 18:00:11,2017-06-29 10:05:16,2017-06-29 14:44:39,2017-07-05 17:39:56,2017-07-20 00:00:00
d691a7cd6c98cdda10a6861436c2f000,e89521c12ed7a8a782acfd80881f3b3e,delivered,2018-08-09 11:47:07,2018-08-09 14:30:18,2018-08-10 13:55:00,2018-08-23 01:07:48,2018-08-29 00:00:00
fd03ffe30a095fcca266721a91c74266,5daf11ca34a2ec028a098765aa3c891e,delivered,2017-06-13 18:31:37,2017-06-13 18:45:12,2017-06-19 13:48:59,2017-06-23 11:05:14,2017-07-17 00:00:00
3b4548a30d5cce3104af1dfd6979970d,1ec1d4db9364df06dc16ff3227081aa4,delivered,2018-03-07 14:48:52,2018-03-08 02:11:11,2018-03-09 17:42:44,2018-03-24 22:08:57,2018-04-02 00:00:00
632531ed16e28e070dea1b54fc644fd4,9a03c663828a5e27b87a2cf6371f45bc,shipped,2018-04-11 10:46:44,2018-04-12 05:35:20,2018-04-12 21:58:29,,2018-05-22 00:00:00
91dd888a4b337fbe66398fb27c88a04c,6ea29ae62679c8330d931490b5d00011,delivered,2017-12-13 11:18:13,2017-12-13 11:30:55,2017-12-14 15:36:45,2017-12-19 16:33:21,2018-01-09 00:00:00
2c648e5080cc33426153580987a3494c,94787c7bde8d5f90645991d7d61a0b3f,delivered,2017-09-27 23:34:08,2017-09-27 23:49:18,2017-09-28 17:54:54,2017-10-05 17:55:47,2017-10-23 00:00:00
109a35c1841b46949fe3d7858f67ef1f,b0849c728a665c75ff6656e6b32845aa,delivered,2018-06-09 10:45:43,2018-06-09 11:11:17,2018-06-12 14:15:00,2018-06-16 00:28:36,2018-06-28 00:00:00
17e71fa8bed3ecbe0d18f738ecb618e0,d09f20ff5b8faa599011fab2bf2a1ab6,delivered,2017-08-18 17:57:18,2017-08-18 20:05:11,2017-08-21 13:30:00,2017-08-28 17:12:49,2017-09-15 00:00:00
f06120a41d72cbe0e5d52f7dc5c52072,25eab0a668582f49dec930e94eafa7ac,delivered,2018-07-29 00:47:26,2018-07-30 16:24:53,2018-08-03 15:02:00,2018-08-08 13:56:24,2018-08-09 00:00:00
78be9d9900545877cde2773eb0cb05d7,da874d805c9bee954668d8a5da986933,delivered,2017-11-24 13:46:10,2017-11-25 04:59:23,2017-11-27 21:20:06,2017-12-15 10:28:57,2017-12-21 00:00:00
6c240e91c9702ad9f9837dc329aaf475,a6539a023af66941ded3f5f9a6bdf0b0,delivered,2018-02-17 19:08:27,2018-02-17 19:30:26,2018-02-21 21:27:53,2018-02-26 21:43:39,2018-03-06 00:00:00
ae101f141494b1098855d1145e80341e,d9a4bdd52fc01c93c7807c89e0c67f3b,shipped,2018-07-01 22:22:57,2018-07-01 22:35:20,2018-07-03 13:53:00,,2018-07-26 00:00:00
f01de19516748496ecf55ffc821fad6f,81ac7a23980df2f68aafd3092459d8d2,delivered,2017-11-25 11:38:38,2017-11-25 11:51:40,2017-12-01 00:20:02,2017-12-07 18:35:53,2017-12-15 00:00:00
62a6791b270d5f309cfe9671c0eca61a,42a3b267e4578c806e2f47fd25818af5,delivered,2017-12-01 08:13:46,2017-12-05 04:12:04,2017-12-06 19:43:33,2017-12-18 21:24:56,2018-01-04 00:00:00
47d31d84d5649bc830782ef347952048,3c0ecc8a742c08f13fe380e4a7e5145d,delivered,2018-03-25 18:37:26,2018-03-25 18:50:32,2018-03-28 18:03:42,2018-04-11 00:06:45,2018-04-19 00:00:00
6ddabf2a8041dce9c002843951566c40,b13d2760d38f105bdc7647c63b130e0c,delivered,2017-06-17 14:34:41,2017-06-17 14:45:45,2017-06-19 20:49:54,2017-07-01 11:22:08,2017-07-13 00:00:00
25b0aadbfdbdc6fcc91820762f6aaf35,0d93e3fecae11d6f2348610c93841603,delivered,2018-08-15 22:57:05,2018-08-16 22:50:22,2018-08-17 15:24:00,2018-08-24 00:03:38,2018-09-05 00:00:00
eb515c77499aaed890c1c8e759ec8337,51e9c53f076583fdfc867b55eb64d93b,delivered,2018-02-21 14:20:07,2018-02-21 14:35:38,2018-02-26 21:16:47,2018-03-14 03:22:10,2018-03-29 00:00:00
09e7742cede3e38bad12bf8e4e015d6c,2440bd5050e5264f2759bbdcaaec1b5f,delivered,2018-08-01 22:52:54,2018-08-03 04:35:23,2018-08-06 12:24:00,2018-08-09 16:51:19,2018-08-17 00:00:00
00e4050fe32e786290a29c61141e979f,9732d83dd0a2e6aa4a1ff900eca36c81,delivered,2017-08-12 12:24:41,2017-08-12 12:35:22,2017-08-16 19:03:49,2017-08-24 20:29:57,2017-09-18 00:00:00
560691faf05a5433e9617b9582948175,d6658fb848aa2854c95128fd08d39c52,delivered,2018-05-09 22:32:05,2018-05-11 03:10:29,2018-05-11 15:02:00,2018-05-14 19:27:28,2018-05-17 00:00:00
0e889e74cffcea6930673d6011321633,067ccd26a1e4082be06995121d90c1db,delivered,2017-12-05 09:21:15,2017-12-05 10:48:17,2017-12-06 23:27:16,2017-12-10 14:37:35,2017-12-28 00:00:00
46b3fd7575085d6acefa04739e8c03a5,1c26fa5d7e1d256fb6edecc2084c58ed,delivered,2017-12-11 23:18:40,2017-12-12 00:05:07,2017-12-14 11:38:54,2017-12-19 13:29:28,2017-12-28 00:00:00
5dc05f32211efb743fde17f226adfb6b,d0a06220865cc230d39188471bffd4f6,delivered,2017-08-11 16:25:03,2017-08-11 16:35:13,2017-08-23 20:57:40,2017-08-29 20:42:56,2017-08-28 00:00:00
c546b3619cf94e3bfdffe96c5431122a,440ffdb6d21876debb78e680829db3de,delivered,2018-02-20 14:14:22,2018-02-20 14:30:29,2018-02-26 21:12:43,2018-03-05 15:10:27,2018-03-12 00:00:00
82532c4ff0d663ca01d2a9fb7d7123bd,9342c29170ee859b4ddb776b49fc0058,delivered,2018-02-17 09:10:38,2018-02-17 09:30:25,2018-02-19 23:08:59,2018-03-09 16:08:28,2018-03-27 00:00:00
f6eb8b6dbe3e8d62dfa502ba34413b4c,0efdf64a4ce7cdf1560f30c1aaf777db,delivered,2017-12-18 15:04:49,2017-12-18 15:37:27,2017-12-20 21:24:49,2017-12-27 14:17:08,2018-01-16 00:00:00
17e3d1534284361efd337a39b62cce8d,9f6e2202869cbf505420da86479ee290,delivered,2018-03-07 22:26:54,2018-03-09 02:10:38,2018-03-12 20:57:45,2018-03-27 16:14:37,2018-04-02 00:00:00
145b75a554e404852b520d70c50c9f9c,417caa83b98e9b42752f0e84711fa107,delivered,2018-08-03 21:46:07,2018-08-07 04:31:13,2018-08-08 16:18:00,2018-08-14 19:21:40,2018-08-20 00:00:00
9f6db5df970e4f6210f284243da63804,a8d7ec51a5bea284fa021ca02a441b03,delivered,2018-02-28 07:59:44,2018-02-28 08:10:37,2018-03-17 00:08:28,2018-03-27 16:16:41,2018-03-23 00:00:00
64c4f910545582c5d0fa5bed30292b4c,ef14bc7bc7f8a385f119d6d67e9d7fa9,invoiced,2018-06-03 10:59:22,2018-06-03 11:10:46,,,2018-06-28 00:00:00
f7a395a125a7e8815b2b8c19bcfd6967,0ed7a6b94c234ca60cb9c4812c1fd044,delivered,2017-04-15 18:35:59,2017-04-15 18:45:15,2017-04-19 07:37:56,2017-05-03 14:09:45,2017-05-24 00:00:00
72cf33fff7bb8bd500f48fba15e3d3b8,289b34096f3531130889189eb2f4a372,delivered,2018-02-04 23:26:31,2018-02-04 23:35:30,2018-02-08 21:36:42,2018-02-14 19:16:07,2018-02-26 00:00:00
bc02ddc545587c6eab5bb1a8c6c45f1b,c85bcc5a4c098769d6bbab6b77f61cb8,delivered,2018-01-22 01:13:04,2018-01-22 18:57:14,2018-01-23 23:40:32,2018-02-09 02:43:12,2018-02-14 00:00:00
57d74bf069e210bac3ce7a0892c54234,8ff8e5b0676fc679a45f4fae3854fcd7,delivered,2018-03-07 00:09:49,2018-03-07 16:29:28,2018-03-08 20:01:38,2018-03-18 19:12:35,2018-04-02 00:00:00
a8c92467b395f106cc93c91b6eb782e1,39523c1ff374843be2ac90cae00e8e04,delivered,2017-02-20 21:57:03,2017-02-22 03:22:55,2017-02-24 14:52:35,2017-04-02 09:50:07,2017-04-10 00:00:00
f6aacc375c3b2864cee85090f378312a,6d2a480a3bab280215151ca1060ae429,delivered,2018-03-11 18:52:11,2018-03-11 19:47:48,2018-03-13 22:19:37,2018-03-19 23:32:44,2018-03-22 00:00:00
8ba268235fbb748f118500dc2f8f9781,1e338a26b653fb3389509b3a29e02174,delivered,2017-12-09 21:53:29,2017-12-09 22:10:54,2017-12-13 23:03:55,2017-12-19 22:43:47,2018-01-10 00:00:00
27bef9e280946001761b32ae6463dbe0,226f45581c1b5fe6ab7ac0d9e060a2c4,delivered,2017-08-10 15:28:01,2017-08-10 15:43:42,2017-08-11 13:52:34,2017-08-14 20:47:41,2017-08-23 00:00:00
b5bdf19b8bbc9d7daf5eb8f087a8895e,59ac3b9e18d9d220e42331311e4e29ef,delivered,2018-08-26 22:19:40,2018-08-27 22:23:59,2018-08-28 11:00:00,2018-08-29 17:32:07,2018-08-31 00:00:00
02b57854fda246aca8459d17f5ccbffa,6e09ac4a8bfc2f8b85c97ad3eeddb910,delivered,2017-09-28 13:18:59,2017-09-29 02:14:30,2017-10-05 18:41:33,2017-10-08 14:27:27,2017-10-16 00:00:00
a23fbd072d8da0e629163b930de177c8,5b53e12955fa1570b673247759a6184d,delivered,2017-07-11 14:51:12,2017-07-11 15:05:16,2017-07-12 14:32:51,2017-07-24 21:06:37,2017-08-02 00:00:00
178a419a329f2b4bf50a68f7357f8fce,a6a064b2b06b92a3b264c075a804d4e7,delivered,2017-11-02 23:06:11,2017-11-02 23:15:59,2017-11-10 18:39:06,2017-11-17 19:13:00,2017-11-27 00:00:00
e5f5689b67b74eb43cb33677b9595f5d,80b7b8a1805fa231354410ca34138c7c,delivered,2018-03-07 17:20:39,2018-03-09 02:31:25,2018-03-21 00:04:11,2018-03-22 17:18:38,2018-04-04 00:00:00
d48417cf367104ba861b31d6ef9d9528,ad4c86ef721a1c9933ba224773652bdc,delivered,2018-06-07 16:16:12,2018-06-07 16:41:24,2018-06-08 13:43:00,2018-06-15 18:36:44,2018-07-03 00:00:00
2d7eb01778411aad90ac1f9b50187b07,58744880b7ff3ca8c7f5fdb3c6eee4a1,delivered,2018-03-25 17:23:39,2018-03-25 17:35:24,2018-03-26 20:42:18,2018-04-17 18:07:55,2018-04-20 00:00:00
cc43a0291c8a1508aa42c1f78ddd204a,565673b18f31af7c61f92faa9e228b91,delivered,2017-06-19 11:36:42,2017-06-19 11:50:12,2017-06-21 18:17:57,2017-07-04 14:28:55,2017-07-13 00:00:00
d43df0b37313a8c9a453c321ce6084e5,a7d162019d5a4cfaeb490e2db9b4c251,delivered,2018-08-07 17:34:30,2018-08-07 17:45:17,2018-08-10 14:49:00,2018-08-17 01:58:44,2018-08-20 00:00:00
b10350ed7f626af6db79354ad0e056c1,b877f2518fc1d9824b0da20c2e4b60a5,delivered,2018-05-23 10:05:52,2018-05-23 10:18:06,2018-05-28 12:55:00,2018-05-29 16:40:43,2018-06-06 00:00:00
b6b3f7398f91d01cddd86f40d894e688,5bf2e493a04e3009683b0a6e960bfd92,delivered,2018-07-26 19:28:32,2018-07-28 02:44:40,2018-07-30 13:05:00,2018-07-31 22:32:40,2018-08-03 00:00:00
066e583c1ef730d7f1685807bc618cf7,dfec7cb1347f76c3ce993ccde152e6f7,delivered,2017-05-28 08:42:18,2017-05-28 09:20:18,2017-05-29 12:55:49,2017-06-16 16:33:57,2017-06-29 00:00:00
23922e17c7f2bff630c5cfeff23b1551,0d3377ae70b37bda8cd55a64e69718e4,delivered,2017-12-27 22:50:54,2017-12-27 23:07:59,2017-12-28 15:45:48,2017-12-30 00:02:47,2018-01-18 00:00:00
22cbb862caaa697ec27060c8112bcb10,f624111ab4517b23aab17423cc655449,delivered,2017-08-18 13:21:04,2017-08-18 13:35:13,2017-08-18 20:38:56,2017-09-25 14:10:25,2017-09-14 00:00:00
ba3a3c2c3f3e81e02369b68c93922193,26202d9135bddbb2c51320f58bfbc92c,delivered,2018-01-14 23:29:25,2018-01-16 03:34:49,2018-01-16 20:35:42,2018-01-26 18:06:48,2018-02-06 00:00:00
eec1b2584ccac529785cee8454007b86,a44c6bfa12787e807a919f755419edcb,delivered,2017-05-31 13:23:12,2017-05-31 13:35:10,2017-06-02 15:04:36,2017-06-08 15:03:16,2017-06-23 00:00:00
cc7bd0bcbb309edb2cd6fd9e87e70fcf,ea49739b49be01118317aafb67cfd734,delivered,2018-08-02 19:45:57,2018-08-02 20:03:54,2018-08-03 10:31:00,2018-08-09 00:12:41,2018-08-14 00:00:00
bac2a0865fcd2f0a6d08ea425fd888c3,dbc2118022733d001af07ccb8a0df0d9,delivered,2018-06-04 13:27:54,2018-06-04 13:51:36,2018-06-08 12:45:00,2018-06-28 15:19:38,2018-07-13 00:00:00
61533cd20b6e0d2b003a57dd6b78fddb,b444e11307ca74582c1afbe4fbc3062d,invoiced,2017-12-14 18:53:55,2017-12-14 19:10:24,,,2018-01-16 00:00:00
4f519ece529392f7272828e7c16e1a78,4e58705c154cc734bd02c659f9079e16,delivered,2018-08-25 16:41:38,2018-08-25 16:55:25,2018-08-27 13:37:00,2018-08-28 18:42:37,2018-08-30 00:00:00
1f55d59fd95c97d28af581c3c7b4f267,3950e328dbdb596aeb142021124a6d77,delivered,2018-08-01 23:23:42,2018-08-01 23:35:13,2018-08-10 19:07:00,2018-08-14 15:56:46,2018-08-09 00:00:00
f13d3d8076b01ae10a38dc2b57e9f17b,de1fb762971b0f856211554c3d21d05f,delivered,2017-08-05 15:48:48,2017-08-05 16:03:16,2017-08-07 17:47:34,2017-08-11 19:15:34,2017-08-29 00:00:00
1c6538c8fc11f02d495ed84516f5c645,a3cfe1fa5dc5b58a54aef0aa5da71b45,delivered,2018-04-30 14:17:06,2018-04-30 14:32:34,2018-05-03 15:21:00,2018-06-05 23:21:01,2018-05-23 00:00:00
14cb3b3caf8abdd2361971932a664cf5,20c5793de26452510ca4dd8d6d27ddbd,delivered,2017-11-05 13:43:51,2017-11-05 13:55:53,2017-11-07 17:13:53,2017-11-23 19:59:11,2017-11-28 00:00:00
3ef2e89270f0cb8a5461840c19c713c2,3ab2e37cdcb21e030531f957ebf7037d,delivered,2018-08-18 11:57:34,2018-08-18 12:10:47,2018-08-22 05:13:00,2018-08-30 05:04:09,2018-09-03 00:00:00
b72ec6f8875de6599a06f6bc2ca456f7,cf8b62888bfc40a25e1fa6f34ad8d2d6,delivered,2018-06-18 15:56:54,2018-06-18 16:41:13,2018-06-19 14:13:00,2018-06-25 20:34:44,2018-07-12 00:00:00
dbe0b2da93e4487aef10a366e1aa6efe,23e88ee909789107edba129499a41e22,delivered,2017-07-12 07:44:44,2017-07-12 08:03:19,2017-07-13 02:05:44,2017-07-19 14:53:34,2017-08-01 00:00:00
bbb7e3b704844468f580cf9f68b0ddd5,c79a8458c63c18d441ea3a4430211eb1,delivered,2018-07-09 16:51:25,2018-07-11 03:06:05,2018-07-11 15:03:00,2018-07-12 20:32:26,2018-07-18 00:00:00
542ba8266da1910cd2215aea677465e6,02dc555ff9dbfd338f0206448408c8cf,delivered,2017-12-05 19:05:00,2017-12-05 19:30:48,2017-12-06 21:17:12,2017-12-10 14:17:14,2017-12-28 00:00:00
50bc77ecaaa29748406a1e7fe4fe22fb,e5560d6c017f8554674633d6e42feb3f,delivered,2017-06-27 11:14:14,2017-06-27 11:50:16,2017-06-28 14:37:52,2017-07-03 14:19:30,2017-07-10 00:00:00
a982fa6447231167540497f3084efea4,404ac566795a813df33daf72f98594cf,delivered,2017-12-07 07:18:12,2017-12-07 07:30:00,2017-12-11 17:25:04,2017-12-14 18:24:59,2017-12-26 00:00:00
122d77201f2281c9420f54d73240b310,17123dccf4003deea7415632427c9b49,delivered,2018-01-27 20:48:45,2018-01-27 21:17:07,2018-01-29 23:09:19,2018-01-30 21:13:09,2018-02-14 00:00:00
e005be792ff63719b707213974186c8d,851847baa2edb97deb7a8f7fc0c7df21,invoiced,2018-05-10 16:58:03,2018-05-10 17:15:14,,,2018-05-29 00:00:00
d9e44c3fd2ce16086619f299e92e12d8,213573df8c484028f3492fa3548074da,delivered,2017-05-06 20:11:10,2017-05-06 20:22:14,2017-05-10 10:08:52,2017-05-17 17:34:14,2017-06-02 00:00:00
0bb9de1ada893b1bb35472e2bc19cdd4,d0485f6114ffc58117a0f1086fd80af5,delivered,2017-07-25 14:53:37,2017-07-26 10:45:12,2017-07-26 18:15:43,2017-07-27 20:02:45,2017-08-14 00:00:00
d80776183a62be9d9a9eb2dd9b8e92bb,80fb4591a82a055c4f9c11944ab2abbb,invoiced,2018-04-14 12:13:29,2018-04-14 12:31:53,,,2018-05-15 00:00:00
ca5f84c834ef797682187652a17cf463,7f157d0a78b251ba8904237c0851e3e2,delivered,2017-06-11 21:16:09,2017-06-13 05:05:15,2017-06-16 12:49:26,2017-06-19 15:38:02,2017-06-26 00:00:00
68d8b4fcc77dcd06eecb59b08dc28d15,7cd022f49c80185e8ff8208adf611409,delivered,2017-05-31 22:48:44,2017-05-31 23:02:20,2017-06-01 10:20:09,2017-06-14 14:04:11,2017-06-23 00:00:00
71717b68820ab37f844d6799422804d7,7dbafdf9724d2baeb787a3ed3ebd7bf1,delivered,2017-07-13 21:03:44,2017-07-15 03:34:23,2017-07-18 18:03:07,2017-09-19 14:42:08,2017-08-09 00:00:00
c2ffd2b7ac929dd7d29b32d0c9db8ec2,0c1f4e7cf5b4d4254e19925c2464615d,delivered,2018-07-04 13:05:28,2018-07-05 16:31:01,2018-07-05 17:24:00,2018-07-10 18:57:43,2018-07-26 00:00:00
efa7f60c6fa051986a5d8f220106b74f,a271788c6bad8633d39fac1fb388f677,delivered,2018-08-20 10:39:27,2018-08-20 14:55:33,2018-08-22 14:17:00,2018-08-27 15:49:30,2018-09-06 00:00:00
b29588205754e6941a713c653618a04b,375df09b883bc317143edfa312d37771,delivered,2017-09-12 14:18:39,2017-09-12 14:30:36,2017-09-15 18:35:07,2017-09-21 21:47:57,2017-10-10 00:00:00
9e0ca19fb3cd696e318f58f0613ee8b1,98f2b622ceae79b38a3ae781cc1d968b,delivered,2017-01-30 18:18:36,2017-01-30 18:33:48,2017-02-02 10:43:40,2017-02-07 16:38:08,2017-03-03 00:00:00
00f33ee62c15223679d3550e751c37cd,2c499841f2c353053fd296844c4908f5,delivered,2017-11-25 16:17:29,2017-11-25 16:32:38,2017-11-30 15:25:13,2017-12-18 18:09:50,2017-12-18 00:00:00
64570ade1d7db4b051bf5387c94bc96c,068a6193792ce340374afefa699e8880,delivered,2018-08-17 18:16:56,2018-08-18 02:49:54,2018-08-21 16:05:00,2018-08-22 19:27:38,2018-08-27 00:00:00
2df1ebb1aa609632517182df5fa53a6c,ccd6e76019d2015085616b277a461ba3,delivered,2018-08-15 06:13:58,2018-08-15 06:25:16,2018-08-15 15:12:00,2018-08-16 20:17:54,2018-08-21 00:00:00
654bb3bf5756b75c4b37dd9fd7170cf6,22aa400bd51a0858f743c1e4123d1fd9,delivered,2018-04-30 20:25:31,2018-05-01 03:15:16,2018-05-02 12:44:00,2018-05-11 16:24:29,2018-06-08 00:00:00
bde6e20289749eb6e7fc368efae2b87f,bfac8740e5c2bc66bf3779ac81680d3c,delivered,2018-04-24 17:21:16,2018-04-25 08:51:55,2018-04-25 14:30:00,2018-06-14 19:34:34,2018-05-25 00:00:00
523e4c5c14788a136fa42fa8fadbb06d,67546a73c9ca51d064c316a7fb0c7c05,delivered,2018-06-09 15:08:13,2018-06-09 15:40:07,2018-06-11 16:32:00,2018-06-27 11:52:29,2018-07-30 00:00:00
655b197a54244b0cea99f6e7113b8be5,d5814cdd473ea0c5887755eba601278a,delivered,2017-11-11 11:05:00,2017-11-11 11:15:21,2017-11-16 21:38:36,2017-11-24 21:42:38,2017-12-01 00:00:00
a0e07b356a3bbcc4c780060d24bf5a10,f47753854c975a0f97892fe1ede2e688,delivered,2017-11-24 21:03:03,2017-11-24 23:56:58,2017-11-27 16:57:47,2017-12-05 16:39:02,2017-12-19 00:00:00
cf6452b3b5328de1ec580502fd48fcd7,5928ea9c80d9614d8a17a6e4f13de9ee,delivered,2018-08-25 17:01:09,2018-08-25 17:15:20,2018-08-27 14:24:00,2018-08-28 20:15:49,2018-09-19 00:00:00
cface3d9f0cffca04d1a90e042db06a3,c91b4e8ba054b6bd242bb17bcf7913bb,delivered,2018-05-10 00:18:58,2018-05-10 00:34:07,2018-05-12 08:09:00,2018-05-25 17:21:26,2018-06-05 00:00:00
e59c78cfad351e5c5f726c16b424eab8,3224eb35bd48becd010cc9ce820974d5,delivered,2018-04-13 15:21:31,2018-04-13 16:13:13,2018-04-16 15:02:48,2018-04-25 14:49:08,2018-05-21 00:00:00
decd1adc7d738abad2902c966c3ef697,f8065481b7b66b8eda00febe4e98c61e,delivered,2018-04-18 15:40:53,2018-04-19 15:49:01,2018-04-20 23:16:45,2018-05-01 15:04:50,2018-05-16 00:00:00
f20142c58be62ba5f9175df74670dcb5,97017b21b91c3f6d661ccaceee407af9,delivered,2017-03-27 21:33:04,2017-03-28 03:56:27,2017-03-28 14:16:44,2017-03-31 10:53:15,2017-05-03 00:00:00
2343154aea8ab8651aa8c95f4ec40846,fb3ccb2a75623bfc0465582ad7183f84,delivered,2018-04-24 11:14:29,2018-04-24 18:56:37,2018-04-24 23:17:31,2018-04-28 15:12:45,2018-05-16 00:00:00
b81a52facd8a7b45a8227755b5578bb5,5948ff4072bd82cda63daa1eb382e9a6,delivered,2017-07-15 17:37:28,2017-07-15 17:45:18,2017-07-17 19:52:48,2017-07-24 17:16:28,2017-08-18 00:00:00
9b9aa5db72804ef29d7a80d931b6acc4,5665039481515f466963672ab6a5c743,delivered,2018-03-08 16:21:09,2018-03-08 16:55:55,2018-03-09 22:31:57,2018-03-17 14:05:38,2018-04-05 00:00:00
3dfed5df223cdf779934a6ee871638b8,8e13b94866f3b17a0b57139b90df1a4e,delivered,2018-02-20 09:34:24,2018-02-21 06:20:11,2018-02-21 20:12:12,2018-02-28 21:42:30,2018-03-21 00:00:00
e731304a0fda25d2138155bbfe558bd7,06b1a1aa298eda35cabb263be4848848,unavailable,2017-11-28 19:00:04,2017-11-28 19:11:32,,,2017-12-18 00:00:00
79628bec05987a8b38465bfb42775c11,0bc0e9e36ef7cc3a227078978ea75d43,delivered,2017-09-20 00:01:18,2017-09-20 00:24:42,2017-09-20 22:03:50,2017-10-02 21:04:22,2017-10-09 00:00:00
615138ca15a2a7fe3059d1fd8ac364e5,7b92748fe6ba57a8dc7ca8d421790d16,delivered,2017-11-18 11:48:52,2017-11-18 12:06:50,2017-11-21 16:09:07,2017-11-28 21:17:00,2017-12-12 00:00:00
973b7f50240979971b3f5f8913d09e23,12e248f83f2e7d0dcf7ab2dd25e3e609,delivered,2018-01-26 19:50:57,2018-01-26 19:59:21,2018-01-31 14:55:14,2018-02-03 00:06:48,2018-02-09 00:00:00
384ccfc60303d6c6cc45651300f67a7e,789df2af56cf6cc537c07d65850675e5,delivered,2018-03-26 12:39:35,2018-03-26 12:50:28,2018-03-28 19:57:26,2018-04-11 18:58:30,2018-04-24 00:00:00
dd50520e43525f813b7b2de2422b29ac,9decfe914680409a310e0ecf933e4d48,delivered,2018-07-22 18:19:08,2018-07-23 12:32:14,2018-07-24 12:43:00,2018-07-25 15:56:27,2018-07-31 00:00:00
da7843573e4914d76380f7f0a86995a3,623c17e07c5e96500e6d27890ed8e15e,delivered,2017-08-18 16:58:56,2017-08-18 17:30:19,2017-08-30 18:23:47,2017-08-31 20:15:18,2017-09-13 00:00:00
d5f3b6e7ae8e5aa83021d755e9e2c451,cf114462e0c03dc644e1235123758153,delivered,2017-11-22 21:16:35,2017-11-22 21:26:35,2017-11-23 16:07:06,2017-12-07 10:04:08,2017-12-21 00:00:00
4a71c671955d20b872ceb6758387a3e5,a62372744da29668e0df550c55655cf4,delivered,2017-11-28 21:53:20,2017-12-01 12:31:31,2017-12-07 19:49:03,2018-01-08 18:22:45,2017-12-19 00:00:00
63df9c400a34f212a2b147cec366dfa9,66864c22377ac8bb2a1ce9ecef8f1f7e,delivered,2017-12-05 16:36:42,2017-12-05 16:56:29,2017-12-07 02:08:54,2017-12-28 20:53:19,2018-01-05 00:00:00
526fc45095e2adeba18063d4c0700d3c,3e1b1881c962d19e237ea65b3f06fdaf,delivered,2017-10-04 13:12:00,2017-10-05 02:44:40,2017-10-09 21:35:59,2017-10-18 22:22:17,2017-11-06 00:00:00
c96209cd1d43d071d3bdf48d299b7aa5,06cd112a475fd4d834eff32968147050,delivered,2017-01-05 15:37:58,2017-01-07 03:45:27,2017-01-11 15:47:40,2017-01-16 15:18:08,2017-02-13 00:00:00
a0ef08378f02efac03e5905cccb1644d,16cd8b1c85d5f1e24bf0d47a9056eac8,delivered,2018-05-20 12:55:33,2018-05-20 13:10:29,2018-05-22 17:05:00,2018-06-16 00:36:30,2018-06-07 00:00:00
78ebe5bf2d56685f5b1e6895cfd941e2,90924f3be1f51b95a42a023072592755,delivered,2017-05-21 18:11:11,2017-05-22 18:22:46,2017-05-24 12:14:23,2017-05-25 13:41:54,2017-06-05 00:00:00
db0335818a0e49d9d5bbe1ce0a99310e,8e9bad01be77e446634b85d8b7261ef9,canceled,2017-11-15 07:45:44,2017-11-15 07:55:26,,,2017-11-30 00:00:00
7748d80d05e319f5be1fa102c4c33886,f01420e1e93a5d587f0e5b63bb9a83f4,delivered,2018-03-25 17:23:26,2018-03-25 17:35:27,2018-03-27 04:08:55,2018-03-29 15:05:54,2018-04-06 00:00:00
8ad2cc00eef89bdf0cb90d5bff14d90e,315cc3a08ccf817f0ef2437d5c57bace,delivered,2018-01-31 16:13:00,2018-02-01 03:12:30,2018-02-01 17:15:50,2018-02-19 17:37:11,2018-03-08 00:00:00
33879dc5903bc67030ad66df59c6aa4c,3f598829e053eb7da1ecb6ac78378310,delivered,2018-07-12 14:14:51,2018-07-13 15:04:09,2018-07-16 13:37:00,2018-07-24 12:11:57,2018-08-01 00:00:00
0b40648d6c533ac73822cb32caf5cfa3,7010333c051d9116f2df834f27ed380f,delivered,2017-08-15 11:08:17,2017-08-15 11:35:11,2017-08-21 15:14:51,2017-09-14 20:17:02,2017-09-15 00:00:00
93c37018f6965594a445636285767c52,e5ab8e98638fb9fff7458efce3a61325,delivered,2018-06-06 15:07:13,2018-06-07 03:12:29,2018-06-07 20:07:00,2018-06-08 23:05:53,2018-07-12 00:00:00
3b075cdef3ce549b7e7b8d6b4678ebd8,4d241930b5a4587fb9738efd3a3ee4fa,delivered,2017-11-29 22:12:59,2017-11-29 22:39:57,2017-12-06 11:27:00,2017-12-11 16:53:21,2017-12-21 00:00:00
a85ce89cbcc514dfe135de0036be45db,4457d60c844b9cec4abec3a9507f23a5,delivered,2017-08-21 16:17:56,2017-08-23 02:50:25,2017-08-23 15:33:02,2017-09-19 10:52:56,2017-09-13 00:00:00
0f769c3e8665e800faa37fd711fee252,d3fa29ddb32982917d99b75a422e7e2a,delivered,2017-11-24 09:47:20,2017-11-24 11:13:33,2017-11-29 00:11:19,2017-12-01 00:48:36,2017-12-14 00:00:00
f2360b8c94f4bc5d80a4010d680ff61d,124b57305a3e815c25f7e2f5f53d8c79,delivered,2018-04-11 20:21:10,2018-04-13 02:15:33,2018-04-13 22:58:39,2018-04-23 17:57:39,2018-05-08 00:00:00
96cc8c42014ddb42a775da9a45ae3f76,a996449b1a83201ba86b95b20cfed295,delivered,2018-07-16 20:34:58,2018-07-16 20:45:18,2018-07-17 14:23:00,2018-07-24 18:28:50,2018-08-03 00:00:00
c22cb502f983d9e8e08a8b6cf5e78727,68e503ebee5eda0752c5786383d3969c,delivered,2018-04-23 13:40:37,2018-04-24 18:19:24,2018-04-24 18:46:44,2018-05-02 19:21:23,2018-05-17 00:00:00
2081951727bfe945199ff7bea30cbd1a,eed088d4b99839a66f46721d55b7f388,delivered,2017-04-13 13:15:22,2017-04-13 13:25:16,2017-04-17 13:49:47,2017-04-27 14:11:45,2017-05-15 00:00:00
94c71635b9b6045f84dd6cdfd105d2ce,df8ba36985499adbec368f3486626d25,delivered,2017-11-01 21:31:57,2017-11-01 21:45:22,2017-11-07 19:08:50,2017-11-11 12:41:16,2017-11-29 00:00:00
3b217ebe4d179dfb38b00c9047569dd9,3936d43a9f6abb98e86943c6c7e5de2b,delivered,2017-06-26 12:41:29,2017-06-28 02:25:26,2017-06-29 10:55:54,2017-07-05 12:51:48,2017-07-21 00:00:00
1bbf8613dbcd3a94228f1a5aa30cdfe6,67b3adaaaf04d61ffd3fbfafc0d6ea74,delivered,2018-03-05 08:54:59,2018-03-06 04:20:32,2018-03-07 15:05:22,2018-03-16 01:06:46,2018-04-04 00:00:00
7f55441ba7752b1d62a6865091ed18c4,551105c58d9e76aaa04e67d90d1deff4,delivered,2018-01-11 22:21:10,2018-01-13 02:31:34,2018-01-15 19:10:46,2018-01-19 21:18:28,2018-02-06 00:00:00
f6586a410980be02b8a408eb2d0a5c21,ca5c87a30556fbad0671e0b2f9a57915,delivered,2017-05-16 22:42:57,2017-05-18 02:15:42,2017-05-18 14:49:26,2017-06-07 08:48:00,2017-06-22 00:00:00
0655a10c9ee5cb0fa451edebb94102be,3727a3314490e397e94c7d276ba8aca8,delivered,2017-12-30 20:37:52,2017-12-30 20:49:21,2018-01-04 23:09:08,2018-01-08 22:36:39,2018-01-24 00:00:00
08f70652fecc748f3ab45ccaac355cb1,6fd906d0a040625ef90f40d64c601cb3,delivered,2017-10-09 22:08:45,2017-10-09 22:26:23,2017-10-11 13:37:36,2017-10-17 18:27:29,2017-11-06 00:00:00
f8d18c37a2ae5b1c3f3ec8002a0d0cc3,de8b77d620db2066418a56ce3a1d4f81,delivered,2017-06-29 17:19:23,2017-06-30 03:10:18,2017-07-05 12:25:15,2017-07-07 17:12:04,2017-07-12 00:00:00
519203404f6116d406a970763ee75799,1c62b48fb34ee043310dcb233caabd2e,delivered,2017-08-05 08:59:43,2017-08-05 09:10:13,2017-08-07 18:50:00,2017-08-09 15:22:28,2017-08-25 00:00:00
96acc057158c055d3508b8379df12cea,d29d92e86e87e8732c9558570df752ca,delivered,2018-07-10 09:46:48,2018-07-10 09:55:16,2018-07-10 15:06:00,2018-07-13 00:06:52,2018-07-18 00:00:00
8208bbf85f1571dd07e86e66adddc395,2d66a2bd5d2f5e44de62a3d365b5fd13,delivered,2017-07-04 15:24:40,2017-07-04 15:35:10,2017-07-05 12:25:51,2017-07-11 20:35:42,2017-07-24 00:00:00
90feb1846fa42bbfe6d411d2d018d194,02afc864fbc233378368b0c0980f576c,delivered,2018-05-23 12:38:04,2018-05-23 12:54:49,2018-05-24 13:23:00,2018-05-25 14:12:05,2018-06-08 00:00:00
e7e81487cee935dda2f15d591657bab2,0c2d410b960c5762f9c574cf779cbc02,delivered,2017-06-11 13:21:04,2017-06-11 13:35:19,2017-06-13 10:26:50,2017-06-14 12:45:03,2017-06-30 00:00:00
9c2ee43dbe7a65d216e05e432da1f3c2,c3fca3a8fb26d630358f6efa310f5cd0,delivered,2017-08-14 11:04:20,2017-08-14 13:31:45,2017-08-15 15:33:15,2017-08-18 19:41:50,2017-09-06 00:00:00
2f7686472526a14dea7833c54aea6a70,90e96fc65e2b0b97264512ed783f86e4,delivered,2017-11-25 18:35:17,2017-11-25 18:51:47,2017-12-06 03:52:05,2017-12-16 00:22:08,2018-01-02 00:00:00
f8ff7718b4af94066e8301cc10c1cb7c,f6814eb4c562f4fccdfb7f5fd1ef7335,delivered,2018-05-07 11:00:51,2018-05-08 04:55:27,2018-05-08 14:14:00,2018-05-17 22:12:44,2018-06-01 00:00:00
90214a4751f75ee8783bed5037f9b0db,a782abb7735faf6aae9beef3c0fb03eb,delivered,2017-08-07 19:27:17,2017-08-07 19:35:16,2017-08-10 15:17:49,2017-08-17 16:57:51,2017-09-06 00:00:00
2e66dd346593941760c467271183f53c,d0af0c50613380ca60a62b618f159a6d,delivered,2017-05-21 18:49:12,2017-05-21 19:03:34,2017-05-23 15:49:01,2017-05-31 09:04:17,2017-06-13 00:00:00
b3edcb85453179d7aff0cc5180ef4880,a0c67776c295e9b4a2b4884c6a24c76a,delivered,2017-04-20 12:47:52,2017-04-20 13:10:28,2017-04-27 11:08:34,2017-05-19 05:27:35,2017-05-29 00:00:00
2b161ac439724fda87d03abf890234b5,a249aacfc4fe9ddca6b51c542c60e7ce,delivered,2018-08-14 22:53:03,2018-08-14 23:04:03,2018-08-20 11:46:00,2018-08-23 17:45:52,2018-08-30 00:00:00
5a176f6453eb05d7087014b012940727,e5bce7b172f1147a069faf1b9ba56d96,delivered,2017-11-23 19:21:19,2017-11-23 19:33:02,2017-11-24 23:18:36,2017-11-27 19:38:36,2017-12-13 00:00:00
c5b8e6bc67cded6cf23ac6fe3ba57d02,dd97288d2d72ce4794ef298dd308e1e3,delivered,2018-04-30 10:55:09,2018-04-30 11:11:13,2018-04-30 15:09:00,2018-05-07 14:17:37,2018-05-25 00:00:00
c5f102432d2d19f7bb18da99dc9456f2,a76f96039659c775b20e3c92888f4aa5,delivered,2018-02-02 14:58:49,2018-02-02 15:18:11,2018-02-03 14:43:55,2018-02-07 19:51:44,2018-02-26 00:00:00
40753325f836f577dd8bab3f0e5807e6,e13f009104ff6db9e8722ff60788a3c7,delivered,2018-08-16 20:34:10,2018-08-16 20:49:42,2018-08-17 14:43:00,2018-08-23 00:12:09,2018-08-27 00:00:00
100782076fba4576e769cf3d0a6aafd7,82da44fcf645d90efd687532e453b681,delivered,2018-02-20 15:59:26,2018-02-21 06:10:05,2018-02-21 19:28:04,2018-03-02 15:18:54,2018-03-16 00:00:00
c513aa3d06f7b36a3e3a95d73e91374b,75d15ae1dea3e7bfb4f9da6a616f3e8c,delivered,2017-07-05 14:30:37,2017-07-06 03:23:49,2017-07-07 20:48:34,2017-07-17 17:04:27,2017-07-27 00:00:00
6a77d42bc7b71e63ef4a9209e2a3ce74,af4b49ff1d866fb55f0550973e676ba3,delivered,2017-11-22 14:46:56,2017-11-22 14:55:27,2017-11-24 20:51:58,2017-12-02 16:28:55,2017-12-11 00:00:00
513d0aea6e84d49ab30dda9ab70053b1,09703c9d52696df6b0c0f4dd1c8729f8,delivered,2017-03-15 08:08:39,2017-03-15 08:08:39,2017-03-21 03:08:12,2017-03-23 12:58:35,2017-04-05 00:00:00
c2646971872aa9667e99e3b4545dc747,5745218a667013d784c68fdc707cdd16,delivered,2017-10-16 11:32:05,2017-10-17 11:45:19,2017-10-18 18:32:33,2017-10-26 20:55:17,2017-11-10 00:00:00
0cf808a0c021f642770317ad30665b02,5722fd06493f8c727ba151a2e0bc40f7,delivered,2017-11-08 18:40:21,2017-11-10 03:06:58,2017-11-10 20:17:03,2017-11-17 19:53:34,2017-11-30 00:00:00
0e252f244129af793f666f4b89a83478,2c24d7d6e7ef2aac9dadd2152b12e072,delivered,2018-06-12 11:26:51,2018-06-13 02:59:26,2018-06-14 16:27:00,2018-06-19 20:34:45,2018-07-04 00:00:00
66a78e85c6861534eb1d18df457530db,f2e41456f21d09a4a1177f2f24ef26c5,delivered,2017-12-04 11:48:54,2017-12-04 16:31:02,2017-12-05 19:12:36,2017-12-19 17:36:51,2017-12-27 00:00:00
99ed5bfea4c7e7191a2412698fc7abbb,f8ead8fa77e496442ea34c58340a7f5a,delivered,2017-03-04 10:22:53,2017-03-07 04:23:25,2017-03-08 09:42:43,2017-03-22 10:16:01,2017-04-12 00:00:00
f00f18b889a2223a359c04fb790de5c9,0126adf5308223f7cba2e84f97ac0d9b,delivered,2018-01-09 23:15:23,2018-01-10 10:31:51,2018-01-10 17:18:40,2018-01-15 17:07:08,2018-02-08 00:00:00
4722880b47a0cc081c878a5a1ba8fc21,f60469d80235aa2920161757357321ac,delivered,2017-10-04 09:10:06,2017-10-04 09:28:11,2017-10-05 22:32:37,2017-10-09 18:35:51,2017-10-31 00:00:00
c8ff0e33e2f8df953767f28065a3a6e0,5ff80d15decad784ce17e900e5538412,delivered,2018-06-07 22:02:48,2018-06-07 22:16:20,2018-06-11 12:02:00,2018-06-23 15:15:36,2018-07-25 00:00:00
54740211161142390c454785bc1e9fbb,ae2e3ea908fd49252f4ffa4ef16c5988,delivered,2017-07-16 14:14:35,2017-07-17 14:23:12,2017-07-18 18:44:41,2017-08-01 18:29:43,2017-08-14 00:00:00
31ccabaa81946cc788f8ee01c7fc5525,c158125265d0f5dbe154dcab88dcf37f,delivered,2017-03-17 19:53:42,2017-03-17 19:53:42,2017-03-20 10:14:14,2017-04-03 16:00:07,2017-04-11 00:00:00
ba6599a593f0007d9c2ccba953adf20a,fd05d735f77ead5f285db7dc288d65d5,delivered,2018-03-16 23:05:40,2018-03-17 23:08:42,2018-03-21 15:38:39,2018-03-23 20:34:10,2018-03-28 00:00:00
dfaa4ce943a8dba10b754befb76fdb49,dcb6e7bc4e65d815025d0aa14349a4ca,delivered,2017-11-26 15:11:19,2017-11-26 15:17:28,2017-11-27 17:11:17,2017-12-02 16:39:45,2017-12-18 00:00:00
228aea2abce77cb021f85db4a81df1bd,89a482b543077d77ed7aab69e3f1d985,delivered,2018-03-19 10:10:12,2018-03-19 10:27:16,2018-03-19 23:28:31,2018-03-20 16:25:57,2018-03-29 00:00:00
eaa1ec29e80922b380dab691b8bd458a,83e73ddec875e2e8165a939b585b3c2e,delivered,2018-04-13 11:43:45,2018-04-14 02:15:26,2018-04-20 01:48:43,2018-05-02 19:08:54,2018-05-16 00:00:00
1e7d25f611e794f9614dd3e10a8596e7,8be45a1114ff0e79615f7b8189aec7df,delivered,2018-08-01 19:43:06,2018-08-01 20:30:23,2018-08-07 16:59:00,2018-09-21 15:55:02,2018-08-23 00:00:00
e94d8ace7446337ba22419b2218a8303,ac7da4a3dc343dc8522183f3cc54a42b,delivered,2018-05-03 10:27:48,2018-05-04 08:30:50,2018-05-04 12:46:00,2018-05-07 15:15:04,2018-05-17 00:00:00
f2a871697115fe3d0619068a8f8eec25,3cb7adc7e73bae83c6f907892e6b0784,delivered,2017-08-07 17:55:40,2017-08-07 18:10:18,2017-08-08 19:17:01,2017-08-10 15:53:17,2017-08-29 00:00:00
b895dc7b63a9f75621e6cb8ed54cc896,da1458f8b69f70d86657fd60c7304b98,delivered,2017-10-29 16:35:40,2017-10-29 16:45:42,2017-10-31 16:48:40,2017-11-10 18:28:52,2017-11-28 00:00:00
682dc4cd6b8eeb68f00866564d1f546b,b8e0c8f25d5bea287cd56666f678d57a,delivered,2017-10-04 11:06:48,2017-10-04 11:24:29,2017-10-04 22:29:47,2017-10-11 20:03:46,2017-11-01 00:00:00
d3f9ddd38c360abccd5a079173772acc,770bbafb8ab5ce77d87e89ee460f1b1d,delivered,2017-03-02 21:57:49,2017-03-02 22:05:20,2017-03-03 11:35:52,2017-03-10 12:38:00,2017-03-23 00:00:00
ebf78ae12a9ecd09503c7d2f5c46e77b,f40e11fcab48bea5f847eff467a841a0,delivered,2018-02-04 17:11:27,2018-02-04 17:29:36,2018-02-05 18:13:09,2018-02-16 02:43:35,2018-03-08 00:00:00
aa9216f0e8af39eb6edc7e44fafabb41,24ef921a5c32a36263d909a364456f0f,delivered,2017-07-30 18:06:08,2017-07-30 18:15:25,2017-08-01 13:06:02,2017-08-04 20:07:42,2017-08-23 00:00:00
346bba8e6dd662d8c448e4ee971991e9,576b665e3c134ca0f376fd32ad15baf0,delivered,2017-09-28 15:40:29,2017-09-28 15:56:15,2017-09-29 19:22:45,2017-10-06 18:38:18,2017-10-25 00:00:00
0b3d6a94ff1d643af663f55ca8418520,9abc3d571a784146d4f60c6a45ca1cee,delivered,2017-12-14 08:27:10,2017-12-14 08:35:29,2017-12-15 20:16:48,2018-01-05 16:09:20,2018-01-12 00:00:00
bff7e590732738aa522782dc42dc7705,a4952f2f27f9fd084ec13468dcdf677b,delivered,2017-12-04 23:48:45,2017-12-06 02:39:03,2017-12-08 02:21:23,2017-12-22 22:32:42,2017-12-28 00:00:00
e0e8821153a77c23ac4dd81c2e687ee0,4943c6655224636d4a8c5de030ce6aa5,delivered,2018-02-26 12:19:29,2018-02-27 04:31:23,2018-02-28 20:39:05,2018-03-09 19:04:54,2018-03-21 00:00:00
28f3ef4df1e409cd6f55d7d67fc81a9f,22272f1666fcfc5100100e0c7a41e738,delivered,2018-08-16 08:42:47,2018-08-16 08:55:25,2018-08-17 13:51:00,2018-08-22 17:38:33,2018-08-31 00:00:00
d529d4dc2eeac6ba7abe986a604d7deb,fb8ac10d5e8b76988d085ca9f7c01759,delivered,2017-03-26 20:04:35,2017-03-26 20:15:19,2017-03-28 14:23:36,2017-04-08 03:35:44,2017-04-13 00:00:00
a2ccfabd53f695441e4e9412ba9f8c63,e19ec9633dd14e28d7a23a4fcad2a945,delivered,2018-05-03 17:56:34,2018-05-03 18:15:31,2018-05-04 15:29:00,2018-05-08 14:42:18,2018-05-18 00:00:00
9c5946cb456fcbf4dedc85d24f5d8703,7f3b3521f54bc529e7b6f13644b3c352,delivered,2017-09-14 20:20:39,2017-09-16 09:50:34,2017-09-18 12:27:22,2017-10-09 20:38:13,2017-10-11 00:00:00
5f156d65bf7998fce0ebdb3a046e78a3,aae8fcc018dceb4958fd6d509b6b6434,delivered,2018-02-03 18:10:49,2018-02-03 22:49:43,2018-02-06 01:18:40,2018-02-28 12:53:41,2018-03-08 00:00:00
74fedc6aa056c9359846751fe21a8676,eddc5ddb5496488dfdf0c96258861610,delivered,2018-07-13 08:47:39,2018-07-13 09:04:01,2018-07-24 16:07:00,2018-07-27 19:24:53,2018-08-06 00:00:00
01c79ae32ef95b276907d99e83fe57e5,99e2b41b1cc2e2779110f22a874e0416,delivered,2017-05-24 20:08:23,2017-05-24 20:22:49,2017-05-25 09:27:11,2017-05-26 15:31:55,2017-06-13 00:00:00
1cc90ba7cdaf9aa16996e79713f8c671,a45e01a41237e2822157c127653f4c7b,delivered,2018-06-13 19:59:05,2018-06-13 20:21:56,2018-06-14 11:48:00,2018-06-18 21:41:54,2018-07-04 00:00:00
80a516f4d571d5fce4d688cc931b106f,48ddea2904873f05d8f627b165dc8a77,delivered,2018-04-07 19:20:37,2018-04-07 19:30:15,2018-04-09 21:46:37,2018-04-19 22:16:35,2018-05-02 00:00:00
69b2e89973ca9e2166ec86ca5d88a388,2d42e06374e3d7bc579ad9df2c1053ed,delivered,2018-04-11 10:48:29,2018-04-12 08:35:28,2018-04-12 19:35:01,2018-04-13 19:36:53,2018-04-27 00:00:00
14653f2c907e27b1222157246d382c28,120dd4afde62b0c8dfe915a1597950bd,delivered,2017-09-20 17:30:42,2017-09-22 04:17:17,2017-09-22 21:22:50,2017-09-28 13:34:12,2017-10-11 00:00:00
b20b3160f32a91237bbac959a1b466fd,39c2bfd1f126f175ebb6e37c7069b522,delivered,2017-12-27 18:30:27,2017-12-27 18:47:16,2018-01-02 17:52:04,2018-01-23 16:58:46,2018-01-29 00:00:00
9a439ff6164772f13fa6a5191be3d29c,f974ad9260c7d7e235f59817a2b45a47,delivered,2018-05-02 16:14:24,2018-05-02 18:31:26,2018-05-08 07:44:00,2018-05-14 23:04:32,2018-05-24 00:00:00
7d8d2dfe79978690805299920334577d,cf163daea5f13a20a83e836a2bccf1d6,delivered,2017-12-06 11:26:39,2017-12-06 12:03:55,2017-12-07 17:42:42,2017-12-11 15:32:59,2017-12-22 00:00:00
ee9df944ee0ef8a7fdfdce6eb400a5f7,0b5fa65bffab4bae44dbf000ed874ab2,delivered,2017-09-28 05:54:04,2017-09-28 06:07:33,2017-09-28 18:48:56,2017-09-29 18:53:29,2017-10-20 00:00:00
b7aa83a69a04aa716998638c25f6a365,ba2d08d01fd5d5dfd8c61b405054419c,delivered,2018-07-24 09:53:01,2018-07-25 07:04:28,2018-07-25 13:27:00,2018-08-02 17:37:01,2018-08-13 00:00:00
0c7f49fc339a1aa66222dc4af4eeafd7,ea6197a226b1b7b0f681eb146cb70665,delivered,2017-07-04 09:35:30,2017-07-05 03:05:17,2017-07-05 14:14:28,2017-07-17 11:29:30,2017-07-26 00:00:00
7368d87533725a6bef612cdc83678f4f,4dd6b4d96472044939e2bf6143a90712,delivered,2018-03-31 12:48:27,2018-03-31 13:08:40,2018-04-12 19:22:47,2018-04-20 19:32:53,2018-04-25 00:00:00
c25915645324f8ebbfa289b765eb6e8b,c64f3bffb890c1e1d87c3ea5756a3df2,delivered,2018-02-20 20:09:21,2018-02-22 02:31:14,2018-02-22 17:35:47,2018-02-26 17:37:35,2018-03-12 00:00:00
48acec853641fe35696ffb5b01c44dd9,ba0083b9f813e6e5830fe651ce796037,delivered,2017-10-03 13:02:57,2017-10-05 14:44:31,2017-10-09 11:32:44,2017-10-17 19:28:15,2017-10-26 00:00:00
90f554c89892c8a1cb25b9c27ebacfbc,077b8386d9cb1fa9cab7a5b561c4bf90,delivered,2018-02-07 14:57:06,2018-02-07 15:11:16,2018-02-14 22:08:13,2018-02-27 17:48:32,2018-03-05 00:00:00
8e1424bf1830e231bfb035b447af7a93,e93b7766c1c641d30a535fe9973895bd,delivered,2017-03-20 10:10:12,2017-03-20 10:10:12,2017-03-20 12:52:56,2017-03-23 08:55:32,2017-04-06 00:00:00
99564fb7290396571ca59529ad9e71f3,a407bb03f91e9417a3b25ac7bfa0d3e6,delivered,2017-12-03 21:54:29,2017-12-05 04:11:56,2017-12-05 18:59:13,2017-12-09 18:09:03,2017-12-27 00:00:00
ebd33d4995d183ba4c6ed1e273816aa7,64a8756f577e219a3752509a837ce067,delivered,2018-08-21 08:49:35,2018-08-23 19:05:24,2018-08-27 09:50:00,2018-08-28 18:49:47,2018-08-27 00:00:00
4a500df6bccc8012825a767ea8d04a28,56df129e93c8aa3737ae0ddf7d837459,processing,2017-10-11 23:22:26,2017-10-11 23:35:59,,,2017-10-31 00:00:00
5bff01e3dff7247fb0b9e27535303846,742b29eae357e8f8e7476d97d22c2460,delivered,2018-01-01 16:55:41,2018-01-03 04:29:13,2018-01-10 21:53:16,2018-01-17 20:34:06,2018-02-06 00:00:00
9c047f1058da1c399c10a1526f528855,a9d834dcb51c8a975d1afbc2212bfb5f,delivered,2018-07-07 15:44:44,2018-07-07 15:55:12,2018-07-10 16:33:00,2018-07-13 20:38:53,2018-07-25 00:00:00
b2be2e2f35e143f8895228b3c9b83eab,a454b5b99a00a91c20469603d40db036,delivered,2017-12-01 12:17:53,2017-12-01 12:38:26,2017-12-01 21:52:35,2017-12-21 21:18:30,2018-01-02 00:00:00
fd85f9c9bfe9cc5b55c648a96a4f2598,2fe74cd469ff73b77342fc789332b598,delivered,2017-07-04 15:26:25,2017-07-06 03:23:59,2017-07-06 13:34:33,2017-07-14 18:55:36,2017-07-26 00:00:00
d09e3fd9caced8c85a2db6da7c0fbcdd,3efba37b349cdd2c2d8871234011eaa6,delivered,2017-07-17 19:39:03,2017-07-19 03:50:39,2017-07-19 19:18:33,2017-07-22 14:26:30,2017-08-10 00:00:00
f4544b707c2c9583440b3ea50b0fc3a6,d370d6f041fae5a0479e426d477fa3f5,delivered,2018-08-24 02:13:16,2018-08-25 02:05:09,2018-08-27 14:14:00,2018-08-30 15:41:27,2018-09-05 00:00:00
9490f95bd06a2f4597126939a670b02e,10c2e6b7e063f2b3176585b6c8d778d4,delivered,2018-08-09 14:59:56,2018-08-11 02:35:18,2018-08-13 17:06:00,2018-08-24 17:20:11,2018-08-23 00:00:00
5ad18603db1db0f10865419cd46d17d7,26854bdbd7994fb56d6c8108aa7a95e5,delivered,2017-06-05 19:22:09,2017-06-05 19:30:19,2017-06-07 05:40:03,2017-06-19 18:09:55,2017-07-04 00:00:00
6e23efed2925ed4ed5a1f1d9e14aef78,94a369742b38e698214f0c6587f324aa,delivered,2017-11-09 08:42:35,2017-11-09 08:50:36,2017-11-13 19:13:03,2017-11-18 15:57:52,2017-12-05 00:00:00
027ae252d37e5527c2e109e268b222e2,059571e02973e94b854b30987635dcb1,delivered,2018-05-19 22:18:39,2018-05-20 22:18:42,2018-05-22 15:29:00,2018-06-04 19:26:41,2018-06-08 00:00:00
755192d3be0310a52e52cd72bf6f12f5,12e37c24d128347adec3c0ca35588abd,delivered,2018-07-23 15:30:12,2018-07-23 16:05:04,2018-07-25 14:10:00,2018-08-09 15:03:10,2018-08-16 00:00:00
4854af5348bb406f4929fbe225112925,fd8a1ffe33a6ae6e7f9c21f08df6b62c,delivered,2018-02-14 16:32:28,2018-02-16 08:10:33,2018-02-17 16:18:50,2018-02-22 22:22:06,2018-02-26 00:00:00
e328e23027b916218c9fba2f6cf9b682,09d1727d1983e1c41381405fbe83753a,delivered,2017-11-20 12:47:46,2017-11-21 13:46:45,2017-11-24 21:46:39,2017-12-03 20:22:22,2017-12-01 00:00:00
58cd1eb79e3ed5abe07691143092d982,5de4c139e8bfb982b5fcdce367a5aafe,delivered,2018-02-27 17:51:03,2018-02-27 18:10:30,2018-03-01 13:35:29,2018-04-13 18:38:46,2018-03-19 00:00:00
c50c2e8e1b1c816c419c308b30e0420c,7681b6f030e2fd99e790f9778da57c12,delivered,2017-08-08 16:25:28,2017-08-08 17:00:11,2017-08-11 12:57:53,2017-08-18 18:00:02,2017-08-28 00:00:00
8f00691337d685f6b20b93cb491b983b,f7370bf5c8d82b2d0dbc9190882f0605,delivered,2017-06-04 06:51:47,2017-06-04 07:02:25,2017-06-06 10:55:41,2017-06-07 08:07:31,2017-06-21 00:00:00
71c9bb80d188804a5aa96f2380227453,602cd37236aba223c5f8e60983603b3e,delivered,2017-06-13 12:32:12,2017-06-13 13:35:26,2017-06-14 13:52:05,2017-06-21 17:02:39,2017-07-14 00:00:00
5915dc29c92ade2a2713fa949d9dec00,3d2186a3eb0c590c87ec680286f66ab5,delivered,2018-08-03 08:24:51,2018-08-04 04:05:28,2018-08-08 14:58:00,2018-08-17 00:32:25,2018-08-24 00:00:00
c39b4b096477122be2548ca4b4462b21,cc4d7af7a584bf8b5bca2dca7e2200c5,delivered,2017-12-24 19:01:26,2017-12-24 19:12:23,2017-12-26 21:22:17,2017-12-29 20:32:40,2018-01-30 00:00:00
1958f9c53ded478c55050913c2367266,48adc72445a356b2021e9417287f0dd7,delivered,2018-01-03 22:33:07,2018-01-03 23:19:19,2018-01-08 19:20:13,2018-01-13 02:18:48,2018-01-19 00:00:00
3f80947ce4ab2d28cede3db5c92e44d7,93dd5f88e0f7e9a8f74d27a4b90879ab,delivered,2018-05-08 06:55:21,2018-05-08 07:09:54,2018-05-08 15:18:00,2018-05-09 22:08:54,2018-05-16 00:00:00
6f6d91ea79d97db04db43258c8ff148b,4fd89297e50c29c4ab0cb42acb820c9b,delivered,2018-03-19 15:15:53,2018-03-19 15:25:31,2018-03-20 20:33:34,2018-03-29 15:19:11,2018-04-12 00:00:00
2d33e2f321b7f676de5d3ab87c08d1ab,ffbc52ac99e6184f3961fd791be5ff62,delivered,2017-08-06 22:07:14,2017-08-06 23:03:18,2017-08-07 17:03:09,2017-08-15 16:03:37,2017-08-31 00:00:00
8d28e43aa8a24c8f9a2ac2358f86151e,15ae0cb93a9732892dbedd426f0e0e96,delivered,2017-11-21 13:56:31,2017-11-22 03:11:57,2017-11-23 18:18:55,2017-11-27 21:09:58,2017-12-01 00:00:00
5b845522fbf6a862baf68d7b2d0b0313,40627cb941130b64374d443514c5d047,delivered,2018-05-15 14:57:12,2018-05-15 15:30:35,2018-05-17 11:35:00,2018-05-21 19:19:51,2018-06-06 00:00:00
e8dea63f68386b3d95962ffb4dc4aaea,ded50ece6ca79604dcec2000bde70ca5,delivered,2017-10-17 19:26:08,2017-10-17 19:45:53,2017-10-20 17:03:32,2017-10-25 17:13:33,2017-11-29 00:00:00
338be6220254203898339bb8b6021138,fef6ee8cb0a99f0fa68808e0fadca078,delivered,2018-05-17 09:53:34,2018-05-19 02:58:57,2018-05-21 15:32:00,2018-05-31 00:19:44,2018-06-06 00:00:00
16ee199eae699a717d29b7135597f94f,23f7f3f474507051261761742f88c5cd,delivered,2018-04-11 00:59:59,2018-04-11 01:10:16,2018-04-11 15:41:44,2018-04-17 22:18:26,2018-05-07 00:00:00
7dbfdea1e79e8d8b6d378f9e07416e74,da056635486469f6a869224f2046ef0d,delivered,2017-10-28 19:53:46,2017-10-28 20:05:47,2017-11-03 15:33:08,2017-11-14 20:58:47,2017-12-19 00:00:00
0af4a846cbf75b456c934b786d683618,7194be434cc4eb4eb1a7a44bb4e9e24d,delivered,2017-08-29 20:25:15,2017-08-31 02:44:40,2017-09-01 20:07:41,2017-09-11 20:11:24,2017-09-25 00:00:00
22c2b8497506479028918303045751dd,a76e74102c5779eaca55a3f9187ea2f2,delivered,2017-01-12 22:24:48,2017-01-12 22:35:21,2017-01-13 10:07:57,2017-01-19 10:42:37,2017-02-20 00:00:00
0f62234641212cb7b178923f7820d1e1,8229f2587547772e502374973b00ae95,delivered,2018-06-18 10:39:49,2018-06-18 12:18:35,2018-06-18 12:26:00,2018-06-21 19:22:13,2018-07-11 00:00:00
768e562205a3f907b620aa6f945f596c,f7ceef0c0b1744d217b4b095c8a461f7,delivered,2018-07-10 17:25:18,2018-07-10 20:31:23,2018-07-16 09:15:00,2018-07-23 19:58:42,2018-07-30 00:00:00
c4d4197abeec6caeaef01372a05ff714,7b1d2286eac4c621d4c25dc9347c6dbe,delivered,2018-08-07 07:23:36,2018-08-08 03:30:21,2018-08-08 15:10:00,2018-08-14 09:34:40,2018-08-22 00:00:00
fbf5bc2dbcebfcaf6cd32cf61a87e28c,c4da03f92024bc6f58a152fc2160242f,delivered,2018-02-27 19:17:20,2018-02-27 20:00:28,2018-03-01 22:09:05,2018-03-02 22:33:27,2018-03-14 00:00:00
84b00ddee11d116c7f9194d7bcc43611,cf02015fe41754704ea76138d646a4a2,delivered,2018-03-24 22:01:59,2018-03-24 22:15:25,2018-03-27 22:22:26,2018-04-07 11:12:51,2018-04-23 00:00:00
62c0a0e72baba526d6f9c2855f8b6b97,fa9bad1e16c46aacf561f2240fd0109c,delivered,2018-04-01 23:02:25,2018-04-03 05:10:34,2018-04-03 20:32:50,2018-04-04 22:08:53,2018-04-12 00:00:00
e27f8086e3d62693b719af33a78cffdc,95129f5993ceb68c165a5d9be08c1926,delivered,2017-04-12 16:39:44,2017-04-12 16:50:20,2017-04-13 13:09:14,2017-04-20 12:24:13,2017-05-04 00:00:00
cbe61fc846838bb8eae2e56a9b72c2b8,20fa4475b86a9837d5df79c3d70b4188,delivered,2018-01-05 14:58:55,2018-01-05 16:32:07,2018-01-05 23:25:33,2018-01-14 16:03:33,2018-02-05 00:00:00
39767f4e322daad6653874a11561f42d,cd7022d0579d67f69f0fe2e40dc254de,delivered,2018-03-24 11:54:51,2018-03-24 12:08:19,2018-03-27 03:14:33,2018-04-06 17:22:29,2018-04-06 00:00:00
7488261a98cd6d7cf4407a8d6ed81095,641e3183819490fc29ced77d639e9379,delivered,2017-11-25 00:21:40,2017-11-25 02:32:30,2017-11-29 16:42:57,2017-12-23 16:12:39,2017-12-15 00:00:00
79c6130ca63ec6a1dfbf2b33fa9a87c6,e288a3817dcd19a0e405fbb94162cf79,delivered,2017-07-17 23:03:02,2017-07-18 00:30:50,2017-07-19 16:32:18,2017-07-26 17:22:32,2017-08-09 00:00:00
844a232f16369f45c236e32ac3132d6d,295c3b5cdf25c4481516fb914d536c90,delivered,2018-04-09 16:10:46,2018-04-10 04:29:29,2018-04-11 18:32:49,2018-04-24 14:55:37,2018-05-04 00:00:00
0626a1c665314a1d0bf29ab063d5af74,9c5147ae1632464089388bb16252ffd7,delivered,2018-06-06 10:58:21,2018-06-07 11:15:51,2018-06-08 14:25:00,2018-06-13 21:26:19,2018-07-12 00:00:00
b044c65688e70eb150a89745a0016177,8c2b715bf064c3e88d99dd7da3e97f7c,delivered,2017-07-03 21:30:10,2017-07-05 02:50:20,2017-07-07 15:41:58,2017-07-25 14:42:13,2017-07-25 00:00:00
de91fc52c5e64360685e51f75ceeeb2c,7b7c12e64b5479d94289a5773a0a1cd7,delivered,2018-04-01 21:25:00,2018-04-02 08:29:08,2018-04-03 18:03:07,2018-04-23 18:05:26,2018-05-08 00:00:00
581f021ef2330ff3652bfa78e58046ee,3ea603c7a89cdee5be3922da063ddafb,delivered,2018-04-29 11:21:09,2018-04-30 11:15:30,2018-05-03 19:15:00,2018-05-07 20:18:44,2018-05-17 00:00:00
5e4264d346083d24d1dc20b9f656a728,0b70631e89b09a3dc8acc7d20d595b18,delivered,2018-05-14 21:03:30,2018-05-14 21:18:45,2018-05-22 13:20:00,2018-06-11 18:06:26,2018-06-06 00:00:00
b8b7561e1191a899ece8259bc042117c,ba374a502cf67129ee00fd91ecd6f77f,delivered,2017-03-20 14:20:30,2017-03-20 14:20:30,2017-03-24 10:44:01,2017-04-05 13:27:40,2017-04-17 00:00:00
954cca2a7fe6e627321fc51e16f2d043,13bd774798d2cc85cf4b6220a9dfbe77,delivered,2017-09-07 09:51:10,2017-09-07 10:05:59,2017-09-08 18:10:40,2017-09-18 23:12:36,2017-09-28 00:00:00
93d46ea758b312e44cd1611c3ac69f72,5d5321e98535682e43d2752b3f038f25,delivered,2017-03-20 13:14:24,2017-03-20 13:14:24,2017-03-21 13:38:01,2017-03-23 14:59:54,2017-04-19 00:00:00
4d40fda96f0b038987f7fcfe84a83c56,f407bd53d45d3a98deeccdc75c8a68e0,delivered,2018-02-28 14:54:26,2018-02-28 15:35:31,2018-03-02 21:43:52,2018-03-08 18:34:48,2018-03-19 00:00:00
3a33027df93ac0a949a75fae9571b2cb,70384b9ad39a6ded2fea90739122ae76,delivered,2017-11-26 17:43:38,2017-11-26 17:56:14,2017-11-27 17:26:55,2017-12-14 22:11:09,2017-12-21 00:00:00
fa8ba64335831e92f3a3866f8fdc9e56,d76d31867325831b69004537e58f7e2f,delivered,2017-11-24 18:28:18,2017-11-24 21:37:47,2017-11-25 11:03:39,2017-12-02 18:18:53,2017-12-14 00:00:00
7a5133e37b23788a1c14302332ad39a1,892448a24872aecc5756ec5626a3afc4,delivered,2018-04-30 22:18:55,2018-05-01 03:32:38,2018-05-02 11:53:00,2018-05-03 18:32:21,2018-05-11 00:00:00
18b63a7615ed42ad3069b47278bdb298,5373c55da34967b583bbb58b41d48e6c,delivered,2017-05-23 17:54:55,2017-05-23 18:05:07,2017-05-24 17:27:53,2017-06-13 14:44:32,2017-06-19 00:00:00
5fcff0359223b0a176d984d231217b7f,42916f80ce60d80745efd7c305d35b98,delivered,2018-04-27 13:40:19,2018-04-27 13:53:05,2018-04-30 11:06:00,2018-05-15 14:09:47,2018-05-24 00:00:00
0e3cde74cd1f1eb5169e698242b094b9,06b96b78945c7693a6b18b00b3bac683,delivered,2018-01-11 18:56:24,2018-01-11 19:07:20,2018-01-15 10:38:36,2018-02-02 18:37:30,2018-02-06 00:00:00
54cbcc71d2297c81a5f7e90e5d17cafd,834c193325b5706d645c66e34ef025c1,delivered,2018-07-15 10:26:13,2018-07-16 10:24:20,2018-07-17 14:49:00,2018-07-20 22:26:28,2018-08-06 00:00:00
792f1532bbdaff5ccc712b2555ca442a,1e42bebf128ecca7f91a96aca2272f7f,delivered,2017-11-01 14:07:41,2017-11-01 14:31:34,2017-11-04 15:19:49,2017-11-10 22:41:08,2017-11-24 00:00:00
e15b045cc5ef21643887f0a5d22327b7,9fd8a2d7ba5bb7f2653050c7c2b83115,delivered,2018-08-12 19:11:01,2018-08-12 19:25:16,2018-08-13 13:06:00,2018-08-20 20:03:31,2018-08-22 00:00:00
1397417a57ad1bbfe8d639df8cdee908,fc9fdbf5a26b1399e70bb3666cf7f9e6,delivered,2018-07-02 18:16:59,2018-07-02 18:31:03,2018-07-03 15:06:00,2018-07-09 22:32:16,2018-08-09 00:00:00
84fb4cece2ca6c0f9d40c92a25e95a8a,ba5596aeedc9f98c563b28d099f01d3c,delivered,2017-03-31 19:09:24,2017-03-31 19:25:06,2017-04-07 12:47:59,2017-04-12 13:08:15,2017-04-20 00:00:00
0286dd0f954cb641dc3eb5db5e4467e6,f098b709bc90c53838898e66da197e4a,delivered,2017-12-09 09:40:48,2017-12-12 04:09:22,2017-12-13 19:47:59,2017-12-21 21:16:58,2018-01-10 00:00:00
755eebcb667b0fc5148bdcee47fe9f28,5bf5c7cc1ffdd2a2b72a8a7a3c780beb,delivered,2017-05-12 08:47:47,2017-05-13 03:02:49,2017-05-17 09:23:57,2017-05-22 16:13:40,2017-06-01 00:00:00
1b764528e41e55c86cae49fca1d5bf18,56afb305107dc22aacbdc241e29c6791,delivered,2018-06-12 07:59:50,2018-06-12 08:17:55,2018-06-13 12:58:00,2018-06-15 19:18:09,2018-07-05 00:00:00
7711d25c50cf5322589706aaf0458117,ea3d26a484fac72fd517ff2455ff3cf0,delivered,2018-08-09 20:24:28,2018-08-09 20:45:12,2018-08-10 14:49:00,2018-08-16 12:52:37,2018-08-22 00:00:00
b88bd20c39bb3b635715d1dbd01044ba,c0768d2b897641f8c151917b62432088,delivered,2017-08-17 08:24:50,2017-08-17 08:35:09,2017-08-17 18:25:21,2017-08-22 22:07:29,2017-09-11 00:00:00
78ea241c511db7faf8d464cb4c58d87e,7ba6760dc784ed6b1aeabe0500dc40b8,delivered,2018-06-05 09:41:08,2018-06-05 09:55:11,2018-06-05 11:07:00,2018-06-12 22:47:42,2018-07-25 00:00:00
cba1b88e10f4504583b2b9750ac67e03,ad35def6d6e9fb6f4c678377fbf8843c,delivered,2018-01-15 12:20:42,2018-01-15 12:28:19,2018-01-19 20:14:50,2018-01-20 16:23:10,2018-01-30 00:00:00
503ef248be94702d1a7c1d401223f843,23c7424729eb57ba864ff773fd1d0111,delivered,2018-01-08 23:43:28,2018-01-09 01:28:09,2018-01-09 18:06:19,2018-01-22 17:59:11,2018-02-14 00:00:00
50d106ba3cf9cbe0e44dada341e190fc,f44b3055bdec3b3f0dad474eb14f83c7,delivered,2017-08-17 17:36:22,2017-08-18 02:25:19,2017-08-21 21:09:27,2017-08-25 17:36:52,2017-09-06 00:00:00
7e95334097aff5b45c6ff379ab492cf3,ec9ce7b1073d223d7c299973c4dbe98c,delivered,2017-10-22 16:37:18,2017-10-22 16:56:25,2017-10-24 20:51:24,2017-11-01 17:07:40,2017-11-17 00:00:00
88a2948d780f9ee2d226ce38913ee895,53340559a9e75cb55dbb6790bd78173e,delivered,2018-05-20 22:46:36,2018-05-22 01:36:41,2018-05-23 14:10:00,2018-06-07 20:57:29,2018-06-19 00:00:00
38559c61343c85697de47177896737e6,c5f5dc28141194efa39a80a4bb9d72c5,delivered,2018-03-20 19:39:40,2018-03-20 19:50:31,2018-03-21 19:23:31,2018-03-27 20:03:50,2018-04-11 00:00:00
d5cbbe1602100752cd72f9630321613d,d6f64ae60a50240b7d2dfb4bab157856,delivered,2018-01-04 11:55:05,2018-01-04 12:09:08,2018-01-10 16:09:53,2018-01-19 15:38:43,2018-02-05 00:00:00
90ab3e7d52544ec7bc3363c82689965f,7d61b9f4f216052ba664f22e9c504ef1,created,2017-11-06 13:12:34,,,,2017-12-01 00:00:00
bfb6c9ff90e48e59a7de1a1686fd181d,d7a7b1c5ebddaa7525ccd4d9c5ed537b,delivered,2017-05-25 02:07:32,2017-05-25 02:15:15,2017-05-25 10:54:42,2017-06-01 15:27:31,2017-06-07 00:00:00
42e0016d4e9741a353d671930aa9f3d5,22d71d5bfb32603ec8ebdf2bf6bde858,delivered,2018-08-10 21:12:22,2018-08-10 21:25:20,2018-08-14 13:15:00,2018-08-20 19:59:01,2018-08-29 00:00:00
280f9004a1b9504ffc4f40635f13e5f1,3fc2d986e3b129738a02d3b22838d234,delivered,2018-01-11 18:19:01,2018-01-11 18:28:23,2018-01-17 16:13:51,2018-01-30 20:47:55,2018-02-22 00:00:00
f0e99a13bd301f69aa29160ac8cd864f,0677048b122422b313b96967d64e8cb6,delivered,2018-08-03 23:17:41,2018-08-03 23:30:14,2018-08-08 15:23:00,2018-08-13 16:26:45,2018-08-21 00:00:00
30f3a5252d3d97a113cefc74796f9fec,0f80e191c93db94bca6006c000ad3989,delivered,2017-01-31 11:34:42,2017-01-31 11:45:14,2017-01-31 13:42:51,2017-02-08 09:54:37,2017-03-13 00:00:00
77af7c0b651686586766ad39c110536a,dc5691f472afce37cc972599ed3d9c72,delivered,2017-09-10 17:11:38,2017-09-10 17:30:17,2017-09-11 13:43:40,2017-09-18 19:14:53,2017-10-03 00:00:00
50dd2a49e14604137b84567d5c9e0c8c,1ede25f1583f9a3a558b5a69f1931459,delivered,2017-07-01 16:52:31,2017-07-01 17:05:07,2017-07-10 19:48:02,2017-07-14 18:14:48,2017-07-21 00:00:00
5703c825c39cb1235c7e8a3be949054d,094340afa1c674f88c7ffde85d6f9644,delivered,2017-11-29 19:51:43,2017-11-29 20:09:50,2017-11-30 22:52:54,2017-12-10 17:27:26,2017-12-22 00:00:00
1600c77ccd20164d6da4e2285d3ced92,51b4fb94719b87aea1f164b9640212da,delivered,2018-02-02 15:16:38,2018-02-02 15:30:26,2018-02-08 18:18:37,2018-02-20 01:39:53,2018-03-02 00:00:00
5f208894ebd77e40a78e3ae42e67d828,2e489bfb9376d587854d12d77da09884,delivered,2017-09-10 12:14:04,2017-09-12 04:25:56,2017-09-13 18:25:59,2017-09-19 22:02:48,2017-09-27 00:00:00
b67a584082fe23b966934beacd6413b4,9929e71f5293f941b8bdaf57b20e5d85,delivered,2017-12-03 15:38:37,2017-12-05 04:15:36,2017-12-07 19:58:28,2018-01-08 12:44:26,2018-01-05 00:00:00
1f84f9ceb5c60dc9d3ecb4bbc0555dfa,c2f95153645e6d3add0e3c41a8689bfd,delivered,2017-10-23 21:21:17,2017-10-23 22:28:20,2017-10-24 22:33:17,2017-10-31 18:40:04,2017-11-17 00:00:00
0a9716da94d89975e6637874280aadad,37a666dbb2abfacc9f41952996a06793,delivered,2018-01-06 09:59:00,2018-01-06 10:07:12,2018-01-09 23:47:26,2018-01-10 20:51:54,2018-01-26 00:00:00
b7f9ef5debe4cc9e54333fa441e8dfd4,7e88b6b03a09804d9fff9242bf2b14c5,delivered,2017-12-09 01:16:40,2017-12-09 01:29:08,2017-12-14 15:29:08,2017-12-26 18:05:20,2018-01-04 00:00:00
6d49ef945903365b72a86294b54b948d,77980d44bc9f65a31b9f6f132a345416,delivered,2018-08-18 11:33:55,2018-08-18 11:51:09,2018-08-20 11:55:00,2018-08-24 15:24:44,2018-09-17 00:00:00
4135e423780812a949ddb2f5e3131e9c,23d6ab7b1056050fdd1fd32ac7633fb1,delivered,2018-06-11 12:06:52,2018-06-11 12:38:12,2018-06-12 14:15:00,2018-06-15 14:11:49,2018-06-28 00:00:00
5525c00bfd980bae1cac46f7dcf88224,d2697a7d9526f4714dc4b718cbebbf82,delivered,2017-01-31 11:22:14,2017-01-31 11:30:17,2017-02-02 09:43:43,2017-03-14 11:13:56,2017-03-09 00:00:00
2b6908be5cc36a149ec9cb0bcdaf3866,c690c7dda7366ab3855de3bd40381f19,delivered,2018-04-15 23:55:50,2018-04-16 00:13:18,2018-04-16 23:09:03,2018-04-17 14:38:50,2018-04-26 00:00:00
88870e81393712b6285956d4a69f3ca4,daa76c410e512d241e0571c40204ef2e,delivered,2018-04-17 09:05:11,2018-04-19 02:32:43,2018-04-19 19:41:57,2018-04-28 09:56:57,2018-05-10 00:00:00
68cf478815ffa4303ea186d76a791cdd,7dac63a33586b73a5c8a449641d77596,delivered,2017-10-30 18:43:07,2017-10-30 21:31:38,2017-10-31 21:35:38,2017-11-06 18:02:58,2017-11-27 00:00:00
e833d2324ca8e55d593c0d9d8806c227,df87738c7380c1152c9cbb6bcb4b6a5a,delivered,2017-02-07 19:50:11,2017-02-07 20:05:15,2017-02-10 14:29:05,2017-02-15 12:37:50,2017-03-06 00:00:00
1a94ab8fa44ab78eedc4ec633f54cc02,1f1c0fc99d7fd3f7c17d0db0039fbc9c,delivered,2018-01-19 03:30:43,2018-01-19 05:32:47,2018-01-31 10:17:06,2018-02-22 21:13:16,2018-03-02 00:00:00
23d28fc0db1e1bfb7f1e68be9baa069a,0de7d44b44cfc0a0b7d77808e2026bb3,delivered,2018-04-25 15:21:49,2018-04-25 15:35:11,2018-04-27 11:55:00,2018-04-30 20:42:04,2018-05-14 00:00:00
68eb31d36231dd3fc97baf5cb6f73103,fc2c4598b5694563811540d01c98fbf6,delivered,2018-06-23 17:24:16,2018-06-23 17:38:04,2018-06-25 17:01:00,2018-06-29 20:12:28,2018-07-23 00:00:00
4a81bd2160d16f8b9323ad482891284d,7031299b4e554c4c88cf92dea380afb3,delivered,2017-06-16 08:51:44,2017-06-16 09:03:12,2017-06-19 20:09:35,2017-06-26 12:17:58,2017-07-10 00:00:00
8d644a85179a2e3720976b5ce7d8818b,cbcaee49648cf4a8c49003733243adf5,delivered,2018-07-18 17:47:14,2018-07-19 08:50:22,2018-07-20 13:44:00,2018-07-23 22:56:30,2018-07-31 00:00:00
e56d6e36145ccad4895538d379ac3552,b97925383862944801250c9bcc43bd10,delivered,2017-08-17 20:01:07,2017-08-17 20:44:27,2017-08-18 20:08:01,2017-08-24 18:08:13,2017-09-14 00:00:00
8791ee44f46577057a684a381d2ded13,0300ae7800b82af58b1f3526991cd98d,delivered,2018-06-25 23:33:24,2018-06-26 00:35:20,2018-06-26 15:53:00,2018-06-29 17:51:10,2018-07-19 00:00:00
3d5ac3886057103d59fc294cef2677e6,926c2d5207d5bd5ad5e003c776ed54fd,delivered,2018-01-03 19:01:41,2018-01-03 19:11:23,2018-01-05 21:38:20,2018-01-30 21:07:14,2018-01-26 00:00:00
71bdcc58db48fbd3f6aa39889aab2e8c,458727956b378f1d200041d2107e97dd,delivered,2017-08-08 19:01:41,2017-08-08 19:15:16,2017-08-10 20:04:27,2017-08-19 13:57:29,2017-09-01 00:00:00
b892643960f1cfea9cc00aeb42097a4e,5ddf228047c20d7d18bec7c7c32f81fd,delivered,2018-04-24 15:17:51,2018-04-24 18:33:46,2018-04-25 12:04:00,2018-05-04 20:22:10,2018-05-18 00:00:00
aaa6f66c3f76dbaecfc60183d6a248ed,c353c61f1db7085071135afad6006ff3,delivered,2018-04-13 21:11:12,2018-04-13 21:32:33,2018-04-17 19:02:56,2018-04-25 19:42:20,2018-05-16 00:00:00
8378137868c479b948c8712cac81f79d,9eb27cd8e9d5d572e11f99ab3f3530bc,delivered,2017-11-19 19:19:21,2017-11-19 19:35:28,2017-11-23 20:59:04,2017-11-30 22:33:26,2017-12-27 00:00:00
5e59c927dc00fd6d6f9661fd8736989c,a7ae8cfbb255712ae4be978b7bfab901,delivered,2017-05-11 08:38:46,2017-05-13 03:05:25,2017-05-13 10:40:25,2017-05-18 10:10:11,2017-05-31 00:00:00
6e15cbf7d3e8a1099a5be2702e863ef1,6b5657ba9faebbefbf9a2fd894ef803d,delivered,2017-12-27 21:32:39,2017-12-27 21:46:48,2018-01-04 20:32:16,2018-01-12 13:38:53,2018-01-29 00:00:00
26543fb8b34f4547bcbbd431f998ee76,7b795a9df1fb7368c9c00514370d5c4f,delivered,2017-11-08 16:12:36,2017-11-08 16:30:48,2017-11-09 15:18:46,2017-12-06 12:48:29,2017-11-28 00:00:00
1afa51208ad0fe3d17577387674e6924,dd290c5dbab7b967fe68512586e8a77c,delivered,2017-11-25 23:59:25,2017-11-26 00:21:23,2017-11-28 13:26:54,2017-12-08 19:09:46,2017-12-21 00:00:00
814823738ce02d399f917f00e77393d5,5be55e6c0084aa1937b6a7e207abef2d,delivered,2018-08-13 17:09:30,2018-08-13 17:24:22,2018-08-15 13:05:00,2018-08-20 20:28:53,2018-08-29 00:00:00
42cba4864b46e647175a24df49b1426a,313da4e668f47725525d85459b580bde,delivered,2018-08-03 13:59:26,2018-08-07 04:35:17,2018-08-09 09:56:00,2018-08-15 22:56:27,2018-08-17 00:00:00
5a644da87ff0e3010f70d585f486e115,26c5ed84816686663128adfb3472a340,delivered,2018-01-11 19:15:06,2018-01-11 19:27:48,2018-01-15 17:06:44,2018-01-24 13:42:32,2018-01-31 00:00:00
e78dfb6eab229b4cf81d3f6bcf0c9e49,ee618af7185e0ce4bd6fca363a6c91ea,delivered,2017-07-07 23:25:18,2017-07-07 23:43:02,2017-07-11 21:39:50,2017-07-24 19:52:07,2017-08-04 00:00:00
feded510efe2a76dd134d8533af626f9,9d1d52bebfd0301df6fe080e8a4a681b,delivered,2017-05-16 23:52:28,2017-05-17 01:25:14,2017-05-18 16:23:10,2017-05-25 09:39:46,2017-06-27 00:00:00
6eb4105b2eba30c0d6f8e720d3909cbb,98a13a25160f30babbd81bb1d9b3e61c,delivered,2018-02-21 14:24:19,2018-02-21 14:35:29,2018-02-22 01:23:05,2018-03-02 19:42:51,2018-03-19 00:00:00
bdabf4d21213c2844d0b672d8fd72054,4d5a3f2707cfa16d395c679bea6c204c,delivered,2018-02-25 14:48:11,2018-02-25 15:07:38,2018-02-27 23:03:38,2018-03-29 16:28:56,2018-03-26 00:00:00
7440954562ac54f803e472bc3491287d,2d7383575380d46c2721ddb73caa7e15,delivered,2018-02-16 17:13:02,2018-02-17 09:35:22,2018-02-17 20:42:02,2018-03-01 22:22:55,2018-03-15 00:00:00
061295e635460bf36f1bb41bd54fd2d2,d5e09a8184614ddda310dac5e19e7635,delivered,2017-12-05 12:49:56,2017-12-05 12:59:22,2017-12-06 18:42:57,2017-12-19 19:58:58,2018-01-10 00:00:00
69b018bee00243bd10c2f8634e068f78,143352eb1597de8926f839bf52f82ea0,delivered,2018-03-12 11:25:04,2018-03-12 12:35:31,2018-03-14 16:04:58,2018-04-27 23:12:43,2018-04-03 00:00:00
a14c872deca4d99bf8414d3dfb72bc34,624d6818e6c15b72bff858f9ba8be4e9,shipped,2018-04-06 15:01:45,2018-04-07 02:48:14,2018-04-10 19:04:01,,2018-05-15 00:00:00
2aaa173ecc917a0e748a8e8ad584534f,66b14b570f80d68efd68d0d0af74447c,delivered,2018-08-05 20:41:55,2018-08-07 04:44:39,2018-08-07 14:32:00,2018-08-10 21:21:01,2018-08-20 00:00:00
c0624f728b31f0d7f5bafce9731a953c,7169e91fb9f3317bd7929572a3a34494,delivered,2018-01-08 09:15:54,2018-01-08 09:28:17,2018-01-13 16:06:44,2018-01-18 21:39:11,2018-02-01 00:00:00
3c630824cefd356b7289838656c9cdbc,199ead1f7765436813bea595273e98f9,delivered,2018-07-28 17:40:23,2018-07-31 03:55:07,2018-07-31 11:17:00,2018-08-01 16:12:51,2018-08-06 00:00:00
7948985f993a3dba42989d5ffef9435d,9f147f7fe7e0fff905dfb5012ec986ec,delivered,2018-04-23 17:56:07,2018-04-24 18:45:12,2018-04-24 18:41:14,2018-05-07 23:05:11,2018-05-22 00:00:00
65a7c3111cd734466eb706d544e6fae4,94dc5118a4bda894002d294ee615a4e3,delivered,2017-03-23 17:36:38,2017-03-24 17:45:13,2017-04-28 05:37:51,2017-05-18 12:24:25,2017-06-28 00:00:00
c092e9c7bbaf416a8c58147e55fe03fb,5c4d4da9f70733a33d73849986f3a6ad,delivered,2017-11-09 23:10:28,2017-11-09 23:26:47,2017-11-13 18:41:10,2017-11-22 16:48:21,2017-12-05 00:00:00
b79ad0abdee66423cbdc69a208d69a68,eea52f4fb81d1791fc85421c0cd3131c,delivered,2017-11-05 20:07:15,2017-11-05 20:27:06,2017-11-07 10:32:00,2017-11-14 00:58:27,2017-11-24 00:00:00
fb11e3f2905ee0f75ef24f40def76252,1ce361e264c832e9920f1000dd243982,delivered,2017-03-19 18:25:15,2017-03-19 18:25:15,2017-03-20 10:14:17,2017-03-22 06:17:51,2017-04-10 00:00:00
de45539c23bf4e084f623d8d339c00ea,4e6ce144b719062e3c2ded3c3ef3ac64,delivered,2018-07-02 18:05:52,2018-07-02 18:15:17,2018-07-04 08:37:00,2018-07-05 20:33:36,2018-07-16 00:00:00
ea869217e833b69a06a197ebf6bb762d,07a13922ff9bce298cdd61bef4c98fbe,delivered,2018-02-06 17:08:00,2018-02-06 17:32:30,2018-02-19 22:28:31,2018-03-12 10:55:41,2018-03-19 00:00:00
091119d8eee03ee2736786df622f1e81,28fdb0f4d733ad48a41295bb90f339cf,delivered,2018-03-07 19:17:58,2018-03-07 19:30:49,2018-03-08 21:55:24,2018-03-20 12:42:12,2018-04-03 00:00:00
49948abfb7336062720db01329a38578,64b75f52eb55bf78f920119c0ef47320,delivered,2018-05-14 11:42:48,2018-05-14 11:58:45,2018-05-14 14:44:00,2018-05-15 19:39:02,2018-05-25 00:00:00
86cafb8794cb99a9b1b77fc8e48fbbbb,c11c31965ff02cc1d7132df8edfcbc22,delivered,2018-04-11 01:06:37,2018-04-11 01:30:23,2018-04-12 22:56:27,2018-04-13 22:41:44,2018-04-26 00:00:00
af524958ddebae54e99bf50866e0bc29,612651ffa100f3481fab324e1381d747,delivered,2017-07-01 19:46:53,2017-07-04 04:24:34,2017-07-04 16:51:44,2017-07-26 19:49:31,2017-08-02 00:00:00
91fbfca0bd7fd5a76315a897d61f0f8f,32d734648d03742ae39dbea3bb0f236f,delivered,2018-05-09 01:11:39,2018-05-10 01:09:36,2018-05-10 12:56:00,2018-05-18 15:38:57,2018-06-04 00:00:00
bab2cfd3d45cf84d1d283c632aa77517,b5de2aafeaef5ead4f3fee6cf8f41ad5,delivered,2018-06-21 17:06:21,2018-06-23 02:20:16,2018-06-25 08:38:00,2018-06-26 19:41:42,2018-07-16 00:00:00
6dac82bff64207fd718220d97afd6554,cdd3c5886b7ceae47c258c5104c69a4c,delivered,2018-08-17 19:47:46,2018-08-17 20:10:00,2018-08-20 14:24:00,2018-08-23 18:21:08,2018-09-03 00:00:00
295b0d5e43bcba38d1f33206d5a40594,118a36bafb2594116f414e108b340da7,delivered,2018-05-04 10:11:28,2018-05-04 10:32:27,2018-05-04 15:06:00,2018-05-10 23:05:16,2018-05-28 00:00:00
9e56ad5aa7b82470ecf52af83edbe7cd,e7a349570ea2a4f47b50b2db820cca5d,delivered,2018-06-26 14:52:13,2018-06-28 02:15:48,2018-06-28 11:57:00,2018-07-03 09:14:41,2018-07-31 00:00:00
461206d002bda8c6925c7b3f27ed29c1,a67c083c721ef266221c844ae8956daf,delivered,2018-01-02 16:22:19,2018-01-03 04:37:27,2018-01-05 14:17:20,2018-01-10 15:44:05,2018-01-24 00:00:00
4b5bd8e6ef37808d82dab7b2a81b18d4,5ce71cdf0f83ff207aee90e0069e1f42,shipped,2017-10-02 18:47:29,2017-10-02 19:05:28,2017-10-04 22:38:58,,2017-10-24 00:00:00
3b67413a225423c7c571ac1f07bda044,fdfd06ba6f7c1fb14143f4890f6179bf,delivered,2018-07-21 22:35:28,2018-07-26 23:32:14,2018-07-24 15:09:00,2018-08-02 21:18:40,2018-08-10 00:00:00
eabed9663301465ad2a903c519caae63,9f9587941a9fbed8cd27d38cd793fba2,delivered,2017-04-22 11:33:13,2017-04-22 11:45:13,2017-04-24 15:58:20,2017-05-03 11:21:43,2017-05-25 00:00:00
667193ac90447ff11c01fa504f18a4b1,a566b0041f91bec5f9633116d0f3d354,delivered,2017-11-28 14:16:57,2017-11-29 02:21:53,2017-11-29 20:21:48,2018-01-05 22:08:01,2017-12-22 00:00:00
a19f578b12bca98c69170dff3d7b9599,2f2dbae2eeb2f76a1f1201875073624e,delivered,2017-03-15 21:23:47,2017-03-15 21:23:47,2017-03-21 09:11:46,2017-03-24 17:28:05,2017-04-06 00:00:00
6463c23b6850a055b0facc3baa597e91,2c9f984472847a993724a86948aff4e4,delivered,2017-10-11 12:13:09,2017-10-11 12:28:17,2017-10-13 16:29:05,2017-10-18 18:35:00,2017-11-03 00:00:00
60751e744ac01225d93eb8bd65592ff0,124d228fbb63b271ac5a81ea36b43f39,delivered,2017-03-16 14:59:52,2017-03-16 14:59:52,2017-03-22 08:29:48,2017-03-30 14:38:00,2017-04-18 00:00:00
8ac618028633e98678ec484cb98a073a,e7f624afbdeb3915d810f2d8c483c345,delivered,2017-11-27 01:26:52,2017-11-27 01:37:24,2017-11-29 17:57:53,2018-01-08 22:39:20,2017-12-15 00:00:00
5abdfb6d65a94da27f6cfb009d417f6b,6fe3189a52c5a26a8980af19d26b30d6,delivered,2018-05-09 22:42:30,2018-05-09 22:55:25,2018-05-10 14:48:00,2018-05-19 15:56:29,2018-05-29 00:00:00
c54125146b0e42fbe85ada6802c51f30,eb1992e3905f9f9085b031e36b98e4dc,delivered,2018-08-12 15:37:11,2018-08-12 15:50:11,2018-08-13 15:19:00,2018-08-16 21:42:05,2018-08-27 00:00:00
8f20a2bcde63b6e9b1d88a8b7bb9ca53,7107fc539b88dd4fb7fab4e60f9eeea3,delivered,2017-06-09 19:13:08,2017-06-09 19:22:07,2017-06-13 07:45:48,2017-06-23 10:57:28,2017-07-14 00:00:00
3f53cb579bd18271e2770a9d9fadc63e,6f62cca544282a538bbae512ebcf0b9a,delivered,2018-01-28 07:10:53,2018-01-30 05:31:39,2018-02-05 09:59:29,2018-02-14 19:38:47,2018-02-20 00:00:00
6e0261934103e060a0bed9e878373374,66a470a0e1d8c76b9a21cb40912bca2f,delivered,2018-01-17 10:11:03,2018-01-17 10:18:25,2018-01-18 10:17:25,2018-02-02 18:46:55,2018-02-14 00:00:00
69cb53f8c670d38d607fe3083b4fbbcd,eb3fca4e06e504332655bbfc8b689609,delivered,2018-08-10 19:49:38,2018-08-11 02:35:49,2018-08-20 13:31:00,2018-08-21 18:41:50,2018-08-24 00:00:00
f3a1afc2437c5eb6c3ef3d974cf47d08,8713490761730338d44c032437698048,delivered,2017-03-27 23:51:01,2017-03-28 00:43:02,2017-03-30 10:44:57,2017-04-10 22:58:17,2017-04-18 00:00:00
c274216562a0ca3b0f14b7b46b8f7f4e,2f59e6ae8264da17adca44753f354ef9,delivered,2017-12-14 07:11:39,2017-12-15 02:16:05,2017-12-19 18:33:04,2017-12-29 00:19:00,2018-01-19 00:00:00
cae09e797a12dd266a6b4ef0a4185910,176dea972808adbbe398302c3e8e0b30,delivered,2018-01-19 09:36:02,2018-01-19 09:53:12,2018-01-23 23:57:03,2018-02-02 15:48:40,2018-02-20 00:00:00
ef45721e5184380ab98c58de39230c42,63fc3cc680cfe86e7325de3069d53cbb,delivered,2017-11-30 13:30:03,2017-12-02 13:52:22,2017-12-05 00:39:35,2017-12-07 19:47:57,2017-12-18 00:00:00
0f12cbc174814d0b137bb00d87bea3ee,cafd020d75573a79a7cb037f87b31515,delivered,2017-07-02 12:59:35,2017-07-02 13:10:12,2017-07-04 15:37:33,2017-07-07 18:11:12,2017-07-14 00:00:00
fe0972da0b118700eb5b1a5063476738,da77bdc7a9873008349cc29b5e877ae6,delivered,2018-03-01 08:23:50,2018-03-01 09:09:15,2018-03-02 21:46:37,2018-03-05 20:15:08,2018-03-13 00:00:00
4d5bae0860712936c87891ce32cf0d76,9fb00a5e93d15b7cd3b848b9e904e4b4,delivered,2017-02-13 18:00:53,2017-02-13 18:10:23,2017-02-14 12:29:16,2017-02-21 12:21:37,2017-03-16 00:00:00
1d3e89c83af0905d749a8d07aac56855,e81e7f31e6b27c161760c4088585d3ec,delivered,2018-08-14 11:53:21,2018-08-14 12:10:11,2018-08-14 13:49:00,2018-08-17 17:58:45,2018-08-30 00:00:00
4f5310c68c4e9a2c3d5bd708df07d212,7d5d4cb3f861bdf4c9b730fe41e771cd,delivered,2018-06-21 22:30:13,2018-06-21 22:57:13,2018-06-22 10:38:00,2018-06-27 11:41:56,2018-07-13 00:00:00
6f17dbe0baf3d45a1ddf91bf756dc359,56b6ff1140f9689464ba8e3bf8b9749e,delivered,2018-07-06 08:27:50,2018-07-07 04:50:14,2018-07-10 13:05:00,2018-07-13 15:14:44,2018-08-03 00:00:00
493ba21a937e956c5e0e4e26c9f1b7f9,408d74d06be5d5140bb933f248de1342,delivered,2018-07-15 09:56:32,2018-07-16 13:30:36,2018-07-27 07:26:00,2018-08-02 18:06:41,2018-07-26 00:00:00
42274fe831e72c2936614e49ba46d9bc,b94081252e6426e1f737d627e974142e,delivered,2018-01-19 19:51:57,2018-01-23 03:36:53,2018-01-26 12:29:09,2018-01-30 13:23:45,2018-02-14 00:00:00
92fe9f93b7bb7a99f55be01fcd629140,c48354807076a9621832dc2144c3ce08,delivered,2018-06-04 16:08:03,2018-06-04 16:29:53,2018-06-07 13:53:00,2018-06-08 14:08:58,2018-06-28 00:00:00
65d519114847599fa70eb2575fc38a15,1765628d55d5b0e3edbd16320eb576d7,delivered,2017-08-27 02:56:31,2017-08-28 03:04:11,2017-08-28 17:23:54,2017-08-31 19:42:43,2017-09-14 00:00:00
51d1ab11845cf149f0b42a66dcea1ac1,aa48a7bcd1bdf28f822046696a7f4dfa,delivered,2018-02-25 20:45:09,2018-02-25 22:00:39,2018-02-27 17:43:06,2018-03-05 20:47:45,2018-03-16 00:00:00
2dd1b3fcb05d15852bfc51a0a8405381,1b730e245b9e48cc3938dd8aa2dfebc4,delivered,2018-08-10 19:29:10,2018-08-10 19:44:31,2018-08-13 13:17:00,2018-08-18 14:17:33,2018-08-30 00:00:00
c6007f8fb6a4e182373f412b2ee462bb,f5fd359780c6c132348b31e90805b3bf,delivered,2017-10-11 09:18:23,2017-10-11 09:28:16,2017-10-11 16:12:50,2017-10-18 18:18:57,2017-10-31 00:00:00
82eac7c627107b7699fb95a7c5961127,bee721b303a846631fb342854dd624e9,delivered,2017-11-26 09:29:07,2017-11-26 09:54:21,2017-11-28 17:49:03,2017-12-06 20:51:36,2017-12-20 00:00:00
23185987a928a964abc85b9dec1f39e2,8915506d8d59fa7dd9213f136fce84f8,delivered,2017-09-23 15:31:05,2017-09-23 15:44:36,2017-09-25 18:55:46,2017-09-30 13:23:55,2017-10-10 00:00:00
1edb4efa70d2b132ba169e874a344588,e15a3239b1f0fc47edb0e438bb849eef,delivered,2018-04-27 22:31:02,2018-04-28 22:31:23,2018-04-30 14:47:00,2018-05-02 18:19:25,2018-05-11 00:00:00
beecb33087d159cc2dc627ff4a1fb9e1,83730488524b0398123e465b5b9b3e7b,delivered,2018-01-21 01:39:34,2018-01-23 03:52:42,2018-01-26 20:27:05,2018-02-05 13:29:43,2018-02-15 00:00:00
392139c3311c506adf32de8492011f15,f5d1b27f73d5f8ee3a0f4a4237cc1d41,delivered,2018-04-18 11:14:20,2018-04-18 11:31:44,2018-04-23 20:54:44,2018-04-27 22:41:56,2018-05-16 00:00:00
463270aee6f932c94319683e66e7e59d,4a447c627d4ea252ae512ba273c6d5e2,unavailable,2018-04-17 19:40:26,2018-04-17 19:55:17,,,2018-05-14 00:00:00
0f97133226253ab3a950e71d636a957f,fd926c6c56bc716a43189cec4fb37854,delivered,2017-03-22 14:02:21,2017-03-24 01:42:58,2017-03-24 12:59:49,2017-04-10 12:51:52,2017-04-12 00:00:00
dd38b886d39ef65944147719095164eb,0431efe603d40ebbd845a573ba0e25bb,delivered,2018-06-27 10:27:19,2018-06-27 11:06:46,2018-06-28 13:32:00,2018-06-30 00:11:29,2018-07-12 00:00:00
5407dd425b0427513c6f63025414fb33,85c95113b1158d7ec148427c0a223c92,delivered,2018-08-26 21:12:52,2018-08-27 11:35:18,2018-08-27 14:39:00,2018-08-29 23:04:51,2018-08-31 00:00:00
a42f5a19988bcb397ae627a3a72eb735,bafa1579d04b177aecfc4ae43af01b18,delivered,2017-08-27 16:38:29,2017-08-27 16:50:13,2017-08-30 19:22:17,2017-08-31 15:41:41,2017-09-08 00:00:00
5dacb51b4933fe7d6cf500c8e576e333,3544f5570b5b852f65909e56d8a4abf8,delivered,2018-06-28 12:00:52,2018-06-28 12:15:16,2018-07-04 07:59:00,2018-07-11 15:47:44,2018-07-20 00:00:00
c5c1bc50dd24bd493ca543401aa6d592,973769db015fccb0984873fe8ae93ab3,delivered,2018-04-20 20:33:06,2018-04-24 19:25:49,2018-04-23 22:11:38,2018-04-26 22:14:48,2018-05-14 00:00:00
d16cf2288861412bc266621085b73055,b82c4220110dc5c1c3d7f067aa9bd065,delivered,2017-06-13 20:02:01,2017-06-13 20:15:54,2017-06-14 18:49:45,2017-06-26 14:45:49,2017-07-12 00:00:00
cfd5d5311ae38742b4ecdbcf4c3662a7,8219dbbbff05552e56dabd762e39de3a,delivered,2018-02-09 18:55:54,2018-02-09 19:08:12,2018-02-15 00:32:01,2018-02-21 19:52:00,2018-03-14 00:00:00
48e57ab120e323dcb9b330fe88adfd87,401adc576bb58618a2b3d02f760cc4a1,delivered,2018-03-26 13:32:27,2018-03-27 03:35:08,2018-03-27 21:49:00,2018-04-17 18:14:51,2018-04-18 00:00:00
937592924b66482b823ee7ecd185d0ff,0fbd856ba1d4961786fb54bd448eb7fe,delivered,2018-03-31 19:17:43,2018-03-31 19:55:18,2018-04-02 19:10:46,2018-04-06 22:05:04,2018-04-18 00:00:00
2882e815bbb59314e58194adf2fe61e3,1cc48f15ae29278a2ae5fd4ace4c97fd,delivered,2018-04-24 23:49:23,2018-04-25 00:11:09,2018-04-26 12:58:00,2018-04-30 22:59:28,2018-05-17 00:00:00
0b33796d2382e9a9fde619a584ba7216,68c54dbda8f6d832d974c45a869031c2,delivered,2018-08-26 11:59:34,2018-08-26 12:10:14,2018-08-27 14:56:00,2018-08-29 22:31:47,2018-09-05 00:00:00
a3196fcf306076770911dcf50b642454,c37b71524043e5e4c9756394d4608244,delivered,2018-03-22 21:58:46,2018-03-22 22:10:46,2018-03-27 17:06:40,2018-04-03 21:48:46,2018-04-13 00:00:00
e2bdd50123225ac6e08ff517b00fd06c,fe4869851c79359d114ba6ae40984e4f,delivered,2018-04-01 22:29:55,2018-04-01 23:10:15,2018-04-03 14:34:45,2018-04-17 17:06:38,2018-04-20 00:00:00
44a3722417745e1a99c297ced13c7b85,eb1485636d09be205400230836ca6391,delivered,2017-11-11 22:15:28,2017-11-11 22:30:21,2017-11-14 21:58:39,2017-11-25 01:12:44,2017-12-11 00:00:00
682a34b810b30b9d81683fa8ad2113d5,8ad8a191b4613c49278c97ae88f993ca,delivered,2018-01-08 13:42:41,2018-01-09 07:18:31,2018-01-09 22:59:04,2018-01-18 00:09:01,2018-02-09 00:00:00
c13a31bdadbbd5f75b449c0ad554088b,636bb425fbe0392f59b1f687a7c34d50,delivered,2018-07-25 08:32:23,2018-07-25 08:45:09,2018-07-25 15:37:00,2018-08-06 12:34:31,2018-08-10 00:00:00
ef24d89a1994d468c2903e3d2dbfae56,b16866ec831fa280adc36a71f6a30dbe,delivered,2017-12-16 09:25:10,2017-12-19 09:37:28,2017-12-19 21:43:32,2017-12-27 19:07:07,2018-01-12 00:00:00
2c5694feea13be5112a5023228135940,7a5d50a89a0ad890e129b405db3805de,delivered,2018-07-07 23:47:15,2018-07-08 00:45:45,2018-07-11 07:34:00,2018-07-16 15:45:58,2018-07-30 00:00:00
aa9e7e290697c3c9494307fe13cad72b,b97776786873f881069e64b28947cade,delivered,2017-07-06 08:48:23,2017-07-06 09:05:12,2017-07-07 13:09:05,2017-07-18 17:43:36,2017-08-09 00:00:00
3bfc0203088a0e595525c78127c2706f,8fbb8d23c7ba8c4375e6eb948709754c,delivered,2017-11-22 22:26:53,2017-11-22 22:36:22,2017-11-23 19:37:01,2017-12-04 19:07:08,2017-12-12 00:00:00
0c23c36327d99027c61ca570921b0fb7,84936b26581d8bbe95b82c100ba14cf5,delivered,2018-07-21 13:29:40,2018-07-24 11:33:12,2018-07-25 11:56:00,2018-07-27 18:28:22,2018-08-07 00:00:00
5afa996de851bd409a84c61745106947,737a7651cb45d8669d7b056c7c0f9444,delivered,2018-08-07 14:24:03,2018-08-09 03:44:52,2018-08-10 15:23:00,2018-08-17 19:41:06,2018-08-27 00:00:00
ee1de1bcd287c6d9584b5e78d1b534be,491689eb90a5e67c0967a80dcab074f3,delivered,2017-12-01 11:05:40,2017-12-01 11:30:59,2017-12-07 22:18:30,2017-12-09 17:21:55,2018-01-04 00:00:00
4e9909164c9d3f4d58d9428b6e09d523,e02c5d44fb7541a69f8af6a52d1b35a4,delivered,2018-08-18 19:14:55,2018-08-18 19:30:09,2018-08-23 14:30:00,2018-08-29 18:21:14,2018-09-25 00:00:00
e5b2ed06cede059b5085e68c5225d993,e6882e9b4d8cac7125a6d98947ae0bf3,delivered,2018-01-05 12:59:02,2018-01-05 13:10:28,2018-01-10 18:49:38,2018-01-26 00:26:56,2018-02-02 00:00:00
60c5d3b8318f48d8a751a2d510c5a88c,1667c9660e2d8494588daa01cf9e3f86,delivered,2018-05-15 18:05:49,2018-05-15 18:34:38,2018-05-16 13:46:00,2018-06-06 15:44:58,2018-06-14 00:00:00
c4f67dd915abee56ff2c2bd41bbbed24,65005249e480233f5dcacfca69ab372c,delivered,2018-06-24 16:33:26,2018-06-24 16:54:37,2018-06-26 09:28:00,2018-07-13 11:59:40,2018-07-24 00:00:00
b55194d272b7e65501f2d19906f38060,271ce99781ce163e49fba6e260a1d27d,delivered,2017-12-01 06:57:04,2017-12-01 11:31:11,2017-12-04 16:25:31,2017-12-12 16:24:59,2017-12-28 00:00:00
4d552c5c82094dbeb98a8048f8b31adb,f8ead8ee59c35cd73f3960fe570bc5fc,delivered,2017-10-07 11:03:08,2017-10-07 11:14:12,2017-10-09 22:09:49,2017-10-16 23:25:57,2017-11-06 00:00:00
acd76a8508680cbb5d4c04707be03f87,7a2ffc93e2f9aac4cd2c0e4564446777,delivered,2017-03-13 15:48:42,2017-03-13 15:48:42,2017-03-20 02:15:36,2017-03-27 12:54:35,2017-04-11 00:00:00
332bd11885d05706808d2941958750a9,d561be8fcdf9f945abfe5f09806f3549,delivered,2018-08-16 12:41:01,2018-08-17 08:55:21,2018-08-17 12:05:00,2018-08-23 16:58:54,2018-08-30 00:00:00
0e082c9595209f2c00439a05c63561fb,ed6fcc0b293e7864b2713bdefd4fd460,delivered,2017-08-21 02:21:08,2017-08-21 02:30:10,2017-08-21 17:46:53,2017-08-22 21:24:56,2017-09-11 00:00:00
66f3359b47e8264aac9b1ab1f7bec4d3,3135801869ea8e2206ce08a16ffad3bf,delivered,2017-06-22 12:44:03,2017-06-22 12:55:22,2017-06-23 12:55:55,2017-07-13 10:13:45,2017-07-05 00:00:00
ddc6397d6300a0416f6f40c48f6aca70,ff682feefd003038774bac996140956f,delivered,2018-05-19 18:10:31,2018-05-19 18:32:34,2018-05-21 08:06:00,2018-06-07 21:22:04,2018-06-13 00:00:00
442a41b00a8a8bda35511fdf1eb65cc5,e42e2e8642f9c09100b6667e321c2811,invoiced,2018-07-11 22:27:32,2018-07-11 22:45:43,,,2018-07-20 00:00:00
455a25fb79e199f6568a9965cc2ad66a,7b9822271e0d86d065661726b72c2c85,delivered,2017-10-01 13:53:46,2017-10-03 04:07:29,2017-10-06 20:33:45,2017-10-13 22:45:37,2017-10-31 00:00:00
26f35d2f228f74c5c9ca3a74c3a88d7c,a04b42b4fd7b36ef879752176cd57557,delivered,2017-06-11 13:38:21,2017-06-11 13:45:15,2017-06-14 16:19:39,2017-06-16 12:05:06,2017-06-26 00:00:00
36989eb07a0de2d3d3129eea35553875,aadd27185177fc7ac9b364898ac09343,delivered,2016-10-04 13:11:29,2016-10-04 13:46:31,2016-10-08 13:46:32,2016-10-11 13:46:32,2016-12-06 00:00:00
7f630339b7d16d7f1a6c058f630c1810,f967c25871b87b8bd465b80856cd4bfd,delivered,2017-07-18 16:42:37,2017-07-18 16:55:12,2017-07-19 14:17:00,2017-07-27 17:07:01,2017-08-07 00:00:00
814285c4ea443c9cdf551361bbfcc83d,a27aa9e97a539fa2a0fbb84e7bd256f7,delivered,2017-11-24 22:13:33,2017-11-25 00:37:56,2017-11-29 15:59:43,2017-12-11 18:29:09,2017-12-19 00:00:00
5772e7bcf14445f0aecc59de975ecaef,7b3e9422b4c8dcb4f68ce2a0227a1959,delivered,2017-07-26 14:41:36,2017-07-26 14:50:17,2017-07-31 15:37:45,2017-08-11 17:50:17,2017-08-29 00:00:00
2e59e4db9ac621c946e8451c300f1317,61d359e1107b398326e830d479b466de,delivered,2017-05-17 11:27:13,2017-05-17 11:42:27,2017-05-17 13:52:39,2017-05-22 22:13:59,2017-06-06 00:00:00
93430185e43190a6a3f456ac4cd38c21,8313eb26bc4c26a2a3dd287ad29a8e6e,delivered,2017-07-22 15:21:16,2017-07-22 15:35:16,2017-07-27 14:46:03,2017-07-29 13:58:50,2017-08-04 00:00:00
755f8f33280efbcfdfc8fe696de7ab9a,77909ecb9985cb412898f220fcb008da,delivered,2018-03-22 16:13:54,2018-03-23 02:27:56,2018-03-23 21:28:35,2018-04-14 15:32:06,2018-04-13 00:00:00
dacb5451d8212730dc1a84aa53330a58,043f84c471d1141aa553fc893c6fa14c,delivered,2018-02-06 12:12:03,2018-02-07 02:55:54,2018-02-07 16:48:35,2018-03-15 13:38:54,2018-03-13 00:00:00
5caf5fb0686c880b74eb3b01aa82c50f,1a90988c0f84b38f929c3700bfc2b122,delivered,2018-03-06 19:57:26,2018-03-06 20:10:50,2018-03-08 00:23:28,2018-03-16 17:50:59,2018-03-26 00:00:00
eb64b58a232837a289266be299ae35c9,d43d753751aa25b79c0d8abc9ce4fa2f,delivered,2018-05-17 17:07:37,2018-05-18 01:57:15,2018-05-22 06:53:00,2018-06-09 02:18:46,2018-06-21 00:00:00
0b886faaea82e30898a5dbf0ffa73e51,4df063e444386a404859f4d9bdbb5063,delivered,2017-10-14 20:30:30,2017-10-17 03:49:22,2017-10-17 23:02:57,2017-10-26 00:44:00,2017-11-03 00:00:00
5ec0629d25d2736b943c5607137c5182,024d9375532751f84d5bb83ac936b3f8,delivered,2018-06-23 12:14:03,2018-06-23 12:34:56,2018-06-26 14:13:00,2018-07-02 18:50:59,2018-07-17 00:00:00
48d30a78681848a5caa890b0acc9ad72,4edf532487459eda21dd6ee099adf329,delivered,2018-03-15 20:58:52,2018-03-15 21:10:35,2018-03-22 11:04:25,2018-04-13 17:54:37,2018-04-10 00:00:00
99021b49ffd0cada43b75ff6410b7220,94de4a73d21c497efec22433a67a6804,delivered,2018-04-30 18:55:27,2018-05-01 02:36:12,2018-05-02 14:43:00,2018-05-04 16:26:47,2018-05-16 00:00:00
7c46b5ee3a6b6152b85d5d245784bc25,184ab3d6d53ad7db0f980d864012d5df,delivered,2017-09-07 10:36:54,2017-09-07 10:50:07,2017-09-08 20:00:03,2017-09-20 17:36:17,2017-09-29 00:00:00
8217a590b5344050a87f2e38d9aa0cf7,b6b56e9f292d6bee01d74ee5dd2e4b73,delivered,2018-02-03 22:21:59,2018-02-03 22:35:28,2018-02-05 18:41:26,2018-02-15 01:37:36,2018-03-06 00:00:00
f0d11024591943c8ebd0a97abf1e6b5c,2d25b4b19f9b3e7e23827db330bf528e,delivered,2018-05-10 09:42:41,2018-05-11 03:10:23,2018-05-11 12:04:00,2018-05-24 14:42:39,2018-06-13 00:00:00
1ea0993dbee417148367f2243ce047ec,02b2b9ae976e3d979e488606fdac435e,delivered,2018-01-27 11:20:42,2018-01-29 22:15:25,2018-01-30 18:08:43,2018-02-17 00:04:09,2018-03-01 00:00:00
e2b81f0134f91f1be92e48ef39ee0d99,c891f94087a1bcda077d185cb4edfff5,delivered,2017-06-18 18:40:41,2017-06-18 18:55:06,2017-06-26 14:55:48,2017-07-07 16:49:33,2017-07-27 00:00:00
cb4b8586416200f4f78647bb9b690543,bd46ef0523578ea078328cf1e798a4b9,delivered,2018-02-05 18:42:01,2018-02-05 18:55:38,2018-02-07 23:04:33,2018-02-14 20:07:52,2018-02-21 00:00:00
fdaa819b4c4dba8f7ed72e2d1102971c,430bbd24755cc4be5a426827ce2f7e4b,delivered,2018-06-17 15:21:47,2018-06-17 15:40:46,2018-06-25 13:48:00,2018-07-03 01:08:50,2018-07-18 00:00:00
c8e3106879ca183126a8033f35d62bfe,ad5a008e1d77152cc956b926f893b603,delivered,2017-11-26 22:54:04,2017-11-27 14:21:45,2017-11-28 20:48:45,2017-11-30 21:33:06,2017-12-11 00:00:00
af5eca8e6b44dcb050c7a8ecb66fb6cc,db2213c437bec3b7db3bc07b6ea4b35f,delivered,2017-07-05 20:57:09,2017-07-05 21:10:13,2017-07-06 14:45:51,2017-07-07 12:49:43,2017-07-18 00:00:00
219011b6543055a960c7dd94cc5e0770,9b9fc5bf9794aa5a631da2499da279eb,delivered,2017-04-15 11:47:49,2017-04-15 12:02:54,2017-04-17 10:43:48,2017-04-22 05:27:56,2017-05-09 00:00:00
39440d3f8a70fc392a19f6a6fd1af993,6f715b0f57a3f9763415e74d205782b4,delivered,2018-08-19 11:30:36,2018-08-20 11:32:51,2018-08-20 13:06:00,2018-08-29 22:03:14,2018-09-12 00:00:00
d121027be5b028cea6170824da6bdbb7,345e38cd989db3d85c8709398b975141,delivered,2018-02-10 11:38:38,2018-02-10 11:47:54,2018-02-16 00:38:44,2018-02-22 21:59:19,2018-03-08 00:00:00
15b9bbc3bfc272e14a8da450ed7867c2,8242a1cee3edc3b94095009410aa4118,delivered,2018-05-15 14:07:20,2018-05-15 14:35:33,2018-05-24 12:24:00,2018-06-10 18:17:40,2018-06-08 00:00:00
33b4b136d93aba3984987dc2c213713e,018bd804612e66267d4dc4ac8f8b98c1,delivered,2018-08-14 18:46:06,2018-08-14 19:04:18,2018-08-15 14:18:00,2018-08-16 18:26:46,2018-08-20 00:00:00
ce2d26887805bd860b4ed0368e29ae95,7ff5f98578a06497fbc4570758e05eb1,shipped,2017-07-23 16:56:53,2017-07-23 17:10:16,2017-07-25 11:03:59,,2017-08-17 00:00:00
660aaf581bff579657fa00152ba11a7a,00efb24cd00f8eda8e85e3c3e0f2eb66,shipped,2018-04-15 18:09:08,2018-04-15 18:31:05,2018-04-24 01:51:56,,2018-05-07 00:00:00
b58d52e3a578620cf3e4cd9b2b5a0516,fe7217b7ff946d143c80fd4852c32836,delivered,2017-12-04 13:15:11,2017-12-04 16:49:18,2017-12-05 16:32:43,2017-12-19 15:43:35,2018-01-10 00:00:00
a016702972f9a03256db6aecb30ba538,6a7a60f2de054b1783ac690620679578,delivered,2018-08-05 15:09:19,2018-08-07 04:10:23,2018-08-09 08:12:00,2018-08-15 09:28:33,2018-08-22 00:00:00
6c721c8ce1b433e68655575af4955976,1ea07fa33f6aa42805c074d31c82f590,delivered,2018-01-11 12:59:51,2018-01-11 13:12:19,2018-01-12 21:03:21,2018-01-24 18:22:17,2018-02-14 00:00:00
8ee3616d5dd7807654cfa5658895cff9,f0c3b92019e378a971f4e17e5885a0dc,delivered,2018-04-12 11:21:09,2018-04-13 02:32:26,2018-04-16 22:23:24,2018-04-17 13:38:36,2018-04-30 00:00:00
6bbd90ca863235a9127bcc432f30af08,c16bec2b01fabb4f62303a573abfc285,delivered,2018-05-22 13:46:56,2018-05-22 13:55:34,2018-05-23 16:48:00,2018-05-28 14:28:28,2018-05-30 00:00:00
c8c684d11191f71210df7c6a22115def,a072679ac4ac4d56f1aaff9e763836ed,delivered,2018-02-26 17:19:24,2018-02-26 17:36:03,2018-02-27 23:52:21,2018-04-03 11:38:29,2018-03-20 00:00:00
d17cef1f461b1a777ffe306534d10b02,e2157b635c16457dc9918ab3de181461,delivered,2018-03-09 15:17:28,2018-03-09 15:30:42,2018-03-12 22:07:26,2018-03-29 01:41:37,2018-03-27 00:00:00
b9a505c23bb00c07421e4ef2c9381e5b,6cd80ca371f4be9a7bd93aefcf6dfcb7,delivered,2018-07-16 20:54:03,2018-07-16 21:10:12,2018-07-17 10:35:00,2018-07-26 18:21:28,2018-08-06 00:00:00
94e51ec4177923b1a9f4deb3c5187035,5efc5047589fa989a362c98f2137de01,delivered,2017-08-15 00:14:11,2017-08-16 00:35:23,2017-08-16 19:23:22,2017-08-30 16:58:14,2017-09-06 00:00:00
10910627bade59f9426abd86cf292846,264b3478b46ef33ccb784acbaa3c9142,delivered,2018-05-15 15:25:06,2018-05-15 15:35:24,2018-05-16 10:55:00,2018-05-17 22:04:37,2018-05-24 00:00:00
f67e4bef168cedf6abbb72fb0d9909c6,cff7d309b878ba3fc6bc7093c68fb8c7,delivered,2018-01-17 13:46:16,2018-01-18 02:11:20,2018-01-24 18:02:44,2018-02-01 23:29:50,2018-02-09 00:00:00
31a8766241a787028fc15329259dd644,38feb76a2d5be48d28f3cb600f7ae220,delivered,2018-02-01 10:08:33,2018-02-01 10:15:32,2018-02-05 19:24:30,2018-02-14 18:29:04,2018-02-26 00:00:00
bd1e47bffae57a3de85b034cb9d7a89f,633fd0b12f89cd6869975b2e7c393335,delivered,2018-08-12 09:56:51,2018-08-12 10:10:10,2018-08-13 13:26:00,2018-08-22 19:16:34,2018-09-11 00:00:00
e32a5647b61199db6ed9118d2de5ee5d,acf5ff42d19e917a14f2da1e8b81cf9e,delivered,2018-02-08 12:57:36,2018-02-08 13:10:31,2018-02-09 17:52:09,2018-02-21 18:59:15,2018-03-06 00:00:00
bf1291114442efae296ac5f7bfb3d195,f16962e130603161149712806cdd212e,delivered,2017-06-25 19:47:17,2017-06-25 19:55:10,2017-06-27 13:52:08,2017-06-28 16:46:32,2017-07-14 00:00:00
6f748695717d537b882406da58acefec,b31da288a5d93df0b87661fae41bda52,delivered,2017-01-12 20:28:10,2017-01-12 20:44:31,2017-01-13 16:51:48,2017-02-14 15:07:50,2017-03-02 00:00:00
0c9f4cd9a2f5e3783d9ec0f4daa33741,3bd34d2695b29daf46c726ca65adaa76,delivered,2017-08-28 09:58:45,2017-08-29 13:45:18,2017-08-30 20:10:49,2017-10-14 13:35:40,2017-09-21 00:00:00
2398303669883856391bb4ecd9a5db0a,4bd0a701ee517a0fcba6220743b7dfbe,delivered,2018-08-21 14:02:41,2018-08-23 02:50:16,2018-08-23 08:19:00,2018-08-28 19:20:56,2018-09-21 00:00:00
62e8878bf54a37544cf066414f3a2c72,a9bb25e5e037a48e105498de8c4042d9,delivered,2018-03-02 15:27:05,2018-03-03 02:35:37,2018-03-06 17:33:11,2018-03-16 22:12:59,2018-04-04 00:00:00
85a08640d88815b0ede472adb059d337,72fbca98280bcd9d6131e02416d992f0,delivered,2018-06-29 08:25:50,2018-06-29 08:35:13,2018-07-04 08:37:00,2018-07-05 21:36:20,2018-07-13 00:00:00
0a979eab29ef830d6363887a00907fb3,48fdce8f3b86a9177f826892cc29b8ec,delivered,2018-02-08 15:02:47,2018-02-09 10:11:33,2018-02-10 04:16:42,2018-02-16 20:43:59,2018-03-12 00:00:00
e3c6b0e299f89807d09492f4404f8cc6,324f0fb44bafb7a6d6d23aaccd7a9f34,delivered,2018-07-22 10:44:26,2018-07-23 11:30:58,2018-07-24 06:51:00,2018-07-27 17:22:00,2018-08-06 00:00:00
91711692ae6735d80d347c000533637f,022c68d559d62cee79d2a5a4bd567feb,delivered,2017-05-02 13:39:55,2017-05-02 13:50:19,2017-05-03 10:57:44,2017-05-11 09:24:00,2017-06-06 00:00:00
6f8c31653edb8c83e1a739408b5ff750,30407a72ad8b3f4df4d15369126b20c9,delivered,2017-08-01 18:38:42,2017-08-01 18:55:08,2017-08-02 19:07:36,2017-08-09 21:26:33,2017-08-25 00:00:00
5ccf62709f079c27307f316fdc2e794a,b30ebfccb79dd342c844951b58af71ab,delivered,2017-12-08 16:15:26,2017-12-08 16:33:24,2017-12-11 23:37:37,2017-12-19 12:22:27,2018-01-08 00:00:00
5fe18112061d552a439bf8a33e638468,0e1b2ff4b8a1ef60fd78f8c3e7df6d4e,delivered,2018-02-27 11:37:15,2018-02-27 11:49:49,2018-02-27 22:28:59,2018-03-07 20:48:53,2018-03-26 00:00:00
6c6de9251e9be0fba786819778705796,c1a4802d6a1a6c5eac355f26af6f8f5e,delivered,2017-10-25 13:00:10,2017-10-25 13:14:42,2017-10-26 21:22:39,2017-11-07 18:33:09,2017-11-13 00:00:00
5fa4923e35eb4c0d471dc44378b1215c,34719522510c9db1f9599a1dc98d61a5,delivered,2018-01-10 17:02:12,2018-01-11 02:48:46,2018-01-13 02:17:19,2018-01-15 17:49:05,2018-01-29 00:00:00
9f7acee13d271fc4082692dd7d0485c5,da78567acd7705268aed9990c5b148a5,delivered,2018-05-08 21:51:17,2018-05-08 22:14:49,2018-05-14 07:02:00,2018-05-18 18:26:30,2018-05-28 00:00:00
18b5c5e3d06b8ffb3935759ce29393f3,ab95418b637c62c3f1eae85f50c29c21,delivered,2017-05-26 20:06:30,2017-05-26 20:22:17,2017-05-29 11:55:55,2017-06-13 11:48:31,2017-06-20 00:00:00
c75eebf08446545f765d7cfc1ab89342,f971a3a1f0bff189598bbfb8b62466aa,delivered,2018-07-01 11:15:50,2018-07-01 11:30:28,2018-07-02 16:04:00,2018-07-04 13:29:02,2018-07-16 00:00:00
8a4398f9b38e8023cd570362226cabb9,fd064e0e937391f82a81598d9de12c85,delivered,2017-03-07 05:48:44,2017-03-07 06:02:57,2017-03-09 08:58:52,2017-03-22 09:58:41,2017-04-12 00:00:00
300acffc653419f09eea9de45afa0460,302b06db224fdf184b7815e96b72d9bc,delivered,2017-05-05 21:35:52,2017-05-05 21:45:15,2017-05-08 15:45:28,2017-05-31 15:05:09,2017-06-07 00:00:00
01c998b70e420ec36563386a4b71c6bc,598f0ad85bfe5c15f18b219ad41a2167,delivered,2018-01-23 13:47:46,2018-01-23 13:57:28,2018-01-29 19:04:09,2018-02-14 22:51:23,2018-02-20 00:00:00
5b2f8cfd2fc117b59e6a0247d77f07d1,ec251fa96058b74b101b87f413fcd120,delivered,2018-06-05 17:11:13,2018-06-05 17:53:44,2018-06-07 14:43:00,2018-06-13 22:31:10,2018-07-11 00:00:00
d8f3f6f587c473f30872ffdf8170fc6c,08c107b0b78e43fa0195263569937873,delivered,2017-12-11 13:16:13,2017-12-13 02:49:46,2017-12-13 18:13:46,2017-12-19 18:22:39,2017-12-28 00:00:00
a598d09b856449e0bf8798180ce4a2a2,5136f67979625c2a7a41a1b221d53b94,delivered,2018-03-20 15:28:49,2018-03-21 02:56:02,2018-03-26 23:31:05,2018-03-27 17:03:41,2018-04-02 00:00:00
330f4c4ce3d46e9f892b06e6f0bc9aad,14b614cf1dd2da6594c658a69fbbeb54,delivered,2017-01-30 22:18:53,2017-01-30 22:32:45,2017-02-01 15:34:22,2017-02-09 10:14:40,2017-03-21 00:00:00
de829fd7475239b4c3110ca7660f971e,14cb060b0482a83fa6609d36909bb3eb,delivered,2018-08-15 22:13:57,2018-08-15 23:04:17,2018-08-16 13:00:00,2018-08-20 21:47:42,2018-08-28 00:00:00
79c294f3f4e5a5957b8a02e8a7c8cf17,bc1cd5120f7f6894c5164a38d880739e,delivered,2017-10-20 21:51:50,2017-10-20 22:05:54,2017-10-23 19:42:59,2017-10-26 21:09:00,2017-11-08 00:00:00
5ec91483e95a827de47b9b592f44d893,3b56ff9de63e4c2fa73c05d315e51720,delivered,2018-03-29 15:57:41,2018-03-29 16:10:08,2018-04-03 21:05:28,2018-04-12 16:13:12,2018-04-20 00:00:00
233f0d86db908dbeb6c2ae5675b31e71,bbeb2d228004bb46b49889f614f80c48,delivered,2017-11-15 20:55:55,2017-11-15 21:10:33,2017-11-16 14:17:50,2017-11-21 13:58:32,2017-12-11 00:00:00
fe05c6dcaf512456a03860df06cc034c,437dcc2bd3f47c77e640b63a067d408a,delivered,2018-07-16 08:22:32,2018-07-17 07:31:34,2018-07-18 13:28:00,2018-07-23 18:21:32,2018-08-08 00:00:00
56086e96a54fabdcbfc3c78440bde7c4,37328df0ebcfea7a5217b32e1ae23776,delivered,2018-01-05 18:12:09,2018-01-05 18:28:09,2018-01-06 16:04:03,2018-01-20 13:46:29,2018-02-02 00:00:00
251a3d3baf58424356225283feed770f,6702e5e1b4f9af9cffd902369dda2925,delivered,2017-06-22 13:35:18,2017-06-22 13:45:22,2017-06-27 08:53:15,2017-07-10 21:44:47,2017-07-28 00:00:00
c36b4feac86d66f1ad82c82c388f187e,cbe9f8fd52e2a3803cc739bb06a17e18,delivered,2017-04-05 10:13:32,2017-04-05 10:23:21,2017-04-06 08:44:22,2017-04-12 14:05:48,2017-04-28 00:00:00
95d825d3c9ac0db6ca8f1e567cec7586,335acb5307e077b6832f5e77c451a93b,delivered,2017-03-14 16:47:29,2017-03-14 16:47:29,2017-03-16 15:01:47,2017-03-22 08:49:24,2017-04-04 00:00:00
c1bcd85491d0472bf5d90c9890197a75,369e8d5b3fb4177c3c9a6623f408cb1e,delivered,2017-12-02 19:15:04,2017-12-02 19:36:32,2017-12-11 20:05:28,2018-01-06 16:24:53,2017-12-20 00:00:00
5996322816675c956bf3f370bf0ff4d1,cf2ce3864ef4dd04822db087e540d2a3,delivered,2017-11-27 18:15:04,2017-11-27 19:01:17,2017-12-07 16:05:07,2018-01-16 11:58:40,2018-01-08 00:00:00
4ce789d7705c17767436b6931e654637,e384138611b6bc0b16b651897b5c7f77,delivered,2017-12-12 20:56:42,2017-12-12 21:11:32,2017-12-14 13:43:43,2017-12-15 20:23:41,2017-12-29 00:00:00
8f056cc6f955f6980089a1941b682c7a,104a2c4dd474047d0e06b3b120d5a740,delivered,2018-03-18 18:40:01,2018-03-18 18:50:28,2018-03-19 20:27:27,2018-03-31 15:42:36,2018-04-09 00:00:00
f611b669f06123c801cb15f4af16ac14,e0db23438c1fcbcc82885a1ce40b0bfc,delivered,2017-02-06 21:45:30,2017-02-08 03:25:25,2017-02-08 09:53:45,2017-02-17 11:52:03,2017-03-09 00:00:00
6e92a04973cb201200ecb4d6f82bb5bd,dc74aac682ad015d9b0e0fa85182e16f,delivered,2018-03-02 17:45:24,2018-03-02 18:15:35,2018-03-06 15:32:34,2018-04-11 17:52:32,2018-04-02 00:00:00
d08c5166c66141d063d3f11027334ac9,5532fe32bfed171f1ed8fa7c0f5fdb67,delivered,2018-01-14 22:47:28,2018-01-14 22:56:22,2018-01-15 20:56:43,2018-01-17 19:14:22,2018-01-30 00:00:00
fd5c73fb6edc88486582bf0a0bb989aa,c348e5bd22ca24a447a221536c71d8b3,delivered,2018-04-09 11:34:37,2018-04-09 11:50:20,2018-04-11 20:04:57,2018-04-17 18:12:47,2018-05-02 00:00:00
d00fc126358622ba5ae0ba1a334b3bc5,a596a519d885d2cd292e329de18406f6,delivered,2017-10-17 00:04:06,2017-10-18 00:08:05,2017-10-23 17:52:46,2017-11-10 23:41:40,2017-11-03 00:00:00
40df325dfbb83b29d6b1ad21ab997c10,c358ba3b6586cfe86c59d44af141dbc2,delivered,2017-12-28 02:52:36,2017-12-28 02:59:23,2017-12-28 17:05:32,2018-01-10 19:56:45,2018-01-31 00:00:00
69aa7c6140efd63150254b0fb1340fc9,4231adc0342d4df0ed221d4dcc6dd867,delivered,2018-08-03 09:47:51,2018-08-03 10:04:17,2018-08-08 17:06:00,2018-08-23 02:27:46,2018-08-17 00:00:00
d142143fa24d4a2bef6ed627060e7754,c17d2be37ef7d75f89a60427c9509ae1,delivered,2017-07-18 12:13:01,2017-07-18 15:03:35,2017-07-20 14:33:33,2017-07-27 20:53:43,2017-08-14 00:00:00
46ab0d006e1c391cd1633fdf0d416983,80c6c2c72b6a846b395f3a58a2431e7a,delivered,2018-03-09 04:07:11,2018-03-09 04:28:33,2018-03-09 20:06:35,2018-03-15 21:08:46,2018-03-27 00:00:00
62c2d78676c10f5c78087b70543d2b16,0d322d00e59c4e1f3487753c793d89a8,delivered,2018-06-28 16:27:33,2018-06-30 02:52:30,2018-07-03 11:29:00,2018-07-04 17:46:34,2018-07-12 00:00:00
bf79d036f5374ea92a94c50341ada3da,42da46ef0cdd769b68cea0d88b6bc5ec,delivered,2017-02-01 09:08:09,2017-02-01 09:21:08,2017-02-03 17:08:04,2017-02-07 11:28:10,2017-03-14 00:00:00
ada6146d9553232fb9b561d1e5105b11,77dcfcff30320d1bd63923be4386dd45,delivered,2018-01-18 22:48:55,2018-01-20 09:08:35,2018-01-22 17:58:38,2018-01-23 22:10:34,2018-02-02 00:00:00
c9078b2ce6167917416ddd9b7c40b5f5,6375f48d885428bd1c84628e80583a8f,delivered,2018-03-03 19:10:32,2018-03-06 03:35:37,2018-03-06 20:33:02,2018-03-22 20:22:22,2018-04-12 00:00:00
4382f48f29370e70ec4ef6aa3578e1c9,e5cede01799d43206f0e40fcfe683457,delivered,2018-07-29 21:59:48,2018-07-30 18:31:39,2018-07-31 06:14:00,2018-08-03 22:09:34,2018-08-10 00:00:00
a83c50dc6af9424ae926506ebac55807,32e5a91de170f83d02e01af03c9179a0,delivered,2017-02-06 16:57:03,2017-02-06 17:05:18,2017-02-13 16:13:05,2017-02-21 11:23:39,2017-03-10 00:00:00
9cf6e3606af3b114428d4fed81663328,78f0a23ab766cbadc53402d12b7ae0a5,delivered,2017-10-02 17:59:25,2017-10-02 18:14:19,2017-10-04 11:13:47,2017-10-10 22:15:49,2017-10-24 00:00:00
bd894349358da79873bd34c1a65386d4,fed77c9c964215dcfeab228ecb2626f9,delivered,2017-11-28 17:19:59,2017-11-28 17:36:27,2017-11-30 13:47:56,2017-12-16 03:32:21,2017-12-20 00:00:00
510c73928b73404e2d64851f6b4bfdc5,4359218ab99c76acaab0ab7a42ecbde1,delivered,2017-11-18 10:28:38,2017-11-18 10:35:43,2017-11-22 21:18:29,2017-12-11 12:48:28,2017-12-18 00:00:00
fc893e13a220f3fb9b2108b582e773a0,8995948deb6e45a15df3420710e7f836,delivered,2018-04-11 10:48:14,2018-04-12 08:32:18,2018-04-13 19:22:48,2018-04-16 16:57:30,2018-04-24 00:00:00
e69e74f39691b8c09d8660c8e000ddd2,53eb76954510c8d2cf430ee48ca94a88,delivered,2018-08-02 16:17:20,2018-08-02 16:31:02,2018-08-03 13:53:00,2018-08-08 14:17:35,2018-08-09 00:00:00
7fa29c5dbd1f9eec7b00227f5c389220,eec74815d488bfc5f2c9b9a2d919ea4a,delivered,2017-07-15 20:43:13,2017-07-15 20:55:14,2017-07-17 17:29:29,2017-07-24 20:05:44,2017-08-04 00:00:00
dc72db753eb60af9ec0bf9afaf60f36d,3ea02d8ec736f8f94fcdcf7d43bbfb92,shipped,2018-04-10 18:54:26,2018-04-10 19:10:21,2018-04-16 21:57:47,,2018-05-08 00:00:00
576b3b33dc81c4368f8256613418a197,74d42649584dc3dca22a3f1f27232c53,delivered,2018-05-26 12:04:00,2018-05-26 12:30:13,2018-05-28 11:18:00,2018-06-22 19:32:01,2018-07-19 00:00:00
1a783a61e77481647e463b2ea0f911a2,697cea79f32e1063d631e0d4b171f94c,delivered,2017-10-10 13:29:48,2017-10-10 13:49:23,2017-10-11 21:53:44,2017-10-23 18:12:03,2017-11-03 00:00:00
605b496ab2cd71fe8105952dafc16227,abb8d1e0d880ced1635658db8459d3e8,delivered,2018-04-18 10:12:10,2018-04-18 10:31:41,2018-04-19 20:28:36,2018-04-20 21:05:38,2018-04-30 00:00:00
d6935883de7964fcdc68585bac9166a7,ff0f3edd2b8fff9ba615091f7bc4e94a,delivered,2017-07-20 14:45:34,2017-07-20 15:04:09,2017-07-24 14:33:32,2017-07-26 18:22:36,2017-08-11 00:00:00
cb392984e12bc8b50d40dbf37f39e607,0163a9517d96e283b1a883de0e71c826,delivered,2017-06-25 16:44:15,2017-06-27 04:25:13,2017-06-28 12:05:59,2017-07-05 16:49:34,2017-07-14 00:00:00
e630382ebe09e682fd9032c7d269f62b,f41cd30821b697ff6f6e7795504222e9,delivered,2018-03-30 10:50:57,2018-03-30 11:30:20,2018-04-04 01:16:42,2018-04-12 10:38:38,2018-04-25 00:00:00
0dc7533a0c0ca1829f5a42eabed32f0a,d1447849bd806efd6282988355588728,delivered,2018-06-19 22:58:32,2018-06-20 22:59:20,2018-06-25 13:32:00,2018-06-28 15:36:11,2018-07-23 00:00:00
de2e0be3395e374e584e529164aa90d7,86a8fb1aaab0081f723b823cf8e1f544,delivered,2018-04-04 12:33:34,2018-04-04 12:50:21,2018-04-04 23:16:51,2018-04-09 21:59:43,2018-04-26 00:00:00
b67f6518481ab5413b3ef3c6790bd80a,404b2eb61444fc048a4f341afcbc0177,delivered,2018-02-08 19:56:39,2018-02-09 02:50:04,2018-02-09 23:19:01,2018-03-07 23:54:50,2018-03-14 00:00:00
e3b8f30edc738fdf0897de9bf8b49d56,05d60fc26b194e6dc23ea70547c7133e,delivered,2018-04-11 17:51:02,2018-04-12 08:32:19,2018-04-12 20:02:03,2018-04-16 17:38:44,2018-05-04 00:00:00
02e151e3ad2aa3f8e99de08c81a93c2c,2e59f355ea7b6170c754758463c9fd3a,delivered,2017-06-23 11:36:02,2017-06-23 11:50:15,2017-06-26 16:35:15,2017-07-03 15:12:04,2017-07-24 00:00:00
fac93ab061de252fc2dbaaab7d9f9eb1,129a7bc3c739aa7408c39e551839a416,delivered,2017-04-29 20:02:54,2017-04-30 06:35:15,2017-05-03 14:59:47,2017-05-05 09:24:28,2017-05-23 00:00:00
9b4c1520f96ed1e13a3d6f8c2aba947e,8f72fcb39cd1b4d93e94f8f1f67d4a3f,delivered,2017-09-27 00:01:47,2017-09-27 01:33:26,2017-10-03 15:38:07,2017-10-17 13:36:34,2017-10-25 00:00:00
b951bb66b451384026a3308f84f1eab9,ab9cefdc87045d3caf9d99f66f9cabf7,delivered,2018-02-27 21:43:37,2018-02-28 21:48:16,2018-03-02 18:05:47,2018-04-21 19:03:19,2018-03-19 00:00:00
9a25279f96f2403819fb2c4879143408,7c4afbffcbcec9554ef4e4d72654ff4b,delivered,2017-12-19 22:04:52,2017-12-19 23:11:48,2017-12-20 18:49:14,2018-01-06 10:38:49,2018-01-15 00:00:00
43b496a7732ace398ea4eb3bd520ab22,41021cf729eff1a1ef1f51f09fa39bea,delivered,2017-09-09 22:44:37,2017-09-09 22:55:17,2017-09-11 17:08:01,2017-09-18 20:34:47,2017-10-04 00:00:00
31725408e39733c6fbccf9559d25f0e4,6638d6c704daf2772787e6c5fdac4a3b,delivered,2017-10-25 11:42:39,2017-10-26 11:37:49,2017-10-27 18:49:46,2017-11-09 19:40:20,2017-11-22 00:00:00
0a6b7c79b8c67dedc51f2dea7b4e1e59,929e8b8500b8ccb7bfa2b1acf29a9459,unavailable,2018-01-13 13:27:33,2018-01-13 13:39:19,,,2018-02-21 00:00:00
3e7bc2221b2c46fafa06f741386784fc,f651fadf067034d6d5a186390b45289a,delivered,2017-07-12 22:10:05,2017-07-12 22:25:14,2017-07-18 16:57:53,2017-07-24 19:27:37,2017-08-03 00:00:00
2d5a9031ce30f2732d18bb3722b887a4,1fa1869a410018e63e73c5a1fe358492,delivered,2017-05-22 14:38:48,2017-05-22 14:50:07,2017-05-24 12:39:46,2017-06-01 10:55:31,2017-06-30 00:00:00
b6777988359768bf8f2390aa6d072be4,89be8c52816ae302e2651016521de879,unavailable,2017-10-30 14:07:30,2017-11-01 03:31:21,,,2017-11-23 00:00:00
8ab806ee10c5bea563190cd4b77c1f37,9608360c7bbb4f54ed8f146749f434b4,delivered,2018-05-12 18:53:33,2018-05-12 19:16:43,2018-05-14 13:58:00,2018-05-16 17:12:28,2018-05-25 00:00:00
4b156097ed5516456bec1b582279acf8,98c7df0a28c0bdabac4c8b71bad62bbb,delivered,2018-05-26 11:44:37,2018-05-26 12:18:36,2018-05-29 13:23:00,2018-06-11 20:05:04,2018-07-16 00:00:00
e940dfc11f35a222dc7dd0e6700aecc0,324eac4ceebc42547e8fcd67e05ca202,delivered,2017-07-12 10:50:31,2017-07-12 11:10:16,2017-07-13 17:06:05,2017-07-26 16:22:33,2017-08-08 00:00:00
876c8ccfb730dd9208e4396dc70f12bb,b6c3e25b416d1c61d86474fc9ae679a6,delivered,2018-04-12 18:47:11,2018-04-12 19:13:18,2018-04-19 19:19:22,2018-04-20 19:38:39,2018-04-24 00:00:00
d5cb12269711bd1eaf7eed8fd32a7c95,f1622b5b691cbc9c39f10ff359043335,delivered,2018-05-14 17:00:31,2018-05-15 17:37:52,2018-05-16 13:36:00,2018-05-18 17:12:51,2018-05-29 00:00:00
1590f37cad06b14cb123f6a45b2bdf4c,1d9185a63d204e8a36a36edcadb69a95,delivered,2017-03-28 14:27:14,2017-03-28 14:35:22,2017-04-06 10:54:03,2017-04-15 13:55:35,2017-04-17 00:00:00
f45d992f8c9a6be367fa7fa47feb268d,b5733ce0a21606ab2fae67325d0b3fd5,delivered,2017-11-07 21:50:08,2017-11-07 22:09:08,2017-11-10 17:59:03,2017-11-25 12:56:50,2017-12-05 00:00:00
1849f999e825151d7fd632cd119ea64b,70ef4661cf83920a58053995d19f07e6,delivered,2018-03-03 20:56:48,2018-03-03 21:10:30,2018-03-06 02:20:38,2018-03-14 23:28:23,2018-03-15 00:00:00
1d1a241bc979244649c42261b4edf004,c4afc968646c76f10008f7c941f81f09,delivered,2018-03-04 16:33:52,2018-03-04 16:48:40,2018-03-05 22:53:05,2018-03-14 19:48:35,2018-04-10 00:00:00
dc3146686b7c516346445d58e2113e43,fe9757c08271007ee20b169fb0ab2843,delivered,2018-05-12 15:28:29,2018-05-12 15:59:50,2018-05-14 12:45:00,2018-05-15 15:52:50,2018-05-24 00:00:00
03b936f126145f2bb36600400aedb13a,f1f51e74435d2a80493b83c3d90598ac,delivered,2018-02-18 08:42:06,2018-02-18 09:46:25,2018-03-02 21:53:34,2018-03-24 15:09:50,2018-03-14 00:00:00
d3137f0d4c2ad2e593c900f406f344a2,ab704393de67bbc46d712f1d44bcf326,delivered,2017-09-10 01:10:18,2017-09-12 04:45:52,2017-09-14 15:45:36,2017-09-19 21:27:04,2017-09-27 00:00:00
6389c29392c5959831de3e0875ae1cb3,f56b1e83a495532db3a3f953b856c280,delivered,2017-07-15 10:52:04,2017-07-15 11:05:16,2017-07-21 19:12:14,2017-07-27 19:54:31,2017-08-04 00:00:00
2bcf195f4b476e9e1a4bd6d139db37ea,c630eb58d4776ae146e9b25b93caa58f,delivered,2018-05-18 16:58:03,2018-05-18 17:15:30,2018-05-21 09:32:00,2018-06-06 20:44:37,2018-06-07 00:00:00
80676617af8e89bce2394d4e7fa87cfe,aac46f6e29f3a08ca467112ee8a6b0f3,delivered,2018-04-28 10:38:55,2018-04-28 10:53:40,2018-04-30 14:43:00,2018-05-08 18:34:49,2018-05-23 00:00:00
d6d59c5812d95b8d6500ff342ff60d48,a0302ff99a88b577e90a3e823e23f03a,delivered,2017-09-21 13:09:12,2017-09-21 13:25:48,2017-09-25 15:58:13,2017-10-04 14:57:04,2017-10-13 00:00:00
bcf4d80488b9f38a8d2649960da26771,f564b984ce7a01925073c4c5494297bd,delivered,2018-05-07 22:10:03,2018-05-09 03:33:44,2018-05-10 16:12:00,2018-05-15 17:58:54,2018-05-25 00:00:00
88bf5b4aa46a6a1db2d81f68b8983a42,6b53c8e698ffdea3353ba3339aacfa95,delivered,2018-03-06 10:19:54,2018-03-06 10:35:35,2018-03-07 23:04:48,2018-04-18 12:41:46,2018-04-10 00:00:00
06c17d1278ee3d265f881df4a58f11d3,4e5235534f808b754485c20dd4380e37,delivered,2018-08-14 13:01:18,2018-08-14 13:15:21,2018-08-15 12:49:00,2018-08-28 20:04:07,2018-09-10 00:00:00
d185b3d0bd26a99d5c96601c1fcd2fc7,10af370476c83fd83030e8c170e52466,delivered,2017-10-18 10:14:50,2017-10-18 10:36:24,2017-10-20 16:07:58,2017-10-23 15:43:13,2017-10-30 00:00:00
b5968d622fd956659480afc3320a104e,322f2569c4dca8ee5119d0714fc09c1e,delivered,2018-01-10 21:06:26,2018-01-10 21:13:26,2018-01-15 17:35:34,2018-01-27 14:37:48,2018-02-02 00:00:00
f1daf5f42c9fb7827c086e695b3878d7,226c533210b6fceb3ddfa7027f0c4df9,delivered,2017-11-17 08:36:53,2017-11-17 08:46:55,2017-11-17 20:51:54,2017-11-24 20:58:48,2017-12-12 00:00:00
09ea2181de5a14e01d90b6ff01835a33,65e12813d36c9d1e94fff60fc037a117,delivered,2018-04-02 09:54:13,2018-04-02 10:09:04,2018-04-02 20:32:25,2018-04-11 00:32:31,2018-04-18 00:00:00
3b4495ee12b140977975b7ef18c904aa,3923af2f4604d8f1df2d24eb23b9175d,delivered,2017-09-12 11:50:12,2017-09-12 12:05:15,2017-09-14 17:55:30,2017-10-04 22:09:56,2017-10-06 00:00:00
9c90fbe071e26ccef32878449010af00,e2c58f1e51bd85bcbd584fa798847e49,delivered,2018-02-09 17:04:45,2018-02-09 18:00:22,2018-02-15 00:22:34,2018-02-28 20:58:44,2018-03-07 00:00:00
ac00d3859c095d282f6bef69e0ed1b38,503d0a7d55227b38ccce96ec23251f5a,delivered,2016-10-06 18:03:01,2016-10-06 18:32:03,2016-10-14 18:00:00,2016-10-15 18:32:03,2016-12-20 00:00:00
5f7811f83d3d9d0aa1f4c9bcd1cc1a12,f37fb2c140fb551fdb28892bf23f6146,delivered,2018-08-15 19:48:02,2018-08-15 20:04:02,2018-08-16 15:34:00,2018-08-18 17:18:43,2018-08-29 00:00:00
ec46fa0c63f83339ec26fb20a159d488,7ee00ee969c57da7ce91d3c4009be0ab,delivered,2017-12-14 01:07:45,2017-12-15 02:15:53,2017-12-19 20:49:03,2017-12-28 01:24:46,2018-01-23 00:00:00
6886aae7a8428ce1fa707bc8fb70acf8,a259e2eccc91a131646b5dfa00988496,delivered,2018-03-18 17:17:30,2018-03-18 17:30:49,2018-03-23 18:39:01,2018-03-28 13:59:05,2018-04-16 00:00:00
df32e509e806944de5c4b9141d1565c3,423b4f94d0273da200ab86fa28715b1b,delivered,2017-03-30 06:24:14,2017-03-30 06:50:08,2017-04-03 08:22:41,2017-04-07 17:45:57,2017-04-28 00:00:00
5ac4eee743a86a4f0d1b7ee150d1bb34,bc64e5a7d927cba23c4b58e8c417c2f9,delivered,2017-11-26 00:10:06,2017-11-26 00:32:47,2017-11-29 23:24:46,2017-12-27 11:47:59,2017-12-22 00:00:00
04e289ce03d58b279959796d73dee219,e96eebd81a229dde6b3fb15b0936c2a0,delivered,2017-07-28 08:29:08,2017-07-28 08:45:33,2017-07-28 19:52:40,2017-08-02 19:39:59,2017-08-21 00:00:00
125e97537241764b49f9051540737feb,a45395f07a92cd548dea90cfaabfce8a,delivered,2018-08-14 20:41:50,2018-08-14 20:50:30,2018-08-17 13:29:00,2018-08-27 18:06:35,2018-09-03 00:00:00
9ab5804f143a0859cfc1b3a0ca126e6f,7d9d6c4d34962c84f0d06f33b5db1514,delivered,2017-11-24 08:18:54,2017-11-24 08:31:57,2017-11-24 21:09:30,2017-11-26 15:34:53,2017-12-08 00:00:00
de0daebf5103477af7117c12c057b772,b6dcf411c45cbe8e176562028c22851f,delivered,2018-06-08 14:24:32,2018-06-08 16:30:51,2018-06-11 11:49:00,2018-06-12 17:38:53,2018-06-19 00:00:00
e4be13e2fd66a70ce8fb95ce428a8709,5d4ae5d223a0e0651cf67856cf17cd06,delivered,2018-04-25 08:57:16,2018-04-25 09:10:28,2018-04-25 11:54:00,2018-05-21 17:26:29,2018-05-29 00:00:00
2ca4efdc485d435bf550022118cb95db,6e6df7996166b5783047dde933d16116,delivered,2018-06-11 21:36:24,2018-06-11 21:59:57,2018-06-15 16:35:00,2018-07-10 22:08:44,2018-07-24 00:00:00
93ce5dbe519fd117a153211be6475a39,23a6843fde89b7a73271d0b7d7ead49e,delivered,2018-04-10 07:23:55,2018-04-10 07:35:23,2018-04-11 20:21:59,2018-04-12 21:21:33,2018-04-26 00:00:00
d2e35b4e5cffc778521aa3b668c29bcf,07c031e9f5c32ee5a8d05a52e646eb2d,delivered,2017-10-05 11:41:02,2017-10-06 02:35:26,2017-10-11 21:02:51,2017-10-24 00:19:47,2017-11-07 00:00:00
b737d0aece7ff528ec36941e12664817,f396efa1786c7dfc9742d2512ff88f0c,delivered,2017-12-31 05:24:30,2018-01-02 16:08:58,2018-01-03 21:12:52,2018-01-16 16:12:55,2018-01-29 00:00:00
248aebbd996d29fa9e2c5fbe3d4bfd38,51a7b3b78432b359289f8a40fdb04e97,delivered,2018-06-22 21:14:45,2018-06-22 21:58:42,2018-06-25 14:06:00,2018-07-03 20:32:44,2018-07-18 00:00:00
87ad518d2d4ad356d66440d337c509de,3ea459499d86aec66f0485a32ae6868b,delivered,2018-08-06 16:19:35,2018-08-06 16:35:15,2018-08-09 09:56:00,2018-08-16 15:11:56,2018-08-23 00:00:00
e20f1823b7c3cea563148b3d9864132f,867375159eb6b26b2c4215966b2206a1,canceled,2017-05-16 22:17:00,2017-05-16 22:25:13,,,2017-06-12 00:00:00
1da92dd75ffc36cc14317d51cabcc67e,02fa11df400d8458c3bfe07f7273c894,delivered,2017-10-06 16:57:08,2017-10-06 17:14:11,2017-10-09 19:43:32,2017-10-18 18:04:15,2017-10-31 00:00:00
31e20f393d978aab31a2c05963f156a3,5975709105828e59aa92011e083dd9d8,delivered,2018-04-18 09:45:32,2018-04-19 02:32:08,2018-05-09 08:01:00,2018-05-11 18:54:45,2018-05-04 00:00:00
e70405e60d48ff7771de55e6b39a09da,0781f7137f42f48c0121b25b06a9587a,delivered,2017-10-30 11:54:58,2017-10-30 12:10:23,2017-10-31 22:09:32,2017-11-03 21:33:26,2017-11-10 00:00:00
8cf69b251bfcd650555347d7752a3625,c77e6863cdbccae4fe453de9d000b858,delivered,2018-07-09 11:20:01,2018-07-09 11:30:18,2018-07-10 12:08:00,2018-07-24 23:51:18,2018-08-02 00:00:00
a6017d04cfa5f1b3bda082a341338f98,c4906d9f23c3ff2deb2941f5767f88d2,delivered,2017-11-13 14:40:45,2017-11-13 14:55:27,2017-11-27 13:18:40,2017-12-21 21:41:29,2017-12-08 00:00:00
add60b533a3e4c356398fde8b7987eac,fad05c6edc4b2f7ec246318da04cfd72,delivered,2018-05-04 15:05:29,2018-05-04 15:15:26,2018-05-07 15:36:00,2018-05-09 19:14:29,2018-05-14 00:00:00
9fb81511dfc1d6959ed1052930efd8a6,b240cbf2b50a10ee1f80b42c56b99069,delivered,2018-07-17 11:16:54,2018-07-17 11:30:21,2018-07-17 14:19:00,2018-07-24 01:03:27,2018-08-06 00:00:00
3f9da547c613941c5743b7e033c6ad31,3cbc2f75bb5bd1f95dd67b5d1555a399,delivered,2017-08-13 21:11:28,2017-08-13 21:25:14,2017-08-14 20:01:27,2017-08-18 17:42:55,2017-09-01 00:00:00
b3ea3f6381d1b6d2683698960134fe13,fbb6b1c7deb81cb55bd3c0ccf3414912,delivered,2017-07-28 15:38:34,2017-07-29 02:23:49,2017-08-01 18:17:45,2017-08-07 17:35:55,2017-08-22 00:00:00
35e622ae03fe40ef5476f73b37919c0b,d42db8cdbda56f4cef9e43da03e57c06,delivered,2017-06-27 15:44:20,2017-06-27 16:04:06,2017-06-29 10:51:54,2017-07-17 15:33:40,2017-07-19 00:00:00
6263f4308c3fde5104a2ead5e90dd41c,9b60903477438fec2ec05885d5a48fae,delivered,2017-06-28 09:39:43,2017-06-28 09:55:08,2017-06-30 14:23:45,2017-07-05 13:14:37,2017-08-01 00:00:00
259bf446f0b02fe474a518edf7a1862b,42cd1ae38937085bc5fbf0bfada57af1,delivered,2017-05-16 10:42:30,2017-05-16 10:55:12,2017-05-16 15:31:00,2017-05-22 15:26:00,2017-06-07 00:00:00
f626e77f9c9ecc457412d1dbb20dd314,6e5c2ca6254c012dee3cc2657ee7140c,delivered,2018-06-24 23:20:06,2018-06-24 23:35:17,2018-06-28 14:06:00,2018-06-29 21:03:46,2018-07-05 00:00:00
2b257925e49cd73ec3e98ab5eeed690d,5a67a288c4fb57c40eca425c8a20158a,delivered,2017-12-05 19:08:47,2017-12-05 19:30:49,2017-12-06 22:13:31,2017-12-12 02:15:01,2017-12-28 00:00:00
26ebbef3221e8b51c61400f22bd4956e,8df6ff33bdcef4ec159bcedbbf6d0283,delivered,2017-06-15 21:46:23,2017-06-15 22:03:00,2017-06-21 16:30:11,2017-06-28 12:36:34,2017-07-10 00:00:00
9ff3f5e7cee88825b32940649a3a2162,33317e517270fa92b2001b0dbdb64362,delivered,2018-07-17 14:20:58,2018-07-19 02:42:42,2018-07-19 13:56:00,2018-07-24 11:46:23,2018-08-14 00:00:00
f7ef6a6afaeb05b9f32f440bf4ef732f,5aa439f5f53153b4ba0aca0c5a39fcf6,delivered,2017-09-30 19:28:10,2017-09-30 20:14:17,2017-10-02 17:32:25,2017-10-13 17:33:17,2017-11-06 00:00:00
881a5cda3b897b035971e3fcfce58aa6,aabb289abf4c3277937c216d0729f36d,canceled,2018-01-31 16:16:21,2018-01-31 16:34:19,2018-02-02 19:04:47,,2018-03-01 00:00:00
46da9ca70ba869541332f73b43acad1e,2ad313a8287a197d9b303c380a6981db,delivered,2018-05-26 12:16:34,2018-05-29 03:15:22,2018-05-29 14:08:00,2018-06-02 16:32:37,2018-06-20 00:00:00
a471d7920ba6d0cf639d0d0cf7fff25f,405e4bf2d57bb2ce60e05d522d0b0631,delivered,2017-03-11 19:00:13,2017-03-11 19:00:13,2017-03-13 12:58:30,2017-03-24 12:00:02,2017-04-10 00:00:00
482e206fff82661add35d3aeab19fd93,22751df9d8e0530108d0997313791666,delivered,2018-07-14 15:26:48,2018-07-17 07:31:30,2018-07-18 15:16:00,2018-07-23 14:26:49,2018-08-01 00:00:00
713e88330db7e1d5390f3268287272b4,8718d4a503631c298cee26422d89442e,delivered,2018-02-25 23:22:45,2018-02-25 23:35:25,2018-02-27 19:26:33,2018-03-05 21:22:18,2018-03-19 00:00:00
1ea7acde8dacf11a098d0b85b13cdc0e,281fb8b9868caf9889214e5a8d56e271,delivered,2017-10-27 16:21:02,2017-10-27 17:31:13,2017-11-01 00:07:57,2017-11-06 20:17:37,2017-11-22 00:00:00
c819d9ce6576bb453e886c2e95aa5697,3af6cebe5d3701bd4f3b5fc04e34acc0,delivered,2017-08-16 14:36:34,2017-08-17 18:05:46,2017-09-15 13:19:52,2017-09-25 20:57:38,2017-10-02 00:00:00
f3d2fb271269ba8f728d079575258095,f868fe1bf45c95f76ed9626126de5f8c,delivered,2018-02-08 13:20:46,2018-02-08 13:35:28,2018-02-09 20:38:58,2018-03-12 22:16:27,2018-03-15 00:00:00
27a7ac440630f9de788e4d66e72c6424,5679e316d4dc59bd429d5851c36ed6c4,delivered,2017-04-21 21:38:07,2017-04-21 21:50:19,2017-04-25 15:37:33,2017-05-02 14:54:34,2017-05-15 00:00:00
f9862e3b43676dc2c34c7293f50c1cb9,d93817496c87018a015b649618dc7b71,delivered,2018-03-03 19:48:56,2018-03-03 20:09:31,2018-03-05 19:51:22,2018-03-20 00:23:36,2018-04-02 00:00:00
60639cf6e21b03e84ac060960347b628,8c638ad656b786e7a8550ab28c3ad4b2,delivered,2017-08-27 10:21:32,2017-08-27 10:30:15,2017-08-29 11:10:31,2017-09-09 16:17:56,2017-09-19 00:00:00
84ce3bfa332a0a5e57045f91f6dce21e,bbb9f5a943f8a29dfe08dfa1d45b1415,delivered,2017-07-29 00:23:27,2017-07-29 00:36:52,2017-08-02 19:17:45,2017-08-10 21:27:55,2017-08-21 00:00:00
5f498836a73a6ef414a303556f3f83bb,a5c29c5041ae005b9b27fe575835ef3b,delivered,2018-04-25 21:28:23,2018-04-25 21:51:16,2018-04-27 16:00:00,2018-05-07 22:36:48,2018-05-22 00:00:00
b2e2410ac54dcb51230fd94aef5bcd2c,04776bfb2aee6d25a15f65b172c0d92c,unavailable,2017-07-31 20:46:54,2017-07-31 21:10:20,,,2017-08-23 00:00:00
b66e31de6d25d8b51cc5c4f0535f55bf,0c79d230814815f24c232a4ba3efb445,delivered,2017-12-27 19:51:59,2017-12-27 20:07:19,2018-01-05 17:27:07,2018-01-17 18:32:12,2018-01-30 00:00:00
357699224271146ddda4a57375993805,9bdf60de7db54cde7c28804b02fb72b8,processing,2018-01-22 18:14:24,2018-01-22 18:33:56,,,2018-02-22 00:00:00
f565b5276bd106d6f173c196568826d4,7b6d1cb3dfe690a0b491f784fbd9db64,delivered,2018-07-10 10:42:17,2018-07-12 03:26:14,2018-07-13 14:35:00,2018-08-21 21:41:52,2018-07-20 00:00:00
b6f5d41c260425b5a3d5919bcb1ad8d8,48f33d2f74cd85093145532d5b9b14e9,delivered,2018-01-22 12:01:15,2018-01-23 03:36:51,2018-01-23 23:48:28,2018-01-25 19:02:51,2018-02-14 00:00:00
8d29abe41d9157240194d0210b529771,ed066dda2388fced0086629ab3d0c23f,delivered,2018-02-18 20:55:44,2018-02-18 21:55:26,2018-02-20 00:17:08,2018-02-28 18:38:34,2018-03-15 00:00:00
c1c72f2ef4448fb419f0f87a2d092003,7bab8a4106e1d9feeaae4b19d63857b8,delivered,2018-01-14 16:05:15,2018-01-14 16:17:47,2018-01-15 22:29:42,2018-01-26 18:03:57,2018-02-19 00:00:00
5b16a76486ec63a9f3e0460bebc4f63e,5debccf4a73e7443ca65bdc18b606e86,shipped,2018-03-23 13:06:30,2018-03-23 13:28:22,2018-03-28 15:36:28,,2018-04-20 00:00:00
69eda667e556fbf004a1c26468e91d35,837d37e337467452b7d2c2068816177a,delivered,2017-12-12 21:11:22,2017-12-12 21:32:32,2017-12-15 23:28:43,2017-12-26 20:09:36,2018-01-11 00:00:00
65a0e23dd4d092969ffca27ae31db180,d91a7750133a9d5ec389b604ddcb534b,delivered,2018-04-26 08:19:21,2018-04-27 03:10:29,2018-04-27 14:44:00,2018-05-07 21:49:49,2018-05-30 00:00:00
9fb6e7ca3a34e0500eb810d98b00b81d,6a9cb951f5f44cb1c5f3f2a34dfe16e8,delivered,2017-01-25 18:22:36,2017-01-25 18:35:18,2017-01-26 14:54:01,2017-02-06 13:12:56,2017-03-14 00:00:00
5bc4d0aa53124192dd06058bdf74a6a7,ad1e6270f2b9ecef0068bacaf3357338,delivered,2018-03-09 18:04:09,2018-03-09 19:08:29,2018-03-12 14:51:40,2018-03-21 18:20:37,2018-05-04 00:00:00
c85fe66e2c1cb66a9461604acc956de9,392ce97e67ef1251a2edd3b9f6aa4c32,delivered,2018-04-20 00:33:46,2018-04-20 07:51:23,2018-04-20 21:42:08,2018-04-23 18:38:44,2018-05-08 00:00:00
84f5e6c0a0e3155e38c00f434ba90ce8,0cecd74a34f636f301b750123dd4dd3c,delivered,2017-05-06 20:11:11,2017-05-06 20:22:13,2017-05-10 09:47:45,2017-05-17 14:03:42,2017-06-02 00:00:00
03a11ed94a7381584b86c4968625207b,c5c6a0a05aa9b46c6e725e72a557c00b,delivered,2017-12-21 15:46:46,2017-12-21 15:55:32,2017-12-22 19:08:57,2018-01-03 18:44:04,2018-01-18 00:00:00
cf7b757fbc81196ad9916c519c092321,967f07926e114ea00b83b7eb86a81aa8,delivered,2018-04-20 11:41:46,2018-04-20 11:55:23,2018-04-20 22:28:26,2018-04-26 22:08:28,2018-05-15 00:00:00
e84db8af8d16b9c6664ff223557618aa,9ad7c591767cfbf97521cd1a72ff7be4,delivered,2018-05-20 15:32:18,2018-05-20 15:50:19,2018-05-22 13:29:00,2018-06-11 12:32:46,2018-06-19 00:00:00
b382d7235f663379d5eb74493ca12981,f9666dd82bb4775054d1ca54fd32760a,delivered,2018-06-23 07:09:20,2018-06-24 07:16:12,2018-06-25 15:18:00,2018-07-04 21:51:09,2018-08-02 00:00:00
2697851a8696a6d7c13a64e8a9bafaab,1572a8eac493953576b6e08ace73594a,delivered,2017-12-18 15:06:30,2017-12-20 11:51:45,2017-12-21 15:27:10,2018-01-05 20:32:50,2018-01-19 00:00:00
b6d9bbae927316b9d3ee6c571e0e2b29,4fd7e58e0d98fa37ecd1fbc0042c67e0,delivered,2017-11-13 22:35:14,2017-11-13 22:50:45,2017-11-20 19:48:57,2017-11-30 00:24:37,2017-12-07 00:00:00
8b24ac1b82b802b6b9ea3c31435a91ac,fd9e470681250f6e4f164ca3ea31157e,delivered,2018-05-27 16:27:37,2018-05-27 16:55:26,2018-05-28 13:42:00,2018-06-11 14:48:47,2018-07-23 00:00:00
37d771671deec34e8685db30cf503d2d,6bc8bdbe0e04893baa7dc040bc8b15bc,delivered,2017-07-20 17:44:47,2017-07-22 02:25:17,2017-07-24 16:05:48,2017-07-31 19:12:41,2017-08-09 00:00:00
1d5d115e7464f3ec6686c8b290973878,9da65d090cc7853012b5f487e658bb97,delivered,2017-06-13 00:03:08,2017-06-14 02:15:46,2017-06-14 13:34:38,2017-06-19 21:47:33,2017-07-04 00:00:00
c57ae5ddbc1ce170981df1880afd9dd1,1a068512222fdd5c59a9c33578bfcebe,delivered,2018-05-14 17:17:20,2018-05-14 17:30:45,2018-05-18 17:18:00,2018-06-07 18:22:08,2018-05-30 00:00:00
aa1912713ec494655ab9e96900cc3004,83fb8d25e88be5dba999342b595c4ad1,delivered,2018-07-16 09:22:49,2018-07-17 09:31:03,2018-07-19 13:45:00,2018-07-27 12:51:46,2018-08-15 00:00:00
870a3cfbe4dab0f499a636a9fdeef87d,afb7c64474a22bed93447022809af886,unavailable,2017-10-08 09:22:19,2017-10-08 09:35:28,,,2017-11-01 00:00:00
4e2a8ecdaf9ce150d44ab12a6ea1c621,6ea3afed1e06ef8068705aac32a1cf9f,delivered,2017-11-24 09:03:59,2017-11-24 09:15:29,2017-11-24 18:03:29,2017-11-27 21:12:32,2017-12-08 00:00:00
69c4fac0dd4defce2f7f1fbf200d25ac,9dd63d86de8d079954d0f8c4cb8a6aff,delivered,2018-07-23 22:36:51,2018-07-25 02:45:17,2018-08-01 15:07:00,2018-08-09 17:18:35,2018-08-22 00:00:00
071a4b7cb627e6acfcbde9c7ec233893,65e76b6196e163f93011170f498258b6,delivered,2017-06-07 16:32:26,2017-06-07 16:42:30,2017-06-08 15:47:47,2017-06-16 11:07:01,2017-06-30 00:00:00
25d0b5f3b18171a316c74039473013aa,66b908567e8c8d5efc047d3df29ea72b,delivered,2018-06-23 20:30:49,2018-06-26 05:15:16,2018-06-26 15:03:00,2018-06-27 14:46:47,2018-07-05 00:00:00
75d5d3d16567a27eefc5752aeb063072,9909994172bb92df37805f2d2442faa1,delivered,2017-05-19 15:41:14,2017-05-20 15:50:07,2017-05-23 13:16:39,2017-05-29 14:13:38,2017-06-12 00:00:00
1bc1acc1a9efde3aaa00688fc9d33d2a,a4a012ed505920af7e837c4d3e385d34,delivered,2017-05-10 19:40:40,2017-05-10 19:50:15,2017-05-11 10:05:44,2017-05-23 17:19:49,2017-06-01 00:00:00
3020672893fa4aa5b9a077aef902851e,8626e57862a050c15c876163ee417754,delivered,2017-05-15 22:01:21,2017-05-15 22:10:18,2017-05-18 11:20:42,2017-05-24 11:57:33,2017-06-06 00:00:00
8beb59392e21af5eb9547ae1a9938d06,bf609b5741f71697f65ce3852c5d2623,canceled,2016-10-08 20:17:50,2016-10-09 14:34:30,2016-10-14 22:45:26,2016-10-19 18:47:43,2016-11-30 00:00:00
e160178b51f7ee94f6feb650d7d7bba2,d3fbf13e2d582b82826670a3cdac2fb8,delivered,2018-03-30 20:29:47,2018-03-30 21:15:28,2018-04-03 01:39:47,2018-04-18 20:40:57,2018-05-02 00:00:00
a539f2112c00901f99400581d41ae0eb,e370a74b55f19bf8ca82b0dfd5b3e396,delivered,2018-06-04 11:35:17,2018-06-04 11:51:23,2018-06-05 07:02:00,2018-06-11 18:52:45,2018-07-24 00:00:00
2ffc6b5ac3d28600297371ae9a1a960d,009e30667771830117017cf8581b98a5,delivered,2017-09-11 21:44:38,2017-09-13 03:15:19,2017-09-18 21:47:33,2017-09-28 21:39:58,2017-10-06 00:00:00
8d32bc48e3a459779502bdd1ee5d2f9d,bc6bb91e85817e9c9eb15e43a2689422,delivered,2017-11-17 19:41:56,2017-11-17 20:10:44,2017-11-20 22:19:51,2017-12-14 02:13:35,2017-12-13 00:00:00
94a475eca54dd55d7b506fa56a0e1695,7f8d90a7ede6e6e0df5f3dc68510e1de,delivered,2017-10-22 07:27:29,2017-10-22 07:49:11,2017-10-23 23:17:43,2017-10-31 16:03:07,2017-11-14 00:00:00
08d19d4c103470970b2f830e48e2d3a2,b419379d557fd4ee484ba77e2603d523,delivered,2017-12-04 15:33:38,2017-12-06 15:31:55,2017-12-08 02:33:45,2017-12-19 20:37:54,2018-01-02 00:00:00
b5b9c285b121f832e405d1de17e9db46,8b8d0640fdd20059025e46eb3f6968a8,delivered,2018-08-09 12:38:42,2018-08-09 15:05:13,2018-08-10 12:43:00,2018-08-17 19:26:25,2018-09-05 00:00:00
5f9f506121fbb5873e965264b8dd76bc,2899a15d86ca65cd24d1fc9a0deaf800,delivered,2018-05-31 11:50:32,2018-06-02 03:11:31,2018-06-04 11:23:00,2018-06-12 21:33:08,2018-07-12 00:00:00
4d87feffe740c5cd3c00ed67233c29dd,8fd9d1d1e2e21f8a83e5e7870f3b358e,delivered,2017-07-31 13:52:12,2017-07-31 14:05:27,2017-08-02 19:58:59,2017-08-09 18:15:07,2017-08-29 00:00:00
cd8922055a46d1a0f9e987d3a8702178,c55355e7b977437c0e3bd30e169b66c2,delivered,2018-04-26 16:45:12,2018-04-26 17:52:18,2018-04-27 09:11:00,2018-05-10 17:46:43,2018-05-23 00:00:00
68d1af4ddb903ed2dc66559f1d6ccb6d,b268037507b48f744a490734e38f979d,delivered,2018-03-18 14:11:27,2018-03-18 14:28:16,2018-03-19 21:46:32,2018-03-23 20:50:31,2018-04-17 00:00:00
3dd189079200a1a247bc4a01d16e7ebb,2f3e2d8073267f019f4b470612a159ac,delivered,2018-03-24 17:52:07,2018-03-24 18:07:59,2018-03-27 01:08:49,2018-04-02 21:38:47,2018-04-23 00:00:00
53035288acc866ee15423b4293722b46,12ea47b284521261ac272de65bbb3506,delivered,2018-01-19 09:43:55,2018-01-19 09:53:17,2018-01-19 19:06:48,2018-02-08 23:39:28,2018-02-21 00:00:00
ce46f08ba784f28bf92d234241303003,a514585df32ebbf46414cb2c506b7392,delivered,2018-01-05 16:24:48,2018-01-05 16:35:30,2018-01-10 00:15:15,2018-01-10 21:08:02,2018-01-24 00:00:00
ede16745f047fc093b284c4947784851,277b0953a979a9ec5ed390b2dada87d0,delivered,2017-04-20 09:25:24,2017-04-20 09:35:23,2017-04-24 10:27:35,2017-05-03 11:42:08,2017-05-16 00:00:00
6d07ebee9c7fa9c4749c7265c987bf0a,4bfed7ec90de2a498c6aaaf4ce5e4518,delivered,2017-05-22 09:06:09,2017-05-22 09:22:28,2017-05-25 09:58:30,2017-06-02 17:42:43,2017-06-16 00:00:00
c69fef70b78954f8127bf1940e002ac2,37b1bdc19b2c6a072058169f085d344c,delivered,2017-09-24 17:36:25,2017-09-26 03:35:27,2017-09-27 20:08:18,2017-10-03 19:44:01,2017-10-19 00:00:00
7477146d0d3adc1305846034436657ec,e4a55eed69fa7e98992be7fdc783a67d,delivered,2018-03-25 18:29:20,2018-03-25 18:48:22,2018-03-26 22:39:07,2018-04-24 20:08:41,2018-04-24 00:00:00
6dfce09652603d20237e1bc7caf8fd38,7351112249105109b7979df7a2fa2e59,delivered,2018-05-03 08:57:15,2018-05-05 03:33:39,2018-05-08 15:37:00,2018-05-14 11:58:52,2018-05-28 00:00:00
ebe2d3846c34a8a3acd056896bf32b17,ebf1d81904ce6ff1b68360ba92e5085b,delivered,2017-03-19 22:36:44,2017-03-19 22:36:44,2017-03-20 12:46:13,2017-03-29 12:10:58,2017-04-10 00:00:00
33621dd1b751a02342dc065c32f1c96c,2be14928b31b20bf6788d731a1bae71f,delivered,2018-08-02 19:39:53,2018-08-02 19:50:22,2018-08-14 11:39:00,2018-08-15 20:54:31,2018-08-10 00:00:00
0ea7c4f19490b13285f00729f7f9b276,46734ace53678d89eb4c725317503e26,delivered,2018-05-15 17:45:46,2018-05-15 17:55:25,2018-05-16 12:56:00,2018-05-21 17:37:46,2018-06-06 00:00:00
a4efbda58af31645539bafc75617196a,6035ab6f7cf530e8bc5d557c4ba1a6a2,delivered,2017-12-11 16:45:58,2017-12-13 16:39:26,2017-12-19 22:17:08,2017-12-22 14:25:17,2018-01-04 00:00:00
d56e764f8fe72cb1656efbbc36d504d1,ec33d3fc0f4da0b41f352f62cbaed8dd,delivered,2018-06-13 08:46:13,2018-06-13 09:15:35,2018-06-18 15:49:00,2018-06-22 21:54:45,2018-07-18 00:00:00
bb7cf7d6dbc99d0fd7bf5c103862d714,8b0c1ccac39f48b8c9394e460e30297d,delivered,2018-04-25 17:17:26,2018-04-25 17:52:34,2018-04-26 13:07:00,2018-05-16 13:32:30,2018-05-22 00:00:00
7ed823f248a9cadcbe22557af49a9be4,8ae2a65f966319256ceb39139a022208,delivered,2018-01-31 15:12:13,2018-01-31 16:00:39,2018-02-01 19:34:36,2018-02-15 19:33:26,2018-03-02 00:00:00
49325c2deee76676f1abd4811847e835,c76b22e8e66ca9c990456b48dcd8f64a,delivered,2017-12-06 07:35:30,2017-12-06 07:53:31,2017-12-13 00:57:48,2018-01-10 20:46:47,2018-01-05 00:00:00
0a9290cec2889b113c83f052547448f1,710cca84f93dad4ebbfff1220d409458,delivered,2018-01-06 15:32:11,2018-01-06 15:46:49,2018-01-16 17:18:44,2018-01-17 19:40:53,2018-01-24 00:00:00
9f97d58ef622c6157a17950ab866a5c9,f19b781c401819a9e33140da6fdcf8fa,delivered,2018-03-27 07:30:38,2018-03-27 07:46:50,2018-03-29 02:23:42,2018-04-02 17:52:16,2018-04-13 00:00:00
b31ee936a88cbd1d2c24a2e61db2c18c,50b2c0862868194601674a9dd330d234,delivered,2018-05-06 20:37:58,2018-05-07 09:56:32,2018-05-09 11:32:00,2018-05-15 16:52:14,2018-06-04 00:00:00
fbacb2717f779ec85691cc7fcec4f1d7,e217d743b426efd03312d4a04d1dedfe,delivered,2018-08-07 22:09:21,2018-08-07 22:25:16,2018-08-22 09:02:00,2018-08-25 00:11:29,2018-08-27 00:00:00
aa9b1d8c2b53c8780216ea7c3b88452f,37dab02dba724717bf07e823bcc44742,delivered,2017-04-10 16:44:31,2017-04-10 16:55:19,2017-04-12 16:08:12,2017-05-05 06:27:42,2017-05-08 00:00:00
50997e4944fb68c2da4386a8dedbd498,941494ba3e1f131752d61d98c4c0c622,delivered,2018-03-19 13:03:36,2018-03-19 13:49:58,2018-03-20 22:33:36,2018-04-14 12:41:31,2018-04-11 00:00:00
fdad9ac63eb92d4413a159106156cab1,709e829ebdd2e9ef3155756eebf8469c,delivered,2018-06-19 19:43:24,2018-06-19 20:16:17,2018-06-21 12:03:00,2018-06-30 13:46:28,2018-07-24 00:00:00
3d2f2b0dbc402e2cffef16352788e9e1,e9fcf423a3dc8ffe1035de8904626e86,delivered,2018-08-15 14:02:53,2018-08-16 03:30:19,2018-08-16 20:54:00,2018-08-17 16:41:25,2018-08-23 00:00:00
430d9c263b0c59e3ce1ad49cb55e0531,ad3be614a606a68a2c27951d9a0530ae,delivered,2017-04-26 13:57:14,2017-04-26 14:10:21,2017-04-27 08:37:32,2017-05-05 15:57:47,2017-05-22 00:00:00
894ae039f9d4d37b8b28e3c970326fc4,4d3a8a955c127a274e2b0c612ef213b2,delivered,2018-01-04 20:13:50,2018-01-04 20:31:46,2018-01-06 00:07:45,2018-01-15 14:52:55,2018-02-05 00:00:00
e1b358b636a10cd4b06cc54a7960656b,5353fde9ed9edb8674d149c924d8e78d,delivered,2017-03-22 01:47:48,2017-03-22 01:47:48,2017-03-22 11:53:36,2017-03-31 08:23:18,2017-04-10 00:00:00
7371767ee0b71bfe6d023e7525f3cdec,1ac9a0736234e09e7cd9a9937993de11,delivered,2018-05-09 19:33:23,2018-05-09 19:52:35,2018-05-14 08:37:00,2018-05-19 13:28:50,2018-06-25 00:00:00
f67f6b887c390a91e5077e54f3fb5823,7c6650dbe201ce4be3cb25392966dc3b,delivered,2018-05-16 21:16:14,2018-05-16 21:35:57,2018-05-17 13:18:00,2018-05-21 21:32:24,2018-05-30 00:00:00
dcab0edc586a9707944e662c0ce7d3b2,ca1ef3e4889588c88d7fc1f80bc06e05,delivered,2017-10-10 08:10:14,2017-10-10 08:26:23,2017-10-24 17:47:56,2017-10-27 22:16:17,2017-11-14 00:00:00
356725db39df6e32c250f1b4f1f78d9e,8309c7cc18fb32c9b5678db4f66b6bec,delivered,2018-05-28 19:07:44,2018-05-28 19:29:03,2018-05-30 11:22:00,2018-06-04 18:37:43,2018-06-29 00:00:00
ca4670b0ef79d3821a94001e51a0becd,754e43d7f87712e5c6b652f9a02227d3,delivered,2018-03-27 20:05:42,2018-03-28 20:07:32,2018-03-30 00:27:44,2018-04-06 19:47:48,2018-04-19 00:00:00
6d207818bcd4cc24c3dcda21dc7ceb1f,a712ebf5bf5ad342a5ada632582d477c,delivered,2017-11-09 21:09:16,2017-11-09 21:31:40,2017-11-14 11:54:49,2017-11-24 20:12:08,2017-12-08 00:00:00
9698ef73f56e1b499f56bf40ef93b0a0,98f6d35d8cb5a1d8a803cf8d474767a7,delivered,2018-02-02 22:07:28,2018-02-02 22:30:39,2018-02-05 22:56:59,2018-02-10 13:04:05,2018-02-26 00:00:00
c42e30b51c34dbcb30e27a10e1ab33bd,91b3deacdba9b650ea72228fb725b801,delivered,2017-08-28 08:46:04,2017-08-28 08:55:25,2017-08-28 20:33:50,2017-09-04 19:08:03,2017-09-18 00:00:00
d2927bf34d3adc3b878e226b7af91519,d690d2607d75af662854e115e5aaca9c,delivered,2017-12-16 17:33:23,2017-12-16 17:51:19,2017-12-18 18:21:45,2017-12-21 14:53:16,2018-01-12 00:00:00
9f4dc9b14ebdb349537c57ed4e469c28,86042c8472794b41d03cfe051f3bd9de,delivered,2018-08-15 15:39:02,2018-08-15 15:50:22,2018-08-16 11:48:00,2018-08-21 13:52:44,2018-08-31 00:00:00
79cf912a5400bc81afe059c04cb42e29,cf38a9bec793e2d3c5fcf95ff666d925,delivered,2017-09-17 14:21:50,2017-09-17 14:35:12,2017-09-18 20:13:09,2017-09-29 19:45:10,2017-10-17 00:00:00
955d6e7631995ef924924d6ae1144a38,d1ae2693cea4de1a7763a73018e7a6a0,delivered,2017-06-16 08:56:53,2017-06-16 09:05:21,2017-06-26 09:32:09,2017-07-03 15:45:04,2017-07-06 00:00:00
157cdf5ef06664d53e7449d529e2bad1,4d42a6dacf1f5e10081a913a9335c458,delivered,2018-05-16 12:43:42,2018-05-17 17:35:11,2018-05-18 13:58:00,2018-05-22 18:14:37,2018-06-07 00:00:00
d10e793014e73d34ac716fc8e8b721a2,e60ec15a7023a30e9edf3b9af2c7d0a4,delivered,2017-07-12 21:43:49,2017-07-12 21:55:15,2017-07-14 20:49:31,2017-07-26 20:45:33,2017-08-03 00:00:00
638fa07954d987db6c7cc971c365eca5,bb6d19b76e0f5f72f87d72c33ade1136,delivered,2018-02-20 23:02:50,2018-02-20 23:15:30,2018-02-23 23:11:58,2018-03-02 15:09:05,2018-03-19 00:00:00
e0e47d80d9dc5f2b0ca6ce6427733c35,d6674bee6e13d7654aea0261d0054fb2,delivered,2017-07-03 11:07:28,2017-07-05 02:55:27,2017-07-06 13:06:50,2017-07-07 15:05:52,2017-07-14 00:00:00
08c30c203ecbdda69311c1dba85abfa6,b780a7d8b32ede7bd4edd751c7765172,delivered,2018-02-05 18:54:26,2018-02-05 19:10:35,2018-02-07 00:15:41,2018-03-08 22:28:23,2018-03-05 00:00:00
2e82d5a49fc8bc6fd1676b727079b7c8,312717df001c44ebdb42e350eb3d20b9,delivered,2017-08-23 12:56:01,2017-08-23 13:06:27,2017-08-23 20:09:33,2017-08-28 19:32:00,2017-09-15 00:00:00
060653209bfa61cf4b308a00e3861875,a0d86b4a22f02ed0ade308b69e91bc89,delivered,2018-05-28 23:18:32,2018-05-28 23:30:14,2018-05-29 12:29:00,2018-06-12 22:12:01,2018-07-11 00:00:00
d822122b00c0dbaddd3694846fdc262c,f8b93f98fb0526f8f7734cc352eee0fc,delivered,2018-08-20 19:58:51,2018-08-20 20:10:27,2018-08-22 08:52:00,2018-08-27 18:58:30,2018-08-30 00:00:00
ff229c2bb720b61c11d51e0249799aba,9130678dfc845aa2faa851e82cf45b83,delivered,2017-10-28 20:49:40,2017-10-28 21:10:07,2017-10-31 15:17:33,2017-11-07 21:11:41,2017-12-07 00:00:00
010fadb12341d8253d920362fc8f7a16,135bbed7ce32647898c18ba5907cb80a,delivered,2018-02-09 17:28:05,2018-02-09 17:35:37,2018-02-21 21:13:10,2018-03-05 23:49:02,2018-03-06 00:00:00
b7c400fbb50b45a369d320a0b1dc3040,8e629a5723d765dc730dca02216d0ebe,delivered,2017-11-01 14:43:54,2017-11-01 14:55:16,2017-11-03 21:28:18,2017-11-11 17:51:35,2017-11-27 00:00:00
768fa69faa8e49e877dd1612013472f6,ffa9419903b6e1ed6f0692ab2695de94,delivered,2017-12-07 20:52:55,2017-12-08 02:54:10,2017-12-15 18:13:45,2017-12-22 20:37:42,2018-01-08 00:00:00
474871bbd62988ab38f2d15c093f3233,73dc166bf11b159b151dfe72a96dace9,delivered,2017-07-05 14:38:05,2017-07-05 17:39:51,2017-07-07 15:11:25,2017-07-10 12:56:26,2017-07-18 00:00:00
cb4e5fca9b25bcc00d9d7d7ba9f4eac3,c8f0cf5704e76a3b2cab1e1cc12cbdf2,delivered,2017-11-24 20:59:56,2017-11-24 23:56:54,2017-11-27 18:23:22,2017-12-05 19:43:34,2017-12-18 00:00:00
d12824c34f6e0552f57e8d8821242084,6cc7634e5230927a764a9047700c9bba,delivered,2017-01-25 22:54:18,2017-01-26 00:35:25,2017-01-26 12:04:05,2017-02-01 11:32:57,2017-03-06 00:00:00
fd042392e06a76d51f027c8659ff6815,798a392e3a33f98aae3037e1c5ad78d5,delivered,2018-03-27 09:49:57,2018-03-27 10:07:15,2018-04-02 18:58:36,2018-04-05 14:56:47,2018-04-23 00:00:00
da30a0f292c1564f3957b348353eb52b,1301c6bcbf5a72a743d8919124e605dc,delivered,2017-09-01 08:46:26,2017-09-02 11:55:21,2017-09-04 17:30:21,2017-09-14 18:30:07,2017-09-26 00:00:00
cf48dd7cb04dee070d71d4804cac6272,1ce48e2220cceaec2d73107d3deafc55,delivered,2017-09-11 16:48:06,2017-09-11 18:04:49,2017-09-12 19:22:20,2017-09-24 12:29:54,2017-10-02 00:00:00
939285ea068d5f0ca82bb30d91ece26d,bf0f0b6a9c9b8335298ce8b0de9aba71,delivered,2018-03-17 20:29:57,2018-03-17 20:50:40,2018-03-20 13:42:40,2018-03-29 00:51:31,2018-04-05 00:00:00
dcc07c60d0b67d006e3b736ed1c75e69,27563bf5129789dbb7d729bf7721ff0a,delivered,2017-10-13 20:18:26,2017-10-13 20:28:19,2017-10-16 20:34:05,2017-11-18 15:56:33,2017-11-06 00:00:00
b3bdefda94bff94d51ca243ace24aa45,73e7457b5cf5402e5049b33846da545b,delivered,2017-11-24 22:47:54,2017-11-25 01:13:52,2017-12-01 22:47:54,2017-12-11 16:38:53,2017-12-14 00:00:00
0dfba10b17bfeb85f083652263d258ee,efcec2d45a82de3621e2867afcd94561,delivered,2017-12-14 21:32:46,2017-12-16 02:51:30,2017-12-21 20:33:16,2018-01-05 19:49:36,2018-01-09 00:00:00
6abcaedd175c7aa362cb758f3f728053,346564320ecd94d8ef5ba883774304b7,delivered,2017-08-08 18:35:02,2017-08-08 18:50:19,2017-08-09 19:15:11,2017-08-16 19:43:43,2017-09-01 00:00:00
a303f65e39cc18fa50d33767fd278543,4f9aedfef4f40b043edf00b2556cb1ee,delivered,2017-02-13 14:28:35,2017-02-13 14:43:02,2017-02-14 08:30:22,2017-03-07 06:52:26,2017-03-10 00:00:00
c4f4ee4a762d4a787e43c9b8eecaf3f6,3955e9bd50f72fbd4168cae28cbe8a28,delivered,2017-12-01 21:26:27,2017-12-05 04:13:59,2017-12-05 16:34:51,2017-12-19 21:52:14,2018-01-03 00:00:00
3981758e39dcdca8ccad652405af0974,b0daafe7a7f8cd393321fdb6f391e41f,delivered,2017-03-02 22:09:49,2017-03-02 22:22:15,2017-03-06 15:32:26,2017-03-08 10:27:41,2017-03-21 00:00:00
d2b0e9ad3eb702103a07a98fb24ef49c,3e85b5da17c2db572111e477730e5179,delivered,2017-12-13 17:12:13,2017-12-13 17:31:27,2017-12-15 17:04:39,2017-12-19 19:42:36,2018-01-02 00:00:00
d4e8d3bb5e3673ed68ac154fe86de946,63155d2512ff588adce41f3fb43f6a6d,delivered,2017-10-24 11:15:05,2017-10-24 11:29:30,2017-10-26 20:52:47,2017-11-03 18:57:44,2017-11-29 00:00:00
078f6e79012194cd9eb77b10f6753d77,07e01746e8b90bfb4cab6ef323d33ab2,delivered,2018-08-05 15:07:09,2018-08-05 15:15:15,2018-08-07 12:47:00,2018-08-09 20:18:49,2018-08-24 00:00:00
30433431f5393fe9934458f0f02e04e8,d987c893b8289f93fe16dc44e8410eaa,delivered,2018-03-21 16:18:04,2018-03-23 02:27:43,2018-03-23 19:57:44,2018-03-28 15:35:02,2018-04-03 00:00:00
a9433e2f724570bead3613996a8857f7,002fb8fc5ce64f8422fa2fe79986c783,delivered,2017-11-26 23:15:12,2017-11-26 23:32:44,2017-11-29 18:10:05,2017-11-30 22:05:20,2017-12-11 00:00:00
3c01e6d17f8090499836aa8841c2c587,f4a2e155eff15f4fd20947ab24b86cc1,delivered,2017-03-29 11:10:35,2017-03-29 11:22:31,2017-03-30 16:34:36,2017-04-05 13:38:00,2017-05-04 00:00:00
a7ce5e5684c181d2989559f9d54119dc,e2570e11a6faf5b6d2c16d1749fcbb39,delivered,2018-05-06 10:19:10,2018-05-06 10:30:29,2018-05-07 13:31:00,2018-05-17 22:27:36,2018-05-29 00:00:00
2d26e963bdb342dbdae1fad7ad2ea511,d02dd1824902a30960455283214432b0,delivered,2018-08-14 12:35:00,2018-08-14 12:50:18,2018-08-14 12:23:00,2018-08-21 19:18:51,2018-08-27 00:00:00
50095280c67784024321b92405711172,43a9d2a398e6cc3fb4e10a766d0458e5,delivered,2017-06-12 11:43:39,2017-06-12 13:06:45,2017-06-12 14:04:20,2017-06-21 16:13:06,2017-07-11 00:00:00
8328f0c360b46dfb1b46a1e9825c7fc1,5c07b546af2a42f6928364333d76b067,delivered,2017-10-26 13:36:21,2017-10-26 13:50:01,2017-10-26 22:03:50,2017-11-09 17:56:50,2017-11-24 00:00:00
e10784ce2ff19f0a34f8b748efac518a,1b19988b0ffce8dbf14f2b435900108a,delivered,2017-09-11 22:02:23,2017-09-11 22:15:15,2017-09-12 20:17:31,2017-09-28 19:55:21,2017-10-05 00:00:00
de0e984a881ce75f0f313038b3b3bda0,910c45960d27ad2fb3194086b0fd5ef4,delivered,2017-12-01 15:24:47,2017-12-01 15:34:25,2017-12-06 00:56:29,2017-12-11 20:34:05,2017-12-19 00:00:00
c830cc216aadfbfc979193cf372cae2d,9bbbd8b1e256e236f1d77b4fc5f4a17d,delivered,2017-08-09 15:02:38,2017-08-09 15:15:09,2017-08-14 15:47:49,2017-08-18 19:23:03,2017-08-29 00:00:00
a55e31edbee6ade731e6ab84a7a9438c,2cfd59e81258af0f2df1cc80b3e7b5ad,delivered,2017-09-28 09:15:13,2017-09-28 09:28:12,2017-10-05 19:44:59,2017-10-06 20:12:49,2017-10-23 00:00:00
240bcc288ac170fb535833fdde280ed4,04db714126e894b75fbfb664a136a497,delivered,2018-08-21 16:50:05,2018-08-21 17:08:39,2018-08-22 14:50:00,2018-08-25 11:18:34,2018-08-28 00:00:00
c1872cd219ab83c3a9a63cdc2f75a518,04750bd159f6ee54d7ad858b8887128f,delivered,2018-07-23 14:39:58,2018-07-23 16:00:42,2018-07-26 13:26:00,2018-08-03 19:12:23,2018-08-13 00:00:00
31b2fdf38a3bfdf9a67d997242c65ed8,fdfc52a03c18d8cef9aa5e39e9f18217,delivered,2018-02-12 12:07:43,2018-02-12 12:28:06,2018-02-14 22:22:54,2018-03-08 15:59:31,2018-03-08 00:00:00
ce338e075a36068051ecff6802ab64ef,10276990ddd572aebd466ac9e10b08c6,delivered,2018-05-09 11:31:26,2018-05-09 11:51:17,2018-05-10 12:39:00,2018-05-11 19:02:19,2018-05-18 00:00:00
485914ef00e7380b8bdb51abfde51863,dcbe0f17d2d379152bb4bee559af0f97,delivered,2018-03-15 17:28:03,2018-03-15 17:50:49,2018-03-16 20:05:07,2018-03-20 18:47:19,2018-03-27 00:00:00
4600963d4b12ee01d7393b723a34516f,c4323ed2364aa7cc92db81c5fea0007a,delivered,2018-01-24 00:23:02,2018-01-24 00:35:35,2018-01-25 16:52:59,2018-01-30 00:51:39,2018-02-08 00:00:00
ff67a8af06a0fd9a0493480efccf9bda,3f2453371a3c5ba06c3f468aeecb5c70,delivered,2017-09-13 10:45:29,2017-09-13 11:35:16,2017-09-14 18:59:33,2017-09-25 21:59:41,2017-10-05 00:00:00
7af70833de99c5d7aaa2e6b76f1cb21c,ac4ff3afd60f2218b814a3d29582f313,delivered,2018-06-12 14:29:38,2018-06-13 02:18:48,2018-06-13 15:15:00,2018-06-22 20:33:57,2018-07-12 00:00:00
01b4dfef1c8848e8c0431ce17f5f72ea,1ba23b73f82990c2de74ebf5a28838b8,delivered,2018-08-04 13:58:22,2018-08-04 14:10:16,2018-08-07 14:53:00,2018-08-16 18:38:36,2018-08-23 00:00:00
0ee0bf166bf18f991a111ecfe817c951,0c74ae4dc7cfc64d2850f5c612bf9411,delivered,2017-03-11 07:26:17,2017-03-11 07:26:17,2017-03-13 09:35:05,2017-03-20 10:58:28,2017-04-03 00:00:00
587a39d6ab7297ee16b3d5ebdaa0f776,69ed85715d3bff3b648ef923daed0056,canceled,2017-01-11 18:32:24,2017-01-11 18:45:23,,,2017-02-21 00:00:00
08c72944eaad657c973c51fba479d655,d037da3652b6055f3334ce9e9bdaad01,delivered,2018-06-06 14:22:34,2018-06-07 02:35:21,2018-06-08 13:49:00,2018-06-19 21:04:06,2018-07-18 00:00:00
7f9fc8aa08f1a4a7f9ee303ad5c6a22d,abc20b5351a51ecd2d4ee21f374e53cb,delivered,2017-12-23 21:27:48,2017-12-23 21:37:34,2017-12-28 18:37:41,2018-01-16 19:52:13,2018-01-19 00:00:00
e5db5ce380f52125b3748bf78fdc7971,16d7166c22587cf0e485684ebf444c49,delivered,2017-07-15 11:13:09,2017-07-15 11:25:21,2017-07-17 18:24:53,2017-07-28 18:16:25,2017-08-08 00:00:00
dc03f474e6aa58b6f44b644ebc988d49,86b2f5f050ab62aca0e610712f13a54a,delivered,2018-06-11 16:45:25,2018-06-11 17:19:49,2018-06-12 15:06:00,2018-06-13 19:04:33,2018-06-20 00:00:00
7a10425bd53603cfa8f0a9d68b6aeb6e,4167431bb838ed4cf71b635e0f118b6d,delivered,2017-12-17 12:45:48,2017-12-17 12:55:37,2017-12-19 16:22:41,2017-12-21 18:43:23,2018-01-05 00:00:00
47c29eebd9fb0e4d67c674f78e396be4,2106bd665826da836965bbcb2f5f1243,delivered,2017-11-03 20:50:46,2017-11-03 21:10:22,2017-11-09 16:12:39,2017-11-15 13:58:41,2017-11-23 00:00:00
4cab646fdec6d36f60c2febb8a595b8e,277d5d2668f2e1413803830255aea28f,delivered,2018-01-23 10:32:07,2018-01-23 10:59:12,2018-02-15 20:55:01,2018-03-05 18:21:51,2018-02-16 00:00:00
6069d670a99ff4a072176b1061fb5bdc,fed0deb0907fca94424965a141873c39,delivered,2018-05-20 15:23:41,2018-05-20 15:39:17,2018-05-21 16:13:00,2018-06-06 20:08:40,2018-06-07 00:00:00
933b44007775d08defe992a330429cbb,3d9c22a39fee392194612db64a489ad9,delivered,2018-03-19 09:46:20,2018-03-20 09:48:13,2018-03-23 15:22:57,2018-04-05 17:05:05,2018-04-20 00:00:00
cd5343ffb012a7157ddbcf5720100c01,c6ae270b58b4692321a73aa741d183af,delivered,2018-08-26 12:38:57,2018-08-26 12:50:18,2018-08-27 14:18:00,2018-08-30 14:38:54,2018-09-11 00:00:00
664411dc25ffd21164cc72805f249313,471f625b14c432a5c0944bc2cba5aef9,delivered,2017-10-04 00:43:21,2017-10-04 01:01:59,2017-10-04 15:37:36,2017-10-13 23:05:42,2017-10-26 00:00:00
73ab919f6023d8c8a68fb70d0b08a28b,7911c4a4ae2d5749ce6f3e40fbdeb5e5,delivered,2018-08-02 15:07:15,2018-08-02 15:24:03,2018-08-07 14:32:00,2018-08-15 15:21:47,2018-08-28 00:00:00
84521dd5e0868005d249eb084742a127,bb5d58576b061cb88c8de69676bb7d8a,delivered,2017-11-14 08:32:35,2017-11-14 08:46:25,2017-11-16 13:58:47,2017-12-03 11:26:31,2017-12-05 00:00:00
1c39bf040d6c444d6b306bae83f9f49e,c358851c04b7a8a4d1940b1f3a316dbc,delivered,2018-03-25 00:35:24,2018-03-27 03:50:38,2018-03-28 00:13:31,2018-04-25 18:28:38,2018-04-19 00:00:00
bd4e7bc5d050cfab04d0b18702b654d7,57020ab4930fda0c90292f4c4d7b6d25,delivered,2018-03-29 12:52:04,2018-03-29 13:07:33,2018-04-02 15:52:10,2018-04-13 13:28:30,2018-04-20 00:00:00
7923b147e6c1c8ffca005ad49e4a4c5b,02eb2cb944f2c276dd99a325eb741cdd,delivered,2018-04-26 17:31:51,2018-04-26 17:52:26,2018-04-27 10:39:00,2018-05-08 23:38:46,2018-05-24 00:00:00
84ca1ce0b502782387a2afcd5a8e9356,52a893aacffbc06f9c3016e3664c745b,delivered,2018-03-02 13:08:30,2018-03-03 02:51:11,2018-03-06 01:52:46,2018-03-16 17:51:59,2018-03-20 00:00:00
dafa99d3aad16f19a8309819438cf7db,83e13b29bbe822b83e6584f42be5b07f,delivered,2017-06-03 23:32:38,2017-06-03 23:42:28,2017-06-06 10:23:54,2017-06-09 17:14:18,2017-06-28 00:00:00
681c2cfadee8433325e2fbab33593cd3,b2bccc82326a6f4bc22b66371c027d60,delivered,2017-04-01 15:08:20,2017-04-01 15:22:24,2017-04-05 09:48:15,2017-04-20 10:08:12,2017-04-24 00:00:00
71bd2fa6e6df2e5082610ae574d0b86b,86de79290dd6beb224550a677078e61a,delivered,2017-07-22 21:42:47,2017-07-22 21:50:16,2017-07-26 03:23:32,2017-07-28 18:55:09,2017-08-15 00:00:00
e219372f6da65b22dd2e19af454261bb,5108304959a328833aaeffce6203747e,delivered,2017-12-23 16:34:29,2017-12-24 16:29:17,2017-12-27 19:35:42,2018-02-02 21:15:10,2018-01-19 00:00:00
e4175c48cab7af2bed0f9d9001f006af,6506edb17b5013a8f83112e5b76ec0e9,delivered,2018-05-15 18:55:23,2018-05-15 19:12:44,2018-05-17 14:45:00,2018-05-18 19:03:02,2018-05-24 00:00:00
a2123f20edeb61246582bd593243e72c,201bf1399b34d7882aba824e7fcd79e6,delivered,2017-08-14 12:24:03,2017-08-14 13:05:14,2017-08-15 17:52:37,2017-08-28 19:00:15,2017-09-01 00:00:00
364ea3582bbe134bec58a6e192aa6390,f877c69fd193f8751c04f0fb24bfcdaf,delivered,2018-06-22 10:33:45,2018-06-26 05:37:14,2018-06-26 17:14:00,2018-06-30 11:11:48,2018-07-19 00:00:00
a824d8daf564c79aa91695c4126d0a06,0571f7b90c34aa2014e05f5742761b6e,delivered,2017-07-10 08:43:10,2017-07-11 04:15:20,2017-07-14 20:07:47,2017-07-31 20:26:02,2017-08-03 00:00:00
5ea01f5660c8d089b604b2d1ddaab334,6a6080efe1fe4bd44070465cb7375c5c,delivered,2017-08-14 18:20:04,2017-08-15 03:55:22,2017-08-15 18:10:43,2017-08-16 16:38:45,2017-08-25 00:00:00
7a627462a30fe10f41a14f7f84bd4171,1dc95fe76c27015a96c7965850177230,shipped,2018-04-19 15:32:13,2018-04-20 07:32:03,2018-04-25 09:55:00,,2018-05-15 00:00:00
e2b99663c1c172f743e86cd9b29b96fc,8212e78cced469979b64d5ae33585470,delivered,2018-04-24 21:04:43,2018-04-26 03:51:42,2018-05-02 15:11:00,2018-05-22 19:36:31,2018-05-23 00:00:00
ca4e4f1d5628ad06990d771aef8b9c44,b007cab338800fa8d6fd169d12100343,delivered,2018-04-23 19:43:55,2018-04-24 17:22:56,2018-04-24 18:58:00,2018-04-30 14:35:30,2018-05-25 00:00:00
62c8cabbf08ca09f4141500d262a269f,dd1fe8aa6b0a4e2f807d85340113f9c9,delivered,2018-01-12 13:21:34,2018-01-12 13:33:27,2018-01-17 22:19:31,2018-01-22 13:37:44,2018-02-06 00:00:00
54369f1e37831273ce26f463ca306881,30ec61f9cd0da982b4905051e0faa785,delivered,2017-11-30 13:33:22,2017-11-30 14:38:21,2017-12-07 11:55:45,2017-12-13 19:59:47,2017-12-22 00:00:00
b6e50b69ddbd5210737d0c881056771d,2e72ee00f14fde45636abbdc4f3b08cf,delivered,2018-07-23 17:40:13,2018-07-24 10:31:27,2018-07-25 15:09:00,2018-07-31 01:56:35,2018-08-16 00:00:00
fa98b69fc0f7e0d07b0f1a54cd42ebfb,97cf93f1a7996669346c33146a8c5acd,delivered,2018-07-04 09:21:08,2018-07-05 16:13:19,2018-07-04 12:19:00,2018-07-07 14:03:57,2018-07-26 00:00:00
7a5f69256be6f46a920fd29453aecd15,ae6a700eaa60e0dcc1165f90e391a8ae,delivered,2018-01-13 21:12:44,2018-01-13 21:29:40,2018-01-15 13:48:21,2018-01-23 22:37:41,2018-02-19 00:00:00
3464107c541f0583d599cc7d335cb9c7,3393bd1427bf03f06c6920825a192337,delivered,2017-04-25 23:34:07,2017-04-27 13:33:18,2017-04-27 11:53:10,2017-05-12 15:24:45,2017-05-12 00:00:00
74c766653bb08b7e5e2d66388adb406b,57209ea26353a908b799bd553103dc6d,delivered,2017-11-24 21:28:32,2017-11-25 00:21:40,2017-12-05 13:52:59,2017-12-16 01:44:50,2017-12-27 00:00:00
beff38e75b4e29421672a5a3a531bf28,a574e0d61e058f387df22f819b98c931,delivered,2018-01-29 15:46:48,2018-01-29 16:10:48,2018-01-31 19:48:34,2018-02-09 19:39:01,2018-03-02 00:00:00
f9022d41bd1362ddd75ad882b31304cd,685e99880da8c8ff3f6d6078681c7b46,delivered,2017-11-23 08:53:23,2017-11-28 11:58:38,2017-11-29 16:39:04,2017-12-08 20:08:57,2017-12-11 00:00:00
f39a14ab481180abf02f9b79bacb5b78,46dd1c965a3df32d5d760106ecc02afc,delivered,2018-01-03 15:05:35,2018-01-03 15:16:34,2018-01-08 17:47:12,2018-01-09 20:44:13,2018-01-19 00:00:00
6fefe7f276220450fc08b7c974e21fb7,c9062728d2f9e245f3945d071434755d,delivered,2018-07-08 18:27:36,2018-07-08 18:45:18,2018-07-10 15:23:00,2018-07-11 18:32:48,2018-07-19 00:00:00
1779a7a77ac96ef5beebc0e30b9243cb,3908618aced0fee488ae029c752415f0,delivered,2018-02-04 19:17:19,2018-02-04 19:30:21,2018-02-05 19:42:00,2018-02-19 19:43:05,2018-03-13 00:00:00
e1d6a83cd8b98c4eb29f2bb0f5a07138,766f0c0455e84a2e4f8b2bb5146da1dd,delivered,2018-01-14 17:07:32,2018-01-14 17:17:39,2018-01-18 15:49:09,2018-01-19 14:23:17,2018-02-05 00:00:00
ca2e903694060ebba7122c9c4c7087db,d311c628443ba6c53505941a0e1b183b,delivered,2017-08-15 13:42:29,2017-08-15 14:30:15,2017-08-17 13:03:34,2017-08-24 15:14:54,2017-09-04 00:00:00
ccb6a32d73d67e9bc5000d01bf776b52,1bf99cf832342c829e425a2c1a0848fb,delivered,2018-02-01 14:59:44,2018-02-02 02:54:24,2018-02-08 23:25:43,2018-02-14 21:40:02,2018-02-23 00:00:00
13367e74393271c3cc6d4e43540ef547,ac68fcce5f4ce4464d340e620f7808eb,delivered,2017-12-17 08:26:41,2017-12-17 08:33:35,2017-12-18 23:21:53,2017-12-21 16:07:39,2018-01-11 00:00:00
8333c49adbe3515e032c472789e8201e,5de2b0c34e38970be54f630328573ffd,delivered,2018-08-15 19:12:20,2018-08-15 19:25:12,2018-08-20 12:28:00,2018-08-24 17:04:23,2018-09-12 00:00:00
7c070f202157d1ea06a594ce4ca7f0e0,fe10ffd8e45212b501b6f0753ef1e930,delivered,2017-09-07 19:56:05,2017-09-07 20:10:20,2017-09-11 15:00:09,2017-09-12 17:34:06,2017-09-20 00:00:00
9781e29fd25f44bdbbace82bef3dcd8d,2e7db15a94eecd7e624bc265133605fb,delivered,2017-06-27 11:07:39,2017-06-27 11:45:43,2017-06-27 17:27:50,2017-07-06 15:07:38,2017-07-10 00:00:00
c37cb17f3802e061e745a83732cb1503,ab8f2b129e54dcdcd7b472dfd41f4712,delivered,2018-05-05 15:59:52,2018-05-05 16:13:44,2018-05-07 15:40:00,2018-05-08 20:37:44,2018-05-18 00:00:00
3ba7bbd7b7686df219611578ece6918c,f3dfadecc341dcdcb6c252a55192041c,delivered,2018-06-23 08:11:51,2018-06-23 08:35:04,2018-06-26 14:30:00,2018-06-27 19:51:00,2018-07-13 00:00:00
d3a0f468db524dedfb22ab7ef248b16f,839490da81c03456fbeec08f5451522d,delivered,2017-11-12 12:24:07,2017-11-14 03:36:16,2017-11-16 22:09:31,2017-12-03 14:22:00,2017-12-05 00:00:00
92067448c4d19cbdc8e0f8dd683e63b8,6c95355bb9260a9b0abbe3e226bd7a16,delivered,2018-05-03 22:41:07,2018-05-03 22:55:14,2018-05-07 09:17:00,2018-05-10 20:42:42,2018-05-23 00:00:00
85eb5489e874a057b18c8b01ef44d1e5,fd37618b280487ff41f7d9d62cb35552,delivered,2017-06-27 20:38:43,2017-06-29 02:50:31,2017-06-30 17:08:51,2017-07-17 20:42:22,2017-07-25 00:00:00
f1cefe8e64d1771be13b8fd8360385e3,11ab17e4c92e820e3f148f8d420736b3,delivered,2017-06-01 08:51:21,2017-06-01 09:05:18,2017-06-01 12:32:26,2017-06-02 13:15:12,2017-06-14 00:00:00
9557c06b25706a833b8edf4783ea5661,3b02ed61740c727eb497d5e1cbd0ae84,delivered,2017-03-16 16:20:49,2017-03-16 16:20:49,2017-03-17 11:03:35,2017-03-22 12:27:50,2017-04-04 00:00:00
8c942d6d0cb6781e00df7a3fafc8ef86,a7a0279b817df69edea8249af6e3ea22,delivered,2018-07-31 17:11:15,2018-07-31 17:44:29,2018-08-02 08:23:00,2018-08-06 18:41:00,2018-08-22 00:00:00
aafbb7deb8b53a1b559f530bd24ea506,98dcc87c8e097dabccf8a3f16d976bfd,delivered,2018-06-05 12:46:28,2018-06-05 14:31:42,2018-06-06 14:30:00,2018-06-11 18:06:31,2018-07-11 00:00:00
16bb135426aeb9e6eced38e8a84ab9f0,ceb603f2fcd425362163a1502adf2c88,delivered,2018-04-16 11:16:54,2018-04-16 11:31:31,2018-04-17 20:06:28,2018-04-25 19:58:46,2018-05-23 00:00:00
bcb9cb204fb7137dcb5dc3fdb94f11e5,75ecb22a47dc997aad56a99f05c74c49,delivered,2017-07-17 19:27:39,2017-07-17 19:43:01,2017-07-18 19:15:49,2017-07-19 19:57:30,2017-07-31 00:00:00
75d828fcad4255d3777465dc3050a8f5,49eba0e67920f32999db394895d656f4,delivered,2017-12-28 08:41:57,2017-12-28 08:47:20,2017-12-28 16:29:15,2018-01-05 17:03:26,2018-01-29 00:00:00
e99e0a939c251c9b2a412fd3136ce0ea,0cab59ec041d1c823de68602b879072a,delivered,2017-11-10 17:59:35,2017-11-10 19:07:52,2017-11-17 17:25:46,2017-11-27 02:37:45,2017-12-11 00:00:00
9e98bdb07065bc0ef966530ecdc91ec9,40b0a541aebe1001973a84d4109de91c,delivered,2018-07-25 01:46:26,2018-07-25 02:04:17,2018-07-25 12:27:00,2018-07-31 22:07:31,2018-08-24 00:00:00
3bb2984ffaa10a2158edeb25f12d9a2d,a3c66f416db7ca66ddd3f18c16a1ea9a,processing,2017-08-29 09:16:06,2017-08-29 09:25:42,,,2017-09-21 00:00:00
470dea50dbd9c5e77735b49bd904af6d,3fdc2cc5cf1d6a348be7b362866d4e09,delivered,2018-06-01 12:05:34,2018-06-01 12:32:08,2018-06-07 14:57:00,2018-06-08 23:22:57,2018-06-26 00:00:00
bcb6134869795ad066027719f33af2d7,3431cbe244e35b43d22a485ed8752e5c,delivered,2017-11-21 09:41:31,2017-11-23 02:47:40,2017-11-27 23:58:37,2017-11-30 21:06:25,2017-12-07 00:00:00
afbf35931e267fd7988736eea16cdb9e,2521a12c6bff747f076e24ab251f7392,delivered,2018-05-29 22:50:33,2018-05-31 03:35:59,2018-06-05 09:22:00,2018-06-08 14:49:07,2018-06-21 00:00:00
d9188a09f83fb2125c314edc1c7c933a,789f50c05b37177c61cdaa0a4b2777a9,delivered,2018-02-28 23:23:22,2018-02-28 23:35:45,2018-03-06 22:49:01,2018-03-25 15:06:01,2018-04-06 00:00:00
4753729129b1fb01e144eede1831edb1,d335fb5b83260747ca49f8d159009e09,delivered,2017-08-06 00:57:46,2017-08-08 04:05:36,2017-08-08 18:32:20,2017-08-17 20:39:59,2017-09-06 00:00:00
16039d1d033653b9caeed8198b3142da,f32aaeb1f3f623590bba03167a1e4b67,delivered,2018-03-08 16:07:03,2018-03-08 16:54:56,2018-03-13 21:28:39,2018-03-16 15:36:52,2018-04-17 00:00:00
70c93925111cd037297909641f16f2f4,83af78feee85c5d2545ebd143de193f4,delivered,2018-05-15 13:26:15,2018-05-15 13:55:00,2018-05-15 14:05:00,2018-05-22 19:57:38,2018-06-26 00:00:00
d9f2ee12d57f465026b7dd57c016c8bf,ebbd756cbe9b47eb7c826b4736e96c43,delivered,2018-03-01 13:32:52,2018-03-01 13:50:49,2018-03-02 15:39:43,2018-03-24 18:17:38,2018-03-22 00:00:00
0e8d01612d9142229f68faabe6a0c51c,4646bf4b66367ae17eff07651ec2634f,delivered,2018-02-19 09:58:35,2018-02-20 09:55:28,2018-03-02 21:09:39,2018-03-16 03:41:42,2018-03-22 00:00:00
1ddfa120c8ef1f70ac2fa0aefb241675,f96828ffdda6ff5745cd9ae5454323b6,delivered,2018-03-01 21:29:07,2018-03-02 16:49:08,2018-03-05 22:59:02,2018-03-26 22:22:09,2018-03-19 00:00:00
88147bfe4762e9d0e545871dbc994734,e948953cbdd0ebdf270937ab3d5c1a5a,delivered,2018-05-28 23:06:44,2018-05-28 23:29:47,2018-05-29 15:38:00,2018-06-05 23:04:57,2018-07-05 00:00:00
e98de168acf11b1a80cea2ad5e8a5c61,fa5aaf3631ab1075fcdb95fa8e10cad5,delivered,2017-07-06 16:33:09,2017-07-06 16:45:11,2017-07-12 19:27:56,2017-07-24 20:11:53,2017-08-07 00:00:00
0b2a26edc4451c98cc27d3bcb28d8766,a33aa4395098f8b30755738b398ece95,delivered,2017-06-06 22:24:19,2017-06-06 22:35:25,2017-06-08 12:23:49,2017-06-13 12:27:46,2017-06-20 00:00:00
5f7363eba95d6b80c0b0d44e53193e0b,1bd05d9a0031e8461d15550893d9b85a,delivered,2017-05-07 20:47:31,2017-05-07 21:01:56,2017-05-12 06:23:59,2017-05-29 06:04:02,2017-06-12 00:00:00
4647f189e31add16ebebc6f67a6b6dc1,d2b82dc17fa9036f3f7608c89e3f27cf,delivered,2018-06-04 19:27:14,2018-06-04 19:53:02,2018-06-05 13:15:00,2018-06-12 00:26:41,2018-07-13 00:00:00
5ee63c8c9ae2e5c38791b35932cf4c69,62f766c82849282806bf2f62ca86432e,delivered,2017-05-09 11:30:18,2017-05-09 11:45:13,2017-05-19 19:32:55,2017-05-29 08:13:56,2017-06-06 00:00:00
0ced505a94fa52355ca31070c281df6e,fa0a0f986296d5201a58b9b0c4b36d0a,delivered,2018-04-20 09:46:31,2018-04-20 10:10:11,2018-04-20 22:38:42,2018-04-23 21:32:18,2018-05-09 00:00:00
3c888e8444c04cf2fea3d8b2db0195ef,f2ab252accb7913d65a397454e010e95,delivered,2018-08-21 15:12:32,2018-08-21 15:30:31,2018-08-22 14:27:00,2018-08-24 13:52:29,2018-08-28 00:00:00
f521316c3f7b3dca86fee711afb2ab40,33a80b6e336aef84a793ecfb1b6361e3,delivered,2018-05-18 11:30:17,2018-05-18 13:26:06,2018-05-21 13:45:00,2018-05-24 11:26:53,2018-06-04 00:00:00
dc29ff8af44169bdd140d5e40575da43,fde106d687f66d052aa9b6b169f250d0,delivered,2018-05-22 18:00:58,2018-05-22 18:37:12,2018-05-23 14:39:00,2018-05-26 13:28:35,2018-06-05 00:00:00
aba17b8bf8ad8249a87ff4c21a5569b9,1bd769ab11ed47fa02eb91e4c56d5344,delivered,2018-01-09 16:53:05,2018-01-09 17:09:02,2018-01-11 19:03:57,2018-01-18 18:56:56,2018-02-07 00:00:00
6829390c4a5d4739d067ac8ee4828d8e,0b84194096e4c860bd0cc790b95ceb9f,delivered,2017-12-18 00:33:31,2017-12-19 09:31:04,2017-12-20 23:42:44,2018-01-10 15:28:05,2018-01-19 00:00:00
fc71a3c2d48575dde21534b197ce5d2d,81491a87178be12ebe301758e85f9c55,delivered,2017-11-22 19:38:27,2017-11-22 19:47:25,2017-11-23 15:51:39,2017-11-30 15:19:07,2017-12-04 00:00:00
72275f04ff971b931deb9570a6fd85f3,f301287eebe9e9f4b15d724cd7704fd2,delivered,2018-03-23 17:10:34,2018-03-23 17:30:30,2018-03-26 21:58:43,2018-04-16 20:17:35,2018-04-16 00:00:00
961f692ce5a2ba7cc51c00f59ea72d5f,40b021c327c38680d5256cd686164a87,delivered,2018-05-27 14:56:55,2018-05-27 15:11:05,2018-05-28 10:42:00,2018-06-05 00:23:36,2018-07-18 00:00:00
f3af8efd535804214ce63f6b29386312,08972c9a494a9ed1a7a73df4d0bc5b58,delivered,2017-08-08 13:20:59,2017-08-09 02:55:17,2017-08-11 17:16:09,2017-08-21 18:44:31,2017-09-05 00:00:00
22a0f64560b6a90eb7175a87387a1aa1,5e5d0d5a01a3e4809c36751fd5f0a6ff,delivered,2018-04-21 14:36:39,2018-04-24 18:04:42,2018-04-23 18:03:44,2018-05-03 19:36:32,2018-05-24 00:00:00
ebd95cd19ccd84ddf08373b40822f990,a82e9ff0e0827b81ee686925681c9722,delivered,2018-05-04 12:02:29,2018-05-04 12:15:16,2018-05-08 08:51:00,2018-05-09 15:55:45,2018-05-14 00:00:00
3d84b75178b37121a262cb6f3d30e6ba,76354bded57ab0e72bfe46b0a09fa2c0,delivered,2017-12-04 09:18:32,2017-12-06 02:50:06,2017-12-08 21:16:58,2017-12-19 17:56:30,2018-01-09 00:00:00
8c48de2f61b3d074a30c7268fb8ca85b,5a57b1a20de176ef2c2e643e33c6a035,delivered,2017-12-04 20:42:58,2017-12-04 20:54:53,2017-12-07 19:32:49,2017-12-15 18:23:33,2017-12-27 00:00:00
330e569ae25de4796afa6bd4edc75876,a71715f0041fb658c3cdd0bd54b446b1,delivered,2017-09-14 10:34:08,2017-09-14 10:45:19,2017-09-19 14:07:07,2017-09-22 14:09:56,2017-10-04 00:00:00
0b4d60b8c7aa289e337094f0fb7ec296,e97303ac299ae39d14bf9bd8bbb2a1ca,delivered,2018-07-17 22:35:29,2018-07-19 02:42:33,2018-07-20 10:16:00,2018-08-03 18:12:57,2018-08-09 00:00:00
518d8ea442ea12acede1c064a54cae32,9242bfaac795e3df1a0ed8105dd3fd86,delivered,2017-03-01 14:04:00,2017-03-01 14:15:17,2017-03-10 08:58:39,2017-03-27 09:12:50,2017-03-30 00:00:00
39862f3bc75e8a104d1bd7bbf6255668,463ef6b28ad67319dfc24086d473a64a,delivered,2018-03-06 08:34:05,2018-03-06 08:45:27,2018-03-07 22:23:46,2018-03-09 16:24:35,2018-03-16 00:00:00
56703a55199f4784c80fe5e5de71c532,6629da21929dbb3173791eb977b64d8b,delivered,2018-07-15 00:25:32,2018-07-17 07:31:30,2018-07-17 13:07:00,2018-07-18 16:51:29,2018-07-30 00:00:00
9d9f7fce2886a9587f0a42a1366a1392,33a8963fe310d610c7a1b0da4dc974d2,delivered,2017-03-30 20:43:30,2017-03-30 20:50:16,2017-04-01 07:27:01,2017-04-13 13:06:03,2017-04-28 00:00:00
ca01c525c19a77269bb9ab052e2a3eab,aa46592adf8954513da919ad33da2583,delivered,2018-02-15 14:21:12,2018-02-16 08:30:58,2018-02-19 23:31:18,2018-03-01 21:06:41,2018-03-20 00:00:00
89df20c6ed881fc9d841a717c76a212b,dc0601b04f43f219b2cefc8025fe4673,delivered,2017-06-16 10:33:12,2017-06-17 10:25:15,2017-06-20 10:54:02,2017-06-21 18:06:29,2017-06-29 00:00:00
bddefbbabdeabb0d94eff71a795f5ef5,f129f917dbb46b91a85be24af8fceb4f,delivered,2018-01-19 16:39:54,2018-01-19 16:59:56,2018-01-22 14:33:39,2018-01-31 11:26:41,2018-02-15 00:00:00
1940003dc4662f79dd29e9070a02a7a7,3344967f4b85b3546302e472681d552b,delivered,2018-07-17 14:10:40,2018-07-18 02:41:46,2018-07-27 16:35:00,2018-08-02 17:58:33,2018-08-09 00:00:00
13b194db506615d16a862e66b0a2f6e6,8cc6453c57a83e84ab84f67dac770a1c,delivered,2018-07-18 17:11:10,2018-07-18 17:25:12,2018-07-19 15:57:00,2018-07-24 15:32:09,2018-08-13 00:00:00
f8f39c04af57100b2067941cddcb9376,a08554ba3f0715d9ada0d693dc036a3c,delivered,2018-03-18 16:34:18,2018-03-18 16:45:35,2018-03-20 19:26:28,2018-04-21 17:32:50,2018-04-16 00:00:00
c7381c0615627260eabd7cf94bdad2c2,8224427727aed017222978cab5959481,delivered,2017-07-16 14:24:28,2017-07-16 14:35:27,2017-07-17 17:42:34,2017-07-27 17:55:45,2017-08-08 00:00:00
96f5dfe006638550afa4d6390fc074c1,b16343b95f5346a9933144386af4caab,delivered,2017-12-12 18:51:47,2017-12-12 19:09:46,2017-12-14 22:07:12,2017-12-19 15:52:17,2018-01-02 00:00:00
e41decb502eacb9caa6a9b4cd9c75e3c,22ca8527cf04c5dead4fc42f22dd8564,delivered,2018-01-15 10:00:52,2018-01-16 03:51:14,2018-01-17 19:49:23,2018-01-18 23:55:53,2018-01-30 00:00:00
2d08fef3d5af150cd56996814ad895d1,c3a7a7b4bd95621678748140d8dbc7c6,delivered,2017-05-10 21:15:10,2017-05-12 02:55:13,2017-05-15 06:22:04,2017-05-27 13:05:39,2017-06-05 00:00:00
f68f706f1fd4d58751c3fe2c65a676ca,1f79c7cecfeaa9f81081521e4f84a1c6,delivered,2017-12-07 16:33:04,2017-12-07 16:51:50,2017-12-08 19:04:13,2017-12-10 14:49:02,2017-12-26 00:00:00
fd2e2592fb4e38a40b8335d29c93c8c0,98d5e9f64870f7a24c3cca3f403da3cd,delivered,2018-04-26 11:32:03,2018-04-26 16:10:55,2018-05-03 14:22:00,2018-05-04 20:52:43,2018-05-10 00:00:00
9512251cbae0778ea863f6242d3e5789,fed67945c09986de880e4b3fdd1d3f07,canceled,2017-06-15 17:34:29,2017-06-15 17:45:18,,,2017-07-05 00:00:00
3a41d8f16d339184975dcab294e74d46,c5c85ffbb114815b7956eb31a43812fe,delivered,2018-01-15 07:52:31,2018-01-16 14:51:30,2018-01-17 20:23:40,2018-01-19 22:26:54,2018-02-08 00:00:00
4ec57b5a1be421a2a793a22237120c24,0137aedb5fd652186dbf05e49d78db59,delivered,2018-07-19 15:12:56,2018-07-19 15:25:17,2018-07-20 13:13:00,2018-07-25 21:51:49,2018-08-02 00:00:00
a3bebc15aac7ca437c445ca941e5d152,011caa1d64812e93260454d6e311f330,delivered,2018-08-17 09:26:44,2018-08-17 09:49:50,2018-08-17 15:24:00,2018-08-21 22:52:34,2018-08-29 00:00:00
e57d5707be958772890c6933f30e7e21,a81d4356ec39d9b97f8a4a515b4cdc76,delivered,2018-05-07 23:59:33,2018-05-08 00:13:36,2018-05-08 13:21:00,2018-05-15 20:57:43,2018-05-29 00:00:00
707c32742d844a6836e25e461d6b0e01,584f2538cdd4abe007b590d71bf92b6c,delivered,2017-06-27 17:20:58,2017-06-28 06:45:20,2017-06-28 16:57:26,2017-07-04 16:32:12,2017-07-31 00:00:00
239a0e07e6d82c443b1ac00860f30c27,f8873f4252a598c7e5cbf3206ebf6405,delivered,2018-05-13 18:34:31,2018-05-15 03:55:51,2018-05-21 16:34:00,2018-06-07 20:42:04,2018-06-01 00:00:00
fc66f65bd879bd459e1cb14324335727,18831a00cca3d14bdfd8af6ae001d417,delivered,2018-01-17 16:49:16,2018-01-18 02:13:13,2018-01-18 17:21:38,2018-01-24 14:28:15,2018-02-07 00:00:00
68c7e05efd75f44bc692682d695a480d,13532365e3b2efec4b9ee9ae6a0bf360,delivered,2018-07-13 13:42:14,2018-07-13 13:50:21,2018-07-18 14:58:00,2018-07-23 19:11:53,2018-07-27 00:00:00
08804ff605210017ad305e46cbd4e3c8,2dd2e0daa048c8e7bdf18c2fca50725a,delivered,2018-08-06 12:26:08,2018-08-06 12:44:19,2018-08-06 17:57:00,2018-08-11 14:59:40,2018-08-13 00:00:00
374d4811c6f3657ec62ffec582801ccd,3e9aca248d1d381339c86c8682cd7647,delivered,2018-08-03 17:53:36,2018-08-03 18:24:00,2018-08-08 14:21:00,2018-08-14 14:32:03,2018-08-17 00:00:00
057bf0876d1b4a1d8b70b8f3e74e8763,6ec543ce9dcec8d8c8ccef9b30e3f5e0,delivered,2018-01-21 16:44:13,2018-01-22 16:39:21,2018-01-23 20:57:14,2018-01-24 18:18:57,2018-02-06 00:00:00
7de22a4935b90873ea2bde9e05fef9f2,a07ad7b210c0679a3f6f399d7be81647,delivered,2018-02-10 22:28:49,2018-02-10 23:35:35,2018-02-16 21:04:04,2018-03-06 22:12:04,2018-03-09 00:00:00
1cd94ec5da3b3b76e199b3d79666bdfc,d9e285d36e3ae26036cb309ef5f65c76,delivered,2017-05-21 21:22:31,2017-05-21 21:35:19,2017-05-22 10:06:37,2017-05-30 12:30:09,2017-06-13 00:00:00
0d80d0e27b1dc1e7eab3528b17464069,1c0b212adf187d17ce8b977f1283eea9,delivered,2018-08-21 19:44:49,2018-08-21 19:55:14,2018-08-27 15:27:00,2018-08-28 22:21:50,2018-08-30 00:00:00
a3680a328f9d1e30589963d953d29d61,9521a0527be86bc0764fb3b817109cce,delivered,2017-09-05 22:49:05,2017-09-05 23:10:15,2017-09-09 13:23:13,2017-09-12 22:53:28,2017-09-22 00:00:00
02b2c02d27d60c0e658675335ca80216,9d467d901959584e227cdeb1dd1e0c62,delivered,2017-08-05 12:57:02,2017-08-05 13:10:18,2017-08-09 20:07:44,2017-08-31 18:37:37,2017-09-05 00:00:00
759aedc35b7caf0ca563b0b72614e9d5,d73fb9456214facdcf1a9e14d7667e18,delivered,2018-07-22 13:28:55,2018-07-24 11:32:46,2018-07-25 15:52:00,2018-08-09 18:08:38,2018-08-09 00:00:00
29bd235b1e0eee8c72af9375033b5f8c,52e73a5d0a1d4c56b090cd70e0d678ee,delivered,2018-08-06 12:30:02,2018-08-06 12:44:20,2018-08-07 12:51:00,2018-08-27 13:06:43,2018-09-04 00:00:00
871f526d138c30fdbcecbcf72a3588b5,418f9db43776a18cbe728a0b6e5c8227,delivered,2017-07-26 09:53:41,2017-07-26 10:05:46,2017-07-26 19:14:45,2017-08-05 12:42:07,2017-08-23 00:00:00
9fe660037a9d47d9497e2b45f902d869,18d11dc3fad6c82dfcec94b649579acb,shipped,2017-11-02 15:28:41,2017-11-04 15:10:30,2017-11-07 21:13:05,,2017-11-24 00:00:00
1ddf18d3e2bd8005383de4ce76165fd4,c7bf8b7df7cc634b65d6a6bf11613309,delivered,2017-10-30 16:34:07,2017-10-30 18:33:03,2017-11-03 11:53:38,2017-11-06 21:12:02,2017-11-21 00:00:00
564389e5695ed5402107bccb414d99c0,dbb55d260b704fb87b25b2a678e96c6f,delivered,2018-05-03 13:26:39,2018-05-03 13:52:40,2018-05-04 15:05:00,2018-05-07 17:25:48,2018-05-18 00:00:00
a2774eabce91067c32cfb2813ac902ad,3737a929359d1e964541489e0c0e3841,delivered,2017-12-04 10:10:12,2017-12-05 11:23:46,2017-12-08 18:28:51,2017-12-13 22:11:41,2018-01-05 00:00:00
9a10d7c2100d6cd74a5e9074cc23518f,c4094934d8660b71c232b7c0ded1b6de,shipped,2018-01-12 14:15:43,2018-01-12 14:28:27,2018-01-16 14:22:17,,2018-01-31 00:00:00
3e913a9dfc52c9a6dcbfc18c5ded61b8,51432bd945666f867e57877fa8ae26c0,delivered,2017-06-27 13:53:48,2017-06-27 14:05:46,2017-06-29 13:58:18,2017-07-11 17:41:59,2017-07-24 00:00:00
6a9dce70e1b41a16991dad71dcd0411c,971fd009ce5e29b97e62d92f418138f4,delivered,2017-11-28 09:31:07,2017-11-28 09:39:25,2017-11-29 18:27:13,2017-12-14 01:19:11,2018-01-04 00:00:00
abbc0add533d31e83195d03eebe028f8,84fc915ffe98d917a067b9096655997b,delivered,2018-05-23 18:21:24,2018-05-23 18:36:04,2018-05-24 14:17:00,2018-05-30 20:28:39,2018-06-20 00:00:00
d5ed14d56a32bdc31d25faabc33e7b7a,d173bdc28ffe8491a9b9b4b21eb06975,delivered,2018-04-23 09:19:20,2018-04-24 17:25:07,2018-04-23 21:42:47,2018-05-02 15:17:04,2018-05-24 00:00:00
1728325be5eb1de748928d1e52fbdc29,df30c4f02bbf3022352c33d573a32879,delivered,2018-03-06 12:03:03,2018-03-06 12:16:01,2018-03-08 01:09:14,2018-04-03 19:04:41,2018-03-27 00:00:00
c6c0fe642aa710096f0af8a080c1a85c,067f45ab00b8417ea9d95d1f42f6a41c,delivered,2018-04-07 15:39:15,2018-04-07 15:55:17,2018-04-09 20:03:06,2018-05-08 15:06:37,2018-05-10 00:00:00
ff7f5fd520c590ecb28347614bf26ae2,c97dea389274283c7b7407ae8cf809f8,delivered,2017-03-04 14:23:12,2017-03-04 14:35:16,2017-03-07 18:37:44,2017-03-17 11:24:06,2017-04-04 00:00:00
71c948e9e7c4785f6d297557bb86799d,aacef40deda591399d6f85e556b9c9e8,delivered,2018-03-21 09:46:54,2018-03-21 10:08:06,2018-03-21 20:35:44,2018-03-27 19:48:34,2018-04-03 00:00:00
6ba5ec180235f8b95042925408ed3bd0,bb9ae08977cdcb7fea21891f23631993,delivered,2018-01-16 23:21:40,2018-01-16 23:31:27,2018-01-18 22:52:52,2018-01-29 18:36:59,2018-02-16 00:00:00
13651aa318d6af9df5257a5dfdc20f3c,07a41bea02321e3258b602c6f8dd4ff4,delivered,2017-12-05 13:56:28,2017-12-05 14:30:59,2017-12-08 00:33:36,2017-12-28 20:29:09,2018-01-15 00:00:00
32041c13aeb87f7faadf1f7e8344263e,995f14aeb42a8b9d82c8891260523411,delivered,2017-10-28 01:27:17,2017-10-28 01:46:35,2017-10-30 20:07:47,2017-11-03 18:27:42,2017-11-17 00:00:00
fdc9d53919c301a0d27f2aad205c5aea,c72574999d02567190f02835c3af476a,delivered,2017-11-26 01:02:57,2017-11-26 01:10:56,2017-11-29 15:06:55,2017-12-14 19:35:11,2017-12-18 00:00:00
0bcf4c7784f314d5c92bcfc30b7813e2,2e0c8e22fced1b114c5f5ed439912ce1,delivered,2018-04-21 07:48:49,2018-04-24 18:40:40,2018-04-24 00:16:49,2018-05-08 19:44:55,2018-05-21 00:00:00
abc7bf320a2a81a63b1567171b3f4482,bf43e6b74f7c46f38f7b4d40e02b4b4a,delivered,2017-05-15 17:06:19,2017-05-15 17:30:22,2017-05-19 14:39:28,2017-05-23 11:22:39,2017-05-26 00:00:00
9418f431efb128232722a4b4c410d08b,9d2c0f3c2ae02ed2417fcc7f49fa747d,delivered,2018-07-14 22:52:52,2018-07-17 04:31:40,2018-07-18 13:24:00,2018-07-23 14:20:34,2018-08-02 00:00:00
449f3475482b3e2a83e3d08eaa99d77c,b9729467688cd631768cd55a71ee1a09,delivered,2018-02-28 19:27:20,2018-02-28 20:20:51,2018-03-02 00:22:06,2018-03-11 11:25:19,2018-03-23 00:00:00
259ab6d981e68ad563951cdfe524f86c,92d6ff70b9588adfed1f220f872520da,delivered,2017-05-17 16:00:45,2017-05-18 02:26:04,2017-05-18 08:11:45,2017-05-26 14:45:53,2017-06-09 00:00:00
3be022c04922f96b5df70e2ad9e2c852,8c2c2843abb880842d1b6bd2fccab395,delivered,2018-03-04 02:07:22,2018-03-04 02:30:49,2018-03-14 17:13:02,2018-03-21 19:04:21,2018-04-02 00:00:00
af4f0dc6b4ccb0aab19367dd0d19ffbb,5825d0a5afb4964036925cf2441a44a8,delivered,2017-07-12 10:23:17,2017-07-13 03:03:46,2017-07-18 20:32:25,2017-07-28 18:12:46,2017-08-11 00:00:00
afcee0adfa39a03591a13aff66b87cb7,fdf346d1caadaed88333734da63d3357,delivered,2018-07-31 17:02:44,2018-08-01 03:31:42,2018-08-02 14:39:00,2018-08-08 16:04:35,2018-08-16 00:00:00
2efa8cad37f73bd607920b772a59b715,91c9fc1d296a37a38a3f6bf21b818b5e,delivered,2018-01-03 23:02:20,2018-01-04 00:56:44,2018-01-04 16:22:12,2018-01-12 20:29:01,2018-02-01 00:00:00
bc535ec5ab20f26f4b9dc626fc4f7bf8,07b49e1f48e3b25898e300705a980b55,delivered,2018-08-01 10:25:10,2018-08-01 12:30:48,2018-08-13 09:23:00,2018-08-14 13:38:25,2018-08-09 00:00:00
42a2b3e3880278bbfd48a514c5bc77fe,668c72de37d65166a4ef67f66da10504,delivered,2018-04-02 17:15:25,2018-04-02 18:00:11,2018-04-05 21:12:03,2018-04-10 20:47:36,2018-04-26 00:00:00
403e2f13e63c21240eaa9840fe6d95ec,1eabe81c2776591d3fd647bec734d381,delivered,2018-04-07 17:16:21,2018-04-07 17:28:14,2018-04-10 16:52:49,2018-04-13 18:35:26,2018-05-07 00:00:00
2cec29f99109ce2923276bf06e615401,5ffda919f6e027b6d74388452ec99a18,delivered,2017-11-23 13:48:08,2017-11-23 13:56:51,2017-11-24 21:31:54,2017-12-12 20:27:03,2017-12-20 00:00:00
8d99860c3f335f2c5790a0c85105019d,de5507e5bbd54d137188ab6ac67bbfe8,delivered,2018-01-22 11:58:44,2018-01-22 14:18:59,2018-01-24 17:49:14,2018-02-01 19:41:41,2018-02-21 00:00:00
222e2e919b398d9f76f574166e305c62,e5cd3e75fe2ef1e3464a4a038f81fd48,delivered,2017-11-05 22:14:30,2017-11-07 01:36:15,2017-11-07 19:17:28,2017-11-16 22:57:01,2017-12-04 00:00:00
4a61de88a0c36302508ab48724c9c933,bc52d9d25596d42ee5bf3af7045b7bbf,delivered,2017-08-04 14:41:25,2017-08-05 14:50:16,2017-08-09 15:12:45,2017-08-14 18:16:10,2017-08-24 00:00:00
62d3014a7e5b4f51c5f2bb713775aada,041318f3b224ed1865ecbd61cbd4c77b,delivered,2017-05-21 15:57:33,2017-05-21 16:10:12,2017-05-22 18:34:56,2017-05-30 10:52:27,2017-06-26 00:00:00
9f36a6b11ec95b4f8586000d49dae422,c40329c5ca94144e1c4a130166521b66,delivered,2018-05-08 18:54:41,2018-05-10 21:51:06,2018-05-11 12:52:00,2018-05-16 21:28:29,2018-05-29 00:00:00
c9151302a710db6b3fd4aa4d140bd264,387eafcfbf773b220ffc46360520e32b,delivered,2018-04-16 16:58:49,2018-04-16 18:15:07,2018-04-17 21:51:04,2018-04-26 21:55:24,2018-05-21 00:00:00
707b1eade17fb8a0c67c686946879f54,ba2ec26643e8bfc429f87c86613191fe,delivered,2018-05-16 23:20:20,2018-05-18 05:16:38,2018-05-18 14:35:00,2018-06-07 13:56:49,2018-06-06 00:00:00
276566d4177aa73785edbf9d6364925e,bc5c23727d81fee31942495ddecec14d,delivered,2017-03-16 19:05:03,2017-03-16 19:05:03,2017-03-17 14:10:07,2017-04-05 15:47:36,2017-04-06 00:00:00
0e24f70accd4e5573b5173a35a773e5d,bc76c33e5eeaec955b0b3e70e77836f5,delivered,2018-01-28 14:09:10,2018-01-28 14:18:26,2018-01-29 22:10:37,2018-02-05 19:48:58,2018-02-20 00:00:00
962d7424fa1ac4663ef72969ce322fd8,9c92386cbe5876b71907d3bc7a17a6df,delivered,2018-01-18 14:29:05,2018-01-20 09:10:52,2018-01-26 09:32:46,2018-01-30 18:57:02,2018-02-21 00:00:00
50a6272e4de975f1b97fca4f68157f84,9f0d658ef3d6f96143d992b4496304e5,delivered,2017-12-16 09:40:04,2017-12-16 09:50:47,2017-12-21 20:47:06,2018-01-08 15:19:40,2018-01-16 00:00:00
b6e98ad9c6e0c58c16cd60eafd17c2f3,97375563baa137812bfe0f2b2131fe86,delivered,2017-08-13 21:47:21,2017-08-13 22:04:09,2017-08-17 21:23:39,2017-09-01 18:03:33,2017-09-08 00:00:00
e31baadb00ecc47a1251bce82d64280b,b451dc8c2ff1cbbbf4dd6082c170cd64,delivered,2017-11-03 12:12:30,2017-11-06 08:56:13,2017-11-07 17:35:06,2017-11-09 23:02:43,2017-11-16 00:00:00
b8572787e40305c2a619dba4a1d78820,6d5a8a61907ca7455a4b282be18d298d,delivered,2018-04-19 14:08:57,2018-04-19 14:35:11,2018-04-21 01:38:35,2018-04-25 15:59:44,2018-05-08 00:00:00
55237a86ff63f2db34b6b47bbb3d694f,8ff586e977b363b0fcd27dcd42ba736a,delivered,2017-06-02 13:51:20,2017-06-02 14:05:18,2017-06-06 14:52:21,2017-06-19 21:47:36,2017-06-27 00:00:00
9885b9682bcb820c6a33464aa0bc683f,02b168b03c95daba8c837ac1d2f85670,delivered,2018-06-20 16:14:36,2018-06-21 18:20:33,2018-06-22 10:56:00,2018-06-23 14:48:31,2018-07-25 00:00:00
ecf6789fa93718435fc6279a4c051917,4d3ef4cfffb8ad4767c199c36a4cfee6,delivered,2018-03-03 16:51:20,2018-03-03 17:05:30,2018-03-07 02:47:43,2018-04-20 20:58:44,2018-04-04 00:00:00
79a0ca36f845e0bf7e0e21441e0da0ba,5215f8b7b9bab10fd167836e7a7c8964,delivered,2017-05-31 22:18:19,2017-05-31 22:30:19,2017-06-01 13:52:55,2017-06-12 14:57:35,2017-07-13 00:00:00
663273652c0d094eb5880f00867434c7,b0618d9432fb33cf0122b6af623ab522,delivered,2018-06-11 14:54:53,2018-06-12 04:57:40,2018-06-12 13:42:00,2018-06-27 18:14:36,2018-07-16 00:00:00
911a1257a699f1b61ec55aa88eace3bd,295b66076a7255133bdc1adbb056162e,delivered,2017-12-02 03:45:01,2017-12-02 03:58:26,2017-12-06 21:41:56,2017-12-21 17:38:34,2018-01-05 00:00:00
644abcb389602a2c6e3a542e106ab86b,7a1026a3566184b089a35c3841d436f8,delivered,2017-04-28 19:07:28,2017-04-28 19:22:53,2017-05-02 12:08:55,2017-05-12 15:24:46,2017-05-24 00:00:00
dac20199c3b53e630f19bf3dc1744bba,03326ac6bdb11c844b82c85df77525cb,delivered,2017-12-01 08:41:02,2017-12-01 11:31:23,2017-12-05 22:56:55,2018-01-12 20:59:18,2018-01-08 00:00:00
b301751e61d9c2d768c0e4cd484844c2,2fd2ac7a82e4a187eaf6b9570b2ec301,delivered,2018-01-11 14:15:01,2018-01-12 03:32:26,2018-01-20 01:07:28,2018-01-26 18:29:17,2018-02-08 00:00:00
b2055cac51ad40754138bfed4d778344,2fc9485915fd5cf440eb9f686d60ac46,delivered,2018-08-03 21:17:48,2018-08-03 21:30:17,2018-08-06 09:19:00,2018-08-07 16:18:48,2018-08-09 00:00:00
1e6582156af0035606a446213730ca65,a22a8f7e1b228736f02555a035994f27,delivered,2018-05-25 19:17:51,2018-05-25 19:38:36,2018-05-26 07:56:00,2018-06-05 15:13:50,2018-07-20 00:00:00
d289934bddf878e1cac62c95c8ee5402,4498cfb1d873a0d5a66735f01cbe8246,delivered,2018-08-15 17:53:14,2018-08-15 18:10:15,2018-08-16 12:50:00,2018-08-22 22:41:16,2018-08-30 00:00:00
9fa34daa1767b075c5a2490c9e8b403e,f8800c3575e2aacb856af1b2b8745e0b,delivered,2017-05-22 19:46:08,2017-05-22 19:55:08,2017-05-23 10:38:00,2017-05-30 15:37:38,2017-06-22 00:00:00
65f87722388463aa7d02023c8f5b11ab,92c2c5b759c20b4d91edd17b0b8572c7,unavailable,2017-12-05 16:00:46,2017-12-07 15:54:29,,,2017-12-21 00:00:00
dce4968a8e46a08de010a63c833f8c89,acd30a9c92907877ca0b1fbbacfaa055,delivered,2018-03-17 19:07:43,2018-03-20 03:10:42,2018-03-22 20:32:22,2018-03-28 21:09:06,2018-04-05 00:00:00
613642e8ff12626da63befddef26efa4,e45f291e6c2b5aeff4858a3bd9a59fe7,delivered,2017-03-01 10:50:52,2017-03-03 02:15:47,2017-03-03 12:30:26,2017-03-08 16:35:16,2017-03-20 00:00:00
83b944375b2d2c1ad0e9cf45754f4936,a2392761e41169375f4e7ac6b9d1b548,delivered,2017-08-02 16:46:54,2017-08-02 17:05:20,2017-08-03 21:39:30,2017-08-10 18:52:59,2017-08-22 00:00:00
52c8fe0f0dc37807e452b5f695c2eb77,e02193584f54356ced74568c39966cdd,delivered,2017-12-14 21:08:59,2017-12-14 21:38:36,2017-12-15 19:57:43,2017-12-23 18:39:03,2018-01-10 00:00:00
74b9959056734d2fa68d5570ea482664,f8fe44962522b924e8ec219034dfe81a,delivered,2018-01-15 23:24:52,2018-01-15 23:37:21,2018-01-17 22:21:30,2018-01-27 14:48:53,2018-02-14 00:00:00
01dd288e8605af239a3a35e550e89235,0a88fe358661f9b9cd87d419e7bffcdd,delivered,2017-07-26 07:51:14,2017-07-26 08:05:22,2017-07-26 20:39:54,2017-07-31 16:26:49,2017-08-21 00:00:00
0cedce314f08f29c07de4eff348e16bc,b817bff4fb17d66f0e9f00c5a0a2553c,delivered,2018-05-30 14:03:51,2018-05-30 14:16:56,2018-06-01 15:05:00,2018-06-12 17:08:50,2018-07-12 00:00:00
b6144031396a6d8e9f9f10d110f5449f,421dade77b18dae3277a91c125a5d7e6,delivered,2017-12-30 14:00:04,2017-12-30 14:08:36,2018-01-04 23:54:30,2018-01-06 00:53:05,2018-01-18 00:00:00
264838181624ad76b573c373a9862598,43f2176981dddf6c658f92c81be1dc72,delivered,2018-07-21 08:53:38,2018-07-21 09:10:09,2018-07-23 11:26:00,2018-08-09 15:56:28,2018-08-09 00:00:00
11d91b6084c2ad87ceb2d91af4483714,594145332c1e791191934fdf8a5c4589,delivered,2018-01-30 13:40:53,2018-01-30 13:51:29,2018-02-07 17:41:51,2018-02-23 19:59:01,2018-03-02 00:00:00
6618ba440a8c54ff6e7dfcf5c7300265,38d52de4844d8632a80ebf998942116c,delivered,2017-05-27 19:51:58,2017-05-28 20:02:37,2017-05-30 15:26:51,2017-06-02 15:19:08,2017-06-27 00:00:00
f3584b023b097595c8e2b0b6fd51a839,c59e684f832f832056ceee2c310cfc7f,delivered,2018-01-25 21:10:57,2018-01-25 21:18:23,2018-01-26 23:38:48,2018-02-06 22:26:16,2018-02-26 00:00:00
1e5958074c0e0c8c32ca98a2155b4ac9,11b6651e83500aee07a2a5b39c329ad1,delivered,2017-12-09 06:52:41,2017-12-09 12:19:31,2017-12-15 23:34:10,2018-01-13 12:52:04,2018-01-17 00:00:00
b85337255e10104e080de3910e8a3cd7,192f8a34932921270eeae48aa340ee52,delivered,2017-06-11 20:03:06,2017-06-11 20:15:08,2017-06-12 14:56:49,2017-06-22 13:02:54,2017-07-11 00:00:00
c9658b7487e1dbbf57f82493f398ed15,6be73b0eb0bb8396d3e5eef58af338e6,delivered,2017-08-13 15:39:54,2017-08-14 15:35:10,2017-08-15 21:27:26,2017-08-21 17:22:37,2017-09-01 00:00:00
1fc1b67424adbd232ce0356571679bfd,a6aa237d1c215f52284dafb8886e839b,delivered,2018-01-02 20:13:01,2018-01-02 20:32:06,2018-01-03 21:12:59,2018-01-09 03:28:44,2018-01-31 00:00:00
bfc8542b30ac37f22fb53ab41e8fdf20,918e7a54bf36d024fb73d4a6f16ee6ea,delivered,2017-07-04 21:28:10,2017-07-05 17:42:57,2017-07-10 19:32:22,2017-07-13 16:35:36,2017-07-28 00:00:00
617ac8c25042d947ab469129213fa435,2ad205cfba7e191089b244afc271ffc7,delivered,2018-05-14 19:05:26,2018-05-16 03:15:12,2018-05-16 16:32:00,2018-05-19 13:38:49,2018-05-30 00:00:00
f577c78346131418552c3d7fea582723,06d338952a08988a496796c25a61d12d,delivered,2017-09-11 11:41:16,2017-09-11 11:50:51,2017-09-12 15:46:02,2017-09-25 20:47:38,2017-09-28 00:00:00
70d7affe471e6f94c28682a3bd9b5552,af3d832d3c7934231709ceff958cc40b,delivered,2018-08-04 13:59:01,2018-08-04 14:31:18,2018-08-07 11:15:00,2018-08-08 16:31:59,2018-08-10 00:00:00
dd16e5eb87375ae00ddc33be8f099ba8,1b6437c30473929367a4bff8dd3ab77a,delivered,2017-11-01 16:34:52,2017-11-01 17:31:14,2017-11-03 20:48:52,2017-11-10 18:58:45,2017-11-28 00:00:00
431e70e0fb93448af0d2e42e6af75e96,e9c9f533d706b13484dde6fc7e97412e,delivered,2018-04-12 17:01:08,2018-04-12 17:13:45,2018-04-13 22:32:17,2018-04-26 19:22:01,2018-05-22 00:00:00
e356148aef41329b41d13a234a0402db,14226c38a696907d6d3a30f1d1b8a231,delivered,2018-08-23 08:53:13,2018-08-23 09:05:14,2018-08-23 12:25:00,2018-08-29 16:41:50,2018-09-11 00:00:00
0a89bc2ec7e822a78b0cef45518d6217,a80a94cf8bd343cdd10d03d8b37ad719,delivered,2017-11-13 23:44:17,2017-11-13 23:55:29,2017-11-14 18:49:15,2017-11-24 16:21:26,2017-12-13 00:00:00
9d08114eba8cc347f5073bc95311a728,923658690a8fa2d7cf18e3e9937f9e40,delivered,2018-02-12 23:47:54,2018-02-13 00:08:04,2018-02-16 00:05:07,2018-02-21 20:18:10,2018-03-21 00:00:00
3bfcb67badce1259bcc45c6fd1daafdb,cafd195f26f4ca44012b5ceee8cc5b8b,delivered,2018-02-07 20:01:51,2018-02-07 20:15:31,2018-02-09 21:41:57,2018-02-14 12:08:45,2018-03-06 00:00:00
b9b7f9bddf7affffff1c6da14e8144b0,a46d903e312bcaabd937e93363cae46a,delivered,2018-01-10 22:20:37,2018-01-10 22:33:46,2018-01-17 14:27:11,2018-02-03 07:12:40,2018-02-09 00:00:00
ad1b9aae3e8a03190849a015fd26429a,e22aed657258e707c7bfdaf734971ba0,delivered,2018-07-24 21:24:13,2018-07-25 21:15:22,2018-08-03 13:21:00,2018-08-08 12:18:44,2018-08-21 00:00:00
af83f5e5f987977b6420b4763517beae,1eabab60895d7199ae261bc0b489103b,delivered,2017-11-23 14:34:33,2017-11-23 14:49:37,2017-11-24 22:10:19,2017-12-05 21:24:54,2017-12-15 00:00:00
f728a107d250094ad6878ff631492b3e,2c3f1477984c40ac05ae4324d06e379d,delivered,2017-06-05 11:19:40,2017-06-05 11:30:13,2017-06-06 16:46:31,2017-06-19 19:47:18,2017-06-28 00:00:00
c7c3a00f3958f5ce595a95a1a98672fa,da5faf362ea5bf19120d84fa6e8cec46,delivered,2017-08-06 15:41:18,2017-08-06 15:55:17,2017-08-08 18:42:50,2017-08-11 22:10:47,2017-08-25 00:00:00
ef499cbb85da7d399c43fe2eac17d076,fff55ba8dffa552b6fdfd86c2e806459,delivered,2018-01-24 17:29:00,2018-01-25 18:31:19,2018-01-27 00:07:09,2018-02-07 20:27:46,2018-03-02 00:00:00
110f6ca5866b291c8689e08bebf7f8f8,96fd06edf4a19ef74e5316052553b842,delivered,2018-02-14 11:43:52,2018-02-14 11:55:28,2018-02-16 18:53:21,2018-03-13 20:44:41,2018-03-07 00:00:00
a4d5a2db8b3c359fa6da4c7836730c57,37cc3556e6997fba7ef6c028a9d233b8,delivered,2018-03-26 09:47:12,2018-03-26 10:08:27,2018-03-28 23:18:52,2018-04-09 18:00:51,2018-04-24 00:00:00
12acc7b15e7e65ef48a7b01d3f42f1ae,3f81967fd64049341ca6b424b74064ec,delivered,2017-10-06 23:23:02,2017-10-07 01:25:19,2017-10-09 19:23:19,2017-10-24 20:03:23,2017-11-14 00:00:00
5278f92718cd6d3de89da59a99515b34,39c4545c05884339f82340bd79a8a679,delivered,2017-12-01 14:42:23,2017-12-01 14:54:23,2017-12-04 19:53:53,2018-01-03 14:10:29,2018-01-04 00:00:00
e0281f23b49ca718b12ff1af3140db6d,aa8ae15ce20e0627991d9c3e7ac0dd14,delivered,2018-07-30 11:15:51,2018-07-30 11:31:14,2018-07-30 14:21:00,2018-08-02 16:59:43,2018-08-13 00:00:00
b6424e8ce7a66029b94b1221473c995c,17cc2e171c850fc31881782241caa4e4,delivered,2018-06-03 20:07:57,2018-06-03 20:31:22,2018-06-04 13:17:00,2018-06-08 19:21:46,2018-07-05 00:00:00
a911878b89655a6ca2a33ed01e1c8d3d,19f1fc491b7b350f93bb538f0cd48912,canceled,2018-03-05 09:28:19,2018-03-05 09:48:20,,,2018-03-19 00:00:00
1dbff949801376b8795a093d31cfe205,0cbd2df3d6e9d8b1eaf5cfefc44886bc,delivered,2018-05-16 14:50:54,2018-05-16 15:18:42,2018-05-18 12:10:00,2018-05-21 17:14:08,2018-05-28 00:00:00
3d4bfa3de7e617f61d1ee3c87e95b204,5e98755f49cf29e4e9e87d81d2f86db2,delivered,2018-05-28 09:26:31,2018-05-28 09:52:14,2018-05-28 15:16:00,2018-06-14 00:46:38,2018-07-16 00:00:00
ad9416072d65f536085a082274c80156,29f36192ba88e82563010d150f11cd90,delivered,2018-04-12 21:41:24,2018-04-12 21:55:13,2018-04-13 21:47:28,2018-05-02 18:51:39,2018-05-14 00:00:00
46ca5520b760899050553edaf87845fe,0120f40c1cfb22b538c7f78c8b5265dd,delivered,2018-05-17 08:48:05,2018-05-17 09:18:22,2018-05-17 15:17:00,2018-05-19 00:41:41,2018-05-25 00:00:00
63e4d9a8a382e43251ec90778af9db66,3eb74c12d592264782e26883dc7c6744,delivered,2018-04-26 21:12:18,2018-04-26 21:31:22,2018-04-27 18:59:00,2018-04-28 15:21:21,2018-05-15 00:00:00
06cc571b0a86a28fa19139270e4d3aea,6c94244091c0ea6ecf242283e1455871,delivered,2018-04-11 17:29:35,2018-04-12 11:31:23,2018-04-13 20:36:32,2018-04-25 18:47:12,2018-05-16 00:00:00
5b57e9de57b0d980b9a9049aeacc5955,953a4515d1eff98c3269cc3c42fcb779,delivered,2017-10-30 18:33:41,2017-11-01 03:35:21,2017-11-08 19:05:44,2017-11-13 19:32:03,2017-11-13 00:00:00
efaeae23ce63af9377c93a7458a9011b,ea1cf488496888420bb499ec65e8349e,delivered,2018-06-30 20:53:06,2018-06-30 21:10:10,2018-07-02 17:18:00,2018-07-11 22:18:49,2018-07-31 00:00:00
839a61f2e7b3eb740c0cd5621dc3fc8a,a00153cd524cd6264bfc9caf183726ec,delivered,2017-06-08 16:55:55,2017-06-09 02:25:22,2017-06-09 13:51:20,2017-06-22 14:56:51,2017-07-05 00:00:00
8cb9dee4f1dcfd13f7dbe690e29570cc,b2d9f8e504f557a08b70facea3e5e167,delivered,2018-07-19 18:05:03,2018-07-21 03:10:22,2018-07-23 11:26:00,2018-07-31 01:18:29,2018-08-07 00:00:00
362d05992700eba655eb66eae33e4d65,59f7075aab4387806b4268980afe1891,delivered,2017-04-10 15:23:41,2017-04-10 15:35:07,2017-04-11 07:08:00,2017-04-27 17:38:32,2017-05-16 00:00:00
eaab44d4e74c7fffbef5ea53e34068a1,f12c3ed51e54cde5e656b7521495af82,delivered,2018-05-16 23:35:50,2018-05-17 00:56:16,2018-05-21 08:52:00,2018-05-30 17:49:52,2018-06-04 00:00:00
4381b4b79d51e72e0eb56a2fd1aea7b9,9a13a74d558446411f150f9d0e0fc8e1,delivered,2018-05-18 14:39:06,2018-05-18 14:57:40,2018-05-18 13:51:00,2018-06-07 15:21:25,2018-06-08 00:00:00
b6e1fc67adee494c3288b775cbae5227,9ce10032cfbf7d2dd3cfe41c48625e59,delivered,2017-07-19 14:17:03,2017-07-21 02:50:14,2017-07-26 18:32:44,2017-08-04 16:42:59,2017-08-10 00:00:00
a04b6ad9c324577c000835fca4587931,84da725dbe39aa4d9c3005e868b26b0c,delivered,2018-02-08 08:43:00,2018-02-09 02:50:32,2018-02-19 15:09:22,2018-02-27 18:51:20,2018-03-07 00:00:00
ad27f40c6dd9ac7017b460bb1ad492f3,067b4d25cd355be5e70f7e0b62f511b5,delivered,2017-12-25 19:26:11,2017-12-25 19:33:21,2017-12-28 01:09:06,2018-01-05 22:24:24,2018-02-05 00:00:00
61c6a9da54016bc445060257391cf4d2,7bdbac2a334337f0613810f763a22cd9,delivered,2018-06-20 08:17:48,2018-06-20 08:38:20,2018-06-20 11:25:00,2018-06-25 19:02:32,2018-07-20 00:00:00
1cf13598b7e6449603960c24184dee24,5a530074a06a772c8a9a6bb90151f04d,delivered,2017-07-26 09:44:12,2017-07-26 10:50:11,2017-07-26 19:47:51,2017-08-04 19:33:04,2017-08-29 00:00:00
c570fdfe7c52f1a15c7f002b4dc46f6f,598e9e9241218986a88156fb2c51c7df,delivered,2018-08-20 19:21:03,2018-08-20 19:35:09,2018-08-29 13:44:00,2018-08-30 19:36:44,2018-08-31 00:00:00
158986977fa0c5043a8200b6b4563979,a1746e37af49aa5afd6b195baed286eb,shipped,2018-04-11 00:34:32,2018-04-11 00:50:44,2018-04-11 20:41:54,,2018-05-09 00:00:00
a5e12034f7049fdff88eb0b0a966a6df,dd6fe70c4b8eb1d8ef08330f8c4d7fae,delivered,2018-04-12 20:24:31,2018-04-13 12:34:19,2018-04-13 22:48:33,2018-04-25 21:19:20,2018-05-09 00:00:00
9539ef8ecac29b0493590ef16cb8344b,9233e7930b00fb3cea4494cb15cfcb08,delivered,2017-05-19 13:35:36,2017-05-19 13:50:18,2017-05-22 08:34:58,2017-05-27 10:39:41,2017-06-12 00:00:00
7d63f6eebe0dba6fbe9a8c9b5d11aa96,bf00c57dea34fb09f3156995b583f6a8,delivered,2018-02-02 14:42:52,2018-02-02 15:17:57,2018-02-06 16:18:28,2018-02-10 16:05:32,2018-02-26 00:00:00
34d0587652282a8e4f05da5083e1f276,571bc28cad276e1be2a13b7ecb386a44,delivered,2017-08-29 23:47:39,2017-08-31 13:50:09,2017-09-01 20:07:40,2017-09-13 10:24:49,2017-09-27 00:00:00
92ecc22dcdb92188d9866d8b120c5428,1c14557efe31e653bb8541d684865668,delivered,2017-11-10 13:14:22,2017-11-11 02:55:46,2017-11-16 19:12:30,2017-11-18 00:21:00,2017-11-24 00:00:00
5825f62edda362144cd0c349124fa927,69572b6a8713a15e9f1fa80b1620daf4,delivered,2018-05-09 21:14:39,2018-05-09 21:34:11,2018-05-23 14:20:00,2018-06-03 18:11:59,2018-05-29 00:00:00
09356cee7d8fee33dcb3ee80c1ccb14f,b417a9a4c05c243aacb8d35106ed5361,delivered,2017-10-12 16:26:24,2017-10-12 16:35:44,2017-10-16 22:37:50,2017-10-24 21:23:26,2017-11-03 00:00:00
0c7561e19f14900c9c63487cc532f384,17c5a9997801ff12fa6faeaae9748630,shipped,2018-04-17 23:32:12,2018-04-17 23:51:37,2018-04-18 23:32:30,,2018-05-25 00:00:00
b3a2890a415faf6e555b875a8bf0f64d,332e8b08adaad28495a0829e0f46aa90,delivered,2017-11-15 12:19:30,2017-11-15 12:30:28,2017-11-21 22:33:07,2017-11-27 19:14:59,2017-12-07 00:00:00
e413fcce1c572bf00dbaa61203d45afe,3e2bc5a52f6f117478085f667ec285e3,delivered,2017-04-10 14:44:46,2017-04-10 14:55:16,2017-04-12 10:22:29,2017-04-18 19:55:03,2017-05-02 00:00:00
3f53ab479c257a4c6c027d24e4a2ffee,03b75b4bb4d5f3145ec04664ddd53183,delivered,2017-12-17 18:25:58,2017-12-17 18:37:28,2017-12-18 19:52:45,2017-12-19 18:07:32,2018-01-05 00:00:00
2369c5b46de8023f54b0ffda76b5b033,09c9a5bac2090a35911123fdde817548,delivered,2018-04-15 16:23:42,2018-04-15 16:31:48,2018-04-20 00:25:41,2018-04-23 14:46:25,2018-05-08 00:00:00
885a4bc7ab1c81c53d7ea58b81bb90ef,607564faf101428f9bb69ffe578dff50,delivered,2018-08-04 15:55:29,2018-08-04 16:10:19,2018-08-06 13:19:00,2018-08-13 21:38:53,2018-08-21 00:00:00
13f39faa772c108e863effadedd16a06,3e95b686c13d08206b2c07b838b65372,delivered,2017-12-04 09:54:25,2017-12-05 10:03:24,2017-12-05 23:36:37,2017-12-13 20:22:28,2018-01-04 00:00:00
12919bed2aced6d1fbbf96349b870522,e590e4a40e69ca1157be43adf2809413,delivered,2018-04-28 15:24:58,2018-04-28 15:51:26,2018-04-30 14:12:00,2018-05-03 15:28:51,2018-05-18 00:00:00
5976280bcb9e91bcff848a26a932af9e,2f902ecc9673532b130b276c7c5f572f,delivered,2017-07-21 16:27:42,2017-07-25 03:30:33,2017-07-26 03:07:42,2017-07-31 21:46:58,2017-08-10 00:00:00
7bd985354ccd17973f86e73806cda364,2f0c6507b587f1eaba8a9d3109cb830c,delivered,2017-10-09 14:10:57,2017-10-09 14:27:30,2017-10-10 16:49:00,2017-10-17 19:30:00,2017-10-30 00:00:00
6f6938612fdf53d7b863eec877c1fbfe,f0bbb754a5855f669094d5049c09c548,delivered,2018-04-10 18:27:06,2018-04-10 18:35:14,2018-04-11 20:50:30,2018-04-17 18:06:46,2018-05-10 00:00:00
fa99f9d0ca69a5d2bc4c66f71e31918e,1b4882c34491435a12de614bb4fcce03,delivered,2018-06-26 18:43:01,2018-06-26 19:04:30,2018-06-27 12:04:00,2018-07-03 21:54:51,2018-07-23 00:00:00
e677510e2924d4e0abd70deded2cb95e,d5eab42c34326d5501a83b95468c2265,delivered,2018-07-08 19:59:16,2018-07-08 20:10:19,2018-07-10 19:50:00,2018-07-12 17:07:49,2018-07-19 00:00:00
0fba53cb4e9429e38cd2750c32fa24a5,90cf9029b6b6b9469c7f0f9c82a59da3,delivered,2017-11-06 15:40:30,2017-11-08 03:46:03,2017-11-08 23:11:58,2017-11-10 17:42:07,2017-11-17 00:00:00
033af049cbcadb2511579b127ba27582,b1e9b2988dc3522049789d4794c3b46e,delivered,2018-03-13 22:39:15,2018-03-13 22:50:32,2018-03-14 19:24:42,2018-03-19 18:28:45,2018-04-06 00:00:00
270087d97c6abc409514129d62d3a513,d412e4c4402192731f840c6efa07f3b8,delivered,2017-08-31 13:43:07,2017-08-31 13:55:17,2017-09-05 09:24:38,2017-09-08 18:26:09,2017-09-19 00:00:00
2c7051c176c93c8ebbf5f8a23dc16e9a,ffde74a56e489b52112c7dbfff53d191,delivered,2017-07-04 21:32:20,2017-07-05 17:41:33,2017-07-06 14:26:06,2017-07-27 17:32:34,2017-08-07 00:00:00
9b7d6205af920c44be164e65895c4262,992399e000066a051a942f33f4501830,delivered,2018-02-05 12:16:57,2018-02-05 12:30:22,2018-02-05 20:57:05,2018-02-16 11:17:21,2018-03-08 00:00:00
e9555dc20eba7e4e62210df1f438ea00,a69ec5f1dbf0907aecdb6eb748f70036,delivered,2016-10-08 11:33:25,2016-10-08 13:19:54,2016-10-12 13:19:54,2016-10-15 13:19:54,2016-12-06 00:00:00
9e6e27636992efb64ea41832caa1ecd2,294224ab77ae8aaa31754ec26833ad8e,delivered,2018-04-30 16:52:39,2018-05-02 09:33:07,2018-05-09 13:40:00,2018-05-21 17:28:51,2018-06-01 00:00:00
a96843a8dacaebe8ab691a745032daf5,92de9528e4b8f2568745e095beb94aeb,delivered,2017-05-14 15:56:59,2017-05-15 16:05:18,2017-05-16 12:19:47,2017-05-23 13:47:53,2017-06-14 00:00:00
b0d51bb5e23f53c3a6bb262cd435abd8,d34fd89980ade52d9649cda228f19178,delivered,2018-04-13 16:07:16,2018-04-13 16:52:23,2018-04-17 19:41:47,2018-04-24 17:58:34,2018-05-08 00:00:00
a3f91830d0e848e2824d4c772ebb7772,f985fbb6e309bce26a0523005408b5a9,delivered,2017-12-01 12:33:53,2017-12-01 12:52:31,2017-12-04 23:03:34,2017-12-19 19:03:12,2017-12-28 00:00:00
ccce59b16257bf1384f3cd838824ac18,d52c717e770aa40d3c16072c3f2009f0,delivered,2018-03-12 12:58:00,2018-03-12 13:10:36,2018-03-16 01:08:38,2018-03-28 17:52:03,2018-03-27 00:00:00
417beda39306d49016d061e343c27dde,9f7ce73102ee4610f94a8c59cb1784fd,delivered,2017-11-24 20:50:51,2017-11-25 17:13:20,2017-11-27 13:41:56,2017-12-01 21:42:14,2017-12-14 00:00:00
d3454c86a9d5b5a519364756eea7e275,9a31b13d9e10e2bfae980026d4d10278,delivered,2017-07-19 00:12:19,2017-07-19 01:10:13,2017-07-19 13:37:40,2017-08-08 18:52:30,2017-08-18 00:00:00
148540b1480015f3bc53f7f534d42652,a103e83f0190404e10491c929ba9dc74,delivered,2017-11-25 16:35:48,2017-11-25 16:51:54,2017-11-29 13:26:46,2017-12-02 12:17:39,2017-12-19 00:00:00
6a8eb263ce16a204a4531e80e9bc83c9,ba686a58d61bb51decf9bbcec00cc130,delivered,2018-08-08 13:50:21,2018-08-09 03:35:11,2018-08-09 17:10:00,2018-08-14 14:49:40,2018-08-17 00:00:00
141898361bb0d46d63ed9006323b19a9,446e77d0777423a19d093d39b7ef75ca,delivered,2018-05-08 15:33:58,2018-05-08 15:50:50,2018-05-11 08:45:00,2018-05-24 17:36:23,2018-06-01 00:00:00
e69a8cc400ec0d55147d287df178cfe3,f250157af1ed266f20280d20eac5d751,delivered,2017-12-20 10:08:46,2017-12-20 10:17:36,2017-12-20 17:57:04,2017-12-21 22:38:45,2018-01-09 00:00:00
6aaedd714ad6929fc4df8d51bd4cfe9a,b24e99c21cef9de4ad6b940683949ce0,delivered,2017-02-08 22:58:15,2017-02-08 23:10:14,2017-02-10 05:24:05,2017-02-20 16:23:56,2017-03-09 00:00:00
081d8e7957ea9756d18875b8505c2886,b09217cd25a81dffeccd1aeeb66fc004,delivered,2017-12-28 18:48:01,2017-12-28 19:30:50,2018-01-04 20:22:16,2018-01-16 19:22:30,2018-01-30 00:00:00
1f2b13f5168b0700a870188e1e72fb1f,bb3288e699de01779884fda1c43734d2,delivered,2017-09-24 15:32:42,2017-09-24 15:50:20,2017-09-26 19:04:17,2017-10-04 12:47:36,2017-10-17 00:00:00
a9231cd2833cf50f90aae1a75dc7cc81,1586b0d408bbbf16b93d0fce9468894e,delivered,2017-02-17 10:32:58,2017-02-18 03:15:13,2017-02-21 09:33:45,2017-03-07 08:23:53,2017-03-20 00:00:00
95a46ee84acaaabcaa312cd198120bc3,277f75ffd7746b6bb5995478da29cf8f,delivered,2018-05-17 18:32:53,2018-05-18 00:37:28,2018-05-18 14:29:00,2018-05-23 13:04:02,2018-06-04 00:00:00
318fcffc93b531c0230bb8c1ebd018c4,af7cff7c0a295ee40511ec0fcbd27d18,delivered,2018-07-19 13:34:13,2018-07-20 13:25:17,2018-07-24 14:59:00,2018-07-27 15:08:31,2018-08-09 00:00:00
f9acbb9c41a974fa5fdd57e6bf85846a,fdcdab30bfa02a13cba1adeef408d4b5,delivered,2018-07-03 09:03:34,2018-07-05 16:40:33,2018-07-04 11:28:00,2018-07-10 17:07:33,2018-08-07 00:00:00
6d081f01954b384717392a20f7230f6a,0648d2dc9982b77534b6cf12e660fe66,delivered,2017-06-25 19:57:47,2017-06-25 20:05:16,2017-06-27 09:43:46,2017-07-07 13:49:46,2017-07-07 00:00:00
a35936917bc53a9d8389a31035869711,5795eb268a358058e245b83429d1cc8d,delivered,2017-08-01 21:49:11,2017-08-01 22:24:05,2017-08-02 20:32:55,2017-08-16 13:34:02,2017-08-21 00:00:00
04ac671da9c58d9111811d06df6d2513,775c4699698b1ee74e359daff3e7468c,delivered,2018-04-22 19:30:11,2018-04-24 17:51:00,2018-04-24 00:03:29,2018-04-28 15:41:49,2018-05-16 00:00:00
17a0d6c98b2dc14bfc378f1ebe19b11b,db55e22111b4944405ed812da9fa96d2,delivered,2018-03-29 19:42:55,2018-03-29 19:55:19,2018-04-02 15:35:05,2018-04-04 02:05:23,2018-04-11 00:00:00
a954cee8e5a8a5e41db8a2bf64e5c181,9a5326ff4df6a2b2c11f843c2909d5d8,delivered,2017-08-17 14:51:06,2017-08-17 15:24:54,2017-08-18 14:33:01,2017-08-22 18:36:45,2017-09-18 00:00:00
1a96285240504cd5e3470a6dfed32e4d,1e47adc3adf1d905c6db3afb5592a8f8,delivered,2017-08-31 20:11:17,2017-09-02 03:04:33,2017-09-04 22:12:31,2017-09-18 16:33:35,2017-09-19 00:00:00
357faf30d677dbe3c31a345f7026a6bb,ae0b6f32627e6336a10fda276da71881,delivered,2018-03-08 22:19:41,2018-03-09 01:21:45,2018-03-09 18:32:07,2018-03-20 11:07:31,2018-03-29 00:00:00
9887daa2e1181336df4be8ea011d196a,9fe2f3fb24c5a450e4d649be659b692d,delivered,2018-04-03 10:52:08,2018-04-03 11:10:24,2018-04-04 18:58:38,2018-04-09 19:54:48,2018-04-20 00:00:00
458c3dd955b92e9289432f66ec35cf10,940b73d9af5cce19e400b7bc0fa9c48d,delivered,2017-11-17 15:28:37,2017-11-18 02:09:31,2017-11-20 20:18:49,2017-11-29 00:56:52,2017-12-12 00:00:00
a69fb30a9523caa379e6031fd0c3a4d2,10a91148fa13611b75851e906551f77b,delivered,2018-03-31 15:43:51,2018-03-31 16:27:33,2018-04-03 19:08:46,2018-04-05 21:08:24,2018-04-12 00:00:00
a8f181d60a5b59513087247b0c3cb348,fc8c9486f62ba58809ef98a465da3307,delivered,2017-09-30 12:04:03,2017-09-30 12:14:21,2017-10-03 13:33:37,2017-11-03 17:51:42,2017-11-03 00:00:00
f0ccded2c86244f755de08ec831108f7,6811eb8a30301283e739fdea3532ba97,delivered,2017-11-24 21:54:29,2017-11-25 01:31:48,2017-11-28 22:31:49,2017-12-05 19:29:32,2017-12-19 00:00:00
69cc55eb653cc27eea935e7a0d26b83a,b867c3da44a39181b0c4a1ef9c644673,delivered,2018-04-21 08:00:56,2018-04-24 18:25:47,2018-04-23 23:28:33,2018-04-28 01:54:46,2018-05-28 00:00:00
c37d7909bc3c1037311795c9056acfc6,7f32b15eb2186290931b86a68f04807f,delivered,2018-05-22 13:06:25,2018-05-22 13:35:57,2018-05-22 15:27:00,2018-06-01 21:54:37,2018-06-11 00:00:00
27b102abaa3085c3b20a4610c892d795,5cf6a645acd4bbae3da587beadf43de4,delivered,2018-04-16 10:46:08,2018-04-16 11:52:27,2018-04-16 21:53:26,2018-04-17 22:14:36,2018-05-03 00:00:00
fffe41c64501cc87c801fd61db3f6244,96d649da0cc4ff33bb408b199d4c7dcf,delivered,2018-06-09 17:00:18,2018-06-09 17:10:13,2018-06-11 14:11:00,2018-06-14 17:56:26,2018-06-28 00:00:00
ae0b49f902be4012d913509645004e98,4d0cb78577848977158c7755edae4fe1,delivered,2018-08-02 12:06:11,2018-08-02 13:05:11,2018-08-03 17:05:00,2018-08-14 22:54:47,2018-08-28 00:00:00
ad5a3cd2c183c5d45c24930fd68b58a6,683a74c85d1adc0b826dc6edc23587b4,delivered,2018-02-21 11:17:36,2018-02-21 12:15:33,2018-02-22 00:04:32,2018-03-07 22:42:12,2018-03-19 00:00:00
b23f8178f3b6555a78a4ad844ed11c57,72304a5b10384c9f55714eb77abb1965,delivered,2018-03-16 11:23:06,2018-03-17 02:50:45,2018-03-19 23:38:47,2018-03-22 19:23:42,2018-03-28 00:00:00
1ff4c20b2df8bf57ff19a6914f21340f,d48ba4f85199917958edc58ebcfc4577,delivered,2018-06-06 16:18:03,2018-06-07 03:12:28,2018-06-08 14:11:00,2018-06-19 17:38:39,2018-07-23 00:00:00
8734de190473a38f024d7d620012510b,93f981296c84d4bb5e58924a81e11e0b,delivered,2018-08-16 23:47:07,2018-08-16 23:55:14,2018-08-17 14:02:00,2018-08-21 14:20:38,2018-08-28 00:00:00
2457f30493cdc677ad02b57dd6d17285,15e004d388d75132c9f43433c4073f2a,delivered,2017-01-22 17:02:03,2017-01-22 17:10:17,2017-01-23 10:20:32,2017-01-30 19:12:42,2017-02-20 00:00:00
7307b10c1d2a536f3f07f18be33d9de7,a58271108e349e574b143bfd78c21e02,delivered,2018-02-07 22:21:56,2018-02-07 23:32:16,2018-02-27 22:49:55,2018-04-06 22:32:38,2018-03-08 00:00:00
b3271f5ebce80cbecb67c5b88487a44a,f54cb508ef48caa49036a5598c5068be,delivered,2017-05-07 21:49:23,2017-05-07 22:02:07,2017-05-09 11:17:13,2017-05-15 11:22:26,2017-05-30 00:00:00
0fe71fb21be89a6d57f98ae7c65d80cb,0c3e6bbb4d61582f912d3acb1adb8981,shipped,2018-03-20 10:06:38,2018-03-21 10:10:25,2018-03-22 20:52:42,,2018-04-24 00:00:00
4cda214be361d0c1d78e4beaac96496b,560bdee82cd21f8162ea1a5cc8690ca3,delivered,2017-10-10 17:29:05,2017-10-10 17:49:20,2017-10-11 21:35:41,2017-10-16 16:24:48,2017-11-06 00:00:00
774ed7074481469e47592b5b0502efbe,4ac7f610ebe23641a39298e180ea2604,delivered,2018-01-08 11:30:38,2018-01-08 11:48:50,2018-01-08 22:37:29,2018-01-12 22:16:01,2018-01-31 00:00:00
933a4d6f0739efd8aa68decea5b411c6,1b12b08776e3b17ca4a596ef872cce0e,delivered,2017-03-01 14:55:51,2017-03-03 02:22:34,2017-03-03 10:08:11,2017-03-10 11:36:39,2017-03-28 00:00:00
a0b07440df74d649da932c50deceeb54,a399db519e544aae00c545623a6b016f,delivered,2017-11-24 16:50:58,2017-11-24 20:36:35,2017-11-30 00:12:53,2017-12-13 15:21:36,2017-12-27 00:00:00
8ee8d07f430f05cc64d93f3c70bd41a7,321aecf88cdc48361653a5688ee1a954,delivered,2018-05-14 13:21:20,2018-05-14 13:35:22,2018-05-16 14:54:00,2018-05-17 16:38:50,2018-05-22 00:00:00
b3b6a35d33a79057c835f4d65c03a2ea,3d961940e450f7b2b5690cbd0ee5fa15,delivered,2017-08-17 15:24:09,2017-08-17 16:04:58,2017-08-21 14:23:14,2017-09-11 20:47:26,2017-09-15 00:00:00
8d4c86f7bdc1beb6537f9c227dc16e76,cab1020e65f0807262252b3f21c8598c,delivered,2017-09-26 14:01:30,2017-09-27 02:56:52,2017-09-29 14:28:47,2017-10-12 13:16:29,2017-10-19 00:00:00
106ba1f32b6a3c0abf4d2845e03b3ab8,5f583bd5c920b2bed0367740a4324d4e,delivered,2017-05-31 09:45:54,2017-05-31 09:55:18,2017-06-01 13:16:41,2017-06-19 21:08:06,2017-07-06 00:00:00
67f755ebeb35fe46f6e389a1148a0f22,8c227dd7fa82ab7e110071418ac859b6,delivered,2018-08-16 20:06:10,2018-08-16 20:15:21,2018-08-17 14:16:00,2018-08-21 21:23:50,2018-08-28 00:00:00
0f2d5ecfa7bf7c7319f63e1ac4267b1a,f344c8cc5caaa9b1b529f699cc8900d0,delivered,2017-08-03 09:53:53,2017-08-04 02:23:39,2017-08-04 20:15:29,2017-08-21 20:07:45,2017-08-29 00:00:00
a7b9ca3e1958817f0415ebbf1fef3941,c28f8e0e6f19fbeb9d27cc038e8e957f,delivered,2018-03-03 11:35:51,2018-03-03 12:29:06,2018-03-23 20:50:35,2018-04-18 18:28:45,2018-03-28 00:00:00
cb3d8a1cca3468a5e99f78eaf49bce40,4481945a0554d214e5a43452060d68a9,canceled,2018-07-14 00:52:45,2018-07-14 01:05:10,,,2018-07-26 00:00:00
c7c2fba00608a1ff64db7dccdfff901d,cb76227f1e96fa31a4b71813c1053696,delivered,2018-03-03 15:57:20,2018-03-03 16:08:49,2018-03-07 21:08:53,2018-03-20 22:42:45,2018-03-21 00:00:00
eaec9353fdfdae46bfe3cd8dac18b0c8,ac20409a5bcf2810040956b8fb803c70,delivered,2017-12-20 15:47:46,2017-12-20 15:53:20,2017-12-27 21:23:49,2018-01-11 14:06:27,2018-01-17 00:00:00
99f0ceec90cf2c8545d450a651c76ad9,e6939985f0edb369553bd11344c855ee,delivered,2017-11-13 14:13:52,2017-11-13 14:31:15,2017-11-14 22:11:53,2017-11-21 21:06:30,2017-12-04 00:00:00
678e948d6ef6324c0891d0c714d23946,66b0c56bdeccde8a05900cb7efb2e1bb,delivered,2017-09-26 07:28:53,2017-09-26 07:49:15,2017-09-26 21:56:00,2017-10-03 20:27:33,2017-10-19 00:00:00
b93abe6c29d3e10323f13afd27ffa9d9,7ca7b39b4d4978ef0a4709d4fd022801,delivered,2018-02-05 16:02:44,2018-02-05 16:15:46,2018-02-07 00:09:47,2018-02-17 16:08:17,2018-03-06 00:00:00
58f065048108c8f53b8fe8255fab3aac,ef9a972eb27eed728e810d7f569d4f6b,delivered,2018-02-13 20:24:59,2018-02-13 20:47:16,2018-02-15 19:33:08,2018-03-11 19:11:52,2018-03-07 00:00:00
5bc2858d960c9a5452d2f76492bfd948,8f5b434196ad2f7198ad310e0da08dbf,delivered,2018-07-16 11:03:07,2018-07-17 04:31:12,2018-07-17 14:11:00,2018-07-25 17:42:29,2018-08-08 00:00:00
70337534367fb81be994632264ee8f9e,8bc4500b8daa17dc6179adbc6a8ab9e6,delivered,2018-02-26 20:36:25,2018-02-28 09:29:23,2018-02-28 20:09:54,2018-04-13 18:18:29,2018-03-26 00:00:00
6b6691a02fbc1d93db80af20e602b8e9,d4dd945fa58de986fe8b0fb39cc5f5fb,delivered,2018-06-13 12:49:43,2018-06-13 13:17:05,2018-06-13 16:51:00,2018-06-20 16:05:24,2018-06-26 00:00:00
9cb058ec33cf6725b0fc1cf24525af9c,f3191db55e494d3b2261cde6f338cebc,delivered,2018-04-02 08:47:49,2018-04-02 09:08:50,2018-04-03 00:27:34,2018-04-13 13:22:32,2018-04-19 00:00:00
4d33c3b8db205a116cc13b56b4cbf5cd,4c8d593df3cc547ce94aebece40f0aea,delivered,2018-08-01 07:10:31,2018-08-01 07:25:06,2018-08-02 16:31:00,2018-08-04 00:48:39,2018-08-22 00:00:00
4e61d7c6f86143c04ee80dae4955fd92,b7c8e76e67ea70f6aaa55aa9f847c0c3,delivered,2017-12-18 10:28:12,2017-12-18 12:45:34,2017-12-18 22:53:21,2017-12-27 18:43:40,2018-01-16 00:00:00
93cdd227e63b8b0bb8bcd95f462ef565,28b07564e377b397c3f81101b4f71377,delivered,2017-11-14 23:07:15,2017-11-14 23:27:03,2017-11-17 12:32:26,2017-11-27 15:42:08,2017-12-05 00:00:00
af69a0637aaba8092dfd96632cde5c69,2b6f9a5c8518090032e4fd1114cbdec0,delivered,2018-05-02 18:42:00,2018-05-02 19:15:29,2018-05-04 15:25:00,2018-05-08 16:14:28,2018-05-23 00:00:00
58317a8b3dfbcadbd945cb80dda94304,f559081f10290cf844cd5875a8524e18,delivered,2018-05-30 01:23:02,2018-05-30 01:33:34,2018-05-30 10:23:00,2018-06-06 19:05:58,2018-07-20 00:00:00
490566f702bcd9c328d15da3a01706fb,d3e64fd2e5a062acc0c4eed5847143a0,delivered,2018-08-02 12:07:33,2018-08-02 13:10:24,2018-08-07 15:03:00,2018-08-14 22:51:10,2018-08-17 00:00:00
3cc57d3144ae8df639a05eb5783f872f,34ed1c016090a8eb4ffac078c2abc343,delivered,2018-07-31 20:37:46,2018-07-31 20:50:14,2018-08-01 14:32:00,2018-08-03 21:51:43,2018-08-15 00:00:00
ca376f8f4042e61688af8cfd32d4e80e,b7f5174046bcdba1e99c45d5227ada9e,delivered,2018-03-02 16:35:38,2018-03-02 16:50:31,2018-03-06 18:56:56,2018-03-14 22:44:51,2018-03-29 00:00:00
671ac88df4b1b29a8c7a049140189bcd,46c370da1eb308908760b4b8e7a34675,canceled,2018-06-20 20:54:17,2018-06-20 21:18:18,,,2018-07-05 00:00:00
df5f09e5abe6a879e4c73dab4eacc0fd,660bdc1f7809a4786ed1852b82b8addd,delivered,2018-02-24 11:56:59,2018-02-24 12:08:12,2018-02-26 18:19:12,2018-03-19 16:48:37,2018-03-23 00:00:00
922d3b9f79fc080553f7a7e877c86bf2,dc1fa8bf46a0b4afeb55416fbec4e690,delivered,2017-11-20 11:45:45,2017-11-20 12:11:31,2017-11-21 18:41:38,2017-11-29 21:37:51,2017-12-07 00:00:00
249e44947c66e3b0e46b3ba2f38d846d,22920e925fcbdd68ef776651f8c53cc3,delivered,2018-04-30 19:56:03,2018-05-01 02:55:24,2018-05-02 12:20:00,2018-05-09 20:14:48,2018-05-29 00:00:00
0cc217cdcf3d4c3aec8a027679e21f89,cee2b2ed35e8bd1166ed5a4f0e45ddab,shipped,2018-06-13 21:57:43,2018-06-13 22:19:21,2018-06-14 14:13:00,,2018-07-03 00:00:00
b59620194f1a281eb142e191d597aadd,6d25b4f566116a84edc38137ee437bcd,delivered,2017-09-02 00:14:09,2017-09-02 00:25:44,2017-09-05 11:58:16,2017-09-12 19:36:51,2017-09-26 00:00:00
37efcc525f7ea02668d6bcb7f8a2df11,627998518e729736c68e0040bd2caec1,delivered,2017-11-18 18:10:36,2017-11-18 18:26:35,2017-11-21 12:59:08,2017-11-29 22:39:00,2017-12-18 00:00:00
e1cefbb06b22dd8349b9f4797a338b58,71fc1f0e4c7d6e6d567898f0e825ef29,delivered,2017-12-20 11:45:55,2017-12-21 11:50:23,2017-12-23 00:24:08,2017-12-28 18:10:52,2018-01-15 00:00:00
137d0174b6161980026a858b907762fc,bdb76be5d5a9873dfb4f392ccf7aa962,delivered,2017-12-29 13:50:00,2018-01-03 04:11:27,2018-01-03 17:52:40,2018-01-04 19:42:13,2018-01-22 00:00:00
d7c70fb2bee123c2d2e46338c1b35f1c,8201dcb45400a528803f590ee1eb8bc0,delivered,2017-09-05 19:01:38,2017-09-05 19:15:12,2017-09-06 20:54:02,2017-09-19 20:37:03,2017-10-03 00:00:00
b8e89b6c4b552e3302842c82c3d3690b,cfa0018ea537f7a14133c72d679afd74,delivered,2018-01-17 23:55:52,2018-01-18 00:10:37,2018-01-22 12:09:11,2018-02-08 19:40:38,2018-02-16 00:00:00
4b32a4cdfc1b80066a8ee3a4b7a2094f,eb41a1c7f87e6e71b1db055df78e913a,delivered,2017-07-25 22:20:16,2017-07-25 22:35:15,2017-07-28 14:52:11,2017-08-07 20:44:03,2017-08-18 00:00:00
3ba9c7e03e16689f18c77e2f5efd2af4,26e51150dfad8e72cb6698c93cb3afb1,delivered,2017-11-18 14:51:54,2017-11-18 15:06:44,2017-11-21 16:17:00,2017-11-30 15:31:50,2017-12-19 00:00:00
8d24e39cc7ee4017efd53c88a131b000,da6bee092c65d53d6a2a8a3b51d6cfd4,delivered,2017-06-13 11:34:47,2017-06-13 12:03:59,2017-06-13 16:17:08,2017-06-23 12:42:40,2017-07-06 00:00:00
3d4c0bee5a287df3c005b08aebb13911,ba160084e4df378993113c061b5fdb9c,delivered,2018-01-13 19:18:48,2018-01-13 19:29:43,2018-02-08 21:09:11,2018-02-17 02:32:26,2018-02-26 00:00:00
d91fb0012308a7be17b8f4fb3534619f,19e9d692537065788a675ee5b1d3648f,delivered,2018-03-15 11:30:37,2018-03-15 11:49:59,2018-03-16 22:21:51,2018-03-18 12:28:28,2018-03-27 00:00:00
fae98fd8dd9729af2c8c95e16f3719a0,4a0fe2daf258db32318f5e80470078cd,delivered,2018-02-27 18:19:54,2018-02-27 18:35:32,2018-02-28 23:32:39,2018-03-05 23:32:07,2018-03-21 00:00:00
fd814f791bd23e12edad7656f27a8310,aaf90b48c468223f8e602d937b2175de,delivered,2018-02-10 21:46:00,2018-02-10 21:55:24,2018-02-22 01:33:44,2018-02-28 17:23:17,2018-03-06 00:00:00
3cd3f3794a6d2adae68996a620bfb813,c7b0aa8f130eb64ddf65a2ea8dba85be,delivered,2017-06-20 11:36:56,2017-06-21 11:45:14,2017-06-22 12:42:44,2017-06-23 10:46:35,2017-07-04 00:00:00
0bec54b12e30ef962cea0714ea592545,d80fe862fc842cc85b3548679f505116,delivered,2017-10-19 21:07:40,2017-10-19 21:27:56,2017-10-20 13:25:26,2017-11-06 18:48:51,2017-12-19 00:00:00
64a6cbaf0304bb145b7eae00fbbac35b,310ae0c5db4a725df3d7c74f27b403b2,delivered,2018-04-05 15:18:52,2018-04-05 15:30:22,2018-04-07 00:56:31,2018-04-10 17:52:06,2018-05-08 00:00:00
29b19fa421fe74d9add3a5988a5231fd,4a4a3cc29d727a8112ea6e4887174028,delivered,2018-05-14 22:50:22,2018-05-14 23:17:45,2018-05-15 12:14:00,2018-06-11 16:36:39,2018-06-07 00:00:00
36f63f07e3c52585c8eb2795c466b3fa,400083d12b8d97a4a5eac5e61b2dcdc1,delivered,2017-02-05 13:58:46,2017-02-05 14:10:14,2017-02-07 03:38:32,2017-02-16 11:42:56,2017-03-07 00:00:00
9e659002324793f036fbe26aa8b5d049,d55a3f55879da02a6ee51d6b615a2200,delivered,2018-01-29 23:37:15,2018-01-29 23:55:26,2018-02-02 18:14:59,2018-02-25 14:19:48,2018-02-21 00:00:00
c19f01711a28636df6bb57d440865c76,65d99e66b6e608240d1bdd2743bc5a1f,delivered,2017-02-01 22:23:47,2017-02-01 22:35:33,2017-02-10 08:16:59,2017-02-14 10:54:38,2017-03-14 00:00:00
0fa61e1ac47c12200902e1f9d6b0e6ad,5ee14eede4d713df2ad505dbd0a2b3df,delivered,2018-04-16 21:44:44,2018-04-16 22:32:33,2018-04-17 20:03:00,2018-04-20 12:42:15,2018-05-08 00:00:00
8286f9f7b6a3079e7949956418237d99,4f5b0c80c1169bcedaaccd68aa3257f6,delivered,2018-02-23 11:35:10,2018-02-24 11:30:35,2018-02-26 19:56:40,2018-03-05 22:04:43,2018-03-16 00:00:00
b45e88e636c88f0aa9ba543bf538fa1d,236f7b080d8547793a424de49f9589a0,shipped,2017-05-12 13:06:00,2017-05-16 03:31:03,2017-05-17 11:07:37,,2017-06-06 00:00:00
b77827128d71dd90667727cb430e3d5e,93fa5e2415428362ac623bc88ac0f689,delivered,2017-10-04 22:09:37,2017-10-04 22:24:14,2017-10-09 19:27:02,2017-10-19 17:03:52,2017-11-24 00:00:00
1434f15909999c1562d1c4a24a4409cc,6fd08fa27ae00ae1767b76668d46451e,delivered,2017-10-22 12:57:36,2017-10-22 13:14:21,2017-10-23 17:20:00,2017-10-31 17:32:19,2017-11-13 00:00:00
1e65b448bd96abe8434d64bc0ae4d609,7ef506b26788845ee213aa6914da6ff0,delivered,2017-08-21 17:06:20,2017-08-28 18:45:12,2017-08-29 20:52:18,2017-09-15 19:07:56,2017-09-25 00:00:00
893e42bf7cf97596e55c45e7788451e4,2ea1e70e814723a2f9001e9411c2ffba,delivered,2018-01-02 11:43:50,2018-01-04 05:16:19,2018-01-08 20:13:53,2018-01-26 16:54:15,2018-02-09 00:00:00
d79ddb434f71cfac3f5307ba5bed7fa4,2d2622ca8b7ae3317a869976c5513dc5,delivered,2018-01-09 09:33:17,2018-01-09 09:48:56,2018-01-11 19:49:45,2018-01-15 16:49:12,2018-02-02 00:00:00
46e4d123d255804919f2b94c04130164,3cef296eeb5eabb08cf17d1fee573467,delivered,2018-01-13 15:19:59,2018-01-13 15:29:03,2018-01-15 21:12:54,2018-01-18 15:54:53,2018-02-05 00:00:00
d70e8cbc1daa0295b64e9d465b8835a5,30d56add1d4e3d0f75a2069bef6f269b,delivered,2018-01-09 15:38:54,2018-01-09 16:20:31,2018-01-10 17:47:08,2018-01-15 17:34:22,2018-01-30 00:00:00
9345b6d9c1df4782997d1f2157647d63,c65dd94e69fd51ea41f87abcc2f1a318,delivered,2018-01-21 11:47:02,2018-01-22 13:47:51,2018-02-06 17:13:13,2018-02-07 15:53:09,2018-03-19 00:00:00
749301535fc8f3a2576d3c52fcbc886c,4ef4f99132bc7ad0d21bb0a7487d1fce,delivered,2018-05-06 12:17:09,2018-05-07 16:12:54,2018-05-09 08:31:00,2018-05-14 15:56:52,2018-05-28 00:00:00
89e45e1dff3201529f9f95be3a986e8c,ff48f1a9014cdfc6f9cbfc1d0ac2b525,delivered,2018-07-23 12:07:52,2018-07-24 11:32:42,2018-07-24 18:10:00,2018-07-26 20:58:55,2018-08-02 00:00:00
7adfd8b0248ded6b457f8824ccb83868,140904bad39d04d7e6ad4b4d82e1dfde,delivered,2017-09-20 23:34:17,2017-09-21 18:04:35,2017-09-27 17:48:05,2017-09-28 18:07:57,2017-10-06 00:00:00
728d0d2a7f33afc28a73a8c3205072b4,540740333023daf16cb9792b6fa2f03a,delivered,2018-04-03 13:05:59,2018-04-04 03:29:42,2018-04-04 20:17:25,2018-04-20 13:33:12,2018-05-10 00:00:00
4579adc6cf97f147f82693e0b25e3cec,c24079076289d150dc154ff63aa67b0d,delivered,2018-04-27 09:33:26,2018-04-27 09:50:17,2018-04-27 14:28:00,2018-05-26 05:56:29,2018-05-25 00:00:00
e19a8635d806af6ae2d20b3de998b0c8,67a6887d8952c16de0e49e6ad2d6e2a4,delivered,2017-10-03 10:38:39,2017-10-03 10:51:44,2017-10-03 16:05:19,2017-10-06 18:28:02,2017-10-27 00:00:00
2d5abff139e8101029312b689bfeae7a,662ab7afd6f9c9dfd5677cea9867f742,delivered,2017-12-01 17:30:00,2017-12-03 12:53:15,2017-12-04 19:33:59,2017-12-07 21:53:18,2017-12-19 00:00:00
03350e641d4d30d50b38c2e3030cd394,ef14d93cbf59599d4a12cec56b1962b1,delivered,2018-08-06 22:50:51,2018-08-06 23:05:10,2018-08-07 14:59:00,2018-08-18 12:22:32,2018-08-22 00:00:00
498e4c5508b686018306d8d363bc9d18,bf9a6df07d36ad102a5bb34767855b44,delivered,2018-07-20 20:25:35,2018-07-21 04:05:24,2018-07-23 13:31:00,2018-08-02 14:51:51,2018-08-21 00:00:00
abb73303c54ebbdc9aa8eedc2e709572,b491d2051ba6d14b89800353c6e5c01a,delivered,2018-04-17 17:48:12,2018-04-17 18:11:08,2018-04-18 23:32:23,2018-05-02 15:52:04,2018-05-25 00:00:00
e7d942c97ee9fd9ff765a96b3f34c48a,444a1621608ff176511eeb4776a7fb9d,delivered,2017-07-02 19:40:54,2017-07-04 04:45:11,2017-07-05 15:16:31,2017-07-18 12:18:18,2017-07-21 00:00:00
3d48d7055649a7d98f6a19f781314830,55b310ca8e15aae5537a5a579e8f26ed,delivered,2018-03-15 15:05:33,2018-03-15 15:15:41,2018-03-21 19:32:56,2018-03-25 15:33:12,2018-04-03 00:00:00
3ba2d0012b1f34bc6ccbc31c4ba69f93,f840f0447008c6176811942645f9a30f,delivered,2017-12-31 10:51:36,2017-12-31 11:07:28,2018-01-02 17:45:59,2018-01-06 17:33:05,2018-02-05 00:00:00
23e11352f110006a5cd8995c2ff3cd2a,cbcc198a933ae87960f5c4cb5f877769,delivered,2017-11-20 11:47:06,2017-11-21 17:58:26,2017-11-23 16:11:39,2017-12-04 21:35:49,2017-12-18 00:00:00
b4423cdd0316fb3064befb92d164de96,05a9e7f2eb9b68b7b7a74696782af52b,delivered,2017-09-13 17:23:32,2017-09-14 14:30:22,2017-09-15 21:17:45,2017-09-21 20:15:06,2017-09-29 00:00:00
a56dd0288c36351da4eed1f4c1c2ec09,bca253b7b38bfe69a1c54291927b9bbc,delivered,2018-05-21 13:56:18,2018-05-21 15:58:44,2018-05-22 15:10:00,2018-05-23 18:32:46,2018-05-30 00:00:00
94895f7d1c2013757411b7ea098bd37e,b17f8ea7afaf8cee082eef734a05b772,delivered,2018-08-14 16:06:30,2018-08-14 16:44:03,2018-08-16 13:57:00,2018-08-20 21:47:47,2018-09-11 00:00:00
2d7d78a1457c3765a5ee5dcae46046fd,cfa7b404a200ed9ca8df16515b5ac0b6,delivered,2017-12-01 09:21:34,2017-12-01 11:30:56,2017-12-02 12:22:32,2017-12-07 16:59:11,2017-12-27 00:00:00
0cc64cf0340c6a2e2a2157f49454b639,451ac6258b909f1026bacd12f5a58e47,delivered,2018-03-28 16:48:44,2018-03-28 17:08:01,2018-03-30 00:11:53,2018-04-02 22:52:11,2018-04-24 00:00:00
408e91bfedadd9e3a02ea46af7e6cb4e,25cdd696ed4c3f8f9b78a59a6b5cfcad,delivered,2017-08-01 09:32:24,2017-08-02 02:50:47,2017-08-02 15:17:06,2017-08-08 15:37:42,2017-08-15 00:00:00
38b1a471932ac62050bd8c14492af2a3,84abea7c34696570a6c1f3a7839f2ee9,delivered,2018-08-06 21:00:17,2018-08-06 21:10:24,2018-08-07 11:06:00,2018-08-10 20:11:45,2018-08-22 00:00:00
adf7f5b036037967819357c0f0bf784d,6e8e627715e129ebad7fc89ecc2990e8,delivered,2018-04-10 15:37:11,2018-04-10 15:50:36,2018-04-12 01:32:58,2018-04-12 17:50:30,2018-04-26 00:00:00
b0cd3123ecc7babec23f9cb415bc6db6,6737682696919bd8d9f5cd4894676348,delivered,2018-04-05 22:37:33,2018-04-05 22:50:14,2018-04-07 01:03:30,2018-04-19 23:45:41,2018-04-24 00:00:00
6c6c1cd344b7aa200899204dec8c4a19,155044657ac8ff9f7187c39575a865a4,delivered,2017-09-14 19:08:45,2017-09-14 19:24:43,2017-09-15 15:45:53,2017-09-18 17:02:31,2017-09-26 00:00:00
ea55dd40acfb6206bdf910b5e903ff77,b2e560f4f7541aebd3720c41ea3b2544,unavailable,2018-01-06 01:06:13,2018-01-06 01:16:29,,,2018-01-24 00:00:00
ca3625898fbd48669d50701aba51cd5f,0d861a5e4dd6a9079d89e1330848f0ab,delivered,2018-08-12 02:11:20,2018-08-12 02:25:07,2018-08-13 11:15:00,2018-08-21 12:18:48,2018-09-13 00:00:00
ce44954b3198c35bbf785d9c95e28aa5,5624a5aa279ebf6c6e63676a1c14c249,delivered,2017-06-10 16:37:23,2017-06-10 16:45:12,2017-06-19 15:05:45,2017-06-28 17:11:54,2017-07-07 00:00:00
b3ccff708b4d00e9f5ddbbadfdf427b3,aeb04df5f92479711fd4d147f5a993c3,delivered,2017-07-05 13:45:16,2017-07-05 17:41:10,2017-07-11 18:47:49,2017-07-19 23:17:56,2017-07-31 00:00:00
76a8a2d403c21555c48ffd596ba88b14,ecc0e4274407b3610d3788fada52bf96,delivered,2018-06-27 20:42:39,2018-06-28 16:50:37,2018-06-29 12:13:00,2018-07-04 16:33:04,2018-07-25 00:00:00
50da05e57f65f5b3704cf0cac94bfad0,e8856f4e0d925e70df96824c0f1e0c23,delivered,2017-04-24 23:23:10,2017-04-26 09:35:52,2017-04-27 08:06:30,2017-05-03 13:39:46,2017-05-15 00:00:00
575c5e709dbf9b5b4672e38d7972e728,085b18e815f2a1462b5d7b72a5dfd12f,delivered,2017-10-10 13:17:32,2017-10-10 13:50:32,2017-10-13 15:58:14,2017-10-19 21:32:44,2017-10-27 00:00:00
384b106622904903b1b9425b14f7dd0c,b730b5bb73f94addc7bb956258e7b422,delivered,2018-02-01 05:53:37,2018-02-02 05:51:13,2018-02-02 17:44:24,2018-02-05 17:45:44,2018-02-19 00:00:00
969fdc39db9756c2248743d1471f96f5,292e9e4a8662e772f1279f7fdc4ad746,delivered,2018-07-17 23:57:04,2018-07-18 00:10:12,2018-07-18 14:40:00,2018-07-31 19:18:50,2018-08-06 00:00:00
e09363048c9d0c0d860481d999934bb4,29c5a310a777e48df51e2b584f859b99,delivered,2018-02-27 16:42:35,2018-03-01 02:50:40,2018-03-01 20:35:42,2018-03-16 20:43:41,2018-03-26 00:00:00
30ab10f32069755262133fbe9579be9a,15ad51c10df4baff79f9bd1861ecf96f,delivered,2017-07-07 15:54:29,2017-07-07 17:50:08,2017-07-10 16:42:41,2017-07-31 13:37:32,2017-08-11 00:00:00
af42a8855a3f0b15c3878111efa19ba6,c631648416d171bac17536b0e588cc93,delivered,2017-06-08 18:45:48,2017-06-08 19:20:10,2017-06-09 12:34:16,2017-06-19 11:04:13,2017-07-03 00:00:00
14a827496bbb61022f55a1c4ca62ac60,b8a0ae0eb9ed76529f4d262fe3bc3310,delivered,2017-11-07 20:24:40,2017-11-08 21:15:28,2017-11-09 19:18:39,2017-11-22 17:11:54,2017-11-29 00:00:00
c33c7bd863246588e74b5371477857ff,cd5099b0fc495ab22cd35f7a060e395b,delivered,2018-02-02 17:24:58,2018-02-02 17:35:30,2018-02-06 23:16:48,2018-02-17 15:47:06,2018-03-01 00:00:00
19d384f8370ca0d66c6c059da4c127cd,c4d5a7f1bfb1a15e89c93a2374e2a314,delivered,2018-03-24 13:12:01,2018-03-24 13:27:36,2018-03-28 00:44:37,2018-03-29 19:12:24,2018-04-23 00:00:00
18c4a899f72e91da02c87e3242cfbe77,832c425d805ace936e71dde2ba4a9868,delivered,2018-02-26 09:28:36,2018-02-28 09:15:26,2018-03-02 17:42:53,2018-04-05 12:18:35,2018-03-19 00:00:00
4bdb3af7b8d5db206e5ea7b4f964ba4c,7a5f00b8eaeff82f1d3be0ff6ef8035e,delivered,2018-06-30 22:25:00,2018-07-05 16:05:22,2018-07-03 13:56:00,2018-07-06 19:08:10,2018-07-25 00:00:00
0d0134057a1e1269759c85b8a1696966,58cd250478f171fdcf35dfdb24fe02c9,delivered,2017-10-19 13:45:17,2017-10-19 14:14:16,2017-10-20 16:06:38,2017-10-27 19:57:57,2017-11-08 00:00:00
a862ecff56ca6a3060e2754e31633320,ed192529f494e06fdd0f5ed6d97f1c56,delivered,2018-05-15 17:19:59,2018-05-15 17:38:14,2018-05-16 14:07:00,2018-05-22 16:34:33,2018-06-13 00:00:00
e085a1b1ca9ba6f5fbde50295ce6b357,2ef522c87ac1508af9b31a67f36d4f3b,delivered,2018-07-27 13:43:02,2018-07-27 13:55:16,2018-07-27 14:03:00,2018-07-31 16:32:16,2018-08-10 00:00:00
a0b5c0a93889a160e7f4638322b9959c,6104e28eeabc55665817b8897914fbc9,delivered,2018-08-15 12:25:40,2018-08-15 12:44:15,2018-08-15 14:22:00,2018-08-21 10:48:41,2018-09-03 00:00:00
adc253f1977c81c2c29dc7b9dd23d538,fb4efec576433fef8284abcd8045ccbb,delivered,2018-06-28 09:45:58,2018-06-28 22:15:16,2018-06-29 15:45:00,2018-07-05 19:41:59,2018-07-30 00:00:00
6c6fa28d797aaeb6b8d918dc102129af,09346ec9309d948658f658d1ae15d43e,delivered,2018-02-18 14:00:10,2018-02-18 15:06:45,2018-02-22 13:44:57,2018-03-06 00:05:33,2018-03-13 00:00:00
be1b9fcc29d5416fe7ffc86782720aaf,926850cd530936100af53811884a6c4c,delivered,2018-04-24 17:11:49,2018-04-24 19:10:31,2018-04-25 14:31:00,2018-04-30 23:46:46,2018-05-16 00:00:00
c0bfe4e5019c615b222f764dc9c20f51,e82e30a2e3e9732eb7ee6ccfab2ed181,delivered,2017-08-27 19:26:46,2017-08-27 19:35:27,2017-08-28 19:23:34,2017-08-30 18:58:11,2017-09-14 00:00:00
ead6e94505588441e5b1137582a2a1b1,371d4dbc5b397a2d011aeeba1580f194,delivered,2017-11-26 15:24:50,2017-11-26 15:34:30,2017-11-30 22:47:37,2017-12-11 22:07:45,2017-12-14 00:00:00
7643fb0ecfc2447d800aa40f62ef7fdf,52b70e1407555bb7531ae05aa2c4ccbe,delivered,2018-01-15 17:12:41,2018-01-15 17:29:37,2018-01-16 17:19:39,2018-01-30 15:16:45,2018-02-08 00:00:00
67642a6b87ab5c8cdfffd5b81da8a501,3e6dfa790a707f380c06b3cc7377d744,delivered,2017-11-11 17:04:27,2017-11-11 17:26:16,2017-11-16 18:12:00,2017-11-27 20:32:57,2017-12-08 00:00:00
e673b9f72a66b7dcb090a3a488f17649,98fde29996fb49a66c8c157e9f42017a,delivered,2017-10-10 11:29:58,2017-10-10 11:49:23,2017-10-10 20:21:44,2017-10-11 17:03:13,2017-10-23 00:00:00
c4a75a6df3e234dd684c7a6dd7e7b1ac,f4b0eb8851d99f6697be4118cb4870e9,delivered,2018-07-16 21:36:58,2018-07-18 04:41:41,2018-07-18 15:49:00,2018-08-01 19:37:30,2018-08-09 00:00:00
fffe18544ffabc95dfada21779c9644f,b5e6afd5a41800fdf401e0272ca74655,delivered,2017-08-14 23:02:59,2017-08-15 00:04:32,2017-08-15 19:02:53,2017-08-16 21:59:40,2017-08-25 00:00:00
74d57affde20203d533384dafa37f324,52f02704d86432ee5cc102081bd388dc,delivered,2018-05-26 11:33:28,2018-05-26 11:50:58,2018-05-30 14:59:00,2018-06-04 15:28:52,2018-06-20 00:00:00
c603557da211df150d679fa72fdf25a3,252c6185f3c1f1fa5a201249fd902885,delivered,2017-09-13 18:30:53,2017-09-13 18:44:16,2017-09-14 18:56:44,2017-09-22 20:52:23,2017-10-06 00:00:00
a9f7beeff5d3fdb2859b22c0dfde51ce,46b492d7574bee33a0b7377fa41d14de,delivered,2017-11-05 12:31:17,2017-11-05 12:46:11,2017-11-06 21:19:39,2017-11-07 13:03:58,2017-11-17 00:00:00
80e834c250ad9420643210e6f3b5bd37,e2cbdb854a28ff842deb8592e8ef834f,delivered,2018-07-22 20:07:43,2018-07-23 12:32:03,2018-07-24 07:15:00,2018-07-27 20:39:21,2018-08-09 00:00:00
0a6667b832116a7484ae779b7b0b91c0,40c8f1f2aea77109365cfada5b3bebe2,delivered,2017-09-11 10:31:00,2017-09-12 04:45:47,2017-09-12 16:37:37,2017-09-14 22:20:09,2017-09-21 00:00:00
beb0371fd8e15514a2b14b1f2e023606,3db50d8c368d2073ee54b4f3aec24564,delivered,2017-10-15 17:29:41,2017-10-15 18:08:13,2017-10-16 19:58:55,2017-10-19 21:29:45,2017-11-09 00:00:00
661ab45d56f3c1ea4a2798d03710e3c4,f2f44651bf72c2b3ac527a8ccc57c796,delivered,2018-01-23 19:47:19,2018-01-24 19:37:22,2018-01-29 23:28:52,2018-03-06 22:09:20,2018-02-19 00:00:00
f98a633c73840753516ca92e24128574,d30f1d7a3fa4dbd466d76ae3c8082599,delivered,2017-08-30 21:34:51,2017-08-30 21:45:38,2017-09-01 18:43:50,2017-09-13 21:36:53,2017-09-21 00:00:00
9afe864f4e1be97abaf15a8107361413,606a373040ab8900cd368e44e6a7bb9b,delivered,2018-05-13 18:08:30,2018-05-13 18:32:14,2018-05-14 10:50:00,2018-05-18 13:12:44,2018-06-04 00:00:00
71d33900d3db33c09ceff19ffc7ec460,e6e46fddabfda88207cc899d3231ce05,delivered,2017-05-14 11:48:09,2017-05-14 11:55:10,2017-05-15 07:34:39,2017-05-30 15:52:05,2017-06-02 00:00:00
1f9ea60ec073f4edd0551763f608a2b2,eb9ac2d36f9e49d767195ae6769f27f4,delivered,2018-03-25 11:42:29,2018-03-25 11:55:48,2018-03-27 19:59:43,2018-04-02 21:57:03,2018-04-20 00:00:00
f245b1d57bf493d0db1e6118927db48f,817aa876d933bd2806295a5e44ce3f85,delivered,2017-08-28 15:53:56,2017-08-28 16:15:19,2017-09-01 19:42:20,2017-09-18 18:23:04,2017-09-15 00:00:00
87545237ca3b1b733979d51fe73f8705,2c0509f68bb1ee9b27cb1786a9512d85,delivered,2017-04-08 12:38:02,2017-04-11 04:05:27,2017-04-11 12:25:13,2017-04-18 14:28:14,2017-05-04 00:00:00
5a7b5740e46471f028be84f6424ca854,7f0d13232891b5b5facf3582456d8ebe,delivered,2017-10-25 13:44:07,2017-10-27 03:06:58,2017-10-27 21:04:21,2017-11-06 20:46:49,2017-11-16 00:00:00
96f4cc5fae35d1144e51ae9aec601f4b,3f2e4716a82393a3277d0ca84e9392ca,delivered,2017-12-17 20:49:06,2017-12-17 20:57:21,2017-12-18 22:13:44,2017-12-20 18:07:25,2018-01-05 00:00:00
072b97d5244a16a4573ad547ea7d15b4,bdf54f7d1694971f430170fca990f2ef,delivered,2018-04-22 20:07:53,2018-04-24 18:35:38,2018-04-25 09:18:00,2018-04-30 18:32:07,2018-05-16 00:00:00
d81f982649f082683c9221af29ba1b51,9d47cabccbbfc9e98cde0402fae92cb3,delivered,2017-08-07 09:14:30,2017-08-07 09:25:13,2017-08-07 19:43:55,2017-08-10 18:32:46,2017-09-05 00:00:00
e5c5696c3d5677d8344d887b87836487,e7c34b715991e5904f6556017a3dde8b,delivered,2018-02-25 19:26:11,2018-02-25 19:35:30,2018-02-26 19:35:45,2018-03-19 17:37:04,2018-03-22 00:00:00
aead5f6413ef9943082b3d3cfd37ccbe,2571d368d88ba3b8a3d8c8ac46744bbd,delivered,2018-06-22 13:20:25,2018-06-23 01:40:06,2018-06-28 10:16:00,2018-06-29 20:12:57,2018-07-13 00:00:00
dae2457b7553ecd04b2141637d26f78e,3215e826a9197694f39b117ea398f7c0,delivered,2018-01-14 19:46:54,2018-01-14 20:31:01,2018-01-22 22:43:24,2018-01-24 17:13:06,2018-03-05 00:00:00
568337b4978bd295de7988937a5e2e83,aa00aa7ee7693323b5bf11d16cb5787f,delivered,2018-03-23 19:26:13,2018-03-23 19:35:37,2018-03-28 17:50:49,2018-03-29 19:06:33,2018-04-06 00:00:00
4f16114f4cf6e0fbce58e1a335360dd6,7cb0f023081168c64df95ea05a7faf13,delivered,2017-11-26 17:57:38,2017-11-28 03:46:24,2017-11-28 19:37:09,2017-11-30 13:04:54,2017-12-11 00:00:00
2e1124c96e6020420725d0f91ee109f8,17088b6798f3791e71000e09bec42f53,delivered,2018-08-14 21:20:40,2018-08-16 03:10:20,2018-08-16 12:41:00,2018-08-24 13:28:43,2018-09-18 00:00:00
c62927ace244ef7506c5f27952c158aa,3a6cd1ba814bc549ad4646d791289c13,delivered,2017-05-28 12:14:35,2017-05-28 12:25:23,2017-05-29 15:00:11,2017-06-09 12:12:49,2017-06-21 00:00:00
152b2e1ff936a6b9f522132cf806f2e2,1d0436d51f94ba63899c1c16aa7f51bc,delivered,2018-03-13 10:32:40,2018-03-13 10:48:02,2018-03-15 16:21:33,2018-03-22 16:28:57,2018-04-09 00:00:00
47273c48a7c7bb72eefff6de63be0b9b,18fe8875aadc2329681fc8e335d0a984,delivered,2017-07-28 23:20:34,2017-08-02 08:33:52,2017-08-01 14:00:00,2017-08-09 18:46:03,2017-08-23 00:00:00
d5d3b4b504a59a416704978bb72fce3d,9fe0cd1d9873dff9f76b9dd37009dc5a,delivered,2018-07-06 15:33:58,2018-07-06 15:51:08,2018-07-10 11:09:00,2018-07-12 22:14:38,2018-07-19 00:00:00
45d529cd3cced900c59bb90bd0a19ea1,ba42e1814205f030af1ecffbd2450712,delivered,2018-04-29 19:19:56,2018-04-29 19:35:30,2018-04-30 11:08:00,2018-05-15 15:13:39,2018-05-24 00:00:00
399dc322c208425b2153b18060a25701,45aab0fbaef47a2e442d11e935033bf7,delivered,2018-01-21 12:28:49,2018-01-23 03:37:52,2018-01-25 17:02:48,2018-01-31 21:48:50,2018-02-16 00:00:00
64b81667bcaa20ee36e42ba4997349f5,4aed2bbfa47e5b6053f2f2156ea28e17,delivered,2017-07-16 15:47:15,2017-07-16 16:03:33,2017-07-17 20:05:38,2017-07-27 16:43:59,2017-08-08 00:00:00
b8dabd1b3ebaab3808cbf73107a61a6b,9f07c4abba1bdf08f06ce4710331d778,delivered,2017-04-09 17:50:43,2017-04-09 18:01:57,2017-04-12 13:05:51,2017-04-20 13:24:23,2017-05-08 00:00:00
c6545a889bb2c26ba1f237d5d67b4908,614ab300812ac75424d354d4e99ecc35,delivered,2017-11-27 14:07:19,2017-11-27 14:30:53,2017-11-29 15:28:40,2017-12-06 22:19:20,2017-12-18 00:00:00
738160e1aad4624cf632d3c29d428bfb,3e66d46ea1ea4b0c41a363bb6d9b7c86,delivered,2018-05-22 19:54:06,2018-05-23 01:18:09,2018-05-23 13:39:00,2018-06-05 14:45:14,2018-06-11 00:00:00
da69511456c7023cd57b53b888f9ab27,c2bbc83c60864126b38449e6094bb966,delivered,2017-10-15 09:53:15,2017-10-15 10:07:06,2017-10-16 19:42:37,2017-10-19 20:37:51,2017-11-03 00:00:00
9c94a9a237ea316d0943b5b635bc2598,1c64b273ebdd76fbaf24ce59c3f24ec8,delivered,2018-04-14 09:55:41,2018-04-14 10:11:27,2018-04-17 16:52:43,2018-04-25 17:34:53,2018-05-10 00:00:00
4a0b498204bb56ab863db1f1acd84288,28c28a770c60db37d33d17a2823dcec6,delivered,2017-07-20 17:52:10,2017-07-20 18:05:23,2017-07-21 15:13:35,2017-08-07 19:22:05,2017-08-11 00:00:00
43e6d698fe37c6ba287d6b20d552a8aa,ea86b67280b47ccf7168049027606125,delivered,2017-07-07 07:50:28,2017-07-07 08:06:29,2017-07-10 13:11:59,2017-07-20 19:42:35,2017-08-08 00:00:00
359d387a5354eedce6105f09097195d2,0512c36c5e46fcfaa89c0fcc385d5ea4,delivered,2018-05-25 12:32:25,2018-05-25 12:57:17,2018-05-28 17:16:00,2018-05-29 20:10:53,2018-06-12 00:00:00
96e427c3f1f84bc2ae037b8ca5d22110,b0a5d29291507b28fdeb2bcdc8141810,delivered,2018-05-06 23:24:22,2018-05-07 15:13:49,2018-05-09 16:18:00,2018-05-16 20:56:56,2018-06-05 00:00:00
bfad36ec8c862bac39b68d9490a76052,3aea78863339fe213efa7be1ed4299e2,delivered,2018-02-06 14:01:43,2018-02-07 13:55:39,2018-02-07 22:48:36,2018-03-01 23:08:45,2018-03-09 00:00:00
4b87f012cca8b66163cea1b82d4afc2b,ab83aec447125dbf18edfd78471b9a0f,delivered,2017-10-11 19:05:29,2017-10-11 19:25:38,2017-10-13 18:12:33,2017-10-20 19:47:48,2017-11-03 00:00:00
32ed6bdde31ea634e11323317933d24a,1806e78975e603273e7b1c9e0ce26262,delivered,2017-06-06 14:21:48,2017-06-06 14:30:26,2017-06-08 14:18:43,2017-06-19 21:09:34,2017-07-05 00:00:00
f51a08065b6699643aef19598fb9c9af,44e35ae6c8a2c24251e3efa3d96cf0cb,delivered,2017-08-31 15:50:24,2017-08-31 16:04:38,2017-09-04 16:15:12,2017-09-18 18:08:12,2017-09-26 00:00:00
9479e50557f3b752df0424164eb69604,d5c138f172735c1c1577c1ebdc267782,delivered,2018-08-20 08:00:47,2018-08-20 14:15:25,2018-08-21 11:24:00,2018-08-24 15:12:00,2018-09-05 00:00:00
cb9a5082043451c06352296e509cc24e,f72661bdcf57a1ace81791c42c20754b,delivered,2017-08-08 11:44:02,2017-08-08 13:00:14,2017-08-08 21:53:44,2017-08-09 15:18:23,2017-08-21 00:00:00
bc8de2ce88f2522d4df000c2af088a11,741e403b68cd957402bdc4627d4d3101,delivered,2017-07-19 20:01:12,2017-07-19 21:05:17,2017-07-20 22:07:59,2017-07-24 18:39:24,2017-08-02 00:00:00
fe00e26eb05c951aad5cbc6b7f602edb,28ae744ec6e6b95d5cb8e45738080605,delivered,2018-05-23 11:46:15,2018-05-24 02:18:25,2018-05-24 17:08:00,2018-06-06 20:22:10,2018-06-20 00:00:00
4f8c25939ba36d08d148252e8b3846f1,2d39c751e91d476e9ff8b770eea07a99,delivered,2018-01-06 19:11:08,2018-01-06 19:18:20,2018-01-11 17:59:30,2018-01-23 23:26:40,2018-02-08 00:00:00
ca0869c7a30172e146311fba95983c2a,ba23af9fce8e769f3585a865191154d2,delivered,2018-01-16 21:28:23,2018-01-18 02:11:51,2018-01-23 02:09:07,2018-01-26 23:09:20,2018-02-08 00:00:00
897bec88b385ac71b7a32e9d9097164a,26ba9c75a2c176cefb3311caae8af3bb,delivered,2018-06-05 08:03:03,2018-06-05 08:12:48,2018-06-06 17:29:00,2018-06-12 18:12:13,2018-07-11 00:00:00
45da19cff07c4148ba32b1a6bb8d87c1,db704f7d5f899dac38fc1465f266694e,delivered,2018-05-03 21:20:51,2018-05-05 02:15:22,2018-05-09 12:03:00,2018-05-17 18:38:42,2018-06-06 00:00:00
9cb8f0af8d94e8eb6c245e305a1ee8d7,c58f80dae9018187e447c7d13c29100f,delivered,2018-03-09 11:21:11,2018-03-09 12:00:21,2018-03-09 23:41:56,2018-04-16 20:28:48,2018-04-04 00:00:00
270405232941d7da4e2b02fb8580f571,95d1f99786856f94ec5bcd00146d0e06,delivered,2018-07-06 16:02:38,2018-07-06 16:11:24,2018-07-11 14:28:00,2018-08-02 19:11:44,2018-08-22 00:00:00
c2e69397a4831c2a5860d032ddbbe8f0,ab3ea8185215696d5f1f67315316b167,delivered,2017-11-08 23:03:48,2017-11-10 03:27:05,2017-11-10 21:58:48,2017-11-21 17:09:13,2017-11-30 00:00:00
a64eb25e0dd8c44b06faa35ee742d6bb,145fda1b310e393e91cd50c00625d18d,delivered,2018-05-02 20:23:55,2018-05-04 03:51:50,2018-05-07 13:50:00,2018-05-11 17:08:56,2018-06-14 00:00:00
d7b5d2ab1f5ac54aebca769d1d8f8a44,fb5c5195d3890f19b9b31002364311ae,delivered,2017-04-05 20:49:03,2017-04-05 21:02:43,2017-04-06 11:22:45,2017-05-18 11:16:52,2017-05-11 00:00:00
bf7dc02ad247527a27900abb19306a3c,96d93b5cda637617dcceb8e7059b19c9,delivered,2017-09-09 08:33:15,2017-09-09 08:45:12,2017-09-14 17:12:06,2017-09-19 18:42:16,2017-09-28 00:00:00
99ceb37bf4c899aa443147118a509e3a,8e54b5b1e4935a0aed2ac2bad2b0995c,delivered,2018-01-17 19:46:16,2018-01-17 19:53:21,2018-01-18 20:52:30,2018-01-29 15:52:49,2018-02-07 00:00:00
06e084d4ca3391eeec0a110051d0cb29,45456cdd69ea63fc765c59119c064829,delivered,2017-10-17 22:17:02,2017-10-17 22:28:16,2017-10-19 17:53:26,2017-11-06 20:09:37,2017-11-22 00:00:00
85f900f229f817bf7e71ed0c9fdb4fa3,03933bd8f668c8444d5307d9d5d171eb,delivered,2018-04-23 17:22:26,2018-04-24 18:23:50,2018-04-24 16:47:49,2018-04-25 18:31:51,2018-05-10 00:00:00
4bfc4fba07fff7db47e3017b9fe22ec6,249e70671556949c5abcfb6fff31af41,delivered,2018-03-06 22:36:06,2018-03-06 23:20:24,2018-03-07 23:36:38,2018-03-08 16:18:34,2018-03-19 00:00:00
78643aa2e6713842c48dbd56fe2bf257,c99b0302e515be98bb31ac972f1d9379,delivered,2017-06-29 09:34:51,2017-06-29 09:50:12,2017-06-29 13:41:15,2017-07-06 15:38:54,2017-07-28 00:00:00
1061bc32577c6b8beb107bf1b5a65175,33d1704b767156cfd686807522b86dab,delivered,2017-10-18 12:20:20,2017-10-18 12:28:27,2017-10-21 16:46:53,2017-10-27 19:05:24,2017-11-08 00:00:00
93f5bba371d2fc9de34cea400e4f05ec,5415e7754e47d4252917df22db44f1f7,delivered,2017-10-16 15:29:03,2017-10-17 04:14:59,2017-10-23 16:38:14,2017-10-25 21:07:36,2017-10-26 00:00:00
d441cd7f8afccef29e5a0c8e3021d0de,54a4c64c93287805c37daacbcaaf43d2,delivered,2018-08-12 21:53:18,2018-08-12 22:05:11,2018-08-14 13:21:00,2018-08-17 17:08:36,2018-08-23 00:00:00
97ae631fa495a9b1e3a4b4f14379846c,d5274e418a2364b48a3399c4fadccbf6,delivered,2018-08-16 14:01:17,2018-08-16 15:05:28,2018-08-22 14:21:00,2018-08-27 18:41:26,2018-09-03 00:00:00
0ccad283af81aa4910d7cd1e092326d1,4fd707ca46413cc24f686cddf08ca175,delivered,2018-02-22 08:18:52,2018-02-23 02:09:03,2018-02-27 18:09:24,2018-03-14 23:21:09,2018-03-19 00:00:00
cb23b55fbda69bd2ff574bf553b47e8c,12f4fcac9258a27da9af48d59cc491e3,delivered,2018-04-03 10:15:31,2018-04-03 10:30:19,2018-04-03 22:19:31,2018-05-11 19:09:46,2018-04-23 00:00:00
293ec51a1a182acaee7fab9845e8cfc4,a85af76ce632c736a185276682bfcd98,delivered,2017-07-07 18:13:59,2017-07-07 18:25:19,2017-07-08 11:46:44,2017-07-12 21:05:03,2017-07-27 00:00:00
268c7ddac25f29e6e3b002a768eabab7,8f43a31cc6a96929674bd1e06da4d3a5,delivered,2017-08-24 12:21:35,2017-08-24 12:30:14,2017-08-31 19:29:11,2017-09-05 13:17:58,2017-09-14 00:00:00
74b76ba8050a344dd92244b594b7c573,76450ab5f073123d0790b5e02e217694,delivered,2017-02-22 15:57:21,2017-02-22 16:10:18,2017-02-24 07:08:45,2017-03-07 09:49:04,2017-03-21 00:00:00
2d759f2f4fc0dc05845a71118b1870e1,952f3c5b88acea4882984111a06c8dfa,delivered,2017-11-20 11:45:04,2017-11-21 03:46:30,2017-11-21 16:26:51,2017-12-06 20:51:38,2017-12-14 00:00:00
121cd10b6fc65a5c63862de57945f732,79429af0e8a782aa94d5abe05f3f4b13,delivered,2017-08-24 17:40:06,2017-08-24 17:50:18,2017-08-25 17:41:00,2017-09-01 21:33:35,2017-09-18 00:00:00
c7474786cc1c0759264e3e6c464d21c6,84971871f375aeec76feee2a773d164c,delivered,2018-06-18 15:32:05,2018-06-19 04:16:51,2018-06-19 09:24:00,2018-06-27 01:11:52,2018-07-17 00:00:00
ec88fe39f596d3326cf0d10ba7927811,b7d128f4be4acdb1542687fe78eebbbe,delivered,2017-10-08 12:23:25,2017-10-08 12:35:12,2017-10-19 20:13:17,2017-10-24 18:18:17,2017-11-10 00:00:00
0482c10b78fefa5a30abb519aa9dee93,0355b0162c38169d5cf921cb9ba5ff19,delivered,2017-11-06 10:29:49,2017-11-06 11:31:01,2017-11-07 15:11:20,2017-11-13 18:34:48,2017-11-24 00:00:00
2c9a4bb73b123a0d370e12b5bf22b0d7,3f49f4889e6b770c7864854ee9b552fd,delivered,2018-08-06 11:23:19,2018-08-06 11:35:18,2018-08-07 12:13:00,2018-08-10 19:42:31,2018-08-20 00:00:00
65bb139b1cb6db9d99a350fa4a7d68f0,5855110e604705924d9b962fbbf732d0,delivered,2017-08-08 19:42:43,2017-08-08 19:55:18,2017-08-09 19:27:57,2017-08-12 14:14:37,2017-08-21 00:00:00
b2db15e922c61cffddb3d11773125084,aee3496751269f709691dcd669839fd2,delivered,2017-11-06 23:40:19,2017-11-08 01:26:18,2017-11-08 23:17:58,2017-11-14 22:03:16,2017-11-27 00:00:00
af3c2eceb3e982cca67b0bc26d5063d7,a335d0ee835610ce1355d57d727b54a1,delivered,2018-02-23 23:37:23,2018-02-23 23:50:39,2018-02-27 19:43:02,2018-03-17 12:21:46,2018-03-22 00:00:00
b8dc2885c69be5975d9afdfd36b03297,1c5919078fcb6b7ffe5074a3088e651d,delivered,2018-03-29 17:51:59,2018-03-30 17:47:33,2018-04-04 13:38:52,2018-04-10 22:37:40,2018-04-11 00:00:00
12581c5de9b60bf327002c906dd03e17,149aa6e315ac2e3c0b7e804a23e3f8cd,delivered,2018-05-21 20:44:03,2018-05-22 22:38:03,2018-05-23 07:54:00,2018-06-12 14:33:24,2018-06-05 00:00:00
e57b0e7770a5b0018b9825dd05fd48c7,e532d763048b5c1fa38dbe3c03646d1d,delivered,2017-03-20 10:16:28,2017-03-20 10:16:28,2017-03-22 06:51:55,2017-03-28 16:18:00,2017-04-13 00:00:00
493264ead614f3a1fed5ad555318b37f,22cbf19ce7079d172e726a74f0c5a65d,delivered,2017-09-20 17:57:24,2017-09-22 04:15:15,2017-10-02 15:57:43,2017-10-11 17:22:46,2017-10-24 00:00:00
1916e2d2cdf16f040d6dc7ca1da2f710,328b7317f9f2036922f29871e0c05456,delivered,2018-02-15 10:47:41,2018-02-15 11:07:43,2018-02-16 23:46:37,2018-03-09 20:03:42,2018-03-14 00:00:00
6ad40910813e5836d9698b103b222e65,3b0083b0418552bc7b8a1a083d03b56f,delivered,2018-07-23 23:48:21,2018-07-24 20:44:16,2018-07-26 12:41:00,2018-08-01 11:03:56,2018-07-31 00:00:00
d430c6c36d198f044555a51a5cbd4e68,5351c1e4ae199735063d6406cbd4b4f4,shipped,2017-07-30 16:45:22,2017-07-30 17:03:22,2017-07-31 19:42:24,,2017-08-30 00:00:00
fba15b6166570bdffa6d84b98e0c11ba,647fcb132a1af0014cba5d45d57d93f2,delivered,2017-12-12 14:01:23,2017-12-12 18:51:39,2017-12-13 21:16:11,2017-12-29 21:28:42,2018-01-09 00:00:00
a0fa0b83af43ae62c675850384f13cdc,53d1d47296ea5f33007601cd0e58d2a2,delivered,2017-05-27 19:48:13,2017-05-27 20:02:05,2017-05-29 11:15:37,2017-06-07 16:41:23,2017-06-21 00:00:00
85bdbc455bb7860735bbc573bdc5eb95,61c00670f96298073332498edd20f4f3,delivered,2018-04-02 20:36:44,2018-04-03 16:49:22,2018-04-04 23:16:52,2018-04-09 21:41:44,2018-04-26 00:00:00
a2e554ce08ca39827cf3de0d0f5b36f4,0a4fa9d3cf031a8a4cdf08879cdd74c5,delivered,2018-08-05 21:27:37,2018-08-05 21:44:25,2018-08-06 15:09:00,2018-08-09 16:48:37,2018-08-23 00:00:00
f6fb9f9b74dfe24666363e2b3dcd2dd2,0447d86a923f286dcdecab2c0240722a,invoiced,2017-11-21 18:03:54,2017-11-21 18:10:20,,,2017-12-14 00:00:00
e36c63ea06394d310e4b4ce9334c0392,9be0b5613b936b25b6a08a55ef737919,delivered,2018-03-31 16:15:43,2018-03-31 16:27:28,2018-04-03 17:34:40,2018-04-16 19:58:46,2018-04-19 00:00:00
320a231a883ad030cfb2dead6f7bce85,cf6ebe00d7f37554fa8c871f776dd0bd,delivered,2017-09-20 21:12:23,2017-09-22 04:11:08,2017-09-25 14:33:04,2017-09-29 19:44:56,2017-10-17 00:00:00
2e509a0f39264c5e18d820911b16990e,46f57e51eb456cbaaaf90c702d03ea3b,delivered,2018-07-12 12:01:25,2018-07-12 12:10:19,2018-07-12 14:09:00,2018-07-24 19:28:54,2018-07-30 00:00:00
bb931b0509f3198e76b0e87ef16db694,e352109d03e19b783b09b739a370a5f3,delivered,2018-08-13 10:27:47,2018-08-14 04:05:42,2018-08-14 12:50:00,2018-08-20 15:48:37,2018-08-23 00:00:00
dc35d914cb83cf05c85cdceb99c77989,3e862ecfb2ffaef14a4f7a10377a14bf,delivered,2018-03-09 15:01:01,2018-03-09 16:10:06,2018-03-12 18:32:52,2018-04-06 20:56:56,2018-03-28 00:00:00
30e7e338d14fc95a5aac82ae9cdcf2c6,a34be8fec22c6752e175b190fbf6d712,delivered,2018-05-04 17:01:31,2018-05-04 17:10:32,2018-05-07 12:31:00,2018-05-11 00:08:45,2018-05-29 00:00:00
65cd98722f032097d67a7f2d9c97e503,58e372cf770f91c3f6ccff91e83aeec3,delivered,2018-07-15 21:54:03,2018-07-15 22:10:15,2018-07-24 14:13:00,2018-07-27 10:24:21,2018-08-08 00:00:00
e2fffc00c9decdb32b25e86a37f3ad50,7c7401a534412cfa74c30efe54616ca7,delivered,2018-01-25 20:00:27,2018-01-25 20:16:00,2018-01-26 17:32:39,2018-01-29 20:32:30,2018-02-19 00:00:00
9d96a9e98c3d858bd5671f4063710829,ac45ee3e11fd372c565f108ca5b4c10d,delivered,2017-06-15 21:27:33,2017-06-15 21:42:26,2017-06-21 14:00:17,2017-06-27 23:22:04,2017-07-10 00:00:00
75df014e897510b97edbb6261ef40f82,61d1d67b171087d5bfcc5afaa0238c31,delivered,2017-12-13 21:34:31,2017-12-15 02:17:31,2017-12-15 17:33:58,2017-12-18 22:03:45,2018-01-04 00:00:00
7fc7535937ccf9f5b27d59d19c0ae9ee,34b3369d418f5343cb411ef62cd8d40a,delivered,2018-05-13 22:13:00,2018-05-14 13:56:56,2018-05-15 13:44:00,2018-05-17 00:28:45,2018-05-22 00:00:00
b3f55c2eb15cabe65b19af738e82b37d,641739b5e7243b3ea4c5cbf62bef17ff,delivered,2017-11-20 11:46:04,2017-11-20 12:07:06,2017-11-21 21:57:36,2017-11-30 22:15:27,2017-12-13 00:00:00
85abe9ebac688730f1c3591c1ca2a167,4058d823a6156dd8f9a068750310bac5,delivered,2018-05-31 20:13:28,2018-05-31 20:33:08,2018-06-01 10:01:00,2018-06-02 16:08:36,2018-06-28 00:00:00
7c88ddf8606e3f7894758e90a6bbc399,dfce4481aee6a265f49b2645535fbc13,delivered,2017-08-04 16:21:55,2017-08-04 16:43:10,2017-08-07 18:47:36,2017-08-21 16:02:58,2017-09-14 00:00:00
8c3d752c5c02227878fae49aeaddbfd7,00046a560d407e99b969756e0b10f282,delivered,2017-12-18 11:08:30,2017-12-18 12:45:31,2017-12-18 20:55:54,2017-12-26 20:58:33,2018-01-12 00:00:00
f3b19f3b47994184f1b86c4d33f4d279,046a1632121428f36355b411b7e60bee,delivered,2017-04-23 16:59:34,2017-04-23 17:10:21,2017-04-25 10:17:26,2017-05-03 18:42:34,2017-05-17 00:00:00
ea20ef3a1e2a7b607b1e3a99f9c660bc,cb0aedeaa6806eb9cd79fd0fce02ca1a,delivered,2018-06-02 10:24:14,2018-06-02 10:35:22,2018-06-07 14:14:00,2018-07-02 19:05:10,2018-07-30 00:00:00
427bdcc4eb03caf53fde12f57a84d443,0f5cb52a437e2f6062863423966ccb54,delivered,2018-06-06 14:47:29,2018-06-06 15:12:55,2018-06-07 13:29:00,2018-06-13 18:45:38,2018-07-12 00:00:00
444a494f39275142d9c75bd7307cdde1,79144f1b9488d523464997d56bbb6463,delivered,2018-02-08 17:00:48,2018-02-09 13:56:24,2018-02-16 16:35:30,2018-03-07 01:42:08,2018-03-06 00:00:00
e365857ddb17a012e5120ac8ff489d5a,ac1e3b5b6111c2cfa405cf267cab3942,delivered,2017-11-24 12:33:04,2017-11-24 14:52:55,2017-12-05 01:57:03,2017-12-12 18:15:47,2017-12-14 00:00:00
d9e5efc8095789e6ed44f7419f794928,e3f6b4dae63c01a950abb74a779acd41,delivered,2018-08-16 09:59:14,2018-08-16 10:23:55,2018-08-20 14:43:00,2018-08-21 21:56:41,2018-08-24 00:00:00
3805a46a72cba13fc8a3920d6da681c7,34aac70467b94f3f31782b481073faaf,delivered,2018-07-02 22:25:26,2018-07-02 22:35:16,2018-07-03 15:50:00,2018-07-11 16:11:43,2018-07-31 00:00:00
0641dec5794661d69c598d2535bc0b40,55c659609e77669f57655706b9777eb9,delivered,2017-07-16 17:08:08,2017-07-16 17:23:24,2017-07-17 20:33:42,2017-07-26 19:12:30,2017-08-08 00:00:00
2f5124f516a7f5e4095ef4325d67c511,2d2259e2fbd96d9aae631389a1d22cf6,unavailable,2017-12-19 20:36:22,2017-12-21 02:12:11,,,2018-01-16 00:00:00
663ea079977e933b9c2c27fe78b93629,2aef1e92b65aaf92fe0c6b5cc45f2060,delivered,2018-08-23 10:16:18,2018-08-23 10:30:15,2018-08-27 14:48:00,2018-08-30 13:34:51,2018-09-17 00:00:00
8b5512b2679b86761e6aadc28ed91762,ee2eee66d80a60f1761eedb7599a971d,delivered,2018-08-03 14:39:54,2018-08-03 14:50:14,2018-08-03 13:57:00,2018-08-22 18:03:43,2018-10-01 00:00:00
02c8875e5351540e76019fb7429e163f,7cbc9e8aed4560ebfd0195b5aa3be49c,delivered,2018-02-15 15:11:35,2018-02-15 15:27:14,2018-02-22 20:38:07,2018-02-23 13:48:59,2018-03-02 00:00:00
f6af781541c4243d56cfd0e0bb073c21,332d9f65c4a4276b63f26a7ecea2efb8,delivered,2017-06-07 22:43:46,2017-06-07 22:55:12,2017-06-09 18:54:40,2017-06-19 21:51:26,2017-07-07 00:00:00
96ac66ccf47cd62c9c986b5f551b260c,f9f037c3cba231a1f0b15a436dddf77d,delivered,2017-06-29 23:19:39,2017-06-29 23:30:23,2017-06-30 14:33:57,2017-07-06 15:26:49,2017-07-21 00:00:00
67fa9997945e53898352ceff7d7b37a6,140bc967eba0b06a0d1ce15242b1fe62,delivered,2017-07-01 22:22:43,2017-07-01 22:35:14,2017-07-03 13:39:57,2017-07-15 15:07:21,2017-08-04 00:00:00
3d062cd73698941c34fd1917e8f39482,ba5cdde41a363eb9644384100a76383c,delivered,2018-02-13 19:29:31,2018-02-13 20:07:32,2018-03-07 14:44:27,2018-03-07 23:38:59,2018-03-08 00:00:00
3aa8bb26ca992439ef2b340e0de63e78,aa7ccffddf3662882e50e67dbea2f385,delivered,2017-12-07 16:48:12,2017-12-07 17:10:40,2017-12-08 17:59:12,2017-12-28 21:45:22,2018-01-09 00:00:00
d81092e5b4741adbb395bb5aba884c36,78d035468d20932fde6cde700713c2f6,delivered,2017-12-06 14:56:40,2017-12-06 15:12:03,2017-12-07 15:58:46,2017-12-16 12:47:14,2018-01-04 00:00:00
05d3e8073cc594f353b950b312fc207c,afde51cecb61ed0a18a8c3c1b6ae5b58,delivered,2017-11-30 20:39:25,2017-12-01 10:30:57,2017-12-01 23:43:07,2017-12-06 20:51:59,2017-12-28 00:00:00
135118d8d6f93cb3d6839435e5b6658a,4e6d10bcf05cedb6e0cd96954941c875,delivered,2018-01-04 08:33:01,2018-01-04 09:03:42,2018-01-08 13:34:24,2018-01-12 20:59:19,2018-02-05 00:00:00
09a02e80ddcc4cb25f8ca5e46c1020ce,ef0097d76f780cd9e2e00fcc456fb344,delivered,2017-03-03 20:39:32,2017-03-03 20:50:15,2017-03-07 07:22:09,2017-03-13 13:14:59,2017-03-27 00:00:00
1a54edac5c05d136c2dd2203344e314e,2c255a49a69bc58dd3e08c4e3fd4def9,delivered,2018-01-19 23:18:00,2018-01-23 03:53:05,2018-01-24 14:22:41,2018-02-06 23:04:40,2018-02-16 00:00:00
7f02e78977f659514653ffa00dd65a08,d0d0a0ed305faf78cbb40c90f360351b,delivered,2017-06-14 14:38:17,2017-06-14 15:05:14,2017-06-16 18:44:46,2017-06-28 13:52:34,2017-07-11 00:00:00
aa447b34c5c14dc2b2dfe8fc943b0687,9332fab6aa1e64633f8da103639d51ef,delivered,2018-05-15 10:08:10,2018-05-15 10:55:15,2018-05-16 12:33:00,2018-06-05 10:13:17,2018-06-05 00:00:00
bb4bfc8351c7a9340b9fadd09e26be8d,5437187d982bf848574521be6e2f15ed,delivered,2018-07-12 10:15:19,2018-07-12 10:26:05,2018-07-13 09:11:00,2018-07-14 15:29:41,2018-07-20 00:00:00
2ada8b30eb972328779ee8f9ffe37d6d,ffe6224c02307bc5fd2e5c7566bd674a,delivered,2018-06-22 22:14:51,2018-06-22 22:37:30,2018-06-26 14:48:00,2018-06-28 16:48:34,2018-07-17 00:00:00
89c55bd386693745979c858f5a2694b8,49f09bb936129236bb452d7dce227c7b,delivered,2017-09-14 13:19:13,2017-09-14 13:30:21,2017-09-18 22:47:49,2017-09-25 16:32:52,2017-10-02 00:00:00
0d6a0453c500662c5e131395aa113900,fefda5eaeaf28f4982a6a46228c3eed9,delivered,2018-04-25 15:13:02,2018-04-25 15:30:14,2018-04-26 14:13:00,2018-05-01 00:52:44,2018-05-09 00:00:00
8085aaa6e2ee2116465a459fdcde64bd,18914bacd6f0cb1785f7970be42fa83d,delivered,2017-12-05 19:02:24,2017-12-05 19:30:50,2017-12-06 18:12:35,2017-12-22 16:52:55,2018-01-05 00:00:00
10d44ee4790bc142618db5b1e687d8de,88d9faee23bcd101ae15648770a10e88,delivered,2018-06-21 11:06:02,2018-06-22 02:58:21,2018-06-25 14:46:00,2018-06-28 16:54:35,2018-07-19 00:00:00
8aa9f9fb8d016c8abd90a65dcd7f2ab6,18c97899df0947157d3e829e27aeaba4,delivered,2017-01-24 21:16:24,2017-01-25 21:25:09,2017-01-26 16:34:40,2017-01-30 12:24:40,2017-03-01 00:00:00
fd7b969d5c0e4e9fd1b64259682a2aa0,6e64aee37916eb04dd628fdc4f4174a2,delivered,2018-02-03 18:03:45,2018-02-03 20:10:10,2018-02-07 11:22:16,2018-02-15 14:43:53,2018-03-01 00:00:00
0cf68e3d525fbc20d4080a496006a8d7,bf7c8726d222f0d68a701aa4eece685a,delivered,2018-06-11 21:26:12,2018-06-12 21:42:58,2018-06-14 14:05:00,2018-06-18 15:33:25,2018-06-28 00:00:00
184cc3e09f63ccf3f0de8067b3badfb3,6e5579939594a12931611fb2b455b08d,delivered,2017-03-24 20:59:38,2017-03-24 21:10:12,2017-03-27 08:09:45,2017-03-31 14:42:37,2017-04-17 00:00:00
d58d1cce5f4ddbf91dec67d59eadd035,4db55f299675aae7e60ea54e437bd750,delivered,2018-01-12 12:56:54,2018-01-12 13:08:56,2018-01-13 01:35:32,2018-01-16 00:07:08,2018-01-31 00:00:00
7fd6cd7e778c71e9b3721599948c104c,e8d04906f39accaf787450a1fbf3ad60,delivered,2017-05-01 21:16:52,2017-05-06 21:32:39,2017-05-05 11:22:24,2017-05-16 08:34:32,2017-05-25 00:00:00
a31fbd130ab869e3edde0fa6549993de,7e51ac3b5f62aacfd31abde7f683d147,delivered,2017-06-29 13:44:55,2017-06-29 13:55:12,2017-07-05 16:05:16,2017-07-05 19:45:52,2017-07-28 00:00:00
7f1a31c40930c708c3439ddaff502b79,b4a9a78b5a1cd18b866c9dd6b4055765,delivered,2018-04-01 12:31:35,2018-04-02 12:30:21,2018-04-04 18:42:15,2018-04-05 19:48:30,2018-04-12 00:00:00
dc3c5cc14cf6712c4e47880da72f341a,a49eca945e3519379c12d1a20ad83f82,delivered,2018-07-15 07:36:51,2018-07-17 04:31:35,2018-07-17 08:51:00,2018-07-23 12:21:50,2018-08-07 00:00:00
c12a72f72509bcc1317ee119c5ade35b,fba9df63f86cae646f8d1a1f8c6bb85c,unavailable,2017-11-28 12:03:07,2017-11-28 12:14:48,,,2017-12-19 00:00:00
be49c4e4b3b0f04ec7752ea004feec8c,5cf67e8b0f3046587f30daa2ae1c3e69,delivered,2018-08-05 14:07:10,2018-08-05 14:24:27,2018-08-06 15:16:00,2018-08-10 13:32:27,2018-08-15 00:00:00
a9029e5bd9332bbe973f3680152fb397,19ad08b3871b3ed5c9bc241a8b4644b3,delivered,2018-08-14 15:32:22,2018-08-14 15:45:22,2018-08-17 12:50:00,2018-08-25 14:26:38,2018-08-22 00:00:00
20ed2a2a62a766cbb3f2636a85ce3eab,ee4924a569bd574dd0b2d9b86fa0e773,delivered,2018-07-10 13:20:06,2018-07-10 13:30:23,2018-08-01 13:51:00,2018-08-07 19:55:45,2018-08-02 00:00:00
55be669b624a706853ba200519c57acd,3782f56019b01ac198bf586c13dc039f,delivered,2017-12-25 21:47:30,2017-12-25 21:54:21,2017-12-27 13:45:04,2018-01-19 00:18:27,2018-01-30 00:00:00
ceecd8159f59fa02f847abb28716bd09,23dc6b4a81c5e5897ca541952fb936da,delivered,2018-02-07 10:38:48,2018-02-08 13:55:30,2018-02-09 00:49:01,2018-02-16 20:57:48,2018-03-13 00:00:00
e153f584d70397c494b74b0dab983728,de0029f32ce5af88c35451d139bc5d65,delivered,2017-05-24 18:41:23,2017-05-24 18:55:14,2017-05-26 16:12:41,2017-06-06 13:55:38,2017-06-21 00:00:00
30f5bfc25003d29ee5207083263d3ee6,969769c94ebf3a6fa4c36060dbffab4e,delivered,2018-07-23 17:21:43,2018-07-24 10:32:28,2018-08-03 14:35:00,2018-08-07 21:47:32,2018-08-16 00:00:00
8e79eeb59f5108d06a807743a3482bfb,fbfebde26d0e73345094b962c8209a1e,delivered,2018-01-17 13:44:31,2018-01-17 13:52:27,2018-01-23 11:28:57,2018-02-09 20:57:58,2018-02-15 00:00:00
9057b899f36887819dff05586e5d11e1,1c0424aaab000351a8ab54c5a343101a,delivered,2018-08-07 13:22:04,2018-08-07 20:05:01,2018-08-08 14:47:00,2018-08-13 17:12:13,2018-08-23 00:00:00
46e0dd5cd4dd2530f0e9563886d82e09,6b57e6a310995d960e19f631db8459c3,delivered,2017-12-18 08:37:49,2017-12-18 09:38:23,2017-12-19 23:27:02,2017-12-20 21:15:15,2018-01-05 00:00:00
f275879ee3e5b5f212e1d4079ab21ec1,fc2f56601bbd8434a91b963b8ac49f35,delivered,2018-03-06 14:25:20,2018-03-07 02:15:29,2018-03-07 20:45:04,2018-04-05 20:47:43,2018-03-29 00:00:00
67ad8e83f26ed7bac15a552eecc412cb,a4af3a9be469b173ddda8880112a8af5,delivered,2018-07-07 17:22:26,2018-07-07 17:30:13,2018-07-10 16:31:00,2018-07-13 20:41:40,2018-07-25 00:00:00
1fd20dcd28f95b7f60b8b09212db9f30,2730b508803cd84b892f1a6f93da0f70,delivered,2018-06-05 13:12:33,2018-06-05 21:53:10,2018-06-06 14:07:00,2018-06-15 15:03:51,2018-07-16 00:00:00
334e118f51cc0e200822d5f117db5f19,3dac5699934ea2362f24a47eee4bb66f,delivered,2017-08-31 09:24:13,2017-08-31 09:35:15,2017-08-31 18:19:00,2017-09-01 19:59:53,2017-09-19 00:00:00
0870e65cf1b3551a87735b85ee9dd147,8a3ff5438e69e032936ab47f419c9576,delivered,2018-05-23 23:17:40,2018-05-24 11:53:35,2018-05-24 15:03:00,2018-05-25 18:41:46,2018-06-08 00:00:00
ae6feb20cf51351ef91ecc628da2c6e6,73161c7781b0dd1b80d67795ddb2eae3,delivered,2017-11-10 15:25:49,2017-11-10 15:35:46,2017-11-14 21:38:56,2017-11-23 17:52:11,2017-11-30 00:00:00
4d5779c1406a8459afe82091e0dae935,bbe883b13f1341dded5fb286bca6a1a3,delivered,2018-07-26 21:38:46,2018-07-28 03:35:09,2018-07-30 13:17:00,2018-08-13 17:02:36,2018-08-29 00:00:00
59b67c775c6a905fc4faac69ca74b5cb,aba2b5ee08c838ca0d89220cba929d11,delivered,2017-11-29 11:03:40,2017-12-01 12:31:35,2017-12-07 15:22:42,2017-12-13 17:27:16,2017-12-27 00:00:00
304eb677297815981a2cf4f53af3588a,58c9b393766ef57c16d45f7736333b3d,delivered,2018-02-20 13:39:44,2018-02-22 02:30:48,2018-02-27 00:18:37,2018-03-01 00:45:57,2018-03-06 00:00:00
600f8e805d1ed7fb72f4f33e3ea812fe,a2db663a96649cbb12a8df657b52ceda,delivered,2017-11-27 15:23:37,2017-11-27 15:30:23,2017-11-28 23:33:54,2017-12-15 22:53:09,2017-12-28 00:00:00
2d82dd44bd4ea2cb852068142568d5ce,83f88341610abb047d8cfa4f0e19dc91,delivered,2017-07-09 09:59:04,2017-07-09 10:10:22,2017-07-12 16:53:01,2017-07-24 23:28:46,2017-08-01 00:00:00
1fb28905c05d166e536359d8f87de8ad,30b0e5b92581e38246993fe1808bdadf,delivered,2018-05-15 13:36:40,2018-05-16 13:33:39,2018-05-17 15:34:00,2018-05-22 20:03:32,2018-05-23 00:00:00
8c802dd7e15769c1bb543be2b54ac9d4,2cee507abb562913583ad369e36ca57b,delivered,2018-07-16 21:46:38,2018-07-16 21:55:17,2018-07-19 06:06:00,2018-07-24 17:43:38,2018-08-07 00:00:00
af95781f6255cd40abd71198c2ed8ccf,d498c7b6c3a02dd3be0236f38769af04,delivered,2017-11-23 12:10:42,2017-11-23 12:19:02,2017-11-29 22:34:44,2017-12-06 14:48:48,2017-12-14 00:00:00
e271e657e4d6b7cd8627e5ba90ad3929,01a353696002ba824955de7bfac767b3,delivered,2017-03-10 12:46:23,2017-03-10 12:46:23,2017-03-17 13:23:37,2017-03-22 15:25:22,2017-04-04 00:00:00
a72d5b964207fa70e4ac5ce9efd33c96,01bd3cc201383c0055f6b128fd089f1a,delivered,2017-06-01 16:05:28,2017-06-03 02:25:18,2017-06-05 14:09:39,2017-06-09 07:25:46,2017-06-29 00:00:00
f1f77c2644fb432824a8e7183f325b11,6d18a9e76b7b95ff185b3ac7849f81e6,delivered,2018-03-04 10:33:55,2018-03-04 10:48:57,2018-03-07 21:10:08,2018-03-22 15:54:46,2018-03-28 00:00:00
174b81b8891c8236be516fb8097f729b,144bb6dcbed94956a8473aad73f0987f,delivered,2018-06-30 07:43:15,2018-06-30 07:55:10,2018-07-03 14:08:00,2018-07-11 01:14:18,2018-07-27 00:00:00
c1d2b34febe9cd269e378117d6681172,8912fc0c3bbf1e2fbf35819e21706718,delivered,2017-11-09 00:50:13,2017-11-10 00:47:48,2017-11-22 01:43:37,2017-11-28 00:09:50,2017-12-19 00:00:00
2b05f56f631529c762126ac8d9e572d1,c04b625103f905855eb698be5011b29f,delivered,2017-07-29 21:44:35,2017-07-29 22:03:20,2017-08-01 17:42:19,2017-08-16 15:41:53,2017-08-24 00:00:00
68a688be62a4e82e6f8450c215d3fdae,e9957015777b9fa682e9cab2e94419b3,delivered,2018-05-08 21:08:36,2018-05-08 21:34:12,2018-05-11 17:09:00,2018-05-18 15:18:53,2018-06-04 00:00:00
7d132a063e085c4275230bf581daaae6,640db86c894986981e4fce284a579f31,delivered,2018-01-26 22:48:15,2018-01-26 23:18:21,2018-01-31 02:55:05,2018-02-07 23:33:30,2018-02-19 00:00:00
bd47f29a1a6ede24f9dd4d5ca6027dd4,c3627b8c3533bd55a1b19e6fd705bf82,delivered,2018-07-16 15:34:37,2018-07-16 15:45:19,2018-07-16 14:29:00,2018-07-24 09:41:51,2018-08-08 00:00:00
25ad7e1f73b3d882afca3825580afaa2,c36408f4223117ff8c199c4660b856b1,delivered,2017-06-07 19:32:16,2017-06-07 19:45:11,2017-06-08 11:58:03,2017-06-19 18:40:53,2017-07-20 00:00:00
8b5ddca535bbca0d4282b4e82248089e,e3ffa14bb67e94d44caa315f274c8781,delivered,2017-09-15 00:36:44,2017-09-15 00:50:11,2017-09-18 19:07:42,2017-09-26 18:26:51,2017-10-16 00:00:00
e15e937a644b742c6083b44d0f9a0ab4,0b55cfa61c39a208b1326f98e265dc32,delivered,2017-09-12 20:38:12,2017-09-12 20:50:22,2017-09-14 17:57:30,2017-09-19 20:03:00,2017-09-29 00:00:00
882f92adde58820c4ae257ec5c31bf16,bc5b6f600a67c45909778ad4c2c6ae18,delivered,2018-08-14 21:58:07,2018-08-14 22:05:18,2018-08-15 15:31:00,2018-08-16 20:50:27,2018-08-20 00:00:00
882532a9d3af41e668e0d305aa7bfe2a,24028518ee858cc4f850f074cbfe803c,delivered,2017-05-23 00:18:53,2017-05-23 01:05:19,2017-05-23 10:19:33,2017-05-31 16:12:17,2017-06-23 00:00:00
3241efb4bf616d6fc2d9ff3803b06a46,ab9fcafc7cc99c1bacb2ba5ef4442d13,delivered,2017-11-04 00:25:12,2017-11-04 00:35:28,2017-11-07 14:26:36,2017-11-25 19:05:13,2017-12-11 00:00:00
6180176978a92ed9fd65b8a884601955,0d01493e2f68de841f72c2e405dc001b,delivered,2017-05-21 17:42:20,2017-05-21 17:55:15,2017-05-29 13:42:15,2017-06-06 07:11:11,2017-06-14 00:00:00
917ca364b9fb9460dee6ea613ee2a5ab,85c01e2393b32c57d22f4db20020da31,delivered,2017-01-25 15:12:59,2017-01-26 12:50:29,2017-02-02 11:07:52,2017-02-15 19:12:52,2017-03-16 00:00:00
54082a3f0c13598bb5c2b3bb78bbbee8,6202c26af8ecd3ebdea24151802939fa,delivered,2018-06-20 10:39:52,2018-06-20 11:08:25,2018-06-21 16:21:00,2018-06-28 10:28:31,2018-07-20 00:00:00
91dad651e3d842c93cdda01facf8a74f,05d0be2e670fd919d30625098bb1134a,delivered,2017-11-18 14:03:00,2017-11-18 14:15:57,2017-11-21 13:58:49,2017-11-26 15:51:43,2017-12-07 00:00:00
0a06917fb1c4d93dddc71d9ca7dd8790,57454ea60e4bcecb01d39cdf69d4b275,delivered,2018-08-08 21:30:18,2018-08-09 03:44:59,2018-08-09 11:57:00,2018-08-30 00:16:23,2018-08-30 00:00:00
c5d1a6481a4fb3684588a2c7fc970918,d81352b3fa189b687428ee79b94491a7,delivered,2018-07-15 09:57:16,2018-07-15 10:10:10,2018-08-02 05:27:00,2018-08-09 15:58:37,2018-08-13 00:00:00
4e9326cf30a794635ef805fca2801aaf,4d1bb864d2216b84ec6b54fdfa3694fa,delivered,2018-01-03 12:14:49,2018-01-03 12:26:52,2018-01-05 17:17:44,2018-01-17 17:34:48,2018-02-01 00:00:00
d8b1b374baabf8ba477823087ddfb1a2,a27ccd54971ea41b405fd5560b6cb8f1,delivered,2017-10-15 17:10:15,2017-10-16 12:56:32,2017-10-18 21:04:28,2017-10-27 00:07:55,2017-11-07 00:00:00
d3af64a47d8c61129648bf0d3d695842,eaa2eb92cb3d0bbf3b5492946f3caf79,delivered,2018-03-20 16:19:37,2018-03-20 16:35:37,2018-03-21 20:03:50,2018-04-02 22:41:37,2018-04-13 00:00:00
32d8aa395f9c9f357e1e3f7b214b9082,d8d5514df601db9674d6629aa69987c0,delivered,2018-04-03 14:33:52,2018-04-03 14:49:11,2018-04-07 00:51:57,2018-04-30 19:12:26,2018-05-04 00:00:00
0e8f4c0385a96b68bd717e0e2ceb6898,9567b213dce8ca5f537da23f29cc2de4,delivered,2018-04-09 16:22:45,2018-04-09 16:35:27,2018-04-10 23:48:25,2018-04-16 22:36:30,2018-05-11 00:00:00
216720f8251b8f0ed3800a7de50ae44a,589b3c2e820cc79d4fcba7581e4099dc,delivered,2017-12-19 23:29:47,2017-12-20 00:33:20,2018-01-08 20:54:39,2018-01-10 18:51:33,2018-01-09 00:00:00
40d158e9f78f7dd903dd0490fd1baf40,ec22baf60e1cd69bdca2844eae245dc3,delivered,2018-02-04 23:00:07,2018-02-04 23:10:24,2018-02-05 22:17:24,2018-02-07 18:45:54,2018-02-21 00:00:00
70b125b1e127de57a1145f484705786c,0f6798f2376fb8eb072c4954e4650bf7,delivered,2017-07-16 19:32:18,2017-07-16 19:45:11,2017-07-19 18:57:44,2017-08-04 17:46:11,2017-08-10 00:00:00
1a71051dfe3a0641e6feafe991adbdab,c51e08ffb18c1f0a3a6bd1302aa323dd,delivered,2018-07-22 10:10:57,2018-07-23 11:31:46,2018-07-24 14:37:00,2018-07-31 01:28:43,2018-08-28 00:00:00
3dba30e64d1c1097a281254b499f25fe,0c5e68cf2c4cc1d8caee6a12ac6e1d58,delivered,2017-02-22 09:42:50,2017-02-24 02:45:43,2017-02-24 14:16:24,2017-03-02 15:22:26,2017-03-27 00:00:00
28cd3c544253ce946b65fbba1e51b05c,7c5ffd6d315db34ffca31349e26f9cd7,delivered,2017-12-05 19:01:43,2017-12-05 19:15:20,2017-12-11 17:19:08,2017-12-27 23:22:40,2017-12-28 00:00:00
d77216a3568824e12f455a229454fe60,9aeb99fe106f300fedf58b21dfb9631c,delivered,2017-05-19 08:01:08,2017-05-19 08:10:16,2017-05-22 11:47:43,2017-06-02 13:23:53,2017-06-12 00:00:00
1fef84eb15d7b166c3e3008a8dd48ef1,0e32e68dc972a0647c0b50affe1f6f5f,delivered,2018-05-03 12:33:06,2018-05-04 12:31:37,2018-05-07 07:19:00,2018-05-14 20:13:06,2018-05-23 00:00:00
9820cf94f2ea4678a6f6b7aa8042f20c,b048d250c5ecfce8ec9a757765997c03,delivered,2017-06-02 17:17:56,2017-06-02 17:30:12,2017-06-07 16:16:37,2017-06-19 21:14:27,2017-06-23 00:00:00
eb8243aae992ce5262d8bfc305cdf6af,c4c7b10a5f7686751fc3584c09f8001a,delivered,2018-04-24 14:53:22,2018-04-24 18:22:19,2018-04-27 14:59:00,2018-05-21 19:14:32,2018-05-18 00:00:00
4d9f7ee0798052190a19d19bb0f31a40,46b8d6f92df858df6185ee301ede80ef,delivered,2018-08-13 09:36:38,2018-08-13 09:50:20,2018-08-14 11:02:00,2018-08-23 23:52:41,2018-08-28 00:00:00
b847874716fdb4908836e6300292db03,d49f34488544f5673224c7b359f4a17a,delivered,2017-08-13 17:50:46,2017-08-13 18:04:06,2017-08-14 20:56:31,2017-09-05 20:02:37,2017-09-18 00:00:00
fa4dc5d499f35cf8ea22c543c6a36c10,9e371ab50c3942d37f30e64722e149b2,delivered,2018-06-21 21:04:53,2018-06-23 01:15:45,2018-06-28 14:59:00,2018-07-04 20:02:17,2018-07-31 00:00:00
9f106eaab8eb09ea2d05a1c71f8be831,95e0a0f1f6d04910bb926a0b8550ff92,delivered,2018-03-05 18:12:19,2018-03-05 18:30:59,2018-03-07 00:09:36,2018-03-20 01:58:41,2018-03-22 00:00:00
066f62cf2a2ba7b1d0012bf6d4f5f0b3,1f822c22c8cf0ad7766811f866810e46,delivered,2018-06-22 19:47:47,2018-06-22 20:37:40,2018-06-25 08:06:00,2018-07-04 18:44:55,2018-07-23 00:00:00
5ad6b16f8a1d20ec9eaf8f9340406f0d,15f0cf4389f8e32f18093e4f983a3f51,delivered,2018-06-27 00:05:10,2018-06-27 02:28:46,2018-06-29 10:40:00,2018-06-30 15:51:28,2018-07-12 00:00:00
e46e94a05d2d44bd56759d2e056649ea,91dabf9347495618b632ea7397fd4eb9,delivered,2018-01-12 12:00:48,2018-01-12 16:35:33,2018-01-15 18:24:44,2018-01-22 14:48:58,2018-02-06 00:00:00
30ecf79cda763f44c9cec9c8a4bc5870,0bf3dc9afa5fae5365b7bf3f44904704,delivered,2018-01-04 22:41:11,2018-01-06 02:09:28,2018-01-09 23:55:03,2018-01-10 20:23:23,2018-01-23 00:00:00
295f0c892077fab482adb25cfc37aa79,f89b57f80359481e71b0cd3001268136,unavailable,2017-07-06 13:31:05,2017-07-08 00:15:34,,,2017-08-07 00:00:00
ff701a7c869ad21de22a6994237c8a00,8f6d16c31abb30b7b4650272cb0014a3,delivered,2018-04-12 19:47:40,2018-04-12 20:10:33,2018-04-18 00:41:29,2018-04-20 17:48:39,2018-04-30 00:00:00
0930362b6f24dc06ace9869ac3d05a72,570c80022b8e52b1c9ff467a601f9358,delivered,2017-11-24 10:16:53,2017-11-24 10:32:38,2017-11-24 19:17:42,2017-11-26 14:28:26,2017-12-11 00:00:00
de512c8ca504a59f99fc9baadb837507,57210fcf293fab7b885ef8eb44591639,delivered,2018-03-13 21:31:57,2018-03-15 03:29:30,2018-03-15 22:49:26,2018-03-23 20:17:28,2018-04-16 00:00:00
26d5146a6a102a692d0b159821a3d520,590f9970d3a259fef3bd11c3f0207f91,delivered,2017-07-09 10:09:54,2017-07-11 04:15:30,2017-07-12 14:52:14,2017-07-26 18:46:19,2017-08-09 00:00:00
d54005052afdbf06d7a1d39cc9e45f92,9ac5cdcba84c5425f84b159685728624,delivered,2017-03-14 22:44:28,2017-03-14 22:44:28,2017-03-20 14:03:37,2017-04-08 01:38:49,2017-04-17 00:00:00
72720cd963d6632b6d378ca9baca8963,7516a5549a2ed8cd17c45e49e82544a9,delivered,2018-05-01 22:06:07,2018-05-01 22:16:32,2018-05-03 13:00:00,2018-05-09 23:55:59,2018-05-28 00:00:00
392abee0f881388ab93e4b6b5fd60177,428f696c9a8641d3e9a0ec0febd9a4bd,delivered,2018-07-04 23:48:36,2018-07-05 16:11:04,2018-07-05 13:56:00,2018-07-13 12:06:28,2018-07-19 00:00:00
dad151e92378667093156fc66f981742,5d86fbca7c39699079b3d456e7040af5,delivered,2017-04-21 20:05:40,2017-04-21 20:15:08,2017-04-24 13:08:46,2017-05-09 09:26:55,2017-05-24 00:00:00
9811e9a18a958540d5b173727b2edf95,5ac358d3a472d17707c45cb260a464ae,delivered,2018-02-11 16:09:29,2018-02-11 16:27:47,2018-02-14 23:38:31,2018-03-05 22:44:00,2018-03-15 00:00:00
a75a520af41db90aaec791d73546b4af,a5bbb5992919a26a0652b78fd8d369a0,delivered,2018-04-23 14:48:58,2018-04-24 19:24:13,2018-04-24 22:26:44,2018-04-27 15:33:27,2018-05-10 00:00:00
06bc7036f4e52afa8213176211d6ebba,5509fbf0865111b1607f03e136a4d735,delivered,2018-08-07 11:08:37,2018-08-07 11:25:11,2018-08-07 11:33:00,2018-08-11 12:16:24,2018-08-22 00:00:00
ab0e35dd7151f7e3d72931b940b6a335,729862db9ace71f44613602b0bb1ff40,delivered,2018-06-18 10:32:17,2018-06-18 12:02:15,2018-06-19 09:11:00,2018-06-20 20:06:37,2018-06-28 00:00:00
5a610ef4a49d9be48df16a1026f225f4,af3d9d4c28530825f0ced435b75abee4,delivered,2017-09-02 20:12:12,2017-09-05 04:44:30,2017-09-08 18:32:24,2017-09-19 20:21:38,2017-09-27 00:00:00
eb951538a1e505560662159b6b4ef965,ff162456f8b57af09e181c4e1dfbfb38,delivered,2017-12-01 13:06:50,2017-12-01 13:18:39,2017-12-22 20:34:46,2018-01-09 17:09:12,2018-01-04 00:00:00
ef519547cb72d3ac42ff707948fdb963,b1f0a629f39ec410be67ab09638095c4,delivered,2018-04-02 17:49:06,2018-04-02 18:09:53,2018-04-04 00:12:53,2018-05-20 17:36:37,2018-05-04 00:00:00
3c86b0f3acff06bcd6f7c6577ba4bcd3,efdd9e894ef573b7168acb6b0d8a5d1c,delivered,2017-09-28 16:14:09,2017-09-28 16:25:22,2017-10-05 20:34:59,2017-10-10 21:04:31,2017-11-06 00:00:00
509cbbb4be7bf37477a52cd2204b30ff,2adbfd185ec2db71abb59a54b08c91ad,delivered,2018-07-15 13:39:42,2018-07-15 13:50:13,2018-07-16 17:09:00,2018-07-21 13:03:50,2018-08-01 00:00:00
ad61bdad0a6d5fac6af829eba1fa4e84,c608f7336568970b364efe2928979019,delivered,2018-08-02 15:16:58,2018-08-02 15:30:19,2018-08-07 14:45:00,2018-08-10 23:58:34,2018-08-21 00:00:00
c791c3d6d6bdfe8c90a3016bc03ec79f,95c4955ffcf0b0dc52dc62548640fa3a,delivered,2017-05-28 14:44:21,2017-05-28 14:55:17,2017-05-31 07:43:57,2017-06-08 17:16:31,2017-06-21 00:00:00
317ae4dbfc62c822d3176c9579b6fcf7,0cbb7ef495187671b7344854d856afa0,delivered,2017-03-23 13:56:33,2017-03-23 14:05:10,2017-03-27 16:08:25,2017-03-30 16:47:50,2017-04-11 00:00:00
f50654324d7bc3b79e01a02199fe1585,4e9cb4e5f4db18cf45e19c7a20951349,delivered,2017-12-19 18:12:02,2017-12-20 06:57:37,2017-12-20 16:03:08,2017-12-27 15:42:39,2018-01-15 00:00:00
4277cdb7e2125bf7bebcd908168f90cb,8018a24d4321fb2fa4f207aedd99fe61,delivered,2018-03-19 11:12:38,2018-03-19 11:30:47,2018-03-19 23:07:39,2018-04-02 19:03:24,2018-04-05 00:00:00
221acf4033f18fbab8e09d105429367f,a7b181108ad1e930bc3e161c9b60e9b7,delivered,2018-08-07 18:17:10,2018-08-08 18:10:20,2018-08-14 16:04:00,2018-08-23 15:25:03,2018-08-23 00:00:00
7ac766e40565c0fcc2a226dfc3f6d89b,26231b2ef9060281897325d10a249038,delivered,2018-02-26 15:16:34,2018-02-26 15:35:33,2018-02-27 19:46:32,2018-03-09 18:56:38,2018-03-27 00:00:00
e036d5cb35906e7464ee6e9b06f99915,71fa68b2e3f0b0a43d8d13982a622583,delivered,2018-01-16 14:25:52,2018-01-16 14:37:27,2018-01-17 17:42:53,2018-01-22 15:47:42,2018-02-07 00:00:00
0a2ea907b178650afcfcab07e55b70f6,b46839430059483e717277d030ffa798,delivered,2018-04-11 15:36:32,2018-04-12 07:30:11,2018-04-13 16:26:54,2018-04-20 22:41:59,2018-05-11 00:00:00
d5d6f9b551159c1891545df759887e9e,185128ce43d5c5bf6f13b2dba3386df7,delivered,2018-02-07 21:02:40,2018-02-07 22:05:30,2018-02-08 16:28:45,2018-02-26 20:22:17,2018-03-28 00:00:00
f94749b6934a53ff309b819484b4a72a,aed2676c652ff5f31582ecfc4597538e,delivered,2017-06-08 19:54:12,2017-06-08 20:55:09,2017-06-09 14:33:49,2017-06-14 11:39:02,2017-07-04 00:00:00
f9b2c72f5d0ba6455790c6e26e4551b4,b8bc981e72ff341c483d72babe5f4ade,delivered,2017-02-07 23:53:13,2017-02-09 02:43:25,2017-02-10 10:06:19,2017-03-03 14:03:27,2017-03-08 00:00:00
95e4477d8423c69a93c55d840e02d9ba,42048dec015103c5b5715657565ec274,delivered,2017-01-28 23:55:20,2017-01-29 01:31:04,2017-01-30 16:14:36,2017-02-10 00:09:16,2017-03-17 00:00:00
3402a73003b0c17522a252fbd7603aba,62d95451cf4bd1e5cba9bd985a0036bf,delivered,2018-01-21 12:52:56,2018-01-22 14:21:22,2018-01-24 23:10:17,2018-02-02 18:29:06,2018-02-15 00:00:00
ba772856bdab971f8c7eae9e03cf8706,c4c4d26a00f19c91e319f41dd10170e9,delivered,2018-08-12 20:58:37,2018-08-13 20:55:31,2018-08-14 15:47:00,2018-08-17 20:28:26,2018-08-23 00:00:00
4992400f9fded5aade587f7043a954a0,9cab57b39cbf555d0af5d7ab09adcb2d,delivered,2018-03-05 11:06:05,2018-03-06 04:20:28,2018-03-08 19:58:29,2018-03-16 20:07:16,2018-03-21 00:00:00
db88c73b909a8dedc34e77d84f2ec323,c93b99143247d309d9fa3da7064ad32c,delivered,2017-12-12 20:55:57,2017-12-12 21:11:33,2017-12-15 17:18:22,2018-01-03 19:28:59,2018-01-12 00:00:00
a0a8509664c6583fbd77dc8ffa673662,c6ed2e16266071745f007c94a8c009ea,delivered,2017-07-22 13:36:00,2017-07-22 13:45:12,2017-07-24 19:45:34,2017-07-26 04:34:33,2017-08-04 00:00:00
d61e579dc82353a7160f9fc870376460,243ec46b2d1ede1c56821491f256d7c7,delivered,2018-08-12 20:30:51,2018-08-12 20:44:20,2018-08-13 14:16:00,2018-08-16 14:02:58,2018-08-24 00:00:00
33d6102f076f9a6130c98e71ff77197f,8aaeb0d59652914da703bb9c4d50c210,delivered,2017-11-27 22:21:26,2017-11-27 22:32:21,2017-11-29 00:33:52,2017-12-05 14:23:38,2017-12-20 00:00:00
4412edc425c04a3e8eede540f84ecf85,5d8d380a9f1a59c239e1ab33d2e61cf5,delivered,2017-10-26 15:33:42,2017-10-27 16:35:21,2017-10-30 20:45:47,2017-11-08 21:21:19,2017-11-29 00:00:00
8c98ef4533089f5c372b7c3ae3b53851,69b2c07bd32a5aec7a387c7fe5bba908,delivered,2018-04-12 14:26:22,2018-04-14 02:31:41,2018-04-17 16:38:36,2018-04-24 16:11:56,2018-05-07 00:00:00
43d33927e13df71f3cf0e5782b0ff7c2,d1769e6e29140ef276c48bb7260783ae,delivered,2018-07-09 02:23:37,2018-07-09 02:35:10,2018-07-10 14:48:00,2018-07-13 21:03:10,2018-07-25 00:00:00
5e8dbd59abee490ba3f319a92089c668,4581c014bf50140e2b6b7f4969261b57,delivered,2018-06-25 18:35:43,2018-06-25 19:02:31,2018-06-26 09:27:00,2018-07-03 22:54:34,2018-07-17 00:00:00
55c22802abda3dda5ccb0d14c0123915,8c6b7e64f89548cf3c36b786f3b1ceba,delivered,2017-11-26 07:48:43,2017-11-26 07:57:29,2017-11-29 22:37:46,2018-01-02 12:19:24,2017-12-20 00:00:00
b2645c2a65c62e9c18bf2a83d10203b6,ca39c165e8c9a7fd570b537106452030,delivered,2018-07-12 10:27:03,2018-07-13 10:25:07,2018-07-13 15:18:00,2018-07-23 21:18:05,2018-07-31 00:00:00
1d21ce7916bb1ee2a44de0a37a92c8c4,740d9510e658b43a2a7808c0891af047,delivered,2017-05-16 20:38:47,2017-05-16 20:50:14,2017-05-17 13:52:05,2017-06-01 11:38:00,2017-06-19 00:00:00
fa80b749949aa00910e069eb9b83be29,4fe1cde83a4f943a42159c63387db5f8,delivered,2017-06-14 09:39:56,2017-06-15 03:10:24,2017-06-16 15:44:29,2017-06-22 11:32:39,2017-07-11 00:00:00
e32a6fa7755b372afb5f1bdd5f65b6b8,eff8807bc98dca3377b9a74b2fbf24d9,delivered,2018-06-14 19:12:05,2018-06-14 19:37:34,2018-06-18 19:43:00,2018-06-19 22:11:58,2018-06-26 00:00:00
8931f3424faa278c3e45084b9a3db2a5,59606088131f94d6e5cd764404377a6c,delivered,2018-02-06 13:08:49,2018-02-06 13:35:10,2018-02-08 19:28:37,2018-02-24 01:16:41,2018-03-07 00:00:00
c844fe47e745e3199e1f985e6dec1618,1f5bda3dce0e8818a518c084233e8efc,delivered,2018-05-06 10:53:30,2018-05-06 11:10:34,2018-05-07 14:25:00,2018-05-08 19:57:20,2018-05-17 00:00:00
f4501c0e013275ff49c4a0c3d16c50ee,377f47be1e40177751881844802d210e,delivered,2017-03-23 00:48:00,2017-03-25 02:11:05,2017-04-08 03:26:49,2017-05-05 17:05:10,2017-04-27 00:00:00
1384f5f2f4532f5b9fa0f6cadafc93cf,b699abc1a43849f50a8b15a9b7df2978,delivered,2018-08-01 10:17:18,2018-08-01 11:00:11,2018-08-01 15:23:00,2018-08-14 18:18:44,2018-08-22 00:00:00
e77e25ad4185ce8fba142eafcd1442da,33a4d61b0f6957f323a1eb332b0af535,delivered,2017-12-10 18:59:31,2017-12-10 19:10:10,2017-12-12 22:33:28,2018-01-17 20:53:14,2018-01-11 00:00:00
335339ec0db35157e0c110604ca053d2,f5c5d4595c2323c846d61ba4adcd7aac,delivered,2017-10-16 19:20:12,2017-10-17 09:49:11,2017-10-19 19:10:04,2017-10-25 19:37:56,2017-11-09 00:00:00
deb53c75e6fc731052963598e2553698,72635e45d44567d9e5abd4ee714f8d6d,delivered,2018-04-23 21:07:39,2018-04-24 18:15:24,2018-04-24 22:14:01,2018-05-09 00:22:30,2018-05-16 00:00:00
98771387311d5662831d6b31e5804bb6,278cdcc821349ff6f7adaa126b4e8e8e,delivered,2017-06-01 22:05:50,2017-06-01 22:22:30,2017-06-02 15:30:06,2017-06-19 13:53:02,2017-07-06 00:00:00
c8de7faa920cdcbe41252449a3fd36c0,8f5777a90b7294397d8f7c2c8e95157a,unavailable,2017-07-06 16:18:36,2017-07-06 16:30:28,,,2017-07-19 00:00:00
79d99d8498728081a42a978071007d45,4bba0610967c84ba4b4c40c7f0eb0373,delivered,2018-03-24 22:23:03,2018-03-24 22:30:25,2018-03-26 21:52:55,2018-03-29 20:48:41,2018-04-13 00:00:00
40b8e198f9be930c141b807fe417dd07,abd4f44cab431f33b0c4f242377666f4,delivered,2018-02-01 19:59:24,2018-02-01 20:14:04,2018-02-05 16:52:52,2018-03-02 20:29:24,2018-03-12 00:00:00
c7536eb5732f2d108709a935a97da95b,0a95891690ce6cafb5d1fc15c45f479b,delivered,2017-08-03 14:18:26,2017-08-03 15:45:31,2017-08-04 15:37:40,2017-08-10 17:03:05,2017-08-25 00:00:00
dadeb032c1f01467182f4f0716bdd141,ab1696e7c2c629e56ad0edc9daf39330,delivered,2018-08-07 14:39:17,2018-08-07 14:50:16,2018-08-08 14:44:00,2018-08-15 19:16:39,2018-08-22 00:00:00
33d1caa11447f543a41df84bd30a0568,fee3a7207a4a940e951e244a13ffccea,delivered,2017-11-06 21:42:52,2017-11-07 05:31:33,2017-11-07 20:38:06,2017-11-20 18:21:50,2017-11-29 00:00:00
1c1f7eae34c850ca47fe6b8305995c79,5f2084f0ea46590ba9155c03bb9dc978,delivered,2017-10-31 18:15:49,2017-10-31 18:31:11,2017-11-01 19:47:44,2017-11-10 21:28:51,2017-11-17 00:00:00
69be57561906ffa69960e7b887be6719,8e3e7c43dd9f8ef3838c6b01a2a4621c,delivered,2017-08-21 22:39:43,2017-08-21 22:50:24,2017-08-22 19:34:29,2017-08-29 19:03:07,2017-09-13 00:00:00
dd9fecc31cf97e9554b2d027d01470f0,55380b74ede45d9a38c44ae7bfeb2347,delivered,2017-11-23 18:12:57,2017-11-23 18:25:31,2017-11-24 20:56:55,2017-12-01 20:25:05,2017-12-21 00:00:00
5bf8d66f260e15878a0e458ba4f33158,a1e1b403d6937285d784ddb927a60587,delivered,2017-08-21 12:44:35,2017-08-21 12:55:19,2017-08-23 20:25:17,2017-08-28 15:39:51,2017-09-13 00:00:00
2ffc1bd0212c5ba712e1da786b4328c2,a40bcc58beb1ce296a0b7ad7cb0ec0b6,delivered,2017-07-28 21:14:50,2017-08-02 08:32:33,2017-08-01 18:39:25,2017-08-15 22:09:41,2017-08-23 00:00:00
c8ccd366bbf35430786a86ef073322f8,88957154a87ddc5981b986ce8891453b,delivered,2018-05-08 07:41:27,2018-05-09 03:35:19,2018-05-09 12:10:00,2018-05-18 18:12:07,2018-06-01 00:00:00
7905195351d6b5454db9c308ab72288e,bd4c91149540cc1420e2bdead839f3cc,delivered,2017-05-11 13:32:48,2017-05-12 13:42:55,2017-05-16 09:42:43,2017-05-26 13:04:59,2017-06-16 00:00:00
9b4ca0b8323b1def628d45867d69ba54,32018577a9de50fb2ce98318e64b644f,delivered,2017-03-28 22:05:00,2017-03-28 22:15:17,2017-03-31 12:33:45,2017-04-09 00:25:38,2017-04-19 00:00:00
a7708ffa8966514c098d15e1abfa6417,360782688ff472f1adbd47a85861751e,delivered,2018-04-23 19:03:35,2018-04-24 19:17:45,2018-04-24 16:22:36,2018-04-25 23:02:39,2018-05-15 00:00:00
588e7e0d12441120556b3eab625514aa,23e0317302b368c4a95fe1b35ab76710,delivered,2017-12-11 15:24:04,2017-12-11 15:34:25,2017-12-15 00:13:46,2017-12-16 14:19:46,2017-12-28 00:00:00
b5da536992b01709ece25ec74fbd0ebc,a8a69725fa8daeaf353b71d2bee13b59,delivered,2018-01-25 18:55:20,2018-01-25 19:13:15,2018-01-26 19:19:51,2018-02-07 23:18:19,2018-02-22 00:00:00
f56aac06c584c08550fdb69eb163f1ea,2829fe86387c0b79dca569d745617847,delivered,2017-04-25 11:39:22,2017-04-25 11:50:18,2017-04-26 10:08:47,2017-05-03 11:12:07,2017-05-23 00:00:00
aed488062a3d349252ffe2961e214551,4479ae32bee6820fdc3d2129c2fb5d10,canceled,2017-10-16 09:09:13,,,,2017-11-08 00:00:00
f57c8a776138b35f3f50d2d2e6caa7f2,e43f5c61528c73c0175b54343f6b425c,delivered,2018-06-05 23:31:06,2018-06-05 23:52:36,2018-06-07 07:03:00,2018-06-14 17:46:51,2018-07-18 00:00:00
912d6ebade30677cea365478156ad6d7,dcc62595de53eb5ee8f039650d7a7e2d,delivered,2018-05-10 10:19:38,2018-05-11 10:17:40,2018-05-12 08:18:00,2018-05-18 11:52:43,2018-06-04 00:00:00
1112bad3c4cd355a36c9d51e7e8e57d1,5629e64f4d9749f0cd9f31b3f7a8ab1b,delivered,2017-03-13 19:07:07,2017-03-13 19:07:07,2017-03-14 14:18:10,2017-03-22 08:48:07,2017-04-10 00:00:00
81bb996b53039ded9ba61d24c49f80d5,cc6e76aa7960a929a8fa18cb9140b307,delivered,2017-11-12 22:50:05,2017-11-12 23:07:39,2017-11-14 22:26:00,2017-11-22 00:51:23,2017-11-27 00:00:00
6895a2cb864a4bdb6ae98c2328666108,a2226a8dfaff33b185df6b024e62b443,delivered,2018-08-05 23:10:33,2018-08-05 23:24:20,2018-08-16 13:49:00,2018-08-22 00:42:49,2018-08-16 00:00:00
cae658eaa7b31300181f816fb895190c,4d587cf9893af6219038ca647c84fe88,delivered,2018-04-17 00:15:04,2018-04-18 02:11:25,2018-04-24 17:22:50,2018-04-26 17:59:33,2018-05-04 00:00:00
5691d5b2dc401642dfe8f226d5bff11a,e548ae5960bdd8a3ef1dc2a5740d54f4,delivered,2017-09-11 15:15:42,2017-09-12 04:26:11,2017-09-15 17:18:10,2017-10-05 17:35:20,2017-10-11 00:00:00
4c4eee79c7840ec8454f89b456967067,808f31b30bbe88397edebff7fd6f7f08,delivered,2018-07-28 13:21:09,2018-07-30 20:05:12,2018-07-31 14:07:00,2018-08-01 16:19:07,2018-08-08 00:00:00
c566fd2719c6f9e102a841c474cb490c,2ab251c4e8580a85814a7f81f26c58cf,delivered,2017-12-12 16:52:40,2017-12-12 17:08:53,2017-12-13 23:28:34,2017-12-26 17:52:45,2018-01-10 00:00:00
136c36bf83629aea3290644dabe72471,4ebf1d89f4d3896e546f40e32bb1edde,delivered,2018-03-31 20:12:04,2018-04-01 20:10:21,2018-04-03 20:11:10,2018-05-07 16:29:11,2018-04-26 00:00:00
c00b90f6bc9d5a080080d5c3f852f50b,13e93179474d50127682b5c097234f31,delivered,2018-08-06 02:26:08,2018-08-06 02:44:11,2018-08-07 15:59:00,2018-08-13 13:06:57,2018-08-17 00:00:00
8cfce4714e95e2ee39602c28ff8270fe,ba7ba28196d8d587efb0976309c93928,delivered,2017-09-24 23:32:52,2017-09-25 23:49:16,2017-09-26 16:46:36,2017-09-29 22:13:30,2017-10-17 00:00:00
88cd8bb48fb54b0e7a42902d1383f847,865759cd610a2badf3cdbf9f717a46d4,delivered,2017-09-12 17:22:15,2017-09-12 17:44:53,2017-09-13 19:37:17,2017-09-15 19:35:50,2017-10-10 00:00:00
d07ea9203ae0a6ea15a2eacc87b4c0f7,2de12a5fa829fedc2d04da8db32bae05,delivered,2018-02-15 08:21:05,2018-02-15 16:50:39,2018-02-17 01:16:41,2018-03-11 13:18:49,2018-03-22 00:00:00
fb4e36a839ee2e8a134cdf32bf9d9585,71cb93d1f8f5fbdc23927934cbe990bd,delivered,2018-02-12 14:23:38,2018-02-15 04:07:14,2018-02-16 22:58:47,2018-03-08 16:06:54,2018-03-14 00:00:00
df6a6216c9ad1e49d9d48201dea50a9d,3f393dbf92325c1adc3e28d4bb1db009,delivered,2017-10-17 11:12:08,2017-10-18 02:58:52,2017-10-19 20:00:36,2017-10-24 18:58:50,2017-11-10 00:00:00
39742381ff00946ff3ec36900700013b,d1cbc01cccaa606de862c4149f879ce5,delivered,2018-01-25 08:11:16,2018-01-26 03:18:37,2018-02-28 21:59:17,2018-03-15 20:38:25,2018-03-13 00:00:00
3f4d752085db597cc5c802381e0a2488,8d2aff17abcb39e9ed83d6042aa07df9,delivered,2017-12-13 15:17:16,2017-12-14 02:12:33,2017-12-14 15:04:03,2017-12-27 22:24:04,2018-01-11 00:00:00
58527ee4726911bee84a0f42cdd797c1,b7d68eb92ede54186f0385024c0481bf,delivered,2017-03-20 11:01:17,2017-03-20 11:01:17,2017-03-22 08:50:27,2017-03-30 14:04:04,2017-05-18 00:00:00
21fe49b64fa913953b308f40345336cc,c1db33fc905215ed34f7c5a82295ffc6,delivered,2018-06-24 21:46:11,2018-06-24 21:58:40,2018-07-04 07:11:00,2018-07-11 21:48:19,2018-07-25 00:00:00
cd07e3ceeebd529181ed30afdf30d43f,3c96cfdac2bce85bd05840b62c0e2e8e,delivered,2017-04-21 16:37:49,2017-04-21 16:50:18,2017-04-24 17:44:09,2017-05-03 14:32:54,2017-05-23 00:00:00
eaa10b1bfc8e98b22d99dc4e96ef6a83,390998295b49e0086703894e31d9e512,delivered,2017-11-23 12:43:40,2017-11-23 12:59:30,2017-11-30 01:42:39,2017-12-05 18:48:57,2017-12-15 00:00:00
ba38b1323c46414512597408e6ec5b9b,68eee47eba208eb966151f2af399b896,delivered,2018-07-27 20:50:17,2018-07-30 16:05:18,2018-07-31 12:42:00,2018-08-03 19:28:28,2018-08-15 00:00:00
01490a4bdacbafe6de009b317a0c8bf6,f9dfd7942a2d7f1588b7638a9bdc8ff1,delivered,2018-06-12 13:46:53,2018-06-12 14:04:57,2018-06-13 16:28:00,2018-06-21 23:38:52,2018-07-12 00:00:00
6b506a5bc7adc856a6d3fac12bb3b877,30284e641f2237dab5510161208157bc,delivered,2018-06-13 14:57:53,2018-06-13 15:25:03,2018-06-14 12:28:00,2018-06-18 18:03:38,2018-07-04 00:00:00
e6a1e246119f970eea939974b1ea7651,f30966ab3f2e6572e194eac4b06d1506,delivered,2017-03-10 09:42:57,2017-03-10 09:42:57,2017-03-14 13:14:01,2017-03-20 12:05:55,2017-03-31 00:00:00
d592b82802bd7cdce8d3e8b48e07cd58,3f5701195d1f5ade3e5ae9482962b89b,delivered,2018-05-05 21:46:42,2018-05-05 22:13:07,2018-05-09 15:48:00,2018-05-14 17:58:40,2018-05-28 00:00:00
8010be962c553ac2ed4a5cf591ccc971,e67393f6b61b76b3990813390f4a4101,delivered,2018-06-19 18:49:14,2018-06-19 19:18:42,2018-06-20 14:25:00,2018-06-21 22:27:48,2018-07-04 00:00:00
9b30bcabc00edde5c8117aea83c1c11d,e97b754af1f2cabc36f6004f44f5b62c,delivered,2018-05-13 09:54:29,2018-05-13 10:13:09,2018-05-15 14:20:00,2018-05-22 15:18:36,2018-06-05 00:00:00
c7ec0aef506b16f956082d33b51e9aa1,401f18788389eeaf3bc1fe8da020fea0,delivered,2017-05-15 09:48:46,2017-05-16 03:25:20,2017-05-16 14:01:59,2017-05-25 12:42:13,2017-06-02 00:00:00
7fc9c416ca9144971f5486875181bdcb,b3388d15f35b31ea10a16f59a651c9dd,delivered,2017-03-02 20:27:22,2017-03-02 20:35:19,2017-03-03 14:57:05,2017-03-13 15:34:54,2017-03-23 00:00:00
d65f26752fd6834bfb0a567b581dde3b,85d00c84cc236fdb8d5a58a0aed680ac,delivered,2017-07-25 17:40:12,2017-07-25 17:50:23,2017-07-26 15:17:45,2017-07-27 17:53:52,2017-08-22 00:00:00
e9097b40952a79c27bb515bbfd4d488f,39416978729e589e3483e49937aab4e3,delivered,2017-10-01 18:21:38,2017-10-01 18:35:23,2017-10-09 18:35:14,2017-10-16 19:48:36,2017-10-31 00:00:00
399245c562fb9bbf701ec413495ffb35,e5492201e8dd8b9bdc7e8df7a85c6514,delivered,2018-01-10 00:28:24,2018-01-10 10:31:33,2018-01-10 21:48:40,2018-01-22 20:26:41,2018-02-08 00:00:00
64ccc97757023bd10bf48bed7f1e14e3,fb6966f6b07c089be66da41fcadd4b9d,delivered,2018-05-31 10:42:31,2018-05-31 10:55:10,2018-06-01 13:51:00,2018-06-12 12:12:10,2018-07-16 00:00:00
881b1412b8cff1e5c88e905fdedd7605,8dff15b503617623491e9bbdd7e6d977,delivered,2018-01-19 13:46:15,2018-01-19 13:58:24,2018-01-25 21:37:21,2018-02-06 16:41:46,2018-02-09 00:00:00
8b50f9105fdc81f8430bdd9da8c3d6e0,f8eebb1348f680433fe47d8ed5c595b3,delivered,2017-03-02 14:39:09,2017-03-02 14:50:10,2017-03-07 12:19:59,2017-03-22 15:54:07,2017-04-04 00:00:00
181544d1a7128358afb29daed7793e9d,94a1edc9b4a40c9f4b302c839f71db90,delivered,2017-07-16 12:21:41,2017-07-16 12:30:11,2017-07-17 19:49:59,2017-07-21 19:51:26,2017-08-08 00:00:00
e07be9c830655179490e2a5315782e71,2ce6b846941803ad4a9e4507db07b9f8,delivered,2017-06-03 22:32:25,2017-06-03 22:42:27,2017-06-06 16:24:26,2017-06-12 13:38:34,2017-07-03 00:00:00
ea200c2f72468756bdc5cd200dbc7a8a,f97c84f50ac8fe5eecc8a0f267c674f9,delivered,2017-05-24 11:22:48,2017-05-24 11:35:22,2017-05-24 13:32:07,2017-05-31 15:57:48,2017-06-16 00:00:00
c39c97c1d22e4a4486ce849afb668211,baad4f33b8b48413580c54156a4172b8,delivered,2017-03-01 17:24:54,2017-03-03 02:25:34,2017-03-06 13:42:36,2017-04-03 14:13:01,2017-03-22 00:00:00
5907e533018f059b3a3c50af1855e2dd,24cf997feed504c418db4c0ea1bb9585,delivered,2017-10-14 11:45:17,2017-10-17 03:49:36,2017-10-17 17:56:54,2017-10-24 16:02:18,2017-11-01 00:00:00
7d65e9176091ea193a460d908ee39737,197b14f985f4eddc23ec1ca34aace99b,delivered,2017-06-30 16:18:07,2017-06-30 16:30:19,2017-07-05 08:21:41,2017-07-08 14:30:27,2017-07-24 00:00:00
d19acda84401ddd96d382870335feb6b,d635661dadc4ceacc797f3ddb3e02b0f,delivered,2018-02-12 13:34:16,2018-02-16 08:07:03,2018-02-17 16:42:44,2018-03-06 01:04:26,2018-03-16 00:00:00
22561cc73693742c65f9e31bd0e8df08,93e314b682a2da481b45a81ccdf91ef2,delivered,2017-05-23 08:58:15,2017-05-23 09:10:17,2017-05-31 16:08:42,2017-06-12 17:13:22,2017-06-21 00:00:00
4660bb9edc05ee0d35c8aeaa896f3300,07b7a2a5a3ebe3920967901fd96c0a5f,delivered,2017-11-13 12:05:59,2017-11-13 12:15:46,2017-11-16 22:38:34,2017-11-21 17:03:32,2017-11-27 00:00:00
94f8ab9447f8eb39ed2c902712caf1bb,cae59be8fe9ba743966352a06bfb1440,delivered,2018-01-24 11:49:08,2018-01-24 11:59:47,2018-01-25 15:47:58,2018-02-02 21:52:17,2018-02-21 00:00:00
d8a8ca4fa9960f350db09ddea8861f05,5006cc988e09a726aa077517484b1191,delivered,2017-12-17 15:40:16,2017-12-17 17:13:42,2017-12-20 23:19:00,2018-01-10 03:37:43,2018-01-23 00:00:00
df96405a326379bfb427ce857d3f2e18,581e395f4d2488efa418f9d0a0f0e08e,delivered,2018-06-03 19:05:17,2018-06-04 19:12:31,2018-06-05 13:32:00,2018-06-09 14:42:43,2018-07-05 00:00:00
3ccf4608263e69b81c4735e7cabd7aae,a490a2ddb8c33828bec55cefb78f3117,delivered,2018-06-10 12:32:47,2018-06-10 12:57:06,2018-06-12 14:37:00,2018-06-18 21:32:53,2018-07-23 00:00:00
d153b78750c904577222dbe5d1c066fd,c85cb76a752240ef85eb1c51ef964fee,delivered,2017-12-14 18:14:33,2017-12-15 02:17:22,2017-12-15 18:22:41,2017-12-27 18:24:43,2018-01-16 00:00:00
99500821b9a347353e010d41c2204481,76dc7e04e0b2d035598d4d8c99d619e9,delivered,2018-06-11 17:31:50,2018-06-12 04:57:16,2018-06-12 11:47:00,2018-06-13 19:32:23,2018-06-20 00:00:00
5ca576efef06ad46cc98cb34e358ba42,5bca1d1998fd0bcbfb2d499cf1e6fb0f,delivered,2017-11-24 11:56:25,2017-11-24 13:52:48,2017-11-28 22:51:33,2017-11-29 20:13:52,2017-12-08 00:00:00
2b2021afc839498368ab00d64c9f1912,1267bc0a6f110e3e057dd92eb0163c61,delivered,2017-11-17 22:22:19,2017-11-17 22:35:28,2017-11-21 11:51:35,2017-11-29 01:02:44,2017-12-06 00:00:00
484f11db440188250fec53abd4283294,cac2887e5ce19f87ea3b5bfcc51dc9aa,delivered,2018-07-01 13:12:55,2018-07-01 13:30:30,2018-07-02 14:40:00,2018-07-05 18:24:56,2018-07-27 00:00:00
41d29c3ada71413bc68d0452a9f4e902,da322652988cfaabe9fd73dc95d5d7c0,delivered,2018-08-16 07:55:55,2018-08-17 07:50:13,2018-08-17 12:23:00,2018-08-23 19:48:45,2018-09-11 00:00:00
844b8b73a94f61b9ff8dc1e88c081365,cb39dede73ee667f5b58944fab009ff3,delivered,2017-07-17 22:20:47,2017-07-21 10:55:22,2017-07-24 10:56:42,2017-08-01 19:59:29,2017-08-18 00:00:00
e275f303e1879be6ec887af2fb5d0e3c,d1e63948af6f1051c491d33006f88e60,delivered,2017-05-19 09:30:14,2017-05-20 04:10:22,2017-05-23 13:00:56,2017-05-30 07:14:09,2017-06-16 00:00:00
b36f3343300f81c5687549dbf17aee3c,bb9ceaa5b2382421b18145b311926f24,delivered,2017-07-12 09:24:20,2017-07-13 03:05:20,2017-07-13 15:11:55,2017-07-24 22:27:45,2017-08-11 00:00:00
2799d1147975330e011d0040e6c1f964,108c277b95a45f849313ac0796f32b59,delivered,2018-07-31 12:47:42,2018-08-01 02:44:15,2018-08-01 12:39:00,2018-08-06 22:04:32,2018-08-14 00:00:00
e93728e408aedf27cdd31aaebdca3638,b2e1d8e77913616416eda2a44f3700ea,delivered,2017-07-05 17:08:54,2017-07-06 07:23:38,2017-07-07 19:37:52,2017-07-15 14:08:23,2017-07-27 00:00:00
10b4aca7d76f1ff55e0dfc750e4e0016,a6c74361455bcc767fd48b27143c01cd,delivered,2018-02-26 09:30:09,2018-02-26 09:50:01,2018-02-28 18:42:39,2018-03-27 18:32:50,2018-03-21 00:00:00
67ff64203c34a9d3f2bf38605aa66bd5,1aa313d943e1ae64bb9b33c359537242,delivered,2018-04-30 14:27:03,2018-04-30 14:54:52,2018-05-03 14:37:00,2018-05-10 16:27:49,2018-05-25 00:00:00
47f7e96d69bc1d93a7043b9d4da910ba,560e59375e38178f7c0835d9aa0c8cca,delivered,2018-05-16 01:55:34,2018-05-16 02:44:02,2018-05-18 19:00:00,2018-06-04 20:37:33,2018-06-04 00:00:00
ec3321f3f4d722104c66e3935b6f1d0f,1eed103f8b907394cdd735079da8a6c9,delivered,2017-02-12 21:24:43,2017-02-12 21:35:17,2017-02-13 09:55:41,2017-03-02 09:45:00,2017-03-22 00:00:00
312ca70771f7faab638a5aefeaaea172,4ef23a9e5190fa352f84490ee17efc3f,delivered,2018-07-18 11:10:20,2018-07-18 11:30:16,2018-08-01 15:38:00,2018-08-04 16:46:24,2018-08-20 00:00:00
1620281609b2789ef7989b3265834051,b1613a26b17d0c9daf86159797bf1cf9,delivered,2018-06-15 23:32:07,2018-06-16 00:00:50,2018-06-18 13:01:00,2018-06-19 15:41:21,2018-06-28 00:00:00
5f321b4a49def66a561530fce7c03bab,7bd90e3c2661bf832337d0c1f8837579,delivered,2018-02-15 19:50:28,2018-02-16 07:50:33,2018-02-22 21:04:46,2018-03-07 19:04:22,2018-03-02 00:00:00
c24d5cfbabc3f3d25c944b62f3501bc2,6f31890dab6b8c8287e5a0d7a58c7302,delivered,2018-03-08 09:42:51,2018-03-08 09:55:32,2018-03-08 19:20:42,2018-03-14 01:52:29,2018-03-20 00:00:00
ba0a364cb39fced1809a921478499aa2,78783cd0f4085749b3c1b5eb9abc6d09,delivered,2018-06-27 10:08:49,2018-06-27 11:06:34,2018-06-28 14:29:00,2018-07-05 22:28:40,2018-08-06 00:00:00
9562a9640c9bea4e43a21cac378d8781,5b826d45bac1f4475b031f62e649668c,shipped,2017-05-06 19:58:48,2017-05-06 20:10:15,2017-05-10 13:03:24,,2017-05-31 00:00:00
517edfde8ef25f2a7f7da80e82c77c27,8699d0149c8c7df92b6a8c3c0a272639,delivered,2018-01-05 09:57:09,2018-01-05 10:09:37,2018-01-09 17:51:52,2018-01-23 16:02:56,2018-02-14 00:00:00
a7de1e9511d55d23769ec956fbfe66a9,8d6d565a25780b89431c626e4623259b,delivered,2017-04-04 23:52:03,2017-04-06 02:46:08,2017-04-12 14:18:03,2017-05-15 08:59:48,2017-05-10 00:00:00
d1936bb071d6e11d422953971e927cce,67e07b82c21be1ff6a01781a136d127a,delivered,2018-01-26 01:17:17,2018-01-26 01:36:34,2018-01-26 17:36:28,2018-02-05 17:53:19,2018-02-19 00:00:00
723f134709c05ce129d5e45847a1be3a,49c3d6099eea27d72bfb0aa0a52f6a87,delivered,2018-02-18 18:58:10,2018-02-18 20:26:48,2018-02-19 20:29:58,2018-02-21 13:15:07,2018-03-06 00:00:00
9561a9943b36636b3756df14b0aa72fc,561e1c8920d1c28000d4dc7e94edfbf6,delivered,2017-07-19 08:55:10,2017-07-19 09:10:18,2017-07-20 13:29:38,2017-07-22 11:42:53,2017-08-01 00:00:00
3d1f855ec049b6a053eb6bd7aa3d19df,816a87e60d13ec9087b3d07a5e0fa654,delivered,2017-10-16 11:08:56,2017-10-16 11:27:26,2017-10-16 22:26:47,2017-10-24 17:29:57,2017-11-13 00:00:00
3b6f2bb4fdd0cd8b7b28696a70e0acc2,c4270f9c273e2970e913382fac6e20ed,delivered,2017-11-26 23:40:09,2017-11-26 23:53:37,2017-11-29 20:04:46,2017-11-30 16:52:39,2017-12-11 00:00:00
7b47cd1ed3f005eeff2bea8a9c18fae7,29b9882a15ca2a894fdfbcbf4e66325b,delivered,2018-02-05 10:50:28,2018-02-05 11:13:02,2018-02-07 00:12:30,2018-02-23 17:07:12,2018-03-09 00:00:00
6ab3d725c7575fd524f046d5057a44da,a261571e982fcbdd11ed1e4814f709df,delivered,2018-02-01 14:15:08,2018-02-01 14:29:12,2018-02-02 18:36:18,2018-02-08 22:23:05,2018-03-02 00:00:00
366b4b0bfae819ac43feb2b2ef5821e8,7190c53ba54025067bfe7b212fdfc8b4,delivered,2018-06-24 13:21:50,2018-06-26 05:15:19,2018-06-26 15:25:00,2018-07-02 16:22:17,2018-07-20 00:00:00
60d87c3a8975a3933f54d91664de9a7a,cb14df7a6a93ae67b6b89d0debab1326,delivered,2018-08-16 00:32:20,2018-08-16 16:39:43,2018-08-17 12:03:00,2018-08-21 10:32:17,2018-08-27 00:00:00
f19bd634b5b6ef35a112602a933e9cc4,344a93991158c917a840a7c70dbc0a46,delivered,2017-11-28 16:25:02,2017-11-30 02:22:20,2017-11-30 21:31:57,2017-12-01 19:08:47,2017-12-12 00:00:00
86094cf4e776979d2305a73969320bb9,58141056219410baed43847ba2cb0928,delivered,2018-03-06 10:02:40,2018-03-06 10:15:35,2018-03-13 00:17:31,2018-03-19 18:47:05,2018-04-03 00:00:00
b461f0f8c7be357bc05c14cd986305ca,60e6513bf216e72ddd1979f81a2945c4,delivered,2018-06-09 11:53:43,2018-06-09 12:20:11,2018-06-12 14:20:00,2018-06-14 20:18:24,2018-07-04 00:00:00
ccf1f49fad1e7cc6c926b067a0cfea00,1e8cf2e3b4f313dcc79f5dd092220f60,delivered,2018-04-23 18:03:27,2018-04-24 18:38:35,2018-04-24 18:18:50,2018-04-26 02:46:51,2018-05-03 00:00:00
287c1aa07bb73d458030893e16ed9312,79ce39c174104d81e55e38e2912d437c,delivered,2018-06-20 15:28:37,2018-06-20 16:01:21,2018-06-21 08:46:00,2018-06-22 14:08:30,2018-07-03 00:00:00
c659935fdc19ef6b13aa33fb990a2f81,3492a938c440c581be2cba2e6b56222b,delivered,2018-07-18 16:46:57,2018-07-18 17:05:13,2018-07-19 11:30:00,2018-07-24 19:32:39,2018-08-02 00:00:00
02bbf7328b514a90bedde6541c213811,0922b25ec5945d89980e65bde3d38f51,delivered,2017-04-05 14:33:07,2017-04-05 14:45:16,2017-04-06 15:43:05,2017-04-10 14:12:40,2017-04-26 00:00:00
3580fbd460098a41fb19ad93e010e638,01016b17e79a0a428384c6916b426aed,delivered,2018-02-26 17:40:12,2018-02-26 17:55:33,2018-02-27 22:09:29,2018-03-26 21:42:17,2018-03-22 00:00:00
b5cfa6f99f4b2a76614484c0dfc6bcd5,3d3c806e48c5fedc9db509c647842c5c,delivered,2017-04-20 00:28:39,2017-04-20 01:05:58,2017-04-25 09:45:50,2017-05-08 11:40:28,2017-05-25 00:00:00
caa18d06d1387d719412906fd4cb2063,861f08d323559a297fdde819d7e702bd,delivered,2018-06-22 15:17:37,2018-06-22 15:38:34,2018-06-25 14:17:00,2018-06-30 13:14:51,2018-07-16 00:00:00
deefc8712615b2422c59328bbcba7211,9e805b75d4ed5080a57a3910d09276f8,delivered,2017-03-17 21:18:04,2017-03-17 21:18:04,2017-03-20 09:57:25,2017-03-28 16:17:10,2017-04-07 00:00:00
bd25d6ca53135c74689cd7adae87506c,d1c7f292317699dc2a6c186df1d4ec33,delivered,2018-01-05 19:04:27,2018-01-09 07:16:59,2018-01-26 19:12:39,2018-01-29 22:34:04,2018-01-23 00:00:00
6feb1191d85c6196e2dde76966fdb45a,c06c587a571e55dfa11441f4a93a822c,delivered,2018-01-13 20:31:15,2018-01-16 03:35:46,2018-01-17 13:09:54,2018-01-31 14:22:08,2018-02-16 00:00:00
67ca959c49356f3b0b6ec2b340cabccf,c1ff6f7675e7a6e99ddefdf9c2636118,delivered,2018-01-15 08:39:00,2018-01-16 03:50:18,2018-02-26 19:37:19,2018-03-10 11:28:40,2018-02-14 00:00:00
54124d9826c024b4b20d530b6bf4d6ee,dccdf9c858cf2a30d65e220f903afcc6,delivered,2018-05-21 18:18:25,2018-05-21 19:16:08,2018-05-22 15:17:00,2018-06-05 10:58:49,2018-06-14 00:00:00
8f836421e8adb99ac1f8075c27949f7c,46fa9624d8685c23181067afeb9d39f2,delivered,2017-07-17 21:16:37,2017-07-17 21:25:10,2017-07-19 17:39:44,2017-08-03 16:05:52,2017-08-08 00:00:00
fdbe86571218c28f0e4259b726b1bd0b,0eaa821dd1e028e0076b3b1b52b925fa,delivered,2018-04-22 14:04:10,2018-04-24 17:13:10,2018-04-23 19:17:32,2018-04-28 19:34:58,2018-05-17 00:00:00
e01023596310bc78e2726329569e3d21,75b6f2177527893e0fa037a3f3b51750,delivered,2017-11-04 18:01:05,2017-11-04 18:10:24,2017-11-07 18:44:53,2017-11-13 22:46:52,2017-11-27 00:00:00
26ccd00e36dcb6270f76feff4f6dd560,4b14bf7f9a0fd13d8e7073cd3de6b3e7,delivered,2017-11-27 20:02:16,2017-11-27 20:18:44,2017-11-28 22:25:02,2017-12-01 13:27:34,2017-12-15 00:00:00
20415fe2d2bbc0e8cd136855c2d3f149,20eda7fbcb57c4fc74b34177112e0ba3,delivered,2018-06-07 17:42:46,2018-06-07 17:59:06,2018-06-08 15:09:00,2018-06-11 22:35:37,2018-06-25 00:00:00
6366ce592c90a36450778259cb163cc5,2879382709b32eba5901afcb5f2b3b65,delivered,2018-08-02 15:58:56,2018-08-04 04:10:38,2018-08-07 14:06:00,2018-08-20 17:52:56,2018-08-15 00:00:00
b71a346a5ffc19181e7d858997b31360,d7807626037093a489ab8dd97adca42e,delivered,2018-03-18 07:12:03,2018-03-18 07:28:17,2018-03-20 00:51:05,2018-03-22 20:33:22,2018-04-11 00:00:00
45e6fe309ebb856da45864abb8c53ff9,8a559a1732fcb3e7873b5a56267568c3,delivered,2018-06-15 12:27:09,2018-06-15 13:41:00,2018-06-15 14:07:00,2018-06-18 18:26:38,2018-07-13 00:00:00
7fe2184e6a2c80fe87a7ec1008364829,b2587a3b676c761cdc67e28ebae0a8fd,delivered,2017-10-16 15:55:43,2017-10-16 16:08:18,2017-10-17 17:56:56,2017-10-20 14:25:00,2017-11-01 00:00:00
626add0c9183e7802564bf732e183dd1,60479a632599df7b8bbb349bf4399d5f,delivered,2018-05-05 11:00:30,2018-05-08 03:55:32,2018-05-15 19:03:00,2018-05-18 17:32:21,2018-05-17 00:00:00
e35e63b98848e494f75ce91dbef9cf11,96ea57fa9cfeebd7fa51c5cc238c6126,delivered,2018-06-28 15:24:35,2018-06-28 15:51:37,2018-06-29 12:50:00,2018-07-04 23:31:51,2018-07-18 00:00:00
adb029a9e8ea33a3451d05c43f495905,a75491ead2b5fa442815f856912b31e2,delivered,2018-04-30 11:28:41,2018-04-30 11:51:15,2018-04-30 16:03:00,2018-05-02 18:07:33,2018-05-15 00:00:00
13ff6e8d3b4edc9c04197d2945488442,1e5de4c68af6db5151b970cd48dde46e,delivered,2017-03-19 10:13:18,2017-03-19 10:13:18,2017-03-20 11:16:42,2017-03-24 14:43:40,2017-04-06 00:00:00
894f91c1c79ed1df3d678edb9970e88a,86026411ceb03f946a2ee941191ee906,delivered,2018-01-07 16:58:20,2018-01-07 17:07:10,2018-02-14 20:36:32,2018-03-01 17:52:32,2018-03-20 00:00:00
4307e89df5cb485b0b67e0f91025703f,4ef9da47696b0911b817923eece66552,delivered,2017-05-18 15:32:14,2017-05-18 15:42:35,2017-05-19 09:28:00,2017-05-26 14:39:24,2017-06-09 00:00:00
9fa27c6b7743512d1d967acfa2301a00,5b8c0cfaa1c0eb993a464dc9d9d0384d,delivered,2017-08-08 12:22:23,2017-08-08 13:20:09,2017-08-08 19:20:15,2017-08-14 20:39:57,2017-09-13 00:00:00
52aec34b3aedb6f8fd1196c22af30834,bc0dcfebed0d1e25368598f3211470df,delivered,2018-05-07 20:21:31,2018-05-07 20:35:23,2018-05-10 13:27:00,2018-06-05 19:33:19,2018-06-05 00:00:00
4509039a1ebb56dc11e06c719432b76f,97795c829cac9e27181af4d67c47c7fc,delivered,2018-03-02 10:27:14,2018-03-02 10:49:59,2018-03-06 20:12:46,2018-03-29 01:17:32,2018-04-09 00:00:00
dc103edeb857e3480e63f64cd8f7411b,6fc625da2b7ec57da6deb70a50cf50bc,processing,2017-09-23 11:23:43,2017-09-23 11:35:23,,,2017-10-24 00:00:00
8e3ab8811f9c3a04413aa4e14f84b872,6255375724659cd90a2cefe829af62c8,delivered,2018-02-28 13:08:04,2018-03-01 02:48:56,2018-03-02 20:15:07,2018-04-10 22:41:47,2018-03-26 00:00:00
a47bf2de96db0109440cc21208edcc4f,0875fa3920dc15daafa737cbfa1392e2,delivered,2018-03-08 04:03:00,2018-03-08 04:15:27,2018-03-08 18:51:37,2018-03-14 18:51:56,2018-03-27 00:00:00
d3b4696e5703c926ee140816dd2a5e37,378645474a773554c43bd3bae5ae7ffa,delivered,2017-05-02 06:47:24,2017-05-03 11:25:58,2017-05-04 12:58:04,2017-05-18 06:49:49,2017-05-23 00:00:00
e3d8160bbec52fde1232633f278d8626,c3402110088600cb6dc91977d1e53955,delivered,2018-06-24 09:25:23,2018-06-24 09:56:24,2018-06-27 11:25:00,2018-07-06 16:16:18,2018-08-09 00:00:00
9d9f932c7a747d08ec9b2c5e3e0ffa84,76d3872c6c68b6e86f64d0c63f54731a,delivered,2017-07-05 21:21:07,2017-07-06 06:45:22,2017-07-06 13:47:44,2017-07-21 18:47:53,2017-08-07 00:00:00
4ca93a3dd92c3b6871bd6ebad444a518,a3fd157f7e33775466211eef291866b8,delivered,2018-07-10 09:00:06,2018-07-10 09:15:08,2018-07-10 15:54:00,2018-07-13 17:08:55,2018-08-07 00:00:00
a16737dba8d598dafad8bf6542bef687,6e1a86d11257e641e07719f9ef0e401e,delivered,2017-12-13 10:11:17,2017-12-14 17:31:57,2017-12-15 17:48:42,2017-12-18 14:38:32,2018-01-02 00:00:00
6d21ed7585cca6643688d729d0cdfce6,363fdfe27ca1b8ab15eefb9adf941c37,delivered,2017-09-13 19:17:04,2017-09-13 19:30:17,2017-09-14 19:46:48,2017-09-21 20:48:38,2017-10-05 00:00:00
36e2905ab14ea657095b38b36727ad07,ecf15a4ce074b969c7085a5e2675f3ad,delivered,2017-10-20 17:41:14,2017-10-20 17:56:34,2017-10-25 11:53:09,2017-11-29 15:35:14,2017-11-16 00:00:00
b71252e0550c2a38a915c48e7e62789e,1ce7c8ae85f9c75f2941b5f3630a2ae1,delivered,2018-01-16 21:50:55,2018-01-16 21:58:40,2018-01-22 23:58:50,2018-02-09 00:33:58,2018-02-22 00:00:00
9c3059c9036686226d8c445338bfdcc1,b66c181dc925982fab4b74e0e0fd5122,delivered,2018-08-20 09:22:38,2018-08-20 14:51:56,2018-08-21 13:09:00,2018-08-24 22:32:44,2018-08-29 00:00:00
c2911ae423d7c8d3766951c51723af34,1eb9da3b7693eaaba1fd3cfbd4d40b38,delivered,2018-06-27 15:40:20,2018-06-27 15:55:11,2018-06-28 14:48:00,2018-07-03 17:58:32,2018-07-26 00:00:00
bc10788436288a29d001a6ec0e76f677,dc4158ce77a389b5672ae596ee0da730,delivered,2018-01-15 22:32:45,2018-01-16 13:55:31,2018-01-18 19:13:37,2018-01-25 22:10:18,2018-02-02 00:00:00
46b6741ad3894b35c9345747e8a326a3,1f8f1074660df76525ee98ce30443b88,delivered,2018-01-25 17:46:01,2018-01-25 17:54:29,2018-01-26 11:39:51,2018-02-07 22:15:47,2018-02-19 00:00:00
52f89521400b32703e434cd646403475,028c802f8a68efdad4e27931e37e859b,delivered,2017-09-05 18:44:06,2017-09-07 10:33:21,2017-09-08 20:27:55,2017-09-14 20:37:26,2017-09-22 00:00:00
3e776417570f21480752629ab325af0a,901ab2808034698c2243e3f9c2dd600c,delivered,2017-10-24 13:51:32,2017-10-24 14:06:35,2017-10-26 12:15:36,2017-10-31 21:27:54,2017-11-13 00:00:00
78ff4e2150a4d62c899729924518c667,fdcd4f45e64fb171ac37d17e86921672,delivered,2017-12-04 15:07:09,2017-12-04 17:07:57,2017-12-06 16:59:12,2017-12-21 17:44:23,2018-01-08 00:00:00
692f4207d359fbf24d641b1470721130,eb7da1cd8b8d48a43fdb3d86f34beff4,delivered,2018-06-04 12:10:06,2018-06-04 12:31:17,2018-06-04 11:04:00,2018-06-21 21:56:34,2018-07-17 00:00:00
8d23fb4e17833d8bf866d3ae3481a3cd,6e1291c1d47555fbfbf4fcfbfc13fb17,delivered,2018-07-24 08:48:10,2018-07-24 11:23:57,2018-07-27 14:12:00,2018-07-31 11:16:41,2018-08-14 00:00:00
25c3705135caa85f274dc20b48e13104,b36c7156c67dba47caf8b45b81ce7c29,delivered,2017-11-26 22:26:04,2017-11-26 22:37:28,2017-11-27 12:44:09,2018-01-03 18:09:05,2017-12-27 00:00:00
3e22362ff8073375db0a40770f897f7b,dbcf0f4003459921b6ee8298d3fbd73d,delivered,2017-11-13 23:07:17,2017-11-13 23:16:05,2017-11-14 18:47:10,2017-11-23 20:07:00,2017-12-13 00:00:00
5ea87cd245f8b1b4948bda755b188b98,712d389aa813610d1abef424f660118f,delivered,2017-11-27 16:27:06,2017-11-27 16:39:52,2017-11-29 13:36:39,2017-12-18 13:22:46,2017-12-22 00:00:00
95f5c913e50f7b1edfe05e8a38ba88d4,031cb9fac5344bf6def68aacea5eafec,delivered,2018-02-17 19:01:38,2018-02-17 19:10:31,2018-02-19 23:12:12,2018-02-26 18:43:09,2018-03-19 00:00:00
fb12ff6f5be15ffae684b3cc37abdf24,72f24bfed37917f0582eef35300edfce,delivered,2018-01-11 22:24:15,2018-01-11 22:34:24,2018-01-12 14:54:53,2018-01-23 19:19:13,2018-02-09 00:00:00
71c5d16c2149894838dfbb922947cafd,1050cf3840c2e8ec699c850f1b36c767,delivered,2017-05-21 23:14:29,2017-05-23 03:35:14,2017-05-24 15:56:55,2017-05-31 18:17:50,2017-06-09 00:00:00
780d2033f54e261503435dd8a2873909,8639b075755e125011bbdf07da15f178,delivered,2017-08-16 20:23:46,2017-08-16 21:45:38,2017-08-21 13:56:47,2017-08-22 18:04:38,2017-08-29 00:00:00
840ce4344469adc0ed090ea6de49e6f8,10380cd082f966292ee4e02f71bcc91f,delivered,2017-11-26 15:29:33,2017-11-26 15:54:37,2017-11-29 17:48:48,2017-12-15 00:09:22,2017-12-20 00:00:00
e47696af59942143e9e58d36f8a036a2,4b3b94241a1988685ede1e51288b985d,delivered,2017-10-13 14:14:14,2017-10-13 14:46:26,2017-10-16 19:42:21,2017-10-18 20:38:36,2017-10-25 00:00:00
5be3e2ea8dccd8c98b2efd063627a10a,38ec435a57977a6b11afffc1c109a5c7,delivered,2017-09-14 11:04:24,2017-09-16 10:25:16,2017-09-18 18:19:58,2017-10-04 20:48:43,2017-10-11 00:00:00
c14323552816050d396da49c9f23ae1e,7cb980ea48f7332f0c397cce1a900e59,delivered,2017-11-26 10:24:33,2017-11-26 10:36:23,2017-11-28 22:21:57,2018-01-03 17:24:01,2017-12-21 00:00:00
4d06a731cdfaf790a65798f65ec6ccab,23d98526b606143a1b0ac1bae2457bfc,delivered,2018-01-24 09:13:19,2018-01-24 09:39:28,2018-02-01 00:46:58,2018-02-05 17:11:54,2018-02-23 00:00:00
129b63bc323d7b5b2965a143b2e72cc7,b1aa2abda32e707cb5c7ab57203e4fec,delivered,2018-05-30 14:33:24,2018-05-30 14:57:24,2018-05-30 14:33:00,2018-06-08 13:58:41,2018-07-05 00:00:00
a7574f814a7edc20c97765b6086735ba,4ec96f8e20985196e4bf474a65293adf,delivered,2017-12-05 23:12:11,2017-12-05 23:30:14,2017-12-08 14:53:19,2017-12-18 20:47:05,2017-12-28 00:00:00
cf319c0d69f01423a802cc9a95212e3e,9257e7f34e66593a7e9fe6b654e38044,delivered,2017-08-12 21:46:31,2017-08-12 22:03:53,2017-08-17 21:53:32,2017-08-29 23:22:41,2017-09-14 00:00:00
7ae184e266d3d177c278f71f228b5ec6,670e4a4f769d3645007a5ece3e9a7c2a,delivered,2018-02-23 22:43:33,2018-02-23 22:55:23,2018-02-27 00:49:08,2018-03-22 18:32:48,2018-03-22 00:00:00
49646cc607d966ad032b9657f07aacfd,d44cd2f8ecb3ef1eb66441776c1cbbf8,delivered,2017-12-06 14:45:21,2017-12-07 15:32:05,2017-12-08 16:37:34,2017-12-17 16:48:32,2017-12-29 00:00:00
a795d23a5dda16a79cabe752ef263cf7,97091f48563cf12e2e81034e5e6f124f,delivered,2018-06-19 18:59:37,2018-06-20 02:55:35,2018-06-20 14:18:00,2018-06-25 18:36:59,2018-07-12 00:00:00
793fa5780240b76760e4ddac10cfe540,4e086f7e9dc0292c1e8e9e5aba786313,delivered,2017-12-08 09:35:32,2017-12-12 04:09:11,2017-12-14 21:35:17,2018-01-03 18:13:00,2018-01-12 00:00:00
383d164e3fb3bd64ffdc196f34f2d8a1,15c0394dfabecf5cd991c5bcdbfcf3dc,delivered,2018-07-13 11:30:23,2018-07-13 11:44:09,2018-07-16 10:58:00,2018-07-20 15:13:56,2018-08-02 00:00:00
3908d6bd42f21f56dd7cabf2797b5b0d,f5fdd55b3554912a678918dac3f16dc5,shipped,2018-07-22 23:45:00,2018-07-23 12:31:35,2018-07-24 11:02:00,,2018-08-09 00:00:00
82383d6d5aa835a4c02cf0c9d56895ce,ac96fff137547e21caa549300bfae114,delivered,2017-04-02 19:28:19,2017-04-03 17:15:08,2017-04-05 12:22:01,2017-04-10 11:19:57,2017-04-24 00:00:00
9553913bb01853f78a265724d13eda3a,0da511c15dd976bb8df4ece33cfc38dc,delivered,2017-02-23 23:49:22,2017-02-24 01:05:27,2017-03-01 14:53:57,2017-03-07 09:38:54,2017-03-20 00:00:00
0cb3c0cb279f04b99a10ac141fa8586f,dc89e323825a3ce463ee55c80e2288bb,unavailable,2017-03-06 13:20:19,2017-03-06 13:30:17,,,2017-03-27 00:00:00
d18941a914e7a203e714a20432c05a35,dbc9d5f0f7b887d9ff2a335aa790e5c0,delivered,2018-03-05 09:46:44,2018-03-05 10:09:29,2018-03-06 00:23:08,2018-03-07 09:32:33,2018-03-15 00:00:00
a8fe5267370ed0ed458f4fc1a032bf7e,30439b4195a59628af126119eea46514,delivered,2018-07-24 16:02:10,2018-07-24 16:40:09,2018-07-27 14:12:00,2018-07-31 20:20:38,2018-08-14 00:00:00
febcaeb2fad6add5829ac1d090ac26be,41a84693075e67aa8f408fb362532bd3,delivered,2017-04-19 14:02:05,2017-04-20 02:50:10,2017-04-20 15:47:34,2017-05-02 17:56:33,2017-05-10 00:00:00
9177fe6f8c324410d13aac7a2ac35f33,be3f869e5f23c9a78825aca606db919d,delivered,2017-10-10 14:34:01,2017-10-10 15:50:25,2017-10-11 22:22:24,2017-10-20 12:56:16,2017-11-13 00:00:00
e86b5488ccde343ba8b2e2c72eaa74df,8072fe56abb47a1b7d193a7ee5eac857,delivered,2018-04-16 14:55:57,2018-04-16 15:12:38,2018-04-17 23:42:16,2018-04-20 16:50:49,2018-05-08 00:00:00
ba207c0bbc57d7da1d6ef7ebc895fec4,f96fcb934eb3b01321a00d5a271215cd,delivered,2018-06-14 07:49:19,2018-06-14 08:16:48,2018-06-18 15:04:00,2018-06-25 19:08:40,2018-07-17 00:00:00
1706a936242c6f493108524653bb81a6,e75cb50ef20e994f32b103533e1104c9,delivered,2017-08-02 10:36:10,2017-08-02 10:50:29,2017-08-03 18:09:55,2017-08-04 20:11:58,2017-08-22 00:00:00
d31eb970bb1acce19ffa95359ac4de15,18796ca7e8c4ac5d37266b3015a4de85,delivered,2018-07-02 09:10:01,2018-07-02 09:30:31,2018-07-03 12:41:00,2018-07-06 18:44:35,2018-07-23 00:00:00
ae6bf543002a1635b6158f90b3fcdeb7,4b8449f6f267ff67d74a83a4441dd7b5,delivered,2017-04-22 14:44:46,2017-04-22 15:01:38,2017-04-25 08:23:10,2017-05-05 15:06:01,2017-05-12 00:00:00
1ad1ca4550bd6dbd299d8538a86e5400,30f9adf897b5a65c80f9a9fb5bd03234,delivered,2017-04-01 09:50:09,2017-04-01 10:05:10,2017-04-03 12:57:58,2017-04-06 13:28:47,2017-05-03 00:00:00
0ae310aba8893f64631cffc380d5db8b,d014f11f50846fbe717e15184b8f0b31,delivered,2018-08-10 16:23:39,2018-08-14 04:50:30,2018-08-24 13:50:00,2018-08-27 16:37:26,2018-08-29 00:00:00
9ec0685021a7d9f772fe98f38a090b47,8e646577bb113d5a94d2a4eb50d1ee01,delivered,2017-12-16 12:35:13,2017-12-16 12:55:32,2017-12-20 13:37:14,2018-01-03 20:32:29,2018-01-11 00:00:00
fde8ba9ac93d634f0221d048bae1dcf3,8e8100cecf5d8edee177276a3006d02a,delivered,2018-02-21 23:12:46,2018-02-22 23:28:23,2018-02-23 19:04:41,2018-02-26 15:03:42,2018-03-07 00:00:00
85fb2e780af6d2ef3dcf0510d609c40d,394c6447e3d17c78ecd127f7734463a3,delivered,2018-02-26 14:52:41,2018-02-26 15:15:40,2018-02-27 17:14:26,2018-03-14 00:21:27,2018-03-22 00:00:00
e573bcbd71e063eb151e44500cd89360,9b6d99e4fad63c0af01caa003bf8227b,delivered,2018-03-07 13:46:57,2018-03-07 14:09:09,2018-03-08 19:04:37,2018-03-26 17:45:40,2018-03-23 00:00:00
ec34bd0a791739da564496a38882264d,624749036bfae442781324f12b6b2b39,delivered,2018-02-21 17:51:40,2018-02-21 18:10:01,2018-02-22 18:23:47,2018-03-06 21:59:20,2018-03-23 00:00:00
494a9c2e25b72a3d3ba5c1a4adb9c421,b2e01250b17d8fca9d35ea77baabbe15,delivered,2018-08-20 22:09:12,2018-08-20 22:29:30,2018-08-21 10:29:00,2018-08-25 22:03:50,2018-09-05 00:00:00
d3514b69ed01da5883fcaaabfe29453b,b7ebbdfdbca5c7d51cef656d8e440da2,delivered,2018-02-15 12:00:02,2018-02-15 12:15:32,2018-02-16 14:39:33,2018-02-24 13:13:27,2018-03-12 00:00:00
5b738ce26271347810fcc1f0b853fdb5,b0d1abe142f1ec821ee552bbbc810db4,delivered,2017-10-19 01:53:12,2017-10-19 02:18:26,2017-10-20 16:06:38,2017-11-01 23:34:54,2017-11-14 00:00:00
2608e8f1fa4c7e37526b68e2fd2e6d10,519a15e6969240c16ef4437b4c650dca,delivered,2018-03-22 10:59:41,2018-03-22 11:15:51,2018-03-23 22:39:39,2018-04-03 14:28:48,2018-04-16 00:00:00
6afe12e2152d9339a25453d2d45003f9,dd0f18b4fe0b74763df877469e7569f2,delivered,2017-06-03 14:47:42,2017-06-03 15:02:25,2017-06-05 13:52:57,2017-06-13 15:44:11,2017-06-28 00:00:00
c9cf685a5970016a369f50c8f42e87b9,3c65db2e0ff1b2c65304964e61bdf190,delivered,2017-02-10 16:11:04,2017-02-10 16:23:07,2017-02-13 01:57:38,2017-02-15 13:07:38,2017-03-17 00:00:00
33b7a15ce8edde0ee1be98069f2f5fc7,8a7885bcb5c0606ad22f2629a9182593,invoiced,2017-08-31 23:17:32,2017-08-31 23:30:11,,,2017-09-14 00:00:00
e9f5a7b6ba6d2c2d62ba0ad5109453f8,140727696844603ee336dae15c30fdf6,delivered,2017-11-05 00:51:56,2017-11-05 01:40:20,2017-11-06 22:05:19,2017-11-22 22:16:56,2017-11-30 00:00:00
4361f88ae145c06b0eaec9d443ca1253,07b4d9c2c43df16aeba881eb2d83d5f9,delivered,2017-06-25 17:59:08,2017-06-25 18:10:07,2017-06-30 16:55:48,2017-07-12 18:13:56,2017-07-24 00:00:00
0ab14c7f000642be91d882357d38b8cd,2323ebd900ab72b5f72753720d4a773d,delivered,2018-05-08 19:50:04,2018-05-09 03:51:45,2018-05-09 14:06:00,2018-05-15 20:02:44,2018-06-04 00:00:00
a9d21182da34ce17091420d35f22834a,0c5eb0e9e15cf4e836c7188ece714fcc,delivered,2017-08-23 14:20:25,2017-08-23 15:07:11,2017-08-25 19:03:28,2017-09-06 19:45:42,2017-09-20 00:00:00
482da3676133323daf4d73c1125ed257,1dfdb42bfd4f2398238591ee6237c348,delivered,2017-07-08 03:17:37,2017-07-08 03:35:25,2017-07-11 17:04:38,2017-07-20 21:03:14,2017-08-04 00:00:00
f37bdf37547266e7d6760e52bc87dfe3,8860eda9f0c775c17cf854564eab3418,delivered,2017-07-25 16:49:56,2017-07-25 17:03:22,2017-07-26 14:37:38,2017-07-27 21:34:07,2017-08-07 00:00:00
bda2bdc90adfc917e17c05a6612ddc63,1bd51f72963d849adbe7640fa2070952,delivered,2017-05-11 05:57:16,2017-05-12 02:55:23,2017-05-15 09:05:11,2017-05-20 12:57:53,2017-06-05 00:00:00
12582224cebac18145db6690144db314,5b2753ef501369b29a72df5ea1b68139,delivered,2018-07-30 14:57:33,2018-08-01 16:31:30,2018-07-31 19:02:00,2018-08-01 23:12:46,2018-08-08 00:00:00
5f1ade32bfea596b4d1ef813fa5afb72,a0522bb0aa2334c442b05fe4c48eafa4,delivered,2017-11-23 04:01:05,2017-11-24 03:09:55,2017-11-24 22:11:09,2017-11-27 18:24:25,2017-12-05 00:00:00
a92eaaebe6f960031fa903ce6be59458,964a33cad7562c3cecdda9ce8edb33c3,delivered,2018-04-11 16:07:36,2018-04-12 16:09:36,2018-04-13 19:33:32,2018-04-23 16:22:54,2018-05-21 00:00:00
0890110313bd12b08169c1b6bd56bf4d,06f8cc01ccc3b88ee6727ab815eca7c9,delivered,2017-12-03 18:12:23,2017-12-03 18:32:17,2017-12-04 20:12:17,2017-12-14 15:37:13,2017-12-20 00:00:00
a2ca5377628d6a20bacb91260767bb69,69ad2710e68c0c7cbd5ed2e76ccf0ada,delivered,2017-11-26 17:10:03,2017-11-28 03:32:45,2017-11-30 22:34:48,2017-12-13 17:42:37,2017-12-20 00:00:00
7e0daf18179403f72436b21a1684a047,296d217e9be3aab5ddf01a7e26102458,delivered,2018-02-27 09:52:42,2018-02-27 10:28:49,2018-03-12 18:38:38,2018-03-19 20:58:46,2018-03-21 00:00:00
7ed963a87535f8fe1d31b16eefecce7b,bab64fc4c1b4618e9466c1c88f74973a,delivered,2018-08-16 13:52:25,2018-08-17 03:15:11,2018-08-17 16:47:00,2018-08-21 00:31:53,2018-08-21 00:00:00
accf01093c34d22b41b9ac3fc0fa8894,ecc64422fc766ad378ac0123d5e64df6,delivered,2017-10-16 17:44:47,2017-10-16 17:56:29,2017-10-17 16:56:44,2017-10-25 18:17:44,2017-11-10 00:00:00
ceeba269d5bac0789567137ac2e6d57f,6fb5713936cb9444969c88b385cc74fa,delivered,2018-08-18 20:06:13,2018-08-20 13:09:51,2018-08-27 14:08:00,2018-08-28 16:06:31,2018-08-28 00:00:00
c3d312efaba704532c277f632796b258,12be4a33e498e84ceaaceceb1590df29,delivered,2017-11-05 15:14:56,2017-11-05 15:26:12,2017-11-07 14:41:18,2017-11-14 22:42:51,2017-11-24 00:00:00
e23c2f015311b3a6b0c33082a2bd4da2,7affabc7784fc1c26db3371a0d46d69d,delivered,2017-07-21 15:52:45,2017-07-22 02:15:13,2017-07-24 16:22:24,2017-07-28 19:25:26,2017-08-10 00:00:00
7fa33625c8f2f1261457912cf60077ad,5a15f2faee1402a7a587641c107b5e10,delivered,2018-04-01 15:17:56,2018-04-01 15:30:09,2018-04-03 14:32:59,2018-04-10 00:37:36,2018-04-23 00:00:00
6584fc3ecce7158ef3a687466cfa1bb6,faadcdc4566112a40490c1d6a254d22d,delivered,2018-04-30 01:23:17,2018-04-30 01:50:08,2018-04-30 15:14:00,2018-05-02 19:41:37,2018-05-16 00:00:00
1aa720b6963ff9b4b5bff9bc48b49a89,a0c6454f5412428aa4c023e32c08ef4b,delivered,2018-02-07 01:24:27,2018-02-07 01:35:21,2018-02-08 20:12:26,2018-02-14 18:11:57,2018-02-26 00:00:00
8f118ea8f1f2d5c3e18488776e2caca0,37204dce6176388ecac98abaa15b2b47,delivered,2017-10-19 13:58:09,2017-10-20 09:28:11,2017-11-22 22:42:44,2017-12-01 00:18:32,2017-11-09 00:00:00
e11041ba5d434c8bcb7640e75a52f106,446540c9ca2417bd019af1774d7e0dd8,delivered,2018-06-01 09:26:53,2018-06-02 03:11:38,2018-06-04 13:51:00,2018-06-13 21:08:39,2018-07-13 00:00:00
d90d49263be4b2c4af68184313640fa6,6641298d321d22e65eb566f75c79babf,delivered,2017-12-18 18:03:42,2017-12-18 19:35:20,2017-12-20 21:13:00,2018-01-17 17:38:25,2018-01-16 00:00:00
4daf6e58465b705648162ccaa80a9ce1,d387ac3ed97114d37e10e8c6a5949341,delivered,2018-05-16 09:55:57,2018-05-16 10:12:41,2018-05-16 14:08:00,2018-05-21 19:04:18,2018-06-11 00:00:00
dfab4854076442f7a5a0e322ea7b6a5a,8b6f2427e98e7c98770f5edbf05e696d,delivered,2017-11-09 21:18:39,2017-11-11 14:10:34,2017-11-14 21:57:01,2017-11-21 18:58:53,2017-11-29 00:00:00
8b0bfe5491af8bcf2015a54522f50a9c,6f81dd1ed6edcdbab286f2604af545b3,delivered,2018-08-01 15:56:40,2018-08-01 17:04:04,2018-08-08 14:38:00,2018-08-17 12:08:47,2018-08-20 00:00:00
0bdb173bda4bf7e4109fe707c309252a,35e78cde5b0035c5619904e902c385d7,delivered,2017-12-01 01:54:12,2017-12-01 10:31:10,2017-12-04 16:03:09,2017-12-09 15:32:40,2017-12-28 00:00:00
ab260012c90cd3ee59bb8d18b97b851a,566782b45e70b898cfccd745e3fa1223,delivered,2017-12-02 17:41:47,2017-12-02 17:50:39,2017-12-05 20:22:13,2017-12-08 00:14:30,2017-12-20 00:00:00
bc488184689ceaa10ede9045693eb6bc,9f494ea8a1d67d1e6e22813311751679,delivered,2018-04-03 11:35:18,2018-04-03 11:49:03,2018-04-09 19:31:29,2018-05-11 19:36:55,2018-04-30 00:00:00
c6068d7bd43960fb4924a456c897d52a,83e393dd2060dde37fa6b202cfef671a,delivered,2017-06-05 16:05:04,2017-06-05 17:35:13,2017-06-07 13:14:38,2017-06-08 10:06:38,2017-06-22 00:00:00
8f4a99f661ae72e850cb5b49d427f53a,bffe95eaced8211ff93c562d5e6c0057,delivered,2017-02-05 20:43:42,2017-02-05 20:55:11,2017-02-08 11:23:30,2017-02-10 09:24:38,2017-03-03 00:00:00
77265921b538b8258ca73fd168e46ab2,7bbd0991ce7abc02edc027353b6e3f73,delivered,2018-06-10 12:43:02,2018-06-11 12:57:00,2018-06-21 08:25:00,2018-06-25 16:12:34,2018-07-13 00:00:00
f948e30320e56a553862b62e5ec37efe,2bf0486fc0f5e5a9268f10be44770dcf,delivered,2017-11-23 19:32:52,2017-11-23 19:48:14,2017-11-27 17:27:07,2017-12-22 00:47:48,2018-01-12 00:00:00
7e72165c5aea9996c625cfe62c8e1500,06db786002c0a85b36bdaca70b9fb4fe,delivered,2018-03-04 12:00:53,2018-03-05 12:09:07,2018-03-08 18:33:15,2018-03-23 16:55:20,2018-04-02 00:00:00
4775567ae3272cb6959f86906190f1a5,f1e209d5fcf6fe141de83417dc8e092d,delivered,2018-01-25 21:18:59,2018-01-25 21:37:57,2018-01-27 16:46:34,2018-02-02 21:05:09,2018-02-20 00:00:00
3952808713e11b033a67e9dddb6872f9,beabad0a90f659fbd73b571183bab1ec,delivered,2017-08-08 09:04:21,2017-08-08 09:40:08,2017-08-08 18:06:51,2017-08-11 16:43:06,2017-09-13 00:00:00
426f2f3ccc70efae7805f823a379f18e,b48b99768a6b07498f48702432f2b602,delivered,2018-07-18 12:38:53,2018-07-20 05:03:20,2018-07-24 05:53:00,2018-07-27 19:51:32,2018-08-07 00:00:00
64307ceb91666760cf3ff463618302fd,c0a44bf37d5601228051fc07852f951f,delivered,2017-03-21 19:25:22,2017-03-21 19:25:22,2017-03-22 11:23:35,2017-03-27 11:30:19,2017-04-11 00:00:00
e134ae06c15446b35a78fd10c4d26155,306047e705d4a27a88e2419bb9f6480d,delivered,2018-08-06 11:19:10,2018-08-08 03:05:29,2018-08-08 14:41:00,2018-08-14 11:03:43,2018-08-16 00:00:00
ff38e180176d38e46f43488a0571d6c2,f3bd6b976e5545bb49c4b004c37c21ff,delivered,2017-11-08 15:38:42,2017-11-09 04:31:07,2017-11-09 15:58:03,2017-11-14 18:08:00,2017-11-29 00:00:00
4db771b122558d0298a38db86178edcd,d52c345d18c7f6fc9973c1855f012f31,delivered,2017-09-20 10:28:07,2017-09-21 02:55:32,2017-09-21 15:33:04,2017-09-29 21:16:42,2017-10-16 00:00:00
4b375478e5f18ae9c221ff36518282e1,37321ae3107bfec4b546019aa642db2a,delivered,2018-05-25 10:55:11,2018-05-26 02:31:36,2018-06-01 14:39:00,2018-06-12 22:13:44,2018-06-26 00:00:00
c29f77479a4983291796c220560a9646,9231bdffb372a445bf9d58a34556be01,delivered,2017-03-06 12:54:55,2017-03-06 13:11:08,2017-03-06 14:54:29,2017-03-16 08:16:00,2017-03-23 00:00:00
64aa186c83c16e6eb70b837e8b86717f,eb7fe3ccac51e8e7a1eebe5d081da2ab,delivered,2018-04-09 21:34:14,2018-04-10 00:11:55,2018-04-11 18:42:15,2018-04-26 18:46:33,2018-04-30 00:00:00
95293775dce224126685f5a197af2a2e,4c5696df98bd6f243f9015440784bf95,delivered,2018-05-14 12:32:48,2018-05-14 12:52:25,2018-05-15 15:36:00,2018-05-18 14:09:55,2018-05-29 00:00:00
ad165bf10431f5387bca7987e9be3905,266521c7363e77c06795d3eb61f0bef5,delivered,2017-10-22 21:04:27,2017-10-23 21:14:20,2017-11-08 21:49:27,2017-12-02 03:28:45,2017-12-14 00:00:00
9fce32b2462806d89f08af02712223fd,0918b14504ba2753bea2ea8ac64c77d6,delivered,2017-12-08 13:19:14,2017-12-08 13:32:19,2017-12-08 21:09:20,2017-12-18 18:35:09,2018-01-04 00:00:00
ea0a8e84904a16c83a6956a171c88276,7e1fad5c261e84cf8bd9d3f2f5e4e7ef,delivered,2017-02-16 19:56:32,2017-02-16 20:05:14,2017-02-20 14:48:58,2017-02-24 16:47:49,2017-03-17 00:00:00
e6604d0d52456fe3a3fdf965b7b924f7,cbf69f717458bb7247b1e74679aeea14,delivered,2018-02-17 19:58:20,2018-02-17 20:06:53,2018-02-20 00:39:06,2018-02-21 19:29:11,2018-03-13 00:00:00
fa5927f07ada4f44128f6d9fab3b70f6,8af801d95c9bc9bd7cfa7845826e4b72,delivered,2018-02-02 10:18:13,2018-02-02 10:33:16,2018-02-02 21:36:24,2018-02-24 10:53:14,2018-03-08 00:00:00
dd21beb23190fb08c8532bb31cd28b34,ae90fb51bbb3bc7230dae1122a4e1e24,delivered,2017-10-13 11:30:09,2017-10-13 11:49:27,2017-10-16 20:33:31,2017-10-23 18:15:07,2017-11-01 00:00:00
cbedf17aceca757bfcb74be595ae40ce,6fcb5ac7b4954d40331c7e378f0f1c86,delivered,2018-02-07 14:53:56,2018-02-07 15:11:13,2018-02-15 20:53:20,2018-02-23 00:25:23,2018-03-13 00:00:00
ef34fa79f2069138c745dba034f9169a,0f8ddd1dabae868a29579688d8f9ec6d,delivered,2018-06-25 19:03:18,2018-06-25 19:15:23,2018-06-26 14:16:00,2018-06-27 17:51:42,2018-07-05 00:00:00
fd9ec02005605e0b338a29e03bc6eb30,52d0eb41ffcf119a72e14186f7511ae8,delivered,2017-11-24 17:12:57,2017-11-24 20:52:33,2017-11-28 04:01:51,2017-11-30 18:32:49,2017-12-19 00:00:00
b1ae5dfeac85b9d126aa862b10bd9544,da4486c297ed3a392e9979cd4c0cdea4,delivered,2018-05-07 11:03:26,2018-05-08 11:55:24,2018-05-09 13:28:00,2018-05-17 19:58:48,2018-06-01 00:00:00
427b93d447dc29957700648673d6256f,86a87a55cd26811ac9fd57d6f5d06954,delivered,2017-09-03 14:50:19,2017-09-03 15:03:39,2017-09-04 20:37:45,2017-09-08 14:57:46,2017-09-28 00:00:00
70e38e6c6f3ff404a97ab901da03db56,212f576916b4e40f8e31ead6a00e09d5,delivered,2017-07-25 20:49:17,2017-07-27 10:25:10,2017-07-28 19:52:42,2017-08-02 18:47:49,2017-08-16 00:00:00
ce9c02c63ccfd380ecd3ccf5e8894f96,af8fae4852aa055ff45560ce82718a98,delivered,2017-11-07 16:17:08,2017-11-07 16:35:26,2017-11-08 20:55:04,2017-11-13 21:34:07,2017-11-29 00:00:00
dc176963313df28e26c74cddb9ed665d,443baba5542d157cc4f92ad95caea775,delivered,2018-06-18 18:12:07,2018-06-18 18:38:00,2018-06-19 15:42:00,2018-06-22 15:37:46,2018-06-29 00:00:00
d2d240860510d69b59a0ff9624d195b8,e1abbef0515418ab421fee19fc658417,delivered,2018-05-07 09:41:29,2018-05-08 07:09:48,2018-05-08 14:22:00,2018-05-21 20:52:00,2018-06-07 00:00:00
2a86b167faca061eb024043376211562,aebbcf055af0fcf7d6be0c24d3add3d2,delivered,2017-08-18 18:56:28,2017-08-18 19:10:20,2017-08-22 15:08:22,2017-08-29 16:44:36,2017-09-22 00:00:00
619dfdf03a86cb08034d2050d1967b17,6ab1b8e2b3800bc249984172a1f19f21,delivered,2018-07-23 19:41:14,2018-07-24 10:32:07,2018-07-24 14:33:00,2018-08-03 18:11:32,2018-08-08 00:00:00
0820ec4a663815afde264b1f4cbfeccd,2abb163a3747d41bdb536e460f40deb4,delivered,2017-12-27 13:12:11,2017-12-27 13:27:36,2018-01-02 17:44:40,2018-01-08 13:27:47,2018-01-23 00:00:00
ead9c15a852438a4165d9e4db49762a0,79a352b2df05acb7c28bbaa604eb20c7,delivered,2017-06-22 11:03:51,2017-06-22 11:15:23,2017-06-22 16:15:45,2017-07-06 14:17:48,2017-07-20 00:00:00
544789a536e56050d352f95b48062912,caad6959ea0c0fec14ebfe8bb44a985f,delivered,2017-10-15 13:32:54,2017-10-15 13:49:31,2017-10-16 18:32:50,2017-11-04 12:48:37,2017-11-03 00:00:00
346222690118b5713fed10ff0c262bda,c297e17b11dce86ab05956099fd565df,delivered,2017-07-25 01:53:48,2017-07-26 02:25:15,2017-07-31 19:24:49,2017-08-07 22:03:57,2017-08-16 00:00:00
812513d7e666354019acd59c823bd0b5,79a8d929b59a590629d79bd9650425fe,delivered,2017-12-19 21:35:00,2017-12-21 02:11:55,2017-12-22 20:41:48,2018-01-10 17:12:05,2018-01-18 00:00:00
b9dd50946ccb67dc7d9720f5c1cf41f9,5e93b0062ac34436d51db9baf96e111a,delivered,2018-08-15 19:05:50,2018-08-15 19:15:18,2018-08-16 13:50:00,2018-08-22 23:41:43,2018-09-04 00:00:00
badf5ea923341f29be3b4a8c59789a2c,8b17c3136acaa0d568207f282c9434e3,delivered,2017-04-20 18:39:41,2017-04-20 18:50:11,2017-04-27 05:37:03,2017-05-15 11:21:45,2017-05-10 00:00:00
2fec4859f3e4539cc0daa66bbd82f26c,21abfb2740ebc48d9a95f43645f0e477,delivered,2018-05-12 19:26:40,2018-05-12 19:35:27,2018-05-14 11:01:00,2018-06-02 12:18:36,2018-06-12 00:00:00
59ff2ee65c8cc0479240e487a0fc6677,0c1ce3452644c2df44c0162383acdd45,delivered,2018-02-15 22:14:25,2018-02-20 10:50:36,2018-02-22 00:13:01,2018-02-28 23:52:46,2018-03-15 00:00:00
e372925efa5e2bebc75122fe5ecf11ab,6ef9293859bc2196ec83b03fc2d54249,shipped,2017-11-15 14:05:12,2017-11-15 14:15:54,2017-11-17 21:16:55,,2017-11-30 00:00:00
1bdc66f51db19484352427af89377129,c36f844b1efa80b3c0eb9c3a909dd36a,delivered,2017-11-07 20:46:04,2017-11-08 20:46:45,2017-11-09 16:12:01,2017-11-14 13:12:29,2017-11-28 00:00:00
2c115ba9e25f2b8932ec710356d9eca9,50cb9d021d1b098d40d98fc0ae2d3bc9,delivered,2017-03-28 17:10:35,2017-03-29 02:22:38,2017-03-31 09:39:56,2017-04-03 18:24:42,2017-04-17 00:00:00
92599308ba8d89889268df82c199bae4,a33beafb12aa1f0e9e006b2446826721,delivered,2017-11-26 20:38:54,2017-11-27 10:35:48,2017-11-29 17:56:42,2017-12-17 19:18:47,2017-12-15 00:00:00
2b857e133a619f873130ee050ffa17a1,d23d4ff3ee87b209605f43e680f575b6,delivered,2018-01-12 19:24:28,2018-01-16 03:51:20,2018-01-17 18:32:09,2018-01-31 22:33:25,2018-02-14 00:00:00
fc0d78109239dcb41dc110f375f1b397,b6cb5664bfdea1f33dc4fe686546d40c,delivered,2018-01-21 20:30:44,2018-01-22 13:58:45,2018-02-08 00:04:51,2018-02-14 21:18:07,2018-02-23 00:00:00
3142b77fc8c5d3b848943f5727c3901a,ef6ae9c605a12e4d51a8d2c6637f5603,delivered,2018-08-03 00:03:09,2018-08-03 00:15:12,2018-08-09 19:21:00,2018-08-10 23:06:42,2018-08-10 00:00:00
fca2aaefc989d1a8eddc4cb03b160eca,3f4b4c9983562e52391fcf43be759d3a,delivered,2018-03-13 11:29:18,2018-03-15 03:10:25,2018-03-27 23:27:36,2018-03-29 18:17:58,2018-04-10 00:00:00
b9138517d788504f3732765e32ffc3d7,5288e45224162bdb75c2c4147aac76bb,delivered,2017-11-26 05:27:45,2017-11-26 05:39:25,2017-11-27 20:47:47,2017-12-21 00:23:31,2017-12-21 00:00:00
b9e191cae053d808e4c2573a0a241dab,d20bb6bc2efe556cf5222d6b177cbbb4,delivered,2017-12-13 00:05:32,2017-12-13 00:17:23,2017-12-13 23:35:36,2018-01-11 14:40:15,2018-01-09 00:00:00
6048533001f5fce8b89fa52898d99047,77fe44efe5b14555df44f027cae1cdba,delivered,2018-07-21 16:12:43,2018-07-21 16:25:11,2018-07-23 13:56:00,2018-08-07 18:46:53,2018-08-20 00:00:00
400cc24139a5537aa97037fe4d5f3fc6,589494aaece09fa91b85ff15fe6dfe9e,delivered,2018-01-07 14:15:51,2018-01-08 14:47:40,2018-01-10 18:40:17,2018-01-29 15:35:06,2018-01-31 00:00:00
a8aa1455a58ed250938c0f20158244a8,e7f85c87d7dfa7ed0a1e43148b2005af,delivered,2018-08-07 17:23:10,2018-08-09 03:45:17,2018-08-09 13:09:00,2018-08-15 09:11:36,2018-09-14 00:00:00
d95df03babee2bdc78de99d217ee867a,46802b380d9091dddd4deb291bfc66e0,delivered,2018-04-30 01:00:22,2018-04-30 01:10:48,2018-05-02 12:08:00,2018-05-07 19:08:40,2018-05-22 00:00:00
be2e480f8eeb99966d2a97c281ca2b36,b5b80bf2ab4ca94105e156747166139f,delivered,2018-02-23 17:45:00,2018-02-23 17:55:31,2018-02-27 10:53:21,2018-02-28 20:05:00,2018-03-09 00:00:00
fb3d9a7dc344c0c035d8c5c808d428d3,48016e0bf6e4209554ce69185c1bd90f,delivered,2018-01-24 22:07:05,2018-01-24 22:14:28,2018-01-26 15:18:26,2018-02-05 23:18:33,2018-02-21 00:00:00
1636b85eb28fe7afdeedc55ec96536cd,dbb094b39f0bda5d830e3c902cc05b72,delivered,2018-07-17 09:01:39,2018-07-19 02:45:13,2018-07-19 13:33:00,2018-07-25 19:50:53,2018-08-01 00:00:00
3329f64391fb9614f91aaa7be306c8bb,9ea91a3b05b418366cf2d6c143e5868e,delivered,2018-07-29 14:00:11,2018-07-30 16:05:14,2018-07-30 17:13:00,2018-08-03 18:02:49,2018-08-29 00:00:00
80aa84ef8c5e289d84d1735060740d61,4b7ca6deb3bc514e16e5433c631e5a90,delivered,2018-08-07 15:14:01,2018-08-07 15:30:36,2018-08-08 13:01:00,2018-08-15 19:11:26,2018-08-20 00:00:00
3b7d1e0e59ead2c1080ad04f835423b9,63fe2f57f250fb9bf39a4180e871c24b,delivered,2018-06-20 10:12:32,2018-06-20 10:44:03,2018-06-20 14:54:00,2018-06-25 13:28:53,2018-07-17 00:00:00
0c79ffcb0fed5ff297c2a68be02f4f8c,1cb3b337875d7beaec095a3d988fd216,shipped,2018-07-19 08:22:46,2018-07-19 08:45:11,2018-07-30 13:42:00,,2018-08-14 00:00:00
5fc0077c7ba092d24743a55d05cad3fa,9dd67cd8c4589e31802e8e02c24b3b64,delivered,2017-10-31 20:56:17,2017-10-31 21:06:46,2017-11-10 08:43:58,2017-11-16 20:50:32,2017-11-29 00:00:00
6c8a4caa6d2814e7eced82b426f9c428,87c249df7c0436a1c410e4e4bfbe1cd6,delivered,2018-01-30 20:45:59,2018-02-01 03:12:33,2018-02-05 23:54:44,2018-02-15 00:38:39,2018-03-06 00:00:00
aafb89f11bef342ec3ca3571428ab77b,d4920319900d6186b42faaac5234357d,delivered,2018-07-30 18:43:26,2018-08-01 03:32:22,2018-08-01 12:10:00,2018-08-02 21:56:38,2018-08-03 00:00:00
d2effb4f63d9db72e65ef6317fd3cd6c,1e1a73be62bcc1e2641423d62a4d8c35,delivered,2018-04-06 12:14:51,2018-04-07 02:50:14,2018-04-16 17:43:23,2018-04-26 16:56:59,2018-05-11 00:00:00
7444c79a0b66416c25448e4c95faef24,c049ee99288d2f8cac1fc801847bcdff,delivered,2018-01-17 10:57:14,2018-01-17 11:10:44,2018-01-22 17:13:48,2018-01-30 15:46:40,2018-02-16 00:00:00
d5fbbc2e51c9e93de3502e15b4159d46,a5942cce62180f9c3f7ea610f1e8bd8e,delivered,2018-04-06 07:33:51,2018-04-07 02:50:13,2018-04-09 19:24:21,2018-04-17 21:04:13,2018-04-25 00:00:00
626389ec53cbe508339cbc2ad3a4787b,d88eebd3a037a6f876bcc103d794fef7,delivered,2018-05-10 09:26:52,2018-05-10 09:35:23,2018-05-14 14:32:00,2018-05-15 17:12:26,2018-05-21 00:00:00
e682e9539c5643a19c747047530825e6,fc05c6c04fd59a8f7a6833f912276f7f,delivered,2018-05-02 23:21:09,2018-05-03 00:50:14,2018-05-03 13:45:00,2018-05-15 17:36:55,2018-05-28 00:00:00
1df7ded3518147b95eababb6620f007c,f4e4f02c3647142fb9d59c3871691656,delivered,2017-08-13 11:49:43,2017-08-13 12:03:44,2017-08-16 15:20:03,2017-08-22 21:28:33,2017-09-08 00:00:00
5b7078954da6923760467cf39ac91bc0,33a04ce7a2ad7df05942c7954e485a1c,delivered,2017-09-17 11:00:01,2017-09-17 11:10:17,2017-09-18 21:39:01,2017-09-19 18:11:40,2017-09-28 00:00:00
aee59dfc7dd589a60400818c624a6f91,45b209938dccf191d33989996400173f,delivered,2018-08-25 00:59:40,2018-08-25 01:10:11,2018-08-27 14:36:00,2018-08-28 21:52:42,2018-09-04 00:00:00
21746a2a0ab90a9d0916af6e1026fd24,603e50de0ef4f37f6a079735ca71fb05,delivered,2018-01-05 18:37:18,2018-01-05 19:32:08,2018-01-26 16:21:49,2018-01-31 15:52:26,2018-02-07 00:00:00
63e6167831e2896f74d9227af41b1431,8d8978fdd03f6e34ba26df8fa47df752,delivered,2018-07-31 14:59:05,2018-07-31 16:31:47,2018-08-01 15:19:00,2018-08-07 18:54:40,2018-08-17 00:00:00
799964b5666f130721bec3cdeb97270f,a8964a039cb8b2f64c82ca3ffe3a46f9,delivered,2017-05-29 07:52:30,2017-05-30 04:55:14,2017-06-05 09:52:01,2017-06-14 14:53:57,2017-06-19 00:00:00
9a9b66a3afe31a34ceed0cf919660632,7bd7571ed5c2d9e8026da682d71e633c,delivered,2017-05-12 19:05:21,2017-05-16 03:42:43,2017-05-16 16:42:09,2017-05-25 10:13:57,2017-06-01 00:00:00
aba8a6306a353cb28d5358c585fabe75,ab526fbb76ec6ab73bd3d6ce7d46a4e1,delivered,2017-09-10 21:50:02,2017-09-12 04:50:27,2017-09-18 15:05:06,2017-09-26 19:21:54,2017-10-10 00:00:00
7344405ad701aae9932fbabba0faa522,5d333f71a8e4d495a82fd170d4fbb455,delivered,2018-04-09 13:11:49,2018-04-09 13:29:51,2018-04-10 20:42:15,2018-04-24 18:08:57,2018-05-03 00:00:00
a0b862a69020ac0160aabd2acb06f8e7,5707b61fe695848897df1da746a1fec8,delivered,2018-05-15 09:31:20,2018-05-15 10:54:51,2018-05-17 17:00:00,2018-06-04 15:33:11,2018-06-11 00:00:00
c0b3a6ec68db87dd98bb317ea6835608,6d97521e6f45280a193f48c4b7cd5ee0,delivered,2018-06-08 13:41:47,2018-06-09 03:13:13,2018-06-15 14:43:00,2018-06-21 16:38:27,2018-07-03 00:00:00
88df6b44c27501b5e7af076d193440dd,d022e4875848a3dc2c845457fcd70697,delivered,2018-07-25 19:28:20,2018-07-26 14:35:20,2018-07-26 16:03:00,2018-08-02 18:03:42,2018-08-13 00:00:00
be74db37c6be2764570dc81e103dc60b,35e459cd733a3cb6d98f593fcc9d67db,delivered,2018-01-29 06:24:06,2018-01-29 07:08:57,2018-01-29 23:34:40,2018-02-05 19:56:54,2018-02-20 00:00:00
a1ad76f125118edcc2ba7035e9a59c7c,65d9f34a0361382394c7ede678879c0b,delivered,2018-08-06 09:45:21,2018-08-06 16:44:27,2018-08-08 13:21:00,2018-08-13 21:14:33,2018-08-17 00:00:00
4ca8a781d1f4b13e966bf35cdc333f56,41c8f4b570869791379a925899a6af8a,delivered,2017-10-13 10:04:59,2017-10-14 03:46:19,2017-10-20 18:57:47,2017-10-25 20:52:20,2017-11-06 00:00:00
9c82bca31120157620aa240857a67802,2fd668066707019f4285319a7907a0e4,delivered,2017-09-18 11:18:00,2017-09-19 11:28:14,2017-09-21 19:17:50,2017-10-06 17:22:18,2017-10-17 00:00:00
c431b1ec043729734d48ba14702aa191,a7d28b727cf279bd88cb9f9f35dc65b8,delivered,2018-02-22 18:50:43,2018-02-22 19:27:48,2018-03-01 18:54:27,2018-03-15 00:18:22,2018-03-20 00:00:00
d8ec5b1e258fdf9fb57488233fb97070,ed4d18bb366ea3a34a6d5f5350c3320e,delivered,2018-04-02 11:42:32,2018-04-02 11:50:19,2018-04-14 00:18:28,2018-04-26 20:52:51,2018-05-09 00:00:00
ffdab5e1596138d37793566aa1424d0c,58f5f08f888dddeeb13e21d686545c6d,delivered,2017-05-02 07:26:40,2017-05-03 11:33:46,2017-05-04 08:56:25,2017-05-11 09:41:25,2017-05-29 00:00:00
d0c9dbd8a44871e5b5624050cb44abf5,7f285c3bd75a14487c379f22ea7b41c0,delivered,2017-09-10 19:53:37,2017-09-10 20:10:10,2017-09-15 20:22:17,2017-10-02 16:13:32,2017-10-10 00:00:00
18d5cd9804d2eb8424721a25397b7ae4,edca01260dba3857ff20e72ba3b45ebe,delivered,2017-11-28 11:02:44,2017-11-28 11:31:20,2017-11-30 18:04:12,2017-12-08 22:10:05,2017-12-18 00:00:00
d237eb0a6caf6cc0d9cf5ba7a815c077,115847c3660c596c1bc526c4fd0c5b7c,delivered,2018-01-10 15:54:50,2018-01-10 16:10:08,2018-01-15 20:28:27,2018-01-23 22:24:03,2018-02-09 00:00:00
21c7a9262770a699c3144f54152e0b27,572cc30201459bbb8b5c235a2a6cf6bb,delivered,2018-05-04 10:35:48,2018-05-04 10:52:08,2018-05-09 15:48:00,2018-05-22 20:12:47,2018-05-28 00:00:00
94e43121a0232434f1ee7c1888f2cce5,340fcfd738e48095daf5a9afec990096,delivered,2017-02-28 17:39:47,2017-02-28 19:20:28,2017-03-01 15:07:57,2017-03-13 07:06:42,2017-04-04 00:00:00
4013aca81e3b0b07dc5b15549beae602,d3b0d480bfab67976244e1c05e9ae706,delivered,2018-02-17 12:16:51,2018-02-17 12:30:29,2018-02-20 22:42:02,2018-03-06 03:13:43,2018-03-21 00:00:00
54c1bb9fd5410f38a13229f44d9b7e67,24e944da91a76314aa9037020d9b3964,delivered,2018-08-12 23:44:30,2018-08-12 23:55:13,2018-08-13 15:24:00,2018-08-14 21:18:40,2018-08-16 00:00:00
b257713d1922be564a498b7dea2969a8,75bf36ee775028334160d2d39552d9ae,delivered,2017-12-04 23:02:44,2017-12-05 10:30:42,2017-12-07 00:33:35,2017-12-20 21:39:10,2017-12-27 00:00:00
a5cb9da004bf54e017f20e3c1f8629f7,881210811d1ce41016bd38b955990fd5,delivered,2017-11-06 07:20:25,2017-11-06 07:30:52,2017-11-09 10:11:31,2017-11-14 22:14:03,2017-11-28 00:00:00
76a0b6b419b6d31150e11eca6f2cf5d7,31f5b3b9a371f8b6675dfba99bcc61c3,delivered,2018-06-15 15:52:06,2018-06-15 16:19:26,2018-06-18 14:32:00,2018-07-06 12:04:15,2018-07-17 00:00:00
b806f6c6c8d0b8ccc7ad577af2a67233,a5ce07bfa76c3a52de8813b4666d87d7,delivered,2017-08-17 10:22:02,2017-08-17 10:44:19,2017-08-21 14:54:51,2017-09-04 17:42:34,2017-09-11 00:00:00
2eb868f2f7abdf4284337d1cdeb7399b,628dc39381786ac5f638abd41f96f35e,delivered,2018-06-26 20:15:31,2018-06-28 09:31:23,2018-06-29 14:15:00,2018-07-09 20:32:51,2018-07-25 00:00:00
9f76e95321ab8f7aa87cb1ec8152b38f,529906e040afd74948661743fb67bed6,delivered,2018-03-30 14:59:18,2018-03-30 15:47:11,2018-04-02 17:08:29,2018-04-20 22:08:41,2018-04-23 00:00:00
b9b6258fd7df83978bd49c201c288953,44396769f53f5560ba348bce5147c79a,delivered,2017-03-01 08:32:00,2017-03-03 02:30:32,2017-03-03 13:41:57,2017-03-15 16:27:56,2017-03-24 00:00:00
e316d83fd9aaec07226cb3abfcf342d1,ae675ca1c9b7dea1cf9d85d2bf5af9ea,delivered,2018-07-25 16:12:07,2018-07-27 02:24:26,2018-07-27 15:00:00,2018-07-30 17:57:35,2018-08-02 00:00:00
ce943243f0c85ae46078241f00eb17ac,b603ceee2b1a9b3303751d048030bcf3,delivered,2017-10-23 14:15:32,2017-10-23 14:35:30,2017-10-25 16:47:39,2017-11-02 13:51:34,2017-11-23 00:00:00
f1b1b5d6b3ec1564b2c5ac226d0d62c2,91737efb8ad05ff2cbb2636368f10a4d,delivered,2017-11-20 22:39:54,2017-11-22 12:48:59,2017-11-23 18:02:53,2017-11-25 12:22:50,2017-12-01 00:00:00
3d95793cfeffacca98e2027eb0e33dc4,a5651fac25354ab0b049b9db15d5af5d,delivered,2018-03-19 14:49:56,2018-03-19 15:17:10,2018-03-20 21:25:52,2018-03-21 22:14:20,2018-04-02 00:00:00
acf4b337d94686e3ff709ce923bc2e47,97d4270ba979285c0c6500fbaf1e7da1,delivered,2017-06-09 16:15:38,2017-06-09 16:30:14,2017-06-12 14:32:24,2017-06-19 16:22:20,2017-06-30 00:00:00
b271c16a0aead24e9b27536f86910946,127a1f9a2ba1c4e217c8fdacb8415b56,delivered,2017-06-28 21:57:45,2017-06-28 22:10:14,2017-06-29 17:16:38,2017-07-04 13:32:11,2017-07-21 00:00:00
4471fc5ecfbb3b7fec1044fc6e6f6851,50756c38c6f7edeeacaaa63c6682ddb0,delivered,2018-08-08 18:02:19,2018-08-08 18:15:21,2018-08-09 13:37:00,2018-08-16 15:04:06,2018-09-06 00:00:00
4b8e7900278770ffef6b0da3d58dff9a,61c764d372cce2bd1346153a1ddef9d7,canceled,2018-08-13 12:56:01,2018-08-13 13:05:18,,,2018-08-28 00:00:00
f43dce59f4547d6918c7b2360f27698f,ade3f0faef221a3b741b2e56face5c3c,delivered,2018-03-05 22:46:21,2018-03-05 22:55:35,2018-03-06 22:09:48,2018-03-09 01:46:21,2018-03-21 00:00:00
7b4cc813e327ec14c78f547a763f46b8,725ba0268900143556050bd3513a3369,delivered,2018-03-08 15:59:45,2018-03-08 16:31:38,2018-03-15 19:46:25,2018-03-29 23:23:20,2018-03-29 00:00:00
50a980068f11953231ad1d03fb1769b4,0e08b8b40723f94a0fd1713feabfdcac,delivered,2017-03-16 20:38:37,2017-03-16 20:38:37,2017-03-18 10:36:58,2017-03-28 17:55:00,2017-04-17 00:00:00
2da624174ee4d329c69272718b2ba558,ea2beedba4b1cd18d537cc5ee1fe89f7,delivered,2017-09-18 21:14:10,2017-09-19 03:45:50,2017-09-20 14:56:12,2017-10-02 19:37:34,2017-10-17 00:00:00
bd69cd564f711eddada0e30038e89558,d9f898812ce971d417c2ecd100b60c32,delivered,2017-06-24 20:03:04,2017-06-24 20:10:29,2017-06-26 18:43:29,2017-07-06 14:52:57,2017-07-26 00:00:00
e1cf77d2496e5b490b421f882d2cb6d3,a3ba7119f6a86d7db5e045d44ce6b25f,delivered,2017-07-05 22:32:46,2017-07-07 08:45:13,2017-07-13 18:25:31,2017-07-25 18:49:23,2017-07-27 00:00:00
3157a4052d9fe8c58017857eac745f0b,3ca65f7aebcfa85e573e21b27457270b,delivered,2017-11-25 21:08:11,2017-11-25 21:56:34,2017-12-01 21:07:19,2017-12-27 16:36:50,2017-12-22 00:00:00
167cb68a4f380e669cbdce2a8a4dfb07,22b5712522c61f4b2b136a8df7a73234,delivered,2017-12-07 22:06:48,2017-12-07 22:17:21,2017-12-12 00:28:44,2017-12-15 17:06:48,2017-12-27 00:00:00
b2270b13a48230d3898b0e5a2abcac01,c2a7fc350843a4acc78dbbf7bf923755,delivered,2017-10-16 11:15:09,2017-10-16 11:33:48,2017-10-21 12:42:03,2017-11-01 19:18:44,2017-11-07 00:00:00
70a88919704ffacda73f3c50ef230490,b48854953f26f7ef73fcad592b79e418,delivered,2018-04-19 10:14:08,2018-04-20 10:10:35,2018-04-24 22:28:45,2018-05-02 12:54:26,2018-05-17 00:00:00
a7913947a3d9509dc24a8b9282b2f907,e105b208f0d31f92c935f406b1a82dfe,delivered,2017-10-07 17:51:56,2017-10-07 18:05:07,2017-10-13 17:13:23,2017-10-24 20:31:27,2017-11-03 00:00:00
0e1670a6f68c72266681ed85b4e4f73a,d3bd738261705a7ca540dad36d95623c,delivered,2018-08-22 11:05:15,2018-08-22 11:24:34,2018-08-22 13:16:00,2018-08-28 02:14:48,2018-09-10 00:00:00
0a79d1506c2e0249c9aff8723bcf51e9,a995c91194ffa9252517fa251995adf9,delivered,2018-05-18 12:35:01,2018-05-18 12:57:55,2018-05-29 09:26:00,2018-06-05 19:05:10,2018-06-01 00:00:00
bf0310bae1a889330a16496d6f7b8628,0977ccfa0b60832ce18f226b73853918,delivered,2017-07-31 13:43:10,2017-07-31 13:55:23,2017-08-03 18:03:16,2017-08-21 19:13:26,2017-08-22 00:00:00
677cf6c593931b083ffbbb060a9c6ce8,372c98a82300263bd02a4a56e2cc9526,delivered,2018-05-19 11:12:49,2018-05-19 11:40:18,2018-05-21 15:56:00,2018-05-30 21:07:27,2018-06-12 00:00:00
1e7bc4fa92ad71dd2603c7582ebeabf8,ca693ab312ae43e69370a1df11f190e3,delivered,2018-05-13 23:02:50,2018-05-13 23:11:59,2018-05-14 11:18:00,2018-05-22 19:26:42,2018-06-14 00:00:00
04127548fb3634e50ad03765c05cdc68,0eab5c860fac0aff7a9ef8f11deced68,delivered,2018-02-04 22:20:29,2018-02-04 22:30:31,2018-02-05 18:41:27,2018-02-06 15:45:49,2018-02-22 00:00:00
63bd88cac1061f6574789bd7921dd5f2,dcc9471f85f00b6979b79ae8557274c1,delivered,2017-06-26 01:27:16,2017-06-27 04:05:30,2017-06-27 09:43:42,2017-07-17 20:33:48,2017-07-10 00:00:00
ec6fe04836bc8811fedf31b14bd8b549,6182a785dace3f1c11aac6b47aea7602,delivered,2018-07-05 23:04:11,2018-07-06 14:35:11,2018-07-09 14:16:00,2018-07-13 20:16:47,2018-08-01 00:00:00
8237160b16b119b5390f8072691974f0,626d50c562d845df45eba106562c4d35,delivered,2018-08-01 13:37:13,2018-08-02 05:30:46,2018-08-02 14:03:00,2018-08-07 22:33:49,2018-08-23 00:00:00
22751a6069364ffc60a6e707a9e5c4ac,2bb79cf161d645f06386e045f246be2a,delivered,2017-06-27 21:30:59,2017-06-27 21:43:40,2017-06-29 10:55:53,2017-06-30 14:27:39,2017-07-11 00:00:00
0e344e615390f8528b42e277875f0ba0,e412f9590fd38d32d9f632746e24c310,delivered,2018-05-09 09:16:24,2018-05-09 09:35:34,2018-05-10 10:55:00,2018-05-21 21:26:24,2018-05-30 00:00:00
1f7d0a7602cffab1da326530589809f2,569327527cce82be5f04305ec17301ef,delivered,2018-04-20 19:49:15,2018-04-24 19:26:43,2018-04-25 11:08:51,2018-04-27 20:51:25,2018-05-15 00:00:00
88c7831d968f7cd33c64d1733cb90510,ea7becdb889ee3d9418066a63f95871d,delivered,2017-11-14 17:13:48,2017-11-14 17:27:46,2017-11-21 18:56:52,2017-11-25 19:52:51,2017-12-04 00:00:00
46c940200f4d91b4cf260d705849bbe2,e64b4dc9257cbe575f5688fc6986fe65,delivered,2017-10-12 20:05:32,2017-10-12 20:27:51,2017-10-17 15:23:14,2017-10-23 11:27:42,2017-10-31 00:00:00
cff5d131d68af2eef5268034defe07ca,244d30900be58e7912de872ab6f81f5b,delivered,2018-03-12 02:52:58,2018-03-12 03:08:31,2018-03-27 19:18:54,2018-04-22 13:14:48,2018-04-16 00:00:00
b1c978cd633caac1ce86e36b61e8aeb3,a0b4c2bc4ad1865c4943b8bdbee449af,shipped,2018-08-15 18:48:07,2018-08-15 18:55:15,2018-08-16 12:16:00,,2018-09-06 00:00:00
d94f4fe5fee370911b2bdde33dadb1ac,dd19f165f47b245203fbf13563af85d2,delivered,2017-07-24 19:48:40,2017-07-24 20:03:32,2017-07-31 18:56:31,2017-08-09 20:53:54,2017-08-29 00:00:00
40fd2a55eacc12019cc034c4cc15674c,0c3f432e2cf7ebb3a2cd874a8da89541,delivered,2018-06-04 00:24:10,2018-06-04 00:31:24,2018-06-05 13:52:00,2018-06-22 21:41:53,2018-07-13 00:00:00
3a1c666f27c3d419d79a79a9b1a5af11,bb3342921d11b66656454f40f1c34650,delivered,2018-01-06 11:11:00,2018-01-06 11:18:25,2018-01-11 01:44:31,2018-01-19 20:23:02,2018-02-05 00:00:00
341cce59fc24a0f0cd59c5f25282b1ca,dc2fd15d2dbf52095072ff3e9938cff6,delivered,2017-03-27 14:16:43,2017-03-27 14:30:13,2017-03-27 14:41:28,2017-04-10 06:05:09,2017-04-25 00:00:00
dee55178829a36ebb42b7a3aba84c244,98b3d5c8013d7df82b5bf113d965489f,delivered,2018-03-09 13:30:23,2018-03-09 13:48:07,2018-03-09 23:28:52,2018-03-27 16:58:30,2018-04-03 00:00:00
cda39e972551602661cd5e8908ee82b5,9937a5e470c80919fea6199a76d8bc8f,delivered,2018-06-23 10:35:04,2018-06-23 10:58:54,2018-06-26 14:17:00,2018-06-29 22:12:10,2018-07-17 00:00:00
3b43a1faa9745dfcd8ef87937f4cab08,dc993ef2360509ca5a8fd7c78b2441d6,delivered,2018-07-11 21:26:10,2018-07-11 21:45:58,2018-08-02 07:18:00,2018-08-10 01:47:32,2018-07-31 00:00:00
19c12787aa9334d1ccac97bfab56e576,837ccdfb355e992a4a30a7cb9f79b4a1,delivered,2018-08-04 18:44:03,2018-08-07 04:50:27,2018-08-15 13:50:00,2018-08-20 20:23:45,2018-08-27 00:00:00
458fd3c506b852c0ceeb6e7c195ea437,c667d4a9f7b5fbc11fd2c610f27f731f,delivered,2017-04-23 01:25:11,2017-04-23 01:35:12,2017-04-25 08:14:20,2017-05-08 13:53:14,2017-05-11 00:00:00
ef0e9ebf18b0033d57b60ee42b12d65f,4bd4059b4062a3f96f0f4f88af70fb91,delivered,2018-07-09 18:43:40,2018-07-10 18:45:36,2018-07-23 15:59:00,2018-07-26 17:42:04,2018-08-07 00:00:00
50049a00b862d9b72dda26d6e7c38d6d,b2e34f6581fc7955943b4d7ff3fedc18,delivered,2018-05-17 17:05:15,2018-05-18 17:15:10,2018-05-21 13:43:00,2018-06-05 18:22:52,2018-06-05 00:00:00
a93a771dcf97a2cca0be3bb159792b1d,e3ca18360b0fc556eb8442c18a5ad58b,delivered,2017-07-21 12:15:01,2017-07-21 12:25:18,2017-07-24 19:06:43,2017-07-31 21:22:04,2017-08-24 00:00:00
d53d7b60c29d9e2fba820bfbe027df12,73e311686e5dc3940033eeb56edebd69,delivered,2017-05-25 22:17:18,2017-05-25 22:30:18,2017-05-31 09:57:23,2017-06-07 11:32:03,2017-06-14 00:00:00
182680afbd9247820be311a34cafb4e9,4e59370bc614afb54393c2f03dda271d,delivered,2018-03-01 10:44:44,2018-03-01 10:55:33,2018-03-02 18:42:53,2018-03-05 18:16:59,2018-03-13 00:00:00
78b9793627cb45328b53a69cc525fd22,2ec52dcac1e5ca46634a06ed6fca36a6,delivered,2018-04-27 12:11:47,2018-04-27 12:32:10,2018-04-30 11:23:00,2018-05-04 23:47:50,2018-05-25 00:00:00
71b63cb24c0cdeeb5604ab4b0e891c87,32ece394d77dd72f01b91196e85994c9,delivered,2018-08-04 18:02:45,2018-08-04 18:15:14,2018-08-07 21:27:00,2018-08-13 19:32:28,2018-08-14 00:00:00
166029aa4dc1bed21f0d50ebdb4ef286,d1ec48f722227f712bd7c376e194dcc2,delivered,2018-04-02 09:09:45,2018-04-02 09:28:31,2018-04-16 14:02:55,2018-04-20 14:26:33,2018-05-10 00:00:00
43836bb9e5c73e492e6361c1c5af52f0,ca8b751a40a816dc8d14138ff9d81ad4,delivered,2017-12-13 15:09:31,2017-12-13 15:30:31,2017-12-15 14:03:49,2017-12-16 20:32:31,2018-01-02 00:00:00
b5f211fa89c1521c13362d1adb004aed,d962bd2ab8e3cbb417a6d31fcfe313a9,delivered,2018-01-03 17:12:03,2018-01-03 17:26:36,2018-01-09 00:18:57,2018-01-23 16:23:40,2018-02-06 00:00:00
ace9e58d098308e5868584b8138e180d,45b93658b1d8b816730299c97a02a857,delivered,2017-11-29 18:05:22,2017-11-29 18:31:00,2017-12-01 19:41:59,2017-12-04 20:09:53,2017-12-18 00:00:00
31f6c998a06ef0003c3355f042b8488a,f6213d96fa0cde54d863dd5d69444587,delivered,2018-07-25 11:23:17,2018-07-25 12:00:07,2018-07-26 10:00:00,2018-07-31 19:28:48,2018-08-13 00:00:00
2e8a8d29b0f567fe40d69ed8342959e9,01ca0c5af5349f53a4087605008e9134,delivered,2017-04-04 12:52:36,2017-04-04 13:10:49,2017-04-06 16:01:53,2017-04-12 13:34:42,2017-04-26 00:00:00
97e11582eb8cdd7b83e35a4243d81f79,119e936a72d10c6ea12ab6129ffd9a79,delivered,2017-12-15 14:35:37,2017-12-15 14:52:53,2017-12-21 20:45:07,2018-01-12 00:13:38,2018-01-15 00:00:00
d84a72d286117f40da5a05597f25d58d,cd4bdf5e378910a9e4954796a519dfdc,delivered,2018-07-11 12:00:06,2018-07-11 12:10:16,2018-07-17 14:16:00,2018-07-20 17:51:57,2018-08-07 00:00:00
d346370ba346967892986f57438f7765,0068a2209e2c7631566539fef4331bf8,delivered,2017-05-19 09:39:23,2017-05-23 03:31:57,2017-05-26 13:55:34,2017-06-01 11:41:38,2017-06-12 00:00:00
f775d07070d41cc84bca7d1ced815c0f,3ca7336825e4f7874df2c588dac596da,delivered,2018-07-17 15:25:27,2018-07-17 15:41:35,2018-07-19 10:35:00,2018-07-20 22:14:54,2018-07-25 00:00:00
e3111d19cd703ecaa907dca4af37c0c5,b7d2aeab34464ec6d06fb35c0752c93c,delivered,2018-08-19 19:31:11,2018-08-20 12:55:34,2018-08-21 14:52:00,2018-08-27 22:08:31,2018-09-11 00:00:00
cb82f50adcd9978f835fe94951603fad,8dac7b837322f0519cab6ee542842cd7,delivered,2018-08-13 08:08:16,2018-08-13 08:24:21,2018-08-13 15:19:00,2018-08-15 20:51:17,2018-08-23 00:00:00
3aa3900b1d05d92125d0005db04a014e,2ef0facb8ad8abc10408c5ae20782bf8,delivered,2018-03-29 11:28:31,2018-03-30 03:10:18,2018-04-04 19:58:46,2018-04-05 20:48:28,2018-04-11 00:00:00
9b91a8a7af98d4f7ca653cbadc15b556,b200f456b569cac0119c515ae68e36eb,delivered,2017-08-08 00:58:46,2017-08-08 01:15:10,2017-08-10 20:51:36,2017-08-16 21:58:58,2017-08-28 00:00:00
da8b28740e0c2eab5292d17c3cbb853b,36ffc4b2179b9dec36fcfe0595c28bf5,delivered,2017-05-03 08:28:44,2017-05-04 10:22:31,2017-05-04 11:51:15,2017-05-25 12:14:16,2017-06-05 00:00:00
146344c554458a6d7e2f92948e52e8b8,83544d0319d25a8e7c587c7116a19907,delivered,2017-11-27 20:41:33,2017-11-27 21:00:38,2017-11-28 21:58:30,2017-11-29 18:28:39,2017-12-11 00:00:00
89deea851a216c7ca2da994e5799c9b0,79dd6d239bf598a7bbec4b0465cdaf15,delivered,2017-06-23 16:23:49,2017-06-23 17:30:19,2017-06-26 16:52:13,2017-06-30 08:15:36,2017-07-13 00:00:00
e12f5458c6b4f349a97fbf22e08d17ac,0b7a30ba373aeb55cf28add5b5477956,delivered,2017-08-01 12:57:02,2017-08-02 03:03:55,2017-08-02 17:47:19,2017-08-15 13:54:33,2017-08-23 00:00:00
3f925ae7ffff56f13e03e8bd5711ca70,2f55c214219aff9e61c70c1edba35df8,delivered,2018-02-28 19:35:02,2018-02-28 19:50:02,2018-03-06 21:29:02,2018-03-08 16:08:31,2018-03-20 00:00:00
d39b2823c7beda9e56a1783db04df596,83353be61700ed54d5e9d1b3f0dbc4b8,delivered,2017-02-02 11:58:17,2017-02-03 10:35:11,2017-02-03 12:00:59,2017-02-14 04:54:56,2017-03-03 00:00:00
63514fae43596b11a770416049c86856,ec3b6e11ab1c02f49de9f09baef9c9e7,delivered,2018-07-12 10:59:24,2018-07-12 12:06:05,2018-07-16 07:47:00,2018-07-23 20:56:34,2018-07-27 00:00:00
265a8ba29224f47c0476cfcfa6986f77,3ab34b58a6acdf365419d7e0938425ed,delivered,2018-08-02 18:05:00,2018-08-02 18:15:23,2018-08-03 15:43:00,2018-08-10 19:08:53,2018-08-15 00:00:00
eb89fab6743f52417dec1e885261e10a,7bff96d37d8c7bf818e55b9d72a1b204,delivered,2017-12-12 13:26:09,2017-12-14 02:12:06,2017-12-15 21:21:42,2017-12-27 22:29:15,2018-01-12 00:00:00
64607b4e862b1084d71a7ee6d8b2622d,e9b534eb32a1f7df2cbb3a2912364a29,delivered,2018-03-06 10:41:58,2018-03-06 10:50:35,2018-03-08 14:06:20,2018-03-20 21:45:28,2018-03-26 00:00:00
1e8ff8bb172260d3d1b60936246867e0,a95312ffd04423192ae11e4b7ab7ee64,delivered,2017-03-05 21:27:29,2017-03-05 21:35:15,2017-03-09 08:43:41,2017-03-10 13:44:50,2017-03-27 00:00:00
9341714d42d6bb575c75707728fd6fcf,46d111fc5e3cb182e30c0200f940c0af,delivered,2017-11-27 14:37:18,2017-11-27 15:02:47,2017-11-29 00:27:08,2017-12-07 17:44:44,2017-12-19 00:00:00
43cf2ad64d9ba181030a47b6a7cad49f,9848fbc1dfe5dd0a731691354340178e,delivered,2018-06-12 11:15:16,2018-06-12 11:40:00,2018-06-12 13:06:00,2018-06-20 23:36:31,2018-07-11 00:00:00
bea5dc01a53188cc309de4fc1f309025,f282cbe422bc359ad69d0f7a16d6138b,delivered,2017-02-13 17:16:43,2017-02-13 17:30:18,2017-02-14 13:24:01,2017-02-17 15:55:07,2017-03-14 00:00:00
57923ef279c2f7dacdb115f87a1f6c57,e309e1d5483ae7c3229dce0ac8251fdd,delivered,2018-05-10 06:59:35,2018-05-10 07:15:18,2018-05-10 14:00:00,2018-06-04 20:24:31,2018-06-07 00:00:00
af45c3a8c24539daa13f4ca8d2868464,74a1165008ea096720318c1f779adc8f,delivered,2018-05-02 19:28:24,2018-05-04 03:31:51,2018-05-04 14:11:00,2018-05-15 19:29:43,2018-05-25 00:00:00
a866b07e589705b11b38db08e93e6f5b,45d69248583acb20360cac1bfc1bbf2c,delivered,2018-02-16 15:18:45,2018-02-16 15:30:22,2018-02-21 23:49:06,2018-03-03 17:51:22,2018-03-14 00:00:00
ac72d34ecba515d07fd0adc8747e1d94,d8ea195b140dbf4f97812f4848f4676e,delivered,2017-05-17 15:33:47,2017-05-17 15:45:13,2017-05-23 07:13:36,2017-06-03 11:22:35,2017-06-08 00:00:00
b53a3bae66c300d0757b9e094b326264,f80399585626ce586b63e4afaf6ade7d,delivered,2017-12-11 16:33:31,2017-12-11 16:52:10,2017-12-12 21:58:44,2017-12-29 16:14:49,2018-01-09 00:00:00
67f9754feffe51587eed05ba198d21b0,0045ac1c0957bc92e109f71e4941fa49,delivered,2018-06-30 11:49:28,2018-06-30 12:10:20,2018-07-06 10:31:00,2018-07-11 21:03:43,2018-07-18 00:00:00
b2d8f25001ce7046b4e70b6bbc1525c2,ee37012fa6baf3f9535047b1d3f41d03,delivered,2017-06-02 18:41:56,2017-06-02 18:55:05,2017-06-05 11:36:50,2017-06-13 11:59:50,2017-06-27 00:00:00
76ccfd1f50385cff04dc3ba521500b47,140bf51a12fef6c8bb0ae5c195f502fd,delivered,2018-01-26 15:52:21,2018-01-26 16:19:25,2018-01-30 21:46:54,2018-02-05 13:45:58,2018-02-22 00:00:00
d0848e46e16c282e0590623021ba6940,5b4489210a3c398e04cae27e1179bf3f,delivered,2018-06-19 17:38:32,2018-06-19 18:04:19,2018-06-20 14:44:00,2018-06-25 18:36:38,2018-07-12 00:00:00
44364d92617dfb4a39ce3bff4ecea2fe,a5564b0b97776f800b3b4f462d8eacaf,delivered,2018-03-21 22:51:28,2018-03-21 23:08:11,2018-03-22 21:06:51,2018-04-04 16:24:53,2018-04-25 00:00:00
c8a4d0038f3ec7b553ecf27a699d6293,c05f7dfb379e0886e4c33bfa7904d93d,delivered,2018-03-23 18:58:02,2018-03-23 19:08:18,2018-03-28 20:33:16,2018-04-12 16:38:41,2018-04-13 00:00:00
3e9c4deedb763bd5083a91afbc7c7257,bc05e5ea87ea7d4c3fb7acc1821c7ceb,delivered,2018-04-28 21:17:42,2018-04-28 21:32:33,2018-05-03 16:38:00,2018-05-30 20:37:41,2018-06-18 00:00:00
93ade3a3a8c88b0def11b5365dbe7ff7,72d60bc30c5c827b3be3e3e77b771ac5,delivered,2017-10-13 14:58:57,2017-10-13 15:35:56,2017-10-17 16:24:01,2017-10-31 19:44:06,2017-11-06 00:00:00
c5cc5507fd7537da058bf67fb12d28af,28fc063939dc4777a226f3444553bae8,delivered,2018-02-26 17:17:08,2018-02-26 18:00:26,2018-03-01 21:36:31,2018-03-26 15:06:52,2018-04-11 00:00:00
1c0e2a041cbb546001e7259526d26e67,922881c74bf4747371821f55d4c1c5e5,delivered,2017-04-22 12:16:19,2017-04-22 12:30:22,2017-04-24 11:10:19,2017-05-11 21:45:52,2017-05-23 00:00:00
04f026e6517b3845e4ea1a9d0328adfc,d6f6a039d3fcbeb5392bd0739b5e1833,delivered,2018-04-18 11:12:39,2018-04-18 11:31:41,2018-04-18 22:11:47,2018-04-24 13:48:51,2018-05-08 00:00:00
988c500d743d7a2cf2e9eaa824a66780,8de6f82868b08133400ef13f255812d2,delivered,2018-07-09 21:31:15,2018-07-09 21:45:13,2018-07-10 14:55:00,2018-07-13 20:51:09,2018-07-24 00:00:00
aabd0a7ecf741520be60dc59fc6002ee,adcda79effeaa7398aba44f473e8aed8,delivered,2018-08-06 14:51:08,2018-08-06 15:05:12,2018-08-07 15:08:00,2018-08-10 01:03:39,2018-08-09 00:00:00
dd4d421872976011ae063357e010a0cd,e67d7a7f5c958be8a6c11175170beab9,delivered,2017-10-14 20:30:54,2017-10-14 21:06:25,2017-10-16 20:10:46,2017-10-22 15:55:49,2017-10-26 00:00:00
4eeb749b1bc5823fb7ef6af9282ee537,a79296ec3a43e42939b3487262c25449,delivered,2018-08-21 22:09:39,2018-08-22 22:05:18,2018-08-23 13:13:00,2018-08-24 21:47:49,2018-08-24 00:00:00
8c7aba5d415316a216626dfdc9e5aa42,6385c6427526bce07ccbc4e236ecf817,delivered,2018-05-08 18:49:32,2018-05-09 03:55:22,2018-05-09 13:45:00,2018-05-17 14:58:41,2018-05-25 00:00:00
87e83011a777a162b7aed42805bdd778,8a0328c1725d500d478f883180394253,delivered,2017-05-30 12:28:49,2017-05-31 13:08:19,2017-06-01 14:00:34,2017-06-08 07:18:30,2017-06-22 00:00:00
50c561609b802ec8d508a9f48c669918,3fe89a08445d29487b8766af9207a44e,delivered,2017-12-01 21:44:31,2017-12-04 18:30:51,2017-12-20 13:17:57,2018-01-05 17:58:23,2018-01-05 00:00:00
2934b40bb9305d3b5d74747be3181435,9a6f678fd57a40dc5010a7651ef0b916,delivered,2017-07-11 00:54:27,2017-07-11 01:05:12,2017-07-11 20:12:52,2017-07-12 19:52:04,2017-07-24 00:00:00
12f0d35d150a1645900980264e766cc6,b3f4c935e5e55ebf855699e8bc3c48ae,delivered,2018-07-03 19:44:29,2018-07-05 16:32:47,2018-07-04 14:59:00,2018-07-07 17:28:48,2018-07-24 00:00:00
7256c798273af7d120d1f9e274e914f7,018546fb1415356fd93cbd77a4338124,delivered,2018-03-17 23:17:46,2018-03-17 23:30:36,2018-03-19 22:23:41,2018-04-26 11:36:42,2018-04-17 00:00:00
5778366745f5c8c33f8c7f0432373788,52ab4b83a98a7f5f31686806aac50ba5,delivered,2017-07-20 22:51:02,2017-07-22 22:50:10,2017-07-26 21:52:10,2017-08-01 22:47:36,2017-08-09 00:00:00
568e71250d146ee4bf4b6f85617c6843,0ed1c626189e974a2ba199c5f7c23bbc,delivered,2017-08-27 18:27:06,2017-08-28 17:04:55,2017-08-29 19:26:08,2017-09-04 12:04:40,2017-09-14 00:00:00
3c5939ce763419f5942f27acffd072e6,a3a70ea035d8bbbbac5749753bd89f2c,delivered,2018-02-22 09:54:40,2018-02-24 02:50:39,2018-02-26 21:39:30,2018-04-11 19:56:32,2018-03-20 00:00:00
742d23b61a40b16eec4c1c5998da1c39,fcb421b5267b4d3d6c0de51199351a7d,delivered,2017-05-16 19:29:29,2017-05-19 08:42:30,2017-05-19 12:47:52,2017-05-22 06:32:55,2017-05-29 00:00:00
1b39d154e72f232a67b97d1d2545d527,67b653733fd05d8f600e4bfb12d70964,delivered,2018-05-16 23:26:04,2018-05-17 00:17:25,2018-05-18 14:26:00,2018-06-04 22:50:32,2018-06-08 00:00:00
6ebb39e4d90eff5c1099de688d9b4f94,01503d0b64036165c2f202b538de9308,delivered,2018-02-24 09:37:59,2018-02-27 04:31:13,2018-02-27 22:32:49,2018-03-05 15:35:17,2018-03-23 00:00:00
26f1a21b851baef4f3bb1ea83c9ba962,260fe44efbc70e6a2d4dfd6b90d9f261,delivered,2018-04-24 12:58:22,2018-04-24 17:22:39,2018-04-25 14:08:00,2018-05-16 16:25:24,2018-05-18 00:00:00
c97b6271a445cec849420383547b34da,02b83a1a2a215c7f7629c8fe41a7cad5,delivered,2018-08-08 20:21:07,2018-08-08 20:35:22,2018-08-09 13:22:00,2018-08-13 15:57:55,2018-08-16 00:00:00
3b62cf19155645bbcd58c9b11c9efce1,8f48e4ceff5e23adddb082418b0b97a4,delivered,2017-08-03 16:16:50,2017-08-03 17:00:15,2017-08-04 16:59:58,2017-08-15 17:52:46,2017-08-25 00:00:00
014a0793ab3d930d6f3b206cee474af4,70bed66339acf5dfede1a7dce682a6c4,delivered,2018-06-24 22:49:54,2018-06-24 23:17:55,2018-06-25 06:39:00,2018-06-27 12:51:00,2018-08-02 00:00:00
c25bbd8045abef9208c581196c86d350,7824cd93dcb0b5c13456cee269eb36ba,delivered,2018-03-28 16:30:18,2018-03-28 16:47:54,2018-03-29 23:03:30,2018-04-11 18:51:50,2018-04-16 00:00:00
b0bf00faa32149ac7d0400f67ce3d3b0,cc97def3bb60f41423a0f94ca6b18524,delivered,2018-04-05 12:14:30,2018-04-05 12:28:26,2018-04-06 00:05:11,2018-04-17 21:21:56,2018-04-30 00:00:00
a2ddc3a9833596493103ec4890b9871c,41530b51298c637fdd179f93c1c9afbb,delivered,2017-06-14 10:21:54,2017-06-15 03:03:41,2017-06-26 18:03:52,2017-06-30 14:51:49,2017-07-07 00:00:00
98169d491f3bb7988e9a5aa45f9dc8c0,28add1b0e2f700068068ee49b89a7611,delivered,2017-09-12 08:42:27,2017-09-12 08:50:21,2017-09-13 19:14:38,2017-09-15 18:48:05,2017-10-17 00:00:00
8484c5fe4c5e00deaa868795d62d1db9,7d9a689797eeccd6d8e1da49e6c0ce0b,delivered,2017-09-13 12:37:57,2017-09-14 02:50:31,2017-09-15 21:24:47,2017-09-26 17:14:23,2017-10-03 00:00:00
7f71c35ab1193f2ad44d9359a7a0f1ff,0a54533958d2154acac19127918beec0,delivered,2018-05-22 19:36:59,2018-05-22 19:58:06,2018-05-23 15:09:00,2018-05-24 17:28:37,2018-06-05 00:00:00
77ac4951da6c2361c816314422cf20e4,30c5318a68855cc49431b12a237fe8a1,delivered,2017-07-11 12:28:33,2017-07-11 12:43:21,2017-07-12 19:41:41,2017-07-13 18:38:00,2017-07-24 00:00:00
8f505b97d690e877f34131b13f828667,8f05d87aab36238f3b226c49a39e83ae,delivered,2017-11-14 19:11:32,2017-11-17 04:15:34,2017-11-20 18:55:05,2017-11-26 19:25:24,2017-12-08 00:00:00
afa18fe18903345a7bd38e285f0bca70,3e3abacd0cc5ddab9352b2b9cc3bfab6,delivered,2018-07-20 21:39:43,2018-07-20 21:50:18,2018-07-23 13:27:00,2018-07-26 21:20:59,2018-08-03 00:00:00
51be998db4a4853bbb4aa99da629b94c,35addbf15264e475a9c766fbf3c3e476,delivered,2017-05-29 15:22:27,2017-05-29 15:30:16,2017-06-05 15:56:28,2017-06-08 17:36:31,2017-06-16 00:00:00
5525404ad9f5043e1164e6833b2c24ca,620a6ed652d20f54b917209d9626fd69,delivered,2018-02-20 16:06:00,2018-02-22 02:10:25,2018-02-27 00:18:49,2018-03-09 13:58:28,2018-03-16 00:00:00
714f94b6231908bda17ea75f8f9e7c11,ba0bea7f44a1a453f3375c06bbc9ffcd,delivered,2018-05-04 08:21:22,2018-05-05 03:15:13,2018-05-14 11:02:00,2018-06-12 01:42:30,2018-06-06 00:00:00
9cd3b6a2b07667e425975a219b4fc382,f44729d81505dfc0b3e20396543f15f1,delivered,2018-05-08 20:38:56,2018-05-08 21:11:41,2018-05-09 15:08:00,2018-05-14 20:28:34,2018-05-22 00:00:00
9eece2f7708adaddeabd82f4f0a02be2,baad5e4d34d5785fb9530d6faca59d15,delivered,2017-11-12 15:06:10,2017-11-12 15:26:07,2017-11-17 20:48:29,2017-11-20 15:22:52,2017-11-28 00:00:00
3d2538dbdbc283f9cb3e187912cf770a,325b5d790e8073f024106b02c6506918,delivered,2017-10-20 23:19:10,2017-10-24 03:14:09,2017-10-24 21:34:05,2017-10-25 22:48:59,2017-11-01 00:00:00
97a7c1a54e3b84c6e2a2208198f48393,1842254f8f4673251a9953dc8d5f0fa4,delivered,2017-05-16 07:31:37,2017-05-16 07:42:32,2017-05-16 10:50:14,2017-05-22 17:15:10,2017-06-05 00:00:00
3d565e5b4a2b7158e738fb3cb2056499,23cdebe2d968c734d7fcc9b18fe92a6d,delivered,2017-05-26 19:18:40,2017-05-26 19:30:17,2017-06-01 11:48:30,2017-06-09 15:04:31,2017-06-16 00:00:00
d9715bd8635503e2e6bf01a078df8c10,aec725772b56e7153b8a488c13d78468,delivered,2018-04-09 20:45:28,2018-04-09 20:55:38,2018-04-10 17:07:28,2018-04-17 00:28:21,2018-05-02 00:00:00
19c37103c79e5f4a03f5fcc5b1fe97e7,3caadfc7a9d597bc39c06f5687229471,delivered,2017-07-05 21:40:03,2017-07-07 02:43:51,2017-07-07 18:08:50,2017-07-20 13:10:15,2017-07-27 00:00:00
17aa9a5c5b88ebd15ca795d8058eccad,6edea7df6a0f1cf05f87207421203b9a,delivered,2017-10-19 18:40:36,2017-10-19 18:56:55,2017-10-20 21:24:10,2017-11-07 21:32:28,2017-11-13 00:00:00
ad68ada2adbaeaf13d4da68703e0a301,803694c5bc5970e4eed265e5d31127c1,delivered,2017-11-30 22:27:53,2017-12-01 10:30:56,2017-12-05 19:12:33,2017-12-18 19:29:19,2017-12-26 00:00:00
34fc07c730847e0b63265acd9b7be198,cd231250cef44820e21c182155927cc8,delivered,2018-05-02 19:26:50,2018-05-04 03:31:33,2018-05-04 12:28:00,2018-05-10 22:19:26,2018-05-28 00:00:00
d2ae87feb1ea088e9e6d5621efb22dd2,b886756a285d85972dfb79475275e9bd,delivered,2017-08-30 11:42:42,2017-08-30 11:55:12,2017-08-31 16:30:15,2017-09-01 18:43:49,2017-09-12 00:00:00
9703eb84b4433601ca6171b79e26ce1c,65d9c386ee0eb43e165aded25bff79d7,delivered,2017-08-25 14:04:12,2017-08-26 02:24:50,2017-08-29 20:22:37,2017-09-11 17:49:59,2017-09-19 00:00:00
002611a77fe03d076285fd4ca95db77c,2b6cb6a4852a866c3b71dcbc7c5a2fce,delivered,2018-02-27 17:46:23,2018-03-01 02:49:09,2018-03-02 03:12:49,2018-03-22 19:03:31,2018-03-26 00:00:00
0a1ff79efed81178cd6303f7704e96da,87b562396562e68f82047746fe64b167,delivered,2018-04-09 14:33:46,2018-04-09 14:50:42,2018-04-11 14:18:35,2018-04-25 20:21:05,2018-05-08 00:00:00
4f899ca2d40460c7af01f7edb20f9bd7,299506f02772452aeb1f6f1d27b7b0f8,delivered,2018-03-01 13:28:09,2018-03-01 13:50:51,2018-03-10 00:28:50,2018-03-21 16:50:59,2018-03-19 00:00:00
11b33f091608b48c86184dcfd339dc9e,ad0cff75dce98e304964d36a660ca06d,delivered,2017-12-21 04:47:03,2017-12-21 04:59:32,2017-12-22 20:57:01,2017-12-23 16:29:26,2018-01-10 00:00:00
500da3334d495dbdd1c35b6d1a33c004,bcccbf3c3d4f4b9c15bace9a340ebdd7,delivered,2017-09-26 21:25:47,2017-09-26 21:49:43,2017-09-28 17:40:12,2017-10-18 13:47:59,2017-11-01 00:00:00
f6b9db7ac3bc6be81597b909a90978fd,5961bc3b38a25ff2df5f3d364232c0df,delivered,2017-08-22 19:57:12,2017-08-22 20:10:39,2017-08-29 20:44:51,2017-09-08 20:13:08,2017-09-18 00:00:00
d8a8159f236db0b16fc43e3ceeed32be,fe20e5d9ad97fe0bf421a94b7a17da6f,delivered,2018-01-11 22:44:31,2018-01-13 02:05:31,2018-01-16 19:42:57,2018-01-17 22:28:38,2018-01-30 00:00:00
51efa345a1180ca3879442a31b0a265a,904805ce22729b9b724813c35df3973c,delivered,2017-05-20 01:57:17,2017-05-20 02:10:15,2017-05-29 12:45:45,2017-06-24 10:23:54,2017-07-19 00:00:00
f2e5bcbd102cd01f16e0239684fd2fa4,b2b6830d17c40f00785266367991bc0d,delivered,2017-12-25 22:15:44,2017-12-25 22:27:15,2017-12-26 18:39:23,2018-01-15 18:47:37,2018-02-02 00:00:00
fcca6c3fefb03709360cbcc79f2ff73d,8d6f8996611cdb40523b0d0f5a01192f,delivered,2018-06-27 07:09:47,2018-06-27 10:51:56,2018-06-27 10:18:00,2018-06-28 16:22:29,2018-07-12 00:00:00
07da7d9fe6a7a8388af1f996b3bb0472,77ed46145075364809e072ff0cb625dc,delivered,2017-12-18 21:18:04,2017-12-18 22:14:29,2017-12-19 19:33:52,2017-12-26 20:34:53,2018-01-23 00:00:00
add699884e555b7dc441e33f35ddade0,89973f1f8bf114f269edc752c90205ec,delivered,2018-05-29 13:50:59,2018-05-29 14:11:40,2018-05-30 11:00:00,2018-06-11 20:37:39,2018-07-11 00:00:00
c8fa48f1b2af19f06cd1ca3b5533bd0e,91b81b40f58d76adb310d312bfe6dbde,delivered,2018-07-03 09:10:24,2018-07-05 16:30:49,2018-07-05 13:59:00,2018-07-13 19:06:45,2018-07-27 00:00:00
3cc50a462016d06a3cebf8f5731d3ee6,275232a5e605bb6d1f97eb77679bfd0f,delivered,2017-11-23 20:26:23,2017-11-25 05:19:24,2017-11-28 19:08:30,2017-12-06 22:37:16,2017-12-18 00:00:00
2e3d2ade3d9a549848f6a576ae8f9da2,f08339cfb2ba529657df3cbd1d94e895,delivered,2018-07-25 13:05:52,2018-07-26 12:55:21,2018-07-27 14:51:00,2018-08-02 22:58:32,2018-08-10 00:00:00
05f9e5c577faa3a272454a2ceed5c64d,2a1ea3b265ba56bb61bb9a4aafd506f7,delivered,2018-04-14 20:23:39,2018-04-15 20:30:47,2018-04-17 17:08:33,2018-05-25 13:20:50,2018-05-15 00:00:00
f02e403f6f0d04b6412c5ef370b0a052,3c091938eb975e0dc733c67ed6a20556,delivered,2017-11-14 10:55:16,2017-11-15 02:55:37,2017-11-16 14:12:43,2017-11-23 19:42:17,2017-12-06 00:00:00
a3cf24eff0b2bd4737149569c12c4ef0,92b0f411a55161c19c8001f8ec75dffb,delivered,2018-03-05 19:28:16,2018-03-05 19:35:28,2018-03-09 16:01:46,2018-04-03 22:26:43,2018-04-20 00:00:00
c031499c4cbb79432ca006cef2104302,0baab1610b0c82a7ae994257ffd792dd,delivered,2018-01-27 22:01:00,2018-01-27 22:13:28,2018-01-31 20:53:38,2018-02-14 12:38:33,2018-02-22 00:00:00
47dc0ac51de82d69a50b926808fa9720,c7041f9f3e88d79bf3c9f3bd1d9e6786,delivered,2017-05-21 11:53:21,2017-05-23 04:10:24,2017-05-25 09:32:50,2017-06-09 10:49:31,2017-06-05 00:00:00
f04e5abb2044dbb28bbdd9aa470e4e8a,7b34893f52edb267bde212630697b87e,delivered,2018-03-07 17:19:30,2018-03-07 18:01:27,2018-03-09 22:16:23,2018-03-15 22:56:45,2018-03-29 00:00:00
c99763ba8bcad2845131b6e9d2f203fc,781fa4901df881dd232d4c813b933cf1,delivered,2017-08-27 17:51:48,2017-08-27 18:04:34,2017-09-06 21:25:50,2017-09-18 19:57:42,2017-09-19 00:00:00
02c6f38cbd2d15df19cf2621019823fd,2cd1a450888a4cc3d4b8c5ed6482fe47,delivered,2017-07-06 09:08:36,2017-07-07 02:55:18,2017-07-11 20:32:08,2017-07-18 18:42:10,2017-08-01 00:00:00
fec1d349e48ee1bf9ca3fb0ffa9c8051,73815b917619ee6bf2b4b1849573c3ed,delivered,2017-02-23 21:39:24,2017-02-24 21:45:14,2017-03-02 09:28:45,2017-03-08 13:48:40,2017-03-20 00:00:00
d9d4a02bb9f1087deec1dae728740cdb,15649dc883a22d86b0e9dd1466d39057,delivered,2017-10-12 15:30:47,2017-10-12 15:49:25,2017-10-21 11:56:44,2017-11-09 20:32:36,2017-11-01 00:00:00
917e10fa00bd5acea0532dac72f09e68,d6e06531baf59b2a49ac89e25a371b1c,delivered,2018-03-22 14:57:57,2018-03-22 15:15:31,2018-03-23 23:28:43,2018-03-29 14:03:31,2018-04-12 00:00:00
fd8ca4a133991717f16d0e8e32f01ea5,5bc80b3b16512dac479fd0659856a37e,delivered,2018-05-09 23:04:41,2018-05-09 23:15:17,2018-05-10 14:48:00,2018-05-23 18:58:29,2018-06-08 00:00:00
667a47b3d52c6e88390b50708a061561,ac3bec5029595891991d409e6a428c29,delivered,2018-07-28 13:10:24,2018-07-28 13:44:35,2018-07-30 12:46:00,2018-08-02 18:16:50,2018-08-15 00:00:00
284b41fb8245e3c8c07c32ddb7572217,e399494c4a16c311b455c8ee01aff5f6,delivered,2018-02-15 09:11:58,2018-02-16 07:50:50,2018-02-19 21:41:49,2018-03-02 18:33:06,2018-03-08 00:00:00
b1a7bd6a9d10076c91e88bc510406b46,042b53f9e609289d8f6fcbd59b4acf63,delivered,2018-04-01 00:27:33,2018-04-02 00:30:00,2018-04-14 00:06:28,2018-04-26 13:04:13,2018-05-07 00:00:00
7453ef59db78206e7036df2120481509,15763cae6157b08e4d71d8500d5793e9,delivered,2018-07-09 21:50:54,2018-07-10 09:05:27,2018-07-12 11:38:00,2018-07-26 20:24:41,2018-08-02 00:00:00
8bc4af714d330b4c50ddabcce0550857,4c6e449385f395b15ff0c965aa99d400,delivered,2017-12-04 19:30:41,2017-12-05 04:12:24,2017-12-06 22:17:06,2017-12-13 22:14:52,2018-01-04 00:00:00
edf6ca78e2f6def9edbec6b61c2194bb,da650708e2f0b63796c04b0f05080902,delivered,2018-04-17 16:58:12,2018-04-17 17:10:50,2018-04-18 20:36:42,2018-04-24 19:36:46,2018-05-10 00:00:00
abf9950af8a882a28b85426d81ea7c0f,e92a9266b68760ad4d246fe7a7c24a78,delivered,2018-02-09 18:13:56,2018-02-09 18:25:28,2018-02-20 20:35:16,2018-02-27 22:39:09,2018-03-09 00:00:00
0bb34cb6a7308c8a0be897369360bcd6,dfd31f8e07d6a7078ae3c8119cef1c2e,delivered,2018-04-04 13:47:32,2018-04-05 13:48:42,2018-04-05 23:55:18,2018-04-09 22:32:13,2018-04-27 00:00:00
78ee9d46bf8b130d3b16715c5022413c,1fcab6511187a5fa06953d7c28afe307,delivered,2017-12-12 16:04:12,2017-12-12 16:16:29,2017-12-13 23:52:49,2017-12-18 18:49:50,2018-01-05 00:00:00
dc8a0e6deb56f56aec40546b51c53266,2f9798fb3d3620d8515475f0949ac978,delivered,2017-10-18 20:10:24,2017-10-18 20:26:22,2017-10-24 15:46:44,2017-11-03 19:38:04,2017-11-13 00:00:00
656dbb4c6b66cb06a7ffd47823b6345a,1c1f87806ef329fd59618c8f50a3ef1d,delivered,2018-06-08 11:15:40,2018-06-13 23:32:29,2018-06-08 14:40:00,2018-06-18 21:40:48,2018-07-04 00:00:00
229c6f4c4900cdfacac89de57227e7cf,9bb66aaab74a7cb0074d00fe363be1e5,delivered,2018-01-17 20:43:27,2018-01-19 16:59:48,2018-01-23 11:18:01,2018-02-05 20:37:08,2018-02-19 00:00:00
55bec4dbd259b205d1705c846cb8114f,bc34487eb979ebc8d9903ff8c30960a2,delivered,2018-07-18 16:01:20,2018-07-18 16:10:25,2018-07-19 11:11:00,2018-08-01 21:50:56,2018-08-09 00:00:00
f06d767fc2a50ef403402d3ce1d5c7c8,a131489364a9e1b312f4d73c52299dcc,delivered,2017-12-30 10:29:21,2017-12-30 10:38:17,2018-01-02 23:16:15,2018-01-13 14:15:20,2018-01-29 00:00:00
d2ed261659527fede5c1fe6fc288c366,e2ee6c95afa33fb8a44f3539e9eb5ebe,delivered,2017-11-13 23:25:24,2017-11-13 23:35:39,2017-11-16 18:09:12,2017-11-21 17:23:08,2017-12-01 00:00:00
e48db3b231e0ad61656e81b4c9311dad,b974507e8ada31a7590a68117ce93e08,delivered,2017-01-31 18:44:31,2017-01-31 18:55:15,2017-02-06 10:16:11,2017-02-14 16:27:37,2017-03-15 00:00:00
ec9a45db197262577280e38de1889f3f,41ab2e5e7d423b1a7796f181cce560cf,delivered,2017-06-05 19:43:28,2017-06-06 13:25:39,2017-06-08 09:55:42,2017-06-19 18:46:43,2017-07-04 00:00:00
abff5d60e5e2c3597532dd698c8b7e1d,73d003b6671d9702bf0a757cc4571529,delivered,2017-07-25 12:34:16,2017-07-26 02:15:32,2017-07-26 18:39:32,2017-08-02 21:25:51,2017-08-18 00:00:00
92e0a2b039d9ce627cbcc94ecf879f87,1ff8a1ae692a49c3204aa327a2c9cc7f,delivered,2017-11-13 15:19:44,2017-11-13 15:31:35,2017-11-14 19:58:58,2017-11-22 21:56:49,2017-12-01 00:00:00
6ac81ce742f436d1d7de699cb7355a81,8d16aed7e93d43028371270fe228b822,delivered,2018-07-25 13:25:22,2018-07-25 13:35:17,2018-07-27 12:12:00,2018-08-01 18:34:34,2018-08-22 00:00:00
5db3a02e1307a5ee2ee228738a72d4d7,59ff2a7b48eecca51957c440128ea697,delivered,2018-02-11 11:23:29,2018-02-11 11:35:22,2018-02-21 21:25:00,2018-03-08 12:31:42,2018-03-07 00:00:00
51e99264659d47b097309553e1d580dd,c0b973b939fe3dfb9816e50acebcd597,delivered,2018-05-21 08:47:36,2018-05-22 08:34:07,2018-05-29 14:09:00,2018-06-11 20:36:25,2018-06-21 00:00:00
eec5a5f87ba565c451bd208e03ed3b2a,ee314c2fe1e72ee78535c5564f24e8aa,delivered,2017-10-02 22:38:35,2017-10-02 22:49:28,2017-10-06 18:39:05,2017-10-17 01:19:27,2017-10-24 00:00:00
3a970d6ac33a077a7c041912c4d8d560,d4808f8089e802626c8eff03e6e057ad,delivered,2018-01-24 19:38:51,2018-01-24 19:57:24,2018-01-26 21:34:00,2018-02-06 17:31:39,2018-02-16 00:00:00
b89a164ebd4447db59b194c2b4fc90fc,400d32a746957150cd0cfba06292d6eb,delivered,2017-09-22 19:46:46,2017-09-22 20:04:09,2017-09-25 18:32:49,2017-09-26 18:18:02,2017-10-09 00:00:00
92841cc24435590294fb25f6938e295e,326d2b73d71fadf278bb58a956acaeae,delivered,2018-05-16 21:36:57,2018-05-16 21:54:52,2018-05-17 08:00:00,2018-05-22 16:07:47,2018-06-04 00:00:00
abfd1269870ad7d9a39d6bdfd5e77ad8,73678760a21b17d7d3aaa15b4041c6f4,delivered,2017-11-25 22:59:58,2017-11-25 23:12:26,2017-11-28 15:41:43,2017-12-13 17:51:40,2017-12-20 00:00:00
6153dde2f6f01bdd93c35be85fed898d,f92002d38cf42e7f91042c9cb948c326,delivered,2018-07-22 15:14:33,2018-07-23 12:32:13,2018-07-26 12:17:00,2018-07-28 20:24:40,2018-07-31 00:00:00
5ee618be393518b59506e4a5a6e6d064,e9d118d97d5f24cfbc5a96f1a057f083,delivered,2018-06-13 13:33:41,2018-06-13 14:31:25,2018-06-15 05:05:00,2018-06-18 19:42:03,2018-07-05 00:00:00
a6ecdcdd328d131fadda339f95ca1705,93fd2b69b9d0c330e9749b323402e41f,delivered,2017-05-06 16:14:56,2017-05-06 16:25:15,2017-05-09 08:18:51,2017-05-11 16:27:56,2017-05-31 00:00:00
2fcd7fa5d8729fd6dddd51369b36edcd,031c996d15d1e1b6bfe5abb0e4583e9b,delivered,2018-02-25 05:15:59,2018-02-25 06:20:26,2018-02-27 22:09:38,2018-04-16 20:42:01,2018-03-21 00:00:00
bf4f668d122d55a591b4b205aa25d13c,ea6c726a9ca86a098522ed490e0004f2,delivered,2018-02-12 17:55:42,2018-02-12 18:08:15,2018-02-16 01:08:57,2018-03-07 00:13:29,2018-03-14 00:00:00
66f09793372dff42b079b7578f7157ee,e16b9b83c234182b056d65f982e5225d,delivered,2018-04-29 13:33:31,2018-04-29 13:51:04,2018-04-30 15:03:00,2018-05-02 18:31:58,2018-05-14 00:00:00
efd2e87c44bebee6e88c8677e9e94448,8ff8fae111c2721dcbbeb6aa5ae9dd1c,delivered,2018-04-14 12:04:50,2018-04-14 12:15:13,2018-04-24 02:08:32,2018-04-27 20:03:25,2018-05-11 00:00:00
e74059734326eb12073dc5cd441fccb6,80ab4585890fb5396fa66cb58066447d,shipped,2018-06-14 09:34:08,2018-06-14 09:58:15,2018-06-14 14:26:00,,2018-07-13 00:00:00
119b6b27a344f78d540a9fd0f01cfcb2,deebff8a88f096e12991c0f1caa309d3,delivered,2017-06-01 18:11:07,2017-06-03 02:22:42,2017-06-08 08:56:36,2017-06-19 15:13:17,2017-06-26 00:00:00
334c65aeb7365a6d5acee2e43ab3b2d2,9b208d7e04cbcce3ee8db0e48376ba02,delivered,2018-05-15 14:03:08,2018-05-15 14:35:43,2018-05-16 13:54:00,2018-05-21 17:18:54,2018-06-04 00:00:00
24f0c9ab155a9acb341bd5ad8aec7c12,b6635863d833ab6661d784ac6055af1a,delivered,2018-01-23 23:08:12,2018-01-25 02:58:28,2018-01-25 16:19:16,2018-02-06 18:46:52,2018-02-20 00:00:00
6ded814a50d02c15369b8b7fdff6a3e5,96c221428626e9522b8df0d8af8c9b57,delivered,2018-06-01 17:51:35,2018-06-01 18:11:15,2018-06-04 10:24:00,2018-07-04 21:08:42,2018-07-19 00:00:00
70607d8252a17da1eece85cc656be12f,07f9050ef14834cfce65424d0b3c0ade,delivered,2017-12-06 20:05:15,2017-12-06 20:17:27,2017-12-07 17:18:50,2017-12-11 23:23:04,2017-12-22 00:00:00
ae820ecd285ee7d0db7eac6f69049b36,d97fad07a651f184b161908a56958e67,delivered,2018-05-11 13:19:52,2018-05-11 13:37:03,2018-05-15 14:20:00,2018-05-22 21:33:34,2018-06-06 00:00:00
0a50b1ae078d9638440048842b7cd5c4,030c88df740faf58e3bbf38fe25c1743,delivered,2017-09-28 15:57:29,2017-09-29 20:49:24,2017-10-05 16:43:13,2017-10-13 23:24:57,2017-10-27 00:00:00
89f8602d413491ac3de45d5b5ea6406d,3538091afd540ab6e463b49ddca8ff86,delivered,2018-03-19 23:34:53,2018-03-20 14:55:36,2018-03-22 19:09:34,2018-04-11 16:52:49,2018-04-10 00:00:00
a1febcd7f2bb8c5d385172a4fb4c7abe,f0063eff5de6c74e859ef5b403316c53,delivered,2017-11-07 21:34:38,2017-11-09 04:31:05,2017-11-10 18:25:02,2017-11-21 22:26:52,2017-12-04 00:00:00
d37e5fd46260d155c82da890cb64e7c9,e8cca4cf04f8a171b797aa629b5f9818,delivered,2018-04-17 19:40:59,2018-04-17 19:55:18,2018-04-18 22:16:26,2018-05-08 20:58:25,2018-05-16 00:00:00
73d609151d68d82b9e930d9e14458b61,d5842d939b29486593a603af0718d347,delivered,2017-04-07 16:55:46,2017-04-07 17:05:20,2017-04-10 16:34:59,2017-04-19 16:45:54,2017-05-15 00:00:00
4b1fd4c19cb4a9c1dc657af8a028d002,810c7f3d2980da39feb31e235cc6875b,delivered,2018-02-07 12:57:23,2018-02-08 11:50:32,2018-02-14 19:59:04,2018-02-24 01:19:54,2018-03-22 00:00:00
56bbc7d92e6e74b8782abbf5ee336a92,683d4350de84ced70a81bfb3cbd124a5,delivered,2018-03-30 10:40:22,2018-03-31 10:35:14,2018-04-13 21:02:23,2018-04-16 18:51:48,2018-04-27 00:00:00
a00a8c938ecc721a55b033b93e8deeee,a0f778ed638bdec7e0111278461d4298,delivered,2017-02-21 17:44:37,2017-02-21 17:55:07,2017-02-22 13:51:26,2017-02-24 12:28:01,2017-03-20 00:00:00
dc9a03dbf9afa19253012ac1391cc00f,2675b80d5228e7a25bacab60bbad136b,delivered,2017-06-11 12:13:18,2017-06-11 13:05:46,2017-06-12 14:26:58,2017-06-22 15:14:49,2017-07-05 00:00:00
7d7f3cbab666fd1e2f103d28b2c9bc64,7ad723676801aa4af929c35a4adfccc6,delivered,2017-08-23 10:59:45,2017-08-24 14:26:01,2017-08-28 16:16:50,2017-09-05 22:13:16,2017-09-26 00:00:00
bd23f37e365507db2b5b5b624b413315,3f7e2ff85b0210e92f5b1d447b687526,delivered,2017-02-28 18:50:42,2017-02-28 19:20:18,2017-03-01 15:51:24,2017-03-17 10:27:59,2017-03-23 00:00:00
e1d639704794372882078d60df591264,a6e559ec06e9b44d48ea61550d678be0,delivered,2018-07-20 10:26:30,2018-07-20 10:35:17,2018-07-23 09:01:00,2018-08-01 22:03:42,2018-08-07 00:00:00
f1f4bec57caa5671e6bbd650b5872beb,d35fcaf8e2d179c2ad758ae8beadc501,delivered,2017-05-22 19:19:11,2017-05-22 19:31:04,2017-05-25 10:43:07,2017-05-30 15:24:35,2017-06-30 00:00:00
7416d9c6f5591dce41f59d37ad4bb455,40fa92ce8b219824246c14322273f980,delivered,2017-07-11 14:37:55,2017-07-11 14:50:22,2017-07-14 21:03:55,2017-07-19 16:27:56,2017-07-24 00:00:00
81a091e3899d0cf00a11d67dbefd9ad8,c34a9286b9228cc5cb648c5322bf6b60,delivered,2017-07-28 18:25:45,2017-08-02 08:32:02,2017-08-02 21:14:24,2017-08-10 18:17:27,2017-08-21 00:00:00
917d66c0042ba4ce09a08ed7023da134,8c226d629a25b1f978d0d9755a20194b,delivered,2018-02-08 21:46:05,2018-02-08 21:55:27,2018-02-14 20:42:43,2018-02-20 12:45:37,2018-03-06 00:00:00
2873848ac91aacd7879b4ef97d16a609,1f41af4ec95a7ff53a851760a3dd9ca5,delivered,2017-07-15 11:02:03,2017-07-15 11:10:19,2017-07-19 16:42:28,2017-07-31 16:51:59,2017-08-04 00:00:00
03e99d63b25fc441524d77bda33ab136,db157e43885bae83e589dff79ed78d87,delivered,2017-09-02 10:36:02,2017-09-02 10:50:17,2017-09-04 20:45:55,2017-09-12 22:32:44,2017-09-29 00:00:00
acadc00c2b280644767e83d013d3f47c,f0421b00c0b2d8c5b87222c9b430eddb,delivered,2018-01-12 23:10:11,2018-01-13 00:07:17,2018-01-17 18:03:09,2018-02-05 16:18:08,2018-02-21 00:00:00
4a8f891261e65e3492bec04649cbaf57,bfeae3a6ba2dd0e5ae0a6271f8b0355e,delivered,2018-05-08 12:06:54,2018-05-10 03:09:52,2018-05-10 15:28:00,2018-05-14 16:21:58,2018-05-29 00:00:00
1336f606c90f42fa3302dcff60ea0164,ca6d2d41a751a2d03f9864958b89e448,delivered,2018-04-12 09:32:11,2018-04-14 02:13:35,2018-04-17 16:52:42,2018-04-27 00:26:30,2018-05-02 00:00:00
824abb0e495f59750ecceff64e86459c,4621a8ca6e0258e9915ec96048cd8530,delivered,2017-11-10 12:37:39,2017-11-10 12:47:15,2017-11-14 14:06:35,2017-11-16 23:12:19,2017-12-11 00:00:00
9bd5312d12f48b04a460f702baff3d8c,4d145fd1d3245cbb3697dd41b4bcf19b,canceled,2016-10-06 20:43:30,,,,2016-11-16 00:00:00
fccfd7d65e6d0ffd540eebaf81c2a29b,68c31b12f27434b3b34df858064dd050,delivered,2017-09-18 22:55:10,2017-09-18 23:05:15,2017-09-21 13:28:02,2017-09-28 18:51:49,2017-10-17 00:00:00
de088e6f998f5de89b21882cd761baea,15202e50db249d6ac603e8cd4f0f7d32,delivered,2017-08-07 20:41:30,2017-08-07 21:23:37,2017-08-09 21:32:50,2017-08-22 18:34:10,2017-08-31 00:00:00
7dd14a0d3250425a092bcd0553dfff96,7b95b3bd6da3eba1efeaa958970e5dfc,delivered,2018-03-26 11:49:51,2018-03-26 12:10:37,2018-03-29 23:10:51,2018-04-12 19:38:40,2018-04-26 00:00:00
5480f040b65927b72574473cce844a76,3ae0ee80becb5e9de195f3cdd8487ebb,delivered,2017-08-30 17:53:35,2017-08-30 18:07:47,2017-08-31 19:32:28,2017-09-11 20:29:52,2017-09-21 00:00:00
9a25f8f4708b9143f6583aecb14d9558,c10bfedb98006b4fbd246a0c0517d3cc,delivered,2017-12-11 18:01:05,2017-12-11 18:31:28,2017-12-13 13:26:53,2017-12-20 18:35:17,2018-01-04 00:00:00
2f80f814bc64931dfec546e11216cbef,ae38ef6cb160d7a30f766262bb1f87de,delivered,2017-03-01 18:05:25,2017-03-03 02:15:46,2017-04-13 12:47:51,2017-04-13 16:54:01,2017-03-22 00:00:00
2a77486c2acba8e720f37dbcf59da02b,5f7c9cafb2507ad4331d213079528c08,delivered,2018-01-25 12:40:43,2018-01-25 12:59:34,2018-01-25 23:07:40,2018-02-09 21:38:53,2018-02-23 00:00:00
96637aa17954c0d0eb8fdb2571cf7342,f903d45628e30613796b655e228d612e,delivered,2018-02-18 14:21:01,2018-02-18 15:26:47,2018-02-19 18:22:47,2018-02-22 20:58:50,2018-03-23 00:00:00
2560c2a66dfe3341ce8a57a8e268a5c0,d72a1badf2ff0224f537c351bc0fe0be,delivered,2018-04-15 22:51:45,2018-04-15 23:10:00,2018-04-23 23:45:00,2018-04-24 16:04:58,2018-04-27 00:00:00
bc1b17c4df3e09a8dd95e9db2ddd1772,0632cb63610a5d7d5da9a4fb595dd101,delivered,2018-06-13 15:41:12,2018-06-13 16:19:51,2018-06-18 11:55:00,2018-06-25 16:32:29,2018-07-19 00:00:00
3cbd4333ba67528bd122a8ad17b73821,8f94704bfa222cc9bb083685a9e8e83a,delivered,2017-11-19 21:06:33,2017-11-22 03:26:00,2017-11-23 21:51:36,2017-11-28 21:47:40,2017-12-07 00:00:00
c01a11381559251411c136d6a8b1ee48,210b08387f3c6ad661e503e31e713a72,delivered,2017-05-08 17:24:01,2017-05-08 17:35:10,2017-05-09 14:19:21,2017-05-22 09:17:34,2017-06-07 00:00:00
45211f00dfa76aed1c20d6910d973222,903ac1be571f2dc655f9083ffc936ce6,delivered,2017-10-30 15:35:32,2017-10-30 17:31:35,2017-10-31 20:36:37,2017-11-08 17:34:39,2017-11-24 00:00:00
44d079b84edcef02c872e157438940e7,45acbc0c78c9f43f006f7aee4ebf5bb5,delivered,2017-06-15 10:04:31,2017-06-15 10:15:22,2017-06-16 10:39:32,2017-06-23 10:56:55,2017-07-12 00:00:00
01e84dcdea7f8180214c9cf9f058f0dc,808cfcd5c83849bfb0c7bf25edd97b2b,delivered,2017-10-31 11:10:46,2017-11-02 02:46:27,2017-11-06 18:38:27,2017-11-09 20:09:45,2017-11-17 00:00:00
95962f933dc8f1cffffaf4fed75d2a5f,6b5d57455338ea24dab031125c3ef1ce,delivered,2017-12-11 13:46:57,2017-12-11 13:58:42,2017-12-11 23:41:41,2017-12-21 22:16:46,2018-01-04 00:00:00
fdcfac31e5f5d7565dd18cf903696ece,2d7b04120ef4ed7a3903b6c54dfd6c7a,delivered,2018-04-15 04:30:11,2018-04-15 04:52:26,2018-04-17 22:35:47,2018-04-24 21:52:39,2018-05-09 00:00:00
e4d06000ac16498e7b6b7614cf7a4b09,1a60a8db259932e22cdc14ac1cc25df0,delivered,2017-07-19 11:37:33,2017-07-19 11:50:24,2017-07-21 17:17:22,2017-07-27 22:12:27,2017-08-14 00:00:00
b1b6c6679301e883c54342f1610a5360,16b44956cca18a175a2cab5956fea5d5,delivered,2018-01-27 19:08:43,2018-01-27 19:19:42,2018-02-15 04:26:38,2018-02-23 19:43:08,2018-03-12 00:00:00
d1115d0ed9dd324d055881a93441ee7e,878c7c46a4ed1541fc57e28a26d4d1e2,delivered,2017-11-24 20:02:43,2017-11-24 23:15:00,2017-12-04 16:08:48,2017-12-16 17:51:23,2017-12-20 00:00:00
5d38e21bcfe6ead5e9e882d4f8c828b1,77288bb8fa44aa8f566bee266398f2ef,delivered,2018-05-29 17:31:32,2018-05-29 17:57:21,2018-05-30 17:32:00,2018-06-01 19:42:35,2018-06-21 00:00:00
8855d9953624485990826e20fc9fc2e1,327833ddd43a3952b221f5b766739851,delivered,2018-07-28 17:55:27,2018-07-31 03:50:29,2018-07-31 12:58:00,2018-08-03 21:36:50,2018-08-20 00:00:00
f961f6ff8dc846665af87a48ff57069c,830ae12e8094f25ccbcac7f66c713ab8,delivered,2017-12-05 13:17:30,2017-12-05 13:30:45,2017-12-06 20:12:57,2017-12-14 02:33:23,2017-12-21 00:00:00
4b5f8550e687d71b64917312c8574b4b,a172fff2eeeec9bce6fd35f572e3c6c0,delivered,2017-09-20 15:37:43,2017-09-20 15:50:57,2017-09-21 21:10:40,2017-09-22 15:57:26,2017-10-05 00:00:00
1c946a77dee2c18c44a0a63296f128a5,5d25ae663725ff1ead4d0f72da228aa5,delivered,2018-06-16 20:14:00,2018-06-19 03:57:07,2018-06-21 14:42:00,2018-06-30 10:18:36,2018-07-17 00:00:00
fc47141e198b2f83882cef0cbbea6886,1e3a55090ca74ba9eb7030a2d7994569,delivered,2018-05-30 23:59:35,2018-05-31 00:16:46,2018-06-06 14:03:00,2018-06-13 17:41:33,2018-06-26 00:00:00
3579ad4440247fd01709d8583ae2c137,0c2350ac90a7c2d4a6f04bf7fa330125,shipped,2017-11-30 10:31:05,2017-11-30 11:02:21,2017-12-04 21:22:06,,2017-12-26 00:00:00
2fe02e6dc8bbbc397f61ba774414fa2b,ce58da87cd57a008be247552d15bbad8,delivered,2017-09-08 20:30:15,2017-09-08 20:45:08,2017-09-12 15:36:54,2017-09-20 17:17:59,2017-10-03 00:00:00
82171257a2cb92f1a042bbca64864a08,1f8ba8b0f133a1c149229baa78d0ec49,delivered,2018-02-28 12:33:09,2018-02-28 12:48:37,2018-03-03 16:56:55,2018-03-16 15:19:34,2018-03-29 00:00:00
2a7c74e0d94688e2a05240e3831ebb84,67ff305632dc87a289e2622e79b8e314,delivered,2017-10-23 15:16:58,2017-10-23 15:28:25,2017-10-26 19:35:10,2017-10-31 22:23:42,2017-11-16 00:00:00
1d7a6b5b87fcf498f7748f4790faa745,a6889c3ee5e603ff3fe0a580721e2a97,delivered,2017-12-05 10:27:20,2017-12-05 11:05:34,2017-12-07 18:58:47,2018-01-03 13:09:22,2018-01-08 00:00:00
0803296b40e2392a6d35771832ca1d7a,8305f05c711e3b117730f542d8d6deb5,delivered,2017-03-09 10:36:58,2017-03-09 10:36:58,2017-03-10 10:09:39,2017-03-24 17:26:58,2017-03-31 00:00:00
e2b56835030c81195a5f1d65a17a2c1f,f2ee282dfaf98e24c28fa41c2a7f28d3,delivered,2017-01-28 14:18:45,2017-01-31 04:32:47,2017-01-31 13:54:37,2017-03-03 13:05:15,2017-03-22 00:00:00
eaa3f732b5a4f293f5063246bd5dd67e,34ec582035f4cb42bea43bfa1335c204,delivered,2018-08-21 12:01:19,2018-08-21 12:10:35,2018-08-22 14:51:00,2018-08-24 20:08:46,2018-09-06 00:00:00
38abfeb6bcb069a97c3d5e8100f94715,ce0914328932472d11605cd48a1a99ea,delivered,2018-07-16 10:22:16,2018-07-16 16:30:53,2018-07-20 14:43:00,2018-07-25 19:18:22,2018-08-09 00:00:00
3ebcfe0e628a860eb240b63084495439,9737559a7914a851aa3edce6312afdc1,delivered,2018-07-13 20:12:46,2018-07-17 04:32:18,2018-07-17 11:42:00,2018-07-20 22:43:36,2018-07-27 00:00:00
0d4a3f1765974c4b0f1f07bb6ce1bda3,9718ea5126caa70bc31533a0e17f95be,delivered,2018-04-26 09:49:05,2018-04-26 16:10:50,2018-04-27 15:04:00,2018-05-01 00:42:29,2018-05-11 00:00:00
6e19c0ff384b7d4685333ee0a9342f21,6ea4abbec741ef9f6bb96b8838e2945f,delivered,2017-10-28 16:55:50,2017-10-28 17:43:06,2017-10-30 15:43:55,2017-11-07 19:14:56,2017-11-23 00:00:00
ae7a6fcae37c4fd96e077ee1fde4d819,b38d194bab9cd3c2d826174c0fcb0b18,delivered,2017-07-14 14:30:55,2017-07-15 03:35:20,2017-07-26 03:17:56,2017-08-03 19:35:47,2017-08-11 00:00:00
50bf77081d0fdd2e57dcff0acf8fefeb,6517a4169cc7d2d3023f15f279690686,delivered,2018-02-23 18:18:29,2018-02-23 18:30:41,2018-02-26 18:13:40,2018-03-09 00:18:29,2018-03-19 00:00:00
fb18685c951665e941f2a327f25a2976,f51d026d5d87ee1bc3bd4bf666055674,delivered,2017-08-08 22:39:06,2017-08-10 03:15:52,2017-08-11 15:56:00,2017-08-18 21:33:08,2017-08-30 00:00:00
c7f9a63be296b2be1bb5ad47c7d61dd2,7a7b07ccd2c458632d0b5fa19c5d0d94,delivered,2018-05-12 12:18:52,2018-05-12 12:34:17,2018-05-14 14:26:00,2018-05-17 16:57:56,2018-05-30 00:00:00
2c049735a0947b4e13924963336e5b3c,fd6f61091eaa73b3f00aadc3e396c306,delivered,2017-11-25 13:55:57,2017-11-25 14:16:42,2017-11-28 00:48:23,2017-12-06 17:13:05,2017-12-18 00:00:00
453637208a3014cd3d936c57865c0f53,7c55afb8e947ecdf41349e7eba5469fb,delivered,2018-05-15 21:45:58,2018-05-15 21:55:24,2018-05-16 06:34:00,2018-05-21 18:09:44,2018-06-01 00:00:00
1cee73866d7513dbc499639d14020ce4,af6b5c7327d3dc4e1c212fa747706713,canceled,2017-07-24 12:52:27,2017-07-24 13:05:20,,,2017-08-14 00:00:00
7dad3e4c9e11293ca4d3722f21378aca,d15003ad70a7b2ab161ce123726d8048,delivered,2018-01-05 12:11:48,2018-01-05 13:47:25,2018-01-05 20:49:03,2018-01-26 18:27:32,2018-02-06 00:00:00
7f9e8cb77e9702ff5d15ca7dbca58cc4,f66493b3020e1a19ee2b9cea6765c871,delivered,2017-11-07 20:10:36,2017-11-07 20:26:17,2017-11-08 17:11:20,2017-11-13 17:49:18,2017-11-29 00:00:00
23d00a56e9a6088d2263041613defe1a,d0f4990e0c61ef713a886046f56ff6f8,delivered,2018-01-29 14:38:46,2018-01-29 14:55:28,2018-01-30 17:36:56,2018-02-26 19:23:22,2018-02-21 00:00:00
73b3f1016ed8574c8260d57ac56522ee,015d22bc2ece484d2ec7a18dca4bfd66,delivered,2018-03-12 23:16:20,2018-03-14 02:50:58,2018-03-14 23:21:15,2018-03-19 22:34:49,2018-03-29 00:00:00
44f9bb85e9dfb3f106dd017fbd8b8006,213133b1f3d6d32a0380333e4ff1102c,delivered,2018-04-20 22:20:00,2018-04-24 18:10:37,2018-04-23 20:08:23,2018-05-01 16:02:34,2018-06-01 00:00:00
6a5743b4fba3fe11bd82fb9a759f703d,5b50a17129a0fbaa9501a3ff84bca338,canceled,2017-10-05 11:39:07,2017-10-06 02:07:18,,,2017-11-07 00:00:00
2ba82c07689c3a256a124747f1289937,e348da1d14e23c916f2515e3921e4501,delivered,2017-10-24 18:32:24,2017-10-24 18:49:59,2017-10-26 17:33:43,2017-10-27 18:30:08,2017-11-06 00:00:00
cf5e87e100797719b34cfb5855313b85,8928256d81a0cfd9f31f2def440f2f7e,delivered,2018-06-11 11:16:38,2018-06-11 11:40:10,2018-06-11 14:15:00,2018-06-20 20:07:31,2018-07-16 00:00:00
6a146f011803fde4127315fd933cc48a,e25a9348be62d74fb83085a98eca5e25,delivered,2017-05-16 16:14:09,2017-05-16 16:25:21,2017-05-17 12:06:07,2017-05-22 14:46:40,2017-06-07 00:00:00
a190e742e89ce74773221a6d4cba6f10,bfdd83e144a491776d882b2743b93704,canceled,2017-03-25 05:12:19,2017-03-25 06:25:10,,,2017-05-05 00:00:00
97f2d3fa09c8f66f8d26e81695161515,29706dd8a6c7fd616521a0d9611316a6,delivered,2018-06-05 16:55:20,2018-06-05 17:15:23,2018-06-12 14:39:00,2018-06-15 13:28:42,2018-07-17 00:00:00
a36b30ffa314719ec4905208a46387cb,9b505de3fb7c438e77f1a1bf5cc17678,delivered,2018-01-15 09:56:10,2018-01-16 07:09:59,2018-01-16 16:39:12,2018-01-29 12:14:58,2018-02-23 00:00:00
186bf8bd19e28345e618ad39706928bd,12fc379ba141a5881d614399dfaa214a,delivered,2018-06-17 10:38:59,2018-06-17 11:00:57,2018-06-18 14:19:00,2018-06-25 20:42:10,2018-08-02 00:00:00
ff8bdeef9673478654432c723a74309b,85d3b8bc192815c053a302118e117d92,delivered,2018-02-21 08:47:48,2018-02-21 11:59:37,2018-02-22 20:08:48,2018-03-05 13:13:59,2018-03-13 00:00:00
35a23162541ebaf7dafa1a7f30cfc9ee,6a381a27ed2ee89da9e87283aeed6387,delivered,2017-07-31 19:51:48,2017-07-31 20:10:12,2017-08-01 18:22:17,2017-08-02 16:25:42,2017-08-11 00:00:00
d9bde3a634ec04252eceffc6bef25ee0,b08f0b7d2087f0649c16b1215d467d81,unavailable,2017-02-16 17:46:10,2017-02-16 18:03:27,,,2017-03-21 00:00:00
3525e0e57f9d276d522d570bd46cb39c,780a6f1f890da521b37306aa08a6c4ea,delivered,2017-08-28 20:24:53,2017-08-28 20:44:58,2017-08-29 20:37:45,2017-08-30 16:17:59,2017-09-08 00:00:00
eb3042b24ee09562fc9367cd1c24947c,c84260b7f095d358bf8725ea674e334b,delivered,2018-02-07 15:15:13,2018-02-07 15:30:09,2018-02-08 17:44:12,2018-02-21 16:11:57,2018-03-14 00:00:00
acf46500e7a3027d1314833501c92fe1,19e8f4d4466c9f0a4b63bf4d4e64c49f,delivered,2018-02-06 15:52:42,2018-02-06 16:11:49,2018-02-19 13:28:51,2018-03-09 14:31:15,2018-04-09 00:00:00
bc8866dda1be8cd6c2c25531c5e5a9d1,becbc336d10b4a9302b0b551d5aa35cf,delivered,2018-03-27 16:19:41,2018-03-27 16:30:19,2018-03-28 19:23:30,2018-04-06 23:16:43,2018-04-19 00:00:00
3f44822628f0c503e75fad73768c844b,daf49c01292933b5775c2432f4798801,delivered,2018-01-25 02:55:10,2018-01-25 03:16:40,2018-01-25 19:19:08,2018-02-02 01:45:36,2018-02-09 00:00:00
3c3176ab41411c8dfb63696074915868,5d0529e7825d35f43ac5c524454e5a0c,delivered,2017-12-20 11:47:39,2017-12-20 12:10:44,2017-12-21 22:06:47,2018-01-11 19:58:56,2018-01-19 00:00:00
d813035bf048e38cbc188dec25b228c9,7c60c84731b8e58a42689eaab73eda48,delivered,2017-11-25 00:04:49,2017-11-25 03:10:47,2017-11-28 23:18:47,2017-12-20 17:18:23,2017-12-18 00:00:00
0181409c6498f79e161dde79c2a7dc59,55e0503dded8ecd07b56fd84bf06a342,delivered,2018-08-01 15:05:14,2018-08-01 15:40:11,2018-08-03 13:24:00,2018-08-09 20:03:13,2018-08-14 00:00:00
f2c779d9e158d2f63b66a26883fbedb3,7b0f60c42e336230177a50e06afb66a2,delivered,2018-04-01 17:57:22,2018-04-01 18:10:14,2018-04-05 00:05:21,2018-04-09 21:32:08,2018-04-25 00:00:00
a9686c0571545415d88bd292ad5ea792,badcb16575af12e8b9dffb5ff5ac652f,delivered,2018-01-09 18:30:27,2018-01-12 13:48:58,2018-01-13 02:33:26,2018-01-16 01:24:26,2018-01-26 00:00:00
76b8ef6b0f6db30a373e60af37961b2f,ac297eac8d48f3561ed2f5f84c439cfc,delivered,2017-07-18 11:11:07,2017-07-20 02:15:44,2017-07-21 19:41:24,2017-07-22 12:11:59,2017-07-31 00:00:00
d3458eb6736b9c95163fd28cf79e4769,47635932256cd809207e385adafc9a88,delivered,2018-02-04 23:06:31,2018-02-05 23:10:38,2018-02-07 19:55:00,2018-02-17 14:17:53,2018-03-06 00:00:00
82857312ad869f872b950b616dc58273,c8e6468dc0ef9ffaf13b7d8ff21f694c,delivered,2018-07-27 11:33:29,2018-07-27 11:45:10,2018-07-30 16:27:00,2018-08-09 00:15:24,2018-08-29 00:00:00
d8986b24f588127c8c64a974631b0024,14e6336d457dfae4a1c4f1d201c5bc34,delivered,2018-04-06 21:37:43,2018-04-06 21:49:24,2018-04-09 19:52:59,2018-04-11 21:47:48,2018-04-19 00:00:00
739e19153280cbc1a87c1a84be1ec4f6,d68fbba69b64a9930c8030189256149b,delivered,2018-02-15 15:45:17,2018-02-15 15:55:51,2018-02-16 23:32:44,2018-05-07 17:22:47,2018-03-02 00:00:00
8a027244dea2edca1449d9150e74eb45,44a0d7ad2e2ae7517322fcfb0f51ae48,shipped,2017-01-31 17:57:18,2017-01-31 18:05:26,2017-02-06 08:59:04,,2017-03-07 00:00:00
055ad36ee30e9948bbe9baba852913b2,bb39a7d8837917ec378363316589ab88,delivered,2018-03-15 17:50:14,2018-03-15 18:09:40,2018-03-21 22:51:18,2018-03-27 22:56:31,2018-04-06 00:00:00
d715d369c36bd59d99abd5ed62940530,7de0835c86a91b038913a48c54d67d4c,delivered,2017-08-16 22:44:46,2017-08-17 00:44:37,2017-08-17 17:03:49,2017-08-22 20:26:53,2017-09-12 00:00:00
4de2e524ad6dfd8abeefa2b8aa37d4f4,7678332c9841a05031112bc423ee10f1,delivered,2018-05-14 15:14:04,2018-05-14 15:33:16,2018-05-15 14:13:00,2018-06-06 16:11:52,2018-07-05 00:00:00
d6e13d9dbcac0f23c77ddadcf957ce3a,ea613c2701983579d7a26c1ba1d6aa39,delivered,2018-03-21 20:43:26,2018-03-21 20:50:30,2018-03-22 20:02:45,2018-04-04 16:54:34,2018-04-12 00:00:00
0dab9a07f01db0bee87c3affed50eccd,b140d40f39de3e9108b1b4099ce546cc,delivered,2018-03-09 09:28:30,2018-03-09 10:20:28,2018-03-13 00:08:31,2018-03-16 18:18:39,2018-03-28 00:00:00
f3e92f44e615fe19fd17a8c517224040,b2c9e4e33013d7ebd1fe68e94efc16d7,delivered,2017-09-10 16:33:49,2017-09-11 16:25:26,2017-09-12 15:39:58,2017-09-18 15:02:57,2017-10-03 00:00:00
4375cac0cfa2a87273ea83c661bdfcca,dadf64b251403ae6f5a9edd7b6fe76d3,delivered,2018-07-31 11:43:33,2018-08-01 14:05:12,2018-08-09 15:24:00,2018-08-17 20:32:22,2018-08-10 00:00:00
5d40262c2593865bc7041b8b6c67ed91,933db4cd5ef861746aa1a6d64b777696,delivered,2018-01-24 12:05:17,2018-01-24 15:08:01,2018-01-25 19:15:21,2018-01-29 19:58:59,2018-02-16 00:00:00
63bfa2fa974302f74839f89adc439305,ac4fae9ec5c19c64ddb7247212927864,delivered,2018-02-06 09:34:21,2018-02-06 09:50:07,2018-02-07 11:18:50,2018-02-23 23:57:07,2018-03-06 00:00:00
ee07e83c0d2cc891e7ff4f5472475ffc,5827bcd580d9c0a637c3482454a6d0cf,delivered,2018-05-15 15:10:39,2018-05-16 03:15:01,2018-05-17 09:54:00,2018-06-01 19:07:50,2018-06-04 00:00:00
8ea33c8a1daf30c76ff35b6574d8fe63,bb2f3dc7e92dac1fa88135b0447c52f6,delivered,2018-01-09 15:42:18,2018-01-09 15:54:33,2018-01-10 19:28:29,2018-01-25 17:57:10,2018-02-08 00:00:00
0bf144db6ca7ef970a25b6a720947622,964b34423c822e9bd9831635ccc83db2,delivered,2018-05-29 16:36:26,2018-05-29 16:51:39,2018-05-30 14:55:00,2018-06-12 16:18:30,2018-07-19 00:00:00
3993ec583d077dd338c870d8b1f8d213,0c48ca9e62f5ce6d270c3740c5f48cda,delivered,2018-04-03 21:07:26,2018-04-03 21:28:22,2018-04-04 23:40:31,2018-04-06 23:57:37,2018-04-13 00:00:00
66c3589804f5f5a67eb867cd5717a537,cb3dbfb1083ec9e912a7a1a359f2f30e,delivered,2017-07-03 14:38:38,2017-07-03 14:50:20,2017-07-04 14:22:03,2017-07-10 21:34:53,2017-07-25 00:00:00
f8255f2c9dfe786bd8418b4a121bb914,ee7a0ffbe8af7beb6d296f08e75b34dd,delivered,2018-01-09 22:17:28,2018-01-12 22:30:26,2018-01-16 23:26:28,2018-01-17 12:23:00,2018-01-29 00:00:00
9b95a53cadb5a007d0928bd00265ea08,5686c502f1da3eb97a6b7624efcbee25,delivered,2018-02-27 16:35:46,2018-02-28 09:29:26,2018-03-05 22:43:01,2018-04-05 20:29:39,2018-03-29 00:00:00
82eba8671de9a5c76c7f3edfcd993955,b271ea3ef36d51fd166de2229cd996ed,delivered,2018-01-08 19:55:12,2018-01-10 10:32:28,2018-01-10 19:23:48,2018-01-22 16:42:31,2018-02-14 00:00:00
0094d4660e323945f84f5c29eb348aae,b2381a85f8237639da2719cd5981b007,delivered,2018-01-24 22:05:42,2018-01-24 22:14:25,2018-01-25 18:22:43,2018-02-05 16:04:17,2018-02-23 00:00:00
10d8aba5bb573732e70c33750c88790d,e312fbc885013d51ef2a9e03f4946306,delivered,2018-02-14 21:12:40,2018-02-19 11:50:55,2018-03-03 00:39:39,2018-03-13 20:03:41,2018-04-03 00:00:00
f39bb68c8abbb3419ca5cb047c27d3bb,b2f6af7a0af5d04c4f852116d6ff5d99,delivered,2018-01-04 15:14:51,2018-01-04 15:27:21,2018-01-05 17:23:21,2018-01-24 21:03:11,2018-02-02 00:00:00
69e9045bc98231a8e6e85723d88a9833,4622dd3775c03fcbaa3d4050ab4b0343,delivered,2018-08-15 00:26:03,2018-08-15 00:44:10,2018-08-15 11:55:00,2018-08-27 21:22:58,2018-09-17 00:00:00
3c3ca08854ca922fe8e9cedfd6841c8a,88c36fbd3df96094f90f0315e1d2dd90,unavailable,2016-10-08 12:13:38,2016-10-08 13:21:35,,,2016-11-30 00:00:00
ca9e38465ee744b1f2f686ee2682b158,92b470f48f1dc2cd557b6bdb7c74160b,delivered,2017-12-09 12:58:29,2017-12-09 13:30:51,2017-12-11 15:23:04,2017-12-19 17:33:32,2018-01-04 00:00:00
8f21638fa75afaac7bd3062113867201,bf712ab6c95d7b52d58d6cd38dab17e3,delivered,2018-05-13 22:25:20,2018-05-13 22:35:22,2018-05-14 13:44:00,2018-05-18 20:58:48,2018-06-01 00:00:00
25c2eab805f9b909edeed8b42bd4a0dc,ff319a4ce17236c6a104237b7970f479,delivered,2018-06-20 15:49:02,2018-06-21 03:38:35,2018-06-22 12:48:00,2018-07-06 18:11:02,2018-07-27 00:00:00
d88a225d12c6ae71beab5cfa2e6e0b24,2a11d48d4cb690ef0aadeff37d522201,delivered,2018-07-28 23:06:54,2018-07-28 23:24:13,2018-07-30 11:28:00,2018-07-31 16:21:50,2018-08-03 00:00:00
415d3ba51a2cf1ed6c5b722c94f9c4a2,37b6959fcd4fb9fbb65bc225f914d710,delivered,2018-04-04 10:56:06,2018-04-04 11:09:56,2018-04-06 22:08:21,2018-04-12 15:22:55,2018-04-26 00:00:00
70e2326f6a9a2355015239e7c9243524,92e3884d3ddba44337458d280298fbb7,delivered,2018-03-08 10:15:53,2018-03-08 10:30:34,2018-03-10 01:22:22,2018-03-21 00:38:52,2018-04-02 00:00:00
3dc511a6a370f41fa09b3fda8cb43185,563c9edb84368a0b4549c5fe109ea12b,delivered,2017-05-09 10:56:49,2017-05-10 11:02:36,2017-05-12 14:24:51,2017-05-16 15:20:37,2017-05-25 00:00:00
46805b9f1abaf7cefb3f2f99b40651f1,620c8fa2ca0e1e911caa7be15c394854,delivered,2018-05-18 17:30:41,2018-05-18 17:55:33,2018-05-22 06:15:00,2018-05-25 22:26:26,2018-06-06 00:00:00
89d0d767b2ae9218a978c6b9178d6dda,f43a7965a53bb429e61adf64e43df9b3,delivered,2018-07-20 10:12:58,2018-07-21 03:10:19,2018-07-23 16:28:00,2018-07-27 16:58:49,2018-08-17 00:00:00
6066a9bffba977ef146cf6f56ce9bd5b,393810522bb0c8b9f4d64845cba11e7c,delivered,2017-12-18 19:58:36,2017-12-20 16:10:41,2018-01-26 20:32:12,2018-02-05 20:58:26,2018-01-23 00:00:00
666ecb70d41cfad51e40ba2aa0b60f1e,26adf926f98621938dc6fa94af24bd4d,delivered,2017-03-31 16:07:18,2017-04-04 05:55:21,2017-04-06 12:05:56,2017-04-12 17:49:43,2017-04-20 00:00:00
33601176ba1e6413735c8bfbb6212d58,7fc4245909ec68ef92a4292736e40a4d,delivered,2018-03-05 13:26:14,2018-03-05 13:35:44,2018-03-07 19:53:30,2018-03-14 21:03:59,2018-04-10 00:00:00
9170baeaa1c087cd62fdbd4a653ac556,3e3b46e6c6074648d383eb1024aaab91,delivered,2018-01-17 17:58:48,2018-01-17 18:11:21,2018-01-19 00:16:28,2018-02-02 00:27:52,2018-02-14 00:00:00
2b8c473cd98db15a4dba491449cba4ea,6f42eb897cf003ae9f1fcf351a0890a3,delivered,2018-01-14 04:12:11,2018-01-14 04:29:01,2018-01-15 23:22:48,2018-01-22 20:51:51,2018-02-08 00:00:00
dc20710a4582a12ed1eb1504bd916272,5b4650bd59b6448a8c97c16df472c6e2,delivered,2018-04-02 16:32:05,2018-04-02 16:53:02,2018-04-03 19:30:55,2018-04-06 20:32:16,2018-04-18 00:00:00
5f476a80b69ebf2744c36c282812abd5,9d2ac55f79eb6e680f3ebbd5c6f47b9c,delivered,2018-01-24 18:05:14,2018-01-24 18:31:58,2018-01-31 17:48:56,2018-02-05 19:26:45,2018-02-09 00:00:00
d27e244ebc24f5dccc83996e2ba9abdd,6608a051ed8bb2a7d20e11032af0ae5a,delivered,2017-10-09 20:14:46,2017-10-09 20:28:37,2017-10-11 21:41:27,2017-10-19 21:26:25,2017-10-26 00:00:00
cc69d0cbc95281b9e751fe0f694ecd7d,94507d453b349656ca0d44a4b4ee0bee,delivered,2017-10-23 19:22:56,2017-10-23 19:35:16,2017-10-24 21:12:49,2017-11-03 14:43:00,2017-11-10 00:00:00
269bbdf003d4126d5687fbaf9542813d,e25c42203e27abf33139b1caa9ba1990,delivered,2017-12-21 22:26:26,2017-12-21 22:38:32,2017-12-22 18:53:06,2017-12-30 09:46:25,2018-01-11 00:00:00
7572fe7b30751ace9cc7e99b5f3dfe2f,da7dc15b6dc174ec1ec6949c73dcae60,delivered,2018-03-06 22:41:47,2018-03-08 02:15:41,2018-03-08 18:51:18,2018-03-28 22:05:45,2018-04-02 00:00:00
79617f3124fcf7a760316d99421bd30f,20c75fffe6b40dbb0972b96951be2c4a,processing,2018-01-11 11:45:10,2018-01-13 04:55:06,,,2018-02-06 00:00:00
f0ea1a5c37278e95cbd4d8684c999341,bd8169f755cde48a9af07b31e2649535,delivered,2018-02-26 14:25:25,2018-02-27 04:31:01,2018-02-28 01:45:21,2018-03-22 18:48:45,2018-03-20 00:00:00
731739da258b5bf19d913f4c7dc53a3f,38e2dbe5056622691a88ae5de4e21b99,delivered,2018-05-14 09:19:19,2018-05-16 03:14:48,2018-06-04 08:52:00,2018-06-16 01:22:34,2018-06-13 00:00:00
1b00085d9491b54da228042e4a5bd26a,6e407e29c113a47cfbe2fb594111c942,delivered,2018-05-31 19:55:38,2018-06-02 03:31:50,2018-06-04 07:19:00,2018-06-13 21:22:03,2018-07-05 00:00:00
92f4f749aa508d58dee50d9ccdb6c9dd,5daf8a84ec87f4988b337626369c4dba,delivered,2018-07-15 07:33:32,2018-07-15 07:45:08,2018-07-16 14:55:00,2018-07-24 21:36:46,2018-08-06 00:00:00
f039d9e86fb732c181b3ab58957e9b70,2bbb9590503bace9c39a2d9df377d06a,delivered,2017-07-31 18:20:01,2017-07-31 18:30:24,2017-08-01 17:17:31,2017-08-03 13:37:58,2017-08-11 00:00:00
89213fd88487a78eb20c786df6abc9fa,46a4ac4dcaf4f17c44f5d7c5a5afaf86,delivered,2018-01-16 18:56:38,2018-01-18 02:11:33,2018-01-19 21:08:15,2018-01-22 18:56:40,2018-02-09 00:00:00
2833a586d04517b0c18e17c24ae684c3,ef6b9ad0f75a3e32cd2f21dc4c520de2,delivered,2018-08-11 13:48:30,2018-08-11 14:04:21,2018-08-15 13:50:00,2018-08-23 18:03:00,2018-09-11 00:00:00
8cf61a0f8eed49e1728caab2510e796d,936eec24610ffb239dfdef99c2411122,delivered,2017-10-11 00:28:36,2017-10-11 01:04:18,2017-10-13 13:41:27,2017-10-20 14:18:45,2017-11-03 00:00:00
9bcc43446a687456408f7c92cf486f48,1b4fbf469a7ab0237b99420da733202e,delivered,2018-01-09 18:17:46,2018-01-10 10:32:27,2018-01-10 20:18:33,2018-01-24 18:44:26,2018-02-02 00:00:00
63c0020ee1a88750c12f6632247b323b,f150c44e74986cdab66be9df3536442c,delivered,2017-08-16 15:50:30,2017-08-16 16:50:32,2017-08-18 16:55:46,2017-08-22 18:13:31,2017-08-31 00:00:00
64b1b04fd2e730b9a1343c10ec097c05,7db55470327638be17a6dd458740758a,delivered,2018-06-18 11:21:44,2018-06-18 12:18:58,2018-06-19 14:25:00,2018-06-20 22:22:21,2018-06-28 00:00:00
c7ba15ecd1fd8d61a97c320e8d28f41d,c4d487c947c5ad7ea920219a141c75ce,delivered,2018-06-04 12:17:30,2018-06-04 12:31:16,2018-06-05 12:09:00,2018-06-11 21:53:36,2018-07-05 00:00:00
763267a38e350372137bca040ef8cf66,70b61c3475990997e7c37c16c9fae89a,delivered,2018-06-20 00:46:19,2018-06-20 01:59:00,2018-06-21 12:17:00,2018-06-22 19:56:47,2018-07-05 00:00:00
ba2e16aeb4e0a8e7f3d8eaf0ed7589e2,ddfe6fa346e2662d9327d02b663e7a98,delivered,2018-01-24 13:08:48,2018-01-27 02:41:25,2018-01-30 14:25:03,2018-02-23 01:08:50,2018-03-16 00:00:00
305c62b54948504b5a6774e13eaec4e2,393aae05549738ac7aaf9eea48768622,delivered,2018-08-20 17:41:14,2018-08-21 04:29:32,2018-08-21 13:07:00,2018-08-27 18:08:55,2018-09-13 00:00:00
86c823711fbd24d6bbbf77db7f93bcea,dc109143a854eee7071a9b8f222ae38d,delivered,2018-04-25 08:41:26,2018-04-25 08:52:09,2018-04-25 19:05:00,2018-04-30 17:22:39,2018-05-14 00:00:00
957ae16eb95929758c00d37bb8169b6d,3050b0a7a0f1de5eed8db1c7d211cb13,delivered,2018-02-25 17:55:26,2018-02-25 18:10:19,2018-02-26 19:41:57,2018-03-01 21:37:00,2018-03-16 00:00:00
f2120851611e040d268c3be41ac51228,4428f44a71d4ed03fdaa62d4ed852f12,delivered,2017-09-14 19:23:28,2017-09-14 19:44:16,2017-09-15 17:18:59,2017-09-18 18:08:10,2017-09-26 00:00:00
6deb7a78bc1450778b8dd23455fd883e,97e2d4f46c1eedca1005f8a981f906fc,delivered,2017-07-11 21:39:21,2017-07-11 22:10:18,2017-07-12 15:17:35,2017-07-19 19:15:36,2017-08-02 00:00:00
79da07eae09f99db2aae509b6837bd28,4fa0515be30be843039b8c064e3e8cb3,delivered,2017-12-04 16:06:52,2017-12-05 04:18:29,2017-12-05 19:46:38,2017-12-07 15:58:53,2017-12-20 00:00:00
4c05288ce87fd35acbaa04fec7070339,0a939b926ba6773c282fbce261082f9b,delivered,2017-12-01 13:45:09,2017-12-02 02:52:19,2017-12-06 13:07:47,2017-12-19 20:19:11,2018-01-02 00:00:00
4f0695330f3816ef294bf1f4b18f4f2e,a905baa530258422594f1b05615bd225,delivered,2018-03-29 21:28:04,2018-03-29 21:35:20,2018-04-12 23:36:29,2018-05-08 16:52:07,2018-04-23 00:00:00
49578bb8b28dae340b70b481fcca6415,6079f16eab5139a458a54e9ca94b22f0,delivered,2017-06-26 17:26:02,2017-06-26 17:43:16,2017-06-27 14:25:47,2017-07-06 17:09:50,2017-07-18 00:00:00
dd5e372b1df85452baaadbf338672c6e,a634dbbdcb46370674b7513811bb56db,delivered,2017-05-22 08:38:31,2017-05-23 06:35:14,2017-05-24 12:14:24,2017-06-12 10:57:34,2017-06-27 00:00:00
2aa1011e5de2cbb1151cf46e2a6e084a,b250d390781eea6c17b3599c22fb3f67,delivered,2018-02-01 21:22:59,2018-02-01 21:35:24,2018-02-02 20:42:54,2018-02-05 20:46:51,2018-02-19 00:00:00
736414f61ce49a5c19e5b4700fa96d92,c1bbbca099a49008eae79eda6018bf80,delivered,2018-06-08 22:55:30,2018-06-08 23:13:59,2018-06-13 12:37:00,2018-06-14 20:47:24,2018-06-20 00:00:00
c8097c4a079d36884044cd13c0df3452,24de916f5673576a34a53802514a1350,delivered,2018-08-03 09:25:52,2018-08-07 06:05:33,2018-08-08 06:01:00,2018-08-09 17:41:53,2018-08-08 00:00:00
ccfd8f95a0f8afbd89652a2b414fe82f,069f6d7625c8285eee5bc8ec0718b545,delivered,2017-05-28 18:47:07,2017-05-28 19:02:16,2017-05-29 15:44:51,2017-06-05 15:55:54,2017-06-22 00:00:00
b0c04ea907df18b10625b845cb6ddc10,95c1444daa9e7372d604f64f3ee1a567,delivered,2017-12-05 10:19:57,2017-12-05 11:05:33,2017-12-06 21:53:21,2017-12-28 00:29:04,2018-01-10 00:00:00
789f93d4c1a2b2a5b2341d5609532a6d,2cc0306551b1482603053de8ae5719fc,delivered,2018-06-07 15:30:41,2018-06-07 15:59:54,2018-06-11 07:01:00,2018-06-21 22:19:45,2018-07-20 00:00:00
d5b46fd2be0ba3bf45e214644d17a97e,b5ea26f9ab823a7c6ce7f684dce02b48,delivered,2018-03-19 09:44:19,2018-03-20 03:28:38,2018-03-21 19:56:21,2018-03-22 22:08:58,2018-03-29 00:00:00
bcec508472612cae9bd4a21d333da376,3484ac4cd652920526c88e742b747efc,delivered,2017-10-15 22:18:32,2017-10-15 22:28:30,2017-10-20 22:05:49,2017-10-25 22:54:53,2017-11-07 00:00:00
52689df16b83773c1004b27478ffe49c,1977c51e28ceb34090390b2363042d8c,delivered,2018-03-19 13:24:33,2018-03-19 13:35:42,2018-03-20 20:51:29,2018-04-09 16:27:32,2018-04-19 00:00:00
c52137e846f3510e2bd54dfb76a006aa,94f363af5500c3c1ae8035e6512fe214,delivered,2017-08-15 15:20:34,2017-08-16 03:30:09,2017-08-16 19:12:24,2017-08-24 20:52:30,2017-09-13 00:00:00
72bd20539e6d9960af5e49e9c7d70896,2c9796f749bbe5a66e0b9039e83ce6b3,delivered,2018-01-15 14:26:05,2018-01-15 14:33:23,2018-01-19 13:30:39,2018-01-30 16:38:40,2018-02-14 00:00:00
ad716a0d2ae795dfccfb3afc5d40a6e9,ceb4051c6ffa6d84505741c5f96093f0,delivered,2018-07-04 20:46:18,2018-07-05 16:18:56,2018-07-05 13:15:00,2018-07-10 18:38:43,2018-07-23 00:00:00
037ded3ba29ebe9a96acb1177cc52b51,b4bb8edf40ac2899a46919469fd8d21b,delivered,2017-10-26 15:07:45,2017-10-28 03:07:07,2017-10-30 19:51:42,2017-11-03 23:21:31,2017-11-17 00:00:00
eef74475f10dcef7d91f261873e054fe,1827d789e39a14dd9429ef5c98225c87,delivered,2017-07-18 10:58:31,2017-07-19 03:55:21,2017-07-20 15:57:36,2017-07-24 16:49:34,2017-08-11 00:00:00
6f6adb6239aa458699f94784b3bb978a,fe58bbe7df40b2146ac3b2c65852ee03,delivered,2018-08-07 23:19:34,2018-08-07 23:35:14,2018-08-08 16:13:00,2018-08-14 20:03:00,2018-08-23 00:00:00
80033798e6e3df555110ccfb54fca308,be92c9ed86442988b4c15f71a8f351c0,delivered,2017-12-19 14:16:19,2017-12-19 15:31:48,2017-12-20 21:03:29,2018-01-11 16:56:56,2018-01-12 00:00:00
7cb79f6f40b26d3d858736252d254ca6,9ace60d444fcf82c7a1fc0609e8de2ba,delivered,2018-01-10 11:13:06,2018-01-12 02:35:33,2018-01-13 02:51:30,2018-01-29 13:46:56,2018-02-08 00:00:00
b8032632cbd7944f63573ccb8e2f5558,7c1500b28e5c6b0826b0d870fbc5cb72,delivered,2018-07-20 08:52:36,2018-07-20 09:15:22,2018-07-30 14:17:00,2018-08-03 20:18:28,2018-08-22 00:00:00
5b47fae4d8705a2c6e470bef311073e0,c74a2fe2283e8a8bb7129c75ac770162,delivered,2018-08-22 16:41:47,2018-08-22 16:55:27,2018-08-23 15:23:00,2018-08-28 15:41:49,2018-09-04 00:00:00
ee54096fa354f3c094340f246236f025,a2df00b7bcbfecbcda4f943fc341031b,delivered,2018-07-24 16:15:04,2018-07-24 16:31:26,2018-07-25 14:53:00,2018-07-30 18:16:50,2018-08-08 00:00:00
d31bf98bc1f5a409da2c22085a8a7140,e8e590158e7dfae95695e062bc018845,delivered,2017-08-15 15:52:37,2017-08-15 16:45:03,2017-08-19 14:47:28,2017-10-09 20:05:18,2017-09-06 00:00:00
3de337ef9b7afb31444752b9b6383b1f,b4315a3ff2acdccfc7734e953788bcde,delivered,2018-04-26 08:52:17,2018-04-26 17:31:44,2018-04-30 06:25:00,2018-05-04 12:57:43,2018-05-18 00:00:00
296208cb125865ac74241ae82932093e,e7de5bb1a046dab796306f7c85bd014f,delivered,2017-06-09 22:50:05,2017-06-13 04:35:32,2017-06-16 13:33:09,2017-06-26 12:16:06,2017-07-06 00:00:00
fb7ead2842ee0acaace53d1476d0b7ca,a39897d5d7e162e264d712bf187c353b,delivered,2017-11-05 11:13:39,2017-11-05 11:30:24,2017-11-08 21:38:44,2017-11-13 18:32:18,2017-11-24 00:00:00
3482fd5db03ecb3857123956a9eeb1a0,c4e54a5eac971c57497df50e7a7a3c00,delivered,2018-05-09 22:29:44,2018-05-11 03:50:31,2018-05-14 08:37:00,2018-05-21 21:04:05,2018-06-14 00:00:00
51ec62622b0b1e86fc4a3098424576ea,95aa8f7723da461743071de842af7fd2,delivered,2018-05-02 15:25:10,2018-05-03 15:34:53,2018-05-08 08:17:00,2018-05-11 21:11:52,2018-06-05 00:00:00
ab292f6c11a661dd97feca37ffe7b162,d0ce4181898b96b8fc24e7c5c48c9761,delivered,2018-04-07 14:42:53,2018-04-07 14:55:09,2018-04-09 21:36:48,2018-04-10 23:32:21,2018-04-19 00:00:00
1e8c4aa0871777d9ee5169d3a6522575,94ee6021bdba29d170096b11229abdc6,delivered,2018-02-25 19:31:36,2018-02-27 04:31:01,2018-02-27 18:52:11,2018-03-08 00:39:38,2018-03-21 00:00:00
f30e9b83b1b7557b48c20dc8cf2e383f,8b0c6a16ffaa6a3242da476acb35704d,delivered,2017-07-07 11:39:44,2017-07-08 03:30:22,2017-07-10 18:16:10,2017-07-20 21:45:43,2017-07-20 00:00:00
ccf2c1980921a53b885e2b75c8016ea0,e38405bcd1c6689c8d6633465f927362,delivered,2018-08-10 17:04:53,2018-08-10 17:24:31,2018-08-13 15:41:00,2018-08-14 18:07:35,2018-08-15 00:00:00
91f59a50120921da1da1a8e12b4109ee,de9902597f3249fc6f5e21dbff52bf1c,delivered,2017-04-16 20:39:21,2017-04-16 20:50:15,2017-04-17 13:37:58,2017-05-01 11:33:19,2017-05-25 00:00:00
0ed5043fe7d3f4f88353697330bbc020,ee3677ab84c1a1241efb3116201c583a,delivered,2017-10-11 10:22:56,2017-10-12 03:00:11,2017-10-13 19:16:35,2017-10-25 18:59:59,2017-11-07 00:00:00
cad185f8e286822c1fd551bcfc659ad8,947fb484a23e534236b4e81edb291b7e,delivered,2018-07-23 21:36:29,2018-07-24 10:31:22,2018-07-24 15:00:00,2018-07-30 20:11:16,2018-08-06 00:00:00
67e3d81838ef7ed9d7251f0514c235bb,1eda791a1fe86253dccbe537f2b8d517,delivered,2017-12-05 20:46:08,2017-12-05 20:54:34,2017-12-07 19:12:16,2017-12-19 20:42:34,2018-01-05 00:00:00
65b923f47b964f5e6be363f33a1cd0ed,c0dfb57c7c700f11633aba234dcce6b7,delivered,2018-05-14 22:06:42,2018-05-14 22:37:28,2018-05-15 12:01:00,2018-06-02 14:28:41,2018-06-01 00:00:00
95cf53396116b5dd518b5ba1c11a0bb5,3b2e666d92ce663a2f35ba3a6bb5df6a,delivered,2017-04-21 19:31:13,2017-04-21 19:45:10,2017-04-25 13:08:20,2017-05-04 16:46:54,2017-05-19 00:00:00
ad07fbbd9ee2c6dead53c1af4ba90f02,4de9ad1196d093560d7f48d6b0a43b38,delivered,2018-05-17 18:00:51,2018-05-18 03:16:13,2018-05-18 13:37:00,2018-05-21 20:34:40,2018-05-28 00:00:00
59754064fe4ffec6c0149904a6573d81,79a56011969e883c937c20c880433c52,delivered,2017-07-25 23:20:06,2017-07-25 23:30:15,2017-07-26 19:06:13,2017-08-05 15:54:34,2017-08-24 00:00:00
c4a8083dac0f37da8bdc5db37c89bdcd,178cf970306cdf3e11914807903454f1,delivered,2018-05-19 14:10:17,2018-05-22 08:34:04,2018-05-23 11:56:00,2018-05-25 16:15:39,2018-06-06 00:00:00
553a0f2feba6fd288aaea2986ca2f94a,b8943e6abab6d4cca847bbc623b441ba,delivered,2018-02-14 22:53:18,2018-02-14 23:55:32,2018-02-15 18:32:43,2018-02-20 19:49:15,2018-03-06 00:00:00
f1708e42407809453b1cd03f25c055e5,5775d90cbeeb78fe39287105d3373b51,delivered,2017-11-24 16:16:55,2017-11-24 20:13:17,2017-11-27 19:44:01,2017-12-26 20:10:23,2017-12-21 00:00:00
7b29aa7d6508036d7400781ca593b58f,c672861bbdf2364414603b0b8358f2d1,delivered,2017-05-24 14:12:37,2017-05-26 02:42:34,2017-05-26 11:15:32,2017-05-31 12:49:57,2017-06-20 00:00:00
6d7c5064e6d1d2c4607b81368bbc7595,d03e65b9486e8e26d8858eb5da971f90,delivered,2017-04-28 08:58:36,2017-04-28 12:01:07,2017-05-03 15:59:49,2017-05-09 08:49:42,2017-05-30 00:00:00
068b6cedb09dad00249cb7fc310bc067,fa59e6fa00387c862015f023358f6c6d,delivered,2018-05-12 23:23:09,2018-05-12 23:35:13,2018-05-15 08:51:00,2018-05-23 16:32:35,2018-06-20 00:00:00
b13a02b747c3ea81a898b68bdd345367,6036812b0a8c3ad5b28b0036920ab102,delivered,2018-01-18 12:24:46,2018-01-18 12:37:31,2018-01-19 18:07:00,2018-01-29 22:13:51,2018-02-09 00:00:00
7b9993b735d04c56ac0c688400deb500,404a808ea732a8bb8c4552e6b2397375,shipped,2018-08-12 14:15:40,2018-08-12 14:25:08,2018-08-14 16:53:00,,2018-08-29 00:00:00
ef7193be9327247ca4dfc71593b50196,e8cb86726cc33aaafe6630c68ef7c3a3,delivered,2018-05-18 12:39:30,2018-05-18 12:57:39,2018-05-22 14:04:00,2018-05-23 15:48:38,2018-05-30 00:00:00
331839482e221dce28b19df7d740fcfa,142929146a68c3f7af318fa7908b9e14,delivered,2018-08-07 09:07:20,2018-08-07 09:15:21,2018-08-08 14:33:00,2018-08-13 15:54:50,2018-08-16 00:00:00
fa0ee03f451f7e7f2df9fda0a1496bc0,6d12a6dbd030b8d275129c59aca0b128,delivered,2017-08-16 13:13:45,2017-08-16 13:50:06,2017-08-16 20:23:02,2017-08-18 21:52:16,2017-08-29 00:00:00
cc2ce6ac5707f22bfdf4b6c8d086230d,21da586f15d2ef58e078fcaf93531052,delivered,2017-02-22 23:49:42,2017-02-23 01:02:31,2017-03-08 14:15:53,2017-03-15 13:09:39,2017-04-07 00:00:00
d379106e33d9ce768889ef816526d215,12cc3483aa642a0bec778f15ed0b2738,delivered,2017-05-02 19:46:30,2017-05-03 15:10:17,2017-05-04 11:19:53,2017-05-17 09:17:39,2017-05-25 00:00:00
31a2886d02ad2127bfec204da2e93b66,28738edfba72391be47d697e6e7e5770,delivered,2018-07-25 10:27:00,2018-07-25 10:35:17,2018-07-25 14:53:00,2018-07-27 01:27:37,2018-08-02 00:00:00
7922e481eb24d257ec8c04c6ca0ce170,d37974b9f02387c679655b3e8cdc3cdf,delivered,2017-11-20 17:47:32,2017-11-20 17:58:19,2017-11-22 20:48:24,2017-11-30 13:41:17,2017-12-01 00:00:00
fa5a7d839b49e173198586f7366939cb,e460ba12cfe10be96050e2857acf1486,delivered,2017-06-03 21:20:21,2017-06-06 13:23:24,2017-06-07 13:23:18,2017-06-12 12:04:33,2017-06-28 00:00:00
620b3433404a08b299e50c716866a4d1,2177a05cbb649b8d6fde28b55e237a71,delivered,2018-04-01 17:28:50,2018-04-02 17:29:15,2018-04-03 18:48:20,2018-04-12 13:41:41,2018-04-25 00:00:00
347bc72bacf7a7b2b2293708ed82ff0f,8a7cb9ea3bb01a16c4b51f5735f7188d,delivered,2018-02-21 21:53:33,2018-02-21 22:10:25,2018-02-22 19:52:28,2018-02-23 22:52:26,2018-03-07 00:00:00
e4ebdc36e9be01cc621e8e30394d3eb0,870416fd076253d6bf016f898007b4e0,delivered,2018-01-03 23:31:19,2018-01-04 01:07:48,2018-01-05 00:18:11,2018-01-05 18:55:34,2018-01-30 00:00:00
9d4267186d4e276d018cc7c90291768e,31d36019e4c5774abcb6d8cf3f0c7d63,delivered,2018-08-16 08:44:24,2018-08-16 08:55:27,2018-08-17 12:32:00,2018-08-22 00:58:39,2018-09-06 00:00:00
21740bea241f06ee46a7febe29061c31,faaad19c113774874c944e2e1e1024d5,delivered,2017-11-26 18:36:18,2017-11-26 18:53:59,2017-12-01 19:48:31,2017-12-21 11:58:58,2017-12-20 00:00:00
83cbab9daaf549182de4705ab0ca54ed,3ffb10bbfb87f808e1c8665cd4f83ba8,delivered,2017-02-19 12:50:41,2017-02-19 13:02:56,2017-02-20 16:22:53,2017-03-08 14:53:57,2017-04-12 00:00:00
cb0bac4d77dd88efafddb7a974286b27,fe3255f9b7d1a94bbeb7b1dc737043ec,delivered,2017-12-03 10:54:57,2017-12-05 04:11:53,2017-12-11 23:12:41,2018-01-22 18:51:43,2017-12-29 00:00:00
9c85518f7f627b297892da0556f299bc,a5198834e9ce4bff80198fe5d5c4f25f,delivered,2017-04-11 21:07:06,2017-04-11 21:22:20,2017-04-12 14:48:17,2017-04-25 15:38:21,2017-05-08 00:00:00
cd49d0987575fc21d96fb52e37b16191,04c6985fb618f4fba64adf76dc2dc855,delivered,2017-09-09 15:06:51,2017-09-09 15:23:54,2017-09-12 15:46:51,2017-09-19 17:42:00,2017-10-09 00:00:00
30f95ea478d6e49bbf813ec20e149cd2,38d6cffeef5be009846ee63f2328d680,delivered,2018-06-27 10:03:19,2018-06-28 09:10:27,2018-06-29 13:53:00,2018-07-11 18:43:56,2018-07-26 00:00:00
196023b0ecde715e3a41bd00ca208a9f,fdd48a32f403170cf965e38c9400b139,delivered,2018-08-13 22:49:40,2018-08-13 23:04:07,2018-08-15 14:58:00,2018-08-20 18:24:30,2018-09-03 00:00:00
645ae1a102627b74a009fe24909476c8,f0b8143c9bc649024e71cc9124ac606e,delivered,2017-11-17 13:16:48,2017-11-17 13:55:22,2017-11-20 23:07:43,2017-11-27 18:44:03,2017-12-07 00:00:00
40cb5e00d417c4057d5253c48b887267,a9b2194390d054ffd7461fa373923e7f,delivered,2018-07-19 22:16:58,2018-07-19 22:25:16,2018-07-20 13:57:00,2018-07-27 20:11:48,2018-08-07 00:00:00
b27d08e878eb286e33958ca95ba5bd04,9184ad51abea1dfda9fd888af61f8e0d,delivered,2017-09-07 08:36:17,2017-09-07 08:45:14,2017-09-12 23:10:05,2017-09-15 21:54:46,2017-09-26 00:00:00
ecfc862cb2fabd3d5f9c86117a9baff0,5bb03a9d99d476e8634520ceb63e08d6,delivered,2017-02-05 19:13:56,2017-02-05 19:22:06,2017-03-16 09:43:39,2017-03-22 12:24:48,2017-03-09 00:00:00
578fd2f519e7343bed8dff61f0af122a,163813ee16d084d8f3278a47fe0adcfb,delivered,2018-04-15 19:12:10,2018-04-17 05:50:39,2018-04-20 21:24:48,2018-05-02 11:42:25,2018-05-09 00:00:00
42718c52ec1850e375a3249237f13b9e,44131c9072bf84712a273a3f8c8a1081,delivered,2017-05-19 00:35:06,2017-05-19 01:25:17,2017-05-19 09:46:12,2017-05-22 09:36:49,2017-06-01 00:00:00
78f8aa2ff4291290af1db54c0e87de6f,620ca2e5846d5dc1c8992cb4ecf74cfd,delivered,2017-09-12 23:38:32,2017-09-12 23:50:24,2017-09-13 17:27:54,2017-09-14 14:54:47,2017-09-25 00:00:00
de1155d4a154cd0fc4d60cff122def50,7c27963420faf8b9d0724ba01e8c7e44,delivered,2018-05-04 16:27:56,2018-05-05 09:10:18,2018-05-07 16:19:00,2018-05-30 15:22:34,2018-06-07 00:00:00
00a870c6c06346e85335524935c600c0,8a4ecf2e2fa5faaaf02827b368c0c17b,delivered,2018-05-09 00:10:08,2018-05-10 00:14:29,2018-05-10 12:07:00,2018-05-17 01:04:12,2018-05-24 00:00:00
621d22173590d292319c7a2f72ce76f6,6b9ee4546cd2f41bea3fcdaf318d04b7,delivered,2018-05-18 12:24:25,2018-05-18 13:27:12,2018-05-18 13:51:00,2018-06-02 14:12:11,2018-06-05 00:00:00
824ea549426913275fcda582fe4fc0d1,7b774380043fd2a7942ff8b396b4807c,delivered,2018-05-06 18:23:47,2018-05-07 09:15:23,2018-05-08 13:58:00,2018-05-14 17:29:06,2018-05-29 00:00:00
c98c07a025d81c2340fa5495602c2312,0054f2f885ca69abcf4935c9506d7851,delivered,2017-03-31 00:01:44,2017-03-31 01:15:19,2017-03-31 14:51:03,2017-04-06 10:12:27,2017-04-20 00:00:00
ef1f03f43bc6cbad70025fec6b2d369b,ced97a9646c3faa02d66ac532db985cb,delivered,2017-12-23 16:04:44,2017-12-27 04:14:50,2017-12-27 21:55:50,2018-01-03 14:57:23,2018-01-15 00:00:00
daba32f13e003a4703e784cd05cc1546,192db3ff008dd51ac5687b2a37a0b02c,delivered,2017-08-18 12:38:26,2017-08-19 02:10:31,2017-08-22 18:03:49,2017-09-04 20:07:37,2017-09-14 00:00:00
85a0537b1cab74ec5a1525c3e60c6467,46c848799c224c04ce2958810c0240c8,delivered,2017-11-23 14:40:52,2017-11-23 14:49:12,2017-11-29 22:48:24,2017-12-08 18:48:47,2017-12-19 00:00:00
6a8677aeb56b8ee0d1a74e0435772e31,cc8b0570332e15f77abf874fc2da154a,delivered,2018-02-07 19:56:07,2018-02-07 20:15:28,2018-02-09 19:05:30,2018-02-17 14:58:49,2018-03-06 00:00:00
c6e881cc0c5529147cfb07d33ec5293c,e4a3eb8317fb4ee1e9ff88f3ee5dd0c4,delivered,2018-04-03 17:13:57,2018-04-04 03:10:30,2018-04-07 01:18:31,2018-04-10 16:45:40,2018-04-26 00:00:00
d4f63c1e71dd7a25aaf45fd89286d760,c385a910d2506eb4c809fbd19f8562a8,delivered,2017-09-05 14:35:58,2017-09-05 14:45:17,2017-09-05 21:14:50,2017-09-13 20:41:46,2017-09-22 00:00:00
8fc75fa394f1ce5c0fd2775a4ae94c2c,bb678932adf8c3450d4b00d04a04dcd3,delivered,2017-09-05 09:03:02,2017-09-05 09:15:22,2017-09-12 16:44:38,2017-09-13 14:38:13,2017-09-18 00:00:00
ff1d9d97d4672ad87547f712e335c246,2f776459b72b9130376ae424558d2613,delivered,2018-01-08 22:34:05,2018-01-10 10:32:30,2018-01-15 13:14:02,2018-01-18 23:12:01,2018-01-31 00:00:00
d699c734a0b1c8111f2272a3f36d398c,0c7e5a2123d793a5b2059cca7f650dc8,delivered,2018-04-22 13:17:43,2018-04-24 18:35:56,2018-04-23 20:46:40,2018-04-26 21:47:45,2018-05-11 00:00:00
7e4be1fb343cfb05e87f6a4394420b55,25bc0175958db929618e5672430dbddb,delivered,2018-05-25 09:06:36,2018-05-29 03:14:41,2018-06-05 15:51:00,2018-06-07 02:33:13,2018-06-14 00:00:00
10a045cdf6a5650c21e9cfeb60384c16,a4b417188addbc05b26b72d5e44837a1,canceled,2018-10-17 17:30:18,,,,2018-10-30 00:00:00
b541ddf0b037dc357b232eac15bca4a7,a9747726d8eee30a4508fa88cd8a20a4,processing,2017-11-08 19:49:12,2017-11-08 20:30:58,,,2017-12-08 00:00:00
f789a918deafa2b5038816382156c930,17faf204cfffe187f6cd7c7b0e878cbf,delivered,2017-06-30 11:58:27,2017-06-30 12:05:26,2017-07-03 14:32:37,2017-07-10 18:14:54,2017-07-24 00:00:00
637789b606a0ef62ab4c16dbeac12324,b845e05f89bce49c4cbe5377b63e9e86,delivered,2018-02-27 15:23:08,2018-02-27 15:35:40,2018-03-01 18:18:34,2018-03-07 22:53:07,2018-03-20 00:00:00
1000fcfbd3d7ba209ecd4e6cbddf839f,6d0a1202f51fe7aab56facf944770117,delivered,2017-12-04 16:18:28,2017-12-06 16:16:26,2017-12-08 21:38:47,2017-12-18 19:19:11,2017-12-20 00:00:00
5f55e6b524e35858ebe24f6f9a5491e0,a8b3d541a07fa18f40425defa788532a,delivered,2018-08-01 00:05:21,2018-08-01 00:40:12,2018-08-02 14:14:00,2018-08-03 11:08:43,2018-08-07 00:00:00
81db77f7fab05cb60fa338aee13d08c7,ec6596fc77814f52f27d1cbc1eaf2a1b,delivered,2017-11-24 22:38:00,2017-11-25 01:33:21,2017-11-28 21:33:38,2017-12-21 19:13:12,2017-12-27 00:00:00
a21488f55d20f5d8ff41c2f3a2408cb6,bba6648207f3ea081e1dc431eabd276d,delivered,2017-09-04 16:06:01,2017-09-04 16:24:36,2017-09-08 15:06:51,2017-09-18 19:16:55,2017-09-22 00:00:00
27fb2154c341bbc730063b1d16844616,999e3c7a67f519385382c467f76c5393,delivered,2018-05-21 12:45:43,2018-05-22 08:56:50,2018-06-07 14:01:00,2018-06-15 15:12:32,2018-06-21 00:00:00
19f7f56c6be510246f52557f78c2d0d0,ed52ab328378a443237a02204d369a87,delivered,2017-11-26 12:13:36,2017-11-26 12:34:44,2017-11-28 22:28:39,2017-12-01 21:19:05,2017-12-11 00:00:00
82c08d39d308cb94bad8fc71b0b7b257,ee3424ba724cb6d97ba9785339bb5ea5,delivered,2017-06-30 11:07:59,2017-06-30 11:23:38,2017-06-30 15:32:12,2017-07-10 16:22:36,2017-07-24 00:00:00
a4319b6643948acd1eb9e4e0c8b0d473,a73f82fba93cdf03b47dadcbf69fc312,delivered,2017-09-19 19:50:14,2017-09-21 02:46:07,2017-09-26 17:36:57,2017-09-27 17:25:25,2017-09-29 00:00:00
2ce78bb2c1b4f43ed4cbdb05d6c87907,638f52c07d956bf960e34befb98a0657,delivered,2017-05-18 15:14:03,2017-05-18 15:22:46,2017-05-22 10:29:56,2017-05-31 14:48:00,2017-06-13 00:00:00
716ae039823c5b809fbf98d24626922a,bc781ab7ea64681deb7a011ec776bb0e,delivered,2017-04-04 21:53:37,2017-04-05 22:02:38,2017-04-06 07:46:16,2017-04-18 13:37:46,2017-05-09 00:00:00
54c4b0926f9b4aeb54164306d1374e8f,a5931868ca3c3ba7b8b15801b97fec1f,delivered,2018-01-06 12:28:22,2018-01-09 07:16:30,2018-01-10 21:14:47,2018-01-16 17:07:05,2018-01-31 00:00:00
205fc1dde4304cae4a504a6fa594a318,01c79f3ab2bd70b64e01c67a91843303,delivered,2018-08-09 12:13:17,2018-08-09 14:30:29,2018-08-17 12:50:00,2018-08-23 17:51:32,2018-09-19 00:00:00
7cf64ae8137941a44a6300e23b7e25f1,d618be7012b16037155ed0671bac9812,delivered,2018-04-08 20:21:13,2018-04-10 03:49:57,2018-04-11 23:53:40,2018-04-24 20:07:54,2018-05-08 00:00:00
22944b4163f09171dfb645a94b87e645,1ca8fbb672ef5cb9bc289196bd4c3044,delivered,2018-02-03 12:00:03,2018-02-03 12:15:28,2018-02-05 21:56:38,2018-02-14 22:23:19,2018-03-01 00:00:00
1da44207e99dbf6f88a322548bb43aab,211e24a3bea5fbbaa50ae668bb65fa76,delivered,2018-08-19 12:01:33,2018-08-21 04:50:20,2018-08-22 12:49:00,2018-08-24 01:23:47,2018-08-27 00:00:00
be09f109e6aa72ccad1f72f521f8d525,c8c236ed3d37d2c3f9c82ab51b5482fd,delivered,2017-01-29 20:03:45,2017-01-29 20:33:32,2017-01-30 16:54:28,2017-02-13 14:06:11,2017-03-15 00:00:00
5474faa7029031dfd837567d8f48ce5f,3f963511050337e3eeda3727a9970b5a,delivered,2017-11-22 13:41:21,2017-11-22 13:55:25,2017-11-28 19:48:43,2017-11-30 21:22:04,2017-12-04 00:00:00
d03665e5fcb519e311e5609b2d0d2282,a4a8a7eb8cab3c01aa0b137399f4ed51,delivered,2017-12-17 22:14:16,2017-12-17 22:33:04,2017-12-19 20:48:02,2017-12-28 22:23:23,2018-01-31 00:00:00
7618b897317b5a4fc4f1b15666f3e24b,dad18fc78e3b2c9cb4e189e80563d2e1,delivered,2018-05-19 23:15:03,2018-05-20 00:35:10,2018-05-23 13:00:00,2018-06-05 15:08:28,2018-06-25 00:00:00
3fffdbcdd7ed6b3acdb0bdbc5c96df52,56993e1faa560e969e0ba199573545f6,canceled,2017-10-29 16:25:52,2017-10-30 16:31:24,,,2017-11-28 00:00:00
d7254b8b021b5a531c35571bdc25abeb,331fb1ecfc14f5f59502d287e4e25c0c,invoiced,2018-05-14 15:12:30,2018-05-14 15:33:40,,,2018-06-06 00:00:00
259db13389bfe3716dd43778b0421777,40ace4550b2427f298fce14235349f25,delivered,2017-02-15 07:51:32,2017-02-16 02:23:30,2017-02-16 15:03:10,2017-02-23 13:04:58,2017-03-24 00:00:00
d33ed17c28104a5821b0aed3fd7323d0,6cd040460d7a32fa711a4da0dc30f187,delivered,2017-11-03 16:38:02,2017-11-03 16:50:50,2017-11-06 22:31:22,2017-11-16 16:21:08,2017-12-04 00:00:00
db84db337289e32d68a15a944ee524b0,31d301f727179ae52ba29009bb5add70,delivered,2017-06-15 21:01:21,2017-06-15 21:10:13,2017-06-19 20:03:24,2017-07-06 09:47:25,2017-07-10 00:00:00
05d43265b79289692a382c9f2a6c1547,3c6ea1acabe8c875fd3484d5e34d10e4,delivered,2018-08-26 04:53:46,2018-08-26 05:35:13,2018-08-27 14:07:00,2018-08-28 18:57:01,2018-08-30 00:00:00
79b15d097ccbb1f4c75763ad07a8d543,1fdde0a24922523791641ed04bd9c5c0,delivered,2017-02-14 19:49:42,2017-02-14 20:03:22,2017-02-15 08:18:02,2017-02-20 14:24:18,2017-03-15 00:00:00
9b3430b6fdf31ecd9d2ddea5dd58aab4,b883f3ec183aff519703556b87fec08c,delivered,2017-11-08 11:06:24,2017-11-08 11:16:31,2017-11-14 21:21:55,2017-11-20 17:52:04,2017-12-06 00:00:00
5d90c606cb92f1bd781a311d5ab61a75,e9464eb5ddf959cd6eafd176ca44eda7,delivered,2018-06-26 15:38:26,2018-06-26 15:56:46,2018-06-27 10:49:00,2018-07-04 14:33:55,2018-07-31 00:00:00
e641155b00bb2461d65e69ad8dbabb47,431a8f322d160d680e0bf63712bf812f,delivered,2017-09-13 12:58:42,2017-09-13 13:10:26,2017-09-14 18:37:19,2017-09-18 17:16:44,2017-10-02 00:00:00
5acdf5459cd1a4cf55f54554391f0865,bc1660cd7177c9456a115888eedb18e6,delivered,2018-05-03 17:21:13,2018-05-05 02:53:41,2018-05-07 14:08:00,2018-05-11 21:48:33,2018-05-21 00:00:00
4912377c02eb84d181d53e98e010124e,611403f0a97f08c990860b6932d213f4,delivered,2018-03-29 19:17:49,2018-03-29 19:30:27,2018-04-03 12:37:25,2018-04-07 14:38:46,2018-04-17 00:00:00
7f96bf9d2b7643f96bcb99c0a616a5ba,b4770ac39b732e3459007b4b1c0648ff,delivered,2017-12-11 23:00:15,2017-12-12 00:05:06,2017-12-13 18:32:33,2018-01-30 10:08:01,2018-01-05 00:00:00
be049b6fa688493e1676db5fafc0bbb3,15ba5913a2d5f80e06202cf53444d565,delivered,2018-05-03 17:43:11,2018-05-03 18:14:54,2018-05-08 14:48:00,2018-05-14 19:52:50,2018-06-05 00:00:00
abbfeb15e92b49fc3961aab15d3d25f9,f83f9c93730ab1ecce11b887c0b6be5a,delivered,2017-12-06 14:57:22,2017-12-07 03:14:48,2017-12-13 19:16:16,2017-12-18 20:42:39,2018-01-10 00:00:00
80e1ae11ef8bfc49872b25776d1cff47,0cede16ccc38deda442181edce152733,delivered,2018-04-24 21:16:09,2018-04-24 21:30:35,2018-04-30 17:10:00,2018-05-09 19:52:02,2018-05-21 00:00:00
982c14be246edd28bd7242b39eac563b,d60b88f11d0f20aff9830122c0db3ef4,delivered,2017-12-12 22:06:08,2017-12-12 22:15:22,2017-12-21 05:28:51,2018-01-05 18:54:36,2018-01-12 00:00:00
9e7147a6ff3d5299da2672e1c64c9c49,69c44cafad4d74413ddd820f77d755a9,delivered,2017-07-01 16:55:23,2017-07-02 16:45:10,2017-07-05 16:36:32,2017-08-11 18:57:03,2017-08-04 00:00:00
a8efa4edb9c660aab65cfeb8c5375d81,78c5527bec943e1f5dbe53814001c479,delivered,2018-01-30 14:46:20,2018-01-30 15:11:16,2018-02-05 18:57:52,2018-02-15 18:35:46,2018-02-26 00:00:00
21c62929864d549aa9caca4f25b7e053,402e0fd24c4856dccab60decfb4a7d94,delivered,2018-04-05 10:37:05,2018-04-05 11:50:14,2018-04-10 20:32:38,2018-04-16 19:11:15,2018-04-23 00:00:00
98c9c5c7df242bfccd1ad3510eff89f2,2879df7ed1e90a3f0bad2a69eaa904ba,delivered,2018-02-02 16:45:13,2018-02-02 17:43:16,2018-02-05 16:07:45,2018-02-20 17:22:10,2018-03-01 00:00:00
28a1f9cca638114ce8fc6ddfce2b7d52,628fc0c76ede71d2eb3890f876ec85b1,delivered,2017-08-25 08:10:43,2017-08-25 08:24:18,2017-08-25 20:33:30,2017-08-28 16:59:55,2017-09-08 00:00:00
bcd894d1c63a81b9b1872a8b9579f546,b94a28d76c3a1186c1d20f6b23d5f6f7,delivered,2017-02-17 11:27:22,2017-02-17 11:35:22,2017-02-17 15:06:37,2017-03-17 12:34:28,2017-03-20 00:00:00
e4dfcaf56a2c7a993710bbc5d10a3d06,d2a88d4cd954a41795819308c136a315,delivered,2017-12-31 14:54:13,2017-12-31 15:06:26,2018-01-04 23:09:24,2018-01-10 21:05:18,2018-01-24 00:00:00
0bd044f3b358bb88951e3ea66eadcc70,a692cee8697769980ec9fa9f5170fc11,delivered,2017-09-13 11:34:35,2017-09-16 09:05:33,2017-09-18 18:20:00,2017-09-26 16:11:37,2017-10-04 00:00:00
e1fe072ef14b519af1f0a8ed997c1301,758b633d88b82063db189810084f4ea9,delivered,2017-01-05 15:32:59,2017-01-05 16:15:16,2017-01-06 13:45:22,2017-01-12 14:13:19,2017-02-15 00:00:00
9f746b29d9c50effb250e5b99c2c8874,68aabe09a8f238550a40b8220c176f46,delivered,2017-08-01 22:49:34,2017-08-03 03:05:59,2017-08-04 22:26:44,2017-08-07 18:53:43,2017-08-15 00:00:00
ba714b832c8a26b8b6ce921e0ecbc886,44e901b8be5f6dd05a27589aa95f7679,delivered,2018-05-11 13:38:26,2018-05-11 13:50:59,2018-05-11 14:33:00,2018-05-18 14:19:04,2018-05-30 00:00:00
34d0b73ffe40c22d8537270e7ffe7517,bdada23b09891540da8555ab278a5fa5,delivered,2017-11-08 19:50:12,2017-11-08 20:30:57,2017-11-10 23:05:50,2017-11-17 16:47:05,2017-12-06 00:00:00
2fe3e3ee7c1249743f3c7391c05042b3,d711fca0d2d48b5a43b009956e220042,delivered,2018-02-09 18:22:59,2018-02-09 18:35:24,2018-02-16 19:58:57,2018-02-26 23:38:40,2018-03-07 00:00:00
5cc85e983f530b29858b3da0bfbc7228,b9b78d5b4aef308f92fbe5332cd81386,delivered,2017-09-01 01:08:15,2017-09-01 15:15:21,2017-09-04 16:18:08,2017-09-15 22:23:53,2017-09-20 00:00:00
72a8876d36ea688596ca2cebf30675d7,2d271a75cb4a820e42f0f3cdf7493f3a,delivered,2017-09-29 14:47:14,2017-09-29 15:04:35,2017-10-02 11:22:26,2017-10-09 17:36:50,2017-10-23 00:00:00
eaf2e70dfee5cc04c4cf2b2b5d99ff6a,7e6419409fd2936eb5d27e8aa17ab952,delivered,2017-07-25 20:32:07,2017-07-25 20:45:10,2017-07-26 18:49:46,2017-08-01 20:29:46,2017-08-14 00:00:00
8dd1e8dc5df5298f67ade481b8b652c8,dad0f2e41b6b4b85070b49287a994d37,delivered,2018-01-28 18:43:24,2018-01-28 18:51:26,2018-02-01 20:42:01,2018-02-14 21:22:00,2018-02-21 00:00:00
b1b25c32832c6654e6cd3f949355a561,7d8e5933121d2d2447c2ef6a6a45d898,delivered,2017-03-20 23:51:25,2017-03-20 23:51:25,2017-03-22 13:32:10,2017-03-27 15:53:00,2017-04-10 00:00:00
0d68ee25f75190aba2b49bf9f25f8f6a,a99b357b78ddae5103238dedb322cf49,delivered,2018-08-11 11:20:07,2018-08-11 11:30:11,2018-08-14 10:22:00,2018-08-24 20:12:55,2018-09-12 00:00:00
ef21cb9d3fa728f51493d679143b7834,a684554378131af35310b25179278c1c,delivered,2017-11-25 13:16:54,2017-11-25 13:33:22,2017-11-27 23:16:44,2017-11-29 23:03:39,2017-12-21 00:00:00
bc045a5fb4a7e572cee50d982efd14bb,aaacba86f75fde5882829ebf2519fe79,delivered,2018-02-04 22:41:59,2018-02-04 22:55:26,2018-02-05 23:34:18,2018-02-14 16:42:36,2018-03-01 00:00:00
be5d667e97f0b3bd94debc7b946aecd7,932de5979e3351bedd7e46e9864c41b6,delivered,2018-02-26 17:21:41,2018-02-28 09:56:03,2018-03-19 10:11:44,2018-03-19 10:11:48,2018-03-19 00:00:00
fdac95c75507c9e6e22b058769814a51,64bbbe474ec949a60a0a7a0731d9544e,delivered,2017-06-22 18:04:14,2017-06-24 02:23:04,2017-06-28 14:58:56,2017-07-03 10:03:43,2017-07-14 00:00:00
43ad91c37e773a2fc263fd0f7c48b1c0,3468e012ad483ea43c521406841b62a5,delivered,2018-07-21 10:10:09,2018-07-21 12:45:11,2018-07-23 12:48:00,2018-07-31 21:56:42,2018-08-17 00:00:00
ea921667f0ab37edbe094d0e67c9d454,327d7f521d79dedd1ec483d0ba129414,delivered,2017-04-06 08:52:35,2017-04-06 10:02:22,2017-04-07 10:25:15,2017-04-17 15:04:49,2017-05-02 00:00:00
4439ae87a236a720d52416f0f5b816e7,b8f9780d616aaacbbeebe26992a38ab6,delivered,2018-05-17 08:35:37,2018-05-17 10:38:34,2018-05-17 13:37:00,2018-05-18 19:14:35,2018-05-28 00:00:00
9d0e0cc4232165056ade2cc2d2bae530,886069eaa0c282b93526bdf694eab36a,delivered,2018-03-04 20:34:07,2018-03-04 20:48:47,2018-03-05 18:06:15,2018-03-06 20:09:23,2018-03-22 00:00:00
3b981944c4d2df767cc524ebcb06d7e9,ee3efd144d308f6409b291bbbf3a699a,delivered,2018-06-12 17:30:23,2018-06-12 18:08:57,2018-06-13 14:48:00,2018-06-20 20:12:08,2018-07-04 00:00:00
97a25cc4e813283eff216448e5e0fcb7,391fa205bfed5897353ba3f0814c1d1f,delivered,2018-05-11 17:42:16,2018-05-11 17:55:24,2018-05-15 15:03:00,2018-05-16 17:51:38,2018-05-24 00:00:00
19808643dfb101952f68edccca618526,952e55498d185a919ffe34225cdb6032,delivered,2017-11-24 07:41:15,2017-11-28 03:43:22,2017-11-30 23:51:21,2017-12-19 19:20:41,2017-12-27 00:00:00
242bbb3b84eef5d7f4aa6ca1921e04d6,bb927840905fdf4b8f78c55f50bd64f0,delivered,2017-11-05 19:14:32,2017-11-05 19:26:46,2017-11-06 19:48:49,2017-11-10 18:31:24,2017-11-28 00:00:00
001e7ba991be1b19605ca0316e7130f9,b6a1445ee505f3a95c827e7a5188ad02,delivered,2017-03-18 11:47:37,2017-03-18 11:47:37,2017-03-20 10:14:45,2017-03-28 14:23:33,2017-04-12 00:00:00
6a3bb0cd9859ea8af859bd024ccb959d,1e8c548eef0854e00134eb5ca82d2670,delivered,2018-06-11 21:18:12,2018-06-11 21:40:52,2018-06-12 14:59:00,2018-06-13 19:27:36,2018-06-20 00:00:00
2b2e646f2556658e3d06c53ee0465153,d345248d0461cfb967ec4c9b02feb77d,delivered,2018-04-18 14:48:57,2018-04-18 15:11:27,2018-04-25 08:14:00,2018-04-30 18:28:39,2018-05-15 00:00:00
663daea291a5e96f0bc5db3b67a72b5c,71a06801bc27c0d2314e8c7deab81adf,delivered,2017-06-07 22:27:49,2017-06-09 02:30:34,2017-06-09 16:02:48,2017-06-19 12:22:24,2017-06-28 00:00:00
3ed6a9a1b212121d7c0fde10bc8a65f2,25fb0e680ef70980bcd26f8a2729c794,delivered,2017-02-13 02:45:53,2017-02-13 03:02:50,2017-02-22 12:18:57,2017-03-02 12:42:14,2017-03-17 00:00:00
5e002a958f5d0bd67227e52e2de7b450,3c0e79dd7a2fb999607a27161a484efb,delivered,2018-02-20 15:29:45,2018-02-20 15:48:44,2018-02-21 20:52:39,2018-02-28 22:29:04,2018-03-13 00:00:00
379fed4a1ab7b5a3e8126fe0b76b9ebe,88d527116cfe395e822beea99fc73c12,delivered,2018-07-27 12:44:03,2018-07-27 13:20:11,2018-07-30 12:02:00,2018-07-31 14:53:55,2018-08-01 00:00:00
1d6efdc47fc22d96340ff4b18566ef54,30f61268324b4137284bc56fee3f63cc,delivered,2018-08-15 08:52:48,2018-08-15 09:05:07,2018-08-21 13:47:00,2018-08-28 14:35:46,2018-09-18 00:00:00
a2240447ddd7e5f9f6572b364e927009,3c01c0ac05ae7682df07dd707e4d49cb,delivered,2017-09-25 00:12:19,2017-09-25 00:25:17,2017-09-26 19:07:43,2017-10-01 17:37:37,2017-10-18 00:00:00
03489476aad23c09fa16e1c46ad38044,8638f9c20217d9ca8eaa2bd445316c7b,delivered,2017-08-27 13:54:23,2017-08-27 15:04:09,2017-08-29 17:17:10,2017-09-02 15:52:32,2017-09-25 00:00:00
2f70d6fc23a1899fd564c990dfcf51fc,927b5dc6871a9349fe880e674f2bed6d,delivered,2017-09-04 14:01:22,2017-09-05 04:10:19,2017-09-06 21:36:53,2017-09-11 14:57:26,2017-09-15 00:00:00
b46fff4b68b745db1498b3a260aaed5c,5845a34267863dd54bddd1579854ddc4,delivered,2018-08-05 09:36:09,2018-08-05 09:45:07,2018-08-06 16:59:00,2018-08-10 02:28:29,2018-08-21 00:00:00
3acbf8d525d03b71546282c532a3dc6b,b70d5f83bd11f46b13a82b2ee6392eb2,delivered,2018-01-17 21:59:08,2018-01-17 22:07:22,2018-01-18 21:03:20,2018-01-24 15:38:34,2018-02-15 00:00:00
2425bfa4b884a961d340ba2616f3be4e,e8bf6cb43a7dfdd51f49f81373b2854f,delivered,2017-03-16 10:48:27,2017-03-16 10:48:27,2017-03-20 10:26:57,2017-03-30 13:04:39,2017-04-10 00:00:00
dc7be13b2ee660f092e641982b4dfb69,7f5dca9152f748239a118f4462ad2c26,delivered,2018-01-21 08:17:29,2018-01-22 13:44:12,2018-01-22 22:09:49,2018-01-24 17:10:28,2018-02-06 00:00:00
6e9bb8c33064b3a94ab38ff1e71aa9ef,5332e4edbeef6f8ccb4bb0e9c7dd983b,delivered,2018-05-16 14:42:39,2018-05-17 02:55:31,2018-05-22 13:40:00,2018-06-07 16:26:59,2018-06-07 00:00:00
9e8d7ab8137bcd3cfeac577dddf35592,771460028f9bb4394935112dac04a6a4,delivered,2018-02-23 20:18:01,2018-02-23 20:27:49,2018-02-26 19:59:08,2018-03-23 15:03:07,2018-03-15 00:00:00
c6f232800bcc02894a679417a1a93822,6dfbd0fd8391e9ae18140ebf6304989b,delivered,2018-06-24 23:39:16,2018-06-24 23:57:47,2018-06-25 15:16:00,2018-06-29 22:36:34,2018-08-03 00:00:00
a4f71a0d584883f990018a219bb7dfb4,ef21c78da6a79f7c34a9e2ca1c0ae880,unavailable,2017-11-03 18:44:49,2017-11-04 06:10:24,,,2017-11-29 00:00:00
773d4900b39c0f2c4987028481b98b34,988f1b1b4d7922adb1b70297950c5da3,delivered,2018-03-04 13:46:32,2018-03-06 03:35:31,2018-03-09 15:22:20,2018-03-12 20:57:25,2018-03-19 00:00:00
0b76ed588a46e17ca968f7fcafab6c5f,779d2c4b51f1e1d7633a0971d70e979e,delivered,2018-01-22 16:27:29,2018-01-23 16:31:30,2018-01-24 19:42:45,2018-02-06 19:46:45,2018-02-20 00:00:00
19fb3160f1bdded8463061ab9385fbfc,addaf501d74472c8a4067d75c9606a37,delivered,2017-10-27 02:37:22,2017-10-27 02:50:09,2017-10-27 18:43:03,2017-11-16 22:32:24,2017-11-22 00:00:00
8ff03a9b59885483e679e9bcbcc60ae5,398d2b6902f0fee49283542ace401aa0,delivered,2018-06-08 18:18:46,2018-06-08 20:32:01,2018-06-11 13:24:00,2018-06-19 14:34:55,2018-07-11 00:00:00
210815e915694747f4d7f75010d5a665,987b15cf895b62d1fe337652f44f802f,delivered,2018-04-18 18:58:54,2018-04-18 19:12:57,2018-04-26 13:53:00,2018-06-08 16:53:49,2018-05-29 00:00:00
f89be3ed1cd9bd6531cff9ffea1c8546,ab9bbbff9759ecceeebcbb363cb484ed,delivered,2018-07-15 21:58:48,2018-07-15 22:05:24,2018-07-18 13:04:00,2018-07-24 14:51:57,2018-08-06 00:00:00
403eded18ebb5bdaf010eb9050036fa4,7d118844fb2bc2f03cae5ed0e7327b62,delivered,2018-02-16 20:57:11,2018-02-16 21:10:27,2018-02-19 20:03:47,2018-03-02 17:33:48,2018-03-16 00:00:00
11c282981ca238ce75b48aa5a75bdeea,17d627c71b0f9cbedddb818f3be57921,delivered,2017-12-06 20:10:46,2017-12-06 20:32:26,2017-12-12 21:57:08,2018-01-04 22:18:01,2018-01-04 00:00:00
5d897972f7c8ca3878faa6d297a0173e,8696813c751f4e6bf28e6330e4b00104,shipped,2017-05-13 15:44:13,2017-05-14 15:50:15,2017-05-15 15:30:14,,2017-06-13 00:00:00
b52f66917d5dcb9b040622761f939b97,05b061099c358258e9ab7344cbb3a749,delivered,2017-05-29 20:39:57,2017-05-29 20:50:13,2017-05-30 16:12:59,2017-06-05 12:46:41,2017-06-28 00:00:00
9790041c37fe439f3ad230642670a149,85c6f198808c7f17373e37ea59b00e89,delivered,2018-01-22 17:10:42,2018-01-22 17:19:19,2018-01-24 18:52:39,2018-01-29 17:49:05,2018-03-02 00:00:00
9203da3a0188ae9cca20e56ccbb1bb93,f1a65c10185708a874f5f02d1153e003,shipped,2018-05-02 20:25:15,2018-05-03 20:31:09,2018-05-04 12:31:00,,2018-06-05 00:00:00
c387679d4cea1d6f624cec1542b9d359,76a1b8441dfc958f668898b0825fd102,delivered,2017-05-25 20:02:05,2017-05-27 03:02:42,2017-05-29 11:06:53,2017-06-05 12:23:39,2017-06-14 00:00:00
b53daded44cdc3c3f3e1962c34ebdbf2,30577af64fd5fc68789a2f1d14b848de,delivered,2018-08-13 13:11:27,2018-08-14 08:55:28,2018-08-17 15:54:00,2018-08-22 18:53:51,2018-08-27 00:00:00
89ca1c6fae0e21f0395c0e3b1d89914e,07b23777533ca4b2107867f3ae97dce5,delivered,2018-03-20 16:27:48,2018-03-22 02:50:32,2018-03-22 21:32:14,2018-04-23 15:33:02,2018-04-11 00:00:00
d9315248c746eae375828adf46ae3eca,7179ad6de5e40459dd6d155a79e0a8b8,delivered,2018-05-18 18:01:10,2018-05-18 18:19:26,2018-05-22 14:29:00,2018-06-06 20:26:25,2018-06-07 00:00:00
55eda25190659fb615a61fbbaa14013c,c129172a7b1a93b029911b83f0d49471,delivered,2018-05-16 16:44:38,2018-05-16 16:57:07,2018-05-18 11:18:00,2018-06-05 17:45:36,2018-06-11 00:00:00
a3e4fb1d4c4c04deb731bae74f190339,82f7c186aba09154512a00de43c9502b,delivered,2018-03-17 17:01:02,2018-03-17 17:15:31,2018-03-19 17:03:02,2018-04-11 01:20:45,2018-05-02 00:00:00
97ca549aa4a8d582d149002b880984f2,c7beb17a33909571d5a71b10f71b42ce,delivered,2017-09-26 09:11:45,2017-09-26 09:24:25,2017-09-27 16:58:06,2017-10-08 19:00:03,2017-10-24 00:00:00
315f64b276d746cc513f5579beb023cd,8bc28e85d4fd1b9141dbe7aa12ff5dd3,delivered,2018-03-02 09:47:42,2018-03-02 10:09:48,2018-03-08 00:38:40,2018-03-24 15:18:46,2018-03-27 00:00:00
0e530f6be154c9d7e7b12f34153b0fc9,412144cf41fbb4eea53503a743dbb638,delivered,2017-03-15 22:36:29,2017-03-15 22:36:29,2017-03-17 11:53:38,2017-03-31 13:49:55,2017-04-13 00:00:00
d6ca1bec2f56a21f948613de255ac819,6c8517970908e8f1ea1eb8748e7fe6ea,delivered,2018-06-02 21:51:43,2018-06-02 22:11:38,2018-06-05 10:53:00,2018-06-06 23:33:10,2018-06-28 00:00:00
ba65d70e8d6eebcfd0cb5d88c2497383,426ebfb18cd8d9be56b96b750c43375c,delivered,2018-02-07 13:57:59,2018-02-08 07:55:34,2018-02-09 19:34:06,2018-02-18 21:06:29,2018-03-08 00:00:00
eadaca4f30575b6c3a4c4efebce9d252,b1e23a1a09fe2eb966159a77c524a828,delivered,2018-02-05 20:07:17,2018-02-08 08:56:14,2018-02-09 23:56:40,2018-03-20 00:41:59,2018-03-08 00:00:00
4b707ea4e7c08fa1180bf92bede67da0,1eea1a72f29237e9df4cf1025d118b04,delivered,2018-06-18 12:05:30,2018-06-18 12:37:20,2018-06-19 14:07:00,2018-06-25 21:48:22,2018-07-11 00:00:00
9023f19129c14dadfacec1394f255de9,a419883e5bb40642decd2eeea734da73,delivered,2017-08-19 00:15:41,2017-08-20 00:25:57,2017-08-23 15:16:34,2017-09-04 18:07:53,2017-09-13 00:00:00
f723bed53ca7e20f8a052677b83983e6,13e8322a6c779a53d2e57f269f720691,delivered,2018-07-19 19:38:45,2018-07-19 19:50:10,2018-07-23 06:59:00,2018-07-25 02:14:37,2018-08-16 00:00:00
39a2adce13ad153c1153a05130f65727,c0a56dec29214ca8e10a81ae440b6c5a,delivered,2017-10-13 19:10:58,2017-10-14 19:26:03,2017-10-17 20:22:42,2017-10-23 22:16:52,2017-11-06 00:00:00
72520be5b5b4c32b2ada295436e4472e,76e17b3467f6f930eaa9a1ce94ecf27a,delivered,2018-05-16 14:14:03,2018-05-16 16:31:25,2018-05-21 12:25:00,2018-05-25 00:44:24,2018-06-01 00:00:00
a6f118bcb8721211afbb36e4a1e63610,e09c6265f1f8647749be9898aa511e98,delivered,2018-08-16 11:22:55,2018-08-16 11:35:12,2018-08-17 13:59:00,2018-08-18 18:04:33,2018-08-21 00:00:00
1637fe3bb334a5aa79e8731cc76891b5,e837a3746937ea3957c5c12deb313036,delivered,2018-08-13 15:59:07,2018-08-14 04:50:16,2018-08-14 14:33:00,2018-08-15 19:03:16,2018-08-17 00:00:00
f5068e06e9de577bdbfcb519ff9fb5c5,0f785087559e9facc142d63b1a81d70b,delivered,2018-01-10 08:45:23,2018-01-10 10:32:02,2018-01-10 22:51:41,2018-01-23 09:48:44,2018-02-05 00:00:00
c16ce7cb8754c1a23b18dda94ca20b02,a15bc01a5b7926fc4baf9c24a83919ae,delivered,2017-10-26 11:48:27,2017-10-27 06:50:06,2017-10-27 18:58:41,2017-11-08 16:12:23,2017-11-24 00:00:00
76f27a60facc0c9b7ee8344eeb60c7a1,f12d12275ee0e3b03bad2fa39ca732e3,delivered,2017-11-24 23:59:24,2017-11-25 02:54:32,2017-11-27 23:12:04,2017-12-05 23:46:54,2017-12-18 00:00:00
bcc786c10284d63d8d4c8a0a8c98428e,5cd7b9a71c9e3e244d8415f996c091ac,delivered,2018-02-02 16:36:06,2018-02-02 16:56:06,2018-02-06 01:04:28,2018-02-15 17:22:56,2018-03-08 00:00:00
db92613c074f00e53066388d48ad7512,27a75731e54e65943d86577cbe7b2d08,delivered,2017-07-19 19:37:19,2017-07-19 19:50:19,2017-07-25 19:39:28,2017-07-26 20:33:33,2017-08-03 00:00:00
d3d01ef12056c188efd982d9ef923a8e,f146f93b48285479951451471d9edceb,delivered,2017-04-12 19:16:13,2017-04-13 02:15:09,2017-04-13 15:48:01,2017-04-20 17:10:32,2017-05-04 00:00:00
27bb59120b021cf6ebad6ea92f289d53,905e293bc89899eb20502ddf4c1ab279,delivered,2018-07-07 13:00:50,2018-07-07 16:05:50,2018-07-10 08:18:00,2018-07-30 17:05:18,2018-08-06 00:00:00
8f721642e759e681c6f467408a4edc47,6c4d1f47d8330211a3fdc593f51c2d34,delivered,2018-04-19 10:49:38,2018-04-19 11:36:47,2018-04-23 21:28:50,2018-04-24 22:04:16,2018-05-08 00:00:00
a400b16a97414ec974f5a6910c28dbe5,682a5ec271640280d52832cdef1f1b57,delivered,2018-08-10 20:00:30,2018-08-10 20:10:18,2018-08-13 13:12:00,2018-08-20 19:03:34,2018-09-03 00:00:00
4724d70419b2219c68e4ae60a03738f7,61cf203eb54db88ac8160700870481de,delivered,2017-02-06 12:20:35,2017-02-06 12:32:45,2017-02-09 04:13:53,2017-02-16 23:32:17,2017-03-01 00:00:00
a15fc4ce7d1b1cd6ec005a2f267758d8,ab2edda563a03f3767a676f16b29f45b,delivered,2018-08-14 14:29:53,2018-08-14 14:44:19,2018-08-15 09:57:00,2018-08-20 13:58:31,2018-08-23 00:00:00
100afaca9622960d56d99608309cd46b,3f75db6a3db29236e3e7975d66f376af,delivered,2017-11-22 21:04:23,2017-11-23 08:59:19,2017-11-24 16:52:11,2017-11-29 19:44:54,2017-12-08 00:00:00
99ebf2356ee846e0509062456a454157,653d1bb20bc75577254028ece6cdf1ef,delivered,2018-05-01 21:43:31,2018-05-01 22:16:21,2018-05-04 13:16:00,2018-05-11 14:38:51,2018-06-01 00:00:00
10c41c0172ecd7694a6aa595629ce73d,14221eca1803e8feece63e0b10c6bee5,delivered,2018-02-07 13:58:35,2018-02-08 14:15:47,2018-02-09 22:41:42,2018-03-05 12:47:33,2018-03-08 00:00:00
0ba49faaf02e7dc9210e94cd777d1880,32f5f0b501cc2cc5753fab31971f2385,delivered,2017-12-19 23:47:35,2017-12-20 00:51:42,2017-12-20 20:33:18,2017-12-27 20:44:54,2018-01-15 00:00:00
20012c4dba68323c61f4536de28ed1bb,e26e08c2affcb04408e2f30cb37abbaa,delivered,2018-01-25 16:27:59,2018-01-25 16:39:25,2018-01-31 23:28:44,2018-02-05 15:54:53,2018-02-22 00:00:00
fc0cb35623426de0611d0d45c4ba4f04,4cc0feb813529048d5f404e4ab50d1ba,delivered,2018-05-12 11:15:34,2018-05-15 04:35:06,2018-05-15 14:28:00,2018-05-18 19:34:48,2018-05-28 00:00:00
3e50ccb3e4c2558e4235db553f8dc2b1,94b1e925c0b906a75bd2464a24243db3,delivered,2018-06-09 21:38:58,2018-06-09 21:51:02,2018-06-11 21:56:00,2018-06-15 01:26:37,2018-06-20 00:00:00
3f7adef1231a477e6ff24caefa8afd63,6647c7485d0a91fe4b176db1016d999e,delivered,2017-12-10 22:05:44,2017-12-10 23:08:49,2017-12-12 21:18:56,2017-12-15 16:33:00,2017-12-28 00:00:00
50ef70ab0e17f1d235cada82f7189bbb,a46a646a753f6ff3ddca8e7532a6889b,delivered,2018-06-09 10:24:21,2018-06-09 10:35:22,2018-06-11 11:58:00,2018-06-18 19:03:46,2018-07-05 00:00:00
d166f67781b7bd0b6a57efe3bb9c6f37,28f4edd235a1d069052e36b8e79ae217,delivered,2017-05-30 22:08:34,2017-05-30 22:22:46,2017-05-31 23:32:44,2017-06-14 17:17:44,2017-06-26 00:00:00
14a660c68eba46744faaf9b97ee7bfbc,356a7b8a722cb4c3b2041c0807c1ed8f,delivered,2017-11-24 15:38:53,2017-11-28 12:37:17,2017-12-04 20:34:18,2017-12-19 17:38:03,2017-12-21 00:00:00
b71ab64303680993dd9892f9be490bfb,36c408645c6efa404b9ebd60139e68ca,delivered,2017-12-07 22:50:27,2017-12-07 23:12:07,2017-12-11 18:12:58,2017-12-28 09:58:53,2018-01-05 00:00:00
40162ae5bb70d47120362293259bedb9,ae1815c0cb3a8c3bb4d78441b58783bc,delivered,2017-06-12 20:35:11,2017-06-12 20:50:19,2017-06-13 13:26:26,2017-06-27 13:59:40,2017-07-05 00:00:00
f55846241ee01e6a5d8401e58d5b6c77,96ef8fb77cc2818a55b9f63961183f4a,delivered,2018-07-05 10:50:14,2018-07-06 03:11:22,2018-07-06 11:53:00,2018-07-13 19:41:59,2018-08-02 00:00:00
194a5d341c8262e8c0adbaade970ed2a,aeec4d2f2951cc7132dd0a1186df6bb3,delivered,2017-09-29 10:02:52,2017-09-29 10:14:13,2017-10-02 14:18:05,2017-10-06 22:13:10,2017-10-26 00:00:00
b56c08deae453133c59a527bb26c1a0c,020d4e12b05970e098dff43d6589d7e2,delivered,2018-03-09 13:45:03,2018-03-09 14:29:16,2018-03-13 00:02:18,2018-03-27 19:34:50,2018-04-04 00:00:00
a771d79ec4b8d059bfb6e773f290cc1d,cdbde24991a0b156e7608bd872df8747,delivered,2018-07-21 08:57:30,2018-07-26 23:32:34,2018-07-24 15:52:00,2018-08-02 19:37:52,2018-08-16 00:00:00
42479ac38bbf5cd9ae3c7925876075d9,673f451239ecd7f7dc3d4ae5032a699d,delivered,2018-01-14 18:19:40,2018-01-14 18:28:34,2018-01-15 22:38:31,2018-01-17 14:32:58,2018-01-30 00:00:00
e433edc92cb5e3ae5515301b3309e303,bb6a81fae449a2e3e9e681597076c571,delivered,2018-02-25 13:06:17,2018-02-27 03:31:02,2018-03-12 21:34:32,2018-03-19 22:36:35,2018-03-20 00:00:00
379281cb6937d39c00978dd24e8a71bb,b0da8feada4c6c91411715ee38b551d9,delivered,2018-05-24 16:58:49,2018-05-24 18:23:19,2018-05-28 13:04:00,2018-06-08 14:02:34,2018-06-20 00:00:00
cf38c31c188359d5573787afd3004356,7cae46765ea9901232b5d7971ada3524,delivered,2018-08-22 16:51:32,2018-08-22 17:04:38,2018-08-23 11:05:00,2018-08-24 18:58:33,2018-08-28 00:00:00
de6ecf000012d5db3960671b364f9c33,d1d142ee7d202450c0699834ea26a031,delivered,2017-07-03 16:50:27,2017-07-04 08:23:57,2017-07-06 17:13:00,2017-07-21 17:21:31,2017-08-02 00:00:00
c711de196a80086f6a5e179979fa4557,f28e7f3b63f96a1cfa3898ba6ca4ce65,delivered,2018-01-05 16:13:45,2018-01-08 15:37:30,2018-01-09 22:43:43,2018-02-01 02:33:08,2018-02-05 00:00:00
014fc889637133d9075190ba873dfc03,20296443465a67e0ac27c5a61f685453,delivered,2018-01-18 14:36:40,2018-01-18 14:55:57,2018-01-22 22:41:39,2018-01-24 17:13:08,2018-02-02 00:00:00
54cddd83908c41b0827527921ecd4efb,fed52b16378d5a6a91126dc5ebec1c97,delivered,2018-04-06 15:31:13,2018-04-06 15:50:03,2018-04-09 17:12:29,2018-04-24 17:36:47,2018-04-25 00:00:00
ec185b109151e5f34dc3fd3cbb3398ad,49c6eab5ef3937e831f930b435a865c9,delivered,2018-06-19 15:48:11,2018-06-19 16:25:23,2018-06-21 14:22:00,2018-06-28 19:32:47,2018-07-16 00:00:00
69916f0664db53d3c547f4a5644f701a,cb97954d835d52a03489a8ac745ca046,delivered,2017-07-04 17:43:43,2017-07-06 03:23:45,2017-07-06 15:25:14,2017-07-13 20:59:46,2017-08-04 00:00:00
5b0abacd375bd7093422a42eaf889d7d,51154f38c84e78ea286ae12b3815b74e,delivered,2017-04-10 22:39:25,2017-04-10 22:50:17,2017-04-11 13:29:45,2017-04-18 13:05:54,2017-05-02 00:00:00
8767f36960352a7d9b94e1857a45c981,31b1a8a4bc56ec61e5a3bb174d4e5318,delivered,2018-05-28 20:59:27,2018-05-28 21:16:27,2018-05-29 13:14:00,2018-06-06 19:06:24,2018-07-04 00:00:00
a00b897f3877d33635b6c8c9b8ef5984,3abcbb18503daf89323e9588fd12dfdb,delivered,2017-12-18 13:49:03,2017-12-19 09:51:52,2017-12-20 22:43:05,2017-12-22 23:48:54,2018-01-12 00:00:00
46f0668d5961419489c708d57e9e99bb,b7204e7f766871c1b9e3f0ca7d745076,delivered,2018-08-01 08:10:26,2018-08-01 08:25:13,2018-08-03 09:47:00,2018-08-07 15:31:51,2018-08-21 00:00:00
f6e9580f8deef178a36961e557370459,a58a4c91075481981cc978bcdeec27fb,delivered,2018-01-14 21:10:16,2018-01-14 21:30:01,2018-01-17 20:37:56,2018-02-01 17:31:42,2018-02-05 00:00:00
46f4a081ff99f052875639e33bf5d1d5,f86397554a5832c14ba104c85bbe7c39,delivered,2017-10-09 20:39:31,2017-10-10 20:49:57,2017-10-21 12:42:01,2017-10-28 10:08:42,2017-10-26 00:00:00
4dee9311551fdbf93257d21271e0f1eb,b75ed88769f013db7e68d0edd67afce6,delivered,2017-11-14 11:50:16,2017-11-14 12:06:42,2017-11-17 14:13:00,2017-11-24 19:39:32,2017-12-06 00:00:00
1f146ef2973ac65116ed3fcd8c27d507,84719aec15dc5adfdc2b8d167619f343,delivered,2017-08-03 19:56:56,2017-08-03 20:10:16,2017-08-04 22:17:29,2017-08-10 18:32:18,2017-08-25 00:00:00
c11c9be46e58763df468f1b5521acf37,5e840ce3316b0e8d7d4722ffd91775a2,delivered,2018-02-08 14:19:47,2018-02-08 14:30:30,2018-02-09 00:04:41,2018-03-06 02:56:15,2018-03-13 00:00:00
f663cd54c8e0dc104d710bec68d600ad,5fb9e91fe042e31899759eaaef232c4e,delivered,2018-05-31 13:16:15,2018-05-31 13:35:20,2018-06-12 12:25:00,2018-06-13 18:28:50,2018-06-19 00:00:00
7febb62dd1fd8962d1065fe5ffcacb01,b709a76dcf1fbb025469a62ba294ab0f,delivered,2017-11-07 17:22:00,2017-11-07 19:15:30,2017-11-08 17:59:02,2017-11-21 19:41:57,2017-12-05 00:00:00
9f0c13b24f453a9e258b56bd898c90ed,6283f75903e27897d42387f049a99379,delivered,2018-06-17 10:35:13,2018-06-17 11:01:06,2018-06-18 13:28:00,2018-07-06 15:06:42,2018-07-20 00:00:00
aa05f92f41748b3327711e6cc9ee9fc5,560eb8573a085b95bc6c26afa74ff45b,delivered,2017-10-02 20:56:44,2017-10-02 21:07:23,2017-10-03 19:28:18,2017-10-16 16:48:04,2017-11-16 00:00:00
a6bf5dacdd39006545530c216e48cd9d,a9ace71b0345a6f1a1a36e0baec156f2,delivered,2017-08-07 19:38:03,2017-08-08 19:45:14,2017-08-09 16:47:55,2017-08-18 18:19:28,2017-08-31 00:00:00
19bf02099b31db3f2f5d1bfb4fbf49c4,ad3aae554288c46c86360f95b3dc79aa,unavailable,2017-11-02 14:44:50,2017-11-02 15:05:46,,,2017-11-16 00:00:00
2af637f73b0d20f5ccc52704b0ae766b,65285bcee139a301804fe5f216243c9e,delivered,2018-06-02 17:28:29,2018-06-02 17:50:13,2018-06-05 15:33:00,2018-06-11 14:08:52,2018-07-05 00:00:00
9da5902b9f9210f370a81ff8edeafe62,368cbdd696020410f70f2dcf1ec31f72,delivered,2017-09-11 13:01:11,2017-09-12 04:26:14,2017-09-12 20:13:06,2017-09-18 14:22:44,2017-09-29 00:00:00
a009d7c1bdc1d3695519bee1519a07b9,b265a66c9a306642b1ca3d770f8f3c20,delivered,2018-04-02 00:14:15,2018-04-03 07:08:23,2018-04-03 18:58:57,2018-04-12 21:46:47,2018-04-27 00:00:00
ff74eadad84626e98512334e5296adeb,a5c3fc2737b72cf22b861fc1a2a49739,delivered,2018-03-03 20:17:36,2018-03-03 20:28:45,2018-03-06 17:39:47,2018-03-09 13:17:29,2018-03-19 00:00:00
abf13b8dcb8e2e64effdbee05189e67f,8a3f837400df24b6818eb20407116034,delivered,2018-04-11 23:34:10,2018-04-13 12:50:35,2018-04-16 12:52:37,2018-04-20 22:49:08,2018-05-18 00:00:00
d1e5237eb0c4c0217788a139ec5b1be8,1e126171f67fd52ffcff334f4a08d5b7,delivered,2018-04-11 12:19:56,2018-04-11 12:37:16,2018-04-16 22:10:40,2018-04-24 20:22:14,2018-05-21 00:00:00
79703330f9510623f0ef157d661011c5,4d47256b68384c4d94ab6f64b0b25e0a,delivered,2017-05-10 00:19:05,2017-05-10 01:25:15,2017-05-10 13:39:50,2017-05-12 10:37:55,2017-05-29 00:00:00
996cd9e097ee0f1de35f36b640ef2364,43120eb3c2526e5eba344d7b8514c7a0,delivered,2017-05-01 14:00:06,2017-05-01 14:10:16,2017-05-02 12:03:37,2017-05-09 12:23:51,2017-06-12 00:00:00
fb1ed0a411ea8819f0de26fd7736873d,c8e657a3fb2421cdfda734babda66e37,delivered,2017-05-19 07:31:42,2017-05-19 07:42:45,2017-05-19 13:07:20,2017-05-25 13:54:43,2017-06-01 00:00:00
d244f2083d5bb47133c5b240a8f6013d,987792d50bb54634e7d921c843a4c0c9,delivered,2017-06-11 23:09:59,2017-06-11 23:25:17,2017-06-12 12:39:27,2017-06-19 18:50:02,2017-07-10 00:00:00
b77af0f085899f41789146b20028f90a,8880f6287b06f77a5a03afbb32351be1,delivered,2017-07-28 07:33:38,2017-07-28 07:43:22,2017-08-02 19:09:27,2017-08-11 00:55:05,2017-08-30 00:00:00
e37feadc571ee63dee76cb4421db723b,254f8b79f6adba215152f0b3c57fecd5,delivered,2017-03-15 23:17:08,2017-03-15 23:17:08,2017-03-16 09:55:26,2017-03-21 11:25:07,2017-04-03 00:00:00
5698301facad559e3efdf43331ee9fbb,21c6948e51a6ba4b7c7cf23a5bbfbf68,delivered,2018-07-31 21:12:24,2018-07-31 21:31:35,2018-08-02 07:59:00,2018-08-06 19:27:40,2018-08-14 00:00:00
71bd2b49a4e92c385e1c668b56aea592,3b95c4229bb6dd69d0a37d4ad447cd5a,delivered,2018-08-16 10:59:55,2018-08-16 13:44:21,2018-08-17 15:38:00,2018-08-22 15:18:39,2018-09-04 00:00:00
5dc415d2a18c5bf06c2525fae14fb537,6f8f59c663734b3f188aba68f54342c3,delivered,2018-01-02 13:08:31,2018-01-02 13:16:26,2018-01-24 18:09:24,2018-01-28 13:13:23,2018-02-02 00:00:00
2ed2aef2fa258dd0d58efbaf2eba622a,2baf7b990d434514d27a86ea5bca2864,delivered,2018-06-21 21:51:36,2018-06-21 22:18:00,2018-06-22 11:10:00,2018-06-28 21:11:11,2018-07-18 00:00:00
f9682c67b4be66779d1ccdb17aee33f1,13e56bf1c485ef13438118c361f92527,delivered,2018-07-03 22:53:10,2018-07-05 16:40:50,2018-07-04 15:12:00,2018-07-10 01:22:24,2018-07-25 00:00:00
c269cce123fb9db14b5d2cbe52b36ea5,8cd37167a058d200beb23cb47ee2e59f,delivered,2017-10-30 08:48:43,2017-10-31 03:50:29,2017-10-31 16:48:43,2017-11-08 23:25:04,2017-11-17 00:00:00
e74930a3631aba0e06d1a0ca1bb470b8,754d65c709a58ea22bf44aa56b4c3e40,delivered,2018-03-15 15:33:52,2018-03-16 04:15:15,2018-03-16 22:28:45,2018-04-14 13:24:46,2018-04-20 00:00:00
36e2a95392e7e15e80e0937066007a56,0e7a526b73f0342ab3cd037f4b4a2249,delivered,2018-03-16 16:33:19,2018-03-16 16:50:33,2018-03-19 22:57:44,2018-04-10 14:28:32,2018-04-12 00:00:00
a711032f5b2df3b039238b1a273076b8,9393744f4214f430a813fee1316567e2,delivered,2018-04-04 18:08:41,2018-04-04 18:15:19,2018-04-07 22:03:07,2018-04-22 21:05:11,2018-05-03 00:00:00
58fa3cd471625c6384fc92e41508b3a6,708e93cac3d323459af22061a0556f26,delivered,2018-01-11 17:17:15,2018-01-12 17:09:19,2018-01-16 00:18:27,2018-02-02 17:46:21,2018-02-09 00:00:00
a372fdd360569fb483549dd211ba9da4,cf95dfe51ec731b2c0f9989fa7552591,delivered,2017-12-30 21:12:07,2017-12-30 21:19:18,2018-01-04 22:38:12,2018-01-29 19:56:51,2018-01-31 00:00:00
e0e0ed26ffcd10565fb073f96045d4f1,8e11f6a9bcea2c1c95a7ff11b0316b22,delivered,2018-08-09 15:42:49,2018-08-09 17:25:14,2018-08-10 12:38:00,2018-08-14 20:22:23,2018-08-23 00:00:00
5c8f5c5b673cdee6d10b29d06ddf0c13,73266b890f2a488defa51ddfe4ec9be3,delivered,2017-11-25 01:17:19,2017-11-28 03:42:05,2017-11-28 19:36:08,2017-12-04 18:12:25,2017-12-19 00:00:00
0eccc15fe0cf8638062ecf10382350f1,21078c8fac1a0e33a4ff86590d39e060,delivered,2018-05-29 17:14:23,2018-05-31 03:35:58,2018-06-06 10:53:00,2018-06-18 20:17:36,2018-07-05 00:00:00
87d127f1245b38bd026c3ad2b6258c22,83604e527c9f0078373811a78d975402,delivered,2017-12-29 22:18:01,2017-12-29 22:29:25,2018-01-02 19:18:47,2018-01-04 15:59:54,2018-01-18 00:00:00
17c27a26080bebdb67c4807b9b51b8ff,02d93c4e652308b5edeee1ab3e13eab5,delivered,2017-10-10 22:11:21,2017-10-10 23:08:21,2017-10-11 16:05:18,2017-10-27 22:04:28,2017-11-09 00:00:00
16ed456866d66d9108a13a17374364c4,2a85262d5820f1bc5e59867c55cea931,delivered,2018-02-09 20:04:45,2018-02-10 20:28:28,2018-02-16 00:22:13,2018-03-27 22:33:04,2018-03-06 00:00:00
dfc5bd74d2e77292cdd66e032ac3cae2,609eaf3a9736c26e1956c125c5cda487,delivered,2018-08-21 17:43:47,2018-08-21 17:55:19,2018-08-22 14:10:00,2018-08-27 22:28:46,2018-09-05 00:00:00
063f2375ecf74934d05e78a476f92cb5,50c98ff80c62d9255b10fff5f2fb57cd,delivered,2018-07-08 10:20:36,2018-07-11 03:45:49,2018-07-19 09:40:00,2018-07-27 16:31:06,2018-08-03 00:00:00
588c0e3b460d83b9cd8a270edc0f4da0,6c8a03b35eb1de3c0012232b0ff0522d,delivered,2017-11-07 12:44:04,2017-11-08 13:55:55,2017-11-13 14:24:35,2017-12-08 17:44:54,2017-12-05 00:00:00
daece90b61801c766fe21e0922574566,acbb67302cc6dd998fbe9f0d24633164,delivered,2018-04-26 10:24:43,2018-04-26 10:50:09,2018-04-27 15:51:00,2018-05-04 11:18:42,2018-05-21 00:00:00
f30fa14e2b0495b15843f4fa7e1287b1,039afda3072825c183a2ec67468cf1b7,delivered,2017-03-11 00:27:23,2017-03-11 00:27:23,2017-03-14 11:42:48,2017-03-17 13:22:18,2017-04-10 00:00:00
b7c0da6da0a4987fd0b793c77ebbb06a,f48021d46a7c5b0a77b16ea28981cfd8,delivered,2017-10-31 21:51:02,2017-10-31 22:06:03,2017-11-01 15:52:18,2017-11-09 23:46:45,2017-11-23 00:00:00
4e71da193c31f98d4b7c85960d89cdd2,fc3461ec6d216082b26ec3018c687c1c,delivered,2017-07-18 17:53:14,2017-07-18 18:05:54,2017-07-20 20:06:03,2017-07-28 19:17:33,2017-08-15 00:00:00
7cfdf7265c9572fc7b7cbd3b9cc438b7,00791d8bb3acb245dc0b865656e18fff,delivered,2018-08-21 12:20:32,2018-08-21 12:30:56,2018-08-23 06:55:00,2018-08-27 19:18:43,2018-10-02 00:00:00
4123a46501472ba0fa021d7532462e27,bc1cfdbdfa0e1499a18607f73b802427,delivered,2018-06-29 14:12:57,2018-06-29 14:31:54,2018-07-02 14:08:00,2018-07-05 18:22:03,2018-07-24 00:00:00
d7b0fbace1976ca8aeb0e670bfcaf77b,de8eb4cf6668c16796ddc54b1ba9d7f1,delivered,2017-02-26 14:53:38,2017-02-26 15:05:17,2017-03-03 12:17:45,2017-03-13 12:28:10,2017-03-30 00:00:00
a8c403407745aac434946d5058faa6a6,ece32f7a106669d2eae9af403290a97b,delivered,2018-02-05 02:12:23,2018-02-05 02:29:44,2018-02-06 21:52:44,2018-02-08 18:42:47,2018-03-01 00:00:00
f575abcdfc41c92620209cde9f332da2,3687dde094f4851637819478d3b91b6e,delivered,2018-04-18 15:36:18,2018-04-19 02:32:34,2018-04-19 22:55:21,2018-05-13 18:18:40,2018-05-21 00:00:00
a25a1aa8a0c5423cc8e581b616050539,a7bff776f2bba5d3d056db8e90775dae,delivered,2018-03-05 15:16:28,2018-03-07 02:49:10,2018-03-13 18:08:26,2018-04-11 20:38:35,2018-04-05 00:00:00
11b60d2ade27b3b62de1a84efc95ecdd,3b704509d9f2dc2bda994980f4e94f59,delivered,2017-07-13 09:48:05,2017-07-14 06:43:53,2017-07-14 18:34:25,2017-07-27 19:45:04,2017-08-04 00:00:00
17c13a317d710c0c018bc54017be9748,9f34c29227ab93336545ccb44ac5d92e,delivered,2018-02-19 22:31:34,2018-02-19 23:35:22,2018-02-20 22:58:49,2018-03-14 22:56:22,2018-03-22 00:00:00
61a053bc86c758ab5c4bdf7cd5526344,fb0eac929cf594b28afc7babefa7dc56,delivered,2017-12-17 16:12:03,2017-12-17 17:13:40,2017-12-19 20:46:59,2017-12-26 21:35:46,2018-01-11 00:00:00
bee2b7c6076a73bf21b6fef8fccd6691,1b783780ad0009e60bf782fdb39b92b0,delivered,2017-10-10 13:38:00,2017-10-10 13:50:27,2017-10-18 20:44:58,2017-10-23 15:26:51,2017-10-23 00:00:00
9cd2736eb96c50673ad7bb77faacf085,2b9aee680f290817677da223b212f7df,delivered,2018-01-30 21:34:22,2018-01-30 21:53:42,2018-02-03 14:45:00,2018-02-15 14:19:25,2018-03-01 00:00:00
9a644b0665b05efe4a2f28604a10df23,e919fefa92c39ca09b28cd2f12487191,delivered,2017-11-18 10:30:47,2017-11-18 10:51:17,2017-11-21 15:59:55,2017-11-24 21:27:44,2017-12-07 00:00:00
726050586b99cf152bd2d7ea5065b7dc,d6ac765eb88dac1e9afcc6fae60c5e1d,delivered,2018-04-28 10:07:38,2018-04-28 10:29:35,2018-05-02 14:36:00,2018-05-08 20:24:54,2018-05-28 00:00:00
0b77e4a3c5557d452990e1cd1136f0b5,bde5733ad57dfbe76eca8a4983847114,delivered,2017-12-17 15:48:33,2017-12-19 09:51:25,2017-12-19 18:52:39,2017-12-29 14:22:11,2018-01-11 00:00:00
265dd67c951ed49718e284b11333e376,83926b712b383efbab4d2ecc4a3343a8,delivered,2017-07-13 13:28:55,2017-07-14 02:15:22,2017-07-14 20:15:54,2017-07-25 22:03:03,2017-08-16 00:00:00
e28af6871de556face371e45277e28aa,0309690623536dfb91d1ba2154c69507,delivered,2018-05-01 12:24:00,2018-05-01 12:35:17,2018-05-02 15:13:00,2018-05-04 18:28:40,2018-05-15 00:00:00
bcf2e0138ecf66a8688ab369b802d57a,a6a4a92ed2dfb40d31282925d93feebd,delivered,2017-09-19 01:02:44,2017-09-19 01:10:20,2017-09-19 16:47:01,2017-09-20 17:21:48,2017-09-29 00:00:00
8736b69cbb962e5cd374e33521430db9,086996a8ac3477231df1f33d2698933e,delivered,2017-02-25 11:27:44,2017-03-02 04:05:21,2017-03-02 13:38:41,2017-03-08 17:25:41,2017-04-03 00:00:00
cf6ed66599cd48144b174a41097963eb,782f2405f1685183416ae504fabdc09b,delivered,2017-02-15 09:55:56,2017-02-17 02:05:22,2017-02-24 06:34:07,2017-03-01 15:29:01,2017-03-16 00:00:00
ee322441ebc09f27527228ba13b2a9ba,61fe1c02cfcba0af06caa5685fec84df,delivered,2018-03-31 11:50:10,2018-03-31 12:08:44,2018-04-05 00:14:30,2018-04-13 16:58:53,2018-04-20 00:00:00
e055ea75678450065cbfb7af8fc4d16e,9ffc09532c583dec3640470a69d423f7,delivered,2018-03-22 10:37:12,2018-03-22 10:49:33,2018-03-26 23:09:04,2018-04-03 19:47:11,2018-04-16 00:00:00
a296d4fb5d1e460c4834cd4a6da871d3,8f4a2aae4e1857316913d995047dd100,delivered,2018-05-21 10:57:39,2018-05-21 15:31:55,2018-05-22 14:12:00,2018-06-08 17:20:40,2018-06-14 00:00:00
fcf9b8fad0bf8c9ebbe6ac43a434d0d9,38488c59ca50203c33c42971cb795edb,delivered,2017-08-04 11:17:00,2017-08-04 11:30:14,2017-08-14 15:58:16,2017-08-28 20:07:31,2017-09-05 00:00:00
d52b1795d584c884bb9c831365a62599,25d21d871c5b1e6193de2b420828b6c8,delivered,2017-11-25 10:40:57,2017-11-27 10:59:28,2017-11-29 13:52:03,2017-12-05 22:42:13,2017-12-20 00:00:00
dd080c5aab990b09aebe68a9388942ed,39d259d726ade44a7e8f52bee95b3726,delivered,2017-10-18 15:25:12,2017-10-18 15:36:00,2017-10-19 18:42:30,2017-10-26 21:52:14,2017-11-06 00:00:00
d0caf7e56d00688a96b150cee9afc889,38631c3e9dcee572c99e01ab39a41738,delivered,2017-11-28 12:01:28,2017-11-30 13:31:19,2017-12-02 00:09:16,2017-12-08 17:06:47,2017-12-22 00:00:00
7a43439d03078dce6fa291258b5d9796,8bf4cd387c05a3f413601e3aeacf4765,delivered,2018-07-03 20:46:02,2018-07-05 16:40:38,2018-07-04 14:02:00,2018-07-05 23:59:48,2018-07-18 00:00:00
69840aae60642aee7093192b37961c08,5c51fe11e0c3a016201653955c6090ee,delivered,2018-07-05 00:58:05,2018-07-06 03:11:21,2018-07-11 10:39:00,2018-07-14 00:04:50,2018-07-25 00:00:00
f5139e1e815c2c43601a4525c4716188,8a2d4106bb0fe89154f1b097e5e19846,delivered,2017-04-17 20:22:59,2017-04-19 02:45:33,2017-04-20 08:35:38,2017-05-28 08:21:46,2017-05-11 00:00:00
677c865b89aa97e7dbeb4bfbb50bbcfd,529d3f46584a8fa9027777a9c7d5a1fc,delivered,2018-08-14 23:08:33,2018-08-14 23:24:13,2018-08-23 12:51:00,2018-08-24 23:42:42,2018-08-31 00:00:00
f781dacd75aa73166785a35929546894,6fa16a8d44a2d9a89710e9758688c7f2,delivered,2016-10-06 08:58:04,2016-10-06 16:08:04,2016-10-28 14:12:59,2016-11-08 13:08:37,2016-11-28 00:00:00
6bfac9a0bcb72747337ef88822279264,b19eacac05a3fa6c61ea12d1a138e048,delivered,2018-02-12 22:46:28,2018-02-12 23:08:06,2018-02-16 01:15:06,2018-03-01 14:31:23,2018-03-08 00:00:00
8e62788b1e26aaa3f5786c80788880e7,f653c60411d7c29ee2524922d2f5e39d,delivered,2017-04-04 10:34:49,2017-04-04 10:45:12,2017-04-12 07:58:37,2017-04-19 13:37:24,2017-05-08 00:00:00
8490980aaf59839a601c4184474b9220,94da0318e77932de7618aa1aead5fa77,delivered,2017-10-26 13:25:03,2017-10-26 13:49:27,2017-10-27 17:35:59,2017-11-03 14:34:51,2017-11-08 00:00:00
73ad0cf325e9300090db7df611ff9cd5,dbcb1324edbae3c217680ce32b431219,delivered,2018-02-15 13:13:28,2018-02-15 13:47:18,2018-02-15 22:53:32,2018-03-13 23:51:34,2018-03-26 00:00:00
977f5221b08a45da8fe709f381bff244,b854502abd65c2e5671d647a47e53ce7,delivered,2018-03-15 11:48:50,2018-03-15 12:09:50,2018-03-16 19:37:33,2018-03-27 01:47:23,2018-04-05 00:00:00
c0ce66c3dd07402eb250615c04b32b04,5dd80bdac6682cd84f82271ba232afbb,delivered,2017-06-06 09:16:33,2017-06-06 10:02:21,2017-06-06 16:24:25,2017-06-19 16:42:25,2017-07-06 00:00:00
7856ac3dde097902ad5fc94c787045c5,cab529ea499b05123eeaf6901f7be818,delivered,2018-03-11 00:31:21,2018-03-11 00:48:23,2018-03-15 22:22:20,2018-04-03 00:58:30,2018-04-03 00:00:00
9d158e6d758e314a85584c5a6c9e5b8c,53fb0f39bc6effe2c89be509e2a9f6bf,delivered,2018-04-01 09:13:11,2018-04-01 09:27:16,2018-04-03 14:41:42,2018-04-13 17:56:35,2018-04-18 00:00:00
7858a830420b9bc393b55bcf268eeb36,bdf4c05b0e0134b6f6ba6e7c7793849b,delivered,2018-08-05 21:12:12,2018-08-05 21:24:27,2018-08-06 16:52:00,2018-08-09 17:58:47,2018-08-28 00:00:00
f8d5d7ba22e58d80d291b95ac9de9f8b,d301984d2822130093f2d97255ba7f23,delivered,2017-08-30 19:45:25,2017-08-30 20:04:36,2017-09-04 17:22:50,2017-09-05 14:47:51,2017-09-18 00:00:00
2ee7854c6d1ee4b64e27764b46dc99ca,5d3c9530c128a383ad3335377d9654e1,delivered,2017-09-14 12:37:20,2017-09-14 12:50:15,2017-09-15 19:53:34,2017-09-19 13:38:40,2017-09-26 00:00:00
52a3cfb8a44b79a2e8d6e52ea5ff5b13,245a51ffde7f4ad67eff5083ddf0b3bc,delivered,2017-07-03 23:50:35,2017-07-04 00:05:07,2017-07-04 15:45:12,2017-07-18 19:36:33,2017-07-27 00:00:00
8e5a8b1f6cf7513edaf3bf7c5573ebf4,c558d21ca617433df233c7af51f35a08,delivered,2017-05-24 12:42:59,2017-05-24 13:05:45,2017-05-26 09:31:28,2017-06-19 20:35:58,2017-06-28 00:00:00
ab98ff74321e38f5374c79cd84819ec8,cef4764b4390fa072851cb108ed91f35,delivered,2018-03-16 15:41:04,2018-03-16 15:55:28,2018-03-21 01:26:42,2018-03-23 13:45:48,2018-04-12 00:00:00
48a9ea3e1c382a1103caddec631502f7,0fc162891a4bcc7de1e9954280f2383e,delivered,2018-07-31 14:22:44,2018-07-31 15:31:29,2018-08-02 06:48:00,2018-08-06 13:07:56,2018-08-14 00:00:00
d23640d83f7d582c4328ffd875e14966,cf93bb457c9af40c84cfe73ae4723fec,delivered,2018-01-05 09:58:59,2018-01-05 10:10:30,2018-01-09 23:47:36,2018-01-16 16:52:44,2018-02-07 00:00:00
6d4c45be223296bf5be3d2612fffcf3b,941c7cfc5b79c2c5acac2328e67460d7,delivered,2017-11-05 20:48:06,2017-11-05 21:07:08,2017-11-07 18:47:34,2017-11-15 16:48:07,2017-11-29 00:00:00
34757b625ecbf90b9c55b00da1040e66,e77a5ecefb294ce09aa81b5fc5268a2c,delivered,2018-01-08 12:15:21,2018-01-08 12:28:23,2018-01-09 19:48:31,2018-01-17 15:39:15,2018-01-31 00:00:00
711e5b95c43ca76cf4fb0e1f11b8b01c,cd9acb47a7af96ec0fdbdfe23ebe4e81,delivered,2017-11-28 17:30:47,2017-11-28 17:55:12,2017-11-29 17:36:50,2017-12-04 19:43:10,2017-12-18 00:00:00
a71e035af8a7f877b332469b55442115,e711cf2fde27bbee7aca748226b774e5,delivered,2018-04-28 20:19:00,2018-04-28 20:31:15,2018-05-02 11:12:00,2018-05-16 00:08:19,2018-05-29 00:00:00
836f05665160acaa74d19db5d614994b,b13fdfd6831cacb296b0d4f2b2146cd9,delivered,2018-05-09 13:32:18,2018-05-09 13:51:16,2018-05-09 15:18:00,2018-05-10 15:53:02,2018-05-23 00:00:00
832d3418e6261c3434ee55bbf32b7c40,7d607364c22c9118984a8ad7aca71f1f,delivered,2017-04-03 17:22:08,2017-04-05 02:42:55,2017-04-05 16:16:49,2017-04-18 12:39:57,2017-05-03 00:00:00
82448518c158621499c410430165ac1d,31f7caf6048c2812f46119498a28d6d0,delivered,2018-07-25 10:58:23,2018-07-25 11:15:11,2018-07-27 13:56:00,2018-08-02 17:07:43,2018-08-22 00:00:00
b9834f31cd639800af7f7186144695e9,5891a669860ff528415efe6678c95f53,delivered,2017-12-30 23:53:28,2017-12-31 00:31:26,2018-01-05 19:13:08,2018-01-08 16:23:04,2018-01-18 00:00:00
3d98513a866612491197796c741dd71e,9d551e21c348c49974415bb2e8eeb4b2,delivered,2017-12-17 09:20:56,2017-12-19 09:30:55,2017-12-19 20:37:49,2017-12-27 17:32:49,2018-01-11 00:00:00
2552e1d6ef4a4a91c1bcc69dbdf4d952,2f72926e540d5cb67d8b1aadd273b445,delivered,2017-06-07 21:10:13,2017-06-07 21:22:32,2017-06-14 16:26:53,2017-06-21 16:52:52,2017-06-28 00:00:00
2804400973412de4efdaf1399281199c,b29c3d10654537da46f9c7c3ab921972,delivered,2017-11-13 14:42:35,2017-11-13 14:55:27,2017-11-14 20:59:14,2017-11-23 17:54:42,2017-12-11 00:00:00
c26d8022e70e332fc205684fbc850c12,b6d61a3a2355b4681cb37e28178f7f81,delivered,2018-03-12 09:13:12,2018-03-12 09:49:09,2018-03-12 18:56:32,2018-03-13 19:54:40,2018-03-22 00:00:00
74fb5413e6636d0aa1aa883054198a3d,b3a49a6c7779d9575aca8a05bcd5ccb4,delivered,2018-05-09 18:51:03,2018-05-11 03:37:46,2018-05-22 05:51:00,2018-06-15 02:26:40,2018-05-30 00:00:00
2e13edafaac2c078f2cdbfa481171fd0,220683a5c2ed4acb41982896af840226,delivered,2018-07-25 16:46:37,2018-07-26 05:35:14,2018-07-27 14:28:00,2018-07-30 16:14:34,2018-08-10 00:00:00
f739420f9b91dd858253248c207e05b9,2bda8512f24c2aebcab5ce1c27b4c955,delivered,2018-03-18 15:35:58,2018-03-18 15:50:28,2018-03-20 23:44:43,2018-03-26 20:51:26,2018-04-09 00:00:00
2dbc4c66728ea83e323443d858586881,1a3ca894c970199dcf200ad85dcaeec9,delivered,2017-06-15 15:25:22,2017-06-15 15:35:12,2017-06-19 18:53:49,2017-06-27 21:10:57,2017-07-13 00:00:00
92b6be4c73b22c23eefaf4a517456d7c,fd64f38c79dc5ee7d0f88a532a311d0a,delivered,2017-06-19 21:56:54,2017-06-20 06:42:49,2017-06-22 13:19:19,2017-06-28 15:29:40,2017-07-13 00:00:00
090ece27665c1cc89eda287f8e834e11,97f6f6eb7e2173cf88b0dd5b78b80070,delivered,2017-10-30 18:25:17,2017-10-30 21:31:40,2017-11-01 17:57:45,2017-11-06 18:58:26,2017-11-16 00:00:00
7898dee2ff48e01ffb2b651e56d8b504,2e8e0bf9b784fb7069b6705ec26b0c87,delivered,2018-03-21 17:43:41,2018-03-21 18:09:23,2018-03-23 12:05:27,2018-04-23 19:46:43,2018-04-11 00:00:00
30f757bf1610a35332de6044caf5fd2a,4eb0e95d514bcd1758cee54714353cda,delivered,2018-04-26 12:54:05,2018-04-26 16:52:52,2018-04-27 14:25:00,2018-05-18 19:22:32,2018-06-01 00:00:00
ad15d9b5c97ecfcbdffbd8148ef3e0a1,b653b48ee092138291d39bc49f1632f2,delivered,2018-01-07 20:09:08,2018-01-07 20:27:28,2018-01-13 01:21:36,2018-01-22 20:46:19,2018-02-14 00:00:00
f1ea8b66e6bceacb9d56a84505f36dd1,ebfded4f6875004a5b269c5683a64ab3,delivered,2018-02-13 18:45:25,2018-02-13 18:55:34,2018-02-15 19:46:10,2018-03-02 18:29:02,2018-03-13 00:00:00
ba91b4b93947b208ec698475173402b7,ff84a9059c97689052afa88a20cfc52b,delivered,2018-07-23 20:29:21,2018-07-25 02:45:14,2018-07-25 12:53:00,2018-08-07 20:14:00,2018-08-23 00:00:00
36d86e93a8ee82cc4a557ab486743d88,151d22e83155b177a9c09441a522242e,delivered,2018-01-16 11:57:09,2018-01-16 12:26:03,2018-01-17 22:51:46,2018-01-19 18:49:07,2018-01-31 00:00:00
c405c0976781fec4b0a89f6815abbc15,b25160fb0acdfdc69ae0c7fc1adbcda5,delivered,2018-01-29 17:16:45,2018-01-29 17:35:35,2018-01-30 23:06:21,2018-02-02 13:59:01,2018-02-21 00:00:00
15df7a02fcbb09063980097ca2adb931,9cd4409a198043124fcfbb7e7961c474,delivered,2017-07-29 13:49:03,2017-07-29 14:03:15,2017-07-31 15:22:53,2017-08-16 19:09:36,2017-09-06 00:00:00
81b8af3e29c26237d24fbeee21ca2b18,2e70fb007f814f4e0bc167ca49d271f6,delivered,2017-12-10 09:22:54,2017-12-10 09:33:25,2017-12-12 12:44:39,2017-12-23 13:53:23,2018-01-05 00:00:00
47ffc77abb4af7886ed6c2e0871040ae,6a57b4cb07a55977a176d4a30a882082,delivered,2018-06-09 23:19:42,2018-06-09 23:38:24,2018-06-11 16:17:00,2018-06-20 21:34:30,2018-07-23 00:00:00
8ddbee86a9602f49e8e932c46cfd751e,c9931c1296efe0ae1f2f8a4f032317bb,delivered,2018-07-24 10:26:16,2018-07-24 11:24:56,2018-07-26 14:14:00,2018-07-27 17:43:42,2018-08-06 00:00:00
93f09cc1052604f96116493cbf93606b,75c610c81bc7d8a4d8f1629725bfb2db,delivered,2018-07-29 20:40:06,2018-07-29 20:50:21,2018-07-30 13:40:00,2018-07-31 16:32:53,2018-08-02 00:00:00
c18471a2fcb0a25a2cb68f0df3fd8174,8191feccc07e2666f6f267d83d920351,delivered,2017-09-01 23:24:45,2017-09-01 23:35:35,2017-09-08 20:52:55,2017-09-11 13:58:32,2017-09-14 00:00:00
d5d3ec988fdf9d0896092f00c1c54fa0,acfcdc1935acea5eecac434820116ce3,delivered,2018-05-06 19:31:23,2018-05-07 09:31:35,2018-05-07 14:44:00,2018-05-19 05:38:48,2018-06-07 00:00:00
d7af03d172cfda274c7a7083bbaca11a,f7e7801b2e6ddc11047c166b4f440769,delivered,2018-03-21 12:40:53,2018-03-21 13:27:59,2018-03-22 19:36:49,2018-04-09 11:56:45,2018-04-17 00:00:00
7ace2ff7c617d34526c14991b996436b,bed3d34b65b77c792816aedb7af9ca79,delivered,2017-09-13 22:37:22,2017-09-14 22:35:12,2017-09-15 20:05:38,2017-09-29 17:42:21,2017-10-06 00:00:00
2ee6def4881e350b9ebc0f96b08cdac0,b486f1603eb026a5be2e007761fd803a,delivered,2018-05-11 08:42:16,2018-05-11 08:58:10,2018-05-14 16:40:00,2018-05-18 18:43:39,2018-06-01 00:00:00
584c2b6afebd2ec8c284ee84f4c79ebf,b962d24bb3c12996d839400f1dea145e,delivered,2018-04-02 20:24:21,2018-04-04 03:08:53,2018-04-04 18:46:54,2018-04-12 18:51:51,2018-04-25 00:00:00
b1c3ca267130eac320fb60d3340f528a,0f8291de5ba3ebaf8fab41277da00105,delivered,2017-10-03 22:57:09,2017-10-05 02:49:38,2017-10-05 20:44:59,2017-10-15 15:58:33,2017-11-06 00:00:00
5c97cc0de518333940b05d3c09558004,e3a14f2e3a483c69d51b7bfa3b3eaf2e,delivered,2018-01-08 22:41:06,2018-01-09 07:24:55,2018-01-09 17:54:03,2018-01-10 13:07:55,2018-01-24 00:00:00
09d8a4bcd943fd4bfc7dd6b64b7c328e,a63cd43af25d2eaacd280e01a4eb2f6d,delivered,2018-05-27 09:24:57,2018-05-27 09:50:24,2018-05-28 14:08:00,2018-06-12 20:19:32,2018-07-03 00:00:00
5f7e1556c341ffba69159bcbce87f2c9,8636aa7094b64c56c828f025018a6a44,delivered,2018-02-14 20:06:47,2018-02-14 20:15:37,2018-02-15 23:34:21,2018-03-02 15:37:49,2018-03-09 00:00:00
9c906865a38a9cbaa3d82e02f19b2d5f,18a11e85ef79b85255bd338e204b10e3,delivered,2018-01-31 13:52:30,2018-01-31 14:42:34,2018-02-03 15:17:03,2018-02-09 17:14:58,2018-02-16 00:00:00
c11770b0aaeeaf11800205df9b333d78,c10293503cfc09263957dd13d04842fc,delivered,2018-07-23 12:09:30,2018-07-23 14:44:08,2018-07-23 17:14:00,2018-07-27 12:41:44,2018-08-10 00:00:00
6e68e16808c71dd5b138917fee48bce0,0522feb4f362f150e2bb2ebf3f47cdac,delivered,2017-03-28 18:58:02,2017-03-29 06:35:27,2017-03-29 15:48:11,2017-04-03 15:44:12,2017-04-27 00:00:00
afd363f0f987b7f9bf8e2e1b3cb543dd,85d38a7cf0bc297a30b63f4e174e88aa,delivered,2017-12-12 18:20:17,2017-12-12 18:31:45,2017-12-13 21:48:28,2018-01-04 20:08:40,2018-01-10 00:00:00
2cc8d5dba04e5be26d748ef75e708770,217dc0e0ba8d055c0d40efa62678a8a1,delivered,2018-07-26 17:38:51,2018-07-27 17:31:40,2018-07-31 06:28:00,2018-08-02 18:45:31,2018-08-16 00:00:00
d94b232e72e4c7c22f765be9ee391b3f,8fa8552881171e7ce9b050e320e6fcd9,delivered,2017-02-02 22:08:40,2017-02-04 02:10:23,2017-02-07 15:43:38,2017-03-08 14:05:06,2017-03-13 00:00:00
37eba161f3994d1eec4b755ba3565003,93cd96511720c79840c463a530e84fe9,delivered,2018-02-06 13:07:55,2018-02-06 13:15:38,2018-02-07 22:27:00,2018-02-22 22:35:43,2018-03-06 00:00:00
2816b0ec050fb4a136c32a6bda007a91,ffa6d90c36a9c7004692ca50761c69d6,delivered,2017-03-27 16:26:18,2017-03-27 16:35:19,2017-03-29 16:27:26,2017-04-04 13:57:53,2017-04-19 00:00:00
a29c25c2c9c3100daf48a25880312c23,00f394e6fc446865ac4097b6db69ef4a,delivered,2018-08-01 02:02:28,2018-08-01 02:15:06,2018-08-01 15:35:00,2018-08-08 18:58:43,2018-08-27 00:00:00
f5dadfc0f0df0edb5369672f81eb7095,d5a0064fd4c9034929991d1aa2f5ce7b,delivered,2017-11-17 19:41:48,2017-11-18 02:35:30,2017-11-22 16:10:24,2017-12-02 18:38:16,2017-12-05 00:00:00
5ce5c77d5c50ab039bc32abe92af7bbe,73f6228488880970bc53222adc55517e,delivered,2018-06-13 11:02:59,2018-06-13 11:17:13,2018-06-13 14:52:00,2018-06-19 15:22:48,2018-07-05 00:00:00
c47daad9ca0c3eb7d59ae53bef0e9741,a791cb1fd082904ada37a7199b04cbf1,delivered,2018-07-30 09:13:25,2018-07-30 09:31:16,2018-07-30 15:46:00,2018-08-02 15:12:07,2018-08-07 00:00:00
5bd4ea94edd60fb87f226330b569b2c8,85484492209de911aa67ec357553fa5e,delivered,2018-03-01 11:24:41,2018-03-02 02:10:55,2018-03-02 19:42:31,2018-03-16 00:32:30,2018-04-03 00:00:00
7ff0a233ca71abe5b19f93af5b8f3440,f83fe3dc158f7a731bacc84356f5c5b3,delivered,2017-11-24 10:53:41,2017-11-28 03:32:58,2017-11-30 19:43:26,2017-12-21 16:12:42,2017-12-20 00:00:00
f0a795dac0e5cf6a6f98cdcab173ffb8,0b31586b5082359faf1b2861230a17b7,delivered,2018-03-26 19:05:56,2018-03-26 19:15:19,2018-03-27 20:44:25,2018-04-02 22:02:59,2018-04-12 00:00:00
fb8616e60ade994289f5e25077397fc5,fe61004a24f1701cdf06662c4f4a0f00,delivered,2018-04-02 14:27:17,2018-04-02 14:51:24,2018-04-04 21:32:39,2018-04-09 20:57:45,2018-04-20 00:00:00
a69ec1a52a9dc2098fa6fbe6a47545a7,909e605a5ecf709a35b217b52ac2dbf6,delivered,2017-12-11 01:05:34,2017-12-11 01:15:25,2017-12-13 00:18:34,2017-12-29 14:42:13,2018-01-08 00:00:00
92abbc3feb3045ffa00bc4cb5f18859d,d3e7a2e718763bc9e45a21dddb24e1db,delivered,2018-03-18 18:30:57,2018-03-18 18:47:31,2018-03-20 19:28:24,2018-04-15 14:54:28,2018-04-17 00:00:00
171d4e3d9d9ef65b03328734b287170b,b819b2235f64c639223a446ccc826b29,delivered,2017-03-27 20:23:54,2017-03-27 20:35:24,2017-03-28 15:07:43,2017-04-10 16:17:56,2017-04-25 00:00:00
ac08c0b67890296c7c7c10f34b81eea4,7105356dc50e5957845dba6fa7ab78c5,delivered,2018-02-08 18:36:31,2018-02-08 18:50:42,2018-02-10 04:16:43,2018-02-22 16:39:51,2018-03-13 00:00:00
7dae8e764e7cce9b6197c024b802e5d9,d7f4db9577676d4fc9605033b96615e3,delivered,2018-05-24 16:44:11,2018-05-26 02:32:03,2018-05-30 10:20:00,2018-06-06 17:58:06,2018-06-29 00:00:00
6bc9f3b6522892d5b2b27203ca6caa67,6ad73d2df1e18571f3ec002dc69e21b7,delivered,2018-07-27 12:10:13,2018-07-27 12:25:08,2018-08-02 10:37:00,2018-08-14 23:28:35,2018-08-28 00:00:00
9ea96bace1093d93e7fcbdfabc1dc830,ba3ed9938cfdcf9b004312a8dae52dfe,delivered,2018-06-28 14:33:53,2018-06-28 14:50:53,2018-06-29 13:20:00,2018-07-03 09:49:36,2018-07-26 00:00:00
8535a444df0f0b8ceb9016ddc7d49e36,3b11a5dff37eab713617c1fd7ea74aec,delivered,2017-10-19 14:43:17,2017-10-19 14:56:22,2017-10-20 17:09:52,2017-10-27 18:42:24,2017-11-14 00:00:00
917f26ec1c625573e0d0aee8b162d3e0,8c5b2197015c09449bd9af3db8405e9c,delivered,2018-08-22 10:40:19,2018-08-22 10:55:23,2018-08-24 12:50:00,2018-08-30 15:51:18,2018-09-04 00:00:00
9125511aacfcb388d1dacfca282e8f13,2b4c9493247e124aad7ff80ccf25d972,delivered,2018-05-03 11:02:16,2018-05-03 11:54:24,2018-05-09 08:27:00,2018-06-01 10:52:03,2018-06-06 00:00:00
2d48a0bfbce1c7340ddc2571ed138bd5,41c34c255ad1afe994d16365b81a200b,delivered,2018-05-22 14:02:17,2018-05-22 14:16:45,2018-05-23 14:28:00,2018-06-04 16:03:15,2018-06-13 00:00:00
4d0b1ea51ea051ef9f4765df8148c0cd,f83ba5b7fa884a9b50fd4f6ca4826c42,delivered,2018-07-31 18:48:44,2018-08-02 05:05:11,2018-08-03 16:25:00,2018-08-09 15:32:18,2018-08-27 00:00:00
e312ba43fd734e1f7ef7a68593aec5f5,d4bbaf3940c858a6d2df292ccac7a533,delivered,2018-06-26 17:39:34,2018-06-26 17:59:09,2018-06-27 11:25:00,2018-07-03 19:21:48,2018-08-01 00:00:00
e0a6d364e678462da40d8eb5d9e9b219,122001ba154051a8901c494d8a33b10d,shipped,2017-06-02 21:52:47,2017-06-02 22:05:11,2017-06-05 15:13:23,,2017-06-16 00:00:00
8da66baf68f49a58324e0e8297d4f1b8,14c0eda93d3dc8b6f42b925e9edcbec1,delivered,2018-05-15 19:27:20,2018-05-15 19:36:28,2018-05-17 13:30:00,2018-05-23 17:57:21,2018-06-01 00:00:00
4e7994addb0e4622199601af5b9c9ed3,ddaa9eb11c47f72970f6ea1de0b480b6,delivered,2017-08-25 17:53:24,2017-08-29 04:35:56,2017-08-29 13:36:13,2017-09-06 21:06:10,2017-09-20 00:00:00
82c9b75b983ba57c02a16c38ed258c79,93a5b971a6ea00235f3a66a6f1bc7d41,delivered,2018-04-18 13:38:48,2018-04-19 02:32:01,2018-04-25 14:21:00,2018-05-08 16:48:38,2018-05-18 00:00:00
303c1a4cb953c69bf9ad12194dc3d44d,9ca6973ed81e70d17e179628ec6d47e5,delivered,2017-03-23 23:44:32,2017-03-23 23:44:32,2017-03-24 11:04:20,2017-04-03 15:03:44,2017-04-11 00:00:00
6cd0fdda352bd163cf0796d835df0630,d9adb99127f2778c4d837a7ad4264aba,delivered,2018-03-20 20:08:55,2018-03-22 02:50:07,2018-03-23 23:06:49,2018-04-09 15:21:16,2018-04-11 00:00:00
35642e42741af129914f2cd0ab468289,0595b78f035ba66c697b15dc3f2dde04,delivered,2018-08-14 18:58:59,2018-08-16 04:35:11,2018-08-24 05:55:00,2018-08-27 23:31:57,2018-08-31 00:00:00
6c003dbcd92ab0248de7f8f2fc91fb48,edc88432bf299fcf8e62852c3562b55c,delivered,2018-02-01 12:15:29,2018-02-01 12:29:44,2018-02-02 19:36:35,2018-02-26 22:46:46,2018-02-26 00:00:00
f06059b8f4dc49c4f76378b7715a63b0,65f1b4bd7d1fdc72609cf60263022c98,delivered,2017-11-03 00:16:32,2017-11-03 00:30:40,2017-11-08 21:32:37,2017-11-16 16:29:10,2017-11-16 00:00:00
2bcb35eae24dc9a57f35090df6a7cb67,6a3371f582b157ebaf97408844a22269,delivered,2018-02-26 10:34:45,2018-02-26 10:50:48,2018-02-27 20:14:51,2018-03-07 17:38:11,2018-03-26 00:00:00
f70949d16657f92be440c72a0094053a,474267d71ac1627b776027ca72c2d64e,delivered,2017-11-09 18:19:28,2017-11-09 18:30:44,2017-11-10 21:54:29,2017-11-13 17:09:44,2017-11-23 00:00:00
9d9e45dabd84047591a4b4696b261483,74dee40474c07d57704772fcc2d5e839,delivered,2017-11-16 12:56:36,2017-11-17 18:29:01,2017-11-23 00:33:43,2017-12-06 21:21:53,2017-12-14 00:00:00
67118db7c6bb624924e2d3f7d1db78d9,b8804bcdcee635741225404dd39fca68,delivered,2017-12-02 08:53:29,2017-12-02 09:09:14,2017-12-06 16:59:36,2017-12-15 13:25:21,2017-12-29 00:00:00
289bd070da69f4fc36ce78622dd4b2fb,b15995cf87f15dcf3002e0d040a4a734,delivered,2018-04-19 14:44:06,2018-04-19 15:38:25,2018-04-24 21:39:05,2018-04-30 18:26:08,2018-05-16 00:00:00
61a689b9ff547322cd08d17069939e86,dafde71460a8cb1b3c205fc8825cdc53,delivered,2018-04-06 12:25:07,2018-04-06 12:35:18,2018-04-09 12:13:24,2018-04-12 23:28:43,2018-04-27 00:00:00
8fb073bd98473a883fac5e1e3d096b76,d97a821ed3b2773e2c08b1fd616ff50d,delivered,2018-04-28 10:29:19,2018-05-01 05:32:41,2018-05-02 12:36:00,2018-05-12 18:40:51,2018-05-28 00:00:00
ab8c4bf0204081a450dae1139f6eacb5,52003bd1d28ef8b5dcbc44f335efd98d,delivered,2017-12-11 15:13:03,2017-12-11 15:32:05,2017-12-15 14:16:09,2017-12-18 19:19:16,2017-12-28 00:00:00
a101d3bd689d468c6219db22012a10d9,8b99ffe0042d58087de80897bcbaa18a,delivered,2018-01-11 08:05:39,2018-01-11 08:14:34,2018-01-16 11:52:13,2018-01-22 19:36:39,2018-02-19 00:00:00
271f637085c45e7e58268625604724a9,92c79ee0697a68bcbd251dfc2c2fc779,delivered,2018-05-15 13:04:20,2018-05-15 13:31:25,2018-05-23 14:23:00,2018-06-12 15:22:59,2018-06-06 00:00:00
9f98fbb9d688c4f3356987801b19286d,bed2a32eb38ba91a0e37af99439f50a8,delivered,2017-06-11 16:37:43,2017-06-11 18:42:36,2017-06-19 11:48:45,2017-07-04 14:41:55,2017-07-14 00:00:00
f5656080276fb2a6196e02f88ab4b211,bd41fd4fa2730e255ddd4964fae8e06a,delivered,2018-03-03 10:29:16,2018-03-03 10:48:46,2018-03-05 20:21:51,2018-03-12 23:25:56,2018-03-22 00:00:00
e97c5fb2b1ca5b5fd19f2c910a274e33,3639a536d60aa45e10e420b984b212b5,delivered,2018-08-07 18:31:32,2018-08-08 03:05:15,2018-08-08 18:21:00,2018-08-13 19:08:56,2018-08-17 00:00:00
528b0083da2525b0b97d6dbc99b389be,cb2c88e5ad4d744983c78052fa7eeb89,delivered,2018-02-26 11:09:37,2018-02-26 11:31:06,2018-02-26 23:12:29,2018-02-28 15:34:08,2018-03-12 00:00:00
91f4e99c026618f89b29bdddede02490,7d55089905aacc707679cc11a43c5ed1,delivered,2017-08-12 21:53:45,2017-08-12 22:05:25,2017-08-14 18:55:56,2017-08-24 17:13:12,2017-09-05 00:00:00
8423e43ec224fbf61f9a4240ac0c7bac,7403e80de52e65fde43ceda8a93fff95,delivered,2018-02-14 08:11:19,2018-02-15 03:55:46,2018-02-17 01:56:58,2018-03-05 15:28:38,2018-03-26 00:00:00
020500486b7211f5ef873ba8ffd58cd0,fd458d0e1786001b290de9b01dc9fa9c,delivered,2018-08-13 21:29:51,2018-08-13 21:45:13,2018-08-14 13:14:00,2018-08-20 21:41:57,2018-08-29 00:00:00
1682b18a188c5ffb35aa6fc06c836a78,e2bbe53294315e37378493e18a996cab,delivered,2018-02-04 20:38:51,2018-02-04 20:56:13,2018-02-10 14:15:54,2018-03-01 19:35:41,2018-03-19 00:00:00
22b4520d15a9cee803bbc1d042cd88d9,8a1131b2781ee44d9a21498ecbaf1d9c,delivered,2018-02-16 17:27:10,2018-02-16 17:47:36,2018-02-19 21:58:28,2018-02-28 17:13:56,2018-03-12 00:00:00
e3f6de94179bede8675ff97d0f3f3245,e7be4eaa39a7bd5d8f48f7810f07930f,delivered,2018-03-19 06:48:59,2018-03-21 02:55:53,2018-03-26 19:37:18,2018-03-31 16:06:39,2018-03-29 00:00:00
a67ab576f5aab60b3a2d39cb3a94c620,f731689ff400d169f1c568418ef8e856,delivered,2018-02-13 22:54:18,2018-02-13 23:07:36,2018-02-15 17:29:13,2018-03-06 16:49:05,2018-03-14 00:00:00
226975521c585d7bb98996f83ccdde59,d0dd4d814496baab67aa8169452c7389,delivered,2017-06-26 16:15:10,2017-06-26 16:30:08,2017-06-27 09:45:35,2017-07-05 18:05:35,2017-07-18 00:00:00
df9cb95519f5099c6717f4f8b8633802,eb4d2893124da6af86565933a36c24c2,delivered,2017-12-02 07:43:01,2017-12-02 08:56:54,2017-12-04 22:53:04,2017-12-09 20:16:50,2017-12-27 00:00:00
8b353b3ac8bd5c8a07201989bdcb8f93,4df0de6547b0163039e798e47f8575e3,delivered,2017-11-04 03:19:27,2017-11-04 11:50:20,2017-11-09 18:29:41,2017-11-13 16:36:41,2017-11-27 00:00:00
d13968a3d7333c0ea002f500594b9925,bbdbb5e8f166a1ccfa9d1725e5d13476,delivered,2017-04-25 13:46:24,2017-04-26 13:42:25,2017-05-05 11:38:53,2017-05-12 09:38:30,2017-05-19 00:00:00
1c3f752b9a4d09bf1e016439a427d5f8,7fe022a904d647429c6e08a8f34c9b22,delivered,2018-08-17 23:21:15,2018-08-17 23:35:14,2018-08-20 13:59:00,2018-08-21 19:36:43,2018-08-23 00:00:00
d8bb2fcc20893860be66137f4cb84b0e,582dcc512c0dd7958599826862d45200,delivered,2018-02-23 20:54:22,2018-02-23 21:27:42,2018-02-26 18:13:44,2018-03-06 20:35:06,2018-03-22 00:00:00
02b63408e665194f2794a94576001e56,5d1c53a804c8763af74543c19b392fc1,delivered,2017-03-16 08:53:48,2017-03-16 08:53:48,2017-03-16 18:07:54,2017-03-27 14:43:14,2017-04-06 00:00:00
e56eaa15f5d9c288f33592ab67c02692,5019c820100e38e2e46aa80ed4916fea,delivered,2018-08-06 22:27:04,2018-08-06 22:45:02,2018-08-10 10:00:00,2018-08-20 11:47:37,2018-08-14 00:00:00
6001610df104b259c270c49af4b093b8,dea417d7876a6d1cba3ba9cf7195c1ee,delivered,2018-07-21 12:40:17,2018-07-21 12:50:18,2018-07-23 08:07:00,2018-07-24 19:27:26,2018-08-02 00:00:00
2815b09b0ef8120fc030b88ac5acfe43,d02bdea0d57251487cb6f77cba5c5e93,delivered,2018-03-17 06:34:39,2018-03-17 06:50:28,2018-03-20 03:01:15,2018-04-05 12:48:54,2018-04-10 00:00:00
e6b23db78d4473c921fb9315e04b5c0f,b437d9c273c650bab9acd69d44243620,delivered,2017-04-20 20:47:53,2017-04-20 21:01:54,2017-05-04 11:36:47,2017-05-17 09:30:02,2017-05-12 00:00:00
67519e1fe10bb3e4a5b416a24f846f8e,f8291e8b8489bfd516ec56628058a810,delivered,2017-06-07 10:33:25,2017-06-07 10:45:36,2017-06-26 16:43:53,2017-07-03 15:08:47,2017-06-28 00:00:00
eda1c58c902319868f5053e8fda15c2e,107867196b9d0e75ebed00d7ca3b721d,delivered,2017-09-11 11:41:21,2017-09-11 11:51:14,2017-09-12 21:14:28,2017-09-13 19:08:00,2017-10-16 00:00:00
2c9ef1099d75918095356bda34b2d4c0,8c551766dbe7cb34777c4e221a6189ef,delivered,2018-08-24 22:21:24,2018-08-25 22:24:03,2018-08-27 11:49:00,2018-08-30 23:08:27,2018-10-16 00:00:00
470eed9d88c44139c5ebdef340974c3c,f2cf42d4e28d675447e5d6125721a496,delivered,2018-06-13 21:42:24,2018-06-14 02:17:47,2018-06-14 14:08:00,2018-06-18 14:58:57,2018-07-03 00:00:00
8aec3a066f732dd927ec8fef1752415b,b7b5ad68f00d874d39c51a7166e4ddec,invoiced,2017-05-11 09:45:36,2017-05-11 09:55:22,,,2017-06-01 00:00:00
a0d9d006e35f0bcdcd62b6a56157ae3d,5104c50bda35e82173298dfc7734a719,delivered,2017-11-06 17:11:14,2017-11-07 03:31:09,2017-11-09 18:47:49,2017-11-11 13:39:02,2017-11-21 00:00:00
dec9169d4f8c2e229d7421e28ef70781,acffc70df5f0a2ddc0e094eea7f5f069,delivered,2018-08-28 13:29:17,2018-08-28 13:44:22,2018-08-28 15:30:00,2018-08-30 17:51:57,2018-09-13 00:00:00
ad4f45ebcf8664ef5e1bb5073359f9f1,034b85c0cd0d7d391cd93e2857f773be,delivered,2017-07-19 14:44:05,2017-07-19 15:10:27,2017-07-25 22:48:22,2017-08-01 18:52:22,2017-08-17 00:00:00
75754d7bcffc106c7017989bd4b40873,c7d332c9700e825231e256419e58df3a,delivered,2017-05-14 22:46:43,2017-05-14 22:55:11,2017-05-18 14:23:29,2017-05-25 09:23:39,2017-06-12 00:00:00
8c64e3e8dd3f04f78d3b5c994ae506f3,0474f888bb532eb4cc657abfd37c9d44,delivered,2017-04-25 18:51:59,2017-04-25 19:05:08,2017-04-27 15:10:00,2017-05-09 12:33:44,2017-05-12 00:00:00
5dd868edea4ee3363563534cd18187f1,d6f09cc4465ad621560935110826dcaf,delivered,2018-03-06 14:30:40,2018-03-06 14:50:58,2018-03-07 20:36:54,2018-05-02 21:56:26,2018-04-06 00:00:00
4c9fe44922012f11eb3505ecd89cb126,59a214c68e2eed23ea72b5cb766f8abe,delivered,2018-02-09 01:05:22,2018-02-10 01:05:26,2018-02-14 19:21:45,2018-02-22 21:04:42,2018-03-08 00:00:00
a33d16c09dd48c17ac858d779e6127a3,3a3c64dfa633b2c7d3d356b8077c9ccf,delivered,2017-12-05 10:18:04,2017-12-05 11:27:04,2017-12-06 22:47:44,2017-12-17 13:51:33,2017-12-28 00:00:00
c87cc78ca07ba880ee80a9a881583a0d,2c3a5a8070c4cc1e87474336b9f68cbc,delivered,2018-03-15 16:59:32,2018-03-15 17:15:48,2018-03-16 19:45:01,2018-04-24 01:16:37,2018-04-06 00:00:00
f23a721a16f4bf4439daf9d03ed9d1df,3bc312c8ed3eb52d73b528fee8289b0f,delivered,2018-07-18 17:14:41,2018-07-18 17:25:15,2018-07-19 13:53:00,2018-07-20 19:38:30,2018-07-27 00:00:00
d8eeab46fdc56c1066b44166186c2465,c742fd30a8f25a336aae36c5b15ee436,delivered,2017-05-07 22:27:56,2017-05-07 22:42:01,2017-05-10 13:27:20,2017-05-16 14:48:20,2017-06-02 00:00:00
c7331c9cf37d4a3f6b0fbf4bf4c543a8,05425c98e35d762211742df2a2b30af0,delivered,2017-06-12 16:40:45,2017-06-12 16:55:19,2017-06-21 18:12:41,2017-06-23 10:38:02,2017-07-03 00:00:00
f911adf78cd1ef94a8412126ab558e81,79441b4da42dd98d65a70692692499a2,delivered,2018-04-03 21:02:03,2018-04-04 21:09:17,2018-04-05 19:58:35,2018-04-08 16:57:42,2018-04-20 00:00:00
52dbb0b466455091f16336d2774c70f2,7fbcc0b4261e7dd30c055450dabb2630,delivered,2018-08-16 20:58:56,2018-08-16 21:10:13,2018-08-20 16:03:00,2018-08-28 17:46:53,2018-08-29 00:00:00
63feb73dbeecb88b203169646aaf07e9,0f7e4e6eb677ee7082ac61e7e190aa42,delivered,2017-09-22 14:04:30,2017-09-22 15:00:15,2017-09-26 17:30:03,2017-10-04 15:46:12,2017-10-17 00:00:00
628b831e2fdf2322f2aab4ab14fc9cbb,65471c6b61a3b6c236f8900f2582973c,delivered,2017-10-03 15:17:12,2017-10-03 15:36:59,2017-10-04 18:27:56,2017-10-17 20:42:04,2017-11-06 00:00:00
41198153e6f03c2e9df96d8a5a78a6fa,8694fdb4ebccba5f0bac1ee90edb5bdb,delivered,2018-02-12 14:14:29,2018-02-12 14:27:40,2018-02-20 23:42:18,2018-03-02 12:06:06,2018-03-14 00:00:00
042c384c3edbe39a47895217eb5e90a4,c54f1cbae6276adf60d6e66d6543a1ee,delivered,2017-05-03 13:36:26,2017-05-03 14:02:33,2017-05-04 11:00:49,2017-05-08 10:13:00,2017-05-31 00:00:00
6fd1dd6138481494d4b90327ceca7dee,7400c32a9fb8f4924175bba5cf10e030,delivered,2017-07-11 12:26:18,2017-07-12 02:24:56,2017-07-12 19:33:51,2017-07-21 21:22:20,2017-08-02 00:00:00
4c69bbdad86856084206eaf2d9349122,cfd6f06e347f3a8389a5fc487a6a3c7e,delivered,2017-05-23 08:23:07,2017-05-23 08:30:21,2017-05-23 10:10:17,2017-05-25 10:29:56,2017-06-05 00:00:00
9a79820753183f9ae199a37da007e914,5248c29eeab9341e2a39a0ef656147c6,delivered,2018-02-01 14:02:18,2018-02-01 14:15:37,2018-02-02 16:44:36,2018-02-07 20:34:53,2018-02-23 00:00:00
c186f4babae2b9ffa3ecc0176980acdf,e052a735fc6427b480edfe564268e3e6,unavailable,2017-05-30 20:29:08,2017-05-30 20:35:33,,,2017-06-22 00:00:00
f82bf77eee094dd4e9b9e44b9f7bc246,8e243644561da4b5822473dcaf36a894,delivered,2018-07-31 11:48:56,2018-07-31 12:31:14,2018-08-01 11:19:00,2018-08-11 14:03:26,2018-08-24 00:00:00
6a9db674b7643d03e5146b915949dbbe,cdd8b9be885d9c09db60c04815022ff8,delivered,2018-05-11 18:50:21,2018-05-11 19:08:21,2018-05-14 14:11:00,2018-05-29 18:23:35,2018-06-14 00:00:00
e59d996230b76b38e2cef5e0ab85d6c8,c95f441349c34de1fa4f9b0b7a25d9e0,delivered,2017-04-10 00:28:41,2017-04-10 01:02:52,2017-04-11 13:15:43,2017-04-18 16:47:41,2017-05-10 00:00:00
288ec48ad5ea4c98afe99ea53d523b78,fec424751aa87f5451286fc3d532fae4,delivered,2017-06-18 14:27:29,2017-06-20 10:43:46,2017-06-26 14:48:16,2017-06-29 17:09:46,2017-07-07 00:00:00
2a16183656d9858dd244568f629e8c13,4bcdfec47d428bc21fba087afa21d416,delivered,2017-04-20 10:11:32,2017-04-25 21:36:57,2017-04-27 08:06:29,2017-05-05 13:48:07,2017-05-16 00:00:00
dadb8dd1ec0c5e2a6e53a6e4121d7938,0ab6ad4341f96228118680e0b3ef1848,shipped,2017-05-10 15:42:18,2017-05-11 06:35:28,2017-05-16 08:54:07,,2017-06-01 00:00:00
14f926e78fd90329d77b9d42fbc1339b,b05d4270c1c9faa55359c25e604a669d,delivered,2017-04-07 09:45:56,2017-04-07 10:03:12,2017-04-12 12:18:14,2017-04-20 12:24:15,2017-04-28 00:00:00
517361059b3e86b99853e7d7c7e7c954,33fc4d0bc9a28d73dd0439bb9e93589d,delivered,2017-08-10 07:59:26,2017-08-10 08:10:14,2017-08-10 20:03:23,2017-08-11 18:52:19,2017-08-23 00:00:00
61f6ae0e872b9606ece03b676b113436,fd0378f2a2b488cabc3c85bbddfeae6a,delivered,2018-04-21 19:18:32,2018-04-24 18:13:59,2018-04-23 19:18:00,2018-04-27 20:48:39,2018-05-17 00:00:00
212754a30f758c661afd6430bc7841fc,1dc00a26f0c615d12cf874964e187c14,delivered,2018-06-30 20:01:17,2018-06-30 20:15:11,2018-07-02 14:42:00,2018-07-09 11:51:14,2018-07-24 00:00:00
b9942ad6dac0292bceb320c89a3c9736,bfe5554fa64e090da51911511e22c72a,delivered,2017-08-08 11:00:35,2017-08-09 02:55:44,2017-08-10 17:42:12,2017-08-23 17:52:58,2017-09-01 00:00:00
932024863e3e5b0786812de5188d8ada,81ac84cee86bc217c8b2eb4d8cb08b5f,delivered,2017-06-24 10:13:58,2017-06-24 10:25:12,2017-06-26 13:32:27,2017-07-03 12:13:47,2017-07-14 00:00:00
21a0fa6ad3d045d3cc42f973e3dddc0c,08f602de759c88260240b8fae24fe91c,delivered,2018-01-26 12:02:40,2018-01-26 12:21:41,2018-01-26 22:33:25,2018-01-30 16:44:06,2018-02-19 00:00:00
13755e9cd8234edd7750fb497caf403e,347a5aa5d381e31e52b84bfcae3e1eac,delivered,2018-02-09 13:45:49,2018-02-10 14:31:46,2018-02-14 15:29:03,2018-02-21 16:32:47,2018-03-08 00:00:00
53be479f3b3486d26abed234b365a359,0928c1a893356a97b2191a1e812c9914,delivered,2017-08-01 09:24:06,2017-08-01 17:35:16,2017-08-10 21:42:14,2017-08-22 22:02:58,2017-08-31 00:00:00
4c888e6e352d77cd1e8beea1f03985b7,ff4229765dfb3bec46909cd5856eaf48,delivered,2018-07-22 07:46:57,2018-07-23 11:31:49,2018-07-24 17:10:00,2018-07-27 20:16:44,2018-08-16 00:00:00
67d760ec323d2c9f0292ec4cdafc676e,d9b82559f506833a5b2c6399d157059c,delivered,2017-10-23 19:56:29,2017-10-23 20:14:23,2017-10-24 20:04:54,2017-11-09 22:18:58,2017-11-14 00:00:00
a2e41b2178698dc2a57817361a869d1d,f1e670dc0f4e42fa6931d6f01d7b479d,delivered,2018-03-20 18:15:18,2018-03-20 18:28:17,2018-03-21 18:57:24,2018-04-05 20:14:38,2018-04-09 00:00:00
ca3d808e6235ce46e0cc743b8f29e372,9a98cd1afb79391f62731cbe528e3b4d,delivered,2017-04-27 09:46:52,2017-04-27 10:03:08,2017-04-27 11:55:48,2017-05-04 18:03:57,2017-05-25 00:00:00
3afc0f9406e119df79d4b5ea3b236712,167650b03a6ed2dfb29d815f78a1497e,delivered,2017-10-14 16:26:11,2017-10-16 07:14:09,2017-10-17 14:24:02,2017-10-20 20:43:30,2017-11-08 00:00:00
d869e173d8657184421f2f2a939f9e24,da395ed894bef0bbd15dbae4d55cb329,delivered,2018-05-03 21:20:33,2018-05-03 21:33:17,2018-05-04 14:10:00,2018-05-22 00:39:30,2018-06-06 00:00:00
701a1cb9e6b39469d8ec105565f33277,ad861c03c20f93e79e41272a404359b1,delivered,2017-09-11 17:19:49,2017-09-11 17:55:11,2017-09-15 20:05:49,2017-09-28 15:06:02,2017-09-29 00:00:00
9dbdb4ec80d02c90c7e93c786592629c,d1cb2625f14be96803f06df4a3e1c015,delivered,2018-02-20 08:15:47,2018-02-20 08:32:40,2018-02-21 12:11:47,2018-02-27 21:22:13,2018-03-13 00:00:00
baae15c2efd2579179845011212e9889,b1977c0fa13c254c01e6ed05bd919c70,delivered,2018-02-22 19:18:14,2018-02-22 19:30:36,2018-02-26 20:51:36,2018-03-13 19:08:35,2018-03-16 00:00:00
a957bd5128480b4ec4c8762e9bcf3a13,111a041b14bdee7fef1974bdcdfa00ae,delivered,2017-02-01 16:03:51,2017-02-01 16:15:17,2017-02-02 13:05:40,2017-02-07 11:12:24,2017-03-08 00:00:00
5065dc0da187940cd74472e443c1ff65,6235bf8cbae5a82b1c00e4c9d80b440d,delivered,2018-07-24 17:38:40,2018-07-24 17:50:10,2018-07-25 14:35:00,2018-07-26 20:31:50,2018-08-01 00:00:00
fafff116dd16dce96698db22844e3146,cf72101ceed03445f4484b48896b4b35,delivered,2018-08-12 20:28:38,2018-08-12 20:45:08,2018-08-13 11:22:00,2018-08-16 19:03:55,2018-08-27 00:00:00
9b7e31b52614093d8662625b545aad40,662bd2ea971f732c950391bcdec84eda,delivered,2018-01-12 21:55:37,2018-01-12 22:27:57,2018-01-19 01:58:57,2018-01-27 00:41:34,2018-02-07 00:00:00
f74be888995a543e2047e942e08a9960,bf72f7754763965018f2af8e657c4fb8,delivered,2017-03-25 09:03:09,2017-03-25 09:15:09,2017-03-27 15:39:58,2017-04-10 23:52:47,2017-04-27 00:00:00
f2e5669825f172e1d2dfa79abba36ff5,ff7505a145a2f4880c36a4274005840a,processing,2018-04-15 10:40:05,2018-04-17 18:11:22,,,2018-05-10 00:00:00
f2b250d8c9c73b5b3e16e64e8448c3d2,81e0228f8bd56ff52f1f494cf52f25d1,delivered,2018-05-09 09:35:01,2018-05-09 09:51:30,2018-05-15 14:12:00,2018-05-18 15:36:42,2018-05-30 00:00:00
79f88e060632989f23cae0e00e7381ef,01531516bcefc94ae2fdde494db9fa3b,delivered,2018-04-03 20:38:15,2018-04-03 20:50:21,2018-04-04 17:58:44,2018-04-05 19:10:52,2018-04-16 00:00:00
44c339e34fab21675d63cd6eca337696,eb7b6d66f9d08514886711ed0c152ff7,delivered,2017-11-22 09:35:44,2017-11-23 02:51:57,2017-11-24 23:51:39,2017-12-05 14:08:59,2017-12-18 00:00:00
ba8b9d2af2cab78e1ea29076e3b2b95d,2713a21879b222ab38ade5733139232f,delivered,2017-07-05 08:07:26,2017-07-06 03:25:39,2017-07-06 09:26:27,2017-07-07 18:57:19,2017-07-18 00:00:00
37b53df6076f992c15ff3316a0602a3c,53638bcb338ed531c59d59da7db924c9,delivered,2018-03-13 11:30:31,2018-03-13 12:08:06,2018-03-15 17:44:35,2018-03-28 19:52:48,2018-04-05 00:00:00
ad072acf8137f54f0f17fe47c2909a8c,6b06609451b5487a70f7f56fd57619b1,delivered,2018-08-16 16:49:11,2018-08-16 17:09:15,2018-08-17 09:26:00,2018-08-20 21:55:25,2018-08-23 00:00:00
4f4203f1d877a50d4bd8f02bcb346f63,67ebbf856ce5aa3393b48c2f4562513f,delivered,2018-03-05 14:53:36,2018-03-06 04:20:28,2018-03-07 01:52:35,2018-03-18 13:46:29,2018-03-28 00:00:00
9644729cf104f7870436481d24456834,4db36b53a65b2205be83987ad42f2e54,delivered,2017-08-25 16:40:54,2017-08-25 16:50:11,2017-08-28 19:08:26,2017-08-30 13:37:33,2017-09-08 00:00:00
9458f512472606de1d13e5e0956e72cd,456357e2997d47334ff9607ecdf438e4,delivered,2018-05-15 09:20:25,2018-05-15 10:15:39,2018-05-15 11:04:00,2018-05-18 20:13:50,2018-06-18 00:00:00
de76f809479b8391b6166b1448d83f3f,efe064b5515dd171c84ebd7ec64ddd2c,delivered,2017-07-03 15:56:09,2017-07-03 16:10:07,2017-07-04 13:57:32,2017-07-06 18:33:06,2017-07-24 00:00:00
ebfce1854c277686a8c92ad97edf639e,b50a4557080ba39afb6448b17df2c06a,delivered,2018-06-13 09:38:35,2018-06-13 09:57:29,2018-06-13 15:56:00,2018-06-15 11:53:57,2018-06-25 00:00:00
54f6bfdef1d09a3f1d99b3914c93aff5,7e846e65b193a11f56726a314cafc000,delivered,2018-05-07 08:54:15,2018-05-08 04:55:42,2018-05-08 12:17:00,2018-05-17 13:04:46,2018-05-24 00:00:00
84723155dd76b3421923b038f617954a,6d4383b15f32a02ba877306f23f38588,delivered,2018-05-11 11:40:42,2018-05-11 11:55:16,2018-05-12 09:05:00,2018-05-17 20:04:05,2018-06-06 00:00:00
5647d0b595dc6c674c8a8024e0cc51ff,1b3a1a50d314c1391f50bb4f059cbb43,delivered,2018-01-16 20:24:03,2018-01-18 02:11:39,2018-01-18 16:49:01,2018-01-29 20:19:03,2018-02-26 00:00:00
fd7ad9fe2a5c9cf444bd25691f4900d9,12d0b44639bd33370315a182ab78a18e,delivered,2018-07-29 11:05:31,2018-07-29 11:15:17,2018-08-03 13:51:00,2018-08-20 13:22:31,2018-08-16 00:00:00
f282ce44705a84bdcd2784a5c18ffefa,450820a56bfb633a586ec2d5d080a88c,delivered,2017-10-23 09:02:56,2017-10-24 03:15:02,2017-10-27 19:42:30,2017-11-03 19:22:06,2017-11-09 00:00:00
61cc521d6e411ba1d58a700c828665d6,718f0610afda348fc62b2bba11e8ddf8,delivered,2018-07-31 16:16:02,2018-07-31 17:31:11,2018-08-06 14:40:00,2018-08-13 13:26:57,2018-08-10 00:00:00
f10195234ad39996bec1241fe706e49b,e018efe31a675270f8e48eeb12b2c291,delivered,2018-02-15 22:13:45,2018-02-16 14:32:01,2018-02-19 13:48:44,2018-03-01 20:13:37,2018-03-13 00:00:00
26a887fe1515ba3501b5154e443ca899,ecfb9ec7bad30c391472451deed6aa92,delivered,2017-05-29 19:02:29,2017-05-29 19:15:14,2017-06-01 13:49:44,2017-06-05 14:21:20,2017-06-23 00:00:00
d23ae4bbdb6fd93be053d2a8e42ac668,1ceec16d5b826fcb4d1f449d4383866a,delivered,2017-10-10 10:12:17,2017-10-11 03:26:38,2017-10-17 11:37:57,2017-10-24 21:22:30,2017-10-31 00:00:00
edb2a55c055efbb898171ec9fd840ab9,193fc54759c7948c87e0795ada003c69,invoiced,2016-10-06 16:34:16,2016-10-06 17:11:59,,,2016-11-28 00:00:00
d17cd10dbb5981e9a2ba4739a202da55,9b59ab6cfb7bd290c9a9ed9e86d2ec99,delivered,2018-02-14 22:21:40,2018-02-16 14:30:18,2018-02-16 02:09:01,2018-02-26 23:06:32,2018-03-09 00:00:00
f5d97c18a8bda6c516e7c61c9d1a6a27,d6ff0729a04abfae28187d09d16d1c3b,delivered,2018-05-18 00:32:30,2018-05-18 04:14:29,2018-05-18 12:51:00,2018-06-05 13:24:22,2018-06-06 00:00:00
ffabc9986c47883e4eb2d89a5907c2cd,a1c94ad12e202cef0fa337db69649b11,delivered,2018-01-23 15:17:56,2018-01-23 15:37:21,2018-01-24 21:18:43,2018-02-02 00:49:01,2018-02-20 00:00:00
8bc9548dbe844e1bf48ac197c5609045,d4dc57fd18dfe3e30be4d066d873d388,processing,2018-07-23 18:03:03,2018-07-24 10:32:19,,,2018-08-13 00:00:00
de73bf52fe9c690e54d761233b780398,aee5dabf67a188a9442000eb5dd69901,delivered,2018-07-18 16:23:04,2018-07-18 16:35:25,2018-07-19 19:25:00,2018-07-21 12:39:43,2018-07-31 00:00:00
14a031b045ef8ce4a2b6e08d1fc5623b,3db52e3334a367302e47c5ff2b8295a5,delivered,2017-09-28 21:04:26,2017-09-28 21:15:14,2017-09-29 19:35:44,2017-10-17 23:19:17,2017-10-26 00:00:00
20aff577f80dd98ac1b754e482d0f0cf,9182fb6c7322675e7bc5c4e2e9365c21,delivered,2018-03-17 13:35:11,2018-03-17 13:50:31,2018-03-19 19:52:54,2018-04-19 19:41:40,2018-04-16 00:00:00
7aaf9721911fe977bb8e6640c442aeb4,6e62287af5611e444bfec7acf45c8476,delivered,2018-04-12 11:19:06,2018-04-13 02:31:55,2018-04-13 17:58:44,2018-04-23 22:10:39,2018-05-11 00:00:00
a1edad7cfd5d204dd6addb0d596523ee,d920a66344bc61bb78726f3802109af6,delivered,2018-04-02 21:16:41,2018-04-02 21:30:16,2018-04-03 18:23:06,2018-04-04 20:12:42,2018-04-12 00:00:00
e19e1e2a27811ece579c1b8178b7e90a,c2651e70309e04dc650bd6553b4bca68,delivered,2017-02-13 00:28:28,2017-02-13 01:02:38,2017-02-13 12:06:55,2017-03-07 07:00:41,2017-03-14 00:00:00
0f7ed09b98de20ce43a56ec76b674951,f0bf9c83d2300d6c12ce06e16976b267,delivered,2018-06-19 21:48:53,2018-06-19 22:15:58,2018-06-20 15:42:00,2018-06-27 17:48:21,2018-07-17 00:00:00
86e3cd758798428e744624843dd7ad04,d876994ba7c95ee3f1041ed42fc4bbba,delivered,2018-06-29 11:52:32,2018-06-29 12:31:27,2018-06-29 18:52:00,2018-06-30 13:12:49,2018-07-13 00:00:00
29215b35ce6dc3c65c05c30d6e736e65,aa86e106ec68532c2b965a16693440eb,delivered,2018-07-31 20:54:09,2018-07-31 21:05:15,2018-08-02 13:26:00,2018-08-08 22:34:52,2018-08-22 00:00:00
a7a423a542937b74dff48feaf2dd1126,247a290f66ea274a4e123ba15e1b086c,delivered,2017-07-21 19:03:50,2017-07-21 19:15:12,2017-07-24 14:47:27,2017-08-28 19:46:34,2017-08-18 00:00:00
b34e632947c7a44b7afd9eaee92f7dbb,9436ddafba22b7bce5b50f2a4ca57246,delivered,2017-08-06 12:21:39,2017-08-06 12:43:07,2017-08-07 18:57:44,2017-09-19 07:49:51,2017-09-13 00:00:00
ee23b3b765cd771cec0d54bebd5364be,3116c5576bda81bb8f64749488b22dfd,delivered,2018-01-19 19:59:30,2018-01-19 20:17:06,2018-01-22 15:47:08,2018-02-22 22:42:49,2018-02-19 00:00:00
f4f27728bc1b0f7edcf725ffdcdf7ce4,0742a36c7ba2c76b3326f3d6acd9fc7c,delivered,2018-08-20 12:34:50,2018-08-20 15:35:42,2018-08-22 13:27:00,2018-08-23 13:54:29,2018-08-27 00:00:00
c27efcd088787bad815507fa7f5bcea0,5afa275509eaa44b988714f0e5e469f1,delivered,2018-02-18 16:04:11,2018-02-18 17:10:19,2018-02-19 17:07:46,2018-02-26 20:09:14,2018-03-14 00:00:00
8f753686e2b205ad19e9cc220b649df3,bcde3555c10846d1a1cd8b8f3aa52be5,delivered,2017-07-07 10:36:14,2017-07-07 10:50:10,2017-07-12 19:48:47,2017-07-26 19:49:37,2017-08-02 00:00:00
f9030dd093087acc37d712775c8797a6,1d7852b3b0ded01a3191e87722e07978,delivered,2018-06-09 19:54:25,2018-06-09 20:19:00,2018-06-12 11:12:00,2018-06-20 18:07:51,2018-06-29 00:00:00
f69843916f3825d8be14b5e45ee2df33,e9152bf445e52c00ab0107392a3c402d,delivered,2017-12-28 17:59:23,2017-12-28 18:10:41,2018-01-02 13:32:49,2018-01-15 18:48:46,2018-01-26 00:00:00
1235febb7f139ccf94d83ff97ae8e889,e0d5a315da0f60a087a75e90d13ebc85,delivered,2018-05-10 07:40:41,2018-05-10 08:55:40,2018-05-16 15:27:00,2018-05-22 19:22:40,2018-06-14 00:00:00
510a5c60f473c07f3cb21d6506c0b4ba,400662918a1713f22ef6c1e3de648609,delivered,2018-07-15 18:50:27,2018-07-15 19:03:56,2018-07-16 13:31:00,2018-07-23 23:09:09,2018-08-02 00:00:00
fd9f784391898343d5de70ad1eb32d74,8535ac05b512f0e86671379acbe06517,delivered,2018-08-07 19:13:10,2018-08-07 19:25:17,2018-08-08 16:13:00,2018-08-13 17:28:39,2018-08-20 00:00:00
113a6eed8d2bb5da04399d939b38659a,9a16170772dda32307c89603f96868df,processing,2017-12-17 01:25:39,2017-12-17 01:33:26,,,2018-01-18 00:00:00
f96682f8b83bc89372ebcb2164502266,26b4925c0de7714430d267979bf3bb3d,delivered,2018-06-07 19:03:38,2018-06-07 19:17:03,2018-06-08 12:29:00,2018-06-13 21:51:37,2018-07-03 00:00:00
9b8ac5a3f09f1af11380aa4451dc2ac4,0af2831dd8e096d67a27ba7cfba20f78,delivered,2018-08-08 15:40:33,2018-08-08 15:55:14,2018-08-09 05:57:00,2018-08-17 19:56:47,2018-08-24 00:00:00
189e8f0e3028e1de97281fd91d4318fe,926305ac1f7842d0f962332060d9d48a,delivered,2017-04-25 21:18:48,2017-04-25 21:30:34,2017-04-28 09:14:14,2017-05-03 13:30:11,2017-05-19 00:00:00
3ee62ebf18aabbf553dfaa8dc35264f0,977f68b5639d23dfb7faf9aa823566b6,delivered,2017-03-07 00:01:04,2017-03-07 00:32:46,2017-03-07 08:16:53,2017-03-20 17:28:05,2017-04-05 00:00:00
08d0b596c492f5a5041d003063f18320,15e30062d5439bef7f97946eb4999f22,delivered,2017-09-10 22:34:32,2017-09-10 22:45:14,2017-09-11 21:03:44,2017-09-22 18:44:04,2017-10-03 00:00:00
8210bb31459a84e6b7e5c42367d1c127,1dc9101f2d3193e393d256dcfb50b527,delivered,2018-06-13 22:45:42,2018-06-13 23:18:38,2018-06-18 13:56:00,2018-06-24 12:36:34,2018-07-12 00:00:00
8505cbf7005b6ec865878f42abdb291a,435bbbf7a1d328975b15ebb8eece0d8f,delivered,2018-02-18 18:08:34,2018-02-18 19:10:25,2018-02-21 23:22:18,2018-03-01 16:19:37,2018-03-14 00:00:00
d0e25f97b5c712b13e725c274a17f44c,3cbc10c378a99a32e776a9f5798ddc2e,delivered,2017-10-17 20:16:38,2017-10-18 20:26:21,2017-10-19 12:40:00,2017-10-31 18:14:49,2017-11-13 00:00:00
2dae77f82d0fb01696161694e6db31bb,3675394f0009e5824a8267c5e1ccc2b2,delivered,2017-09-11 19:20:33,2017-09-13 03:25:10,2017-09-13 21:06:58,2017-09-20 14:55:00,2017-10-05 00:00:00
81e8e3e73614d2d9f9a6807acc7d87b0,527517d6ff823aecd0c4c8466c69b614,delivered,2018-04-16 13:25:06,2018-04-16 14:33:04,2018-04-23 20:36:36,2018-04-25 21:56:41,2018-06-01 00:00:00
44ecd2ebe54e3c23da26345bfcf1c919,6f18119032437dd6fa1c7df272d2d9e6,delivered,2018-06-09 20:13:49,2018-06-10 20:17:26,2018-06-15 13:06:00,2018-06-20 17:12:25,2018-07-17 00:00:00
2ad5b7ca9c86553e0804ec604fdbc462,29250bf22b33e1aaa5b19b78e7593afb,delivered,2017-03-24 22:00:06,2017-03-24 22:15:10,2017-03-27 11:35:06,2017-04-04 14:47:54,2017-04-17 00:00:00
8d4c9cc7b0041efac926c3c47db0536e,51178a6360e9cecbcc2ac5e4bf423883,delivered,2017-08-08 18:26:58,2017-08-08 18:44:42,2017-08-09 19:46:00,2017-08-25 15:26:23,2017-08-30 00:00:00
9c83e5ae8ff2b5cad999c3dc6129a888,b16ed08790d757ebcbc3533101fb1ace,canceled,2018-03-03 09:44:30,2018-03-03 10:20:20,2018-03-05 19:19:03,,2018-03-15 00:00:00
c90d12e5994094efc0ee48807d875750,d4803d4990450b07bb8241bbe150cd31,delivered,2018-04-09 17:13:16,2018-04-10 17:32:22,2018-04-12 15:47:52,2018-04-23 19:32:27,2018-05-03 00:00:00
da532e87f26c130e0b3184bdd837982b,e2b825de6fb1e640dc7d4c0a43496e97,delivered,2017-09-12 22:20:18,2017-09-14 17:44:11,2017-09-15 19:44:40,2017-09-25 18:23:03,2017-09-29 00:00:00
046af6e24851f4a0a0e7849112980219,bb50620b77290f46cb4b87a5351c69b1,delivered,2017-10-14 16:01:55,2017-10-14 16:14:20,2017-10-16 20:18:05,2017-10-20 21:22:14,2017-11-03 00:00:00
149527456e31a9346b43cf61e5910f2b,dd9f8feaf3346e1f9f51bfb836a97151,delivered,2018-04-29 18:38:23,2018-04-29 18:54:24,2018-05-02 12:48:00,2018-05-08 05:28:35,2018-05-28 00:00:00
601d101f152fdff51e7ee9d43af78d06,5707eae9fa7163a38f01a3147b1b046b,delivered,2018-08-14 19:44:00,2018-08-15 19:44:00,2018-08-16 12:04:00,2018-08-20 22:15:36,2018-09-14 00:00:00
e5ce6669afa4ce905d1118fc127ecd6f,21e7dd70f802e8dd48a3c62e0559d539,delivered,2017-12-20 10:36:33,2017-12-20 10:51:05,2017-12-20 18:44:54,2018-01-03 18:42:01,2018-01-18 00:00:00
059f6abcb045619604ec4af08b4b5456,945ec7d09d4a36769efbdae2d9be7f8a,delivered,2018-01-29 19:05:16,2018-01-29 19:31:46,2018-02-02 17:29:09,2018-02-17 14:22:47,2018-02-22 00:00:00
0078a358a14592b887eb140ef515f5ab,e1f35a414cbae52d09c294b3e58c3e89,delivered,2017-11-06 15:42:42,2017-11-06 22:36:39,2017-11-08 12:24:40,2017-11-21 19:04:54,2017-11-29 00:00:00
705e297aabac0f1fae1db3971e90952d,96e664af0b18d12494b2a31ab2642c45,delivered,2018-06-12 19:05:27,2018-06-12 19:28:35,2018-06-14 13:20:00,2018-06-25 17:32:07,2018-07-13 00:00:00
b64c877d24e9ca2418150a159d754371,759a37244e0c5d737342df44b0fa0fce,delivered,2018-01-28 10:45:25,2018-01-28 11:20:00,2018-02-06 00:54:47,2018-02-22 13:32:58,2018-02-23 00:00:00
1e2086f9f7f6c651d94e82b37518bd11,e069b92fbad9733a003fb527f9f955cd,delivered,2018-05-20 22:50:53,2018-05-20 23:10:13,2018-05-23 12:57:00,2018-06-06 16:48:51,2018-06-07 00:00:00
2a358c47c330a979b1be5fa20e6dc96e,aa205b10893ed2b1a174c2c830778224,delivered,2017-08-10 09:23:42,2017-08-10 09:35:24,2017-08-11 21:11:53,2017-08-22 19:03:00,2017-09-12 00:00:00
183d416a1d37c1edc47a83e0030c8ac0,79da37dffe50e32dd34b9b7793acc919,delivered,2017-11-15 09:12:16,2017-11-15 09:27:26,2017-11-16 20:56:44,2017-11-24 21:47:03,2017-12-14 00:00:00
d2b4111f671e5684fce7ed930aca23cb,2711241c35a51e041b97251cf643dd2a,delivered,2018-05-07 14:36:53,2018-05-07 16:34:05,2018-05-08 14:29:00,2018-05-15 14:42:23,2018-06-06 00:00:00
a4ad6c9d90cb5eeed405fd63e9b371d6,4d02b479bed2ee6d0af7d1d2f856b9c9,delivered,2017-06-20 12:01:22,2017-06-20 12:15:28,2017-06-23 13:14:13,2017-06-28 13:47:49,2017-07-10 00:00:00
f401cf78045d08ff9b4b96a76d4424b9,543e5454fcc4e254ddd49c7860648a7d,delivered,2018-03-10 11:06:19,2018-03-10 11:15:24,2018-03-12 16:28:39,2018-03-18 10:18:27,2018-03-22 00:00:00
984238b9906320ee4e847b98f9f2c699,84cf6a7be7808987bada0a2236e8112f,delivered,2018-06-05 11:54:21,2018-06-05 14:31:39,2018-06-06 13:28:00,2018-06-07 17:18:51,2018-06-29 00:00:00
bf672a8c61b5e33bc9cb66dcfe53eb64,4fb5fe5e39751c4114775e26be2cfc0d,delivered,2018-04-06 07:03:39,2018-04-06 07:15:08,2018-04-06 23:28:39,2018-04-09 23:05:13,2018-04-23 00:00:00
eeefa455d74943dff6a84508fcab8542,2025622039816f8d382f25f69c86efd0,delivered,2017-11-15 12:41:09,2017-11-15 12:50:31,2017-11-29 15:47:38,2017-12-18 15:38:04,2017-12-08 00:00:00
2a2bc83b78d61f7b6c3a3e00c9b94956,faac83b2c331891dd609c7b3626aed85,delivered,2018-02-26 21:13:22,2018-02-26 21:29:12,2018-02-28 23:04:23,2018-03-08 21:18:29,2018-03-19 00:00:00
8f93df4da4cf61d8677c0d0913735f0a,e8d272f5edf25b4c9b3ef7d66ca2688c,delivered,2017-11-30 17:03:35,2017-11-30 17:20:07,2017-12-01 22:07:16,2017-12-07 17:31:51,2017-12-22 00:00:00
a708e05eb2ffa51665826471263f190e,bffbbc61efcd1b9c5994919daea899d5,delivered,2018-04-02 19:47:55,2018-04-02 20:09:28,2018-04-03 23:05:32,2018-04-05 16:41:43,2018-04-12 00:00:00
ce36c78536d03e75d82fde293b7e1430,0950fe2a7eda69cb626c908ef124902d,delivered,2018-03-07 11:28:23,2018-03-09 02:15:41,2018-03-09 22:31:56,2018-03-15 22:48:36,2018-03-26 00:00:00
19dbcec063de59d65db1584c91ff94b0,efc51786b2f3e9205f321e49a71b8adf,delivered,2018-07-29 20:22:09,2018-07-29 20:35:14,2018-07-31 06:44:00,2018-08-06 20:32:00,2018-09-05 00:00:00
ede12c5ebde30b74b530b13251f2951d,d1182ddec371df8bf4e58ac7f4657483,delivered,2017-12-11 21:34:02,2017-12-11 21:52:18,2017-12-14 22:19:43,2018-01-04 17:35:42,2018-01-05 00:00:00
ad3dafe2480678851b0a52f6d5ac00a3,88c7e37182ea710c3b8a2163d5402768,delivered,2017-07-22 11:50:29,2017-07-23 06:43:13,2017-07-26 20:55:53,2017-08-02 15:35:51,2017-08-17 00:00:00
1a5303d4c0d2c69405f74c3c005a5ea4,aa84f57b9e3aa99a1a4be15f47504bda,delivered,2018-01-03 13:15:09,2018-01-03 13:27:55,2018-01-04 10:46:22,2018-01-10 19:58:48,2018-01-26 00:00:00
c35c657f8ce103ef7cf3d10978f4307c,801c34b056bafd8457305e6fe54b9ddd,invoiced,2017-11-10 20:27:14,2017-11-10 20:35:34,,,2017-12-08 00:00:00
e4f57706cb8a6fe9b5b33f944807fa03,e160fedb0e31d9f1012c4e023162e923,delivered,2017-04-22 20:29:38,2017-04-25 08:02:33,2017-04-25 13:28:52,2017-05-02 13:23:51,2017-05-12 00:00:00
10adafadd4cc3289bff103ee8d2db9a0,1495c7e441ebb6a484fd2c4859c02850,delivered,2017-09-11 19:02:55,2017-09-13 03:45:22,2017-09-13 14:29:09,2017-10-06 20:00:17,2017-10-25 00:00:00
634da260923e5e4f5fa538c657e77b6e,555a95c85c9d26f277b82d07879cc620,delivered,2017-12-30 14:11:03,2018-01-03 04:29:43,2018-01-04 19:53:30,2018-01-11 18:11:37,2018-01-24 00:00:00
660cb47a0b4b671c86901a47f7dbc91c,16faeb522c87bb758b216abeee3cf4a2,delivered,2018-03-12 14:04:19,2018-03-12 14:15:40,2018-03-14 00:14:49,2018-03-28 20:03:15,2018-04-03 00:00:00
33ae336da56e5f632a69e131c877815f,af6f22c83206abe82bea28ddb4769513,delivered,2017-04-08 19:19:32,2017-04-11 03:45:21,2017-04-11 12:18:25,2017-04-20 12:28:58,2017-05-04 00:00:00
828ec0fd3fcf6cba19936aee52687ef0,c3036aa75fc90c5000fddc9ec49012eb,delivered,2018-05-22 10:51:43,2018-05-22 11:14:23,2018-05-22 12:53:00,2018-06-07 19:41:51,2018-06-13 00:00:00
3dfc13832b153601db135cc36760ddb1,0f9155cd31568214cb42138c1fcfd863,delivered,2017-10-17 20:39:36,2017-10-17 20:49:15,2017-10-20 11:33:00,2017-11-16 16:37:31,2017-11-16 00:00:00
7c1157b0ae1b27fe44017fbc2ccdb8a3,33b51aa80282e03b34f09cdb0a0a906d,delivered,2017-12-01 17:30:04,2017-12-01 17:38:22,2017-12-05 20:04:36,2017-12-11 23:07:25,2018-01-04 00:00:00
94edaa9af5c54b9d05b8f3ae40bef478,86a571352e8ebe54cf6b3905ab01f0eb,delivered,2017-12-12 09:56:07,2017-12-12 10:50:27,2017-12-13 17:07:43,2017-12-26 18:58:57,2018-01-10 00:00:00
cad4f1f1630718b17426b3f335d0404e,3a44b68ab84f6287350e8e97bbb6a3f9,delivered,2018-08-07 20:48:00,2018-08-07 21:04:50,2018-08-08 14:05:00,2018-08-20 22:11:49,2018-08-14 00:00:00
ff67e2e5931af358c3dde42b54ad658d,4def32df5aeb5b3bf805abc1b3ab3a68,delivered,2018-08-21 11:40:08,2018-08-21 11:55:25,2018-08-27 08:35:00,2018-08-30 20:18:46,2018-09-12 00:00:00
59fa657243310e5db82d2c476568a74e,99f02f36decdf29cda02e67aeb589305,delivered,2017-07-23 11:08:03,2017-07-25 03:30:12,2017-07-26 18:34:41,2017-08-02 21:50:05,2017-08-15 00:00:00
420652c95bb5904543369757b02c0b20,c337b28ef413855b98d9ed149c211aac,delivered,2017-10-17 11:50:53,2017-10-17 12:07:38,2017-10-18 20:17:35,2017-10-23 19:30:04,2017-11-06 00:00:00
76bdc8518c9c3ef50f9a240b93f97987,186b3bdd7ccd6d69121a2ba60632a1f7,delivered,2017-09-03 10:25:25,2017-09-05 04:44:22,2017-09-06 11:04:36,2017-09-16 16:12:14,2017-09-22 00:00:00
9d81bb437ca5583e95a56300b3576228,1e9d3655bb1078f29527381ed32c85d4,delivered,2017-10-13 10:26:25,2017-10-13 10:49:33,2017-10-19 22:27:45,2017-10-25 16:57:51,2017-11-14 00:00:00
c41deac864c11ed028c447061d233e3b,9d3ca2bdaa191d1909163cfc7d660a9d,delivered,2017-10-08 16:09:30,2017-10-08 16:25:58,2017-10-09 14:57:01,2017-10-14 15:10:20,2017-11-14 00:00:00
b8e766640caca231ccff0ad5eed8d976,40f2edefab04c428afda7406f7c5bd35,delivered,2018-07-11 18:52:43,2018-07-11 19:05:58,2018-07-13 09:14:00,2018-07-27 14:46:24,2018-08-01 00:00:00
cb6c7e4c5890bba3ee99ad3f97877d9a,4e5b349fbc6fa7c3f6b816de96c75420,delivered,2017-08-28 17:15:24,2017-08-29 17:25:55,2017-09-08 18:31:38,2017-09-11 21:23:07,2017-09-08 00:00:00
1335e6bf7ad8b92c81ed42b620054feb,a3498b7c08ca2cf6943388c3768d3e94,delivered,2017-06-10 06:16:07,2017-06-10 14:10:16,2017-06-14 14:17:28,2017-06-16 15:02:43,2017-06-26 00:00:00
70633832cd39706672d40a47536c2387,af273ec2f1c734a0f60ce845041a7a58,delivered,2018-01-10 09:54:05,2018-01-10 10:31:45,2018-01-15 17:09:02,2018-01-22 15:22:24,2018-02-06 00:00:00
e1bf6f2fc7393244c6207bfb0894e512,0c1e0458ba5d882b1b85cf1b80528ef3,delivered,2018-01-12 12:22:33,2018-01-12 12:33:31,2018-01-13 00:58:46,2018-01-30 20:58:59,2018-02-20 00:00:00
5017c6fe52a9453dfd3bf1327ed588da,fcbb4e1555e5e2b345e028e4f8eea8ef,delivered,2018-04-05 16:13:05,2018-04-05 16:28:53,2018-04-11 01:36:50,2018-04-16 16:38:48,2018-04-30 00:00:00
6f4822a6ea32489ed368e0ed3276a3b1,ef1c89da7452383e32640044013e8382,delivered,2017-02-20 13:35:27,2017-02-22 03:10:17,2017-03-01 08:43:48,2017-03-22 14:45:43,2017-03-31 00:00:00
7efbb24e555922671a42a89180286583,17d00a6f67b69339cddcd4fc49c84f9f,delivered,2018-05-30 22:12:22,2018-05-31 01:50:15,2018-06-01 13:49:00,2018-06-02 12:41:01,2018-07-05 00:00:00
cb40a144b2a39d4d5111f04b9a57ca92,c456a4c5171018fd21723570cdbbe3a2,delivered,2018-04-17 00:32:13,2018-04-18 04:35:07,2018-04-18 21:49:27,2018-05-03 12:12:27,2018-05-21 00:00:00
633382b6e9abe0085b19aa12edaf7e08,2d00fe84cd1a1a9f9477fb93510f323a,delivered,2018-01-05 09:45:00,2018-01-05 09:51:30,2018-01-05 21:29:03,2018-01-11 13:27:11,2018-01-30 00:00:00
85f591c5c63ddf9847b0edf8bb1a1145,b7d6d5ec3450353a4cd4d28480f5955f,delivered,2018-02-04 09:26:55,2018-02-04 09:50:20,2018-02-06 20:42:44,2018-02-22 02:03:56,2018-03-05 00:00:00
5b170e2ca414dba1a026afb280420501,6d15ef9e2f0770889d141b9ac5ee4487,delivered,2018-07-25 06:18:20,2018-07-25 07:24:24,2018-07-26 13:49:00,2018-08-07 16:38:51,2018-08-15 00:00:00
3c4f9e52d069bbf6d9dd15cd45ab6ef2,c90d3814b845507d21040d903e892a8f,delivered,2017-10-30 16:52:07,2017-10-31 03:55:25,2017-11-08 21:48:40,2017-11-10 16:09:08,2017-11-17 00:00:00
af4ba52bdae047d914272a2625e97f91,282886fbc1ecb089773a8b5199e59bcb,delivered,2018-02-01 11:01:53,2018-02-03 02:53:29,2018-02-05 18:05:31,2018-02-23 16:49:07,2018-03-08 00:00:00
0cae3692c0412d717beb36ce3faebcb0,a6dc8c80c0a118ee2500ba81bd939cf3,delivered,2018-04-29 20:28:53,2018-04-29 20:54:40,2018-04-30 14:07:00,2018-05-10 18:19:34,2018-06-07 00:00:00
973c60b5a6b596a9bfe6a48569a9ef50,ebad54752a112f71699fed40ec030f3e,delivered,2018-07-23 11:00:49,2018-07-24 11:33:18,2018-07-30 14:46:00,2018-08-01 22:21:36,2018-08-08 00:00:00
617b88590cdd5883e40eedd5ecc48026,91e90f07388bd1b260d8f1f17322073e,delivered,2017-07-16 20:15:12,2017-07-16 20:25:20,2017-07-18 21:39:46,2017-07-25 19:14:21,2017-08-08 00:00:00
94d2de9ad08d15bd3e714a984bd09bcb,79de7628f4e126069110cd01e0cafa0b,delivered,2018-03-09 18:18:40,2018-03-09 18:35:31,2018-03-12 17:21:45,2018-04-20 20:54:52,2018-04-12 00:00:00
1f668cb933ff919d9c0f22d752b4503a,322aaaa7739d96945945dd3ea7f0e18f,delivered,2018-04-07 20:11:54,2018-04-10 04:29:32,2018-04-11 14:41:41,2018-04-12 23:38:31,2018-04-25 00:00:00
cefe2d9b76da44f395498c94f7f516c7,5d2ecc47dc9030d919de8dda2bbc3a97,delivered,2017-12-17 01:09:11,2017-12-17 01:31:09,2017-12-19 17:32:29,2017-12-20 22:19:37,2018-01-05 00:00:00
3ae4da572301245622989f97c1da93d9,56e49231a1e313e37d5ee61be9baf955,delivered,2017-11-21 12:08:25,2017-11-21 12:40:54,2017-11-22 23:06:58,2017-11-27 12:26:36,2017-12-12 00:00:00
d796fb3fcd8046bf2eedc21bcb2e407a,a39dbb4718635898676c68015e5c8165,delivered,2018-07-31 17:19:00,2018-07-31 18:30:52,2018-08-01 14:08:00,2018-08-07 19:41:57,2018-08-17 00:00:00
0f70e4c5d553dddd723cb3ebe01cf6be,a988956c7348d95b201fe559d3bbb3d3,delivered,2017-08-28 13:17:43,2017-08-30 02:11:22,2017-09-04 21:38:12,2017-09-08 15:50:00,2017-09-18 00:00:00
85f56614259f06af1f2d8233109511b4,ca1cdd20afd582a805c787951ba0a30a,delivered,2017-03-15 17:15:12,2017-03-15 17:15:12,2017-03-16 06:37:39,2017-03-23 17:04:28,2017-04-06 00:00:00
a9506e4af5c19ca12362961efdefb20d,7322e04a8cee7f728d698f4666645567,delivered,2017-01-25 22:16:53,2017-01-25 22:30:26,2017-01-27 14:21:21,2017-02-02 10:29:01,2017-03-02 00:00:00
510ccfe4dbd8df0f0b94b239ce6e01f8,6d4eb3e8b01422ec8ecf52aa0f82dbdb,delivered,2018-06-03 09:48:48,2018-06-03 10:09:58,2018-06-04 15:16:00,2018-06-09 19:16:33,2018-07-05 00:00:00
50eff1a80cf88f66d317710f1b036b36,db2cf4866a8f96d08f711c99f9d5cbc3,delivered,2017-04-06 15:04:25,2017-04-06 15:15:22,2017-04-11 11:27:19,2017-04-13 12:24:40,2017-04-28 00:00:00
cc6995f103edcfb65e48d731aec60c1d,6cc1ba86426fb7736e66306b0de7e304,delivered,2017-04-10 20:11:58,2017-04-10 20:22:45,2017-04-11 14:34:39,2017-04-13 13:45:07,2017-05-02 00:00:00
08e83756399f8394bef75d0441b17b57,022d8582868c8ee0a200885b357c4208,delivered,2018-04-29 19:42:48,2018-05-01 06:12:48,2018-05-02 14:30:00,2018-06-13 12:32:16,2018-06-04 00:00:00
49c5be16afaa3d998aca1f3b5ecbc980,8bc8b6fcd770d363dedc5d3725f83c3f,delivered,2017-11-20 11:47:15,2017-11-22 03:07:55,2017-11-22 22:04:51,2017-12-04 20:18:31,2017-12-13 00:00:00
923edd16abada2893b886d3757c73ffa,fe4d81bc8da17c071449cce9d7023407,delivered,2018-07-04 13:27:14,2018-07-05 16:16:59,2018-07-05 17:24:00,2018-07-10 18:12:33,2018-07-27 00:00:00
f8dc82b0d1ce6633002e0e0d2d17282f,48953746f0a26f3f37132e5bea883b85,delivered,2017-05-25 00:33:44,2017-05-25 01:25:22,2017-05-26 08:36:26,2017-06-02 09:33:15,2017-06-23 00:00:00
3f1f171acadae2240a8927ff0867af9a,5db443877524f04312886fad87e08e49,delivered,2018-01-06 11:53:29,2018-01-06 12:08:15,2018-01-11 10:56:48,2018-01-29 20:59:06,2018-02-07 00:00:00
d899038e9957d3d2f73bf50547f78d04,ae2fb83f7060f4d1dad71255e97345d7,delivered,2017-06-27 11:20:27,2017-06-27 12:10:22,2017-07-04 15:44:59,2017-07-11 19:21:53,2017-07-19 00:00:00
35c20257f4ae4439e4560d6e5ad5c658,7bedc4b5a1d3909da4c37de13206b87f,delivered,2018-07-02 10:27:42,2018-07-02 10:50:09,2018-07-03 09:51:00,2018-07-11 23:21:23,2018-07-30 00:00:00
29022c1010dba6fda58abf8d59d4258b,5fb1f562bb86b93ab8d78d66f01986d6,delivered,2017-12-01 21:24:29,2017-12-05 04:13:16,2017-12-06 21:38:35,2017-12-14 19:51:57,2017-12-27 00:00:00
f05ae607a2f78a91958f765f204e098f,cfa0b544b9d4e774773fc6ec59ee2fa7,delivered,2017-02-14 12:20:37,2017-02-14 12:32:47,2017-02-16 15:03:10,2017-02-22 14:37:58,2017-03-15 00:00:00
e387acf12982c1b307ea89d69c292345,82d27dfab5d50815436721c1fa587182,delivered,2017-06-03 12:37:02,2017-06-03 13:05:37,2017-06-08 15:41:36,2017-06-19 18:37:49,2017-07-04 00:00:00
d0dfc91485df79d57bca8e69971f9164,3103c5ca3a3473888a6b51221536bb0f,delivered,2017-10-30 17:18:56,2017-10-30 18:33:04,2017-11-03 19:23:29,2017-11-18 17:16:50,2017-12-01 00:00:00
6a3cf68b5d00317f1869cd638dc6889c,db04047cc9d602038629e2af01857a24,delivered,2018-05-18 12:31:19,2018-05-18 13:27:12,2018-05-21 08:42:00,2018-05-24 19:04:38,2018-06-01 00:00:00
e58ac2a3d13a940b460ccc4299264f37,a31e9efdd03a113a21348ab6843d7e3e,delivered,2018-06-13 11:42:37,2018-06-13 12:32:29,2018-06-15 14:56:00,2018-06-27 19:42:05,2018-07-18 00:00:00
f14a9b375fa15329cc541a846cfb03fb,d0d33cd9e51cbf33e9f855370e6805fe,delivered,2017-11-25 01:11:14,2017-11-25 03:51:39,2017-11-29 20:22:02,2017-12-03 16:32:29,2017-12-11 00:00:00
fec5c44b191dacb759c39338c8c934a0,6f876d87bb2552c9b2063e96228ec5cd,delivered,2017-11-20 13:13:45,2017-11-22 15:47:22,2017-11-23 17:56:53,2017-12-27 19:22:45,2017-12-13 00:00:00
4a359800ff0688de3eabc92972987238,7d6a15dac3171fdcfc217ffa8c09ec36,delivered,2018-05-07 10:17:11,2018-05-07 17:30:51,2018-05-08 16:13:00,2018-05-10 20:20:57,2018-05-23 00:00:00
26d26e749356ec5a267c065241ea05e7,3d4468ce8d2cbae5ded23093c9e039e2,delivered,2018-03-06 11:03:36,2018-03-06 11:15:52,2018-03-07 22:13:31,2018-04-04 22:04:51,2018-04-09 00:00:00
276473cdf80e80d33281cff1b5581166,a829a6f302fc834aa65e2af9f306c7ee,delivered,2017-12-13 22:32:30,2017-12-13 22:38:30,2017-12-20 18:36:57,2017-12-28 20:52:04,2018-01-08 00:00:00
946f3e7b0d6366f4485b948f11d01ee5,0e6e8c5b4485a66e6168154d4ea445f5,delivered,2018-08-09 07:25:55,2018-08-09 07:35:14,2018-08-09 13:50:00,2018-08-13 18:14:47,2018-09-11 00:00:00
312be9a2f296750320ccfc0223531b30,890e24d018b4a6032a34c9866a11c983,delivered,2018-04-25 16:52:37,2018-04-27 03:30:56,2018-05-02 11:54:00,2018-05-07 20:12:06,2018-05-18 00:00:00
ebf58142d429fa41ece5f8e0308d8908,caa7acaaf9247a8f90b437b81277b419,delivered,2017-07-10 13:56:25,2017-07-10 14:10:09,2017-07-11 18:36:33,2017-07-17 16:41:39,2017-07-28 00:00:00
ddce482cc1785da2ee00c010675508d3,b59d54e1dc0ed83815e549c06a66de00,delivered,2018-05-05 17:25:59,2018-05-05 17:35:17,2018-05-07 15:32:00,2018-05-10 20:27:28,2018-05-22 00:00:00
4d8f7c7261c4de9e113b8d390125fdcb,e5fbe24aa488ae15c28edef16efd1a4c,delivered,2017-02-26 14:14:18,2017-03-02 03:42:05,2017-03-03 17:00:30,2017-03-09 04:57:50,2017-03-20 00:00:00
d9017242fd88c2d6c9c356ea697dff58,c9502c24f6357c5e81ffffffea56cf7b,delivered,2018-03-29 18:41:17,2018-03-29 18:55:20,2018-04-03 21:07:21,2018-04-13 15:12:18,2018-04-20 00:00:00
243b66cfd676e63e7db35e7341acdf7b,d38ce923b0fb0571bca2241dbfa40265,delivered,2018-02-07 00:08:13,2018-02-07 00:30:40,2018-02-07 20:07:58,2018-03-19 13:47:45,2018-03-08 00:00:00
ce07c393d8aef25ec77567483aac364d,7ed47aa10ea881d4e434bfbd93dc4443,delivered,2017-07-05 19:24:25,2017-07-05 19:35:23,2017-07-06 14:41:22,2017-07-14 20:57:46,2017-08-02 00:00:00
22c95bbadd1ed008fe46549ad83e820c,28c286b1524136196892633baf063295,delivered,2017-07-19 17:37:42,2017-07-20 06:43:18,2017-07-24 19:27:36,2017-07-27 16:19:29,2017-08-08 00:00:00
5dccad03ac8016afdcdb7cc0227ec9d7,bbec89f3ce9883659829232500271d87,delivered,2017-01-25 15:10:14,2017-01-25 15:25:13,2017-01-26 10:06:22,2017-01-30 12:58:42,2017-02-22 00:00:00
f0af6d20649a1a4e1d876620b3e1129e,be07de9ad4a2d695556d343ba8caf439,delivered,2018-02-14 16:10:54,2018-02-14 16:35:41,2018-02-16 17:08:26,2018-02-27 13:19:15,2018-03-09 00:00:00
85ff3bf317fb5e2bf00cd9e4ec456b8b,028f2ba19d9bc8715701a3b939a501d3,delivered,2017-04-01 19:11:15,2017-04-01 19:22:43,2017-04-03 12:26:03,2017-04-06 13:24:16,2017-04-24 00:00:00
817d88483f5ef3f2c934506d7d890888,ea96be5147863f2b3ae58b00983a6d09,delivered,2017-10-29 22:57:07,2017-10-29 23:10:17,2017-10-30 20:25:15,2017-11-06 16:35:29,2017-11-21 00:00:00
5d97e5c1271e63ad96d16752ee92d4ff,54ee05d8abf5d1dd8007356cbc844f75,delivered,2018-06-24 20:14:29,2018-06-24 20:39:42,2018-06-25 13:13:00,2018-06-27 13:12:56,2018-07-19 00:00:00
e0f57f06590a2aee981778faa5b7c80c,4f88e94ab992ddf656d58ed3c10360b9,delivered,2018-07-09 12:06:05,2018-07-11 03:35:22,2018-07-12 11:38:00,2018-07-26 18:28:23,2018-08-03 00:00:00
295ad751198b4f1a2651400773795227,094c6b161507d7a620db1174dd826493,delivered,2017-07-27 13:53:53,2017-07-27 14:05:15,2017-07-28 14:07:01,2017-08-02 19:22:13,2017-08-11 00:00:00
50d9186d77acd4105e6dc1098ed0a28c,9327c23f869799b09aa3579c3dbe3516,delivered,2017-04-24 14:23:38,2017-04-24 14:35:16,2017-04-25 11:10:49,2017-05-03 13:16:03,2017-05-15 00:00:00
8b9c6ff3e8b2603f52a401024523d642,c80e048ea4382bc53e00921d38632175,delivered,2017-05-08 00:45:17,2017-05-08 01:02:06,2017-05-09 15:23:38,2017-05-11 15:33:59,2017-05-29 00:00:00
6ec1bea8cbcef0a1b81bc9b7fbd37ccb,e6b5e20566e5c72cbaab04f91dec9c85,delivered,2018-08-07 05:42:46,2018-08-07 05:50:08,2018-08-13 09:24:00,2018-08-27 15:28:22,2018-09-18 00:00:00
441972a5bbd51a10459a487402076942,b79fa9dfed0c3d624b70fbd0ca2469de,delivered,2018-08-23 22:37:44,2018-08-24 00:35:13,2018-08-24 13:19:00,2018-08-29 18:03:26,2018-09-04 00:00:00
fbecebecbe32df9dc3411b1e35b5484c,7f9f88f14a8f0dc733a5e371af98abac,delivered,2017-03-20 18:22:46,2017-03-20 18:22:46,2017-03-21 13:35:58,2017-03-27 12:30:15,2017-04-12 00:00:00
9e22b00fd1b9f036577e8c517ea0a5d4,5a7346263920ecab0f88da703bbaf3b1,delivered,2017-12-01 13:45:30,2017-12-03 13:52:24,2017-12-04 21:22:58,2018-01-03 21:36:42,2017-12-27 00:00:00
07d9d11b0175952638ddd53d7855f8a7,a1c779cddccf5ffe60e543d3ce0dc477,delivered,2017-11-22 16:40:23,2017-11-22 16:48:33,2017-11-28 19:48:46,2017-11-30 13:49:03,2017-12-04 00:00:00
1c38314597f39a117548efb308041b76,39a23021e4ee2efd04ea8decaff7b328,delivered,2017-12-11 15:43:06,2017-12-11 15:51:22,2017-12-18 18:35:20,2017-12-28 17:43:32,2018-01-08 00:00:00
06caf4b0e55d9bc015a91fa77432a1cb,e42b1319fefce9bf37acf91a0ac8c1a9,delivered,2017-03-11 11:42:16,2017-03-11 11:42:16,2017-03-13 14:54:54,2017-03-21 10:58:09,2017-04-06 00:00:00
1330176f6500125ff6e8e10922fb714c,89479f50ebac0687b3d8d0ac9f1193b1,delivered,2017-10-18 23:24:58,2017-10-19 00:05:28,2017-10-20 17:52:05,2017-10-21 17:34:44,2017-10-30 00:00:00
6616fa4c89b8bf2a7e17271cdc542fca,19245d7a8dfb1639e01f96c455fb05b1,delivered,2018-08-17 20:47:06,2018-08-18 03:09:38,2018-08-23 07:11:00,2018-08-28 16:09:37,2018-09-25 00:00:00
06f544e5c7afe6215b9e2a26b4f08442,26d283dae44fbc9eee874cecca589853,delivered,2018-04-12 10:23:19,2018-04-12 10:35:13,2018-04-17 19:41:03,2018-04-24 18:41:15,2018-05-08 00:00:00
2db1d0694f169b74b5bbee207ca7cc64,643851ccb6d55c6d549393aac4aaa4b2,delivered,2017-10-04 09:35:11,2017-10-04 09:56:20,2017-10-10 15:58:19,2017-10-11 23:10:54,2017-10-20 00:00:00
401ecf90579c9023a8f503e3a58cfa77,3a67fbf582c0eceb6d18beca1fe47a1b,delivered,2017-10-23 22:15:15,2017-10-23 22:28:26,2017-10-25 18:14:32,2017-11-03 20:32:34,2017-11-17 00:00:00
8fa279b262d80217668f5711737ac83b,e620fbdf4316bb301fdce0325c0e0c2c,delivered,2018-03-27 10:33:45,2018-03-27 10:47:53,2018-03-28 00:32:47,2018-03-29 18:29:38,2018-04-09 00:00:00
581e5298655b47d098b024c86e9239e3,43fcb18424838d79a2627f6bc5f04de3,delivered,2017-10-07 11:30:13,2017-10-09 15:49:44,2017-10-10 17:47:33,2017-10-17 18:56:38,2017-11-03 00:00:00
6dcf0aeb8b1eb4021c26e1d0e9394979,8d10ccfe7c979ef982e4964bbff62637,delivered,2018-08-09 20:37:34,2018-08-20 15:59:18,2018-08-14 13:05:00,2018-08-15 19:06:29,2018-08-15 00:00:00
e808b609d07ef4f022d702b20db24137,33a60f5a90dff8048b927768019d1d23,delivered,2018-01-14 20:28:50,2018-01-16 03:51:08,2018-01-17 00:17:00,2018-01-27 04:58:40,2018-02-14 00:00:00
a06e15e85714e87cb14e805b04c476f2,c9e39e587b892b00ef702d57de1cf299,delivered,2018-07-21 13:47:04,2018-07-23 11:31:49,2018-07-24 13:18:00,2018-07-27 20:42:44,2018-08-07 00:00:00
e889c2950b88a166b9da5f7e995872b7,bd2fe6a35c295706596da2439a669278,delivered,2017-05-08 20:58:38,2017-05-08 21:10:21,2017-05-09 14:08:05,2017-05-15 14:38:53,2017-06-01 00:00:00
09545768adc993877dfa9a4024b360c2,6dee66a764300a20244d9cf65bd47268,delivered,2018-01-13 12:05:26,2018-01-13 12:13:29,2018-01-17 19:06:41,2018-01-25 17:17:08,2018-02-01 00:00:00
343c79502b5f394194fbf53ba4a561c1,be637891046ac0508dcef34ab3a739a6,delivered,2018-07-20 09:58:23,2018-07-20 10:15:09,2018-07-25 20:09:00,2018-07-26 15:32:45,2018-07-30 00:00:00
6da86c30ec11a9b1443f7a1b00b03011,4bf467566a4cd8493661006d516c5b2d,delivered,2018-03-30 15:28:44,2018-03-30 15:47:06,2018-04-04 19:48:40,2018-04-13 12:28:29,2018-04-18 00:00:00
dfa28d8e8d39258262ca8e4fe6293a78,11ca735fecae936dacfea16499b4b4d7,delivered,2017-05-02 23:26:03,2017-05-03 15:42:18,2017-05-08 16:05:09,2017-05-17 10:14:46,2017-05-26 00:00:00
9399731dd679003e21c7f24ad39ffa32,bb98e27058a8d72162176e336a2b97a2,delivered,2017-09-07 20:12:30,2017-09-07 20:25:11,2017-09-11 20:05:23,2017-09-21 17:54:38,2017-09-28 00:00:00
dbeb01520fa5b47df830feb1a9a1ac95,4bbb5426eea4b9ecab0158949f4e0e9e,delivered,2018-03-13 14:14:45,2018-03-13 14:47:53,2018-03-16 18:32:36,2018-04-05 18:04:46,2018-04-09 00:00:00
ab9a3c29c4b67aaca311cad95058153a,84c25336ff90f2e2b233e6df15840570,delivered,2017-05-11 13:56:39,2017-05-11 14:10:18,2017-05-12 12:43:00,2017-05-15 07:13:50,2017-05-19 00:00:00
71f500b84266602e89447c7eab602ddd,aa743174847b78266e47461b8bcd1bb5,delivered,2017-06-14 22:09:08,2017-06-14 22:22:34,2017-06-19 17:06:40,2017-06-28 11:47:55,2017-07-11 00:00:00
1d48ff4287c2ff4e757091486fa7c6d6,477d719a72a56246c2832dcdd7070a42,delivered,2017-03-13 10:40:07,2017-03-13 10:40:07,2017-03-14 08:11:51,2017-03-22 09:48:55,2017-04-05 00:00:00
121191d52387cd00dc63011edaeb8af2,5a9e77d4c84d33657bad0c365b65351c,delivered,2017-10-27 17:00:33,2017-10-27 17:32:14,2017-10-30 18:45:26,2018-01-09 18:55:47,2017-11-21 00:00:00
1323da2fac3c4ba9cee60f86d170f816,30a740aa49694c824429bba81acd607b,delivered,2018-07-09 19:45:57,2018-07-09 20:05:31,2018-07-11 10:58:00,2018-08-28 14:58:42,2018-08-06 00:00:00
289cbae847c6623b3a488df45f472c66,7ca8e352c87e204812761e7dc7f8fa54,delivered,2017-09-21 22:00:29,2017-09-21 22:48:18,2017-09-25 14:04:34,2017-10-10 18:28:03,2017-10-18 00:00:00
effbd7f83c0f10ef73b5704c87b1d168,6bad775225df69f839c683ea6a9833f8,delivered,2017-09-13 14:54:31,2017-09-14 02:43:56,2017-09-14 19:24:53,2017-09-19 20:32:32,2017-10-05 00:00:00
add4a7fe1b17829ea0b43587b44c1176,dfeeaacf3ac43668f3a468f71b2cf65b,delivered,2018-04-03 14:44:44,2018-04-05 02:10:32,2018-04-05 21:51:50,2018-05-16 23:21:33,2018-04-26 00:00:00
ce8157b7dce9a36c6ab802ad73f494e4,1958a7ca6c1d652df51a65950e9a0628,delivered,2018-08-14 21:18:41,2018-08-16 03:10:32,2018-08-16 14:14:00,2018-08-23 19:58:54,2018-09-05 00:00:00
9c14756d0113f66be55ca07456df3393,579ed05e977f9e95c98a761d7ecb086d,delivered,2018-07-10 18:35:18,2018-07-10 18:55:15,2018-07-11 14:48:00,2018-07-16 13:31:22,2018-07-24 00:00:00
c89817240e09ddf1fc2d8ecf05464107,807df231549803cc45b10dc50ad40322,delivered,2017-06-15 16:48:03,2017-06-15 17:03:06,2017-06-16 17:19:41,2017-06-26 13:46:03,2017-07-20 00:00:00
1bf716344048611744a7865ea63047a9,a76edae0e8b3aece206b4b1ad4d20951,delivered,2017-11-12 22:30:37,2017-11-14 03:46:36,2017-11-14 17:02:21,2017-11-24 13:27:03,2017-12-13 00:00:00
028e8f5a96db8d372890e03d22829e9b,c09962ce82ae80e545818b93530aab09,delivered,2018-04-18 17:15:44,2018-04-18 17:58:33,2018-04-19 23:21:25,2018-04-21 00:11:03,2018-04-30 00:00:00
30597e915fa41c74c59cf5f8ce640d3d,7d4024a33d15af87c7e47ee51976b556,delivered,2018-07-09 08:54:04,2018-07-09 09:15:15,2018-07-11 15:55:00,2018-07-19 18:51:43,2018-08-10 00:00:00
b27ffd98b450ba9120b7ebd8d6bb75db,dbd324a50ece1c09a1d090c01a10733b,delivered,2018-07-03 12:18:23,2018-07-05 16:18:41,2018-07-03 14:55:00,2018-07-06 19:12:04,2018-07-17 00:00:00
c99ca23474e04e001665cd9439b59dca,03e6182153ba8bbdff8a0236ee161c8f,delivered,2017-10-23 09:54:52,2017-10-24 10:05:59,2017-10-27 18:47:43,2017-11-07 18:09:13,2017-11-14 00:00:00
9135c65d6b2718f079e23287d8459be2,502ded0eab5766a83294460c72d9a2d5,delivered,2018-05-14 16:01:23,2018-05-15 05:14:48,2018-05-15 19:03:00,2018-05-16 13:28:52,2018-05-25 00:00:00
db26f26e8c17de720f2aa151af77f904,3ca3a2454f257793dba696f71c8f732a,delivered,2017-10-24 12:21:38,2017-10-25 02:08:26,2017-11-01 16:14:42,2017-11-03 19:07:30,2017-11-14 00:00:00
7e2abfe12599364389f3fcb145141030,efe242eacffaae25b7148f5758be7d8a,delivered,2017-06-08 17:35:47,2017-06-08 19:20:13,2017-06-12 15:30:37,2017-06-19 21:03:48,2017-07-03 00:00:00
33f3e269b872b41e5f90b01a92d454eb,96b747e34fa89b37565693617f5e5a00,delivered,2017-08-06 20:04:28,2017-08-06 20:23:14,2017-08-07 20:21:44,2017-08-09 21:03:08,2017-08-25 00:00:00
4d0a6e1b497dd61e14d0f00c47e11a2c,bc24331464260dc480e8381acfa73e9a,delivered,2017-04-25 17:29:23,2017-04-27 13:15:27,2017-04-28 10:43:53,2017-05-05 09:06:44,2017-05-17 00:00:00
6ae81f46190acfedd354db1a69ecfb03,3f6df3e18533041a83b22eb7b412894d,delivered,2018-04-24 21:08:13,2018-04-24 21:30:32,2018-04-25 14:09:00,2018-05-07 22:24:33,2018-05-23 00:00:00
84300a0c4b27875cb77c89f5383df360,9223ff8bfb04f4673127a750e6812cc4,delivered,2017-11-18 13:20:25,2017-11-21 04:10:02,2017-11-21 23:07:49,2017-11-23 22:26:58,2017-12-01 00:00:00
9c7d894f9c1a1bf24922e113909eb640,95eac8c15a91cd486f94f12debfe6b16,delivered,2018-07-27 08:17:56,2018-07-28 08:15:13,2018-08-15 14:10:00,2018-08-22 23:14:47,2018-08-31 00:00:00
21030293cc104b1a83a93d3fbba3bd6a,d52d50587f75df7c5afbe0c57ed48029,delivered,2017-07-19 10:37:15,2017-07-20 02:25:47,2017-07-20 23:11:50,2017-07-28 18:38:56,2017-08-18 00:00:00
1f2638f8b42427da20d04f8fe55f4588,6f6071e303bb66bbc2ebee2358bc3309,delivered,2018-01-20 10:07:10,2018-01-20 10:19:12,2018-01-23 22:29:41,2018-02-28 20:56:44,2018-02-23 00:00:00
47960ca020072a5fa5a8371f0efead69,5bfd150544af5c2e3c71497022bd60ce,delivered,2017-04-05 12:04:57,2017-04-05 14:10:11,2017-04-06 14:43:43,2017-04-10 12:00:01,2017-04-26 00:00:00
bbcc1c8c6b1353a43012bfe1b7380a29,ee55172c933983bf29aac9668a6b3271,delivered,2017-10-27 12:03:58,2017-10-27 17:31:14,2017-10-30 15:58:53,2017-10-31 15:33:47,2017-11-06 00:00:00
850f7e5523f86d76fdee921da3dc9895,504e1afecfdc611577b546d5fe69436e,delivered,2017-04-19 15:38:01,2017-04-24 23:32:57,2017-04-27 08:04:34,2017-05-08 14:34:21,2017-05-16 00:00:00
a2087914bc836b0a52e2369d6f30fde4,4c53ad7e6017d3edbeb1432f683823f7,delivered,2018-01-18 08:15:16,2018-01-18 08:31:23,2018-01-18 22:44:35,2018-01-31 00:41:42,2018-02-22 00:00:00
d5691ee416fbe1f2d1b061319de61570,b64ed91eab98972150bdaf77ca921934,delivered,2018-05-11 06:47:44,2018-05-11 10:17:49,2018-05-12 08:55:00,2018-05-15 16:44:55,2018-06-14 00:00:00
fea5a7b9dcb6be7d730de9835ec5e7ad,85c1fbdfde1ce1474f486c1cf18caf90,delivered,2017-11-24 12:48:04,2017-11-24 14:58:30,2017-11-24 22:33:52,2017-12-03 09:51:47,2017-12-21 00:00:00
f2f6707b2576619925ea0e63103975c0,84f02549f018546d35266595560f789c,delivered,2017-04-14 21:01:15,2017-04-15 21:05:11,2017-04-17 13:41:54,2017-05-02 16:05:52,2017-05-11 00:00:00
1aa3c5dc3d9668e8fa8a0af87a8dbe55,c41a78e907140c86415c4c480cdf14b9,delivered,2018-07-24 00:38:16,2018-07-24 10:32:25,2018-07-24 14:56:00,2018-07-27 20:31:03,2018-08-14 00:00:00
b9db568c807b745666940333af1f8618,40a3b852bc7f051670b0ad197fc59aca,delivered,2017-12-15 20:34:39,2017-12-19 09:58:28,2017-12-21 10:58:48,2018-01-03 20:53:16,2018-01-12 00:00:00
5c455e9a6d56d30c1652aea99d744e5c,9d50e47ff447954c63bef2a5a68fb350,delivered,2018-05-13 11:28:24,2018-05-13 11:52:30,2018-05-14 14:25:00,2018-05-19 00:17:37,2018-06-22 00:00:00
d062df7045ef15cdfd841bb52d798a0e,e9c9e8edea5b2c31b8ce06f9ff086ce4,delivered,2017-07-09 19:10:21,2017-07-11 03:50:41,2017-07-12 18:03:33,2017-07-26 20:34:03,2017-08-11 00:00:00
3aa2ae7ecf5c78c8928b540fed47058f,c8a0c590b4825ffdb2bd8a5a18d5aec9,delivered,2018-04-17 12:09:50,2018-04-17 12:30:07,2018-04-17 22:32:11,2018-05-04 20:42:31,2018-05-18 00:00:00
5471d5c0cbff5d04724a56e49cd4d308,a6d538e158ddb434374047d413315beb,delivered,2018-07-18 17:53:55,2018-07-18 18:05:33,2018-07-19 08:36:00,2018-07-20 17:27:30,2018-08-10 00:00:00
4e790ef1ee5dca2f0de38704d806e45d,2bc33799adeccec1a65fa254bdec653d,delivered,2018-06-30 01:23:27,2018-07-05 16:05:22,2018-07-04 16:03:00,2018-07-11 20:40:27,2018-08-08 00:00:00
2fab4de591dc7b69eeb8afb9a976ba91,92deb673372d5166b7bc5db819269c6b,delivered,2017-12-05 19:00:57,2017-12-05 19:30:21,2017-12-06 22:45:53,2017-12-10 14:37:47,2017-12-21 00:00:00
672222c1e1bc8818069538d8c8c046a9,ac8cbf914049a7b20272a10f768ba6dd,delivered,2018-08-23 08:18:00,2018-08-24 03:24:24,2018-08-24 14:10:00,2018-08-27 14:32:23,2018-09-06 00:00:00
d540bc0befa1449d8763e87cd48655c2,46f54b37f0933babe0222df0744290bd,delivered,2017-11-07 11:38:57,2017-11-07 11:46:47,2017-11-10 19:12:22,2017-11-11 16:24:36,2017-11-22 00:00:00
8f8634cbfb1b971fbea53d83c59105b0,6208d45dfab61d93d63c82f085d7617d,delivered,2018-01-10 20:41:45,2018-01-10 20:50:39,2018-01-11 23:39:17,2018-01-19 22:18:29,2018-02-02 00:00:00
2d1f07a3af3df1ddc97efd57a74be3a9,c2f8f353739798ad5faa45e74f1fd23b,delivered,2017-11-26 22:11:09,2017-11-26 22:19:34,2017-12-14 22:18:14,2017-12-28 22:07:17,2017-12-18 00:00:00
35c136a4dcd64f2fe2f287bec7cc3f07,ac755a7766e38c0d035e20c0bedc02f7,delivered,2018-05-15 12:49:03,2018-05-15 13:14:13,2018-05-16 10:38:00,2018-06-02 20:38:33,2018-05-29 00:00:00
a2aae14e6eb568f6c2f82c7cc1d5e0f2,451e697f12e5b64eae4580d365e6260e,delivered,2017-03-18 21:58:15,2017-03-18 21:58:15,2017-03-20 11:07:27,2017-03-30 16:05:32,2017-04-12 00:00:00
07808f3f87407774955a7ceb2f4fe5d2,a40a9cca30df7d2a36fdba0dfc4b03e7,delivered,2018-08-01 18:54:32,2018-08-02 09:15:19,2018-08-02 14:51:00,2018-08-06 18:22:36,2018-08-20 00:00:00
6a0353f4ad7ad24435f69ac334ef2be8,f3383234c4a4f61a985c74817ca24b15,delivered,2018-05-13 19:49:33,2018-05-13 20:13:10,2018-05-14 15:16:00,2018-05-17 22:08:32,2018-06-01 00:00:00
8eb78d502d1023cb644668137fc7efce,5b87dbf9c24436c97c4110980429159b,delivered,2017-08-03 13:10:37,2017-08-03 15:25:20,2017-08-04 18:52:57,2017-08-07 20:28:04,2017-08-16 00:00:00
775eb0ae1891c8dd8f12c2f8c6850006,a47703d55341244bf9e82521834ad64a,delivered,2017-01-27 09:20:04,2017-01-28 10:32:02,2017-01-30 11:38:21,2017-02-07 11:58:55,2017-03-16 00:00:00
40bd3f61e145286843c42286ac7bab0e,268df4ebbaeefe4a9d54c3ebd1dcfc97,delivered,2018-03-06 22:59:29,2018-03-06 23:15:26,2018-03-10 02:11:51,2018-03-20 17:42:31,2018-03-22 00:00:00
53354e0184a8a43cd9f722bc2af844cb,72c9c557e2d3ec9541774fab6b71f666,delivered,2018-02-27 14:25:43,2018-02-27 15:20:24,2018-03-01 23:24:57,2018-04-02 21:38:43,2018-03-19 00:00:00
f7a20a4ac3d03d724e4676315f5e2292,ca4de62bd0d11bc55ae4330d530aefe1,delivered,2018-06-24 09:13:02,2018-06-24 09:36:54,2018-06-25 13:54:00,2018-06-26 14:31:59,2018-07-05 00:00:00
fddbd183387b5c9bcbafbd0fe965301f,bade46d49478a63c01dca6a9ae49dfa9,unavailable,2017-09-23 10:25:00,2017-09-26 03:24:31,,,2017-10-18 00:00:00
d981eec5ada61eb4066985278057dd19,676ea4c495818f6654dd38d006cfb1d7,delivered,2018-01-20 21:28:19,2018-01-20 21:41:17,2018-01-27 15:58:47,2018-02-01 02:42:45,2018-02-14 00:00:00
440d0d17af552815d15a9e41abe49359,7815125148cfa1e8c7fee1ff7974f16c,delivered,2017-03-07 23:59:51,2017-03-09 01:11:33,2017-03-15 13:00:08,2017-09-19 15:12:50,2017-04-07 00:00:00
9b7a83861460257909d451bdab55a720,61dd7b5fa2d0506e64e67ce18f3714fb,delivered,2017-12-08 12:19:26,2017-12-08 12:32:29,2017-12-12 19:12:49,2017-12-28 16:53:53,2018-01-05 00:00:00
9eb558dc91f57ce1f1fb9ebc60bf8963,8d7a21a72282d71b2bef61355e5f1b88,delivered,2018-02-06 12:48:56,2018-02-06 13:08:28,2018-02-09 23:09:39,2018-03-02 20:56:47,2018-03-06 00:00:00
790c018ecba60024d3684643535f0e69,0de1afca49564cb391fdff84096730e7,delivered,2017-05-11 18:33:36,2017-05-11 18:45:10,2017-05-12 15:58:46,2017-05-30 15:23:14,2017-06-08 00:00:00
be68a2bd0ec703cf10253c611bfda5d4,f170321e9d98109bd05c9669e71fc4b0,delivered,2018-07-03 09:23:56,2018-07-05 16:30:42,2018-07-04 10:46:00,2018-07-05 17:18:41,2018-07-17 00:00:00
a1f23fda3d0d3b220ff9fa6472233fdf,9e6531ec2ebbf1bc5971bdddd96e67a1,delivered,2017-03-23 16:56:19,2017-03-23 17:05:29,2017-03-27 12:38:40,2017-03-29 09:23:43,2017-04-13 00:00:00
ba242a1dd9c9df31f97af85c25e0e1bf,e01fb276effc1ae50c020ac93fd19a1e,delivered,2017-12-23 19:54:50,2017-12-27 04:12:12,2017-12-28 18:33:03,2017-12-29 19:37:59,2018-01-15 00:00:00
26a353e90b1f35895b269ad0a5cdb114,fbf5039b1d330e60055aa9f3969d3434,delivered,2018-02-01 00:33:25,2018-02-01 02:10:31,2018-02-01 17:58:44,2018-02-05 18:57:03,2018-02-23 00:00:00
558269f572e3a3884ce996dc0d4f1426,d9d47075a966a2dd646104b7b6f59860,delivered,2017-07-30 22:52:29,2017-07-30 23:22:55,2017-07-31 20:14:46,2017-08-07 22:22:13,2017-08-18 00:00:00
50ca437944c60d3b838ce51d74a464b8,4e14b1a6a95b6aedafc0905c5e914dbd,delivered,2018-01-07 21:20:11,2018-01-07 21:28:31,2018-01-08 20:41:14,2018-01-19 20:51:15,2018-02-08 00:00:00
9a33f135e8d643d4d9564b293135b5da,60da99f6b9c64ff876a9eb5352eb0f3c,delivered,2018-02-18 17:53:53,2018-02-18 18:55:33,2018-02-19 16:38:53,2018-02-27 04:15:12,2018-03-09 00:00:00
346c08d9fdf400dec430232945c32e7a,c6ed2d5ce85536b556812f7679cf4658,delivered,2018-02-28 20:19:44,2018-02-28 20:30:31,2018-03-02 16:22:48,2018-03-07 19:28:27,2018-04-12 00:00:00
25f0e2e1bdd2acf4c251364f1f6b4c0d,71e08a79efb43d1bc0c00e915e38863c,delivered,2018-07-18 16:22:23,2018-07-18 16:30:31,2018-07-23 10:01:00,2018-07-26 18:20:54,2018-07-30 00:00:00
e58f710ed41fb682576f68826c0589b9,fb9efbf986947049d3a3ffcc70708be3,delivered,2017-05-29 20:57:56,2017-05-29 21:05:20,2017-06-05 14:57:52,2017-06-16 14:35:32,2017-06-28 00:00:00
2940960e08448a8a6fa88c7f7803f2d1,7be5e86707d943ee604ea69e6b61dcd4,delivered,2017-07-20 12:11:54,2017-07-20 12:25:11,2017-07-21 16:43:47,2017-07-26 19:25:46,2017-08-03 00:00:00
4b8551fdf4362d88d520a66e6132b2ba,4433016c1227b1af56659370b5bb61d1,delivered,2018-07-26 20:20:14,2018-07-26 20:30:13,2018-07-27 11:51:00,2018-07-31 17:31:14,2018-08-16 00:00:00
7ae9706fae7d40d10193ccda71fd0a62,8651fcbb0eaad7b6ffe7a7b2dad93ca7,delivered,2017-07-15 00:52:01,2017-07-15 01:05:10,2017-07-18 13:37:38,2017-07-21 16:02:49,2017-08-17 00:00:00
88f429aa6b53507756ba75c293cc4040,63023603f26335e2f28e089a0143d945,delivered,2018-03-27 11:14:25,2018-03-28 02:48:04,2018-03-29 00:58:33,2018-04-09 20:28:45,2018-04-23 00:00:00
a45006ef91228905575d115da011049b,69a8412a11f514c90ac72e76225c28ca,delivered,2018-05-16 17:49:26,2018-05-16 18:16:19,2018-05-17 13:55:00,2018-05-23 14:48:41,2018-06-06 00:00:00
1adbc05f8bb9f7f40e1566992a9b5e8d,ca90771e164c2fb0236f757caa80e13a,delivered,2018-08-19 09:35:34,2018-08-20 11:10:28,2018-08-21 08:03:00,2018-08-22 14:05:05,2018-08-27 00:00:00
845b62fbbe4d5781455b7da5d4989afa,141c3b99aa115d4e6f5daf17fab78656,delivered,2018-08-16 10:45:03,2018-08-17 03:29:53,2018-08-17 12:05:00,2018-08-30 22:41:45,2018-08-30 00:00:00
297e551552467114902e52c9509d4d64,92b41d8cc0de13afd2fed016933b8c8a,delivered,2018-01-26 16:09:05,2018-01-26 16:19:50,2018-01-29 21:54:41,2018-02-05 18:34:59,2018-02-26 00:00:00
3c5aa0dc3566dd7512023da4920de6d3,9f3ba5021e7a34b5e5eb9dc0dbf866a1,delivered,2018-02-01 20:21:45,2018-02-01 20:35:25,2018-02-05 15:05:05,2018-02-09 15:08:43,2018-03-02 00:00:00
06b7df1d1d3dd3e36628fc7078908592,34711868e1dd19543a7394d23b5313c3,delivered,2018-04-28 11:34:46,2018-04-28 11:50:42,2018-05-03 14:32:00,2018-05-04 20:04:33,2018-05-14 00:00:00
6fff8d853d0647fc94776d0cfac0dc79,76ff8620a5c98e0bb71ebd0b2ab97af7,processing,2017-11-06 22:21:20,2017-11-07 07:30:43,,,2017-12-04 00:00:00
b888a76fea30e300ec8c6c53d8033583,684e5b66fff2abf39ee1152a232af462,delivered,2018-01-31 02:13:53,2018-02-01 02:30:41,2018-02-01 19:28:43,2018-02-08 20:38:41,2018-02-19 00:00:00
acfac8c9f94e0be9caa5f1a39e946840,8077a88989887c07d262fc34020d6fbc,delivered,2018-03-24 15:25:10,2018-03-27 04:08:34,2018-03-27 20:04:54,2018-03-28 21:32:23,2018-04-20 00:00:00
de5b9ed8a33e27633d1c4a31445dddd1,b371160fd327e88b578d64afeb088756,delivered,2018-04-20 13:50:27,2018-04-24 18:40:05,2018-04-23 23:10:35,2018-04-30 20:28:28,2018-05-14 00:00:00
b5129d89b2b35c7c038c6e7eb0ae3e0c,fb775d2d77b7985d3d8f096fe90712a8,delivered,2017-10-14 22:54:40,2017-10-17 04:08:38,2017-10-17 18:43:43,2017-10-24 18:41:21,2017-11-01 00:00:00
8616397296bf3ac1cc07c21a5c457894,053fbd86c4da63d8983a3246fc3ae18c,delivered,2017-11-18 16:20:51,2017-11-21 08:06:27,2017-11-22 23:48:50,2017-11-28 18:28:58,2017-12-19 00:00:00
dbdcb70ae949e4cce08f59bfa7e4604b,26d5bedd5fb76310f6bcc9960496668f,delivered,2017-11-26 22:32:30,2017-11-28 03:42:24,2017-11-30 06:14:36,2017-12-07 14:58:45,2017-12-11 00:00:00
9c9434135a5470caf1949e3cbf488d37,ee91aa7ddc7d5f784c3fecc0b553ecc8,delivered,2017-11-16 12:18:00,2017-11-16 12:31:06,2017-11-18 01:07:04,2017-11-21 20:43:02,2017-11-29 00:00:00
12bc94612964e0cd17a45a286899a3d1,3e7b27ea0ed76844746a0aaefdc2b154,delivered,2018-01-06 06:08:40,2018-01-06 06:16:24,2018-01-08 16:25:11,2018-01-09 17:53:17,2018-01-24 00:00:00
a3b53b3e29cbb1eae203156848b4407f,566fb5b0430aa2669f67cf0e0d2af8cf,delivered,2018-06-04 14:42:08,2018-06-05 04:31:13,2018-06-06 13:35:00,2018-06-08 00:07:54,2018-06-28 00:00:00
4fb03ddd24b3d883bf20f5f196c53890,a4e4eb0b5a6fc9aa1839273af0f6406f,delivered,2018-01-16 18:41:05,2018-01-16 18:51:25,2018-01-17 20:27:08,2018-01-20 13:06:04,2018-01-31 00:00:00
c90ef87499ee07a754b9ee41fa82463a,d41f2d4a3324e237b69a1a821ba9ea64,delivered,2017-07-26 16:32:53,2017-07-28 08:45:23,2017-07-28 19:16:36,2017-08-02 18:04:34,2017-08-22 00:00:00
5e1634961496211a38819595cbde5862,e25aaa002dbd4d61f2454849e3cf4e8b,delivered,2018-04-04 20:29:34,2018-04-05 08:10:07,2018-04-05 23:08:56,2018-04-12 23:24:40,2018-04-26 00:00:00
cb4591b9a09b86b55be10a9ea234de8c,1e49d70b227359f77399581bac643bfa,delivered,2017-11-25 09:14:23,2017-11-25 09:33:12,2017-11-29 22:44:42,2017-12-28 23:26:52,2017-12-21 00:00:00
3dbe04fd06c3b63be0dae1902b9013c2,10eb2de5cca510cc1be07bee1a562565,delivered,2018-05-23 13:31:42,2018-05-23 14:14:21,2018-05-23 14:33:00,2018-05-25 17:04:58,2018-06-12 00:00:00
e33ae8b905bb0354b42f585bdfd3ab0d,4eccfbae6ae2126a462a53d2cda99572,delivered,2018-03-07 11:34:38,2018-03-07 11:50:27,2018-03-08 05:12:07,2018-03-28 16:28:48,2018-03-28 00:00:00
a1237d295641cb8fec0be746ab923b79,02bfa7864b9a06a122b976e47a743353,delivered,2017-03-02 09:23:19,2017-03-02 09:35:18,2017-03-06 16:42:46,2017-03-14 16:45:08,2017-03-29 00:00:00
62adfd8a504d828f9dc9c184f2a236b8,a229cd12b1e7e3f996d5dd21e0420f4b,delivered,2018-06-03 19:44:12,2018-06-03 19:55:21,2018-06-04 15:30:00,2018-06-07 22:48:37,2018-07-11 00:00:00
35ed6b2bbd7deca1e23166bbe62f49ca,a548f8cecd44d195d61bcfe24dd880ad,delivered,2018-02-12 20:44:41,2018-02-15 03:47:57,2018-02-19 18:49:54,2018-02-28 22:06:44,2018-03-09 00:00:00
b4fda650261665b8a8e0fd3cd7b00177,84865690c08a970b6f1d9c2afdb44380,delivered,2018-06-15 12:09:05,2018-06-15 12:45:35,2018-06-15 12:59:00,2018-06-26 22:56:41,2018-07-17 00:00:00
9447b988b56b35f2751938d13cac2b43,e15a22961c6f226bcbc487534bd288f4,delivered,2018-04-26 16:12:45,2018-04-26 17:09:59,2018-04-27 14:04:00,2018-05-07 18:08:54,2018-05-17 00:00:00
1b34ffce967c05f131db610cabde984f,829ac87220f69e8e77ce44c3f4110288,delivered,2018-08-08 19:38:15,2018-08-10 03:15:26,2018-08-10 15:27:00,2018-08-14 11:42:42,2018-08-17 00:00:00
d9979ad46266bbd78c21760fd28af8ec,f102a893dd9c1529f6f5e6b9aa9bebaf,delivered,2017-11-24 00:24:57,2017-11-25 03:33:43,2017-11-27 22:28:42,2017-12-07 19:37:00,2017-12-14 00:00:00
d2cebfc5f806510626e7c16ef6413ae8,d61f1bb2f426b1574f8f4542ed70f00b,delivered,2018-05-17 14:48:28,2018-05-17 23:31:18,2018-05-18 11:45:00,2018-05-21 22:34:29,2018-05-30 00:00:00
78d7cdfcab0a42ea5428365d6ad0ff34,6b4b61ebc9f99f1e03209745ac55f447,delivered,2017-05-06 13:36:32,2017-05-06 13:45:15,2017-05-10 16:58:20,2017-05-18 18:56:32,2017-05-31 00:00:00
3679e0339c071380b211099f6dfb8729,4aae2c17ff62c0062f9243a0e7e43976,delivered,2017-06-14 22:20:35,2017-06-14 22:36:47,2017-06-22 06:59:29,2017-07-13 21:27:30,2017-07-25 00:00:00
45740a308b5fc8b1b65daa77e9f6a8a7,bb289a608c37486d57ba8130910b5135,delivered,2018-01-05 20:02:56,2018-01-05 20:12:24,2018-01-09 23:58:47,2018-01-16 17:03:20,2018-01-31 00:00:00
f894a976b2f88c235756d17fde814a4c,e300712bbfeb74952732bfb9a54912e5,delivered,2018-08-20 15:12:17,2018-08-20 16:35:19,2018-08-27 15:05:00,2018-08-29 19:12:33,2018-09-04 00:00:00
81bee7ecbeae8e9b41bef6d41b146b12,e30b9a646ef5cf66d213d172db4d402f,delivered,2017-03-15 22:26:48,2017-03-15 22:26:48,2017-03-21 11:34:34,2017-03-27 18:14:00,2017-04-05 00:00:00
f2bfe3600bb3d144185db9ec70d8467b,fe5127e14a7785cb3c0dc9fec103e878,delivered,2017-08-25 08:18:51,2017-08-29 05:33:21,2017-09-04 18:44:58,2017-09-18 23:09:08,2017-09-29 00:00:00
0227da6a9a5c5d03b593cc9c2bce3463,b27329504d3818ef391c0d13829964b3,delivered,2018-04-11 16:30:28,2018-04-11 16:51:09,2018-04-12 20:35:37,2018-04-17 18:58:47,2018-04-27 00:00:00
e02dfcd5979ef519870fcf1404cbbace,6c9a6cb0e96d599e4bbbf58a8792507c,delivered,2017-09-20 13:52:10,2017-09-21 02:55:37,2017-09-22 19:53:17,2017-09-28 16:42:30,2017-10-11 00:00:00
407ce0da1b714dff0e358c57b4d7bd39,607ecb7e5c06442a5e85f7163b66bbf7,delivered,2017-09-27 16:28:43,2017-09-27 16:49:16,2017-10-02 15:04:10,2017-10-06 21:42:15,2017-10-24 00:00:00
282c19328edcd28ae2d11f5aadeacf8b,b568884bb859574d2fe648a31738788e,delivered,2017-05-05 13:34:12,2017-05-06 02:22:23,2017-05-09 15:39:34,2017-05-12 13:16:46,2017-06-06 00:00:00
32c9341f8db9bec4c2ff5bbb038c0656,74ad5dd7aac0a613b5f84ec54e200aba,delivered,2017-03-28 14:32:09,2017-03-28 14:42:56,2017-03-31 11:44:36,2017-04-04 15:52:13,2017-04-25 00:00:00
d310b23f08b0bb0fc0f040a5b6b285bc,7b3307e35fbe738232601b7b7e8048ff,delivered,2017-10-21 20:46:39,2017-10-21 20:56:45,2017-10-23 19:04:00,2017-10-24 17:33:02,2017-11-03 00:00:00
143557cd5a7387503d5222e9a1efed75,c6a0d9bedb0b91a8a78fcfe6a2512d93,delivered,2018-04-03 09:48:52,2018-04-03 10:30:24,2018-04-04 19:08:49,2018-04-14 19:36:28,2018-04-23 00:00:00
d742bddc595402085620a18950ff762e,18a77aace533d8219827f6a2512ee781,delivered,2018-05-15 11:48:56,2018-05-15 12:31:38,2018-05-15 14:35:00,2018-05-29 14:12:43,2018-06-04 00:00:00
7a8b9a4ee163fa0b06377953101c8085,86cbec283637b077fd976d1696a19c0d,delivered,2018-07-30 12:57:23,2018-07-31 13:30:34,2018-08-01 11:23:00,2018-08-04 13:03:06,2018-08-02 00:00:00
466f73a6394012b9c7cfe801be0c04c3,df52278178b30e303f9b729c40273000,delivered,2017-12-05 23:45:26,2017-12-06 00:38:24,2017-12-07 23:41:25,2017-12-12 20:44:43,2017-12-28 00:00:00
ea37b313540105af4a2ad79718d80d97,04756f0f3b38d2cb48c1cd1644a478f8,delivered,2017-12-29 14:58:22,2018-01-03 04:14:44,2018-01-05 00:39:52,2018-01-13 17:07:07,2018-01-29 00:00:00
7f344d881ecc07068685ad394ed44715,ddde18c40e57d5ef652ddd12059076e3,delivered,2018-08-17 20:15:02,2018-08-17 20:31:02,2018-08-20 15:23:00,2018-08-22 21:11:57,2018-08-28 00:00:00
2736be66db18bfbfdc0c26012e80944b,d97a5aa33003b861353c6e579abd37bd,delivered,2018-01-09 14:03:17,2018-01-09 14:11:43,2018-01-19 21:58:01,2018-01-26 22:18:57,2018-02-06 00:00:00
9e8994e6f853899f834bc1d3c25b1939,bb62bffe600f9e09d2a97b8c261ed5b6,delivered,2018-04-03 22:18:48,2018-04-04 09:48:45,2018-04-04 21:56:24,2018-04-25 18:36:54,2018-05-08 00:00:00
a6b6b5372d64f5e0b7b724335f7e20c2,ae28eee1047abcb8771345d2de080c51,delivered,2018-01-15 14:47:36,2018-01-15 14:57:26,2018-01-18 21:44:25,2018-01-19 20:14:53,2018-01-30 00:00:00
d459a5cd21218ae140bbdf31aea15fa0,9d99ee9ec6f49be593dd454a50eaf8eb,delivered,2018-03-20 19:44:56,2018-03-22 19:55:21,2018-03-23 19:12:14,2018-04-03 00:06:32,2018-04-17 00:00:00
b30abf162ff1730f50b6400bdc32550f,ce68d694e1d4e3354bee31ac4bcb90fe,delivered,2018-02-27 15:10:16,2018-02-28 10:11:20,2018-03-12 18:34:48,2018-04-10 21:51:06,2018-03-22 00:00:00
fb60bfb1c80eb02d4fc8efef7f25f87a,522a6e7c1f1f992ac81be6abefa46294,delivered,2018-04-01 14:23:43,2018-04-01 14:35:12,2018-04-02 18:28:43,2018-05-09 17:03:22,2018-04-26 00:00:00
a7ee1f8963042a28d8482aeebeb24c4d,3a546060d84e8050f147b290881a2b27,delivered,2017-11-27 18:30:23,2017-11-29 02:18:41,2017-12-01 16:55:04,2017-12-11 20:17:13,2017-12-15 00:00:00
f1a60fde98a0334e64d547ff9976c76f,096b8c4d4856603e88a3cdb921a92aa3,delivered,2018-08-03 10:35:46,2018-08-03 10:45:17,2018-08-06 09:53:00,2018-08-09 21:53:39,2018-08-13 00:00:00
885c32207686ca2c0028eb4ca6a37535,ab53afe6074c85742b3b868398fbfeb3,delivered,2018-02-26 23:04:12,2018-02-26 23:15:34,2018-02-27 21:54:39,2018-03-11 19:38:35,2018-03-21 00:00:00
230470802c07f69d8696c62d51514126,f333187072628dfa94224d22f31cd611,delivered,2018-02-12 19:09:39,2018-02-12 19:48:08,2018-02-16 22:47:55,2018-02-23 02:23:49,2018-03-06 00:00:00
580a7a884de79afc29f68de2c148240a,bbbef3f2ab06a8af0384658f6480271f,delivered,2017-03-07 16:46:41,2017-03-09 02:50:31,2017-03-10 13:28:54,2017-03-16 14:40:29,2017-04-03 00:00:00
2a400780d5bb01c0093169085cd3edbd,065980c7bb4853a9ff23199ac044171c,delivered,2018-07-10 21:22:55,2018-07-10 21:35:25,2018-07-11 15:06:00,2018-07-13 23:48:32,2018-07-18 00:00:00
58fc7929e8fb79aa684a3334b80b757a,3fd18f2496aab6505387b5d25ba1594a,delivered,2018-07-28 13:14:25,2018-07-30 08:31:33,2018-08-02 15:43:00,2018-08-10 02:10:39,2018-08-24 00:00:00
e7880483473ee0eec85a50d7052cde61,be3862982671bf7ff18268ab9f4cd585,delivered,2017-11-24 10:59:58,2017-11-24 13:14:50,2017-11-27 10:44:32,2017-12-12 18:33:29,2017-12-19 00:00:00
52124b2a6a249e07cddaaf1950ce0620,a1bd96237eeff7e2197e6f322f0aa6a9,delivered,2018-06-20 17:33:15,2018-06-22 02:59:07,2018-06-22 12:46:00,2018-06-28 19:26:35,2018-07-26 00:00:00
76b7b4a37af9d49cd67082d0c263aad2,826bf29c634f183c732d4c5794e10533,delivered,2018-05-09 10:38:46,2018-05-09 10:55:24,2018-05-10 12:38:00,2018-05-14 15:42:29,2018-05-18 00:00:00
c6343db6c1801f9c3301166f02931116,30f840412466fa26e5c035e1ad1fdec3,delivered,2017-12-05 11:14:58,2017-12-05 12:01:44,2017-12-08 20:46:55,2017-12-18 18:59:14,2018-01-03 00:00:00
e82d53d269948c3c4b7bdd5f15a5db0f,2ff7c4672a0be98588ba196d51894223,delivered,2017-12-10 19:07:16,2017-12-10 19:16:18,2017-12-11 18:07:06,2017-12-14 19:52:10,2018-01-04 00:00:00
316d34d7998d35ca148e02a9a5611307,c57a20841f0336a275242ccdd9325c79,delivered,2017-11-29 18:11:38,2017-11-29 18:37:12,2017-12-01 00:08:52,2017-12-02 12:23:10,2017-12-13 00:00:00
ed3646c08c3440dfcf19f92588bf1ff1,05ba9928545f8c5a3c8c253aab879636,delivered,2018-03-12 14:47:15,2018-03-14 02:48:50,2018-03-16 19:14:02,2018-05-03 15:47:35,2018-04-03 00:00:00
1266f3e39be1dedd482da8b623328821,7aa906a456a94b0dd1b0eaaddc0e8d50,delivered,2018-04-16 21:19:23,2018-04-16 21:31:36,2018-04-17 20:38:42,2018-04-23 19:58:39,2018-05-21 00:00:00
9fdb1b24653d3cc7364ea12176298def,c0dd0121372b491d2a57a4d743ed7902,delivered,2018-06-15 07:57:27,2018-06-18 11:15:38,2018-06-18 13:13:00,2018-06-26 20:32:41,2018-07-20 00:00:00
1c31afd294c1f1247b7d61bd29296562,9c6abc7c0624fcc2295bb3786e8bee58,delivered,2017-10-22 18:12:26,2017-10-22 18:26:01,2017-10-23 21:42:26,2017-10-26 21:33:53,2017-11-14 00:00:00
75bebba86d45df61519f29d7b6707e2d,cadadf5fe2342288eba6886d54fd9743,delivered,2018-04-15 16:05:55,2018-04-15 16:15:29,2018-04-17 18:31:51,2018-04-18 18:19:16,2018-05-03 00:00:00
8ccf9f0aa61387140e1e58cff856f9e3,9a678ec11dfb61641f0abec1fef233a1,delivered,2017-04-19 14:52:12,2017-04-19 16:02:10,2017-04-20 09:35:30,2017-05-12 13:47:18,2017-05-23 00:00:00
3517e73d0edbc9c46ef7044cbfe14bc5,f8f7b17e8ba1e329a55239528ef46dd6,delivered,2018-06-09 12:14:42,2018-06-09 12:35:18,2018-06-19 14:13:00,2018-06-27 10:51:48,2018-07-18 00:00:00
7729dd457f2649c804b02f610b54acc7,cb7abe29d70c37edc3703a61ccc849e7,delivered,2017-04-01 21:41:53,2017-04-04 05:55:31,2017-04-06 13:46:49,2017-04-20 17:26:34,2017-05-05 00:00:00
f3995b1ff5cd6d29f4abc7636a65b2d2,2dd057896c2e8f2fa7ec3bc599bdb84c,delivered,2017-11-24 13:37:35,2017-11-24 15:52:25,2017-11-28 18:23:12,2017-12-15 19:47:47,2017-12-19 00:00:00
5e2d5a12419379ae165fd3596839a3cb,a59f009bdf8cbb72ebdee3164a852850,delivered,2018-05-01 16:33:19,2018-05-01 16:55:23,2018-05-03 13:26:00,2018-05-09 18:55:43,2018-05-29 00:00:00
267f42757da398f66b0cc956f501f29d,045d1980b25d907232ab04bab9299c82,delivered,2018-03-27 16:37:34,2018-03-29 14:50:10,2018-04-02 21:05:06,2018-04-12 00:51:28,2018-04-17 00:00:00
c17b02295ec6b4123fc72d0fa23f97d1,a553fc3da086e1b8754b66334d280126,delivered,2017-11-26 21:14:18,2017-11-26 21:32:59,2017-11-28 21:28:34,2017-11-30 22:35:09,2017-12-11 00:00:00
60f3f9491829925ea17e99fb1f84f992,661cda2d3d98e413f60a234cc9e86ac1,delivered,2017-10-07 13:19:34,2017-10-10 03:49:32,2017-10-10 19:32:38,2017-10-18 22:38:47,2017-11-01 00:00:00
7a3d9b3ab1e5b13b14eb818050343b5b,6400436c2f08333637b0cf1b769dd334,delivered,2018-08-16 10:24:31,2018-08-16 10:35:24,2018-08-16 14:05:00,2018-08-27 21:38:30,2018-08-30 00:00:00
18ca340d8c5cef7fba3c9c18efce43e9,430b306580959c99c25a228924eaede0,delivered,2017-02-17 14:18:10,2017-02-18 03:05:21,2017-02-20 12:32:42,2017-03-02 14:41:38,2017-03-20 00:00:00
c8223ab24b18df53e6a37eae1fd69d48,74c8a024a6cee2c76e1c680e2dd69812,delivered,2018-08-04 15:38:44,2018-08-04 15:50:10,2018-08-06 16:56:00,2018-08-09 18:42:47,2018-08-15 00:00:00
170080bcc0fb2580b853e32c5c579d5f,8a949fe0749c057027c613015058fc3d,delivered,2017-05-24 10:12:26,2017-05-25 14:25:13,2017-05-29 09:47:51,2017-06-30 16:32:46,2017-06-22 00:00:00
19f96944a3a31111c47399caff25b6f6,9e1662e854cefe332c59a11639d9d6ef,delivered,2017-07-10 13:33:17,2017-07-10 13:45:10,2017-07-12 13:27:53,2017-07-14 20:19:49,2017-07-28 00:00:00
087692f9f84c65ed1560e4a3b97d5c21,72dc419d76a248bf7709fccefbf4731d,delivered,2017-05-27 23:26:40,2017-05-28 02:22:13,2017-05-29 13:10:59,2017-06-05 18:59:36,2017-06-21 00:00:00
c2424b5cd017dc43ffd92e663d7b5dc3,cbe7c2595a96cb0f70167fe45897e695,delivered,2018-03-14 21:01:23,2018-03-14 21:10:33,2018-03-16 20:28:49,2018-03-20 20:48:45,2018-03-26 00:00:00
fce649f14bdae4f2218fbc00a107d195,23edaa86a959b86055683d5e6c3019df,delivered,2018-03-07 02:29:21,2018-03-07 02:50:31,2018-03-08 20:53:53,2018-03-23 00:45:43,2018-03-29 00:00:00
8372528167731e5a127082e227a47b09,2de946ee0a6b22fa3abb7500a012951b,delivered,2018-07-02 22:52:22,2018-07-02 23:10:39,2018-07-03 14:16:00,2018-07-12 21:36:45,2018-07-26 00:00:00
d806cef0dbcf2273fe3d4a339e0c74f5,469f555f7e94adb0a388be1d4088aa04,delivered,2018-06-17 21:16:19,2018-06-19 03:36:33,2018-06-27 10:54:00,2018-07-02 20:17:52,2018-07-16 00:00:00
29656da67c9da8377949302afdef7c69,a148e2b4c1e1cb2caa7a4ac90df90d23,delivered,2017-02-06 20:09:07,2017-02-06 20:22:08,2017-02-08 17:27:24,2017-02-13 23:57:41,2017-03-03 00:00:00
de37b7488e95fba972323b74d3a0f68e,c898082674193b02c192ec57dcbd5fa9,delivered,2018-06-04 07:51:02,2018-06-04 08:10:15,2018-06-05 14:54:00,2018-06-06 20:38:25,2018-06-28 00:00:00
7ce9dd1f5bc5528e790443458f027433,7ea3bd65e6c54379467e22d1a7401993,delivered,2018-08-10 19:57:27,2018-08-10 20:10:19,2018-08-13 10:05:00,2018-08-20 20:46:53,2018-08-27 00:00:00
1135fd6920dbadb0eff2071674ab2808,36b710e04ceac22c8b99c01188a05da7,delivered,2018-05-31 16:40:58,2018-05-31 16:53:17,2018-06-05 09:22:00,2018-06-14 01:16:49,2018-06-29 00:00:00
2199eb036d812a867e2b1e1dc7434366,048de0c58d1e0162415cff6a34e2df65,delivered,2018-05-29 16:16:19,2018-05-30 02:15:13,2018-05-30 14:06:00,2018-06-03 14:26:32,2018-06-25 00:00:00
4d9b3932e6baf037f736be12e0a936b3,de5c5a9aa928398a097ba036b0e0b99c,delivered,2017-12-09 20:14:06,2017-12-09 20:30:42,2017-12-11 16:51:51,2017-12-21 21:56:41,2018-01-12 00:00:00
1f7b5e833440aeaa3910ce10e03351f5,9fd11a8203e2f396c2895955ae13e1ec,delivered,2018-02-10 11:05:40,2018-02-15 04:11:21,2018-02-15 16:27:41,2018-02-22 20:42:30,2018-03-13 00:00:00
016706d732e79b49035275c048edb2c4,d92a41fae88c9a36d012a5fa35c51b09,unavailable,2017-10-13 09:15:09,2017-10-13 09:28:16,,,2017-11-06 00:00:00
36f00f5d4fdfd85a9efdf83931e3a47e,18e81821d7e7326070a3cf464c4822bb,delivered,2018-01-23 13:24:10,2018-01-24 02:52:37,2018-01-24 16:12:38,2018-02-02 17:58:29,2018-02-15 00:00:00
09a72b0eeb69a0a5727d321f51fc313b,34bbac251335dc86473eb6b1842316fc,delivered,2017-07-29 01:03:42,2017-07-29 01:15:09,2017-07-31 17:43:37,2017-08-08 17:23:37,2017-08-24 00:00:00
caadb6f85ad7ef6bc72a66e1724c1313,2084c4ddba426d6a80f9d9649146f310,delivered,2018-05-10 17:54:19,2018-05-10 18:18:13,2018-05-22 05:51:00,2018-06-14 20:59:38,2018-06-07 00:00:00
417996696d91e1f74fe36c995ab65b97,943fcdf63bb3f4757a902d8837c2dabd,delivered,2018-03-08 09:35:56,2018-03-08 09:48:52,2018-03-08 20:22:31,2018-04-07 19:32:29,2018-03-29 00:00:00
531b7ebd1fe920da63f51af4667a7962,c1b3abc0f5a34a1b1bf279c0e3697621,delivered,2018-08-02 17:08:52,2018-08-02 18:00:06,2018-08-03 13:21:00,2018-08-07 10:55:04,2018-08-17 00:00:00
5d3e1dc4bcf34ae3292fdd4dfb5c65a9,3a79e64decb3ffe215a91a9fd8989abc,delivered,2017-10-28 20:57:29,2017-10-28 21:10:14,2017-10-30 18:20:07,2017-11-08 18:51:52,2017-11-28 00:00:00
95d31d53ccc53bca2c13fcd535d67526,345243f3e37e32114d9cf17eb7a11c29,delivered,2016-10-07 14:40:45,2016-10-07 14:52:25,2016-10-15 12:33:31,2016-10-18 01:37:54,2016-12-05 00:00:00
e471b8e7eaa8fd21277e359033828817,6f48e6b45dd4260e3067e65407358d65,delivered,2017-12-04 18:51:11,2017-12-04 19:45:06,2017-12-07 23:53:02,2017-12-14 01:22:43,2017-12-26 00:00:00
70b75df86796df4d056233068a1712c2,45bbf2eff4f2ac65e54fadd264cddd18,delivered,2017-09-05 19:13:19,2017-09-07 02:44:30,2017-09-08 20:13:45,2017-09-19 17:28:11,2017-09-27 00:00:00
5c6d04d4860d065452c6ea2d2c82e114,37ec9c358c076750b0dac910c9d10b61,delivered,2018-03-07 22:37:13,2018-03-09 09:49:23,2018-04-04 18:26:26,2018-04-10 18:36:51,2018-04-03 00:00:00
97faaf59adcfe5fa3297328ab6ace15d,4f378face3cd0133931de16d0a2658aa,delivered,2018-07-11 10:13:01,2018-07-11 13:05:59,2018-07-18 12:50:00,2018-08-14 18:17:25,2018-08-23 00:00:00
71c7839f5c8ada2b0bb433d9b1b60068,756df680811a9c9014e16ae1aff17c42,delivered,2017-08-07 14:21:51,2017-08-07 14:30:10,2017-08-09 12:20:04,2017-08-18 17:07:46,2017-08-30 00:00:00
28d0d98e542f0409627c3717348339c4,0a41d003cc1f61f988e15625679c1d67,delivered,2018-03-07 16:04:04,2018-03-07 16:49:49,2018-03-09 02:58:37,2018-03-13 16:33:24,2018-03-20 00:00:00
7898e04c6122e0ceb6ad07f8707bb415,3a42ca312f7f0cbfb87a67d79c8b3921,delivered,2017-11-24 23:59:34,2017-11-25 02:54:31,2017-11-28 18:18:53,2017-12-10 18:57:06,2017-12-22 00:00:00
ccd1fa6b2fb4f0a8262c3ee88f72f383,9897b1260eba6de6f2c39be231ad0d71,delivered,2017-12-07 10:17:18,2017-12-07 10:30:29,2017-12-07 21:37:11,2017-12-12 17:35:10,2017-12-26 00:00:00
43e1469a7223634749c63daf05d5553a,aba4b03424668feae599fff4122142c8,delivered,2017-11-11 09:56:10,2017-11-11 10:10:20,2017-11-16 18:11:58,2017-12-02 19:35:11,2017-12-18 00:00:00
954399f1952a1ac05b51b69077de29d1,15d8866bdff8acb852e44d4702f27373,delivered,2018-02-02 01:37:46,2018-02-03 02:52:44,2018-02-07 17:18:28,2018-02-22 18:33:42,2018-03-15 00:00:00
2eecb0d85f281280f79fa00f9cec1a95,a3d3c38e58b9d2dfb9207cab690b6310,delivered,2017-02-17 17:21:55,,2017-02-22 11:42:51,2017-03-03 12:16:03,2017-03-20 00:00:00
54a8822ca8bfc9d79e1154a2e20221e0,b2bc30625c47b506516778f17725b728,canceled,2017-11-26 20:08:06,2017-11-28 02:58:21,,,2017-12-14 00:00:00
15afbf609dd4b962f2ed68c5087be876,8427ca53c48be26194ac72c1962da013,delivered,2018-05-04 16:13:34,2018-05-04 16:30:31,2018-05-10 14:26:00,2018-05-21 14:42:22,2018-05-28 00:00:00
6c0f95353e3e9b3daa3a9521da645453,63f4a2ba7c372c3a4d5c1a0069ca3714,delivered,2017-07-24 02:41:57,2017-07-24 02:50:09,2017-07-24 21:05:35,2017-07-26 10:47:39,2017-08-04 00:00:00
2c4f5cefa855c3a4364d2387792c324e,f27df48fd090051b3bf751412df387fc,delivered,2017-04-19 22:03:31,2017-04-19 22:15:17,2017-04-25 12:22:08,2017-05-02 17:23:39,2017-05-16 00:00:00
b4dcd6f9c2f41108f2d0136a41410392,c40e9d72eff95392ca66c567b6b6c8ce,delivered,2017-08-07 22:11:36,2017-08-08 04:23:42,2017-08-08 20:18:21,2017-08-15 19:16:40,2017-08-25 00:00:00
f81cffddbb8c9cf0ccdd3a5a4161aa64,88249ff04a01057d1b13027553b56207,delivered,2018-06-07 12:47:10,2018-06-07 13:17:40,2018-06-18 12:53:00,2018-06-21 13:56:31,2018-07-12 00:00:00
ba637f1313bd8698cc716a61d76c8bd0,56e1e5a7f467ba40dcc0b968343753d4,delivered,2018-01-11 14:54:35,2018-01-11 15:10:01,2018-01-16 01:28:24,2018-01-18 22:47:15,2018-02-02 00:00:00
dff4ec81cddf051671aa0402bb29fd3f,1a5841907fd5c4afee9a16251851b907,delivered,2017-07-20 15:33:17,2017-07-20 15:45:17,2017-07-25 21:47:45,2017-08-07 17:28:42,2017-08-15 00:00:00
876152d8704a9cb49112a5def3cce455,be77e8a5b1453794a5dcc942bcc499fb,delivered,2018-08-24 22:12:42,2018-08-24 22:25:16,2018-08-27 10:46:00,2018-08-28 16:16:45,2018-09-06 00:00:00
d60f3552bae079e5ca539727400d118e,559374e587209748ef4a67f367483120,delivered,2017-11-27 19:28:04,2017-11-27 19:56:59,2017-12-01 19:27:05,2018-01-12 22:58:47,2017-12-27 00:00:00
1b707b39012c0b3ca09069f1063a8811,ea4ce184325c971385abaa7ee281396f,delivered,2017-12-14 10:24:21,2017-12-14 10:37:24,2017-12-20 17:56:59,2018-01-12 23:43:15,2018-01-09 00:00:00
6cf51ab464bdd9f7b282f5fe72391383,6b8d0ddc6f0be6c4895f69fae60edf2f,canceled,2018-02-27 22:43:39,2018-02-27 22:55:52,2018-02-28 20:07:53,,2018-03-13 00:00:00
cd61f9e20298dcb30d7e824cad10949b,91401b6902c2d084a9a8f077fde8c060,delivered,2017-10-11 17:39:17,2017-10-11 17:56:13,2017-10-16 18:34:01,2017-10-27 17:45:41,2017-10-31 00:00:00
386a88e490a4759d81f9ecf8942a1150,c1db54e715e7995eff3fc96422c8e71e,delivered,2018-08-13 21:49:33,2018-08-15 03:25:23,2018-08-15 15:22:00,2018-08-17 00:34:31,2018-08-20 00:00:00
a24f325e05191fa74f745a0e89ea6d11,519542900c634d41ebd3fe64f8c59d84,delivered,2018-03-21 09:47:55,2018-03-22 02:55:27,2018-03-23 17:27:00,2018-04-11 19:12:52,2018-04-19 00:00:00
8ac2728285fd4228f35d907768b5288a,6b5e281c1563241783deb3a2636daa28,delivered,2017-03-08 14:09:17,2017-03-08 14:09:17,2017-03-09 15:15:33,2017-03-13 07:32:42,2017-03-29 00:00:00
66a5c9d33ec9b0db1d894e4812a0f941,f98cdffacc5847672a105d211b01d431,delivered,2017-03-23 19:28:24,2017-03-24 02:43:47,2017-03-24 16:16:55,2017-04-04 16:20:00,2017-04-26 00:00:00
2b27a6490066b855ca14a5f5e0406807,3c8bc1bc6d0d4cc2170208531e2df287,delivered,2018-02-02 18:42:02,2018-02-02 19:31:13,2018-02-05 23:24:42,2018-02-14 15:27:51,2018-02-26 00:00:00
c180750dc2be09c0bc60d30320fba7f7,0378c78abac293e3a4ed8c985e518181,delivered,2017-08-29 22:34:49,2017-08-29 22:45:38,2017-08-30 20:27:58,2017-09-01 18:38:01,2017-09-15 00:00:00
8f28f1dcfe373e3adad096ae2108087f,3991580304cafd33a90e2d58755279bd,delivered,2017-12-12 20:01:00,2017-12-13 02:34:22,2017-12-13 15:57:36,2017-12-15 20:58:50,2018-01-03 00:00:00
ba768e4d1d182da3fab71c3efbeaa5e8,aecb3918cf2f62e34fc440367c055dee,delivered,2017-09-13 13:16:23,2017-09-13 13:37:49,2017-09-15 01:03:50,2017-09-20 22:08:04,2017-10-04 00:00:00
5c718680646ca12b84c0a2444a419672,37098be74171b0af49d96a681ca372b5,delivered,2017-08-26 15:50:11,2017-08-26 16:04:38,2017-08-28 13:44:56,2017-08-30 20:05:52,2017-09-14 00:00:00
003a7f59d7e08a9c61d9e2881fe6459c,f7838e5eeb3271df42376952e651e403,delivered,2018-08-19 12:51:50,2018-08-20 11:49:46,2018-08-22 12:04:00,2018-08-27 22:32:15,2018-08-29 00:00:00
33849c570f8e3e77b1d178d64ceb425f,2a05cf4f64b566c39a63f84314e9f336,delivered,2018-05-08 11:19:42,2018-05-08 11:35:40,2018-05-08 15:33:00,2018-05-16 23:38:30,2018-06-06 00:00:00
9550c6dde457784adf6688cea59cd6b8,5459ad3a59231e5ad6fe0d220931743a,delivered,2018-08-01 12:52:42,2018-08-01 13:24:34,2018-08-10 10:55:00,2018-08-13 15:28:49,2018-08-06 00:00:00
27603f7440db0e3082ea4fc08a05315d,5eab478250ae05c60e083c9ab5dddc88,delivered,2018-01-14 23:08:50,2018-01-15 22:58:26,2018-01-17 18:18:40,2018-02-02 23:22:40,2018-02-09 00:00:00
110e9fcc6899b6a4d7e300e8b987dc45,332edb33f8fbaa91e920ed3474865c7b,delivered,2018-05-15 15:34:36,2018-05-15 15:56:10,2018-05-16 14:14:00,2018-05-17 19:48:28,2018-05-28 00:00:00
a402af38a74c44926247db438245d95c,3ba47b09546c2da91ef141efce2d5888,canceled,2018-01-30 22:12:10,2018-01-30 22:34:14,,,2018-03-06 00:00:00
b926487e2247dc151723b4c67a252eca,5ac19c3b740b65939c035201ead9bc04,delivered,2017-07-27 10:15:39,2017-07-28 08:35:28,2017-07-28 20:17:29,2017-08-03 22:05:17,2017-08-18 00:00:00
9da2ef3ac1a6d4e6140835f3ba6e3f86,5445838dbccbe82afc8f04893d954fdc,delivered,2017-08-03 21:24:07,2017-08-03 21:43:21,2017-08-04 18:28:54,2017-08-14 17:12:54,2017-08-25 00:00:00
652feb1d4ad368d93e848e3e211445e1,51413f058e230f8746d80916d2036794,delivered,2018-07-19 20:59:37,2018-07-19 21:10:09,2018-07-25 14:08:00,2018-07-26 13:09:04,2018-07-31 00:00:00
080d1460c228aebf236ed5800edce044,6c7a5e32a79b013a97a9f9421fc18349,delivered,2017-12-22 12:38:56,2017-12-22 13:21:41,2017-12-22 21:09:30,2017-12-27 20:13:39,2018-01-24 00:00:00
2fccad1e95e778fa79931174307b0ed8,e80320e34553c3014934217f51e1ed74,delivered,2017-02-21 13:45:39,2017-02-22 06:45:18,2017-03-01 15:34:11,2017-03-08 13:05:20,2017-03-20 00:00:00
4ca7c5fc206f2f243a5cdfd1e32a614c,4a33612c0b32f7a2e91deaea2a05bda9,delivered,2018-04-22 13:38:03,2018-04-24 18:59:06,2018-04-26 09:26:00,2018-05-08 22:21:59,2018-05-17 00:00:00
7a35387c416ab539ef45773ebacc4993,3069ea492e72b967405163189ad0c29b,delivered,2017-09-28 16:36:18,2017-09-29 16:44:25,2017-10-02 18:32:54,2017-10-10 19:04:57,2017-10-31 00:00:00
3fa6a4cd68d1e2c5df53b8ba3226c787,1966bc82aac018dbe08a465f91380268,delivered,2018-02-03 09:26:20,2018-02-03 09:35:26,2018-02-06 03:24:51,2018-02-16 21:25:06,2018-03-05 00:00:00
87d65accbbf482b8a87bd13bb444cf6d,6c9fa2988ebdbc1b1af97d9f21e7ad37,delivered,2018-03-06 15:57:28,2018-03-08 02:50:29,2018-03-08 21:11:27,2018-03-14 21:28:46,2018-03-26 00:00:00
4f47a3029d8fccc7276b8545bb5a9869,5614cf67ab985e69efafd08bd72381ea,delivered,2017-12-06 12:06:56,2017-12-06 12:14:22,2017-12-06 22:54:57,2017-12-26 22:09:47,2018-01-04 00:00:00
9e67cdebb306f743bc4e3b1064f93cf7,731708c8269d67ef551a1ae4ab8e31a0,delivered,2017-11-09 14:25:15,2017-11-11 02:50:49,2017-11-14 22:11:54,2017-11-18 00:54:51,2017-12-01 00:00:00
c9b32e9554b777f810bdc8c33940c026,18757aadf2e55a3b1e981cf6fab87060,delivered,2017-11-14 15:30:27,2017-11-15 03:06:46,2017-11-21 15:11:53,2017-11-22 20:57:00,2017-11-28 00:00:00
34cb1fc28cf67c101ee4d59b0c18da33,774e66e7cd6a8969c433dc0961ebce0e,delivered,2018-06-10 21:54:01,2018-06-10 22:17:26,2018-06-11 14:15:00,2018-06-20 18:56:55,2018-06-29 00:00:00
81352f62b2d216f1f6a45bcbb978b078,d531a466916c3e5000d9464bce50c199,delivered,2017-07-01 11:26:53,2017-07-01 11:44:08,2017-07-04 14:13:36,2017-07-18 22:09:50,2017-07-21 00:00:00
e15b3b93174a7c20a233c102141b99fb,078415c4440d0cd9dd8c03392d3effdd,delivered,2017-07-21 19:58:21,2017-07-25 03:25:45,2017-07-28 11:55:42,2017-07-28 20:59:28,2017-08-24 00:00:00
83d78ffd61cb34b5f854656ddc143e9b,15c880e1f17fc30eeba82fa03a5446f7,delivered,2018-02-23 09:34:01,2018-02-23 09:49:20,2018-02-28 21:33:32,2018-03-07 19:33:34,2018-03-16 00:00:00
a9371d84972a342ce1cbfc0343d3518f,163177629004a65178fbab8c502d2637,delivered,2018-07-28 00:16:50,2018-07-28 00:30:14,2018-07-30 12:24:00,2018-08-04 10:58:43,2018-08-17 00:00:00
564ccac4c7cea879f88b17f29a6be374,b743a658d4ecad5f8722c115d28e3fc4,delivered,2017-06-25 22:48:33,2017-06-25 23:03:01,2017-06-29 14:05:44,2017-07-03 11:03:29,2017-07-07 00:00:00
248ecd132184e324749f7a4d42724ef0,4ad4f929392158a3bb76b3ec02a751b2,delivered,2018-08-17 18:10:22,2018-08-17 18:29:57,2018-08-20 16:15:00,2018-08-24 20:56:42,2018-08-29 00:00:00
59bdbeeec9cd5173e5b9e86dcb9bce0c,59dbe9e4aea059ebf67868310b2ede71,delivered,2018-04-30 10:40:08,2018-04-30 10:55:08,2018-04-30 14:43:00,2018-05-07 19:38:43,2018-05-23 00:00:00
a977d2aee8b0f8204693983195733cf9,fa807c8cddc512419cdf33e56c888386,delivered,2017-04-24 13:29:52,2017-04-24 13:45:08,2017-04-25 11:35:32,2017-05-15 14:51:30,2017-05-25 00:00:00
ab8e5f9b860cd703f5f647200c2c7b58,ddd605e2739b3dfa7ad248ba164ff869,delivered,2016-10-06 09:07:52,2016-10-06 15:53:38,2016-10-21 14:23:38,2016-10-31 21:42:17,2016-12-02 00:00:00
18a4fa1a7c0e324a18cc81cdf6bc577a,205d4f622d324f38b03da47cbf79e486,delivered,2017-07-27 20:29:40,2017-07-28 08:35:43,2017-07-28 20:34:36,2017-08-02 16:10:41,2017-08-17 00:00:00
d66deb9ded8ffbd8ef4850522ad8fec6,8979bc6d19e57fce199b1fe679182ab5,delivered,2017-06-30 09:28:58,2017-07-01 04:43:23,2017-07-04 11:37:52,2017-07-17 21:16:06,2017-07-27 00:00:00
17421d31a07ce8e9c61fe6b1adecfdaf,6c3eb82bd1bc98eeb319254fdb38a2da,delivered,2017-07-21 08:26:00,2017-07-21 08:35:18,2017-07-28 11:02:39,2017-08-04 19:41:14,2017-08-24 00:00:00
e8e4a765ce457977a526f6caa4de22dd,e29cc4f41448009e410f26c706020fce,delivered,2018-06-10 16:33:02,2018-06-10 19:12:18,2018-06-11 12:21:00,2018-06-21 17:32:04,2018-06-28 00:00:00
4cad943ab8ba8479347dd102125fa87b,6e9b72d0362c6e0175d0fe1ee39a154d,delivered,2017-02-12 15:08:08,2017-02-14 03:35:17,2017-02-22 14:40:19,2017-03-07 17:35:18,2017-03-15 00:00:00
661c8a36c0c5bbdddda480a9fd23bbab,df3dd6b7e12b41b1a53e5a11a8abd8b9,delivered,2017-11-19 15:30:16,2017-11-20 15:38:55,2017-11-22 23:36:47,2017-11-27 19:54:37,2017-12-12 00:00:00
b45218774c4d91e22ffd4165c0cbcc38,839c458c99f7ce55009781ef0a7b3300,delivered,2018-02-17 18:05:16,2018-02-17 18:15:30,2018-02-19 10:04:40,2018-03-09 21:09:45,2018-03-14 00:00:00
455dbd3c7fa4666ddb7b723bbdd09076,a795ca8f50c98471104ae8cbbea6eef7,delivered,2018-07-16 23:19:46,2018-07-16 23:30:19,2018-07-18 14:20:00,2018-07-21 17:44:44,2018-08-03 00:00:00
0ad02b6f33a90fe5d09e0b416287857f,6b0741b9cab6fa1a27692db25bb28610,delivered,2018-05-09 23:13:39,2018-05-09 23:33:32,2018-05-12 08:09:00,2018-05-23 18:08:42,2018-06-06 00:00:00
ba97c57ecadaf7dafa0a372f38210d0c,0b23254194f2cb64d9fba926fc891d83,delivered,2017-07-05 20:07:33,2017-07-05 20:23:17,2017-07-06 12:56:46,2017-07-07 19:15:21,2017-07-18 00:00:00
eafabcffc7f9fa583030d9cc7210741c,c2f6b4196d139aa5409a0f4fa60d9d0f,delivered,2017-07-09 21:47:43,2017-07-09 22:03:30,2017-07-10 16:43:54,2017-07-14 16:25:40,2017-08-01 00:00:00
4edc23a0671e228fe1707a4783161ce7,e338267bc4da781c0ad9ff4f43f0420e,delivered,2017-06-26 17:42:41,2017-06-26 17:50:16,2017-06-27 15:06:16,2017-07-04 12:11:41,2017-07-18 00:00:00
2581fb50a626be9c524173007c799147,363dddbc708c46ffbd3d3860c79a54da,delivered,2018-05-10 15:14:04,2018-05-10 15:41:17,2018-05-15 17:14:00,2018-05-22 20:18:35,2018-06-01 00:00:00
4e74f6c3c70d626486d9b6b36f15c595,c4d7a6e0c977031788582eee2aec876b,delivered,2018-06-11 18:08:42,2018-06-11 18:41:26,2018-06-12 15:16:00,2018-06-14 16:56:01,2018-06-20 00:00:00
625e91d127eb863196f2a6c017b30203,a2ac4f1a485abd7571b0a0472889e71c,delivered,2017-11-27 16:51:31,2017-11-27 17:19:42,2017-11-28 16:12:49,2017-12-04 23:08:59,2017-12-18 00:00:00
3fcc23281e8679bfb293a37d2fd3eeb8,3afd83b96ff63cd65d69405b42b48738,delivered,2018-02-28 16:51:30,2018-03-01 02:35:39,2018-03-06 15:42:02,2018-04-04 19:51:57,2018-03-22 00:00:00
09ba762d7b29d3771a788d7d039159fa,124b8498222b87507f630671dcf95385,delivered,2017-03-01 12:54:25,2017-03-01 13:05:14,2017-03-08 15:43:17,2017-03-17 15:25:18,2017-03-24 00:00:00
0d370d75f8fb57f4a7a8c9fc64d2a855,f57d49522c654b465c26e0cdf392fea6,delivered,2018-01-12 21:10:46,2018-01-12 21:28:36,2018-01-15 17:12:12,2018-02-19 19:36:44,2018-02-09 00:00:00
ffdda91cd98d69f6be1cd352e4447b8e,b9b441696ae97a6a6d884f8240949ab7,delivered,2018-06-03 13:43:44,2018-06-03 13:55:16,2018-06-04 13:49:00,2018-06-13 18:56:35,2018-07-11 00:00:00
f9a5ad74c3deced30894f938bb3ffd31,aeb21ed20c0292f90900c640ab96970c,delivered,2018-08-22 18:27:32,2018-08-22 18:35:19,2018-08-24 08:18:00,2018-08-27 10:41:16,2018-08-29 00:00:00
61f46021dc3392729c54f0a596a63383,4c45abaf37f93be768571ba788af0c15,delivered,2018-06-05 22:10:39,2018-06-06 22:12:20,2018-06-14 08:42:00,2018-06-19 21:56:55,2018-07-25 00:00:00
0352f2ba09b99ccae0751e133332a46b,dcc8ace10ad125aac51ed330d021e0eb,delivered,2018-07-21 10:19:35,2018-07-21 10:30:15,2018-07-23 15:04:00,2018-08-04 15:24:32,2018-08-08 00:00:00
a86ccaef13b7ca889ab8b7076629a748,5af04986a0f47f6672a6abf7a0bf2f9b,delivered,2018-07-09 09:40:23,2018-07-09 09:55:42,2018-07-10 14:03:00,2018-07-13 20:42:51,2018-07-25 00:00:00
098fd8628d7e76c7dfb58d651899ff39,075167012e0a7a0c8e33443f75b1a473,delivered,2017-10-05 15:46:56,2017-10-05 15:56:22,2017-10-09 15:58:25,2017-10-18 19:27:09,2017-11-07 00:00:00
f833d8d9545ff013eca8b27c59c3d554,ea4b8b06045d157d4c93c1336a63dea9,delivered,2017-10-24 10:27:52,2017-10-24 10:49:35,2017-10-24 20:42:32,2017-11-03 21:14:58,2017-11-13 00:00:00
e7769dad49f530a8ef12ff975719c27f,d428a3e61ed2bee543429c4e0d1c8ca7,delivered,2017-10-18 20:26:10,2017-10-18 20:44:59,2017-10-20 18:16:54,2017-10-23 19:52:07,2017-11-03 00:00:00
d3e737e1eef1aa87ad5c92bcbf7396dc,10d2a255228fa0b30be3453dc1feb36b,delivered,2018-04-23 11:41:51,2018-04-24 19:05:26,2018-04-23 21:48:57,2018-04-25 23:25:28,2018-05-10 00:00:00
e11db3584a81dec055a64991fa65e9db,b73ac506a224c8721f39874e94d45206,delivered,2017-06-02 22:47:50,2017-06-02 23:42:29,2017-06-08 15:27:46,2017-06-19 20:22:43,2017-07-11 00:00:00
2a46a0636b60369577c40749497b77a4,9607a8fb005a71d577150fdfef27ca41,delivered,2018-02-26 16:34:56,2018-02-26 16:50:29,2018-02-27 23:33:13,2018-03-19 22:11:36,2018-03-19 00:00:00
8907bb31267526a99da12076a84a87b6,ad21255ff9650ff11d50513eff3eed15,delivered,2018-04-01 22:07:00,2018-04-02 22:09:37,2018-04-07 01:19:27,2018-04-07 16:44:27,2018-04-26 00:00:00
5d1c0dcecd1bdd50fb9edd53d2680184,54c180ed3cd9d2ec3de1a48606750abb,delivered,2017-11-06 08:57:51,2017-11-07 07:30:29,2017-11-07 20:07:11,2017-11-20 19:07:07,2017-12-06 00:00:00
3eb31ef4f66c598bd49c78ce76c17e5a,f39b368f2937acbb1d3a629edbfffcd0,delivered,2018-02-24 16:04:17,2018-02-24 16:27:14,2018-02-27 00:41:41,2018-03-12 22:24:31,2018-03-26 00:00:00
8109255ed5f9ea90f254fa8c5d80bde0,de04f6bff05aff27511713e16692b29c,delivered,2018-03-26 13:02:31,2018-03-26 13:16:11,2018-03-28 18:08:59,2018-04-06 23:12:49,2018-05-14 00:00:00
cca0fdbe32d86d386a95c02433412640,e25f3c0da7eeb0dd9bb46770cd17a61f,delivered,2018-06-27 09:26:23,2018-06-27 11:05:59,2018-07-03 14:47:00,2018-07-14 12:51:37,2018-07-27 00:00:00
7cbb819f10680054c5b2d2d1992c1826,4dd9950f7a2c3bd094140d7ac720a641,delivered,2017-09-23 14:13:17,2017-09-23 14:24:26,2017-09-25 19:27:27,2017-10-14 14:52:50,2017-10-26 00:00:00
737b058d8c4d513ed09b9615e3e0dbba,bcfeb2a090d34c245bb62fe207e7d2dc,delivered,2018-01-05 11:51:46,2018-01-05 12:08:18,2018-01-05 23:45:26,2018-01-11 14:24:59,2018-01-31 00:00:00
0b8bb51ed8b0431e4783fde5550895c2,a92a310a3d6670dd78d7cb9eafa760be,delivered,2018-03-04 21:52:32,2018-03-06 03:49:42,2018-03-06 19:55:06,2018-03-13 22:51:30,2018-03-29 00:00:00
733fc4efcab11035e8e397c164c173df,374d73e55f30027caa809d4a2496d65b,delivered,2018-02-17 16:22:34,2018-02-17 16:30:34,2018-02-19 16:30:14,2018-02-27 12:34:25,2018-03-13 00:00:00
9221e4a9fb1a45521d3cce76aa1258c9,bd84544636b9d552c30fcb64159f316a,delivered,2017-12-07 17:26:54,2017-12-07 18:31:34,2017-12-08 23:41:27,2017-12-11 16:46:53,2017-12-26 00:00:00
64ba433f9d86e1df4e9cb86b1a3884d1,b19fa13f00227b289b6d04e426f9673d,delivered,2017-01-26 21:11:42,2017-01-28 21:32:16,2017-01-30 12:01:43,2017-02-07 13:37:49,2017-03-08 00:00:00
ef13a698cf88c9e17ccca0261e0b9e7a,a6949eb2d9805fbab7e6d40f90368095,shipped,2018-08-13 15:53:04,2018-08-13 16:05:25,2018-08-16 15:18:00,,2018-08-30 00:00:00
62bc181a6d897eba7057bb531ea5f094,a6cffa6427f72b2d368aa897c18e54a2,delivered,2017-09-22 10:06:29,2017-09-22 10:27:27,2017-09-27 15:38:14,2017-10-02 18:16:34,2017-10-23 00:00:00
8a0d96f5670fea64635b9fc54650c414,294c84368e1e700bd409fdd944eb07ad,delivered,2018-04-20 11:53:46,2018-04-24 17:25:40,2018-04-23 23:17:35,2018-05-04 16:11:50,2018-05-18 00:00:00
8f335c4c2ed1f5845d6aab602e813d8b,1087c2f0be56cb7332e81555bf4ef863,delivered,2017-08-11 14:51:35,2017-08-15 03:30:41,2017-08-15 18:47:44,2017-08-25 14:22:59,2017-09-15 00:00:00
dde15a46cf328aee71d97753e04f16ea,feb77d070d4e5edfe705908e2608103d,delivered,2018-03-18 16:33:02,2018-03-20 03:48:45,2018-03-23 20:43:56,2018-04-18 21:41:01,2018-04-18 00:00:00
1f08dc147747506f2e887f9df6cf2edf,9abe5a31882081fa6d5617beb9947268,delivered,2018-05-12 14:44:17,2018-05-13 14:53:30,2018-05-14 12:52:00,2018-05-17 12:18:56,2018-06-13 00:00:00
0cb763300f5679bee73a0b0fdfe0a2d2,f3fb421cdedc2519a5d2f5c75f2cb843,canceled,2018-08-10 18:54:48,,,,2018-09-04 00:00:00
0dc2734aeb43fcd6b5c4a6d6296f50c5,aacd2c89b47bcc2aa875ea9b1f64955d,delivered,2017-03-02 09:21:19,2017-03-04 02:25:17,2017-03-08 07:09:45,2017-03-29 10:58:07,2017-03-29 00:00:00
5bf4b0c6624c03f4a531a60082fab3b5,b73365f2845e82a0339730921895e5da,delivered,2017-03-13 14:31:07,2017-03-13 14:31:07,2017-03-15 09:12:22,2017-04-03 15:05:19,2017-04-05 00:00:00
131497483f8457541cf92c467b847c39,4c453cc8401276b89dc3a0a1d7ef4ff9,delivered,2017-11-05 22:00:26,2017-11-05 22:10:50,2017-11-07 15:02:11,2017-11-13 18:54:37,2017-11-24 00:00:00
c9facf1957d4cfd6bf178b54fff813f5,cd3f821b92920ff95ceb7da103502eec,delivered,2017-06-20 14:38:38,2017-06-20 14:50:13,2017-06-22 13:45:30,2017-07-04 14:39:53,2017-07-10 00:00:00
5d33903bb05adb5e3110148fef46e92e,bf7c8f97ec53670a016b95248a03528e,delivered,2017-12-31 17:42:13,2017-12-31 17:53:38,2018-01-02 16:29:14,2018-01-13 19:51:39,2018-01-30 00:00:00
a9a682eb2347718eaae4a75d99f205d2,3247b1c48fe0aeb611e8a092bb4fb7f2,delivered,2018-04-19 14:42:34,2018-04-20 07:11:04,2018-04-20 20:36:44,2018-04-27 20:06:35,2018-05-15 00:00:00
5ec380985852821300051ef687ab6254,fb4b42ef1e45724b01c24c034c1043dc,delivered,2018-06-21 19:28:14,2018-06-23 02:20:26,2018-06-25 10:43:00,2018-06-26 17:59:49,2018-07-13 00:00:00
0f4a2c067346862463f78a1ca0e4e43b,65ea7f5e0134c0596d687b04eb47d33c,delivered,2018-02-27 20:03:29,2018-02-27 20:15:36,2018-02-28 20:43:39,2018-04-09 17:38:52,2018-03-23 00:00:00
5edee244fe02fdbeb9a2d97a4e8cf17c,115c455ac3a2dc3e5c81ea3da5659c33,delivered,2017-05-31 21:53:32,2017-06-02 04:33:46,2017-06-06 14:21:10,2017-06-13 16:22:10,2017-06-27 00:00:00
cff282aa6b1661a8b29c0c790c42e5ff,0b938c5c0b785c5c10dc10a2f5d65783,delivered,2017-12-20 08:47:46,2017-12-20 08:58:32,2017-12-21 23:07:16,2018-01-03 19:22:31,2018-01-26 00:00:00
a406f3654d0144e1d742f8e7d6b30060,784c48fe06146504e45dbeb7601142ac,delivered,2018-05-22 11:44:06,2018-05-23 02:55:16,2018-05-23 15:06:00,2018-05-26 17:48:32,2018-05-30 00:00:00
f79b808e0ded7143da5be51e144f9bb9,832678f1591956cf1fe901debc164ef9,delivered,2018-01-12 16:54:45,2018-01-13 02:08:40,2018-01-15 21:26:49,2018-01-19 15:35:29,2018-02-02 00:00:00
b99254286dfd81214a129627100e22c1,7c849322a8f5b9bbeba9c11ae26b85ea,delivered,2017-12-14 17:14:20,2017-12-14 17:31:53,2017-12-15 17:36:58,2017-12-18 14:44:56,2018-01-03 00:00:00
2dd5f6a66c1d82ee0b8c864ddf9833f2,d88ce61774a12cc1525c4679797dc2be,delivered,2018-08-02 12:07:36,2018-08-03 04:35:17,2018-08-28 12:58:00,2018-09-03 17:38:39,2018-08-27 00:00:00
a535ae3c7093b8d47702f0312d27c1c9,ae4ffd58d6a35cd9948ae0da3070322e,delivered,2018-03-30 15:35:23,2018-03-30 22:55:08,2018-04-03 19:45:28,2018-04-12 14:42:35,2018-04-24 00:00:00
8d21d47aa6bcf56b94fec17960b994ae,74d6e55c0adc5d0d9ba5d802f1bc2d0b,delivered,2017-08-25 10:22:47,2017-08-26 02:10:55,2017-08-29 20:16:57,2017-09-04 17:21:49,2017-09-21 00:00:00
fb80ffaa3b13d7c09f9e91f5d8337d26,129fb8a7f98b75e41806ae98cae89c1b,delivered,2017-05-26 09:32:38,2017-05-26 09:45:18,2017-05-26 11:59:47,2017-05-31 15:48:46,2017-06-20 00:00:00
a3e6dc5e759b4b070c4b5d8c6aa67d20,1c6601b317e51e02a166d7abc7fe5acd,delivered,2017-07-26 16:01:32,2017-07-26 16:15:26,2017-07-27 18:59:26,2017-08-07 18:07:53,2017-08-17 00:00:00
224b7d52ebfd7da97a6396f5a1585606,a84ee7433aa8c0d78ad749c5efaedbb0,delivered,2018-03-08 15:37:50,2018-03-08 15:56:04,2018-03-13 00:38:33,2018-04-02 21:32:18,2018-04-17 00:00:00
ed76528f7ed5ae1f2a0dd070a7426d44,0b0ffa4362977083ee9bf3b3fd8fbaa1,delivered,2018-08-19 22:53:16,2018-08-21 04:55:37,2018-08-21 07:53:00,2018-08-28 16:41:42,2018-09-05 00:00:00
a73d54d300e639d2e14529f273fc9a1f,8b8e0672555cc15dd1461a80ae708a67,delivered,2018-04-24 09:38:50,2018-04-24 18:06:03,2018-04-27 14:04:00,2018-05-03 16:26:33,2018-05-25 00:00:00
689bab76a2f9102a2fe1eaa764c34942,790c441f6454a3984bdbe65de6b56463,delivered,2017-10-02 18:05:25,2017-10-02 18:25:11,2017-10-03 19:13:51,2017-10-04 20:03:12,2017-10-19 00:00:00
dd1d5e5b6e4be8779186eb9cafd2f44d,f521a7efe39c29935169acd2d1074f76,delivered,2017-08-02 16:03:22,2017-08-02 16:15:11,2017-08-03 15:34:18,2017-08-08 22:06:32,2017-08-22 00:00:00
fec4d19f04178e4adbe16ebfc8c7ebd7,c5bc16b4d6aca29986d02763ad29edcf,delivered,2017-07-11 13:33:59,2017-07-11 13:45:16,2017-07-12 19:55:53,2017-07-18 17:52:13,2017-08-04 00:00:00
de76a97b93b66f97e060477621822a65,94ce1065665d266c491641637b7bc660,delivered,2018-06-07 12:55:22,2018-06-07 13:18:00,2018-06-08 09:20:00,2018-06-25 14:56:33,2018-07-05 00:00:00
242ab4ce744f666fcffbc5d7fed8700d,f7f197973339da4aa7ca6b82dec7905b,delivered,2017-11-24 12:35:43,2017-11-24 14:52:34,2017-11-28 18:05:49,2018-01-04 22:14:45,2017-12-20 00:00:00
4d20a88009a1ccbe54db2c4c7e184228,a09aef99fd6e0230ce42e23c26e6d622,delivered,2017-10-28 11:55:04,2017-10-28 12:10:19,2017-10-31 23:56:34,2017-11-08 21:13:12,2017-11-23 00:00:00
de997de62f053c73ff6c2dea94b124f7,b64d905e4718b7007eeb50d4c4eaf500,delivered,2018-06-23 21:57:14,2018-06-23 22:18:44,2018-06-26 16:08:00,2018-06-28 16:48:32,2018-07-31 00:00:00
498f57174c51d5d4e071665d9fea7a87,0b6f6a76f2c677c4da148eeef7c6458c,delivered,2017-08-24 21:19:42,2017-08-25 03:05:20,2017-08-25 19:45:47,2017-09-08 18:43:36,2017-09-18 00:00:00
1231cdfeb0162a6f71bf9d6f9a8bf2ae,ac13e47e53abe1fb27ae12aa343f57a3,delivered,2017-07-03 13:19:31,2017-07-03 13:30:24,2017-07-05 09:55:37,2017-07-10 20:09:56,2017-07-26 00:00:00
b20db618e55a5a79cb12cece64d3d06e,e0e30587b1aa606b32b4ccc95ffb186d,delivered,2017-06-24 13:21:55,2017-06-24 13:35:08,2017-06-26 13:33:21,2017-07-03 13:49:29,2017-07-18 00:00:00
49f44536aa73471aee96794e10af4261,6c28b3982a6565bc59851e176bce6298,delivered,2018-01-16 01:18:57,2018-01-17 01:10:49,2018-01-19 01:37:55,2018-02-08 19:21:34,2018-02-20 00:00:00
c525575fe2d507f74a5908acaecfff1e,07774ce6b7092f1f8fb6ef7f1e1f3830,shipped,2018-01-17 08:55:50,2018-01-18 02:13:13,2018-01-24 19:19:01,,2018-02-16 00:00:00
500febf9812db6f84aa020734956a140,95e2827041810ed3d3b2ebe4b78e4250,delivered,2017-10-23 10:05:25,2017-10-23 10:30:25,2017-10-23 19:04:03,2017-10-24 22:33:15,2017-11-03 00:00:00
40b5da88b2b1811f86becbe62d53eb30,2b6afb355662771052a873a278505248,delivered,2017-12-10 16:33:12,2017-12-12 04:09:12,2017-12-14 23:52:12,2018-01-04 10:53:35,2018-01-04 00:00:00
dd25b9c9ad6b58c1431edea24eeca196,3b6ad7611d288f2e059ebe868d7a5948,delivered,2018-06-23 10:31:16,2018-06-26 04:59:00,2018-06-26 15:50:00,2018-06-29 16:44:57,2018-07-23 00:00:00
18e31cb8bc58dab57503adbfcf9426df,e1c759e7abad6f49c2cfec93966eeb17,delivered,2018-07-14 19:34:45,2018-07-14 19:50:18,2018-07-16 13:14:00,2018-07-20 22:21:29,2018-08-09 00:00:00
bc2e4d7ad808e01f4e639fc4c447966a,d713d3c4ca576a7fea14e302b3266548,delivered,2018-01-15 12:58:22,2018-01-15 13:10:41,2018-01-18 14:35:55,2018-01-29 09:34:33,2018-02-08 00:00:00
8842bee3797d9ac30486e0b26f5a9756,335d5c8c8e71dfd6ad4a54d070e49657,delivered,2018-02-26 14:52:49,2018-02-27 05:30:55,2018-02-28 18:34:46,2018-03-02 20:56:46,2018-03-12 00:00:00
63c48765fa94402191d6ee15174b335d,6567a05e0ec8ff0c83c84ec759590f3b,delivered,2018-01-17 14:21:43,2018-01-17 14:30:41,2018-01-20 00:56:38,2018-01-22 21:05:47,2018-02-01 00:00:00
897073b6ffbe4399197dae539e926b1a,c1fd04a0bf5c757e19ee43edac2ab9c4,shipped,2018-04-25 13:21:29,2018-04-25 13:31:48,2018-04-30 17:25:00,,2018-05-14 00:00:00
e275c17fb8425498234a98fce0ae9a38,7eba295b7f6a16dcf3e9f75510d94898,delivered,2017-06-13 19:49:59,2017-06-13 20:05:42,2017-06-20 08:45:37,2017-07-05 15:41:37,2017-07-06 00:00:00
a85a0a1d9a45910cbfa184cf26220191,7d89958096c9f8346a0a9b41a7d3117d,delivered,2018-01-11 22:10:13,2018-01-13 04:55:13,2018-01-15 17:25:54,2018-01-26 20:55:37,2018-02-09 00:00:00
249a42ab6064b9a21179bf1ba421b69c,b8eba1e020001de17365343570154fbd,delivered,2018-04-11 16:09:44,2018-04-11 16:32:06,2018-04-12 20:36:25,2018-04-13 21:05:52,2018-04-23 00:00:00
1fffef31321bf946fd10e0a8ee43443e,cf30fa000f0d790f984ac0fdca6b078e,delivered,2018-05-24 15:27:31,2018-05-25 02:55:26,2018-05-28 11:29:00,2018-06-04 18:52:14,2018-06-18 00:00:00
f28e549e51f383974493cf9dbdce5d46,23c6db8b716b4cc0c9cb7ca858400080,delivered,2017-10-11 15:15:37,2017-10-11 15:28:43,2017-10-13 16:22:09,2017-10-23 18:43:37,2017-11-06 00:00:00
87c528a3c65ddbbfe35e69c95f9031b8,641fd96368dbf63c0ac59fb1f31d072c,delivered,2017-11-28 13:48:59,2017-11-28 15:06:50,2017-12-04 18:07:19,2017-12-16 01:51:36,2017-12-26 00:00:00
d308807f231cc2e9a4e2ee71b86fbebd,319dce58caddc33d4965cfa1e107d692,delivered,2018-05-02 14:22:52,2018-05-03 03:55:18,2018-05-04 13:47:00,2018-05-07 22:28:31,2018-05-18 00:00:00
4dda09475b079b01d1c3cf79baac5791,6edfb61136b040d8143aab7a003836e3,delivered,2017-10-24 20:42:17,2017-10-25 08:07:16,2017-10-26 20:42:34,2017-10-30 18:53:55,2017-11-14 00:00:00
025321e4e9674e090b7bc101f9c5ab5a,3674db4a48cbcbd032d3d2274f9018af,delivered,2017-06-20 21:56:51,2017-06-20 22:10:14,2017-06-22 18:14:03,2017-07-02 12:41:52,2017-07-12 00:00:00
ba71f098ea405cb0930860794da15e11,91d550a87b17a1b1e35fcc00afa8a940,delivered,2017-11-11 09:48:14,2017-11-11 10:06:22,2017-11-14 22:32:18,2017-11-24 00:51:42,2017-12-07 00:00:00
1723f84b8a70b486955d59dad4bed0f2,91b356b143fb995d46c231bdcaace267,delivered,2018-08-12 21:51:05,2018-08-12 22:05:00,2018-08-13 12:05:00,2018-08-23 10:48:48,2018-08-27 00:00:00
81e5043198a44ddeb226002ff55d8ad4,ddd15ef77c83eea8c534d2896173a927,delivered,2017-01-09 00:37:18,2017-01-09 00:45:09,2017-01-09 09:10:53,2017-02-24 09:42:38,2017-02-24 00:00:00
05b45bd050b8c16805abca656246149b,a973397ec57671787a6826bc9235b2dd,delivered,2018-03-12 19:52:53,2018-03-12 20:08:37,2018-03-13 23:18:44,2018-04-06 20:19:10,2018-04-03 00:00:00
15679298f3286b278e6dea412e7fd5a6,29ae7a500d7547c3547cadc562fdd0db,delivered,2017-04-18 09:52:18,2017-04-18 10:05:14,2017-04-18 11:06:03,2017-05-09 12:08:22,2017-06-06 00:00:00
a53d587cedb15e572d3aa67984929be5,9aeef00092181c23d5caf47cab6e5f5f,delivered,2017-12-12 07:51:32,2017-12-12 10:32:32,2017-12-18 21:41:53,2017-12-27 13:13:10,2018-01-09 00:00:00
5be2bde9982c297012273b2fc574b2a8,03cd655937e266ad3f683fa24a217dcb,delivered,2018-01-02 13:15:21,2018-01-04 05:10:37,2018-01-04 22:59:12,2018-01-19 20:26:43,2018-01-31 00:00:00
d8e45e306d71cde5968cee487d288580,21e8f3a01981c28198838102586be0ca,delivered,2017-10-09 19:14:19,2017-10-11 03:28:22,2017-10-11 21:55:39,2017-10-19 22:33:43,2017-10-26 00:00:00
5e605c248def72c23690c44126f8ecb6,46c60ef4c601b316ac7df571de8f9960,delivered,2018-02-12 11:24:23,2018-02-12 11:35:28,2018-02-15 16:53:13,2018-02-26 22:06:43,2018-03-08 00:00:00
db271589ce266814ea30bcc06109ec89,b7f13d9d3479ce3f85f8aea0db3b7d4c,delivered,2018-03-12 15:59:34,2018-03-12 16:15:37,2018-03-13 22:25:01,2018-03-14 23:26:47,2018-04-06 00:00:00
7a28faee4e4959f358d2fdbe66e22107,02bd740a9c42959b61e38d5a07d43522,delivered,2018-08-14 22:43:55,2018-08-14 22:55:25,2018-08-15 14:50:00,2018-08-17 01:50:27,2018-08-17 00:00:00
2d0d881aec191e67166a6447a62418d2,ee0f4f6da95026ea8a2be6706c658227,delivered,2017-12-08 08:37:52,2017-12-13 14:58:27,2017-12-14 22:14:04,2017-12-19 23:26:37,2018-01-03 00:00:00
adf2ad57c0add3f3f9b6644a4d731899,e220beae1f3059a3f0bd89f8d2cc0e6a,delivered,2018-02-09 21:42:49,2018-02-09 22:20:24,2018-02-14 21:32:50,2018-02-23 01:52:20,2018-03-06 00:00:00
1e76a4cb16c7849cd980f748e3d8dbed,7a089eaf97006b49a3db12b88a8b4382,delivered,2018-02-06 20:33:44,2018-02-06 20:50:29,2018-02-14 19:52:21,2018-02-19 21:23:53,2018-03-02 00:00:00
5845efeb1a7164fc3885f465a37ebd46,9c15f8e17bd5fdf77cc1c4addd5b160d,delivered,2017-11-04 15:32:14,2017-11-04 15:46:14,2017-11-08 19:58:53,2017-11-14 19:28:58,2017-11-27 00:00:00
0fa7d9bf5e4786e331c11c950cb4082d,84d5cbd634044145813051a966db04a5,delivered,2017-11-03 19:16:55,2017-11-03 19:30:40,2017-11-07 01:08:57,2017-11-09 16:29:23,2017-11-28 00:00:00
4a6de68c76257d69209af11ba0e56fa1,5206bdc4d7ecb9869166f99fc635a5b1,delivered,2018-01-05 16:19:33,2018-01-05 16:29:23,2018-01-08 17:14:54,2018-01-10 21:27:01,2018-01-30 00:00:00
e781bc7ac959969446407858e838fe56,612f939f08f499b902ae3f822c30e2df,delivered,2018-08-08 14:37:18,2018-08-08 14:45:16,2018-08-09 16:13:00,2018-08-15 12:51:17,2018-08-24 00:00:00
c661253cb9754d5c570886f866e9e4c9,87fc1f623028e4400913dd7a684c8d3f,delivered,2017-04-01 06:25:30,2017-04-04 06:02:39,2017-04-20 11:34:27,2017-05-07 14:37:56,2017-04-26 00:00:00
a77f068fe42de19045229fa9a9380ed5,09cd1b030888cd5d39ff8cf8c63da284,delivered,2017-10-23 18:48:32,2017-10-23 19:06:27,2017-10-25 19:58:41,2017-11-01 16:51:27,2017-11-21 00:00:00
0e926641c3c3ebe6c8829d1d69512cce,036a1f0892cbf27e9f3768472ffe7c04,delivered,2017-06-02 09:17:03,2017-06-03 02:15:09,2017-06-05 11:33:49,2017-06-08 12:52:02,2017-06-27 00:00:00
5c76bd3547c43e1796cc38f9906197d8,5479ace26887c43351cb502cab95b515,delivered,2017-11-30 19:49:47,2017-12-01 09:30:49,2017-12-28 18:13:06,2018-01-03 17:10:59,2018-01-03 00:00:00
e22dd2bae96c7c1909225e77fc1a2a31,0b8f6ef5f2557dbf574cd499f975164e,delivered,2018-08-17 12:02:27,2018-08-17 12:15:14,2018-08-17 14:49:00,2018-08-20 14:03:59,2018-08-24 00:00:00
8b8a8342831ee11cc7c4ae17d1e36c91,fb6d941b6683b983b6e78cf1668b346e,delivered,2018-06-11 08:16:38,2018-06-12 04:35:30,2018-06-13 14:32:00,2018-06-18 14:12:29,2018-07-11 00:00:00
6ef8f6ed00303d5d81cdab508d586dcb,e3b618cc7416f6c66245395873691ffe,delivered,2017-10-13 17:43:55,2017-10-13 18:07:19,2017-10-16 11:44:58,2017-10-19 18:57:12,2017-11-06 00:00:00
6a2b479d9a0d23a37516a7f3ac309737,5870d9bf1eb023b23ce0523ee7adcefb,delivered,2018-05-01 14:21:59,2018-05-03 03:55:20,2018-05-03 13:33:00,2018-05-09 18:47:49,2018-05-24 00:00:00
d5af8fc30f7ecc4a1b23de7dc0377e9f,739878ff4347fe131aac813021a88b1f,delivered,2018-02-26 18:00:21,2018-02-26 18:10:35,2018-03-01 19:47:53,2018-03-23 21:29:29,2018-03-16 00:00:00
1332670d4ec8d872f416f1fda8594f69,c79653d0cd9bea2ee24b4579ef33050a,delivered,2017-05-21 23:43:15,2017-05-22 00:35:22,2017-05-24 10:43:53,2017-05-30 14:17:11,2017-06-13 00:00:00
0c29afa3d55c9d983ff14ae80e79984a,961c0a5afe936135ac6ebb1ddef7ce09,delivered,2018-01-09 18:28:48,2018-01-09 19:32:12,2018-01-10 21:09:28,2018-01-11 16:17:37,2018-01-23 00:00:00
ea7138ccf7b03bb9499df4674b1b4027,779d93baac8efb80a7a757af51297e66,delivered,2017-12-24 12:12:32,2017-12-24 12:29:11,2017-12-26 21:37:43,2017-12-29 20:54:56,2018-01-22 00:00:00
87f41ac2bb62582fa23ddb02b79ef724,fe15b3297ddaaa9458ae5489b2bd8791,delivered,2017-02-17 15:15:26,2017-02-17 15:25:08,2017-02-20 11:00:07,2017-03-16 17:16:26,2017-03-30 00:00:00
434ee413138c6ead70939d4a56e0a29b,81c68cd9f45038a8fb5ad8b119130111,delivered,2018-03-02 14:16:42,2018-03-02 14:29:57,2018-03-02 23:27:55,2018-03-05 22:23:46,2018-03-14 00:00:00
5f1b02bb30db18d2091666741c05684a,97f2b3cc86184e77dfe877b711b47f31,delivered,2018-05-07 13:18:52,2018-05-07 16:52:58,2018-05-09 11:08:00,2018-06-14 15:39:48,2018-06-04 00:00:00
b613ca30bb66f74ea668acd6bc87b51c,b4d31b960539289fbb32a396bbb935b6,delivered,2018-05-10 16:28:48,2018-05-10 16:58:45,2018-05-11 19:00:00,2018-05-14 23:16:48,2018-05-21 00:00:00
5ade2c3932a0c4836b4eb4e16f4373db,9e44cac7574c95db25b2982fb26afd43,delivered,2017-02-20 18:50:57,2017-02-22 03:15:41,2017-02-22 13:51:26,2017-03-09 09:41:57,2017-03-21 00:00:00
f89780d4d98317847142affbe5c0c965,e46ee66987bf987bd494d1ca45dabff4,delivered,2017-02-21 09:31:18,2017-02-21 09:45:20,2017-02-21 13:20:58,2017-03-09 17:05:49,2017-03-22 00:00:00
006e43460a55bc60c0a437521e426529,23bfd4316e261786deed5a08231c75bc,delivered,2017-05-11 00:24:35,2017-05-11 01:30:22,2017-05-12 12:26:32,2017-05-19 09:51:17,2017-06-02 00:00:00
bb5cce57f8d80c481d1beee24eda6616,12c5c5e285023a1496798e0844016ff6,delivered,2018-06-27 11:43:52,2018-06-27 11:57:21,2018-07-03 07:44:00,2018-07-04 01:18:33,2018-07-12 00:00:00
887b522c355bcd896b5168f84a11e6f0,a10538645504cbd88cd2a5e5c8f9135b,delivered,2017-10-19 12:44:24,2017-10-19 12:56:28,2017-10-24 15:46:44,2017-10-30 17:44:03,2017-11-17 00:00:00
70ca1c80e14fa0391a567797dc294938,b15cef70df5b80da0940334e4ca17d01,delivered,2018-07-01 14:16:08,2018-07-01 14:30:16,2018-07-03 12:18:00,2018-07-13 19:46:49,2018-07-24 00:00:00
200adc2205bc2cf8f4cdfc575012b2d0,431cbd59164ac8a5df0a9e257f3b3c96,shipped,2017-03-09 22:12:24,2017-03-09 22:12:24,2017-03-14 12:18:17,,2017-04-17 00:00:00
a5a322511ad2f5a5296e865cd5c23abe,5643ccad0d1fd7b09dc8e8acdd2fbdd9,delivered,2017-10-08 22:13:39,2017-10-08 22:28:15,2017-10-09 21:27:37,2017-10-11 18:00:21,2017-11-01 00:00:00
b0a46fa6d7a8afcac44b6e1af2457409,98a9476c68f7790772a5321dcd3f3990,delivered,2018-03-10 21:44:29,2018-03-10 21:55:45,2018-03-12 22:49:26,2018-04-30 23:40:42,2018-04-13 00:00:00
496b982d1f2a1315fcbf81ae2fed02a4,db2cf3b3feeca251d6c3c93bf5f1b75a,delivered,2017-05-24 23:04:51,2017-05-24 23:15:17,2017-05-26 12:39:14,2017-06-06 15:56:49,2017-06-22 00:00:00
180d9087d153ffddea224f2996463f46,f581423e26b5520519407f034c1e5680,delivered,2017-12-04 20:19:08,2017-12-04 20:35:21,2017-12-05 16:57:54,2017-12-14 20:52:33,2018-01-02 00:00:00
9371ddc98fdf148feec83c1ddbdaaef5,c4f47317fc0d0ad7ed8924267314064f,delivered,2018-01-16 10:29:52,2018-01-17 03:39:33,2018-01-22 14:58:55,2018-01-29 21:55:02,2018-02-09 00:00:00
5b0290e4420f938665a61fda8ee5ced6,b5b3c90abf565a89c0a5948f00666aed,delivered,2017-07-25 08:33:30,2017-07-25 08:45:11,2017-07-26 11:05:50,2017-08-01 17:21:54,2017-08-18 00:00:00
8a1bc477742faefa8ff9f614dc582244,6a401be5e3262fd8cd7a569c6dcc345b,delivered,2018-04-11 13:41:15,2018-04-11 13:50:41,2018-04-11 23:37:41,2018-04-13 00:03:04,2018-04-23 00:00:00
cba101e2b0c4dbb1dc4dc0f97c424f01,e12b8b0b64e8e6832c4f727af8c1cb69,delivered,2018-05-19 17:01:25,2018-05-19 17:15:20,2018-05-21 09:43:00,2018-05-22 14:33:21,2018-05-30 00:00:00
c1213e8146aaff37acf16bfef1789d75,6ff4159cf99d5fc64932c54abd985c70,delivered,2018-05-01 20:30:49,2018-05-01 20:55:25,2018-05-02 14:39:00,2018-05-07 18:37:11,2018-05-21 00:00:00
583bf04daf3f2e41c6e2522cc467867c,2b1b6264591c5f876df616122f708d87,delivered,2018-07-24 06:17:04,2018-07-25 04:05:15,2018-07-25 11:59:00,2018-07-30 13:21:03,2018-08-21 00:00:00
e22decac5ed99a0335532a753f62e935,c9869e8666697b9bd971ae4910f37ce6,delivered,2017-09-04 16:13:59,2017-09-04 16:25:43,2017-09-05 17:36:38,2017-09-08 20:33:05,2017-09-21 00:00:00
579332417ec95ade5b2e5ebe06de5d2d,616fffdb091c791e3b001da68172eb2c,delivered,2018-05-16 17:15:00,2018-05-16 17:38:16,2018-05-18 19:00:00,2018-06-04 21:21:47,2018-06-08 00:00:00
23b4d2d1a00f2773d2a15d8068b21ff2,53e96590c4711bbae7412fa6e2118a07,shipped,2017-10-19 14:32:39,2017-10-19 14:49:19,2017-10-19 20:53:53,,2017-10-31 00:00:00
2c529e48633e1c206e07f886dc2ad423,1a0c96ced5e7fac875e8c00f9e3fea36,delivered,2017-11-16 19:22:04,2017-11-17 08:35:21,2017-11-21 21:43:53,2017-11-27 17:07:17,2017-12-05 00:00:00
23d7d115bb9da8cf6e38bc4824767e89,4031f7682787a54257f1eb640c759f15,delivered,2017-11-07 16:31:04,2017-11-09 04:31:06,2017-11-09 20:21:40,2017-11-17 19:02:34,2017-12-07 00:00:00
01be6ff226324644f283dfab69369848,9efea31c85df91516b2874e4e0fd953f,delivered,2018-03-08 12:02:38,2018-03-08 12:15:23,2018-03-13 23:16:51,2018-03-28 20:48:47,2018-04-04 00:00:00
be7ef653148b80c79b5d9b8500c47949,de5411657929e994c0100062f9a7d61d,delivered,2017-10-04 10:31:14,2017-10-04 10:49:44,2017-10-09 21:49:59,2017-10-23 20:56:09,2017-10-30 00:00:00
ef442e129f56ec1234a402fc824686df,8c026df875ce27008c74eb034ce7020d,delivered,2018-06-30 18:30:38,2018-06-30 19:35:13,2018-07-03 06:58:00,2018-07-04 00:38:37,2018-07-20 00:00:00
2af0498329b50fd808f047d738bf0f39,0f2c11933482f3e555ffcf336600917c,delivered,2018-02-17 12:25:36,2018-02-17 12:46:22,2018-02-20 22:37:40,2018-03-07 21:37:14,2018-03-16 00:00:00
ea500d2d546dac2099f6ab0531823025,301ade42dae8f56c089f707d49b16d0e,delivered,2017-11-23 14:03:18,2017-11-23 14:13:27,2017-12-05 20:34:13,2017-12-19 19:15:39,2017-12-18 00:00:00
21a5a6a3ba44669b781dde94b19a361a,5103670b1d7ea5870655885ba03125a7,delivered,2018-01-16 13:27:19,2018-01-17 04:31:13,2018-01-18 13:09:22,2018-01-19 20:25:00,2018-02-14 00:00:00
c40180549a3a3bdff8f27b84bfff14ba,ad3997ef798ba2f1726554913d36bd87,delivered,2018-02-22 13:24:10,2018-02-22 13:35:27,2018-02-23 18:27:42,2018-03-26 22:55:39,2018-03-21 00:00:00
562f919143bd6544eaad5f3f17ba3da2,71dd5965a7687ffa18fe9976e8ce0e14,delivered,2018-04-12 11:29:56,2018-04-13 02:15:22,2018-04-13 23:32:59,2018-04-26 21:29:37,2018-05-14 00:00:00
0510f632b86f01064ebbde67deb63bb5,3413b1a3a719cf261ac926114e3d3da8,delivered,2018-06-26 23:37:29,2018-06-27 01:30:01,2018-06-27 08:57:00,2018-07-04 21:29:48,2018-07-31 00:00:00
052fd91f936f4938c1085ce62862142a,9ea84417bbdf3d03fd7fe34273d23630,delivered,2018-08-01 21:21:49,2018-08-01 22:31:22,2018-08-03 11:14:00,2018-08-08 09:42:38,2018-08-09 00:00:00
76f48aa30ddc623d62de0fcc17dc19fe,fca6422d9d0ca48d65da64285a628b43,delivered,2018-05-04 21:29:13,2018-05-04 21:50:16,2018-05-07 14:42:00,2018-05-09 00:28:39,2018-05-16 00:00:00
58d21ad5a9ab4a46289353de5219fefd,fd6885f5031ea49f07d39bfac282e959,delivered,2017-07-07 14:54:04,2017-07-07 15:05:13,2017-07-12 14:43:33,2017-07-13 17:52:20,2017-07-20 00:00:00
61181b6edca2c3a0b58c77e58d91a8a3,9527825089af32ff7b72aff6e13df266,delivered,2017-10-18 23:35:55,2017-10-18 23:56:39,2017-10-19 19:07:45,2017-10-31 15:50:07,2017-11-16 00:00:00
cf49bdb4bd3a57ea5f439199c69d5911,0551eb34013c485caeacfd2915dbec96,delivered,2017-11-27 15:04:18,2017-11-27 15:19:14,2017-11-28 21:04:42,2017-12-04 19:13:40,2017-12-21 00:00:00
cb6c4a73c3a96d368b2eb15d29d0a243,b493af162186d2b09bb066045b51650a,delivered,2018-05-10 12:00:17,2018-05-10 12:16:03,2018-05-11 13:56:00,2018-05-29 20:16:43,2018-06-11 00:00:00
5df92b927062b1c416d780b6efaf4032,01c3dbf3c719c3788a4d7db4bd8ac0d0,delivered,2018-04-25 20:30:12,2018-04-26 20:31:52,2018-04-27 13:51:00,2018-05-14 19:06:56,2018-05-24 00:00:00
04abf2d38859e6dfcfda69ed28a10aff,f784cd575bace953e1672518616df436,delivered,2018-03-23 00:22:35,2018-03-23 00:35:48,2018-03-23 20:48:30,2018-04-12 22:26:38,2018-04-20 00:00:00
c05b4afd0213a3d8f5c4c503b36dfb87,e872a76b23640a1e44ac6501b7eb0381,delivered,2018-03-05 20:21:47,2018-03-05 21:20:29,2018-03-07 20:43:30,2018-03-23 13:05:43,2018-04-03 00:00:00
82d62e8dbebf85af5c2873e07fe0721e,2af98151e0af3bd04148413da9c0ef49,delivered,2017-03-31 21:31:53,2017-03-31 21:45:48,2017-04-05 12:48:33,2017-04-19 12:58:24,2017-05-02 00:00:00
d63279c7841cf2d97a81b2bf2a777af6,2040be39a489497df340242ce565a88d,delivered,2017-09-01 14:57:25,2017-09-01 15:10:12,2017-09-06 13:55:44,2017-09-13 21:56:53,2017-09-20 00:00:00
dc9a75be849e46bc94aa327ac9bc13a8,15fd5733c1312d72925697670522a4b1,delivered,2018-04-17 12:24:40,2018-04-17 12:35:25,2018-04-18 16:39:28,2018-04-19 16:35:29,2018-05-04 00:00:00
b89c3bccb55bf39d693030905c3a2326,5473f422040272bab80a4c5a22986403,delivered,2018-08-07 19:29:06,2018-08-07 19:44:54,2018-08-13 10:15:00,2018-08-15 01:34:46,2018-08-13 00:00:00
8f04ccf58b2c11f758bbc1ac84b52a92,1839304e9ec39a3f259a3f6c5e9de0c7,delivered,2017-12-26 16:10:03,2017-12-26 16:27:59,2017-12-28 18:32:45,2018-01-16 20:34:31,2018-02-01 00:00:00
97402aa8a8f224eca96029fe80d2286f,fc4476d400c4b3bf7e64456fb82626fb,delivered,2018-08-14 17:48:29,2018-08-14 18:44:18,2018-08-15 12:53:00,2018-08-20 20:48:50,2018-08-27 00:00:00
07ce92f08ada3b994983794188b7a902,fa89a52fa06bd618d4770a055f983b8c,delivered,2018-03-19 12:35:10,2018-03-19 13:29:53,2018-03-20 23:42:01,2018-04-05 22:51:05,2018-04-23 00:00:00
555e1afa0cf180760b7ea9f6d8ebc329,1b23216e6cb17ba8b27f4ffab1f2bd39,delivered,2018-04-29 19:06:12,2018-04-29 19:15:15,2018-04-30 15:25:00,2018-05-04 18:52:44,2018-05-24 00:00:00
43900dda470fa7bbf2a0bcae68491435,ca2dc7d40c6aca30553ce1c68a0a1d4a,delivered,2018-05-09 12:45:54,2018-05-10 02:57:21,2018-05-14 14:58:00,2018-05-22 19:31:37,2018-05-28 00:00:00
1975f98764fb254b8a154163c7cd012f,bd3cc0839577a877bb6bf7a10dbd08dc,processing,2018-03-23 17:02:33,2018-03-23 17:15:25,,,2018-04-11 00:00:00
b90846dbd50e328b0a1b6be47a8e2c0b,4e7b2684d13abc89def97d5dca8cbd26,delivered,2018-03-18 15:09:49,2018-03-18 15:28:17,2018-03-19 19:11:58,2018-04-10 17:47:29,2018-04-16 00:00:00
53dcadf469da8b7dc9c2866321927607,5a5f0d0006eb7eae8b952479aabf0768,delivered,2018-07-05 14:15:08,2018-07-05 16:30:56,2018-07-23 11:36:00,2018-07-25 13:58:28,2018-08-07 00:00:00
54536bfd6c2b325ae1b6c94e14aef912,6e1eb8154497fcc665361b32a29a3bf0,delivered,2018-06-27 11:41:13,2018-06-29 02:35:16,2018-06-29 12:29:00,2018-07-07 12:54:45,2018-08-06 00:00:00
fb0e638d6e547a08f79bdadcddfb7dc5,db1b820efe7cdf1e07ed1660703d7ee9,delivered,2018-03-04 21:29:01,2018-03-04 21:48:51,2018-03-05 22:10:49,2018-03-23 00:08:33,2018-03-28 00:00:00
2445b0faf0a2b2139e508f277424eeb6,90542f26f824ec7b11606409fe9940ad,delivered,2018-04-07 22:24:03,2018-04-07 22:35:10,2018-04-10 23:07:43,2018-04-17 14:12:44,2018-04-30 00:00:00
04cbdd6817839ed5c7ac28f811ed8c0f,12ed696c4178efaa9f91a47a654e6093,delivered,2017-07-15 16:54:02,2017-07-18 06:05:32,2017-07-18 16:32:46,2017-07-20 14:05:09,2017-08-04 00:00:00
05ad33706a0ad42482ba7f17236d4bba,f66a0a5603fb1d09eee7fe496b1024ba,delivered,2017-10-11 09:27:38,2017-10-11 09:46:17,2017-10-11 19:14:14,2017-10-18 19:58:39,2017-11-01 00:00:00
44437f0cd12aae191555f66ce8dc2d5f,a35ef33a28a474a499c0452e297e3b4c,delivered,2017-10-21 15:07:40,2017-10-21 15:21:21,2017-10-24 18:22:39,2017-10-30 20:27:25,2017-11-16 00:00:00
9b6855d2b0ab897952d0ea1034d87d89,d6279ba360fb5eff125b2c70a21af369,delivered,2017-11-25 17:54:05,2017-11-25 18:12:22,2017-11-28 00:39:44,2017-12-13 15:33:04,2018-01-05 00:00:00
c9410f5c5b7fcdf2468f45213407d3b9,33f9a3f51c6c2e34aec9483e3c632bb5,delivered,2018-01-14 06:46:35,2018-01-14 06:56:20,2018-01-16 16:27:08,2018-01-23 01:03:20,2018-02-08 00:00:00
77384bc4848f77dc178f176c736ad7d8,a31a8d00b52139bcfd70da02373c88ef,delivered,2018-06-03 11:17:50,2018-06-03 11:30:57,2018-06-04 13:17:00,2018-06-21 21:51:47,2018-07-23 00:00:00
2bea071a4b1ffc8f01204ba3f0721ac1,1b7c59aee917c754933d7e4a4a80d717,delivered,2017-08-21 00:01:09,2017-08-21 00:55:07,2017-08-28 19:32:38,2017-09-05 18:26:40,2017-09-14 00:00:00
f387eb734dc3346d68ecfdaf4f0ab0ee,86ecdd6c5aa780b8cbf7ba23ce92532a,delivered,2018-03-29 15:07:10,2018-03-29 15:29:51,2018-04-25 15:36:00,2018-04-26 13:51:58,2018-04-23 00:00:00
c9756139ee937be234c1aafe31b8722e,ac6715b330dc55b82add2607aedeced0,delivered,2017-09-11 10:10:32,2017-09-12 04:30:55,2017-09-12 19:14:32,2017-09-24 13:54:44,2017-10-03 00:00:00
922a3f761407bb26eca665bf67d18744,c1f584ed95067dfad7bc7b5664dc9df5,delivered,2018-03-03 17:58:28,2018-03-06 03:49:00,2018-03-06 20:47:23,2018-03-22 09:32:43,2018-04-04 00:00:00
fffb9224b6fc7c43ebb0904318b10b5f,4d3abb73ceb86353aeadbe698aa9d5cb,delivered,2017-10-27 16:51:00,2017-10-28 02:55:58,2017-11-10 19:31:52,2017-11-17 19:41:42,2017-11-27 00:00:00
00bbc4179554524748f77763ddd62266,a338432949ddc9b9e6bee3d2695d655e,delivered,2017-08-08 21:04:16,2017-08-10 03:15:35,2017-08-11 13:36:56,2017-08-14 15:13:10,2017-08-23 00:00:00
010ff1cfe12f3094577e72b7bcecdf98,7496d369c45e3249794df2d9b132a3e3,delivered,2017-10-11 23:05:00,2017-10-12 23:14:21,2017-10-16 22:52:14,2017-10-19 18:20:09,2017-11-09 00:00:00
86b6e717cea86f8854d74e5b1df23e95,a048712aa4a206a8338d91a7092a488e,delivered,2018-02-17 01:25:43,2018-02-17 02:07:49,2018-02-19 21:33:24,2018-02-23 19:21:52,2018-03-13 00:00:00
a944939844cbf212ca7f7a3eb4a8d5ed,a46a5e0168922d626417fa64c64fc751,delivered,2017-05-31 22:39:22,2017-05-31 22:50:18,2017-06-02 11:22:48,2017-06-05 17:07:27,2017-06-13 00:00:00
0437be9eb5f6b26660f0b5eafd1b1994,a7a934605f3dac72b390478c3b14c0b4,delivered,2018-01-03 16:27:07,2018-01-03 16:37:23,2018-01-04 22:19:24,2018-01-09 22:15:38,2018-02-01 00:00:00
da457b4ddaf967a69db8285ff1c2dfc7,b015c1b1b0b5b53f9010f8b7d95d6332,delivered,2018-07-20 02:50:44,2018-07-21 04:05:18,2018-07-21 09:02:00,2018-07-27 19:48:33,2018-08-07 00:00:00
d5b95703830a61c73251a8a3dcdb9772,f5e0ab2456c5103030eafd1ab05b6504,delivered,2017-08-16 16:13:30,2017-08-16 17:30:23,2017-08-25 20:00:00,2017-09-13 18:42:09,2017-09-19 00:00:00
fd0a7f56ae1f27e542b1e79d763c0a75,c6ba83728a953388b88207bd5aa157c8,delivered,2018-04-11 19:25:58,2018-04-12 16:09:38,2018-04-20 19:06:36,2018-05-03 17:34:43,2018-05-10 00:00:00
db6c095056b5da4803c583864324fd9f,8362e05cfc104bf0ffea57d1e58fe672,delivered,2017-04-19 18:16:57,2017-04-19 18:30:08,2017-04-20 12:47:47,2017-05-10 09:54:41,2017-05-17 00:00:00
bb4d578c23506bbef7d3cd919028a8d1,faf2138d43e5c5d2a151499ca53b01bd,delivered,2017-11-24 13:48:48,2017-11-24 16:13:35,2017-12-02 00:03:02,2017-12-08 09:37:14,2017-12-18 00:00:00
724851759f03251eb3a9e209916f07db,17d32607b69ff5f17724566ff49aa9fd,delivered,2017-07-21 12:05:51,2017-07-21 12:23:05,2017-07-21 17:22:28,2017-08-04 17:42:37,2017-08-14 00:00:00
44cb884118c81bf6db2f43cf11ab63d6,99c0abffb5110160b9da888d3cd4de9c,delivered,2018-02-14 18:04:44,2018-02-16 07:55:48,2018-02-19 16:19:00,2018-03-10 10:34:29,2018-03-22 00:00:00
ff46263ff739ee2c14bc41c6508dcb6c,fff212062d600f2e1d53f3c5d4a25138,delivered,2018-08-13 20:39:38,2018-08-13 20:50:17,2018-08-14 15:37:00,2018-08-21 16:11:54,2018-08-22 00:00:00
37a5627c7451cf77174dbb624b22f8d4,26696cdfe4c66b1abbb78c250b2e9cd5,delivered,2017-12-26 08:24:57,2017-12-27 04:07:42,2017-12-28 17:23:31,2018-01-03 21:58:55,2018-01-16 00:00:00
9de65156d923c62015d982bd3f6ade9b,b71cd39228d8554a93375e867f35e724,delivered,2018-02-28 09:42:13,2018-03-03 02:49:38,2018-03-08 18:19:45,2018-03-22 21:32:09,2018-03-22 00:00:00
a8157021c43ddac1d78ba046ef2f48d8,4790beeeeda78182ce23416fe57179fb,delivered,2017-12-19 11:37:00,2017-12-20 06:57:38,2017-12-20 19:42:17,2017-12-26 17:42:09,2018-01-15 00:00:00
756d62fd1519d390705464ab14c102a8,5b2ab0a41dc14a97c98e9e0b16a01cc0,delivered,2018-07-01 13:24:37,2018-07-01 13:35:10,2018-07-04 14:46:00,2018-07-11 23:17:42,2018-07-25 00:00:00
529c56bdb881d790cc51c6eea4f7b004,9c964fe94972e8d6ee8498dd08d47b09,delivered,2017-01-24 22:38:56,2017-01-24 22:50:17,2017-01-26 05:51:31,2017-02-11 05:58:00,2017-03-13 00:00:00
e422d0e263d60b29075b7369ade6ace3,fe05de675b51ae8cf1f8d9943f0a76f9,delivered,2017-11-08 17:56:12,2017-11-10 03:07:19,2017-11-17 19:45:48,2017-11-29 15:28:52,2017-11-28 00:00:00
e57c5c4eb04e271f8cb3de347b910287,4490fd213fb26eb6d996653707721726,delivered,2018-07-31 15:42:30,2018-07-31 17:00:17,2018-07-31 15:50:00,2018-08-08 00:08:45,2018-08-17 00:00:00
9f94f384a3324ab1c20916878324c3e6,f5a4449e21c1a59072c9258639e55776,delivered,2017-04-16 18:50:44,2017-04-16 19:02:00,2017-04-27 15:05:26,2017-05-09 14:07:50,2017-05-24 00:00:00
0fb352660f2116aecdfb1f2644b5c061,49b81dbcc4f425cf74e99577b3e847a9,delivered,2017-12-28 10:31:00,2017-12-28 10:46:34,2018-01-02 19:34:02,2018-01-09 22:54:48,2018-01-24 00:00:00
6ad644c08b98d152d28f183097633d41,8b822fa56bbe10f4f14af6500eeed98b,delivered,2016-10-08 04:01:53,2016-10-08 05:07:44,2016-10-15 10:13:50,2016-10-20 21:12:42,2016-11-30 00:00:00
10251ca016384afb8d4954da5fb3b419,0d647c9d0665a42436b1286bce3163e6,delivered,2018-07-27 20:37:12,2018-07-27 20:50:10,2018-07-30 15:16:00,2018-08-06 22:03:34,2018-08-31 00:00:00
26f48bf7cbe8a240db0273cdcfaba9b2,9bf6e9e2b2991e939e0309fa5b8016fd,delivered,2017-03-04 17:07:13,2017-03-04 17:15:11,2017-03-06 14:20:58,2017-03-10 14:22:57,2017-03-23 00:00:00
33c8e151a9c5f165f7b4e39ad4a91164,51dfe576cb8af5ddd2c0948224b6da8f,delivered,2017-11-26 21:19:07,2017-11-26 21:33:27,2017-11-28 19:17:58,2017-12-06 01:19:06,2017-12-18 00:00:00
c8f63be082f4089d15558376d18c77e7,dda2b235f786aea49bed5e3618840666,delivered,2017-11-21 15:17:02,2017-11-23 02:47:38,2017-11-23 23:04:54,2017-11-28 23:18:23,2017-12-07 00:00:00
fedc85bb24209961b595782f2c259c4a,88e4656913cfc0cfa42387adf279d55f,delivered,2018-06-19 19:13:56,2018-06-19 19:36:05,2018-06-20 08:47:00,2018-07-31 20:36:42,2018-07-19 00:00:00
2e1205ef23c9d6445449283ddfe660ad,6c8dc19e9aa79a2c4fe646270a690ee1,delivered,2018-08-14 18:06:34,2018-08-14 18:45:10,2018-08-15 13:39:00,2018-08-21 21:31:56,2018-09-14 00:00:00
4fa562ccf4105ec42bf3934fcaf418ed,1388e1cc63c2fa01f850f63372eb3737,delivered,2018-05-24 16:17:48,2018-05-24 18:22:27,2018-05-25 15:56:00,2018-06-05 01:59:33,2018-06-21 00:00:00
40a496e18a46349487b125eda0d0c288,91ff3b136fe639257e936a20b549dea0,delivered,2018-04-21 11:59:45,2018-04-24 18:38:56,2018-04-24 22:08:41,2018-05-09 00:11:20,2018-05-22 00:00:00
63bd0403bf8eb2bb94cdcf79ce0e5ebb,d0918bc69be2f249f9105e579fa5bab9,delivered,2017-08-13 00:20:21,2017-08-13 00:30:13,2017-08-14 13:37:46,2017-08-17 17:17:34,2017-09-01 00:00:00
dd29da5b9bd433b33344a6263b0bb3ae,5ee182d6d7f615689babec22e9fec9f3,delivered,2018-03-03 17:27:37,2018-03-03 18:00:22,2018-03-05 22:08:21,2018-03-06 14:46:39,2018-03-15 00:00:00
6cbc2c3a5ded4eb0fed3a011b02c6eeb,dced0cc0cebc0baa44511a39ec893189,delivered,2018-08-27 09:08:47,2018-08-28 04:04:05,2018-08-28 12:56:00,2018-08-30 23:12:25,2018-08-30 00:00:00
e2c195168dcfb7f5465c1b342ac094ee,61a7c7e572b59b43e4949306cc785b67,delivered,2017-10-03 12:18:28,2017-10-03 12:35:18,2017-10-04 17:14:40,2017-10-10 19:08:17,2017-11-07 00:00:00
b32f983236155d045dccb6dfe9d71dda,cac2ad59ce72f3c3ef20a94dd02f8a54,delivered,2018-01-23 14:54:02,2018-01-23 15:12:52,2018-01-26 16:53:13,2018-01-31 16:33:45,2018-02-15 00:00:00
56eb83c381de8a63428ca988db654080,36c3a3fb83889124506b598b3e7a20c5,delivered,2017-07-06 10:39:10,2017-07-06 10:50:15,2017-07-11 11:52:50,2017-07-17 18:15:07,2017-07-28 00:00:00
a994e6b51de39d9a263918e2b37c859e,31c11dc04a7d1ebdedc4cdb2571b289c,delivered,2017-03-18 15:15:05,2017-03-18 15:15:05,2017-03-20 09:06:14,2017-03-27 16:00:16,2017-04-10 00:00:00
22849055311b7748c424a30367967406,41a429938256faeaaacd3c5003c81602,delivered,2017-03-21 14:28:53,2017-03-21 14:28:53,2017-03-23 16:14:26,2017-03-28 17:03:10,2017-04-11 00:00:00
f323bb8ea0778da8d42a6de6499edb87,10040f52d3ff7967bd8f5e08b3a38e22,delivered,2017-03-07 16:37:23,2017-03-09 02:46:07,2017-03-10 12:18:07,2017-03-30 11:05:59,2017-03-30 00:00:00
0d4947e726ae3959a6cc28979ab632a2,3bbbf089a6d913378b28cc1849c98b7e,delivered,2018-01-11 20:33:22,2018-01-11 20:47:50,2018-01-13 02:43:05,2018-01-26 11:46:56,2018-02-06 00:00:00
55101b36a58251926b6cbfdb540c0461,d5d8b3a49845e7291be73ad610ee09e4,delivered,2018-05-13 21:38:39,2018-05-13 21:52:33,2018-05-15 08:21:00,2018-05-30 15:03:42,2018-05-30 00:00:00
1597b20b2beabd6db9dcc126b74bd21b,217f46422137f2116d050d1c02e924a1,delivered,2017-12-18 11:01:21,2017-12-18 12:41:29,2017-12-18 21:12:47,2017-12-23 15:30:08,2018-01-15 00:00:00
b8f7f9df1e5bf679e78dbf66146a39e3,f9025103c99f5cce0da8705a6d5b548a,delivered,2017-12-07 17:12:06,2017-12-08 02:54:12,2017-12-11 21:38:42,2017-12-19 17:34:30,2018-01-11 00:00:00
bee3c772bf29c9b56628b4fc2206fc9a,5134e48a9265050e6884f2c44752a4d5,delivered,2018-05-25 21:15:11,2018-05-25 21:37:30,2018-05-29 15:01:00,2018-06-02 13:51:55,2018-07-05 00:00:00
6eb14a9fb7ce26c557bcf1e0f3eda606,d0b0d73f1abce4934ef0895fed3726d7,delivered,2017-07-16 20:23:06,2017-07-16 20:35:10,2017-07-18 15:38:35,2017-07-24 14:27:45,2017-08-04 00:00:00
96546cd9fabb272850cb06f473cdeaeb,9069eaf7acb0e3960f09b27b04c3011f,delivered,2017-11-01 19:45:22,2017-11-01 20:31:14,2017-11-06 19:28:45,2017-11-09 21:21:30,2017-11-22 00:00:00
2f6492ebb2badd06db511b63ae7d7f55,0ffc8e8c374a394b0715d65963d641f1,canceled,2018-01-20 14:59:28,2018-01-20 15:22:02,2018-01-22 17:09:37,,2018-02-20 00:00:00
6db7e4442de05056ba045dde1f9cd9a2,67e84fa925f3a03fec2e363a72432552,delivered,2018-02-01 21:45:16,2018-02-01 22:12:08,2018-02-06 19:58:32,2018-02-21 19:32:58,2018-03-02 00:00:00
8a27647dc5f71b1eda4620983e89334c,a4f88a770cb2bd3e167bbec6264e7e3d,delivered,2018-08-16 16:05:01,2018-08-16 16:15:18,2018-08-17 14:49:00,2018-08-28 16:07:32,2018-09-04 00:00:00
c3161a99d341124cd73a499963ac3a53,683a5dc0ad540f0dd32d41d704bebfcb,delivered,2017-11-10 10:25:55,2017-11-11 02:46:43,2017-11-14 21:48:44,2017-11-18 16:26:52,2017-11-24 00:00:00
bfad9ff42484f9e0224948d1e17ec2d5,32b6e75467a383fecae5655d01dfd92a,delivered,2018-05-13 19:05:44,2018-05-13 19:15:20,2018-05-14 12:49:00,2018-05-18 16:23:02,2018-05-30 00:00:00
32c89e20288914a5f7feb879cbb0fac1,2974a6e2368bd4d649bad949c033ea0c,delivered,2018-04-05 14:35:51,2018-04-06 03:15:27,2018-04-11 17:38:25,2018-04-18 23:50:35,2018-05-07 00:00:00
a89d45c2ef9d31cd498cd77bd73afde8,af3ca540cd35d162185fbab3e70ad17c,delivered,2018-05-12 19:43:22,2018-05-12 19:56:49,2018-05-14 14:08:00,2018-05-21 19:58:46,2018-06-21 00:00:00
341d0ee42d08b192c88aaa1c360f97e9,b5e852d38cb35637d6e92026a54bc952,delivered,2017-11-29 12:07:47,2017-11-29 12:19:01,2017-12-01 15:39:04,2018-01-03 18:09:00,2017-12-22 00:00:00
1b27a0faae4a248229a7037964a710e3,03204f6fad6975a956d068ef0b8e3f5e,delivered,2017-09-10 15:41:23,2017-09-10 15:55:21,2017-09-13 20:55:28,2017-09-28 10:52:32,2017-10-09 00:00:00
e212133c649bc2cb01579ef9fff04e63,507d1024879edd1c023eaad3cc4392fc,delivered,2018-01-15 11:55:00,2018-01-15 12:34:30,2018-01-17 15:09:23,2018-01-24 21:46:43,2018-02-19 00:00:00
a8957020fc3e51e6dcc4e8b13a5af428,0293f0ef4b3402822f7e5304469f34ff,delivered,2018-02-21 12:31:46,2018-02-21 12:50:20,2018-02-22 20:45:27,2018-02-23 13:44:25,2018-03-08 00:00:00
2f9e8d64d770c904151499dd92659043,d44c7e6687e65f6232ac9fdf73dd3b66,delivered,2018-05-17 16:40:12,2018-05-17 19:34:26,2018-05-18 09:16:00,2018-06-14 21:07:15,2018-06-04 00:00:00
3742355faff03505219c427b01919e0b,f6a35b826a976df2af454116f8c1a5b4,delivered,2018-08-09 12:52:57,2018-08-09 14:35:22,2018-08-10 13:44:00,2018-08-20 20:18:26,2018-08-28 00:00:00
5b71035c88f2a3897eb7f0f73edb3f33,aa806755bf5b7c312a0243ef100e547c,delivered,2017-09-21 09:43:31,2017-09-21 09:55:15,2017-09-27 17:25:31,2017-10-09 22:16:39,2017-10-25 00:00:00
951f737376475cd4b02bca8286f30a29,9275f5b33d5af663f27c080ad4113931,delivered,2018-03-04 19:11:08,2018-03-04 19:28:29,2018-03-06 23:35:19,2018-03-27 18:45:44,2018-03-21 00:00:00
6ee27e2aa69517789049416f0c9d4580,ed7fc88b987e2d756555740de689f3a9,delivered,2018-01-21 21:10:44,2018-01-23 03:37:24,2018-01-23 23:42:13,2018-02-16 16:35:31,2018-02-21 00:00:00
078db7c551c5b6a107ba6d586a13f14d,04e93f286b7920c82dc1a31240255ee6,delivered,2018-05-21 19:22:22,2018-05-21 20:55:06,2018-05-22 13:32:00,2018-05-23 17:32:16,2018-05-29 00:00:00
6342ecba383e08880d3af0144afc7a40,f17ba9b74a4b4ee418c1077e6b363b3c,delivered,2017-12-15 12:21:14,2017-12-15 12:32:56,2017-12-19 19:42:09,2017-12-28 19:43:13,2018-01-10 00:00:00
eee368ec94b69377549076404e92eede,288f4f9c90d537bdcc404781e5b772f8,delivered,2018-03-19 18:56:40,2018-03-20 03:49:04,2018-03-20 20:27:43,2018-03-21 21:07:22,2018-03-29 00:00:00
401de49ffa73d6f2b442357b6c84beab,5bbcc15d904dc2a712f68a09e1a53187,delivered,2018-07-02 16:44:40,2018-07-02 17:11:05,2018-07-03 13:51:00,2018-07-09 12:42:05,2018-08-01 00:00:00
e7519cd023554b4884a8df704a4ed7b9,f47a6c9be5aca47f6f42d1387aef8f26,delivered,2017-09-18 23:24:18,2017-09-18 23:36:35,2017-10-02 14:51:56,2017-10-13 18:22:26,2017-10-06 00:00:00
2be14bfbd7aa00107ece493cbbcc29f0,1a3e662389c7b8b69c4b59a8b07df75e,delivered,2017-11-16 12:12:37,2017-11-16 12:50:42,2017-11-21 17:03:54,2017-12-05 19:58:55,2017-11-30 00:00:00
30cf02a409922ad0e5c0f683ad9c45f0,0be39985ec47a13a76f780957f516a6c,delivered,2018-01-10 14:51:16,2018-01-11 10:08:35,2018-01-11 19:08:19,2018-01-25 20:48:36,2018-02-16 00:00:00
d339c9a9c019e5beaf1cafb6cf77a23c,d47938597c090244539476d45ba3c238,delivered,2017-09-04 17:56:16,2017-09-06 02:45:10,2017-09-11 20:54:36,2017-09-14 18:27:22,2017-09-21 00:00:00
4b71d0c2069bff9ed09d410833e104c0,9a52414431ab1b516acea1e0f953c6a1,delivered,2018-06-21 11:32:50,2018-06-21 11:58:50,2018-07-05 09:29:00,2018-07-09 21:49:36,2018-07-18 00:00:00
3891818a949d667ca119b3567b52363d,7e265cfd79bbf7855fef7f22b2d0a01c,delivered,2018-06-25 09:21:48,2018-06-25 09:35:24,2018-06-28 14:42:00,2018-07-03 16:42:18,2018-07-20 00:00:00
c6f11a51ee3384a11e50cc55dc685c24,52f41b570c31d5f465eea3427b30334e,delivered,2018-08-15 14:02:44,2018-08-15 14:24:18,2018-08-15 13:56:00,2018-08-21 10:15:44,2018-08-28 00:00:00
42a05f75800f7b2f57f1c57a63955911,ff9f37a06f82b3db748599da8b08eb66,delivered,2017-10-05 10:35:03,2017-10-07 02:28:21,2017-10-10 20:41:05,2017-10-18 00:34:46,2017-11-01 00:00:00
ad2a607cb972296b63c687849e21dd34,a93aaf1f50fd874a8d2cf3413cc2a9f3,delivered,2018-03-20 12:46:43,2018-03-20 12:56:39,2018-03-27 19:28:02,2018-05-04 13:06:54,2018-04-19 00:00:00
663f241698c041a1ca4f0b713327f0b0,cecece2ac5dd78d206efb4d9acafcb78,delivered,2017-05-14 17:06:09,2017-05-14 17:15:20,2017-05-19 09:12:39,2017-05-22 11:26:46,2017-05-26 00:00:00
2e4f64ec18ffd417ac0225cb9a48090e,7c7b64592be01079162017ef22e15f29,delivered,2018-04-30 12:17:50,2018-04-30 12:32:35,2018-04-30 15:14:00,2018-05-09 22:21:02,2018-05-23 00:00:00
e7d1cbc138189b71137ee7031026b62e,0c08fe96c0e03914e28fb8678c66983c,delivered,2018-04-21 18:11:49,2018-04-24 18:59:35,2018-04-24 17:04:18,2018-04-30 22:05:24,2018-05-15 00:00:00
063009988101940b4392ba9b2f2ca112,c2b7c8b9844ce8239986985f4711fe6b,delivered,2018-03-13 13:36:34,2018-03-14 02:49:04,2018-03-21 22:52:33,2018-04-03 01:06:53,2018-04-05 00:00:00
0260196efc012b1f83d543ba8220d0ee,bbaeaf6810cf76b8fd38e746520c7d3f,delivered,2018-07-21 21:53:08,2018-07-21 22:05:13,2018-07-23 15:44:00,2018-07-27 15:48:47,2018-08-07 00:00:00
557feacb7d186d0cacec3e801d38fc8f,46b876ce0c7611ab7ae7c2b39e154f6f,delivered,2018-01-08 13:00:00,2018-01-09 07:21:32,2018-01-09 21:24:02,2018-01-11 13:03:10,2018-01-31 00:00:00
c4ed5db53397cdd0f24bb4ba48f769f8,b965b22eb0be25b8a06e11e390c4ffb8,delivered,2017-06-22 22:14:08,2017-06-22 22:25:18,2017-06-23 11:09:17,2017-06-26 16:57:54,2017-07-05 00:00:00
2244971aed08bfbb95048f08fbb5076a,0b1cfa043d7b3c657583172cfdcfee59,delivered,2017-04-12 11:35:01,2017-04-12 11:45:09,2017-04-20 15:12:38,2017-04-27 08:27:58,2017-05-08 00:00:00
2e3889d3a9c61df9a9e1c64f566c6aea,531d4165aa0c1d4fca04d116190313ce,delivered,2017-02-28 15:22:46,2017-02-28 19:17:59,2017-03-03 14:21:21,2017-03-18 13:07:51,2017-03-20 00:00:00
46aecd246f390bf2157edfeed11b5433,45b73da5b4052e86fc997f0716ff2bb7,delivered,2017-09-14 09:36:29,2017-09-14 09:50:19,2017-09-14 20:03:47,2017-10-03 18:33:06,2017-10-27 00:00:00
43443d5fff4b94d98df1ad41af13d302,a4f79cbf59e901cebcf236354f947b64,delivered,2017-02-13 22:09:21,2017-02-13 22:23:02,2017-02-15 08:23:45,2017-03-03 06:48:46,2017-03-17 00:00:00
3d6298d6f28bd5a6ce39be4faef068c8,0a0a7db3f0b06e9fd2888ebab0f8a694,delivered,2018-05-06 12:12:44,2018-05-07 16:12:38,2018-05-09 14:51:00,2018-05-30 22:34:49,2018-06-01 00:00:00
bc7ea7bd7ca4a182ca5306633dd96152,00a572d0c25a9ea5e283ea2da267ba8d,delivered,2018-04-02 22:05:00,2018-04-02 22:35:50,2018-04-04 12:41:51,2018-04-10 21:12:23,2018-04-18 00:00:00
eaf268a56531587a742f3fc5590999b1,1e617abc89da2e263995e6a978758250,delivered,2018-05-07 16:51:25,2018-05-08 17:12:14,2018-05-10 18:29:00,2018-05-21 21:56:43,2018-05-28 00:00:00
c9af854c75c421e3b6f3de0336c7fe65,d8b137e462d7f9a924b30933c057a539,delivered,2018-06-19 11:09:12,2018-06-19 11:35:13,2018-06-21 18:50:00,2018-06-22 13:31:55,2018-06-29 00:00:00
9cc4ea682d63b102c5b7d5cccae73748,493fafc21c37974fbab32c80cfcfb11f,delivered,2018-06-21 19:36:26,2018-06-21 19:58:30,2018-06-22 10:36:00,2018-06-28 12:27:35,2018-07-23 00:00:00
c57edd0a24c02e38a5f007804662589b,d4f32ed4a4528ef7aa29aec2fc65eae1,delivered,2017-04-01 20:56:17,2017-04-01 21:05:22,2017-04-05 12:42:52,2017-04-11 14:55:38,2017-05-11 00:00:00
231184521047214c5f9a91d0cfa84df5,60771df062a0d182e11594d325a3ed8f,delivered,2017-10-14 08:48:32,2017-10-14 09:05:46,2017-10-19 20:50:20,2017-10-30 16:22:50,2017-11-01 00:00:00
3cce272fa362fe558667d1ae4a48d16c,16873b934465481446d55f0e957b5e01,delivered,2018-04-11 15:42:28,2018-04-13 02:15:31,2018-04-18 00:28:37,2018-04-18 16:18:36,2018-04-26 00:00:00
e3d211011fde3f5b8aaf8ecd42c4eed0,5847e99488af8b6725f64b1d888a79d4,delivered,2017-05-01 18:25:20,2017-05-01 18:35:13,2017-05-02 14:11:07,2017-05-04 17:34:52,2017-05-23 00:00:00
ed999ce173fe6a6fd20cb8c85bd2342f,1fc4e70da2f37f99aebb070705e8267b,delivered,2017-11-11 20:33:55,2017-11-11 20:50:56,2017-11-17 12:03:02,2017-11-23 18:03:26,2017-12-11 00:00:00
cc314d5b6f097bc753f74683b141fd3b,4d13db4c9b64c9a153c4cf554ae146f5,delivered,2017-11-11 13:26:32,2017-11-11 13:46:12,2017-11-14 21:39:08,2017-11-24 18:13:07,2017-11-27 00:00:00
1b9f098d737d935f7db04ff053f529be,2f434a46bae1256314ee1f13056cd5cb,delivered,2018-02-21 20:21:57,2018-02-21 20:35:32,2018-02-22 22:56:53,2018-03-23 21:54:38,2018-03-22 00:00:00
a8bbfc92aa07f8d418960d1afcaad4c2,3f80d31744ca18a1d9d917ed02659cd8,delivered,2018-05-17 18:51:22,2018-05-18 18:58:17,2018-05-21 15:21:00,2018-06-05 13:34:58,2018-06-05 00:00:00
b086c1a7c7ed350b2faeb2869ac483ec,1ce32b754efb922a7fe5f88d2ab49062,delivered,2018-04-12 16:17:51,2018-04-12 16:33:13,2018-04-18 19:54:45,2018-04-20 12:11:59,2018-05-07 00:00:00
c230f6e954ab2b2aed5ad7458d539258,83398e1c675b19d3356e5db8a6e36fe9,delivered,2017-09-24 18:11:31,2017-09-26 03:35:42,2017-09-27 13:19:55,2017-10-03 20:53:54,2017-10-17 00:00:00
1567393726edacf3d6b548daa7a34475,f752eb5ad4ba2692fc58c43a8c420c8a,delivered,2018-03-29 10:41:51,2018-03-29 10:55:14,2018-04-04 14:22:08,2018-04-11 17:08:44,2018-05-02 00:00:00
f4644597165c84bebe72a057c53a0698,81bf164bdfd3c3c8367945888f18f05a,delivered,2017-10-17 19:22:58,2017-10-17 19:36:46,2017-10-20 16:10:04,2017-11-09 13:42:10,2017-11-14 00:00:00
904b5a31ae9ef2b1a3afa6c13b15c2cc,fc70a16ef4c1c733f42e776ff0a980fa,delivered,2018-06-20 07:40:49,2018-06-20 07:58:14,2018-06-21 14:17:00,2018-06-25 15:53:48,2018-07-19 00:00:00
721ba0a3a5e7b741323fd37db5e04efe,e41df38e44405433beb499b662d899e9,delivered,2017-07-18 11:56:57,2017-07-19 03:50:16,2017-07-24 15:43:58,2017-07-26 10:22:25,2017-07-31 00:00:00
b298fd28139da45209ed96d965b7a1ad,41005552ba23cc2ae6e28c8751f02f42,delivered,2017-12-11 16:01:06,2017-12-13 19:18:21,2017-12-14 23:05:06,2018-01-08 14:10:24,2018-01-09 00:00:00
4cce769b9c107aa99a5418c1104e0a17,39971a351f2ce2a0fea4be0373b807a3,delivered,2018-05-11 11:23:55,2018-05-11 11:37:33,2018-05-11 15:16:00,2018-05-14 22:19:45,2018-05-30 00:00:00
55a49914f37572b70e7d0e1fb09f0b1e,503d3a02e4c3308479e46426931c73dc,delivered,2017-04-08 18:32:07,2017-04-11 03:55:22,2017-04-12 15:09:25,2017-04-20 17:53:09,2017-05-04 00:00:00
0e947809a364825d9cd3af9fe3197074,7c86a90121d1ec392ec94d54a5ca4098,delivered,2018-07-30 12:19:23,2018-07-30 19:32:13,2018-07-31 12:17:00,2018-08-07 02:08:48,2018-08-17 00:00:00
340f6a494c2beb062b582296fa626746,4fd59a5a2e0539e43a8cff7d4bb510a2,delivered,2017-07-07 15:55:02,2017-07-08 03:30:46,2017-07-10 19:07:41,2017-07-18 19:04:01,2017-07-31 00:00:00
7c449e89499b19ca6b1904f9751e3925,48c8046eb790bd7fca3ac08eba9790f3,delivered,2018-03-24 17:52:51,2018-03-24 18:08:03,2018-03-27 23:39:11,2018-04-04 10:51:48,2018-04-24 00:00:00
717f4581cd1688ffb536d815e2636d10,8ff38f870d1359ab0c37bc7ae1feb8f1,delivered,2017-12-10 00:59:45,2017-12-10 01:31:02,2017-12-11 17:14:02,2018-01-05 14:18:13,2018-01-22 00:00:00
8f28ec50f5b8025bd728c535fbd7eacd,cbd97d7b036a5039e4b48265b7a7a310,delivered,2017-04-26 14:23:00,2017-04-26 14:35:08,2017-04-27 07:46:07,2017-05-26 09:39:53,2017-05-25 00:00:00
81616c912848057e42d364c9d306ea92,94aaebb6f7ac595f63abf3f7027e0b46,delivered,2018-01-16 09:01:56,2018-01-17 03:35:47,2018-01-23 19:58:48,2018-01-30 22:27:49,2018-02-06 00:00:00
bae1ccf3fe7baf222a4240bab9c095ca,b7914f4692aa83f8c4cce8ed7a957634,delivered,2018-01-12 14:05:41,2018-01-12 14:18:26,2018-01-15 17:25:55,2018-01-22 21:33:50,2018-02-09 00:00:00
260ae6dba7f42f9c5e74b4e76a922f08,3bb9222dd102c99c63fe9d16b47e985e,delivered,2017-09-12 06:22:08,2017-09-12 06:35:12,2017-09-12 22:02:52,2017-09-18 21:17:30,2017-09-28 00:00:00
3a272f742a03e6f800cdc955ef4c173e,9b1aef0b92a783bd43d3798dca83d7da,delivered,2018-01-21 20:10:24,2018-01-22 13:58:26,2018-01-22 21:48:44,2018-01-29 22:10:26,2018-02-14 00:00:00
c6404ad1d7ca9a20609c6a3179e06293,f7aa2936b821e2ec5e7c9922f6375e6e,delivered,2018-03-26 23:22:17,2018-03-26 23:35:20,2018-03-27 22:15:30,2018-04-03 01:04:47,2018-04-12 00:00:00
6eb1728e88c8db6cd1846dc95eb80572,e6b1bf9a73b24f204d6f88e2df206e22,delivered,2018-01-14 14:09:10,2018-01-14 14:16:30,2018-01-15 15:47:03,2018-01-20 12:48:15,2018-02-16 00:00:00
528bb4626c94487b57c3d56f0d16eb2e,ac7e1664278c655fb99ef9965b4b5d97,delivered,2017-11-17 19:46:19,2017-11-17 21:40:29,2017-11-21 14:58:35,2017-11-24 21:38:49,2017-11-30 00:00:00
ecc7087acdf5c36b3e115a2638bcfb92,3d9838aa35223cdfddaaf348d93bc30b,delivered,2017-09-12 17:10:30,2017-09-12 17:30:11,2017-09-14 16:37:33,2017-09-19 17:52:21,2017-10-05 00:00:00
111cad04d7595482f30e12764539fcbc,9318d7ebeca20debca17481db66bfe65,delivered,2018-04-06 18:14:21,2018-04-06 18:29:20,2018-04-09 19:55:45,2018-04-11 22:08:31,2018-04-23 00:00:00
e0d87dca2f843a0581d3fbcde874e712,d8f730e6bd5ec4e3ed7801e42bb2dd99,delivered,2017-06-28 10:08:29,2017-06-28 10:23:37,2017-06-29 11:59:51,2017-07-04 15:41:28,2017-07-18 00:00:00
c4c0c97655a014bae49ca6704a0a42a7,6fc7977f7a1c3cfe277eb0db5e7a17e8,delivered,2017-09-14 10:29:19,2017-09-14 10:45:09,2017-09-18 21:17:02,2017-09-25 19:25:03,2017-10-03 00:00:00
350e81ea69628f5c056e29e198b2f5a2,51f407d9c0d2379f49ad0d507c855193,delivered,2017-11-24 01:36:00,2017-11-24 10:32:02,2017-11-24 18:58:36,2017-11-27 21:52:53,2017-12-08 00:00:00
f726f658e548a5e6e7f2c8f4ee47d73f,0fcee0348735ecb82c1a60d021fa3ea4,delivered,2017-03-16 09:05:50,2017-03-16 09:05:50,2017-03-16 15:39:31,2017-03-27 09:28:01,2017-04-12 00:00:00
34d2ba2c2fd661913febe4eee1648347,7cb655c040b27d290a7b3d7ef6a19ae5,delivered,2017-08-15 08:47:35,2017-08-15 09:03:54,2017-08-16 17:04:40,2017-08-21 19:43:49,2017-09-05 00:00:00
d437feefd975db4a8882cc7408b51033,51d5188f442c53066ebe0b69d43aaab7,delivered,2018-02-19 14:09:52,2018-02-19 14:27:28,2018-02-20 19:12:36,2018-03-06 16:18:51,2018-03-09 00:00:00
4a6f0e75398881152007f6ab2d3f5159,2e457d0dfc95e440c3d8f70b5bb705d6,canceled,2018-06-10 09:04:06,2018-06-10 10:30:32,,,2018-07-03 00:00:00
4b67dcd830305032861498d405f10123,5dcf097f6df316f7d167dc7f7e3dd6ef,delivered,2017-02-08 19:44:53,2017-02-09 19:50:09,2017-02-13 01:35:49,2017-03-13 02:38:58,2017-03-21 00:00:00
8cb4c3b93d004ba346c01cbbc9cf5c73,01d7e86d9cc4c847baf866cf8f0d0536,delivered,2018-07-18 13:52:45,2018-07-18 14:05:18,2018-07-19 13:06:00,2018-07-27 19:27:44,2018-08-09 00:00:00
a8c02c01c51e3d93d9b19b9ef8b138ce,3ddd5247011462bb52172144aaa26052,delivered,2018-01-16 22:12:33,2018-01-16 22:30:04,2018-01-19 02:33:11,2018-01-28 16:54:25,2018-02-09 00:00:00
b13732c40c7e74c2d89c595fdfae8fa6,f4b9086f01c510bfacd581b2f59d6d0c,delivered,2018-07-13 14:48:56,2018-07-13 15:04:23,2018-07-16 14:55:00,2018-07-27 15:32:26,2018-08-07 00:00:00
6e07f46972023a8c972489cd0278592f,f2398fd9c4b0ea26e4465a8f873ef3cf,delivered,2017-07-17 23:20:14,2017-07-18 00:35:15,2017-07-18 18:02:56,2017-07-24 19:33:23,2017-08-10 00:00:00
a5627a9678ad34e3b24d0ffaca3c2fec,73b3110454db067b84801e7d2901ef57,delivered,2018-02-04 12:18:42,2018-02-04 12:35:26,2018-02-06 18:52:54,2018-02-16 19:39:16,2018-03-06 00:00:00
33d8c67634709f6b46cfbe5f0c6cf88e,d3a7a36704090ddb74e8a33463964262,delivered,2018-04-06 08:33:56,2018-04-06 08:49:20,2018-04-09 15:19:12,2018-04-12 18:12:20,2018-04-27 00:00:00
d687704e16072248fd77450d3d4b70d6,baa388ae8e98a56b80640f05b084938c,delivered,2017-04-29 19:29:16,2017-04-29 19:42:58,2017-05-03 09:20:37,2017-05-20 07:36:55,2017-06-09 00:00:00
068d8eb8e288e07e76b3e86b4a793f31,8598a616116d5118a03195bc239aa7c2,delivered,2017-06-07 23:33:56,2017-06-07 23:45:17,2017-06-08 14:51:49,2017-06-19 12:04:53,2017-06-30 00:00:00
118184a28018553dd791eaf04d144f53,2ded692d49a6fa0bc7888c91a226f01a,delivered,2017-09-28 10:56:34,2017-09-29 02:31:00,2017-10-03 10:56:58,2017-10-06 12:34:46,2017-10-20 00:00:00
0ccec03928b91e74f73a46d5b77c60e5,f34b16d1165d68d1fd046eaa0cc21faf,delivered,2017-07-12 23:19:29,2017-07-14 02:26:19,2017-07-14 19:12:16,2017-07-28 19:52:02,2017-08-03 00:00:00
ff81a4d6caf5a04e852149c674789478,a512cdca6c7aed26b77a3e7ec8bb1b1e,delivered,2018-04-24 18:02:40,2018-04-24 19:19:26,2018-04-25 11:47:00,2018-05-03 16:07:24,2018-05-09 00:00:00
9e99d6f656fcb2d4a76e9455959cf62f,8c2cacdb29d403b18d70caabdad611bc,invoiced,2017-09-12 08:25:21,2017-09-12 08:35:15,,,2017-09-22 00:00:00
4bdf67876c8033193a77066be8dad7db,48ce7d9bab9e6278fe04cdaa72f2cd16,delivered,2018-01-24 15:30:17,2018-01-24 15:58:11,2018-01-25 21:13:48,2018-02-02 18:41:48,2018-02-16 00:00:00
0add19297766bc00a177a9ae740554eb,96fbbe8005e67d382b0fc453a288be02,delivered,2018-04-01 22:50:57,2018-04-02 22:48:13,2018-04-05 20:49:46,2018-04-12 13:41:40,2018-04-18 00:00:00
a40078ea7fe9b53ed9111085c0e9de35,ac4481e756b60f32c809a56fc36471e9,delivered,2017-12-19 18:14:18,2017-12-21 02:12:50,2017-12-22 20:25:12,2018-01-09 20:51:14,2018-01-17 00:00:00
58f06353c6da67c88b4a4641cef385b0,4ff4005a59f62227c1bca8e0d84f08f7,delivered,2017-09-18 17:20:34,2017-09-19 03:45:10,2017-09-19 14:24:08,2017-09-27 20:30:10,2017-10-05 00:00:00
c68ab0a4c51b32f6b71496f4daac4e16,73a5749cd00eb3271a4e839d7c71ec9b,delivered,2017-03-16 08:08:52,2017-03-16 08:08:52,2017-03-16 09:17:25,2017-03-22 11:23:54,2017-04-10 00:00:00
d4b2647e5564c324255aa92e46dc3956,91b784717bc94a872bf5ab85e4c621e6,delivered,2017-08-22 13:09:32,2017-08-22 13:26:05,2017-08-25 12:23:39,2017-08-30 18:49:59,2017-09-15 00:00:00
3f9e5f1ff83930fc1b3ad1300b4ad725,10baf140b1aeb0502d2353e144d75548,delivered,2018-04-25 20:32:20,2018-04-25 20:50:19,2018-04-27 15:39:00,2018-05-10 17:12:25,2018-05-28 00:00:00
f3d59321333272553ea18350bf41946e,05e93cca1c74e73874334c765fddaacb,delivered,2017-03-12 08:42:37,2017-03-12 08:42:37,2017-03-14 09:52:02,2017-03-21 12:00:40,2017-04-03 00:00:00
a9fd72b050d13c8473c0d9503ac493b8,b767290b393d66a2425ccec273e0718f,delivered,2018-01-10 14:45:12,2018-01-11 02:48:42,2018-01-17 18:00:11,2018-02-15 20:34:06,2018-02-08 00:00:00
ae8a60e4b03c5a4ba9ca0672c164b181,e6f959bf384d1d53b6d68826699bba12,delivered,2016-10-03 22:44:10,2016-10-04 10:28:25,2016-10-30 14:22:04,2016-11-03 14:04:50,2016-12-01 00:00:00
fa3c3ae82babb19297d2368150fa2929,8f826ddf72ed29e7b422d33d82e0d183,delivered,2018-07-25 21:40:41,2018-07-25 22:15:16,2018-07-26 14:44:00,2018-07-30 21:11:58,2018-08-14 00:00:00
732f26c55f8366066c096f572cb73854,5ab2ebdcbf0d95ad1b8f479895d8b137,delivered,2017-10-18 01:29:03,2017-10-18 01:35:20,2017-10-18 18:14:06,2017-10-24 12:52:13,2017-11-09 00:00:00
c952071f38138a067c714cf653f34aa6,c6f9d741f10022ed6f9233f0ee079978,delivered,2018-07-22 21:32:38,2018-07-23 12:31:57,2018-07-23 10:52:00,2018-07-26 17:26:30,2018-08-09 00:00:00
69923a4e07ce446644394df37a710286,31f31efcb333fcbad2b1371c8cf0fa84,delivered,2017-09-04 11:26:38,2017-09-04 11:43:25,2017-09-04 21:22:15,2017-09-05 19:20:20,2017-09-15 00:00:00
30db3beab6efd31f72732fb15c2862dc,8edc930c2c557e6bd0f78fee64b9a527,delivered,2017-08-22 12:05:19,2017-08-22 12:15:21,2017-08-23 17:03:22,2017-08-31 20:06:48,2017-09-14 00:00:00
6654e58f005c8a4b26a13bfa094b1ec6,9f1145d538555129779edbb5c57cafd4,delivered,2017-12-13 00:12:09,2017-12-13 00:30:04,2017-12-15 20:07:18,2017-12-27 20:07:43,2018-01-18 00:00:00
e05a09fdfa909b44bbe0d68635a0f585,66bb855c7ef28a416ec9369dff7f44a8,delivered,2018-02-03 20:30:33,2018-02-03 20:50:00,2018-02-05 18:14:56,2018-02-21 09:57:09,2018-03-06 00:00:00
9b87b416a8eafa9023a1ade52ae320a2,c024c53872188852f6eaa202a045bada,delivered,2018-08-01 06:30:41,2018-08-01 06:45:08,2018-08-01 14:33:00,2018-08-02 15:42:36,2018-08-07 00:00:00
e0788e95b53fbcfd9955d96e0fcade45,cc1163f317a3e7873fd6917b5b27ebd1,delivered,2017-10-17 23:17:33,2017-10-18 23:49:43,2017-10-20 17:10:01,2017-10-23 17:18:52,2017-10-27 00:00:00
41b3745609d5c6c750f838cae9f18804,d78066bbdc72ea3165f01cd7c572091d,delivered,2017-11-08 19:32:12,2017-11-08 19:47:16,2017-11-09 15:25:37,2017-11-20 22:44:24,2017-12-06 00:00:00
38191a080c6c22b7c4268a2d51a8ac60,8452bb25abb611f34c607c66537d209c,delivered,2018-02-28 10:45:59,2018-03-01 02:50:50,2018-03-03 00:28:47,2018-03-23 18:41:55,2018-03-26 00:00:00
754328c1ffda8a8ba227f2851a3772cb,d1d67e6e2d57800a09b5fa607ea74f89,delivered,2018-06-12 11:52:57,2018-06-13 11:55:15,2018-06-13 14:48:00,2018-06-18 15:22:31,2018-07-05 00:00:00
6f1187fc8053e3eb750bf709d0329c0a,b0ed56e6e42c321562aaf124ddb846b1,delivered,2018-05-14 17:15:38,2018-05-14 17:30:42,2018-05-15 17:35:00,2018-05-21 15:44:42,2018-05-28 00:00:00
6923051242694891e2f71ddc4eb93690,bf2cf07066dfbad334b5a59013a158b7,delivered,2017-08-25 12:33:10,2017-08-25 12:45:40,2017-08-31 20:09:51,2017-09-12 21:26:43,2017-09-19 00:00:00
b29ccca58aacdf08c7f7798ec2e001ad,c3f6c4ff8cece463e08e2e6d7fa0585d,delivered,2017-09-07 14:10:24,2017-09-07 14:25:26,2017-09-08 17:41:38,2017-09-18 21:22:08,2017-10-04 00:00:00
76431a049e67e903e616499cb2b32f0c,b999716961df05075a380f01c338cd83,delivered,2017-08-31 13:57:57,2017-09-01 04:35:39,2017-09-06 16:47:32,2017-09-13 17:39:39,2017-09-21 00:00:00
10f79c7ff9fb9b8ce494bd5f0357aa8f,4eeee7739fc9c5ba4bc099b42d176ab5,shipped,2018-03-18 10:44:02,2018-03-19 11:31:46,2018-03-21 18:51:44,,2018-04-24 00:00:00
df156891939f37c451dfa81e3e724540,82e248420607446b60603429e51ff8c2,delivered,2018-02-11 11:17:16,2018-02-11 11:31:36,2018-02-23 22:34:06,2018-03-13 15:21:36,2018-03-09 00:00:00
3a2727b6397e6a6d5f7dad0d5d47e97e,17512f8f575d5c56299bb07f941c2d58,delivered,2017-10-22 20:18:22,2017-10-22 21:28:17,2017-10-24 11:36:48,2017-10-31 18:47:02,2017-11-22 00:00:00
d04a002f83f53de3e76df5f6c7873213,a000155999c7cfe2044ba94c4ae5db6a,delivered,2017-07-07 18:30:42,2017-07-07 18:45:19,2017-07-08 11:46:44,2017-07-17 11:33:53,2017-07-31 00:00:00
9d3988465ae7ab02782cfc42f83ff58e,891df15998426e9d609b7f363a555ce4,delivered,2017-04-05 22:47:02,2017-04-05 23:02:30,2017-04-10 10:17:43,2017-04-13 07:45:18,2017-04-28 00:00:00
8a26e866542681e7f7b1aaa7a396e8d0,0ed445d941e08fcbf3e42eacdc82dc79,delivered,2017-03-09 10:43:05,2017-03-09 10:43:05,2017-03-10 10:38:24,2017-03-16 11:25:49,2017-03-30 00:00:00
7ef3958692b5c3531cadd912471860ca,f4379b128c539e453d15ad03fe1f526a,delivered,2018-05-20 19:19:33,2018-05-20 19:38:20,2018-05-21 08:15:00,2018-06-08 20:44:32,2018-06-11 00:00:00
891f8d8fba3fc7b0584e72f290b22078,e58b22f7f3b481586b47322d3456c011,delivered,2017-05-10 19:21:12,2017-05-10 19:30:25,2017-05-11 13:15:58,2017-05-20 10:57:51,2017-05-30 00:00:00
dc5f666aaafdc436026ce648640c2145,5ba405e307bd7a9c6991a51dd81bb417,delivered,2018-07-09 12:17:57,2018-07-09 12:30:22,2018-07-10 14:53:00,2018-07-14 00:12:00,2018-07-27 00:00:00
24090634aff3af5ea0cbdbffc4a3e143,62fb1ac1c746846d118654e8228c7f3d,delivered,2018-07-01 12:37:07,2018-07-01 12:50:02,2018-07-03 13:56:00,2018-07-07 18:32:11,2018-07-20 00:00:00
ebb5affa057893d369c438b0eee8e2b0,3ef0940ac9cc365117d467fd0f3757e7,delivered,2017-09-01 20:06:11,2017-09-02 13:10:16,2017-09-04 20:07:57,2017-09-06 15:21:43,2017-09-15 00:00:00
3afb5554304bdc748e0b05b9b8fbb9ba,fd514893a02833b9856aa162792730f6,delivered,2018-01-20 18:21:50,2018-01-20 18:32:10,2018-01-24 18:09:24,2018-02-16 12:47:53,2018-02-23 00:00:00
1997b62c6e07059b2059f0b871aeda1f,a0e4d2549a2ccda92951e6e5a29b76ce,delivered,2017-11-14 15:53:08,2017-11-14 16:11:40,2017-11-22 16:12:39,2017-11-30 17:28:50,2017-12-08 00:00:00
18937b40506fdcbd3016fa5dea59cbd5,cad00c68174433c042bd102e1dcdc31f,delivered,2017-05-22 21:06:38,2017-05-22 22:10:19,2017-05-26 06:36:36,2017-05-29 09:49:08,2017-06-14 00:00:00
da76e3c8bc4ce67a5b382cfdeb67edde,df8f16eb33e87d3426aefccf7e3c4ecf,delivered,2017-05-29 20:47:13,2017-05-31 06:55:39,2017-06-06 14:03:30,2017-06-11 08:12:23,2017-06-26 00:00:00
ddb33b0aa1ca6227208f0ca0564f0696,09cc193befa14d698869667e92148ab2,delivered,2018-04-17 22:02:50,2018-04-17 22:15:21,2018-04-18 19:08:25,2018-04-23 18:25:27,2018-05-10 00:00:00
961dff69f04ce00334131fdd62ee57c0,cb64e4b6dc20fde48260a4ec34197a09,delivered,2017-07-20 11:33:01,2017-07-21 02:55:20,2017-07-26 18:59:45,2017-08-04 18:41:45,2017-08-11 00:00:00
8304cd42545c641d13b9165c7028c85a,11ec4bc0610184925acab62c1b0cd593,delivered,2018-01-15 01:26:08,2018-01-15 01:37:20,2018-01-15 20:56:46,2018-01-23 21:15:14,2018-02-14 00:00:00
3bd5b53dee9d54938f56208bcc03d855,644182a0f196539f214b3f8877fb19bd,delivered,2017-01-17 12:15:42,2017-01-18 02:15:54,2017-01-18 15:34:26,2017-01-25 13:47:42,2017-03-17 00:00:00
e52c07a2a833bd6f6033795e8fec6286,62e88494783b2abaf1a60cb8a4a87e67,delivered,2017-02-27 14:20:46,2017-02-27 14:33:24,2017-03-01 15:29:41,2017-03-10 07:27:46,2017-03-30 00:00:00
51063a05b43c7e0a5f2314dc6f3790fd,e3d1c979e3171673d78fdf9dac78614e,delivered,2018-01-24 20:52:16,2018-01-24 21:18:10,2018-01-29 09:47:52,2018-02-02 22:51:49,2018-02-16 00:00:00
3607a5c1a425d6896e8327401100e0b2,94caa280131f94e91f17a852f03b199f,delivered,2017-10-25 22:17:10,2017-10-25 22:28:16,2017-11-13 17:15:47,2017-11-28 22:04:38,2017-11-16 00:00:00
ebf5000bc2e96a884fd7536b9d28100b,024c5e8dc02a1cd8856a7f257bd98844,processing,2017-04-15 13:21:33,2017-04-18 03:55:55,,,2017-05-12 00:00:00
9f6c2a2b1cf39bcea618bba4db493cb2,7ecc1c199912aba27995891774aefda3,delivered,2017-11-14 15:18:55,2017-11-14 15:31:16,2017-11-17 20:59:30,2017-11-23 20:09:36,2017-12-06 00:00:00
d0fe02903564aa58217e3c08a4d939bf,e07ceb7f54b6fd99d3443aaf50c6dd9e,delivered,2017-12-26 14:20:22,2017-12-26 14:33:31,2017-12-27 16:12:58,2017-12-28 17:58:33,2018-01-15 00:00:00
9f78c08ae4928d0b51b8ec8da9585714,5c3fb9c8ea09e6fa440dabb20728a5df,delivered,2017-03-23 22:09:52,2017-03-23 22:22:46,2017-03-27 10:20:04,2017-03-30 15:58:06,2017-04-17 00:00:00
44aa6cb9b49cd7412acad36a95e32212,f3beead22416959885ed4f0cfc3bae67,delivered,2017-02-08 19:37:39,2017-02-08 19:45:17,2017-03-06 12:53:25,2017-03-10 12:25:02,2017-03-21 00:00:00
7d3c4b4fac234f9e6d4f11b87cbbfeaf,7b8965a4cad877c5c7e3a07f7ded23d0,delivered,2018-06-18 21:45:06,2018-06-18 21:58:21,2018-06-22 12:53:00,2018-07-04 23:21:44,2018-07-13 00:00:00
98c5e6736c22f74ce441cfa7b457016d,8f6bc80fd15e1d060739784641207e82,delivered,2018-07-17 15:26:44,2018-07-17 15:41:34,2018-07-20 13:08:00,2018-07-27 22:47:35,2018-08-01 00:00:00
f0670859ef34f8878debeb534fdcd855,951034aede95c25c0108682c6253fdfa,delivered,2017-05-20 11:33:36,2017-05-20 11:42:44,2017-05-22 08:03:52,2017-05-31 10:23:44,2017-06-27 00:00:00
3263e5243c28ebe706f7500cf88054ad,d2cb62917a62d79c9eaa46bdd9d374a5,delivered,2018-04-22 18:16:11,2018-04-24 19:04:58,2018-04-23 19:31:49,2018-04-26 19:48:45,2018-05-16 00:00:00
8b1be6fcc4f86f65c9f71a73ed439f05,3137742bf8a6ba694c23bab756b52683,delivered,2017-02-20 16:18:50,2017-02-20 16:30:13,2017-02-21 15:54:26,2017-03-14 14:18:10,2017-04-04 00:00:00
13ba5c26aeaa1d857d413ac4b93f0924,f98fcdb5744e97037986b4c982b142fa,delivered,2018-04-15 11:15:37,2018-04-15 11:31:31,2018-04-17 18:16:46,2018-04-23 16:47:03,2018-05-21 00:00:00
0d28f995a2a25ad8106b1fe23e23297b,4911d24fe89fc2e4d9dc47a39ecc3a6e,delivered,2018-08-14 16:57:40,2018-08-14 17:44:01,2018-08-27 13:37:00,2018-08-28 19:19:40,2018-08-28 00:00:00
3331dbfe6f55503bd3b962d95445ac7f,a318808661dad5e6db0b829df0e827d9,delivered,2018-03-28 14:24:34,2018-03-28 14:35:19,2018-03-29 22:34:33,2018-04-09 15:42:07,2018-04-19 00:00:00
0ed7a79d6ed3dcd5dc6430339b52c0f9,4a085f4d1d6cc706d5c910ed349b55ae,delivered,2018-06-06 21:45:29,2018-06-06 21:55:20,2018-06-07 12:02:00,2018-06-13 17:24:26,2018-07-31 00:00:00
10f809105e097213525169c1cba5c5cd,9b478e1c20f0f95555da7a3e7431427e,delivered,2018-08-09 14:34:22,2018-08-09 15:24:47,2018-08-10 14:12:00,2018-08-13 15:21:55,2018-08-15 00:00:00
65fdcb432cb9cfa970e3a3817b39040d,bb8cc73ebebcd23c9f69c52637229c53,canceled,2018-08-29 08:44:38,,,,2018-09-13 00:00:00
12158685d93b3a6dcb6efad25cd8e056,33526320515dc9ca5c0ecc1ad95f8e8b,delivered,2017-10-18 11:37:11,2017-10-20 02:49:23,2017-10-20 19:58:42,2017-11-01 22:14:05,2017-11-13 00:00:00
f4a347787e3d3c1d8d4bea25ed38d222,f9fac5d83d911cc24a60b4f7a33433ec,delivered,2018-06-14 18:05:57,2018-06-14 18:18:57,2018-06-15 15:41:00,2018-06-20 15:34:52,2018-07-12 00:00:00
2af51acea000183f38353be856b90dca,f7dfaa98733b2da4332ec38335d6d27c,delivered,2018-05-09 19:11:31,2018-05-09 19:35:29,2018-05-10 11:45:00,2018-05-22 09:21:27,2018-06-05 00:00:00
425b629cb241474b5e9131bab244abc6,2612c925b692b83b1667ac82f9c961fc,delivered,2017-06-29 14:34:58,2017-06-29 14:50:10,2017-06-30 14:49:49,2017-07-06 10:23:26,2017-07-21 00:00:00
9b75cdaf2d85857ef023980e15d01546,1790ea7644578180c232ae2249ee4486,delivered,2018-06-14 07:34:05,2018-06-14 07:57:36,2018-06-15 14:15:00,2018-06-19 01:28:42,2018-06-26 00:00:00
e4fb35d5a9461a26a9c1a97a893b3ac9,ba7cbc60652099c65651fec5fef9d685,delivered,2018-03-02 11:59:27,2018-03-02 12:30:54,2018-03-02 23:09:37,2018-03-12 16:58:32,2018-03-22 00:00:00
36f508b04d2ca8729c27e11382939f41,2befea4b444cb13a721489243c0e8c60,delivered,2018-05-07 00:48:31,2018-05-07 16:53:17,2018-05-08 14:50:00,2018-05-09 19:26:51,2018-05-22 00:00:00
35d71bd32993bd9959f7eefe1a5a0f4a,62df101683a6810a942c0fcf6c2eea6b,delivered,2018-03-23 17:02:20,2018-03-23 17:15:41,2018-04-06 23:34:25,2018-04-14 15:06:37,2018-04-13 00:00:00
63f1ad378cef16f74bb7480a3a01e3b4,4d29ad32fd31342f84b2973da2ee9cc6,shipped,2017-12-11 14:48:49,2017-12-11 15:10:40,2017-12-15 14:17:59,,2018-01-08 00:00:00
3a9ba33848c6a55cf77b2d4ac73d18b3,de6e206ece6c5ff725e726d8e6b5bb26,delivered,2017-07-13 16:04:15,2017-07-17 10:25:14,2017-07-17 20:35:50,2017-07-18 12:23:02,2017-07-27 00:00:00
92f6669d95bd08af36b9baa8ed7e72e3,895f224c2cc0152df9fa1a9d68b09a88,delivered,2018-01-04 23:13:02,2018-01-04 23:28:27,2018-01-08 23:58:15,2018-01-24 17:50:01,2018-02-05 00:00:00
8e78a66489b3861f846342d4b158c8f4,ca5be60ca176490157a53b88dfc30c98,invoiced,2017-10-03 19:04:04,2017-10-03 19:14:27,,,2017-10-26 00:00:00
bcd65f5ba3529e137c55725d99f71ae5,498960b46ba65649aa3442eb9543763f,delivered,2017-10-18 20:12:29,2017-10-20 02:46:03,2017-10-20 16:29:30,2017-10-25 21:58:11,2017-11-09 00:00:00
e80e2d3130b41e2f2771f7b558432ac9,9ada9369c351ab0b41d93b98d5a963dc,delivered,2018-02-08 18:36:58,2018-02-10 02:36:10,2018-02-14 18:52:56,2018-03-13 16:42:54,2018-03-09 00:00:00
f8a010ec857efd266611a51aceafa6f8,acbe4b6adbc9282d11a7dd9e1cb784d6,delivered,2017-08-29 19:42:23,2017-08-29 19:50:13,2017-09-01 18:54:31,2017-09-13 00:17:35,2017-09-19 00:00:00
5715f14022215418c906c7a4cda732f4,f7c5e590db7fdf20fa730ccad55e8701,delivered,2017-08-04 13:41:17,2017-08-04 13:50:50,2017-08-08 13:13:30,2017-08-21 19:17:57,2017-08-29 00:00:00
cc9bbac0ab49464c551e527df59db18c,235653dc9683328943db2e5c10db3d12,delivered,2018-08-01 12:09:23,2018-08-01 13:04:33,2018-08-02 12:09:00,2018-08-07 16:53:25,2018-08-15 00:00:00
770ad5eec9763dbf6201f544768ed27b,c6022afbb064be6f432fcde8a15a2b8d,delivered,2018-03-01 20:40:12,2018-03-01 20:50:31,2018-03-02 21:44:40,2018-03-17 18:18:28,2018-03-28 00:00:00
eed14d209dc537c9d99afb938efb2c0e,a0bc70c23b1158a462bfc9415ae8b130,delivered,2018-03-19 22:35:25,2018-03-21 02:49:06,2018-03-21 19:23:32,2018-03-22 21:36:03,2018-03-29 00:00:00
f68b600a2c44fc312a68d5dce8f95803,85d26b5fcb4c83b2283d3c5c7ba5e10d,delivered,2018-04-13 14:21:40,2018-04-13 14:33:36,2018-04-17 18:36:41,2018-05-04 17:12:44,2018-05-08 00:00:00
b1e83743987d023e63838e2fe9149231,6ba7e84c04186c7d84b9c549337ad3c9,delivered,2018-03-03 21:59:29,2018-03-03 22:15:23,2018-03-05 21:10:30,2018-04-02 20:26:44,2018-03-29 00:00:00
b44b36e6b69be34f58753d3b56d24001,a6c9cacb399083fbf6497249c9d3a140,canceled,2018-08-08 14:27:00,,,,2018-08-21 00:00:00
1fba572d64e0fa6d6bbfdd06b5704e6c,ac09b33a9844b58697576f7e29200f5d,delivered,2017-12-15 17:19:15,2017-12-15 18:31:42,2017-12-18 20:07:12,2018-01-17 18:59:15,2018-01-11 00:00:00
4a9d3281429a5cb0ed545ff8aa3f6f93,47c93c1b5a9d5677ab6610844d2367a5,delivered,2017-12-11 20:15:24,2017-12-11 20:30:15,2017-12-13 16:04:54,2018-01-08 22:08:49,2018-01-15 00:00:00
6567852fcba7df8073179800aed3dfd2,b6b5f05626c60dd79df381ce89fdb876,delivered,2018-03-23 13:44:41,2018-03-23 13:55:43,2018-03-27 00:38:45,2018-04-02 11:41:50,2018-04-17 00:00:00
e4bed70dad1c8ff6bfb51ce87e9df866,106be873d0f4092714a0d96b2d24885f,delivered,2017-07-17 15:01:34,2017-07-17 15:15:14,2017-07-19 11:37:50,2017-07-25 20:47:42,2017-08-09 00:00:00
2cfad4578fbb3e63a43013da4edcf479,2cba5015e98cec10bcb02bfff812532b,delivered,2018-06-08 10:17:38,2018-06-08 11:33:29,2018-06-08 15:46:00,2018-06-19 11:24:43,2018-07-12 00:00:00
2d0aa670db1b1678d2de5127f85c0729,fa64656cb999d63ec741f768ee6d8784,delivered,2017-08-17 17:25:39,2017-08-17 18:15:25,2017-08-22 20:44:44,2017-08-28 20:17:45,2017-09-06 00:00:00
4832ff0402c0e07fcf802721babe2b05,195bfa760d994681f4db21fc8ed21af5,delivered,2018-05-01 09:03:05,2018-05-01 09:15:20,2018-05-02 13:07:00,2018-05-08 00:53:51,2018-05-24 00:00:00
9710f69b6b9cfc910ad851334d8ba458,2caf8c04235c6582bab2c3960200bdaa,delivered,2018-03-21 15:16:28,2018-03-21 15:30:33,2018-03-27 17:07:51,2018-04-10 12:56:42,2018-04-17 00:00:00
5df5cba7593161ea7d5bf4c992665079,08d377ec4e70b6c01b875085449b6147,delivered,2018-04-03 10:15:26,2018-04-03 10:30:27,2018-04-04 08:19:52,2018-04-12 18:38:30,2018-04-26 00:00:00
d753cc3a7de44e6e899104d5c130d857,6b4374468fd954e55334b0328f83c275,delivered,2017-10-25 19:49:24,2017-10-25 22:49:28,2017-10-26 20:48:31,2017-11-07 18:28:47,2017-11-24 00:00:00
b130c592bed51534facb262c697f7ccd,ef2050fb05feec229142f1250ece437e,delivered,2017-09-23 18:38:01,2017-09-24 18:45:35,2017-09-28 19:33:33,2017-10-01 14:29:01,2017-10-19 00:00:00
08f41db8292c5a8be5d68f0a18492781,327571566e29bb1fe954bae83836946a,delivered,2017-07-18 10:22:32,2017-07-18 10:30:17,2017-07-20 14:32:08,2017-08-01 20:03:37,2017-08-22 00:00:00
b540d328af5b078f6c8aebac46ae606b,de76e6d1ae61d169d594df213610559a,delivered,2017-11-06 09:07:42,2017-11-07 07:30:48,2017-11-07 22:16:53,2017-11-10 18:09:29,2017-11-17 00:00:00
0b0adccd993fe865dc205586fc9fd045,3a3e3b216aad1589b4c7b5a8edd75c4c,delivered,2018-07-23 21:03:16,2018-07-24 10:31:48,2018-07-24 11:01:00,2018-07-31 17:04:39,2018-08-20 00:00:00
7a5d50c22fa322a528d125a704c8270c,cee7f6079c308086d66b155a3ef25e72,delivered,2018-01-06 14:03:53,2018-01-07 13:54:27,2018-01-09 22:38:42,2018-01-11 14:05:36,2018-02-01 00:00:00
ba90ea1608e340fb0e265ea62c4a981f,a80deef4c70516cae6c81f06381b2d4d,delivered,2018-01-18 08:24:33,2018-01-18 09:31:25,2018-01-23 17:36:51,2018-01-27 14:42:32,2018-02-14 00:00:00
7d3636e9d015024df69d61abc7bab409,2bdf82cc0845ed8974063bfba3bd08be,delivered,2018-07-28 02:36:12,2018-07-31 03:55:14,2018-07-31 15:40:00,2018-08-03 20:41:49,2018-08-16 00:00:00
68e4d20e5dcfc99ff04c7fc1ddc60c65,99fd0c20b4645bd61bd6795a8ce33ff1,delivered,2018-03-06 07:41:33,2018-03-06 07:50:21,2018-03-06 23:05:05,2018-03-08 01:44:28,2018-03-16 00:00:00
c94047ec162181b78322184f7a9aee43,d4f243fba8f7e8213c43f98eb04b6213,delivered,2018-06-21 04:46:11,2018-06-21 05:16:24,2018-06-21 12:59:00,2018-06-22 19:53:49,2018-07-13 00:00:00
2792c2657bcaae781c8261d93fda4937,333062649ca3fb7c4f05d89806c0ab4c,delivered,2018-02-14 17:49:52,2018-02-15 04:26:56,2018-02-21 20:27:14,2018-03-06 16:42:02,2018-03-15 00:00:00
7c6985797df04a52bd0d0b4b2b2bfb61,94ce0fbd0c2896e7d91f4c10a82a65bd,delivered,2017-12-01 22:07:21,2017-12-01 22:15:18,2017-12-04 18:13:43,2017-12-11 11:41:41,2018-01-03 00:00:00
2ae306b242fe86fdc59867d442839cf6,807158bef6145c422525d5413be80338,delivered,2018-03-25 00:11:35,2018-03-27 03:50:30,2018-03-28 03:51:31,2018-03-29 22:26:39,2018-04-06 00:00:00
a97fd57e9692389b794fd4c3a328f68f,aadd0bcb192e7beb0eba93b2adc144d3,delivered,2018-08-23 18:06:57,2018-08-23 18:24:44,2018-08-24 09:19:00,2018-08-29 18:02:26,2018-09-28 00:00:00
4cd679aec789b6915d7dc7e648d2489e,fde36cbf0bd0b0b6fe9f66d4648fcf5b,delivered,2018-07-19 12:11:06,2018-07-19 12:23:19,2018-07-19 14:35:00,2018-07-25 16:40:37,2018-08-16 00:00:00
6a189ed8c568195193d5880d4c090de5,473ff83f3d6ee032861533dfbd139f6f,delivered,2017-09-12 16:29:59,2017-09-13 03:25:56,2017-09-15 18:13:08,2017-09-21 22:03:19,2017-09-29 00:00:00
fbb52c7559fb594470b3add7c7980f6b,4d17954663b9c1c918d6b1c23efd29ec,delivered,2017-12-08 19:36:27,2017-12-08 19:52:15,2017-12-12 00:29:12,2017-12-14 18:07:09,2017-12-27 00:00:00
94f1c6e75d7f8c25a1094c0f45ac1a07,5bea1d085169c4665aa6490708882fbd,delivered,2018-05-07 11:39:02,2018-05-08 11:35:58,2018-05-09 08:12:00,2018-05-14 12:16:36,2018-05-23 00:00:00
583ad689dbd7bd2d996f11aa82865ae5,ffa6c1b1855a12e84bae4eb85a60fc2a,delivered,2018-04-11 23:24:24,2018-04-13 02:11:14,2018-04-13 18:03:15,2018-05-07 19:32:26,2018-05-11 00:00:00
440d8c2b46ef6f71cfa424597bbc6744,8ae5464830a386b7e90e7c79ccda7231,delivered,2017-10-25 21:10:08,2017-10-25 21:25:41,2017-10-27 22:15:00,2017-11-06 22:28:30,2017-11-28 00:00:00
e221ce99afbfcb8f74f80a788755f32a,437ad6139f698f32fd5301c1bc636e60,delivered,2018-05-20 20:57:43,2018-05-20 21:10:37,2018-05-22 16:33:00,2018-06-01 16:05:09,2018-06-13 00:00:00
13f33384dcc1bd99cabcc96a491fe5e3,8a4cf15e60353a23e927ace442b180f6,delivered,2018-03-27 15:38:48,2018-03-27 15:55:18,2018-03-28 18:52:36,2018-04-03 22:19:03,2018-04-30 00:00:00
b940725ea70c2e68d9e76841eaeebee4,6ea7de0aff8d4a57c2bfdf5c73690413,delivered,2018-01-11 12:17:52,2018-01-13 02:09:18,2018-01-18 16:48:40,2018-01-31 14:44:47,2018-02-06 00:00:00
fd4dc70383929cea6b167f3fb617542b,e5c967fafad127eece965cb53f225d9b,delivered,2018-05-18 17:18:39,2018-05-18 17:55:25,2018-05-21 09:19:00,2018-06-06 21:12:07,2018-06-07 00:00:00
16c9ef138b75b95f8fd7969d2a2900ca,c107299c436ca1d87c2a63b573ae4901,delivered,2017-09-23 10:07:31,2017-09-26 04:07:15,2017-09-27 12:42:56,2017-10-06 18:00:03,2017-10-17 00:00:00
bd2c2c3a4d59e68fb14a526745572883,1ab3117f58e7d55791a60513d9dd7f4f,delivered,2018-08-27 19:29:28,2018-08-27 19:43:54,2018-08-28 11:11:00,2018-08-30 20:02:41,2018-08-30 00:00:00
cf3cfafe8fbb8682ce65fdeada4749f5,392d8e8daaf2280f75196bcd79728099,delivered,2018-02-27 10:43:09,2018-02-27 17:28:30,2018-03-02 19:58:35,2018-03-05 18:28:49,2018-03-13 00:00:00
60f68300b4ddad4f93eed399661f2ab4,d2f1074c804f3fc7596085d3517fb032,shipped,2018-05-02 21:11:39,2018-05-02 21:35:24,2018-05-03 11:37:00,,2018-05-28 00:00:00
78a2b7085250312e26157521788fc8bd,9eebc6c212f2cef138724285cc863397,delivered,2017-11-13 17:29:56,2017-11-13 17:47:11,2017-11-14 23:03:21,2017-11-24 14:28:42,2017-12-04 00:00:00
c95c70fb04bd13e4a063330b9760c411,f9d7b0b6a86b7d2e73db07051ebb57f4,delivered,2017-09-01 15:50:27,2017-09-02 02:45:39,2017-09-05 21:57:53,2017-09-13 17:33:08,2017-09-26 00:00:00
32906a7376b5ff689e78c67f25059b4f,dab3c10f7080f01ef10fa5f0edfa15ab,delivered,2018-06-17 08:28:27,2018-06-17 08:59:07,2018-06-20 18:01:00,2018-06-21 11:49:58,2018-06-28 00:00:00
51d0bfb610b182db85302e4f68eedc7c,8379c9e3e6fc7518c5ea6e812f0f4cc1,delivered,2017-12-12 14:44:42,2017-12-12 14:53:24,2017-12-22 15:06:45,2017-12-28 16:47:15,2018-01-05 00:00:00
a8324c7ec6b72c7978896a221606c93e,8a5125860406db27ce9e5d4efd358efd,delivered,2018-04-14 11:04:31,2018-04-14 11:15:14,2018-04-16 21:09:10,2018-04-23 19:04:54,2018-05-21 00:00:00
ca37c8860a109a0908b33aa5e1d2f2bc,5b8778f3698739d517bec42c525ff831,delivered,2018-07-22 22:07:53,2018-07-23 12:31:35,2018-07-23 16:05:00,2018-07-24 15:04:36,2018-07-31 00:00:00
878a27aca69d3ec288f015a76d4f940c,6403b0066224186f4e5dc289071cf011,delivered,2018-03-25 18:41:30,2018-03-25 18:50:32,2018-03-27 18:27:34,2018-04-03 21:54:44,2018-04-12 00:00:00
f14c04adfb43f42e0c17f11903c302d9,a4d7a2e4682cb484919974235a5c98b2,delivered,2018-05-06 18:35:46,2018-05-07 09:15:56,2018-05-07 14:49:00,2018-05-15 23:33:07,2018-06-05 00:00:00
27898da84be67ffaac7dfd170663529f,da191fe6327a85f75e72cdbd1c616784,delivered,2017-10-17 12:45:51,2017-10-17 12:56:42,2017-10-18 19:54:57,2017-11-03 20:47:51,2017-11-13 00:00:00
ddbc3c65368eb9c4bcb2f1dc4feaea56,0e34b195e55c95b048d7ac56ce605fb3,delivered,2017-11-15 23:32:31,2017-11-16 07:06:48,2017-11-17 21:44:36,2017-11-20 23:03:53,2017-12-04 00:00:00
84b8ccb93163852a97e44c7fb051a785,243b05e1c147c3cc64b0212d4df36383,delivered,2018-03-03 16:30:55,2018-03-03 16:48:37,2018-03-09 15:51:35,2018-04-06 22:16:39,2018-04-20 00:00:00
c2899525db44fcc73342e7713b932dea,3c091d5f7db07c92c6243f7a1f3fb7aa,delivered,2017-11-29 08:24:53,2017-11-29 08:33:23,2017-11-29 17:35:02,2017-12-06 23:52:02,2017-12-19 00:00:00
5a0c5e6a4fb3e680d5a9664cea3314c5,843fda212b1289268be72a3a6729d776,delivered,2017-11-24 15:39:50,2017-11-24 18:51:18,2017-11-28 21:28:59,2017-12-12 18:53:35,2017-12-21 00:00:00
274954faa1775d863067ba1e0e5dfe9b,77cd920ada081816db896cd2a96975dc,delivered,2017-11-28 12:38:38,2017-11-28 12:53:20,2017-11-29 22:41:55,2017-12-04 18:07:17,2017-12-19 00:00:00
9b1eadff55d63ddd89e6d914cf680769,6136b5d470b828a9ec9cf20a1031cba4,delivered,2017-10-20 16:46:59,2017-10-20 17:07:06,2017-10-24 18:22:03,2017-10-26 21:12:27,2017-11-09 00:00:00
8cc9f4314e5d248315bbefd0481e52aa,64ba4b1cf394656f82a9dc6c051d8daf,delivered,2017-08-15 12:42:34,2017-08-15 13:10:19,2017-08-16 17:29:47,2017-08-23 15:57:49,2017-08-28 00:00:00
23a9867e2ef4c3cd636e7e275edb0252,ff6b4cd2177f2ccab82ff6ae151ad0e0,delivered,2018-04-20 20:35:54,2018-04-24 19:27:38,2018-04-23 20:46:36,2018-04-26 12:56:38,2018-05-11 00:00:00
07f770114a6de1a65f865bf22d8bb20a,c1afacb800d62408ba097a32d6524e84,delivered,2018-08-06 09:17:53,2018-08-06 09:30:16,2018-08-06 08:44:00,2018-08-09 16:40:37,2018-08-16 00:00:00
afc652a59f20b96fbf7c8e5bb1a6c1f1,3a76019da6d27bd392b555346c436507,delivered,2018-02-26 09:17:53,2018-02-26 10:00:23,2018-02-27 14:48:52,2018-04-18 11:02:51,2018-03-22 00:00:00
17220c71a949903772f1ed32292ee69f,3687139e02b5d30a66b9bcdf2cba3bcd,delivered,2018-07-17 18:39:53,2018-07-17 18:50:25,2018-07-19 12:29:00,2018-07-27 20:15:50,2018-08-06 00:00:00
8cb407154874301be08656a7fb09d9d9,5eedff30a379fbcc0851653d18295723,delivered,2017-05-11 18:30:17,2017-05-11 18:43:05,2017-05-19 17:52:04,2017-05-23 14:13:45,2017-05-29 00:00:00
2240d9349c55949c40dbfcc98ece280c,beec3adad1438ff9575cd40851751607,delivered,2017-05-02 01:48:16,2017-05-02 02:02:41,2017-05-02 16:43:00,2017-05-17 14:54:41,2017-06-09 00:00:00
c73399c02f2f40ed90801855d7c6ecae,077ca1c409a011f74f74e99eea92103d,delivered,2018-02-09 00:24:13,2018-02-09 00:35:25,2018-02-09 20:46:52,2018-02-21 23:07:18,2018-03-08 00:00:00
dee008fbad3f3868874dd10ab5977b88,ba0ee5f2b5e3be1a41659bf07742c415,delivered,2017-03-06 20:16:46,2017-03-06 20:25:20,2017-03-09 08:44:28,2017-03-20 04:57:53,2017-03-30 00:00:00
c0064eb733991511a78ddc2fdba0effe,051cfab9a2157fdd2150d0b4aa0128ba,delivered,2018-07-03 10:47:11,2018-07-05 16:40:44,2018-07-04 13:12:00,2018-07-07 19:41:48,2018-07-17 00:00:00
bc8f3e9818eb33025b36bc379eebc6e8,8fc77aeb6702524e82ee5274a353e7a5,delivered,2017-05-18 21:53:18,2017-05-18 23:45:12,2017-05-19 09:46:15,2017-06-08 14:51:53,2017-06-09 00:00:00
30fd7baf715c4bcd55f1a39c84e56b1d,a3eaa1be1145a38d7f7b011e86fd121b,delivered,2017-11-09 00:12:14,2017-11-09 01:31:02,2017-11-16 21:44:29,2017-11-28 21:58:07,2017-12-06 00:00:00
d4618e481090308279190e070dfc3c4b,c1721412453c2c255eeb8717065beaa3,delivered,2017-09-01 13:52:04,2017-09-01 14:04:53,2017-09-01 19:30:06,2017-09-04 18:53:59,2017-09-14 00:00:00
31bdd4abc4fb5fec0a5fa2a92af376b5,20e168b274f64bde557322339d857619,delivered,2018-05-17 11:05:04,2018-05-18 00:55:31,2018-05-18 14:35:00,2018-06-04 22:32:16,2018-06-07 00:00:00
437222e3fd1b07396f1d9ba8c15fba59,9b39de85d94d55a21991e70b04305d6e,delivered,2017-03-16 11:36:00,2017-03-16 11:36:00,2017-03-21 08:22:43,2017-09-19 16:28:58,2017-04-28 00:00:00
41d12841c459809ff4d25ee0c8313de2,c542f5de0865b9e0e437c70dea50727c,delivered,2018-03-30 15:17:21,2018-03-30 15:30:14,2018-04-02 20:42:10,2018-04-20 23:51:54,2018-04-30 00:00:00
0e8aa0173b5775ba597a40ca69fd22fb,30a63600df8186b88aadc5f2e420eb2e,delivered,2018-03-09 20:42:21,2018-03-09 21:20:30,2018-03-13 10:22:55,2018-03-30 16:04:33,2018-04-16 00:00:00
0b736121c8d0bffe6c9e592d6f91ba5c,e0fcf37333b29f0b97e8af045f8efb52,delivered,2018-02-19 12:42:39,2018-02-19 12:55:50,2018-02-20 17:33:40,2018-02-28 20:38:45,2018-03-09 00:00:00
39b19f40d2c5ecd4faa3f5d15eec8163,fc9c814a1d63689650a0292a9e32f9be,delivered,2018-05-07 16:19:08,2018-05-09 03:11:30,2018-05-09 15:21:00,2018-05-19 10:02:59,2018-05-25 00:00:00
910b9c78e8a4717b0c449d2b731a33d2,2f2bc43aa93537773ffd9614c17c7974,delivered,2018-05-14 20:21:36,2018-05-14 20:37:56,2018-05-15 10:21:00,2018-05-17 14:54:37,2018-05-22 00:00:00
a2bf57f7bd62d8cec922908b7ec2c256,512f4662f36d120d1438a5ce6a5307bd,delivered,2018-05-24 21:39:11,2018-05-24 21:58:50,2018-05-25 13:15:00,2018-06-06 11:22:55,2018-06-26 00:00:00
2e5dc86c8c4aa663549caf5e31de840d,6225eed02b7d1a110b6e5b5dd4c8bd31,processing,2017-02-03 00:04:49,2017-04-04 10:56:48,,,2017-03-31 00:00:00
4e022ead5e2400d39b29402c979aa681,a394618720ff7647542bb5c14285eae4,delivered,2017-09-27 09:52:55,2017-09-28 03:07:18,2017-09-29 16:43:43,2017-10-09 21:43:32,2017-10-19 00:00:00
3db2043174db8823618e67b7e2c8c3e1,4d39fc23e896737713182a2e26d04f6f,delivered,2018-06-03 10:56:23,2018-06-03 11:10:45,2018-06-04 14:46:00,2018-06-12 17:35:45,2018-07-12 00:00:00
0f32b97a3ceaa816f0ffa6af3ca4e0d6,a6b4224286518410d6a29b2b05d821b1,delivered,2017-11-20 16:14:24,2017-11-22 11:26:31,2017-11-22 21:42:56,2017-11-28 00:42:49,2017-12-04 00:00:00
69097064067ca87a7fec01db107c5af3,d702c46368d5ae711bef0d3fe11c5e16,delivered,2018-06-19 20:12:57,2018-06-19 20:38:30,2018-06-28 14:15:00,2018-06-30 11:23:47,2018-07-12 00:00:00
9ba82750c563828973f933ffcd80febd,bc7e3a34cf955557bd1c2ee568aa9cf1,delivered,2017-03-26 12:50:16,2017-03-26 13:10:35,2017-03-27 12:56:15,2017-03-30 05:24:43,2017-04-17 00:00:00
812b6f6a1efbfa5beae8ac07617fa0c3,c681ee0e01f73086435bbcc30cc1dc6f,delivered,2018-06-03 16:00:26,2018-06-03 16:10:46,2018-06-04 12:04:00,2018-06-18 17:41:12,2018-07-27 00:00:00
62977d4590bfc4beeeada22ce07ae17b,532007b4b7629c6cd70fdd58e963f11b,delivered,2018-08-19 21:59:49,2018-08-20 13:30:54,2018-08-23 09:21:00,2018-08-27 17:54:42,2018-09-28 00:00:00
f2597992f6da6f545223c8f3aac0a681,bcc60fefed836fce311047cb4ad6a504,delivered,2017-12-06 11:19:14,2017-12-07 03:13:09,2017-12-07 21:23:46,2017-12-09 17:33:33,2017-12-22 00:00:00
187014511c3530fd1ee56733d975f14a,78b253918cda65d6ed0415f45d90ce4e,delivered,2018-07-02 18:05:02,2018-07-02 18:15:17,2018-07-03 13:56:00,2018-07-11 00:18:27,2018-07-25 00:00:00
f7a7059f0d9946568a0892de75768327,e5c4ecd26f96f4c396a87c36e270d66a,delivered,2018-07-19 22:42:54,2018-07-19 22:55:16,2018-07-24 14:37:00,2018-07-30 14:08:39,2018-08-01 00:00:00
bd502098a7ca3fa23c31d05abc57d7ff,878488bb3a3ab7b708f5cf05726b7f61,delivered,2017-11-28 08:38:18,2017-11-28 08:53:51,2017-12-06 02:39:50,2017-12-07 15:42:54,2017-12-12 00:00:00
debd2cf0f83f784ea6c6f0b7c6ed664a,7f9f7f001ca66df1f762a503a416cc61,delivered,2017-06-08 17:11:06,2017-06-09 02:50:10,2017-06-09 13:46:30,2017-06-14 17:20:11,2017-06-22 00:00:00
cbb7f51e60703b11747df0c449934468,5fd4c47ed0207d4a978f81aef45b939d,delivered,2018-05-17 17:43:13,2018-05-18 03:56:14,2018-05-18 13:40:00,2018-06-07 14:35:41,2018-06-06 00:00:00
e3f4b4c899325f23b973d9aee02d2071,a667da129180ee7f49d7ca633ffce577,delivered,2018-08-26 18:26:33,2018-08-26 18:44:20,2018-08-27 15:18:00,2018-08-28 21:22:46,2018-08-30 00:00:00
3bf5639554dc908f97a75a89878ad197,b19b36d4e73eb8ae96e441412f689369,delivered,2017-09-16 16:19:14,2017-09-16 16:30:23,2017-09-18 16:52:19,2017-09-25 21:28:47,2017-10-09 00:00:00
9a3682ac52b77c26f1d7a700b59ed9f7,f98e0cc32e5756e3862f4a9263807270,delivered,2018-07-17 17:11:48,2018-07-17 17:21:34,2018-07-23 14:28:00,2018-07-26 20:04:47,2018-08-17 00:00:00
7208ed743ba6f3fb18b053cceca90240,37fa50b0a70463d905d00496703b997d,delivered,2017-07-10 19:58:16,2017-07-10 20:15:19,2017-07-11 18:07:44,2017-07-14 20:05:56,2017-08-01 00:00:00
e6b1546a7ed77ba5ca2c2077aafd3c97,62f020e3bc3bc2b3d02034b967456799,delivered,2018-06-08 19:09:59,2018-06-08 21:03:03,2018-06-13 14:27:00,2018-06-19 19:33:06,2018-07-05 00:00:00
a586b91c2af481ac6c9b08dc1176c65c,787f8c6311a284b2fe65747d3e7ac255,delivered,2018-08-06 18:05:48,2018-08-06 18:15:24,2018-08-08 15:46:00,2018-08-15 17:26:52,2018-09-14 00:00:00
3fdefa9c3acc81330a96d4a049368155,2f2d8f0427d9d1ee0220bb26d111e5fe,delivered,2017-06-01 02:12:43,2017-06-01 02:30:11,2017-06-01 16:18:05,2017-06-06 13:45:32,2017-06-22 00:00:00
050f9344068b604a9df9c01b12ded455,216a26630eaf7d8f93837ff9708aa0e4,delivered,2017-10-08 09:00:30,2017-10-10 03:56:16,2017-10-11 20:13:49,2017-10-16 19:43:37,2017-10-31 00:00:00
087b902fe8df6660b295f28f1d8f7c30,79d0540451c56f00f1d0d34f131d4a22,delivered,2018-03-08 18:50:11,2018-03-08 19:28:36,2018-03-10 12:04:59,2018-03-18 18:52:38,2018-03-22 00:00:00
e0eec33f570971dd8325e85fddb084d8,bb5d86c066369404d8eefdce9dcc4811,delivered,2018-07-01 20:30:46,2018-07-01 20:49:58,2018-07-02 13:45:00,2018-07-06 01:31:31,2018-07-27 00:00:00
24157de329cfc5610de79f904534eab4,c29c2483aec7d84d37613bd1dfb86df0,delivered,2018-02-25 21:50:31,2018-02-25 22:08:07,2018-02-27 14:19:09,2018-03-14 13:24:26,2018-03-21 00:00:00
6fa7108940c47458d4fb891b0b6a8a21,19669d038ed56a7ac64ccb06dda3e852,delivered,2018-06-03 07:47:53,2018-06-03 07:55:09,2018-06-04 12:58:00,2018-06-13 18:39:28,2018-07-25 00:00:00
e3e80c87ef38162cf2d0fb01c481f5df,5f52377aba982636a0de8c3c12128b70,delivered,2017-01-28 17:05:59,2017-01-31 04:41:01,2017-02-01 15:33:00,2017-02-10 08:25:34,2017-03-14 00:00:00
7aca2690555556a5052d78400a9594e3,fe1c32c7f25bf28cc45421bb3f03274a,delivered,2018-01-15 00:04:19,2018-01-16 03:50:22,2018-01-17 17:37:28,2018-01-30 22:28:54,2018-02-16 00:00:00
b62df733c346ba610dc254225ac7fd33,baffa91c51a0c1942f7137f17c27fd3b,delivered,2017-12-01 12:05:20,2017-12-01 12:31:27,2017-12-07 17:41:21,2017-12-08 22:58:48,2017-12-20 00:00:00
afb23e950af5ba7626b9fcc4e1c63147,14c726663ad6885d4bd8fc9cb2ce8393,delivered,2017-10-19 19:14:44,2017-10-19 19:25:59,2017-10-20 19:37:52,2017-10-28 13:52:06,2017-11-08 00:00:00
11e7f6565677c76d397e92859292a496,34a312ed7062ff88eaf16f9542aa2748,delivered,2017-03-28 17:11:47,2017-03-29 02:22:31,2017-04-03 13:38:39,2017-04-11 14:33:15,2017-04-27 00:00:00
524b32821380cdcaa2b6d3110eebcd7e,58a3ff566526539c7148b382f2236368,delivered,2017-11-29 22:19:10,2017-11-29 23:06:43,2017-12-01 17:12:25,2017-12-03 20:03:19,2017-12-15 00:00:00
c08d66a6714c940c505deae9b3916bcf,04da4cb5962496bd80f5d2d9de7a50b2,delivered,2018-01-23 19:51:48,2018-01-24 02:53:17,2018-01-24 17:15:42,2018-01-25 22:24:27,2018-02-07 00:00:00
ce243573aa83a8e70bb99ca6133a210e,bea5d4b394a04f4303917b761d701115,delivered,2017-05-23 16:12:26,2017-05-23 16:23:09,2017-05-25 08:39:27,2017-05-30 11:23:56,2017-06-14 00:00:00
7559c7831fdca6cc63431fcd9c1fc3e8,64de6247edc57084cd878a222d47dd64,delivered,2017-12-22 18:42:26,2017-12-23 02:15:42,2017-12-28 20:02:41,2018-01-25 00:38:59,2018-01-24 00:00:00
665d84d48d4c7c497117465e6f02f92f,9db61f02788ba2a816117b4d7dc2d58b,delivered,2018-07-10 09:13:20,2018-07-11 14:50:15,2018-07-26 15:11:00,2018-08-13 14:32:00,2018-08-03 00:00:00
1547fe713ab6b9d9cb20e31d7119497d,7c26da204a92b5e5e5a8f2752844e6b5,delivered,2018-01-25 15:30:01,2018-01-25 15:41:19,2018-01-26 18:33:17,2018-02-10 02:58:56,2018-03-06 00:00:00
5008e6358df7e92655ca078e3f41b8a6,2deebc28cd9f7e51805a1e0c1d6853b0,delivered,2018-06-01 15:22:17,2018-06-01 15:32:03,2018-06-05 12:36:00,2018-06-11 16:28:45,2018-07-12 00:00:00
71006ec1c5629f33a617d524fac26c9a,95808c3dec7a5527e2449eb78acc7dcd,delivered,2017-11-16 17:41:57,2017-11-17 03:50:22,2017-11-17 19:02:27,2017-11-23 19:59:40,2017-11-29 00:00:00
29455cc4cdaac794ccacd95639a157d8,7b54af8469cc5523cff664b14aad6a8d,delivered,2018-08-21 11:42:18,2018-08-21 11:55:17,2018-08-22 14:28:00,2018-08-27 21:07:46,2018-09-06 00:00:00
ba1e8a32b5beea75e9b61b07255694de,04d5e61e7fce0006c484f168e0b7bfdc,delivered,2018-06-14 09:38:59,2018-06-15 09:39:08,2018-06-15 15:27:00,2018-06-20 16:48:38,2018-07-12 00:00:00
212c76a2134c9695982fe8f004a57dc0,7745cf61130162f1639e8aca053a5655,delivered,2017-04-19 20:46:36,2017-04-20 22:15:13,2017-04-24 18:56:04,2017-05-05 14:53:03,2017-05-15 00:00:00
275a683f9d935da3b306ef3b0260f965,2b181c4b0b19ba2fb48a8414417addb1,delivered,2017-03-15 20:09:19,2017-03-15 20:09:19,2017-03-20 13:14:26,2017-03-24 16:37:41,2017-04-03 00:00:00
56ac176cce8cd75ac6c33592cfdea88b,255fb2b89d8189122d5ad8d98c194dbd,delivered,2018-02-19 09:22:19,2018-02-19 09:35:26,2018-02-20 17:22:31,2018-03-06 15:47:42,2018-03-13 00:00:00
da57afb5411cc92dfeca3968e90860f7,38d56040455a30932da04243fc8c6ea6,delivered,2018-07-15 16:01:06,2018-07-15 16:15:16,2018-07-23 14:53:00,2018-07-30 23:12:24,2018-08-15 00:00:00
50dfcf67e810d36666fa94f1a77c6d49,a4cc365cec41ae5dca9c112b9b0f141e,delivered,2018-03-12 15:56:38,2018-03-12 16:15:44,2018-03-13 23:34:42,2018-03-20 17:12:19,2018-04-04 00:00:00
702e61d4bba44a63b2a6efcddcc8e78c,d99c9cfb89e5b64a16d62121012c02de,delivered,2017-03-25 11:51:39,2017-03-25 12:02:50,2017-03-27 15:39:54,2017-03-29 16:34:17,2017-04-13 00:00:00
0a791a17784db64bbc47f6b666011d9e,9c784dd2711ee49ae9ce0129ec0a1184,delivered,2017-08-02 12:32:26,2017-08-03 03:10:29,2017-08-03 16:17:38,2017-08-10 19:25:33,2017-08-24 00:00:00
fb817ea806c048bee0ee533d3c56f27e,b726e3d44aed0d21b38005eaff8ec0f5,delivered,2018-06-11 16:18:46,2018-06-13 02:37:00,2018-06-18 16:36:00,2018-06-20 21:25:22,2018-07-03 00:00:00
e114923f818130cb74183d70a5d22371,e5a3520facb20857810f7bc4db5564c1,delivered,2018-01-17 06:39:49,2018-01-19 02:37:46,2018-01-19 21:36:54,2018-02-01 00:19:46,2018-02-16 00:00:00
6a163a5da50d7a062335b70a8108a68b,135ac351f2c3ae79e0cc6af3a2827538,delivered,2017-09-03 13:48:26,2017-09-03 14:04:19,2017-09-04 21:15:41,2017-09-05 13:13:52,2017-09-15 00:00:00
d85964274bc133ecec1d771ed78e0f80,e5e20842ec1ce909eb1bf0fa00f66887,delivered,2018-01-14 16:17:04,2018-01-14 16:29:00,2018-01-15 17:46:48,2018-01-23 20:13:36,2018-02-07 00:00:00
09f929ce6d526af69a12f1a54230e396,3304a1e2854d3ad5e262862bee223291,delivered,2017-05-10 13:20:12,2017-05-10 13:30:15,2017-05-17 16:18:04,2017-05-19 16:32:07,2017-05-30 00:00:00
3bad8fb6fe7c6a350d5a616611d7500e,98d5f7bf74a11b549a56682e707663a6,delivered,2018-05-15 16:28:51,2018-05-15 17:14:50,2018-05-16 14:47:00,2018-05-17 23:08:36,2018-05-23 00:00:00
9f412f386995efffd83915f323716b64,8ead9fcb2090bb3c3d93391254dac941,delivered,2017-11-06 15:07:33,2017-11-06 22:36:42,2017-11-07 19:03:08,2017-11-22 22:18:31,2017-12-06 00:00:00
6a96e0fe44fbaf356a77f9cc21365334,76cd5adbe1b612250ad5ea8881a75cdc,delivered,2018-01-14 15:05:15,2018-01-14 15:31:00,2018-01-16 16:58:46,2018-01-29 18:12:18,2018-02-14 00:00:00
0133a47b53fee66218790a8d7dcab993,0663e652f8793c2d4eb77e8185a5747f,delivered,2018-04-20 19:05:03,2018-04-24 18:59:19,2018-04-23 17:33:54,2018-05-02 18:07:55,2018-05-22 00:00:00
bd5a9582291175251c3dee0c4a87761a,4ef66ffdf74658c7f365451460599f0c,delivered,2017-07-21 16:26:42,2017-07-22 14:23:05,2017-07-26 11:21:43,2017-08-09 17:34:54,2017-08-28 00:00:00
3a0bae7f6e06392212474608b9093e00,fa55ffcff8a89ef0d5de88fc3d15e701,delivered,2017-10-27 00:01:16,2017-10-28 03:07:12,2017-10-31 16:53:50,2017-11-06 19:09:48,2017-11-27 00:00:00
619938bf55625c762a49ebba395e2eb5,55a1df4cbac7aa59f3bcdb5264128349,delivered,2017-11-29 01:40:17,2017-11-29 01:57:26,2017-11-30 14:54:00,2017-12-11 22:32:36,2017-12-20 00:00:00
037e4ea044a589bcfbceb43210ba7024,8915549cc658e933b96113235c64ad9d,delivered,2018-02-16 08:56:37,2018-02-16 09:35:24,2018-02-16 22:37:15,2018-02-22 20:02:58,2018-03-05 00:00:00
8b04ab3b98e9fd714d324f48532a0242,2353645df46ac103d5956d292984ee76,delivered,2018-03-25 21:39:02,2018-03-25 21:50:32,2018-03-26 19:19:27,2018-04-04 00:37:43,2018-04-20 00:00:00
87d28de656e647d923b2d821a32c79c4,eacde47a3187282a48d907fa9852e740,delivered,2018-08-04 00:42:23,2018-08-04 00:50:19,2018-08-08 16:18:00,2018-08-14 19:18:47,2018-08-20 00:00:00
019b8e16e30c8b9ad9bf87e039a27765,fe9cb076acaffbee858187352e2f7266,delivered,2017-07-25 20:10:18,2017-07-25 20:23:21,2017-07-28 18:08:04,2017-08-04 17:42:22,2017-08-16 00:00:00
5400e2987acb955ee428c73ca8f28a76,810b0fa7210f36cdb9e652979872e4b6,delivered,2017-11-29 09:36:43,2017-11-29 09:49:08,2017-12-04 18:22:56,2017-12-27 18:34:05,2017-12-21 00:00:00
b0813cb694144c210d05f8c96ef7f2bb,27aa5a306d83e3f9249e4464ab754b17,delivered,2017-06-04 09:19:43,2017-06-04 09:30:14,2017-06-05 14:19:35,2017-06-13 15:27:44,2017-06-28 00:00:00
80092307dc8a515d508a93a24516a62e,a7c44bb8aa9c0737ed95216600460b84,delivered,2017-11-06 21:54:35,2017-11-07 07:30:32,2017-11-08 18:18:45,2017-11-24 00:46:43,2017-12-05 00:00:00
54282e97f61c23b78330c15b154c867d,4b7decb9b58e2569548b8b4c8e20e8d7,shipped,2018-09-03 09:06:57,2018-09-03 17:40:06,2018-09-04 15:25:00,,2018-09-06 00:00:00
87a6319722874912ff7c7462e2178343,1d3c7e2ded18ae5792a4b48e2379169a,delivered,2017-09-30 07:36:01,2017-10-03 04:04:59,2017-10-03 20:12:24,2017-10-06 22:48:00,2017-10-27 00:00:00
fc44f1ca335ffb4a85d6b111dda4b531,4f624aa6b5f7d34e839b14a44982b485,delivered,2017-08-27 17:31:39,2017-08-27 17:45:16,2017-08-28 20:02:42,2017-09-06 21:23:35,2017-09-20 00:00:00
3dbbfe7e312f28ebaf69dc5033b96438,5003740ba052e3196b63cedda4ee3049,delivered,2018-01-01 15:20:38,2018-01-02 20:08:06,2018-01-04 19:53:39,2018-01-17 14:14:01,2018-01-24 00:00:00
372e38c46b10798d4ecd75d4dee7c5bb,099ad0974e8f18865f3c0aea78af8b56,delivered,2018-08-22 10:16:30,2018-08-23 02:50:23,2018-08-23 14:07:00,2018-08-28 12:58:45,2018-09-17 00:00:00
f1b19188d070474e6b24f5e12da6ef4c,44485248f680a12db8e824608a32de41,delivered,2017-12-01 13:46:43,2017-12-01 13:58:50,2017-12-06 21:28:33,2017-12-12 16:33:46,2017-12-29 00:00:00
2478162af45c03e2a222e61c781e9209,21f5fa238d74db2e4dfc38d2e6d4bf94,delivered,2018-04-05 12:20:30,2018-04-06 03:10:17,2018-04-07 01:26:24,2018-04-13 18:36:51,2018-04-24 00:00:00
33315f815f0bf4c95cf6b4dbc3c89024,7b145ff64333cc07e73ced4d598ba9cf,delivered,2018-06-12 00:22:51,2018-06-12 00:40:44,2018-06-12 12:00:00,2018-06-22 18:06:41,2018-07-11 00:00:00
a7d16178d0bd9c68a2ad17d3f7b15238,0ac6e866456134e119bfe219a91cd925,delivered,2018-05-15 03:32:54,2018-05-17 02:55:36,2018-05-17 09:33:00,2018-05-18 21:28:40,2018-05-23 00:00:00
33be8f753213f33b10851959bd13093e,191c76dd5f87ed89f822cb10bf67f93d,delivered,2018-02-25 18:55:59,2018-02-25 19:10:38,2018-02-26 22:46:41,2018-02-28 14:17:27,2018-03-12 00:00:00
d14cc71ad2d00bf56df0686d956d6ac1,656f190621445a8ca7c35eeffac3ce15,delivered,2018-08-03 10:06:28,2018-08-04 04:10:36,2018-08-06 15:40:00,2018-08-10 22:07:33,2018-08-22 00:00:00
377e5b3fd806424e7a9aa72e8b36bb4b,08a2d7b182aec71c41a5f666623bb18a,delivered,2017-06-23 13:19:43,2017-06-24 02:43:20,2017-06-26 17:29:43,2017-07-04 15:06:29,2017-07-18 00:00:00
67bc13a75930f4cf503a251f12328045,c19b62621627c6a7cc64d317ecdd96ed,delivered,2018-03-20 08:46:45,2018-03-20 08:56:10,2018-03-22 03:24:32,2018-04-19 14:54:45,2018-04-10 00:00:00
ec9fb5672156edeac876e628a92456c0,674a31639c206a92e7077f033dcd56b7,delivered,2018-03-11 16:30:56,2018-03-11 16:47:44,2018-03-12 17:02:58,2018-04-07 00:38:27,2018-04-02 00:00:00
c1499ec470fbfa0a44ba5d94f3a16ab2,fed211da19560ffd876f33622522fe93,delivered,2018-06-01 21:59:58,2018-06-01 22:15:14,2018-06-04 13:17:00,2018-06-14 16:36:33,2018-07-19 00:00:00
bd6b1316314a1f12d58ebf467f3f2d80,54405ff2342ff9d9412cbb098fbbaa44,delivered,2018-06-28 20:37:53,2018-06-30 02:52:32,2018-07-02 13:49:00,2018-07-10 00:12:10,2018-07-24 00:00:00
d3cdcf5216c68dafd7a510a4d1c24684,b67461e3f398c5f3350fc89cc61ab299,delivered,2018-01-12 16:19:27,2018-01-12 16:29:43,2018-01-17 19:32:23,2018-01-31 21:55:53,2018-02-26 00:00:00
ebfd84fa76eb56fdefe0b656500fac4d,a5ee477d5af9fcafb0b8fee8431d2fbe,delivered,2018-03-22 09:49:40,2018-03-23 02:15:48,2018-03-27 01:06:43,2018-04-05 17:27:50,2018-04-24 00:00:00
041273e1165dd64068aa28edb4a0cf5a,2e5091c4326d04e10780f540758d9893,delivered,2018-02-28 16:31:27,2018-02-28 16:51:32,2018-03-05 20:14:47,2018-03-13 00:44:30,2018-03-23 00:00:00
bca45e92990f2f54a8aed374b160f2e8,7507f211ea95c47967796e60738a3ca2,delivered,2018-06-11 15:04:13,2018-06-11 15:20:03,2018-06-12 13:42:00,2018-06-18 23:07:35,2018-07-03 00:00:00
9f08489576931e7c0cdf197de8864727,5ec9666400fe1383b8ba0b5a4f0c1f82,delivered,2017-09-20 12:42:20,2017-09-21 03:05:03,2017-09-22 00:08:14,2017-09-22 19:20:14,2017-10-09 00:00:00
d4e093fd69adbd71da43cf5f3bf204d4,37a5fe17fc5ddd12a508ecff5db05a09,delivered,2017-09-27 14:42:21,2017-09-27 14:49:40,2017-10-04 06:46:12,2017-10-19 19:54:16,2017-10-16 00:00:00
ec1692cdaaac26359dd2b8da5e6a409f,bf1f1943a062f996e5d32bcb5662b10f,delivered,2018-07-27 05:30:50,2018-07-27 05:45:09,2018-07-27 13:45:00,2018-08-08 16:08:33,2018-08-15 00:00:00
8722ed50581fd85128231850633f5943,051b80197d5cc128176487c0172c3495,delivered,2018-01-23 18:26:29,2018-01-24 17:24:31,2018-01-25 19:23:33,2018-02-16 23:08:50,2018-02-20 00:00:00
adc2f0c9fd838d820339f8220c1adf08,d16ddf649debf65863ac0f1738584de9,delivered,2018-06-24 10:09:52,2018-06-24 10:37:19,2018-06-28 15:41:00,2018-07-02 17:12:52,2018-07-20 00:00:00
b83f87939464fd2df0c244550e184e5a,4c13421bd28e889484201164059e6df7,delivered,2017-06-27 11:58:13,2017-06-28 02:25:24,2017-06-28 13:39:43,2017-07-03 18:04:03,2017-07-17 00:00:00
611f544f53c61bfeee1a6923ea8555a9,c60f17355c341bb9008e70012da7ba70,delivered,2018-01-07 10:12:32,2018-01-07 10:19:20,2018-01-10 13:03:09,2018-01-12 22:19:56,2018-01-31 00:00:00
6775b950cdc4da0ce39b261032f92c84,c4d135422be0d4333f506acde8af9419,delivered,2018-06-13 12:19:26,2018-06-13 17:39:14,2018-06-15 13:09:00,2018-06-16 17:48:30,2018-06-28 00:00:00
317fa0bbb4e4778148c67db78acaff49,a6aa8b8c736d70055ab404479f39f528,shipped,2018-07-19 00:44:46,2018-07-19 00:55:24,2018-07-19 11:35:00,,2018-08-02 00:00:00
3c4bb7f6331faec0e9dbc045d45f04d7,9da9f8e848345e991dc948bbf273ad4f,delivered,2017-08-07 11:08:44,2017-08-07 11:23:42,2017-08-07 17:40:11,2017-08-08 20:03:23,2017-08-18 00:00:00
f6ac0ce30d1405684969749ebc798f94,d6584c0010456a8b5032992b53d0a2cf,delivered,2017-12-12 22:13:30,2017-12-12 22:32:33,2017-12-13 21:32:41,2017-12-14 20:18:37,2017-12-29 00:00:00
25be27a5bc17c6ccd29b5839526651a2,cb172aa9a2f58938f75029fa772af3a1,delivered,2018-08-16 09:59:36,2018-08-16 10:10:12,2018-08-16 14:25:00,2018-08-20 16:28:50,2018-08-30 00:00:00
4cccc0d35e7c7a0dc766ad3c4043e33e,75295919398404a05b83a05a22506b41,unavailable,2018-08-10 09:32:32,2018-08-10 10:50:21,,,2018-08-15 00:00:00
16765dc16804d7fd055e9fd68b14da71,c500a1935374c6fa8e99fbea630b85c2,delivered,2018-02-15 11:01:57,2018-02-15 11:30:25,2018-02-22 00:15:15,2018-03-15 00:23:41,2018-03-15 00:00:00
158bd22d56a1fc1a765a710089e1d47d,a6b9a70db44eaa219a43483a0c4df5eb,delivered,2018-03-02 16:05:55,2018-03-02 16:15:33,2018-03-06 23:21:25,2018-03-08 18:04:09,2018-03-20 00:00:00
c51ae569d8e986c7ebb73803ead54947,44f68ed233f609aa42bb4ed3a135b15b,delivered,2018-03-21 23:40:37,2018-03-21 23:50:47,2018-03-23 19:19:45,2018-03-29 00:38:38,2018-04-03 00:00:00
2c8ed3dca8e0a057095326257777dda2,e7bd46f72cdeae13c37e0b46bd58019e,delivered,2017-11-15 23:18:58,2017-11-15 23:35:20,2017-11-21 14:27:42,2017-11-30 19:47:38,2017-12-05 00:00:00
9f9fcafe161fda526a049aaf3fc6f36f,3286627b74385430fa8ec37cfefa61aa,delivered,2018-03-22 14:48:03,2018-03-23 14:50:29,2018-03-26 15:12:45,2018-03-28 20:36:45,2018-04-04 00:00:00
bc45b02374684d220defbbb4648a809e,e8a0a9ec09b65ef0c9e116631661ac7e,delivered,2018-07-26 14:00:33,2018-07-26 14:15:14,2018-07-27 12:04:00,2018-07-31 16:04:03,2018-08-09 00:00:00
3f49c44f8daf2224823379331514a723,af0e505d980484f4c3e56e8b818127a8,delivered,2017-09-20 11:21:14,2017-09-21 02:56:00,2017-09-27 20:57:49,2017-10-21 03:56:50,2017-11-13 00:00:00
9e0129e16582f12822d2b9bd92c8d6d9,9f2bf587d80e976bb4e0f6a81511a0ff,delivered,2017-03-10 14:26:01,2017-03-10 14:26:01,2017-03-14 13:07:40,2017-03-21 14:33:16,2017-04-03 00:00:00
b310a5cacafc1233286e34caf4fe9135,5b2963e145514883b2f08d2625b6ff6a,delivered,2018-03-20 22:20:31,2018-03-20 22:35:36,2018-03-21 19:15:39,2018-04-06 17:34:52,2018-04-10 00:00:00
2b8707bd8d89fbfd17af1dc3373c2875,8c555e6b3106e278f1c88251226cdb48,delivered,2018-01-04 00:55:30,2018-01-05 07:32:35,2018-01-05 21:28:50,2018-01-17 21:03:34,2018-02-07 00:00:00
512cb4c82f7b26c042549170d150ab45,bc0b50b0432842e3512981fce40a5e1f,delivered,2018-05-11 18:34:36,2018-05-11 19:01:11,2018-05-15 15:39:00,2018-05-17 19:29:30,2018-06-12 00:00:00
19dec7b3d6fb0a5d9407f7274da21398,5482e393d424f7c7a91385e62ff29fdd,canceled,2017-04-17 18:22:04,2017-04-19 10:25:13,,,2017-05-23 00:00:00
945b9cf3b3027c9adf24bd22998ce728,ebe53a4a297aa1f31438e020bb006ef1,delivered,2017-11-12 23:11:39,2017-11-15 10:25:11,2017-11-17 21:21:34,2017-11-20 16:22:05,2017-11-28 00:00:00
123e27a1a4d0b2481d8618ac3dff7d4e,1fe4c3902c5bd6510a869b3d4fd3843b,canceled,2016-10-08 12:44:32,2016-10-18 15:19:08,,,2016-11-18 00:00:00
abf8d2c3cc9ffa42db0103106b061889,6bf53c0067f2767fae85806f61e89187,delivered,2018-05-08 08:23:21,2018-05-08 08:35:23,2018-05-08 13:20:00,2018-05-15 16:52:15,2018-06-08 00:00:00
abb6ee8df76cd626afdcf19cec0d62bf,abeeaa3eae477c102aac831feea6c8a1,delivered,2018-01-25 21:47:56,2018-01-25 21:57:26,2018-02-14 19:19:11,2018-02-16 18:08:24,2018-03-02 00:00:00
c161b053af12f2e1a9562da2f4901b78,29d53b94d4f30c11a33b9555ce6a9639,delivered,2017-08-30 10:38:59,2017-08-30 10:55:10,2017-09-01 15:14:01,2017-09-06 22:12:02,2017-09-21 00:00:00
582aa197b0713dfddc6b2f99fb79941c,f1c040469c753959928b6333e76c3609,delivered,2017-11-27 16:02:03,2017-11-28 03:20:00,2017-11-28 18:57:52,2017-12-06 22:51:44,2017-12-21 00:00:00
908c80ba9160e9d87007015b15aada39,64c41bb59704243384caefdb488fedd3,shipped,2017-10-23 19:56:28,2017-10-23 20:14:16,2017-10-24 20:36:26,,2017-11-13 00:00:00
083606af9191f3c3119ed90e616df1ca,24438521febd6fffbfe369c24f3fae11,delivered,2017-09-05 11:59:59,2017-09-05 12:15:48,2017-09-08 19:27:54,2017-09-18 17:58:59,2017-10-04 00:00:00
9aab0bd41ca1b740b564ea50fd2440ed,c100ccb56a508a6c51e0356f2acd003d,delivered,2017-11-27 13:57:46,2017-11-27 14:19:48,2017-11-27 22:10:23,2017-11-29 22:05:31,2017-12-11 00:00:00
5c6f7bb0fd181620de8ef994024ef461,b16914f7da3bcb393356ec5a35d59a51,delivered,2018-03-18 19:53:26,2018-03-18 20:07:38,2018-03-19 23:54:38,2018-03-26 23:03:24,2018-04-05 00:00:00
aca9d1c54db4b2896b2097b04a5d5cd3,5953f7cdc8dc637411b0dcab7458cdb9,delivered,2017-07-26 21:53:51,2017-07-26 22:05:46,2017-07-29 01:32:41,2017-08-04 21:38:02,2017-08-18 00:00:00
83924e024872f99a5ff6ba31d7161b91,999a5a0c6392eb8b6d55c52de803c2d5,delivered,2018-06-10 18:29:18,2018-06-10 19:12:17,2018-06-15 16:35:00,2018-06-22 22:41:39,2018-07-11 00:00:00
a526fe23020ad8b0d2b1081b7f769452,c4ab9534c84e6ebbc22853ff357ea2ae,delivered,2018-06-23 10:27:01,2018-06-23 10:58:46,2018-06-25 12:53:00,2018-06-28 13:16:34,2018-07-12 00:00:00
213b90d88023016a64a20f6f19d2aac7,438494eb27072923f90611c1a83f9a41,delivered,2018-01-18 19:47:51,2018-01-18 19:55:22,2018-01-24 00:51:59,2018-01-28 16:35:41,2018-02-02 00:00:00
e519605fdd48a30db0db34bd66f8502e,2edd9cee1db6ad3a898c7d9daff1830d,delivered,2018-03-26 14:24:48,2018-03-26 14:35:29,2018-03-28 03:52:24,2018-03-29 22:24:43,2018-04-06 00:00:00
bbd319ae8e4b461016cbc0387ff87649,d8d10d6a6b386cd6bb3b70190511f3fe,delivered,2017-11-19 02:18:35,2017-11-20 02:28:04,2017-11-21 19:03:41,2017-12-05 00:03:40,2017-12-12 00:00:00
23847650c6dde17cb17a2b180af209bd,5cd9fc7963b3174bb6a03ca0d970b2fa,delivered,2017-11-18 23:10:58,2017-11-18 23:26:05,2017-11-22 17:03:42,2018-01-11 22:08:23,2017-12-15 00:00:00
3e8b14802154e650128119d2b60c045d,9dc59c8521403213441fc4a6b5044d20,shipped,2017-08-14 10:51:24,2017-08-14 11:05:21,2017-08-14 20:22:55,,2017-08-25 00:00:00
dbc6163631edab2e963462a16fbd7e8d,28dc8a4ad2a2730d6bec6cee7be35a92,delivered,2018-06-24 17:26:38,2018-06-24 17:59:11,2018-06-26 15:16:00,2018-07-03 21:48:29,2018-07-19 00:00:00
ebf89b8a3abd6ac66f597f269e84c3dd,e5a5989a40570799ba8e0f8329e5666b,delivered,2017-04-11 17:24:00,2017-04-11 17:45:17,2017-04-18 08:07:10,2017-04-27 12:09:21,2017-05-05 00:00:00
174e79bb542ecdb5565ec80e1c2d1faf,da5c8804f4a52e2e5dc883d06cef4f16,delivered,2017-10-04 01:20:14,2017-10-04 01:35:20,2017-10-04 15:42:12,2017-10-09 21:17:58,2017-10-30 00:00:00
a7f3eb9a2e38d344a3311dbbf4c5d9ba,5bef7bd0989f84e5cb0cafb53e005c0e,delivered,2018-02-12 09:11:31,2018-02-12 09:48:43,2018-02-14 15:53:04,2018-02-19 15:47:08,2018-03-06 00:00:00
9cd721f408e8bf94b981ebe34f7007c4,61982aa3edd7c23a3855ec6dd5c21905,delivered,2018-07-26 08:38:51,2018-07-27 08:30:50,2018-07-27 12:06:00,2018-08-01 16:32:19,2018-08-17 00:00:00
9d9fcb45ee8881b84ca11e65a913941a,61c25529de8b4b286ad86c5b89ef1f71,delivered,2018-07-10 00:21:12,2018-07-11 03:10:10,2018-07-11 14:34:00,2018-07-16 13:26:36,2018-07-30 00:00:00
774948f6702fc1d316b81f28fea3de9b,b1e400431e457864b28ee85866c790a5,delivered,2018-06-04 16:27:31,2018-06-04 16:52:49,2018-06-07 14:23:00,2018-06-14 18:22:29,2018-07-18 00:00:00
a2c93edc2fa319d3e6aa9e18dc4b3b19,ecd3026f2f4b19561b6c62b22fb0ef1f,delivered,2018-03-05 21:11:57,2018-03-06 03:55:57,2018-03-07 23:04:28,2018-04-04 15:55:50,2018-03-27 00:00:00
4384f1e73716020a06569f0802ad8c38,25228ecdc91aec16dead8e113f1ae4f6,delivered,2017-11-02 18:04:18,2017-11-02 18:15:27,2017-11-06 11:27:38,2017-11-13 17:14:34,2017-11-23 00:00:00
1065903aa19adc7f920d47f2bcd0a5fe,e4940b444bf0958f2d625147c4b029c8,delivered,2018-03-08 17:07:04,2018-03-08 17:40:35,2018-03-09 21:04:15,2018-03-14 10:03:34,2018-03-21 00:00:00
2717515e891cf11d6bd51b0bfa03bacf,bed4351d1fc3218ff51731add5ddc581,delivered,2018-08-20 20:38:32,2018-08-20 20:50:24,2018-08-21 13:29:00,2018-08-25 00:09:50,2018-09-14 00:00:00
eb2e026bae01f340ff4c0cc9aad6aecd,c69ae1f41ba74509e754afb5b49fb29d,delivered,2017-07-06 14:49:01,2017-07-08 03:25:50,2017-07-11 11:56:40,2017-07-18 16:14:59,2017-08-01 00:00:00
02714865c4c2f281df219af0a56ffeaa,04449133b1f1b228059b3c539fd03ed7,delivered,2017-11-30 22:21:04,2017-12-01 10:31:07,2017-12-06 12:26:00,2017-12-12 15:36:38,2017-12-26 00:00:00
e996a03662988d5ddce1d6bc5cfcde64,2866d33ae18bc1d0b32f3736dcf7ea3d,delivered,2017-04-06 19:24:58,2017-04-06 21:02:48,2017-04-07 11:07:32,2017-04-10 12:44:00,2017-05-03 00:00:00
3a65edca4808817234bc2f2d84576af3,c144f59368d920463bfa38944b893f1f,delivered,2017-05-23 11:58:50,2017-05-23 13:06:44,2017-05-24 10:50:22,2017-06-06 11:08:00,2017-06-19 00:00:00
18709a2aef5a66689133dba02a13e5eb,55b0a3a6bb6481d8ff89b5ce1b605f5d,delivered,2017-05-07 10:16:51,2017-05-07 10:30:09,2017-05-09 11:27:16,2017-05-15 12:09:40,2017-05-31 00:00:00
0c2c3c3a68e0c7184832879c6fe55a94,01993877990b2565abd4e3d741c45b79,delivered,2017-07-27 14:46:10,2017-07-27 15:05:13,2017-07-31 21:56:59,2017-08-07 22:39:26,2017-08-22 00:00:00
c3bc950aed66e7b8176ffb5223639f03,0dfb5e354867126d5a1cadbe738c4456,delivered,2018-03-27 10:04:30,2018-03-27 10:15:25,2018-03-29 18:18:35,2018-04-17 20:41:47,2018-04-16 00:00:00
3becf59664a588ac335a36f2a08e2d2b,2fef57f217a4ccfd0d8e3bfe20ed20d8,delivered,2018-08-03 07:43:41,2018-08-03 07:55:16,2018-08-03 17:43:00,2018-08-08 13:18:41,2018-08-20 00:00:00
65f36d6fd08d0f90ea414c2f8b5097a7,3ad5f3f5f6bb3962f9bee8fd905815f9,delivered,2018-01-19 10:50:58,2018-01-19 10:58:25,2018-01-22 16:53:03,2018-01-29 17:28:41,2018-02-16 00:00:00
68312204137d7cded8f29f0c09a87b06,448b1a16f67650b746c0c8e0dcfbea36,delivered,2018-02-11 16:35:36,2018-02-11 16:48:01,2018-02-14 23:32:41,2018-02-24 15:03:50,2018-03-06 00:00:00
a52afd16d0515dd4fa072e7e8395f99b,763ca26456f2d026162a638e3593b1a7,delivered,2018-04-27 11:24:34,2018-04-27 11:35:27,2018-05-03 14:16:00,2018-05-08 20:18:35,2018-05-17 00:00:00
3ae9e8770c3e0d0f1248cee90d8f43b2,d9cfa28f928ddc84eca50742caf91d37,delivered,2018-07-02 12:39:59,2018-07-02 12:55:51,2018-07-03 11:01:00,2018-07-11 00:54:34,2018-07-26 00:00:00
62dd6d76b74a442b158f50d6c18bd7fa,87f217137bb4ded8bd45e049b6cbcd0f,delivered,2018-05-18 00:50:18,2018-05-18 04:14:34,2018-05-18 11:22:00,2018-05-21 18:39:53,2018-06-06 00:00:00
a9c89bb4f8fdb0f08903c73d7d4e8822,e1416ec3b88d8041d327cac02b6d8e8d,delivered,2018-01-10 07:58:55,2018-01-10 10:31:30,2018-01-11 18:26:55,2018-01-13 00:38:39,2018-01-26 00:00:00
8051026f0cea5b93df6bf42cdf1aaa74,921bd9239c17f42ed6f24197c57b75ec,delivered,2018-07-30 19:39:13,2018-08-01 03:31:59,2018-08-08 12:37:00,2018-08-13 23:51:42,2018-08-09 00:00:00
a8ff452116db2ff4a2963f490afe5471,b3867c14ee9a7d0daecb27c1bba54db3,delivered,2017-05-10 22:45:48,2017-05-11 03:50:20,2017-05-11 13:17:59,2017-05-16 09:23:36,2017-05-30 00:00:00
c9d576bba5cffe5797794e2a5ff5d70b,a170300e0506e2e9660c4bbd3f4149a7,delivered,2018-01-30 21:30:05,2018-02-01 02:35:39,2018-02-02 21:32:51,2018-02-14 20:59:06,2018-03-06 00:00:00
7fa41d59cc693e0ed84f2668b7ebe4d7,7cdd54eb1841f58ded0defbadb8820f6,canceled,2017-07-13 18:10:28,2017-07-13 18:25:09,,,2017-08-10 00:00:00
0753ba0519dd531e78e0abdedb16be35,c025200e87520a89f95e5520045a8b5c,delivered,2018-05-19 16:24:06,2018-05-19 16:59:36,2018-05-21 10:17:00,2018-06-07 20:58:34,2018-06-07 00:00:00
52a637177b682c31c18672fe90f99231,f70ad1bcdbade5ca6c8df4ed62ca77f4,delivered,2018-01-11 11:47:11,2018-01-11 11:56:24,2018-01-17 17:42:18,2018-01-20 16:34:31,2018-02-01 00:00:00
93b809efac80a94ce0da59f225038517,945da86df2234762e62c9e704b936b1b,delivered,2018-07-25 17:11:57,2018-07-25 17:25:14,2018-07-26 10:01:00,2018-08-01 19:03:51,2018-08-08 00:00:00
f2052987962f815b4cc4f293e5a3868b,6b1577eb1255bed59d909efbe9ee74a0,delivered,2017-07-07 11:23:07,2017-07-07 11:35:08,2017-07-13 20:46:51,2017-07-19 12:52:22,2017-08-04 00:00:00
de937fa64e3c6113c5a4c20ec533674c,42bf25d48013854d11f394ef9ef427a7,delivered,2017-08-09 20:46:56,2017-08-09 21:03:56,2017-08-10 16:34:29,2017-08-21 16:52:00,2017-08-31 00:00:00
9ca50b76560450ccce4c7e5c31d9de58,926e248f02899c8bdba74977d68c40fb,delivered,2017-12-14 13:46:45,2017-12-14 13:55:48,2017-12-15 19:53:35,2018-01-07 18:59:13,2018-01-22 00:00:00
c456bd22705a899e7411a10acc06a0f5,26f66ff5cafbc7592b5e3a6ad33cb438,delivered,2018-06-14 08:42:19,2018-06-14 08:59:01,2018-06-15 10:34:00,2018-06-25 12:18:48,2018-07-19 00:00:00
52e6c4a623a7050f454f4e35dd99af9d,626f47f4481ddb4404f68ea5d0a2eb9b,delivered,2018-06-30 10:06:08,2018-06-30 10:30:00,2018-07-03 15:52:00,2018-07-10 18:28:28,2018-07-31 00:00:00
51b79a492b5e53504ce70340ce111374,c3057d4a0fcd85b33e6a7b59bcd257a0,delivered,2017-01-10 16:31:22,2017-01-12 02:45:30,2017-01-13 08:32:45,2017-01-20 15:44:38,2017-02-20 00:00:00
b4cafb8fabcef776ee4b1108769b47ae,6b44ea99d4cb9ebdb1a80994a7317728,delivered,2017-11-25 13:40:05,2017-11-25 13:50:26,2017-11-30 19:48:46,2018-01-10 13:25:23,2017-12-27 00:00:00
1b27565cc48efbd53ada61fe61bb9c2a,1a825a018a70af4a34062710e7df0965,delivered,2017-09-10 15:43:07,2017-09-10 15:55:21,2017-09-13 21:32:30,2017-09-28 16:33:15,2017-10-06 00:00:00
0db1181e0778609b581bf9a95b17f313,87c195c16ba427c0f0f60d6d6d67a312,delivered,2018-01-13 14:50:01,2018-01-16 03:50:01,2018-01-16 17:37:06,2018-01-22 19:45:04,2018-02-15 00:00:00
9afc3cb01a0ea4182843faafb5e9239b,90cb84b970413faa4719dc46b94f0590,delivered,2018-02-16 16:35:22,2018-02-16 16:46:56,2018-02-20 00:38:58,2018-03-03 13:28:51,2018-03-13 00:00:00
579b51291793ea3e12416d865e56f8e8,1bb2da0d7bce1d1e61b1218ecd4ae928,delivered,2017-11-20 16:11:31,2017-11-20 16:26:42,2017-11-30 22:53:29,2017-12-22 17:45:05,2017-12-19 00:00:00
c8ccac7f59cb2c602959eb4586aa9b15,dbd46952d895ea4b8aecd9bafd411def,shipped,2017-12-18 16:19:00,2017-12-20 07:18:30,2017-12-21 00:14:58,,2018-01-12 00:00:00
57f7bb7d658b442616fce795fcc30146,7dfac2f8b35d57481de621c401fa4733,delivered,2017-01-31 20:04:08,2017-02-02 02:45:15,2017-02-03 11:02:47,2017-02-07 12:11:41,2017-03-09 00:00:00
c4b0818ccad06843a0ea1e2c13ea8584,0725d40cb6c52b65e12719312d43d16e,delivered,2018-02-22 13:16:14,2018-02-22 13:28:23,2018-02-23 22:37:00,2018-03-09 18:12:18,2018-03-16 00:00:00
ecb9b15795b8962c43e024cc97611605,fdceacbf1e29b39745ee431d0a864d0f,delivered,2018-05-14 11:59:12,2018-05-15 03:55:56,2018-05-15 14:56:00,2018-05-18 23:22:02,2018-06-01 00:00:00
1612ae3dcb046a0628552c76e5462632,b1b03b43235bd970e00bc221e8169386,delivered,2018-08-14 17:50:05,2018-08-14 18:44:18,2018-08-20 11:48:00,2018-08-22 22:41:55,2018-08-28 00:00:00
adb9f95e79004a7d308e825ec6bbd7a2,de7e03a771b55aac3a9a2467e2e93be3,delivered,2017-03-12 23:24:55,2017-03-12 23:24:55,2017-03-13 07:12:20,2017-03-16 10:34:54,2017-04-06 00:00:00
9b45a289e3300fa64d3cd65f0b910d21,82b0c471b6a24204ca01741b3bb5cc87,delivered,2018-03-31 10:38:18,2018-03-31 11:27:08,2018-04-02 20:19:11,2018-04-09 22:38:35,2018-04-18 00:00:00
41b3bf54a1b7a76d6e381206e3e182bc,08e74f467fe7b442e59c79979f4f9126,delivered,2017-12-08 13:21:55,2017-12-08 13:32:20,2017-12-16 01:32:11,2017-12-27 18:09:10,2018-01-11 00:00:00
fbc13194f80d287d5f118f6544acd667,28995ece5596867dd7c72972f092b1bf,delivered,2017-11-14 09:11:53,2017-11-14 09:30:46,2017-11-14 17:28:58,2017-11-22 19:44:32,2017-12-14 00:00:00
8029473fa5eb709b746a665b0597b8c1,4d6e3cd7620b52c39a13975adaed9873,delivered,2017-11-08 12:51:43,2017-11-08 13:30:46,2017-11-08 20:17:35,2017-11-11 12:13:05,2017-11-28 00:00:00
bfe3860674d71c4a8693185caa8b2c65,ebdfcd4a2112eeb988b61dbeff6fc860,delivered,2018-04-21 11:09:04,2018-04-24 19:03:43,2018-04-25 01:03:32,2018-05-03 16:36:39,2018-05-17 00:00:00
48ae288b318fe1497a1039b1eea9e330,898fdee698be4f9ed803045ad200f749,delivered,2017-11-23 16:10:58,2017-11-24 07:16:19,2017-11-29 20:05:23,2017-12-02 12:06:09,2017-12-13 00:00:00
5f2e2fd04b4cc06cc8a3e8ceddfb67a5,b52fa071392a9ee75b930ad1566af7de,delivered,2017-07-08 10:08:48,2017-07-09 06:43:00,2017-07-14 20:02:38,2017-07-26 10:38:20,2017-08-01 00:00:00
4d72fbd8a8a12d4012b8578725c97a06,97fcee340b3932c2884ef7a9305d3b05,delivered,2018-07-01 13:34:01,2018-07-01 13:49:40,2018-07-02 15:16:00,2018-07-03 21:22:32,2018-07-16 00:00:00
af393d2317ee5dd4362190cd7b2f80a6,47c22d46ccec17dbeb4a1b4049014abe,delivered,2018-02-05 12:00:14,2018-02-05 12:15:37,2018-02-09 17:52:07,2018-02-24 20:45:06,2018-02-23 00:00:00
db4154596e2ed7948afb50d3fb3dccfb,0b0dff8d1c3195cfe702916fe62b1564,delivered,2018-06-24 13:38:45,2018-06-24 17:18:22,2018-06-25 14:34:00,2018-06-27 00:04:00,2018-07-05 00:00:00
4899eb30202787ac652e0c9d9f690edb,2586a9c3d898a19110c726babb5ab170,delivered,2018-05-02 18:06:48,2018-05-02 18:58:19,2018-05-04 14:55:00,2018-05-15 00:41:42,2018-05-28 00:00:00
0bb3a41b7a70c65fda2461d34b495c5e,dadc59c73a39f1141414b61bd8f1b223,delivered,2017-11-25 01:47:20,2017-11-28 03:19:38,2017-11-29 20:39:00,2017-12-12 20:40:16,2017-12-21 00:00:00
c3a001021826ddfe86b5a2d7ef464308,f426f7ed3c61efa620bccd04c6265bc5,delivered,2018-07-17 00:03:48,2018-07-19 02:50:17,2018-07-19 15:40:00,2018-07-30 19:34:45,2018-08-03 00:00:00
a0a28dfd50d685d3cd51cd7805f62f1c,e6ada999348e720b4b7f6f25533fc8a3,delivered,2017-12-28 19:32:09,2017-12-29 19:26:36,2018-01-02 20:44:40,2018-01-17 19:40:00,2018-01-29 00:00:00
905a97a2114f9c1e549b9f76fb5a8429,31c7066c1bc227759ca1c08d1ded204d,delivered,2018-06-13 16:27:02,2018-06-13 16:40:12,2018-06-14 14:56:00,2018-06-21 19:54:40,2018-07-16 00:00:00
6dfdc1eefc7a125d1bb81feb04a6c2e6,7ffe655c7441ccad969a2cca863acafb,delivered,2017-01-31 07:39:04,2017-01-31 09:33:57,2017-01-31 11:14:14,2017-02-17 15:25:37,2017-03-08 00:00:00
5c9a09fd2021bf429b060aa68282c87a,ec932452f1cccb28ab8c35b5fcb9d595,delivered,2017-10-05 22:27:21,2017-10-07 02:28:31,2017-10-16 19:47:54,2017-11-13 20:26:54,2017-11-10 00:00:00
783333de65d2f6a4397cca176367ac90,5405eae4426dfe70f43ca8617a180bfb,delivered,2018-07-19 12:56:38,2018-07-19 13:10:10,2018-07-20 13:06:00,2018-07-23 17:08:50,2018-07-30 00:00:00
85fdee7959b5045582edb56a5ce523b8,a8532e637ebf6670fb6e76c760d12f69,delivered,2017-05-30 15:48:08,2017-05-31 06:45:14,2017-05-31 11:27:17,2017-06-07 11:42:02,2017-06-23 00:00:00
0a46f220430c5aeaea27e7ebc76bae76,63ee324986f02bde9075a307f4c3cc73,delivered,2017-04-20 18:18:43,2017-04-20 18:30:19,2017-04-24 09:53:30,2017-05-09 09:19:43,2017-05-12 00:00:00
8743b266d228ec2571e64dd54be2081b,f0aa0347bf053e01fa6a09a8f3b72594,delivered,2017-04-26 12:07:38,2017-04-26 13:06:10,2017-04-27 08:06:41,2017-05-03 14:04:31,2017-05-19 00:00:00
b5628337dad9ae1f38266f0e22fdae4a,5092c34f9cd47ca0d9113d39cc513940,shipped,2018-04-10 22:02:11,2018-04-10 22:11:12,2018-04-12 20:22:39,,2018-05-09 00:00:00
42dd28e31692200f58f7ab447d6c8eae,dfcdb6bd7fd72ed1f409ae56ec40ed3e,delivered,2017-11-27 22:16:21,2017-11-27 22:30:40,2017-11-28 23:18:54,2017-12-19 19:16:45,2017-12-18 00:00:00
4c4494279cd0e4c6ebe47ff5191d8fb6,9b1f90e28bf45b08de446289465c8098,delivered,2017-06-16 22:36:13,2017-06-16 23:40:25,2017-06-28 16:22:58,2017-07-13 18:59:31,2017-07-12 00:00:00
888dc2fb617ecbaa3f82d5ba4294a0d6,5f4b73b35a63125b70b679de7f00e7ab,delivered,2018-03-11 16:07:49,2018-03-13 21:50:42,2018-03-19 22:06:33,2018-04-17 20:21:57,2018-04-05 00:00:00
f9f19aa140c738c064cb3cb17040a30d,6d945e9e51360c1302f74078612a5baf,shipped,2018-03-08 16:11:08,2018-03-08 16:56:13,2018-03-13 19:29:33,,2018-04-12 00:00:00
a4f3326bf1a1c3e11d17f3680f1e6337,07fbc7cbc612a13023ce69a6573ddf2d,delivered,2017-08-30 18:41:51,2017-08-30 18:55:11,2017-09-01 16:08:04,2017-09-06 22:39:59,2017-09-18 00:00:00
491208d141876b40c6381fa49e8dff6a,c20025cccec47869bcd85c6863446327,delivered,2018-02-27 08:26:54,2018-02-27 08:47:44,2018-03-19 23:27:59,2018-04-12 18:03:30,2018-03-21 00:00:00
ebc54f9d25f320184ed5cd3953e6a2cc,b0b902bc9c7f025dfdcfe2095f6c189f,delivered,2017-07-18 13:44:15,2017-07-18 13:55:15,2017-07-21 11:39:51,2017-07-26 18:47:41,2017-08-07 00:00:00
dbe195a43ea7995d3af77d9cce165f89,8cf5e488e3ca60e1a6637dc74a2e772f,delivered,2018-01-22 15:44:56,2018-01-23 13:12:20,2018-01-26 21:26:59,2018-02-06 19:41:31,2018-02-20 00:00:00
fd1dfb6b7188b47e56f2ab4063d08e58,0235c7c04d758c26265c6cbcd5f7c369,delivered,2017-05-17 18:52:13,2017-05-17 19:05:11,2017-05-18 08:35:44,2017-05-19 11:43:49,2017-05-30 00:00:00
6f8ef1903034bc19ff5a5c51dbcec604,469eac1e2fe2a69a8ade2d146e9cbb9a,delivered,2018-03-22 15:29:21,2018-03-22 15:48:33,2018-03-23 02:51:11,2018-03-29 17:36:44,2018-04-18 00:00:00
54bb06e1ca86bd99ee2a8d6288bf4ede,98bfbf477ed9f40a0264f5e527a446be,unavailable,2016-10-06 13:38:39,2016-10-06 14:22:19,,,2016-12-12 00:00:00
6df2358a0a6ced8137f94676eca46d88,ed7dbf50e141a0b251a3186bb2a69901,delivered,2018-04-17 21:39:07,2018-04-18 06:12:00,2018-04-18 17:33:31,2018-05-02 18:19:08,2018-05-10 00:00:00
a060fc338651aeef386d5a7972da2d63,26ab8393bfff9a3854c94fcadb0b2865,delivered,2017-12-03 17:22:35,2017-12-05 04:13:20,2017-12-08 17:33:57,2017-12-16 02:22:15,2018-01-05 00:00:00
052a5969146f40fe550f442f52f302b7,32995e4cbc0128fbe56e9ee101a31916,delivered,2018-05-15 23:40:01,2018-05-15 23:54:34,2018-05-16 13:03:00,2018-05-21 18:52:06,2018-06-01 00:00:00
4e04fa1df0f5960cae555fc19b184dd9,90f95d8ee6174e4409aeeee472735afb,delivered,2018-05-04 15:55:55,2018-05-04 16:13:33,2018-05-07 14:19:00,2018-05-11 20:18:23,2018-05-29 00:00:00
2d39684ee5837bfee04f0cf2c8eadde5,10ed82c17d5e644388fa717721d20ac6,delivered,2018-05-26 11:51:30,2018-05-27 11:50:12,2018-05-28 14:07:00,2018-06-08 14:18:41,2018-07-04 00:00:00
bc65194ec321d777f6cf371175f8671d,512cad4f8197ceae78d7c5cc8120f4e1,delivered,2018-02-24 21:17:15,2018-02-24 21:28:27,2018-03-01 00:09:27,2018-03-29 16:51:48,2018-03-20 00:00:00
aeea7047c81d7c051feba26ba62817f8,b52a321db50ecb4218ce66ec1811b101,delivered,2018-02-16 12:22:29,2018-02-16 12:35:23,2018-02-19 17:07:43,2018-03-07 17:38:08,2018-03-14 00:00:00
04401428491f4e0e839e31e835c5e7bd,c9317e2f51180cbcee636174ced5c6b3,delivered,2018-01-04 15:10:45,2018-01-04 15:27:16,2018-01-05 17:25:26,2018-01-23 12:53:10,2018-02-07 00:00:00
f84c7f94a29cb1d53dc607284d5bae9a,ef0053d9e6b90dad6c5cbbf3de5e817a,delivered,2018-02-05 11:52:28,2018-02-06 04:32:41,2018-02-06 22:53:07,2018-03-08 20:51:28,2018-03-01 00:00:00
6e3cff2d50d5925354764060c4cc1c81,380e3164088d255fb4e116a4a01743cd,delivered,2017-12-05 19:19:46,2017-12-05 20:17:25,2017-12-11 17:19:08,2017-12-15 17:11:12,2017-12-28 00:00:00
61f7e7ef2c1d5d0d982e76485fd6bde1,0218c9f09de820db4903ff5ef7d27b86,delivered,2017-04-20 01:24:55,2017-04-20 01:35:07,2017-04-20 10:33:57,2017-05-09 08:52:08,2017-05-29 00:00:00
c51df802abdbca302ad8827db2e62061,f6b93300fe2bfbcd4fb19178a3895426,delivered,2018-02-17 02:10:19,2018-02-17 05:06:47,2018-02-20 20:24:59,2018-03-15 14:18:29,2018-03-15 00:00:00
12b139364fe5d01af6207a326b6f139d,2142c7d73d97608791e999859ef10a2b,delivered,2017-02-21 09:59:00,2017-02-21 10:32:19,2017-02-24 15:42:15,2017-03-02 17:13:35,2017-03-20 00:00:00
dcd05d9cb9629d8ee695cc3f2e030bf0,069b38e2803b8ee0482f95dac627877e,delivered,2017-10-07 22:06:14,2017-10-07 22:25:08,2017-10-10 19:38:36,2017-10-19 17:27:58,2017-11-13 00:00:00
4b23c35590ad2b3612bcfee3d32cd551,86f6803290c35323ff33bc485ccbc83f,delivered,2017-08-29 14:39:18,2017-08-31 02:44:39,2017-09-06 16:58:02,2017-09-13 08:03:22,2017-09-20 00:00:00
4bd5c5a34598363e3de64b820db3d3f3,65dc25bff4bec30e42fdd6f14c8e07f8,delivered,2017-09-21 01:33:10,2017-09-21 01:45:15,2017-09-22 18:46:40,2017-10-09 18:29:56,2017-10-23 00:00:00
b388b6a35d4687ab1991c81b09495dbb,b6366b62ef3476d96e7a6398c294cb88,delivered,2018-05-13 12:09:17,2018-05-13 12:32:32,2018-05-15 10:45:00,2018-05-18 21:27:56,2018-06-18 00:00:00
10f78f574a0d932e843ea67d513ee9f4,75bdb1995f182fee181467a77685336b,delivered,2018-04-27 11:14:30,2018-04-28 02:51:46,2018-05-03 15:12:00,2018-05-11 16:16:46,2018-05-23 00:00:00
250d181fa1c603024562b93a8f8d5fe0,7c29c309c685f2f7388ad10624008acd,delivered,2017-01-21 16:30:43,2017-01-21 16:41:50,2017-01-26 10:41:52,2017-01-31 19:42:09,2017-02-28 00:00:00
020d1063c6e7cb975472aedbfe0e25ea,bcf130ec4f60035b99625fd5c5fc88ed,delivered,2018-01-05 00:16:05,2018-01-05 01:32:24,2018-02-17 02:08:02,2018-02-20 20:52:49,2018-03-06 00:00:00
00dfb074b5c910fbd08e04691c4b712f,a5ced4926d7d8fa71e9be2b007720356,delivered,2017-06-08 19:43:35,2017-06-08 19:55:19,2017-06-09 15:12:41,2017-06-15 09:03:59,2017-07-10 00:00:00
c052b5075e9fd0d83a3d2b183e6e0df1,b1b879ab67e07126ab6615c9df85ca21,canceled,2017-05-13 20:06:13,2017-05-13 20:22:40,,,2017-05-29 00:00:00
e894c57e9986a9c5936b17fe19400a6a,030bd1d7425888e0429cbe0b1db927c2,delivered,2018-04-28 07:56:16,2018-04-28 08:13:23,2018-04-30 13:27:00,2018-05-17 23:34:41,2018-05-29 00:00:00
8c4ce5faf62a0c1689092c6cf29b772d,5eaffe6f398a36b8683b14699bc48ae4,delivered,2017-12-09 13:29:01,2017-12-09 13:51:44,2017-12-11 23:12:43,2018-01-04 16:25:57,2018-01-04 00:00:00
8afe93422f74d4eb5b74349a643d94e3,655db910cac0a44e6528240243b2f5cf,shipped,2018-02-23 18:57:41,2018-02-24 13:55:28,2018-02-27 17:57:02,,2018-03-16 00:00:00
b5c0e3965c317f2bf6df82ec02e35ac8,a13e43930aef7d8f7c602281d6692b16,delivered,2017-06-20 16:52:10,2017-06-20 17:05:16,2017-06-21 11:26:15,2017-06-22 13:16:05,2017-07-03 00:00:00
b511d65dcc8a6154086efbf3d2c9230d,d06ffc11ea9089da8c1a146a3ec0f0d2,delivered,2017-08-15 17:53:10,2017-08-15 19:35:13,2017-08-17 11:15:47,2017-08-31 20:04:27,2017-09-15 00:00:00
f74a92993942e72d5f55c192272b02e0,ae4b6534cae9a56678c7eb71960055e3,delivered,2017-12-11 08:39:08,2017-12-11 08:49:11,2017-12-13 17:32:47,2017-12-15 22:18:35,2017-12-28 00:00:00
2dee7cc9b658d444f8b66a9da62f8868,1ecfdd635d48581004c3e35c1a67c4d3,delivered,2018-06-04 12:37:15,2018-06-04 12:50:45,2018-06-04 15:44:00,2018-06-08 12:12:25,2018-07-13 00:00:00
62ea5251fe435ac8a677196623782c04,3777f15428e4dcbcad0c873f3ac75c47,delivered,2018-07-09 11:12:19,2018-07-09 11:25:28,2018-07-19 13:32:00,2018-07-27 20:08:41,2018-07-30 00:00:00
e488e6bcbb9d0e1aa301b9c649dbc5fe,b00098edde8dba0f25e767294abfb16b,delivered,2017-07-24 20:16:00,2017-07-24 20:30:27,2017-07-28 19:59:35,2017-08-09 17:48:14,2017-08-15 00:00:00
5960d0cd975b6c256e9609ebea940f4c,579a53f6e3f53de1d035ce5c0b0840a2,delivered,2018-02-19 13:28:13,2018-02-19 13:46:46,2018-02-21 21:23:19,2018-03-01 23:46:50,2018-03-05 00:00:00
519ce376ccc4703b7e1335fb7df67694,4d9e2aef8298acb3f89d56a38e0604e2,delivered,2017-12-26 18:14:51,2017-12-26 18:28:03,2017-12-28 17:07:45,2018-02-10 14:58:47,2018-01-29 00:00:00
d5d6d0cd7873ba2a68436791eb3816e3,0daa90e9bc07b18c5335c227fc6a8b26,delivered,2017-11-24 15:48:17,2017-11-24 19:19:39,2017-11-27 11:33:00,2017-12-21 19:57:48,2017-12-29 00:00:00
80699b0979ef4c5a8fb6d2282f54c761,b879553601cb7dac2d61b62271ad664d,delivered,2018-03-10 11:01:19,2018-03-13 04:10:51,2018-03-15 01:20:36,2018-03-28 20:45:20,2018-04-16 00:00:00
11156cbbd16c21d0f876588915098a28,ffc436ef9df6ede268ee1548a0dfbbba,delivered,2018-04-25 09:00:27,2018-04-25 09:15:13,2018-04-26 13:05:00,2018-05-10 00:25:27,2018-05-16 00:00:00
867c38cfbcd204534450b238734e4bbc,04d7495f50a021d8db9893b0820a774b,delivered,2017-09-18 14:42:38,2017-09-21 12:35:18,2017-09-21 17:36:52,2017-09-27 17:35:46,2017-10-09 00:00:00
c3717b0f82c27845bd10cc82caf863f9,c772b316328150e8cc709f430dddeda2,delivered,2018-04-25 12:23:27,2018-04-25 12:35:24,2018-04-26 12:52:00,2018-05-02 18:41:55,2018-05-18 00:00:00
7f212732dd5f6721b25435355c223e51,95759d9c114986f32e7420bc508ff3f2,delivered,2018-03-27 13:02:02,2018-03-28 02:35:26,2018-03-29 02:33:19,2018-04-06 22:04:49,2018-04-13 00:00:00
7b394ed40ae60bd168cb4f5d18b891ee,59373092db2ccc827877f8ecc621392a,delivered,2017-11-24 00:01:45,2017-11-25 05:19:23,2017-11-28 14:49:45,2017-12-08 20:55:59,2017-12-26 00:00:00
90ea2b1be9c98c67406de151652daa63,8cca8027af04a9c9bd04bd8c8e324ec3,delivered,2018-05-03 19:34:44,2018-05-05 02:35:12,2018-05-07 15:25:00,2018-05-28 20:04:38,2018-06-11 00:00:00
e383eea23b0b645f90cbb25a13a2ab93,4e3e8e279a5a97ad1232c4176d161eba,delivered,2018-05-07 17:40:40,2018-05-07 18:15:40,2018-05-16 13:44:00,2018-06-05 23:57:38,2018-05-29 00:00:00
6a418aa9198fd6a8b3defc233ca92c3a,f9c8ee75dc95342ce456ed5f80ebc3ab,delivered,2017-07-17 09:57:44,2017-07-17 10:10:12,2017-07-24 17:04:19,2017-08-01 17:54:25,2017-08-14 00:00:00
b8709d077ce71c8db784818569960cb2,4f1d99d568c60f8702f77fb3bd12c1c0,delivered,2017-06-23 11:35:41,2017-06-23 11:50:14,2017-06-26 13:03:49,2017-07-03 06:33:36,2017-07-10 00:00:00
d5e7941b8ab8bd693fa7249c9deb51d2,5fa5e31440a9a837cdd7b210fba33982,delivered,2018-05-15 11:30:48,2018-05-15 11:55:14,2018-05-15 14:43:00,2018-05-25 16:22:01,2018-05-29 00:00:00
df791a445f1901f4183b4e04eb4bc3f2,1d34fda970335bd600ffac1fde943397,delivered,2017-09-15 13:52:28,2017-09-15 14:05:05,2017-09-20 16:54:01,2017-09-25 14:33:31,2017-10-04 00:00:00
7ffcf0c67ae44cd430cf6dae850cb79b,a0000ce2fe61df5f6fbf6d47eecef0b4,delivered,2017-07-10 23:18:33,2017-07-10 23:30:13,2017-07-21 22:43:31,2017-08-02 20:54:32,2017-08-08 00:00:00
299ce7925408d58052afc1317198584a,f28be13519da4a15edf8c2ed80c6449a,delivered,2017-03-06 23:24:11,2017-03-06 23:35:14,2017-03-07 14:55:55,2017-03-16 15:22:18,2017-03-27 00:00:00
1cf718e4825b60483e960187443209f1,27982915123a800b423be0df3ffd8352,delivered,2017-07-01 12:25:06,2017-07-01 12:35:18,2017-07-05 18:06:18,2017-07-14 19:03:07,2017-08-04 00:00:00
790174a33341ef5cb1534732bfcbce28,b951f4aa14bd8cdbdaa9fe4bcc4f4750,delivered,2018-01-17 09:41:23,2018-01-17 09:51:30,2018-01-17 17:08:45,2018-01-25 00:34:27,2018-02-09 00:00:00
7b07a49f82fe58fb4d678aabda69b963,fbafa37ca426d853ba6afe1c796f8c37,delivered,2017-11-12 20:09:31,2017-11-12 20:26:27,2017-11-14 11:41:29,2017-11-16 20:28:29,2017-11-27 00:00:00
9b2599fdc15b85d99cb3f3be84194fa4,2e74907ac65427f257d134026c674620,delivered,2018-01-23 13:45:20,2018-01-23 13:57:29,2018-01-24 20:37:30,2018-02-06 19:41:34,2018-02-20 00:00:00
9f81e8f6c74d99562869844aafbfe0d5,3a877e5eba37d36c050a3e5f11083e5f,delivered,2018-08-02 19:28:47,2018-08-02 22:15:27,2018-08-07 14:06:00,2018-08-20 18:36:45,2018-08-29 00:00:00
0494bfa608beaca61486b71439135973,d66608953619ee144d97bc31d4309228,delivered,2017-04-30 21:07:30,2017-04-30 21:22:26,2017-05-04 11:52:54,2017-05-11 13:58:04,2017-05-23 00:00:00
e5f2a41dc1488b94c17771d3d627bec9,030eae1d849c53479e79ecf5429ac4b0,delivered,2018-08-14 03:17:54,2018-08-15 03:24:11,2018-08-15 12:53:00,2018-08-20 12:08:30,2018-08-27 00:00:00
45a48df7b18435ce6e3c03ba6c6c2386,ed0af0bffd15b256920c280aee9e5dde,delivered,2018-01-16 12:53:37,2018-01-18 07:34:48,2018-01-18 17:13:09,2018-01-30 18:56:37,2018-02-14 00:00:00
5de38f7ea6169eb89d807d6447a28528,c885a1e2fdd110a73e5380bd90050fea,delivered,2017-12-15 07:15:19,2017-12-15 07:36:42,2017-12-16 16:03:59,2017-12-26 15:03:44,2018-01-15 00:00:00
df5db2ddf13eb709a018dea459afb4b5,695ad68c4f5db80c7281c0040e623369,delivered,2017-04-28 22:41:13,2017-04-28 22:50:19,2017-05-02 15:25:18,2017-05-09 09:05:08,2017-06-02 00:00:00
50d00c9680bdca4f471658f02ca144c3,87a588f4d6a77083c035a56a392b1f56,delivered,2017-08-06 20:13:47,2017-08-06 20:30:13,2017-08-10 18:42:19,2017-08-14 19:53:33,2017-08-25 00:00:00
40eb3456ddb929efd347db4817460755,a4c73cf63d6be08d070b33ab1c99f76f,delivered,2017-08-04 14:40:50,2017-08-08 04:40:27,2017-08-08 19:56:43,2017-08-28 15:07:40,2017-09-08 00:00:00
b58d8a88b664ff37c90fd83498db30a4,957d43b4b6b9f9573c58da39aeb241d6,delivered,2017-12-23 03:16:21,2017-12-27 04:07:45,2017-12-28 23:09:30,2017-12-29 11:49:03,2018-01-15 00:00:00
f4a4545da8609ac93d74003733142739,27cb8a4edbd6d5a104308836c3b00da1,delivered,2018-01-23 22:33:52,2018-01-23 22:53:22,2018-01-24 16:42:37,2018-01-29 22:08:04,2018-02-16 00:00:00
3abff6f47304095eb8da87b12ca07046,ce3d832b10ed3bab7c106b9a295e31fc,delivered,2017-11-29 17:43:48,2017-11-29 18:31:06,2017-11-30 17:47:09,2017-12-01 15:53:19,2017-12-26 00:00:00
a2719d5230c391aa396433b5cf6cc4d5,fc9d7084d2cc48f7ac064716b2e922d4,delivered,2017-11-24 16:59:53,2017-11-24 20:37:41,2017-11-27 23:42:00,2017-11-30 20:28:40,2017-12-08 00:00:00
991dc90330a54fbf3461dec5bf8226ec,0e25b9588076baf393cba1ce1a47567e,canceled,2018-08-06 23:03:09,2018-08-06 23:15:19,,,2018-08-16 00:00:00
f27cec916c1b73075e04a096c6c31562,06b4c8a36a20658dcab2a977dc3fa248,delivered,2017-06-25 11:00:09,2017-06-26 11:12:48,2017-06-26 16:17:57,2017-07-05 15:23:46,2017-07-24 00:00:00
5fd51001358a7987c0e38d1d74a610ea,5557f927b98220dccee27a76c2383f06,delivered,2018-05-14 12:17:40,2018-05-14 12:40:03,2018-05-15 12:51:00,2018-05-23 19:34:03,2018-06-01 00:00:00
0534ef1065535a4a5fd90098c1ad462b,b4eb7d78fa672b58a0e9883f29cb3cdb,delivered,2017-12-07 17:39:33,2017-12-07 17:52:20,2017-12-08 16:24:56,2017-12-11 17:37:26,2017-12-26 00:00:00
62a68781c6f891e4e7032cc4f0fede03,e1080516c2611434061a6043ae2ae9b1,delivered,2017-10-27 18:43:34,2017-10-31 12:32:10,2017-11-01 22:51:33,2017-11-06 23:21:14,2017-11-21 00:00:00
dfaca8a85d5a1ef947b32f44dc3817bd,68d6e716c2094764c7c6c283ef692fa8,delivered,2017-11-08 16:15:42,2017-11-08 16:30:49,2017-11-09 21:08:43,2017-11-24 13:11:36,2017-12-08 00:00:00
e7b531a9c4e9bdb68edc58e15736c6ff,db0072e38b76f443b261b1bedc0b1f99,delivered,2018-05-12 18:09:30,2018-05-12 18:35:57,2018-05-14 08:37:00,2018-05-19 13:21:59,2018-06-13 00:00:00
11ff5f9ab62000ad8044352a96ad4ebf,15beaa3fd34b24664dcb4fa7a31d4406,delivered,2018-05-09 12:03:22,2018-05-11 03:10:36,2018-05-11 14:17:00,2018-05-18 19:03:35,2018-06-01 00:00:00
32f0db75abd9599736ef815f021c684f,0c322573ba503cd7e758af29de300dc3,delivered,2017-11-13 14:43:42,2017-11-14 03:50:31,2017-11-16 23:07:02,2017-11-22 22:38:34,2017-12-07 00:00:00
07b3fa22681348d67c91811d31b60e69,037bf020eead8d38386571748d79f2ed,delivered,2018-01-09 09:01:03,2018-01-09 09:08:34,2018-01-09 20:35:44,2018-01-13 01:33:29,2018-01-23 00:00:00
92c427aafb62360f8e6eeb77f851b7a7,b25bf9c7c5fea8692412832439fba968,delivered,2018-06-10 12:16:33,2018-06-10 12:31:44,2018-06-11 10:59:00,2018-06-14 21:37:54,2018-07-04 00:00:00
308e139d46236840c3325ac8a72db04c,cfca97c48e5807e856a4140cf4af46bd,delivered,2018-01-08 21:52:24,2018-01-08 22:08:30,2018-01-09 21:49:00,2018-01-16 20:21:53,2018-02-05 00:00:00
65eeecd3949c21cbcb6671b445db5dcf,a965ff7f3b9b98b0543f4ef0fd1ed113,delivered,2017-05-12 16:32:39,2017-05-12 16:42:56,2017-05-18 11:58:01,2017-05-24 09:19:22,2017-06-20 00:00:00
9b7a3e161d57ce38da97fc1d81a0dee2,0e067883aba51911dac5fe2248847c8b,delivered,2017-12-13 10:23:28,2017-12-13 10:35:34,2017-12-16 01:05:02,2017-12-29 15:15:11,2018-01-18 00:00:00
a03f26d6437188462f6e42f098b7e7c0,40897a63d388c1d1f1844f334d404d5f,delivered,2017-12-06 20:38:11,2017-12-07 03:10:50,2017-12-07 18:39:09,2017-12-18 15:44:01,2018-01-09 00:00:00
11db6666e1dbeee776c8e15fd0792c4b,dd2dd4b75b0a223fb8c234ff1934faf8,delivered,2017-01-30 11:17:55,2017-01-31 09:32:39,2017-01-31 23:29:58,2017-02-10 10:14:06,2017-03-10 00:00:00
c5150f96d11c1d73a05694fbae58f06d,373c306e1b5aedeb0c81d09d33524e61,delivered,2017-12-01 22:57:13,2017-12-01 23:15:01,2017-12-05 01:16:56,2017-12-11 18:58:55,2017-12-26 00:00:00
331f9dfb7b6f1274298f0fdef2f8f2ad,1babbdb099e08e0494aefb32f438e94a,delivered,2018-05-21 08:54:52,2018-05-21 09:10:34,2018-05-21 13:34:00,2018-06-04 20:51:40,2018-06-11 00:00:00
257b9cbebe66bbd37b4233212ec1a909,85b1e718b7ad742e3e30e0b41127e7e1,delivered,2018-02-04 21:52:09,2018-02-04 22:10:00,2018-02-19 22:10:02,2018-03-19 16:34:18,2018-03-28 00:00:00
ba6d7557cefd2d4e8fe232a2f9cddd8c,88778f0eb5d1ef0db454aa0a8bbaa02f,delivered,2017-03-23 11:32:29,2017-03-25 02:15:38,2017-03-28 13:24:51,2017-04-11 12:11:01,2017-04-28 00:00:00
7f73071c538cbb2b10e41a3041db481d,0ac60131bb66f24dcdcbbd6cc502c0f6,delivered,2018-02-26 17:11:00,2018-02-27 21:15:40,2018-03-02 19:40:42,2018-03-09 00:17:35,2018-04-09 00:00:00
1f80ad89393a17282085bcd14644e45a,9dc44c77359aac6ad31f0937961a9940,delivered,2017-09-01 22:26:18,2017-09-02 22:23:55,2017-09-06 19:43:53,2017-09-18 18:11:46,2017-09-26 00:00:00
ebb7f99f3da056facfc31f1fd9c56b99,a30db10ca47b76fbca6c8fcdc785b01e,delivered,2018-06-27 13:33:58,2018-06-28 16:32:11,2018-06-29 12:24:00,2018-07-10 19:36:43,2018-07-24 00:00:00
8436df70c30e8e11edf5cf2f880edf6e,5ce5850e9f77cf47374442640db701e9,delivered,2018-01-08 21:11:55,2018-01-08 21:19:23,2018-01-10 21:15:52,2018-01-26 23:13:33,2018-02-15 00:00:00
e9e76f41dadb7c83d5f8dcbd2ca7473a,2e0bfa6011ac97514219d751ffb3e086,delivered,2017-07-19 14:08:55,2017-07-19 14:23:31,2017-07-24 19:35:29,2017-07-28 22:42:10,2017-08-14 00:00:00
3611e9793009655c4d1350655211953c,58d3cf805da31cedec8f0414010cdbd8,delivered,2017-06-19 12:14:01,2017-06-20 10:50:31,2017-06-21 09:46:38,2017-07-21 19:43:41,2017-07-11 00:00:00
cf785a05b67a9d6bc87e8cb56ec94e77,fbccb4c4114a6cc6255e53ff1970cfd2,delivered,2017-11-04 13:33:13,2017-11-04 14:15:43,2017-11-06 20:35:20,2017-12-21 14:12:08,2017-11-29 00:00:00
8bad58f701a51a72ca58428e36208431,8cbd99799d58ad57c97785f982b20a96,delivered,2018-03-26 18:15:32,2018-03-27 18:10:14,2018-03-28 14:07:27,2018-04-04 18:38:35,2018-04-16 00:00:00
20a9f509874c4824696e6d56602adbff,d157955b6be3a7ee41fa6f4b23739472,delivered,2018-05-06 18:05:39,2018-05-07 09:32:24,2018-05-09 14:16:00,2018-05-16 15:58:37,2018-05-23 00:00:00
002691433f09002ac9ca0c4e8dbb8ead,630b8c2f4134e83812d827e8006caa85,delivered,2017-02-02 21:18:03,2017-02-02 21:30:13,2017-02-03 12:34:49,2017-02-07 13:04:37,2017-03-03 00:00:00
45bc30179c94124da60cb1b1fd5b9754,64d6f3bf4430484ac89c89b6266383ef,delivered,2017-12-22 11:14:12,2017-12-22 11:31:13,2018-01-10 11:17:04,2018-01-22 17:32:42,2018-02-05 00:00:00
4b3d51d53496b61174695ad74a403d6c,62a048051b74dea9eab930b6c0d50adb,delivered,2017-12-14 11:30:41,2017-12-14 11:59:20,2017-12-14 23:38:51,2017-12-22 18:09:39,2018-01-10 00:00:00
4d9266a6417c11bd5a749b0e87301826,124877b1d6450dd175fd252d4fb2c8b7,delivered,2018-05-07 09:25:17,2018-05-07 16:55:48,2018-05-10 14:57:00,2018-05-15 22:48:50,2018-06-01 00:00:00
eb79d602c28b8782807ca17e4ba806cc,ae593797c45538bba5eb62f67740a1cf,canceled,2017-10-24 20:14:53,2017-10-25 02:26:16,,,2017-11-06 00:00:00
72ebb0547658a1d829e79aca8367d606,1c3b7b5254404bf529379e7433b758a5,delivered,2018-08-02 20:20:10,2018-08-02 20:35:26,2018-08-03 12:27:00,2018-08-09 17:34:18,2018-08-16 00:00:00
8ce6aeb98624ab2ad6732488877b875e,c101f8de6e1a9460a39aea808a4d5720,delivered,2018-02-21 10:01:03,2018-02-21 12:27:59,2018-02-21 21:23:06,2018-03-08 20:31:33,2018-03-21 00:00:00
50e1bd81c48e7fac3ae7246bd07a9129,dc76dea012fc4ca164091008b2b811dd,delivered,2018-06-11 10:11:47,2018-06-11 10:32:20,2018-06-14 13:51:00,2018-06-25 15:56:43,2018-07-20 00:00:00
52ae002feea5d59bda4323361c7172b2,b463e4a266f4ac39d80497ee637c90bf,delivered,2018-01-04 14:46:22,2018-01-05 20:59:46,2018-01-08 21:28:50,2018-02-02 03:58:50,2018-02-06 00:00:00
c0e0337ea8446b1f9e9eee331b2617c3,08ea30a42b328e0de15bb45949baa109,delivered,2017-06-29 08:47:04,2017-06-30 02:50:32,2017-07-07 19:02:27,2017-07-14 21:05:24,2017-08-02 00:00:00
7db64bdccb109046ffe4247078409ceb,0e46bd5beb3defb22a0fb42dacf5a37d,delivered,2017-08-02 14:10:38,2017-08-02 14:25:19,2017-08-02 21:34:30,2017-08-07 18:22:39,2017-08-24 00:00:00
81ab0b4068c1bae0e818206c28b2c9ca,4b356889aae8fb19ebc052206a8e3169,delivered,2017-07-13 18:21:02,2017-07-13 18:30:15,2017-07-18 12:05:00,2017-07-27 15:38:39,2017-08-14 00:00:00
feb6795b3a5f345c10e8e4a7c6383130,22dc6c288a0404fc96f83cab39a4e734,delivered,2018-08-10 19:29:13,2018-08-10 19:44:33,2018-08-15 13:37:00,2018-08-21 13:33:06,2018-09-03 00:00:00
f7499d7ef8d2ef5405b9f45b14223ee0,700856752061c5f93ee45f4a6b715e83,delivered,2018-02-16 16:56:33,2018-02-16 17:10:46,2018-02-21 21:13:16,2018-03-12 18:02:49,2018-03-09 00:00:00
8ad3ff8de0c9473f99616e4dd7bfe7fb,8b8ef7402703c4775339a4a261f4ab44,delivered,2018-08-10 03:17:51,2018-08-10 03:30:09,2018-08-10 13:44:00,2018-08-13 17:06:46,2018-08-15 00:00:00
5313bda5d2785348137647a4f64236a9,0d040e881b853027f451b8465e81e402,delivered,2017-05-18 16:12:53,2017-05-18 16:25:17,2017-05-19 10:26:47,2017-05-31 15:41:45,2017-06-23 00:00:00
de5569837d26b78e94dbcf0d72e29ba2,df26ca4971ed6b416836e89a20d4fe13,delivered,2017-12-18 22:50:21,2017-12-20 06:56:23,2017-12-22 15:09:40,2017-12-23 18:13:35,2018-01-08 00:00:00
823070d852b76a5314b41122ae317fcb,67a78606811f4989f7aecd551506529f,delivered,2018-02-18 23:47:16,2018-02-20 07:07:10,2018-02-20 20:13:18,2018-02-27 23:24:51,2018-03-14 00:00:00
a3115f34be015286911b92beba41be5f,4c98afa4ca10e1d85ddf126c0c19834b,delivered,2017-05-09 22:33:27,2017-05-09 22:42:32,2017-05-11 13:55:42,2017-05-16 16:34:29,2017-05-31 00:00:00
998b1beee068744ac833dd8b31944623,4388eb52412b71e3b55ca093b0fca09b,delivered,2018-04-26 18:52:11,2018-04-26 19:11:36,2018-04-27 10:07:00,2018-06-05 17:02:57,2018-05-22 00:00:00
893f29ed01af82b34853c1deffe0117f,ccf774b91d3599a07386dbc88ef7dd4a,delivered,2018-08-16 18:59:58,2018-08-17 19:10:21,2018-08-21 17:55:00,2018-08-22 16:35:25,2018-09-12 00:00:00
b0bfe907b9812101e7b442221ffb8f07,c5cf24cd094521d9270ff310c36fff9f,delivered,2017-07-27 13:11:39,2017-07-27 13:25:14,2017-07-27 18:57:44,2017-07-31 17:12:17,2017-08-16 00:00:00
dba140d12592fdc150bbeed0f7f1a32e,ed9445dc99e654763cc4800426235e7a,delivered,2018-01-06 09:39:48,2018-01-09 07:26:09,2018-01-09 20:48:04,2018-01-29 21:48:48,2018-02-09 00:00:00
0f9a932982d1a4ee6f2b4d9a874a5fd0,8dea293c7c436f369f4abd1c7e2ebb73,delivered,2018-06-20 10:38:43,2018-06-20 11:08:32,2018-06-20 13:53:00,2018-06-25 14:56:38,2018-07-13 00:00:00
8293af079b19a6349d758b3c16ecd6dc,591ff4992a8a79c6dd2e72a202c728ff,delivered,2017-11-24 09:43:22,2017-11-24 11:13:26,2017-11-24 19:08:29,2017-12-20 18:57:59,2017-12-19 00:00:00
da335e512c5172e253ee80cb42acf8aa,d1c7f1091325d6c6dd7c4512b6ded91f,delivered,2018-05-16 18:29:14,2018-05-18 12:31:43,2018-05-22 08:43:00,2018-06-09 01:02:42,2018-06-07 00:00:00
25c570731859e7969527877f7d9375ae,04a80904d68808014ce304276a945dc2,delivered,2018-06-17 20:50:32,2018-06-17 21:13:59,2018-06-21 13:07:00,2018-06-28 22:11:55,2018-07-24 00:00:00
ab1a70d5cd14419a6f2c2aca5ee8a79b,21de634855f444443723e6c8b224ae69,delivered,2018-04-20 20:37:50,2018-04-24 18:22:56,2018-04-24 18:28:48,2018-04-25 19:12:43,2018-05-14 00:00:00
3c224717f735680c865cdb827b6c81bd,b4092d7745bc3d897d5c064dc6a22ed7,delivered,2017-05-29 13:53:10,2017-05-29 14:05:14,2017-05-30 10:59:38,2017-06-07 16:21:10,2017-06-28 00:00:00
7e132c96049690bbbb76ce370f1c885a,b3500a2ddf9ba44bc4ef8a49b14b023d,delivered,2017-12-14 13:35:10,2017-12-15 02:17:49,2017-12-16 17:22:35,2017-12-21 16:42:45,2018-01-03 00:00:00
d4169a5053bce24dd44902b9f07eed51,9d9f317311646c61117ca1bb8f5684df,delivered,2018-06-17 13:28:09,2018-06-17 13:52:41,2018-06-18 14:15:00,2018-06-22 18:51:58,2018-07-05 00:00:00
be0cfa52def8dbec8774d5caf15b61a8,ec5f70e09e3caaafd4a6c972b422effb,delivered,2018-05-18 14:00:40,2018-05-21 07:51:10,2018-05-21 19:15:00,2018-05-24 19:08:25,2018-06-05 00:00:00
abfb6dbd8b0370761e851060356359b9,f167c1f38bc84624f4c1783709ac08f7,delivered,2017-11-25 15:34:28,2017-11-28 03:48:29,2017-12-01 22:09:08,2017-12-11 23:32:44,2017-12-15 00:00:00
446de4fae55c385fb4c5481c783bed29,889e00350927eaa1508aba82ca2d2a9f,delivered,2018-05-11 09:09:56,2018-05-11 09:39:28,2018-05-11 15:36:00,2018-05-15 18:08:03,2018-06-12 00:00:00
591d36e7f544036a8849e508414d2295,d24158ad56615a6753290e813f3468c0,delivered,2017-12-15 16:45:22,2017-12-15 16:53:28,2017-12-21 18:52:46,2018-01-23 23:22:22,2018-01-12 00:00:00
7f86b02bd852306b5695ba14f0f95fcb,4c26f80048c63c93db62749c9f56dc9c,delivered,2017-10-28 11:24:57,2017-10-28 11:35:09,2017-10-31 19:35:54,2017-11-01 20:46:45,2017-11-13 00:00:00
96c85fb240067205674e99425c5df3de,56e72c1aea322da215031c4ec20a23eb,delivered,2018-02-06 16:32:15,2018-02-06 16:51:48,2018-02-28 20:49:12,2018-03-20 01:31:05,2018-03-16 00:00:00
e45a12fb0ed186f1f4e4337f60933c54,5afaa66b563f98d646cab188d7d69561,delivered,2018-03-11 15:52:51,2018-03-11 16:27:52,2018-03-12 18:05:09,2018-03-29 16:13:42,2018-04-03 00:00:00
95d48dfe4e0e1340d723337fb3a8ca68,d06d8fe374a50cc9428ff641547501d8,delivered,2018-08-16 19:08:06,2018-08-16 19:29:25,2018-08-17 12:34:00,2018-08-22 16:47:46,2018-08-27 00:00:00
629a311d2d78caf11bd453dd536c6da2,e4efcc8ddbd88af5d9cc88c4e96b5f48,delivered,2018-02-23 17:30:06,2018-02-23 17:49:30,2018-03-03 00:33:32,2018-03-14 20:55:40,2018-03-19 00:00:00
6952ede229b1cee2808b13094179d822,7da01fba9e505fb5caf8b5bf296eb37c,delivered,2018-01-23 13:11:46,2018-01-23 13:37:35,2018-01-24 23:32:44,2018-01-26 18:09:57,2018-02-20 00:00:00
68a3e4dca76ceed7ef884e732b63bdee,8754b8b9a8d00bcaa22908f3e8079ea5,delivered,2017-08-27 13:05:04,2017-08-29 06:30:14,2017-08-29 15:18:21,2017-08-31 15:59:03,2017-09-18 00:00:00
95287dc5df93f25b90309d5acddbe02e,77e7a543346c063e804af0d1c7829ee0,delivered,2018-03-15 20:58:52,2018-03-15 21:10:33,2018-03-16 18:04:06,2018-04-03 21:12:33,2018-04-11 00:00:00
f517ea1343dd2e2db6ad7e82cdcd6109,f50371ea73620809c8229334f110d038,delivered,2017-11-22 15:09:21,2017-11-22 15:19:30,2017-11-24 19:17:47,2017-12-01 17:22:49,2017-12-11 00:00:00
8067c5e4834f3c0a3c8a4e921d65c5b1,d06d665f5cbc5c4d6d32b95e3366753a,delivered,2018-01-24 16:28:22,2018-01-24 16:39:42,2018-01-29 17:58:40,2018-01-31 21:34:47,2018-02-09 00:00:00
b07f4f372d6b83aa840baa28e094764d,dac64a594428f6f259e18c968924a1c0,delivered,2018-05-05 15:38:37,2018-05-05 15:55:15,2018-05-07 15:07:00,2018-05-14 17:05:31,2018-06-08 00:00:00
43b68bc17b7182a73f19829a1cbd4333,8f65470a3b714b3a99454dc4cf3610e8,delivered,2018-01-30 15:55:22,2018-01-30 16:12:52,2018-01-31 18:04:51,2018-02-25 10:35:08,2018-03-01 00:00:00
376e24a23026f91d3b3a68ae7b4fffc9,5e92e44ebd0a350490a3b0514da0000d,delivered,2018-04-04 15:04:30,2018-04-05 02:08:32,2018-04-05 20:41:22,2018-04-13 20:36:20,2018-04-20 00:00:00
dd6ac2e90734c89e307ce48401909367,a1961b2577837c6163adfd9e7c25e5a6,delivered,2018-04-22 14:11:28,2018-04-24 18:39:09,2018-04-27 13:12:00,2018-05-23 20:08:39,2018-06-04 00:00:00
45e23c55f1e319a0808c5924598cad9c,94a1fd95e0206cf4f438d24d15378685,delivered,2018-08-07 20:42:30,2018-08-07 20:50:28,2018-08-09 13:47:00,2018-08-17 11:03:13,2018-08-28 00:00:00
c0c735876359d7431dbd45a8fb0e238b,e2f8991948307e6172c3c55e7d986d9c,delivered,2018-02-23 00:11:32,2018-02-23 20:20:25,2018-02-26 18:57:01,2018-03-08 15:24:09,2018-03-22 00:00:00
7b435354ca15646a010388cc18dd2c20,c793cef016cf6426573a2b698ecfa174,delivered,2018-07-24 10:45:01,2018-07-24 11:44:31,2018-07-26 15:42:00,2018-07-31 21:08:43,2018-08-10 00:00:00
47a4127cb0dbefba62b1f27417f295e5,f21be077bde5af59e7bc499c7dfe788c,delivered,2018-03-06 09:32:41,2018-03-07 02:10:45,2018-03-08 00:09:34,2018-03-09 17:48:47,2018-03-16 00:00:00
1d35be28af536ed23f7e3ae4daa91aaf,b5c118230281675a7ca647f49baef3ae,delivered,2017-07-26 21:38:15,2017-07-26 21:50:26,2017-07-31 21:57:03,2017-08-07 17:45:00,2017-08-15 00:00:00
3a6b881cda9bb84b58ca91c630b9793a,19d12029252139d6480df2681d6111b9,delivered,2017-08-09 20:04:12,2017-08-09 20:15:17,2017-08-11 13:30:05,2017-09-19 15:04:23,2017-09-06 00:00:00
34eb956c071a90d711a9042a0fd9f2f1,5d6696754ebfd1710f4cd67aa32cf0e3,delivered,2018-08-17 08:36:26,2018-08-18 02:49:50,2018-08-20 15:27:00,2018-08-23 15:52:50,2018-08-29 00:00:00
a2dd8c16ba2548569497fdc4a440b967,732594f0f8f10ebee9718cb85d2c781e,delivered,2017-12-13 12:41:24,2017-12-13 12:50:35,2017-12-14 21:12:50,2017-12-20 19:28:33,2018-01-02 00:00:00
8e1e331cb2701fc82849ab614e8ff240,60fec73af0d1a1591b8e5b15341d72c7,unavailable,2017-05-27 09:56:24,2017-05-30 04:25:08,,,2017-07-03 00:00:00
77e00d2c70f0bacc0e5467fd57422f7a,fabf975614e7e0d8341f84283a681467,delivered,2018-04-13 10:51:26,2018-04-14 02:13:44,2018-04-18 17:12:40,2018-04-19 17:37:36,2018-04-26 00:00:00
04f7b342a4b3d7b33bdf6aade899d685,88d6b2fc68f377ccaf29bfa20fb5064a,delivered,2017-08-29 20:25:43,2017-08-29 20:44:19,2017-08-31 17:32:14,2017-09-05 21:16:30,2017-09-19 00:00:00
82e3732828be8d714ff18ca961250f57,1c3fe95fe2ba34b846741bf6ec42256c,delivered,2018-02-28 21:54:18,2018-02-28 22:08:01,2018-03-02 18:23:27,2018-04-09 19:12:17,2018-03-28 00:00:00
b414a769783b3ab82e49f4113c0edaae,ff24c0250b3f882f90d87942fb7583a9,delivered,2017-06-27 17:12:07,2017-06-27 17:24:01,2017-06-28 15:21:19,2017-07-03 15:49:57,2017-07-19 00:00:00
78f62098f3fbba55d5a6fc9b2e072cc2,5df52c00bb3e854f687e11b615d99945,delivered,2017-12-05 15:00:56,2017-12-05 15:14:53,2017-12-12 21:37:03,2018-01-23 17:51:39,2018-01-08 00:00:00
033ce22f1fb407d7cefcdf8d1121706b,e9b488a1f1dd0ff995f1a64e87026fbf,delivered,2018-03-13 19:11:47,2018-03-13 19:49:40,2018-03-15 19:51:37,2018-03-21 20:49:51,2018-04-05 00:00:00
a179aa7ce1d80b7d4a6b7e2470cb1f2d,cb818de8f7d11c8f30c1da79bf92f3d9,delivered,2018-05-08 11:37:10,2018-05-08 11:51:05,2018-05-10 16:33:00,2018-05-14 16:04:23,2018-05-22 00:00:00
99cba2721b39974a1f5045162748e2fd,9172ec108487aaff702c42028fa71473,delivered,2017-11-24 13:53:24,2017-11-25 04:54:54,2017-11-27 21:07:04,2017-12-07 17:43:24,2017-12-19 00:00:00
f407e662a10a7864e42c33fdc559ff0a,a13cbaa8e1b1fffbfe0e01d938789f51,delivered,2018-02-27 12:47:48,2018-02-28 12:48:37,2018-03-02 16:51:44,2018-04-26 19:24:34,2018-03-28 00:00:00
94e5d86b81534a5f11b5b57af7852aed,e7751b5411d4890df68144a0488a07b0,delivered,2018-02-14 16:34:19,2018-02-14 17:30:34,2018-02-15 23:19:03,2018-02-17 12:56:58,2018-03-01 00:00:00
097d716d21f2b46bb265aacacb716dc8,97908817f277b94fa3948e5e7387a798,delivered,2018-02-28 08:05:57,2018-02-28 08:15:25,2018-03-01 23:17:18,2018-03-23 17:08:49,2018-03-28 00:00:00
1e90eae620cdf28010098a2159d56ebf,61609db271bd91cfbd84c080e5d6e889,delivered,2017-12-10 22:51:36,2017-12-12 22:50:56,2017-12-13 22:50:41,2018-01-20 10:13:30,2018-01-08 00:00:00
26d620229f78589dc5e92ad0ab520ef4,d114674a4f5eabcc39576906c20a7254,delivered,2017-11-27 17:50:54,2017-11-27 18:00:40,2017-12-01 19:27:05,2017-12-19 00:13:59,2017-12-19 00:00:00
5bfff93bf1a78cecbf645fe86513ad0f,288223ca4ff3435a01a015f18fccc873,delivered,2017-09-28 10:41:33,2017-09-28 10:56:15,2017-10-03 14:00:15,2017-10-06 20:10:17,2017-10-30 00:00:00
d36515bd9fb81a3374b1979478926fbc,467b3f1f1d2b25c420d74f0e69b09883,delivered,2017-07-03 00:07:54,2017-07-03 00:15:24,2017-07-04 12:54:44,2017-07-13 19:57:52,2017-07-31 00:00:00
3e28393f83efb34c56df093513721d60,72634020787e70502d6f4f43ce34f543,delivered,2017-07-13 12:17:56,2017-07-14 12:10:18,2017-07-14 19:14:02,2017-08-08 17:10:58,2017-08-16 00:00:00
d39bab8a9af00bb16a6a2bb759d03bd3,eed444dadc28f192c8b1521c754eca1a,delivered,2017-05-11 17:25:25,2017-05-11 17:35:17,2017-05-17 11:45:51,2017-05-19 13:44:50,2017-05-19 00:00:00
8193d208442242314fa5a7d9c9b73df3,eae0befe714c06774b8f88623c2e4bb3,delivered,2018-02-17 23:26:19,2018-02-18 00:26:38,2018-02-23 01:16:54,2018-03-08 14:50:05,2018-03-23 00:00:00
fe5d1d5631625db883840eb3624f7a22,cad14e9f8dacf575e0b90fc0b9415c49,delivered,2017-12-27 08:56:52,2017-12-27 09:19:21,2017-12-27 20:15:22,2017-12-29 23:45:12,2018-01-22 00:00:00
c4437c3f71eb47254bb52f9d8f009383,3a1eff19ccfe0ad069ea6ae159b10442,delivered,2018-02-23 10:53:36,2018-02-23 11:10:52,2018-02-24 14:33:15,2018-03-19 19:13:19,2018-03-19 00:00:00
a2537ce2ae2da31262ec49c1b83cfc78,43ef6d921801cd218aa1933147cc312b,delivered,2018-07-24 14:25:16,2018-07-25 02:50:20,2018-07-25 09:03:00,2018-07-27 13:38:54,2018-08-16 00:00:00
6bc5da0239ae806987a22ccbb45f3fc8,e4a08e459341579f49bdcdb73f0b2272,delivered,2018-04-17 14:24:21,2018-04-17 14:35:15,2018-04-18 23:19:09,2018-04-24 22:12:03,2018-05-29 00:00:00
ab9bec57955006309507e61f3bd2d21a,8357f83328ee3f5e579988844539522d,delivered,2018-06-13 18:05:40,2018-06-14 02:39:25,2018-06-15 07:45:00,2018-06-27 13:11:22,2018-07-17 00:00:00
f7df648b228c22aa46208224ab0fd67d,67370418294c2fd0ab4119292bc816d9,delivered,2018-08-06 11:30:09,2018-08-06 11:44:24,2018-08-07 12:17:00,2018-08-13 18:08:39,2018-08-22 00:00:00
a3c03356178c199a84eae0d6356d815c,65efecad50836c407e7129e0656ddad7,delivered,2017-03-10 20:24:32,2017-03-10 20:24:32,2017-03-13 10:41:19,2017-03-28 14:27:11,2017-04-12 00:00:00
07df21cf38c17b4fef05f15d23e3cce7,a6569ad9b99c7bb667f0ec4224ad7ee7,delivered,2018-03-05 18:12:48,2018-03-05 18:31:18,2018-03-06 21:14:33,2018-03-07 23:47:35,2018-03-15 00:00:00
3ddfb3c5858191cc1e798ac13e6ef582,51e17dc6fe0e3581fccc8be70a2d6af4,delivered,2017-04-26 15:10:46,2017-04-26 15:22:34,2017-04-27 10:52:03,2017-05-05 14:57:28,2017-05-15 00:00:00
f2d4c5e2504657f6ee0b76fb979dd01d,b842717959224c3d19977a60ecfe0567,delivered,2018-06-04 18:04:12,2018-06-05 03:50:20,2018-06-05 14:15:00,2018-06-27 10:08:53,2018-07-19 00:00:00
504eccaee0973a1297b1b3a14bd5c980,cdd7385d5d4f40002e27b3b4db25c954,delivered,2018-05-19 10:24:45,2018-05-19 10:59:52,2018-05-21 13:09:00,2018-06-06 14:49:05,2018-06-05 00:00:00
bdf8131aca33808695d54289e6ec1550,905ecfeea46e963ce7879d15d770dfff,delivered,2017-06-16 17:36:24,2017-06-16 17:50:11,2017-06-19 17:55:52,2017-06-28 14:47:40,2017-07-06 00:00:00
35fbd0c1666a2c04e7d111da0bcf1683,c94395fa4f7fd0440d8972d45d711d6d,delivered,2017-02-09 11:04:00,2017-02-09 11:15:20,2017-02-10 12:09:13,2017-02-15 18:54:52,2017-04-25 00:00:00
1f4afb6af12ea20394e93372d90fb7f6,12775da2894f94da4152af87ee34b1d6,delivered,2018-01-23 17:32:55,2018-01-23 18:07:23,2018-01-26 16:07:11,2018-02-06 23:18:00,2018-02-22 00:00:00
0ffc72fbf456655a67de48c1bd094594,1ee24e71192304999595a27987dbaa94,delivered,2017-12-27 21:05:19,2017-12-27 21:14:24,2017-12-28 17:43:53,2018-01-03 22:19:23,2018-01-22 00:00:00
bb54e9bf4bdb6c6391a7c6b517748b9f,84e28130ed1fa8558f3fc843d9a906e7,delivered,2018-05-27 11:41:32,2018-05-27 11:50:16,2018-06-01 15:13:00,2018-06-26 18:04:00,2018-07-04 00:00:00
bf41eb326b16f1484cf34ab9e3cced8f,f7959924408235b634284e142e28865e,delivered,2017-10-27 19:52:28,2017-10-27 20:50:18,2017-11-03 16:19:46,2017-11-08 20:21:38,2017-11-16 00:00:00
4bf9917773b973b77d02d12241387084,3f6835f041140f84ab67567c59aa5e61,delivered,2017-10-15 20:32:15,2017-10-15 20:49:21,2017-10-16 22:52:15,2017-10-24 00:45:29,2017-11-08 00:00:00
75972b63025ce5a66717a161d49e07db,04892e1ba218bc38b6f52cf4354c3132,delivered,2017-11-17 19:51:01,2017-11-18 02:29:10,2017-11-21 18:28:33,2017-11-27 22:07:24,2017-12-06 00:00:00
21eb677c19b78ef3e185029ea42241cc,0e5ba8e1148c8f30369c02dead8834f3,delivered,2017-05-25 12:11:30,2017-05-26 02:25:29,2017-05-29 09:04:01,2017-06-08 15:23:42,2017-06-21 00:00:00
9c3e52105d896e40a480b47029e36fb8,5ba3ac0869df00141763fbdb83c9c14f,delivered,2017-08-19 06:19:52,2017-08-19 06:35:09,2017-08-22 18:22:53,2017-08-23 17:45:51,2017-09-28 00:00:00
086c6d64a23359add6c0488fbca20ccb,cb1bb6cbb6d68bf656db2885a5fd8d2b,delivered,2018-07-07 15:31:11,2018-07-07 15:45:46,2018-07-09 15:18:00,2018-07-13 20:03:11,2018-08-15 00:00:00
fc956251c8eb3a139e862178fe18b68d,58c169c6200ab071e176185fc7c8e8dc,delivered,2017-09-04 21:08:05,2017-09-04 21:24:07,2017-09-08 18:32:26,2017-09-18 18:23:44,2017-09-27 00:00:00
7054ca2781439efaa9544a3a00c2ade7,bd3562c5b64c226a41e4f0e74b915cc2,delivered,2018-06-08 16:02:13,2018-06-08 19:31:07,2018-06-13 14:25:00,2018-06-22 19:02:41,2018-06-29 00:00:00
6aa95a55a7192fafe9f44fd9dfad3523,6f9141462d41d0efaec49dc8a76a3479,delivered,2017-12-25 22:54:49,2017-12-27 04:07:42,2017-12-27 21:14:24,2017-12-30 12:33:01,2018-01-19 00:00:00
91fcf25c1cc5ba3a5ddc26f394a74138,a6dd18d75d07b8063bf42387c5fec9df,delivered,2018-06-29 18:05:12,2018-06-29 18:15:11,2018-07-03 14:55:00,2018-07-13 20:29:39,2018-08-01 00:00:00
cbc5205b9df432b848e1e8a2331ffeca,86f78e419a3ed5dcaddf3bd5d0c4adae,delivered,2018-05-09 23:01:53,2018-05-11 03:37:34,2018-05-12 08:18:00,2018-05-17 13:13:00,2018-05-28 00:00:00
bd5e2ecf9b560ddab3d1f8c7b48ddfe2,ef33214305d9a4bacb50f9ee88b3a89e,delivered,2017-12-02 12:18:40,2017-12-02 12:30:24,2017-12-06 23:35:29,2018-01-12 22:19:24,2018-01-05 00:00:00
e8a8221d81dec1257a582b21f3db43fd,365ed08446356b37760003aabd1c8166,delivered,2018-07-30 13:01:12,2018-08-01 16:31:32,2018-08-01 11:34:00,2018-08-06 15:26:57,2018-08-06 00:00:00
dadc23575c27fa7a66ce0310807865ba,a38b8d3c68acd8a16eac71cd0bcc2369,unavailable,2018-05-08 15:05:15,2018-05-08 15:15:26,,,2018-06-04 00:00:00
94794614f3ec5140fca46b21fd72e208,473cf41d825106ee0cb03b99fb38c996,delivered,2017-05-10 23:11:41,2017-05-11 16:35:15,2017-05-12 13:45:57,2017-05-24 12:35:38,2017-06-01 00:00:00
57e1f02c24c1c6c9b445d77373d9f4fa,6feeb77df30ef447c4f061a576768be8,delivered,2017-05-04 16:50:16,2017-05-04 17:03:07,2017-05-11 10:40:49,2017-05-19 10:49:59,2017-05-31 00:00:00
39e0115911bf404857e14baa7f097feb,816642e9995c2461f2172469e78c7370,delivered,2018-01-20 07:48:16,2018-01-20 09:15:46,2018-01-23 18:27:00,2018-02-01 01:52:34,2018-04-25 00:00:00
b87024ec4da1b89f2002223e52f25597,b006b2bca340326ecb17cfeaff935e75,delivered,2017-08-14 21:59:30,2017-08-14 23:04:00,2017-08-16 17:04:39,2017-08-30 21:24:00,2017-09-18 00:00:00
24cdfd401a113857553214161447483a,6867c2b62881f80cb97baca3e53e7635,delivered,2017-07-31 10:00:00,2017-07-31 10:10:17,2017-08-04 20:27:26,2017-08-11 18:27:52,2017-08-31 00:00:00
eae87b24ee716eaeed2b3b67eab5e244,9b49060b66b604036f1caf445a7e67c7,delivered,2018-03-21 19:51:13,2018-03-21 20:05:32,2018-03-22 19:36:45,2018-04-02 20:22:23,2018-04-13 00:00:00
040b98b117606d34ba51c4d274a15e2d,88918d2067e3641cb1512fc6167e5d8e,delivered,2017-10-29 18:21:41,2017-10-31 03:50:34,2017-11-01 18:03:09,2017-11-09 19:48:43,2017-11-30 00:00:00
59a6a4f84e0e583a39c2f395343d27af,aaf1ff6550c1f45fa52842cc105286ed,delivered,2018-02-23 15:20:45,2018-02-27 04:31:13,2018-03-14 16:06:23,2018-03-23 23:51:49,2018-03-19 00:00:00
508ecdaf77144e9b64870ae67db856fe,30f0e4aaa8fa99752adacfb62eaf6a27,delivered,2017-11-25 02:39:35,2017-11-25 04:15:31,2017-11-30 00:52:33,2017-12-05 19:17:28,2017-12-15 00:00:00
18517c2680695f31500ceb6b1840b8e4,81b99494c508f1f8bcf80c176345ea88,delivered,2017-09-25 12:34:40,2017-09-26 04:07:25,2017-09-27 16:33:13,2017-10-11 18:33:47,2017-10-19 00:00:00
0f49bf9742213170b4a6f0e635cb4447,5a668c917ec042a5ba843d5d90233705,delivered,2017-11-24 19:01:57,2017-11-24 22:33:18,2017-11-27 18:17:04,2017-12-05 10:29:23,2017-12-14 00:00:00
01a4ec962d7589584c11650ca20d728b,430ae219c180fc664c3981c91fd7f70e,delivered,2017-05-19 17:40:26,2017-05-19 17:50:20,2017-05-22 13:39:04,2017-05-25 11:18:46,2017-06-12 00:00:00
2923a376a5261c606382087bafd07908,359b9d6f7f8977275076290b0e6f509c,delivered,2018-01-16 19:27:53,2018-01-16 19:38:24,2018-01-17 17:13:20,2018-02-01 19:36:05,2018-02-09 00:00:00
a1ecf6ff2702a73805ca6ffa3771ab05,8af31be19cce9c206cf14041082401d9,delivered,2017-03-27 13:55:05,2017-03-27 14:05:22,2017-03-28 12:14:24,2017-04-05 12:23:08,2017-05-03 00:00:00
f145ac5697118e7722ffbf89c0e66331,2fa3f0808b4fc4e1464bfb5bd2229300,shipped,2017-12-07 22:03:26,2017-12-09 14:56:25,2017-12-12 20:34:36,,2018-01-04 00:00:00
53854521186b4ceccc013032734f928e,ad741a0dea62e6bfa77534f01016d870,delivered,2018-05-17 22:29:49,2018-05-18 05:34:23,2018-05-18 13:29:00,2018-06-04 14:12:51,2018-05-25 00:00:00
8a272395043f280e270091176b7f392d,f8e69151f573cef016abaa5b176209c4,delivered,2018-05-18 14:55:55,2018-05-19 02:59:04,2018-05-21 13:45:00,2018-05-24 18:05:14,2018-06-04 00:00:00
cdf76ad4d66f6cdc8fc19e44f4d17c6f,b5a2a4ccc65e614530763703a573764b,delivered,2017-07-03 23:04:43,2017-07-03 23:40:13,2017-07-05 17:04:03,2017-07-06 15:22:02,2017-07-14 00:00:00
24437ca1637e1b4d98a85138eeaae838,12dbbea9f6b7ebe93cc5dfcf0cfe55af,delivered,2018-01-29 21:04:42,2018-01-29 21:15:34,2018-02-15 04:25:13,2018-02-22 22:09:01,2018-03-12 00:00:00
273fa2f569d3e879930f38dbc3d79eda,5d442fd431e8112816463237246a2b6b,delivered,2018-05-21 14:24:04,2018-05-21 16:14:48,2018-05-23 15:32:00,2018-06-06 18:18:37,2018-06-12 00:00:00
a547fb168e44ce6b79cdea200a3c9b45,1fc0dd80f3ef093992aafd0a8dcaf281,delivered,2017-08-24 12:07:21,2017-08-24 12:24:25,2017-08-25 13:50:06,2017-09-04 23:35:00,2017-09-18 00:00:00
2297bd1a898970d8f9cbefea429b7bad,d81bc4687ec6215f7de6780a04d90c5a,delivered,2018-05-04 06:15:40,2018-05-04 06:32:10,2018-05-04 15:47:00,2018-05-14 23:38:38,2018-05-30 00:00:00
64618afe1b90ef2416d9c80631a15e42,87c2309f158171cf01fe60391178188a,delivered,2018-01-02 13:54:45,2018-01-03 14:06:57,2018-01-04 15:52:55,2018-01-20 02:38:50,2018-02-05 00:00:00
dc87bbf90ab840098d1b349a5a8e6fb9,ab4e2e353563b0bca4685a2253d176f9,delivered,2017-07-02 22:29:00,2017-07-02 22:44:00,2017-07-05 12:32:40,2017-07-10 22:36:50,2017-07-25 00:00:00
d7d9b2d3d6316241ec880b97446b797e,8fa8f597440bcce3a894e7df3a3f49ce,delivered,2018-02-12 10:21:45,2018-02-12 10:48:17,2018-02-14 19:33:28,2018-03-19 19:42:34,2018-03-06 00:00:00
ac86dd3679ae1b9b02aa9d04b6e5dea2,7bc18b1be0acb2d2e9d8da9b93a0ecb0,delivered,2018-05-10 21:38:31,2018-05-10 21:55:17,2018-05-14 14:06:00,2018-06-02 13:46:46,2018-05-29 00:00:00
8898a51e0e6b578277a7c20d5b31877b,17298835e7756f3763fac2562d2adf33,delivered,2018-05-30 21:37:48,2018-06-01 10:11:33,2018-06-04 13:27:00,2018-06-21 20:12:09,2018-07-13 00:00:00
d1ca62d0563ff1cdfe83f9bede16baa9,7b0ee5d26c6851f15cbc9238c3d86da7,delivered,2017-10-30 16:23:24,2017-10-30 18:33:05,2017-10-31 22:15:59,2017-11-09 17:32:04,2017-11-22 00:00:00
3f6484ca65eed5c701aa5e348623537f,f1e7fdffd7bac5ba4e53b092a314ed45,delivered,2018-04-01 23:05:58,2018-04-03 05:35:15,2018-04-04 22:12:51,2018-05-06 18:48:46,2018-04-20 00:00:00
c0ab546d7eeab2e210dbc49084319e46,2fb134171eb8b58c2cb3aef1b480c14e,delivered,2017-07-02 15:48:49,2017-07-02 16:03:26,2017-07-07 19:02:46,2017-07-20 19:12:16,2017-08-10 00:00:00
0ef1c1f6a00932e7f8f2bacb8ff4306d,049f23a98a27f9901865e0f54f0e4ce0,delivered,2018-01-24 20:18:19,2018-01-24 20:37:35,2018-01-26 17:17:48,2018-01-29 20:12:23,2018-02-08 00:00:00
fe81190c131e3502197b1a4445343380,1ced53357c5fe676ddc0c0dd642d2878,delivered,2018-05-07 15:39:24,2018-05-07 17:30:00,2018-05-11 15:45:00,2018-05-29 14:28:53,2018-05-30 00:00:00
3b5ce64f9f05683358404919c5872b8f,95da60df9d8fd5339534e379b679106f,delivered,2018-08-04 22:00:02,2018-08-04 22:10:11,2018-08-06 14:59:00,2018-08-08 15:24:38,2018-08-09 00:00:00
4c2b78efad2dfa6a3bb1cac6560cd2b7,b3d3bd9297ddef4e81dc0f8661d605d4,delivered,2017-04-14 10:06:15,2017-04-14 10:15:16,2017-04-17 17:28:09,2017-04-26 12:23:16,2017-05-10 00:00:00
e03f2a110a3c771d1e0e126f139503d9,9c66d0ea4755e0f35408a0cd71cc68a4,delivered,2018-01-18 10:26:40,2018-01-19 02:37:00,2018-01-22 22:23:17,2018-01-29 23:43:55,2018-02-02 00:00:00
1309fc445b40a153a53e94b46d2accb1,7ff79b567b62a506babf7a70718e0609,delivered,2018-02-23 13:39:24,2018-02-23 13:50:38,2018-03-01 23:17:11,2018-04-02 22:32:25,2018-03-19 00:00:00
4fceaea9a24d7498757816821e271a46,338073ca588012673d034c0393e58bb0,delivered,2018-03-03 16:48:43,2018-03-03 16:55:59,2018-03-08 22:31:26,2018-03-14 14:19:09,2018-03-21 00:00:00
ba13f88bc48228019bdb212741534045,9e8a6c20af9e336adbc7eebf180cfb93,delivered,2018-04-12 23:10:44,2018-04-12 23:30:56,2018-04-13 23:52:00,2018-05-08 21:26:32,2018-05-15 00:00:00
1a537f94e57acdda6cfad59696759417,b0103288d3ba083d3c76003e1c164b86,delivered,2018-02-02 06:58:41,2018-02-02 07:11:48,2018-02-03 13:06:47,2018-02-06 18:52:24,2018-02-20 00:00:00
8f45eebf4554e796f1e35f7c2fc16190,ae4413c400d35b618205ca0460ba08ef,delivered,2018-08-12 09:31:22,2018-08-12 09:45:13,2018-08-17 14:15:00,2018-08-23 11:51:55,2018-08-31 00:00:00
9ffefd5071423b7a0aacdb41dd7bf07a,d2e60bd2a6d6bbf552cd2548e9c794d1,delivered,2018-03-15 14:26:26,2018-03-16 03:50:12,2018-03-20 00:06:54,2018-03-22 19:38:46,2018-04-04 00:00:00
b1fdceb28f70830d69114860d8b1175a,6dfd7ae0f88a0a5b78d2da711aef42fc,delivered,2017-07-28 10:51:19,2017-07-28 11:05:11,2017-08-01 17:22:52,2017-08-11 18:26:04,2017-08-23 00:00:00
01bc343311e5b8090b64d6ab287a5cf0,3eef17cb7b0ffaf55b88ddfa3d793bfe,delivered,2018-02-22 14:30:12,2018-02-22 14:50:40,2018-02-23 18:27:43,2018-04-04 22:16:24,2018-03-22 00:00:00
37f183492adb4ce952102634d5aa8f86,030ceea25c9a1b5f03e672712ec30e05,delivered,2017-08-04 06:57:51,2017-08-05 03:10:13,2017-08-07 21:13:43,2017-08-10 20:12:59,2017-08-28 00:00:00
541d818a90f63e0227fbd78f9e789f40,bfffc44d697db2944987bc39fd45d22c,delivered,2017-06-28 09:35:53,2017-06-29 02:50:24,2017-06-29 09:57:44,2017-07-06 13:22:26,2017-08-14 00:00:00
1ecad0e8ea57760ebd5ea7863ec48b06,68ba8f23c3adf9c100fe5a28d4f3256e,delivered,2017-07-29 15:05:21,2017-07-31 07:15:12,2017-07-31 18:39:35,2017-08-04 20:02:57,2017-08-18 00:00:00
3e92efabf5eaa46e4ab7f20a10864785,4562a2d3bf681fef8f12d7c1c77a416d,delivered,2017-04-14 15:39:25,2017-04-14 15:50:14,2017-04-17 12:23:58,2017-04-21 11:19:10,2017-05-08 00:00:00
1f3128e8dcdc994a80f83cff1c576a35,e92d90e8ad82e5d8a8e3dafa9586b298,delivered,2017-07-12 10:35:37,2017-07-12 10:45:15,2017-07-18 15:36:11,2017-08-05 15:59:48,2017-08-15 00:00:00
6f838eed4f03f8be45723049df0a91a3,43ce0dc6dd42843fd918ce518df8cda4,delivered,2017-05-15 16:32:57,2017-05-17 03:45:11,2017-05-17 14:30:31,2017-05-25 12:58:04,2017-05-26 00:00:00
0ea6fb65c44f0a557e7ee0dc86d66c04,bbf19f753671013db6812d683007ab28,delivered,2018-03-04 23:50:40,2018-03-05 00:08:56,2018-03-06 17:03:45,2018-04-04 19:17:30,2018-03-26 00:00:00
ae6892262d72790a9568fd4f4ac198f3,7d6f786fca4b010b46803e742613c122,delivered,2018-02-08 16:33:08,2018-02-08 17:06:44,2018-02-14 20:15:10,2018-02-21 21:55:10,2018-03-06 00:00:00
e0206b3fc791d710a2498a32e0ba1310,b7617b17e670003050e435830b5e970a,delivered,2017-09-20 19:59:52,2017-09-20 20:10:25,2017-09-21 23:13:13,2017-10-05 14:14:28,2017-10-26 00:00:00
b24f022765a67a60735c54402342c9e4,237ef1499471be17e7f082cbbc911c90,invoiced,2018-08-07 17:17:05,2018-08-07 17:30:20,,,2018-08-13 00:00:00
38c4ead64825466cd4d3e073d46d5105,b2783bbdfc2cd2b4f2da05387b7e6f2d,delivered,2018-02-24 19:51:02,2018-02-24 20:08:04,2018-02-26 18:23:26,2018-03-14 23:15:31,2018-03-28 00:00:00
931b1729484868bfd8c3064cb74459b6,c8597df03da73588699da471aaab499a,delivered,2017-09-25 11:46:43,2017-09-26 04:07:20,2017-09-28 18:02:55,2017-10-09 19:04:04,2017-10-26 00:00:00
c72888e51a36defb7b5d49201fcbccf7,c3cd86c3cbac654f8558a8286ba93c1c,delivered,2017-07-11 10:45:57,2017-07-11 10:55:14,2017-07-11 19:14:48,2017-07-19 17:27:43,2017-08-04 00:00:00
e079ed774a2fadd1906622fb9dc89f87,d73f48447385ba4ec637815532802b94,delivered,2017-08-06 22:03:28,2017-08-08 04:04:50,2017-08-10 19:57:43,2017-08-17 15:47:25,2017-08-29 00:00:00
dd8b565021d8781e5b1a93e85ec5aba4,1bcef4aba3c60510ee22250ef9a6f2a2,delivered,2017-06-19 17:51:40,2017-06-20 15:45:11,2017-06-22 08:35:56,2017-06-27 22:17:27,2017-07-07 00:00:00
fad25ec1d119305e79431001599bb799,0833e6b9ceb73c111ca003768bf53228,delivered,2018-08-02 18:58:15,2018-08-02 19:10:22,2018-08-03 13:16:00,2018-08-06 21:21:26,2018-08-07 00:00:00
80def445474889abc909592113f0027a,06e07d9f20157eac3086f8e27b8799bd,delivered,2017-05-25 16:38:28,2017-05-25 16:50:14,2017-05-26 09:59:29,2017-05-29 15:09:04,2017-06-22 00:00:00
2128702318ecb84662d4a18d937c0c9d,2b615e87c2c513958bd4ad6a59bf6cc7,delivered,2018-03-20 07:47:19,2018-03-21 02:50:57,2018-03-21 19:48:25,2018-03-27 20:44:28,2018-04-11 00:00:00
162b2345ef3cc0551c0a32058840a2ec,d08c285eb2ad222ad414f308573afa2f,canceled,2018-07-21 17:59:37,2018-07-21 18:10:10,,,2018-08-06 00:00:00
e91a3bc14b8d125d82f0334371c39926,befe184e4eb181470e6063a1a368a093,delivered,2018-08-27 17:01:43,2018-08-27 17:10:27,2018-08-28 14:56:00,2018-08-29 20:04:52,2018-08-31 00:00:00
601e15e212cb33919e0444d6f0d776e0,1daae5de6467ac2cb6cb6707025b2b40,delivered,2017-09-12 14:07:21,2017-09-12 14:26:44,2017-09-13 21:03:33,2017-09-29 20:27:30,2017-10-02 00:00:00
ab13cb6c13063f2603a94c9ddca34f66,2219bb6754bfa36cf2b30d3de337ec81,invoiced,2018-01-16 20:18:10,2018-01-16 20:31:05,,,2018-03-05 00:00:00
ad5d83949a78b7f4a88b59f991bce882,bf5b6c001d40c88dab0e26b417a1e5bf,delivered,2018-05-08 13:08:38,2018-05-08 13:35:10,2018-05-10 14:28:00,2018-05-11 22:37:06,2018-05-16 00:00:00
7fe5d75d901df671909b8224032c2df7,ca335501b2fed430da289da22628244a,delivered,2017-10-07 12:54:49,2017-10-07 13:07:26,2017-10-11 16:22:11,2017-10-17 17:47:35,2017-11-06 00:00:00
56be6844f995dc2e1e2ed999a992e399,049d30345d60fd6e2870020094ad873f,delivered,2017-06-15 21:08:16,2017-06-15 21:25:08,2017-06-16 16:47:52,2017-06-28 12:47:46,2017-07-20 00:00:00
20aea91835c11696daa9520693503694,649ccc91c147ec069e6df8ba5ca3ddfc,delivered,2017-09-05 10:11:54,2017-09-06 10:15:17,2017-09-06 17:33:34,2017-09-14 23:26:43,2017-09-27 00:00:00
6174441865ff6d9fd4ef874995201e9e,f6e75fe0c9c3615f87fcc3f535b34864,delivered,2018-04-08 15:07:51,2018-04-08 15:29:37,2018-04-10 00:08:27,2018-04-13 18:10:42,2018-04-30 00:00:00
88ab6b0ede7f19c65b5b71771b88254f,1e34da36bb68dd1d93a0f40afae7210a,delivered,2018-08-13 12:12:46,2018-08-13 12:25:21,2018-08-17 13:29:00,2018-08-29 20:58:39,2018-10-04 00:00:00
11fd51275a43d1590816139eaca0bf94,6fec7996bbc8eeb913f3b92a79fd33f8,delivered,2018-02-15 11:47:40,2018-02-16 07:47:01,2018-02-16 18:17:39,2018-03-05 18:33:28,2018-03-19 00:00:00
c9d89b0c3d42591ac04fa956aef8fd14,9c9f2ef0f3f3a453d1cf63a2eb33cc3e,delivered,2018-05-21 13:02:38,2018-05-22 08:16:35,2018-05-23 14:26:00,2018-06-11 20:12:56,2018-06-06 00:00:00
45ece9d703e8c043b9e825c88a00c561,5684d5bc5f337269ce0f7b6c40ef2ad6,delivered,2017-03-07 13:38:52,2017-03-09 02:35:33,2017-03-15 16:44:38,2017-03-17 09:11:59,2017-03-24 00:00:00
588017c78f6057bfaad9fafa5a05f5d9,73fb68a156f353bf0c8946c0f3544086,delivered,2017-05-03 10:49:36,2017-05-03 11:10:19,2017-05-05 16:35:02,2017-05-22 23:18:28,2017-06-05 00:00:00
557fe5a8a05a2bbb733aacdf6d9b2b9e,602c734d4a72768d9e0cf843f55dc8af,delivered,2017-08-03 15:26:37,2017-08-03 16:50:11,2017-08-04 17:43:10,2017-08-08 17:28:05,2017-08-24 00:00:00
618ab5fa2138dcabd9046d13f1294fb9,816d4cd64d43fd04e499508c50e2ed9a,canceled,2018-07-23 09:52:09,2018-07-24 11:32:39,,,2018-07-31 00:00:00
5849d6026e6ef0340a5e699086dbfbc7,5fb671249003c434b2f6221315c7bbef,delivered,2017-04-13 20:32:27,2017-04-13 20:45:10,2017-04-27 05:22:03,2017-06-02 07:42:04,2017-05-26 00:00:00
8236871cb131f90f8cea6a9f84140b42,57543f89b3a2af4bd27ce772e5c63f02,delivered,2017-12-21 21:33:48,2017-12-21 21:51:08,2017-12-22 19:23:08,2017-12-23 15:07:13,2018-01-11 00:00:00
c8d8247ff7baf429edc63c9a81a2fd6f,4beaef2bfcefa982f3662823c9064973,delivered,2017-09-18 20:16:08,2017-09-18 20:30:10,2017-09-20 17:04:44,2017-09-26 22:51:23,2017-10-06 00:00:00
5bf4e4543e94063b0fa469fd3a46e319,735c1628a4604ff1a6fa50f81e5d213a,delivered,2017-11-24 09:56:50,2017-11-24 11:16:29,2017-11-24 19:57:51,2017-12-04 19:52:15,2017-12-19 00:00:00
33b7013ecf08d45cce710de05808c535,a0b3a9b52d4d1b0481a563bdb2c55e6e,delivered,2017-08-24 19:27:26,2017-08-24 19:43:59,2017-08-29 21:27:04,2017-09-02 11:58:59,2017-09-06 00:00:00
21be7b54dbb2dffade63645014982524,04d795e7e90c83bd1dd185038140abc9,delivered,2018-01-17 23:37:12,2018-01-17 23:50:07,2018-01-18 19:58:33,2018-01-27 09:42:35,2018-02-09 00:00:00
0f266223a9b8d9e61f09b6e50bf8a757,b83d81162b634d3fd3dafcc76039dc18,delivered,2017-07-18 23:16:31,2017-07-18 23:30:17,2017-07-19 16:22:03,2017-07-26 17:37:39,2017-08-09 00:00:00
a9c74f167b0d8af61d6487fc21934f7e,c913ae1bc977b139a50287f6bd0b1c19,delivered,2018-07-10 12:40:12,2018-07-11 03:45:47,2018-07-13 14:12:00,2018-07-23 21:42:09,2018-07-31 00:00:00
1bf7f449437a3070f6446c58db2061f0,8e770e585cecab47e4ac9701997e111b,delivered,2018-01-08 21:48:42,2018-01-08 22:08:18,2018-01-10 21:05:17,2018-01-17 20:48:33,2018-02-05 00:00:00
f9198719b5e6149a3191c420285a7245,484dc99de4311213c02d066fc2d403da,delivered,2018-05-31 12:56:47,2018-05-31 13:10:56,2018-06-05 12:31:00,2018-06-18 18:02:42,2018-07-13 00:00:00
3988b16758968e3d0683b0917f9e76bf,a1f9dbba4cebcf4576f450ada698c8fd,delivered,2018-06-06 13:36:53,2018-06-06 13:53:56,2018-06-06 18:23:00,2018-06-11 16:08:40,2018-07-03 00:00:00
81c340da0fe8e47244fa1a3fd41337e2,c7056bea560b2728d84ba5e1e1472bf0,delivered,2017-09-10 20:43:12,2017-09-10 20:55:19,2017-09-12 23:53:33,2017-09-21 19:36:05,2017-09-28 00:00:00
6c170781e28b9d780b0338e8d3cbedb7,c71441ba64bc4f58c9304b5c6e1019d2,delivered,2018-07-07 12:43:51,2018-07-07 15:55:16,2018-07-18 13:59:00,2018-07-25 18:10:56,2018-08-06 00:00:00
7e441aaf6e4a5f2985bbe36be6e59208,d1819907684da852e53bc90058c7a11c,delivered,2018-02-08 14:31:58,2018-02-08 15:29:18,2018-02-16 11:23:11,2018-03-10 15:26:31,2018-03-15 00:00:00
6ee9a292ea3ec8f5ede12921f5afb2f3,0d83c016121c7c84866901d7c29676a3,delivered,2018-07-28 19:49:49,2018-07-31 06:35:21,2018-07-31 14:51:00,2018-08-01 17:11:28,2018-08-07 00:00:00
29664dfe32fa36fe220eb8ba86d93445,deabe38b10927cb85e6701d3f055c690,delivered,2017-04-10 10:53:20,2017-04-11 03:50:38,2017-04-11 07:07:54,2017-04-18 13:55:10,2017-05-08 00:00:00
43cc7c567182b58ce0ee6a1f7c2447fb,d1887ee73588097df36e7d83dfdc6d72,delivered,2017-02-11 13:15:40,2017-02-11 13:25:19,2017-02-13 10:13:43,2017-02-24 16:19:06,2017-03-28 00:00:00
08d7ec7381dc51d41a0e4d86314b7a98,bf396d21b4ba3214fd7d7a9c10669615,delivered,2017-01-10 17:18:09,2017-01-10 17:30:23,2017-01-16 14:39:40,2017-01-26 13:41:40,2017-02-22 00:00:00
c23f148a1fe42b5117a779941b132011,a6cbd05d6dcc7d0202cff560dfc4d4bc,delivered,2018-03-28 08:21:12,2018-03-28 08:35:20,2018-04-11 17:05:41,2018-04-16 23:08:59,2018-04-25 00:00:00
ee0578c482937df9ec873324e94b9569,a39c5aff6a35952d2c3e41540490513f,delivered,2018-02-13 16:01:40,2018-02-15 03:55:56,2018-02-15 20:17:54,2018-03-06 19:35:31,2018-03-13 00:00:00
9ae3e8595c05d8148c01235627356e23,e0d2bf838eaa43f0e43898c57ba69303,delivered,2018-02-23 12:12:30,2018-02-26 06:27:40,2018-02-28 16:28:37,2018-03-05 17:28:29,2018-03-16 00:00:00
946fbd026e6cdf0c0b3c2f6a5d8a149b,0c5f776f27bd2e3d271019993998b0d7,delivered,2017-10-22 14:13:17,2017-10-22 14:28:19,2017-10-26 20:52:54,2017-11-06 21:12:00,2017-11-03 00:00:00
5a211401338dee5fa1388f6b4b70b456,a65083c305f6632d851a2d4d44803ab5,delivered,2017-09-01 13:04:34,2017-09-01 13:15:18,2017-09-01 19:42:11,2017-09-08 19:06:04,2017-10-02 00:00:00
cdc9704cfb1c4a7a5843e3bc681be58d,16e60188ed8baf905336e5cf24ce0839,delivered,2017-10-14 19:52:38,2017-10-18 03:07:15,2017-10-19 14:37:10,2017-10-20 19:46:19,2017-10-26 00:00:00
cb31d6a654b3b6be3168cdb05fee80ee,7d5599e9950b5055d91871998db3ff7c,delivered,2018-01-25 14:01:47,2018-01-26 03:17:28,2018-01-29 18:39:01,2018-02-22 10:18:56,2018-03-05 00:00:00
3010db5aa9feaeb7bf56382abccca96f,19bef044a4c1e074fa68239f24447a27,delivered,2018-04-19 00:15:51,2018-04-19 00:31:49,2018-04-19 19:20:44,2018-04-25 18:22:08,2018-05-14 00:00:00
3deb7346dbaa00ea4431f0d97a6ce758,999f59eaca9c30c13c324422172ee5a8,delivered,2017-06-09 22:48:58,2017-06-09 23:15:11,2017-06-14 10:42:34,2017-06-23 10:59:34,2017-06-23 00:00:00
723100aa159479fd44ce9874cbc010e5,eddf85d5b6d5d839930e427bbdc82585,delivered,2017-08-05 01:01:44,2017-08-05 01:10:10,2017-08-07 18:46:57,2017-08-10 18:05:09,2017-08-29 00:00:00
d9c24e4449ffb647e94f0bf23388e4aa,853e6282670724562250cbb046772e0f,delivered,2018-06-06 16:30:14,2018-06-06 16:55:17,2018-06-07 14:14:00,2018-06-11 17:46:37,2018-07-26 00:00:00
16ab8ecb99315867f046f225b832649e,3e462e0b6482e9bcf2eedb26722a9bfb,delivered,2017-12-12 20:37:16,2017-12-12 20:52:24,2017-12-15 17:18:22,2017-12-20 17:52:11,2018-01-05 00:00:00
d0ea854aa5d2827dc112df0048f817b2,5eb1888cc45c693e7b815192e4f419a2,delivered,2018-03-09 01:41:13,2018-03-09 01:55:30,2018-03-15 16:12:02,2018-04-20 22:03:08,2018-04-12 00:00:00
e6103b1c3a67152c7b688d5da11460de,13603df3689ff937c6e376baf886dc9f,delivered,2018-08-14 22:23:51,2018-08-14 22:44:10,2018-08-16 13:14:00,2018-08-23 19:52:20,2018-09-12 00:00:00
7f705121bca62ce0b864357f8f09fbdc,5e4b0c76f331945cd0ebb67a3adce403,delivered,2018-03-22 07:39:35,2018-03-22 07:55:45,2018-03-29 20:28:39,2018-04-06 22:38:42,2018-04-04 00:00:00
3bcd900ad6c00ba28359abcf765cc05d,accf3dbff23b624e0762877b205f6fd3,delivered,2018-08-24 09:33:39,2018-08-24 09:50:20,2018-08-27 15:24:00,2018-08-29 22:03:19,2018-09-04 00:00:00
ba4aad629e2c6afacab3ebd5e3d1e7ce,7222593d73650ed06f14c173e8c0e796,delivered,2017-12-06 00:22:10,2017-12-06 00:38:24,2017-12-06 17:49:48,2017-12-19 20:19:45,2018-01-11 00:00:00
253009218018b92ca2f36309c8dc97cf,b4651b07b70c725722fa9e63230b266c,delivered,2018-05-21 11:34:13,2018-05-21 15:32:01,2018-05-22 13:48:00,2018-05-23 22:36:42,2018-05-29 00:00:00
f37977715eac869c24d6402da2b7a3ac,3601ca87ad49d32ca2bc47dfbfad434c,delivered,2018-03-08 16:15:47,2018-03-09 09:05:44,2018-03-09 19:27:33,2018-03-12 19:42:03,2018-03-20 00:00:00
d78f157135db9ba4f043330c2b62dfb4,0e8aaa6517ca0b989a2df53396f879a3,delivered,2017-03-20 09:13:51,2017-03-20 09:13:51,2017-04-20 13:39:02,2017-05-04 12:46:51,2017-04-28 00:00:00
075b7434a196cea1b664c1446bee2ff7,8d09dc54480f245a3f60ac491bbc2cdb,delivered,2017-10-11 13:36:30,2017-10-11 13:49:16,2017-10-18 19:07:41,2017-10-24 16:42:15,2017-11-01 00:00:00
eb5edd66fa9227d7e0f3a5a2e34bd2aa,3b818809cf714a9cd6b073c51f17fa31,delivered,2018-01-15 16:45:54,2018-01-15 17:31:05,2018-01-17 21:47:06,2018-01-22 21:28:36,2018-02-06 00:00:00
97f628c23936b663758751ed856904ba,339ad6dfb04841e9de09bb05f3b55a86,delivered,2018-02-12 20:19:47,2018-02-12 20:30:22,2018-02-14 21:49:10,2018-03-09 15:06:32,2018-03-14 00:00:00
1b9de9a0409d983102d4ce529265112a,5f7b2adac6bc47d3b426270f4f620b77,delivered,2018-03-28 13:16:01,2018-03-28 13:30:22,2018-04-02 19:58:53,2018-04-10 23:23:20,2018-04-16 00:00:00
0e8bbbedc5dffd859a8386d68d138c10,67a2c8d9e8d745c3552a27f0b35911b5,delivered,2017-10-13 11:56:38,2017-10-13 12:14:31,2017-10-16 19:37:59,2017-10-23 22:13:31,2017-11-06 00:00:00
ed274ecbd297951203b23b1e071eb593,bfe964865bb435b81a560ba893502540,delivered,2018-05-15 15:33:44,2018-05-15 15:56:03,2018-05-15 14:13:00,2018-05-18 16:48:50,2018-05-30 00:00:00
0988e6e21a5bd6dee0c95d3a85970d98,fb2a6ee3f93f4a4d434cca41ba6d919c,delivered,2018-06-18 20:58:10,2018-06-18 22:16:03,2018-06-19 12:54:00,2018-06-26 23:49:16,2018-07-17 00:00:00
83d7b724f28ef0f880eea4d34980fce6,0fb56b1a2ceaf968adbf6fa86bf080db,delivered,2018-08-09 09:11:18,2018-08-09 09:25:13,2018-08-10 14:33:00,2018-08-13 21:03:57,2018-08-16 00:00:00
82e4f033f60598903866557d89c9c042,97f4b6e455ba303fbf1dfea62b8b6f61,delivered,2016-10-08 10:26:41,2016-10-08 11:02:40,2016-10-12 11:02:41,2016-10-28 14:11:26,2016-12-14 00:00:00
e0b5327e615585edf5ac1051a466172d,c39a8bfecb3528240e368385de24ebaf,shipped,2018-03-14 10:38:52,2018-03-14 10:50:51,2018-03-14 23:37:25,,2018-04-04 00:00:00
23c30e04ef6b799d105781208f6bddd5,01509d555b8b6775f5847912d8c52d46,delivered,2018-04-25 18:42:06,2018-04-25 18:50:30,2018-04-26 14:24:00,2018-05-02 19:55:26,2018-05-15 00:00:00
3c3b5a515dbd753a7d18c009be59f57c,a9724796025983a341f8ed1fa6165cf9,delivered,2018-08-02 18:25:40,2018-08-02 19:30:43,2018-08-03 13:57:00,2018-08-08 16:18:48,2018-08-20 00:00:00
1cc4c099fe24689266163670a36d04d7,fbc7433af65643811cd5a46d932d0102,delivered,2018-05-23 12:24:36,2018-05-23 12:54:43,2018-05-23 15:07:00,2018-06-04 11:50:35,2018-06-21 00:00:00
12019ed87b97cee3add615b1f8c9e9b0,034dbf527c403a97312d2d20abb0d0d3,delivered,2018-07-24 12:01:12,2018-07-26 03:15:22,2018-08-15 15:41:00,2018-08-17 23:51:41,2018-08-16 00:00:00
00c81b6675ef9ecaaff5fc1d6720b96c,9bc4a258f344f7de44ca841d25a497fd,delivered,2017-10-24 17:54:41,2017-10-24 18:14:26,2017-10-25 19:33:10,2017-10-30 15:24:07,2017-11-14 00:00:00
46c38e73577fd75b4bbf5d57b18197fb,fd99c2c34874146bf1bf3c5a5efe265c,delivered,2017-10-22 17:23:26,2017-10-22 17:35:24,2017-11-29 16:49:03,2017-12-08 18:55:31,2017-11-23 00:00:00
1313bcad758bb2cb6766488e4448de3f,2ac2adcfaf901e151a527d97985e3fc7,delivered,2017-06-08 13:24:53,2017-06-08 13:35:21,2017-06-09 09:31:14,2017-06-14 13:26:15,2017-07-03 00:00:00
63305270eb3457a63856e2d1dae91550,5bcc4255cbb4d6777a392fb88d24294b,delivered,2017-04-15 09:42:38,2017-04-15 09:55:11,2017-04-18 12:30:03,2017-04-28 14:52:43,2017-05-26 00:00:00
27391d92842924d92acaadab5fe08e95,9aa2bb49af484279ee05a65d05cec9d0,delivered,2017-11-29 22:18:57,2017-11-29 23:06:43,2017-11-30 20:28:50,2017-12-20 14:28:44,2017-12-29 00:00:00
4a2c053de460d64372361385b38bdb24,c52cc5ca33a25f1f2a5e6ba48a1dcbdb,delivered,2018-07-21 15:55:08,2018-07-21 16:05:16,2018-08-02 08:13:00,2018-08-15 18:06:48,2018-08-17 00:00:00
699376e68c8a6abbf01e7160a239c641,ce35f1861f73b9148328630f9c283432,delivered,2017-10-01 22:12:40,2017-10-03 04:28:23,2017-10-06 21:00:10,2017-10-13 18:28:41,2017-10-30 00:00:00
7423b4cc85c866b575901e064a27c5e1,8c3c67c044aa796bec8d59cdcd4c0395,delivered,2018-04-20 09:36:10,2018-04-20 09:52:55,2018-04-23 10:52:28,2018-04-27 21:42:43,2018-05-24 00:00:00
ae8423bae5771609a19bafe9b114a60e,3d3eaab3a5b6e25af213673e7c2727cb,delivered,2018-07-27 13:14:02,2018-07-31 07:30:58,2018-07-31 13:51:00,2018-08-03 18:38:35,2018-08-15 00:00:00
29bfedddd3697cd54c2388547b1864b5,9fedb83ecf4fd35c0ce7e83d25035e10,delivered,2017-11-08 23:36:36,2017-11-09 00:32:04,2017-11-09 15:16:54,2017-11-10 18:06:44,2017-11-22 00:00:00
eb7d3683f623a9aa24ed0e4fa4a84c2e,83dd9868ef09d34c50593ee34f7ca159,delivered,2018-07-18 14:04:02,2018-07-18 14:22:14,2018-07-19 14:59:00,2018-07-27 01:19:40,2018-08-21 00:00:00
1b49bc4eb1e79ddb7c7c8fc764432dcf,d0351a281bd2fc06bb2fe8c9daac29ae,delivered,2018-06-30 14:29:36,2018-06-30 14:50:13,2018-07-02 18:18:00,2018-07-03 21:52:11,2018-07-16 00:00:00
236ae03bfee2c49ab78fa9227892c5e6,944dc66ce45739575455181a6288e2a2,delivered,2017-11-25 21:29:40,2017-11-25 22:16:46,2017-11-27 15:27:18,2018-01-09 21:38:39,2017-12-20 00:00:00
b7f5ff286e187a25dce8803836bdc6b6,1dca3344d31d5d2df7f2576b576b3567,delivered,2018-06-12 19:36:02,2018-06-14 02:17:49,2018-06-14 13:04:00,2018-06-19 14:39:28,2018-07-04 00:00:00
4598f231b79970cbd4afa2bc692068cb,424a293f43b7f5a42f926ce9b76283d8,delivered,2018-06-11 09:50:47,2018-06-11 10:17:27,2018-06-15 08:30:00,2018-06-20 15:24:47,2018-06-29 00:00:00
75de6a99721eba5ffbb4c4bd2fa0ee07,a1a724ba9559410e160d1b1e5b1b1ce5,delivered,2017-02-04 08:30:48,2017-02-04 08:45:10,2017-02-04 10:52:37,2017-02-13 19:21:29,2017-03-09 00:00:00
e3f7c2f711bb7121c21b3ea7d6816d4a,a5f2d425e2eb223af541820f2621e0b7,delivered,2017-08-09 21:38:40,2017-08-10 07:15:09,2017-08-15 21:22:59,2017-08-23 20:34:13,2017-08-29 00:00:00
3613ae962932e257f93ee34fdf76f4a7,88f04ea3afd3db4885798c9f23d42014,delivered,2017-12-08 17:15:33,2017-12-08 17:30:31,2017-12-11 17:18:47,2017-12-13 19:49:08,2018-01-03 00:00:00
e9b878264e94e17134221e4e9afd378b,47062495a6dd8f01a38c445282e7a30a,unavailable,2018-03-09 10:42:40,2018-03-12 13:08:02,,,2018-03-21 00:00:00
30241f57ca64887323c3cb0c63b407bb,c564db557272ef1abfc07e5c2bd69c8a,delivered,2017-07-04 13:57:39,2017-07-04 14:10:19,2017-07-04 14:31:58,2017-07-06 14:36:30,2017-07-28 00:00:00
35fd272b7bfd7824349c5d0defad43ed,95205900a3c354d2b8a8395d48175360,delivered,2017-11-14 22:01:36,2017-11-14 22:16:21,2017-11-24 23:33:19,2017-12-28 17:29:16,2017-12-13 00:00:00
e3d29434a9fb1992b5fa63ae0befc0ac,7f2159aecaefcbf20a42bb7f9df3cc28,delivered,2018-06-20 22:58:02,2018-06-21 01:38:50,2018-06-21 14:18:00,2018-06-25 22:28:48,2018-07-17 00:00:00
de3fbfa556cedccc424406bcb5eaac96,308d634eb8b2e74f9b5bac996f0df5bc,delivered,2017-02-06 13:51:28,2017-02-06 15:15:10,2017-02-07 14:16:37,2017-02-09 13:25:07,2017-03-03 00:00:00
a2a9057bf8c5b06ab94f44b3e8005d23,96930e618b5fd77de5a5351ebf4849eb,delivered,2018-03-05 03:48:19,2018-03-05 04:09:12,2018-03-05 23:22:17,2018-03-27 21:58:37,2018-04-11 00:00:00
96139d82556aff8edd1cfcfdc11a632b,a10bf76efea959603e21cbfc13bbf221,delivered,2017-09-21 19:19:32,2017-09-21 19:30:16,2017-09-25 14:04:34,2017-10-13 15:18:05,2017-10-16 00:00:00
718780b93362dd897e0d9f9982c87736,1afe6bdaaf6f029eea4002b18132d12f,delivered,2017-07-14 18:53:09,2017-07-14 19:05:19,2017-07-20 17:33:11,2017-08-10 17:32:46,2017-08-17 00:00:00
4deab312e3e7dd7eefaf005f169974f9,9a107dc2b4eac6faaea8b796ced7e079,delivered,2018-04-02 15:49:35,2018-04-02 16:13:16,2018-04-04 19:33:05,2018-04-16 18:26:43,2018-04-19 00:00:00
8899770c263136aaa6768f75189d996a,33a8d776edab4135ca1a5f9b48f499ed,delivered,2018-03-19 19:33:30,2018-03-20 00:35:25,2018-03-23 19:46:48,2018-03-24 19:37:47,2018-03-29 00:00:00
41906ad47e1e6076348bfe935ed5e01d,1026e80aea584174e8e7d1fd6717e87a,delivered,2018-01-08 14:42:31,2018-01-08 14:54:23,2018-01-09 10:54:11,2018-01-22 17:09:30,2018-02-09 00:00:00
a4f28b3c6ced3a0b8f60b9043bc27f9f,3c68ab97a9868961c8497b3ce754a992,delivered,2018-01-03 14:10:34,2018-01-03 14:31:33,2018-02-03 15:38:26,2018-02-26 20:15:03,2018-03-26 00:00:00
4c796d310c3e227145d29bb0ae0dd5a5,fb2faacb34e24535e77e3c65bb6b046d,delivered,2018-02-02 11:07:25,2018-02-02 12:10:41,2018-02-05 22:28:59,2018-03-02 19:53:10,2018-02-26 00:00:00
31b60e74c21a868ce2a24131035f8636,56a66f8e32ba42c558e28627e216f52e,delivered,2018-07-13 17:04:06,2018-07-13 17:23:53,2018-07-16 17:31:00,2018-07-25 16:39:35,2018-08-01 00:00:00
7829c222faf130ddecd0a997d677da22,95142d0ca8d29234aab5a06ed0cb4288,delivered,2017-02-23 23:38:50,2017-02-25 02:22:30,2017-03-01 16:39:45,2017-03-10 09:54:41,2017-03-16 00:00:00
da1990d1037cd108f89b13fc5db97476,89cbdb9173db99ca0b8975af363d7e11,delivered,2017-10-14 13:49:46,2017-10-14 14:05:41,2017-10-16 22:23:30,2017-11-03 18:53:02,2017-11-09 00:00:00
0e2d7ec6702478f04fd7b14b55b906b0,e7c857bbac41f5a5af61d63650c2906d,delivered,2018-03-21 10:01:53,2018-03-22 02:49:49,2018-03-27 18:42:55,2018-04-06 01:41:09,2018-04-11 00:00:00
1d4e3c08acd5f70230aa904ef3cb86e3,9cefcd762174d8ff524a4e5498616e28,delivered,2018-02-19 11:26:23,2018-02-19 11:35:40,2018-02-21 16:20:15,2018-03-15 15:21:24,2018-03-13 00:00:00
dcbca116084725bc77c3e8b6480c4d82,56a5e4fa7055699b07bde561183ea999,delivered,2017-08-22 17:12:58,2017-08-22 17:32:17,2017-08-23 17:05:01,2017-08-24 21:05:22,2017-09-18 00:00:00
d6ea23d51e0f2c7ba19e7c5092db3088,bc81405ae7e0e0bb10ae88990ff202fa,delivered,2017-12-13 18:50:27,2017-12-13 20:31:33,2017-12-15 19:56:53,2017-12-26 18:24:43,2018-01-11 00:00:00
1bb808438d953f0b816a43fca01390af,d89f7143ab114605b91349810656abb4,delivered,2017-03-15 19:35:17,2017-03-15 19:35:17,2017-03-20 15:21:05,2017-03-28 17:54:55,2017-04-07 00:00:00
aacbf13db267af0f239fc7ff5dd513ff,304717ed44006118886f66f77cb11793,delivered,2018-05-21 11:08:51,2018-05-22 08:33:45,2018-05-23 13:03:00,2018-06-04 19:06:38,2018-06-08 00:00:00
e04f952af9764d87d5a0ac5e7cf48cca,86d22e8a6c25a9f25a58eb1a3fa066d5,delivered,2017-03-30 11:32:05,2017-03-31 11:42:27,2017-04-10 12:12:53,2017-04-17 09:06:24,2017-04-26 00:00:00
c9fdbe9ca5eec85c1f92f5ba3ef25597,0c9dbbe49e16d15678ee755576e95a29,delivered,2018-06-13 14:36:04,2018-06-14 02:57:32,2018-06-14 13:34:00,2018-06-15 16:28:52,2018-07-04 00:00:00
97fd93a5c9549a865a53d51328e01848,0da313f310f44b43f20e65ef3665222a,delivered,2018-06-14 09:20:08,2018-06-14 09:38:13,2018-06-15 12:56:00,2018-06-28 15:51:54,2018-07-23 00:00:00
caa0b1f68d02953d97d190e4e4e7191e,0c8759a1a356f990be39ac310965786c,delivered,2017-03-09 20:28:23,2017-03-09 20:28:23,2017-03-15 12:03:53,2017-03-24 15:08:41,2017-03-30 00:00:00
a1e4076fddd5b3b4516b727655e5b643,f9bb705a6d800dbb127ec638075fd849,delivered,2018-07-16 13:51:30,2018-07-16 14:05:12,2018-07-17 06:47:00,2018-07-23 19:05:00,2018-08-10 00:00:00
5c6684343f4ff2229622ce4745a49788,58411c0028a9921d0e283e69ac0e3076,delivered,2018-08-08 17:00:52,2018-08-08 17:10:17,2018-08-10 13:30:00,2018-08-14 22:08:31,2018-08-17 00:00:00
ca16493fe5b61d25c22f1c751a181fab,5044f39d92b86919a2a5ac6f7149f1a5,delivered,2017-12-06 15:50:03,2017-12-06 16:12:21,2017-12-11 19:47:42,2018-01-04 22:30:15,2017-12-29 00:00:00
0996d6fb4402593986c6b1541bfcb4cc,f1de7e62c59c215f024ba7de9744fba5,delivered,2018-05-02 21:45:42,2018-05-03 21:50:54,2018-05-04 15:21:00,2018-05-18 14:24:57,2018-05-14 00:00:00
f5c83dd6f7b7216161a3b9649cf9748a,7032b8d95a6f8535a1e760e0f1ff3be4,delivered,2018-05-16 11:00:39,2018-05-18 04:35:56,2018-05-22 12:33:00,2018-06-19 17:32:54,2018-07-11 00:00:00
7581e8b8156b3dee7b8898cd0120ad19,75ab1671ae03662536b06efb3762bde3,delivered,2017-04-11 17:56:38,2017-04-11 18:10:25,2017-04-12 18:48:34,2017-04-17 19:04:51,2017-05-03 00:00:00
aca0056ddf17f45b8d03364ba389f4fb,3300f6c7c4348403af41d6037c04f618,delivered,2018-04-20 08:36:48,2018-04-24 17:29:50,2018-04-23 17:56:50,2018-04-24 18:31:06,2018-05-09 00:00:00
4676e642aa92a4ba1131e935a2ac6246,145a4deb39fadd4ac6f0c758335f1baf,delivered,2018-07-24 13:41:59,2018-07-24 13:55:23,2018-07-26 12:44:00,2018-07-30 23:59:20,2018-08-15 00:00:00
c27e67d45b0f2e372f04e62920642f26,996cee3c4760dba3c8c1a726ec8cff86,delivered,2018-06-19 13:32:38,2018-06-19 13:57:27,2018-06-25 13:48:00,2018-07-23 20:33:22,2018-07-23 00:00:00
4c53c2b42c60815a6be4e7bc09cb0b59,85d7e15edebcc92f98e52c8b48a159a3,delivered,2017-05-10 13:25:50,2017-05-10 13:35:20,2017-05-11 13:42:44,2017-05-17 08:52:37,2017-06-09 00:00:00
2baefcba89167375b680182633028792,c059a685354efaa91121c7cd014be359,delivered,2017-06-12 10:17:43,2017-06-12 10:30:22,2017-06-12 13:18:33,2017-06-15 10:35:03,2017-06-26 00:00:00
fdceee4138051eadf4b167a7fb5b2d8e,cd0cb76ad6731613970ba8f0fdfb1beb,delivered,2017-11-13 22:13:12,2017-11-14 22:26:33,2017-11-22 17:21:33,2017-11-23 16:52:15,2017-11-27 00:00:00
f0685863a01cc11a10508d43e2131155,68cbc07269ced29d178eead440258d5d,canceled,2017-05-27 15:33:04,2017-05-27 15:45:12,,,2017-06-21 00:00:00
d30523a4766e8ea7e59ce35203bb73e4,23d54747fa4cdd07545f1612a7fa6927,delivered,2018-06-11 17:02:54,2018-06-11 17:38:26,2018-06-12 10:24:00,2018-06-21 19:08:43,2018-07-16 00:00:00
0baad26e1a67410a85b2b38558dade2f,12f00aefcd1d137844bb0b139527ffc5,delivered,2017-05-16 17:33:46,2017-05-16 17:45:12,2017-05-19 16:27:29,2017-05-27 05:22:14,2017-06-16 00:00:00
1c4a92d82c1b0dec18bef12da3fa7756,00ca6e4277e535d41bda84d371310be2,delivered,2018-06-20 16:15:41,2018-06-20 16:43:12,2018-06-21 15:35:00,2018-06-27 19:17:36,2018-07-19 00:00:00
baa821bd1dbd5c6d31c9b1c68f760b8b,cc3f0f9c25480b83c834bf8af1435a29,delivered,2018-08-24 13:23:32,2018-08-24 13:44:29,2018-08-29 14:31:00,2018-08-30 22:38:52,2018-08-31 00:00:00
f25ef046203c850005cd4200f7f8c190,5d198c71f07ca2f27163c5f04205e1fd,delivered,2017-05-02 22:12:26,2017-05-03 15:32:04,2017-05-04 15:04:47,2017-05-11 09:51:48,2017-05-25 00:00:00
ab17008d463dbbcc0fac3c3d8d2931e6,987382b89ebbe5bf0f0701d749e098a9,delivered,2017-08-12 00:36:13,2017-08-12 00:45:15,2017-08-17 22:13:52,2017-08-21 21:44:53,2017-09-05 00:00:00
f5bb23a6bf7d9bd0d8b8d4575dd82b58,148563b1c48bb1f2aa137060c86afb7f,delivered,2018-06-01 22:38:57,2018-06-01 22:51:32,2018-06-05 07:02:00,2018-06-08 13:18:58,2018-06-26 00:00:00
b2e30d28fb916d96548596dcd972c765,55a2452b10de435ecf77f81e4951ce0e,delivered,2018-05-18 07:35:08,2018-05-19 07:39:06,2018-05-25 15:35:00,2018-06-08 16:27:34,2018-06-26 00:00:00
3994000090be4a77b35eb6ec555a881e,b089b8a735fab919a4a166f18b37440d,delivered,2017-12-08 01:46:17,2017-12-08 01:54:27,2017-12-11 13:23:34,2017-12-19 16:57:58,2018-01-11 00:00:00
b1548030276cf66c9a378ca64b264873,5983f217ac96a8128d1976e372cc168c,delivered,2017-05-14 22:27:34,2017-05-16 03:15:39,2017-05-16 13:06:08,2017-05-17 17:25:46,2017-05-25 00:00:00
8eb07b069f58b196d03364b412ae5314,769689473aa6afe55f558d59cf032564,delivered,2018-07-15 17:02:29,2018-07-17 04:32:03,2018-07-18 15:24:00,2018-07-25 13:44:48,2018-07-31 00:00:00
7954c75cf9a8876258be26911d9e9501,74a0abd1f2dd67d34a3b98709c173e46,delivered,2017-07-18 16:56:28,2017-07-18 17:10:16,2017-07-24 20:15:57,2017-07-31 17:39:50,2017-08-09 00:00:00
db03e36d66c33038ed8d835ca8bee670,fee5ee349aebdbfffcd4957db14cda30,delivered,2018-07-15 16:25:35,2018-07-16 08:44:10,2018-07-16 09:29:00,2018-07-24 03:58:42,2018-08-22 00:00:00
c209e0dca573bfd5c789e1eaacc8c859,affaf2a7a169f17b5136f3aef741f64d,delivered,2018-03-20 22:09:25,2018-03-20 22:28:39,2018-03-21 20:20:50,2018-04-07 00:17:30,2018-04-09 00:00:00
90d2bbc31356e711e2fe7b0b78181687,58fd1de47b74bd72637ccb4179c475bc,delivered,2017-01-18 16:48:00,2017-01-19 02:15:58,2017-01-20 16:34:12,2017-01-24 19:02:18,2017-02-28 00:00:00
43331248a781e8394ddf4779ca2e664f,4836b0d5574d1245d1b56c40834402c0,delivered,2018-06-15 20:24:11,2018-06-16 20:36:20,2018-06-19 11:18:00,2018-06-26 19:16:44,2018-07-20 00:00:00
ceb2344189044ab3b6fa590520a71881,c017996652c06e2cdda218e87125e17a,delivered,2017-01-23 13:57:21,2017-01-24 09:22:35,2017-01-26 11:49:52,2017-02-13 09:48:48,2017-02-20 00:00:00
8e38e47818413e295f5b4c4af60bf0c0,a404e7de80bcea1f5192df78dda47f74,delivered,2018-06-28 16:59:36,2018-06-28 17:12:04,2018-06-29 14:07:00,2018-07-04 17:40:54,2018-07-12 00:00:00
77751030b8333671b3346c37ca438f05,416e59b08933168cebeda1fc262a76eb,delivered,2017-11-15 23:00:41,2017-11-15 23:15:30,2017-11-16 17:12:48,2017-11-22 18:09:44,2017-12-05 00:00:00
efa2d368f3ec5a4dd12b5b1188242504,0efbe1337a74c216249681ac7051d1c3,delivered,2017-06-13 11:55:18,2017-06-13 12:15:22,2017-06-19 15:38:11,2017-06-26 14:36:46,2017-07-14 00:00:00
dce58e54a9fe4ec8a4489d106e57d2bc,37b40b75293bd84e07bde8ad83066841,delivered,2018-02-16 10:48:35,2018-02-16 11:07:18,2018-02-20 19:37:09,2018-03-04 16:24:54,2018-03-12 00:00:00
e1ddfd96623266af72c176a7384e74e2,1c1673e7f574e2fe2d204f09854ddd0b,delivered,2017-12-06 18:48:43,2017-12-08 02:54:10,2017-12-08 20:52:26,2017-12-18 17:51:33,2018-01-02 00:00:00
38f20047d0076f9e934f642326bd61f8,8c15a5bbdaa7b0f1a182129ff4602e6f,delivered,2018-03-07 13:26:20,2018-03-07 13:48:01,2018-03-08 17:02:05,2018-03-17 01:41:50,2018-03-28 00:00:00
c5883e5be24c4f0627d36a56ed34d190,7b26f260a1a551e1c66c5c69aec43dca,delivered,2017-10-01 14:47:07,2017-10-01 15:06:38,2017-10-02 15:46:52,2017-10-16 19:20:05,2017-11-03 00:00:00
4b9cf610fa87543cde13ad144b077212,032de0bccdb5e48086f5a535a1f05744,delivered,2017-06-04 18:34:21,2017-06-04 18:45:11,2017-06-05 10:47:43,2017-06-16 09:46:35,2017-07-10 00:00:00
ac7026f501e7c7a2190493cef09bd5f7,90569158c946e8040bb5d51161456ab3,delivered,2018-03-06 11:35:56,2018-03-06 11:55:25,2018-03-07 20:54:20,2018-03-28 00:06:38,2018-03-22 00:00:00
c7242d2d9708ff29c884e7ce4faf6e19,434299d8a79b18b9e9610c011ccab317,delivered,2017-08-16 16:26:33,2017-08-16 18:10:22,2017-08-17 17:15:26,2017-08-21 21:57:36,2017-09-01 00:00:00
5f6e8cf3a5b3483cae7889fc3f452e4c,15d3d11aa10e41016259565bc121004b,delivered,2017-08-23 18:17:10,2017-08-23 18:30:14,2017-08-24 18:39:09,2017-09-04 15:27:54,2017-09-19 00:00:00
83b0d41b8098a854e66c33ac7d1e8dcf,2be913efdd5e87b86e959381ef909b74,shipped,2017-05-29 17:20:24,2017-05-29 17:30:20,2017-06-09 14:02:44,,2017-06-29 00:00:00
0c89556cf6859f7e4b104f2883aa1b97,214d10ae7f82564a736e26f93f63ad1b,delivered,2018-07-21 10:03:39,2018-07-21 10:15:17,2018-07-23 14:35:00,2018-07-26 16:34:58,2018-08-06 00:00:00
0ca492845a50b96f1143aaa61470c070,cbc5606f1ee34f29834269e606c23cc9,delivered,2018-04-02 13:55:42,2018-04-02 14:11:32,2018-04-04 17:38:37,2018-04-10 17:51:30,2018-04-19 00:00:00
27bab736dc987e1f35c6d4140797618f,8ca266edb4cc09bd40b655cc8ae4f7a3,delivered,2018-06-27 11:08:02,2018-06-28 11:11:00,2018-06-28 12:30:00,2018-07-06 20:02:15,2018-07-25 00:00:00
7950da660ed653b5a9b6ee668da63857,839112f54a5bce3abf98574872d91859,delivered,2017-10-02 14:16:46,2017-10-02 14:28:18,2017-10-04 21:39:49,2017-10-09 23:44:06,2017-10-18 00:00:00
a198db4525943b0e205a7a453716bbda,a92daa58ac5dd4507c9d8846805f68a8,delivered,2018-04-04 13:40:45,2018-04-04 13:55:11,2018-04-06 23:58:23,2018-04-12 18:12:54,2018-05-04 00:00:00
b0945a79c684fa367896247e7afa4628,6367c0ca26953cf2b4ea34ba53295dc9,delivered,2018-01-30 12:33:22,2018-01-30 12:55:22,2018-01-30 23:21:48,2018-02-08 15:56:55,2018-02-23 00:00:00
f7c60481e9597efaf926c7fd126b2483,592931cc5a4663678da3cc8673662ed8,delivered,2017-05-22 22:58:03,2017-05-22 23:05:17,2017-05-24 09:12:25,2017-05-25 09:34:54,2017-06-02 00:00:00
f837f3ebff8ee27bdac13d56cb22e5be,20bf7628a9208e11a8d7189b693cbd3f,invoiced,2017-09-21 20:02:44,2017-09-22 20:10:11,,,2017-10-19 00:00:00
9b5cdd92eedda2a3bede315d1c35c93d,764ea6d350e3a53ed8414968a6597cc3,delivered,2017-04-22 19:16:13,2017-04-22 19:30:20,2017-04-24 09:48:58,2017-05-08 11:26:31,2017-05-19 00:00:00
71e71375082a5e27ffdb861ad5c1f847,e8c8e4dc32f621e43ceddc47c7b89436,delivered,2017-05-15 12:04:19,2017-05-16 13:06:05,2017-05-17 14:33:27,2017-05-24 10:53:01,2017-05-24 00:00:00
94961fc249e275fe36313ee48d8f7a36,f65e01ab01b6d31c5c6ba7f16b400814,delivered,2018-04-16 13:35:17,2018-04-17 05:35:18,2018-04-17 23:55:54,2018-04-25 14:34:40,2018-05-14 00:00:00
7e6bd960caf2346257183fd4b6079a65,2ca5e9f17a80f9515da7fa967af7444e,unavailable,2018-01-28 16:38:33,2018-01-28 16:50:06,,,2018-02-14 00:00:00
e08b081159a2418572e1a0fad41c8245,eac29434733abc9afe8ca9630626994b,delivered,2018-05-26 21:25:31,2018-05-26 21:38:04,2018-05-29 08:13:00,2018-06-06 23:42:03,2018-07-12 00:00:00
aabe1992dfd41572e06cf1df1459516a,0118758814dbb115d346a1e8efa705e9,delivered,2017-09-04 21:03:17,2017-09-05 04:24:42,2017-09-05 18:00:10,2017-09-11 12:56:24,2017-09-27 00:00:00
24e576b57793a76c299134e1c62ffa11,344c03f30cb51e869fe51c0e5c6f9225,delivered,2017-12-07 02:54:10,2017-12-07 03:10:39,2017-12-07 22:08:14,2017-12-13 15:52:03,2018-01-23 00:00:00
2fe3f335e550190800333bea371f05d6,2483662803a47913928f852578c469fa,delivered,2017-08-04 06:36:20,2017-08-05 02:55:35,2017-08-08 20:24:45,2017-08-10 16:43:45,2017-08-17 00:00:00
31c8528678f80f4491b0e2634ae8940e,740fc4d00dc70b82415979d52f127b2a,delivered,2018-04-19 07:55:23,2018-04-19 08:30:07,2018-05-08 14:04:00,2018-05-18 18:54:50,2018-05-15 00:00:00
9924cc80e5c3a4c3ab96eda60f3ff72c,fad2f11b7a95c5825493d35917f74320,delivered,2018-04-28 13:17:50,2018-04-29 13:15:23,2018-04-30 16:10:00,2018-06-11 22:33:05,2018-06-01 00:00:00
cc5e04828d40b15276efba4b0cd1f566,9a152225eeff3dced495ddfc1ee07f25,delivered,2018-04-18 15:08:17,2018-04-18 15:45:47,2018-04-19 19:06:33,2018-04-26 18:41:52,2018-05-14 00:00:00
59e57d3a260d94d24e665b2c817981f1,53d5f2f6e7e2e373cef9855f214855c5,delivered,2018-05-09 11:15:53,2018-05-09 12:14:45,2018-05-11 14:32:00,2018-05-21 17:28:23,2018-06-04 00:00:00
3b6411f7911e3b69fa3f27220c7df366,89924b0fa5ff89c9df5c6acc7694004e,delivered,2017-12-18 21:47:19,2017-12-19 09:53:33,2017-12-19 21:43:30,2017-12-20 19:28:56,2018-01-05 00:00:00
35e43ade963a5aeb52cb24bb5df33ddc,22ce9cf0c503b262c657de58e910feff,delivered,2017-08-25 21:45:09,2017-08-26 02:11:17,2017-08-28 19:23:01,2017-08-30 19:27:48,2017-09-06 00:00:00
2b6743c7c6f46239fe7f39c6611e4601,ba80b3552fb59d460924a18437a9061f,delivered,2018-02-28 16:14:15,2018-02-28 16:29:56,2018-03-13 00:28:27,2018-03-15 02:08:22,2018-03-13 00:00:00
d561072d49eab548e70aab56a180616e,bc7739e799fb6568ea343b5616d23e62,delivered,2018-07-01 21:20:41,2018-07-05 16:04:53,2018-07-04 10:53:00,2018-07-11 00:28:38,2018-07-24 00:00:00
45b3000bcd10464ac178f32cd783fc83,184e0c2cfc746789643521df0e9ff904,delivered,2017-12-07 23:55:46,2017-12-09 23:50:32,2017-12-11 20:29:02,2018-01-05 17:59:38,2018-01-22 00:00:00
61ea8fda11e9314eb8175e8769036e97,4a0063aa59c49a0b2d52b93f87b3d358,delivered,2017-12-15 12:07:17,2017-12-15 12:17:31,2017-12-21 20:32:43,2017-12-28 19:49:21,2018-01-26 00:00:00
502b68c9bbb124ec1a3492fb636d271d,f301846b62fbf2b848f21c09f45aa67e,delivered,2018-02-10 22:24:36,2018-02-10 23:30:29,2018-02-15 17:47:12,2018-02-26 15:19:28,2018-03-13 00:00:00
1cde3e6f1e678c39b9cf5175b45b6f1a,cd8d57b2551e56a9f123d8b0777b5216,delivered,2018-01-01 21:53:39,2018-01-01 22:05:23,2018-01-08 21:00:50,2018-01-11 14:00:17,2018-01-29 00:00:00
d2856f6ebeb83a09908c18ce24946ab2,9ff101a7c75ef3fe50d8c95b96010b08,delivered,2017-12-14 09:26:35,2017-12-14 09:35:22,2017-12-20 19:54:48,2018-01-04 20:58:43,2018-01-11 00:00:00
a6e6bba879d27420514b5a4d94627077,846ac8480d1d69d112d9734d2a1478d6,delivered,2018-05-21 22:20:16,2018-05-22 01:15:14,2018-05-29 09:21:00,2018-06-04 20:58:50,2018-06-07 00:00:00
78ba7a1d9bbbf36cbb4d552a71dedd6b,fe2b23d587d23c14558738afdd1470b7,delivered,2017-09-02 23:15:38,2017-09-02 23:25:13,2017-09-04 22:35:01,2017-09-06 18:33:03,2017-09-22 00:00:00
3e677665a6566b610e6f1344ade7b146,1d139dfd11131883fc327f6757390ce8,delivered,2017-11-20 12:47:30,2017-11-20 13:07:03,2017-11-20 20:32:37,2017-11-29 15:58:37,2017-12-07 00:00:00
54745af3cd64e980bb671452c9b01d15,0058153a752ee674162564afb1191d25,delivered,2018-08-17 13:13:21,2018-08-17 14:30:20,2018-08-20 15:21:00,2018-08-27 17:51:49,2018-08-29 00:00:00
68463e6110f0910eac75194e97218903,c46aa2d0fd5395ba47766ca2de7068b8,delivered,2018-04-19 15:44:40,2018-04-19 16:28:50,2018-04-21 00:01:57,2018-05-14 18:48:49,2018-05-24 00:00:00
e04cfa713960b9fe50d64e5082155c8b,4d0a03b3ef7107f0b0e15a2bb5872cdf,delivered,2017-07-17 12:02:42,2017-07-17 12:15:16,2017-07-18 13:03:46,2017-07-19 18:47:22,2017-07-28 00:00:00
e7e97097190c7e6de76b0a975220e133,e3ad01bc69a7aa6673d5213844440e1d,delivered,2018-07-15 21:21:58,2018-07-15 21:30:14,2018-07-16 15:32:00,2018-07-24 23:14:36,2018-08-02 00:00:00
01cb6d702e5233235f4125309d184bf4,cf52d3f2132b17f52fdf4b40c135163e,unavailable,2017-01-31 17:48:07,2017-02-01 02:45:37,,,2017-03-10 00:00:00
81236114e6a522a78df40930e2592d98,d8a4f085dae613550734dea7f6ef5710,delivered,2017-03-22 21:11:27,2017-03-22 21:11:27,2017-03-23 08:43:24,2017-04-03 15:44:13,2017-04-13 00:00:00
ff12a8872c437666ba0b1df5812a956e,60c2cececa9f77296d64e5a4def548e6,delivered,2017-08-02 14:19:54,2017-08-02 14:30:20,2017-08-04 17:35:43,2017-08-11 19:34:06,2017-08-24 00:00:00
d13bd0cdf8acb0062b969df660e560e1,55be0dac47bedb86aab1f4f36bcd47bc,delivered,2018-02-23 09:41:17,2018-02-23 09:55:40,2018-02-23 22:13:26,2018-03-14 18:08:18,2018-03-22 00:00:00
a7e92306fa96254682b3081d01ef6ba3,56b83f910f9ec6c70f6d7576564c9ba9,delivered,2018-07-23 09:37:41,2018-07-23 14:31:08,2018-07-24 09:33:00,2018-07-30 22:34:38,2018-08-07 00:00:00
a8c48d1daa81901cb7d7d4b0c0d55389,d8995489927dc3f455cae1ebd6dcea47,delivered,2018-04-18 23:05:15,2018-04-18 23:30:14,2018-04-19 18:46:20,2018-04-24 16:26:49,2018-05-09 00:00:00
64a8b3b4c19751b51d211deb32fdc67b,f28fb14c9045cd9dca3f92e65691bb8d,canceled,2018-05-16 08:53:35,2018-05-18 05:16:27,,,2018-05-28 00:00:00
219170fb08f8e9140c121645abb11cd0,d376e6706fefb872f640b60550d25323,delivered,2017-05-08 09:18:07,2017-05-08 09:30:17,2017-05-09 12:09:57,2017-05-12 07:12:14,2017-05-31 00:00:00
e83b7d67d157caf4635a91869f0993f2,e9c11d0bb7a72ebc4fb8a7fb606eb725,delivered,2017-07-18 17:40:59,2017-07-18 17:50:28,2017-07-19 17:39:52,2017-07-24 17:25:31,2017-08-09 00:00:00
816981834423576036dbac9e4ccf94ad,898ba86bb2b49d8eedd7f8b8241c9c54,delivered,2018-04-08 17:02:29,2018-04-08 17:15:23,2018-04-10 22:52:04,2018-04-11 23:52:23,2018-04-20 00:00:00
53fa17c349c4b3dcbbadd8aad2eb559b,de4347cfed448a35884a19949bc53087,delivered,2018-07-27 13:09:23,2018-07-27 13:43:56,2018-07-27 17:58:00,2018-08-09 13:44:54,2018-08-21 00:00:00
dc427026beaee4c2f8944943cd8f33f1,32534433c18f0c05c7b2e78f94ff3e92,delivered,2018-05-15 15:49:12,2018-05-15 16:15:10,2018-05-17 11:39:00,2018-06-20 20:58:17,2018-06-01 00:00:00
f13d94766ba74161d06ddd6d90050ce3,e4fcb0ddd691075c50298854a361c363,shipped,2018-08-04 18:44:12,2018-08-04 19:04:14,2018-08-06 11:51:00,,2018-08-10 00:00:00
5239b7862883513b9ddc014d83eeec42,84d5c42c2307c5e6d3998ffdb8cb8082,delivered,2017-03-15 22:59:23,2017-03-15 22:59:23,2017-03-16 11:02:48,2017-04-04 15:41:39,2017-04-11 00:00:00
eb0393138e2e8b7164947608489f069e,63ed9bdb2f48c68e2449033b2f9a1f9d,canceled,2017-10-07 17:31:53,2017-10-07 17:49:22,,,2017-11-07 00:00:00
79411a632fc76728b437951f4c052826,56924f851c639b8160ca4eddc5c670cf,delivered,2017-03-16 22:45:06,2017-03-16 22:45:06,2017-03-27 10:42:54,2017-03-31 15:52:29,2017-04-10 00:00:00
6fa7b013916486d1462ad66ad1a39b1f,8b086b22bcef7fdfe416c88b5437c400,delivered,2017-11-29 21:46:23,2017-12-01 11:31:48,2017-12-01 23:10:04,2017-12-11 17:24:33,2017-12-22 00:00:00
fca6ed705412583f53b63049a9604601,007dca6150a323ecb560d11f2a3615a2,delivered,2018-03-03 15:50:28,2018-03-03 16:29:23,2018-03-06 16:49:04,2018-04-05 21:21:22,2018-03-27 00:00:00
d0df06d018f93a2c4be0637e728843ba,bf53f71bb6e3fde0e61423521bcdf106,delivered,2018-01-21 01:34:55,2018-01-22 13:40:58,2018-01-23 19:32:17,2018-01-29 22:48:58,2018-02-15 00:00:00
0e0170b61d0a01970751c69f238a4dc2,b879348d650661f4d92cd4f204985945,delivered,2018-08-07 15:58:39,2018-08-07 16:10:23,2018-08-10 14:58:00,2018-08-16 21:41:35,2018-08-10 00:00:00
d24f01de1dce380fb010847ceac48413,8a2edb07c1097a748978bc590ba3cd9d,delivered,2018-04-16 19:13:48,2018-04-16 19:32:34,2018-04-17 18:58:46,2018-04-25 18:50:42,2018-04-26 00:00:00
2b87dec1483dfd58405fccd2a14321e7,278cbb946121e3176cf31ceb50c1f201,delivered,2017-11-07 21:29:02,2017-11-07 21:52:00,2017-11-08 21:07:35,2017-11-14 19:36:46,2017-11-28 00:00:00
7323d8e601f88123554e4d9bdb617b79,99e5ffb6f6a73fce0c4eb14560acb6ff,delivered,2018-04-23 20:15:41,2018-04-24 18:39:01,2018-04-24 18:19:25,2018-05-01 13:40:29,2018-05-23 00:00:00
ed8dc0be0cdb5c6d849776ef489a4bf4,b73637e17d005f20625a65ed691f90b3,delivered,2017-10-26 15:40:49,2017-10-26 15:49:38,2017-10-27 15:11:44,2017-11-01 20:48:41,2017-11-14 00:00:00
9fbac5c017947f1c23fe7979ad6c4e00,8e3e7a727bcab54890a8ccc9b0d0044f,delivered,2018-05-03 09:19:47,2018-05-03 09:41:49,2018-05-09 15:48:00,2018-05-18 01:47:30,2018-06-11 00:00:00
d722b334d743dc19d08939ed8a57664e,3d095062e539b5602456c77b77d1f18e,delivered,2018-02-11 13:08:02,2018-02-11 13:28:20,2018-02-14 19:36:56,2018-02-17 02:06:39,2018-02-26 00:00:00
77856e5d0390fca55c4c323a4f57859f,eec02189da4179dcba116b51a5382dd2,delivered,2017-09-03 09:47:58,2017-09-04 18:45:37,2017-09-12 17:11:56,2017-09-22 14:54:06,2017-09-26 00:00:00
379aabb5b4c4b1693fd094f3b328f991,ecf43435b6c5746cb38e49229ea85559,delivered,2018-03-05 18:14:41,2018-03-05 18:30:38,2018-03-07 20:19:17,2018-04-18 13:57:45,2018-03-27 00:00:00
c0d2a0a9c8dd829896b7a78d33456674,c34265a8d593cde117e3bdce3fb30e90,delivered,2018-03-22 08:24:38,2018-03-22 08:35:34,2018-03-22 21:28:52,2018-03-27 02:26:49,2018-04-10 00:00:00
d72c87644eeb5b1c8658e9a34ad13f50,e3f99c719b14b43fd286740c5d8a7171,delivered,2018-08-05 23:44:51,2018-08-06 00:44:35,2018-08-06 14:31:00,2018-08-08 17:18:40,2018-08-17 00:00:00
9a3cdb1a52eced27df0e93f49f863014,ce713888478a998ddcbb0a8698275e3c,delivered,2018-06-21 18:50:58,2018-06-23 02:36:16,2018-06-25 13:52:00,2018-06-26 18:24:44,2018-07-04 00:00:00
b2a5b4b96f199f352ee45d82ac6dfd24,60c999fc7c67585b3140facf9f12d9e6,delivered,2018-03-06 23:17:43,2018-03-08 02:16:24,2018-03-08 21:09:33,2018-03-15 21:19:46,2018-03-26 00:00:00
f5420da2ab4fb78fd5a967b64cb43acd,567e60489e4b10e8b8a04321210a04c5,delivered,2018-03-08 22:59:21,2018-03-09 22:50:32,2018-03-13 00:17:26,2018-03-18 17:26:26,2018-03-20 00:00:00
865a538da589ac50d21a0fb922afabdc,6aedef640dd95d641cc06add41083177,delivered,2018-05-14 13:28:34,2018-05-14 13:56:59,2018-05-15 14:44:00,2018-05-16 20:47:03,2018-05-22 00:00:00
e4df16cb9093d2bcb0f6d3df3b49507e,9d458da74858da5267ed59b42738c8b9,delivered,2017-12-03 14:07:35,2017-12-03 14:21:30,2017-12-04 20:28:24,2017-12-09 18:09:29,2017-12-20 00:00:00
60b8f5496f3fa2d3dbe08692dc63b4b3,ad8653edd19b5fce6af3a75366bcb7b2,delivered,2017-03-18 09:39:29,2017-03-18 09:39:29,2017-03-20 09:37:29,2017-04-13 14:13:26,2017-04-19 00:00:00
d48ccff01a1b3e35b69d6b6ed81a352a,509a58205dfca20f011c29c2470af987,delivered,2017-12-18 18:34:10,2017-12-18 20:12:14,2017-12-19 22:35:26,2017-12-27 14:20:00,2018-01-12 00:00:00
a97bd5e7cb82fc947d946bc4d3505805,e6a332325992b11bc1f237a65335cb40,delivered,2017-06-17 20:46:09,2017-06-17 20:55:14,2017-06-19 15:36:49,2017-06-26 15:42:23,2017-07-11 00:00:00
b9f687bd75452f5a9050f0445c27b724,c162bf3f0e129a637a3a63caaf4d17fc,delivered,2018-05-29 08:00:01,2018-05-29 08:15:12,2018-06-05 13:32:00,2018-06-06 14:06:38,2018-07-05 00:00:00
7d29ca0cd30a3577633c14bf69919902,15eaec05b52afd1eea2be01e0d4ea169,delivered,2018-04-11 17:12:51,2018-04-11 17:31:40,2018-04-12 18:08:28,2018-04-20 17:26:42,2018-05-07 00:00:00
afbe79b5d924f62c10998a3c046ba7a7,73972ebab4e51cb62797b62c40beb536,delivered,2018-05-15 23:08:03,2018-05-15 23:35:06,2018-05-17 14:36:00,2018-06-01 22:44:56,2018-05-30 00:00:00
f03b33cf5e0a3402a67dd84f2b9e2c3e,0f57f7df4b7072e8eee20a2255af9d3e,delivered,2018-07-27 11:20:08,2018-07-27 11:30:18,2018-07-27 15:01:00,2018-07-31 19:20:33,2018-08-10 00:00:00
dfc8f9a5ad0aeeca78deee699a7a570e,1aa41a9a74f23cf6d935353e35baef90,delivered,2017-04-19 23:09:21,2017-04-19 23:21:51,2017-04-20 15:47:19,2017-05-04 12:57:48,2017-05-24 00:00:00
ed8998927739822537e027a5af81b07f,6b5941ccdbb65f7bf9babeb7de8f3aad,delivered,2018-08-07 16:24:15,2018-08-09 03:35:14,2018-08-15 15:13:00,2018-08-17 19:29:37,2018-08-15 00:00:00
1facabb49e0b903e2d7ff337eddbeda5,8963ce5c5576f4e135c84b7724291f0b,delivered,2017-04-20 09:41:37,2017-04-20 09:55:08,2017-04-20 12:47:36,2017-04-26 13:28:39,2017-05-12 00:00:00
7a9f1869ace3e3dabe41cef449258401,9128d326f723462546efeaf0f5893803,delivered,2017-08-31 14:14:25,2017-08-31 14:25:17,2017-09-13 15:27:56,2017-09-15 15:32:41,2017-09-25 00:00:00
d3f0a3be5f46559c2cdae8e04d7e313d,f5750e6fdff6e49842f8bf4f152d193b,shipped,2018-07-19 00:02:29,2018-07-19 00:15:22,2018-07-20 13:57:00,,2018-08-13 00:00:00
d4d70d9cc43aa360490c7a508acec787,2734348f37edd1020cc5dcac41115449,delivered,2018-05-15 23:39:13,2018-05-15 23:54:27,2018-05-16 07:42:00,2018-05-21 17:43:33,2018-06-08 00:00:00
7c926685c8c9410446902c46d3929d08,24d1673dcb9ad3352b01a11f197334ab,shipped,2018-08-03 10:47:38,2018-08-04 10:45:15,2018-08-07 14:22:00,,2018-08-27 00:00:00
73fc8294883c8974e9f856499979579b,27b92af871454eb6f98be0145d9523d3,delivered,2018-03-24 17:55:19,2018-03-24 18:08:02,2018-03-27 01:03:50,2018-04-02 20:35:29,2018-04-16 00:00:00
d2da7d77b85e86faeb4bcdcf929f27fb,5153e460d7b2eea2a10a0cf8329dff57,unavailable,2018-05-02 16:43:59,2018-05-04 03:51:54,,,2018-05-24 00:00:00
dfdd31692e32c3a31b5fd289a244339f,36899cc7265e3e18e35450c195790ea4,delivered,2018-07-02 11:27:22,2018-07-02 11:50:08,2018-07-02 15:51:00,2018-07-10 13:04:41,2018-08-03 00:00:00
123bd704aa690b51cf57438baef18a0f,40f98a49883cb6daf6811870a3525dec,delivered,2018-03-01 11:14:52,2018-03-01 11:31:08,2018-03-02 01:09:15,2018-03-27 04:28:41,2018-03-29 00:00:00
bd772d39b54bb1d71b63a7e1c1c8304b,245d1d468d7769a84760d0fdcf770137,delivered,2018-01-30 21:06:30,2018-02-01 02:56:49,2018-02-02 16:58:54,2018-02-22 19:55:47,2018-03-07 00:00:00
57e89dc6246f64c869d73f264a6e505b,c61835842a958b8362ddbc1051a0c0e6,delivered,2017-04-30 16:26:09,2017-05-03 11:43:06,2017-05-04 15:46:03,2017-05-17 16:22:05,2017-05-24 00:00:00
f6165d8d9da67968c00f198d4b053690,2e20f2c736dfd3f5fddfed7758bfd1cf,delivered,2017-07-12 14:45:54,2017-07-12 15:04:12,2017-07-13 19:43:31,2017-07-26 20:22:00,2017-08-22 00:00:00
111dc64700f0263f8001c38215036c92,1ea3ca77718813f33e7fab2e98c1e5c6,delivered,2018-06-19 09:19:04,2018-06-19 09:36:52,2018-06-25 13:48:00,2018-06-28 21:24:35,2018-07-19 00:00:00
78f60565caf7dc3b87f6e1e9b03b691d,8f881edb13c45cda01906df7fb402491,delivered,2017-06-06 21:40:12,2017-06-07 02:45:21,2017-06-14 16:02:20,2017-06-19 20:27:36,2017-06-30 00:00:00
5295a4f70cac6082f1f9051409e69010,268723d1b8df2d5a3d5e0ac08bae4e9a,delivered,2018-08-02 13:15:03,2018-08-02 13:30:23,2018-08-03 07:00:00,2018-08-13 21:56:36,2018-08-10 00:00:00
86207b986ce345ccef8bc83647dc491f,ebdffd2b36f13a7dce4024f3fe0f34ed,delivered,2018-04-28 07:57:00,2018-05-01 05:55:18,2018-05-08 14:58:00,2018-05-17 16:11:04,2018-06-04 00:00:00
088683f795a3d30bfd61152c4fabdfb2,58d89fd1f863819ff9b040734f7bd7c6,shipped,2017-07-13 10:02:47,2017-07-14 02:25:54,2017-07-20 20:02:58,,2017-08-14 00:00:00
86b9ee478e155bf4e222854556559a7f,e10091d3ac4f6561790d8cd39487d28e,delivered,2017-04-20 15:56:44,2017-04-25 08:22:36,2017-04-25 11:45:24,2017-05-17 16:34:13,2017-05-10 00:00:00
9e06e3dc3431cfc5d70126246373fbef,821ea76972cd17c9b58d81015b797451,delivered,2018-03-03 00:53:10,2018-03-06 03:49:36,2018-03-07 19:58:40,2018-03-08 21:20:19,2018-03-15 00:00:00
de969e85aeacf944aee95d69c327e582,8f0a6afc5ed234296eae115f48854ac3,delivered,2018-02-11 22:23:39,2018-02-15 04:07:14,2018-02-19 22:08:02,2018-03-12 13:04:14,2018-03-14 00:00:00
94fca82966c05ba707f4e7dc0c50aa3c,803cd9b04f9cd252c6a83a2ecdbc22c3,delivered,2018-08-15 17:00:49,2018-08-15 17:15:18,2018-08-17 11:53:00,2018-08-21 00:16:33,2018-08-27 00:00:00
54995426ac1196508609ac35b03b5e63,a79086d74ade3aeb9668cab14437fd27,delivered,2018-08-15 15:00:55,2018-08-16 14:55:22,2018-08-17 13:25:00,2018-08-25 19:17:40,2018-09-13 00:00:00
9afd161dcb93dd86cb45e2ef6d33d72b,a025d64ce8ec7af91db40ced500bab8b,delivered,2018-02-12 07:40:43,2018-02-12 07:55:24,2018-02-15 00:07:35,2018-02-19 15:39:13,2018-03-06 00:00:00
86624050a21141bc5122640df317183e,2c5703a91f076abcea810fde233734b0,delivered,2017-04-06 15:17:23,2017-04-06 15:30:20,2017-04-11 10:06:03,2017-04-18 13:22:03,2017-05-04 00:00:00
db86cea85c0f2e720125b41ea124a238,f16be7d4ba4fce354eb82fe49b543426,delivered,2018-02-03 16:34:29,2018-02-03 16:50:28,2018-02-05 22:41:37,2018-02-27 19:38:56,2018-03-13 00:00:00
29cbf0f738f9f827dbb2fc94c79e61f1,acdcbd17614b1ca4a697b36ba65913a5,delivered,2018-01-15 18:04:22,2018-01-15 18:11:26,2018-01-20 00:21:44,2018-02-06 23:22:22,2018-02-14 00:00:00
0690b2d9b983cf580f407531575622c5,31b01af8b3ff7669130c48d6314da52b,delivered,2018-05-09 08:51:19,2018-05-09 09:10:50,2018-05-11 14:10:00,2018-06-11 11:49:50,2018-05-30 00:00:00
a2f3817242b0d2b7404f5104ede3abcb,06d997ee0df1e71f31984bbeebe4222b,delivered,2018-07-29 13:10:49,2018-07-29 13:24:20,2018-08-14 12:56:00,2018-08-22 02:24:59,2018-08-29 00:00:00
c90f87f78dfac2717cdb50f16fdd734a,a89d66132d3056ff2ab8790816f200ca,delivered,2018-04-24 22:39:11,2018-04-24 22:50:14,2018-04-25 12:54:00,2018-04-30 14:15:30,2018-05-17 00:00:00
6e63dcc83ec280b72783617737ce886d,dd2b0396d98a4435d214a2cb44d60663,delivered,2017-11-27 21:58:47,2017-11-29 21:56:57,2017-11-30 14:51:55,2017-12-07 01:33:37,2017-12-20 00:00:00
a016235b71cdaacb0bbbd1f61dd2446b,5e810daa9892a4faa32a67bc646a1e2b,delivered,2017-09-14 22:19:06,2017-09-14 22:30:19,2017-09-15 16:41:43,2017-09-28 20:58:10,2017-10-06 00:00:00
fc5d5be2bb37da8453e5496e7fdb033d,f1db8dd5d132de644b898613ac9a96d2,delivered,2018-03-22 11:37:34,2018-03-22 11:55:24,2018-03-28 21:18:50,2018-04-11 19:52:27,2018-04-12 00:00:00
98d24b150d7625f287efd12c0dcbadef,89e5d8080ba777e70327f8a5538f4388,delivered,2017-09-28 23:57:50,2017-09-29 00:28:18,2017-09-29 16:14:04,2017-10-04 21:07:34,2017-10-20 00:00:00
f96dfec9545ecebba08048ed870746bf,970515eb16061ca18073f474826785ef,delivered,2017-12-11 11:00:50,2017-12-11 11:11:59,2017-12-12 22:38:48,2018-01-15 23:33:23,2018-01-16 00:00:00
0633c2f778161bd80bf27cb619d6437c,693b3b377e3e7a9475f585d765329230,delivered,2017-02-08 12:31:33,2017-02-09 06:50:11,2017-02-10 14:04:02,2017-02-21 13:42:43,2017-03-21 00:00:00
931f767ebd374809fb9cd373fb7939ad,318994b8ee7f8e50ea635dca17b373a9,delivered,2017-10-11 16:18:08,2017-10-11 17:00:09,2017-10-13 21:10:32,2017-10-21 11:36:53,2017-11-10 00:00:00
a9061bc1d1e825c458ff521846c5cc77,5869e7e39f8126838d6f76ddea5d193e,delivered,2017-08-30 18:44:19,2017-08-30 18:55:12,2017-09-05 19:57:49,2017-09-12 21:41:11,2017-09-18 00:00:00
6acb950e03dd47135b13ab25534934a5,29095dcf51e791e752d09a1f4b66cae2,delivered,2017-10-06 20:39:24,2017-10-10 04:14:22,2017-10-10 19:52:22,2017-10-14 14:48:54,2017-10-31 00:00:00
0d15b014007c98a152fbb3b032a7521a,8c02494c18e2b35ac6dc81b110ee4e28,delivered,2017-11-24 12:38:37,2017-11-25 06:29:52,2017-11-25 15:16:52,2018-01-08 22:17:11,2017-12-26 00:00:00
73e1aa6df2a82994c73c52e4f46f1043,ae4ea94a9194fc1983a936c91597756b,delivered,2017-11-27 15:57:23,2017-11-27 16:11:16,2017-11-28 23:58:35,2017-12-06 18:51:57,2017-12-20 00:00:00
e8549294b90188285cf1f7d6a35f758c,1914576a74b2122c63a456293cf7e52c,delivered,2018-07-05 01:05:40,2018-07-05 16:22:42,2018-07-11 14:58:00,2018-07-14 16:34:34,2018-07-18 00:00:00
baab3612ca63c93f0c37d880c321bd5f,fc1091e859ef2296d4b36e5d31e554bc,delivered,2018-02-07 16:43:36,2018-02-07 16:56:10,2018-03-03 06:29:06,2018-03-07 18:10:07,2018-03-22 00:00:00
19bda247caaea65f92d0a5622749cb88,121355be7d020e10aa2e966766ee182d,delivered,2018-04-28 23:52:14,2018-04-29 01:58:45,2018-04-30 13:55:00,2018-05-10 22:31:45,2018-05-22 00:00:00
5933483834803a0e8e9fcd26cdb3774d,30159428cd8098929d2d39e5e357fcc5,shipped,2017-01-23 22:40:22,2017-01-23 22:50:09,2017-02-10 09:33:52,,2017-02-28 00:00:00
ad926ae0ce086bc0ae23f92128253ede,f704756562b1029601ec32f3049b88f0,delivered,2018-01-05 12:09:49,2018-01-06 02:07:21,2018-01-08 19:53:29,2018-02-05 20:38:52,2018-03-02 00:00:00
b79f65268e7e3353a2841e622ccbe4c7,0e9cf72e31c1e9a33112db12a2e5c436,delivered,2018-03-19 14:13:39,2018-03-20 14:10:27,2018-03-21 15:49:43,2018-03-28 00:12:23,2018-04-20 00:00:00
879a1b657dd0ac822411797d57cfe29f,e2dc5ed3eaae2eae1e1681e43e8968d8,delivered,2018-05-09 16:08:20,2018-05-10 09:11:35,2018-05-11 13:46:00,2018-05-30 12:12:09,2018-06-05 00:00:00
47ffb2ae6aa6178f452d3ca54432f0e6,bc3fb21b8a9ea7bce5774be093664ecf,delivered,2018-08-06 18:10:57,2018-08-06 18:24:27,2018-08-10 11:29:00,2018-08-23 18:04:07,2018-08-22 00:00:00
40ab84a18db0770fecb8449fadf72276,9deae8e142f721b7896a2621515c85b9,delivered,2018-04-05 17:28:48,2018-04-05 17:50:31,2018-04-12 16:26:41,2018-04-19 23:21:13,2018-05-15 00:00:00
204d4d908a640f0b6f4f0d306dc97fab,9b2599fbc978e2b119aa13afd44211ed,delivered,2017-07-14 20:06:12,2017-07-14 20:15:19,2017-07-18 14:02:49,2017-07-21 22:07:35,2017-08-07 00:00:00
88378ffe8de3a4e0d7ef03e71010d618,c1376f3aeb94f912ba838eea99b8667a,delivered,2018-07-10 16:53:01,2018-07-10 17:05:40,2018-07-12 12:15:00,2018-07-20 19:06:45,2018-07-30 00:00:00
138231385802e09f83a82cf35bc5f4aa,07276d89be039ef3505f4c6f781bda37,delivered,2018-08-03 15:57:04,2018-08-03 16:05:16,2018-08-07 12:56:00,2018-08-16 15:39:01,2018-08-30 00:00:00
5cc1c83e5cf3aee8af42167bfe2a7024,9e93d4de75ecfbe7d59dce254b4cf320,delivered,2018-06-25 20:27:39,2018-06-25 20:57:19,2018-06-29 15:32:00,2018-07-04 21:18:56,2018-07-20 00:00:00
51eb2eebd5d76a24625b31c33dd41449,07a2a7e0f63fd8cb757ed77d4245623c,delivered,2017-02-18 15:52:27,,2017-02-23 03:09:14,2017-03-07 13:57:47,2017-03-29 00:00:00
8afa2e5e1db419ca84b2ec548bcfa4fd,b2da3e1f91052aca033b4d34ab8329ef,delivered,2018-05-04 13:06:25,2018-05-04 13:15:25,2018-05-07 14:41:00,2018-05-08 19:36:48,2018-05-16 00:00:00
7e6ae85d806fd4563f0e68f5521321cc,f31164513a99160d91a464ccf934ed3f,delivered,2018-05-15 10:31:08,2018-05-15 10:54:45,2018-05-15 16:22:00,2018-05-21 18:06:34,2018-06-01 00:00:00
06bd462509d378184b5aedc7d5ab4a18,0187f8ae367bdb9efa1bb10c65145b61,delivered,2017-11-15 22:29:03,2017-11-15 22:46:41,2017-11-17 17:06:55,2017-12-04 23:56:41,2017-12-07 00:00:00
c2df8e6efaa171c3bb0b11481dbd48aa,d2f3dc7c4bbbec3450ab016041910206,delivered,2018-03-15 23:21:48,2018-03-15 23:35:29,2018-03-16 20:42:03,2018-04-09 17:12:22,2018-04-10 00:00:00
d199bccd68b67266244fd9e225d6f77e,877a19ed3db8c19e44beb8c809ce2ddc,delivered,2017-10-19 10:00:36,2017-10-19 10:14:33,2017-10-20 18:25:57,2017-10-23 18:28:01,2017-10-31 00:00:00
8b1b41b9f2da33a80000016c2bb902a1,e0912ca815ed2c022ecca985e61260e5,delivered,2018-06-13 22:08:02,2018-06-14 22:16:31,2018-06-15 14:33:00,2018-06-25 18:20:52,2018-07-04 00:00:00
3a17d23c43834584d26a5ac8f929898d,de73b3e049462be84b0eca4d8d288221,delivered,2018-08-10 14:24:02,2018-08-10 14:44:39,2018-08-13 13:13:00,2018-08-21 21:22:44,2018-08-31 00:00:00
3b7545c5b8c9ab7d5fa45651f7e2c2ea,20fba61eb3577801b7b778402b1e9db6,delivered,2018-08-14 11:46:06,2018-08-14 11:55:19,2018-08-16 14:55:00,2018-08-24 17:42:12,2018-08-31 00:00:00
1fb3e3b50c0686e0c491b0c17249d2d8,079d166717f416a1460152c6436631ff,delivered,2018-03-11 01:07:37,2018-03-11 01:29:17,2018-03-13 22:38:35,2018-03-20 15:55:01,2018-04-13 00:00:00
72538f54faf4237f1b1f533a804f6061,28ce35727750b0376854e6c5063d94e3,delivered,2018-05-15 12:09:20,2018-05-15 12:34:35,2018-05-21 09:45:00,2018-06-07 18:19:49,2018-06-12 00:00:00
4f1b077b2c2a03f0dc9a48447e27742a,5fbae7517123dc2408fbff29a48af80e,delivered,2018-01-02 12:39:58,2018-01-02 12:49:00,2018-01-11 14:24:51,2018-01-16 21:42:41,2018-01-26 00:00:00
40f8df5351ca042862168f31bd853103,b008592aaf5565d7b24c16d319c278a7,delivered,2018-03-07 21:31:17,2018-03-08 14:08:22,2018-03-12 20:32:12,2018-03-22 14:44:47,2018-04-06 00:00:00
ff0d3c8b486f123087d9d9da102afaf6,bd33c2c896c5ff73c205660af316b420,delivered,2017-09-02 00:50:36,2017-09-03 00:55:12,2017-09-05 13:34:23,2017-09-08 17:03:56,2017-09-21 00:00:00
79bbf3a1b3d37ef1258c8acc524e1ebb,06369c67ab50a72badd36e631cf45371,delivered,2018-05-13 16:50:12,2018-05-15 04:52:42,2018-05-15 14:23:00,2018-05-22 18:46:30,2018-06-06 00:00:00
96bac00ebfd18ba64dabd7cb27471282,2f7319232811fe9879212e93efb30147,delivered,2018-01-09 19:34:58,2018-01-10 10:32:21,2018-01-15 17:06:42,2018-02-08 00:16:40,2018-02-16 00:00:00
cf5371c12093ab1ef7c39cd2cb895edc,2a06b461bbe46972a81f0b9cf85662ac,delivered,2018-01-24 11:18:04,2018-01-25 02:58:20,2018-01-30 02:12:58,2018-02-07 18:22:34,2018-02-21 00:00:00
ff793adad2c9e1cc9fa921e8f1f952f8,db10bf2055fcc12456e4c1cacde5e304,delivered,2017-12-04 13:31:22,2017-12-04 17:14:41,2017-12-08 23:47:13,2017-12-20 17:53:08,2017-12-27 00:00:00
c3efd4a2e8fb35fdc26a1312de8e2ca2,7cbab7262068bd74f2094dd3b0a275c0,delivered,2017-10-03 20:18:01,2017-10-03 20:28:20,2017-10-06 20:01:16,2017-10-13 23:27:23,2017-10-25 00:00:00
800cb25e1a401b941efcfa9cf9981fe9,e7a52d4b67cd24ec354a53e89eff0429,delivered,2018-04-12 19:46:18,2018-04-13 02:32:21,2018-04-13 23:06:28,2018-04-18 21:03:43,2018-05-10 00:00:00
26967c9a40c842f7e0067b4ef5489082,c02e0664590e5c59486088c7676ec031,delivered,2017-10-27 14:25:35,2017-10-27 16:31:27,2017-10-27 21:51:13,2017-11-08 18:57:24,2017-11-16 00:00:00
47a53fe6f92821c8b0ecd40dedee5d6a,708bb18caa653e13e585dfb1b01ad4a0,delivered,2017-11-22 19:44:19,2017-11-22 19:53:21,2017-11-23 18:31:47,2017-11-30 18:19:59,2017-12-20 00:00:00
cdcc6a10b38eb298efc7496c36329752,52012c91a845e029dcb0f3b305289415,delivered,2018-08-07 11:30:20,2018-08-07 11:44:48,2018-08-10 11:24:00,2018-08-11 15:58:37,2018-08-13 00:00:00
6a8becea75ddeafc9a476d5de46696a1,3051d9077213c59aa7c02b834b88c343,delivered,2018-08-23 17:00:23,2018-08-23 17:15:19,2018-08-29 13:03:00,2018-08-30 12:58:34,2018-09-03 00:00:00
51ec41884835ac1d486fd3f6b4b4bf0a,5e6217cb6898af1f8671a3d8c170cf75,delivered,2017-11-25 00:17:22,2017-11-25 03:11:40,2017-12-01 18:35:33,2017-12-12 17:24:15,2017-12-21 00:00:00
bb1613d6648026373f69004c2b365306,46951b0491e0af4f6b2ae12f25dc77ba,delivered,2018-03-04 21:33:35,2018-03-04 22:28:37,2018-03-07 17:37:37,2018-03-13 00:48:33,2018-03-26 00:00:00
ef42ca96b36e758b3da05888aa8ad723,c09c9145125e2082c928a5c3de5664fb,delivered,2018-04-22 22:00:53,2018-04-24 17:44:29,2018-04-23 23:04:02,2018-04-24 23:42:47,2018-05-02 00:00:00
65959cbdb267c29a5cb0021a367df75c,80a988b23ea488add6a8c187cca076db,unavailable,2017-02-24 18:05:34,2017-02-24 18:15:18,,,2017-03-21 00:00:00
3adbc4c0f5c6605824498eeb960d0855,f857d90e198c755b1cd0a41b151abaa5,delivered,2017-06-01 16:07:46,2017-06-01 16:25:34,2017-06-02 15:04:35,2017-06-05 16:13:55,2017-06-14 00:00:00
48a310c40917683b0b399849b50cb76f,5b54155ba8103b1bb1e157edc0d85fe7,shipped,2017-02-24 13:50:32,2017-02-25 02:22:39,2017-03-01 04:37:47,,2017-03-31 00:00:00
b46d8aebd879f070a52d106580706001,3b26ab748dbfc26a635e36137b209874,delivered,2018-05-03 09:29:08,2018-05-03 10:18:31,2018-05-03 20:19:00,2018-05-09 15:36:43,2018-05-21 00:00:00
c50e5904b30d219f4f9b89ead3bab5ed,094341831b5ed4a4bf31a5d068bf485c,delivered,2018-07-21 13:15:46,2018-07-21 13:25:11,2018-07-24 11:26:00,2018-07-26 19:57:31,2018-08-08 00:00:00
fef33d02a77400304a29dc5bbfe6bc4b,aec60e06f66bdc6f86b89dcf4915501e,delivered,2017-09-18 22:17:09,2017-09-18 22:30:18,2017-09-20 19:18:52,2017-11-09 17:58:46,2017-10-11 00:00:00
48d527b3a64c953fb16c2f9c9fad2a0a,724fa3780ed5a2f3e252c9b8978afc07,delivered,2018-02-09 12:40:51,2018-02-09 13:31:42,2018-02-09 22:42:05,2018-02-15 21:47:55,2018-03-01 00:00:00
fef42a935645baebe981cf96008dbb1a,0880861964a0c3fba8254313913d4846,delivered,2018-08-01 15:25:31,2018-08-01 16:03:55,2018-08-02 07:20:00,2018-08-06 17:24:42,2018-08-15 00:00:00
9e7cfc823ef88f92ca66fd57db258c51,2dc4db7a0495f02e107ca167a7a62c4f,delivered,2018-02-07 06:51:08,2018-02-07 07:09:33,2018-02-08 14:08:00,2018-02-10 11:12:28,2018-03-13 00:00:00
d578e968ce420f393efcc423ada6f0ce,b9b179f626368869cd9f6651cc2370ff,delivered,2018-08-01 17:45:20,2018-08-01 17:55:12,2018-08-03 11:59:00,2018-08-08 13:12:23,2018-08-14 00:00:00
261f725152296e3e8d5041687181d836,3b3382efc93f5864321ada697caf1fc3,delivered,2018-03-30 09:04:52,2018-04-03 05:35:33,2018-04-03 23:24:28,2018-04-14 09:58:51,2018-04-25 00:00:00
03202c9906e9d1140a8ac3e15f4492e8,50ac016f147656d8992cef865b69b257,delivered,2018-08-04 10:52:50,2018-08-07 04:44:41,2018-08-07 15:56:00,2018-08-09 14:52:19,2018-08-13 00:00:00
6ec283e06546387eaab356a4764d8298,69e078eb365cd95a7b55f14caa60b2d8,delivered,2017-11-01 14:18:10,2017-11-02 02:16:07,2017-11-04 12:59:42,2017-11-28 15:49:19,2017-11-27 00:00:00
8705d42adbcd3182c575cdf862302836,81b3290979f53b17749b77be9fc82279,delivered,2018-06-28 09:14:43,2018-06-28 09:31:36,2018-06-28 13:58:00,2018-07-02 14:39:35,2018-07-25 00:00:00
08b47d41b0e91577b2d62e070628b2dc,c0a3ef518d3de3d78a7a80ed0861c529,delivered,2017-03-03 20:01:50,2017-03-03 20:15:08,2017-03-14 10:25:43,2017-03-21 11:52:06,2017-03-24 00:00:00
d9d8b7f0a98d33f05df5fce9f376aad8,3a041fd812c047a3a123e566cac018ff,delivered,2017-06-02 13:58:48,2017-06-03 02:25:28,2017-06-05 16:13:13,2017-07-11 12:26:33,2017-07-11 00:00:00
03cfff56e65677083384243927b9915f,13e4f3eb0b0869583f720c992376bf08,delivered,2017-02-10 20:21:46,2017-02-11 20:25:17,2017-02-13 15:27:56,2017-02-21 17:38:55,2017-03-13 00:00:00
adf281b98295b5c27f37e402ed781595,46c067477f18c5a3bbb88b1f2f942188,delivered,2018-01-25 19:13:19,2018-01-25 19:37:06,2018-02-01 17:08:38,2018-02-24 13:51:25,2018-03-07 00:00:00
acb9483767af8d8e1255d83531c25fe3,c42eeec226b4a998f0655d5bd633cbb3,delivered,2018-07-14 02:34:16,2018-07-17 04:31:46,2018-07-17 13:56:00,2018-07-20 17:44:45,2018-07-31 00:00:00
3ef5c8159bd4605715d1fd6e20cf8137,932eaecbf57142d67adbc8f4508ae87c,delivered,2017-05-17 12:50:13,2017-05-17 13:11:26,2017-05-17 13:51:48,2017-06-23 11:19:48,2017-06-19 00:00:00
3c8be270e7e602ffcde3f97cef934376,7a52f913ac1ee1a5e6dc2d38423bb756,delivered,2018-07-04 14:49:50,2018-07-05 16:35:38,2018-07-12 15:57:00,2018-07-28 00:07:37,2018-08-06 00:00:00
1ff7ebbeffe12add6550ad9cd0c33ba2,f484d469c4f4d363ab8df9af2f2bea08,delivered,2018-08-21 14:09:34,2018-08-21 14:30:41,2018-08-28 15:08:00,2018-08-29 21:28:45,2018-09-21 00:00:00
ac6c5572c59ca76c1e87fc0ed8415a93,fd4bf9d671a41d03097dbe9284433c4f,delivered,2018-05-21 21:42:14,2018-05-22 00:32:40,2018-05-22 13:29:00,2018-05-23 16:46:02,2018-06-01 00:00:00
6d212e3f7da7cdbf836ce9494d33a606,1ea9656f6bb4ba028d81b90a4e7d1369,delivered,2017-02-03 09:01:30,2017-02-04 02:22:40,2017-02-13 16:37:33,2017-02-15 08:42:34,2017-03-16 00:00:00
cfb27c26476975225263b55ce04d8aed,2c38f4ab5042740bc123a9b1054be52d,delivered,2018-06-25 10:06:20,2018-06-25 10:15:53,2018-06-26 14:19:00,2018-07-02 14:28:51,2018-07-26 00:00:00
3d531c28fb36a432495acd5a1dcf253f,faf8eabf7679d19f12fc4610c45b90a7,delivered,2017-11-07 22:34:23,2017-11-07 22:50:29,2017-11-08 17:53:42,2017-11-17 17:08:54,2017-11-27 00:00:00
0470834755105bf0bb1c3062a73f1d99,edf7eb0836bc6a1be99a9f8fe20ffbc7,delivered,2017-07-11 19:07:20,2017-07-12 02:10:52,2017-07-12 19:09:39,2017-07-20 19:00:45,2017-08-08 00:00:00
25b951c1d074042d59f6545470172015,a204214aaa282398288d7befac5c743f,delivered,2017-09-30 16:30:39,2017-10-03 04:23:41,2017-10-11 11:57:11,2017-10-13 23:06:49,2017-10-18 00:00:00
d6df3e183721aa30b30577e1184eaa7f,6e6e4321afd3581094cef66e0880a859,delivered,2018-07-07 17:17:10,2018-07-07 17:30:14,2018-07-10 11:46:00,2018-07-11 14:42:25,2018-07-19 00:00:00
466d522fb7208d4e9df25324ed81dd7c,5a24ec29819cceb862195e2707f02856,delivered,2018-07-18 20:08:23,2018-07-18 20:22:41,2018-07-19 14:36:00,2018-07-26 18:56:34,2018-08-06 00:00:00
c530daceee851aa18846a89c050d4dfe,60ab2ed589060f33a8c6e6ac86e29135,delivered,2017-07-02 17:02:59,2017-07-04 03:50:27,2017-07-04 15:43:43,2017-07-05 17:33:24,2017-07-14 00:00:00
fa9bb0fcd9ac91743999d13c2860dac5,19f1813fb62eb7c453af714dc1211d73,delivered,2018-01-17 17:37:39,2018-01-17 17:50:44,2018-02-08 13:08:29,2018-02-22 16:04:47,2018-03-08 00:00:00
8e642de08fc40170f87db3c976ba2dd2,1765ec5ce0dc49aadc66727d1939f31d,delivered,2017-06-29 22:25:28,2017-06-29 22:43:48,2017-06-30 13:51:12,2017-07-11 19:50:06,2017-07-21 00:00:00
88a545648420c3a63d341cfce6617176,d67f2515dae83dd90e7576224e779871,delivered,2018-03-25 19:16:27,2018-03-25 19:30:24,2018-03-27 13:36:39,2018-04-05 21:10:46,2018-04-12 00:00:00
736e6cd85be181101264d38eff1a7c08,5e105f72f5c1c080ed8845752d4dc955,delivered,2017-02-28 15:35:22,2017-03-02 04:15:11,2017-03-02 07:36:45,2017-03-06 09:58:12,2017-03-22 00:00:00
ef897a70523fdaa35f5f7408c325d3ad,f4e7a983e7130953e85bfd0093475bb5,delivered,2017-11-21 13:45:03,2017-11-21 13:59:24,2017-11-22 15:38:39,2017-11-28 02:04:41,2017-12-07 00:00:00
d4112b98adfb1a788d4c6205903eaa39,3a41e82c72d600bb188a53377044b902,delivered,2018-07-15 01:16:15,2018-07-15 01:25:10,2018-07-17 12:35:00,2018-07-25 23:03:07,2018-08-08 00:00:00
e35cd7f16895b57bcfa47358049adb16,b9223d6492555dae908f216435580a9e,delivered,2017-09-05 21:05:36,2017-09-07 10:37:29,2017-09-11 20:18:41,2017-09-20 18:32:02,2017-09-28 00:00:00
8b4b9c5ca102be3acc343372eac85e12,4a8f4ba62a60be1022274b6c65e4182f,delivered,2017-08-02 20:55:20,2017-08-04 02:25:21,2017-08-08 21:07:50,2017-08-14 18:41:37,2017-08-28 00:00:00
ddf4b30463e9b58a0ad68f6bc5ed5291,b901a3ed9805cc223596acc6a5c1838c,delivered,2017-08-03 01:10:03,2017-08-03 01:24:10,2017-08-03 16:08:04,2017-08-09 11:51:46,2017-08-23 00:00:00
f25f425c1627a369f769d91d56c3da67,670de4316291fd064c67a6dc89b10ca4,delivered,2018-07-21 11:46:11,2018-07-21 11:55:17,2018-07-24 12:28:00,2018-07-30 10:48:52,2018-08-17 00:00:00
200082f5a0b087f6c711e2903795ad35,add0d3449d5a9b0e07a28f4ba45e695a,delivered,2017-11-27 00:44:46,2017-11-27 00:56:21,2017-11-29 20:33:36,2017-12-19 19:26:01,2017-12-22 00:00:00
8ca8fb2c57d4fbfbb9f7a363c95cdad5,f69d2ba9ed34d8a1266853b4ad2eb479,delivered,2018-02-04 22:22:06,2018-02-04 22:30:33,2018-02-06 00:07:45,2018-02-08 03:28:33,2018-02-21 00:00:00
4a58db81127d824c22ca14ae7724d8d7,d7ea9248d429c8c5a908a1e8aac4a3ed,delivered,2017-10-24 12:58:50,2017-10-25 16:33:51,2017-10-26 21:08:55,2017-11-08 15:58:27,2017-11-16 00:00:00
501682cc04eeadf3d0bc64b399d78b5d,371d3497b3c664756ce51784d09adfe4,delivered,2017-10-29 09:30:23,2017-10-29 09:44:59,2017-10-30 17:13:38,2017-10-31 16:43:47,2017-11-10 00:00:00
7659849a6efa9d49c5ac7bf7fdbddb2c,22688fbe08d1209daeabcd6c40590d1e,delivered,2018-06-17 21:11:16,2018-06-17 21:37:58,2018-06-18 15:03:00,2018-06-19 11:48:44,2018-06-28 00:00:00
1b51db19999eb3bb34b405f52fdf9b13,0f6ed36badb034a142c768bcca8a4d7e,delivered,2018-01-29 00:05:10,2018-01-29 01:19:46,2018-01-30 23:13:02,2018-02-02 14:35:09,2018-02-19 00:00:00
3e7b10e577a57c52ab3232d3137bf444,caaf57c5210b87023c43e7d82c1b130b,delivered,2018-04-06 15:28:46,2018-04-06 15:50:07,2018-04-09 22:27:26,2018-05-10 15:32:04,2018-05-11 00:00:00
cf3274a658517144c009e7a673329a7b,c71dd683effe547f08410a82bfd9b28d,delivered,2017-10-13 09:04:42,2017-10-14 03:37:07,2017-10-17 16:27:47,2017-11-01 16:15:27,2017-11-13 00:00:00
1e7e9d16382d754d9c40321ee0b78634,1192e459b7704058b8f86356c4a332a2,delivered,2017-11-14 03:22:33,2017-11-14 03:35:21,2017-11-16 19:32:10,2017-11-21 13:21:57,2017-12-04 00:00:00
576f9e432d8d303ce2ffc75736352fe1,11c0288032377c71a6dfb9eb2aa4186e,delivered,2018-03-02 16:11:13,2018-03-02 16:31:33,2018-03-07 17:22:25,2018-03-08 18:42:08,2018-03-14 00:00:00
70102042893558dbf834b15a4b4fcbcb,7397ea54948b521f7b64b333fe2558b2,delivered,2018-05-27 11:13:44,2018-05-27 11:36:02,2018-05-30 13:59:00,2018-06-25 16:32:30,2018-07-24 00:00:00
553cd2acd876bcd93f9d3fcec45495ca,2a66805b488b4060c6e8370e017b0e92,delivered,2018-06-24 19:56:26,2018-06-24 20:16:20,2018-06-25 14:34:00,2018-06-26 16:16:29,2018-07-05 00:00:00
e6f4dcae8f74d19df7183854d1276023,e318052c60b8810a9f7fde485d42a0fa,delivered,2017-06-19 13:32:38,2017-06-19 13:43:35,2017-06-19 20:11:47,2017-06-21 16:57:01,2017-06-30 00:00:00
adbd608bc3c4a0f50224fa3b9543f791,a0f9c54dfd7f6c225f385ffc4753e0fa,delivered,2017-04-25 15:41:23,2017-04-27 13:15:33,2017-04-28 12:15:40,2017-05-17 10:28:44,2017-05-16 00:00:00
b2684c3e0b5cba29ea14a74e3c933a34,f45925f27de19a3f70beb81219614800,delivered,2018-06-13 17:10:47,2018-06-15 02:37:17,2018-06-15 13:21:00,2018-06-20 17:21:18,2018-07-03 00:00:00
12a6df267536bb8c253d9e7bb8b9e4aa,cc3848d804d534ed7492ed16935f2cac,delivered,2017-12-03 19:39:28,2017-12-03 19:51:27,2017-12-05 20:54:40,2017-12-06 19:09:03,2017-12-20 00:00:00
3d8f7ae6c3ba35a822e61acf337a4968,6ce87a341ae75fb5857c82379ae886b9,delivered,2018-01-23 19:13:22,2018-01-23 20:03:49,2018-01-24 20:04:39,2018-01-30 23:23:40,2018-02-19 00:00:00
2f26e696a07ce7c631264062c683b467,4ab32784b66dd82d47948d37a336621d,delivered,2017-02-13 10:06:50,2017-02-13 10:15:21,2017-02-14 14:04:57,2017-02-23 16:09:17,2017-03-22 00:00:00
0b7faa591b1acf3fa59f5297017b3058,d32b49ac4cbe7f35394e35e9fba57a4f,delivered,2018-02-22 13:27:37,2018-02-24 02:50:44,2018-02-27 23:06:55,2018-03-12 19:28:48,2018-03-16 00:00:00
7e6b55f6388682bf51a05d8f13c2d466,9a3f62a5bf3676fc5f7197d68d626515,invoiced,2017-01-18 12:59:05,2017-01-18 13:10:17,,,2017-03-02 00:00:00
0dd483f7dad813785dd28594b02aa623,f847cbd3cc47af2347769777223bf1ed,delivered,2017-11-27 23:02:54,2017-11-29 02:18:44,2017-11-30 17:03:22,2017-12-01 14:21:32,2017-12-11 00:00:00
909d28f22490c6e78da3962ab7fd6286,3482b292984426dc8cef7892c48027b6,delivered,2018-07-20 15:14:24,2018-07-20 15:25:19,2018-07-23 11:26:00,2018-07-27 17:38:45,2018-08-17 00:00:00
78652a80b5afacab99c641f855a4b00f,cf3901625675486ec08d60d5fa7bb1cb,delivered,2018-07-31 16:00:40,2018-07-31 17:31:25,2018-08-01 13:17:00,2018-08-06 17:48:45,2018-08-13 00:00:00
f76d5b8ea5928ea9b289b5f485e4846a,8a770dcc0e2b3c409df0707de0894e36,canceled,2018-05-15 13:17:14,2018-05-17 03:34:46,,,2018-06-01 00:00:00
30a18df212b45e1322b6d81521786ec4,1ff8095d765fc507ef43fc869e18e07b,delivered,2018-07-25 22:44:00,2018-07-25 23:20:08,2018-07-26 15:08:00,2018-07-30 12:43:46,2018-08-09 00:00:00
47d62434b47743d5c247a683f40fe56c,7be5a334c8077a07be8f4255cb76ebf4,delivered,2017-09-07 14:51:57,2017-09-07 15:10:23,2017-09-08 18:45:43,2017-09-26 17:26:59,2017-10-13 00:00:00
3a96b8ddd22b9f22c3b8a556d2003fd8,5ef121a48e1ea142acfa7f4d33e3d99e,delivered,2017-02-04 13:24:34,2017-02-07 04:10:27,2017-02-09 12:31:03,2017-02-21 11:14:53,2017-03-15 00:00:00
f1692c7ca656b05f674526a9c5838e4e,dce529324a049c4f22d46670811858ac,delivered,2018-05-02 19:00:12,2018-05-03 15:51:27,2018-05-04 10:01:00,2018-05-24 18:25:40,2018-06-05 00:00:00
f93c0062e9ba3158ed2b70b395625a3c,d67be65466afe0ff78ab3b609c55dc51,delivered,2017-08-25 10:01:32,2017-08-25 10:15:20,2017-08-29 11:05:27,2017-09-16 15:12:14,2017-09-21 00:00:00
456abfc526bb8973d425ea0134a6e311,b8cc34ec09315baecc09dd7e6a3bfdae,delivered,2018-04-24 15:36:01,2018-04-24 18:57:06,2018-04-25 14:22:00,2018-05-22 13:44:49,2018-05-18 00:00:00
c242919a2b2fa0fec536c534c968e8a2,bd8de5c5afe41611308675f1296c7b60,delivered,2017-10-31 11:38:59,2017-10-31 11:55:44,2017-11-06 19:33:19,2017-11-08 18:14:07,2017-11-14 00:00:00
83c6401c172501d8dbb2cb1c89a51b01,57ea77d77b05b87eb8328d8bbcc4b7ef,delivered,2018-03-20 02:29:16,2018-03-21 02:28:18,2018-03-23 00:45:47,2018-04-03 00:37:51,2018-04-11 00:00:00
3c13195e54b623f3040b926c83503002,edf6e9f4ea080de0350647ce44557e42,delivered,2018-04-02 14:22:44,2018-04-02 14:35:25,2018-04-05 21:12:22,2018-04-13 12:12:16,2018-04-25 00:00:00
9fa7644baa5eef65cf160c3c71983e6f,f81532a2b6cbd4faaccaef2604cc8a5a,delivered,2018-01-17 14:35:51,2018-01-18 14:33:14,2018-01-23 23:27:39,2018-02-09 23:45:13,2018-03-02 00:00:00
b402f7c02c6a8e6677896d211a72a5d4,b477e8a0ac8816bbc624da32841cb8b3,delivered,2017-10-13 10:09:06,2017-10-13 10:27:57,2017-10-17 14:18:06,2017-10-23 17:37:04,2017-10-31 00:00:00
9c8f72e1a86636d94b7adc52f856f5d9,3e8a00a5b4e6ef85bbe42e0c5482070c,delivered,2017-11-20 14:20:15,2017-11-20 14:31:29,2017-11-22 20:04:22,2017-12-06 00:39:03,2017-12-15 00:00:00
a6cc5e6ba2fb1b3d7fd4e73f7784f337,6e423a08bb6b36bd00e0384eeb62f1e1,delivered,2018-05-06 10:08:32,2018-05-06 10:30:32,2018-05-08 14:20:00,2018-05-16 13:18:36,2018-06-01 00:00:00
85eda86e7e2d402f5b3bfa90de8e2ec8,b6b777295f604b9b68ed465b7e0cae5f,delivered,2018-04-23 00:09:20,2018-04-25 03:30:11,2018-04-25 14:54:00,2018-05-02 19:12:26,2018-05-17 00:00:00
724074e91e873f7bba4b3548c59e5f92,e8255a31f2ce6fc4e82b8360a8c919ee,delivered,2018-08-23 09:51:32,2018-08-24 09:45:19,2018-08-24 14:56:00,2018-08-27 23:03:58,2018-08-31 00:00:00
c485c8c1af9c0ead19b156d7a971905d,1673f453ac44985d748c41c89551e0db,delivered,2017-05-21 17:54:43,2017-05-21 18:05:15,2017-05-23 14:42:05,2017-05-30 11:56:29,2017-06-09 00:00:00
6bf6ed15e270872bcf65052a0307d6fa,47f773dfff4d38e72ce3d45027b55ca4,delivered,2017-04-01 12:45:07,2017-04-01 13:07:20,2017-04-03 15:59:59,2017-04-18 12:26:25,2017-05-05 00:00:00
a6c054ff2945730a435c2c95531f17db,35e35286d46ebf8fe131036cd85c54ef,delivered,2017-12-19 20:17:32,2017-12-19 21:16:24,2017-12-20 17:19:33,2017-12-21 22:10:00,2018-01-08 00:00:00
6dc3421585b287648465d942e8d0c0d1,99a06938be53a97bec2f40686bd7b7e9,delivered,2018-02-28 16:12:54,2018-03-01 02:49:06,2018-03-01 19:05:49,2018-03-02 19:53:22,2018-03-13 00:00:00
b843f3e786e91ebc527779dc682f5487,e9b62718241d8b9a249909e4036f29c8,delivered,2017-02-12 01:27:41,2017-02-12 01:43:03,2017-02-13 12:19:21,2017-02-17 10:37:58,2017-03-10 00:00:00
b73b19c4bb2d3aded7b9714199bb83eb,6095ba1a9acb42e0558d6e5c426ba60c,delivered,2017-12-28 14:12:39,2017-12-28 14:26:35,2018-01-02 15:40:14,2018-01-10 21:18:03,2018-01-23 00:00:00
be3b8d058b8100d8a2539ce0b2c6ec0b,2cb9cd4d83c7018f46ff002953f95901,canceled,2017-07-20 14:32:34,2017-07-20 14:45:19,,,2017-08-11 00:00:00
e88e5f8bf5cb7adfd9f6435dee68112f,d2563794d28f2db19465352fabc3c910,delivered,2018-01-08 20:11:06,2018-01-08 20:18:18,2018-01-09 17:47:21,2018-01-24 12:42:06,2018-02-07 00:00:00
ca2c921a5b9d60eba417d106c724c6f6,bf21cc881d27bf8909c3922d422cb20e,delivered,2018-03-01 18:57:22,2018-03-01 19:15:33,2018-03-21 20:33:40,2018-04-13 03:08:40,2018-04-17 00:00:00
0c0aeabd6ae9d7a303af615334a220d0,9a31f5e48f4274cd08d49d5b6681be28,delivered,2018-08-20 14:45:48,2018-08-21 14:49:58,2018-08-22 12:53:00,2018-08-27 19:03:02,2018-09-11 00:00:00
98dd966a1e38eb56010bc5d422f3d3ce,e6524d179f40e399f0b96daff7c66e34,delivered,2018-08-13 14:03:08,2018-08-13 14:15:14,2018-08-14 15:39:00,2018-08-21 19:56:50,2018-09-13 00:00:00
a89ebfafe4d5465a7f7d00cb6fb2537a,73aab9b123fd95eb61ba0de816776c5f,delivered,2018-03-02 12:25:45,2018-03-02 13:54:53,2018-03-05 17:04:39,2018-03-21 13:58:22,2018-03-20 00:00:00
a3a5d73f1d5b6acf698fdd0e795d2ec5,6ddb01706e05a5713d2dd011f581b3b8,delivered,2017-05-03 17:04:37,2017-05-03 17:15:29,2017-05-08 11:42:23,2017-05-13 10:22:05,2017-05-29 00:00:00
2d7f894ef5a2c6133280772d1536f3ab,e705b1262126bfe43128e9a455963387,delivered,2017-12-12 11:02:11,2017-12-14 10:59:41,2017-12-19 23:25:30,2018-01-08 21:28:20,2018-01-15 00:00:00
d746b7265b49f240491cad6ed27e20be,9ade3caa74c467443051775d3e650140,delivered,2018-03-01 10:50:34,2018-03-01 11:14:31,2018-03-03 11:43:23,2018-03-14 17:52:26,2018-03-22 00:00:00
92a195ed387f8e7f9151eae7a7ec13f0,2d0bbea838dedd5022a15742a420cb8b,unavailable,2018-05-17 11:29:01,2018-05-17 21:31:55,,,2018-06-04 00:00:00
707efa4c66f0d268d9f106c2d6aa9c90,b087e49d446463775fdd80d76a97832a,delivered,2018-05-31 18:12:22,2018-05-31 19:19:29,2018-06-01 09:05:00,2018-06-11 20:22:44,2018-07-23 00:00:00
7787175cbb70f20d210824b01d4225d9,53ca3ff301eb60ded8a2d38593c36716,delivered,2018-02-13 16:46:54,2018-02-13 16:55:49,2018-02-15 19:18:07,2018-02-22 23:29:44,2018-03-14 00:00:00
15816297ce3f82c12bdfacebb7f445b5,191f7ac02aef8691dcf021de4eec473e,delivered,2017-07-28 21:51:44,2017-07-29 14:55:20,2017-07-31 17:47:59,2017-08-03 19:56:47,2017-08-23 00:00:00
76b3916173a86a399841b62399174b10,2d7a042354d223815c70ee2519f72c9c,delivered,2017-03-29 20:08:15,2017-03-29 20:22:21,2017-04-13 19:39:53,2017-04-18 13:39:01,2017-04-18 00:00:00
9a8743fed3cc7a477eb92cb0ca0e7d26,36913fd0a906fcb755745fc9641329bc,delivered,2017-07-25 00:16:14,2017-07-26 02:23:30,2017-07-27 17:32:33,2017-08-01 16:54:54,2017-08-16 00:00:00
adc12f10b0d49b969eeff04bfef21427,b13f6814a87e9fcc95db3980cbb7af42,delivered,2017-09-22 03:30:41,2017-09-22 03:44:23,2017-09-22 17:54:39,2017-10-13 17:13:22,2017-10-25 00:00:00
cf5a089353c76e21f2461f8b6d6f883e,ee32944bc9002e21a1e00e852d34b2d4,delivered,2017-11-24 21:17:14,2017-11-28 03:20:29,2017-12-06 21:38:24,2017-12-22 00:12:30,2017-12-18 00:00:00
7c0fccdcd5978f52b402a916980f127d,b4f9dd42f0acb4d7ca92cc9eddf4d56c,delivered,2017-12-12 09:43:40,2017-12-13 02:33:32,2017-12-13 22:38:53,2017-12-15 04:38:34,2018-01-02 00:00:00
64c15e081bb2e9a729b96f24d61e6807,92015b6a20c9ca16333a0907090e452a,delivered,2017-07-30 00:58:52,2017-07-30 01:10:17,2017-07-31 18:07:45,2017-08-14 16:56:44,2017-08-30 00:00:00
b55e920797f2e64157c2e9cc453e9407,e87d9abfaba293b9459639b62bfcbf02,delivered,2017-10-13 22:55:07,2017-10-13 23:07:20,2017-10-19 17:42:49,2017-10-26 15:22:24,2017-11-14 00:00:00
00ab3a43bda739029ffce95d3b2fb56c,c9f69364407bc8db796b2c6f1c353f61,delivered,2018-08-10 12:09:15,2018-08-11 02:51:01,2018-08-13 13:09:00,2018-08-14 18:28:25,2018-08-15 00:00:00
d37c9e8893d10d17fbf866c85f0dde90,cd8703bc42155c8d57115a689efb6ec6,delivered,2017-05-21 16:19:58,2017-05-21 16:30:14,2017-05-22 11:19:04,2017-05-26 20:49:53,2017-06-13 00:00:00
f4339348190b76ae59e4945134744ebc,c715c27e0a30e4c742277c41928fb672,delivered,2018-05-07 10:50:09,2018-05-09 02:54:06,2018-05-09 10:13:00,2018-05-21 12:54:54,2018-06-01 00:00:00
f58365f25afd293b0dd1d2200d9d44df,350d6ffdf52cf7076a9f3d8331c42927,delivered,2018-02-10 22:30:26,2018-02-10 23:35:33,2018-03-07 21:13:53,2018-03-14 23:32:15,2018-03-16 00:00:00
b950746ff8453f54ce5e11384e854e80,d180a13333094657116ee802ecf65050,delivered,2017-02-16 16:54:37,2017-02-16 17:05:18,2017-02-17 14:46:13,2017-03-01 15:28:14,2017-03-17 00:00:00
f79644ec98219489ae16ee7aabac4ebb,15d1752086d06a721b7842591ce41eb8,canceled,2018-05-05 13:36:10,2018-05-05 13:50:25,,,2018-05-17 00:00:00
5a19541418a06483600ae1e9a751d61a,cc1ee64dda4ae8455b07b22b6fc9f290,delivered,2017-08-13 21:11:11,2017-08-14 17:45:28,2017-08-17 16:45:50,2017-08-23 20:42:15,2017-09-05 00:00:00
bba6a2e9b906e6d432207b56db6b1452,e1e4a4ce47ab717fed8adc191b1de674,delivered,2018-01-16 18:37:26,2018-01-16 18:51:15,2018-01-17 22:08:36,2018-01-26 18:13:39,2018-02-07 00:00:00
919f7b191b8ebc3ee9ab62e05ae3b2bb,53516cee27cdbecaa1d122f5ae9a2507,delivered,2017-11-22 11:09:39,2017-11-22 11:18:17,2017-12-01 15:11:50,2017-12-08 23:47:00,2017-12-20 00:00:00
2f9aec8b96e05c0c40e49b20214b89bb,d32d683e4792449f00b40dbf1517115a,delivered,2018-04-30 15:51:34,2018-05-01 02:15:32,2018-05-03 08:46:00,2018-05-04 21:12:10,2018-05-21 00:00:00
9ee0fd6b317c26dddea4dc4347c8a82c,876e9ff6d0ccd5f181ec4b604c737ad9,delivered,2018-04-02 21:01:38,2018-04-02 21:10:27,2018-04-04 17:51:02,2018-04-11 17:27:54,2018-04-23 00:00:00
c91139ab9ea8b6371861f2cf4dbdb8e1,2f19a6348d8d364bde749be98b4b68e6,delivered,2017-11-20 10:59:49,2017-11-20 11:15:30,2017-11-21 20:03:35,2017-12-11 19:32:48,2017-12-13 00:00:00
fcc6295008b84fe0ae2717cf4fb011ca,bc9a74ee219462270870472b5ee3429e,delivered,2017-04-18 18:31:48,2017-04-18 18:45:16,2017-04-20 12:00:29,2017-05-04 15:43:45,2017-05-12 00:00:00
3464de846f6595e07bdee9f5a234743c,ca8cf5843bcd138bd1e81ec9f17531cf,delivered,2018-01-11 13:14:36,2018-01-11 13:28:53,2018-01-17 18:46:13,2018-01-31 22:18:36,2018-02-05 00:00:00
8155df3b8ca89f80f94f7b6722e750bb,5a29bb3c06beeea41656884b0a459d1c,delivered,2018-06-11 09:25:12,2018-06-12 04:57:50,2018-06-12 12:25:00,2018-06-13 16:46:26,2018-06-20 00:00:00
8d48068c3ecbc21886a881562c96d7fa,69c07da19686536789aae2148ce07f50,delivered,2017-09-09 21:08:46,2017-09-09 21:24:21,2017-09-11 19:56:42,2017-09-19 21:58:19,2017-10-17 00:00:00
3c33046864727b932e3c4087844f091c,37c7f02c119d260d0151bb6891bf4206,delivered,2017-12-29 18:39:33,2017-12-29 18:47:40,2018-01-02 20:52:01,2018-01-09 17:34:37,2018-01-31 00:00:00
a53b8f28c69f039a8d9ce5c30b7367a2,3a740ce117005b41daf0b3fa535b1dc7,delivered,2018-07-24 10:05:51,2018-07-24 11:24:30,2018-07-26 05:44:00,2018-07-31 18:02:01,2018-08-17 00:00:00
cae187387a603b42f02280dffd8d2390,9b8673c583ab263d6bac39e6bb7247ce,delivered,2017-09-26 15:51:44,2017-09-27 02:56:43,2017-10-05 14:27:56,2017-10-16 18:14:56,2017-11-08 00:00:00
44bff723bc2f864855ed3807ea7157c6,d0d327d6ccdf7c8c92753623ec081b5a,delivered,2017-09-23 18:20:19,2017-09-24 18:25:12,2017-09-25 21:12:15,2017-09-27 20:12:14,2017-10-10 00:00:00
148faaf4575a416a7f739d55db63babe,6398f0e8f4fbd829075e82fab0b58345,delivered,2018-01-13 20:50:15,2018-01-13 20:57:25,2018-01-18 21:48:51,2018-01-22 22:26:56,2018-01-30 00:00:00
ff4cdf9a24ffba79c88c81aeb858b4c7,671c88e6f743e984ae2f877fb66e1a1f,delivered,2017-08-09 22:53:33,2017-08-09 23:05:13,2017-08-10 23:11:32,2017-08-16 21:23:56,2017-09-15 00:00:00
95573e80e3966d4340d792f4f6c865b7,c7693063f3ceb1ce930b140d748b5972,delivered,2018-01-16 09:07:17,2018-01-17 03:36:51,2018-01-17 18:15:58,2018-01-18 14:29:25,2018-01-31 00:00:00
88ca9d74d64fdf43a049ee310edcb108,6ba7dba3194861cbf4ebe41edf2b369f,shipped,2018-07-15 14:32:52,2018-07-15 14:46:34,2018-07-19 13:10:00,,2018-08-02 00:00:00
a8c4d2de67759109227a9c02ba34d293,0db477b7de3ab3b53089f5222a8afb97,delivered,2018-04-13 17:26:09,2018-04-13 17:35:29,2018-04-14 12:08:27,2018-04-25 18:35:53,2018-05-04 00:00:00
75ca39310ce23200e156063e255c3086,0154fa29866c388925f1cb6a76f41368,delivered,2018-01-15 14:38:50,2018-01-15 14:50:37,2018-01-17 13:16:48,2018-01-26 22:36:35,2018-02-08 00:00:00
0068c109948b9a1dfb8530d1978acef3,34417388de13fbcd12cfcbd9d1b8dfbd,delivered,2018-01-22 19:46:58,2018-01-24 02:53:04,2018-01-26 16:49:12,2018-02-08 18:39:13,2018-02-20 00:00:00
d1d768d42cf0f3a2effce95ea71e111a,e9ccc97c91ce48e2723003454f1c7725,delivered,2018-06-19 23:01:50,2018-06-19 23:19:11,2018-06-20 13:44:00,2018-06-21 17:26:26,2018-06-29 00:00:00
c83b1508d1ce87e8c380ee3209720f81,859530ad4eef3fa5932b7aa55aeb314c,delivered,2018-05-23 16:00:27,2018-05-23 19:36:46,2018-05-24 15:49:00,2018-06-06 21:56:54,2018-06-21 00:00:00
d286e7a7639e71eb3d8bd4c37264ec1c,7c3b4a82fa45566b31589d16b39b940f,delivered,2017-09-19 20:16:32,2017-09-21 02:46:04,2017-09-22 18:27:48,2017-10-02 22:28:42,2017-10-05 00:00:00
51031dc347b31f2f5d84655a08e10e9e,94c497528915442546d67567bc7e00d5,delivered,2017-08-17 19:35:00,2017-08-17 20:10:14,2017-08-22 16:33:52,2017-09-01 18:06:02,2017-09-13 00:00:00
96c39987184c35f98bb77f7a18d8e500,0a8d8f311ded35884ca1efd7a8321fd3,delivered,2017-12-10 09:54:15,2017-12-11 11:36:22,2017-12-12 21:11:47,2017-12-21 20:33:32,2018-01-15 00:00:00
d4d5280135d491579add0073e8d6f4ee,234de6974f9545d863eed89b8dfe0bdf,delivered,2018-04-26 13:08:10,2018-04-27 03:51:00,2018-04-27 13:50:00,2018-05-08 22:59:37,2018-05-25 00:00:00
c55bbd7d615f5734a0ac469376ff0778,3ec61cf8cb2308eb5657b57cb3dd20a9,delivered,2017-06-14 15:11:20,2017-06-14 15:23:06,2017-06-16 09:32:04,2017-06-22 10:47:36,2017-07-05 00:00:00
1df257323bb550a9b9bb150345c42e45,8cb4d4ae78fe9aa67a08a4d8c322c201,delivered,2017-01-28 16:10:01,2017-01-31 04:41:49,2017-01-31 23:29:59,2017-02-16 16:44:02,2017-03-10 00:00:00
f1ebfc223dc0c69af08b4810a6a200ca,b5ad4261b16573c8ae1bf274cdc14ff3,delivered,2017-11-27 15:02:31,2017-11-27 15:19:14,2017-11-29 21:37:14,2017-12-08 16:46:36,2017-12-18 00:00:00
3dc6e749cfbbd0cdcd680baabc83d5eb,17bf784c37e83fdb4ad6f9e64afc84db,delivered,2017-08-04 09:43:48,2017-08-04 09:55:24,2017-08-09 15:30:22,2017-08-17 23:23:18,2017-09-01 00:00:00
7c5fc2c7ce20f9ea338589aa4fa568b2,cc848e542182ca76f167a3808ad31c10,delivered,2017-07-21 09:50:18,2017-07-21 10:03:12,2017-07-24 15:07:41,2017-07-29 15:59:31,2017-08-16 00:00:00
627dd35dbc686a525aa1224e523d82f8,9ade285b90d484ea144b9733aa9cf2d9,delivered,2018-08-01 14:47:50,2018-08-01 15:04:25,2018-08-03 12:59:00,2018-08-09 20:11:26,2018-08-24 00:00:00
4707f0f97bea0fc228ca902efc1bae4a,747dbdedfb0e2830969d2296e56b24f4,delivered,2017-09-20 20:53:38,2017-09-20 21:05:19,2017-09-21 17:02:43,2017-10-13 14:28:38,2017-10-30 00:00:00
b157079a62d77688a0f66043aa1f0306,7bea2f07ef082a136c0fd7d455c8e142,delivered,2016-10-08 15:42:14,2016-10-08 18:54:23,2016-10-12 18:54:23,2016-10-15 18:54:23,2016-12-02 00:00:00
abddcf171f361ed313e1f191d71d046a,48db5996674ec9678ed781d29f8489fa,delivered,2017-03-14 12:19:57,2017-03-14 12:19:57,2017-03-21 09:57:05,2017-04-08 03:04:31,2017-04-12 00:00:00
e422e79c353461906ac09d654bd28ad7,e7c57cad7ca45409fc3aa34a89b51c01,delivered,2018-02-24 23:09:05,2018-02-25 23:08:00,2018-02-28 21:42:43,2018-04-06 18:48:22,2018-03-27 00:00:00
e3c165b01367a95b0b75372603fe8fd6,ee806087f060d54b2aa4d466709a37a8,delivered,2017-11-13 13:06:03,2017-11-16 07:26:46,2017-11-17 16:21:40,2017-12-01 22:13:16,2017-12-08 00:00:00
b37b51d9ce106d9676b4757abb719d91,691207b664ec61cdc55704a1cfba86f0,shipped,2018-03-04 22:55:43,2018-03-06 08:56:09,2018-03-08 19:14:33,,2018-03-26 00:00:00
9a2abae0a5bf1f866a6331379fe613a6,93039196d950b641b6df953234890045,delivered,2018-02-16 11:19:37,2018-02-16 12:07:02,2018-02-21 20:17:52,2018-03-06 15:06:48,2018-03-13 00:00:00
8036107533c19ec5aee40f63847d7bd8,847a20f9ce001b11e713541778751e50,delivered,2018-02-25 12:03:56,2018-02-26 12:11:06,2018-02-27 19:04:35,2018-03-07 16:09:03,2018-03-19 00:00:00
7dcc606b3f901994e1d223bb4d9626ed,378b0c05cdee7a4b9c41dc83b97c216c,delivered,2017-12-05 19:02:38,2017-12-06 02:50:09,2017-12-12 19:44:01,2017-12-14 15:55:09,2017-12-21 00:00:00
66bcc2331cc018f64c7be44b1f9dc767,ed89daefb5401c58ec82ef489d78de78,delivered,2018-06-23 13:32:46,2018-06-23 13:55:44,2018-06-25 14:33:00,2018-06-26 16:58:28,2018-07-05 00:00:00
a2d65cbc20a4d7cbdbda0bc41b1e228c,37a237d3dc5df18a2de090ec35626a35,delivered,2018-08-08 10:32:05,2018-08-08 10:45:46,2018-08-08 15:37:00,2018-08-13 15:14:50,2018-08-28 00:00:00
028aa70283170bf3cbfdce2c1b751cfa,f146be55cefde6a5c21dd2c13d699bc8,delivered,2018-08-22 06:46:47,2018-08-22 07:04:20,2018-08-22 10:13:00,2018-08-28 00:29:24,2018-09-12 00:00:00
21babe33a62ea8ca20539175f5f77dd2,ff8ad2b0f0b304a4f7ecbfa76eecbbdf,delivered,2018-05-12 22:58:39,2018-05-12 23:16:33,2018-05-14 16:42:00,2018-05-15 21:07:03,2018-05-23 00:00:00
07e74b39ce62a7c6f7063b3168748191,908fefed2615ed41b2880512db12c758,delivered,2018-08-01 15:46:14,2018-08-02 15:43:58,2018-08-03 10:09:00,2018-08-06 20:28:38,2018-08-06 00:00:00
49fb77247e87be7891af41f66d899673,7cf084047bbf793a566a31b53b3459d9,delivered,2018-04-29 11:37:31,2018-04-29 11:52:09,2018-05-02 17:03:00,2018-05-03 14:44:47,2018-05-16 00:00:00
b8ffa0a64c94706b40a3eb420aaba9d7,0a6ccd3492e9fd0bc8ad7f4ca7efad1a,delivered,2018-02-04 11:05:32,2018-02-04 11:15:28,2018-02-05 20:26:57,2018-03-01 16:46:44,2018-03-01 00:00:00
ba900c122a364faa9a3c7d271bc2308d,57c0a0ae936e3a4cf71bdc4c6d4ede43,delivered,2017-06-16 18:12:03,2017-06-16 18:25:24,2017-06-23 10:56:25,2017-06-30 16:57:55,2017-07-06 00:00:00
1f252fa03fef3a7b2d16c2dd20de006d,a015288a903c5a2955b8ec9e7f470ce3,delivered,2018-02-25 12:47:36,2018-02-25 13:07:45,2018-02-26 16:44:43,2018-02-27 17:15:40,2018-03-12 00:00:00
89e9e2248c46410c319d535f06a23346,25243a573082033eef3dce30008bc979,delivered,2018-07-22 20:49:02,2018-07-23 12:31:57,2018-07-23 18:16:00,2018-07-27 20:14:43,2018-08-16 00:00:00
3eae45e1345a16673017c7c36f18ee34,6c4b7dd5c99515fe3de7a8a79f0c5dac,delivered,2017-03-13 16:49:06,2017-03-13 16:49:06,2017-03-14 14:18:12,2017-03-29 12:32:54,2017-04-24 00:00:00
1c7d5b99ae1fb1927efe678ca28af86e,74f779df828db21f3ca61c212fe732b6,delivered,2017-07-05 14:55:19,2017-07-05 17:39:17,2017-07-06 17:39:47,2017-07-18 19:43:38,2017-08-07 00:00:00
131c0d01eb2028569a7756743f8a6e52,38265f3432c4bf8436fc60dd5db1eb9e,shipped,2018-01-24 14:09:01,2018-01-24 15:38:38,2018-01-26 14:33:47,,2018-03-01 00:00:00
b48e71659903550bcf90e87f245cefbb,3e34d3a2f74fc23f3c0bef7294bb00af,delivered,2018-02-14 16:49:01,2018-02-16 08:07:10,2018-02-16 19:16:50,2018-03-28 18:11:04,2018-03-19 00:00:00
48c6a83f139990bdce35da7a514569ac,ddefffbdf14b16778f12bd99ccc04031,delivered,2017-02-24 17:20:45,2017-02-24 17:30:18,2017-03-01 11:57:55,2017-03-14 07:17:58,2017-03-21 00:00:00
bcb993ae0fa8c8f08fb79b6ec87df917,4f60ae2964fd14ce1837d6ea3fb78938,delivered,2017-12-08 10:51:18,2017-12-10 10:50:03,2017-12-12 21:11:47,2017-12-20 16:45:54,2018-01-04 00:00:00
871bea8f483dd0a0884a96d0e8dc1ace,c88682581bbfafae566db5aa6acfa803,delivered,2018-07-29 12:22:05,2018-07-30 18:31:02,2018-08-01 14:54:00,2018-08-07 18:57:41,2018-08-17 00:00:00
9e10abcef882f49dc69054c4b9f001b7,19120755286ce78597e0b3c65207bfc5,delivered,2018-08-03 20:24:45,2018-08-04 20:24:11,2018-08-10 15:17:00,2018-08-13 22:44:51,2018-08-09 00:00:00
805ae182c82a33f1abbaeb238f3fe89e,ef84ecfb3db132c5ab785d8c6b06b972,delivered,2017-08-07 10:35:39,2017-08-07 10:50:08,2017-08-07 20:33:14,2017-08-08 18:42:55,2017-08-18 00:00:00
10f19649ff10ef887aee3d8d536f5da1,9d63ff3e9226b807a98142a1b6b5a899,delivered,2017-10-01 12:14:15,2017-10-01 12:24:10,2017-10-02 18:13:44,2017-10-12 17:22:51,2017-10-30 00:00:00
1230f41d95a6fc74a51d388e8b1e8810,457b75db3a997e15b4abcffb8ebcc8d8,delivered,2018-08-04 15:40:57,2018-08-04 15:50:11,2018-08-07 13:29:00,2018-08-13 22:44:30,2018-08-23 00:00:00
92dbcc0343067925c18d8f7b033f3012,6a915ad848b022a8ee48965a9f672de9,delivered,2017-11-29 18:08:17,2017-12-01 11:32:07,2017-12-05 22:09:32,2018-01-04 09:58:48,2017-12-19 00:00:00
06c5eb90406de0ba873e721e9182ecfd,b73b4079d7fa128c7eb3905913ee7d60,delivered,2018-06-12 08:46:10,2018-06-12 09:18:06,2018-06-13 16:28:00,2018-06-19 18:12:27,2018-07-04 00:00:00
42a9c3a1aa0cb0f7d674566144b47d20,a1036ff7e9a4d96af5aa09ee00495b4b,shipped,2018-02-28 17:29:42,2018-02-28 17:49:45,2018-03-07 20:12:40,,2018-03-19 00:00:00
b42f9f6975edddad84e94f20bfd44a70,66b4ae7302e46815fcd2f46e6d811392,delivered,2018-01-21 16:56:40,2018-01-22 13:54:06,2018-01-23 20:47:05,2018-01-29 16:36:35,2018-02-15 00:00:00
c1a356e90c7da57e52f7c1fa132ca486,3b2d7723e2ac4a1319c373320ecff848,delivered,2018-04-07 19:28:58,2018-04-07 19:48:06,2018-04-09 21:51:11,2018-04-10 22:48:42,2018-04-27 00:00:00
b56ba47b7760027308968ab3f294b402,4dbc94b945d33affba2b69f4fcf1f705,delivered,2018-07-12 10:24:33,2018-07-12 10:35:17,2018-07-18 14:02:00,2018-07-31 19:08:44,2018-08-02 00:00:00
c6a965cc9489a0d9ede11c4534e916f0,fe6b657f9dfd2e2562ec4c5bfcba3031,delivered,2018-05-10 17:16:07,2018-05-10 17:37:56,2018-05-11 14:26:00,2018-05-16 10:38:45,2018-05-24 00:00:00
cc523a6c97b639bed8ed02ec7b87165a,e927a26f459f582dd23bd6a8e55d623b,delivered,2017-07-17 18:26:42,2017-07-19 03:55:48,2017-07-20 14:07:30,2017-07-28 15:14:16,2017-08-10 00:00:00
39fe0331a8d6ca0adba8a1436dc1e8e3,56d1b6246b3fafa142b06a6c8eee3f82,delivered,2017-04-08 17:31:09,2017-04-09 02:05:17,2017-04-10 14:18:54,2017-04-17 09:43:27,2017-05-04 00:00:00
69013d19f8db4cd7dc9f3b5c2564a96f,9cf423929ed7f738fd0a0e88607a79fd,delivered,2017-05-15 14:56:34,2017-05-16 03:42:44,2017-05-16 15:45:27,2017-05-20 10:04:17,2017-05-26 00:00:00
6ac8b4d925f3a65a8a954ac98704da31,169faf2a4e75be9497b1248261c78335,delivered,2017-06-27 10:53:25,2017-06-28 02:10:09,2017-06-28 15:34:35,2017-07-06 13:43:40,2017-07-21 00:00:00
b2072c2ef2726db9126e404a9e486365,9cb835222ddb8c08eabd01323e8cb677,delivered,2017-12-23 11:00:33,2017-12-24 11:08:05,2017-12-26 17:52:12,2018-01-09 22:28:54,2018-01-29 00:00:00
bff5893b9060256be8fd7d7d01b556e3,c757530c4da46b073ec4585fac46554d,delivered,2018-08-08 09:34:24,2018-08-08 09:45:18,2018-08-08 10:21:00,2018-08-14 18:41:24,2018-08-21 00:00:00
69d3ec6fc241c9d0bbf66377805976e7,c111db6a4bc630eb729c18347fadedf6,delivered,2018-08-23 16:04:48,2018-08-25 02:45:27,2018-08-27 14:51:00,2018-08-29 15:58:33,2018-09-12 00:00:00
b7dccfff8a209f34ea09e32b844a0c4e,ae1302fc2de112a6604e11ce53709471,delivered,2018-05-11 16:10:14,2018-05-11 16:31:37,2018-05-15 12:39:00,2018-05-16 14:08:01,2018-05-24 00:00:00
2fc0b908e1bad9c0182c663a45cad564,36915d00033368251c305e66cf4a1745,delivered,2017-10-31 13:35:53,2017-10-31 13:50:09,2017-11-03 15:44:40,2017-11-08 19:26:58,2017-11-16 00:00:00
0e630c27c4c2e4919aa18c4861c86aaf,ced77c94b1a6a33116af270c9b4780d7,delivered,2018-08-16 14:21:35,2018-08-16 14:35:16,2018-08-24 14:03:00,2018-08-30 05:38:50,2018-09-13 00:00:00
aa1a31ddc86a477540f194eed363ab1b,92d084f2607361acd17d75268f7947c5,delivered,2017-08-16 18:00:57,2017-08-16 19:25:07,2017-08-17 18:24:53,2017-08-25 19:14:53,2017-09-14 00:00:00
361a8e5d36aa919ab0d8de09ee9a3013,d340117e9ad69c673dbb221037f7a0c8,delivered,2018-03-06 12:44:06,2018-03-06 13:09:34,2018-03-06 23:05:10,2018-03-09 19:22:17,2018-03-22 00:00:00
140ef097b98b5bb78c44c3e2cefadd72,500f39973ad79cf27ac3fe0d61dbaa9e,delivered,2017-11-10 18:13:40,2017-11-10 18:27:32,2017-11-17 14:48:46,2017-11-27 18:33:22,2017-11-30 00:00:00
54d48dcc8e5eb73b1f3f3f560fdaebec,a5c9b12d231eb4f71cca7a5a8feff095,delivered,2018-07-20 16:53:20,2018-07-20 17:05:12,2018-07-23 11:45:00,2018-07-27 23:48:28,2018-08-14 00:00:00
be1abb3e53aa6d058bca807fb41cb36f,0500b8feb30eb920f67c3cf8b837aeaa,delivered,2018-02-16 19:30:29,2018-02-16 19:46:46,2018-02-17 18:04:08,2018-02-22 23:52:35,2018-03-08 00:00:00
a69be533137eff298fcc82d52bb95a2c,79afbd7b905f90ff5073077d073ce056,delivered,2017-07-16 17:00:46,2017-07-17 17:10:08,2017-07-18 19:08:05,2017-07-27 21:58:35,2017-08-10 00:00:00
e2922e8b9f001a01d138099b1b35f3e2,4cbdcc1abe4224d1c80802caff085d1b,delivered,2017-04-24 14:04:33,2017-04-24 14:15:28,2017-04-25 18:52:39,2017-05-05 15:12:32,2017-05-15 00:00:00
37151727c96ceda28bc5b0eb91a25867,163f01c01483608934a267b0dd53f36b,delivered,2018-08-04 19:56:18,2018-08-05 19:55:15,2018-08-06 15:29:00,2018-08-10 18:54:30,2018-08-13 00:00:00
b86cef4892346edbcea1de0da1f3b8af,477ba7008fa296dafcedb37b8bd9b702,delivered,2017-10-06 14:00:56,2017-10-06 14:14:12,2017-10-06 19:39:00,2017-10-18 02:39:00,2017-11-03 00:00:00
56ca2955a23551796d37da2e384c7139,4149a12d879153e9dc86fcc2c18e58c1,delivered,2017-09-12 12:20:09,2017-09-12 12:30:17,2017-09-14 20:13:18,2017-09-21 21:24:24,2017-09-28 00:00:00
2c757e77a76180de84c39b8afdcdcb72,a61d13deb7a717bec19cb03347937748,delivered,2018-08-14 16:18:52,2018-08-15 16:15:24,2018-08-16 15:12:00,2018-08-23 18:16:54,2018-09-28 00:00:00
b1746c7d13f52567b4cd6710249240c9,0ebf4ea5d562d47342359187bc4a1dd3,delivered,2017-07-14 14:04:02,2017-07-14 14:15:11,2017-07-17 16:35:27,2017-07-18 17:09:43,2017-07-27 00:00:00
a4d3d2773b4016fd346ced87e513885e,ce57fbcaf7237a39de9782ccea0c86ee,shipped,2017-09-29 23:32:10,2017-09-29 23:49:19,2017-10-02 21:42:34,,2017-10-17 00:00:00
fc04841c5f8cf27654d943a830d4d406,da6f92c0edaff5d147b17f05eabdef1b,delivered,2018-06-04 01:45:20,2018-06-04 02:10:00,2018-06-04 14:19:00,2018-06-11 20:40:48,2018-07-11 00:00:00
b82cf5fe4911adae1a6d2c4b171ec237,edc6cc31523779d9c623c9669740324b,delivered,2018-06-29 21:56:38,2018-07-05 16:04:23,2018-07-04 12:24:00,2018-07-05 22:56:41,2018-07-19 00:00:00
42fd45f1653ffbc35c96c7dee1fe0c59,6dda436a6c24b38419f2940e2f91dcf3,delivered,2017-12-28 10:42:23,2017-12-29 02:09:29,2018-01-04 21:53:00,2018-01-10 18:19:54,2018-01-23 00:00:00
4b03319a5a065c83d4fcc4f18f8cb257,52215d2772a786a11c64720063c7ac4f,canceled,2017-10-20 12:42:26,,,,2017-11-08 00:00:00
00eef7fe9e315a85d1a61a50cccb2494,db19e8cffbc71ab7e1c29a1d6e4935e0,delivered,2018-02-11 13:18:12,2018-02-11 13:28:18,2018-02-16 20:07:14,2018-02-24 18:45:00,2018-03-07 00:00:00
31f935babbc97f5990e0ffd128e19541,6e067aaac313f893bd40273d8d75027f,unavailable,2017-11-11 11:25:27,2017-11-11 11:35:31,,,2017-12-08 00:00:00
1fe148272b3216d1704900d718e701bd,9125dbd39c45287dfab9207f3cb15075,delivered,2018-04-17 20:37:20,2018-04-18 20:32:41,2018-04-19 20:28:42,2018-05-02 19:26:48,2018-05-14 00:00:00
faad6ca77667506aa6ca0fcb8a85e1c2,15f0a9d284218264647a2317760f06b6,delivered,2017-11-22 12:40:24,2017-11-22 12:48:58,2017-11-22 22:46:49,2017-11-29 18:59:01,2017-12-18 00:00:00
04c3bddd55df58e83123e3b174855489,cf45e9bc7544ba97a0db03c7c7bf63c9,delivered,2018-01-26 21:34:07,2018-01-26 21:58:36,2018-02-14 20:53:13,2018-03-01 19:07:36,2018-03-02 00:00:00
a93febb45fcda82844c608e4c9fb56e9,696626f107879afb5e90ec50ad32d1e7,delivered,2018-04-23 20:28:09,2018-04-24 17:53:55,2018-04-25 12:24:00,2018-05-21 16:58:24,2018-05-24 00:00:00
28eaf054725f4dd3ce26c67682468831,7956134f6e5786ead5f57eaa7766d9b2,delivered,2017-08-04 15:25:18,2017-08-04 15:35:58,2017-08-08 22:18:54,2017-08-21 18:23:44,2017-08-28 00:00:00
023b49300b34f2b9961857266df731dc,0d0ce626603ca795728958e76c79785e,delivered,2017-09-21 09:58:40,2017-09-21 10:10:20,2017-09-21 21:40:06,2017-09-28 21:48:49,2017-10-19 00:00:00
9100392359831349697f856cf248608c,bd11f3c31729c4783afae3c353a96d56,delivered,2017-06-08 11:33:22,2017-06-08 13:04:34,2017-06-09 09:36:15,2017-06-12 14:07:40,2017-06-26 00:00:00
192280704cc4c1f82086c55f0622f09b,84078253c5f5620cfb1d3a9d08ecc582,delivered,2018-07-18 16:58:48,2018-07-18 17:10:09,2018-07-23 06:45:00,2018-07-30 17:19:48,2018-08-15 00:00:00
5504a1a5092b8696eac00711644d4306,b2ff19f8f1820f92b022f5d33e0d198d,delivered,2017-09-04 08:08:29,2017-09-04 13:25:19,2017-09-05 14:40:27,2017-09-08 17:43:46,2017-09-25 00:00:00
f2fe33e91924ce0b0182264712504584,3192b8d6493a72fa2b748cf450624408,delivered,2017-07-07 10:51:33,2017-07-07 11:03:42,2017-07-10 17:44:00,2017-07-20 20:15:31,2017-08-02 00:00:00
0512bcd90b810913b8177d5324c5ee0d,104ac7ecfe1fa7f15b2a635338e104fc,delivered,2017-06-22 16:28:38,2017-06-22 16:45:18,2017-06-23 10:57:29,2017-07-01 11:23:36,2017-07-18 00:00:00
38f4a818aeb307590cee2478e61c9fa6,8fe02ad97529e52360d274bbe3d06a8a,delivered,2018-03-30 11:29:18,2018-03-30 12:15:12,2018-03-31 15:16:51,2018-04-10 01:16:48,2018-05-08 00:00:00
ca138e5a2d186adc06a54ab83b40aeb0,495b631ac1b6d477a3e43700caf16c23,delivered,2018-04-16 15:24:09,2018-04-16 15:53:11,2018-04-17 22:12:38,2018-04-24 20:38:41,2018-05-14 00:00:00
04d49c33fa60bbc46ab8514d0811d0e3,9176004cfff177c805ac4a76bef471f4,delivered,2018-05-03 17:28:08,2018-05-03 17:54:12,2018-05-08 13:52:00,2018-05-17 18:36:43,2018-06-06 00:00:00
360fe51e261812665da126c17d01a390,94afa54fad4fddc084358789353fdc88,delivered,2017-04-25 19:42:32,2017-04-26 09:36:01,2017-04-26 12:16:52,2017-05-04 13:57:37,2017-05-16 00:00:00
2edf4dbc4da7d9813d86079ebd0b7e7b,b074f6e7fdf21a8d46aa4bf20dd9f8bb,delivered,2018-01-17 12:20:21,2018-01-17 12:30:12,2018-01-19 19:52:10,2018-01-27 18:22:44,2018-02-14 00:00:00
2fe2852de76ec325582d6cb9953e86fa,81ee76008781c1b3a72263621e06d5da,delivered,2018-08-13 18:15:19,2018-08-13 18:25:19,2018-08-14 10:53:00,2018-08-15 15:07:32,2018-09-12 00:00:00
53286d8c8661db85d83d2ceac0f41c53,aee29664d08a2f502eee98c9350dac41,delivered,2018-03-29 15:55:42,2018-03-29 21:07:55,2018-04-04 21:26:32,2018-04-11 22:26:47,2018-04-26 00:00:00
b378d3979dc4d1d8bd701f93e8b7ce6a,da0ba1ed753b77d67d96cedbcd093500,delivered,2018-06-19 21:52:52,2018-06-19 22:16:00,2018-06-20 13:17:00,2018-06-29 21:46:38,2018-07-20 00:00:00
ea6180f0dae5d1e801939463789f2c3a,94570722175144b52da7cc0222027784,delivered,2017-08-15 21:20:12,2017-08-15 23:24:40,2017-08-17 20:00:06,2017-08-25 16:41:47,2017-09-11 00:00:00
453e9cc0ba76d38f0fa1b213787a92e5,74a8537af1f43d8d358ea41bb4ace681,delivered,2018-06-29 19:41:56,2018-06-29 19:55:09,2018-07-10 12:25:00,2018-07-11 23:08:36,2018-07-16 00:00:00
d470773ec0c7713da0add7baed31ab29,6023afab790f2d759b4ff1fc7faf3882,delivered,2017-11-13 09:16:15,2017-11-13 09:30:32,2017-11-14 16:52:02,2017-11-22 20:21:51,2017-12-04 00:00:00
771e9bbd641d86a4ee75fe80bdf61d7b,c8146cb28fa1053e64b1d6ffaeef6d42,delivered,2018-06-13 13:00:21,2018-06-13 13:17:05,2018-06-13 12:00:00,2018-06-21 22:56:45,2018-07-17 00:00:00
03aba4d94f2bd838c0bb55be9d13b0f6,2daa54fc002886fa8a5deb96d1be1540,delivered,2017-12-24 20:14:44,2017-12-24 20:26:42,2017-12-28 19:14:17,2017-12-29 14:14:34,2018-01-15 00:00:00
ae42e20515116ca9bf5a1e32e7ec53d9,bcfe3310d4b1fe18322d8bb586cf5f32,delivered,2017-11-21 15:19:36,2017-11-21 16:15:19,2017-12-14 11:35:16,2017-12-14 19:17:07,2017-12-01 00:00:00
ed323a60ad5ab8678d704d129b26628e,2afcc4c46893cd524b6a4634cabdf226,delivered,2018-04-19 12:37:50,2018-04-19 12:53:58,2018-04-24 22:12:16,2018-04-30 18:26:36,2018-05-24 00:00:00
0b7cb1c7ea62d95ba39702f4ae850108,2d618e470c95c9b425cbb0cbc42683dd,delivered,2018-04-10 18:21:13,2018-04-10 18:30:34,2018-04-12 21:11:51,2018-06-21 23:06:47,2018-05-21 00:00:00
1078d496cc6ab9a8e6f2be77abf5091b,d875d4a36905c7faf94195dd91f1101b,delivered,2018-02-21 14:02:24,2018-02-21 14:30:47,2018-02-22 18:59:16,2018-03-26 15:52:48,2018-03-15 00:00:00
49aefd30af1b6402e41a7bbcedd42e9f,ab8083509d8b2f060c041b1808487ca3,delivered,2017-07-16 18:06:40,2017-07-16 18:23:00,2017-07-25 19:14:24,2017-08-08 10:46:46,2017-08-22 00:00:00
6cc8ee95fa041110dc49df7e0a2e85b1,30fae2b7dc2ac59de3a6bbf85cdd9db7,delivered,2017-08-24 10:36:36,2017-08-24 10:50:39,2017-08-24 19:30:05,2017-08-28 20:19:31,2017-09-14 00:00:00
2d4d374800502d278ecb156431fd1d59,d4b5658c4c22ce5d33be3d9c867d9b31,delivered,2018-04-06 22:01:55,2018-04-06 22:15:11,2018-04-09 15:22:09,2018-04-14 02:04:16,2018-04-30 00:00:00
c6981eae927738695c85c3528192c98b,c27394d633c742ecd944eff7d5e53b1d,delivered,2018-01-23 17:23:54,2018-01-23 17:38:26,2018-01-24 19:18:56,2018-01-29 17:05:40,2018-02-15 00:00:00
dd4ca62b4abb4a5fe11f24d45b63eb79,d8df48f69b225702b91075434cebbf5c,delivered,2017-11-25 23:56:26,2017-11-27 23:50:00,2017-11-29 14:42:08,2017-12-15 04:22:46,2017-12-27 00:00:00
3a3946583c464f57913a9df9c134ba0f,5e73cb3ef5fd8f561bda55e9e69debbc,delivered,2018-06-05 16:25:19,2018-06-05 17:15:54,2018-06-12 15:37:00,2018-06-20 16:38:27,2018-07-12 00:00:00
b5a892962efd7d07db86cf0eee45fdff,fc4ddaa89b9d278b397945a013b4781e,delivered,2018-07-07 15:02:05,2018-07-11 03:55:21,2018-07-11 11:51:00,2018-07-14 00:09:57,2018-07-26 00:00:00
a2e3d71162779bb939a9e0a461226e64,21e800d6f32b170bdcc487cbaf5073e0,delivered,2018-07-04 19:34:35,2018-07-05 16:40:46,2018-07-06 09:25:00,2018-07-11 21:24:35,2018-07-18 00:00:00
f14ffd28776719a57c5bbf16cce58dd4,f0a67330d461ab7c99fbb328e33cf54a,delivered,2017-07-06 11:13:08,2017-07-06 11:43:33,2017-07-06 14:24:17,2017-07-21 20:32:31,2017-08-01 00:00:00
fa42ca789329fe838b380b2dce4c0307,87ac0933b7f0201a64c8f04e34bdcfc3,delivered,2018-05-02 23:25:02,2018-05-03 00:50:16,2018-05-03 13:05:00,2018-05-16 18:56:57,2018-05-25 00:00:00
d71ddeb3600f197986283a88b7d360ca,7c38e0023219a6589c20a892d51c5598,delivered,2018-05-16 21:23:39,2018-05-16 21:36:05,2018-05-22 13:55:00,2018-06-14 00:22:47,2018-06-04 00:00:00
ea3e22446f2bda3a8433d3147b5486fc,e5312adbc717038bdeda3e2d57b34b05,delivered,2017-08-24 17:20:57,2017-08-24 17:35:20,2017-08-29 20:22:03,2017-09-01 18:32:45,2017-09-14 00:00:00
9638bba289e3b496d7a5d6e30168844f,06dacbe0a1e05c1bca5d4dadd31ca4fa,delivered,2017-05-26 20:01:38,2017-05-26 20:15:16,2017-05-29 09:55:57,2017-06-01 04:32:15,2017-06-23 00:00:00
78c68db8e7034d43fdfa205630fe7826,f61cbaa6f1e966dc68180d028dfc6340,delivered,2018-08-05 04:43:04,2018-08-07 04:10:18,2018-08-09 14:50:00,2018-08-10 17:46:36,2018-08-13 00:00:00
1d59c61853660f10d805ad65211e04f5,29bcc6018e7e63aac11194d6060b199d,delivered,2018-07-28 19:11:14,2018-07-31 04:05:55,2018-07-31 12:21:00,2018-08-08 16:55:41,2018-08-24 00:00:00
0a3bd18b5c5d505aedd969dbba6ff069,ec4fb4c598cdf9aed7a61bc47e21fe6a,delivered,2018-08-11 13:00:45,2018-08-11 13:10:15,2018-08-17 14:20:00,2018-08-21 00:04:04,2018-08-22 00:00:00
36b5cc783d21a08a8a8f6cf537de2153,ed078a8771e5fe1d9b99bff595938736,delivered,2018-08-11 16:15:42,2018-08-11 16:25:10,2018-08-13 16:20:00,2018-08-21 18:08:42,2018-08-20 00:00:00
9446826a31cabe320b77ce398b32a40d,16f1aa8717863e1ca3f2b26a20dc577f,delivered,2018-05-14 13:46:07,2018-05-14 14:10:05,2018-05-14 15:53:00,2018-05-21 12:58:40,2018-06-08 00:00:00
6baca7e224a54a0323eb003e011c9b8a,2f7e0d9b02c05f440fea44dd6d81e8b4,delivered,2018-06-21 12:10:25,2018-06-21 12:40:49,2018-06-22 19:04:00,2018-06-25 17:50:47,2018-07-04 00:00:00
a891f3efca32da79bccc94e6e69fd3e0,3cd4a0885a09ba26dfb6e3095d113f58,delivered,2017-02-09 21:28:59,2017-02-09 21:43:13,2017-02-13 17:10:59,2017-02-17 14:52:09,2017-03-08 00:00:00
1a6b9a764637acbc39e1624a2211f548,e43a8c4a2cacc15e45d6a73beb2ee7e8,delivered,2018-08-07 09:18:41,2018-08-08 03:30:22,2018-08-17 16:56:00,2018-08-23 20:48:46,2018-08-21 00:00:00
0a3181424fe55b41f1f0d53150c6523f,44605cd64e453a25d31eb0dc3fc43246,delivered,2018-01-04 15:41:48,2018-01-04 15:51:24,2018-01-05 11:56:36,2018-01-10 21:17:25,2018-01-29 00:00:00
bd22679f67e770fe1a872d8d1b85f985,1d6f3ef21f84fb799b1b00d422c6c578,delivered,2018-03-23 02:36:09,2018-03-23 02:50:21,2018-03-23 19:46:51,2018-03-28 18:16:30,2018-04-06 00:00:00
af4c6eae672d9b20d881b0ef961bee65,e28efbf584feac07e4fc74789999a8e6,shipped,2018-01-28 14:45:34,2018-01-30 04:31:09,2018-01-30 22:33:38,,2018-02-14 00:00:00
f274085054bdfe367afdee18bb4e5555,cf49127fb890ec00c88879a966b55071,delivered,2018-02-16 14:13:03,2018-02-16 14:27:32,2018-02-21 15:43:24,2018-02-22 16:45:47,2018-03-05 00:00:00
377921d7c0a75e0b9bb55f25539583e6,c752a2576a1e3722cb2332b927d4638a,delivered,2018-03-07 15:23:51,2018-03-07 15:35:32,2018-03-08 23:16:20,2018-03-15 00:58:40,2018-04-03 00:00:00
a11e41222432e59fbc925d094a9c0c5b,b716b4fd26635bc30cae5db546881d95,delivered,2018-02-09 01:11:05,2018-02-09 01:29:18,2018-02-09 15:13:50,2018-02-19 15:09:25,2018-02-23 00:00:00
504a90faaf31b2457b86f7179a6bd79e,24a3465f553df345791699ee057abbd4,delivered,2017-11-27 17:59:36,2017-11-27 18:12:06,2017-11-29 20:04:39,2017-12-13 11:54:52,2017-12-21 00:00:00
22e5a47d4f228d018d568af1d5c585b9,3f52be0f079cf8ccf2471bce5fc1c7f8,shipped,2018-04-04 21:44:26,2018-04-04 21:55:19,2018-04-05 20:21:54,,2018-05-07 00:00:00
99998ce3d95cbd85b91c471cab8db940,dfe71893a18391e8e6011db86672d067,delivered,2018-06-05 13:11:42,2018-06-05 14:31:21,2018-06-08 16:55:00,2018-06-14 16:06:45,2018-07-11 00:00:00
3802047602d091427dee04863e71fe21,560fafcdfba360128c1d7ff8adef1bf7,delivered,2018-03-30 12:19:18,2018-04-02 15:50:19,2018-04-04 17:38:39,2018-04-13 19:18:40,2018-04-16 00:00:00
a020d152ee29f0fef7ec9ee414a44318,c18371c9138f16ab28aec5d47d1b8d32,delivered,2018-01-16 09:40:46,2018-01-18 02:11:37,2018-01-18 22:04:25,2018-01-26 21:04:08,2018-01-31 00:00:00
d4ed3d242ba3c0082668360172454c65,b0c1002c1c2785950d4753721642b0be,delivered,2018-07-17 21:17:43,2018-07-18 18:03:13,2018-07-19 14:34:00,2018-07-20 20:28:48,2018-07-30 00:00:00
5ff4c9b40ca89e41de1f71a26d088921,75cb24ca5c6c2fe6f65886b1164984c2,delivered,2017-05-19 22:00:52,2017-05-19 22:10:16,2017-05-26 08:02:53,2017-06-03 10:57:26,2017-06-01 00:00:00
3f061223cd37b33b63b742cd2491d4f9,579ddf1469941870f4417ab3bab71c63,delivered,2018-06-15 22:37:04,2018-06-19 04:17:09,2018-06-19 13:15:00,2018-06-25 18:21:29,2018-07-13 00:00:00
bc69b5e9887af14f06d598b85ab607df,9e34ec8b56a283cbd0570abf24ea2e5f,delivered,2017-12-27 08:36:53,2017-12-27 08:46:58,2017-12-28 16:22:13,2018-01-09 17:35:07,2018-01-26 00:00:00
8526252eba4c42a9b627db77f8ffcfe1,bc055e45589b741155daa6a4831abcd9,delivered,2017-02-21 20:00:15,2017-02-22 20:10:06,2017-03-03 09:41:59,2017-03-10 08:57:44,2017-03-24 00:00:00
2688613ae3d2299ed6dfa709d64750b7,309a1beccf92e425e658cc2932b663ca,delivered,2017-06-19 19:37:52,2017-06-19 19:50:22,2017-06-23 11:15:56,2017-06-29 12:33:01,2017-07-13 00:00:00
38535f25144db56a22c827fcb546a0f8,9c0f7d49135e022d18e0f0b9d5ac911b,delivered,2017-09-04 09:28:18,2017-09-04 09:44:23,2017-09-05 20:47:54,2017-09-13 22:34:10,2017-09-22 00:00:00
b458ffdf7369c1e76ef5ba66155886da,f3521c6dd56bd56fad9342c57bdb6b7d,delivered,2017-08-11 17:26:44,2017-08-11 17:43:50,2017-08-15 21:12:36,2017-08-21 17:17:55,2017-09-04 00:00:00
7605fb11bdf1ddae6600da5b72db575f,2513f7a88af6fbd34c95f87f544cf8ed,delivered,2018-01-05 09:43:53,2018-01-05 09:51:31,2018-01-09 19:16:13,2018-01-26 23:09:41,2018-02-08 00:00:00
4ceb6d05f749bbbb67e5606aa2d16647,5cdcc9524616ddb4388642e9fbfb796c,delivered,2018-08-23 13:21:08,2018-08-25 02:35:16,2018-08-28 14:54:00,2018-08-29 16:54:47,2018-09-06 00:00:00
5b04efc47b042c9734bf6d5a67be3b6d,28f681fea55229c3b5e12ef1950cd1c8,delivered,2018-01-11 11:36:29,2018-01-12 02:48:23,2018-01-15 16:44:51,2018-01-24 00:38:27,2018-02-07 00:00:00
c96e714ca972a71e1e1b2c77c6cfea86,d9bb214d770804e006962de56667ef2e,delivered,2017-06-01 16:56:43,2017-06-01 17:05:18,2017-06-02 16:03:29,2017-06-05 11:12:09,2017-06-14 00:00:00
4a202e4c5b6dfa7f2f5f18c5d760b837,68193f081e367d33cf19052c565c5e9c,delivered,2017-11-07 16:26:06,2017-11-09 13:07:23,2017-11-14 10:06:49,2017-11-22 23:12:48,2017-12-04 00:00:00
d675ff7bfc118fec4fd8b0d728c27cec,4fb36b6cb7d46f7c211711c19e6c8cdc,delivered,2018-03-13 12:30:59,2018-03-13 12:47:50,2018-03-13 21:38:49,2018-03-16 23:58:49,2018-04-13 00:00:00
b77a3bce74a8c6dd5f8e4379bc880f1a,ae4e9cb78e4eb89324f0f49e2525daa4,delivered,2017-11-17 23:21:36,2017-11-17 23:35:23,2017-11-22 22:11:15,2017-11-25 16:12:03,2017-11-30 00:00:00
6108337404ca19622b994a70db91126e,a89a6972a81ec273e8741420ad5361b4,delivered,2018-03-03 14:00:38,2018-03-06 03:49:40,2018-03-08 02:33:04,2018-03-23 18:13:36,2018-04-03 00:00:00
f39dca700fa8e7f2ccbdf7a9c7f8af1e,d581a915ee9473823d90a53dc8f25a68,delivered,2018-04-22 19:58:22,2018-04-24 18:20:32,2018-04-25 14:35:00,2018-05-02 21:20:47,2018-05-16 00:00:00
773091ea5794bbdf9e81ad2fde5f782c,36093bc2594cb63fc298650efa59b770,delivered,2017-08-22 13:29:48,2017-08-22 13:45:49,2017-08-23 18:40:07,2017-08-25 17:45:45,2017-09-18 00:00:00
d49f3ce01bf8ca94897ccf96b1e4f45c,0bee1a6846b1292a8a44f283aa013338,delivered,2017-09-12 22:13:19,2017-09-14 11:05:45,2017-09-15 15:55:10,2017-09-23 14:25:46,2017-09-29 00:00:00
14fdbdfb8a3c7657649abbc004c434c5,aeb0b15f3b0d8ca88635da3b08c1b28a,delivered,2017-11-20 23:34:26,2017-11-22 03:12:29,2017-11-22 22:03:39,2017-11-23 21:44:43,2017-12-13 00:00:00
1d1d126a9f21b890e676a7ca56b3b6fd,ed23a44887feffed401bc561af60ee33,delivered,2018-01-23 17:56:14,2018-01-23 18:16:38,2018-01-26 12:45:57,2018-01-30 21:16:54,2018-02-08 00:00:00
da46439d7d06cf02cb44d0908ecc3575,9ed6e75482bada0a5921948f38a7f1ee,delivered,2018-07-18 14:02:17,2018-07-20 04:43:17,2018-07-20 10:27:00,2018-07-25 23:38:33,2018-08-01 00:00:00
c803c517b7b4203209bc317a912728e4,6ed1ed99e026664b097bfd6e34234f6b,delivered,2017-10-25 16:05:38,2017-10-27 03:07:07,2017-10-27 13:28:15,2017-10-30 16:50:08,2017-11-07 00:00:00
ceb741915c1b919741702872a6da9853,b54819e96db553f368aa59390fffed54,delivered,2018-03-18 19:34:05,2018-03-18 19:47:48,2018-03-20 13:33:09,2018-04-03 19:18:23,2018-04-20 00:00:00
a62cea6420ca6b61d36c62aeb795858f,bda84ef94155536f779e792cd2a199c7,delivered,2018-03-01 15:42:39,2018-03-01 15:55:42,2018-03-02 16:45:04,2018-03-22 23:58:55,2018-03-29 00:00:00
44b218c956eb8b585056872617ba3577,98a0a36529eae71762c1f3c388b4ec61,delivered,2017-07-11 16:06:03,2017-07-12 15:05:16,2017-07-17 19:51:48,2017-08-08 18:17:35,2017-08-08 00:00:00
3c8bde97f0fa2a830b7ff6054369eef7,f85e2294dc95234e99ced45c8a540649,delivered,2018-01-16 11:16:50,2018-01-16 11:31:53,2018-01-16 21:58:41,2018-02-02 00:03:17,2018-02-06 00:00:00
14d45fea1c20e4fd5c31dde983344115,15e0d3225b56b33134b31c4d55edf796,delivered,2017-04-20 15:37:19,2017-04-20 15:50:12,2017-04-27 05:33:44,2017-05-02 23:39:45,2017-05-10 00:00:00
db4975029748a4fe3f218f5d62885918,43ab8d3c705c300d5f537ef557c91c19,delivered,2018-03-31 23:16:37,2018-04-03 05:28:03,2018-04-04 17:19:18,2018-04-21 01:14:34,2018-04-24 00:00:00
9cfee74db86dd5914edd7fdfd39559de,96cc1e89c75aad1dcc4493a2f5f5b23d,delivered,2018-01-03 13:19:28,2018-01-03 13:31:52,2018-01-03 20:42:10,2018-01-22 22:56:30,2018-02-07 00:00:00
8e17072ec97ce29f0e1f111e598b0c85,9e29cde4ddb42f9330bcf3c9bc23d177,delivered,2018-03-31 15:08:21,2018-03-31 15:50:11,2018-04-03 15:58:24,2018-04-06 17:38:34,2018-05-04 00:00:00
99ea7632d208206d6bdb4a77aa69f4fd,ff4cd1c0b5dbff2521ceb95243ab9fb0,delivered,2018-06-03 18:47:18,2018-06-04 18:50:34,2018-06-11 10:29:00,2018-06-12 22:05:50,2018-06-28 00:00:00
503c7d5d134281cbc25783a87057f690,ac3be1c7d1ff665931f887f4a1534c41,delivered,2018-06-15 08:34:15,2018-06-15 08:56:05,2018-06-15 14:09:00,2018-06-19 13:08:34,2018-07-17 00:00:00
276c37d3aa8872a9e3f7858b0fefa062,181512b829112330394f0fc0985980fe,delivered,2017-06-06 23:25:38,2017-06-06 23:35:29,2017-06-08 13:50:16,2017-06-12 11:37:44,2017-06-27 00:00:00
a40c9f4f47639e167fa76a010ae10667,ca429fdcf514d6bec0c72ce1f4caf202,delivered,2018-07-01 20:27:10,2018-07-01 20:49:58,2018-07-03 12:28:00,2018-07-06 13:08:35,2018-08-13 00:00:00
ea90d633d13ac21849cee301594b8a64,cde2d71e54a0bc0290fc52f99074a72b,delivered,2017-07-17 16:07:53,2017-07-17 16:23:01,2017-07-19 19:45:00,2017-08-01 17:53:20,2017-08-08 00:00:00
8da1e39aa37872754d1e7b49299d6640,824e5cf114970042935600c0dc0c46de,delivered,2017-11-19 14:05:00,2017-11-19 14:15:22,2017-11-21 17:02:42,2017-12-01 21:09:30,2017-12-12 00:00:00
3f56a22363145eb59c7fb42254d3f345,f97344eb0871c942a01e27afbec92beb,delivered,2018-08-01 20:30:58,2018-08-01 20:44:08,2018-08-02 13:34:00,2018-08-14 11:40:46,2018-08-31 00:00:00
ad9c2ef716b0f222cf7959efc8bac59c,b6a05996b3ea6ffd1c61f75085b37a25,delivered,2017-06-16 20:04:23,2017-06-16 20:15:17,2017-06-20 11:17:44,2017-06-29 15:02:41,2017-07-26 00:00:00
5a1b38c5fdab4a0c42553ae02457159d,103cbbe2fce0fa4f691ee116695f2744,delivered,2017-12-13 09:48:00,2017-12-13 09:58:26,2017-12-13 21:49:01,2018-01-23 21:21:47,2018-01-10 00:00:00
a137445b2ef43929329761dadf764f5a,40d48e816a2a1dba20bbc348941f03b7,delivered,2018-06-10 13:45:18,2018-06-10 13:55:20,2018-06-12 14:52:00,2018-06-26 01:38:47,2018-07-13 00:00:00
72c2d35f7d08e990d781560fdbbfa563,b9de7d4d29e2f39cf47acb6cd6e2a7f2,delivered,2017-09-09 17:26:41,2017-09-09 17:50:49,2017-09-20 19:51:41,2017-10-06 21:15:02,2017-10-10 00:00:00
9b4a1422c8b4e65d9ab330d8d32deddf,49f311ba3c66c63e7542a637655d4a2f,canceled,2017-07-09 18:18:03,2017-07-11 03:55:28,,,2017-07-28 00:00:00
320ed62040e9d12e3d7cf4795e2b7df3,6360621c848fc2ca203c2b52db062206,delivered,2018-07-12 22:30:38,2018-07-12 22:43:56,2018-07-13 14:16:00,2018-08-13 21:44:20,2018-07-20 00:00:00
9bc2713232fd2a0d9a8f20562a408b81,cef00a4eca97b9dcee901353a6f82071,delivered,2018-02-27 16:02:10,2018-02-27 16:15:38,2018-03-01 01:44:35,2018-03-14 22:52:17,2018-03-21 00:00:00
a7c6365fed8c291cfac8b74f173b7a4f,3141cc179ab3a6e43e197bcd74ea7e68,delivered,2018-07-24 07:36:00,2018-07-25 02:50:20,2018-07-25 14:54:00,2018-07-28 18:28:54,2018-08-01 00:00:00
ef7225456fcddb02cffc7c1a19cbd11b,780b5783edce35607f15b603426633c7,delivered,2018-04-17 22:23:31,2018-04-17 22:35:15,2018-04-20 21:28:54,2018-04-27 21:06:40,2018-05-10 00:00:00
9a4d55dfd3d1ff691330e78da74a6b12,8355da240d5a01c570937c295b38b779,delivered,2017-09-12 20:30:15,2017-09-12 20:45:12,2017-09-13 17:13:43,2017-09-25 17:50:13,2017-10-09 00:00:00
190cce77a8a1f436ff7bb2e684906449,788f18d093894d9e62d9470a250e6060,unavailable,2017-10-31 14:13:53,2017-10-31 14:31:30,,,2017-11-22 00:00:00
c26b658f524a034377074e4bbf6cc236,ef4957ad9da3840bb7bbf2e0ebe181ff,delivered,2017-06-08 12:39:39,2017-06-08 13:11:04,2017-06-12 17:51:27,2017-06-19 15:04:20,2017-07-07 00:00:00
87df9743b232127b4f035bdd0a472850,6f62480457537c781eb271f9054890d1,delivered,2018-06-06 15:54:18,2018-06-06 16:14:32,2018-06-08 15:14:00,2018-06-15 12:59:55,2018-07-20 00:00:00
2a63db5c526afb1ee1c53ef2ba5dad2c,95b4155db0f673fad4d9e793396e4bf0,delivered,2017-09-11 14:00:09,2017-09-11 14:23:36,2017-09-14 18:59:30,2017-10-05 17:28:44,2017-10-05 00:00:00
f2c1000210dfbf33893aea78fd9d776c,ba89127c5ea50c5071899f1c2b5b71b0,delivered,2017-12-23 05:12:58,2017-12-23 05:29:42,2018-01-09 20:35:26,2018-01-12 01:36:12,2018-01-17 00:00:00
d1f5b7a6c6490911a99e25f6d27d459a,3ae0909507f3aff8f82173639d398da2,delivered,2018-03-11 21:09:39,2018-03-11 21:28:19,2018-03-17 00:18:44,2018-03-19 13:21:06,2018-03-22 00:00:00
5c4c16f0db1537d3ef9e718f12dde7c4,f672ce127aaeccb53370920d3fbc7fef,delivered,2018-07-20 10:05:18,2018-07-20 11:05:19,2018-07-20 13:22:00,2018-07-26 00:18:27,2018-08-09 00:00:00
eebd0aa26d3536a69dad447ad462ff73,b00da73cee289d4da4290bb464674d77,delivered,2017-11-10 17:01:45,2017-11-10 17:10:45,2017-11-14 22:29:44,2017-11-17 12:21:53,2017-11-24 00:00:00
308cbbff78b182dfef86b37c94f10205,faeff8520c09a95d7422d018c2029bc7,delivered,2018-06-03 10:40:05,2018-06-03 10:50:20,2018-06-04 15:12:00,2018-06-05 18:03:47,2018-06-28 00:00:00
89484162f10c48a5cbccb77221419395,7dac3d4de500983168e1b1bca53be307,delivered,2017-01-27 11:34:09,2017-01-28 04:34:43,2017-01-31 13:59:16,2017-02-13 11:07:57,2017-03-24 00:00:00
909965523288fe78ac1a381314d6811c,ee5c7ad836529f8fb1f3db7a45114f38,delivered,2018-04-04 16:03:05,2018-04-04 16:28:26,2018-04-05 18:11:17,2018-05-02 16:41:32,2018-05-03 00:00:00
881dbb4e5e7c4118f6958b3ef811ffe4,6d4479750803f07d57b65c8cf84d24eb,delivered,2017-09-04 19:01:18,2017-09-04 19:15:11,2017-09-05 16:05:53,2017-09-14 19:56:54,2017-09-25 00:00:00
0124f01177fc17cf20e1974621fd759a,7fdbfe237a74f478ff41c54678f104ab,delivered,2017-05-13 14:03:25,2017-05-13 14:15:17,2017-05-15 14:02:32,2017-05-22 14:45:54,2017-06-02 00:00:00
a7bf43f042e3cbaa32238547ec22b6ed,d4426e25fd43dbc0cb2fddf54c168719,delivered,2017-08-25 18:49:44,2017-08-29 04:44:42,2017-08-29 13:47:21,2017-08-31 13:56:38,2017-09-19 00:00:00
48f748418f436ecce9310b169835b995,844a80df92c42e503068933d7cae4f70,delivered,2017-12-02 16:29:51,2017-12-02 16:58:53,2017-12-06 14:44:47,2017-12-13 22:08:05,2017-12-28 00:00:00
829c29b2306beafb02c306ffba041e8d,b2b247504d20b61cd474e775de587cff,delivered,2017-12-03 02:24:54,2017-12-03 02:48:30,2017-12-07 17:43:45,2017-12-08 22:26:51,2017-12-20 00:00:00
867f0c4784f36732024bc696739e400d,63a390d34a3ef3d0237df6b64d0d9b9a,delivered,2018-07-13 17:37:24,2018-07-14 17:30:15,2018-07-19 15:01:00,2018-07-27 17:32:13,2018-08-07 00:00:00
18972fa50ade81fa4f43586d2a26992f,4103444b93e4b7ed7adaf935ae18302b,delivered,2017-12-03 10:50:53,2017-12-03 11:13:22,2017-12-05 02:41:59,2017-12-08 18:38:41,2017-12-27 00:00:00
17f124568e4923bc842f832fe7fa758a,fac5d37372ed33c445aaee31a0be462f,delivered,2018-02-03 08:45:45,2018-02-06 05:31:55,2018-02-06 21:41:43,2018-03-09 18:32:27,2018-03-14 00:00:00
fe550a071fd93fdf2ad73e26e878ea3d,2c2fada471b6383ccf74a3d333b26a4f,delivered,2017-10-31 12:21:22,2017-11-02 02:27:23,2017-11-07 00:37:27,2017-11-07 21:46:49,2017-11-21 00:00:00
d02b1845a40a0f3f58d0fbf2e04fb0d2,2830de8be97ce6732dfd4c307bc2f353,delivered,2017-11-11 23:02:16,2017-11-11 23:15:29,2017-11-14 20:12:03,2017-11-24 16:12:18,2017-11-27 00:00:00
fe64eabd5c2ee60296c45eba2835b9ef,9c92464b07b65abf271a90a21896bb92,delivered,2018-07-17 01:56:39,2018-07-17 02:10:07,2018-07-18 14:02:00,2018-07-26 13:28:53,2018-08-06 00:00:00
305c60efcc38cee62ca817de65418a13,61d3ef4b7ba001ec1b14d21c3699bba2,delivered,2018-04-27 22:33:40,2018-05-01 06:12:48,2018-05-02 10:19:00,2018-05-04 17:56:51,2018-05-11 00:00:00
9d37855b28af22217050bb2877da8d3e,8f2fca2a65ebb9180707648aed3f3e31,delivered,2018-06-16 21:46:42,2018-06-16 22:18:13,2018-06-19 10:27:00,2018-06-26 13:19:32,2018-07-20 00:00:00
29704af83588033bed1de27af569ab14,82ddc239252e7bd61f6e32e8315311cd,delivered,2018-05-20 22:35:48,2018-05-22 08:16:00,2018-05-23 15:11:00,2018-06-01 19:18:43,2018-05-29 00:00:00
a440318fc0b00f62bd45c052abf0837d,73b88cf201fda5ca2267c68e8f477a25,delivered,2018-07-31 18:30:33,2018-08-01 03:31:40,2018-08-01 18:01:00,2018-08-02 18:24:56,2018-08-03 00:00:00
e71de1319c64de74f70d18d1459d270d,2186cc784d9f14d554281e29f7a66362,delivered,2018-06-02 22:29:52,2018-06-02 22:51:08,2018-06-08 13:40:00,2018-06-14 01:08:33,2018-07-24 00:00:00
cb190fe473562c1202d36076a6769f87,650adb1f88debf292e06b74891d32e22,delivered,2017-12-03 02:01:18,2017-12-05 15:58:27,2017-12-12 21:34:33,2017-12-23 13:23:20,2018-01-02 00:00:00
f01ca5a374b654889d516741b4a39dcf,bab736fca197c16d48f8720536c8024d,delivered,2017-11-24 01:38:28,2017-11-24 01:50:43,2017-11-25 12:28:53,2017-12-05 22:12:47,2017-12-14 00:00:00
762ddaca284fa16755af5aeef88e55f6,fbbd3e227d94fedc7c8c51a381bb8e54,delivered,2018-07-31 23:31:44,2018-08-02 05:30:58,2018-08-02 15:05:00,2018-08-11 07:28:31,2018-08-29 00:00:00
a0f9d2f4fe6a25a06ee6888f635ba456,786d0ce7bc428e40238051866052f87f,delivered,2017-07-22 10:57:18,2017-07-22 11:10:13,2017-07-24 17:19:46,2017-07-27 18:32:44,2017-08-15 00:00:00
fed8de9095f81f4e708bfef1ea529424,dfeb499afeccbe255d81f5900fb20879,delivered,2017-05-03 20:29:17,2017-05-03 20:42:26,2017-05-04 09:08:04,2017-05-12 13:51:49,2017-06-01 00:00:00
2356e9b211b952c07f32b7addb1250fa,e6c8f5799c9aed2e74ddffb90dfefa92,delivered,2017-10-30 13:28:30,2017-11-01 03:26:30,2017-11-03 20:51:41,2017-11-10 23:34:48,2017-11-27 00:00:00
a62edb6b5312cdc742089aa7c336718c,c2cccfa82f467cdc30aa4d6093522ae0,delivered,2018-07-02 18:35:06,2018-07-05 16:14:55,2018-07-05 12:42:00,2018-07-13 19:26:49,2018-08-07 00:00:00
67dd2e254ae2086f8356d17425d41e07,75d97d4f099a7005bc9b6daa258052b7,delivered,2017-04-26 12:29:35,2017-04-26 13:10:26,2017-04-27 08:56:48,2017-05-05 14:13:45,2017-05-15 00:00:00
cc7b37be243e081241f0929776e0ff3e,759e55aef569d8052456f43b65cb9bda,delivered,2018-02-08 23:47:44,2018-02-09 00:07:48,2018-02-15 22:34:04,2018-02-25 11:16:44,2018-03-02 00:00:00
b9f65a22c4594715663d2ad060df1b6c,b5bd3cedb6b90b5a177eab3116ff4336,delivered,2018-07-19 18:32:50,2018-07-19 18:43:10,2018-07-20 11:44:00,2018-07-30 19:19:32,2018-08-17 00:00:00
61fa8d2ee24cc80feecf24ec94c68e8f,3aa2c129bd23bcce61a0683c4460860b,delivered,2017-04-24 14:05:45,2017-04-26 09:36:19,2017-05-09 10:26:22,2017-05-15 07:59:38,2017-05-26 00:00:00
9378b5fa3133e86bb44a365e66c24b03,5993719f0ba88317472998a2f277f4e6,delivered,2017-10-03 10:53:53,2017-10-04 10:56:28,2017-10-06 11:35:09,2017-10-30 17:39:06,2017-10-30 00:00:00
cda0a53768d83bf2269db3cee554cb99,bc1e1a14cb213374020b2be96ecaa39c,delivered,2018-05-18 10:42:13,2018-05-18 12:31:40,2018-05-24 13:45:00,2018-06-05 20:24:38,2018-06-04 00:00:00
63ed672e6186f743116b93ccbf6d48d0,3da11f84df61744175f32bd601e4e198,delivered,2017-10-10 00:45:51,2017-10-11 07:36:09,2017-10-16 18:20:18,2017-10-25 21:41:42,2017-11-03 00:00:00
d1fcbf740c2191cdbe2378522690d12e,6308a249dbdf1eff1cd3c4a91d619f7b,delivered,2018-06-26 11:20:44,2018-06-26 11:35:54,2018-07-06 11:18:00,2018-07-24 18:18:27,2018-07-27 00:00:00
e8b64378ad79a0463f32ec53ecc00881,a598cec1f7490dc47a42850cd5aac87c,delivered,2017-09-17 22:05:13,2017-09-17 23:07:05,2017-09-19 13:42:21,2017-09-28 19:05:55,2017-10-03 00:00:00
fe994a77b800557e79c0e416391064c2,275085bc05e9616f77919c8ec50adb30,delivered,2017-12-21 14:26:30,2017-12-21 14:37:27,2018-01-03 10:08:10,2018-01-04 17:39:20,2018-01-10 00:00:00
1d76e49bc59982b4110f8c084c0741f1,8a5564ca05a2ba9e0b7c6378dad7c6d6,delivered,2018-04-11 13:49:15,2018-04-11 14:10:44,2018-04-12 19:51:15,2018-04-19 19:34:25,2018-05-08 00:00:00
3331a10d51b25b5beb65f0ff899ebd52,06bc346b52e0f4d7a18d99d63070bae8,delivered,2017-11-24 12:41:28,2017-11-24 14:53:45,2017-11-24 21:24:32,2017-12-06 23:47:46,2017-12-18 00:00:00
8d71917758ea476a2b1014f34c1f9005,4a2f0cf8a7e1153d38caf2106258cc5c,delivered,2018-07-31 20:34:58,2018-07-31 21:04:24,2018-08-01 13:31:00,2018-08-06 14:51:42,2018-08-15 00:00:00
ffda7f88e6a571a9e73a0c9c778e606d,1ac4870458ef0396d390ffbf31cabd7a,delivered,2017-12-16 00:35:54,2017-12-18 01:31:47,2017-12-18 22:04:40,2017-12-28 18:56:47,2018-01-11 00:00:00
60058a96e9d74aba1c66b86edbd0535e,4db17e1523f559bb079fece8257b5c2a,delivered,2017-11-12 23:21:37,2017-11-13 23:31:12,2017-11-14 20:17:44,2017-12-03 16:05:38,2017-12-07 00:00:00
6bf87f333bb4c71abe25df3afa79b3dd,7ce8328be37a31141dc350427d967caa,delivered,2017-12-19 09:50:23,2017-12-20 11:57:29,2017-12-21 17:37:19,2018-01-04 22:45:15,2018-01-22 00:00:00
d7883101fd4d6a5b0dd411c2ec79d5ed,202751ac38938e0f517c43d3f0f83458,delivered,2018-06-19 10:11:16,2018-06-19 10:37:24,2018-06-19 14:46:00,2018-06-29 00:16:28,2018-07-16 00:00:00
c762b7683314cc1cf880475f78aa3821,79c4c03824db69d2f61c1e8d8ec24443,delivered,2017-11-24 18:37:07,2017-11-24 21:38:39,2017-11-27 17:32:55,2017-12-07 00:59:03,2017-12-20 00:00:00
01e662008f03009eb9b97f9333fcd6b4,bd13ebe5d7f8f2923430da33ffcf40ec,delivered,2018-06-30 10:04:41,2018-06-30 10:15:12,2018-07-03 08:38:00,2018-07-14 13:56:47,2018-07-20 00:00:00
353d20a8de2289ef1fd13c03c2b5651c,7e4826fbe61ad57724ef4db7ed3205fe,delivered,2018-02-22 14:07:07,2018-02-22 14:30:47,2018-02-26 15:46:55,2018-03-03 10:28:34,2018-03-14 00:00:00
4cd9915def259f286fba7a886ed35cd5,7e24ee162f84c3f7150eff630eb46a48,delivered,2017-11-15 14:41:56,2017-11-16 14:47:43,2017-11-17 20:34:41,2017-11-23 20:54:37,2017-12-08 00:00:00
d251b81035d3fd507b708ce3c3cbb5d6,0d467715e924fa694838cd2fdf73658d,delivered,2017-07-18 17:32:51,2017-07-19 07:15:15,2017-07-19 17:37:55,2017-07-20 18:17:57,2017-07-31 00:00:00
4b2c2cdff73eb561336756aa38e286d3,fa689a2e5dd5f3a3745cf1158e586c18,delivered,2018-03-07 09:30:33,2018-03-07 09:49:06,2018-03-09 02:58:37,2018-03-22 22:43:04,2018-04-03 00:00:00
9cdf9fb8b53e82a2a63e2618f49dc28a,a3d1f8a6e8d708098fe416a1d62789e8,delivered,2018-03-02 07:45:13,2018-03-02 08:50:31,2018-03-02 18:05:56,2018-03-11 13:11:06,2018-04-03 00:00:00
b7944b4cf8652f861f981f38eaa1c8d1,c4ef60168a3671f95526b46f1d712774,delivered,2017-10-03 23:40:55,2017-10-03 23:56:14,2017-10-04 18:46:06,2017-10-13 20:24:58,2017-10-27 00:00:00
d3dbb7cf981cc1ab19fbe5e22afbfcf9,150bb6f1db03d143eaffd9a5e0f47008,delivered,2018-05-14 20:48:20,2018-05-14 21:18:33,2018-05-15 13:17:00,2018-05-16 18:37:02,2018-05-22 00:00:00
2d2d4e2aa4df8b00e751162c05be40e7,0c7c2c788608c5da62c9d1d0cfd7580e,delivered,2017-11-08 14:05:31,2017-11-08 14:15:41,2017-11-08 21:18:46,2017-11-13 22:07:58,2017-11-29 00:00:00
7eb822b8c02d5ca36317ccbc83e3fe89,065b42c4a97bf2c81e0e673786b9db32,delivered,2018-07-17 13:51:15,2018-07-17 14:05:14,2018-07-19 14:21:00,2018-07-25 00:12:57,2018-08-06 00:00:00
9f1e6ff8c7baef38bcdfa9b804b4c552,001f150aebb5d897f2059b0460c38449,delivered,2018-05-09 12:06:04,2018-05-09 12:31:06,2018-05-10 14:28:00,2018-05-17 17:14:22,2018-05-28 00:00:00
4018300cd8f4f33f0791e63dd085a089,1fc0f7cbe519bb5ed956596274e0c4a8,delivered,2018-04-23 21:24:09,2018-04-24 18:42:56,2018-04-27 13:10:00,2018-05-08 18:08:35,2018-05-18 00:00:00
15389fc860a5a2db39fd86b758b8e9ba,5374193558b2bf756bd14a31b5659964,delivered,2018-07-20 13:30:02,2018-07-20 14:05:17,2018-07-23 10:18:00,2018-07-27 19:08:33,2018-08-16 00:00:00
abba74619f268802c3e98234e1d2deac,b3fc16d081f666c06b424c822c7a0457,delivered,2018-04-02 22:54:33,2018-04-02 23:10:16,2018-04-04 13:42:46,2018-04-05 23:20:36,2018-04-13 00:00:00
edcc020b94ba865d7254269e6cdca99b,01a56495d1c8bcf831311f5ad7f126a1,delivered,2018-01-28 23:04:59,2018-01-28 23:18:27,2018-01-30 18:08:45,2018-02-02 00:55:36,2018-02-14 00:00:00
d32f7844e64842d07dba6964b3494ada,9dcd0c06f64e138b42092ed82ffa8380,delivered,2018-07-19 06:58:59,2018-07-19 07:10:15,2018-07-20 14:14:00,2018-07-25 14:45:38,2018-07-27 00:00:00
a0dddffb69e48d83c22789bd03521a53,a633882e100f00c541853de8e44c29dc,delivered,2017-10-08 12:02:16,2017-10-08 12:14:21,2017-10-09 18:55:51,2017-10-14 01:37:49,2017-10-31 00:00:00
20a518e7fbb9f9dd62b7ff6016f28d10,924cfd87cd6e193de6f0f8ea64d3c78c,delivered,2017-09-02 08:30:14,2017-09-05 04:15:30,2017-09-06 13:17:03,2017-09-12 18:12:55,2017-09-25 00:00:00
083556b25c9ff2ecef87ad43b8d265cc,e8b7dff5642ed564e100b9a0bff241bc,delivered,2018-05-31 02:31:42,2018-05-31 02:55:28,2018-06-05 14:06:00,2018-06-13 00:28:43,2018-06-26 00:00:00
9c78e72b5160190f45195d6ecf7875dc,699e9912d1a73f5886be955cdadc3b83,delivered,2018-08-08 17:09:38,2018-08-08 17:25:11,2018-08-24 13:40:00,2018-08-29 18:41:58,2018-08-23 00:00:00
36c5f3a78f376336e24d70aa62f73c7b,dbabafe68580d82f1cf47fa008a8e0ba,delivered,2017-06-13 20:02:30,2017-06-13 20:15:14,2017-06-21 18:17:50,2017-07-04 15:02:57,2017-07-10 00:00:00
6113788590e7bcc9aa5b824b6ddad202,5753cf5ad40af12e11acc0f17362a3c1,delivered,2018-01-20 16:15:38,2018-01-20 16:40:17,2018-01-24 19:28:41,2018-02-14 21:57:14,2018-03-01 00:00:00
bcff2428bc8dfd4dc25021c9b39ac885,aac1849c00fda650e1a2bf4a80e3c64e,delivered,2018-04-27 22:45:06,2018-04-27 22:55:14,2018-04-30 09:22:00,2018-05-03 20:35:41,2018-05-11 00:00:00
59471e5f3a931a6b88ced311417896b4,29930c7777c92ade51cb983da38b64b7,delivered,2018-02-19 22:54:38,2018-02-20 00:06:48,2018-02-22 00:58:57,2018-03-15 23:33:21,2018-03-19 00:00:00
c42d511bb52d7f195c92a0c973109976,b3cab9a0086123e90c68f748662d9fbc,delivered,2017-12-20 10:22:19,2017-12-22 02:38:49,2017-12-26 20:18:56,2018-01-10 21:08:09,2018-01-19 00:00:00
fbaf27e77414fafd620939df6eeb37f0,26c135a79b1c5728d80a4336b2a8d85a,delivered,2018-07-12 22:57:39,2018-07-13 22:55:18,2018-07-18 12:40:00,2018-07-23 18:21:44,2018-08-09 00:00:00
e28fb6cbf050a8cde2b9af4ae94f3241,88bff74a663c907ffa8fba47dc1cdf28,unavailable,2017-07-11 15:34:36,2017-07-11 15:45:19,,,2017-07-31 00:00:00
35a85be2e5f884a5672a0971158df8c3,121e027db9f262edc989af13e0bbda74,delivered,2017-09-08 15:35:41,2017-09-08 15:50:17,2017-09-11 16:35:20,2017-09-12 13:19:00,2017-09-20 00:00:00
ca7af64c0e6b1a6fc563832581a7c544,895edce5f11d005be5c28f6efe45d984,delivered,2017-12-16 22:16:03,2017-12-16 22:32:29,2017-12-18 21:22:50,2017-12-26 22:04:16,2018-01-23 00:00:00
162c0e804b1b9563dd2c3b244e97c2db,c2d9dfaf21c7f698da9c54316a12d12a,delivered,2017-05-23 17:33:55,2017-05-25 03:02:44,2017-05-30 11:54:41,2017-06-05 14:15:46,2017-06-23 00:00:00
4966300fb3d0c9e8dba1bd5a62945df0,907a616e207e060168ce482e16d3d241,delivered,2017-06-28 19:31:07,2017-06-30 02:45:30,2017-06-30 15:13:28,2017-07-06 07:53:39,2017-07-19 00:00:00
85d42749c9d00c658c40e73f8e4d667b,5a243113bcf3f3cfd3708809dd8ee311,delivered,2018-03-02 11:07:48,2018-03-02 11:15:42,2018-03-06 22:06:35,2018-03-19 15:18:59,2018-03-14 00:00:00
3927ccce3a002f3ee410b40acac817b4,5d24073c1bf0ec4d86e3462f754bcdbe,delivered,2018-06-11 05:23:24,2018-06-13 02:18:50,2018-06-15 15:07:00,2018-06-18 15:17:22,2018-06-21 00:00:00
955e98990e1c4029c87982539f3bfe93,2c056583727ec4c68cabb1bea72a9b27,delivered,2017-06-01 14:36:16,2017-06-02 14:42:51,2017-06-09 11:13:32,2017-06-10 07:49:36,2017-06-14 00:00:00
b637257e6e8de7e07b45462b712407a2,0f839c22264d2e9fb3d4b6a650daf524,delivered,2017-11-25 00:55:25,2017-11-28 03:21:41,2017-11-29 20:41:42,2017-12-19 18:38:45,2017-12-20 00:00:00
d587d9ba27c8eab0ace515d0b3476d67,da36582732f819652091bb58e1238e7f,delivered,2018-05-13 11:05:23,2018-05-13 11:15:11,2018-05-14 14:35:00,2018-05-16 15:15:29,2018-05-28 00:00:00
42d15019c60a46495bef1e6d0e9b7ae8,04d53bddbbc6c607957ee304fbbf2a20,delivered,2017-09-21 16:10:00,2017-09-22 05:34:31,2017-09-22 18:35:17,2017-10-17 19:56:15,2017-10-25 00:00:00
b942bb8edd1c815cd011efcf4e05024e,e54e386e978265c8085bec7d77233d83,delivered,2017-02-02 11:23:17,2017-02-04 02:15:32,2017-02-07 08:55:41,2017-02-08 16:18:02,2017-02-27 00:00:00
cc2e6cf82767599713d657cd5cf8b300,fb5a37c5751065b31f48a501d47eb1bc,delivered,2017-09-12 00:31:07,2017-09-12 00:44:04,2017-09-14 21:44:30,2017-09-26 19:23:30,2017-10-20 00:00:00
511e4be65df785861758c6beaebf9221,4fb7ad5aa7a21ac65aae3f9d33e263b6,delivered,2017-08-18 17:12:07,2017-08-19 17:15:17,2017-08-22 19:18:04,2017-08-24 18:27:39,2017-08-31 00:00:00
a5eedc7322bdedc26f0ae3106bb1d91e,bd15b60f0d3fee42ad0541be7c3086ad,delivered,2018-01-29 08:23:40,2018-01-29 08:39:52,2018-01-30 17:36:51,2018-02-04 12:32:52,2018-02-21 00:00:00
fd9cab205c6b8e485793804e2fdab6fc,5015b446c93382510a9e662ef293c54e,delivered,2018-03-26 10:11:45,2018-03-26 10:27:21,2018-03-27 01:14:34,2018-04-09 21:58:50,2018-04-12 00:00:00
a9d12173450be22cabf7f56bfebc2565,ce40914475f12c24e87e57bca904be45,delivered,2017-09-18 00:18:29,2017-09-19 20:55:09,2017-09-21 15:52:48,2017-09-22 15:32:05,2017-09-29 00:00:00
f6ef0c6575034b2fe19ec54a07aa3633,0667de33efbc52c6313bb98eae210182,delivered,2017-10-30 12:00:40,2017-10-30 12:15:18,2017-11-01 15:41:46,2017-11-10 23:27:59,2017-11-22 00:00:00
b4c11d342cf73a7e8bddf87f046751c4,60dcc6a84668c20c82cfa6a7ebfb3331,delivered,2017-10-03 08:26:06,2017-10-04 03:03:53,2017-10-04 15:53:04,2017-10-20 00:18:34,2017-10-25 00:00:00
7fd3cf60e6c81a64f2adc0e09d2dfdac,cf47b091281173221ad0467851d5f02a,delivered,2017-02-09 10:05:12,2017-02-09 10:15:19,2017-02-09 15:12:41,2017-02-13 09:47:38,2017-03-10 00:00:00
c1c21cae98ee61e65524445ce418f9d9,a05bf873cd5ed57ee6e368f2c9b8b2a7,delivered,2018-05-10 20:21:34,2018-05-10 20:35:20,2018-05-19 07:53:00,2018-06-08 19:36:54,2018-06-04 00:00:00
f33055eae7eb03e8cc24bd135afe80f1,d134fb2706c33e5677f2f9995014dae4,delivered,2017-12-08 10:23:31,2017-12-08 10:33:36,2017-12-09 13:18:59,2017-12-16 01:19:37,2018-01-05 00:00:00
18dc026cdb7d39abde1489c336528961,84da83b05464fcc3d5b4e16cbc2f724e,delivered,2018-06-29 09:55:42,2018-06-30 02:52:28,2018-07-03 15:18:00,2018-07-12 18:59:38,2018-08-02 00:00:00
59e620de44dd8540fc9e5c40d5e4ff71,9178cabd7df6d4cb5a328a79f0106814,delivered,2017-08-21 16:46:51,2017-08-21 17:06:22,2017-08-22 19:38:46,2017-08-31 20:24:22,2017-09-19 00:00:00
d6a6ab6b5f102f746569eb2c620e8be6,afa7ea93b6c193ba748e3c5a8c4a47aa,delivered,2018-02-15 19:12:14,2018-02-15 19:30:33,2018-02-17 01:33:30,2018-03-26 17:08:42,2018-03-08 00:00:00
3ab974ac744bd19a111d5e19f0a90649,b0763465f38496accca2bc069ce6ef4d,delivered,2017-10-04 08:17:30,2017-10-04 08:28:25,2017-10-06 15:48:14,2017-10-17 17:22:34,2017-11-07 00:00:00
a521e134bbecc7830c49d1c582630bd9,62390fcc09fa729d6cabebb462059cd6,delivered,2018-04-17 11:00:35,2018-04-19 02:35:12,2018-04-19 17:16:29,2018-04-20 18:02:09,2018-05-02 00:00:00
e271f030943591ad904d1c1ffdfe2a1f,db78f6bbd64027a4147d3f8e050c1dc7,delivered,2018-01-16 15:12:37,2018-01-16 15:31:17,2018-01-17 20:27:10,2018-01-23 23:07:05,2018-02-07 00:00:00
186e57039f508947e4bdc91cf933b1bf,8a4877a821475465e14616e1bdcfdfe7,delivered,2017-10-16 22:19:11,2017-10-16 22:36:43,2017-10-18 22:21:54,2017-10-26 18:57:22,2017-11-13 00:00:00
6912d1d57c7485dabdb724880c18671e,71c9eb6d4ab7aa0f41ddc13c81ca0b02,delivered,2017-11-14 11:44:27,2017-11-14 11:55:23,2017-11-17 17:32:54,2017-11-18 16:15:38,2017-11-28 00:00:00
73628c6d02ed8f6134d9752cd7b83c2a,062e59339246c68be51348578038f24e,unavailable,2018-02-14 11:05:31,2018-02-14 11:15:25,,,2018-03-13 00:00:00
65a8188ac159451144d490db3a0909c9,db263d191d50a3d0cd4d10864b963d37,delivered,2018-02-27 14:01:42,2018-02-27 14:15:37,2018-03-06 19:58:36,2018-04-11 16:02:54,2018-04-12 00:00:00
c7542fde3bde68f0e33ef8e8674a86f4,b07c3929ae65f2ea90a36681f8a16c5e,delivered,2017-02-27 09:17:19,2017-02-27 09:25:17,2017-03-01 10:55:28,2017-03-03 11:54:03,2017-03-24 00:00:00
d8bf59eb5386f2c3d82cfa4ced3c6183,ecdb04ab71b746dfc341eba4f70fe64f,delivered,2017-08-14 11:09:27,2017-08-14 13:31:44,2017-08-16 18:09:36,2017-08-22 16:45:00,2017-09-01 00:00:00
0a4480a7856cae897440eb7229b25252,9b9a9d852b98e8d9cad5a35caedb2ad1,delivered,2018-07-29 11:04:17,2018-07-29 11:40:06,2018-07-30 13:11:00,2018-08-01 14:18:40,2018-08-07 00:00:00
c34a43c027fa7de5cb6c02735ada2ffd,3b05fca1080c0c66f1aaa13dfbbc82ea,delivered,2018-02-03 14:20:05,2018-02-03 14:30:27,2018-02-06 00:24:43,2018-02-15 23:07:42,2018-03-01 00:00:00
e25807c302f12f78b5475f30d0367561,8a1de9db994adf4e7cf5976b56f45d6c,delivered,2017-06-12 11:21:37,2017-06-13 05:05:14,2017-06-13 15:26:44,2017-06-26 18:21:51,2017-07-05 00:00:00
fa086b521df2d133df67f2883eadad21,9caa332e9ac57ca2890311da96f7aa2a,delivered,2017-05-03 22:47:52,2017-05-03 23:02:44,2017-05-15 07:35:54,2017-05-26 09:46:29,2017-05-24 00:00:00
a71c265fe6df02962e2af3df997db3f7,6d23ead2840b2bcaa51e07c0e7b900cc,delivered,2017-06-26 07:02:41,2017-06-26 10:32:34,2017-06-29 05:37:34,2017-07-10 13:17:45,2017-07-18 00:00:00
8eb6cb6eb895e7fd9824cb6a22c2a14c,56218014cbd9f15824fda8c44533a4e7,delivered,2017-05-31 22:00:11,2017-05-31 22:10:23,2017-06-01 16:53:54,2017-06-07 13:14:40,2017-06-23 00:00:00
3d9abdc4ac32816e70bf662530c5c652,e363728cfe8db433859c05ae2ca518f4,delivered,2017-06-18 11:16:12,2017-06-18 11:25:19,2017-06-19 16:42:20,2017-06-26 11:06:50,2017-07-07 00:00:00
2228de938a229c135ae3bd0bf71a128c,55ee15dd218c486567a23a1418983f90,delivered,2018-04-13 09:43:24,2018-04-14 02:13:45,2018-04-19 22:45:48,2018-04-27 23:25:35,2018-05-14 00:00:00
ffb6d09223ffb2220329254f3f706059,52948975a1c8e2ec193e83fba7d4d091,delivered,2018-04-22 20:32:00,2018-04-24 18:57:21,2018-04-24 19:18:41,2018-04-27 20:48:52,2018-05-14 00:00:00
d33982acfe99b8e0b0383c2ce8ae19bf,6ef09d39e91a32898a1904257ed64b96,delivered,2017-07-01 12:02:13,2017-07-01 12:15:13,2017-07-04 12:22:07,2017-07-08 12:16:49,2017-07-14 00:00:00
d62c659d70b5d48e0533f60fc47d6791,e7556bb00ab4ae30b6cab3df2f2172b6,delivered,2018-05-13 22:18:52,2018-05-15 04:52:39,2018-05-15 13:01:00,2018-05-22 19:24:45,2018-05-30 00:00:00
ad4e4232930ccc325c9ff5017caf7486,102c48b599ff7da4b63280347fb40de4,delivered,2017-07-04 14:43:58,2017-07-04 14:55:18,2017-07-06 14:08:03,2017-07-10 18:32:07,2017-07-25 00:00:00
3aa9ae345c5bf7396e8b237717c470cf,d14ec9b10324e4132ee110e8012e7dde,delivered,2017-01-17 22:34:59,2017-01-17 22:45:15,2017-01-26 08:08:31,2017-02-01 16:48:47,2017-02-23 00:00:00
95606e8113c2e8087c09cffe458fbf82,ac3d7f758530a079398af1d277f48d22,delivered,2017-05-16 10:15:30,2017-05-16 10:25:16,2017-05-17 09:32:15,2017-05-25 14:33:13,2017-06-08 00:00:00
3a1ce8f7e9dfdcc0446a9f29f1457f52,06bb4664cc9f34e9b19b75cefeefbc73,delivered,2018-08-12 17:46:39,2018-08-12 17:55:15,2018-08-15 13:54:00,2018-08-20 22:56:38,2018-08-31 00:00:00
c15a3ce7617aeffb3bfed1f6340d66e7,c3251a68f1a4b3225f7f861a5693fa49,delivered,2018-04-08 19:09:35,2018-04-08 19:30:11,2018-04-11 22:12:21,2018-04-14 13:53:21,2018-04-24 00:00:00
177f9e393eed9cbf21f8dee4e2d5903f,8189dee099d3a2b72eb21271c86bb794,delivered,2017-11-05 18:39:09,2017-11-05 18:51:15,2017-11-07 14:13:52,2017-11-15 17:28:41,2017-11-29 00:00:00
590fcec4757400bd9242620948a437b7,e5496e9232052f1429e8c4f5cb0a51ed,delivered,2017-06-05 12:39:44,2017-06-05 13:42:24,2017-06-08 07:48:44,2017-06-19 13:29:29,2017-06-28 00:00:00
fc771479e2cf9914989d97b1bd35324c,ca8d468d12c89ef503a2878310ce588e,delivered,2017-11-01 11:28:19,2017-11-03 12:15:27,2017-11-04 13:17:49,2017-11-09 17:58:03,2017-11-24 00:00:00
5e88a98f84fa08ba20d93f2f900eb73d,36610b67ad500c5ae72b6becd19703fe,delivered,2018-01-24 10:21:58,2018-01-25 02:57:25,2018-01-30 16:42:29,2018-02-06 21:12:07,2018-02-21 00:00:00
6eb436e1a42af6f8b731fc54576181a5,5a96ef8103ed640c565b1cb9c2ac290d,delivered,2018-02-16 14:20:39,2018-02-16 14:35:24,2018-02-21 18:28:53,2018-03-05 20:28:35,2018-03-08 00:00:00
5e2c1da37a5a687a068bce41d8b56904,9c0d915161e62f50f04235c9fafce51b,delivered,2017-08-11 20:03:54,2017-08-11 20:23:28,2017-08-17 16:03:46,2017-08-22 18:54:05,2017-08-31 00:00:00
2ee2631a54a882833dda5690c0889eb1,d7f5421c5c892e0d3458b51958d7b286,delivered,2017-03-26 19:09:37,2017-03-26 19:22:41,2017-03-27 12:29:40,2017-03-29 13:27:33,2017-04-13 00:00:00
d79983d40a8d093d5e2a1b7cdc2d1741,97c8388c8979c4a2c4916a0f840a512f,delivered,2017-11-24 22:17:39,2017-11-25 01:14:15,2017-12-01 22:47:54,2017-12-08 15:21:56,2017-12-14 00:00:00
b5d8d7cbeb2f9b41a2dfb63388c7488a,75eca282d67536cc800486bdd225b0d6,delivered,2017-09-09 15:51:53,2017-09-12 04:45:41,2017-09-14 13:57:50,2017-09-15 11:26:31,2017-09-25 00:00:00
40bdd1ba5a9602677ba0603dfb0a659a,84a22b3c70a45448e31515cd1b42a88e,delivered,2017-10-10 11:10:25,2017-10-11 16:49:23,2017-10-18 16:20:06,2017-10-19 16:51:52,2017-10-23 00:00:00
be46fc2896fdd32b6e696f7fe8fe8482,2bed03fb5ad65fde6b94560ae5713c0d,delivered,2017-02-02 20:01:48,2017-02-02 20:10:20,2017-02-03 14:17:47,2017-02-17 08:08:43,2017-03-13 00:00:00
38930f76efb00b138f4d632e4d557341,0f9043c635f86f7eb1e8fc07704df303,delivered,2018-01-28 13:47:42,2018-01-28 14:00:18,2018-02-02 01:42:30,2018-02-08 19:21:39,2018-04-27 00:00:00
7fd341d7df58f6cdce68f57bddbc6286,0ece718a05ddb979db9231239c99bb8a,delivered,2017-06-29 10:17:01,2017-06-29 10:30:13,2017-06-29 14:54:36,2017-07-07 17:02:41,2017-07-19 00:00:00
793313d521603b9c7030e6bc60f6c692,363f600ee23c788a5ede814c34bb97c0,delivered,2018-04-01 18:19:53,2018-04-03 05:28:00,2018-04-03 19:41:25,2018-04-09 11:19:49,2018-04-18 00:00:00
e3fcb3845afed436e7e07959cd3f0fdd,9bf500f87a631229e8da6df0d7bfab90,delivered,2017-12-13 12:46:45,2017-12-15 02:16:14,2017-12-15 22:58:44,2017-12-16 14:20:43,2018-01-02 00:00:00
bff9bf477ce043ff4e51e929fece6d55,584a431c7de9d7fece6d188794b6fb9e,delivered,2017-08-24 09:43:06,2017-08-24 09:55:19,2017-08-24 21:23:51,2017-08-28 21:09:58,2017-09-18 00:00:00
09357f9fdde223052006f3bae0367a29,bb61dd665fdad27f2cd99dbc0d3f34f0,delivered,2018-04-28 20:03:25,2018-04-28 20:15:18,2018-05-02 15:15:00,2018-05-24 13:12:41,2018-06-04 00:00:00
268611f7d2f0106b616e88e532e05a2b,f564999c9ed6db59430410f9472c8bba,delivered,2017-11-24 03:30:42,2017-11-25 07:50:30,2017-11-27 15:58:13,2017-12-09 15:42:43,2017-12-14 00:00:00
11c6249a453b91a302ef9dc1946f737d,04fb6473ae3a533427a4d828d6f7ce7c,delivered,2018-07-05 01:41:59,2018-07-05 16:23:09,2018-07-11 14:48:00,2018-07-12 22:15:43,2018-07-20 00:00:00
4493ce8729200aed0eca9d3ae8bcc57c,fdb7c8642c7871242f295fde2b25bad6,unavailable,2017-02-02 10:43:43,2017-02-02 10:50:18,,,2017-03-13 00:00:00
d192eacb35dd2f0aa30709fe7560ee4a,e5867bb6374f11c018bea8a8d1246c6d,delivered,2017-10-15 21:01:13,2017-10-15 21:14:17,2017-10-17 21:59:05,2017-10-31 18:16:01,2017-11-13 00:00:00
4cea4082bde3d6f0846e8a5537f3eeb4,8b70e14114ad1b6f5050481b48c24a24,delivered,2017-12-10 16:03:23,2017-12-10 16:13:19,2017-12-11 21:18:12,2017-12-13 16:47:05,2017-12-28 00:00:00
3cb894b9d2fb0fa0ba040e556b246c07,a06524fca9b83c46872086690bd3ba2b,delivered,2017-08-23 09:27:23,2017-08-24 03:05:42,2017-08-24 13:47:05,2017-08-30 18:48:35,2017-09-19 00:00:00
4aaa7913ae2e01354746761242815566,802868e9b5a5edaaa3abd1f4c28f749c,delivered,2017-08-20 21:13:00,2017-08-22 03:45:27,2017-08-22 18:34:10,2017-08-28 22:54:56,2017-09-20 00:00:00
51725d3e4bdfc97e28b40543310da8a3,a0f95ab56c6d3a5ba0036b7fdfeda07f,delivered,2016-10-04 15:02:53,2016-10-05 17:06:51,2016-10-09 17:06:52,2016-10-26 13:21:41,2016-11-28 00:00:00
0b1bb6f28394acad8dac5b3f4e2a28c0,303d2eb8b98b4a19a0de6baa132923af,delivered,2018-01-22 19:57:24,2018-01-23 18:16:23,2018-01-24 23:32:08,2018-01-29 14:08:58,2018-02-23 00:00:00
27d9557d8fa3dbdc0c64911fe231fdb7,681a1b18b795db24cb60bdd5c03d31b3,delivered,2017-07-29 13:14:01,2017-07-29 13:30:09,2017-08-01 20:19:45,2017-08-17 16:40:28,2017-09-01 00:00:00
7b21dc72af6d0de45bdd249a637710a1,8f1471ec4f4620be6659239dc9b8a47c,delivered,2018-01-26 16:34:04,2018-01-30 04:31:07,2018-01-30 21:37:01,2018-02-05 12:45:07,2018-02-20 00:00:00
ff31038b08d729b14c0f7e206f0c85bc,5c002bfbccc8e37bf8ae4cc6ee679f45,delivered,2018-02-06 22:12:27,2018-02-06 22:31:30,2018-02-08 19:47:43,2018-02-16 17:29:14,2018-03-07 00:00:00
18bf6d7136b7e8ac817dc22f36ecbbd5,d48c522e3a65a2639c2b3a0fc9b83712,delivered,2017-11-29 14:07:51,2017-11-30 02:25:10,2017-12-01 19:44:53,2017-12-27 23:43:21,2017-12-26 00:00:00
047ea1a58aad923c2c108eafa2c28192,55ff194b4d155d1922986019aedb8933,delivered,2018-07-01 09:19:30,2018-07-05 16:05:43,2018-07-03 13:34:00,2018-07-11 21:32:28,2018-08-01 00:00:00
472a3f46db7801d68e2bee1628b82828,ee3b567adf63ca8540edb0337fa8bd09,delivered,2017-04-28 23:28:41,2017-04-28 23:42:44,2017-05-02 17:26:40,2017-05-10 09:32:28,2017-05-26 00:00:00
9feac9aefe68aad21858f5edd41855bd,1e895c76e8cd693bb39fa6731f209448,delivered,2017-10-16 18:01:46,2017-10-16 18:24:06,2017-10-17 16:37:50,2017-11-01 19:03:03,2017-11-13 00:00:00
4aa035e4e8e12fb1a3b3127f1c561760,a85426566231cdc8739aa30a0aa5e031,delivered,2018-05-15 09:10:07,2018-05-15 09:33:12,2018-05-16 10:54:00,2018-05-17 22:08:23,2018-05-24 00:00:00
12abcbedee4975eb8cb4b9c4a16a6945,30111de81b1f414a07834aae8edbe9ba,delivered,2018-06-18 19:19:12,2018-06-20 02:55:47,2018-06-21 15:34:00,2018-06-26 17:39:27,2018-07-05 00:00:00
3ae4d97402b1cec4506cad07762d0adc,7f8cc24b152f186008151ece0e99e383,delivered,2017-04-17 10:06:38,2017-04-17 10:22:22,2017-04-18 14:48:18,2017-05-02 14:40:30,2017-05-10 00:00:00
90beece9d18a64f4d24e2959e971f769,a271f6a10b6ebc42ab2188c78701f003,delivered,2018-03-28 19:20:51,2018-03-28 20:10:14,2018-04-04 00:51:33,2018-04-05 18:48:25,2018-04-10 00:00:00
298787a86f7ed145b210dfa7262fca2f,31123765b50eb700025d04ff6a1b679a,canceled,2018-08-02 22:10:59,2018-08-02 22:24:17,,,2018-08-09 00:00:00
2eb884a2a91fe36d4c1690353ecd3410,0d35d5bf5b18995db8965a31a4be2eb5,delivered,2018-03-10 22:27:17,2018-03-10 22:40:28,2018-03-14 01:28:27,2018-03-22 21:16:53,2018-03-28 00:00:00
8306cf8a11247ad0a271068a168cd83d,af8757a29c12ab772d74d8343b2f9a61,delivered,2017-08-19 09:32:11,2017-08-19 09:45:16,2017-08-21 21:38:00,2017-08-25 20:13:40,2017-09-13 00:00:00
6e8c8d566d0f92d9ac1a6e72bba1a34d,43fbcd5a0e91b9f51bcce526d5ddebcb,delivered,2018-03-13 15:44:03,2018-03-13 15:55:35,2018-03-14 16:53:37,2018-04-17 20:58:34,2018-04-03 00:00:00
e6c4a6f6dd627304bc8f832080958a32,96abe7b6c735a2b8b72765a7e1ecd3e2,delivered,2018-07-30 18:33:10,2018-07-30 19:40:14,2018-07-31 14:39:00,2018-08-01 19:04:34,2018-08-06 00:00:00
b9d7ab4768e51e8cef0b77f21a40b444,c36a306029ef03135f04026834b062a6,delivered,2017-09-05 13:24:48,2017-09-05 13:38:07,2017-09-12 17:26:49,2017-09-18 23:07:52,2017-09-25 00:00:00
4436546aaa7d7c56c61aa5ee6785eec9,16359095b72f56e8541b1206ebc4c9ab,delivered,2018-08-23 21:19:11,2018-08-24 11:25:21,2018-08-27 15:25:00,2018-08-29 21:37:38,2018-08-30 00:00:00
b8019c53315df4d7a2a1c5afd52c5004,f07397fe0ae1a83da708b57e4816b802,delivered,2018-03-22 19:28:42,2018-03-22 19:48:15,2018-03-26 21:12:55,2018-04-09 11:58:47,2018-04-16 00:00:00
97e33be649ebb8e65e5fc6f9f897b162,2942713660d5341795cc4db8bb5c3339,delivered,2018-03-26 22:04:06,2018-03-26 22:15:22,2018-03-28 22:59:58,2018-04-06 18:40:41,2018-04-16 00:00:00
1f470d4ca1db400febaf5a2e7c364e04,25a82dc55f53b854594a544734dd9910,delivered,2018-03-01 13:27:02,2018-03-03 03:00:21,2018-03-09 03:22:31,2018-03-28 18:56:49,2018-03-22 00:00:00
cbe4899758da52362c07db6f9b3f9f33,41c584ea27753451d9bf606771103289,delivered,2018-01-26 14:53:43,2018-01-26 15:15:02,2018-01-29 20:17:09,2018-02-01 00:41:12,2018-02-09 00:00:00
a7c10c89aba6e6e8168c8e1566385f08,d4d134ba96f6848a5ba0452cc98b4039,delivered,2017-09-10 15:40:13,2017-09-12 04:30:54,2017-09-13 10:24:50,2017-09-19 20:47:34,2017-09-27 00:00:00
f82a3c6e1e4ad29964e50eb40ba50ea8,8e921bf23e862c652097101085894db6,delivered,2017-07-11 21:19:06,2017-07-13 02:55:38,2017-07-13 17:07:44,2017-07-22 17:37:33,2017-08-03 00:00:00
e006d85a5a918d5695190c08c923eadb,96af6b71842e0e34a30ae085cc2d47fa,delivered,2018-03-06 14:15:52,2018-03-06 14:35:47,2018-03-08 12:08:24,2018-03-29 17:34:44,2018-03-27 00:00:00
1f99a2d6f950889eb7d7a61f4d97c70c,5a587c6077dc556338b6180760ef8d21,delivered,2017-06-16 18:29:19,2017-06-16 18:45:14,2017-06-21 09:17:38,2017-06-27 15:56:37,2017-07-10 00:00:00
990b06bbc34b4cc33f5bfa108dcbe239,dca2c10a2302950e89f87db1afd7adeb,delivered,2017-11-23 23:00:08,2017-11-23 23:08:30,2017-11-24 21:38:41,2017-11-30 21:32:34,2017-12-13 00:00:00
36cad69053608ab058c6d470d4be06a1,f7471a53a0c6b77889d13862ef714426,delivered,2018-03-15 12:49:58,2018-03-15 13:10:54,2018-03-19 18:28:28,2018-03-27 11:02:51,2018-04-03 00:00:00
22473977c12e562a85b3713c75e36120,7abc6cfbe8ecbdf83cd1618518cb7cd9,delivered,2018-06-15 16:58:28,2018-06-19 04:16:47,2018-06-19 14:03:00,2018-07-05 18:33:24,2018-07-13 00:00:00
4ea0ef9a772da79c6afd8ebc69ee008c,c9f577d8ec59067f0f32cb099f14ae63,delivered,2017-03-11 15:24:51,2017-03-11 15:24:51,2017-03-15 07:27:34,2017-03-25 10:48:02,2017-04-10 00:00:00
7eee54ba457fae7999f42b79f623fd66,7c93c17ccc4a9e08b5f287dcdf38e9c6,delivered,2018-05-01 11:02:48,2018-05-01 11:36:05,2018-05-17 15:34:00,2018-06-03 15:59:38,2018-05-18 00:00:00
afc0f1669d9ecf0661e3f32efbd2aa5e,e90c7c2a0170c97fee91e5e52c53631e,delivered,2017-03-10 16:13:30,2017-03-10 16:13:30,2017-03-16 14:47:19,2017-03-23 10:27:44,2017-04-04 00:00:00
e713dc6c1f73c883bc8e42bff335eb8e,a9ccc267c0e5c32d1c1fd493dfd99fbe,delivered,2018-02-10 20:40:34,2018-02-16 07:55:52,2018-02-19 16:51:35,2018-03-02 22:12:36,2018-03-08 00:00:00
c21d1e70c15865d3e15e6e42c9c80b2d,40796823dbf5a2b08bf58b6d1e72900d,delivered,2017-10-13 13:20:09,2017-10-13 13:35:15,2017-10-19 18:57:00,2017-11-09 13:38:02,2017-11-08 00:00:00
26da4fbffcbe7dcaf4e1857417920b43,1739c1a969076599835a1d86b968ed5e,delivered,2017-09-20 09:11:25,2017-09-20 09:25:24,2017-09-20 19:33:05,2017-09-25 16:26:10,2017-10-09 00:00:00
acf6090782590f9b51160416c47f4259,17497fd62d5b93c7d1b720271f313439,shipped,2017-03-18 20:16:13,2017-03-18 20:16:13,2017-03-24 08:27:53,,2017-04-10 00:00:00
8a3ed0cb80d59a07e9eae72442eeea63,3b72a3c38225ee4c2eea454e29a0a94b,delivered,2018-04-16 13:43:21,2018-04-16 14:15:24,2018-04-16 23:54:30,2018-04-26 17:18:35,2018-05-15 00:00:00
499798fd04e5748ac54b4456d1b7995c,1df603a36119050f00614b6f35a2461f,delivered,2018-06-11 21:34:11,2018-06-11 21:59:57,2018-06-13 13:55:00,2018-06-18 17:28:31,2018-06-29 00:00:00
f67cefa0214443fdfce3845b36545bb8,9169bbea0eeeabf67d6734d4883d672c,delivered,2018-05-07 17:32:13,2018-05-08 03:52:29,2018-05-08 14:04:00,2018-05-18 23:03:22,2018-05-23 00:00:00
6c12fb27d4bdb7ed78460a2248e1fea8,103874f64ec80d1fd24bcf2217118317,delivered,2018-08-06 22:21:16,2018-08-07 22:15:23,2018-08-10 10:42:00,2018-08-17 01:28:43,2018-08-27 00:00:00
6d7335413b5b9b123f6d4f6be3aaa69e,89d28a697e06293780823541368c0025,delivered,2018-08-10 16:24:47,2018-08-10 16:35:08,2018-08-13 15:47:00,2018-08-22 14:25:46,2018-09-17 00:00:00
ab7a8658101e73890405c44226932c35,6d6ebb07f1f3b14fd55086a51d049be8,delivered,2017-09-04 16:06:49,2017-09-05 21:15:22,2017-09-06 14:59:09,2017-09-22 16:25:56,2017-10-03 00:00:00
9bb59416dfd657888a4df2ec6fbc3b17,deeac34ca5cf90b9a09d1c978d705463,delivered,2018-06-20 08:55:31,2018-06-20 09:20:25,2018-06-20 12:41:00,2018-06-28 22:03:54,2018-07-17 00:00:00
fcaf5f5131e3480217cfa4c664cc8875,f7210514ea326661dffd19ab5b631bbf,delivered,2017-09-03 11:48:26,2017-09-03 12:04:03,2017-09-04 19:42:17,2017-09-14 19:43:00,2017-09-22 00:00:00
ce8394168b0c05b03e738537fbb29d2a,7cb4fbda0378687f6fa05e0aae50f1f7,delivered,2017-11-29 15:07:32,2017-12-01 11:32:12,2017-12-05 09:05:05,2017-12-22 19:08:50,2017-12-27 00:00:00
afc2b80ab67a5a0cf0d36422cd6409eb,e877086197825ee3f2e924ed5218b9fe,delivered,2018-04-27 14:11:50,2018-04-27 14:32:03,2018-06-01 12:53:00,2018-06-07 14:37:42,2018-05-28 00:00:00
c679d7c1b3724f6bafd104526934a932,8b39f67a1a2670341656024a1b0a5d55,delivered,2018-08-06 20:48:01,2018-08-06 21:05:09,2018-08-10 13:11:00,2018-08-13 15:28:45,2018-08-09 00:00:00
efe5bb701ff507ffa4736a7c07be50d2,243a74d750e4a5b7cc57b953746cdfd0,delivered,2017-03-22 12:27:15,2017-03-22 12:27:15,2017-03-23 09:32:27,2017-04-07 18:52:42,2017-04-24 00:00:00
2e4ac9141035afac9390d77c93177a95,4d8995c3014a79fbf087f3cf6ee93704,delivered,2017-11-24 15:41:25,2017-11-24 18:51:43,2017-12-13 21:35:17,2018-01-13 02:22:19,2017-12-19 00:00:00
4458b3efa2a267c37c8851684ce7309a,8aa69d775fd94aba699deaa55209416d,delivered,2017-12-02 12:57:29,2017-12-02 13:09:56,2017-12-05 14:47:00,2017-12-19 20:32:30,2018-01-02 00:00:00
54f79e394bb60e8e7d5d56756d4722b1,5547962397f3a6e2d13ff5cd1feb1bdf,delivered,2017-09-20 10:28:32,2017-09-21 02:50:38,2017-09-22 17:54:04,2017-09-25 21:22:30,2017-10-06 00:00:00
f9f682974316f9f27b860858f43ea423,689d323ef4f74f6d38fee780addf162f,delivered,2017-08-23 17:04:30,2017-08-25 02:55:43,2017-08-28 19:02:46,2017-09-01 12:17:59,2017-09-13 00:00:00
7250e10eca3d7f71a091ac5752d3228f,4b8ddc64bbb358f9251fa9e8ec035899,delivered,2017-03-12 08:14:00,2017-03-12 08:14:00,2017-03-13 13:33:29,2017-03-27 13:58:34,2017-04-11 00:00:00
6e3181674ddb155137ee862e5529b1e6,793864a3cd1eb721512d8f27a0cbb109,delivered,2018-01-07 11:24:59,2018-01-07 11:35:48,2018-01-10 22:27:16,2018-01-27 00:04:06,2018-02-19 00:00:00
30633a14243612a15ee813ff2d6814d2,400454b87af26cd25c67f15a9e9657cd,delivered,2017-11-03 15:10:40,2017-11-04 06:46:38,2017-11-06 19:35:37,2017-11-07 22:09:29,2017-11-16 00:00:00
d885635e019669c17658a0f898cf7dd6,5476109112a6909ea3fcce7c37cb2e37,delivered,2017-11-16 23:39:03,2017-11-16 23:50:44,2017-11-17 14:32:13,2017-11-20 22:22:59,2017-11-29 00:00:00
1727e1c8b1ccb4c78510a8524bf1be08,7daeebe540c6e8bd905db7ddf5cdea6b,delivered,2017-04-04 16:58:10,2017-04-05 02:45:14,2017-04-05 10:00:43,2017-04-10 15:55:50,2017-05-02 00:00:00
be3a6032ad2e0e262351e84d3db872da,e8dbb8c4ac4d9dc11271aa0e3b63b531,delivered,2018-07-11 00:47:24,2018-07-13 02:43:57,2018-07-13 10:02:00,2018-07-25 00:18:26,2018-07-27 00:00:00
ca1968d3ea31ff0c66ba20923250e0f3,5d7eb1b74d1bcff2f4c2525e549d44a3,delivered,2017-06-19 00:06:07,2017-06-19 00:15:23,2017-06-19 20:21:19,2017-06-23 12:21:17,2017-07-11 00:00:00
7a12712273a3da7417b25f9108162305,23a68c52fc7ef8de7c0b7a3a431bca21,delivered,2018-08-06 21:32:42,2018-08-06 23:45:18,2018-08-08 15:01:00,2018-08-14 20:34:32,2018-08-16 00:00:00
67b161a02da45b7148b386cd8e8a668f,7a7c03568e29f4605e807a6d5344e72f,delivered,2017-12-19 18:33:38,2017-12-19 19:34:20,2017-12-20 17:55:56,2018-01-17 18:21:40,2018-01-16 00:00:00
bc08ece5b2bd05996f24170097997d00,4a7d1bb0610d8bf2660e1571f2f10027,delivered,2017-06-19 20:20:49,2017-06-19 20:30:21,2017-06-22 15:28:30,2017-06-29 16:37:42,2017-07-11 00:00:00
6296cd93e0540917385ff96f03f3ad92,e3b7e1d95c0fc141ba579fe399e81e58,delivered,2018-01-30 14:33:57,2018-01-31 13:31:59,2018-02-01 14:41:30,2018-02-14 14:07:41,2018-03-05 00:00:00
bf6a6c5b984cbfee461b78fafe9f1756,842ef6046022a1d598171ceba0f88b84,delivered,2018-08-06 16:20:28,2018-08-07 06:05:33,2018-08-08 15:11:00,2018-08-14 15:22:27,2018-08-22 00:00:00
de2eacc3fdfabed44d32cf8607801800,a39bc5dd8de8c59a1ccc255d91cadfdb,delivered,2018-04-21 11:45:30,2018-04-24 19:06:07,2018-04-25 16:27:00,2018-05-02 20:39:31,2018-05-21 00:00:00
adc1786f217f05f2ce9f08234ad1acbe,111eff7a75b8309e3cfb2ec731e13466,delivered,2017-04-12 20:12:42,2017-04-13 20:22:02,2017-04-19 11:47:38,2017-04-27 16:22:22,2017-05-04 00:00:00
78cd965d0bc0388d390404eee6490c5b,4092172510982221e3ebc76e03409bc2,delivered,2017-02-22 21:56:03,2017-02-22 22:10:07,2017-03-01 10:05:23,2017-03-10 11:14:47,2017-03-28 00:00:00
74b2e16139e22b24f192835a3eaf109b,19c1f172f84e691499a36354dbe96944,delivered,2017-05-29 09:22:32,2017-05-29 09:30:18,2017-05-29 14:54:53,2017-06-09 12:46:42,2017-06-29 00:00:00
4282e2353bd8baa7836ea3395663404b,dcd8a1ea8b120773a6ebe2e92964fc22,delivered,2017-03-28 22:00:59,2017-03-28 22:15:21,2017-03-29 10:07:31,2017-03-31 12:53:34,2017-04-17 00:00:00
e03aeb40ff9fb4a40808ce50831ad850,559bc538342fd6704d9ebd496d9d6852,delivered,2017-12-23 11:43:52,2017-12-23 11:54:33,2017-12-27 19:10:37,2017-12-29 15:52:02,2018-03-12 00:00:00
fbd299c9b305701ce40810926aa2fc80,4e09d09cd090c8eae85ebae0d2961c4e,delivered,2018-03-25 14:10:37,2018-03-25 14:27:46,2018-03-29 21:33:28,2018-04-09 23:06:40,2018-04-06 00:00:00
62443c2da9793d002ab03c769ccfcc2a,ca8476b916b46b0b89296c94868541ce,delivered,2017-05-20 14:44:05,2017-05-21 14:55:08,2017-05-23 09:22:33,2017-06-08 09:41:16,2017-06-29 00:00:00
31daefda0897759a2dee9729dd9e057e,f968b0bf97f533e582ecd3c84a266ba5,delivered,2018-05-15 12:41:15,2018-05-15 12:55:23,2018-05-16 14:10:00,2018-06-08 20:58:46,2018-06-14 00:00:00
4160b6447ad70e6d73f7221dd970bbe9,c03dfaf5db49d8583edbb5627f92058d,delivered,2018-08-15 14:50:52,2018-08-16 14:46:20,2018-08-24 15:29:00,2018-08-30 03:41:31,2018-08-31 00:00:00
6ebdc6ce8dc5a2d9b4c6ed890718e65c,338145efe333458c4d699306d6860ace,delivered,2018-08-03 16:56:33,2018-08-03 17:10:20,2018-08-06 14:38:00,2018-08-16 16:38:42,2018-08-24 00:00:00
92334fdb7655bac1a99685a2a4c09d25,ca3287cb9c0f12ead0bba50eecfd5c2e,delivered,2017-07-10 23:17:32,2017-07-10 23:25:08,2017-07-13 12:14:40,2017-07-19 21:56:39,2017-08-01 00:00:00
ccfcb4cab5f8381fa4b683ffad7dedd7,57f6b7f37038497a0bb971ca6c7caf22,delivered,2018-04-24 11:16:55,2018-04-25 03:30:50,2018-04-25 18:58:00,2018-05-07 17:28:01,2018-05-15 00:00:00
16f4331c56f6c5c76a5ea85c7919f087,5cb69cead54697f91723508c7d071f4c,delivered,2018-06-26 21:08:33,2018-06-26 21:27:05,2018-06-27 08:50:00,2018-07-10 19:41:28,2018-08-03 00:00:00
782bc6a39d1541304f6111016c820437,9426c0356c4a1e260aa701770196f3ce,delivered,2017-07-27 11:07:49,2017-07-28 11:10:15,2017-07-31 19:07:11,2017-08-12 14:13:52,2017-08-22 00:00:00
076ff98c0f285dcbbf7a2d5ad9146322,14e56bc25680b431575ab69186e8303b,delivered,2018-03-27 19:42:13,2018-03-27 19:50:22,2018-03-29 19:08:59,2018-04-07 13:07:44,2018-04-13 00:00:00
d6d06ebdeab0297fe7460931b29b4422,dafb5d1c281d4cf50c5383b6d9ed0ab6,delivered,2017-01-29 18:25:19,2017-01-29 19:31:15,2017-01-30 14:39:23,2017-02-07 16:48:08,2017-03-15 00:00:00
08f09d9ef3e4f3cdfa18431097f40682,6c35c047c1722366ee705c6e73847f80,delivered,2017-09-08 05:17:36,2017-09-09 04:45:46,2017-09-13 22:12:20,2017-09-20 16:57:40,2017-09-26 00:00:00
cc58d2040605eaadced18735aef5bbb0,03dc0682e10e026f51cc524d590fc5e2,delivered,2017-08-07 03:57:41,2017-08-07 04:05:22,2017-08-10 14:43:13,2017-08-24 22:49:43,2017-09-04 00:00:00
f842c66d3b3f79089d321c772eddb50a,8aed06f4d390a477d19b1c263fb77fab,delivered,2018-03-25 15:54:40,2018-03-25 16:10:27,2018-03-28 18:29:04,2018-04-06 23:06:44,2018-05-18 00:00:00
ab010289ce552581dd007c7276d4e276,35cf1d9948d4dedcf1be0461d72a35e7,delivered,2018-05-21 14:39:32,2018-05-21 15:59:09,2018-05-22 14:53:00,2018-06-07 17:23:57,2018-06-14 00:00:00
d9c5d64c3fa1b1abf251ddf4cb2683ee,e8cada88df871b1ff0f51fcbd2a724ca,delivered,2017-12-02 17:28:34,2017-12-05 04:14:00,2017-12-11 19:35:57,2017-12-14 21:12:48,2017-12-29 00:00:00
32f67799858ce0d7f43a0e5fe9dd72d8,67c2579c6b665e1231d2baab7b274597,delivered,2018-02-08 14:27:01,2018-02-09 10:11:22,2018-02-15 18:00:17,2018-03-02 16:41:46,2018-03-09 00:00:00
32fea6db74ff9bb6c713d23f7328bfd3,4296db81df225793d5229d71e003ae39,delivered,2018-02-15 20:40:56,2018-02-15 20:50:29,2018-02-21 18:27:11,2018-03-14 17:57:41,2018-03-15 00:00:00
569845b2e86bae348e1de3d79305e647,567ca91995c65fed11b14d9aad86d1b2,delivered,2018-05-18 14:43:27,2018-05-18 14:57:39,2018-05-21 10:16:00,2018-05-23 19:48:19,2018-06-07 00:00:00
9803d53681d599da06e759c5935f89e6,d43e2e7c5f8e31be75ee558015546c93,delivered,2017-08-14 09:28:45,2017-08-14 09:45:07,2017-08-16 15:50:08,2017-08-25 15:54:12,2017-09-06 00:00:00
ae1a4a7e9405651217877f3182d83bc0,1c197b9b9b82cb10c2c64adde64df523,delivered,2018-01-17 10:23:32,2018-01-17 10:33:24,2018-01-18 18:51:47,2018-01-22 20:49:36,2018-02-01 00:00:00
3ce26aacf28386c1f8913ea395e47c97,8d8468e5ed9827f1c6c9f022f44da130,delivered,2017-12-03 14:11:09,2017-12-05 09:55:16,2017-12-06 13:53:07,2017-12-20 19:29:22,2017-12-27 00:00:00
119a3c5bf983f0498c0c21c1aca734e0,e81e3c4a1ce58b000f69c2166bffc095,delivered,2017-07-27 08:44:16,2017-07-27 10:05:28,2017-07-28 17:47:59,2017-08-07 19:14:33,2017-08-18 00:00:00
b8eaf5e9d1583c47190523695464e441,4e8bb8f13005870b22580dc642063eec,delivered,2018-07-13 10:56:30,2018-07-13 11:10:19,2018-07-16 14:51:00,2018-07-24 16:32:31,2018-08-06 00:00:00
68a193c5ade3226e202ea60680255fe3,6e303063ecd7e907ca5bd3788d737dbc,delivered,2018-04-19 13:51:50,2018-04-19 14:12:52,2018-04-23 10:26:46,2018-04-30 22:51:46,2018-05-21 00:00:00
76540589be9113578df9de836cf6dbf9,f7eb5aa8d9142df5a28850fde4b68306,delivered,2018-01-18 19:56:05,2018-01-18 20:14:15,2018-01-19 17:48:38,2018-01-30 21:23:05,2018-02-16 00:00:00
33d425553bc88c255ddeb68ab933167e,3c46a6771b9833c7571cd2498f548f95,delivered,2018-03-05 12:47:02,2018-03-06 03:55:39,2018-03-07 18:04:26,2018-03-28 13:57:02,2018-03-26 00:00:00
14411076011e5f39931cf4fcae79af6c,ba796e3142fdd4d6d4ed3b32b4838adb,delivered,2018-04-09 09:45:09,2018-04-09 09:55:24,2018-04-09 19:11:54,2018-04-19 20:03:27,2018-04-25 00:00:00
6f02349a62890e93e06438f97d2e9e2b,0f9170976e463fef5abd0b7635de6ac8,delivered,2017-06-01 16:03:36,2017-06-02 04:23:10,2017-06-06 14:21:11,2017-06-07 15:57:28,2017-06-14 00:00:00
7994bcffb9f5d5a702c9fc4f08cca8a9,c8f53bd76eb27e03f19ddf4681646c29,delivered,2017-06-12 09:46:56,2017-06-12 09:55:21,2017-06-12 13:48:26,2017-06-14 09:06:02,2017-06-26 00:00:00
ec668d5f9d1521a83fc82fadfd157f36,450aead36b73adafd410a19fc1ac6cc5,delivered,2017-06-03 18:37:40,2017-06-06 13:10:20,2017-06-07 11:23:36,2017-06-14 14:44:50,2017-06-26 00:00:00
4d2711a0db9f671c10f8ce62aeb438bb,1dfc184018e7629962a4a1ddcda18be4,delivered,2018-08-21 18:19:10,2018-08-21 18:32:26,2018-08-22 12:53:00,2018-08-27 14:38:48,2018-09-21 00:00:00
d441b72d920571f8ac2d3c847eee6e47,4574799ec02305ad487c70b99ee872de,delivered,2018-06-06 21:47:33,2018-06-06 21:55:22,2018-06-08 14:13:00,2018-06-12 17:52:12,2018-07-16 00:00:00
796822390eec4235fc68e9c98b8641dd,4bf7d34e26bdfdbb59f2036daacea28c,delivered,2017-09-27 23:37:59,2017-09-27 23:56:11,2017-09-29 17:11:39,2017-10-19 00:19:53,2017-10-25 00:00:00
43b54e069a51acaaf7d8b494ad04b96d,34c368aeb9890269ccfa630bbeca50a4,delivered,2018-07-08 20:38:41,2018-07-08 20:50:16,2018-07-12 15:06:00,2018-07-23 15:15:09,2018-08-03 00:00:00
61907d45fa46a27c04a0061d10b5c816,ee28f5a857ac4429fa2e0459543327db,delivered,2017-03-20 09:28:05,2017-03-20 09:28:05,2017-03-21 09:46:19,2017-03-27 14:15:06,2017-04-25 00:00:00
87b476f53da12dbaf8b42ba931985c93,5c5fb32dd62cbd3045dd087a81ce10a9,delivered,2018-03-06 07:03:30,2018-03-06 07:15:30,2018-03-07 20:42:21,2018-03-26 19:46:44,2018-03-22 00:00:00
a68f4aa15871ac7fdaf524f48d7908dc,4db6fef62cf0670961f040779f1e1f09,delivered,2018-03-09 15:57:52,2018-03-10 04:08:38,2018-03-12 17:26:40,2018-04-10 20:24:31,2018-04-03 00:00:00
1dfeb15ca880ba3d63e0cf3a69041c94,3a95f031143940302929b44c219bb121,delivered,2017-12-06 09:42:53,2017-12-06 09:54:46,2017-12-11 14:17:07,2017-12-20 16:08:00,2018-01-04 00:00:00
9c023f649696f2561725807e212a584d,73af397c0a94225a2124ed7262c53180,delivered,2018-03-01 09:11:59,2018-03-02 09:09:58,2018-03-27 23:18:52,2018-04-10 19:24:41,2018-03-28 00:00:00
7c952ad04bbf75547b59e530fa2a30d3,5d4e8d00919712f3be00db60466306ef,delivered,2018-02-26 22:45:04,2018-02-26 22:55:46,2018-02-27 18:06:51,2018-03-13 18:12:15,2018-03-26 00:00:00
b287d35d6e864f28c166376e6c02c9a1,3d7caed6f08d019453b05ac48e8df08c,delivered,2018-01-15 17:24:43,2018-01-15 17:36:24,2018-01-19 19:22:55,2018-02-05 21:28:38,2018-02-05 00:00:00
f7a6299376c602638dba07921850c6b8,2b96518cb643c44f4d15da3c37d178df,delivered,2018-05-14 13:29:52,2018-05-14 13:56:40,2018-05-14 16:16:00,2018-05-15 20:57:36,2018-05-22 00:00:00
c1f9d94c449d29a907aaf5963c2fc4f1,f4b8696f625adaeef763cc9cd712c921,delivered,2018-05-08 16:59:38,2018-05-08 17:33:28,2018-05-10 16:17:00,2018-05-21 22:06:31,2018-06-05 00:00:00
4a22d7fffa310ede6345ad13229d1e97,c28c82d8881af0d5ae02cefda43eb1a2,delivered,2017-12-26 19:03:35,2017-12-26 19:15:32,2017-12-27 16:33:26,2017-12-29 19:42:11,2018-01-19 00:00:00
70b3137c66efb2783c73b76b78215401,b38f618992aaf66a48b289e2624199cb,delivered,2018-05-13 18:19:47,2018-05-13 18:32:25,2018-05-15 06:25:00,2018-05-18 17:42:42,2018-06-04 00:00:00
9735a2f9279006018ed254377240bf4c,cda77e1d58299ba7c036175a201d4d8b,delivered,2018-01-14 20:01:54,2018-01-16 03:36:27,2018-01-17 23:45:08,2018-01-25 00:28:15,2018-02-20 00:00:00
3055272ae721b2f3c8107ca6ce29160e,950dd2650d1748f4b42edb506811323e,delivered,2018-06-02 19:11:13,2018-06-02 19:31:33,2018-06-04 16:02:00,2018-06-05 21:39:33,2018-06-28 00:00:00
ac51a8c8ea39e6dfa53f10bdc73d531d,6ff9c87680f0e8fbd38b2123af66138e,delivered,2018-04-02 07:19:11,2018-04-03 07:15:17,2018-04-03 18:28:34,2018-04-17 18:19:38,2018-04-30 00:00:00
490f71078caf4a0fdb7145f535995085,f3b35651c56555457ff68eb124bb7936,delivered,2017-11-26 11:58:24,2017-11-28 03:42:53,2017-11-29 01:48:55,2017-12-26 15:42:07,2017-12-19 00:00:00
088a21dbb29d74a07738fb93a96b507a,fd04c6764e22cc8daca7064ed73fdf6c,delivered,2017-11-16 13:40:01,2017-11-17 03:35:46,2017-11-17 16:21:29,2017-11-30 03:28:24,2017-12-11 00:00:00
37e543508b869d9d46e5cb9eedc85cdb,6f50ce51a965d48c6d1af65989af0e14,delivered,2018-07-18 17:35:49,2018-07-18 18:03:11,2018-07-19 14:54:00,2018-07-24 17:37:31,2018-08-13 00:00:00
b630fa3144c2dd867a25b3166b01fc5c,548e5f0886c8aed86a8493f9dd8382ec,delivered,2017-09-26 13:29:35,2017-09-28 03:04:52,2017-10-02 13:44:31,2017-10-10 20:38:03,2017-10-23 00:00:00
88035ca02bd4e9d72e42ea814776b510,a2bd1413bc48dd1afbe03245a28c8a69,delivered,2017-11-24 11:43:23,2017-11-26 11:54:49,2017-11-28 15:12:56,2017-12-15 17:22:36,2017-12-19 00:00:00
60d98124c3228470422ecadff6550e3c,98a1a1e41310f70974831b79bf01e4e6,delivered,2017-12-31 21:10:02,2017-12-31 21:26:47,2018-01-02 15:08:20,2018-01-05 18:51:54,2018-01-18 00:00:00
93f571da6f10487d3dd56d59982d7b72,e7419bcdeae93cfb65d26ffb14c255d9,delivered,2018-03-17 12:59:47,2018-03-17 13:15:20,2018-03-20 16:14:29,2018-03-27 00:04:20,2018-04-05 00:00:00
6b6ce8cba846c77f4ce5f752e1401c54,071ceec1efc0edc2d11c7401d4a1dfc4,delivered,2018-03-18 13:50:06,2018-03-18 14:08:51,2018-03-20 00:56:46,2018-03-27 00:48:40,2018-04-05 00:00:00
3349d5fc8a511315de279fcce11049f6,261b803faffa79451a72e2e7967a4a1b,delivered,2018-05-12 16:00:38,2018-05-14 08:15:15,2018-05-16 12:04:00,2018-06-08 02:18:46,2018-06-21 00:00:00
4aa1a55da45bb1b3b091aba5f4e37783,63888b10b5f5967d55158748f46981d3,delivered,2018-08-18 18:37:46,2018-08-18 19:09:33,2018-08-20 13:35:00,2018-08-27 18:55:40,2018-09-04 00:00:00
6c766a1a2f228cc57a2aab47f7fb58a7,c281c97a113be88b241292afec154ace,delivered,2017-07-20 15:17:56,2017-07-21 02:50:13,2017-07-27 22:17:47,2017-08-08 20:23:36,2017-08-18 00:00:00
eed7032833c20585a8c215c9e45e6362,80184ddbff3497c53fabf8a67aecb993,delivered,2017-09-22 20:34:04,2017-09-22 20:45:41,2017-09-27 19:21:41,2017-10-01 16:58:48,2017-10-17 00:00:00
c3790de0460b30fb8acee5f277496b61,6d198b228f250337a9abb9444a40714f,delivered,2017-11-20 15:52:19,2017-11-20 16:06:44,2017-11-23 20:42:46,2017-11-27 18:28:14,2017-12-01 00:00:00
54020a69fb0d5742c110ce591ff4c120,9fbff61ec5b6f5b4baa4dedcabcc06af,delivered,2018-02-19 15:03:02,2018-02-19 16:07:56,2018-02-21 21:19:44,2018-03-13 16:57:36,2018-03-16 00:00:00
cadea13175cc1434c96265941592ab7b,b3301e4721a36c475b37c249808c8717,delivered,2018-02-07 00:07:21,2018-02-07 00:30:36,2018-02-07 23:04:34,2018-02-19 19:51:30,2018-03-06 00:00:00
139d95a2a4ad16a49a4fc3ac7f195172,da0d9aab073844504d8f54d9a193132b,delivered,2017-05-14 15:03:54,2017-05-14 15:15:15,2017-05-16 11:52:17,2017-05-26 10:22:30,2017-06-19 00:00:00
611793bc968aac5d1a9c623d1ab8aea6,2e80749aac70cb5de36c424c2113ce32,delivered,2018-07-29 11:56:52,2018-07-29 12:10:17,2018-08-01 08:38:00,2018-08-06 20:56:47,2018-08-10 00:00:00
7bd8ba9173b2711c20c903a39e9507dd,205e9e9ccff41ffe4716b95195c3ef06,delivered,2018-02-28 17:00:02,2018-02-28 17:15:35,2018-03-01 18:48:47,2018-03-09 16:04:22,2018-03-29 00:00:00
0756f4ba0fd88d3e50c7ae0d66edfb4c,38816f87277c9326c66590c7a1202fdc,delivered,2018-03-02 11:52:35,2018-03-02 12:10:33,2018-03-06 15:58:54,2018-03-30 00:48:19,2018-03-23 00:00:00
7e03b475d9c49d593486fafbeb210526,ce2c46b5ceded33b24f7fa64a1fe138f,delivered,2017-11-27 17:50:22,2017-11-27 18:00:40,2017-12-01 21:30:06,2017-12-15 15:25:32,2017-12-19 00:00:00
4130baec40bb0cf5872d8c322e6383d5,b74e4b5a94ada60313382c04f7f97ab5,delivered,2018-04-06 21:51:47,2018-04-06 22:09:29,2018-04-10 16:22:38,2018-04-12 02:17:40,2018-04-24 00:00:00
455899b7472d7821875298e00590ba15,682449c788b11d4c5ef647150e828bac,delivered,2018-07-31 11:56:51,2018-07-31 12:40:09,2018-08-03 13:08:00,2018-08-09 16:32:57,2018-08-15 00:00:00
6ff4ca5d20f7d9fef17e2904de45f102,0dd703ebe4e10f6bf62ce5db98e97fa2,delivered,2018-02-26 09:57:25,2018-02-26 10:16:01,2018-02-27 14:49:20,2018-03-02 17:43:28,2018-03-12 00:00:00
5c0f0295fe2930de5bec81e461a4bbb7,de83abd2248dfbc5b1f2dea395aa4ea6,delivered,2017-09-09 15:54:13,2017-09-09 16:05:13,2017-09-12 16:32:31,2017-09-20 12:42:54,2017-10-02 00:00:00
9be1be195202b44bbdfb04466c070e76,1c51a3ed484cc5b74ea67b98402bc18e,delivered,2018-05-11 14:34:01,2018-05-11 14:58:28,2018-05-15 09:10:00,2018-05-18 18:56:37,2018-05-29 00:00:00
521b078e216e7456ac9a31737c4e77b2,5c1dab0a2918e690895d83234f913fb1,delivered,2017-10-17 10:32:06,2017-10-18 02:58:54,2017-10-20 15:41:23,2017-10-27 18:32:46,2017-11-07 00:00:00
df36d28de846593cdbc153e28f195cd5,2f6d72365267ce6048d9bbc1a9bd977e,delivered,2018-04-19 20:53:13,2018-04-19 22:11:43,2018-04-23 22:48:32,2018-04-24 16:08:36,2018-05-08 00:00:00
05ce7829fca9c640cd884ba446956158,16098d97a1d12a6152a14e9d930beb8f,delivered,2018-01-04 12:03:56,2018-01-05 20:37:35,2018-01-08 15:49:08,2018-01-15 20:46:08,2018-01-31 00:00:00
7b9e7ccb0670a2b422f9cc382a87f86d,a4cb414bd1f91cefa16426dcd559af69,delivered,2018-05-11 01:59:58,2018-05-15 03:35:13,2018-05-17 14:43:00,2018-05-29 18:24:42,2018-06-01 00:00:00
2455cbeb73fd04b170ca2504662f95ce,5e312b0d9bf5c91599eb42120e633b19,delivered,2017-06-20 12:39:46,2017-06-22 02:25:20,2017-06-26 15:33:02,2017-06-30 12:41:24,2017-07-12 00:00:00
dedf47a44eef0b1ac6891db532542eef,d017c1498c905c03ce4ae87bb73bcb8c,delivered,2017-10-08 21:06:12,2017-10-08 21:24:47,2017-10-09 13:30:17,2017-10-13 23:45:58,2017-10-31 00:00:00
b306e43825024d6a7727ed3bb863b650,5e585800a1e9e903a5f8ce1e36d7e635,delivered,2017-06-01 19:34:09,2017-06-01 19:45:12,2017-06-02 15:42:30,2017-06-22 14:13:00,2017-06-26 00:00:00
2066d97e219a2639a073fa775cf5664b,adf182a74caa6f25d67f7d169ee0a2f4,delivered,2018-01-30 14:58:20,2018-01-31 14:55:40,2018-02-02 21:03:16,2018-02-14 20:07:55,2018-02-23 00:00:00
ead9ba9ae78cb9568101cda32b516dc3,5b00c9bec6116621a96c23e8345eeb1e,delivered,2017-12-17 17:30:11,2017-12-19 09:33:00,2017-12-20 16:33:46,2017-12-28 18:45:15,2018-01-11 00:00:00
0ce17a5e9ad81a5eb5a948080e9b4332,7f3751bed6fa577d36ce3a74179e992a,delivered,2018-01-11 22:23:46,2018-01-13 02:09:04,2018-01-22 18:49:02,2018-02-08 16:48:59,2018-02-20 00:00:00
c63848e969568be35bddd0e96f1c4285,e1bbe39a9589c1c64f1c685f9c85a1c5,delivered,2017-12-05 21:53:07,2017-12-07 03:11:49,2017-12-07 22:38:56,2017-12-12 19:32:38,2017-12-21 00:00:00
ab236b4e1403ed5ace5c91a4d05b81a8,38e2cc0bcec39df94b286833ad4daf13,delivered,2017-12-15 10:15:42,2017-12-17 11:14:15,2017-12-18 21:35:26,2017-12-27 11:19:10,2018-01-11 00:00:00
8f491cf3fabf128822544c78d73acfc3,fa2871e0cb672e2ea14de8838fbfc43d,delivered,2017-10-29 22:56:42,2017-10-29 23:10:16,2017-11-03 11:12:09,2017-11-11 15:48:45,2017-11-21 00:00:00
c07afe1eb3c803b21074cff6735d7c26,839f8b9d7d44081527d6f7ddc9465c6f,delivered,2017-10-02 22:52:10,2017-10-02 23:24:22,2017-10-03 21:23:01,2017-10-13 23:49:44,2017-11-03 00:00:00
4249f543194adf0c9da09119b88a8fb1,d55c1ef474adda522c82c7c543753051,delivered,2018-03-06 21:24:13,2018-03-07 22:08:34,2018-03-08 19:01:53,2018-04-19 17:12:06,2018-04-30 00:00:00
aa7c35fd606f4275e267e859c6a84d0f,8978d77f12a2fc5b1890c49b39dd288a,delivered,2017-05-23 15:55:34,2017-05-23 16:40:05,2017-05-24 07:49:07,2017-05-25 15:43:27,2017-06-05 00:00:00
1f46960aa3ffd141df0ca069e617b4a2,c52453821582b2e9295670149b2a77f7,delivered,2018-07-20 18:36:59,2018-07-25 23:31:43,2018-07-24 12:56:00,2018-07-26 00:16:44,2018-07-30 00:00:00
a1304e530c9b94c0ad55e2229b689318,63a1a915dae7eb2dead5b9481d8d775b,delivered,2018-08-09 14:28:54,2018-08-09 15:05:34,2018-08-10 13:58:00,2018-08-15 19:37:23,2018-08-23 00:00:00
b0631e643c8b1d98bfcade30d0e71e31,2a5050a15ba0fe3b15ce7e7add83e818,delivered,2018-05-14 21:50:14,2018-05-14 22:10:23,2018-05-16 15:30:00,2018-05-21 20:49:46,2018-05-30 00:00:00
c06ce911e890b4e3ca9b08b5d33334ce,4b7364595fb37841ba5515b7f7de3f79,delivered,2017-11-05 12:07:17,2017-11-05 12:26:19,2017-11-07 22:49:03,2017-11-14 18:13:58,2017-11-29 00:00:00
b413de6592c9ddd8ab07e542285d7a85,4e1694ed2263e1848c522f88f8a0d7dc,delivered,2018-07-28 14:52:12,2018-07-28 15:05:08,2018-07-30 13:51:00,2018-08-07 20:28:48,2018-08-21 00:00:00
595c28bec1ce2ed873ef32f4c6f2f624,04172bd08c3ce1f9546706d7c239d62e,delivered,2017-04-24 19:52:50,2017-04-24 20:02:37,2017-04-27 05:09:08,2017-05-03 15:20:12,2017-05-25 00:00:00
336b52cd186d8ef3e54daf969943e0da,8ebd2567cd4639db2381cfd2f4e5d3ce,delivered,2017-11-07 09:51:38,2017-11-08 07:10:28,2017-11-08 20:29:32,2017-11-21 21:03:28,2017-12-05 00:00:00
0c51cc0743219907058b0a266949d0a9,db374e4b74d15c33cc6685590db89d40,delivered,2017-06-21 14:59:31,2017-06-21 15:10:11,2017-06-27 16:37:53,2017-07-03 23:32:55,2017-07-13 00:00:00
4cfb3a2663fccb9b2a5428dafd8331f6,e5dc45000419ca258d65667325b488fa,delivered,2018-03-17 16:02:02,2018-03-17 16:10:29,2018-03-29 20:34:57,2018-03-31 19:28:43,2018-04-16 00:00:00
0933fe2645eef2cb8ca4aeadb9d3834b,6891fd02a52a84fd2be5c51502d8f22a,delivered,2018-06-21 13:25:57,2018-06-21 13:39:46,2018-06-22 14:11:00,2018-06-29 22:42:00,2018-07-16 00:00:00
966c914d71ae9d1b59d440bcfc72d5cc,80c74074b2a3c419ee813c0b31ef95c7,delivered,2018-08-01 12:17:18,2018-08-01 13:20:10,2018-08-03 14:03:00,2018-08-06 18:03:38,2018-08-08 00:00:00
6f334a2e1303fe798ae16f4c33269e82,d69688d427da267e3c2d564db094796a,delivered,2017-01-27 13:43:36,2017-01-27 14:31:23,2017-02-06 12:37:59,2017-02-12 12:21:54,2017-03-08 00:00:00
8cff096b874503d795af7dbb5ac758fc,5fcd63b7b0106d70a35ec9da16b5449d,delivered,2018-07-19 19:19:14,2018-07-19 19:30:14,2018-07-23 17:30:00,2018-07-30 21:04:12,2018-08-03 00:00:00
f91893f4878b3dff26b0ba33c4dd0bf2,48cda1a49b16e2ef2ee1b70081c10eb7,delivered,2018-02-27 15:59:11,2018-02-27 16:15:44,2018-03-05 22:42:42,2018-03-16 21:04:16,2018-03-29 00:00:00
9d35212c380ee3de4f561984fde8bc3f,52406ef85b379a256c661b5edcb78135,delivered,2017-11-06 21:39:07,2017-11-07 05:32:22,2017-11-07 17:03:27,2017-11-20 21:41:35,2017-11-30 00:00:00
61d492eeee5fa1a86cd52846bb08fc37,44d096000bce3c7d0edada50dbcda0d8,delivered,2017-06-13 10:41:43,2017-06-13 10:55:18,2017-06-13 11:34:49,2017-06-23 10:43:42,2017-07-17 00:00:00
e505d250be8a8291d1d8d96adf8c3539,7ed1f44bb8badb060d8c66394242ef45,delivered,2017-04-23 17:19:26,2017-04-25 07:55:16,2017-04-25 13:50:04,2017-05-09 08:56:27,2017-05-17 00:00:00
cf2025217f63100bdc2328402c3e2b1c,73bbcfcb50f0200bc6a83f902495c0c3,delivered,2017-03-14 23:01:01,2017-03-14 23:01:01,2017-03-20 05:31:50,2017-03-24 17:38:05,2017-04-04 00:00:00
1166f71d15f177ac5da5c3e5ecb906bd,a666c1fdb806db17b95c7fcc5d8d933d,delivered,2017-11-24 15:43:52,2017-11-24 19:13:32,2017-11-28 01:04:38,2017-11-28 21:11:33,2017-12-08 00:00:00
c41052b3d56ec6a841c5b54af9845a32,5e7cb3f540fe40a51100dabaf1a5cfb9,delivered,2017-09-06 12:37:51,2017-09-06 12:50:18,2017-09-06 20:00:05,2017-09-11 22:03:00,2017-09-25 00:00:00
65c681e03f100e0ef15a100838d6b357,d1e9170a646370074dda424098fe10eb,delivered,2018-03-12 19:05:49,2018-03-12 19:15:36,2018-03-13 20:08:46,2018-03-28 16:46:41,2018-05-07 00:00:00
ebb181b4dfa0aa047045c086da0802b7,b08ebed8c47766c87998c74fbd448785,delivered,2018-04-20 01:25:30,2018-04-24 17:52:57,2018-04-23 19:07:34,2018-04-27 03:34:41,2018-05-23 00:00:00
994b1fac50d384a99f0e0f1c2918f185,f592f54e3b79e2849752d2394bf9f0c0,delivered,2018-05-19 01:44:08,2018-05-22 09:36:09,2018-06-04 16:03:00,2018-06-05 21:23:06,2018-06-07 00:00:00
9f8594990f5778cbd90eefec74ecb41c,07516dbc8f5965451e2506f728581bdf,delivered,2018-03-06 13:54:24,2018-03-06 14:10:23,2018-03-07 20:41:45,2018-04-16 15:16:26,2018-03-23 00:00:00
ab2d43e519b125b08c725a685a9980bf,36eba0a0320ff0fef13c979667988140,delivered,2017-11-28 12:50:42,2017-11-30 02:26:57,2017-12-01 04:14:43,2017-12-08 19:15:30,2017-12-12 00:00:00
52d4e964678f749ad4f638a329d88954,ef3372b2f96090a8a022c2d0831ac351,delivered,2018-06-24 19:19:36,2018-06-24 19:36:19,2018-06-26 10:51:00,2018-06-29 22:12:08,2018-07-19 00:00:00
3e23de8d32d97af718ef5d441b322ec3,96da9f18e66524255a703a198fb0ead4,shipped,2017-07-26 11:50:50,2017-07-26 12:05:22,2017-07-31 16:47:42,,2017-08-21 00:00:00
e9e2effacedebc11741ec26027686fe9,eeb35afbdf6ec4f7409b604d5ef4dfd4,delivered,2017-03-01 08:47:36,2017-03-01 09:02:21,2017-03-02 08:28:50,2017-03-14 11:17:28,2017-03-20 00:00:00
dd4fd02da4171046f038fc4dc782ef24,b2f1d78b0558b84fa2260d71a7a36850,delivered,2018-01-21 22:38:15,2018-01-23 14:32:39,2018-01-24 20:09:52,2018-02-09 17:36:42,2018-03-07 00:00:00
294d6eb8004bc9fbc7d7f970a51924fc,a686bc69c00dae62ab403c20223443b6,delivered,2017-10-14 18:21:46,2017-10-16 14:28:19,2017-10-18 21:21:40,2017-10-19 21:22:32,2017-10-26 00:00:00
f556a3fc910afcacd3b1df7c7f120ecd,407480fddbaf5257e3ef5f07fb0fd71e,delivered,2017-07-20 18:59:34,2017-07-20 19:10:15,2017-07-26 18:12:30,2017-08-04 18:37:27,2017-08-15 00:00:00
0c6777b2bcc85ed22352f240d71f3389,5864fb114a78ab4aedd6cbd78b64649d,delivered,2017-05-31 15:00:12,2017-05-31 15:10:15,2017-06-01 14:10:22,2017-06-07 12:52:06,2017-06-28 00:00:00
65272dc3f6aee70b17f962df52f16f73,46a2b8ea7034da1afc0b9999cd33d679,delivered,2018-08-01 22:41:50,2018-08-01 22:55:12,2018-08-16 09:28:00,2018-08-21 00:14:43,2018-08-23 00:00:00
38793c3d7ddaedf4e05f8fe9ce42ccf6,1db9b4524b0798a3ee902d3bcbe087fd,delivered,2018-08-01 15:54:56,2018-08-02 15:50:20,2018-08-03 14:46:00,2018-08-13 13:06:25,2018-08-29 00:00:00
1faffba7773fdbe7da8af6281414c3b2,34d1956f9f05d975aba125cf29e43403,delivered,2017-11-21 17:00:21,2017-11-21 17:09:20,2017-11-24 17:17:00,2017-11-28 23:29:53,2017-12-01 00:00:00
34e6b9f685df8e8b6465a715689c749f,8510c34c43e454d2c8025d92613821e9,delivered,2017-05-03 07:16:30,2017-05-04 10:15:20,2017-05-04 14:47:59,2017-05-15 11:59:06,2017-06-07 00:00:00
74d91ba3a172d733579d4b1b56c9c3e9,97197eaa11a1e7a2cbefb2839ed58cc0,delivered,2018-06-29 20:18:33,2018-06-30 20:15:13,2018-07-02 14:56:00,2018-07-05 18:22:35,2018-07-17 00:00:00
136d740adc5aa0d3ad07f279eeb5b665,5f66fbfb3bf50be018e9aea8906bc04b,delivered,2017-07-26 15:04:07,2017-07-26 15:15:10,2017-07-27 18:27:45,2017-08-08 18:12:06,2017-08-25 00:00:00
9579d15470e621248235c5cb9164130e,48e2427ef06f7b5f1cf8d41ff5ca805b,delivered,2018-08-14 20:35:37,2018-08-14 20:50:23,2018-08-15 13:54:00,2018-08-20 22:14:56,2018-08-28 00:00:00
5e53b775597f422cfe12f743bb0b59ba,8a3504cc50cb9e25e2ff9259c07d9225,delivered,2017-10-14 11:33:00,2017-10-14 12:13:19,2017-10-17 10:05:57,2017-11-03 21:23:26,2017-11-16 00:00:00
3c81b1eb31a46822410a4fb9b43f0678,5109f7754f31f131856a4f354bb9d4b1,delivered,2017-10-05 16:48:28,2017-10-05 17:05:32,2017-10-06 13:51:53,2017-10-20 20:29:57,2017-11-08 00:00:00
b116148f0b8c4d1a5f8aeba7204a50c0,cd0b86c73331d47ddbbc5e6b6ab0a2b7,delivered,2018-01-19 10:19:27,2018-01-19 10:32:57,2018-01-22 17:39:28,2018-01-23 21:57:10,2018-02-05 00:00:00
8fec5674a5e6c130c661baf47ca8b861,89f95811429721f15d1a548d33124c86,delivered,2018-08-17 22:05:59,2018-08-17 22:15:18,2018-08-20 16:19:00,2018-08-23 22:12:29,2018-08-29 00:00:00
0fb02b37217c9af51e73a4ddd2c5b092,8dc5b051ae0e7ed92a78da02df2c3250,delivered,2017-06-01 12:28:14,2017-06-02 04:32:39,2017-06-02 14:49:03,2017-06-08 14:37:30,2017-06-26 00:00:00
6d5f722cdceaf1e8d589fa0279e55aac,a20d3a8c6e4c5995c8c5f242cef23970,delivered,2018-04-10 19:59:31,2018-04-10 20:15:12,2018-04-12 00:57:25,2018-04-18 23:13:26,2018-05-03 00:00:00
3f3d5f3033e9139ee7290ce6c74b6b79,34c5107947e20b2c55f711551184f4cd,delivered,2017-12-03 17:53:31,2017-12-03 18:12:12,2017-12-05 00:25:11,2017-12-18 23:53:17,2018-01-09 00:00:00
d582acccde83cb5e07d2fe4fc8d00798,578d1924371af5bd50a63c3530017b8c,delivered,2018-02-07 13:32:59,2018-02-07 13:51:22,2018-02-07 22:55:49,2018-02-26 15:44:03,2018-03-13 00:00:00
d7123732c68ff880f12d65c308f133a9,1be0b4d949a6c8e2391c5f395167553c,delivered,2017-11-06 18:21:33,2017-11-07 02:30:58,2017-11-07 18:42:22,2017-11-10 00:33:02,2017-11-17 00:00:00
618b0dccb6cd114a77a84daef8d565c4,39abd214c91bf2bf94440cb6a27e6ecb,delivered,2018-04-17 13:03:22,2018-04-17 13:15:11,2018-04-18 22:58:31,2018-04-28 00:06:48,2018-05-30 00:00:00
55d35fc64cb8a8dd602157e01de8dafb,25256c3e90f841977e14eb23b2f9b66c,delivered,2017-12-08 10:30:36,2017-12-08 10:37:32,2017-12-12 18:32:09,2017-12-21 18:09:17,2017-12-27 00:00:00
f92c4415380d5956969e7b44174a6476,786cc4eab38165553b0fb0c53a35817a,delivered,2018-07-26 19:28:07,2018-07-26 19:35:16,2018-07-27 15:10:00,2018-08-24 01:09:00,2018-08-23 00:00:00
65c3a33271e3070af95cc3c03018871d,d09912ab4d57d91188059d6217cff2ca,delivered,2017-12-07 18:18:43,2017-12-07 19:00:28,2017-12-11 19:37:04,2018-01-05 17:25:45,2018-01-05 00:00:00
02cb37269f256232b81be588ef056c92,a25fb003bca8f89f1f293dff6a4bb460,delivered,2018-03-05 18:26:35,2018-03-05 18:35:34,2018-03-06 20:24:29,2018-04-07 11:38:49,2018-03-22 00:00:00
4bd1fc06727e84c83665103e268f1051,c0b73ecb5e48f4a2dcf2514fdf57a352,delivered,2018-03-21 08:26:19,2018-03-21 08:48:00,2018-03-23 01:48:41,2018-03-26 20:42:49,2018-04-10 00:00:00
15d395f46b73fbfdda22882b62ba4a4c,0f0b9ee2f1ceb7115427538b002ac482,delivered,2018-05-03 15:32:21,2018-05-03 19:10:42,2018-05-04 14:40:00,2018-05-10 00:56:32,2018-05-17 00:00:00
a16c048c79d11f82c31fb4fbf407e6cf,08faaa96437305ceef6b95a46cfd0030,delivered,2017-05-11 11:14:00,2017-05-11 11:25:27,2017-05-12 14:15:11,2017-05-18 14:11:33,2017-06-05 00:00:00
cde75c00788fdeeed7584baba51eae41,af2a5304fcb8faab05c96bf28a55cc5e,delivered,2018-02-09 10:12:42,2018-02-09 10:26:36,2018-02-09 21:41:51,2018-02-15 12:09:28,2018-03-09 00:00:00
602ca7323a25474e4e1c94e5e0763fb8,4a5c86222ec3a2871fd3585051434053,delivered,2018-05-23 08:09:06,2018-05-23 08:39:12,2018-05-25 08:14:00,2018-06-07 22:51:58,2018-06-08 00:00:00
81ba9566702881081845a0cde9767e2e,13b4a30f07976e07d146e1d615f0812d,delivered,2017-07-21 17:20:29,2017-07-22 06:42:44,2017-07-27 21:59:47,2017-07-31 19:12:51,2017-08-23 00:00:00
57ce980154f9852664b8b1cd206e6c4c,53eb7255c56c4c67c78dc75bfb1135d8,delivered,2017-06-12 12:47:01,2017-06-12 13:10:50,2017-06-13 11:02:26,2017-06-22 15:21:42,2017-07-07 00:00:00
ef8243f801a15b9b4b364d15d8e9dfd6,65309c5241d286f148b3ebf5f81a3e1c,delivered,2018-02-14 19:11:25,2018-02-14 19:28:15,2018-02-22 20:52:59,2018-02-24 00:18:51,2018-03-01 00:00:00
9cc3a04136905d908a83caf612b0d7cb,a4d93ba8bb919c884d30020492717ecb,delivered,2018-05-07 00:06:34,2018-05-08 19:53:27,2018-05-09 13:39:00,2018-05-15 19:39:04,2018-05-22 00:00:00
f86e32e1a0770b05e7f1b098482cc6f2,880221ffc5e73269b722e4676d328772,delivered,2017-06-28 11:24:42,2017-06-28 11:35:18,2017-06-28 14:33:47,2017-07-10 17:22:50,2017-07-28 00:00:00
ccf8a8b92abacf806c88702be2848cce,69c43764dac33aa14705f91af3565860,delivered,2018-02-25 13:23:22,2018-02-25 13:48:03,2018-02-26 20:43:31,2018-04-03 17:07:49,2018-03-27 00:00:00
77071339ffd932084c78178711ab67dd,62abfd28d25b7e736a287da71f34052e,delivered,2018-02-14 21:21:34,2018-02-15 21:15:32,2018-02-16 23:28:56,2018-02-18 11:44:56,2018-02-26 00:00:00
f03655b5447cf5005767f4a65cd0afbd,c2099d99f339e5c4ad3fb73758fd47c5,delivered,2017-05-23 05:37:45,2017-05-23 05:50:06,2017-05-23 15:21:18,2017-06-01 12:07:57,2017-06-14 00:00:00
754f7ec0dafafb537986302c08311dc6,9db08b65ed1fe7d2b75183335b666857,delivered,2018-01-05 23:31:01,2018-01-05 23:47:30,2018-01-08 23:43:36,2018-01-15 21:06:00,2018-02-06 00:00:00
0752235c99010e0a475e14cebb1baf81,c1e06a0f8523b5b71662bfed38d79a07,delivered,2018-08-08 18:04:56,2018-08-08 18:15:25,2018-08-09 14:12:00,2018-08-16 21:29:49,2018-09-18 00:00:00
8ba3f3a9292fbc22a8b7dff752bbcd37,0315a87fba4dab4865f2071777b98e87,delivered,2017-07-07 10:07:16,2017-07-07 10:23:34,2017-07-08 11:46:44,2017-07-18 23:16:44,2017-07-31 00:00:00
52b841d05323dfdaea310461719973cc,7e8a28d1a18520713f1767ccb03a494e,delivered,2018-02-08 10:49:42,2018-02-08 11:10:53,2018-02-09 23:24:50,2018-03-01 19:57:06,2018-03-13 00:00:00
744bade1fcf9ff3f31d860ace076d422,5e5794daaa13f73e2f1cdb4114529843,delivered,2018-04-22 11:34:42,2018-04-24 19:04:46,2018-04-24 03:14:34,2018-04-27 20:55:28,2018-05-16 00:00:00
2a3f52618a2541b6997d83522977cac2,41661a4b741709aa06bb07fb3582f652,delivered,2017-09-26 12:57:59,2017-09-27 03:37:42,2017-09-27 20:53:15,2017-09-29 15:43:59,2017-10-18 00:00:00
e1458d8518d1632318cd88ead53c633a,e3e730f17d35e6e0e2595e5cfbee89eb,delivered,2017-09-04 22:12:46,2017-09-06 06:50:18,2017-09-06 20:52:28,2017-09-19 17:20:14,2017-09-28 00:00:00
4117e5bb44ebdb1d0c0ebf0482dfc13c,a6fafb6b2de46d568069f8a18e42f37b,delivered,2018-02-05 20:40:37,2018-02-07 03:10:14,2018-02-07 21:35:52,2018-02-22 21:48:49,2018-03-06 00:00:00
590aeab6e2c3f7e294c54fbd9a91c4c7,e97cac1752dfd296c8e431c35cf9a0c6,delivered,2018-03-20 17:29:10,2018-03-22 02:49:47,2018-03-23 01:39:35,2018-03-23 19:19:38,2018-04-05 00:00:00
02bf0154cffa7eff0ce73027221834b9,1c37132d043014c19670796be17b81cc,delivered,2018-06-12 14:39:39,2018-06-12 15:26:35,2018-06-13 14:40:00,2018-06-27 16:37:56,2018-07-13 00:00:00
1f58529a06e9f7c89e20ca450f51a5d3,10da8310d728c3b3b31b9e58e89db53c,delivered,2018-04-14 20:13:35,2018-04-14 20:32:26,2018-04-16 23:42:22,2018-05-02 14:08:55,2018-05-11 00:00:00
67c158dbe43ced83f43cdf4ff66f556a,c4d2b683c330b5cc6e6ff4b3dc6fc81a,delivered,2018-01-25 11:11:03,2018-01-25 11:18:29,2018-01-25 19:32:15,2018-02-07 22:37:44,2018-02-21 00:00:00
aafd725a98bce75b9d5c31adbe708cb7,b88b5ea9a02583be2411361e12d7ba9d,delivered,2018-07-06 19:16:38,2018-07-10 04:35:07,2018-07-12 14:08:00,2018-07-13 21:12:37,2018-07-23 00:00:00
7c48889642a4142114249d57bb4bdee4,2e3dfc9431fbb04b3644350481145208,delivered,2018-06-21 12:12:45,2018-06-21 12:40:50,2018-06-25 17:23:00,2018-06-27 20:37:50,2018-07-05 00:00:00
64bc52bd8f68578e493086f2c148738d,4d1781c18c229f28b3279965b19e34d6,delivered,2017-06-04 18:39:57,2017-06-06 21:22:15,2017-06-09 13:05:55,2017-06-23 10:47:36,2017-06-28 00:00:00
17a57b9f3ed8c82e3714464f9fdab931,dcdeca2dac1535bd18347ca0f596865a,delivered,2018-04-06 15:13:06,2018-04-06 15:30:15,2018-04-09 18:54:56,2018-04-16 19:31:44,2018-05-02 00:00:00
5c226b11bc0f3438cfdacd76b39e4fee,834159b7ec167f3ad1ace27a60a545fb,delivered,2017-11-06 11:46:04,2017-11-08 03:26:41,2017-11-08 16:02:48,2017-11-22 16:35:32,2017-12-01 00:00:00
6b6484df41852bcee6a9b4d253379b1b,6efcca147ec1fcf0dac4e4275f8dd159,delivered,2017-08-10 14:31:26,2017-08-11 04:24:55,2017-08-11 19:16:03,2017-08-17 21:59:57,2017-09-01 00:00:00
a006aaefd88b5bb6c7ddcecc74916db3,26936078d32b04563ad9ee6611e31e4f,delivered,2018-08-09 01:24:57,2018-08-10 03:05:25,2018-08-13 15:04:00,2018-08-17 22:13:25,2018-08-28 00:00:00
d340d7c22ff2502b0385a1bc50c83999,57a241d2b4f2edfab68fe1ede261bdf4,delivered,2018-03-10 10:18:34,2018-03-13 04:20:25,2018-03-13 23:53:47,2018-04-18 22:48:41,2018-04-10 00:00:00
b3d40dc91d81ff9c5d78201fa392a79e,501ec6b10ff39d8ddf9c551d7b34f2d9,delivered,2017-12-01 17:28:38,2017-12-02 02:37:41,2017-12-04 22:12:51,2017-12-08 22:21:54,2017-12-26 00:00:00
8ebe945989d8e36075f1a141e40968c7,f1159a36d6696022379b3696298d1316,delivered,2018-08-01 12:11:48,2018-08-02 05:30:47,2018-08-02 13:49:00,2018-08-07 16:59:49,2018-08-09 00:00:00
cae1cef56202db2581379f836268bfda,8be125989019bcf775e60ddb2a043fa9,delivered,2017-07-18 17:04:02,2017-07-19 06:43:00,2017-07-19 16:34:29,2017-08-02 16:13:17,2017-08-09 00:00:00
0df8cd93fe931f8eb18314b794f45ca6,2852155d27a4eeeaed50ebeeeefdf3d6,delivered,2017-12-26 20:58:29,2017-12-26 21:09:24,2017-12-27 20:48:47,2017-12-30 11:56:13,2018-01-26 00:00:00
f16e3a8c0140ade96be78de15312125b,8c174f294d5d854841d958eda33f9235,delivered,2018-04-22 17:22:04,2018-04-24 18:20:56,2018-04-23 19:12:51,2018-05-02 12:47:39,2018-05-25 00:00:00
c6fb234821f617a8e4d1cea1d61ca508,939f7380a49b9e56a5f998780c81e844,delivered,2018-03-04 10:53:25,2018-03-04 11:10:51,2018-03-06 20:48:48,2018-03-08 23:48:37,2018-03-21 00:00:00
2ca73e2ff9e3a186ad1e1ffb9b1d9c10,e76f777f29e83b393d786accf49e7955,delivered,2018-03-18 21:01:32,2018-03-18 21:15:36,2018-03-19 19:52:47,2018-03-23 00:32:34,2018-04-11 00:00:00
1a1cbbc80d127af8c72708f098494a0e,9d9e86f105e656addd887968baf094fa,delivered,2017-05-10 17:44:55,2017-05-10 18:45:15,2017-05-11 07:50:06,2017-05-23 12:32:16,2017-06-08 00:00:00
8431f8b44d5d90252e64059e253c308d,8a7f485b99c1e2752cf38f51601d435f,delivered,2017-08-07 14:32:09,2017-08-07 14:45:15,2017-08-07 19:29:53,2017-08-15 18:44:52,2017-08-18 00:00:00
3821374c4cfea859896f8a3d6f2b7a5a,4960d46eadbcd842a602b726ed33d85c,invoiced,2018-04-16 20:25:22,2018-04-16 20:51:42,,,2018-05-17 00:00:00
a86beac32a9e23997ac3016ccbffe061,9071842c8a16e594d9a65a9e9a4ab133,delivered,2018-07-18 17:54:29,2018-07-18 18:05:23,2018-07-19 11:06:00,2018-07-30 14:57:48,2018-08-09 00:00:00
5ac65ba68cda958dff42081b70fe905e,63a2786add133285225d6a9d1ac26256,delivered,2018-03-19 13:34:41,2018-03-19 13:56:14,2018-03-21 18:36:50,2018-03-30 05:16:24,2018-03-29 00:00:00
bf6ead07100465b8b825c67e0f6dd2d0,5ad97cf725be5a184acba19af5834693,delivered,2018-08-15 10:36:56,2018-08-15 10:50:11,2018-08-15 11:42:00,2018-08-17 23:43:37,2018-08-24 00:00:00
3f67dd72711194df0865dc9b59e4bdeb,608586e900ad910c56e2c4274a74b0b6,delivered,2017-05-26 14:54:47,2017-05-27 03:10:13,2017-05-29 09:37:26,2017-05-31 07:12:29,2017-06-20 00:00:00
bc4b1551a6fb2346fc87b5879402dbf2,68a8d355bec6e846fbdee48e9a3e3611,delivered,2018-04-02 12:40:33,2018-04-02 12:50:20,2018-04-25 15:31:00,2018-04-26 21:28:50,2018-04-24 00:00:00
f524c4df3ee7f0438b6c7d5af91d4aef,241f7cf080f8ea8d27afbe1f075aa1d9,delivered,2018-07-18 16:25:18,2018-07-20 04:43:18,2018-07-20 13:37:00,2018-07-27 19:48:53,2018-08-02 00:00:00
8c4cdabda1d5bb51b03c8f034de4cd32,5e3dcbc26aa4f9e4395c0d41a953af5f,delivered,2017-03-30 11:59:33,2017-03-31 02:10:38,2017-04-04 09:24:49,2017-04-07 12:38:28,2017-05-02 00:00:00
371229efe5a72afbbe5fc026b4b8d3a3,654017a2194ab4ac5d0f58012d5d5a5b,delivered,2018-04-16 08:24:06,2018-04-16 08:51:19,2018-04-16 22:21:08,2018-04-19 22:54:30,2018-05-11 00:00:00
2098ffa11a9b2819ffd6c2f95683db90,9aa815a3c997d7178df3b6ede20a1363,delivered,2018-01-24 16:51:59,2018-01-24 17:23:55,2018-01-26 15:42:00,2018-01-30 02:11:53,2018-02-08 00:00:00
12bd377dd79de8d6c43f67d1a0358743,0d772db64a20cbf2f1bea1c6682b29d0,delivered,2018-07-30 12:42:12,2018-07-30 19:32:22,2018-08-01 15:07:00,2018-08-06 23:18:21,2018-08-23 00:00:00
de4acd78231cc999a22fdba3a4dd348d,1579a4f55a1c6707bec3dd05c84f9204,delivered,2017-08-27 14:24:29,2017-08-27 15:30:10,2017-08-29 22:42:01,2017-08-31 13:24:26,2017-09-14 00:00:00
9342f2bb331c6444f0a7bd8f901fd10e,18e74b4e24114ae25e2170f8b1d1b8a5,delivered,2017-10-30 15:43:13,2017-11-01 03:31:20,2017-11-01 20:50:21,2017-11-04 14:33:32,2017-11-22 00:00:00
47cfe9af9909fdf08517478edef903ec,43053983803dd24c18baa95798f13745,shipped,2017-07-01 16:48:42,2017-07-01 16:55:17,2017-07-06 14:43:47,,2017-07-21 00:00:00
893d10bf292ce2aca52ba56c1d741764,09380077c3400002387e5d72cde34164,delivered,2018-08-13 12:43:00,2018-08-13 13:40:17,2018-08-13 13:50:00,2018-08-20 20:24:43,2018-08-30 00:00:00
07f5bb6759aecb6dd999fea544057758,6cae3f205b77ca69e198bf63547f890e,delivered,2018-02-05 19:25:43,2018-02-05 19:50:04,2018-02-07 19:28:59,2018-03-02 20:56:45,2018-03-14 00:00:00
20424d89774b273db92547fad84831d2,6341f9c98bb22135cc86522dd3257347,delivered,2017-04-17 23:00:24,2017-04-17 23:10:12,2017-04-19 14:00:00,2017-04-30 10:15:03,2017-05-10 00:00:00
265b23c0727e5d7a2a3e36f5aac03d67,dade896e95a36c520a0bcd0703385b74,delivered,2018-02-18 09:50:58,2018-02-18 10:06:34,2018-02-22 20:09:02,2018-03-13 01:33:37,2018-03-19 00:00:00
a21e142410bb5f74b574d654fd36f6b5,8dd98a2e8f83215c926820fc91ab53dc,delivered,2018-07-30 10:38:14,2018-07-30 11:31:29,2018-07-31 12:51:00,2018-08-07 13:26:48,2018-08-09 00:00:00
8dd55d9758dbe56ba3fbad399f7eca7c,582f00a7340e0c7d2e1d15218bad5eb1,delivered,2017-02-04 23:13:40,2017-02-07 03:55:31,2017-02-07 11:36:37,2017-02-15 14:32:08,2017-03-03 00:00:00
bc3fe72748b0db594e369b6060b1e34c,b22807c0e39053228ee7fb46fccdde6b,delivered,2017-10-04 22:31:20,2017-10-04 22:44:09,2017-10-05 21:27:01,2017-10-21 16:22:24,2017-10-30 00:00:00
51fdc51568710c421372d93f12c21ab6,a683fb2ddea3effab4756e02e2f0468e,delivered,2017-09-12 20:36:17,2017-09-12 20:50:19,2017-09-18 13:06:03,2017-09-21 20:51:47,2017-10-03 00:00:00
7b49220cf93758de83b2e9adefaca923,6f235f190ca8edb9efa18189f0e7a0df,delivered,2017-12-14 14:02:34,2017-12-14 14:13:32,2017-12-15 18:32:09,2017-12-26 20:57:03,2018-01-19 00:00:00
1b71d6f1758208e8fc19537dee8e586e,f1884ea44780d4a7ae036095e5d8fd59,delivered,2018-04-09 17:49:55,2018-04-09 18:10:16,2018-04-10 20:41:17,2018-04-16 20:07:58,2018-05-02 00:00:00
d2cc8035105135134664cddca3fd2599,b796c5b32054639e5707a7996edac9d7,delivered,2018-05-22 23:15:10,2018-05-23 23:15:08,2018-05-24 13:48:00,2018-06-07 20:18:25,2018-06-11 00:00:00
22557cb9c7229669e351a8460240119b,9a7a057f5e9560593d21cf17220b04b2,delivered,2017-08-08 23:13:27,2017-08-08 23:30:09,2017-08-09 16:51:58,2017-08-22 18:27:15,2017-09-05 00:00:00
b07725548a706259d0cbc2aeaa780e18,72cb865e318f4077360bcfb50098f7eb,delivered,2017-03-02 16:03:14,2017-03-02 16:15:15,2017-03-03 14:44:44,2017-03-21 03:58:29,2017-03-29 00:00:00
9b04d275dbe50bcbb039286dbab3288d,60f900741c4369da22e8af813b6fd0a7,delivered,2017-12-14 13:21:34,2017-12-15 02:17:28,2017-12-15 23:11:56,2017-12-18 20:43:52,2018-01-03 00:00:00
ffd5e80bfdaf69504efd7562a3d522dd,467bcdf6e97d661f3947ad9308dcb0cc,delivered,2017-08-22 09:29:59,2017-08-22 09:46:08,2017-08-22 19:57:26,2017-08-23 14:51:52,2017-09-04 00:00:00
f017a9decac739e813123c172cc00276,1c0abb9215bf7e9bfb6af1330e66a8a7,delivered,2017-07-04 17:50:29,2017-07-05 17:43:09,2017-07-06 15:36:30,2017-07-17 19:13:14,2017-07-26 00:00:00
0b7ca56dc6b9eb97c8a0c7b19341b025,5f4228ef54e408563a162a0a80e932d4,delivered,2018-04-29 17:34:35,2018-04-29 17:50:27,2018-05-02 12:39:00,2018-05-04 18:44:40,2018-05-18 00:00:00
f3da3b290778ca24514adced3807de23,1730218f2f64e40e14ed70840f876c88,delivered,2018-03-22 14:47:11,2018-03-23 02:27:43,2018-03-27 01:06:49,2018-03-28 20:19:00,2018-04-04 00:00:00
2cadf7b6bdc085bb4a8a3a32a40e344b,440a07d7b5fcb27062f1413082ad8a6e,delivered,2017-12-19 15:02:40,2017-12-19 16:10:22,2017-12-22 22:48:05,2017-12-27 22:07:12,2018-01-23 00:00:00
1a3ccc1695931b2cb7a95065e0c81e4b,cd7df89ab76adcfe3e1b4a36b042b081,invoiced,2017-10-16 12:21:07,2017-10-18 02:56:40,,,2017-11-14 00:00:00
29e2ad0dc7d3e40270b43dae7133c30b,74a3a97a002838ad5a227aba4f90ca78,delivered,2018-04-04 18:28:11,2018-04-04 18:48:28,2018-04-05 20:09:26,2018-04-08 17:54:32,2018-04-18 00:00:00
26e18612ee188c4d99441c0f9ea94b06,48a13a7cccd0cca92275e1e983debaee,delivered,2018-01-09 09:04:07,2018-01-09 09:15:20,2018-01-09 18:28:43,2018-01-11 16:26:19,2018-01-26 00:00:00
99fe8093159dc446655c68b320222c8e,0c9712bf6ecf766c8e85d92f7991eb54,delivered,2017-04-28 17:12:38,2017-04-28 17:22:55,2017-05-02 16:56:08,2017-05-08 10:52:01,2017-06-02 00:00:00
4188e271c401875d724b4e9ee6fe7206,19d4a540b496506ab10c97292275e532,unavailable,2017-12-10 14:04:04,2017-12-13 00:15:46,,,2018-01-04 00:00:00
28eaf28c1a7f1e6d917f465578bb1b43,9ff374c99c069893049c3672e49a5e37,delivered,2018-01-16 15:10:46,2018-01-16 15:19:33,2018-01-17 22:08:03,2018-01-23 17:18:35,2018-02-09 00:00:00
01006620eb4732deec44be4b0d9e33cd,e7acff27456fbf335dfae22a6bceba90,delivered,2017-10-14 21:34:35,2017-10-14 22:03:58,2017-10-17 19:10:31,2017-10-24 14:03:20,2017-11-07 00:00:00
fba74a1f9422c616cd75a7a9577d2058,092ba73b64ddad55b77d1ad4e4f6e591,delivered,2017-09-26 16:52:47,2017-09-26 17:07:19,2017-09-27 17:16:55,2017-09-30 12:43:41,2017-10-11 00:00:00
076d71b244e240e104ffe5bf5985faa2,0ab91423d1e877aec33c6da6e9b5509c,delivered,2017-05-26 15:14:25,2017-05-26 15:25:15,2017-05-29 08:22:48,2017-06-06 14:38:09,2017-06-26 00:00:00
bfdfcb5b457a83ebc43eccb8d8531f7f,c85c132e580214d746e0ed80283975ee,delivered,2018-02-25 11:02:16,2018-02-27 04:31:19,2018-02-27 20:33:47,2018-04-19 16:32:55,2018-03-21 00:00:00
e243ccdb006cb9caed53a57e7daa5c34,409bd3e6642b569fb703615ab5996526,delivered,2017-12-12 17:16:37,2017-12-12 17:36:19,2017-12-18 12:06:46,2017-12-27 16:44:19,2018-01-05 00:00:00
76947ee86f94611940effa93c62ccdc0,e0b9b19b5fa5e1ac17ba5a8e6251c785,delivered,2018-02-06 12:45:00,2018-02-06 12:56:17,2018-02-09 18:23:01,2018-02-16 00:08:18,2018-02-22 00:00:00
d1ac92a1cdff4219a26a167dbdb3cb7f,966fdef8074099e48e060b6b79067397,delivered,2017-06-05 13:36:53,2017-06-06 13:10:22,2017-06-09 10:57:42,2017-06-18 11:47:50,2017-06-30 00:00:00
f8b40129171baf5eeb5ef5ea1af01386,c2da3910c101b8a7c4e270ae4ef4e5c0,delivered,2018-06-10 14:30:17,2018-06-12 05:36:44,2018-06-15 14:17:00,2018-06-18 23:24:26,2018-06-25 00:00:00
c1d8546e6ed294dea3203910c9b0e7b5,ac8818f0291960e4c5c123a9a2a763bd,delivered,2018-01-29 14:42:20,2018-01-30 04:31:28,2018-01-30 19:36:47,2018-02-01 17:02:22,2018-02-14 00:00:00
6f0b1a3d5ac1fca603d1eb8687fdba05,5d5b6fc65d761caeb92bfde4aa60494e,delivered,2018-07-23 09:02:12,2018-07-24 11:31:52,2018-07-25 14:32:00,2018-08-01 20:35:01,2018-08-14 00:00:00
e6dfc4ce09d6557361948d3648ccb670,16cd84329335496cf638b105e84525ee,delivered,2017-09-25 14:50:13,2017-09-25 15:06:31,2017-09-26 15:32:53,2017-10-04 20:46:55,2017-10-20 00:00:00
2c04e9500d7402e891b3c1213847febb,c065a8aa5e74348afd40ba9c3bbcb663,delivered,2017-12-16 23:12:12,2017-12-16 23:30:27,2017-12-19 18:21:49,2017-12-20 15:48:20,2018-01-05 00:00:00
5e682664f3f3651fbaf00a25915ef580,3d17ae229f9e6faa5a5b9a03037acbb5,delivered,2018-03-07 12:27:19,2018-03-09 18:29:23,2018-03-14 18:46:47,2018-04-17 16:42:03,2018-03-28 00:00:00
6890a2ccd47e0016c365c4e1a240cbfb,b0e27b16cd62374210e26dce27bd37a3,delivered,2018-01-31 16:33:05,2018-01-31 16:51:21,2018-02-02 04:31:54,2018-02-09 12:34:57,2018-02-26 00:00:00
bf727ca6dd2dd84c2edcbebf0a33b4c9,9d9029efceeea01020b9bce6e88f81f3,delivered,2018-01-25 23:52:32,2018-01-26 00:57:41,2018-01-26 17:55:16,2018-01-30 19:39:23,2018-02-22 00:00:00
7d0408fa5d2829c175c99499e5aeb226,7f02c20203014a47e92e9b60eee0d4e3,delivered,2018-07-31 12:22:41,2018-08-01 03:31:42,2018-08-06 14:23:00,2018-08-17 17:46:55,2018-08-08 00:00:00
c3d8dd9443d87a5917b1508ec6d9e435,2c2a6f5fb74d8692692d21b52349b401,delivered,2018-03-19 14:18:23,2018-03-19 14:35:46,2018-03-21 19:51:14,2018-03-28 22:36:38,2018-04-10 00:00:00
186e07e37d4253c4aaab5f2aa0cf4136,5f6a05a83bef098f3968150ebff9c19c,delivered,2017-03-04 10:39:31,2017-03-04 10:50:24,2017-03-08 12:41:36,2017-03-16 19:48:55,2017-03-27 00:00:00
de3cdd1c001e44ba7eeeb0d4813c9bad,193bd4ef43972b424070d98c008910f1,delivered,2018-08-09 10:27:19,2018-08-11 02:35:27,2018-08-20 16:16:00,2018-08-25 14:48:30,2018-09-18 00:00:00
350aad4e4bc8240326121102708f0504,6b396d9b6befa4b0deb7b570ab0df6cc,delivered,2017-05-26 23:41:21,2017-05-26 23:50:13,2017-05-29 08:39:54,2017-06-07 15:15:13,2017-06-22 00:00:00
26bf23645f5371147a72f0bfa5d9eb6a,e35fd9b6c85b42d4c8461db5f1b4afc6,delivered,2017-04-07 00:03:29,2017-04-11 03:50:08,2017-04-12 11:51:06,2017-04-19 10:43:13,2017-05-11 00:00:00
5cddc0e7aa59980c2f6018bbbde4b776,3414c83e2c90da70206c954609868183,delivered,2017-05-26 07:04:37,2017-05-26 07:15:11,2017-05-26 10:37:55,2017-06-07 15:38:51,2017-06-22 00:00:00
fdfb0cda9a2bfa17ad8ea99133a30724,201c502506773c339fce9789f0528a6c,delivered,2017-06-24 12:56:21,2017-06-24 13:10:13,2017-06-26 15:58:08,2017-07-05 15:07:38,2017-07-14 00:00:00
12be0a0f242d89cc02773e057c2f7f0a,1b395661662ae598efa04e058294bd16,delivered,2017-02-15 22:32:29,2017-02-15 22:45:10,2017-02-20 10:58:24,2017-02-24 17:42:01,2017-03-16 00:00:00
ad4098a257676ea4d394fb3bbbf36ca3,878b45ad0fa20acbb5198b2e979fb442,delivered,2018-02-26 09:55:52,2018-02-26 10:15:33,2018-02-26 20:15:41,2018-04-19 03:03:32,2018-03-23 00:00:00
12cac2e81071090f280a21a9e267ec86,f8383a8a47282d7db6292a684d9c791b,delivered,2018-04-16 09:06:18,2018-04-17 05:50:06,2018-04-19 23:18:48,2018-05-02 22:28:42,2018-05-21 00:00:00
3859925b9b809beadf83a70aabfca3ce,fa76ef69ae16b2d6fc69cf17ac133e22,delivered,2017-06-19 20:14:21,2017-06-21 02:30:35,2017-06-23 10:42:11,2017-06-27 14:54:55,2017-07-14 00:00:00
1b01d7d89cee1fbbd040078c1cd83cd7,277bdf9feec679fbb7319191a4a8daad,delivered,2017-03-22 14:32:54,2017-03-24 01:31:47,2017-03-24 16:43:34,2017-03-30 17:37:03,2017-04-18 00:00:00
55d31aada518f8198b01470b36eda8f2,38dd40cff62ee6c298878e9413e56d10,delivered,2018-05-14 10:07:16,2018-05-14 10:34:49,2018-05-16 14:59:00,2018-05-19 12:07:33,2018-06-01 00:00:00
6c5d2796918878bf21ba842f8df0b57a,672b9a8255ee2f11a2142bdba63ff045,delivered,2018-04-25 20:57:38,2018-04-25 21:11:25,2018-05-29 12:28:00,2018-06-07 19:48:50,2018-05-24 00:00:00
d8c03aab0fec0814864f1ddfb5135698,ebc137c689bc832cc0e53dca8b02c5e8,delivered,2018-07-04 18:45:58,2018-07-05 16:13:12,2018-07-05 15:43:00,2018-07-13 21:37:44,2018-08-06 00:00:00
48a4ac34d7a1fbf5e344b2b6f5ae8994,dad0f86e922e14e943dd690c9e50b3d0,delivered,2017-12-18 09:14:56,2017-12-18 10:14:32,2017-12-20 20:10:13,2017-12-22 21:33:58,2018-01-08 00:00:00
81aabde4fa5ed81109f9488cb4255e18,10cf5e808b4ecfe291d1d0afb67c3a95,delivered,2017-11-24 08:18:26,2017-11-24 08:31:33,2017-11-28 20:38:56,2017-12-04 19:59:09,2017-12-18 00:00:00
3e5415498bda7e14dbee2bbd9a038348,2f65f90c30000165c4d6c08fce685437,delivered,2018-01-22 10:51:52,2018-01-22 14:53:14,2018-01-24 13:37:02,2018-02-02 00:51:20,2018-02-22 00:00:00
97e91e3d9575f0a13e6c2f6a8c0bfd7b,2d48c9765cb9dafa7459c2d3570d358f,delivered,2017-12-25 20:18:34,2017-12-26 13:28:39,2017-12-27 17:04:52,2018-01-12 12:29:28,2018-02-06 00:00:00
c06b0f8528c7ed361a2e911e8e20a3f2,3bf32c05eb3a093e4eef1d4f3630d8b5,delivered,2018-05-22 11:18:37,2018-05-22 11:37:26,2018-05-22 14:28:00,2018-05-25 20:31:27,2018-06-07 00:00:00
9a870a0bd211f5dcb640562f09fb33e3,9f473d98981e375389f2616459d58ce1,delivered,2017-04-26 12:55:25,2017-04-26 13:11:32,2017-04-27 14:55:56,2017-05-02 16:53:50,2017-05-17 00:00:00
b40011de1f5f6fd26301ad1801f850c8,579056d8cda272e9fd672c58f3fd08a6,delivered,2018-03-11 16:03:08,2018-03-11 16:10:32,2018-03-19 22:40:41,2018-03-23 12:56:39,2018-03-22 00:00:00
7a1f99044742ef1748b76f5b80f9ff3b,0522e1cbe0a52204989d044e4d31fe66,delivered,2017-11-30 13:33:22,2017-11-30 14:31:35,2017-12-04 16:59:09,2017-12-06 00:23:17,2017-12-18 00:00:00
299372a2c0a08ae166a4dd2a2467dfec,5a62643ba68cfaeb566ad926e3b18eb6,delivered,2018-05-05 14:53:21,2018-05-08 04:15:33,2018-05-08 13:18:00,2018-06-07 20:22:23,2018-06-19 00:00:00
c3ca08e9565423d33c78e028dbb1ab65,bf40545815ca71487bf80ee2843bce7f,delivered,2017-03-23 15:51:15,2017-03-23 16:03:47,2017-03-24 15:34:05,2017-04-05 14:54:42,2017-04-20 00:00:00
e412fc992ea2637ad4e76b34edd88a18,a1e66238cea795f0c30a76e9c5491bb8,delivered,2018-07-05 15:11:55,2018-07-05 16:08:18,2018-07-06 10:25:00,2018-07-13 18:19:45,2018-08-03 00:00:00
c66d7d7161db3e10260d556577fc86ca,80a06e57e66a5c1c7b46d45032a3391d,delivered,2017-09-20 17:48:15,2017-09-20 18:05:53,2017-09-21 19:09:28,2017-09-26 17:51:23,2017-10-17 00:00:00
e946207008d6f7a21436938692e91c81,eb376e908373c442ff9688a8942c0822,delivered,2018-02-15 13:23:43,2018-02-16 08:07:05,2018-02-20 16:51:51,2018-03-08 17:57:32,2018-03-14 00:00:00
ad0d46c22c5a9dd2699f5142b1882f5f,37be731e9a59816c2139b344f51147dc,delivered,2017-02-05 17:55:05,2017-02-05 18:05:20,2017-02-09 16:29:43,2017-02-10 06:44:41,2017-03-06 00:00:00
e0ea5984952668059b3f3ef6a8554bb3,a3404c079e22a0ff2079ae7aaca9fbd1,delivered,2018-05-21 09:23:56,2018-05-21 09:37:04,2018-05-21 11:53:00,2018-06-04 17:51:52,2018-06-07 00:00:00
30f571a5f7cc70ba231ce76fbe1b17f4,b7f9b875753a063ace2e4ac9b0531a69,delivered,2018-04-19 16:47:02,2018-04-19 17:07:30,2018-04-20 19:34:43,2018-04-27 19:22:48,2018-05-14 00:00:00
d66cd5f088e61b54931e6a5fd6b53198,7a0f062f324124b39f475b05b9c77177,delivered,2018-01-12 17:09:20,2018-01-12 17:30:17,2018-01-17 19:53:11,2018-01-23 15:35:18,2018-02-02 00:00:00
d046c8b9f07a115ce6faaa802666cea3,b738548b70ef8d6a4f4f925c2dcdeded,delivered,2018-02-25 13:48:07,2018-02-25 14:08:03,2018-02-27 02:04:19,2018-03-14 19:22:46,2018-03-19 00:00:00
bd7f75552919919b97848081d4354af1,b0ceb8739f04aabdd550254dce1c16aa,delivered,2018-06-11 13:39:17,2018-06-12 11:39:58,2018-06-12 14:09:00,2018-06-14 23:33:06,2018-06-28 00:00:00
3899f9456e4750aaf09953b728d50fd1,c7fb0da4d519d2827af01bf2aece912c,delivered,2017-05-15 15:27:52,2017-05-17 03:45:34,2017-05-19 12:59:30,2017-05-27 03:59:15,2017-06-14 00:00:00
b9fffd14dc2869d69f441ff3c8f34bab,ef9b40908237d483aab345ed6b7a977c,unavailable,2017-04-08 19:52:40,2017-04-08 20:05:15,,,2017-05-02 00:00:00
2aee9216e013859db72c7eae0a7dadc1,440cb7446d80225897ce4e12af946d5b,shipped,2018-08-10 18:59:24,2018-08-10 19:10:18,2018-08-15 13:50:00,,2018-08-29 00:00:00
691b40963b9004f0e49ec2a003f19043,c701c15dcdd3e22d69324364f1266d66,delivered,2017-12-21 12:51:21,2017-12-22 02:38:45,2017-12-22 21:54:12,2018-01-13 01:26:59,2018-01-23 00:00:00
78f804c76174954a76f38e6f3a326275,301bf3798cdc72286c3b1c8602ef1f0d,delivered,2017-10-06 21:57:05,2017-10-07 22:07:42,2017-10-09 20:43:04,2017-10-25 17:58:42,2017-11-03 00:00:00
cf0fcb02e2f9b6dcfd6aac8d664b663a,51c01649e2b270e89b1c14207e08ec84,delivered,2018-08-17 21:08:06,2018-08-17 21:30:17,2018-08-23 15:43:00,2018-08-24 23:16:42,2018-08-30 00:00:00
f081180e44957b00bf43b18a823e8819,50550d027a95802a4693d5e098e7565b,delivered,2017-07-25 15:41:11,2017-07-27 11:15:26,2017-07-28 18:32:25,2017-07-29 15:26:45,2017-08-07 00:00:00
69440e68212a53617dbaa0e9a1319946,245e5b42f57717133160de6704681be6,delivered,2018-02-02 08:39:03,2018-02-03 02:53:11,2018-02-05 17:38:49,2018-02-15 16:23:15,2018-03-12 00:00:00
e3dc8fab0cf7aaea9a75decd180dcd8f,ab2525bc0acb98f406e1c657ef0b26e9,delivered,2018-02-27 11:11:57,2018-02-27 11:35:39,2018-03-02 10:47:28,2018-03-23 22:37:30,2018-03-23 00:00:00
20adf99f2d48669a45b5ef435b116b09,37adbc0ce0a15109d42f8f3c461fa9fd,delivered,2018-02-18 22:20:56,2018-02-19 23:07:29,2018-02-21 16:07:12,2018-02-27 17:29:16,2018-03-19 00:00:00
e68452f95dc9b23ff16c3ed8ca0275ac,c8c985eb0e68ec4d734b8053186e8f8b,delivered,2018-05-01 10:25:42,2018-05-01 10:57:21,2018-05-04 11:08:00,2018-05-15 23:55:56,2018-05-30 00:00:00
af04520840ea8696e133b88c7746459f,e6dd8ac8ed56ed4580289f5b7100d37c,delivered,2018-05-31 20:36:36,2018-05-31 20:50:09,2018-06-01 13:51:00,2018-06-12 22:52:46,2018-07-23 00:00:00
a159152939238cbdb3eff9fa516a4b51,c9ce34c5516ddcec0c7570ce12fc1e4f,delivered,2017-06-26 15:59:05,2017-06-27 16:05:18,2017-06-28 13:16:51,2017-07-12 19:23:51,2017-07-18 00:00:00
c5a2bd922645770b148755d89a577853,ae07d43e3347a1b8a2121ffa669b931a,delivered,2018-08-10 10:02:39,2018-08-11 02:44:35,2018-08-13 09:02:00,2018-08-30 16:18:30,2018-08-24 00:00:00
9386d40609a844441d3fc71a2d763aeb,7743f235e69a51423e995b0682ac8c95,delivered,2018-02-06 09:43:59,2018-02-06 13:35:05,2018-02-06 22:33:00,2018-02-21 20:36:59,2018-03-12 00:00:00
1b5fc0bc24e5112c2cc802209fd54fcb,1ca5cecc5fbe7750a4b20cd25e3bdefc,delivered,2017-11-05 18:47:17,2017-11-05 19:06:28,2017-11-06 21:28:58,2017-11-17 20:46:45,2017-11-30 00:00:00
c32be5fee22d2715636baa8d0f2a4801,4bfdb261c20fd7d1bf5d0f19eed48789,delivered,2018-03-31 21:03:29,2018-03-31 21:15:22,2018-04-02 22:52:29,2018-04-04 00:43:46,2018-04-12 00:00:00
6fbba1795fcf0ee3755b9d3c33360f64,17ad940941a7926e0e82b5a341f5b3c6,delivered,2018-02-28 14:37:14,2018-03-03 02:50:27,2018-03-06 15:39:03,2018-03-22 22:21:45,2018-03-23 00:00:00
627e47b61d377f25bcbf4528f2f4c78a,8cb3e52ac0b98f4198ada15a8def242b,delivered,2018-06-24 17:03:24,2018-06-24 17:18:27,2018-06-26 13:19:00,2018-06-28 19:04:44,2018-07-24 00:00:00
3ca573452c1546150e8fd1e02b5603a7,3c78bfd891da95dc74a25cdb244f5a46,delivered,2017-12-12 16:04:58,2017-12-12 16:17:25,2017-12-13 21:07:32,2017-12-22 19:29:57,2018-01-05 00:00:00
846b560326bf3574c22964443fe7c5f1,e0e7ee625cb2646f1049f7602dde6d37,delivered,2018-06-04 12:38:18,2018-06-04 12:50:47,2018-06-04 13:58:00,2018-06-08 10:46:47,2018-07-12 00:00:00
bc36a6d118d0b05ade471f42c007f030,e0ff14c038823f8ec538acf57d920b97,delivered,2018-03-14 16:25:20,2018-03-15 03:15:38,2018-03-15 17:47:24,2018-04-09 22:56:24,2018-04-02 00:00:00
9ff3befac1804f201a935c589a8a1baf,33274c7a5673ba426b910ce5311a4f28,delivered,2017-08-02 10:24:15,2017-08-02 10:35:27,2017-08-03 15:13:15,2017-08-15 17:55:58,2017-08-30 00:00:00
0d4a6a514fd319d11eda911eda30da6a,79d047607f9ec18553cee7b117499d34,delivered,2017-12-13 14:35:31,2017-12-13 14:56:53,2017-12-14 20:17:17,2017-12-29 19:14:24,2018-01-17 00:00:00
1bd28aade2a26491d158189d9682208f,7752330c31a74c8d479d3349b36cbf7e,delivered,2017-07-14 12:07:00,2017-07-14 12:15:24,2017-07-17 20:05:39,2017-07-21 19:19:43,2017-08-07 00:00:00
26bb5de8af735f6720c8ed5eba9c0e9c,ac5464f145e02f0f756666b3e8792cf7,delivered,2017-07-27 17:49:19,2017-07-28 17:55:19,2017-08-02 20:32:44,2017-08-11 19:08:03,2017-08-22 00:00:00
edc36ee3af11ecb32d7a645157133b06,52eca42aa50ce59166f39feddae85384,delivered,2017-06-12 15:14:19,2017-06-12 16:00:08,2017-06-14 16:58:04,2017-06-19 20:54:37,2017-07-05 00:00:00
cd232b4fa3d7c031b04bc3d97e21344b,c19c45ed9d5b3d446b41e1d7f4543afa,delivered,2017-02-09 20:34:26,2017-02-09 20:50:08,2017-02-11 10:42:21,2017-03-06 16:05:45,2017-03-22 00:00:00
aa962f90c14940f2df3c6184f35a2184,9846306683c9714f38968d69a1911e91,delivered,2018-04-27 11:06:10,2018-04-27 11:31:19,2018-04-30 14:02:00,2018-05-07 19:04:50,2018-05-18 00:00:00
34e7cd696a9d01f8a95731b8d4508ef2,c8276c7dea2e79481adcd0bb48873ec9,delivered,2018-02-20 11:43:20,2018-02-20 11:50:43,2018-02-20 22:17:06,2018-03-05 18:08:31,2018-03-21 00:00:00
1004990414423766bb44a7f633bc0d31,396b5a4c38066395a3f1fbb86f2cac80,delivered,2018-05-18 11:55:08,2018-05-18 12:48:02,2018-05-21 14:10:00,2018-05-24 23:58:40,2018-06-04 00:00:00
20d192b527d2ef7b59051b87f02c3fc8,74541a9337d058343f559c16d898a69d,delivered,2017-06-14 12:00:59,2017-06-14 12:10:31,2017-06-14 13:34:39,2017-06-19 20:29:28,2017-07-11 00:00:00
b03d24bc2c3c00492bf0488341fac11d,82ede4a5f9432aca3513ee6ca3f162e1,delivered,2018-03-22 15:01:53,2018-03-22 15:40:26,2018-03-23 20:40:41,2018-04-11 21:08:32,2018-04-17 00:00:00
44cf3a952d8e1d64780add94ffd74dfe,ed17f7cfab06ad5010c569513a1093d4,delivered,2018-04-25 01:19:54,2018-04-25 01:30:53,2018-04-30 16:40:00,2018-05-05 00:26:30,2018-05-17 00:00:00
fad130916dfec1c29b876fae7113f4df,1f31077338023a5f942a3cfbde373d48,delivered,2017-09-01 16:42:19,2017-09-01 16:55:14,2017-09-04 20:29:51,2017-10-19 21:03:04,2017-09-21 00:00:00
46cfd37753bbd00f768165cf4cb7ace1,f648883563c14819f5e6419f89c6be9e,delivered,2017-10-26 01:34:57,2017-10-26 01:49:09,2017-10-26 18:03:26,2017-10-30 16:27:38,2017-11-14 00:00:00
48aa77d876153f53a73647dd55d01691,4306191b03c176021796f003c6d66c11,delivered,2017-09-20 14:37:12,2017-09-21 14:44:43,2017-09-27 16:53:32,2017-10-02 20:30:04,2017-10-11 00:00:00
c469458d116f862637d6c26ae62ff8f2,dd280839d45cc0f98c6b2de9665909a0,delivered,2018-08-27 22:54:07,2018-08-27 23:05:16,2018-08-28 13:43:00,2018-08-30 20:32:38,2018-08-30 00:00:00
a60d571514c73cfc7655d67c75ed82c7,ad5945bdec9120fbc7eab1a9746695a7,delivered,2017-04-25 09:50:01,2017-04-27 10:32:03,2017-04-27 07:18:06,2017-05-05 18:58:07,2017-05-26 00:00:00
591398abee6f2509ff5cdb6e5068dc27,aed1f857920f7e2b29ba9c65866fd224,delivered,2017-07-25 13:16:11,2017-07-25 13:25:19,2017-08-01 21:22:10,2017-08-12 12:39:50,2017-09-01 00:00:00
f38bf6fe56ece7d6029b0c1dfaa00276,debbe37150b6292d513552862564809c,delivered,2017-06-27 14:01:26,2017-06-27 14:10:21,2017-06-28 15:19:34,2017-06-29 14:44:28,2017-07-12 00:00:00
6df3204d235cde9188ca8235366848b7,bcd3b772c85178c6ed242c4583634ee5,delivered,2018-03-21 11:28:35,2018-03-21 11:48:06,2018-03-21 22:05:20,2018-03-23 18:22:13,2018-04-13 00:00:00
2b9fcc0b86e42aaa05818596c7d9299a,95ac0014a9d1cd441615173651fa0a1d,delivered,2017-11-16 17:00:37,2017-11-18 02:49:04,2017-11-21 22:35:43,2017-12-01 21:29:33,2017-12-18 00:00:00
5fe46d14177744ae2180101ce19bb414,8dcc5cd0569e6c1cfd0444e4a26419d4,delivered,2016-10-07 10:06:58,2016-10-07 11:39:34,2016-10-15 10:32:35,2016-11-01 16:37:59,2016-12-09 00:00:00
7c14826dc2064f880f7652f2b1da73e4,459d2dd32c51b04f7abbeeaea3e7817b,delivered,2018-07-30 09:37:39,2018-08-01 16:31:38,2018-07-31 11:19:00,2018-08-03 19:47:31,2018-08-08 00:00:00
c51ac8cd56af613cfb3e2c369123b13e,953b0a0f6715248c04f170568a6c7447,delivered,2018-07-24 20:40:54,2018-07-24 20:50:29,2018-07-25 13:19:00,2018-07-30 16:38:38,2018-08-20 00:00:00
d121cbcb7091fbd55ad0344e0f045982,4068269eb194e5957c5b2abce6939ee4,delivered,2017-04-16 09:41:25,2017-04-16 09:55:09,2017-04-18 15:44:55,2017-05-03 15:42:52,2017-05-18 00:00:00
fe47e32d0b287864d6165d74e35dbb24,2d6da4042469910884f3a942f857e677,delivered,2017-09-07 13:44:33,2017-09-07 13:55:18,2017-09-11 19:28:00,2017-09-20 13:24:06,2017-10-03 00:00:00
0b4ff1c8f1d6e97ccd8e3ff14b4a663d,37545d081a2bd27b805a154aa6ac3a73,delivered,2018-05-01 18:39:33,2018-05-01 18:54:08,2018-05-03 14:29:00,2018-05-08 20:08:42,2018-05-28 00:00:00
6417f67a71244b412018b626fcb084ee,7e9eaa6e37766b7066e95f9153958dcd,delivered,2018-08-10 08:09:28,2018-08-10 08:25:09,2018-08-10 10:25:00,2018-08-27 13:02:58,2018-09-03 00:00:00
c4746ccd04aef8864a52efd2b5fa6c1f,ab132cd403ba599bc39ab58202cfa789,delivered,2017-11-18 11:57:21,2017-11-21 03:53:22,2017-11-23 18:42:19,2017-12-07 19:22:41,2017-12-12 00:00:00
62b2d948f0d2de4fe48b034bbdedf94c,b75b98505892c6caa0292f5abe181ef6,delivered,2018-06-18 08:37:00,2018-06-18 09:01:15,2018-06-18 14:16:00,2018-06-26 17:31:37,2018-07-12 00:00:00
bdbe8da70dcc6e6a23a1893aa359d547,3a4f1f119930e2189a86a6d228f02736,delivered,2018-04-15 21:43:52,2018-04-16 21:52:25,2018-04-18 17:26:21,2018-04-28 16:36:39,2018-05-07 00:00:00
d699f9002b554ba113242e137107125a,b7e54c39cd257eee0fbfea32e550d84b,delivered,2018-02-28 23:30:36,2018-02-28 23:48:19,2018-03-01 19:48:25,2018-04-04 17:12:47,2018-03-27 00:00:00
ec089ea63c9167d2ee9a19ab32d22062,1df222087ffead2c284860cfbd77353c,delivered,2018-08-06 23:52:06,2018-08-07 00:50:13,2018-08-07 15:08:00,2018-08-13 22:16:34,2018-08-14 00:00:00
5e72e690a237d037ac0c7cec81dec909,d73e78a0ebcdac80f93f4b9726c6090a,delivered,2018-01-05 13:43:41,2018-01-06 13:37:02,2018-01-08 21:49:50,2018-01-15 19:23:06,2018-02-01 00:00:00
2c42da58ddeeeffa46d6ddc5e6725e31,7bcc8224c35b0255465d83404c662c23,delivered,2018-06-18 22:14:06,2018-06-18 22:37:05,2018-06-19 10:54:00,2018-06-23 16:46:32,2018-07-12 00:00:00
0b98d69e5b550f6727dc0beb88d1694b,0c5609d2ffeb93f99526462c979f5310,delivered,2017-10-11 13:35:05,2017-10-11 13:49:27,2017-10-13 18:41:51,2017-10-24 18:17:57,2017-11-01 00:00:00
4836de5d09ae58d55773d2e0179dccba,27aaeddca599950cc228761e44d961fe,delivered,2018-05-16 13:03:59,2018-05-17 03:16:19,2018-05-17 14:34:00,2018-05-22 16:42:51,2018-06-05 00:00:00
80bf5465cc35f5b4d33de5b5e7cfb0e9,56c930e539e342f070d8a041f9412e5b,delivered,2018-04-07 23:37:15,2018-04-08 23:30:22,2018-04-11 22:06:24,2018-04-13 22:08:42,2018-04-27 00:00:00
d2552e76ec6452aab67702bf3ca27f7b,e5675d86e4afbc561a4beec7775961ed,delivered,2018-04-24 16:03:10,2018-04-26 04:10:56,2018-04-27 14:06:00,2018-05-07 22:12:00,2018-05-28 00:00:00
d6e88a486d079e03b7c919b73facff35,a7b38ad4f96bb76aa8900033476aae3f,delivered,2018-01-19 14:35:07,2018-01-19 14:57:21,2018-01-19 23:28:58,2018-02-16 10:05:19,2018-02-20 00:00:00
135873f19ffdd8c0841b7e7b7c45220c,c80dacf7bf207169171e7c16acacf880,delivered,2018-07-19 07:21:17,2018-07-19 07:30:08,2018-07-19 13:28:00,2018-07-23 21:42:36,2018-07-27 00:00:00
795bb9f4596c758fdd4a83435bd2bcb0,b1dbcba06e3cd2a7730e15b92d39210f,delivered,2017-06-18 19:51:24,2017-06-18 20:05:18,2017-06-22 16:29:47,2017-06-29 15:59:49,2017-07-17 00:00:00
b7248875eca77a299fa182dc16258c77,c072a080a76a20bf2710e9e90e239149,delivered,2018-02-02 13:22:52,2018-02-02 14:33:31,2018-02-05 18:13:16,2018-02-09 18:39:01,2018-03-01 00:00:00
c024f07f4e10b8bb319211ee4bdd27de,cb54065151fc0e37c78981da5333d98e,delivered,2018-04-07 15:38:53,2018-04-10 04:15:16,2018-04-10 17:48:24,2018-04-20 16:38:30,2018-05-04 00:00:00
5b71dc5aa10d933a7c579eadd1da1894,3a0d9464f949d26dc04a2d4a13e1aac2,delivered,2018-07-20 11:03:48,2018-07-20 11:15:12,2018-07-30 12:29:00,2018-08-03 20:09:31,2018-08-15 00:00:00
1ffb9dc91fdfd3d86671c5dc2a94dab1,b710fefc4bde32cf4e439ecb01c0745b,delivered,2017-05-08 22:15:34,2017-05-08 22:25:15,2017-05-09 15:28:28,2017-05-24 23:27:35,2017-06-08 00:00:00
7d021c7feafd7a1903f66a05481eafa8,bd19c3833cb6433abb56de807eb0c9db,delivered,2018-03-05 17:09:46,2018-03-05 17:48:37,2018-03-06 19:53:11,2018-03-15 15:04:29,2018-03-21 00:00:00
5707df1e7d1d8445c2969eec209a9433,0e358b00a9ec983b8294304c5b66bf7c,delivered,2018-04-19 10:54:48,2018-04-19 11:15:28,2018-04-23 17:11:24,2018-05-26 15:56:44,2018-05-16 00:00:00
3cd74c600666380ec586606e62f1d20d,581bfa7dba0e2af6de4773278a40f128,delivered,2018-05-27 21:42:16,2018-05-28 21:55:28,2018-06-08 13:43:00,2018-06-12 17:58:47,2018-07-12 00:00:00
454a297f19c15e3f7a16c16961029402,d1bae39e16e67e0de7db76605561f3cd,canceled,2018-06-15 23:27:00,2018-06-19 03:36:36,,,2018-07-12 00:00:00
2bf7d37aa300bef762cb89e61ac0195f,2b70fd032228c848dca45390515e75e3,delivered,2017-09-19 11:17:22,2017-09-19 11:35:24,2017-10-02 14:26:40,2017-10-09 20:36:57,2017-10-10 00:00:00
a15c6dda7e45f5df5437f7ceff2f278d,6fa32242ea743649cdd36ee5e906af27,delivered,2017-12-29 21:50:49,2018-01-03 04:12:34,2018-01-03 18:22:54,2018-01-09 20:57:03,2018-01-24 00:00:00
812f5bd0b8bf2c0b7a1ca7589cefac73,96ca1a68160df60b151624cd4a23970f,delivered,2018-06-18 08:40:19,2018-06-18 09:13:52,2018-06-18 14:19:00,2018-06-24 12:42:41,2018-07-16 00:00:00
9ce8bab700f7de85a07a9ee7d4e18ea3,dfba1d9f756dd0de7b16868ff84758c5,delivered,2018-08-01 15:15:05,2018-08-01 16:00:06,2018-08-02 15:13:00,2018-08-14 21:53:00,2018-08-14 00:00:00
a8e3fb06a9b74bd1950e46982e31785b,8188c74760b28a5305cbdfafe183c3f1,delivered,2017-07-19 20:19:34,2017-07-21 02:45:44,2017-07-24 20:04:58,2017-07-27 16:13:57,2017-08-08 00:00:00
69d8df564956c948d93ce70896bbb665,5d5207416114f10802e88a0c121c2bab,delivered,2018-05-03 15:40:43,2018-05-03 15:55:17,2018-05-09 05:44:00,2018-05-14 20:02:44,2018-05-21 00:00:00
b843151eecb19cae9ac31f9b64245df9,620f37f5fe5c09742d29632f11f2b5c3,delivered,2018-05-04 10:14:13,2018-05-04 10:32:28,2018-05-07 15:04:00,2018-05-17 10:51:39,2018-06-05 00:00:00
fe09fd9d707ff0915cdf61375ff70a69,053bad9339f2931b4ff9edf287875a36,delivered,2017-07-22 15:01:42,2017-07-22 15:15:20,2017-07-24 19:05:01,2017-08-04 18:25:17,2017-08-17 00:00:00
969a2e70a6aea318567b09b1b165a52a,987f3e6341b00da1302e1b6867eda73d,delivered,2017-02-06 10:32:17,2017-02-06 10:42:13,2017-02-06 13:47:02,2017-02-15 16:11:43,2017-03-07 00:00:00
87de7ee4012989d6126fe09989746eaf,d750ae01f955a2ee39b07ad92760cbc0,delivered,2018-04-27 15:55:36,2018-04-27 16:11:12,2018-05-03 09:26:00,2018-05-10 17:59:44,2018-05-29 00:00:00
484e56ded428e884844b504d37d0fbca,77ea0ef7f3bcb00b7066ebfe8bca2487,delivered,2018-05-09 00:25:48,2018-05-09 00:35:16,2018-05-09 10:34:00,2018-05-15 17:17:07,2018-06-07 00:00:00
36bf83403fbfa11f0cf0691bb545752e,c9507333f1adf471ae7b77aa0f137277,delivered,2017-11-28 22:46:27,2017-11-29 02:21:44,2017-11-30 17:46:50,2017-12-03 16:58:54,2017-12-12 00:00:00
f72326e05e84a96d5565a8809452238a,8b98b59b683fc78ef2a248040c22fd5d,delivered,2018-01-09 20:14:24,2018-01-10 10:32:00,2018-01-12 14:50:22,2018-01-17 15:59:04,2018-01-30 00:00:00
448665b537bdab4bf716e851df213e2f,10838612801f7a74e2f5531f7df45ba3,delivered,2017-10-12 17:00:33,2017-10-12 17:15:34,2017-10-13 20:41:16,2017-10-19 22:13:17,2017-11-03 00:00:00
a35b086d9dfac1991ee12dd08387c3df,5d146952f0acdbd826edb7fd2fe0e7b0,invoiced,2017-12-08 23:08:08,2017-12-08 23:18:24,,,2018-01-16 00:00:00
4316bb50be3f59538c354e3d820f1d9c,53d0d57a831ac8e59163b26f673c286b,delivered,2017-11-08 16:45:13,2017-11-08 17:30:51,2017-11-09 23:18:37,2017-11-29 23:15:51,2017-12-04 00:00:00
215a2af7298ced2c65d785d397e04880,20704243c0427b370d6def78ecfca2da,delivered,2018-06-21 22:42:52,2018-06-22 10:19:03,2018-07-03 05:40:00,2018-07-04 01:48:53,2018-07-18 00:00:00
b9e69989a006047e2c8ee665b51b10db,21dd1ac1e4a720eb485542edce3b99cb,delivered,2017-02-07 14:24:33,2017-02-07 14:42:07,2017-02-08 15:16:09,2017-02-15 11:09:08,2017-03-14 00:00:00
6b44058917b7d56ae8c4ff52f9c65a2e,1f9da3850213ca78896a0c08e41a5f06,delivered,2018-06-15 09:38:46,2018-06-15 10:00:51,2018-06-18 14:52:00,2018-06-19 19:54:49,2018-07-04 00:00:00
37ec91b7248a28948cfedf05c2a82b15,0443dd75d52f59a5b0061b149534737e,delivered,2017-11-29 14:08:40,2017-11-29 14:29:50,2017-11-30 21:09:46,2017-12-01 18:54:35,2017-12-13 00:00:00
20094b8f6c86b44a261781b9b2aa3b54,3318dece9882e997922d7392849e4e71,delivered,2017-08-15 19:15:31,2017-08-16 19:44:47,2017-08-21 19:27:42,2017-08-22 18:28:05,2017-09-04 00:00:00
157ca6af9e09fbc0742ec25ceb3f0f67,501a71dd201c522f49ddd9630e71f24e,delivered,2018-05-07 18:42:24,2018-05-09 03:51:47,2018-05-11 11:12:00,2018-05-17 19:04:09,2018-06-05 00:00:00
54a4cb7fbd793ac4fa5f2a5dd9e1fe8f,a6f56bc4dd05d5f3ac085cb1f2059b21,delivered,2017-09-05 11:10:05,2017-09-06 02:50:38,2017-09-08 16:57:51,2017-09-13 19:25:53,2017-09-28 00:00:00
a6402daad4bcaddba5bcd6e7ce6336b4,3112bbd2877bb3788014d8d1a2e90081,delivered,2017-07-18 11:40:22,2017-07-18 11:50:30,2017-07-19 19:22:35,2017-07-24 21:23:44,2017-08-09 00:00:00
e33408facb2edeacee1b12d13b100fcc,0c65144301b9eb1274a016aedd1248cb,delivered,2017-03-14 13:41:31,2017-03-14 13:41:31,2017-03-15 10:34:10,2017-03-21 11:51:30,2017-04-04 00:00:00
1e21edc6c6810b5779fa6685c82a6a89,74d3b928afa7a5a2898679551b835833,delivered,2017-08-11 11:14:32,2017-08-11 11:30:16,2017-08-16 13:57:54,2017-08-28 16:32:48,2017-09-06 00:00:00
42bd28552ea6f85e74f4a7ddd47705e8,e29c02f3bed1ee97599b22e64a45afe0,delivered,2017-08-30 07:49:43,2017-08-30 08:03:55,2017-09-04 21:21:49,2017-09-08 16:35:13,2017-10-03 00:00:00
5754566e8ff4366d7b0af3c53e696a7f,77e95630a7f84d9459031bec4830633b,delivered,2018-03-03 09:19:16,2018-03-03 09:30:26,2018-03-07 16:45:23,2018-03-27 18:46:42,2018-03-26 00:00:00
cea0364e8ea12a04f546c4dccc33d293,105a5a1625925a605d7760ad2f26c30d,delivered,2017-05-25 10:20:03,2017-05-25 10:30:18,2017-05-29 11:09:48,2017-06-12 11:53:03,2017-06-19 00:00:00
4c30a2a359ec6761932ab678ab9752b4,8603ee4e79703356c59ceb07a2deb05a,delivered,2017-09-07 08:08:02,2017-09-09 05:10:24,2017-09-11 14:09:29,2017-09-28 11:20:07,2017-10-11 00:00:00
0bfda4d08d29cbf3e31f33c5e213dc77,9bdfd92c9de9aa9e3e00ce21c057ca47,delivered,2017-08-15 11:16:21,2017-08-15 11:43:56,2017-08-21 14:23:48,2017-08-24 18:33:53,2017-09-06 00:00:00
677cebcf344bca22b07250e7548bd8bc,294741bfaf620181357e0e7306681698,delivered,2017-05-01 18:11:52,2017-05-01 18:26:01,2017-05-05 12:32:57,2017-05-23 15:22:26,2017-06-12 00:00:00
434eed8762b5d851fc7ce3bcee924dc0,6fd23de3adc8571bc18b58047bdf6e23,delivered,2018-07-21 13:46:09,2018-07-21 13:55:21,2018-07-30 11:55:00,2018-08-01 14:41:58,2018-08-14 00:00:00
a4c0c3903b0f57f415ce5dc9d3bae784,cc24d407f07daffa567db41bad83a529,delivered,2017-08-05 13:44:23,2017-08-05 13:55:16,2017-08-08 12:18:56,2017-08-09 19:28:12,2017-08-18 00:00:00
9a76a956393708ff6aa96e285bfc7653,79a998553427e62e97245120b8009ea5,delivered,2018-05-31 09:58:56,2018-05-31 10:14:05,2018-06-04 11:59:00,2018-06-11 18:18:34,2018-07-04 00:00:00
7b0fcd13508eefd79ce1d4710d9f18ea,7318f3f3c128dba4acd2259973734d57,delivered,2018-06-01 21:56:28,2018-06-01 22:10:59,2018-06-19 14:10:00,2018-06-25 11:32:34,2018-08-06 00:00:00
f3a33f848e8832a478311936fc91296d,da0ee5f74db80f23d8d83f7a24fedcc1,delivered,2018-08-08 10:07:59,2018-08-10 03:05:27,2018-08-14 11:54:00,2018-08-24 19:25:31,2018-09-03 00:00:00
0c6a35b799f52f904a18f2810c4d1772,ad48ee61dba1606e5ee496ca03710f83,delivered,2017-10-01 12:09:38,2017-10-02 12:24:36,2017-10-03 15:49:00,2017-10-16 19:50:02,2017-10-26 00:00:00
73f41c25f81a3fc68fefa0cdb0c73d97,f94420fefe24486cda8f4c17de67037e,delivered,2018-03-17 19:03:15,2018-03-17 19:16:00,2018-03-19 22:48:47,2018-04-18 13:55:26,2018-04-10 00:00:00
23923af7b4df1da5db096c921e728325,6331b4b146b9f298fef30a6cdb08432a,delivered,2017-09-09 19:17:47,2017-09-09 19:30:17,2017-09-11 20:54:42,2017-09-14 23:16:53,2017-09-28 00:00:00
57ad546c4ee60f252c608efa534c0fbc,b9fd5b4c39fe588051227f447349d1c8,delivered,2017-11-15 02:53:40,2017-11-15 03:07:19,2017-11-16 18:21:25,2017-11-29 21:37:56,2017-12-13 00:00:00
6f836daf60e4b6e978d737f822dab814,b012fad340eb3e8c7d7b2b193be76831,delivered,2017-10-08 20:09:56,2017-10-08 20:24:54,2017-10-11 20:08:51,2017-10-24 20:49:56,2017-11-06 00:00:00
2510edbe89c8a6619825946951fede44,4407dddca7b3871ab10fc818835140a5,delivered,2017-09-21 23:32:26,2017-09-21 23:45:31,2017-09-22 16:22:31,2017-09-25 17:55:38,2017-10-06 00:00:00
a61bafa3b59313a79ecd7be1ca2a2477,5d2c31fb208857c95e5fe089f10e0479,delivered,2018-03-22 22:57:32,2018-03-22 23:10:26,2018-03-23 21:22:06,2018-04-05 16:39:08,2018-04-27 00:00:00
e52e3bb7c81185421afe0e51a9a58b84,2bb888a937b336c2828489c8e5b49e8c,delivered,2018-05-09 10:22:11,2018-05-09 10:35:21,2018-05-10 11:50:00,2018-05-14 21:03:57,2018-05-29 00:00:00
5bf2faa0ca6a4d0baff82907f7495f79,8300b253882166d54df794107d32f0bc,delivered,2017-11-17 22:24:01,2017-11-17 23:31:19,2017-11-22 19:56:56,2017-11-29 16:55:07,2017-11-30 00:00:00
cc5e9d025a1ae5c0918b83318788f125,42e372fe412d18d9887af5d674b4c7ca,delivered,2018-01-26 10:49:11,2018-01-26 11:01:14,2018-01-27 17:14:46,2018-02-01 22:25:13,2018-02-09 00:00:00
da0f19a3cdfb165aec35e395bf5406ea,3ecf287e60258dfed757101c7228bdf1,delivered,2018-04-17 19:05:50,2018-04-17 19:15:32,2018-04-19 19:36:39,2018-05-04 18:24:36,2018-05-18 00:00:00
bbfe26a0861cbb443d2a659879dc0cb0,67603d75e8c5c2703659fecffe85f8c7,delivered,2017-08-30 21:53:26,2017-08-30 22:05:47,2017-08-31 21:17:47,2017-09-05 20:36:50,2017-09-21 00:00:00
2ef6fc47bb9f3e0ac4a943d408fa123f,5299f26b5b5f89cc7bdbfa82c2fe92e3,delivered,2017-02-28 14:19:37,2017-02-28 14:30:11,2017-03-02 11:36:33,2017-03-08 16:06:55,2017-03-21 00:00:00
43aea00688432023d9379f16ecb631b3,e4d7a84047ebee5d6e06108df76d78dd,delivered,2018-06-26 22:23:51,2018-06-26 23:07:49,2018-06-27 11:04:00,2018-07-03 15:58:52,2018-07-23 00:00:00
7da11ffea33e5f6e42aeb19d45e50e31,cd315df8696253c1319ad425de037e8d,delivered,2017-10-14 17:03:38,2017-10-18 03:08:46,2017-10-18 17:48:30,2017-10-26 19:55:11,2017-11-08 00:00:00
033bac5f45a9d0cf7be5e47f03ed1e44,b0ea223f5d75e25779fd005154765c3f,delivered,2017-02-05 17:01:06,2017-02-05 17:10:10,2017-02-07 13:28:10,2017-02-16 14:54:00,2017-03-07 00:00:00
ca2da77928f874f22b190d791d8fc780,b9f9d54696bfbb8181c2e0754ddd8b7e,delivered,2018-02-15 21:25:56,2018-02-16 21:26:56,2018-02-19 17:53:33,2018-02-20 19:04:43,2018-03-01 00:00:00
f797c7f21e67c1f4ccca1caf68287ba5,6a7c981e814eb0d050b3293ab8f41af8,delivered,2018-06-28 16:47:58,2018-06-28 16:55:29,2018-07-03 10:05:00,2018-07-05 23:08:49,2018-07-26 00:00:00
d416e69ac2b8a56d17f9b3ad10bb37b0,918682ce20388377743df77dd23645ef,delivered,2018-05-23 11:58:01,2018-05-23 12:15:01,2018-05-28 12:38:00,2018-05-29 15:56:50,2018-06-19 00:00:00
fe4a285b8a60b67f05e9767412f5b93c,be46df4794953311371e51623e1a1835,delivered,2018-08-23 12:56:27,2018-08-23 13:05:15,2018-08-23 13:15:00,2018-08-27 08:24:45,2018-08-28 00:00:00
264ab2016a5152e0d554f11fb4324d80,188ea0f9daa3db8d23f2b825ada26485,delivered,2018-05-18 23:44:29,2018-05-22 08:33:53,2018-05-24 07:06:00,2018-06-13 19:58:20,2018-06-05 00:00:00
3b605dc5eb6e1c1bc6d88b500772567d,da77a9b3beae6f34b9bd97fa26285664,delivered,2018-01-14 20:03:58,2018-01-14 20:14:26,2018-01-17 22:12:21,2018-01-25 13:13:46,2018-02-19 00:00:00
e4b437b9b4e691fcbeda579782c84954,601a2aa2741cca3ed4e8cb92d34e3397,delivered,2018-02-06 08:56:48,2018-02-06 09:10:14,2018-02-07 23:33:18,2018-02-21 03:59:07,2018-03-14 00:00:00
b7f8b0ec8242c32730504ca558390211,818aa1212d9e31bf20f835eef11cffdd,delivered,2018-03-02 14:56:52,2018-03-02 15:15:28,2018-03-05 20:17:02,2018-03-29 21:45:34,2018-03-20 00:00:00
24e3104e1b85e87a36644fa9530bc9b4,e7e691951b9a5d1b3f7d6f3953d2f0a5,delivered,2017-11-10 14:19:52,2017-11-11 02:50:33,2017-11-17 11:06:56,2017-11-20 17:58:49,2017-11-27 00:00:00
f6f0b540e89f9b3f6f256e9c5c739f6f,45632580026f9ec1b0b512437cc31fe4,delivered,2018-07-01 11:24:10,2018-07-05 16:03:22,2018-07-05 14:58:00,2018-07-10 18:04:51,2018-07-18 00:00:00
5a18318628961a2982d19b5ef6026e2b,25b1719c0299fd49ac7adcda9e05da38,delivered,2018-02-24 17:49:15,2018-02-24 18:07:25,2018-03-02 22:13:37,2018-03-19 17:28:52,2018-04-03 00:00:00
b87f0af53388149e08ee91a0b00816a0,fb2723ec0f0d66b08daab79d416b1765,delivered,2017-12-25 00:08:10,2017-12-27 04:09:48,2017-12-27 21:59:21,2017-12-29 18:37:00,2018-01-22 00:00:00
c8826f96345684006a11c8369cbc3457,b9182ef1cba7fc267c6e2404cce8f575,delivered,2018-06-10 19:44:09,2018-06-11 20:05:27,2018-06-12 08:16:00,2018-06-15 01:12:20,2018-06-20 00:00:00
1c7cb97df72bc6c604e6019104e2b2b0,71d1b32e176a27a0cef466de5e303c50,delivered,2017-03-14 17:35:44,2017-03-14 17:35:44,2017-03-15 14:00:12,2017-03-21 08:42:12,2017-03-31 00:00:00
c33368133f0a06d3c803f11e48f17309,046219c81738d6ee539ff6c04faa8575,delivered,2017-11-11 21:39:07,2017-11-11 21:50:37,2017-11-14 22:06:46,2017-11-27 14:32:22,2017-12-12 00:00:00
f0ec9e0d0b7dc986a44094cb9ad62d40,d1b609ea6019690c926e752444343efe,delivered,2018-03-20 15:43:28,2018-03-20 15:56:08,2018-03-24 00:51:43,2018-04-12 20:40:42,2018-04-23 00:00:00
9287e4565306ec8435df6a40c6f481ac,f4cf791c1b6a500f0140aa4cb7503f8b,delivered,2017-08-29 22:51:26,2017-08-29 23:06:23,2017-08-30 13:35:54,2017-09-12 16:53:53,2017-09-26 00:00:00
4e6d546fa72049694bdc912c60fc4953,2842a713be186f048490153c66d876ae,delivered,2017-11-19 10:21:25,2017-11-19 10:35:19,2017-11-22 14:53:51,2017-11-23 21:33:03,2017-12-04 00:00:00
9dcc4e7d4978e71c0c8c8562a72935fd,b8e4ac09d4bd2a74ff84aca7d2ffd511,delivered,2018-07-24 23:12:10,2018-07-24 23:25:09,2018-07-26 15:12:00,2018-07-27 20:34:22,2018-08-07 00:00:00
3f44a9cda1067ebddb007aa20dd36bb8,4d24bcf4581b968e3beef8333d0df649,delivered,2018-04-15 15:09:07,2018-04-15 15:30:26,2018-04-16 21:56:53,2018-04-17 21:41:42,2018-05-03 00:00:00
0dacf04c5ad59fd5a0cc1faa07c34e39,db13a417a95ad304e9674468c17ade85,delivered,2017-12-19 13:14:37,2017-12-19 13:32:58,2017-12-20 20:28:58,2018-02-21 01:25:41,2018-01-17 00:00:00
b986ced186e623c3fa979ee09cb4d300,7d8c3a90378f108950bc1f34e987df90,delivered,2018-07-12 15:27:32,2018-07-12 15:45:46,2018-07-23 15:59:00,2018-08-01 00:42:00,2018-08-10 00:00:00
d45b396bb4c8c3aad3b68edadb33ecf1,9979632fdd77b818a02dc214d57752bd,delivered,2018-03-26 10:11:55,2018-03-26 10:27:19,2018-03-27 02:36:29,2018-04-04 18:33:13,2018-04-12 00:00:00
fc1ab24eec2f8d6df1c9afb1e55e84c3,7de6a31b13eb6248852dbdf42611015e,delivered,2017-06-09 19:58:53,2017-06-09 20:10:17,2017-06-13 15:14:09,2017-06-22 17:34:08,2017-07-10 00:00:00
d3d00f8dbea1b9d5ef529fbf674c9a58,29a5c63da0bab501e5166734eb7cdf4c,delivered,2018-04-30 21:00:40,2018-05-01 03:15:44,2018-05-02 14:47:00,2018-05-07 14:12:06,2018-05-21 00:00:00
5409caeb5a9baefa9e8316e7854e532f,5774503f5dbbcd09cb88a1fa32f4f88d,delivered,2018-06-30 12:16:02,2018-07-05 16:04:21,2018-07-03 14:54:00,2018-07-06 10:48:39,2018-07-26 00:00:00
e099b030dac1101edbd12206ce97d6b6,c4a04664ee7c04ed7a9ddcd99e07e761,delivered,2018-06-15 12:48:46,2018-06-18 15:56:57,2018-06-20 17:12:00,2018-06-24 13:28:33,2018-07-05 00:00:00
f230d0ec9b4090458ee413fc7393a5c2,65bee79829145e9bb5772e7a41f35a7d,delivered,2018-04-08 07:50:37,2018-04-08 08:09:32,2018-04-09 18:20:39,2018-04-16 18:40:44,2018-05-08 00:00:00
6deb36cf66e9099e0a5896a34db6c7c2,06de5c754510bc13915d1bb9617fdadc,delivered,2018-02-21 21:34:05,2018-02-23 02:08:54,2018-03-02 23:22:56,2018-03-23 18:37:21,2018-03-16 00:00:00
0be2a2a52adfb0963b9bb86b3b668b90,b3f0f75df1c064dea7888f0afe738b4d,delivered,2018-05-08 21:04:24,2018-05-08 21:15:28,2018-05-09 15:39:00,2018-05-21 20:48:51,2018-05-29 00:00:00
845a50530bb296929ceef779acdc52aa,f422f3383e4607747264dd6be4408c25,delivered,2018-07-17 17:28:51,2018-07-17 17:45:09,2018-07-18 11:40:00,2018-07-30 21:51:22,2018-08-20 00:00:00
58fc974f8e0ddd9ce549e3272d0140c0,1e7862bc2a60cacd519ce1af310ac766,delivered,2017-01-30 23:40:39,2017-01-31 01:34:05,2017-01-31 08:47:59,2017-02-08 13:46:13,2017-03-07 00:00:00
57e0ef9b41be8a4b90a17f09290d6d47,5981f77b6ac0b96659b80ef759a9ad8f,delivered,2018-01-10 10:03:06,2018-01-10 10:31:41,2018-01-11 15:46:29,2018-01-24 19:51:56,2018-02-06 00:00:00
9c5e59d13402e43348641c0293487f76,9d9addc37267270ff9165305944bc9eb,delivered,2018-08-19 18:19:11,2018-08-20 12:50:25,2018-08-21 13:25:00,2018-08-28 23:36:36,2018-09-04 00:00:00
1528738cc47c58535712cd56c0f4ad9b,13cccd43a240ebdf4cba52bdcb61b97b,delivered,2017-11-24 19:54:51,2017-11-25 05:15:26,2017-11-30 18:29:24,2017-12-12 00:25:28,2017-12-14 00:00:00
7e1aa5eb9a99e5ea0681a7dd4bf95e08,154e754af04fd5ba0b7afaad0a638616,delivered,2017-08-18 18:04:27,2017-08-18 18:30:17,2017-08-21 22:46:42,2017-08-25 10:23:21,2017-09-08 00:00:00
e71d2b91255cddf5f4c05e326feea79e,c53f7d6186656381fa2ff8b9bb034302,delivered,2018-01-06 21:33:56,2018-01-06 21:46:48,2018-01-08 21:29:31,2018-01-11 20:37:59,2018-01-31 00:00:00
1ff217aa612f6cd7c4255c9bfe931c8b,b3a9bf200375f53cc5c6991919c356fd,delivered,2016-10-04 09:16:33,2016-10-04 09:43:32,2016-10-21 16:33:45,2016-10-24 16:33:45,2016-11-24 00:00:00
79f31a7e6b20571d229c2b79cd8c6b54,8f0b5e2b29d170d022d575a3630b429d,delivered,2018-08-04 17:45:43,2018-08-04 18:04:15,2018-08-06 16:52:00,2018-08-13 21:48:23,2018-08-24 00:00:00
256d17dcfae69f2c09f3ab3daf76b0ef,9ee9778d9731b64524a787829a61a2aa,delivered,2018-02-09 10:38:32,2018-02-10 02:49:21,2018-02-16 20:23:22,2018-02-24 12:15:02,2018-03-06 00:00:00
93c7ec2b9638f73ddcaefac525f4d7b6,0a6f43d2b03473a5c59ba520a15eb44c,delivered,2018-03-02 16:12:12,2018-03-02 16:31:37,2018-03-08 19:48:29,2018-04-14 12:38:29,2018-03-22 00:00:00
5d7ac6a387319785f60ff58860a82e7e,013e5c6a0f2d8fef75ebb90f05b0ca59,delivered,2018-04-16 00:50:40,2018-04-17 00:50:18,2018-04-17 22:21:44,2018-04-18 22:31:45,2018-05-03 00:00:00
2526fad09d8d63162755823fcf8d610f,c9cbb7812e672e5691f82619fc2a147e,delivered,2018-03-11 20:08:03,2018-03-11 20:48:00,2018-03-14 01:09:56,2018-03-17 10:45:47,2018-03-28 00:00:00
9b2ed38884a6f4e144ec6ad371ac4112,5c9da7c46add2a59a17f6b8d5c795afe,delivered,2018-04-24 13:40:09,2018-04-24 17:45:53,2018-04-26 12:53:00,2018-04-27 17:15:35,2018-05-11 00:00:00
283bf1118a872ce76471f83be536cdc8,6748ba2271afd751721c86c713be024b,delivered,2017-11-28 16:57:21,2017-11-28 17:15:12,2017-11-29 19:45:15,2017-11-30 16:26:59,2017-12-14 00:00:00
a1102ae16d394581791ecaf53f5aec6f,e3ce9e46e280d1ef5d646f56de37ebe5,delivered,2018-02-15 12:28:43,2018-02-17 03:47:59,2018-02-19 18:57:34,2018-02-21 21:33:49,2018-03-02 00:00:00
6da773deea92afdc15b0010a39d2430e,9665fa0edaaf2d634f3e834efd219267,delivered,2017-08-23 08:25:18,2017-08-23 08:35:21,2017-08-25 20:33:10,2017-08-28 11:43:39,2017-09-05 00:00:00
20368ff725d0f3b5adf1ab319ccecb62,d28af23ed5eff79ffd0464bf67d45b8a,delivered,2018-01-13 12:53:33,2018-01-13 13:09:41,2018-01-15 22:21:44,2018-01-17 20:37:39,2018-02-01 00:00:00
9156ebc5786466511701db24f06c5daf,170aa1c2c42c8d22996f6edb9567f3d3,delivered,2018-02-02 13:50:20,2018-02-02 14:51:51,2018-02-08 00:09:58,2018-02-17 11:54:45,2018-02-26 00:00:00
567cb4e829743d8cc4dd3dc72b6d7136,002ce108ccf0356ef5c8b1dce3c0ae29,delivered,2018-06-06 17:22:52,2018-06-06 17:35:25,2018-06-07 13:38:00,2018-06-08 19:59:36,2018-07-03 00:00:00
9a8eefb69c5d2e80ef6ff433bece816d,6f8c09c3f8d2a8985268d3134d993c58,delivered,2017-05-24 23:07:31,2017-05-24 23:15:18,2017-05-29 08:05:45,2017-05-30 10:46:58,2017-06-06 00:00:00
25b07f3f8652eeb49c6badad653a014b,052de1fe665ac4765f9f00a663057442,delivered,2018-08-11 14:20:29,2018-08-13 21:15:24,2018-08-16 15:18:00,2018-08-21 21:20:56,2018-09-25 00:00:00
6d86e90b2538097e14e7868abc08c234,936c9439ded06e68fb2f8156c6e4e355,delivered,2017-11-24 14:19:20,2017-11-24 16:32:18,2017-11-28 23:25:47,2017-12-07 17:31:55,2017-12-14 00:00:00
f8b03167e5ba1a53c4cf71a6980ac365,291de21e7af40531dbb32f8af3309cf8,delivered,2018-04-04 11:28:11,2018-04-04 11:49:22,2018-04-05 19:12:35,2018-04-12 19:16:54,2018-05-03 00:00:00
544d1f9c5ee516c32d95b568fcc23979,640723015b42f134065fb1f17d15a496,delivered,2018-05-11 13:07:15,2018-05-12 03:32:09,2018-05-14 15:41:00,2018-05-24 15:08:40,2018-06-05 00:00:00
a04a09199fc0fc084effc228a81249eb,91ee1e782c3e581c09b679fbf19224ea,delivered,2018-06-11 02:40:42,2018-06-12 04:17:31,2018-06-12 14:44:00,2018-06-18 15:12:30,2018-07-11 00:00:00
b1e602c4c179bc28b8b7acda8ea946d1,b66747a019ea5e7f3ba5ce049592027a,delivered,2018-06-18 21:01:35,2018-06-18 21:17:59,2018-06-19 12:21:00,2018-06-28 23:08:48,2018-07-17 00:00:00
fa710f5c53997c4bbed66aedea46a917,7e2bd60b5ee3ab6181ab3f6af2b27549,delivered,2017-10-29 18:56:51,2017-10-31 04:06:20,2017-10-31 18:48:48,2017-11-06 20:32:49,2017-11-24 00:00:00
26c084716c9bc79a4c2991046075e05a,cbcbd1f927339caf11a9dd23b5a461b6,delivered,2018-05-15 20:26:11,2018-05-15 20:35:18,2018-05-16 14:51:00,2018-05-17 16:44:39,2018-05-23 00:00:00
ba42c755d2fd20af5e6ccc193942e46d,85137f7d55bfc6519ee5235ded63f386,delivered,2018-02-02 12:11:43,2018-02-03 02:55:20,2018-02-06 21:26:51,2018-02-16 23:52:19,2018-03-01 00:00:00
6342949969bcfd05fe93e0de9f27494a,eed42f4f54e24cd19f809958a4735cbf,delivered,2017-05-05 18:23:07,2017-05-05 18:30:21,2017-05-08 11:43:57,2017-05-20 19:54:36,2017-05-30 00:00:00
75e6eea3103ed05319ebfb5947e94b02,3cdaeb38eeda0b1d00cc914d16c3cd7b,delivered,2018-07-05 21:40:47,2018-07-05 21:55:15,2018-07-10 06:42:00,2018-07-28 19:31:29,2018-08-02 00:00:00
b88684db7b8ebb92f476c54dbdf76913,afc09b8f0ee2950d083a5367c077b4ea,delivered,2017-03-29 11:44:01,2017-03-29 11:55:16,2017-03-29 14:14:14,2017-04-04 13:13:54,2017-04-20 00:00:00
13252181a93b4bad74b1611626df60cb,eecbbd8f0c46f26f7c86883df3343757,delivered,2018-01-12 21:40:39,2018-01-12 21:50:19,2018-01-16 20:21:49,2018-01-19 10:37:57,2018-01-31 00:00:00
2f22ca11baeca9b4aa3f04aa2b1cf6a8,919207acca225d17abeff7ab2ae6aa31,delivered,2018-05-03 22:58:11,2018-05-03 23:10:46,2018-05-07 14:48:00,2018-05-08 17:47:36,2018-05-18 00:00:00
9502098c0c48725f2b3dc32ff2a01466,44a7d00cf2d850e47fa2694eeb62bfca,delivered,2017-07-01 19:23:49,2017-07-04 04:44:33,2017-07-07 20:29:28,2017-07-14 15:45:45,2017-08-01 00:00:00
b6d5aa492dcd580cf6abc148a743a8cc,1b92ac06795410c4ef23420872a93ab2,delivered,2017-12-21 11:24:33,2017-12-21 11:36:27,2017-12-22 16:17:55,2018-01-04 17:43:44,2018-01-22 00:00:00
e417e04e3bc1fdac9c19f9fc5e137527,49595e928b7aaa0e986f36f8f4bdf609,delivered,2017-11-05 20:51:44,2017-11-05 21:06:31,2017-11-06 19:28:45,2017-11-07 16:18:55,2017-11-21 00:00:00
7d2260eb32d8ffa02b4f4d6cad00d3e9,38adc9c78c7e523c4d11501c90585b0b,delivered,2018-01-14 19:32:28,2018-01-14 19:48:38,2018-01-19 14:29:05,2018-02-04 18:08:53,2018-02-08 00:00:00
011108c8a3d6eee6807f48a2e639439f,856423159bb2e932fecbc5917bce21be,delivered,2017-04-25 17:25:23,2017-04-25 17:42:48,2017-05-04 13:59:36,2017-05-19 09:26:41,2017-05-16 00:00:00
71c1a607d67393d01bef51c097368feb,ee62ccc1b368643dc5205c67379c52fc,delivered,2018-01-30 09:56:48,2018-01-30 10:14:51,2018-02-01 00:24:54,2018-02-06 16:07:19,2018-02-21 00:00:00
ea9070e0203001391550a543c3c33d3b,9c39df44c586da760fc328d8cf2f2555,delivered,2018-01-17 16:24:47,2018-01-17 16:35:21,2018-01-18 22:32:42,2018-01-22 23:28:26,2018-02-01 00:00:00
481474f010c7ba31ed88a2af403c0926,f6dd33efc35027b6c112319278461695,delivered,2018-08-02 18:14:28,2018-08-02 18:25:28,2018-08-03 20:01:00,2018-08-06 21:26:26,2018-08-07 00:00:00
f8f0a2ea20c23215420ae3d9e7fa4f99,37b1fe42b5b139ba20bb3e514809ff6c,delivered,2018-08-23 13:28:02,2018-08-23 13:44:47,2018-08-23 13:51:00,2018-08-28 18:14:31,2018-08-30 00:00:00
5dd47ef6835a273cdef464b77feacc62,ddb9ebb22b6b4a9a93532d5b61f78563,delivered,2017-11-24 00:35:48,2017-11-24 01:10:16,2017-11-27 15:24:24,2017-12-04 14:47:12,2017-12-14 00:00:00
9611ab69e91e4ac464dc5db706daf0e6,24b0dd166675f7977b8a696d61e548d1,delivered,2018-02-12 18:52:16,2018-02-12 19:28:03,2018-02-15 19:25:06,2018-03-19 13:20:28,2018-03-15 00:00:00
19ee088b8cb4afa401a748f8437135d1,85a0f9b7de741202663cd284bab26e93,delivered,2018-08-26 22:50:16,2018-08-26 23:04:24,2018-08-27 11:43:00,2018-08-30 16:57:40,2018-09-04 00:00:00
27863884193fa88ed79c356f4f568fe7,6db7d2433a64ccb8a2258d3282007b7a,delivered,2017-02-10 16:27:07,2017-02-11 02:55:17,2017-02-13 12:00:45,2017-02-20 12:31:39,2017-03-21 00:00:00
20726d9c26a08e996331e14b78f0d032,6aca3b99950922134b9b05a3a63f2f73,delivered,2018-05-16 10:20:37,2018-05-16 10:37:25,2018-05-21 15:39:00,2018-05-22 17:54:43,2018-05-29 00:00:00
7802207732bf2bf55f1994667489339b,9b4f2198d678fac1f1eff05da5061c44,delivered,2018-07-25 11:04:58,2018-07-26 03:25:17,2018-07-26 09:33:00,2018-08-01 00:36:55,2018-08-14 00:00:00
50c4d73707f3154c08eb85d0fd1e5149,923c66d220bd6cc4760eb719e35f0b2f,delivered,2018-06-19 23:13:23,2018-06-21 03:38:48,2018-06-21 15:12:00,2018-06-27 16:18:42,2018-07-16 00:00:00
2f9476263ce8bf1f37045cff473fc886,44720a4d1f25b01c10c75ec4b67e76e0,invoiced,2018-07-24 15:51:16,2018-07-24 16:05:10,,,2018-08-15 00:00:00
c359ea677d56a4dc741b767e413a23f8,d3bdb756eacb9782f62c4161f79ba2f4,delivered,2017-06-19 23:48:15,2017-06-21 18:34:41,2017-06-22 11:54:20,2017-06-29 12:51:58,2017-08-10 00:00:00
b354e00a3502421985f7e167ea7d71e7,ad2f21cae206064271be5d1b8d4847b4,delivered,2017-09-17 22:31:03,2017-09-17 23:20:40,2017-09-19 21:03:15,2017-09-21 21:33:06,2017-09-28 00:00:00
aa7c4f87e8a4651e709bb23f0aee94c9,06c3b109d1739bcb38d35bc625ba06c3,delivered,2018-07-31 19:33:35,2018-07-31 20:23:53,2018-08-01 09:58:00,2018-08-07 19:08:33,2018-08-24 00:00:00
fe9ada7f3e7d6b80fdc7ef06df755976,87f98bd940f6683f5f4af3d649d05be7,delivered,2018-02-06 16:26:21,2018-02-06 16:35:39,2018-02-08 22:23:12,2018-02-23 16:39:23,2018-03-05 00:00:00
86c6c3546ddb538fc5ac9ed718d6a8de,42cd00c8e827f807e3a23ad112f9ed86,delivered,2018-02-28 11:00:26,2018-02-28 11:10:23,2018-03-05 23:43:27,2018-03-13 20:58:45,2018-03-19 00:00:00
86b71e20160a9da812c97f9705d1b5af,8812ce9218b761790dcae63909af684c,delivered,2017-12-05 06:57:41,2017-12-05 11:06:25,2017-12-05 20:18:46,2017-12-16 15:03:23,2017-12-28 00:00:00
bee70b1bdf09a04f13d64f908f9bce29,27ba2bd6d097151f42bbe07e058a80b6,delivered,2018-01-18 13:43:56,2018-01-20 09:07:45,2018-01-22 23:54:58,2018-01-26 20:56:53,2018-02-05 00:00:00
1d550821ddf4dbf2ec30545f33108874,9ea58da8a1c1d2896b9d2efc27b43e41,delivered,2018-05-03 19:31:15,2018-05-04 19:34:21,2018-05-07 14:27:00,2018-05-14 15:57:03,2018-05-23 00:00:00
c47b1491cd81b1f69d3a774637a45033,9b867d3ec498bd0f095d03b282d1aeb7,delivered,2017-10-15 10:29:07,2017-10-15 10:49:16,2017-10-16 20:22:21,2017-10-23 17:02:49,2017-11-08 00:00:00
610cf84bb1c6bb3ca1d32ee570a5f89a,7c45ee8b59c28121eb585235e27138f4,delivered,2017-11-25 20:57:43,2017-11-28 04:31:08,2017-12-04 15:22:18,2017-12-15 18:47:58,2017-12-27 00:00:00
e3406c9214774d66295ee5aa96724ef6,298bca5aff2d6407e8f6f356da8f4353,delivered,2018-07-27 16:08:21,2018-07-30 19:31:38,2018-07-31 12:57:00,2018-08-07 15:43:48,2018-08-16 00:00:00
9b959fa2a6e44d5301822150a060b9b4,6e4368a227d0f8e25cd7a533d1e781d5,delivered,2018-05-14 10:39:14,2018-05-14 10:55:20,2018-05-17 14:34:00,2018-05-19 16:44:36,2018-05-25 00:00:00
7a66067b9e10d4702dd4acd8c3def707,40eb0a4998161dfa5723e56c65d7f1c2,delivered,2018-02-08 23:04:47,2018-02-08 23:27:30,2018-02-09 23:39:42,2018-02-10 13:33:21,2018-03-05 00:00:00
defc6ae6af0b116d0e57f31da990ef70,2e677ecb88ca16a7f401ca9b5655286d,delivered,2017-05-30 20:30:28,2017-05-30 20:45:15,2017-05-31 09:23:07,2017-06-23 11:22:00,2017-06-28 00:00:00
2c484d3ab813a339e8c4e18175dcb144,2354967ec18c822dad406707e39b8b34,delivered,2018-03-31 19:04:37,2018-03-31 19:15:15,2018-04-02 16:16:56,2018-04-11 22:08:40,2018-04-19 00:00:00
7bbfb7b266a0dd8e46dce73cbd9a64b5,86ee15caf2977e05352f37911a0f71bc,delivered,2017-07-04 18:42:43,2017-07-05 17:41:59,2017-07-06 12:56:29,2017-07-07 18:49:54,2017-07-17 00:00:00
126f2d9c30f82426d0016b3a970c6fd1,c4acd09d0272bf794475310d5a14981f,delivered,2018-05-11 09:30:22,2018-05-11 09:48:33,2018-05-11 14:45:00,2018-05-16 11:12:37,2018-06-05 00:00:00
26129745e391aef6de37c94e29d34f11,21d04e5e5388dd3c8964b60f9354c34d,delivered,2017-11-28 16:44:09,2017-11-28 16:58:32,2017-11-30 18:48:50,2017-12-21 15:42:46,2017-12-21 00:00:00
a8dca6a1942e9103b78f5aea8b50a884,5e1dbbe153c43c9a400ca2f548ac2db6,delivered,2017-11-24 13:08:44,2017-11-24 15:14:40,2017-12-05 00:57:02,2018-01-05 16:49:25,2017-12-15 00:00:00
20c50b79ccf3492546de6ef891c03ebd,f9571e20983191e5d5d13f9103581c11,delivered,2018-07-12 10:59:14,2018-07-12 12:06:02,2018-07-18 13:36:00,2018-07-26 23:52:34,2018-08-03 00:00:00
8705952cd7acd4e5d97fd2f650fb072a,6feb55c5921603872716b00590f643fa,delivered,2017-06-06 10:42:51,2017-06-06 10:55:14,2017-06-07 13:49:26,2017-06-14 08:32:27,2017-07-03 00:00:00
6cedba94f8e590847115a3beec40a4a9,ecf10955a3d2fd47abb208b18705d7fc,delivered,2018-02-16 12:21:11,2018-02-16 12:30:35,2018-02-19 19:06:40,2018-03-21 20:08:22,2018-03-13 00:00:00
93999ce665023ff8268e26a12fc25bc3,f693a616b17d72422b9cdfdeba90252f,delivered,2018-02-06 10:49:35,2018-02-07 03:10:08,2018-02-14 17:47:09,2018-02-26 21:43:26,2018-03-05 00:00:00
102dff93d9ff9180027b57feff2f34cc,607f61c673a8d9f19a81f89a9fb081bd,delivered,2017-07-13 03:15:21,2017-07-13 03:30:06,2017-07-13 16:39:54,2017-07-14 16:16:47,2017-07-26 00:00:00
6ca082050a10dae5dab834fd026cce34,cbafcae6785f52f8deac0cfdf3e3fe01,delivered,2017-11-17 22:07:28,2017-11-17 22:26:09,2017-11-28 18:42:05,2017-12-01 17:45:03,2017-12-06 00:00:00
a84a2c86f42a79c101ac5783d3881645,f846253dc08e8b7795097475a05ab860,delivered,2018-01-23 21:08:19,2018-01-23 21:20:26,2018-01-25 15:58:51,2018-02-14 14:35:15,2018-02-20 00:00:00
f47f217e6978ad1f6991ec7d9444b0eb,31368b408d16b4b87746e04755b8b870,delivered,2017-01-31 19:17:03,2017-02-02 02:50:35,2017-02-02 18:16:07,2017-02-08 07:21:26,2017-02-27 00:00:00
fe7edde8e7e558480c547a75af47bde8,63780f9d765244d69b1059b12aec2317,delivered,2017-08-18 23:09:46,2017-08-18 23:24:33,2017-08-22 19:42:14,2017-09-12 17:27:52,2017-09-27 00:00:00
145afae38debe68ec37d5671526db93e,3c1e577269427d7d74cd119fb52a68d1,delivered,2017-10-18 20:55:18,2017-10-20 02:45:42,2017-10-20 19:36:41,2017-10-27 18:17:51,2017-11-10 00:00:00
07e5349fe32847b4bc266836cda0705c,053f9f6d14eae73c5dcd35952b42f44b,delivered,2017-11-27 16:44:36,2017-11-27 16:52:37,2017-11-28 19:17:57,2017-12-04 18:42:32,2017-12-18 00:00:00
1228ee51284d63331ec546dd33d63292,432ac0d7623722c25bc867fcdde88e50,delivered,2017-09-30 19:42:24,2017-09-30 20:14:22,2017-10-04 13:08:03,2017-10-10 20:42:27,2017-10-24 00:00:00
e550243ca45f5dc1f8c1ee12ff4a267a,c28c9e32edd814488cc6764db3066efb,delivered,2018-01-16 14:14:07,2018-01-16 14:30:24,2018-01-17 22:12:36,2018-02-02 18:52:18,2018-02-16 00:00:00
bb386dd878f0e22e224e88bf470d8bba,e95e1273db2c542bfc5d439d377eaf2e,delivered,2017-12-29 09:33:45,2017-12-29 09:47:49,2018-01-02 19:47:42,2018-01-13 17:04:30,2018-02-07 00:00:00
5990cd4266558bd21aa365d33ab9747f,abb093f278c789101904f6043539dc0f,delivered,2017-07-28 10:11:53,2017-07-29 02:30:33,2017-07-31 16:42:00,2017-08-07 18:47:35,2017-08-18 00:00:00
bbd3a25020d87553521169c4eeb9c8ce,49f0feaba6e05f5663d785458a63fe46,delivered,2017-08-13 22:36:24,2017-08-13 22:50:17,2017-08-21 19:35:01,2017-08-24 17:21:33,2017-09-01 00:00:00
90a1136478f67bd64771c2005599a559,09261c6cf80ec01c28a569b8cb8b3484,delivered,2018-08-03 11:33:46,2018-08-03 12:05:31,2018-08-03 14:22:00,2018-08-10 18:17:38,2018-08-21 00:00:00
7fb9240a1a18bc95290744b4277a0244,c1b41aa8cc67484698faea4ce1674f30,delivered,2017-07-18 20:52:33,2017-07-18 21:05:14,2017-07-19 14:47:56,2017-07-24 17:56:30,2017-08-07 00:00:00
c4f1861cccf31140b9f07cfa0ca065c4,9c2174ad3fe39bd109c96427e31fae0d,delivered,2017-12-19 09:08:54,2017-12-19 10:10:50,2017-12-20 20:28:40,2017-12-26 18:45:11,2018-01-19 00:00:00
18fdcbdf78e62bac03cf30b6b9398087,c07a5e7de7ef3b6ecf21f6b2d4426409,delivered,2017-05-21 20:01:24,2017-05-21 20:10:16,2017-05-23 15:39:38,2017-06-07 11:41:57,2017-06-20 00:00:00
55552985d5c5d0856ddc230a47932a72,52d38a48fdc7bb2e1fc458489a96dc2a,delivered,2018-03-05 18:11:39,2018-03-06 05:28:42,2018-03-06 21:10:10,2018-04-20 15:38:53,2018-04-06 00:00:00
75cf3430804707840056df5ab68df403,cd0c868c33ebe500b9e2a22e638719d7,delivered,2018-05-14 22:18:18,2018-05-14 22:37:51,2018-05-15 12:47:00,2018-05-18 22:33:46,2018-05-29 00:00:00
c44fc56b7b2688b65bfb501e35015eda,e9d28bb9958bfcf0d82ae333df9d6588,delivered,2018-08-19 10:08:45,2018-08-20 11:10:30,2018-08-22 14:27:00,2018-08-23 20:44:53,2018-08-28 00:00:00
041d39835d57e12ebcd5d992e2cc7360,c4057ab5b47878bfc57f04346a8f2dae,delivered,2018-04-25 07:37:56,2018-04-25 07:51:20,2018-04-25 14:25:00,2018-05-15 21:21:19,2018-05-25 00:00:00
cbdfeec9560d60a397a4806eb64f0aa4,399fcee6a49ff7c128f5521018897a2d,delivered,2017-10-20 14:57:18,2017-10-20 17:28:28,2017-10-24 18:34:03,2017-11-07 14:21:44,2017-11-13 00:00:00
6bfd9139985ba7fc3959f3d67dcde67b,ccc041745c57e62ba5637dc2cb6909b3,delivered,2017-11-11 20:34:54,2017-11-11 20:50:21,2017-11-17 19:32:01,2017-11-23 21:21:37,2017-12-06 00:00:00
c7ee7ffd26d4d81d53dcd9d612631b2b,7c868eafc87e7c5b92079b47c291f603,delivered,2018-07-28 21:05:11,2018-07-31 04:05:37,2018-08-07 15:49:00,2018-08-13 15:06:59,2018-08-15 00:00:00
1c58d792be884eb5776e16738425d8cf,796e0ca56ae41eb667c3e18eba2af915,delivered,2017-08-29 10:46:21,2017-08-29 11:04:39,2017-09-01 19:09:00,2017-09-13 22:38:05,2017-09-26 00:00:00
98f75acaf1c9b0c2424f3b0fc6a22bdc,30f82c0ee854f242de987b4f2390aa95,delivered,2017-06-02 10:26:34,2017-06-02 10:35:11,2017-06-02 15:14:00,2017-06-13 12:52:15,2017-06-27 00:00:00
7053640a1ecbbfb050910ab2ea8b2183,e9551525103a8ece4e698e666dba69c8,delivered,2017-08-28 22:59:06,2017-08-28 23:10:14,2017-08-29 18:43:13,2017-09-13 19:43:40,2017-09-28 00:00:00
ebdb644689d34624ae893cfe690e6734,bb502d133f78d9a41c6f118585010147,delivered,2018-06-12 19:49:38,2018-06-13 07:13:02,2018-06-13 13:51:00,2018-06-21 19:12:48,2018-07-24 00:00:00
65784d2ba207f200197a7f5ebb1f35fc,73348a24fb5172a8cdeeda3428641910,delivered,2017-05-08 00:25:30,2017-05-08 00:35:24,2017-05-08 11:44:43,2017-05-15 11:21:37,2017-06-02 00:00:00
ba69e27c7bb11e6baab20c526c39d80e,1887bc33de62ae33e1ff8d742d6f9ff6,delivered,2017-10-13 14:59:06,2017-10-13 15:35:55,2017-10-18 21:52:07,2017-10-24 21:53:02,2017-11-09 00:00:00
d5fdd830fd27ad1acd2e9b17c08e6e92,80b6b36a3124d01fba45ec50e6f5ae9a,delivered,2017-12-02 10:55:53,2017-12-05 04:18:34,2017-12-11 17:19:06,2017-12-16 16:19:14,2017-12-28 00:00:00
0cda10fd2b66ee6fc2edd8fc21f8176a,1463c5c67f6b36773fe813a44c4f5b9c,delivered,2018-04-11 14:58:15,2018-04-12 06:31:06,2018-04-17 16:41:10,2018-04-20 18:06:40,2018-05-08 00:00:00
2cd8dc22010a36c69e3fba6aa751182f,27b31ce7577631a9293c0104c964aef7,delivered,2018-08-08 22:14:38,2018-08-09 03:45:20,2018-08-15 14:38:00,2018-08-24 18:58:27,2018-09-13 00:00:00
15150ddeaa74db28d29ed2ce89330311,a91e3fc06b055c6f4073f969937d9442,delivered,2017-11-25 15:30:22,2017-11-27 15:27:37,2017-11-30 23:03:31,2017-12-27 15:13:08,2017-12-21 00:00:00
7d2aae327399272a05149f0b4782f983,83eef3eeaf0a8eb1430f200f410b4319,delivered,2017-12-31 16:42:25,2017-12-31 17:47:30,2018-01-03 01:34:45,2018-01-15 17:57:52,2018-02-05 00:00:00
9ac02286beb737ae08c2cc89404d1c40,b1f2fc9d43e2448aaccb1eab8311e7f1,delivered,2017-06-17 10:37:11,2017-06-17 10:50:18,2017-06-20 16:12:18,2017-06-26 09:32:50,2017-07-11 00:00:00
5a3bccb60104b1251c6a39e051c428ba,e93d4c22a2f45aaaa547188898e28ccb,delivered,2018-08-14 09:43:24,2018-08-14 09:55:20,2018-08-14 15:54:00,2018-08-23 02:58:46,2018-09-03 00:00:00
6f9bf4ab497406e0c55eb9eb7a3dcae6,8c6947c7234f5fc0f6471b13ff150eca,delivered,2018-07-23 20:45:12,2018-07-24 10:31:11,2018-07-25 15:27:00,2018-07-30 19:38:41,2018-08-20 00:00:00
c9fe3cca849fd78e942704ee0078cedf,9dbb563726bbfc01c1ca04df3768e5e8,delivered,2018-04-30 18:56:27,2018-05-01 02:36:12,2018-05-02 15:02:00,2018-05-03 19:03:42,2018-06-01 00:00:00
97b2cbab1ec29ebc9b1d9b113a4b7a2b,3a51cf54ce9a78a361281fba4379da45,delivered,2017-11-24 01:19:12,2017-11-24 01:33:23,2017-11-24 14:48:09,2017-12-04 19:32:29,2017-12-14 00:00:00
a5adc464c559c26bf837f59ffaaaa137,29e5c0a29e58128f9851f8aba063c578,delivered,2018-06-14 07:23:08,2018-06-14 07:35:33,2018-06-14 15:08:00,2018-06-24 14:12:39,2018-07-04 00:00:00
039d7fb9ace69aed37b1baf88ff01cb0,7b41c0d366156b9e46d88f8d8ee291ee,delivered,2018-03-23 14:01:48,2018-03-23 14:15:45,2018-03-24 16:54:52,2018-04-08 17:08:25,2018-05-03 00:00:00
aa58a30c8b573ee19140cd6d185534d1,9364f6d3c53e6df380985e78e8c74bb5,delivered,2018-03-26 23:20:28,2018-03-28 02:47:56,2018-03-28 20:44:36,2018-03-31 20:28:45,2018-04-19 00:00:00
96ddb284342cfe7ebbde748a2e2de094,1485c9b9ae29583b848828a78bd8b5c3,delivered,2018-04-30 14:06:26,2018-04-30 14:15:17,2018-04-30 14:33:00,2018-05-10 20:16:33,2018-05-23 00:00:00
407cd3e518bb8939aa08c5727593a5e5,b085a8b42e927ed82dab09773753b1cb,delivered,2017-06-20 15:55:03,2017-06-20 16:10:15,2017-06-21 10:57:23,2017-06-30 08:57:39,2017-07-27 00:00:00
16f1d9edf9452dd60d94733527624571,634668d563c6682502a0913b1f660835,delivered,2018-07-17 18:21:40,2018-07-17 18:35:14,2018-07-30 15:24:00,2018-08-01 19:52:06,2018-08-06 00:00:00
8216863fd456be73595ea9fa23901d1a,ee57da466f1eb99e4c99c052c0a3f7c9,delivered,2018-02-27 22:08:50,2018-02-27 22:28:25,2018-03-06 22:46:37,2018-03-07 16:08:39,2018-03-13 00:00:00
de161a8bf65f0031f67920312df2b0ec,1d7fa8ee1885a4ed8a0d46b6e276ec3a,delivered,2017-11-11 16:06:53,2017-11-11 16:30:46,2017-11-14 22:12:59,2017-11-20 14:11:59,2017-12-01 00:00:00
d8db3d42c20148fb8282efea4061f7ff,d5a0cca1a4e08547dd85109584b1a8be,delivered,2017-10-13 16:11:03,2017-10-13 16:30:45,2017-10-16 23:14:07,2017-10-30 19:58:54,2017-11-06 00:00:00
83078eacae0feb71b78ec731be836ab4,b1cc58fc6c6fd260654aaeb0e4545846,delivered,2017-10-28 19:17:28,2017-10-28 19:35:13,2017-10-30 15:17:56,2017-11-06 17:18:51,2017-11-29 00:00:00
e8861a9f094841902cf93913969fbb7f,103224917fe72e5c19889715d69865cb,delivered,2017-09-04 15:43:56,2017-09-04 15:55:39,2017-09-08 20:42:22,2017-09-18 13:57:33,2017-09-27 00:00:00
9b22b01ffdff6efa20736523a260060b,ab7f0b578ff16926fdab208ad2afaadb,delivered,2018-06-02 20:23:49,2018-06-02 20:35:14,2018-06-04 14:53:00,2018-06-11 17:34:38,2018-07-05 00:00:00
e6f1079796c9aa6e372d9c759310b5c2,1c1d5c08e6bb5c421cca6e2639ea456d,delivered,2017-10-02 17:49:59,2017-10-03 17:56:21,2017-10-04 19:56:06,2017-10-11 17:36:03,2017-11-06 00:00:00
be3447fe3a05a18c778da31eed242c6f,2f1c62f2de3cb661200ec441c536c20d,delivered,2017-08-22 13:52:22,2017-08-23 02:51:07,2017-08-24 13:54:38,2017-09-05 18:43:02,2017-09-18 00:00:00
a7a879d8b939a94c51efe626a61f3d59,9f741ee59dd0a983168f2dfb92b245f9,delivered,2018-04-12 17:14:02,2018-04-13 19:09:58,2018-04-16 22:19:08,2018-04-18 22:26:33,2018-04-25 00:00:00
ef59d8fd00ca64c9dea7310396e1bed2,e08cd278e0edc0813117888283357e87,delivered,2017-04-25 14:57:05,2017-04-25 15:10:14,2017-04-27 07:03:39,2017-05-10 12:28:06,2017-05-16 00:00:00
9b93d7e3492173e52be4e40470dd5d59,dc90e0b8a3b8eaa754629ac066257168,delivered,2018-04-16 10:59:49,2018-04-17 05:50:35,2018-04-17 18:06:53,2018-04-25 18:19:58,2018-05-10 00:00:00
9f00b61adc60e20d3af1622decd2820b,bb4cc8d0f3fb64a9accea9301b1a028d,delivered,2017-05-14 19:28:30,2017-05-16 03:30:57,2017-05-16 10:42:33,2017-06-02 11:59:05,2017-06-14 00:00:00
035518626172ac1884aa3825eb7d1379,725de95aaf5722261b06d055a7b706e7,delivered,2017-06-05 15:13:04,2017-06-05 15:25:19,2017-06-07 12:47:35,2017-06-14 17:34:39,2017-06-29 00:00:00
1cecdea35f2ce72040549f9fe816b8a9,ca4586d803c0e407f595a28bd5e7fdb6,delivered,2018-07-05 18:09:38,2018-07-05 18:32:00,2018-07-06 11:10:00,2018-07-14 11:18:23,2018-07-18 00:00:00
463848b17061688d9d9e65e07563d138,bb78b6d89c1b2808c64419b2bde18362,shipped,2017-11-26 21:13:31,2017-11-26 21:33:01,2017-11-28 13:24:42,,2017-12-19 00:00:00
f62f01ec64c6b221f926ba560907d8f7,a35ef57cd99a99e77e58316ab0cc2927,unavailable,2017-02-14 20:55:49,2017-02-14 21:05:27,,,2017-04-03 00:00:00
20ffa1dd114d05854717ad7de094930c,fb177b79812dbaf1aa53dd3e51054cfd,delivered,2017-03-14 11:33:55,2017-03-14 11:33:55,2017-03-16 15:41:39,2017-03-31 13:13:36,2017-04-06 00:00:00
15faad2f4dd5cdf1bceb9b8fac8f137a,25e77a81462df0a4b068c217b4dd4a6d,delivered,2018-05-09 20:52:27,2018-05-09 21:15:16,2018-05-15 12:23:00,2018-06-01 19:04:10,2018-06-06 00:00:00
110d5bc31762806d51b736cb4b58ad75,a8aeb19975fcc42d0e82e00d627713fc,delivered,2018-05-16 14:02:56,2018-05-16 15:19:06,2018-05-17 11:16:00,2018-06-05 17:27:47,2018-06-07 00:00:00
800c2d74bc71b0e27ce365ad43cf16dc,793295406fc9bea48c3937f2939bb879,delivered,2017-07-07 14:33:53,2017-07-07 14:45:16,2017-07-10 18:08:39,2017-07-16 13:44:52,2017-07-31 00:00:00
b3b2e969016ca4d8afc0421f0d63b864,dff07a417f4b6a63622dc0b0e2035726,delivered,2018-04-29 11:03:11,2018-04-29 11:15:28,2018-04-30 15:09:00,2018-05-10 21:22:57,2018-06-08 00:00:00
fd4b04818375a4ba579a80c8d37f1b24,9ebd9edc6854d388eb4a9d1283acdf96,delivered,2016-10-07 14:15:50,2016-10-07 14:31:43,2016-10-15 10:31:37,2016-10-19 00:47:36,2016-12-01 00:00:00
068176c8a0550b07cddf7e05c8d55319,f6dd501a7cd9672dac78ff3d26a9912d,delivered,2018-01-13 18:13:53,2018-01-16 03:34:49,2018-01-23 21:04:47,2018-02-04 17:51:58,2018-02-15 00:00:00
79286de1c26bd9ff41852780758aeb89,9d00e4f04d3fabfc14e9ca59bb4cce47,delivered,2018-04-13 15:52:33,2018-04-13 16:13:13,2018-04-16 18:22:07,2018-04-30 21:58:53,2018-05-11 00:00:00
d30863c1591305669e7e63c7991ae1e6,c06f5c763e6751ba5fa14fca06304159,delivered,2018-08-11 22:55:18,2018-08-11 23:05:13,2018-08-14 12:24:00,2018-08-21 22:28:31,2018-09-03 00:00:00
29964b4c50c938f079b2c345c7ea0eea,53de857a4106900a58b7c065a0a5e41b,delivered,2017-07-08 13:04:15,2017-07-11 04:10:32,2017-07-11 20:12:24,2017-07-21 21:12:56,2017-08-09 00:00:00
130898c0987d1801452a8ed92a670612,e6eecc5a77de221464d1c4eaff0a9b64,delivered,2017-06-28 11:52:20,2017-06-29 02:44:11,2017-07-05 12:00:33,2017-07-13 20:39:29,2017-07-26 00:00:00
e124f7417ef3e8e007e0fe6993865f2d,6b65f327f139a81fa2324938128d7467,delivered,2018-06-13 23:14:50,2018-06-13 23:37:28,2018-06-14 12:29:00,2018-06-18 14:13:08,2018-07-03 00:00:00
42a5f0ddbf1e377e7d31ef5957b62c0a,eb67e9bd3357fbacdbef99759f919573,delivered,2017-02-06 16:49:19,2017-02-06 17:02:40,2017-02-09 10:53:47,2017-02-11 12:38:56,2017-03-01 00:00:00
729d9f027372df3ee5c4f2d727e02618,242b2cb8b7684ab9c949a7efca1f3c8e,delivered,2018-05-08 11:10:23,2018-05-08 11:35:17,2018-05-11 14:08:00,2018-05-15 18:18:33,2018-06-11 00:00:00
b948b354fbf88e12e43fc0877623eef9,c8aacd5c3222b0fcd0c71843092fcf09,delivered,2018-06-18 21:10:31,2018-06-18 21:35:28,2018-06-20 15:28:00,2018-06-25 22:38:37,2018-07-13 00:00:00
2d4bc14df7f5eaf36d2ef6d9a5b7c0d8,f32ab95a50b915c9ae8036374fe02e21,delivered,2017-08-18 14:30:22,2017-08-18 16:10:13,2017-08-21 19:42:16,2017-09-02 16:28:00,2017-09-12 00:00:00
e577959b2a73af52e0e0f58d8c222b8f,dd8a3ba5c5154fd83ff6f1c87684fc06,delivered,2017-10-18 08:37:54,2017-10-18 08:49:25,2017-10-18 15:16:07,2017-10-25 17:16:05,2017-11-07 00:00:00
d88817e778e1757d6b7ea060be13a7f3,1123655082f805a8926e8a53ee60b01d,delivered,2017-05-23 19:52:33,2017-05-25 06:42:42,2017-05-25 15:15:10,2017-06-02 10:16:03,2017-06-14 00:00:00
7511b74731e2d79ebe5d9ad5d6c55a15,4baa3934e31394dff3a7e881bac601a1,delivered,2018-04-28 10:40:26,2018-04-28 10:53:31,2018-05-04 15:54:00,2018-05-14 13:51:38,2018-05-29 00:00:00
fd5bd3708628df1f0104d49b995f87d7,e03ee7086800060d0fe29ee6e4112a47,delivered,2018-07-05 17:15:10,2018-07-05 18:11:00,2018-07-06 10:38:00,2018-07-12 21:04:16,2018-08-07 00:00:00
b449aa0c8526754fe10deb8c4596029e,ba8fc93c7aa6c13bda32e81cdfa174e1,delivered,2017-12-26 21:33:17,2017-12-26 21:48:02,2018-01-03 15:44:13,2018-01-09 23:10:32,2018-01-31 00:00:00
4827c3856326655e2cce531312851390,61f689248da935c7272ee5d2e7d31562,delivered,2017-12-14 11:19:42,2017-12-16 02:51:23,2017-12-18 23:22:43,2017-12-21 23:23:32,2018-01-12 00:00:00
e4f0b379cb8233db68561f79f774988d,418674f10950b8eef8388d160ac4a53a,delivered,2018-02-19 16:31:25,2018-02-19 18:06:55,2018-02-20 18:58:40,2018-02-22 20:56:49,2018-03-15 00:00:00
026d2c7c84b97eb8854ca3fbdc6ab840,68fda186cf0d78b846df318aeb4e85a0,delivered,2017-03-11 11:54:28,2017-03-11 11:54:28,2017-03-17 07:19:32,2017-03-21 09:08:48,2017-04-05 00:00:00
e761005140dd93f80bffda9f13eb3c7d,13f048312e6fe99823667c83ba371c8d,delivered,2017-11-15 20:08:45,2017-11-15 20:26:29,2017-11-20 18:48:41,2017-11-30 11:34:24,2017-12-05 00:00:00
d66f600192d8edbb336c4da0bb0e2d61,222b1c93ba4f0564fd2f1c2719097299,delivered,2017-11-21 10:42:50,2017-11-22 02:48:29,2017-11-22 19:35:38,2017-11-30 21:03:03,2017-12-19 00:00:00
a155107040e902c85014159d7d9263e2,0a9e6352d8ce430177c42239f8688938,delivered,2018-05-08 14:15:30,2018-05-08 14:30:24,2018-05-11 12:43:00,2018-05-21 18:42:15,2018-06-05 00:00:00
9d302458a5c2070516051da353068870,5f1aac4e61d63509a4994df19bab1ebc,delivered,2018-08-19 11:06:44,2018-08-20 11:31:38,2018-08-21 12:26:00,2018-08-28 16:48:24,2018-09-06 00:00:00
5e53ec687d157b73f86dba72cbb74056,26af186afd6fa5b945eb9b0b3a0379c2,delivered,2018-03-14 15:24:06,2018-03-14 15:35:33,2018-03-19 16:32:26,2018-03-20 17:13:33,2018-03-28 00:00:00
05c5f6468206cec16a8c99f231bbbe86,0224e997c339d3b6edb3ac3fbff60da7,delivered,2018-04-29 21:30:34,2018-04-29 21:50:26,2018-05-02 12:26:00,2018-05-07 20:17:37,2018-05-30 00:00:00
6a88a7601b1d743db69eb0a4cfcfcdb9,9fc7da8f77c67c57ff89b8a10596474b,delivered,2018-03-04 21:00:45,2018-03-04 21:10:58,2018-03-06 02:58:53,2018-03-18 16:41:06,2018-03-22 00:00:00
2d8e71bf7d31a41d40f122c8173fdf06,cad554369ad539cff20968aeec986770,delivered,2017-06-01 16:05:36,2017-06-03 02:25:25,2017-06-05 15:59:55,2017-06-09 12:13:40,2017-06-28 00:00:00
a64d8d5eb2b53275f2f4e19d73308e01,e052518e07930f3ea59752fe0cdc66a7,delivered,2017-11-24 13:55:31,2017-11-26 13:55:35,2017-11-28 21:48:44,2017-12-07 00:26:56,2017-12-08 00:00:00
12fb02386ecbcdda77e5e882d0c9dd95,0aa02a8c623a27ee600a55779391bdea,delivered,2018-04-09 08:54:45,2018-04-10 03:35:27,2018-04-10 17:50:38,2018-04-17 00:37:33,2018-04-30 00:00:00
1536003b9af6a526e0d02b8cd13fd2af,35247293b6797becb9d7750b318b85f5,delivered,2018-06-29 23:30:20,2018-07-05 16:14:02,2018-07-06 08:32:00,2018-07-10 17:21:25,2018-07-25 00:00:00
9d32bf50cf0540a7040a13f0ec2364a0,1f82b11f19cfd3f3226b30477ed95c40,delivered,2018-07-12 13:49:16,2018-07-13 02:50:17,2018-07-18 13:23:00,2018-07-23 18:03:45,2018-08-10 00:00:00
5268c3dc8d619070c0a2e5d9403a9945,12fa69008936520da2920cb3a44a3d17,delivered,2017-03-14 00:26:29,2017-03-14 00:26:29,2017-03-21 09:51:39,2017-04-04 17:18:03,2017-04-07 00:00:00
49a95a5cddee3f11fafeb8227253bbbc,7067cd3714fdef2291044f93d6321188,delivered,2017-09-29 16:45:00,2017-09-29 16:56:24,2017-10-02 13:49:05,2017-10-09 20:08:48,2017-10-24 00:00:00
f11a42c865e929c2b7709f3390d1bc7f,02b7163ebab30c1560be4d0ead691b00,delivered,2017-03-21 16:47:39,2017-03-21 16:47:39,2017-03-22 09:54:03,2017-04-12 14:34:25,2017-04-11 00:00:00
9969c13506326615f8edf843237baa17,e6c3e6109e9f372ef5b6544b2c34e030,delivered,2017-08-08 16:15:05,2017-08-08 16:30:17,2017-08-10 18:38:08,2017-08-16 16:34:43,2017-08-31 00:00:00
db6f3a04842dc0b863498c5d8534ae73,f145f4addd56671c42102732192ad8bc,delivered,2017-06-12 08:34:18,2017-06-12 08:50:08,2017-06-14 14:17:31,2017-06-19 11:22:13,2017-07-05 00:00:00
b6a71e3e9b924e0f363dbe847949141c,c7949876e5acc07c2ab1afd50c7d22dd,delivered,2017-08-11 11:01:20,2017-08-11 20:45:09,2017-08-15 12:09:59,2017-08-23 20:20:26,2017-09-04 00:00:00
07120a6d39e99f6aec742cfa39ab4cac,5406b9e94d0682bfd3c683d5c54147b6,delivered,2018-01-19 07:27:23,2018-01-20 13:41:36,2018-01-23 22:59:06,2018-01-31 14:35:00,2018-02-20 00:00:00
f1adecdec113c6c915849913c65ddd59,ade43932f24ae5f957351bd585c72b0e,delivered,2017-12-11 20:52:35,2017-12-11 21:12:16,2017-12-26 17:59:18,2018-02-02 22:18:55,2018-01-19 00:00:00
3a41d0e227b4c6fff055561af5eaca13,345a1ac3ca53330b45af176810ac91a6,delivered,2018-07-03 15:00:40,2018-07-05 16:11:06,2018-07-04 15:11:00,2018-07-05 14:16:41,2018-07-16 00:00:00
343e0513a040565d012874605c433ca4,1cfe50b55b3314e095ee4c9e6ac686d2,delivered,2017-08-27 19:35:52,2017-08-27 19:50:10,2017-08-29 19:37:43,2017-09-05 20:41:41,2017-09-19 00:00:00
ec7d99eece03a8b60c61f6a9ca504094,f585759725d2d7e44f8f84813f0bc3aa,delivered,2018-02-13 17:28:34,2018-02-13 17:35:36,2018-02-14 19:12:33,2018-03-13 03:12:39,2018-03-05 00:00:00
e680246ff33f65fe221f0e11128a4778,f280548eca7d2b0ef9da3fc572df42ce,delivered,2018-07-24 12:47:14,2018-07-24 13:24:50,2018-07-25 14:25:00,2018-07-30 21:04:18,2018-08-10 00:00:00
b08e84226fa195d1d2f2edca21486c8e,df4bf0754b4fc36ea13f67b02c5651e4,delivered,2018-08-05 13:25:26,2018-08-05 13:44:15,2018-08-06 12:28:00,2018-08-09 14:26:01,2018-08-17 00:00:00
b79ef1793739eb56ce58d3776c158be1,7e9e42e3948a9ffa4113f77f86318b5f,delivered,2018-02-24 20:36:37,2018-02-24 20:50:25,2018-02-27 02:12:08,2018-03-18 17:48:29,2018-03-28 00:00:00
3115a0ecede1ece608fb651ff9ebbe73,6e65cc8b1e891b75f2fdbf78446f4711,delivered,2017-11-23 11:16:22,2017-11-23 11:28:07,2017-11-24 14:52:09,2017-11-27 17:48:41,2017-12-05 00:00:00
a6ac4552716d0eff2649af4aa090619c,489311cd5988bbe9fcc2c0bf4276964c,delivered,2018-06-14 21:01:18,2018-06-14 21:21:15,2018-06-18 13:36:00,2018-06-20 15:53:58,2018-07-11 00:00:00
fcbb6af360b31b05460c2c8e524588c0,515a833ce56a4c3153f102787c272e4e,delivered,2017-12-01 14:51:05,2017-12-01 14:57:29,2017-12-18 19:09:04,2018-01-11 00:27:21,2018-01-05 00:00:00
cb6ecdef708b4c17e5c71daeecc74ae6,153075720e8aca000c4524ca6ae5184d,delivered,2018-08-13 15:44:56,2018-08-13 15:55:24,2018-08-14 15:14:00,2018-08-17 17:21:05,2018-08-30 00:00:00
830b3a492a919de3f1a931b439f507d1,49babee9ab5b6c87deaf520c84f553a5,delivered,2018-04-28 07:45:37,2018-04-28 07:55:13,2018-04-30 12:38:00,2018-05-14 17:54:49,2018-05-25 00:00:00
7a0ecc0527498cda50b7221629978975,7789b53ff846cecf5f43faaa3fb104b3,delivered,2018-01-04 18:57:49,2018-01-04 19:09:22,2018-01-13 00:47:17,2018-01-22 21:38:49,2018-02-02 00:00:00
55bd4049f3befad7afcead7894b3a0e1,4406477d249eaec72eb2709b66ad2097,delivered,2018-02-06 10:56:44,2018-02-06 11:15:45,2018-02-08 19:41:44,2018-02-14 15:33:23,2018-03-07 00:00:00
07926fd3755c862341b7c7a15ef40b30,040998babd9231bd6c86f6e85707fa5e,delivered,2018-04-15 23:09:04,2018-04-15 23:32:25,2018-04-16 22:28:28,2018-04-24 21:36:45,2018-05-14 00:00:00
ca27a287674894b782ade649665cdb1e,471677705f50f979685879970f0d56b4,delivered,2018-08-15 10:06:15,2018-08-15 10:24:19,2018-08-16 14:25:00,2018-08-17 23:34:14,2018-08-20 00:00:00
7ff4242201726a8804ee6c6adbaa0b41,9e59e895aaf6054c5b018f56c4864694,delivered,2017-08-30 15:30:33,2017-08-31 02:50:37,2017-08-31 20:54:55,2017-09-01 17:34:42,2017-09-14 00:00:00
7fd5523638d14a53e83d0a9557082002,0feb28a92089a3993041d44a5d5656d6,delivered,2018-06-25 16:19:23,2018-06-25 16:38:10,2018-07-02 15:44:00,2018-07-07 17:19:28,2018-07-18 00:00:00
bc8a5de6abf5b14f98a6135a7fb46731,1554ffe702931a062b4383b109accf63,delivered,2017-08-30 11:47:52,2017-08-30 12:50:19,2017-08-30 19:22:18,2017-09-01 16:51:26,2017-09-20 00:00:00
d6d7c431275f0029dcc3538850930046,5b477d525dd0c1eb93148e22ce5d3ba6,delivered,2017-01-19 14:28:48,2017-01-19 14:41:56,2017-01-24 10:05:23,2017-01-31 12:26:08,2017-03-13 00:00:00
913908597fea142985168af1fc46a6e5,94e9ce89950560f017f6f411e9819093,delivered,2018-03-04 12:13:37,2018-03-04 13:21:13,2018-03-06 16:30:04,2018-04-03 16:14:36,2018-03-26 00:00:00
b044b08867cd3b1d69a4b3c372321557,7fa91b7ff8f3120ed5cbba8f35d0de1d,delivered,2018-06-03 13:37:32,2018-06-05 04:12:43,2018-06-05 11:23:00,2018-06-09 17:02:19,2018-07-12 00:00:00
c1cc6a6a6730197d8b7fef1132942274,8eb8e314e5fe079b653341b597470571,delivered,2017-09-10 11:24:04,2017-09-10 11:35:18,2017-09-11 21:34:01,2017-09-15 21:48:01,2017-09-27 00:00:00
e915c8ca8bc30319411def24bf095819,f27c73675dd5e65a7ded21ed82f9ae12,delivered,2018-05-14 22:00:54,2018-05-14 22:15:11,2018-05-15 15:40:00,2018-05-18 21:58:30,2018-06-01 00:00:00
7829b2091dbfa41a6b5731cbdbdffe1f,42d417a2a29a4bff0208fb79bce1320f,delivered,2018-03-19 21:26:16,2018-03-21 02:51:13,2018-03-23 21:52:44,2018-03-26 22:54:36,2018-03-29 00:00:00
8b76d4af878e59ef36d287b7d2813780,8ba0e2138c0a18cddd404efe025704d9,delivered,2017-09-27 21:06:35,2017-09-29 02:30:55,2017-10-02 18:42:39,2017-10-20 15:27:36,2017-10-31 00:00:00
4e9b0a2da6a5959b8df944a25604792e,9f5e69f7ce7e79aed191386f8104163c,delivered,2018-08-18 00:12:08,2018-08-18 00:29:46,2018-08-20 14:07:00,2018-08-28 21:38:26,2018-09-06 00:00:00
47af229bbf080cd988ee4be19bb5c888,f877a84a1e5e0e25bc4049870dd5fe72,delivered,2017-12-21 20:28:57,2017-12-23 02:17:26,2017-12-26 14:59:12,2017-12-28 19:59:44,2018-01-22 00:00:00
ecfec80cd0ce1a66543b6bd5e278a76b,4f69c8c7d5ad1cd8337480b4a7e04a31,delivered,2017-01-29 10:27:35,2017-01-31 04:33:14,2017-01-31 13:54:38,2017-02-10 17:34:24,2017-03-20 00:00:00
201af9cf2734e443cdf1ad037eed3639,906e77e04c502baf17ad58162217da39,delivered,2018-01-03 09:14:25,2018-01-03 09:26:48,2018-01-03 21:38:07,2018-01-11 15:55:27,2018-01-31 00:00:00
8dd735edc2d172d0d4124014f509258c,939ccdfd89645db5eb0af0501c8b7525,delivered,2017-05-06 15:35:59,2017-05-06 15:45:15,2017-05-08 11:45:55,2017-05-10 15:20:14,2017-05-31 00:00:00
b2f010584c935093cccdd49cfa916ed2,9c2337904acadc24d28193b1824a792c,delivered,2017-11-24 09:44:34,2017-11-24 11:15:04,2017-11-27 21:10:35,2017-11-28 17:26:55,2017-12-08 00:00:00
95820ac4fd93f004aa579562aa61bb55,01095519ab759274152540845a1d2004,delivered,2018-01-16 11:21:08,2018-01-16 11:32:09,2018-01-17 21:42:46,2018-01-22 21:25:05,2018-02-14 00:00:00
7efe7d821a28e5891395832097475428,13eecc109755d75fffcf60091efa0661,delivered,2017-04-10 13:30:36,2017-04-10 13:45:18,2017-04-11 12:09:41,2017-04-18 12:30:07,2017-05-04 00:00:00
a319e5a7d941ce5f60830d792323b3d2,035ac81f8d263612429021ec3c89e7ac,delivered,2018-05-16 21:04:38,2018-05-16 21:35:56,2018-05-17 14:31:00,2018-05-18 22:44:30,2018-05-28 00:00:00
66aba14bb9ae52201797bedad4b91d5c,0c850bbaba81c6631a969cb47b48aaa9,delivered,2018-02-28 22:02:32,2018-03-02 02:10:47,2018-03-06 02:37:46,2018-03-17 17:57:33,2018-03-20 00:00:00
9f45b5e1773ed29430665b04170dce4e,32a3e9e0beccb2ab787720307339ea08,delivered,2018-07-25 22:58:34,2018-07-25 23:15:15,2018-07-27 16:58:00,2018-08-07 12:48:47,2018-08-20 00:00:00
99dde9a4d6ee5c602380551b002ddad7,5229e43884ffd6794e9397bd346ab7dd,delivered,2017-09-04 12:57:02,2017-09-04 13:10:12,2017-09-06 19:05:06,2017-09-13 20:53:43,2017-09-22 00:00:00
4128f35defa24e9fb110452626b9b824,30341ccc91cf843ad30d898968a1905a,delivered,2018-05-27 09:00:51,2018-05-27 09:15:19,2018-05-28 13:16:00,2018-06-04 16:58:24,2018-06-28 00:00:00
74b7f4373a78df8c16862d9d0875c5b4,4809e9100000b2a6ce45e2bbbf3c7778,delivered,2017-07-18 08:52:42,2017-07-19 07:10:13,2017-07-24 19:57:52,2017-07-27 16:03:58,2017-08-07 00:00:00
59ffc9b2c09392188ab671e0a67bdb3e,501c45612cabee0dadab5d98677809e1,delivered,2018-07-19 11:07:26,2018-07-19 11:22:59,2018-07-19 12:27:00,2018-08-03 22:03:15,2018-08-09 00:00:00
64ff87188034c4f3dcd52e63db7d045f,179c2bf3564c4f7a4f995f7f2332cd16,delivered,2018-06-09 14:17:09,2018-06-12 07:37:10,2018-06-12 15:51:00,2018-06-13 20:42:31,2018-06-20 00:00:00
cc91697062f893c9903a248153c34e8d,553c6d0e5cb98f7510e2b0ae4a1acc25,delivered,2017-10-12 16:48:22,2017-10-13 19:49:13,2017-10-18 19:27:32,2017-11-13 18:55:51,2017-11-16 00:00:00
a8c5b9c0a36fb5d42f41d29dc808c0a8,23723779ba40a7f7887608d06897c432,delivered,2018-04-22 17:36:31,2018-04-24 18:22:07,2018-04-24 23:21:58,2018-04-26 23:28:43,2018-05-11 00:00:00
b321496a8a79d3afa95938149a1fcaa5,a3d018dbe7100eced7eae9ca087430f9,delivered,2017-04-01 16:42:15,2017-04-05 02:42:37,2017-04-05 16:06:53,2017-04-17 09:43:43,2017-05-02 00:00:00
d2b78e9e69a191c9f98ea4fec8e920ef,29d0453f032097b298a6563dfdc8ad01,delivered,2017-04-09 00:07:46,2017-04-09 01:10:20,2017-04-10 09:01:20,2017-04-18 13:41:49,2017-05-05 00:00:00
5fc6c1f6b4c22c6e94227cb51109c87f,f493aff390d5dc333518bd728e9d9787,delivered,2017-02-24 17:21:09,2017-02-24 17:35:12,2017-03-01 10:17:40,2017-03-13 10:53:51,2017-03-23 00:00:00
439ef6a75b6c80e6d36b5c660dffc1bd,113529321cf955855ad19e49f974014b,delivered,2017-07-09 21:26:56,2017-07-09 21:35:13,2017-07-10 16:46:13,2017-07-21 16:59:22,2017-08-08 00:00:00
9bfcadb1457b8133f4d46be5091f8117,3a602d2d1aff75fbe3ae2e7d9c3928b9,delivered,2017-05-10 16:03:09,2017-05-10 16:15:13,2017-05-18 12:06:04,2017-05-24 12:34:45,2017-06-01 00:00:00
71f1ac6ed46b13fb8280074cf2efbc28,015041e1136a20f44f9cf4bbf29df823,delivered,2018-07-10 13:30:13,2018-07-10 13:45:28,2018-07-23 15:59:00,2018-07-26 18:41:32,2018-08-09 00:00:00
7b73271902e2ee3bd37ac75732256a62,4c04c2177876121c89241a6ba6562ab2,delivered,2017-03-29 22:02:11,2017-03-31 02:10:20,2017-04-03 09:15:56,2017-04-05 14:09:07,2017-04-18 00:00:00
a619ec6622eccfa387cc9528136c92dc,ddb2e15ba835b6b9345f1dedfa46f9ea,delivered,2017-09-21 14:34:38,2017-09-21 14:50:16,2017-09-22 15:17:58,2017-09-25 20:17:53,2017-10-06 00:00:00
872850580977b19cbd396531f4a6d0d7,c6e3812cc706e3b2217791471ca5f1c2,delivered,2017-10-24 11:23:41,2017-10-24 11:35:32,2017-10-24 19:32:49,2017-10-30 20:47:42,2017-12-04 00:00:00
37394e732421fbc2891f359531eae716,d8dbceb5a74070a393d6e0ca0dabdc8f,delivered,2017-11-22 00:24:38,2017-11-22 00:34:23,2017-11-22 16:01:17,2017-12-16 16:39:07,2017-12-11 00:00:00
c3a1df55b98cfc24ce8fb94931eb7f7f,400e9330d00648ce9605cd4108c140ad,delivered,2017-05-29 10:16:07,2017-05-29 10:25:13,2017-05-31 10:12:37,2017-06-09 16:25:00,2017-06-29 00:00:00
873148516ea6e3bc8c008d756a2a228f,1a13ae9c45155eae252b87ca747618d6,delivered,2018-04-23 21:30:00,2018-04-24 18:38:44,2018-04-25 08:59:00,2018-05-12 18:56:38,2018-05-23 00:00:00
5f5009f6c5e45b305e8cab76a5df6a18,643f08ce5391a352c4e91587fbcfa3f4,delivered,2017-05-31 20:35:07,2017-05-31 20:45:13,2017-06-01 14:36:20,2017-06-02 09:51:42,2017-06-14 00:00:00
0e5f95185b8be5365f07906c419286a4,9eb3f461f599bef9a3d6ddcaf1a2716e,delivered,2017-07-18 08:53:09,2017-07-18 09:02:56,2017-07-19 20:59:36,2017-07-21 15:43:34,2017-08-07 00:00:00
b3f52fa6786dcd3666e35723730fbb94,1e433a0ebefc0d9ba791b8f2e0e627f8,delivered,2018-02-02 19:29:55,2018-02-02 20:12:01,2018-02-05 18:37:12,2018-02-07 22:15:04,2018-02-26 00:00:00
b017dafe7c59c8aaf92ab3fa1ca54d78,2208577a67480f29e84ad6f2419e8945,invoiced,2017-01-26 16:16:15,2017-01-26 16:25:32,,,2017-03-02 00:00:00
59e2c9c767326c7343b0bc5b3fd09225,e72af34d36bba8b5eed2dc2b418f3e53,delivered,2018-01-22 14:49:01,2018-01-22 14:59:26,2018-01-23 22:52:47,2018-02-14 18:23:04,2018-02-21 00:00:00
f54bafb64890dbc54fb2f4739051bf9c,0fc2a323885f08970850976ac19eb217,delivered,2018-03-21 21:57:25,2018-03-21 22:10:34,2018-03-22 22:54:32,2018-04-02 22:44:41,2018-04-09 00:00:00
deb8008c703b1193a5ee13bd3df5e9a6,9099fad5d60c0f71d655957d4eba256a,delivered,2018-01-28 20:40:42,2018-01-28 20:50:43,2018-01-31 18:49:07,2018-02-20 21:06:06,2018-03-06 00:00:00
f62a8a01fbe9e10c2c6d6e66e828f399,cc83932dc14918a2a88d452012a094b2,delivered,2018-07-18 01:23:50,2018-07-18 01:35:10,2018-07-19 12:57:00,2018-07-20 18:12:20,2018-07-26 00:00:00
3366858be589fddbcf6a199aab0058d4,ab69a150db2cbcf9c01a34e7e4f75545,delivered,2017-08-01 13:45:24,2017-08-02 03:04:10,2017-08-03 15:13:20,2017-08-04 21:19:54,2017-08-17 00:00:00
a2e6b3c462fbefc8709b2eb5f51f809b,0e1c72b69b4c8f473de3b34712a15a76,delivered,2017-07-05 13:27:40,2017-07-06 03:24:07,2017-07-06 15:40:01,2017-07-13 17:38:00,2017-08-02 00:00:00
9633285ca54bcab6e81544b70f99a24d,4a6da5722f5935d330ee36f2892e1e75,delivered,2018-02-07 13:00:03,2018-02-08 07:35:36,2018-02-09 16:28:28,2018-02-14 15:51:51,2018-02-23 00:00:00
c766c5324b94b64c7580dff991a977d7,6f6c16853b09854c3168f476d9cb82ba,delivered,2017-07-05 19:01:10,2017-07-05 19:10:11,2017-07-06 12:07:30,2017-07-12 17:30:00,2017-07-27 00:00:00
354ca0db56ff74ee830a15fcc1416642,8be76fe099ad1db841317aa4858453ad,delivered,2017-11-17 19:42:49,2017-11-17 21:26:35,2017-11-21 17:02:33,2017-11-23 16:41:19,2017-12-01 00:00:00
d76fe905f4588ad69ab3b36527bb267d,b90b857a277b080d8078332b3636ab58,delivered,2018-08-18 20:59:58,2018-08-18 21:10:13,2018-08-20 16:49:00,2018-08-28 18:16:44,2018-09-10 00:00:00
85d0343db3251fe60d7cf6a51d7f702d,ec77a878bf09d9d192732e2cd3c5a160,delivered,2017-09-20 07:59:31,2017-09-20 08:15:13,2017-09-22 21:27:47,2017-10-02 17:47:32,2017-10-09 00:00:00
756575f4894e97980e45d0e8710ee27d,d5d579f5aede2682a6303fbb42e9937b,delivered,2017-03-28 20:33:27,2017-03-28 20:45:13,2017-03-31 21:04:30,2017-04-07 17:23:31,2017-04-24 00:00:00
1b877a226c140f9a912401a5af3bc572,e69b479010cf80ecf05ed9c3396d8867,delivered,2018-05-20 21:03:13,2018-05-20 21:15:11,2018-05-21 14:23:00,2018-05-22 22:20:55,2018-05-29 00:00:00
5750d60517669a97d14de871a5f11798,b66f32f79a08dad505caef424246177d,delivered,2018-08-15 20:14:42,2018-08-16 03:30:14,2018-08-16 14:00:00,2018-08-21 21:54:48,2018-09-03 00:00:00
264e91053cd726b067922356be6fd618,19ac278967f42fe0240c4823824594aa,delivered,2017-08-03 18:25:30,2017-08-03 18:43:36,2017-08-07 16:40:20,2017-08-21 20:46:47,2017-08-31 00:00:00
ecfc1ad7d40898a7862c0791430bf513,a0805912e4e6da6aa3419ac83ef9ba57,delivered,2017-11-13 17:12:35,2017-11-13 17:27:05,2017-11-14 17:14:42,2017-11-20 19:54:23,2017-12-06 00:00:00
666a3fba59ffe0f70203090fdff3a61f,98155bff952dcee9c1184ca64103a1b5,delivered,2017-12-01 16:39:54,2017-12-01 16:49:40,2017-12-04 18:13:40,2017-12-07 20:08:42,2017-12-26 00:00:00
55277930669682d227d5eedad65f60f8,5079d4b0bb65a49c39eda48508899a83,delivered,2017-09-24 13:38:28,2017-09-24 13:50:17,2017-09-25 20:22:20,2017-09-29 19:05:50,2017-10-25 00:00:00
6beda2e83cae415b15cbe66e53e39f90,3f871f8c702035acd8a2340dc2082274,delivered,2018-06-25 20:39:11,2018-06-26 05:12:58,2018-06-26 11:53:00,2018-06-28 18:28:33,2018-07-16 00:00:00
072d14a6096a0b4e29e3e2d6f11f58fa,23cb14399f270bdd209b9fc82c454048,delivered,2018-04-04 22:00:19,2018-04-04 22:10:23,2018-04-05 16:58:29,2018-04-06 23:48:40,2018-05-07 00:00:00
eec7e98395df9643250ff81c7dd06443,1a46d7bb3dc763ad243729435e87b3b0,delivered,2018-05-08 17:02:30,2018-05-08 17:15:22,2018-05-09 13:49:00,2018-05-10 17:02:49,2018-05-17 00:00:00
c7542d0d83ead101b058770578cc04c3,28c34c93c160b8af311c852cd43f920c,delivered,2018-07-31 12:01:18,2018-08-02 05:30:51,2018-08-03 10:09:00,2018-08-06 20:51:42,2018-08-06 00:00:00
c583b6157fc73464387efe2ff82ee1a4,cff98faaf25e1b86a439bf5556e6cae9,delivered,2018-08-20 21:07:24,2018-08-20 21:30:01,2018-08-21 07:09:00,2018-08-28 23:55:51,2018-10-17 00:00:00
cfd2f4ec78bb56b1fa91abad6d3ee54e,49e9ce9506327183790c2ef50cb92f0b,delivered,2017-12-28 23:06:03,2017-12-28 23:17:21,2018-01-02 23:44:15,2018-01-08 12:23:23,2018-01-24 00:00:00
00bc78808b22918a467b2fa4b8ef5d68,ca0aaedb924d47b85407a1130582b836,delivered,2017-04-23 23:28:23,2017-04-23 23:42:29,2017-04-25 12:00:40,2017-05-02 13:47:08,2017-05-15 00:00:00
f3315317ae9053985e17b5378e2e6e51,36925ecfeecb282ef82fe8dc4cdee8e8,delivered,2018-04-26 21:42:12,2018-04-26 21:50:38,2018-04-27 15:37:00,2018-05-04 19:15:27,2018-05-24 00:00:00
6814dd9f19453f44a2e1bdd19b963708,68c0df96479bac8bc8aa0ceda8286a3b,delivered,2017-06-07 11:47:43,2017-06-07 12:44:07,2017-06-08 13:34:19,2017-07-07 20:19:46,2017-07-06 00:00:00
bb8a5aab841afa1f9b497daf2b0cdf4d,f211a26698f3f9fa2e0858b62ff66764,delivered,2018-05-21 08:53:13,2018-05-21 09:10:31,2018-05-25 13:58:00,2018-06-15 20:41:56,2018-06-26 00:00:00
3ab3084e2fd91af8e021237e7bf08cac,c95bf8324acec8d3f6554af904fc4af1,delivered,2018-07-18 10:59:37,2018-07-20 04:45:17,2018-07-25 14:57:00,2018-07-30 20:32:52,2018-08-08 00:00:00
3689c2503baba1c0879d94cdbe6d6d60,176db5144496b2af02a70eff67f81d11,delivered,2017-08-29 04:40:58,2017-08-29 05:24:28,2017-08-30 16:59:59,2017-09-06 22:44:03,2017-09-20 00:00:00
8ac9d647425b62394b980e70f7d80d6b,f4380f3bd8c569ec5c8ccf76ca4daea9,delivered,2018-03-22 16:20:37,2018-03-23 16:15:27,2018-03-28 20:58:41,2018-04-03 14:33:05,2018-04-04 00:00:00
4a44cc6468fbb1828cca8e10440a6ac9,2b26fba665d933c5fd8c7c3cb844f27f,delivered,2018-05-01 09:53:51,2018-05-01 10:16:38,2018-05-03 13:49:00,2018-05-11 00:47:45,2018-05-24 00:00:00
c6e58a4e75b2a0b6fa62f0547a3cc759,77e859015a89aca6672298de8b605c66,delivered,2017-02-25 17:58:47,2017-02-26 06:45:20,2017-03-01 10:45:56,2017-03-10 13:44:54,2017-03-22 00:00:00
9cabafe13d423fbaa722617b69188084,7338c623f9e7af272f2f944f0637d0a2,delivered,2017-09-18 11:50:36,2017-09-19 03:55:22,2017-09-19 17:52:26,2017-09-30 16:28:10,2017-09-28 00:00:00
ad9c97f9a8dbad1ffcc7f261da6574a0,700502d0cf7cb4c12a62b243f5a3dd95,delivered,2017-03-13 13:12:44,2017-03-13 13:12:44,2017-03-16 15:44:21,2017-04-26 09:09:58,2017-04-13 00:00:00
1fdcd855bcc9c63049c1f9196d3c7565,d8fae274759d18fa94cc3a93590abbf5,delivered,2017-12-26 05:53:05,2017-12-28 02:37:35,2017-12-28 18:49:16,2018-01-03 17:07:29,2018-01-23 00:00:00
73960fc10fc7f6337ed0fe06f14bec36,e2054b87898ae5f0c78d02286317178e,delivered,2018-02-28 13:23:43,2018-02-28 13:35:33,2018-03-01 20:23:17,2018-03-09 17:32:10,2018-03-21 00:00:00
c0d8c763cce5b3b4c2fecafbcd779012,d76d064eedf85fd7fc0b26f4ee67a2c3,delivered,2017-11-21 19:16:38,2017-11-21 19:29:25,2017-11-22 21:41:12,2017-12-11 21:58:37,2017-12-26 00:00:00
75ac904a1ba87fab8d6d93751d68ddb1,9c033575d6b8818ce82640aa5674494c,delivered,2017-10-20 22:02:06,2017-10-20 22:14:22,2017-10-23 18:23:44,2017-10-31 23:24:34,2017-11-21 00:00:00
b457de2209659587bae1fcefe0ce828d,42f0110a1f0f15165578b228626229dd,delivered,2018-02-27 07:55:19,2018-02-28 10:15:44,2018-02-28 20:43:39,2018-03-19 20:24:55,2018-03-29 00:00:00
8e54a072860136e58c8c812ed15eb2f4,352b302b103920d82c79aadd85ab509d,delivered,2018-05-21 13:04:47,2018-05-21 15:47:30,2018-05-23 09:46:00,2018-06-07 17:07:40,2018-06-22 00:00:00
bbb67d2853d40d080e6e1f16f5f0a1c2,d4552c5a318ffd44b6589e11cc5aff8b,delivered,2017-09-28 15:00:27,2017-09-28 15:14:17,2017-09-28 21:43:07,2017-10-03 15:33:28,2017-10-26 00:00:00
b73939058e5490167b4c069d941208d9,f87f1ea0db1d9f90a39e6d33b978d7da,delivered,2018-05-01 12:45:18,2018-05-01 13:36:05,2018-05-07 14:04:00,2018-05-10 18:04:32,2018-05-29 00:00:00
96c1db24eb404d9ef6d36ea064240fed,8e04a1f6e74af3cd01bfd59bfd6523c4,delivered,2017-06-12 23:43:30,2017-06-13 00:42:48,2017-06-19 16:42:23,2017-06-27 12:09:46,2017-07-07 00:00:00
32b75a504adac9e56f590b0561a5fcc6,61a03311eb27298ca1cba139fe4f553f,delivered,2017-11-12 21:43:34,2017-11-12 22:06:37,2017-11-24 11:41:53,2017-12-05 20:32:13,2017-12-08 00:00:00
5b7c23b7f4d719e14149384a48264dc5,a660e7aea86f4a4ede60b224ed156937,delivered,2018-07-25 10:45:48,2018-07-26 09:04:42,2018-07-26 12:19:00,2018-08-01 21:44:32,2018-08-16 00:00:00
4f8d2bf1636e6c775fbfb0d824880893,d57b9dfc139d48fc3482411baea546ff,delivered,2017-04-07 09:45:54,2017-04-07 10:03:11,2017-04-10 09:46:29,2017-04-13 15:26:27,2017-05-02 00:00:00
15327faedc0b46ed8e761a6828b9e039,7e9e8e8df9e2f28df2b9fa5d5bd99715,delivered,2018-05-18 22:36:51,2018-05-18 22:58:16,2018-05-21 10:15:00,2018-06-08 16:33:02,2018-06-07 00:00:00
68e4d7b489562de5ca0a4486d7d0c3d8,fefbefec320ab4ec0ddcf55a4901ebb2,delivered,2017-07-31 13:42:08,2017-07-31 13:55:25,2017-07-31 19:13:57,2017-08-08 19:48:01,2017-08-30 00:00:00
d214b4670d22fbbbce0677ce7e2645ed,a90c43658051589ad5e37955a0c2a681,delivered,2017-11-04 12:44:42,2017-11-04 12:56:21,2017-11-06 22:41:47,2017-11-13 22:28:53,2017-11-24 00:00:00
f62fdeb39023106b1bb98bee97a54a87,598906e581679bc9af2e1f1ebaca663c,delivered,2018-03-22 18:19:14,2018-03-23 18:15:20,2018-03-26 21:49:06,2018-04-23 17:26:59,2018-04-24 00:00:00
32d7800197408f1dc16884bf75997754,eb4050f3fed9cbc10a3190ac4bd66ff9,delivered,2017-11-22 22:49:54,2017-11-22 23:06:22,2017-11-23 18:49:21,2017-11-28 17:38:57,2017-12-04 00:00:00
352d885bc141f75e361bbf6501513d25,8f458f1a3f921406c1dda20db858fb40,delivered,2018-03-20 12:22:25,2018-03-20 12:35:22,2018-03-27 00:12:21,2018-03-31 19:53:42,2018-04-02 00:00:00
5852550cf22fcb9c36345a0b65992ff5,725134f3d737109269ea38978e83138c,delivered,2017-05-17 21:16:12,2017-05-19 02:30:36,2017-05-19 15:59:55,2017-05-25 11:18:48,2017-06-08 00:00:00
9c7c35b65031cb7fa78dbac4e2e2537b,a18068d9bf6f6db5e4bb741c9bcd1c51,delivered,2017-11-27 15:11:57,2017-11-27 15:19:26,2017-11-28 16:32:35,2017-12-01 01:04:16,2017-12-11 00:00:00
8791ce636583500a723049d52a041173,abb2fec0b516457ef4e5d0e5462cc536,delivered,2017-09-11 22:58:31,2017-09-11 23:10:23,2017-09-12 19:19:54,2017-10-02 15:13:35,2017-10-03 00:00:00
83efbd53c99b70116995cf2c0bff3816,9615ac1bcf22b163a98512d4392e2706,delivered,2017-04-20 10:55:12,2017-04-20 11:05:20,2017-04-25 13:55:43,2017-05-12 12:44:47,2017-05-22 00:00:00
3b7ac17897c36edfdfc207217bae1d5d,16e28bea52f770767fe899a415600da3,processing,2018-01-15 16:46:24,2018-01-15 16:58:25,,,2018-02-08 00:00:00
1afb4a9edd39860a661d82a4e510bdc7,e03edae3320eaa6a6234ab9406ed76be,delivered,2018-03-23 12:58:28,2018-03-23 13:10:43,2018-03-27 04:36:53,2018-04-07 19:41:30,2018-04-10 00:00:00
eb4137636761805a4bde82ac77b99218,61320786e2dcffbe5d39773c3c59c309,delivered,2018-05-08 09:35:12,2018-05-08 09:50:54,2018-05-08 14:22:00,2018-05-16 18:08:44,2018-06-04 00:00:00
15ccd9465465614391948bdd2d3b4da0,7b2374e69cd900477d91fb6265dec4ef,delivered,2018-04-12 13:18:14,2018-04-12 13:30:55,2018-04-12 23:06:43,2018-04-26 18:36:34,2018-05-15 00:00:00
663d6f01237b7d9d1257bd3ce460af4b,581472f70857cdfa529a6a282f9e56fd,delivered,2018-07-25 13:20:32,2018-07-27 02:24:29,2018-08-15 15:41:00,2018-08-23 21:27:37,2018-08-22 00:00:00
21af7328b2a40a3ece5491affde104fe,c29b0e9ba74c0fca0189b1b68436daf1,delivered,2018-02-14 21:24:49,2018-02-14 22:00:20,2018-02-20 22:33:32,2018-03-01 17:13:17,2018-03-07 00:00:00
05a82511dd29bef74d8003b015912fd6,ebf7e7691b7e62b2df6bbb5621bf6557,delivered,2017-09-11 21:54:03,2017-09-11 22:10:33,2017-09-14 20:17:48,2017-09-25 12:14:53,2017-10-24 00:00:00
d90f196173cdfc41f134770a43409e7f,e1a7e0e35f1d24e47545278b2df494e6,delivered,2017-07-18 16:59:59,2017-07-19 17:10:17,2017-07-21 17:31:57,2017-08-09 20:03:28,2017-08-11 00:00:00
4205a3c89c70026b43d90706a98e2f17,b93ea53bbc078967bbb66d23975fa361,delivered,2017-07-27 17:47:31,2017-07-29 02:23:59,2017-07-31 18:22:51,2017-08-08 19:23:41,2017-08-22 00:00:00
4cbe925cfb272323db0ca38c5dcd6e6d,c968a52fe5d6911925b5a108be430420,delivered,2018-08-06 16:59:31,2018-08-06 17:10:17,2018-08-08 09:48:00,2018-08-14 17:18:26,2018-08-13 00:00:00
7d962b9178f5ecd3d31dd69811311e65,2cf8fa6b9491168438f09e16f82fd543,delivered,2017-10-13 21:54:18,2017-10-13 22:07:09,2017-10-18 17:23:48,2017-10-24 16:29:59,2017-11-08 00:00:00
234ea4333eec78d8e18bc801a916e1f4,07d2fc9925c3b3ef80df52be56a06482,delivered,2018-07-21 18:48:54,2018-07-21 19:04:10,2018-07-24 05:55:00,2018-08-06 18:58:27,2018-08-17 00:00:00
70fdb98b88f9b34c5e8fce09e093c747,bce717de943b9b16756121e882a9fb9c,shipped,2017-05-29 22:00:32,2017-05-29 22:15:18,2017-05-30 14:18:54,,2017-06-19 00:00:00
e04f0de943db189301c0d84b50e76e1d,79eab0bc9d12d1f7159dc835137aac35,delivered,2018-06-09 03:16:03,2018-06-09 04:06:32,2018-06-15 16:37:00,2018-06-20 16:02:55,2018-07-04 00:00:00
1d71e35103fe8db2e50dfff158650e4b,6db52a0ac6dfef557f3df52ca90e0fd6,delivered,2018-08-06 11:04:37,2018-08-06 11:40:06,2018-08-07 08:48:00,2018-08-15 17:08:48,2018-09-04 00:00:00
9d7b5f17627d128b343baf0300b45c7f,dacd86bc006c12e3eb2a55020cb8dc7a,delivered,2017-08-17 21:55:42,2017-08-17 22:50:21,2017-08-24 15:52:56,2017-08-25 14:35:38,2017-09-06 00:00:00
d69964b656a7ccf534ecca1716e557c1,783585fd209133c94cdc7f7ce4247db8,delivered,2017-07-11 19:13:28,2017-07-11 19:25:17,2017-07-13 17:11:47,2017-07-14 17:09:48,2017-07-24 00:00:00
326aeb6a8be7b282c4d5cfba7ff0a072,7607e42e3a93ed96cc608e768f497ade,delivered,2017-11-23 20:20:10,2017-11-25 20:13:22,2017-11-27 19:44:35,2017-11-30 23:48:32,2017-12-26 00:00:00
da0571dd2e59b32cca46279a02bfb40e,76a5a351fffbceba0b0767a5bba5cc6d,delivered,2017-01-19 19:02:48,2017-01-19 19:15:11,2017-01-20 14:12:27,2017-01-23 20:23:42,2017-02-27 00:00:00
618b0e262ba7b2c46a5b349fadbd4996,38278865371cd2796600255e9d1bb872,delivered,2018-05-19 17:48:44,2018-05-22 09:36:46,2018-05-22 13:46:00,2018-05-23 14:05:52,2018-06-05 00:00:00
1d8c5225cf536be1cf53c5bb8d456e7a,4c03abcc993988fac51de1039b15a71e,delivered,2018-07-25 14:31:01,2018-07-25 14:44:30,2018-07-26 10:02:00,2018-07-31 12:24:41,2018-08-10 00:00:00
b7592da1b6c34d2b2404a7b6e8639376,99383db9c2af4cb2ad7503ec2f552c42,delivered,2018-08-05 21:58:38,2018-08-05 22:10:17,2018-08-07 15:42:00,2018-08-14 00:16:33,2018-08-15 00:00:00
c9d34829925a92b0d2d385e3f87c9e93,92f6edd541c898794291e81f3c12d6ff,delivered,2018-01-26 01:05:16,2018-01-26 01:13:41,2018-01-26 19:16:25,2018-01-29 22:25:50,2018-02-14 00:00:00
9436cfaa861428f70a41ac0a7e91d752,4e5e4764ac759e7ff338f5908eadae5f,delivered,2018-05-15 14:36:55,2018-05-15 14:55:26,2018-05-17 13:52:00,2018-05-18 13:25:35,2018-05-25 00:00:00
9fde8604e48e3fb51e7768a2c218b76c,9a03a5c2cf2c847c51d56eba03e00031,delivered,2017-07-04 18:25:23,2017-07-05 17:41:05,2017-07-07 18:25:36,2017-07-17 17:36:56,2017-07-26 00:00:00
a2a6f122566b017e40c435bca2b936f9,c703db5819a7a5918534fedd0a6755fa,delivered,2018-04-24 00:52:53,2018-04-24 19:10:33,2018-04-24 19:21:34,2018-04-25 20:22:52,2018-05-09 00:00:00
70aae84b2facb982a1867a6793603919,5109b8e49bfa15c2481451462d214558,delivered,2018-04-18 01:13:23,2018-04-18 01:31:36,2018-04-23 19:48:08,2018-05-02 20:55:50,2018-05-15 00:00:00
673f22f1a5f0f4bc22143d42b7c60fbb,8baba35b56c3e5c2e80183e5def5e364,delivered,2017-10-21 17:23:00,2017-10-21 17:35:13,2017-10-23 13:50:11,2017-10-25 18:03:10,2017-11-09 00:00:00
33401d2d0621ceae77505c91308ceddd,3fcda70d69c185780fb4abd140ba69e3,delivered,2018-01-23 10:26:00,2018-01-23 10:35:18,2018-01-24 08:15:41,2018-01-30 19:39:09,2018-02-19 00:00:00
f139446c99f9da288febbf16f64b632f,be31a641ed367efc38a695f91b2ca9b5,delivered,2017-04-22 17:16:31,2017-04-23 17:10:23,2017-04-24 10:42:02,2017-05-09 09:07:53,2017-05-17 00:00:00
79f5e74dabe875d72cac7b0e80b66cd9,30af5ce2f2a3f0686c494d7a819b653a,delivered,2018-06-19 11:51:55,2018-06-19 12:18:24,2018-06-20 12:02:00,2018-06-21 18:32:30,2018-07-04 00:00:00
e58ed0440e44bc5b5e5cba33106e3f66,e6bd5e16b464734e9301c0062b36142c,delivered,2018-01-04 13:53:07,2018-01-04 14:01:29,2018-01-08 20:13:33,2018-01-11 00:53:16,2018-01-22 00:00:00
b4e3586b63caa012721a22d0fc3fa3fe,d015395a2105867a00b87856d48af631,delivered,2017-10-04 10:06:06,2017-10-04 10:25:46,2017-10-05 21:12:58,2017-10-09 22:04:16,2017-10-20 00:00:00
90d589e42b7249c447d31594bd992684,eb8251dd2b05fbe4a9b75bf108da9970,delivered,2018-02-20 15:46:22,2018-02-20 16:08:23,2018-02-23 18:08:01,2018-03-03 16:03:26,2018-03-06 00:00:00
83dfca4f7a5fe26a1f1635bea6ad1267,db7eab0502aac2e46ff476079a1ea3d0,delivered,2017-05-19 17:15:50,2017-05-20 04:15:11,2017-05-22 07:38:33,2017-05-30 05:31:57,2017-06-08 00:00:00
a422151669049433280012413d1a6486,69f8e649b3958fb232bf6670bce9ff27,delivered,2018-04-14 17:41:51,2018-04-14 17:55:12,2018-04-16 17:08:29,2018-04-23 22:42:01,2018-05-10 00:00:00
1c9ac08a8e474b38e9231382778f7eb9,82218c42033c0f36f36f1c4fd3d7935e,delivered,2017-08-09 18:53:13,2017-08-09 19:05:13,2017-08-10 18:04:54,2017-08-18 21:29:57,2017-09-05 00:00:00
0b7a6fc05a25cefe1287ad5568d08c4f,2fb8001fa90031486a508d2796dcde4e,delivered,2018-05-02 13:13:49,2018-05-02 14:42:47,2018-05-09 14:11:00,2018-05-21 14:11:36,2018-05-24 00:00:00
26309b9af9801e215252ef79be51f75a,f3d920c8e775b5e543f2f89af5969774,delivered,2018-08-22 15:26:48,2018-08-22 15:35:14,2018-08-22 15:39:00,2018-08-27 22:23:59,2018-09-04 00:00:00
d26e860e3ac65bc579e93d847f16673d,9600b4f513892d945c9d8cd2f7fc1955,delivered,2017-07-29 13:49:38,2017-07-29 14:03:14,2017-07-31 20:17:47,2017-08-11 20:35:31,2017-08-30 00:00:00
4f99d1a7b0d2308edf45baa6997ac961,55d6fe64c9ff321e925f284f7e0d69d8,delivered,2017-09-17 17:40:17,2017-09-17 17:55:18,2017-09-22 18:27:14,2017-10-06 17:43:25,2017-10-10 00:00:00
d5696bd8ce0c14b8ab1265d38cc277c2,8aa8cfd8208e29d57aa0d67e01282000,delivered,2017-04-25 14:19:04,2017-04-25 14:35:13,2017-05-09 12:17:10,2017-05-15 07:13:50,2017-05-25 00:00:00
4a14e50e1d032b0fa7809a49f285bfae,6acb9050cca51269fd11bdffe67963f6,delivered,2018-03-12 00:29:10,2018-03-12 01:08:46,2018-03-12 21:34:35,2018-05-02 14:16:31,2018-04-17 00:00:00
87993df58718ae05426e9b6fb1d838ab,8629a8c975e17a82b2c4b4d5842f77a6,delivered,2017-12-03 20:24:03,2017-12-03 20:31:44,2017-12-04 19:52:00,2017-12-18 11:48:41,2018-01-04 00:00:00
dfd167dbbee0457152ea56ac9442f945,ab7eb9c1ecbce30c44c8393c7a47499c,delivered,2017-12-12 19:05:13,2017-12-12 19:15:25,2017-12-13 15:26:52,2017-12-28 16:29:16,2018-01-08 00:00:00
c862d307944b0dd344a6e4310a345564,e8f20063fbcf5a7c9e38ff7da9bd55cb,delivered,2018-01-08 19:07:35,2018-01-08 19:17:40,2018-01-09 16:19:29,2018-01-22 22:26:56,2018-02-06 00:00:00
1722fe3b31052dd87d3639c52ba346d0,e1b929521a26db66887f7ec60e7ba2ab,delivered,2018-02-20 17:17:39,2018-02-22 02:10:42,2018-02-24 13:23:57,2018-03-13 16:43:29,2018-03-16 00:00:00
7711031c008fac004ba9f2bfdaff6200,21f3709294148da4889522e4d1683cbd,delivered,2017-05-14 23:20:04,2017-05-14 23:30:10,2017-05-15 14:11:08,2017-05-18 11:58:07,2017-05-25 00:00:00
196a70ab3bb16ce2023185004d20245c,8cdf2b75bd42e43c8c8648f4205d3945,delivered,2018-07-04 17:45:49,2018-07-06 02:51:02,2018-07-06 10:04:00,2018-07-11 22:28:38,2018-07-17 00:00:00
a8ea05fd33c920bdb1add488f8ef7f9c,1364c861e8447e6a9fe336673843244c,delivered,2018-07-16 21:06:54,2018-07-16 21:20:52,2018-07-17 14:54:00,2018-07-24 17:44:43,2018-08-20 00:00:00
f45074ae38f2e01d9b854ec8d40362ff,d036487ffd91aa5b2f21e17f2bb83543,delivered,2017-08-20 15:36:25,2017-08-20 15:45:18,2017-08-24 14:42:44,2017-08-25 18:54:58,2017-09-01 00:00:00
e23b204f4817055fedf12a5a5c27b360,be48475b2c7db3c1c8281b27b18dbed3,delivered,2018-08-08 15:32:21,2018-08-08 15:45:20,2018-08-09 14:54:00,2018-08-13 13:28:44,2018-09-11 00:00:00
31854ea0f6e411311f9d52ad9f6b779a,b68b7eef43b973110deb801a7c7b6752,delivered,2017-08-28 20:11:49,2017-08-30 02:16:20,2017-09-01 17:43:29,2017-09-12 22:37:29,2017-09-20 00:00:00
35b5ebbe9ea1f14657bfdfb4b52d7465,e2777962242ff48994c639668573a8ab,delivered,2018-03-07 19:45:14,2018-03-08 02:10:39,2018-03-08 20:07:40,2018-03-15 21:08:55,2018-04-05 00:00:00
93567daac4d60b87eba6258bf1f7708f,5c766644f78a25febd9a1460c012954a,delivered,2017-05-23 22:24:31,2017-05-25 03:05:17,2017-05-25 11:42:20,2017-05-31 11:30:16,2017-06-19 00:00:00
a823e340670fb72aaeea0c7aa697212a,af0444fd0bec2983bc41d5f9874ce221,delivered,2017-10-19 11:58:03,2017-10-19 12:14:17,2017-10-20 19:56:06,2017-11-04 00:05:41,2017-11-28 00:00:00
69ad29a3aba936e80ea906bf73c631a8,78dade93bc51c691586fc4880c994b75,delivered,2017-11-23 14:43:38,2017-11-25 03:34:13,2017-11-28 22:08:24,2017-12-19 18:28:37,2017-12-21 00:00:00
88977dfcf102823ad37bacf469c672be,211ac32c2e3b192015e02a82a167f6bb,delivered,2018-01-17 10:44:14,2018-01-17 10:52:26,2018-01-18 20:03:23,2018-01-26 11:14:33,2018-02-15 00:00:00
baf54302abe3b0c2c43c2b55b0212a01,ebdd88ff5419875a1f95e53380c30ef6,delivered,2018-08-10 16:15:34,2018-08-14 04:05:22,2018-08-16 14:58:00,2018-08-17 12:26:43,2018-08-17 00:00:00
0a8f35ef46160ef897c27ba8c423d823,21e1730d52b736bd20ae6c338e2d52b1,delivered,2017-03-16 14:12:58,2017-03-16 14:12:58,2017-03-17 07:48:42,2017-04-22 10:15:45,2017-04-06 00:00:00
5ab0d948812c5129aa5d2816e32c05fd,5a978956f6539e2e344d24647d784562,delivered,2017-12-02 20:24:00,2017-12-02 20:31:48,2017-12-12 19:26:37,2017-12-20 15:09:37,2017-12-27 00:00:00
b2cc4ce347d60653fef5f81e0d80742f,7be38d98b5543ab58a89622f34fadc05,delivered,2017-09-21 21:02:09,2017-09-21 22:45:53,2017-09-22 19:09:33,2017-10-10 19:57:40,2017-10-20 00:00:00
e5b92893da73abb227f25730ffa69680,785c6a8133a7ad4ddcc5b9cfdd03a2a3,delivered,2018-01-24 23:23:42,2018-01-24 23:33:31,2018-01-25 16:29:00,2018-02-22 20:22:58,2018-02-21 00:00:00
fe2eef3b23570cf0d77e3bfd237aed93,00e6cc9509687bc594c4cbe302bd2115,delivered,2017-02-16 10:35:05,2017-02-16 10:45:20,2017-02-16 14:52:36,2017-02-22 14:14:02,2017-03-21 00:00:00
25ec0f46ea6ac93c098212c40c6a7638,ade8ab5bad1517f633ce6d68c0af1780,delivered,2018-06-15 12:58:43,2018-06-15 13:27:02,2018-06-15 15:51:00,2018-06-20 18:08:53,2018-07-12 00:00:00
6565a6f5c54e84857daf0400d65f490d,40914400a0c461354c9486dd7ce67201,delivered,2017-06-17 14:11:22,2017-06-17 14:23:07,2017-06-20 13:34:14,2017-06-24 23:23:44,2017-07-07 00:00:00
4719ca093902a5a5aa18812a9750247e,e78af7d99da7fd983bbfc4a324d38743,delivered,2018-01-18 20:22:19,2018-01-18 20:33:35,2018-01-19 16:39:01,2018-01-22 20:36:58,2018-02-02 00:00:00
c733a4fdd58e3b29cb99b5881c10a1bc,a0304cff9fe8ea7c3fbff031132b6f8c,delivered,2018-04-04 09:30:07,2018-04-04 16:56:14,2018-04-05 21:19:21,2018-04-18 20:52:46,2018-04-27 00:00:00
82232df364f1356b3d4dc9bc5f855ebb,d973a476ccc69fe1c291483ea378625f,delivered,2018-03-15 19:47:19,2018-03-15 19:55:33,2018-03-20 20:48:27,2018-04-05 03:58:21,2018-04-09 00:00:00
cde78bb3c83fdc0c9a35e87b8d559cc4,6d523e3d78e642485876b7692d747d2c,delivered,2018-04-01 21:51:22,2018-04-03 12:49:09,2018-04-04 19:09:50,2018-05-03 20:54:30,2018-05-03 00:00:00
1bb800de8a2b7ff3ae4616c5b6368b8a,aac3180e5a9896effea16ed8c27d9437,delivered,2018-03-30 14:04:03,2018-03-30 14:47:10,2018-04-02 23:59:02,2018-04-07 18:27:35,2018-04-18 00:00:00
6c2df403c867a6aa913b387d92999d43,cd07153a3e03b42c948bafeec3ff9b76,delivered,2018-03-05 14:47:54,2018-03-05 15:29:17,2018-03-23 20:38:47,2018-03-28 17:34:23,2018-03-27 00:00:00
d8e63c9990a74e7e6a7f16ad81251a3c,4ccfc3a8ef510c3a3c2492f64b5bb9ef,delivered,2018-08-25 12:42:41,2018-08-25 12:55:24,2018-08-27 15:52:00,2018-08-30 19:38:31,2018-09-04 00:00:00
01443cd06ea8bce82c554a46f307459f,7995a0161ac789e3a05607de1620d517,shipped,2018-01-03 10:43:02,2018-01-04 14:32:48,2018-01-05 17:35:19,,2018-02-01 00:00:00
266c2a7993cdd7ceb3422646db5f4ea2,09566707b6df407df83b88ae3c1f5ffd,delivered,2018-01-09 14:34:36,2018-01-09 14:50:15,2018-01-11 19:48:57,2018-01-15 18:22:01,2018-01-26 00:00:00
e82d1b300fd1df88a56bf9e4f4b77655,6dfc5d1e608f060d8b5d27b2d2bf0ee1,delivered,2018-02-28 13:15:44,2018-02-28 13:35:29,2018-03-01 22:53:19,2018-03-08 19:32:30,2018-03-21 00:00:00
19eb459a8d7383b55473e6be8fe8acbe,8e81dae0edf578e8d3f8eb61232c1704,delivered,2018-04-19 09:27:47,2018-04-19 09:52:26,2018-04-20 23:48:34,2018-04-23 21:46:54,2018-05-03 00:00:00
14bd8f178a9b993e9c9e9e93c0179130,a7227311e42a1a9952ac23a0b879f32a,delivered,2017-10-04 08:56:49,2017-10-05 02:49:34,2017-10-05 18:57:37,2017-10-16 20:00:00,2017-11-10 00:00:00
b267a93efe393aa916c574caac6c9dfb,11428ad66d96f05ab0feb450fee58d14,delivered,2017-12-02 09:57:46,2017-12-02 10:18:29,2017-12-04 21:26:51,2017-12-13 19:38:50,2017-12-27 00:00:00
66684ab29bf699746bbe69ca21dcedf5,0cc776ad105d3e0339e5e3b846edd129,delivered,2018-02-07 13:55:03,2018-02-07 14:10:07,2018-03-01 17:52:35,2018-03-29 18:33:03,2018-03-12 00:00:00
3eff384842f72b3a75f3f8a4b97fdd44,1a6d4833c060a4f4b5e296057be4fa85,delivered,2018-08-09 11:36:36,2018-08-09 19:04:41,2018-08-11 09:12:00,2018-08-17 00:38:36,2018-08-28 00:00:00
f26991f83957529021b9a4146e870996,a2524830815ae798e7e1554736eb4556,delivered,2017-06-14 20:03:00,2017-06-14 20:15:18,2017-06-16 18:47:34,2017-06-22 15:14:54,2017-07-07 00:00:00
a9d3d5644ade0a1e4724dbb4df266a21,a13b9847485ba81c2b12ed318d748b00,delivered,2018-06-23 22:57:13,2018-06-23 23:14:52,2018-06-26 07:41:00,2018-06-28 12:52:47,2018-07-17 00:00:00
58ddcc041323f47709f7e0b0a461c466,4e00fe683e7c8bf30fbd92bbac680fb3,delivered,2018-07-02 21:13:04,2018-07-02 21:30:26,2018-07-03 13:32:00,2018-07-07 17:18:45,2018-07-30 00:00:00
20e64aa65fbb0149e274381104f46bbe,f94ce64db2a1734b3a34e61957627187,delivered,2017-11-16 13:26:24,2017-11-16 13:50:10,2017-11-17 20:17:05,2017-12-06 00:12:49,2017-12-05 00:00:00
346ffefd56ff0691db147f471af8a1dc,4ed6a7d81c19d03244dc1507df2808cd,delivered,2017-09-20 01:10:10,2017-09-20 01:25:09,2017-09-21 19:37:22,2017-09-26 20:43:40,2017-10-11 00:00:00
e11d8c8f1891edccae172ab330782a34,ac7b051340b262da47d0c7fba8e34a9c,delivered,2018-02-05 09:27:29,2018-02-05 09:35:34,2018-02-09 17:55:08,2018-02-27 13:45:02,2018-03-13 00:00:00
8dc26b80bce71bfaf67ee6cccc4a141c,7021a4def279aa266c716c4282fef766,delivered,2018-02-04 13:19:25,2018-02-04 13:35:22,2018-02-05 19:37:36,2018-02-19 20:09:38,2018-03-01 00:00:00
4630a9abdc1d1ea8fc579b269820c3ea,bcd732582c33a29babe2d05cd5af4d92,delivered,2017-04-13 00:00:47,2017-04-13 00:15:21,2017-04-19 11:16:38,2017-05-26 14:37:03,2017-05-26 00:00:00
620f129681ecd1062dff9066aeae1e28,46eba28813f6e37b470d4896ce47fc96,delivered,2017-05-11 20:23:32,2017-05-11 20:35:10,2017-05-15 14:43:42,2017-05-23 16:05:58,2017-05-31 00:00:00
666591477c57a4ac4d43d1f05718fc91,9c143681bb6198df327cb07118fb68c3,delivered,2017-11-29 08:15:24,2017-11-29 08:30:49,2017-11-29 16:32:29,2017-12-04 18:21:23,2017-12-19 00:00:00
453324816882143205ab00b92ea16f47,8ac4c0cefe23be1253d26730adcbc3ab,delivered,2018-01-26 09:31:47,2018-01-26 10:31:39,2018-01-30 17:19:12,2018-02-21 18:29:13,2018-02-21 00:00:00
6e10384d6572f58ba12c848b91299f39,a089bc5d8035937e139d790de9b24e76,delivered,2018-08-20 23:18:27,2018-08-20 23:30:18,2018-08-21 11:40:00,2018-08-30 21:32:06,2018-09-17 00:00:00
7cabacd4129a4e463e74823b7015115e,8de9570e85c684d350dad5daaefd6ea8,delivered,2017-02-20 13:15:48,2017-02-22 03:22:44,2017-02-23 18:47:51,2017-03-03 11:45:42,2017-03-21 00:00:00
f6936f90b47f4c2a88307ac09bcf36e6,8ec1f246d20e49118b37775c384d0560,delivered,2018-01-30 18:29:53,2018-01-30 18:51:09,2018-02-01 17:53:28,2018-02-21 19:35:34,2018-02-21 00:00:00
4a48b339cd870c3d677d9a5a5afd352d,ab67288694946a0b73b4e38e87928e30,delivered,2018-01-09 18:58:15,2018-01-10 10:32:09,2018-01-10 20:58:04,2018-01-15 20:34:55,2018-01-31 00:00:00
dbc59da30205f3f5f7b3b0259e89b622,07bd847cf908eef9d0191a253bca90a2,delivered,2017-05-16 15:09:52,2017-05-16 15:22:18,2017-05-18 08:07:43,2017-05-24 14:35:43,2017-06-08 00:00:00
79ebf5a42880cee256b9d4517d03d68b,99911a0eca901217e2c674dca58bd84d,delivered,2017-09-14 14:36:00,2017-09-14 14:50:12,2017-09-15 19:13:28,2017-09-27 19:51:40,2017-10-10 00:00:00
3619a073d29c01c4cfb83078a695f13e,e3ab1e4b898e74096cb7f50c74a0a9e5,delivered,2018-02-24 14:38:36,2018-02-27 04:31:14,2018-02-28 16:27:56,2018-03-05 17:14:29,2018-03-16 00:00:00
d89b07cfd47a01ec2bb692b4ce6af6df,5a5692225e8f8c8e991e45612fe94f4e,delivered,2017-02-20 14:24:22,2017-02-20 15:00:18,2017-02-21 13:34:42,2017-03-13 08:33:04,2017-03-23 00:00:00
699d148662aa317f3b1ff76239dd102c,edebcc95c310919931356b64dbc65035,delivered,2017-09-08 13:52:54,2017-09-09 13:55:17,2017-09-14 23:57:44,2017-09-28 19:22:56,2017-10-06 00:00:00
81e59ee7e0269d15ff2b3c7dc8377f3e,76971e23f6d8aace3a2861c35e4ae4b0,delivered,2017-07-22 19:48:00,2017-07-22 20:03:09,2017-07-26 11:07:51,2017-08-01 20:29:37,2017-08-18 00:00:00
61762cc32c47f742be3e930cac5d681d,4e6956b0bd38979ce01c09030893f9bb,delivered,2018-06-04 23:41:19,2018-06-04 23:50:21,2018-06-08 12:13:00,2018-06-11 16:28:44,2018-06-28 00:00:00
81cb17fa8652482186e8184e2a418057,540cd4c00e0b5bf5252538c02e379d24,delivered,2017-03-01 21:45:32,2017-03-01 21:55:18,2017-03-02 08:05:26,2017-03-13 08:38:01,2017-03-30 00:00:00
e829c605e0e109a6278b426f320a9bbd,d51f3009a06141b7b5f74bdb72806202,delivered,2018-02-06 12:11:41,2018-02-07 02:56:21,2018-02-07 18:16:58,2018-02-16 21:43:56,2018-03-06 00:00:00
574fdfb0b81b1cbb8e00b1630abf24cc,79085ed5ba49870c89251a91ecaa5d5a,delivered,2018-02-20 00:17:47,2018-02-20 01:27:06,2018-02-20 21:37:50,2018-02-26 15:27:13,2018-03-15 00:00:00
5671fba9b53be3fff9c55a00839abddb,612b73d1a90b7f881cfe04d86d4d2d43,delivered,2018-01-08 15:43:41,2018-01-11 09:08:34,2018-01-11 19:14:49,2018-02-06 18:25:01,2018-02-20 00:00:00
eee77f4b54ff5aeb0312aa795fb9914c,f62be7ad24b3143213c452bb0cc9e92c,delivered,2017-02-06 22:44:52,2017-02-06 22:55:12,2017-02-10 16:15:40,2017-02-17 20:16:51,2017-03-03 00:00:00
c2c7994c7840c3d025da33aa6285c246,55fd274bdec1b0405283c475c44a40bc,delivered,2018-07-31 23:06:21,2018-07-31 23:24:14,2018-08-01 14:12:00,2018-08-03 00:33:33,2018-08-13 00:00:00
c489854023b5d84892b2279b9c0727ce,af3915ccaab2ffeb6906e6d27b0a7ba9,delivered,2018-03-21 11:46:19,2018-03-21 12:07:55,2018-03-22 21:58:30,2018-03-27 20:51:37,2018-04-17 00:00:00
46e61fd85afa09032021c9b0b507b693,3357130ad85f3c9758c6623ba3d51bc4,delivered,2017-01-26 14:41:39,2017-01-26 14:55:13,2017-01-30 11:38:16,2017-02-06 12:52:41,2017-03-02 00:00:00
c7fbc344dbbad59f3446f56555ed649b,dc79558cae15ae6f35522df09006b76f,delivered,2018-05-07 15:39:08,2018-05-07 17:29:37,2018-05-08 12:25:00,2018-05-11 19:23:30,2018-05-21 00:00:00
c5f2970caae1ee84ffc4c7eeca287fbf,2a112bd8db579bc98cc8831e6c97acbd,delivered,2018-08-13 23:26:41,2018-08-13 23:35:14,2018-08-14 14:42:00,2018-08-21 21:24:44,2018-08-27 00:00:00
e5c7a5b71152d600527c22d71745e3b4,579e33db567e6855412d1fc58cf90c30,delivered,2018-01-04 21:27:23,2018-01-06 02:09:29,2018-01-09 11:56:29,2018-02-24 01:16:49,2018-02-06 00:00:00
c2969f4247f4ebbc5f6e569ccf7eeff7,14061438f3c3186725a55ce3bccf1e6a,delivered,2017-11-24 22:49:37,2017-11-28 02:58:29,2017-11-30 16:43:10,2017-12-08 16:38:24,2017-12-20 00:00:00
8bf6956999b0861c3191773f28806f40,5b5a8855830a3f6bf125706aad389a44,delivered,2018-05-03 11:08:27,2018-05-04 04:11:39,2018-05-09 15:48:00,2018-05-15 15:34:50,2018-05-25 00:00:00
20082947b2fb23b28d05f616b985cdab,b6586e469c2acf2e6efe1083142c6282,delivered,2017-04-08 00:04:45,2017-04-08 01:01:21,2017-04-11 16:07:17,2017-04-18 13:54:52,2017-05-02 00:00:00
0a20452461e34d59bfd981e9e06fe988,bd2865d536f66e07f6b334425e30d027,delivered,2017-02-28 17:54:36,2017-02-28 19:19:47,2017-03-01 06:43:49,2017-03-10 07:04:35,2017-03-23 00:00:00
bea0db83582bcb99461f9795968b7928,46c918a6b7ca64cf8c6ec12e93c452cd,delivered,2017-11-27 23:43:21,2017-11-27 23:52:21,2017-12-04 23:09:40,2017-12-21 22:29:03,2017-12-22 00:00:00
6ca4871d007ce3c4a6173f53028c28fb,df7b73935d01c5ae82743d422fd02fd9,delivered,2018-01-05 08:26:03,2018-01-05 08:47:20,2018-01-05 20:11:02,2018-01-17 20:28:14,2018-02-08 00:00:00
2b2dd432bec6d33562a2dd8962ff1e61,bac77778ea54b998b5f374d5d36e229b,delivered,2017-06-01 09:01:29,2017-06-01 09:10:19,2017-06-01 13:06:16,2017-06-12 10:27:36,2017-06-30 00:00:00
f50b6f864012d10caa8170ff1994cc54,2d231c527c22c03b8f87c6f2b220e3d2,shipped,2017-12-12 19:01:07,2017-12-12 19:10:02,2017-12-15 23:28:48,,2018-01-09 00:00:00
d350e7341937f0fa42f1714f59a91a78,e33cf661b208de9a62f6912b95809ab0,delivered,2018-01-20 20:42:08,2018-01-20 21:02:24,2018-01-22 15:38:55,2018-02-14 13:44:59,2018-03-01 00:00:00
475066321e4cc5faaa72747dcbda1804,6b22640c0a5863425d79c314f31350c1,delivered,2018-07-22 21:31:42,2018-07-23 12:31:48,2018-07-24 13:15:00,2018-07-28 19:31:27,2018-08-14 00:00:00
fd403165d4dc1a2b299386f1d45f181b,e9446b50eed1a1ef77178a47055332f1,delivered,2017-10-09 12:15:48,2017-10-11 03:26:59,2017-10-13 15:02:50,2017-10-23 16:32:51,2017-11-01 00:00:00
5e37bd369f48eb8220fb2d3460f74833,20d45783cfee5d4d288de20095fe7f9e,delivered,2017-05-24 23:38:49,2017-05-24 23:45:09,2017-05-26 11:13:36,2017-06-06 08:37:29,2017-06-16 00:00:00
0f29bafaaa77f4548165215b66bd97e4,72eccad90deb72f23f77d392251a11c8,delivered,2017-11-14 09:46:43,2017-11-14 10:06:43,2017-12-01 22:26:33,2017-12-18 21:48:04,2017-12-15 00:00:00
71b7a44b3e9561dce3ce2841bf401b24,9d9e2b881f7ff0c7cca7d4e1907d0a62,delivered,2018-08-04 11:01:17,2018-08-07 04:15:26,2018-08-07 13:27:00,2018-08-14 16:37:47,2018-08-16 00:00:00
28071571611dcdb56bb375c9d6ad3fab,9dd40455efb86b2c5a3b9f396fe1f3cd,delivered,2017-07-02 14:56:13,2017-07-02 15:05:20,2017-07-04 09:07:39,2017-07-07 22:06:43,2017-07-21 00:00:00
71189364ca3c13bb110177b4d8e949df,46a99fe4d28634842249f441c46a19ce,delivered,2018-03-07 18:58:26,2018-03-07 19:40:27,2018-03-13 19:28:41,2018-03-23 19:08:36,2018-03-23 00:00:00
eac4ffbe456464bdc3ce5f001b6439c5,237098a64674ae89babdc426746260fc,delivered,2017-04-14 11:24:56,2017-04-14 11:35:23,2017-04-17 10:43:50,2017-04-20 17:04:51,2017-05-10 00:00:00
1405c563a488ba7869c598deec085886,8be838a392ab1879b89cb279123ee2b2,delivered,2017-06-21 20:40:38,2017-06-21 20:55:11,2017-06-23 11:52:19,2017-07-04 15:47:22,2017-07-21 00:00:00
76f482e5d217f257e1234328bdab3d68,956c09f1082a86e19a851c45585ba710,delivered,2018-02-09 01:03:22,2018-02-09 01:15:36,2018-02-09 22:12:41,2018-02-23 21:46:36,2018-03-12 00:00:00
c2dd16198fe0f15a071dc1cefbd4557c,ee640e45dcb504c4ca19aa33aaa27495,delivered,2017-11-14 18:44:33,2017-11-14 18:56:08,2017-11-21 20:33:20,2017-12-12 16:05:03,2017-12-14 00:00:00
597233a841339cc9249ce67709f68574,1c913a67c4f8ef08f6b99b68a1f8d38a,delivered,2018-06-27 15:51:17,2018-06-27 16:55:26,2018-06-28 15:42:00,2018-07-02 22:25:02,2018-07-24 00:00:00
79e55edca958f06922293da8d8b6a6db,62b0ef294cd3a6978835244cbe05c3fc,delivered,2017-12-30 09:08:00,2017-12-31 09:06:43,2018-01-04 12:25:23,2018-01-10 22:58:57,2018-01-24 00:00:00
7e5fe61e61a5f75f96daa8d7da4519cd,c7c35e2c61b454d59cbe83900c63dc99,delivered,2017-10-06 14:50:35,2017-10-06 15:07:10,2017-10-09 20:50:08,2017-10-16 21:33:50,2017-11-01 00:00:00
67f670a054ac14e6ef48f72e6c77c4e8,bb159827aaf50cb73aaa1e61ea56b876,delivered,2018-07-20 09:31:31,2018-07-21 03:23:51,2018-07-23 11:42:00,2018-07-24 17:41:22,2018-07-30 00:00:00
de09b3dcf54cf0c8f1f503336f3110b3,42da83bec6f09f825ff65b49cd4fd618,delivered,2017-09-08 14:50:28,2017-09-08 15:03:23,2017-09-12 20:49:51,2017-09-19 20:38:41,2017-10-06 00:00:00
c58b578f20b5339ed6bd652a78b85dff,42f008eccf990521153765b8c8196cc5,delivered,2018-04-26 20:16:12,2018-04-26 20:31:52,2018-04-27 15:42:00,2018-05-02 19:25:34,2018-05-14 00:00:00
987cfe3348684fc007a1e9a4825eadb4,8bba830be57bad4ed0b40743372ce289,delivered,2018-04-02 14:26:59,2018-04-02 14:51:04,2018-04-04 18:31:41,2018-04-11 02:41:48,2018-04-18 00:00:00
0b8265df142be25383b96d66f4150f0b,f60105561ba924f5c86f56fb9aedf5f8,delivered,2018-05-13 19:41:03,2018-05-13 19:55:16,2018-05-15 13:43:00,2018-05-16 22:26:57,2018-05-23 00:00:00
3566eabb132f8d64741ae7b921bbd10e,bc34456d3b02a05a197c94f72ff6fde1,delivered,2017-03-29 13:57:55,2017-03-30 02:10:20,2017-03-30 16:09:39,2017-09-19 15:07:09,2017-05-05 00:00:00
08cd96d5c09ad751d2c4ffd556f96c31,211ae185375296b63cff2b23868ac3f7,delivered,2018-03-30 11:05:19,2018-03-30 11:50:15,2018-04-05 19:22:26,2018-04-13 20:03:48,2018-05-08 00:00:00
f2371429f5b226299bc9410009b465b2,0ab856797ba53f52538307a0b746c1cd,delivered,2018-04-30 10:12:26,2018-05-01 05:54:52,2018-05-02 15:15:00,2018-05-08 21:18:46,2018-05-25 00:00:00
e3a45547c935293f9ab978bbfaaaf33c,788507f8d61760b014df86baed570633,delivered,2017-10-24 22:11:35,2017-10-24 22:28:14,2017-10-25 19:39:41,2017-10-31 19:39:52,2017-11-16 00:00:00
43fa7a93e747753c3b50ab4a0be0e633,3d6cec95d1675ccadefbc78fdb9633a4,delivered,2018-04-15 18:11:57,2018-04-15 18:31:06,2018-04-24 18:12:24,2018-05-14 19:18:46,2018-05-22 00:00:00
510ad2b778bb4dc4eed820d1c8d22d91,a9175259b2cd074aa280d260eab0fb2a,delivered,2017-11-29 18:16:27,2017-11-29 19:08:23,2017-12-05 02:49:46,2018-01-04 23:05:10,2018-01-09 00:00:00
7f3602b55293734bb17fca86a144c1f0,76e7be904a79a6f6fbff238fe6223be1,delivered,2017-12-03 14:16:48,2017-12-03 14:23:31,2017-12-04 20:42:35,2017-12-12 19:21:55,2018-01-04 00:00:00
59c51bdf0c3270d962625e5ebbe22fb1,d62eee7d44db15b7b56c01f70fbb2e4c,delivered,2018-06-29 05:26:29,2018-07-05 16:08:11,2018-07-03 19:29:00,2018-07-04 15:32:20,2018-07-13 00:00:00
cd2b64ece8152d14bfbd040bfe7502fb,a226db4721e81e964df0fd08d7978181,delivered,2017-12-08 19:02:16,2017-12-08 19:13:26,2017-12-12 01:47:44,2017-12-30 11:51:58,2018-01-05 00:00:00
9b4fffbb9f849f5532c6fa81e6769892,3be71a667d6ade3c00844946e3284e5b,delivered,2017-05-23 17:42:48,2017-05-23 17:50:20,2017-05-24 15:15:54,2017-05-31 09:35:59,2017-06-16 00:00:00
36dfc1a57aa696c9c9a2c47aa4799326,25dd89b7e85a26bba8b7259c0eb2dd18,delivered,2018-01-20 19:37:42,2018-01-20 20:00:03,2018-01-22 21:09:59,2018-01-29 22:22:36,2018-02-15 00:00:00
27214261769c9a48e5294cfe2d9869d4,060f7a94f04291ec1ec79d0d61eda142,delivered,2018-04-10 12:36:59,2018-04-10 12:50:17,2018-04-11 18:42:47,2018-04-12 18:58:33,2018-04-24 00:00:00
d34e3e2c2b9826a73514ed2fed39aed8,0c21938c6aa9cc9fc265a5b045b3658c,delivered,2017-10-04 13:18:43,2017-10-06 02:14:08,2017-10-06 20:08:11,2017-10-17 21:40:15,2017-10-27 00:00:00
1689f77aba54add10c301840bd5462de,5be3842ff7dab1649892549d7d6e9283,delivered,2017-04-14 18:56:58,2017-04-18 04:33:02,2017-04-18 09:06:48,2017-05-03 13:16:47,2017-05-23 00:00:00
377e6511892bc84165d157c8fa2b4c6b,850ee3a4be9bcdf32b8f812000b0607c,delivered,2017-02-28 21:17:05,2017-02-28 21:30:15,2017-03-02 11:36:02,2017-03-10 14:38:09,2017-03-22 00:00:00
d19a87282922be2fe89f5234b1bb6c14,e48d4cb8ef474097c514ec1958b45f6e,delivered,2017-07-15 19:04:02,2017-07-15 19:15:16,2017-07-19 16:47:23,2017-07-27 19:55:33,2017-08-08 00:00:00
bb49647806d3a87629936d5f1f5d34b4,ec189a5b668cb11749a9f1b4e8f19759,delivered,2018-07-27 08:45:19,2018-07-27 08:55:21,2018-07-27 13:23:00,2018-08-01 18:27:29,2018-08-09 00:00:00
bb43ae69c04e445542e6d3ad2be52c4d,3c168144a3500be8be77b8241548f421,delivered,2017-10-16 15:36:02,2017-10-16 15:50:36,2017-10-25 19:27:33,2017-11-09 22:26:57,2017-11-17 00:00:00
04a0e5cbdfc606ebca72c5b78caf81fe,f1a688a441fc43cba0c3a2af6ae3bdf6,delivered,2018-01-21 15:05:27,2018-01-23 03:52:57,2018-01-23 21:26:25,2018-01-31 00:33:15,2018-02-14 00:00:00
fcb37577370584bc94c2b97a2e61433c,b3570672c35f5c87ed4f61c7419a411f,delivered,2018-04-20 14:52:30,2018-04-24 19:19:41,2018-05-02 15:32:00,2018-05-04 17:32:56,2018-05-11 00:00:00
4f8d15bb2a3dda4bd3ce42216c330059,d292b78439b276aa75e79b4ff8b9325e,delivered,2018-01-31 09:57:15,2018-01-31 13:48:17,2018-02-01 19:11:56,2018-02-05 19:07:04,2018-02-16 00:00:00
06a398a5e672222b10f098541b70da76,89613c693397667078f2b43896e6c8c5,delivered,2018-08-09 06:54:16,2018-08-09 07:05:14,2018-08-09 13:43:00,2018-08-25 01:52:37,2018-09-03 00:00:00
1330f512f9acd289580909d5b7d1160d,4cd8bcb17ceed65f2172f48bfa1a2834,delivered,2018-06-15 17:22:21,2018-06-15 17:45:01,2018-06-18 12:25:00,2018-06-21 15:13:21,2018-07-11 00:00:00
3700f4a21c1a400182d57c40e110ab2a,725f1aaa7840c81a09b590b25cc7fa24,delivered,2017-03-08 22:51:01,2017-03-08 22:51:01,2017-03-09 11:16:47,2017-03-14 17:39:17,2017-03-27 00:00:00
a7947c0869dbc1d6a6efb0c567cb0099,b1db5d94490687ac415441231056307d,delivered,2018-07-19 18:36:37,2018-07-19 18:50:14,2018-07-23 16:41:00,2018-07-24 22:42:43,2018-07-30 00:00:00
6873a2599d71da76be91774f9e8b0af7,bdd50be49202acbdbd4f80d1ccaf0092,delivered,2018-01-09 18:57:54,2018-01-10 10:32:19,2018-01-11 17:46:48,2018-01-18 23:22:35,2018-02-06 00:00:00
aa99487411b30032936831e56c42da2f,74920bc93e60ed7786b3be5f8312b995,delivered,2018-06-09 16:05:49,2018-06-09 16:19:43,2018-06-14 15:11:00,2018-06-21 18:22:51,2018-07-12 00:00:00
008dc31c0ae7121f2791953ae5f532c3,0855edaada8d5aeef50b56f26e604932,delivered,2018-01-06 11:22:56,2018-01-06 11:33:49,2018-01-08 19:54:05,2018-01-29 21:22:18,2018-02-05 00:00:00
bb55de21f945bdaf699aec35f7bf63aa,e0d3f99b39016b5bcfffd7f8d96296b9,delivered,2018-01-15 22:25:41,2018-01-15 22:35:25,2018-01-19 15:09:27,2018-01-27 12:12:47,2018-02-05 00:00:00
6c1798a95735e69db81fe92f8c40bdb4,7ff28e5763744b926226d1e9ec551062,delivered,2017-08-20 20:58:18,2017-08-20 21:15:09,2017-08-21 21:00:04,2017-09-23 18:30:03,2017-09-15 00:00:00
040f8d4b01dfd628e0ec871546a193f7,5f09e613464dc63f9a5fa6516bd6f0cc,delivered,2018-05-11 10:26:40,2018-05-12 10:34:17,2018-05-15 10:49:00,2018-05-17 13:28:53,2018-05-25 00:00:00
e567636d0d5b2a7724e0f2331b4081b0,17ba46ce0a3914f21468fa59cc2bbfba,delivered,2018-01-15 08:59:16,2018-01-17 04:31:13,2018-01-18 19:13:33,2018-01-24 15:17:03,2018-02-06 00:00:00
09dda1ced4a7c14c742c7f2678c36641,f5c0508d514341f2b2f4d2820f9aae88,delivered,2017-08-12 11:02:56,2017-08-12 13:23:20,2017-08-15 18:42:27,2017-09-01 17:34:44,2017-09-14 00:00:00
4d8662c2c25b6afb4e8fd8f9ee247d84,dc9a1a3430048c7a2cb6431cfe9bded5,delivered,2017-11-21 15:13:52,2017-11-21 15:27:02,2017-11-22 16:27:48,2017-12-05 12:06:29,2017-12-12 00:00:00
993235f1d81f074819e841d5bf1d41b7,0e2b91772bce3a830fe191d6646d96ce,delivered,2018-04-05 09:43:43,2018-04-05 09:55:17,2018-04-09 16:38:24,2018-04-11 18:48:45,2018-04-23 00:00:00
f7e7da47ef2f5f88532c556e17126566,e60ecc88932dcdbc70cfd193562f47a6,delivered,2018-03-04 11:03:19,2018-03-04 11:15:34,2018-03-06 02:21:51,2018-03-13 22:22:06,2018-03-26 00:00:00
c852ec0ec6e1f9cc2219fbccac02a688,4bc99d31c09e4ee38bff3e44ec51a326,delivered,2018-03-14 17:58:51,2018-03-14 18:40:33,2018-03-15 20:05:48,2018-03-23 16:46:39,2018-03-26 00:00:00
6e0856753dd343c4a360ec7f6b7ebe31,5b39501b275f18a72937d3607563003d,delivered,2017-05-02 14:21:34,2017-05-02 14:30:25,2017-05-03 11:57:53,2017-05-11 13:12:11,2017-05-25 00:00:00
c5d026c081ba143f2a58d189ea5be1a1,f74b5ba22ff77360b5a00d379e1c85db,delivered,2018-01-08 11:46:01,2018-01-08 11:57:00,2018-01-11 18:43:39,2018-01-15 16:27:56,2018-01-31 00:00:00
23ad1ae9db6999293449603e1a247803,d71a8cffeb2a8ca4ad2375b72d94c8ad,delivered,2017-01-26 16:25:37,2017-01-26 16:35:23,2017-01-27 15:44:17,2017-02-03 17:23:38,2017-02-22 00:00:00
f5f66dabc756cc0fc7a3ef8832233715,6e7dc8f6ec3f0a0d72fa64992ebe2fc8,delivered,2018-03-17 18:06:43,2018-03-20 03:28:25,2018-03-20 19:17:46,2018-04-02 23:19:07,2018-04-11 00:00:00
115986c6100a117f487af7dd08cbb2ce,7055d49ebc0f70397fa1563dce4f7e49,delivered,2018-05-23 08:26:50,2018-05-23 08:54:40,2018-05-23 11:37:00,2018-05-24 21:52:15,2018-06-01 00:00:00
de3d4c045bbe60df44e296c60a50bae2,f0d2141fb362e04ef3662639001022c7,delivered,2018-06-23 21:48:37,2018-06-26 05:37:20,2018-06-26 18:17:00,2018-06-27 13:28:25,2018-07-05 00:00:00
2f3a10460f829a155fddd925f0e2f9c5,6a7ca7365d53fad7a6b7dd45406112de,delivered,2017-08-25 10:24:47,2017-08-25 10:35:12,2017-08-29 18:22:46,2017-09-06 17:53:00,2017-09-25 00:00:00
de4f4689e7aef3a0fb87f25f66825abb,6e7238eb7c39fb19275bdac1250f6634,delivered,2018-01-10 12:07:18,2018-01-10 12:18:21,2018-01-11 23:07:43,2018-02-10 15:03:05,2018-02-05 00:00:00
4d8670f88c5a4efafebd84b26366ef48,0b2c9a8124b568442db9107aa5467ace,delivered,2018-03-01 14:24:49,2018-03-01 15:10:39,2018-03-02 18:31:38,2018-03-06 01:48:52,2018-03-13 00:00:00
d3754c7e1266c698c42df6695994328d,4257391a8554b013c719946b2ed594a0,delivered,2018-08-10 10:31:43,2018-08-10 10:45:00,2018-08-10 12:36:00,2018-08-17 17:28:39,2018-09-19 00:00:00
b3a70e33f30ddbe86271d2a7e75b62e2,431b6d313da3b87c722ce77f4f0d9fa1,delivered,2017-11-28 00:35:27,2017-11-28 01:31:26,2017-12-01 20:47:13,2017-12-03 15:08:50,2017-12-12 00:00:00
6cc462dbd8849dc8a1ac2f9023901fe6,96062ed70db09e708d9808924b043b2a,delivered,2017-12-26 14:57:30,2017-12-27 04:08:51,2017-12-27 16:23:26,2018-01-09 20:36:59,2018-01-22 00:00:00
6c7481b5566c6a3821a91a05b0f9f7c8,9668e82e922394b6e8ee41f4400580eb,delivered,2017-01-27 10:31:21,2017-01-27 10:45:43,2017-01-27 11:48:18,2017-02-08 14:18:56,2017-03-03 00:00:00
08ad3a94339e1bddb2167b3c51faa4ac,8dc19ab48e501be6368547d40ab20b50,delivered,2017-08-06 09:42:09,2017-08-06 09:55:15,2017-08-08 14:12:06,2017-08-15 19:48:37,2017-08-29 00:00:00
97c1ad9812910864f063fcc01544976b,823351b897393a675931edfd08e301b4,delivered,2018-06-11 11:11:38,2018-06-11 11:39:44,2018-06-11 13:39:00,2018-06-19 14:56:29,2018-06-25 00:00:00
25a04f7590fe68b84a1812d281ef019c,b18b8574746de17277d25884c898ff55,delivered,2018-01-12 12:17:34,2018-01-12 12:28:38,2018-01-13 01:45:42,2018-01-23 19:52:37,2018-02-06 00:00:00
019edbdfeb6923e55558362c2b84ec37,2ec93611c4a36c30917dcc0ba589d5d9,delivered,2018-04-01 07:31:49,2018-04-03 05:28:16,2018-04-04 18:04:00,2018-04-05 18:58:39,2018-04-13 00:00:00
d5a0f66337a578c36b0091b8600a860f,796f62577d52d0b9ef08fbd43ef53d45,delivered,2018-04-25 15:57:14,2018-04-25 16:53:46,2018-04-26 14:42:00,2018-05-04 19:58:57,2018-05-21 00:00:00
42c01179f293a47a1986fcc2bf8117ca,32943a644d34e64f22d129535b2bca96,delivered,2017-10-17 10:36:57,2017-10-17 10:49:37,2017-10-19 14:23:58,2017-10-24 18:08:08,2017-11-08 00:00:00
b6a006c82e0dea4214b534ced51eb9bd,93b2528f542d60215c2d707a8c1a62fd,delivered,2018-06-13 22:33:52,2018-06-13 22:57:57,2018-06-14 14:27:00,2018-06-19 21:52:35,2018-07-04 00:00:00
00404fa7a687c8c44ca69d42695aae73,0c34c39c897304ff49eeade3059c4c60,delivered,2018-05-07 22:38:21,2018-05-09 04:31:28,2018-05-10 18:29:00,2018-05-18 19:04:11,2018-05-24 00:00:00
ed400c61a0572d54be0be7f81323ce61,7c525160831895121e9e41231b86293b,delivered,2017-10-29 16:50:50,2017-10-29 17:06:14,2017-10-30 21:04:56,2017-11-06 21:54:44,2017-11-22 00:00:00
c1ecc1e54515cde540ca84bb519839b1,6648569aeba7da7ae0eb333509cd0b4e,delivered,2018-03-26 12:25:58,2018-03-26 12:47:24,2018-03-28 18:32:41,2018-04-28 14:21:20,2018-04-26 00:00:00
d73056e2f26b5d40f0b94c8a4ab36f37,053ca64ae25ab83eefb29d38e4e49c24,delivered,2017-03-19 16:52:12,2017-03-19 16:52:12,2017-03-21 09:05:29,2017-03-23 17:13:57,2017-04-06 00:00:00
39efca87c5c2d6306227412ed0e09c4b,2b580c73f38a115457a7d8e5f7e96f7f,delivered,2018-01-23 13:40:30,2018-01-23 13:52:11,2018-01-24 22:56:43,2018-01-31 18:19:53,2018-02-15 00:00:00
1ee0a17c69232d18d8fe9d63045bd6f5,2e19f98202709f7fc7dbc66d023f9ff2,delivered,2018-02-21 08:09:52,2018-02-22 02:31:21,2018-02-26 15:06:22,2018-03-06 10:10:40,2018-03-20 00:00:00
202bcf28f7e3dfcee06ab0bfe10c750e,9e4ee2405ab6b0919e4c8cd56a3e2705,delivered,2018-08-02 19:52:43,2018-08-02 20:05:11,2018-08-03 13:10:00,2018-08-08 21:11:35,2018-08-16 00:00:00
0886b681f437971243d241ece6cf21d9,acb3ac39728553eac82ec6934218ce3d,delivered,2017-11-04 12:02:41,2017-11-07 07:30:49,2017-11-07 18:47:33,2017-11-20 10:43:44,2017-11-30 00:00:00
64220eaa18136b28efa65c5af7519c3f,5db44937067cac636a6eb65f1a911379,delivered,2017-12-19 23:19:56,2017-12-20 00:32:49,2017-12-22 22:08:08,2017-12-29 17:38:15,2018-01-24 00:00:00
5f4ba3601a746f874fe9d0fbea564155,3acf064d80c20a46f5a44c457a44d6fd,delivered,2018-03-16 14:21:00,2018-03-17 02:50:52,2018-03-21 18:35:39,2018-04-11 15:51:08,2018-04-17 00:00:00
5bd5cb539a3f28ce071d1b269f342f0b,1427b52378052888f13f4c29ee584981,delivered,2018-05-05 19:29:22,2018-05-05 19:50:47,2018-05-10 13:35:00,2018-05-18 18:52:41,2018-05-25 00:00:00
ac648ca06b29a1e27daf1f9a087f773d,68d9b4009de453c3009235112a15c822,delivered,2018-05-07 23:12:26,2018-05-07 23:32:40,2018-05-08 15:00:00,2018-05-09 22:04:04,2018-05-17 00:00:00
3bc25388dde67d943ffaf8db488cebc0,3d16f10d74d9822a98c80bc491fea6d5,delivered,2017-06-14 19:37:55,2017-06-14 19:50:13,2017-06-27 08:52:53,2017-07-05 13:57:27,2017-08-02 00:00:00
1a0a36c1032d171afbfdb82012107bf6,fae219e52f95e4351a37293dbe40c1fd,delivered,2017-09-23 22:07:12,2017-09-23 22:24:21,2017-09-25 19:28:54,2017-09-28 18:32:45,2017-10-11 00:00:00
8734071c7bfc4d453e59546b22c5ce0e,78bebfa74709728a62d4a98efbde8ac0,delivered,2017-10-07 09:50:07,2017-10-07 10:05:52,2017-10-23 19:15:16,2017-11-28 22:24:42,2017-11-10 00:00:00
351a62fa8409254743dcf169fd1d9abd,7c3cb653ac4e0de00faf0806333ef64f,delivered,2018-06-19 21:34:01,2018-06-19 22:00:25,2018-06-20 12:11:00,2018-06-27 14:39:32,2018-07-23 00:00:00
edf6c049941a16f88f1cf709b74f9222,1bb92246ebdb20ab7b98889247d0cd90,delivered,2017-11-25 14:32:04,2017-11-25 14:55:45,2017-11-29 20:08:43,2017-12-18 22:17:53,2017-12-20 00:00:00
3a0ef207d0d68b9409177eb5829032f6,99e8fac2d9664a0f5d7360fecdd6c560,delivered,2018-07-21 16:33:28,2018-07-21 19:24:04,2018-07-26 13:57:00,2018-07-30 22:54:52,2018-08-02 00:00:00
6087c740ddca7b0c465bda072107a1a9,27862af84c148e9a656de216a213fd12,delivered,2018-08-19 18:13:40,2018-08-20 12:51:03,2018-08-21 17:54:00,2018-08-22 23:51:41,2018-08-31 00:00:00
b8ccf087dea4fc431e71277cf66ed793,296eb95e34f2a94e6a317c9a38e9c277,delivered,2018-08-15 11:29:28,2018-08-15 11:44:13,2018-08-16 12:34:00,2018-08-18 01:21:46,2018-08-20 00:00:00
2b83ae3a3dbd7388b86f75c4e41eba63,a75d628cc336f8063b6f3d8b5e973fc9,delivered,2018-05-06 13:54:05,2018-05-06 14:13:16,2018-05-07 15:25:00,2018-05-10 19:58:32,2018-05-28 00:00:00
4141a4d0188de2c856950810c9a5e52c,236b2f908248dc4231c35c2153db2c3d,delivered,2018-06-21 15:08:30,2018-06-21 15:39:16,2018-06-25 12:59:00,2018-06-26 16:34:55,2018-07-13 00:00:00
92b675d76f091290310bf9078366b8fb,4c7124b7fbe43de1c5cde40ffdc99842,delivered,2018-07-29 18:29:32,2018-07-29 18:44:11,2018-07-30 12:32:00,2018-08-09 15:12:43,2018-08-20 00:00:00
738d6dc61c6c4ddc88d8996cec5dadae,26f19660cfa59d1e2fd5752e96ef63ef,delivered,2018-07-28 13:11:22,2018-07-28 13:44:38,2018-08-02 15:16:00,2018-08-06 19:41:02,2018-08-16 00:00:00
281c358f0dcde9783e899cfe62c1097f,1bcc3cdcdb5ceed9c1a8d17195201097,delivered,2017-09-20 12:23:52,2017-09-20 12:38:51,2017-09-22 16:27:35,2017-09-27 19:45:50,2017-10-11 00:00:00
abd3a8a610f747206145a94c4ce5e0f0,f7550d45499bb4af50e3170dc12a87ff,delivered,2017-11-29 23:07:24,2017-11-29 23:31:29,2017-12-06 16:43:25,2017-12-15 13:15:32,2017-12-21 00:00:00
4971e25e83d731df760b10a30fc6db6b,3426e7a4ab70dfdf2fe8ae2060984be3,delivered,2017-10-21 14:04:57,2017-10-22 14:14:16,2017-10-23 21:10:03,2017-10-27 17:33:33,2017-11-09 00:00:00
0a87254b512c79f0943355540a189d77,f15ac90946f24de786081880a31b8583,delivered,2018-06-30 15:57:49,2018-06-30 16:30:12,2018-07-04 09:37:00,2018-07-14 20:24:32,2018-08-09 00:00:00
be2cf19c621cf22ac9d84ebf5f29453f,4af19a3cef66be41cc9cd783b907a444,delivered,2017-05-18 13:47:33,2017-05-18 14:02:45,2017-05-24 15:11:20,2017-05-30 11:45:06,2017-06-19 00:00:00
d2b733c929342acefcd33572f8a1e3da,1270294c53960c98da79eb7dad3ba1e2,delivered,2017-12-14 12:00:30,2017-12-16 02:35:26,2017-12-18 17:47:49,2017-12-27 20:28:45,2018-01-16 00:00:00
22e3c9bb71d3ba4287ea3efaf617ece8,746bddb69f99312941dd5bda532a3fd8,delivered,2018-06-11 10:21:51,2018-06-11 10:35:21,2018-06-12 12:34:00,2018-06-19 21:05:38,2018-06-20 00:00:00
503a416fb4261893e74138567c7138a5,51f1a09c5cf431a3ffb2ac3d0ac7a73e,delivered,2017-03-12 12:24:51,2017-03-12 12:24:51,2017-03-13 09:24:52,2017-04-05 17:27:51,2017-04-13 00:00:00
62a647a2e24ac06f7d127baa26d29e96,b3194c3f6631231daa204fb5c759c53f,delivered,2017-02-18 13:44:39,2017-02-18 14:10:14,2017-02-20 12:45:47,2017-03-13 13:27:55,2017-03-31 00:00:00
a64ff6ad7d023ed734dca48c924c0ac9,531de017d4c5943227276ae3ba96be10,delivered,2017-11-23 12:04:50,2017-11-25 04:53:47,2017-11-27 21:32:39,2017-12-07 19:21:50,2017-12-18 00:00:00
46ed7de79e3d33078ef83b3d1a75c182,e40420c645797c041ca4ca0da6a49472,delivered,2018-01-02 22:12:48,2018-01-02 22:29:45,2018-01-03 16:55:29,2018-01-16 11:42:42,2018-02-06 00:00:00
845faa625ef6a2b4549edd96a4bb7308,ae896d8d9bdde52715f81bd2a79fe218,delivered,2018-08-04 20:07:22,2018-08-04 20:24:13,2018-08-06 11:11:00,2018-08-15 19:09:11,2018-08-27 00:00:00
711e7d3df4f235b658144c3723903c6a,95c4015e1361fee6cf2367266ae409cb,delivered,2018-05-22 19:36:12,2018-05-24 02:34:40,2018-05-28 13:06:00,2018-06-06 22:32:05,2018-06-14 00:00:00
6a02eb34a9f7ac17b1a74e01a63b1b09,ae663525fe6109d37622e3266d18d2ad,delivered,2017-12-14 23:09:11,2017-12-14 23:32:47,2017-12-15 17:33:06,2017-12-27 18:04:10,2018-01-12 00:00:00
7c7476b2d50d3aebeed24b79cbc8fb3d,57913320fa3fb135fdec763e48e855af,shipped,2017-08-13 12:10:48,2017-08-13 12:25:16,2017-08-16 19:05:31,,2017-09-01 00:00:00
c77e3aa4caf8e752789d9b7ce1caf352,b4d1a3ed75c14a0a67cf515cdad1ff79,delivered,2018-02-09 09:48:39,2018-02-09 10:14:33,2018-02-09 22:32:01,2018-03-20 13:13:18,2018-03-13 00:00:00
e42760f40f2fba3ba7529b6157adf501,c714d0379e12f46b0d3671b86773339b,delivered,2018-01-05 16:15:14,2018-01-05 16:27:49,2018-01-11 15:58:59,2018-03-02 22:58:53,2018-02-26 00:00:00
3fe876ffec49107cfb2f6565704aebcd,4ae3c3806ac6144be98fb9633c78ac10,delivered,2018-08-19 21:50:20,2018-08-21 04:50:30,2018-08-23 14:25:00,2018-08-24 19:38:49,2018-08-24 00:00:00
c1c8d8758860faab6badb186e10cfbb2,69a6d39c85ef49a5896ac8a51eb09bb4,delivered,2017-06-08 16:37:15,2017-06-08 22:31:55,2017-06-09 15:48:08,2017-06-14 15:34:13,2017-07-03 00:00:00
e6f9e405ce45b165458e7f5e14398ee5,fae68a5c34595ab2673163891d0c0aee,delivered,2017-04-23 13:33:04,2017-04-24 13:35:19,2017-04-25 11:06:34,2017-05-12 14:13:50,2017-05-15 00:00:00
ea758df7f35b0c9481727b5430b21f85,690c457dfd68f1556cd9a6894e684c12,delivered,2017-03-28 17:29:02,2017-03-28 17:45:14,2017-04-13 15:04:48,2017-04-19 09:19:41,2017-04-17 00:00:00
1ebdd8b42137496d813decad33fc992a,1bd1508a2184ade648319b14e788bc6e,delivered,2018-06-12 10:20:07,2018-06-12 10:40:34,2018-06-13 05:06:00,2018-06-18 18:56:44,2018-07-12 00:00:00
ada9fa782c2b09e429a3075016e025c2,6739c6c4a0a27db63e15c9c5a31d159a,delivered,2018-07-27 21:34:25,2018-07-27 21:45:09,2018-07-30 13:39:00,2018-08-02 19:04:52,2018-08-15 00:00:00
a635ae1c8830497722a46d8db82b5012,d85434d013944282b70711cbb004e3ed,delivered,2018-03-26 23:01:41,2018-03-26 23:15:21,2018-03-28 18:41:37,2018-04-02 18:32:47,2018-04-12 00:00:00
2ab929a67a431a31d0c479384ce2848f,87aff18c50868f8780503ad338b524af,delivered,2018-03-16 14:03:06,2018-03-16 14:15:32,2018-03-20 20:37:21,2018-04-03 17:52:54,2018-04-09 00:00:00
27f9cf9d843287e332dcd815a0feda60,b8fbaa3e26e3e604818d090861f162b7,delivered,2018-07-29 13:18:42,2018-07-30 18:31:02,2018-08-08 14:46:00,2018-08-22 22:58:40,2018-08-22 00:00:00
90d897de8f553051e5788b65997dc669,55785b9fc90925a1a45bc34d27bcbeef,delivered,2018-03-21 16:08:50,2018-03-21 16:28:13,2018-03-23 01:22:48,2018-03-28 15:46:44,2018-04-16 00:00:00
8b7b9c6bbef1d12f004035806f43996a,529f88b63d54d7c02bd9cbfd94ef9248,delivered,2018-06-04 10:38:02,2018-06-04 10:50:55,2018-06-07 12:55:00,2018-06-13 16:22:46,2018-07-13 00:00:00
80e3778eb13610b0026e877f2247bb73,5b23795c3584b621ecb4efcb592c1971,shipped,2017-12-23 12:07:00,2017-12-23 12:18:27,2018-01-02 13:15:16,,2018-01-22 00:00:00
82665f766c0c85d41579a39185623295,f871bbbc88be217e9c3f5ab5ee0c4193,delivered,2018-01-17 13:28:49,2018-01-17 13:36:26,2018-01-24 00:05:01,2018-01-26 16:05:33,2018-02-09 00:00:00
57fce93a49162f50b73540052f2871dc,219819dc0d3df55657865808c63e2ca2,delivered,2018-06-04 17:19:36,2018-06-06 09:11:12,2018-06-06 14:17:00,2018-06-11 20:29:29,2018-07-05 00:00:00
f96d59ecdb3f162337162d9bd1b7cabc,782c91abdca6c7677048ff0a930e7a48,delivered,2018-04-29 19:24:08,2018-04-29 19:35:28,2018-05-02 10:31:00,2018-05-04 23:33:57,2018-05-14 00:00:00
e85a7df9469c9d0c194f92a5dece760a,e6dbcab785bd88d4ac6fa1a541265d48,delivered,2018-02-28 09:43:34,2018-02-28 10:40:38,2018-02-28 22:32:35,2018-03-17 15:07:21,2018-03-19 00:00:00
6c3682387b03809f0cdff2ef08a7cc17,a3c07a5d858fa39abbe44ca22afbaf03,delivered,2018-01-17 15:22:23,2018-01-17 15:32:56,2018-01-19 01:22:59,2018-01-19 23:14:25,2018-02-01 00:00:00
a87b1e2e028f2dd7b4f77afd0f1da268,f2f66374ab5da850ce006490eb25f609,delivered,2018-08-21 00:23:59,2018-08-22 03:35:13,2018-08-23 17:57:00,2018-08-28 18:18:47,2018-09-04 00:00:00
f59ee70148bbdacff5fc0b6d1205252e,4511ae99b6e4a71562a8fff52835d251,delivered,2018-01-22 19:57:33,2018-01-22 20:16:13,2018-01-23 19:12:52,2018-01-31 19:28:35,2018-02-21 00:00:00
ff0728cbaca6119f2180d349b0332a36,0099bfdae84652b1df38e27c0fc216e3,delivered,2018-01-22 20:21:44,2018-01-22 20:35:08,2018-01-31 20:22:47,2018-02-24 11:35:36,2018-02-16 00:00:00
d09d9dcfc60768eca86d23524469aaac,c41453f7bd7d6b8de47dabe95160ffd4,delivered,2018-03-22 17:45:00,2018-03-22 18:05:21,2018-03-23 18:34:48,2018-03-29 00:05:28,2018-04-11 00:00:00
47e8cbf8f737294d8ca46cb2c4229cfc,eb752efc8d5d6333e121cbf392460955,delivered,2018-07-19 20:48:54,2018-07-19 21:05:07,2018-07-20 13:25:00,2018-07-24 17:31:59,2018-08-02 00:00:00
281f470497aa1a0af6a1d6024b3eba93,3ae9e0f1c44e053de994e63d5094286c,delivered,2017-09-05 16:36:01,2017-09-05 16:50:18,2017-09-06 17:52:34,2017-09-14 18:49:28,2017-10-02 00:00:00
521a470b601d24e156ef0afeefdb7f92,2cb0f505eac7c62a0ae0f0b7506296eb,delivered,2017-02-05 17:54:30,2017-02-05 18:05:19,2017-02-07 07:28:04,2017-02-11 06:47:58,2017-03-03 00:00:00
a37d74c80da3b0cbd44c246918d31ea8,f427a18519274b4ab884dfb90119300d,delivered,2017-02-07 12:28:07,2017-02-07 13:05:19,2017-02-07 14:43:50,2017-02-16 08:26:24,2017-03-03 00:00:00
cec650597bc68075233883fdc1e06fe9,2fe789c7bd3a7582b69c9cb5ff8e372d,delivered,2017-06-07 13:53:11,2017-06-08 02:45:33,2017-06-08 08:55:43,2017-06-13 09:25:58,2017-06-30 00:00:00
e5960ff1e95988c4839fb2aa27e6822a,f10199a6fa3ba52bd42a33c4ec2c0f7b,delivered,2018-02-17 01:23:28,2018-02-17 02:07:38,2018-02-19 23:16:48,2018-02-27 17:16:51,2018-03-14 00:00:00
9fe292254834c701a4b05deafecba7b8,1c6f44e4eb63d6a08b1a44ab8aa0d932,delivered,2018-03-05 19:17:51,2018-03-07 02:10:24,2018-03-08 22:11:26,2018-03-22 14:36:58,2018-04-19 00:00:00
e3b0455644fb8ac73c848e9f744c5e06,381327694b7186ec655d22d025641385,delivered,2017-04-13 08:45:33,2017-04-13 08:55:14,2017-04-24 15:26:43,2017-05-03 11:11:55,2017-05-26 00:00:00
ed5c580433cad6ca57016a2c8a3f4d60,4fb53ef162c5f695374c349151f164e9,delivered,2017-05-03 23:09:29,2017-05-05 02:23:07,2017-05-05 14:48:03,2017-05-15 16:47:35,2017-06-05 00:00:00
f2ff6d86273f7dcc14a4ce28d03b3b12,c5dcb73af5982dbcb537f98f4cb30f5c,delivered,2018-03-21 13:05:51,2018-03-21 13:48:15,2018-03-22 21:20:39,2018-03-24 00:07:51,2018-04-03 00:00:00
66f1a7baf73c12eb3af95058da54b6f8,ffe51ba924ffabbb6e1ec2c92e582851,delivered,2017-01-20 22:11:31,2017-01-20 22:21:59,2017-01-24 12:09:03,2017-01-28 06:41:37,2017-03-02 00:00:00
fed5acc964b83f6c02d8bc487c76fa96,0ca441ec350a00d6fb6fcec25e2f266a,delivered,2017-12-11 10:22:11,2017-12-11 11:31:55,2017-12-11 19:58:55,2017-12-15 20:05:45,2017-12-28 00:00:00
a6170e3ff851a854fb8e7240ca7bf02a,093258b7fada22df2983c50530ae29ce,delivered,2018-02-09 08:30:37,2018-02-10 02:49:26,2018-02-16 16:12:39,2018-02-27 21:15:22,2018-03-08 00:00:00
9cf6d08e57855a633b5c0c79258ee121,85074ebbf507a1d5e46df973cc4c05a2,delivered,2017-11-24 11:47:45,2017-11-24 13:39:44,2017-11-28 18:04:35,2017-12-12 16:16:46,2017-12-19 00:00:00
0e94db37ea63222e95092a0f870f8e9a,b002b854dca9856120dc7f6e22d9313d,delivered,2018-01-28 19:57:02,2018-01-28 20:11:06,2018-02-01 01:17:49,2018-02-05 18:08:55,2018-02-20 00:00:00
e9732fbe3c90ea404663c19f251a980c,4a8accbc60f419ce6893d41450bc700f,delivered,2018-03-03 17:45:50,2018-03-03 18:08:51,2018-03-05 19:56:39,2018-03-14 15:49:45,2018-04-03 00:00:00
d37b53d1cf94392956ba70a53c758c84,bb353d9d6ef62e408ababed4b8fa6c3b,delivered,2017-05-15 09:59:05,2017-05-15 10:10:19,2017-05-15 11:13:58,2017-05-18 07:53:51,2017-05-31 00:00:00
1228dac9977828d7f61c8785ee414064,6665232247ccd2b3615ac7bc9eacba6b,delivered,2017-07-13 19:06:28,2017-07-14 02:15:32,2017-07-20 17:42:23,2017-07-26 17:12:31,2017-08-02 00:00:00
d9274f2e0c7860b038f3f05c0cdc6a45,73c121764153e39fc008cef5ded904b2,delivered,2018-02-21 11:07:59,2018-02-21 12:10:37,2018-02-22 19:53:09,2018-03-13 00:58:37,2018-03-21 00:00:00
c9b01bef18eb84888f0fd071b8413b38,a0ef745a0553f2dc5b4d820405bb5f5a,delivered,2017-06-07 09:31:57,2017-06-07 09:42:40,2017-06-08 09:14:50,2017-07-03 16:34:33,2017-07-13 00:00:00
5497655681652e7e1306139bb5d04a14,416b717e3c11cf6c596c624c76630afa,delivered,2017-01-23 22:23:01,2017-01-23 22:30:36,2017-01-24 13:45:22,2017-01-30 11:44:57,2017-03-02 00:00:00
8f7e79de58b2fd0b733eac10efd3bb16,9e2b062e6894e386e7d6a752a5a5e8c2,delivered,2018-04-09 01:43:28,2018-04-10 07:10:10,2018-04-10 18:15:12,2018-04-21 16:37:34,2018-05-03 00:00:00
65d9b3fd87de7509d12d3cd45c661269,8e40783a73dea55cfdbb1a152ecea677,delivered,2017-05-16 08:21:59,2017-05-16 08:30:14,2017-05-16 15:06:54,2017-05-22 12:03:05,2017-06-16 00:00:00
b606a684f47f6156083911fb09287f91,d3fe25b67cddc1a46644b30c693cde08,delivered,2018-04-14 21:37:35,2018-04-14 21:52:46,2018-04-16 22:57:48,2018-04-23 21:22:22,2018-05-03 00:00:00
f0dbbeed3a0b658b884893bcdde5e4d4,f184af34654e6c42b67146220328aafe,delivered,2017-12-02 19:11:14,2017-12-02 19:36:24,2017-12-05 21:49:00,2017-12-21 21:48:58,2017-12-28 00:00:00
04836fc7917dc0bfcfbd4456ec4156ac,136d20997016db0a1a8016f0fa7b9ff5,delivered,2018-07-21 12:52:02,2018-07-21 13:05:18,2018-07-24 05:21:00,2018-07-27 20:54:51,2018-08-20 00:00:00
ca3e242e59ebe1f51d7b8bcb568a38ba,e9f07e374acd86b8bebe0c0f2971ff08,delivered,2017-11-10 07:56:18,2017-11-10 08:10:20,2017-11-17 17:48:24,2017-11-29 00:17:55,2017-12-04 00:00:00
3a096f35d5eecf95ae3c9c9a50bfc700,6433ca743fd9ea854abe099fc4fcab81,delivered,2018-07-22 17:02:18,2018-07-23 12:32:00,2018-07-24 15:09:00,2018-07-26 17:56:57,2018-07-31 00:00:00
99a7badd46fd46df1e27a5cffaedf67f,fdc9165fcab1cf2e514fae8b2024e81b,delivered,2018-01-26 17:34:32,2018-01-27 11:16:21,2018-01-29 20:32:28,2018-02-17 00:19:14,2018-02-20 00:00:00
699c2650a2382b850eadb96176fcc3ee,afc847f33e3d5712e2ecfb9756c66a90,delivered,2018-02-24 10:30:38,2018-02-27 04:30:57,2018-03-01 01:27:46,2018-03-01 19:38:44,2018-03-19 00:00:00
2a4e9cc2c53dd020a94fb56a25e0be57,101f14c82a9b090a02fb20ed28d68047,delivered,2018-02-22 08:25:27,2018-02-22 08:48:12,2018-02-24 00:12:26,2018-03-14 20:41:06,2018-03-26 00:00:00
a7c2931e0d164883a0792bdbb8240381,57daa113711e9123f2a06835f37c0330,delivered,2018-04-16 23:04:41,2018-04-17 09:51:15,2018-04-20 18:46:26,2018-04-27 18:05:30,2018-05-07 00:00:00
e82f641c078d554da5b76c9ebc37265d,59e5c6f91d4cb6852a0ae0eb3fee1de6,delivered,2017-02-25 16:28:03,2017-03-02 04:10:37,2017-03-06 14:06:56,2017-03-09 10:05:11,2017-03-23 00:00:00
6453f61ca0e3788daed375fb4ebadbde,c4ca99c674868a34eabbe504c261581f,delivered,2017-12-03 16:05:43,2017-12-03 16:13:58,2017-12-06 22:36:41,2017-12-07 20:49:04,2017-12-20 00:00:00
79632fd4663d3f0ff7dee9ac7a31a43a,9970215408a648495484733ce1e7c7f8,delivered,2017-12-05 21:57:17,2017-12-05 22:10:11,2017-12-13 15:52:33,2017-12-26 18:25:50,2018-01-04 00:00:00
96e84b24d3eb91311bd0c42171eb301c,d6b8d52c4a09c762dcd7e57533768f91,delivered,2017-04-28 18:08:28,2017-04-29 02:10:12,2017-05-03 13:19:03,2017-05-12 17:35:57,2017-05-22 00:00:00
324a951e8ca7c94fc8aef5cde703441a,c51f405288b3495a09849d62a83e5cf9,delivered,2018-02-18 18:57:37,2018-02-18 20:32:44,2018-02-21 19:58:40,2018-03-15 17:38:39,2018-03-21 00:00:00
9903cc5e1e454aaf33a898f173808285,b66808c23aa8f646bbd3ee4326408c22,delivered,2018-05-13 17:26:54,2018-05-13 17:52:00,2018-05-15 15:18:00,2018-05-17 22:48:37,2018-05-24 00:00:00
08af87fbe33eeebc7840433d94718046,0281f03348b06722b7e0f92455daafd4,shipped,2017-04-20 13:01:53,2017-04-20 13:10:48,2017-04-27 05:42:43,,2017-05-12 00:00:00
8c43035f1afa3fca88c0514d32ff70f7,ffdaaad4323306777060ca43b3f87e7f,delivered,2017-09-22 14:02:12,2017-09-23 02:25:43,2017-09-26 17:29:54,2017-10-02 20:33:42,2017-10-16 00:00:00
65fe49f6306ac1ba00c59d9e65c78827,0fcea18b8385353e570a472c79099c91,delivered,2018-03-23 13:00:12,2018-03-23 13:10:39,2018-03-23 22:58:44,2018-04-24 23:08:24,2018-05-10 00:00:00
db0bd04c3beff2d041d364ce8d96b2f0,3ac65bf8cf7bea336ad70d583da199cc,delivered,2018-08-12 10:34:07,2018-08-12 10:50:09,2018-08-17 09:10:00,2018-08-23 16:51:39,2018-09-28 00:00:00
388de25316d9a1c7eb4ffe3f7d73814d,cb8191e2b558661f08d62db12abe6cd7,delivered,2017-10-08 15:56:49,2017-10-08 16:07:20,2017-10-10 19:19:09,2017-10-23 17:27:53,2017-11-07 00:00:00
edf5259d2b67344bab205bdd705eb9f8,d0de9a1f4f99b1ef24d62e647e0e2320,delivered,2018-08-19 17:22:42,2018-08-20 12:30:29,2018-08-21 11:48:00,2018-08-27 16:25:24,2018-09-04 00:00:00
8506571faf231af2bd4e43d1ba47dce8,08ffcc4f7f99c98cff3560ce1c502b8c,delivered,2018-08-14 12:25:42,2018-08-14 12:44:05,2018-08-22 14:14:00,2018-08-31 16:41:44,2018-08-29 00:00:00
06b491ece3a9bd260341c1ad36870e8b,13ef9caa1bc8b42f3e24addaf15ea7be,delivered,2017-06-01 20:38:54,2017-06-03 06:42:52,2017-06-05 13:56:11,2017-06-12 12:57:51,2017-06-28 00:00:00
83d20c082afe59cf5cc3541afbaa926f,3e5d741931b43c83b021b890a347b4ac,delivered,2017-11-10 10:51:55,2017-11-11 02:50:31,2017-11-14 19:53:00,2017-11-27 19:18:05,2017-12-07 00:00:00
3853cade3f418a7b30e358ef6a5f7e93,351a4eb57608b85dcacdf834901f069c,delivered,2018-04-04 11:13:04,2018-04-04 11:29:40,2018-04-07 01:19:18,2018-04-23 23:51:28,2018-04-24 00:00:00
34efa0681bf639559e9739d0b5a703a7,3d83f2d0fae33ce3d816224b0be40a50,delivered,2017-10-26 16:45:56,2017-10-27 03:06:58,2017-10-30 13:09:24,2017-11-08 19:17:03,2017-11-17 00:00:00
d49ce9041aaeaf29811918a0eb0bc7e3,884464478c59cebad4d681d3cb61cb63,delivered,2018-03-01 15:11:04,2018-03-01 15:31:03,2018-03-02 18:33:22,2018-03-07 21:16:42,2018-03-22 00:00:00
adb1748adc3299b13377d760724388f8,8430f7e352ca68176149c17ddcbdad1b,delivered,2018-02-21 18:14:58,2018-02-21 19:01:11,2018-02-23 19:24:52,2018-03-01 16:45:53,2018-03-16 00:00:00
c674586a61ecaf238903f355cc490acb,41d943724c17bb05bd22c4033e0570ca,delivered,2017-10-23 16:23:19,2017-10-23 16:49:26,2017-10-24 18:53:41,2017-10-31 18:54:41,2017-11-14 00:00:00
c3ea366b4645392afd2903b2955a5151,f9a7440a9dd3908ed9822d7d23d5d605,delivered,2018-05-11 19:35:27,2018-05-11 19:50:42,2018-05-14 13:42:00,2018-05-21 18:02:24,2018-06-05 00:00:00
6d2a7ba931fe7a8117fc382e5946832d,318e3f3fa99cf30a7885757084c4b47e,delivered,2018-06-30 00:01:53,2018-06-30 00:10:30,2018-07-03 06:04:00,2018-07-05 22:21:13,2018-07-24 00:00:00
93665186a08d41fad2ac9580488ff17e,7ceb27602e06b6c42905d1c5faf97b6a,delivered,2018-08-26 14:39:46,2018-08-26 14:50:15,2018-08-28 11:54:00,2018-08-30 20:32:34,2018-09-03 00:00:00
d497c8e79273831f2773aa2c160e6745,a86ad8e8852b4549e9ac4cd4c10af56d,delivered,2018-02-13 20:38:35,2018-02-13 20:55:34,2018-02-14 17:49:14,2018-02-26 22:52:00,2018-03-09 00:00:00
2d28ab17a7a4eaa06618d69734143c37,b36f616ae55697e9d2308a4433a03f91,delivered,2018-03-20 13:40:34,2018-03-20 13:50:36,2018-03-21 19:06:34,2018-03-23 14:41:30,2018-04-02 00:00:00
83b288a846ce150bfa3f13571457b4c2,4285bba25f27313e67e052c29d67d0f9,delivered,2018-04-16 14:22:34,2018-04-16 14:35:23,2018-04-23 10:12:11,2018-05-12 20:06:47,2018-05-21 00:00:00
5cf5c176bf686e84240099820ce175ac,d71307c0c7df552b660c6d58721f8df6,delivered,2017-10-12 12:32:45,2017-10-12 12:49:14,2017-10-13 19:27:40,2017-10-18 19:17:49,2017-11-09 00:00:00
4d3d516722fec1acb74876f71b18eaea,eb71a8a0ec47f063615223cd037fa9ea,delivered,2017-03-23 15:19:06,2017-03-23 15:33:36,2017-03-27 12:43:08,2017-03-31 13:48:05,2017-04-27 00:00:00
9fa2472c84bf1f97b21ebb5f6bc39b23,bfa954112d71c4ed5d3922633e48ead5,delivered,2018-04-17 13:56:04,2018-04-17 14:11:44,2018-04-18 19:21:55,2018-04-25 18:58:48,2018-05-04 00:00:00
bce7047b261dd5116e87384f4fe9afc1,10cbfffea4f804ac1cc68a8a558424f9,delivered,2018-02-14 13:47:37,2018-02-14 14:07:00,2018-02-15 20:21:37,2018-02-21 23:54:47,2018-03-16 00:00:00
4057b2ef485f9beb388fcb296548a5dc,c06c73edf44216cf56cd985217e2207d,delivered,2017-11-13 20:46:21,2017-11-13 21:07:53,2017-11-16 19:33:59,2017-11-29 15:44:35,2017-12-13 00:00:00
2c274f7060d339f907c2388d08f166d6,d889f97ee0a7fbe843851bc259669b54,delivered,2017-05-27 21:32:01,2017-05-27 21:41:57,2017-05-30 09:56:41,2017-06-05 13:56:26,2017-06-21 00:00:00
33e92794c2f37c86b2f1c60065acd75d,b8f8657742c599ec5864f8790e0381fa,delivered,2018-01-08 21:55:02,2018-01-09 07:19:43,2018-01-11 16:57:48,2018-01-29 19:39:42,2018-01-31 00:00:00
61f73b79dabd51f9b838574822c650f9,6778ad70beba8e6b7e8f7fef2a2299de,delivered,2018-01-15 23:27:58,2018-01-15 23:35:29,2018-01-16 21:45:20,2018-02-02 13:12:02,2018-02-19 00:00:00
f46197801dc82ed9a56e51cec3d210cc,e1cd3055a1d9a4f246e521165840c132,delivered,2018-02-09 18:41:10,2018-02-09 19:20:26,2018-02-15 02:46:23,2018-02-26 23:05:11,2018-03-13 00:00:00
351c531e51df4db1eedeaaeacb58e0b1,514640b3f9b05211cc0b7007df4f3505,delivered,2018-08-06 16:52:06,2018-08-06 17:04:38,2018-08-07 11:31:00,2018-08-13 19:04:56,2018-08-15 00:00:00
f4e8ad5799c4158d5a46252237570e68,de7878989aa51e87817dbe9988aac8ab,delivered,2017-03-28 08:26:48,2017-03-28 08:35:11,2017-03-28 13:28:20,2017-03-31 16:18:07,2017-04-25 00:00:00
1be2169eef52cc58703803ad5f6da567,a8f91889224701a2000ed6e9efe61a88,delivered,2017-12-18 15:38:07,2017-12-18 17:12:02,2017-12-20 00:47:16,2018-01-03 14:33:55,2018-01-16 00:00:00
d9bc6265a0fd5fd74e4c1db0ee72d753,de7ae3ae33f4081b5d2955b4e7b77adc,delivered,2017-07-12 13:51:43,2017-07-12 14:25:20,2017-07-14 18:25:44,2017-08-04 15:19:10,2017-08-03 00:00:00
b3fab805e1464e66b1cdeada30e954c6,d7eb18e54bebd71ffe7d67e89ad5540a,delivered,2017-07-15 23:48:02,2017-07-16 00:43:29,2017-07-18 19:16:05,2017-07-24 17:47:57,2017-08-08 00:00:00
02d9d1d66bff41ffbce36cb7248351f3,2ecf3562920bdc387dd9a7dd40177a89,delivered,2017-10-28 20:57:46,2017-10-28 21:10:14,2017-10-30 19:17:55,2017-11-03 13:28:52,2017-11-17 00:00:00
1fa40f202d5d233b6491e976c557b822,50fd5707c28d0a64dc20d67f937dd9ba,delivered,2017-09-23 22:11:10,2017-09-23 22:25:11,2017-09-26 17:27:54,2017-10-19 21:09:21,2017-11-13 00:00:00
3d5bdaa6f74a7d0bb1d4040b9cb9aa3b,61bfe54a45dc8c5cd242f47818eb0964,delivered,2017-04-18 12:22:00,2017-04-18 12:35:22,2017-04-19 09:43:16,2017-05-02 14:24:18,2017-05-11 00:00:00
a8f7065acc12b517fbf7ab744bff8edc,d4623e72427e718bb5c2df6446723683,delivered,2018-05-17 16:55:07,2018-05-18 04:36:05,2018-05-21 17:05:00,2018-06-14 23:38:23,2018-06-05 00:00:00
90a854ca6f1238059e7d45e6805c8c32,90e0e7316c14e0e5f016dfbfa0bb73df,delivered,2017-08-15 15:39:04,2017-08-15 16:55:13,2017-08-16 20:32:38,2017-08-22 21:22:37,2017-09-06 00:00:00
1195a0ed33785e49b236c8c06a9b751e,fa8a758d09188bf229f242be136f9432,delivered,2017-07-19 11:47:11,2017-07-21 02:55:31,2017-07-25 18:47:33,2017-07-27 21:30:03,2017-08-03 00:00:00
8b8db8c79ea533bc4bfb2b5c854f552d,e1f6a4d95e763c60aa9c56b6abe2d6e8,delivered,2017-12-09 12:48:56,2017-12-09 13:30:47,2017-12-12 17:39:10,2018-01-11 21:25:26,2018-01-16 00:00:00
ec00dde786ff2f5a34dda004de0b76cd,7586fb75bde894464060825135c1c887,delivered,2017-08-27 02:56:37,2017-08-28 03:04:09,2017-08-28 21:51:31,2017-08-29 22:13:48,2017-09-11 00:00:00
17ed1321e070162865d53d1cbb1f08bd,2b548da1c2d11b747a9f8f0f819d291b,delivered,2018-02-08 13:14:37,2018-02-08 13:29:30,2018-02-08 22:33:31,2018-02-21 22:04:56,2018-03-12 00:00:00
ad9ef6cf7c94c870248962223a776a42,1736d753020912bbf5049cb1d95b11c6,delivered,2018-02-19 14:32:35,2018-02-20 07:15:42,2018-02-22 19:37:49,2018-03-07 17:53:11,2018-03-19 00:00:00
e9dd0af9909bd6872aaf792aeabad0d8,c8cd50dc061e703f567e2b908868a836,delivered,2018-07-23 09:30:30,2018-07-23 12:31:39,2018-07-27 14:47:00,2018-07-31 10:38:35,2018-08-16 00:00:00
3a598997a4e99228c41bffa61709b1ef,060b1d253ccfe1196775fffc0c64eaa4,delivered,2018-06-22 15:56:33,2018-06-23 13:55:49,2018-06-26 07:06:00,2018-07-04 15:12:46,2018-07-20 00:00:00
4c5277b8c416e92df5b5b5b3882b4d58,7bba4420a869ab8dba1c7096358c1d66,delivered,2017-05-10 19:59:24,2017-05-10 20:05:14,2017-05-11 10:09:25,2017-05-16 16:29:11,2017-05-30 00:00:00
218de7dde39167d2389f3cfd479228b1,5a79a2213d2a5405ddf945d1f73907f9,delivered,2017-07-18 17:45:54,2017-07-20 02:10:44,2017-07-20 18:59:57,2017-07-27 16:24:49,2017-08-09 00:00:00
290edb448c965ba91dbda4de76074143,275796c941809c8006511c809600dfab,delivered,2017-06-05 16:49:45,2017-06-06 13:23:23,2017-06-07 12:31:38,2017-06-13 15:44:09,2017-07-12 00:00:00
d3e38f61c91f2cdbf65e9e2c025f34ea,a0bbffbdc618ad92a15eebb2da47ca20,delivered,2017-07-21 19:30:08,2017-07-21 19:45:10,2017-07-24 18:03:09,2017-08-15 17:41:41,2017-08-14 00:00:00
e54ac9a4438ed19f1367717699a2863e,d9f26e1768abce63ca633e2f3a5b8896,delivered,2017-09-22 15:39:38,2017-09-22 15:50:13,2017-09-22 21:34:54,2017-10-02 21:16:16,2017-10-19 00:00:00
79fb2e82fcf7bd64619ce8781904e6e2,860e15d47900136730813e5eccb78ef4,delivered,2018-01-16 22:26:44,2018-01-17 22:29:53,2018-01-18 18:15:25,2018-01-25 20:08:10,2018-02-19 00:00:00
ef4a9e7b022119a6865b3999e1c221d4,de4a8365eed721e1ee8a2993cd739f46,delivered,2018-05-29 18:28:18,2018-05-29 18:51:24,2018-05-30 07:27:00,2018-06-11 19:12:26,2018-07-05 00:00:00
fb7d6ea70e823cfb1afca3524282cbf9,715d3b0fa859b738afff1463a14395bc,delivered,2018-04-01 22:30:00,2018-04-03 05:28:15,2018-04-04 18:53:36,2018-04-11 19:42:01,2018-05-04 00:00:00
844b7b992358a3a30d677ea0025e7471,2df20d16a7c4d40a357959f64b76a7c3,delivered,2018-05-30 19:18:48,2018-05-30 19:35:34,2018-06-05 16:46:00,2018-06-06 22:07:37,2018-06-25 00:00:00
70f814478ea3019fff8677f0aca6a54b,adad0c56d848f4034c2cb989a6139c98,delivered,2018-08-23 15:58:16,2018-08-23 16:10:22,2018-08-23 15:31:00,2018-08-27 18:54:37,2018-08-28 00:00:00
49000628096970f7939dc39c2f310121,7235ec9d13adeaee921801b19d4b9671,delivered,2017-05-14 17:32:24,2017-05-14 17:45:12,2017-05-23 10:53:57,2017-05-30 07:24:50,2017-05-31 00:00:00
c6b6299c09e64ae50abb6de38ab93a51,7bff9d661733a9ab191d3d8c77d2a76c,delivered,2017-03-16 16:53:04,2017-03-16 16:53:04,2017-03-17 12:45:11,2017-03-21 12:48:32,2017-04-04 00:00:00
1e7daa50f3b5b4b0325e1467947249f1,afdadbcbb99c6cd9d3c3307f6e87d700,delivered,2018-01-11 11:06:03,2018-01-11 11:14:23,2018-01-12 01:12:35,2018-01-22 23:12:20,2018-02-08 00:00:00
b208ce08b2c5eea655bee887eace0cfe,9380187b6f9feb21e3f3852996416927,delivered,2017-03-04 19:34:15,2017-03-04 19:45:25,2017-03-07 13:03:07,2017-03-14 13:37:51,2017-03-29 00:00:00
c356aac7fabcd3bab9aaf9ce1f36b945,e2b55ff6dc402ddbeeb756f42f9bb725,delivered,2017-03-11 12:24:28,2017-03-11 12:24:28,2017-03-16 09:58:33,2017-03-21 11:35:45,2017-04-03 00:00:00
bbeabf588cfd1094a645e92fcf277020,bb6b4fb08e29775ec97351f44f1fad1e,delivered,2018-01-15 19:36:22,2018-01-15 19:50:59,2018-01-16 19:51:15,2018-01-30 11:08:05,2018-02-07 00:00:00
f32297601abbfbf31af1384e85636bac,b08451e46f8d80e6559b22b9e0d32f41,delivered,2018-07-23 14:43:10,2018-07-23 16:00:41,2018-07-24 11:32:00,2018-07-31 14:12:02,2018-08-13 00:00:00
b9112da66c99f7f73aed69802cb358f7,3dc697c4c4c33728a85ffcee66c56297,delivered,2017-02-20 21:38:58,2017-02-20 21:50:06,2017-02-22 14:23:45,2017-03-10 07:07:41,2017-03-23 00:00:00
fb9bb6436441ba78b79012524ca465c1,a411f49d910482d3d37f9d588a308ac7,delivered,2018-08-07 01:44:10,2018-08-07 02:04:39,2018-08-08 16:04:00,2018-08-15 19:42:40,2018-08-22 00:00:00
61b62438062a85e41edce3f024afe81e,64b570a964113efddd6cf2cd27903e99,delivered,2017-07-17 21:44:27,2017-07-17 21:55:18,2017-07-18 19:12:39,2017-07-26 19:54:24,2017-08-08 00:00:00
fe2036618470d8f1792b2e21ef126a85,4c8042e2e4ec74727a56afeadfa7ed68,delivered,2017-02-27 18:30:11,2017-02-27 18:41:47,2017-03-02 10:12:12,2017-03-06 11:09:18,2017-03-30 00:00:00
fc325d6bae67acedec72848583cc6d27,21c986e354b4475a8344ea160dc177c6,delivered,2018-07-18 16:50:53,2018-07-18 17:02:29,2018-07-19 12:42:00,2018-07-23 18:04:23,2018-08-17 00:00:00
bb096d0ca9881c6a7513ca2e0ec4fcba,8677ca5155e19aea65a4db1be46b6608,delivered,2017-12-03 08:29:56,2017-12-03 08:38:22,2017-12-05 21:46:48,2018-01-03 18:14:32,2018-01-03 00:00:00
8e054d33e00ddfd994d389e1e7204d3f,f45a4d2cb74a959abd0c06714ce8e843,delivered,2018-01-23 18:58:40,2018-01-23 19:23:17,2018-01-25 14:38:46,2018-01-29 14:33:17,2018-02-15 00:00:00
7dd61a9dd9d2ec923177f5679d1b0ad9,5e28057dc50a67c44db4899b4ddbb404,delivered,2017-12-26 22:00:57,2017-12-28 02:37:51,2018-01-04 16:20:12,2018-01-24 00:38:33,2018-01-29 00:00:00
ef05d1e66d71afa317df36d145f939a5,5a2555dc416d93c0f0eda7183585d90c,delivered,2017-12-27 07:06:59,2017-12-28 07:07:46,2018-01-02 18:58:01,2018-01-08 20:06:10,2018-01-22 00:00:00
d4fea5f1166ef240cfe766769f4d5ab0,874e3ce94e74d677972a169b9c78e0b5,delivered,2017-04-17 18:46:05,2017-04-19 16:10:22,2017-04-20 10:41:41,2017-04-26 13:32:44,2017-05-17 00:00:00
cfda238957842ae525ab84fabaf8d4dc,2179ac3909a98c5dfd4d0e13b098b675,delivered,2017-09-06 20:42:11,2017-09-06 20:55:12,2017-09-08 19:57:48,2017-09-14 20:13:02,2017-09-29 00:00:00
d6bda96d49a85683ae8632732fb071c6,108713fcde1f0c129c3d7579f0f8d3ca,delivered,2018-03-06 09:55:10,2018-03-07 02:40:28,2018-03-08 16:39:01,2018-03-21 18:16:43,2018-03-29 00:00:00
191770cd4f3a7135f4db78a9230ac3df,762e79437f60ec2d9007b5a3f97139a9,delivered,2017-12-14 18:37:44,2017-12-14 18:52:22,2017-12-21 18:54:47,2018-01-03 21:18:50,2018-01-11 00:00:00
5f170cee48e637e0f925477784ebb879,d7d7e1ff958b325a457c29c296e901d7,delivered,2017-11-11 20:15:51,2017-11-12 20:26:28,2017-11-16 14:56:31,2017-11-26 17:05:00,2017-12-07 00:00:00
c24b8462503bdf22720225bab4a5fbc3,b628c8980981bbd641c43f9997717c9e,delivered,2018-06-23 21:00:56,2018-06-23 21:16:03,2018-06-26 14:12:00,2018-07-03 19:55:37,2018-07-26 00:00:00
14154a306b926b62ae99f4ad34bfb206,b768df11c1dd1aa471736252fc8780b0,delivered,2017-10-18 14:31:33,2017-10-18 14:45:40,2017-10-24 15:11:33,2017-10-31 22:32:51,2017-11-17 00:00:00
924de4e0c8bada8047b22a6f86629117,4c40a5a2be74dda9ea0cee0433f89947,delivered,2017-06-02 18:12:44,2017-06-02 18:25:08,2017-06-05 11:46:42,2017-06-14 16:33:07,2017-07-05 00:00:00
43a462022e4f6463144b36cc47783b7f,5801bda0093fcb34a83bd7f3d0d92d52,delivered,2018-07-31 11:04:43,2018-07-31 11:15:12,2018-07-31 13:55:00,2018-08-04 02:08:37,2018-08-20 00:00:00
3571574976e22e1323a30f5c04c13f33,c1a4df79e345b619ba8e1b99f4a4b8c7,delivered,2018-06-18 15:29:35,2018-06-18 16:40:27,2018-06-19 19:02:00,2018-06-23 18:22:00,2018-06-28 00:00:00
7ddd53e9d44195b8570023d284f8df85,b0c96e175376cdef2e1640bf58485d24,delivered,2018-01-07 21:07:05,2018-01-07 21:15:27,2018-01-09 15:34:35,2018-01-12 20:26:55,2018-01-24 00:00:00
ff41b585a087aeaab9daae351364e439,f1893a0430ab3ca6568e47a290dd6c64,delivered,2017-08-14 18:16:37,2017-08-14 18:30:14,2017-08-16 18:47:46,2017-08-23 20:34:56,2017-09-08 00:00:00
bbcdf6eade27ba117835cb683a80ce09,bf84e9b726894ba53de7227af764823a,delivered,2018-05-16 16:54:16,2018-05-16 17:21:48,2018-05-17 09:55:00,2018-05-21 18:41:16,2018-06-07 00:00:00
5db14e1988a5d3ad8675f9d47b6fdcba,17d2f0816ddba47179811dd881c365b8,delivered,2017-05-22 13:59:13,2017-05-23 04:10:22,2017-05-24 11:42:30,2017-05-29 15:39:46,2017-06-13 00:00:00
11bae3be28f0706705a8ea753466a1e2,073bbecc1335011c969bb40c08926147,delivered,2018-04-03 16:30:32,2018-04-05 02:08:35,2018-04-05 23:07:47,2018-04-12 23:17:48,2018-04-24 00:00:00
ceae08aa0db7c452b14558ccf33dfe22,cd5512b8d3b590ded8ab0257134069c3,delivered,2017-10-11 12:28:42,2017-10-11 12:45:38,2017-10-16 19:13:53,2017-10-18 20:14:33,2017-11-03 00:00:00
dbb785a23b8cf4ea6c911ed7b6aacc54,81b25721acd083b954318dccbb8d9095,delivered,2018-07-22 10:37:05,2018-07-23 11:31:35,2018-07-30 16:05:00,2018-08-08 20:28:52,2018-08-23 00:00:00
90c1f1431bde35c669aa2ccb03f78553,b151c788c2414af65c8c4ffac1a594e3,delivered,2017-08-30 07:29:14,2017-08-31 04:32:23,2017-08-31 18:42:36,2017-09-08 19:22:56,2017-09-19 00:00:00
ab4362fccbf0de9194dc5b7c0ea13585,b63e59e7dc8d01607c4765255d9bee9c,delivered,2018-07-13 09:52:01,2018-07-13 10:05:17,2018-07-16 15:29:00,2018-07-23 21:36:25,2018-08-08 00:00:00
6c45e2d6cf05790573c8247e28c24a91,bbe0f15039cf02bf42f6f0e5cbdf1f7a,delivered,2018-01-03 14:58:27,2018-01-04 05:10:30,2018-01-11 15:19:45,2018-01-30 21:35:33,2018-02-06 00:00:00
28f12a3e5117f5e70bbdb45be9188639,71ae2df0198f8dab9a73978e46b63c6f,delivered,2017-05-03 19:34:48,2017-05-03 19:45:10,2017-05-04 09:48:44,2017-09-19 16:38:49,2017-06-07 00:00:00
bb057bfbaef57c23461268a4788c0a27,35ef525d162bdd09379c34cb81f25e9f,delivered,2018-01-10 18:20:29,2018-01-10 18:31:40,2018-01-12 15:22:55,2018-01-19 20:05:58,2018-01-31 00:00:00
020f04b3da1d597b9a00b825762299ba,0b42990c6a03665bc6591652ed10d6ae,delivered,2018-07-05 16:07:58,2018-07-05 16:36:00,2018-07-06 10:27:00,2018-07-13 18:28:50,2018-07-30 00:00:00
15bc19aabe8d08cb8e00f86c31f85682,97592acdaafe25b9a5aeb8d5f85aac11,delivered,2018-03-08 10:09:59,2018-03-08 10:28:40,2018-03-09 00:10:54,2018-03-23 21:48:50,2018-03-26 00:00:00
8151a29068abf0cf775f916b52473877,6847fd0a396b6ba770e4bdf076e8712f,delivered,2017-11-14 17:46:59,2017-11-14 18:06:49,2017-11-16 16:08:53,2017-11-24 15:19:06,2017-12-05 00:00:00
ce3306b493edca02b65cedf9da8f0f7d,0cf80359c4d104530c6c2274d2263ac9,delivered,2018-05-02 15:21:52,2018-05-02 17:32:08,2018-05-03 12:07:00,2018-07-26 19:17:33,2018-05-30 00:00:00
e44944b056633f6f1e86a77eed6a13dd,e22692ddc6613e893c0e025a2dd60c52,delivered,2017-06-26 12:54:25,2017-06-27 13:05:20,2017-06-29 15:23:33,2017-07-13 19:16:27,2017-07-25 00:00:00
6cfa5243a13a7ea9c5b37fba140d4f9d,c9ea27accd209c13378af27611158cd9,delivered,2018-03-07 13:41:25,2018-03-07 13:50:29,2018-03-07 23:34:03,2018-04-09 23:19:10,2018-04-02 00:00:00
e5967d9382272c28d2e9710bcd0462d1,ee82195a031367f16d90b71ba8fe0b32,delivered,2018-04-17 17:46:52,2018-04-17 18:11:17,2018-04-19 23:13:04,2018-04-25 22:58:53,2018-05-10 00:00:00
de024dbeed2d5b118cd0c1bebd0945e5,3be49a622667c5537925ed395161f644,delivered,2018-07-16 18:03:34,2018-07-16 18:15:17,2018-07-17 13:37:00,2018-07-26 23:08:56,2018-08-03 00:00:00
a2434744f99182d51db312b7520e915d,bec65acb896b0b86bff85c5d024e2714,delivered,2018-06-03 21:31:27,2018-06-03 21:51:29,2018-06-04 14:00:00,2018-06-07 00:12:08,2018-06-29 00:00:00
55edfc7697e8da852cfed4f2c93787b9,0f17aef5c49d1678d6f765d3e1641067,delivered,2018-05-13 14:43:09,2018-05-13 15:51:52,2018-05-15 07:55:00,2018-05-16 18:44:51,2018-05-25 00:00:00
3ec57f387771800e135888860c546cf8,3630d72b7bc768b5d2bb45844561e7f7,delivered,2017-10-03 13:28:48,2017-10-03 13:49:26,2017-10-04 14:38:10,2017-10-06 15:39:45,2017-10-19 00:00:00
dd7be4063f9703a51e6508165a76763e,ceda30af6bfa9670fb7486d3e1e8a235,delivered,2017-10-05 12:53:26,2017-10-05 13:07:17,2017-10-09 21:20:08,2017-10-16 18:22:36,2017-10-30 00:00:00
e63bc1942e2cd8ad08839b0032149b58,3326a1d23ec9e0dd4db7042f80c0ba00,delivered,2017-08-14 18:20:59,2017-08-15 19:24:40,2017-08-24 21:47:57,2017-08-29 18:37:16,2017-09-14 00:00:00
ffd4172b5df0c16bbd973c196b09bcd9,df1c081b34ddbb007ef29155a35e0837,delivered,2017-11-16 12:32:53,2017-11-16 12:51:15,2017-11-20 20:16:40,2018-01-05 14:09:44,2017-12-14 00:00:00
d08bba6d656adbdc54eaf30b29532e89,2bbb7f863b68ba0f0e2bc78ad1a6a902,delivered,2018-07-13 20:40:52,2018-07-13 20:55:27,2018-07-16 13:04:00,2018-07-20 20:21:10,2018-08-14 00:00:00
44ccf756bc48c94e659d97924203664c,fe264284987dc83e9e0f12ba1f026994,delivered,2017-10-15 12:36:12,2017-10-18 03:08:45,2017-10-19 18:30:01,2017-10-23 18:47:56,2017-11-01 00:00:00
f5f15b58af5d98ee482e59fa194a9112,a53edd5b86dea9f6151d2eb0d98e06a0,delivered,2018-07-08 23:17:32,2018-07-08 23:30:10,2018-07-27 14:01:00,2018-08-01 19:38:25,2018-08-08 00:00:00
7d147963db91d7f73bfb2c6a89516682,63a888e54bc526210f7ca0e87d5e0746,delivered,2018-02-07 18:34:41,2018-02-07 18:50:12,2018-02-09 19:48:05,2018-02-27 14:08:49,2018-03-14 00:00:00
55595283657c40a4e48711b28049056e,aaf08c4c8dde46dcb828662722d43a13,delivered,2017-09-23 15:42:51,2017-09-23 15:55:14,2017-09-26 15:26:44,2017-10-06 20:18:47,2017-10-23 00:00:00
1317ed43db6962c204745945a6e2352d,4394e736cb205ce89c210d2dd8061745,delivered,2018-02-14 17:02:29,2018-02-14 17:15:22,2018-02-15 21:04:20,2018-02-16 20:53:21,2018-02-26 00:00:00
27f61642eec62fdbd86c81f7fd1320e7,db39613bbd6ee688f9a8ae61d3a81e32,delivered,2018-06-29 17:44:22,2018-06-29 17:55:16,2018-06-30 08:58:00,2018-07-05 15:54:28,2018-07-26 00:00:00
d301cecfb230ab6585d1afcc0d63a417,98980a9f930887243ad599ff2eae3609,delivered,2018-08-05 19:50:12,2018-08-05 20:05:13,2018-08-06 13:09:00,2018-08-07 17:41:32,2018-08-15 00:00:00
2662cbd5b6c9e285a0babfe5ec248494,648d570db2e7973cbfc5daab14a308a9,delivered,2017-07-17 14:42:22,2017-07-17 14:55:21,2017-07-18 19:44:53,2017-07-25 21:52:59,2017-08-08 00:00:00
91750e4d3d89e619cd557a6da400be06,a509c0faf10ecf2d74c38e3945b25496,delivered,2017-01-17 14:23:56,2017-01-17 14:30:17,2017-01-20 07:13:45,2017-01-30 12:58:03,2017-03-02 00:00:00
442da52f7e1c635406d2ed070bf1c358,3625bccaee4e0266d9acb795cd0666d8,delivered,2017-06-27 23:45:36,2017-06-28 00:04:05,2017-06-28 14:33:47,2017-06-29 13:47:41,2017-07-10 00:00:00
c7c8deaa5fca16ea52f981110df2537e,a7c7608c1450243690fc5d0d12a2096c,delivered,2017-12-15 18:50:17,2017-12-19 09:51:35,2017-12-19 21:33:30,2017-12-23 17:29:22,2018-01-17 00:00:00
925e0efae10a47529fb9c78338b66d8c,6a97a18568f96ebd96b56ff6d1abba03,delivered,2017-03-16 14:59:36,2017-03-16 14:59:36,2017-03-20 09:05:49,2017-03-30 17:21:50,2017-04-07 00:00:00
55b961963d4c9e193651ea6c3dc6c8df,224689d429a1c827143ed03ceb6f02a5,delivered,2017-11-03 21:02:25,2017-11-03 21:10:36,2017-11-07 21:51:05,2017-11-08 19:09:06,2017-11-16 00:00:00
f736182b7b61b8d44835437f36f5a8c6,eb086a02fc7d3288a0b34e3510edae63,delivered,2017-12-06 19:27:04,2017-12-06 19:39:41,2017-12-07 17:14:46,2017-12-08 22:22:19,2017-12-22 00:00:00
23afc00db0b1c005196306f02e1c1178,17690bde33eddf4e0934f5a94dfe01fc,delivered,2018-03-16 07:01:56,2018-03-16 09:06:36,2018-03-16 22:38:46,2018-03-17 13:50:43,2018-03-28 00:00:00
29e7dcae164a48d49cbac457c4bd5465,a5a61ea6f75db2b724b6bf45de19795c,delivered,2018-02-07 21:19:58,2018-02-07 22:32:22,2018-02-08 17:35:48,2018-02-10 00:33:20,2018-02-23 00:00:00
63cd3b5cc6a064dae6fe5f614c828161,ce43b11b1a2a6db6dfb4abe08a8e1fde,delivered,2018-04-12 22:23:04,2018-04-14 02:30:47,2018-04-16 23:22:52,2018-04-20 16:33:26,2018-05-03 00:00:00
7e2ab154f3fc2e53ff80d58b7647b787,1080a268b6609164e1c07f8ba652010a,delivered,2017-12-13 23:06:33,2017-12-13 23:17:28,2017-12-15 17:23:39,2017-12-27 23:09:55,2018-01-18 00:00:00
68a27330cb647c6489f7cd78524c5711,9d4603d9f8c3b22b9aa4d98e08b792f1,delivered,2018-05-14 21:46:11,2018-05-14 22:10:18,2018-05-15 08:36:00,2018-05-18 21:36:36,2018-05-30 00:00:00
e374d352a264211feb7b8dfa292120e5,760c234b8098df93664b0ca83a930c91,delivered,2017-10-19 15:59:35,2017-10-19 16:27:02,2017-10-23 22:04:28,2017-10-27 19:06:01,2017-11-08 00:00:00
4be62b3acae38a6d30f707af9d5c4339,d99b0d481ca8a777bd72be9c578f10a3,delivered,2018-01-17 01:49:44,2018-01-17 01:57:24,2018-01-22 14:34:07,2018-01-23 19:09:52,2018-02-01 00:00:00
239ac2c07beceefddb4e1017b9aabeda,3cdfa7ea91e2fbae34e2c0e692614818,delivered,2018-02-26 19:58:40,2018-02-28 09:56:23,2018-03-02 16:57:06,2018-03-13 19:02:57,2018-03-26 00:00:00
c85289fdb95c9cf1cdd688af14513e33,c71726c3810647702ad76a622681f56b,delivered,2018-02-02 12:18:22,2018-02-03 02:53:57,2018-02-21 01:48:57,2018-03-09 17:08:26,2018-03-01 00:00:00
ae120be8d03530006a9cdc011d8d09c4,11c088d06e0031f259bde2844d96096a,delivered,2018-02-09 09:46:19,2018-02-09 10:14:17,2018-02-09 19:35:04,2018-02-22 14:18:56,2018-03-12 00:00:00
102ebccc01b5cd4eb79f11133037ce38,036051a7caef0230a4ec9fbea54e06f6,delivered,2018-05-17 16:53:35,2018-05-18 00:55:15,2018-05-18 12:21:00,2018-05-21 22:10:53,2018-05-25 00:00:00
c8a713dcca463bb2802f76c94667b413,44116229bacbe481f496fbf77059a987,delivered,2018-07-20 19:53:33,2018-07-20 20:10:08,2018-07-23 15:56:00,2018-07-28 13:10:44,2018-08-08 00:00:00
9315757eaf0e782619bed131508dbddb,93d8e0590f3a63f34c9506149982618b,delivered,2016-10-07 09:41:02,2016-10-07 10:44:54,2016-11-03 08:37:50,2016-11-07 08:45:43,2016-11-29 00:00:00
81447152169fce271e12a471d7a38269,71fe216d275d8c767aee76cda3b5a04e,delivered,2017-06-27 17:08:57,2017-06-28 02:30:14,2017-06-28 13:47:49,2017-07-03 11:32:45,2017-07-19 00:00:00
6f2c54b3b1fcaef37893185bd79b7b61,0e30af8bf23d84290b2ed4333ea7e56c,delivered,2018-04-17 16:04:09,2018-04-18 17:31:00,2018-04-19 18:02:59,2018-04-24 00:28:58,2018-05-16 00:00:00
4887f9be54f6d2f1df67e5f7ca46216b,06fd550709e851b276dc96774077fa0f,delivered,2018-05-22 23:14:30,2018-05-23 00:20:24,2018-05-23 15:01:00,2018-06-08 17:58:50,2018-06-13 00:00:00
7c7a7c7d1fa3b3c8f867224389d3d8bd,6ae6a02cb961932c6c3b32f1d03612d2,delivered,2017-07-20 11:28:26,2017-07-20 11:43:43,2017-07-21 18:44:53,2017-07-24 17:44:48,2017-08-02 00:00:00
9e60724a9f4d8f5d169ee0b5bb7a8a46,4451d78b2fe3f7a69221af70ccd4b749,delivered,2017-06-09 09:51:40,2017-06-10 02:45:51,2017-06-14 09:42:26,2017-06-26 13:16:31,2017-07-06 00:00:00
95be8cd93b77a78622e9a813b31cc0df,c335b82adf63b8e20ae219763a950520,delivered,2018-08-10 22:51:30,2018-08-10 23:05:15,2018-08-15 14:04:00,2018-08-22 17:17:01,2018-08-28 00:00:00
d54f792bf7c14878fc42ba07c5512ead,2592409d9cdb96ddbad1f10c30cd2b9a,invoiced,2018-07-28 14:41:14,2018-07-30 18:31:18,,,2018-08-20 00:00:00
d411b203fa5c4b8dee5012ebe23cd3b4,a8675255615b3a42f92339f755cb1e04,delivered,2018-06-27 11:45:06,2018-06-27 12:08:20,2018-06-28 09:14:00,2018-07-03 22:51:00,2018-07-25 00:00:00
aab3b583efdded9a5a8214c4edfc387b,ce26ced2b3dbcd2e283ad3c688021fec,delivered,2018-02-03 13:58:31,2018-02-06 04:32:15,2018-02-06 21:41:57,2018-02-26 20:56:40,2018-03-08 00:00:00
c47f8d001b46c06bba495ae1b0ef2dfa,0a6a2c30e710204472adcd654bb7a662,delivered,2017-12-01 13:44:57,2017-12-01 13:58:44,2017-12-04 22:34:53,2017-12-11 23:13:19,2018-01-03 00:00:00
8e1d33832d930d453a3a329a0fa4c604,5079d74c713c4f881925b51705857054,shipped,2018-03-22 12:47:22,2018-03-22 13:09:16,2018-04-06 23:52:48,,2018-04-19 00:00:00
e544389041b93865b618cbe3bd55f445,627cd5d3fd594a3dddf26e03c3f2048b,delivered,2018-08-22 08:33:48,2018-08-23 03:04:30,2018-08-24 13:47:00,2018-08-29 18:14:54,2018-09-05 00:00:00
90207c312f193fbd229671833bf08d47,f66491ab775d85d3a33e23dfee765c38,processing,2017-02-01 15:21:50,2017-02-01 15:41:40,,,2017-04-07 00:00:00
37f6cceb272b1ae10ed4bd8cc0d4a98a,4154a7bfad13391d383b6b30cb06f639,delivered,2018-08-06 13:24:54,2018-08-06 13:35:17,2018-08-07 09:46:00,2018-08-10 18:03:15,2018-08-17 00:00:00
31d97e07fe8d91fbea9cca127739d2f5,c9d98f41b99acf97b856907c6a229212,delivered,2018-05-06 22:19:02,2018-05-08 20:31:53,2018-05-09 14:07:00,2018-05-11 22:47:32,2018-05-30 00:00:00
1c37b01cbd381665433fb99fc7705e81,438ddcdedced7b39cffe79ae0f5dc5b8,delivered,2017-12-10 20:36:43,2017-12-10 20:50:16,2017-12-13 15:43:29,2017-12-21 18:18:38,2018-01-10 00:00:00
dd65743cd08075c5e3ee4f7e717eea88,b08ebb17618be48b7695500b639e1a50,delivered,2017-02-24 13:59:21,2017-02-24 14:10:16,2017-03-01 11:22:47,2017-03-09 09:14:56,2017-03-21 00:00:00
6cf30e050336c50f368c34da13c9e6a2,71401d6f3ab1671cd5569779cdb9480d,delivered,2017-05-28 14:55:30,2017-05-29 15:02:40,2017-05-31 12:35:45,2017-06-12 17:22:54,2017-07-05 00:00:00
e352178ae3b81e3d7d67ee7edd973a43,774b40c2d9e895086ea8c29646821b90,delivered,2017-09-27 22:01:59,2017-09-29 02:54:17,2017-09-29 18:18:58,2017-10-05 18:27:30,2017-10-19 00:00:00
709df04791b8bd393b34a58de3cf142d,c93fd28f162566af5c46c0f44110e347,delivered,2018-06-06 10:46:09,2018-06-06 10:55:21,2018-06-07 12:26:00,2018-06-20 23:02:48,2018-07-17 00:00:00
bc2680eb1e2605a68aef195cce2acbe9,010c5ccfc9a9135b8c89e2d66f5fb8f5,delivered,2018-08-24 02:24:29,2018-08-24 02:35:12,2018-08-24 11:41:00,2018-08-28 20:03:40,2018-09-12 00:00:00
618f88b3d95d4901c458b985187be809,3acc50526e382c8a6a3d181c89a8c956,delivered,2018-06-19 13:16:49,2018-06-19 13:57:19,2018-06-20 09:26:00,2018-06-25 18:28:34,2018-07-17 00:00:00
f5c6b02fe83de0441786b7fd0f361870,902a2fa2a9c6cd1286090b83b24d0b04,delivered,2018-01-12 22:55:53,2018-01-12 23:45:23,2018-01-16 02:06:42,2018-01-22 17:06:52,2018-02-06 00:00:00
d4b4b8d55b203dc85ccad823014fbb34,b30dc64de0ae855b72ad46a211ee13ae,delivered,2018-07-24 10:04:11,2018-07-24 11:24:33,2018-07-25 08:32:00,2018-08-02 19:51:46,2018-08-28 00:00:00
86df5fa6306829eeeab1906b3f7ad102,027f4567829d2f2249e5adeb315bdda4,delivered,2018-07-29 17:44:14,2018-07-31 04:31:28,2018-07-31 12:29:00,2018-08-07 16:58:31,2018-08-17 00:00:00
fbd4a1492a44a989b0e5a863581e5284,7aad11b007aed653fa844b91d72c9a56,delivered,2018-03-21 08:30:58,2018-03-21 08:47:57,2018-03-22 20:02:47,2018-04-05 16:28:28,2018-04-18 00:00:00
0ef3a38d9a48aeccab67ab7616924237,97f8dc5ada12dfdc4559e3661ff27a52,delivered,2017-06-08 21:26:32,2017-06-08 21:42:38,2017-06-09 08:35:17,2017-06-22 15:03:33,2017-07-05 00:00:00
0297a2a062d136015afa9f5d9623818f,2741d30aa289cae1b78c923cf31e6470,delivered,2018-01-28 15:27:43,2018-01-28 15:34:32,2018-01-30 14:44:35,2018-02-14 21:29:06,2018-02-20 00:00:00
e3db241d7377ac91f1253454bdbeafe4,f6dafbcbfdf616aa3ed21fa31b34280d,shipped,2017-06-12 10:05:00,2017-06-12 10:22:26,2017-06-13 11:21:51,,2017-06-26 00:00:00
aa2d83efdc462b55b35559de37a04787,ce73ee58fbf32aa2c13a7a23b42caa0f,delivered,2018-07-28 00:55:09,2018-07-28 01:05:06,2018-07-30 11:10:00,2018-07-31 22:28:32,2018-08-02 00:00:00
a97d547ad23f485c9fb7b0eade5f7f18,a6a41ff534ddaa09d1e9cb71ca9613be,delivered,2018-02-24 10:44:16,2018-02-24 10:55:42,2018-02-27 23:24:59,2018-03-17 00:24:25,2018-03-21 00:00:00
a8517ad7dc98471e355ea5c971d3a6d0,b3cf3116a4efbf35cafcd6507032c6bb,delivered,2017-12-21 09:41:55,2017-12-21 09:53:23,2017-12-21 21:44:58,2017-12-23 01:18:51,2018-01-10 00:00:00
3d31c5a5ea3e7ac09d26b11660a7e9ee,67e7c5386f0201748d34f2aac2638a7e,delivered,2018-01-02 13:42:06,2018-01-02 13:49:25,2018-01-03 16:16:39,2018-01-05 20:16:34,2018-01-18 00:00:00
4e80d0b6c184e0495126f54469869365,ae23c7a1bdc9a2f228213e9da905fe47,delivered,2018-05-14 15:59:38,2018-05-14 16:14:01,2018-05-15 07:02:00,2018-05-21 21:48:45,2018-06-05 00:00:00
b296d036b48495bce7720844aeb3fc8d,efbd120ebe16ab453d7c53d56fce343b,delivered,2018-06-22 18:52:53,2018-06-23 02:36:09,2018-06-25 14:50:00,2018-06-26 17:47:48,2018-07-05 00:00:00
15e301d9539aa985be48cdbe90348c75,9adf65da360756bfdfee35a88e88de4f,delivered,2017-07-24 23:37:01,2017-07-24 23:50:11,2017-07-26 03:08:03,2017-08-09 21:43:45,2017-08-25 00:00:00
3058f418c175f89b5dc680bcb5634ab1,c9b91aae07c6cd838cac23a7e534e1df,delivered,2018-08-22 18:03:39,2018-08-22 18:15:39,2018-08-23 15:14:00,2018-08-28 09:52:09,2018-09-14 00:00:00
4c68cc2a641de6ebea2ffbd6a5ec347e,e3a02df18fe641e5e86fa056b479c275,delivered,2018-02-19 07:16:23,2018-02-21 06:10:12,2018-02-23 00:19:24,2018-03-07 11:43:43,2018-03-21 00:00:00
84152c38452eb1dec5ddae4198266724,96cfe3ee50b07096ea541577e4b16e44,delivered,2017-06-14 08:58:49,2017-06-14 10:50:26,2017-06-20 19:16:11,2017-06-26 12:36:38,2017-07-07 00:00:00
8112a281ea81fb96d760f13da83ffaed,fa63f4173641284ffd2311ecde3bb85b,delivered,2018-06-01 13:23:27,2018-06-01 13:32:04,2018-06-04 13:58:00,2018-06-08 15:46:06,2018-07-05 00:00:00
9c987217fb96ab86ca15a379d251595c,4d4bde88cd76a51d67a333a252746c6e,delivered,2017-10-03 17:00:40,2017-10-05 02:56:35,2017-10-05 13:21:49,2017-10-08 13:12:29,2017-10-19 00:00:00
67d234bcc416725cb502c08117a69500,3be3915445cff816df03e7e980dce851,delivered,2017-06-03 10:26:30,2017-06-03 10:35:11,2017-06-16 16:20:50,2017-06-26 12:32:41,2017-07-14 00:00:00
e2eb5d52ac1fbe44b4651b9d52b075b6,e15b828d1b58ab5b36b8fbe9ec3e6d04,delivered,2018-07-28 17:36:34,2018-07-30 19:32:30,2018-08-03 11:46:00,2018-08-08 12:38:43,2018-08-23 00:00:00
5e17018ebbf73082329fdcbb34b791ff,b84ae27d372e283f9a580cb434d9f435,delivered,2017-06-30 00:42:53,2017-07-01 13:55:25,2017-07-04 15:37:53,2017-07-15 13:19:56,2017-07-26 00:00:00
a8cec343b0975de8649d3679eb20b587,97fc40739ff80bf9082ed3030f73be26,delivered,2018-08-22 11:12:30,2018-08-22 11:25:24,2018-08-22 14:06:00,2018-08-27 18:59:56,2018-09-13 00:00:00
e435bbf238549cbb883e87ec7957aadb,488f45aec10156ac677ea6155309aa43,delivered,2018-03-15 18:37:47,2018-03-15 18:50:29,2018-03-19 20:48:42,2018-03-27 14:18:44,2018-04-03 00:00:00
dd4cb06a82daaa4a3853003208a89799,1aff35540649a1c5ed033773c3585d7b,delivered,2017-09-06 21:55:50,2017-09-09 06:35:28,2017-09-11 18:53:49,2017-09-18 19:16:30,2017-10-03 00:00:00
146a3b1856b84f80dc3ca22e79d11551,6f1f3c65581b33ea4d330525abc86460,delivered,2017-11-25 09:36:58,2017-11-25 09:51:15,2017-11-29 22:58:23,2017-12-22 20:53:29,2017-12-22 00:00:00
1242aa8414485384e381bb984d896ebf,1e5a23e9ddf45e71f18ed50dbcefb79d,delivered,2018-02-26 09:30:19,2018-02-26 10:10:12,2018-02-27 13:52:05,2018-03-12 12:03:45,2018-03-22 00:00:00
b9fb62bee137cab9842bf7427c640778,70de6d423133ff1c0026cd0ffe0b1428,delivered,2018-08-12 20:25:00,2018-08-12 20:35:21,2018-08-13 13:58:00,2018-08-16 20:53:23,2018-08-23 00:00:00
fc84e4c7eef7e91a7cd081a2f273f5b8,56dfe923d7bf928d0e70a9f696e3fae7,delivered,2017-10-12 20:00:51,2017-10-14 18:36:15,2017-10-17 20:18:37,2017-10-23 21:03:59,2017-11-01 00:00:00
08c01d43e93f5c485f48758550d41eb9,e6662e391d2404ca1fd165b0a4124ea1,delivered,2017-05-13 22:22:03,2017-05-13 22:35:13,2017-05-15 10:17:56,2017-05-21 10:47:35,2017-05-26 00:00:00
736401dfe860545394d24b098b2728eb,b629115d8a9ab4d7c46a9a8622ebf2c4,delivered,2017-05-01 19:46:04,2017-05-01 19:55:08,2017-05-03 13:32:34,2017-05-13 07:15:39,2017-05-29 00:00:00
3f81bec0a9a43000562b9aea4ba6c2af,e67d928d8998f6f0244b1ad049f6704c,delivered,2017-07-02 17:11:23,2017-07-02 17:25:19,2017-07-03 16:17:55,2017-07-24 18:06:42,2017-07-27 00:00:00
1a74dcdf4a4d7bfd88e94110479fa484,93889d6b5f70ee521d064dfa7921052b,delivered,2017-06-27 20:12:32,2017-06-28 20:05:22,2017-07-04 12:04:27,2017-07-18 17:34:07,2017-07-31 00:00:00
4e40816dfae91a37e97704c0ef372ace,17f5a6e687b0a9ab5048b37d3a4cbc99,delivered,2017-10-04 14:28:01,2017-10-04 14:44:53,2017-10-05 19:28:51,2017-10-13 16:36:41,2017-11-01 00:00:00
69a2e27fe34392681b7b5ab9c5aea437,5c7166c05e0f11daa658c0e853141ec8,delivered,2018-02-13 16:36:56,2018-02-13 16:48:01,2018-02-15 13:48:05,2018-02-16 22:09:00,2018-03-01 00:00:00
35cce165fe029166f2ca5396ab15eb50,75055159a0ce31ccf3d251ef078371e8,delivered,2018-05-15 23:28:08,2018-05-15 23:35:21,2018-05-16 15:13:00,2018-05-24 18:55:29,2018-05-30 00:00:00
19c52b120a24c6403bcd081593a2019c,b9912aa8cd0d13865d14978c8daa15b6,delivered,2017-05-17 13:40:36,2017-05-17 13:50:15,2017-05-18 13:38:57,2017-05-25 10:09:45,2017-06-07 00:00:00
57c39a946fb5e8e626649f02732b7cd5,7aef7971cc6a797730406e9415041abd,delivered,2018-03-16 09:52:29,2018-03-16 10:24:53,2018-03-16 23:58:37,2018-04-03 22:42:58,2018-04-04 00:00:00
e402e802747c8579d579310e0ec1ddc7,3419ff5a5c40c1a5197badd7f0751042,delivered,2017-10-10 12:13:48,2017-10-11 03:35:42,2017-10-11 15:52:02,2017-10-17 18:17:14,2017-11-10 00:00:00
23e2c5b211e209606334c66afd07fe51,cbdafd2d712b8558733da4a0522cefe0,delivered,2017-11-27 16:37:35,2017-11-27 16:50:47,2017-11-29 20:04:52,2017-12-05 20:38:41,2017-12-19 00:00:00
dc7bacef52434bbb170215d90c616a54,adcaea0e5307a0655aa9302836e89410,delivered,2018-05-22 08:35:42,2018-05-23 01:18:11,2018-05-23 14:37:00,2018-06-06 15:42:39,2018-06-07 00:00:00
535f37a9d7b2631d608fded2c2991738,3ce6bb309d1def44d728e2f1b9cd4c6e,delivered,2018-04-06 09:35:07,2018-04-07 02:48:09,2018-04-10 18:42:18,2018-04-18 17:28:41,2018-05-09 00:00:00
93148127b5171218691072991e78bdbc,ae8d66e811a5685e813d4fabe3b805a6,delivered,2017-05-29 09:39:57,2017-05-29 09:50:21,2017-06-02 14:59:57,2017-06-07 16:55:51,2017-06-19 00:00:00
98d62868252c18a0fde796ab89c6e08d,29a8e7dc609b301eeb68e597e333f912,delivered,2017-03-06 15:52:24,2017-03-07 15:55:32,2017-03-14 07:54:00,2017-03-17 18:28:55,2017-03-23 00:00:00
404a1674e5af404b38dc64387e9e6e58,21673a91810b66d39fe5d5661b8f0565,delivered,2018-05-10 13:06:53,2018-05-10 13:35:43,2018-05-11 13:43:00,2018-06-02 14:54:40,2018-06-14 00:00:00
9acc2273b31b949190b1e828d326a926,1d1ab35efaaa5ca38a3b34695e63bf03,delivered,2018-07-23 23:56:17,2018-07-24 10:31:13,2018-07-25 14:32:00,2018-07-30 21:52:27,2018-08-09 00:00:00
9c60d3456f97cb01163eb8a3f5690aaf,f2466a19138a60af2319a3693c6b2b9e,delivered,2018-05-08 19:18:57,2018-05-08 20:15:40,2018-05-10 09:16:00,2018-05-29 19:34:50,2018-06-01 00:00:00
1e8d091c9694d77f712f6540b7b54186,27b22920b041f339fc2ee118c3597c8a,delivered,2018-08-20 17:11:55,2018-08-20 17:29:48,2018-08-21 13:53:00,2018-08-29 16:54:58,2018-09-06 00:00:00
5feda22f5993ff2f018a89e2caa8a336,3615ad4473507f4acd0c1511578b796d,delivered,2018-05-13 18:52:31,2018-05-13 19:12:34,2018-05-16 12:49:00,2018-05-21 22:51:45,2018-06-01 00:00:00
fd7d4eb658279656ec6fa1ff66620925,b83c6d5f769b0e788a6bbd435c6036aa,delivered,2018-06-22 21:19:34,2018-06-26 05:12:47,2018-06-27 06:23:00,2018-06-28 16:35:29,2018-07-05 00:00:00
b6d796dfb465b5a87da9b088c718ce2f,27e4e9e54add87b994001667ceb67802,delivered,2017-12-04 17:33:25,2017-12-04 18:30:29,2017-12-05 22:48:34,2018-01-10 19:53:07,2018-01-10 00:00:00
c46f950813dd2dd9bab4188dceb83175,8c15169cec84935673c0356c2f151da4,delivered,2017-12-02 19:55:21,2017-12-02 20:16:07,2017-12-04 10:57:11,2017-12-07 14:22:39,2018-01-09 00:00:00
de2884aa8799702e8d242dc4029db3cc,d887148b2d2b9e3d51736103399c3227,delivered,2017-11-27 17:41:30,2017-11-29 02:20:01,2017-12-06 15:43:54,2017-12-08 19:02:50,2017-12-21 00:00:00
0173932ad60ecb31c620fc523d9f40bd,7a24e4852c5145e3def732c1bf6da68f,delivered,2017-10-17 15:25:12,2017-10-17 15:35:19,2017-10-18 18:58:38,2017-10-25 18:53:40,2017-11-08 00:00:00
0df3ae9792cce9ed0f0c9b95be40b8ef,e7bcb58d36bc14e2c83b7dc650aa5350,delivered,2018-02-26 19:54:04,2018-02-26 20:09:35,2018-03-02 23:48:59,2018-03-20 11:56:55,2018-03-16 00:00:00
9e685885967d3152a558f94a355e3b6f,0ed8828d80b836ae3d7e0877ddec19a4,delivered,2018-01-10 08:31:21,2018-01-10 10:31:54,2018-01-10 19:39:12,2018-01-16 15:42:49,2018-02-02 00:00:00
5e34d391098747231b726e35a9ef3e5f,fe8ab673369a385622558606f2c0e4d2,delivered,2017-11-20 20:52:34,2017-11-21 20:47:35,2017-11-22 21:48:27,2017-11-27 17:28:37,2017-12-08 00:00:00
cf0fd312197c09391d0d85e878758e82,5476174c1792f07b6a7b766d0374d568,delivered,2018-08-01 13:03:00,2018-08-02 05:30:56,2018-08-03 15:05:00,2018-08-09 13:18:49,2018-08-09 00:00:00
8c7375aeac2efc63f0754588cd9d29e4,e0612593a34175b3c0c89cac30fa35f3,delivered,2018-06-05 10:37:35,2018-06-05 14:32:05,2018-06-06 18:58:00,2018-06-07 22:41:09,2018-06-29 00:00:00
67407884c43b844b22aa1a20de86130a,5c3818ff5cfaa25dd3469b02d9425ff9,delivered,2018-07-07 20:53:52,2018-07-07 21:05:35,2018-07-10 12:43:00,2018-07-12 20:58:39,2018-08-01 00:00:00
9a69279cb759e9f04faa0813fdc145ba,802ef306f64b03626d4f32b411ff57cd,delivered,2017-03-15 12:56:04,2017-03-15 12:56:04,2017-03-16 09:30:52,2017-03-20 17:48:35,2017-04-12 00:00:00
22450223e273df456844f57a97288177,a519af63d759dfe5ef81ef3546f68035,delivered,2017-12-28 00:10:55,2017-12-28 00:18:26,2017-12-28 22:15:00,2018-01-09 17:50:06,2018-01-31 00:00:00
e1618c8576ca46d8e460cd2219eb2750,d9f8b4df596e82db51bcdbd9fc7fe0d3,delivered,2018-08-24 14:26:53,2018-08-24 14:35:16,2018-08-27 13:03:00,2018-08-30 21:27:32,2018-09-05 00:00:00
c6926f41a94f1069b4f549fdf98110e1,36edc1ad7d7ef3c71fa4add41f525c0d,delivered,2017-07-18 21:02:57,2017-07-18 21:15:21,2017-07-20 19:17:41,2017-07-21 20:46:35,2017-07-31 00:00:00
0feaee28abc2453bef40e3718f5c7392,5e957c82296e9ef12df4cb22d052db4a,delivered,2018-03-11 23:51:44,2018-03-13 00:28:19,2018-03-16 18:46:36,2018-05-25 16:03:24,2018-04-03 00:00:00
97909c8a1089d6b680b8d98b777961e5,3d88cdea2b2bd80a592c3104494b7f09,delivered,2017-06-06 22:05:30,2017-06-06 22:15:13,2017-06-07 15:28:02,2017-06-08 17:22:30,2017-06-20 00:00:00
19f3e2705ab3512061949aef6f02b2e7,9ed476fb1f00d21bf5835b86ac24f623,delivered,2017-09-22 13:54:06,2017-09-22 14:29:34,2017-09-25 15:52:39,2017-10-03 18:16:11,2017-10-20 00:00:00
cf26282d538d870cf5e212b2f6c572b5,b9e6292e3e994ab7b830c74bcb35955d,delivered,2017-11-17 01:04:44,2017-11-17 01:15:27,2017-11-21 17:46:56,2017-11-22 18:03:49,2017-12-05 00:00:00
07900b3f0c35328917b0bec1c06cd28b,698bb5b5dff4a9c3238958792999686d,delivered,2018-05-18 12:17:56,2018-05-18 13:05:45,2018-05-18 15:22:00,2018-06-05 15:36:30,2018-06-21 00:00:00
eb278cfbeefc0a9180876153de58d693,e6b1fd31d830155d9a333978e90dd976,unavailable,2018-02-09 19:51:24,2018-02-09 20:08:04,,,2018-03-05 00:00:00
720a99b74861e955a2766b3932297a8c,177b2983fe130cd5cbf3388da41291ba,delivered,2018-03-03 22:09:06,2018-03-03 22:48:15,2018-03-05 22:33:14,2018-03-15 21:22:30,2018-03-26 00:00:00
549d28441c9e96e57fd63005f18b5ca0,7c25bdcff2dff279eb40aac4077490a7,delivered,2018-08-19 18:03:14,2018-08-20 12:35:25,2018-08-20 14:58:00,2018-08-27 16:11:47,2018-08-29 00:00:00
a1597cc7eca8c8d095e5de327444d9d0,e10996551bb1897b97c37e1f771e34af,delivered,2017-01-25 17:35:24,2017-01-26 06:55:26,2017-02-01 08:36:27,2017-02-13 18:28:51,2017-03-10 00:00:00
f05e32e2cc67748c34a77da2ff68841c,fab1a643ad6f3da348860df58bf39a24,delivered,2017-12-21 16:11:33,2017-12-21 16:30:09,2017-12-26 19:08:54,2018-01-09 13:35:07,2018-01-29 00:00:00
3515fac755456eb1f251c50808fb6b12,726f33062ffa7efc5fc96df23db6b3a9,delivered,2018-02-18 11:38:22,2018-02-18 12:46:45,2018-02-22 13:12:58,2018-03-07 19:42:29,2018-03-14 00:00:00
66fbfbe9598df1bb7b5950b19e839697,d76a58f32a3cd7ddd6b1b301e6562263,delivered,2017-06-06 13:34:51,2017-06-06 13:45:48,2017-06-16 14:26:14,2017-06-27 12:22:25,2017-07-05 00:00:00
c4013cb5a6fe10b85e1483166d5ce1dc,c3e6321a98467a852949d20a69408381,shipped,2018-04-27 13:49:00,2018-04-28 03:11:13,2018-04-30 15:37:00,,2018-06-07 00:00:00
ee748540786ca7a510e0889be7ef88ca,c781fa3d6c98179000534f31d861c594,delivered,2018-01-10 22:19:01,2018-01-12 02:35:48,2018-01-13 02:49:58,2018-01-15 18:12:11,2018-01-24 00:00:00
0a6e8d7b7db627f4863678eba2a98eef,2519d1ee05255f59ce3859c02dca3d6a,delivered,2018-07-11 20:39:58,2018-07-11 20:50:15,2018-07-13 14:03:00,2018-07-24 17:58:57,2018-08-01 00:00:00
5b622911c1ded56d1c2795034bf78d3e,08021a5b0fd2fce83fd1f11b696b1b9a,delivered,2017-11-29 23:36:47,2017-12-01 23:33:29,2017-12-04 16:36:36,2018-01-06 05:36:42,2018-01-24 00:00:00
10fe810a22f64e933bcaa6fe6fccda13,4d878374bb178e7ea50dfeb9e269c7f5,delivered,2017-12-30 18:59:05,2017-12-30 19:07:21,2018-01-04 23:06:20,2018-01-11 21:03:36,2018-02-08 00:00:00
b0cc2434ee3727e682222a0f745a5948,1a00c0fbcc12796d898b5b4a368ea94a,delivered,2017-03-21 11:30:09,2017-03-21 11:30:09,2017-03-29 09:19:27,2017-04-03 14:05:33,2017-04-20 00:00:00
a37a8212759ef9735b765a1f9ba37eb2,2d5f2b1f7d4c7fc279a33c274acfaf63,delivered,2018-02-22 16:26:25,2018-02-22 16:56:20,2018-02-23 23:28:01,2018-03-08 17:44:10,2018-03-20 00:00:00
be92e1caeb7ca0fd9ec8a0db83c1c7cc,d4152fba42ec38d004feb37890b6a300,delivered,2017-10-09 12:04:52,2017-10-09 12:14:18,2017-10-18 21:04:51,2017-10-23 17:58:57,2017-10-26 00:00:00
0030d783f979fbc5981e75613b057344,84ddc138522822dfb51b603c2f466a18,delivered,2017-11-24 20:03:02,2017-11-24 23:13:38,2017-12-15 19:34:13,2018-01-06 00:25:43,2017-12-15 00:00:00
8b858e2c5909378020968c6302ab8629,e97b9fe83b494b6069bff28d7dd39fcb,delivered,2018-01-21 18:26:38,2018-01-23 03:52:59,2018-01-23 22:49:35,2018-02-06 12:55:43,2018-02-23 00:00:00
cf18cc607f8e7571b9df511e66edb910,c00ee6d221cac6737732d51e285c8dec,delivered,2017-07-18 14:45:12,2017-07-19 14:50:25,2017-07-20 15:57:36,2017-07-26 20:27:27,2017-08-10 00:00:00
b63d14d5b4f36c400c5a897287b48a1e,51def764e5bbf0192ed1d8130cfce208,delivered,2018-07-27 16:36:49,2018-07-28 15:31:51,2018-07-31 09:02:00,2018-08-03 20:04:07,2018-08-29 00:00:00
e1eee861f6f4b4d256ba90262baea032,50b8b4cab929af86f74e888b73a460c7,delivered,2017-06-27 11:31:40,2017-06-27 12:30:54,2017-06-29 14:39:45,2017-07-05 17:04:00,2017-07-17 00:00:00
1f70fc1e13f340ae54f6728d193a93c9,9a5454e86a7298afde79bdf9b879adb4,delivered,2018-05-10 13:54:33,2018-05-10 14:16:16,2018-05-11 13:15:00,2018-05-12 17:34:53,2018-05-18 00:00:00
84c8463c1a2278e211ebf4472126d92a,4f5275b5b9a04f7db3aafd2b381726ac,delivered,2017-11-25 11:45:36,2017-11-25 11:54:26,2017-11-29 21:18:58,2017-12-13 21:13:37,2017-12-20 00:00:00
585f3aa654c4d58eb968fc4fe6e3e92e,179d183ba83ebf3be4056b8b26d8dbea,delivered,2018-02-09 22:01:17,2018-02-09 22:15:29,2018-02-14 17:25:06,2018-02-26 21:14:04,2018-03-12 00:00:00
f087f83b6e2db9f35f412e6ce337a35f,b3eb9775cff9b90a79574e3a3b992d08,delivered,2018-02-25 16:18:55,2018-02-25 17:00:24,2018-02-27 14:19:13,2018-04-03 01:22:16,2018-03-21 00:00:00
0ad82b0c5d9f039a29814e465165a0da,3e2930de7e731ac3ed3a0b024aadbb69,delivered,2017-11-17 19:41:20,2017-11-17 20:26:50,2017-11-21 13:49:28,2017-11-27 22:42:22,2017-12-08 00:00:00
013b811ba81339b7634ab5231c547e6a,c75a1075cc4b47245da8ae972c8ac08e,delivered,2017-10-24 22:31:05,2017-10-24 22:49:21,2017-10-26 13:30:20,2017-11-01 22:35:46,2017-11-13 00:00:00
40c85c3c87215ae5945521e74ef0cfca,a83dd443a28f836c84a3431c52a120e6,delivered,2018-02-05 16:30:28,2018-02-05 16:52:10,2018-02-08 18:58:34,2018-02-16 00:28:55,2018-03-02 00:00:00
4f4df0a17ade1a35eec2f9e2ea067af1,a440a578b23acd9e967fbe6f2b0551a9,delivered,2017-08-13 12:28:07,2017-08-13 12:45:11,2017-08-14 14:37:55,2017-08-15 22:29:29,2017-08-25 00:00:00
5a559395babb637d7999a5716873d882,1646aedb99b12ae26f8e187a43486d48,delivered,2018-04-11 00:37:43,2018-04-11 00:50:47,2018-04-11 22:44:57,2018-04-18 14:05:04,2018-05-09 00:00:00
40a81260704fba482a19cddbe37f3ca7,f7bb2bdedb9ab81a2024550cf078a763,shipped,2018-07-18 11:15:58,2018-07-18 11:30:19,2018-07-20 09:11:00,,2018-08-08 00:00:00
cc0ef7be3ac8e4f2887c5ea6dc590e41,cbd213f7fbd9c88b1803ddbf7dc95884,delivered,2018-03-08 16:01:39,2018-03-09 09:05:36,2018-04-04 22:21:47,2018-05-02 22:44:51,2018-04-04 00:00:00
7e3f69cdc2ab690d9dee7578acea593d,60920c1afcd23c82477411c6d121225e,delivered,2018-04-03 09:51:12,2018-04-04 03:29:31,2018-04-04 19:22:45,2018-04-10 19:52:46,2018-05-04 00:00:00
839f89fab4eb89995bd044ad7e366473,bb875551873fce53a11ae027c51311ec,delivered,2017-08-15 23:50:39,2017-08-16 01:50:11,2017-08-22 21:25:34,2017-08-30 20:33:07,2017-09-12 00:00:00
541a17edc9f2346ca1757f05f5450b4b,56709d22278c827e63faeb5c22340e27,delivered,2017-11-14 22:45:04,2017-11-14 22:55:40,2017-11-17 12:51:48,2017-11-26 20:28:55,2017-12-05 00:00:00
fc373604aed2464ded6a10235309ed93,a22cc44a0d2b4126cdb3d7b55f9cd22d,delivered,2017-12-12 18:19:22,2017-12-12 18:31:26,2017-12-13 16:19:04,2017-12-26 19:42:53,2018-01-05 00:00:00
f0eadb6ba0382197c2f94afe7d95e60e,0dd5d941a331650044ad8eb21a441fc2,unavailable,2017-11-24 21:03:55,2017-11-27 14:30:52,,,2017-12-29 00:00:00
f36c9459416259961f2abc4fb50b67ac,4c1b8930f360b3998f1082a25c99613b,delivered,2018-05-02 17:58:38,2018-05-02 18:33:26,2018-05-03 12:14:00,2018-05-07 23:08:35,2018-05-21 00:00:00
63df4a3d0425e3dbe076e565dccb76b0,12910c76835edd99b9a08017779dcf22,delivered,2017-08-18 14:50:20,2017-08-19 02:15:35,2017-09-04 22:45:02,2017-09-12 23:12:25,2017-09-26 00:00:00
a217f4efd7ecdbcd9db88791945859cc,0c03bb1318921424fbd501cf9072bf89,invoiced,2018-03-16 11:08:52,2018-03-16 11:29:30,,,2018-04-05 00:00:00
f9050f8d4d975877c7acefa717d2de8f,2462b801e05cc4beeff2e787b86fd819,delivered,2017-06-28 10:36:07,2017-06-28 10:50:08,2017-06-29 14:32:17,2017-07-07 21:05:22,2017-07-18 00:00:00
1807cc736321f14baa58ef39cf6e5989,381aee1e9f4b0395a780330fab335b03,delivered,2017-08-17 22:43:15,2017-08-17 23:45:06,2017-08-21 21:22:24,2017-08-24 01:21:21,2017-08-30 00:00:00
7d62309ce7160a95af5b22f91e039c75,3fdde9457a17527537b064818b4c0169,delivered,2017-09-14 16:29:22,2017-09-14 16:45:39,2017-09-15 20:22:21,2017-09-25 20:42:00,2017-10-04 00:00:00
2421e957dc390d2f987c986a1683a757,36892517070349e99d010b1acd25cf4e,delivered,2018-08-09 11:51:05,2018-08-09 14:26:22,2018-08-10 14:26:00,2018-08-17 15:29:25,2018-08-28 00:00:00
17c059796a89b5b4c53113de933500c1,044d7def82c6fd78156eb55c3135edef,delivered,2017-03-18 22:02:18,2017-03-18 22:02:18,2017-03-21 14:23:19,2017-03-28 12:36:49,2017-04-24 00:00:00
cc2fee6fdd396d082f0467bb35b456ed,eecf234d5f78bbe609c2144a28f4088c,delivered,2017-11-24 11:31:04,2017-11-24 13:33:21,2017-11-28 20:36:55,2017-12-13 23:23:16,2017-12-15 00:00:00
2d83d958baea20397308a058ed0bc186,944c08e1d35737251301d54e71098428,delivered,2018-06-21 21:49:31,2018-06-21 22:17:55,2018-06-26 14:19:00,2018-06-27 14:29:20,2018-07-04 00:00:00
7c433051dfca2ce91591ddaeb96b414d,832267e2a4c4c2c6cd29497d19ed7f2f,delivered,2017-07-06 18:33:39,2017-07-08 03:25:39,2017-07-10 11:42:43,2017-07-21 13:23:44,2017-08-07 00:00:00
fe716cfce373a25b4ceadf7e5d410b0c,6a156870c25beee81fa1374d048c5055,delivered,2018-03-25 00:06:05,2018-03-26 09:55:29,2018-04-03 19:41:30,2018-04-24 17:21:07,2018-04-17 00:00:00
068e67bb959e282e8d5a3191c5e130ab,03a94d235a422b784953fdbad346162e,delivered,2017-06-03 23:20:59,2017-06-03 23:30:14,2017-06-05 08:52:22,2017-06-14 05:08:07,2017-06-28 00:00:00
e86b1b2dd48839d7351406434afb578d,935993f47af1ed7d0715c26b686341c5,delivered,2017-11-25 00:31:20,2017-11-25 02:33:11,2017-11-27 18:24:54,2017-12-04 21:13:10,2017-12-20 00:00:00
20400ea65a0eadb957f1fe55f3e1756a,45e75c3c2302fabe0bd490f7f350bb57,delivered,2018-04-12 14:31:15,2018-04-13 12:50:22,2018-04-13 23:18:35,2018-04-19 21:10:57,2018-04-30 00:00:00
8d47ca771c5f1f48f545ecf4a7c85f82,fc056cb6f79dbf7ab1e6ea6ef66f7837,delivered,2017-08-08 21:12:42,2017-08-08 21:25:20,2017-08-11 18:32:28,2017-08-22 20:06:54,2017-09-01 00:00:00
b6e1870851fc18da0ef1cafe7b7360c1,7ec4a5cfdf2614eac98521fa08afbfc4,delivered,2018-08-03 18:21:50,2018-08-03 18:35:08,2018-08-06 14:07:00,2018-08-09 14:32:59,2018-08-13 00:00:00
b0cfee6ce5503781be6004e0e31e4309,9e18a290b9d17b14fe33b68a0ea2bfeb,delivered,2016-10-04 18:07:24,2016-10-06 15:43:50,2016-11-21 09:33:44,2016-11-29 15:23:44,2016-11-28 00:00:00
e880a2a0f19dcb0f2ef51fed71ef34c9,5ca0847591cdad1a279fd89aa4e58e04,delivered,2018-03-29 01:10:03,2018-03-29 01:28:02,2018-03-30 00:12:07,2018-04-24 19:17:22,2018-05-04 00:00:00
679d507dacd35ecf587d994177d06871,e0e2f8203a600f8cfe34a5e04dc36e9f,delivered,2017-03-01 20:57:25,2017-03-01 21:05:22,2017-03-03 11:35:54,2017-03-07 14:52:47,2017-03-20 00:00:00
2cac7fc55f916e66710cb9db3fec5d56,1b348935b102ffd1e372f8754a6f20aa,delivered,2018-02-13 14:34:17,2018-02-13 15:07:52,2018-02-15 19:03:37,2018-02-19 20:32:50,2018-03-06 00:00:00
01e51b7c3025655646143d09b911e1d7,1441fb0aa631b791bcb461e549d7b7ce,delivered,2018-01-14 09:41:25,2018-01-14 09:50:29,2018-01-15 23:52:32,2018-01-31 19:52:50,2018-02-06 00:00:00
b25df6caf94e05493b149caf63473f1a,10379b9c45fdd660f505c19bb5bb87d8,delivered,2018-01-19 13:37:50,2018-01-19 13:53:57,2018-01-19 23:18:59,2018-01-24 22:07:59,2018-02-09 00:00:00
ba78997921bbcdc1373bb41e913ab953,7a5d8efaaa1081f800628c30d2b0728f,delivered,2017-12-06 12:04:06,2017-12-06 12:13:20,2017-12-07 20:28:28,2017-12-21 01:35:51,2018-01-04 00:00:00
6bc824157c599390bc2e129920bda169,5c3aa55394c788b6669d49695e37776b,delivered,2018-07-19 21:02:21,2018-07-19 21:15:11,2018-07-20 10:23:00,2018-07-26 15:48:51,2018-08-08 00:00:00
caaddbb1afdea8bd329d4a63dda44f7f,e6b134d384d1485e6fab267679cee3fa,delivered,2018-01-04 22:33:57,2018-01-04 22:48:21,2018-01-09 17:33:57,2018-01-22 23:32:49,2018-01-30 00:00:00
ae2b8a343037817d18f1aa252696f08f,bd21daf97509b971af130a009b9d034e,delivered,2017-10-12 21:45:28,2017-10-12 21:56:19,2017-10-13 23:43:56,2017-10-20 00:03:07,2017-10-31 00:00:00
c9359e6f27fbe7d1397c40031341540c,2cda6ebc70f0a9119ac4b8dcee2fa730,delivered,2018-08-04 21:34:50,2018-08-04 21:45:12,2018-08-06 14:50:00,2018-08-08 17:25:32,2018-08-16 00:00:00
a6514c8d02080f557f4f5ebd3b1461a6,5a1e7189a48abe6237615c19e635f9d9,delivered,2017-12-06 22:24:39,2017-12-06 22:33:25,2017-12-22 18:28:33,2018-01-29 21:54:12,2018-01-22 00:00:00
6f6141eab1bb4e6c11c31e631b60443a,febcc7d507ddd2a2c36e35338d6d5d35,delivered,2018-07-29 17:15:10,2018-07-30 18:31:25,2018-07-31 11:25:00,2018-08-06 19:48:30,2018-08-29 00:00:00
20c9d2f6600c9b7f73d9d5f5c6314c06,c798dfd69dc7b34d216960c82fcb6771,delivered,2017-12-09 17:09:06,2017-12-12 03:58:27,2017-12-15 17:07:39,2017-12-27 18:09:46,2018-01-12 00:00:00
3f2169b11962eea86fc1eb73ddd46297,a83c38b88992df4389575e3cb17e7df5,delivered,2018-04-27 09:53:21,2018-04-27 10:12:22,2018-04-27 15:15:00,2018-04-30 17:32:34,2018-05-16 00:00:00
3f5d83fd2c551b9eeac583644c97ad09,1e0237f70c24e0232e8b7e0e12953a36,canceled,2018-04-13 10:52:21,2018-04-14 10:50:52,,,2018-04-25 00:00:00
c051db846130791230b85293e902d3a9,adcc6780f3c2d3e68129a5ce6f3a41d3,delivered,2017-07-26 15:28:15,2017-07-26 15:43:16,2017-07-27 19:29:39,2017-08-11 15:56:40,2017-08-22 00:00:00
bcd050a34214fa492826f945e3425650,b70f1d9626c60f9f1dd1e0ecf94c7c13,shipped,2017-12-06 22:28:19,2017-12-06 22:35:23,2017-12-08 21:59:43,,2018-01-03 00:00:00
d13f0023cb08bf6e41a2479ca897f64c,c0dcfd2700b2e97ff3cb6534b72e7bfb,delivered,2018-03-14 20:26:26,2018-03-14 20:35:27,2018-03-15 16:42:16,2018-04-23 16:36:47,2018-04-11 00:00:00
d01c0baa4630bdd8a5d0266931837209,5be96cc643f055c5ec688661898ff816,delivered,2017-01-27 13:32:58,2017-01-27 14:31:48,2017-01-31 10:51:49,2017-02-04 09:23:37,2017-03-14 00:00:00
2ed5305b914f9e070f396f7d29287aff,193e26ffef1e5ee3eb6d20a0b21bbc96,delivered,2018-08-18 13:46:39,2018-08-18 14:09:18,2018-08-27 14:23:00,2018-08-30 20:07:49,2018-09-05 00:00:00
3c8c12fed1b69b5f25e8cd9969113472,615b9a669ab79133f57c8e3691b74e06,delivered,2018-06-15 11:41:31,2018-06-16 11:38:00,2018-06-18 14:08:00,2018-06-25 23:44:32,2018-07-12 00:00:00
2ee9f38d1a90756204f9428337b66444,7e2d1c5c7664e386e0ab4166f94e8595,delivered,2018-08-20 12:31:53,2018-08-20 15:36:05,2018-08-21 15:09:00,2018-08-22 19:32:31,2018-08-24 00:00:00
c869fcc34b45cb0760e16d153f9023f3,084f54304c4a42cb5df4fd9eb5ac2853,delivered,2017-04-11 20:05:18,2017-04-11 20:22:38,2017-04-12 12:57:29,2017-04-18 00:08:23,2017-05-03 00:00:00
e55eeb63fceeb994b091e9a38be6d0ad,1907c0d44e041b6b9bf19a1021bcc34a,delivered,2017-10-11 17:31:10,2017-10-11 17:46:33,2017-10-17 21:28:40,2017-10-24 21:06:55,2017-11-01 00:00:00
d5cda33c87a415a696188f2f71799fe0,d76c3f3e2e4eb5ec6f9a6a7029a3b8ea,delivered,2018-06-22 16:59:06,2018-06-22 18:16:05,2018-06-29 14:12:00,2018-07-05 17:32:59,2018-07-23 00:00:00
421965457f0703d25ba727b4d31a1ad3,e8bc2481bc34c782733e3fd5fb60a06c,delivered,2018-02-25 08:43:55,2018-02-26 08:48:36,2018-02-26 19:42:36,2018-03-03 13:51:49,2018-03-16 00:00:00
80142d53ffe141ecc527706ca520ec49,f8adf4020474a08e2d15151324999e36,delivered,2018-03-16 20:09:31,2018-03-16 20:28:10,2018-03-28 19:12:56,2018-03-29 11:18:53,2018-04-13 00:00:00
c644b3f8e84a3426f0a99bbfb04a3e73,f6fb4ed5f9a3a545a5203054679bf2c6,delivered,2017-05-18 18:23:26,2017-05-18 18:35:15,2017-05-19 15:18:12,2017-05-23 13:19:33,2017-06-14 00:00:00
35f4b9d2da608b31899564a51dbabd35,04b07985c482f53e0fe418d05e56fea1,delivered,2017-12-26 09:49:11,2017-12-26 10:06:22,2018-01-11 23:49:29,2018-01-24 00:33:55,2018-01-26 00:00:00
fc37fc97974eb26b3d77d89d6c9c5f6a,6d316dd3c989edaf44c59362ff290a73,delivered,2017-08-28 17:51:44,2017-08-28 18:04:45,2017-08-29 21:14:00,2017-09-04 19:33:58,2017-09-14 00:00:00
7015505fc7302da88c0e9c58e8c3262e,1b354261005ab5f5ff92c38c656c68a8,delivered,2018-05-11 16:43:49,2018-05-12 16:50:35,2018-05-14 14:35:00,2018-05-18 18:13:53,2018-05-25 00:00:00
05d579e3abe4a2d25c8feca9f7a685d8,59fd56a451437919bf2ea954a6baca5c,delivered,2018-02-08 23:50:57,2018-02-09 00:48:17,2018-02-17 03:12:47,2018-02-17 10:28:36,2018-03-05 00:00:00
12bbc0dc31b5644e4cb803879306f081,9f6344a8a6d567f84f9ed02120214e3d,delivered,2018-06-09 11:42:44,2018-06-12 05:16:31,2018-06-12 10:35:00,2018-06-20 18:58:48,2018-06-28 00:00:00
2c2a6805300ebc04837ff33a647a7938,249188f806d10160f9874afb8ec5ed50,delivered,2017-07-08 17:21:10,2017-07-08 17:35:18,2017-07-10 19:52:33,2017-07-21 13:34:29,2017-08-09 00:00:00
7f2810de522b451a990407ada69ff9d0,05a4b790359862d814b2f6d69e4e9f9f,delivered,2017-11-23 15:00:28,2017-11-23 15:10:58,2017-11-24 18:22:17,2017-11-30 17:56:42,2017-12-15 00:00:00
92d4e6d2be7474212f889b8d9f3a7673,4028a5f542cb9fe29c4d43fc38ed1e6d,delivered,2018-03-10 18:18:57,2018-03-10 18:35:24,2018-03-13 19:44:30,2018-03-21 23:20:49,2018-04-11 00:00:00
1c03149670e997c92432fe942dfd842e,b5c2240b39a2731614276fcd9e2e5019,delivered,2018-03-25 20:25:28,2018-03-25 20:48:23,2018-03-27 19:08:37,2018-03-29 21:38:52,2018-04-06 00:00:00
f55550ceb7e4387a3fc606d19e6461b5,05486eac340ae6a8f4837c6ab027d5ed,delivered,2018-04-24 19:08:16,2018-04-24 19:29:20,2018-04-25 14:47:00,2018-04-26 21:54:36,2018-05-11 00:00:00
2e43aadcfcd100bf85414cc4a0b6f3af,adedebc7473e858ba05c37a117462f71,delivered,2017-12-07 22:17:58,2017-12-07 23:30:26,2017-12-08 20:38:46,2017-12-13 16:29:04,2018-01-10 00:00:00
d25068e796c4ee9a78ed71bccf4a6a56,2612be836e978b99fb1d03e3337cc5c4,delivered,2018-02-11 19:36:30,2018-02-11 19:50:30,2018-02-15 20:53:04,2018-02-22 00:45:44,2018-03-06 00:00:00
de6a26eab8b3a87c4d4ec2e2a8c2495e,5e5df9027ff599d21d2a72c0b225b6fd,delivered,2018-06-10 21:22:22,2018-06-10 21:37:19,2018-06-11 15:07:00,2018-06-15 17:56:20,2018-06-28 00:00:00
48c3b4aae43bbf8e6929c347112cba89,a0b18a6c911337a10d916e5febdbe40b,delivered,2017-11-24 18:02:46,2017-11-24 21:16:27,2017-12-09 00:09:19,2017-12-14 11:42:41,2017-12-15 00:00:00
dda50b827d23598558e8d9df7a56c3e7,1a6f1dbfd20aece653f3adb896353111,delivered,2017-12-16 12:14:09,2017-12-16 12:30:47,2017-12-18 17:57:13,2018-01-03 20:38:55,2018-01-22 00:00:00
27a67bd7466cbdf5af5708129e2ca7e5,4c756f2c4da833ba391a526d128e1fbf,delivered,2018-07-26 12:43:09,2018-07-26 12:55:25,2018-07-27 12:39:00,2018-08-02 17:42:12,2018-08-24 00:00:00
8382255ca7fdc3ec278ab4c83aef9122,61375a3b2e9b6df142bef5986b176e2a,delivered,2018-01-09 14:08:45,2018-01-09 14:29:37,2018-01-10 23:23:58,2018-01-18 19:26:58,2018-01-30 00:00:00
f7a4e1c2017112249debd47b25a811a1,83e1c85ed2cb9893ad0cd7e5bcea2461,delivered,2017-11-02 12:07:58,2017-11-02 12:25:55,2017-11-03 21:00:04,2017-11-07 21:56:42,2017-11-24 00:00:00
3f484d19ccfa27aa339fac5775361ac9,a999fb2aea12464405c4f4d780ec2460,delivered,2018-05-06 15:17:31,2018-05-08 04:55:27,2018-05-08 14:12:00,2018-05-12 18:03:16,2018-06-04 00:00:00
ab668aaea7f0e48e485474b11f44c582,52584132eae2a44eb993f99d1de4e6b5,delivered,2018-06-18 14:53:05,2018-06-18 15:17:03,2018-06-22 16:27:00,2018-06-30 11:41:59,2018-07-03 00:00:00
e4803f41016244f8ce3dca5bb8b37aee,66656623e2544c18fd829b45438f3404,delivered,2017-10-17 09:46:04,2017-10-17 09:56:24,2017-10-27 22:24:41,2017-11-06 18:22:15,2017-11-16 00:00:00
fddbb434bce33723969c0d1950649dbd,15aa00d0e958881f93b3cbd18eeee820,delivered,2018-04-24 23:17:50,2018-04-24 23:30:21,2018-04-25 11:45:00,2018-04-26 18:26:49,2018-05-08 00:00:00
e21124ab31068ff2d96510278646010d,1574c920aca2273ed1f13f060bb93e19,delivered,2017-07-08 16:34:52,2017-07-09 06:43:04,2017-07-11 19:33:55,2017-07-18 18:35:47,2017-08-01 00:00:00
67be6410d453784501c125d4f0ecb741,3ace417f46e2feb1f83c8e8ee4186547,delivered,2018-07-14 18:19:56,2018-07-14 18:30:19,2018-07-16 16:20:00,2018-07-20 20:21:55,2018-08-10 00:00:00
ffd6f465cab015b452d398ac1f5d978a,0b5f60cff1a206e0bc33c120b8db0335,delivered,2018-04-23 19:33:08,2018-04-24 17:28:54,2018-04-25 14:07:00,2018-05-03 20:52:40,2018-05-29 00:00:00
cda2c731fd39437d135fe728fadd2c52,e83ceb64f743ada930f35b717aadf2eb,delivered,2018-08-24 09:26:31,2018-08-24 09:44:23,2018-08-24 14:14:00,2018-08-30 18:09:46,2018-09-24 00:00:00
31f8013402a0749b3ab433b1aee11754,27d17a6fd27ee999a02cd9b9d04c0ee8,delivered,2018-08-14 21:20:19,2018-08-16 03:25:31,2018-08-16 14:43:00,2018-08-21 01:03:35,2018-08-27 00:00:00
6b8a03d40f75b75ec65ed5ba13d80f95,72a4878a79935a45e5acec3b541af15a,delivered,2017-10-24 22:40:56,2017-10-24 22:56:26,2017-10-25 21:23:45,2017-11-09 18:17:20,2017-12-11 00:00:00
4620d9ef6b668ab50248cec23ba52f89,308800cb1d6dd4e3d0a89f43d8fa44c7,delivered,2018-04-24 16:02:14,2018-04-24 19:19:17,2018-04-25 13:54:00,2018-04-30 16:58:43,2018-05-21 00:00:00
7b0e8a1996764645b732cc1916a504c6,76306af3efc88f9d066b361e6597ec0a,delivered,2018-02-22 16:04:32,2018-02-24 02:48:33,2018-02-27 19:33:01,2018-03-01 21:38:14,2018-03-16 00:00:00
ff6ae1548ceeb3aabebe8025b622bb3e,c599f51fb055673d2cc9ae78bf6c9603,delivered,2017-10-30 12:59:40,2017-10-31 04:26:41,2017-10-31 16:58:06,2017-11-07 21:22:00,2017-11-17 00:00:00
40c6a42661f5f364a97085bcdc278a55,2957940ed87c8ba87e039df44399528a,delivered,2017-04-26 13:35:41,2017-04-26 13:45:14,2017-04-27 09:11:28,2017-05-09 15:07:12,2017-05-17 00:00:00
8e27644b3fd57af86b8b8367cea289c6,763b5e1491aef5d315a7aedefe8d6a0e,delivered,2018-06-05 09:42:14,2018-06-05 09:51:38,2018-06-05 15:11:00,2018-06-12 14:48:53,2018-07-11 00:00:00
dc5288fd98f63b9a6162fecb9e96937d,61cfea5e527a1303643af2ee780731a8,delivered,2017-10-29 13:36:09,2017-10-29 14:05:58,2017-10-31 18:25:48,2017-11-06 16:36:32,2017-11-29 00:00:00
1462351d309cbd208cb0013abb4611e6,dfbec71a2ff7277373b315694f9ddec6,delivered,2018-01-15 20:36:17,2018-01-15 21:31:51,2018-01-19 18:32:17,2018-01-23 17:57:41,2018-02-08 00:00:00
10482cea058f80e06b62b933eba72928,c535ef31f19453feff718c929e078f8e,delivered,2018-02-28 19:27:37,2018-03-01 15:35:35,2018-03-08 20:41:33,2018-03-20 19:29:46,2018-03-22 00:00:00
6e9f8d6156d8c37f0e0e6351908de639,3f7029d9b98a47370cd5f3a97adcbccd,delivered,2018-03-28 12:28:04,2018-03-28 12:47:35,2018-03-29 19:19:06,2018-04-10 13:40:54,2018-04-16 00:00:00
ab19f79cb894bf44994c117dd2ad3413,25507ffddd7bb9ae0722ccdbbbc2c209,delivered,2018-05-07 17:34:47,2018-05-08 17:35:19,2018-05-09 15:04:00,2018-05-18 18:46:44,2018-05-30 00:00:00
c516d2f709c6364f4972d91c96569568,921722b60f0a185999aa5d72adaf09dc,delivered,2018-07-25 20:47:33,2018-07-27 02:05:20,2018-07-31 15:17:00,2018-08-08 15:03:45,2018-08-17 00:00:00
b142695409c8bbe4749969c0a697148e,b700c01a9332f15903c399e187ff534b,delivered,2018-06-01 14:09:53,2018-06-02 03:15:19,2018-06-04 14:14:00,2018-06-13 20:51:05,2018-07-23 00:00:00
fcd82be3d717a53a9227f19ba3dfe2bb,b689710e169ec513fa166b92045f580f,delivered,2018-06-21 16:28:08,2018-06-21 18:20:54,2018-06-22 13:30:00,2018-07-03 02:18:30,2018-07-19 00:00:00
5c2b38dc10cf46a3224f46dba893d26a,2d9d650ab42cedd47f35ce7a7e59a75a,delivered,2018-01-22 09:02:39,2018-01-22 14:13:26,2018-01-23 20:58:39,2018-01-31 13:45:23,2018-02-06 00:00:00
e1d4659c4e03e66db764ac804aaf19f8,d5c50a4808a9de6a4fba919bdb8af8c0,delivered,2018-02-15 22:28:20,2018-02-16 14:31:17,2018-02-16 19:46:59,2018-03-13 12:38:41,2018-03-14 00:00:00
903886b8e51bd659e2826a72c3eb5c5d,375294729b1e449f98d072de7869002b,delivered,2018-07-30 18:41:35,2018-07-30 20:00:22,2018-07-31 13:08:00,2018-08-07 16:48:47,2018-08-24 00:00:00
89d89c06d4e340f4aab76ee09311062e,b546b6395b62a37f63ad6f6e4aaa420e,delivered,2018-04-22 08:29:09,2018-04-24 18:05:50,2018-04-23 21:11:27,2018-05-02 23:50:41,2018-05-18 00:00:00
56e857607d894b7e1d6bfca0b5ebb9e8,08758f46a8ee56f3b1b4c5b73c90c6e3,delivered,2017-07-14 19:16:37,2017-07-14 20:00:10,2017-07-17 20:37:33,2017-07-27 20:36:46,2017-08-17 00:00:00
69a67f0ee0c09223e7bbd96233f1d322,a0de00f997c23245884810fb48462b67,delivered,2018-06-17 16:09:40,2018-06-17 16:32:20,2018-06-18 14:27:00,2018-06-22 17:51:19,2018-07-05 00:00:00
9632facd8bd95315d63a23bf616d85b0,7e395b4bf53aea8c56b1213f1b801411,delivered,2018-01-14 12:31:15,2018-01-14 12:39:24,2018-01-15 21:56:33,2018-01-19 22:39:01,2018-02-07 00:00:00
fcdc3e0003ba241c9a56bcdc32590c38,8b6af4aa3d7e95622bb718a5fdc72019,delivered,2017-12-02 21:43:51,2017-12-05 10:31:01,2017-12-06 18:33:04,2017-12-11 22:51:23,2017-12-20 00:00:00
7b8adf17d100cd7c851eff1f6496083a,893aaa512b586b2f2c106ef02ebc0d5a,delivered,2017-11-09 09:33:15,2017-11-09 09:50:19,2017-11-10 00:14:31,2017-11-16 23:27:40,2017-11-29 00:00:00
ed310045af9a0250f61f7da342d996b9,a5101092ea733653d877ef1a60d07718,delivered,2018-06-10 21:29:56,2018-06-10 21:51:42,2018-06-11 15:28:00,2018-06-20 19:02:45,2018-07-04 00:00:00
726a67ad063495177a87c3958017c32e,790f3750b9619d5eaac692a81cb655d1,delivered,2018-08-21 18:09:40,2018-08-21 18:30:42,2018-08-22 13:01:00,2018-08-27 23:08:37,2018-09-05 00:00:00
9ee8cf0ffcf31bb51cfefb03220c63e8,644f81e8109d25d2df7ac2eb7b24ac88,delivered,2017-11-19 13:21:35,2017-11-21 03:51:26,2017-11-24 16:47:03,2017-12-07 16:17:54,2017-12-08 00:00:00
5edc3b261fb4a6d57742d43e388a1927,2c4aa9610fa8ec5bbffd8706d3d722b7,delivered,2017-12-08 12:51:23,2017-12-12 03:50:12,2017-12-15 12:30:24,2017-12-28 17:33:44,2018-01-10 00:00:00
79ad52e8a08f3b8fb0c5a288a173f3cc,c40503f3c48801c5c9a1ac01c02cd6a9,delivered,2017-05-21 23:12:44,2017-05-23 03:15:25,2017-05-23 12:39:52,2017-06-01 10:57:17,2017-06-14 00:00:00
2f3187c040a5b2888773b44ae1c74c27,b4c4eac1c50f31216707a413ab2706bd,delivered,2018-01-05 21:29:54,2018-01-06 02:08:55,2018-01-10 00:15:09,2018-02-09 07:41:26,2018-02-02 00:00:00
b5b39e60d31084200838ace496b9c2cb,5686168d5d97a5dfe8533e1a4d25fb54,delivered,2017-12-19 09:27:15,2017-12-19 10:11:00,2017-12-19 18:56:41,2017-12-26 21:19:12,2018-01-12 00:00:00
7451bae6c17cbaa82fa2bb466c97cb45,cf07e85e4dbf6bc4b541537d8ac84bd0,delivered,2018-07-04 16:24:07,2018-07-05 16:32:51,2018-07-05 17:24:00,2018-07-11 17:17:36,2018-08-03 00:00:00
09fe7a287eced3280bbc1ca7759c4c25,e661389c58bde51cc882004c8a3235c6,delivered,2018-06-19 19:35:00,2018-06-19 20:16:16,2018-06-21 14:46:00,2018-06-22 19:48:39,2018-07-04 00:00:00
3e269d8ec37b0e8f74c0aaac57c8b059,43b7dd99d64e4277a2282940816d55d4,delivered,2018-02-14 10:25:59,2018-02-14 11:30:23,2018-02-21 21:05:22,2018-03-03 15:12:19,2018-03-09 00:00:00
9c41b4f492e766fc38f8df3e60c4e144,9d0dc9b333c08486af7f4122fb757dcd,delivered,2018-07-09 08:11:54,2018-07-09 08:25:12,2018-07-10 06:05:00,2018-07-23 20:03:08,2018-07-30 00:00:00
9d138733c51598bbcd3ea81678facf91,5df2ff723d34c14ec65ed6d176c45eab,delivered,2018-08-07 10:51:07,2018-08-08 03:15:23,2018-08-08 11:35:00,2018-08-13 10:24:47,2018-08-22 00:00:00
775a7a08701f1131029bf828eb85b602,6551128590e104a5b35d6a492a9d3e18,delivered,2017-11-05 00:20:47,2017-11-05 00:46:27,2017-11-06 19:41:30,2017-11-21 21:03:24,2017-11-27 00:00:00
3ec6546881c0f5dbc6fc2054c706c3ce,e3b123e6a82c25b2bd82e14c8000511c,delivered,2018-07-20 16:11:00,2018-07-20 16:25:14,2018-07-23 15:17:00,2018-08-03 17:29:03,2018-08-17 00:00:00
1c487b52a0823daeced375367d5f73de,d43a38a1b87c85d51d3c00ab2dd19390,delivered,2017-06-20 15:01:33,2017-06-20 15:15:16,2017-06-21 18:42:18,2017-06-26 17:38:56,2017-07-14 00:00:00
1221112b1c9563dc03d5a32b6078a962,5bf36e4b14c54f22f31570e9e8b144f4,delivered,2018-08-09 09:19:49,2018-08-10 09:10:16,2018-08-10 15:14:00,2018-08-13 22:42:30,2018-08-16 00:00:00
5dd65924234c78a809ec526f2530259c,b4507e3ba05a350132d8518733869b49,delivered,2018-06-07 21:49:35,2018-06-07 22:16:30,2018-06-14 08:14:00,2018-06-15 21:13:41,2018-07-03 00:00:00
d0083f5db0e3fade5d9a7dc768e8df46,a6701673062c37eb53daa40b834d1aa7,delivered,2018-07-13 21:59:42,2018-07-13 22:24:06,2018-07-16 10:56:00,2018-07-26 20:04:34,2018-08-06 00:00:00
2bd67cb1676d5693690cc0bf9b149fa7,55da8ccddd5fcac5a10a7887375c5646,delivered,2018-01-22 21:07:44,2018-01-22 21:19:29,2018-01-25 15:52:55,2018-01-31 20:58:37,2018-02-14 00:00:00
8ff8823e264549c3798b021e9bdc3e6a,81a76a63a0bdfd0794353b2bb1a33bbd,delivered,2017-10-12 12:34:33,2017-10-14 03:28:23,2017-10-17 20:39:58,2017-10-20 18:28:18,2017-10-25 00:00:00
5fec115c600fe034468960bd0cc6d253,9e4d9a54de808507f6281dc71adf7a19,delivered,2017-09-21 01:28:53,2017-09-21 01:45:00,2017-09-22 18:28:58,2017-09-25 20:37:14,2017-10-10 00:00:00
2f80a0b08926b808eafcaa9ceb2e7af4,01122215dd21ac872ae567ec4e351e01,delivered,2018-04-13 18:16:52,2018-04-14 02:13:28,2018-04-17 00:54:50,2018-04-17 16:31:40,2018-05-02 00:00:00
b2ac82e9e513a7e0dc542d9689025ba4,77c721e43535d1b1a32274302b157024,delivered,2017-04-28 14:16:12,2017-05-03 11:35:44,2017-05-03 14:57:51,2017-05-12 08:04:35,2017-06-01 00:00:00
7e8802ecbf8198fcf26de06bcc322bdb,2c688f6c105821606c7da166bd9cf1c6,delivered,2017-12-04 17:51:29,2017-12-04 18:41:16,2017-12-06 00:07:23,2017-12-11 18:49:03,2017-12-20 00:00:00
b76fc14b6f5d449d3abad25a2f13cc2d,6de51449f35c0a31b66f769a0996846a,delivered,2018-06-24 22:01:51,2018-06-24 22:15:15,2018-06-25 15:11:00,2018-06-28 20:22:08,2018-07-24 00:00:00
b5e7a885c4a373e5aef1caffa539d967,aba8af55d9a03630a4909b405359c32b,delivered,2017-07-10 13:03:54,2017-07-10 13:15:11,2017-07-11 22:56:35,2017-07-17 16:38:39,2017-08-01 00:00:00
3953c29762c8e3546dfb140558084530,f17c076880d67aab82e92fcb3dab7424,delivered,2017-10-20 18:00:44,2017-10-24 03:25:31,2017-10-25 18:38:55,2017-10-31 18:09:00,2017-11-22 00:00:00
90c24f936c66006ed735e7b7b313ee92,cc8c765e7060420ae9af09c8432f2a45,delivered,2017-11-28 10:30:12,2017-11-29 02:22:49,2017-11-30 14:23:08,2017-12-04 19:17:48,2017-12-12 00:00:00
c3e4094adfa71210e702f8e3f90b5569,befb9c2cbe0ffcea1a14e6be4f71cc9c,delivered,2017-12-12 19:45:01,2017-12-12 19:55:26,2017-12-22 23:39:02,2018-01-03 16:19:40,2018-01-09 00:00:00
88bba3891566a6e0b16cee8135792e1b,41822338d50653aa6e9dea52ce5b947e,shipped,2018-07-07 20:03:12,2018-07-07 20:15:10,2018-07-09 15:02:00,,2018-07-31 00:00:00
e2d9b6b72021d68424666cb969d6f56a,f6c40b585027ffb1dbd8daf868c5d358,delivered,2017-05-29 10:15:53,2017-05-29 10:25:13,2017-05-30 16:02:05,2017-06-06 15:40:10,2017-06-19 00:00:00
7ec86dae6dc7ee75dd06ce14839f34da,154b90cfe3310a622775d66e469fb1f2,delivered,2018-02-28 12:06:57,2018-03-01 07:10:26,2018-03-05 15:49:02,2018-03-18 12:58:42,2018-03-19 00:00:00
a44e76e7c4a14d636b1a30c76c9e9999,2657db2126e03c6cd144184f8c8a00a1,delivered,2018-06-11 08:34:24,2018-06-11 08:58:18,2018-06-15 08:30:00,2018-06-21 21:48:52,2018-07-12 00:00:00
6a7a221820715f6d872f967311d9e23d,7c1bd90d3694ad854b4448e46013897e,delivered,2018-07-04 17:07:25,2018-07-05 16:23:38,2018-07-05 19:18:00,2018-07-06 15:52:28,2018-07-17 00:00:00
e44e7464ba4c5118eda918839e5dc20d,91d5a00f873221953fecf0445846876e,delivered,2018-03-11 20:25:23,2018-03-14 07:08:12,2018-03-14 21:18:45,2018-04-04 20:19:30,2018-03-28 00:00:00
4473b8fa106822f223b714af3157b92b,1b23fc2a8153a87a2fdd885c0a7de1c7,delivered,2017-05-06 14:09:29,2017-05-06 14:22:19,2017-05-09 15:22:01,2017-05-11 21:37:28,2017-05-31 00:00:00
682da741766046a2d5bb0e924158bc73,55d7aa9db123ac0a0edb65fe780bb28e,delivered,2018-01-04 12:21:02,2018-01-04 12:31:26,2018-01-09 01:19:26,2018-01-17 21:08:59,2018-02-06 00:00:00
a653bb2e2418fd13d746e3639879aa83,404e9aa29dd2f4f68be287245f0e1e50,delivered,2018-05-09 10:34:53,2018-05-09 10:54:54,2018-05-09 11:58:00,2018-05-28 13:51:17,2018-06-12 00:00:00
d9ab642e5dd85a1f2bb53c6c546fa575,b99c8d76b04307827e285362acbfeb98,delivered,2018-07-15 09:07:45,2018-07-15 09:35:16,2018-07-16 13:43:00,2018-07-20 19:46:33,2018-08-07 00:00:00
1ea8fa159bf5ec460bf24d669396a421,74faf188f41edcb655352b171ee6daf8,delivered,2018-06-11 23:31:59,2018-06-11 23:58:34,2018-06-13 18:59:00,2018-06-14 15:03:39,2018-06-20 00:00:00
a93bb13e55f292aa026428dd42bd1565,c300b72ded887db4868c8df1a1923ffe,delivered,2017-02-07 13:37:43,2017-02-07 13:50:14,2017-02-17 07:12:02,2017-02-23 15:39:19,2017-03-21 00:00:00
e987b29cdd5c19069d7c65a4eac2a806,a5772880d8e7c4d0b5a1819180bb39a6,delivered,2018-07-15 21:52:17,2018-07-15 22:04:16,2018-07-16 14:19:00,2018-07-31 19:02:38,2018-08-08 00:00:00
49bce2844ff52cac06a8478eb58e7159,066a5866635b2ff28b793b05fa7a42cb,delivered,2017-03-25 21:39:50,2017-03-25 21:50:28,2017-03-27 16:26:41,2017-04-03 16:23:47,2017-04-18 00:00:00
69dea4ea9a898ecbe8c6af9360483b82,bf03b39f051dd7022a71fd400f424af9,delivered,2017-10-11 22:00:01,2017-10-12 03:00:16,2017-10-21 10:13:52,2017-10-30 20:00:10,2017-11-01 00:00:00
d2e98c2b35f0e9173b4fce9cf61530d3,5cd826df2c649c71f38b667bd71cc95e,delivered,2018-02-05 16:29:24,2018-02-06 16:30:17,2018-02-07 19:52:33,2018-02-08 17:46:43,2018-02-21 00:00:00
bef797897a2dddfbb08f9dff9c5ef7b7,c1f56744ed96f4d691e31f2d786b6484,delivered,2018-07-16 17:21:08,2018-07-18 10:05:19,2018-07-19 08:46:00,2018-07-24 12:40:52,2018-08-03 00:00:00
8f055c77c73f1b08a6c9f588657ab8c1,cb7614b09119d33b59af1b776bd653c1,delivered,2017-07-30 23:59:44,2017-08-02 02:34:05,2017-08-03 17:27:40,2017-08-04 19:02:44,2017-08-11 00:00:00
4fa07e91d7b4f8b191e3a6ab40f14f54,6d9754a16df71866ee34b146153ec9a2,delivered,2017-01-31 15:41:21,2017-01-31 15:55:14,2017-01-31 16:57:41,2017-03-13 11:53:01,2017-03-01 00:00:00
21c3341507027110a7485509b9fb63a4,5166ee187c5b2e4a0c97532601a02d93,delivered,2017-09-27 19:27:54,2017-09-27 19:49:24,2017-09-29 19:56:58,2017-10-04 00:12:53,2017-10-13 00:00:00
0850d4915a0e1d284feb7aeee9f88573,c9b6b121d391ffb911f1fe482c753a94,delivered,2018-08-09 13:36:40,2018-08-09 14:35:26,2018-08-10 15:00:00,2018-08-11 19:25:43,2018-08-17 00:00:00
dbf13db0efcf04002238ab4d115cabf9,bcad4bc4532c5833aa4ab073b2284d12,delivered,2018-03-26 23:03:30,2018-03-26 23:15:18,2018-03-28 18:32:43,2018-04-16 11:47:48,2018-04-17 00:00:00
0937ee5de4e9482b7503bae26f9d243f,3d4c473f325542281c88efce5ae91375,delivered,2018-08-23 08:47:54,2018-08-23 09:04:43,2018-08-23 14:10:00,2018-08-30 00:56:19,2018-09-20 00:00:00
88ed70c8a41eb5445e5221d691d08a7c,f84b8ca5e0b8b85269d8562fe77dd3b2,delivered,2017-10-18 21:56:13,2017-10-18 23:28:27,2017-10-23 19:43:40,2017-11-08 21:43:49,2017-11-09 00:00:00
0822bcde10bb5d023755a71bc8f7797f,6bdf92e9fc8278f946ab67d15ebfe4ff,delivered,2018-05-07 23:29:24,2018-05-07 23:52:39,2018-05-10 12:40:00,2018-05-15 20:39:07,2018-05-22 00:00:00
20ddbb26c9b5f5acad69796272489c0a,890c32556be4937da98d2f7a73452c6a,delivered,2017-12-31 09:39:58,2018-01-01 09:34:29,2018-01-03 19:52:25,2018-01-15 16:51:51,2018-01-26 00:00:00
d347f2967d904f9f8657e9919366545c,ab137d0918a8adea90199041e26029f2,delivered,2017-11-04 16:55:38,2017-11-07 07:30:50,2017-11-07 23:59:34,2017-11-20 17:42:04,2017-11-30 00:00:00
af48a5477e351edfe43fbff2fe9dacff,bc36ecb96b70fc069c568bdc3a4c0307,delivered,2017-09-08 23:28:38,2017-09-08 23:50:14,2017-09-11 22:09:58,2017-09-22 21:33:57,2017-10-02 00:00:00
a6d6282641341836469627a964ade597,41f52ac8513e661ac4ce7f51f5748356,delivered,2018-01-14 21:00:42,2018-01-14 21:09:28,2018-01-19 17:38:56,2018-01-23 18:55:05,2018-02-08 00:00:00
eb91420251c7666f038332f5dad73962,6c1eceb2c47d0a13fb0e5e70fffded8b,delivered,2018-04-08 19:37:05,2018-04-10 03:55:24,2018-04-10 22:46:31,2018-04-18 22:38:26,2018-05-02 00:00:00
496fbba28bbf72d2b8a2a55cb32b1935,c536c3bb5db2d9e82e22d8bd7a6dfe7b,delivered,2017-10-03 20:26:26,2017-10-03 20:50:07,2017-10-09 18:35:15,2017-10-17 19:49:57,2017-11-03 00:00:00
750a04aefe91727a7ab2b2d3f2beba3d,683ea4e05524b7d01d01a91b7bdb3ac0,delivered,2018-03-06 09:30:42,2018-03-06 10:09:27,2018-03-12 11:33:05,2018-03-21 14:38:43,2018-04-04 00:00:00
b273023a4d0b9c3457f70b641bd1cf05,a401ee79bb706bb1bcc92cd4ab2f673d,delivered,2018-03-27 14:13:06,2018-03-27 14:28:56,2018-03-29 13:04:27,2018-04-03 12:11:54,2018-04-09 00:00:00
7d6c4ad2ef9aa4fd39883634d870fef5,dbc7c52525708e166c5888710cab9220,delivered,2018-05-18 10:55:10,2018-05-19 03:15:32,2018-05-21 10:08:00,2018-05-22 21:04:43,2018-05-28 00:00:00
85b1e09d7a230790544ffb86902bf77b,10c23e73ba4e0d1dba0fcb959305ecf2,delivered,2018-06-05 11:35:51,2018-06-05 14:31:34,2018-06-05 14:25:00,2018-06-06 13:46:01,2018-07-19 00:00:00
dcbc872c5cda84c5d6373c44570b4889,04d8d0c6bd78f05603c4f61c2b70447f,delivered,2017-10-18 09:01:31,2017-10-18 09:14:18,2017-10-18 14:40:23,2017-10-23 21:29:00,2017-11-06 00:00:00
71564d5e5450bf310e411bc3087b2903,d515bf2f113f96d3dc8907c00ba6f590,delivered,2018-06-16 13:26:20,2018-06-19 03:36:56,2018-06-19 10:54:00,2018-06-22 18:37:47,2018-07-24 00:00:00
7d111bfefec4ae36c7554a594fea3afa,ccb2e5b49e285395e26a9027a193b609,delivered,2017-12-08 00:08:23,2017-12-12 03:57:27,2017-12-14 22:35:05,2017-12-15 21:43:03,2017-12-27 00:00:00
6dcdbb1cc784cdf5844882a1f99e8d59,b83afb5eb04c3e8bcd0fb3f903f02ec0,delivered,2017-09-27 16:55:41,2017-09-27 17:14:16,2017-10-02 20:22:47,2017-10-11 20:48:50,2017-10-31 00:00:00
8acd3c67960fe58a4eeed4d38cb3d578,f478c41eaf614ede7ac0fcf64a043e58,delivered,2017-12-01 09:43:01,2017-12-01 11:31:37,2017-12-05 01:53:32,2017-12-26 23:59:41,2018-01-02 00:00:00
c4d20fe1dfc53b381d64e96abf1a1bea,101b3c2f6da57c42f272322f0fa427ea,delivered,2017-10-21 17:59:18,2017-10-21 18:14:14,2017-10-24 17:49:54,2017-11-03 20:07:48,2017-11-23 00:00:00
2a3d1cc4337b1cc9157560f6b1ca5802,73c69c8a9d541d145648ae9cffc3aa2e,delivered,2017-01-25 17:52:31,2017-01-27 21:31:57,2017-02-02 13:07:55,2017-02-10 08:43:49,2017-03-16 00:00:00
8ee3d811c7a49f0f3be646dfb3489e75,5054aeef991ce66d45d9a75a5e157cab,delivered,2018-05-28 14:52:34,2018-05-28 15:15:44,2018-05-29 13:33:00,2018-06-05 20:07:38,2018-06-20 00:00:00
3c113bd44b17824938911bd89a2df4f7,3426a97512a410ca4147a90fe4ceca55,delivered,2017-10-13 10:57:04,2017-10-13 11:14:22,2017-10-18 13:04:06,2017-10-25 18:53:58,2017-11-09 00:00:00
b1ce4c5e6ca283609965c55ad9583d45,fc5e431acfefa67d9c63b5e2df979c17,delivered,2017-11-10 08:56:52,2017-11-10 09:07:07,2017-11-10 21:33:13,2017-11-20 18:53:03,2017-12-08 00:00:00
f25e32d51127cbef9f269ecae2c83573,9db4ccd0f8b1b542f5b7069d6bbf27e5,delivered,2017-08-21 13:40:40,2017-08-22 04:16:11,2017-08-23 13:39:58,2017-08-24 17:34:10,2017-09-04 00:00:00
6ae2e8b8fac02522481d2a2f4ca4412c,9d492dbb767938d56a38926aa1bfa5ab,delivered,2017-11-30 22:27:48,2017-12-01 10:31:49,2017-12-04 18:03:49,2017-12-19 20:54:30,2017-12-28 00:00:00
3be070ae2edd92621c933c5341674b4e,9f7a3eae3a5b96c05358e8308e4db1b0,delivered,2017-11-24 04:14:51,2017-11-24 04:28:35,2017-12-02 00:29:07,2017-12-28 14:05:02,2017-12-27 00:00:00
e0f96cc1ba052fe2de161845c9f24ab0,b5224a10c14a03345a76d65f3c88da7b,delivered,2017-05-01 17:38:41,2017-05-03 11:42:51,2017-05-03 16:07:14,2017-05-24 10:49:53,2017-05-25 00:00:00
e061774175ff51ccb6cfaeba1bd08121,08cc70c459fa8a8aca0c4effebd8d083,delivered,2018-07-25 22:51:13,2018-07-25 23:04:14,2018-07-26 14:41:00,2018-08-08 23:38:38,2018-08-14 00:00:00
fef9630717f341d93127dbf1d27650c9,f3ae118e5eb686a675b68f49b722cc79,delivered,2017-08-24 13:16:44,2017-08-24 13:25:21,2017-08-25 15:37:33,2017-08-28 20:49:07,2017-09-06 00:00:00
c260d944a07210c4fabf8b7d67ac8d6f,beef567db073a74452c5ea8c1d763632,delivered,2018-06-18 13:34:26,2018-06-18 13:55:47,2018-06-20 15:28:00,2018-06-22 18:28:32,2018-06-28 00:00:00
b06bc7a576465f0015213ab5ab899ef8,e4ab019151433cd8630e3832c48602e5,delivered,2017-10-31 23:01:54,2017-10-31 23:15:23,2017-11-09 21:38:51,2017-11-14 23:09:09,2017-12-05 00:00:00
28b4f492a0090383fa9335dc5c4a2a68,dbda711f444cb1b3de04981c2914dfd2,delivered,2018-05-17 21:36:16,2018-05-19 03:12:48,2018-05-21 15:32:00,2018-06-06 01:04:43,2018-06-07 00:00:00
106b004da4aaa8f41d0115b6a7829a1a,287727ec8b614d295c75cc4f52d401ac,delivered,2018-04-26 16:05:23,2018-04-27 03:51:00,2018-04-27 11:19:00,2018-05-06 17:39:02,2018-05-10 00:00:00
045b7b7bf230ace5044f87ad5de18dd0,e79f01cdfb606795e097bc5cd880ab90,delivered,2017-10-23 16:01:09,2017-10-23 16:14:31,2017-10-24 18:53:40,2017-10-27 22:07:45,2017-11-09 00:00:00
5b55ee8a50b508709962ccc9eba0de7f,eb18708944fc7cd5c0eb37c6e34944e7,delivered,2018-07-19 10:12:08,2018-07-19 10:25:18,2018-07-19 11:22:00,2018-07-24 14:59:54,2018-08-16 00:00:00
deb9ebf182337ea635032e7f0336b27c,60ca9940a37e53472bb518dd85c53e3e,delivered,2018-04-08 11:56:10,2018-04-08 12:10:15,2018-04-09 23:11:14,2018-04-13 17:42:49,2018-05-03 00:00:00
a4d50b937362e8e372a220a53489d59f,866abfca22fc51feacb9e9b1e8746632,delivered,2018-05-01 18:28:01,2018-05-01 18:54:08,2018-05-02 07:58:00,2018-05-11 02:05:27,2018-05-29 00:00:00
48ac32ed1e21461290225e95370ff81e,a4c1c5d47a7f61ca2fb8071d393d1f3d,delivered,2018-03-28 18:42:36,2018-03-28 18:55:21,2018-03-29 22:33:03,2018-04-05 01:48:28,2018-04-16 00:00:00
338d2237cff9d84c960705a68b88c638,e448981d531c5708df0b2dd15692d246,delivered,2017-08-10 10:14:39,2017-08-10 11:25:14,2017-08-10 19:37:46,2017-09-19 13:35:46,2017-09-11 00:00:00
d6cb7abec3164d194483906f3702748a,8d703a4c0190b5916ddf0a85a9a87552,delivered,2018-03-07 22:02:23,2018-03-09 02:35:30,2018-03-09 20:03:25,2018-04-11 20:07:37,2018-04-04 00:00:00
7ad884181871bf82929ca14b7225567e,758cf43c15d1a6b8129056272e212501,delivered,2018-05-04 13:59:10,2018-05-05 13:50:27,2018-05-09 15:56:00,2018-05-22 16:32:21,2018-05-25 00:00:00
a1c5b8eba637b48817627f4713aa7ec6,3868c59da4413ad3992665dd89cc56f6,delivered,2017-11-29 11:20:40,2017-11-29 11:37:50,2017-12-04 22:14:09,2017-12-08 00:38:49,2017-12-21 00:00:00
71b91036973ff7a67b9a17a8a20d3b9c,0e8d765796aac54580fe7f1a3a6c5e86,delivered,2018-08-07 08:23:17,2018-08-07 08:44:45,2018-08-08 12:40:00,2018-08-15 19:58:15,2018-08-17 00:00:00
9547786c84d40d35e99e684fdb1fe97b,2d03db889b90c84079a021f7997fc757,delivered,2017-09-14 09:47:20,2017-09-14 10:03:59,2017-09-14 21:34:37,2017-09-26 18:43:04,2017-10-05 00:00:00
4574345c7d99730212061b6152f81928,e1f76c1aaa186dae7a044dcbc8a14e7a,delivered,2017-09-12 15:29:33,2017-09-12 15:44:19,2017-09-15 14:05:17,2017-09-22 17:39:56,2017-10-03 00:00:00
ac13d782734edd6b595ba54850c1431f,5a011a1c60682c0d99f830005b70ce29,delivered,2018-07-20 22:25:17,2018-07-24 11:33:05,2018-07-25 11:55:00,2018-07-31 19:22:10,2018-08-07 00:00:00
0ca29d76f0116d46b7b5f364523feb38,57ed67c3bc4ffafc8b6f7ef565d4a8f7,delivered,2018-05-12 06:27:53,2018-05-15 03:55:59,2018-05-15 11:33:00,2018-05-22 19:42:53,2018-06-04 00:00:00
f05ef3ecdb7796d93e204c0a7ab76759,98fb13b264449f06da6834b86e0693a8,delivered,2018-05-30 20:36:20,2018-05-30 20:55:41,2018-06-01 13:51:00,2018-06-06 19:39:03,2018-07-12 00:00:00
219c1d95491f8241fc2bff3a511c9ad1,4f2997ab0d3af91e76b6f878f6b0974e,delivered,2018-01-18 21:40:03,2018-01-18 21:57:26,2018-01-19 21:03:24,2018-02-01 22:42:42,2018-02-20 00:00:00
67df7d7a6bf05ffafc79fa2a771f9f6f,8a31acd6bdd796b96b5cde8325da7c41,delivered,2017-09-26 19:16:04,2017-09-26 19:46:10,2017-09-28 18:52:34,2017-10-03 22:19:56,2017-10-18 00:00:00
33761272008199bba1bb9a298bc8941b,fc05d47a498e95d77cbbf3d2e0f52e96,delivered,2017-12-11 21:56:35,2017-12-13 02:49:45,2017-12-13 19:58:05,2017-12-26 21:52:13,2017-12-28 00:00:00
d3660059f5d2ec500340d1bb2131bab3,72db73a033e83f15b192a35675a7884b,delivered,2018-08-03 10:53:42,2018-08-03 11:05:17,2018-08-03 11:38:00,2018-08-10 23:04:35,2018-08-21 00:00:00
7612c382d0e90dec41ead203963e8726,5147a6bf08c43e10cf8631cdcd0825b6,delivered,2018-05-31 22:06:57,2018-05-31 22:32:24,2018-06-04 14:04:00,2018-06-07 19:03:51,2018-07-16 00:00:00
b9f4e13f3e9c4a4d2440822966a25866,7dfc9da5b9e6a4d65dd24d91d69db07e,delivered,2017-10-19 13:02:43,2017-10-19 13:21:30,2017-10-25 21:07:34,2017-10-31 21:37:57,2017-11-08 00:00:00
3474c37ad7067402582a2852a08015f7,85bb769857d427c1ff461c9ae828c71b,delivered,2017-09-09 11:40:50,2017-09-09 11:50:15,2017-09-11 22:04:09,2017-09-19 00:09:02,2017-09-28 00:00:00
233da90437ba0d4dcbe22506b45612ea,08c39e2aafb61665f838819f53a16657,delivered,2018-07-29 17:32:34,2018-07-31 03:55:12,2018-07-31 13:51:00,2018-08-03 18:51:34,2018-08-14 00:00:00
185e7ea81e4cf0fc1d2f4e8e38e8e7e3,f23c4b530f6d7d421de1e38d3e0cc327,delivered,2018-05-28 22:39:59,2018-05-30 02:32:13,2018-06-01 08:51:00,2018-06-18 22:12:25,2018-07-31 00:00:00
41929ebe6ccc16768bbe9d5977c470b1,76fc04d3933d98cc61911a19a2b42651,delivered,2017-10-14 19:15:33,2017-10-17 04:09:34,2017-10-17 15:07:50,2017-10-27 18:47:39,2017-11-09 00:00:00
6b6291ce14ed6c6cd2df883635e6c704,b10d75093b79892be584f21b93a7fb35,delivered,2018-03-21 12:40:22,2018-03-21 12:55:33,2018-04-03 23:05:39,2018-05-06 13:24:43,2018-04-13 00:00:00
ebd7da4bdaffcf5891595b0f78707bba,bb1ce320b57af82c3533ba0d75739f7c,delivered,2018-07-28 14:44:00,2018-07-28 14:55:17,2018-07-30 12:27:00,2018-08-08 23:31:48,2018-08-22 00:00:00
6387d1713f3052d1cb4e59cc46a3a459,3c3e0d4f138dc3ac52405ed53ba85f8e,delivered,2018-01-24 09:38:40,2018-01-24 09:51:42,2018-01-24 18:21:33,2018-01-25 23:44:13,2018-02-08 00:00:00
69177e2a4ded7df4cffeb0b2a0e3a62e,7cc2f5bfeab9cbfdf0e4b9d29a35e898,delivered,2018-01-09 00:58:38,2018-01-11 03:09:21,2018-01-26 18:48:32,2018-02-05 18:38:35,2018-02-14 00:00:00
743277e5089af7df0cbd543c93e5d852,1d5df2931e99249a390507fe1309db45,delivered,2018-07-06 11:43:14,2018-07-12 03:26:04,2018-07-12 15:11:00,2018-07-13 21:46:33,2018-07-23 00:00:00
86cd8ffe3eccc0207618a3187a294ea1,c21afced8495ad11eae409dca73ce140,delivered,2017-08-13 22:06:23,2017-08-13 22:23:54,2017-08-14 19:23:33,2017-08-17 19:15:32,2017-09-05 00:00:00
48e0f73d711eb4ed4af26c3e901e5b4d,3c25ef6b21609fb9841d53486a453dee,delivered,2018-01-22 00:41:22,2018-01-22 14:06:16,2018-01-24 00:48:16,2018-02-01 01:25:38,2018-02-20 00:00:00
ffb2c3a5bb149a2f860e5d057096201f,de58a2005b3c3a659af894c10d046399,delivered,2018-05-03 20:12:46,2018-05-03 20:31:09,2018-05-07 14:21:00,2018-05-12 17:22:32,2018-05-21 00:00:00
53c6881417e68018f3caf8efba6a72d5,87d4558ba089b9de00cd95e95f1d3c1b,delivered,2018-04-27 21:16:06,2018-04-27 21:30:29,2018-04-30 14:43:00,2018-05-02 22:16:43,2018-05-11 00:00:00
4cf27cd829748acdd11dfe19fe746e8b,585ea62b22e7805f0300e27a091c9d52,delivered,2018-02-12 22:05:11,2018-02-15 03:55:42,2018-02-19 23:25:17,2018-03-15 15:37:36,2018-03-12 00:00:00
afa55ffba5406e8d57a55d54dbc341dd,a48fa1f24d7f797f5c81c688f141a401,delivered,2017-07-01 15:11:07,2017-07-01 15:23:55,2017-07-04 09:43:20,2017-07-12 19:04:39,2017-07-27 00:00:00
3da024a05d8a0394947d8a4dbfacb15b,da42c4f5f48db6c2e09ae4fef214098a,delivered,2018-06-24 21:10:34,2018-06-24 21:33:53,2018-06-25 14:36:00,2018-07-03 22:12:16,2018-08-01 00:00:00
65cc3a9e78ce5bdfab69c2b1f98ab7aa,e1275b4bca1321a1d6fe6a7ca7d7f444,delivered,2017-06-05 13:09:46,2017-06-05 13:22:19,2017-06-08 16:36:35,2017-06-19 19:46:53,2017-07-04 00:00:00
351c9272da4d3af9d74d3b30ee84cdde,d398ba7b07e152f0a90538e6c0a9be96,delivered,2018-02-17 12:47:04,2018-02-17 13:06:39,2018-02-21 21:04:22,2018-02-28 22:23:37,2018-03-14 00:00:00
8cb3659728a1beea766bb63eaa1cd1f9,bb2c661d1ea302f88d64aa23ca35d269,delivered,2017-11-21 14:01:29,2017-11-21 14:10:32,2017-11-27 23:31:29,2017-12-19 22:49:15,2017-12-12 00:00:00
3396c76572477649afb42b741f245a12,eb545dff3d570e77ccfdef726b704622,delivered,2018-06-22 13:09:45,2018-06-22 13:40:04,2018-06-25 15:25:00,2018-06-26 18:51:28,2018-07-05 00:00:00
1ac7f4db91b508245c27b68092a2d401,adc9db4fc4f60b344847267dc51e7068,delivered,2018-05-27 18:33:39,2018-05-29 03:35:18,2018-06-05 12:08:00,2018-06-22 14:56:53,2018-06-25 00:00:00
0dd9f7281057d5bc3e2c64016de476d6,ededff5a5c43311f63b562b9d015d68b,delivered,2018-04-07 10:15:31,2018-04-07 10:28:20,2018-04-12 23:19:42,2018-04-26 22:12:59,2018-05-03 00:00:00
c622010ce183b9efa54f08a664a2a546,b6ef46eadc232bf96ca157780c4a873b,delivered,2018-01-14 15:11:08,2018-01-14 15:18:22,2018-01-16 22:20:04,2018-01-22 17:41:45,2018-02-06 00:00:00
7ae97f48d1e1624e8baae4a3faee4837,47046a7bf901f66a12fa296a5982f5ad,delivered,2018-05-26 19:31:27,2018-05-26 19:49:43,2018-06-13 12:19:00,2018-06-21 17:36:34,2018-07-13 00:00:00
6e9b3d5868d4efc61bfafde4d03c6ae2,627af1392ef0888465cefc9f73a682c7,delivered,2018-07-19 07:52:33,2018-07-20 04:45:06,2018-07-23 08:58:00,2018-07-27 21:32:44,2018-08-02 00:00:00
34d9e89f7b783901742e22fdbd182a59,e0ab3a35e656478daf236f8b78091496,delivered,2018-05-09 19:00:46,2018-05-10 18:57:41,2018-05-11 14:19:00,2018-05-17 19:48:47,2018-06-04 00:00:00
55e9283a19ea152d7047c8be0f5009e4,21f6903534863701705759b243730c58,delivered,2017-12-06 22:13:31,2017-12-06 22:32:57,2017-12-12 19:35:28,2017-12-27 23:21:31,2018-01-04 00:00:00
29b5fb8fbe3ab424950e7dc90172f6d4,4a1937b48a2a0944416d7a287886b9c2,delivered,2017-12-19 09:06:37,2017-12-20 07:18:30,2017-12-22 17:34:53,2017-12-26 13:12:24,2018-01-17 00:00:00
6dbbe1fc68ddafdaa158c5ad25ddef2e,b91007c2341381d46400986511527c1f,delivered,2018-05-27 18:35:05,2018-05-27 18:55:08,2018-05-30 11:51:00,2018-06-01 13:13:03,2018-06-20 00:00:00
c56ae3a36b8942fb185a2c02c46fba20,762de17a4530e0d81d11141138505c4a,delivered,2017-05-11 22:09:26,2017-05-11 22:22:35,2017-05-15 11:42:05,2017-05-19 11:21:20,2017-06-08 00:00:00
0abac83f9a40f360405460623503df7d,98baaf70b26bcffb3afc2832343f350f,delivered,2018-05-12 20:38:34,2018-05-12 20:50:42,2018-05-14 07:43:00,2018-05-21 19:28:49,2018-06-05 00:00:00
5c60201855c651a0c7a1709102d55942,cc27bf63205ccfdc2bd7bc007c8b775a,delivered,2017-11-19 20:13:45,2017-11-21 03:48:25,2017-11-22 23:48:49,2017-12-02 00:32:42,2017-12-18 00:00:00
5f8af87da2123c6841b3941b3b5f478e,d4f33d75831b7cfcfb2cbede8e0c7cbb,delivered,2018-08-07 22:22:31,2018-08-07 22:35:18,2018-08-08 15:47:00,2018-08-10 17:57:59,2018-08-21 00:00:00
ce5eadabf0e48dade2984241ef439a9d,b7df53a300123d644d908e5972f24979,delivered,2018-04-04 10:38:44,2018-04-04 10:55:20,2018-04-05 22:41:23,2018-04-06 21:04:11,2018-04-16 00:00:00
6eec08eba397611760a7ccd3cd4aa98b,c142fd8186cfdd8c1ef9957f24a419fe,delivered,2017-09-06 09:58:22,2017-09-07 10:34:36,2017-09-11 15:43:29,2017-09-12 17:39:56,2017-09-19 00:00:00
a3bbe9aebc3d205399f59fadf59e9d42,605355966ecff2dee386b804d4929d30,delivered,2018-07-13 13:19:04,2018-07-13 13:30:25,2018-07-17 13:58:00,2018-07-20 19:03:51,2018-07-31 00:00:00
97291e812341c4a06c5614415aa9354a,587844f18dd724c6865c9067e6d01550,delivered,2018-04-25 12:03:39,2018-04-25 13:10:39,2018-04-26 10:40:00,2018-05-07 16:56:27,2018-05-21 00:00:00
e7d9d1c03c10e6edb7aa4a91581cf871,67f2eeff41637d03b7a7dac88c29404f,delivered,2017-09-24 15:03:45,2017-09-26 03:56:30,2017-09-26 19:24:41,2017-10-04 18:56:01,2017-10-19 00:00:00
5154e5ccfca219d687ea397ab3b64f34,f05818797057c484bbb553b2f08702a0,delivered,2017-10-24 21:22:15,2017-10-24 21:35:23,2017-10-25 19:27:55,2017-10-26 16:04:16,2017-11-06 00:00:00
b87d022960af41494c2f57c172b5396d,fe0c532175a77ee3eff43675c8a92463,delivered,2018-05-03 17:40:02,2018-05-03 18:14:55,2018-05-04 16:04:00,2018-05-28 18:03:26,2018-06-06 00:00:00
1e54ddebe12a41afeba0ff4dff0613f8,12e316915fbac49913add2f1a53b05f9,delivered,2017-10-03 07:24:06,2017-10-03 07:49:10,2017-10-06 21:00:15,2017-10-13 18:57:37,2017-10-30 00:00:00
311354a710a3326281f5ce1ff0149d09,e53c578177e0730ed942ea9b1e0ae7b8,delivered,2017-08-16 16:11:34,2017-08-16 17:30:19,2017-08-21 19:55:03,2017-08-25 22:19:48,2017-09-11 00:00:00
9ca29d49222112b86ede739f9a9dfbeb,be727cb4f334f5d737a6cd88c4347acb,delivered,2018-07-24 20:34:02,2018-07-24 20:50:28,2018-07-26 12:48:00,2018-07-30 15:24:49,2018-08-07 00:00:00
7912f07c4d90e539b2b8f9572eea81df,994a3815cfc229c94b3a9ec93d33d7b9,delivered,2018-03-13 09:56:05,2018-03-13 10:30:48,2018-03-14 16:38:22,2018-03-23 15:26:46,2018-03-29 00:00:00
7bf010be3a0b710cdefe0091b13ddc6f,b8b6fb1459833a7facf8556729f93edb,delivered,2018-07-18 13:36:01,2018-07-18 13:50:17,2018-07-19 15:10:00,2018-07-20 18:48:31,2018-07-26 00:00:00
3ac72d6b4d6ecee25955544a54657e3b,cb9138d82ee6d6c847c8edbfbb02e312,delivered,2018-04-02 17:01:05,2018-04-02 17:10:20,2018-04-03 22:43:38,2018-04-16 20:40:42,2018-04-23 00:00:00
9c47dc2d2e34ad6997e0a361c21ee9f9,9f8e23f657ad77d3dc2139be3941a58c,delivered,2017-09-22 10:53:32,2017-09-23 02:25:04,2017-09-27 18:57:47,2017-10-02 18:25:25,2017-10-17 00:00:00
63a7d8b766dfafbbb7d9ed520a62f800,2e59a9620e322e713931ada85519ece9,delivered,2017-05-28 18:26:10,2017-05-28 18:35:21,2017-05-29 09:07:28,2017-06-03 10:03:52,2017-06-21 00:00:00
797834b0b8c2be7b7033838ffead123a,eed97b1cc75ca85261a0402b4c743ccf,delivered,2018-01-27 02:16:40,2018-01-27 02:40:02,2018-02-02 15:57:52,2018-02-05 15:02:46,2018-02-14 00:00:00
e0b6e95c36638b633c19b0aa5ce47516,7dcdad5d0fa6c24c72a9723226e3eff4,delivered,2017-12-11 12:17:03,2017-12-11 12:31:01,2017-12-13 01:13:26,2017-12-22 22:59:45,2018-01-08 00:00:00
c19f4aa0a70f9b901b473677853e186c,cffb143b23ce7fed529c25d270de25a8,delivered,2018-05-19 13:20:10,2018-05-19 13:39:48,2018-05-21 15:40:00,2018-05-23 17:42:49,2018-06-01 00:00:00
e747b099854432937d27178c640102bf,15cd6d28330a079fcdcd23372d2930c6,delivered,2017-09-27 09:20:53,2017-09-28 03:34:20,2017-09-28 18:25:05,2017-10-03 21:29:01,2017-10-13 00:00:00
b3abe697965039908d3203cd063a2ce6,5feb65652220fea019c7efd7146849d4,delivered,2018-07-31 14:45:52,2018-07-31 15:40:20,2018-08-01 16:01:00,2018-08-02 14:08:45,2018-08-08 00:00:00
3a69e8bb802e34036e7ef8f6e0f466ea,a73c6cbaa47b964449deabe357bbb8b0,delivered,2017-08-01 13:15:31,2017-08-01 13:30:13,2017-08-02 16:09:50,2017-08-09 19:00:00,2017-08-23 00:00:00
dc43d5f57ffe55850a557219c8fb0908,481cbc746dfc704f82c29b414d698c6e,delivered,2018-03-03 12:28:17,2018-03-06 03:50:46,2018-03-09 21:36:21,2018-03-21 22:56:45,2018-03-21 00:00:00
eedec29739b2cc663575699ef0395f43,9a3dfdeb5cafabf423b7b55a31e7ab47,delivered,2017-12-14 10:47:13,2017-12-15 02:17:31,2017-12-18 20:33:30,2017-12-21 20:49:07,2018-01-04 00:00:00
a4da095fd83534c9f86f28e6f7eea0e5,3e277dd291df189c1328735fa3137686,delivered,2018-03-27 13:55:54,2018-03-27 14:07:50,2018-03-28 21:36:51,2018-03-29 22:37:41,2018-04-09 00:00:00
ff74e94493932bd63924387d576ed9b9,d31dcc0549802457751f20cf5cad0dd5,delivered,2018-07-23 11:36:07,2018-07-23 14:31:39,2018-07-24 14:50:00,2018-08-10 22:35:31,2018-08-13 00:00:00
2e59385ec33f6734c6e53346083771aa,92d18deff562d7fd00f78b2360cf7e55,delivered,2017-10-31 22:40:47,2017-10-31 22:55:15,2017-11-03 20:32:51,2017-11-29 20:58:55,2017-11-28 00:00:00
54f035e8fe3aed77e2f08fe415f0fc11,c2c57f3857ae54ec7a8bfad01d7e9834,delivered,2018-05-18 07:54:29,2018-05-18 08:14:19,2018-05-18 09:11:00,2018-06-08 12:06:55,2018-06-08 00:00:00
30a2a8e6ef2552f025074bb8b55dbd88,1c5a1cf9139b1ee9d22154f6a1af7954,delivered,2018-06-18 17:06:08,2018-06-20 02:55:07,2018-06-25 15:01:00,2018-06-29 21:46:00,2018-07-17 00:00:00
d16d1d91feaf7e5d293ea1ebb0a60b7f,a6fbea1bf9c455de2ba3f34d3564f5a7,delivered,2018-01-03 19:05:58,2018-01-05 17:08:34,2018-01-08 20:38:12,2018-01-09 15:30:19,2018-01-19 00:00:00
81735ad6dd715a3327f0c2faaccfd559,d1e1f84b1f9ef74ba87d2beb2985b05b,delivered,2018-07-03 07:24:52,2018-07-05 16:32:16,2018-07-06 08:55:00,2018-07-20 18:12:29,2018-08-03 00:00:00
342d167b1d92106f9aa3dc7c963bdefc,bdfea960f3ebb5e69dd14408948c6150,delivered,2018-06-28 18:25:08,2018-06-28 18:49:53,2018-06-29 14:38:00,2018-07-13 00:21:35,2018-07-27 00:00:00
83ca4ac8af7cb175c24225800f0e5abe,5d4aace3120cc536cff20637f15cc987,delivered,2017-02-07 20:57:58,2017-02-07 21:10:08,2017-02-13 02:25:24,2017-02-17 09:54:29,2017-03-10 00:00:00
5849288b1fecd09bf57fcb568162b365,7f52447b010fc613a7ea3b7718b6e7e9,delivered,2018-04-28 19:36:03,2018-04-28 19:51:06,2018-05-02 12:20:00,2018-05-08 22:11:44,2018-05-29 00:00:00
4b5648d8399ea47a4c323499045aaefc,efc8789bf5e94bec5ad00989e400776b,delivered,2018-01-24 08:41:17,2018-01-26 03:16:34,2018-01-26 19:08:50,2018-01-31 19:41:14,2018-02-16 00:00:00
5e444d1399cf9f3de87152edcb0ff8d6,1d2900a05deae2e263b233eeecfda1ad,delivered,2017-03-31 07:55:21,2017-04-04 05:55:22,2017-04-05 08:55:37,2017-04-18 15:44:40,2017-05-04 00:00:00
a27544b4fea081b6353b05318c2d7944,5af63a2d0df1794fb3f30708e1d4cf4b,delivered,2018-05-19 10:51:33,2018-05-22 08:57:01,2018-05-23 15:22:00,2018-06-04 15:23:39,2018-06-08 00:00:00
8cd07081d58878c95b461ac929fbc23b,b1082cf3c15c62400465f967a8497616,delivered,2017-09-30 16:58:08,2017-09-30 17:14:10,2017-10-02 18:46:27,2017-10-06 20:27:28,2017-10-31 00:00:00
08b986f813ffdc9e5872992aaabf796f,aea2cf4df1922144129a0e8c2353a8cd,delivered,2017-05-07 17:16:27,2017-05-07 17:30:17,2017-05-08 11:44:48,2017-05-19 11:31:59,2017-06-12 00:00:00
fa0f0d1f0217a8e31b498715069cf94f,bc0030a83d0030a9030331ae69ba97ff,delivered,2017-04-25 16:31:43,2017-04-26 17:05:13,2017-05-09 10:23:20,2017-05-12 14:46:59,2017-05-25 00:00:00
46b18707c8d227291f47dcb0348320ee,f0403f63bdb7c4d65529edc5f97e7566,delivered,2018-02-18 22:17:02,2018-02-18 23:26:58,2018-02-21 23:57:05,2018-03-28 17:06:44,2018-03-16 00:00:00
4e20d40902680dc223804050c2461abd,8c4946e7875097b10d6f021732685fa2,delivered,2018-01-14 20:48:53,2018-01-14 20:57:25,2018-01-17 21:04:26,2018-02-09 17:22:33,2018-02-14 00:00:00
9f158c87c1efef80cdc83375b0709f52,0355d9908ea1ed8e05ac5402d84e250d,delivered,2018-03-27 09:16:17,2018-03-29 03:10:18,2018-04-05 17:22:48,2018-04-09 15:28:19,2018-04-09 00:00:00
be7d02ed4f9ec9a43ac0f6adade17ade,0ddf8285e8d523864efdb434122f13fb,delivered,2018-07-03 01:55:39,2018-07-05 16:23:22,2018-07-03 19:26:00,2018-07-04 15:33:58,2018-07-20 00:00:00
6e717532e0002abd1bdb69428673bbce,8171ac734467c1cd84d15c6ede5ee70c,delivered,2017-10-24 09:53:54,2017-10-24 10:07:13,2017-10-26 21:09:58,2017-11-27 19:13:13,2017-11-28 00:00:00
4436e626db9585e2b35ab07c45ddaf2f,f83827c27a34ead29520a2c1713f4f1c,delivered,2017-11-26 16:51:13,2017-11-26 17:15:41,2017-11-27 16:43:14,2017-12-20 12:26:55,2017-12-26 00:00:00
8ac5b235603eee2e21e36261b2df536c,2ea5983ec2edde5dcba726ea64e9fadb,delivered,2017-11-27 11:26:14,2017-11-27 11:35:41,2017-11-30 16:41:39,2017-12-05 21:32:09,2017-12-20 00:00:00
481075dd01a45aee93425cfdf090a8ca,b4f98a2a8fcc3ce83778e182b1560400,delivered,2018-07-27 06:35:31,2018-07-28 03:35:15,2018-07-31 15:40:00,2018-08-07 15:59:30,2018-08-22 00:00:00
1b48e0e9948536f454c10a2a97426f11,ef818121a19d344c36de34bd067b03c7,delivered,2018-05-03 15:19:21,2018-05-03 15:35:09,2018-05-15 07:39:00,2018-05-23 16:22:52,2018-06-06 00:00:00
8a1a4c9d81475d4f07d558d04598e00c,853fb87bfc4f12205fd6a0f05109b995,delivered,2018-05-09 03:57:23,2018-05-09 04:35:17,2018-05-09 09:24:00,2018-05-14 18:38:49,2018-05-29 00:00:00
9fbe5608458157efcf49b7aa98a8de21,ec0e36562424cb40524a6f9052249aeb,delivered,2018-04-26 00:06:09,2018-04-26 00:30:50,2018-04-26 13:42:00,2018-04-30 19:11:52,2018-05-21 00:00:00
840d56f863cce183ed7b2340fe33a3b6,df79fbae197eb69df5ab1be54bc049e6,delivered,2018-06-18 08:59:45,2018-06-19 04:16:51,2018-06-20 14:24:00,2018-06-21 21:05:41,2018-06-28 00:00:00
5ac6fb158e2f86376ad4f890ab300aad,68027fa28677c1800203d22af1ed6b51,delivered,2018-04-01 20:09:36,2018-04-01 20:27:46,2018-04-02 22:04:34,2018-04-03 14:22:27,2018-04-12 00:00:00
15ccd194a9fbbf9a0f31cfbf5c6677b7,792c7b0e8798d72b66e1a6ab58c8eb4e,delivered,2018-03-09 11:20:51,2018-03-09 11:35:25,2018-03-13 21:48:35,2018-03-26 23:04:03,2018-04-25 00:00:00
75cc0defdf90cda65066ce0ac171e2ab,50dfde165a2543d1410257c2593f5843,delivered,2017-10-08 16:49:21,2017-10-08 16:56:27,2017-10-09 20:28:10,2017-10-14 15:43:39,2017-11-06 00:00:00
f82b736a74919a3cd9432beae1d303f3,b9cdc82dae9ec4c24874e069b0e38eab,delivered,2017-10-17 14:57:06,2017-10-17 15:14:27,2017-10-18 22:19:54,2017-10-25 18:26:04,2017-11-10 00:00:00
0197416059c0e56b5344bf2188066317,bc0a84ea7543ac13807feccb5bfccf4b,canceled,2018-07-26 17:20:23,2018-07-26 17:30:19,,,2018-08-23 00:00:00
41b0c346ca595e5a94067d231e4106af,1f3cf47ae4ff41e66b69ed15d8807e77,delivered,2018-04-14 10:35:21,2018-04-14 10:50:56,2018-04-16 17:08:57,2018-04-27 17:54:50,2018-05-14 00:00:00
9cefab6270eb935eb96a97c56b8e7984,91ec76836092bba85d11761078ed7bb5,delivered,2018-06-07 21:41:19,2018-06-07 21:54:43,2018-06-11 12:16:00,2018-06-15 17:28:42,2018-07-05 00:00:00
ab459ccd2e24ef6d6390517c8b9809a4,fe510f4e4c3ea978c714418b91049d9e,delivered,2017-09-19 22:26:27,2017-09-21 02:45:51,2017-09-22 16:27:42,2017-10-02 22:45:44,2017-10-19 00:00:00
a153ab048aac6f31d89d76a66bb0112b,1819b150ea6eebb9ab2aff49b8c2d01a,delivered,2018-03-20 17:27:50,2018-03-20 17:51:05,2018-03-22 21:18:55,2018-04-05 17:22:29,2018-04-11 00:00:00
e480a56eae420b7fbb29dbca2a7a21c0,18c30412c8d6607acbfcec075960df18,delivered,2018-06-14 03:57:51,2018-06-14 04:15:14,2018-06-14 14:29:00,2018-06-18 16:05:01,2018-06-29 00:00:00
90f5df4b93545613368423eabb62c169,f0e0dbba81ddae5b144193ac233c2265,delivered,2017-05-07 10:06:51,2017-05-07 10:15:13,2017-05-09 09:03:10,2017-05-16 13:42:04,2017-05-31 00:00:00
b1b1f1599820d6e5bfa1f1d74236bfcf,8000019b04e81d5db75e298b308462e5,delivered,2018-04-03 00:01:57,2018-04-03 01:10:09,2018-04-06 00:16:46,2018-04-13 16:11:59,2018-04-19 00:00:00
6eafb3047f5d0c7cadeec9d129f0e4d0,40915d2aa40e340e13b8635cf59048d3,delivered,2018-08-26 21:55:14,2018-08-26 22:10:24,2018-08-28 14:47:00,2018-08-30 01:41:43,2018-09-06 00:00:00
9f0259b267d9512248417a50d54540cf,625edcc188ca609ae2788cda38246c0e,delivered,2017-11-11 18:49:48,2017-11-11 19:10:20,2017-11-16 16:57:01,2017-11-23 17:41:52,2017-12-04 00:00:00
dfc62a9be450bc1488b82749356c90ff,dc0e146d1028aae4e6737f34073a444a,delivered,2017-09-17 01:09:23,2017-09-17 01:25:07,2017-09-19 15:04:48,2017-09-23 14:03:46,2017-10-11 00:00:00
fa363ceded15b46744459dd87ba1e281,8f746bce396cf1dbdf7c8d7490860ed5,delivered,2018-08-09 20:56:38,2018-08-09 21:05:12,2018-08-10 15:36:00,2018-08-16 00:28:41,2018-08-22 00:00:00
2d3b53a594f674cb7c476510f364c430,44df8804e697ce5459df82c94d15b301,delivered,2018-07-26 08:51:12,2018-07-27 02:11:03,2018-07-27 14:50:00,2018-08-13 19:02:36,2018-08-16 00:00:00
eeed74d6d3ce08beef12a41652dfc03d,7991bedd6132df109af2d9735ccde51b,delivered,2017-10-07 17:11:22,2017-10-07 17:24:57,2017-10-10 16:03:18,2017-10-17 23:42:26,2017-11-06 00:00:00
3db26f82a9173b4f87df15e4b6028954,56535b8fdcf51ee5d387b24cfc71e5aa,delivered,2018-06-05 16:32:04,2018-06-07 03:12:14,2018-06-18 10:12:00,2018-06-28 09:08:31,2018-07-19 00:00:00
6e941cee87f8cc0796ccab300f9afc90,43637cfdbe878616b3930aa886f7fc0a,delivered,2017-12-27 10:47:25,2017-12-29 02:09:49,2018-01-02 21:45:49,2018-01-06 14:09:46,2018-01-22 00:00:00
b278e32520c84b90579da72688800ff6,b540304457f0fbc4b43baf7e018f8e5e,delivered,2018-08-19 22:10:33,2018-08-21 04:10:37,2018-08-21 12:07:00,2018-08-29 01:13:43,2018-08-30 00:00:00
f26d3cc4231c7230b8603f2beede9ea9,4449f5b696c59a721893ab94915b6b3d,delivered,2017-07-02 19:43:24,2017-07-02 19:55:12,2017-07-04 15:17:47,2017-07-05 17:39:46,2017-07-25 00:00:00
e7ea0f8156614d3c1bb279fa70085e85,183394fbd1542699bb95665e6347955b,delivered,2017-06-13 11:58:49,2017-06-13 15:32:49,2017-06-13 15:36:45,2017-06-17 11:57:51,2017-06-27 00:00:00
d95feb184596a27a70144e63e635ed5b,a7e7f8dff23d4445f62bebd3c2b0078e,delivered,2018-02-28 20:52:34,2018-02-28 21:08:56,2018-03-08 16:25:49,2018-03-15 00:21:58,2018-03-15 00:00:00
131ca8643d9f990f2ab26e3a33ec7950,21e11bcb4f1fee9d56abf583189acfa1,canceled,2017-04-09 13:58:55,2017-04-09 14:15:06,,,2017-05-09 00:00:00
a1e28dc56f8cf4e569b82f93dfe131f3,bd49f912065ce38f6a946e382e29493b,delivered,2017-09-29 20:48:53,2017-09-29 21:04:28,2017-10-03 15:34:19,2017-10-09 22:03:19,2017-10-25 00:00:00
dcae1a4fbc7d4b516388c70ee2cb9cd0,fe49969f691a19b92762d85744ec8226,delivered,2017-07-18 20:04:25,2017-07-18 20:15:15,2017-07-19 12:12:10,2017-07-24 18:17:48,2017-08-09 00:00:00
7097d0ede6ff53506d935488dbe68d0e,f18c9c2c743235c954d20b22db99addd,delivered,2018-03-01 17:28:28,2018-03-01 18:09:41,2018-03-02 21:46:37,2018-03-05 20:13:15,2018-03-13 00:00:00
9192612efac0b1aa7021bdb29b2f96e3,7bf278be7f3c9dda45b95d5ec2e5f8f1,delivered,2018-01-23 18:34:37,2018-01-23 18:55:39,2018-01-24 20:41:55,2018-01-26 16:05:44,2018-02-08 00:00:00
fe2acdc8b73107a92358adf3005a5433,3f164ed2911cd505baca4a985fa57fcf,delivered,2017-09-02 21:37:22,2017-09-02 21:50:24,2017-09-05 15:18:34,2017-09-08 18:12:57,2017-09-22 00:00:00
21196c30747231d579091396af990f0e,af0b8113382552fc46061dd3a2e1c186,delivered,2018-03-17 09:25:36,2018-03-17 09:35:21,2018-03-19 23:51:34,2018-05-15 18:23:50,2018-04-10 00:00:00
81a3c1a0ea3b09bad9d4e0a6a3683f4e,e05bcc70a42c95be8c4ba141fc5830e2,delivered,2017-12-31 10:07:18,2017-12-31 10:14:30,2018-01-02 16:04:17,2018-01-04 17:38:35,2018-01-18 00:00:00
e2f55ffa361f22212fa093de97e60fec,09277ee4061f1343433859dcdbd838de,delivered,2018-08-03 13:46:47,2018-08-04 12:30:13,2018-08-07 16:54:00,2018-08-13 16:46:56,2018-08-08 00:00:00
2d1e8425264efd28cc7993f5a8ab2c63,c03824cdf2dbec0c161f58640c655398,delivered,2017-12-04 10:50:18,2017-12-04 16:32:05,2017-12-05 15:07:52,2018-01-10 23:09:20,2018-01-04 00:00:00
5d44680d813424f9941feae7cc4cb12b,e172f3db7edcbb3a8de8fd4077a1be8b,delivered,2018-04-03 18:29:32,2018-04-03 18:49:53,2018-04-04 19:54:25,2018-04-06 19:14:21,2018-04-13 00:00:00
0c87b31e37ed8557e234cec91546d4cc,f2c2929ca63895910ff61424f0bc86f6,invoiced,2017-11-11 13:14:53,2017-11-11 13:30:33,,,2017-12-01 00:00:00
6d4cb52fc88ff9535115b7faae8c69c9,96f7db3d99ec562e13488b381df10db4,delivered,2017-12-14 23:24:00,2017-12-14 23:32:59,2017-12-15 23:33:50,2017-12-20 23:22:51,2018-01-03 00:00:00
9913ce9487d390ef37cd3b6cc3883f0e,396327c2beeede33bdfc47d59e31cbcd,delivered,2017-10-04 11:17:57,2017-10-04 11:28:23,2017-10-05 20:43:42,2017-10-19 15:49:09,2017-11-07 00:00:00
060b4964af74f7046c4bfd56ddeeb7e7,6ed05c8a41811fd62c04a36cfabdc3fc,delivered,2017-08-15 21:13:40,2017-08-15 23:10:21,2017-08-18 20:29:30,2017-08-22 17:07:44,2017-09-14 00:00:00
befa6a368509da9057c98129af8321d1,60b2dc4d4414526a06f5fe22755855b5,delivered,2018-03-31 11:59:29,2018-03-31 12:10:18,2018-04-04 20:43:38,2018-04-09 19:08:27,2018-04-23 00:00:00
bd83b6f65b3811546509a46108ba032a,cd44fe8fac60b5e17f76002aa97b2be7,delivered,2017-09-02 14:01:46,2017-09-02 14:15:11,2017-09-04 19:42:19,2017-09-08 21:04:00,2017-09-27 00:00:00
c93fec125b9d71dea70c1fd543683ef3,abd5239bc1c0c611f80ef3c3d2e6ae9d,delivered,2018-07-24 23:07:46,2018-07-26 03:05:13,2018-07-31 14:24:00,2018-08-20 13:08:51,2018-08-29 00:00:00
9725871b2a067d972355980be11e7d1d,10485a34b74fc55cb3502f137335a9f0,delivered,2017-10-18 17:23:28,2017-10-18 17:37:11,2017-10-19 18:48:28,2017-10-24 17:13:48,2017-10-30 00:00:00
e9f0c4fe73c293e664edaa5e8a9b04eb,5bc63bfa9fad976413b01b4b6d3f2874,delivered,2017-03-19 22:05:51,2017-03-19 22:05:51,2017-03-21 11:29:44,2017-03-29 11:28:05,2017-04-19 00:00:00
e3a6058779988efb31c8de43676a8783,64efaeaf280d89a6f2a4134d2a677c87,delivered,2018-03-06 14:44:08,2018-03-06 14:55:59,2018-03-08 14:34:12,2018-03-13 21:41:46,2018-03-16 00:00:00
d81f58104990dbe67a63f3001b38b218,7b2081c8a1726c88f22ee93b17d29156,delivered,2018-03-04 19:39:01,2018-03-04 19:50:28,2018-03-06 20:49:00,2018-03-19 23:52:18,2018-04-03 00:00:00
7ec00b7266a2e8826ba86a7509fb7939,f6920373a8a14434f959e893a803a48d,delivered,2018-06-28 09:27:34,2018-06-28 09:51:09,2018-07-02 14:22:00,2018-07-05 18:56:39,2018-07-27 00:00:00
e1010fc08b7bc6c1d8c94a956ead0140,97ed0aeab356413bf2d96d48e779b0d1,delivered,2017-11-29 13:36:01,2017-12-01 13:33:04,2017-12-04 20:52:56,2017-12-15 22:34:20,2017-12-27 00:00:00
e1c1e7f914409797c3cf9d3bb9f93356,587cd029767db6468eb78ef30fbfef36,delivered,2017-09-16 12:02:17,2017-09-19 03:44:02,2017-09-19 19:12:32,2017-09-30 15:03:51,2017-10-16 00:00:00
f2a634fd6829278af09d901f172f769f,f952ed83b5d1349c0e1cc315bd7c66a1,delivered,2017-03-29 23:37:15,2017-03-29 23:50:24,2017-03-30 12:01:35,2017-04-18 16:28:22,2017-05-02 00:00:00
b5fba0269666bbf33bc320fb533d32bb,adc76ad3f586da3b26af977cc461ffa2,delivered,2018-07-26 10:31:39,2018-07-26 10:45:11,2018-07-27 14:50:00,2018-07-30 13:09:08,2018-08-09 00:00:00
c89cc188bf7fe39307862cb3dd2d0234,d4db2de03a978cc57f508a11822da55a,delivered,2018-08-27 21:27:13,2018-08-27 22:03:49,2018-08-28 14:19:00,2018-08-29 19:25:44,2018-08-31 00:00:00
18dcad31c503873cc41e0ed48581b80c,edae9aa824f15c8806fd464af085ab00,delivered,2017-10-25 16:56:35,2017-10-25 17:35:18,2017-10-26 18:32:57,2017-10-27 14:40:10,2017-11-07 00:00:00
7dfff541b2a848ecb18ceb83d02bfa6a,5510a0757de57b34e27fd23c1942793a,canceled,2018-03-23 13:44:28,,,,2018-04-11 00:00:00
1af2f4aed1b8812719266b0a8f496c51,2b6d4b977adc3032007a434c6624d4e2,delivered,2018-08-20 11:32:31,2018-08-20 15:11:40,2018-08-21 13:35:00,2018-08-28 17:56:36,2018-09-18 00:00:00
b0b3fdb18ad67062364d7717801e7276,bbb7b12bdc6176961cf2771aa1ffb6f2,delivered,2017-12-14 19:49:04,2017-12-14 19:56:29,2017-12-15 16:13:24,2017-12-20 17:22:24,2018-01-03 00:00:00
ade0863d75391c3ca83985f0b3c681e9,7606a0ab620848954d04ab711d463100,delivered,2017-10-09 08:07:47,2017-10-10 03:27:10,2017-10-11 12:53:33,2017-10-19 19:18:47,2017-11-06 00:00:00
028369515408fa864cfe50091d4e76c5,dc9919c18e50e3160afe68a91cfcbc6a,delivered,2017-09-01 16:48:51,2017-09-01 17:04:34,2017-09-04 17:36:47,2017-09-12 18:08:31,2017-09-20 00:00:00
d82b278ce974fb241a84117441013d91,fd11570db157f0097d9e0e3dd79abd7c,delivered,2018-06-05 23:02:08,2018-06-05 23:15:12,2018-06-06 13:40:00,2018-06-18 19:07:26,2018-07-17 00:00:00
d0405d0cd3a0ddba64c30a078681a88a,faf0fde78922beb33e302d458492d55a,delivered,2018-06-12 17:59:49,2018-06-12 18:46:06,2018-06-15 10:17:00,2018-06-18 18:15:45,2018-07-04 00:00:00
c78002d8d0b24765aab06e16d2830d34,fb0e3031b682ab120b14837e01cdf839,delivered,2017-12-19 12:24:26,2017-12-19 12:35:23,2017-12-21 10:56:54,2017-12-26 17:27:15,2018-01-12 00:00:00
3b694fa216b9963c2df0ad993a355551,d2d83da97b053656de05c3a2184666e5,delivered,2018-04-04 19:53:45,2018-04-04 20:08:46,2018-04-07 01:42:39,2018-04-12 19:58:29,2018-05-04 00:00:00
2c63e270d219f86dbe627ef7a0d41ce7,f21425113f7f4bc3d60f088b01a73eea,delivered,2018-05-23 10:38:35,2018-05-23 11:18:38,2018-05-24 09:20:00,2018-05-26 15:42:26,2018-06-22 00:00:00
26466061ecf0630db081aea8581b871b,c278d9844e8b4f2dfa6edaea27845e8d,delivered,2018-06-05 18:50:22,2018-06-05 19:13:40,2018-06-07 14:41:00,2018-06-14 15:55:33,2018-07-04 00:00:00
a7e2b533f4bf5f5ded309f01bb300730,7a20e17b2f3665e25b0bc87a9226c9ec,delivered,2018-01-27 20:49:20,2018-01-27 21:56:20,2018-01-29 21:58:43,2018-02-07 00:33:53,2018-02-21 00:00:00
24c8003803586c800fe8645143192241,6f510b16fcaa737beeafa19c95af5df3,shipped,2018-04-06 11:32:38,2018-04-06 11:49:15,2018-04-07 01:23:23,,2018-05-03 00:00:00
74da1d033cecf62865d267673aeec395,b89e9470ac0765974182763a36b3509c,delivered,2017-07-14 09:48:58,2017-07-14 10:03:50,2017-07-14 20:37:51,2017-07-21 17:54:27,2017-08-09 00:00:00
c6948180eccebcf3de3c415cf66c4d31,9474c88e2c74a79cf973ac3cc602d115,delivered,2017-05-31 20:48:17,2017-05-31 21:02:46,2017-06-01 14:55:17,2017-06-12 14:19:35,2017-06-29 00:00:00
28f07abcb98384e4f6999f70c7ff3d13,c5579007e4d4b4985957c919a7d40923,delivered,2018-01-22 21:53:53,2018-01-23 18:55:38,2018-01-31 20:22:39,2018-02-10 19:08:53,2018-02-06 00:00:00
63f4ff5d2266b242ba0ce7c3ad390029,8830eaba57f7db8ff493f4e2c3da5df2,delivered,2017-01-22 22:54:32,2017-01-22 23:05:12,2017-01-23 17:53:33,2017-01-28 10:04:43,2017-02-16 00:00:00
de5a57660fb17fcd0cb97f5874739ddd,9ad489cbfca3108732b7ab27822d27ae,delivered,2017-12-07 11:31:41,2017-12-07 15:01:27,2017-12-07 23:03:52,2017-12-13 16:57:58,2018-01-03 00:00:00
9bdab6a58999d4197bb9182919f89712,14abc38209ac63b3da1249632c8cb072,delivered,2018-07-31 13:06:11,2018-07-31 13:30:41,2018-08-02 17:46:00,2018-08-07 15:38:44,2018-08-30 00:00:00
d4af27263fce5b006a6818766ed90fc9,c5b4ff6e1567dfcf1c3b4a17d82e9f25,delivered,2018-04-02 13:13:36,2018-04-03 20:35:18,2018-04-04 17:58:38,2018-04-14 17:26:44,2018-04-20 00:00:00
a05b1831c01baf69ce6c81050cc1405e,48a8f1d33cdba145864fe26e90836426,delivered,2017-10-05 17:29:12,2017-10-05 17:49:23,2017-10-06 19:53:20,2017-10-10 14:59:01,2017-10-30 00:00:00
8258256a5491a4e80cbc6e6d15362318,a6a7027e587c3971f7a7dafa9d91d505,delivered,2018-08-14 09:39:16,2018-08-14 09:50:19,2018-08-16 14:22:00,2018-08-23 00:03:19,2018-09-17 00:00:00
51e165f36c599cd6ae24f289356abcf2,ce615a5a4fa08c571a77c268f87bf041,delivered,2018-04-14 09:33:38,2018-04-14 09:52:13,2018-04-16 17:08:47,2018-04-23 16:52:05,2018-05-18 00:00:00
862492c97a277f223e8cb4d665d80c0a,3620f09ca2a6965b41b067de5a1d6ce3,delivered,2017-10-15 23:13:26,2017-10-17 03:46:09,2017-10-23 18:37:34,2017-10-27 20:30:00,2017-11-01 00:00:00
a1453ee829c85db898c6fd3f26257869,d186aec9693a9d91e1330e198bfedb07,delivered,2018-07-21 22:35:58,2018-07-23 11:32:18,2018-07-25 08:11:00,2018-08-03 18:11:46,2018-08-20 00:00:00
625b3de89355b67e8efec2e3c467d6e0,18612b0caa6abd8c64a1240be7f0c06c,delivered,2018-05-29 19:35:03,2018-05-29 19:55:54,2018-05-30 14:45:00,2018-06-05 19:18:27,2018-07-13 00:00:00
5ea205e81046bea9b90ad14ff700c7a3,1e85afbd5e188c31651496ecc7299f55,delivered,2017-09-28 15:30:58,2017-09-28 15:49:12,2017-09-29 15:06:59,2017-10-18 19:37:41,2017-10-26 00:00:00
6785185e9e3d0e547f7c6ae8acc7356e,e7644b4abf70acf83a1766709dff7300,delivered,2017-12-29 13:08:14,2017-12-29 13:16:30,2018-01-08 21:14:28,2018-01-27 16:12:10,2018-02-06 00:00:00
23a2b629fd7a428b5ba4587794ff8b56,7094766b39435a8925152a0f675449ec,delivered,2017-12-25 22:38:18,2017-12-25 22:48:20,2017-12-26 21:13:41,2017-12-28 19:41:58,2018-01-15 00:00:00
51122623ee1ccdaadbb6fcd95f077d8a,bfa4d52a5bd197fec9654daa897d31ff,delivered,2018-06-20 10:08:53,2018-06-20 10:44:04,2018-06-21 13:07:00,2018-06-25 18:21:46,2018-08-02 00:00:00
7369ddd3164bb598080bcee19efcc482,ca964cdd8f4bf762b684016a0fc04648,delivered,2017-08-03 16:55:25,2017-08-03 17:15:21,2017-08-07 19:19:26,2017-08-21 17:26:50,2017-08-29 00:00:00
a9b929204be626d61a1d60d47e6b52bc,d7342522c8c12afa8013c3fe8346a140,delivered,2018-02-22 19:18:21,2018-02-22 20:00:28,2018-02-27 17:43:07,2018-03-06 21:42:35,2018-03-15 00:00:00
7f8f6e7d331e83effb58aa14f32cad44,45127f59fac3645efb3f2c3c185bf0da,delivered,2017-03-26 10:23:11,2017-03-26 10:35:12,2017-03-30 18:46:10,2017-04-10 07:37:54,2017-04-13 00:00:00
3bea0e06ec73730c80ae149e9ed771dc,82e7f0a303085c904489cf8f1f12e90f,delivered,2017-06-15 14:12:15,2017-06-15 14:25:09,2017-06-16 13:33:51,2017-07-04 15:36:42,2017-07-14 00:00:00
3d984081eecebc3fd30edbe5ae5e7d41,92afaf8b08037607081765e9a164cda5,delivered,2017-07-06 14:35:51,2017-07-07 02:50:56,2017-07-07 15:57:28,2017-07-10 16:59:37,2017-07-19 00:00:00
a2e7ee5b65839d1ba92e67c6f3f50269,f9a942e123f26ef3b2837f9b90e52bfa,delivered,2017-07-27 13:03:53,2017-07-27 13:15:20,2017-07-27 19:23:43,2017-08-01 14:14:05,2017-08-21 00:00:00
46dc14e76e68252f0c7883545008ca1a,ca1ce0a2e3183777adca318095032f3e,delivered,2018-05-31 14:14:16,2018-05-31 14:31:28,2018-06-01 12:29:00,2018-06-07 11:18:33,2018-07-04 00:00:00
a6739d71ac53122c06071dad1d765a49,43564b5cdf4b3a18d4956a3f31a14b14,delivered,2018-08-08 18:35:51,2018-08-08 18:45:17,2018-08-13 13:30:00,2018-08-21 11:41:55,2018-09-10 00:00:00
cf71b9b6b7ed12d72f541b0420023f19,12698ad9da6b62003811594de0ae297e,delivered,2018-05-09 23:33:28,2018-05-11 02:57:52,2018-05-11 15:45:00,2018-05-17 22:31:58,2018-05-24 00:00:00
908614c6fc54de3da2958fbd4bb8d00b,e304599e7f4fa5cf0656a59352d11e59,delivered,2018-05-08 18:05:59,2018-05-08 18:31:41,2018-05-10 09:55:00,2018-05-16 15:14:38,2018-05-29 00:00:00
6b72ab4c6bc0454a467b4771bd9e1828,54517409e1cc02ae9fc3d71c4b55c996,delivered,2018-06-27 00:47:32,2018-06-27 04:10:34,2018-06-27 10:06:00,2018-07-04 15:32:20,2018-07-31 00:00:00
476b812a7e4fc972646eb390517bddcb,18a1176652a9344ba489fa4ccaa3c20f,delivered,2018-08-18 11:09:12,2018-08-18 11:30:54,2018-08-21 12:07:00,2018-08-30 16:56:44,2018-09-12 00:00:00
6b65889f1f3082cc3bcdffc01cb70a78,dc2c3e66bb0a33afc1abd179a7e7b42f,delivered,2017-05-29 19:52:53,2017-05-29 20:02:43,2017-05-30 13:02:16,2017-06-05 13:58:00,2017-06-21 00:00:00
00a843f5a80c7aea894c558acc29f513,fd967f807427c24072652b1f62d4fe47,delivered,2017-09-01 13:09:44,2017-09-02 18:55:14,2017-09-04 19:04:27,2017-09-11 18:17:25,2017-09-27 00:00:00
d051c76aaab0eca195d53f6c3411793e,89404eaaaaa93baa948bbfa66d3a27c9,delivered,2018-04-03 22:25:37,2018-04-03 22:35:17,2018-04-17 23:12:16,2018-04-18 15:24:50,2018-04-23 00:00:00
aaba8a4672d1dc9afd30ac83b4c024f0,5cdc529a6c5a4e1608532af45ebced43,delivered,2017-09-04 15:34:41,2017-09-05 04:44:10,2017-09-08 21:04:46,2017-09-22 12:08:16,2017-09-28 00:00:00
45e4d1d16d017409456807846ea959e9,9133cb90522f72e75f73e9a200ab61ec,delivered,2018-01-01 11:55:49,2018-01-01 12:06:20,2018-01-02 16:29:20,2018-01-22 12:41:22,2018-01-18 00:00:00
7b994fc7c7528d2098eebcb19d18ce7e,81ad00659acc734aa6a7eb51a27f93c3,delivered,2017-08-25 09:15:51,2017-08-25 09:33:16,2017-08-29 10:46:29,2017-10-01 13:52:43,2017-09-25 00:00:00
667f0b8cc6b5403505c451a200a9bd28,5f3cab40b9c76001b8ec754e761e59cc,delivered,2018-08-11 08:49:33,2018-08-14 04:30:25,2018-08-14 14:13:00,2018-08-20 23:50:44,2018-08-28 00:00:00
85f52f3fd75e742901f896c46fa90626,2cfc27660e8f5fc3feff3ec8b4188825,delivered,2018-02-19 23:05:08,2018-02-21 06:20:21,2018-02-22 00:13:57,2018-03-05 18:26:56,2018-03-09 00:00:00
2f48ebdc1794aeb862ea825214ef13b4,ad434552da755c6bd7891853096bfb7b,delivered,2017-05-09 12:44:35,2017-05-09 13:10:28,2017-05-11 10:36:51,2017-06-06 17:00:38,2017-06-07 00:00:00
45c6469f0136458ebcb1ae34e7a4c3b9,0b000057ede436dbb104e5378e0b8888,delivered,2018-07-04 21:30:21,2018-07-05 16:35:41,2018-07-06 08:50:00,2018-07-11 14:52:43,2018-07-25 00:00:00
6ac13251ad16b89d0610936bbe6a4d18,78ac64f5a8847d149315a3228139aa8c,delivered,2018-01-29 23:45:48,2018-01-30 00:35:25,2018-01-30 23:23:27,2018-02-16 21:53:06,2018-02-21 00:00:00
84aa61a900410cfe26b57337d376a1ae,f50f06955b219d8e41a1f07ec392fa26,delivered,2018-08-16 10:30:31,2018-08-18 02:35:23,2018-08-20 22:36:00,2018-08-21 19:06:32,2018-08-21 00:00:00
6be21280d401645f55cf3310fbffdd35,0dc854e2d960e065785a2725be47c82e,delivered,2017-11-25 09:30:01,2017-11-25 09:37:53,2017-11-28 17:38:44,2017-12-02 13:28:05,2017-12-15 00:00:00
9ec41066fe9773c225c01e1a10bee705,88d28eeeb569b3f9acf4a1201b8cc38f,delivered,2018-02-28 21:31:09,2018-02-28 22:07:42,2018-03-05 10:42:53,2018-03-26 15:51:44,2018-04-03 00:00:00
24bec12ba7b3031b71b87a14bdc19e60,2824a4e97e1ab2ca38bf9d6a530e22fb,delivered,2017-06-13 15:06:57,2017-06-13 15:22:50,2017-06-16 14:42:49,2017-06-26 14:44:33,2017-07-06 00:00:00
83eb5fab753293927c17ab15fa582eaf,33bfd1a3202118716fd4be8167a4d2b1,delivered,2018-04-09 09:01:39,2018-04-10 03:35:32,2018-04-13 16:19:32,2018-05-04 16:12:37,2018-05-09 00:00:00
c9ef97d2854afe64a3b4488bc2836af6,0a29abf475fb8039d2775913d6f0b6f0,delivered,2017-08-05 16:59:05,2017-08-08 04:25:34,2017-08-10 16:40:11,2017-08-14 18:13:03,2017-09-06 00:00:00
f94a0462cf50552772e515493550bc4e,6d57ec6cb7ed54490d99bf28d64aca94,delivered,2018-02-19 13:04:45,2018-02-19 13:26:38,2018-02-20 18:39:04,2018-02-21 20:33:26,2018-03-05 00:00:00
153a52cca2eafba8af5b3ca18eeb5d5b,b2cfcf3f9855e586fe7a9585ba22808d,delivered,2018-01-17 22:43:12,2018-01-17 22:52:23,2018-01-19 00:28:38,2018-01-31 00:55:43,2018-02-09 00:00:00
206fb6b6ca61077c62e2c6bc2f649a9b,99a84f3bcda9feee6fda3b7e30cf9b56,delivered,2018-01-29 08:15:15,2018-01-30 05:31:34,2018-01-31 23:06:54,2018-02-17 20:27:28,2018-03-05 00:00:00
2548aa48f7db62d5579e7e20ae85ca03,c2c75371ac7de122517db15e9765379b,delivered,2018-02-21 16:14:42,2018-02-23 02:30:31,2018-02-27 01:48:54,2018-03-08 14:49:44,2018-03-15 00:00:00
1d95cf3b52cc2ad7084239c958274b5c,a1a5674fd174758b3354917989a031e6,delivered,2018-07-18 17:09:59,2018-07-18 17:25:11,2018-07-20 10:12:00,2018-07-23 16:58:00,2018-07-27 00:00:00
f7f3fabc083edcb99e4be7381a60e660,301ef7ee93ed74b67c6d1741652b8615,delivered,2017-08-16 08:54:46,2017-08-16 09:25:15,2017-08-29 20:56:32,2017-09-08 22:52:54,2017-09-05 00:00:00
b6ee1c3dc0d943c0e1e18a4fb936a693,107c1643b1a92f4749b18a5583ec924f,delivered,2017-11-25 16:29:47,2017-11-25 16:51:41,2017-11-27 21:52:19,2017-12-05 00:58:59,2017-12-18 00:00:00
deae638b4d60be5de34c13bf68b5850c,172e8628eb28987923ac836006e1309e,delivered,2018-06-04 04:15:04,2018-06-04 04:30:11,2018-06-05 10:53:00,2018-06-13 16:17:41,2018-06-28 00:00:00
97ea8a6df3851db9452426e8aace15eb,678316fc81f8e125073131039e379c77,delivered,2018-02-04 18:59:41,2018-02-04 19:15:29,2018-02-05 17:44:11,2018-02-21 22:09:44,2018-03-13 00:00:00
a15cd71dd4db516dde35ccc4ca07c3e3,d00721faa206f3fcdb55ab2422717470,delivered,2017-07-23 22:21:40,2017-07-23 22:35:21,2017-07-24 18:19:25,2017-07-26 21:17:12,2017-08-11 00:00:00
ca98afe572ee9754ef0cd28c6b97758a,4ee37274d091e7e0ae7d61d1ae0a37f8,delivered,2017-03-21 01:35:08,2017-03-21 01:35:08,2017-03-21 08:17:22,2017-04-03 12:58:09,2017-04-20 00:00:00
d8477e03a0b0c97723a5221b2044f68e,373eabc809777ec7cef44455fe4c1fa8,delivered,2018-07-15 22:36:39,2018-07-15 22:50:18,2018-07-16 13:07:00,2018-07-31 15:46:45,2018-08-01 00:00:00
8f5244306f56f64511c6d8b6a7064716,a41d5d218a1378fef9380a31e5e10069,delivered,2018-07-16 19:03:10,2018-07-18 02:35:15,2018-07-24 14:14:00,2018-07-25 19:28:39,2018-07-26 00:00:00
916d528035e91b8200b31e89ea89bef9,910a468080f5af3a6e7c626d0f247a75,delivered,2017-12-04 20:24:43,2017-12-06 20:32:26,2017-12-11 17:45:13,2017-12-20 18:19:38,2017-12-21 00:00:00
7c1afefc4a95869d89d57c14e8fb7cc5,63b7bb666c5bedee1ba510c017862eda,delivered,2017-11-27 22:31:40,2017-11-27 22:56:27,2017-11-30 18:09:40,2017-12-06 21:32:20,2017-12-18 00:00:00
95ca3f84b6d991becf4bf45a4f14b013,8aecb1b4f0e2ff0b55838d42b9d98a66,delivered,2017-10-24 14:48:53,2017-10-25 02:28:28,2017-10-25 19:37:57,2017-11-09 19:03:30,2017-12-01 00:00:00
da4653db2042d5314de6a1d9b398b8ea,6d6aa63412ccf15848169b197b9bf310,delivered,2017-05-18 18:59:03,2017-05-18 19:10:17,2017-05-22 18:26:43,2017-05-24 13:09:36,2017-05-31 00:00:00
fe2c0c8f40ab6263806c513fe424fa44,5a3c92f3f76b6d40e1899fcb3c200510,delivered,2017-11-05 18:59:55,2017-11-07 14:15:20,2017-11-08 13:36:43,2017-11-14 19:03:25,2017-11-28 00:00:00
0f1fbabf04ee04bc44fb07f93fc478c6,b15d76aacf87f478b07ac806f0248d9a,delivered,2018-02-08 14:15:37,2018-02-08 14:30:28,2018-02-10 05:48:22,2018-02-23 19:57:14,2018-03-16 00:00:00
87d003714879bdc9c2adfe35a47268a4,99bfe4238b5b10a3e83b388a471e3568,delivered,2017-12-06 22:33:42,2017-12-08 02:54:32,2017-12-11 20:53:37,2018-01-02 20:29:10,2018-01-09 00:00:00
eca26a0368445f56cdb3c5bac1754848,06bca569f6bd4833c89416af4672db63,delivered,2017-12-29 07:43:35,2018-01-03 04:32:28,2018-01-03 21:27:28,2018-01-11 20:58:40,2018-02-01 00:00:00
5528a3c9850e07ac5eeea39f275d6c5e,e8d28d2771d39b2a5969232737233e9a,delivered,2017-11-07 22:55:01,2017-11-08 18:30:53,2017-11-09 18:38:51,2017-11-22 23:08:59,2017-11-28 00:00:00
59bcef0c3287abc23a5807748b62b7ad,54c4a093ba4ad08084d0d8c7d5f33cc3,delivered,2018-07-30 16:31:56,2018-08-02 13:43:21,2018-07-31 14:56:00,2018-08-02 18:52:31,2018-08-09 00:00:00
ee8c69ed1b1fe27af62030f079d647c2,693b01063f115cc2caa2b0f4c8e1550c,delivered,2018-01-24 13:42:19,2018-01-26 15:58:14,2018-01-29 18:14:41,2018-02-06 19:45:49,2018-02-19 00:00:00
ff75e58ae2600ef40c48afb30ba34e54,0c9a08f2ed5ab0d7ba020b38627c05fd,delivered,2018-01-08 16:11:24,2018-01-08 16:17:24,2018-01-10 21:19:15,2018-01-12 23:14:39,2018-01-24 00:00:00
44cebed0f8ff5a7a11ea39b4ded680d9,d531312b719e0b1ee2c72d05e3167eb7,delivered,2018-06-22 15:59:59,2018-06-23 02:20:29,2018-06-25 14:15:00,2018-06-28 20:59:01,2018-07-18 00:00:00
6409fcfc762adebecdaf8766a1082a5b,5430ca76b0c30e4a9b6da922f8c29b56,delivered,2017-12-27 20:20:47,2017-12-28 02:39:25,2018-01-04 20:45:57,2018-01-27 13:42:07,2018-01-29 00:00:00
db456679d015d774c82f5a26c503a7b0,261f9769b9cfcd2b2eedfbd442ce40b9,delivered,2017-10-11 11:09:12,2017-10-11 11:29:59,2017-10-13 16:43:42,2017-10-25 23:42:05,2017-11-03 00:00:00
b31cb7216cda82edcaf99a5c6d604ced,005e2fff255d3d69e6cfc8c4928d33a9,delivered,2018-01-05 07:15:25,2018-01-06 02:08:42,2018-01-08 22:42:41,2018-01-19 21:06:09,2018-02-06 00:00:00
da535cf4ba8827cbf61a0ce2b7e08cbf,23bd724baa42a23c24432c373b3b910c,delivered,2017-11-10 12:29:31,2017-11-10 12:46:59,2017-11-14 22:17:56,2017-11-24 19:05:54,2017-12-05 00:00:00
7ef39a532f477b4191cf782ff7ca8f81,b58289fc45b5ab5b1ce95864818e98e6,delivered,2018-04-29 19:32:54,2018-04-29 19:50:25,2018-05-03 10:45:00,2018-05-14 20:24:54,2018-05-21 00:00:00
69adad596ce64d77dd2a23f85ce3aa98,06ee09badc38b922a88d417e5134e3aa,delivered,2018-07-20 19:54:26,2018-07-20 20:05:16,2018-07-25 14:14:00,2018-07-31 16:08:49,2018-08-28 00:00:00
c2acb9513a47b95007e5cd45e3516765,f050387d54b69dd65c3ff25fb231c999,delivered,2017-03-24 16:57:56,2017-03-25 02:34:14,2017-03-27 11:15:15,2017-04-13 11:33:16,2017-04-17 00:00:00
c736ef293988efe25be44784ebd348f6,0eb1b5482c0337ce6256a4226df13d1e,delivered,2017-05-18 11:11:23,2017-05-18 11:22:43,2017-05-18 13:06:15,2017-05-31 21:15:54,2017-06-22 00:00:00
3c53e9578b571a4df6397b338ae76ae2,e326c9d1b7d81a887e93483918119f9d,delivered,2018-06-06 12:17:06,2018-06-06 19:54:41,2018-06-08 14:36:00,2018-06-12 22:48:50,2018-07-03 00:00:00
46c719474f16c03e64e590fa4d1a2ff7,5a415018369bbb00d24e82a344be5b11,delivered,2018-08-15 21:58:21,2018-08-17 03:29:44,2018-08-17 14:03:00,2018-08-24 19:11:41,2018-09-06 00:00:00
8e1bed14a7b4e9df47fe79f4abac1bc0,e936b6ad5600f6558d85cc45f50d6be5,delivered,2017-03-25 12:12:54,2017-03-25 13:05:13,2017-03-28 15:10:41,2017-04-10 17:17:36,2017-05-02 00:00:00
c6923c3d37451ab418ddd917165051c0,70dfbc5428ff29d98db3ee06aa5dc0a6,delivered,2017-10-16 10:04:11,2017-10-16 10:27:13,2017-10-19 14:12:33,2017-10-24 18:43:46,2017-11-17 00:00:00
621eb879252e1ef32bfbe6f3eab23b57,a148326eadacadc17eb9594a5617ea83,delivered,2017-10-05 20:26:25,2017-10-07 02:45:06,2017-10-09 21:07:43,2017-10-17 19:15:25,2017-10-30 00:00:00
92061d31d4807cbc328c14fd3aec3205,497c5f2dc03b6d83224538af2398076d,delivered,2017-12-11 12:05:19,2017-12-13 09:50:07,2017-12-21 20:27:41,2018-01-04 17:23:22,2018-01-09 00:00:00
06a84b737d3839803dfc2e1a7e740d2c,610723ccf893b7420a52056e8d460113,delivered,2018-01-31 14:41:00,2018-02-02 02:55:41,2018-02-08 17:09:43,2018-02-19 17:03:57,2018-03-08 00:00:00
fbe768ef510412dd02e7f6a28504ec7f,f9b3163aeb846f90e9a63989e5c97c7a,delivered,2017-12-26 16:22:21,2017-12-26 16:33:25,2017-12-27 17:51:49,2017-12-29 14:48:48,2018-01-15 00:00:00
ab386ef8f4f634743e03a8763d3c6510,2f21cac8175499e03535d86f71a81697,delivered,2018-06-18 15:08:16,2018-06-18 15:39:09,2018-06-19 07:59:00,2018-06-28 20:38:24,2018-07-12 00:00:00
8299af0d040bc54540e8c6a35046e99f,44329a3f1ba0c869822c4c7f921012d1,delivered,2018-08-04 12:12:10,2018-08-04 12:25:19,2018-08-07 13:34:00,2018-08-14 17:33:50,2018-08-23 00:00:00
997972977f4f622407b3d9125eeffd46,f05b67246802fdc9420af92d504f8f08,delivered,2018-01-30 15:30:22,2018-01-30 15:53:11,2018-02-01 19:39:30,2018-02-05 20:29:47,2018-02-21 00:00:00
469bf2fdc06cac665ecf178281ecffbe,de5fc49b0e1b56af06fd208b4db4c631,delivered,2017-07-27 17:48:15,2017-07-27 18:03:29,2017-07-28 19:52:11,2017-08-07 16:09:23,2017-08-22 00:00:00
65109cdae10193f20ee3c0f717cb349a,d0c62a8fa044769109a16d626b097449,delivered,2018-02-12 20:13:27,2018-02-12 20:28:16,2018-02-15 20:52:34,2018-03-26 15:11:33,2018-03-09 00:00:00
8054d343a41978d8c122045b28eb5e00,10a59de74df59fc077830fdd95db4a56,delivered,2018-07-31 15:54:10,2018-07-31 16:44:17,2018-08-02 06:03:00,2018-08-07 18:40:56,2018-08-24 00:00:00
c5739db7f3e9978c46904140ccbb6fb5,10552ac8780d0632ca68c10fafbf3041,delivered,2017-03-08 12:12:40,2017-03-08 12:33:46,2017-03-10 12:24:18,2017-03-21 14:52:09,2017-03-28 00:00:00
fb66a068381c1be27f5ad0a25309d424,9ee3468ed569fbaa40a3a3102f1e8a51,delivered,2017-06-02 19:34:55,2017-06-02 19:45:20,2017-06-05 19:17:03,2017-06-21 17:42:18,2017-07-17 00:00:00
af2ded0024fec0cc81ef63fce8b90d25,64e16cf39b1284bbe8ddb09bbae1df96,delivered,2018-01-01 18:39:20,2018-01-03 04:33:29,2018-01-04 21:18:56,2018-01-15 17:35:25,2018-01-26 00:00:00
1aba68837cfafa9cc4bba58efee87d4a,88bab0875c657d7167d0080bbb4e794a,unavailable,2017-10-23 10:49:50,2017-10-24 03:56:28,,,2017-11-22 00:00:00
bd46eb8290e43e3407aed6543ff41989,f031886e4798f6cde1431e8963394725,delivered,2018-02-21 06:27:09,2018-02-21 07:25:07,2018-02-22 17:53:17,2018-02-23 21:23:31,2018-03-07 00:00:00
ad9259e8a14df6ee75201925f28d4a8f,08a761b27ad72e5fa65e351ca23bb2f5,delivered,2017-08-29 15:02:12,2017-08-31 04:32:07,2017-09-01 18:53:25,2017-09-05 20:45:47,2017-09-18 00:00:00
f9b03f7a6e5788ffb6cb6b4cd0d01892,e94cba4a769c459e51325766ab2ef270,delivered,2016-10-10 02:17:55,2016-10-11 05:02:46,2016-11-07 12:21:47,2016-11-16 14:13:37,2016-12-02 00:00:00
07c09839b4951ac37863cf9f0f79dedf,c842b7ed6d1ad9e0eecf06cacefb1bb1,delivered,2018-05-04 00:15:49,2018-05-08 04:33:58,2018-05-10 15:07:00,2018-05-19 16:07:23,2018-05-25 00:00:00
09425a70c5acc9730fc3e17c1e81ac2c,b69f6635e14cc5819197458ea479017d,delivered,2017-11-01 09:07:06,2017-11-01 12:45:15,2017-11-03 15:34:07,2017-11-08 17:42:50,2017-11-24 00:00:00
fbbfacf696d50761d1947ab6fb641764,06da85b8d16b04167a1b5eb3690ad929,delivered,2017-03-28 09:53:43,2017-03-28 10:05:16,2017-03-29 10:48:27,2017-04-13 07:42:26,2017-05-03 00:00:00
8fb847d8f402a68dbcfdeac4cf2375c3,cf9ec1b669558ba41cb60049bd8282f5,delivered,2018-08-04 11:00:58,2018-08-04 11:30:28,2018-08-07 13:41:00,2018-08-14 17:35:55,2018-08-29 00:00:00
b8b6924f004e191923963e8ab1655ed9,53c00128b4cdd554611efd233859dd88,delivered,2017-11-23 13:35:20,2017-11-23 13:48:26,2017-11-24 18:14:45,2017-12-20 20:38:46,2017-12-18 00:00:00
c8d402ad1a675e158653f4e470c7d42c,497b26e576ae24e56dacf87100a5d668,delivered,2017-08-23 16:35:11,2017-08-23 17:33:02,2017-08-24 18:39:07,2017-08-30 18:27:49,2017-09-15 00:00:00
bc5f75667672b3ffd7dd4daea8c408ce,ade9e3538563e669167cfe8843d07dca,delivered,2017-12-06 22:24:22,2017-12-06 22:33:33,2017-12-08 15:42:43,2017-12-19 19:47:40,2018-01-10 00:00:00
ab0c90a5da04e0132ea07c113bedec0d,f55bb246eecd1cab4ca24d89b196488b,delivered,2017-01-21 20:53:06,2017-01-21 21:05:16,2017-01-25 09:41:52,2017-02-09 09:53:47,2017-03-21 00:00:00
dcb51f5ff38464ec48e4782c034846c9,909949a94b1c563c0b8880febea5e485,delivered,2018-05-30 11:10:36,2018-05-30 11:37:32,2018-05-30 14:03:00,2018-06-11 16:46:20,2018-07-11 00:00:00
407fe646704ea7828e324c8ef7e7e616,8514e0aeceab9ef5bc9c2e86392cd6e6,delivered,2018-07-23 15:44:35,2018-07-25 02:55:20,2018-07-25 12:28:00,2018-07-31 17:58:44,2018-08-10 00:00:00
1dbaa81e10d320cf7b6278931481e284,fed9a70454798e3fdbee236decc7ce42,delivered,2017-07-02 10:44:54,2017-07-02 11:03:33,2017-07-04 14:16:32,2017-07-07 16:11:25,2017-07-25 00:00:00
e024c4b9445d223aaf705871900bf5e1,213e3a3c9ce30d4d0d2965e45b656e5a,delivered,2017-12-01 04:19:27,2017-12-01 11:31:58,2017-12-05 10:49:09,2017-12-11 21:27:00,2017-12-26 00:00:00
2d33b505c88265921a04702415937e30,74096d3f44599e4454a936f57a43f869,delivered,2017-11-08 16:39:06,2017-11-08 17:30:48,2017-11-09 23:07:45,2017-11-30 22:06:43,2017-12-01 00:00:00
1b8cfe91cd0a25a8db0841e48cc76029,f6c6f587eb8cc972d92c7efa7de1a208,delivered,2018-01-31 08:30:46,2018-01-31 13:54:10,2018-02-01 19:38:59,2018-02-02 20:46:19,2018-02-16 00:00:00
f55e3574a0c2475fa05dc439e338b8ff,a3c31ccdbdfe55e13df10e3f0ee03fed,delivered,2018-01-10 22:05:17,2018-01-10 22:13:29,2018-01-12 00:35:49,2018-01-16 20:03:45,2018-02-02 00:00:00
165fc79e50295637b743a0f33fbb3599,1c3fed0b78f6514d3b5bec495875eb2e,delivered,2018-08-02 12:05:26,2018-08-02 12:55:37,2018-08-02 20:05:00,2018-08-03 15:39:03,2018-08-14 00:00:00
8d8ffabb7ead119624dc7701f28f9d11,4713961d9c9f91cfed7b84b9f8b1902a,delivered,2017-10-04 21:30:06,2017-10-05 21:44:09,2017-10-09 19:26:39,2017-10-23 18:52:32,2017-10-31 00:00:00
9338cdc6a850352e94da65a2e9fcdd4d,502f8f825e887687e5f4e0787b54f116,delivered,2018-03-14 21:27:18,2018-03-16 03:50:15,2018-03-16 16:11:55,2018-03-21 16:46:34,2018-04-06 00:00:00
b15a1712256b8250cd6f952c85e4c65a,8de81ee7c1797e4052eecf95867f2be0,delivered,2018-08-20 09:01:07,2018-08-20 14:32:24,2018-08-27 13:25:00,2018-08-30 16:02:18,2018-08-27 00:00:00
58e03095584d960583933517a2aae5df,0900a5f39daf5f37e39f42894f36a85d,delivered,2018-03-11 12:49:14,2018-03-12 12:48:36,2018-03-12 22:36:39,2018-03-23 21:28:57,2018-04-06 00:00:00
2b7c0e3fb7de6dc7f388783e33800777,8106b3528fbf066b77aaed82346c0d32,delivered,2017-05-30 19:25:56,2017-05-30 19:50:07,2017-05-31 13:35:21,2017-06-12 14:59:45,2017-06-30 00:00:00
b89b5e15757b5d96e7d67c969324aeca,cd6b3de9793104fb781a4908b6f8a0e6,delivered,2018-08-14 14:33:45,2018-08-14 14:46:41,2018-08-14 20:01:00,2018-08-15 17:21:53,2018-08-21 00:00:00
4396b37f55a457b870dcd9137cf07e84,d065ae68746a9a4def87315f2af5a5ec,delivered,2018-03-17 11:05:38,2018-03-17 11:28:42,2018-03-19 23:20:47,2018-03-21 18:12:53,2018-04-05 00:00:00
1d911134e95ec6f299e80fe19b5b88c5,4dfe57404141dbca39b1eae2ec077e78,canceled,2018-08-05 22:27:23,2018-08-05 22:35:17,,,2018-08-28 00:00:00
f93716d1c1c9cb98214592c233bef619,636280e811ddc09a120e5bee29974df4,delivered,2017-08-26 17:23:51,2017-08-26 17:35:39,2017-08-30 12:17:48,2017-09-02 16:37:45,2017-09-15 00:00:00
f8dacbc95a26cd286e7a5e9bf3dd0813,a1c926fbd21e78c3e63661caad0cb682,delivered,2018-03-07 17:07:06,2018-03-11 21:15:32,2018-04-04 18:26:24,2018-04-11 18:13:29,2018-04-03 00:00:00
39a5aa023bab31f72d48a166a3f5e5b4,8d5d7b93865f1c70e8d923b50e59513a,delivered,2017-05-28 18:04:51,2017-05-28 18:15:17,2017-05-29 10:45:17,2017-06-06 10:20:17,2017-06-23 00:00:00
2260cb2dc43ff44ab9b095424034c741,04d5cb41e92cebd0f1051d38c10f5ec4,delivered,2018-03-19 12:02:43,2018-03-19 12:10:37,2018-03-20 22:42:00,2018-03-21 15:05:11,2018-03-29 00:00:00
dd2be9f213e992cb42d67cb32952f8f0,270707bf3e3bdd048a46f53ec68a6a67,delivered,2017-06-04 23:18:24,2017-06-06 13:42:44,2017-06-07 09:32:28,2017-06-19 07:33:08,2017-06-30 00:00:00
bf98c50762b9fc7e06742bcd424e1e9f,201142652b8594b971071e2242e7e0be,delivered,2017-11-07 22:51:30,2017-11-07 23:06:19,2017-11-08 22:14:33,2017-11-13 23:37:32,2017-12-01 00:00:00
d9b0d609decccee6466fb61adbc03f3d,a93ecb25af3098a03757b08506516a7d,delivered,2017-11-12 19:15:22,2017-11-12 19:30:25,2017-11-16 14:42:01,2017-11-24 20:09:34,2017-12-04 00:00:00
533dbcda0a703be171113573af8b3467,5247e5c7e9037e74343f13bbd8800a6a,delivered,2017-08-31 17:12:56,2017-08-31 17:25:15,2017-09-01 19:09:12,2017-09-08 19:54:28,2017-09-22 00:00:00
76978d31d8e911d947c1c80c193e116d,4a07cb9201bcdc3fbd10266777e61e40,delivered,2018-05-03 19:54:27,2018-05-03 20:12:50,2018-05-04 14:05:00,2018-05-19 21:48:51,2018-05-25 00:00:00
23a4ec9714f8ca77c27110124f5e8259,908ddc5ae127ba1740a4ea84bb656725,delivered,2017-08-20 14:28:49,2017-08-22 04:05:23,2017-08-22 19:37:54,2017-08-25 22:07:57,2017-09-04 00:00:00
86ba74562effd10bf32402978095963c,aacaa4169ad65e20c67f8cdc04ba074a,delivered,2017-09-13 16:03:18,2017-09-13 16:24:43,2017-09-14 16:12:24,2017-09-15 19:39:52,2017-09-25 00:00:00
e7ce593c46f447cf67788cfb73581ad7,b6e3c38be27b21ae7dc366f800e06724,delivered,2018-07-14 12:22:31,2018-07-17 04:32:00,2018-07-17 13:53:00,2018-07-20 16:41:36,2018-08-01 00:00:00
775dfb31da346e5cf77c2fda51ae7bd4,b2ce78a52d897c070fe846ceef56a773,delivered,2017-10-22 19:47:42,2017-10-22 19:56:26,2017-10-23 18:43:40,2017-11-07 18:58:42,2017-11-17 00:00:00
f6fcca1241916be2fda723a7f452aa6f,09fc8ff1b2ecc31dcfe55d4ff7e4314b,delivered,2017-08-02 10:34:23,2017-08-03 10:44:06,2017-08-04 15:24:08,2017-08-12 13:33:35,2017-08-15 00:00:00
df0f3ed133d2ab8e8d0a5eaa55d13337,1aa5da509e3020542dfa288c7ecf1649,delivered,2018-02-26 21:46:35,2018-02-28 06:47:44,2018-03-01 18:49:50,2018-03-10 16:03:29,2018-03-27 00:00:00
7ce2089fc1fcc4723c496f0b549190d8,80b85e949dafb0f206275a156216c1c3,delivered,2017-06-25 12:00:34,2017-06-26 12:10:17,2017-06-26 17:42:57,2017-07-07 18:23:16,2017-08-11 00:00:00
195cdd5d4a7a7137487b3d3ab71c851f,f79565f79366895b7dff321dd6244440,delivered,2018-02-20 10:43:03,2018-02-20 10:50:44,2018-02-22 23:42:15,2018-02-24 02:32:38,2018-03-06 00:00:00
a731c3a7a6915d1e0a711b745f73bc49,71583bf590a19d9a0c2073d705b73c7d,delivered,2018-04-06 23:50:19,2018-04-07 00:10:26,2018-04-10 00:25:52,2018-04-12 18:19:13,2018-04-30 00:00:00
39887bba2005d25e7b7400055ab2febb,ae4543ec3cc50019424540c11024e868,delivered,2017-02-25 14:20:03,2017-02-25 14:30:12,2017-03-01 05:55:43,2017-03-10 14:59:07,2017-03-24 00:00:00
1889699f134c9af589ab3415c75f0a04,113b6d8cc505fbd4c1ee50ae3b834c9b,delivered,2017-09-20 09:48:16,2017-09-20 10:04:18,2017-09-20 19:07:57,2017-09-26 20:43:31,2017-10-06 00:00:00
14a76254fd8b520137f06d37b1cdb8d2,752a691fe8bb2a1885f8de621bfa903f,delivered,2017-07-11 13:03:27,2017-07-11 13:15:15,2017-07-14 18:15:55,2017-07-26 19:22:02,2017-08-02 00:00:00
5f944775bd47e27388f34caaac31649a,d44f8f91948d0fce5a34a2fe6c7d27c5,delivered,2017-12-07 16:32:47,2017-12-09 02:49:46,2017-12-11 19:58:52,2017-12-28 16:06:03,2018-01-09 00:00:00
abb9f3409081aa15446fa8ae9add98db,8a2b7d85cd74e69ac62108df819c154f,delivered,2018-05-12 18:53:09,2018-05-13 18:53:52,2018-05-15 12:10:00,2018-05-22 00:40:50,2018-06-06 00:00:00
cd9d1d8f26cd28414908863fd4538ef6,a2f67e0aee80c6169e09d448c35d379d,delivered,2017-07-09 12:44:54,2017-07-11 04:04:07,2017-07-11 16:46:52,2017-07-13 19:49:17,2017-07-28 00:00:00
f86672be5bf85864e88a08f231b43c2d,426cffff769b755f3d032efea2afb4b4,delivered,2018-07-19 09:56:25,2018-07-21 03:15:26,2018-07-23 11:17:00,2018-07-30 17:04:47,2018-08-08 00:00:00
067d7f81fe42137dd925344dceb47d20,1750863a3a72d9a25b7e95358c496a50,delivered,2018-01-25 16:58:18,2018-01-25 17:13:31,2018-02-08 20:28:54,2018-02-15 01:07:30,2018-02-19 00:00:00
93c45f5d04043d75b06fe63e265b920d,a8359f16baf6a2dd9b1dd92bb8312e1a,delivered,2018-07-29 22:23:11,2018-07-29 23:00:10,2018-07-31 16:26:00,2018-08-03 17:06:03,2018-08-06 00:00:00
9def7a5fa150d19b1aaa252828db8df9,9302b40e3cbf7c43daae0cf4bf7e8895,delivered,2017-04-04 22:33:07,2017-04-04 22:45:14,2017-04-05 14:27:55,2017-04-12 17:38:07,2017-05-08 00:00:00
4334cbad2570eb17ab0f2be70bcc22b7,7d350d56bac0a6a9b6c3e5ce37198fba,delivered,2018-02-19 23:48:49,2018-02-21 06:05:30,2018-02-22 17:22:58,2018-02-26 18:35:48,2018-03-05 00:00:00
ac7c3a55c9fcdbdbc31f8dec55b93d5b,1918e05f3ce458803829a5e8c0064711,delivered,2017-10-31 17:47:28,2017-10-31 18:07:02,2017-11-01 21:20:06,2017-11-07 19:14:15,2017-11-21 00:00:00
0159b449009b3f8748ed7c56e9d84afe,fb7e9a0264b2987537473967c3518c95,delivered,2017-12-26 13:38:48,2017-12-26 13:49:27,2017-12-27 17:08:06,2017-12-28 12:42:36,2018-01-17 00:00:00
02e0b68852217f5715fb9cc885829454,12b78d9eacb77edde80d19b9528bcfe9,delivered,2017-11-24 06:25:10,2017-11-24 06:32:24,2017-11-24 18:46:54,2017-11-30 18:19:22,2017-12-19 00:00:00
5b62faa806e6491e48c6610986ee31fa,b7b4d19acefd69c62d58215923216f2a,delivered,2018-04-05 11:41:17,2018-04-05 11:55:25,2018-04-07 01:32:25,2018-04-12 19:52:47,2018-04-23 00:00:00
88ec527e87c2fbf8327c97669112d15f,76a6ab6a7199797a53a9a2c00da74410,delivered,2017-03-18 13:33:35,2017-03-18 13:33:35,2017-03-20 17:55:47,2017-03-24 13:23:53,2017-04-18 00:00:00
91fbe60f1b4b1e79c0f577bb6ac24502,1b59fcfb65b5e4b96111c2a3f17c7159,delivered,2018-01-24 01:21:38,2018-01-24 01:33:38,2018-01-24 15:49:17,2018-01-27 13:58:27,2018-02-19 00:00:00
e299d34f0c70ced319c57b2b675f0c4b,41f7fbda7f5da48f2122f4c71ad2d4bf,delivered,2018-04-09 08:38:49,2018-04-09 08:50:09,2018-04-10 20:52:03,2018-04-11 12:56:36,2018-04-27 00:00:00
695bdd39d2b8c25bb80207a161ed8086,787105d518a38470555bbfe1978b63f9,delivered,2018-05-30 20:36:01,2018-06-01 14:32:36,2018-06-11 14:33:00,2018-06-15 11:38:27,2018-07-12 00:00:00
474565221e00d78e3862cac801247772,da5966b6db30f0c9b604687e7882c13a,delivered,2017-03-13 10:00:51,2017-03-13 10:00:51,2017-03-16 11:14:13,2017-03-24 12:03:41,2017-04-03 00:00:00
5f2905e9dc8966ce170d8d5f31ba67c6,11f1b2f86c6a83e7fc3ffb49465f5d25,delivered,2018-03-12 16:38:27,2018-03-12 16:50:41,2018-03-13 19:47:58,2018-03-16 13:34:35,2018-04-06 00:00:00
b06c3d4fae307a68fd3a91b94e4fe030,5ee143fbea5835740c4474e2de7b8601,delivered,2018-01-12 09:43:28,2018-01-12 09:53:22,2018-01-13 01:13:09,2018-01-16 18:17:54,2018-02-09 00:00:00
3e94e8193697342790ce0f1f8876fdc7,7983c699f34e9ba67e1556feca9cf98d,delivered,2018-01-13 21:27:52,2018-01-16 03:36:40,2018-01-16 22:52:20,2018-01-24 19:49:07,2018-02-05 00:00:00
9b2219c364534d3bc6d3e82b1db3c37d,287d466084573ecace619577f69640b2,delivered,2018-05-29 18:43:17,2018-05-30 18:55:19,2018-06-01 14:45:00,2018-06-04 13:42:12,2018-06-21 00:00:00
0f914d0786d04db3fe3dfb23cfe60aeb,6b4653242a2d90f5a7c66080b45bdd68,delivered,2017-11-19 09:42:52,2017-11-19 09:55:32,2017-12-05 17:44:36,2017-12-19 16:12:31,2017-12-29 00:00:00
e3807cb03bd879bb71c662d016a448d8,d53dc1a1abd8bf35dc80cf67e4605d44,delivered,2018-02-15 22:16:58,2018-02-16 14:31:58,2018-02-16 17:54:53,2018-03-05 17:33:41,2018-03-06 00:00:00
8d28d85373ccf5fb9599d6ca20552f48,63cb0cad3a447d2ea7a621f58de6606a,delivered,2017-11-29 18:52:08,2017-11-30 17:32:24,2017-12-01 19:32:37,2017-12-04 21:03:57,2018-01-04 00:00:00
9a61dea33159894a2e383b2b3d520158,ae9337f44dd7350c1989e6dcd9802452,delivered,2018-03-30 05:20:13,2018-03-30 06:30:09,2018-04-03 01:52:45,2018-04-13 22:32:48,2018-04-24 00:00:00
d4de2f5093e11fecfa11da7ea4a09a21,bfa37f3d076b32972189c3dc3dde75b7,delivered,2017-08-26 18:56:54,2017-08-29 04:45:03,2017-08-29 13:47:21,2017-09-04 15:17:06,2017-09-19 00:00:00
31ba66f58ba311071bb8cc50383ada02,3a0630ca3cabd7ede33edb0b6ddb8239,delivered,2018-01-08 18:09:40,2018-01-08 18:31:27,2018-01-09 19:44:11,2018-01-10 22:53:37,2018-01-24 00:00:00
65f3d65b89d1fdde15dc314858c9c161,a1b5ca506b592bb72d4caadcbfe71385,delivered,2017-04-10 00:08:56,2017-04-10 01:02:42,2017-04-10 12:33:22,2017-04-15 08:13:25,2017-05-02 00:00:00
5c88e946e28e122cbb26c630e2f67f58,aabad376799f97beacc0d8b52a9bfa84,delivered,2018-06-03 20:27:39,2018-06-03 20:49:46,2018-06-04 14:21:00,2018-06-15 21:54:31,2018-07-19 00:00:00
eed22f145a76fd4bb9224e927213dd25,de32fa9a83d181f71df655e44364be0e,delivered,2017-11-23 13:49:32,2017-11-25 03:33:50,2017-11-28 14:47:02,2017-11-30 15:45:11,2017-12-13 00:00:00
a006b205e3eb2c6f672a5a4ca2513d6e,efb36dbe96cd81027a82637df5bbe63d,delivered,2017-07-30 14:52:40,2017-07-30 15:05:16,2017-07-31 19:47:29,2017-08-10 17:55:17,2017-08-28 00:00:00
293429beb0a9a73217c1b2ebed009117,5ec26a46ab05725360623cf3f0c78232,delivered,2017-06-22 21:21:19,2017-06-22 21:30:20,2017-06-23 12:22:06,2017-06-27 13:21:57,2017-07-05 00:00:00
3a73fa58ac16869d242abd0320be97cf,caffcf2c7044a16f45d10641efd5b872,delivered,2018-02-25 17:27:50,2018-02-25 17:47:33,2018-02-27 16:02:50,2018-03-13 21:21:37,2018-03-16 00:00:00
03518b1ed227311405c355ccbda81a80,07b84eb06cfdd90b1e293bab0df8123f,delivered,2017-07-26 09:47:24,2017-07-26 09:55:21,2017-07-26 20:49:37,2017-08-01 21:39:31,2017-08-17 00:00:00
836f8d90a17794db6d9c6112cd76ede9,550bdad1d7b4d47d3a5dd435d67c21f6,delivered,2018-05-07 21:41:24,2018-05-09 03:11:41,2018-05-09 12:50:00,2018-05-10 18:51:49,2018-05-15 00:00:00
156d7322e097c3a33f3f2c808bcffc61,37c85c91273baf6a4c844e30c26b7d6e,delivered,2017-05-08 17:37:04,2017-05-09 09:43:08,2017-05-09 10:08:54,2017-05-19 13:52:13,2017-05-29 00:00:00
cd5f64ebe84e37b5af53dc260e536615,eab464d9d766695a630715633d0523de,delivered,2017-10-26 14:07:30,2017-10-27 14:11:07,2017-11-03 19:41:54,2017-11-07 20:09:17,2017-11-14 00:00:00
8cd5a8ed660d7c0a352769c18c7b8f9e,b59d737afa00b0c40d33dd410a53084d,delivered,2018-06-30 20:14:09,2018-06-30 20:30:03,2018-07-03 10:53:00,2018-07-06 13:21:04,2018-07-25 00:00:00
d55153efda4898b9459824bbf0a0cceb,c4a592c82e1b5c3ba72057c5ec548864,delivered,2018-01-13 20:01:38,2018-01-13 20:09:34,2018-01-17 13:09:45,2018-01-19 00:18:46,2018-02-05 00:00:00
917a1e55e47868301492b1f8f765a6f8,e66a30c180b39bc69be9b943afcd94e6,delivered,2018-01-26 19:04:42,2018-01-26 19:18:19,2018-01-30 23:39:36,2018-02-03 13:26:42,2018-02-09 00:00:00
8c818b14eb9371f86e6660c4934b0293,7816c1b7ee0b6cb89b2416bd2a7123e5,delivered,2018-04-26 10:38:43,2018-04-27 03:51:11,2018-04-27 15:02:00,2018-05-07 22:28:39,2018-05-22 00:00:00
02504308041b6ad0a112b2b7159439ed,96cfaf71faaf9a904c4045fd835853cc,delivered,2018-03-09 10:11:51,2018-03-13 04:48:01,2018-03-27 22:06:36,2018-04-10 19:13:44,2018-04-19 00:00:00
238bcd7a2027e5f32fd185c264d73786,9654fe2d235aff025a7125323b3658dd,delivered,2017-03-21 20:38:03,2017-03-21 20:38:03,2017-03-22 15:06:35,2017-03-29 10:47:53,2017-04-25 00:00:00
c99c438d8365d61dbcd8f6b7ffaa6b5d,d81c2387e7b183f1a0b3f94a181fd859,delivered,2017-11-08 10:37:51,2017-11-08 10:50:42,2017-11-08 16:44:46,2017-11-23 22:25:03,2017-12-05 00:00:00
427d0f687214f83a79eb0b0d33d32d28,7919c98d539dbe20896f917500ffdba6,delivered,2018-08-04 23:34:24,2018-08-05 23:25:18,2018-08-07 12:24:00,2018-08-13 16:38:35,2018-08-15 00:00:00
e7673cc4ac15a894f6d03cef60d88fcd,1084c1659a761ef371671a882a4134b9,delivered,2017-11-24 22:54:41,2017-11-28 03:33:09,2017-11-30 15:28:36,2017-12-15 21:21:49,2017-12-18 00:00:00
9711d975b961355b4b5d636857e48498,93ae1bda7d91d89da9fbccb5e1da3d48,delivered,2018-06-13 15:23:50,2018-06-13 15:38:18,2018-06-13 13:15:00,2018-06-26 00:33:48,2018-06-29 00:00:00
f2941ef41efb5162199b15316b05ce3e,628ad6ffbb4c46d6d1781bb4360ac2dc,delivered,2018-05-13 22:12:59,2018-05-13 22:32:33,2018-05-15 15:37:00,2018-05-22 17:17:02,2018-06-12 00:00:00
163e2a2f67fd2f40ae55054e8e212678,b8547f5a50aacb21a829f9096960afb3,delivered,2018-05-17 16:42:19,2018-05-17 20:32:14,2018-05-18 16:56:00,2018-05-23 14:33:13,2018-06-19 00:00:00
1bde1f1942be558c1527a73da61695d2,e8abad00266b9c97a931297879960258,delivered,2018-02-14 10:42:22,2018-02-14 10:50:30,2018-02-14 20:04:14,2018-03-09 15:24:15,2018-03-13 00:00:00
96c1c69728dfe6ad776327de86352efd,b07f35a608f8d819007039505a159462,delivered,2018-05-19 17:35:45,2018-05-21 08:17:53,2018-05-21 15:01:00,2018-06-04 14:18:51,2018-06-19 00:00:00
660076a2409adb8d95d868172c055e4d,fe6c91959fc44e09a6dd627f66497573,delivered,2017-06-13 18:17:42,2017-06-13 18:30:19,2017-06-14 15:58:40,2017-06-22 16:53:12,2017-07-10 00:00:00
327e9810cdacade85a92b9228ab04d1a,f99fcdc1abcce8d94b2e628cadf50594,delivered,2017-11-24 19:41:28,2017-11-30 15:13:42,2017-12-01 19:16:28,2017-12-15 20:36:46,2017-12-08 00:00:00
bddff2883414dd312ae50df08beceb22,bb7b4c45c021cdb9219306f8182506ca,delivered,2018-01-13 20:12:58,2018-01-13 21:11:26,2018-01-16 00:42:43,2018-01-18 12:26:49,2018-02-07 00:00:00
9ddc868ed710a9e94bcbf5972309f450,54171e00b716beeb65658203ce2bac47,delivered,2017-04-09 19:57:23,2017-04-10 20:02:29,2017-04-11 15:48:21,2017-05-02 08:18:03,2017-05-12 00:00:00
457714bcb907cac0b11252276a09f406,c9408afee56e7572a6cb85c5f88e499a,delivered,2017-09-05 21:23:32,2017-09-06 14:55:24,2017-09-08 20:29:49,2017-09-21 17:33:59,2017-10-04 00:00:00
1809a44d4cfef40b413aa8a35d87903e,dedd8b4958cfa85ad524e089bc460664,delivered,2018-03-03 00:21:15,2018-03-03 00:35:35,2018-03-06 02:23:13,2018-03-06 20:08:29,2018-03-15 00:00:00
845b246277d6bf2be20db34577513537,4ff8e39c2ab4a5985c6b772934e2ee3c,delivered,2017-10-28 14:28:53,2017-10-28 14:45:31,2017-10-31 16:02:07,2017-11-03 15:03:09,2017-11-17 00:00:00
2a4a59ba2f6ffd2ab64d38122a957cba,07660608cde07538da3a7ff7a838af11,delivered,2018-05-15 10:12:10,2018-05-15 10:55:24,2018-05-15 15:19:00,2018-05-16 19:18:48,2018-05-24 00:00:00
a6bd0e06851775efded00d296685e0e7,09c79853703c0506c3c48fe5c24ca574,delivered,2017-11-15 17:19:47,2017-11-16 17:15:48,2017-11-17 15:28:45,2017-11-23 16:06:49,2017-12-05 00:00:00
7282809524b9b429bb37460b46596293,7321990745cede1147b728cd2726d9eb,delivered,2018-06-26 12:20:15,2018-06-27 12:15:29,2018-06-28 11:23:00,2018-07-03 22:04:15,2018-07-24 00:00:00
490f75c679e003531e19c582db8dc456,85f5620057716466350882996fba5069,delivered,2017-02-18 14:53:29,2017-02-18 15:02:49,2017-02-20 14:32:40,2017-03-13 19:12:33,2017-03-23 00:00:00
ab348b95012031ab6a86594395ad47e1,678d20542c7e73359dbe7f13acd6a4f1,delivered,2018-08-10 19:53:00,2018-08-10 20:05:22,2018-08-16 11:38:00,2018-08-18 00:21:14,2018-08-16 00:00:00
0245631f7bd55dbee7c6b441629bba94,4d82e79f5404e8c3f059ab099fbe5dda,delivered,2017-10-05 18:26:36,2017-10-05 18:45:20,2017-10-06 19:48:55,2017-10-13 21:37:42,2017-11-01 00:00:00
afdc19847d2b39afa2d82a35ec730571,72770bac9967ba159eebde97c2550718,delivered,2018-05-03 14:30:54,2018-05-03 14:54:44,2018-05-03 15:16:00,2018-05-07 19:50:37,2018-06-05 00:00:00
990c396e6013e8b43c6f18b3d609cbee,de67b9e2cc36195a94295b519d3d911a,delivered,2017-06-27 11:21:23,2017-06-27 12:04:02,2017-07-04 13:29:43,2017-07-13 12:03:11,2017-07-10 00:00:00
04cfd74948a554f6f404e78f54f26b22,905bb858283fd4c7c6da0aefcafeac32,delivered,2017-10-20 16:39:05,2017-10-20 17:49:31,2017-10-24 19:58:58,2017-10-30 21:32:31,2017-11-10 00:00:00
f1abca034cc2b7c0f679e551dc63f6bd,fd2ffd87e77f39fb17fb2574f4e3d52d,delivered,2018-06-20 12:23:59,2018-06-21 03:38:56,2018-06-21 12:05:00,2018-06-26 20:04:52,2018-07-13 00:00:00
98f78a197120b3961071362531dbb247,c2050cb7f460ab220153e1a52f93dc61,delivered,2018-01-10 16:31:08,2018-01-10 17:35:15,2018-01-11 23:44:00,2018-01-19 01:19:29,2018-01-31 00:00:00
73f48668570ed56f695a820d9fad1642,ea0bd9cdf7439fda31f46c19f009fa10,delivered,2018-04-10 10:40:01,2018-04-10 11:30:05,2018-04-11 14:24:35,2018-05-10 21:34:43,2018-05-15 00:00:00
f6519aa0bb0a6531345ac2e6fdbb2e0c,64a80bc56a3c3b8bebd2bcdf5a7d82b7,delivered,2017-11-23 23:47:43,2017-11-24 00:37:42,2017-11-29 00:41:21,2017-11-30 18:57:19,2017-12-07 00:00:00
a152e104a4305cc7b35c02b235c6887d,8438e51fb0fc6662604d32eeccef52c5,delivered,2017-08-24 16:29:10,2017-08-24 16:44:31,2017-08-29 10:52:06,2017-09-13 18:10:02,2017-09-22 00:00:00
fa5fda679e9129cc1196e2482c1b58f5,fc5c199aa3526151dbe8fec0ecca3a70,delivered,2017-12-08 21:46:10,2017-12-12 03:59:41,2017-12-13 22:17:15,2017-12-18 17:39:14,2018-01-05 00:00:00
865301eccebb37c03ad8ccd1cb994b2b,4db9c8ed57db4664fd99ae1e2b941fa5,delivered,2018-04-05 21:00:31,2018-04-07 02:48:15,2018-04-10 00:12:54,2018-04-18 15:06:52,2018-04-26 00:00:00
b563e4c9abf7b930b4bad28a98c22670,3db7d750dec6af04aa58c535060dc154,delivered,2017-10-18 19:19:24,2017-10-18 19:35:34,2017-10-26 19:21:57,2017-11-07 11:37:42,2017-11-09 00:00:00
6b686186d43eaa21c407ecf34ebb9ee6,be6d6b80ed0d80156defc8802d89eed2,delivered,2017-01-20 14:30:03,2017-01-21 14:50:18,2017-01-30 13:32:41,2017-02-03 13:34:36,2017-02-22 00:00:00
7e9d429736ca906b27567eceda90f4b6,7589cc79e856007fecc58b75847c1978,delivered,2018-06-28 20:42:16,2018-06-28 20:50:18,2018-07-02 14:05:00,2018-07-09 23:22:03,2018-07-25 00:00:00
c3cc6a266e4c55bcf3f8d72556617cf8,4cef903992d3e9ed29973815ddfe3e95,delivered,2017-11-04 21:28:42,2017-11-05 21:26:32,2017-11-10 21:18:52,2017-11-16 15:58:47,2017-12-06 00:00:00
5fd7343c3fa3940bd6fb6145c38382ff,5f79e3a70edb7b5c683654cb6285c88b,delivered,2017-02-28 11:11:32,2017-02-28 11:21:56,2017-03-01 15:51:24,2017-03-17 10:25:43,2017-03-21 00:00:00
73104970a86b9a01354c304ea42ce0ba,e435c2706ddda24417570a00a4321e48,delivered,2018-01-01 22:12:41,2018-01-03 04:31:22,2018-01-08 19:34:37,2018-01-16 20:37:07,2018-01-29 00:00:00
c6a3d2b7b077946b1b0134dd45d28f98,7cb502ee5543d583f0072440f8b94444,delivered,2017-05-05 20:59:15,2017-05-05 21:10:12,2017-05-08 15:42:54,2017-05-11 08:24:48,2017-05-30 00:00:00
da7af77d5f98212a8c1ad0b1c552f102,24cf7b32fc941c030828ad85d84769f7,canceled,2017-07-16 10:46:54,2017-07-16 11:02:54,,,2017-08-18 00:00:00
188e0ceeddc1fff39d55d96545c912c2,ee253c2024b81d3eff1f959498abe13a,delivered,2018-07-01 18:23:28,2018-07-01 18:35:08,2018-07-02 11:26:00,2018-07-06 17:07:37,2018-07-26 00:00:00
5d3e9872c4d4dcdafa21c09eb064171b,9b190196ea7f4ca95c4f5f94a4bfddfd,delivered,2017-11-05 11:33:28,2017-11-05 11:50:18,2017-11-07 18:48:45,2017-11-14 14:34:56,2017-12-01 00:00:00
16979f290362d23a71acd4371ff49295,5c5ead67cdee5bd19e3bfddc68fe1c58,delivered,2017-07-20 12:25:21,2017-07-20 12:35:18,2017-07-24 11:28:05,2017-07-26 18:58:35,2017-08-17 00:00:00
949ee5d5e7ced365753539d09e52289f,7984b94a493e842d0d9eb66868b5c12d,delivered,2017-06-20 16:40:02,2017-06-23 16:03:49,2017-06-26 13:19:35,2017-06-27 12:21:53,2017-07-03 00:00:00
6af0669bfc3cbdfbc6559919441da2e8,899d314e0ceb5d259c42293077eb5102,delivered,2017-11-23 21:41:25,2017-11-23 22:12:35,2017-11-24 17:39:18,2017-12-04 23:14:52,2017-12-14 00:00:00
97f95535ada31d6fa853230e815ee4e3,a0d04a491f25030236e94355ba1e7e47,delivered,2018-06-01 13:39:44,2018-06-01 13:55:09,2018-06-04 14:29:00,2018-06-11 21:33:15,2018-07-12 00:00:00
7133cd362a0471dc79e40be4dc66a410,e3aa8ddc27af8b8c9fedf0bb3acc2def,delivered,2017-09-28 19:04:36,2017-09-29 02:30:18,2017-10-04 17:38:02,2017-10-09 17:33:30,2017-10-16 00:00:00
353452698ed9b7e594c057af6d63c95f,ac754190c3f23c6d841cf343b56d8e71,delivered,2017-07-14 18:29:40,2017-07-14 18:43:51,2017-07-21 21:43:39,2017-07-31 19:27:48,2017-08-07 00:00:00
5f7e868dd546fc8e9e0bd8515efababc,7d9ae6a70b73e87d1be939278b1fa0e1,delivered,2017-05-28 15:57:14,2017-05-28 16:05:09,2017-05-30 09:44:07,2017-06-06 13:35:41,2017-06-21 00:00:00
ded456690bcb2ffd4def86541479037f,e72188520e7450d41369c84fed0a4b68,canceled,2018-08-24 06:58:50,2018-08-24 11:45:18,,,2018-08-29 00:00:00
477140a02351a2a01918ec67d2d68ac2,822b607b23f20ca968363147e061d6c6,delivered,2017-04-08 23:32:32,2017-04-08 23:42:20,2017-04-11 11:26:59,2017-04-21 08:20:06,2017-05-11 00:00:00
1280f995f41bf95106134b4d116a5f01,c71d7cc776805177a8efc0f904ee5b60,delivered,2017-05-03 13:31:27,2017-05-08 23:33:06,2017-05-03 16:35:47,2017-05-11 12:41:58,2017-05-26 00:00:00
6cb2e47e3a5794ff1a6157838c9e32e5,14a98f88d2c17526cf1f6de47ebfca22,delivered,2017-10-27 13:10:56,2017-10-27 13:27:55,2017-10-31 21:09:52,2017-11-06 18:08:46,2017-11-16 00:00:00
99bc2347537c9bba890bf1e3939f6f4e,cb71c329ef62ba1759214a90c8888a65,delivered,2018-04-29 16:37:04,2018-04-29 16:54:25,2018-05-02 14:13:00,2018-05-07 18:16:42,2018-05-22 00:00:00
0e696093d25ba307ef78cf0d208bf500,5fb239cb8ef28ff4b56d2e34da747f99,delivered,2017-12-04 11:46:39,2017-12-04 16:32:02,2017-12-05 16:57:16,2017-12-13 22:47:13,2018-01-04 00:00:00
bea39233e56405aa80613120fa0faae9,a8f9158b7618546f8c99e5c194a3366f,unavailable,2017-07-04 22:27:23,2017-07-05 17:39:25,,,2017-07-28 00:00:00
fce8ff96dc39e6ad674a20032e22b435,74bafbdf42aa593dae40b106baaf020a,delivered,2017-09-15 14:52:46,2017-09-15 15:05:40,2017-09-15 21:13:35,2017-09-18 17:32:26,2017-09-27 00:00:00
a138c0644d38ab9a92ab77dfdd294584,76b2a09f520e22fb95a73f4baa4cfe50,delivered,2018-07-04 12:47:34,2018-07-05 16:27:10,2018-07-05 14:43:00,2018-07-06 16:24:42,2018-07-17 00:00:00
542b5e9b74a189f238b8ddb6f4805667,7cf1f487ababcba38a7a9e4068840c9e,delivered,2018-07-09 17:18:05,2018-07-09 17:25:12,2018-07-11 15:55:00,2018-07-24 22:10:41,2018-08-07 00:00:00
01237c761ffb72594a466ed514518af0,344bcdb5be77a9718607ba86ca48f765,delivered,2018-07-05 22:40:15,2018-07-05 23:20:59,2018-07-06 11:14:00,2018-07-10 23:08:35,2018-07-25 00:00:00
107b6dd80460768e617562eb52b4b9a9,ce376facd77acd7fac4fd003910c53c9,delivered,2018-03-01 08:51:41,2018-03-01 09:09:28,2018-03-06 00:08:39,2018-03-09 22:21:18,2018-03-19 00:00:00
758c8ff64cc233c51b12159bea040efc,223ba7381d6b18429c3a5e11df5b30a4,delivered,2017-11-28 08:48:04,2017-12-01 18:10:20,2017-12-02 13:09:19,2017-12-13 19:59:33,2017-12-22 00:00:00
7516ada37da346ba311859d597217718,4eac66d1e597084a09fd3b629dd7c0e1,delivered,2018-03-31 18:32:33,2018-03-31 18:47:25,2018-04-02 20:17:29,2018-04-11 00:21:18,2018-04-26 00:00:00
ac0da888b1077d0f40b33eea6de6297e,8970d0556de8379c1dcadda85f07e2b0,delivered,2017-11-14 10:17:39,2017-11-14 10:30:40,2017-11-14 23:04:44,2017-11-16 20:54:38,2017-11-28 00:00:00
42d79478d8d834670fe17dfe07f5b581,7f67b155a0f106bbc33e66c52f71db79,delivered,2018-06-28 11:19:40,2018-06-28 11:35:13,2018-06-29 12:09:00,2018-07-09 18:34:50,2018-07-30 00:00:00
e4056fbb5f5bfa209170515335558cb0,c7d0a5ed2493d72a81e5dbcdef58b621,delivered,2018-03-22 18:01:04,2018-03-22 18:10:25,2018-03-29 22:24:40,2018-04-11 01:32:14,2018-04-23 00:00:00
5f15f0c533a12e29594c41ac50ce1379,9f07fee56d107e6f9f3eef24677103a3,delivered,2018-06-05 10:22:28,2018-06-05 19:54:51,2018-06-11 12:23:00,2018-06-25 20:37:47,2018-07-19 00:00:00
0adea70aa873a352ff8c3646aec71c31,7949f58c22788fc436d73186a078e0ad,delivered,2017-05-20 08:41:39,2017-05-20 08:55:12,2017-05-26 06:08:32,2017-06-01 11:41:36,2017-06-16 00:00:00
16d3fb690fdff184f6741b04dbbd0741,812cb8713f8e4fb2e07a9b5e61d86add,delivered,2017-11-03 12:41:15,2017-11-04 12:46:02,2017-11-07 17:13:37,2017-11-20 21:02:32,2017-11-29 00:00:00
c21dbddd7317624d1067278b35ca6915,71ef4d882400ced4bddcd6e8a60e1e9f,delivered,2018-03-22 17:28:55,2018-03-22 18:10:27,2018-03-28 21:46:47,2018-03-29 14:12:16,2018-04-04 00:00:00
3db31eaaf79e14aacfe056edba923cba,e0b46a17b602ade36f5cc3e251668a05,delivered,2017-08-14 12:49:13,2017-08-14 13:25:21,2017-08-16 17:25:47,2017-08-17 16:37:10,2017-09-01 00:00:00
dd9943ad7ea7581875ddc0f452c13545,7bdbc8d4be2b08e6aa4cea6662c4a3a4,delivered,2017-03-19 08:28:10,2017-03-19 08:28:10,2017-03-21 09:52:22,2017-03-27 15:24:49,2017-04-10 00:00:00
e1628b041fbaf3d0df5f995d0ad91cbc,ec504939e5affa24c1a5e9be32c5e22e,delivered,2018-05-19 19:57:49,2018-05-22 08:34:01,2018-05-22 14:44:00,2018-06-06 19:44:30,2018-06-11 00:00:00
26e5ea27a6fddbbf4b360bdcd90c30c8,a9393533a76acd87a5bd1768ef52cf7f,delivered,2017-10-24 10:43:48,2017-10-24 10:56:14,2017-10-24 21:53:39,2017-11-09 23:12:20,2017-11-16 00:00:00
23f563c1e12c5d6d279ecc446b5f933b,2fa31352737393319f999c84deafc5c5,delivered,2018-06-24 10:43:09,2018-06-24 10:56:22,2018-06-27 11:45:00,2018-07-03 12:33:16,2018-07-25 00:00:00
45390ff93f092f0de1524d486a172c33,79972dea61158c428fbc2d00d203a500,delivered,2018-02-21 20:55:22,2018-02-23 02:31:07,2018-02-24 01:34:05,2018-03-17 00:04:16,2018-03-15 00:00:00
b7467ae483dbe956fe9acdf0b1e6e3f4,424bb0b58d2a1f8f1a185d44a8116aae,delivered,2018-05-21 14:14:35,2018-05-21 16:14:55,2018-05-23 12:57:00,2018-06-04 18:52:15,2018-06-08 00:00:00
5571222bcd19928723500fbf1d62c819,6a330fc6550084bc7c035f4695121771,delivered,2017-03-27 16:20:43,2017-03-27 16:35:15,2017-03-28 12:34:31,2017-03-31 08:32:05,2017-04-17 00:00:00
21ff9e52b420083bfc502b827916d069,a178d9b6b37f806862322140af76d744,delivered,2017-07-02 12:09:00,2017-07-02 12:23:52,2017-07-03 13:04:34,2017-07-11 21:27:35,2017-07-25 00:00:00
3b8571d1b976c25db4b555a5f04b1968,9c85b029b22c928f95accc8c6d8b5343,delivered,2018-08-10 21:38:38,2018-08-10 21:50:20,2018-08-13 14:00:00,2018-08-20 14:46:28,2018-08-27 00:00:00
c7f9c9ed8383be0c7514a7672ffdfdbe,9fe71cf3d38ed8a2df5d20cef8dccd9e,delivered,2018-08-16 15:54:42,2018-08-16 16:10:25,2018-08-17 13:10:00,2018-08-23 22:18:22,2018-08-31 00:00:00
95169e040d35061fb85e797d1c163573,883600bd2142d1bc739a9ee7371d13ec,delivered,2018-08-12 19:31:01,2018-08-12 19:45:24,2018-08-13 14:00:00,2018-08-17 17:41:47,2018-09-03 00:00:00
a8347ba04591f966205182a1c99c310e,53e16f83735cfe02bf83ef6481ca241e,delivered,2017-12-04 21:11:15,2017-12-05 08:30:50,2017-12-05 19:29:01,2017-12-26 19:13:07,2017-12-29 00:00:00
3b2a2bbfd008c0c053c78914e69e0f79,291dcc54f6638380fed8043b57a27868,delivered,2017-06-13 20:47:56,2017-06-13 21:05:27,2017-06-14 15:02:59,2017-06-24 08:39:31,2017-07-06 00:00:00
db2ab2d67b7e072882b87621025cc8d6,e840da610c4332c5751cc1341e988a6e,delivered,2017-07-30 17:48:59,2017-08-02 08:32:15,2017-08-01 15:22:11,2017-08-02 22:11:54,2017-08-11 00:00:00
ed9babbb81731e57a8a763b361fe8d57,6a0d1f6772f321da7403507787495423,delivered,2017-11-24 15:13:47,2017-11-24 17:54:19,2017-11-28 19:28:39,2017-12-04 16:38:59,2017-12-14 00:00:00
3865b07872da3d5435a63e1a895cf82d,97d489c217105f10af366a8e67bf4dae,delivered,2017-11-15 00:16:49,2017-11-15 01:10:31,2017-11-16 16:21:53,2017-11-21 22:18:20,2017-12-14 00:00:00
0964250cecc3ab90b45138c9cbbf7b91,87cc319565647dae82dbfa9e8261f95e,delivered,2018-05-11 23:29:15,2018-05-11 23:51:05,2018-05-15 12:17:00,2018-05-24 23:21:42,2018-05-25 00:00:00
91116032517d91c1180ea2bd34db30c3,cbece3180303b43f336eaab51da85aad,delivered,2017-07-16 09:50:28,2017-07-16 10:03:27,2017-07-18 19:42:20,2017-08-15 21:17:53,2017-08-16 00:00:00
f5299daf77d8dc1c9630692065eeeb57,7ec3f2352e9adbb54e274886e56f4a7c,delivered,2017-11-25 13:50:11,2017-11-28 15:34:31,2017-12-02 00:09:09,2018-01-08 18:53:05,2017-12-29 00:00:00
28c89c82267d381a04c52210eb2cd4b7,32ffea59402a367c36b5e5ec8c35e459,delivered,2017-04-20 21:43:32,2017-04-25 08:02:46,2017-04-25 14:28:41,2017-05-03 14:52:50,2017-05-11 00:00:00
460bbd1de438f2781234032226e45461,d47c07942091434330f8bf4d93ac17c1,delivered,2018-06-22 11:57:51,2018-06-23 01:40:15,2018-06-25 14:45:00,2018-06-26 10:52:45,2018-07-05 00:00:00
24940d1052df86d8e24f16e5adf2868e,dde3f6a475d39044e793c94010308629,delivered,2017-05-01 13:31:40,2017-05-01 13:50:16,2017-05-05 15:10:06,2017-05-16 20:21:26,2017-05-30 00:00:00
9863811d92f6ae6fdc407813b2e6a285,894344399c9fdb69219284fad90d6b28,delivered,2018-05-16 13:53:00,2018-05-16 15:18:32,2018-05-17 10:07:00,2018-05-21 18:52:11,2018-05-30 00:00:00
779078ac80552fa400b11c285d16e4fa,f583831c572cc8569de2841fd281fd2b,unavailable,2017-06-13 21:11:58,2017-06-13 21:22:41,,,2017-06-28 00:00:00
a8ad6062c04fe8e59731cf03daf951b0,a32bfb52b772eb12837ab15df2b165c7,delivered,2018-04-02 14:04:43,2018-04-02 14:15:26,2018-04-03 18:57:35,2018-04-12 05:55:40,2018-05-07 00:00:00
058e0a8627dc25b49eae4ce6ca658cb8,ef48ea66fb39a13e1310b36b676e29e7,canceled,2018-05-10 13:10:44,2018-05-15 07:14:53,,,2018-05-28 00:00:00
430b5c4d7f6d1aefd4e271571122d635,0e6043c6383abe8e3ee07a62b4a723d4,delivered,2018-03-04 23:25:54,2018-03-04 23:35:35,2018-03-05 18:39:08,2018-03-17 16:53:21,2018-03-22 00:00:00
f04479bb4e07ce7b8ac1d2287b528541,cdebdd9b0e6d04c6a6c2ac526fc081e2,delivered,2017-01-29 16:00:36,2017-01-29 16:31:39,2017-01-30 10:18:21,2017-03-14 10:42:19,2017-03-09 00:00:00
266431d2079465fd7c936bc6f9578d45,4d72fc220b552064edf66ae2e77443df,delivered,2017-04-25 18:03:03,2017-04-25 18:15:12,2017-04-26 10:14:04,2017-05-02 09:10:44,2017-05-12 00:00:00
c1fbcbfba6084a6a42992578fed419a6,642adff2ec0dd9a829799f8fa4861198,delivered,2018-05-10 17:40:24,2018-05-11 17:37:43,2018-05-15 16:11:00,2018-05-18 18:51:49,2018-05-30 00:00:00
17f6822b66a6bb2281a02c2c906336a8,6051b9e42147ce0a981bf25192044f85,delivered,2018-06-23 19:45:42,2018-06-23 19:55:52,2018-06-25 13:13:00,2018-06-26 20:21:54,2018-07-16 00:00:00
403bc403b9cc4b10bc0de6b86281728e,79f7aa9269886210f054b5337f326474,delivered,2018-03-24 22:32:54,2018-03-24 22:47:22,2018-03-27 03:36:27,2018-04-05 19:35:30,2018-04-20 00:00:00
053228d082dcc4c3730e511ecd4c9fa0,2c0bc44acb0f7e0523edb387e6bd1fdc,delivered,2018-07-31 11:38:33,2018-08-01 03:31:41,2018-08-01 11:23:00,2018-08-20 14:08:46,2018-08-17 00:00:00
337ed97aec5fea9e7e8169cf04876433,e465c6ea4029a5ac79cff9d1d8a73755,delivered,2017-10-09 20:23:03,2017-10-09 20:35:51,2017-10-11 23:13:30,2017-11-03 23:27:43,2017-10-31 00:00:00
73ab3121732a6b5bd3e8ad44c1d81c57,865395e6b73024ab6ff3d333f1012f6a,delivered,2018-04-01 21:17:46,2018-04-01 21:30:21,2018-04-02 21:08:40,2018-05-03 23:31:34,2018-04-20 00:00:00
38d4d6c821c0cda17600c430495f6a06,8aba3eac72f0fb726c15140c5e7b5d5b,delivered,2018-08-19 12:46:17,2018-08-20 12:09:35,2018-08-20 13:06:00,2018-08-27 18:51:16,2018-09-05 00:00:00
e2f80e58aa7bb597859b1b01b6bc366d,0ba9e1497ca235e5ebf6719be14a8c66,delivered,2018-03-04 18:57:54,2018-03-04 19:15:40,2018-03-06 00:06:54,2018-03-15 22:43:30,2018-04-03 00:00:00
45d401cfadade31e1b461e030548b712,e60cefbe177a009f39b4b4000cb0313a,delivered,2018-02-21 11:04:44,2018-02-21 12:05:30,2018-02-23 00:19:07,2018-03-02 17:17:36,2018-03-19 00:00:00
bd321a43c9e3e0ce286bc76d7bc18e53,dde5ac6be9d25e722f34409547565676,delivered,2017-03-19 21:27:14,2017-03-19 21:27:14,2017-03-20 12:52:56,2017-03-24 16:35:52,2017-04-06 00:00:00
1abd0dfe27b9146f0fe7ac0e4d03fcf5,6eaac02722db56c9644f4cb3e7943b1d,delivered,2018-07-02 16:45:00,2018-07-02 16:55:26,2018-07-04 09:34:00,2018-07-09 21:51:38,2018-07-27 00:00:00
230c4b870a8eec405f6b5db505974701,0146c236b4c942e0ed107444e8a90463,delivered,2017-04-03 22:43:45,2017-04-03 22:55:19,2017-04-06 10:30:12,2017-05-15 11:17:34,2017-04-27 00:00:00
4c9671e28ccfc8dafb3a9479e8f51adf,d1c012b9cf9af196c252e2d5ad694a4c,delivered,2018-07-05 19:37:03,2018-07-05 19:52:12,2018-07-06 11:05:00,2018-07-12 04:15:49,2018-07-30 00:00:00
23936c5f77c03f7cbd20d185732c60d9,aebec5696d5f14f312676983f3965b20,delivered,2018-08-01 15:50:23,2018-08-01 16:04:12,2018-08-14 12:56:00,2018-08-21 18:55:36,2018-08-27 00:00:00
d898dd2a514f62601dc99b7858023038,060feb3bc91804b596b106fa63834799,delivered,2017-10-25 12:58:48,2017-10-26 13:14:15,2017-10-27 22:15:00,2017-11-03 18:13:39,2017-11-16 00:00:00
87322429288d41c9b9216ef642e9b9fc,46c08b900dd90ea7d27b275b92a713e0,delivered,2017-10-03 21:59:12,2017-10-03 22:14:14,2017-10-10 19:24:00,2017-10-14 15:25:25,2017-10-25 00:00:00
c8ea8027c7ca4ff71aed28e256d49ecb,2c2f6dbfb1f1ca49d15ec9beb3de5107,delivered,2018-03-08 23:34:29,2018-03-09 01:20:30,2018-03-09 20:36:37,2018-03-11 19:02:57,2018-03-21 00:00:00
07b6fba80722b4ba2988ef68f8e20c9f,51460fb93e8641cb759c87b204e1fcd0,delivered,2018-02-17 20:02:02,2018-02-20 07:06:58,2018-02-22 21:33:58,2018-02-26 22:04:33,2018-03-05 00:00:00
246e8f5dd934761c8badf86d43225bdb,66133807d68ed8071deb3db9fea17ef4,delivered,2017-10-10 16:44:43,2017-10-12 03:00:14,2017-10-16 16:37:07,2017-11-08 19:09:15,2017-11-07 00:00:00
287f07f2662d6fece557157bb5f87fd4,e5e9eadd7d1db375dc607a5b9d10923c,delivered,2017-10-19 15:27:16,2017-10-21 02:49:11,2017-10-26 19:15:12,2017-11-01 23:36:11,2017-11-07 00:00:00
cb64fe77f78101ce43bdffc7be77c9a4,d0c07cdd5cde8cb9b6fb2d7a32060211,delivered,2018-05-03 22:33:14,2018-05-03 22:52:50,2018-05-04 15:48:00,2018-05-09 18:26:50,2018-05-30 00:00:00
c71e28c5a5dce4f2d223e54be0804379,3149402c5ccfd4d70014f1ffcf9ad95f,shipped,2017-04-14 16:48:53,2017-04-14 17:02:18,2017-04-17 13:06:14,,2017-05-22 00:00:00
c1bb3ffb1aeb6afbe42101499bd15708,5331ac2d2ed2def738a9c200cf8ebacb,delivered,2017-11-28 21:31:13,2017-11-30 02:20:22,2017-12-01 20:49:50,2017-12-06 19:12:54,2017-12-18 00:00:00
f7380d2ae6b2e130f6b1bb997ff1194a,bceee60ed28986b6a4a5be0e2a7b3625,delivered,2018-01-13 20:37:52,2018-01-13 20:49:54,2018-01-16 17:03:11,2018-01-17 19:40:55,2018-02-07 00:00:00
55fa1be4d71a86a2d97e29c2b65af3e0,e2584410bf1f4150b5f2334c01bff6b8,delivered,2017-06-22 18:08:16,2017-06-22 18:15:19,2017-06-27 07:58:34,2017-07-05 15:45:59,2017-07-18 00:00:00
fa25b9a1756347af70473e84988d016c,4e78d87ba58c7d214e8cb4d7f2b90311,delivered,2017-09-13 17:43:21,2017-09-13 17:55:28,2017-09-14 21:07:40,2017-09-16 15:33:49,2017-10-02 00:00:00
c722520c1663a8a3701cc0a6eb572b16,8484992c1eade2ac6e233494e7daac51,delivered,2017-05-07 21:38:07,2017-05-07 21:45:17,2017-05-10 06:06:58,2017-05-19 17:43:48,2017-06-14 00:00:00
9ae2acea50ce1f7fcb16485ec6b4d028,5e3ac279c965c02dbe4117b6c31b7365,delivered,2017-10-24 17:07:47,2017-10-26 02:56:37,2017-10-26 17:55:51,2017-11-01 16:46:23,2017-11-10 00:00:00
02881d166b44a823fd6947e715dfa5e4,16c1bb03adb08d986a62093823959ec6,delivered,2017-09-29 12:31:46,2017-09-30 02:24:49,2017-10-04 12:47:36,2017-10-10 18:59:41,2017-10-30 00:00:00
564cffd60596c7076932fbeadbc7b898,d361627a85f0e2f6857c4dae798f1b75,delivered,2018-05-05 19:50:24,2018-05-07 18:50:20,2018-05-09 15:48:00,2018-05-16 20:52:10,2018-06-01 00:00:00
80a18edfa1989bada0d72f3e0ff55aaa,65fc362d3d6288deed5b6284b492669d,delivered,2018-03-30 11:48:01,2018-03-30 12:30:15,2018-04-03 04:33:11,2018-04-09 14:27:42,2018-04-23 00:00:00
707109d106f57a298c6d726ff59fa324,a2b856c4ff916756f0d23bf50e68ccd2,delivered,2017-03-12 17:50:23,2017-03-12 17:50:23,2017-03-14 15:09:29,2017-03-17 07:37:36,2017-03-30 00:00:00
6957a72f3cc3a47e9d93b8b3b863c425,65e6185e3c6b1ac6c603863f8ea42e72,delivered,2017-11-25 18:30:06,2017-11-27 19:01:23,2017-11-29 14:58:30,2017-12-19 22:27:37,2017-12-20 00:00:00
77aa92a7fa7631318d976cdade65422d,f4ea832c987cada376a618b367bf4c54,delivered,2017-07-13 11:11:59,2017-07-13 11:25:14,2017-07-18 14:13:44,2017-07-21 13:35:39,2017-08-09 00:00:00
7fdc2d3ef3675840269e08e7cfda9a91,c73e7ea009cb09bf954b0d097f2e6a56,delivered,2018-05-12 08:50:43,2018-05-12 09:14:40,2018-05-14 12:32:00,2018-05-22 19:54:53,2018-06-18 00:00:00
95ade9e6c80f923bf69bb522ba96a7d0,bceccf42d84fd8009a31e3a486b6ce89,delivered,2018-03-06 19:19:05,2018-03-07 02:15:52,2018-03-07 20:54:39,2018-03-08 22:08:31,2018-03-16 00:00:00
a584b62631198e44d1a2bedba0a15dda,3baf1ca092ec3d9d85afd29b9f4290a2,delivered,2017-12-09 14:04:06,2017-12-09 14:14:20,2017-12-12 21:54:42,2017-12-16 16:49:06,2017-12-28 00:00:00
5c3c5fb92600fb7f21312551fc1ee21e,6631d7b1ff0c8eea33d294ca4ec2a2c0,delivered,2018-06-11 10:22:49,2018-06-11 10:35:22,2018-06-12 14:47:00,2018-06-18 14:08:27,2018-07-04 00:00:00
73c84b13ab9bb715a8e21eb2329177eb,4c4a5eb7bde501ed1a0e3a5297a8c949,delivered,2017-05-18 12:50:34,2017-05-18 13:11:02,2017-05-29 12:06:36,2017-06-06 12:47:56,2017-06-20 00:00:00
fd1aab20092cfd4201ea21ed4e847135,e87cbcfd281a4e4923ee3b2c9e6e9016,delivered,2018-03-28 22:31:05,2018-03-29 22:26:55,2018-04-02 22:38:55,2018-04-14 01:55:50,2018-04-30 00:00:00
1764739dbac867a8d361a7694d05f69a,f85c84778033505977181ec858c3c07e,delivered,2018-03-23 09:43:57,2018-03-23 09:55:28,2018-03-29 01:49:02,2018-04-09 20:28:27,2018-04-16 00:00:00
ac5269d6717b84efd17d253cf5520652,21d029fb9127856d43d8c335e486b404,delivered,2017-06-02 16:52:40,2017-06-03 02:30:31,2017-06-05 10:46:45,2017-06-19 13:42:07,2017-07-07 00:00:00
0cf6d9903d24cb0d6ef8817a9612fbfd,e9a600a9582d96365e2d57f4e2f6533a,delivered,2018-05-22 09:35:17,2018-05-23 02:38:19,2018-05-28 13:16:00,2018-06-04 17:48:32,2018-06-08 00:00:00
f0fa751754bd0d673e3eb5563ccc9d41,3cbaff1f3ace2b01fcd056100953ff6f,delivered,2017-04-07 21:39:30,2017-04-11 04:02:07,2017-04-12 10:33:25,2017-04-18 13:14:04,2017-04-28 00:00:00
8d8167b4fd098163e8639b0cadf330ec,d8b499463e4d32d284da63b92667fb9a,delivered,2018-06-05 08:57:46,2018-06-05 09:11:03,2018-06-07 08:29:00,2018-06-15 01:47:49,2018-07-13 00:00:00
1a777b4fbc5f78c56a4d194ce7311df5,7b913a2d826245167f82b67681578ce2,delivered,2018-07-09 09:54:00,2018-07-10 09:45:15,2018-07-11 13:08:00,2018-07-20 15:35:33,2018-07-25 00:00:00
feec317d7127a4dc69cfb507f08c8759,8a0108267d9258a0ec9f74381bc9b0de,delivered,2018-03-04 23:38:00,2018-03-06 03:50:28,2018-03-07 19:18:33,2018-04-02 22:41:33,2018-04-11 00:00:00
d5c8ece04dd0b02a4e72e1938194dd22,66b679cff0894e89f043acfa612929e6,delivered,2018-04-22 23:54:37,2018-04-24 19:28:58,2018-04-26 12:25:00,2018-05-02 19:37:46,2018-05-16 00:00:00
b27afd384fc03b22ea356feec6f95dbf,f4fb69d52b1b631b812eba9e26749994,delivered,2018-08-03 11:45:23,2018-08-03 11:55:18,2018-08-06 16:44:00,2018-08-09 18:14:32,2018-08-16 00:00:00
4705164b1aabb4272d1fa134828dbc1c,271e0943b7a9a4f94c05483f6c491e80,delivered,2017-05-23 22:57:06,2017-05-23 23:10:12,2017-05-26 11:52:07,2017-05-29 08:39:52,2017-06-05 00:00:00
146bde81f92815f59ed9c7d44d8335cd,0c6473e9ab7d84f5b34b6aceaebd024a,delivered,2018-04-17 12:11:55,2018-04-17 12:30:17,2018-04-23 23:54:50,2018-05-17 13:08:32,2018-05-24 00:00:00
9b60426b9711c8a0a8a1b1b37d3c451f,03584c130fc11548a1d7b9cf617b95f8,delivered,2018-07-13 21:30:54,2018-07-14 21:25:19,2018-07-16 15:20:00,2018-07-24 22:28:24,2018-08-07 00:00:00
87262af9bce24d739bddfbe6b1a4bde3,e0953ee955232ed39e102f6b0f138a4e,delivered,2017-11-29 10:01:03,2017-11-29 10:18:28,2017-12-06 23:09:25,2017-12-18 17:58:49,2018-01-03 00:00:00
906dfb858a6afcaea1fb5cc0ed730147,6e5a54d1b2948d3ed01374ebd2f018ff,delivered,2017-10-18 20:58:36,2017-10-20 02:49:41,2017-10-27 22:29:53,2017-11-06 17:57:55,2017-11-13 00:00:00
b55d769ec9ecc14f35096c6a4c5d83d7,c8e3b79da2d592e9fca27d760f185588,delivered,2018-03-03 12:53:54,2018-03-03 13:08:57,2018-03-06 23:21:35,2018-03-07 17:11:59,2018-04-02 00:00:00
2061d416cce74e744423747a2b87f330,cb8ca0a09824115249e1a28fd6028751,delivered,2018-05-27 19:01:34,2018-05-27 19:15:12,2018-05-28 11:35:00,2018-06-12 17:50:51,2018-07-04 00:00:00
ac6a5b80624dd534ee1e0ff1e7f1486f,ca75dc982df3e41a0677dfd6d040ab35,delivered,2018-04-29 17:26:54,2018-04-29 17:50:25,2018-04-30 14:40:00,2018-05-07 17:53:07,2018-05-17 00:00:00
006e91ddb0674525f84ce0da0655c7ba,aab60551b0c17b5dd31690b0d1bf3911,delivered,2018-04-10 19:17:15,2018-04-10 19:31:09,2018-04-11 20:04:00,2018-04-16 17:40:54,2018-04-26 00:00:00
427911f3c5b426df742d7d17cb9424bb,10342b679b1e6bca244ffe405d8b3034,delivered,2018-07-13 14:58:48,2018-07-14 14:55:26,2018-07-19 13:44:00,2018-07-23 19:04:03,2018-08-14 00:00:00
c84ef2a01e44394c9dfef910a4c70df5,2807ccb86c70a612c783f4d658dd8848,delivered,2017-11-10 11:45:58,2017-11-10 12:09:45,2017-11-10 21:06:32,2017-11-22 00:04:42,2017-12-06 00:00:00
1e7e52793962988de8f2bfdf748387eb,531f02d66e6a1c16a30f64f19e50585d,delivered,2018-06-04 14:51:12,2018-06-04 15:11:17,2018-06-07 14:02:00,2018-06-12 17:07:50,2018-07-17 00:00:00
8affe9c92a920697129509ebbb623e0e,7dd1cb59a4ab082a16acdf30d0bfa8cd,delivered,2017-10-24 21:11:34,2017-10-24 21:28:09,2017-10-25 21:21:53,2017-10-30 18:12:56,2017-11-16 00:00:00
46ebb6001be17983f9f32274dcd0d734,fea3512b86652c68e40c643b824dd5a5,delivered,2017-04-20 15:40:58,2017-04-20 15:55:12,2017-04-24 21:24:34,2017-05-25 12:37:42,2017-05-24 00:00:00
5dec9bf4b2c859f8de5fee5f1e08d1c6,204cb39c49cd7750704f5a22034b6133,delivered,2018-02-01 22:14:52,2018-02-03 02:53:35,2018-02-08 01:06:02,2018-02-23 18:57:13,2018-03-02 00:00:00
40237bfdaa849b45bb6dc75be63c3abf,238936b5700a697c2b7de970c54b21c8,delivered,2018-02-23 15:17:38,2018-02-23 15:31:45,2018-02-26 18:52:22,2018-04-03 21:22:39,2018-03-15 00:00:00
9822680d395506e5602b3c1ea555aa61,b7972dea0691475465acaef017a83fce,delivered,2018-04-24 22:59:44,2018-04-24 23:15:08,2018-04-25 13:47:00,2018-04-30 22:27:47,2018-05-21 00:00:00
90932f88aac7cb89b8de1b8635b6d393,b0b03bf2aa4428b6f1e24de8c873c639,delivered,2017-08-20 15:37:37,2017-08-20 15:55:08,2017-08-21 19:25:59,2017-08-26 11:53:51,2017-09-15 00:00:00
6524090ec4993bd31616d814bc79a575,6a8a6f95ac280bdc089cea137074d852,delivered,2018-02-02 15:02:13,2018-02-02 15:18:18,2018-02-05 16:42:32,2018-02-06 22:23:29,2018-02-20 00:00:00
3a1ec4d91212bcb2cb21d37d7f1707ac,0bc333635d01d085aaf8c0c71dc9e4d0,delivered,2018-01-25 18:00:45,2018-01-25 18:20:09,2018-01-29 12:38:41,2018-02-02 18:39:40,2018-02-19 00:00:00
5140caed9ffab688aa2e67074d65befd,a1128c70aedf47e5c381b6127f8aeed5,delivered,2018-03-15 22:34:02,2018-03-15 22:50:40,2018-03-23 00:51:59,2018-04-04 02:32:28,2018-04-24 00:00:00
418cd8f1328f8746e2483646f1d1b250,9a75b1179856777173ca2a8176bcd9f2,delivered,2017-10-29 21:06:13,2017-10-29 21:25:50,2017-10-30 19:03:03,2017-11-06 20:58:54,2017-11-22 00:00:00
d169981e02b7b8019f6d3924b18f80e8,e8a59b3a1618a2a3a9d9098fff11b6ca,delivered,2018-03-13 13:32:28,2018-03-13 13:48:34,2018-03-16 00:21:51,2018-03-16 16:28:46,2018-03-23 00:00:00
5de15a383f870cf7dc2873ca8f7d9f9c,c3819d790febebef18771ee479550bfb,delivered,2018-03-14 17:30:52,2018-03-15 17:28:43,2018-03-16 18:08:34,2018-04-18 22:37:44,2018-04-30 00:00:00
4c53b2ac030f08c0469e8de45af2e400,780b9df22e9f714b2231474a96e95730,delivered,2018-05-28 17:24:42,2018-05-28 17:55:41,2018-05-29 16:05:00,2018-06-04 21:15:30,2018-06-13 00:00:00
a3a243e267c153d4acf4c49c2c6b68d6,0ee56fa64a206a89ed83c7fa61a81132,delivered,2017-12-28 15:58:06,2017-12-28 16:07:58,2018-01-02 21:09:55,2018-01-07 14:58:42,2018-01-24 00:00:00
1e48944f586b8b17f307ac4f5319b0c2,765d7dac76cbe78e1a04508c91065454,delivered,2018-04-11 21:57:00,2018-04-13 13:29:55,2018-04-17 18:11:48,2018-04-19 19:29:33,2018-05-03 00:00:00
aa57c8f21178b5061a77762e7efa5828,99c764676929a7492684e478d5255a55,delivered,2018-05-17 14:30:36,2018-05-18 04:36:08,2018-05-22 14:31:00,2018-05-23 20:07:48,2018-05-30 00:00:00
58654344ef4d9b4aefb2ee36618d9751,397763187b4a29697d71cacaecef05d8,delivered,2017-10-09 12:55:53,2017-10-10 11:07:48,2017-10-11 19:45:06,2017-10-16 20:23:53,2017-11-01 00:00:00
c006305482586b6a11eb69c6aacfe5e7,a7a1911136db0463fd6b28688921bac0,delivered,2017-08-25 17:04:27,2017-08-25 17:15:17,2017-08-28 15:35:11,2017-08-31 17:38:18,2017-09-15 00:00:00
db54a9396f6a1b119b7f8e889d53030f,2918c74d2ff44c2b3299d08fa6578e50,delivered,2018-03-17 17:14:41,2018-03-17 17:36:18,2018-03-19 17:04:20,2018-04-02 20:57:32,2018-04-12 00:00:00
cce1b8a1c5f8b1d224e19628299c8f54,63433f6eb6f0a79cbb24e940d0ab17ad,delivered,2017-01-05 13:33:45,2017-01-07 03:44:27,2017-01-11 15:35:53,2017-01-17 16:51:39,2017-02-01 00:00:00
3841b9f0b88c1f4776e948e96261a099,7d27a8bce87ed5709757912115ec8afd,delivered,2017-08-08 20:23:52,2017-08-08 20:43:27,2017-08-09 19:51:21,2017-08-14 14:22:48,2017-08-29 00:00:00
6d9288f26eeaab3874c5fd755cbfd448,e27c106dade234783942879d21b249d3,delivered,2018-01-29 15:23:54,2018-01-29 15:35:32,2018-02-01 19:39:32,2018-02-05 20:52:11,2018-02-21 00:00:00
89875030a35679ca3bb457e3e89dd7f1,ec315ee859b4a10e3c820cd713484239,delivered,2017-10-18 13:34:39,2017-10-20 02:49:27,2017-10-20 14:49:59,2017-10-31 11:54:07,2017-11-13 00:00:00
33c1911ef3652a03c6cb098b9399b1d3,70f95a47532d0a1ffd3b15302f61a1bf,delivered,2018-07-03 15:14:01,2018-07-05 16:32:54,2018-07-04 12:14:00,2018-07-09 20:26:43,2018-07-27 00:00:00
0c2cc9644e4c9bb77092c7971cc436bc,68fa28baf59e30e1b833f9a21c35ba14,delivered,2017-08-21 16:49:22,2017-08-21 17:06:03,2017-08-22 20:49:52,2017-09-05 16:26:10,2017-09-19 00:00:00
39bed80f240ec8f46e7ab30e6dcd343c,260cbd84c4e1c78240a8ab6f5fe99343,delivered,2017-10-12 10:44:00,2017-10-12 10:56:11,2017-10-13 16:42:00,2017-10-20 21:23:38,2017-11-07 00:00:00
2239463fae220242bce349a6cffd6fc3,5e918cb6a13d496ac96cff35848407e1,delivered,2017-11-02 23:28:12,2017-11-02 23:45:20,2017-11-08 18:58:41,2017-11-23 14:16:43,2017-11-24 00:00:00
98c398503085e37d1c5da3e29980ee25,7dc0e5a1cd93b2037b5705566f784f8c,delivered,2018-02-12 11:44:29,2018-02-15 04:07:11,2018-02-16 22:58:33,2018-02-22 02:08:51,2018-03-06 00:00:00
79e6c42fdba43c9005ec3407a878e1b5,0ccce07336490a0be9bbcc78b70ff35b,delivered,2018-02-22 11:22:00,2018-02-22 12:01:28,2018-02-22 22:29:21,2018-02-26 14:54:42,2018-03-19 00:00:00
70398b900647b9a57f8ff2886f0cc942,7f755f06529e33efcd66bbb3dd7fd164,delivered,2018-01-25 22:21:43,2018-01-25 22:32:27,2018-02-01 01:13:03,2018-02-08 20:12:31,2018-02-21 00:00:00
2f91341b841ba610e8981cabfcef4989,041e7a50f42343bca153f0df4729723e,delivered,2018-03-22 22:37:56,2018-03-22 22:47:37,2018-04-06 02:12:51,2018-04-11 17:48:33,2018-04-10 00:00:00
2c4665e95f17505890c0f9b086f89754,1fd9c6fab4bffc74497e8fafd172dd6d,delivered,2017-12-05 19:02:14,2017-12-05 19:15:27,2017-12-06 21:51:41,2017-12-22 19:35:07,2018-01-02 00:00:00
4019b970673ea8400df0ad1841bb5a5e,8ce68d3456993fcb579d1915da8e9e60,delivered,2017-08-01 21:12:01,2017-08-02 21:30:17,2017-08-03 17:20:01,2017-08-11 18:28:19,2017-08-29 00:00:00
6f4eebb5dd7d532cd45474ce133dc60a,aaabb7e90313e89f16ee6e19b318629c,delivered,2017-03-31 15:41:59,2017-03-31 15:55:19,2017-04-04 13:04:34,2017-04-10 17:52:08,2017-04-25 00:00:00
f9c699619ac54cb3b7a424e2c6011114,0ccf1f0589329113e44d4a03e4956d97,delivered,2018-04-03 21:00:30,2018-04-03 21:11:20,2018-04-04 19:12:27,2018-04-16 17:54:53,2018-04-26 00:00:00
f1b0d64e31c26320c0447cd14d66f4bf,ffbcf1eb664ce45bed8883fbcbdc2b06,delivered,2017-03-03 01:23:13,2017-03-03 01:30:14,2017-03-03 14:05:12,2017-03-20 07:06:11,2017-04-05 00:00:00
0036887767dea4bd43b1a88cd0d9477a,43bb6f9650ab2a7e6ef1c93168c4cfcf,delivered,2017-10-13 00:04:49,2017-10-14 00:07:30,2017-10-17 12:56:45,2017-10-23 19:09:12,2017-11-01 00:00:00
62ec95c28bdad381f6883f48b00a534c,877fa434e40e6c561ad5ead2b77a8a5b,delivered,2018-02-26 09:47:55,2018-02-27 09:48:21,2018-03-01 20:52:09,2018-03-02 21:09:45,2018-03-12 00:00:00
2e9218017514abac32bb20f975e15ecd,2f21dceb683c02e437f9505d913fd615,delivered,2017-05-24 21:10:57,2017-05-24 21:25:08,2017-05-25 14:55:49,2017-05-30 08:19:41,2017-06-22 00:00:00
7dbcbb9165bf085d77a814bbbea38c6b,56ab12c41231e557afdb9dd27ce5652b,delivered,2018-04-23 09:30:16,2018-04-24 18:39:19,2018-04-24 18:33:10,2018-04-25 19:14:39,2018-05-11 00:00:00
1f581d9e91f4d965a817a69d1bc25f74,478b8bacc677a1e79e950e293f026d54,delivered,2018-06-15 13:28:59,2018-06-15 14:03:47,2018-06-18 13:51:00,2018-06-22 15:58:32,2018-07-16 00:00:00
62a7bb29522188f4c6467125ea02e867,99af32ad9e0c5bb034889741016f8d93,delivered,2018-06-25 16:49:48,2018-06-25 17:18:50,2018-06-26 09:15:00,2018-07-02 21:32:07,2018-07-23 00:00:00
8c8bf66336e3c7cdc9f751fbfac37a85,408fed3f6d5c6f24084546a476221a6b,delivered,2018-08-21 13:33:58,2018-08-21 13:51:02,2018-08-27 14:50:00,2018-08-29 20:28:59,2018-08-27 00:00:00
1e0efbb6f899f5f08e26951b1e170387,17d55ba276d78309f1993e6d205c7c74,delivered,2017-03-15 17:30:14,2017-03-15 17:30:14,2017-03-17 09:00:52,2017-04-11 16:26:32,2017-04-13 00:00:00
ccdaeca68b811a6b26f8b666df809c43,9afa6cb5e181ac3c7061d5251f18d56c,delivered,2017-02-24 12:15:41,2017-02-24 12:32:49,2017-02-24 14:24:13,2017-03-17 11:33:01,2017-03-31 00:00:00
1389d3b1fab26d87e40c382d11a8ac3c,e4a1289920c7a33574e0433abd5b90d7,delivered,2018-08-14 22:49:18,2018-08-14 23:05:50,2018-08-17 13:18:00,2018-08-27 19:51:59,2018-09-06 00:00:00
5b07dff7faf4d9f1e300b2fe45184140,aa09d8106d7682d459b666707f9b5fdb,delivered,2018-06-02 12:54:52,2018-06-02 13:10:12,2018-06-04 11:00:00,2018-06-05 16:42:08,2018-06-28 00:00:00
18cc97889312466cc90150237a3e2603,895911c68d1a41f344eb97cbc3194d2c,delivered,2017-12-08 14:58:30,2017-12-08 15:43:43,2017-12-11 20:48:51,2018-01-04 11:52:13,2018-01-12 00:00:00
06fef28288938378d269904800db589f,332b269682a1dfa3237a8641690993fd,delivered,2018-08-22 14:30:15,2018-08-22 14:45:26,2018-08-23 13:22:00,2018-08-29 21:36:55,2018-09-04 00:00:00
6e77d9428b5dec0e2557b439ea6d61df,567c38d27c9efc5a19c6972fc3a18270,shipped,2018-04-19 10:36:21,2018-04-19 11:15:31,2018-04-19 22:17:33,,2018-05-15 00:00:00
8577cf04e1ae13cbd94ada332b03fca7,71766b2ff178d011c1c6ffcf667dc52a,delivered,2018-05-21 16:29:43,2018-05-22 09:14:22,2018-05-24 13:40:00,2018-06-07 16:29:11,2018-06-13 00:00:00
7e2069a34a1e7ea08313482266b88256,fa10ec7a208a32b7e139fe44191daae0,delivered,2017-06-27 15:12:12,2017-06-28 02:25:15,2017-06-29 13:29:35,2017-07-10 20:12:58,2017-07-27 00:00:00
c49ca2cf4b3efb3181fee5b28388b4a1,e86e6dc927774d95e865bd25248372fb,delivered,2017-11-28 11:44:58,2017-11-29 02:17:36,2017-11-29 15:58:56,2017-12-05 01:14:02,2017-12-18 00:00:00
fb114a7255e9d0f59416a80b564638d4,6ce8d858d8b836c2ae35f7888e1c82cd,delivered,2017-05-04 09:13:21,2017-05-09 22:32:27,2017-05-10 11:53:53,2017-05-18 08:04:05,2017-05-29 00:00:00
e90fcc2b428a70a691e3b919ec4d8726,fdbb5e86252d6bb9bfddaabaf1ff7f56,delivered,2017-10-16 12:29:49,2017-10-17 04:08:41,2017-10-17 21:24:00,2017-10-28 13:37:43,2017-11-07 00:00:00
3076ea1c1a37131c434eb5105c60c55f,ee48e6fc86aee66dec7bbda8ae0fc3fc,delivered,2018-04-16 13:24:43,2018-04-16 14:33:04,2018-04-17 19:22:06,2018-04-23 18:34:27,2018-05-04 00:00:00
b3129a0debe3f118c75c249216364c82,b41c9f4c41248fd5c32bf537312d889e,delivered,2018-07-18 22:43:29,2018-07-18 22:55:18,2018-07-19 13:30:00,2018-07-25 15:03:48,2018-08-08 00:00:00
c344a383c1899d935f9b0123c7983658,b8c263617aa4cb9f03eddb774a49f681,delivered,2017-04-24 21:30:45,2017-04-24 21:45:10,2017-04-25 10:57:53,2017-05-11 10:00:10,2017-05-31 00:00:00
0489b618a9367918b686f03f0cdeec60,f7b083bc0eefdf761a28318a9052cf4a,delivered,2018-03-15 20:00:33,2018-03-17 02:55:36,2018-03-21 01:50:46,2018-03-26 15:14:43,2018-04-03 00:00:00
792fd20f4c1379e85e6bd7ea35240248,34c7f6d763e368d684f4b4b9add0cd38,delivered,2017-11-26 21:33:58,2017-11-26 21:53:45,2017-11-27 18:23:03,2017-12-01 19:58:34,2017-12-12 00:00:00
fbe3a31675cc6b48eff1c765ae6bfb06,504fd80a4a9646dcc77ddf93b1c66c51,delivered,2017-12-18 20:58:39,2017-12-18 21:11:16,2017-12-20 21:24:10,2017-12-30 13:28:53,2018-01-12 00:00:00
a376666be364f3f82e0ca187cd014a86,936c4a5189882afd96a500e9650c7222,delivered,2018-07-14 20:02:11,2018-07-17 04:32:38,2018-07-18 15:03:00,2018-07-24 19:22:42,2018-08-07 00:00:00
027bc78621f14cf45a7ce8dd83bf6516,ba49f69104161f11989bc1bfd6a5d6c3,delivered,2018-04-10 09:45:33,2018-04-10 09:55:19,2018-04-12 22:46:42,2018-04-14 13:48:32,2018-04-20 00:00:00
5bc4e94aef2841f392fb6fe7ceef69b6,017f022018ad01373771ddfd46eb5dc6,delivered,2018-05-10 12:37:07,2018-05-10 12:56:12,2018-05-10 14:11:00,2018-05-22 17:22:53,2018-06-01 00:00:00
87f841bad6e9f1d515f158ac10204c3e,8bd1d01232a576982d8f182e91343d38,delivered,2017-09-18 01:59:56,2017-09-18 02:40:17,2017-09-19 18:16:07,2017-10-01 15:27:32,2017-10-05 00:00:00
a986f64af20f1a662c8148f3608ea8df,3267d6b8e3f2247707d8e946e1c97f97,delivered,2017-11-24 20:31:32,2017-11-24 23:34:22,2017-11-30 16:19:05,2017-12-01 21:14:23,2017-12-08 00:00:00
de6ed885a8151d0cee622e51585ff6c7,629fd78f7a2a5adde1ce172f44106fd3,delivered,2017-07-25 00:16:20,2017-07-25 00:30:12,2017-07-31 20:23:08,2017-08-25 19:53:51,2017-08-29 00:00:00
4f4f01b70590d58246cdcf1c675738bb,e567eb5620cb3f0051634089f695a9ee,delivered,2018-04-19 11:25:07,2018-04-19 11:37:37,2018-04-25 14:15:00,2018-05-02 18:28:39,2018-05-10 00:00:00
8e4614fbf9caf0cbe6bb3d1ac53d4f82,aacaa03a2d85d2992416317b3d1ff5e8,delivered,2018-07-09 17:22:25,2018-07-09 17:30:15,2018-07-10 11:05:00,2018-07-13 12:43:31,2018-07-18 00:00:00
593732bc7133b31a809050a3df77f34c,e898665675636de89a1bead880858c95,delivered,2017-07-10 18:11:32,2017-07-12 02:10:54,2017-07-13 17:55:46,2017-07-28 22:07:42,2017-08-11 00:00:00
bd40646e66e4d98108aeb536cb58799b,e94d2f91c273a61a08d717e87a68753e,delivered,2018-07-16 12:54:59,2018-07-16 13:10:15,2018-07-17 15:00:00,2018-07-23 17:12:10,2018-08-01 00:00:00
25b7ed9263d459d657bdd3b8af9be59f,eb13d86da85c6c5642dee077f235212a,delivered,2018-05-15 15:15:25,2018-05-15 15:35:10,2018-05-16 14:51:00,2018-05-17 16:44:40,2018-05-23 00:00:00
4c1beae7711b189eeb2b75d2e689a9c8,bc2bf4d3460e7dab7c81516fc7dec8b5,delivered,2018-06-14 15:41:47,2018-06-14 15:59:57,2018-06-20 14:15:00,2018-06-27 14:28:38,2018-07-20 00:00:00
a9983822091392b3700f9e9ae39e62ae,72d374526cdb3dc7404a888ed9d7eba0,delivered,2018-06-20 20:40:54,2018-06-21 20:39:08,2018-06-25 12:25:00,2018-06-28 13:38:28,2018-07-16 00:00:00
85b05a808acf9ce20564b3550e7ba749,45e511389f079966e0d6931b774dc7f4,delivered,2017-02-13 09:22:39,2017-02-14 09:30:14,2017-02-15 09:19:04,2017-02-22 15:03:59,2017-03-14 00:00:00
a66effce0cbf466a7c07b4e2c3a5b1fd,e970249414365364b1b7fb253ad41ffa,delivered,2017-11-21 01:16:32,2017-11-21 01:26:35,2017-11-22 16:30:15,2017-12-01 00:09:01,2017-12-11 00:00:00
3a662f13db1a41cf57b7869e31d1e17b,339077c5a1390dca673f86ce755d0778,delivered,2018-01-21 21:34:03,2018-01-22 14:00:58,2018-01-22 21:56:44,2018-02-02 20:08:54,2018-02-14 00:00:00
3315a8038d5ead17040d6658a1377c7f,fbb26f2f32dc98bef32f0bcbbe89800c,delivered,2018-07-13 12:19:32,2018-07-13 12:35:12,2018-07-17 15:20:00,2018-07-30 14:48:49,2018-08-14 00:00:00
6fd33c34a877e5a474ed190b5738ab58,c5f1264d679f4d082b3ba04aa3f3e8e1,delivered,2018-04-11 10:49:24,2018-04-11 11:10:52,2018-04-12 00:24:28,2018-06-21 13:04:11,2018-05-07 00:00:00
4ac6c70cf4994485a30d7a2962436b7d,bee5ac61e1c115db72e7c6843a3d1932,delivered,2017-06-08 22:14:17,2017-06-08 22:25:14,2017-06-14 13:37:09,2017-06-16 13:43:03,2017-06-22 00:00:00
94078496f9b59a9d885f033870393097,cfb4f71a58ff571d9ba472b8c13da4bc,delivered,2018-05-01 21:34:52,2018-05-01 21:51:40,2018-05-03 16:51:00,2018-05-25 17:26:33,2018-05-29 00:00:00
2c2d5bbb6dc5368ed6f04ed1d93a8ea7,c121e2ae79d2afd6726c8e4d09bcda58,delivered,2017-02-17 15:29:41,2017-02-17 15:42:59,2017-02-20 16:22:48,2017-02-23 16:47:53,2017-03-23 00:00:00
2c46f84b185f4aadc82a72d14d089c4d,b73408007744313349b9291bc0aaac82,delivered,2017-02-04 12:29:21,2017-02-04 13:05:50,2017-02-15 12:12:25,2017-02-22 11:52:34,2017-03-24 00:00:00
cf52c3631e531c83e5f92681b933a521,6835e02d97713eb97e57bbed91d829a7,unavailable,2017-02-18 13:19:30,2017-02-20 10:32:09,,,2017-03-31 00:00:00
aa0f3243e9509087e685956f91645b1b,4dae68351312a95e86f870ee947514ba,delivered,2018-03-22 19:10:23,2018-03-23 02:27:56,2018-03-27 01:22:23,2018-03-28 20:08:48,2018-04-04 00:00:00
11b0d2ca29a268561114f01ff9571c96,eb4e0055f25e3f034c9fe8da064abb3d,delivered,2018-03-30 16:12:40,2018-03-30 16:27:13,2018-04-03 00:38:36,2018-04-20 21:35:47,2018-04-26 00:00:00
920c5e9d5a8a142e714aed65b5e06f8f,549c4324287323de05355a91d8d10730,delivered,2018-08-04 23:39:27,2018-08-07 04:15:21,2018-08-13 15:05:00,2018-09-03 18:59:30,2018-08-16 00:00:00
ddbd05e605996c42f8752c69e235f519,1f82c19cbee324af09a1909f726c9330,delivered,2017-11-23 20:15:38,2017-11-23 20:27:59,2017-11-24 20:42:58,2017-12-05 17:48:39,2017-12-21 00:00:00
d81b4394870364ad09c029cc7d9814a3,333d82983995ece4bf3ebadf4de10201,delivered,2018-01-05 11:07:51,2018-01-09 07:16:54,2018-01-10 20:17:16,2018-01-12 21:59:21,2018-01-29 00:00:00
1bbf70f9b8823c2effa6c3ddc96b9246,40edbaa0297944cb858a0241463fc4fe,delivered,2018-02-26 19:37:50,2018-02-26 20:20:22,2018-03-01 23:24:55,2018-03-16 20:13:05,2018-03-21 00:00:00
5a97cb85d8737c11775451e5bcf67286,4f7a71f3048222b151b6ae9d4bc15e6b,delivered,2018-07-30 15:02:13,2018-08-01 02:44:09,2018-08-07 10:00:00,2018-08-13 22:48:30,2018-08-22 00:00:00
0bcaff63441802dfa8dd292f453c3635,92b3ed4e56744717c53f21d894fe1169,delivered,2017-06-02 10:45:30,2017-06-02 10:55:21,2017-06-07 14:41:10,2017-06-14 17:17:45,2017-06-27 00:00:00
eca6169018b676d61829a02e4bb2bde4,f402d94bdf5018a2e08dd541ed738912,delivered,2017-02-17 08:20:35,2017-02-17 08:30:17,2017-02-17 08:45:36,2017-02-22 17:32:34,2017-03-16 00:00:00
db22f279752a5ef41428982b9a7ba8c3,7a4beb2915cebb15e4404c1d764ff1ff,delivered,2017-11-20 12:48:13,2017-11-21 12:46:55,2017-11-22 19:58:38,2017-12-27 20:36:48,2017-12-22 00:00:00
671368711001bb0c49c6d8c1ec82cde3,f960ad19749fa619c7416cf91876f995,delivered,2018-07-29 11:59:53,2018-07-29 12:15:16,2018-07-30 08:53:00,2018-08-02 18:52:24,2018-08-09 00:00:00
b3c8fc1049e54f4c7ab9340db821a4b9,ac5446c8015d744e1e3b3be6e6ddaeef,delivered,2017-02-07 13:57:24,2017-02-08 03:23:00,2017-02-08 09:38:54,2017-02-15 14:15:48,2017-03-16 00:00:00
473f3340216c06614b59ddce6ec828d6,e1ee6624f9fde1857c3d03f99c445ddd,delivered,2017-08-10 22:31:42,2017-08-12 02:09:17,2017-08-15 20:48:46,2017-08-23 20:37:47,2017-09-11 00:00:00
54211b079335a9762f2137bb38792459,0cfd6c91e5bb5b7ec6be6d7e793d20e1,delivered,2018-01-10 18:29:18,2018-01-10 18:37:41,2018-01-13 17:53:10,2018-01-22 17:57:40,2018-02-05 00:00:00
60010855666a66aea041b24e231cbf12,bf9b948baaea66393f21edf2e2acc40d,delivered,2018-03-17 12:02:32,2018-03-17 12:15:24,2018-03-20 19:52:20,2018-03-29 23:20:53,2018-04-05 00:00:00
e9be35cf7ca8ab06ac0fe5cd85ffc0a9,12a37243239f012531a09fd84936c8d6,delivered,2018-02-01 10:41:04,2018-02-02 02:53:50,2018-02-05 13:22:14,2018-02-16 12:32:07,2018-02-26 00:00:00
b351c5d27be59a2dd430f7e536e5d09c,ac86819117de4520f5fa546f19f41ce8,delivered,2018-07-02 21:30:58,2018-07-02 21:50:27,2018-07-03 13:19:00,2018-07-05 20:48:25,2018-08-01 00:00:00
7f73f6d23431719381a2b967e70556a5,61bcb430e27a3d10e9461d44ef73f7c8,delivered,2017-11-23 16:56:16,2017-11-25 16:52:36,2017-11-27 18:42:24,2017-12-28 23:33:31,2017-12-18 00:00:00
f400b5ccbb7d891e27f429355562d529,579ed4a95300987c002fd54c1c543311,delivered,2017-07-09 16:52:57,2017-07-09 17:05:12,2017-07-11 18:49:26,2017-07-26 10:22:13,2017-08-01 00:00:00
61651d1abd8f95433a1c2d5ecb675aec,fa348b2fa2c90f9f246a30bbcf0f88e4,delivered,2018-05-07 20:41:03,2018-05-08 03:55:14,2018-05-08 15:55:00,2018-05-15 21:58:37,2018-06-04 00:00:00
052ad30f046f581349410a7b366ef674,ad9b393f25ebd743df490421048e5c91,delivered,2017-06-05 22:43:39,2017-06-06 13:25:34,2017-06-07 13:25:24,2017-06-08 10:48:45,2017-06-19 00:00:00
80061df8d19c9f2f48929f293442f532,6b9c443a3f61f5c12ba58b9c84e1e22b,delivered,2018-01-08 15:31:59,2018-01-09 07:23:21,2018-01-11 01:09:52,2018-01-17 18:00:18,2018-02-01 00:00:00
d7918e406132d7c81f1b845276b03a3b,53504e2e5940107ff1e2e52a02cf6f8f,delivered,2017-07-13 17:54:53,2017-07-14 02:25:29,2017-07-17 21:13:15,2017-08-17 18:35:38,2017-08-14 00:00:00
bf828da22f0015742c0558ad02024d44,41bd8f0bd48218356c5a35614de0465a,delivered,2018-04-24 09:54:19,2018-04-24 18:12:30,2018-04-24 20:56:43,2018-05-02 20:26:51,2018-05-18 00:00:00
8fc129e3ef1d0321226112bca0564142,f7dfccdce047cf62ddcfab87ac776e0d,delivered,2018-05-31 10:16:17,2018-05-31 10:30:46,2018-06-01 14:05:00,2018-06-11 15:51:43,2018-07-17 00:00:00
403fee786bf2a91a88cb6bb0ac68d07f,3ce9063b1f550cca16b3946b3c4ef694,delivered,2017-09-22 10:25:36,2017-09-26 06:33:32,2017-09-26 18:16:41,2017-10-02 10:43:08,2017-10-18 00:00:00
b8ea12ebe7c677d3726c4740450c2682,89033ba7998b37943b20c5cb686c932c,delivered,2018-04-27 17:19:51,2018-04-27 17:35:35,2018-05-02 12:26:00,2018-05-16 22:48:45,2018-05-29 00:00:00
8b625b4e1dacc9fe542998ddc8cefd6c,5a6449a9c8c4c77ff601b5407d04f031,delivered,2018-08-16 09:51:09,2018-08-17 09:49:46,2018-08-17 14:00:00,2018-08-29 23:07:54,2018-09-14 00:00:00
e0a45cc3c593cdc760688f91ab70bf49,4c8558c5a434a901a4f81fdf824cf4d6,delivered,2018-06-28 08:33:04,2018-06-30 02:52:23,2018-07-03 15:30:00,2018-07-04 23:05:16,2018-07-16 00:00:00
e928cc82f61f2dcab3ad58d6e7200224,5a2f4859466ef95b97e4029363d43433,delivered,2017-03-05 16:15:22,2017-03-05 16:25:15,2017-03-07 11:24:53,2017-03-10 10:23:38,2017-04-04 00:00:00
5ba762b97f85520fb7d3376a66b02287,c98bda79369fc7d1b253dcb8ca461c13,delivered,2018-02-11 18:16:05,2018-02-11 18:30:23,2018-02-14 17:34:27,2018-02-24 15:37:31,2018-03-09 00:00:00
f3fe458f9ea7468f40f3c535818a7e80,2144470706b2b4591e48b8ffffbb9282,delivered,2018-06-06 11:11:40,2018-06-07 11:37:00,2018-06-08 09:53:00,2018-06-12 10:32:34,2018-07-13 00:00:00
209e0537fe66ae1176cef2bc7953aef9,7000fdb23a3f24ca2df1f91eed449687,delivered,2018-08-02 22:32:05,2018-08-02 22:45:16,2018-08-03 12:53:00,2018-08-04 16:48:34,2018-08-16 00:00:00
191019adbccb0d2a1f8bf25e117c9252,373bf4e0ff53138b7b90d527fbfc095e,delivered,2017-07-15 13:18:33,2017-07-18 05:55:17,2017-07-18 21:21:57,2017-07-26 18:30:05,2017-08-10 00:00:00
4f9a5e34b38f10ef71c5753cc953be3a,22f5f7178f134505fd65aa9e38d5ae72,delivered,2017-12-26 16:24:47,2017-12-26 16:34:17,2017-12-28 16:59:15,2018-01-04 17:17:20,2018-01-29 00:00:00
15623f35d6d5eaa2fcd185a613927e86,02548f54167adc674352fe5b7825ffcf,delivered,2018-04-18 19:04:52,2018-04-20 07:32:14,2018-04-26 09:29:00,2018-05-10 20:11:39,2018-05-21 00:00:00
84aef74d31968ce8f92e602a660727ff,86d1077190e649904e97b0c33a8ed8e6,delivered,2017-09-13 16:46:39,2017-09-13 17:04:56,2017-09-21 20:03:09,2017-10-03 19:09:35,2017-10-10 00:00:00
991b6f0cb448175a229309dd55699710,cb2db09134b625c16f34f9240653c8b6,delivered,2018-08-15 10:26:57,2018-08-15 10:44:06,2018-08-16 15:00:00,2018-08-21 17:28:38,2018-09-10 00:00:00
694b1193d18ad057554bf13679e6a0b8,4eaa62565e70841c1abbe4e03d04bc2d,delivered,2017-05-17 18:25:43,2017-05-19 02:24:21,2017-05-19 12:33:55,2017-05-22 14:43:38,2017-06-06 00:00:00
acb881281953697b85b51df6d29c1305,249aeb4430d6123a4ea5c4dc3a895d3d,delivered,2018-01-12 17:16:46,2018-01-12 18:00:32,2018-01-15 23:18:49,2018-01-19 23:39:40,2018-02-02 00:00:00
6d6a99c4cfaa3381cbd4e86237bf699d,3d5895b2ff74d5fb6536827bf9799baa,delivered,2018-04-09 16:34:55,2018-04-09 16:50:20,2018-04-11 00:59:03,2018-04-17 23:14:54,2018-05-14 00:00:00
0e5423b2f5a2083884f519fbd18dd11a,0ce02066b6e51b9fc335c98572058d4c,delivered,2017-11-24 20:23:20,2017-11-25 01:31:23,2017-12-01 00:16:48,2017-12-11 23:06:11,2017-12-15 00:00:00
b18478bbf9b2283e3d12452f69fd9ce2,79af00341a7edf65ba773dee228d5008,delivered,2018-05-11 20:12:19,2018-05-11 20:30:29,2018-05-17 14:39:00,2018-05-23 16:50:45,2018-05-30 00:00:00
88bb95821dcba653c3b6777abfc3565d,16ab6bb9b5d2ae2316213574eabb4f5e,delivered,2017-05-08 09:36:59,2017-05-08 09:50:09,2017-05-09 16:39:00,2017-05-16 13:58:58,2017-06-01 00:00:00
9f6fd425786e354166bb381926773047,9565ff8f153c31c6e79dd5286c96867a,delivered,2017-05-26 13:28:22,2017-05-26 13:42:04,2017-05-30 06:37:48,2017-06-12 19:37:31,2017-06-20 00:00:00
abdc23d84a4a4a01070f271f0c2917c0,356c9b7649ebd5cabf095172e8801a57,delivered,2017-04-04 05:57:10,2017-04-04 06:15:34,2017-04-04 15:59:46,2017-04-13 12:08:45,2017-04-25 00:00:00
227dc3bf463f4ce14249fcaa42d9710e,f12d5dcb7be7fb084d6054a8e30cac01,delivered,2017-07-15 14:41:49,2017-07-17 09:05:17,2017-07-18 13:37:39,2017-07-19 14:29:40,2017-08-02 00:00:00
e694b95a2d201f01906a8dc752659d49,36a7b5df049b796271525f87c41ed0e8,delivered,2018-03-10 21:22:41,2018-03-10 21:35:24,2018-03-13 16:58:34,2018-03-19 17:05:22,2018-03-22 00:00:00
e6bed0846d5d268bf1ebcf66eab19a42,2110656d0356c5d1d3c7f1c7bce0e319,delivered,2018-03-13 22:21:03,2018-03-13 22:30:39,2018-03-14 20:15:50,2018-04-19 17:57:33,2018-04-05 00:00:00
82d245626bb050657e0c8b5402fe27f3,380e379d9cdef0b44cb4f9b102d9521e,delivered,2018-06-11 09:56:21,2018-06-11 10:17:34,2018-06-11 15:50:00,2018-06-21 22:14:39,2018-07-11 00:00:00
698dffc04f786cb3f8f5731d96f2d9c7,a925361ccb621b24e21b6f6b357ca0d5,delivered,2017-12-28 19:21:36,2017-12-28 19:32:31,2018-01-02 22:12:48,2018-01-25 21:39:10,2018-01-31 00:00:00
109e7f07a4c739fb54edf836bb9ef576,0fc669535f55400d3bca501dbc60a5df,delivered,2018-07-19 23:54:29,2018-07-20 00:10:13,2018-07-20 14:15:00,2018-07-31 00:28:50,2018-08-08 00:00:00
8dc8685118410f97bea9569d280d64c4,b99a530ec783baefa415ed43ed69e390,delivered,2018-08-04 15:27:34,2018-08-04 15:44:03,2018-08-06 14:04:00,2018-08-10 20:48:35,2018-08-14 00:00:00
560d3fab356e794f6cae1c03cff6466e,007a444502902587d7aa72af38cbd1de,delivered,2018-05-08 21:41:17,2018-05-08 21:55:13,2018-05-16 13:41:00,2018-06-12 19:14:36,2018-06-01 00:00:00
fab4e2e40db7e482ffeadb406729d399,c4c7a32e73bcf7665b3d37447970e3ae,delivered,2018-04-10 22:29:52,2018-04-10 22:52:34,2018-04-11 21:48:37,2018-04-17 19:26:43,2018-05-04 00:00:00
4b46a88e1ef489d0f8a7d454153636c3,3965165ab8b8cf34df2fb0a088492e5c,delivered,2017-09-01 07:59:19,2017-09-01 08:10:11,2017-09-04 17:35:00,2017-09-11 20:57:43,2017-09-25 00:00:00
1d0c13af513afa064c2bfc461b7b9c57,ee548be15e31ee5e3d954f9a7bdd3fb4,delivered,2017-05-26 17:32:11,2017-05-26 17:45:20,2017-05-29 09:25:19,2017-06-05 13:33:13,2017-06-20 00:00:00
513de686406165c7b540f55a32203946,928c35a557186ec78a34068c5d7e4cf1,delivered,2017-08-01 11:03:32,2017-08-02 02:51:14,2017-08-08 15:18:04,2017-08-11 20:15:27,2017-08-23 00:00:00
3d567c0d343aad7ed3da44cc0430dabf,5e14efc0ec5698675ccacbbd5b33d4ea,delivered,2017-04-25 20:18:21,2017-04-25 20:25:14,2017-05-03 14:24:01,2017-05-09 08:32:36,2017-05-23 00:00:00
f8b487bb6e67375c11888e7d1c2a90ab,b3ecd12dae46566a71a2ccc14908355a,delivered,2017-06-28 14:14:10,2017-06-28 14:25:22,2017-07-03 14:55:04,2017-07-11 20:27:29,2017-07-20 00:00:00
a049b2eaf54fe7b9f51cf4c143a41db5,186e919682f5a6678f5f553a6e04a457,delivered,2018-01-31 20:24:17,2018-01-31 20:49:42,2018-02-03 10:27:33,2018-02-21 22:56:57,2018-02-26 00:00:00
94523982548806aadca2a010c5543278,1c9034e9da3fa931049cd8f4eb1e1065,delivered,2018-01-15 19:47:12,2018-01-15 19:59:26,2018-01-25 23:09:30,2018-02-01 20:33:02,2018-02-08 00:00:00
38beac7cca7c937da89f8aedee76f944,4c0ee8ac78604b613bdc5334b9d2ed47,delivered,2017-07-17 22:44:21,2017-07-18 22:50:12,2017-07-19 16:59:51,2017-07-20 13:29:46,2017-07-28 00:00:00
dd555b9526860169f298b6172e166cbc,5e2d2f845dd010caeb40fca85772e04b,delivered,2018-05-18 09:28:04,2018-05-18 10:31:06,2018-05-18 14:43:00,2018-05-21 18:03:18,2018-05-28 00:00:00
2a706f26985a0ee65dba057a050eac52,ff129bcf7cbcc3fedc69f441c0db6090,delivered,2017-05-09 13:17:23,2017-05-11 04:10:24,2017-05-11 12:14:47,2017-05-17 14:36:46,2017-05-29 00:00:00
dc83ed7ce1de08f74d849b222fe7b6ec,481764c481eb11e1bd5237f068cdab80,delivered,2018-08-18 16:49:58,2018-08-18 17:09:32,2018-08-21 16:45:00,2018-08-22 17:32:27,2018-08-30 00:00:00
55f2090bf41dca177f3eff3f76eab561,8b2e57215cad7768b0b04e84831c3102,delivered,2018-03-07 17:38:07,2018-03-07 17:55:32,2018-03-09 20:27:39,2018-03-21 20:36:52,2018-03-26 00:00:00
dcd299f4c7a32656bc0f15b81c7cfa39,9494463ffa802436152f617df38d791f,delivered,2018-05-14 20:50:20,2018-05-16 02:54:08,2018-05-18 08:05:00,2018-06-18 18:04:41,2018-06-06 00:00:00
18f3d3d3d8f47205c56d03799039c61a,7786e89e083495d8466993cd6b3fde4f,delivered,2018-02-07 16:36:46,2018-02-07 16:50:40,2018-02-08 16:33:00,2018-02-15 21:52:42,2018-03-08 00:00:00
d03d538e1d175455ecad99c3d0ff007f,5f109f572286cfd4282f540b1f7ecc5d,delivered,2018-02-13 19:21:52,2018-02-13 19:35:32,2018-02-20 00:37:53,2018-03-07 16:58:46,2018-03-22 00:00:00
33caef2ad890ad9d024fb272d1b14bc5,970c6b00ac5ff5a99bf267a6ff1b80bb,delivered,2018-03-11 14:55:16,2018-03-11 15:08:06,2018-03-15 15:51:15,2018-03-19 14:57:37,2018-03-28 00:00:00
a74a66237984e5fbc84b4900fb3cd430,1ad0f82c518a051d02fa87589bf164b4,delivered,2018-06-29 10:48:01,2018-06-29 11:11:34,2018-06-29 15:16:00,2018-07-03 19:17:07,2018-07-30 00:00:00
0ca8aabee13c6aada48490f516f823a3,37857fbc4d1b163702cce51ba6252a6f,invoiced,2017-02-06 14:12:10,2017-02-06 14:25:16,,,2017-03-27 00:00:00
32cedd9197f067e47d1b0db8bc099f4c,acc2c3d762c6b918a48678e79f77e9be,delivered,2018-04-12 21:35:11,2018-04-13 19:10:01,2018-04-20 21:17:38,2018-05-05 15:18:30,2018-05-08 00:00:00
8cd71aa8f0d60722dd505f339d41df2a,32ba9b4e4152e566c753b9a00237bc9d,delivered,2018-05-11 20:03:19,2018-05-11 20:17:03,2018-05-15 15:54:00,2018-05-17 21:05:58,2018-05-24 00:00:00
866486663ab80949d218d95f36137006,522e731850ed7f3cbf10fb2d23deb0d7,delivered,2017-10-01 21:12:04,2017-10-01 21:28:08,2017-10-02 18:08:47,2017-10-09 18:44:57,2017-11-08 00:00:00
8b62c0757b9c458179c29c2ea24c7886,f9985b23d4ca672f9b3086de24187772,delivered,2017-11-06 23:21:22,2017-11-08 15:10:35,2017-11-09 16:11:47,2017-11-22 20:51:24,2017-12-04 00:00:00
0a56861d762ee1f82f5cdc2de2b1f71a,5990f7c1a76e6442f8759da9aa555d21,delivered,2018-06-27 04:36:14,2018-06-28 02:15:47,2018-06-28 10:52:00,2018-06-29 16:41:28,2018-07-12 00:00:00
8e037d22abe0755825b4a5bd17135b23,29bafca28f3133a6055dd58892615b55,delivered,2018-06-24 13:16:32,2018-06-24 13:34:01,2018-06-25 15:27:00,2018-06-28 14:32:20,2018-07-30 00:00:00
9040dcd14cc032f8abce25f90b9739d8,d5547f3719a2add89398337d6bef3f43,delivered,2018-06-24 20:17:29,2018-06-24 20:39:52,2018-06-26 14:24:00,2018-06-29 11:12:02,2018-07-16 00:00:00
4cc8845d2a687fdd3d47898857cecdfd,db846bcd3ea0ef56effb856bd0266a90,delivered,2018-03-15 17:06:45,2018-03-15 17:15:53,2018-03-16 20:33:33,2018-03-26 15:29:08,2018-04-06 00:00:00
63d0e1d41c99fb9deaabffa058aeeace,bedce15fee0ed902a24693d7d88028b1,delivered,2017-11-22 15:56:13,2017-11-23 02:37:28,2017-11-23 21:04:04,2017-11-28 21:54:11,2017-12-11 00:00:00
a2ab1f261540e0684d49b5327616fc96,5f0d1a2585d29514956283c559da610b,delivered,2017-09-14 20:22:56,2017-09-15 20:15:11,2017-09-19 17:32:33,2017-09-30 13:55:04,2017-10-05 00:00:00
a14a2e543b33add9891cabe38fd844c8,84c391f6583d7b5bd71ead8b85f36d31,delivered,2018-04-15 10:55:24,2018-04-15 11:10:27,2018-04-17 18:03:30,2018-05-10 18:48:53,2018-05-15 00:00:00
8be031b84394ed99ee85be1985019058,5db8feb579f7709b05e814faf188ac41,delivered,2018-05-04 13:55:53,2018-05-04 14:12:44,2018-05-04 15:10:00,2018-05-07 19:12:53,2018-05-21 00:00:00
ae1b14b57f98fbf9a364b91093c93e40,cda5e51995e046f75c6474a808cadcfb,delivered,2018-06-13 16:18:34,2018-06-14 12:58:45,2018-06-15 11:21:00,2018-06-21 19:28:22,2018-07-04 00:00:00
3330e0ac5e3abce6584d048a5bed523e,8aae1624a64cc3d0d765abd0e887b3ef,delivered,2017-12-30 14:37:56,2017-12-30 14:49:27,2018-01-03 20:36:39,2018-01-16 21:26:37,2018-01-31 00:00:00
eb4194a9e5d967e208c0fa8fd834cf0a,e5fe86fd6a4057eec6e9d4f7b539f082,delivered,2018-05-07 23:02:00,2018-05-07 23:12:33,2018-05-08 15:21:00,2018-05-11 19:16:33,2018-05-21 00:00:00
f8ce44a2b968fb3a529759c244a1ac4a,59c8921cdf05587d27921f6b5f207beb,delivered,2018-06-11 14:09:24,2018-06-11 16:31:40,2018-06-14 07:41:00,2018-06-19 13:24:44,2018-06-29 00:00:00
fe7387b4827383e4868b82be1dd12722,36296254382f4dba3677937dcb5285f5,delivered,2018-04-02 22:13:18,2018-04-02 22:55:29,2018-04-03 22:12:33,2018-04-07 14:35:43,2018-04-25 00:00:00
c89b4a3e71b120553e155292938bcc47,7089bc699da551ead2aca09f75273371,delivered,2018-05-08 13:35:33,2018-05-09 13:35:00,2018-05-09 14:43:00,2018-05-14 23:05:44,2018-05-24 00:00:00
06b92ba9145c3323e26ec7e27b35375f,703d42b3dd0b09b487140c480ea9cf1a,delivered,2018-01-21 22:29:04,2018-01-22 14:03:13,2018-01-23 17:13:41,2018-01-29 21:07:37,2018-02-14 00:00:00
e88b6796c87cd2719ff0c038a8997d54,eaa1ef917dc9cf52aaccacf9d778cdaf,delivered,2018-01-03 22:45:33,2018-01-03 23:21:54,2018-01-05 19:43:45,2018-01-08 17:23:29,2018-01-19 00:00:00
6441b06c0a7e90adb6eb5f8c6d41834f,8832ae080f1e1dc87ec053ebbd6c3675,delivered,2017-04-15 22:12:37,2017-04-15 22:25:13,2017-04-17 11:51:05,2017-04-19 09:46:08,2017-05-08 00:00:00
6c1c16fa159e9636157531a51b40d473,5690d9ca23afde17d275860f87728b2e,delivered,2018-03-21 23:38:26,2018-03-21 23:50:46,2018-03-23 00:47:39,2018-03-29 15:07:52,2018-04-11 00:00:00
4aef5ed4edc1a9e8187bbaccbdc0758d,99c1e7f654f974c82479c6a7b235c7a9,delivered,2018-02-06 20:33:21,2018-02-06 20:50:31,2018-02-08 18:02:52,2018-02-10 00:29:38,2018-02-22 00:00:00
a8efe989c98ee6abeb71302e009de4e1,65885bec34b119129adba2ed3f4ea68c,delivered,2017-09-05 14:56:58,2017-09-07 02:44:07,2017-09-13 17:06:40,2017-09-14 20:05:01,2017-09-18 00:00:00
a2603cde1eaeb66a0b1519fb923666ad,98cea3d5a9481eb59430c80af600f8ed,delivered,2018-05-22 18:09:27,2018-05-22 18:37:27,2018-05-25 14:33:00,2018-06-08 21:08:47,2018-06-08 00:00:00
344be4c763894534b87cb01ee46cd64f,5ee16d73330e44ab4611eca44fba31e2,delivered,2018-07-11 13:33:30,2018-07-11 13:50:20,2018-07-13 12:49:00,2018-07-23 13:04:01,2018-08-02 00:00:00
743358c2870aaee3175044cd2552410e,6e253207f7416d45b6275e2c63342236,delivered,2017-04-19 16:54:08,2017-04-19 17:05:12,2017-04-20 07:30:07,2017-05-03 15:28:04,2017-05-11 00:00:00
d016dcea41e99763c837c94cf34562f6,88e101a3784262186585131b80bd3d49,delivered,2017-08-29 18:57:44,2017-08-30 02:11:18,2017-08-30 18:38:59,2017-08-31 20:03:35,2017-09-13 00:00:00
cfb3e7072452d771156c3fa588c1db10,5579271655438f2905a24845dccbcd16,delivered,2018-03-21 10:25:50,2018-03-21 10:48:27,2018-03-21 20:08:41,2018-03-28 21:09:05,2018-04-18 00:00:00
c9b660037dee4fa3a452b22ff921916f,e3d0615c4b434d03fd22c8599ab02195,delivered,2017-11-12 14:33:08,2017-11-12 14:46:53,2017-11-13 19:17:05,2017-11-24 19:54:28,2017-12-04 00:00:00
10b21177ed3e0f82c350c7f5961d1e1c,4d08a2314abf7b785509e1190f5be03e,invoiced,2017-10-10 10:37:27,2017-10-10 10:56:36,,,2017-11-14 00:00:00
28c723236c59abdde8cca758e1afd07a,5d0244490e084d6d7c6bdcfd15d34aaf,delivered,2018-02-04 17:49:59,2018-02-04 18:55:32,2018-02-06 14:58:51,2018-02-17 15:29:37,2018-03-01 00:00:00
330a5c6006c3128d1a4345251ccd3ddf,4a48b28dbf436ba2317b6dbd6983511f,delivered,2018-03-27 16:37:37,2018-03-27 16:51:06,2018-03-28 18:13:30,2018-04-09 21:12:24,2018-04-25 00:00:00
4a91f42df2d4a84668e0c30d7880c7c0,f9875f2f61afb20ddd28aaa120620dd8,delivered,2018-03-25 20:51:55,2018-03-25 21:08:29,2018-03-27 00:29:37,2018-04-06 22:38:36,2018-04-12 00:00:00
2c6972a5750129c81b91e55b38b06823,eb21f0685387e6603c49430aaedf380b,delivered,2018-03-02 00:27:52,2018-03-02 00:56:45,2018-03-06 21:04:44,2018-04-24 19:16:29,2018-03-26 00:00:00
725dd8bd3b8c0b36029888fdc7e26e58,8dab403a99c98e28625afc038bed2bdd,delivered,2018-05-13 20:12:27,2018-05-13 20:32:25,2018-05-14 14:51:00,2018-05-23 21:34:11,2018-06-07 00:00:00
309c31aec3cca9036a92e4e789e79e40,f25868821c2d1ea34b0b3c0d8163d7b5,delivered,2017-07-03 12:50:03,2017-07-03 13:03:47,2017-07-04 16:12:10,2017-07-07 19:29:36,2017-07-25 00:00:00
b1a7ade4dba1f211a4eac64d3c619655,ee5ebd4a3a65dcf6dd56fd1975067758,delivered,2017-05-24 18:19:28,2017-05-25 18:25:20,2017-05-26 11:59:48,2017-06-07 14:40:51,2017-06-28 00:00:00
aad86d958ecbedd8da621bf570b1ab1a,762b44d8a082596c909aed7fda962505,delivered,2018-06-25 22:44:18,2018-06-26 23:08:15,2018-06-27 10:16:00,2018-07-04 16:29:00,2018-07-20 00:00:00
63a306de6b0e6a648212275a6e0171d9,cd3740a1d2841788a785e6f1f666f74d,delivered,2017-07-22 13:08:11,2017-07-24 08:10:08,2017-07-24 19:44:25,2017-08-05 15:15:29,2017-08-23 00:00:00
e6ed38386107802a72ec8197195f79a7,7f3a050ba677bbe9c55a06687d767c94,delivered,2018-03-22 12:29:47,2018-03-22 12:49:39,2018-03-23 19:50:46,2018-03-29 18:23:51,2018-04-18 00:00:00
0e05c0027e31a0a9cf1074ec1b95c8da,7508e91cedf03110acea338833c0e133,delivered,2018-03-31 21:54:28,2018-03-31 22:47:21,2018-04-04 20:34:57,2018-04-11 21:06:53,2018-04-18 00:00:00
f594b636c49d40c1d2041a187cef56c5,cc3bdf6a182c405c2503f77648fafc2a,delivered,2018-01-23 10:59:40,2018-01-24 02:39:38,2018-01-31 00:12:11,2018-02-06 20:05:24,2018-02-23 00:00:00
5d868f579ff25e147017e5d507314d20,aaa95ce92e51238b17c0bf187bf57b7a,processing,2017-04-07 13:43:29,2017-04-08 13:45:18,,,2017-05-11 00:00:00
0508768342a863478ca21854a6ac2869,1eaeea5f98120089f4f67fc088e4507a,delivered,2018-01-07 17:48:05,2018-01-07 17:56:19,2018-01-08 19:35:19,2018-01-22 22:23:07,2018-02-06 00:00:00
4eefdd4c3ea96c1f7ac1bac3a9485072,5b5625a89b6dfc6ba038616ed576b7da,delivered,2018-01-25 22:19:50,2018-01-25 22:32:15,2018-01-26 21:59:47,2018-02-01 23:57:06,2018-03-01 00:00:00
d883754340c635b6b1946e3db8b33ceb,7f5f7aedabf1db3434414b19470fd942,delivered,2018-04-02 23:34:42,2018-04-02 23:47:58,2018-04-03 21:09:49,2018-04-28 18:42:32,2018-04-24 00:00:00
38fe76b8f86dd618f6647bb4f23d57de,b4b478405c7dd5a6b087550d411fe5c8,delivered,2018-08-03 10:26:21,2018-08-03 10:44:19,2018-08-07 12:33:00,2018-08-11 18:24:19,2018-08-13 00:00:00
fbff57de1609c0c4544325e9dd5559ba,bbc80c2bb8e51eb04dd93254733e34ae,delivered,2017-10-15 19:45:22,2017-10-15 20:20:28,2017-10-17 18:53:34,2017-10-23 15:46:04,2017-11-01 00:00:00
138630e7e14855ce216a9db0cdabbe06,8e320ed64bc2510dbab1b27a8d8dcbbb,delivered,2017-01-26 10:31:18,2017-01-26 10:45:07,2017-01-26 17:40:57,2017-02-02 09:47:37,2017-02-22 00:00:00
3aa0bcd95f24f4a91c0ca3f0a160ec9f,ef1b5dc620735876514e8778ade03323,delivered,2017-07-08 09:22:13,2017-07-09 06:42:58,2017-07-11 14:08:59,2017-07-13 20:34:22,2017-08-02 00:00:00
7ad3a0c4bc283dc5bdb749f66752270d,4dab1a97149117165228acb8a404acaf,delivered,2018-03-20 20:24:15,2018-03-20 20:35:22,2018-03-22 21:37:51,2018-03-29 23:18:43,2018-04-10 00:00:00
aaa4688b6d2e4d20b2ffc6d97723ea63,827ec074a70a7c08c2b9e7af20bf0287,delivered,2018-03-02 09:43:02,2018-03-02 09:55:24,2018-03-06 19:41:47,2018-04-02 19:25:45,2018-03-23 00:00:00
a7f3396e13dbf329c0ee67624aea5a93,168ef13a6a38ef68950cbe1e0c2c8507,delivered,2017-10-20 18:33:27,2017-10-21 03:05:54,2017-10-25 22:53:37,2017-10-30 12:45:43,2017-11-08 00:00:00
728416b0db65935dbf78a0cc03e8d6f8,00066ccbe787a588c52bd5ff404590e3,delivered,2018-02-06 16:10:09,2018-02-08 07:49:51,2018-02-14 19:58:58,2018-02-21 22:22:17,2018-03-12 00:00:00
0c5c7803f731287953ed066d8b599372,7971e8c2a8da56cfc093d984bd572c75,delivered,2017-12-31 10:24:44,2017-12-31 10:33:03,2018-01-02 15:36:23,2018-01-16 17:44:08,2018-01-29 00:00:00
251f7157d5e425718ae0767439991dec,db8778c6bb41f50c45603b5ebfa92cad,shipped,2018-01-10 22:44:17,2018-01-11 22:37:27,2018-01-13 02:51:30,,2018-01-29 00:00:00
e5106297a2ffc7dc6e1156fdd748d382,9f75fe65a6e57c44f6adca8ae7340bdb,shipped,2017-08-18 15:05:55,2017-08-18 15:25:15,2017-08-22 13:58:13,,2017-09-18 00:00:00
68da13c8f4ec09d2e31633d8ea16c15e,f5b6ff880297253e328cb15463571be5,delivered,2018-07-29 22:18:28,2018-07-31 03:35:15,2018-07-31 12:40:00,2018-08-06 23:12:38,2018-08-21 00:00:00
0998d3f4248f4c162beb9c06e2f87480,5aed239a8964c9d4307c5f47c0d81132,delivered,2017-08-10 18:21:46,2017-08-12 02:51:03,2017-08-14 14:35:02,2017-08-15 18:00:15,2017-08-25 00:00:00
7b068ded011750b422766fb0dbf020bb,098c96d2631a752965edeaafa21b307e,delivered,2018-04-23 11:30:03,2018-04-24 19:19:27,2018-05-04 13:30:00,2018-05-11 18:16:40,2018-05-25 00:00:00
a307c0c56d1c16450005b683913f73a7,21cd16f0c59d0e20db6ce0ca3b38cd9e,delivered,2018-01-19 17:17:08,2018-01-20 19:10:13,2018-01-24 23:22:12,2018-02-08 21:45:09,2018-02-23 00:00:00
b4a76a0c23607e9bd7bcb48e899297c8,81fd1ce2b33c53efbe7ee0003dd52009,delivered,2018-05-06 17:52:30,2018-05-08 03:55:38,2018-05-08 08:36:00,2018-05-30 17:06:55,2018-06-05 00:00:00
d7d3b787cc498b66c8bdbade64d9fa98,351123eeaba93a8a1d45b42c188d6eee,delivered,2018-03-01 17:16:50,2018-03-03 02:50:50,2018-03-05 22:28:29,2018-03-07 18:06:00,2018-03-14 00:00:00
56dff4484c68636969e851203694d13e,787b495451c8e31d9383f73a96184115,delivered,2017-11-28 02:01:13,2017-11-28 02:12:22,2017-11-28 17:42:18,2017-12-11 17:52:28,2017-12-22 00:00:00
66e9e616cd0bcd26b05c6b4694016939,8da78168c72d3a2c914f509a58b85c31,delivered,2018-06-28 15:59:34,2018-06-28 16:10:40,2018-06-29 14:13:00,2018-07-03 22:06:38,2018-08-02 00:00:00
4c294948777312118d8f0364dacb18da,478e045863cd16bbbdb26ae98edd63ea,delivered,2018-03-04 22:49:33,2018-03-06 03:35:40,2018-03-06 18:09:37,2018-03-26 21:52:53,2018-03-21 00:00:00
c8023e0c57ff641ff4ddedebd343128b,3def67e833a97dc122044972328d7226,delivered,2018-05-16 18:36:36,2018-05-17 08:36:38,2018-05-18 10:42:00,2018-06-14 14:32:59,2018-06-06 00:00:00
206c42ab534ffb0c5ec97f00f86070ae,1c0d78edc13c81d4b1b7a6f83fb8ea57,delivered,2018-04-19 17:18:47,2018-04-19 17:35:51,2018-04-20 18:08:38,2018-04-23 15:48:48,2018-05-22 00:00:00
2a70ce8b5ade3f0195fee5b3afc3bf71,94c054d064ed412629f6981823258717,delivered,2017-11-11 10:45:54,2017-11-11 10:55:28,2017-11-13 21:49:54,2017-11-23 17:26:55,2017-12-06 00:00:00
e8a1255860241d2b415fb816d9273efb,aad891f6f4c7f9aba60d29ef75313f5c,delivered,2018-05-03 11:21:25,2018-05-03 12:20:05,2018-05-03 12:25:00,2018-05-04 20:18:29,2018-05-11 00:00:00
f2d12dd37eaef72ed7b1186b2edefbcd,75b5d720874f58a6f6e2863e378c8575,delivered,2018-03-25 18:01:37,2018-03-25 18:15:29,2018-03-26 20:03:43,2018-03-27 13:48:59,2018-04-06 00:00:00
74c415339f4e4bc0b0ce2d6c6d067b2a,c1bcc51943dba97f1f522255c3d374d2,delivered,2018-07-31 19:35:26,2018-07-31 20:04:22,2018-08-21 15:35:00,2018-08-23 13:29:40,2018-08-31 00:00:00
f745c78fabb1f206f5e1d67d8e25dddb,ac372364db8936a92b3df2bd3b4b6cd8,delivered,2018-01-12 20:53:30,2018-01-12 21:09:19,2018-01-15 18:06:15,2018-01-18 20:21:47,2018-02-08 00:00:00
4d3490763a1e9814400feeded1534a33,5660d4bf22854ae198e90ab66c687b43,delivered,2017-08-01 15:38:59,2017-08-01 16:08:40,2017-08-02 20:02:59,2017-08-10 21:08:01,2017-08-23 00:00:00
5f24b613363e4af7466a250aa815a170,1a475ff9958a875936b3da7c7367212c,delivered,2018-07-23 10:37:56,2018-07-23 13:24:30,2018-07-24 13:26:00,2018-08-13 23:51:50,2018-08-15 00:00:00
3fcffc1b6f653b43f6ac98b51f2735ea,51a414a1021b994009740b1ebdf30ba2,delivered,2018-07-31 10:50:55,2018-07-31 11:30:40,2018-08-01 14:33:00,2018-08-03 00:24:25,2018-08-06 00:00:00
32582a4d43c00c2b4de23b82fe25a2e4,517e6cf696b0918c31f1ab6b2be74f6d,delivered,2018-04-10 23:09:48,2018-04-10 23:30:11,2018-04-12 17:12:50,2018-04-16 15:22:41,2018-04-23 00:00:00
70a7add6c9655bfb7721ca9623070b7c,7c8245069dede07b3c0b1d692bcc5468,delivered,2017-04-24 08:35:21,2017-04-25 08:23:04,2017-04-25 16:03:01,2017-05-15 13:14:09,2017-05-15 00:00:00
e68a0761535bd432bb847f4ae7b7b4c0,d9d2cd20127873b3196b6847b7810504,shipped,2017-11-22 17:11:13,2017-11-22 17:30:25,2017-11-25 01:22:12,,2017-12-08 00:00:00
c0c1604ce9151fcb3b655d3bb0caf670,abf9c96f49808f50484572868f1f9dcc,delivered,2018-07-13 13:49:18,2018-07-17 04:32:11,2018-07-17 14:23:00,2018-08-01 12:11:55,2018-08-07 00:00:00
63f5cc3a2a31c01c270d24d397a54274,e4dbb700c76f5706dd58f9b9ef613aed,delivered,2018-05-29 07:58:56,2018-05-30 07:11:23,2018-05-30 13:12:00,2018-06-05 21:54:42,2018-06-21 00:00:00
d47221803d32f8f54b53694c19f0a368,bd574aa2df7e753d954064917212f352,delivered,2018-08-04 14:33:08,2018-08-04 14:45:22,2018-08-16 15:38:00,2018-08-21 01:43:23,2018-08-16 00:00:00
2711c0821d7f2330805ca09cad0952e3,558499c2027ec01d530fb975ce2e5b2f,delivered,2017-04-07 14:21:11,2017-04-07 14:35:15,2017-04-07 15:27:50,2017-04-12 14:42:10,2017-05-08 00:00:00
2721cdbb603d7ab34553d2e44a6f9ae0,5d403e9930692daa08e3a13f8a68d462,delivered,2017-07-16 11:32:34,2017-07-18 05:55:20,2017-07-18 20:32:08,2017-07-24 22:27:30,2017-08-14 00:00:00
70870c95b39ec198376912f2c1ac8aad,d07897d21fdfac812af18def89603986,delivered,2018-06-28 13:33:06,2018-06-30 04:35:13,2018-07-13 14:36:00,2018-07-14 13:28:22,2018-07-27 00:00:00
02971473bcfb16642904d57bc3be50b8,42dfe5520e445df2b7fa0b6e0cbab834,delivered,2017-06-30 12:41:22,2017-07-01 12:45:09,2017-07-03 15:21:41,2017-07-04 13:27:57,2017-07-13 00:00:00
57a7a016ca8904a8f90708dff70e7ef7,0299b0be36d3c28852cf81ec24496a9f,delivered,2017-11-08 20:45:57,2017-11-08 21:06:23,2017-11-09 15:51:08,2017-11-14 22:56:56,2017-11-30 00:00:00
d134a745dbca5e4a22709d57e23d4f8d,b950ce6e86bc77fe267e9575f6a790ac,delivered,2018-06-04 17:19:43,2018-06-04 17:32:50,2018-06-05 13:43:00,2018-06-14 20:31:02,2018-07-11 00:00:00
3fd2e795e444c9c82eb0ec7108bfea33,f00d4c0af4257f81430cf1f7aa94c74e,delivered,2017-10-20 12:39:33,2017-10-20 21:07:15,2017-10-23 19:15:42,2017-10-26 20:09:57,2017-11-09 00:00:00
d7299ed1ce267fef299fca83511a0e17,ad57616784916759b6c24f3e5305bbf0,delivered,2018-03-07 09:49:04,2018-03-07 14:29:51,2018-03-08 19:56:22,2018-03-31 16:18:39,2018-03-29 00:00:00
02f82a2b0b79e9dbb86c47cef1e92063,c7c1be68d17bb1a7cf04dd15fc4d9331,delivered,2017-05-02 04:34:18,2017-05-03 11:22:44,2017-05-04 12:50:18,2017-05-12 18:42:12,2017-05-23 00:00:00
da00834d06065856c172220d3aeff76a,2331e8c700acf09f2ce29fc297f39b03,delivered,2017-05-02 12:23:08,2017-05-02 13:10:16,2017-05-04 12:28:25,2017-05-09 17:35:53,2017-05-31 00:00:00
355c14cca8fef764ee4faa28db69342f,443872a2e07094d58941d71ffe000e49,delivered,2018-08-16 09:57:33,2018-08-16 10:23:55,2018-08-17 14:06:00,2018-08-20 19:36:49,2018-08-24 00:00:00
61ea97d56d5149277b28083dd851754f,55dbac78636b1d8d76aeea44bc63e515,delivered,2018-01-06 17:47:29,2018-01-09 07:23:20,2018-01-12 20:53:12,2018-01-24 12:33:20,2018-02-09 00:00:00
09622aca695e14a0a89188bb86d66bd8,4db6657e3f2f229751497dc35de64e26,delivered,2017-08-04 18:28:45,2017-08-04 18:43:08,2017-08-07 20:49:55,2017-08-11 18:41:55,2017-08-24 00:00:00
ed90ba41c41da31da8e891ff43a584d1,51d9009f107df3256dcb608b5cb40a7c,delivered,2016-10-06 16:43:26,2016-10-07 15:59:09,2016-10-11 15:59:10,2016-10-14 15:59:10,2016-11-28 00:00:00
46a1ac51daefad9fbb8e65caacd43539,d304440f97ec08d781070a5daa6b38b7,delivered,2017-07-06 18:45:30,2017-07-07 02:51:06,2017-07-14 18:25:35,2017-07-21 16:43:45,2017-08-04 00:00:00
4bdbe1f2d1b360c34d90175e10ec090b,92074364e1af80a6ca822ae3141a7d77,delivered,2017-01-31 17:54:09,2017-01-31 18:05:23,2017-02-02 09:43:40,2017-03-30 13:22:48,2017-03-15 00:00:00
a50031be2e7818ce082a22db3add373b,5fa484c487b26266716360fa5c462258,delivered,2017-10-16 10:10:50,2017-10-17 04:08:42,2017-10-17 21:18:46,2017-10-18 22:10:13,2017-10-26 00:00:00
50089a9784f34a308dc31a939b4b6b1b,354eb22ccbb405f4a2caa902444e2874,delivered,2018-04-27 23:15:14,2018-04-27 23:30:54,2018-04-30 16:40:00,2018-05-22 14:18:33,2018-05-28 00:00:00
cf0069079227e57dea55e6ddee519e5d,3ecaad327f47929c1559f4814b3b53e4,delivered,2017-04-29 19:59:30,2017-04-30 20:05:15,2017-05-03 19:28:14,2017-05-15 07:35:50,2017-05-25 00:00:00
9cb8c7bd7be3365cd019f27478f6f974,a8131efea21bdc71335f152cbd7767f7,delivered,2017-10-11 16:56:57,2017-10-11 17:08:57,2017-10-13 20:13:01,2017-11-14 19:17:10,2017-11-17 00:00:00
1c020c2a20a524371e81f9ef21eca0b6,21e44f906e88b44ed1ada6b8d03bdc8e,delivered,2018-06-14 09:28:49,2018-06-14 09:57:01,2018-06-15 14:08:00,2018-06-19 00:06:02,2018-06-29 00:00:00
4ebf1b3adfeef9910d4580cf4feb91b1,b89a6cb96ecf6dd11030932a4968e7aa,delivered,2017-05-21 14:37:39,2017-05-21 14:45:16,2017-05-23 15:49:05,2017-05-30 14:47:56,2017-06-13 00:00:00
7551a449a88847c6b76206cc5fbe5993,ae4e83b188810992512e82e498bbf333,delivered,2017-10-21 17:21:57,2017-10-21 17:35:13,2017-10-23 21:35:58,2017-10-27 19:33:57,2017-11-10 00:00:00
912806f58b85a8b3b9a57757227c9a36,d76831a8621f75ed2c625ebf14d32f4a,delivered,2017-12-20 16:44:00,2017-12-20 16:52:30,2017-12-22 23:05:57,2018-02-01 14:15:31,2018-01-23 00:00:00
22266e2f8d8084cd2b5d8488164d043a,2dae38555287b3c42938a0688936c53a,delivered,2017-01-15 00:01:45,2017-01-15 00:15:41,2017-01-16 06:42:19,2017-01-23 13:49:05,2017-02-24 00:00:00
0847671e74f36253e410d74921dff936,88797eeedbc6f829464f79b5fb7dcd63,delivered,2017-11-25 22:11:45,2017-11-25 22:33:26,2017-11-27 20:21:30,2017-11-28 16:38:29,2017-12-13 00:00:00
45d02e8b6979040aea7168cd283aaa7d,bb6f1261b04e227b81303d0eafa537a4,delivered,2017-06-14 08:03:45,2017-06-14 08:15:24,2017-06-16 13:52:01,2017-06-27 11:10:04,2017-07-11 00:00:00
fc24f286ad7ece4fc7817a96eceaf896,bfc6917bd44b28ab33ab8a1099413d20,delivered,2017-07-11 16:51:46,2017-07-11 17:30:17,2017-07-12 19:53:32,2017-07-26 17:16:56,2017-08-02 00:00:00
648eaf43449457fe1ebea319e2fbb2a0,287a431d159b40caaf577cd2bab41678,delivered,2018-06-25 13:50:14,2018-06-26 04:59:17,2018-06-29 14:49:00,2018-07-04 14:11:45,2018-07-31 00:00:00
755b8ce688b56a26332fc83dcc35806d,4adf3ece7208d2355e78968a8519522b,delivered,2017-11-29 23:42:52,2017-11-29 23:56:33,2017-12-01 20:04:47,2017-12-16 11:32:00,2017-12-26 00:00:00
da6037ffff7c802ec858ebefb02ce949,53c9929d935e123dedc107a5be8edd9f,delivered,2017-11-27 21:27:28,2017-11-27 21:49:36,2017-11-28 23:36:51,2017-12-06 20:09:57,2017-12-22 00:00:00
70c5ccc21360b2f9c8f0a0decfb4e41d,d4217fcb991f5bc95ee2f5d7fd903cad,delivered,2018-08-14 19:46:25,2018-08-14 19:55:29,2018-08-16 16:26:00,2018-08-29 19:02:39,2018-10-23 00:00:00
656990431532493653f3cabd289b023e,6b90d343a7ee3bf7bac6f825ba4323b0,delivered,2017-09-21 13:17:36,2017-09-21 13:30:25,2017-09-29 19:32:58,2017-10-03 13:38:02,2017-10-13 00:00:00
cd71899a778ba1fda975b9ea5fcd214f,5ac0a94fa44edf813f591042fd757888,delivered,2018-02-20 17:31:46,2018-02-20 17:47:51,2018-02-21 19:34:12,2018-03-05 11:57:27,2018-03-12 00:00:00
ba5c52c56c0bc95c960451d9ce7205fe,29dbe7f526894b88b0404a0c9c396150,delivered,2017-05-18 19:41:13,2017-05-18 19:55:16,2017-05-19 15:18:06,2017-05-22 22:45:45,2017-06-12 00:00:00
316a104623542e4d75189bb372bc5f8d,0001fd6190edaaf884bcaf3d49edf079,delivered,2017-02-28 11:06:43,2017-02-28 11:15:20,2017-03-01 15:24:20,2017-03-06 08:57:49,2017-03-22 00:00:00
eadd6e0947c9e1304fecc4a1d4b04da9,c2418185ea81833eb78da58f3b26f100,delivered,2018-01-28 17:12:58,2018-01-29 14:15:41,2018-01-30 00:18:00,2018-02-07 16:51:58,2018-02-22 00:00:00
688fb7e7c929bfa4711317fb51d8820c,868f46be4f522fb8d0d2470d4196d86c,delivered,2018-03-08 18:05:23,2018-03-08 18:30:27,2018-03-12 23:36:23,2018-04-05 00:28:54,2018-03-29 00:00:00
1af47f4805c833e818afbc304a27de73,af34d22284fae5b9e2fde31b48a6966c,delivered,2017-06-13 14:13:31,2017-06-15 03:10:41,2017-06-19 12:56:05,2017-06-26 14:42:41,2017-07-06 00:00:00
1f5eb429cb345e7810b590b3f5de88ab,45dc3919a8935305b31679758922392a,delivered,2017-09-16 11:25:15,2017-09-16 11:35:13,2017-09-27 21:47:49,2017-10-04 19:42:24,2017-10-11 00:00:00
977e8abd0d54ee96cb2a4ab03c3bc45c,e42b128c0900df8bc11f75ddbda0b506,delivered,2018-02-19 17:20:09,2018-02-19 18:27:16,2018-02-20 19:52:21,2018-03-06 17:16:38,2018-03-13 00:00:00
8b888647a2115442e3a034d649699df7,fd23695e0d517c34af14f966b662f25e,delivered,2017-06-03 14:27:54,2017-06-03 14:42:21,2017-06-05 14:46:30,2017-06-14 15:26:55,2017-06-28 00:00:00
055f84fd2ebf314ebec85f8e1312f4f4,82ff01ff3cdbae8ef85c10481d360d1a,processing,2018-01-13 17:32:09,2018-01-15 10:10:50,,,2018-02-14 00:00:00
b29f76d1f7a17439d2e451cfb6afad05,a41df828b54b6e134acc61e8da86d2d2,delivered,2018-01-13 19:36:00,2018-01-15 10:11:00,2018-01-16 21:51:25,2018-01-25 00:58:58,2018-02-14 00:00:00
fff1e3e76b816bfe8ef16678cc53c643,e194b91a5dac87c84cc54a7ed3fdad7a,delivered,2018-02-27 08:35:05,2018-02-27 09:08:53,2018-03-02 20:04:21,2018-03-07 14:49:33,2018-03-26 00:00:00
91073b9465875bcedff77d6df7b681a1,d362c44ef783284c2c521f62339affe1,delivered,2018-02-05 00:06:00,2018-02-06 00:10:14,2018-02-07 00:37:44,2018-02-15 18:48:04,2018-03-01 00:00:00
dc1c0ba115f5ef217d19fc726f376b36,204bddb857a5605c63248d67c65beca6,delivered,2017-12-09 16:36:54,2017-12-09 16:49:44,2017-12-11 19:58:56,2017-12-13 22:44:34,2018-01-04 00:00:00
f9464073b4925d4fe407c556ca5cabf2,719a37f48e14ed793bd57def26310a40,delivered,2017-12-18 13:31:20,2017-12-18 14:53:19,2017-12-20 14:52:53,2017-12-29 18:19:11,2018-01-15 00:00:00
4d018030375b4b3ff3510d0c869c7b9e,708adbc7c5712f9da63ce87e97c6a581,delivered,2018-06-27 11:37:26,2018-06-27 11:57:19,2018-06-29 15:24:00,2018-07-03 22:33:09,2018-07-27 00:00:00
67cb060da41114f8464b736e9e49058e,ea36abf64bc24b2bbe8d2e894728c498,delivered,2018-03-10 22:11:23,2018-03-10 22:28:17,2018-03-13 15:54:21,2018-03-14 17:19:00,2018-03-23 00:00:00
2e99a8c55fe4b528eb671351410cd81d,c4ac551ad523e6a4b6b0a5a6babd312c,delivered,2017-07-30 21:37:12,2017-07-30 21:50:10,2017-07-31 16:14:53,2017-08-10 17:48:59,2017-08-22 00:00:00
a3df9ee0e0290b6eb2d3abb966d5346f,23a449ad84ad098c509b42c8005f2e2b,delivered,2017-10-23 08:03:09,2017-10-23 08:14:26,2017-10-23 18:23:57,2017-10-24 16:13:02,2017-11-03 00:00:00
283882195739ec4b5092b247f052f6d6,26c075c0de8b8fdfbea28238b5ea0b81,delivered,2018-08-05 21:20:07,2018-08-05 21:35:12,2018-08-06 12:56:00,2018-08-07 16:33:07,2018-08-13 00:00:00
f6b0fadc7a8c63ec71d0336d21b8c630,4983427c555cd0025849dec979ef3a0a,delivered,2017-02-07 11:52:04,2017-02-07 13:05:40,2017-02-07 14:43:52,2017-02-14 12:35:45,2017-03-08 00:00:00
1ce0ea88b5b9dd15c1254739357a8e07,a5469d1164d8137449bb1ca944d6cdbb,delivered,2018-01-29 21:07:31,2018-01-29 21:32:14,2018-01-31 19:18:41,2018-02-01 19:18:59,2018-02-14 00:00:00
6c28cf68e8389e5024135b3d33d8a987,cca42269d9ed5030a5952d9abcb1722d,delivered,2018-05-09 12:23:00,2018-05-09 12:35:53,2018-05-09 11:09:00,2018-05-21 19:31:32,2018-05-28 00:00:00
f040040c63fb4164125917af2fa6d4b4,7c6f85d218c8e1b11d5850ab745c18ad,delivered,2018-08-06 18:48:35,2018-08-06 19:04:31,2018-08-07 12:43:00,2018-08-11 13:04:41,2018-08-24 00:00:00
aa62e67d7dbefd7e1331d5975f61a404,e6b1b2e9d776e6657e9b243fcc56502e,delivered,2018-06-17 13:07:50,2018-06-17 13:39:47,2018-06-25 14:24:00,2018-07-02 20:46:52,2018-07-17 00:00:00
953f6193240153af3fd76c055a3c544b,fcfbe3abb8affdbf76960957bbc2cc02,delivered,2018-01-01 21:32:02,2018-01-03 04:12:36,2018-01-04 15:15:17,2018-01-09 15:51:57,2018-02-01 00:00:00
22613579f7d11cc59c4347526fc3c79e,53cc5d344077104b59d4f6836a90eb0b,delivered,2016-10-04 13:45:08,2016-10-04 14:27:49,2016-10-15 10:12:47,2016-10-18 22:35:47,2016-11-28 00:00:00
332e264249f30a888b81bffd7a84e03c,7cc8aa1b58755e7d169084d0778f362d,delivered,2017-10-07 21:41:11,2017-10-10 03:49:20,2017-10-10 22:07:04,2017-10-27 21:21:57,2017-11-13 00:00:00
f04c7589129e26f1a095e07ffc2158bf,e40af776092a710beb6f831242c6af90,delivered,2017-09-13 16:48:06,2017-09-13 17:10:29,2017-09-15 13:42:56,2017-09-19 17:56:58,2017-10-03 00:00:00
4644fc24ed1ffc954053a6fa1b1b825e,ebd57d77b789fb8d99c8dcf9ce71097b,delivered,2017-08-30 20:12:26,2017-08-30 20:25:13,2017-09-01 15:24:38,2017-09-04 20:28:11,2017-09-18 00:00:00
7c97900442dd98ddd06bab55a03c8564,a526ad521f88f610b87a17a8a064a502,delivered,2018-06-20 10:57:46,2018-06-21 03:38:42,2018-06-25 09:31:00,2018-06-28 18:16:43,2018-07-12 00:00:00
3ad540acc809c0ce95b1dfe9cb4b4343,89c93c9e16ecb1633c04c433d4d144f5,delivered,2017-10-19 14:58:54,2017-10-19 16:49:44,2017-10-20 19:08:13,2017-10-27 22:18:53,2017-11-10 00:00:00
95428aa94edaeeb8edc0609da66852ec,efd6d74f549dc540555631e0b36ce02e,delivered,2017-11-17 19:53:36,2017-11-17 20:50:35,2017-11-21 19:59:01,2017-11-27 17:18:57,2017-12-13 00:00:00
b1057b71c52a710fc9f588bb5eb702d9,7e53efd6bbabc2530e543a555d20c8a1,delivered,2017-04-03 07:47:38,2017-04-04 05:50:38,2017-04-06 07:24:43,2017-04-17 16:24:42,2017-05-04 00:00:00
b42c846318a7b8b2b28cd8454f281392,83cbffecc6aa6193373bfb48b33503ee,delivered,2017-11-17 13:15:36,2017-11-18 13:45:59,2017-11-21 22:46:37,2017-12-12 20:39:04,2017-12-20 00:00:00
3016d3537e78284991256efc878941ec,66d36f48cd3edb9cb7ab70d5ca3f4321,delivered,2018-08-10 22:51:23,2018-08-10 23:04:38,2018-08-24 14:05:00,2018-08-31 11:38:29,2018-08-29 00:00:00
603a0efaa57d08690507c9492973822a,f1a1772548b4c5024ef6bfad4a24d351,delivered,2018-03-04 21:56:16,2018-03-04 22:10:31,2018-03-06 00:22:45,2018-03-28 23:51:40,2018-04-06 00:00:00
641b3f1c458e28bcc1ac2e6e5e526489,97c47aae6ea0c8b187e739b95be4a758,delivered,2017-11-13 19:27:15,2017-11-13 19:47:49,2017-11-16 16:21:22,2017-11-30 23:13:12,2017-12-19 00:00:00
28f9563bda992bf8aaefc7310e12b44c,df8d37977f13f34945c838a3e59d0607,delivered,2017-07-11 17:37:09,2017-07-11 17:50:15,2017-07-13 17:57:53,2017-07-24 21:45:52,2017-08-10 00:00:00
61fc1e01fc9cd8344b0d1fda336a8be1,597edd65d504b2f95dcfb29735c50c00,delivered,2018-03-27 20:39:09,2018-03-27 20:55:27,2018-03-28 18:54:31,2018-04-16 21:48:42,2018-04-18 00:00:00
f12dbdb6a90508df0f4d102e304c8c7d,f3b432e2a069aaf28f7e7fb7e2fa124f,delivered,2018-07-30 21:58:36,2018-07-31 04:05:35,2018-07-31 14:47:00,2018-08-03 01:32:09,2018-08-09 00:00:00
645779176d5d254b38d767ba3712cfaf,9eaafe7c469228a67c9b33a3cbf37154,delivered,2018-04-29 19:12:53,2018-04-29 19:35:24,2018-04-30 10:15:00,2018-05-02 21:12:47,2018-05-11 00:00:00
ec9cec6602234c5b94f67d715c7b14ef,8cfdf6af33a4386da0d223ffe7554262,delivered,2017-06-27 11:28:00,2017-06-28 02:35:24,2017-06-28 14:25:01,2017-06-29 17:37:40,2017-07-10 00:00:00
59cbe1b4d431c65474bfcd53c3a3b227,1e12cab34d9cf45bc63eeba696c4ee3c,delivered,2018-07-22 17:37:38,2018-07-23 12:31:50,2018-07-23 14:46:00,2018-07-24 19:11:49,2018-08-02 00:00:00
f93d4438f5a4fcb8c83d71dc594437f9,e9285513ca554becdce6eb1b34963643,delivered,2017-04-07 10:12:48,2017-04-07 10:24:09,2017-04-10 14:08:09,2017-04-19 15:17:12,2017-05-16 00:00:00
eeed16ea7d99f4531ac2aefa8dd79368,cc389f4eaa50512f8de37f3109aebaa9,delivered,2017-11-20 12:48:31,2017-11-21 03:56:29,2017-11-22 23:48:53,2017-11-29 19:45:45,2017-12-18 00:00:00
f622f166555604252d12a9f66850ce2f,780ba23c0b4feb4d05816336c771e549,delivered,2018-08-06 21:30:23,2018-08-06 21:44:38,2018-08-09 14:08:00,2018-08-11 14:18:43,2018-08-15 00:00:00
4953cbca0dc4ee03b38a9b279af7bff8,6f0af127aca1f39fab251bc67297a741,delivered,2018-04-27 07:12:53,2018-04-27 07:50:13,2018-04-27 15:09:00,2018-05-01 13:14:49,2018-05-16 00:00:00
e2ea40e627fa59e27d40fce26a8b5a32,64b1688e90d4b8684ff9c22aa8af14a5,delivered,2018-04-27 11:25:37,2018-04-27 11:52:15,2018-05-11 06:41:00,2018-05-12 13:30:55,2018-05-10 00:00:00
12f12b0c970ed338e7a4cf857fd1eb33,7148d5b825f7c5ca839047d5d982826e,delivered,2018-01-19 07:52:24,2018-01-23 03:52:36,2018-01-23 20:53:13,2018-01-24 19:02:49,2018-02-05 00:00:00
06addb9b5cc9c47e661a6eed12276418,928556f1e278269601edb5c022cd4b5e,delivered,2018-02-25 13:56:55,2018-02-25 14:10:30,2018-02-26 18:19:15,2018-03-29 22:58:51,2018-03-28 00:00:00
d2e870fac3d41a82545e1cf3ebaf5a4e,727d45008fe83848235f2e29d60e29f1,delivered,2017-04-11 14:43:04,2017-04-12 06:45:20,2017-04-18 08:57:38,2017-04-27 17:05:47,2017-05-03 00:00:00
cf66a791440b22e6e21c4c339d07c001,a31b9c72b5843b29fd1746cc0ca8a78b,delivered,2018-02-19 22:05:44,2018-02-19 23:07:33,2018-02-26 16:45:38,2018-03-22 17:18:46,2018-03-15 00:00:00
8e609b18311a0558de0c7508a9331031,4a731d851f767c0002a3a8069d62d73c,delivered,2017-12-03 11:06:38,2017-12-05 04:15:40,2017-12-12 21:43:56,2017-12-13 19:43:28,2017-12-20 00:00:00
857e0342c23a497fca50823f08d9eb13,c4d44a998ef05648ed28e733d653d17a,delivered,2017-11-09 22:09:51,2017-11-09 22:27:05,2017-11-10 23:03:02,2017-11-16 18:59:40,2017-12-01 00:00:00
9c33774fba00c73b651903f988c71bb9,21b75a343cc69ed545016d78d22bde39,delivered,2018-08-20 12:37:12,2018-08-21 12:30:50,2018-08-22 13:35:00,2018-08-30 00:38:24,2018-08-30 00:00:00
71c1cfc3a3c729ec550ea6b07cf51eb4,e1a09507357e73def87e4fcf5df4b00c,delivered,2018-07-24 16:20:39,2018-07-25 10:05:06,2018-07-26 10:17:00,2018-07-30 17:42:07,2018-08-15 00:00:00
28e4584280c4d5de2fdd95ab155da4d0,68e9a0b72b0002f1aa334d988dfdbc28,delivered,2018-05-08 19:17:48,2018-05-08 20:15:26,2018-05-10 19:08:00,2018-05-14 23:58:45,2018-06-04 00:00:00
46ee6eaca194413758f200a6974b7e4d,27a2735706788ec6d39d0de52ce2457b,delivered,2018-04-25 18:55:05,2018-04-25 20:31:41,2018-04-27 15:02:00,2018-05-04 18:07:58,2018-06-01 00:00:00
cb30b4382e88bfeafdbc1010a026de1c,e96c90e9a18c5fca8ad904ccaada95af,delivered,2017-09-19 12:20:28,2017-09-19 12:30:15,2017-09-25 14:43:03,2017-10-07 14:57:45,2017-10-06 00:00:00
9d3c59fdcbaa99d6857084449b8aacd3,1393e6c04976a6ec4677dfd0a4a37a2f,delivered,2017-05-15 10:31:57,2017-05-17 03:50:21,2017-05-18 09:50:36,2017-05-24 10:43:53,2017-06-08 00:00:00
4a9926db4f145a7facd1709ecf22bb25,5c7e0f8f6aa8e9d4f5703d54108df291,delivered,2018-02-08 11:55:21,2018-02-08 12:09:45,2018-02-08 21:07:35,2018-02-19 19:59:24,2018-03-15 00:00:00
309c3acdc3ee0846604b0db436a91e94,75f9eea27d95bc07faedf009cd8cd7b6,delivered,2017-07-20 19:59:27,2017-07-20 20:10:12,2017-07-21 14:27:45,2017-08-15 21:14:40,2017-08-17 00:00:00
50f4eebd00d7150e6ff4da0c0b39a826,bcc9d1e59370fbf19e8e34b58cca7b9d,delivered,2018-02-20 12:14:29,2018-02-20 12:31:23,2018-02-22 22:57:06,2018-02-24 02:16:56,2018-03-15 00:00:00
44c536f6ba15a4faf44a3b9aa9ee803b,87bbde35e6649328410a77cc82036709,delivered,2018-04-27 08:10:30,2018-04-28 08:13:24,2018-04-30 13:52:00,2018-05-07 22:04:29,2018-05-23 00:00:00
61fe86ebf170d0ede54d8786d39effdf,91e56c7fa4f3acda6098f2b24cbd43ec,delivered,2017-08-29 22:29:48,2017-08-29 22:45:03,2017-08-30 13:23:43,2017-09-05 18:56:54,2017-09-20 00:00:00
e028addc83a9ed4498311c3e203e53ff,7721950fa290fa8e274ed6ed728c6979,delivered,2018-07-30 12:00:52,2018-07-30 12:24:51,2018-07-30 17:58:00,2018-07-31 19:28:42,2018-08-07 00:00:00
05bb540accb9a3fc966280b894023c9c,5e223ba2e969f6c316d104a99db67a71,delivered,2017-07-06 21:13:00,2017-07-07 02:50:52,2017-07-11 13:49:34,2017-07-13 20:41:17,2017-08-02 00:00:00
6dcf09925bad5c21f9694df7c7064435,b6449dad7d75ca4204e95af962d73eaf,delivered,2018-05-28 10:14:08,2018-05-29 03:55:05,2018-05-30 14:55:00,2018-06-07 00:28:53,2018-07-03 00:00:00
3334505458e0f039b5a43c32dfef2cef,7cceb5f2b585e4346bea1666d6c88c63,delivered,2018-07-09 12:20:42,2018-07-10 09:10:17,2018-07-16 13:49:00,2018-07-23 17:03:20,2018-08-20 00:00:00
aed3b7b7a6d2e4232394a00ff3fb14ce,eb4ec25e1b851f99bb9b685725c4e78f,delivered,2017-08-26 20:28:20,2017-08-27 20:35:17,2017-08-28 20:11:26,2017-08-31 17:22:46,2017-09-14 00:00:00
d8a23906d95c53fd16569067cefb9103,b498aaecef8eb64d52f9c885368c90a9,delivered,2018-08-21 21:54:40,2018-08-21 22:05:16,2018-08-23 14:39:00,2018-08-27 20:59:40,2018-09-21 00:00:00
54766753b06221dcdc0b0d27db25cc10,4dbccee7e5cb46bcf06f78a7fcfa9c21,delivered,2018-08-05 15:06:41,2018-08-07 04:05:20,2018-08-07 14:59:00,2018-08-15 03:11:36,2018-08-23 00:00:00
52fec00ad00debf3f8b2c11cc51da506,ace95ea4a743131700cecb1b4d201609,delivered,2017-12-07 10:07:04,2017-12-07 10:16:24,2017-12-07 18:16:53,2017-12-18 22:18:56,2018-01-05 00:00:00
b7d6f9e405deaa6ff82ab9d96608482f,396a8539f119f80d6df1065a04cf6595,delivered,2017-04-28 11:50:40,2017-04-28 13:03:51,2017-05-03 12:40:14,2017-05-08 12:50:15,2017-05-22 00:00:00
e7535e2fc78c71f46b16b5331afae90f,5be46d4219b0b664ade208fb06506521,delivered,2017-03-28 14:32:18,2017-03-30 02:10:21,2017-03-30 11:25:52,2017-04-12 13:28:08,2017-04-25 00:00:00
a78d3e0dd36caaa19d8b61e8de27ad1a,e2b8cde8bc3beca3a50806f1dbac53f8,delivered,2018-01-10 18:08:20,2018-01-10 18:28:55,2018-01-11 21:43:32,2018-01-17 17:38:57,2018-02-08 00:00:00
02db3eec8ec9d3a35e2afe15367f21b8,bd3416ec4a72b10772b79778916c1fb5,delivered,2018-03-26 22:13:21,2018-03-27 03:50:55,2018-03-28 21:53:50,2018-04-04 00:52:02,2018-04-13 00:00:00
cefc3e3c58e8a79b920d05c63e320c69,827c1daa83bce414dcebbeb2959bb555,delivered,2018-03-07 10:22:35,2018-03-07 10:35:39,2018-03-09 19:58:47,2018-03-30 00:41:31,2018-04-04 00:00:00
9c44c2473c988578b5188baf89c3e429,dd48464b22b941c1717e9b3e53ccddab,delivered,2017-06-01 17:18:31,2017-06-02 06:35:21,2017-06-02 09:19:26,2017-06-09 16:39:46,2017-06-27 00:00:00
036091098bdc85e780fc3594006276b7,92dd835c0a01f474014b0a888b5bef93,delivered,2018-07-19 12:59:52,2018-07-20 14:50:20,2018-07-23 13:25:00,2018-07-27 18:28:23,2018-08-02 00:00:00
e334ab4c4f7e57c1687890de298f81e2,cae464394f85fa945b401cac6aaba58a,delivered,2017-10-21 00:10:54,2017-10-21 00:35:08,2017-10-23 19:12:17,2017-11-03 17:33:05,2017-11-17 00:00:00
94f7b6b57da8c315ba34ed75eb75a16b,381fcc93de567ff58debbc20540bc668,delivered,2018-05-19 16:08:40,2018-05-19 16:32:22,2018-05-22 12:25:00,2018-06-02 13:28:45,2018-06-06 00:00:00
7ea5afa01a6aed827dec68beed373ea9,f8bf759ca675f184f81ebf55846fca72,delivered,2017-11-04 13:54:18,2017-11-04 14:10:33,2017-11-07 00:48:42,2017-11-17 19:04:01,2017-12-01 00:00:00
e73c4ecd46f3549fd9ebcdfab800cd28,cde3d6f35cc850126ef374787cc74222,delivered,2017-02-12 18:37:11,2017-02-12 18:45:11,2017-02-16 14:07:20,2017-02-22 06:43:36,2017-03-20 00:00:00
d4bf9a6552dbfc7f1b2f6abbb1028b99,70a143bf0866aa6c1ba15fab452335a8,delivered,2018-01-05 09:37:24,2018-01-09 07:24:50,2018-01-09 17:04:49,2018-01-10 19:59:20,2018-01-23 00:00:00
ddb831adbe504c02601f03328420af4d,986c90c93b95ce4d823f9396c9a25751,delivered,2018-03-22 15:00:34,2018-03-22 15:40:26,2018-04-10 18:49:24,2018-05-18 12:41:46,2018-04-23 00:00:00
474c0bedc28c30c7568c589c047b75bb,00aee581138f207eb71f58811aae25d1,delivered,2018-04-15 20:27:53,2018-04-15 20:51:29,2018-04-16 22:45:29,2018-04-17 22:42:35,2018-04-26 00:00:00
cb51128a709fc24d52f27aa407697411,8bcc9dd14823b01eb0e4f80d3637a5fc,delivered,2017-04-26 12:03:22,2017-04-26 13:05:31,2017-05-10 16:07:27,2017-05-17 10:17:45,2017-05-16 00:00:00
eeefbe7b042ae8283ce5969a767c9a68,afcae44ebd42f76e776c73a23490b593,delivered,2017-06-13 00:49:01,2017-06-13 01:02:29,2017-06-19 16:34:31,2017-06-23 10:22:24,2017-07-06 00:00:00
a1992473cf823780a4ce2235249ada82,73b498b492637e3ff6343c2c63bb5dd8,delivered,2018-05-21 08:00:14,2018-05-21 08:17:59,2018-06-06 15:16:00,2018-06-08 22:52:06,2018-06-22 00:00:00
e918a18483ed36b716b6fbc8cf570e83,b8db736a2750311bce7d053e6d7263c3,delivered,2018-07-17 12:15:55,2018-07-18 02:55:21,2018-07-20 18:52:00,2018-07-25 19:14:54,2018-08-10 00:00:00
f1ba1af891ddd14899ba97155589732f,c55f7aac91e0605d8f8333211949bd5e,delivered,2017-08-21 00:27:44,2017-08-21 00:44:36,2017-08-25 18:45:50,2017-09-05 15:15:37,2017-09-13 00:00:00
a512634a0377a863c1f77f2ad31506e0,1394555afd47c35cbefca738972e3d6e,delivered,2018-06-06 10:57:24,2018-06-06 11:13:54,2018-06-06 11:25:00,2018-06-19 18:03:19,2018-07-16 00:00:00
1db131c48c4d22127882402aede3f5e3,ab63b05f2047754f13cc5fd06bb3e614,delivered,2017-12-27 12:19:05,2017-12-29 02:09:20,2018-01-02 16:29:21,2018-01-15 16:35:46,2018-01-31 00:00:00
968cb4fb4acbc42bc8ad87fc3caba34d,39ffed8392965349ae13109de7848397,delivered,2017-11-22 10:12:10,2017-11-22 10:26:27,2017-11-23 17:12:26,2017-12-20 23:49:09,2017-12-21 00:00:00
ae86389756e9af7f5f5f64aa266a439a,859b2f771c5e0f3874c59635a9829354,delivered,2017-02-05 20:00:06,2017-02-07 04:03:10,2017-02-10 07:55:57,2017-02-16 05:43:59,2017-03-08 00:00:00
fa26763c58fa3379d19525e7381fbdff,6414161f0e2343acc074959dad08b373,delivered,2018-01-08 23:33:12,2018-01-08 23:47:32,2018-01-10 18:18:39,2018-01-15 17:48:50,2018-02-01 00:00:00
2aed9e5e9721d155da677d5b09e6ecde,1626a557f9bd4edf99fa4af9e42cbae2,delivered,2017-10-17 18:15:23,2017-10-17 18:28:22,2017-10-19 15:10:25,2017-10-23 16:20:27,2017-11-03 00:00:00
633911754e7d587f10d189b10572c0ae,da10cbdf82699412e09b92f55ac38dbc,delivered,2018-07-12 01:23:38,2018-07-13 02:35:14,2018-07-31 14:10:00,2018-08-06 17:58:27,2018-08-01 00:00:00
6ab8dac189301e155d1ff9208d98db3f,f1b716fda069da883eeba66adca9a5d0,delivered,2017-10-04 12:32:08,2017-10-04 12:49:21,2017-10-05 15:03:36,2017-10-07 16:32:55,2017-10-23 00:00:00
146bfe4003096bc16316672e59c6fb2e,47443a10c52e727aeab6b6cae75dbdb6,delivered,2017-01-26 23:08:52,2017-01-26 23:21:57,2017-01-27 13:57:24,2017-02-01 11:09:38,2017-02-20 00:00:00
0d103d6504de00ed0c99969517a9ad52,e1ac420ce71810297563ec7eed721e72,delivered,2018-01-25 20:53:56,2018-01-26 03:16:43,2018-01-26 19:18:48,2018-04-05 23:28:24,2018-02-19 00:00:00
969791845aebad4fe9d49530189384b9,bfea4a98ad57e429a31dab20bfe4375f,delivered,2018-02-06 15:50:36,2018-02-08 07:35:59,2018-02-14 21:57:32,2018-02-19 21:48:58,2018-02-22 00:00:00
415a141f4a7002a9415cdb40ded310a8,bb447b65c8796bb95116a042a3975691,delivered,2018-01-15 17:24:30,2018-01-15 17:34:30,2018-01-19 21:16:09,2018-01-26 14:42:28,2018-02-06 00:00:00
fce6ebf0ce28cde1c71f1f4160c8e4b5,1588ec2728805bccb98b9bc3c30c527a,delivered,2018-02-25 17:13:25,2018-02-25 17:28:05,2018-02-27 16:59:15,2018-04-03 22:37:27,2018-03-28 00:00:00
381cb353cd30a73a5e49e5f42e583c43,9b7f1cfafd9c7e59d94be3f1a9b02814,delivered,2018-08-06 16:59:54,2018-08-07 11:45:24,2018-08-14 16:18:00,2018-08-20 18:22:45,2018-08-17 00:00:00
f7d0eb24b92b2024fc86a38400664675,441de7dcd3d15a1375a2d347b64e21f4,delivered,2017-10-12 11:53:04,2017-10-12 12:14:16,2017-10-16 22:04:14,2017-10-25 04:20:11,2017-11-06 00:00:00
958c2c6f97278761a6dc851ac6bc0f1e,4fa19f7da692e6bf9602aaad3c372eda,delivered,2018-03-27 18:05:05,2018-03-28 02:48:01,2018-03-29 23:22:10,2018-04-07 17:46:40,2018-04-17 00:00:00
0d01a6e6a5ab185145f17abef2ff9f0d,d717f827870337ac0f4c75982011f237,delivered,2018-03-26 00:20:08,2018-03-26 09:30:32,2018-03-26 20:03:43,2018-04-06 19:28:37,2018-04-17 00:00:00
0e54e7e8b39dfc550dfab97b23c7b582,7c1cc4e0ecca23fe35bd3d79a02f8abe,delivered,2018-05-12 12:02:50,2018-05-12 12:15:14,2018-05-14 14:20:00,2018-05-17 16:21:02,2018-06-05 00:00:00
dddefcfe636a15ef05e728d06ba945cd,ad10ccfd2201e0587646955cea584e37,delivered,2018-02-15 08:52:58,2018-02-15 09:07:50,2018-02-15 22:08:08,2018-02-21 17:42:55,2018-03-01 00:00:00
5f892cf10a419532141018e4f162d429,8da022467585bcfdf70f08d25c07fb03,delivered,2017-07-19 21:20:27,2017-07-19 21:35:23,2017-07-21 21:07:51,2017-07-25 12:30:28,2017-08-10 00:00:00
6f3f7659b58b0787d5881b1cad295af2,18e771eb29c852089801807afdae82bb,delivered,2017-12-26 12:34:23,2017-12-26 12:49:01,2018-01-02 22:52:34,2018-01-10 14:20:25,2018-01-19 00:00:00
683ec1680537670578142e56f09c58f2,219a56cc6da62f9ccbf37b4ec2b2317c,delivered,2018-01-08 15:11:15,2018-01-08 15:27:52,2018-01-17 17:58:43,2018-01-27 17:33:18,2018-02-05 00:00:00
6101a3cad652012312ccd9284733ac2b,801c629f9d3579bddf589ec0328a4238,delivered,2018-07-23 11:15:29,2018-07-23 16:00:31,2018-07-25 14:14:00,2018-08-02 19:38:48,2018-08-23 00:00:00
20179c04ba0e2e024542349ec1d5d263,b64106d2d4647c03dc63123823b8da83,delivered,2018-06-10 16:56:27,2018-06-11 19:19:51,2018-06-12 15:29:00,2018-07-05 15:51:04,2018-07-18 00:00:00
c617b81bdf196a2a7f3f4f9b68439ca7,1bc8a5c9c12a109433d30c3f6e5b506d,delivered,2017-10-22 23:15:59,2017-10-22 23:28:16,2017-10-23 22:51:59,2017-11-01 19:13:56,2017-11-14 00:00:00
67d0c933fefa1c4ff65e800b8c8bf804,5fecda646005785f0338ead4ed426198,delivered,2017-01-26 18:04:03,2017-01-26 18:15:10,2017-01-30 18:16:10,2017-02-06 13:05:57,2017-03-06 00:00:00
6fe0c69d1afecba53e06ec8c8b533dea,c52c1b2401857b019a8593b38ebf8e8c,delivered,2017-11-11 18:31:14,2017-11-14 04:26:54,2017-11-14 14:33:14,2017-11-30 23:47:06,2017-12-08 00:00:00
fa0d5b3cb1f2221766145a60ba18ac64,fca009d3c1e93669776e17149081e0da,delivered,2017-12-30 20:00:08,2017-12-30 20:10:25,2018-01-03 17:15:11,2018-01-26 16:24:49,2018-01-31 00:00:00
dba025e9db06809a86eb497cbdf12dca,cf352219936163a042aac91a52f507b7,delivered,2018-04-23 19:27:59,2018-04-24 17:16:24,2018-04-24 16:17:10,2018-04-27 17:58:51,2018-05-11 00:00:00
f75af398a39ffa0d9488c740a4b259cb,5c4939501933003b9471f87a5c4b1404,delivered,2018-02-22 17:12:23,2018-02-23 17:40:19,2018-02-27 16:04:53,2018-03-14 22:21:37,2018-03-26 00:00:00
2de6a60c0b5386778d202e28d688553c,2177339c6c7841dd2233b686a3566bcc,delivered,2017-05-12 10:24:16,2017-05-12 10:35:17,2017-05-12 11:14:43,2017-05-16 16:53:38,2017-06-01 00:00:00
2f39452424e1f94e150ebb634483439a,8277b184eef036b4b6643d665875006c,delivered,2018-03-19 10:34:49,2018-03-19 11:27:58,2018-03-19 23:24:40,2018-04-02 18:32:58,2018-04-10 00:00:00
911655697632aa4dc54e0cd37cc360a0,9c59f6c0745b8a50558adc3cac648018,delivered,2018-08-01 17:23:55,2018-08-01 17:35:11,2018-08-07 12:43:00,2018-08-09 17:58:37,2018-08-08 00:00:00
4019dc88e273c81a8e284257bb938f42,52272e973cc9f7e81b6527d4b780d720,delivered,2017-09-01 07:40:27,2017-09-01 07:50:29,2017-09-05 21:57:53,2017-09-12 19:33:31,2017-09-22 00:00:00
eaedbddc7cf568f1b667398781159118,ded2993a00761fa35d58d28befbfc0f8,delivered,2018-03-11 15:14:47,2018-03-12 14:15:41,2018-03-13 21:36:41,2018-03-26 23:32:42,2018-03-28 00:00:00
7d2c693e639aecc9ee75bd44d2d784a2,ae23994217f5ab1e6bbf62658e8df8f3,delivered,2017-11-26 22:51:17,2017-11-26 23:12:53,2017-11-28 12:27:18,2017-12-14 11:58:43,2017-12-18 00:00:00
a69a00332a55da548ed98215f3f0a8a7,77a69d313ed6ac75d3bde85d588cb916,delivered,2017-06-23 14:53:39,2017-06-23 15:05:30,2017-06-26 12:37:56,2017-07-13 17:53:21,2017-07-28 00:00:00
9f8336f54e26b60f22aa66d469bcf6f4,9815f77b72f304d1872b10a857b2130d,delivered,2018-04-05 13:06:18,2018-04-05 13:29:07,2018-04-09 21:09:34,2018-04-10 22:52:16,2018-04-20 00:00:00
e0740375ce45558ac111af54a98325e8,70a6c2f433d5e8ea6e042c06e0589a5c,delivered,2018-04-07 20:48:13,2018-04-07 21:08:30,2018-04-09 21:34:33,2018-04-16 20:18:30,2018-05-02 00:00:00
4682cd5d4e927965b48164b36492ce1d,bb3647c1adc147024cd7e98bcad63f71,delivered,2017-11-26 23:07:09,2017-11-28 23:10:55,2017-11-29 17:02:57,2017-12-13 01:03:17,2017-12-22 00:00:00
3970917d62089188ce154d4cf796babc,2c234c3a0b7d6c725d30c619f1c08b98,delivered,2017-11-28 10:45:08,2017-11-30 10:38:26,2017-12-01 17:47:56,2018-01-06 11:22:57,2017-12-20 00:00:00
64950372e63fcd4b20cbbae2b34a487c,86a715bc70e5d0bd5c0e0f7c027f124d,delivered,2017-07-03 16:06:41,2017-07-04 04:45:09,2017-07-04 15:21:47,2017-07-18 17:04:30,2017-08-02 00:00:00
66ac12943c406c5706fea2ce7a74be9e,0732b96294c351963d5ea56db7f5a3f9,delivered,2017-02-09 14:08:20,2017-02-09 14:23:08,2017-02-10 08:36:52,2017-02-15 14:41:53,2017-03-10 00:00:00
1dbd4cdee432aa3ffded4c64c7b9d846,b6a93f3f5fac88882e4defc5502f6073,delivered,2017-12-15 21:36:08,2017-12-19 09:58:32,2017-12-22 22:03:25,2018-01-03 19:46:45,2018-01-15 00:00:00
73dc01fbf0b54cbf1e90c94c62679d8a,7e9747ad862b01f3bf33e9bad4cbf994,delivered,2018-01-10 18:42:59,2018-01-10 19:40:22,2018-01-12 12:09:45,2018-01-31 22:56:50,2018-02-06 00:00:00
a439a8612081437ade41c9820aa46aa6,7091f759f7cc565b0c2f5456d416fbc7,delivered,2018-01-28 23:27:33,2018-01-28 23:35:25,2018-01-29 21:51:27,2018-02-14 18:27:31,2018-02-23 00:00:00
9f775377f0750b17db861c49f3bcc8d6,993e7665a6812825d712d7903b645acd,delivered,2018-05-21 13:12:43,2018-05-21 17:17:58,2018-05-22 13:55:00,2018-06-09 10:58:47,2018-06-11 00:00:00
f92433147728892c780115a18706574a,7079100fc287f33464e21f3bca1fb1f6,delivered,2018-04-27 11:43:43,2018-04-27 11:55:15,2018-04-30 11:55:00,2018-05-07 21:22:50,2018-05-21 00:00:00
add9b8e58a85333ecd17897517ceda1b,592da19fd99a3565762a49b2103cbd26,delivered,2018-07-17 21:07:47,2018-07-17 21:21:46,2018-07-19 12:24:00,2018-07-26 22:05:02,2018-08-01 00:00:00
6442e3b05a42edab01b9e1d93da84bc1,b1f7c759ce97beb11041fe59515fa72b,delivered,2017-11-13 21:15:49,2017-11-13 21:30:27,2017-11-17 17:02:28,2017-11-22 17:42:17,2017-12-04 00:00:00
2591661e8952477c49e9efd03a319cfc,b6c593306a923aee9d3653c4f80b46d2,delivered,2018-05-02 21:36:54,2018-05-02 22:16:54,2018-05-03 10:50:00,2018-05-24 16:41:12,2018-05-23 00:00:00
4ee4abefdd469c7756e296aca7f29361,e851ba3c0645a64dccdced98e9dd2d97,delivered,2018-08-01 16:54:08,2018-08-01 17:24:05,2018-08-03 12:27:00,2018-08-07 20:32:36,2018-08-20 00:00:00
01cce1175ac3c4a450e3a0f856d02734,6ec610172716519f13781b3068dde24b,delivered,2018-07-19 20:32:57,2018-07-19 20:43:14,2018-07-20 08:23:00,2018-07-21 16:27:44,2018-08-06 00:00:00
d43872a5beeeefe86421f622da91fb38,53ae95eef79b650cf1ac795329f617e4,delivered,2017-11-25 00:59:07,2017-11-27 00:56:19,2017-11-29 16:02:55,2017-12-04 18:04:09,2017-12-19 00:00:00
cc460ac4435835dfdda5526dfe84f01f,99a32bf8f0c54702217b584a4d220761,delivered,2017-04-25 10:10:12,2017-04-27 10:32:44,2017-04-26 09:16:59,2017-04-27 22:23:09,2017-05-12 00:00:00
61e0716d18d338f3eba2c3071e982f18,18517a7be2a127446eb1764eb18ce27c,delivered,2018-07-24 09:19:20,2018-07-24 11:41:13,2018-07-25 14:06:00,2018-08-01 13:48:35,2018-08-13 00:00:00
1dcb629bf4ae95dddc7ec77ff8fcdd4a,dd20dff57e18e1c1fbff44235906d1e2,delivered,2018-01-30 11:17:47,2018-02-04 23:31:46,2018-01-31 18:04:50,2018-02-15 18:22:41,2018-02-21 00:00:00
c79555a2c34c70b237857d6d9850734d,ed49ce3fe464fd5e4f309df84d5911d6,delivered,2018-05-14 14:54:25,2018-05-14 15:17:28,2018-05-15 15:36:00,2018-05-21 19:55:25,2018-05-28 00:00:00
5cb7883ae621115f6c404bca4c9e97fa,ad12353ac8bc97c62829dbd1a0baa24e,delivered,2018-03-19 14:08:49,2018-03-19 14:29:30,2018-03-23 16:18:40,2018-04-03 15:09:00,2018-04-19 00:00:00
0661cdf16c55936467e8d8c561e50730,38bb17584178abe8b36778530f75d810,delivered,2018-08-12 10:49:23,2018-08-12 11:04:22,2018-08-23 14:51:00,2018-08-25 17:18:00,2018-08-27 00:00:00
6235837e6ca53e3b4b48b50a91fc04f5,4bf42d9c53f4b35a0443a8fecb6c707d,delivered,2017-11-10 20:43:53,2017-11-10 20:55:50,2017-11-14 21:41:51,2017-11-17 18:23:38,2017-11-27 00:00:00
131d8d336159b7912c323b1dcf578525,83ca40b2b7a4bf6497b9de9ffcdb5e23,delivered,2018-05-23 21:01:16,2018-05-23 21:15:09,2018-05-24 14:36:00,2018-06-04 16:25:52,2018-06-18 00:00:00
faee84a4283f8d770ea390010415ad05,33aa91edcf7c42a51f4c56d15586bfde,delivered,2017-03-26 17:08:35,2017-03-26 17:22:23,2017-03-27 08:22:36,2017-04-03 14:40:07,2017-04-18 00:00:00
df172721d81e6135d97fc547f2bf7666,76bdb58cf8cc2210c81ad6d464e99178,delivered,2017-06-13 13:59:13,2017-06-13 14:25:27,2017-06-16 14:26:03,2017-06-26 15:24:49,2017-07-07 00:00:00
22d62716773a7a0f7e8f98b15087ae22,dbdbb27ba991f2961a775386820753c5,delivered,2017-03-23 16:28:26,2017-03-25 02:34:20,2017-03-29 11:44:03,2017-04-06 09:20:29,2017-05-02 00:00:00
9a267a9c566371013783da527ac4038b,8faefbd9577c6e0d1c2fe07909bab20d,delivered,2017-08-16 17:13:23,2017-08-18 02:25:59,2017-08-23 21:16:37,2017-09-01 14:04:10,2017-09-19 00:00:00
b87629f535e915b6f1e1853f764750c5,58a3dd1d3e66c3d3331eb095a93876a5,delivered,2017-05-16 13:42:51,2017-05-17 13:50:13,2017-05-18 16:16:49,2017-05-22 11:11:46,2017-05-31 00:00:00
36909b609792791f7f50d7cff2b5a0d6,cf86162c67e8a54516ba2c9031c96523,delivered,2017-09-03 09:52:30,2017-09-04 10:04:57,2017-09-06 20:22:33,2017-09-08 19:43:29,2017-09-18 00:00:00
725d9a21b91d5ee08aaa56ef88058147,69fd156e8839ec0da2efc934dfb1f7fd,delivered,2017-06-26 16:37:01,2017-06-27 06:43:44,2017-06-27 13:19:44,2017-07-10 17:08:04,2017-08-01 00:00:00
5dce18dea2c3c74b35fa3baadf7a24e5,91073b46719d2d11b2f3a2cc46409bea,delivered,2017-08-17 14:13:37,2017-08-17 14:45:18,2017-08-22 17:34:13,2017-08-29 19:54:58,2017-09-11 00:00:00
58ad53486aa4d662036281295465d755,af35c1eb9f66ae71152e988e0f1bdae8,delivered,2017-08-08 22:14:54,2017-08-08 22:30:19,2017-08-10 16:40:11,2017-08-15 19:41:24,2017-08-30 00:00:00
cd919470d4038db47af0ae7904777f68,520552b6d92c9877460cf4d6d15a5cfb,delivered,2018-07-05 16:05:10,2018-07-05 16:35:53,2018-07-06 11:01:00,2018-07-12 20:51:11,2018-07-31 00:00:00
777aac5964392ae95f14c26335781b97,c58ba0d44e7889a11b721ada88ebdc93,delivered,2018-05-21 01:34:10,2018-05-22 08:56:50,2018-05-22 14:24:00,2018-05-29 12:38:44,2018-06-18 00:00:00
e1f61651871c0898a323bbbd154555c0,a7ec6db9038cc1585dd5851ac3e1f7b1,delivered,2018-08-21 21:06:06,2018-08-21 21:24:15,2018-08-22 15:57:00,2018-08-24 23:07:41,2018-08-27 00:00:00
b455f4f7dbd2dec94ffdc1acac234288,4e95488070c3aed52ad125d029817938,delivered,2017-12-18 14:03:39,2017-12-20 06:57:34,2017-12-20 19:22:14,2017-12-23 16:09:37,2018-01-19 00:00:00
28a0a966e6d2214f62b0332d9ed35f5d,8afc445babe482e211f399adcdf5c516,delivered,2018-02-20 22:17:52,2018-02-20 22:30:29,2018-02-26 11:37:11,2018-03-17 17:49:25,2018-03-19 00:00:00
4fe900d6fa9492ee36b17a34cef5d7ad,a03826b12390e0e13d71e2b420537298,delivered,2018-05-07 18:04:13,2018-05-07 18:34:50,2018-05-08 15:18:00,2018-05-14 15:56:46,2018-05-21 00:00:00
fb3d9e762ad9fb92971864a84c619fec,55497a8f92fba80515d30d6f1b4eb9d8,delivered,2018-07-03 14:55:43,2018-07-05 16:32:38,2018-07-03 15:16:00,2018-07-06 20:03:28,2018-07-25 00:00:00
b9d8d7815861b6e51ca61f3f81d5b9f1,fc58055f86fdea1a882309fb662b8b90,delivered,2017-09-03 18:12:38,2017-09-03 18:35:24,2017-09-05 18:29:49,2017-09-11 18:08:03,2017-09-28 00:00:00
c5055a14ef142f940515d5ab43e52160,963ffbb3cdca13d6287de7a537cbe775,delivered,2018-02-06 20:34:55,2018-02-06 20:51:01,2018-02-08 23:15:13,2018-02-23 00:04:56,2018-03-07 00:00:00
0a90490b9aa5527b4f3497a6f3c725ee,e1d80b4400ee81764ffd2bb6344cbe99,delivered,2018-05-12 20:02:29,2018-05-12 20:10:25,2018-05-14 15:45:00,2018-05-23 13:14:36,2018-06-07 00:00:00
1905071c46575209972c8c3e9e8d2ee8,3271c91ee3873786dc0a28df6b56702c,delivered,2018-06-26 22:12:43,2018-06-26 22:47:45,2018-06-28 14:07:00,2018-07-02 19:34:51,2018-07-19 00:00:00
1bfcd078cbb68e01d2ba1f6d35420f94,2822a34d0c3c77c47b7a1716ecd4d408,delivered,2018-03-21 08:49:22,2018-03-21 09:08:08,2018-03-26 19:41:02,2018-04-05 19:44:23,2018-04-18 00:00:00
e0dbf52e0c78f9be2caeaa5d799a83ea,b7c4a65c2ef2735dffd17b8c44a9e685,delivered,2018-05-21 10:32:52,2018-05-24 17:35:37,2018-05-22 14:33:00,2018-06-01 17:25:46,2018-06-08 00:00:00
58e1a22619f23efd803e43cc8c65908e,82542527cac8f163e3cd0eda2870d99c,delivered,2018-03-27 21:27:40,2018-03-27 21:46:44,2018-03-28 19:59:50,2018-04-06 00:52:01,2018-04-17 00:00:00
8883dd20e652369652c1abd7a411788f,65691ce6d0d99e673bd133ade0ec2362,delivered,2018-08-14 14:24:51,2018-08-20 14:36:32,2018-08-17 14:44:00,2018-08-20 17:37:56,2018-08-23 00:00:00
1ea9316ca3e32cfa3173f812c09245aa,24d1fd24689e077e252a599971124f21,delivered,2017-11-19 15:40:45,2017-11-19 15:50:42,2017-11-22 20:06:30,2017-12-01 23:48:41,2017-12-15 00:00:00
77b1fb852c170c3b7facfaf20083061c,73f695b5e2ec671e79306d07c79dfe6a,delivered,2018-06-15 12:52:13,2018-06-15 15:02:55,2018-06-19 09:48:00,2018-06-25 23:03:49,2018-07-16 00:00:00
0af2dfad3d581894c3b6e266461802c3,692cd0d7d32b4c9824235b5f3f03f68f,delivered,2018-04-18 22:54:30,2018-04-18 23:11:13,2018-04-20 23:05:31,2018-04-23 21:08:46,2018-05-07 00:00:00
d1d4d25a699e5209dbea9ab56e4379eb,27d097fac4c1370ab0230c4343846d6f,delivered,2018-04-27 19:27:17,2018-04-27 19:52:04,2018-04-30 15:09:00,2018-05-09 19:41:54,2018-06-07 00:00:00
6334bc047d9d52c079c55aa36e1ea593,0ac3d2e75de7f6c5c7db97c7ff7bda95,delivered,2018-06-23 18:59:11,2018-06-23 19:16:16,2018-06-25 12:29:00,2018-07-03 07:04:21,2018-07-25 00:00:00
037578a0b32fa190a1fe9f1de5fd3f30,66d451e8b96fc3b1c1c6aba4e5cdf6e7,delivered,2018-04-18 14:01:20,2018-04-18 14:15:28,2018-04-18 22:51:44,2018-05-14 16:44:43,2018-05-14 00:00:00
999c69ed49960e4595e36a9ab7413332,efe7223c61aefb57948d1a7d8d53f5f7,delivered,2018-07-27 17:46:47,2018-07-27 18:04:16,2018-07-30 10:08:00,2018-08-04 18:31:59,2018-08-14 00:00:00
40aeee6b37546436d467e37ce3e58f6a,d9bb49d24408994b2a3b7728b271ed12,delivered,2017-12-03 19:52:57,2017-12-05 04:12:15,2017-12-06 23:37:32,2017-12-11 20:27:44,2018-01-03 00:00:00
b024fdd2d489610af375a0ae22124264,5e05e1280df37ecd4d1d46e63c720a36,delivered,2018-03-24 18:01:37,2018-03-24 18:15:24,2018-03-28 20:44:38,2018-04-21 01:40:26,2018-04-19 00:00:00
bc6c23697db04d6dad824fad9a547d7a,5873294c345e69097a4eb7473e823bb4,delivered,2017-12-19 13:50:02,2017-12-19 14:32:13,2017-12-20 21:35:29,2017-12-26 13:03:57,2018-01-12 00:00:00
7b8587ddf04c07065740340e4753a9b4,b108e7f3d9d18d84b3eef998d5989a85,delivered,2018-06-08 18:13:40,2018-06-08 20:57:39,2018-06-11 15:26:00,2018-06-15 23:08:31,2018-06-20 00:00:00
45e64bfe511bd5e24d56e200e29631b7,3623d890daeaa98627c13355885d1a88,delivered,2018-07-16 17:55:41,2018-07-17 06:41:02,2018-07-23 15:08:00,2018-07-27 19:41:47,2018-08-07 00:00:00
4ea517483bf1d3580730f6042334d158,5f91bcc2059ea3621ae1e319a74f90c8,delivered,2017-08-29 22:26:30,2017-08-29 22:44:58,2017-08-30 20:35:27,2017-09-04 17:51:45,2017-09-21 00:00:00
9ce8430d551b7b0e371800e7a6ebb991,b58b3d9d423d0ad21eee245dbfcfe3e3,delivered,2017-05-30 18:06:44,2017-05-30 18:22:52,2017-05-31 09:23:01,2017-06-19 20:32:30,2017-06-22 00:00:00
36a179cea5792575e6b9682f13e44287,5e74f2276d4494b40c013f43a6584339,delivered,2017-07-16 10:35:24,2017-07-18 06:15:35,2017-07-20 16:59:57,2017-09-19 15:54:40,2017-08-16 00:00:00
b472ba33291af9b8892f1dec53432f46,b78fa8c3849abd29431497bfa261451a,delivered,2018-03-22 08:49:51,2018-03-22 09:08:54,2018-03-23 04:16:51,2018-03-23 13:42:40,2018-04-04 00:00:00
a682884fc7e0c219845271d055f93a74,29a113d4655284e39b6d8f2a8badb1e4,delivered,2017-09-27 12:34:37,2017-09-28 03:05:21,2017-09-29 13:32:47,2017-10-09 20:35:16,2017-10-24 00:00:00
d493b5c44e863b686314d9f5b6086c82,864ea4e13482b7fb6729e096f7abe17c,shipped,2017-04-10 23:47:49,2017-04-11 01:05:19,2017-04-11 12:59:05,,2017-05-12 00:00:00
b892363712f6b1e323ab40749a9531bb,d55023a644392a6e51f8b824538c54a5,delivered,2018-04-18 00:25:00,2018-04-19 02:32:39,2018-04-23 15:36:57,2018-04-24 15:51:44,2018-05-03 00:00:00
41f25580214be3f00eb80620ca971032,c15ad00cbb1c74bb39f6995151f8e883,delivered,2017-01-31 21:57:33,2017-01-31 22:15:08,2017-02-03 14:21:30,2017-02-08 14:47:42,2017-03-09 00:00:00
d7b464f6f1a31734fefea7eb6e9a9908,5a3bb993a582c8d3042cde231649578a,delivered,2018-07-22 17:47:27,2018-07-23 12:32:17,2018-07-25 16:23:00,2018-07-26 16:21:16,2018-07-31 00:00:00
81de4cea89271debbf743e54771fc5b6,a15d04d6533eb5ce7acfff6b2af9aecf,delivered,2017-06-20 13:05:32,2017-06-20 13:23:40,2017-06-20 15:21:13,2017-06-26 13:49:51,2017-07-10 00:00:00
3522f6da18c89c3dfc0ddb540afac391,e8af75d51a3972af7ed977ad4855aad6,delivered,2017-06-28 11:55:21,2017-06-29 02:44:06,2017-06-30 16:12:37,2017-07-27 21:51:47,2017-08-01 00:00:00
c3dcabeec7fe9ac4201e8b9d04cf64f1,a491b8f543276e069f786d6b35cd68b4,delivered,2018-02-04 20:33:50,2018-02-04 20:51:21,2018-02-06 23:04:41,2018-02-26 21:39:27,2018-03-13 00:00:00
fc9ba70734085a86473b191412439627,2805447663b020f9856bf71f181193ac,delivered,2017-07-10 23:13:44,2017-07-10 23:25:09,2017-07-13 12:10:10,2017-07-26 13:12:53,2017-08-03 00:00:00
9c782cb7854e5dfa91927cfca8949eb8,9cedc9b5217be6c8cb89e73ce5390c1e,delivered,2017-07-10 11:26:19,2017-07-10 11:35:22,2017-07-12 20:40:54,2017-07-18 18:29:36,2017-08-08 00:00:00
b754544502994cb984cfa4d780d4862d,0930cfefb0839652ae7700c489a44e15,delivered,2018-01-23 13:56:53,2018-01-23 14:16:54,2018-01-24 14:22:42,2018-02-09 19:34:13,2018-03-01 00:00:00
bceb7ee558b90b3b5fe8965cc787d374,536d61bbf99f64bf8d8905afa8ba5ec8,delivered,2018-05-14 22:58:40,2018-05-14 23:17:47,2018-05-15 14:28:00,2018-05-25 20:49:45,2018-06-06 00:00:00
36d154da5add4de0e1459448ce52a288,adb7bdc88f764de1e9ef8a7c5cf8e726,delivered,2018-04-11 22:09:13,2018-04-11 22:30:48,2018-04-13 18:26:32,2018-04-18 15:08:40,2018-05-09 00:00:00
216989f6666b80d7bc876ac4b2dd5458,0f2ca4b01fe28974bdd279adab53acdd,delivered,2018-05-23 14:43:33,2018-05-23 14:55:25,2018-05-23 17:20:00,2018-06-06 19:38:54,2018-06-20 00:00:00
0eecdb1fbe19ef8211af5679e87bf300,d714b12da7a2ffa8434dfdcc7e878ae2,delivered,2017-06-19 21:14:33,2017-06-19 21:25:17,2017-06-21 20:54:42,2017-06-26 17:07:47,2017-07-07 00:00:00
c4993abaceb6176663e5f493a418cf28,912173a60efb484a69a6d647c4a3f98c,delivered,2017-07-12 14:32:39,2017-07-12 14:45:19,2017-07-12 18:49:48,2017-07-31 21:52:18,2017-08-11 00:00:00
92a8bbc7ce477331df10e39cc3ac8b43,0a1127a5879366e0555a171030b885a6,delivered,2017-08-19 17:06:53,2017-08-19 17:24:27,2017-08-23 12:16:01,2017-08-30 11:16:35,2017-09-11 00:00:00
e1f88babb53e94b0c3fba094e84fd266,362f8e76d9363b1ce8b8a7a0d207fe73,delivered,2017-08-23 13:35:11,2017-08-24 03:05:33,2017-08-24 12:26:28,2017-08-30 19:32:04,2017-09-15 00:00:00
c0e656a46d86c1957d0784b00f9a7241,fea82ef9a2e8e9b615df38f6b77885af,delivered,2017-08-21 14:27:44,2017-08-23 02:46:50,2017-08-23 18:31:41,2017-08-25 12:20:47,2017-09-11 00:00:00
55d76e2bc7b3498fe523bbde2656fbb5,b9b524af9d8c8ff2cf4a4a5ed792f267,delivered,2017-03-28 22:42:18,2017-03-28 22:55:18,2017-03-30 17:12:41,2017-04-03 11:52:45,2017-04-20 00:00:00
bd8de0e9e67e7b99e86ed5f18b600577,36733e721b2267dc344e04501626cac1,delivered,2018-02-16 16:59:19,2018-02-16 17:10:51,2018-02-19 18:19:01,2018-03-11 17:28:54,2018-03-15 00:00:00
723db1939d651ba15a49cbd180680b62,8ff0b4ff2d23f16dc616451a1094b487,delivered,2017-05-20 10:20:37,2017-05-20 11:00:05,2017-05-24 14:04:09,2017-06-08 13:43:53,2017-06-13 00:00:00
956057c9959fe111349c59bf929f5c7b,109425d115ed297d8077ab9f5d45c8b1,delivered,2017-11-05 11:29:33,2017-11-05 11:46:07,2017-11-08 19:17:07,2017-11-14 23:26:32,2017-12-06 00:00:00
d3eb5011f10dfdf72c225f0c2030cc3f,ac4cb63346f3672eaede3a522715892e,delivered,2018-01-06 17:14:01,2018-01-09 07:25:37,2018-01-09 16:25:55,2018-01-12 20:46:49,2018-01-31 00:00:00
502d7a6ef832644f5208f0af59e4c5bb,402ca03ce492f1c7c5df7185b4599738,delivered,2017-03-25 19:29:39,2017-03-25 19:42:06,2017-03-29 12:48:37,2017-04-06 14:14:04,2017-04-18 00:00:00
dcf7ef0799c6be6d3c89ea5083017e62,4c61642c211920a371e75c7673c6b6f1,delivered,2018-04-11 11:47:35,2018-04-11 12:10:24,2018-04-12 14:35:32,2018-04-16 20:26:28,2018-04-27 00:00:00
f0ec139085d460fe9fca9c92c1690522,84979a910a67ffcb679d3b3472a770ad,delivered,2017-10-21 15:04:25,2017-10-21 15:14:37,2017-10-23 17:19:09,2017-10-24 20:13:40,2017-11-03 00:00:00
5ba66b05da23d680e9f6ab20a3ae5bc6,71b111f79977b3cd95efdaf500950336,delivered,2018-05-20 18:31:14,2018-05-20 18:58:54,2018-05-22 15:25:00,2018-05-24 14:32:46,2018-06-04 00:00:00
8d00e06d3fa925f408fd286f9805a765,e3760886106b30a851372af1aded2408,delivered,2018-02-20 16:46:08,2018-02-20 17:10:34,2018-02-23 23:33:49,2018-03-02 00:03:38,2018-03-12 00:00:00
bb25059436e00953081ab3e7429fc03a,51d425ccfcd044e9cfeb91adfeeaa7c6,delivered,2017-03-01 15:08:28,2017-03-01 15:15:23,2017-03-03 03:49:03,2017-03-10 03:47:44,2017-03-21 00:00:00
24ac7fc612c1995049d602089ed733fe,fa532d6efa18c58f116c788f937d0b7e,delivered,2018-08-03 12:40:13,2018-08-04 09:05:11,2018-08-07 08:15:00,2018-08-14 23:48:29,2018-08-20 00:00:00
212a9a21eb87489a105ca0a2aa67b72a,e816349bfa582911e9de876d67c591b9,delivered,2017-11-24 12:02:04,2017-11-25 04:30:54,2017-11-27 21:49:08,2017-12-06 15:43:23,2017-12-28 00:00:00
6638eba9b5e3a5a8342e07e8f2d32637,5cf08d803520cf26311efcfc01cc5c82,delivered,2018-07-20 00:48:14,2018-07-20 01:03:08,2018-07-24 08:30:00,2018-08-14 21:39:09,2018-08-08 00:00:00
c32e3ab33d96cb52eb3981e6dfc3f9c4,ae4ce56d6cf0cc20acdec883eb6d62ea,delivered,2018-05-12 13:15:50,2018-05-12 13:32:09,2018-05-14 13:57:00,2018-05-23 14:06:51,2018-06-07 00:00:00
44788f829ebc0b5b1087279d261ca20a,d42c529859ae5df50882bcab138a2d6f,delivered,2018-03-07 16:53:34,2018-03-08 15:21:52,2018-03-09 00:28:23,2018-03-16 00:22:31,2018-03-19 00:00:00
bcd5c88a0445f3748d4118b587d4cabb,85675f367b34dac25df491a4ba9b0b03,delivered,2018-06-21 00:22:02,2018-06-21 01:17:18,2018-07-04 15:19:00,2018-07-09 22:51:19,2018-07-31 00:00:00
9efb0094f22b22cd206bf68dc306f1f2,f06c239f54f0eada75efde2a030140b8,delivered,2017-09-01 14:43:58,2017-09-01 14:55:17,2017-09-04 20:25:55,2017-09-13 18:20:06,2017-09-25 00:00:00
66eb8c748be99c3107d318f370cd9aa2,72f4681642ad6cbcfcb011920336f1d7,delivered,2018-04-18 23:24:27,2018-04-18 23:35:09,2018-04-19 18:26:44,2018-04-26 18:07:24,2018-05-11 00:00:00
9d6f552c9b731d52bb9c9b6051ddf5a2,28d65a634bc74f4f8b823cf8dd5e8b34,delivered,2017-01-27 12:54:59,2017-01-31 04:36:08,2017-01-31 17:12:07,2017-02-13 14:44:08,2017-03-21 00:00:00
ac58bda50dfac642d4f72dbf95a1c179,dadfaecf6c09eda0dcbe4e61de02f4fe,delivered,2017-09-17 22:57:10,2017-09-17 23:07:17,2017-09-19 13:33:27,2017-09-26 20:32:51,2017-10-19 00:00:00
372eae5bd782b2b5d308bb2d2f5e49af,241cc8ee1a6183e010f2ae29bf8a8dc0,delivered,2017-11-24 15:04:31,2017-11-24 17:19:56,2017-11-27 17:42:13,2017-12-12 17:38:29,2017-12-19 00:00:00
127f9a529b28fc93cac5f4084c3e51cd,2a53f3199fcee03f03574df11017c720,delivered,2018-02-25 09:16:50,2018-02-27 04:30:55,2018-02-27 16:10:14,2018-03-05 19:23:32,2018-03-21 00:00:00
46221a9cc394119ee2251ed0351173d9,4658dfc795b76b5bd5472d0528eb3d19,delivered,2018-02-01 11:52:17,2018-02-01 12:15:38,2018-02-05 13:18:54,2018-02-15 21:33:40,2018-02-23 00:00:00
94f039fd9c674f33650e01915dd3dd43,7be7ac0cd4778f818f1bf044ba846f7d,delivered,2018-03-30 17:11:07,2018-04-03 05:27:54,2018-04-04 21:58:24,2018-04-25 21:54:52,2018-04-27 00:00:00
66b6c9de0e92006f30f97b90313ad624,2b7a772469a92a3676ba4069496c4b67,delivered,2017-10-17 11:19:07,2017-10-18 10:50:04,2017-10-19 17:54:44,2017-11-13 20:24:39,2017-11-14 00:00:00
a2a1ed735f0637ffdecf88eefa01399d,703a839a6717be196b82ad74d103c42b,delivered,2018-07-18 10:00:40,2018-07-18 10:10:17,2018-07-20 09:08:00,2018-07-24 18:38:23,2018-08-07 00:00:00
e1a052031a62fc3bc7f2bf2d15241785,94f65a6b64e024c2149d2eba4386c577,delivered,2018-01-11 17:07:57,2018-01-11 17:31:57,2018-01-12 20:22:03,2018-01-19 19:46:27,2018-02-05 00:00:00
415056cb7470ad427166fe14005a772a,598b8b0e223d238b639c7bcfa7fb6ca1,delivered,2018-05-03 16:02:17,2018-05-03 16:16:54,2018-05-07 14:57:00,2018-05-14 19:08:44,2018-05-28 00:00:00
b5729b91377f445769c8fc2d063e6235,02822ed21b96d3da2f2b7acad6b0d9e0,delivered,2017-08-09 15:42:26,2017-08-09 16:04:02,2017-08-10 21:22:30,2017-08-17 22:15:50,2017-08-31 00:00:00
024b3b6b53b99a1eb8b9b34515106765,52ec7c76aecc393c0db44c9bbcc4aa68,delivered,2018-01-23 21:33:51,2018-01-23 21:59:28,2018-01-26 21:09:31,2018-02-02 22:59:09,2018-02-16 00:00:00
500a19c31220931934fc4d5bacf15fb9,39c0ecfcc976cd2085fc8733a339c498,delivered,2018-01-04 22:23:09,2018-01-04 22:35:23,2018-01-09 19:27:05,2018-01-19 01:59:33,2018-02-02 00:00:00
e98fdad1f9ba500a9aecfaa90e1662cd,8d1a470daff90baa6e47ec71e31f140a,delivered,2018-01-03 16:56:47,2018-01-03 17:26:56,2018-01-25 15:22:39,2018-01-30 22:34:04,2018-03-08 00:00:00
8065dba483ac5b6fb4e77317735d87a1,76da4fe74fdc548bf5e2840fac940130,delivered,2018-04-09 21:04:43,2018-04-09 23:30:10,2018-04-10 19:19:06,2018-04-18 01:24:54,2018-05-15 00:00:00
f32c0e06190ba6756bf5532cae9f07c1,3f582c70a36c90e4f9147b5bb3d80f43,delivered,2018-04-20 16:08:56,2018-04-24 19:06:28,2018-04-23 09:57:00,2018-04-30 20:38:51,2018-05-16 00:00:00
9d6467a1178784a5748e266e3425c170,8fda58f1e825efd45641ed85581f7d8b,delivered,2018-04-18 11:16:54,2018-04-19 02:15:17,2018-04-19 19:46:57,2018-04-23 17:17:26,2018-05-11 00:00:00
91da0c6e7a09dfed94e7cdd19982467b,9e25c2614a1e0b50eb10b26f224695ac,delivered,2017-04-26 11:26:04,2017-04-27 13:10:46,2017-04-28 15:44:24,2017-05-08 10:05:43,2017-05-15 00:00:00
da60efb422f7790ed513535dc8b72172,c538524ca29f78ef7fb60da9799f3013,delivered,2017-10-09 07:55:55,2017-10-10 03:27:00,2017-10-10 14:57:54,2017-10-23 23:31:46,2017-11-06 00:00:00
2ff205d5135b1c7763c6561d2643df51,d3b8c571c1ae50697f890412fe925ccb,unavailable,2017-03-23 19:21:05,2017-03-24 02:44:22,,,2017-04-28 00:00:00
f8bd3f2000c28c5342fedeb5e50f2e75,8df587ce8a11ee97b3de9ef3405245c2,delivered,2017-12-10 18:44:23,2017-12-12 03:59:36,2017-12-12 18:05:41,2017-12-14 22:04:30,2017-12-29 00:00:00
4bc45b40b7495543f90c2cfb8c409035,86911781ab615c91b809029803289020,delivered,2017-11-25 01:00:22,2017-11-28 02:58:23,2017-11-28 16:37:58,2017-12-07 18:19:01,2017-12-18 00:00:00
50277adbf19aeba5171ee9cfcb9998a5,7493c2fb6b1c4db70d66173a44ff1ef6,delivered,2017-06-11 15:58:16,2017-06-11 16:10:12,2017-06-19 11:09:59,2017-06-19 18:43:00,2017-06-26 00:00:00
be449a37a242b89d7c027246275dc0f9,ae32169ba42b71cae81b26a243c88254,delivered,2017-12-29 22:17:42,2018-01-02 12:29:24,2018-01-04 20:28:35,2018-01-18 16:53:07,2018-01-30 00:00:00
377ce1ed905bc4755cc1204e3712fe21,d0a3d9b5e00f5c0d77be4ffd9c3b32a6,delivered,2018-03-31 20:10:17,2018-03-31 20:27:53,2018-04-03 16:42:33,2018-04-26 19:11:12,2018-04-23 00:00:00
0aa9e8581362267ddb91df2f3a64f811,c11a2942b74c892bc0f7511479d680fa,delivered,2018-03-26 17:00:06,2018-03-26 17:10:19,2018-03-27 20:58:27,2018-04-02 21:48:54,2018-04-18 00:00:00
ad7bbcbf26e12680c3f6a5f273235f11,e76a54bc0d393fd9e7d558e9f981e426,delivered,2017-03-31 16:21:58,2017-03-31 16:35:17,2017-04-03 12:38:08,2017-04-10 15:32:48,2017-05-02 00:00:00
3a6c27f9d9f17facdd07d9d8a275dd15,f6829852d6fce28aeee943748b3ff075,delivered,2018-06-21 15:31:35,2018-06-23 02:36:15,2018-06-28 13:27:00,2018-07-28 19:12:30,2018-07-27 00:00:00
0d79a28c125a4b427a4ee97d86e4546b,2e391feef9387209d035b636ec03280c,delivered,2018-05-09 13:50:08,2018-05-09 14:14:56,2018-05-10 12:38:00,2018-05-12 14:48:39,2018-05-18 00:00:00
8dbf95d9c5478e672a3de4e316ab4d9a,9c10f9a20b72a0e5280f7190bb35d60b,delivered,2018-07-04 19:46:29,2018-07-05 16:22:46,2018-07-05 10:45:00,2018-07-14 18:52:39,2018-07-30 00:00:00
77de735385f248a39145574246962d8e,f4bc5b311754316d6eead5d82257aed3,delivered,2017-08-08 23:42:57,2017-08-08 23:55:12,2017-08-09 17:13:18,2017-08-14 16:37:29,2017-08-30 00:00:00
4959c38155b6320f1e4bd741132334e0,043dbb0e26536d1faa2c5286b3dfa926,delivered,2018-08-01 21:08:47,2018-08-01 21:24:12,2018-08-06 13:54:00,2018-08-09 17:47:52,2018-08-16 00:00:00
64cad05fe3f34277719621c70f416ad2,3576d9f3793f6dbfd0d915eb446d31c5,delivered,2017-01-26 16:20:32,2017-01-26 16:35:24,2017-02-03 08:03:48,2017-02-13 19:37:47,2017-03-06 00:00:00
a27bc60b5829ed193c7a85e25f6de764,76539c8bd72f278e7b8e3cb0aeeaaa20,delivered,2018-08-06 23:11:28,2018-08-06 23:24:38,2018-08-07 14:16:00,2018-08-10 10:32:50,2018-08-17 00:00:00
163e9678df3d069145613d032b4ab0b8,f177b2508711da0962ee0ba42abb040a,delivered,2018-07-05 10:50:12,2018-07-05 16:14:43,2018-07-06 15:47:00,2018-07-10 20:23:36,2018-08-01 00:00:00
575a549c5e6d74c77f8c59a2622bb590,6f2659a2ab05b46e5ef6c3d77b88cb8b,delivered,2017-03-23 19:39:42,2017-03-23 19:55:15,2017-03-24 15:46:36,2017-03-29 17:47:06,2017-04-12 00:00:00
8b378967566499beb14fbb0fc0edd2ed,64befe40ea8fa23ae79c102633305671,delivered,2018-06-26 18:25:34,2018-06-26 18:43:53,2018-06-27 08:35:00,2018-06-28 16:58:50,2018-07-13 00:00:00
ea3a35b74d6cd2751271c60d423563f1,b995dc022350b92b96dc3d1678368e41,delivered,2017-03-18 13:06:45,2017-03-18 13:06:45,2017-03-20 12:18:29,2017-03-28 12:30:11,2017-04-10 00:00:00
52acad099b2a57fc90af92b1078c1cb3,ae44c1a320c2e798ac2c6dd1877e5232,delivered,2018-01-06 15:09:37,2018-01-06 15:29:17,2018-01-09 17:50:07,2018-01-17 21:19:11,2018-02-09 00:00:00
4d2db50dfe6a6d7304be0d7ac81fe039,113f49d5ffca9b945d3c868beda06b92,delivered,2017-10-10 17:03:39,2017-10-10 17:15:42,2017-10-13 13:43:43,2017-10-19 15:28:11,2017-11-01 00:00:00
23e95591b180a24c38bb1fb3f26023a9,1141df1ba23dc9641ff60c129628783d,invoiced,2017-11-23 18:31:13,2017-11-24 03:09:55,,,2017-12-07 00:00:00
6eb51c1c9c69f78ea9fd4665fb98b7d2,7235fa173d845addc1fab54a111725f4,delivered,2016-10-04 16:40:07,2016-10-06 15:56:10,2016-10-10 15:56:11,2016-10-13 15:56:11,2016-11-24 00:00:00
0eb943e25686a73425894fcc95e842e3,b403064ab79055c7c332d922feff2bb6,delivered,2018-08-16 09:00:13,2018-08-16 09:10:14,2018-08-16 11:52:00,2018-08-21 23:08:38,2018-09-03 00:00:00
a79a0a215a517931d571bb293a2f1379,2c07700e1621617464d6252aaca9f1a6,delivered,2017-11-14 06:53:00,2017-11-15 03:06:35,2017-11-16 18:46:56,2017-11-27 14:50:21,2017-12-14 00:00:00
b52c767881931273eb31d96eed290b95,0a0bbfea197837368084c3f9e261036d,delivered,2018-04-23 16:03:23,2018-04-24 17:27:25,2018-04-24 22:59:50,2018-04-27 15:58:42,2018-05-08 00:00:00
e21a80eea8af4c40c61e96affe0f3a83,c0286f3854eb1f1aabe4cf44e9724348,delivered,2018-04-01 17:10:55,2018-04-01 17:27:49,2018-04-02 23:03:15,2018-04-04 00:58:53,2018-04-12 00:00:00
030e9e4de3076fb365bf6549b920215a,0af4f4ee7ed623c51c524afd235ae5d5,delivered,2017-05-31 20:13:40,2017-05-31 20:22:23,2017-06-01 07:45:44,2017-06-06 12:52:50,2017-06-26 00:00:00
83b24047c5441da1ecd3befa7619f125,c745f27eee6290a661b48e70a8d38768,delivered,2018-02-17 10:38:26,2018-02-17 10:50:28,2018-02-19 18:42:50,2018-03-09 21:38:29,2018-03-22 00:00:00
806b3c21802d3221a944281399d2a6a8,05c01dce4f853828205c6f9bf3de9b05,delivered,2017-07-19 19:03:25,2017-07-19 19:15:15,2017-07-20 19:37:25,2017-07-27 18:22:36,2017-08-10 00:00:00
42639652d54b502dbe335b7056496d2a,bd32ad637384488842111f7e21f0e5f3,delivered,2018-01-02 19:50:33,2018-01-02 19:59:22,2018-01-05 19:59:40,2018-01-31 23:43:45,2018-02-05 00:00:00
81c6f357eaf465ef806ec128cc5919a5,8fe23a7d9bf530293236906709bb97c4,delivered,2018-04-27 17:06:27,2018-04-27 17:32:52,2018-04-30 16:20:00,2018-05-03 22:54:46,2018-05-21 00:00:00
75cd0e4d0a84e6252212e626a525d06b,92aabcc0f2e279fac9a67392d393abcf,delivered,2017-12-26 11:56:26,2017-12-26 12:09:00,2017-12-27 18:56:49,2018-01-11 13:32:51,2018-01-22 00:00:00
b38fbed274a7c384e5f97ea88cc40741,92d42631de96e4885dfc8b1a13d71e3a,delivered,2018-05-10 13:58:48,2018-05-10 14:16:26,2018-05-10 15:24:00,2018-05-14 23:21:42,2018-05-24 00:00:00
faf6d4b65126b7e12030723b3c8373bb,6718956c40e3a0334742b91dfc8e7ee0,delivered,2017-07-02 17:09:41,2017-07-03 20:25:17,2017-07-05 15:22:50,2017-07-22 16:53:31,2017-08-02 00:00:00
fc850201b579f014488f1cca40aaa06d,457868fc37d47fef6fdbf01dd816ecfa,delivered,2017-11-04 13:39:41,2017-11-04 13:55:24,2017-11-09 17:22:13,2017-11-22 16:23:13,2017-11-27 00:00:00
e914e961033af34e2fc13b3b0d698a94,76757f2d4942e8382a6970222578f5b2,delivered,2018-02-28 08:59:22,2018-02-28 10:15:35,2018-02-28 21:59:47,2018-03-14 02:26:43,2018-03-22 00:00:00
12dd6fe47b1a7c9e5742662223880dcc,95a911adbd9c6dee5b6ba9f764678fa3,delivered,2018-01-24 14:36:59,2018-01-25 14:30:21,2018-01-26 21:09:10,2018-02-07 17:28:42,2018-03-01 00:00:00
a260362d840e55aa9895f1012776a329,8af79516f6e41a5dbf47396cf9e60311,delivered,2017-12-27 12:09:56,2017-12-27 12:15:33,2017-12-28 23:09:50,2018-01-18 22:26:50,2018-02-06 00:00:00
c724b6b0cf7849e01ce4f8f19e8c1f0c,47243423ec024f4ded9bfa67e8ac66b9,delivered,2017-06-11 14:37:07,2017-06-11 15:05:07,2017-06-14 12:17:36,2017-06-21 16:09:49,2017-07-31 00:00:00
5bdc8e61065c6a340cb4a89376bdac89,f1fac83f7379e87097c48374ac09139a,delivered,2017-11-20 16:04:45,2017-11-20 16:14:23,2017-11-22 00:47:35,2017-12-14 19:16:58,2017-12-13 00:00:00
c594693c5aa51b23bb8188c28a81836e,f2f80d2410083799d91710dd312cacb6,delivered,2018-07-08 21:54:55,2018-07-08 22:10:09,2018-07-13 06:45:00,2018-08-03 01:12:40,2018-08-07 00:00:00
7a95f5626df09176d8823cbce3d9db1e,5511a7cbeae2a3a17ce3598944a5793e,delivered,2017-08-10 23:18:15,2017-08-10 23:30:18,2017-08-11 20:18:31,2017-08-14 22:00:05,2017-08-24 00:00:00
3171f1efdad00e249ba4ba19af1726eb,00624707c8556199de70cac1593e7088,delivered,2018-06-21 08:46:52,2018-06-21 09:17:47,2018-06-21 14:26:00,2018-06-28 20:47:52,2018-07-20 00:00:00
b7d634bd1c1830e08588eada6b49fea7,eeee8af1f7b29dbf34d577db1fc973e5,delivered,2017-12-04 13:11:15,2017-12-04 16:49:16,2017-12-05 17:23:26,2017-12-11 20:32:21,2018-01-04 00:00:00
ecc01aba856811d3b0b506ac9b6e8ba0,3a45f3f780757403d36bd1be321177cd,delivered,2018-04-05 22:32:31,2018-04-05 22:49:08,2018-04-09 18:22:48,2018-04-23 16:02:58,2018-05-02 00:00:00
ae55c180decfe41ac363c68f08a16003,131764f6a14ca2016bce014a174c7e52,delivered,2017-09-22 10:28:10,2017-09-23 02:26:10,2017-09-25 18:33:39,2017-10-05 23:11:23,2017-10-20 00:00:00
08ee999a47fad7aab826e8604eff09a1,e19d9cd545762d92ff8781dbd7aaa4c1,delivered,2017-05-28 20:07:57,2017-05-28 20:22:09,2017-05-29 08:21:52,2017-06-05 12:14:47,2017-06-27 00:00:00
727140332cb5607e87e03e1501f636b2,06199a7981ec145069afeb0baf66a49b,delivered,2018-08-15 16:22:26,2018-08-15 16:30:25,2018-08-16 15:00:00,2018-08-21 17:48:53,2018-08-30 00:00:00
63e5ce05a132aa8375fcde048ad4482a,fc866346d8684918168b05ecf4a48a2a,shipped,2017-08-31 11:28:28,2017-08-31 11:44:48,2017-09-01 19:59:46,,2017-09-19 00:00:00
bd116e3c15911b8f09db896e682cb30c,b123952035a68c206b896798af8b1b48,delivered,2018-07-11 18:56:23,2018-07-11 19:10:12,2018-07-12 14:22:00,2018-07-16 14:33:01,2018-07-25 00:00:00
64ae773be04783279d6b0763dc3cfcba,cb1bb392f55efb6cbffccb31c2af706a,delivered,2018-08-10 12:12:07,2018-08-10 12:25:13,2018-08-10 13:08:00,2018-08-16 22:58:48,2018-08-24 00:00:00
fe410f8e89dafcaf2ce41a235c489299,936c196e9117ee83b795f8ceb31858d1,delivered,2018-03-08 15:59:33,2018-03-09 16:10:07,2018-03-12 17:54:39,2018-04-04 01:56:50,2018-04-03 00:00:00
1295db8c216f7ff7a2c02a66b4cb5d5e,52355108e4be826613b0d8dac622003c,delivered,2018-03-12 12:46:15,2018-03-12 13:38:17,2018-03-15 20:18:59,2018-03-27 05:18:26,2018-04-06 00:00:00
212363bf0053733bdb8324a07cede4bc,94ea98eea015faad90cd64998848d18d,delivered,2017-09-06 14:25:10,2017-09-06 14:35:10,2017-09-08 15:56:57,2017-09-22 12:14:18,2017-10-02 00:00:00
bce3d004aa51086cc5b0e1ce2db91884,0b8dc09e81f7b523bc035c545cd46c4b,delivered,2018-08-21 09:48:01,2018-08-21 10:10:19,2018-08-22 11:40:00,2018-08-28 19:36:45,2018-09-10 00:00:00
f2c7b7b22424073513e3324e8b78771f,e9e693343201f167d4489d22fa9d7b20,delivered,2017-05-26 14:31:25,2017-05-26 14:45:19,2017-05-29 11:06:52,2017-06-02 16:12:59,2017-06-20 00:00:00
a684b7c0b69e4fed3d64ff08a6626ad9,def4cf8552f3e8eed13b4e9e97d937ec,delivered,2017-11-29 09:23:50,2017-11-29 09:39:10,2017-12-04 22:26:58,2017-12-17 14:28:38,2017-12-22 00:00:00
a9bd89ff808222233c9bb5567f618e3f,89d9677d2a9750f861ab0e6ef48bf912,invoiced,2018-01-12 21:17:40,2018-01-16 03:34:36,,,2018-02-07 00:00:00
08b7dbdd744f8be921b6e7f7fac199b7,79d759965d96166fd8926ab2c6353747,delivered,2018-06-17 14:13:41,2018-06-19 04:16:48,2018-06-19 12:52:00,2018-06-20 23:58:30,2018-07-04 00:00:00
2c9e6deaeeff1f3e721f241df5eabba0,d6171dac019559fc2c9af9c2c6e2ff82,delivered,2017-06-11 12:44:43,2017-06-13 03:50:22,2017-06-13 15:46:52,2017-06-21 16:32:50,2017-07-12 00:00:00
15db3ee82b2592326fd5390713cf56eb,3b9c548b91a8ff14553a1eb8497cf431,delivered,2018-08-07 15:05:05,2018-08-07 15:15:22,2018-08-14 14:09:00,2018-08-16 01:09:23,2018-08-15 00:00:00
dd7a24d1088cf9ed90329fb0dee088f4,790457083a93bebbe540493b9de809cc,delivered,2017-06-27 16:51:49,2017-06-27 17:05:15,2017-06-28 14:28:42,2017-06-29 17:12:17,2017-07-10 00:00:00
ab27a99818cdb3007d7a107f62ab4aea,f081cdc2c90a600fc2cd8e9ca3e6da1a,delivered,2017-02-09 10:42:07,2017-02-09 10:55:13,2017-02-13 08:32:30,2017-02-21 11:51:10,2017-03-14 00:00:00
52ea9e95e801ad09b7489b89c3b49dea,98218ce2620a69f2bf746b2326b58c61,delivered,2017-11-13 11:22:56,2017-11-13 11:35:31,2017-11-22 17:17:33,2017-11-29 20:19:06,2017-12-07 00:00:00
2eeb6d2e0f687208e04adfa5afb15700,86cd09e980bd8785a301c2203c6b7a17,delivered,2018-02-20 10:22:57,2018-02-21 06:10:23,2018-02-21 21:18:58,2018-03-05 23:50:28,2018-03-15 00:00:00
201fa78c1fb6877f57ca0689e8538bc1,c570d9e8d83681eee4b69ba63fe14b60,delivered,2017-11-04 19:21:33,2017-11-04 19:30:21,2017-11-06 22:58:28,2017-11-10 16:48:38,2017-11-27 00:00:00
9bddf07b813124e63282b716df591c36,ea05ea055bde9cacc0963b2c5530d07d,delivered,2018-06-12 18:14:33,2018-06-14 02:17:52,2018-06-15 07:45:00,2018-06-20 23:53:44,2018-07-05 00:00:00
f6934b4bd0acebc64b144b12066942c5,e3d51d76fb58a36e3c56226882b05da9,delivered,2018-01-16 01:39:47,2018-01-17 01:33:24,2018-01-17 16:33:53,2018-01-27 15:18:40,2018-02-07 00:00:00
a0b25b40a41bd77646acd57a2e1744e6,b826fbf79786885fe1c10736318b7161,delivered,2017-05-23 04:59:50,2017-05-23 05:05:09,2017-05-23 14:27:14,2017-05-26 11:53:49,2017-06-05 00:00:00
af5fd09fe9b65e034e9fd7ab345966f8,f7784f794e709a46f5d980cb4933caba,delivered,2018-01-30 20:24:34,2018-01-30 20:35:30,2018-01-31 20:05:34,2018-02-01 20:11:32,2018-02-15 00:00:00
fb19ce6d26a3e32f5effb9e33c18ebd8,292b3cbe5cdebd3b58ff02871712f7fc,delivered,2018-02-06 14:21:01,2018-02-08 07:55:27,2018-02-09 12:58:41,2018-02-16 18:06:43,2018-03-12 00:00:00
fc947e5f82e5354dd3d971c9dbfabf93,864952e8f45f782a16fd8d414bf513d3,shipped,2018-03-13 07:36:59,2018-03-13 07:55:33,2018-03-13 18:21:36,,2018-03-23 00:00:00
e9bc7c86be84f95e01a59c247ddf6208,d62db763ef217a63fb356a1b08f55f30,delivered,2018-06-14 10:40:24,2018-06-14 11:01:53,2018-06-20 15:04:00,2018-06-21 19:18:36,2018-06-29 00:00:00
97c8ca945a49dec599920c3fd2ed0a55,ef6d866cb6bad171b3286fb79a281660,delivered,2017-08-09 12:10:38,2017-08-09 12:25:09,2017-08-11 18:11:22,2017-08-18 19:12:18,2017-09-04 00:00:00
2ebeaae6b3c969c7f5474e8f736bc33a,7c048d504a6cd5c838c119b9a5837669,delivered,2018-07-09 08:08:23,2018-07-09 08:25:07,2018-07-11 08:28:00,2018-07-16 15:22:02,2018-07-27 00:00:00
6af0f6ba6cda05f0b971bc13793b6166,b9e1a1903d4d56d54b6dda7762dba719,delivered,2018-03-31 18:08:33,2018-03-31 18:50:17,2018-04-03 00:20:50,2018-04-07 11:03:01,2018-04-18 00:00:00
c3432f724305c363034ae8ee0ca2ad4e,7183a6c2d4ebefc9fe96586b37e23888,delivered,2018-03-05 20:21:03,2018-03-05 20:30:54,2018-03-14 17:36:40,2018-04-09 21:58:33,2018-04-10 00:00:00
438d4df3e56a6ca1618791c7cd1588aa,bac0aeeb2cfe272c826cd0cf7e5993f8,delivered,2018-07-17 09:13:07,2018-07-17 09:25:18,2018-07-19 19:41:00,2018-07-23 19:26:36,2018-07-25 00:00:00
4213bf7933d48cf3705fd44b4e4c8ce3,dbcdae75dc4490db8007ce62565d512c,delivered,2018-02-25 17:28:28,2018-02-25 17:47:31,2018-02-26 18:37:53,2018-03-10 17:21:35,2018-03-22 00:00:00
c042c97fd633f5e705a44361fb468828,e6035de27a06aca1d56fea7ece3d431e,delivered,2018-07-04 15:27:15,2018-07-05 16:21:52,2018-07-05 13:08:00,2018-07-11 17:18:27,2018-07-31 00:00:00
823b5954a47f1e91cd1ca344805c2385,522c3a8c4d02c681868f03397696a046,delivered,2018-04-15 19:58:47,2018-04-15 20:11:18,2018-04-17 18:31:48,2018-04-20 19:36:46,2018-05-07 00:00:00
63868c7ca7305355d478950dfe35cdcc,324edf2203293c57f30f5ce794687ab6,delivered,2017-04-04 15:33:10,2017-04-04 15:45:17,2017-04-05 13:52:37,2017-04-17 09:11:46,2017-04-25 00:00:00
d364ed074343c683a974cfa900a9d4c9,828f99cdaca50196ee0a0b5f296017ab,delivered,2018-07-20 12:17:06,2018-07-20 12:30:12,2018-07-23 11:24:00,2018-07-25 18:08:38,2018-08-15 00:00:00
7dac2c8d98e21f2964febcfb08d4dd61,0b979f50eddf18236ac7b2174d4e9d00,delivered,2018-04-06 21:30:41,2018-04-07 21:28:22,2018-04-09 21:35:30,2018-04-18 12:32:26,2018-05-18 00:00:00
30a32ef5d1bec6fd2e4aaea4dbd3d944,78144956c136d923783619a45922f4e0,delivered,2018-03-15 12:38:17,2018-03-16 03:50:13,2018-03-21 18:56:53,2018-03-29 21:41:59,2018-04-03 00:00:00
3c1098cb17277b62cfc709c7a9b500f5,1e041fde4b0aa2047b6b3d7f6cbf82fb,delivered,2017-07-26 17:22:35,2017-07-26 17:35:21,2017-07-28 19:31:30,2017-08-10 21:37:27,2017-08-22 00:00:00
45639343ad340a0a092f8bc8788e051e,fdd719ccb11566817c8e6a9cafb008c4,invoiced,2017-11-01 13:36:59,2017-11-04 04:15:48,,,2017-12-01 00:00:00
657034554884ec6fdf6ed37c8c6788ff,87cb81e00b79f677fc2a6bb9ccdbec9e,delivered,2017-09-06 16:22:12,2017-09-06 16:37:14,2017-09-08 21:57:37,2017-09-23 15:28:07,2017-10-09 00:00:00
e631d7417c16066c831e8f2599673235,477b96a7bebf346f0b61baea85b4e2b9,delivered,2018-01-19 14:38:13,2018-01-19 14:57:21,2018-01-23 13:16:52,2018-01-25 15:48:57,2018-02-05 00:00:00
af284d0accec49fdf679f1bc8e3c7ac8,3f92b2c5139eb8f71bff7216ed8dc149,delivered,2017-11-24 18:05:52,2017-11-25 06:30:28,2017-11-28 21:23:12,2017-12-04 19:36:48,2017-12-14 00:00:00
aa5ec03eb12e2017cc575a2fcd0ceba3,9d79311de78dda64fe8db1930ff825bc,delivered,2018-06-27 11:19:31,2018-06-27 11:30:59,2018-07-03 08:38:00,2018-07-04 16:03:10,2018-07-16 00:00:00
a2965e40614fbfc509118f7dfa1ce6e9,d928161f242c9a8ca0a4675d9eb0483a,delivered,2018-03-12 16:30:08,2018-03-13 04:40:26,2018-03-13 22:58:27,2018-04-12 00:11:55,2018-05-02 00:00:00
41dd783cbf5ec4b60c957ee73e88f82c,b6b3795041a60d6f686736e83cf07ac2,shipped,2017-11-17 15:32:59,2017-11-18 02:35:41,2017-11-21 20:41:44,,2017-12-14 00:00:00
206f333916267029d74feda364a2e31a,e40110f034ca7e6eceb06342d37a011b,delivered,2018-01-02 21:42:46,2018-01-02 21:50:27,2018-01-03 15:59:10,2018-01-26 16:29:17,2018-02-05 00:00:00
7b4405df446ea40525ecd10212e28f2a,254b6258dbb5c1bed97da6d8cc3a3327,delivered,2018-08-09 15:50:18,2018-08-09 17:25:17,2018-08-10 14:06:00,2018-08-18 12:41:53,2018-09-05 00:00:00
b7e0017e946ce377e3e0559d5cb1200c,a7b36afcf7e2bba79696b9d6cba06154,delivered,2017-07-18 15:13:06,2017-07-18 15:25:12,2017-07-19 18:44:39,2017-07-31 18:53:57,2017-08-23 00:00:00
ee0eea7eab4735c851dddf163cf434cc,9b615116bff806275507fbfcb7d9ea96,delivered,2018-03-19 12:43:50,2018-03-19 12:55:32,2018-03-26 20:58:55,2018-04-02 16:39:05,2018-03-29 00:00:00
148fe9089f2fc40b943388c2cb75c925,e2be316bb7b3aaf38134a136ff326375,delivered,2017-05-01 10:58:42,2017-05-01 11:05:19,2017-05-04 13:33:11,2017-05-12 13:57:00,2017-05-25 00:00:00
c2dd3125d2c742a487adbbd0704b4775,e2a07123627e483894d94c2b77a00132,canceled,2017-09-16 14:24:39,2017-09-16 14:35:25,,,2017-10-06 00:00:00
d43703ed017fdf31282e58bc07edb65f,2339e7533d5a6fad8b3a5b6e3f1be6c2,delivered,2018-01-07 19:05:23,2018-01-07 19:12:26,2018-01-09 17:32:46,2018-01-31 23:52:25,2018-02-07 00:00:00
5d4217538c698b1f21e5a66cd27b3ef0,6b37f9d1ea0b71a0397528953c39dd4b,delivered,2018-03-16 16:44:44,2018-03-17 10:35:25,2018-03-20 17:46:54,2018-04-12 17:58:49,2018-04-06 00:00:00
24c7fef753636c54b5290c9047a82432,a119a6f40e1ecc97abc1ec25f931174f,delivered,2018-04-21 18:32:13,2018-04-24 19:28:11,2018-04-24 16:31:57,2018-04-25 17:54:35,2018-05-10 00:00:00
15d4f841b96cfb3f782523aa7a562b9a,0661d80b08b50705a0e95641e65c25f7,delivered,2017-12-28 20:33:31,2017-12-29 02:10:04,2018-01-04 22:51:26,2018-01-12 22:42:46,2018-01-29 00:00:00
5d32187d4c1f5c1340c4895593de6eef,3e72de005864d8a7e1b86c03fe94380a,delivered,2018-01-10 10:06:40,2018-01-11 02:35:43,2018-01-11 22:19:22,2018-02-06 21:38:47,2018-02-07 00:00:00
fa7de3e55c7d7ca3a98315decdc0d244,9c898eec2f748dea3ca779b3301f15c7,delivered,2017-11-10 22:06:25,2017-11-10 22:27:07,2017-11-16 17:36:40,2017-11-20 17:25:27,2017-11-30 00:00:00
8e3aafa608957bdc2ddb74b7d9a7a559,87cce77249ac03aee91db1e962c3f5ed,delivered,2018-08-03 15:21:05,2018-08-03 15:35:16,2018-08-06 09:12:00,2018-08-09 17:07:47,2018-08-23 00:00:00
e4313fe2f9d83782c9426892dc497ea4,c8305add2952ecb3f11c075a5a2ef193,delivered,2017-08-31 10:28:39,2017-08-31 19:55:13,2017-09-11 18:49:53,2017-09-14 15:02:41,2017-09-13 00:00:00
8a0feccfa6830618c4b985d3c49840eb,2ebfac074eb5450f338e852cb02d7635,delivered,2017-04-08 21:37:14,2017-04-08 21:50:13,2017-04-10 13:05:44,2017-04-13 14:13:13,2017-05-04 00:00:00
58b3c61516dc5ed6140b6a09acbeb05f,c13b43440b0555633480ca70ff6cc010,delivered,2017-04-27 13:06:59,2017-04-27 13:25:45,2017-04-27 14:06:23,2017-05-05 23:37:37,2017-05-29 00:00:00
b83fe0e59b384422cac91db5d32e1835,fe084cbada53a9db32d37961c2b1ac01,delivered,2018-06-03 20:49:34,2018-06-03 21:11:28,2018-06-08 14:34:00,2018-06-10 15:18:49,2018-07-03 00:00:00
5bbd189785115bc937623b13f25fcb78,e8f40c9ffd0d29d9176fcc2e97e8b29f,delivered,2018-03-19 23:53:36,2018-03-20 00:45:35,2018-03-22 20:48:48,2018-04-23 16:42:37,2018-04-12 00:00:00
ca5ccd6f38886e13b649728f72ef2d31,7780d39d849db4748335b3e884beb75f,delivered,2017-12-27 20:49:34,2017-12-29 02:09:05,2018-01-02 19:05:42,2018-01-08 13:28:33,2018-01-22 00:00:00
3308fea2fe0cb15385c714b6c3253ba4,486a8740fed67f8f1ed121cdd41b4984,delivered,2018-01-16 13:36:16,2018-01-16 13:50:43,2018-01-22 18:29:42,2018-01-24 20:09:53,2018-01-31 00:00:00
55672117e0885369988eff64f8d860cc,30af142d1d13f49efcef361f6efe715c,delivered,2018-02-23 23:24:49,2018-02-27 04:31:08,2018-02-28 21:38:54,2018-03-05 22:35:18,2018-03-16 00:00:00
41b39e8a2374f3afc0e36d2bbc2de799,c4621453a07fc947f6cbf6522aa7213f,delivered,2017-05-29 06:21:19,2017-05-29 06:30:11,2017-05-29 13:13:48,2017-06-22 14:44:37,2017-06-09 00:00:00
48e7f3b7aa6ee2bbdd92ab84674fe4e4,a96d6b1da9c9aaa588d92a1a95e6707e,shipped,2017-12-18 15:35:53,2017-12-18 16:35:38,2017-12-19 16:16:56,,2018-01-11 00:00:00
8c7b47a875c412c4303eefc88e9d92c9,a76bc2d372186cd87b857191c77f2270,delivered,2017-10-03 20:39:34,2017-10-04 20:49:32,2017-10-05 18:27:32,2017-10-09 18:12:34,2017-10-27 00:00:00
4ccf6ee1044ab9f8ec63953f1f2a708d,419e13cb71b2c3617bc281863c63dbc4,delivered,2018-05-05 11:40:42,2018-05-08 03:52:46,2018-05-10 18:28:00,2018-05-16 21:22:32,2018-06-01 00:00:00
62ce4e3989a3477928510bb4d1064cc4,62ff903909cb86e2b07156a6d7cc48da,delivered,2018-07-19 01:35:59,2018-07-19 01:50:13,2018-07-19 13:57:00,2018-07-25 19:41:27,2018-08-06 00:00:00
029c545413b10a6bd7540401f6eef0a3,2131f859f33715756b10efb97d873a85,delivered,2018-07-10 17:16:33,2018-07-11 09:30:27,2018-07-17 14:23:00,2018-07-20 16:14:38,2018-07-30 00:00:00
ee8efb0001f769a88ab6001e17de9e59,313630b1da5229a7e61a64f16344b12f,delivered,2018-03-22 10:56:16,2018-03-23 02:15:57,2018-03-23 20:41:35,2018-03-27 15:50:33,2018-04-04 00:00:00
3b45c3fa7862deec90565c3dbf6e9e8c,90b6fbc1cb0e2395e22491d0ed697c6c,delivered,2018-06-10 19:36:22,2018-06-10 19:51:34,2018-06-12 12:38:00,2018-06-18 21:34:48,2018-07-12 00:00:00
e64219e0a4f33d57e6dbb217dfa73564,4e83b4767a9e236160d15120d8972b5f,delivered,2017-07-10 19:54:59,2017-07-10 20:05:15,2017-07-11 17:13:37,2017-07-14 20:09:58,2017-07-31 00:00:00
47a1cdc1ae52b80a3800fb4509e657e4,8117d08aa8872ba4d8660d2b6c33c72a,delivered,2018-05-24 11:19:07,2018-05-24 11:39:23,2018-05-25 14:20:00,2018-06-04 21:42:29,2018-06-25 00:00:00
594d9204df0349e9b6ddaeeecc1f0748,77cc3e952b4b134d8df91b12ec9696c4,delivered,2017-10-16 19:59:26,2017-10-16 20:14:15,2017-10-18 18:42:14,2017-10-23 19:42:40,2017-11-07 00:00:00
674156fdc5d457a8a102110b27e89e07,1be6ae39f964ccce9e37a8c7f01dad8c,delivered,2017-04-07 15:49:49,2017-04-07 16:02:52,2017-04-10 09:01:23,2017-04-18 08:35:30,2017-05-02 00:00:00
809dad9e18c5d8bd147500631595760f,847aea1551dfb134e8c222ffa9488eec,delivered,2018-01-31 23:20:40,2018-02-01 02:55:44,2018-02-02 01:59:36,2018-02-18 12:42:23,2018-03-01 00:00:00
4a7cdb3a49afbb2ed402941490694849,8acc7f7c9e2667101df6b259513ecc9b,delivered,2018-05-21 16:44:46,2018-05-21 17:34:06,2018-05-23 13:32:00,2018-06-13 16:41:45,2018-06-06 00:00:00
4998304ddcd450f9750a4de8f7933296,ef245d79ef444d84c7c739cf89f3a6e3,delivered,2017-03-02 15:29:21,2017-03-02 15:45:17,2017-03-03 09:07:14,2017-03-15 10:15:32,2017-03-27 00:00:00
ed8ff8e1133b8915071638d66026e24e,83891ea00d5283d17373996474c61eb9,delivered,2017-11-13 10:38:36,2017-11-13 10:50:33,2017-11-14 16:38:58,2017-11-20 20:09:09,2017-12-06 00:00:00
f35cac76c0b3ccb901b3ac0326ef34ba,77dab9ef60e95dafb7555bc0f556df40,delivered,2018-08-16 10:32:24,2018-08-16 10:45:11,2018-08-17 07:24:00,2018-08-20 21:07:51,2018-08-24 00:00:00
c8f631b81829af9fd4cddced8a695dac,ce1ac83b3ae7e9720aadf8bb27c293d6,delivered,2017-07-24 22:54:36,2017-07-24 23:06:00,2017-07-25 19:43:56,2017-07-26 16:27:54,2017-08-08 00:00:00
e5610cab06772aed838e6db4d682722a,4e2c23f77a9859b498c3af636815e9f0,delivered,2017-10-24 10:38:03,2017-10-25 02:28:33,2017-10-25 19:04:10,2017-11-07 18:58:37,2017-11-21 00:00:00
52213ce438ca7a21ce81bc3d48a3d4e3,aec3990215e61aa16c68ead53e9ee7d4,delivered,2018-05-23 12:02:38,2018-05-23 12:54:38,2018-05-24 08:44:00,2018-06-04 16:09:33,2018-06-14 00:00:00
341fde35809d4cdae709b875a0040b23,5d0a1762c0f0dd867d87f1292aa74222,delivered,2017-11-02 22:01:56,2017-11-02 22:15:25,2017-11-04 13:47:38,2017-11-15 16:31:57,2017-11-30 00:00:00
98851e1a5afa44197e521fc8656fa598,15c502883c5a88805a3d30df33ec577d,delivered,2017-10-01 17:52:59,2017-10-01 18:07:19,2017-10-03 12:26:06,2017-10-11 04:43:53,2017-10-30 00:00:00
d394b412b6d133b86365feb125056e5b,ce27e4fe4c3d64d7ffb6449d4fdc97d3,delivered,2017-11-30 16:49:13,2017-12-01 11:31:11,2017-12-04 21:38:49,2017-12-05 20:07:45,2017-12-19 00:00:00
b308154c76f89d8c52b41f7c8480d107,ec28154259f5771f8b042fc39e08b878,delivered,2017-11-25 00:10:01,2017-11-25 02:57:19,2017-11-28 14:47:59,2017-12-15 15:15:05,2017-12-20 00:00:00
d33aab7eec3e76dd7e074c6ff1121b6c,6119b42d0975a0c383c5f59f5ae0fa4e,delivered,2017-08-04 18:31:12,2017-08-04 18:45:10,2017-08-08 16:46:46,2017-08-15 19:47:36,2017-08-30 00:00:00
aaab824b480222c061bba0fa4886308e,238b9beff3ad2663891162f617180328,delivered,2017-09-04 15:31:36,2017-09-04 16:35:09,2017-09-12 12:28:09,2017-10-03 17:48:14,2017-10-10 00:00:00
59c1736899bb709593b369f89fbf2574,538e430c79cd7f3760ee52dcaa0d8c34,delivered,2017-03-20 09:33:12,2017-03-20 09:33:12,2017-03-23 15:22:44,2017-04-10 13:34:20,2017-04-17 00:00:00
66693edf9fb4880fc5049cd511a55e88,e619078d823bc3fa1330ec30ac0a1140,delivered,2017-11-24 01:07:28,2017-11-25 06:16:51,2017-11-28 21:28:58,2017-12-08 19:38:48,2017-12-14 00:00:00
1e569d6eaaa4dee08f4b054b65f97134,f82e86f678897969ded42dbab137c31f,delivered,2017-12-01 01:40:55,2017-12-01 10:30:54,2017-12-01 18:38:33,2017-12-05 16:49:19,2017-12-19 00:00:00
40f27de71845c6aebc742107208b5c2b,f196d37d8e1f7f90f133e063d58fd132,delivered,2017-10-11 10:31:16,2017-10-11 10:49:31,2017-10-11 19:14:14,2017-10-18 19:44:10,2017-10-24 00:00:00
f01059d0d674e1282df4e8fbbe015aa2,413f7e58270a32396af030a075b924be,delivered,2017-09-12 14:27:03,2017-09-12 14:35:39,2017-09-14 19:27:25,2017-09-18 13:32:56,2017-09-29 00:00:00
e18d0e097ef9cdd7894ed1b82a2b7479,9250ce7449ec490db1bd943f89228c94,delivered,2017-03-09 10:38:32,2017-03-09 10:38:32,2017-03-20 03:43:33,2017-03-25 11:12:35,2017-03-31 00:00:00
e0b4e92a39bc8b93bc4ff121772819ea,df94e5683581981f437c1986e75c2a29,canceled,2018-02-01 12:21:42,2018-02-01 12:30:36,2018-02-05 10:03:51,,2018-02-19 00:00:00
da0686c22c00de36d95422798bdd9cde,0a619d59300a6006492675a53733e51b,delivered,2017-12-11 23:18:55,2017-12-12 00:05:01,2017-12-12 22:10:43,2018-01-18 18:39:13,2018-01-05 00:00:00
acd8818cd21fdfa62f891ceb60326435,5f1d84b91a9d31c732191a8ee84d87ee,delivered,2017-12-09 05:52:55,2017-12-09 12:30:26,2017-12-15 21:28:39,2017-12-19 16:48:43,2017-12-29 00:00:00
bb645512c737c47f7bb875b67153b3f4,f84161106e6b8012ed6bf1643bfd4063,delivered,2018-07-17 14:35:00,2018-07-17 14:45:23,2018-07-25 14:55:00,2018-07-30 20:15:49,2018-08-08 00:00:00
795365a1900969b1025ba6722a40950e,1d8198faf45acdfbd8a4676ae09d4b39,delivered,2017-10-04 23:15:06,2017-10-06 12:57:10,2017-10-06 19:58:00,2017-10-26 18:42:39,2017-11-03 00:00:00
5b3f436dc53597ba05614a473a03783f,b479b095943ff69c66d51e278b3378a8,delivered,2017-06-04 12:40:44,2017-06-06 13:23:16,2017-06-06 15:35:15,2017-06-22 14:52:17,2017-06-30 00:00:00
1f7b0324ef30f1bb6e2d6482833fb9d9,d8863cabfe51278718a9920aa867c67b,delivered,2017-06-07 20:55:27,2017-06-09 02:42:27,2017-06-09 16:02:21,2017-06-21 16:57:33,2017-06-28 00:00:00
f3444b42b17fcf5eb8f23ec2d69e21a7,dc9dfd801d2cd37a2908dda88330bb4e,delivered,2018-01-09 14:58:45,2018-01-12 10:29:30,2018-01-13 00:55:19,2018-01-24 00:12:33,2018-02-02 00:00:00
275c73799ff2fa10ad41cbc15fcadb05,ab994eee6b515cbcf023c206bf29ec08,delivered,2017-10-27 10:46:18,2017-10-27 11:00:14,2017-10-30 21:22:49,2017-11-06 17:52:33,2017-11-17 00:00:00
c35f0be8d0dc1e48ed297f8ea0f44f26,4ddbeaafc3eff2a014e49052df6c530f,delivered,2018-05-21 08:28:26,2018-05-22 08:56:47,2018-05-22 14:45:00,2018-06-05 14:08:48,2018-06-08 00:00:00
af3a99830ba4f46c5814e23ed92ef8cc,52798469029a20d7814d2b58c0c63e0d,delivered,2017-12-05 17:48:44,2017-12-05 18:30:43,2017-12-08 00:51:47,2017-12-09 12:58:52,2017-12-21 00:00:00
5533f1edcb0023c063b64b627abc4024,366b4b63cda57be7ca46ecb33ee71f4e,shipped,2018-02-15 19:49:04,2018-02-16 16:35:20,2018-02-19 21:39:16,,2018-03-15 00:00:00
ac6f2372fee2d8b5f63bd2387aa26a28,110b79f06a0f49a38da99084706a382d,delivered,2018-08-25 20:24:40,2018-08-25 20:35:16,2018-08-29 13:35:00,2018-08-30 20:42:42,2018-09-05 00:00:00
632f22d24375715fbfa8c0ae2e5d35b7,f8b67d327058afa39382991d7173b1d7,delivered,2018-05-01 18:06:32,2018-05-01 18:15:17,2018-05-02 14:17:00,2018-05-10 14:58:45,2018-05-23 00:00:00
94bce2ab6f38b41d29ebbd9d755677bf,ba712872211b52224c61d5bedfc1bfcf,canceled,2017-07-09 15:38:45,,,,2017-07-21 00:00:00
f53eae1ce47dc68e8da117dd0d7feef1,a4fe94a051d268fbbe8e4ca932ebc460,delivered,2017-03-01 11:51:01,2017-03-03 02:10:22,2017-03-06 09:17:53,2017-03-15 09:42:37,2017-03-22 00:00:00
dc3006aa87f57332aaff74c57a5e094d,50900ea3519ead20da341b41081736e9,delivered,2017-11-24 07:25:27,2017-11-24 07:32:57,2017-11-24 18:56:39,2017-12-07 21:38:48,2017-12-15 00:00:00
ed1691ef26bd8279bd5946561af1ff0d,99ce553a3ac79b26416f2adca143760e,delivered,2017-11-21 15:09:22,2017-11-22 03:12:28,2017-12-01 20:57:06,2017-12-15 01:12:28,2017-12-12 00:00:00
917399e96f92268dfa2c0351b1b75fba,c701fbfa77791abd05eef9eacf7ea7a8,delivered,2018-05-02 22:33:45,2018-05-03 00:30:43,2018-05-03 15:18:00,2018-05-08 00:56:42,2018-05-15 00:00:00
9373150545066777b1cd2bc20e93cf8e,622b07d262d545d16efbd4363a89cb91,delivered,2017-11-29 09:31:55,2017-11-29 09:49:10,2017-12-01 18:42:15,2017-12-14 22:18:23,2017-12-19 00:00:00
fbc17f0f2a2125054d5ac5c22d2d5120,eb4350b67a0264c67e5e06a038e4afbb,delivered,2018-01-25 08:35:12,2018-01-25 08:56:52,2018-01-26 18:41:52,2018-02-02 19:57:25,2018-02-23 00:00:00
6e1544fdf72a0f33f9d87bc0a3c6aefe,96c6a3143d7cc33bbebf14ab6abed0ce,delivered,2018-02-15 10:37:28,2018-02-15 10:50:29,2018-02-16 17:36:49,2018-02-19 19:23:15,2018-03-02 00:00:00
c39a72135411c01196b59720b6c0979f,c840e43d3d57dbb4e99374570f2488cd,delivered,2018-02-21 17:07:20,2018-02-23 02:11:01,2018-02-27 16:48:40,2018-03-02 20:41:41,2018-03-13 00:00:00
339e96f024a9610f63ae9e1c65af559b,b67d9091d904c9237c3f00382f721c5b,shipped,2017-09-06 15:32:23,2017-09-07 02:45:35,2017-09-08 21:32:13,,2017-09-28 00:00:00
98b2c1f7a79d3a9b3c053ac187ca9ac3,12ca54ef905df73b98dcf7ccb0b92d92,delivered,2018-03-06 11:20:35,2018-03-06 12:21:03,2018-03-10 02:03:11,2018-03-13 23:58:54,2018-03-16 00:00:00
192902ac0a92bb9961032769ab6b8f4e,b794220321d905dbfd3740e2292244bd,delivered,2018-05-16 23:16:28,2018-05-16 23:35:51,2018-05-17 13:59:00,2018-05-24 18:48:45,2018-06-06 00:00:00
fc54a67aa2c88278d6475185217dc47d,efc8da928ca055916a38bf09425cae3d,delivered,2018-04-30 09:56:54,2018-05-01 05:32:23,2018-05-03 14:18:00,2018-05-08 20:12:13,2018-05-22 00:00:00
3c664925dceff7ac6d1ce0533c40e07e,520e97ba4dce3dfef4304e6c5afecff9,delivered,2017-10-27 17:21:53,2017-10-27 17:35:15,2017-11-01 01:05:09,2017-11-04 16:02:39,2017-11-27 00:00:00
00ab210695a17fe10e6b23616ae5bc97,c87e0e6aa4b3321adb017785ff605af2,delivered,2018-06-12 06:19:27,2018-06-12 06:35:05,2018-06-18 11:01:00,2018-06-19 22:12:23,2018-06-26 00:00:00
4925d46939ebcbb319898208aa308321,7eb292af92ee6b74439707af4517a540,delivered,2018-08-14 19:12:55,2018-08-14 19:25:20,2018-08-15 14:06:00,2018-08-23 18:58:51,2018-09-03 00:00:00
a118a0349396cd30025c6dff98a74456,cb8a6aa2beb0c6cc37ae74a14798a13c,delivered,2018-01-20 13:59:55,2018-01-20 14:31:06,2018-01-22 19:48:44,2018-01-29 11:26:06,2018-02-14 00:00:00
011405ae7b89def8ffb3468eb29c299d,a9262f07bdf485ee87c6780a830ff83a,delivered,2018-05-04 13:39:26,2018-05-05 13:50:23,2018-05-07 15:44:00,2018-05-09 13:14:40,2018-05-21 00:00:00
21c67b5e714499b18a07580f8f0b65cb,15801c10e9babe0d851c7bf8fa04064a,delivered,2018-05-05 15:24:10,2018-05-05 15:35:16,2018-05-08 15:55:00,2018-05-11 23:38:35,2018-05-30 00:00:00
2e14638c2db98313a31bd3078307ab2d,8acb24dc82680660e0270890fd0b5a0b,delivered,2017-07-29 22:07:29,2017-07-29 22:23:34,2017-08-08 20:44:48,2017-08-22 16:19:32,2017-08-30 00:00:00
6ac3c585ab15fac9309ab89d0694e3f0,f3b0ea4132efaf9ff55239071923b689,shipped,2018-01-02 13:00:12,2018-01-03 04:32:33,2018-01-09 17:29:12,,2018-01-31 00:00:00
35039106462613532618b7d841edf773,bd6e32e47b687f2658c4031ed5acd118,delivered,2018-04-18 15:11:12,2018-04-19 02:10:55,2018-04-20 00:18:25,2018-04-24 23:21:43,2018-05-08 00:00:00
d9d6038fc6b49e88d43af0a6d43f0846,fb474032f828dfeaf99d1dc9c67abfa0,delivered,2018-04-27 23:15:52,2018-04-27 23:30:47,2018-04-30 12:57:00,2018-05-02 18:41:29,2018-05-14 00:00:00
7ee12a5da83559e76f5f2575a2ec1696,7bd70a2066dc5fd0b303f8ce0598a863,delivered,2017-04-05 22:05:39,2017-04-05 22:15:16,2017-04-10 16:19:44,2017-04-17 10:53:45,2017-05-05 00:00:00
4d3e60db45d11fb272ff7586b54b3f73,70d98c841b3004427e66e41bd2ace052,delivered,2018-02-07 09:50:16,2018-02-07 10:10:10,2018-02-08 22:47:37,2018-02-21 23:53:30,2018-03-07 00:00:00
ad407659bb666af1f681e7ffa1f9e6aa,4c422f5f0c32753d20228e9a09b6b6c8,delivered,2017-12-01 09:07:15,2017-12-01 11:31:12,2017-12-01 18:04:54,2017-12-18 16:22:07,2018-01-04 00:00:00
a91e629d7c60ee83c467d41250528cc5,415c13b4489f9e0714a91d93d347f924,delivered,2018-08-12 17:34:48,2018-08-14 14:10:19,2018-08-15 13:33:00,2018-08-22 17:48:55,2018-08-30 00:00:00
af1f8e604dd6e52d35dd93dd7c2b46da,30fe36e40e801f6f55cce8ee4aae9da3,delivered,2018-03-22 10:32:32,2018-03-22 10:49:39,2018-03-28 23:18:59,2018-04-06 18:31:50,2018-04-17 00:00:00
dca240cc5f341c09ac34712505d7a4dd,fdb7e93904c944838363ba364d85a402,delivered,2017-05-31 20:59:25,2017-06-01 04:02:56,2017-06-01 14:42:24,2017-06-07 14:22:33,2017-06-23 00:00:00
491fc1fb624207b2123368e6b0ea4df1,7fca8e6871e82155b2a7e5a6326a9fb8,delivered,2018-01-19 13:38:51,2018-01-20 15:01:30,2018-01-22 19:55:44,2018-03-07 18:56:38,2018-02-14 00:00:00
5590b14b260d2f61b2db5efb8d4a4601,e54f8011cb29eb0d2c0d98a3e402fb5c,delivered,2017-11-24 10:53:10,2017-11-24 12:32:11,2017-11-24 20:38:49,2017-12-07 21:57:06,2017-12-14 00:00:00
f35013d66cfcbe79e1bcedd6fb914278,9d8e0ad64a95c80b2816d44431f913bd,delivered,2018-08-04 10:38:17,2018-08-04 10:50:09,2018-08-07 15:14:00,2018-08-10 23:33:35,2018-08-14 00:00:00
a0b6cfb8b86687ef318ba596e2a1ed5a,9dd548f9d9379d6036df9451f8ac4530,delivered,2018-01-22 17:08:22,2018-01-22 17:19:20,2018-01-24 23:58:36,2018-01-31 20:17:07,2018-02-19 00:00:00
06c31507077733735c9c4593fec6e386,78bf26d205e36dc287fddbb10e00fcde,delivered,2018-01-08 10:25:53,2018-01-08 10:35:26,2018-01-08 22:54:00,2018-01-16 16:57:02,2018-01-31 00:00:00
220a06441d8ad4eee9645da58097ba4d,5a8396f758dfd82cf1a3db8c5be0ed5d,delivered,2018-03-16 01:19:52,2018-03-17 15:35:29,2018-03-20 22:42:11,2018-04-04 14:52:54,2018-04-05 00:00:00
f6e0b0a52fa22c15d6784e3cdda6e953,4a016ff232658b35fe0e4959e94cb0c9,delivered,2018-06-10 21:41:04,2018-06-10 21:51:55,2018-06-11 14:21:00,2018-06-20 18:12:29,2018-07-17 00:00:00
0694819ba6eedfe7b88c187ecb440a9c,b0d798d76605a085ed8b3a196da24b24,delivered,2018-02-20 12:04:26,2018-02-20 12:15:40,2018-02-23 18:49:13,2018-03-07 21:04:42,2018-03-12 00:00:00
82387464df585a62e081b551cf2992bc,82eb0f700864871ddc51572601014ba4,delivered,2018-05-03 15:51:51,2018-05-03 16:46:30,2018-05-04 12:10:00,2018-05-08 21:41:38,2018-05-17 00:00:00
d7491ab46e00584734e88ea402f23e78,a51921054a93c2d99f085ebee1817c81,delivered,2017-12-15 00:16:42,2017-12-15 01:01:34,2017-12-18 16:23:41,2017-12-22 21:47:05,2018-01-11 00:00:00
67e554166ed3da3b14abe112395b74a2,2f447c4b0174c3cc652f7658b2a63b82,delivered,2018-02-01 10:11:11,2018-02-01 10:31:41,2018-02-02 16:15:05,2018-02-06 21:51:35,2018-02-19 00:00:00
6b36356269703cbfe87cb8c95c815aae,1f89f66f069b8bc0f29feecf9268bb95,delivered,2018-01-15 22:18:43,2018-01-15 22:30:43,2018-01-24 23:19:09,2018-01-31 17:23:43,2018-02-19 00:00:00
1057bf6391c17f9b6960dd996029e1dc,33b3ac58c257992bb9f0dff11643b8d0,canceled,2017-07-29 12:56:17,2017-07-29 13:05:18,,,2017-08-18 00:00:00
4d5e865e4b64c8b33f8a81fd14731344,1227e78bfc2760c165324d240e2d9ff0,delivered,2018-04-20 14:54:15,2018-04-24 19:20:25,2018-04-21 00:28:54,2018-04-23 14:35:02,2018-04-30 00:00:00
68025b4097f26554336bf88f51c9a9db,7de855472adc33fe718c032b99712056,delivered,2018-07-27 18:28:47,2018-07-27 19:04:18,2018-07-30 19:01:00,2018-07-31 14:51:55,2018-08-06 00:00:00
6dd033178f0da014487c039d8abf1a41,d2e38fbd811d3a75fd42f6401ca9ed53,delivered,2017-06-29 16:33:28,2017-06-29 16:43:49,2017-06-30 12:15:31,2017-07-05 17:05:55,2017-07-19 00:00:00
357769c200aa5a3a9b859db2f47b9b65,6e9fcf097dd6735e0b0462052b83e936,delivered,2017-08-13 10:33:17,2017-08-13 10:45:09,2017-08-14 20:13:41,2017-08-16 17:53:05,2017-09-01 00:00:00
96af65966c377d4fd97ee8968d736cdb,495afb116e521984c5b111c5fa7db482,delivered,2017-10-22 23:40:48,2017-10-24 03:14:57,2017-10-24 21:33:05,2017-11-07 00:11:57,2017-11-10 00:00:00
255923114ac9ab1260799440433c6963,60254511764522cff2afd2174b5aa9eb,delivered,2017-02-22 11:24:40,2017-02-22 11:35:14,2017-02-22 15:25:45,2017-02-24 14:32:02,2017-03-21 00:00:00
6a4c99d30fea593a981e1ab8e2605313,232d4e963d66fba5b601811200f812e7,delivered,2017-02-02 20:18:25,2017-02-02 20:30:16,2017-02-06 11:51:56,2017-02-10 08:29:01,2017-03-16 00:00:00
da0661322b03e6cc7ebe7e98961b9bac,2264bc9721308590506bf504cb0ed2d2,delivered,2017-10-25 22:31:43,2017-10-25 22:49:15,2017-10-31 16:33:11,2017-11-03 20:27:59,2017-11-22 00:00:00
db49353d6689dec69c2c2d19fcdc4d0e,b21978d261f075baccef1e4fd7d4c7be,delivered,2018-04-28 11:52:32,2018-05-01 05:13:50,2018-05-03 15:05:00,2018-05-08 23:03:33,2018-05-23 00:00:00
17536c16762f9a7287c3bbf5f2262008,e9a6568264ec01dbcf4501a138e216dd,delivered,2018-04-21 02:26:31,2018-04-24 18:58:59,2018-04-23 19:22:55,2018-04-27 20:46:37,2018-05-16 00:00:00
0e96a13c8fd38b3cf8d5f8e30b7a7b8b,f894c7353394ea82b799dcabd639778c,delivered,2018-08-10 18:03:50,2018-08-10 18:24:37,2018-08-13 10:04:00,2018-08-18 15:40:49,2018-08-24 00:00:00
4ed8ff23c5c750ac1bd49b98d15f7bb8,990670426160550fd10e610fc2b6f713,delivered,2017-03-13 08:11:00,2017-03-13 08:11:00,2017-03-15 07:51:33,2017-03-28 13:52:40,2017-04-11 00:00:00
604eaa08ecca86f614fb23ab44999543,14186beaa17fc3c147b7018852d55c04,delivered,2018-07-04 13:08:16,2018-07-05 16:24:41,2018-07-05 14:41:00,2018-07-06 13:41:30,2018-07-20 00:00:00
08904f6557108c451821501ca9e6aa4a,f69122629f3b9eefba47cc225aca93ec,delivered,2017-11-25 17:11:40,2017-11-25 17:31:38,2018-01-04 21:13:43,2018-01-24 16:25:42,2017-12-26 00:00:00
4f484a232ce76de5a28249a74faceffc,5bbfc1074790affe8949fd7b7efe9a9b,delivered,2018-07-24 01:02:45,2018-07-24 10:31:13,2018-08-01 16:43:00,2018-08-02 20:07:27,2018-08-10 00:00:00
c4c8026516207b8ad1e841c44bd630d5,25b8803dbdbaa9c9aee9b10282b73ead,delivered,2018-05-07 09:05:04,2018-05-07 16:53:12,2018-05-08 16:47:00,2018-05-12 11:16:46,2018-05-29 00:00:00
1f8e863921f1d0daeda98b603a956954,c44e30b464ba83b15a4db35d65a035a9,delivered,2018-07-03 14:52:25,2018-07-05 16:03:39,2018-07-05 17:59:00,2018-07-10 20:27:50,2018-07-16 00:00:00
e4cc055d67f6ad3ce2fcf56e16eb96b5,e88c17456d85fea4f17d86e67e8d522f,delivered,2017-04-28 19:17:16,2017-04-28 19:25:15,2017-05-05 12:26:39,2017-05-24 12:37:02,2017-06-05 00:00:00
3ffffad3b77b6df473ab6edbddc6dcea,c9ca9573fa99e8e7f281d4ede1c2d2ea,delivered,2017-11-10 16:04:28,2017-11-10 16:33:09,2017-11-13 18:54:49,2017-11-20 22:37:04,2017-12-04 00:00:00
7ac49829b80413aa886449c409f59a4f,28ef2843e90a8f5f77c2658ba60e1cc4,delivered,2018-05-07 15:36:03,2018-05-07 18:09:51,2018-05-08 16:14:00,2018-05-11 21:07:39,2018-05-25 00:00:00
3937ff0dcfc2d3e0ccf73d9b6521611a,6df048a54bfef499d9e6dd224351e90c,delivered,2017-01-24 18:11:44,2017-01-25 18:15:19,2017-01-26 15:37:47,2017-02-21 05:16:06,2017-03-15 00:00:00
083b812dd46ddf24d9ae0b6429139c9f,a5babc0d525097dca3f22398b2edfd2d,delivered,2018-07-13 07:47:48,2018-07-13 08:04:06,2018-07-19 10:40:00,2018-07-24 21:55:43,2018-07-31 00:00:00
e555c759729439a5654103300684e242,7b63f12176df82c37faf125e33252536,delivered,2018-03-30 13:44:59,2018-03-30 13:55:16,2018-04-04 21:19:51,2018-04-11 21:44:49,2018-04-25 00:00:00
e466676123a176fc1f9d09856565cb41,4ff9d132fe2c07793f39e324e86f0383,delivered,2018-04-10 13:29:03,2018-04-11 14:31:14,2018-04-26 12:59:00,2018-05-02 18:24:51,2018-05-04 00:00:00
5efadf4b12dd71ad2003ee3b7f2b24c3,901fa7395cd19913092d88c3d263b157,delivered,2018-08-03 22:55:44,2018-08-03 23:05:13,2018-08-06 13:45:00,2018-08-10 00:33:53,2018-08-17 00:00:00
57db3577cc4d6b5ab2b9849d29c3fc61,116a6192abd7a39c88a68636c0665c2d,delivered,2018-04-07 21:18:46,2018-04-07 21:30:12,2018-04-09 21:41:17,2018-04-20 15:21:24,2018-05-11 00:00:00
80170e6171a9f379e26b6554babb9d37,f2c913d4b9814476181c06c593ad0874,delivered,2017-08-22 20:31:20,2017-08-24 03:06:21,2017-08-24 16:57:50,2017-09-12 15:27:50,2017-09-18 00:00:00
bb5069a1c4caa1d28fe56f4c647d23cc,f2c48cad58997d0feebf4637a312a767,delivered,2017-12-07 09:22:20,2017-12-08 02:54:34,2017-12-09 16:31:28,2018-01-04 00:58:59,2018-01-23 00:00:00
7937987ff13bd22aa39304d525e1eafe,8a651f62fa340c6bb5309fac465d7ef6,delivered,2017-11-24 13:19:53,2017-11-26 13:16:26,2017-11-29 20:19:23,2017-12-12 13:45:13,2017-12-19 00:00:00
0a9814deb494ce0733321ca35f215a22,b9bec98c6738f16d7dc4e1f8e0e2c18a,delivered,2018-05-05 16:09:12,2018-05-08 04:55:12,2018-05-10 14:28:00,2018-05-16 20:12:08,2018-05-24 00:00:00
ee482a8248d67e42aa1105d14a941a47,ba2c423a4e4c16a43981b06932eb7393,delivered,2018-04-23 08:49:06,2018-04-24 19:10:07,2018-04-24 16:12:04,2018-05-31 00:04:29,2018-05-28 00:00:00
1a57108394169c0b47d8f876acc9ba2d,48ebb06cf56dba9d009230cc751bb195,delivered,2018-05-15 16:25:14,2018-05-15 16:36:52,2018-05-17 12:37:00,2018-05-24 15:45:41,2018-06-06 00:00:00
79782533a7f3400f4ec7ab41028b40f7,1c767a3c2776ca26f4c440f651362aa1,delivered,2018-07-21 21:31:01,2018-07-24 11:33:32,2018-07-25 16:21:00,2018-08-10 12:07:24,2018-08-06 00:00:00
949fa1f29e978e421be9ae66cfc59ab2,7da4db0d5e282fc84914042ea242e3ea,delivered,2017-07-17 14:40:41,2017-07-17 14:55:19,2017-07-19 20:39:00,2017-07-27 19:38:00,2017-08-08 00:00:00
0a87de586a94b42f2294c207845674ab,da4b0dd3c2d5b6d284288457c7bf612e,delivered,2017-05-24 08:59:54,2017-05-24 09:10:11,2017-05-24 11:28:40,2017-05-30 16:13:23,2017-06-16 00:00:00
ea84037149fffac865af31b750615c96,5692c9fa0a06b6ccee7fae0ed8ff0bf9,delivered,2018-02-02 13:50:44,2018-02-02 14:51:51,2018-02-05 21:33:40,2018-02-15 11:48:50,2018-03-05 00:00:00
a5e045a63fbea3842f888a42153c61e3,ef6160b152a7df62401e31c5d3f548c2,delivered,2018-06-12 21:58:58,2018-06-12 23:22:26,2018-06-18 15:03:00,2018-06-21 12:41:21,2018-06-26 00:00:00
adaf01f381286c648134e9d617a4a1ba,3cddd4d1270c55d695d654b33fdc12d0,delivered,2018-07-20 00:16:43,2018-07-20 00:30:20,2018-07-23 11:39:00,2018-07-27 21:46:51,2018-08-03 00:00:00
13e22fa9743822ef30f7e3bdcfff69ee,5771758fad047028c6b772fe0adffced,delivered,2018-07-22 14:04:41,2018-07-24 11:31:40,2018-07-25 12:57:00,2018-07-28 16:39:30,2018-07-31 00:00:00
924002999673a9f3811a42bfd72f0ed4,b50432a97ca4a59273423f562da40c0e,delivered,2017-10-31 12:56:14,2017-10-31 13:31:24,2017-11-01 19:33:18,2017-11-07 23:22:50,2017-11-14 00:00:00
07f6947cb721727031402e0cd6d6e5e9,0b169717fec8c12a53790ce862ee480c,delivered,2018-08-07 21:34:23,2018-08-07 21:45:19,2018-08-08 14:09:00,2018-08-13 18:08:35,2018-08-24 00:00:00
604ed3ff72a9c67c6fcf940e6ba3bec0,f33d4d061db4611b150bf687e01c9371,delivered,2017-07-30 23:36:20,2017-08-01 00:23:19,2017-08-01 17:56:53,2017-08-10 19:17:42,2017-08-24 00:00:00
0f1657174bf9b83165da972c16b656f5,7178f347b7b8ef2035bcdd1f53748466,delivered,2018-03-26 17:32:25,2018-03-26 17:47:44,2018-03-29 21:18:47,2018-04-13 01:30:57,2018-04-18 00:00:00
14293b00f541856ef515e415e6a5a2f4,b6daa921d099d867a0158161a910f20c,delivered,2017-03-12 18:59:25,2017-03-12 18:59:25,2017-03-14 13:39:57,2017-03-21 15:27:41,2017-03-30 00:00:00
e5ec17b950e2ca6379aaee6905115d3a,ebfb52120d564ecc1fd3fb67e810af7a,delivered,2017-12-19 15:12:09,2017-12-19 15:54:30,2017-12-22 19:51:49,2017-12-26 22:10:35,2018-01-08 00:00:00
7ce68309502b8d864e9ef8e47d21fd03,0a1b402981c8f8b2eaeb86a26e9deabf,delivered,2018-08-16 12:13:27,2018-08-17 03:30:58,2018-08-20 13:04:00,2018-08-27 17:16:41,2018-09-13 00:00:00
3e33f5f2369d96398462a491d376fefd,adfeda019ed4d832079a3c7421231813,delivered,2018-08-04 00:23:36,2018-08-04 00:35:20,2018-08-07 13:08:00,2018-08-13 11:26:47,2018-08-17 00:00:00
05692a713a2d25d85ac77a607b7db643,274ae39bf372e0bf2908736a9bc598ed,delivered,2017-11-12 23:42:14,2017-11-12 23:50:30,2017-11-16 16:35:59,2017-11-21 15:17:49,2017-11-27 00:00:00
d28edd4d734c48841154eae6d8a14539,7033600dee5ca5748733e816de91d495,delivered,2018-01-19 11:08:49,2018-01-20 09:07:48,2018-01-24 18:45:17,2018-02-08 14:52:19,2018-02-22 00:00:00
fab3dc50c9cba98a6261babbf9c16a62,663b51f8fd7358619b189238ee647318,delivered,2017-11-13 22:27:49,2017-11-15 03:06:43,2017-11-16 14:47:11,2017-11-27 16:37:20,2017-12-06 00:00:00
1166c0cee90e165a1b3cf275339be6cc,01514a0b29d64250fc301b3413aa0ba3,delivered,2018-07-21 19:29:35,2018-07-26 23:31:24,2018-07-24 14:27:00,2018-07-30 21:38:00,2018-08-13 00:00:00
859c79a3ec5c558828c5f5a86e66841e,2e6d201b0cf5ee860e16f58c0c55cfd5,delivered,2018-01-13 09:16:12,2018-01-16 03:36:36,2018-01-16 22:43:31,2018-01-24 21:12:32,2018-02-07 00:00:00
9758212b340212a84d22f713ce2e0fa8,d1d9b4bb3c7bef2d99d2aebd30d434e9,delivered,2018-03-04 18:58:06,2018-03-04 19:15:27,2018-03-06 21:16:59,2018-03-28 01:56:44,2018-03-21 00:00:00
a48b334c5fecb11f072a3a98ae5d200f,a37642199abe998aeba2601b3f261e33,delivered,2017-12-28 11:05:22,2017-12-28 11:13:23,2017-12-28 21:13:59,2018-01-11 00:24:17,2018-01-24 00:00:00
62b4063077164817444ed917010c5c16,5eb5291405a282b505795bf56d385a16,delivered,2018-08-07 22:58:06,2018-08-07 23:10:17,2018-08-08 11:06:00,2018-08-09 17:59:43,2018-08-10 00:00:00
6a2bb0f0f146e59e7b2669959798670e,e8b0ff75e9847ee1b34fddb882b41b85,delivered,2018-05-16 13:16:35,2018-05-16 13:33:39,2018-05-17 14:10:00,2018-05-22 17:46:27,2018-06-04 00:00:00
7479602087995e8c012bedfc514562fa,93c9596ca6e519e3932fe4f29f8d54c4,delivered,2018-02-24 13:48:53,2018-02-24 14:08:04,2018-02-27 23:57:01,2018-03-02 02:34:08,2018-03-12 00:00:00
d92a01f95189ea01e9fb980d9620cbe0,75618470cf7feeb7fdd120d26a766555,delivered,2018-05-14 18:10:06,2018-05-14 18:37:30,2018-05-15 11:34:00,2018-05-21 17:36:38,2018-06-12 00:00:00
63e2032f511dd7a0ac625d8bda0a07c9,141bc716946bbe4113b2b02fda012c9b,delivered,2017-05-15 10:53:51,2017-05-15 11:05:15,2017-05-16 09:17:49,2017-05-23 12:42:11,2017-06-02 00:00:00
7e2a281f24e01c2b6eb30c545bebb7ac,032151e5a9ba616acdac504023067484,delivered,2017-03-03 19:39:24,2017-03-03 19:50:18,2017-03-10 13:02:14,2017-03-17 15:44:21,2017-03-27 00:00:00
34c18a8b5a4a469bd30549f852d97e32,1314355cd90fe9019e54bd1521df0ab6,delivered,2018-08-09 18:52:55,2018-08-09 19:05:15,2018-08-10 13:40:00,2018-08-15 22:52:43,2018-09-05 00:00:00
1aea1c4f6ec41ce89bb80dd63aaccb0b,6e63f3bdb71f1192e632bfa0f1979fde,delivered,2017-04-03 06:09:10,2017-04-03 06:22:27,2017-04-03 09:37:57,2017-04-10 16:16:52,2017-04-26 00:00:00
1dfe970583e8a1a09241aa32a815a5b4,ed9d62c3af1f6b24e984d012f66eca35,delivered,2018-07-18 17:21:49,2018-07-18 17:35:14,2018-07-19 14:43:00,2018-08-01 15:03:08,2018-08-09 00:00:00
497867927f8b7eca209cf8a7050711e9,145518c9a57c1bffa0c236496f09b80f,delivered,2018-07-24 10:52:06,2018-07-24 11:44:42,2018-07-25 15:28:00,2018-07-26 22:58:02,2018-08-01 00:00:00
1e5a6ddd2dbe3e6f65699e6e643dc5cf,ad90f3af913ffd92df5465d726858001,shipped,2018-03-20 13:52:52,2018-03-20 14:09:32,2018-03-21 21:17:44,,2018-04-13 00:00:00
dd44ffc289cdf93e89ac256b6e478366,360d0a18da1d3d86caf6870c82142f6e,delivered,2018-05-04 22:49:06,2018-05-04 23:10:09,2018-05-05 08:56:00,2018-05-08 22:21:56,2018-05-14 00:00:00
1be5aa7ace982878dd1d68b4ed258127,3fee04b174cda902c48f94ac50b0d0a3,delivered,2017-02-01 09:54:31,2017-02-01 10:01:16,2017-02-01 11:09:06,2017-02-06 15:35:18,2017-03-02 00:00:00
9f363e28be707432b8173ded00f855f2,3e883ff4e88f709ddf226164adb17fc0,delivered,2017-12-11 10:39:10,2017-12-11 11:11:13,2017-12-13 22:41:46,2018-01-04 13:07:21,2018-01-11 00:00:00
7ecf95f48e7c79ea6b74c40bc023bbee,8643eb5581484900c3b59ca579e7e5d4,delivered,2018-05-04 19:00:01,2018-05-04 19:10:14,2018-05-09 15:04:00,2018-05-10 15:22:07,2018-05-17 00:00:00
9706023383737a509d67fdd3eaf88e54,8bb7adfbcfbc35d2577ced908736ddca,delivered,2017-10-02 17:00:34,2017-10-02 17:14:14,2017-10-04 18:23:45,2017-10-10 19:42:05,2017-10-27 00:00:00
2ba1366baecad3c3536f27546d129017,6852966131028b6696be63d0a1bd87ae,delivered,2017-02-28 14:56:37,2017-03-02 03:55:33,2017-03-02 18:03:45,2017-08-28 16:23:46,2017-03-29 00:00:00
47e395802e5caea991cb407fead78614,db6e5ae977b1bf6f0dd591cf101e73f1,delivered,2018-05-15 15:15:21,2018-05-15 15:35:18,2018-05-17 08:25:00,2018-05-21 15:03:25,2018-06-04 00:00:00
635391aa82227068b492ef6290fa4354,d92d771ab3a92411b7afc6ea9839b5df,delivered,2018-01-20 12:09:32,2018-01-20 12:37:12,2018-01-25 02:48:24,2018-01-30 17:14:44,2018-02-21 00:00:00
d2625960105421250d7c067b24b462b2,03ce4fbe5fd3c67bfa9c7b6f87dea760,delivered,2018-03-18 19:08:55,2018-03-18 19:27:44,2018-03-22 22:06:26,2018-03-24 16:28:55,2018-03-29 00:00:00
a8a2f97bc403ceb2bc6c142b4b4add3e,677d29a213c461d16e75734b36d68d8a,delivered,2018-07-03 09:54:45,2018-07-05 16:20:20,2018-07-03 12:16:00,2018-07-11 23:12:06,2018-07-30 00:00:00
de02f1fedf59ab91765817a349261f93,31cb868903a0743d096e59969787b1a2,shipped,2018-03-26 23:38:17,2018-03-27 17:35:20,2018-03-30 00:25:34,,2018-04-06 00:00:00
9de8f4ac771189b55e817ebd04cf21a7,4e14c735c75d9ef95926a7eefbb67f48,delivered,2018-07-31 10:46:12,2018-08-01 02:44:20,2018-08-01 16:35:00,2018-08-07 17:56:40,2018-08-16 00:00:00
59b8ec350171c9fe4e4048ce80351ebe,59c6b1ba576945b3e864784ba0a8e9c4,delivered,2018-04-24 13:23:50,2018-04-24 17:47:54,2018-04-25 12:04:00,2018-05-04 19:20:55,2018-05-21 00:00:00
93f4ad7f8e995f288e242d98972e8d5f,22100c44bf99fc93e056ab80ea1cccbe,delivered,2017-04-18 19:39:52,2017-04-19 19:45:16,2017-04-20 08:24:22,2017-05-08 09:12:54,2017-05-25 00:00:00
dc920c44a8f3925e7fc295890563d2c5,1ccf8703dabe640663f7ec1f4c723b6e,delivered,2017-12-26 17:51:47,2017-12-26 18:08:53,2017-12-27 23:24:59,2018-01-04 17:54:14,2018-01-19 00:00:00
0b5754bbc86b2ff33bba8be1cab6c230,91d2ecf0eb5229a6d5251f06a6a31cf2,delivered,2017-09-04 11:59:58,2017-09-05 12:05:18,2017-09-05 20:15:26,2017-09-14 18:21:47,2017-09-29 00:00:00
d054d1dbbf0ebf14005e7cdedf8dc96d,3247886bee20a89efc731f74149c0782,delivered,2018-04-12 10:48:18,2018-04-14 02:30:34,2018-04-17 19:03:40,2018-04-25 18:16:32,2018-05-14 00:00:00
58c72979aacbc053822e7cc69c316ca4,96e6c1b892d8423c7a4aa04cab44cb05,delivered,2018-03-04 19:51:59,2018-03-04 20:09:37,2018-03-06 00:05:32,2018-03-19 21:26:55,2018-03-21 00:00:00
77825d49024eb269c8576e8d4e2b8caa,c829c9588cb430f3636a577bdfdde936,delivered,2017-04-26 17:39:16,2017-04-26 17:50:12,2017-04-28 14:44:53,2017-05-11 11:47:59,2017-06-01 00:00:00
80b77c666e1dab43571417e42bc149e5,81c3b601c6ca9c5dbe3b9a56a40a2b80,delivered,2017-12-07 15:42:49,2017-12-07 15:53:25,2017-12-08 20:39:28,2017-12-19 17:28:58,2018-01-04 00:00:00
990eab27d0855cf08464eec60d4c18f5,339330c8fb9b0d9f9d5a1e2bd7e29ad7,delivered,2018-08-12 11:33:02,2018-08-12 11:45:17,2018-08-13 14:24:00,2018-08-20 19:32:46,2018-08-29 00:00:00
dbe1de9b04777a1c1bf05fd0aeebde9a,f3d37b5276fc40a7fb3bea7ecdc628a8,unavailable,2017-06-07 15:50:50,2017-06-07 16:02:19,,,2017-06-28 00:00:00
d8b293a9c747dbce4a60f6c0bca37dd7,90830dbb673d83c46f791a44b9a0c838,unavailable,2018-02-09 17:57:31,2018-02-09 18:20:28,,,2018-02-23 00:00:00
83e9b645bb34b16b05add091d031f417,77f030ba93444a3241b1ead8a9a0dd30,delivered,2017-12-28 13:09:57,2017-12-28 13:31:13,2017-12-28 21:44:55,2018-01-18 22:04:37,2018-02-01 00:00:00
a3cb71ba35d4d8ef1f5661769d7c9915,810f7773cc54bb6e0e737bc0e21d6765,delivered,2017-04-19 15:51:24,2017-04-24 23:33:19,2017-04-27 16:25:56,2017-05-10 09:44:52,2017-05-11 00:00:00
88821a1158691d3d5f4e35004aeb2aee,fcd5f6483d41d80112a58322955bf9f1,delivered,2018-06-20 16:28:00,2018-06-20 18:47:07,2018-06-21 15:17:00,2018-07-11 21:05:29,2018-07-20 00:00:00
70f68b39d2f381634322a952699f55d1,cede787c255e3af82b9ccd385c7c9e7b,delivered,2017-06-29 21:40:40,2017-06-29 21:55:11,2017-06-30 18:57:40,2017-07-10 18:43:55,2017-07-24 00:00:00
b858cf2a7c0c817f564a25b0d351ef30,ca9f1b2bca17f3381bfd4921e909e28a,delivered,2018-02-18 22:25:19,2018-02-18 23:27:01,2018-02-20 15:43:07,2018-03-05 19:52:42,2018-03-12 00:00:00
cddbe0d3e12cc6ae8effe83bd9831c81,c0ef426cfa20b4a2d3124eefe9f27986,delivered,2017-06-08 18:14:49,2017-06-09 18:10:14,2017-06-13 10:09:26,2017-06-19 20:47:50,2017-07-06 00:00:00
07460d5693ce1f6577ebd04b4ad091eb,0ff624414ba63f57af8921508338a509,delivered,2017-09-25 07:46:47,2017-09-25 08:32:21,2017-09-26 12:41:37,2017-10-02 20:32:16,2017-10-19 00:00:00
8e36e939fc7a7d7c54d2dfec4e37190c,6b4f1c5c5062bd50fac7197ae3a2a0dd,delivered,2017-03-01 13:36:02,2017-03-02 03:55:23,2017-03-03 11:54:02,2017-03-13 12:09:12,2017-03-24 00:00:00
83656a38115e8d648f60d937a29e32a2,9029f95c9bb20813a61da5bd62ada9fb,delivered,2018-04-18 19:16:32,2018-04-18 19:30:21,2018-04-20 18:31:31,2018-04-25 01:04:35,2018-05-22 00:00:00
ad9d381a3928b29277b01f1a357a7d2d,6b065321c5166d6cca386c68a89639c2,delivered,2017-10-04 20:19:57,2017-10-04 20:28:21,2017-10-05 18:32:08,2017-10-16 21:33:41,2017-10-27 00:00:00
9ef13efd6949e4573a18964dd1bbe7f5,adb32467ecc74b53576d9d13a5a55891,delivered,2017-01-30 21:44:49,2017-01-30 22:33:45,2017-02-01 14:34:10,2017-02-14 10:48:10,2017-03-07 00:00:00
7cf84141620b065cc0ba010239569589,578d180c1446b410056c36f0c45d965e,delivered,2017-11-11 16:18:54,2017-11-12 16:26:40,2017-11-14 22:04:44,2017-11-29 20:28:36,2017-12-08 00:00:00
8aa9548fa899cb3509257727e76fbfad,8516176bc6e365c8bdd9ab15fcccb26b,delivered,2018-03-15 18:16:24,2018-03-16 09:07:00,2018-03-17 16:28:31,2018-04-18 21:40:46,2018-04-09 00:00:00
a92da206ef6383c3faea2be21c673e5d,60c2f9b2b8dd9bf27b121138f323aa0b,delivered,2017-09-14 18:50:07,2017-09-14 19:04:51,2017-09-25 18:09:07,2017-10-11 18:04:02,2017-10-27 00:00:00
22ee91c7febb94838b3468761b7dd72c,e01a35c0c3eb75cf669d46a623165695,delivered,2017-05-01 21:12:39,2017-05-01 21:25:11,2017-05-10 09:54:36,2017-05-11 08:03:33,2017-05-23 00:00:00
93b590057f946fba0bb236c96d384a89,145a15dfeab6ebc89f63c22802b3db71,delivered,2018-05-09 14:58:57,2018-05-10 14:57:08,2018-05-29 13:28:00,2018-06-09 14:46:33,2018-06-11 00:00:00
02b8fcdd1bd75d7d5861f407dde29768,947460703c5712189a4e5b5cfff686bc,delivered,2018-05-15 11:12:08,2018-05-16 11:19:08,2018-05-16 13:02:00,2018-06-02 16:03:15,2018-06-13 00:00:00
e750c043ac98c8eb957cb52789f126b0,13cd366fe64b37786a0c7cf845d1711f,delivered,2017-02-15 16:18:40,2017-02-15 16:25:23,2017-02-17 15:52:55,2017-02-23 08:44:48,2017-03-14 00:00:00
9c77f370544954701cf2847a3732cb84,24a6230db4aed87a39690a53849289e3,delivered,2017-12-12 14:29:19,2017-12-12 14:36:25,2017-12-13 15:57:08,2017-12-21 17:43:26,2018-01-12 00:00:00
8073b9d2a53026d45880252243b0c646,62f7de825bc458cc12c2f6bb39a397f5,delivered,2017-09-06 17:10:19,2017-09-06 17:30:26,2017-09-11 21:23:01,2017-09-16 17:14:39,2017-09-26 00:00:00
491b6882815a6368f57277d9bfaebb12,d6789e34f69bb07b9355c09c2d73491f,delivered,2017-11-03 22:19:52,2017-11-03 22:31:30,2017-11-06 14:58:33,2017-11-10 20:52:47,2017-11-27 00:00:00
89de67358b10a57af46bfa348e4f5ec9,e5df8e6b6b461889d592f9c6cf406e87,delivered,2018-02-03 18:28:29,2018-02-06 05:31:50,2018-02-07 22:44:49,2018-02-27 14:12:32,2018-03-06 00:00:00
a8aa4724dee04db3a0440eed8cb33911,a652e8919a5a67adb8d78792fb01f0c5,delivered,2018-03-27 08:43:54,2018-03-27 08:55:23,2018-03-27 20:29:34,2018-05-02 23:59:00,2018-04-23 00:00:00
02c8a77069dc7fd1cf273312c3a6e499,35a4c349e95eea674c798a25a532995b,delivered,2017-08-30 23:47:53,2017-08-31 00:05:03,2017-08-31 15:14:46,2017-09-04 15:09:54,2017-09-18 00:00:00
a91ebde34a74e0a0116aeed6da3709bc,3df59f2b34cf38f0d00f06bc048ee88f,delivered,2017-07-18 21:31:40,2017-07-18 21:45:23,2017-07-19 19:22:35,2017-07-29 16:41:09,2017-08-09 00:00:00
227ccb58caaeac742a273c01856d523a,21087ff65fd587817c856257e50f2840,delivered,2018-01-24 17:13:38,2018-01-24 17:33:02,2018-01-26 21:12:53,2018-01-31 21:38:49,2018-02-16 00:00:00
c2ca5bb314810bf0b90e5ee6cc1f9777,405fecd58e25e71c922897446940dbec,delivered,2018-06-03 20:37:15,2018-06-03 20:49:53,2018-06-04 13:42:00,2018-06-08 15:12:24,2018-07-05 00:00:00
1e6832ed905471e6aaa1c8e6c09186be,b9f2ab1c760b97accfedeb1070e7cd67,delivered,2017-05-31 17:23:00,2017-05-31 17:35:13,2017-06-05 16:59:42,2017-06-14 15:38:11,2017-06-30 00:00:00
bbbc7b0788315eba0f24a27be06e0538,5b123ce643eaafed4841bf3cbf1d2bd0,delivered,2017-11-24 22:14:50,2017-11-28 03:46:40,2017-11-29 22:52:07,2017-12-18 17:46:47,2017-12-14 00:00:00
f8ce8242387e2e8b654ae2de173eae5c,e9b844813a7b73ca203d03630ac40a21,delivered,2017-07-21 19:14:35,2017-07-21 19:25:14,2017-07-24 14:03:11,2017-08-14 16:50:01,2017-08-24 00:00:00
3e70edc835c9b04809623f518a513d00,f690c800cd56736b12bc37cf53580167,canceled,2017-02-22 16:10:31,2017-02-22 16:22:22,,,2017-03-23 00:00:00
a2429c5b2d967e5f28f4bbf162d72548,517da850aa8004540b1a95367cf26cc1,delivered,2017-07-02 19:47:29,2017-07-02 20:03:54,2017-07-03 17:05:01,2017-07-11 19:04:48,2017-08-02 00:00:00
af4c1c7ca3aa8d5d93c434ae5f59edca,4515fac76cbb11d7c0c69afeb93c49fc,delivered,2018-01-06 12:08:02,2018-01-09 07:27:11,2018-01-09 19:43:02,2018-01-22 14:09:16,2018-02-08 00:00:00
3e3a2f955d45f35c654bd13bade8e0d3,b405716abc33037f3150858d83ce47b9,delivered,2018-07-30 23:26:24,2018-07-31 00:20:12,2018-07-31 11:56:00,2018-08-06 18:48:45,2018-08-14 00:00:00
396ed132c900a336a0cce56dea205a7e,c3dd6dafd176db77fb0b887d83982df9,delivered,2018-03-01 07:34:10,2018-03-03 02:50:37,2018-03-07 18:55:13,2018-03-15 21:21:47,2018-03-23 00:00:00
f6f0b2497c5a4ca89670186757ab2684,a0a77214faef45bda6ff573f33f39f2c,delivered,2017-06-26 12:23:32,2017-07-05 17:09:11,2017-06-27 17:03:09,2017-07-03 17:53:29,2017-07-18 00:00:00
fe9aa3b22b4d65ccbaffb57984bc12fb,e14603210bf5355859bea3b45bbad044,canceled,2017-11-14 19:30:10,2017-11-14 19:50:28,,,2017-11-28 00:00:00
9b555fa3c1a9ac79415e947cde8180bd,b7512df210374933320f8e821ad55455,delivered,2018-07-10 22:26:37,2018-07-10 22:45:55,2018-07-11 14:02:00,2018-07-12 19:21:43,2018-07-19 00:00:00
f16ed2117bb2fa5b3d151a031c9cae37,a0d33732ba41944e1a398fd620db4aba,delivered,2017-10-13 06:14:02,2017-10-13 06:28:12,2017-10-16 16:39:39,2017-10-26 21:43:41,2017-11-01 00:00:00
1e55ec3322465b5b6dc07d7f5ef45f99,4fe1824a2ffb989661a39c7dab041fe0,delivered,2017-07-27 14:22:00,2017-07-27 14:35:16,2017-07-28 15:33:59,2017-09-05 18:33:43,2017-08-30 00:00:00
b6ee8fd94e6974591db72e75b17b2170,3acc86f77a1528b4b99649c2c83c1eae,delivered,2018-03-06 19:06:13,2018-03-08 02:35:31,2018-03-10 02:03:55,2018-03-16 17:11:29,2018-03-22 00:00:00
a2860430c7bee71b1b90ffc78a95df6d,cc3e81acaff70da9f1f6bf9fa1430550,delivered,2018-02-14 18:27:03,2018-02-14 19:20:23,2018-02-15 19:51:42,2018-02-21 05:38:55,2018-03-08 00:00:00
8e0b25f18db440912bbd8f49eea80abc,21f9fbc70fa36a15771ec8a33d4db305,delivered,2017-12-10 19:18:43,2017-12-10 19:30:47,2017-12-11 18:54:44,2018-01-22 14:39:09,2018-01-09 00:00:00
02f4865eba77caf307bb9f08d0a59a32,8c0371d9a7330d609cb2b0f9781183d0,delivered,2017-04-19 03:08:08,2017-04-19 03:15:05,2017-04-20 07:56:35,2017-05-09 12:06:48,2017-05-11 00:00:00
5fb801bbd0a3376799e6d3a508f845db,4bb0b800e2bafd5b1df51ea1e45e780b,delivered,2017-03-24 10:53:14,2017-03-25 15:42:24,2017-03-28 13:03:15,2017-04-07 11:52:39,2017-04-18 00:00:00
d1eeb7258c6971ef8e350b3cf74bb7cf,9b183b26474ad71d43c693f5614d2aa6,delivered,2018-04-24 10:54:19,2018-04-24 18:47:59,2018-05-07 15:51:00,2018-05-09 18:33:00,2018-05-17 00:00:00
42120fdf9e2fb1cf82882ebca7e86db6,26f069f5c2cd9ed767dce69251024330,delivered,2018-08-10 00:58:32,2018-08-10 01:10:14,2018-08-10 09:55:00,2018-08-14 01:33:39,2018-08-15 00:00:00
555b96fab13352cfb0199d765806f364,1b2455a757e2ea03d68d30b3f3fcc12d,delivered,2018-05-25 20:44:29,2018-05-25 20:57:50,2018-05-30 12:22:00,2018-06-08 15:18:55,2018-07-04 00:00:00
35096a0e4744902c11de408b85c43fa4,1e91f4e8d3d47b74276ac6c6ca566c8d,delivered,2017-03-11 19:59:25,2017-03-11 19:59:25,2017-03-16 07:18:41,2017-03-21 08:37:29,2017-04-05 00:00:00
66b59bf4515765f0bcfc3e42cf2ff344,8a83cd2272d6fb105959b4385ff872ec,shipped,2017-12-02 19:30:00,2017-12-04 19:30:25,2017-12-06 20:25:30,,2017-12-27 00:00:00
287bda09a531679f371192ec2567ff71,ead5b1c1525972ec23a1c9bb49ebae1f,delivered,2017-11-23 20:01:25,2017-11-23 20:14:22,2017-11-24 20:38:48,2017-12-05 23:16:57,2017-12-19 00:00:00
a9c2ab2568ed61706babd520ef82b9b2,266413b8d0b525d23ebc87014a58603f,delivered,2018-02-24 23:39:56,2018-02-26 09:50:06,2018-02-27 23:12:13,2018-03-05 17:10:50,2018-03-23 00:00:00
e69ea0f5ba6fda2442f0889a6754242e,2d80d86138d24b2b609a00b8a2739dde,delivered,2018-05-31 22:16:08,2018-06-01 22:10:57,2018-06-06 14:03:00,2018-06-12 20:28:22,2018-07-24 00:00:00
e537e63305719171bcf7cd7fa815d921,f24d7a432c684bf4e571600c1a8c313a,delivered,2018-01-23 14:57:59,2018-01-23 15:12:52,2018-02-07 00:01:47,2018-02-26 21:22:17,2018-03-06 00:00:00
3bd72d0bf4e30e74322d88fe9dd5ac2d,8f2b91ff30c5a34e638e218fe902b758,delivered,2017-08-11 17:35:12,2017-08-11 17:50:08,2017-08-15 18:32:12,2017-08-23 18:17:04,2017-09-04 00:00:00
d75fa0f9d85ca4f5a1b29487cab3e143,88577b4fd9613b223626fa23538fffd3,delivered,2018-06-16 00:28:09,2018-06-16 00:59:45,2018-06-19 15:44:00,2018-06-29 16:16:33,2018-07-23 00:00:00
d94353ea4014f1fc7b6eaadcc9c90fe7,d499816665f38ec594f2b11a3d732079,delivered,2018-01-30 15:13:25,2018-01-30 15:33:30,2018-01-31 17:54:38,2018-02-05 18:42:58,2018-03-01 00:00:00
ca13b8157cd272736639fa91c4d9eee0,886b800c818f6549c5c8a810d10ce92d,delivered,2018-06-09 14:33:58,2018-06-09 14:59:31,2018-06-11 13:32:00,2018-06-20 18:35:26,2018-07-12 00:00:00
6f32b46fc3b01903852f3bcc592c5687,a9700e72b6899dd6301b5ef0c7d65049,delivered,2017-09-07 13:27:09,2017-09-09 06:34:44,2017-09-11 20:36:59,2017-09-15 19:37:41,2017-09-26 00:00:00
74c13e4838eb5d8953b62b5f5feaf826,0e9bbc469f18383158141848f6c51923,delivered,2018-06-17 21:35:34,2018-06-17 21:53:44,2018-06-19 13:57:00,2018-06-28 10:44:43,2018-07-20 00:00:00
957422760905270c48cddad7bb2b3c63,55c95424fddde1e4af8153b3ddb9ccd6,delivered,2018-05-11 15:32:29,2018-05-11 15:51:48,2018-05-14 12:02:00,2018-05-28 21:48:41,2018-06-14 00:00:00
98069064f6eef0a9910742e89aefd0b5,aa49b4ab5daab2fcce2b1ccf32dd9b0b,shipped,2017-06-22 14:16:52,2017-06-22 14:30:16,2017-06-22 15:16:38,,2017-07-12 00:00:00
1610bbd775aa73327d7741d006c09fb2,5ff42319ecd54104278a50b3105b07c1,delivered,2018-01-10 23:12:15,2018-01-10 23:28:16,2018-01-11 22:56:02,2018-01-22 20:15:15,2018-02-05 00:00:00
ff5912414bd207006a7af78477de9733,67488e8cd4c4cd4b21118b03fc4bf6f6,delivered,2018-02-20 14:19:01,2018-02-20 14:30:45,2018-02-21 21:23:16,2018-03-07 16:46:31,2018-03-16 00:00:00
298b4b88615e99709a35cfaba9ede56f,df5c089484b560d3fc9111f1f43c45c6,delivered,2017-12-14 20:25:42,2017-12-14 20:32:23,2017-12-18 19:35:11,2018-01-10 20:27:23,2018-01-15 00:00:00
4af33d0a8ce1bbababe13c9480c10ea5,40e7f3dd68599eba447d4f95e9cedd1f,delivered,2017-03-09 16:30:19,2017-03-09 16:30:19,2017-03-10 09:15:01,2017-03-14 11:22:06,2017-03-30 00:00:00
466466045d6dd169bdd4ab10d2361ac6,6bc812b8422d9ccf271b89c88914ffa1,delivered,2018-04-18 10:45:30,2018-04-19 02:51:38,2018-04-24 17:16:50,2018-04-30 21:52:48,2018-05-11 00:00:00
8108ed1f76e87d696efd3b2f3729a370,2bb15bcc78ca350ae704bd3ba6bb5b2f,delivered,2018-06-06 14:36:07,2018-06-06 14:53:43,2018-06-08 13:28:00,2018-06-15 18:18:43,2018-07-17 00:00:00
762e8f6a1e9d9929396293ddad11fd97,d09426a2b6b68356d848b5b5101c663d,delivered,2018-02-07 22:21:46,2018-02-07 22:35:29,2018-02-08 16:33:23,2018-02-15 21:33:38,2018-03-09 00:00:00
7ec1b2259b08869d945fd8fd76e8ee2f,4849374c3189ec40c89b978357e07e0f,delivered,2018-04-09 11:56:14,2018-04-09 12:10:31,2018-04-10 16:50:52,2018-04-13 18:21:17,2018-05-02 00:00:00
62f872bdf7d50fa3d2366c245f92d002,79b19b4903258723b72eefbaf47e00c8,delivered,2018-01-19 12:24:24,2018-01-19 12:34:23,2018-01-19 23:42:05,2018-01-26 16:28:43,2018-02-16 00:00:00
424983e66da021899eb8f8c0b0c4672c,aebbf33e1615558f28aa1a3b22da4604,delivered,2017-10-11 23:14:14,2017-10-11 23:29:10,2017-10-13 15:38:01,2017-10-27 18:59:58,2017-11-03 00:00:00
7784ad61e5fa7f7936465d248cc5d9ec,9695cebce757764e8ca0bbfb22638c0a,delivered,2018-03-22 13:44:54,2018-03-22 13:55:43,2018-03-26 13:29:58,2018-03-27 17:42:15,2018-04-04 00:00:00
63449a498d346d5f1ed1fe90b03cca88,d0185ac97dc1fdcd3815b4fd9ae57180,delivered,2018-05-23 17:39:00,2018-05-23 17:55:49,2018-05-24 15:37:00,2018-06-08 00:32:51,2018-06-27 00:00:00
2aed1964a2e598f25618107fbb3aabb4,fda3211e07be154a6a9b4b95b17852d2,delivered,2017-07-23 16:51:30,2017-07-23 17:05:09,2017-07-26 16:47:45,2017-08-12 15:47:36,2017-08-28 00:00:00
70a2df2328c71d41c84c2ff23597df7b,e2fbfd87f1077e0bdd44a5adca62c65f,delivered,2017-03-04 12:47:10,2017-03-05 13:10:12,2017-03-06 11:39:16,2017-03-27 15:42:45,2017-04-11 00:00:00
c68d61e0221d10f9ffd722a96a2f10cb,ee5f433d637f8e262c6a65d2f1bc6cf0,delivered,2018-08-03 12:02:59,2018-08-04 04:25:07,2018-08-15 05:41:00,2018-08-16 20:32:03,2018-08-08 00:00:00
a28ddb8374055bd8000ae0b1d8526942,b1e01fe019f8971e431021f94370cccf,delivered,2017-12-11 18:24:50,2017-12-11 18:33:32,2017-12-13 22:58:39,2017-12-22 21:59:00,2018-01-04 00:00:00
dbe2e048ec0057accc15716fa929c405,2139fae6ad1c50179e563f68b09d4388,delivered,2018-08-19 11:08:19,2018-08-20 11:30:19,2018-08-22 11:40:00,2018-08-29 17:30:11,2018-09-11 00:00:00
9c7e6c08ea3357fbfc31edcc4c1c9375,356490c477e5fa5e5412ea7f671602f7,delivered,2017-02-26 14:49:04,2017-02-26 15:02:01,2017-03-03 09:34:11,2017-03-10 10:51:49,2017-03-30 00:00:00
bfc0058e93f705f5dd29ca7c2499fe0a,391443adfdb0197fcaacf243c86f5ca7,delivered,2017-11-14 23:49:39,2017-11-15 00:57:01,2017-11-16 21:59:48,2017-11-28 14:04:10,2017-12-06 00:00:00
2a8c23fee101d4d5662fa670396eb8da,d8c466a3e7c4cda36cd4ae7d577f44f4,delivered,2018-06-27 17:31:29,2018-06-28 17:30:45,2018-06-29 14:25:00,2018-07-06 13:22:37,2018-07-20 00:00:00
5aae98560d0aff8d326d8f5767979e22,09593cf9cb6a4e4adcdb60a81b3554b6,delivered,2018-07-05 10:58:26,2018-07-11 03:30:15,2018-07-17 09:45:00,2018-07-23 19:12:09,2018-08-08 00:00:00
0c47c8eb31ce1b27d2cc41c7475aeab8,b2953e4ac52f5594d9c90b84b607df3b,delivered,2017-10-16 19:41:27,2017-10-16 19:49:37,2017-10-23 20:38:03,2017-10-28 15:10:08,2017-11-07 00:00:00
f5ab5341b520987fc899c69ec795dc1d,d234da1ce7c522e9248815bee7a0181f,delivered,2017-11-06 16:36:07,2017-11-06 23:32:44,2017-11-09 22:41:09,2017-11-10 14:42:45,2017-11-27 00:00:00
2e0900f25a11a9802bc76d2613b1144c,4008eb96c0d03b654fe77b09b1ddaa12,delivered,2018-07-24 13:30:27,2018-07-26 03:10:20,2018-07-30 12:26:00,2018-08-06 14:35:16,2018-08-15 00:00:00
29b56ecd8b55b6089065dad2fe85a0b8,3db805014861b40ee4e4e82e8d7ae5f5,delivered,2017-03-07 15:26:42,2017-03-07 15:42:59,2017-03-09 08:44:32,2017-03-13 11:06:19,2017-03-31 00:00:00
3c40dc8defd3678f2751f2e8ee34f06c,116af0ca6c6031ef93d69cca3642256d,delivered,2017-06-16 08:11:05,2017-06-16 08:25:08,2017-06-19 13:39:06,2017-07-03 14:09:36,2017-07-18 00:00:00
43f9bfd7098c9a1d2abf50dac55ee822,9b83d9150f23e90854abce4cd89ae962,delivered,2017-12-12 11:56:53,2017-12-14 11:59:39,2017-12-18 22:57:22,2017-12-23 16:18:55,2018-01-05 00:00:00
21925ec4d0e7c5399673ad2b3d3f7995,055a53aca7d57e498a2291dec45f30a2,delivered,2017-11-24 00:34:46,2017-11-24 01:10:12,2017-11-27 22:27:02,2017-12-14 19:46:40,2017-12-27 00:00:00
55cf955cfd4e236d76710709a400f845,618508ed717cd8715290534e9463f6f7,delivered,2018-03-31 16:18:41,2018-03-31 16:35:16,2018-04-03 00:31:38,2018-04-13 13:42:45,2018-04-23 00:00:00
71bcd4c93050ae4b9814ed49894c2a8d,1ab8b0ccd36ea396e05cb069c66342d6,delivered,2017-10-10 21:34:56,2017-10-11 20:35:23,2017-10-13 16:27:44,2017-10-19 17:57:58,2017-11-03 00:00:00
93d9dad77a7490e2f2618470129d8f83,8ec4b63dbcfae91e3f55e7a10bd54ea7,delivered,2018-06-29 07:51:49,2018-06-29 08:10:53,2018-07-04 12:51:00,2018-07-09 22:46:53,2018-08-03 00:00:00
33f45d9ef97405c50d2f7c3072bb063e,c058300229eabe9a229b24240bb3d934,delivered,2017-12-01 00:05:39,2017-12-01 10:31:10,2017-12-01 23:42:07,2017-12-18 14:12:38,2018-01-03 00:00:00
c0169fe1cf1ff71a7391742a2b03d6a8,718367a7075a1c1b26334463f46cead2,delivered,2017-05-04 20:53:11,2017-05-06 02:15:15,2017-05-09 16:38:56,2017-05-18 12:45:00,2017-05-25 00:00:00
3cbae6cd7d4ccde80ef2d1ec061ce54b,366ed69223476beea6b38ebc2ea2eadc,delivered,2017-12-11 20:47:04,2017-12-11 20:56:32,2017-12-15 18:16:53,2017-12-29 22:29:08,2018-01-12 00:00:00
cfbc5b076b3dfaa511da98f51aa5562e,ffbd2a06dc1bc24697dc7b4559027d89,delivered,2017-08-17 10:06:55,2017-08-17 10:24:47,2017-08-18 16:22:59,2017-08-31 19:35:42,2017-09-21 00:00:00
320813dcc3e72dde1f71f78632a3b5d5,32a6bce7451b6253002cf117b0726672,delivered,2018-04-24 13:27:44,2018-04-24 17:35:12,2018-04-24 23:21:28,2018-04-25 15:40:51,2018-05-10 00:00:00
d02a5a29d82eed1f82be00c04745ea7c,ea27eeb8eb04badc2dbfe54cb1e54f74,delivered,2018-06-19 18:25:25,2018-06-19 18:56:33,2018-06-21 12:51:00,2018-06-27 16:09:28,2018-07-11 00:00:00
5c9657078bbc1c0b67c071d651331b9d,40c55da090bab9a49ec1e80f4aba5232,delivered,2017-03-10 12:50:20,2017-03-10 12:50:20,2017-03-14 12:34:16,2017-03-17 05:27:55,2017-03-29 00:00:00
b24bbb2f31c1619c038e0c393e05ccde,a60e8a1a131a4b91808534e3baec0827,delivered,2017-10-21 21:09:27,2017-10-21 21:21:12,2017-10-25 13:04:22,2017-10-31 17:37:59,2017-11-17 00:00:00
2f881be41e2ead562c1aa96d274fde55,b46150e23f63d6d715074e2b9004ae63,delivered,2018-04-25 12:23:33,2018-04-25 12:35:26,2018-05-03 13:01:00,2018-05-05 13:32:08,2018-05-16 00:00:00
002175704e8b209f61b9ad5cfd92b60e,a562db3c7cb9a68947debd30879b491e,delivered,2018-04-22 12:13:25,2018-04-24 17:24:48,2018-04-23 19:03:19,2018-05-02 20:38:44,2018-05-14 00:00:00
24d5baa0a610994fc46c99bc62764e56,7dec45cedb15e19cfb82319ec276ac19,delivered,2017-11-24 06:30:08,2017-11-24 06:38:55,2017-11-29 21:38:00,2017-12-11 19:52:18,2018-01-02 00:00:00
21986ad587b4a2c379e191e22a03deac,0b21617fb0d74d81d0cf3264cbe3b0f1,delivered,2017-07-10 14:36:20,2017-07-10 14:50:20,2017-07-17 21:31:47,2017-07-28 14:44:10,2017-08-10 00:00:00
c60d18a54f71a95ef52f69836e66473f,5da19dfea5bce9cbf68a70a72903c3db,delivered,2018-01-21 20:51:08,2018-01-22 13:59:27,2018-01-22 21:46:42,2018-01-30 20:24:55,2018-02-20 00:00:00
33155e3c770d0aeb3c0e7d431e6b420d,dfb4280815288634f90fd842753443fe,delivered,2018-07-04 10:14:33,2018-07-05 16:32:50,2018-07-04 16:13:00,2018-07-11 21:56:26,2018-08-07 00:00:00
c4e545bf33690bbfab5d78ae49c00564,4e91f755eeeed975f92f4fdb1a74c17c,delivered,2017-10-13 14:00:45,2017-10-14 03:27:46,2017-10-20 20:37:46,2017-10-21 15:52:46,2017-10-31 00:00:00
eeb74a8c7804e9e0fe99dcdb7a6295fc,cc6960815e33428cd2babc69fc7412bb,delivered,2018-04-11 11:08:07,2018-04-11 11:30:25,2018-04-12 23:48:12,2018-04-25 12:18:40,2018-05-09 00:00:00
d8b4993a29bdafff6aff3ddc66a8eee0,ea154db8669c141901d0199ba7ca4ff5,delivered,2018-07-19 12:01:14,2018-07-19 12:10:22,2018-07-20 12:32:00,2018-07-26 19:46:54,2018-08-06 00:00:00
3988d13890ae406263f1d3e8fe2c0ff9,66a3f1ed46078cbf7bd14618039812b9,delivered,2018-03-12 15:18:28,2018-03-12 16:06:40,2018-03-24 00:05:05,2018-03-28 21:03:57,2018-04-09 00:00:00
a268b656281801419a238a044577dfb5,e75b1e4100516a8b6b9490c674e71378,delivered,2018-03-13 18:45:24,2018-03-15 03:16:15,2018-03-17 01:48:31,2018-04-05 18:03:58,2018-04-06 00:00:00
4686d89136b2dd26794d394cbbef8968,76ca4d56cf35df02b850ef42b6886081,delivered,2018-05-20 15:38:07,2018-05-20 15:50:24,2018-05-23 09:46:00,2018-06-07 20:56:33,2018-06-11 00:00:00
bb01789fc0271409b394c7b283e9dd29,ac3e01509ab5a9e7bb1bb344048ef81d,delivered,2018-08-07 12:08:49,2018-08-07 12:24:47,2018-08-09 14:22:00,2018-08-14 22:13:42,2018-08-28 00:00:00
355b4e6204fe47b46901e1c030255e77,5b6645d1e59d1b4b58b20406885cc136,delivered,2018-07-17 15:25:43,2018-07-17 15:41:38,2018-07-20 14:44:00,2018-07-31 20:41:04,2018-08-15 00:00:00
1783899eca92b0bb639951f0a8909018,fdea9d678bf2979af34b835a4349b904,delivered,2018-01-18 16:37:53,2018-01-20 09:08:46,2018-01-22 20:13:39,2018-02-07 11:59:03,2018-02-22 00:00:00
07242eb6740fc0feb5044eda405a4782,bc8b9e820a6ac8f83ced0f3d5501614a,delivered,2018-06-08 09:59:30,2018-06-09 02:57:48,2018-06-12 19:36:00,2018-06-13 23:53:34,2018-06-28 00:00:00
668ae620ba2e85139d3707ad58062d4d,9d93a559f49450a3918a61465196ed8e,delivered,2018-03-13 15:03:38,2018-03-13 15:40:38,2018-03-14 20:34:54,2018-03-26 22:19:32,2018-03-29 00:00:00
1902edc0a39be5841b628fd08022090b,76347c0f8c5b76a50653080a5aa65238,delivered,2018-05-05 11:08:49,2018-05-05 11:33:39,2018-05-08 08:37:00,2018-05-21 14:42:03,2018-06-01 00:00:00
6fe5843a99f74c2eb252cdeb09aafd06,24612642f0afb9ebbc51afbc9c642b33,delivered,2017-12-29 16:55:21,2017-12-29 17:07:42,2018-01-02 17:17:26,2018-01-04 20:58:51,2018-01-18 00:00:00
0cbd2aa629e9ecbbcf518a10e247414f,b777e264df0b508f453971fb87c2a0b7,delivered,2017-03-27 20:40:27,2017-03-27 22:15:18,2017-03-28 10:22:55,2017-04-06 15:37:55,2017-04-18 00:00:00
550ab3611f668c6d97e8d17e4ae901e2,da00492083a7fff9c05545ee4eecbe12,delivered,2017-10-17 15:25:08,2017-10-18 03:16:01,2017-10-19 20:43:37,2017-10-26 17:28:14,2017-11-03 00:00:00
7b27a51bf1d8aaca78c04ecaf7118e88,62ce8efec406efb1619b3cdb6157f011,delivered,2018-02-03 21:32:16,2018-02-03 21:50:30,2018-02-05 21:43:26,2018-02-19 20:56:39,2018-03-08 00:00:00
f9a4ea353ce8eeffe8a1d48960268f66,3c522e772d77dc602311f4a40f14f770,delivered,2017-06-09 17:57:38,2017-06-09 18:10:19,2017-06-13 12:57:38,2017-06-27 15:44:39,2017-07-04 00:00:00
f01cc1e4fe1833e42f696b0dcb0d77ef,09fa775305489c7a8c4782738c7e67be,delivered,2017-11-10 19:45:33,2017-11-10 19:55:23,2017-11-14 20:51:55,2017-11-27 21:24:09,2017-12-06 00:00:00
7a72c1fd5627aa02ca282679bad2ebd1,cc112698a2befdee9bf58dd9b67d0cfa,delivered,2018-01-27 12:22:14,2018-01-27 12:35:34,2018-01-29 22:09:38,2018-02-20 03:07:03,2018-03-01 00:00:00
eede6f786783c6fc09da4a544e83e4d8,19500cbae8a09fc49b75153c4c965f9d,delivered,2018-05-01 14:28:32,2018-05-01 14:54:30,2018-05-02 15:19:00,2018-05-11 00:08:30,2018-05-15 00:00:00
e5ca14277889553a80cd3b8379bb9389,b50f1cc40e82d3fe0a7226fe9ee7cd8e,delivered,2017-07-04 06:34:10,2017-07-04 06:45:07,2017-07-04 14:39:53,2017-08-15 13:35:44,2017-07-26 00:00:00
ee02295dfa5d0519664c1dcd4a70e87f,71fdbaa760e25ef2449d79d1c4264021,delivered,2017-08-26 15:36:02,2017-08-26 15:45:39,2017-08-28 20:59:37,2017-09-11 17:43:26,2017-09-18 00:00:00
1237d70df58d4f9a8bd929b9943f9b8a,d6b41b191f1f643ff583898156e049cf,delivered,2017-10-09 09:58:11,2017-10-10 04:06:11,2017-11-17 14:19:55,2017-12-05 16:47:02,2017-11-06 00:00:00
04a2ba381317648726f46210a46ece95,4ae0a705c852353fbcdb27f8554b6655,canceled,2018-08-09 09:13:44,,,,2018-09-06 00:00:00
2b5a652c5e22d7c846b463c4888c5896,89863bf862ffb0131d2e08ea0bbcc406,delivered,2017-10-10 22:11:36,2017-10-10 23:08:24,2017-10-16 21:18:44,2017-10-19 17:36:42,2017-10-30 00:00:00
58a0927d5f0c99b74be566b3d5ed7c59,32c96c2835fc20069a4c0e229e1290a9,delivered,2017-12-24 21:35:51,2017-12-24 21:47:17,2017-12-27 14:06:00,2018-01-08 21:10:32,2018-01-24 00:00:00
d08177cbf2bf91a1ee04ec72526dee97,6a5d2101f8e85d2d3d5fee09a0fd50fd,delivered,2018-02-26 21:56:09,2018-02-26 22:10:22,2018-02-27 20:54:08,2018-03-01 22:57:14,2018-03-12 00:00:00
799f11bf34b4fcf6d45f6e2399907cf0,837a022a0ff4fc2ccb82a5ab089a4c03,delivered,2017-08-19 12:29:11,2017-08-22 04:07:03,2017-08-23 12:36:01,2017-08-30 16:36:50,2017-09-13 00:00:00
d6fe866c25e509c883dbd97e14075a9d,8131d65cbd486a0cafe7247413a6409e,delivered,2017-07-16 21:13:52,2017-07-17 21:45:09,2017-07-18 13:55:57,2017-08-04 18:07:51,2017-08-21 00:00:00
5371c621f3943c45deabe534a8fd61eb,e4672952c626c1d0489b03b602c0b49c,delivered,2017-05-12 16:45:06,2017-05-12 16:55:24,2017-05-15 18:12:44,2017-05-18 08:19:57,2017-06-08 00:00:00
041bceeb0d1b95b5079ffb1ba84a779d,38ac160055eedc7c75233b488b5dd50b,delivered,2017-08-29 13:03:47,2017-08-29 13:15:12,2017-09-04 20:47:00,2017-09-13 18:00:05,2017-09-25 00:00:00
b3ccbde27ee2833da8d2683e29d73307,ee2fb723a75833c55fa34e4389a88d07,delivered,2018-08-12 20:39:39,2018-08-12 20:50:22,2018-08-13 14:47:00,2018-08-14 21:21:52,2018-08-28 00:00:00
b57b0acd76c7d8a845ed77134b2a1af8,6fd8a1472896267974157c103099c475,delivered,2017-07-02 22:00:42,2017-07-02 22:10:15,2017-07-04 09:21:31,2017-07-14 19:26:16,2017-07-27 00:00:00
52eb8ce94864a3bb1be410a545f9ed4c,4aa0005ef4b8cb5ce874a4a86b36ed05,delivered,2017-11-24 23:37:20,2017-11-25 01:38:30,2017-11-30 14:10:03,2017-12-04 20:09:20,2017-12-18 00:00:00
312c70dd46ea96e94028c87931320097,f2eb353aff16a4faea7b549079eff559,delivered,2017-10-18 14:07:51,2017-10-20 02:45:53,2017-10-23 18:23:54,2017-11-06 22:04:16,2017-11-09 00:00:00
d185b5e82eb8f2ff1175d13bbbdcea13,9eb0710fbd7867880ac311cdc0234dbc,delivered,2018-06-03 23:21:33,2018-06-03 23:30:19,2018-06-05 12:06:00,2018-06-12 17:38:46,2018-07-11 00:00:00
bb63df7449a5caa0edc362d01cf54f36,3dc088a229ec165ccd91eab616197b90,delivered,2018-08-06 17:40:47,2018-08-06 18:44:39,2018-08-10 14:16:00,2018-08-13 11:52:37,2018-08-14 00:00:00
c84f367d7b52ff36843e8c8e08fa5c11,1bc55889f6b8a448cf16835c16602f1e,delivered,2018-08-20 07:18:48,2018-08-20 14:11:02,2018-08-21 12:27:00,2018-08-24 22:46:29,2018-09-14 00:00:00
c604ad5f1e0d0bcf9977cf46d1d72303,b7d2c0ccf5e66c2d1c496d6a8250eae4,delivered,2017-08-10 11:16:22,2017-08-10 11:30:20,2017-08-11 16:34:10,2017-08-17 18:42:45,2017-09-01 00:00:00
48e19adb0a07d92965b4077264915175,7f4319889f2bef6ef22da78e35befb6b,delivered,2018-02-02 16:10:49,2018-02-02 16:36:23,2018-02-06 19:12:00,2018-02-24 17:35:33,2018-03-08 00:00:00
f440f7a4e3e3bbf5048b014b0046e04e,d8ca0d68edb0be8ece6c5ef00da388c4,delivered,2018-03-03 18:50:04,2018-03-03 19:08:56,2018-03-05 19:05:26,2018-03-12 13:52:29,2018-03-28 00:00:00
5ee6e8af3ae23b56e3a293f0acc3e206,8bef54d9fe8547d0b08512384d5700ab,delivered,2018-05-08 11:58:25,2018-05-08 12:16:55,2018-05-16 13:44:00,2018-05-25 22:28:38,2018-06-04 00:00:00
04f917df18d906d8a147182234788026,1d30580f1dabbd156f95dd1948a76d53,delivered,2017-05-17 16:49:14,2017-05-17 17:05:11,2017-05-18 10:59:06,2017-05-31 10:33:32,2017-06-22 00:00:00
3180df618dceb8b0fc74ea13612333fe,376bba723b8b3baca4874090510a051d,delivered,2017-07-30 17:25:47,2017-07-30 17:44:19,2017-07-31 18:12:32,2017-08-07 20:39:56,2017-08-22 00:00:00
e22127be7a5664250637f87a4d12410c,8618c996b56dfe9588b3a555af9c4ead,delivered,2017-08-24 20:43:50,2017-08-24 20:55:41,2017-08-25 16:27:31,2017-08-26 15:49:03,2017-09-06 00:00:00
24be19f8aec68db8bea77c3cb54d6a56,3e5628dded3c93882cfea6197ea01306,delivered,2017-04-05 19:11:59,2017-04-05 19:22:26,2017-04-06 13:42:47,2017-04-19 13:26:11,2017-05-15 00:00:00
f850238de020e40b355e62b3198da17e,96f07b2996e653975a432f648ddf7d33,delivered,2018-08-04 10:41:40,2018-08-07 04:50:20,2018-08-07 15:10:00,2018-08-11 18:22:38,2018-08-29 00:00:00
0c2ffdbbbd418a6e9f2bb7fa8ebd9b35,38e0361914e4c2f5254078d7b06e7eb7,delivered,2018-06-19 11:16:23,2018-06-19 11:35:19,2018-06-19 14:57:00,2018-06-22 22:22:45,2018-07-11 00:00:00
ccc81840d6b3ed1467a96fd26c0d8889,054dee586b95aa6ee65ab782f94f26b6,delivered,2018-02-13 20:04:13,2018-02-13 20:47:09,2018-02-20 23:08:46,2018-03-06 02:42:34,2018-03-12 00:00:00
b58ad6013994eef55be5cdaf76a1a14d,e89d9baac0b6b9fa7a520be393ff22d0,delivered,2017-11-30 18:02:45,2017-11-30 18:13:23,2017-12-01 21:21:25,2017-12-14 16:09:26,2017-12-27 00:00:00
39b203e1add14efaa6f3dc4b38daa49b,570955d725f29b313e9e7a73ee1a2c1d,delivered,2018-05-13 16:27:52,2018-05-13 16:53:39,2018-05-22 11:07:00,2018-06-04 18:06:34,2018-06-21 00:00:00
cf50fec98e2167d836c09c0ed57ba841,369708cabd9831ea6fde670a3b602a92,delivered,2017-08-27 15:05:33,2017-08-27 15:24:23,2017-08-28 20:22:13,2017-08-29 15:56:57,2017-09-08 00:00:00
27d3cb85b133351c7a9e5d8d4e5f994a,19a02e81ab73daae664f1a5836fbafd4,delivered,2018-04-09 20:48:24,2018-04-09 21:09:51,2018-04-10 22:08:30,2018-04-13 15:08:31,2018-04-26 00:00:00
6fcafc7a7cd30fd93d2e40a26a81d5d5,e7a5d5966d66cc1a452ad0e189e8aa1d,delivered,2017-10-03 21:46:26,2017-10-04 02:56:42,2017-10-04 19:16:55,2017-10-05 14:55:39,2017-10-19 00:00:00
08a5453387460507541a8dc95bd67856,0315fdb0599e98fc798d9b2951f121ff,delivered,2017-12-11 07:58:26,2017-12-12 03:50:05,2017-12-13 20:33:34,2017-12-26 22:06:18,2018-01-04 00:00:00
30bf87367ed2e63f68bfb5aacdae279b,8124800ff4040590e23ea89b8c4440fd,delivered,2018-08-11 14:36:54,2018-08-11 14:50:14,2018-08-13 11:08:00,2018-08-14 20:03:31,2018-08-23 00:00:00
25913c4e9f83eb27225747d956516af8,ca98d5e54ce09ded249a3bf88adda456,delivered,2017-09-22 12:27:30,2017-09-26 04:04:37,2017-09-26 19:04:16,2017-10-05 23:33:37,2017-10-17 00:00:00
4b71e4e408d1d7ba09ce9de51e198215,998e0a6e4c2bdd6ef176b7da7fb2e48e,delivered,2017-07-11 09:24:34,2017-07-12 07:15:10,2017-07-14 18:42:30,2017-07-18 19:16:03,2017-08-04 00:00:00
c4698f7e3bbd4dbe7f3f7050029a5bca,ca5fc4d4ff349e924e3871ec86a4d34e,delivered,2017-08-17 09:40:29,2017-08-17 15:50:11,2017-08-18 17:57:55,2017-08-23 21:39:27,2017-09-06 00:00:00
b183c7bc4664d0f263a7baf78c494ab5,bb57c29950eb3cabbea0b4ab8430febd,delivered,2017-10-21 18:53:47,2017-10-23 19:56:08,2017-10-24 19:53:53,2017-10-30 23:07:46,2017-11-16 00:00:00
40f5d5356396abbec18c0c893d329422,24ee1aafc38ba4ae08741da0bd57520a,delivered,2018-01-01 20:50:39,2018-01-01 21:06:39,2018-01-02 17:48:13,2018-02-02 20:33:14,2018-02-01 00:00:00
8ade7f8460876f64baec1e262faf6a94,0f3139b6b2dff7a044e2c09eb69d7cf4,delivered,2018-06-15 18:38:49,2018-06-15 18:58:27,2018-06-19 14:14:00,2018-06-25 20:57:31,2018-07-11 00:00:00
bec18cf4e07d7c422cbbeca1ba9573f2,0d8cf529cece1d9d7b45ade2d37a7a42,delivered,2018-07-23 20:08:08,2018-07-25 03:04:40,2018-07-25 15:52:00,2018-07-30 15:38:49,2018-08-09 00:00:00
b245dc19b0a38d68e93c0901025e08f8,e035fe3b3ef405941ecbbbb0790d1f10,delivered,2018-01-13 21:57:41,2018-01-13 22:09:32,2018-01-26 12:09:22,2018-02-07 01:12:02,2018-03-02 00:00:00
4d4dd908b377956e48b6c6a89e59e37b,627118c4a3a8765bf653b5a4748fec00,delivered,2017-11-15 16:14:25,2017-11-15 16:26:24,2017-11-17 17:54:53,2017-12-12 14:33:56,2017-12-12 00:00:00
d0b9b4ddffcd1fe48c13d9fec485302d,782776350a20f5b2f257784336e42b41,delivered,2018-08-23 09:44:19,2018-08-23 09:55:20,2018-08-23 12:25:00,2018-08-31 02:32:36,2018-09-26 00:00:00
88c9df242e26c36482168acfc3d250dc,1dab77a61c23145ca78fc425fb96e387,delivered,2017-09-26 23:53:06,2017-09-27 00:04:41,2017-09-29 17:57:53,2017-09-30 12:41:30,2017-10-16 00:00:00
736e1922ae60d0d6a89247b851902527,ec5b2ba62e574342386871631fafd3fc,delivered,2018-07-15 14:49:44,2018-07-17 04:31:36,2018-07-20 13:09:00,2018-07-26 22:03:06,2018-08-02 00:00:00
8651593cf99a9174e4b9fa453ddacf49,03a17587335e8de93ffc1cae3a515cab,delivered,2017-10-17 21:21:20,2017-10-17 21:36:02,2017-10-18 22:15:54,2017-10-19 17:19:04,2017-10-27 00:00:00
6677dfc653950d84f87baab07c112a77,1432c42a35c00d1c9415db9c40ff472a,delivered,2017-12-04 22:59:50,2017-12-06 02:50:07,2017-12-11 21:08:44,2017-12-12 18:42:46,2017-12-20 00:00:00
902ba37d10a1e1d02607e52ff3875b91,7365a02a72ecb505e9b2f199fabbdea8,delivered,2018-01-24 15:17:21,2018-01-24 15:57:54,2018-01-26 18:05:21,2018-02-01 17:42:32,2018-02-20 00:00:00
5afac0b7cff137da6d13251afc7329c9,e0b4c1b6c6de01d78862c72eea6b24dd,delivered,2017-11-23 22:00:45,2017-11-23 22:20:03,2017-11-24 20:21:46,2017-12-15 22:24:35,2017-12-20 00:00:00
72f3f62e2e4208804e2c4ed8a28ead52,330786b82d1da4f900da3f8124a9f4f0,delivered,2018-07-19 08:50:45,2018-07-20 05:05:16,2018-07-20 11:01:00,2018-07-25 20:29:45,2018-08-02 00:00:00
12ed975e5a3e3025ddfa0eb174f739e2,0fc1d7d1282656a9494f9c47a6c5276c,delivered,2018-04-17 16:07:29,2018-04-17 16:30:19,2018-04-18 19:55:04,2018-04-19 20:26:30,2018-05-03 00:00:00
717d28ee12c7c0ef8b384ff1b62b33c7,f6a6ff9806cd24a90d1b1f7463df9d52,delivered,2017-01-21 21:20:06,2017-01-22 06:50:29,2017-01-30 07:54:59,2017-02-06 09:28:59,2017-03-02 00:00:00
f56ef9a15044d3fcd12867e68415ee5c,0898d2aa1ac4cac189ca12c0104cbec3,delivered,2017-03-04 16:07:38,2017-03-04 16:15:24,2017-03-06 09:09:38,2017-03-14 10:32:48,2017-03-31 00:00:00
b7ae44656ed457970339225497f75a31,68aab7dca3ffc8861c4e0f09c58b15ed,delivered,2017-04-20 11:13:25,2017-04-20 11:25:22,2017-04-25 08:52:17,2017-05-03 11:42:28,2017-05-19 00:00:00
3151632a0a68e4f69a7f29961a091904,4cd8954099b721f318f46fa45de99180,delivered,2017-03-20 09:28:58,2017-03-20 09:28:58,2017-03-24 09:57:43,2017-04-10 08:43:33,2017-04-06 00:00:00
c64cd8af895f9e6795a7cb35f9004e37,63dd2b3deb6405e0d846cbbec431edb4,delivered,2017-09-08 21:40:12,2017-09-08 21:55:22,2017-09-11 19:45:43,2017-10-16 14:42:17,2017-10-06 00:00:00
f9d0ec2fa088ac583e1ccd15b6686073,2b9c9e251dbb2a2a768fd48fbf151e4c,delivered,2017-02-28 15:19:04,2017-02-28 19:18:23,2017-03-03 13:46:45,2017-03-14 17:29:09,2017-03-29 00:00:00
81284ce76107a0034192e8eda2129993,eee77690468eb9f1907c1ab83a5d3c8f,delivered,2017-12-22 19:08:08,2017-12-22 19:17:24,2017-12-26 23:25:00,2018-01-03 19:49:05,2018-01-19 00:00:00
facd4b7395a3bf5f4536e64cf5d7668a,e2bd826c95ba483662ede716ae8187e3,delivered,2018-05-28 17:43:26,2018-05-28 17:56:06,2018-06-01 14:13:00,2018-06-02 16:21:52,2018-06-13 00:00:00
be0321747be0efc1c7241a5e985dd299,a6c87725b81598322c4399140aa6cae9,delivered,2017-02-02 08:35:36,2017-02-03 03:41:42,2017-02-07 12:41:55,2017-02-13 06:06:03,2017-03-13 00:00:00
76d18695761c18ab2f2a9f6f1b3ea3e5,3e1b3c69fda23c575c2f7fcba5bf2eca,canceled,2017-09-24 10:24:07,2017-09-24 10:44:05,,,2017-10-18 00:00:00
d829ae9ca5e0a9749f2574b62eb7ac10,a64e11fc5ee980cd9a2f1ac08110bc44,delivered,2017-07-12 12:04:28,2017-07-13 02:56:03,2017-07-14 16:23:42,2017-08-07 17:27:41,2017-08-09 00:00:00
06c9818464bb97d2f13568dd66e904a9,64a7f1076e9d17d6f5208d3ce76a7eb8,delivered,2018-02-16 13:17:13,2018-02-16 13:30:24,2018-02-19 18:47:47,2018-02-21 02:59:09,2018-03-02 00:00:00
47cbcb015b97b14c5d1e74f2deb831b6,a9d7dadb674a2b5f2ba297d75abc3a4f,delivered,2018-01-16 14:36:11,2018-01-16 14:51:34,2018-01-17 22:21:30,2018-02-02 19:50:56,2018-02-08 00:00:00
05906ff9618d78153208c80165d91b2c,5fa72a993139ba4e448cdb029f85899e,delivered,2018-04-15 14:23:46,2018-04-15 14:50:27,2018-04-17 01:16:22,2018-04-24 17:38:56,2018-05-09 00:00:00
6ab838d74d628b6f618844ef50200969,1287c8ba3475af023c0cfbaf3b13c3d6,delivered,2017-11-26 13:37:45,2017-11-28 13:42:02,2017-12-01 14:42:12,2017-12-08 22:41:37,2017-12-28 00:00:00
a1bfb3c0cee80f07a533875f768055fb,74109829d90b9fa80160019ec212d7fe,delivered,2017-11-25 12:10:30,2017-11-25 12:31:42,2017-12-01 00:08:59,2017-12-11 22:33:32,2017-12-15 00:00:00
b172124e9aab2e37fbc87515ab36ea81,d31128d3252c97ef60b824e6d8eb6840,delivered,2017-05-14 11:31:37,2017-05-14 11:45:18,2017-05-15 10:47:04,2017-05-19 13:12:30,2017-06-05 00:00:00
774f5065182baf2e88e084e3f5eacf56,38c8ae6546776bee9c7dde1d653c98d3,delivered,2017-07-21 17:42:43,2017-07-22 02:23:46,2017-07-26 18:53:36,2017-08-15 20:39:47,2017-08-18 00:00:00
f45b5f54393b15cb48be3cbac8dd536f,e1962dab54d985f90ad2a139dc2f5e54,delivered,2018-05-04 10:34:12,2018-05-05 19:10:48,2018-05-10 12:27:00,2018-05-21 21:12:05,2018-06-06 00:00:00
4903cfa5ec9a1789bed68b8931e6503f,7111d748712133458456ea3b7467b77c,delivered,2017-05-07 21:13:26,2017-05-07 21:25:12,2017-05-09 07:57:31,2017-05-17 15:56:59,2017-05-29 00:00:00
fdfefb1c100daa2f724dccf99c7735a5,786d2b70bafa7faefceef98aabd9ebdc,delivered,2018-01-11 10:13:07,2018-01-11 10:28:03,2018-01-12 21:12:00,2018-01-25 01:48:43,2018-02-08 00:00:00
573c6238eeff0fc6caaed8b752bbebf4,7dd3f149fa61749b2ab09030bbf59806,delivered,2017-11-19 22:06:41,2017-11-19 22:26:28,2017-11-21 16:21:27,2017-12-01 21:16:50,2017-12-12 00:00:00
015e6682b50c824bfdab6b866f937936,f6188d661010819b1eac0c417e0c4cdf,delivered,2018-01-23 16:03:56,2018-01-25 02:38:30,2018-01-26 18:32:31,2018-02-03 17:19:45,2018-02-07 00:00:00
57497f963890881878c6c1e61af37960,f5f0e5b259279be1f47ece5fcb5d8d16,delivered,2018-01-31 21:59:56,2018-02-01 21:55:33,2018-02-02 15:26:54,2018-02-06 21:11:39,2018-03-06 00:00:00
0ad81e043e6a8e37686407afb25710a1,cee73b4a0a763b2ee84c418e32868e56,delivered,2018-02-23 11:09:19,2018-02-23 11:31:07,2018-02-26 20:42:53,2018-03-22 13:28:56,2018-03-23 00:00:00
94d11959aaf59b91e540d476c100ee92,dfb2322a5eb9d00736fd86f495d10ad2,delivered,2018-01-30 21:58:10,2018-01-30 22:11:35,2018-02-02 00:11:25,2018-02-05 23:16:34,2018-02-15 00:00:00
b887a2e34410f9ca015c231938fc3842,506052018fa9bf009ce9c65357ae07c8,delivered,2018-06-10 18:01:28,2018-06-10 19:38:01,2018-06-15 13:46:00,2018-06-19 19:58:35,2018-07-17 00:00:00
8826b56d45c25577190e5c91fdca2a61,b7e45e7dbe7999fde2c43437ed74931e,delivered,2017-11-01 22:27:16,2017-11-01 22:45:15,2017-11-03 14:22:14,2017-11-08 23:13:58,2017-11-22 00:00:00
748f5318aa38169f5901337bfec3afea,e3b550ba5bef54e0042782503452770d,delivered,2017-04-05 17:58:30,2017-04-05 18:10:19,2017-04-06 13:55:23,2017-04-11 11:52:19,2017-04-28 00:00:00
389fe6a1834e9ac1b0ca61a63346667b,70fcd63fd02ad8c1445c178f8461d774,delivered,2017-06-23 17:25:55,2017-06-27 04:05:35,2017-07-03 16:16:45,2017-07-04 14:43:25,2017-07-06 00:00:00
cb42f190850b7635860e5c9570d841cc,5e900fe5368cc480af847d88f6548fe7,delivered,2018-06-14 08:23:28,2018-06-14 08:58:18,2018-06-15 14:15:00,2018-07-10 21:03:57,2018-07-16 00:00:00
9d0c12dbf76bdf0cce437cc6128e0d55,3878c928033c0c7ff7110cab73727eec,delivered,2017-12-12 15:40:35,2017-12-12 15:58:39,2017-12-14 20:27:13,2017-12-26 16:52:14,2018-01-05 00:00:00
1c796e58181a405d61b3c861feb64dc1,bf1d489aa73d4683734a785784d1166f,delivered,2017-07-21 13:41:20,2017-07-21 13:55:18,2017-07-24 18:22:31,2017-07-31 16:07:46,2017-08-14 00:00:00
a6dfab363a9e239287c4b1e3c275fb93,5e81e1b0b6164c14269bb934e9c43c3d,delivered,2017-01-26 09:11:37,2017-01-27 10:41:58,2017-02-05 12:43:54,2017-02-14 13:35:05,2017-03-14 00:00:00
d2c4b43f2986e614c4f281927c47d228,16933fe63d8e3d819becf92275ed356d,delivered,2018-05-20 23:16:21,2018-05-20 23:37:59,2018-05-21 14:56:00,2018-05-22 23:32:59,2018-05-29 00:00:00
2861f21634398881e11d516aa4197c72,a1ef179803806ed6e3ee7eb4e0071633,delivered,2017-11-13 20:53:32,2017-11-14 10:27:13,2017-11-14 20:57:00,2017-11-20 23:25:38,2017-12-01 00:00:00
86ddb141a4b75a77c2ed5893b02ee1f1,f2f6ed8d98af87661950716d6c148b80,delivered,2018-03-22 09:50:09,2018-03-22 10:09:15,2018-03-23 19:08:59,2018-04-04 10:42:55,2018-04-10 00:00:00
43d3bde64fc6f4f2f504d808d3be576c,efba5045b71698a3f669f71d972521d4,delivered,2017-04-28 11:09:47,2017-05-03 15:31:27,2017-05-04 12:40:12,2017-05-18 11:32:59,2017-06-05 00:00:00
84cc0b9ea8f19ff32dea95e790c954b2,125d0c1b04052d062b22674949e86de6,delivered,2018-06-15 14:58:45,2018-06-15 15:20:38,2018-06-18 08:36:00,2018-06-29 20:38:50,2018-07-24 00:00:00
b8ab7d209a05e9462921ece50de1c177,945e56ab9a4d329e972c8de67d70fd4f,delivered,2017-09-08 14:53:33,2017-09-12 04:26:08,2017-09-15 18:35:05,2017-09-28 22:47:08,2017-10-04 00:00:00
4886ba57227500f0a374a1fd079b02f1,366af15f24aaf77dadd6d90d04792698,delivered,2018-04-14 10:04:18,2018-04-14 10:15:10,2018-04-16 21:13:31,2018-04-19 21:28:35,2018-05-17 00:00:00
2c5f8c98e00740a16ca31cb18a7c8723,3d84d671e73474dd02e94ba1ac6501d3,delivered,2017-03-25 01:26:51,2017-03-28 03:50:48,2017-03-28 12:04:54,2017-03-31 16:03:29,2017-04-13 00:00:00
cd583153e8e57905936a55de184d05a7,8825c5f85a1f9ba5b2012e736fa55cf4,delivered,2018-01-06 20:57:48,2018-01-09 07:21:11,2018-01-09 19:29:13,2018-01-15 22:24:51,2018-02-06 00:00:00
d704a9711f8054198d01cb7bc07ec101,e77db91ad228d0c7e49609d360f5623f,delivered,2018-04-18 21:35:29,2018-04-18 21:50:54,2018-04-27 14:25:00,2018-04-30 19:21:30,2018-05-07 00:00:00
e1a5a8d04768a9b9972f4bfb2c21a11c,18e3f5eda3516d4a09b13633de355435,delivered,2018-04-21 17:40:21,2018-04-24 18:05:33,2018-04-25 01:58:53,2018-05-21 17:15:52,2018-05-18 00:00:00
51a78fb31e4d1dc9a712c428af94ce6d,b685b86521680ad31716dd45765f5e47,delivered,2017-10-25 00:59:34,2017-10-26 02:56:47,2017-10-31 18:29:37,2017-11-13 17:04:02,2017-11-27 00:00:00
48e70325bb404002e8ab78b3cf46a5fb,95556cea2fc7ddfac08863e6294f60f6,delivered,2018-05-05 08:28:10,2018-05-05 08:53:46,2018-05-07 14:50:00,2018-05-09 15:52:39,2018-05-23 00:00:00
1ae621120c3aa70ed2cb1388a641ffc9,f792180f5b4046cf80353f0677589a1c,delivered,2017-07-07 10:26:23,2017-07-08 03:30:27,2017-07-10 19:33:58,2017-07-17 20:29:57,2017-08-01 00:00:00
8b2a3c0228399148a783f5ed8c1ce83b,b3add2a91f41661317ee98d39d720fcf,delivered,2018-01-19 15:41:49,2018-01-19 15:56:15,2018-01-24 22:52:33,2018-01-30 19:46:09,2018-02-09 00:00:00
7fbcbe13cc35fceecf99aa3e64d9dea1,c87a3e3cac9c471b4c16f296cecafcb5,shipped,2018-06-28 13:56:13,2018-06-29 02:53:11,2018-06-29 13:02:00,,2018-07-18 00:00:00
049ede3fc839758e81752a9dacd1f911,2055909723147d7d653939c0094cee34,delivered,2018-08-02 21:35:18,2018-08-03 04:35:12,2018-08-06 15:29:00,2018-08-10 14:21:32,2018-08-17 00:00:00
a455e8eb199f11350e3bd632e278366e,762d74ac3091bee9c8fdb2f9ed67edff,delivered,2017-05-30 17:45:18,2017-05-30 17:55:18,2017-06-06 11:35:15,2017-06-12 13:49:42,2017-06-29 00:00:00
752855fec9c8baf507e885780d74c273,df1fcc8ddc1c7237f4b54b44d21ffa6a,delivered,2017-06-25 12:07:00,2017-06-25 12:23:41,2017-06-26 12:02:58,2017-07-03 18:02:43,2017-07-18 00:00:00
47ccd65ae7dab553c7a8c779fe2cdea5,d16c97e2fa91a534e64f7c7348ef4716,delivered,2018-02-01 22:03:37,2018-02-03 02:53:13,2018-02-09 19:22:25,2018-02-23 23:21:47,2018-03-13 00:00:00
d6a416d3c459a6ac5053a585757bf8a3,9a01afd154aec384cf7fc7d342da66b3,delivered,2018-04-29 21:43:57,2018-05-01 05:54:36,2018-05-02 14:17:00,2018-05-08 15:46:52,2018-05-28 00:00:00
045fdf416ed4db7ae710009397448586,d71417bdc4732253d051aea71d4141b6,delivered,2018-01-12 12:04:11,2018-01-13 11:56:19,2018-01-15 22:43:08,2018-01-24 21:56:55,2018-02-08 00:00:00
17b46a3118a454c177670b24a615932e,ccd23e65470c2c930356c5d876cb9038,delivered,2018-01-31 10:07:09,2018-01-31 14:06:52,2018-02-01 17:58:43,2018-02-07 21:34:34,2018-02-22 00:00:00
43887f3ff49629a7d608220b3a832e5f,442b6109bbaf07f77ed66784a06eb7cf,delivered,2018-05-14 12:59:54,2018-05-14 13:17:19,2018-05-14 15:29:00,2018-05-25 16:56:34,2018-06-14 00:00:00
4df36fe83cf894ed979421fecd300bdf,f31e6301ab31f25b5603bb6567861c43,delivered,2018-01-06 12:43:25,2018-01-06 12:53:30,2018-01-09 14:03:50,2018-01-18 16:51:54,2018-02-08 00:00:00
95e2bf3af9b01a4c24043bac75935bda,4096f24d2935605bc5cb80c294485ea7,delivered,2017-12-19 04:11:13,2017-12-20 06:58:33,2017-12-20 23:29:50,2018-01-09 19:20:16,2018-01-18 00:00:00
5c0f9e92224d151d9d5af8d7085ff06a,e5ef9600dd86cca11e62c92b47d3c806,delivered,2018-03-14 09:59:59,2018-03-14 10:10:33,2018-03-15 00:32:29,2018-03-28 18:55:29,2018-04-03 00:00:00
0692bac30867d1bf96c14aadbff1cf17,c5db75451fbf381870054e426b6863bd,delivered,2017-09-09 22:29:01,2017-09-09 22:43:27,2017-09-11 19:05:53,2017-09-13 18:32:45,2017-09-21 00:00:00
52840e5aec363acd1243c43edd744d17,b1f49049ba31c6b6efbacbfe55193a5d,delivered,2017-09-11 17:16:47,2017-09-11 17:35:26,2017-09-12 17:07:24,2017-09-13 20:19:36,2017-10-04 00:00:00
1e445a7619ab257d5a42c1824f27b78b,afa523d8c2bacf5a27ce93803433265c,delivered,2018-03-12 16:38:57,2018-03-13 04:30:39,2018-03-14 17:13:12,2018-03-23 15:03:38,2018-04-03 00:00:00
2cfc25c768542047dde9549da3f65fa8,e621c805f6e84be0117cc09ee0187667,delivered,2018-01-08 16:54:27,2018-01-08 17:06:28,2018-01-11 00:35:48,2018-01-17 17:33:58,2018-02-06 00:00:00
3163a067949a10a752bec5cca69511b2,3c7525f121305211f94be34e3e73583e,delivered,2017-05-04 15:44:25,2017-05-04 15:55:20,2017-05-10 14:45:45,2017-05-20 11:03:36,2017-05-29 00:00:00
da0b10b78f4b4fd25b1635724889e7df,1d26d38a56e51a4def7520f3e3ad62e2,delivered,2018-07-31 18:05:51,2018-07-31 19:31:35,2018-08-01 15:35:00,2018-08-03 19:44:54,2018-08-10 00:00:00
3bc480522832a0e93da7aeced8fcd9a1,a555a5df7cab99101ffe4ee4e349519c,delivered,2018-06-07 18:25:20,2018-06-07 18:55:39,2018-06-11 08:25:00,2018-06-19 17:49:31,2018-07-05 00:00:00
fbaeee85e7af535eb8087a3caea19cb4,a46011afb86fab5c2de785a72351e8eb,delivered,2018-04-20 11:21:20,2018-04-24 18:58:26,2018-04-24 00:44:31,2018-05-03 19:26:51,2018-05-22 00:00:00
df27238d6c9c6613d769db297c4f670a,e2f929dd884e4dd08357b8588fa4d0e8,delivered,2018-02-04 17:12:36,2018-02-04 17:49:15,2018-02-06 17:42:11,2018-02-22 21:55:04,2018-03-07 00:00:00
3eaff0f1e83006a8d5ef491c01ab176a,ee6902061d6e3530d67a27fecd3155a4,delivered,2018-06-11 10:34:39,2018-06-12 05:16:46,2018-06-15 14:48:00,2018-06-22 20:46:59,2018-07-03 00:00:00
df926b7d1f6199f57548358c93ec9f39,1adb89d4cb64aba663638417c802dde1,delivered,2018-02-12 11:38:27,2018-02-12 11:50:35,2018-02-14 18:38:22,2018-02-22 22:04:07,2018-03-06 00:00:00
f7a8fae2d2d1ed95f1413db630a42dbe,ccc7253294c7fddf43348badad1f59ff,delivered,2018-02-21 11:30:10,2018-02-22 11:15:43,2018-02-22 23:22:48,2018-03-01 17:51:57,2018-03-21 00:00:00
0771233ce445ab49cb2542af0243618e,052c33d5b6909c0fe63290cb7bd7c08a,delivered,2017-09-06 07:52:36,2017-09-07 02:50:36,2017-09-08 16:03:14,2017-09-15 18:49:53,2017-09-25 00:00:00
f56822cb69b5f9cb9f0737b59b0f0f1a,f7e5d9363dc24c0f4114f075ac29ce23,delivered,2017-08-12 15:11:47,2017-08-12 15:23:55,2017-08-15 10:08:59,2017-08-28 20:06:49,2017-09-12 00:00:00
55adc5cef9556477770f0b858669f8fc,914da1312815b7c40998d118f56fd88f,delivered,2017-03-17 11:15:39,2017-03-17 11:15:39,2017-03-20 11:52:33,2017-03-23 16:03:51,2017-04-05 00:00:00
3e351fbdb9c27ebe3c34cb15c40b7e22,5d60e47937b311b715b33345bbe60f9c,delivered,2018-06-14 23:12:11,2018-06-14 23:36:31,2018-06-25 15:22:00,2018-06-28 18:14:34,2018-07-17 00:00:00
8101f323f454f972d5f4773094d2c5e4,bfb44779e5b5ee756b6de1b584d9be6a,delivered,2018-08-05 00:20:48,2018-08-05 00:35:21,2018-08-06 09:36:00,2018-08-10 17:36:32,2018-08-17 00:00:00
683076b91bcaf79259334f6aa80d41a3,58cd1c5b5fc40c1bc3448b6bae54f34b,delivered,2017-02-07 11:32:53,2017-02-09 02:43:17,2017-02-10 07:07:57,2017-02-13 11:09:14,2017-03-10 00:00:00
d17f79a0c6b2490418043617c463b463,aab0c220cbae3c04a5903911a2f30cdc,delivered,2017-05-22 19:57:24,2017-05-23 04:10:29,2017-05-26 13:08:27,2017-06-11 07:46:52,2017-06-27 00:00:00
fcb3eb19055137fc22ca9a5d695345fb,0613eb97dafde61a79ed8a648c31faa9,delivered,2018-01-27 19:46:44,2018-01-27 19:58:26,2018-02-01 19:34:49,2018-02-14 13:13:46,2018-02-23 00:00:00
44a03ff139461361ec4cce7949663c2f,d1bfcf16e4d5966d1892538e5b3d7c1d,delivered,2018-05-23 16:58:37,2018-05-23 17:16:46,2018-05-25 11:13:00,2018-06-04 12:14:43,2018-06-08 00:00:00
7f863d2b8f093124a65f45eff9c43557,9ce2bcfc15a05e2bd7494d7d9c5c350f,delivered,2018-04-28 12:14:00,2018-04-28 18:30:15,2018-05-02 15:25:00,2018-05-10 20:33:06,2018-05-24 00:00:00
5b43fbc291ca14497fcffc16d301365e,b60caf0e1a1297d235e433450bdd7551,delivered,2018-06-02 15:26:28,2018-06-02 15:49:57,2018-06-05 08:53:00,2018-06-18 16:46:38,2018-07-19 00:00:00
07e43f12d5d3bd569e03916b9482a8d5,872f27f2b440662abc43503889206577,delivered,2017-08-04 10:33:07,2017-08-05 03:05:33,2017-08-07 19:37:45,2017-08-15 17:55:54,2017-08-31 00:00:00
cf69c61e309f7c7163a98e963e17c4cd,db3020f67ef58435946426b4c21c2979,delivered,2018-03-10 10:52:46,2018-03-10 11:08:30,2018-03-12 20:36:48,2018-04-03 18:52:03,2018-04-12 00:00:00
a28d6ebc71da0f55466984fa05e6c236,30b7ba1bf06312a633cc4c6bb56c60ca,delivered,2018-01-22 19:26:34,2018-01-22 19:38:25,2018-01-26 13:45:59,2018-01-30 23:25:05,2018-02-06 00:00:00
dc2e682924e6b1dcd20240a5a45f4b8b,918727941e109f15a4e8f28c64431f78,delivered,2018-06-10 12:42:00,2018-06-10 12:57:15,2018-06-11 14:17:00,2018-06-14 11:03:35,2018-07-11 00:00:00
d43fdae293f477cfaa36000252f3973f,c6cdda931e94d2a4136ea836c96e43f1,delivered,2018-05-06 08:59:22,2018-05-06 09:10:21,2018-05-07 12:19:00,2018-05-17 21:46:29,2018-05-28 00:00:00
f192c53f0f7a62873a327def931c1b55,c1b625a759273b6c252e40b7a117960b,delivered,2018-08-11 12:27:01,2018-08-11 12:35:13,2018-08-17 14:55:00,2018-08-21 18:41:40,2018-08-22 00:00:00
6508ccfd77b6c1684614de32ac787f21,db2d820c9ef5fb3bda68d9bd203c807e,delivered,2018-07-24 10:17:12,2018-07-24 11:41:14,2018-07-25 13:48:00,2018-07-31 00:46:51,2018-08-10 00:00:00
64158e0be1de0bb467aec3c8d1e25df1,bed17f0bde69137777be0819befbb612,delivered,2018-07-24 11:14:46,2018-07-24 11:44:57,2018-07-25 15:12:00,2018-07-26 12:59:40,2018-08-06 00:00:00
c6b0f4a5ccf598922d592d8c56c044b7,763c1c6bf0c0a0f2412923201495f1d9,delivered,2018-01-14 19:07:42,2018-01-14 19:29:04,2018-01-15 17:28:29,2018-02-11 19:25:06,2018-02-14 00:00:00
34f5e7728f7a0a1040c1aa8ab1c00221,48b40869330ad39940aaf08c92cc62e5,delivered,2018-05-07 01:30:48,2018-05-07 16:15:38,2018-05-08 14:57:00,2018-05-14 16:45:30,2018-05-23 00:00:00
9dc2f5ffe1031614a3db70c07d9bd36c,b9da8d7c15ee88614c923e2c23313166,delivered,2017-09-21 12:19:09,2017-09-22 05:34:12,2017-09-22 18:23:40,2017-09-28 23:54:41,2017-10-13 00:00:00
74724c047f64b3d301607c9dd8a7c87a,22e705013ce57bb25af4ab3756fc899f,delivered,2018-01-23 17:15:12,2018-01-23 18:07:16,2018-01-24 16:58:29,2018-01-31 18:41:36,2018-02-15 00:00:00
71269bfaff77cbd93b48e1dc0f548f69,ff6f39a2a4be2c5fe2e1f334a984361c,delivered,2017-03-06 11:23:04,2017-03-06 11:35:20,2017-03-06 13:00:21,2017-03-08 16:23:05,2017-03-27 00:00:00
a6a86704788e36ef1729c8c2b45453da,f1f94db9bb5d498e004847fe363562f2,delivered,2018-01-12 15:57:06,2018-01-12 16:09:03,2018-01-16 22:06:52,2018-01-29 17:47:45,2018-02-09 00:00:00
c5f4d1c5cbf9d72770da8631e122d7a4,71b23f1e1dc7d82ee535b44411eb4482,delivered,2017-12-20 13:03:33,2017-12-20 13:16:31,2017-12-21 20:32:55,2018-01-08 16:48:54,2018-01-18 00:00:00
8dacfc5954004dce6e6ab017ca65c5e0,80fea01f7df39bd74716fec615b69f97,delivered,2017-08-06 09:19:04,2017-08-06 09:30:15,2017-08-07 20:18:41,2017-08-18 18:43:08,2017-08-29 00:00:00
2d1d5777f29a8ee6593cf90b85afb5b6,e005b68469dd892804952168469745b5,delivered,2017-08-01 22:31:01,2017-08-01 22:45:13,2017-08-02 18:52:58,2017-08-09 17:17:39,2017-08-21 00:00:00
42d03e2a1dc9ce4e956fab39eea3af92,9c4b601233d84cc6aac5d678e71ed985,delivered,2018-02-20 14:22:02,2018-02-20 14:30:53,2018-02-21 21:09:18,2018-02-22 21:34:07,2018-03-07 00:00:00
8fdfac1873ed12a59bade4688f35bb4a,0d8a779ea87f170ccfcd688069cd1ad6,delivered,2017-06-03 18:40:55,2017-06-03 18:55:18,2017-06-06 11:34:30,2017-06-12 13:54:42,2017-06-26 00:00:00
c1ff65479834ffeb424c5a78cd65ce4c,84c17812858f1155ffcb307ef1ece533,delivered,2018-04-27 13:36:40,2018-05-01 05:32:23,2018-05-03 14:43:00,2018-05-10 20:47:06,2018-05-28 00:00:00
a91719c33cb682b0e23e021e99e98c94,18c5639b9d801701c53452afdc9d93c4,delivered,2017-11-06 20:40:57,2017-11-07 04:31:55,2017-11-07 19:09:17,2017-11-20 17:34:28,2017-12-05 00:00:00
58e8270bb23a598a7a351d4fc3a211a4,ff3fe3b5d1013960feb8306734a10ee0,delivered,2017-08-27 18:08:20,2017-08-27 18:24:34,2017-08-29 19:10:51,2017-09-06 18:55:04,2017-09-14 00:00:00
bba25df31ab586c63517d9d4c8cd1773,727f9524abf7f4f06689821203926d36,delivered,2018-05-07 17:20:46,2018-05-07 18:10:17,2018-05-08 12:31:00,2018-05-11 17:38:40,2018-06-01 00:00:00
1bc46be43c32864d082f8b9677702e7c,84c43602a6a9a5db29c1f2b9087d803a,shipped,2017-06-19 17:33:27,2017-06-19 17:43:10,2017-06-20 14:54:20,,2017-07-19 00:00:00
d7b749382b06fe2551235b118a962dfa,2853fd4b314b078f6a16bf500bcb1a0c,delivered,2017-03-11 18:46:30,2017-03-11 18:46:30,2017-03-17 06:57:41,2017-03-23 10:34:33,2017-04-13 00:00:00
89de41fe841ea70c375e551ad85ecfb6,1ce01b4208f3a8fafc6f8aa0f413189a,delivered,2017-08-12 11:43:08,2017-08-12 11:55:22,2017-08-16 18:27:40,2017-08-21 20:42:38,2017-09-01 00:00:00
2d2eb6ad8cd92fe5705aa4866685cb95,6b52695c8fb83963bf7eb5309f181f63,delivered,2017-09-16 12:09:42,2017-09-16 12:24:22,2017-09-18 18:37:26,2017-09-25 19:07:54,2017-10-04 00:00:00
b22c78b69eebbbdadbf68f2111cd89a3,96494f58e7e2dd03fbd4b95a88cde868,delivered,2017-08-17 13:49:02,2017-08-18 02:24:48,2017-08-21 18:22:20,2017-08-30 18:24:08,2017-09-21 00:00:00
71faacf7cbbbe99af405624f55e3bfca,151b3e542a42b9d5600518a7ba6e65db,delivered,2018-05-21 17:20:54,2018-05-21 17:56:38,2018-05-22 12:44:00,2018-06-09 14:42:17,2018-06-11 00:00:00
a46944cf9b2c78431a4619ef5f308ab8,c0d8087ca82251a651b555a131b87e5a,delivered,2017-07-05 17:19:21,2017-07-05 17:43:55,2017-07-07 20:08:01,2017-07-12 19:34:45,2017-07-25 00:00:00
2285d8448d2a9e6ff6bf3abac605403f,9922c0024122d399a1459072a40f8b44,delivered,2017-12-22 00:37:14,2017-12-22 00:49:46,2017-12-22 19:30:05,2017-12-26 15:39:16,2018-01-15 00:00:00
caff70858dc0e5db4df2f19364a9fc11,8f152ab386c3648b3b9efa3415f8e556,delivered,2018-02-27 22:26:24,2018-03-01 02:50:41,2018-03-05 20:21:42,2018-03-06 21:47:27,2018-03-16 00:00:00
3edd1b04b1ee7569080c9e234c2b029f,0211481bc6a8abb8fb636b2309bb9931,delivered,2017-09-24 09:31:11,2017-09-24 09:45:37,2017-09-27 21:44:42,2017-10-05 22:09:01,2017-10-20 00:00:00
a97c9b194a026ac3e75726c485f6e8ea,5f6db5c31f125910e26554612988efe4,delivered,2017-12-15 16:07:25,2017-12-15 17:01:07,2017-12-19 15:47:39,2017-12-27 20:16:30,2018-01-10 00:00:00
d190a1321e28067fd7f99cb4d115423b,6ffc5c7db076d4d7d9fb93aa62993bf5,delivered,2017-05-01 17:05:20,2017-05-04 09:25:19,2017-05-05 12:06:58,2017-05-17 15:38:04,2017-06-05 00:00:00
85a22eb264ad44ff56c4955a66876fed,df45454de710054424258d3bc3f2ff63,unavailable,2017-11-20 16:10:58,2017-11-20 16:26:41,,,2017-12-07 00:00:00
d8fa73e826d6e93ef59e9ebb19e2c08a,10aa4c249898134fd7c8ba29afbb2962,delivered,2018-05-17 07:22:36,2018-05-18 04:35:54,2018-05-18 16:43:00,2018-06-04 17:48:39,2018-06-11 00:00:00
8ee4362f8dfc794ac7cb9b309b4a87b3,b3c9b5795c9e172c44c29fbb63f750d8,delivered,2017-08-26 08:06:34,2017-08-26 08:15:09,2017-08-29 20:22:38,2017-09-09 14:27:39,2017-09-22 00:00:00
52cf0431b5bb17dae2f92c5af5595364,3fbb7a2e73ed30c7d92872ab35c85baf,delivered,2018-05-16 13:53:41,2018-05-16 15:17:52,2018-05-17 14:30:00,2018-05-23 19:45:47,2018-06-08 00:00:00
2d13edfc9500d7a00b30da501d70359b,e39f3f1c4dc9767ecf8cd186a683101c,delivered,2018-05-31 12:48:26,2018-05-31 12:55:18,2018-06-01 14:28:00,2018-06-04 21:35:54,2018-06-29 00:00:00
31a6e6b641b0dca2cf22882e91c1f460,cc9fb91092c9fd03600710b91596b684,delivered,2017-12-16 11:47:20,2017-12-16 11:55:27,2017-12-18 21:42:07,2017-12-27 17:52:45,2018-01-16 00:00:00
56ba89857b4e6eb192108f310a81163b,4e69a1799278deb1af1d206568b92f76,delivered,2018-06-01 22:49:13,2018-06-01 23:11:50,2018-06-15 11:17:00,2018-06-27 12:46:32,2018-07-19 00:00:00
a1a6eadae352582010f449d8527b55f3,3414a9c813e3ca02504b8be8b2deb27f,delivered,2018-08-18 12:39:19,2018-08-18 12:50:37,2018-08-20 14:43:00,2018-08-24 17:26:42,2018-09-03 00:00:00
453a132be6c4bc81afa3196c3851a133,4cbb11e8a2cf58fff3c83cdb8dd8422c,delivered,2018-04-20 08:17:30,2018-04-20 08:32:14,2018-04-24 14:52:10,2018-05-02 17:07:31,2018-05-25 00:00:00
d787107ccedb2db436f0d2fd57e17182,2f51c2a7bfe1412f583bf0eea4375a80,delivered,2018-02-05 13:08:49,2018-02-05 13:30:35,2018-02-07 17:38:39,2018-02-14 22:43:08,2018-03-01 00:00:00
9b14f66fe74131735be03b9f68dea3b2,5ad8b0b80efc45a52eceb54775c616fc,delivered,2017-12-15 12:38:11,2017-12-15 12:51:56,2017-12-19 23:21:56,2017-12-28 23:25:02,2018-01-10 00:00:00
f7a9caa19de0afd0f1630781165c0597,997c0198fd57c64bf4d9126c367b36e1,delivered,2018-03-02 22:56:31,2018-03-06 04:30:55,2018-03-07 00:54:40,2018-03-25 11:08:28,2018-03-26 00:00:00
90c2eda21ac12f7fb2e6fe3db2b81def,aa71b21388b99444414a772acde9f6aa,delivered,2017-09-18 13:58:03,2017-09-19 03:34:08,2017-09-20 17:55:25,2017-09-22 03:05:00,2017-10-04 00:00:00
d58df2b69a85b0c716f8eee6e0445177,e6c859f61d1b6126578a465822821f42,delivered,2018-04-23 10:07:14,2018-04-24 18:39:28,2018-04-26 14:48:00,2018-05-02 22:13:00,2018-05-11 00:00:00
e6e7ffc09203a472e7a298a12281363d,d8ab740fe38e02bd367a4e783b316f1a,delivered,2017-10-11 19:31:22,2017-10-14 03:46:12,2017-10-16 22:58:42,2017-10-24 18:22:31,2017-11-06 00:00:00
dacc7a1d6edca844b4f0f6cf124b4f24,3b8faa7c46f66ef0ffb635716139e4bf,delivered,2018-08-11 16:02:08,2018-08-11 16:40:05,2018-08-17 08:40:00,2018-08-24 17:18:52,2018-09-10 00:00:00
00975e709cd12c34d3bd44e4a7f7a876,3c52d94017a3d96915999f30cf42a9ce,delivered,2017-08-21 12:54:37,2017-08-21 13:05:16,2017-08-21 19:07:09,2017-08-23 23:04:17,2017-09-06 00:00:00
3578f604ba267d1491f68d8f929dbf28,24f0ff8f458c6b9f0f8222b516699b9c,delivered,2017-02-07 20:58:44,2017-02-09 02:45:18,2017-02-10 13:52:33,2017-02-21 13:18:29,2017-03-08 00:00:00
aa4abf7d0cd6e030f20d847400ccd459,afa09f08d68def77389c41a8685c22b6,delivered,2017-05-27 10:50:31,2017-05-30 04:25:31,2017-05-31 15:47:22,2017-06-14 11:33:54,2017-06-21 00:00:00
1a246d78fa3f7c563a0b27ea0b1639bc,b757d2bd2f607d861b8759e69e100c92,delivered,2018-07-25 18:23:07,2018-07-25 18:35:26,2018-07-26 17:27:00,2018-08-08 19:24:51,2018-08-14 00:00:00
b50dd584b57f884ca278422e0607f7d3,4e6d327fc8ec2d02d0973f3c579a690c,delivered,2018-08-20 14:19:56,2018-08-20 17:00:08,2018-08-21 13:19:00,2018-08-24 23:17:18,2018-08-24 00:00:00
f2a9a390ab5775c0fddbb8e49ae95614,78f2dde0b75935b85e0d45ba45ff23cd,delivered,2018-05-22 20:14:54,2018-05-22 20:37:11,2018-05-25 06:30:00,2018-05-25 16:38:23,2018-05-30 00:00:00
ff3cf519c35d0a3c371c62b507838a45,9f6c0972750903c3faaa17aa77b9b328,delivered,2018-05-11 21:32:26,2018-05-14 08:13:57,2018-05-16 08:54:00,2018-05-25 20:34:30,2018-06-07 00:00:00
bab4bb6e7aecc6eb7e4f1ef01d67a4cf,53223b96072a85f8f0d300f7ccd3a764,delivered,2018-03-20 14:25:32,2018-03-20 14:49:21,2018-03-23 23:50:20,2018-04-04 15:29:09,2018-04-13 00:00:00
54c5976111a966ff8a2224dd242cd07a,195ca01e41b6510dd66cadfd844b5016,delivered,2018-07-15 21:12:17,2018-07-15 21:25:13,2018-07-16 09:34:00,2018-07-24 01:03:46,2018-08-07 00:00:00
a15616fe830c593a7ee849e4d2f0d023,a3d6cee47d0c4d8bb00e71fd4ef392fd,delivered,2018-07-26 20:37:44,2018-07-26 21:10:14,2018-07-27 15:36:00,2018-07-31 20:04:31,2018-08-13 00:00:00
02737086e020bd456ae19e98fee5c186,f3576e2845514e8c7a3a89fd7691c745,delivered,2018-01-17 18:06:57,2018-01-17 18:17:40,2018-01-18 23:59:06,2018-01-26 01:09:15,2018-02-07 00:00:00
85f264b7facc04c8e6a719c30eb273bd,9bd73a761be2687367ee5276e14254de,delivered,2018-05-04 06:35:42,2018-05-04 07:22:05,2018-05-04 13:56:00,2018-05-10 13:16:52,2018-05-25 00:00:00
193a665b822ac18f6b67b7705da3d66c,55840ff4caf1d80ac296d0b1ac968b53,delivered,2018-05-14 10:49:41,2018-05-14 11:14:19,2018-05-16 10:54:00,2018-05-17 21:46:54,2018-05-24 00:00:00
374fd048ff590c1059eb5d4fe2d892b4,51114600137b7c46ab0384b834206dd1,delivered,2018-07-13 03:06:42,2018-07-13 03:15:12,2018-07-24 16:07:00,2018-07-27 19:31:49,2018-08-07 00:00:00
d9f085069cebe18379f8a966f47e4cbe,1226271a46eb0334b4392f591183ba3a,delivered,2017-07-11 20:56:25,2017-07-11 21:36:01,2017-07-12 15:27:49,2017-07-19 19:03:15,2017-08-04 00:00:00
d6bd807af8d3eb49c318aa5b683c909b,e9342c1b3013083c0c5cff90aaf5a6b5,delivered,2017-06-03 07:51:09,2017-06-06 13:42:49,2017-06-08 18:34:02,2017-06-19 20:07:43,2017-07-04 00:00:00
deefddf2c3d015db84f7769915719aae,cdb73227ac752016ce1964a9a6a4fa1b,delivered,2018-01-30 08:44:46,2018-01-31 13:31:31,2018-02-02 17:19:15,2018-02-06 00:42:02,2018-02-22 00:00:00
0daa8301819941dd352fe651f9fa70d5,da437ccfd018a010d1fb766b073c759c,delivered,2018-04-04 09:12:01,2018-04-04 09:31:05,2018-04-10 19:49:28,2018-04-12 20:39:27,2018-04-16 00:00:00
0cce12b5e68a55914cd38b40985f7262,3e0c0674e2aa2cd249bc32ec8e472d00,delivered,2018-01-20 20:48:14,2018-01-23 03:37:51,2018-01-23 14:33:19,2018-02-09 15:42:35,2018-02-15 00:00:00
26cc9c222792e6af792575ab34ee3ecc,21bdba219d8d2f0f3795d2d97d8e30d4,delivered,2018-02-08 19:10:12,2018-02-08 19:32:18,2018-02-09 19:28:46,2018-02-20 21:03:57,2018-03-05 00:00:00
80b2fb2d49f96b2a3ee411ede91361e2,3eefe54afc9d6d5fc569afcc3c28e772,delivered,2018-03-27 10:17:32,2018-03-27 10:30:10,2018-03-27 23:48:28,2018-04-04 22:41:38,2018-04-13 00:00:00
c7e3603d9e577642558373a0e3eed860,89b1ffdb00006a577a58f690c18dca71,delivered,2018-02-09 19:55:27,2018-02-09 20:08:00,2018-02-15 18:51:44,2018-03-03 00:28:44,2018-04-19 00:00:00
6ea09ab8953f7fda1f69d387c9d252eb,c987e146e9ddc50d5be6f82f8b6689c0,delivered,2018-08-11 18:44:21,2018-08-11 18:55:14,2018-08-13 16:13:00,2018-08-15 00:18:26,2018-08-22 00:00:00
d2b401a47dcec4ec39bc080b7154cd39,78ce1d88d4e725232f330abfa2dda705,delivered,2018-08-13 00:26:53,2018-08-14 04:55:32,2018-08-14 12:55:00,2018-08-20 14:04:19,2018-09-10 00:00:00
e70ea1b2475bd2acbff5e2f7f8968ca8,cdb44232ca3c9151d9d4d20dda6c619f,delivered,2017-03-20 12:26:01,2017-03-20 12:26:01,2017-03-27 10:44:01,2017-04-07 15:23:42,2017-04-27 00:00:00
8b7a61a879cebe21bfa6412e5f731e13,5bdf54932035a8b70e210bb6b3097153,delivered,2017-11-29 08:26:09,2017-11-29 08:35:28,2017-11-29 20:25:00,2017-12-08 22:39:41,2017-12-26 00:00:00
1a49eefb9e76ce92c81ef0dde4a431ff,80f9045398977e9bc6a03fc765f4d95c,delivered,2018-03-19 22:34:12,2018-03-19 22:48:22,2018-03-20 21:08:34,2018-04-18 20:38:24,2018-04-06 00:00:00
c5d4823acfd714b139d9a100c0234122,c469d5b6ae3c2c61e9936a9ec05f21dc,delivered,2017-08-05 12:33:44,2017-08-05 12:50:14,2017-08-09 20:53:56,2017-08-15 14:05:33,2017-08-25 00:00:00
153a0c506e50c26d2279e2ba4187f892,3ea58b15fb3cf6875782305b2492fd4a,delivered,2018-01-01 22:37:33,2018-01-01 22:46:28,2018-01-02 19:29:14,2018-01-05 17:27:46,2018-01-24 00:00:00
20e6ee55f4ed8d49e64540668547a14e,7e1cc7ea671a5c655c0ed5f06c897f95,delivered,2017-12-31 16:56:09,2017-12-31 17:07:39,2018-01-02 18:13:13,2018-01-04 21:28:04,2018-01-18 00:00:00
f398a143c0fe171d965db2096cf064cf,46bb3c0b1a65c8399d0363cefbcc4f37,delivered,2017-12-17 09:15:37,2017-12-17 09:30:27,2017-12-20 22:28:45,2017-12-23 12:50:01,2018-01-08 00:00:00
0497899302217e8f8ea8645ac33c1882,aad20e68b92b9d5989bb98698bec41d1,delivered,2017-02-07 11:21:12,2017-02-07 11:30:17,2017-02-07 14:38:37,2017-02-16 07:59:59,2017-03-15 00:00:00
8192fd7211b9eac71752e6c23361a422,40a1ece1a7f2ce41d20c9dc0e3125725,delivered,2018-04-24 11:16:29,2018-04-24 18:55:22,2018-04-25 11:13:00,2018-04-27 00:35:09,2018-06-05 00:00:00
3c50df1d72d2138948a5e64fbc4a2b9b,d43e9219fb6746cf271e4be039f75ca0,delivered,2017-07-28 15:54:41,2017-07-28 16:10:07,2017-08-01 18:29:43,2017-08-08 20:03:53,2017-08-21 00:00:00
f000585cce3f9d5edce0692f7e18bfda,77b5832eda477c951c0f2b13998ddfa2,shipped,2017-10-04 14:14:10,2017-10-06 02:14:39,2017-10-09 21:44:38,,2017-10-31 00:00:00
15e12d9cfb0958b1edd456f8ff11fcc8,45e541f36bb1209909900413545c9a82,delivered,2018-03-04 13:10:50,2018-03-06 03:51:11,2018-03-07 19:43:11,2018-04-13 22:36:36,2018-04-03 00:00:00
1c03b97f7acb4f04662663e0d1b58e17,3aaca6ae62be8d951cfcdeaacafbe32f,delivered,2017-06-02 10:20:51,2017-06-06 13:15:27,2017-06-07 12:58:34,2017-06-14 15:39:25,2017-07-05 00:00:00
37106a52065add00bf3e59408c290323,11cdfd80e0dc15257ad8671e2736bedc,delivered,2017-11-23 14:41:57,2017-11-25 03:51:33,2017-11-27 17:34:24,2017-12-05 20:04:34,2017-12-15 00:00:00
cc3c4543672fb8402491897f7ad1af33,375d01fe401c4c2f0bd0b34830e7deec,delivered,2018-02-14 16:03:54,2018-02-14 16:35:31,2018-02-19 11:36:57,2018-03-08 13:41:58,2018-03-15 00:00:00
4f4895a14aa8c28dd6c67b1ca830225b,91254b187a06b9ebccc739ecc271c5d2,delivered,2018-04-16 09:34:29,2018-04-17 05:35:25,2018-04-17 21:36:39,2018-04-24 12:18:59,2018-05-14 00:00:00
68799c633625dc15caa0419e5a64195b,055015dc0487744694f4c9baed2afcb0,delivered,2018-06-11 16:17:06,2018-06-11 17:01:32,2018-06-12 15:13:00,2018-06-13 20:24:26,2018-06-20 00:00:00
cd746016263cf0a8ac68de73ee79506d,9408e45694a5a6097fadf09ebdc5e4bf,delivered,2017-05-20 18:38:05,2017-05-20 18:50:15,2017-05-24 09:03:15,2017-05-31 09:13:52,2017-06-13 00:00:00
78d80f8efd220a6a3b81a6cd1b9737e1,c1e439f12090715374b4bde3535937fe,delivered,2017-12-01 10:45:24,2017-12-01 11:31:54,2017-12-01 21:13:13,2017-12-06 18:34:03,2017-12-27 00:00:00
85feadc22f532c19478ba1b613a1f40a,d42f9f5f246e48d21bbde0765ca3640a,delivered,2018-01-17 18:54:36,2018-01-17 19:10:35,2018-01-19 15:44:18,2018-02-21 00:39:10,2018-02-14 00:00:00
73e934755292def8b6519b03f2230723,bd8e2c85ac6c8810b119d2dd90c54ce5,delivered,2017-01-26 17:48:22,2017-01-26 18:02:35,2017-01-30 11:07:50,2017-02-07 11:59:03,2017-02-22 00:00:00
fb8bdcd57010a0af8738fad1e866b8b9,62d3febe33264f1fde72007055f55035,delivered,2018-04-16 17:46:55,2018-04-16 19:11:42,2018-04-23 21:42:29,2018-05-17 12:26:42,2018-05-29 00:00:00
ef8ee5371febd49cde65b62e068a9019,536ab83be11994431d8e0686d65e481f,delivered,2017-02-18 13:45:19,2017-02-18 13:55:20,2017-02-20 13:38:38,2017-03-01 14:32:51,2017-03-17 00:00:00
07f56da421233e467768e579872a0a9b,15570f9541efe0202b897116ca6a4cf7,delivered,2018-06-25 17:08:24,2018-06-25 17:34:08,2018-06-27 06:22:00,2018-06-28 17:56:52,2018-07-05 00:00:00
5e757e6bf8a635c569659cd7288c8039,c65f4e5152d584b4fafbcf07c48b2249,delivered,2017-05-01 18:45:32,2017-05-01 18:55:09,2017-05-02 14:57:58,2017-05-10 09:08:46,2017-05-25 00:00:00
6a2d88acf5b1cffdfb3f75cd47fe3120,6c6f5c3edaf3b9c7aa79c83bc6a110ab,delivered,2018-03-28 09:58:06,2018-03-28 10:10:24,2018-03-29 18:38:40,2018-04-02 17:46:48,2018-04-16 00:00:00
1fc1e40116f5b3b7db1ffc31ab5b63a2,158bf151ca9afed1f0aa1a67c82ce21a,delivered,2018-04-17 20:59:24,2018-04-17 21:10:17,2018-04-19 18:03:41,2018-04-23 16:44:40,2018-05-09 00:00:00
ee81bf903abef1ac470e75d14fd15165,cc32c81557f90ab4b2752af60f5d3b2a,delivered,2018-04-11 16:18:30,2018-04-12 04:49:48,2018-04-12 23:06:44,2018-04-20 21:48:51,2018-05-07 00:00:00
ee4558aeeba185bcd979ed46022947ff,314ec9cbe156ddd9cdaa1a9bf021e00e,delivered,2018-02-27 10:13:20,2018-02-27 10:30:31,2018-02-28 22:53:07,2018-03-08 20:18:26,2018-03-26 00:00:00
2b7715df43e5e353fabf1846cde8529b,9c510396420e45e8d5c5023cc2e73ce5,delivered,2018-07-24 08:44:48,2018-07-24 11:40:44,2018-07-25 12:06:00,2018-07-31 15:21:52,2018-08-13 00:00:00
0edf80f575c9d85881267c428cbbd208,5af819b263187f95d7ee76f77d708385,delivered,2018-06-12 01:05:19,2018-06-12 01:16:26,2018-06-13 12:27:00,2018-06-15 22:42:38,2018-06-29 00:00:00
47852cb7df51fcfcdcf3f3f9969ac1b9,9eadd7c343bcf2da0b502394690fba4f,delivered,2018-07-04 15:45:43,2018-07-05 16:21:08,2018-07-06 11:13:00,2018-07-12 20:12:41,2018-08-02 00:00:00
09d1a6d95af99a860b37ed53fc9a3c2d,02328f102511a876aa72a31e2a80ec3d,delivered,2017-08-23 20:42:54,2017-08-23 20:55:20,2017-08-24 18:26:14,2017-09-04 22:35:48,2017-09-15 00:00:00
f68394e0df67be098e9ed2a84109e7d7,0c3c9fbd68d650006c7eef90d8d1f37c,delivered,2018-02-09 19:55:20,2018-02-15 03:47:49,2018-02-15 20:21:43,2018-03-01 01:36:33,2018-03-13 00:00:00
7ebc6754bb5e6f1cfafe6b2c9bb6df44,446534e8b38119df4034af2e076abee6,delivered,2017-07-20 16:24:22,2017-07-20 16:35:15,2017-07-21 20:46:36,2017-07-26 01:42:01,2017-08-09 00:00:00
0a5d7e24850c68bf00d39bd62a9a45ee,cb544b0c548dbf3e9e52914472d56415,delivered,2016-10-09 11:43:43,2016-10-10 00:23:10,2016-10-21 18:02:19,2016-10-28 06:07:44,2016-12-06 00:00:00
2430a52e925b011feffa73dfd2426bf3,3d2c3478608217386eca4c88aef351e7,delivered,2018-06-08 15:36:12,2018-06-08 19:31:04,2018-06-11 09:05:00,2018-06-12 20:02:43,2018-06-19 00:00:00
6da03ff3a2192306afabb2c8afb92c5b,196568a17e905501e428b29ca61042cf,delivered,2017-08-14 14:38:17,2017-08-14 14:55:14,2017-08-17 23:57:32,2017-08-24 17:23:35,2017-09-20 00:00:00
d0953216646b79a1457c04739e8414e5,f74348cae67c2823481c835244740cc1,delivered,2017-10-02 22:20:36,2017-10-02 22:36:08,2017-10-04 20:48:00,2017-10-16 18:38:32,2017-10-27 00:00:00
4590ff46dd75f5b7ca1c5a8a3f1b1b5f,403d0f281c358682cc8cfca17c2e71b4,delivered,2018-08-09 10:31:45,2018-08-09 10:55:20,2018-08-10 14:03:00,2018-08-20 23:33:15,2018-09-11 00:00:00
a2ad11ea44d93d936c3189c9975fe062,3b54d85abc4690d0817b7b18ef469fc4,delivered,2017-12-11 09:46:54,2017-12-11 09:56:27,2017-12-11 18:56:50,2017-12-13 21:54:57,2018-01-02 00:00:00
d44bd377d793dc513e7cc2bdcd42488c,0346ede17045f279840b35cecd360d14,delivered,2018-08-23 19:18:28,2018-08-25 02:35:10,2018-08-27 08:31:00,2018-08-28 14:17:35,2018-08-30 00:00:00
51402937e32c2e11f7aa13d58d0054f1,51b68bdfa70c047b4402d6fc01ba0684,delivered,2018-05-29 19:19:30,2018-05-29 19:32:29,2018-05-30 14:46:00,2018-06-13 19:12:15,2018-07-05 00:00:00
d16387aa75d92aec2dbfa45f9510ec65,1cce0f61f764cf083b928811b1f2bc79,delivered,2017-10-22 16:07:39,2017-10-22 16:21:18,2017-10-24 19:33:37,2017-11-03 16:47:54,2017-11-03 00:00:00
497260b9290b6023e122bda1f4cd1ae6,d03e13d3a1562bf25d0b7ad61426367e,delivered,2017-12-04 12:01:42,2017-12-06 02:39:38,2017-12-12 22:33:55,2017-12-17 16:47:41,2017-12-27 00:00:00
75d356a1c924fad59ba5ed142004e9de,340abbdbf0c270cc10f99d9f6c98864a,delivered,2017-08-24 10:31:22,2017-08-24 10:45:17,2017-08-25 20:08:01,2017-08-30 22:10:35,2017-09-06 00:00:00
38ae2c787170fca619140d46981c5158,4b8bffa8c2d5fb599fac128155e3bb3a,delivered,2018-04-06 09:11:48,2018-04-06 09:29:47,2018-04-07 01:26:25,2018-04-12 19:32:35,2018-04-30 00:00:00
ec4dff0b0f8bbfa9e39d5e176f4e5a35,995ff88564ad4b448082f8b9e7d9af68,delivered,2017-05-16 22:41:52,2017-05-17 16:45:18,2017-05-22 07:16:47,2017-06-02 19:03:54,2017-06-07 00:00:00
519440577b644a6822242fe9f13b31e8,2219093050ca810c4027771b505f15fd,delivered,2018-08-06 17:29:39,2018-08-06 17:44:36,2018-08-07 22:21:00,2018-08-08 21:12:27,2018-08-09 00:00:00
18ad70ae2189f1e18a644ab94300c46f,9c53c2a649b93665d44f6e1ab072c987,delivered,2018-02-07 15:45:30,2018-02-08 07:49:46,2018-02-08 16:28:51,2018-02-10 13:08:57,2018-03-13 00:00:00
9c3225a3efe9fb83ea06492acb99d42c,a3841b3e4a14793967fb8b112db2c81e,delivered,2018-08-07 15:38:33,2018-08-07 15:50:19,2018-08-21 05:35:00,2018-08-27 17:31:37,2018-08-23 00:00:00
923cf1bc71993b447259c9e8bf54eb07,ff03c28afb14c93650bf591cb49fe327,delivered,2018-03-01 14:20:46,2018-03-01 15:15:43,2018-03-12 16:38:51,2018-03-20 20:02:42,2018-04-04 00:00:00
69051fe25e4f0ea3d9526680434bb1e9,e25ad70eebc7d2690049c448e2fae941,delivered,2018-06-24 13:48:21,2018-06-24 17:18:17,2018-06-25 13:34:00,2018-06-30 15:26:46,2018-07-19 00:00:00
18c89078cd21364b7ad7f4d652e0cb84,2d86160611127e9ccc6c5e70ea08f065,shipped,2017-10-17 17:16:34,2017-10-17 17:46:06,2017-11-01 22:07:45,,2017-10-27 00:00:00
fce11c1012b2c4e62437daaf24cf96a7,a5acb5aeca07d29dc93bef57f887b1fe,delivered,2018-03-03 23:46:30,2018-03-03 23:55:31,2018-03-07 23:14:41,2018-03-26 21:52:04,2018-04-10 00:00:00
30a3bac324f40459c6d1a739bc811506,a60a9da6cce214757a5bbf389df1c45b,unavailable,2017-10-17 08:28:00,2017-10-18 03:07:55,,,2017-11-09 00:00:00
e8f71e64bed96d62e918b32878811d1e,ec65abb5dcb1d10fd068a914a1b483fb,delivered,2018-07-24 11:20:50,2018-07-24 12:00:09,2018-07-24 13:34:00,2018-07-26 19:28:30,2018-08-01 00:00:00
8311aa3b9c474639d7f344868c3fe150,ca55286eb1f92efc0b7b26632ff9645a,delivered,2018-01-03 11:18:09,2018-01-04 05:11:07,2018-01-05 19:49:03,2018-03-20 15:18:36,2018-02-02 00:00:00
ec661cf879f5ec228ac74c30cff97f58,2c795a38bf9b0a83aee5275ab97f7220,delivered,2018-08-18 21:27:42,2018-08-18 21:49:59,2018-08-21 13:53:00,2018-08-23 00:05:01,2018-08-27 00:00:00
a5286db4d5cd7fc8c7d997f24a7fe85a,ea4fea0dc5bdcf35a0117903e7b96baf,delivered,2018-05-07 08:11:15,2018-05-07 17:56:15,2018-05-08 14:03:00,2018-05-15 19:00:14,2018-06-01 00:00:00
3257d333ee8b3f21786b6270940d1fd4,cd8aebe5962e539f7dd48e3587e3cd77,unavailable,2017-02-13 17:18:58,2017-02-15 02:50:25,,,2017-03-14 00:00:00
8af354896f0ed90b19d368003ac83254,a78bda882d72b45dc7055c06df79189e,delivered,2018-05-04 18:25:42,2018-05-04 18:35:25,2018-05-08 14:30:00,2018-05-16 22:28:45,2018-06-01 00:00:00
adddc7adab7516dd578d700024245d43,6e30c11aee07aeefc4c8f66ef5ba1330,delivered,2018-06-16 12:23:05,2018-06-16 12:40:14,2018-06-18 12:04:00,2018-08-09 17:52:47,2018-07-24 00:00:00
d4b428354090e5b6a8663c4c17976ac9,d47980946895d3fb62e16ad3ed8374e6,delivered,2018-06-10 19:58:49,2018-06-10 20:17:44,2018-06-11 15:35:00,2018-06-22 21:28:20,2018-07-12 00:00:00
08e678b21510aad65dccc928f6599921,aed1f7e0b31d7d3151cb6fc31cae2904,delivered,2018-06-26 09:25:30,2018-06-26 09:37:58,2018-06-26 14:04:00,2018-07-03 19:22:39,2018-07-26 00:00:00
e15b4d4792319e939f82008479734433,c2ea573bebd1490d873bcac3d94aadbe,delivered,2017-12-04 10:21:37,2017-12-05 11:23:50,2017-12-05 21:07:48,2017-12-15 23:38:43,2017-12-27 00:00:00
e658e8dc29fc5581482829dbcc127aac,be8bdf1e52f69c9b1759f5b44cfb44f3,shipped,2017-09-11 22:57:29,2017-09-13 03:26:15,2017-09-18 22:12:17,,2017-10-03 00:00:00
c27ae1c289e22822c3f5d0b6afaa710d,88d722bfc2483243169356336fac575f,delivered,2017-12-07 13:10:48,2017-12-08 02:35:35,2017-12-11 21:28:27,2017-12-15 21:56:07,2017-12-27 00:00:00
d5530398e8212b808d8a06104a497f74,5319d6b16f0e32db1062072f353580be,delivered,2018-04-24 19:15:03,2018-04-24 19:29:30,2018-04-25 11:35:00,2018-05-03 23:35:29,2018-05-21 00:00:00
3ea7135b7064169abacfc10aa72f2e3a,1d4bf184a06178a13974e82fe96f26df,delivered,2018-08-12 13:21:59,2018-08-12 13:35:14,2018-08-13 17:57:00,2018-08-21 21:16:33,2018-09-12 00:00:00
d3a0d186a5e203acfa13cd9a541073d5,d3e422a0da17d181e0a3877325c3d3ee,delivered,2017-11-06 16:56:20,2017-11-07 07:30:32,2017-11-07 19:14:15,2017-11-10 21:57:53,2017-11-27 00:00:00
1eb73d543a6a3318fe766653379d5d4b,eaae8639c42b219916167da5fbe7d3c3,delivered,2017-08-24 13:09:25,2017-08-24 13:24:32,2017-08-28 14:56:01,2017-08-30 18:39:39,2017-09-14 00:00:00
345f32d6e7e8e03b359eb5b3d38da376,95c00052d37387b481adfb0100c50f82,delivered,2018-03-29 22:37:10,2018-03-29 22:50:20,2018-04-03 22:57:49,2018-04-05 00:44:23,2018-04-11 00:00:00
5d697bc9ff3f58d7b71318cee0f53678,6ee29f2cf8d988f389a2c55b272b2773,delivered,2017-11-12 12:09:46,2017-11-13 12:15:46,2017-11-14 16:28:41,2017-11-28 04:51:48,2017-12-08 00:00:00
6004599e0ca050d5d2e6b6cc27616061,34c14391e34ba77edd322046b9a1eee5,delivered,2018-06-04 15:54:29,2018-06-06 03:11:18,2018-06-06 12:21:00,2018-06-21 17:54:26,2018-07-13 00:00:00
7a275273bce174382bf22826d9150592,ce370a613e3d71368630c7d23641b2b6,delivered,2018-06-25 21:58:39,2018-06-27 09:55:09,2018-06-27 10:55:00,2018-06-28 16:04:19,2018-07-05 00:00:00
91e154e25811db233145b3d5d9c3b29a,66ab6682e54b8fb80c249e2b7652447e,delivered,2017-12-09 10:23:57,2017-12-09 12:51:07,2017-12-11 17:17:07,2017-12-18 22:42:49,2018-01-11 00:00:00
08d61eb463e165c095e7de595a773d90,ddb1b2c2aa460a5532a28067b1adc06d,delivered,2018-03-05 18:12:32,2018-03-05 19:20:30,2018-03-23 20:38:36,2018-04-03 20:26:26,2018-03-29 00:00:00
8f6d0c386da6a68373cf241e092c7331,4062224126cdccbd9ecdafa4b41b4e45,delivered,2017-08-04 17:42:38,2017-08-08 04:40:07,2017-08-09 19:40:37,2017-08-18 17:43:40,2017-09-01 00:00:00
2b59c2841614c2185b24fe1e009571de,30a1aa7080aee7946cbfdf518232591b,delivered,2018-04-30 06:25:24,2018-05-03 04:32:55,2018-05-03 13:33:00,2018-05-22 18:06:58,2018-05-28 00:00:00
61f92d1f21e1f4687f3f6c88ca36fdec,4aa4b5ce6f6e9fc6f78e25ceccee758b,delivered,2017-05-18 22:31:09,2017-05-18 23:42:43,2017-05-19 15:47:32,2017-05-29 14:59:41,2017-06-13 00:00:00
3f14020e95c3f2ebedc219ecbe1f42ff,40110a7659c9a62bfe5a90e96ad2849e,delivered,2017-07-14 22:48:39,2017-07-14 23:03:29,2017-07-19 17:49:24,2017-07-23 13:52:58,2017-08-03 00:00:00
ee7aab7615cfc22e52462047d0e9f0db,a69a414dbd9ed9dfeb3291be9881627a,delivered,2018-05-29 08:41:45,2018-05-31 03:15:22,2018-06-07 13:08:00,2018-06-08 11:58:48,2018-06-21 00:00:00
d93b84ebf9409dbec57fb2ac291d9b67,d85bc3e743a27ffdcaf0878bb7d6bf2f,delivered,2018-02-18 10:02:19,2018-02-20 07:26:52,2018-02-22 21:09:29,2018-03-06 15:17:07,2018-03-16 00:00:00
55a1a4bc56ccf7a49bc62bcd975d3162,08978618a618a56c5458f2ac593be2e3,delivered,2018-04-30 10:47:54,2018-04-30 11:10:51,2018-05-02 14:17:00,2018-05-22 19:25:31,2018-05-25 00:00:00
19b86ff7894bf15308ebd66e4158b236,687de4f25e5a81aa43144a67bd2d49f5,delivered,2017-04-21 14:21:15,2017-04-25 08:15:35,2017-04-25 14:35:21,2017-05-05 14:53:55,2017-05-16 00:00:00
22dd3a753c65e7fcfd78f61a4ad7b32e,d9fc6dc9a00c7ec73a0d416b9a1b0136,delivered,2018-05-14 20:46:45,2018-05-14 21:18:24,2018-05-16 14:55:00,2018-05-21 23:36:25,2018-05-22 00:00:00
338c2ceed1f5a50319fd350ecbca871e,7557541c9c578082c892cf185c3b0b47,delivered,2018-02-13 20:33:01,2018-02-13 21:07:25,2018-02-15 22:21:24,2018-02-21 18:09:12,2018-03-06 00:00:00
ec953553679c872f83bb234ca2bf7ec5,89416a146914adecfbaf6520ff962e34,delivered,2018-04-26 14:19:00,2018-04-26 14:30:30,2018-04-27 07:53:00,2018-05-03 13:38:29,2018-05-23 00:00:00
7ebc5c60f532934ce55b3025203ebe5b,8bf4f9552bc2db14d6195bbbb5131941,delivered,2017-06-24 08:59:47,2017-06-27 03:45:30,2017-06-29 17:37:56,2017-07-03 14:27:59,2017-07-17 00:00:00
5fb486f5645a3b79295f5b173d80703d,ce9c0ef7c66d39b15b58d4a9b890c11a,delivered,2018-02-03 18:35:57,2018-02-03 22:49:40,2018-02-09 00:12:55,2018-02-18 16:12:36,2018-03-12 00:00:00
6a4e7db21066dff2d18a84059245c6d1,2b817b0fe8b4506b6341c1a7949852d1,delivered,2018-07-02 11:10:02,2018-07-02 11:30:08,2018-07-04 08:40:00,2018-07-16 15:49:48,2018-07-20 00:00:00
159071a1852cacb075d31e4ae77aa7a3,09e01f974b9533109a46281624e39808,delivered,2018-02-22 17:20:43,2018-02-23 17:15:39,2018-02-26 19:04:37,2018-03-01 01:08:25,2018-03-14 00:00:00
4b4983c2c40d67af0bd3ec2ac12e0ffe,f0db52acbe2be4a0a5243b546ef95c32,delivered,2017-08-13 18:03:15,2017-08-13 18:15:15,2017-08-15 10:04:12,2017-08-21 19:50:00,2017-09-12 00:00:00
7ff1a09b20dab40c3d68630eb3b56a22,e731ba7b6903d44433f7cc1161d2f1cb,delivered,2017-08-01 21:07:18,2017-08-01 21:50:13,2017-08-04 19:24:55,2017-08-09 17:42:54,2017-08-21 00:00:00
faa3c806c150cf6f037882a8c4db259d,8b4505f19ee61f3d79dee672d6adfbca,delivered,2017-11-24 20:05:51,2017-11-24 23:14:30,2017-11-27 14:58:51,2018-01-19 01:08:41,2017-12-20 00:00:00
365a1b0dc5465b589146a0b7a504183e,24a7581fefcc475d6ba8b11a7345850c,delivered,2018-04-09 23:14:45,2018-04-10 00:36:01,2018-04-11 23:49:28,2018-04-14 00:11:42,2018-04-30 00:00:00
8f96488e1125afa99a1f2284cdeb551d,37d5b13601d5ebe147af1734409cf181,delivered,2017-11-13 18:07:33,2017-11-13 18:30:44,2017-11-14 19:40:01,2017-11-21 16:49:19,2017-12-01 00:00:00
9bb5771c04f059c10c1f9783fe164d90,5eef6cce1f34954c9e7004332388ccc7,delivered,2018-03-13 20:31:59,2018-03-15 03:29:29,2018-03-16 23:15:49,2018-03-23 02:47:48,2018-03-29 00:00:00
3e3a94885730f7e2aa4da0a98a4180e0,b44d6441a07845ea9e5f870f7609f724,delivered,2018-02-17 14:00:40,2018-02-17 14:15:21,2018-02-19 15:27:05,2018-02-23 21:25:40,2018-03-15 00:00:00
e67dfbc421e0d2908ef7e2c96d222f42,7f760d462c31502df6876bfcaee29050,delivered,2018-06-08 16:44:54,2018-06-08 20:32:18,2018-06-21 14:57:00,2018-06-26 18:46:37,2018-07-05 00:00:00
599c5d36dc0772fe9b1b76672eb5a568,c2ad334d26c9f703005433aa0e72792e,delivered,2018-01-10 13:34:37,2018-01-10 13:48:46,2018-01-15 13:33:27,2018-01-20 17:34:00,2018-02-01 00:00:00
05c5ce6594030e91bb9de44352d0ff05,218751f47454855f63dd09ed692e34fc,delivered,2017-08-31 19:28:56,2017-08-31 19:44:56,2017-09-01 18:49:59,2017-09-13 17:44:44,2017-09-27 00:00:00
2de291f751850e8d254b73ddae39bb91,16599d79f2e23502ad2b1d5ad017eb0d,delivered,2017-07-23 16:05:18,2017-07-23 16:15:16,2017-07-25 22:39:49,2017-08-03 18:42:24,2017-08-18 00:00:00
b7636a99f69d055039c8ab138a45d1e9,4d999316ef6d2f71cc637a8ca00bfef8,delivered,2018-03-09 10:33:23,2018-03-09 11:20:23,2018-03-13 17:12:17,2018-03-19 17:51:47,2018-04-02 00:00:00
4431ef82561b8626af05cf6e4c30f8a6,9d1c8a11d15c3bd2b813cab5608792be,delivered,2018-04-14 17:22:01,2018-04-14 17:32:14,2018-04-17 20:18:42,2018-04-19 20:56:45,2018-05-10 00:00:00
4aedcb4bba7bd4df97054bc2c6de7aed,e589a8bbf2391c4a76e74041c646dec8,delivered,2018-05-17 18:36:14,2018-05-18 00:37:30,2018-05-18 13:48:00,2018-06-07 10:58:44,2018-06-18 00:00:00
6fbf5c6d1c53bab3c747fd72eff577dc,d6d7118ecf4bdcb7b79400b30b9f10d1,delivered,2018-03-30 18:43:52,2018-04-03 05:48:41,2018-04-06 21:58:35,2018-04-08 12:36:43,2018-04-12 00:00:00
24aea160f874edad134adddf76c2ba26,0ecc603c2e9204df2c9bd387634e27b4,delivered,2018-02-15 11:13:05,2018-02-16 07:50:24,2018-02-16 22:38:35,2018-02-23 21:15:47,2018-03-02 00:00:00
c5118d11c7071b2962ba03249bc6b305,2ec2126db43f8b996d2abf3043f33539,delivered,2017-11-24 23:57:29,2017-11-28 02:55:41,2017-12-05 09:59:47,2017-12-23 04:38:39,2017-12-19 00:00:00
8e70656d83092cc6ec2edf7f81646c03,867b09e163b60ee7c3b74c047ec826ca,delivered,2017-09-04 16:52:19,2017-09-06 02:45:43,2017-09-06 21:37:57,2017-09-18 15:49:52,2017-10-03 00:00:00
6f199c0873866afaadffaa53f4808a21,4a8cdaa0c498d3fe054f97c22d38e6e0,delivered,2017-08-10 06:15:20,2017-08-10 07:24:49,2017-08-10 19:07:31,2017-08-21 19:05:20,2017-09-01 00:00:00
194f1c2a129a89001a71ac255d239fff,97145de82c0f89ea30b3ca169795459f,delivered,2018-06-17 22:21:28,2018-06-17 22:32:39,2018-06-18 14:42:00,2018-06-20 09:31:41,2018-07-03 00:00:00
3c9165fe4078dc576322edf3612985b7,33b1fcc0d244ba808384b9b3df985450,delivered,2018-08-13 13:43:36,2018-08-15 06:35:13,2018-08-17 14:57:00,2018-08-28 16:07:55,2018-09-05 00:00:00
773e520cc5e67e4d6f8af15926317a36,f788ff83b7302742d0746b54cef984cd,delivered,2017-09-26 13:37:36,2017-09-27 02:49:34,2017-10-04 13:33:29,2017-10-09 18:10:08,2017-10-20 00:00:00
f22d1b7a86950424a08a39c66fb46bfa,bad0ccd70aed2bcc484f003c21074a8a,delivered,2018-08-05 13:34:48,2018-08-07 10:35:09,2018-08-08 12:28:00,2018-08-31 20:12:48,2018-08-22 00:00:00
47177614899397fe8f3f95ee78904220,63f64c2ab14495137a700c2327d1110a,delivered,2017-11-15 00:05:35,2017-11-17 03:46:14,2017-11-21 16:40:06,2017-11-28 21:48:26,2017-11-29 00:00:00
4b272f69f8858f5a98f3c65fa40a8bf7,4365561a2a4c1d768592aa0536e503c6,delivered,2018-06-10 17:43:46,2018-06-10 19:12:31,2018-06-12 14:41:00,2018-06-14 17:44:46,2018-07-04 00:00:00
aff6796e5ce68e2c614234e4121fff13,4af4936564836bd2e5cf83863af7fa4b,delivered,2017-11-24 21:26:30,2017-11-25 00:22:03,2017-12-01 18:33:31,2017-12-04 18:39:15,2017-12-08 00:00:00
7e6a53c33d1a45a56251e3153392aca1,8e1407247fe5c1268be459f9b9d0d7f7,delivered,2018-05-22 13:15:49,2018-05-22 13:36:03,2018-06-11 09:08:00,2018-06-19 20:16:35,2018-07-05 00:00:00
6a2387867f03a6f55be009812af06e75,5fe198592d7d7d6d8287be11d6b53ae4,delivered,2017-09-02 19:24:35,2017-09-03 19:30:11,2017-09-05 16:57:52,2017-09-11 16:43:00,2017-09-21 00:00:00
160f952c9bf7bfd111aade8035e8daf3,cd943f34343cbbbbe4ca1219e227ae47,delivered,2018-05-06 13:57:58,2018-05-06 14:15:10,2018-05-07 11:15:00,2018-05-22 21:48:29,2018-06-04 00:00:00
db6bbd5bd39d674b8778df50982d00de,a44700641eaf4a03e3f047ade5417214,delivered,2018-08-25 10:39:56,2018-08-25 10:50:13,2018-08-27 15:19:00,2018-08-28 12:08:54,2018-08-31 00:00:00
b6b37898db2f4f8ade35aeda94a19c91,80f1fc2b7d5ace5b1b94b1c9167d5884,delivered,2017-10-14 09:58:03,2017-10-14 10:14:12,2017-10-19 12:12:39,2017-10-23 18:07:58,2017-11-01 00:00:00
72c09995a21bfea86a328603ed823682,646be67994fdcc76cfd011527915591f,delivered,2017-04-07 14:44:28,2017-04-07 15:02:35,2017-04-11 07:52:17,2017-04-18 16:53:55,2017-05-04 00:00:00
39d0bd05538b0d573193744390e86223,0b0290e3b438fc7f16a9b256a7409bfa,delivered,2018-02-27 09:51:00,2018-02-28 09:30:56,2018-02-28 18:28:46,2018-03-27 02:03:59,2018-03-22 00:00:00
6241d4d4f892b5cb3ca99b0f1cd18375,bc37570c504680a0d92a3a9379e47315,delivered,2017-12-05 22:25:05,2017-12-07 09:50:07,2017-12-13 15:44:52,2017-12-22 21:19:10,2017-12-28 00:00:00
ace21e63d47750bf1c9d30301b61db13,e22dc4324abb82bacd88ff9173985e72,delivered,2017-10-04 16:29:27,2017-10-04 16:46:10,2017-10-05 18:24:16,2017-10-09 15:11:14,2017-10-27 00:00:00
9f31ff10dac68801116cdccf40f85471,c8286741eeff835e11e568cf4de43a6d,delivered,2017-08-17 14:37:37,2017-08-17 15:06:16,2017-08-17 19:59:52,2017-08-21 20:11:29,2017-09-13 00:00:00
8f9be3b3799b30feec4b8f2f628670e5,81225433fe3a6874317ba614698deeec,delivered,2018-07-25 15:15:47,2018-07-25 15:30:17,2018-07-26 14:48:00,2018-07-31 21:04:51,2018-08-22 00:00:00
8d13ee60237028c737907273f16eda59,e6499695100f00ee9c22a33f8f94b9c4,delivered,2018-05-26 14:29:06,2018-05-27 14:30:25,2018-05-28 12:32:00,2018-06-06 15:28:45,2018-06-29 00:00:00
c79387fbdb009010c07a17127bd21f0d,ec431dbed870929c480d45d44d20971e,delivered,2017-11-24 18:41:11,2017-11-24 22:11:42,2017-11-27 23:54:33,2017-12-11 20:09:36,2017-12-20 00:00:00
14763e794086449f6d5cb89097b2afd3,20a6f9674ec04f9947f4fe2ea8851dff,delivered,2017-08-04 19:48:45,2017-08-04 20:03:33,2017-08-10 21:53:04,2017-08-18 21:23:31,2017-09-01 00:00:00
1c6ba4e1c9d47c2594130a03f164287c,8fa2c6042b9c1428ed48421012241e65,delivered,2018-08-13 16:38:03,2018-08-14 04:45:20,2018-08-14 15:14:00,2018-08-23 16:22:15,2018-08-28 00:00:00
157ccf4a35b012e8c7cc4ff3c8edb6a8,3024a5c8a1db9ca1e3ba8ec9cf1fbe08,delivered,2017-12-05 10:15:06,2017-12-06 02:35:29,2017-12-06 18:28:58,2017-12-08 14:37:38,2017-12-21 00:00:00
1f80f090b1ce8bf6ca20871df5391523,531c12ecea1d152046dcde4b212656f7,delivered,2018-06-21 15:13:14,2018-06-21 15:39:17,2018-06-22 15:12:00,2018-06-26 21:32:33,2018-07-04 00:00:00
3064071cf67a2cc381cd53b13055eac5,931bfab7036f6763dc1bdf6e2696e08b,delivered,2018-08-28 21:56:12,2018-08-29 08:30:21,2018-08-29 13:53:00,2018-08-30 19:04:08,2018-09-03 00:00:00
9ba31b95aa2ad7ab24bcd9f64a89ea43,8965a99bf5b3c17a1669d8ed1c31b9a3,delivered,2017-10-04 15:51:35,2017-10-04 16:07:45,2017-10-05 20:04:14,2017-10-11 17:00:24,2017-10-31 00:00:00
f96cf7be5b1953e51fa74aba8b620037,d026195b06a3beb9859c96ba6f9b9aa0,delivered,2018-04-08 16:15:14,2018-04-08 16:29:58,2018-04-10 16:44:36,2018-04-24 00:41:18,2018-05-02 00:00:00
258fdca015115622abad4d8ac1a13ae4,07e4b8e04c04a18508d3e4999e460f8f,delivered,2018-01-06 22:15:13,2018-01-10 10:32:44,2018-01-10 17:59:13,2018-02-03 17:34:45,2018-02-09 00:00:00
317eaa9a9846b9c1f08c1f38d26bab63,748ef4fd12e55b5a4cd044c96fdfdc1d,delivered,2018-07-04 11:45:37,2018-07-05 16:25:49,2018-07-06 11:08:00,2018-07-12 17:02:17,2018-07-27 00:00:00
e85ade63f3d697aa6c45970baeff0d96,7352a1f0a2996c749618039b4f1ddacb,delivered,2018-06-15 09:48:29,2018-06-15 10:18:02,2018-06-15 12:58:00,2018-06-22 20:14:39,2018-07-16 00:00:00
a825307ee6cde104910defdb22b896bf,1066baccfc02122c239254ae71e17399,delivered,2018-01-16 17:50:15,2018-01-16 18:11:30,2018-01-17 20:38:53,2018-01-26 23:53:12,2018-02-16 00:00:00
898a25f87470b8e064878de16c52f6bc,2661d4e975b54b735a791f37f8664a95,delivered,2017-12-08 16:53:55,2017-12-08 17:12:48,2017-12-11 18:58:05,2017-12-12 16:44:53,2017-12-27 00:00:00
78b0a4015f5da60b5e2371d7fea67658,b1a32b560093cdad033bcdc59baf0949,delivered,2017-12-06 00:29:20,2017-12-06 00:49:43,2017-12-06 20:36:38,2018-01-04 00:44:46,2018-01-15 00:00:00
4c01326cb869a9ad39093aced5dc4e3b,4877407d4e9ba29ba5d577213f20e1bc,delivered,2017-03-05 18:35:16,2017-03-05 18:50:05,2017-03-09 11:19:08,2017-03-13 14:03:42,2017-03-23 00:00:00
6225c94031a1e372349fa17f1891317d,5d0d4ac0762c10cdea58f16ca2f39746,delivered,2018-02-08 11:32:08,2018-02-08 11:50:45,2018-02-08 22:07:46,2018-04-25 20:36:53,2018-03-13 00:00:00
67ac8397ab2a26915fadd6e3ed4250ee,b18e1cd830f8a5b16b7bb5dac8c183ec,delivered,2017-03-22 21:33:58,2017-03-22 21:33:58,2017-03-23 10:20:30,2017-03-31 15:30:08,2017-04-17 00:00:00
3c4c849af792eb517f0ecda508b8b3da,28a2569aa4f48970d80fd943f8a79fd7,delivered,2017-05-14 11:10:48,2017-05-14 11:22:26,2017-05-17 10:21:16,2017-05-24 17:44:05,2017-06-06 00:00:00
acf165225c8558f60e21f75d7e1a3c30,39fb220371a5742eab98e04499ef5fb7,delivered,2018-06-19 04:05:45,2018-06-19 04:17:07,2018-06-19 15:07:00,2018-06-21 17:47:42,2018-07-04 00:00:00
73a9cbe5df2e3105044ed1dd55314522,6eb959e791c00c25b4c008f998671a09,delivered,2018-03-22 22:57:24,2018-03-24 02:07:56,2018-03-26 23:28:27,2018-03-29 19:42:13,2018-04-10 00:00:00
9d230d6d2c7b315e6420c9f2c0a85938,ef71c5535a28abdda262e72781f9fa3c,delivered,2017-07-11 17:14:53,2017-07-12 17:10:13,2017-07-14 18:56:31,2017-07-17 13:27:31,2017-07-25 00:00:00
20bc33ea85750fd7d20d7b72c5c4b36d,a13572863e7d88559239ce69dec021b4,delivered,2017-07-13 19:40:21,2017-07-14 20:05:22,2017-07-26 11:10:12,2017-07-31 17:37:43,2017-08-10 00:00:00
552de4f2b6a656a62b913a24c76b82a7,21ddac6024852bedf9975d41e966a4cc,delivered,2017-09-16 00:43:23,2017-09-16 01:05:03,2017-09-20 13:14:22,2017-09-26 13:41:53,2017-10-19 00:00:00
57471a2ef90bca7af03b3b5800a3346b,2b2afcbaf841e918270a8b35f2253edc,delivered,2017-11-25 23:54:29,2017-11-26 00:19:02,2017-11-27 22:18:52,2017-12-22 20:16:46,2017-12-19 00:00:00
65f6a8dfb1cacec52fa3c48df189b80d,f7b249c9618f84a66a70a8c127d06105,delivered,2017-05-01 15:00:55,2017-05-01 15:15:21,2017-05-15 15:33:38,2017-05-29 11:07:56,2017-05-25 00:00:00
4b6dab58b94da37d3bc2cce416a43f63,d2384607a75aa3d8dfefce1b6ba56366,delivered,2017-11-08 17:53:23,2017-11-08 18:30:52,2017-11-10 21:41:52,2017-11-20 19:09:23,2017-12-05 00:00:00
44e7fe65fc17f2be51cf831609788a73,1269b5efc07408e3f56f9179b316fa37,delivered,2018-04-07 15:01:23,2018-04-07 15:10:12,2018-04-09 22:43:26,2018-04-23 22:05:38,2018-04-26 00:00:00
103de323ece563a1012b4b6adf5a81b2,1d7851c5569233818d755ddfc96bb5eb,delivered,2018-08-15 21:41:45,2018-08-17 03:30:00,2018-08-23 14:43:00,2018-09-03 19:06:55,2018-08-23 00:00:00
f6810461afa54491e406413c2328e6b5,9b609c18b93afde20a1389f4882a6fe7,delivered,2018-03-25 09:49:37,2018-03-27 03:49:01,2018-04-04 21:03:58,2018-04-18 19:51:54,2018-04-17 00:00:00
c6522dab7d6b83ada4140b653c4db0b5,0792343f0465acf2c7aee7e4fce852d8,delivered,2017-01-30 16:07:38,2017-01-30 17:31:22,2017-02-01 13:57:48,2017-02-16 12:35:23,2017-03-07 00:00:00
38c2b634e9399138e8c5e726ddfe765d,e0ea4f96f422dab31934d5659c620dc2,delivered,2017-09-19 18:13:21,2017-09-21 02:45:32,2017-09-22 21:18:59,2017-11-03 19:43:39,2017-10-06 00:00:00
5e539665f1f68fe6afeedd57ecf888ab,831eccb6e48b600352b2d8f2aceb3725,delivered,2017-11-07 08:01:00,2017-11-07 09:30:56,2017-11-08 13:16:36,2017-11-18 00:12:49,2017-11-28 00:00:00
63197f17fd0ed6f37890886192ccdece,a3d953660a42cb0bfa714a2b62611983,delivered,2018-06-21 09:58:24,2018-06-21 10:22:57,2018-06-22 13:53:00,2018-06-29 19:48:58,2018-07-18 00:00:00
ebcd770a00a9b6ee03235d5db51510d8,45988957bfa6f0aacd30ac05c0a3e680,delivered,2017-02-03 17:29:41,2017-02-03 17:45:09,2017-02-06 09:19:08,2017-02-10 14:07:53,2017-03-10 00:00:00
7d2f60154f0f8219ade132f874d2e500,dd155e203febe51ad0be9fbdd27ea20e,delivered,2018-07-24 12:43:00,2018-07-25 10:04:39,2018-07-25 13:01:00,2018-07-31 22:56:28,2018-08-09 00:00:00
cac6b2e3c4a34ef979b0d6cd62a4e0bf,9ce66eb01d9ccbf850a7ac4ffc3e324b,delivered,2017-11-25 00:58:33,2017-11-25 03:36:37,2017-11-29 13:52:03,2017-12-06 19:34:43,2017-12-22 00:00:00
52b226b1528922785f17fc4dadbe7110,5d223584b58b69a22b86aacdf4d12b01,delivered,2018-03-12 13:50:41,2018-03-12 14:15:42,2018-03-13 20:33:05,2018-03-21 22:57:43,2018-04-02 00:00:00
1190543041e25468b0370ddae215f01d,49d785f527d4a06134c806ebdf629350,delivered,2018-04-21 22:29:49,2018-04-24 19:18:16,2018-04-23 19:14:29,2018-04-25 11:42:41,2018-05-10 00:00:00
f6895b0153f18f01777a2eeed02145a2,ea7975ff36d7ea01dfb03717bb3b0350,delivered,2017-05-31 16:23:27,2017-05-31 16:35:31,2017-06-01 15:48:42,2017-06-09 14:12:48,2017-06-23 00:00:00
961f2f24951560987b91c89816b10cae,ca1a44b35b3b2c450ebb9ce015d6239f,delivered,2018-02-26 15:32:14,2018-02-28 09:29:40,2018-03-20 18:56:29,2018-04-04 00:08:35,2018-04-05 00:00:00
958dd45b8baadaaa443efaee016cc145,e89debbc1154aa541f52f30aaf696538,delivered,2017-12-12 19:29:33,2017-12-12 19:50:08,2017-12-13 20:11:50,2017-12-21 15:19:02,2018-01-09 00:00:00
c4cac393cb3ff78fe2823fc2222d1f04,78d427634ec98904f8cace487db29329,delivered,2017-10-20 15:17:16,2017-10-20 15:35:17,2017-10-23 19:42:51,2017-11-10 21:47:53,2017-11-22 00:00:00
c8d355d9b0027d16b4f22804df2bbc2d,2fef27fa210e5425b6cb88ffd77eb3b6,delivered,2017-02-17 11:03:26,2017-02-17 11:42:57,2017-02-20 05:57:55,2017-04-27 07:16:04,2017-03-29 00:00:00
f3685fa8068bd0419d72108c51555ed6,1542fbadc6359c210a930ff61ec12bbc,delivered,2018-08-22 09:08:09,2018-08-22 09:24:26,2018-08-28 19:01:00,2018-08-29 17:12:42,2018-08-31 00:00:00
c69a4e800792132c8c39b559c8cda572,f0b68e35ddd2c5191d55d6191faa4397,delivered,2017-04-12 12:34:03,2017-04-13 02:42:44,2017-04-13 14:25:09,2017-04-18 16:24:19,2017-05-04 00:00:00
4e74c91d859c944fa7c652b9f05f7fce,f8b7b4526234c27bd2c91b7a3c1b4775,delivered,2018-02-05 19:26:40,2018-02-05 19:50:08,2018-02-06 22:23:22,2018-03-21 20:27:20,2018-03-01 00:00:00
7f9e3a613e4d2212870577798bc8965a,543000d24bdcd4410f2e0c13b7a0b4f7,delivered,2018-04-02 22:03:20,2018-04-02 22:35:31,2018-04-05 21:41:55,2018-04-16 20:03:13,2018-05-03 00:00:00
d30a31ae450b7eccbb5fc54276bdccf7,3acc27e263c06640d5504a78eb14b9f4,delivered,2017-11-06 14:50:40,2017-11-06 19:36:57,2017-11-09 18:18:34,2017-11-21 15:09:00,2017-12-05 00:00:00
b83427fcf80fd88d941541011ac876f8,e43c0e76c6388c58a6cf348e53f5b51b,delivered,2017-05-15 16:31:43,2017-05-15 16:43:20,2017-05-17 10:35:50,2017-05-23 15:15:45,2017-06-06 00:00:00
b6700ed8b78e4b1cba7fbc83e0f5f831,d736b37b534972c1961ceb67f5c6bbd4,delivered,2018-05-07 12:23:53,2018-05-07 15:32:17,2018-05-09 10:47:00,2018-05-16 14:38:49,2018-05-24 00:00:00
329465dad46fffab333860e92e7ac984,2591b8425f1f3f363d644917fbc238db,delivered,2017-01-27 22:14:53,2017-01-28 10:30:56,2017-02-03 13:54:57,2017-02-14 13:15:33,2017-03-13 00:00:00
67fedde68ac222a19b4351dd0814d76e,8855792eace8b4d11cfff9585e2448eb,delivered,2018-07-14 18:39:58,2018-07-14 18:55:12,2018-07-16 13:09:00,2018-07-27 17:11:56,2018-08-03 00:00:00
bd097c660191e391174ac6ebe4328a4a,aad17301903645de9fad94ac78f1aba8,delivered,2018-05-03 09:44:46,2018-05-03 10:35:32,2018-05-03 11:42:00,2018-05-07 16:59:16,2018-05-30 00:00:00
368df49737936bddc9d47a700a1920b9,ef3603c61b3afedf0cd74652a06dca96,delivered,2018-08-09 03:35:29,2018-08-09 03:55:22,2018-08-09 13:23:00,2018-08-16 21:04:35,2018-08-20 00:00:00
04082ed3fe3aa0b4af00796e94ead6ba,4700d67caf6d4f7e9bf60d730cac3c69,delivered,2018-05-10 17:24:33,2018-05-10 17:38:09,2018-05-12 08:14:00,2018-05-25 12:41:43,2018-06-06 00:00:00
7dadec0b94237bf94991c9e9af701f5e,7478c22961661e8adccc13e1763ea59f,delivered,2017-03-10 13:45:44,2017-03-10 13:45:44,2017-03-14 13:45:21,2017-03-27 09:44:53,2017-03-31 00:00:00
bca8bef56cc32e6f9374350f671f7229,49c23f19788a952bc6bccd97314d3185,delivered,2018-05-06 22:13:53,2018-05-07 16:53:15,2018-05-08 14:41:00,2018-05-09 21:34:56,2018-05-24 00:00:00
8cbc1df0d0a62f36bd6de6496435e51c,9bbf7c5d49d559d76ebd1d3a5ad8b5ed,delivered,2018-04-30 19:02:40,2018-05-01 02:36:42,2018-05-02 07:20:00,2018-05-09 18:04:56,2018-05-22 00:00:00
bb99de3ac419763812be82d454b8350e,61bb04cebcfccafac0ade9ff12f6c2c8,delivered,2018-07-26 08:16:16,2018-07-26 08:35:18,2018-07-26 11:53:00,2018-07-30 17:07:33,2018-08-15 00:00:00
830fbd008900114289bd7e278ecc3a61,ee6c5c4767991ed570d1bc8e953dadd9,delivered,2018-03-29 20:50:48,2018-04-03 05:28:30,2018-04-04 00:06:49,2018-04-13 19:13:38,2018-04-17 00:00:00
8fe67bda0dbc9ae5101d62f494f74e1d,a1d11c86c04b7d1902367e61fb144d79,delivered,2018-03-30 16:08:41,2018-03-30 16:50:17,2018-04-04 23:23:38,2018-04-10 13:56:37,2018-04-20 00:00:00
3ba290d869362a67994eede4e78130f0,64e685e8056227e8864eb92949604290,delivered,2017-10-02 00:28:03,2017-10-02 00:49:19,2017-10-03 17:25:58,2017-10-16 21:47:51,2017-11-03 00:00:00
c6f3dad60242a9cb7ce0486b495862bd,22b2e89dd3f0b85480859b6a4d908229,delivered,2018-02-22 09:15:07,2018-02-22 09:29:30,2018-02-23 10:47:18,2018-03-21 20:18:54,2018-03-19 00:00:00
65e004516d71c3c2e5e08910ab872a08,5fa0f82a676f03e58b92a9083e563fed,delivered,2018-06-28 21:30:04,2018-06-29 17:50:46,2018-07-03 14:42:00,2018-07-17 00:38:27,2018-08-03 00:00:00
aef8745e2eb6aeefc41b922f1363870d,453305a0ae6e3364c5cc6a224dc7a944,delivered,2018-06-02 16:33:26,2018-06-02 16:51:32,2018-06-11 08:22:00,2018-06-14 00:34:37,2018-06-28 00:00:00
203a651bc28694f332b40c3e61bf8e04,0fa431bca31c7763a260a9d9088dce15,delivered,2017-12-28 21:04:10,2017-12-28 21:11:24,2018-01-02 19:33:12,2018-01-10 19:06:12,2018-01-30 00:00:00
574e38ca454c86f60df545b65a03277d,fcb7368648a1ce0396597912490f2b82,delivered,2018-08-03 16:22:52,2018-08-03 16:35:17,2018-08-04 10:51:00,2018-08-08 21:38:40,2018-08-17 00:00:00
46422e1ce124f2bc35a6d0a4b1bf0130,226a68b0a8e545a4affb75acfcd59fc3,delivered,2017-11-22 13:57:00,2017-11-24 13:53:56,2017-11-27 18:27:18,2017-12-22 21:13:47,2017-12-15 00:00:00
79d3552a484be819b6ada536cdd1c629,6dd4553c52cf9090e0a4aac9df75c66f,delivered,2018-06-08 10:19:59,2018-06-08 10:34:56,2018-06-08 15:16:00,2018-06-09 10:36:25,2018-06-26 00:00:00
d240d33f0dcf05513f86b7846c4db05c,0303e5527d4342ac7939d2bfc0f9f9e2,delivered,2017-12-06 12:33:21,2017-12-07 03:16:38,2017-12-09 15:37:06,2017-12-20 19:13:42,2018-01-09 00:00:00
788520bd4eaa054450b168f6318f26e6,752075b7c55918f527dda8a124d8691d,delivered,2017-11-23 20:21:12,2017-11-23 20:31:28,2017-11-29 21:28:10,2017-12-08 17:22:50,2017-12-21 00:00:00
a5f5185eaee82919ab2e647a4d1d8141,afcee5bb1a45142643809bebbba97662,delivered,2017-11-27 22:53:18,2017-11-27 23:10:36,2017-11-28 22:18:53,2017-12-17 15:19:13,2017-12-29 00:00:00
0ba66e23f27848fd3bbff7f24632b0b1,b915e678efb894d35e8ef23dabc97e85,delivered,2017-12-15 14:37:16,2017-12-15 14:52:55,2017-12-18 18:47:12,2017-12-20 14:39:18,2018-01-04 00:00:00
378895a1dc15cc571051e1b1c2e0c27d,5e802d53b291e129b462409e56402786,delivered,2018-02-15 18:51:20,2018-02-15 19:10:28,2018-02-19 20:59:09,2018-03-02 17:27:05,2018-03-16 00:00:00
52593a44fbe53f7472cc1560a85b1cb0,675637c1f9b9ba25d012da0ecd37ba04,delivered,2018-01-04 09:42:10,2018-01-05 02:33:27,2018-01-05 20:03:24,2018-01-12 00:22:11,2018-01-30 00:00:00
f6dc214828640155295589cf7c2ed4e8,e8096a7ff86c1faa41c84437cddca316,delivered,2018-03-29 10:47:11,2018-03-29 11:09:00,2018-03-30 00:57:44,2018-05-18 14:08:43,2018-04-26 00:00:00
24f1803064ef788a570a74e04dc6663f,08324ca9a349f4d9f8323b1c9e1399f8,delivered,2018-08-01 09:51:49,2018-08-01 10:31:37,2018-08-01 16:22:00,2018-08-06 15:52:38,2018-08-09 00:00:00
f9989a770fe566738df2291e09cddee0,fd7b80fb8a13217f3c89c10c2ed03cf2,delivered,2017-06-18 22:34:32,2017-06-18 22:45:15,2017-06-19 16:47:28,2017-06-30 15:29:47,2017-07-05 00:00:00
fd0f11edd4d56e20fdb1763757220228,d110f0e027c5b384b2883816bc05b39f,delivered,2017-02-11 22:47:43,2017-02-11 22:55:17,2017-02-20 09:18:39,2017-02-23 18:20:11,2017-03-10 00:00:00
d34bf1d98a956e38ca2dd1bd44f395ae,2aa73498fc6fe0afcdc0804f3080ac72,delivered,2017-09-26 16:35:42,2017-09-26 16:49:35,2017-09-27 18:54:58,2017-10-06 18:04:05,2017-10-11 00:00:00
918e041f64288443edad8152f66ea031,f7d40cb36f4e11b1c99b85ca8bf742f8,delivered,2018-05-17 18:58:14,2018-05-18 00:55:10,2018-05-21 09:08:00,2018-05-29 16:16:41,2018-06-07 00:00:00
f6cf8d4fd766fb0bd2d664fbbc94e9b7,e99710ea43d809eeed53ce8abdfadd7c,delivered,2018-03-24 10:16:33,2018-03-24 11:28:40,2018-03-26 23:40:46,2018-04-17 20:46:40,2018-04-13 00:00:00
f3b74114022a0413aff30103cdea2cd9,e41d9b2f803a19c7f51adaf47c319290,delivered,2018-04-23 01:54:23,2018-04-24 18:53:54,2018-04-26 14:31:00,2018-05-03 20:37:28,2018-05-16 00:00:00
d80b473a1e39c2640618ae7d6e181f4d,94f306aa0409590067dd3c13fb2cfb4d,delivered,2018-06-25 20:02:03,2018-06-25 20:17:53,2018-06-26 14:52:00,2018-06-27 12:56:28,2018-07-11 00:00:00
4eecbfcab9ec27fad7e24ac94f9a032b,3b8c77deb5df57efd9eb00740ddc03b0,delivered,2017-12-03 18:28:40,2017-12-04 16:31:49,2017-12-08 15:38:44,2017-12-18 23:28:53,2017-12-28 00:00:00
0434058c92c9306bb6d1edd50bf3526a,2ef691fd17de0f7ba5299ba1a11a00c3,delivered,2018-02-14 11:54:55,2018-02-14 12:07:19,2018-02-15 22:57:53,2018-02-19 15:43:36,2018-03-07 00:00:00
1b8b5038e6822fac27ec53fcc6c2cdd0,3f1f971f34da6cbc912666b186cdebf3,delivered,2018-06-25 18:07:08,2018-06-25 18:15:21,2018-06-26 14:56:00,2018-07-05 12:32:18,2018-07-26 00:00:00
d4cc34ee536a5c492013d384f6348ec4,855f98ff1ae09e6e906dc66e2d8eff6b,delivered,2018-03-04 14:58:57,2018-03-04 15:10:49,2018-03-05 19:04:14,2018-04-28 12:56:35,2018-04-02 00:00:00
a4086a85cd42acc124fd2ffe7ae22fd3,555e92089741d556b76e01b8787428fa,delivered,2018-03-13 13:59:27,2018-03-13 15:35:34,2018-03-14 22:58:44,2018-03-29 18:22:21,2018-03-29 00:00:00
bf321eacd8e3dad568b84111dc820e55,34f73a0751779278c555143b54379de0,delivered,2017-04-22 18:49:25,2017-04-22 19:01:19,2017-04-25 14:14:11,2017-05-17 09:33:16,2017-05-15 00:00:00
1a46be998b91e96ff9bdd066816556d7,2b67890640821ea4b35b9c834c41913a,delivered,2018-02-04 15:17:16,2018-02-04 15:30:24,2018-02-05 16:42:22,2018-02-19 19:22:39,2018-03-07 00:00:00
91dacce5950705b07fe767cc9fa118ed,7e401acb52d31ac97cb74a337071c3e4,delivered,2018-03-14 11:27:49,2018-03-15 11:29:22,2018-03-15 21:58:30,2018-04-03 18:57:29,2018-04-24 00:00:00
c9e99f4780a721d1f0b532ca7f1c00d5,85196fa7d9cc267bb18a09a42a320b84,delivered,2018-01-18 22:42:13,2018-01-18 22:50:24,2018-01-20 01:27:37,2018-02-02 19:36:08,2018-02-09 00:00:00
f24616037f41893b85ebeff4018c6933,8de07e375602b0f3ad7309d697357147,delivered,2018-06-22 20:20:38,2018-06-22 20:37:46,2018-06-27 08:20:00,2018-07-03 19:32:12,2018-07-20 00:00:00
a64424367810e29c6d8903b27073a8c8,59facd5695202d205f03d30696325a92,delivered,2017-10-11 11:23:56,2017-10-11 11:46:29,2017-10-13 15:58:07,2017-10-14 15:21:46,2017-10-24 00:00:00
3030f0e22d19c6ba1366d9628972bec4,8439fedb60fd10b549bb5a7e09079bdc,delivered,2017-10-25 01:33:37,2017-10-26 10:34:14,2017-10-27 21:36:46,2017-11-07 21:56:52,2017-11-21 00:00:00
f8685efd22f782429c5af415cf7d3ff7,a80cdfee1f761246ee246628f25200b8,delivered,2018-05-18 17:01:13,2018-05-18 17:15:34,2018-05-21 09:45:00,2018-05-23 16:17:32,2018-06-04 00:00:00
4d67b87a6fa0612c18688c1f371f4104,c8e7201173fe31840a63f7e6b519d716,delivered,2018-07-28 23:18:38,2018-07-29 23:15:12,2018-07-31 18:55:00,2018-08-01 23:38:29,2018-08-08 00:00:00
b24f4b97e574bf36072e9bd1a8fe042c,dfe6428349699e108327e82801ff912e,delivered,2018-08-14 11:15:33,2018-08-14 11:35:17,2018-08-24 14:51:00,2018-08-27 23:27:39,2018-08-29 00:00:00
f3ace35a38b59892c97c14e9eadbc923,1627d83d75ddd45965f796d873ff4c1d,delivered,2018-02-02 02:38:54,2018-02-02 02:56:00,2018-02-08 19:14:15,2018-02-21 00:38:46,2018-03-05 00:00:00
1d59b360ab8917af7b326a6e8709f2a1,68da081cf4a4965faffec36a1bb47ae6,delivered,2017-11-22 19:48:39,2017-11-23 12:17:18,2017-11-24 21:05:20,2017-11-27 18:33:13,2017-12-08 00:00:00
132d431a6757fe865a1f7117978bd0e0,b02ecf867fe6e02059318f0496ca67af,delivered,2018-04-02 15:10:14,2018-04-03 15:09:19,2018-04-04 01:38:32,2018-04-05 19:32:50,2018-04-12 00:00:00
3c3ed7a6847dfa5dce7ea4ee42925a48,b5e81bcc362ef3fef1ac24dccbe5577a,delivered,2017-07-28 22:20:05,2017-07-28 22:35:07,2017-08-01 19:13:55,2017-08-16 21:51:56,2017-08-25 00:00:00
0d922ec2be9bd5e75e225b6bacfdc4d6,6b25af18781c3fed3b96bc7539cd715b,delivered,2018-07-08 19:57:38,2018-07-08 20:10:12,2018-07-10 14:02:00,2018-07-11 16:58:30,2018-07-19 00:00:00
3e4c1f31ec362fab325d2bd1201a7c0a,d182581ad52cde827ab2ae703e773452,delivered,2018-04-24 20:25:34,2018-04-25 07:11:00,2018-04-26 12:54:00,2018-05-04 17:03:28,2018-05-24 00:00:00
31b0ef5f40a83be6f6dafc9a4fc890f5,a3b29d3c0cd575d9c202f0b211437a21,delivered,2017-11-14 18:04:47,2017-11-14 18:27:16,2017-11-21 16:20:01,2017-11-28 14:58:54,2017-12-11 00:00:00
7b3f806a3a00dc7b0c3ab0dd548842ee,f355a75c8359c91b1164e7d814064e44,delivered,2017-08-29 14:18:35,2017-08-29 14:44:13,2017-08-30 16:00:07,2017-08-31 22:40:04,2017-09-15 00:00:00
ea3a810bd6c5d5c071b28fcb8e39b9e7,6c2aa8d949db31e2edfe991f4312f739,unavailable,2018-01-22 10:24:32,2018-01-23 03:36:45,,,2018-02-06 00:00:00
6cdb0cc1b8e91c029df0df00b4194736,9ea952089cea6df4958262671fe0aa84,delivered,2018-02-25 14:46:48,2018-02-25 15:07:44,2018-02-28 15:56:47,2018-03-10 14:38:37,2018-03-16 00:00:00
db201bfd8d5238cad2ded38598f8d653,fcf6bb0ad9c0daedfe70ca9a635e6667,delivered,2017-11-10 18:41:11,2017-11-10 18:55:36,2017-11-13 22:39:00,2017-11-17 22:52:43,2017-12-01 00:00:00
bbccdda00b2115d37f4f288e19d207b5,dbe19466d871363c6c583a244f1298e2,delivered,2018-08-08 10:16:05,2018-08-08 10:30:09,2018-08-13 11:28:00,2018-08-17 17:22:49,2018-09-05 00:00:00
25716e02bca6edec6a1b90fa879d79e7,def2a292ef87bfe23266c51d5a8ce0d0,delivered,2017-11-28 22:40:45,2017-12-01 10:30:59,2017-12-07 23:42:33,2017-12-20 01:44:52,2017-12-19 00:00:00
71b27805083cffce474f1bd4263a3b02,c26086f444b532f5f856437d0b422712,delivered,2017-12-08 16:25:22,2017-12-08 16:38:31,2017-12-12 21:38:38,2018-01-05 20:39:37,2018-01-03 00:00:00
3f9cc3bcb97ba27a265c13ff4f540689,73fc71aafb1848ea264f80af93ac6b2f,delivered,2017-05-29 14:29:05,2017-05-29 14:35:11,2017-05-30 08:04:05,2017-06-05 16:34:04,2017-06-27 00:00:00
f76f64ce61b3764c70b30ee618b71fba,c9a1f6d44dcdbf5ccbddb5a6f82d6ad8,delivered,2017-08-10 23:21:16,2017-08-10 23:35:37,2017-08-11 17:56:39,2017-08-24 17:56:46,2017-09-08 00:00:00
f78a3a22a7eb2580aa261454a60166c3,86c420c75e70aa42c68655dca896b8ac,delivered,2018-02-15 19:47:55,2018-02-15 20:06:26,2018-02-16 20:59:05,2018-02-19 23:25:17,2018-03-02 00:00:00
1ac3ff14fcd28b5c680bd68bbca160dd,8762310013a2c35893a3b917a50e72a4,delivered,2017-11-29 09:39:20,2017-11-30 02:34:29,2017-11-30 23:17:37,2017-12-08 20:51:46,2017-12-21 00:00:00
30ebb82a012b4f82c32dda68a80a0622,61b417dee978cb372d39b4664901a10b,delivered,2017-07-12 17:47:14,2017-07-12 18:03:47,2017-07-14 13:45:02,2017-07-26 18:15:43,2017-08-09 00:00:00
dc20ddee58064808944cd819f518dcc1,2b3ffb4e78551e897b22e02455f34d8c,delivered,2018-07-08 11:32:31,2018-07-08 11:45:39,2018-07-10 15:43:00,2018-07-13 14:24:42,2018-07-19 00:00:00
cf2cd23374d78a2bb4d6d6058fbc1d04,713cb52d254747e94d0f843a2b552057,delivered,2017-09-22 20:47:22,2017-09-22 21:05:58,2017-09-25 19:10:13,2017-10-02 16:37:33,2017-10-19 00:00:00
896e2545a0e5001c00da8c558b5516c0,ebc2b55328cb844e6a699eefc16da7c7,delivered,2017-06-08 19:00:49,2017-06-08 19:15:16,2017-06-09 15:23:26,2017-06-19 11:16:54,2017-07-03 00:00:00
4ac359198f4d710af51b6c3083465d63,f949b5b2f021c31ea58b273f1b0e8a88,delivered,2017-09-23 03:28:35,2017-09-23 11:10:16,2017-09-25 19:25:03,2017-10-20 21:59:47,2017-10-25 00:00:00
7001abbf1e0f0ba850285e46d880346d,5e7a903a7e65a88ab2458fb54b667183,delivered,2017-10-05 22:00:49,2017-10-05 22:14:18,2017-10-06 19:58:05,2017-10-11 21:27:46,2017-10-30 00:00:00
49243d0f8a5479df0f4f41f8c41fdc19,3d98c8b2cbd7cd489ad32f6d832e78aa,delivered,2018-04-19 14:15:38,2018-04-19 14:35:19,2018-04-20 00:21:38,2018-04-27 17:10:00,2018-05-11 00:00:00
2146afbdb82c47a7d5e459bfee91e760,691d40208631cd03af65dad66c462d03,delivered,2018-06-26 15:11:14,2018-06-27 12:33:28,2018-06-28 15:12:00,2018-07-10 18:08:39,2018-08-02 00:00:00
b1df036dc7d09224799cc86971761374,15186bfce5ee72aa7a1cef6aff5aebea,delivered,2018-01-30 21:05:55,2018-02-01 02:56:14,2018-02-05 16:32:18,2018-02-14 15:47:30,2018-03-07 00:00:00
942e72b3badcc620649a63aca9e9f8a9,48bcccea0c9620dda14842974c86ed30,delivered,2017-08-04 17:25:10,2017-08-04 17:43:28,2017-08-08 15:20:17,2017-08-12 12:23:32,2017-08-24 00:00:00
b165a0179ee138cb24d5cffb1129afb5,c838dbe3c48132e437910dcbae9328eb,delivered,2018-05-07 21:48:28,2018-05-07 22:11:25,2018-05-08 13:20:00,2018-05-10 19:42:37,2018-05-21 00:00:00
5d32f74219b2e35ba14aba07eb94c981,e4f1d766f1f9a7c3e4c5b6c0ea3c7ad3,delivered,2017-07-02 23:23:50,2017-07-03 00:00:18,2017-07-03 14:56:55,2017-08-17 18:12:45,2017-07-25 00:00:00
d32c8abcdc749f46da62424028a3aba0,c46caa33903009c5d564463033bbfadb,delivered,2018-08-22 14:24:54,2018-08-22 14:35:25,2018-08-23 15:33:00,2018-08-28 15:41:46,2018-08-29 00:00:00
528d1ebb9f5a8601f7c1d21e05412b2f,c3fbf67004ec7cb05dbd7300afdbd4d8,delivered,2017-04-15 12:30:59,2017-04-15 12:43:01,2017-04-19 06:12:29,2017-05-12 13:09:36,2017-06-01 00:00:00
817d06b166fc9d959c55555ec8314b8e,4dc1dcdcfff7cfebc6ace9d059d5a61e,delivered,2018-02-24 14:54:23,2018-02-24 15:40:26,2018-02-26 17:25:39,2018-02-28 01:13:20,2018-03-12 00:00:00
155b8d68c3b628276ee63d869db6efa9,b5560c9b0a129719a3092f7b36b5e5e1,delivered,2017-12-02 21:58:25,2017-12-02 22:09:30,2017-12-04 21:43:13,2017-12-12 21:27:33,2018-01-04 00:00:00
099e239a7cce8ed6ef0905feb80808c0,57a16805e4ec6a43a9603e3a36fafdea,delivered,2018-06-04 08:35:20,2018-06-06 02:54:16,2018-06-07 06:50:00,2018-06-22 01:32:46,2018-07-20 00:00:00
a5a76b3c38acb63a4d867b5f3f59f941,83d0d1b5d2c740607c17530494a5cf88,delivered,2017-10-19 15:46:52,2017-10-21 02:49:31,2017-10-25 20:32:57,2017-11-03 19:10:16,2017-11-14 00:00:00
a8b34e4d3af0e20aff71bb5392bf8953,7f0e948e7ecc96fac34618f881010e73,delivered,2017-08-31 18:06:36,2017-08-31 18:24:24,2017-09-05 21:50:02,2017-09-06 20:14:06,2017-09-13 00:00:00
090d3784ef3038b64220941aa370584b,75aee3f7800d3d43002e7d5705c31b4a,delivered,2017-09-20 19:29:18,2017-09-22 04:05:11,2017-09-25 16:58:59,2017-10-02 20:03:12,2017-10-17 00:00:00
efbb2bc2e3c82743c650b6bc29a722bb,654f7f79950acb5222c49c6bc56dff1a,delivered,2017-02-17 09:06:20,2017-02-17 09:15:16,2017-02-17 11:20:55,2017-02-24 10:49:53,2017-04-07 00:00:00
eb9afe3c048ef7be0e99305193ee4ded,01f122c4617c17afeba8f9bf49babfbc,delivered,2017-03-28 19:43:46,2017-03-28 19:55:20,2017-03-29 15:15:20,2017-04-07 07:13:09,2017-04-24 00:00:00
4ffa6925f9e9d85f1da329843f349238,1d86bef4435e86c93f884cfcca6bd468,delivered,2018-04-30 16:27:53,2018-05-01 02:53:15,2018-05-03 11:09:00,2018-05-10 20:21:07,2018-05-23 00:00:00
c42fc2236969fb19c13d8ca77e1d4133,e1a315dd70805541f007a6f6ec571407,delivered,2017-07-23 11:48:52,2017-07-23 12:03:18,2017-07-26 20:28:37,2017-08-08 20:55:08,2017-08-21 00:00:00
ed8c7b1b3eb256c70ce0c74231e1da88,da0ba2a9935bca5b4610b0e3bca9d3b4,delivered,2016-10-04 09:59:03,2016-10-04 10:25:46,2016-11-11 15:29:14,2016-11-18 08:51:07,2016-11-24 00:00:00
d0d30d1f6b48c8e1266d9b960dc191d5,74feb5089eb1fcb37b967edd6964212d,delivered,2017-07-30 03:06:36,2017-07-30 03:22:59,2017-07-31 14:16:55,2017-08-04 19:04:49,2017-08-22 00:00:00
dcc94a4d78476fb4123a1cfc3c8669f6,ef70585eef557ba48b24ea28f74726e4,delivered,2017-07-17 17:14:41,2017-07-17 17:25:19,2017-07-20 17:42:23,2017-08-02 22:45:12,2017-08-22 00:00:00
920037eb65e06896719e05ae4a042840,18b2c355fe0a6a6acbd4807fd15605f2,delivered,2017-06-30 19:41:39,2017-07-01 04:50:20,2017-07-07 19:03:37,2017-07-14 18:13:32,2017-08-07 00:00:00
d029fdde9d52a038f0de4e9ac1f7c9ad,ca7eaeb80f954232c07a1d7a86ca342f,delivered,2017-02-04 22:38:49,2017-02-04 22:50:16,2017-02-07 15:14:25,2017-02-16 16:05:10,2017-03-15 00:00:00
626b7b0d7f30837e78fbb5068cc7b94b,90ec4cad530274537eece7ace3f5608b,delivered,2018-03-16 13:00:19,2018-03-16 13:10:50,2018-03-21 01:26:42,2018-04-18 23:28:44,2018-04-13 00:00:00
affd57fb0daa6ba18e47cb9f31c2bc65,fbff61e9ded6d5e39288096326996156,delivered,2017-10-23 13:19:38,2017-10-24 06:34:50,2017-10-25 21:36:35,2017-10-31 21:31:57,2017-11-14 00:00:00
f62f42fbbc35ac4b000282839c369f9a,57bd01b687ed2ca2565730ba32a15d06,delivered,2018-05-28 17:58:09,2018-05-29 03:31:19,2018-05-29 15:09:00,2018-06-01 16:28:46,2018-06-20 00:00:00
53170b475d08133ec3081a6e41410b57,0977b161f34aad39d8f289631682299a,delivered,2018-04-24 20:50:41,2018-04-24 21:12:51,2018-04-27 14:26:00,2018-04-30 16:22:16,2018-05-08 00:00:00
ae2834f54ef9bb766fbce5cad77ef198,6ab69ffc7a0af325a7064504ae00b58c,delivered,2018-07-29 19:27:50,2018-07-30 18:31:01,2018-08-03 07:58:00,2018-08-16 17:18:52,2018-08-14 00:00:00
b4cfa6c1beefe05bb9c7d2ec59a3773a,51b6c0ad67128656b6e4c745c947e6b1,delivered,2017-11-08 21:09:12,2017-11-10 03:06:28,2017-11-14 20:16:47,2017-11-25 16:18:44,2017-12-06 00:00:00
87a3056e3a34f6089763de4cbe685aca,7249aeebb90123d9d960c6ae79bbd9cf,delivered,2017-05-07 15:53:31,2017-05-07 16:05:18,2017-05-09 10:33:16,2017-05-16 09:43:00,2017-06-01 00:00:00
a0c4e650ec3c9611c78fbaab9cf405a4,0462be0a9892418817ec41fd7c39a57b,delivered,2017-04-18 09:06:56,2017-04-18 09:15:17,2017-04-20 17:57:44,2017-05-10 13:06:36,2017-05-22 00:00:00
5ce986272f529d7283807d7531369a0d,05dbb675426a8a2208f1f38589ac3d87,delivered,2018-04-16 13:35:09,2018-04-16 14:33:04,2018-04-16 23:51:11,2018-04-20 18:32:55,2018-05-09 00:00:00
2834df5b9308669a563063234a742910,7bbaaf1c03c9d5a7d17c6b0ddd7374b5,delivered,2018-06-28 15:18:32,2018-06-28 15:31:18,2018-06-28 15:41:00,2018-07-05 20:03:48,2018-07-25 00:00:00
0d3e289cfc790ac7f02c3445a077d569,5b4464a3fd4e23e7871335d735b458a7,delivered,2018-02-12 10:18:10,2018-02-12 10:30:41,2018-02-16 02:09:17,2018-03-12 18:47:20,2018-03-19 00:00:00
b8d77039678b54ada97e6420b3272850,841e56fbee6e9b955edee71e568cedc1,delivered,2018-02-23 13:33:11,2018-02-23 13:50:30,2018-02-24 00:09:04,2018-02-25 13:58:30,2018-03-09 00:00:00
23e7b127e0b192c6d4d455425d54d44e,4bb0b6ffdc48ed8752a69999f1229f33,delivered,2017-10-25 10:31:59,2017-10-25 10:49:18,2017-11-06 19:37:55,2017-11-14 21:11:44,2017-12-01 00:00:00
76026df544b7b05894c94864566f46cf,afe3983bfb0b6424e85881a5cc4e1d74,delivered,2017-06-30 18:14:19,2017-06-30 18:25:15,2017-07-03 12:33:28,2017-07-08 15:09:29,2017-07-17 00:00:00
d5497f2d48ae06c4841d41e5ce965d00,4b6f4d63edc3df825d7cd8a0bcbf5dd3,delivered,2018-06-29 17:55:08,2018-06-29 18:10:40,2018-07-03 05:29:00,2018-07-13 00:41:04,2018-08-02 00:00:00
a39d683227f5d57b1222a84651b03b1c,1cb7d00b544d87bd4d01003547da0994,delivered,2017-07-26 20:44:18,2017-07-26 21:20:08,2017-07-27 19:59:23,2017-08-03 19:15:31,2017-08-23 00:00:00
92191a18c93398f89e65a47109c724ab,f5803a58d22330df48628d47d25093e5,delivered,2018-04-03 13:05:34,2018-04-04 03:29:22,2018-04-04 19:28:38,2018-04-09 18:58:44,2018-04-23 00:00:00
d43e30d5d28bc173660aeae6559e535a,b7c160e9b11e4b123911c049e1cd5908,delivered,2017-06-17 18:16:06,2017-06-20 10:30:23,2017-06-26 16:24:44,2017-07-12 13:49:28,2017-07-07 00:00:00
f47d6af60927db6bd34707fb06c0ad61,9d2d86df6192506a8173991de7e90b17,delivered,2018-02-02 14:24:47,2018-02-02 15:31:20,2018-02-03 01:05:26,2018-02-15 21:18:43,2018-03-01 00:00:00
bd34c0a8e58e5e3a0116f8be431a86ff,4469f1534888f1ea21c3be93e3bb6645,delivered,2018-02-28 20:01:51,2018-02-28 20:15:34,2018-03-01 20:55:11,2018-03-09 18:22:06,2018-03-21 00:00:00
c348c4e34af674e33ac82ad18ce5404c,8332fdbcef7a49b3863dfa794fa9a93d,delivered,2017-04-20 02:48:08,2017-04-21 05:15:31,2017-04-24 13:41:20,2017-05-02 13:28:34,2017-05-24 00:00:00
cd24256f456d55df11e3049017c86d05,846a4b8f5a1ef6bb498fdea341f425a3,delivered,2017-11-14 17:27:48,2017-11-14 17:35:47,2017-11-17 19:14:46,2017-11-23 18:49:02,2017-12-07 00:00:00
5d2331c2b9c856b5b42d3c9f0c9b97cc,251a0c3704affcfc069c2ed0ec3937b7,delivered,2018-08-19 18:36:01,2018-08-21 04:50:08,2018-08-21 13:56:00,2018-08-24 15:06:51,2018-09-13 00:00:00
34c2c4f024cb4f1fa2209be39f42ccbe,ea7cef87ea0f402e1eccc03f201a01b5,delivered,2017-11-25 09:51:36,2017-11-25 09:58:52,2017-11-30 22:42:58,2017-12-05 19:09:10,2017-12-22 00:00:00
669a663f230d97aa7f73a763ce435bcb,6d5a5dfa222fc57375d506ceda90a1a9,delivered,2018-05-12 20:21:55,2018-05-12 20:35:53,2018-05-14 12:14:00,2018-05-18 18:58:41,2018-06-06 00:00:00
a01f15efc2aa7e4ee731663d69c0f0e2,8fcd113dea7cad87e66f1d76c4e25b8c,delivered,2018-03-24 16:29:50,2018-03-24 16:48:03,2018-03-27 00:58:32,2018-04-06 23:27:48,2018-04-16 00:00:00
6b5f3d1c52d94dad724c01a4bacaa6e9,113834921a2754d784a4da33e14081b9,delivered,2017-11-30 23:04:34,2017-12-01 10:31:08,2017-12-06 17:03:30,2017-12-08 20:49:01,2017-12-22 00:00:00
6653526158fc41798fd489f9b3c86b56,6891f408eff19028a930876c13bdbc05,delivered,2018-07-27 09:14:53,2018-07-28 09:10:16,2018-07-30 12:02:00,2018-07-31 23:27:38,2018-08-02 00:00:00
6c3753f7fbeb117d143039b581ad02e8,52c3448009af9ce4e24f1ed762fcc419,delivered,2017-04-04 15:05:08,2017-04-04 15:15:30,2017-04-05 16:35:50,2017-04-11 18:08:27,2017-05-02 00:00:00
fb48c152551174a69444383a2a7dce73,da0198a12413775e44e59d0a0277133a,delivered,2018-05-10 07:59:50,2018-05-10 08:18:24,2018-05-11 08:17:00,2018-05-17 12:44:20,2018-06-04 00:00:00
dadd179aa43944bfe3ebc6e6188b2606,b3c273a2f1c0a7b1e53842aa86de27ad,delivered,2017-10-16 17:11:22,2017-10-16 17:35:19,2017-10-20 15:51:52,2017-10-24 19:50:03,2017-10-26 00:00:00
bd53eaf563a119c58bdf9a9d5b8cd012,c288690c43e1c2c09d8fc016e69a57c0,delivered,2018-05-25 20:44:28,2018-05-25 21:13:02,2018-05-29 07:31:00,2018-06-20 18:21:54,2018-07-05 00:00:00
4af5a8a71daf651bf0a9d449d3d1a27b,d36e7da2b4f536d9716d6ad5f5cf918a,delivered,2017-08-02 19:55:32,2017-08-02 20:05:31,2017-08-04 18:10:04,2017-08-07 21:23:01,2017-08-24 00:00:00
17b129bc47ae24191ca5670deaa170f5,a01b75a620854e00adb420daa4ceb4bb,delivered,2017-08-14 23:11:01,2017-08-15 00:05:10,2017-08-17 18:47:29,2017-09-19 15:00:41,2017-09-15 00:00:00
9f14c1ef946ed872bfb5f6c2ca8adc3e,a537858810eb8ddfcfa501d1248a574f,delivered,2018-07-31 18:08:50,2018-08-02 05:25:12,2018-08-06 12:24:00,2018-08-13 18:04:32,2018-08-23 00:00:00
f8e3cc453fdc62a2a374893143fcbd09,7f22d459ef7dbd02b51bfb03eb56c90c,delivered,2018-07-20 14:20:00,2018-07-20 14:30:16,2018-07-23 16:20:00,2018-07-26 17:02:57,2018-07-31 00:00:00
4cc65e8e0ab1879889ab53fbcd422978,120c8df146de37740fbd8d7dee9c0137,delivered,2017-12-10 11:46:25,2017-12-10 11:55:29,2017-12-12 20:52:31,2018-01-04 16:41:31,2018-01-10 00:00:00
8736bdf66d2a95b749c3fb6c3108f819,ab55387d1feda27c9ce4b84f8f83738f,delivered,2017-05-21 14:05:34,2017-05-23 04:22:32,2017-05-23 10:19:29,2017-05-25 10:43:49,2017-06-02 00:00:00
a8097c0d6367263ed08ac7fa6b864235,63818bdafc7f8f42cbe050738e7910d5,delivered,2017-04-16 14:43:09,2017-04-18 03:45:48,2017-04-24 09:05:56,2017-05-16 16:15:52,2017-05-25 00:00:00
9a32ca8df0a427cfa29f5d87fb0e95c4,83f30778c676fe7faee499b6747e65b9,delivered,2017-03-25 13:47:24,2017-03-25 13:55:19,2017-03-27 18:05:09,2017-03-29 12:47:46,2017-04-19 00:00:00
09ce422617b0ec4c246ceb2922ea1ea1,b1ac696f4c189722e28f5fde229eacc5,delivered,2018-08-22 10:48:54,2018-08-22 11:04:30,2018-08-22 16:12:00,2018-08-30 20:44:47,2018-09-04 00:00:00
e7938bd84b6b7a281bce96a5bc2340f8,957b5e85d727127eaec47b49fcdba8a6,delivered,2018-04-23 23:06:02,2018-04-24 19:29:10,2018-04-25 15:04:00,2018-05-10 22:58:59,2018-05-23 00:00:00
bdc8ad2774884e6f7b10ee90761f7d5d,0b545118ce6dfb41c9a991d3bf766114,delivered,2017-12-09 18:24:43,2017-12-09 18:32:24,2017-12-12 22:07:08,2017-12-16 15:58:55,2018-01-04 00:00:00
89be631fd4bcaeb41bbc2f969b37aecf,41a940125f7b30d8219a2672baba478c,delivered,2018-01-02 11:07:23,2018-01-03 11:07:20,2018-01-08 22:04:05,2018-01-26 13:22:57,2018-03-07 00:00:00
1b18e6ee3de8cd87b0cdacb211b383f5,fbe225baed4592b63f36a5645b2496fc,delivered,2017-08-27 17:45:33,2017-08-27 17:55:18,2017-08-28 20:33:50,2017-09-05 20:46:57,2017-09-20 00:00:00
4a57b5cc52a26431753d6ad8668a3e54,47e5f05cd3db659473c90f13006ac96a,delivered,2017-07-24 16:57:16,2017-07-24 17:10:11,2017-07-28 17:38:55,2017-08-01 15:31:29,2017-08-08 00:00:00
02b8c16664d3c254052472397ae6d244,7a629fdfaab8a550e6b9ee97c4ec25de,delivered,2017-08-15 09:37:46,2017-08-17 02:45:23,2017-08-17 17:59:03,2017-08-24 19:28:49,2017-09-06 00:00:00
32f46692d9d85353f5f51f9ffd04e90a,e52e202c6b07b48da9d8696af1bdde90,delivered,2018-07-07 10:42:35,2018-07-07 10:55:16,2018-07-10 13:59:00,2018-07-13 21:29:41,2018-07-30 00:00:00
be454ec4b7cf35a9dfdb8489e9b000b1,dc312943c0d59bc2a318d289cd7beefa,delivered,2017-10-26 14:40:31,2017-10-26 14:56:26,2017-11-10 01:48:15,2017-11-24 19:12:51,2017-11-29 00:00:00
a4b6f56ce9547b22c5e8e3e58e56ea08,c2415c8295a7fdd394202960f3d8b061,delivered,2017-10-11 16:43:19,2017-10-11 16:56:47,2017-10-30 21:24:59,2017-11-03 19:22:56,2017-11-13 00:00:00
aa8349da5e4a45c547cfac79368e930d,ac985dc42c574f505df2a402031d7746,delivered,2018-06-03 09:51:47,2018-06-03 10:15:16,2018-06-05 14:21:00,2018-06-20 15:06:44,2018-07-19 00:00:00
d9d8dc6068a3a115e15bc276d53afc8e,5fdd49edb09becac48278186f305ccc0,delivered,2018-07-22 16:42:36,2018-07-23 12:31:35,2018-07-30 13:23:00,2018-08-02 21:45:40,2018-08-20 00:00:00
c48fcca52ed71dddb6f8433c2d7d49e3,07ef46981c45c7e31a55d3e2a85d90dd,delivered,2017-07-07 20:45:17,2017-07-07 20:55:15,2017-07-10 18:17:48,2017-07-13 20:22:12,2017-07-27 00:00:00
4dc5a389009b6cb5c61706d49f229a39,40ee2dbf97c0215d7c853f0f19b8d75c,delivered,2018-02-23 00:07:39,2018-02-23 00:15:51,2018-02-26 19:26:55,2018-05-28 21:47:43,2018-03-15 00:00:00
4daa7a4d91386678160a5f646293be29,073cb4e6d4c56f02630968213bbe083b,delivered,2018-07-13 18:16:24,2018-07-14 15:55:13,2018-07-16 11:35:00,2018-07-24 17:40:50,2018-08-13 00:00:00
0fb130991a0a1c824371ba3df52881f3,e3af2f250469e17b82d7faeab2e5d26a,delivered,2017-05-11 14:36:21,2017-05-11 14:45:15,2017-05-12 12:29:35,2017-05-15 14:26:43,2017-05-30 00:00:00
6644da2ecf4d36e3f23343c0915e7de0,891b9b2c4097f5127a0d07350a8bcca5,delivered,2017-09-16 21:03:02,2017-09-16 21:15:14,2017-09-18 18:52:47,2017-09-20 12:06:19,2017-09-28 00:00:00
9e0d565b6426f0ec14ee6e1be3047f8d,2c7f7bc25633eea4bbc7a09a1779e933,delivered,2018-08-09 09:17:04,2018-08-09 09:30:26,2018-08-09 13:44:00,2018-08-10 17:46:32,2018-08-14 00:00:00
2fae52333f99d7baf56f5aa89faa14a6,72a76d1faf29e4229fe17d09133654df,delivered,2018-03-11 21:06:14,2018-03-11 21:48:21,2018-03-12 21:26:51,2018-04-05 21:36:25,2018-04-06 00:00:00
933f646b0564df1cdc8c8b7427d7c116,d6b83ccafd98258fb986afe81823a923,delivered,2018-05-18 13:17:44,2018-05-18 13:36:37,2018-05-21 14:47:00,2018-06-05 23:38:30,2018-06-06 00:00:00
e2747b7f8ef2d891fc5c127dc44c68b5,36a49b54cbbe46996c20730dcc059f30,delivered,2017-07-27 22:41:07,2017-07-27 22:55:19,2017-08-04 20:13:58,2017-08-08 15:20:17,2017-08-15 00:00:00
334062cc253eacbccdb7825335f7b815,9a56e99aeffb0d929f73eb7c556f4c6e,delivered,2017-05-02 19:41:44,2017-05-03 16:02:50,2017-05-04 12:05:29,2017-05-18 06:55:28,2017-05-31 00:00:00
628208ac37365620cce723ba58775d8d,1bf918ef7f7109ab40fce559804b274e,delivered,2017-11-24 01:15:09,2017-11-24 01:33:22,2017-11-25 12:28:53,2017-11-30 17:46:41,2017-12-15 00:00:00
07a038893865b59b24c46892652be2b7,0ee2a7b14cf16326830092602fd73cc8,delivered,2018-07-10 20:06:29,2018-07-11 20:06:07,2018-07-12 16:03:00,2018-07-24 17:32:40,2018-08-07 00:00:00
661c0c83032f531b95828bf7a106354e,bb450f184d3e7246bd9094c8eaa16ff6,delivered,2017-05-06 10:17:24,2017-05-06 10:25:20,2017-05-10 13:01:09,2017-05-12 14:27:42,2017-05-29 00:00:00
0bd6ba2a0ad5458f31a20239363b2e00,32ae8ecaf26fb3a2a0cb81bcc3049657,delivered,2017-08-11 11:29:20,2017-08-11 11:44:17,2017-08-14 14:58:01,2017-09-04 13:34:13,2017-08-31 00:00:00
17b8e90e60f4d19615b77562e40de425,bdb70e23244bbca569252010f16447b1,delivered,2018-07-30 13:59:55,2018-07-30 14:30:42,2018-07-30 15:08:00,2018-08-02 16:58:55,2018-08-09 00:00:00
1d67293aa79feef7aac612621d710869,5c5cc05bf0bfa425bf49a230db1871fa,delivered,2018-06-19 21:55:43,2018-06-19 22:16:03,2018-06-20 13:47:00,2018-06-26 16:58:44,2018-07-24 00:00:00
69a416ca37d8dcf85093a41ddc92fcd5,f4d390cc7c012341c0caef6141d1db8a,delivered,2018-02-20 16:29:00,2018-02-20 16:50:32,2018-02-22 21:42:03,2018-03-01 23:24:59,2018-03-15 00:00:00
6fec4ed02a4de8f4e7e064591aa2c5eb,2bd5509ed2fb45c04d0e44b9094fe195,delivered,2017-10-24 12:45:21,2017-10-25 02:28:06,2017-10-26 21:24:57,2017-11-07 20:13:13,2017-11-23 00:00:00
991bf1c6e96eaac9da55927eda155d99,d71aa2b6fa422c7be155f0a82629bcdc,delivered,2018-06-25 08:52:14,2018-06-25 09:19:14,2018-06-25 15:01:00,2018-06-26 18:23:53,2018-07-12 00:00:00
8b56c0315e44af9a56cef82dce0aa443,11436d35136d8c9362a1438a71c7f725,delivered,2018-04-01 12:45:59,2018-04-01 12:55:32,2018-04-03 20:04:20,2018-04-09 21:38:40,2018-04-19 00:00:00
2d14eed4ba25e17b811cec469919d16c,48131e6c0bf7bd798cc529d5cbaf3835,delivered,2018-01-17 10:42:45,2018-01-17 10:52:26,2018-01-18 12:55:08,2018-02-06 18:03:10,2018-02-14 00:00:00
593608ed6695aef889973ce8a45506b4,f9a0b9c3252efbe163954fcec5f0146a,delivered,2018-08-15 17:29:24,2018-08-15 17:44:18,2018-08-16 12:28:00,2018-08-20 18:38:56,2018-08-28 00:00:00
49693494d8f42b42b80c8241976f8460,3651260dcfacc8962f8ba0a0df6000cf,delivered,2017-05-03 01:40:46,2017-05-04 10:03:02,2017-05-05 14:20:43,2017-05-18 08:46:13,2017-06-05 00:00:00
9c91511c612eb17f1db8e983907b803d,b31c810ce3c9ca8efb636a764db82bd3,delivered,2018-05-01 18:24:28,2018-05-01 18:35:28,2018-05-02 16:58:00,2018-05-08 16:35:41,2018-06-06 00:00:00
9cd4acec394235fdf417882afb629ae6,ec862d3ecc84eb50ec17e5c261d55088,delivered,2017-06-30 11:11:04,2017-06-30 11:23:43,2017-07-05 12:29:55,2017-07-10 18:47:51,2017-07-28 00:00:00
54cf02ae7c090640834d4f9d190f3b9d,353a77315095c1816b31ba0c89421c42,delivered,2018-03-20 10:23:27,2018-03-20 10:35:28,2018-03-23 00:22:55,2018-04-17 18:44:37,2018-04-11 00:00:00
3ef3c91a36437f7a1e4d4556a0543004,8aa914a8e1b5a4238dbc4391cd5643f8,delivered,2018-05-16 19:28:08,2018-05-17 02:55:39,2018-05-17 15:34:00,2018-06-04 22:56:30,2018-06-04 00:00:00
d6408f7d8bf528bd4da31835b3b00079,ca683c50ca0dd0c98b72cc2360669f62,delivered,2017-05-06 10:13:03,2017-05-06 10:25:17,2017-05-08 15:30:04,2017-05-15 18:00:11,2017-06-01 00:00:00
cdc46284224b13e760bee16b9d652377,58cd637ffe1e0112425f0b869014919f,delivered,2018-03-06 23:18:27,2018-03-06 23:30:43,2018-03-10 00:22:42,2018-03-13 23:13:31,2018-03-16 00:00:00
3d93d8068cdb0206fc87b5d539a45f6b,50fe74772bbe79551d435c4a6437775d,delivered,2017-11-08 15:37:57,2017-11-09 05:31:37,2017-11-16 13:16:38,2017-11-17 17:37:53,2017-11-22 00:00:00
86d715fc34a3dcdaa28d66fab140f969,a7f82e1125c54768904826f919fb24e2,delivered,2018-08-15 21:45:02,2018-08-15 22:04:08,2018-08-16 13:19:00,2018-08-17 20:18:20,2018-08-22 00:00:00
de62c623a2a61737b9657f43da8be923,8d99c2b0f22b32e0c272f62ee2161791,delivered,2017-12-22 01:19:08,2017-12-22 01:29:46,2017-12-22 22:04:26,2018-01-06 01:08:35,2018-01-23 00:00:00
3064f25efd77a992ee9def050c0eaf36,01a666b8081772ddb748b5aaf9dc8bea,delivered,2018-03-22 10:09:52,2018-03-22 10:29:30,2018-03-28 00:36:34,2018-04-03 09:55:24,2018-04-10 00:00:00
9a1d09360fb93ff8ae57b066fe14bc62,8c6d6ced29074dffd258f47c91c215a3,delivered,2018-06-29 17:53:10,2018-06-30 04:35:20,2018-07-03 06:23:00,2018-07-06 13:54:42,2018-08-01 00:00:00
34a1e7e0bd6987d552a7b050ad68a314,4fb3dd18946b6b46d97df8aaee3fc552,delivered,2017-05-15 11:23:57,2017-05-16 03:15:34,2017-05-16 09:03:25,2017-05-17 11:00:04,2017-05-24 00:00:00
fadebbbe984f86cdfdee2db28530bab8,c2965be789fc4b23fea5720b8f1aceac,delivered,2017-12-01 20:53:19,2017-12-01 21:24:11,2017-12-04 19:43:14,2017-12-05 19:04:44,2017-12-19 00:00:00
6fcbf1246440ef1de682fcab6ad5757d,d2b401a6c35de1f9edb7eafa56e43e76,delivered,2017-03-05 17:09:24,2017-03-05 17:15:12,2017-03-06 08:43:50,2017-03-14 10:46:03,2017-03-31 00:00:00
69eb4e39c354fbaad34489675c55608a,38dfb762919427e7ebdb0acae542419e,delivered,2018-03-04 07:16:07,2018-03-04 07:30:24,2018-03-05 19:12:50,2018-03-09 18:34:48,2018-03-21 00:00:00
0896eccb8187d6b1738ce4a3a1add1b3,50b848cc87798c6c8261280fbe780227,delivered,2018-08-13 12:16:56,2018-08-13 12:30:38,2018-08-13 17:57:00,2018-08-17 19:11:53,2018-08-21 00:00:00
84d151f7573342933c5d715a7911895c,2397863318f443e6971e4c13ec92ea1c,delivered,2017-06-18 23:41:52,2017-06-18 23:50:19,2017-06-19 12:49:00,2017-06-23 11:19:43,2017-07-11 00:00:00
e36a4fbf27caa37b5430a40dfef1c8a2,882582df98d24d5a38850e0ab4e76c18,delivered,2017-09-05 17:41:53,2017-09-05 18:06:47,2017-09-12 18:22:10,2017-09-20 15:16:10,2017-09-27 00:00:00
e43508515d5e7a615643e552dc54a970,a51e51061b16caaab0897c3fecc69433,shipped,2018-03-14 09:09:21,2018-03-14 10:28:16,2018-03-15 19:44:45,,2018-04-06 00:00:00
6e2ad17eed7ed4d65a36f2441c7fbf9a,b8fddae33aa890b5257dcd48739337e8,delivered,2017-05-18 18:01:57,2017-05-18 18:10:19,2017-05-19 12:06:09,2017-05-30 04:12:29,2017-06-19 00:00:00
80e6ab36fbbf96f969a371eb7bdbcb86,e64e724438b1417c3d6d94ead72d695c,delivered,2018-01-19 00:11:12,2018-01-19 00:36:51,2018-01-22 22:17:49,2018-01-30 21:34:05,2018-02-23 00:00:00
ce0102221c8d12a97979c74d09cca282,2f2953781d398425eca1c9f1ba912130,delivered,2017-05-19 10:02:07,2017-05-20 04:03:05,2017-05-23 08:39:59,2017-06-01 16:14:51,2017-06-23 00:00:00
db4f107fcd5c5dac40c23f70a64f2031,d78f08c9bd470ca56216a86cec735e14,delivered,2017-06-05 21:06:41,2017-06-06 10:30:20,2017-06-08 11:44:55,2017-06-13 18:20:17,2017-06-30 00:00:00
d9b83939c87f115af94149c7cfb516c4,4d8a3c18eaa2150d9a6069cb71191a1b,delivered,2017-09-19 17:31:35,2017-09-20 17:44:29,2017-09-22 18:35:12,2017-10-05 18:40:08,2017-10-10 00:00:00
388f58cb744d94d4985a505fb3cc6cc4,6669b45fef295b28b7500941fb1aa451,delivered,2018-01-05 11:55:26,2018-01-09 07:24:24,2018-01-17 14:45:13,2018-01-18 17:32:42,2018-02-23 00:00:00
e5f7b0fcd51ebf0d97581828ec5e7c52,db6636abed318391632d45db084bd303,delivered,2018-03-15 15:06:34,2018-03-15 15:29:23,2018-03-16 16:08:43,2018-03-29 20:03:55,2018-04-06 00:00:00
e987209899819f8d27a6353eb3a164e2,7c88c30cd51c2a11ad92944941e6e03b,delivered,2017-12-26 09:15:18,2017-12-26 09:27:28,2017-12-26 19:22:04,2018-01-03 14:22:30,2018-01-15 00:00:00
6654318656fd2cac598dec43a9cb7fd6,7f92a87826d04c93590c2c69200b9085,delivered,2017-06-03 10:43:53,2017-06-03 10:55:14,2017-06-05 09:33:44,2017-06-13 15:53:08,2017-07-05 00:00:00
a8f5ea0830ac9ffd1d2864434bcddb70,e9bca2aac8f400109e997596326d9227,delivered,2018-05-28 20:21:30,2018-05-28 20:36:38,2018-05-29 07:48:00,2018-06-08 20:06:36,2018-07-13 00:00:00
bbad587fa5bcc15bc645c80133126e39,656e61eb5c775d02c90380ef62a206ec,delivered,2017-11-27 19:48:07,2017-11-27 19:58:45,2017-11-30 17:17:47,2017-12-08 23:07:47,2017-12-15 00:00:00
b32669c7ee374ba5372e0824e5ec560c,b80ecede4483f7ca92378b5b0903bb6e,delivered,2018-01-09 22:19:35,2018-01-10 10:32:53,2018-01-10 21:21:53,2018-01-17 12:55:12,2018-02-02 00:00:00
dd1254ca982d33390f4268c104bcb5b3,c5f44836bcc16b7942d09800e7f23f99,delivered,2018-08-12 13:03:21,2018-08-14 08:50:21,2018-08-15 14:26:00,2018-08-22 13:52:41,2018-09-10 00:00:00
6054d8418ec326a7a9382171632b7a7d,06ebadeeb0acfedd1526d66bfb71b061,delivered,2018-07-22 18:35:13,2018-07-24 22:04:17,2018-07-25 11:07:00,2018-08-04 14:46:52,2018-08-16 00:00:00
be9fb10d58d9a2df903271600e76e32f,5836089b5b463ed01398e1896b202bef,delivered,2018-08-04 16:41:57,2018-08-04 16:50:20,2018-08-06 17:07:00,2018-08-13 23:26:50,2018-08-20 00:00:00
a2558c154c13e3fbf56a48c8b364ba1b,7299343483ef67319b28e484002c40d8,delivered,2018-06-10 21:20:12,2018-06-10 21:37:19,2018-06-11 11:38:00,2018-06-18 22:09:48,2018-06-29 00:00:00
96b947c986b42f213c9e6b8ccccedb89,0be97ebc9313a86e02d3b7cdd7e5f1a6,canceled,2018-07-30 13:00:56,2018-07-31 03:55:23,,,2018-08-22 00:00:00
6fdfefccad3a0118a8c8957249158771,7389ce9498dd27c46fc01c39626b6499,delivered,2017-12-11 23:55:52,2017-12-12 00:19:36,2017-12-13 22:55:01,2017-12-19 00:28:26,2017-12-29 00:00:00
ae0c46b648d9039d75ff554b61e292b3,8407856064f21b0b4502e7722f213577,delivered,2017-09-18 22:48:56,2017-09-20 02:11:26,2017-09-22 18:37:58,2017-09-28 19:16:55,2017-10-04 00:00:00
985bcbededbcdec4a04f505d68cc4117,e436ed5e3618131594f326ad13dc6c10,delivered,2018-04-02 20:45:08,2018-04-04 03:15:38,2018-04-10 01:18:26,2018-04-17 16:56:38,2018-05-07 00:00:00
21a700353585ff0d776cdde844166983,1af2b6993c484922951d0017979e65f2,delivered,2018-05-14 12:40:40,2018-05-14 12:55:38,2018-05-15 13:50:00,2018-05-18 13:32:23,2018-05-28 00:00:00
25565bbcafc22cee9f5789413e9a6ac9,e15fca521af3faf8a594328be6350905,delivered,2017-11-08 21:11:16,2017-11-08 21:26:32,2017-11-09 20:41:39,2017-11-21 18:09:03,2017-12-01 00:00:00
d757eef533ce8e541e4bfbf66b692ec9,8d4c810bc640a51297ba21205495bbd3,delivered,2018-07-16 15:45:19,2018-07-16 15:55:13,2018-07-20 11:57:00,2018-07-25 12:27:51,2018-08-06 00:00:00
d8522b11e5907c0a96797fb0b6835a92,005092c23e81812fbbe11fc6cf7e5316,delivered,2017-08-06 15:45:03,2017-08-06 15:55:19,2017-08-09 20:53:55,2017-08-23 20:27:48,2017-08-29 00:00:00
b8b4b6ea58c7d2465c0f66f7a5e9ee3e,7673be11b2ee7f61ebff0cbd16fd6b21,delivered,2017-11-23 23:09:48,2017-11-23 23:19:06,2017-11-24 17:48:38,2017-12-04 22:17:16,2017-12-14 00:00:00
993749e5e46aa8fb9bd80fc41c54307f,4602d06036a9af47ad9689fc12e47edb,delivered,2018-03-14 11:38:42,2018-03-14 11:55:30,2018-03-16 20:17:28,2018-03-22 11:16:28,2018-04-03 00:00:00
9e8ef3a707f0f0558057a948db92f600,a9a15a16da6c636112ab963546bec22c,delivered,2018-08-16 09:19:47,2018-08-16 09:35:11,2018-08-16 16:00:00,2018-08-28 22:06:33,2018-09-14 00:00:00
325c1aaf2915ee2e1f5f0b60758f11aa,76ebc39daa5ea881b6ce1ef9554f8b6f,delivered,2018-03-14 22:33:38,2018-03-14 22:50:07,2018-03-15 20:31:22,2018-03-23 16:53:42,2018-04-05 00:00:00
e38fb0d87dea5ab1a9c8e257fa716b80,a1719762c10f68d33412963f65d7efed,delivered,2017-09-14 09:10:31,2017-09-14 09:25:41,2017-09-14 19:23:36,2017-09-22 20:17:33,2017-09-26 00:00:00
8d171a848151e69e8f090fdbb50d4010,a10afcc34f66a704819e459a8f524ffa,canceled,2018-02-13 14:38:55,2018-02-15 04:07:13,2018-02-16 00:19:33,,2018-03-09 00:00:00
64b281751527cf3da5d9eb68c785cedf,aa213e6f66f6c3c075e569427d8344ce,delivered,2018-04-24 14:27:15,2018-04-24 18:05:54,2018-04-24 23:55:40,2018-05-09 16:37:38,2018-05-24 00:00:00
fbbc0a864330509c41ca4b4f0ff9b780,fb05a028450ab57468eb98f003a45b05,delivered,2017-07-13 16:20:44,2017-07-13 16:30:19,2017-07-14 18:48:00,2017-07-25 14:21:20,2017-08-08 00:00:00
6c34149971656b37763f96b5827de8dd,5c5200c0eb84b803bcf8e01f3a71cc1e,delivered,2018-02-28 10:46:18,2018-03-01 02:50:51,2018-03-02 00:03:46,2018-03-16 13:28:30,2018-03-14 00:00:00
d86e34fb55dbe6507acb469ef5d50906,34ffb9a7e46914a4e9cd359ef1cd8335,delivered,2018-02-07 05:01:53,2018-02-07 05:15:21,2018-02-08 14:19:49,2018-02-14 20:03:27,2018-03-05 00:00:00
649fa665ec97c1e0c786685fc3db9ba0,4a4f1dbbfa271ffdb1582b3c504b6385,delivered,2017-05-09 14:33:43,2017-05-11 04:22:40,2017-05-15 07:29:57,2017-05-22 08:46:38,2017-06-09 00:00:00
070d6fe21e7d454b11f1cb27ca2c15c0,ffbf82fe167e7156e06fc1778d6b1cea,delivered,2017-08-05 09:08:55,2017-08-05 09:23:12,2017-08-11 19:34:08,2017-08-26 14:34:02,2017-09-06 00:00:00
26ee148fb7de61a887e22108db88f609,08070f3e36c4cf9e295b028eaf7cd3b2,delivered,2017-08-04 12:11:30,2017-08-08 05:00:11,2017-08-09 21:05:29,2017-08-11 21:43:51,2017-08-17 00:00:00
d80bc8900db383324d145cfb1c1aa854,1de6c6c911ceda2be652cd0db03d930e,delivered,2018-05-26 07:48:45,2018-05-26 08:19:52,2018-05-29 14:10:00,2018-06-07 18:51:46,2018-07-04 00:00:00
f380a3a29b8b454d07e134ad890c93b3,5fa2daff047604045729c55aac7b6c3b,delivered,2017-06-22 22:30:56,2017-06-22 22:43:17,2017-06-23 12:35:59,2017-06-27 18:17:51,2017-07-12 00:00:00
ac44d431499dd1f572a4dc7408581e7f,30e77219a355a23da7a4d33dbc113b65,delivered,2017-09-28 12:47:50,2017-09-28 13:05:10,2017-09-28 20:48:54,2017-10-02 19:40:49,2017-10-24 00:00:00
2fdd596723c47b1dd0dcade4d2cd1df4,3faa0b42ec04b1eb50445122ce3b70d5,delivered,2018-07-31 20:50:52,2018-07-31 21:05:08,2018-08-03 14:18:00,2018-08-06 15:03:33,2018-08-07 00:00:00
d507676f180057d8346291ab234c201a,46b729c6d178a258bfe256fd7416dfa5,delivered,2018-05-15 18:53:52,2018-05-15 19:12:49,2018-05-16 11:51:00,2018-05-17 16:45:29,2018-06-01 00:00:00
630740e03f6373612399c5e8cca3c3c3,2c129946f032bb0318e850a5e6b8fc21,delivered,2018-05-14 18:49:05,2018-05-15 18:59:16,2018-05-21 15:10:00,2018-06-13 13:12:04,2018-05-30 00:00:00
f883e09a1fb01318052c6ab839efb34a,12dca0bf14588cc10f18a9f9abaef604,delivered,2016-10-10 12:54:37,2016-10-12 03:01:46,2016-10-14 18:00:00,2016-10-28 10:27:47,2016-12-12 00:00:00
5e8c4235c5941812c1831d835ae020fd,e787ddf38676914ffe9704e1766096ab,delivered,2018-04-07 20:39:43,2018-04-07 20:55:30,2018-04-11 18:21:35,2018-04-23 15:42:04,2018-05-02 00:00:00
7f54da866a82d947b1a3dc9a7c226dd1,403f34c52aacfa5d916ac5faba12e8fd,delivered,2017-07-21 15:26:31,2017-07-22 02:15:19,2017-07-27 22:17:48,2017-08-07 17:20:03,2017-08-21 00:00:00
0a485e9f82800bf8b36ae34ad2a91aa2,c6f55b8c3f988e35978224e981b26836,delivered,2017-10-13 10:21:42,2017-10-13 10:35:15,2017-10-17 11:02:59,2017-10-27 03:43:40,2017-11-21 00:00:00
c60a44d6c46309c86882ffce00a0b412,6cbea8a57483ec9eefcffbf5241657ee,unavailable,2017-02-15 11:25:14,2017-02-15 11:43:27,,,2017-03-14 00:00:00
1990de8a3c2672af049d7330b7ca9a2c,3d158d713800b81de221f62cda93a7d5,delivered,2018-04-14 12:10:32,2018-04-14 12:31:43,2018-04-17 12:41:40,2018-04-27 14:16:46,2018-05-17 00:00:00
53a24a678d0e83d0d3c718528aa0aece,a6676c68128a3af44c5df985bc3f8d67,delivered,2018-04-20 22:26:26,2018-04-24 18:13:57,2018-04-23 19:51:15,2018-04-24 20:57:25,2018-05-09 00:00:00
2624324bb721ec04118d0b81cee8c0db,1a7a79d7a95b83ab82bf34f68f0896ff,delivered,2017-12-06 16:48:17,2017-12-07 03:11:11,2017-12-07 19:41:40,2017-12-18 22:33:15,2018-01-04 00:00:00
f581282a5c459a970507563bf9893ba3,73fe187f16431a351b8e5462bbf89c0f,delivered,2018-04-17 11:21:31,2018-04-17 12:30:02,2018-04-17 21:37:49,2018-05-03 22:12:09,2018-05-14 00:00:00
e9a673444938dfb3ee73bc31383f2921,f720495cf4e467694ff915bbec4959c7,delivered,2018-03-19 12:54:50,2018-03-19 13:35:44,2018-03-23 15:24:26,2018-04-08 15:26:50,2018-04-12 00:00:00
c1cd3fb28c470198177d6ee1ef4c1d85,eb623d7609c7d1415a13fe492329eb69,delivered,2017-06-02 13:18:00,2017-06-02 13:30:20,2017-06-02 15:13:16,2017-06-08 13:20:05,2017-06-27 00:00:00
046735e8e55ac5d5eee44e008b9e9720,d87f9f36f8fa985c1d0c64981d5e1d7f,delivered,2018-03-24 22:39:49,2018-03-24 22:50:31,2018-03-26 15:42:25,2018-03-27 20:11:30,2018-04-06 00:00:00
1030193a05167a7f359eac22342727c7,e83f91be888c7639e7199ea309040d35,delivered,2018-06-10 15:10:13,2018-06-11 17:02:04,2018-06-13 11:28:00,2018-06-21 23:08:49,2018-07-31 00:00:00
c67cd7b6cbafcdaef31e33d7461f9e29,b36a94756f103af55a64207f5b13d6e9,delivered,2018-01-20 13:20:35,2018-01-20 13:42:05,2018-01-23 22:27:44,2018-02-08 17:28:57,2018-02-16 00:00:00
13d38ae5c379157b139b2bef4a906c7a,ac58c4227a6b6b12f7e158a96522f61d,delivered,2018-05-24 17:51:08,2018-05-25 02:55:01,2018-05-25 14:01:00,2018-06-05 18:18:28,2018-06-28 00:00:00
003423b755b562962a6225a8de40d12e,18f1bb6325d50619d5c13b7a25b869fd,delivered,2018-07-08 11:28:17,2018-07-10 04:25:09,2018-07-13 15:00:00,2018-07-24 21:33:38,2018-08-08 00:00:00
a894b3482b08ff3282f5a9c4485b7978,8bcf893cb7d4dc37ff1dbab13b19aaab,delivered,2017-02-24 11:01:04,2017-02-24 13:10:31,2017-03-01 13:01:19,2017-03-09 09:43:59,2017-03-21 00:00:00
9794be04f5fee945ef8dd4dbca5c66e7,77a882e71e78be084cfa7fe46811dd33,delivered,2017-04-13 08:21:08,2017-04-13 08:30:11,2017-04-13 11:27:16,2017-04-20 12:00:01,2017-05-09 00:00:00
969c5d020e2a752154208ff5f31972ad,00af928c0a307dfdb37122943a1e6902,delivered,2018-06-13 11:44:34,2018-06-13 12:33:11,2018-06-18 10:12:00,2018-06-25 17:38:31,2018-07-13 00:00:00
0764f8b9a45b0305b75e1bbd614ffaaa,093e5958897592f409553d0344ce50c2,delivered,2017-09-16 21:00:06,2017-09-16 21:10:10,2017-09-27 22:24:30,2017-10-01 11:52:06,2017-10-06 00:00:00
2d6d5c2b78cb21222438d162676a5bd2,f7ef746cb4eb72958f6ec8a332cbf172,delivered,2017-06-17 19:59:59,2017-06-17 20:10:13,2017-06-19 16:58:15,2017-06-29 14:06:31,2017-07-13 00:00:00
cab69d0a36811c4945aec2d4f744c8b5,2468eac8daf0e31ed4c5df419b32edb8,delivered,2018-06-16 21:53:42,2018-06-17 21:53:43,2018-06-19 14:59:00,2018-06-28 16:51:08,2018-07-18 00:00:00
33027744c5ca91afba6fe8b75bbfb6a1,3dff2d23e8303f61319ac5c3f7727567,delivered,2017-04-07 23:34:24,2017-04-07 23:45:10,2017-04-12 11:52:36,2017-04-19 13:18:49,2017-04-28 00:00:00
b82e0c4be79dce9a462c4f875936de33,4e79b9838e9e9bf470ea2c60b5ca8c5b,delivered,2018-05-04 18:45:04,2018-05-04 19:10:01,2018-05-07 15:03:00,2018-05-08 17:32:51,2018-05-17 00:00:00
830fc83eb6376eb2f375005e54d4801d,e4c5fd57c6efa79a60ee5feb51d5c448,delivered,2018-08-19 20:37:07,2018-08-21 04:29:34,2018-08-21 14:56:00,2018-08-28 18:21:52,2018-09-12 00:00:00
9c4a55a26e59e500b156faa5af6fbe53,21c6035a264c66dfcd1fd3b1c6207c54,delivered,2018-03-13 13:23:05,2018-03-13 13:30:29,2018-03-20 19:58:52,2018-03-28 22:26:40,2018-04-18 00:00:00
a794a761cfa371bfef4a514d8597898a,a32fc86b243a069dcdede4aa11b29aea,delivered,2017-10-13 09:53:16,2017-10-14 10:05:57,2017-10-17 19:53:20,2017-10-25 21:33:54,2017-11-09 00:00:00
19003d20e39028b9587c8b6b5b26170e,a091295e4e45129629e26dce69fba242,delivered,2017-12-25 17:02:41,2017-12-27 04:08:36,2017-12-27 17:23:12,2017-12-28 19:00:00,2018-01-15 00:00:00
3b7a97d5bd2789c9087188dbfa105445,7c30c73dff64648fbc10d968e6a134ff,delivered,2017-05-18 09:03:32,2017-05-19 16:02:56,2017-05-22 08:37:06,2017-05-26 09:04:02,2017-06-09 00:00:00
b53712c11389475059711525053a7f35,f04ca3cf98dc157b476848246c1e3af6,delivered,2018-01-03 09:44:33,2018-01-03 09:51:28,2018-01-04 17:44:42,2018-01-22 20:35:19,2018-02-06 00:00:00
afa4a5eb55c10c299c13478f1f092dc1,738b7ced38b8ff1176d4ca7dc74b4322,delivered,2018-06-16 01:05:37,2018-06-16 01:19:33,2018-06-19 14:14:00,2018-06-29 17:38:47,2018-07-19 00:00:00
2e0b3b0ef908939d3218bc60b4ddb793,32551508d9cab8b1b550dcc1c16ae792,delivered,2018-06-12 19:02:16,2018-06-12 19:27:32,2018-06-13 12:15:00,2018-06-21 18:46:24,2018-07-12 00:00:00
b37db6912ff47596467cd81b36818a5c,45fdb07446bcc42a741f1f8fd5884c55,delivered,2018-08-14 18:32:38,2018-08-14 19:04:10,2018-08-15 13:56:00,2018-08-24 20:34:49,2018-08-31 00:00:00
b955e1ecda001d15a6f9a0279d06ae5d,9f40492a2b160998fd79c9c4fa964c5f,delivered,2017-04-04 23:45:11,2017-04-05 01:30:08,2017-04-10 18:45:12,2017-04-12 12:33:48,2017-04-25 00:00:00
79104bbe8dd124c763911a2821546889,8ca4dd796c8520fe17dcb78c568685ca,delivered,2018-08-21 10:58:08,2018-08-21 11:10:19,2018-08-22 13:13:00,2018-08-27 16:31:49,2018-09-18 00:00:00
3a3239fa60ea2f77a53990f66c3f1a45,939e0c3e47b5402a26179847300547ca,delivered,2018-03-02 17:37:53,2018-03-02 17:50:37,2018-03-27 15:12:52,2018-04-04 15:43:43,2018-04-11 00:00:00
aefd94f1b5fb4acfd62eaf1264846946,21c254004435ca35b4aa8168bfb0fec4,delivered,2018-07-13 16:11:57,2018-07-13 16:31:28,2018-07-16 17:31:00,2018-07-21 17:03:32,2018-08-03 00:00:00
6afcda277482fc479e9abc6f6bbdd355,3f1e96120f5415b83f1e64df55d20608,delivered,2017-11-24 21:08:14,2017-11-25 00:16:29,2017-12-06 22:34:18,2017-12-22 21:40:03,2017-12-21 00:00:00
f2d872bfea08d627b7910014e94c7e3c,a765a1a1e99445be6ccc6cca32e491b8,delivered,2017-03-03 16:09:17,2017-03-03 16:22:21,2017-03-06 09:07:59,2017-03-20 09:43:48,2017-04-03 00:00:00
214a1170088762989ff5bf58d3e8dff2,df422639c27dac93686a9186cf885466,delivered,2018-05-13 00:10:01,2018-05-13 00:35:08,2018-05-14 15:38:00,2018-05-23 00:08:42,2018-06-13 00:00:00
930ccbe985fc2c6b79b03acc9bcd5a4e,aeb70c19b287ab46557def14ec7c79d7,delivered,2017-12-20 14:04:26,2017-12-20 14:13:21,2017-12-22 22:18:48,2018-01-16 23:25:38,2018-01-22 00:00:00
2c7e3ff60588c94964e40bd1dca4415f,f717f4d172b295b2bbd0f89babbd4612,delivered,2018-02-28 20:14:52,2018-02-28 20:25:29,2018-03-02 11:05:29,2018-03-15 00:32:53,2018-03-21 00:00:00
93bfa8d308b3feeb69f9ab51f55b5987,2f8e4051dc3472a8595537b2f75b88d1,delivered,2018-07-24 06:39:14,2018-07-24 11:20:39,2018-07-25 15:07:00,2018-07-27 01:41:40,2018-08-01 00:00:00
fbdefc6748a086900f96b1713c6bb1ea,a1ffabd3082ab532a3ae5ce001cd5139,delivered,2018-02-11 20:50:22,2018-02-11 21:09:53,2018-02-15 20:52:36,2018-03-19 15:32:34,2018-03-15 00:00:00
bc0dce0474c363f867cd5784ca5ab763,8e47c128512416f5ba15d5453c342818,processing,2017-02-23 12:18:09,2017-02-24 12:32:33,,,2017-05-03 00:00:00
2f2551c105252771b8a53cd0f3582a21,b3ac014589b31526bee88162838b5b77,delivered,2018-02-12 20:08:19,2018-02-15 04:07:42,2018-02-16 10:26:43,2018-02-26 15:22:29,2018-03-06 00:00:00
0bb77e62d791c3e5b009815ac19825be,2185bf3ec325c64b51adea2ab19aa708,delivered,2018-05-14 14:28:23,2018-05-14 14:51:04,2018-05-18 15:12:00,2018-05-23 16:22:28,2018-05-30 00:00:00
d4c324a61d74cbf91304f5c193b5d788,29faae90992b74d512970ce668410f81,delivered,2017-11-26 14:31:13,2017-11-26 14:52:39,2017-11-27 23:21:36,2017-12-01 11:53:56,2017-12-15 00:00:00
d52994dc5d7fc26a240586d7a63e71ad,f010ffddee856fec238b164d2d5e6e9b,delivered,2017-11-28 10:47:47,2017-11-28 11:31:46,2017-12-06 18:10:12,2017-12-23 13:29:00,2017-12-26 00:00:00
17d1c72c26f43dbcb91705626271e2f0,a31825d0c893a0c13dd57cd8a6e22b93,delivered,2017-11-02 17:18:08,2017-11-02 17:25:53,2017-11-03 14:37:56,2017-11-23 17:41:06,2017-12-07 00:00:00
d8b5366d0c46b7a7f33831b486b0af9b,6bffbe15492bf7be799ed4fda9529f56,delivered,2017-02-07 18:36:33,2017-02-07 18:45:12,2017-02-09 10:51:38,2017-02-15 16:14:45,2017-03-09 00:00:00
7182a10886eba11ded33e2656379e6d1,030132d171907b3b3c813909fb0cac90,delivered,2018-03-26 08:30:55,2018-03-26 08:48:09,2018-03-27 18:42:53,2018-04-10 15:43:29,2018-04-13 00:00:00
735458a5d288ba55c03a10cb1b2dd481,5a2e937ebdd78eaa8cac5dc67b8b3a42,unavailable,2018-05-03 14:15:19,2018-05-04 14:13:00,,,2018-06-01 00:00:00
f22177a7a8496bd964aa18a000b69628,31812040ae3ffedc79f043d40e6681ab,delivered,2017-11-18 13:30:48,2017-11-18 13:46:03,2017-11-21 11:54:43,2017-11-29 21:07:13,2017-12-14 00:00:00
a6ba686abe92f4b2c2cffcd962db019c,e561a64dcc3ccfc5c0de4b2c914cb59f,delivered,2018-07-30 17:26:37,2018-07-30 19:31:52,2018-08-01 16:22:00,2018-08-06 19:04:49,2018-08-07 00:00:00
717190a490f69b74799309115b1ccead,76845da09dd4d1a8d9a81965c6cb84ab,delivered,2017-12-03 08:36:17,2017-12-03 08:52:36,2017-12-12 16:22:49,2017-12-19 21:33:31,2017-12-28 00:00:00
6edd4570c3544a2b8a02f66a84d0e58f,e8e423ea0dbda39de692120d8406f279,delivered,2017-12-10 21:12:35,2017-12-12 03:34:23,2017-12-12 22:19:33,2018-01-13 00:56:51,2018-01-11 00:00:00
e460863b51f5cd5e40996ef493df7d31,be6c647098667c50fe7e4c812d1ccefa,delivered,2018-07-20 19:43:30,2018-07-20 19:55:15,2018-07-23 14:49:00,2018-07-24 17:18:32,2018-07-30 00:00:00
722ab68fe6307a0bb69b61297f6d16d9,52fc6db9513213f1568a0445e1df6d02,delivered,2018-02-18 20:09:41,2018-02-18 21:15:32,2018-02-21 14:49:26,2018-03-12 19:28:48,2018-03-29 00:00:00
f99e3215de6016797bab522d7a8fb5dd,0063bdf3bf91260f76973a4af6f9199e,delivered,2018-06-05 19:44:14,2018-06-05 19:55:20,2018-06-06 14:05:00,2018-06-12 22:05:51,2018-07-16 00:00:00
2ebd51880db4914916604caa280ce024,551e3d85f5f340c6339c1473a646a25e,delivered,2018-06-26 14:20:45,2018-06-26 14:35:20,2018-06-26 15:24:00,2018-06-27 14:32:31,2018-07-16 00:00:00
f4bac547781ca354b61cb06c887547a1,90b07585e5550008799f7bdd3e21905e,delivered,2018-08-03 13:24:57,2018-08-04 05:10:20,2018-08-10 09:29:00,2018-08-13 15:34:37,2018-08-22 00:00:00
34f3cd394e3eb4075ed95224164e017c,5d80ee40c7ec6efa0f11832432324db6,delivered,2018-02-01 15:41:01,2018-02-01 15:50:39,2018-02-09 00:15:15,2018-02-09 23:05:05,2018-02-19 00:00:00
5c12f254446ca6ab5edd195f6ca79d22,754132cb2b8ef289dba4b60de444ff96,delivered,2018-06-02 19:26:59,2018-06-05 04:52:03,2018-06-05 14:47:00,2018-06-22 13:52:28,2018-07-17 00:00:00
259f388570f65b0d8c575f826cbdedf6,bdc777e28eb3d3ceab3804ba4602964b,delivered,2018-07-20 15:31:16,2018-07-21 03:23:55,2018-07-23 07:29:00,2018-07-25 16:58:58,2018-08-03 00:00:00
1dee115122070f803ca49fe0dba3be48,99f5c698a4162352e3b607317165790f,delivered,2017-10-19 12:39:25,2017-10-21 03:05:45,2017-10-25 21:17:44,2017-11-03 15:02:48,2017-11-14 00:00:00
e8c7196e322086d2f22890afc5f7e750,334fa9ca22bbc6345adc605f2abd1cde,delivered,2018-03-07 11:31:16,2018-03-07 11:50:45,2018-03-12 20:48:29,2018-04-10 21:42:45,2018-03-27 00:00:00
12e0898b7f4ce2bfc6fd1ec0212154e9,4711995e1965964543c97df6cbb3e23f,delivered,2018-01-24 12:52:12,2018-01-24 15:38:15,2018-01-25 20:15:05,2018-02-16 16:49:07,2018-02-21 00:00:00
9fec962af24505f0b989965945c1fc64,cc23cd338da72be343b0c6dcad5ebc91,delivered,2018-07-24 15:09:15,2018-07-24 15:25:11,2018-07-25 10:13:00,2018-07-28 17:16:28,2018-08-10 00:00:00
ee2bcc3fca40f8992903209e91a6e19d,d1ce771663ec75c1a8fb584ef7ccfaea,delivered,2018-03-10 10:56:48,2018-03-10 11:10:30,2018-03-13 21:08:34,2018-04-10 23:04:15,2018-04-04 00:00:00
2f53e1db0b2a17564ef12fe69d65a9df,6d334aaab9f45b27efe602b61679ffda,delivered,2018-05-09 13:49:19,2018-05-09 14:14:57,2018-05-09 19:44:00,2018-05-14 23:08:32,2018-05-28 00:00:00
6d480dfe6a776cc015ee944f518a966c,932f6ab5fbf15a2b22564cce2a273fad,delivered,2018-06-28 13:52:36,2018-06-28 14:11:26,2018-07-04 13:47:00,2018-07-07 17:50:30,2018-07-20 00:00:00
08fc40afed49b10079c4c6a31ffc093b,95ae8f8b2660ab72b433470f27396a3f,delivered,2017-10-08 19:18:20,2017-10-08 19:28:31,2017-10-09 16:38:25,2017-10-16 19:22:45,2017-10-31 00:00:00
e625944bd16cd8f6b0daa1861cd25b19,b7eb23bc02ca23e9cacf170ff45aa78c,delivered,2018-02-06 12:10:35,2018-02-06 12:30:22,2018-02-07 19:57:50,2018-02-23 13:06:57,2018-03-08 00:00:00
0d8431891873947fe9dc5b7e980cbf39,bfc0d199a07501807c534397a935709f,delivered,2018-06-30 08:43:41,2018-06-30 08:55:20,2018-07-03 12:41:00,2018-07-04 17:10:38,2018-07-16 00:00:00
7b43d5afbd4abec5aedc25a0a859fd0e,499f4647c1e95b1e5295583907130853,delivered,2018-04-10 20:14:29,2018-04-10 20:29:49,2018-04-13 19:45:45,2018-04-30 21:26:41,2018-05-04 00:00:00
dfc5a5525471e9341af3ad103adbef79,8aa15d61d87b5ad51604a9292a95ac7a,delivered,2017-07-17 09:09:48,2017-07-18 06:05:15,2017-07-18 17:53:50,2017-08-01 14:15:25,2017-08-14 00:00:00
e6e34e47fd3eabdfe4b6c2662cc2a04c,189f3386590174a0646653e12a6c0278,delivered,2017-09-08 09:52:41,2017-09-08 10:05:11,2017-09-11 13:23:43,2017-09-19 18:03:17,2017-09-27 00:00:00
688e3682bd719f71232cc322252fb045,ebe643e3568fed9b2884fa21846e945a,delivered,2018-02-27 11:11:22,2018-02-27 11:35:40,2018-02-28 16:18:55,2018-03-06 18:39:06,2018-03-28 00:00:00
6ce7ccf0d56235e7353e1fe55a368312,d1f7890d6787b21fbdd581ccc43e1d73,delivered,2017-02-21 17:48:05,2017-02-21 18:02:55,2017-02-22 13:42:47,2017-03-06 17:07:55,2017-04-03 00:00:00
b757c5b68510d1d1390243961552792d,6141a788cd69f6a184d68dd2c6588b84,delivered,2018-05-09 12:30:16,2018-05-09 12:55:48,2018-05-09 15:07:00,2018-05-17 19:14:36,2018-05-30 00:00:00
b4f0e735d23a1ec6a012fb7769cb909f,78deda4b6546083ddaa5e6d5d11b593a,delivered,2018-07-25 18:50:42,2018-07-25 19:04:21,2018-07-26 12:34:00,2018-07-28 01:32:30,2018-08-02 00:00:00
9dcef670d743a0deba5b2598d7121679,bb6e58e6cad6ad02bcb618a15406c16d,delivered,2018-01-30 11:10:42,2018-02-04 23:31:46,2018-01-31 18:25:16,2018-02-07 22:17:37,2018-02-21 00:00:00
8ec2459624c9335e600e5b6fa15f3a35,d50c63251aae8100b82731720ee256e4,delivered,2017-08-22 07:59:37,2017-08-23 02:56:11,2017-08-24 19:33:39,2017-08-25 18:45:07,2017-09-04 00:00:00
6031c93a0f6704e27f6135d9efcd7f5a,366b8c2f62d61163eb6174f77458478b,delivered,2017-10-14 18:29:57,2017-10-14 18:45:37,2017-10-17 16:42:29,2017-10-23 22:52:57,2017-11-01 00:00:00
cbc22d4690ec52283dd156e6f30ba818,0b0ad226258e0b3560d3801a83094f8b,delivered,2018-04-18 15:01:28,2018-04-18 15:15:32,2018-05-09 08:01:00,2018-05-15 23:09:36,2018-05-10 00:00:00
27a719bab5bfc6c6f88edc032bb109a2,90c6db53e3fb8f986ed5f3757444cc43,delivered,2018-05-06 17:36:42,2018-05-07 16:53:19,2018-05-16 11:00:00,2018-06-04 21:08:39,2018-05-30 00:00:00
a10bb0a8c070d2988fbbc21d66641704,301d87ed13f2cf173d810fe698cee7ee,delivered,2017-07-07 15:16:37,2017-07-07 17:05:24,2017-07-10 19:52:17,2017-07-11 18:12:47,2017-07-20 00:00:00
93dfb14657b871cc1708647ef95f40f9,02a0567ef769f63b6e340fcb6eb6b618,delivered,2017-11-21 18:18:40,2017-11-21 18:30:25,2017-11-23 17:54:45,2017-12-07 20:03:11,2017-12-11 00:00:00
d9334f59be2037102baca42368082bfb,832246fccea224e010c498bb6823bb5e,delivered,2017-07-16 17:41:18,2017-07-18 06:30:38,2017-07-19 11:37:47,2017-07-25 19:23:41,2017-08-04 00:00:00
975314569c698f3bd86f7f7013f19acf,f9e4a03d5da9c240e34c34d56a0f3b8c,delivered,2018-07-16 12:58:39,2018-07-17 12:15:14,2018-07-18 13:25:00,2018-07-26 13:56:35,2018-08-08 00:00:00
580e21d2e46243eca1eb813c5fe6ac7a,766bcf96753cc0dc0655f962597f2ea6,delivered,2018-05-20 10:07:12,2018-05-20 10:30:50,2018-05-21 09:45:00,2018-06-15 21:34:27,2018-06-08 00:00:00
5ab00c62f565cf0916a6fc76adf016ad,b83b879379e0ab1a9d8cf0143da28142,delivered,2017-06-25 22:39:01,2017-06-27 04:15:31,2017-06-27 17:48:04,2017-07-10 12:21:55,2017-08-01 00:00:00
59bc56d45d476a352332408dfd911694,d0d68a2590a16593ac99c7912b912337,delivered,2018-02-19 11:11:28,2018-02-19 11:25:28,2018-02-23 02:28:58,2018-03-10 00:58:35,2018-03-16 00:00:00
214e5fdd8fd6a78e1f37c7803bdc1939,787f1bad1d98254d7d9c7a08dace9559,delivered,2017-05-31 11:07:58,2017-06-01 03:55:32,2017-06-01 14:45:21,2017-06-06 12:27:18,2017-06-30 00:00:00
378e8f0a8bb7b51c09f84c88add4c6a9,e91aacb44859273903170c37d0b8cdd7,delivered,2017-11-28 19:46:18,2017-12-01 09:30:52,2017-12-02 01:33:54,2017-12-21 17:03:51,2017-12-27 00:00:00
92e6240b5c4b9797688616b3a9c52608,0a0aa6d8a3c7535375d6fd935ae19480,delivered,2018-02-18 13:22:45,2018-02-18 13:35:25,2018-02-21 21:08:59,2018-03-04 16:08:34,2018-03-09 00:00:00
084408fe97c377238b5ee3e8bed4c99d,4733ae003f8ee471b008a1bb07cf1633,delivered,2017-11-25 05:12:26,2017-11-25 06:16:14,2017-11-29 23:14:52,2017-12-11 18:54:26,2017-12-28 00:00:00
cf942f6450b43eb334f0e34e792d12a7,f7b40fd4ffda1503c9d1f512b937ba32,delivered,2017-10-30 17:43:42,2017-10-30 20:31:34,2017-11-06 20:58:45,2017-11-14 12:51:27,2017-11-17 00:00:00
7c05844d6fbffa854241d754f38236b2,0a6a72b2618f517c0ea6c4c43037e610,delivered,2017-12-17 15:38:02,2017-12-17 16:18:29,2017-12-18 19:03:36,2017-12-23 12:48:49,2018-01-11 00:00:00
ea1210816b91efb1908d9ba1bbcdbbba,611ea8e4e26938cb284901657e69d880,delivered,2018-06-03 15:16:32,2018-06-05 03:35:15,2018-06-05 13:52:00,2018-06-14 22:03:46,2018-07-20 00:00:00
886705cc2c44ec5ce3560d7a2fc95810,d79ca675bcbbfe95ded1f9a458d8c196,delivered,2018-08-11 22:53:27,2018-08-11 23:10:11,2018-08-13 14:43:00,2018-08-17 13:58:55,2018-08-20 00:00:00
45f1ccbf2f111134d9763586f13b76d9,03cc560a190bd173cdb410ea38c6620b,delivered,2017-03-20 22:39:58,2017-03-20 22:39:58,2017-03-22 14:05:37,2017-03-29 16:23:11,2017-04-10 00:00:00
620750f67b15986c5bbf2e4fef7ab705,74ce9641693a46dd268a245ba61c9864,delivered,2018-04-14 22:24:52,2018-04-17 05:49:53,2018-04-17 23:06:22,2018-04-23 22:48:54,2018-05-09 00:00:00
e224ad54b26a576b354a3d1cecde60d5,423983fb7bc2deb19f21c80ea7289c0f,delivered,2018-02-22 12:52:20,2018-02-22 13:08:06,2018-02-23 23:52:16,2018-03-15 22:05:49,2018-03-20 00:00:00
62b0c2f88f7706f4873ef50d621f3a70,2b888cee24b7d0fedf2ca668d7165db7,delivered,2018-05-05 19:44:08,2018-05-05 19:55:13,2018-05-09 15:48:00,2018-05-16 15:27:37,2018-05-30 00:00:00
2ec89189369ca4f4e76799f715c1c6d1,a8a64714312e18e9a2688e946676653c,delivered,2017-05-25 01:07:51,2017-05-25 01:25:31,2017-05-26 09:58:29,2017-05-29 12:42:09,2017-06-08 00:00:00
b3600c15b636df09dc66ca0f895befe1,35c38243a371dfba016aab0fb4fb0bd6,delivered,2018-07-12 19:03:46,2018-07-12 19:15:14,2018-07-17 14:16:00,2018-07-21 16:58:45,2018-08-08 00:00:00
e4b8672f8079cde3f79ec04e8d22a842,9405f5cbf0966150956f3f56ae1d3947,delivered,2017-09-06 07:56:09,2017-09-07 02:55:14,2017-09-12 09:20:01,2017-09-14 19:52:02,2017-09-25 00:00:00
29cb6a71f2aefea7831e8dc7c7afb690,75348460d695e3d699f56ecaeffc36fe,delivered,2017-04-27 09:49:23,2017-04-27 10:03:07,2017-04-27 14:50:20,2017-05-07 14:32:50,2017-05-25 00:00:00
52f1efb2a407df9b385cd3960975d107,bbe1173c1fa24d73a028fd764108a155,delivered,2017-06-30 16:43:14,2017-07-03 14:23:53,2017-07-07 12:59:45,2017-07-22 14:24:42,2017-07-26 00:00:00
96f51ec3fb1b8781a86bfaf4a4c94494,5a7fd17c26f3d3af279a3218f6bd7839,delivered,2017-10-12 17:38:54,2017-10-12 17:55:11,2017-10-23 20:00:03,2017-11-09 20:23:55,2017-11-16 00:00:00
8f7f9e270f90486a44484ad392317a7c,7bd7c83d0826aca36fe5e3dc45fd9276,delivered,2017-11-29 12:24:41,2017-11-30 02:21:09,2017-12-06 19:09:22,2017-12-11 14:54:28,2017-12-19 00:00:00
aed8573ac2c1e7bdccb04472bbeaec39,30e44634f95a0c8423585cddd8d89c12,delivered,2018-03-27 14:30:53,2018-03-27 14:47:55,2018-03-29 19:21:51,2018-04-02 17:28:30,2018-04-09 00:00:00
2deb17060fc1ce18a85eba953ddcdeaf,ebb3c484a7824bcc474dc7502648ce12,delivered,2017-02-07 22:52:43,2017-02-07 23:05:12,2017-02-08 15:15:33,2017-02-14 14:37:47,2017-03-16 00:00:00
90c6e60786251825a184d18d6a4718bb,bc4a00d1ddd57fed221dcd933e0cb3b5,delivered,2018-08-18 08:17:21,2018-08-18 08:29:50,2018-08-20 13:48:00,2018-08-27 15:41:58,2018-09-11 00:00:00
e48bf703c3d5e80776e4d036425edddb,b28d2c12d71823fd72befb7139c1efc4,delivered,2017-09-03 20:15:02,2017-09-05 04:30:18,2017-09-06 15:36:43,2017-09-08 20:20:11,2017-09-15 00:00:00
fceffa5aa5435f18bb997278808e5915,2302f96d8d2dae4878949f1ec805dbf3,delivered,2018-05-27 13:06:58,2018-05-27 13:36:13,2018-05-29 16:08:00,2018-06-02 16:38:34,2018-07-04 00:00:00
b8f8ca37f7be5b67dbe397f5b15a7dda,afc7c0510f7311b6d2ba790361bf00a4,delivered,2017-11-19 21:05:54,2017-11-19 21:15:33,2017-11-22 13:43:04,2017-11-25 14:19:57,2017-12-07 00:00:00
4ca1f1a649b410df74285448aa3dcf9c,b1afa5f32963cc15625447d630ab6f7f,delivered,2017-12-13 00:37:03,2017-12-15 10:51:15,2017-12-15 21:36:21,2017-12-22 15:58:04,2018-01-09 00:00:00
0bf51fdc3af690e954d2ee0c4346b47d,742885a3980aa8cfc45909779e60831d,delivered,2017-11-25 23:44:16,2017-11-25 23:58:28,2017-11-28 21:18:02,2017-12-04 19:38:26,2017-12-21 00:00:00
06e30282882c8f52575603b55ed877ce,0bb62e6f9d167ed22e1ee8e12276f947,delivered,2018-05-18 00:35:17,2018-05-18 03:56:27,2018-05-18 09:17:00,2018-06-04 21:52:54,2018-06-08 00:00:00
fc6f84b0e39444f7c25d54107317faca,054c3d6634ff610c71c882d6f157bb34,delivered,2018-01-31 15:46:03,2018-01-31 15:55:46,2018-02-02 01:23:48,2018-02-07 21:36:43,2018-02-16 00:00:00
9035f15a94295b635575a49041ea406a,c94b3908acefde4afdccd5d19480fb36,delivered,2018-07-29 16:38:12,2018-07-29 16:45:12,2018-08-02 15:18:00,2018-08-07 20:32:57,2018-08-16 00:00:00
7ca8c6011b3587c9b445d53f3f9adb7a,968ce67a6406f9ce7d36c002b9a018f4,delivered,2017-08-05 20:56:21,2017-08-08 04:40:19,2017-08-10 14:42:16,2017-08-21 23:06:47,2017-08-31 00:00:00
2177c4dbccb15e413419402aa089b530,3a617ecc2fdbd4db7d5cb1e1a7d1f72d,delivered,2018-05-25 17:53:59,2018-05-25 18:18:21,2018-05-28 14:58:00,2018-05-29 19:12:49,2018-06-12 00:00:00
f1fd5b5e0656641dadc6c541b14e565a,c70796021032284b2a81ee9fb544ebcc,delivered,2018-07-16 23:56:48,2018-07-18 03:01:44,2018-07-19 06:33:00,2018-07-26 01:06:33,2018-08-07 00:00:00
430d466a33524c9953d7f2e25c6d3f06,7ff432548a663510d9acb9e2cdce7bff,delivered,2017-06-19 22:30:45,2017-06-19 22:45:08,2017-06-21 18:24:32,2017-06-27 15:34:31,2017-07-12 00:00:00
c10d412026c4077b8e83acf0fea04eee,4e2311c6a3b9c353851097a679ede20a,delivered,2017-09-12 21:39:28,2017-09-12 21:55:21,2017-09-15 23:46:47,2017-09-29 12:24:06,2017-10-16 00:00:00
eb30798770640f6c632d2cab023ec58d,72084a1e3062cb9ca0a1996696556069,delivered,2017-06-24 15:29:07,2017-06-27 04:25:15,2017-06-29 14:38:29,2017-07-07 19:03:09,2017-07-26 00:00:00
0b1290e557f053467333ff365790c5a4,5e2ad1cfbbd5ff1eb07d7612befef8d2,delivered,2017-08-10 20:50:21,2017-08-10 21:05:14,2017-08-11 17:27:30,2017-08-22 20:17:40,2017-09-06 00:00:00
85c467a504e5796387bb68fe2adcc256,2d54c241a27d5c40c9adf389868e0995,delivered,2018-01-12 14:52:12,2018-01-12 15:08:20,2018-01-13 02:36:17,2018-01-30 20:59:00,2018-02-09 00:00:00
598e0b2b828aee119bc59b9fdb2fc1c0,a8a87a1caf071104b54b5b4007cebf95,delivered,2017-03-10 08:41:20,2017-03-10 08:41:20,2017-03-15 09:49:42,2017-03-20 08:38:23,2017-03-29 00:00:00
ffa5e4c604dea4f0a59d19cc2322ac19,665fe3b7ab435cda0fad0c3cbb1c51dd,delivered,2017-12-04 21:45:30,2017-12-05 08:41:20,2017-12-08 23:06:19,2018-01-03 18:53:16,2018-01-02 00:00:00
d749b12b674090063683ff90a811c2b9,b8fcd6f3835b9a032151431616d904b8,delivered,2018-06-13 23:58:54,2018-06-14 00:31:54,2018-06-15 14:01:00,2018-06-18 21:57:47,2018-06-26 00:00:00
50bd37ee53e04d52626a5facdc6bd60f,22f0a5f1d9b119541cd707138fc7af7b,delivered,2017-12-03 09:41:49,2017-12-03 09:52:50,2017-12-04 19:53:59,2017-12-21 12:36:46,2018-01-02 00:00:00
5c2b36b8e747abcc27f2d9ab379ed334,a8d9188653afcf6f3069b492036c41e5,delivered,2018-07-16 18:43:18,2018-07-16 18:55:21,2018-07-17 13:22:00,2018-07-24 15:28:42,2018-08-02 00:00:00
5da724ff5a80bda46d22e71266042fc3,556a9efc8a9312e1f261c97d5d7a6b1c,delivered,2018-01-19 06:36:44,2018-01-20 12:12:15,2018-01-24 00:05:55,2018-01-24 13:54:16,2018-02-05 00:00:00
55ceb70ebd207c9b9b99d516c1455c41,bb057009d6f61e78d6199046a4150cb3,delivered,2017-08-25 12:39:34,2017-08-25 12:55:08,2017-08-28 20:33:48,2017-09-11 17:52:45,2017-09-29 00:00:00
99eeb78bee8fbf18b50b7bf7c861548d,018dd62c0671714cdcb377ee17e2110b,delivered,2018-02-15 10:14:39,2018-02-15 10:27:39,2018-02-21 21:08:58,2018-02-26 11:57:56,2018-03-02 00:00:00
00c826c901ab01b6f598a8f0c9b56b82,cd46bd8781c25750e96a37a5e32450cc,delivered,2018-04-20 10:24:13,2018-04-20 10:35:25,2018-04-24 15:55:40,2018-05-02 16:28:42,2018-05-18 00:00:00
28b4f52edd10d5e33bec326cf2cd2b2b,078a3d6f31fa48e82be1142201dc5fc3,delivered,2018-05-31 20:10:37,2018-05-31 20:33:12,2018-06-01 10:11:00,2018-06-22 14:08:37,2018-07-18 00:00:00
a20cc916845a71844957398db346f279,c11f3e65e2f6b4e1dd90688faa3dbd0b,delivered,2017-10-10 13:38:22,2017-10-10 13:50:09,2017-10-13 13:41:28,2017-10-20 20:08:51,2017-10-30 00:00:00
b5855f3b4fcb6687d1c662ddf8ca7219,212558d625bfca10fe8c45c38c09e591,delivered,2017-08-16 14:25:28,2017-08-17 03:05:23,2017-08-17 16:42:27,2017-08-21 12:13:28,2017-09-05 00:00:00
c85f8d62f0ff14b199c3d6ea33e571ad,194be1861098744d7b0a1b72b54ec587,delivered,2017-09-12 16:39:56,2017-09-12 17:20:10,2017-09-15 10:25:35,2017-09-21 19:41:33,2017-10-03 00:00:00
28dee43776d6b4f40164b3dfabb8abe8,dec61c3d5b1137c55a379c8a79680e3e,delivered,2018-01-14 17:10:51,2018-01-14 17:28:40,2018-01-18 11:56:55,2018-02-08 01:04:22,2018-02-22 00:00:00
d6a776e8248eb3fa42586dd0ffc0f628,b833010ac6287bacb56c8d08bb49383d,delivered,2017-09-28 14:26:50,2017-09-28 14:49:12,2017-10-02 14:40:05,2017-10-05 20:27:46,2017-10-31 00:00:00
b164237e62593d65bd06208c4e722120,66603e8aa65d2bbfacd6ac73091ab6de,delivered,2018-08-07 21:45:03,2018-08-07 22:05:02,2018-08-08 16:02:00,2018-08-11 20:03:34,2018-08-10 00:00:00
b2f3774fcd52e817b5f0e8b459e1db17,ca345cb1e12c873647c273a2a7985f92,delivered,2018-05-17 14:22:26,2018-05-18 01:17:40,2018-05-22 13:56:00,2018-05-24 18:36:41,2018-05-28 00:00:00
10f34fc8a567488225794fc598c3c9f4,a5661a6d66cb30d6b8b162e39ca176bc,delivered,2017-07-11 13:50:28,2017-07-11 14:05:22,2017-07-12 18:13:01,2017-07-19 18:06:44,2017-07-31 00:00:00
4ff21c3d42e746cac31c00b864aa71aa,f064e65677f0641ee4c4d4bfd7b006a3,delivered,2017-12-30 12:13:15,2017-12-30 12:27:06,2018-01-02 19:09:42,2018-01-13 02:37:06,2018-02-06 00:00:00
cb4d02620d1bb019ae594478c5d9f565,11f4172096c062f11e0da57ad9817572,delivered,2017-11-16 17:01:45,2017-11-16 17:16:01,2017-11-22 18:29:35,2017-11-23 18:06:10,2017-11-30 00:00:00
531327b704efe1a9d929abf11f2327f3,5dfb3b57a3a577cfe354a53ed89f01e8,delivered,2018-04-04 18:45:44,2018-04-04 19:09:02,2018-04-05 20:04:23,2018-04-19 19:24:49,2018-04-27 00:00:00
cb8bb113b2281d7f3ff7faace4549b97,9fedf885f07927ce1b8f72e8dc8d53b9,delivered,2017-07-04 19:05:07,2017-07-05 17:41:44,2017-07-07 15:37:39,2017-07-13 18:36:50,2017-07-26 00:00:00
abe1f28ecc30a29b9c57069511cf1464,8fac84d14f7113c17dc3e1776ff46296,delivered,2017-06-01 07:29:41,2017-06-01 07:42:31,2017-06-01 15:48:42,2017-06-07 17:08:24,2017-06-14 00:00:00
46a9ef8b08f32e1f040b1196a4b1fdc8,2c72b46ebe2c2bef0b66aa223dc030c4,delivered,2018-01-15 16:33:51,2018-01-17 03:38:27,2018-01-17 15:39:03,2018-02-01 17:49:51,2018-02-26 00:00:00
36be874974d3616f9a1a763d0ac1d655,43b2ae9283ff026230ccdeaa82986b62,unavailable,2017-08-13 12:26:51,2017-08-13 12:43:35,,,2017-09-01 00:00:00
ed7550f3266dfb079a3460745ff50ebb,a1293e91d136444e576c0035052d1aaa,delivered,2018-03-29 18:56:16,2018-03-31 13:47:18,2018-04-02 17:17:37,2018-04-13 23:12:09,2018-04-17 00:00:00
26343e0890fb597a7d91a607455a44fa,1f2c60e23c801c60338999c38d60edf9,delivered,2018-04-23 09:30:14,2018-04-24 17:29:34,2018-05-02 09:51:00,2018-05-15 18:04:57,2018-05-11 00:00:00
ae7f63dcdf18bdd6e2e49b6c4e4e80e5,6dae7e49ea1e08a25d1a62e37a824d78,delivered,2017-09-20 19:12:03,2017-09-20 19:25:13,2017-09-22 17:37:57,2017-09-23 12:18:06,2017-10-10 00:00:00
4fc7fe1bc9c28e87c8d77a28aefb97f4,88bca84dcdfc1a670621824006dc792d,delivered,2018-03-10 15:04:34,2018-03-10 15:15:33,2018-03-12 23:08:34,2018-03-22 17:31:19,2018-03-23 00:00:00
147208427d245b8404fa8a797aa0a2ef,83701dc4f775d9d3bb5acfdee605200d,delivered,2018-04-07 12:16:55,2018-04-07 12:30:14,2018-04-09 22:08:33,2018-05-04 20:56:41,2018-05-08 00:00:00
af4ba560f92b0f737ea82d5a3df6ade9,f17828c27a2226673d7021727fe55761,delivered,2017-10-29 14:17:54,2017-10-29 14:30:20,2017-10-30 13:09:23,2017-11-06 20:56:56,2017-11-23 00:00:00
222a4ecb303224740262f80306a3a959,4471aeaec8f004755529eaa87dbfc0cb,delivered,2017-10-14 13:57:59,2017-10-14 14:14:12,2017-10-19 12:03:28,2017-10-20 22:26:24,2017-11-01 00:00:00
1a8fc490b877717c9f69454713bd778c,ad9e1cb60c3304db33f3b82ac03726ef,delivered,2018-07-28 13:12:02,2018-07-28 14:30:34,2018-07-30 15:00:00,2018-07-31 20:28:38,2018-08-02 00:00:00
109310b984ccf0b1ad10fab91f3e606e,a4c3e7ece06a8874638098bc55eca9c8,delivered,2018-05-02 21:09:08,2018-05-02 21:35:30,2018-05-03 13:53:00,2018-05-08 19:18:48,2018-05-25 00:00:00
81251f18621a822ad5b09593dfee4fc9,ae4dce7235e0aac52e4b82c54f7b18de,delivered,2017-01-21 14:17:21,2017-01-21 14:30:16,2017-01-25 16:51:53,2017-01-27 11:34:09,2017-03-16 00:00:00
cb9988b1ddad2cfaf954e9ce3fec266b,41453f96f2b3f05b47e7ae5130235fac,delivered,2017-11-20 15:44:39,2017-11-20 15:55:21,2017-11-22 22:51:07,2017-11-28 22:14:56,2017-12-08 00:00:00
2d5b43766328f55157cae1e85e1dd475,1cf843acf6ec395a5d32557daef95f51,delivered,2017-07-17 20:38:16,2017-07-17 20:50:23,2017-07-18 19:41:40,2017-07-28 19:21:59,2017-08-08 00:00:00
551c21a415e6d07ce3dfc85e627f8aaf,6e34e7ad19aa3c59753c0ac91ccb34d9,delivered,2018-01-22 14:51:03,2018-01-22 15:12:50,2018-01-26 21:58:05,2018-02-01 22:42:12,2018-02-20 00:00:00
cdaf4ca1fc6d2b2304d8224ea767038e,5af344c8fda521b985d571fd14ad8863,delivered,2018-07-18 22:04:06,2018-07-18 22:22:33,2018-07-19 11:44:00,2018-07-24 21:22:31,2018-08-16 00:00:00
3b0353c6b736cdf2d363f3ab39356b55,fa52c1392ff747ce86471fb9f1e16c31,delivered,2018-08-12 20:43:42,2018-08-14 05:35:20,2018-08-14 13:18:00,2018-08-18 18:20:36,2018-08-29 00:00:00
100e8cf23e7518027376ac07ca0ec96b,b1ece3a99522857ca408477c7392134d,delivered,2018-02-22 23:30:05,2018-02-24 02:50:46,2018-02-27 16:29:11,2018-03-27 00:42:09,2018-03-15 00:00:00
de33a2445c0420d1e174add3c1e5f10d,972c07347372d122743774d9dbfe186f,delivered,2018-03-23 20:48:23,2018-03-23 21:08:04,2018-03-29 16:28:59,2018-04-07 01:58:49,2018-04-11 00:00:00
5380e1df2075d96eee6f72be7d0a0b7e,99cdefc0c0fc36244f69cfdd3fd64a73,delivered,2018-06-10 14:52:07,2018-06-10 15:12:11,2018-06-12 14:48:00,2018-06-18 17:25:01,2018-07-03 00:00:00
19a63dfb4e82d6891be7e35541f92a2b,d4fcb254f2c6ebf50c17180b99d046af,delivered,2017-04-07 22:07:35,2017-04-11 03:42:19,2017-04-11 15:48:20,2017-05-08 12:08:14,2017-05-11 00:00:00
9a7ccfdba447bdbce4d18b72bd69e594,fcf29fd085c55a85aec0ed8c7ec0db9c,delivered,2018-06-25 01:10:48,2018-06-25 01:35:14,2018-06-27 10:47:00,2018-06-29 21:19:30,2018-07-24 00:00:00
e3c0a2c7d7991400a33d2da89c86e6de,9a68e7f267f4936cad2624395496633e,delivered,2017-08-03 12:12:54,2017-08-04 02:30:41,2017-08-04 13:13:12,2017-08-18 15:52:28,2017-08-25 00:00:00
61fc33807aeed929a157ce216496e6d1,418df4354874776f10838d1b905a3f65,delivered,2017-05-07 14:31:46,2017-05-07 14:41:58,2017-05-09 10:39:33,2017-05-15 09:49:59,2017-06-05 00:00:00
421bc5d68665463cbb939db50847894d,a56e946b1a51b5f351a804c5a3fb0a8e,delivered,2018-07-01 11:05:08,2018-07-05 16:26:38,2018-07-05 15:03:00,2018-07-14 00:08:23,2018-08-01 00:00:00
c40611b989a9c073bcf8cee7d16e2473,528bd322bce33c932187d5a0115058ed,delivered,2018-08-16 17:20:17,2018-08-18 02:49:57,2018-08-20 13:06:00,2018-08-23 16:45:44,2018-08-30 00:00:00
e99d985e66dc0f62859946b86b5beaff,6124c09496fb12b9864ce0fa6673e6b2,delivered,2017-08-05 17:45:04,2017-08-05 18:03:28,2017-08-08 12:18:56,2017-08-09 19:28:11,2017-08-18 00:00:00
ccb47af9fe6426dd806a65340e7c6661,1889ac8eb65a179df94e56fd8c1ca933,delivered,2017-03-12 18:46:06,2017-03-12 18:46:06,2017-03-13 10:48:25,2017-03-23 16:44:37,2017-04-03 00:00:00
e5da8f29d47b6f0f3ef8ab33a013a0b3,c6d90ccb4260e1d4ec587ab1463752c2,delivered,2017-11-21 22:54:55,2017-11-21 23:06:22,2017-11-22 23:09:00,2017-11-28 22:27:35,2017-12-11 00:00:00
db4c0f9244a52fae664f9325333250e6,41af2419322c61f51788df38ec8a41f7,delivered,2018-08-13 21:46:36,2018-08-13 22:04:14,2018-08-14 14:11:00,2018-08-23 20:21:55,2018-09-03 00:00:00
587e62e759875c966fc7e1508a542ab1,5d584843c87cd37be62bfdf6c31d7e5f,delivered,2018-04-07 09:37:19,2018-04-07 09:47:36,2018-04-10 00:22:28,2018-04-12 18:51:46,2018-05-07 00:00:00
4ed7c2d75d3cc4d2c1c0d941388640d7,acbc7198e5d22a8c00ac90aceefe3172,delivered,2018-01-21 17:11:36,2018-01-22 13:54:58,2018-01-29 20:48:08,2018-02-02 17:32:34,2018-02-20 00:00:00
d1ab8de1e279bd8a55e4135f83d5c599,665a313366dfc254e4cacfafd78b1fc1,delivered,2018-07-29 20:26:54,2018-07-29 20:44:37,2018-07-30 14:59:00,2018-08-01 20:48:59,2018-08-10 00:00:00
942456653f776d428a6107bb73f7780c,67a0a75c349534ca26728cbb0864a8f0,delivered,2018-08-14 13:09:01,2018-08-14 13:24:20,2018-08-15 17:41:00,2018-08-16 22:31:53,2018-08-22 00:00:00
616766a13421c758b45c1912e9e4fedf,0a4e3807c23f486dea9adbdf8c73a70a,delivered,2017-03-08 23:21:32,2017-03-08 23:21:32,2017-03-10 13:04:47,2017-03-28 16:14:54,2017-04-06 00:00:00
aaa9bc5eac87e8aaeb039fe8f326d34b,056bd303752311d2f70fb0b259bca6ee,delivered,2018-01-03 12:15:02,2018-01-03 12:26:49,2018-01-05 19:43:12,2018-01-09 00:09:20,2018-01-19 00:00:00
b8fefe14a54d37e67e2d26ecaf02760b,7e05131e3f56be54a923fe156b2f60c4,delivered,2018-04-30 18:54:46,2018-05-01 18:54:09,2018-05-04 12:27:00,2018-05-28 14:25:35,2018-06-11 00:00:00
4b9fc2bcaef1126cf5e22ba8afecfe1b,596265535ecbadd15573817fe7215540,delivered,2017-06-12 19:25:56,2017-06-12 19:35:22,2017-06-13 12:07:50,2017-06-16 14:36:20,2017-07-05 00:00:00
1f2da380054dd73bcc225a43d6a31e7e,817a121930279f106d917613b3efa66b,delivered,2018-02-12 14:42:07,2018-02-12 14:50:56,2018-02-14 23:36:28,2018-02-20 00:04:30,2018-03-12 00:00:00
abe1510142dfb06af1ac26425e538cf0,8b63238f689ca4597d7b3f4aaf5cd29c,delivered,2018-02-10 21:09:16,2018-02-10 21:35:25,2018-02-14 21:38:46,2018-03-07 15:59:17,2018-03-15 00:00:00
4ed7a5d31f58c9c3b20a61e3927db6d9,0013cd8e350a7cc76873441e431dd5ee,delivered,2018-05-07 23:25:09,2018-05-08 21:11:37,2018-05-09 15:21:00,2018-05-12 15:44:57,2018-05-25 00:00:00
56a48a43efddc6a4b83370214985d366,e296f370073304f8f94c9b22494dbd9d,delivered,2017-03-31 09:16:32,2017-03-31 09:30:15,2017-04-05 08:51:20,2017-04-13 16:07:02,2017-04-28 00:00:00
c58c26b5495d953f484006db77adef1f,6049a34e4b3cbda73b1bc05212cbd25a,delivered,2018-05-29 10:33:13,2018-05-29 10:50:18,2018-05-30 14:34:00,2018-06-05 00:48:44,2018-07-03 00:00:00
e710c7377f2f29b3d369420d354b5abb,5d46c6f789e97a55abccf09df0f3c597,delivered,2017-08-02 16:29:21,2017-08-02 16:55:12,2017-08-11 19:14:07,2017-08-21 20:55:06,2017-08-30 00:00:00
1e8c2b738fde51956f03f1a59bc86003,7df232c2148f611e1be8e3fd383599e0,delivered,2016-10-08 10:07:25,2016-10-08 11:04:57,2016-10-21 09:30:22,2016-11-04 14:32:04,2016-12-14 00:00:00
5b16a0b742790fb2d2d775808a9d54a5,a7d883e36372d36485c93fd1fd7cbe9d,delivered,2017-04-26 19:25:47,2017-04-26 19:35:15,2017-04-27 08:07:06,2017-05-04 12:06:28,2017-05-26 00:00:00
2a713182dbde7d2e65a7202532650f44,0c4a28dea9556c536b703f5039158dad,delivered,2018-04-03 11:43:35,2018-04-03 12:09:27,2018-04-04 00:28:39,2018-04-10 16:48:27,2018-05-02 00:00:00
d389978f75f6d3117c609815dc04b989,75c4bb4fe41386400f81e65c63159504,delivered,2018-06-15 21:41:47,2018-06-16 21:37:01,2018-06-18 13:59:00,2018-06-21 23:26:44,2018-07-16 00:00:00
fd070fd4c20c9565ac04da20f7a1fada,22ac956b832047011bc3022b149e4b2f,delivered,2018-04-25 18:57:38,2018-04-25 19:12:30,2018-05-08 07:41:00,2018-05-12 13:58:47,2018-05-22 00:00:00
9d3496ddb05aea6b6b9a675bfa89e5ad,68293f5eb1a92bbd621f234e0a0f22ac,delivered,2017-12-05 21:32:13,2017-12-05 21:58:38,2017-12-06 17:53:11,2017-12-11 22:07:54,2017-12-21 00:00:00
8a89e623c844986aeea618a70d472556,10a1ee2e9f087707afa9f300243ab482,delivered,2018-01-09 10:15:09,2018-01-09 10:29:34,2018-01-10 20:23:07,2018-01-24 17:54:57,2018-02-02 00:00:00
c26761f0a70b2b7e0bb437aef502ffc1,7bd2a7c581d9aa3cfabb4cdc39f0d0ee,delivered,2017-12-21 20:07:03,2017-12-23 02:17:36,2017-12-26 23:25:05,2018-01-03 14:03:06,2018-01-17 00:00:00
0f286dcb49da58061b9ae488027e4033,227b4936c1389b6feb5a4b2d5a1a168c,delivered,2018-01-23 13:02:09,2018-01-23 13:18:22,2018-01-24 21:10:01,2018-01-29 18:46:39,2018-02-07 00:00:00
424eeeaff348acfc04a2d06b6500cd5b,ea66b3c00214b4c4db52efe534708357,delivered,2018-02-24 23:27:07,2018-02-25 00:35:24,2018-02-28 23:44:28,2018-03-07 21:05:14,2018-03-21 00:00:00
67635ee59cc01a1b24d94ab2533d2823,d7035146da2ec73187aa9140b20c7c27,delivered,2018-05-30 16:29:41,2018-05-30 17:57:24,2018-06-05 08:32:00,2018-06-23 13:08:19,2018-07-17 00:00:00
eb72ac18675db60b2a155952fb89e3d9,af959a566c69d8a74b81ba90648f6cd8,delivered,2017-11-30 10:48:32,2017-11-30 11:02:38,2017-12-05 23:52:35,2017-12-12 16:58:44,2017-12-21 00:00:00
3a37c2a63fa3597713318ab40e3495de,8d7c4f33708c87bd9c8d0773c3b6428a,delivered,2018-05-04 19:54:04,2018-05-05 02:53:42,2018-05-07 12:33:00,2018-07-06 17:16:53,2018-06-13 00:00:00
bc3fdb57bf20b2ce17d66ab9750415ba,c95b27f706ec07cd720330a9116df8b9,delivered,2018-05-16 18:32:58,2018-05-18 00:37:21,2018-05-18 14:57:00,2018-06-01 18:02:18,2018-06-07 00:00:00
5fc078d078575df6ce8980acdcfb6dad,439adb41e2c206f3f1a7825ce4708083,delivered,2018-02-10 18:04:57,2018-02-10 18:25:44,2018-02-14 19:27:59,2018-02-27 14:25:26,2018-03-13 00:00:00
c11d9ffa0f049e01a764c954c7494aa0,2cd38dd98e3f9cbe9f4e0dc4c0acfbff,delivered,2018-08-05 17:22:45,2018-08-06 17:50:18,2018-08-08 07:31:00,2018-08-13 19:34:40,2018-08-16 00:00:00
7f03a9c134207b5f149bfc911469608a,ff56eb69b7e7abdebc5aa8d66c18df85,delivered,2017-06-13 14:25:07,2017-06-13 14:55:30,2017-06-14 09:08:16,2017-06-23 12:12:55,2017-07-18 00:00:00
7f2f03f3b7e68c7b510177e04cb2b40e,3a03bf7cb204cf7573e6e88b6ff92c1e,delivered,2017-10-07 09:42:02,2017-10-07 09:56:12,2017-10-09 19:52:45,2017-10-10 14:29:05,2017-10-25 00:00:00
04f7a2c35c535b543c6042ee73b125f0,2fc226fece39c0126543c387768ad5ac,delivered,2018-03-02 17:00:47,2018-03-06 03:55:36,2018-03-09 17:45:31,2018-03-23 23:18:47,2018-03-29 00:00:00
3891b49649a70373bb5e93414f86c525,4d176ff8ba9e6fe3d650dd2aea78234d,delivered,2017-06-22 10:03:37,2017-06-22 10:15:18,2017-06-23 12:22:09,2017-06-28 15:32:34,2017-07-17 00:00:00
880a2443009447fa88b518da4806fc93,e4f06fec45100ba91af9bc48190aacf0,delivered,2017-12-28 20:25:00,2017-12-29 13:06:45,2018-01-03 17:39:01,2018-03-11 21:06:06,2018-01-30 00:00:00
60829fc61d953ee429eba3f03c9b252d,c91581a1eb4e566997896347d647870c,delivered,2018-01-20 19:53:44,2018-01-22 13:57:54,2018-01-23 20:59:05,2018-01-29 16:47:03,2018-02-14 00:00:00
fc1d4a8adb62b480c591455600955b2f,0260bd7b3bf780786cc7ad501287d9d3,delivered,2018-04-28 13:09:22,2018-04-28 13:34:21,2018-04-30 11:27:00,2018-05-04 15:56:54,2018-05-21 00:00:00
1780bf20851f38ed7aae08ee09438f6a,0bfe96ed9f807da029472429981cfa99,delivered,2017-07-05 23:08:36,2017-07-05 23:23:52,2017-07-06 18:04:02,2017-07-13 11:03:17,2017-08-10 00:00:00
3b3b650dac6b46fefb61189bb2e3c4e1,2a2e6660c4dbee3c79deeae65a419908,delivered,2018-03-10 21:02:42,2018-03-13 04:48:01,2018-03-13 19:58:48,2018-03-29 17:26:46,2018-04-03 00:00:00
abbd22e94f4b4ad624a8d362399d7c09,668393d03f3709896ca5d71fd0595366,delivered,2018-06-19 20:23:12,2018-06-21 03:39:03,2018-06-21 11:05:00,2018-06-29 08:46:37,2018-07-25 00:00:00
0d07bd4924272608e7804bd91993ba33,259a34dc549bc1b416006cc0200cfdc9,delivered,2018-07-17 19:18:27,2018-07-17 19:30:14,2018-07-18 14:20:00,2018-07-25 15:17:32,2018-08-07 00:00:00
452045e853d5fa6f87a6ebed979b3134,37ffb68c39bd78aec200de254446972f,delivered,2017-10-07 17:14:13,2017-10-07 17:28:18,2017-10-09 22:12:47,2017-10-18 18:19:59,2017-11-08 00:00:00
6bc359e26c859e9a1d3d1c157f38c930,709149b32638dbe23f758382c325536d,delivered,2018-03-18 22:43:15,2018-03-18 22:50:43,2018-03-19 17:03:21,2018-04-04 18:48:28,2018-04-12 00:00:00
7c2484624f578a3a2598f6192b66db93,c323d05c1f04c08600ecb147a07526e7,delivered,2018-04-03 15:41:23,2018-04-03 17:10:24,2018-04-05 17:56:35,2018-04-17 00:18:33,2018-04-20 00:00:00
06fc554a38ed6385ac2b121049b5cad5,f97aa3d662919e6238fb759c9e657bca,delivered,2018-06-26 13:30:57,2018-06-26 13:56:03,2018-06-28 07:39:00,2018-06-29 15:12:20,2018-07-11 00:00:00
c933809ecd707fa9bee6a810c2999471,9b5934f5392dd4c1ea12c79782b962c3,delivered,2017-02-07 19:52:19,2017-02-07 20:10:12,2017-02-08 14:02:56,2017-02-13 07:53:38,2017-03-08 00:00:00
95af79101a51a0ce90a23751947bb016,f3de726f5031ab027355db2d15f702bf,delivered,2018-02-14 13:37:10,2018-02-14 13:50:33,2018-02-15 20:08:07,2018-02-16 19:55:08,2018-03-01 00:00:00
02d63a39dc1b1a296141b46d3db19415,e20a7db0678d2a167680a003fc25d4cd,delivered,2018-03-31 19:40:39,2018-04-02 19:07:51,2018-04-07 01:19:25,2018-04-13 18:52:13,2018-04-19 00:00:00
8eafe33c3ac9810a01fc59070cdd4c5d,00a7f6b5d305216d76ab1accbfe123b9,delivered,2018-03-20 18:39:00,2018-03-22 02:35:40,2018-03-23 01:52:01,2018-03-23 19:58:37,2018-04-09 00:00:00
d038a85c57a692238563950e532c2efe,291717783772f0e6961cb1d303dab54c,shipped,2017-10-22 10:41:39,2017-10-22 10:56:10,2017-10-24 18:32:27,,2017-11-16 00:00:00
a0c2d39f96821598c6189528ce768919,183a4455c3731896ae2d0755c217bc88,delivered,2017-10-20 11:31:51,2017-10-21 11:28:11,2017-10-24 21:48:36,2017-11-01 18:58:26,2017-11-14 00:00:00
b2d88e5f45a8f1f5215146eeb66d49c7,6a324b18b0839168aba2a21a21044ebe,delivered,2017-10-23 07:19:41,2017-10-24 07:14:14,2017-10-30 14:04:18,2017-11-06 20:38:42,2017-11-13 00:00:00
62d9ca533d6de05e39164160d128e37c,1e8a8d05272891d65ecf047d69003b65,delivered,2018-02-07 13:14:42,2018-02-07 13:30:16,2018-02-09 01:05:58,2018-02-27 01:35:21,2018-03-14 00:00:00
ae30b3b7dd8b6106d53a9c4af07736f2,faa9633934fdf587270c2dbef19157e9,delivered,2018-02-16 11:12:03,2018-02-16 11:27:40,2018-02-16 22:58:46,2018-02-20 16:38:09,2018-03-05 00:00:00
098a17af931400d21917fe24f3346b53,e68621623204cede934062122606c445,delivered,2017-08-17 22:22:29,2017-08-17 23:15:14,2017-08-18 15:57:53,2017-08-31 16:50:39,2017-10-05 00:00:00
edad550f8e089f9f83f9826bd21f1095,1c874c4cc51fa0c5401a51943cc3a174,delivered,2017-08-08 16:33:19,2017-08-08 16:45:13,2017-08-11 19:56:31,2017-08-23 20:46:51,2017-09-01 00:00:00
9f699ce7bafc4a8b7bfbaf5308eda3f5,3102ae1e7918e0dcc796dc85f76d6423,delivered,2018-04-17 11:12:01,2018-04-17 12:12:18,2018-04-27 14:13:00,2018-05-03 20:12:12,2018-05-11 00:00:00
2d870e500a9ffcb5c5f0723f198a7e21,57baed11398d49e7a919f70060d47244,delivered,2017-03-29 15:13:41,2017-03-29 15:45:23,2017-03-30 10:07:06,2017-04-04 10:58:04,2017-04-26 00:00:00
314bb8fdc89b0dafae07549f10aaa5e0,e05514718390ea5c5de170c243b30fad,delivered,2017-07-25 02:10:14,2017-07-26 02:23:52,2017-07-26 17:17:43,2017-07-27 19:06:50,2017-08-07 00:00:00
817128a33949f3540f2456c11ce3c327,aaa1f05f871d2a7f27e32e58981abb26,delivered,2018-02-08 18:34:57,2018-02-08 19:20:33,2018-02-09 16:52:11,2018-02-17 00:35:11,2018-03-05 00:00:00
dd936caa925da4ddcfc308b3c788f643,af3cefcdf63b8f9f8f86f3bdbd41a7da,delivered,2018-03-19 16:58:15,2018-03-19 17:10:22,2018-03-20 20:51:12,2018-03-21 21:46:35,2018-03-29 00:00:00
f80646cba3e7522337da486bbc45d92e,bd7ce3ba9b01727ccd4f912460f4ec00,delivered,2018-06-07 18:54:10,2018-06-07 20:15:03,2018-06-08 17:29:00,2018-06-11 19:03:27,2018-06-18 00:00:00
9e988375e80989b9914b695cd57654cb,82aa082265445ca12f36a984d1e854e2,delivered,2017-03-14 21:38:45,2017-03-14 21:38:45,2017-03-16 09:39:41,2017-03-21 11:24:08,2017-04-17 00:00:00
e81d8a5a53ef4c96396e5aa7115cafe8,85b199399591dce9df66182957ef15c0,delivered,2017-09-21 15:17:42,2017-09-21 15:30:19,2017-09-25 18:16:06,2017-10-03 21:51:30,2017-10-19 00:00:00
667bffbfbef7d6f2a5b50820693c9bfb,212b1ea1a7a445bfc0ee02ea88e2da16,delivered,2018-05-14 19:03:59,2018-05-14 19:29:54,2018-05-16 14:18:00,2018-05-23 12:16:53,2018-06-05 00:00:00
08b3f1bd357ed38db6e89e3e0f3899be,8da4534bcce0e3cf6cb5cd6f31948164,delivered,2017-11-14 07:51:51,2017-11-17 03:50:41,2017-11-17 18:28:25,2017-11-20 14:46:56,2017-11-28 00:00:00
ee5379a07b9b2b02a0909b59c2bbad50,16abb699caf18836615876f21773f9bd,shipped,2017-11-22 11:42:36,2017-11-22 12:26:46,2017-11-28 19:52:51,,2017-12-15 00:00:00
f1e5e253b034f7de87843fe5dc8693af,36efd32104e8b48038e2f4dee07c3935,delivered,2018-01-11 21:16:23,2018-01-11 21:28:27,2018-01-13 02:51:49,2018-01-23 20:23:20,2018-02-02 00:00:00
f724ab745f332c12bb5b6019127ee2ff,e177f911a1ecf3e1b3afec5cd8e52c57,delivered,2017-02-19 17:14:13,2017-02-19 17:25:15,2017-02-20 09:50:50,2017-02-24 09:05:36,2017-03-21 00:00:00
f713193c0aedcd48b6a64d676f07bb9f,d3091a8817c68a2a62dc728cc51daf3c,delivered,2017-02-24 21:13:45,2017-02-24 21:25:13,2017-03-01 13:37:32,2017-03-03 14:07:38,2017-03-17 00:00:00
14b28f4fb9a1df2b37343827f4ee5a33,be9bdf8c1114f88292e34320765d19ae,delivered,2017-12-03 14:39:31,2017-12-03 14:55:29,2017-12-08 19:17:06,2017-12-11 12:28:07,2017-12-20 00:00:00
464c56c0e9eba538c9ca10f000cdb6d3,1368039bfe97fbfba5f35b31d710ff21,delivered,2018-03-24 14:33:17,2018-03-24 14:48:18,2018-04-04 01:48:54,2018-04-28 01:42:46,2018-05-18 00:00:00
a9d0ac57129ce34681afa30e779f3466,0a3be6888566894976245d7cb56c0235,delivered,2017-10-12 11:06:55,2017-10-12 11:26:09,2017-10-13 22:45:56,2017-10-19 19:43:57,2017-11-06 00:00:00
eef2a734891eb6818c0c74bce088a982,9e04bd3d7097e259b856e101b34316c1,delivered,2018-05-03 11:43:17,2018-05-04 02:51:34,2018-05-04 15:19:00,2018-05-17 20:06:39,2018-05-30 00:00:00
8a7475fa8d31843f714aecb8d07a1113,3a6450516782b7eddf8bd04dba4245bc,delivered,2018-01-12 14:22:18,2018-01-12 14:32:28,2018-01-17 02:33:54,2018-01-25 21:09:10,2018-02-14 00:00:00
1c5c09941abea6cfe0113f886c8ca0b2,8857f9335fffcdd1a4ac712aeca02cf8,delivered,2018-02-28 09:51:07,2018-03-01 14:30:06,2018-03-02 20:46:30,2018-03-09 17:01:21,2018-03-19 00:00:00
a2ea4752ce11b235a73469d2a849e358,392b6d3ffab5331028e208c67f87e8fb,delivered,2017-05-12 14:32:00,2017-05-12 14:42:59,2017-05-15 11:40:40,2017-05-29 04:40:01,2017-06-14 00:00:00
d77b625d7bd6a5b92b35d07276d9f013,dca4146c656edd385afbab8f8e1462b1,delivered,2017-12-11 21:19:09,2017-12-11 21:34:11,2017-12-12 21:58:46,2017-12-22 13:12:56,2018-01-08 00:00:00
80622ac34e41723343e7dad62702672e,a91a79adc255815eb382fa4af5396787,delivered,2018-01-02 11:03:27,2018-01-03 09:50:27,2018-01-09 12:10:25,2018-01-25 18:28:54,2018-01-31 00:00:00
e72e5c3d6b68cd8c81559186a0ebc58f,8b57633f0546585642f35406ae655f1c,delivered,2017-12-15 23:25:57,2017-12-15 23:33:24,2017-12-19 22:17:03,2018-02-01 16:58:40,2018-01-16 00:00:00
f1aae2e4d1a714c4204f8fbfa09ea9b1,559502e5d84db9c6cc1145b707d3f813,delivered,2018-05-20 23:13:50,2018-05-22 02:15:44,2018-05-24 14:54:00,2018-06-08 16:14:44,2018-06-11 00:00:00
a8b96b7d5604088bca60e1822012c0cd,5bbdcb7c7f536aeff877f51af0f02b37,delivered,2018-02-15 14:28:19,2018-02-16 07:47:04,2018-02-19 23:13:16,2018-03-17 16:24:37,2018-03-16 00:00:00
8f7c88fa60b5aa1c1c2cff8a775bc4c0,1cfe7bea2419ecc52b02add3c821ced4,delivered,2018-05-04 17:02:02,2018-05-04 17:10:24,2018-05-05 09:30:00,2018-05-11 22:52:31,2018-06-06 00:00:00
80edf4eb613d62529b3d17d7b34542e7,6e793243b85efda1ed949344d4d66e6a,shipped,2017-12-19 17:32:47,2017-12-19 19:32:02,2017-12-20 17:09:55,,2018-01-17 00:00:00
9e1b7a7d17aa42da16ee605b5fee2e0a,dae065b8336e64030d11819d033138ac,delivered,2017-01-25 13:15:38,2017-01-25 13:30:10,2017-01-26 12:06:48,2017-02-03 15:53:49,2017-02-22 00:00:00
baa0f5d368dde908b6a2e98158bc16af,8bc87de58bff48516a1abd472e01183e,delivered,2018-03-08 23:05:08,2018-03-09 00:30:09,2018-03-12 19:05:10,2018-03-23 18:51:27,2018-04-05 00:00:00
15fc22aad8d1b227891ce61eff4128cd,732106e865d8889d31acf10c70d3c234,delivered,2017-08-27 14:15:47,2017-08-27 14:25:14,2017-09-06 21:21:58,2017-09-11 19:16:30,2017-09-14 00:00:00
5a133748846e3aa5322b5d4004d4eca4,d113ba2a1ea2b9013508861db82a1ccf,delivered,2017-06-05 19:15:29,2017-06-05 19:25:13,2017-06-06 14:31:31,2017-06-13 13:02:27,2017-06-28 00:00:00
74e75761e6551e1853af01ea24bc8457,e7b54340e2a55c205e77d9e4928f39e8,delivered,2017-09-13 14:44:40,2017-09-13 14:55:30,2017-09-14 17:17:54,2017-09-19 19:55:51,2017-10-03 00:00:00
31ffa8ba6783f63fb04cc2e56d56d547,842a2f5aa4d0138b044de19a243ae283,delivered,2018-02-27 23:09:37,2018-02-27 23:28:25,2018-02-28 19:23:06,2018-03-26 23:54:58,2018-03-27 00:00:00
56ff65d43900d5ae69573bbf9369c417,f0eccf2fbfbabd057700f535e10d1493,delivered,2017-10-30 18:23:07,2017-10-30 19:31:41,2017-10-31 17:24:53,2017-11-06 19:35:14,2017-11-14 00:00:00
9d007ac7c623e7e78d49d44d67152788,c6afb8cbcf5fe74297b31f1321962633,delivered,2018-04-22 15:51:11,2018-04-24 19:08:41,2018-04-24 17:44:57,2018-05-07 23:03:33,2018-05-11 00:00:00
a231611f82f7625fba490466e2606aa5,ce7eca55be37e75d368b4a6d903e5b2a,delivered,2017-05-28 23:28:36,2017-05-30 04:50:20,2017-05-31 16:00:05,2017-06-06 17:37:19,2017-06-21 00:00:00
46a807245872949237fba36f6f00b2b4,352b6f640af26b0d36b6d2c8760cf5d2,delivered,2018-08-11 14:56:20,2018-08-11 15:05:17,2018-08-13 12:19:00,2018-08-17 01:06:38,2018-08-23 00:00:00
1daac984799baadc362aa381ac57d65f,518147c912f543f0667a98ee2380274c,delivered,2017-11-02 18:22:11,2017-11-02 18:35:44,2017-11-06 20:18:47,2017-12-01 18:48:48,2017-11-28 00:00:00
0f4b5614da144989e2acc5291af24357,a3343433090af3beb34febb7899bf0ee,delivered,2017-05-03 13:26:13,2017-05-03 14:02:26,2017-05-05 08:44:36,2017-05-09 16:15:10,2017-06-13 00:00:00
756a455615f1d5b5c586b29c2ba67a89,dae84c4a5990d4a1f794e7dad8a5a0f9,delivered,2018-06-05 22:56:24,2018-06-06 22:53:20,2018-06-11 09:04:00,2018-06-21 15:03:52,2018-07-18 00:00:00
144bc17d37931097a63d8dbb87bfd2a9,41882b0f934c20a88f3d44f382d5e376,delivered,2017-10-24 12:22:30,2017-10-25 02:08:37,2017-10-26 13:27:49,2017-11-06 21:32:14,2017-11-14 00:00:00
0cf8068e7b7318f0e518be23c903b9f2,3aa3badf42189513115df5858d5c2678,invoiced,2018-08-04 13:38:30,2018-08-04 14:24:15,,,2018-08-13 00:00:00
8c564f7121a056c75bc5a1357cc4c5aa,9ea4d3a8771532818add28222e15192a,delivered,2017-07-22 17:22:21,2017-07-22 17:35:21,2017-07-27 19:35:51,2017-08-16 18:55:37,2017-08-23 00:00:00
931a32b4ca3fdc36741af29ea645d8bf,4e067fb6e20c27d9fb61342c64647181,delivered,2017-12-06 14:44:14,2017-12-15 10:41:08,2017-12-18 21:14:45,2017-12-21 21:34:51,2017-12-26 00:00:00
892336b9ce0d1f033165460c45e1048e,3f118d3879be515060d11c8f6c2318b1,delivered,2018-05-06 23:04:37,2018-05-08 19:35:14,2018-05-10 16:21:00,2018-05-14 23:32:45,2018-06-01 00:00:00
a0965651e1058585af3d91274b10886e,1d257d261370603b279e82cea790cd1b,delivered,2017-07-04 17:27:56,2017-07-05 17:36:08,2017-07-07 12:55:35,2017-07-24 18:10:12,2017-07-28 00:00:00
51c8ce1ad9c1fdebc69cc37fbff27f5a,795c01cbad1e9ef6aa33ffd9064d8df2,delivered,2017-10-27 00:12:27,2017-10-27 00:26:48,2017-10-31 21:08:30,2017-11-15 09:32:24,2017-11-28 00:00:00
5c4a271f7f9f414a55eff14221369bf9,61fab14ef1f144bc9c8b59b8bac933cc,delivered,2018-06-03 20:17:27,2018-06-03 20:31:28,2018-06-04 15:17:00,2018-06-09 10:06:39,2018-07-16 00:00:00
b353cc5afe48891188abd0ccadf3f543,d82edc41fd969ca260ae3c45ca700ca9,delivered,2018-08-19 19:30:26,2018-08-20 12:55:35,2018-08-20 20:03:00,2018-08-21 17:14:38,2018-08-23 00:00:00
42418c42293aca63852695004c162627,781fc3c9b34441add54ca7b29ba3e52c,delivered,2017-11-28 11:25:45,2017-11-29 02:18:30,2017-11-29 22:04:59,2017-12-09 00:13:50,2017-12-18 00:00:00
884e5d3456c8de94634174aa2fa4cb5e,9f5aeea297d6ddacd404fbb57347c6ef,delivered,2018-01-26 14:47:07,2018-01-26 14:59:07,2018-01-29 19:42:53,2018-02-02 00:51:31,2018-02-19 00:00:00
17eace59710758ffaf764826d45398c8,d6ef290948702fca998d9c28ea076e90,delivered,2017-02-22 08:36:14,2017-02-24 02:43:06,2017-02-24 10:50:16,2017-03-02 12:07:59,2017-03-27 00:00:00
0df120be8a76db470b19ce0fbcf170da,276b9e5886dacbd1a37c6d7c55ab0220,delivered,2017-11-28 11:39:04,2017-11-28 12:27:18,2017-11-29 20:05:33,2017-12-08 16:34:53,2017-12-20 00:00:00
f45d4bc023494c0c4d9c67630a9d52fc,380d316d4bde46cebc363189d032d1da,delivered,2018-07-06 12:11:22,2018-07-06 12:32:06,2018-07-11 13:55:00,2018-07-17 18:37:50,2018-08-02 00:00:00
2de6bd1e34af702eb3e73c1047807cda,59dafb756573fabe8b9e507b2c220f69,delivered,2017-09-17 23:54:20,2017-09-18 00:50:09,2017-09-18 19:32:46,2017-09-25 18:57:32,2017-10-05 00:00:00
8af5834451865606adcc31b165d6ae54,2a6179cf815c302b5b94a2bab0af39d4,delivered,2018-02-06 18:21:30,2018-02-07 03:32:08,2018-02-07 22:45:39,2018-02-16 18:32:12,2018-03-13 00:00:00
4461c3982eae2b994600292df19e6ae6,afc92b5c6073340256875a4e1dc3d7a8,delivered,2018-01-10 22:25:01,2018-01-10 22:34:21,2018-01-15 18:04:20,2018-01-25 00:33:24,2018-02-02 00:00:00
ee27a6c585edd9ed8b99e272587bf04c,d43dd33508aebb386735c87bdfacaa5f,delivered,2018-04-30 22:17:02,2018-05-01 03:32:39,2018-05-03 07:15:00,2018-05-08 00:08:57,2018-05-11 00:00:00
efd2c0c31366671a99bb3eba61b5459a,b9a1378012c991c96abe8edcf0e234fb,delivered,2017-02-16 23:30:56,2017-02-16 23:43:14,2017-03-24 12:50:27,2017-03-29 14:06:15,2017-03-15 00:00:00
e470d790c06fa65f0a02de3477502952,7adfb8d0c45a93174efd5b6d3485c433,delivered,2018-05-04 18:10:27,2018-05-08 03:52:52,2018-05-08 10:26:00,2018-05-14 20:41:28,2018-05-23 00:00:00
aa16a9dc58c4e7ae9a0e55ddb47fff80,544bf1ab179128522eb26920b33a1fa9,delivered,2018-01-03 23:02:08,2018-01-04 00:56:45,2018-01-04 22:37:13,2018-01-15 17:52:43,2018-02-02 00:00:00
52cd1658223987a788a0ff14b962fba5,fabbae3d24088a9a5cc0223426188c4e,delivered,2017-12-08 12:51:19,2017-12-08 13:12:27,2017-12-13 20:26:13,2017-12-26 15:54:17,2018-01-08 00:00:00
2e7ca2344bf0db90bba866fa90409cfd,7c6ad448c2b439bc21d9b7c43dcae72c,delivered,2017-09-21 13:21:22,2017-09-21 13:35:25,2017-09-29 19:50:02,2017-10-11 20:58:14,2017-11-03 00:00:00
758df1b187e095f760b20b118b9173a6,51c6634a751f310a82dd49551c475c82,delivered,2017-04-20 08:30:40,2017-04-25 08:23:32,2017-04-25 13:23:27,2017-05-10 03:07:47,2017-05-18 00:00:00
b5982bf8e5b91399a51277de4c2b8001,ec583a21b5ec6078f56da232ffe150e9,delivered,2017-08-15 15:09:43,2017-08-17 02:45:47,2017-08-18 19:27:38,2017-08-31 19:11:11,2017-09-13 00:00:00
fccbac503695b663355702609c925bdc,4f7d9e4445d5919ca479fd6859374094,delivered,2018-06-19 15:26:19,2018-06-20 10:21:32,2018-06-20 14:29:00,2018-07-04 21:48:33,2018-07-17 00:00:00
ef66a4451c6f9f04d3656be7e9034f1c,f85878687f6da02b2111c606896deee5,processing,2018-01-01 20:40:57,2018-01-01 20:50:24,,,2018-02-02 00:00:00
40dc2ba6f322a17626aac6244332828c,6210a37f9d6a265a4f3fbe2c21672a00,delivered,2017-10-05 21:39:05,2017-10-05 21:49:21,2017-10-09 12:13:58,2017-10-13 13:49:07,2018-01-30 00:00:00
c55052f6b044dc3d948eb0346015e10b,e493823975dd4bf5a0b772f2d5c5c780,delivered,2017-12-02 00:17:45,2017-12-02 01:05:15,2017-12-05 19:23:20,2017-12-08 13:42:15,2017-12-20 00:00:00
f04f967baf2c83fce14f95f9edabe296,f222237fb2133250694c98c1da46cf3e,delivered,2018-07-26 08:58:05,2018-07-27 02:15:29,2018-07-30 12:45:00,2018-07-31 13:12:41,2018-08-06 00:00:00
2ca41005a3320d2092abcc6b5456c8c6,b6c48c94d827458468ca05e8cb59fd31,processing,2017-11-07 18:05:08,2017-11-08 03:26:39,,,2017-11-30 00:00:00
5a6566ca1aa7d313e6a34e0443e32ba1,cfd55a1ef8c0aae89c06c519224ef21a,delivered,2018-07-25 16:21:39,2018-07-26 03:25:14,2018-07-26 12:21:00,2018-08-08 00:46:39,2018-08-17 00:00:00
50a635228cdece6885554281ca470d78,7324d9346e8232531da71467241de8d1,delivered,2018-02-26 15:54:24,2018-02-26 16:15:40,2018-03-09 22:05:53,2018-04-09 10:46:52,2018-03-29 00:00:00
83fae28795d7d8f02ff4edb1e9e78226,53d853f5d732f4bf8ce804877dc9e27c,delivered,2017-12-18 15:18:12,2017-12-18 16:35:26,2017-12-23 00:07:24,2018-01-09 13:38:21,2018-01-17 00:00:00
cbd1b65ad17e5be3c2c8dd66d0e581a2,bfe79f9f71b7875319f353101fa53a3e,shipped,2017-05-31 09:52:22,2017-05-31 10:03:22,2017-05-31 15:56:57,,2017-06-26 00:00:00
01fa35042136b75da24ce2a391b30eb9,6cb82041991c34e22c481ba240faeffc,delivered,2018-01-08 15:45:38,2018-01-08 15:54:20,2018-01-09 23:33:51,2018-01-12 21:58:48,2018-02-07 00:00:00
356fd0826eb73e2f62ab842bfe38b4c3,67dda4d650a7d633ae5849308bd98dfa,delivered,2017-11-08 22:37:01,2017-11-08 22:50:27,2017-11-10 20:44:57,2017-11-22 15:38:53,2017-11-28 00:00:00
664826d0bc1679cf79ba25b58e2971a9,0bc91e14cb93aab1b6f6730922a31aad,delivered,2018-01-08 11:28:06,2018-01-08 11:35:34,2018-01-10 20:23:10,2018-01-15 21:06:20,2018-01-31 00:00:00
a1d8201182a838255aca3592492761d0,cab14a7a1312ca00956056f08c16ce46,delivered,2017-12-16 22:31:36,2017-12-16 22:50:55,2017-12-18 15:33:20,2017-12-26 16:26:55,2018-01-19 00:00:00
d11f4ebdaac0950df9e15dd286ddbe81,e8ac46ea1c09bca1c8e41fbf6662a7f8,delivered,2017-04-06 23:35:54,2017-04-08 02:45:54,2017-04-13 13:23:13,2017-04-20 14:41:30,2017-05-04 00:00:00
9fcf074ecd6df19f51f6fc30b6a33161,128dc49d33d9e4705ca47a66f8fcfcab,delivered,2018-08-06 12:14:57,2018-08-07 04:24:44,2018-08-07 15:56:00,2018-08-10 22:51:47,2018-08-13 00:00:00
91f8127396bfce32461d286408e16167,7f83186191e40f5e804bc1ad0a95d19b,delivered,2018-04-27 19:56:26,2018-04-28 19:51:08,2018-04-30 15:09:00,2018-05-08 11:24:27,2018-05-11 00:00:00
2cee056eb245a8978a5d8a408436e82f,da07302b65923d201310f257a0f3798c,delivered,2018-08-08 13:57:54,2018-08-08 14:10:16,2018-08-09 13:15:00,2018-08-15 15:30:55,2018-08-23 00:00:00
b8790ac596ab7435a12347fcb3a34341,528ac204a31cd67895d44da1f6f994bb,delivered,2018-02-20 18:05:31,2018-02-22 02:15:34,2018-02-22 20:23:31,2018-03-06 00:21:45,2018-03-16 00:00:00
6f7e6a9cce69876915e47a146ef300e5,b616c86b6c67abc4ee6da42829d374c3,delivered,2017-09-01 10:33:16,2017-09-02 10:45:14,2017-09-05 18:33:30,2017-09-12 20:31:56,2017-09-20 00:00:00
c225a1d1e67247ee404d56643c5b11ad,41548bbbecb545d0651aca9ee3ba746d,delivered,2018-07-17 22:33:21,2018-07-19 04:35:21,2018-07-19 12:24:00,2018-08-01 11:40:35,2018-08-06 00:00:00
104ebad584414fcfb7bc0d071bb29a25,97b9cfe8bd0140421d5247237594b5d3,delivered,2018-03-02 14:40:36,2018-03-02 14:56:08,2018-03-06 23:22:06,2018-04-05 19:18:20,2018-04-04 00:00:00
b5cd1b1b8ce555852f65f416ac9fb4d8,ea83d8ab453e5d4792f0090be8bb2cc3,delivered,2017-10-08 12:45:49,2017-10-08 12:56:32,2017-10-09 21:53:15,2017-10-21 13:23:45,2017-10-31 00:00:00
edfb49082a74314dd99b846ccd67b2a3,b98be2d53e952e3c5e284fdd41f6937e,delivered,2018-06-28 14:05:28,2018-06-29 02:35:19,2018-06-29 15:34:00,2018-07-05 00:51:06,2018-07-18 00:00:00
91ba8089d2fac808ba2eebac6c8c8819,bd3d101fa88a7a54f0d0834fd16d213d,delivered,2018-08-21 22:45:58,2018-08-21 23:04:21,2018-08-22 13:43:00,2018-08-23 12:22:22,2018-08-24 00:00:00
7f9cfd88530c3c6d0ce6084b27ef46ff,9b678f5f6f471e1282c0524ebbefa782,delivered,2018-08-13 23:03:46,2018-08-13 23:15:17,2018-08-15 10:26:00,2018-08-22 21:51:25,2018-09-18 00:00:00
9504ebf9076df1dff880290d7ad09e02,010e2bfece4b4e44fb7a6aa9c2b2b9d0,delivered,2017-12-13 16:58:37,2017-12-13 17:43:08,2017-12-18 20:18:42,2017-12-20 16:14:28,2018-01-02 00:00:00
12d833b5570676e6df1febcd8fe007b6,314632660519234734d08119b95cf15b,delivered,2018-05-15 15:58:16,2018-05-15 16:15:42,2018-05-16 15:14:00,2018-05-22 11:32:20,2018-06-04 00:00:00
028aa7c930356788f861ed1b7f984819,4f093ba642d31211516e40197a8e3aa6,delivered,2018-01-13 20:35:15,2018-01-13 20:49:46,2018-01-15 16:56:57,2018-01-29 21:51:18,2018-02-14 00:00:00
a1d20692c61cea8c06d55f0365307f60,c90baed75cb5e56c1d6f110a6b74343f,delivered,2017-05-17 13:49:52,2017-05-18 13:35:17,2017-05-19 09:27:43,2017-05-22 11:16:49,2017-05-30 00:00:00
003f201cdd39cdd59b6447cff2195456,e41d728aab3d0dff5fb070f93eb61345,delivered,2018-02-21 16:59:24,2018-02-21 17:10:41,2018-02-23 00:07:44,2018-03-28 18:54:53,2018-03-22 00:00:00
32bb58472bb3798f5d511d52fc159d98,a2e2a4d271cf0c0a0ecaf089c9f57a85,delivered,2018-01-14 23:22:20,2018-01-15 10:11:00,2018-01-15 17:24:12,2018-01-16 20:38:50,2018-01-30 00:00:00
dd83f07edd1cab3ae6e2fc4250f544fc,8780ee502849f88263a701e9f17fe447,delivered,2018-05-14 14:11:41,2018-05-15 03:55:56,2018-05-15 12:03:00,2018-05-21 17:08:25,2018-06-07 00:00:00
9125e99c306e51534e9e6e31efdecec9,194217f100c929d041ca22c943cbd3b9,delivered,2017-11-17 10:25:02,2017-11-17 10:50:52,2017-11-23 22:42:20,2017-11-26 10:28:34,2017-11-30 00:00:00
2e85393d4ab82c2f5b44528d8a551606,bc07e86d2726e37a4ac4284e93f89d51,delivered,2018-08-16 13:37:30,2018-08-16 13:45:16,2018-08-17 15:46:00,2018-08-24 19:58:28,2018-09-06 00:00:00
6489f6816a35f7a39c2f3d7131a7ebde,fefb72a9cc34f58bb01edfefee3bdea1,delivered,2018-05-03 12:45:58,2018-05-04 12:51:56,2018-05-07 14:02:00,2018-05-09 01:08:53,2018-05-21 00:00:00
c385d065ccadb0335bc00726a9be8858,3b97b8c5b3c3af87dba87ba9a445893e,delivered,2018-03-19 12:53:37,2018-03-19 13:35:40,2018-03-19 23:14:43,2018-03-29 01:44:41,2018-04-09 00:00:00
5a7ffcbbc09f58743ab1a760ebfead54,d02b1aeda74d6f9369eaa0e15dde1711,delivered,2017-08-11 21:55:03,2017-08-11 22:23:53,2017-08-15 12:58:08,2017-08-22 17:40:08,2017-09-04 00:00:00
0ef7129ab98149bcbd4aadde9ba093d9,1dcaf101733dc31789ce23f25d3d2f51,delivered,2018-07-07 14:36:02,2018-07-11 03:35:20,2018-07-11 12:30:00,2018-07-16 11:44:27,2018-07-25 00:00:00
5528ba50898b536ac11c799ba9eef5ac,6837824a681ed42a70cdd4c405621f62,delivered,2018-07-26 14:09:29,2018-07-26 14:24:33,2018-07-30 14:08:00,2018-08-08 17:50:57,2018-08-17 00:00:00
e66b6216dfb711466b7edd3d16861edb,fbf29fba017084f9a57312200a9aba57,delivered,2018-02-07 10:55:06,2018-02-08 07:50:01,2018-02-09 00:48:45,2018-02-18 16:39:19,2018-03-05 00:00:00
6e4b5a4f0fc48a4b809d2fdf15c97549,cd3147124027e587f16812db10d12aac,delivered,2018-01-05 16:49:14,2018-01-05 16:58:25,2018-01-08 15:54:44,2018-02-01 15:39:36,2018-02-08 00:00:00
e393cee11ecbbcc2a9b3dd06a660957c,eb6e94584bcfe4d41ad77bdf5b343ee5,delivered,2018-05-31 14:23:17,2018-05-31 14:35:09,2018-06-01 14:42:00,2018-06-16 12:38:31,2018-07-12 00:00:00
4024e82961bfcec0a71869767cf923e9,294afaa4e6c7165445a7aec2b4f8f11e,delivered,2018-06-27 12:08:05,2018-06-28 12:11:04,2018-06-29 12:27:00,2018-07-09 17:41:48,2018-08-07 00:00:00
444262e0348a6fbd695402228e0ba8ef,140733e9ec44bed792bfa29d629c0367,delivered,2017-10-29 08:56:21,2017-10-29 09:10:15,2017-11-01 19:41:27,2017-11-09 17:28:38,2017-11-28 00:00:00
25348d7abfa3893731e3836aab2f6a6c,85c67e22ad636abe63a496aa08b83e62,delivered,2018-07-09 15:40:27,2018-07-11 08:25:47,2018-07-31 14:25:00,2018-08-01 19:33:35,2018-07-26 00:00:00
282686455b246232083e072582e4c390,2b1ae2adec2897b645009264eb99bd86,delivered,2017-09-18 21:41:08,2017-09-20 02:40:19,2017-09-20 21:38:58,2017-09-30 03:12:01,2017-10-05 00:00:00
6e07bd59206483eaf297df6587e1ef06,9e7518667075b04bcac1c301ded485f1,delivered,2017-05-23 11:48:05,2017-05-23 13:04:56,2017-05-25 09:42:03,2017-06-06 16:58:16,2017-06-19 00:00:00
b345e37f5de8f210e6d79ea80167cb17,fe81f497311c0200798e6b0adeace658,delivered,2018-04-08 18:09:41,2018-04-08 18:29:52,2018-04-10 15:11:40,2018-04-25 22:36:24,2018-05-04 00:00:00
b712ecb07ab1acacb5f247a01198e6b8,58c3f1f8f62a2cc4df8a9ac599fd6d91,delivered,2018-06-27 11:04:39,2018-06-27 11:30:41,2018-07-03 11:52:00,2018-07-11 02:42:54,2018-07-23 00:00:00
2dea508202fbd39c677502defdef2d21,986eba2f0d54f5b350b50ffe122ec2eb,delivered,2017-07-22 20:19:16,2017-07-22 20:35:18,2017-07-24 13:51:58,2017-07-25 21:58:40,2017-08-11 00:00:00
f578feadcd03837fd6212622ac7040c1,de65c662e611e729187fce355b76959f,delivered,2017-08-27 23:02:04,2017-08-29 04:30:52,2017-08-30 16:43:02,2017-09-18 19:08:57,2017-09-19 00:00:00
632ba34265b5449d1f742d24cacf1208,c4eeb750bb290eee0933aa9f859721e9,delivered,2017-01-22 21:50:07,2017-01-22 22:21:55,2017-01-23 15:26:11,2017-02-02 12:34:13,2017-03-08 00:00:00
08ec1f862c4cca80515d39b2787601f4,107a43f9c1860b4116fbf0519f888c3c,delivered,2017-11-05 01:06:20,2017-11-06 22:35:59,2017-11-07 19:03:09,2017-11-30 19:44:35,2017-12-12 00:00:00
f1fef02958f49028cbdab162242010b8,12e8c8555bb112b2fed453feba6224da,delivered,2018-07-25 18:58:01,2018-07-25 19:15:08,2018-07-26 10:42:00,2018-07-31 14:58:32,2018-08-08 00:00:00
0a2d80bb09b766e032d077eb834788e4,cc4cdd1e7613c6b6797f7cd76691b883,delivered,2017-10-13 19:01:24,2017-10-13 19:14:27,2017-10-16 21:27:49,2017-10-23 20:18:06,2017-11-01 00:00:00
020a1591ace758e4c97d7843e1a03a88,3c59cb3e5e8348b4f5303307f6c6048a,delivered,2018-08-13 06:52:04,2018-08-13 07:04:20,2018-08-14 12:30:00,2018-08-15 16:38:34,2018-08-22 00:00:00
2e1280399c65455d35233b8e0144d883,c4f0c7701cf183ceb6f4f05a5e6db4a6,delivered,2018-06-07 13:09:44,2018-06-09 03:13:13,2018-06-16 05:58:00,2018-06-21 15:44:37,2018-06-26 00:00:00
6158f79edb10532c75937acb0a0e567d,26657eeefd4cbe36d682b655ed7d1db5,delivered,2018-08-09 22:54:31,2018-08-09 23:05:09,2018-08-10 11:26:00,2018-08-16 11:38:42,2018-08-23 00:00:00
88b88135d497fa3d176822934754dd64,1a4d271831fdb0879543252909992ac9,delivered,2017-11-09 18:41:12,2017-11-10 03:07:15,2017-11-10 21:17:25,2017-11-13 22:04:58,2017-11-23 00:00:00
852fab0ef8986c549194d5959498f160,f92881178f911fd67d522597ac054472,delivered,2018-07-08 22:57:45,2018-07-10 04:30:21,2018-07-10 14:54:00,2018-07-11 17:22:12,2018-07-19 00:00:00
e8794f8491ea025138cfb2005b927693,57753ca70682fa16e7780c6f0189d105,delivered,2017-06-24 19:28:36,2017-06-27 04:05:44,2017-06-27 15:04:06,2017-06-28 13:57:55,2017-07-07 00:00:00
9c038dee3bf16eac4a8ba2baa65b21dd,9f4a95fe0b7a6b9cc179746f59c4c3f8,delivered,2018-05-21 15:26:22,2018-05-21 16:36:11,2018-05-22 15:34:00,2018-06-07 17:13:48,2018-06-07 00:00:00
a7e2acf9efa6c49b592f37ff9e80bfc3,2d910e42e152b91fba488087b170a471,delivered,2018-02-06 17:31:26,2018-02-06 18:22:08,2018-02-09 21:28:51,2018-02-28 06:39:02,2018-03-09 00:00:00
46bdbe48b6f5daa3dcc38e41599d0403,6830dbb35377688e46e1eed5351727cd,delivered,2018-02-15 20:53:59,2018-02-15 21:06:40,2018-02-16 19:25:09,2018-02-23 18:13:59,2018-03-12 00:00:00
1098a8cc6b7514f599126c5f27706dc5,f365734d0a819c9ed4d5ed0a30a4c327,delivered,2018-01-30 17:48:20,2018-01-30 18:10:34,2018-02-02 14:12:39,2018-03-07 18:04:31,2018-03-02 00:00:00
3ed65bbc84532763118bd94e304355a7,e3a837ef355800630c74df93328d8f79,delivered,2017-12-15 19:13:52,2017-12-19 10:10:45,2017-12-20 19:57:19,2017-12-23 16:49:15,2018-01-05 00:00:00
ac16a498e09da326e763056460491b62,f858513de32fba312a3e5a156f2c8908,delivered,2018-03-31 18:28:25,2018-04-03 05:28:03,2018-04-04 17:42:55,2018-04-05 18:34:34,2018-04-12 00:00:00
7be37c87f70b8071b527c3c767a9bc4b,65955a56388dfb4a43d14aa4ae1c1816,delivered,2018-01-28 11:29:47,2018-01-28 11:39:20,2018-01-30 00:16:50,2018-02-05 21:41:49,2018-03-06 00:00:00
4a185cdda75ec3cc9261553a59e7cfc7,0e266470a9aa5b96f4bb26e095ea7d2e,delivered,2018-03-13 11:27:51,2018-03-13 11:47:38,2018-03-15 12:12:44,2018-03-27 23:37:57,2018-04-16 00:00:00
73f38e238737fb52c78ba2002c2e9213,5bf0634b796a9bb7714dd6c7baedf611,delivered,2018-04-27 14:49:05,2018-04-27 15:10:04,2018-05-03 14:34:00,2018-06-01 16:38:44,2018-05-23 00:00:00
425dece5c02ae29542005b6c0a9c3b63,f17604f3f89e57c7ed3df37759b9c8ff,delivered,2018-07-14 13:55:38,2018-07-14 14:05:12,2018-07-17 13:15:00,2018-07-20 16:32:10,2018-08-02 00:00:00
41907a6e6906a563e6dd54a19d77abcd,cb48d9ebf68a3d1e44c8e084b097b196,delivered,2018-03-13 07:45:39,2018-03-13 09:04:10,2018-03-13 18:05:48,2018-04-03 14:58:55,2018-05-08 00:00:00
c6feddf1f8ee767b5c7c65d5313dbc91,2f8945b7099bc669d7e29cc676ead286,delivered,2018-06-13 23:29:51,2018-06-13 23:59:09,2018-06-19 12:42:00,2018-06-20 20:03:41,2018-06-26 00:00:00
6b1506319e933481532aba2b6de29d12,120e1f31d01ac400b61e8f8a3cfb57c8,delivered,2018-05-17 21:57:54,2018-05-18 03:16:02,2018-05-18 12:00:00,2018-06-11 17:58:51,2018-06-01 00:00:00
31995e0e4e63c77d8f5cf8970cd39a7f,0e7caa9e2f1f16c394daa33a8fecfde7,delivered,2018-06-20 13:21:23,2018-06-20 13:38:33,2018-06-21 13:25:00,2018-06-22 23:42:00,2018-07-03 00:00:00
cdc165621bae221dc3a5f8788166a412,add4449b1b01cfe21c015464931c4a36,delivered,2018-02-09 19:30:13,2018-02-09 19:48:02,2018-02-15 21:39:10,2018-02-19 22:44:57,2018-03-06 00:00:00
85201c947189183585ba83d60c572759,d062c2dc835c4d6c7d0151f09077fa40,delivered,2018-03-03 19:55:16,2018-03-03 20:09:41,2018-03-05 20:08:54,2018-03-14 17:50:41,2018-03-21 00:00:00
343ad65d4499c28a305a205b8ebc0cd4,f4b7601916afa6166fe1ecc135176223,delivered,2018-06-24 11:08:41,2018-06-26 04:58:55,2018-06-26 16:52:00,2018-07-03 16:22:14,2018-07-17 00:00:00
36a68e6b52a57372c76d664128ae25e6,d17d18956b5eb7424015411aed598025,delivered,2018-01-24 18:34:36,2018-01-24 18:52:46,2018-01-25 15:26:27,2018-02-01 21:28:40,2018-02-16 00:00:00
534a0fa02fb111d37c01c86326fc38bb,0ae0ecfb6b24ce4a6f6778023d0425d7,delivered,2017-08-15 16:09:15,2017-08-17 03:06:20,2017-08-17 12:54:56,2017-08-21 21:27:38,2017-09-06 00:00:00
5dc1a8731fb465da89c147b358e409b8,1a161546abf4f4e01b7eec53e9310f8b,delivered,2018-06-27 13:48:01,2018-06-28 13:50:32,2018-06-29 14:45:00,2018-07-07 17:32:45,2018-07-18 00:00:00
ac322840b831b1a94396f7adc2a56d4d,486470ca91a0fed0f8867e79721e60e8,delivered,2017-03-12 11:23:09,2017-03-12 11:23:09,2017-03-13 15:36:12,2017-03-22 12:21:50,2017-04-03 00:00:00
d078600a7d7a9465e58dfa3e377cb2be,181ec680c2591368bbc74205adadb936,delivered,2017-11-17 19:44:32,2017-11-17 20:35:43,2017-11-21 23:11:17,2017-12-05 23:22:54,2017-12-06 00:00:00
03343a88c4d669e6378c5aedc4147919,d6851a9cf4328debeddd2f63212ff9e2,delivered,2018-01-16 12:06:29,2018-01-16 12:16:58,2018-01-16 22:37:59,2018-01-31 21:46:39,2018-01-31 00:00:00
35acd7d0da0be873dde0470893f3d5c2,8c40d1a7ac21ddf12b0f2c82c6857769,delivered,2018-08-12 19:50:00,2018-08-12 20:04:32,2018-08-16 13:27:00,2018-08-20 20:34:23,2018-08-27 00:00:00
2f2a61c86aa7afe1c5f02283ed90b6ac,bc6dc052222f5224fe0fc82d6ee058e6,delivered,2018-04-02 21:48:56,2018-04-02 22:09:45,2018-04-04 19:48:42,2018-04-11 21:18:29,2018-04-20 00:00:00
8df1ba8711787d5cfe3b90f535d04dc4,547a0b4f2de7e4276e3cf1c92f15dcd6,delivered,2017-10-30 21:18:49,2017-10-31 16:55:43,2017-11-03 20:07:33,2017-11-13 20:18:58,2017-11-24 00:00:00
cfbc27fc3b0b3946a3dea53be0022108,0a84f5dbc13ce8afbc36bcd1b36a99e1,delivered,2018-01-22 12:33:43,2018-01-22 14:54:10,2018-01-31 20:36:57,2018-02-26 19:52:49,2018-02-19 00:00:00
56de1b48f06188bcdf68b7cfdc0da360,73ae5f4fc1b484a3d561f84cb5afe282,delivered,2018-01-23 09:26:12,2018-01-23 09:38:22,2018-01-24 20:09:41,2018-01-26 14:45:18,2018-02-07 00:00:00
d748300bae0831aec703a878ee43a401,3e251018f693358df9fc7aea86db02f6,delivered,2017-07-17 11:32:55,2017-07-17 11:45:17,2017-07-19 22:12:31,2017-07-24 09:57:50,2017-07-28 00:00:00
6ba0e32fd89cab6e014baa58ddb82a6b,f11c879c8a36fe856430463341cf89d6,delivered,2017-06-01 10:24:22,2017-06-02 04:33:11,2017-06-05 11:33:35,2017-06-12 16:38:06,2017-06-22 00:00:00
ae20f5a9812b11c76007a2c389285486,39a8e21334badc81ec828f7d42f4ad54,delivered,2018-08-02 16:54:29,2018-08-04 04:05:50,2018-08-07 12:33:00,2018-08-14 19:32:50,2018-08-22 00:00:00
ac8a7a5a2eb68fd70147207a05c5e9d9,bf1642bd31cb9d9bf2c1902832a53bd2,delivered,2018-01-19 23:02:16,2018-01-23 03:39:32,2018-01-25 23:42:15,2018-01-26 13:22:57,2018-02-05 00:00:00
1fcc4cb09eb52ab834d7e766bcb6f91f,4a17798a547f3b8f2083ccbf758fb53d,delivered,2018-02-13 23:51:02,2018-02-14 00:07:25,2018-02-15 22:46:27,2018-02-24 12:19:01,2018-03-08 00:00:00
736a8a3d8b9cde5dd9b1f985fc523c0e,c2077147d664caade6db8ecd527971b7,delivered,2017-05-01 12:56:44,2017-05-01 13:10:11,2017-05-15 11:28:36,2017-05-22 11:44:45,2017-06-05 00:00:00
c0b30438008f3085a4b78b9cd36ade63,596ab046937142ab8dc0fb942538d9e4,delivered,2017-09-10 11:01:26,2017-09-10 11:15:13,2017-09-11 14:38:18,2017-09-13 19:25:49,2017-09-21 00:00:00
d47de9b5f1b4feb44d50ca860da9cce3,c0a7a9931c9aecec70be96594d6504e3,delivered,2018-02-17 11:12:08,2018-02-17 11:26:56,2018-02-27 21:49:09,2018-03-20 20:41:47,2018-03-22 00:00:00
1972a123466d40a62224630f7d0de530,0f41a66a477328c778e98eacb6a6867b,delivered,2017-02-06 17:06:53,2017-02-06 17:22:07,2017-02-13 14:53:42,2017-02-17 21:37:42,2017-03-27 00:00:00
87057ad16823c46ae4ccec00c4db526f,6ff04dc128843e32de116ffc76cd06e4,delivered,2017-09-21 15:25:11,2017-09-21 15:35:50,2017-09-28 12:27:53,2017-09-29 17:11:44,2017-10-06 00:00:00
46919c41f3e2b0e06e6fe85383250e9a,6c47a76c5eae78ce63f61a9a77cd7e3c,delivered,2018-07-04 17:40:58,2018-07-05 16:33:01,2018-07-05 14:40:00,2018-07-11 13:20:45,2018-07-27 00:00:00
eca4633566cacdae57271f51ebe79131,60d4619c66ed6b0ec5655f4fa821b6f1,delivered,2017-03-20 11:13:34,2017-03-20 11:13:34,2017-03-20 15:06:39,2017-03-24 20:06:47,2017-04-10 00:00:00
cf37a6688914645a71144b349992b4d9,4048acd0a8cb4682c493f97bea3360d8,delivered,2018-06-18 15:21:26,2018-06-20 02:55:04,2018-06-21 15:17:00,2018-06-23 12:47:39,2018-06-28 00:00:00
dcd9b00fff62919c208f9e424f8b2c13,7a999a63fd38a91b7c1061ef82ec71f0,delivered,2018-01-18 12:33:34,2018-01-18 12:56:27,2018-01-23 01:03:54,2018-01-29 17:52:09,2018-02-09 00:00:00
d79c75050fb130c942055bff27c1be5a,a10f9dedb64942cfa51dd19dc7972459,delivered,2018-03-14 20:59:27,2018-03-14 21:10:32,2018-03-20 18:17:21,2018-05-03 21:48:30,2018-04-11 00:00:00
9874f00b86dad32c32a0017e80cfcdb4,8ee173c92d41d059bae3732ee2d4a422,delivered,2017-03-09 01:36:39,2017-03-09 01:36:39,2017-03-10 10:48:01,2017-03-14 13:05:37,2017-04-06 00:00:00
9823470255ccbe326173868208d9c4df,e0ae8a3a141d851bc25a2034dd966792,delivered,2018-06-23 22:14:42,2018-06-25 10:53:51,2018-06-26 14:19:00,2018-06-28 19:21:23,2018-07-16 00:00:00
852249023f7a3d3154837ef058c3aed2,ce72e0eebdb99208cee5184eac4d97d3,delivered,2018-08-09 08:58:08,2018-08-09 09:10:10,2018-08-09 14:52:00,2018-08-24 15:42:32,2018-08-30 00:00:00
d930f975d0dd17a50eb1bc53fff79e9b,00701ade29704fc9aa33a8766b082cb6,delivered,2017-08-26 15:28:47,2017-08-29 04:30:47,2017-08-31 16:12:48,2017-09-13 19:11:38,2017-09-25 00:00:00
ca6e0694c46674d5f588f6e0e4ce4440,c822622edb0cb46e29a0a515b9c814fa,delivered,2017-06-03 15:33:58,2017-06-03 15:50:06,2017-06-07 17:00:07,2017-06-14 14:23:10,2017-06-28 00:00:00
3f1294f87d79b57f5d55ba7b80c3d94f,576d71ddb21b21763cfedce73b902180,delivered,2018-01-28 14:21:58,2018-01-28 14:38:27,2018-02-05 11:38:49,2018-02-26 16:49:19,2018-03-14 00:00:00
64bbf9df8ea9c5c9dfb0981b5e2a81e0,7eb3777da7278563df91c47dbb6eca9a,delivered,2017-11-16 19:51:12,2017-11-17 19:15:30,2017-11-20 11:28:50,2017-11-30 15:46:54,2017-12-06 00:00:00
776a94d575b86a9b4685f33a764b8d60,6ae04146425872237ab6bc04410d90a2,delivered,2017-05-18 18:50:54,2017-05-18 19:02:22,2017-05-19 13:46:06,2017-05-26 09:46:53,2017-06-09 00:00:00
87c98d8706c75e568d61dc02c6c9305d,460f33177a25662d12fb9affe654e6d1,delivered,2017-09-20 07:54:43,2017-09-20 08:05:40,2017-09-25 16:58:57,2017-10-04 21:16:19,2017-10-13 00:00:00
7af7e9221757663bb19abb52d6acebf9,8b52c0aea5d35a89b3174ccd1beeb78e,delivered,2017-03-21 09:21:54,2017-03-21 09:21:54,2017-03-21 10:38:43,2017-03-27 13:33:37,2017-04-11 00:00:00
592791e8c354caec0617c0ac1a9fd2e8,1834fd3fd3fd0ed679587598e8b6d980,delivered,2017-12-20 09:32:40,2017-12-20 09:51:50,2017-12-20 18:43:50,2017-12-21 15:56:41,2018-01-09 00:00:00
f65e1dc7684d79de91becec744a61f83,4be022b979add587a31a17c74fe42ec0,delivered,2018-05-08 08:20:39,2018-05-10 03:36:40,2018-05-10 12:18:00,2018-05-15 22:08:30,2018-05-25 00:00:00
1d46e675ce9d3f5116766812e0a00777,acfc592ab4d260802cd7bbf993a36ba2,delivered,2017-12-13 23:53:33,2017-12-14 22:55:54,2017-12-19 00:37:26,2017-12-27 19:44:54,2018-01-11 00:00:00
1cb0438d7946ea7aa92ad2ef1904822e,914fbfc75fde173611bb46bb7e594358,delivered,2018-02-18 23:09:38,2018-02-19 00:10:29,2018-02-22 03:28:40,2018-02-28 21:09:45,2018-03-12 00:00:00
25eb0761e1e9fbcf056d8d92a88caef8,8413e7c0395740d8043bf764b523efc5,delivered,2017-11-24 08:58:58,2017-11-25 04:33:27,2017-11-28 23:59:09,2017-12-01 22:59:01,2017-12-12 00:00:00
e8e3e98f7dda7c869998846e5cbb9da9,ce5785c5c7342c80817deac25c5245da,delivered,2018-06-17 15:21:08,2018-06-17 15:40:42,2018-06-19 14:07:00,2018-06-25 15:51:19,2018-07-11 00:00:00
79f61e04126281ee53dfb2a9d04f2179,e08ea881292d66c986889e262fe31036,delivered,2017-12-07 20:44:24,2017-12-12 03:52:36,2017-12-13 21:18:45,2018-01-06 12:54:32,2018-01-09 00:00:00
c8009cf2dffdf428005fdd35c687b2c1,5cf604122eed2718e8734433dcb1977b,delivered,2018-05-16 16:20:13,2018-05-16 17:08:57,2018-05-17 11:56:00,2018-06-04 20:03:09,2018-06-08 00:00:00
4fff232856461ca40f8f09f9ce75fcda,84001fc9a30443cd5623d8b8ce0b0df1,delivered,2018-02-16 09:34:13,2018-02-16 09:47:05,2018-02-16 21:37:57,2018-02-21 17:25:03,2018-03-14 00:00:00
ca64208b67f4cb6e1503818a3317485f,7da6514c119b3cb64b80ae289717626d,delivered,2018-07-07 19:53:45,2018-07-08 19:50:12,2018-07-10 15:43:00,2018-07-14 15:46:38,2018-07-25 00:00:00
e2e33b37d96ba30f106c15dd7f77c8bb,65d79ebd74ab7244b7c75799809ce6c6,delivered,2018-02-18 20:46:06,2018-02-18 21:07:05,2018-02-19 21:57:31,2018-03-10 16:48:49,2018-03-15 00:00:00
a024eebe8239a5249b7b0cc30eb94c6e,f4319f9a1f97954c82f227d43d7e7642,delivered,2017-11-21 21:38:31,2017-11-23 02:33:27,2017-11-23 21:07:27,2017-12-14 23:28:40,2017-12-11 00:00:00
35ff30856e32d0b5a4a2abe36bc26f4e,5351615f68df64959aa713281ab51d49,delivered,2017-10-05 20:36:43,2017-10-05 20:49:31,2017-10-10 21:17:54,2017-10-21 15:08:27,2017-11-03 00:00:00
ff4ce1bf027da9b8b1eaa0c10148cc2d,69c365a0670ed7250de9cb2d600109f4,delivered,2018-07-01 15:28:33,2018-07-01 15:49:56,2018-07-03 07:32:00,2018-07-11 18:58:37,2018-07-24 00:00:00
cea4910391a77b0022ce76f53574a0b3,ae33b3fd78146ded26175b92f8890b58,delivered,2018-01-17 18:16:02,2018-01-17 18:29:58,2018-01-19 23:39:06,2018-01-23 03:09:34,2018-02-01 00:00:00
871602fdb0b91bf6bd79db21dbe419fe,3931a3c681fbb40ece9c1a9811c3a32c,delivered,2017-04-01 20:41:17,2017-04-04 06:05:36,2017-04-05 13:53:08,2017-04-07 11:42:36,2017-04-26 00:00:00
f33a36605bf3a9368badd6072ecc5172,8187fc73445256a9131654696fcf22b1,delivered,2017-12-24 22:44:46,2017-12-27 04:08:44,2017-12-28 16:54:02,2018-01-11 16:52:25,2018-01-22 00:00:00
4fb33c4b52b23477ef973e799871ec37,8f3f527075edc71580c9966f7e4ae27d,delivered,2017-12-20 15:12:48,2017-12-21 02:12:07,2017-12-22 18:52:59,2017-12-28 20:28:10,2018-01-15 00:00:00
8433606149b115b9f6e1916bdbe08dc4,572637e89769f5b93fbce4dc65c10057,delivered,2018-04-01 19:45:02,2018-04-01 20:30:14,2018-04-04 22:10:53,2018-04-24 04:28:43,2018-04-26 00:00:00
1f90220e4ad97915593771b65c25ee3c,b35f1a8faa9f7afd849b001e0b622972,delivered,2017-07-01 19:23:04,2017-07-04 03:50:21,2017-07-05 12:22:22,2017-07-13 14:34:04,2017-07-25 00:00:00
e23c047042de8af99ddee111258c121a,87ca0254b5537c29d79dddbb8573304a,delivered,2018-03-10 15:17:01,2018-03-11 15:10:29,2018-03-12 23:04:56,2018-03-27 17:38:29,2018-04-05 00:00:00
9d338554e6a547c58691018e942e224e,af1a503c70a6dfc6994876b5128e78f8,delivered,2018-05-07 22:11:43,2018-05-07 22:34:36,2018-05-08 13:22:00,2018-05-15 19:42:43,2018-06-04 00:00:00
8220769da5e88eb4288d26cc8f694b41,c43e9eadb2a48d4833466068df6c37f2,delivered,2017-01-31 13:41:55,2017-01-31 13:55:24,2017-02-02 14:30:12,2017-02-14 12:05:40,2017-03-09 00:00:00
3794a8409797f2c05b177f54e4105c69,5e3edafd41f8556c7a445dd0afa69592,delivered,2018-07-08 15:32:55,2018-07-08 15:45:13,2018-07-10 15:03:00,2018-07-11 19:04:22,2018-07-26 00:00:00
1baafdbda29613148a2517059b996b95,496b6a69dc3a20cc0ea64bea9e1328c9,delivered,2018-03-05 18:58:11,2018-03-07 02:15:56,2018-03-14 16:52:40,2018-03-28 19:42:28,2018-04-11 00:00:00
60083e3e8bf6182f3fb99b7a19203f45,8e0aee736b0ca13d2e4e3cba6e3d067f,delivered,2018-03-06 23:39:42,2018-03-07 16:10:55,2018-03-08 21:58:24,2018-03-11 12:40:53,2018-03-16 00:00:00
4519eb4d4f31920150447454d2a0b560,feba7fb74fbd42ad8797ac9346f33c9d,delivered,2017-08-21 19:07:53,2017-08-21 19:25:17,2017-08-22 15:07:50,2017-08-23 19:08:13,2017-09-01 00:00:00
3e38a700307fe33c87f3ad4a3e0ebd02,c0428d1a23ef4e9dbbcf9fbd0bdad091,shipped,2018-02-18 00:17:13,2018-02-20 07:27:52,2018-02-21 19:32:42,,2018-03-21 00:00:00
0c16747a08be86a9c23f1cb8f3e7568c,eab676576871f35b5954a84272b96c9b,delivered,2018-04-15 14:00:50,2018-04-15 14:15:11,2018-04-16 18:52:39,2018-04-23 18:02:47,2018-05-09 00:00:00
a62d1c8ecd8c597d007fc79c5bb5f1c1,d70bfb163e0c9a9cc2292adef3b6e703,delivered,2017-05-18 13:49:05,2017-05-18 14:02:46,2017-05-18 15:12:56,2017-05-26 17:26:56,2017-06-16 00:00:00
2d707687709e7c9a3ba4c8c1749afa6f,fea9401142aad8a0b2a91fa18ab34505,delivered,2018-02-26 16:28:37,2018-02-27 04:30:56,2018-03-06 00:03:58,2018-03-09 22:34:41,2018-03-16 00:00:00
f1a1f8c4672ddef8f8562981ca2d0596,ca4f062ec452965235c58a11ea8e3803,delivered,2017-04-04 23:09:14,2017-04-04 23:22:44,2017-04-05 13:53:11,2017-04-17 13:18:03,2017-04-27 00:00:00
d860631771a39cab8dbd1fd3c9d9b46b,239914266a7bdd738ce6b85a413e9e48,delivered,2017-11-24 01:09:07,2017-11-24 01:29:47,2017-12-07 19:09:12,2017-12-19 20:58:23,2017-12-14 00:00:00
e070cafb6df36b4547be4f403832975b,6dea9469b6a6dce241adb9a86a8bf1e4,delivered,2018-04-27 20:52:29,2018-04-27 21:12:32,2018-04-30 12:58:00,2018-05-07 10:57:52,2018-05-18 00:00:00
104cba315a10ebccef0e851792083040,a17c332f183bf79f07c8df13174259c9,delivered,2017-03-25 20:30:53,2017-03-25 20:42:28,2017-03-30 16:32:07,2017-04-05 09:59:44,2017-04-25 00:00:00
c72b9a169668381c6a1d12462a2e05e3,235d9d7aee389f873ed0b5e437d90fb8,delivered,2017-04-23 12:34:55,2017-04-23 12:45:45,2017-04-27 12:36:58,2017-05-12 07:13:56,2017-05-11 00:00:00
ad286e926f0a816e7b604bd0c9db8b1c,be9aff62a55775448c9ded5e198350e5,delivered,2017-12-02 01:05:05,2017-12-05 04:12:09,2017-12-06 20:43:02,2017-12-22 20:09:10,2017-12-27 00:00:00
b35ce82e5e535cc632c4441e01d6046a,67f2cb51ce2f2e03409b212892cfadb7,shipped,2018-07-19 18:14:54,2018-07-19 18:25:16,2018-07-20 14:20:00,,2018-08-13 00:00:00
abe81b8eb8d846d18c760f8430a2ed55,f61791d1fd5896c81fc8a663aaf71e17,delivered,2018-06-23 01:18:26,2018-06-23 01:40:40,2018-06-25 09:17:00,2018-06-28 21:26:41,2018-07-12 00:00:00
1dbe2e0c5594a384eac781a7e46c6011,4cc6b852b4d5583946b78337536629b1,unavailable,2017-10-27 16:13:11,2017-10-30 07:25:48,,,2017-11-10 00:00:00
8799eebb5f3c13b04f324db2ad883d1d,f905ca19020b60ee0b5e172270e0822b,delivered,2018-01-25 03:08:59,2018-01-25 03:16:43,2018-01-30 18:31:54,2018-02-06 21:34:35,2018-03-01 00:00:00
6badfcc75dd97eb3cce25aa4bc7dd773,7ce1fc9e99a49468fd3ba1df06317ff3,delivered,2017-09-18 15:55:33,2017-09-20 02:35:08,2017-09-29 13:16:17,2017-10-03 21:13:16,2017-10-13 00:00:00
d3d6fd64df1cf1428ea9f88aaabb4713,88698b975282238781a85ab41b0716b3,delivered,2018-05-08 20:21:56,2018-05-08 20:55:02,2018-05-09 14:11:00,2018-05-16 12:23:28,2018-05-30 00:00:00
ee4d37f7666f4649a942fad1192bb2f4,06395488a4eca1bdb8d85407775417e0,delivered,2017-07-16 22:16:35,2017-07-17 22:10:12,2017-07-18 20:04:37,2017-07-25 19:47:18,2017-08-14 00:00:00
3dcb917fc27fe1beee3ddbea0fd4e9b0,ed0ef83b84cca33b5d342c361846a265,delivered,2017-05-31 22:03:26,2017-05-31 22:15:11,2017-06-02 10:54:32,2017-06-05 17:42:26,2017-06-21 00:00:00
9d56875afa926ef0d9263eb003dba6e0,2bef4d64d65faaea42c4dd60d5933203,delivered,2018-05-16 13:31:20,2018-05-16 13:59:36,2018-05-18 13:33:00,2018-05-21 22:10:35,2018-05-28 00:00:00
01fac9bdfa271bcaf57218f971649ab7,0dc409c0b2ee6af05d8caf7a5676a672,delivered,2017-09-21 12:39:45,2017-09-21 12:55:14,2017-09-26 10:37:39,2017-10-09 19:10:18,2017-11-14 00:00:00
90f4238d4a0d8f6371e4fbb18af5df64,6b72578e91bbfe3fbe8dc198c4d8312d,delivered,2017-05-03 23:34:55,2017-05-08 23:32:29,2017-05-10 04:13:44,2017-05-10 09:43:12,2017-05-24 00:00:00
d0b29bf966cd5fc8d2b5274157396dd9,af149dc022760dd847a77705f6679bdb,delivered,2017-06-19 09:51:09,2017-06-20 10:25:29,2017-06-20 13:12:50,2017-06-21 18:09:48,2017-06-30 00:00:00
da0361ddfa13e2463678f03b44cd7c7c,03c2071df0b83e7d7281d0ae9871d4e5,delivered,2017-07-21 13:25:48,2017-07-22 02:23:12,2017-07-25 19:37:50,2017-08-01 17:06:02,2017-08-04 00:00:00
cd2c7e05ab02cbe86aeeeb18648be1a7,83bffadc810994dd6d4c926394759a70,delivered,2017-08-05 19:41:47,2017-08-05 19:55:11,2017-08-07 20:44:54,2017-08-23 21:34:23,2017-09-12 00:00:00
5d5947bb34252e75f2ff8c0e22c3d511,cdb4a0c17606b785bc076b44feb35f1b,delivered,2018-04-13 16:52:01,2018-04-13 17:40:47,2018-04-16 23:46:48,2018-04-24 14:34:42,2018-05-10 00:00:00
b31d738d37a8bb4df0963d826f9936ec,1a4ba4ff72c36e31799bcef839999028,delivered,2017-12-10 16:02:45,2017-12-12 15:58:42,2017-12-13 23:41:32,2017-12-18 17:35:54,2018-01-09 00:00:00
beaaa51d8c9cf4009ff933505cdaf101,fd78478906e879b770c640f537e4484e,delivered,2017-07-21 12:16:02,2017-07-21 12:30:19,2017-07-24 16:32:51,2017-08-08 21:22:16,2017-08-24 00:00:00
5caafce59fc6edde8a3ebb211bc3d980,fddc93eb85dd694ba413530f84b399a1,delivered,2017-05-10 14:02:15,2017-05-12 02:55:51,2017-05-18 11:17:47,2017-05-25 09:29:51,2017-06-01 00:00:00
b800afd0307bcea5536222116e3d7a4b,9dc9565c601aab5b9b033fbc51ca5b7f,delivered,2018-01-30 22:36:41,2018-01-30 22:52:49,2018-01-31 19:32:16,2018-02-03 11:12:10,2018-02-15 00:00:00
fba0ec79b91f909237fd5ea8960a2a5a,9e0178d087d4ed2d63d4e774a9d761ee,delivered,2017-10-30 23:33:31,2017-11-01 03:10:42,2017-11-01 18:35:41,2017-11-08 18:38:35,2017-11-17 00:00:00
453c6f368bd52d7a2c03f6cc81ccf9d8,511ef0347dfb82cddc47df9a7dbd6c64,delivered,2017-11-04 10:25:02,2017-11-04 10:36:10,2017-11-06 20:48:36,2017-11-09 16:56:51,2017-11-24 00:00:00
86040e964f7db9d08d8e1f3b791f1871,242585aa95aef3a0d2bcfbdfa01df6b5,delivered,2018-04-15 21:58:22,2018-04-15 22:12:04,2018-04-17 20:41:02,2018-04-20 12:26:57,2018-04-26 00:00:00
b0e1b07dae953c6056f02e040a2e596c,0bf392eae6659457dfc09ca7c3ea9b42,delivered,2018-08-23 09:51:51,2018-08-23 10:04:50,2018-08-24 11:46:00,2018-08-30 22:41:43,2018-09-20 00:00:00
dcbab7ed24e477a8dfa72d7f67ff6352,c1bc988a61c053c1617d94b3545f3c6d,delivered,2018-05-19 19:34:15,2018-05-19 23:30:31,2018-05-22 08:11:00,2018-06-07 20:03:38,2018-06-08 00:00:00
d42ae55fee4d8a4b11a86804fbfc0e34,0d1c5b3db710f5db56a7d67dfd459da2,delivered,2017-09-08 14:10:02,2017-09-09 06:34:07,2017-09-11 17:31:46,2017-09-12 19:03:50,2017-09-20 00:00:00
8f7fab386de53dade383a220ad572f8b,fdf99d9accfd2ec8e9fa26abde5052fb,delivered,2017-09-03 11:23:45,2017-09-03 11:44:08,2017-09-04 18:00:06,2017-09-05 15:14:36,2017-09-15 00:00:00
fa01cb3e41fcdf8cf3c55e01a5477d46,1d6e9c33f7ee14a1f4e320fc43a2515a,delivered,2018-07-04 21:28:04,2018-07-05 16:35:04,2018-07-05 14:02:00,2018-07-10 12:11:07,2018-07-23 00:00:00
79f0079f45f137b3a4d31ebbd20de6c2,0078c6b33ae4a3f03de57a8ad36648e1,delivered,2017-04-17 14:31:01,2017-04-17 14:45:28,2017-04-17 15:16:50,2017-04-24 10:42:00,2017-05-10 00:00:00
fb16eb7d2922cdf521797850c680dacf,ac9e6e9eb60ce06ba93a4c311618f7f5,delivered,2017-11-30 11:41:35,2017-12-01 11:31:18,2017-12-07 20:51:45,2018-01-05 22:40:45,2018-01-02 00:00:00
b4eed0937529c145938bdfcb03ed14d2,c4dc2f61b3a3548a9a879a265f8fdc92,delivered,2017-11-05 01:22:08,2017-11-05 01:35:27,2017-11-07 19:08:38,2017-11-09 18:08:04,2017-11-24 00:00:00
49fe48be474d1436868ce63799d879ad,383a18583130a2c5aff97babf33afc61,delivered,2018-04-29 19:32:34,2018-04-29 19:50:14,2018-05-02 14:58:00,2018-05-04 19:34:42,2018-05-17 00:00:00
33a3567a036169435a622361c5d3b79e,4b05dcf5667f512fe23847c483db080d,delivered,2018-08-24 13:05:30,2018-08-24 13:15:14,2018-08-24 20:06:00,2018-08-27 17:51:42,2018-10-01 00:00:00
efebff1dca02ecdf264035398365351f,7e67ce30689f185fd8257747f004a86c,delivered,2018-08-26 22:37:58,2018-08-26 22:50:21,2018-08-27 13:21:00,2018-08-28 21:41:28,2018-09-11 00:00:00
cfa8a62cd97f213de2dfe3854b480d62,87949ad6f282389d95ece15ca405f030,delivered,2017-04-24 09:08:24,2017-04-24 09:22:29,2017-04-24 17:54:39,2017-04-26 10:54:12,2017-05-11 00:00:00
e0918c299a0186482e345c9117932efb,5fe8b0027f57218203b52466e6794402,delivered,2018-06-13 09:22:13,2018-06-14 04:31:29,2018-06-14 15:43:00,2018-06-15 22:04:28,2018-06-25 00:00:00
55e54fbe84b592cd76e9cb620b4e41be,9228ed405d056055c5dad4e6f0acbb55,delivered,2018-08-14 18:02:25,2018-08-14 18:25:19,2018-08-15 13:18:00,2018-08-21 11:49:34,2018-08-27 00:00:00
70d0dedf8c23e2cedca5915427acd101,e89602b2442a8d65407ba198d614502c,delivered,2017-01-17 16:58:06,2017-01-17 17:15:16,2017-01-18 14:22:10,2017-01-28 11:57:18,2017-02-15 00:00:00
83aef7faf3400f2ca6fa465a8f483657,9176c1e845dabffbee3999f577d0af6b,delivered,2017-09-09 21:12:37,2017-09-09 21:30:14,2017-09-13 18:33:36,2017-09-27 20:57:45,2017-10-04 00:00:00
d57dc0719a809a0b1f533d4b150fea47,41e5e8ebaf5c8d1409814afd4174567d,delivered,2018-05-14 16:47:21,2018-05-14 17:18:42,2018-05-16 12:08:00,2018-05-21 20:48:40,2018-05-28 00:00:00
8ee8c0426394f8fb52861464aa0b4b40,04ccf04b81dec817ff694f6af34a2a59,delivered,2017-11-19 09:21:27,2017-11-19 09:35:25,2017-11-22 19:58:38,2017-11-24 19:17:39,2017-12-07 00:00:00
ef464b5c221c372f20ffb3510ba0c771,d107d120d25c054cc96132e3a88bd900,delivered,2017-08-27 15:07:00,2017-08-27 15:24:25,2017-08-29 18:23:33,2017-08-30 18:29:50,2017-09-08 00:00:00
c3b620f59a689c3ca6b5884d2f6c6ac8,180404f910942ed7c4b5f3e952007686,delivered,2018-06-02 21:02:12,2018-06-02 21:10:15,2018-06-07 13:18:00,2018-06-12 18:09:01,2018-07-12 00:00:00
b1fad4d8e73fbb65137e444730f5f99b,2651df049fbe11e77d8f0976b6a20f9f,delivered,2018-03-18 23:45:35,2018-03-19 00:08:48,2018-03-21 19:03:16,2018-03-27 01:40:45,2018-04-16 00:00:00
ce14d0bfa18669c84f4f4f4f97cdb917,3e2e0f10e34e89292fa6b67eeddcfa31,delivered,2017-07-07 17:10:50,2017-07-07 17:23:41,2017-07-11 18:47:52,2017-07-19 17:49:40,2017-07-31 00:00:00
4d4626c2702b9593578cca934d41a295,1231a3c78ad446565be676d68db0fc23,delivered,2018-04-09 10:46:01,2018-04-09 11:10:39,2018-04-11 00:41:26,2018-04-17 13:38:52,2018-05-07 00:00:00
ac80289f28f597052345117f4d4720ea,1c255703c54df2a7a2d7a756ec70b210,delivered,2017-11-08 18:45:19,2017-11-08 18:55:55,2017-11-09 18:38:53,2017-11-20 18:45:46,2017-12-04 00:00:00
8e66b37a5e6e28c5a8c59bc36989a673,edb6cd94abbf0498720c0d11e5da17c1,delivered,2017-05-25 21:49:38,2017-05-25 22:02:39,2017-05-26 10:54:18,2017-05-29 14:58:06,2017-06-07 00:00:00
0ea1fd1eeeb46df9770ac9d07e1e71e6,7e819d9576db510d58fb2df67b84a8d5,delivered,2018-03-30 16:32:37,2018-04-03 05:49:09,2018-04-04 17:19:17,2018-04-09 15:58:43,2018-04-12 00:00:00
5288a5c8ebb19306a1564b85ddb068f0,14afd6611044699b2f2f2afe32af6cc5,delivered,2017-10-22 08:46:31,2017-10-22 08:56:25,2017-10-25 17:04:57,2017-11-03 21:09:16,2017-12-04 00:00:00
bf2cb71b1f79c1f44fbd98358c2ba7b4,ce8053eeb82d6a9d295bcf24ee14c2dc,delivered,2018-06-14 00:13:09,2018-06-14 00:39:40,2018-06-18 16:00:00,2018-06-22 00:48:32,2018-07-25 00:00:00
236d21060f892e44cfdfb2846ea93133,e39db554cd5f02b4f95308fcbb7c2028,delivered,2017-03-15 09:33:40,2017-03-15 09:33:40,2017-03-17 13:49:44,2017-03-20 11:17:02,2017-04-03 00:00:00
7031b05cc11f30cbe06d8ec8ab1b58b9,7b29a7ee094e5b0bea7fdec9439ce6ac,delivered,2017-11-25 10:24:17,2017-11-25 10:33:30,2017-11-28 02:31:46,2017-11-30 16:48:35,2017-12-11 00:00:00
b84b43e566c6ce70855b9eeae7ac52aa,aef4827996835761f7264f56ead80bb3,delivered,2017-05-24 15:30:18,2017-05-24 15:43:17,2017-05-25 09:23:07,2017-06-05 13:17:41,2017-06-20 00:00:00
bcdd99725db7d4c2fd9468f0fcf3cfa1,ec44c35c1f4142d89e506f87f9ffc183,delivered,2018-02-16 22:02:09,2018-02-17 01:27:01,2018-02-23 19:07:47,2018-03-03 10:32:10,2018-03-06 00:00:00
74eba88c228b81196e604cffff7b4fe0,a68cdc54058fef9b59574466e8231423,delivered,2017-06-27 21:33:36,2017-06-27 21:45:17,2017-07-04 13:46:15,2017-07-17 20:06:20,2017-07-28 00:00:00
3ba97310c8f8f6f5e9153973e87297ae,54c663f10feb1c08f00b25ea8bf63b86,delivered,2018-07-22 23:29:16,2018-07-23 16:46:01,2018-07-24 11:47:00,2018-07-27 17:22:39,2018-08-06 00:00:00
f419588594e9e500fbc4ff2138de9f53,7ad5a2ceca2e508196ba057b5fef8b19,delivered,2018-03-18 11:27:13,2018-03-19 16:14:08,2018-03-20 21:08:38,2018-03-21 22:36:29,2018-04-03 00:00:00
ba1f4cf892df702e9b730cb54d9fb063,0ee95c043bcf195d5315984c992278ce,delivered,2018-06-22 22:36:48,2018-06-23 01:40:09,2018-06-25 14:45:00,2018-06-26 18:24:46,2018-07-05 00:00:00
b1abc0fe22da191344832b1b462d08c9,ee269c739b58491e77a2d01460616914,delivered,2017-10-25 00:21:44,2017-10-25 00:56:38,2017-10-26 17:42:39,2017-11-13 20:32:22,2017-11-22 00:00:00
88083e8f64d95b932164187484d90212,f67cd1a215aae2a1074638bbd35a223a,delivered,2017-02-18 22:49:19,,2017-02-22 11:31:06,2017-03-02 12:06:06,2017-03-21 00:00:00
c33b68bf731561417deac5156e97409b,2fc3d22dc42a3baf9d85dc2a32e88e90,delivered,2018-05-08 09:34:28,2018-05-09 04:31:30,2018-05-09 14:01:00,2018-05-21 14:26:43,2018-06-01 00:00:00
d2d67121a09535b3a7b6a000e58d8625,a17dc8aaea9743dbccaca067b5ac3b43,delivered,2016-10-04 22:15:11,2016-10-06 16:00:41,2016-10-10 16:00:43,2016-10-13 16:00:43,2016-11-24 00:00:00
d28a0d4aabf9fe1941c36b8d1af9bd5a,d9bfba2f23389250401438a7d9875a93,delivered,2018-08-03 08:08:06,2018-08-03 08:24:07,2018-08-11 07:17:00,2018-08-15 20:56:36,2018-08-20 00:00:00
355b3b76919942127a5b1adf689f1f2f,367e6be143018c5f8b5d70dc90713fed,delivered,2018-02-10 02:19:28,2018-02-10 02:30:26,2018-02-14 19:35:46,2018-02-19 11:32:40,2018-03-07 00:00:00
55ca27587481961b3a085c32da46f015,f7affc6b52397ec89170a5d381b270f0,delivered,2017-12-25 16:31:47,2017-12-25 16:48:57,2017-12-26 16:16:18,2018-01-05 21:58:54,2018-02-01 00:00:00
516ddf29a9e99c8997f914e6b389cd19,e9932a09e352ca9e469f31522a8466f0,shipped,2017-03-23 23:44:58,2017-03-24 23:50:18,2017-03-27 14:26:33,,2017-04-13 00:00:00
631f239214469de434c64b7d2b34ab0c,7999253f86e8bc72609944e1559375e2,delivered,2017-07-17 22:38:21,2017-07-19 03:45:17,2017-07-19 18:13:45,2017-07-25 23:59:42,2017-08-04 00:00:00
92ee8a7ca1333a436b9d734e896c6aaa,f93d90fd1cf12ee957502989080365ee,delivered,2017-08-19 12:10:21,2017-08-19 12:25:13,2017-08-22 10:42:01,2017-08-25 18:12:51,2017-09-18 00:00:00
6842f24d4244c95a3f022986885293c5,b855beb4e42f78851fdfe5670f7e29ba,delivered,2018-02-26 12:35:09,2018-02-27 17:30:30,2018-03-01 17:39:27,2018-03-18 15:32:26,2018-03-20 00:00:00
96e95ca6ffb5d5f7d5a8f26a525c2cc9,5c2d52dcfbeee8704168520a5e9433e2,delivered,2018-02-13 21:24:28,2018-02-15 04:11:03,2018-02-15 22:25:02,2018-02-19 15:35:31,2018-02-26 00:00:00
814ea040061a40f0e1c8e5decbc2f507,349207309e806b55fea5c3defaf97cd1,delivered,2018-01-24 23:19:03,2018-01-24 23:32:54,2018-02-01 01:26:29,2018-02-10 10:04:43,2018-02-09 00:00:00
2da8bce3611134cc95cb5d33bf1e2d3b,a6fa8cc3630641be4f18edaee5e36e77,delivered,2018-07-06 11:16:55,2018-07-06 11:31:07,2018-07-10 14:44:00,2018-07-21 10:32:51,2018-07-31 00:00:00
0e79e80abdb81ad5003ede1e8d4ef4e1,eee59a7417089496b809841d6e0d41ed,delivered,2017-11-06 09:04:52,2017-11-06 09:15:32,2017-11-08 16:22:44,2017-11-16 18:28:27,2017-11-24 00:00:00
ccffad477fa78262d2690795ed9a2016,18b117cbbdbd26006b08dc421eea3650,delivered,2017-08-07 10:30:17,2017-08-09 02:50:40,2017-08-16 23:23:53,2017-08-23 20:03:22,2017-08-29 00:00:00
1711f625690d080211f8c55bab2e12cc,18e6b781ea6f01f2b0a73bfc54aa2509,delivered,2018-03-18 17:56:07,2018-03-18 18:10:28,2018-03-21 15:09:40,2018-04-05 21:18:55,2018-04-11 00:00:00
0ad3d55b3745d0afb5dd2d9f86c25dbb,09147d2789c6b1e2b4f0b8bd46d48013,delivered,2017-12-28 00:09:13,2017-12-28 00:18:24,2017-12-28 21:21:53,2017-12-29 16:02:55,2018-01-17 00:00:00
a8385b0ed2ef8109ce800b799f53fb7c,6a3c8489b5fc2d567d6cd3c7fa976cd6,delivered,2018-01-08 00:08:44,2018-01-09 07:22:49,2018-01-09 18:45:19,2018-01-10 21:34:21,2018-01-24 00:00:00
ded4e6e4d721200bd599d81e5b29901f,c9c50e93a64b30608d9fc63f83a6ef19,delivered,2018-02-23 21:00:11,2018-02-23 21:15:33,2018-02-27 01:04:23,2018-03-09 16:24:24,2018-03-20 00:00:00
ae06bd80c3727ee5b35770126f4da2e9,7b17817cb492e3928f13c083175addd2,delivered,2017-12-04 12:15:23,2017-12-04 16:45:00,2017-12-08 15:33:55,2017-12-14 16:54:57,2017-12-27 00:00:00
0342b8bec301294021371c16411b6c40,2d26266839bdc081b22334efe8f14230,delivered,2017-09-27 16:05:45,2017-09-28 19:25:26,2017-09-29 16:12:36,2017-10-02 14:33:21,2017-10-13 00:00:00
e5f48c85f53cb4d3f36b6cca32673337,2e2efd740af343446e6b2aa4e1480d60,delivered,2018-02-17 10:16:55,2018-02-17 10:33:03,2018-02-21 18:47:32,2018-02-26 18:57:04,2018-03-21 00:00:00
4a987097277f21bd90f8d6e50af76593,b29693f7db88126b2b3dc47b54ab7d7f,delivered,2018-08-12 23:25:26,2018-08-12 23:35:16,2018-08-13 10:04:00,2018-08-21 16:42:58,2018-09-10 00:00:00
fa13371966ea8d560a9f52d266d68a63,d3049798de0a92c334a345fd314a106f,delivered,2017-07-26 15:59:12,2017-07-26 16:10:28,2017-07-27 14:43:52,2017-08-14 17:04:49,2017-08-25 00:00:00
5601bfbdacd066beef319141c35b8db7,aff84476fe7c86a9ff8e96d3c6bc66c7,delivered,2018-03-27 15:04:16,2018-03-27 15:15:25,2018-03-28 19:05:24,2018-03-29 20:22:06,2018-04-09 00:00:00
d5de010b46ae0907273f83e91822a024,c091ccef2611f33bfe395e5b62fb8cd4,delivered,2018-04-03 02:09:13,2018-04-04 18:10:17,2018-04-05 18:33:00,2018-04-30 19:59:42,2018-04-30 00:00:00
de658852c7c4ebef68f148bdd87fbf41,5586e236d573bcb1147d57afd4671456,delivered,2017-12-23 18:48:11,2017-12-23 18:58:20,2017-12-26 22:17:16,2018-01-23 18:48:07,2018-01-19 00:00:00
015a7c64361928a0782ec0e705174b6d,c9eba034ee5ffca9771a1a60f603c827,delivered,2018-06-17 19:54:47,2018-06-19 03:57:28,2018-06-19 11:11:00,2018-06-29 11:19:36,2018-07-20 00:00:00
107e9841427111622a645103d621ffeb,078fa6a7ee9792303695a290a8338ed4,delivered,2018-06-25 12:08:39,2018-06-25 12:37:46,2018-06-25 14:47:00,2018-06-26 20:08:41,2018-07-05 00:00:00
f7c14483b0baaae57ea57152605b3b2f,71ce198713478fd4a64201e685d158be,delivered,2018-03-26 08:27:19,2018-03-27 04:08:43,2018-03-28 20:41:36,2018-04-04 17:11:52,2018-04-12 00:00:00
e588678a890ca4670d41a53647394505,b33277887e30554f24705f41eb15f8a2,delivered,2017-03-06 15:18:38,2017-03-07 04:30:09,2017-03-07 10:12:08,2017-03-20 07:54:46,2017-03-23 00:00:00
c9c9e0b5e174e13426bc9daf1372bcef,c0cb698788546cbf3a16fec3522ef2ce,delivered,2018-08-09 20:16:15,2018-08-09 20:30:16,2018-08-10 12:55:00,2018-08-13 17:48:40,2018-08-16 00:00:00
a8a6a00e8c77c47036c858cd31616c06,7b27454c9ffda675b16639328cd0fd89,delivered,2017-09-28 20:11:40,2017-09-28 20:28:10,2017-10-02 17:32:29,2017-10-06 19:27:10,2017-10-25 00:00:00
1c8c87765ea79e8a75b27597f1ba8c24,7f43acabae2904f587aa6281c266644f,delivered,2017-08-01 22:22:56,2017-08-03 03:05:08,2017-08-03 18:32:44,2017-08-11 15:15:37,2017-08-25 00:00:00
636b730a85bdd05024f5570316c55597,aab40101c236c289136308bec1c940ea,delivered,2018-08-14 13:22:24,2018-08-14 13:30:20,2018-08-15 13:52:00,2018-08-16 20:20:47,2018-08-17 00:00:00
0fe5606eaf29eece073a6ca9fc9dabf9,ac3fbda55576ed7a4a8335993a6fda28,delivered,2017-11-19 01:56:03,2017-11-21 03:46:25,2017-11-22 22:19:01,2017-12-04 23:18:49,2017-12-22 00:00:00
18eb4d832e52cddbe2f64a22e306b8d2,51b424dde01849b39f54942246285df5,delivered,2018-02-05 17:36:36,2018-02-06 03:35:41,2018-02-07 22:26:57,2018-02-23 18:13:30,2018-03-01 00:00:00
b096dc568c99f644a9b4450068053521,13bed793d521d388809a0381e2935d27,delivered,2017-03-05 22:19:19,2017-03-05 22:30:16,2017-03-16 12:12:52,2017-03-24 15:12:21,2017-03-23 00:00:00
965170ca17f32cfe4f86f41ad6b55928,e23855ce6b59ad9517f246b3928f6024,delivered,2017-06-27 13:32:43,2017-06-29 02:43:53,2017-06-29 14:32:18,2017-07-05 12:28:39,2017-07-17 00:00:00
35e1000125ea64ee7fcffec9d5e110b8,45cc4fe542c5247bad9b6b91f91a7a43,delivered,2017-11-24 16:55:30,2017-11-24 20:37:32,2017-11-29 14:53:05,2017-12-18 22:17:51,2017-12-20 00:00:00
a3b8577da20bded7d651b76f6de4e2be,2cae47942c8ec4b0b35568cda80c913f,delivered,2018-03-31 21:54:03,2018-03-31 22:09:37,2018-04-05 23:26:31,2018-04-13 15:22:27,2018-04-19 00:00:00
f016f70bce12ff9eb5a876d2e191145c,74039339ff3957a296aacfac63404d07,delivered,2018-01-03 10:12:24,2018-01-04 05:16:10,2018-01-05 12:51:32,2018-01-22 18:16:51,2018-02-02 00:00:00
aaeb782b2c3417edea48a095560116d3,3a380b8de221b015307dedbd1d90b692,delivered,2018-08-08 00:38:57,2018-08-08 00:50:10,2018-08-15 14:21:00,2018-08-22 21:41:44,2018-09-06 00:00:00
6f9c77bec121542d4ebb3b5b536cec1e,a165516b8faabeb29fd9327885ba1b66,delivered,2017-08-16 19:58:53,2017-08-16 20:45:14,2017-08-18 14:33:55,2017-08-21 15:42:58,2017-08-29 00:00:00
58e6f7e9b845a911922aac26ef668902,96e8f4d19162a5c81e5b7779e6e69947,delivered,2018-03-08 19:49:33,2018-03-08 20:09:36,2018-03-09 19:51:47,2018-03-19 11:28:32,2018-04-02 00:00:00
f70e496275be271e81c7b475ae260e97,be3f653814f8b66735640fc2b33c326d,delivered,2017-05-31 20:00:34,2017-05-31 20:10:15,2017-06-06 12:06:22,2017-06-07 08:42:18,2017-06-13 00:00:00
a84c48c1c9adb6611355f0c6b2bb05c8,286c8b63684dda5b90c2cede81071744,delivered,2018-05-02 17:04:17,2018-05-03 17:09:04,2018-05-04 14:21:00,2018-05-22 20:22:23,2018-06-04 00:00:00
eb2eb20abe0258707c152cc393dfcb16,962b41ee521809e7435fdac0d93063a9,delivered,2017-07-15 10:28:32,2017-07-16 10:25:07,2017-07-18 13:27:41,2017-07-26 16:07:50,2017-08-08 00:00:00
f4a9a8dac06f384b1b71b01d433a1a5b,69c28b2b49b4b0b3beba4e396cee5551,delivered,2018-02-19 10:13:31,2018-02-19 10:27:42,2018-02-22 18:46:55,2018-03-29 12:58:43,2018-03-16 00:00:00
6a868efa34dccad934e939877994dafe,1c83b73238f155f8726794789086c6a6,delivered,2018-07-20 15:01:43,2018-07-20 15:10:25,2018-07-23 14:41:00,2018-07-26 21:32:14,2018-08-03 00:00:00
1f7b1777ff930e68714185203983f11c,1acfc461171cf780ba4bec023da997aa,delivered,2017-07-26 17:25:21,2017-07-26 17:43:08,2017-07-28 16:09:27,2017-08-02 20:32:19,2017-08-22 00:00:00
c671c0f8b33c619e3e77d7ccd3b934e0,447e1d91885790660c82309c87fd2422,delivered,2018-02-11 20:19:41,2018-02-11 21:00:25,2018-02-14 16:39:53,2018-02-19 16:06:53,2018-03-07 00:00:00
de6743691fe06b0d7ed439f7cea17278,d3747fcb04e6ef1d6b9ac173fe2a6098,delivered,2017-02-03 13:41:39,2017-02-03 13:55:10,2017-02-13 15:14:42,2017-02-17 13:08:40,2017-03-16 00:00:00
5210cc27d1cb0011f4a1124f5507e163,973911eeaa507296d3b1e84be1c6c4c0,delivered,2018-01-07 18:07:43,2018-01-07 18:15:40,2018-01-08 23:32:55,2018-01-19 13:34:48,2018-02-07 00:00:00
4bad08b56f16face64a87351f339d728,da7ffad22e58bcd1a5116f8fb1b661ef,delivered,2018-05-08 08:40:20,2018-05-08 17:35:32,2018-05-10 13:26:00,2018-05-17 18:24:48,2018-05-23 00:00:00
6ce881977271c8a9ee70289bea9f843e,5a6b832708217e795c324c1572a0e7ad,delivered,2018-02-15 17:24:49,2018-02-15 17:35:31,2018-02-17 00:07:57,2018-02-28 04:05:45,2018-03-07 00:00:00
e13f9d9f79f8325d4f77d26e7384e9fd,cf818420383856a129134f5f8343f7b8,delivered,2017-07-11 18:23:43,2017-07-13 03:04:39,2017-07-14 18:34:26,2017-07-25 02:53:28,2017-08-04 00:00:00
3bd0f236adc665a39d6119dea1d84854,7f697183db41b9bfde416dad05efc578,delivered,2018-01-03 09:16:57,2018-01-05 02:38:36,2018-01-08 20:50:46,2018-01-15 18:52:52,2018-01-30 00:00:00
26df00352f2528817ab4065c2f3f519b,bacb470287effcf681e17db354675ca6,delivered,2017-10-24 19:14:55,2017-10-25 02:26:24,2017-10-25 17:50:06,2017-11-01 19:06:52,2017-11-17 00:00:00
b83bcc2e6111826562978d06d5de4e7e,ef80d9d1d4e44ccbe835add86a3db3b7,delivered,2018-08-02 16:26:56,2018-08-03 02:50:37,2018-08-06 11:10:00,2018-08-10 19:16:30,2018-08-13 00:00:00
fe8019fe8dd1f1af8ba5c0ffdb113a74,c9fca216d2d1ece33dbddf9fa36eaa9a,delivered,2018-05-04 16:32:19,2018-05-04 16:54:31,2018-05-08 13:25:00,2018-05-09 13:16:53,2018-05-23 00:00:00
edbb1c3fa6db2f898b18c037eaf3aeda,81c85ade1f801f40a652307a81133738,delivered,2017-05-01 11:43:05,2017-05-01 11:55:21,2017-05-02 14:00:43,2017-05-19 10:42:45,2017-05-25 00:00:00
f235384f00231b97741506296a4cca59,974cd55c75131d2735f64c848baa392d,delivered,2018-06-04 22:53:54,2018-06-04 23:10:42,2018-06-05 10:15:00,2018-06-13 17:56:39,2018-07-16 00:00:00
881d60b41ea9627a5428fb78693fad34,4a4b708ae01ec6ef1344971eb80a1a65,delivered,2018-07-24 12:31:27,2018-07-24 15:25:14,2018-07-25 11:02:00,2018-08-02 17:55:55,2018-08-07 00:00:00
3c74e538974fb013e938fbdd7d83675c,0b94e6ad540003cdc27b09854bd6f76f,delivered,2018-08-04 10:08:19,2018-08-04 10:24:12,2018-08-13 15:54:00,2018-08-16 17:50:16,2018-09-10 00:00:00
1b1d6a3f8e1369c613eb19c40dab5624,e8c7b1e1584d6ba2f13473ac8e3e7cbe,shipped,2018-03-13 20:56:03,2018-03-13 21:10:31,2018-03-14 20:03:34,,2018-04-04 00:00:00
bdd9b76103b5ce16eb842f7ef68cdc4e,81b50a6cf4950dce19790e9da3d687c8,delivered,2017-03-01 17:02:09,2017-03-01 17:10:18,2017-03-03 14:35:39,2017-03-09 11:27:49,2017-03-22 00:00:00
aebed143b42af20da37583ee7e4cb7e0,b5ef1085bf64f02d47ec2374bc101964,delivered,2018-04-26 12:53:20,2018-04-26 13:11:26,2018-04-26 14:32:00,2018-04-30 18:16:54,2018-05-16 00:00:00
e5b6006d8448540e314215fd9924e384,0e93ee922bae01f842f765995049ba02,delivered,2017-09-18 00:21:26,2017-09-18 00:35:12,2017-09-19 14:15:45,2017-09-20 15:24:36,2017-09-29 00:00:00
ccafe6201982b2369baac3ad28c67188,ad5c926ff77843378ead512cdef2bf85,delivered,2017-06-06 22:27:33,2017-06-06 22:42:35,2017-06-08 06:47:40,2017-06-14 14:12:18,2017-07-25 00:00:00
ec3883b4ed5e5fc1913ad14630cfd4e9,8dfa98c80b5f5c083b784cf0e18b8b0b,delivered,2017-09-11 17:16:35,2017-09-11 17:50:20,2017-09-14 20:09:44,2017-09-18 18:52:32,2017-09-28 00:00:00
9d6e7e70e068602fa740fc3163cefd3b,066bab10d1281abb5baefa5d7772cce0,invoiced,2017-10-30 14:25:15,2017-10-31 04:15:15,,,2017-12-29 00:00:00
13feb36353a2bb1afaeeed63e1ef8d18,5f2791dfb8b8683c630912e13b6a1e12,delivered,2017-11-06 20:41:23,2017-11-07 05:31:19,2017-11-07 16:52:19,2017-11-14 21:07:44,2017-12-05 00:00:00
22959002637f051e9409b93827d07973,c2ebc443491a9e2442aa5ae1192fc745,delivered,2018-04-19 18:19:32,2018-04-19 18:32:01,2018-04-24 01:32:33,2018-04-26 17:57:30,2018-05-07 00:00:00
623c190b25a7394ccec057f6a0d31aa7,4d4beb06959716163a97e5b3e713cea9,delivered,2017-11-24 18:54:52,2017-11-24 22:15:37,2017-11-27 21:59:30,2017-12-13 00:57:00,2017-12-21 00:00:00
aa4634ff761133d98df37cc039021823,7a0a62073458a64b47eefca7f10df997,delivered,2017-11-21 23:18:44,2017-11-22 23:26:17,2017-11-24 16:58:55,2017-11-27 19:47:41,2017-12-01 00:00:00
1331dc8ffa1f74d72675d852ab80ce27,b0d8f7648894c3e70452444a98591a4a,delivered,2018-02-03 17:22:31,2018-02-03 17:35:27,2018-02-08 19:08:40,2018-02-22 19:42:33,2018-03-13 00:00:00
29583d296cc7341cdde689ee5b9f7ccd,0edde23ca18770904c4a9f6a53168de2,delivered,2018-01-18 15:18:27,2018-01-18 15:36:25,2018-01-23 14:53:18,2018-01-25 18:22:27,2018-02-08 00:00:00
0ff527b55e45686048447523eccdcf1d,d30bef84e4af2ef322bfabc74aef5bc1,delivered,2018-04-24 14:49:29,2018-04-24 18:20:07,2018-04-26 13:45:00,2018-05-08 19:34:42,2018-05-18 00:00:00
d40cfeb2e19997b52a5832dc2e21fa02,e6ae6d4bb3f3d149478ff1752ee09bcb,delivered,2018-08-22 13:05:05,2018-08-22 13:24:29,2018-08-24 15:09:00,2018-08-29 16:36:41,2018-09-21 00:00:00
a14d45b8e72c7df8d9d95f18f6f448c9,6f4511798549eb82e7ced95ae05a73c7,delivered,2018-01-09 09:11:00,2018-01-10 10:32:39,2018-01-11 18:47:18,2018-01-13 01:06:58,2018-01-23 00:00:00
bbf4d375e40f5e365a316b81b16829b7,e49b50780a322146eecff0b0b3603454,delivered,2018-01-13 10:58:04,2018-01-13 11:30:57,2018-01-15 20:07:44,2018-01-26 16:21:07,2018-02-01 00:00:00
65e64bd96d206ac3c402d7af655ada63,463f511566778c137e18a75c7882c055,delivered,2017-03-15 15:41:19,2017-03-15 15:41:19,2017-03-16 12:43:52,2017-03-22 15:54:00,2017-04-03 00:00:00
719769cb35a220eca4b7e96e588c6a19,b9133ddeb2aa090e1ec0b645f1a2e9a0,delivered,2017-11-08 19:05:31,2017-11-08 19:30:54,2017-11-10 21:46:52,2017-11-23 23:42:54,2017-12-07 00:00:00
5652c98b769d7fdf952be85f0f4caa1f,4fd594b33e2da5053468c2d40423a142,delivered,2017-04-03 21:14:36,2017-04-03 21:25:09,2017-04-07 16:08:55,2017-04-18 16:56:00,2017-04-28 00:00:00
c9e24a111a89474ce28ed0bd70b94eb7,9fcfe82c37e25dfce47ce11e071c1d2e,delivered,2017-07-21 22:40:14,2017-07-21 22:50:17,2017-07-25 22:08:04,2017-07-28 16:39:05,2017-08-16 00:00:00
ae9cea7635a780b7d610e7f6a56ace53,9067115ae8194f77f3f22f8236ae8bef,delivered,2017-09-06 20:36:51,2017-09-07 10:33:30,2017-09-11 12:23:43,2017-09-19 19:52:26,2017-10-02 00:00:00
8057404f0b48f9bc5a2e1c8deab5a8d4,cdc1ba89d0d408195ecd707031d452c3,delivered,2018-03-26 13:05:50,2018-03-26 13:15:41,2018-03-27 23:18:51,2018-04-02 15:50:41,2018-04-12 00:00:00
f5d76afa9187f43bf70b16cea5c97c1a,ccc6b603a6ee64e0609840764d63c4c6,delivered,2018-03-13 21:42:21,2018-03-13 21:50:41,2018-03-15 20:18:50,2018-05-02 10:27:35,2018-04-10 00:00:00
c41e5bb170e2a4647f22c8f8f2f07ca7,6b91cdd21fd6d3495008e52d498da1d4,delivered,2018-04-03 00:18:25,2018-04-03 01:10:15,2018-04-04 01:42:24,2018-04-04 18:50:49,2018-04-13 00:00:00
ee6e534a07e12c5f2bf72cc7fc6873df,161b084b1da1063f12c806260be8b0fc,delivered,2017-11-21 20:36:39,2017-11-21 20:47:39,2017-11-22 14:15:03,2017-11-24 14:47:17,2017-12-04 00:00:00
5f66067164a5ca7adf49a87bfe4cccc1,319481c968caf99d5daa782270571d51,delivered,2018-07-31 18:29:56,2018-07-31 19:31:41,2018-08-02 17:46:00,2018-08-21 22:08:38,2018-08-20 00:00:00
63abb9284ecee60580728402681f03eb,7eddbbd19827172dc6eb8b5b89ca48c1,delivered,2017-08-31 10:14:13,2017-08-31 10:25:07,2017-09-01 15:29:40,2017-09-15 15:42:58,2017-09-22 00:00:00
621a8d2076a3738d27d6f6b2ad81a906,2e74695f084dffae7616ee59ca7e0cb1,delivered,2017-08-13 19:41:28,2017-08-13 19:55:20,2017-08-15 19:04:41,2017-08-23 21:07:54,2017-09-05 00:00:00
6ace4fd24c8e5661014f21454a84bf1c,7d1c74a9dd318349ca7f7740a0a1e07b,delivered,2018-05-20 18:06:06,2018-05-22 08:34:03,2018-05-23 14:49:00,2018-05-28 12:38:34,2018-05-30 00:00:00
4314bc5f821b1dec819c7ac9634e78ce,835b77fb1d343086a8b314286ff03844,delivered,2017-11-07 22:17:13,2017-11-08 22:11:11,2017-11-09 21:33:48,2017-11-10 19:18:48,2017-11-27 00:00:00
d74f695d00f9997798afe64684937fff,68fefc3d63ca480cc15d904be2e9b2b0,delivered,2018-04-02 14:08:43,2018-04-02 14:31:18,2018-04-03 23:05:16,2018-04-23 21:13:51,2018-04-24 00:00:00
755081a4b07434c22e87b3bbb0b5f3aa,858b19e77f1119a522e8cae0f62b4a52,delivered,2017-04-14 22:06:34,2017-04-18 03:55:47,2017-04-18 09:48:17,2017-05-09 08:29:10,2017-05-18 00:00:00
0ee7b1f086c44cbf2dc1efbdaa69bc19,5b89802df153a87a24a6f52d70b239fa,delivered,2018-02-05 04:38:08,2018-02-05 04:50:21,2018-02-05 19:37:37,2018-02-21 22:29:08,2018-03-05 00:00:00
ac23bb5f547b54edd5f51fc7395f1b82,103a3e0dc4ce3737213fa7c10a839e5c,delivered,2017-06-16 16:06:19,2017-06-16 16:23:06,2017-06-19 20:56:30,2017-07-03 17:03:19,2017-07-10 00:00:00
a4e1330b19a4ac8c7b846ec56de79bfa,121025bfb3f2ba59f3df6aab33216cd8,delivered,2018-03-02 10:14:08,2018-03-02 10:30:36,2018-03-08 22:31:02,2018-03-26 22:33:33,2018-04-04 00:00:00
2def71c3b4ee133da4476d4d0ca8baa0,874dc4a508727925e855857a24f95ee5,delivered,2017-11-15 11:45:03,2017-11-15 11:56:03,2017-11-16 15:18:50,2017-11-28 20:04:57,2017-12-08 00:00:00
e4243fe53d2000098de6ffa02b534c15,e580ce0715b4e85a46c690cef7406942,delivered,2018-04-19 20:15:46,2018-04-19 20:30:44,2018-04-24 13:56:44,2018-05-02 14:32:31,2018-05-18 00:00:00
01a3ee1c837fb57db23d898f0eb5111d,a07376bae88bd48df71a590d7191739c,delivered,2018-01-23 12:35:21,2018-01-23 13:01:04,2018-01-24 18:22:56,2018-01-29 18:19:06,2018-02-07 00:00:00
669babbcc5a7d69089e009a0be4899d1,7ae506d2e77e32554f60329f4e2c7166,delivered,2018-03-20 21:56:55,2018-03-20 22:15:42,2018-03-23 13:38:41,2018-03-26 23:26:52,2018-04-02 00:00:00
e26a9355696cba36e197aa6d82141af2,2e8e3f794df1fef1c624a2cfbaccb385,delivered,2017-06-08 18:13:24,2017-06-09 02:45:15,2017-06-12 09:24:34,2017-06-19 20:26:35,2017-07-03 00:00:00
6272bdc9e3d3595dd169c8e393525c7a,56c21e2328ef84f850b6d2bca3ffc96b,delivered,2018-06-20 18:44:03,2018-06-20 19:01:03,2018-06-22 13:19:00,2018-06-28 21:09:58,2018-07-24 00:00:00
c01f21ada50a5698452ca20ddc90925b,158db85090bd642aafcc397425ea1b83,delivered,2017-04-24 16:44:09,2017-04-26 09:32:45,2017-04-28 11:08:38,2017-05-05 16:12:41,2017-05-17 00:00:00
7884c6faab9a4bbe9835842887be94cf,d9bb6e1f3042e7656a442937844361c4,delivered,2017-04-25 20:58:58,2017-04-30 20:31:03,2017-05-05 14:20:25,2017-05-16 14:00:03,2017-05-23 00:00:00
f30e8dff78289bedf547826b43376e36,892510fe0e53bb84948939d77834d932,delivered,2017-09-21 13:19:41,2017-09-21 13:30:33,2017-09-25 17:24:11,2017-09-26 16:51:35,2017-10-06 00:00:00
1a87026789a452cfc4547ee851e606a8,68b9181084221650dafccfb866231456,delivered,2018-01-08 12:50:22,2018-01-09 12:49:09,2018-01-11 14:07:25,2018-01-16 20:23:39,2018-01-31 00:00:00
dd243f2ee1552c0153cca5488479d421,d0fd0cd7822a432d1fd18885256a0535,delivered,2018-04-18 12:21:54,2018-04-18 12:31:43,2018-04-19 21:28:40,2018-04-27 22:12:11,2018-05-08 00:00:00
046ce63db7db8b9160b6231429c8ea66,581e111945cc20950fe90ffd21931234,delivered,2017-08-23 15:25:07,2017-08-23 17:33:03,2017-08-25 13:22:41,2017-09-15 10:57:56,2017-09-27 00:00:00
687827c3a3bcdf03c6956d9bbe263ed5,448c7012ea9044144e5006640fe2709e,delivered,2018-05-19 15:57:55,2018-05-19 16:19:11,2018-05-21 14:23:00,2018-06-01 19:24:32,2018-06-13 00:00:00
3f9b32db01f2cbd4be222670d0ce11bf,09718b930e5b6950bff2d1e632ad3bbf,delivered,2017-11-24 23:44:41,2017-11-25 02:33:11,2017-11-28 21:28:44,2017-12-21 00:18:26,2017-12-20 00:00:00
86292405a21099d6258be8e7c39d78b7,ccd522d435c739999d81c22b58f4b2fb,delivered,2017-09-10 21:27:03,2017-09-10 21:43:44,2017-09-11 23:03:42,2017-09-20 16:07:18,2017-09-28 00:00:00
2b817ffe275f53457e3a7ad80ee2abb6,dfd41da5573e846644da5472f0ec44b9,delivered,2018-02-27 09:34:14,2018-03-01 02:48:14,2018-03-02 01:05:22,2018-03-20 11:11:58,2018-03-21 00:00:00
5476692f5bd7809bea1c3e1b737f9246,002236c4f333bc8df6a5939749eb7869,delivered,2018-01-22 20:16:33,2018-01-23 20:12:56,2018-01-25 18:04:45,2018-01-26 22:18:31,2018-02-06 00:00:00
027a84a16c22c706669f35d578853f3e,5993edc559f101a53914bdcdd9d230bf,delivered,2018-03-31 14:56:26,2018-03-31 15:10:15,2018-04-04 17:53:31,2018-05-02 17:06:53,2018-04-23 00:00:00
ae035e1469cb0bf0ca6cd2a459277b9b,a5b1788e56a07a32ec0868df19424fb3,delivered,2017-12-29 12:37:06,2017-12-29 12:49:22,2018-01-02 18:23:41,2018-01-09 14:59:18,2018-01-26 00:00:00
17200822bf0cbc26df339538be1384d5,8f3ca17afd7d48dfbf1aff93b99101c5,delivered,2018-04-25 10:49:37,2018-04-25 11:09:10,2018-04-26 08:30:00,2018-04-27 23:03:24,2018-05-09 00:00:00
4518ab57ad7e9009e40b69c17bc005b4,e2ea5d3c88c24ad6e25e013caf2a3606,delivered,2018-07-31 14:36:47,2018-08-02 05:25:17,2018-08-02 15:16:00,2018-08-10 16:57:22,2018-08-13 00:00:00
aff838e0ae35f413200f05a7f9e42510,b4aaf53bf90a2f7dfdfd39b0b4671f6a,delivered,2017-07-25 12:23:30,2017-07-26 02:23:36,2017-07-26 20:19:47,2017-07-31 18:47:55,2017-08-16 00:00:00
443ca495356740c3822c77b19cf02c4a,8b764bd5e763af6c2154cebd54e1f66e,delivered,2018-08-15 17:18:49,2018-08-16 03:15:27,2018-08-20 16:49:00,2018-08-27 16:22:51,2018-08-29 00:00:00
f8332e57ea462615c306d9c51333b744,c8264ac3fe404850da5ff804eb71d719,delivered,2017-11-29 16:42:47,2017-11-29 18:12:31,2017-11-30 20:52:12,2017-12-13 01:06:02,2017-12-22 00:00:00
a8843eefca185666dee09101b9507b49,0e9832988bc93080e7b8ce36707b3bd1,delivered,2018-04-18 17:33:44,2018-04-18 18:09:46,2018-05-09 08:01:00,2018-05-30 16:32:54,2018-05-14 00:00:00
2c024a45efe2ae33a9efefcb6e75e92d,b73b03516fb44881dc64a39fd4124df4,delivered,2017-12-04 13:35:30,2017-12-05 09:17:31,2017-12-06 23:52:27,2017-12-14 13:26:49,2018-01-03 00:00:00
d310b57747a742fc3a54a009114a77db,02bcb5c3c7be18d730eb163301b658d3,delivered,2018-08-03 11:15:31,2018-08-03 11:25:10,2018-08-03 13:06:00,2018-08-09 15:48:42,2018-08-21 00:00:00
8451987578eed983c36e639e9753c917,60b2620611c1fd25c9d812a6850fdb4c,delivered,2018-02-12 14:28:34,2018-02-14 09:50:26,2018-02-16 13:18:48,2018-03-01 01:22:07,2018-03-16 00:00:00
d03ca98f59480e7e76c71fa83ecd8fb6,56b1ac2855cc6d7950b4ffa6a9b41b0d,delivered,2018-08-29 11:06:11,2018-08-29 11:24:02,2018-08-29 17:46:00,2018-08-30 23:56:54,2018-09-04 00:00:00
6f01c1ae0db33636a3424c8239b8290a,5c6f90081fa82c6502575fd32cf54c2e,delivered,2017-12-02 12:37:17,2017-12-02 12:58:31,2017-12-04 18:25:05,2017-12-05 16:53:37,2017-12-20 00:00:00
420c0f82633702db7d2cbae2ee56f66a,5c18204fce76f05ea2cce79dd159684d,delivered,2018-03-23 13:10:56,2018-03-23 13:28:26,2018-03-24 00:24:30,2018-04-08 14:32:44,2018-04-12 00:00:00
04c5574dca3570ecdde1cf8527993017,32cce0517ae46ccab825ee186eb8734e,delivered,2018-03-22 08:33:23,2018-03-22 08:49:16,2018-03-27 23:32:42,2018-04-03 19:34:25,2018-04-10 00:00:00
de29736b0c955c213b7ba952d5f3b9ec,c73c9dcfbc22dd5f107fe8ac7382978a,delivered,2018-04-02 18:49:50,2018-04-02 19:08:05,2018-04-14 00:14:38,2018-04-19 14:12:17,2018-05-08 00:00:00
005a1dded353107dbabf8ffc83a20365,d7165639dc4a682258711343560a17d3,delivered,2018-02-09 18:00:00,2018-02-09 18:10:50,2018-02-14 23:40:04,2018-03-02 22:41:48,2018-03-07 00:00:00
6848638dc76d21225ff520f55b46b0ef,04f2f2e3624a1655e5c1ef9ea74db99c,delivered,2018-04-06 19:50:26,2018-04-06 20:09:24,2018-04-10 18:40:47,2018-04-13 11:18:43,2018-04-23 00:00:00
6054edadd122478439d42520ff966ebb,4bc8f7a705444a6eea9eee3dd8b9102c,delivered,2017-06-12 21:32:57,2017-06-12 21:45:15,2017-06-14 12:24:16,2017-06-27 18:38:51,2017-06-26 00:00:00
904c018f707a0589da06a1c53e970492,df3450e94b312b2a7ef8517bd09a52f2,delivered,2017-06-13 10:17:04,2017-06-13 10:30:15,2017-06-16 15:11:43,2017-06-29 14:29:36,2017-07-10 00:00:00
f4bc8c5c2d0700575efaf3a5f913bc65,2658ec91fb28e93c99f2ff35dc81dc43,delivered,2018-04-06 18:57:46,2018-04-06 19:10:17,2018-04-09 22:26:26,2018-05-09 18:16:45,2018-05-03 00:00:00
3d8ed993d912b6305a7e18299ee3f9b9,d0eec32751effe65122bc065642428c4,delivered,2017-07-31 21:58:08,2017-08-01 00:15:18,2017-08-03 19:17:35,2017-08-04 21:32:19,2017-08-11 00:00:00
41b7766bb1df487d17fb9725b78ff509,31e83c01fce824d0ff786fcd48dad009,delivered,2018-05-14 15:15:30,2018-05-15 18:16:06,2018-05-21 16:14:00,2018-06-01 20:32:00,2018-06-11 00:00:00
295f86e82a2d290cce6aef6009b55fb6,de95cd6494b4ee95bda2334c60d3d211,delivered,2018-08-06 17:52:03,2018-08-06 18:04:51,2018-08-10 11:36:00,2018-08-11 16:10:51,2018-08-14 00:00:00
2c1a2f921c5be4edef5b3cc5f8e79477,edd297f09df0a4096fd1162bdc7327a8,delivered,2018-03-23 07:33:27,2018-03-23 07:50:28,2018-03-23 22:09:45,2018-04-10 21:42:49,2018-04-16 00:00:00
b75a6018e7dd4580ea41116341ec362f,157d0e216493fbaacd5ea9175f15076b,delivered,2018-02-13 17:36:29,2018-02-13 17:47:53,2018-02-16 15:58:30,2018-02-27 20:59:47,2018-03-16 00:00:00
978fe45a42f99b9534520c4a5d880af6,55acee103cfe584bc279a010f6c6dab4,shipped,2017-10-26 19:12:53,2017-10-27 16:31:57,2017-10-31 01:17:44,,2017-11-21 00:00:00
b488199329eb003825d6c439a19b58e8,600064af2cd8f3883167c77f726454e1,delivered,2017-11-10 10:57:36,2017-11-10 11:10:38,2017-11-22 16:33:24,2017-11-29 18:58:54,2017-11-30 00:00:00
85d069ad55d052e43bfa0dfee9b079eb,f1bfdcd08a92feae90319538b67d7aa1,delivered,2018-03-29 20:21:56,2018-03-29 20:30:19,2018-04-03 17:18:32,2018-04-06 19:08:30,2018-04-26 00:00:00
db090a16182b263b1e896bb26c6f66cf,b58a35cb4e1a1f9ea74dcf0b2639a9ac,delivered,2018-07-13 16:14:08,2018-07-13 16:44:09,2018-07-13 13:59:00,2018-07-27 11:34:31,2018-08-06 00:00:00
3653ba2a669b704adc9d572f511941d9,0ad19196f5e5abc8052e1d46a24a6522,delivered,2018-01-21 11:59:58,2018-01-22 14:17:59,2018-01-24 13:48:56,2018-01-29 21:21:11,2018-02-26 00:00:00
f726de924d4419207ba2ba5f81608a24,5bdae14bdd8d815341b841422d5c2919,delivered,2017-10-29 13:42:54,2017-10-31 04:15:27,2017-10-31 16:43:42,2017-11-09 20:51:39,2017-11-28 00:00:00
9e5608d7d556337c7a3f1bb6f0eea5b4,14f78603f7b2d6fb21d975186229cc2a,delivered,2018-05-07 11:58:52,2018-05-07 18:10:39,2018-05-09 12:12:00,2018-05-15 17:12:34,2018-06-01 00:00:00
75a9432bc86fcd9061f4557cc03183ef,9bd6c5fd5a674475ce62d2eba940d701,delivered,2018-08-20 17:14:29,2018-08-21 08:55:29,2018-08-21 14:08:00,2018-08-28 15:07:41,2018-09-10 00:00:00
2ec97dfd085ac4fe7b1fa12819d9a36c,4d53dc075b6e8ec9618f3d8a80b14942,delivered,2017-05-08 13:29:57,2017-05-08 13:42:16,2017-05-09 07:48:46,2017-05-18 09:39:57,2017-06-06 00:00:00
fe489200f721ffaeee9f708dae591569,e2a1ff977c145d903e6dc4e6e13213f7,delivered,2018-01-19 21:59:11,2018-01-19 22:16:18,2018-01-23 01:22:18,2018-02-06 20:03:17,2018-02-16 00:00:00
0bedd120ca5fc643805cd124f8805a86,da44b6af8b732fcd253a4dcc4afb1e7a,delivered,2018-04-09 08:53:39,2018-04-09 09:10:10,2018-04-11 20:25:47,2018-04-28 02:06:50,2018-05-15 00:00:00
8d6f70397db05604f0f4ccca7e376f12,6fa8e1a64acacedee7747c7e67715bca,delivered,2018-08-09 12:29:47,2018-08-09 14:30:19,2018-08-10 17:48:00,2018-08-13 12:44:38,2018-08-23 00:00:00
a811f33c743a891f34de752bba733292,2ca947be2dbb0219314e655f888bd799,delivered,2017-03-10 18:34:44,2017-03-10 18:34:44,2017-03-13 09:56:01,2017-03-20 12:40:47,2017-03-31 00:00:00
a3bcfe79545bb67ae644a743a96d3cb0,9e4792211fe473a4851bf09c9f521f2e,delivered,2018-02-06 13:08:01,2018-02-06 13:35:03,2018-02-06 23:26:50,2018-02-20 18:23:18,2018-03-13 00:00:00
40ccb6520c6922d1712766b66922e72d,ac55147578581612a3f796fe48be77d8,delivered,2018-04-06 19:25:50,2018-04-07 16:50:21,2018-04-09 20:48:26,2018-04-10 22:22:39,2018-04-18 00:00:00
315012d9bfdbacc2e9bf37cb91a6d338,5fb78b81a40494c48b3b18db5daa050b,delivered,2018-03-12 18:04:05,2018-03-12 18:15:34,2018-03-13 20:31:26,2018-03-19 20:58:36,2018-04-12 00:00:00
2b40731966a5ce118fc7ca8b1cac993e,fd041a6da0b3bc599811717a2f42f7c2,delivered,2018-08-03 22:49:53,2018-08-04 22:45:12,2018-08-06 15:35:00,2018-08-10 04:48:50,2018-08-20 00:00:00
a77cca7194eb954b66731eb2541cfd9f,e589d2ddec56141383e6964017fe1cd2,delivered,2017-06-09 11:21:19,2017-06-09 11:43:07,2017-06-09 15:12:32,2017-06-19 17:14:42,2017-06-30 00:00:00
095d64baca2fe257a3dfe98da12f0460,c13f247183bc165964e488ea322be2f3,delivered,2018-05-03 13:51:07,2018-05-05 03:50:25,2018-05-08 15:09:00,2018-05-21 21:16:18,2018-05-23 00:00:00
f6b1dc24c91967f654555ba2830d5341,77b710e700482dfb6a75bca2f3ce4f0a,delivered,2018-01-26 14:17:49,2018-01-26 14:34:16,2018-01-29 16:58:44,2018-02-07 23:12:47,2018-02-22 00:00:00
35ba49bc8738a496558fdc62d9303342,4be4f52196e60842e26db6a85eca7d70,delivered,2017-09-27 23:32:44,2017-09-27 23:49:15,2017-09-29 17:22:17,2017-10-07 12:41:49,2017-10-26 00:00:00
7651f70d3acb1fcca5c5df23cd0f4308,b1fea71a27ce5536a619387408296d47,delivered,2017-09-04 12:15:28,2017-09-06 02:50:26,2017-09-12 13:39:22,2017-09-19 19:45:51,2017-09-29 00:00:00
00f6ac4816d12f49026b09f2aa77d15f,9bb70fa63970b9d88191a90481d551da,delivered,2018-08-06 17:17:40,2018-08-06 17:30:14,2018-08-07 14:39:00,2018-08-13 16:18:48,2018-08-27 00:00:00
1c94cd7e47639e11a41267b5c5eb7694,e5010ccb54ee9788ee5df0ceb378a7d5,delivered,2018-01-07 11:16:38,2018-01-08 11:08:19,2018-01-08 20:50:10,2018-01-12 20:04:35,2018-01-31 00:00:00
ce2c9e84f00cfcc06d866288b23d051e,2a770b1e258efae5b00f4d53a673a955,delivered,2018-03-21 08:39:07,2018-03-21 09:08:12,2018-03-21 20:43:32,2018-04-09 17:22:08,2018-04-11 00:00:00
7193174cc8337ec716bf7bef671ff759,625d57e5548cfd6cc1a5cb259fee61d6,delivered,2018-06-16 22:35:09,2018-06-16 22:57:37,2018-06-18 14:04:00,2018-06-26 17:48:36,2018-07-19 00:00:00
32ef380c758846764ca11d7f07672ee2,60eeade25d247c12ed374aae5574282f,delivered,2018-03-19 15:33:29,2018-03-19 15:50:58,2018-03-23 01:32:01,2018-03-27 23:03:44,2018-04-05 00:00:00
9fc10bcc93ad640d50e93cf996487104,6aec8808c6e537b8129bdfa4b572fb9f,delivered,2018-01-17 14:31:21,2018-01-17 14:50:45,2018-01-18 17:26:54,2018-01-19 15:28:02,2018-02-01 00:00:00
8bef37e0a778afcdf32118f376beb9de,332ea0e2b2e87e9ed11f7aee42cf698f,delivered,2017-01-20 19:33:29,2017-01-20 19:45:13,2017-01-23 11:52:31,2017-01-30 14:09:01,2017-02-28 00:00:00
88834299d278c558dc9d76e61f0c2388,9617b9a23d254b90cd66aa0569a647c9,delivered,2018-06-09 19:24:48,2018-06-12 04:35:48,2018-06-12 13:35:00,2018-06-20 13:33:18,2018-06-28 00:00:00
25ea76c2e1524d813d0a0c15bba57426,6d77bcf2df82e334d47d16c53e0ac628,delivered,2018-06-13 18:42:39,2018-06-13 19:01:18,2018-06-14 12:41:00,2018-06-20 20:59:28,2018-07-12 00:00:00
27a22bb13b2fc366ab20226479a22f5a,f5d8a545323f03c74139eb656ad7c355,delivered,2017-09-18 20:07:26,2017-09-18 20:15:18,2017-09-20 13:42:56,2017-10-05 22:04:06,2017-10-13 00:00:00
a37d2d7219fd59058812f25e500a9a59,b9f3a86f04f939473dbfd9002f5595b2,delivered,2017-07-02 12:32:04,2017-07-02 12:43:41,2017-07-04 06:13:46,2017-07-07 15:31:54,2017-07-31 00:00:00
cd40bf01af63092e8abbe10a893710be,c2ba1add3e5b2df51357caedcf3ed04f,delivered,2017-10-02 16:29:42,2017-10-02 16:49:21,2017-10-03 17:10:13,2017-10-11 00:51:26,2017-10-27 00:00:00
1f2549d7ef318c284a2434ac629030ea,6d1cbce9f904172f2aa5c4ced52814f7,delivered,2017-11-30 15:09:58,2017-12-02 15:10:37,2017-12-05 03:24:52,2018-01-17 19:33:02,2017-12-26 00:00:00
0af0621c001cb61ae1559c8f6417e1c6,239e340d23f21f1c9886eeb7c3d16c27,delivered,2017-09-17 15:12:35,2017-09-17 15:27:58,2017-09-18 17:58:57,2017-09-26 23:14:28,2017-10-04 00:00:00
927a3d94fc86be42541c5261c741308c,dad68695d925cb31f658f7ef23036efc,delivered,2017-09-24 13:17:41,2017-09-26 04:14:21,2017-09-26 20:32:47,2017-10-02 19:04:29,2017-10-18 00:00:00
3af6b9f9ea8f6b9c7fcf82f988e895e2,c8db7922514ad8197fb03934a9352c9e,delivered,2017-07-07 16:30:40,2017-07-11 04:05:36,2017-07-11 19:23:46,2017-07-12 14:12:59,2017-07-20 00:00:00
da486904a2675b4a8878493429ead8d0,4e911c5f3035b48107c98b60f7b7c849,delivered,2017-10-13 15:11:41,2017-10-13 15:49:28,2017-10-16 18:04:02,2017-10-31 23:34:58,2017-11-03 00:00:00
e2d21f16357e9da293db665a9d8a646e,b8b9976c697fc55f094b7ccf924c602b,delivered,2017-08-16 14:07:08,2017-08-16 14:55:22,2017-08-17 17:17:06,2017-08-22 20:50:51,2017-08-29 00:00:00
c3cb4f1d84665efbb1bf71c31950b9cf,1d38e09bf3ba5793913255c5a736c6e6,delivered,2018-05-14 10:05:46,2018-05-14 10:34:50,2018-05-15 14:52:00,2018-05-18 16:18:34,2018-06-12 00:00:00
ed7d20ff07724a8c068aff6e6d621796,c7fb8d16c191ca0497f91b330341f45a,delivered,2017-08-03 17:48:23,2017-08-03 18:03:07,2017-08-07 16:59:32,2017-08-11 19:14:24,2017-08-23 00:00:00
57f49d7a95cd831411b2ccf01fb36b67,778b5eadaf22818aeab5750e40f2f1df,delivered,2018-04-22 19:32:20,2018-04-24 18:49:44,2018-04-24 22:56:35,2018-05-02 22:54:47,2018-06-07 00:00:00
0c92cd0095b2e1f57c013f2094f4e434,d09516047dc5fa84a13d5b3273c09a6c,delivered,2018-07-20 11:20:15,2018-07-20 11:30:17,2018-07-20 14:25:00,2018-08-03 20:56:48,2018-08-27 00:00:00
d7c012e27187d85decdff9178b5105e2,d41c394310a182cb056aac9346787d35,delivered,2017-11-29 15:14:21,2017-11-29 15:42:49,2017-11-30 17:13:23,2017-12-05 12:59:03,2017-12-28 00:00:00
7fbe250d2d22b8976024eee98fef9cef,1479ff715a4d0d50f559fb434ffaac23,delivered,2018-06-25 13:39:13,2018-06-25 13:58:44,2018-06-26 14:33:00,2018-06-29 23:18:41,2018-08-01 00:00:00
b6eaedebebeb4676e1afd5b94b048d52,e9589b94323c72f2a3c8528cb3adeea9,delivered,2017-06-01 14:32:30,2017-06-01 14:42:35,2017-06-02 10:31:41,2017-06-19 15:47:29,2017-07-04 00:00:00
4eaac246ef696b5524caa40f105ca46a,2c5aa0da1dbbea77b743d83340ec4b4d,delivered,2018-06-08 14:59:48,2018-06-08 15:47:23,2018-06-11 13:01:00,2018-06-13 22:14:30,2018-06-19 00:00:00
50a2d9e8f28f577acd594ba29d58eced,cbc57689231f7033b69a4ddbfb2019c0,delivered,2018-05-21 22:40:43,2018-05-22 01:53:38,2018-05-22 11:56:00,2018-06-06 16:08:47,2018-06-14 00:00:00
6e6242aabab7596add1baa594d4e7208,ed0adcdb82431e20ce22fb6a1cb61d78,delivered,2018-03-25 14:07:31,2018-03-25 14:27:41,2018-03-28 15:38:31,2018-05-08 20:14:46,2018-04-17 00:00:00
4b558bf5d439e084e8e7807e55a1b591,479b12d283470bd0a6e5e143e4e97ea4,delivered,2018-06-11 01:07:28,2018-06-11 01:38:26,2018-06-14 14:20:00,2018-06-20 22:31:51,2018-06-29 00:00:00
40e469fab44c238159217463721b36a3,7cbcf4e827dc81850e52179c4552fe65,delivered,2017-12-13 08:12:36,2017-12-13 09:15:23,2017-12-13 17:08:07,2017-12-28 23:51:28,2018-01-09 00:00:00
73c0fc13039b78072f6504565ebe2693,cff1d501592348b3c4708a9c9f425cf3,delivered,2017-07-26 11:41:17,2017-07-26 11:50:11,2017-07-28 21:05:45,2017-08-07 18:51:54,2017-08-21 00:00:00
d6cdcb841a56b58210e4b5cf51842ae5,4567349a8c1c653990c0ef878c58a382,delivered,2017-12-19 10:40:51,2017-12-20 07:18:06,2017-12-20 21:37:03,2017-12-23 13:10:18,2018-01-08 00:00:00
c185967262e6222ac9a864b18647ebc9,4c914527d97677f2bfd1c65421adde6f,delivered,2018-01-23 14:48:15,2018-01-23 14:59:24,2018-01-25 00:22:35,2018-02-05 18:43:16,2018-02-21 00:00:00
90cc566706d738d2c3c67cc806e0b4ff,06e74e289cd7271757776a2b0aced701,delivered,2017-07-24 18:01:10,2017-07-26 02:30:17,2017-07-26 19:22:45,2017-08-02 18:59:01,2017-08-15 00:00:00
0a0e76ba55e310fd24657a1f532b97c1,faf4c7a6a07938227b98f454caee1814,canceled,2018-06-24 14:49:59,2018-06-24 15:18:57,,,2018-07-20 00:00:00
27e64186c53a2a4b80641c116be0b834,d2bba849f339d556466b3cf88f912d36,delivered,2018-01-09 08:36:11,2018-01-09 08:51:26,2018-01-09 16:14:59,2018-01-14 17:42:12,2018-02-05 00:00:00
6d04ee9620b18893b53a68b7522f2fcd,bc648a06d0b0e1a59ce255f42c4949cd,delivered,2017-02-04 12:22:49,2017-02-04 12:32:32,2017-02-06 15:02:04,2017-02-08 06:13:43,2017-03-03 00:00:00
05c30545ba4331e04ae0de1523bb41f4,eee54012f3ee01c587f3c2ba276b8094,delivered,2017-09-04 12:24:46,2017-09-04 12:43:59,2017-09-05 18:08:05,2017-09-15 19:27:31,2017-09-26 00:00:00
170b7a63bf7b5f3d511c138e81f06e54,66ca2ee8f30e613a3a693b7ba32936e4,delivered,2018-08-05 20:20:47,2018-08-07 04:31:23,2018-08-07 12:11:00,2018-08-14 19:46:42,2018-08-15 00:00:00
89fb8b371b28dcc037a9c1f798eacc81,666f323842b26742d638cea5e5599584,shipped,2017-08-21 15:43:18,2017-08-21 17:32:13,2017-08-22 15:58:16,,2017-09-01 00:00:00
24dd6883219c3c70aa4d84d059d279a0,17226a88d569de01674b6790dd3d6fbc,delivered,2018-04-01 02:35:02,2018-04-02 02:30:10,2018-04-04 22:16:31,2018-04-21 13:08:40,2018-05-03 00:00:00
0212767fce39149bfc2e12d54be96f65,b7079d031085e5dda5e1bcbd5ee3b031,delivered,2017-06-11 23:09:07,2017-06-13 04:43:01,2017-06-13 13:13:15,2017-06-14 14:41:45,2017-07-04 00:00:00
dcaccc51fd72c756c94ebec8b6480b51,3771be0d7801bd5fe36223f4c83675b7,delivered,2018-07-19 18:40:43,2018-07-20 04:45:19,2018-07-20 08:54:00,2018-07-25 20:58:34,2018-08-02 00:00:00
3220cd63fe43f4d8ec90a2f1a2925714,869bd827e401cc44a918c5ee06db74bb,delivered,2018-08-10 07:37:44,2018-08-10 08:04:48,2018-08-10 11:38:00,2018-08-21 00:12:47,2018-08-28 00:00:00
8a9de8d81c80f26c6ed99cfe3fc60154,d45783aa0b9fe57e397da197f2bd7643,delivered,2017-07-23 18:52:50,2017-07-25 03:35:37,2017-07-26 11:28:03,2017-07-28 19:12:21,2017-08-11 00:00:00
63691fa9c900687fdba06cdfee1b0ffd,e21675448953cc2578dbcb8dab0b0c57,delivered,2018-04-30 19:34:53,2018-05-01 02:37:27,2018-05-03 09:26:00,2018-05-07 21:12:09,2018-05-24 00:00:00
305117a349bea514f1b57f0d17aa7055,51b93a7b13da97fe20d275028db0c668,delivered,2018-06-10 20:38:32,2018-06-10 20:57:49,2018-06-19 14:13:00,2018-06-25 19:56:30,2018-07-11 00:00:00
f6eb6190398bfb32871584bd111dec04,76260335027bc37ab8baab5d49283ac1,delivered,2017-10-28 10:58:32,2017-10-28 11:10:50,2017-10-30 22:24:02,2017-11-03 15:13:48,2017-11-22 00:00:00
b50950170914e4e305ce324278513006,ce8089f79bfbd25ac982292f1764fa69,delivered,2018-03-12 14:58:09,2018-03-13 04:48:00,2018-03-16 20:42:37,2018-03-28 21:48:42,2018-04-04 00:00:00
7a189472050d185af07c5550a7dfc5ad,ab7d67572040ac842951475610557d96,delivered,2017-12-05 21:45:56,2017-12-05 21:58:54,2017-12-07 18:47:20,2017-12-21 16:52:06,2018-01-08 00:00:00
841f2e1933fe5a504b9988e799265650,81ed477e10452817996fe3602e75b3cb,delivered,2018-08-16 09:29:06,2018-08-18 02:35:20,2018-08-22 15:00:00,2018-08-27 22:40:44,2018-09-27 00:00:00
e3410c1b2ebfc0e23849d9fd01056878,265f3c6cbff516cd8fdb6c4caa566860,delivered,2018-05-03 13:44:52,2018-05-03 14:14:33,2018-05-07 12:30:00,2018-05-09 13:03:16,2018-05-17 00:00:00
eb2e70f9dff6ed61b9b0e5a02001d973,9c9221c1a68ce2bcdaf79835a2c9b319,delivered,2018-05-15 22:16:16,2018-05-15 22:34:04,2018-05-16 12:15:00,2018-05-19 13:04:38,2018-06-01 00:00:00
35a1f77503821f43673d975ffe0bb7b4,bbcf8ece3eb8126cd7e507284ede76c7,delivered,2018-08-21 12:46:29,2018-08-21 13:10:39,2018-08-23 14:04:00,2018-08-28 21:32:14,2018-09-14 00:00:00
c537dcd8b3ea902501cfa7610144a641,8b4624f3ea37544e144ff4664eca38c0,delivered,2018-02-24 19:22:24,2018-02-24 19:35:26,2018-02-27 02:13:42,2018-04-21 00:08:49,2018-03-16 00:00:00
fd0d8a359529c8fc086392d5b309d9ba,cc0790a628bcd4331e38e34d60f01233,delivered,2018-07-28 04:57:48,2018-07-31 04:31:39,2018-07-31 10:10:00,2018-08-06 21:04:37,2018-08-17 00:00:00
cc779b75630b5b63955c7167fcadee93,9059a4de2206e2ebaf4f178ebbba19ca,delivered,2017-08-28 22:37:53,2017-08-28 22:50:12,2017-08-29 23:34:52,2017-09-12 20:54:48,2017-09-20 00:00:00
aafa7e2a173735576439ec483f27fa5f,8d6edf29c381a45a93d59919b6cdaae5,delivered,2017-11-29 23:56:24,2017-11-30 00:16:50,2017-11-30 23:16:02,2018-01-10 21:19:08,2017-12-26 00:00:00
da0a932ef9718aa2b198c6da94cd8cb4,392961e68205a2121f9b36f8116aa980,delivered,2018-01-23 21:33:52,2018-01-23 21:59:43,2018-01-24 17:41:57,2018-01-30 23:37:27,2018-02-07 00:00:00
f22420a030f491fdcaabbc5573a9ff39,001a57041f56400917a187dd74e6cbc1,delivered,2018-01-17 21:22:51,2018-01-18 21:16:24,2018-01-19 21:58:38,2018-01-20 12:07:32,2018-02-01 00:00:00
320f78fd535046175c97176db8c48b98,b23a21118740634a1bea05a021a9d95d,delivered,2018-01-29 15:49:12,2018-01-30 05:31:29,2018-01-30 21:17:00,2018-02-05 20:08:51,2018-03-01 00:00:00
4433add7ec1811cbdb34a289d636f1f3,c9e0d0359bc8996c8ab63442b39f3bbd,delivered,2018-06-12 21:35:49,2018-06-15 15:03:33,2018-06-18 15:24:00,2018-06-29 15:22:35,2018-07-12 00:00:00
8fb7d40ee1093b202dec8c0e06e2d21b,7c31b35bce44552d9bab64daaadc1098,delivered,2018-07-03 22:11:32,2018-07-05 16:27:08,2018-07-05 14:47:00,2018-07-06 15:51:58,2018-07-18 00:00:00
9196d3400ed2994d3c08cc053b84c84e,0df0cc2d605e76a1560ce617738b096d,delivered,2018-02-06 16:04:15,2018-02-06 16:15:34,2018-02-07 21:19:44,2018-02-16 16:52:25,2018-03-07 00:00:00
81a4a5d32cb95aad3ce81680b8634b11,8a12fdc7884256c9bf8b7e3c48815268,delivered,2017-10-31 12:32:13,2017-10-31 12:48:20,2017-11-03 19:48:45,2017-11-04 15:39:50,2017-11-08 00:00:00
b8b24beb902191824754ff9bf973d9ee,30d2b11fe9e20d2851440b6224da55c8,delivered,2017-04-13 12:11:39,2017-04-13 13:05:10,2017-04-17 10:43:47,2017-04-19 12:58:58,2017-05-10 00:00:00
6feae1bd5cdc1727594445028310015f,7b039396f4d695564083b7360a6fc38a,delivered,2017-02-04 21:38:34,2017-02-04 21:50:13,2017-02-07 14:58:17,2017-02-15 16:45:29,2017-03-15 00:00:00
b07ccdfa28017f65163b05eaa308ff97,4238449f57e600dc2183fa60672b3c1f,delivered,2018-06-07 20:01:38,2018-06-09 02:57:34,2018-06-11 13:01:00,2018-06-13 14:05:23,2018-07-03 00:00:00
403ed75cff50b04645c2414360fff7b6,b998a8b305893c94ee5d60a8d79dfbf3,delivered,2017-11-06 08:23:55,2017-11-08 03:31:02,2017-11-09 20:51:29,2017-11-17 17:29:05,2017-12-01 00:00:00
76d5f81776bd863daf8fa0a5a59b7f9b,a6e204cd1b59420e1e81ffb9c3bb2f0d,delivered,2018-06-19 11:46:45,2018-06-20 09:20:32,2018-06-22 16:40:00,2018-07-03 07:03:09,2018-07-23 00:00:00
527a4abbfe2ffe1727341dfdf63ae447,254a6774e65e20ca2aff0d3fc60451da,delivered,2018-01-03 23:52:07,2018-01-05 02:35:44,2018-01-15 21:09:03,2018-01-23 13:38:46,2018-01-26 00:00:00
eed901453b7e6495e3ccbe4c17733778,4dc9548302c943d726eb2c6676e869e8,delivered,2018-03-27 13:05:32,2018-03-27 13:15:23,2018-03-28 20:48:32,2018-03-29 22:34:38,2018-04-09 00:00:00
25991ff9d06bf9a881b1e293b7187065,9d0ac9f668494a6a1d242c6a89c39c36,delivered,2018-06-24 17:58:12,2018-06-24 18:15:19,2018-06-25 13:58:00,2018-06-28 21:27:49,2018-07-17 00:00:00
37f48ff33f63fbc3ec775459f0ae5943,a2de903735be6a654fcee8084aaa57d2,delivered,2017-10-11 06:11:44,2017-10-11 06:26:20,2017-10-11 18:35:55,2017-10-21 18:47:54,2017-10-30 00:00:00
890e7120b669f8e79df87610b80b3b91,7c3ebdf38a38927b0e184ef86d92ce8e,delivered,2018-07-03 14:22:35,2018-07-05 16:32:45,2018-07-04 14:55:00,2018-07-05 21:08:58,2018-07-16 00:00:00
4908ec7da1a1ce47b9b5da8de4192f4c,35dc5016674d49923c0e9028d82e9d7f,delivered,2018-08-14 22:31:33,2018-08-16 03:10:13,2018-08-20 08:59:00,2018-08-27 18:22:52,2018-08-28 00:00:00
fbd82b1fe98967de0db29b6cf134d00a,45f5c9d984dbfa2105e3544cc85133bf,delivered,2017-01-18 08:55:36,2017-01-18 09:05:10,2017-01-18 10:41:58,2017-03-07 08:55:47,2017-02-14 00:00:00
fed4ca34aeb50d89ab8f08db03c8c800,2c51d0c600a3cf399f2afad8a74ae1b1,delivered,2017-04-01 02:05:23,2017-04-01 02:22:30,2017-04-07 13:34:52,2017-04-11 09:55:01,2017-05-16 00:00:00
991219777efaa02d272fbd6d04632835,d2f46f32ddcde42c9e0f81ea3a23a9f3,delivered,2018-03-05 21:14:43,2018-03-05 21:28:59,2018-03-07 20:13:50,2018-03-13 19:28:33,2018-03-22 00:00:00
9da45042d8eb6c75611db8ff1a176f8f,d78c49cc36006df4427476c395aacf7a,delivered,2017-07-04 15:12:10,2017-07-05 02:50:18,2017-07-05 13:42:09,2017-07-10 16:14:52,2017-07-24 00:00:00
d7361a834a2dd8db2f6f133ce291ab6b,6e75444d6824648342ef94be68a6ee94,delivered,2017-02-27 02:20:06,2017-02-27 02:30:12,2017-03-01 12:19:49,2017-03-03 13:23:05,2017-03-30 00:00:00
3dc295e279315e7e81cfed73795c77a6,53c554aead19ea0f3be4a75e0a2332bd,delivered,2018-06-27 13:17:05,2018-06-28 08:50:58,2018-06-29 14:59:00,2018-07-12 23:19:45,2018-07-20 00:00:00
9be2a464f1c3c6a07d0744db8972a9cc,d66c4072021de5b7715e5d0b756a1527,delivered,2018-03-03 10:03:42,2018-03-06 03:50:52,2018-03-08 00:48:47,2018-03-28 20:03:27,2018-03-29 00:00:00
445b8011d509adb520744d60fed763d1,fe890e9b4328e3ccf632960b3f2b51bf,delivered,2017-12-04 17:58:27,2017-12-04 19:30:58,2017-12-06 22:14:40,2018-01-04 02:32:56,2017-12-27 00:00:00
77de74763ac99bedb50deb68da4b981d,f565b0c0cab7869df7414d1dd50ee1cc,delivered,2018-07-05 08:07:42,2018-07-05 16:31:13,2018-07-09 13:22:00,2018-07-16 15:45:56,2018-07-23 00:00:00
dfacafa5fce5542f18db6d6bb7ed5d16,11ee259027b2302ab1d54d38f5ec9b12,delivered,2018-03-16 06:33:51,2018-03-16 09:05:53,2018-03-16 22:38:46,2018-03-27 14:13:03,2018-04-05 00:00:00
b07f363d9c31fdda91a9c8079b99c2d1,e94f6c1aa760a9ba006ae74a90538565,delivered,2018-08-15 18:37:24,2018-08-15 18:50:25,2018-08-20 14:31:00,2018-08-25 00:22:45,2018-09-03 00:00:00
dc4dc464cfa3377e0b31a936d2d117d0,4e301353a2036c4e1a67bf0c259850f2,delivered,2017-08-09 08:22:42,2017-08-09 11:05:11,2017-08-10 18:32:39,2017-08-14 18:22:28,2017-08-22 00:00:00
fa1a7d5fce60b676600d188b753759dd,c8dd4d6866a748ee31f9946d60277428,delivered,2017-10-04 16:38:29,2017-10-06 02:07:34,2017-10-06 19:58:00,2017-10-14 01:04:05,2017-11-01 00:00:00
b6631d81e07bf69a61192f31dfd41cf8,5d1a2c9bc5053137ce4e2be00b321e1c,delivered,2017-06-10 10:38:23,2017-06-11 06:42:45,2017-06-12 16:15:39,2017-06-21 18:12:07,2017-07-13 00:00:00
b3298cf726e74882e77238c731e53f30,b9adab43b46a883bf011344a87ce00c1,delivered,2018-07-05 11:10:10,2018-07-05 16:40:33,2018-07-05 13:30:00,2018-07-25 20:26:37,2018-08-08 00:00:00
87ee8793eb513dbe9a44ddf71529a8e6,01a9cf1ab208a3ce5a4cbf6d5877bf49,delivered,2018-03-30 20:08:28,2018-03-30 20:27:40,2018-04-04 02:41:02,2018-04-04 19:48:44,2018-04-12 00:00:00
b08e0b030ec3af9bc4ca51134a0bfced,1147cfa7db718ca80236195d7fbf7dcd,delivered,2017-06-19 22:42:16,2017-06-21 02:32:14,2017-06-22 08:16:36,2017-07-05 17:19:45,2017-07-11 00:00:00
a9e15e580c42df5da11116e043623af5,feaaf94060f1f0d959576368072a8748,delivered,2018-05-07 10:12:03,2018-05-07 17:29:54,2018-05-11 08:40:00,2018-05-14 22:03:35,2018-05-17 00:00:00
670170576ee72ad56857204c13c357ee,8a6a65b388c1e8d3e47418c099ff76b9,delivered,2017-06-16 20:01:05,2017-06-16 20:10:15,2017-06-19 12:14:44,2017-06-26 13:46:55,2017-07-10 00:00:00
2f783e7dd705688d34e7d8b9e5a3e33a,455330a5f18d23b3e2d1e24861f18fe1,delivered,2018-01-30 21:56:23,2018-01-30 22:11:32,2018-02-02 03:25:01,2018-02-07 15:26:33,2018-02-15 00:00:00
64f1c7f1f8351d458b5821e02a1562d3,29417cc37ad2d9b4fc93ecf4c6901197,delivered,2018-02-11 22:34:37,2018-02-15 04:07:25,2018-02-19 20:04:48,2018-03-06 00:48:40,2018-03-15 00:00:00
fbfec5593964c86891112d4bd2492c14,742f0bc6c75e25372359345648bec725,delivered,2017-11-14 22:30:11,2017-11-14 22:50:38,2017-11-16 21:51:14,2017-11-28 20:18:13,2017-12-07 00:00:00
d53d6bfa397ae6e5964b02131c1ea89d,4903c1d243cfbc9f8856154de8624811,delivered,2018-03-03 12:25:48,2018-03-03 12:49:30,2018-03-06 21:15:59,2018-03-13 15:38:27,2018-03-29 00:00:00
a187a55e25f2e2c152c294a12a9da0d0,cd985227e7e8ceab7d42757b44a5039f,delivered,2018-05-29 22:36:36,2018-05-29 22:54:30,2018-05-30 15:33:00,2018-06-06 19:22:48,2018-06-21 00:00:00
5b9680f27b5067afded00b23f9cb4d61,8b20eb37b30208feef373de67fc749e0,canceled,2017-03-21 20:20:14,2017-03-21 20:20:14,,,2017-04-24 00:00:00
6d202b521fc871b25823b671584c514b,95e5be12ea26c77d86333271aca395ec,delivered,2017-12-28 22:21:39,2017-12-29 02:08:42,2017-12-29 21:39:07,2018-01-03 18:36:13,2018-01-17 00:00:00
6304866866c7683271828d0a97c0e2a8,97091e32f128bca94f9390b20ad77f6b,delivered,2018-06-25 14:49:06,2018-06-26 14:57:17,2018-06-27 07:56:00,2018-07-03 11:28:50,2018-07-20 00:00:00
52bd968ba85e19e47b9d5f939e4a4b24,375b84477a8c0b4120bf4459a11bdc56,delivered,2017-12-01 13:39:54,2017-12-02 02:38:32,2017-12-04 21:29:04,2017-12-15 23:38:33,2017-12-26 00:00:00
cac2c6b6297e3743dc2caecac71350c1,f64607d55a643175674d022b56a62d27,delivered,2018-04-01 07:58:59,2018-04-01 08:10:20,2018-04-04 03:41:12,2018-04-13 22:12:10,2018-04-18 00:00:00
71ab839e1fe570014f0654f3e929b7cb,5bf58eb83a02d505bd17844c4e0983ec,delivered,2018-01-14 15:07:24,2018-01-16 03:51:14,2018-01-16 20:04:00,2018-01-23 19:12:55,2018-02-05 00:00:00
9d35caf510e8c2497b6982952e1a3f83,2ec080c183f539ec92cf224883ccbce7,delivered,2017-07-27 21:14:17,2017-07-27 21:25:19,2017-08-02 17:59:10,2017-08-16 21:35:30,2017-09-04 00:00:00
e80607d735f571309e8438fb2ca4f594,53bde5cc5d00676cf5c1f8ea1b3e313f,delivered,2017-08-19 18:51:21,2017-08-19 19:05:13,2017-08-21 20:15:54,2017-09-19 17:50:11,2017-09-01 00:00:00
2b1ca6788df941cfecc7eb4ccde855e5,af111f56852e8c97d56f202294b0433f,delivered,2017-09-28 20:17:50,2017-09-28 20:28:24,2017-09-29 19:35:43,2017-10-04 20:06:03,2017-10-25 00:00:00
d974716b98a0c162cd1e80fbf0d882bf,c230346fff00a90adc3c9e76feb5ea46,delivered,2017-09-18 22:59:35,2017-09-18 23:10:12,2017-09-19 20:37:03,2017-09-28 15:13:16,2017-10-16 00:00:00
65b133214f06c44865a7a54148c84e0a,fde4a958c856e15b4dcfba719b967366,delivered,2018-04-14 15:14:39,2018-04-14 15:32:52,2018-04-16 13:15:03,2018-04-27 14:08:55,2018-05-14 00:00:00
0affd51e37e6621004e4fe4fd7c64f4b,693d7169ea4da2b4cb918c2c9b7e290d,delivered,2018-08-12 15:42:03,2018-08-12 15:55:19,2018-08-24 14:33:00,2018-08-29 17:16:50,2018-09-13 00:00:00
3c91fb2601d8d06e7e3c9ee4f79060c0,aa680976703cc404563da71518e6b940,delivered,2018-08-12 15:08:24,2018-08-12 15:24:34,2018-08-14 15:39:00,2018-08-16 20:24:37,2018-08-24 00:00:00
f8b13ccfc06fd1baa3b0b9a9f1d368de,f85e2cc1f55bd805121094b06905af7f,delivered,2017-02-15 14:47:09,2017-02-17 02:23:35,2017-02-17 14:45:40,2017-02-24 14:26:02,2017-03-16 00:00:00
dc66d02aa72baeed7ea19e8d5bf9531c,34d8e7fbd4ef064dc9fef296b5a69931,delivered,2018-06-24 23:58:10,2018-06-25 00:14:38,2018-06-25 15:16:00,2018-06-27 12:08:37,2018-07-16 00:00:00
f9baa074dbaddbc7e87a92a30dabb5e5,c08f3572ecef20f3819d4f647ef4fe8a,delivered,2018-03-12 19:42:49,2018-03-12 19:55:27,2018-03-14 23:07:21,2018-04-13 00:44:37,2018-05-02 00:00:00
c87d6447fb7ef9d8eb2d7bc76a1a940a,25362c0ad43cea95cf1ddcc7fb56a2da,delivered,2017-10-31 12:12:30,2017-10-31 12:32:11,2017-11-01 15:39:49,2017-11-13 17:09:13,2017-11-22 00:00:00
040375f78f9a97d7edfa4e9d2aa8273d,bb8efe79c2c42a2d9ab089ca35832fb3,delivered,2018-01-25 13:58:54,2018-01-25 14:19:58,2018-01-30 19:54:58,2018-02-21 21:49:20,2018-03-01 00:00:00
42c8c432478c96a21d6b78c5350ccd28,6b32ee41d353d2d019d479408e4a1128,delivered,2018-07-31 18:35:27,2018-07-31 19:40:13,2018-08-01 15:00:00,2018-08-06 14:28:16,2018-08-10 00:00:00
0f0dcb31ebe72939367eaebbcd5699c5,033c00bd7a0ab85d4df111a754b5fd22,delivered,2017-10-30 18:27:07,2017-10-30 20:31:34,2017-11-01 17:23:44,2017-11-03 14:36:47,2017-11-07 00:00:00
246a20bc0757d9b447970e67953d675b,25406db1db75fe43d45ec61920bc2a6f,delivered,2018-03-07 10:45:25,2018-03-07 11:10:13,2018-03-09 22:46:39,2018-04-05 21:48:24,2018-03-26 00:00:00
570eccb41678dc30af2792b28b86bb45,73cbcead38309070bf1ad4ad60c8f638,delivered,2017-04-24 08:44:08,2017-04-26 09:36:58,2017-04-26 13:12:22,2017-05-11 12:33:18,2017-05-30 00:00:00
a1bf6f909b1f799e5b1f460e8a348ab2,1fc0b8d5b82b1c982a3943842f0d4ce5,delivered,2017-08-15 16:34:27,2017-08-17 02:50:12,2017-08-18 19:27:37,2017-09-05 19:24:09,2017-09-11 00:00:00
ff558458632ada968431a2f973c209c6,40e16d92bed51ffa013c3a7d1bb1e328,delivered,2018-03-01 23:42:47,2018-03-01 23:50:33,2018-03-07 00:07:10,2018-03-14 20:29:47,2018-03-21 00:00:00
b07bd6d2317297a22b80a9836b464d59,96b26852f269357c7f9f7657a77d1a9c,delivered,2018-06-25 11:15:28,2018-06-25 11:33:53,2018-06-25 15:02:00,2018-07-04 00:28:42,2018-07-26 00:00:00
29ae0692b28230c48573dd73920619c2,abc6faca18c6e4b9c478c613ea2da98c,delivered,2018-02-06 13:31:29,2018-02-07 03:10:07,2018-02-07 19:36:02,2018-02-21 01:12:23,2018-03-12 00:00:00
442d43ef2431c6c8e8c2961781d59593,e97b06f12ef9f944635788cae1af1bf2,delivered,2017-11-26 17:33:20,2017-11-26 17:53:47,2017-11-27 22:58:44,2017-12-09 15:38:42,2017-12-18 00:00:00
0e5d9583490deb1e011b1c8e7da13398,6bed27564bd99d78d09c1fac13da56fd,delivered,2018-03-22 12:07:30,2018-03-22 12:15:45,2018-03-27 22:12:24,2018-05-09 19:48:38,2018-04-11 00:00:00
135fc78debb3120eb1b780ff815ada9c,bda600d3d9e162b86da0fba1b1311fef,shipped,2017-05-12 10:55:59,2017-05-12 11:05:14,2017-05-15 11:36:14,,2017-06-05 00:00:00
11553350b61a44e1a53b118b920e2e3c,971d3c042d4f75a7dca4383881b21072,delivered,2017-04-28 21:32:25,2017-04-28 21:45:08,2017-05-04 10:24:57,2017-05-22 12:07:59,2017-05-22 00:00:00
9cf68a98289ead1bb2175c2323255969,5929c48788d2352bd67271a7025b4bc4,delivered,2018-02-13 20:03:39,2018-02-13 21:07:24,2018-02-15 16:23:19,2018-02-28 22:41:53,2018-03-08 00:00:00
1fa4bffa6539c9b85fa24de8db7b2d48,565764f24ffe1f2d7d54286cfa7b4a42,delivered,2018-07-04 12:24:10,2018-07-05 16:03:39,2018-07-06 11:27:00,2018-07-11 20:16:22,2018-07-24 00:00:00
06ef029fb5e8d178fae15f909432ccc7,3eb07ec22fc740ce9b764a90fe636775,delivered,2018-05-11 11:03:37,2018-05-12 03:15:21,2018-05-15 06:44:00,2018-05-18 11:38:46,2018-05-30 00:00:00
ef37b19ea1b715580fb6394e75311fb8,7e578854f895d59d024743684ce1bc27,delivered,2017-10-01 12:22:19,2017-10-02 12:35:08,2017-10-03 21:30:21,2017-10-16 14:38:30,2017-10-30 00:00:00
f6dd1aa8fa3044414e22a55d943ab7b1,08fabe21a36ebb71c55616524790909b,delivered,2017-07-05 12:25:05,2017-07-07 02:51:05,2017-07-07 17:12:35,2017-07-17 11:26:51,2017-07-19 00:00:00
190c1aac0c0643db9b7dff0fab7f9e3a,887602c8a91e14ec17654855a6a60e98,delivered,2018-03-10 10:09:30,2018-03-10 10:28:01,2018-03-12 17:06:50,2018-03-13 17:46:41,2018-03-22 00:00:00
e0e1fe9ae2dd406e99025006b746c364,bbf91df4f0a88830237a0e1ee1b9f161,delivered,2018-08-25 16:36:58,2018-08-25 16:50:21,2018-08-27 15:52:00,2018-08-30 18:52:30,2018-09-04 00:00:00
2856ac8623bd804696480e1f14842f7f,1e7129f570fe1d1ce3a8beb6aeda1bf3,delivered,2017-11-25 11:20:09,2017-11-25 11:35:26,2017-12-01 21:53:12,2017-12-07 17:33:53,2017-12-15 00:00:00
209addb62d4e3c8c3e8b364d841b4d58,db0f7940d5297fdb2a1c53161dbeace2,delivered,2018-04-08 13:22:20,2018-04-08 13:35:17,2018-04-09 19:48:37,2018-04-11 12:58:45,2018-04-25 00:00:00
4a64a2d2b19e0614a3a20d705d5d9c56,12729283fd440bf783ab9abc2ce60385,delivered,2018-01-29 11:46:28,2018-01-29 12:11:26,2018-01-30 19:03:01,2018-02-04 13:18:23,2018-02-20 00:00:00
e8a260d6cd7b356d0688ef3b78277eb7,00e5b2926b61c618f32e26a8683d84c7,delivered,2017-11-30 17:11:56,2017-11-30 17:20:26,2017-12-05 15:53:55,2017-12-22 20:04:43,2018-01-02 00:00:00
b6237516853bae5d21654428929bdb69,e1128b4c9ad263d6d9e6224ce32ce2ff,delivered,2017-06-09 21:06:11,2017-06-09 21:40:19,2017-06-12 13:15:47,2017-06-13 17:24:17,2017-06-26 00:00:00
c137d955d66546c460453c13ce560ad4,90a5d5ab7a65c199aa8d72af2961c7e3,delivered,2018-06-15 20:43:52,2018-06-15 21:01:18,2018-06-18 14:57:00,2018-06-23 17:28:42,2018-07-05 00:00:00
840d0fe65e307594f2f5fcd49d6898d7,bbeac8b201688b9c1ae8b64ff59f8b76,delivered,2018-01-08 12:51:33,2018-01-08 12:59:28,2018-01-13 00:58:42,2018-01-13 13:51:52,2018-01-24 00:00:00
fed00c385d43753c877738a19d1ea88e,40096d373e1a8379124445bdd50f43ad,delivered,2017-12-14 00:09:19,2017-12-15 02:17:39,2017-12-15 23:48:50,2017-12-22 18:53:43,2018-01-09 00:00:00
294a10c9e4939e8c4f1974b73970ff96,4310e4e2bd5d1b8f38cbb1c3a2136019,delivered,2017-07-24 22:49:08,2017-07-24 23:05:47,2017-07-26 18:49:47,2017-08-02 17:34:56,2017-08-11 00:00:00
146a8097be73570f2318c78e5b16b91b,a5c445f445a790a98546688c0eb633fd,delivered,2018-04-03 17:01:17,2018-04-03 17:29:01,2018-04-04 23:06:36,2018-04-12 15:58:59,2018-04-24 00:00:00
e55a581d6b3fcf41394ef2afb9a4205e,4962e73408e74b80e37b78b3a7a5126c,delivered,2017-12-03 18:39:00,2017-12-03 18:53:39,2017-12-04 18:13:41,2017-12-19 00:28:24,2018-01-02 00:00:00
e39fd2e5443413710adca912ade28b4a,47b0f9a44d1904590dd06ebe72bd3723,delivered,2017-09-10 19:09:22,2017-09-10 19:23:28,2017-09-11 21:05:45,2017-09-20 20:25:05,2017-10-03 00:00:00
746aa06bf2958c834fce5348ecc31ed2,5adc7c631f3b01d335bb013fb3e71bd8,delivered,2018-02-26 14:56:39,2018-02-26 15:41:15,2018-03-05 20:22:20,2018-03-22 19:18:29,2018-03-23 00:00:00
d891fcff7f5720b6a87ecd0a3dbf0c27,220a33720bcdfa04febf2e17b7695b07,delivered,2017-09-03 12:19:17,2017-09-03 12:30:15,2017-09-04 22:23:45,2017-09-08 23:07:26,2017-09-28 00:00:00
2430d337cd4137d6647ae1afbcf88719,3737ee1839ce53aaae3de56a8a034ee2,delivered,2018-06-24 14:00:16,2018-06-24 17:18:27,2018-06-26 13:39:00,2018-06-29 14:04:10,2018-07-19 00:00:00
74a5900cf86c1ea72e09040bd744e793,81615092e749eba5998aafcbd72b3113,delivered,2017-10-22 12:19:55,2017-10-22 12:35:21,2017-10-24 18:04:08,2017-11-01 15:57:48,2017-11-22 00:00:00
7d56ba365c87c8bb457b75761f9a1df3,15b12b5faa56dd3acd4dfb4e98ebb28e,delivered,2017-05-05 14:49:31,2017-05-05 15:02:21,2017-05-09 07:59:45,2017-05-11 08:42:08,2017-05-26 00:00:00
57ab698b8ff842969c3438af8c51583f,c7dc072427063b4a1fcf8ef951fe6534,delivered,2017-06-24 09:13:24,2017-06-24 09:25:10,2017-06-26 14:48:49,2017-07-04 14:15:46,2017-07-26 00:00:00
f16c08511de51e22a800aa456ce47135,2065367b25b692b29bfb6b079ee1df84,delivered,2018-03-02 08:00:04,2018-03-02 08:10:26,2018-03-05 17:38:21,2018-03-13 21:12:16,2018-03-27 00:00:00
2950c71359ad6e41415903d763381882,bfca88bf816c31d01923b1da0fdea9ae,delivered,2017-09-10 21:28:52,2017-09-11 21:35:35,2017-09-20 18:33:28,2017-10-05 14:32:43,2017-10-05 00:00:00
a083c58efb31a3ae3e0ec63ccbdc8e37,f080619b236528f2c183ff41abde2090,delivered,2018-07-23 17:18:13,2018-07-24 08:31:37,2018-07-31 11:17:00,2018-08-01 17:46:49,2018-08-03 00:00:00
8b27e6702c707795bb5e0efff050d2ed,d9a97b85146c1d70a00c7048ad21e272,delivered,2017-07-20 19:15:31,2017-07-20 19:30:19,2017-07-26 11:12:30,2017-07-31 18:45:51,2017-08-11 00:00:00
2f731cfbee2fecc19b83992498f23c25,0b163d4fe7d6acebdcdcae6f4c0ca8ee,delivered,2018-03-10 20:29:26,2018-03-10 20:47:34,2018-03-13 01:05:05,2018-03-20 19:48:33,2018-04-03 00:00:00
4cb127a2ef407430b38e8dcdaaddb4d0,8baa3f2de2bb64b697377a0b98aa2dfb,delivered,2017-08-10 21:34:12,2017-08-12 02:50:16,2017-08-15 17:33:39,2017-09-05 20:22:19,2017-09-12 00:00:00
d5b20c4d4aa379d9215dba07d60c7e24,1d7dc770268b6a21bd58a278a1707794,delivered,2018-05-14 21:52:41,2018-05-14 22:10:23,2018-05-15 10:42:00,2018-06-06 00:25:25,2018-06-05 00:00:00
605396ecdc2610304702411452c54a91,10754027edc16b4efeb18e5e767ec590,delivered,2017-09-02 15:48:42,2017-09-02 16:05:28,2017-09-05 12:33:21,2017-09-20 17:57:51,2017-10-03 00:00:00
f19d214a923377a6b52d8451d06f946e,b8b00f5eaed92d8702f649dafb7dfd97,delivered,2018-03-06 22:27:45,2018-03-06 23:00:21,2018-03-09 23:33:14,2018-03-13 21:48:54,2018-03-16 00:00:00
91bb03327725cc7058e5890bc6afda69,b68c49b9c29f5a6aa75b3c0cb741af32,delivered,2018-08-23 12:47:56,2018-08-23 13:05:06,2018-08-24 09:16:00,2018-08-29 18:31:24,2018-09-04 00:00:00
28fc0d248a5ef452303f981578647658,b33c387ac5c9922825b25a79b0dc29cf,delivered,2017-11-07 17:33:23,2017-11-07 17:50:50,2017-11-08 18:09:09,2017-11-16 18:35:47,2017-11-30 00:00:00
3e8dab241fc3468ea66691de15216895,1c147c7a4229fc41feca9e5f688b5871,delivered,2018-08-18 19:21:21,2018-08-18 19:35:10,2018-08-21 08:15:00,2018-08-28 23:58:41,2018-09-10 00:00:00
2e157239001a3bc129887997254f9af8,5d731fa195fc3a5789ef804d0654faae,delivered,2017-04-06 15:04:18,2017-04-06 15:15:23,2017-04-11 17:04:56,2017-04-18 14:48:05,2017-05-03 00:00:00
3e93213bb8fdda91186b4018b2fe0030,353e6a256f90a009d3e801b655f33b98,delivered,2018-07-17 23:49:21,2018-07-18 00:05:19,2018-07-27 11:54:00,2018-08-07 00:02:47,2018-08-09 00:00:00
5d41aedbfaf8538964fded39cb20280a,8b0dd3ec845dad673b5e5d6fb2ecf95f,delivered,2018-05-07 20:49:57,2018-05-07 21:13:59,2018-05-08 10:36:00,2018-05-12 13:28:47,2018-05-18 00:00:00
1d39a1c8b0608d354cde577264409ce0,16d0b3d8fe2111a43555f861504de0f3,delivered,2018-02-26 22:13:45,2018-02-26 22:47:38,2018-02-27 21:38:36,2018-03-14 20:21:59,2018-03-22 00:00:00
2281b9a155dc821e33ba9e7360964450,e7d6719126634a58d3dd17ffd14311fa,delivered,2017-12-14 15:16:51,2017-12-14 15:31:25,2017-12-19 23:48:58,2018-01-16 23:34:08,2018-01-18 00:00:00
f2d78e5d17d66ca25ccafaec01ccdff9,51cb4856db49f27e75b8d74da948ff43,delivered,2018-05-07 09:20:56,2018-05-08 04:55:19,2018-05-08 12:02:00,2018-05-16 12:03:18,2018-05-24 00:00:00
85cc597a6403094c0e538adabc0965b6,456ae1937d2c1b366e333b0c9ad6c798,delivered,2017-12-07 17:08:38,2017-12-07 17:33:06,2017-12-12 18:27:14,2017-12-20 13:48:50,2018-01-04 00:00:00
0825a0aa574e4d49396e37335aa640f1,e429e3d84062a519aaa2f9355dbea8eb,delivered,2017-10-12 13:03:52,2017-10-12 13:14:25,2017-10-16 20:12:36,2017-11-03 16:05:07,2017-11-10 00:00:00
42de1b3e5c22770a440ee04f373fb846,e6595e1dfae04149e21586a32e6d8b9f,delivered,2017-12-02 14:37:36,2017-12-02 15:00:51,2017-12-05 23:58:45,2018-01-04 21:42:28,2018-01-09 00:00:00
908c02868bb2a9b847e64b23139137e5,76f71522a4d0db001ac6caf99763656f,delivered,2018-06-17 09:42:02,2018-06-18 21:35:43,2018-06-19 14:35:00,2018-06-26 17:08:21,2018-07-13 00:00:00
bf8f842ad319798cc4a0c3085c32a43e,a517fcb18c6a81804a6b51f3c4de3bb1,delivered,2017-11-06 19:38:16,2017-11-07 04:31:19,2017-11-07 19:21:29,2017-11-10 15:32:05,2017-11-27 00:00:00
e3f6d89187ed0a12fdd795ce6519f10e,6251f87eb0685b7a6bd734c99e6240fc,delivered,2018-01-24 13:51:32,2018-01-24 15:19:34,2018-01-25 23:17:30,2018-02-22 23:32:59,2018-02-20 00:00:00
2ca70b2f655793dd6a6d502a0cd0dd9a,226c3dcc38c3e3e3e76c3717f4e2375b,delivered,2017-03-05 13:29:41,2017-03-05 13:42:54,2017-03-06 12:22:09,2017-03-17 15:37:53,2017-03-27 00:00:00
cd623324c25a5749845117a6d628b994,c6edfb7641b6f29c6bf66ddd61108cbf,delivered,2018-02-01 12:03:13,2018-02-03 02:54:06,2018-02-07 01:58:38,2018-02-14 20:46:16,2018-02-26 00:00:00
ffae981a027da994061d054aa171c4aa,81713b2f519b62832d79a3df8a6814a4,delivered,2018-04-10 20:21:08,2018-04-10 20:35:08,2018-04-12 02:48:24,2018-04-24 23:28:47,2018-05-14 00:00:00
eb855beb3ac99461f7a076b4c3652472,c91289ce43149a8ea5560d446f1d1dd2,delivered,2017-03-23 15:51:16,2017-03-23 16:03:46,2017-03-24 13:38:18,2017-03-30 13:41:24,2017-04-19 00:00:00
9e89e45d01fc1c23ba675ab3dfbfa722,9d3550c3aadd1b8a6796fb8d3c42840b,delivered,2017-12-01 11:20:27,2017-12-01 12:31:27,2017-12-04 12:17:39,2017-12-05 20:09:07,2017-12-20 00:00:00
d72f653ddc9ff2fd28a70168d20aaf82,d728e1d8c703abb8872d83b85532ccb6,delivered,2017-10-03 13:03:55,2017-10-03 13:14:17,2017-10-04 20:03:12,2017-10-10 21:13:58,2017-11-01 00:00:00
b574767c7029a1d2a194e2769bdad806,55308e6fc26d946ea2b0e47db7c829ac,delivered,2017-08-14 12:01:05,2017-08-14 12:50:10,2017-08-16 20:54:36,2017-09-08 18:32:40,2017-09-18 00:00:00
0967ab27ef08c9ab5cb890eb3c1f8f5b,9164aed89273c9b5a816b1a34fa37e34,delivered,2018-07-15 14:23:19,2018-07-17 04:31:31,2018-07-17 15:33:00,2018-07-23 17:24:59,2018-08-03 00:00:00
6e9b1ed8338411f98f2dd86298e00826,9a3d0e3ef05103e082deb6095fa07774,delivered,2018-08-11 12:34:18,2018-08-11 12:45:13,2018-08-13 14:28:00,2018-08-16 21:52:34,2018-08-29 00:00:00
f6ba2b603300f7bd6e7014a602fae719,ce2ce80ecef0398901fbea650e59c2ad,delivered,2017-08-17 21:12:14,2017-08-17 22:05:16,2017-08-18 18:05:13,2017-08-29 22:12:47,2017-09-15 00:00:00
55ea42c21b83d2496cbaea27a33ca8d4,56e1189772b79e5a9f717ed219371205,delivered,2017-10-22 22:10:12,2017-10-22 22:26:16,2017-10-24 16:36:40,2017-10-30 20:27:01,2017-11-23 00:00:00
366f322ad95ebd9a14346c9f8425a68b,a23719a98faaed0e45e77564e1ec3f47,delivered,2017-12-01 11:07:35,2017-12-01 11:31:24,2017-12-01 19:35:08,2017-12-04 20:33:05,2017-12-19 00:00:00
eb0fec00c8cee7edcc91a031d939ac1a,8119ded42ca2d1eca5d7009f33102a0e,delivered,2017-03-23 16:19:43,2017-03-23 16:30:18,2017-03-24 13:55:59,2017-03-29 09:15:44,2017-04-11 00:00:00
fe9fc8eb3ad784aaf13c6788561efe59,fde883b2a152ae5c4a15e020f7d6d8b9,delivered,2018-08-13 12:31:56,2018-08-13 12:44:26,2018-08-16 14:09:00,2018-08-23 16:26:41,2018-09-05 00:00:00
ba67f9aa9f6aaa7645b40abdf9f980c5,30a5cae5a1460ba33ab1c44586da4b87,delivered,2017-06-23 21:59:33,2017-06-26 14:03:25,2017-06-29 13:51:46,2017-07-03 14:14:56,2017-07-06 00:00:00
03e5d6a8dd520898f86f8429ccd07c21,72b319c928f3d04322db2e904d91a611,shipped,2018-07-30 11:51:13,2018-07-31 12:31:25,2018-07-31 14:21:00,,2018-08-16 00:00:00
4312fbcaf802f48339fed28e13a5dcc7,97b57b892a79fbd7ef5fe13889e24696,delivered,2018-07-15 18:25:42,2018-07-15 18:43:52,2018-07-16 11:07:00,2018-07-20 20:58:36,2018-08-03 00:00:00
97a0c3698151724b828f425d511d224c,e8910241530576448f0e57525389269d,delivered,2018-07-25 19:02:13,2018-07-25 19:10:15,2018-07-31 12:41:00,2018-08-01 13:26:50,2018-08-02 00:00:00
6b51ade033ffeef603f6ee951ce831cd,6063d231ad10ccc79c81b5799fc90a99,delivered,2017-11-27 21:55:38,2017-11-29 02:17:27,2017-11-29 23:09:27,2017-12-06 23:10:00,2017-12-21 00:00:00
ce280fbdbcce0a56084f415c8d0f7368,7dd4b768827b88fd42a05ba7bb5d0c22,delivered,2018-01-29 17:44:34,2018-01-29 18:12:12,2018-01-31 15:16:35,2018-02-02 15:42:12,2018-02-20 00:00:00
380a3824a3077f718ff3e99534666bda,b509ac0ac5749b7e1b81b48de8fe7236,delivered,2018-07-03 13:11:17,2018-07-05 16:33:01,2018-07-06 10:24:00,2018-07-13 20:38:48,2018-08-03 00:00:00
33a07fed56477fe605818442871aa9bd,ad09d64abe2ba53c0e7ebf343898af81,delivered,2018-08-09 00:47:19,2018-08-09 01:05:21,2018-08-14 13:59:00,2018-08-21 23:35:42,2018-08-28 00:00:00
868cd870305713a260dbfe8d9603c6b2,cc9c2ded59a1a84faaabfa7438a12bfb,delivered,2018-05-20 16:27:03,2018-05-20 16:59:21,2018-05-21 15:30:00,2018-05-24 18:36:43,2018-05-29 00:00:00
b5caac3d864a0915203a1789e69329b3,c9347dc84f33e68dee8155d73757b001,delivered,2017-05-25 22:40:59,2017-05-27 03:15:12,2017-05-29 08:58:32,2017-06-01 16:24:57,2017-06-19 00:00:00
e0d8898d1111db2716c99615cc4162fd,c7917629fc9296df082fde33d9f27670,delivered,2018-02-06 22:00:25,2018-02-06 22:10:43,2018-02-08 23:15:12,2018-02-20 23:03:33,2018-03-07 00:00:00
abb44283b833f61c7c76d92b607ab4cf,b4ee9ca3874d95a64070f4ae06350f1f,delivered,2017-08-29 00:03:09,2017-08-30 02:10:58,2017-09-06 23:59:32,2017-09-19 19:20:10,2017-09-26 00:00:00
dd12d75147243738f174edd9249b4d31,6b3bb3efa85c5b14ee91bc7227bdf0c4,delivered,2017-11-23 20:39:22,2017-11-23 20:48:28,2017-11-24 18:36:48,2017-12-01 17:39:05,2017-12-19 00:00:00
dbb4cfffcb19a1a2b48be73c1b1fe978,86133f83f0ff5943ee3c2d307fbb61d7,delivered,2017-12-07 07:33:56,2017-12-12 03:56:31,2017-12-15 19:52:12,2017-12-28 15:09:11,2018-01-18 00:00:00
104a388dc1207b546c35e97288953ef2,b2275872bbac7bbe411a4b451f26f429,delivered,2017-11-27 14:13:47,2017-11-27 14:21:33,2017-11-28 19:28:34,2017-12-12 23:44:32,2017-12-26 00:00:00
4b9f89563bc345603505c8719f0c35c6,167678714d0cb453ff7a6e88214374e8,delivered,2017-12-08 13:53:26,2017-12-12 03:50:13,2017-12-13 16:19:03,2017-12-22 23:13:50,2018-01-05 00:00:00
05640486a5e0b8140b20506acf791af2,ee13725bd807d030e78f60a8113d120e,delivered,2017-07-04 17:27:52,2017-07-05 17:42:09,2017-07-06 13:54:25,2017-07-12 15:09:50,2017-07-26 00:00:00
a736c2ffae5f36d767e81dfc44146911,c27c8019d63fffbc54405a4c07cdd5dd,delivered,2017-11-27 21:08:35,2017-11-29 02:17:33,2017-11-29 23:22:15,2017-12-30 14:38:56,2017-12-20 00:00:00
401eef3292ffd13d0d79c32c990de9f3,520f77c40eca64f4de3113cdf1f8dee6,delivered,2017-11-18 12:00:50,2017-11-22 02:57:31,2017-11-23 14:13:07,2017-12-02 14:09:48,2017-12-12 00:00:00
190025dbe5811e87645792c21726e215,ee97471c730b510b97d5a7b8b30107ef,processing,2018-02-04 17:31:51,2018-02-04 17:49:14,,,2018-02-22 00:00:00
ec6fa0fd3abb372973ffa4c792a2e936,4e788890a013dbbe9503d039ca0c3116,delivered,2018-08-06 22:44:57,2018-08-06 22:55:18,2018-08-07 11:45:00,2018-08-10 20:03:53,2018-08-28 00:00:00
a92733241b636a8ffddd05c56714d32d,d5c1f718443d92468dc721f8fdcb23f2,delivered,2017-11-22 11:39:00,2017-11-22 11:48:35,2017-11-23 22:07:03,2017-12-07 01:38:48,2017-12-29 00:00:00
8c3ef96e828b5894ec632ba10985867d,5cc1b597806534b1fd8814a7a9d85230,delivered,2018-08-23 15:50:07,2018-08-23 16:05:38,2018-08-23 15:31:00,2018-08-27 19:11:17,2018-09-06 00:00:00
9b4ce65d237bc82227e4b550d1ddf079,24c4f807cb6e92665d8f59e753657ccf,delivered,2018-03-15 13:30:01,2018-03-15 13:49:28,2018-03-16 22:04:33,2018-04-24 01:32:35,2018-04-04 00:00:00
963030216f9dfae3f21a1660bfed8274,943db5b732a10f928de356cc1d7fb075,delivered,2017-02-05 20:21:51,2017-02-05 20:35:12,2017-02-06 10:14:47,2017-02-10 17:44:53,2017-03-01 00:00:00
62ba0592ed1ceb90f1f417ef4c3be1d2,2a08c1df338020e00afa250b69e0096e,delivered,2018-05-15 21:55:06,2018-05-15 22:15:44,2018-05-18 11:10:00,2018-06-04 16:26:47,2018-06-01 00:00:00
5e6e9f9788b0a2ced8491d49b63a32b4,2405289a88eb1fbf99c89f5397b49867,delivered,2018-01-24 15:13:32,2018-01-24 15:58:05,2018-01-25 17:16:59,2018-02-05 15:52:16,2018-02-23 00:00:00
4c004439e63485114caf4e97ed9befe1,c5e457320e81424e18d8d9f78256eedc,delivered,2017-07-31 18:39:50,2017-07-31 18:55:21,2017-08-01 13:06:00,2017-08-16 18:19:00,2017-09-04 00:00:00
9039bf11d9ef8467d23a4cfbc162653e,469bd5019cd9eb4e96fe8eaacc7a7cad,delivered,2017-10-25 20:28:24,2017-10-27 02:55:35,2017-10-30 14:42:41,2017-11-06 16:57:39,2017-11-17 00:00:00
167a89d17687b40764e54424ec1f9afd,d7c23f3d2589891ae50aae3af800311b,delivered,2018-05-26 11:42:30,2018-05-26 11:50:59,2018-05-28 13:00:00,2018-06-15 16:35:31,2018-07-11 00:00:00
6c71ff58759ad54f8b55ea6414020495,0217db9efc54141e264d17de315874d1,delivered,2018-04-07 22:21:18,2018-04-07 22:35:11,2018-04-09 14:52:56,2018-04-13 18:31:08,2018-04-25 00:00:00
2863995f5da2bd8866dc8830507be94f,816d158f2f0fbd39d10c9cb1e06fb7d6,delivered,2017-09-29 13:49:08,2017-09-29 14:07:26,2017-10-04 15:54:31,2017-10-10 21:33:31,2017-10-23 00:00:00
0589d8b975f21fea2ad626ea99527911,77dc1be4c4766a308f7c7516b732a825,delivered,2018-02-27 16:36:42,2018-02-28 16:35:43,2018-03-01 18:47:44,2018-03-07 22:44:26,2018-03-28 00:00:00
ed63d1955429b2d9b6172c755b4fa1b2,f37b50df65da43da826393fd732a5b8a,delivered,2018-03-16 15:45:55,2018-03-20 03:10:35,2018-03-21 20:14:49,2018-03-27 02:33:36,2018-04-12 00:00:00
5b6d199e9bbb33ac85dccad58acb53fa,15a338702a19087b1eacf119cfae08b1,delivered,2017-07-26 17:37:37,2017-07-26 17:50:18,2017-07-31 18:54:28,2017-08-01 21:09:50,2017-08-15 00:00:00
d2f6de2ff8b1a8a061b5e9af878ca86d,cca8e8cf66f7fb6cd5c7a6ca5e0f9149,delivered,2018-01-31 13:16:54,2018-01-31 14:03:09,2018-02-01 19:28:02,2018-02-10 04:28:34,2018-03-01 00:00:00
56430e0b9968b381942760e433583b27,25fc5fcd13751095236ea257c9cfb62a,delivered,2017-03-02 07:28:36,2017-03-02 07:35:17,2017-03-03 13:25:40,2017-03-08 17:53:42,2017-03-23 00:00:00
672f0701a08a84f4d2363780ccd89d47,be62d0b42cb5dd7bccb8d519ec063795,delivered,2017-06-30 16:54:57,2017-06-30 17:10:12,2017-07-03 12:03:42,2017-07-10 19:24:47,2017-07-26 00:00:00
394600fad8c925734a04d88f935395e4,7af20ab489d2f181dd71530f340d59af,delivered,2018-01-24 09:41:07,2018-01-24 09:53:46,2018-01-24 21:58:52,2018-02-14 18:07:37,2018-02-21 00:00:00
4555a62ffc9eea4cabdf8f1a7219f813,a7b68644e7fd220dc2ffb68933bb9e18,delivered,2017-11-18 20:44:53,2017-11-18 20:55:52,2017-11-22 18:12:05,2017-11-29 22:02:44,2017-12-07 00:00:00
6b17276ebb8c2bcae9b571b0f68d787c,ba27b7454fd88b454efdc2c21880225b,delivered,2017-11-05 18:41:01,2017-11-05 19:50:32,2017-11-06 20:05:46,2017-11-22 19:31:52,2017-11-29 00:00:00
6cd070c4e831393345297bfa86b24c39,4fffc9aaeef546ab8e5476b4b61e30ec,delivered,2018-06-15 09:46:55,2018-06-18 10:33:45,2018-06-19 14:47:00,2018-06-26 15:51:21,2018-07-23 00:00:00
c23d373d2ee0dcb52fd8af1174ee8502,6106eee0095cacb0f76f09443b14bf31,delivered,2017-11-17 23:55:44,2017-11-18 00:10:44,2017-11-23 17:46:41,2017-12-05 22:26:36,2017-12-14 00:00:00
9f7cc89191a32daf25766b274c7f6b19,a100bd3bc89971db65003553fa4f0ba8,delivered,2018-01-04 11:31:42,2018-01-05 02:36:07,2018-01-05 15:42:05,2018-01-08 19:08:08,2018-01-22 00:00:00
20ff9b4b339b20ef47cfcda736a17a52,96dfa7d4d4ac5b821ac90b04f7832ce6,unavailable,2018-01-11 11:59:41,2018-01-11 12:09:45,,,2018-02-09 00:00:00
cf9df38ea8a894e959f635c3fce5b739,6a24075730b9c1400e48548a5cbd2738,delivered,2017-04-06 09:05:53,2017-04-06 10:02:24,2017-04-07 15:04:02,2017-04-19 10:53:47,2017-05-02 00:00:00
7b421b7b2a461b494f9b4e6c43b1aa87,3609367900ce8d7d8fbdd03ee43e74be,delivered,2018-06-25 20:15:05,2018-06-25 20:34:14,2018-06-27 13:12:00,2018-07-03 02:16:53,2018-07-24 00:00:00
4648e84e6a37cd3e5a3d0597fdd8ec9b,d24c27408a4944c4e2b0397495ea2b8b,delivered,2018-02-14 08:54:32,2018-02-14 09:07:53,2018-02-15 19:13:09,2018-03-02 17:57:29,2018-03-12 00:00:00
a0b393aaf1085966f34beb2d95817462,d1806517abdeab70d77e1ff58ec5f1b8,delivered,2018-05-01 20:47:37,2018-05-01 21:12:19,2018-05-03 14:56:00,2018-05-14 18:18:18,2018-05-30 00:00:00
5dd6d26490ce6d2c0c844caca646fb02,854f216a13d5e9d3c1fef396c69618e2,delivered,2018-03-14 23:13:24,2018-03-16 04:15:15,2018-03-20 22:57:37,2018-04-03 19:43:00,2018-04-10 00:00:00
de83643596b6203d717e77769482e476,238a236a505ad5d85b7d1df842095d79,delivered,2018-06-19 20:45:02,2018-06-19 21:18:38,2018-06-20 11:48:00,2018-06-26 18:08:37,2018-07-16 00:00:00
55251ef8a25806da63971ca3046ca7a5,b5a45c11fcd45758fae4b970ec0697d5,delivered,2017-09-05 22:52:07,2017-09-05 23:10:16,2017-09-06 21:10:13,2017-09-14 19:22:21,2017-09-26 00:00:00
60fedd48f279e3f0ce27e48d6d7b895d,51ef11dc522f9e3e2874a7678e7e7a1d,delivered,2018-05-15 20:12:04,2018-05-15 20:33:13,2018-05-16 14:02:00,2018-06-13 22:32:16,2018-06-13 00:00:00
a885450c26922878599a0e8ab1bb0569,e43db3527104ef53e7cfdbc0b99b4fc5,delivered,2017-11-27 08:53:15,2017-11-27 09:15:51,2017-11-28 20:08:07,2017-12-13 23:12:11,2017-12-20 00:00:00
b6fa3751148ad8ba139779f6543951d9,f7a412f8010d1609da2be707d4e9367c,delivered,2017-07-14 21:10:48,2017-07-14 21:25:08,2017-07-18 21:41:24,2017-07-20 19:52:14,2017-08-01 00:00:00
c513e47b1ec7f0c630776aff9e942ec9,8bbcf9a0717a1cb212b45522ef61972c,delivered,2018-02-05 14:25:43,2018-02-05 14:48:24,2018-02-06 16:38:37,2018-02-24 00:29:49,2018-03-08 00:00:00
7c8d6e2623f98429c28ab00ffdced669,4018093ea989c2f03959f6d71226faf3,delivered,2017-09-26 09:23:05,2017-09-27 03:37:09,2017-09-27 16:43:34,2017-10-10 22:15:59,2017-11-01 00:00:00
8c65d56ff533ea4260692ba747aebc7b,eadb38f485051a13664f0a4bdeb60b59,delivered,2018-08-25 14:23:47,2018-08-25 14:35:24,2018-08-27 12:38:00,2018-08-28 20:08:51,2018-08-31 00:00:00
b93b11d71e901cb13e0c8a5f80ee67c6,2abeda77caeb8b48c7f250994d6adf82,delivered,2018-06-21 18:20:34,2018-06-21 18:40:46,2018-07-03 05:55:00,2018-07-06 21:41:32,2018-07-24 00:00:00
7bdbf26950bfc3b92d415498376864fd,ef05574239559b43f9c131854ea45151,delivered,2018-03-07 21:16:02,2018-03-07 21:30:32,2018-03-08 19:08:36,2018-03-23 01:06:40,2018-04-05 00:00:00
d253842de8c5d6f95feebe80f6f6995e,18faa018136406306e04ddb1e7ebf464,delivered,2018-03-27 06:26:35,2018-03-27 06:46:34,2018-03-27 19:32:52,2018-03-28 20:54:48,2018-04-09 00:00:00
26091f048710af6fa1c6d4f39d4897a5,84f28ac55d936946d201442e1a1e9058,delivered,2018-03-25 14:24:34,2018-03-26 10:09:09,2018-03-29 16:26:33,2018-05-09 21:43:50,2018-05-18 00:00:00
6d384db975cc03a67526dcaa751e55fe,36b3899fb68249e20559b4cf0b16bd59,delivered,2018-06-14 16:30:02,2018-06-14 16:58:21,2018-06-15 10:29:00,2018-06-21 15:38:49,2018-07-13 00:00:00
ef21ebeb08690a0a1e20959c4d9f6357,7b18513ebd2fce36ff6408b7805252d6,delivered,2018-07-14 13:33:00,2018-07-15 14:15:14,2018-07-16 15:21:00,2018-07-20 19:08:57,2018-08-03 00:00:00
a316607f76b8992b9ef01d8e7ee6933a,88bfdd144525b83fcf4d8ff311286c4b,delivered,2017-08-04 10:08:25,2017-08-04 10:23:27,2017-08-07 18:07:07,2017-08-15 19:54:53,2017-08-28 00:00:00
9bf24c99c60f8ca327fd952471b5bee2,a37c5662ae8d3219eaf975205cfe2bf0,delivered,2018-01-06 11:57:52,2018-01-06 12:07:30,2018-01-09 13:48:58,2018-01-26 17:42:11,2018-02-05 00:00:00
19a446583991325bc207214763eea124,f3a2d5b49cc090c679649818bc3f8e8e,delivered,2018-06-11 22:31:34,2018-06-11 22:59:15,2018-06-12 10:35:00,2018-06-13 19:38:50,2018-07-05 00:00:00
5f4a93e06fbb6c09a0f4afec6a1ea960,178e7d9d5737485a7a3fc47c9bc32f36,delivered,2017-11-15 19:19:02,2017-11-15 19:35:36,2017-11-16 19:32:16,2017-11-27 15:42:28,2017-12-06 00:00:00
25ff38b3eac37d28ac1fd35e41393218,49e4b2fb8926a656f2415667cd8f6c38,delivered,2017-07-10 17:55:20,2017-07-10 18:10:12,2017-07-13 19:12:26,2017-07-17 22:04:24,2017-07-28 00:00:00
5c5a4d0be78ff48f67dd7f81fd56d905,d694672edc54700d8ca5ed650115ee59,delivered,2017-08-18 08:33:04,2017-08-18 08:45:45,2017-08-24 21:04:17,2017-09-15 18:53:03,2017-09-19 00:00:00
f93757ef61c71d0a9e052b7cc8d32fb4,2f717ff462b109be71bd1e5aba745f43,delivered,2018-04-18 13:06:52,2018-04-18 13:31:49,2018-04-24 00:38:42,2018-04-27 18:28:45,2018-05-11 00:00:00
8d58703c7926bd13b718863681e60e42,f7457bbcdd912ef2a847361418a2c67a,delivered,2018-07-17 19:19:04,2018-07-17 19:25:19,2018-07-19 06:14:00,2018-07-24 21:24:36,2018-07-31 00:00:00
b56a539decbea0b1d4583abf7b1195b7,acfb0bca6344e3b5ce1f252b5da4c30f,delivered,2017-12-27 11:16:00,2017-12-28 02:35:34,2017-12-28 17:13:59,2018-01-04 16:13:18,2018-01-22 00:00:00
223b21af0c2d24db54dfa4ee559fbe28,7743a320b133a0703f259bbabadb47cb,delivered,2017-08-07 13:10:26,2017-08-07 13:43:19,2017-08-09 17:00:03,2017-08-14 19:27:36,2017-09-06 00:00:00
961b75f90f3f09b0b5b5526073ec83e7,1b365138742f0bc2e44e4fac0bf94c7e,delivered,2017-12-07 17:29:07,2017-12-08 02:53:59,2017-12-08 14:18:51,2017-12-19 18:43:42,2018-01-04 00:00:00
70797100fedf9c14e0d0008c876f11b5,1661d19b3ecbfcabf7d551f2d0ad2733,delivered,2018-04-02 21:32:22,2018-04-04 03:10:18,2018-04-05 00:49:42,2018-04-12 17:21:18,2018-05-03 00:00:00
e714fd896d1273fd224dbeef2cb97633,2ae0c48a27f15c77622fea0ec9ce6dce,delivered,2018-02-27 11:28:47,2018-02-28 11:32:31,2018-03-02 20:48:47,2018-03-06 20:53:00,2018-03-21 00:00:00
6f0c925fc5d548afcddeea046d4e30d1,95249fdbd5e35ac3652c3f5e05e75f91,delivered,2018-01-05 17:31:53,2018-01-05 17:39:21,2018-01-10 20:11:23,2018-01-22 23:48:41,2018-02-07 00:00:00
1809078b655469f11b429102fb296998,e49cb31672822de07bf6f6b0899ee58f,delivered,2018-04-20 20:22:34,2018-04-24 19:10:37,2018-04-23 18:18:27,2018-04-24 18:47:46,2018-05-10 00:00:00
35cf9be605f7018e3827a0349b1afaad,9223f91f9d02d1ec93b349431aa372fe,delivered,2017-12-03 18:47:28,2017-12-05 04:12:01,2017-12-08 10:45:32,2017-12-27 20:32:20,2017-12-28 00:00:00
727e96ab29834171ff0fe393453467e0,f4e4eb064cd539154f9deae1cda1b3aa,delivered,2017-10-21 19:13:37,2017-10-24 03:14:17,2017-10-24 15:47:47,2017-10-28 15:57:51,2017-11-09 00:00:00
3d966a23ca6c6a3e5dca4053ee2c654a,ba4313262d731a83d0277b1d920a4639,delivered,2018-05-15 13:25:08,2018-05-16 02:53:47,2018-05-29 15:28:00,2018-05-30 19:48:44,2018-06-08 00:00:00
37c8cbbb816470ceb8a3026653cf3d3c,0c6ddd0fc46185e7fd0bb6d767bf4d36,delivered,2018-03-01 15:25:54,2018-03-02 02:10:01,2018-03-02 21:56:43,2018-04-04 00:29:49,2018-03-26 00:00:00
4100b7218003e76b7c95e82ab07b3fdc,38db9a6684eac7a77ef71610592e409f,delivered,2017-09-01 22:03:59,2017-09-01 22:26:08,2017-09-04 22:03:07,2017-09-14 17:56:31,2017-09-25 00:00:00
71a88ca55a16c100b22fa5dace71266a,cf8988f6601f583a955185731958229d,delivered,2018-06-02 22:36:30,2018-06-02 22:51:08,2018-06-05 12:54:00,2018-06-19 11:38:43,2018-07-04 00:00:00
681520892dd4126ee802bcd5aca41c73,8bfd33c4e201a1b9b6d07f61298bc6f0,delivered,2018-08-11 17:16:14,2018-08-11 17:30:14,2018-08-13 16:02:00,2018-08-20 20:26:44,2018-08-23 00:00:00
9d8207422d2e1b77d951d57df1693278,f623abff52174c8134beb9aab562b99f,delivered,2017-12-15 11:24:12,2017-12-15 11:32:27,2017-12-18 22:35:04,2017-12-29 16:47:26,2018-01-11 00:00:00
242580697feaa388d1043faa3755cdfd,ac29d8de6a1e6a0d2505419db9f8dba7,delivered,2017-11-08 08:45:26,2017-11-08 08:55:50,2017-11-10 22:31:48,2017-11-22 00:02:39,2017-12-05 00:00:00
9f1db27c49885bed69d54f9d11ba8058,5a73138934244ea1b068841d01d7b714,delivered,2018-05-16 20:09:59,2018-05-16 20:56:44,2018-05-17 08:25:00,2018-05-22 12:03:37,2018-06-06 00:00:00
a7070a3e260832c27a6f36ce22d61151,6b05c8f3a25a71005d5eb9b51766c333,delivered,2017-08-15 20:11:01,2017-08-15 22:05:42,2017-08-17 17:19:55,2017-08-22 19:23:39,2017-09-06 00:00:00
92c5e555afe0fddf3e8e4ae6baf2fe68,c7e376aa9ce54b73baa1125944387490,delivered,2018-01-08 11:27:48,2018-01-09 07:19:12,2018-01-10 12:21:56,2018-01-18 13:17:13,2018-02-05 00:00:00
7b4dd7a1e967f3c305574c48bf4045f5,d730b3e51e279bb9c2e6592ea515ed2a,delivered,2018-07-11 11:08:40,2018-07-11 11:26:36,2018-07-16 13:37:00,2018-07-21 14:03:19,2018-08-13 00:00:00
3c4e225b9b32cc19fcefee42082df53f,a5c2163d1b3b465342d92ef5c8e398b4,delivered,2017-10-26 14:06:12,2017-10-27 13:07:18,2017-10-30 16:24:01,2017-11-03 20:38:51,2017-11-14 00:00:00
9991f93b8033efb6a155363142504f5a,f8fd9bba9a4358344cb5dc6387c75b98,delivered,2018-06-04 09:40:03,2018-06-04 09:55:18,2018-06-05 09:24:00,2018-06-12 19:52:29,2018-07-05 00:00:00
b8fc6ac941d47f4562ba6eec0e20cb9f,a74849ddbcb62bca40283e5c1918f426,delivered,2017-10-14 19:07:07,2017-10-17 03:49:19,2017-10-18 18:17:50,2017-10-19 23:17:53,2017-10-26 00:00:00
766c99ec475fbe5700815bd8d452d107,2fe96b87b0ee448a5fd3c7cc6ba3dfe9,delivered,2017-11-24 16:28:54,2017-11-24 20:19:40,2017-12-08 14:29:57,2017-12-21 23:09:11,2017-12-26 00:00:00
0311da9b3ac095a57a2662813e179bcb,34b18316e1c66360c7d2603da9a8b0f3,delivered,2018-02-20 21:24:12,2018-02-20 21:47:16,2018-02-21 20:27:04,2018-03-12 17:40:51,2018-03-15 00:00:00
42d23fff3eee93c6c3b0ac65d3ca1e93,bc210337f80918ea78f87fa40d7d2507,delivered,2018-06-30 09:11:46,2018-06-30 09:30:32,2018-06-30 08:58:00,2018-07-05 22:51:46,2018-07-27 00:00:00
d6e8909db886a81c5a4087d3a837003f,31dcf859b26b69e249d9189f44b6adfb,delivered,2017-10-02 12:34:13,2017-10-05 12:28:27,2017-10-06 20:03:59,2017-10-18 23:12:48,2017-10-25 00:00:00
fa6b45bf2faae7dd3bfdad05a28e91fa,59ccd68b1552f41045c3fa7e6402144d,delivered,2017-04-17 07:25:25,2017-04-17 07:35:17,2017-04-20 12:59:39,2017-05-09 09:51:42,2017-05-19 00:00:00
81792b856e65e0a1e4782f1d7b34fede,f86147bca11f02f4e56ddb51b51cb4f0,delivered,2017-12-21 17:00:37,2017-12-21 17:12:40,2017-12-22 22:52:34,2018-01-05 18:39:04,2018-01-24 00:00:00
89b9dca459730f82d38425daf378b9e0,2951177dd2ff5f7fb550f854733d1fa9,delivered,2018-02-16 15:38:29,2018-02-16 15:50:29,2018-02-22 20:53:39,2018-02-26 12:56:57,2018-03-05 00:00:00
e3a456432c2847da83a3cfb4fa72d9db,fd79d84ccc418c200ac0633a12166a71,delivered,2017-11-21 21:40:05,2017-11-21 21:52:57,2017-11-23 21:41:17,2018-01-05 21:18:48,2017-12-08 00:00:00
5485b7aec242643d6d20665586e616e0,e1f1a6e71d316439cc80fde0b1009230,delivered,2018-06-24 03:33:48,2018-06-24 03:57:39,2018-06-26 14:59:00,2018-06-28 12:33:37,2018-07-05 00:00:00
874c1e6189681d0a986279d2055bdceb,f0c9caab08d323115a91ee5cd8c421c2,delivered,2017-08-09 20:53:19,2017-08-09 21:05:19,2017-08-16 19:17:33,2017-08-21 16:24:11,2017-08-31 00:00:00
c00c23faa6f8164515d2cb92ab49a87d,59d3236fcc52eecc14c7f6389c15ea23,delivered,2017-11-30 09:29:22,2017-11-30 09:50:37,2017-11-30 17:19:59,2017-12-18 20:05:51,2017-12-26 00:00:00
ebdfc2a2bfba1c888ea6011aec355151,4e4e36c42356635776c1638d4b46a631,delivered,2017-09-11 14:20:12,2017-09-11 14:35:09,2017-09-11 20:36:58,2017-09-21 18:07:50,2017-10-02 00:00:00
08c7b46d1dfd29f3200c439119cfe4ac,2af6e83a140873ebe51bc9beb29143a7,delivered,2018-02-25 12:28:13,2018-02-25 12:49:00,2018-02-26 18:43:06,2018-03-07 15:58:40,2018-04-09 00:00:00
ab30f399d360ddf62897051d813f887d,127db0c6508b462e3d75c81ec54ac5a6,delivered,2018-02-20 07:53:08,2018-02-20 08:10:30,2018-02-22 23:39:00,2018-03-12 21:39:41,2018-03-13 00:00:00
16da11712ebb71eea9d451ac99d0bc52,b5b7b0bb1d3963a4b731c4cfc4fa716d,delivered,2017-10-20 13:33:48,2017-10-20 13:49:47,2017-10-20 20:32:54,2017-10-27 19:57:48,2017-11-09 00:00:00
89e7c89d4642d0f6de33b1314a209e96,55c16f7e9ea3316a119a34d199c4f161,delivered,2018-05-16 07:13:46,2018-05-16 07:56:28,2018-05-28 14:09:00,2018-06-12 15:34:43,2018-06-05 00:00:00
2f913d8514e1297d2b7543d5e7a6f90d,f1d4502d91bfed06dd2dc1354a0c5100,delivered,2018-01-18 22:50:40,2018-01-20 09:07:53,2018-01-25 19:42:09,2018-01-28 16:05:04,2018-02-02 00:00:00
d7ebfa9a59497087b6f2383f00689fcf,6da7fdc344021e769a846085968f48f0,delivered,2017-10-29 22:45:35,2017-10-29 23:05:48,2017-10-31 23:44:50,2017-11-14 18:42:27,2017-11-23 00:00:00
5fdc1bf5ee308d53a4d93be57828c888,04d55ff9d3701dc37126c0d9690b405d,delivered,2017-02-13 20:21:07,2017-02-13 20:30:20,2017-02-14 10:47:25,2017-02-17 20:24:08,2017-03-20 00:00:00
c39fdd3fcd0af98b287d3c9732a7eb38,3d5b84857f33fca6a8358ca21d1817e6,delivered,2017-08-30 11:41:00,2017-08-30 11:55:09,2017-09-01 15:14:03,2017-09-05 23:46:57,2017-09-22 00:00:00
03f8a04136edb44e749e0c70e8793caa,25751e4cdda6d1c387781a1b9e93e72e,delivered,2017-06-14 10:42:20,2017-06-14 10:50:16,2017-06-14 19:42:52,2017-06-23 07:57:54,2017-07-05 00:00:00
68b73b2773ff90dc774d217f5a554680,62faee0a2a0c1b99966bdc94c12081d2,delivered,2018-01-08 15:28:25,2018-01-08 17:53:18,2018-01-09 23:32:29,2018-01-21 13:09:58,2018-02-08 00:00:00
2ebc2fcb2f8e8a378323a13893adb1eb,e94ecefbefed9b773ccda2eea3ccd040,delivered,2017-10-03 11:29:08,2017-10-03 11:49:27,2017-10-13 14:45:12,2017-10-27 21:52:45,2017-11-08 00:00:00
754ab3185845cb3b017c81b9c06165aa,b6af5bbd4465cddb6f8d3825a4d323e5,delivered,2017-09-20 13:36:22,2017-09-20 13:50:13,2017-09-21 18:32:07,2017-09-22 18:55:09,2017-10-05 00:00:00
1c2ad5f6b47949d550340116a33ef3cc,1a284e249eeb65478b4dcc8d15a8f10b,delivered,2018-01-03 12:20:10,2018-01-03 12:28:28,2018-01-10 17:17:59,2018-02-01 01:03:52,2018-02-06 00:00:00
e2c4cc7267755f2cbec6faa646f80a0d,6824e3de6e4de0ced93c58d0c2921ad9,delivered,2017-05-19 11:41:16,2017-05-19 11:55:19,2017-05-24 11:35:44,2017-05-30 06:12:52,2017-06-01 00:00:00
8a4b6a61039b6aed2d1271fccce923c6,5b4b0bda90ced96540f32f713fb55066,delivered,2017-11-29 13:39:39,2017-11-29 13:51:36,2017-11-30 19:22:42,2017-12-15 19:09:39,2017-12-19 00:00:00
487af6c1b2cb9c5259105b2388278bca,57e500590bf158a6014686a544f36298,delivered,2018-07-20 21:33:03,2018-07-20 21:45:13,2018-07-24 14:21:00,2018-07-30 20:51:16,2018-08-30 00:00:00
e972859dd2d7d7681b40ecd41a465361,f9b0e8cc11858ed04c3b6690e47e2100,delivered,2017-08-31 23:08:31,2017-08-31 23:15:18,2017-09-05 22:49:48,2017-09-12 20:54:46,2017-09-28 00:00:00
5c734ce57306bb7ff8cf9a8fc11b63d7,6a9c922c5c65bbfa983c16742e4a4a6e,delivered,2018-04-02 13:06:21,2018-04-02 13:15:21,2018-04-04 18:06:47,2018-04-05 19:09:31,2018-04-12 00:00:00
d050bb999c176f3275ed9876c64e0033,baa526bc6d733ee2f41e97e07a3a4d19,delivered,2018-03-17 17:57:04,2018-03-17 18:10:45,2018-03-19 18:26:43,2018-04-02 23:22:23,2018-04-16 00:00:00
2342c7ad7ade2a5d4af9b379289044d8,4be3b1cf113336d33a890541de5f892b,delivered,2018-07-09 13:46:06,2018-07-09 13:55:19,2018-07-10 14:13:00,2018-07-11 18:14:45,2018-07-20 00:00:00
00f426c7214575822c3cb44ea59ef0f6,f5958334207adf09817b5451cba61651,delivered,2018-07-13 07:40:22,2018-07-13 08:45:09,2018-07-16 14:08:00,2018-07-25 19:32:10,2018-08-13 00:00:00
6c23fe4c807bfd4e197fe866a197b689,52daf91e2bcac63f4b5d1300a1b112e7,delivered,2017-12-11 23:19:07,2017-12-12 00:05:04,2017-12-13 21:59:01,2017-12-16 18:22:27,2017-12-28 00:00:00
e3254323dd511d109978d37345cdcbae,988c1b699bf81d3fabc3cf8aaf8cf156,delivered,2017-12-23 19:36:37,2017-12-24 19:30:26,2018-01-26 20:32:12,2018-02-20 23:42:30,2018-02-01 00:00:00
78278e87bcd17ccb24ec5c720a19c073,8322a01dd78f4c2d3e882939070ebe29,delivered,2017-08-23 11:04:06,2017-08-23 11:15:27,2017-08-23 18:51:45,2017-08-24 17:48:34,2017-09-08 00:00:00
37aa78c2f3c77d99ef98495517766373,b555736176fc35687ca2606ff18789be,delivered,2017-06-05 15:56:29,2017-06-05 17:15:12,2017-06-06 17:32:03,2017-06-09 18:41:59,2017-06-26 00:00:00
2f4cad919c61a60ad1652a1355d3fdae,0ddca041b02e9e3f5160304e7e4d64a4,delivered,2018-05-10 18:14:41,2018-05-10 18:30:47,2018-05-19 06:14:00,2018-06-06 18:59:04,2018-06-12 00:00:00
23640b43da6ae4ac5a21782ca8c17c39,33eed39fcbb2cc8780a1599bb9f07fc8,delivered,2017-07-10 13:57:50,2017-07-10 14:23:30,2017-07-12 16:07:37,2017-07-19 16:35:39,2017-08-01 00:00:00
487b0b7a323d6f88a2ef4e194cdfd287,adb4e5bac17156ebb312828a527d9d61,delivered,2018-08-12 17:49:23,2018-08-12 18:04:26,2018-08-13 14:53:00,2018-08-23 17:48:52,2018-08-23 00:00:00
872e1ceb6beede021e8027145eefa8d2,d989fc7089c739f025fef52b7eb2c87a,delivered,2017-05-22 22:57:08,2017-05-22 23:05:14,2017-05-24 09:28:18,2017-05-30 10:46:55,2017-06-16 00:00:00
6203c81147d0139e07867d4a07e3ec67,4aaeb02c63e7a4993045fa2c4202d31b,delivered,2018-05-14 13:39:50,2018-05-15 04:12:15,2018-05-15 11:14:00,2018-05-21 23:08:38,2018-06-04 00:00:00
cadb75b4ce8646d41b77eff5faa5d300,a9b64930cc252ddc772d8fd2db472fb5,delivered,2018-05-13 18:32:08,2018-05-15 03:35:11,2018-05-17 15:23:00,2018-06-04 23:27:24,2018-06-05 00:00:00
39900b73a172015fa77a5a451c3cbc95,ef1e161c896524bd9b91e77ad5e5fae4,delivered,2018-08-19 23:28:25,2018-08-21 04:10:32,2018-08-23 14:40:00,2018-08-30 00:55:22,2018-09-06 00:00:00
fca2d3cd8d197a721028480baceb995a,afee5c7515e42d56b90259debb4ab26a,delivered,2018-07-13 22:34:14,2018-07-13 22:50:15,2018-07-16 15:19:00,2018-07-26 18:22:26,2018-08-02 00:00:00
3d422fc6d6750bc646e96641823be1e8,2061a03f190f40e42813e1c258ffc3eb,delivered,2017-04-13 21:11:04,2017-04-13 21:22:28,2017-04-17 08:47:06,2017-05-02 13:45:11,2017-05-17 00:00:00
e326a262b6e44dcbb1df6b74f9aea574,e35070616c6bd238074e2ee5131113fd,delivered,2017-10-24 12:49:41,2017-10-24 13:06:25,2017-10-25 19:57:40,2017-10-26 16:19:36,2017-11-07 00:00:00
c31c1cc9cd9ad952cbdc6310eaf88e15,1bb105baf72d2212ea5579641339d80c,delivered,2018-05-13 21:18:17,2018-05-13 21:33:09,2018-05-16 08:13:00,2018-05-21 16:56:30,2018-06-04 00:00:00
6154476750769677d2c6845cc9f4a13c,dd715553c3f98a39626ca2e3686fe32c,delivered,2018-06-20 23:04:27,2018-06-21 13:25:23,2018-06-22 14:09:00,2018-06-25 16:23:37,2018-07-05 00:00:00
4f6d5b0656f4701bba88a3351199cb14,cf0ba861eff63f6c405f6baf9f06fe76,delivered,2018-02-09 13:46:15,2018-02-10 10:08:20,2018-02-15 20:21:39,2018-02-27 00:06:57,2018-03-15 00:00:00
3b2869c5b6a037cf731d70ac76d0fea7,abbee7adad3d81e236a63c8bd72f1277,delivered,2017-08-15 21:20:35,2017-08-15 23:24:39,2017-08-17 18:33:30,2017-08-21 18:22:44,2017-09-04 00:00:00
de8a1cc20f0f3f44aded9ac6a1e8eaa1,8ad0559e9cad6b2d98210ab1c9fd4680,shipped,2017-09-25 09:22:25,2017-09-26 03:49:31,2017-09-29 16:47:27,,2017-10-24 00:00:00
6a24117d180f8b7de1ca1d5f35132ce3,f785b0a48b707292f98a12752dc7a95d,delivered,2017-04-29 10:54:55,2017-04-29 11:05:09,2017-05-02 12:56:29,2017-05-11 08:09:30,2017-05-23 00:00:00
002b430ff89b3a24c31a1170acbbedea,8d69dbf0f4dcb6c90367e0877ae94732,delivered,2017-06-20 21:55:21,2017-06-20 22:10:14,2017-06-21 11:26:14,2017-06-29 14:57:35,2017-07-12 00:00:00
8ce0356590d5276179650852e5e92eb9,5bfa69738c5ba07dde7bd439f8074be2,delivered,2018-02-14 18:47:47,2018-02-14 19:00:28,2018-02-15 13:23:31,2018-03-07 22:43:05,2018-03-15 00:00:00
dac9b7a51d7f27bbcfa19b93433f65d2,38522087a15a1fff7a96ad4ac2d4b719,delivered,2018-03-20 15:08:17,2018-03-21 02:56:23,2018-03-21 21:05:05,2018-04-02 23:32:55,2018-04-24 00:00:00
2bc7d8434e38fd99e69b2d4b88f7c638,8de64fc8fa179ff773b31c717f5fc995,delivered,2018-02-15 08:21:04,2018-02-15 16:50:34,2018-02-17 01:14:44,2018-03-11 19:51:37,2018-03-23 00:00:00
ed2c57fed139a0eca6a0204624201f0c,4623cf76f5a83537bd7d4dcd07c213a6,delivered,2017-04-19 17:26:36,2017-04-19 17:42:25,2017-04-24 14:55:48,2017-05-16 08:17:32,2017-05-18 00:00:00
3c69e47086d4cbe99a417c2d45a7aca5,a8ffa2cf2c4b3e911c953a76c4f54869,delivered,2018-05-20 21:44:26,2018-05-20 22:18:26,2018-05-21 16:02:00,2018-05-22 16:33:31,2018-06-01 00:00:00
4f7dbee2068ee41007872df9d2532dfa,52456ff5adc8e12b08b5b8ddef520339,delivered,2018-08-10 18:32:06,2018-08-10 18:44:33,2018-08-15 07:35:00,2018-09-04 03:18:42,2018-08-23 00:00:00
f73cd8a734e54187ab54efc5efa6df60,a724af9a4cf8cd50372e0f0f11a73817,delivered,2018-02-16 14:24:45,2018-02-16 14:35:32,2018-02-19 18:22:50,2018-02-28 13:35:27,2018-03-14 00:00:00
98dbf8445c584d2354afd1a0ad55c033,82532b2c41a2e45166b1e5a01d1df651,delivered,2018-07-05 10:42:33,2018-07-05 16:09:14,2018-07-05 15:49:00,2018-07-10 15:36:32,2018-08-09 00:00:00
2c922479dfa54e17760a70063a369e8a,a91a6bd11dcc87a1fa781ea828cf3bfc,delivered,2018-04-16 17:49:46,2018-04-16 19:11:42,2018-04-20 21:25:25,2018-05-01 14:27:45,2018-05-14 00:00:00
723ac9c5a1b83772c9e9cdfe4d94f5fc,48e68f9883402502055d6c41a62c5e41,delivered,2017-12-14 11:10:57,2017-12-14 11:18:11,2017-12-15 18:48:57,2018-01-04 20:25:17,2018-01-11 00:00:00
f53b39c6c91ce86717c15d8e4e5da0c2,42d1b4eb863054dcb04a019944ecd2d8,delivered,2017-01-08 09:35:07,2017-01-10 03:10:46,2017-01-10 11:53:06,2017-01-12 09:22:12,2017-02-17 00:00:00
a9850cfaa6a85bd626e548413454f108,22b9321f022b2c6574492c71012dcc2f,delivered,2017-11-28 20:16:33,2017-11-28 20:31:36,2017-12-08 12:42:05,2018-01-04 15:17:30,2017-12-26 00:00:00
c264a164325d23f657477ec6c1f0907a,03b243d7ac6a467982044dd9dddb4d68,delivered,2018-07-15 22:09:53,2018-07-15 22:24:01,2018-07-23 15:08:00,2018-07-26 12:48:36,2018-08-07 00:00:00
e7f65461e6bfbb6977c3d24ff623024e,b727b1a23df7aac384bf3b4ffabe70a2,delivered,2017-11-23 22:30:08,2017-11-23 22:37:26,2017-11-27 22:52:01,2017-12-24 19:27:47,2017-12-19 00:00:00
4ccc4e96e0fa5c35efbf9bf836ebef72,ff0d62f8be4c098e6306f39bc6ebded4,delivered,2018-06-01 15:21:45,2018-06-02 15:15:20,2018-06-04 14:18:00,2018-06-09 13:58:44,2018-07-05 00:00:00
7109277b7a33daf4d8ecd24795675ac3,df2bb2ee8165b357b15a1ada515d4597,delivered,2017-06-28 14:36:37,2017-06-28 14:45:24,2017-06-29 17:41:39,2017-07-07 17:43:35,2017-07-20 00:00:00
43a0277da1f854225ecf40b7b2411991,6dee228367b25017c502f04147a44e79,delivered,2018-03-01 22:49:55,2018-03-01 23:09:42,2018-03-05 14:09:51,2018-03-21 21:36:28,2018-03-29 00:00:00
5981fe47e1bfe9374b5c58d57ef9dbab,610afaffeb1682f6c97c3dcfde10f361,delivered,2017-11-24 15:43:35,2017-11-26 16:51:24,2017-11-29 02:09:18,2017-12-13 00:09:45,2017-12-27 00:00:00
275d77a4c30d29824ec29e90244c95f4,8eef778d4503babd0c72729b107387f0,delivered,2018-06-06 15:53:12,2018-06-06 16:14:30,2018-06-07 14:54:00,2018-06-11 17:28:25,2018-07-03 00:00:00
d69e91e2ea89d907fabc80d44be64734,3ab92b803f7011fe479bc1502d40f1d5,delivered,2018-06-13 22:20:32,2018-06-13 22:39:23,2018-06-14 15:41:00,2018-06-19 00:32:23,2018-06-28 00:00:00
035c0a7b70aeddb6865a1faa3ecd1cef,9e0c3d9fa27dcc05361fb6b771f112bd,delivered,2018-01-02 16:07:09,2018-01-03 04:14:36,2018-01-05 18:46:49,2018-01-08 16:04:55,2018-01-18 00:00:00
0c484845a32b2d44b9857ab5c1956b99,4cef993bd4c1f61b12e8a8823f20cb08,delivered,2018-04-12 14:01:54,2018-04-12 14:10:40,2018-04-12 23:18:28,2018-04-16 20:50:58,2018-05-15 00:00:00
58b67b63bcec8f5f157c17d15b724b89,7cb765c85242eea08f1aa4dd273ae02f,delivered,2018-08-15 11:52:55,2018-08-15 12:05:13,2018-08-16 14:11:00,2018-08-23 22:56:44,2018-09-04 00:00:00
1982a20c2a9d116da964e488d59eebe7,f134935ef1c94d9f955a76705011d30b,unavailable,2017-02-08 16:14:48,2017-02-09 16:25:15,,,2017-03-09 00:00:00
9cbc9568dccaf53e33a60ed966a8a94c,c3f85df1dee609015937d3d4807549cb,delivered,2018-05-03 21:26:11,2018-05-03 21:51:05,2018-05-08 12:32:00,2018-05-14 16:06:56,2018-05-24 00:00:00
64bf167fb87c4bccf7cbfde95d835ed5,1cff04e5f7309d1e3439088588d45794,delivered,2017-08-18 06:47:24,2017-08-22 04:10:53,2017-08-22 18:08:03,2017-08-25 20:59:46,2017-09-08 00:00:00
ff850ba359507b996e8b2fbb26df8d03,219399e5496f8ca1dc6f68753131c084,delivered,2017-08-06 19:38:00,2017-08-06 20:20:07,2017-08-08 12:23:16,2017-08-21 22:15:41,2017-08-31 00:00:00
99aa8e638a0b9c72a30f52a0018c1e41,cca76cf5843954f90141bb998c1d58fc,delivered,2017-07-08 18:09:27,2017-07-08 18:23:17,2017-07-13 21:48:36,2017-07-18 21:42:45,2017-07-25 00:00:00
0749c820395dd586556efd230c9d1bb9,5248d3a86f1b9bfe42ed12027d84b454,shipped,2018-07-04 13:12:48,2018-07-05 16:25:09,2018-07-05 12:01:00,,2018-07-19 00:00:00
3f708b582c7040dabf08966da9400649,5086db9b5b639d5b5a71a29df7d788dd,delivered,2018-03-30 22:50:50,2018-03-31 22:47:24,2018-04-13 18:51:47,2018-04-14 17:58:28,2018-04-27 00:00:00
e3042fda9ca1eec3bfd3ec1d352cee94,36f6b2e26dcacdc9010ce35092b01674,delivered,2018-02-12 14:39:37,2018-02-12 14:50:49,2018-02-16 01:42:44,2018-02-21 21:41:40,2018-03-09 00:00:00
70fd326c5cd0a2e95b8f8a457d62ee8c,886cfcb187d4931fc041ccd989df49fb,delivered,2018-07-27 15:24:22,2018-07-27 16:31:03,2018-07-31 15:02:00,2018-08-07 12:36:24,2018-08-17 00:00:00
6b13656ef58757ab087064a5a263441d,9f330d42596f0b57e974509bac9c17da,delivered,2017-05-18 12:13:20,2017-05-19 02:15:22,2017-05-19 10:57:37,2017-05-24 16:44:33,2017-06-08 00:00:00
43287b982ba6d7d5776d6220665ed2f1,1f90cd0db9aed93dd044876e178c2425,delivered,2018-01-16 23:18:30,2018-01-18 02:11:59,2018-01-18 22:00:29,2018-02-08 22:26:04,2018-02-06 00:00:00
cd503c4ebaea202ada676515dad4d180,f97160beea1a75452c6c192f9e6135cc,delivered,2017-07-18 16:50:12,2017-07-19 07:25:47,2017-07-20 11:13:32,2017-07-28 17:09:37,2017-08-09 00:00:00
e6547213be0aa7f2ebefd6ca62b1484c,cfd131bad1e8bc1cfb00b1f28f548147,delivered,2017-12-20 13:04:18,2017-12-21 02:10:55,2017-12-21 18:24:47,2018-01-04 22:44:05,2018-01-17 00:00:00
471203d247e323c6eeb7ddbea92e69f4,59e37465dbff42391e05940a53dcbd3f,delivered,2017-06-08 18:35:17,2017-06-08 19:03:39,2017-06-09 16:02:31,2017-06-22 14:24:37,2017-07-07 00:00:00
4b21c757f8c1a51d41c1653e15d8f289,cf8e348c6494786b1090cc70f23b2e5f,delivered,2018-03-31 13:43:34,2018-03-31 13:55:20,2018-04-02 20:27:10,2018-04-07 14:42:27,2018-04-12 00:00:00
b9b90be72479c512c6ab9824a1ce256c,eef17c66b2901892bc82af4ccbf1d70c,delivered,2017-09-13 11:58:28,2017-09-14 11:55:21,2017-09-19 15:58:06,2017-09-27 16:44:29,2017-09-29 00:00:00
b7a4a66ce73fd0c32b0e380f5134d977,f8c36af7264a536d9e04e41c819ea41a,delivered,2017-10-23 21:22:27,2017-10-23 21:35:15,2017-10-25 12:33:23,2017-11-03 19:38:39,2017-11-10 00:00:00
9275f351bb1115ae52dd93a883607ce8,cb4b5930e335dab5d818d5888f5dede7,delivered,2017-08-01 21:52:31,2017-08-01 22:25:16,2017-08-03 19:29:30,2017-08-09 14:59:59,2017-08-28 00:00:00
f9bdbd23ce1300c00fbe319f518dcd74,d8583ba686f2196aba5bc31f896bd8ff,delivered,2017-08-16 16:49:59,2017-08-17 03:06:07,2017-08-18 16:43:47,2017-08-28 20:07:31,2017-09-20 00:00:00
ea4b6713b8009eaeb7d72827ee097dc0,d53f4eb24571b232822f08a0ad906037,delivered,2017-07-04 19:08:30,2017-07-05 17:40:29,2017-07-06 14:27:37,2017-07-14 19:29:48,2017-07-26 00:00:00
caaf47e44c959a733f8665acac275e69,66a6706f055fab5821f25b0cb8b02c15,delivered,2018-06-11 20:59:33,2018-06-12 05:16:42,2018-06-22 14:02:00,2018-07-06 19:38:44,2018-07-18 00:00:00
c4b59df9433d6b495858b721fa6008d4,d664e47f8c211a8dfd59924bc6256834,delivered,2018-07-22 17:03:20,2018-07-23 11:32:00,2018-07-24 13:44:00,2018-07-26 17:26:55,2018-08-06 00:00:00
9a96e09dbc7db0c91c8534a4e3832664,2de8a75c5820858b2d014490d5209fcf,delivered,2017-09-20 20:51:11,2017-09-20 21:05:12,2017-09-22 18:19:17,2017-10-04 20:48:41,2017-10-24 00:00:00
44d316d2e1eb305ec56acf91ab65b82a,e4466ff52d6fe124514d6e0365d40924,delivered,2017-04-04 19:28:08,2017-04-06 02:45:36,2017-04-06 13:09:36,2017-04-11 16:56:11,2017-04-25 00:00:00
868368a37fa61f7147c73d271f0f7d81,c0f69e5b64bd59d051167278a16b1362,delivered,2018-01-11 19:54:27,2018-01-11 20:07:28,2018-01-15 17:59:20,2018-01-27 14:25:09,2018-02-06 00:00:00
4a23fbea65fe9c7d1163141340436ca0,1b7acfc0a6269b3a0b573bf43648ca35,delivered,2018-08-09 08:17:42,2018-08-09 08:50:31,2018-08-09 14:58:00,2018-08-15 22:48:30,2018-08-23 00:00:00
6507e6d141c37a9f7813b5432ba24844,1a2dcd73a29c02da2571be39f7f77765,delivered,2018-06-21 08:59:32,2018-06-21 09:17:53,2018-06-22 10:38:00,2018-06-27 13:36:27,2018-07-18 00:00:00
bc2a8c1c173cad4d61d1c8419ed71110,daffd33c9c28f5568d0b16153d4eab9b,delivered,2018-04-07 21:37:46,2018-04-07 21:50:07,2018-04-09 18:03:45,2018-04-16 18:51:41,2018-05-03 00:00:00
a9ada7abcca958b99713b0cf42dc5c4c,5c60cb728486849503147328e610ab4d,delivered,2018-07-22 13:07:20,2018-07-23 11:31:30,2018-07-23 18:11:00,2018-07-24 23:08:28,2018-08-01 00:00:00
84a1a8e9b6cf26aee8cb39ffb391362f,cf8eccf3a8f869c99693c1acb74363b8,delivered,2017-09-17 19:14:25,2017-09-19 04:05:43,2017-09-20 20:22:25,2017-10-11 22:04:03,2017-10-17 00:00:00
cf32a9f2d342e42ac9058f9a0fac6330,d6055273a26289783f5cccefba271ef7,delivered,2017-11-27 13:42:18,2017-11-27 14:18:37,2017-11-29 00:34:47,2017-12-01 16:13:06,2017-12-18 00:00:00
29e0119d96b893bbfd5ecea741a06835,33af373e9aba7e262bf924d87d50f117,delivered,2018-02-26 12:57:10,2018-02-26 13:10:55,2018-02-27 22:09:27,2018-05-10 17:54:38,2018-03-21 00:00:00
94d98977316e4a4775c4d7dc3f94e326,0b0d5ae8e7aba592f9c9dd016f74e884,delivered,2017-07-13 09:40:56,2017-07-14 06:43:54,2017-07-18 15:06:49,2017-07-27 18:52:00,2017-08-10 00:00:00
b3dfe377ea8a76c9efd1f7053abbcb67,82fe15dec473d9f770220ec4641a84dc,delivered,2017-08-18 18:57:50,2017-08-18 19:10:19,2017-08-21 14:14:56,2017-08-25 15:58:56,2017-09-08 00:00:00
ea7835f19dc6af291955d6e270d443f4,d5c70e33b26d11965027895a8e8cb748,delivered,2017-10-26 09:49:40,2017-10-26 10:07:43,2017-10-27 20:13:57,2017-11-09 15:14:49,2017-11-30 00:00:00
62fb68c86804042f32e43982f71ebb1d,a7d57addeb2318a047fac951b35db06a,delivered,2017-10-14 11:35:57,2017-10-14 12:13:19,2017-10-17 20:18:01,2017-10-26 19:13:45,2017-11-06 00:00:00
11747955e7a8b046f04598f2ad8e337c,55a186d87435d0bbc44e79d149fd4d30,delivered,2017-08-30 00:10:29,2017-08-30 00:36:06,2017-08-30 14:52:36,2017-09-12 18:57:53,2017-09-22 00:00:00
e1e7bf45ba3cdff55983f9c1741384a0,357d68b341e4f439ca00574b3288f931,delivered,2018-08-07 14:59:39,2018-08-07 15:10:19,2018-08-08 16:38:00,2018-08-13 14:32:01,2018-08-17 00:00:00
e3f2faf5604308ede614257aeb86ccf8,ca8493599537f0eaea865bf482491b9d,delivered,2018-05-16 15:35:52,2018-05-16 15:59:46,2018-05-17 12:48:00,2018-06-01 16:58:19,2018-06-01 00:00:00
72dae7e56901083df5f2cb3dd2d4841f,ebd0a03792856e6dc6dfef1fe8b522cd,delivered,2017-06-18 14:11:37,2017-06-18 14:23:10,2017-06-20 12:35:55,2017-06-22 10:45:55,2017-06-30 00:00:00
39863c5c4361d19d8c48522f77fb3bed,1a0b3aac9e3bb37ee6ecb39d97f5eaed,delivered,2017-07-25 13:52:07,2017-07-25 14:03:21,2017-07-28 19:26:42,2017-08-03 20:13:04,2017-08-16 00:00:00
a2a91e0cab81f50fd109a557ee1d92c8,d2be4369263b5ac03ffff07e2aa63967,delivered,2017-04-27 10:42:30,2017-04-28 11:44:46,2017-05-02 16:27:20,2017-05-08 09:04:49,2017-05-29 00:00:00
97fe31438f653dfaeb8cb39c933a22dd,cf0e80779e12f785cf99cb6cafba8e3d,delivered,2018-02-15 19:18:10,2018-02-15 19:30:50,2018-02-20 20:43:51,2018-02-22 13:58:36,2018-03-01 00:00:00
0b137ac032763829e728afcfee3ac3f2,b2bef38366dc077d98cbc04d439fa233,delivered,2018-07-01 20:25:18,2018-07-01 20:35:14,2018-07-02 14:34:00,2018-07-06 16:26:33,2018-07-18 00:00:00
b0f8126b6f93fb75365140979fb5d865,5a2fbf63df18332fdb0d28cc812e8393,delivered,2018-04-04 10:37:24,2018-04-04 10:49:17,2018-04-07 01:08:29,2018-04-12 01:25:52,2018-04-23 00:00:00
2865f21ecfed100829d47451fbff2ec5,8d4fb23fe96d3851e4f2ede32cd6a4b3,delivered,2018-05-15 11:09:02,2018-05-16 03:35:26,2018-05-17 12:52:00,2018-06-12 23:41:59,2018-06-11 00:00:00
c575d4ac51a449488b640e19092ab952,1148f617d60f82ac1387eb4b2332530a,delivered,2018-02-28 13:24:15,2018-02-28 13:35:35,2018-03-06 00:08:38,2018-03-09 21:36:27,2018-03-19 00:00:00
8aee9dd7a741296bbc17f17fda6c1a57,2ee85e880c44486eddac3fc64c33b9d1,delivered,2017-11-27 23:42:00,2017-11-27 23:51:25,2017-12-01 19:42:02,2017-12-11 14:51:55,2017-12-20 00:00:00
01b84214591ddd4edad9fa4a1f344f84,828c30ae3a51aea1d168e88e6e735bf7,delivered,2018-01-03 19:12:28,2018-01-03 19:27:03,2018-01-04 16:36:40,2018-01-16 02:33:43,2018-02-01 00:00:00
1abe7fd5dfa459b6d9ffcf465d5e39b1,660159c6fc85777811e378270024fb83,delivered,2017-11-11 12:20:20,2017-11-11 12:30:51,2017-11-17 00:51:55,2017-11-23 17:22:04,2017-12-07 00:00:00
b93500c13882d8874fa1d03641499551,db888d32c02d6e2480834937d0485ed7,delivered,2017-08-18 16:43:22,2017-08-18 17:05:15,2017-08-21 14:15:39,2017-08-22 14:03:08,2017-09-04 00:00:00
f838a927949e184c27e9965fdb239fcf,adaf22826d5921da0c7f050ca0015c4f,delivered,2018-08-06 22:18:08,2018-08-06 22:30:10,2018-08-07 14:32:00,2018-08-10 23:03:15,2018-08-17 00:00:00
12ca562090f2708ccd57fbbec8f8d975,4b4a29e4ecaab53d5005458117e173ec,delivered,2018-05-03 14:00:42,2018-05-03 14:14:46,2018-05-04 09:04:00,2018-05-05 15:03:48,2018-05-15 00:00:00
1a7a280eca13140d779d2f43ea48c15f,2a2e5da410ee444f71ad3655ded22c9f,delivered,2018-08-16 18:56:19,2018-08-17 03:15:11,2018-08-20 08:04:00,2018-08-22 14:42:40,2018-09-21 00:00:00
3c1241a1be26ab60ec48baeca3cc7037,871c4c3584c3e057fdf37d85f24ab594,delivered,2018-01-21 11:06:49,2018-01-22 13:47:14,2018-01-23 20:52:40,2018-01-28 19:36:39,2018-02-20 00:00:00
38f6298aa79584030ff9a7a12d4ef6fa,a3a848099cc4077d5b5950c36eeb469c,delivered,2018-06-08 13:43:52,2018-06-08 14:54:04,2018-06-11 14:29:00,2018-06-15 19:21:05,2018-07-11 00:00:00
72d92e444e5ae71da33e1ca59fb9f8a8,911f3d97487d2d823bb88015b5a61b84,delivered,2018-01-13 10:51:14,2018-01-16 03:38:44,2018-01-18 12:42:43,2018-01-19 18:19:27,2018-02-01 00:00:00
4329016afd45b81e9b8368062208dc76,5b6d5d8a6516b6037fcbcecda40e9c92,delivered,2017-12-07 18:36:52,2017-12-07 19:22:19,2017-12-12 16:09:49,2017-12-15 18:29:10,2018-01-02 00:00:00
835132b61f09eb393ea7fb85c61bd572,cd9777ad835df5e47c10aa975226e716,delivered,2017-12-20 21:11:47,2017-12-20 21:29:57,2017-12-21 17:38:54,2018-01-17 17:09:26,2018-01-22 00:00:00
100ba6d6b73b6ff81956ec722bc10fc5,977a42394ae3bd12081fdcfc3de5f695,delivered,2017-07-02 14:59:46,2017-07-02 15:10:15,2017-07-04 15:37:34,2017-07-11 18:20:02,2017-07-27 00:00:00
ee49a90338eb325a8ebf67fd48663632,fc01c82a43b55967223e6d39405624e5,delivered,2017-10-02 16:52:02,2017-10-02 17:04:46,2017-10-09 18:50:05,2017-10-19 21:07:56,2017-11-09 00:00:00
8eeaa67e826a9308e63f4436bf00a8f2,e6b9210d8d6ab1404223c31b0fe6a7b9,unavailable,2018-01-05 09:12:11,2018-01-05 09:27:25,,,2018-02-07 00:00:00
94e459b09b747f2d80ddefe0e438d4cd,73948555e2ccaf80d48a3b1f736c5c84,delivered,2017-03-27 20:13:09,2017-03-27 20:25:17,2017-03-30 15:05:22,2017-04-04 13:30:22,2017-04-18 00:00:00
f10d89887008fbf26e4ac9027716360f,6840f754fa78d5ba067c03ea53ae8a30,delivered,2017-07-18 01:48:56,2017-07-18 02:04:18,2017-07-18 21:32:38,2017-08-04 13:34:56,2017-08-11 00:00:00
aee899bef70c38166f036221fb190744,60b8f97b6eb90e76c3ea399ae4944aef,delivered,2017-11-16 19:34:23,2017-11-16 19:56:34,2017-11-20 14:26:48,2017-12-05 23:19:08,2017-12-08 00:00:00
ec33c3443b392906a9f78c84c93db4ba,a6676a384dea1c10564fcfe31cde0408,delivered,2018-05-10 10:08:03,2018-05-10 10:32:51,2018-05-10 14:12:00,2018-05-11 13:22:32,2018-05-23 00:00:00
f9e61c9f8bc46b085a411f4b83a3f657,315f4de9cae96fc9ba58d50b778e7e58,delivered,2017-05-31 02:25:24,2017-06-01 02:35:14,2017-06-05 14:18:10,2017-06-09 11:54:53,2017-06-23 00:00:00
c3ea5c5d0f6da616026d4cee6df674a5,0928350f4927941ebeaf342287da507c,delivered,2017-06-25 22:58:15,2017-06-25 23:10:07,2017-06-26 16:23:13,2017-07-01 11:47:58,2017-07-28 00:00:00
3683eb727daa8e1c605aeabd87b02445,e9d097338840a88d7fe49b922e270fa0,delivered,2018-08-05 22:22:50,2018-08-07 04:10:14,2018-08-15 13:06:00,2018-08-16 16:14:31,2018-08-14 00:00:00
d59d667327f6340bdea79e39c63893ad,97b2ffecc0133a682b181e1f48fa0654,delivered,2018-01-30 15:20:00,2018-01-30 15:35:24,2018-01-31 21:33:46,2018-02-02 23:16:58,2018-02-15 00:00:00
c65d58d799052b1354bb0a7063b29621,7897c2b0a7cb0636ec2d75020c14c1a5,delivered,2018-06-01 10:24:52,2018-06-02 03:35:15,2018-06-05 08:53:00,2018-06-18 09:33:52,2018-07-16 00:00:00
cf2d94adef7bf9ffe6efd9c6413eb69e,a48095953c2c52f5900151d001daa464,delivered,2017-08-06 19:13:12,2017-08-06 19:25:20,2017-08-09 20:24:44,2017-08-14 19:52:24,2017-09-05 00:00:00
6644c3cbafddb2afeadec90afcd51454,998061465ec6c530709ed291333da28c,delivered,2018-02-11 12:21:17,2018-02-11 12:30:29,2018-02-15 19:56:30,2018-02-19 21:43:48,2018-03-16 00:00:00
9e0ce3f44bcfc81171be7c5362887b80,0940b98f5162963ae1885fcc71f6073c,delivered,2018-07-05 08:49:10,2018-07-05 16:33:19,2018-07-05 15:03:00,2018-07-09 19:14:33,2018-07-25 00:00:00
cea4a13d87d71c7fc5ed35c588ce28b8,77faee5dfb910550f2f3be9f2c615d8a,delivered,2017-02-09 17:25:13,2017-02-09 17:35:18,2017-02-10 06:32:24,2017-02-14 08:37:35,2017-03-08 00:00:00
2d57b1f21a3ec32c23b4d6e95870e4a7,b83ef9a2dc0cb8e6ab7c8db9d3ebce24,delivered,2017-11-28 01:20:00,2017-11-30 07:55:19,2017-12-11 16:48:22,2017-12-22 19:09:13,2017-12-21 00:00:00
4967290be75b3d8578beea482d48ceff,5172a004d508579b498afbb0edc2a7aa,delivered,2017-07-18 17:37:05,2017-07-18 17:50:24,2017-07-24 19:59:33,2017-08-01 19:47:22,2017-08-16 00:00:00
9a29bfd9264ed56f941e188f6b97bb97,7d19cf02f00880944c5622eb2cae3834,delivered,2017-11-14 10:29:51,2017-11-15 02:51:09,2017-11-17 19:35:02,2017-11-24 14:58:53,2017-12-11 00:00:00
38fd87d994221fb9d75ccd3af4b12b46,422ff8c7d9b772e324baad14ffbeaf96,delivered,2017-08-29 14:08:22,2017-08-29 14:24:42,2017-09-01 19:08:59,2017-09-09 17:09:05,2017-09-27 00:00:00
47bcc66b360244699053868c95917bd7,6107b1307038a1ce0780b1ac1653fceb,delivered,2017-11-23 15:01:48,2017-11-24 03:12:13,2017-11-24 20:42:59,2017-11-30 21:44:46,2017-12-15 00:00:00
a9b40a5190a294e3d8f733c1caf32934,533363729bbb70f47f8324cc1079350a,delivered,2018-02-28 10:40:10,2018-02-28 10:55:34,2018-03-01 20:02:59,2018-03-05 19:11:43,2018-03-20 00:00:00
8c0464e7da83f3138bfff17574a840b6,2c60c3c170d57a625c8e9b07e30cf507,delivered,2018-08-17 13:47:44,2018-08-17 14:35:18,2018-08-20 15:25:00,2018-08-22 23:56:30,2018-08-24 00:00:00
fde43c8d10a125abbbc0b5e8e1c9d779,90aae7cae26e53acf3981e1de033e188,delivered,2018-02-06 13:17:18,2018-02-06 15:50:38,2018-02-07 17:56:51,2018-03-08 16:53:48,2018-03-16 00:00:00
46ad8f532d3f76a1747288a6a5a88a18,0924789d2effb3f418c9e8148ae5a5af,delivered,2017-10-09 10:54:15,2017-10-09 11:14:08,2017-10-11 20:58:13,2017-10-25 18:47:02,2017-11-08 00:00:00
3ee6694bb99d5a6db0deceffcd099597,127237a4aa0bd9ecc09015f781c9fc27,delivered,2017-07-07 11:22:13,2017-07-07 12:25:07,2017-07-11 18:15:40,2017-07-11 17:41:26,2017-07-20 00:00:00
daf3d34986ea6ba8b098570a1951677f,208cd697668b60abf6c27a842542f29e,shipped,2018-07-09 20:38:36,2018-07-10 20:35:09,2018-07-11 13:48:00,,2018-07-25 00:00:00
0a70b96b1997e3c8953bfa4254ad1144,2e40ab493582930b739c8a2b2a08b54f,delivered,2018-03-10 15:22:20,2018-03-13 04:15:46,2018-03-19 12:51:52,2018-03-28 14:56:53,2018-03-28 00:00:00
580f3268bc2075c5961b2d2929c7a35b,ce37390d21ccd85e25c90ba634097c29,delivered,2017-09-01 20:17:09,2017-09-13 22:03:42,2017-09-05 11:58:18,2017-09-18 17:52:20,2017-09-25 00:00:00
0faf27f68362829970b17e9b0989b20d,dd1239e9f1ec85658411937ae783f6c7,delivered,2018-08-09 22:53:02,2018-08-09 23:05:08,2018-08-10 14:07:00,2018-08-15 15:33:44,2018-08-23 00:00:00
27d0167780910831455af6f6bfc7179e,ad1b638693b03bdda5f8a9cb6d8a000e,processing,2017-03-30 11:13:22,2017-03-31 02:10:21,,,2017-05-09 00:00:00
1756895428025c2821aed95304b24fab,5a90682cd27ad9775778b346b7d53044,delivered,2018-01-22 16:15:09,2018-01-23 03:38:57,2018-01-24 19:19:00,2018-02-05 15:37:03,2018-02-21 00:00:00
489b43fc6f7840318ee5d83ee35b86c1,2e6ba659dcf054ba8087f739effcab5e,unavailable,2017-03-06 19:06:47,2017-03-06 19:22:52,,,2017-03-23 00:00:00
520a772c685704aec515546f7a098ea9,919af88e1a7b7b4dddd2a0151a1de826,processing,2017-12-23 19:00:58,2017-12-23 19:07:46,,,2018-01-29 00:00:00
f9cda286ca417062ff15bf5d63fbc70c,7b2a178190dfc4efadeccb75fc833074,delivered,2018-05-21 17:25:11,2018-05-21 17:56:47,2018-05-22 10:49:00,2018-06-06 20:37:37,2018-06-11 00:00:00
2a430c80705b17c17f1e9e5b138e52d5,1775c6a9cee49f8881c1d4d3e1e0bc53,shipped,2018-02-04 18:01:23,2018-02-05 11:36:09,2018-02-06 20:46:00,,2018-03-13 00:00:00
45a96807a564f55507a8af6eaf3eb602,0edf76acf81689f330973dd29c6e2093,delivered,2018-04-02 09:00:25,2018-04-02 11:48:42,2018-04-03 15:52:00,2018-04-23 17:17:54,2018-04-25 00:00:00
48fcb88788cb3df0296a5dcf8f95ac68,fffb97495f78be80e2759335275df2aa,delivered,2018-01-16 14:51:35,2018-01-16 15:09:51,2018-01-17 18:18:41,2018-01-26 20:16:41,2018-02-06 00:00:00
2db1e25288f9a89e2ed181d8b6216f4a,0d3fdbd4697ff7426b3d0fbebafa60c1,delivered,2018-04-11 23:17:07,2018-04-13 02:31:48,2018-04-19 15:38:23,2018-04-30 11:22:47,2018-05-09 00:00:00
5b018cb93699b67367756f17e0a383a8,b8f6934b2c3cc47158ec691d288b04f0,delivered,2017-09-25 15:21:20,2017-09-25 15:35:37,2017-09-26 18:54:51,2017-10-02 16:49:16,2017-10-23 00:00:00
35147acb423f303e15d12cfa60292799,1be97ded06a3b15e8bc7d21641c7dcb0,delivered,2018-04-18 18:13:54,2018-04-19 02:31:57,2018-04-19 21:46:47,2018-04-27 21:38:58,2018-05-15 00:00:00
c378d1766ed412f14e38a4fd8547f9e9,4b0dbdea9ec36d6a05622ae783368715,delivered,2017-10-05 11:59:00,2017-10-05 12:07:19,2017-10-05 17:22:46,2017-10-09 17:38:53,2017-10-24 00:00:00
75ed575ff4b09f901b32e4e7c0f809fb,ff4abe97b3faf9cfaf3c96b04e2a7101,delivered,2018-01-11 16:52:03,2018-01-13 04:54:20,2018-01-22 21:47:56,2018-02-05 13:00:03,2018-02-07 00:00:00
057c9f435d8e14fda9a72b7bbf8b381d,92ad887388f84f3df2ba6b2249cecc3a,delivered,2018-04-24 23:52:11,2018-04-25 00:11:29,2018-04-27 14:47:00,2018-05-02 15:09:05,2018-05-21 00:00:00
04378b376807e5fbc797362f9e06ea2d,59a972de56e32837ef21cada8664ddc2,delivered,2018-04-15 11:54:06,2018-04-15 12:10:45,2018-04-16 19:27:40,2018-04-24 19:36:36,2018-05-11 00:00:00
8d682b67c7d1f4f55ec6440ca340c233,77b4e2a15303756cc2a3b4a5d2dd3460,delivered,2018-02-07 23:55:11,2018-02-08 01:35:37,2018-02-15 20:12:09,2018-03-13 12:03:16,2018-03-19 00:00:00
54797a712266c03924f8da87ff635b14,4dd7ad59ca568506d37109b703b0c9b6,delivered,2018-01-05 11:09:28,2018-01-05 11:27:25,2018-01-08 17:37:56,2018-01-17 20:56:52,2018-02-08 00:00:00
467c282eaf90379509d1be19f71b2d2d,c52fb6d36696440796d611fe20c7799a,delivered,2018-01-05 23:04:00,2018-01-05 23:40:19,2018-01-08 19:33:19,2018-01-16 00:21:37,2018-02-01 00:00:00
3ad2e13d56e3d1d5078077f694885efd,bbef3ef694012e2bab3cc7ae43e063e0,delivered,2018-02-02 10:23:01,2018-02-02 11:30:44,2018-02-03 00:48:43,2018-02-17 14:37:02,2018-03-08 00:00:00
c5874d438cf199ea7c0f27967f6cf462,014fb09b34197c57ae3c77a43d18475e,delivered,2017-11-26 14:41:13,2017-11-26 14:53:01,2017-11-29 23:08:37,2017-12-01 17:28:43,2017-12-15 00:00:00
e05885007043bb1e8f723ff2d4f5aa4d,9970950b99d6e4d72f5f8d2843099733,delivered,2018-04-01 00:39:57,2018-04-01 04:10:15,2018-04-03 23:46:33,2018-04-17 00:02:45,2018-04-25 00:00:00
919478165f319106c2cd5c2d85ec666f,78b878c28045a5e31f1a1fc7e43dc489,delivered,2018-03-11 00:25:14,2018-03-11 00:35:31,2018-03-12 19:33:29,2018-03-29 17:12:06,2018-03-28 00:00:00
349021a1c38809e4b11418c2f8586c97,3da978bdc9235f7e0b3ae3e0415bbdc1,delivered,2018-04-07 09:08:26,2018-04-07 09:15:18,2018-04-10 19:50:53,2018-04-12 20:58:39,2018-04-25 00:00:00
1dae4ac9e374d9eba3736f7f8616266b,4e48950dc929261767232307f8fb3306,delivered,2017-11-28 17:45:38,2017-11-28 18:56:56,2017-12-01 00:58:39,2017-12-07 18:38:49,2017-12-22 00:00:00
66b9c991ee308f9342f6a7f63bb68251,0b16ce67087d02bf833c807e82b1992b,delivered,2018-02-11 14:23:55,2018-02-11 14:35:21,2018-02-19 22:13:21,2018-03-05 18:25:02,2018-03-14 00:00:00
0094bd07f49fed90209ffa62d1ef26d6,de0c1a4d8c367c58d66e61dfa379f4cf,delivered,2018-05-01 02:04:16,2018-05-03 04:12:53,2018-05-10 19:19:00,2018-05-16 21:12:15,2018-05-14 00:00:00
381d16906fcc904fe66028d7438ebc3c,26bae6c90b4b6d9a7260381fd825f8b2,delivered,2017-07-05 23:46:38,2017-07-07 02:44:19,2017-07-07 16:07:00,2017-07-11 19:25:37,2017-07-27 00:00:00
3619a458c860886f0ec0a5b79ee5ad41,3fcc800884c4d07dd9b2bef74aa1a767,delivered,2018-03-01 13:52:21,2018-03-01 14:09:57,2018-03-05 20:57:02,2018-03-27 00:41:44,2018-03-19 00:00:00
9626ba1be44d8a10039916f18f20abf4,3d844101c1139f3f062e266bb772b529,delivered,2017-10-19 08:10:10,2017-10-19 08:26:19,2017-10-20 22:43:48,2017-10-30 18:17:48,2017-11-17 00:00:00
7fad4942eb2e0461140e94f51a3e5053,68b5fa82c5fd05f8669473eb1a88a48f,delivered,2018-07-21 16:02:24,2018-07-21 16:15:14,2018-07-23 11:39:00,2018-07-24 18:28:49,2018-07-31 00:00:00
5f3af433b422f8039d6985ff87ba847e,858b83c3311b466f345309e5198ac663,delivered,2018-08-16 11:08:17,2018-08-16 11:24:02,2018-08-21 15:54:00,2018-08-25 15:41:51,2018-08-29 00:00:00
43eb55273f90173602132799e81d95e2,39f021a5b9c2d0ee4533c4e62c702a3d,delivered,2018-08-19 17:35:45,2018-08-20 12:35:43,2018-08-22 12:35:00,2018-08-23 19:44:43,2018-08-24 00:00:00
cb7f0cda95b4c257c28e22496c219f5f,9361e922e3dfb157d65ed5bd5f4d2774,delivered,2018-05-01 21:13:07,2018-05-01 21:35:47,2018-05-03 06:32:00,2018-05-04 22:04:07,2018-05-15 00:00:00
960f19e6582d2068f7e443036d3a48db,34e69e90823816007ac5518a17f89dc1,delivered,2017-02-20 17:49:43,2017-02-20 18:02:40,2017-02-23 08:26:13,2017-03-02 09:13:53,2017-03-21 00:00:00
19d64e865802a5330304560f7476b29e,d7aa0f10fc74a9cb305ff3bac2391730,delivered,2018-04-11 18:35:22,2018-04-12 06:50:19,2018-04-12 21:48:23,2018-04-30 21:51:42,2018-05-15 00:00:00
63ec341d048559b0cb4216945930a486,f51c617d5ac6309979b1c223ecacf9b4,delivered,2018-01-21 23:09:42,2018-01-22 14:03:36,2018-01-24 19:52:51,2018-02-01 13:42:04,2018-02-06 00:00:00
066bcda20b88b5f4d4870b32a387f822,dad80e24bb5ca55d7be9d9f94e174a5a,delivered,2018-07-30 19:16:25,2018-07-30 20:04:28,2018-08-01 11:27:00,2018-08-06 17:18:35,2018-08-23 00:00:00
2d8e4baffe6056f0800c1d99f2960384,12a46f2f608edc0e101b843357ef9344,delivered,2017-06-08 20:02:42,2017-06-09 19:55:15,2017-06-20 13:18:13,2017-07-07 15:23:17,2017-07-13 00:00:00
4f8c0aad507bf7d1561641f3208cb43b,85a7f0da8230a816465a0761365e660b,delivered,2017-05-21 21:17:13,2017-05-21 21:30:16,2017-05-22 09:15:29,2017-05-24 12:37:45,2017-06-02 00:00:00
72bc9911258ab2d985943cde67ce4883,44a3bf8479ea498b81dfc90ca823e4eb,delivered,2017-03-30 23:41:34,2017-03-30 23:50:16,2017-04-10 16:38:16,2017-04-18 08:56:20,2017-05-09 00:00:00
7a0caf0ff12b2c5b07c8c653fb6ff5c3,69479f98f213588f640333ac526c8dbc,delivered,2017-09-03 07:48:51,2017-09-03 08:04:12,2017-09-04 19:12:20,2017-09-11 18:28:04,2017-09-21 00:00:00
844e12775ac8e461b63b4b1d225bb53e,0aff8fa1aa20ee1c70cbce19d7012a70,delivered,2018-01-27 10:35:58,2018-01-27 10:55:01,2018-01-31 02:58:43,2018-01-31 17:43:15,2018-02-14 00:00:00
6ae192daf1b6e9b99225e7300b79df48,ac12022931d88a2a8688a62d0f583f51,delivered,2017-09-02 20:38:01,2017-09-02 20:54:30,2017-09-07 00:04:23,2017-09-12 17:55:30,2017-09-27 00:00:00
dbf84a758b184e6b2db6068e7cda2a11,2d4bb41e36a71f12848d9f85655d4eba,delivered,2018-03-14 00:40:36,2018-03-16 16:10:36,2018-03-19 18:16:26,2018-04-16 17:08:51,2018-04-05 00:00:00
5737604cef8903a35b0b21ee477cfa22,f6625f51a1c8faeba24be89b628d7f71,delivered,2018-03-20 15:45:50,2018-03-20 16:29:25,2018-03-21 19:27:38,2018-04-13 19:19:31,2018-04-16 00:00:00
b643bb8d0f0c4ba0f834e7efd4f095b7,9567ac5412f0f3a59a4424341692c398,delivered,2017-11-27 22:39:31,2017-11-27 22:57:27,2017-12-01 14:41:54,2017-12-15 15:48:46,2017-12-28 00:00:00
659931410d19a914a52ca0a46bc7992a,5ffc28dba523459f96579e4af297055b,shipped,2017-11-18 11:18:48,2017-11-18 11:32:58,2017-11-22 13:32:36,,2017-12-01 00:00:00
31c2a1051b9b9899d82d9b980ec8775d,54bbff656de1454e0926dfe57185ab92,delivered,2018-02-24 11:46:26,2018-02-24 12:08:11,2018-02-27 20:18:47,2018-04-04 01:38:49,2018-03-16 00:00:00
67c4fb37550e156c42ebafde460fa354,5e765dec5f63120d512eda39cba7574b,delivered,2017-05-07 18:40:28,2017-05-07 18:50:20,2017-05-11 13:57:46,2017-05-22 11:32:53,2017-06-06 00:00:00
6a93b0cb6a5a2c7732677334a4535a1d,bc3b4deda79fae642a7e529381e870ed,delivered,2018-04-11 03:46:10,2018-04-11 03:55:07,2018-04-13 16:17:48,2018-04-24 20:38:33,2018-05-08 00:00:00
c86ec4cb10140cc7588fc65d09c279ac,13380a1be72467ad40547095de94ed71,delivered,2018-07-31 22:44:43,2018-08-01 09:05:10,2018-08-02 17:46:00,2018-08-13 17:03:35,2018-08-20 00:00:00
9fa4cb601bf44b1c03ed05feccca9efd,760951a16e7fdb2e706cd262251d15a2,delivered,2018-03-01 10:20:17,2018-03-01 10:35:35,2018-03-06 20:33:27,2018-03-19 14:47:02,2018-03-19 00:00:00
371ed9cae9680ffd6905f4e51f6a469b,5577576d2cb36ca00dd07dbe17635535,delivered,2018-06-28 16:21:23,2018-06-28 16:35:12,2018-06-29 14:27:00,2018-07-03 20:46:28,2018-07-18 00:00:00
04948f70a0acaf8f9bcbc5602c4a7a47,d61f9007e9d3abfc30b266dc4f843ce7,delivered,2018-01-14 20:11:36,2018-01-14 20:18:20,2018-01-16 21:08:11,2018-01-26 18:36:47,2018-02-08 00:00:00
00584d79015452d19fd3d044ba3abdc0,85d84596608ea7f87175ca9521ee12aa,delivered,2017-07-23 19:11:15,2017-07-23 19:27:31,2017-07-24 19:44:26,2017-07-26 18:58:35,2017-08-11 00:00:00
c682dfb743ebb49b200f4ad7fc4ab232,1ba15e656342cb648305661e7dd482f2,delivered,2018-08-08 09:40:36,2018-08-09 04:05:17,2018-08-15 12:03:00,2018-08-16 16:46:36,2018-09-03 00:00:00
b059ee4de278302d550a3035c4cdb740,856336203359aa6a61bf3826f7d84c49,canceled,2018-10-16 20:16:02,,,,2018-11-12 00:00:00
803f2f8bfcbe571642a39478ac759b12,910fefed3cc4a75d25273c6696b4d3c8,delivered,2018-07-05 09:27:59,2018-07-06 02:51:17,2018-07-10 06:15:00,2018-07-11 22:04:19,2018-07-18 00:00:00
89aabb395bd3e6f5778b44a5aa2ef6ff,46aa2c4ba592ef26df10b2ff62e349d8,delivered,2017-02-06 23:05:54,2017-02-06 23:22:38,2017-02-07 08:42:52,2017-02-20 15:28:05,2017-03-21 00:00:00
ffa2d919ed5fc1b6661b89904ef71b88,8c33b5139e4f68d40b1e97f12fd40d5b,delivered,2018-04-19 14:42:19,2018-04-19 14:57:41,2018-04-20 21:11:43,2018-04-30 23:52:28,2018-05-11 00:00:00
089a371eeab2f86ebe76b23a4c99d3b1,db29e72564815db5aa89037daf547c81,delivered,2018-02-21 15:35:42,2018-02-21 15:49:13,2018-02-22 20:38:56,2018-03-14 19:03:57,2018-03-19 00:00:00
657db8ff40cea3fd850bed1681373336,809400fee84b0974febb3e3dfa7514be,delivered,2017-07-02 14:01:13,2017-07-02 14:10:13,2017-07-05 15:58:00,2017-07-08 11:37:28,2017-07-14 00:00:00
1babef33391c6533d250cf41948dcb04,9a17b8f445e92a5388e8c239c118cc11,delivered,2017-07-28 10:31:57,2017-07-28 10:45:22,2017-07-28 18:15:50,2017-08-07 22:02:39,2017-08-21 00:00:00
4a473906f11c8fe0749d47d07c24d13f,7ef6a0d32dec6a869a11d6186e7bc683,delivered,2018-02-19 19:06:41,2018-02-19 20:10:25,2018-02-21 10:45:07,2018-02-22 20:49:07,2018-03-05 00:00:00
562caa9adc299af2723e54c868bd7885,e05ff8716962c594a923bbd109178b31,delivered,2017-11-24 12:57:45,2017-11-25 04:53:13,2017-12-04 07:56:47,2017-12-13 19:58:45,2017-12-18 00:00:00
241920e630cc6e3ded0176b6f0579a00,e13da06f33fe065a43784b05e7307050,delivered,2018-02-17 10:11:35,2018-02-17 10:33:04,2018-02-19 19:42:15,2018-02-23 16:42:03,2018-03-09 00:00:00
b400d39e36f84ebc05228967ada117ef,7e167ba395e3e75b2b899c96bbcacc21,delivered,2018-02-15 12:53:00,2018-02-17 03:35:37,2018-02-27 23:32:17,2018-03-06 01:18:58,2018-03-12 00:00:00
b0d9e11d4daffb6828bd2ca9ea78d916,37c9f4ed2c98756074f6440f5dd817de,delivered,2018-08-08 12:52:01,2018-08-10 03:05:27,2018-08-10 13:04:00,2018-08-17 20:24:45,2018-08-28 00:00:00
902ea46124998b0aecac8f6e6480cecc,494ad8c19f34aeb9220db18e7a03b63c,delivered,2018-02-28 14:38:48,2018-02-28 15:20:31,2018-03-02 00:51:19,2018-03-23 17:08:58,2018-03-19 00:00:00
469154149d5faa926f0c01971b89dae4,8e607c2cb0711018115d7a6aaff94bc3,delivered,2018-02-13 10:07:59,2018-02-13 10:27:09,2018-02-15 19:56:31,2018-02-20 21:22:52,2018-03-19 00:00:00
17fa9c64619b1cf287c13c5249dd6b0c,73464d896b5905196286e7edefa9840f,delivered,2018-07-13 10:06:35,2018-07-13 10:15:22,2018-07-13 15:09:00,2018-07-27 15:07:47,2018-08-27 00:00:00
7d21fbcf5adce98ed57bc3ce5b30b754,5e06bbf7e96e7db95a4c42d998405bd5,delivered,2017-03-22 13:49:34,2017-03-22 13:49:34,2017-03-27 15:30:22,2017-03-29 15:33:06,2017-04-10 00:00:00
b843ecf0468cd0f373c436effbd6f37f,413b5fb06cdebb89cdce52b030d3861b,delivered,2018-07-02 10:21:35,2018-07-05 16:22:37,2018-07-04 10:11:00,2018-07-07 22:22:26,2018-07-25 00:00:00
a65b4ca3851f2b54790d82614f404348,00502500a53243e07961383bf1a6fa82,delivered,2018-02-20 14:24:58,2018-02-22 02:08:50,2018-02-23 02:49:05,2018-03-10 17:26:48,2018-03-12 00:00:00
446f7424265f98943549eb1cb79eceed,b8073748f703e1954f4c48abceba89ba,delivered,2018-08-19 19:09:13,2018-08-20 12:55:21,2018-08-20 15:18:00,2018-08-28 00:52:01,2018-09-05 00:00:00
7ee20272eb00cd391603903aad03de4c,1d31c85135ba6326c03dc4fd6e7c74cc,delivered,2017-08-24 19:33:26,2017-08-26 02:10:52,2017-08-29 17:04:48,2017-08-30 22:33:08,2017-09-06 00:00:00
161a55eab21951950a31e5106a7026f4,1f131d49769388703ae448ee84f88295,delivered,2018-03-27 13:26:08,2018-03-28 02:47:57,2018-03-29 23:22:12,2018-04-05 18:28:42,2018-04-30 00:00:00
68c3db91b9a3d1ad879db9e54d426f4d,d99ff94021e8cdd83a79c28812f1d6e2,delivered,2017-06-07 11:48:48,2017-06-07 12:43:07,2017-06-07 15:58:40,2017-06-19 09:51:43,2017-06-30 00:00:00
dcedb7d667c1e037b8e0a8910c6bd8a1,3cc792173620bddd0eb03256cd379014,delivered,2017-06-14 18:16:12,2017-06-14 18:25:15,2017-06-16 15:27:53,2017-06-23 10:57:41,2017-07-05 00:00:00
44851597b52d19f80a0b05ff48be5530,825e0702a45298fb469296d1ef110eaa,delivered,2017-02-23 14:23:00,2017-02-23 14:35:09,2017-02-24 08:15:58,2017-03-07 12:24:01,2017-03-20 00:00:00
cc6002db285464dcb2db31b6dc81f78c,b58ca5bb6a3f7370ab3456a7d2c582bb,delivered,2017-12-01 10:53:08,2017-12-05 04:13:57,2017-12-06 18:35:47,2017-12-13 17:32:38,2018-01-12 00:00:00
aaab96ab260f2839451f9c2839d59109,ca54aaa4768b5a9c668f503810b15aca,delivered,2017-10-04 21:41:08,2017-10-05 03:07:15,2017-10-06 17:13:58,2017-10-18 23:13:52,2017-11-03 00:00:00
55f8a030ae34836632355176608c7314,6c4f1f1c4c39dc8ccd561f4f0c2135b3,delivered,2018-01-22 14:55:18,2018-01-22 15:13:00,2018-01-24 11:13:02,2018-02-03 00:02:52,2018-02-14 00:00:00
b5b7c54093bad4e0d745214e691224d7,5d9133508692eb6ed9d655448a746169,delivered,2018-01-24 21:06:24,2018-01-24 21:18:24,2018-01-25 11:31:57,2018-04-19 17:34:39,2018-02-22 00:00:00
6a91291873d8cfbde318656124eddf1f,0b63937f34f1967a105bc39a54c0e56b,delivered,2018-04-18 19:28:46,2018-04-20 07:31:36,2018-04-20 17:40:43,2018-05-07 20:52:45,2018-05-21 00:00:00
996259172fd54f591a1046dbffa906d3,4d01c1d6754e10b5ad500058aa6c0464,delivered,2018-04-01 22:23:43,2018-04-01 23:08:47,2018-04-04 20:43:45,2018-04-09 19:39:20,2018-04-18 00:00:00
33b3e9a4e73233190d8644e4a37d2755,906e2003bcae032a29880793b1acb397,delivered,2017-11-30 20:57:35,2017-12-02 02:37:29,2017-12-08 23:17:02,2017-12-30 15:26:40,2017-12-22 00:00:00
3dbe9476def7eceba5ab2cab07ac948e,c5099702bb49534329077b382d0fb949,delivered,2018-06-06 11:18:56,2018-06-06 11:54:34,2018-06-07 14:58:00,2018-06-08 20:58:27,2018-07-03 00:00:00
1b0e1058a094f333948edf16f4248323,91e07c844b9c9cd8a820a32f93af9629,delivered,2018-07-09 19:51:17,2018-07-09 20:05:37,2018-07-10 12:44:00,2018-07-12 22:08:46,2018-07-18 00:00:00
0327e521bdeabce73fcf327b2fc94c92,1519b1653748a7af60dc6f3d515bd4ff,delivered,2018-05-02 14:20:59,2018-05-02 16:19:56,2018-05-03 14:18:00,2018-05-04 19:33:15,2018-05-16 00:00:00
252b5c3120af058fdc9eb73b14e4b97d,e1a7e3c252a0a62a4936908e3725f7d3,delivered,2018-05-14 09:15:37,2018-05-14 11:14:36,2018-05-15 12:37:00,2018-05-21 22:46:51,2018-05-29 00:00:00
d6ee6e570c72b3abf832d6427e06627e,5eb4c61bb8be9ba76f38fb86a416f777,delivered,2017-06-01 19:58:20,2017-06-01 20:32:48,2017-06-05 11:46:49,2017-06-16 13:43:07,2017-06-30 00:00:00
a89e14734d926ba4f06da4c653abf873,d884f544da907f4cc6ffc6504f6a27c5,delivered,2017-02-10 10:02:07,2017-02-10 10:15:17,2017-02-10 10:32:46,2017-02-20 14:46:02,2017-03-20 00:00:00
b4aa3480c0ed15b8bf7f9d32a64c2426,d950a3cf4d3d4765ff33d20db0e0e6e3,delivered,2017-11-27 00:27:50,2017-11-27 00:37:25,2017-11-29 23:09:28,2017-12-02 01:12:46,2017-12-11 00:00:00
16f4c47c722704ef26d0f086cb75d213,b0611a1d4bd46ccceae275caf19d304c,delivered,2018-01-05 22:38:43,2018-01-05 22:48:11,2018-01-11 14:53:35,2018-01-27 17:56:48,2018-02-14 00:00:00
57d4a340302e567af6c910bd60ed394f,5d237d05c54ae63473ce7907d9807309,delivered,2018-04-06 15:47:59,2018-04-10 04:11:11,2018-04-12 01:58:33,2018-04-20 00:03:46,2018-05-07 00:00:00
7ef1629063a04bbeadf9410dcf689ef2,49c92d0c9c958885201558d0d00f452d,delivered,2017-11-20 19:57:03,2017-11-20 20:09:13,2017-11-21 21:47:03,2017-11-30 22:49:06,2017-12-12 00:00:00
dcd34cfe646e335b341fe9be82eddfee,1a7b745d4cac73a8e9ebdf12fbb7234f,delivered,2018-03-09 02:12:03,2018-03-10 03:55:25,2018-03-14 01:09:55,2018-03-14 18:16:33,2018-03-21 00:00:00
cb4d16011feadfd13bac457789eedc21,1041aaa2d42eff78cb4b0fba4ba40d66,delivered,2017-08-01 01:21:14,2017-08-02 11:22:47,2017-08-07 13:07:55,2017-08-16 18:03:03,2017-08-25 00:00:00
6b96b124951ba9a116788b9008341ee9,5ef437de8de859d07798c5571b3c8706,invoiced,2017-12-04 17:22:25,2017-12-04 18:30:40,,,2017-12-21 00:00:00
70f357cca87c1162357bf3c0a993cbe5,4ac6bbe5dcaf264863bff08692d00578,delivered,2017-09-01 18:40:11,2017-09-13 22:04:49,2017-09-05 12:33:19,2017-09-12 16:53:41,2017-09-22 00:00:00
1c5ab74a30a7b379ed18bd97d700d84a,1a4fc142d7cf2bb9a8e0852b67f2746d,delivered,2017-05-20 15:43:34,2017-05-20 16:45:23,2017-05-23 10:37:58,2017-05-26 09:58:51,2017-06-22 00:00:00
cc9d74eca99800ac6ddfffb42f0d3cc6,96b0e44d0c68df07e9cf26b156c38cdd,delivered,2017-04-05 01:50:10,2017-04-06 02:50:44,2017-04-06 13:51:08,2017-04-12 12:00:08,2017-04-27 00:00:00
104cf29a266be8f412ca30ec4cdab145,394c4558e06b0c9e8d6673e0d1c75d62,delivered,2017-04-25 22:50:48,2017-04-27 13:36:40,2017-04-26 09:47:10,2017-05-08 07:46:56,2017-05-12 00:00:00
1bbf2953472be17b4ba5726a24d40f05,c0ed8f3c7f69868393ea6e9d3e5de98e,delivered,2018-01-24 21:59:57,2018-01-24 22:12:40,2018-01-26 17:24:42,2018-03-03 02:06:49,2018-02-23 00:00:00
ddba311fbcd3b55e2964aadd8ca8d231,8a4bcc573dd3f598d32bc5c4ef099548,delivered,2018-08-24 17:54:37,2018-08-24 18:05:16,2018-08-29 11:32:00,2018-08-30 18:52:35,2018-09-06 00:00:00
e9b7d628e6897f747062f1e7236cf4e4,8c16347ea9dfd78c47af24c519212f4c,delivered,2018-07-16 19:37:27,2018-07-16 19:50:19,2018-07-17 14:09:00,2018-07-20 17:03:47,2018-08-07 00:00:00
ad9ad462491a04f6673a43f6ec4a54d3,5bd0f7fc46098d240d44f74e5c4bbe48,delivered,2017-08-10 15:27:00,2017-08-10 15:43:41,2017-08-17 19:33:28,2017-08-29 20:22:06,2017-09-01 00:00:00
e19d4bc5b01581909777e6e48cec1e96,74748a33b4214cb9d8fa8919641e76b3,delivered,2018-01-27 10:38:07,2018-01-30 05:31:44,2018-01-30 19:51:56,2018-02-03 02:52:38,2018-02-23 00:00:00
2f900d5a897afc4d898757b047f67052,0e74be751f3b15fd04c9fb7e95ae4382,delivered,2017-07-29 15:00:58,2017-07-29 15:15:19,2017-08-02 11:29:58,2017-08-08 11:53:10,2017-08-18 00:00:00
fade3e37b5640d2582de9aacb77f9758,7d9694032de35cf2f781e1b31b3ac923,delivered,2017-12-06 16:16:52,2017-12-06 16:32:10,2017-12-12 19:29:11,2017-12-20 16:14:40,2018-01-04 00:00:00
74061a81b1a19f1c62f2f5466d0c2522,2cac6eb6144175d59831ef26dd8a7cff,delivered,2018-04-02 20:27:01,2018-04-02 20:49:50,2018-04-04 19:20:40,2018-04-13 20:32:30,2018-04-25 00:00:00
c3b3b91815037977b255690978788e1a,90223eba2b3f42a5d82242fb6d543aa6,delivered,2017-07-18 20:42:37,2017-07-18 21:03:31,2017-07-20 15:17:29,2017-08-23 17:25:53,2017-08-11 00:00:00
651942ee572f34e1e6a5567ff8171711,ac34ec78db0c2b972ae79678343d6978,delivered,2017-06-04 13:01:10,2017-06-04 13:15:16,2017-06-06 13:09:11,2017-06-21 16:33:09,2017-07-04 00:00:00
3367d93673eeafe8986194cfce4f2770,c5651f386e4b8ce6b97577c7c4af5e9c,delivered,2017-07-02 10:45:24,2017-07-02 11:03:34,2017-07-04 15:37:34,2017-07-07 17:36:41,2017-07-25 00:00:00
a31f5683a88deb4bf8e6bb729d94a2c6,1877701b0eda5b68e5b32ccc8aa04cef,delivered,2018-04-23 15:54:32,2018-04-24 17:22:27,2018-04-26 12:30:00,2018-05-07 19:22:24,2018-05-14 00:00:00
c08918f04f354ae73e08676fd16d5527,ecbea905184a0c30d74e0c6e4da1ae85,delivered,2018-07-16 15:53:50,2018-07-16 16:10:18,2018-07-19 14:56:00,2018-07-25 18:53:00,2018-08-06 00:00:00
770cda5595335d94a7ef1709b00c8eca,a250793aa840d6e7eccda919003ecba7,delivered,2017-12-11 19:26:53,2017-12-11 19:34:20,2017-12-27 13:50:15,2017-12-28 15:52:44,2018-01-11 00:00:00
b1cd8dc65cf496b0742bc29954dd322d,c52ddd3d99c477c9546a206b00d98244,delivered,2017-08-16 16:08:29,2017-08-16 17:05:12,2017-08-18 20:03:26,2017-08-24 19:22:18,2017-09-05 00:00:00
afef8c9d77440793d7bf762286fe97fc,34419ac92755800adf8819f48cc1d14d,delivered,2017-12-05 13:22:59,2017-12-05 13:35:32,2017-12-07 18:54:46,2017-12-23 11:17:18,2018-01-03 00:00:00
a0ddb810bd79dc15910dcc56a1c7f3cb,5d582f1e23008801810225562c7cc50c,delivered,2018-04-22 13:16:34,2018-04-24 18:44:28,2018-04-23 19:51:36,2018-04-28 12:06:45,2018-05-25 00:00:00
f6eff1e7a78b73bc93814ee0fa7883cd,ea1bc3331c40786bfecc5b98eb2cfed6,delivered,2018-08-16 19:40:28,2018-08-16 19:50:17,2018-08-17 14:15:00,2018-08-21 00:11:50,2018-08-22 00:00:00
6b7d4f93eef2545036e4388db6d1385b,97852460708c435c766a2247670743bc,delivered,2017-12-08 16:10:53,2017-12-08 16:33:27,2017-12-11 20:29:06,2017-12-18 17:15:30,2018-01-03 00:00:00
ffe311829861d844ad8de0f4d4923692,c472584339fbf78789a1285447d0e42a,delivered,2018-07-22 21:53:45,2018-07-23 12:31:44,2018-07-23 14:25:00,2018-07-26 13:08:36,2018-08-09 00:00:00
a110796b9a1a01b83c8f591b9bfe9180,b02abbd46ff1b358a1d22942c98984c7,delivered,2018-04-18 20:14:54,2018-04-18 20:32:46,2018-04-23 18:03:30,2018-04-27 20:46:58,2018-05-15 00:00:00
c8328720517a06417715c52c03e52c89,6c9d63dcc91fffd0889c697add8a03cd,delivered,2018-07-11 10:36:06,2018-07-11 10:50:14,2018-07-13 11:06:00,2018-07-20 23:19:45,2018-08-14 00:00:00
5347a7f07b3387d2dd23be64b9ceea32,346299cd59e7a881a48a074d8cec5694,delivered,2018-05-22 15:48:57,2018-05-22 16:19:25,2018-05-24 13:46:00,2018-06-02 16:08:56,2018-06-06 00:00:00
d550b5b77639c709f4dac266821e4321,c536a4bb48597507afa32180aa45e690,delivered,2017-04-23 16:58:47,2017-04-25 08:25:50,2017-04-25 09:54:27,2017-05-03 11:12:57,2017-05-23 00:00:00
90353280ac36134265557e340e97032e,1eccf64f71b26ecffec246c562c4dea1,delivered,2017-07-11 21:42:31,2017-07-11 22:23:48,2017-07-13 14:36:30,2017-07-20 20:46:28,2017-07-31 00:00:00
0abb65aa29ab57e5f52f657d22b47648,1652b873dc2f33c68dc15bb05e7542e3,delivered,2017-07-02 15:51:01,2017-07-02 16:03:25,2017-07-04 08:32:51,2017-07-12 21:14:35,2017-07-26 00:00:00
812086848825c140a1472472a845a774,4c641eb5ac1a5a0becc4610f1084125d,delivered,2018-05-15 13:06:30,2018-05-15 13:34:10,2018-06-29 15:34:00,2018-07-02 21:04:39,2018-06-13 00:00:00
42eac028466118a879151bd1ad4c2acd,697b9b5a146051cc3f5d2e4fd5783ab1,delivered,2017-11-06 23:40:20,2017-11-07 06:31:29,2017-11-09 19:51:56,2018-01-06 13:37:11,2017-11-27 00:00:00
6c7dad15df3c2284a7dd2a9a35b73e91,2a625f2821b3df14f90f1b2206e614f1,delivered,2017-10-13 18:43:34,2017-10-13 18:56:09,2017-10-19 12:27:15,2017-10-21 12:48:52,2017-10-31 00:00:00
1143f20f5408741a0c7d79bfa56efa6b,9d38b9ddd07205fc46f9f3a9a8e32443,delivered,2018-08-02 20:07:24,2018-08-02 20:43:52,2018-08-03 14:57:00,2018-08-09 16:39:31,2018-08-17 00:00:00
191613fb4f2b5148a83470f7332551b8,f39c003fdebbe5161315afaf4f8639a1,delivered,2018-08-08 17:14:36,2018-08-08 17:30:10,2018-08-10 14:08:00,2018-08-15 20:48:44,2018-08-16 00:00:00
330534a2e7ad98d0c76ee20bfa001c50,48f6ec1b60fe0b28221627cd97555714,delivered,2018-01-11 00:40:16,2018-01-12 00:33:29,2018-01-19 00:28:39,2018-01-30 23:52:34,2018-02-16 00:00:00
f72289715f4416fb6e9a289031977b6d,7f2357cfd99c900565e6ffd6d2708d9d,delivered,2017-11-24 22:57:06,2017-11-25 01:57:33,2017-11-30 22:32:03,2017-12-08 21:29:11,2017-12-19 00:00:00
2634d2363b155e0d11a0f1ac0e7568cb,2e1e64ba1552ef64a0c3c4c29caddc35,delivered,2018-04-09 08:17:25,2018-04-09 08:30:20,2018-04-09 17:42:08,2018-04-10 18:51:31,2018-04-26 00:00:00
86df669ae5f899e27ee38488affc0d16,8f73e4a4a7720052d07d8533e242c264,delivered,2018-07-06 11:21:51,2018-07-07 04:48:22,2018-07-11 12:58:00,2018-07-16 17:41:48,2018-07-30 00:00:00
288550748c3bf4d64ca22b79487eeaf2,3e40061e2f7a3c95b1eaf7966941eb34,delivered,2018-01-22 16:07:40,2018-01-23 17:24:36,2018-01-24 19:16:33,2018-01-29 18:08:31,2018-02-14 00:00:00
1c2e03f112c29c38cc65602a33043198,01b29f87009aab9f829369f51478168e,delivered,2017-12-19 10:32:48,2017-12-19 10:50:43,2017-12-20 16:34:58,2017-12-29 21:46:44,2018-01-19 00:00:00
abccdfc385eeac64f4e5147bc7d9191c,a80fa2513386488a670bd8d11355a19c,delivered,2018-07-20 04:09:34,2018-07-20 04:23:10,2018-07-20 13:19:00,2018-07-21 11:08:39,2018-07-30 00:00:00
7287b2de6dc6c20b794e9a068815314b,eb01458c81d62a979b212b8d740afe4e,delivered,2018-04-13 11:31:58,2018-04-13 13:29:42,2018-04-16 23:32:37,2018-04-24 15:28:50,2018-05-09 00:00:00
5c8d479eeb47c38de98d8ab2d956e04d,e90f4de54f789cfc0696115e1a0d04d2,delivered,2017-10-10 18:31:51,2017-10-11 12:35:11,2017-10-16 18:22:05,2017-10-20 14:22:31,2017-10-27 00:00:00
8361deaa04792e29663dbeace2dad89d,27c83dec91d18902c419a034bbeec47b,delivered,2018-06-01 21:21:10,2018-06-02 09:51:35,2018-06-05 13:19:00,2018-06-13 12:28:20,2018-07-25 00:00:00
27117cda67133aa93a8fc2b8916b1340,6c066824b81db30f3789b3c494b2852b,delivered,2018-02-16 15:42:13,2018-02-17 10:49:46,2018-02-20 01:42:16,2018-03-06 23:55:06,2018-03-09 00:00:00
c7ac3cdb8e2ff8a57c503de24f1434fe,83a107eb8c850c4ec768e1370e689443,delivered,2017-06-27 11:18:05,2017-06-29 03:04:23,2017-06-30 09:37:50,2017-07-06 17:32:08,2017-07-19 00:00:00
7dfab96276603768666b7f949b3ea66f,ac65e0f290631ab09aea489afbc2aa25,delivered,2018-05-09 23:04:18,2018-05-09 23:33:32,2018-05-10 12:38:00,2018-05-14 17:12:20,2018-05-18 00:00:00
075e94be744f3e28a18d6ea444785f45,dc044d4d4ee10fe14d01b88c46ed2d73,delivered,2018-07-19 10:49:19,2018-07-19 11:05:14,2018-07-20 12:37:00,2018-07-26 14:32:18,2018-08-15 00:00:00
5ce5414216f07cdd464573ba59e7f187,b267d04370b0bff8bc30f5b7283a27b8,delivered,2018-08-01 13:18:12,2018-08-01 13:31:33,2018-08-02 15:07:00,2018-08-09 00:46:59,2018-08-22 00:00:00
fd89a255572d435093d5e644dee61960,be5b244d74a2b683446b7610084c2baa,delivered,2018-08-13 14:43:49,2018-08-13 14:55:20,2018-08-14 15:44:00,2018-08-21 17:17:43,2018-09-06 00:00:00
f20d2bec2f06bc0397b0ef50170a39e6,9c03ab210bf96ef944e181b73c125414,delivered,2017-12-13 16:18:28,2017-12-13 16:31:00,2017-12-15 20:19:28,2017-12-22 20:59:06,2018-01-09 00:00:00
1db522d84fad144624204d532f5277f4,204418cfa7ba634d96bcc057786b4307,delivered,2017-11-25 00:57:09,2017-11-25 02:38:27,2018-01-04 20:44:20,2018-01-19 18:33:30,2017-12-21 00:00:00
59ad806bb1a82c19e0feadc488939a89,bbf5e4f5d513a583fda9a03c05bc4917,delivered,2017-11-25 12:06:48,2017-11-25 12:17:30,2017-11-28 20:22:32,2017-12-11 19:58:55,2017-12-19 00:00:00
4ed4fd7504f47d67ad6b728e867c4ddd,380d799be592d2596c25a4e8cc8fde65,delivered,2017-12-08 15:07:24,2017-12-08 15:31:37,2017-12-11 17:17:06,2017-12-19 19:59:20,2018-01-10 00:00:00
bff370f6b528410596f33e9bb8ccae83,0f5309e6132dcfde05ef70e36f6bc24d,delivered,2018-07-25 19:12:53,2018-07-25 19:25:08,2018-07-26 18:46:00,2018-07-27 23:25:55,2018-08-10 00:00:00
315263a000cbcf3e4fce4e3c8dfd7603,c7a91fd3c699d8d8c9bbb90b1b5cf235,delivered,2017-07-02 18:35:58,2017-07-02 18:45:12,2017-07-06 06:39:49,2017-07-19 18:15:33,2017-07-25 00:00:00
416f4d86856fe1ce4eece8bb4e38cdb6,4aedb873047102044fd074fcd228a436,delivered,2018-02-08 13:47:24,2018-02-09 13:49:15,2018-02-09 23:47:52,2018-02-28 19:22:49,2018-03-07 00:00:00
fc62bb19d9570fb44bd3ec979a890550,d1be7769b8bccef648de83ddbfde60d5,delivered,2018-07-24 21:50:21,2018-07-24 22:05:19,2018-07-25 14:13:00,2018-07-30 20:58:35,2018-08-20 00:00:00
b47472bf878a04af4bfa74c9b5c0f07c,038561d63c7a2c5cd26f05914cb27be5,delivered,2018-02-23 08:16:08,2018-02-24 02:55:41,2018-03-03 02:19:29,2018-03-10 14:48:39,2018-03-23 00:00:00
88acd05b37d513a676b7151a8f08259f,1f2722fdca6b6d1179a1482e8ce679c3,delivered,2017-11-21 22:10:20,2017-11-21 22:26:40,2017-11-23 20:26:37,2017-12-05 19:42:19,2017-12-08 00:00:00
caeb9def6ebb2881fa87b103e015e814,3fac62e2f234a69854b8bb6e56f5267d,delivered,2018-02-26 21:08:26,2018-02-26 21:28:46,2018-02-27 22:58:45,2018-02-28 23:53:09,2018-03-12 00:00:00
1d92d2ce1ae2e0510b5ce50c5be578c6,f4cfdc08099c49123ea4fb6f32bb603b,delivered,2017-11-30 23:22:00,2017-12-01 10:30:59,2017-12-04 21:22:45,2017-12-21 21:23:50,2018-01-08 00:00:00
12fb5d0cb33d4e9aa4d07b4400346153,41061f2a3a70683b176c48c221612439,delivered,2018-01-17 11:32:19,2018-01-17 11:49:54,2018-01-24 13:27:26,2018-01-29 19:32:22,2018-02-07 00:00:00
d68577040bb03de699bdeebcb80b5d0d,eb0de0fe3b8d6ec0dbeb28f0e31293f7,delivered,2017-05-28 20:38:09,2017-05-28 20:45:16,2017-05-30 14:31:45,2017-06-05 14:29:10,2017-06-20 00:00:00
75c72037b139a024cbebfdce5f58d213,ea96dd10051a4638f8cce910ff168d1b,delivered,2017-10-19 01:56:30,2017-10-19 02:18:26,2017-10-20 17:51:46,2017-10-25 12:33:51,2017-11-06 00:00:00
ac579d1cb61f3f0f7a4497e3513ae073,7bf41e9619852285ef47577944016105,delivered,2017-11-26 12:08:13,2017-11-26 12:18:21,2017-12-04 18:17:14,2017-12-28 15:34:09,2017-12-21 00:00:00
3ec2bc5de0fe81f5d14adb115df88e36,b879b2edd80f3988171c661574f0dd13,delivered,2017-06-07 14:11:58,2017-06-08 02:45:37,2017-06-08 13:34:01,2017-06-17 09:09:36,2017-06-21 00:00:00
1a792d35aa2e9abd1036092085f00549,5ea3d9259da6794623cd3b07a5b06242,delivered,2018-01-27 11:19:13,2018-01-27 11:34:33,2018-01-31 14:27:35,2018-02-08 16:56:35,2018-02-26 00:00:00
fcda5efd5784446de6cc277ef91e6e2a,ef8ca6de2f90db6f28b22103b9993532,delivered,2017-11-22 00:39:48,2017-11-22 00:52:32,2017-11-23 18:05:56,2017-12-05 13:28:46,2017-12-14 00:00:00
b3ea3204a201545654d616925ad2f946,72ec4ecd189ffec7ab27bba9e100a068,delivered,2018-02-19 15:28:39,2018-02-21 06:10:30,2018-02-22 16:35:39,2018-03-05 18:23:50,2018-03-12 00:00:00
7936c09acf7a92301c6878c605b23f87,4a5252cf92ac5125bcae8715b989a870,delivered,2018-04-03 21:22:43,2018-04-03 21:35:24,2018-04-07 01:18:24,2018-04-11 01:32:46,2018-04-26 00:00:00
824d7ceed6163ed2e8693f90f0400db8,887d3d832d661c9cec2fbdaedb821f6d,delivered,2018-03-14 20:01:12,2018-03-15 19:55:36,2018-03-24 02:03:31,2018-04-18 19:02:02,2018-04-19 00:00:00
a1cbe609c42dfd019719610eab787873,2cc6eb6fa8dd5772e74eac4abb24ca34,invoiced,2017-03-26 17:25:39,2017-03-26 17:35:15,,,2017-04-18 00:00:00
0b4e6da2eae282f0a0072085c7adacfe,767e8c949b1dabe87db4cacd1d9e7fe8,delivered,2017-11-06 17:29:19,2017-11-07 03:31:22,2017-11-07 21:35:06,2017-11-21 19:25:44,2017-11-29 00:00:00
e85a5feeff7fbda800ceecfd2fb221e1,b9fcfcfa2b5dcda46ffb3bfe7f6a583f,delivered,2017-11-24 22:28:43,2017-11-25 01:32:41,2017-11-28 21:27:49,2017-12-05 11:25:03,2017-12-21 00:00:00
2bcca46cc41a77cd84a4bdc700411b14,5fac0958cc42a73dbb13ed8f2707e9df,delivered,2018-08-15 19:58:58,2018-08-17 03:10:28,2018-08-17 09:38:00,2018-08-22 14:28:32,2018-08-30 00:00:00
fad263c690ebcbd7b6655a2d7e0d0df6,4cde67f0416f4b7161f9b5e28e739937,delivered,2017-03-02 08:28:52,2017-03-02 08:42:07,2017-03-03 13:25:41,2017-03-07 15:23:07,2017-03-21 00:00:00
30c4f4b428ca348c766ab59fbb03cf79,da5cf273e802884eda8cc65e1f27f316,delivered,2017-10-31 15:40:29,2017-11-01 15:35:16,2017-11-03 23:51:46,2017-11-08 22:26:55,2017-11-14 00:00:00
cb1d3422684cab64f603f1b70a68e2ef,dbc3d77db84c3142dceb08cdd254f21f,delivered,2018-06-08 00:46:32,2018-06-08 00:56:47,2018-06-08 14:01:00,2018-06-11 14:11:28,2018-06-19 00:00:00
1f8956ea49b1eba62dd40aa5f7ac9133,dc855a052cb86604fb4d65498cece939,delivered,2017-08-18 12:37:40,2017-08-18 12:50:22,2017-08-18 19:23:35,2017-08-28 19:26:02,2017-09-18 00:00:00
0f18a0163ab21f411df244c076fde7ce,8d10d69d2fac34eaff1d041c460d794b,delivered,2018-03-23 17:01:23,2018-03-23 17:15:35,2018-03-26 23:19:30,2018-03-28 17:58:45,2018-04-05 00:00:00
0fe1829613c45b423f51aa8949dd8d57,91a40cc40254f748df9028c2cfce3e69,delivered,2017-04-04 13:34:33,2017-04-04 13:45:14,2017-04-06 16:57:54,2017-04-11 15:23:12,2017-04-27 00:00:00
441395aaffbe4ce5bca4d8ca3b75a4e4,dbc0f38d854142156f4999358975f8d2,delivered,2018-05-18 23:11:27,2018-05-22 09:14:33,2018-05-22 13:29:00,2018-06-04 20:08:43,2018-06-12 00:00:00
d93483d856574edc5b6fc108348cf870,db637c48d8ee971814cfd998ec482496,delivered,2017-11-19 21:30:38,2017-11-19 21:46:34,2017-11-22 00:47:34,2017-11-28 18:39:54,2017-12-15 00:00:00
c981128521975354988b8e88309a898d,9cf2a42feb9dfd6fa2f0fccf54fbc20b,delivered,2018-08-05 18:06:10,2018-08-05 18:40:07,2018-08-06 19:19:00,2018-08-09 00:10:53,2018-10-01 00:00:00
08906bb784f60b396fdf8fb1773c5e47,3d816d69b7882f96f533d4d355a3f06b,delivered,2017-11-07 18:03:01,2017-11-07 18:15:50,2017-11-08 20:18:58,2017-11-10 20:07:55,2017-11-27 00:00:00
443ed86b157df243aa07508ada4b34ca,b2612e81be79104e87d8591d9158328b,delivered,2018-04-03 09:48:40,2018-04-03 10:30:18,2018-04-03 22:19:32,2018-04-21 14:26:41,2018-04-26 00:00:00
2490addf3d8f672cae84b56309e075ce,56a5751936680b08ec0da792f12193c0,delivered,2017-12-22 23:34:06,2017-12-22 23:50:14,2018-01-02 22:16:51,2018-01-08 17:45:03,2018-01-18 00:00:00
5981ae276b32c4b5d69ed39efd08d0a8,78295153a52585218d93269a83230054,delivered,2017-04-26 02:02:47,2017-05-01 22:34:08,2017-05-04 12:41:46,2017-05-18 11:38:54,2017-05-15 00:00:00
dde52e7aadf2e606b4c1b0effe1950bd,af6309e0dce903544d58e52083be8eb5,delivered,2018-08-09 09:04:15,2018-08-11 02:45:21,2018-08-16 16:32:00,2018-08-22 16:32:29,2018-08-23 00:00:00
f2793cd4b64bd3a177d4a367a3cf40bd,517fd134276aa9d129443e66a4ec12c5,delivered,2017-06-25 18:30:48,2017-06-27 04:23:11,2017-06-27 13:31:51,2017-07-12 18:52:03,2017-07-18 00:00:00
7bb11bc3a9863bcda38e8881f86b530c,d9123c5a4a115248a2be33bbd018a015,delivered,2017-12-14 21:58:39,2017-12-14 22:19:00,2017-12-18 20:49:48,2017-12-28 18:55:21,2018-01-23 00:00:00
7f6945b2c635db3bce1cfb585ba82d33,e0b51ab4363c175e59f94dd700050a67,delivered,2018-07-27 09:52:08,2018-07-27 10:04:23,2018-07-30 12:15:00,2018-08-02 23:03:29,2018-08-28 00:00:00
030d5292e5796b7c461070e04a7ad556,880d640d4c1edb86a3499acd04525e2d,delivered,2018-02-01 23:05:45,2018-02-01 23:15:26,2018-02-03 02:49:06,2018-02-07 13:21:38,2018-02-23 00:00:00
3ec7827aef6348ae5387e7dd08a53de2,180b596cd1cad920ac7b0013be409dbd,delivered,2017-07-07 23:06:32,2017-07-07 23:15:12,2017-07-11 12:43:52,2017-07-21 18:55:37,2017-07-27 00:00:00
a36a7f2219c828e52cb094ddc8d89b84,1118a9782ac9c9080b3f6fbdb92be7d8,delivered,2018-07-03 16:01:57,2018-07-05 16:31:01,2018-07-04 13:38:00,2018-07-09 20:02:59,2018-07-23 00:00:00
0f04257628f269da8bcc26b6839d66f5,78e0ffa402b3adede5ccf60d0976f89a,delivered,2018-08-02 20:29:49,2018-08-02 20:44:14,2018-08-03 17:23:00,2018-08-15 22:53:35,2018-08-27 00:00:00
1e0b82a0da7f09ea9ba1b82dfaf4fa23,5ffbac5f715d934689592f398af9130a,delivered,2018-04-19 23:15:35,2018-04-20 06:11:08,2018-04-23 20:08:23,2018-05-14 16:03:29,2018-05-22 00:00:00
67a59d439611f207e8a3283540cda71b,9e27532e607078fbff6344b7c1063e65,delivered,2017-05-23 13:49:10,2017-05-23 14:03:22,2017-05-25 14:55:49,2017-06-05 15:08:09,2017-06-22 00:00:00
babf3827fed8e4f27b7d8a680af07e43,136dbac56cabaf131db79d6032ade0c2,delivered,2017-10-28 12:40:43,2017-10-28 12:55:52,2017-11-03 20:43:01,2017-11-13 20:19:39,2017-11-21 00:00:00
ca066470fbce42af5941867af3a294be,4e7f7cf7f7b2539689243d439bfeb5c4,delivered,2017-10-06 23:21:37,2017-10-10 03:49:33,2017-10-23 21:45:12,2017-10-31 20:32:25,2017-11-03 00:00:00
9be87d9a7a1fbeef85d11ae236ce4609,56b6948031be6d0a574b0d342f3601f1,delivered,2017-11-27 11:18:43,2017-11-27 11:35:31,2017-11-29 00:41:57,2017-12-12 16:44:37,2017-12-15 00:00:00
2cff731fb7ec776272d34a23b54839e2,32ce16dfb58c1b2b80f256415089c5c4,delivered,2017-04-21 13:14:58,2017-04-25 08:10:54,2017-04-25 13:53:37,2017-05-05 17:17:50,2017-05-18 00:00:00
b2fea8ff370123b5e89bfb2a213123e3,13566b455193fd85bc8fa35136138604,delivered,2018-03-11 11:49:11,2018-03-11 12:10:03,2018-03-14 23:21:16,2018-04-04 22:11:10,2018-04-03 00:00:00
42653d5c4df9e26fb929a370f55ee092,92c1b9d98949d77bf4d5b5f8f039bc94,delivered,2017-08-15 13:13:27,2017-08-15 13:45:14,2017-08-16 13:26:49,2017-08-23 19:06:51,2017-09-14 00:00:00
1ba72b885472d4dd42ff46556f3de1c8,5e6ad19f435e97b7ad8b05d71ca6f032,delivered,2018-05-20 12:49:39,2018-05-20 13:10:26,2018-05-21 14:53:00,2018-06-05 22:40:44,2018-06-06 00:00:00
37f48a21c9c1cd7784eee9e1c6a91e5b,b70532b7ddd0b1a2f29df81e14ab57a4,delivered,2018-05-12 11:25:41,2018-05-12 11:35:19,2018-05-14 12:05:00,2018-05-18 17:32:28,2018-06-04 00:00:00
b79a7395d3911e77688dfe966105a683,f11cf2dcc68edbb6e396b32b31d7aba4,delivered,2018-05-03 00:26:00,2018-05-03 14:32:30,2018-05-04 09:07:00,2018-05-12 14:54:51,2018-05-28 00:00:00
41d7166cd7b904ab5eb52a1fb6783e5f,638080b723966c4c61bb9169ead9c097,delivered,2018-05-17 17:13:19,2018-05-18 01:57:14,2018-05-18 14:52:00,2018-06-04 19:12:48,2018-06-07 00:00:00
236923fe36df7c931b0fb65f493e39e4,b1c1ce38e32f5c8f25f515f2caf1f1c1,delivered,2018-05-24 01:14:59,2018-05-24 01:37:58,2018-05-25 14:09:00,2018-06-08 17:55:30,2018-06-18 00:00:00
652e395eca81cbe843ef95202a101cf0,1da77576f75de6e11b97a887bf8b353a,delivered,2018-07-24 12:26:26,2018-07-24 13:24:22,2018-07-27 15:00:00,2018-07-30 20:51:13,2018-08-03 00:00:00
31edfdd76d49716666c52c80ae236d75,8dab87eadfc2c78d8bb4a17c25af51d5,delivered,2018-07-21 21:08:03,2018-07-21 21:35:07,2018-07-24 07:15:00,2018-07-27 19:16:37,2018-08-09 00:00:00
17db3c7c3dc64b6f036bbe554a3520b1,46a5d6d36feb1d11d7cd62a70c2633c7,delivered,2018-06-03 11:27:29,2018-06-03 11:50:27,2018-06-05 08:44:00,2018-06-15 21:08:57,2018-07-05 00:00:00
484e1ab05a56b8ad354e449200a41742,2fad067280027bc81969116c5516ba2f,delivered,2017-12-27 17:50:31,2017-12-27 19:48:14,2018-01-03 16:27:28,2018-01-18 18:21:35,2018-01-26 00:00:00
d915ad63f37385cc799d0b5363de302a,c9c082e00f8e245fb30df79db1964cd3,delivered,2018-02-06 15:18:19,2018-02-06 16:11:45,2018-02-07 20:04:55,2018-02-19 16:19:04,2018-03-06 00:00:00
1cfcf75d2d461f1ffb85a3d7f85391aa,6fdc71b6a2bcc3d3ef70f8a53c3d039f,delivered,2018-05-16 18:32:36,2018-05-16 18:57:25,2018-05-17 11:59:00,2018-06-04 19:02:45,2018-06-11 00:00:00
f30b5e94b68ee195b6ec2d817e5bef0c,e88f6a2addd720088765311a6833ed59,delivered,2018-06-20 19:51:05,2018-06-21 07:57:21,2018-06-22 13:47:00,2018-07-06 15:11:59,2018-08-01 00:00:00
22fe036a63b56dfae665a7e584138f37,e5a2ecbf3dac004b710555e6d99ceb50,delivered,2017-04-05 17:54:31,2017-04-05 18:05:18,2017-04-06 08:44:21,2017-05-12 09:53:35,2017-04-26 00:00:00
c33c0a34aa2beb75f41a04d1b3905d92,3c5be3902e3ee65ac45caf629dba3d41,delivered,2018-05-12 14:23:50,2018-05-12 14:35:30,2018-05-14 13:24:00,2018-05-22 15:29:12,2018-06-04 00:00:00
5edc8e0c1ae7714730b6be87e97da686,0f3c4578cc4133c0e29cf96d0709d28d,delivered,2018-01-30 17:35:29,2018-01-30 17:58:01,2018-02-02 00:38:39,2018-02-19 15:39:20,2018-03-02 00:00:00
543b09a837f0bfbe0b94e28a69588fb4,fecbcdb09e0bdc7c872876a36a74dbf7,delivered,2018-07-09 17:58:46,2018-07-09 18:10:12,2018-07-10 14:47:00,2018-07-13 21:56:35,2018-08-06 00:00:00
fb44e4ed3e78403652d50fcf506de1ba,fd8b7f9f197ecb324475321da4d9c75c,delivered,2018-07-27 19:45:11,2018-07-27 20:04:22,2018-08-06 13:25:00,2018-08-13 17:36:36,2018-08-27 00:00:00
06339e75ee1b614953aef978ef01d766,b36cee83a40635fe990ad29c7171f33f,delivered,2017-04-15 23:55:38,2017-04-18 03:55:42,2017-04-19 10:21:33,2017-05-26 09:12:42,2017-05-16 00:00:00
d3a268054d5bf82a14d5c0be7ea1588c,760658188339a7b91c7a4ca3c315b2ea,delivered,2018-02-20 02:20:04,2018-02-21 06:05:11,2018-02-22 17:22:27,2018-02-26 17:28:54,2018-03-19 00:00:00
25ed8cc8c43f4ebcabd60fc31840c401,8a498c95d77ec0e09c2472e3e97412a3,delivered,2017-08-08 17:40:13,2017-08-10 03:15:30,2017-08-11 13:36:58,2017-08-12 11:42:20,2017-08-24 00:00:00
0a8c0300318aedd7b66f6dbc27409ece,f9549d865e9b3338b99f359a1e763afc,delivered,2018-01-24 14:50:26,2018-01-25 09:31:11,2018-01-25 21:24:35,2018-02-27 23:25:13,2018-02-22 00:00:00
a57b39b38d69680f2b3708ec611e8bff,ddcb940dd1491991528d482abe3c2d11,delivered,2017-11-06 14:40:16,2017-11-06 18:33:57,2017-11-07 19:06:55,2017-11-24 17:25:08,2017-12-01 00:00:00
329262a8ce814ac8ed283f9ae66ebee2,4d91c1526ac35f179973f1abba999ddd,delivered,2018-07-23 17:04:54,2018-07-23 17:25:33,2018-07-24 11:02:00,2018-08-06 17:46:37,2018-08-10 00:00:00
6222941cfa1ed5d04567dfff61e3e25f,5e82ab5c814f9e94d5f6986c0d3e2e93,delivered,2018-02-16 09:01:09,2018-02-16 09:35:29,2018-02-21 21:14:04,2018-02-28 21:42:12,2018-03-19 00:00:00
24f18122273caa6950e256dcb2d2f7a7,fe92213bddc19f762d0c2511f4c3e861,delivered,2018-07-23 18:52:28,2018-07-24 09:23:48,2018-07-25 15:55:00,2018-07-31 11:41:41,2018-08-15 00:00:00
db18e1e78435519ff49eae6ada66f29c,0776b4f6e66409776cd39bf2ad45702e,delivered,2018-07-29 18:12:08,2018-07-29 18:25:14,2018-07-31 15:02:00,2018-08-08 01:48:39,2018-08-15 00:00:00
3177d42193cdca823f8c5d96008a4c7b,8d73e655c88b5d3fdd1f25b2aec2cf1b,delivered,2018-04-09 16:18:48,2018-04-10 07:35:13,2018-04-13 13:37:34,2018-04-17 18:29:28,2018-04-26 00:00:00
d3e1990c95a293c07983a54bfd02f062,8b53b0b9b7c26116768acc3f17fafd8b,delivered,2017-10-31 18:24:44,2017-10-31 18:35:24,2017-11-03 22:57:31,2017-11-08 21:58:51,2017-11-16 00:00:00
1c1d7c04efff33ea9ebb71907b576f50,513f69cbf70fa1089df98c833bbfd6bc,delivered,2018-07-24 16:33:06,2018-07-24 16:45:14,2018-07-25 15:32:00,2018-07-30 18:26:45,2018-08-22 00:00:00
1baa165f6d1fc73d5be966f0b3ed1499,34ac1cb254a8bb25c32d4b3bcd0a2f6d,delivered,2017-11-17 21:48:41,2017-11-17 22:07:40,2017-11-21 20:01:48,2017-11-28 18:52:58,2017-12-11 00:00:00
1f559479dd8bfb2e398b0372cad1c2a2,feaef48e150d4f22138e748bb313698c,shipped,2018-04-15 23:04:24,2018-04-17 04:35:22,2018-04-18 01:38:47,,2018-05-21 00:00:00
987b7884b5b6e23a2b4d35d8213815a2,d1463df09d68e404ee13bdd4494ea9cc,delivered,2017-09-28 20:34:16,2017-09-28 20:51:42,2017-09-29 21:14:54,2017-10-19 21:44:31,2017-10-30 00:00:00
321306819534558dae9c3a1a551e91c7,3304f410b0166209f4f630745838ff17,delivered,2017-08-28 17:57:12,2017-08-28 18:05:21,2017-08-29 18:53:46,2017-09-04 21:42:39,2017-09-29 00:00:00
c5551232b07d205a149a0277a194a271,5ebcdd52fb15fcc15facd7917971a569,delivered,2018-01-24 11:37:34,2018-01-24 15:07:27,2018-01-30 19:58:54,2018-02-01 02:06:00,2018-02-08 00:00:00
6597f8bf4610cf5291b83c0d57440e53,10cb0c87548cbc2b667a81ab7e31007d,invoiced,2018-02-06 14:46:18,2018-02-07 03:10:14,,,2018-02-22 00:00:00
94a6ebbfa1179d1c4fcc0eef4e3f423c,d3652ae10a550d0bc645274b4805656d,delivered,2017-10-04 19:40:44,2017-10-05 02:44:12,2017-10-05 19:20:16,2017-10-26 20:07:51,2017-11-07 00:00:00
d8f4cab2c25988993e96c6c02a837ec9,51ec9c71b8a1fa7cfbdcd29bcbdeea39,delivered,2018-02-26 15:59:29,2018-02-26 16:32:22,2018-02-27 20:34:14,2018-03-20 18:26:32,2018-03-27 00:00:00
3c8194a8d47f5852dcd52ccbf364596e,c57b4b6f3719475543b721e720a526ad,delivered,2017-11-27 12:44:25,2017-11-27 12:56:18,2017-11-30 19:25:50,2017-12-01 17:05:02,2017-12-11 00:00:00
f9cb71e454be8a1f13fe574dd261a6a8,10c45fa72c7596bd09e3ddc88edac6ef,delivered,2017-09-08 15:44:29,2017-09-08 16:04:50,2017-09-11 17:21:31,2017-09-25 17:42:16,2017-09-28 00:00:00
d6af6233aac78108f824d75f4461fa14,a49305896ffc9fc8d2c9c6efe8bd6439,delivered,2018-07-20 09:18:39,2018-07-20 09:30:13,2018-07-25 14:53:00,2018-07-27 23:51:30,2018-08-09 00:00:00
284b02fa3e9a13f33180080d6c8fea2e,9c3fb1109b44bd639e335faff15da8b4,delivered,2018-02-18 19:06:20,2018-02-18 20:27:05,2018-02-20 19:40:23,2018-03-23 01:38:50,2018-03-16 00:00:00
02be6bbf24cd996eb35dad6e9e7a09ab,c68ba7c278daca261cc3ae4f90821d39,delivered,2018-01-19 10:19:28,2018-01-19 10:33:00,2018-01-24 22:54:54,2018-02-07 21:07:06,2018-02-14 00:00:00
ba8d16a572292d042403094d3c0fc354,509b47b411bde663f6275c5fa083121f,delivered,2017-07-27 22:04:42,2017-07-28 21:15:08,2017-08-01 17:42:20,2017-08-10 22:07:59,2017-08-28 00:00:00
74f4991efa445ddd9409f19cc6438115,b739eca04e1134c2ade57adb5f05e99f,delivered,2018-03-28 14:14:17,2018-03-28 14:28:38,2018-03-29 19:14:38,2018-04-02 18:58:56,2018-04-16 00:00:00
50459e4bff96bdc46566472362da2e0d,7486e979006d7e8197f5d0fdebcd62de,delivered,2017-08-02 10:38:14,2017-08-04 20:03:27,2017-08-10 14:52:00,2017-08-30 20:19:57,2017-08-24 00:00:00
96caf486ad384c707d860dbb4e519794,b7335be40f14f35559f7222d4875b114,delivered,2016-10-10 10:20:13,2016-10-11 08:57:47,2016-10-15 08:57:48,2016-10-18 09:57:48,2016-12-02 00:00:00
1f1d433b45ff83d34a8fe8071126c80a,e0ad0d36082194b476d7b15e1bf6d561,delivered,2018-01-17 10:23:02,2018-01-18 16:57:30,2018-01-25 22:43:00,2018-01-26 19:49:04,2018-02-07 00:00:00
c494a0ccf52e43b779d85717ac428496,ca522fc70b24d849d86bc869543ef25d,delivered,2018-03-21 00:26:52,2018-03-21 00:48:26,2018-03-22 18:52:00,2018-04-09 12:44:41,2018-04-09 00:00:00
336b91e412a5efd643eadc7e393192c1,465650aeeae0831eb7f2cd9379f41ec2,delivered,2018-03-06 16:34:45,2018-03-06 16:56:07,2018-03-08 11:19:44,2018-03-13 19:26:25,2018-03-22 00:00:00
87fa3e925b3406c52f70ca7c5faccce6,3a5a619866e843b7ebabf717e2f68d4e,delivered,2017-07-07 14:07:02,2017-07-07 14:23:38,2017-07-12 11:14:29,2017-07-15 13:21:33,2017-07-20 00:00:00
2a528a8e3b4bcf1428e674b085ea5f65,d05b8abea6ae93bc1ce04ee244739f00,delivered,2017-11-07 21:58:38,2017-11-07 22:11:07,2017-11-09 21:27:33,2017-11-16 20:44:35,2017-11-29 00:00:00
a880b806f0a6467ea8044335fc629ff9,c1d5e6bc6c7bd0a017a08818dcde3295,delivered,2017-08-05 21:43:29,2017-08-05 22:20:10,2017-08-08 12:56:42,2017-08-12 15:03:30,2017-08-25 00:00:00
00b6e66f005a657a6b13eedcacdf9342,3f0ce4e8579d852bd56ab8bbe66f1870,delivered,2018-08-11 10:47:05,2018-08-11 11:04:38,2018-08-15 13:54:00,2018-08-21 14:46:31,2018-08-31 00:00:00
ba6b7c9ac45804edf2da548323f82306,0f2bcbb299b77a637956ff29b6c03b6e,delivered,2018-03-27 18:57:47,2018-03-28 18:47:21,2018-04-03 17:14:46,2018-04-06 19:41:35,2018-04-09 00:00:00
3290506deecf9d593a1e7a295fa13dbe,8d1170b160da623dfa402c737a0ed929,delivered,2018-07-21 13:49:03,2018-07-26 23:32:53,2018-07-24 10:20:00,2018-07-30 17:17:06,2018-08-21 00:00:00
5f79b5b0931d63f1a42989eb65b9da6e,00012a2ce6f8dcda20d059ce98491703,delivered,2017-11-14 16:08:26,2017-11-14 16:35:32,2017-11-17 15:32:08,2017-11-28 15:41:30,2017-12-04 00:00:00
314639bc2e41647756681b0f2afdb306,a8b2feb6b27345e7706e17607e869eb5,delivered,2017-06-04 01:07:50,2017-06-06 13:25:29,2017-06-06 15:07:09,2017-06-14 11:47:03,2017-06-30 00:00:00
e8735e0751e0e33b80ae0bac98f65381,dd73932cf2c9016f4441115ab70f506f,delivered,2018-04-30 16:50:16,2018-05-01 02:52:54,2018-05-03 13:54:00,2018-05-09 19:44:51,2018-05-30 00:00:00
ab722aebd7d92f979b381ec1d4080551,ade30c33d12f41fb6a80e79d43656cf6,delivered,2017-11-24 22:47:41,2017-11-28 03:20:46,2017-11-28 18:27:09,2017-12-05 22:22:12,2017-12-21 00:00:00
ca2faedbd7bcfa72032e1063fcc8ca5d,e98f2c9b79c25b1d54b0cef7e2edf6eb,delivered,2018-06-24 22:11:50,2018-06-24 22:38:17,2018-06-26 11:14:00,2018-07-11 18:12:18,2018-07-24 00:00:00
c1df4a5d1b544e51e2f038412f96c0a9,27d313e3a9956df6642ab4a951109b5b,delivered,2017-11-30 13:29:37,2017-11-30 14:31:37,2017-12-01 14:26:57,2017-12-28 01:41:41,2017-12-22 00:00:00
a9d9e48bc0905664f33c53779b5edfb6,7195875a1f2cdaa5e75a1f132530e156,delivered,2017-10-29 21:59:06,2017-10-30 22:31:38,2017-11-01 19:39:32,2017-11-15 00:42:59,2017-11-10 00:00:00
bd809a829bd4588fed061fedaaad437c,b98d5a796ad502ec4b775f6f737cb0ac,delivered,2018-02-18 17:31:24,2018-02-18 18:35:24,2018-02-21 14:55:16,2018-02-28 23:28:31,2018-03-09 00:00:00
08636a3fcd5c2b3e957b9b8c6ac8ecd9,4537e1008a9afab2213beb76df625f95,delivered,2017-08-12 10:05:35,2017-08-15 03:50:11,2017-08-16 15:26:49,2017-08-25 17:15:29,2017-09-05 00:00:00
2458754d32649761e2c31fd65cb3fdf7,c40a552a2a91b93d3ca144eb009a1190,delivered,2018-01-16 18:03:04,2018-01-16 18:31:02,2018-01-17 18:18:40,2018-01-26 14:54:24,2018-02-06 00:00:00
1d1cd1be4eb8ccedea997348b859065d,b829375aba0fe46daa0cae92cfadfa95,delivered,2017-10-04 09:43:36,2017-10-04 09:56:22,2017-10-04 16:43:20,2017-10-11 19:28:50,2017-10-31 00:00:00
0a31cde0de75146ec6aa043161f74cf3,19820840290b94e5f07b8e02b7a57258,delivered,2018-07-15 12:59:52,2018-07-16 13:30:38,2018-07-18 11:12:00,2018-07-24 19:03:46,2018-08-10 00:00:00
2792c4f95b24c1a72641cd404561bdd8,8392c78357bb44adca4a1fcb344a6010,delivered,2018-02-27 13:23:38,2018-02-27 13:35:31,2018-03-01 16:09:04,2018-03-13 21:04:48,2018-03-19 00:00:00
d69debc082f137c0a4c9edaddd52b1fd,5c9f3097f3aba367342e6237eb0bd9f8,delivered,2018-04-30 15:26:52,2018-05-01 05:54:47,2018-05-02 13:19:00,2018-05-07 13:41:52,2018-05-18 00:00:00
db594d5ffa3060a8a682a7057a904f29,5bef4f44ca94736a626361ecd6066230,delivered,2017-11-24 01:55:03,2017-11-24 02:10:00,2018-01-03 18:37:51,2018-01-08 18:17:40,2017-12-14 00:00:00
8578000d0000b3bacf28bd31ee906b92,cc1052040f688d68994f5645c551ff78,delivered,2018-04-11 21:51:09,2018-04-13 02:32:02,2018-04-13 23:06:39,2018-04-23 19:46:54,2018-05-10 00:00:00
ac0453dee118265767bf9c26966ccbde,e3ab519b9f2681e43d1ecc7f1cfa5a81,delivered,2018-06-25 21:56:11,2018-06-25 22:17:06,2018-06-26 14:28:00,2018-06-28 18:46:31,2018-07-16 00:00:00
87ca9106c9cd25cfd5d85ee98d29d0fc,58e8acc1cb01e1f8f15f1413019d0457,delivered,2018-06-18 17:41:43,2018-06-18 18:02:47,2018-06-19 12:09:00,2018-06-26 16:36:28,2018-07-05 00:00:00
2095de529ec22771a4996c8ef81f6ba7,da39c932a77f8bc1295a49f1ff45f5f4,delivered,2018-08-22 13:35:33,2018-08-22 13:50:12,2018-08-23 12:39:00,2018-08-27 21:51:41,2018-08-30 00:00:00
3daf8a0b8f1b1016e1bd500821a8d0c7,182087b1558916ad385080c371df4fe9,delivered,2017-08-30 13:17:57,2017-08-30 13:30:13,2017-08-30 19:19:04,2017-09-13 23:46:58,2017-09-20 00:00:00
7a7375f58149053d599aae579288fd96,de7a087330a6bb7fe20d36390a5c2574,delivered,2018-04-27 18:13:27,2018-04-27 18:32:08,2018-05-03 14:47:00,2018-05-23 18:21:49,2018-05-16 00:00:00
2a4f7453c73c4b1383b45944fd590c25,ecb3cacab8da3c0858a498a608630308,delivered,2017-10-04 17:39:19,2017-10-04 17:49:28,2017-10-17 22:35:04,2017-10-19 18:05:50,2017-10-31 00:00:00
35b0513eaf7a477cdb93469b7b4a3d6c,8392aac1ac8a8a59e95b757b50387c0b,delivered,2018-04-18 14:26:43,2018-04-19 07:09:18,2018-04-20 20:26:44,2018-04-30 17:29:41,2018-05-11 00:00:00
6b2d24ed79ed33468e02675c7e93fed8,06635cef8f8be90b8a6a6dd84075b39e,delivered,2017-07-20 17:46:24,2017-07-20 18:03:26,2017-07-24 12:57:57,2017-08-11 14:32:47,2017-08-15 00:00:00
c3a1f7b3c574d1e8417bead437baadaf,a12aa449040e9ac7ea1a7ae64dad0176,delivered,2018-04-19 06:19:51,2018-04-19 06:30:14,2018-04-19 21:54:25,2018-05-12 14:38:38,2018-05-28 00:00:00
9e5fc42becc8679682eb9d170dad5705,2ad943181e808e1c79612fe5fb565063,delivered,2018-05-04 17:38:37,2018-05-04 17:55:30,2018-05-08 15:13:00,2018-05-15 11:48:42,2018-06-05 00:00:00
69fc55f48e5117131b48477c34bbad8c,72fbcb6b724fd7646a1dd48df60752ff,delivered,2017-08-30 09:13:13,2017-08-30 09:24:26,2017-08-31 19:24:24,2017-09-11 20:04:47,2017-09-21 00:00:00
40542f414acd736bdacaeb85dc7df95a,4c617161230211252e057caafba04bbb,delivered,2017-05-02 14:11:00,2017-05-02 14:22:39,2017-05-03 12:33:04,2017-05-08 10:42:33,2017-05-31 00:00:00
2760fc9dd1ab8d8e9269d4d9f7ee48f6,221ed878c20bb0791cddf7f7faeb025c,delivered,2018-08-10 20:08:01,2018-08-10 20:24:30,2018-08-13 14:14:00,2018-08-16 21:48:52,2018-08-23 00:00:00
95807754346c1a01b8040f29f42f74d7,986984da9f2ee3656b19f0c0bd10f097,delivered,2018-07-03 20:23:05,2018-07-05 16:31:46,2018-07-04 12:31:00,2018-07-10 16:52:26,2018-07-24 00:00:00
e82814bcbe40982225e142717ff99d69,9422f81fde161e5d65718e6b1ae0a96e,delivered,2018-05-17 09:18:52,2018-05-18 02:55:16,2018-05-18 14:14:00,2018-05-25 21:07:33,2018-06-08 00:00:00
183c12927ff8c2fbbd1786541de98dca,92af88ecbab907c773739e57b6201628,delivered,2018-05-09 07:03:01,2018-05-10 07:09:42,2018-05-10 19:05:00,2018-05-11 14:42:34,2018-05-17 00:00:00
58e4f337e6222b76df3642affa8a0605,45ff99298b13ff934ceac68fe8ce405f,delivered,2018-06-05 01:26:41,2018-06-05 01:50:07,2018-06-05 10:34:00,2018-06-06 17:06:06,2018-06-29 00:00:00
f59424baad3fb86561ddc055c935fdb8,6b457b9e4c9a7894b2d4c3da6d039b1a,delivered,2018-05-23 23:41:19,2018-05-23 23:54:51,2018-05-28 14:01:00,2018-06-07 01:44:24,2018-06-21 00:00:00
d4ccce5bb74fa1b913fefb501f0d63b5,df00b2504f1669b660b7eab5c0331e9a,delivered,2018-04-15 20:07:56,2018-04-15 20:30:58,2018-04-17 14:19:14,2018-04-30 17:50:52,2018-05-21 00:00:00
0a584a18a05ee90c0e3793bb14a9ad3a,0d55393eac5360eec19095b10b1fab90,delivered,2018-06-21 01:15:25,2018-06-21 01:38:57,2018-06-21 15:17:00,2018-06-27 16:58:44,2018-07-04 00:00:00
87f1b9ad1e34b07badd5ba188838d127,2b6c4b1ee772f4932d7e85d6bbc64363,delivered,2018-01-19 07:31:59,2018-01-19 07:39:22,2018-01-25 20:23:03,2018-02-06 16:35:36,2018-02-14 00:00:00
6508f1528c3648c8a9f751e811520269,326976c87b24b73a0a4d9f7e19f3abdc,delivered,2018-01-31 11:43:08,2018-01-31 13:54:56,2018-01-31 23:18:31,2018-02-14 15:19:04,2018-02-26 00:00:00
8c026d542e6e6803115061acaed02330,76d32b8bc897c6f37d8a9d9b4f7bac2f,delivered,2018-03-20 13:20:40,2018-03-22 02:49:50,2018-03-23 00:16:41,2018-04-12 17:46:32,2018-04-09 00:00:00
ddb860efe17d6082630b99db1200b1c0,dfe533d0707629488eb4571a6dd315cd,delivered,2018-08-20 09:09:53,2018-08-20 14:35:50,2018-08-21 14:29:00,2018-08-27 22:03:33,2018-09-06 00:00:00
5af5569e61eae15d683a20b707882e60,65f3fd33198f167c161230c7aacfb2ad,delivered,2018-07-17 18:10:00,2018-07-17 18:21:33,2018-07-18 15:51:00,2018-07-23 17:48:32,2018-08-10 00:00:00
3513fc8efdce4afab5abc80cf24981f0,b45089bab74f82570b6e4b765a86aea5,delivered,2017-05-05 11:17:38,2017-05-05 11:30:17,2017-05-05 15:14:40,2017-05-11 08:26:43,2017-06-01 00:00:00
b00139d06ab8c3d765c3f2af0e181f9a,5c543a7ee18263a51c05becfb86627f2,delivered,2017-05-15 13:54:29,2017-05-15 14:05:16,2017-05-17 16:13:49,2017-05-31 10:17:02,2017-06-08 00:00:00
4d7a365119241cbd17c7afb5b39bb9a0,7b1536d40b410674d6580bf1a6883985,delivered,2017-01-29 20:53:13,2017-01-29 21:40:45,2017-01-30 11:45:17,2017-02-02 14:38:06,2017-03-07 00:00:00
ab25c53c5259e107072732c1bae15244,d63e3e806d1c9000c9d7854f73cd0a8f,delivered,2017-09-13 08:35:29,2017-09-14 02:55:34,2017-09-15 18:55:57,2017-09-26 20:33:39,2017-10-06 00:00:00
5847b00fe9b3df8c2c090ec62a73f9d9,905b09aceebfc1b85def06a740b70399,delivered,2017-12-06 16:59:53,2017-12-06 17:13:22,2017-12-07 21:58:50,2017-12-18 23:23:41,2017-12-29 00:00:00
021d08e4057e5b6414c8d2f69f4f72a0,7470a1ddb5f78a811fbef15b2556781b,delivered,2016-10-07 17:37:49,2016-10-07 18:01:40,2016-10-25 12:05:58,2016-10-30 01:25:57,2016-12-19 00:00:00
35990049382e07dba1a9ef3550cad655,0179f2f4c32e0b0c2a4cb0d57e7d5a26,delivered,2018-05-10 19:22:34,2018-05-10 19:37:39,2018-05-11 13:11:00,2018-05-17 20:16:07,2018-06-12 00:00:00
545795e47c9e134237b256ef5b98857b,43940279ae4eb68e5e8047f5af626329,delivered,2018-06-30 10:18:49,2018-07-05 16:15:56,2018-07-18 13:29:00,2018-07-30 13:55:57,2018-08-02 00:00:00
7f7b0dbca9d4f3fe1e1bd04866499f8d,04ea55920e35d12b624eed3a92b137f8,delivered,2018-02-03 21:54:08,2018-02-06 04:32:58,2018-02-09 22:52:29,2018-02-22 19:14:00,2018-03-13 00:00:00
64b124e81c976cf11238b0bd8ae04aff,a36874062543a8fb71e68e85a85ca3ec,delivered,2017-06-03 18:50:13,2017-06-03 19:02:05,2017-06-05 10:47:40,2017-06-26 10:15:02,2017-07-10 00:00:00
a245546c993a6f40b013cf1935965656,6957b3f555a2d12a5695c6108789df75,delivered,2017-03-16 19:42:36,2017-03-16 19:42:36,2017-03-17 10:41:47,2017-03-31 12:39:44,2017-04-10 00:00:00
af6e44b9d409160a33f41a80537af9b2,1a71c3ead49ef67aed93c31aacc4d046,delivered,2017-10-03 14:30:50,2017-10-04 02:49:34,2017-10-04 18:48:09,2017-10-18 16:40:28,2017-11-09 00:00:00
fe1a5360c2abc136a4ff63ddb09a33b4,878ea9106a20b18fe743a63aabe69853,delivered,2018-07-29 16:19:32,2018-08-01 16:31:44,2018-07-30 15:34:00,2018-08-08 00:42:42,2018-08-08 00:00:00
4f55eae15690f1956ad981d54a08a22c,2442520164337b8eed2f2a9d1fee6021,delivered,2017-03-05 12:29:19,2017-03-06 02:05:14,2017-03-07 10:54:55,2017-03-14 12:27:53,2017-04-03 00:00:00
5eff641a591dc86709424d65585467a5,7f67f25d7af1b0e5955c58f844aa41c1,delivered,2018-07-10 23:57:20,2018-07-11 00:10:13,2018-07-11 12:01:00,2018-07-21 16:07:41,2018-07-30 00:00:00
b75335994c32baf97dc6ab68ecc64e4f,1927c5e53ceafe1b0d6a5ca2f20286d8,delivered,2017-12-18 22:40:03,2017-12-18 23:51:34,2017-12-20 19:42:17,2018-01-03 19:41:26,2018-01-11 00:00:00
bfaf4827cdd358e6cc443e44f9f9132f,b6f1ce97a5c1317696905cc28a6a5857,delivered,2017-09-09 19:46:20,2017-09-09 20:06:03,2017-09-11 18:49:53,2017-09-18 14:20:06,2017-09-28 00:00:00
98179ecee6d0176b359568f49c5ceffa,83995b06f96e8a3f6dc6711cfd0c261a,delivered,2017-09-09 16:01:35,2017-09-09 16:15:10,2017-09-11 16:52:32,2017-09-20 15:53:38,2017-10-03 00:00:00
a8159270bc9cf7d54450e079ba6b7232,839b3007f7e5aee8f8eb130c8fa51c29,delivered,2018-04-01 11:58:04,2018-04-03 05:35:27,2018-04-03 19:47:10,2018-04-20 20:56:36,2018-04-20 00:00:00
bef03713fe5980450be9ff427e26b699,5a1e1bd65193677d3cec2a77ce02bf18,delivered,2018-07-07 14:14:00,2018-07-07 14:25:46,2018-07-09 14:32:00,2018-07-13 13:08:34,2018-08-06 00:00:00
da911c95ac6e4e0d008a7ec3d961554a,ad51902b16f520adb4013d26a3952d51,delivered,2017-07-20 18:55:51,2017-07-21 02:45:49,2017-07-21 19:02:53,2017-07-26 01:04:58,2017-08-11 00:00:00
90bd4466c2905d7b5b56370149e62bcc,f11278c6a8edfe30db8bb9506ecbdff2,delivered,2016-10-09 11:33:12,2016-10-10 00:22:44,2016-10-15 10:09:46,2016-10-21 21:17:53,2016-12-06 00:00:00
4315afe81f99b1c8d4c3c9ecaa6852fe,e69b6e58854eac54ef38c49d7b6e551b,delivered,2018-02-16 14:45:31,2018-02-16 15:07:03,2018-02-19 21:55:53,2018-02-26 16:22:41,2018-03-08 00:00:00
c9dbbd1ca9411200390b157cb42ea79a,10fe5969e9451138c0f393cf702f8495,delivered,2017-05-01 01:18:22,2017-05-01 02:55:20,2017-05-09 13:58:24,2017-05-12 12:23:06,2017-06-01 00:00:00
e96945cd2dc4e28e0089daf1c02476db,a5f95b21855ece6f75ed48e39bdba34c,delivered,2018-06-11 16:59:53,2018-06-11 17:20:29,2018-06-12 13:08:00,2018-06-23 11:07:30,2018-07-13 00:00:00
2bedc0d7231e504d0476c606108e7e73,fff93c1da78dafaaa304ff032abc6205,delivered,2018-06-13 01:57:22,2018-06-13 02:59:41,2018-06-18 14:01:00,2018-06-21 11:56:46,2018-07-11 00:00:00
e34bf2727ca40398b3762debb7512787,860ec782e574f57f6896c9ece4df37e6,delivered,2018-05-18 17:27:21,2018-05-19 02:58:55,2018-05-21 15:39:00,2018-05-22 18:12:42,2018-06-01 00:00:00
9a769002f689e9dd972f6008d7312ead,aa9615c04bed4291268d1704096f9087,delivered,2017-03-04 20:09:02,2017-03-04 20:23:16,2017-03-08 13:42:06,2017-03-16 12:04:55,2017-03-29 00:00:00
60f2e590036bd3ff5c956e9bcdfe56ac,f4a5dde2323736baeba0f5f2f1aa780f,delivered,2018-05-04 10:44:54,2018-05-04 11:11:44,2018-05-07 11:33:00,2018-05-11 00:05:10,2018-06-01 00:00:00
be3e82e85f91b973f1fbc0c75fb1b465,eb16dc79e70959059786731181942922,delivered,2018-07-10 14:51:40,2018-07-10 15:07:12,2018-07-11 15:23:00,2018-07-13 14:42:38,2018-07-19 00:00:00
8c49dc4a643a15ef1db44391d2034366,5285c1f9715e25a883d2c74686f13114,delivered,2018-07-27 20:53:08,2018-07-27 21:10:09,2018-07-30 07:55:00,2018-08-03 17:45:54,2018-08-21 00:00:00
0911e1a17247955a0d55f29f3199272b,05410463d02d98f83438d9ab15a0cab1,delivered,2018-02-22 20:29:58,2018-02-22 20:45:35,2018-02-28 23:03:35,2018-03-14 13:14:42,2018-03-21 00:00:00
1f2d748b450582951d24a89c0e2fa4d4,63070e4e96e9d1d514fa14fe39ff5ded,delivered,2017-11-24 13:28:36,2017-11-25 06:31:34,2017-11-28 17:54:00,2017-12-09 15:24:47,2018-01-04 00:00:00
b0707b7956935b194cfa319dc1501d96,356788ba3ba9a9080367ee0d4e63848e,delivered,2018-03-22 00:13:15,2018-03-23 14:29:07,2018-03-27 01:18:55,2018-04-03 12:51:46,2018-04-12 00:00:00
93a5d882408bb90dde6eaf5159ac5adb,aa1e905d7034f4bff3e428ebd1c9c16d,delivered,2018-03-09 13:10:22,2018-03-09 13:28:37,2018-03-12 22:36:33,2018-03-23 22:03:48,2018-04-04 00:00:00
442c441e8e8588cbf0f462423f7d864b,eacdd50c53863a0addb2f31544628198,delivered,2018-07-09 10:22:48,2018-07-10 04:35:10,2018-07-11 12:30:00,2018-07-12 23:52:55,2018-07-18 00:00:00
681fc152c63481373cecdd46e390fe6b,efabb2b271a2d7ced97c99c3cbbe3870,delivered,2017-10-09 16:41:37,2017-10-11 03:35:21,2017-10-13 18:27:30,2017-10-24 20:52:22,2017-10-30 00:00:00
cd63595a31d3717ff7ea9a0b041104a9,88427d6cb0325a6da3f9a0201a17338c,delivered,2017-01-23 20:46:11,2017-01-23 20:55:17,2017-01-24 11:37:15,2017-04-26 15:36:21,2017-03-02 00:00:00
5bd6d7a2a88f8150d8fa5b7e9158ec7e,8aed5e76471af1470607b27d670075a6,delivered,2017-05-25 15:11:45,2017-05-25 15:25:09,2017-05-26 11:54:09,2017-06-10 09:19:50,2017-06-27 00:00:00
6fb0ec015d5b4e5f4031a61d1a6e1f64,53841c42d78195b64d7db922c8fc33f7,delivered,2017-11-17 07:40:09,2017-11-17 07:55:20,2017-11-18 15:48:28,2017-11-22 23:56:42,2017-12-06 00:00:00
352c07bd942e2c6def34464d7d84469a,ec88af0313a04a591597b79a08501f2d,delivered,2018-04-08 12:47:49,2018-04-08 13:10:08,2018-04-11 00:14:24,2018-04-11 16:21:26,2018-04-19 00:00:00
3791546188451960cd4606d482b3658e,3761fb97ef1682ad84904bc2fb970b7d,delivered,2018-03-29 11:21:05,2018-03-29 11:30:22,2018-04-02 23:24:44,2018-04-09 18:31:48,2018-04-20 00:00:00
fad1e133ca16d525f3b6e2ae6008840e,7076c7f3aecf10b4e928caef589ebd18,delivered,2017-08-15 11:29:19,2017-08-15 11:55:18,2017-08-17 20:10:01,2017-08-23 17:37:53,2017-09-04 00:00:00
459a7160018ed718a744f12b450a46c5,313b86166962ce166569a4da31f25a22,delivered,2018-03-30 19:38:26,2018-03-30 19:50:10,2018-04-04 20:10:59,2018-04-20 20:03:34,2018-04-19 00:00:00
3363886715280209c8fb0bba5cc4ab95,7af6f16370ff07d2d1fbb16b3f23496f,delivered,2017-07-20 12:14:40,2017-07-20 12:30:08,2017-07-22 14:43:25,2017-07-31 20:22:05,2017-08-15 00:00:00
5d848f3d93a493c1c8955e018240e7ca,0e4fdc084a6b9329ed55d62dcd653ccf,shipped,2017-05-15 23:30:03,2017-05-15 23:42:34,2017-05-17 10:42:20,,2017-05-26 00:00:00
b30b24f06aaf93a002acff534e7bddff,acc6a0bb583b78406eea9ca0e283ee0e,delivered,2018-01-18 14:04:16,2018-01-19 02:36:59,2018-01-19 20:25:34,2018-01-31 21:12:54,2018-02-02 00:00:00
fb5162f6bb1fae60905bc92d1f1c6e49,3c80d9695c40154d0b7880e506e5f648,delivered,2018-02-05 21:42:18,2018-02-05 21:55:24,2018-02-06 22:54:39,2018-02-20 18:53:27,2018-03-12 00:00:00
b75ec2d4ba9e40634c65c4b6be946b6c,b84999d47cecf126835a23650ee4ecb8,delivered,2018-08-19 20:04:58,2018-08-20 14:53:37,2018-08-21 10:39:00,2018-08-29 19:18:24,2018-09-05 00:00:00
3c37c0f0e8a0e6d94c555141221ddc1d,166a0d1044fdcaf47697b34f13079170,invoiced,2017-08-30 21:28:09,2017-08-30 21:44:34,,,2017-09-20 00:00:00
916c26a4b35875fa3e5237c9abb44c2c,c68ef50ab50bcd3641328ffe3f745771,delivered,2018-04-15 19:15:18,2018-04-15 19:31:14,2018-04-16 17:58:33,2018-04-25 00:59:33,2018-04-27 00:00:00
fa5b0745a97bb05ab2f5ce4642a1e16b,ab407bdc2ddec4a08ccb2441648a7c87,delivered,2017-11-27 11:07:44,2017-11-27 11:35:30,2017-11-27 21:24:58,2017-11-30 19:13:39,2017-12-19 00:00:00
6db52864e566d8d4dd332974496a3c67,fd636f2e6a579b3241357a76b71b88e6,delivered,2018-02-01 17:04:46,2018-02-01 17:16:08,2018-02-05 22:58:32,2018-02-15 15:04:49,2018-02-19 00:00:00
8937c3e485f73f480931feaca88a35cb,ecfea8bfe1a00c6b4bdac9d7524efce3,processing,2017-02-16 19:56:08,2017-02-18 19:50:19,,,2017-03-29 00:00:00
00756576f4e494406945ac21cb82cfe0,f51670c66e7e928844fc66261ed1b91b,delivered,2018-01-30 18:08:21,2018-01-31 13:31:57,2018-02-02 16:28:53,2018-02-09 16:23:23,2018-02-23 00:00:00
6e1199a328a9d52a7f04542ee9092ff1,89ed9f545e7adb16e072d52358423f8c,delivered,2018-05-29 03:34:16,2018-05-31 03:10:21,2018-06-04 15:23:00,2018-06-08 16:35:39,2018-06-29 00:00:00
fcc8173153ab317f1827da42e62661f6,f0b07dbbb28c0b794c5f937e2a8c34ca,delivered,2018-01-27 19:16:37,2018-01-27 19:30:42,2018-01-29 20:33:29,2018-02-02 17:15:17,2018-02-20 00:00:00
9014b176a3efa6ac1b06cc50cf2d3fff,b38a443c4aadfa25d901d82ccb308dc5,delivered,2018-08-20 13:03:33,2018-08-20 15:50:24,2018-08-22 14:29:00,2018-08-27 15:37:30,2018-09-13 00:00:00
3f606b2bc4208fc4186a5105ccef5197,85e223135c4283c5a41fe1b53b53e9d1,delivered,2017-10-11 09:00:39,2017-10-14 03:27:47,2017-10-16 18:42:02,2017-10-23 15:42:49,2017-11-07 00:00:00
482a3e5009a4090348fe6f7d637a53a4,d49cbdbee1c22fbbc2ac603f3c4f17fb,delivered,2018-03-27 17:42:37,2018-03-27 17:50:20,2018-03-28 23:16:30,2018-04-18 20:13:47,2018-04-23 00:00:00
674e6f9346c417bc4de022b215ba282b,284e4fc3613d923fe4308e5aa54ce884,delivered,2017-03-13 02:05:23,2017-03-13 02:05:23,2017-03-14 14:03:12,2017-03-15 14:27:39,2017-03-31 00:00:00
8fb8d0916495ed884bf2dc5db9c771ce,b6844d6c3473b97ac44a3ae88e5287e0,delivered,2018-02-23 12:52:13,2018-02-23 13:15:38,2018-03-12 18:26:48,2018-04-09 20:04:58,2018-03-20 00:00:00
269b7af9855d9f15ae366874df6c3aeb,0efd489ae0fdcbb706013c9b12ece141,delivered,2018-04-21 10:34:31,2018-04-24 18:32:53,2018-04-27 15:02:00,2018-04-30 22:46:20,2018-05-07 00:00:00
b9de8e8832759dcda0d6543a57db6715,ccec27a960ace5d580c23cdd267a963b,delivered,2017-10-26 12:19:05,2017-10-27 02:55:20,2017-10-27 14:06:10,2017-10-31 16:27:34,2017-11-14 00:00:00
b370e2d776f17cc50260493b2ae2d4fb,4bf0d6956d9db8ab89d0ad604226278c,delivered,2018-03-30 20:42:09,2018-03-30 20:55:41,2018-04-02 23:54:34,2018-04-04 19:14:47,2018-04-18 00:00:00
8964f4133f8364b5b7e09a6b274751cb,0eedc4b5eb923e6f72de7ef40ee46162,delivered,2018-05-11 16:21:04,2018-05-12 16:15:14,2018-05-14 14:50:00,2018-05-21 15:26:54,2018-05-30 00:00:00
9142a3c29501af1e90aa7eea2a6949b3,a8876ecd91fd22bc8b420c9a4be69955,delivered,2018-03-05 14:54:33,2018-03-05 15:10:31,2018-03-13 18:58:28,2018-04-03 19:41:49,2018-04-04 00:00:00
6595ac809d7aefcb6c774733b6fd6055,c5f540feddbbe5117756831cc109b1de,delivered,2017-04-03 10:37:48,2017-04-04 06:35:11,2017-04-05 12:50:21,2017-04-13 17:26:00,2017-05-09 00:00:00
d7280c643438b6380bc7b6d9c28fb175,9f7e1eca162ba964a09cb214b05b8497,delivered,2017-08-24 16:49:50,2017-08-24 17:05:18,2017-09-08 15:37:52,2017-09-16 15:13:59,2017-09-20 00:00:00
00588f5f20fee630b83d4709e0a42715,b129d989bd1940915efbdc2d239386d3,delivered,2017-08-18 16:02:24,2017-08-19 16:04:45,2017-08-21 21:12:51,2017-08-30 20:43:32,2017-09-29 00:00:00
26a14aeb2410adbbf74a72c4ef0c8ae3,ab203421bf2878cd5d1361864472bd40,delivered,2017-09-29 19:42:52,2017-09-30 20:11:27,2017-10-03 15:18:08,2017-10-16 06:59:50,2017-11-03 00:00:00
9a4c784d443e8cf58374278572c916f9,f97e34e3f886be794716f2748905d78f,delivered,2018-04-11 10:47:05,2018-04-11 11:10:34,2018-04-11 22:37:25,2018-04-12 14:42:48,2018-04-25 00:00:00
39f9559c0533f3ea56143c01bfdd7d9c,1d61114ff988a568ad5b62da890926ed,delivered,2017-03-07 16:20:35,2017-03-09 02:55:26,2017-03-10 14:12:58,2017-03-24 11:33:13,2017-04-07 00:00:00
f5fd5a60ecd5d154ea3e307e70188123,b270579c1935934a8c214895e6086b89,delivered,2018-01-22 22:27:17,2018-01-22 22:37:27,2018-01-24 01:08:51,2018-01-26 17:37:20,2018-02-06 00:00:00
a013a41ba6127d4d8f594d0340d7627d,3ab0007af7ec055fa75339b04fbb2dce,delivered,2017-08-18 12:02:45,2017-08-19 02:15:26,2017-08-22 19:54:51,2017-08-28 19:48:02,2017-09-13 00:00:00
7340c729fde93acb80c6932a5b883d73,7b1f7ba982a688da2fa0cc1b56749d8b,delivered,2018-01-17 20:50:24,2018-01-17 21:10:06,2018-01-23 23:25:48,2018-01-26 22:47:38,2018-02-14 00:00:00
e9dfc83e3a97891266e996cc26a388b0,b49b8fc199c7b5e7f87655ef2d542874,delivered,2018-06-27 09:49:43,2018-06-27 11:06:19,2018-06-28 11:57:00,2018-07-05 21:27:10,2018-08-09 00:00:00
06495b5a6aa3e4527e8c1fb34d47ea70,0e178c8fb4e6772ba156b0b795993c2d,delivered,2018-02-21 00:35:53,2018-02-21 05:15:33,2018-02-22 16:35:38,2018-03-13 22:11:22,2018-03-19 00:00:00
31ef673f8e35f0cde11a5945a4f7a39d,2eb5baa5fc118975682ae91596bbe78a,delivered,2018-05-15 14:34:25,2018-05-15 14:55:34,2018-05-16 14:00:00,2018-05-22 19:14:38,2018-05-30 00:00:00
1768e7971ac449abce2917f608c8a69f,989b74c3570c64316628830fe692dc3a,unavailable,2017-03-15 13:20:25,2017-03-15 13:20:25,,,2017-04-12 00:00:00
52267d8c7f4a0227294efd0ef23fcefb,142fa91f4a5dddcf7df5f761f310fd61,unavailable,2018-01-21 13:23:04,2018-01-22 13:50:09,,,2018-02-06 00:00:00
c224c9c2f8598269441c76eca7720448,e1c29e7ed268f22c955322c710a37174,unavailable,2017-11-21 11:34:01,2017-11-21 12:10:08,,,2017-12-12 00:00:00
d5a0ba4a296ed948a8c9536f557cedb7,8781dd7a3b1e8a293587b0c07e4e60ec,delivered,2018-02-21 21:21:00,2018-02-21 21:30:23,2018-02-26 14:32:47,2018-03-13 20:14:19,2018-03-19 00:00:00
9de066b66e2d360fe874c00becef6a22,88194e67a78e0bd069e3150058fbd5c8,delivered,2018-03-21 11:29:28,2018-03-22 11:35:24,2018-03-24 10:12:03,2018-04-10 20:32:37,2018-04-13 00:00:00
cd0e3aa0b83f4e50e2bdaaaf840a54ba,b59dbd9094646a60fab69da30b736b1b,delivered,2018-06-06 20:11:02,2018-06-08 03:14:07,2018-06-08 15:14:00,2018-06-10 15:32:55,2018-07-03 00:00:00
8ac26cb701a7887cc7c458683408c56a,e8d9522aec46a24f049b2db9f06dff9d,delivered,2017-05-16 15:54:51,2017-05-16 16:05:14,2017-05-17 11:56:57,2017-05-31 11:22:20,2017-06-13 00:00:00
c4416b46a61a027f858fdc3746644312,db07ec47837ea47b679c7d7bc49a2a67,delivered,2018-07-14 14:13:27,2018-07-14 14:25:15,2018-07-17 14:12:00,2018-07-26 02:06:24,2018-08-08 00:00:00
21eb47858aa7100e94ede112bf5ed1b3,df5e4aab3ffa6952f744401391b14066,delivered,2018-01-01 17:17:13,2018-01-01 17:29:22,2018-01-02 18:48:54,2018-01-09 22:05:51,2018-02-01 00:00:00
ead4c08388cefdf5b94b748b223c7c33,85727ebde1c2a3f68b9ea3f864382dfd,delivered,2018-03-13 20:26:19,2018-03-13 20:49:27,2018-03-14 19:41:43,2018-03-27 20:34:35,2018-04-10 00:00:00
541ed556b294e1dc5e80fb34a44917d3,3a161bae49880d0ddb3a1e151496d90b,delivered,2018-04-02 10:39:14,2018-04-03 05:49:07,2018-04-04 22:38:43,2018-04-24 21:16:43,2018-04-27 00:00:00
d27f68b7ab23e7d54229e59537c29176,24f24e0a790d2078061f35039cb310fe,delivered,2017-09-06 16:42:32,2017-09-06 16:50:31,2017-09-11 15:04:36,2017-09-15 19:49:44,2017-09-26 00:00:00
64e31c69d5a163acc2d5c0632001e4eb,33387b0074d1a4017ec034c902bac9b3,delivered,2017-11-27 17:10:53,2017-11-28 03:44:40,2017-12-04 19:52:24,2017-12-18 18:34:10,2017-12-20 00:00:00
364aedfbbc0fa797cdee61d4dc4d2dcb,b9dd2402a49f032e7942c2e126e34f52,delivered,2018-07-18 00:04:57,2018-07-18 00:21:48,2018-07-19 08:51:00,2018-07-24 21:21:27,2018-08-07 00:00:00
5d4a04483cce0b0e684e25f05919fa89,4c60fe3fdaef95d866f244636f242f2d,delivered,2018-08-21 14:37:10,2018-08-21 15:20:12,2018-08-23 14:09:00,2018-08-27 20:25:02,2018-09-21 00:00:00
1e31e7d6f842d0b5d1400ed7b6306bf0,59f64902cee384830e287540b58f98cb,delivered,2017-11-19 15:53:23,2017-11-19 16:06:39,2017-11-22 18:12:53,2017-11-24 18:03:54,2017-12-01 00:00:00
ffd9fe7f21106081de852f98c6c78dca,6cbf986a2e2aebe93c7f9ec8e598882f,delivered,2017-12-22 01:50:26,2017-12-23 08:09:39,2017-12-27 19:54:47,2018-01-18 23:09:14,2018-02-07 00:00:00
2b73dbb992c0aa00a2f031c7222d8792,0c8d6bbc798f3be3f8a28272dc070fc7,delivered,2017-07-28 08:26:08,2017-07-28 08:44:14,2017-08-03 18:42:47,2017-08-14 18:49:55,2017-09-08 00:00:00
f315217c0d9146e6018869629c9b4e5f,d174121c7375dfd60e474dca3832eab0,delivered,2017-06-27 11:28:59,2017-06-28 02:23:39,2017-06-28 15:32:58,2017-07-06 16:52:34,2017-07-17 00:00:00
46305152468c40eab4e76930746d4ab1,0cf6581eab07e09cb466aed8cd26107e,delivered,2018-07-26 10:00:07,2018-07-26 10:10:21,2018-07-26 11:03:00,2018-07-31 17:52:43,2018-08-09 00:00:00
d9f2f547b09a41a6cd964ab5e652f5ca,d88851c561082485bcd890c843893fc8,delivered,2018-03-10 21:15:26,2018-03-10 22:00:30,2018-03-13 22:26:43,2018-03-29 19:54:28,2018-04-05 00:00:00
e18d4eb13f1910fda9a9b86f190ae508,f30a1264b93b55ab92d2a2a202c32ac1,delivered,2017-06-05 12:53:57,2017-06-05 13:05:33,2017-06-09 16:02:27,2017-06-22 14:33:02,2017-06-30 00:00:00
353a971e298d36b113bdded48003102d,efcedc1fbcd8066047fc017291654449,delivered,2017-11-25 10:07:27,2017-11-25 10:16:44,2017-12-11 17:29:03,2017-12-19 19:38:46,2017-12-18 00:00:00
5b8ee358a856b984447f8fab66c798cc,573b52edbe089b1124b9ab66535e07d6,delivered,2018-03-21 07:37:57,2018-03-21 07:55:39,2018-03-22 19:09:09,2018-04-12 00:48:31,2018-04-26 00:00:00
03b5a8a7f871d2a792f7af458fe13b4a,33f307d7f53585400ed7821b15a43132,delivered,2018-06-10 21:37:36,2018-06-10 21:51:55,2018-06-12 06:47:00,2018-06-18 18:48:24,2018-07-04 00:00:00
6d771a62f8e59777188b20db61acb214,da2468255bbed189389e37ff2b98c534,delivered,2017-10-02 14:57:03,2017-10-02 15:07:16,2017-10-03 15:29:00,2017-10-06 17:05:35,2017-10-30 00:00:00
70e6517f1dbbc45684b77b43123539be,6b9dc02c5b16457dfd5325b2fc0e9b04,delivered,2017-06-25 23:10:29,2017-06-25 23:22:52,2017-07-03 11:22:30,2017-07-05 15:22:06,2017-07-18 00:00:00
4878c3e81ce858124e902e2ecd97e6de,296294963bbb1fd2276b79361c86b842,delivered,2017-09-27 11:38:11,2017-09-27 11:49:56,2017-09-28 14:56:42,2017-10-06 20:03:05,2017-10-24 00:00:00
39d83b95ee59584c2232febd3336f1e5,24562eac37931aaefdc9e16c0bb0a988,delivered,2018-01-15 15:11:37,2018-01-15 15:29:43,2018-01-22 22:17:36,2018-03-03 00:18:43,2018-02-23 00:00:00
4dc9ffb13707b820e05c71f5a0ad967f,758700d093b1cfe56f4a4efad94745ab,delivered,2018-06-29 12:32:54,2018-06-29 12:49:51,2018-06-29 14:47:00,2018-07-03 19:58:43,2018-07-17 00:00:00
c71ea8a5b6871328f8f6fc3998b96e2f,d94318baed6b8508abf89b3056bff788,delivered,2017-07-05 11:00:26,2017-07-05 17:39:25,2017-07-12 19:27:34,2017-07-19 01:57:44,2017-08-08 00:00:00
ae2d7541c0bf40bcdf14b7fe20c00eb1,550ca60e4c24ce8ab68308e36d3f9534,delivered,2017-03-30 21:54:12,2017-04-04 06:05:28,2017-04-04 13:37:39,2017-04-18 14:17:35,2017-04-24 00:00:00
ae9d0bf6ee87cd0c5477703af0183e3d,36f9207e4dc61ce2430b37d4e4eebbb2,delivered,2018-02-07 09:24:38,2018-02-07 09:36:06,2018-02-07 19:36:04,2018-02-09 01:29:24,2018-02-23 00:00:00
bd06f0dd5f59d29468f92ccb45bec510,668f3fa4cc9569a5d45726242e1310b0,delivered,2018-04-11 20:41:25,2018-04-11 20:55:24,2018-04-16 21:03:19,2018-04-24 11:32:10,2018-05-24 00:00:00
f29044e048ba222cad4d3d69dc591186,c86e76efe8eec728f724cda7411de62f,delivered,2017-09-25 11:46:14,2017-09-26 06:33:43,2017-09-29 19:35:36,2017-10-09 23:12:07,2017-10-11 00:00:00
16d353779b7e746727313fe0b83a5cb3,24eafdf1adba85219732e8ec88a8ba3b,delivered,2018-06-13 20:38:23,2018-06-13 21:00:36,2018-06-18 06:34:00,2018-06-27 00:03:58,2018-07-23 00:00:00
125e0c61fdbfc589f33683322310b7a9,c9d1fb28967e8e78d71aa54853d56306,delivered,2018-03-14 20:17:01,2018-03-16 03:45:20,2018-03-16 21:58:48,2018-03-27 22:14:35,2018-04-19 00:00:00
15e59b8fd2802ac2c5e6d7571775b661,3afd37d52008fa63a8f8872bd5af223c,delivered,2018-01-09 22:33:08,2018-01-10 10:31:31,2018-01-15 23:44:58,2018-01-22 21:52:51,2018-02-05 00:00:00
d01395763bb11d18d9482f322715b80d,9f245dbd9c58b9856a0cfd5b2a481a6c,delivered,2018-08-28 12:48:50,2018-08-28 13:04:17,2018-08-28 14:00:00,2018-08-29 15:44:47,2018-08-31 00:00:00
b4319389e5cab88511c93e1f16e66c69,1e28576b21289ceedbf52b087d19283d,delivered,2018-03-11 19:25:41,2018-03-11 20:00:24,2018-03-14 01:03:29,2018-03-22 20:36:26,2018-03-28 00:00:00
6f2849e42b2d61384f499ab4bc2a5206,a190f4bbd7900a0fc820f0be7cbbded1,delivered,2018-03-20 16:18:39,2018-03-22 02:49:45,2018-03-22 21:20:40,2018-04-05 00:22:44,2018-04-16 00:00:00
bf1f33df43577a77207c702c39eb3056,844bdaca34a0e59b9476ad8f38ff1390,shipped,2017-06-08 16:35:57,2017-06-10 02:50:13,2017-06-12 13:44:14,,2017-07-03 00:00:00
6b79c53cc0f1caf6aa3b3c6729cbaa15,7a59467e76dfe9bcea33647e331d65ad,delivered,2017-08-08 07:54:53,2017-08-08 09:03:01,2017-08-10 21:05:15,2017-08-18 17:10:07,2017-09-06 00:00:00
ea1a388e3dfe8c2f47be2bc881a6669b,8dc521d271787249d2b4ee3976db97be,delivered,2017-11-23 12:36:18,2017-11-25 03:34:15,2017-11-27 22:46:06,2017-12-04 16:26:54,2017-12-13 00:00:00
c9802358e22624de37bfa2d8cee30297,bc71e53f95bc23680e841afa02fbc89b,delivered,2018-06-19 12:55:30,2018-06-19 13:17:18,2018-06-20 08:18:00,2018-06-26 15:03:33,2018-07-12 00:00:00
f67dfbaeb6d5c6188f0aa52aa1634a7e,75ca64dc8e37ef74840b9c5975c29fb7,delivered,2017-03-23 16:39:19,2017-03-23 16:50:13,2017-03-28 11:22:53,2017-04-04 16:03:46,2017-04-25 00:00:00
b8f158c49d2b09fe06025a4c5dc346f7,e282126399eecb8506f61840a0d65c15,delivered,2017-08-02 00:24:21,2017-08-02 00:35:17,2017-08-02 20:17:45,2017-08-04 20:42:04,2017-08-17 00:00:00
a3f9e137835e6b213ac38b80947c3b90,60cc47aa348aa7237977740f6db71057,delivered,2018-01-07 17:21:29,2018-01-09 07:16:59,2018-01-11 00:48:52,2018-01-21 17:55:36,2018-02-08 00:00:00
8f0d1e4aff4a184fed56a36ae1d48e9b,708fd6d10a6802bf7407c946fe20a5b8,delivered,2018-03-30 18:57:24,2018-04-03 05:10:32,2018-04-03 17:04:56,2018-04-10 19:26:54,2018-04-25 00:00:00
6675422f9d49e8525401bd2a643110b5,35aea88511c8610032abd3dfe755d0d1,delivered,2018-03-06 02:22:18,2018-03-07 02:48:43,2018-03-08 10:38:41,2018-03-16 13:28:28,2018-04-20 00:00:00
a068308d72bb8cf6b6b7815a3ee3840c,7765de07b0b2a50bb229b89784efbaff,delivered,2017-10-01 13:44:24,2017-10-03 10:07:22,2017-10-04 13:23:08,2017-10-16 21:34:56,2017-10-25 00:00:00
a251319d5dfbffe418e41459c227743f,0aad653c95d2d993aebe800c60a35558,delivered,2017-06-24 13:24:53,2017-06-27 04:15:27,2017-06-27 15:46:34,2017-07-13 19:16:28,2017-07-20 00:00:00
8fc8761fcdb6ded41323d2a484136e63,6898bdb434c7284e6a029910a073f542,delivered,2018-02-24 17:03:27,2018-02-24 17:15:29,2018-02-27 17:48:34,2018-04-05 18:31:43,2018-03-20 00:00:00
f915ed1f1575306e94ead41f9a2a5750,d972f8b63011e306f832b2eab57f0aa7,delivered,2018-04-22 18:10:48,2018-04-24 18:58:35,2018-04-25 00:56:51,2018-04-26 01:08:45,2018-05-08 00:00:00
d4cb1c0045dd65ebfe15e14c4d083281,71e0415715725a3be02b81d1d5222275,delivered,2018-06-17 21:29:01,2018-06-17 21:53:38,2018-06-18 10:06:00,2018-06-20 20:21:15,2018-07-24 00:00:00
8365af41fac1717b66572b10b9c060c3,147a1a4a05130bcd2cc5bfccf54c753c,delivered,2017-11-26 18:01:18,2017-11-26 18:13:08,2017-11-29 13:26:43,2017-12-02 12:53:07,2017-12-19 00:00:00
2922d9dd6672241cb658a40bf507e4b1,6b75995c62a24fe0ecf2ba831c454632,canceled,2018-07-11 09:55:49,2018-07-11 10:06:23,,,2018-07-25 00:00:00
b87cca02954de7fab0d5546843c56acb,3d8fef1c581a354a31b4b73eacb08b76,delivered,2018-01-25 00:08:19,2018-01-26 03:16:00,2018-01-26 17:49:07,2018-02-05 20:08:47,2018-02-22 00:00:00
064c5d7833bce7bb4c9bff1302ac9d0a,a747a8896b60b5b62650776b82fac7d6,delivered,2018-02-26 20:57:39,2018-02-26 21:15:30,2018-02-27 23:33:14,2018-03-23 19:54:53,2018-03-19 00:00:00
5be6381ed661b90ec9f7cfe2b7042955,47b596278938b9bdd07332f6b9e76810,delivered,2018-01-25 16:16:42,2018-01-25 16:34:55,2018-01-26 18:08:50,2018-02-06 14:47:53,2018-02-21 00:00:00
f05fbff4a434f4d0c1e09000bf45f06f,dc707154393bfd176a45a7bdd7e496a0,unavailable,2017-06-10 12:33:10,2017-06-10 13:02:14,,,2017-07-07 00:00:00
4dbca7341b34925d752e66dacb9bbae7,e180cb22c10859744b78296e8c461503,delivered,2017-08-15 17:34:00,2017-08-15 19:05:09,2017-08-22 20:44:45,2017-09-01 18:53:40,2017-09-06 00:00:00
46081612169925ef8882b3bbf1c5011d,75ed40e82dfc05de3c82d79a73f4b48e,delivered,2017-01-23 08:35:27,2017-01-23 08:50:09,2017-01-23 13:45:25,2017-01-27 14:27:51,2017-02-28 00:00:00
61b7f07d71e7fc1c7c14ee1bee152cff,aa9ed9bf93a60424f38411623fec1c96,delivered,2018-01-27 19:07:54,2018-01-30 05:31:37,2018-01-30 22:53:55,2018-02-09 01:26:33,2018-02-22 00:00:00
e8be4ed828717563c5a78ad96ba1bc7b,770a4dcf5b37e7a43be3fe5ebbfe4275,delivered,2017-05-29 15:51:23,2017-05-30 15:55:21,2017-05-31 16:07:50,2017-06-06 15:08:36,2017-06-26 00:00:00
851a1bb94704004cc93ad2edd7f6454c,717ed3929ad72154e69181f419c24cfe,delivered,2017-04-04 22:29:47,2017-04-05 07:50:12,2017-04-05 14:27:35,2017-04-18 12:24:12,2017-05-09 00:00:00
247ba9f6a94558776b1ccd2d59ce8cb0,cca9827c1bf2a5adfc9f187794c67b4e,delivered,2017-09-18 12:45:29,2017-09-18 12:55:23,2017-09-19 14:47:32,2017-09-20 20:09:15,2017-09-28 00:00:00
9ffdb44f6b79111e57d86b61146fba23,4ae146b62393e6b565cbc8d6cc149233,delivered,2018-06-09 15:42:39,2018-06-12 05:16:04,2018-06-14 08:20:00,2018-06-21 00:16:40,2018-07-17 00:00:00
b340bad398af7decf0274add863baa06,0d03a578cc1b3e2eb801d7a01ed817f8,delivered,2018-02-19 16:05:56,2018-02-19 17:46:58,2018-02-22 15:57:44,2018-03-07 20:12:30,2018-03-16 00:00:00
8c535ee262be59eb38411054b7365ca2,44336344f22fb3c2aa05af1ec8d6a3cc,delivered,2017-12-04 22:26:52,2017-12-05 10:30:42,2017-12-11 19:28:24,2017-12-26 18:28:44,2018-01-02 00:00:00
1362f8eb7b8f4e07b852a57afc251381,f5e6adb8cfb566e12ea544f1db2d8568,delivered,2018-07-23 14:22:06,2018-07-28 23:31:12,2018-07-24 13:17:00,2018-08-03 18:26:48,2018-08-10 00:00:00
c27815f7e3dd0b926b58552628481575,f85e9ec0719b16dc4dd0edd438793553,delivered,2017-03-15 23:23:17,2017-03-15 23:23:17,2017-03-21 14:50:25,2017-09-19 17:14:25,2017-04-10 00:00:00
7bf074a71da84423b09ada4ec2932bf1,cc85156409f039e8b29255545a690c64,delivered,2017-09-27 18:24:36,2017-09-27 18:35:15,2017-09-28 19:17:04,2017-10-09 20:37:52,2017-10-19 00:00:00
7e093cfcd0f2a3b150e15125356fc4d3,87070d5708d689fec076a187eff93a3a,delivered,2018-06-22 13:22:45,2018-06-22 13:40:23,2018-06-22 16:27:00,2018-06-26 15:18:23,2018-07-13 00:00:00
b0f57536fcde0c4422cea71a465326a5,9f0b4a90663469a66e1b3ccf3d872219,delivered,2017-08-14 09:32:27,2017-08-16 03:25:37,2017-08-22 19:48:08,2017-08-29 18:35:43,2017-09-05 00:00:00
20aac17e27ac5fb3ebbf44a26b0e2d3c,1158880cb12ee968e191aef4c23db263,delivered,2018-08-04 20:33:44,2018-08-04 20:44:13,2018-08-09 19:21:00,2018-08-13 22:52:44,2018-08-13 00:00:00
94d2360b6b3afaf6e51fee341b108392,c082bf0b958a8cb21350485333323e64,delivered,2018-08-24 01:02:58,2018-08-24 01:15:06,2018-08-24 19:37:00,2018-08-27 19:04:53,2018-08-29 00:00:00
9e766b8cbac373f4795d99c05f57514c,e46281bc93a3e0a5e9043f4a19dd541c,delivered,2018-07-08 19:40:11,2018-07-08 19:50:14,2018-07-10 14:54:00,2018-07-19 20:58:45,2018-08-06 00:00:00
d142e450e61b3eabff86c13e6a89a720,e0b3f7b124e73c8b50ce6ad2bed45362,delivered,2017-09-08 16:38:15,2017-09-08 17:04:22,2017-09-11 17:46:55,2017-09-18 19:34:53,2017-09-29 00:00:00
9e488299fb7e4dc6869975e2b3e9302a,d3c91b5f5fcf34f79c9f33ace68885ec,delivered,2018-05-26 12:58:10,2018-05-29 03:31:12,2018-05-29 13:55:00,2018-06-05 00:06:41,2018-06-20 00:00:00
3fbd798d7e8c262456edce32abaee496,4410b688abf3a740eb252990826a8947,delivered,2017-12-05 16:39:36,2017-12-05 16:56:33,2017-12-07 02:32:39,2018-01-30 17:55:58,2017-12-28 00:00:00
67c98ded9839fea6b6482d1341517e40,f1158dfc03fcc951fea8e36d36836075,delivered,2017-03-07 11:22:42,2017-03-08 03:15:17,2017-03-10 09:41:02,2017-03-16 12:13:24,2017-03-28 00:00:00
0fdc02a3d7f09a9d90181a8e4043aa28,a30fa291a66b4f39e49ba45680963d70,delivered,2018-06-13 16:36:37,2018-06-13 17:01:03,2018-06-14 14:17:00,2018-06-19 20:56:47,2018-07-03 00:00:00
66aa339665e1726ddd709618f3caf4ef,993de6c21217afef023f242f7ea8594d,delivered,2017-12-07 10:38:27,2017-12-12 03:49:37,2017-12-13 17:43:46,2017-12-14 16:03:27,2017-12-26 00:00:00
21d5a8c3c47b36c7e6a5d06cd1a89087,e147664edb88621979c53f930f56ebd8,delivered,2018-03-05 12:29:08,2018-03-05 13:31:06,2018-03-08 17:21:40,2018-04-04 17:29:42,2018-03-26 00:00:00
ca82748f931a241022a6d939bf1f4f84,747d99ba78097c3ec1b2ce4287782bc4,delivered,2017-07-06 12:34:08,2017-07-07 02:43:38,2017-07-11 14:06:33,2017-07-19 18:22:12,2017-07-27 00:00:00
a15d904c9e9cfb9f11a9752fbf1b6a7d,0d878c03ad06e377222d2130fba9dde1,delivered,2018-06-16 23:41:53,2018-06-17 01:38:36,2018-06-18 15:38:00,2018-06-21 20:34:45,2018-07-12 00:00:00
c9a088f0077de94d4b7e57e5a234cea8,644b4d8b650172b6275f565595f2adec,delivered,2017-10-21 13:14:59,2017-10-21 13:28:16,2017-10-23 19:15:34,2017-11-16 17:49:53,2017-11-09 00:00:00
b621235d09fbfbe88d897969dd240b59,da0b203dc40242d27e707a12c147592e,delivered,2017-11-03 18:43:16,2017-11-04 11:10:49,2017-11-06 20:42:13,2017-11-21 21:09:26,2017-11-23 00:00:00
12415173366718477ff1dfac106f018b,a08d12b411aff157dad8503f7cc03ace,delivered,2018-03-18 11:20:16,2018-03-19 11:15:10,2018-03-20 20:21:45,2018-03-26 17:36:42,2018-04-05 00:00:00
53b122ab361cdd253c61d8f63bdc2a75,a56944574643fc65a4c8753d9e0c37a7,delivered,2018-05-28 10:55:14,2018-05-28 11:13:46,2018-05-29 12:00:00,2018-06-07 21:13:00,2018-07-03 00:00:00
a29e1c93ee597410428699bb1e339edb,61eab57728f3ca555e8a55f532169cc8,delivered,2018-06-04 12:08:53,2018-06-04 12:31:15,2018-06-05 14:50:00,2018-06-07 21:17:50,2018-06-28 00:00:00
dd100f66e45f6ae03f5c78d8edc86f28,f83a65f6e2859f70db7fde4c13ecccf0,delivered,2017-03-06 10:48:09,2017-03-06 11:03:10,2017-03-07 12:37:13,2017-03-13 09:00:08,2017-03-23 00:00:00
270876310226d967a79f278abd5eebdb,8aed2b9a0c5e28b55b9c3a70755f9915,delivered,2018-05-21 16:13:52,2018-05-21 17:17:57,2018-05-22 16:24:00,2018-06-04 18:34:43,2018-06-05 00:00:00
955edcef18570af09e702de925422860,9c7d82f5c79d496c6427f47690852dee,delivered,2017-05-28 17:17:23,2017-05-28 17:30:19,2017-05-31 09:38:56,2017-06-01 13:17:31,2017-06-09 00:00:00
778d960ed98fe278fca42ee20d002b1f,797b1107c9db6e7610141a5edc125009,delivered,2018-05-03 22:43:17,2018-05-04 16:30:26,2018-05-05 09:30:00,2018-05-09 21:36:44,2018-05-28 00:00:00
7714757e3e3208a4bb46a46e52596c78,dfb7c2c626c94a2991089835ed7c2da7,delivered,2017-10-31 12:34:29,2017-10-31 12:47:12,2017-11-01 20:05:56,2017-11-03 16:38:20,2017-11-09 00:00:00
fc50f8edb8f9c1c84ad90e2af6e09ead,382915ca701de33661aae9578223a270,delivered,2018-03-14 17:13:30,2018-03-14 17:31:59,2018-03-15 23:12:04,2018-03-23 20:33:38,2018-04-02 00:00:00
9b36be8204e21a5c4bb5be20c404cc1e,abe671c39e0342ced2419a9348c6ab02,delivered,2018-06-29 19:41:25,2018-06-29 19:50:33,2018-07-04 08:18:00,2018-07-05 20:23:17,2018-07-17 00:00:00
2a013a00580ed531afdce681a1ef062d,a36ab762d57231e279d1287c8270cb20,delivered,2018-01-26 00:09:45,2018-01-26 00:18:34,2018-01-26 20:52:14,2018-02-01 19:58:50,2018-03-01 00:00:00
4b575947c9b0c5a9b7921efc13ef0bc9,6c5ea86f543868fdd90dd6d5e0468b19,delivered,2017-12-10 02:24:40,2017-12-10 02:32:47,2017-12-12 22:23:29,2017-12-19 12:57:38,2018-01-04 00:00:00
152066afaaba08a8a38cb198f0b9b38a,39c480182a451e2c8dde999297ec5c8e,delivered,2017-07-29 22:32:22,2017-08-02 08:32:35,2017-08-02 19:22:41,2017-08-08 20:45:35,2017-08-23 00:00:00
5486a5d84a1d6dcc94887f6f2821a4be,f83e78a46acb1871c42071b5d46f0301,delivered,2018-06-28 13:24:50,2018-06-28 13:50:42,2018-06-29 16:32:00,2018-07-06 01:58:41,2018-07-18 00:00:00
f03434727c9a50ca23feaf58ce218aa7,8d454cd9156c615d96487be84f3b0d0a,delivered,2018-08-18 16:37:58,2018-08-21 04:29:47,2018-08-21 08:59:00,2018-08-29 19:08:35,2018-09-20 00:00:00
ef7a5dc729f1b870d114de326d4ab611,47c13b7b660f139c663f025db04ab57c,delivered,2017-09-29 13:14:55,2017-09-29 13:28:11,2017-09-29 20:36:01,2017-10-06 19:48:57,2017-10-27 00:00:00
bda3c40c66117ac3211d4934f4a43ec6,1f7b6a50b303ed3ba8d54c2c87f2b683,delivered,2018-07-30 21:46:21,2018-07-30 22:04:34,2018-08-09 10:16:00,2018-08-10 21:53:31,2018-08-10 00:00:00
de8f4a82099fe4fa6bcb8952ca51420f,13db9c37d449305364a897e44f479406,delivered,2016-10-10 16:00:30,2016-10-10 16:43:18,2016-10-14 16:43:19,2016-10-17 17:43:19,2016-12-14 00:00:00
edffd79fe16d90ba3f6a8919eb3d7b3f,7684bee1eb8361fd02f8ecae26e4d149,delivered,2017-05-07 00:33:52,2017-05-07 01:25:23,2017-05-10 14:09:11,2017-05-18 11:11:50,2017-06-09 00:00:00
dcfa642110e1838bd3bf2fb2fbe12042,2efff784e71058a57af1b1606a9c60ca,delivered,2017-12-17 11:22:07,2017-12-17 11:35:29,2017-12-21 19:40:34,2017-12-28 23:48:48,2018-01-22 00:00:00
c302cf694cfc7a418d97e46fbf49bebf,363c2e47fb53ec36998ad4b232a12952,delivered,2017-12-28 09:35:58,2017-12-29 02:09:27,2017-12-29 17:57:09,2018-01-08 21:42:09,2018-01-31 00:00:00
af6e14687f41b409fdde4f1998ec6e8d,08883c45fc07e8e4a16ebe31915fb463,delivered,2018-03-20 21:34:37,2018-03-20 21:48:47,2018-03-21 21:14:32,2018-03-28 22:34:42,2018-04-06 00:00:00
5014c656e42bfdde371e00923238763f,5271dbf2466ac47f5a7cf3d845a46d1c,delivered,2017-04-26 09:39:23,2017-04-26 09:50:19,2017-04-28 12:29:37,2017-05-10 14:59:49,2017-05-17 00:00:00
42fa07019d8252444a920c348dc8b011,2939a5df4e8439863d6ef160fdd53295,delivered,2017-07-17 14:27:43,2017-07-18 07:10:11,2017-07-20 12:46:37,2017-07-21 18:21:26,2017-07-28 00:00:00
bfdb5bbb06458d600a33d61f5f287472,d82885c55f16d6d73b6cacd3f87bc852,delivered,2018-02-04 21:08:05,2018-02-04 21:29:24,2018-02-07 21:58:31,2018-02-22 21:23:28,2018-03-08 00:00:00
891aa648b48d27ce10d74e86d312d411,ba9a9f680e0ce9c248e43df637331ff6,delivered,2017-03-30 19:40:29,2017-03-30 19:50:18,2017-03-31 22:06:32,2017-04-12 15:58:08,2017-04-27 00:00:00
2c688788cf900283017516f05f50ebb7,32d28319e13266b3b88962cd06845ce6,delivered,2018-03-07 20:26:34,2018-03-07 20:35:36,2018-03-08 22:44:36,2018-03-29 18:43:25,2018-03-28 00:00:00
10ac5d510cf3a86b9f09342e46c3972d,230fdfccdddfcac16f118146a33a7030,delivered,2018-01-30 17:08:30,2018-01-31 17:13:40,2018-02-01 18:48:49,2018-02-15 18:48:00,2018-02-21 00:00:00
faec57243cbdefccdabf032fc0bea9fc,6ed87d23528cc70b873dec58ff082130,delivered,2018-08-20 00:59:32,2018-08-20 14:52:14,2018-08-20 15:13:00,2018-08-21 17:09:01,2018-08-23 00:00:00
ebe76afae9242fc70b0b807b78f17adb,0088395699ea0fcd459bfbef084997db,delivered,2017-04-02 16:33:30,2017-04-02 16:42:25,2017-04-10 10:14:32,2017-04-20 09:33:20,2017-05-11 00:00:00
ef0f71fb2f7a2abd24c7b7dd78907ea7,7a8ae8a8e70473d717c2b2824819cd81,delivered,2017-10-09 04:34:38,2017-10-11 03:26:56,2017-10-19 18:03:27,2017-10-26 22:17:51,2017-11-08 00:00:00
4c3428283da9b354465abf10f72f556e,887363c85fcb5853fd68ed73182e12e2,delivered,2018-02-07 09:16:50,2018-02-07 09:31:33,2018-02-16 01:15:06,2018-02-27 21:24:58,2018-03-07 00:00:00
5af72703d4208ea6a92351eb9806b4de,c2d787ac1420a26188569cf4f106af00,delivered,2017-08-16 21:04:24,2017-08-16 22:05:16,2017-08-18 20:14:53,2017-08-28 20:54:25,2017-09-05 00:00:00
ee853ac1586ba81c396f4612daa1553f,7f3fc39c83759723562a0fa24e20622a,delivered,2018-01-12 10:14:30,2018-01-12 10:28:28,2018-01-15 13:56:56,2018-01-17 18:48:44,2018-02-14 00:00:00
3fd1f1349635cb4c9b1f43de5594396e,cac8a50eab2329acd08644589cc1d5e5,delivered,2017-09-21 14:30:27,2017-09-21 14:44:47,2017-09-25 19:17:55,2017-09-27 18:11:53,2017-10-13 00:00:00
3d3742a96f24a8fe4e2e57628807e476,b0e2c3d5cc9ecbf6a89693a15231ac7e,shipped,2017-04-16 06:31:07,2017-04-16 06:41:44,2017-04-17 12:07:41,,2017-05-12 00:00:00
f9d6c377e994e4333aab8559b9e850ed,b6e915dcd48c619d48981084cc4714c3,delivered,2018-07-14 12:08:36,2018-07-14 12:24:00,2018-07-16 14:29:00,2018-07-23 18:54:53,2018-08-14 00:00:00
70e54926c72b6a695f5b3421573b2c29,8f0c80240f693b7d3f30eb8e221bc6b7,delivered,2018-04-24 16:08:28,2018-04-24 19:03:57,2018-05-09 09:01:00,2018-05-14 18:03:09,2018-05-25 00:00:00
65492cb556d99eb900c65a4ff79fd3c4,822f09a9859163e0f042c9fb35a02b19,delivered,2018-01-28 17:39:53,2018-01-28 17:59:13,2018-01-30 01:53:02,2018-01-30 16:47:48,2018-02-14 00:00:00
486b47061ec8cb9d23cda4e69b20ecd2,4234f4ff08ef9e6f7e21d148e78e0bba,delivered,2017-07-31 22:02:13,2017-07-31 23:45:16,2017-08-01 17:53:18,2017-08-04 11:13:12,2017-08-24 00:00:00
ea478babcce555886b89e947325ceb48,2ea4a2c9681e6c070611eab34c72d057,delivered,2018-08-11 11:01:07,2018-08-11 11:15:11,2018-08-13 13:18:00,2018-08-17 16:52:32,2018-08-23 00:00:00
9feb8a417a078949bf56e26f46bae06d,ffc52ce4f752d2649340c2fe10752d2e,delivered,2017-06-24 19:43:16,2017-06-26 11:10:29,2017-07-13 13:59:38,2017-07-25 22:25:51,2017-07-18 00:00:00
e79e9586e0286172870edc4c3f428966,f27266fe6e92b04127153535e6234636,delivered,2018-04-05 19:38:13,2018-04-05 19:50:18,2018-04-06 22:56:36,2018-04-18 22:51:30,2018-05-04 00:00:00
596761153565279406f3f9ee6ee947e2,b06cfc8fc756e56db7d7e8d374883b00,delivered,2018-03-24 07:27:11,2018-03-24 12:00:47,2018-03-27 20:12:40,2018-04-02 22:23:05,2018-04-13 00:00:00
862865039fe88f34031da2b55a3ebc7b,7fbdfd670d84fa1cc0a77adccf8c4f2a,delivered,2018-03-22 20:08:38,2018-03-22 20:28:21,2018-03-23 18:58:35,2018-04-11 21:45:33,2018-04-18 00:00:00
e72f2609834d85254ae5c812097a437e,a45582c0ba251755a37d0f41a590b7a8,delivered,2017-08-11 08:48:50,2017-08-11 09:03:58,2017-08-11 19:14:20,2017-08-24 20:20:02,2017-09-15 00:00:00
59de12363514fbd1aca1eeb1b39816a8,bf4ed9934192b87c282aa83cfc3b831c,delivered,2017-08-23 16:58:21,2017-08-23 17:32:47,2017-08-24 20:48:06,2017-09-06 21:25:53,2017-09-27 00:00:00
4fd76322a41e4921f6a46978633a8011,f14f9d6981d8a92cb5376adc1e1eea49,delivered,2018-02-25 15:46:03,2018-02-25 16:08:08,2018-03-01 21:44:49,2018-03-16 20:38:39,2018-04-11 00:00:00
1c8e780f8b1bf3054b7f2be02ea4bce4,ba23b3d74e061865d0c30fdbad7ee501,delivered,2018-06-18 07:30:34,2018-06-18 07:51:53,2018-06-18 12:28:00,2018-06-20 00:14:42,2018-06-28 00:00:00
be79bec4cf283fa33ea0da903f3ca6ab,8a99d729c6cf610badf63e5bbf1f7b21,delivered,2017-10-26 19:56:56,2017-10-26 20:06:42,2017-10-27 20:07:25,2017-11-06 14:14:53,2017-11-28 00:00:00
aa4a7de098f44e8ab3764edd1e82f34c,2c413ac8eded2e9d75ec57a12edccce3,delivered,2017-07-24 17:28:51,2017-07-25 03:35:40,2017-07-28 18:53:01,2017-08-01 16:07:49,2017-08-04 00:00:00
578edeaef53420e1e319b2485b95be30,fdcace958128bcaafb2fa7b9077b7f10,delivered,2018-05-12 11:42:27,2018-05-15 04:15:24,2018-05-15 15:33:00,2018-06-05 20:37:50,2018-06-08 00:00:00
5c7cd811e61b95684de8c9416aa236ce,215e8a070bc201ed868c5e7990191e54,delivered,2018-08-03 14:04:27,2018-08-03 14:15:14,2018-08-06 13:27:00,2018-08-15 18:16:51,2018-08-17 00:00:00
ddbee74a2a5acaf9c9c17fb5671e13a9,c77dedc3c3a28926c79150de11a1d2f0,delivered,2018-08-19 15:27:35,2018-08-20 12:11:38,2018-08-22 13:33:00,2018-08-27 14:52:36,2018-09-12 00:00:00
554edf0d1c973fcec00cf16c0b6ed896,35cde6d465303cfec038ae1ee3974089,delivered,2018-02-20 16:06:05,2018-02-20 17:20:28,2018-02-21 20:52:41,2018-02-22 13:23:26,2018-03-06 00:00:00
9b3aaef8e7908ab350a9de73399ca846,5f231ae5c17f8283b13cf14227484538,delivered,2018-06-07 15:30:46,2018-06-07 16:00:02,2018-06-08 10:33:00,2018-06-10 14:24:43,2018-06-25 00:00:00
242a0801712ac98aba33d3db88344ae0,9dc8bd747d598a1a747e3a5feba7d580,delivered,2018-07-23 15:26:11,2018-07-23 16:00:47,2018-07-24 09:14:00,2018-08-13 21:38:27,2018-08-20 00:00:00
d143998543196dbe5c5bf1af62a5edbf,d1bdfb50d2f35e41136fa78e48497079,delivered,2018-01-10 23:53:52,2018-01-13 13:33:32,2018-01-17 20:47:04,2018-01-22 19:49:14,2018-01-31 00:00:00
60b570df9018c6b6441017314a2dd081,dd3f1762eb601f41c5e289fa08dbc6bf,delivered,2018-07-18 12:59:21,2018-07-19 02:45:20,2018-08-07 17:17:00,2018-08-10 21:38:34,2018-08-31 00:00:00
6b1c7130d5aac7f42b53755af58fe82a,7a5af48bab8a9cd08b729db964a4f8f3,delivered,2018-07-25 10:49:06,2018-07-25 11:04:50,2018-07-26 11:35:00,2018-08-08 21:13:28,2018-08-16 00:00:00
7b7fe8c6f46917f4ade39f8aaa0d02ef,5cc1c9ac89cd78e5706b1a1a67a5313b,delivered,2018-03-19 11:31:57,2018-03-19 11:49:05,2018-03-26 21:42:23,2018-03-29 01:02:16,2018-03-29 00:00:00
74040cd9562ffaf774035a7eeb2c6327,ab5ff7cc145e092e440389dea069782b,delivered,2017-10-31 18:37:48,2017-10-31 18:55:12,2017-11-06 21:54:35,2017-11-16 22:38:47,2017-11-16 00:00:00
a1dc31acde1a4fdecc6147fb567ebc1e,76787c26641560eca7b7b6310e09f752,delivered,2017-05-19 18:58:48,2017-05-19 19:15:28,2017-05-22 17:12:49,2017-05-24 11:55:58,2017-06-08 00:00:00
59de7be8730dc1a20caadff4c7686027,dee56a25bd696b423bc0fa9bc1d1a8f8,delivered,2017-04-07 13:50:54,2017-04-07 14:05:16,2017-04-07 14:54:22,2017-04-18 11:38:06,2017-05-10 00:00:00
19ff76df4c7c512642f1b4793fda7ed6,3c5f67b7722c4637a5936ce33966594a,delivered,2017-06-27 10:42:16,2017-06-28 02:23:37,2017-06-28 14:37:51,2017-07-03 15:05:44,2017-07-17 00:00:00
3f7ebb725c26e1202db88d0b88462fc6,15eb96a41ee95091da6ca732746cd6c4,delivered,2018-04-08 08:23:47,2018-04-08 08:35:18,2018-04-20 14:36:44,2018-05-10 15:08:31,2018-05-18 00:00:00
37956c8c2b061c4a39b146aac4a9077d,1245c5bc6e72ca725a9e4a021ff4ffff,delivered,2017-05-29 17:35:14,2017-05-29 17:45:17,2017-06-01 07:07:32,2017-06-07 14:50:15,2017-06-09 00:00:00
f6b803d15fa58d6e0409ce0cda40121b,5d70320029286b786d50336af0fc26b7,delivered,2018-01-13 11:16:04,2018-01-13 11:29:23,2018-01-18 21:48:50,2018-01-22 15:18:47,2018-01-30 00:00:00
11d583b90a9032858521c21a83ae2128,8fa588537d3c2dc83712c26fbb9c58be,delivered,2017-04-13 12:05:15,2017-04-14 13:01:54,2017-04-18 12:23:27,2017-05-09 09:17:59,2017-05-19 00:00:00
7aa7d4fb7e95700145b7cabd86b1dc93,b02da23939473035247493e441118d56,delivered,2017-10-04 13:49:14,2017-10-05 02:49:24,2017-10-06 20:53:52,2017-10-21 15:16:55,2017-10-27 00:00:00
f53b2ca622ef467612d1f38ba5e6f86f,5980c373bec269238b18136eb1675900,delivered,2018-04-21 14:43:26,2018-04-24 18:25:22,2018-04-23 20:07:56,2018-05-03 21:08:38,2018-05-28 00:00:00
99a18b057d4dd4778d6f3a33ba498777,e5935642ca2560fa7b1591c18d6876ec,delivered,2018-08-06 11:11:35,2018-08-06 11:24:37,2018-08-06 14:52:00,2018-08-07 19:28:39,2018-08-09 00:00:00
8dfd2f309199e15f134c15b2a795026b,42f1c1df53d915805a195830bf82a1b9,delivered,2017-04-29 19:31:07,2017-04-29 19:42:58,2017-05-02 10:34:47,2017-05-08 10:25:38,2017-05-23 00:00:00
1e3068cb06f3020bc34aac3144c24300,90fc1fd439771609e89a232b462fd956,delivered,2017-12-28 22:10:13,2017-12-28 22:21:19,2018-01-02 16:04:59,2018-01-11 16:23:52,2018-02-02 00:00:00
244232dbaf1d3d08c7e863d28b8ec328,9a8c1956b613fbde47e7e86171a7d5f9,delivered,2018-08-16 12:40:38,2018-08-18 02:49:54,2018-08-20 15:49:00,2018-08-27 19:24:27,2018-09-17 00:00:00
a7c7a7efd0001000ffec268b29c694da,5df8304243068e4ec4a00352ad8aa688,delivered,2018-08-13 09:28:09,2018-08-14 04:10:23,2018-08-14 13:37:00,2018-08-24 18:46:46,2018-08-29 00:00:00
00f1cc7439ccb8671133776d1829faf5,5bbefc8139328a291147ac389f226052,delivered,2017-11-22 22:07:04,2017-11-24 03:12:39,2017-11-29 18:33:48,2017-12-01 20:16:37,2017-12-04 00:00:00
3a49d7313406b30c459b188495221eb6,249a185c6dd796b0c5d8663c79aca49a,delivered,2017-08-09 23:05:57,2017-08-09 23:24:29,2017-08-10 21:51:52,2017-08-16 19:55:34,2017-08-31 00:00:00
da690cd4a5deda7317b9ab2565bfb312,66c61e3684210d473a218ab1ccb86d9e,delivered,2018-04-23 13:17:54,2018-04-25 03:35:33,2018-04-25 13:47:00,2018-05-17 12:20:52,2018-05-29 00:00:00
6afee4d1cd8a4356cf91e4d9247824f4,a6fcc239bd32476b7b2ce7f8b7db76c7,delivered,2017-07-16 11:16:17,2017-07-16 12:25:20,2017-07-18 14:03:56,2017-07-26 10:44:40,2017-08-15 00:00:00
0a6b6d3fb4616f5b647bc8b0b8f69e0d,ec3e951d452fe7bc2a123f2544665c4b,delivered,2017-10-16 10:26:51,2017-10-17 10:35:24,2017-10-18 15:43:15,2017-11-06 15:23:07,2017-11-09 00:00:00
a948c6ec1000c00b7ee37c611b9b49e0,e8a06ca27f98293eebc07c477d59558d,delivered,2017-11-24 18:33:51,2017-11-24 21:39:16,2017-11-29 15:03:56,2017-12-13 15:27:10,2017-12-19 00:00:00
ef58b71f4ad3a17f606417f1737c9d13,0934f70c7f958731db1499c679910b27,delivered,2017-12-21 16:37:41,2017-12-21 16:52:14,2017-12-22 11:51:31,2017-12-26 21:22:32,2018-01-10 00:00:00
f3586031611f21667ec4fdcd6a42c175,f3a29da4a4c37829fc0e73d857faa863,delivered,2017-03-28 21:22:45,2017-03-28 21:30:15,2017-03-29 14:28:06,2017-04-03 11:08:00,2017-04-19 00:00:00
e06797dee43db4be30214e472ce94594,f182404e8acc68ac85290af8f010186f,delivered,2018-04-11 21:26:34,2018-04-11 21:51:06,2018-04-12 23:03:30,2018-04-13 14:44:56,2018-04-26 00:00:00
d3934d1785c21c97391c71a234a5a3ca,90fba6afe82263e7096cff789a216fa8,delivered,2017-06-19 22:12:23,2017-06-19 22:25:21,2017-06-20 09:03:04,2017-06-28 15:13:55,2017-07-14 00:00:00
a4e90af1c84c4455c7c4c65293ae2c78,f83ebf1a13178e0c7c5c6cee2f411dce,delivered,2017-04-20 11:56:40,2017-04-20 13:05:30,2017-05-02 13:54:14,2017-05-22 15:25:48,2017-05-10 00:00:00
bab0f0b79b3da1f56810300638d94112,ba7104a3bd3187a49b7e2b5f8eb2b1b9,delivered,2018-04-16 21:43:52,2018-04-16 22:32:33,2018-04-17 19:09:34,2018-04-25 18:08:29,2018-05-04 00:00:00
f40432ad717d2f328101784226c8af17,72892c89f327bcf5bdbf99b6be13eb5a,delivered,2018-07-14 16:16:01,2018-07-15 16:15:18,2018-07-18 13:34:00,2018-07-24 21:38:41,2018-08-09 00:00:00
01b330808c5819a6a3cb79b72f0b8288,c59e8ff99836e90d8b457d4122dc34e9,delivered,2018-03-12 15:22:12,2018-03-12 15:38:46,2018-03-13 16:07:27,2018-05-05 12:38:38,2018-04-04 00:00:00
a87ff224eacb96fb31136e921f9c322d,224a3ccbc09897b81698cdd41095e94d,delivered,2017-04-16 12:18:38,2017-04-16 13:05:17,2017-04-24 11:57:32,2017-05-07 06:41:58,2017-05-10 00:00:00
593aa81f175c9cfc867c5fe71a508127,0786714cb4a6c2612752d9f00bf1a0fc,delivered,2018-05-22 20:11:55,2018-05-24 02:34:30,2018-05-28 15:39:00,2018-06-05 14:18:45,2018-06-08 00:00:00
1093c8304c7a003280dd34598194913d,5e274e7a0c3809e14aba7ad5aae0d407,delivered,2017-11-16 19:29:02,2017-11-16 19:55:41,2017-11-22 16:46:33,2017-11-27 12:44:36,2017-12-08 00:00:00
5b57194733d4f66438a34574e9055b32,ca4979e5055011077c04d1b9702499b7,delivered,2018-07-17 23:08:18,2018-07-17 23:21:44,2018-07-23 16:06:00,2018-07-27 21:05:30,2018-08-01 00:00:00
e9c9ec206dfea33f9613e1cac82f575b,d24d71f630561a1fae69125e435ad612,delivered,2017-06-17 23:04:21,2017-06-17 23:15:07,2017-06-20 00:15:24,2017-06-26 15:08:02,2017-07-07 00:00:00
9c9d1799a0c105b12976da39ae431d1c,4ee4f7acadaf22f8026a077bd1220bfe,delivered,2017-11-15 20:16:50,2017-11-15 20:31:01,2017-11-16 17:18:34,2017-11-22 23:33:05,2017-12-05 00:00:00
4a5ffb8eac522b1d4e4223394967f25e,1b662ac85bdd75d2370956160f6406d8,delivered,2018-03-13 16:14:47,2018-03-15 03:15:28,2018-03-15 17:48:37,2018-04-06 08:06:33,2018-04-05 00:00:00
9a4682180e9fe8e7bbb9648d49c78101,e68d1430692ce82bb24d86e18e29254c,delivered,2018-04-08 08:53:42,2018-04-08 09:10:09,2018-04-10 01:12:50,2018-04-25 00:16:57,2018-05-15 00:00:00
96252dd234004b6e9d4dc740779742a8,5bc33d498a4eb8a94cd2e1ccdf44f45c,delivered,2018-04-07 00:16:14,2018-04-10 04:10:40,2018-04-10 21:58:32,2018-04-11 22:32:01,2018-04-25 00:00:00
3b67b88a0baffb745d55e7f74416756c,6af1c642ca58a65cfcd3e42125f51924,delivered,2017-07-11 20:24:14,2017-07-11 20:45:10,2017-07-12 21:34:26,2017-07-13 16:44:47,2017-07-25 00:00:00
80ea2d5cf20fdda59217af697130bcf7,fa62c325829f2939b1ac64786a39acc1,delivered,2017-07-13 21:09:00,2017-07-13 21:24:27,2017-07-14 17:42:20,2017-07-21 21:29:45,2017-08-04 00:00:00
982b3bee67e10358cdfe18e0bbee9d08,849f55b3f039513a3394254b3be4dc7e,delivered,2018-04-30 13:30:22,2018-04-30 13:52:09,2018-04-30 14:23:00,2018-05-04 17:21:56,2018-05-17 00:00:00
efd17d7b355035d21f96ab368400ee5e,9258ae1575d8c04e5f40fda2d1c9cf39,delivered,2017-05-27 17:47:09,2017-05-27 18:02:09,2017-05-29 10:26:51,2017-05-31 08:33:54,2017-06-13 00:00:00
3c5734985708da8eba1dc17768aacafc,0ace9ca5314b7bd412e2429479701719,delivered,2018-01-22 15:57:11,2018-01-22 16:18:14,2018-01-24 00:42:07,2018-01-26 16:48:55,2018-02-14 00:00:00
ef7e039a2f25c56266be1a87fdd903c4,dd47ec035879a286789eb842ebe36739,shipped,2018-04-01 16:57:23,2018-04-01 17:10:21,2018-04-02 21:24:36,,2018-04-12 00:00:00
474c4ea497345c47f7b63558a380d73a,d53f6de0d9148c8a17dbb4a993494f66,delivered,2018-08-20 15:46:41,2018-08-20 16:50:06,2018-08-27 19:01:00,2018-08-28 16:43:42,2018-08-29 00:00:00
b553c2eaaf7ce5f82361ae904f3dbb4d,376b849049e148db18c8875c256cb511,delivered,2018-06-03 16:07:20,2018-06-05 03:50:05,2018-06-25 14:08:00,2018-06-28 14:54:32,2018-07-12 00:00:00
3a5e90544587e9755b94618af63ab9de,4cad82e85b102488a286e95130b8de6a,delivered,2018-05-07 18:02:15,2018-05-07 18:34:46,2018-05-09 09:37:00,2018-05-23 00:18:49,2018-06-01 00:00:00
60f108ddf1ead83be4c845987f20738c,fa5c701d2b05ce278748be41c56d06e4,delivered,2018-05-19 12:04:21,2018-05-19 12:31:19,2018-05-21 14:52:00,2018-05-22 17:41:25,2018-06-04 00:00:00
aa9df3f4f57834f6997ff9c958411ce3,c1b779122d300719d8b8462a6e8d566d,delivered,2017-07-19 19:06:38,2017-07-19 19:15:14,2017-07-24 15:57:53,2017-07-26 09:43:58,2017-08-01 00:00:00
27e4b27a4dcfd36a9ef0fdfb2fd1d476,c69260ab73f00089fb5eb67e8cb0dc01,delivered,2017-08-27 13:57:15,2017-08-27 14:05:15,2017-08-29 18:15:12,2017-09-11 17:05:16,2017-09-19 00:00:00
841a78e6ae7179553c784f4a69955d5b,86aa5fc8f65c55027ad99b9ed5d272b1,delivered,2018-03-02 21:00:22,2018-03-02 21:40:26,2018-03-08 00:38:40,2018-03-14 17:59:25,2018-03-20 00:00:00
67de6a790d884f67e1c7bf78ce8f5605,481eec068ea167bad5161f87fa632038,delivered,2018-01-26 13:52:00,2018-01-26 14:22:05,2018-01-26 22:25:11,2018-01-31 22:13:06,2018-02-09 00:00:00
ba42f2a26f17be290cfc14c6f8b4e625,5a0fdde6c5fa48ee0a384197fcecc4ed,delivered,2017-08-24 18:26:17,2017-08-24 18:46:32,2017-09-04 14:07:43,2017-09-08 21:28:07,2017-09-21 00:00:00
5518dd9f50e817052664dcc935728b65,89edd6e8fa1856adf226970df1219271,delivered,2018-01-21 11:40:59,2018-01-23 03:52:30,2018-01-23 18:41:19,2018-01-30 21:44:59,2018-02-15 00:00:00
d630523e4ead4d29e7dd497f1a47b90e,563decc20c79fc58f6adaacdfb49ba66,delivered,2017-03-06 13:02:08,2017-03-06 13:15:25,2017-03-07 18:07:48,2017-03-15 16:41:43,2017-04-11 00:00:00
2ecc68b349bb1dbe198e18f315c4889b,6a22352981a6c0bf8ff901686137d1d2,delivered,2018-07-02 14:59:34,2018-07-02 15:10:42,2018-07-03 07:55:00,2018-07-10 21:33:44,2018-08-02 00:00:00
4c3cc41d9fad33476cbf842592458f36,0fb46241bc33c52217f4f777890f5482,delivered,2018-02-17 16:11:09,2018-02-17 16:26:30,2018-02-20 12:37:45,2018-04-12 00:58:24,2018-03-16 00:00:00
3cd7db83ec0d0241ff01cd50c1571acb,531007f593d969d28d20f8e3ac72db15,delivered,2018-07-17 14:44:27,2018-07-17 15:01:17,2018-07-20 16:08:00,2018-07-26 16:04:11,2018-08-08 00:00:00
4af4d191d7e83818829a9af9ea7fcdfc,0adc3e20e5189e89caeceafdbcb0646e,unavailable,2017-07-02 20:05:48,2017-07-04 03:50:14,,,2017-07-14 00:00:00
e0f2960cae7a59eeda7cc3c30ec0fa0c,b46cba739f0049bbfd7731932a0aa987,delivered,2017-04-27 17:47:20,2017-04-27 18:03:22,2017-04-28 08:36:12,2017-05-12 13:08:07,2017-05-29 00:00:00
5d5128a0dbb59102263b66505895c98f,063d4a3e8b18f528d4695e3faad38ec8,delivered,2017-07-28 15:56:14,2017-07-28 16:10:12,2017-08-01 16:22:42,2017-08-09 21:47:41,2017-08-24 00:00:00
94160aa9f25212c7db037d670c50f7c0,8b038505df5bde7b6eb148d0d3bd7f57,delivered,2017-11-26 12:01:29,2017-11-26 12:11:47,2017-11-27 12:04:58,2017-12-12 19:35:36,2017-12-18 00:00:00
2dd8a69d1eb8ea62bdddc073c4e80ab1,5e57e7fd729379e69ced54d4818e7f92,delivered,2018-05-30 19:19:48,2018-05-31 03:35:48,2018-06-01 15:13:00,2018-06-06 18:14:55,2018-07-05 00:00:00
9695b39a3c85c3d4651b63f03864fd38,c9b6e2c05db6b05a84c5e1b1a0c4ad05,delivered,2017-07-11 21:08:05,2017-07-12 21:15:18,2017-07-13 19:24:38,2017-07-24 20:56:28,2017-08-04 00:00:00
1d95cfa17a6ea1b7908c0d284f9ee2c8,62137f4b036702e112ce4e6a82933943,delivered,2017-11-22 18:03:36,2017-11-24 18:11:48,2017-11-27 12:46:05,2017-12-19 17:09:51,2017-12-08 00:00:00
9a0711872c4923672894e8289ecfab8c,12d5fe2dff8194a6c4b9320fac65c9a3,delivered,2017-12-19 20:35:32,2017-12-21 02:11:49,2017-12-22 17:24:13,2018-01-15 14:14:32,2018-01-08 00:00:00
e4474c18ee6216f7deac308805b4ef1e,00331de1659c7f4fb660c8810e6de3f5,delivered,2017-12-18 14:54:52,2017-12-19 09:51:41,2017-12-28 22:35:11,2018-01-03 19:32:32,2018-01-10 00:00:00
42f364e1317053c36378cc534b19ab6e,93a991179d5b741e60819f8adc163df3,delivered,2017-06-29 00:10:22,2017-06-29 00:23:32,2017-06-29 10:27:32,2017-07-12 15:36:50,2017-07-24 00:00:00
1b64aaf7875fa6e17e1a2013a03ef46b,ff2b4bfbdc1cea881963e91a30bff3d5,delivered,2017-10-18 09:53:59,2017-10-18 10:07:23,2017-10-18 15:12:31,2017-10-24 18:42:47,2017-11-06 00:00:00
4568a2bce4050c7579e898eca38f8833,beb8b0329b33c2237fc77674d22f01ca,delivered,2018-08-11 10:52:40,2018-08-11 11:05:14,2018-08-17 09:19:00,2018-08-28 13:42:15,2018-09-03 00:00:00
a4dbe30538bb3edfdc9fe37ba1b1b3b7,4ac0daffac0a6cb85840a734b908c0f9,delivered,2017-11-14 18:21:55,2017-11-14 18:30:39,2017-11-16 19:44:50,2017-11-22 19:47:54,2017-12-04 00:00:00
53619dd8d4a6a651b7e864560eb84fa6,9f81d99a135977d2cf33344395adba2c,delivered,2017-11-23 17:16:56,2017-11-25 17:14:21,2017-11-27 14:23:40,2017-12-23 00:51:48,2017-12-18 00:00:00
8acc22f310ec4d7164182c209ad650b3,2cc0514f5b758396c8e4f946aee21dca,delivered,2018-02-20 19:31:45,2018-02-20 19:47:45,2018-02-22 00:45:39,2018-03-12 15:04:39,2018-03-15 00:00:00
ccb44718a5b5b8bde31b24e888d56d09,71e4f35b8320ed3493a88df6af9f6651,delivered,2017-10-25 18:46:38,2017-10-25 19:07:05,2017-10-30 17:10:34,2017-11-06 23:48:25,2017-11-23 00:00:00
e62907b8603f88422352b8499461d59b,9ecc185eaf0a8f754b1acd9ddba66e48,delivered,2018-04-25 11:31:18,2018-04-25 11:52:06,2018-04-27 16:29:00,2018-04-28 19:07:55,2018-05-08 00:00:00
cca53f6baff9286b728cc328ca7a2d37,279375c3290f45664fb0b20cde471987,delivered,2017-10-16 19:01:58,2017-10-16 19:40:08,2017-10-19 18:45:31,2017-10-28 13:22:55,2017-11-23 00:00:00
6108ae9acd8ee0ffd527598b9ebc6acc,3451f0abea3bb822681b0220a5ea0965,delivered,2017-05-23 19:19:31,2017-05-23 19:35:11,2017-05-29 09:04:00,2017-05-31 16:09:34,2017-06-05 00:00:00
16378369550d1c3b2b2d3c817db399c9,9fc75a66f07ee76032de66af22f78c05,delivered,2017-05-25 09:26:04,2017-05-26 02:42:43,2017-05-26 12:43:32,2017-05-27 07:18:32,2017-06-07 00:00:00
7559c51df991c6861e6a8be5fb1e3751,494622d8ca78370960fce737e9ad15c9,delivered,2016-10-07 23:18:38,2016-10-11 05:02:26,2016-10-14 18:00:00,2016-10-26 14:47:42,2016-12-01 00:00:00
c5243a7341996ef3721590b02577a8b6,e03121c8731bd9b1e9ffba60f6ec86b0,delivered,2018-03-05 08:38:26,2018-03-05 09:28:15,2018-03-05 19:34:21,2018-03-06 20:59:00,2018-03-15 00:00:00
162f8986e2cc7a5fca25fd4be685b98d,fcc709844375ea0a1a14bc3c14b2c1ee,delivered,2018-07-18 18:01:48,2018-07-19 14:22:57,2018-07-20 14:20:00,2018-08-01 15:08:52,2018-08-13 00:00:00
e45adf5c3dac199c3e6db68dc225d2cd,40cdfa812f4db63989cac07cf9ecc2bb,delivered,2017-03-16 14:53:18,2017-03-16 14:53:18,2017-03-17 11:30:40,2017-03-27 14:00:09,2017-04-19 00:00:00
b48c09f638b289e9055c56ab3c3e4ae3,f2dfb1d4117a30ad0d7cec2c7f5941f2,delivered,2018-08-03 13:18:11,2018-08-04 04:15:21,2018-08-06 14:19:00,2018-08-08 14:41:25,2018-08-13 00:00:00
ba4b69317916ce7f91187e885404b6a5,b501129c66ed61e8d5cb8e2b67e29e4d,delivered,2017-11-19 13:43:19,2017-11-19 13:55:32,2017-11-24 17:58:53,2017-12-15 17:11:04,2017-12-14 00:00:00
00275bce676303c3bfd7292aefdfa223,a12427487c970a4a75dbeb5884f126a8,delivered,2017-11-24 23:10:30,2017-11-28 03:39:45,2017-11-29 17:28:59,2017-12-04 19:42:16,2017-12-14 00:00:00
54eca33aede78efbaaadc4c0df4ae8b7,333233d1ca463988424b1f6404457e76,delivered,2017-06-25 17:46:59,2017-06-25 17:55:14,2017-06-27 15:14:32,2017-07-04 16:32:51,2017-07-24 00:00:00
a9884879d65dd954426915174ac439ad,39c082628d716c7e5d595b2c28ba81ea,delivered,2018-02-15 21:27:07,2018-02-17 03:36:29,2018-02-19 19:57:45,2018-03-02 01:16:35,2018-03-14 00:00:00
cb383b52e0b0fc081bddb3bd8a5c5373,53bf7839f7ae7a8fc963acc19dc583c0,delivered,2018-01-25 13:39:35,2018-01-25 13:50:24,2018-01-31 22:16:41,2018-02-06 19:25:11,2018-02-19 00:00:00
323f4903445bce21694142efa4724879,6ec3932978b2813138d8782ec59e9ba6,delivered,2018-06-15 16:20:43,2018-06-15 16:41:06,2018-06-18 14:35:00,2018-06-25 12:57:23,2018-07-19 00:00:00
f78fd0f1675d338dbd4702e59c15222e,bd4fd209460236b28e1d8d7537aafec9,delivered,2018-06-25 15:43:55,2018-06-26 04:58:49,2018-06-28 14:42:00,2018-07-03 16:52:37,2018-07-16 00:00:00
40dae50e569846342aff32ac4117375d,f719b26947ef006ca8cfca7ec9bcd1d5,delivered,2017-05-15 13:51:50,2017-05-15 14:05:17,2017-05-23 11:41:52,2017-05-27 22:04:43,2017-06-09 00:00:00
0a9d793da20eb89ec326c840c46d7a9b,39f008f05281376690e251346106e6e8,delivered,2018-01-23 01:04:59,2018-01-23 01:14:43,2018-01-27 19:19:41,2018-01-30 18:53:15,2018-02-07 00:00:00
0725ad25260ef550bc00be1179252efe,d8fd3e0c904be88775c9541883cc5dbe,delivered,2018-06-08 09:34:48,2018-06-08 09:55:52,2018-06-08 14:02:00,2018-06-16 00:22:40,2018-07-04 00:00:00
87673b5ccb20de0a91c28cc461105d76,4083e8a3321f1d60c4e53d2e837dbe57,delivered,2018-05-15 22:54:19,2018-05-15 23:14:06,2018-05-16 16:32:00,2018-05-23 15:28:28,2018-05-30 00:00:00
92578ad781aea777f9022bdb6319e4f3,e372e544ed515524e099e4f543d9aeb3,delivered,2018-05-12 01:47:21,2018-05-12 02:12:04,2018-05-14 15:08:00,2018-05-23 09:24:38,2018-05-28 00:00:00
bcdabfbcff6df68926c4176cf4c138c3,002d358e2462f87678443706cbf2eb21,delivered,2018-01-31 17:53:18,2018-01-31 18:08:22,2018-02-01 19:26:02,2018-02-26 21:04:41,2018-03-05 00:00:00
2c8ade83a1d38262000ff586fe9b0f8e,78b2079d05ef3c868c4737043f33e6bf,delivered,2018-05-21 13:45:21,2018-05-22 07:54:14,2018-05-23 15:06:00,2018-05-28 10:55:26,2018-06-06 00:00:00
ad2730b7abb692df187294b85fc0705d,c7b0aa1f694c455c10a5d4e9adc7a066,delivered,2018-07-19 19:53:43,2018-07-19 20:05:20,2018-07-20 11:40:00,2018-07-23 21:12:21,2018-07-27 00:00:00
28bbae6599b09d39ca406b747b6632b1,4c7f868f43b5cff577b0becb8c8b7860,delivered,2017-12-05 08:18:35,2017-12-06 02:50:09,2017-12-08 00:51:47,2018-02-05 14:59:09,2017-12-29 00:00:00
6cf42ae592086e2192284047cbfb4632,b0727414d186922327c74eafb813d14e,delivered,2018-08-07 17:41:54,2018-08-09 03:50:20,2018-08-10 15:01:00,2018-08-21 22:04:59,2018-08-24 00:00:00
f298d9cc0b7aea1a3bdf95d298c3cfc3,c5b7b3cf52a7611de3c6940025a26e2b,delivered,2017-02-22 19:44:11,2017-02-22 19:55:08,2017-02-23 20:37:33,2017-03-03 13:55:35,2017-03-27 00:00:00
f6dcab66c74d945d217aed40942ea22b,2bb07e3ac6087606f0a3c7802a521cdd,delivered,2018-04-25 16:45:13,2018-04-25 17:15:26,2018-04-26 13:09:00,2018-05-02 23:38:56,2018-05-16 00:00:00
1eeda8dc8c730c5f2a0ebb4e5207ee0c,b640f7a9fd6f58ec73ddc1b9a20922f4,delivered,2017-10-17 21:23:57,2017-10-17 21:46:11,2017-10-18 18:55:02,2017-10-19 13:57:56,2017-10-27 00:00:00
b9cbf1e1ae5d599ed61a06f92b1eabe6,dc24f2e844bc7b9779235188779f70e8,delivered,2017-12-01 09:10:28,2017-12-01 11:31:59,2017-12-01 19:36:42,2017-12-04 20:00:07,2017-12-19 00:00:00
8db75604855db18d2672d5697268938c,f7c17f006f58342e6eb4afa6d076037f,delivered,2018-01-06 01:28:12,2018-01-06 01:38:22,2018-01-10 17:17:24,2018-01-17 15:48:57,2018-02-05 00:00:00
736bd2c49bc856e7dbaf8106a23036f8,1abde0f02489fb0d22f4a0be40aa537c,delivered,2017-02-03 19:56:28,2017-02-03 20:05:14,2017-02-06 15:22:54,2017-02-09 14:24:13,2017-03-03 00:00:00
eb1c390413604079df388d4093910e74,5f0f9d089923434ed36bfd4e2bf8a213,delivered,2018-02-28 19:22:52,2018-02-28 19:37:08,2018-03-01 14:43:54,2018-03-02 16:22:22,2018-03-13 00:00:00
5f0fe7d686b2878d9aa1a72dbd9b72ce,858fc2fddb068b36f31568f7c9f2422a,delivered,2017-03-15 12:25:24,2017-03-15 12:25:24,2017-03-20 06:08:03,2017-03-27 12:16:34,2017-04-03 00:00:00
9797613eed6fac4314c4d5c9132c7ff4,759835de956bcaaf90c41eeb09e8ff1d,delivered,2018-05-28 11:27:41,2018-05-28 11:54:28,2018-05-29 15:18:00,2018-06-20 19:45:24,2018-07-16 00:00:00
22f94104a2c1ac2af08122839aa708b2,528aaeab73d4582f7b8ee6c179db8fdd,shipped,2018-07-17 20:23:27,2018-07-19 03:02:30,2018-07-20 15:59:00,,2018-08-16 00:00:00
eaf654ecfd0270019b5a997aad141e80,70dad7a715809631b98b0a843ee18772,delivered,2017-08-10 21:55:16,2017-08-11 19:15:16,2017-08-14 17:07:11,2017-08-28 20:22:31,2017-09-05 00:00:00
3c8e80909dd1066fdcce95a5bca82f88,54c9809e0315ee825c01a3bbe1cd61b7,delivered,2017-12-25 22:06:52,2017-12-25 22:13:24,2017-12-28 14:44:19,2018-01-05 23:48:12,2018-01-29 00:00:00
bbd33e429ca683f6c4a848acdaab9f9a,343ca02f37141f6f2de321ba848b2aa7,delivered,2017-02-02 00:34:52,2017-02-02 01:01:34,2017-02-07 13:58:46,2017-02-20 14:17:43,2017-04-06 00:00:00
6e27f04e8947d6be930769e3ce557bdf,259e07ebcf2a6be5fcd98f01099eb7f4,canceled,2017-03-05 01:03:51,2017-03-05 01:15:09,,,2017-03-29 00:00:00
4fb5f75a2ff520a28e987e6cb5435022,610c70a5e997a8222166a556a089d2c6,delivered,2017-09-07 11:23:20,2017-09-07 11:35:14,2017-09-12 00:40:00,2017-09-13 13:30:15,2017-09-26 00:00:00
d3702a0c7d129ebdb41eb60791ea41e2,f2bc325d402d7f560681ec509ace7748,delivered,2018-05-08 19:05:19,2018-05-08 19:34:38,2018-05-10 18:28:00,2018-05-22 20:03:34,2018-06-05 00:00:00
93b885e8ae6403b9c59c24f1cd30e1ad,1f1d262df96204aa695fa4f0075ea33c,delivered,2017-05-11 21:52:00,2017-05-11 22:05:17,2017-05-12 12:43:20,2017-05-16 10:12:03,2017-05-22 00:00:00
c3df9abd148ceaa39d9911b77b041810,0253cea0ff18bf585307f88ea4fbd5ab,delivered,2017-11-09 12:07:54,2017-11-10 03:26:53,2017-11-14 23:03:28,2017-11-22 20:03:18,2017-11-29 00:00:00
5adb752a21287f421571ba1688dafa2a,9d4a655962c8a0878a1a58c3ecf7cd3c,delivered,2018-05-08 19:13:31,2018-05-08 20:32:01,2018-05-10 06:55:00,2018-05-14 11:38:56,2018-06-01 00:00:00
793e8a915e5cab9e60a0315c67380b12,8caf4f50077ccb67b019d85c42b48046,delivered,2017-10-01 12:48:14,2017-10-03 09:49:45,2017-10-04 19:59:46,2017-10-16 18:36:31,2017-10-30 00:00:00
30123d8900ab69af8d7017c4e66ea57e,1be33a6809926667a83a435c2c09f5c4,delivered,2018-02-16 11:56:16,2018-02-16 12:40:29,2018-02-22 00:23:23,2018-03-12 22:41:59,2018-03-08 00:00:00
54fb6d834ad868ddda6fd4562d4be5a2,c46757e9d12534dc8e5e6ab555cb5c9b,delivered,2018-06-14 09:31:49,2018-06-14 09:57:32,2018-06-14 13:35:00,2018-06-18 23:03:28,2018-07-11 00:00:00
e0d01033a569b492f76a8fc5d333cda1,d99426441f683e973cb56d6a5f9fb4bb,delivered,2018-03-29 19:59:31,2018-03-29 20:15:17,2018-04-02 18:28:37,2018-04-03 20:46:47,2018-04-12 00:00:00
ab116cd2cf14c6bfe1c624dfaedce308,dbf67ffbea0a80040ea2b6cde14ea06f,delivered,2018-03-27 00:17:22,2018-03-27 00:30:15,2018-03-27 18:51:40,2018-04-06 18:08:28,2018-04-23 00:00:00
850a46317b5a1b4eeb14f915fda637c1,372369c546ecd90999d87565c5400e82,delivered,2018-01-02 16:26:54,2018-01-02 16:37:35,2018-01-04 16:12:45,2018-01-26 20:37:33,2018-02-15 00:00:00
0623dbbd06c0d4059dbfefab8748a491,c954645fa23249e4c2b0dd3679b0b177,canceled,2018-08-20 14:17:09,,,,2018-09-12 00:00:00
bc80892738aa55b49dfd74ce6d50cd97,4450850ad98de459ecea38e7a1323f56,delivered,2017-09-01 10:32:59,2017-09-01 10:45:14,2017-09-04 20:04:51,2017-09-19 16:21:38,2017-09-25 00:00:00
c3b1312808b5e55eda5efa7fcb111b00,1e889a782d674324faeacb81ad066144,delivered,2018-07-03 16:23:42,2018-07-05 16:34:36,2018-07-06 08:47:00,2018-07-23 17:22:02,2018-08-02 00:00:00
056c68d093c100017aab1f00f260705c,2a3e9cc5c751116945121703c3013c83,delivered,2018-04-21 11:36:34,2018-04-24 18:23:52,2018-04-24 19:31:39,2018-04-30 23:32:07,2018-05-08 00:00:00
22036cdcfe0c280a53567412a2bc04b6,3ff94c4ed576ecb1d282f2e3c3f279ae,delivered,2018-07-30 12:25:33,2018-07-30 12:50:18,2018-07-31 13:55:00,2018-08-06 15:32:06,2018-08-20 00:00:00
24a562b69731cbec7439c1752c500f82,0b37f01a95740e5ffc068dfae2738630,delivered,2018-02-19 21:58:59,2018-02-20 21:55:49,2018-02-24 01:16:46,2018-03-23 18:33:08,2018-03-14 00:00:00
e282dabaac0b31c7da8a0896fd56e7f3,63851348e2dae0893a180d516a13ebb3,delivered,2017-11-25 17:00:57,2017-11-25 17:13:33,2017-12-04 20:32:37,2018-01-08 22:45:34,2018-01-10 00:00:00
fb60f4b1a57af4307122b7997fc52243,8e70736440f6e4fd50223adf95ead0cc,delivered,2017-05-04 22:57:10,2017-05-04 23:05:19,2017-05-09 11:28:21,2017-05-16 15:23:01,2017-06-02 00:00:00
c1efdd2d9175b13e263d77e6ff0803ff,5914948062fa3526833e5f12ad03539d,delivered,2017-10-16 19:57:19,2017-10-17 04:06:55,2017-10-18 22:20:08,2017-10-19 22:17:45,2017-10-26 00:00:00
ba57eec47403f7ec083e0283b0dbf50c,f94356af391d5aa672f3d0dab3fd010a,delivered,2018-02-06 19:06:17,2018-02-07 03:10:07,2018-02-09 23:46:52,2018-02-23 20:37:52,2018-03-13 00:00:00
838f02ea52c8e48b8bc5ed2671e7bfd3,94df0e79385af6c3f631e35a19c9e0b0,delivered,2018-07-09 11:46:53,2018-07-09 11:55:17,2018-07-10 14:58:00,2018-07-11 18:56:38,2018-07-18 00:00:00
400f443373af2cc7cca6166823ef939e,c4fb92b97f427f554cd03632d9f81387,delivered,2017-08-07 17:26:19,2017-08-09 02:55:37,2017-08-10 19:07:51,2017-08-14 19:55:00,2017-08-29 00:00:00
5d9aa63551a24b92660a08b0e8ef22b6,e130e0b9fa4f2573df38d4ae3e87825d,delivered,2018-04-07 18:16:42,2018-04-07 18:28:13,2018-04-09 21:19:14,2018-04-19 14:21:04,2018-05-04 00:00:00
05bd4a1f3930d20f351ce8c406d77103,21b744d40c3f56ef36b6207f61c49db8,delivered,2018-04-25 23:44:28,2018-04-26 08:10:14,2018-04-26 14:00:00,2018-05-04 00:34:45,2018-05-21 00:00:00
bb4c68c40aab77380324d2d741782056,70c99b15ec648bc2c97997dd3516ec93,delivered,2017-07-25 22:22:57,2017-07-25 22:30:19,2017-07-26 20:19:26,2017-08-03 20:29:44,2017-08-23 00:00:00
5fbb36c2e55d34d7799cb74e65d73a62,cba7df91cfb5b29a0e92be5fb93b5e55,delivered,2018-07-03 09:09:36,2018-07-05 16:04:47,2018-07-04 10:54:00,2018-07-09 17:12:26,2018-07-20 00:00:00
e3153a88be7511737359301517f63274,7fb2d32f0365313c45a849d85cec8702,delivered,2018-05-18 22:51:23,2018-05-18 23:13:31,2018-05-29 07:13:00,2018-06-07 18:38:45,2018-06-18 00:00:00
10d5a1a31235b677b2d8856b22ba79fa,9a1f0d9e703c947913b178a6a50d4c56,delivered,2017-11-07 10:24:30,2017-11-07 10:35:37,2017-11-08 21:27:55,2017-11-13 23:28:19,2017-11-27 00:00:00
f9d5369378902ad40733614f75fdc908,7ba1f155f8054a982c040479a50f34e5,delivered,2017-01-30 15:17:38,2017-01-30 15:32:23,2017-02-01 13:45:40,2017-02-10 14:21:46,2017-03-20 00:00:00
ad87f982d1ef40d7a0bc339828e35616,2d691a5872478b245f5c80c7077b8901,delivered,2018-07-21 19:35:02,2018-07-21 19:45:14,2018-07-23 10:43:00,2018-08-06 12:27:01,2018-08-15 00:00:00
acbd8e5be7c6808b8a971376f7e36b3f,6e2ea2d31a295948feadd5a4fb03eb26,delivered,2018-04-29 22:10:53,2018-04-29 22:30:04,2018-04-30 14:53:00,2018-05-04 18:42:28,2018-05-23 00:00:00
7450a94d5ad749cb013c5b1166520908,42448ecc1b942b2d14c69073e22d109d,delivered,2018-02-03 14:44:42,2018-02-03 14:55:22,2018-02-05 18:18:48,2018-02-20 21:37:07,2018-03-09 00:00:00
7bfbe70d2fa4f8b872ec86a7a51d099b,a9f40b63f49d9ebff8201f4df39a3a88,delivered,2017-07-18 19:08:27,2017-07-19 04:03:54,2017-07-21 21:32:01,2017-07-26 20:49:58,2017-08-16 00:00:00
e16fb24453a306d5d6ba1fb3156df7a4,fe382f8a2ee546cdd8a2db08bc63f347,delivered,2018-08-06 23:05:24,2018-08-08 03:24:54,2018-08-09 12:31:00,2018-08-20 18:38:44,2018-08-31 00:00:00
4c0a7f1d22a884bf17e3d17c2861f946,6c485656112feb44f049b50042ddbce6,delivered,2017-05-03 16:36:41,2017-05-05 02:23:05,2017-06-06 14:28:50,2017-06-12 14:52:07,2017-05-30 00:00:00
c965c44f852330e40d852eff37abac16,6abe0ae88ae2256e56650e5d85768b9a,delivered,2017-12-02 12:19:20,2017-12-05 04:11:42,2017-12-15 20:09:31,2017-12-26 17:53:25,2017-12-29 00:00:00
99022bc546d95ac49e5cc2ae5df73ae2,3f7e374a2f266e9e8f268c19d761408e,delivered,2018-05-15 18:17:45,2018-05-15 18:35:17,2018-05-16 12:04:00,2018-05-21 18:28:24,2018-05-29 00:00:00
188a143816707d77b3976b77d4c0966d,bee0416079a335277a9de7f044144458,delivered,2017-07-23 14:03:24,2017-07-23 14:15:14,2017-07-24 15:39:38,2017-08-16 17:17:56,2017-08-25 00:00:00
8e5d0c2169e3d73e73ad4591d43481a1,5a43453cd838f7dceef8d280a1a2c0fa,delivered,2018-05-25 10:59:28,2018-05-25 11:13:49,2018-05-28 14:09:00,2018-05-29 18:09:28,2018-06-12 00:00:00
548c4aaaafce95ab8c06ac6a2f38d1cf,49222a9298b24e84f192e9e1c8830f03,delivered,2017-11-03 15:31:53,2017-11-03 15:46:31,2017-11-06 19:38:59,2017-11-17 20:09:06,2017-11-28 00:00:00
270f00466aae4f41f010eaba2da31425,7173277fd224065c8b8100db8b2414bf,delivered,2017-12-28 19:23:18,2017-12-28 19:35:23,2017-12-29 21:39:05,2018-01-05 21:14:12,2018-01-31 00:00:00
c9f1330428746f0615d885b863acce6b,b0e95b319d7fc39e30be8edda9de0054,delivered,2017-05-16 09:58:11,2017-05-17 03:55:09,2017-05-17 13:06:33,2017-05-24 18:53:10,2017-06-07 00:00:00
028e069ddb78a5a7179f1e6734e226c6,7475f775af7286fdb7c6802eade228bf,delivered,2017-08-20 12:10:57,2017-08-22 03:45:54,2017-08-24 19:22:48,2017-09-12 16:35:44,2017-09-13 00:00:00
3fe3d1ba41519dd81c6d6ebde0c8801b,7c8f752ec24bb402191fb6cda46d2305,delivered,2017-08-20 03:06:47,2017-08-20 03:24:14,2017-08-21 22:09:01,2017-08-26 13:56:42,2017-09-13 00:00:00
40b9d0a196fc994938fec40d258133be,81ba16005b845b1e6b32ec1b425c5ca8,delivered,2018-08-11 19:57:16,2018-08-11 20:05:23,2018-08-13 14:37:00,2018-08-14 20:33:33,2018-08-21 00:00:00
b3e1af57e0cb89557abec0fd31d47c37,e1082da721695c572e703381e22ddb91,delivered,2018-01-10 18:34:03,2018-01-10 18:48:38,2018-01-11 22:47:05,2018-01-24 18:37:12,2018-02-05 00:00:00
61a38ccd48075ef5117f661ffac57f0a,4a77324a41aa68f2af01c984245cb514,delivered,2017-11-01 16:34:41,2017-11-01 16:50:18,2017-11-03 20:03:24,2017-11-09 20:32:35,2017-11-28 00:00:00
c8b572e51cdb580076ed91bd1ead1fe5,d8457d5a5e980f0815434f986cd24227,delivered,2017-11-17 13:14:40,2017-11-17 13:50:41,2017-11-21 09:52:08,2017-12-04 21:33:02,2017-12-13 00:00:00
454ecfc568c4d964048236e91a42bda6,ea29ee5d9096bdd7f6021a9697e289d3,delivered,2018-06-28 00:13:52,2018-06-28 01:11:30,2018-06-28 14:45:00,2018-07-25 18:36:52,2018-07-20 00:00:00
47106caf7707ccc0552581877874349f,73c65731f86095845be2da68f658284d,delivered,2018-08-11 11:01:19,2018-08-11 11:15:12,2018-08-15 13:55:00,2018-08-17 21:42:01,2018-08-28 00:00:00
5921bd0f088c44dc7f90bd2f6b9c1816,9fed62b87969b514163d932f8ae4cd3a,delivered,2017-07-29 16:07:00,2017-07-30 16:15:17,2017-07-31 20:51:58,2017-08-04 16:08:02,2017-08-22 00:00:00
fda6b3dc0172753cc6d00bddb5d4a6e7,1e2489ff630b27c2e1d61797902467d1,delivered,2018-06-07 16:36:01,2018-06-08 19:31:01,2018-06-11 12:54:00,2018-06-15 20:12:38,2018-07-05 00:00:00
dc03cc1a4d22f8b8685cf1ddada1b85e,00a16acd591b4bb112f2e94c7d2f9936,delivered,2018-06-12 11:48:25,2018-06-12 12:23:26,2018-06-12 14:24:00,2018-06-21 23:46:36,2018-07-05 00:00:00
712f2292ec222ac15f99e7320aa4ad44,80ad8f6c9a59a006d200fde84407ffcc,delivered,2017-04-22 20:55:16,2017-04-22 21:05:16,2017-04-24 21:24:34,2017-05-03 13:44:33,2017-05-17 00:00:00
022790f69760d0a1c025cd3acdf13927,c2b5591d50732618e8245b7c01bda8cd,delivered,2017-10-08 20:24:03,2017-10-08 20:35:23,2017-10-10 20:45:10,2017-10-16 23:32:42,2017-10-31 00:00:00
eea0b9f20011d9a23aedc845a26b40a0,f09fc8998d4c068270986edf79e4e761,delivered,2017-05-28 00:12:35,2017-05-28 00:23:50,2017-06-13 08:54:41,2017-06-25 12:39:43,2017-07-24 00:00:00
43ed2e201f59c4d2f7778d8e8c526fae,af06df1640aa1b80da72dc5687ce5a92,delivered,2017-05-29 17:45:13,2017-05-29 18:45:24,2017-05-30 16:26:04,2017-06-01 14:53:44,2017-06-21 00:00:00
4ce5781581782e1783fb9ed718ab6053,5338f485d3db2eb364c98cb56405cd71,delivered,2018-07-19 17:43:55,2018-07-20 04:55:30,2018-07-20 14:14:00,2018-07-25 14:55:45,2018-08-20 00:00:00
e271431ad37021b0e445c4f01a6ff83c,2e8e02f3c8ccc706642c7c42b68178ef,delivered,2017-11-23 13:04:12,2017-11-25 05:18:35,2017-11-30 13:51:31,2017-12-15 20:53:25,2017-12-26 00:00:00
256ae4944b9b0399798c2067a3077b94,dc208550546c159c4776fb435c14b313,delivered,2017-08-14 12:31:04,2017-08-15 03:43:48,2017-08-16 18:10:54,2017-08-24 20:15:07,2017-09-05 00:00:00
bcdfe27f47e1b9e9cce4d8c2e54566ed,da55569eaa5bc38798b9c9fd67eac4fb,shipped,2018-04-01 11:55:02,2018-04-01 12:47:13,2018-04-02 18:21:50,,2018-04-20 00:00:00
e3e1b813f658feb4bc2c345bc2d399f5,43a917e7a3082490cfb087d219d8a330,delivered,2017-05-23 00:08:56,2017-05-23 01:02:24,2017-05-24 14:29:35,2017-06-19 19:14:48,2017-06-16 00:00:00
7fa75bfce88c324530041cb08a3ea734,5f137a3d1d167ed6fb9e59086c9aea86,delivered,2018-04-23 01:35:32,2018-04-24 18:27:33,2018-04-23 22:51:51,2018-05-08 18:42:04,2018-05-17 00:00:00
9a327776c4009cd0980497d9386b1472,af3bbdd63bf976839718d59fd60ba9f1,delivered,2018-03-25 22:33:39,2018-03-25 22:47:54,2018-03-26 18:17:44,2018-04-03 19:12:49,2018-05-02 00:00:00
47d248c19f5affa1ef2a5b91c8006ddf,a701194f0a767e378a77e2c59b151d65,delivered,2018-07-23 15:55:26,2018-07-24 11:32:30,2018-07-24 14:19:00,2018-07-31 20:24:23,2018-08-13 00:00:00
f29ddf8225b83634a61798046455ce8a,238a5f6c34460fd3626df27cfb0d0ab9,shipped,2017-03-10 15:09:40,2017-03-10 15:09:40,2017-03-13 13:49:56,,2017-03-31 00:00:00
eee0d370c2154116eb2fe9e4c75532e6,3f4c0f7e7fb59e7411dfb858748e45c3,delivered,2018-02-04 19:17:03,2018-02-04 19:30:21,2018-02-09 23:26:52,2018-02-16 22:26:32,2018-02-21 00:00:00
bc8b4b64c37cdba44b9f2953075e8449,c1049b787fd9750498a00ffb0007e0e8,delivered,2018-01-15 22:52:30,2018-01-17 04:31:22,2018-01-17 20:43:36,2018-01-25 18:06:20,2018-02-08 00:00:00
bdd829bf1090cb56da3e6106c1fd768f,22084eb4b3c2bd7f03c726aa0fc4ba5d,delivered,2018-04-26 18:25:39,2018-04-27 16:53:05,2018-04-30 16:16:00,2018-05-18 17:04:10,2018-06-01 00:00:00
61b8f80f57eb27a3d6f27f6578b6b3c9,1290b1ab54f6ca32787bdd4b092797aa,delivered,2018-02-03 20:26:01,2018-02-04 20:30:24,2018-02-05 19:12:15,2018-02-09 20:27:45,2018-03-06 00:00:00
c680034cfb1945850fadf876ace52483,e4f69c779388ab0c6824d957a29755fa,delivered,2018-08-13 13:36:58,2018-08-13 13:50:25,2018-08-13 19:05:00,2018-08-18 01:56:37,2018-08-23 00:00:00
b1268365b664df441154c615681ed911,48eea89af40f6e6691d00c5ab16a1f22,delivered,2018-05-29 22:09:50,2018-05-31 03:36:01,2018-06-01 14:52:00,2018-06-06 22:27:56,2018-06-29 00:00:00
1b3cd8f4c4ebba4139eb750ccf233e63,b4bfd1ea3d936462015549270cee273a,delivered,2018-03-26 14:22:35,2018-03-27 03:55:48,2018-03-27 20:18:57,2018-04-05 01:57:31,2018-04-27 00:00:00
e29720228c32008620375389b6aa65e9,ef7d3722fe9bd14721ced0ea08b4b6fe,delivered,2018-05-17 09:59:25,2018-05-17 11:31:49,2018-05-21 12:00:00,2018-06-09 17:22:21,2018-06-18 00:00:00
38fd8252e151b8a2392e7fc051a94240,81ee77ee8d1e9675aa596585f370c795,delivered,2018-06-24 00:26:44,2018-06-24 00:58:46,2018-06-25 08:06:00,2018-06-26 16:12:30,2018-07-05 00:00:00
902864b6c62e404e8a57ca48c90657e8,2bf14bf7a1f0610883d264cae6bc4de6,delivered,2017-07-31 17:48:16,2017-07-31 18:05:24,2017-08-02 19:17:43,2017-08-08 19:15:45,2017-08-28 00:00:00
e167e5fec8b22247c94da22647f1d19c,1c60500fec405139b425e44a16d37a0a,delivered,2017-05-27 19:13:02,2017-05-27 19:22:11,2017-05-29 09:03:56,2017-06-19 19:42:42,2017-07-03 00:00:00
c1e204186043302a0a6e1f4d955460fe,81840cabffc6c79f0f88fdbac5853531,delivered,2017-11-16 17:21:21,2017-11-16 17:38:40,2017-11-21 21:43:58,2017-12-02 18:38:46,2017-12-11 00:00:00
38ea876db54669e7e86dc8c79049b795,0e7fec9f549c214a9303b5d4b2067ede,delivered,2017-04-03 20:05:04,2017-04-03 20:15:10,2017-04-05 14:57:37,2017-04-12 08:18:02,2017-05-08 00:00:00
1c42ccf6b3984742a3eacfcf23b4a67b,c4ddd9835b9536ea25f0302c98c4dbf1,delivered,2017-11-24 22:20:50,2017-11-28 04:31:09,2017-11-28 16:53:03,2017-12-16 14:24:31,2017-12-26 00:00:00
db66ad4e69244a08ca990191877c78b5,fe15baa89a27d9486370adc29d11983a,delivered,2018-01-01 18:28:26,2018-01-03 04:33:30,2018-01-04 21:52:20,2018-01-11 21:06:23,2018-01-30 00:00:00
4b9359b6bad98027f7a428063413d090,e33050f010b28fe50cf2c93329c97076,delivered,2017-10-24 22:30:12,2017-10-26 02:56:44,2017-10-27 18:49:52,2017-11-06 13:33:46,2017-11-28 00:00:00
06cd9d207dfbdde70cff4074b5b3dfaf,369fa8413084d3ca6d64c8532ed1943b,delivered,2018-06-04 09:15:35,2018-06-04 09:29:57,2018-06-04 14:44:00,2018-06-18 18:08:35,2018-07-18 00:00:00
7cd531162eef394b7fb7def6cc0a9192,fa96d52ff7be59e7fc6487bd3a292ef7,delivered,2017-08-10 21:04:13,2017-08-10 21:15:23,2017-08-16 23:23:53,2017-08-23 20:25:18,2017-09-01 00:00:00
b0fea5446bb8ef92a53f062f4851be03,a43dbb1bf6bf0370736768de1e7210a8,delivered,2017-12-12 20:58:48,2017-12-12 21:11:37,2017-12-13 15:57:05,2017-12-19 15:51:55,2018-01-12 00:00:00
08ea1bc252569389d95f453e057ff092,e5dfc88a9e962f7b532ed9559d3bcc61,delivered,2017-12-10 22:58:21,2017-12-10 23:15:16,2017-12-11 22:58:46,2017-12-18 19:43:38,2018-01-05 00:00:00
c2732918af31f35e7fcf5d1bfb9b92fa,d3e368412ff575eaf086a0fd6aa37cbc,delivered,2018-03-26 09:57:32,2018-03-27 03:48:16,2018-03-28 18:46:45,2018-04-02 20:08:53,2018-04-16 00:00:00
d568f094af70874d55d22a89e093fe18,aa98b0ee899c4f787d88f11b88b50fc2,delivered,2017-01-23 21:35:49,2017-01-23 22:01:57,2017-01-25 09:37:51,2017-02-02 14:17:52,2017-02-28 00:00:00
1f6d86317f38faa3dc8534370197ee15,1a0760621f55a295a7603016d0b559af,delivered,2018-07-21 08:11:02,2018-07-21 08:30:09,2018-07-24 18:14:00,2018-07-25 15:16:58,2018-08-02 00:00:00
d19fb6723049906050963193ff88a628,bedca31272f1b18b30685a6c559871be,delivered,2017-05-14 23:34:24,2017-05-16 03:30:46,2017-05-17 06:10:04,2017-05-23 11:52:18,2017-06-08 00:00:00
d4b4050ad0885ce84603e34ee06201ca,49d7f0f85143c703b82ff332b33a4dbc,delivered,2018-08-07 17:16:36,2018-08-07 17:30:17,2018-08-08 12:12:00,2018-08-11 12:18:38,2018-08-22 00:00:00
c28d64b0e65c1fc17a65f6902f11226f,eb136264e351f7e90ae306bdbbdbb44d,delivered,2018-08-02 21:57:29,2018-08-02 22:10:12,2018-08-03 13:55:00,2018-08-09 22:18:22,2018-08-13 00:00:00
db3a01453250325c27f1b54a5dabf495,bdb17993d471e48340c10c554b57ad7d,delivered,2017-07-10 18:11:49,2017-07-10 18:25:19,2017-07-18 13:18:01,2017-08-01 22:22:50,2017-08-10 00:00:00
c1da287bcf49e04d36093b8296d121bf,ba4d4ea45ed0789a39a2546c52b078ef,delivered,2017-03-31 14:40:26,2017-03-31 14:55:11,2017-04-03 14:38:37,2017-04-13 13:04:15,2017-05-05 00:00:00
2c316630a424abef517f1f8d7295d666,9b2edc09b7b984bc7166ca79d4b7b864,delivered,2018-08-23 09:27:52,2018-08-23 09:45:07,2018-08-24 11:41:00,2018-08-29 16:07:28,2018-09-10 00:00:00
5dab9be70a88ee01556f2313032412d3,6ce8b315fb9fdbbcedb0288584405079,delivered,2018-02-07 14:35:29,2018-02-07 14:55:40,2018-02-09 16:09:06,2018-02-17 12:46:00,2018-03-06 00:00:00
f918a05a6158db5265b92aa4ff3403cd,28acc3d60d72c58915836c96d496d0cb,delivered,2017-12-27 18:13:43,2017-12-27 18:27:27,2018-01-02 21:22:45,2018-01-06 14:16:05,2018-01-17 00:00:00
865ac955daabadc2170a3a46480f4b5a,3de1e3501127d6220a7fa9cc9ec078c7,delivered,2018-05-15 10:59:47,2018-05-15 11:32:00,2018-05-16 14:10:00,2018-05-21 17:03:33,2018-05-30 00:00:00
1167028eaef4a4e52b2ac530aa8beb9f,42f395e1f35d1a041bafea4dd0875e08,delivered,2017-12-15 11:17:17,2017-12-15 11:32:25,2017-12-20 12:58:10,2018-01-09 23:43:48,2018-01-16 00:00:00
515ad53b1bdf1d9da25e0c1079a1b242,47f2b4375b6c1aee9a4f95cbe493e064,delivered,2018-05-17 00:18:46,2018-05-17 00:34:12,2018-05-21 14:29:00,2018-06-06 22:08:32,2018-06-13 00:00:00
38b80ac02e3ce34b306483fc57a33bc5,ceaeed79bef0496075037b3cc8eab28b,delivered,2017-03-12 15:34:47,2017-03-12 15:34:47,2017-03-20 12:44:54,2017-03-28 08:50:52,2017-04-13 00:00:00
4c374f090868ac5a5910f6b1fd383c25,023fafd700dff9fcc64d28e2defe98b9,delivered,2018-04-05 10:40:30,2018-04-06 09:09:23,2018-04-07 01:16:42,2018-04-11 18:19:24,2018-05-04 00:00:00
0eef4793bf3001d7eb4df206c37dffc9,64f878fbcfaa000fd3b63a0de693968c,delivered,2017-12-15 00:53:24,2017-12-15 01:10:29,2017-12-15 21:53:08,2017-12-27 16:39:07,2018-01-19 00:00:00
fe590d6e861c13a9b394a9d3775b07d7,b3b02ff03c556839d91070f207188bdd,delivered,2017-02-06 18:02:01,2017-02-06 18:10:19,2017-02-08 11:38:01,2017-02-21 17:22:09,2017-03-13 00:00:00
6bd3baa0af5fdc1f3fe70a01055c597b,4283d1b5347631ecbabf42b4e91e9300,delivered,2017-02-25 00:50:34,2017-02-26 01:05:17,2017-03-03 08:07:51,2017-03-14 11:14:04,2017-03-20 00:00:00
0705d1148d3c3d342f1a8c8ad33e5d3f,0805dba577d40a903cd65769580953ad,delivered,2017-11-26 22:34:08,2017-11-26 22:53:02,2017-12-07 14:48:30,2018-01-22 18:18:49,2017-12-18 00:00:00
3085b7ef3898f0caa9793f33a175b07e,1f182ea0d83bd0a076cf57ef94768e48,delivered,2018-07-31 22:18:25,2018-07-31 22:30:33,2018-08-01 11:19:00,2018-08-08 13:38:42,2018-08-21 00:00:00
680179732742008e49abbe7724279a81,1ad7f1b0c7aa25ae1cb06b495a2cd867,delivered,2017-12-03 21:31:23,2017-12-03 23:31:35,2017-12-07 12:24:28,2017-12-14 20:56:53,2017-12-27 00:00:00
39f0fe1c2222cc91a2c126338ffd0a77,a10f8faf57b7b124f519ba279f283791,delivered,2017-05-03 20:44:22,2017-05-03 20:50:19,2017-05-09 12:09:53,2017-05-18 10:41:48,2017-05-30 00:00:00
a3618e87bbadb70219347557df7d551f,5056f8f76b7bb8600571fec6d7e542ae,delivered,2018-01-05 15:55:31,2018-01-05 16:14:31,2018-01-08 21:28:35,2018-02-05 12:16:36,2018-02-19 00:00:00
b2d1902261f105c5c09ca05dc05c2aa0,cffb78db58e0c8f599ae18ae859f9a31,delivered,2017-12-25 21:55:55,2017-12-25 22:08:31,2017-12-26 19:23:41,2017-12-27 15:41:40,2018-01-15 00:00:00
85f5aa79a7370114c788fd6752d6fdb9,75328d5e4b644743bbae293093f7be6e,delivered,2018-03-22 12:49:17,2018-03-22 13:09:10,2018-03-26 21:07:46,2018-04-07 12:26:45,2018-04-11 00:00:00
be162c3ed290c4feb0aab4d46123275f,26d3216ae8309f99d09049a7aa5b4495,delivered,2017-12-22 18:20:01,2017-12-22 18:29:34,2017-12-26 14:57:41,2017-12-29 21:22:07,2018-01-23 00:00:00
3068ff17db7d22d0a343f06ae2687c5e,00a2277d94755da60c916bab098b9b49,delivered,2018-03-17 11:17:20,2018-03-17 11:30:23,2018-03-19 18:38:32,2018-03-21 20:08:55,2018-04-06 00:00:00
16bdfd2bf4770d0648de769d3fc71cda,f3fa3dc9fd162f9d89d6d0957aeebdf6,delivered,2018-05-02 20:39:23,2018-05-02 20:55:30,2018-05-03 14:55:00,2018-05-10 20:41:44,2018-05-22 00:00:00
75a9ffb4a9abf77fae3bf11aff5fedc8,08f3422a3e840638ce551d88ebe25a67,delivered,2017-10-30 21:49:30,2017-10-30 22:31:41,2017-10-31 16:58:11,2017-11-07 00:05:17,2017-11-13 00:00:00
2c810e97c1d3956172e1830863e6a133,ba2ad8b23fe2a0a45cdb33ae2cc42b98,delivered,2018-08-15 11:30:33,2018-08-15 11:44:11,2018-08-15 12:44:00,2018-08-20 15:15:42,2018-08-27 00:00:00
655bc8e53bf6638c8e7c49962fb60a4f,a7498bfe950aae505fb53f3647fa8178,delivered,2017-04-23 18:15:47,2017-04-23 18:31:32,2017-04-24 09:41:44,2017-05-04 13:14:18,2017-05-17 00:00:00
662b16dd4926c4d8c8686a306b464500,28ffdf44f3266140740ff47770879765,delivered,2017-02-25 14:09:46,2017-03-02 03:45:15,2017-03-02 14:29:33,2017-03-08 11:22:08,2017-03-20 00:00:00
642286231b99c682c417463cbdc00b8f,68dc0182e4cf141c4b86924a0ba85937,delivered,2018-01-25 20:42:47,2018-01-25 20:59:12,2018-01-26 17:49:06,2018-01-29 21:19:11,2018-02-09 00:00:00
544238f04f24765a69670a0195dc23c5,51b96673c2c4c07c3290326bcc6d2fb7,delivered,2017-05-10 22:44:43,2017-05-10 22:55:16,2017-05-11 21:17:44,2017-05-19 14:48:09,2017-05-30 00:00:00
869bb454aa7fd93af2e620c1d34d5e49,be55f2be3c967a6b77b75158d8d6260d,delivered,2017-09-02 17:37:10,2017-09-04 15:45:30,2017-09-05 20:13:04,2017-09-13 20:39:03,2017-09-28 00:00:00
7af8cc0ff9ec1dcbdf0880dac7cba603,4c89fdd6c3fa79bd2f7383da05475f81,delivered,2018-03-16 14:45:05,2018-03-17 02:50:40,2018-03-21 23:48:31,2018-04-05 15:06:42,2018-04-05 00:00:00
110d11411569c88d2745d55180027f3e,dcdc2e29ce9bfb07a3c6d0d1e0775073,delivered,2017-10-03 12:56:49,2017-10-03 13:07:41,2017-10-04 21:10:56,2017-10-10 02:29:28,2017-10-27 00:00:00
fab688950086bc930163ec1b228ead77,b25729f20309f4a1ffbfa1a250ed94d9,delivered,2018-08-17 15:10:54,2018-08-18 02:49:51,2018-08-20 14:30:00,2018-08-24 17:00:14,2018-08-30 00:00:00
4a67d501fffed1c90df7fabf5d40b861,51c7b23efae2b1f3a2b9fb6a2444d8a5,delivered,2017-10-20 09:56:47,2017-10-20 10:14:21,2017-10-20 22:37:29,2017-10-23 17:40:39,2017-11-01 00:00:00
f34349c1787f5a47ace7555af961a47b,0bd97783f923de852985314ab0ef2f53,delivered,2018-01-06 13:59:12,2018-01-09 07:26:26,2018-01-10 16:45:55,2018-01-24 08:16:59,2018-02-21 00:00:00
4114c50e035cecc014d1340671e07f88,7c39e1d850847549a7364245d341f35f,delivered,2018-08-13 12:55:41,2018-08-13 13:05:19,2018-08-14 12:50:00,2018-08-20 15:54:58,2018-08-23 00:00:00
1eec0efabea726c266e947674306621a,477b3eafd427bc07ce0ab9ddc85bc89c,delivered,2018-07-21 20:58:42,2018-07-21 21:45:10,2018-07-24 15:48:00,2018-07-31 17:34:51,2018-08-13 00:00:00
e5e002b62cfa5c3917cd18d862778916,83d55f159d479719eae036a2093ef4be,delivered,2017-11-10 16:28:51,2017-11-10 16:51:24,2017-11-13 19:02:40,2017-11-25 00:28:56,2017-12-01 00:00:00
bc46a904b86fbf6c3d2f49a74fab7e66,94d7884a5c20f036ed5933759a5e0bff,delivered,2017-08-24 22:01:40,2017-08-24 22:15:11,2017-08-30 18:23:01,2017-09-06 17:25:55,2017-09-14 00:00:00
dc731e00fc45a039b43e6108a19c4db9,51365dd4199bd092e333ebcdb3f8942b,delivered,2017-10-20 10:34:52,2017-10-21 03:06:02,2017-10-24 20:47:38,2017-10-30 17:03:56,2017-11-16 00:00:00
dc1db1e1520b30e1d279a28b53a2f169,f357d1ab7a43c1fd63ed0d5e91e15cde,delivered,2018-02-21 18:56:47,2018-02-21 19:15:48,2018-02-22 16:44:00,2018-03-01 17:47:06,2018-03-14 00:00:00
ca538977254d9e1b733e6946e3c323df,c664a140f1fb34170b8823eb0f7f8b70,delivered,2017-11-27 10:28:50,2017-11-27 10:36:26,2017-11-28 20:51:42,2017-12-04 19:26:50,2017-12-12 00:00:00
27daa394276d904c4a0fbe8307e854b8,591a5073a1a1ba93697460e7b802558a,delivered,2017-06-11 00:50:56,2017-06-13 03:45:18,2017-06-16 13:58:16,2017-06-23 11:16:36,2017-07-07 00:00:00
2015fdddda0f27eaf4ebdf451d70a41e,1480b09f03509b43490678fedbfcf39d,unavailable,2017-10-19 13:52:04,2017-10-19 14:07:41,,,2017-11-10 00:00:00
3e22c141d2861860889375c6fd7b89b3,afecd87de20b72ea2bac4b7cdfe977f3,delivered,2018-01-21 12:16:51,2018-01-22 13:48:46,2018-01-24 22:46:40,2018-02-08 20:26:52,2018-02-26 00:00:00
b6d3f75a92e19fb13f1c33049cfb9a29,e22bf63c919b667e3f31fc1f6b28e5ff,delivered,2017-02-12 19:48:59,2017-02-12 20:03:10,2017-02-13 11:25:36,2017-02-21 13:56:21,2017-03-14 00:00:00
c80425e9138d23b213a2cfd0261ddc69,fe874488da2abfa11a91a0ff32c5322d,delivered,2017-06-03 01:00:32,2017-06-03 06:55:18,2017-06-13 16:10:32,2017-06-19 11:53:53,2017-06-29 00:00:00
6251915eca989de65a0d5bd949bb98fd,9d4f394cfc7fbf420201e20f14e87aac,delivered,2017-12-01 19:00:12,2017-12-01 19:30:59,2017-12-04 18:09:49,2017-12-19 00:22:46,2018-01-03 00:00:00
ec9e84c39657229cb100e43cff1e533f,30e72f956b5a6cb7870d3de8f8ea98f7,delivered,2017-06-09 10:54:14,2017-06-10 06:43:00,2017-06-12 13:05:12,2017-07-05 13:47:45,2017-07-14 00:00:00
47ea7a7404f3a2bd852026254b803f48,f28aac2789e12c47afd75647b5788bfa,delivered,2018-03-03 17:48:45,2018-03-03 17:55:36,2018-03-08 20:04:30,2018-04-05 01:06:32,2018-03-23 00:00:00
efbc0e9b01233ba37ab8dccf2f26bd64,525f5961d830dc5dbfcf7fa34115ab8d,delivered,2018-01-07 19:43:46,2018-01-07 19:51:28,2018-01-09 23:33:33,2018-01-16 16:21:53,2018-01-31 00:00:00
e096a43b2e81fa2c359be74375d5ac7f,c12696e075e4644cdfc57dcbb39ad5e6,delivered,2018-05-05 10:18:35,2018-05-05 10:30:16,2018-05-07 12:31:00,2018-05-12 14:11:22,2018-05-30 00:00:00
235d63795ce7643944b9b41203d37c30,24912b3f70d821646de5391c74cad1a7,delivered,2018-07-12 17:34:28,2018-07-12 17:45:19,2018-07-13 14:13:00,2018-07-20 16:03:37,2018-08-08 00:00:00
3bfd703ce884b8a0a65e63f2d4db6393,4f61f8c61f079aa7d12dc2b21087507c,delivered,2017-05-10 17:45:05,2017-05-10 17:55:19,2017-05-11 10:23:53,2017-05-12 14:30:06,2017-05-18 00:00:00
59ae998fa589f6eac5075e8cb57535d6,99321c3c5dfed7e71830be1e057958cf,delivered,2017-04-18 15:26:30,2017-04-18 15:50:17,2017-04-20 10:44:41,2017-04-27 18:37:51,2017-05-15 00:00:00
386b7bf21f38606191446a1c627e2de5,ef70c1f3ccf82c71b14732a31ddbed77,delivered,2018-01-29 00:04:16,2018-01-29 00:15:27,2018-02-01 18:54:31,2018-02-14 19:28:36,2018-02-26 00:00:00
61bad37b59417cf4967b83748544fd52,380891efdcfa5b83e68b95d88a4b292b,delivered,2017-12-11 19:49:26,2017-12-11 19:58:31,2017-12-14 03:15:21,2018-01-03 23:38:31,2018-01-11 00:00:00
bd4b1315e0c46475e9b9b287f60292ca,d21ba493f57709eaca3b75275925dbb3,delivered,2017-02-26 16:04:10,2017-02-26 16:15:12,2017-03-01 11:36:46,2017-03-11 08:09:04,2017-03-24 00:00:00
6e57e0a357e780334cea7b98208d6f25,74ba059969ec252a654dbd3e73f11e26,delivered,2018-07-05 20:35:04,2018-07-06 02:35:09,2018-07-06 09:56:00,2018-07-11 14:57:42,2018-07-18 00:00:00
5bcc22a5b7883bf37424018f8068c511,2ff967be7f6652e68ab0c412054f6aea,delivered,2018-07-27 16:23:54,2018-07-31 04:31:53,2018-08-07 16:10:00,2018-08-16 15:58:52,2018-08-23 00:00:00
d8eb5e8c7fc14da34fc5252a2ca7cfab,673109a1fff714fa4273743b032a9324,delivered,2017-12-15 10:16:16,2017-12-15 10:33:44,2017-12-15 20:38:04,2017-12-28 22:43:10,2018-01-10 00:00:00
498e066f76ea893807edbcf498e2cac7,398cdeaf241e3ab97c45cfc7471edc4f,delivered,2018-03-01 15:13:28,2018-03-01 15:35:32,2018-03-02 19:19:44,2018-03-22 16:04:26,2018-03-19 00:00:00
48a224f9ab91e6f61f0f90e854cd7deb,8e802aa92e088465b6a3cbb2a5188d5f,delivered,2017-02-14 09:04:02,2017-02-14 09:15:10,2017-02-15 09:28:43,2017-02-17 14:53:50,2017-03-13 00:00:00
644a46554c6d9ad03b6b8c47553ff97b,ff1650eea871a455fa3c5467669552f4,delivered,2017-11-30 23:17:32,2017-12-01 10:31:04,2017-12-06 11:26:00,2017-12-19 12:09:42,2017-12-28 00:00:00
0261b9a1fd7da49cec3906e055b2f59d,8e78dbe65183a6e99960e0ce46b373ae,delivered,2017-02-26 23:37:07,2017-02-26 23:50:19,2017-03-01 11:09:38,2017-03-15 06:55:38,2017-03-30 00:00:00
e748c54b8577378ff4ec891345c9b884,fe699c8535ad2dde2050b768c4b2fb4d,delivered,2018-02-09 13:46:48,2018-02-09 14:09:04,2018-02-09 23:33:28,2018-02-27 01:22:27,2018-03-07 00:00:00
652a34a98deb42a4ce9408d3287a100d,968608ae5dd04c867ce28fda6b8642e9,delivered,2017-08-04 01:58:08,2017-08-04 02:10:06,2017-08-04 18:33:11,2017-08-07 20:12:38,2017-08-17 00:00:00
6804819a81c7f5ddaa37b18b5824ddd9,2b626729e6d9c7d61d07f623c9602f2f,delivered,2018-05-29 16:27:34,2018-05-29 16:51:32,2018-06-01 10:46:00,2018-06-12 19:14:42,2018-07-04 00:00:00
c8bb5e3a323ce2493a2a00f055b10f11,1314035a90e7564cd6612e1cc9d7c9f5,delivered,2017-09-12 21:22:11,2017-09-12 21:30:23,2017-09-13 14:42:36,2017-09-29 19:37:52,2017-10-02 00:00:00
9ea0a40497073e1fb4b7e78c1df24073,0411da92259f0d405855212ed6e54118,delivered,2017-03-29 07:47:28,2017-03-29 07:55:20,2017-03-30 13:12:53,2017-04-03 13:53:55,2017-04-25 00:00:00
5c1a1b1497c648a90f29778a4fdfa2f3,e4ae92658a82f75ae29c271faead62c6,delivered,2017-11-21 11:23:29,2017-11-22 02:36:31,2017-11-24 20:36:55,2017-12-01 19:07:34,2017-12-27 00:00:00
5c41c8b1cb46ca2a7fdd390e960d9ade,3d3464ab866955b8cb517c77fa19150c,delivered,2018-07-17 21:08:27,2018-07-17 21:21:46,2018-07-18 15:35:00,2018-07-20 19:51:55,2018-08-01 00:00:00
46577915955882637e4399fae724c027,ac226e67c913e5f1039af998a59e538f,delivered,2017-11-25 17:47:46,2017-11-25 17:58:24,2017-11-30 17:29:33,2017-12-05 21:39:47,2017-12-11 00:00:00
7dfd2a57927c21f5768da795fa18b460,386866a1fdcf810e483b35c769265464,delivered,2018-03-07 16:35:41,2018-03-09 02:31:21,2018-03-09 21:14:41,2018-03-13 18:06:29,2018-03-19 00:00:00
4a2882a91107820eb25a65e0190575b0,2bf1c80d9968dd73dd1ff5a5981b884a,delivered,2018-07-09 15:14:48,2018-07-09 15:25:12,2018-07-10 14:22:00,2018-07-11 23:36:46,2018-07-18 00:00:00
dd14b7426d230b6c50002b13efdcbc9f,1133179ed0c10dfa70681cef16b90b52,delivered,2017-11-24 16:22:22,2017-11-24 20:19:32,2017-11-28 21:38:40,2017-12-14 15:19:06,2017-12-15 00:00:00
6af3d9ab67bbedd3ca2c43eb08be0f91,f94ae0d07bfc8fb9170305971a288ad1,delivered,2018-02-11 09:15:52,2018-02-11 10:00:24,2018-02-20 18:34:32,2018-03-08 10:16:58,2018-03-14 00:00:00
0368f4fdb586fe3cde123934d4ab5b5e,f561479d04074fcab81dd916fd6a79e4,delivered,2017-05-29 17:55:47,2017-05-31 07:02:53,2017-05-31 15:56:57,2017-06-16 17:37:54,2017-06-22 00:00:00
879ed1a79b3970f510fdb4b4aa3f86e1,0816e830480fc8a07ea1d535160a544b,delivered,2018-03-06 16:53:32,2018-03-06 17:42:17,2018-03-09 21:58:30,2018-04-04 00:48:32,2018-03-28 00:00:00
48afb47de24e677ca982e101f5e1d7fb,5f9b9111b88da78fd820c8aaf90215a0,delivered,2018-02-03 15:19:52,2018-02-03 15:35:30,2018-02-05 19:32:37,2018-02-19 20:48:31,2018-03-02 00:00:00
41b7994f6fdd38dc855f6f6a5c61b459,214c501c82476bcbd7e0f7b13e8ab029,delivered,2017-09-05 15:23:23,2017-09-05 15:35:20,2017-09-08 21:13:59,2017-09-18 20:57:30,2017-09-26 00:00:00
53ae2131bd6826cb604888a0f7574146,4f6b571b7acbbb26229b0cda932528f6,delivered,2017-12-16 15:08:36,2017-12-16 15:19:31,2017-12-18 22:39:50,2018-01-03 23:57:34,2018-01-12 00:00:00
8293cb6241edbf2b03ae13125b6b334a,3e39c97de34f634ccb1781e66e158beb,delivered,2018-01-06 16:06:31,2018-01-09 07:19:47,2018-01-16 17:22:38,2018-01-24 20:58:47,2018-01-31 00:00:00
d9fa42dd4d9ba1b1ff2b371a141c8b82,19f78b3cea440daf3c75a48f8bb231e1,delivered,2017-08-14 17:11:24,2017-08-14 17:30:15,2017-08-24 22:25:00,2017-08-31 20:23:55,2017-09-18 00:00:00
71ff7ff9c86023f13d546d2e953d531b,ef5a6ca97d80cfe694da8576c7442cbf,delivered,2018-04-16 20:07:20,2018-04-16 20:51:39,2018-04-18 22:31:45,2018-05-03 21:14:55,2018-05-08 00:00:00
576209b9fa58032b16db7d94289dd794,8526d7755b62b8997c276e1a475cc694,delivered,2017-04-26 17:02:12,2017-04-26 17:15:12,2017-04-28 16:21:14,2017-05-25 11:11:56,2017-05-17 00:00:00
931c2c48280fd5fdd6efb2ab446f4a89,9a088786e619fa69c5d54223a0903d49,delivered,2017-09-14 15:42:20,2017-09-16 02:55:46,2017-09-18 19:02:38,2017-09-25 21:12:09,2017-10-05 00:00:00
150fcc8df2c2209011c3ddb2482f36f5,704224f1e04b795810ab54c059293306,delivered,2018-03-30 14:58:30,2018-03-30 15:47:06,2018-04-05 00:14:30,2018-04-16 13:20:57,2018-04-18 00:00:00
e2d027e2358cd57b0616adc9ced4c560,5b82ff3ca89561e5ad30db98a155caa0,delivered,2018-04-23 23:01:39,2018-04-25 04:11:22,2018-04-26 13:57:00,2018-05-03 20:19:37,2018-05-25 00:00:00
e5812a30b6ae5ceaae29fdb7920e7853,7fd75cde37763056447d7af53a56fe96,unavailable,2018-07-30 19:35:39,2018-08-04 23:31:03,,,2018-08-08 00:00:00
05ddc7eac5c1d01a5412368354426943,1e0123f53e6dd3fba2b938d4d5871029,delivered,2018-02-27 16:00:24,2018-02-27 16:15:33,2018-02-28 00:28:50,2018-04-02 17:18:36,2018-03-19 00:00:00
77ff811b9df5550b4691cc8b4bb4902a,5a071d05721e981ccc98f78ca852502b,delivered,2018-07-03 13:21:12,2018-07-05 16:08:45,2018-07-05 13:03:00,2018-07-12 11:41:27,2018-08-03 00:00:00
e5d4c985cfb24d8e62045041e4df6087,e529a06a810f06219aa64991c7df84c7,delivered,2017-11-21 22:03:24,2017-11-21 22:11:19,2017-11-30 17:58:42,2017-12-04 23:12:21,2017-12-01 00:00:00
bb0523c46f053398dad1bd83fcc8ddf3,e933ace272dc60617553808f591ddd19,delivered,2018-03-04 19:32:27,2018-03-04 19:48:51,2018-03-05 19:28:53,2018-03-17 15:58:55,2018-03-22 00:00:00
25fc8722bbbe6078d34f792c3cce00fc,5bbc7a7907d06b5ff8feda633ee5dae4,delivered,2018-05-08 11:59:05,2018-05-08 12:16:59,2018-05-10 09:15:00,2018-05-11 21:44:33,2018-05-18 00:00:00
45029aac398517a7869c2f22ba01affd,a9fda05a43c3b49daa87bbc1058f1e0f,delivered,2017-03-12 14:02:57,2017-03-12 14:02:57,2017-03-20 08:35:50,2017-03-24 13:21:26,2017-04-05 00:00:00
c57fbb30efb2a0170ccc3db897839462,a340a31c375e325235ebea62465f3f24,delivered,2018-02-13 10:29:59,2018-02-13 10:47:08,2018-02-15 13:08:24,2018-02-26 19:08:07,2018-03-13 00:00:00
02d2287dea15cd93d945f1749f3288ed,79b51496a256b201c6b620c4106e9166,delivered,2017-01-31 16:59:03,2017-02-02 02:45:22,2017-02-06 16:23:42,2017-02-10 13:08:46,2017-03-01 00:00:00
a3016f532570aae9cecf667e2a6e06ff,33558d4eb024b7bf312a7b7e188b4876,delivered,2018-04-22 02:23:17,2018-04-24 18:55:57,2018-04-25 10:34:00,2018-04-30 23:14:52,2018-05-22 00:00:00
d58ee8a6ff29ae9de6d1c8037e0576fe,18a23b8649b823c105ec408fbb12c7d9,delivered,2018-01-26 19:53:54,2018-01-26 20:13:22,2018-01-30 19:28:38,2018-02-02 18:05:43,2018-02-20 00:00:00
2671e7f4ef9e76c9019650580aaeae95,6af371c39fedbcdd00ce27dd1d7b87df,delivered,2018-08-04 15:45:15,2018-08-04 15:55:13,2018-08-09 15:27:00,2018-08-16 11:26:58,2018-08-23 00:00:00
6858998aecdc09bc7b5a8ec2d79d21ff,7beef6c0644f9402eba0252182e1b608,delivered,2018-03-01 11:12:48,2018-03-02 02:11:04,2018-03-03 02:42:25,2018-03-13 20:51:53,2018-03-26 00:00:00
4e426aca1d549d77439cb4eb115a5d37,1841fd04cb90d18f82330850fe69994b,delivered,2018-05-03 10:42:42,2018-05-03 11:54:43,2018-05-04 14:01:00,2018-05-18 18:59:31,2018-06-01 00:00:00
7708627520d1045aae5a3e31f89d3491,20c6d809dfbc5aa2dec5652ee604a91f,delivered,2017-10-24 16:58:19,2017-10-24 17:14:28,2017-10-25 17:05:10,2017-10-26 18:10:41,2017-11-06 00:00:00
26d3771b463a99f7dca5a96346871d48,af632360b0419c8b796d680b15acafb9,delivered,2017-07-01 15:16:12,2017-07-01 15:25:13,2017-07-03 18:07:40,2017-07-19 17:54:48,2017-08-02 00:00:00
387b686e67af0056a9b8784b8097808b,37e28b73bd82f4a01e05346a75f998d2,delivered,2018-02-22 16:33:54,2018-02-22 17:20:27,2018-02-23 19:46:36,2018-02-24 11:04:32,2018-03-08 00:00:00
84198a43f45cfba1ac8532871da9fab8,6b5c111bee605b7af9779ffd96c1b564,delivered,2018-06-02 14:19:39,2018-06-05 04:52:04,2018-06-07 14:25:00,2018-06-08 13:26:43,2018-06-28 00:00:00
ce6ce659b1584fb64a7ee077d764a37c,d076bfcf489b61fa7f2250ce85437260,delivered,2018-05-08 16:07:09,2018-05-08 17:11:50,2018-05-10 14:26:00,2018-06-01 12:12:50,2018-06-04 00:00:00
273f82958d907705dde15be4062c6888,a15b58ce82f163a86621d29cad826745,delivered,2017-08-28 22:47:17,2017-08-28 22:55:21,2017-08-30 12:17:05,2017-09-06 20:51:54,2017-09-25 00:00:00
b607cddb1d5540b72adbffe3ffa05328,1b9d4ab93945ccf4032f286a4a803192,delivered,2017-02-10 10:31:39,2017-02-13 08:35:17,2017-02-13 14:10:44,2017-02-17 12:01:44,2017-03-13 00:00:00
a1a601783c958327168e1009b0758984,71655ca61ab778759a241a1188d03d37,delivered,2017-05-09 09:32:59,2017-05-10 02:50:10,2017-05-10 15:49:48,2017-05-17 10:56:00,2017-06-01 00:00:00
2703a0a31bb43692da23f4da8cf531d0,c9e5bdf1cc9f733390e61fca764b51e4,delivered,2017-10-17 17:12:36,2017-10-17 17:28:35,2017-10-18 18:32:26,2017-10-23 17:50:34,2017-11-07 00:00:00
9d141b2bebc8cf4060d3fe3e0d2f0b8d,c86715dcba3227e77d22ce56b9fe1356,delivered,2018-08-21 15:16:26,2018-08-22 10:50:23,2018-08-23 15:55:00,2018-08-25 12:48:38,2018-08-27 00:00:00
e2cb8763d4216d9a23fd322ac9fec713,7adfc76578b9a1d88f2b3f7b45d00e7f,delivered,2017-11-06 15:07:34,2017-11-08 08:06:48,2017-11-17 21:24:31,2017-11-23 22:43:04,2017-12-08 00:00:00
a969d2592327e7f49ce1f3edfc7658eb,42e43771ef15bff77540fb1fa6d3ae6b,delivered,2017-07-24 15:58:37,2017-07-25 03:50:25,2017-07-26 10:27:42,2017-07-27 21:27:54,2017-08-14 00:00:00
85aa425106ebd563ef29f08d6cb0f4d0,4e9dcaf7221d67f9d31968732447c62d,delivered,2017-03-06 16:42:52,2017-03-06 16:55:13,2017-03-10 15:14:25,2017-05-23 16:52:25,2017-04-11 00:00:00
525e11b26fdb7f41471d289897d0f6da,8f36bba3eb0b719188eec69560d5d815,delivered,2017-04-04 16:19:10,2017-04-04 16:30:20,2017-04-05 14:44:29,2017-09-19 14:58:10,2017-05-08 00:00:00
011105c3b5b8693eda1bfb1f152cec2a,63cff72cfb37670b3c826dedcaf32a6d,delivered,2017-07-31 13:45:07,2017-07-31 13:55:22,2017-07-31 21:03:27,2017-08-08 12:45:52,2017-09-01 00:00:00
f8c830660882d73b51a825170d8ef567,bf1527fa94f9bea5592f737d50ea325d,delivered,2017-08-18 15:07:18,2017-08-18 15:30:21,2017-08-22 20:44:43,2017-08-28 14:37:53,2017-09-08 00:00:00
ec13417c22246237142725ec35601c99,dfac9d10624695e08c8f22fa589fc2ca,delivered,2017-09-27 13:30:21,2017-09-27 13:49:15,2017-09-29 18:58:31,2017-10-04 13:41:50,2017-10-16 00:00:00
89b0e57c47e090334a13fad8d382246e,77e10fc2d1caedc97de8b3e10db7e69e,delivered,2017-11-21 16:22:07,2017-11-21 16:34:29,2017-11-23 17:21:29,2017-11-29 00:39:07,2017-12-01 00:00:00
0cb709ce376d73c096eac3e210ebd5d6,da78330582f1c9cd7b9bed4c3453f269,delivered,2018-05-17 20:07:30,2018-05-18 01:57:24,2018-05-22 14:55:00,2018-05-25 19:36:35,2018-05-28 00:00:00
7e8621aee1744545201cf729ca143853,4c831bc8fa7d54c003e65dec6f327731,delivered,2018-05-16 23:22:06,2018-05-16 23:55:10,2018-05-23 13:58:00,2018-05-25 18:30:58,2018-05-29 00:00:00
9e04fc75cebeb85d63c311105977d2fb,970e923dfba9a92316788f875593b923,delivered,2018-02-25 16:20:22,2018-02-25 16:30:40,2018-02-27 17:44:33,2018-03-05 10:45:06,2018-03-16 00:00:00
3c75044db750a89606612ed286713eb8,ac318397fb90e64c9a724a3fc61ef587,delivered,2018-03-13 20:11:20,2018-03-13 20:49:24,2018-03-27 16:06:18,2018-04-03 02:42:11,2018-04-19 00:00:00
6b6a02cd68662e796263b55aeced16ad,f1295cf50f85831a3c9e37651cba8792,delivered,2017-10-16 11:10:16,2017-10-17 15:49:19,2017-10-18 20:22:26,2017-10-23 20:52:21,2017-11-13 00:00:00
25dae1a0efc5bba5a14622eaf552ad78,868884e6ad80e650949473ce7f88d29a,delivered,2018-01-08 08:53:22,2018-01-09 07:21:02,2018-01-09 16:34:26,2018-01-23 22:25:54,2018-02-16 00:00:00
3a4bb517adcdd976a7ec9d02ddc7878e,dd841ed125481bf757b5f97a9cfd7e03,delivered,2018-03-17 14:09:20,2018-03-19 21:48:34,2018-03-20 22:38:44,2018-04-12 23:28:42,2018-04-09 00:00:00
de5a2930a7d61f2dbf75078d7bfde0d4,faf44751a1b04dd9363e5dd2d8325854,delivered,2018-02-27 09:53:16,2018-02-27 10:10:20,2018-02-27 21:28:58,2018-02-28 21:55:44,2018-03-13 00:00:00
2563b04fb444e1918ac6d6e63f3ab039,d8236508771fa66dcb0d59cced5276ca,delivered,2018-01-27 21:51:04,2018-01-27 22:12:54,2018-01-29 20:17:19,2018-02-06 22:33:43,2018-03-02 00:00:00
f42aa99551fc0cb6b7a8ec5762a23539,f728097fa8266554f9c64770d37deae0,delivered,2018-02-02 09:04:07,2018-02-02 09:53:10,2018-02-02 18:48:57,2018-02-08 20:04:21,2018-02-26 00:00:00
2bb0df7d50a3815dfdb6a617ce3d5325,deecde363ad6408bbfc7b40e97a7ca01,delivered,2018-03-09 20:48:27,2018-03-09 21:09:50,2018-03-14 20:46:36,2018-03-17 20:46:25,2018-03-21 00:00:00
53cc826fc95813b674969ef042406273,7f210db3cc1abe29d89c10ab8f75331e,delivered,2018-02-17 17:55:44,2018-02-17 18:10:21,2018-02-20 02:56:55,2018-02-21 21:43:17,2018-03-07 00:00:00
8e2cbf2f771a9e3db9a33a324d3a2b0c,c956a929bf20e4511644a58aa4df6f88,delivered,2018-02-15 19:23:46,2018-02-15 20:00:24,2018-02-22 20:53:47,2018-02-23 15:28:16,2018-03-02 00:00:00
e0043b9e113bdc5f84b14893d62e00ac,567e09a51ff57f2f6ef54ef2dcb742e8,delivered,2017-11-24 12:00:57,2017-11-25 04:15:21,2017-11-29 15:12:10,2017-11-30 19:26:44,2017-12-08 00:00:00
f68cab86ff2a610cff4a1c13fca1cdd2,e4560fe786a08159d4c201d309b4600b,delivered,2017-05-19 17:27:36,2017-05-19 17:35:14,2017-05-23 15:53:40,2017-05-29 16:57:50,2017-06-09 00:00:00
206fd475687c54cf4754368e15e43637,fc7e521457f2d19ac89645104cfa33f5,delivered,2017-04-21 09:36:24,2017-04-21 09:50:13,2017-04-24 13:44:36,2017-05-11 10:32:43,2017-06-08 00:00:00
1a4ce6e380dae0771ca218753b0739a1,0ef47f2d4519d5be12cc87d038f8760b,delivered,2017-11-26 19:40:29,2017-11-28 19:36:28,2017-12-11 18:21:59,2018-01-04 21:37:28,2017-12-27 00:00:00
43f0c422cadc9474b673766a3f63df22,5103b5905f86db69255a1b30c64f58aa,delivered,2017-04-26 14:40:13,2017-04-26 14:50:14,2017-04-27 08:33:07,2017-05-04 15:24:53,2017-05-31 00:00:00
4ef8fef15b3a1986d266d349b21ab021,8ad2cd280907b0111796b6218d3fe67c,delivered,2017-03-09 20:16:03,2017-03-09 20:16:03,2017-03-13 10:32:33,2017-04-17 15:23:36,2017-04-03 00:00:00
74599b2f01a4dc2150e3e9c9d8ecab7f,e8ae3c014c3089e4d85ea36f72cacbba,delivered,2018-08-02 16:55:13,2018-08-02 17:10:13,2018-08-03 15:09:00,2018-08-10 13:12:03,2018-08-24 00:00:00
91575acf2a356af85894e1c3b1612e81,9303027a4c0c8a1e479e4c67045dff4a,delivered,2017-09-06 13:07:48,2017-09-06 13:24:07,2017-09-12 13:21:23,2017-09-29 13:46:06,2017-09-29 00:00:00
50a27906921dc9ef4b7afa6cdb04649b,36fb830261b73dccda10d2199a523d58,delivered,2018-06-14 18:29:40,2018-06-14 18:57:49,2018-06-26 13:47:00,2018-07-03 05:17:37,2018-07-19 00:00:00
c3bfb5dc8642d9d1df58c355dbb9f1a7,207ea2278fc568e2ca9d6e384797a514,delivered,2017-11-14 14:57:12,2017-11-14 15:07:37,2017-11-16 21:17:31,2017-12-01 19:22:44,2017-12-05 00:00:00
2ab77939476b7300425fb6a02125579f,d908de57bb9370416fbd7abac952e69a,delivered,2017-08-22 13:05:39,2017-08-22 13:16:00,2017-08-24 12:43:23,2017-08-28 17:49:46,2017-09-12 00:00:00
4a7bd485a7782360556161a38c725e5b,b2b4d80645cd613edb31955f2e5f59d1,delivered,2018-06-08 17:26:46,2018-06-12 04:17:37,2018-06-12 15:51:00,2018-06-15 15:41:26,2018-07-16 00:00:00
745e2506fb647deca4669e1c88ce9783,ea62ea3d096dc41f6ef76bbea7fcb40a,delivered,2018-01-21 13:20:39,2018-01-22 13:50:07,2018-01-23 20:51:40,2018-01-31 13:58:07,2018-02-19 00:00:00
17290263a090bbef4685f5b23f355104,8b8e1f21809b87482e2b9f464ae65237,delivered,2017-12-11 16:53:48,2017-12-11 17:10:56,2017-12-13 20:43:38,2017-12-27 18:39:17,2018-01-16 00:00:00
adef101539535147ca5d0159a80ff7c4,c8f98b8dca8d4877d3f7922fbe8de30e,delivered,2017-07-07 14:33:33,2017-07-08 14:43:16,2017-07-12 13:09:53,2017-07-13 17:07:27,2017-07-25 00:00:00
ad71f559c9264f19bdacbc2062847e74,c57c441872c2609f61abbbf8148a1ca1,delivered,2017-12-05 11:27:44,2017-12-05 11:34:25,2017-12-07 23:57:39,2017-12-14 16:38:01,2018-01-03 00:00:00
00c4f17dcb94448f27a2cbaa83f10a4b,92422ec9b02504c4d12eecce874990bf,delivered,2018-06-08 19:18:56,2018-06-08 20:33:17,2018-06-12 02:41:00,2018-06-12 14:57:44,2018-06-19 00:00:00
f2fe1323701bf698117de51d28425ee2,720dc202e6806b105beff38814dc5d7f,delivered,2018-01-21 22:41:49,2018-01-22 21:14:23,2018-01-23 23:03:08,2018-01-29 18:19:05,2018-02-16 00:00:00
d10be1718c45ae0bd50cbfb5b3814089,cb0a6db21e3691fc30b737162fee045c,delivered,2017-11-19 10:55:19,2017-11-19 11:10:20,2017-11-20 21:16:57,2017-11-23 21:05:43,2017-12-07 00:00:00
9734c61e70431951ceea6da4c1c2a063,97ba00d9333c050db94cfeef8297c73b,delivered,2018-05-11 15:30:22,2018-05-11 15:51:37,2018-05-15 16:11:00,2018-06-11 17:54:52,2018-06-06 00:00:00
da3bac2656a4b63f668843b70a0a38b8,228a573acdda157d7d9cf3f40d86f5e4,delivered,2017-07-14 14:59:47,2017-07-14 15:10:27,2017-07-19 22:21:09,2017-07-26 18:03:32,2017-08-17 00:00:00
06ebe0964f3c6ad099d9117fb1e66980,72a1f1778a30429fd6162428855b0c1e,delivered,2017-10-16 23:09:52,2017-10-17 23:06:26,2017-10-18 20:17:36,2017-10-23 19:51:47,2017-11-06 00:00:00
0be31296e8456f2017743c363de5a1da,7ca107237a9bd4f07595806d73b75edd,delivered,2017-09-03 17:30:48,2017-09-03 17:46:37,2017-09-05 20:13:08,2017-09-12 21:53:46,2017-09-26 00:00:00
7c405ba2f3b8dd2c78b2bc4b002def54,7920168915a313d4b9ce4a74d00c9554,delivered,2018-07-23 09:53:04,2018-07-24 11:32:21,2018-07-26 09:06:00,2018-08-04 00:11:41,2018-08-15 00:00:00
ee554cb464769c4696df94a049fa792f,75b28a861ab167c1271f55c3cb362d1d,shipped,2017-11-29 15:16:26,2017-11-29 15:42:48,2017-11-30 20:32:01,,2017-12-27 00:00:00
b5f7ed4633fb5be4575467a3ecd2ebc0,3c4080981138bdcb28c729effeb9b682,delivered,2018-08-04 22:31:02,2018-08-04 22:44:21,2018-08-06 14:23:00,2018-08-07 15:22:41,2018-08-30 00:00:00
9d39d357291a0e87c2c2816dabc0b23a,0ef00481c9167acfacca4616798fc06d,delivered,2018-05-18 17:42:34,2018-05-18 18:19:02,2018-05-22 12:58:00,2018-05-24 15:21:59,2018-06-07 00:00:00
02702047ff5a89b9dd2f5afa7dcff91e,cc1b493af97ae700d97fce303d5af14e,delivered,2017-05-11 23:04:35,2017-05-11 23:15:09,2017-05-17 14:10:01,2017-05-22 16:08:38,2017-06-02 00:00:00
0fff540f615876d9ffa4a67a83d9e380,b2883aab83df1452716e5d5b11038c62,delivered,2017-09-12 20:15:05,2017-09-14 02:43:46,2017-09-19 15:12:44,2017-09-28 17:38:55,2017-10-09 00:00:00
698c71e1afa1b5c7913ee16466a54cf0,d80b9b2a21321a180b82c0017fe8d9b1,delivered,2017-04-19 11:09:20,2017-04-20 02:45:35,2017-04-20 13:19:29,2017-05-02 16:39:32,2017-05-11 00:00:00
63e7f3b68db3707aee7cb7b4c10db358,b38c5db46ee81f3c4fe27412abad336e,delivered,2018-01-03 13:28:19,2018-01-03 13:41:20,2018-01-04 23:13:49,2018-01-06 12:27:03,2018-01-19 00:00:00
b6969182ca56633a2bfb942ad18bb2b4,23c33bfb0f1549b5ac15cb65db88e613,delivered,2018-08-14 12:41:02,2018-08-14 12:50:31,2018-08-15 11:57:00,2018-08-23 01:03:15,2018-08-29 00:00:00
fc6dbce689351adc115bf0cc85884892,ae6da44dd162992d63e17e4f482792cf,delivered,2018-05-15 20:26:50,2018-05-15 20:55:52,2018-05-16 15:02:00,2018-05-24 19:03:46,2018-06-04 00:00:00
c01b52b26b2be81e5712a958631d858e,83b1928fbc6df37e7c6e0d47a051cdcd,delivered,2018-04-21 13:54:24,2018-04-24 19:24:56,2018-04-23 17:37:47,2018-05-07 21:34:51,2018-05-16 00:00:00
f7f3b76959c6fadfb61d9c5474b885e7,294e9a8a67c78698557687b3dfa137e0,delivered,2018-08-10 22:28:27,2018-08-10 22:44:36,2018-08-13 09:27:00,2018-08-21 00:14:50,2018-08-22 00:00:00
1482f7aea7e4031900a723ccb869f8d4,09aac084452bfe2880d35d02858aa98e,delivered,2017-06-22 22:22:55,2017-06-22 22:35:23,2017-06-28 12:59:47,2017-06-29 16:25:48,2017-07-05 00:00:00
f5c752a78da14f68db4afacc9d3c61d3,00dcc20224e6a230aa9f7ff8fb6f29f8,delivered,2017-02-21 11:31:20,2017-02-23 02:50:17,2017-03-01 18:13:52,2017-03-10 11:58:03,2017-03-20 00:00:00
85a4233c3f96bae6e9b2c58d48101b0a,2b1da8246f1cfffd9c12f2beabb66016,delivered,2017-12-10 12:33:00,2017-12-10 12:50:09,2017-12-13 21:18:54,2017-12-28 19:59:12,2018-01-12 00:00:00
2f9892eb8df4a437d90cc5b1486f3b02,297aeb5959c0876ec66beba1a5202c6c,delivered,2017-07-29 20:26:14,2017-07-29 20:43:30,2017-08-03 18:58:46,2017-08-10 20:09:54,2017-08-22 00:00:00
c6151459c772b29c883545b54802f227,2be6ff74ee498635876fe137109f5f96,delivered,2017-12-05 15:49:27,2017-12-05 15:59:28,2017-12-07 22:58:33,2017-12-08 20:21:35,2017-12-27 00:00:00
fb5114c39f632a52598cf770c6076620,94b216231ec09ee34764a8d456126328,delivered,2016-10-08 20:02:32,2016-10-09 14:35:35,2016-10-15 10:30:50,2016-10-19 17:31:37,2016-12-06 00:00:00
4900f8f1421400535834a94765872825,f7e528a6685f32dd35e5c47b81e93912,delivered,2017-10-16 11:39:13,2017-10-16 11:49:37,2017-10-19 21:17:53,2017-10-27 19:09:12,2017-11-07 00:00:00
d2965251c0a29e28f3cecd7cf54d455a,7093a3faf4512a8732f8fd29c8bd9cd6,delivered,2018-03-18 10:08:40,2018-03-20 03:35:35,2018-03-20 21:18:42,2018-03-23 18:12:49,2018-03-29 00:00:00
8b7b3969f3c39c57ab6c9d0df5741f39,c4abe2d92241e0ef3e26bce6bf3ecc10,delivered,2017-05-18 15:23:08,2017-05-18 16:00:06,2017-05-23 12:42:04,2017-06-05 16:52:05,2017-06-19 00:00:00
183544bc98d94a996f01eb282e81ed46,d76acce71d1775d0c14941f843f14a26,delivered,2018-03-11 23:20:33,2018-03-11 23:30:26,2018-03-14 21:35:42,2018-03-21 22:49:48,2018-04-12 00:00:00
823e1b55f87736972904ce20e4e90f0a,151b1695d3bed9df99aeda2c19ea3e2e,shipped,2017-09-18 22:16:48,2017-09-18 22:30:11,2017-09-19 15:40:31,,2017-10-04 00:00:00
c1fbc7155ea9f5c6249e998ab25708a6,c7714f993b003edee23b00277f8b8c23,delivered,2018-04-14 16:02:47,2018-04-14 16:15:11,2018-04-19 02:04:16,2018-04-20 19:18:36,2018-05-07 00:00:00
3c7a723fc09b996f715cfddba2377163,74aec07f91feb0eda0bc6d6837c89170,delivered,2017-05-29 15:28:10,2017-05-29 15:35:22,2017-05-30 09:20:03,2017-06-05 13:17:59,2017-06-19 00:00:00
f4acc0596b8a9fa4199a609584e1bcf7,d1fc9970a51c0e723f333dbc34f546ad,delivered,2017-11-24 19:05:02,2017-11-24 22:34:54,2017-11-29 23:12:05,2017-12-12 15:58:26,2017-12-14 00:00:00
f4b984332e7956371b352bb4edae2cac,2e7e3945a863350a4eec25b95bb8ef12,delivered,2017-08-07 10:25:15,2017-08-07 10:35:22,2017-08-07 19:05:10,2017-08-08 21:17:14,2017-08-22 00:00:00
e2df710c10b3d255c51ae1fb11bfcd11,a7a56d427f0a809b2f1a427783feca20,delivered,2017-10-31 15:17:43,2017-11-02 02:26:59,2017-11-06 11:31:39,2017-11-13 22:05:56,2017-11-21 00:00:00
e4b0a27c86f8084e7e42e7602ecd6b29,e6c4ccb0245f6543cf63f264f78b127d,delivered,2017-10-17 09:02:14,2017-10-17 09:14:24,2017-10-20 17:05:56,2017-10-24 20:54:02,2017-11-03 00:00:00
ec042ef0cc05d098905c4383c70f9132,3d2da3646e124512b39c838ab05b67bb,delivered,2018-06-24 14:29:30,2018-06-24 17:34:08,2018-06-25 15:35:00,2018-06-26 21:11:23,2018-07-13 00:00:00
52a17b4eb2b183eebabe108b91962001,e3dc903c745deeb6a71693af97133ab5,delivered,2018-01-12 23:58:44,2018-01-13 00:55:24,2018-01-15 17:47:08,2018-02-08 23:25:41,2018-02-16 00:00:00
7cf01fbc143d74367eedc9b9f8fbf437,8bb2d77361e0be681e34e64984e23b35,delivered,2018-08-08 20:41:15,2018-08-08 20:50:16,2018-08-09 09:46:00,2018-08-20 21:51:57,2018-08-22 00:00:00
c02bcd4d35c9e36597256b02d86d33cd,6b506512ab0a47b1b878bdc698865247,delivered,2017-03-09 23:55:22,2017-03-09 23:55:22,2017-03-14 13:07:43,2017-03-20 11:45:00,2017-04-04 00:00:00
6f7cd7fe9082def530646e04996eb8a7,11b6f2b5722c207804fcdaec15a84949,delivered,2018-03-06 09:57:46,2018-03-07 02:10:33,2018-03-08 12:11:56,2018-03-28 17:45:59,2018-03-27 00:00:00
efe9a00980989785f6defa2602f5e4cd,c7ab430e67a31db80dde9505dc371fd7,delivered,2017-07-11 17:54:42,2017-07-12 06:44:05,2017-07-12 20:29:47,2017-07-19 19:57:52,2017-08-04 00:00:00
dd4cd6ebc3cef5658a5a0b35c7d5e417,ef81b90301795cbf03ef944ee16ed438,delivered,2018-02-26 19:29:46,2018-02-27 19:30:25,2018-02-28 23:19:11,2018-03-13 20:11:11,2018-03-19 00:00:00
b7e5018200fadf97c42e54cbd8814914,5b3cfd2d05b2759b123dd0d527cbc3f2,delivered,2018-02-14 19:51:27,2018-02-15 10:20:27,2018-02-21 04:33:36,2018-03-08 22:27:21,2018-03-08 00:00:00
dc040d454f8619d4efa801ed69538bc5,4a42e040bccc1ae4734e57ec61522691,delivered,2018-08-14 22:32:04,2018-08-14 22:45:17,2018-08-15 15:46:00,2018-08-28 14:44:27,2018-08-29 00:00:00
910076e7bc1276bd9d4af024a9335049,c463f61ca591b98ebf5e53c45652fa91,delivered,2017-12-12 11:29:20,2017-12-12 11:57:08,2017-12-14 14:52:15,2017-12-26 12:22:41,2018-01-09 00:00:00
d5e9e8db560b61662ece609c63b8257d,55d6ff673e6f752350de2e8779f8a021,delivered,2017-12-06 19:48:32,2017-12-06 19:56:20,2017-12-20 20:44:39,2017-12-27 20:23:33,2017-12-29 00:00:00
fac7a12d71d1e7acb587f748a51d9ccf,b2205c5c3126e91dee627de5e09e89e6,delivered,2017-03-26 21:04:34,2017-03-26 21:15:18,2017-03-27 11:25:20,2017-04-01 11:10:09,2017-04-18 00:00:00
6fac795953102850a8d3886064e77a2a,242594bc28af1721264a30fd0bfccbcc,delivered,2017-11-12 14:59:37,2017-11-14 10:10:41,2017-11-17 17:16:49,2017-11-23 23:18:51,2017-12-05 00:00:00
dd8df609ed4683bda8dd7515115f3b50,123f593f6655a73fb519bbfc61f1336c,delivered,2017-09-09 08:32:52,2017-09-09 08:45:09,2017-09-12 20:38:44,2017-09-18 19:39:56,2017-10-02 00:00:00
52e8d4898a4cd3b8234d0db5502b382e,e94397bc81d08a1d2a95ed0882b8bbb8,delivered,2018-01-10 20:35:10,2018-01-10 20:48:17,2018-01-11 14:30:44,2018-01-22 23:38:37,2018-02-14 00:00:00
74e641936ca794c33828b911b8907257,8aac3e1a9f8be34fa99b287fe3dd3a71,delivered,2017-02-04 19:42:12,2017-02-04 19:55:17,2017-02-07 12:51:49,2017-02-21 16:27:41,2017-03-13 00:00:00
78462cf509142618ab317d7106e8919d,2e21b1aeab76585106972bb64bbcc0aa,delivered,2018-05-14 19:07:02,2018-05-15 19:12:13,2018-05-16 11:17:00,2018-05-22 14:58:49,2018-06-07 00:00:00
8580c2f1abe991d5bf205de482913d3c,a66c1ffbed5babcacb9dd2ded3a8e5bd,delivered,2017-06-10 19:03:23,2017-06-10 19:15:17,2017-06-12 11:46:23,2017-06-19 19:13:52,2017-07-12 00:00:00
a00ae528eb61acacc2917ce50bf77d65,63100cd7327f21c64c011139cad4670b,delivered,2017-12-08 14:21:17,2017-12-08 14:34:07,2017-12-11 22:14:26,2018-01-12 22:25:15,2018-01-10 00:00:00
3e08aa33483ffe505b5de4748dc70c7f,7bb2dfd8b6d821891db258b2c198b86c,delivered,2018-03-23 18:25:21,2018-03-23 18:35:34,2018-03-26 22:47:43,2018-03-29 18:37:31,2018-04-11 00:00:00
f807d9018684b10d06ca569cdd62c0af,22bd81ebb97beea764deed2b93e1eec8,delivered,2018-06-07 16:31:25,2018-06-07 17:00:22,2018-06-08 15:22:00,2018-06-14 21:38:29,2018-06-18 00:00:00
d27011ebb19676cc493eeee0d0f12c43,916cb5df0371f10f45ac0aa1f49f3651,delivered,2017-12-08 20:20:56,2017-12-10 15:31:26,2017-12-12 18:28:47,2018-01-10 19:26:48,2018-01-12 00:00:00
81897e3300d655ed456f166e3b362b2c,1248e4a168a6a8319c2c7a043143c65d,delivered,2018-06-13 11:08:56,2018-06-13 11:17:48,2018-06-19 15:14:00,2018-06-21 22:46:41,2018-07-04 00:00:00
d1036b47b42a66f67a5c1b350697ee26,50b580aebd8bfa047c6201c176dba6cf,delivered,2017-11-21 14:34:31,2017-11-22 14:29:55,2017-11-23 16:39:41,2017-11-28 22:21:28,2018-01-03 00:00:00
192a0f41d4f1af20d8ef537a12a2076e,96d88088646eaffdd90541093435f9c1,delivered,2017-11-21 13:59:23,2017-11-21 14:08:30,2017-11-23 17:32:58,2017-12-13 19:51:59,2017-12-12 00:00:00
a65e61b2cf7bed6e9df047a709f06242,6f8df3a3df9b40c5f20c4e5cc03bc0b3,delivered,2018-07-11 10:31:06,2018-07-11 10:47:18,2018-07-12 10:23:00,2018-07-25 11:41:45,2018-08-13 00:00:00
f607a79926e2aa68b1b220ff073a35e8,f47d0aa693dc40ef978d9ad2b2af422a,delivered,2017-10-18 12:16:00,2017-10-19 07:49:14,2017-10-20 17:48:00,2017-10-26 18:46:57,2017-11-07 00:00:00
79d717fa467e6102ca28ef5a22785982,87013b240790484b45271bfb0eb96904,delivered,2018-05-14 11:07:04,2018-05-16 02:53:48,2018-05-23 14:32:00,2018-06-07 21:47:58,2018-06-04 00:00:00
c967ef4ad213d1be9e71a0817b5365de,c42ab3d66f4c05b44b961f1763a03ea8,delivered,2018-03-31 09:33:47,2018-03-31 09:47:36,2018-04-03 22:52:05,2018-04-05 17:04:37,2018-04-18 00:00:00
058dbc6a010af0332e7515f383c02b5b,b7f32ab5dccec6b4e6343bb8f3bc7a05,delivered,2018-07-31 12:11:39,2018-08-01 12:30:55,2018-08-01 16:00:00,2018-08-06 16:28:54,2018-08-14 00:00:00
ece7d51cf8bb9392bbef9c077bc32e62,689e1d17d1c2e9698a2859058b24d535,delivered,2018-07-16 17:59:44,2018-07-16 18:10:15,2018-07-17 15:00:00,2018-07-21 12:03:12,2018-08-02 00:00:00
0a131976e98291762104959158e2bdc6,a396376e9147cf6dedca4eea41c5eafe,delivered,2018-07-14 16:12:14,2018-07-14 16:25:17,2018-07-16 12:44:00,2018-08-05 17:12:18,2018-08-07 00:00:00
709df241f93833a67ecb2e47e4ab4be6,5ee0e90d6cf5698c23a76ab1debf467b,delivered,2017-07-19 11:48:37,2017-07-19 12:03:34,2017-07-24 12:14:53,2017-07-31 20:44:34,2017-08-14 00:00:00
74be6f225276a31288092c4fe6664b42,6f17e84649c1fc41389c1a628f8926b4,delivered,2017-07-28 21:04:59,2017-07-28 21:23:29,2017-08-02 12:14:47,2017-08-09 14:41:10,2017-08-17 00:00:00
a3bb66c7c27c79c21aeb788254e52626,8fbfb62a0a5abcb4573835d146b77c49,delivered,2017-03-29 17:44:04,2017-03-29 17:55:20,2017-03-31 06:10:13,2017-04-04 15:24:01,2017-04-18 00:00:00
65d20cd74349cb427d7feec3567a6fd0,4df495f45f53d7ffef19adf91a29f177,delivered,2017-07-07 13:06:55,2017-07-07 13:23:15,2017-07-07 19:03:10,2017-07-13 19:28:51,2017-07-24 00:00:00
75c2711e9fabc4fc0531917afc748451,149ae3f1900036341359b6645be21c87,delivered,2017-02-19 19:01:40,2017-02-21 04:50:55,2017-03-13 07:54:32,2017-03-13 17:24:05,2017-04-04 00:00:00
f6d9acdd7ca0c1bc3caad5661a1be806,f1283a7855d9e8e2426f243e01b827e1,delivered,2018-02-21 22:25:36,2018-02-21 22:48:19,2018-02-22 15:25:23,2018-03-05 17:38:59,2018-03-19 00:00:00
d08811a07ac44cdbf0861e11d4f8af67,f4772b596b2cd360203f3d8e39b829fd,delivered,2018-02-14 19:06:05,2018-02-14 19:28:08,2018-02-15 15:45:15,2018-02-20 01:39:13,2018-03-01 00:00:00
d905ef2a3ee51aff370cf4ca43eb5e8d,8173731cfd6e1b3cf14eb346dbb2b3a3,delivered,2018-05-28 16:08:37,2018-05-29 16:12:20,2018-06-01 15:35:00,2018-06-06 17:20:52,2018-07-12 00:00:00
5b8dcad724fe4568d2615017c056e69b,97300bfd9a30cf2f2ec1046a2abc1f2b,delivered,2018-08-13 21:23:53,2018-08-13 21:35:20,2018-08-15 17:11:00,2018-08-17 23:18:36,2018-08-23 00:00:00
ed1f83ea460fccaadaccff780127db45,c8f48d57ea33b178d8b6f07c15fd414e,delivered,2018-03-12 21:44:55,2018-03-12 21:55:30,2018-03-14 22:08:49,2018-03-26 23:51:44,2018-04-12 00:00:00
13928b311b04e84492db0d35f97ae0f7,cf744ed44c9bb68bad7b15f06041bd85,delivered,2017-11-24 00:11:46,2017-11-24 00:49:54,2017-11-24 16:07:59,2017-11-28 22:07:55,2017-12-15 00:00:00
ab76aedb67702363009523f1a9bc78ab,3d529d95e05b65b487203e06b63db28c,delivered,2018-07-30 14:40:59,2018-07-30 15:20:10,2018-07-31 13:32:00,2018-08-07 22:46:45,2018-08-22 00:00:00
58b7b387d2173cbc99155daa2b3017ce,999f1c0594fe8682e523baba67be6959,delivered,2017-05-04 01:56:13,2017-05-04 02:05:11,2017-05-04 13:12:10,2017-05-11 10:18:05,2017-05-29 00:00:00
18b33f2430f136a8deba8893596a53da,436f56dcdaacb0a631a8dded7fd62bdd,delivered,2018-08-09 11:04:21,2018-08-09 15:25:33,2018-08-10 12:40:00,2018-08-17 10:47:31,2018-09-10 00:00:00
f7bb368f14fba32a23fbbf157d57796c,2b730eb88332dabd03cf5cba3a474982,delivered,2017-11-15 23:40:23,2017-11-15 23:50:29,2017-11-17 10:41:42,2017-11-21 18:02:22,2017-12-05 00:00:00
9eb45b0aa6ff6baf71a20c68414f8089,86ebcb053082767a38cca1338ea45084,unavailable,2017-07-19 23:29:07,2017-07-20 23:35:19,,,2017-08-22 00:00:00
b0f00a17e5b2e5ced966e961281b123e,a1e90bb70c475104b93635434a20f8b8,delivered,2017-09-19 23:40:27,2017-09-19 23:55:12,2017-09-20 20:57:51,2017-09-22 20:07:44,2017-09-29 00:00:00
0a09de65d90e684e2fbd1c2588733f37,731330fb63d7ccdebeb8f36bc312c031,delivered,2017-08-17 14:35:26,2017-08-17 14:55:08,2017-08-22 18:22:13,2017-09-04 20:21:57,2017-09-21 00:00:00
79e324907160caea526fd8b94389dbbc,331d79b67223ee7e5cd31d3e03e4cfcc,delivered,2018-06-18 12:59:42,2018-06-18 13:16:46,2018-06-18 14:52:00,2018-06-19 12:43:27,2018-06-28 00:00:00
58c52765e19cea6cf6b0a66e90749558,625dcb12b2179bcc50165d8cb53fec92,delivered,2018-04-13 08:36:38,2018-04-13 08:50:55,2018-04-16 14:42:09,2018-04-30 17:40:38,2018-05-11 00:00:00
8624511aa767a83ed91a47c158320964,376b286a6479ddacb9374ba88f19178b,delivered,2018-08-06 15:26:36,2018-08-06 15:44:40,2018-08-28 12:58:00,2018-09-03 17:26:49,2018-08-29 00:00:00
516085f268c8d34500c845dda4d7e64a,4f1212f002575430394a22e55bfa4ce9,delivered,2018-02-22 15:45:39,2018-02-22 16:10:15,2018-02-27 01:46:58,2018-03-07 23:09:47,2018-03-14 00:00:00
dff7f8766eb0c26b8cfbc2147c33e1e4,3e64181a017ab86b5d35ad23c3f0ee38,delivered,2017-11-16 20:49:02,2017-11-16 21:13:13,2017-11-20 21:45:37,2017-11-28 21:18:56,2017-12-07 00:00:00
8ef4e47082de3480075719f04698516a,b936d304dad38ff48ca4fcabd1c6a213,delivered,2017-12-20 00:09:58,2017-12-20 00:17:23,2017-12-20 20:09:51,2017-12-27 20:04:36,2018-01-22 00:00:00
d496c7682d606e5b5e371b47849d8ad6,0e780f8a6ffb6bb7e2ea528945da7222,delivered,2017-03-08 08:27:54,2017-03-10 02:43:35,2017-03-10 12:29:52,2017-03-20 12:43:51,2017-03-27 00:00:00
4fc010de2244ff9ee4e5e334699824bf,a6f8b61be585e6663e71479ba7934960,delivered,2017-05-17 16:30:26,2017-05-18 06:35:16,2017-05-18 09:13:27,2017-05-26 13:34:37,2017-06-14 00:00:00
1401bae5fe4bb9d7467a1b39ad94403a,c2825827a23f94a211cca297bc04dd1c,delivered,2018-01-12 20:23:42,2018-01-12 20:31:26,2018-01-17 15:23:34,2018-01-22 21:27:01,2018-02-15 00:00:00
84a4ebdaf1a5e3706587f226cc804dfa,72d50ebc689114498efcdd7b68c81d04,delivered,2018-05-12 17:45:26,2018-05-12 18:10:31,2018-05-14 14:39:00,2018-05-25 17:56:29,2018-05-30 00:00:00
df62ac4bbb9419ada32597da29f9fe31,5e3d32f8eaca4f6c9dccef909ed73e4e,delivered,2018-08-02 20:01:41,2018-08-03 20:04:14,2018-08-06 14:50:00,2018-08-13 14:24:41,2018-08-28 00:00:00
d973ffbdc6785dd43a4bc006e69ae3e3,5e28694d6a61d430630535b17b41ee86,delivered,2017-05-03 13:32:37,2017-05-03 14:02:34,2017-05-04 16:07:35,2017-05-15 12:33:25,2017-05-29 00:00:00
d748f1038851a92e7ccb2b2794a286eb,714cd4f11fcc1b51f1789a7ee46e5450,delivered,2018-04-23 14:18:51,2018-04-25 03:51:16,2018-04-26 08:45:00,2018-05-08 00:45:32,2018-05-21 00:00:00
eba1872af76af0cd06f3a63bdef90a37,76bd340b071ad08aa83e7b9c25451128,delivered,2018-07-27 20:40:18,2018-07-31 04:10:17,2018-08-06 08:27:00,2018-08-17 01:58:41,2018-08-20 00:00:00
9707e5dd2b32ab5cc39155a27eb3d0ec,1d38a317a5e9df61d2bfbebf4cc20068,delivered,2018-02-08 21:15:15,2018-02-08 21:28:07,2018-02-21 00:53:15,2018-03-26 19:42:19,2018-03-15 00:00:00
a951133aeeb49076723a581a3eb8d51b,c62fa47ec3288088f819f9d779871d76,delivered,2018-07-27 15:20:38,2018-07-27 15:35:19,2018-07-30 13:42:00,2018-08-02 19:48:48,2018-08-16 00:00:00
3142418821f77f94d87514580a5d4bad,96b8b3a2b7aee3f6187009f7bf589e85,delivered,2017-11-20 16:09:59,2017-11-21 16:07:33,2017-11-23 19:16:56,2017-12-04 18:52:12,2017-12-13 00:00:00
1b0cc057d13690ec8551090c920d4735,f912c14e8989bac8c4539afa12bf2884,delivered,2017-11-27 15:59:22,2017-11-28 02:54:55,2017-11-28 23:41:35,2017-12-04 21:47:28,2017-12-26 00:00:00
bd36f36524f5f3cc085c07a839d31a37,679f806bb713f4708899b805673758eb,delivered,2018-08-16 15:21:04,2018-08-17 03:30:33,2018-08-17 15:08:00,2018-08-23 00:22:34,2018-08-30 00:00:00
2fa9493ca588afc288858c5bb1c8abcf,9e8b9b7954bff0d47914ab1429ba44c4,delivered,2017-09-28 22:04:19,2017-09-28 22:24:40,2017-09-29 15:07:52,2017-10-11 22:37:45,2017-10-27 00:00:00
6e28c34a895e831db6c3bca247819453,faa2debf21e388f071f302ef5dc5e1cc,delivered,2018-02-02 18:03:57,2018-02-06 11:31:23,2018-02-05 23:34:20,2018-02-19 16:17:16,2018-03-07 00:00:00
b4ed4f83279457b6eae0d4c1c9ee8aa2,3d1491e112ea3484bc98616477849c71,delivered,2018-05-11 00:09:19,2018-05-11 00:30:10,2018-05-11 11:43:00,2018-05-14 19:51:59,2018-05-21 00:00:00
ac13993b49f8254ca1d6ab536c035473,e945178aa027f0306eb1da1f5dff2dd8,delivered,2018-01-04 22:36:32,2018-01-04 22:48:17,2018-01-08 19:50:26,2018-01-15 17:35:51,2018-01-30 00:00:00
633ac9e82a9350e4cd955f083a4dcd0c,51b1d74aa37644a52863a3510364b126,delivered,2018-03-01 21:02:15,2018-03-02 02:15:55,2018-03-03 00:17:29,2018-03-09 12:51:27,2018-03-29 00:00:00
98ba8f657af33ed841528bcc38869816,9c81a41d8215e1598f9b05caace256a0,delivered,2017-05-13 15:29:54,2017-05-13 15:45:10,2017-05-15 14:32:28,2017-05-31 13:07:31,2017-06-13 00:00:00
0e1ab5408ec0c9ece6adcbb661b3a901,6f64d56fc9175ad1160cd602109e1304,delivered,2018-08-08 17:36:33,2018-08-08 17:45:25,2018-08-09 13:22:00,2018-08-18 01:16:32,2018-08-23 00:00:00
db7b88e881d8890d4ea491444d0e43ed,ee03d69257bc84a3ebe06a1255e62b49,delivered,2018-03-29 17:02:55,2018-03-29 17:15:13,2018-04-02 16:43:34,2018-04-06 20:26:41,2018-04-17 00:00:00
55484b30fbc70a655031929c9a7acff9,4328587b29db684317b7e02ca1d232a7,delivered,2018-08-13 20:57:33,2018-08-13 21:10:11,2018-08-14 14:25:00,2018-08-15 16:21:46,2018-08-17 00:00:00
24a670b13d0b287bf0e123c3010fd19c,8b79b48d3cafaff1d409a79c944e9ee7,delivered,2018-08-07 20:27:57,2018-08-08 20:25:10,2018-08-10 14:07:00,2018-08-20 17:41:26,2018-09-03 00:00:00
db5e341b9a765a33fd41da0b3f0944dc,c2d4ca05c1058ed1b1f59df1255cd148,delivered,2018-02-04 11:42:14,2018-02-04 11:55:33,2018-02-06 01:33:50,2018-02-22 14:36:58,2018-03-12 00:00:00
49c8d7acf28d999e86d3cf817d9793e0,3fe1b830cda03960fa7abad76397bc25,delivered,2017-05-24 14:06:49,2017-05-24 14:15:20,2017-05-25 14:35:58,2017-05-26 10:37:57,2017-06-08 00:00:00
ebf144597fc5b016fb405d0fea5c9e2d,78dbb0a0c4b3d6ca743616323a56c47b,delivered,2018-06-28 11:46:04,2018-06-28 12:40:56,2018-07-03 08:02:00,2018-07-04 01:59:00,2018-07-16 00:00:00
88b09aac7b8d279dec75a3a810c21028,2ad663165e9d0bf46c7a41509af06f2f,delivered,2017-06-22 21:09:34,2017-06-24 02:30:23,2017-06-27 13:37:55,2017-06-28 12:19:55,2017-07-05 00:00:00
1e0cc5a03c811818d8f95ba53e014589,6c9e6937792cc04d9bb23451e0ff9f48,delivered,2017-06-15 11:46:47,2017-06-15 12:02:56,2017-06-16 16:15:12,2017-06-27 16:19:43,2017-07-10 00:00:00
c05df8b616137f63b7d902415bd94490,2943c96dbf527b612175ebfd1b3266fe,delivered,2018-06-21 23:39:37,2018-06-21 23:59:13,2018-06-22 12:46:00,2018-06-28 11:36:56,2018-07-13 00:00:00
e46f9622385a1b432c5376bc7a3be042,b33eef73393ea7936a041fa33f5d643c,delivered,2017-12-17 12:38:21,2017-12-17 12:50:31,2017-12-18 19:52:25,2017-12-27 22:59:28,2018-01-22 00:00:00
a5293a76739d88fa86bc8c30b6d38e04,6fe0a95d74bde7d9466c7d44d0b89b98,delivered,2018-03-12 17:42:37,2018-03-12 18:09:38,2018-03-13 23:12:24,2018-03-21 17:34:56,2018-03-28 00:00:00
d2af11a33bb15deb68513119e6159591,19e5f42aafd83ee6d8a1b6d5478cc59b,delivered,2017-11-11 11:22:49,2017-11-11 11:35:30,2017-11-14 16:18:53,2017-11-21 17:59:11,2017-12-01 00:00:00
11052b4dd49ca81b1e7c63d562759b40,db8eb2e67c2b59f49a009213a8190ce5,delivered,2018-06-11 15:24:25,2018-06-11 15:39:24,2018-06-13 11:34:00,2018-06-15 22:17:41,2018-06-25 00:00:00
500c54b4910a5312b3afc7ab377b1a98,22d36fcccd3acff33874992a456a2d39,delivered,2018-03-02 13:34:44,2018-03-02 13:55:13,2018-03-06 00:08:53,2018-03-17 15:03:39,2018-03-23 00:00:00
fe8522d905daf1e2c69dd128d7e0f81b,f086f149136df0f183212ccea216a2ac,delivered,2018-06-02 13:16:37,2018-06-02 13:32:18,2018-06-13 15:19:00,2018-06-15 19:48:41,2018-06-21 00:00:00
764f7137987817d50f0c30066b8557d3,8db5d3f2bf24e53e41b3373cad793ed9,delivered,2017-07-29 13:46:43,2017-07-29 14:03:07,2017-07-31 20:37:44,2017-08-14 17:46:39,2017-08-29 00:00:00
59a98d09bcae9400968b67411edc5840,192b7be3761bcf4f54e2463ce2266c3d,delivered,2017-07-31 15:05:59,2017-08-01 15:15:22,2017-08-03 17:02:54,2017-08-08 19:26:51,2017-08-18 00:00:00
1f96abbd2bfd92185040f1e5b6ef7c41,9fac23ba3b881f843a1ffa4302367de6,delivered,2018-08-16 14:23:18,2018-08-17 14:47:04,2018-08-20 16:29:00,2018-08-23 20:04:00,2018-09-12 00:00:00
05c852fbe20c108caf9f479633cbe088,30dc58c87bd6ea55196ceaded4afcf91,unavailable,2018-07-12 12:21:56,2018-07-13 15:10:16,,,2018-07-24 00:00:00
d9518a786caa6b0fb0f1be3f27664a09,1cd29745e28b461c00fc232c3fc17e56,delivered,2017-12-18 01:15:30,2017-12-19 09:14:20,2017-12-19 19:06:34,2017-12-23 14:06:35,2018-01-05 00:00:00
79bb5d4973c99b7718ed109c618f85a0,09a4d9a39e24d6a253196acf5a41358d,delivered,2018-06-27 13:38:15,2018-06-28 02:15:52,2018-06-28 12:00:00,2018-07-05 13:36:46,2018-07-30 00:00:00
aee18d60fc803049a82d81af5f2a75ab,6fca0539c47aec27b4479a6b866f9c68,delivered,2018-01-02 11:24:28,2018-01-02 11:33:25,2018-01-09 18:36:49,2018-02-02 16:12:52,2018-02-01 00:00:00
5fe3dbcaf7a5fd778212b6dcf650db26,1f2a03c677c86725f29a8bb0917c6a51,delivered,2017-11-10 13:47:20,2017-11-10 14:07:05,2017-11-16 18:57:50,2017-11-23 01:35:49,2017-11-30 00:00:00
2971bb6c6efc3b1f3eeb90a497cdf2ba,c845abb0677b86ddd8f3a9f48d6f09fa,delivered,2018-02-28 21:09:12,2018-02-28 21:29:02,2018-03-01 22:48:52,2018-03-20 21:26:54,2018-03-21 00:00:00
9bc24f40807084ff83a515d4f70a8eeb,ac44122c951dc8da17f9187cade77b5f,delivered,2017-04-05 07:55:45,2017-04-07 03:22:54,2017-04-10 14:36:15,2017-04-17 09:52:21,2017-05-08 00:00:00
eb5775c404ef8a8dd4526d6c75db4142,e402dc9d0ec5a3fd574ee8cc618d265e,delivered,2018-07-05 14:40:43,2018-07-05 16:17:55,2018-07-05 19:20:00,2018-07-06 21:18:58,2018-07-19 00:00:00
351ddc87c9428b377765b7f1d3e478a9,500a535ea852cd584dea5ddce2e9a779,delivered,2017-10-05 11:57:47,2017-10-07 02:28:23,2017-10-09 18:33:41,2017-10-11 19:59:49,2017-10-24 00:00:00
fc174f22ce400b79551344335ef7d9d9,fe679f0292f2cd782061136e45b47500,delivered,2018-08-04 12:04:39,2018-08-04 12:15:22,2018-08-10 12:41:00,2018-08-15 17:11:58,2018-08-29 00:00:00
b7a126656513ca4a59462228783ea29f,6c2f01dd689a62bd11bad852d758ae0b,delivered,2018-04-21 16:19:37,2018-04-24 18:42:22,2018-04-24 23:53:32,2018-04-27 17:22:18,2018-05-11 00:00:00
e26598114d061f9c0f384b028f666c53,04f08e3b608a6e4f92edaeeb2514272e,delivered,2018-05-07 13:54:04,2018-05-07 15:55:05,2018-05-10 16:03:00,2018-05-15 20:05:54,2018-05-30 00:00:00
4a314795304cb8de1e5e3f7956e2765f,e6c987508575f76c548f26cb8cbc5f74,delivered,2018-07-30 08:12:54,2018-07-30 09:31:16,2018-07-30 13:48:00,2018-08-06 19:51:49,2018-08-16 00:00:00
8a56602a95563e5b2a038fc31b9a5d7a,a968e0ffee24627fb3f39e54464cf0b5,delivered,2018-04-10 12:00:57,2018-04-10 12:15:07,2018-04-11 19:36:41,2018-04-12 20:42:03,2018-04-26 00:00:00
ff4d755050a3a40c7cd03cbe7d11309c,86f759cadfc423887480182ca9589e39,delivered,2018-03-10 01:46:47,2018-03-10 01:55:32,2018-03-13 01:28:27,2018-04-13 01:53:22,2018-04-26 00:00:00
5ef603cf924626f99285129d63316a1a,a0a0dd13896ce11d4a9058e3e82d031c,delivered,2018-08-03 15:56:37,2018-08-04 04:24:12,2018-08-06 12:24:00,2018-08-09 17:08:40,2018-08-21 00:00:00
505efa2eaeb145cfa984edf0efc092f2,03ca680e03197e7cce0c7d62a8c30667,delivered,2017-12-21 15:16:13,2017-12-23 02:15:32,2018-01-02 13:15:26,2018-01-10 21:34:08,2018-01-19 00:00:00
62005c92ae50253cbafc90c07cf33d2e,10fa88a7b6a80c8361f3d4d83b6d384c,delivered,2018-08-21 16:53:34,2018-08-21 17:08:59,2018-08-23 13:06:00,2018-08-24 17:51:00,2018-08-30 00:00:00
617a1be8a890f200080c6a798674e06a,c73b90e099cd1517cb2d1bb468de9a7a,delivered,2018-08-13 22:13:12,2018-08-13 22:25:10,2018-08-14 14:23:00,2018-08-15 23:13:48,2018-08-17 00:00:00
0b3ca8c9e3b3199306adb467fcd0e982,1b58076659bb8e9596faec56777da25c,delivered,2018-07-16 13:34:31,2018-07-17 04:05:10,2018-07-20 13:23:00,2018-08-03 18:29:09,2018-08-13 00:00:00
f7667bdd9bdb0953511db7d56f25865c,9d92c0ce43722dbc5cfb9b7046dcce65,delivered,2017-03-16 10:12:09,2017-03-16 10:12:09,2017-03-22 03:22:26,2017-03-27 16:18:02,2017-04-05 00:00:00
793edc24e4e9b6c0fbb5b63b1c07910b,73e8189e7bd89b797c89b1dec2fc8f7c,delivered,2018-07-24 16:13:58,2018-07-24 16:44:12,2018-07-25 15:34:00,2018-07-30 20:48:57,2018-08-07 00:00:00
7e9e110e4c60c9d33dabbc33133db636,17984e3bdcf729cdee5f2e4ad08a5f6e,delivered,2018-03-01 22:01:46,2018-03-02 17:10:50,2018-03-05 23:33:36,2018-04-05 22:27:32,2018-03-28 00:00:00
ad598503d5390301de7d5cd3b1dc2c4d,01fa120273bf003fb142073c53b27e86,delivered,2018-07-26 21:27:00,2018-07-26 21:35:20,2018-07-27 15:29:00,2018-08-08 14:32:18,2018-08-16 00:00:00
a5dc44fe023a6153b7b9df59de5762b7,380b3fc8462fdcd133a900ae7e665133,invoiced,2018-07-23 08:52:57,2018-07-23 14:30:51,,,2018-08-09 00:00:00
d34bae2145edd5228bf4d92832988284,c81fd58c2a3e1fcccc9436fbfe9d1002,delivered,2018-02-26 09:06:10,2018-02-28 09:15:38,2018-03-01 19:47:47,2018-04-03 20:58:49,2018-03-16 00:00:00
6f55fe858c5557f14d4b6ee5255d793b,55a736fdef3f978c92f0477297b92973,delivered,2017-04-12 20:56:03,2017-04-12 21:10:12,2017-04-24 10:35:41,2017-04-28 14:33:31,2017-05-08 00:00:00
c02812b449a4b26ad9af3ba39f32441b,44e6bd5683064042e52ab15dcdb56d7c,delivered,2018-03-21 20:18:05,2018-03-21 20:30:45,2018-03-23 18:08:02,2018-04-03 18:48:55,2018-04-11 00:00:00
7686c8e556ad063dbfec8224d665c37d,555f5d3c239776be4eb908473b18fe3d,delivered,2017-03-18 01:58:41,2017-03-18 01:58:41,2017-03-30 13:48:04,2017-04-01 11:38:31,2017-05-04 00:00:00
fe060c64faf15963690f95b750ec2301,147d517e942b17ad46de941559d06c46,delivered,2018-08-03 16:58:14,2018-08-04 04:24:15,2018-08-07 13:24:00,2018-08-23 00:53:30,2018-09-04 00:00:00
44ce5b2db8d5cdec03361d95f88fb2eb,2cb69c3e1a4bfd3e638cfd564c291dae,delivered,2018-04-23 16:19:36,2018-04-24 17:44:00,2018-04-24 23:48:42,2018-04-30 21:33:00,2018-05-17 00:00:00
b33fb23930b882d67b4b114c33f2e6df,a2141dae4f56fd98148f8d8956f2c10a,delivered,2017-08-17 13:52:16,2017-08-17 14:30:19,2017-08-21 14:14:56,2017-08-29 17:25:15,2017-09-11 00:00:00
45fbd1cc1bb5257f84d6f5f283489de3,790115d3a438c1f74b85de5e413c4a2c,delivered,2017-10-21 13:34:16,2017-10-21 13:49:21,2017-10-23 16:10:17,2017-11-07 23:38:32,2017-11-21 00:00:00
7fa26263c600a79bed73952426428e65,56971ad39cccab11ebaa0266e87956b3,delivered,2018-05-03 16:31:02,2018-05-03 16:56:31,2018-05-04 13:18:00,2018-05-14 15:12:20,2018-05-25 00:00:00
52a2359e51fb8624aed7515a20a1494a,7575557a12a4a1f9090984b67468bcf1,delivered,2018-07-16 16:24:16,2018-07-16 16:55:21,2018-07-24 13:21:00,2018-07-30 23:42:31,2018-08-13 00:00:00
6f4d7831b4beb4c6c46bbcbf3a84df71,d9b79c5c0367faa77e4be9cff715e36b,delivered,2017-08-01 09:09:14,2017-08-01 09:23:16,2017-08-03 17:29:25,2017-08-08 15:05:11,2017-08-23 00:00:00
2c47508caa1bde5360a34b306cdcaca6,57d4f3e86af974333c0d0ff941d9f2b7,delivered,2017-06-20 11:16:37,2017-06-20 11:25:29,2017-06-20 14:24:01,2017-06-23 10:42:13,2017-07-03 00:00:00
4442d1fdf454197e9e141f0d83a9031e,3c3c45651f50bb4b13a4de268cad02b0,delivered,2017-02-03 18:08:16,2017-02-04 07:01:55,2017-02-20 10:49:53,2017-03-01 11:24:45,2017-03-06 00:00:00
012b3f6ab7776a8ab3443a4ad7bef2e6,5ecc5bb2b96483a913b2d138e56aa1df,delivered,2018-05-04 21:18:05,2018-05-04 21:33:37,2018-05-05 09:30:00,2018-05-12 12:58:39,2018-06-01 00:00:00
65df8539acbce2e41ba3a4a3ce0a3470,88d5d9648c5efd116d642161d4920bad,unavailable,2017-06-07 16:08:41,2017-06-07 16:15:24,,,2017-06-28 00:00:00
2ab7c0d346a37bba7f0a515bdd281745,c17665884beafd5dfe3cd9023b72528f,delivered,2018-05-19 10:20:58,2018-05-19 10:30:52,2018-05-22 11:25:00,2018-06-05 15:08:39,2018-06-14 00:00:00
f989bc93bc7ab91d093d2307f9cd98f3,d42bef6fd6d62c26e60f1509137b1944,delivered,2017-12-03 21:10:24,2017-12-03 21:31:06,2017-12-06 20:26:59,2017-12-21 21:18:28,2018-01-02 00:00:00
7d23bcb0775adfd699d3f8c7447a2882,d7db71fdaa0580a5b0e0484c80a67b95,delivered,2018-02-25 11:53:20,2018-02-25 12:09:39,2018-02-26 19:42:49,2018-02-27 20:09:16,2018-03-12 00:00:00
bf95b3f726bbc62043afc14fbfdbcdec,57d501c72879ffdf6edd0e31c2e25eef,delivered,2018-03-05 15:39:48,2018-03-05 16:09:27,2018-03-08 20:04:47,2018-03-18 11:52:09,2018-03-22 00:00:00
c23e8e36f82a11a84550ad1e7c87e24a,e16b5a59a6a1f4a9e047efc6ca0af440,delivered,2017-06-23 19:45:24,2017-06-23 19:55:10,2017-06-26 16:42:52,2017-07-05 15:11:44,2017-07-19 00:00:00
b59dd1cfaae00761d5a3b6749e874c80,69f32d82d34e7b1a4d7ea2d963a81838,delivered,2018-08-02 21:18:33,2018-08-02 22:15:17,2018-08-07 13:17:00,2018-08-10 15:48:32,2018-08-17 00:00:00
bed08b58982cd12128ec33bb7aae000a,e51d4d833af20d1989f1b1bd3e7c1d2f,delivered,2018-01-24 21:35:23,2018-01-24 21:56:48,2018-01-25 17:09:34,2018-01-31 22:08:12,2018-02-23 00:00:00
016754282c7690ebd6658f9f8e0a49bb,2d5ef00df7f7b3574cee1033e6ec53cf,delivered,2017-06-06 12:35:13,2017-06-06 13:30:39,2017-06-07 12:40:53,2017-06-08 10:04:41,2017-06-21 00:00:00
aef21aeac3544cbf31a1b0c4db759e44,b6fba4f325e0a771a6e80d8fbd035925,delivered,2017-02-05 12:08:28,2017-02-05 12:21:48,2017-02-07 15:21:05,2017-02-17 15:25:38,2017-03-15 00:00:00
8f2b8de48c9a0aba299e3433e4c00df4,5bf2c693d60a0ee874569a3efa988b6f,delivered,2017-08-31 13:53:13,2017-08-31 14:05:27,2017-09-01 18:49:59,2017-09-11 17:22:42,2017-09-25 00:00:00
6b8efc56f3d4b9f43045ef4efd3a5e76,8afa9893a855d64656f1ff2afc37131f,delivered,2018-06-21 13:58:49,2018-06-26 05:37:20,2018-06-27 11:18:00,2018-06-28 11:08:21,2018-07-11 00:00:00
dff20979c5b8b4378f7e769aa413390e,4128467caa12d62fe47421a1a02ddb5b,delivered,2017-01-31 13:34:09,2017-01-31 13:45:15,2017-02-07 09:32:30,2017-02-10 13:58:31,2017-03-09 00:00:00
8173203a530c14fc205d5f87801b227a,8bebcfc55190b8055b33881744673c18,delivered,2018-06-07 15:47:32,2018-06-08 19:31:07,2018-06-11 13:10:00,2018-06-14 14:14:56,2018-07-03 00:00:00
d26e5113b124c2bf24274139cf339a8b,dcd98ca7612d608435bc8233248e8b4c,delivered,2018-07-03 22:27:31,2018-07-05 16:11:40,2018-07-04 10:44:00,2018-07-13 17:12:44,2018-07-26 00:00:00
49e6f4ed0034a19d7c8051244c8d64ba,5f4691392be0759eac67f4aeb96950d3,delivered,2018-07-23 10:20:16,2018-07-23 14:31:31,2018-07-25 14:54:00,2018-07-27 16:50:54,2018-08-20 00:00:00
ce04c06ff6aa33c21f5ffe29ff59062f,8bc813515b3bc503f13f53df20728dfd,delivered,2018-03-09 18:35:51,2018-03-10 13:15:26,2018-03-13 02:51:26,2018-03-23 17:52:32,2018-04-02 00:00:00
44be450f0262cf8f77ea4fcab05dafa3,e4bbab9eceac56b0816883d12d499736,delivered,2017-06-13 19:20:33,2017-06-14 19:15:15,2017-06-16 14:26:29,2017-07-04 16:22:09,2017-07-14 00:00:00
6220b40639ab71c71d26a9ce7d5905c7,d3715aa5d97c7fb70347c608c5448b9a,delivered,2017-11-28 13:12:45,2017-11-29 02:20:33,2017-11-29 22:22:15,2017-12-01 16:52:23,2017-12-12 00:00:00
d727b8f659908737e1e8927fc81fda36,6f5ab7951708c5ecf54e051674e7a419,delivered,2017-11-30 11:01:28,2017-12-01 11:32:06,2017-12-01 19:06:53,2017-12-20 19:58:55,2017-12-28 00:00:00
994a9a6b0c7666ed14dd7790ce98bd39,348e44614598924fe73dd13f6b3f63ab,delivered,2018-06-21 22:26:45,2018-06-21 22:38:27,2018-06-22 16:02:00,2018-06-29 20:42:41,2018-07-18 00:00:00
0358c6f73774fe4d4ea9b936ce61ab2a,826620317269a6de80fbdfa41e213c83,delivered,2017-05-02 20:47:48,2017-05-03 16:02:59,2017-05-09 09:06:10,2017-05-22 23:49:44,2017-06-07 00:00:00
186ff84d5b5b50a2d790cabc5800b9d1,58281a0f2e7cf112033f164b20034665,delivered,2018-05-30 09:00:19,2018-05-30 09:35:11,2018-05-30 10:05:00,2018-06-04 18:20:44,2018-06-25 00:00:00
43d5113f8c14cc2c72b763c801f47ac6,5ae27e96182178bb0c1ff8ba02dd42d8,delivered,2018-05-28 16:10:19,2018-05-29 12:09:19,2018-05-30 13:54:00,2018-06-07 14:38:43,2018-06-28 00:00:00
d0444c65949d9cea920374debbfbd723,17fb6d6ad630f465c7a86169d5ce0f4e,delivered,2018-07-03 15:08:20,2018-07-05 16:32:37,2018-07-04 13:30:00,2018-07-10 14:18:53,2018-08-03 00:00:00
73efff4d70edf5102701931188e4b15f,c50f8b707f6bae0baa6fe4319fe4c92b,delivered,2018-03-14 23:01:15,2018-03-14 23:10:46,2018-03-15 20:04:01,2018-03-19 18:10:50,2018-03-26 00:00:00
d293e3383f4842a30acc6af140495dbb,c7e9e21722a66c9428ef03ebd3139181,delivered,2018-03-26 13:23:37,2018-03-26 13:35:36,2018-04-02 19:27:31,2018-04-20 22:32:38,2018-04-30 00:00:00
be05bd6519a58cf3d3e4ca73c99f5395,041d5700e430ed7d2f3ca2d7e781f077,delivered,2018-06-05 16:55:49,2018-06-05 17:15:38,2018-06-06 14:40:00,2018-06-08 23:48:59,2018-06-29 00:00:00
cf398216aad3dfa8731970860f663dd8,dd937b4f0c1c5be302c660e961fa2e48,delivered,2017-10-02 09:32:23,2017-10-02 09:49:10,2017-10-04 12:41:49,2017-10-11 22:05:23,2017-11-03 00:00:00
a96d3bc5d1e3315554ccd38f27ff5ef3,8aa26613f99b460c27155238fd55ec7e,delivered,2018-07-25 20:21:01,2018-07-26 20:15:12,2018-07-27 13:54:00,2018-08-06 15:54:36,2018-08-20 00:00:00
b3110047dd3a27ff4f565f9a7bf591de,38e226810cf647c1432ae75b8b8cf1b9,shipped,2018-03-03 12:21:38,2018-03-03 13:20:32,2018-03-05 21:04:32,,2018-03-22 00:00:00
a4df491ecbddc7beb456f2d14bcd0be5,ce26233b2ebaf4d7a4003215f3f81a93,delivered,2017-08-13 20:47:19,2017-08-15 03:30:35,2017-08-17 19:13:25,2017-08-28 22:38:02,2017-09-13 00:00:00
9015087bd3384196d2ed2265cba81150,dbccb4da6723471cd6429812d0c3b086,delivered,2017-08-01 09:30:21,2017-08-01 09:45:14,2017-08-02 14:49:04,2017-08-04 19:10:10,2017-08-23 00:00:00
2109de10cb751b43648fd8c1ebbb1d0f,67a271d976c40ec0969381f5e5e3a240,delivered,2018-05-24 09:38:53,2018-05-24 09:53:17,2018-05-24 13:45:00,2018-06-02 12:12:47,2018-06-20 00:00:00
9e607cec8bd33ad2250970a82dc17011,894680d04196842f885d856fa217e281,delivered,2018-04-06 17:29:04,2018-04-06 17:51:22,2018-04-09 20:51:39,2018-04-30 16:06:53,2018-05-11 00:00:00
3304b73bf1a8b2f1e44d5cd320476582,8bd28e79cfa24f0e69f918f7f31bbfb4,delivered,2018-07-24 18:48:09,2018-07-24 19:04:26,2018-07-25 15:43:00,2018-07-28 16:48:21,2018-08-10 00:00:00
7f4ffc58a759986d20c8c592bb7c5cc0,f0f8173447c9877eeb1fd5691d571f45,delivered,2018-05-07 16:58:08,2018-05-07 17:56:43,2018-05-08 12:02:00,2018-05-18 18:18:39,2018-05-25 00:00:00
30484d32b54637054cb08b54438a6a77,c34f4cc207de4898f1bd24ee8766d739,delivered,2018-04-20 10:51:27,2018-04-20 11:12:32,2018-04-23 23:08:56,2018-04-24 23:29:34,2018-05-09 00:00:00
bc9c3bab22574d0c67e66cc6296b9294,fb3b60e4d8f392647f1564b0045b8d36,delivered,2017-06-01 00:46:28,2017-06-02 04:32:22,2017-06-05 12:52:54,2017-06-14 12:58:11,2017-07-10 00:00:00
48e7e805cf628681fb4e33aeba527ed7,c3dfa37c8b2db3ec83bddc50eaf16729,delivered,2018-01-24 20:03:41,2018-01-24 20:14:30,2018-02-21 16:26:52,2018-03-05 11:42:51,2018-03-27 00:00:00
2861a93eebd2b51ec9cf6dd4eb7abac6,3a6fed0fa3bf8f59ff44a58c7c289a36,delivered,2018-05-07 20:12:12,2018-05-08 20:35:20,2018-05-10 11:51:00,2018-05-15 22:07:44,2018-05-23 00:00:00
a651186842ef57c2a7a20501436beaf7,dcb8e12dd5c76cc347741cef1979b6cf,delivered,2018-07-30 16:32:06,2018-07-30 19:31:45,2018-07-31 12:55:00,2018-08-07 17:32:05,2018-08-13 00:00:00
139c61b5e6e119e1363bf3b6c1fdf598,632f7e990a361b6ccd31d6e04a02dbdc,delivered,2018-05-14 17:42:13,2018-05-15 17:54:02,2018-05-16 14:22:00,2018-05-23 14:14:46,2018-06-08 00:00:00
0ce94e50ed7d28e7856f3d127990d17c,2f7a0d01d00f7711a9334e4266cf0cfb,delivered,2018-07-29 21:26:11,2018-07-30 09:25:08,2018-08-03 15:02:00,2018-08-09 13:46:48,2018-08-24 00:00:00
bf0a0b465be0fe8e8e83edb5bca69a34,e6790f36525b65120d28aee0fab34f97,delivered,2018-07-19 09:29:08,2018-07-21 10:05:21,2018-07-24 15:19:00,2018-08-08 14:54:22,2018-08-20 00:00:00
3899c98e47bec0b8dc7d92daa46ee1ed,4119037f72479cd570a2419dc2fd9b81,delivered,2018-07-30 18:01:37,2018-07-30 19:31:38,2018-07-31 13:58:00,2018-08-03 21:43:41,2018-08-14 00:00:00
66102db498a42db4dd18edc624df4a95,fda7b8ffe80f0ab6a9c67563bb3cf57c,delivered,2018-08-19 18:45:02,2018-08-20 12:50:46,2018-08-20 14:53:00,2018-08-22 16:08:29,2018-09-04 00:00:00
5fd71cc4eb69ae6f65ac3acfcbc17ab5,a3ad36a86128c48a3b16bf2d47fc111c,delivered,2018-03-18 16:47:16,2018-03-18 17:09:22,2018-03-20 23:24:36,2018-03-28 18:38:30,2018-04-11 00:00:00
574f906eedf477adaf3507222887d81f,45a730fd8d9383eb647641fed4b90354,unavailable,2018-06-03 21:19:01,2018-06-05 04:12:46,,,2018-07-17 00:00:00
9ce48efca38264fece92fb03a3e33562,316fc9b91c893ccbb91c1d4e90b1f3d2,delivered,2017-08-08 10:53:44,2017-08-08 11:40:07,2017-08-10 13:51:56,2017-08-17 18:46:45,2017-08-31 00:00:00
59a547acd221c8cbc2db1baf4d53ebac,dcf2ccf356bf4d48003190405025cabe,delivered,2017-03-07 23:32:59,2017-03-07 23:45:10,2017-03-09 15:17:05,2017-03-14 10:37:51,2017-03-24 00:00:00
5f5f8f264b5202f9bf45ae2ea217572d,9ab762624f5a915c317327e3ea094fd7,delivered,2018-02-20 08:44:22,2018-02-20 09:07:27,2018-02-20 20:52:50,2018-03-06 18:17:06,2018-03-20 00:00:00
73d31477d79e7d244fe031d4b2c9c58d,9cd09e55f0cc2335c314f0aab58cc1be,delivered,2017-08-21 12:56:26,2017-08-21 13:05:16,2017-08-23 13:53:24,2017-08-24 18:04:09,2017-09-05 00:00:00
47531efe4ed25555eba8637f9f6dc6ee,52f62dea0d8bb280602d81f7dbee3a00,delivered,2017-09-13 22:03:58,2017-09-13 22:24:13,2017-09-15 15:02:51,2017-09-26 22:33:35,2017-10-18 00:00:00
2b302d95360eac2ba6fcfc99c8d247a9,ea0199c623273bc071e2866191392e65,delivered,2018-05-15 03:34:12,2018-05-15 05:15:16,2018-05-15 12:17:00,2018-05-21 19:16:32,2018-06-21 00:00:00
99044ef6d39a9053e6c8be072306da0e,a6a1e36323dd31b11f38567fdf452c47,delivered,2017-08-03 08:07:35,2017-08-03 08:23:46,2017-08-08 13:29:47,2017-08-16 20:37:48,2017-08-25 00:00:00
f37ceab35e76b508f951fd148edead7d,3a67da457160007dc4393d326e9acacc,delivered,2018-02-14 18:35:12,2018-02-14 18:48:02,2018-02-15 18:41:48,2018-02-27 14:55:04,2018-03-09 00:00:00
58ae1d454a356757c2e45298bcd0c9bf,8b270578b825aeb45e356403928ea647,delivered,2018-06-04 12:54:21,2018-06-04 13:12:04,2018-06-05 12:55:00,2018-06-11 21:13:28,2018-07-05 00:00:00
5897449bce69856d88610b3c0f4f63b5,2e19009aaf5ce281eadf19914ea75b5c,delivered,2017-01-15 21:46:43,2017-01-17 03:10:19,2017-01-18 15:12:19,2017-02-09 10:32:41,2017-02-14 00:00:00
9d7c75d76a63b0e133c2cc1b3b4b7faf,f802cd630bf91e3ac28c73f26e1a9f94,delivered,2017-04-23 11:42:23,2017-04-23 11:55:10,2017-04-24 13:03:40,2017-05-04 12:42:33,2017-05-15 00:00:00
d902e0d07551cd7a8961363aae3e52f5,82d15550286831c47eab6c87e16f3704,delivered,2018-05-03 17:26:34,2018-05-03 17:54:17,2018-05-09 11:23:00,2018-05-18 15:33:02,2018-05-30 00:00:00
a87ed2fb6e8666ad9ae06c12d370512c,b0da3230a8679856a83333aad33a42aa,delivered,2018-01-16 17:43:53,2018-01-16 17:56:31,2018-01-17 17:25:35,2018-01-28 05:18:48,2018-02-19 00:00:00
16fad10675dd44f440ae285b05386fdf,b79d8308ca464d8bee3c295ca2f758ff,delivered,2018-02-21 00:49:54,2018-02-21 05:50:15,2018-02-22 17:23:01,2018-02-23 20:37:57,2018-03-07 00:00:00
d001290419ddebaed22e4089349d4258,1022b26224cd90d6da9894ffe5ff6552,delivered,2018-08-06 21:47:02,2018-08-06 21:55:16,2018-08-20 05:44:00,2018-08-24 16:42:23,2018-09-06 00:00:00
ae86e8d601cc4c3762fff0d9609a0861,af3e0b1f2f40b0f33baad5d4801607d6,delivered,2018-07-05 11:07:32,2018-07-06 02:55:10,2018-07-06 09:35:00,2018-07-10 21:08:37,2018-07-18 00:00:00
f84c59e73e295a051c0dbd03c3f1216b,cc0a7e9b8731076de1d04d352d532fd1,delivered,2017-06-20 10:41:50,2017-06-20 10:55:24,2017-06-20 14:52:29,2017-07-01 12:13:24,2017-07-21 00:00:00
e4d88b96fb1801eb436496008e848e1a,a8ce6a904d2d16b128b6260b147734aa,delivered,2017-12-20 00:40:45,2017-12-20 00:52:23,2018-02-06 22:38:32,2018-02-22 21:27:54,2018-01-24 00:00:00
925f2b824125dc08ef7354aad4692fa8,e8cf020e529c13c2347d8f7cc4ba1a91,delivered,2018-01-12 16:05:38,2018-01-16 03:50:10,2018-01-23 23:22:34,2018-01-25 18:44:57,2018-01-31 00:00:00
5a85e924259fbcb51878c4fd7182b252,64f3acb4202732a3c994fdf06a61edc7,delivered,2017-10-08 19:00:45,2017-10-08 19:28:31,2017-10-09 16:06:26,2017-10-16 21:19:52,2017-10-31 00:00:00
4790bc3402a232e073d643e12035d859,7b9302469472267ccfa0a5c6966d2469,delivered,2017-03-27 16:04:26,2017-03-27 16:35:07,2017-03-29 11:09:21,2017-04-03 14:23:40,2017-04-13 00:00:00
6b492e90666acecd3f5d1fd3fab7afbf,e90811cfde71a51d7d21823056b66762,delivered,2017-09-23 10:23:58,2017-09-23 10:35:13,2017-09-25 19:03:31,2017-10-07 14:46:17,2017-10-17 00:00:00
7fd461d398eea64b8c3b9ff1761c6513,6fd328f1a74a0777918cdb53bad86308,delivered,2018-05-05 21:41:07,2018-05-05 21:55:21,2018-05-07 15:11:00,2018-05-14 13:16:30,2018-06-01 00:00:00
be91ce89605c63dbe7f8d347a665e19b,ae404bf53c8dbbf8902f33c6756bcf6f,delivered,2017-07-14 16:29:06,2017-07-14 16:44:40,2017-07-19 18:33:24,2017-07-28 11:46:37,2017-08-03 00:00:00
5cc512157c6670b00ba7bc623fb9ec23,fc856ce2a07c49a22a5259d3b46e6a1d,delivered,2018-07-17 14:10:36,2018-07-17 14:21:45,2018-07-18 14:02:00,2018-07-25 00:52:39,2018-08-08 00:00:00
818fffaae89ab44e0f2254ab0a2b560d,535df384a6e62f8a3c5b6e6997a737ab,delivered,2018-08-10 12:12:35,2018-08-10 12:25:15,2018-08-13 14:31:00,2018-08-21 00:52:38,2018-08-30 00:00:00
00048cc3ae777c65dbb7d2a0634bc1ea,816cbea969fe5b689b39cfc97a506742,delivered,2017-05-15 21:42:34,2017-05-17 03:55:27,2017-05-17 11:05:55,2017-05-22 13:44:35,2017-06-06 00:00:00
4dcf81f76e3af4f8740d2b3c159a453d,91721b6690bba7032a15f885b4ebb190,delivered,2018-04-13 16:23:38,2018-04-13 17:21:54,2018-04-17 02:40:29,2018-04-20 11:11:52,2018-05-08 00:00:00
c09b25f84f52644793916c9d834ee48b,b39cc591b3abb3b29b880bb174b10d65,delivered,2017-11-13 00:19:54,2017-11-15 02:55:32,2017-11-16 20:17:07,2017-11-21 19:39:37,2017-11-27 00:00:00
2a3a15442d770b77f30d1c2c02be3697,51ea9b5bc33e6a32904b5154b82c3837,delivered,2018-02-23 12:30:32,2018-02-23 12:49:18,2018-02-24 00:51:55,2018-03-24 11:16:46,2018-03-19 00:00:00
2524a4278af338cc4ba22f64a10d5798,766937eae4ef200d016b8717d52392fe,delivered,2018-04-12 02:17:54,2018-04-12 03:00:46,2018-04-13 18:04:39,2018-05-05 20:31:07,2018-05-11 00:00:00
88d1a4053f36cee7a806c473458c6c11,5aba5cd911ef3113db47dc00f259399e,delivered,2018-08-17 16:27:14,2018-08-17 16:49:47,2018-08-20 15:12:00,2018-08-24 14:57:24,2018-08-28 00:00:00
536b55df90b1eadec8cd2151d8d54536,1938eb8b42615427aeb761316ba56d7f,delivered,2017-11-04 14:16:12,2017-11-04 14:30:29,2017-11-06 16:18:25,2017-11-14 18:33:20,2017-11-30 00:00:00
281a4e1ef3ab9d256027ddd2db90c762,48fe0a56997c0eaac6fa6f50fc9d8020,delivered,2017-01-27 14:59:18,2017-01-27 15:30:56,2017-01-31 15:07:35,2017-02-02 20:07:49,2017-03-06 00:00:00
aa380313c19905dd1651bd21e75f09bd,bca042dd52272f582872f0ab66cf2afc,shipped,2017-07-19 12:44:59,2017-07-19 12:55:22,2017-07-20 14:38:54,,2017-08-14 00:00:00
3597f6476c27b4e1cc2f58588116f8f5,79e2cae59c2216c721c54ff9c53ad657,delivered,2017-10-03 10:30:22,2017-10-04 03:04:14,2017-10-06 19:13:54,2017-10-23 17:42:02,2017-11-01 00:00:00
04bd525b12a75a2a6fafd26414588301,cfd6d3b7873694cf0b8b35a3fd00d504,delivered,2017-05-09 16:58:34,2017-05-09 17:10:08,2017-05-10 14:36:55,2017-05-18 07:57:49,2017-05-29 00:00:00
66b090d3b031a3fc0d1e296a209b0de1,e00d5aeac61cd0816aca4d448d2e212e,delivered,2017-10-09 18:43:07,2017-10-09 18:56:54,2017-10-11 20:15:44,2017-10-19 20:19:38,2017-11-07 00:00:00
2df5aaf1eb7caf39dad85e2ce5de84c5,b7f0f8cd3edee9be516b3045dd0bab2e,delivered,2018-05-12 11:20:55,2018-05-12 11:35:14,2018-05-15 09:41:00,2018-06-08 16:29:07,2018-06-05 00:00:00
d1d0ec044cc554a29e2e8fcb1c0f1002,2fa8b888993e6b2f087eccc07c47ac2d,delivered,2017-05-19 21:30:40,2017-05-19 21:42:47,2017-05-22 13:15:59,2017-05-25 18:42:57,2017-06-08 00:00:00
0c355e13567802628373895daf5f0a61,3e3cb27f0d01f9763177c6de2d4bf139,delivered,2017-12-31 20:17:14,2017-12-31 20:27:40,2018-01-11 14:34:20,2018-01-15 18:17:44,2018-01-31 00:00:00
aad7d7dacb681055d348e02842f0590b,67d919011e9111fd930af9c0e3e016d5,delivered,2018-02-11 20:24:37,2018-02-11 20:49:30,2018-02-14 22:46:10,2018-02-19 23:18:03,2018-03-14 00:00:00
cf891dfddefcb0fd6ebc574e0cc67846,b06c4f866065a1ea965b64e127cbf6b9,delivered,2018-04-01 16:29:59,2018-04-01 16:47:43,2018-04-03 19:25:52,2018-04-13 15:19:19,2018-04-25 00:00:00
67756d84a71c958f3c19cd41a7580d9d,91a4d4f7a264cddaab3e19a5ad4ae8bd,delivered,2018-06-20 10:33:42,2018-06-20 11:08:14,2018-06-22 14:11:00,2018-06-28 23:56:33,2018-07-27 00:00:00
f431c479d2300988a101976210bc2ef7,a19591cb42cf3526a2f767bdc2946990,delivered,2017-09-22 15:00:03,2017-09-22 15:10:27,2017-09-26 17:29:59,2017-10-10 10:23:02,2017-10-24 00:00:00
c2727cc96d58f1f1cf1ff57b3e4fac27,e1e9c7c539b9c41b94f408473000c75e,delivered,2018-08-01 12:37:55,2018-08-01 13:20:10,2018-08-02 15:33:00,2018-08-07 00:11:50,2018-08-31 00:00:00
7a7d015aba4cb837644d24afa509ab3a,88307fcbd0dc9aeb5decad275e3685fc,delivered,2017-12-12 22:58:44,2017-12-12 23:12:41,2017-12-13 20:22:48,2017-12-21 22:41:43,2018-01-09 00:00:00
800447e795f2bcf1009e0b2a88d05bbe,3da98e49dea768b5addf8ff2a379bd10,delivered,2018-05-16 17:20:12,2018-05-18 01:35:20,2018-05-18 13:51:00,2018-05-21 15:06:45,2018-05-24 00:00:00
397e335a89983e6eba9313c4a8f65e4b,84e52783193cefa19bc60f352ffbc6fd,delivered,2018-07-27 12:26:33,2018-07-27 13:04:10,2018-07-27 14:50:00,2018-08-01 22:10:56,2018-08-14 00:00:00
0c436bbfd70e98c64bb73b3f23a78d23,6f1fc079f4830debca704c7575c2883f,delivered,2017-11-19 15:08:33,2017-11-19 15:26:32,2017-11-21 17:23:27,2017-12-01 16:32:59,2017-12-12 00:00:00
88c58a28309ec405852216aa601ae32e,bb66f809e5e058fd11be098c90932c7b,delivered,2017-12-06 09:34:22,2017-12-06 09:49:15,2017-12-13 16:38:50,2017-12-22 17:48:35,2017-12-29 00:00:00
d591fe8e95691bbffc5f4f2478bb3a7c,ede594735f243320b1e1c24c854ffe94,delivered,2018-08-01 17:45:55,2018-08-01 18:04:06,2018-08-03 12:27:00,2018-08-08 19:27:41,2018-08-14 00:00:00
b3fa7f92cf505c2b50d5e78e7835fb94,4d73f3be7a90bb514642db6fea2aa7cd,delivered,2017-05-22 09:50:27,2017-05-23 09:25:20,2017-05-23 14:50:11,2017-06-07 16:38:55,2017-06-19 00:00:00
2f508dcfe7fed8d13639afe310df65ab,50c78c4b3b336807891817726f2c318b,delivered,2018-07-25 13:54:32,2018-07-25 14:05:40,2018-07-25 15:02:00,2018-08-03 23:28:35,2018-08-20 00:00:00
fac313dbb6add2eb12c5dc3cb6e6e807,c5ee29a7bd87f451fb68f5d6ee2d8cc6,delivered,2017-07-28 18:35:48,2017-07-28 18:50:18,2017-07-31 18:47:40,2017-08-03 17:23:59,2017-08-25 00:00:00
fa22247626749c6b54ee3b6a97cb8018,b47e3bb89a04830b931629ec351b5956,delivered,2017-02-08 15:32:23,2017-02-10 02:43:15,2017-02-20 07:04:55,2017-02-22 16:42:08,2017-03-23 00:00:00
a3ef7e4271c9088cf2d3de8305ef2355,a4839648ce5d1a83c99e4383f58de2e1,unavailable,2017-11-03 22:26:44,2017-11-03 22:45:51,,,2017-11-24 00:00:00
ffc1be2cfc663c95a4663eae09796e19,d91334c0843c16865902f1eb2356811e,delivered,2017-11-24 21:23:08,2017-11-25 00:22:09,2017-11-28 18:19:38,2017-12-12 23:41:42,2017-12-21 00:00:00
56f5ac1c23292d909b75a7d2e00774fc,9ab0653986d1b8f8ef845a8625863a30,delivered,2018-02-13 12:02:41,2018-02-13 13:10:19,2018-02-15 10:25:25,2018-02-21 23:27:43,2018-03-08 00:00:00
30572123f2730cbcda9ff3acf4b879e2,eea555ad0fb1839ff35f16ae66f0fb90,delivered,2018-07-25 22:12:50,2018-07-25 22:25:10,2018-07-26 12:57:00,2018-07-31 01:14:53,2018-08-08 00:00:00
55767877e242a8b22f7903e1903d9c2d,b8b4f0721839f23a4808858f3348d881,delivered,2018-04-13 23:23:13,2018-04-14 23:31:33,2018-04-16 20:08:45,2018-04-27 12:32:20,2018-05-16 00:00:00
68675622f4933bcfe998090c4e50e4fc,5949fb6269f521276e00bfda113fefa2,delivered,2018-06-19 16:28:26,2018-06-19 17:04:35,2018-06-20 13:11:00,2018-06-21 16:41:20,2018-07-03 00:00:00
fac596e78a482c65c9ebe4d9f7d8eb67,c79c0283008594b41e0a8a8c923d3d7a,delivered,2017-08-29 08:05:44,2017-08-29 08:15:15,2017-08-30 14:51:58,2017-09-18 16:08:04,2017-09-21 00:00:00
3ba4434655efde991569fe475dd0e688,910b8c007be2f33b0149a841b3d2aec0,delivered,2018-06-01 10:52:14,2018-06-01 11:12:24,2018-06-01 15:10:00,2018-06-08 14:58:36,2018-06-26 00:00:00
64099350b7cbd1d6a7ac7786b990cb8b,b9c71896b3982d887261350a516f5c8b,delivered,2017-11-17 21:14:05,2017-11-18 21:11:41,2017-11-28 19:09:16,2017-11-30 12:37:10,2017-11-30 00:00:00
14c981a2e9e98dbc3eedc6084803ef1b,2afc1d604e9a528a86dfc0beae4739c0,delivered,2018-06-02 21:11:17,2018-06-02 21:31:52,2018-06-04 13:19:00,2018-06-25 20:42:09,2018-07-16 00:00:00
1db142fdab73b764609d8a15e7dd5a38,b7f840ef94a2311ac205dce9a1aac7bc,delivered,2017-06-08 16:14:56,2017-06-08 22:31:16,2017-06-09 10:36:47,2017-06-12 11:16:57,2017-06-22 00:00:00
d527c6337841d7474102cbb7396891de,49a68cbaafb9101d1b168de68aaeeeeb,delivered,2017-04-05 15:15:05,2017-04-05 15:30:16,2017-04-06 09:18:01,2017-04-13 17:38:01,2017-04-28 00:00:00
3e6792dc4eaebe2820c5eab74fc6d3ee,45400e5af35d4f15c68b46c01c7bd8c0,delivered,2017-06-03 18:27:30,2017-06-06 13:10:23,2017-06-07 11:23:10,2017-06-16 11:32:01,2017-06-29 00:00:00
aee019a48962151b8f0a5f2667523a69,b4a24540ca7eab4fe0c46d6efa6009cb,delivered,2018-08-08 12:03:31,2018-08-09 15:55:14,2018-08-14 15:30:00,2018-08-17 01:56:46,2018-08-16 00:00:00
be7a773222d5a7d8b12e75ed2320037a,14fb55c459d876ffaed351c4e23351b1,delivered,2018-02-24 11:24:45,2018-02-24 11:35:26,2018-02-26 18:58:05,2018-03-07 15:42:13,2018-03-26 00:00:00
7e39c7f737bbf597868c912bb9d2bb48,9db4f2dd60aad0f12db7f68b36a653b5,delivered,2018-01-11 13:28:05,2018-01-11 13:38:24,2018-01-13 02:10:58,2018-01-15 17:53:13,2018-01-30 00:00:00
c070b6a6cdd7d86e8661167d223786cd,9dabb3bf6243aa5e10bd2db67fa59216,delivered,2017-06-07 11:41:30,2017-06-07 11:55:13,2017-06-14 11:53:07,2017-06-22 16:46:37,2017-07-04 00:00:00
0a5e1bafba05f64884feb58a0bd822a0,a64a5b108e13e362e90eb0ff71dec9ec,delivered,2018-01-13 15:05:52,2018-01-13 15:16:29,2018-01-16 13:56:12,2018-01-26 13:07:35,2018-02-08 00:00:00
8c9e68d34aa382d77160f9a1190037ca,b69720a2b394287868dd6fff64d161b9,delivered,2018-08-04 13:56:31,2018-08-04 14:30:58,2018-08-06 15:24:00,2018-08-08 17:16:35,2018-08-16 00:00:00
481fc532b3f80d9dea57e91dbbcf7119,26fa92624a59797dda22be2e952140ee,delivered,2018-08-09 11:48:38,2018-08-10 03:15:20,2018-08-10 12:01:00,2018-08-21 02:22:14,2018-09-04 00:00:00
5d80dfb48f5c62fe1cbd194b1b6f57bd,925c3bfb7984d673dbd8f1bb68d0f950,unavailable,2017-12-04 15:42:31,2017-12-04 17:22:51,,,2018-01-11 00:00:00
15a1cd1da2bcaccc711512ecb5701c5d,6fc99700f57ca48100655dc291a083ea,delivered,2018-03-27 05:53:39,2018-03-29 03:10:25,2018-04-03 20:58:25,2018-04-09 20:51:15,2018-04-20 00:00:00
f8d16199418f035ea1dba5f6fc4cdfd3,23645cfb38e6817c9b97695620fda92f,delivered,2018-02-28 11:19:15,2018-03-01 02:50:45,2018-03-01 20:49:20,2018-03-07 15:57:50,2018-03-29 00:00:00
6a3c507660b55ba44c463acc23cc8d68,e69bf5017b2f0579333d892780b11b56,delivered,2018-06-02 21:19:30,2018-06-03 21:15:14,2018-06-04 13:38:00,2018-06-05 18:30:41,2018-06-20 00:00:00
a89c7ca4e54f3cad7dbdb78b5e33c4f7,59d196118ca8d55c3c6e469f532f9bf1,delivered,2018-05-23 11:35:43,2018-05-23 14:54:50,2018-05-24 10:46:00,2018-06-08 22:50:30,2018-06-18 00:00:00
97f06fe395ce93098b2deafe88e888c4,547c1c5240ab52551513cdd2d3ec52a2,delivered,2017-12-05 16:24:16,2017-12-07 16:16:27,2017-12-09 00:06:59,2017-12-18 22:22:18,2018-01-09 00:00:00
de3e0df5f571319433fe7a4843f90587,9797f235d77daa2d4bb88ad6a848497d,delivered,2017-06-20 21:03:19,2017-06-20 21:15:16,2017-06-23 12:52:16,2017-06-27 21:57:33,2017-07-10 00:00:00
fc2893781987c8064e5db53f1ce4ec3f,213793bce063883455855e97246b1b0b,delivered,2018-04-07 08:33:36,2018-04-07 08:47:54,2018-04-09 20:48:39,2018-04-11 13:58:21,2018-04-19 00:00:00
2c0fcacf7cf12e9d0e8ea049d6285141,78b8e3c0c4ae2e5332a070adb9f5f014,delivered,2017-12-19 01:55:44,2017-12-20 06:52:23,2017-12-21 22:16:50,2018-01-05 15:44:16,2018-01-22 00:00:00
3478b113b28e0c77c5b870f927de40cc,bb5b0eba859f1f33921bd0336173c933,delivered,2018-07-05 13:49:49,2018-07-05 16:09:05,2018-07-05 13:55:00,2018-07-10 18:21:24,2018-08-03 00:00:00
df5097a15b08e55f820169e963f6fd2c,35cc404df7a1d1c031b7c944e7d71f11,delivered,2018-04-26 22:47:29,2018-04-27 08:12:12,2018-04-30 13:14:00,2018-05-16 19:28:22,2018-05-17 00:00:00
864fb7308cf63ed5141c340f258de1b5,01c9d951957a4e8c098d7ba50e8a3f9c,delivered,2017-11-15 09:16:57,2017-11-15 09:26:55,2017-11-16 19:58:23,2017-11-17 18:56:52,2017-11-29 00:00:00
f00e76913de005d1e688bde18d970dff,242f5e8e3ca7e44f1f2f503946748b6d,delivered,2017-05-09 18:59:14,2017-05-10 06:35:29,2017-05-30 06:57:58,2017-06-06 17:28:02,2017-05-29 00:00:00
9bee6353b1a78c53133a7711049a33d5,01d086a800f69d84ec98c276bd44dcc6,delivered,2017-10-09 13:13:08,2017-10-09 13:28:16,2017-10-10 15:39:00,2017-10-17 16:58:03,2017-10-26 00:00:00
cdf746aa8492ace4e8785a606adf00f4,8b74b725906ed53b60e9393d6c256575,delivered,2018-08-07 23:39:16,2018-08-07 23:50:19,2018-08-20 14:20:00,2018-08-28 22:34:53,2018-09-05 00:00:00
5a91aca4cab56a1119249a6ab5d41318,e1c828a8bb2e4d96ea7ab8542865f103,delivered,2018-06-14 19:28:13,2018-06-15 02:36:58,2018-06-15 13:05:00,2018-06-28 15:34:52,2018-07-19 00:00:00
4a77a1a8add8db5a1d2cb407b6923849,2dce9a88e9782c5eb7a92dce1c1684ee,delivered,2018-01-19 00:18:33,2018-01-20 11:57:51,2018-01-23 23:18:14,2018-01-30 15:57:07,2018-02-14 00:00:00
fd35f76586d33671031d89dc11030a4f,1a1c743fedba1e6a56838f343048daf9,delivered,2017-08-26 00:54:09,2017-08-26 01:05:12,2017-08-29 19:12:53,2017-09-15 22:07:20,2017-10-20 00:00:00
3d5b009657b66f53072a0c50aae31aaa,8308d885fcafa1e2ca6798101a8d4af5,delivered,2017-05-01 15:40:03,2017-05-03 11:35:59,2017-05-03 14:21:27,2017-05-09 15:29:43,2017-05-25 00:00:00
42292e831d26e43153b9bc1e5e440681,e1ffcf6864bd61cd2bd1ab8619d914f2,delivered,2018-01-24 13:46:31,2018-01-24 15:16:00,2018-01-30 01:28:52,2018-02-16 21:23:49,2018-03-02 00:00:00
c188cb8c1687e281f8d8e8021bc0b8cb,fa36032145744628462e7af460281237,delivered,2017-09-30 18:15:34,2017-10-01 02:33:50,2017-10-02 19:12:08,2017-10-14 00:28:59,2017-10-31 00:00:00
ca823578aa819296a9581dee40fefb60,ace5f5494b09c4e9fd05d1239820cb98,delivered,2017-05-17 09:46:30,2017-05-17 09:55:19,2017-05-17 16:00:18,2017-05-22 11:49:33,2017-06-08 00:00:00
e83017d68cf294c6dc9386de02a700ee,369f91f6fec269279e15291df339ce97,delivered,2017-04-22 17:31:55,2017-04-24 06:35:18,2017-04-27 11:08:30,2017-05-05 12:32:19,2017-05-19 00:00:00
7ece841b35eb37fd53c5ddf9ce85b1aa,794c653990d6308974884f5fe235a9a7,delivered,2018-08-23 08:25:55,2018-08-23 08:45:18,2018-08-23 14:27:00,2018-08-29 20:18:49,2018-09-03 00:00:00
a24eb60f1866ce0cf8d9c0a47f738d96,a672c01a8706789a69a3ab1da540a965,delivered,2018-04-30 07:40:08,2018-05-01 05:55:03,2018-05-02 12:20:00,2018-05-11 21:19:36,2018-05-24 00:00:00
549724824079ea56bf8f03069347fe0e,cf60e547390ad78dba593467dcfd853c,delivered,2017-12-11 12:23:28,2017-12-11 12:35:30,2017-12-12 22:09:25,2018-01-03 16:42:06,2018-01-10 00:00:00
ddd72c925f9bdf6faa7d6a9dbbd6b907,ad19d1cbd8b1ab93d6a60e00ebabb602,delivered,2018-05-13 19:39:03,2018-05-13 19:55:43,2018-05-14 08:27:00,2018-05-18 16:38:52,2018-05-29 00:00:00
77d4a04d4a453d14c0a086cfd2f00fec,f5d9b89ce7c2abbca426c36ae04e613d,delivered,2017-08-15 20:08:04,2017-08-15 21:45:25,2017-08-17 13:03:35,2017-08-29 20:41:55,2017-09-06 00:00:00
16bd3fc02551c1d7c7adcfba92b674a2,931b4625cb00b378f07ca1a17fd37381,delivered,2018-01-11 11:36:37,2018-01-12 11:30:35,2018-01-13 01:19:27,2018-01-20 00:37:36,2018-02-05 00:00:00
a4c838975cfa8a5cffda389f44d58213,840ebf0107844a440bf64e877ecb3b2b,delivered,2018-06-13 10:35:33,2018-06-13 11:00:02,2018-06-13 11:45:00,2018-06-20 14:33:22,2018-07-11 00:00:00
ddc904ea8bd4313e136beae61948c20d,1412be486661c275b82db0ddd740fea9,delivered,2018-07-03 14:37:25,2018-07-05 16:33:01,2018-07-04 14:39:00,2018-07-12 00:08:40,2018-07-26 00:00:00
bdb7c7b648d72056fa0a7a19805dce0f,4da516541565ce46839da7c8a6af3fa5,delivered,2017-11-22 13:41:27,2017-11-22 13:53:29,2017-11-24 20:48:35,2017-12-05 18:27:48,2017-12-15 00:00:00
014e7d12255fc66b5ea5e6c93eb4be7b,55ae57a8afd95ff914731cd2ff9bccab,delivered,2018-01-26 10:54:11,2018-01-26 11:31:19,2018-01-26 19:41:28,2018-02-16 18:48:40,2018-02-21 00:00:00
77c514940a145ab624fa7ec202ef6dae,b672ec4fc48654c733127509c00bcfc3,delivered,2018-06-25 21:31:05,2018-06-27 08:30:42,2018-06-27 06:37:00,2018-07-03 19:48:43,2018-07-19 00:00:00
275aba34a453b017029d48d8ffb43dd2,55bc475023176cd0a21a0be147b1ddc6,delivered,2017-04-06 15:10:29,2017-04-07 03:15:20,2017-04-07 16:12:41,2017-04-18 16:07:06,2017-05-02 00:00:00
0d4a43cf7b7994e0a782864d075dc842,967cb8f7540c4e9fa2bffaa0f8f1c63b,delivered,2018-05-01 17:52:15,2018-05-01 18:14:13,2018-05-02 18:21:00,2018-05-03 18:36:47,2018-05-15 00:00:00
358691d1ca37befc409b28a20817ed0a,538e86a098b00ac8113f763fb5ef2900,delivered,2018-02-17 20:18:06,2018-02-17 20:26:49,2018-02-19 16:05:12,2018-03-05 21:10:17,2018-03-15 00:00:00
499689fc885e9c2bb31f4a13fc67f499,90e1d32a97d5acd67dcbe7ad2faa555a,delivered,2017-07-23 13:19:02,2017-07-23 13:30:14,2017-07-24 21:51:33,2017-07-26 20:09:51,2017-08-08 00:00:00
91004f0959e3066dc81fbb1c82ef2de7,9c7dfbe1e9bd22a4b59181aad23ee8c4,delivered,2017-04-14 15:10:29,2017-04-14 15:22:09,2017-04-19 17:08:12,2017-05-03 17:14:54,2017-05-10 00:00:00
f567c242e80099599cc0202343266187,ee9b87ea57b325579cd3f6cff93f5f55,delivered,2017-02-24 21:07:17,2017-02-24 21:15:18,2017-03-02 13:49:05,2017-03-11 09:45:56,2017-03-17 00:00:00
cd8a09a7fdc1232c4b96604d9bcadc98,72c66ab2471ae34d87b93674c19c4f67,delivered,2018-07-13 15:14:12,2018-07-13 15:25:23,2018-07-19 15:46:00,2018-07-24 16:56:22,2018-08-02 00:00:00
3a2ccd64420d46c86f575892f6d83753,25cc0b71a9122c62a2880aa1ce12eedc,delivered,2017-04-03 23:05:43,2017-04-03 23:22:44,2017-04-04 16:14:35,2017-04-12 09:41:03,2017-04-26 00:00:00
906d4efc060eee725d73e93dc6de8eee,d759e1e92ecf8c1cbd551592f00019b5,delivered,2017-11-02 15:21:02,2017-11-02 15:36:10,2017-11-06 21:32:21,2017-11-13 17:38:59,2017-11-17 00:00:00
b76cebb0a09007c35a19e98b178acd63,e8043e94a03541766bca8246a5af9d8b,delivered,2017-12-20 13:05:53,2017-12-21 02:10:54,2017-12-21 19:45:58,2017-12-27 21:58:43,2018-01-10 00:00:00
fee67a1d884fddbd3cd1da188db227e7,354708647aaa9f2b0e26dc6070de93d1,delivered,2018-01-20 21:18:44,2018-01-20 21:41:07,2018-01-22 20:54:42,2018-02-07 12:08:16,2018-03-02 00:00:00
e8051e65754422caf457412193df751d,723eb4ba0ff9ab7d9b964b4bf7d30438,delivered,2018-03-10 16:44:09,2018-03-10 18:00:23,2018-03-12 17:22:53,2018-03-27 21:26:34,2018-03-22 00:00:00
e28a6e3aa7a161c1681ff579233321b8,26ea9638666b7ba410fb22400c5e7dd8,delivered,2018-08-02 12:06:56,2018-08-02 13:10:24,2018-08-03 12:27:00,2018-08-09 17:21:04,2018-08-20 00:00:00
40e6624f975fba72e2ca10754a14e078,cd241e892ac3082d6f1b45ca49ad158a,delivered,2017-07-05 10:09:40,2017-07-05 17:41:32,2017-08-08 12:22:59,2017-08-17 22:37:46,2017-08-10 00:00:00
00bdebefeb760588a3425fad9dfed3d9,c14cec6645dffb638b0cbbf9daf4a557,delivered,2018-03-08 15:59:34,2018-03-08 17:00:27,2018-03-09 22:16:22,2018-03-14 21:08:39,2018-03-26 00:00:00
ca43290a13163a41f1a14fd9728a8b64,a4c9ff14ae7620126461ca55f36a76ea,delivered,2017-04-26 11:19:28,2017-04-26 11:30:10,2017-04-28 09:14:11,2017-05-10 11:25:54,2017-05-23 00:00:00
0cda3f4a118f3654ee4e487e867fa036,74756c0559cd1cc497e70925b040c013,delivered,2017-08-09 18:44:36,2017-08-11 04:15:34,2017-08-11 19:16:03,2017-08-17 12:18:45,2017-09-04 00:00:00
0decb14beb4de8d3b4e37103e81f119b,be8bcd0555b36108840f4f4a8dd4f2d6,delivered,2018-07-31 17:45:44,2018-07-31 18:44:01,2018-08-03 15:55:00,2018-08-09 17:18:32,2018-09-04 00:00:00
d9dd31d18506394e89644f5e0b9664e3,525386e5496dcb6a38723359f7450144,delivered,2017-10-11 12:32:56,2017-10-11 14:43:04,2017-10-13 23:13:49,2017-10-17 18:30:07,2017-10-30 00:00:00
accc1fd1e3c84881e0a9b27f8b611386,5fe8c0482d540984e89e0d7aaaa6bc66,delivered,2018-06-02 21:13:07,2018-06-05 04:51:53,2018-06-05 13:52:00,2018-06-11 20:04:09,2018-07-16 00:00:00
1667776af91110f93bdb9aedfe229e05,01b0099d07c9a887f45ad0e29342cced,delivered,2017-12-14 11:25:21,2017-12-14 11:35:21,2017-12-19 16:15:08,2017-12-27 21:18:30,2018-01-15 00:00:00
ae2bcbe8fbd1ed3a7698b5d7cae26c43,29d638a84ba5f8b7a4b28d518b854fc7,delivered,2017-06-03 00:05:45,2017-06-03 01:15:10,2017-06-05 13:34:31,2017-06-13 14:51:49,2017-06-28 00:00:00
9786fe4bfc559809a4bc1a58b72e2077,90005f3ce609c467eb968c7f7798ddc2,delivered,2017-08-21 23:44:15,2017-08-22 03:25:28,2017-08-22 19:38:17,2017-08-31 20:47:05,2017-09-20 00:00:00
7d7df8855c592bc0b098e2579a45b651,705919214a7406359e3d3641c1c5c2f6,delivered,2018-03-25 15:40:15,2018-03-25 15:50:33,2018-03-26 21:12:42,2018-03-28 00:05:46,2018-04-06 00:00:00
2ba9a0408f6084acab89be7aa689e5b4,09b1878a274d15a0132b3c983ddc436e,delivered,2017-07-15 08:47:23,2017-07-18 06:04:09,2017-07-20 16:55:00,2017-07-24 21:53:09,2017-08-15 00:00:00
d9673e96478769083775f81525768734,d2013285ea5d44bf4298cdaa180e58ae,delivered,2017-11-13 15:41:29,2017-11-13 15:55:49,2017-11-30 17:04:56,2017-12-04 14:12:49,2017-12-14 00:00:00
112eb6f37f1b9dabbced368fbbc6c9ef,65f9db9dd07a4e79b625effa4c868fcb,delivered,2018-07-23 21:53:02,2018-07-24 10:31:34,2018-07-25 10:25:00,2018-07-26 18:29:28,2018-08-02 00:00:00
29c20a338ac69db0ccfe9702b4f94a54,f3d2136779b53dee8984591b042e6995,delivered,2017-08-07 21:09:46,2017-08-09 02:50:27,2017-08-11 19:45:54,2017-08-23 10:42:44,2017-08-30 00:00:00
892a7f8b5be130248e2219e7d5136d57,7a568d5e56f817ae8835e7d92008691e,delivered,2017-06-07 21:47:27,2017-06-07 22:02:12,2017-06-13 08:23:42,2017-06-22 10:36:11,2017-06-30 00:00:00
da6ff5aa71571cace6a438da4aff0326,4be9ed1bb341f4f406134d6a15088db6,delivered,2017-11-28 10:21:28,2017-11-29 02:31:38,2017-12-05 20:32:38,2018-01-08 20:42:45,2017-12-28 00:00:00
82d1cc65b6ffc4c9eec8803be7132040,ef5e03b25d6991bbbcf88c60e6214151,delivered,2017-07-17 19:05:54,2017-07-17 19:23:17,2017-07-18 18:13:54,2017-07-26 10:47:42,2017-08-04 00:00:00
3510e9faecde23ba10f1b649d329b22e,ac428239d66ecbb6daff6de83569f7bb,delivered,2017-04-19 17:32:50,2017-04-19 17:42:26,2017-04-20 12:47:42,2017-04-27 16:42:58,2017-05-09 00:00:00
dd6f0c8e93a1d569d6353f78319a340f,889b986c4e5762ec5892d2458167cce0,delivered,2018-02-25 02:10:33,2018-02-25 02:28:25,2018-02-27 17:07:00,2018-03-05 18:41:53,2018-03-16 00:00:00
161a705881b7953621b8fac63051ee95,4db1426b23b363549387cc6273fdaf9e,delivered,2017-09-12 14:22:42,2017-09-13 03:25:52,2017-09-13 19:16:38,2017-09-19 21:57:02,2017-09-28 00:00:00
c252ac96b969b3f1f2c4b266a7a98c28,0bfbb7d2c85e85cedf327ac8cf74f3c8,delivered,2017-05-18 12:32:16,2017-05-18 13:10:10,2017-05-22 20:34:52,2017-05-24 16:42:55,2017-06-01 00:00:00
6ede6615bc35ab422df675c8a25de420,a78737fe65e513541043cdb631b4d3df,delivered,2018-06-18 23:05:35,2018-06-18 23:16:43,2018-06-19 15:12:00,2018-06-27 14:51:54,2018-06-28 00:00:00
e236416fb32f25eb00a7da9097cf36a4,7a09a14821e574a7774323bdfab4908c,delivered,2017-07-07 11:09:00,2017-07-07 12:10:21,2017-07-07 16:24:56,2017-07-13 19:32:22,2017-08-02 00:00:00
59e4b15bc4ba90075398df42e550a289,40167efd3222760691f4342a061d9bb1,delivered,2017-06-13 08:47:16,2017-06-13 09:02:36,2017-06-19 17:43:38,2017-06-23 12:44:42,2017-07-11 00:00:00
c3e32e69bba7c640697cc4ac19936113,ed2f12c194565a4351a766c26fae57f9,delivered,2017-12-05 12:07:18,2017-12-05 13:13:48,2017-12-12 23:24:53,2017-12-26 22:56:34,2018-01-04 00:00:00
0a001a3fae4c5478fd40c669ab7c7f48,5c66c2564730b91a30cfc39190fc7dc1,delivered,2018-05-12 19:04:30,2018-05-12 19:16:39,2018-05-15 14:07:00,2018-05-21 19:58:42,2018-06-06 00:00:00
c65b423dfdccf2b3fb6fec8446116d32,b51c5f01071f83ed9833c0b35600d973,delivered,2017-07-22 19:03:26,2017-07-22 19:15:12,2017-07-25 22:57:58,2017-07-29 10:36:27,2017-08-07 00:00:00
717255f43d5c9b702e9bc8c7d03a82ad,9b414a49c9caedb92c273141857ac918,delivered,2018-08-06 22:17:01,2018-08-06 22:30:16,2018-08-07 12:25:00,2018-08-14 20:03:36,2018-08-15 00:00:00
b067ce1272e65bbd38a7abc471e135c7,84e9275db50c9b0c69e8f1b832984bb2,delivered,2018-04-30 01:00:57,2018-05-03 03:53:05,2018-05-09 16:19:00,2018-05-14 17:36:46,2018-05-22 00:00:00
981cb41791006b79817f4b05721fbe10,65a8b22f8c8c886648f53bdf0bd7072d,delivered,2018-04-17 16:10:19,2018-04-17 16:30:34,2018-04-23 18:36:49,2018-04-27 11:22:28,2018-05-10 00:00:00
0a9de604052383d06ffc7a3390c727cc,03d3a988c4d392b88975238160a947f0,delivered,2017-08-02 22:53:35,2017-08-02 23:05:13,2017-08-07 19:32:58,2017-08-15 17:36:58,2017-09-04 00:00:00
c5f664e73dcc25378764b81c1de812d9,26bc369dde46ec7d7d9a98012ba6cd42,delivered,2018-04-04 23:21:54,2018-04-04 23:35:15,2018-04-06 09:37:24,2018-04-19 23:46:35,2018-04-24 00:00:00
5f540bf1c900b1734b6e0a2a86f4f08f,b59d0e3984e26ec067793eb51d7f051c,delivered,2018-07-06 17:41:46,2018-07-06 17:55:12,2018-07-11 14:52:00,2018-07-12 18:14:53,2018-07-19 00:00:00
bb5a519e352b45b714192a02ffe25681,118295a853acb536efff13740faf5be8,delivered,2017-05-31 11:11:55,2017-05-31 11:22:55,2017-05-31 11:36:15,2017-06-01 08:34:36,2017-06-27 00:00:00
9f5abaa01d419a15e448f089b1cf4b94,233d97d412c7f4bb8d857ec922c0317f,delivered,2017-10-28 12:57:36,2017-10-30 22:31:39,2017-11-01 21:41:55,2017-11-04 14:52:56,2017-11-10 00:00:00
4c66bf9c016db115ad9cffa6300cb809,1f354267f54a1ee829ee41e7e8c9bdf4,delivered,2018-04-10 22:19:12,2018-04-11 17:55:20,2018-04-12 23:24:40,2018-04-23 19:58:52,2018-05-08 00:00:00
4e1c41b2e4e98943952522feb7ea67c5,e401ddea772552c341960357949fdb23,delivered,2017-08-17 16:23:00,2017-08-17 17:05:17,2017-08-18 19:32:04,2017-08-22 20:02:25,2017-09-06 00:00:00
df207fc4a11e0b1988a438d86ccb3c1f,ef96f06bc44607e1c2f798975fcd7b0a,delivered,2018-02-22 21:45:17,2018-02-24 02:55:38,2018-02-26 19:26:51,2018-03-28 12:47:12,2018-03-27 00:00:00
624dc7bbc5e8bce830fd84e8ba75da2e,a61230748116a8921a086bb0f289d101,delivered,2018-07-22 18:09:06,2018-07-23 12:32:40,2018-07-23 14:51:00,2018-07-24 20:22:38,2018-07-31 00:00:00
905c3d04fa7c2003ae6931a5ab967ad1,e092b7d4721ed70187d8efedaab626bc,delivered,2017-06-25 18:28:33,2017-06-26 10:32:26,2017-06-26 14:40:10,2017-07-19 17:47:36,2017-07-28 00:00:00
ad0fdf82adbac10e4f1161e52433fed4,158500a241d6d6adadbab0da49ed0878,delivered,2018-07-11 22:38:38,2018-07-11 22:50:16,2018-07-13 12:07:00,2018-07-26 07:38:50,2018-08-03 00:00:00
a79cb797abc143a743a29342947938f1,57382974be066f139ebe0f3a177b4004,delivered,2017-11-24 09:59:16,2017-11-24 11:15:37,2017-11-28 20:54:49,2017-12-12 19:38:42,2017-12-19 00:00:00
2f2778a452bf4fc9d460a600c98e648c,4d2ceb17ba908d924678476c38dceca7,delivered,2017-11-30 14:39:38,2017-12-01 11:30:58,2017-12-06 01:33:54,2017-12-18 17:29:51,2017-12-27 00:00:00
ec38e40a750810e337a528576f0090e7,1612f32963e9825da1018976d1c9e8fc,delivered,2017-09-10 17:36:43,2017-09-10 17:50:36,2017-09-11 21:25:38,2017-10-11 14:17:03,2017-10-05 00:00:00
bf5fcdf1603bb35d981edec95d3ac6c8,784c407781aa34749a388c9283782b56,delivered,2018-06-18 13:18:32,2018-06-18 13:39:53,2018-06-19 14:40:00,2018-06-27 19:46:49,2018-07-18 00:00:00
a3d7554f37aea309a2f329921c2a4a87,59f4dd80d16f476dccdbe212a555896e,delivered,2017-06-26 15:58:29,2017-06-26 16:10:19,2017-06-27 14:18:57,2017-07-07 20:33:27,2017-07-18 00:00:00
329aacec1c0231ed21bb1e2f8f4dc1e0,5c72e2429dfcfb0e1ac946ff1c05a0a9,delivered,2017-02-22 21:56:02,2017-02-22 22:10:06,2017-02-23 13:59:16,2017-03-02 14:25:52,2017-03-29 00:00:00
39c438f2a835b25cd51bbd1bed5d089e,94fc7152214303f351fb2a3a171d8386,delivered,2017-12-18 23:10:55,2017-12-18 23:30:12,2017-12-19 23:47:16,2018-01-08 17:15:47,2018-01-15 00:00:00
460eec79907c666bcac2d1a397907b2b,41a060626489a94a1a50b8d5b6823070,delivered,2017-09-17 16:34:35,2017-09-17 22:35:10,2017-09-19 17:03:38,2017-09-27 18:22:41,2017-10-09 00:00:00
1d8c63ae552e28d9aab13aa5a92dc389,98a703465d366addf75344ff4d63fba1,delivered,2018-04-26 17:48:50,2018-04-27 12:51:01,2018-04-30 13:55:00,2018-05-08 22:52:02,2018-05-18 00:00:00
334bdd786e5d50231aac545ecdc7e291,18afaffac96c533eecffd4a9b2da713d,delivered,2017-09-11 12:41:27,2017-09-11 12:50:44,2017-09-12 23:06:47,2017-09-14 23:22:33,2017-09-27 00:00:00
51fedbcbd7b8a79c8af077f9a85a86cd,c25dde75cfd0b15217b50c96b57eb201,delivered,2018-05-31 19:36:02,2018-05-31 19:59:47,2018-06-04 20:33:00,2018-06-12 18:36:42,2018-07-13 00:00:00
767d5724eeed732496d987fd72755cd2,dca8bb831886a1d43676820eddda6729,delivered,2017-06-04 15:39:48,2017-06-04 15:50:15,2017-06-05 14:50:05,2017-06-19 13:12:57,2017-07-10 00:00:00
465c942a1c3029a759415e862204114f,b58a1676e51dec9ee146aa8f8a101137,delivered,2018-05-07 21:57:29,2018-05-08 07:09:49,2018-05-08 14:08:00,2018-05-09 21:22:41,2018-05-15 00:00:00
9292a5004e4adeb999700abae47eb13b,3048281f246c7e5342d10ac837c5c8ee,delivered,2018-05-30 14:32:46,2018-05-30 14:57:32,2018-05-30 13:40:00,2018-06-11 18:32:29,2018-07-13 00:00:00
f4929b75acb29f2ae641fdf4848b8ec2,94f4d0765f25acb851c5c0a5452303fd,delivered,2018-08-10 19:45:59,2018-08-11 19:45:20,2018-08-13 15:27:00,2018-08-14 23:08:59,2018-08-17 00:00:00
7af8968dd47046c37943560bd00782b6,82801873ad509974bb62f7c5fbe26316,delivered,2018-01-10 09:06:09,2018-01-10 10:31:46,2018-01-10 21:45:12,2018-01-15 21:58:20,2018-01-31 00:00:00
857026945972df7017e1a4930a8a2ada,7ebaa55d1bed516cd0311cdf0bdc9e8f,delivered,2017-08-14 22:45:01,2017-08-15 00:10:12,2017-08-15 22:02:55,2017-08-21 19:17:07,2017-09-05 00:00:00
138922735946aa65c66ca7e7bd4e5980,90d02fd307b005397290a57df5f0c986,delivered,2018-06-13 19:37:12,2018-06-13 19:59:58,2018-06-18 11:01:00,2018-06-30 00:35:24,2018-07-11 00:00:00
ff2fa4d5d45e92668ba2af1a45bfbe03,27137fd04492f317c07cabe6df937942,delivered,2017-12-07 21:16:40,2017-12-07 21:32:16,2017-12-08 19:24:34,2017-12-14 21:37:59,2018-01-08 00:00:00
d322025aff44e8bead04f4e81023ede8,237bf1bb29147868ba252c6fa367c746,delivered,2017-01-25 01:26:40,2017-01-25 01:42:12,2017-01-25 09:21:53,2017-01-26 15:34:17,2017-02-28 00:00:00
53279ed2a831a63b7a6ebb56a9097cd0,2851697223c0fcb11fd38aafc95b156f,delivered,2018-05-07 10:47:24,2018-05-07 17:56:10,2018-05-08 08:44:00,2018-05-11 18:16:56,2018-05-29 00:00:00
71b3ddf23337fe1597d27c6af949d17a,4362a6b470072e513cb7305a41985321,delivered,2018-01-10 08:50:04,2018-01-10 10:31:39,2018-01-13 02:38:57,2018-01-25 01:58:01,2018-02-05 00:00:00
ff632bc583a94f23c59db4cbaa0ba2ab,0214d81e1cb90cf47f40f5345a1a6c08,delivered,2018-05-09 22:23:41,2018-05-09 22:53:41,2018-05-10 19:05:00,2018-05-21 19:03:44,2018-05-17 00:00:00
da1b52d8581eb2f747d93ce7f77e4d87,5e8da2602df4c08e871369bab9405428,delivered,2018-03-13 09:56:31,2018-03-13 10:40:25,2018-03-13 22:12:02,2018-03-19 22:58:25,2018-03-23 00:00:00
758c123811f3da2280246ba25f4938d1,90846c8af61d95ef1e68494b650d0bd7,delivered,2018-05-22 19:45:14,2018-05-23 19:55:21,2018-05-24 14:33:00,2018-06-06 19:18:55,2018-06-19 00:00:00
c97d02761ac50ebad2f99e2c4b710976,0babcbd58b162c0717951ef799d3a3de,delivered,2018-08-12 18:56:34,2018-08-12 19:05:18,2018-08-13 14:27:00,2018-08-17 22:56:52,2018-08-30 00:00:00
465c108e33e2b7e6953f020140a457ba,46f6a5bae4ef97e9769697f718523353,delivered,2017-09-04 15:18:08,2017-09-05 20:55:20,2017-09-08 19:21:56,2017-09-20 15:58:18,2017-09-27 00:00:00
5971f2b65e9c6f58aca350ec6674905d,415b99f305c529eff05251b2b4fb0baf,delivered,2018-07-13 12:52:40,2018-07-13 13:05:17,2018-07-16 14:33:00,2018-07-23 19:22:27,2018-08-09 00:00:00
6455e8459efbeeda59bb360229b889ea,644059e43894b09e9d86ee6bd2e9222a,delivered,2017-12-12 11:35:24,2017-12-12 12:26:38,2017-12-13 21:52:30,2017-12-14 20:21:55,2017-12-29 00:00:00
a92989d6b4e63152fcafa23dfc8a2595,7256b0bcca63b09f6681ed36d917aa2c,delivered,2017-11-13 18:05:01,2017-11-14 18:07:18,2017-11-17 19:51:05,2017-11-24 20:08:39,2017-12-06 00:00:00
e354b2d0793a71a63da3f45920085835,586af8a2b104ecb53497149f1fb0cc51,delivered,2018-01-26 20:29:16,2018-01-29 07:32:20,2018-01-29 20:38:31,2018-02-07 21:43:23,2018-02-20 00:00:00
03ee63602079004d0098fecfc1d4cfe7,8d5c6965b3461f79bdbe90e8cd67407f,delivered,2017-08-15 17:08:00,2017-08-15 18:44:31,2017-08-16 15:57:40,2017-08-24 15:40:18,2017-09-08 00:00:00
9c625b12c2d0805fc7b1bcb6db555298,3eac4fe509463021a5537d4f3d4e1d3a,delivered,2017-08-30 11:08:27,2017-08-31 21:44:47,2017-09-04 22:08:16,2017-09-11 20:23:05,2017-09-12 00:00:00
95469d3451e471f3e68f18903e341d16,213a420e4bb4b2788313335599e84c8a,delivered,2018-01-24 11:55:23,2018-01-24 12:19:07,2018-01-26 19:07:02,2018-02-21 23:47:51,2018-02-19 00:00:00
6462b86adeb33354833daece8787cb69,072a4d5c91be7fd81a21c401668a27a0,delivered,2017-06-16 10:36:58,2017-06-16 10:50:17,2017-06-19 21:17:52,2017-06-26 16:22:23,2017-07-10 00:00:00
4ebc7efaeb93bd3bdb9eccaf404cd53a,edab921e9ef1edda11824a99a4fdb862,delivered,2018-06-06 23:00:12,2018-06-06 23:15:16,2018-06-07 12:13:00,2018-06-11 13:04:38,2018-07-03 00:00:00
8b5be28b78c96b28adca40358eed3d7b,4652920f1cba5bd776eb8a737b0b66f5,delivered,2018-05-20 13:38:25,2018-05-22 08:33:51,2018-05-23 13:39:00,2018-06-07 21:08:56,2018-06-18 00:00:00
c589526dcf7791fc0f41f7d0e1dce07d,adfdf9d6cc5472ac0df3d6cdc44f566a,delivered,2017-10-16 12:07:45,2017-10-16 12:27:41,2017-10-25 12:32:26,2017-10-31 17:13:39,2017-11-16 00:00:00
93a26c907f3cb027c20d10eb353ba175,bd2cdc4234461c8e50ff6b8a8f1079bd,delivered,2017-06-02 10:53:32,2017-06-02 11:05:24,2017-06-06 16:21:02,2017-06-21 17:12:17,2017-07-11 00:00:00
52993856cd387ab5a4dd553e66dbdc6c,168023e02ef320da0289c0c6ca9e82c0,delivered,2017-12-01 11:07:11,2017-12-01 11:31:01,2017-12-05 20:38:46,2018-01-18 18:53:13,2017-12-27 00:00:00
a4edc7e0283cbdee6aa06b9a75dcd5f1,94950f8967d24eec282fa9968e1fc7e0,delivered,2018-02-19 20:56:26,2018-02-19 22:26:54,2018-02-20 19:19:11,2018-02-26 12:38:52,2018-03-13 00:00:00
f206c6ef0257553e7eabe4dbb10b6787,57770afac55ad920cc32d7b4d0a1230a,delivered,2018-06-03 00:42:34,2018-06-03 00:55:21,2018-06-05 13:50:00,2018-06-11 11:12:03,2018-07-12 00:00:00
f6cb852e20e90f3e19b230d78b0bb97b,17fa3d29ccf983a44b9451716cfc859d,delivered,2017-12-07 23:34:12,2017-12-07 23:52:28,2017-12-11 19:59:42,2018-01-26 19:09:07,2018-01-10 00:00:00
435361f134c9396bdb0de6ed227fd883,d1b1ef27bb2fbdeedc8823febfcc4072,delivered,2017-07-09 15:17:43,2017-07-10 21:05:15,2017-07-12 14:52:14,2017-07-13 18:18:47,2017-07-28 00:00:00
30afdf98bd76676a199127199643a168,6c298afb86c5e59ab2304f486948f306,delivered,2017-11-16 02:19:05,2017-11-16 02:30:20,2017-11-22 18:32:00,2017-11-24 18:14:35,2017-12-05 00:00:00
9bc4a96e4a1d676280d0f8ead78ceadf,042e5efb06ce782f900f6585a4671cbf,delivered,2018-08-05 15:50:12,2018-08-07 04:15:28,2018-08-07 15:38:00,2018-08-10 18:40:37,2018-08-14 00:00:00
716f792041b3dcb9f66dab4a3d3e8e82,9251bb06afef9669c59fa288178630d6,delivered,2018-03-15 22:51:50,2018-03-15 23:11:05,2018-03-16 18:24:57,2018-03-20 00:37:42,2018-03-27 00:00:00
17035df89fe5138ee57b9c50628f4000,be15dccdf1a8a6c2af763b631cfc41aa,delivered,2018-04-02 20:33:12,2018-04-02 20:49:59,2018-04-03 19:04:08,2018-04-06 20:12:00,2018-04-12 00:00:00
3a5e6cf8d29afbbc312762c88b4a7fb9,dd88c0d649b8a0bf6cb4b24d5a4e17d4,delivered,2018-02-26 17:26:11,2018-02-28 09:50:57,2018-03-01 19:05:51,2018-03-22 00:46:45,2018-03-20 00:00:00
abaf92b4832d365e4314a162aecdb2cc,9357c546130d6ef751b30ab4d9dc5e93,delivered,2018-05-16 15:49:50,2018-05-16 16:14:45,2018-05-17 11:05:00,2018-05-22 16:22:10,2018-06-18 00:00:00
d6df48bb0f7ae326cc10448785ab0a11,b262251b73679ebd943908bf6d76649d,delivered,2017-09-10 12:49:26,2017-09-10 13:03:54,2017-09-11 19:05:33,2017-09-13 17:46:00,2017-09-28 00:00:00
7daec439cb159736ea49ba99f31b80dd,cb5335826b0ab39de2c0fcc6f6e3d7d1,delivered,2017-05-09 18:38:24,2017-05-09 18:50:12,2017-05-10 11:55:19,2017-05-15 06:39:37,2017-05-29 00:00:00
4be2788762205570f593f00139891a87,fd845a6b26fb28a1ed6c59f9a58d0cc6,delivered,2017-11-24 23:48:52,2017-11-25 01:58:23,2017-11-27 19:37:49,2017-12-18 20:29:46,2017-12-19 00:00:00
d298ea5c4ab89055dffb4f0cf994925f,f75f376e63ea2acad4426eea83792ca3,delivered,2017-07-28 18:52:58,2017-07-28 23:45:21,2017-08-01 18:06:07,2017-08-10 20:42:56,2017-08-31 00:00:00
f8fb39acd1750678fd3d2be1d4166cf8,cccc31230cccb4de694f9cbf1cb6e133,delivered,2017-10-11 10:41:14,2017-10-11 11:46:44,2017-10-13 22:57:36,2017-10-23 20:23:57,2017-10-31 00:00:00
694bcde1f9a49ffeba5da89982f7b9ae,4d54b8539ffd28f47200ad625299b839,delivered,2018-08-19 15:19:56,2018-08-20 12:11:15,2018-08-21 15:46:00,2018-08-27 23:52:53,2018-09-18 00:00:00
a588eecfb1bc607f34f657272d7f8298,9f62b8e39ba26cc2cbba47f9ef2df418,delivered,2017-11-30 14:04:19,2017-11-30 14:17:58,2017-12-04 21:18:56,2017-12-20 23:18:09,2018-01-12 00:00:00
efc62033f5121310c119db54930b84e4,27e25db300f4ce83301e6e4d6225532c,delivered,2017-10-01 05:09:25,2017-10-01 05:24:32,2017-10-02 17:32:20,2017-10-10 19:35:59,2017-10-31 00:00:00
8fe36dfd03ccfe3ed3d492c146705b9d,f18d013a75e175123bdcf626f02f8212,delivered,2016-10-09 22:34:11,2016-10-10 12:02:47,2016-10-15 09:57:52,2016-10-18 18:04:27,2016-11-30 00:00:00
efa3d5327513176bad13d0c62bb7bb1e,a650d6a91e67ab1f19e2671566a023dd,delivered,2018-08-03 13:32:32,2018-08-03 14:04:12,2018-08-07 12:06:00,2018-08-10 15:08:37,2018-08-16 00:00:00
c4ec84506bc793d3c774db9b0736d2c7,40a0950f8eea6c18a2d6a8587c195253,delivered,2018-08-18 11:43:42,2018-08-21 04:15:21,2018-08-21 15:46:00,2018-08-28 15:51:28,2018-09-20 00:00:00
44809c64bc4e272b0ffd44dcaa3beb8c,0ad5196ae2834fffcb35daba2d3304ba,delivered,2018-05-27 14:58:45,2018-05-27 16:15:01,2018-05-28 15:38:00,2018-06-11 19:20:43,2018-07-11 00:00:00
2482120dd4bce28edece66c4a4756985,d0a5cc1c6a1375f5ff65ec2ad6fac14a,delivered,2017-08-27 09:12:02,2017-08-27 09:25:10,2017-08-31 17:37:47,2017-09-05 21:52:43,2017-09-14 00:00:00
5092b6107e85dcccc67ab1ddcb04b9f4,26470d2cf0c109dcb7cc046d48779846,delivered,2018-02-06 09:14:44,2018-02-06 09:30:22,2018-02-06 21:45:51,2018-02-16 23:58:37,2018-03-02 00:00:00
04a92860751dfe7ae41f71e1228ffd18,c532a74a3ebf1bacce2e2bcce3783317,delivered,2018-05-14 13:30:21,2018-05-14 13:56:47,2018-05-24 14:26:00,2018-06-04 20:48:29,2018-06-12 00:00:00
8f4506a1cdcab32fde709a67d49778f5,36808de714cbcf20714301f22923fb6f,delivered,2018-04-21 18:24:38,2018-04-24 19:28:38,2018-04-24 19:41:49,2018-05-02 19:33:05,2018-05-16 00:00:00
a17308b84626455b4487b37d1d8e11af,70bc415c0f7643fbd89ef8097a3d7b79,delivered,2018-03-20 14:01:59,2018-03-21 02:51:05,2018-03-21 19:14:40,2018-03-26 15:22:53,2018-04-12 00:00:00
45fdf57d32ed70530cdf802610a331ce,afa3796401ef2c347fa0d96aa60730c5,delivered,2018-02-28 17:35:56,2018-03-03 02:50:35,2018-03-05 20:38:31,2018-04-05 19:36:38,2018-03-28 00:00:00
e28abf2eb2f1fbcbdc2dd0cd9a561671,b1ff51be5960d3ed39bb63679f068555,delivered,2018-04-17 21:54:15,2018-04-17 22:12:18,2018-04-18 19:24:41,2018-04-24 18:12:22,2018-05-10 00:00:00
02e3d94731a28fe10ec1aa91b72b544b,5d90c459057d56d74e1299113a657887,delivered,2018-04-29 15:32:56,2018-04-29 15:50:45,2018-04-30 13:15:00,2018-05-08 16:27:32,2018-05-28 00:00:00
1af4acf47f9833b90e3b7cb326ed85f9,5ec721f1279b850510ac109a5cad14c4,delivered,2018-05-25 14:48:49,2018-05-29 03:31:24,2018-05-29 10:31:00,2018-06-07 22:58:54,2018-07-03 00:00:00
cab041584e63bfe6a389916c8f469abc,4f11e0c0c7d456f4e5bf43b4189927e7,delivered,2018-05-28 17:12:26,2018-05-28 17:30:52,2018-05-29 09:38:00,2018-05-30 16:48:49,2018-06-20 00:00:00
93aaf8d530bf22398286f3e0dc709412,567cc1b3fda8d297071e825c702513d1,delivered,2017-07-21 12:02:53,2017-07-21 12:10:16,2017-07-26 10:45:30,2017-08-07 20:40:05,2017-08-22 00:00:00
5c3daac471748ba7152bf6760e8c12b8,909581047bbcefcdb301da7c5ce063f8,delivered,2018-06-13 11:33:32,2018-06-13 12:32:50,2018-06-19 10:30:00,2018-06-23 10:56:16,2018-07-12 00:00:00
cd4f0f2193950898c8300a435c222056,bb71bc10c4c3beaab9f410d34734805f,delivered,2017-10-21 19:54:10,2017-10-21 20:14:23,2017-10-24 18:53:43,2017-10-31 18:48:06,2017-11-17 00:00:00
477a9b413bd2c6a0ce2a9a4135e4b987,673784b5e44309bbf87ab662cf219565,delivered,2018-03-17 19:47:48,2018-03-17 20:09:10,2018-03-20 19:28:24,2018-03-29 22:46:56,2018-04-05 00:00:00
aa70246e9f9947e5a9a5e69684afe114,cbd27e89c7d9f328657dbdfe6206bf6c,delivered,2017-08-23 07:16:09,2017-08-23 07:30:17,2017-08-25 16:18:32,2017-08-28 17:27:32,2017-09-08 00:00:00
e2d2e04c2fbe085bddeb94e5196d51d3,4c6219a661d4e4bcbbce037fb7705c89,delivered,2018-06-03 21:43:41,2018-06-03 21:55:16,2018-06-04 10:53:00,2018-06-07 20:42:31,2018-07-13 00:00:00
da2875319484a07f1f78221c26e013c2,d9ac021e2e52cfdad32c8a7b27511c90,delivered,2018-05-14 09:47:05,2018-05-14 10:11:50,2018-05-14 15:04:00,2018-05-23 21:57:00,2018-06-04 00:00:00
ef445757c25db3525a25a2b9641ef288,e24bd26337fb5b09e1331622a2f0d2bc,delivered,2017-01-14 22:17:49,2017-01-14 22:25:19,2017-01-17 16:33:55,2017-01-25 15:34:17,2017-02-16 00:00:00
394959298025bc7fba4b9a6818907cfc,240735c9db4f3159b6bc634e19d32dba,delivered,2018-01-14 23:06:56,2018-01-14 23:18:26,2018-01-15 22:18:10,2018-01-20 13:35:05,2018-02-08 00:00:00
90558ff73a60e332ae75a7eef8d36b83,f20a4091c4067e44bbbb9885e0c34dd9,delivered,2017-10-06 18:44:45,2017-10-09 08:37:57,2017-10-09 21:38:41,2017-10-16 23:45:42,2017-11-01 00:00:00
d99a07d049ac5c39f6f62edba8d57721,f5fc6bc27d5c599cc9bed0a2eacf030e,delivered,2018-08-28 19:32:31,2018-08-28 19:43:57,2018-08-29 19:02:00,2018-08-30 18:22:46,2018-09-05 00:00:00
7de9039f9657626d4d91e87919a7c363,1dad9e4bede5567523c2b61690408173,delivered,2017-10-30 17:02:50,2017-10-30 17:31:31,2017-10-31 20:36:42,2017-11-06 18:09:47,2017-11-22 00:00:00
fc5940447e1729d88293fb999ad3c2da,854d301fa7b72c81edc9f4109bda89cc,delivered,2018-08-05 22:41:08,2018-08-05 22:50:16,2018-08-06 16:58:00,2018-08-13 22:09:47,2018-08-14 00:00:00
8ff11ef36366d995297165f26d073f3e,0273ad500c7050a14ee1d5a79d558605,delivered,2018-08-18 19:19:16,2018-08-18 19:30:11,2018-08-20 14:30:00,2018-08-23 23:58:56,2018-08-28 00:00:00
4e5d78056568f8ddda5520ba250265ef,e456552bac43602caab98f9beab94577,delivered,2018-02-20 15:40:45,2018-02-22 02:31:03,2018-02-27 19:22:56,2018-03-16 19:12:24,2018-03-26 00:00:00
103d0206c9c5da0f26a2bf6381c953b6,08f008821c233241d973e7307f036cb6,delivered,2017-10-09 19:59:32,2017-10-11 03:35:43,2017-10-11 20:42:19,2017-10-14 14:47:55,2017-10-20 00:00:00
360e47fcc6d138ac3f658d058fd2ffa3,2f3f9c52059b26181df228789a7725fa,delivered,2017-11-16 13:21:07,2017-11-16 13:35:54,2017-11-22 00:16:09,2017-11-29 19:48:00,2017-12-06 00:00:00
6ea34077e85038c0ecea08593783a1fd,c05d3c1fba5e86a3c980f6737860d56b,delivered,2018-06-28 19:42:28,2018-06-28 19:55:13,2018-06-29 11:32:00,2018-07-03 20:59:37,2018-07-26 00:00:00
03ef5dedbe7492bdae72eec50764c43f,496630b6740bcca28fce9ba50d8a26ef,delivered,2018-08-29 14:52:00,2018-08-29 15:05:22,2018-08-29 20:01:00,2018-08-30 16:36:59,2018-09-03 00:00:00
4b94acd672cc2977e6ee2e93ebd113ee,1658aca8e2203981e748c418abb17ec8,delivered,2017-11-30 17:46:08,2017-11-30 17:58:50,2017-12-01 21:38:46,2017-12-18 20:08:58,2017-12-28 00:00:00
87f3e0c786f2e675979bd0d0778cd9dc,1053135b5ce0836cb0440dbe51d85984,delivered,2017-11-15 20:39:05,2017-11-15 20:50:34,2017-11-17 23:39:28,2017-11-22 18:06:45,2017-12-05 00:00:00
ac2f2e895072494a73148352b30c7f7a,dd6343f8e0969d29f4949a663a7ecb0d,delivered,2018-01-26 13:36:07,2018-01-26 13:52:10,2018-01-29 22:40:34,2018-02-08 21:38:25,2018-02-26 00:00:00
7ea0da84e90dc5664dfa82a3ba9fff63,c3fd83a698a21d0b48ee2b8599a8bc25,delivered,2018-05-22 15:52:25,2018-05-23 02:15:44,2018-05-23 11:10:00,2018-06-21 00:34:45,2018-07-02 00:00:00
b509bd2eac0f3bf788f841a5cb5b69ad,93d7698c4b1a642da516347f577c4686,delivered,2017-08-09 12:29:56,2017-08-09 12:45:18,2017-08-10 19:40:09,2017-08-21 20:05:39,2017-09-04 00:00:00
6e55e4357294c390e20e59615b237026,0c84917730287c0b7fd7fb02a8389a9c,delivered,2018-05-20 15:15:42,2018-05-21 16:15:33,2018-05-22 13:55:00,2018-05-29 15:22:05,2018-06-12 00:00:00
ea9b4bd2f02654a60504474278dc2325,dbaf97669de0a14f532e1f5cd3ae9f0b,delivered,2018-08-13 20:53:44,2018-08-13 21:10:14,2018-08-15 13:04:00,2018-08-23 02:32:22,2018-08-23 00:00:00
0901f97cdb91762c043d2330c81919a4,336857dea01e0e67e04d8e9fa9b61508,delivered,2017-11-29 11:10:29,2017-11-29 11:37:26,2017-11-30 18:48:21,2017-12-07 20:07:02,2017-12-13 00:00:00
6e5f1d377726554b0f65e0efce15e195,f64470f4048d3944248bfa31f71aad09,delivered,2018-07-25 21:20:47,2018-07-25 22:24:37,2018-07-26 12:57:00,2018-08-04 15:16:32,2018-08-10 00:00:00
e257fe6c043babc3b737247f4f2a88c9,c18e8169eb0401dd69528d0706769028,delivered,2017-12-09 22:28:45,2017-12-09 22:37:22,2017-12-12 21:09:22,2017-12-18 21:09:58,2018-01-04 00:00:00
c2e858dea271d5346de79ab8859bc5d2,5780a168faf734b101f279f284e6899d,delivered,2018-05-19 09:43:12,2018-05-19 09:55:11,2018-05-24 09:27:00,2018-05-28 15:52:35,2018-06-06 00:00:00
00c95282163553a982f38481f9488481,e17b2b66a87062574242f1b20ab8b2a1,delivered,2017-08-09 18:27:49,2017-08-09 18:44:14,2017-08-10 18:58:57,2017-08-17 20:09:41,2017-09-06 00:00:00
a85e1b0e72e3d941ebc9cbdeb31b728a,e6aa70ff0bfc37d68295ff0778e5559b,delivered,2017-03-18 22:33:43,2017-03-18 22:33:43,2017-03-21 09:57:04,2017-03-23 12:07:21,2017-04-17 00:00:00
c3d4a81d37e11f1aa71ee71185d71635,d4ff9312291ec7e9043c086826070d2d,delivered,2017-10-24 22:18:04,2017-10-25 22:28:08,2017-10-26 17:58:03,2017-11-01 18:06:43,2017-11-13 00:00:00
4be4efe219340018953ef852236df257,db4bfe6f8f3a7fb9635e8b0f2219a719,delivered,2018-01-10 09:59:25,2018-01-10 10:31:48,2018-01-17 17:22:01,2018-02-14 20:53:20,2018-02-16 00:00:00
d1e07e954814a237a314e375592363b3,fe52ace3bd289465e2c38b9fc5afdbf1,delivered,2018-08-21 17:35:43,2018-08-21 17:50:09,2018-08-23 14:25:00,2018-08-30 18:41:51,2018-09-04 00:00:00
1f19936281adf37ba0593a7b593421af,d418beef9d98b3cc74bf049c41434cae,delivered,2017-06-19 17:30:23,2017-06-19 17:43:11,2017-06-20 11:27:37,2017-06-26 12:07:34,2017-07-11 00:00:00
c02e19b57ca332a2dd2e61ff8b2f07ca,2b2cdde08e3dfef7b01d635917ec54a1,delivered,2018-06-13 15:13:54,2018-06-14 02:17:18,2018-06-14 10:18:00,2018-06-25 20:17:42,2018-07-16 00:00:00
d8f68e0ae10289264edb3f3bf8cac054,af8f3d820b6f704c37c873d7a8afc374,delivered,2018-03-14 22:28:11,2018-03-14 22:50:07,2018-03-15 20:32:31,2018-04-25 00:53:33,2018-04-19 00:00:00
049ad2bf8710b108e943f5074aed4939,ef502a24cf89085171f7a1ec7625e43f,delivered,2017-11-08 09:03:18,2017-11-09 05:31:35,2017-11-09 19:17:35,2017-11-10 17:22:06,2017-11-22 00:00:00
053060b606af02b5ea4b079dd492ec5b,61527352a91ee41c02fa8c3bda8423f3,delivered,2018-07-13 09:52:00,2018-07-13 10:06:17,2018-07-17 13:18:00,2018-07-20 18:36:26,2018-08-06 00:00:00
3f264002073a8f23aa66fa3ce82cc5ce,e68818a4f1f33d497a7417c7c6bf4038,delivered,2018-03-08 17:10:28,2018-03-08 17:30:38,2018-03-09 22:36:41,2018-03-19 20:48:49,2018-03-27 00:00:00
4879204a6b45d7ba10b3d703ba460778,09f43bf7af6341180e8e334b0cd50a3b,delivered,2018-06-10 12:37:00,2018-06-10 12:57:07,2018-06-11 20:01:00,2018-06-12 18:12:50,2018-07-23 00:00:00
bee04fc605991e730c12544619d4a5ea,e635fbbf0a2c13640cd97ca7e17e1694,delivered,2018-08-14 08:21:14,2018-08-14 08:30:16,2018-08-14 14:10:00,2018-08-20 19:26:47,2018-08-27 00:00:00
1a398850849e1f3b0532d27dddacf637,f1005bace330fd90be3c5743d3eefdb7,delivered,2017-05-15 10:40:31,2017-05-16 03:15:41,2017-05-18 13:14:19,2017-05-31 14:52:15,2017-06-02 00:00:00
cb00b252d2c836eeeb1d73ec439a0849,3f4c1215f72bf4746c1cb05b436e64f1,delivered,2017-09-06 18:33:32,2017-09-06 18:50:15,2017-09-11 19:48:02,2017-09-17 13:22:28,2017-09-28 00:00:00
5741ea1f91b5fbab2bd2dc653a5b5099,879864dab9bc3047522c92c82e1212b8,delivered,2017-09-14 18:14:31,2017-09-14 18:25:11,2017-09-18 21:27:40,2017-09-28 17:32:43,2017-10-04 00:00:00
a394b2199baa9280c6febcaf0b35ffeb,e50a30de3c32f9406a7185f40ce6874d,delivered,2018-06-24 22:17:44,2018-06-24 22:38:23,2018-06-26 11:22:00,2018-07-03 17:29:12,2018-07-24 00:00:00
10710544d8adf2b743de71711a372fa2,e67be5e91fbbe07d43b7ae7263ef8b3c,delivered,2017-02-24 15:13:35,2017-03-02 03:50:27,2017-03-03 11:35:52,2017-03-28 13:43:04,2017-03-21 00:00:00
f59f19205098bc544feb263fcdc667d9,ef29f577430c38d105fd63541e21e732,delivered,2018-01-25 09:45:39,2018-01-25 09:53:01,2018-02-07 14:38:46,2018-02-20 20:13:55,2018-03-13 00:00:00
eedb09f615e5d17f4367396623933751,c5f864b059ed9bad0dff5b9e99220868,delivered,2018-06-03 17:32:15,2018-06-04 08:30:50,2018-06-04 15:04:00,2018-06-14 14:19:39,2018-07-20 00:00:00
1f6c0814bc17d77eaa0f31f053ec9ae2,44c6f24c7068fa89b2507c66b98e59f8,delivered,2018-08-07 20:25:17,2018-08-08 03:05:25,2018-08-10 15:21:00,2018-08-13 20:52:00,2018-08-10 00:00:00
4a42846a6eed9d15714fe30181399f2a,85a7452fba73610a36dfad568e8ee016,unavailable,2017-02-17 13:57:00,2017-02-17 14:05:18,,,2017-03-20 00:00:00
626def5d634d7a7c180f03cdd9178930,d88a582259b2c0a9605d0ede35c62773,delivered,2017-09-12 11:14:11,2017-09-12 11:30:31,2017-09-15 21:13:36,2017-09-21 20:03:25,2017-09-28 00:00:00
4a62fb19d5fa08fb514619dfcc617b3d,4d1bb9a4d16191ced3d0d1c473ccbc97,delivered,2018-05-09 19:23:46,2018-05-10 14:32:42,2018-05-11 14:44:00,2018-05-15 18:12:35,2018-05-25 00:00:00
f5d4aae78e79c2093f0dc0e73c34ab58,d12dde7252db0c34c17f55e2079f4101,delivered,2018-01-11 14:09:47,2018-01-11 14:27:25,2018-01-16 00:38:46,2018-01-17 16:29:21,2018-01-31 00:00:00
6b3b2c21c6f15b7203c8bb1283c74569,aac634b21f104cc454d3e9c728c92727,delivered,2017-03-07 13:28:55,2017-03-07 13:43:18,2017-03-14 07:54:02,2017-03-21 01:54:44,2017-03-28 00:00:00
e32a917953bcef4f0dc22172bb6dec57,5b454468abd90792d5ed51d37eff8d4d,delivered,2017-11-09 10:34:47,2017-11-09 10:46:47,2017-11-09 22:12:40,2017-11-16 20:08:57,2017-12-04 00:00:00
d0a2ee9c1866926b3d773366fd916e37,9af4227b61b5fdc0a5837dea799d9533,delivered,2018-07-23 16:02:24,2018-07-23 16:45:59,2018-07-27 14:50:00,2018-07-28 16:38:44,2018-08-06 00:00:00
82fbfbdb67d2e217768c85d56eeef7f9,8a9d2de58d928e3d7849f82781013196,delivered,2017-06-05 10:39:09,2017-06-05 10:50:17,2017-06-05 15:27:52,2017-06-13 14:53:10,2017-06-28 00:00:00
6334d07e554699500b61eb1cefb2d4ae,cae0b63186de49bdd6994020dfc98ec9,delivered,2017-04-13 22:31:22,2017-04-13 22:42:16,2017-04-18 14:55:38,2017-05-06 12:19:57,2017-05-19 00:00:00
573024ed8dcbdf6407432206a56fa7b9,f9ab8d437b0f992dcf5110f604ae1c26,delivered,2017-09-23 14:00:27,2017-09-23 14:10:24,2017-09-26 10:45:56,2017-10-09 19:54:01,2017-10-31 00:00:00
21422c255842f3bab2e0579133824103,f0c32313efb0b7ffa0cffb57e0d947f9,delivered,2017-04-18 11:46:09,2017-04-19 02:05:12,2017-04-19 11:43:14,2017-05-10 09:07:50,2017-05-11 00:00:00
0148d3df00cebda592d4e5f966e300cc,672510553bcfbf72de694db2cd88f046,canceled,2017-08-19 19:08:26,2017-08-19 19:24:32,,,2017-09-11 00:00:00
8b032554e12735baca24e92f1e33c000,1214e6e00eeb4df5e73fbccad87f17f8,delivered,2017-08-22 20:06:39,2017-08-24 03:10:20,2017-08-24 18:33:32,2017-09-04 21:15:40,2017-09-20 00:00:00
6265e86b71fc209d82742bcfebe33046,cb1a900268da8bd68454273b2ddddf4e,delivered,2018-08-15 12:25:06,2018-08-15 12:44:12,2018-08-16 13:56:00,2018-08-20 17:35:48,2018-08-27 00:00:00
29bf861fea8df0d2df2b141d46aea6a5,dc2328555ba9ecbc494b6e4214eefbfa,delivered,2018-04-21 17:06:23,2018-04-24 17:22:30,2018-04-23 18:33:02,2018-04-27 21:48:44,2018-05-11 00:00:00
735c5eca158eedeb927b1278f570f6ea,89ba4fbb9c87d11be1172a0eca085218,delivered,2017-11-18 22:53:19,2017-11-18 23:05:59,2017-11-21 19:26:58,2017-11-27 16:12:10,2017-12-11 00:00:00
a31edef7b507f33a0ed568753097dff0,3be03375f9b164cfe53ed22dd5c071d6,delivered,2018-02-12 11:35:27,2018-02-14 11:10:47,2018-02-14 20:38:38,2018-03-16 22:51:51,2018-03-13 00:00:00
a46e7f3658f8b1ede78bcb17c859655b,bd349dd644a066ec91473cb64c5921a2,delivered,2018-04-10 19:41:37,2018-04-10 19:55:19,2018-04-12 23:19:14,2018-05-03 12:51:45,2018-05-28 00:00:00
3ebce4ad057096fca374d43a261707b6,17077a0f55a7feffb67f37a253b7e6b4,delivered,2018-07-08 17:12:30,2018-07-08 17:25:26,2018-07-11 14:24:00,2018-07-24 17:44:59,2018-08-01 00:00:00
cfdafe1f54a0d9d24944b603b399eaf0,8e6e118324e9b1a48fb079c5eee2d6ff,delivered,2017-06-09 10:34:12,2017-06-09 10:45:47,2017-06-12 14:08:29,2017-06-26 16:08:05,2017-07-07 00:00:00
2ee09d85df9aae765e175f897b5fb99b,3779bc83dd081d3bbaca961b1239d1c9,delivered,2017-06-26 16:15:16,2017-06-26 16:25:22,2017-06-27 14:34:10,2017-07-05 17:57:28,2017-07-18 00:00:00
b02513666ca6bc4ca57d794a58854d76,b62065e6e845c47cf75747ae0d1c3718,delivered,2017-12-27 01:51:49,2017-12-27 02:09:25,2017-12-27 20:48:46,2018-01-04 15:07:45,2018-01-30 00:00:00
3d5e2d8281ca0a708b96f43898c1314e,792c801a302e9ca858e41a0f73c797e2,delivered,2017-04-01 16:18:40,2017-04-01 16:30:11,2017-04-03 15:46:11,2017-04-06 13:22:49,2017-05-04 00:00:00
32ef444756734af84aa60ffb0e56e391,0b7b49d1d52d6ad4477b62a11f9f653a,delivered,2018-01-11 21:06:46,2018-01-13 02:08:41,2018-01-18 19:13:36,2018-01-20 14:04:10,2018-01-26 00:00:00
b2355e2ae81244cdf571c90d5eb890a1,696f3523f62bb93dd3372686c4f54828,delivered,2017-11-24 09:42:33,2017-11-24 11:13:03,2017-11-25 13:08:10,2017-12-05 21:35:04,2017-12-20 00:00:00
e71a0fb0dee7e6d3258bf75dc67d7f2e,8e87b142722e70c60a9b7c42b6c3f477,delivered,2018-05-09 20:15:07,2018-05-09 20:32:54,2018-05-12 08:18:00,2018-05-18 17:22:01,2018-06-01 00:00:00
a5ec79abdf99faceb5f0c305185ef7f5,26299f241430972db79734a58139252d,delivered,2017-09-28 10:40:08,2017-09-29 02:31:14,2017-09-29 18:21:24,2017-10-09 19:53:37,2017-10-23 00:00:00
b28d8bbc74731fb20234ba949894dd13,a2c96008f123e921c843461f4d294ab9,delivered,2017-08-03 20:05:10,2017-08-04 20:10:18,2017-08-07 17:33:04,2017-08-16 19:57:39,2017-08-31 00:00:00
218359f6652231bd2360d84326ffc578,f9f1a8a4b69d608c6436c9a1b8c5849b,delivered,2018-05-09 08:28:42,2018-05-10 08:31:21,2018-05-10 16:37:00,2018-05-11 17:57:33,2018-05-17 00:00:00
e6aa236ec927bf47ea8069000e673717,1386c5914436355eefdc94c441ff15bc,delivered,2018-03-19 13:11:50,2018-03-19 13:29:20,2018-03-22 21:16:44,2018-04-12 18:29:00,2018-04-13 00:00:00
9f7db45b6f8cc96acdf9c10d8a56bf74,7dd3dafc8bc6bf2b3b62ebd463b416d5,delivered,2018-07-09 23:08:29,2018-07-09 23:25:15,2018-08-01 13:51:00,2018-08-09 18:32:43,2018-08-02 00:00:00
6c2af5efcf8e3d632c9b27ea8b422d2f,b0f4495f106f5fcd6cf25c48fd34a1f8,delivered,2017-06-02 18:53:24,2017-06-02 19:05:14,2017-06-08 07:43:54,2017-06-28 06:19:49,2017-06-27 00:00:00
1b74651a2ec8ee2d9e115d444f07f019,4e8933709a80fc862169a64907870ce6,delivered,2017-11-28 13:40:46,2017-11-28 13:50:49,2017-11-29 13:48:35,2017-12-04 14:29:00,2017-12-20 00:00:00
3ead4ba601979178b8073243e9878d9e,c77b423508bc56bde329f75c4e98f0db,delivered,2018-02-25 09:05:13,2018-02-27 04:31:10,2018-03-01 00:45:07,2018-03-12 22:18:48,2018-03-21 00:00:00
1cf4be6f1eeda2457a333fde5abf39fb,6c8876a2c918a9ba8a5b9479af7bbaac,delivered,2017-12-23 22:16:16,2017-12-23 22:28:47,2017-12-27 16:51:54,2018-01-03 16:48:40,2018-01-19 00:00:00
16ec508e18e1d4949fb54daf2539f7bd,6c8f7799a68b43732bd676927474b28a,delivered,2018-08-23 21:50:04,2018-08-23 22:04:30,2018-08-25 09:00:00,2018-08-30 01:16:29,2018-09-06 00:00:00
44d1b486970419d4e0ed66e154ece21f,34f3948e492c28ed80ffb26eb73c25cb,delivered,2018-02-08 16:51:09,2018-02-08 19:50:33,2018-02-14 18:07:21,2018-03-08 03:08:26,2018-03-20 00:00:00
2ddcc2305498e7f001b65b9c28b48072,d68b7456c437d53230a52a0cf28a6723,delivered,2017-10-21 17:23:03,2017-10-24 03:56:17,2017-10-24 20:53:58,2017-10-30 17:26:08,2017-11-17 00:00:00
1826d2a2eb6ba6e3e4da3ffd1293ba5b,f8d4fd17a8f45986298a522b397522d0,delivered,2018-04-19 15:47:11,2018-04-19 16:18:12,2018-04-20 16:56:29,2018-05-02 14:38:35,2018-05-11 00:00:00
bd5ca78c172780ac8248ce1c4df1150b,5bcdc05f48d3a5a88df17d3a90854122,delivered,2018-02-04 22:27:05,2018-02-04 22:35:39,2018-02-06 19:21:59,2018-02-14 14:56:36,2018-03-02 00:00:00
623517cfdfeda91679626490fe32aecc,1d43379f3fce2ba1a40b2f6972feb30e,delivered,2018-02-15 13:02:37,2018-02-15 13:40:22,2018-02-16 19:23:07,2018-02-17 17:18:40,2018-03-02 00:00:00
3124a5d54e93ba5ff18e0b1db8737f08,4d1a096b45676b44aed012205e9659e4,delivered,2018-06-25 15:14:32,2018-06-25 15:34:01,2018-06-26 14:19:00,2018-07-05 23:57:17,2018-07-24 00:00:00
3ab9a6bf4d756738db47d0878cdfcf5b,bdd1804f10b8848c98659a9034876414,delivered,2017-09-21 15:50:40,2017-09-22 04:17:29,2017-09-26 19:35:57,2017-10-05 21:38:24,2017-10-13 00:00:00
cc7d45cd59dd03882eebd5df8bfa1e58,dfc378a784e40949b7cc29ef22040511,delivered,2018-02-04 10:12:29,2018-02-06 03:35:31,2018-02-08 23:28:43,2018-02-14 13:43:12,2018-03-05 00:00:00
f3acc2164626450872d7ebb22d285670,3dcb7de7de626eaa7947b0726b838c46,delivered,2018-02-27 10:23:46,2018-02-27 10:35:36,2018-02-28 15:56:40,2018-03-02 02:03:28,2018-03-13 00:00:00
1d9f8648651f574a2e2e5d8728384f7d,65e8eb92d79163578ff601cd27408edb,delivered,2017-07-08 15:16:57,2017-07-08 15:30:13,2017-07-11 12:36:20,2017-07-27 17:15:57,2017-08-03 00:00:00
26c032093452825fab1ef0adcde581ac,1de5dc5b831942a9161baef126e93870,delivered,2018-08-14 16:42:17,2018-08-14 16:56:04,2018-08-16 17:15:00,2018-08-23 00:04:05,2018-08-30 00:00:00
156889c17ed038521b36aa41a165462e,255f5ed7c49a048796f68d0ef4ef6a19,delivered,2018-02-28 20:20:24,2018-02-28 21:00:27,2018-03-02 19:56:39,2018-04-04 12:09:01,2018-03-19 00:00:00
ee26d089d5c499f52c8d6849d5d437ee,befd7bd9c4690e11b74181093f0b8e50,delivered,2018-03-20 11:37:07,2018-03-20 11:55:30,2018-03-20 23:21:47,2018-03-28 01:06:57,2018-04-09 00:00:00
995ca4e760797710d04230ca83a51ea7,d5ee339324aa0689199584764bb23cfd,delivered,2018-03-19 14:33:59,2018-03-19 14:55:42,2018-03-21 17:51:49,2018-04-05 01:08:36,2018-04-16 00:00:00
72a1e974343720f13da41cea61752c70,ce7ae632446772c1abd5351d374dbf35,delivered,2018-01-06 19:07:19,2018-01-06 19:19:22,2018-01-09 00:53:46,2018-01-15 22:46:50,2018-02-09 00:00:00
d4cbc225f34eaa10be0e578f70bb915a,625dc2294db00d8b4645f702ca683210,delivered,2017-11-05 02:30:19,2017-11-06 23:32:25,2017-11-07 19:42:19,2017-11-17 22:41:32,2017-11-28 00:00:00
0446b999e57cddf002396ed4baa07074,18391e6f0c771e4f2cc815e155e61d53,delivered,2017-09-25 07:05:47,2017-09-25 07:15:14,2017-09-27 16:53:01,2017-10-02 16:29:08,2017-10-17 00:00:00
758d844e553488d2af66539369ed624a,5bae4968446165fdd4dd2d6889769ce6,delivered,2017-03-30 08:50:15,2017-04-01 09:35:18,2017-04-03 15:07:57,2017-04-11 09:44:12,2017-04-24 00:00:00
ee35bdc3d877400fe1f81cf038e84840,32b1ae50ca71feac0a21fddfa9be7d49,delivered,2017-12-06 11:12:04,2017-12-06 11:44:29,2017-12-11 23:49:07,2017-12-16 16:52:47,2017-12-29 00:00:00
5802a2af7adc078756b394ca9f492087,e9fd1771e8a7e1f2e502b27b061b15b8,delivered,2017-08-10 10:42:48,2017-08-10 10:55:24,2017-08-11 19:21:57,2017-08-15 15:52:34,2017-08-31 00:00:00
03f51c9adce893f63936c5146701aa2f,36f565da5dace4bd09fa635892eb5fe5,delivered,2018-06-17 11:03:15,2018-06-18 17:20:26,2018-06-19 12:59:00,2018-06-28 20:17:06,2018-07-24 00:00:00
1f9c4827a2d12030d6f364aa01425f65,e395ddcafe8859ae54f88bcd4fe2fcd5,delivered,2018-05-03 16:25:29,2018-05-05 03:10:14,2018-05-15 11:07:00,2018-05-24 15:35:00,2018-05-29 00:00:00
73bf036e9d518e060d6f766d816483cb,9e6da2ee3df481b6390e3d404a72b5c0,delivered,2018-03-17 15:54:08,2018-03-17 16:31:29,2018-03-19 22:55:32,2018-03-21 16:22:43,2018-03-29 00:00:00
f635c6eec2310dbda391c16a6eada675,299c412fded7334cb0c3a66d1ef90aa8,delivered,2018-07-19 14:24:09,2018-07-19 14:35:56,2018-07-20 20:04:00,2018-07-30 17:22:42,2018-08-22 00:00:00
50450e6dcc1a32535adfec1b01e88659,d2c218bda8ec8cab8e5d1930408fe95b,delivered,2017-08-25 19:17:14,2017-08-25 19:30:23,2017-08-28 20:04:02,2017-09-01 19:05:08,2017-09-19 00:00:00
1cba415ed9929ef8517f8915b418bbf4,7c029eef6932cb5c705df129bf18c52f,delivered,2018-01-02 12:31:13,2018-01-02 12:48:49,2018-01-03 17:28:58,2018-01-05 14:14:11,2018-01-18 00:00:00
dca8882f789c3caa5ae444cd8cdd1cff,680e13127e0c141850712a4d82c2b68f,delivered,2018-06-28 15:01:35,2018-06-28 15:15:14,2018-06-29 06:16:00,2018-07-09 17:34:21,2018-07-19 00:00:00
ee3485f5152cb61d512769574a0a1419,083f43233953a6a6b3a4fbf9dcf3722a,delivered,2017-08-02 14:14:24,2017-08-02 14:25:18,2017-08-11 19:40:00,2017-08-16 18:14:30,2017-08-29 00:00:00
627a881a7d2543a80dc59460ab08eaab,f848d331d15eafe396639c7ee61217fc,delivered,2018-02-08 17:36:30,2018-02-10 10:18:37,2018-02-09 22:11:55,2018-02-19 23:19:34,2018-03-08 00:00:00
f064e104da3589eb8d9fe106c866b953,bd72d6ba3c64f59c10057a5cdc6061bf,delivered,2017-09-11 20:00:32,2017-09-11 20:10:15,2017-09-14 17:52:55,2017-09-18 22:33:43,2017-09-27 00:00:00
b270827d91e9cf4071600f8ec3dbbebd,43eb99f58b7ab10c0d125728f50e9427,delivered,2017-12-05 22:43:26,2017-12-05 22:50:57,2017-12-06 18:23:29,2017-12-07 23:48:33,2017-12-21 00:00:00
e59d87da20589e83f7efa1ab9b393b4b,7cbf96a5b37e368df815f57a68a8dfa1,delivered,2018-01-28 10:53:32,2018-01-28 11:20:09,2018-02-01 01:51:10,2018-02-07 21:34:33,2018-02-22 00:00:00
0cf7571add1c69ad1e6c35589c2a8876,6b1e761a745eb03341d8158e9e9cd3d7,delivered,2017-11-05 12:54:01,2017-11-07 08:30:55,2017-11-09 20:51:28,2017-11-14 21:43:02,2017-11-30 00:00:00
664141bb6dcd20117425954f2bae35ca,c2d77b06136b5d4135a1c66f6b59e54c,delivered,2018-07-10 18:22:19,2018-07-11 09:50:17,2018-07-11 15:02:00,2018-08-09 20:41:39,2018-07-31 00:00:00
d8869b7bf74e01d8de9c3f1a58352113,4ca10045434f2376d99eb463e97a6f2c,delivered,2017-11-24 15:41:03,2017-11-24 18:51:45,2017-11-29 22:46:52,2017-12-04 18:18:03,2017-12-15 00:00:00
11642e99761a28ab38643f6a876f4e9b,7ed3bff19a3abe6e21e31d2f8f1a38e1,delivered,2017-12-06 10:56:42,2017-12-06 11:44:22,2017-12-06 21:26:47,2017-12-20 12:23:17,2018-01-05 00:00:00
b47cd76a21d19af864c8b5c8a255fc47,be2daa8c843f3bb2892dc7b6c1f4f956,delivered,2018-06-05 13:24:11,2018-06-05 14:31:42,2018-06-05 15:50:00,2018-06-12 23:24:47,2018-07-13 00:00:00
44e80ef872fd5884851e68555c2ab020,611c4ddaeae7fa4fa8e4917ea84213cf,delivered,2017-05-01 16:00:57,2017-05-03 11:35:58,2017-05-03 12:36:29,2017-05-15 13:54:00,2017-06-13 00:00:00
d455a8cb295653b55abda06d434ab492,944b72539d7e1f7f7fc6e46639ef1fe3,delivered,2017-09-26 22:17:05,2017-09-27 22:24:16,2017-09-29 15:53:03,2017-10-07 16:12:47,2017-10-30 00:00:00
56bc98e6d5b88c2cdb905f2fbec2ca3a,1ac30d3d231e7b32f3c8b1f4770f451d,delivered,2017-07-28 10:51:21,2017-07-28 11:05:19,2017-08-04 14:23:53,2017-08-11 21:57:53,2017-08-21 00:00:00
3f6dd48701c4fd8500f4c6d8862a806e,d6178ecd6b4f4ff8516d93c3229ba481,delivered,2017-11-03 17:33:08,2017-11-03 18:30:37,2017-11-10 22:05:47,2017-12-01 19:27:47,2017-12-22 00:00:00
bd2aac1b602c3145efe09bf634bacd72,a4e508e575088175d5b090b52114177b,delivered,2018-04-12 10:09:37,2018-04-12 10:32:05,2018-04-13 17:09:26,2018-04-20 00:11:58,2018-05-09 00:00:00
b24235bd2ebf1a14887ec351288351d7,2bf704d49c9b17be928e46bb9914f45b,shipped,2018-08-08 22:35:27,2018-08-08 22:45:13,2018-08-10 15:49:00,,2018-08-28 00:00:00
70e218295bdf5efe77ddb143b1b3c0b4,409021a104c22b3c6f9fad25a36f26f5,delivered,2017-12-04 11:49:02,2017-12-04 16:32:07,2017-12-06 19:08:42,2017-12-07 17:32:29,2017-12-21 00:00:00
5968eb552ac0dfa3a19e11d2190503d3,b91428fc385c2c1ace6de35869971d49,delivered,2017-05-06 16:00:24,2017-05-06 16:10:16,2017-05-12 12:27:53,2017-05-24 11:13:47,2017-06-06 00:00:00
84d7b8f09ab474f27e37c8d220a996be,a57b7535d5456cda92677d9fbf1fcac0,delivered,2017-02-28 18:07:58,2017-03-01 13:42:07,2017-03-02 12:58:45,2017-03-15 16:13:49,2017-04-05 00:00:00
fc81cb044ec3b7f1bae90870aa0db705,ce330ed29c56811fee0ee0b22a18ab13,delivered,2018-04-22 21:36:14,2018-04-24 17:23:50,2018-04-24 20:22:01,2018-04-26 20:52:56,2018-05-09 00:00:00
3385c99ff53af3e0f1115d79f6165d6f,5b1939524fc66b1be29160f5dea0055d,shipped,2017-02-04 12:58:55,2017-02-04 13:10:38,2017-03-03 12:36:00,,2017-03-15 00:00:00
3afad8990c0e0d946e5a8903ed1764da,d423c36d945d1c3d592f6e75fbd25b8b,delivered,2018-01-31 21:36:37,2018-01-31 22:09:44,2018-02-02 19:04:46,2018-02-08 20:36:34,2018-03-06 00:00:00
6e8ff76e6abbdfadc22d6569bf5b1ae8,89595847e7a6a2bbe729bf9bfaa0ea72,delivered,2017-07-26 10:51:20,2017-08-02 11:25:48,2017-08-01 13:29:53,2017-08-11 22:06:21,2017-08-22 00:00:00
d079556268ebfb6ee516faac531c2f78,d00190f9daefc365f13c8f87b1f3a17b,delivered,2017-03-15 01:20:06,2017-03-15 01:20:06,2017-03-17 10:02:17,2017-04-08 03:20:05,2017-04-03 00:00:00
37864e339894159b890ecddc8f7cc55c,febd6dd5e254743d7cf204dc53224649,delivered,2018-01-05 13:16:11,2018-01-09 07:17:58,2018-01-12 20:06:12,2018-01-23 20:04:24,2018-02-14 00:00:00
7a0ec92566b936a1e15fcf8b9f934f2c,24b168407182b01edc578f21c2dfb981,delivered,2018-05-11 18:54:55,2018-05-12 03:15:11,2018-05-29 07:07:00,2018-06-01 18:34:27,2018-06-18 00:00:00
9d2d5b1aace1a7c5fd2b594e38975fbd,0599829740d99532351d29f03033533e,delivered,2017-10-13 23:37:48,2017-10-13 23:49:20,2017-10-16 19:07:54,2017-11-01 17:27:35,2017-11-06 00:00:00
a53e05ecd2ed1f46a2b8e1f5828be7c6,addc91fdf9c2b3045497b57fc710e820,delivered,2018-01-26 14:30:21,2018-01-27 14:35:51,2018-01-30 00:41:21,2018-02-02 13:53:10,2018-02-15 00:00:00
de2198669f76c1dbd0d137f101a7d6f0,339e21440501b64f3b1efa0904eb54fa,delivered,2017-11-29 17:03:06,2017-12-01 11:31:33,2017-12-04 19:53:48,2017-12-21 19:34:55,2017-12-20 00:00:00
ad1c31ec035e55a4187e536234b28e38,a9b440dd10180f222e61cb9016eec6c4,delivered,2018-08-17 10:04:12,2018-08-17 10:15:20,2018-08-17 14:51:00,2018-08-29 17:48:42,2018-09-05 00:00:00
5c9d1c87014d033ba9f70a7fb96ba7e5,4f0aabc56eb3f3cfa1eb12bd4de97110,delivered,2017-02-09 18:39:50,2017-02-09 18:50:12,2017-02-13 16:07:48,2017-02-15 08:14:01,2017-03-08 00:00:00
3857d86e945d7a098beffbf7cbd09a80,13ff63c985eeab277068cce1ab3dbf50,delivered,2018-03-10 10:30:51,2018-03-10 11:31:25,2018-03-13 20:12:34,2018-04-04 19:11:37,2018-04-03 00:00:00
f83bde2f77db7c7343f2bd54bb17fda3,0d801865cd313be33b1ffdfac6b41936,delivered,2017-11-29 15:28:29,2017-11-29 15:43:11,2017-12-05 15:43:18,2017-12-18 14:13:29,2017-12-27 00:00:00
d02bfb7e0c24da3338699d38469e3e12,fac5e047dfe7fe85724e99ce3ff7eb80,delivered,2017-07-05 10:36:33,2017-07-05 17:37:56,2017-07-06 13:58:14,2017-07-17 22:49:35,2017-08-04 00:00:00
f29d2e7d66aaf2845c93e1fe45fabc8a,bc7bc166a8bdf0e93d73758882248ba9,delivered,2018-06-14 15:11:41,2018-06-14 15:38:39,2018-06-18 12:04:00,2018-06-25 19:58:24,2018-07-16 00:00:00
5be92ef6cf4a42ece07ad8bc3c00c70b,eb8785624bbc5262c11b11518c6b9c33,delivered,2018-06-19 20:51:45,2018-06-21 03:17:52,2018-06-21 12:44:00,2018-06-25 17:07:56,2018-07-11 00:00:00
9e563813ce9ecf0328846e51263bf069,d7946774667f603e46935b3fea376595,delivered,2017-07-18 11:46:06,2017-07-19 03:55:46,2017-07-26 00:53:39,2017-07-26 18:05:07,2017-08-02 00:00:00
b0e6a68b73514f6bc8fbc29c98b88a39,0600d98425652cf44bc48650f63b5bee,delivered,2017-11-24 19:01:05,2017-11-24 22:34:02,2017-11-28 19:18:45,2017-12-06 15:34:43,2017-12-19 00:00:00
b91df8a50223b91c469a891832f929c8,8e52ae99d17f763c99acc334f6627534,delivered,2017-11-08 08:13:05,2017-11-08 08:31:29,2017-11-08 16:52:05,2017-11-18 17:31:41,2017-11-28 00:00:00
40b1be99be1654dadd7e49f038296ced,ce915e7052985989f18b0ba2e35f50c4,delivered,2017-11-16 22:20:47,2017-11-18 02:48:30,2017-11-22 19:52:09,2018-01-04 18:08:28,2017-12-15 00:00:00
c1cf3cb3cf9e48ca06d7eb08d8b9dc0a,e97d66d68be1c0c578ac4697e6cc788e,delivered,2018-08-17 13:34:57,2018-08-17 14:30:37,2018-08-20 10:09:00,2018-08-23 23:48:23,2018-09-12 00:00:00
cc7608c05975c4f77bb4a033825096bf,9b9c1f9c9d25d25e3204b5532314a02a,delivered,2017-09-10 14:13:03,2017-09-10 14:25:34,2017-09-18 20:15:34,2017-09-26 19:25:42,2017-10-04 00:00:00
7719dd879ae3926cf395d78c4d2e3ac7,d9b7dbf7ffaea743958f87ca360d710c,delivered,2017-05-22 22:13:18,2017-05-22 22:25:17,2017-05-23 15:25:11,2017-05-25 09:05:00,2017-06-06 00:00:00
f8ad47bd9f9cbbd124d9d68f97e6c000,d1a223f47b810d4f69f95710473a7d33,delivered,2018-04-27 10:55:36,2018-05-01 06:13:23,2018-05-03 14:03:00,2018-05-14 20:21:40,2018-05-23 00:00:00
e531f04ac27aac6bf0cba03986415776,0028ff36263a86bf679df7c863a0a0ba,delivered,2018-04-12 17:16:49,2018-04-13 02:15:26,2018-04-18 21:56:39,2018-05-08 23:08:59,2018-05-10 00:00:00
cb16d44b781c5ad67de1aa0454fade88,be07e18b74c064de0313f6377d064e02,delivered,2018-03-04 14:01:08,2018-03-05 13:55:50,2018-03-06 22:19:58,2018-03-08 17:28:40,2018-03-15 00:00:00
b0d16135605a90abbfc74a9e2221ab55,1cd94d9438e7e24ac46fe5c1b90b38d7,delivered,2018-05-12 19:00:42,2018-05-15 03:55:45,2018-06-08 11:12:00,2018-06-22 19:11:59,2018-06-26 00:00:00
56eb4939c8d3115474ab6d6a17c8f5f8,bd8fb526b865b29b6f487cb18bce432a,delivered,2018-02-25 10:22:54,2018-02-25 11:00:23,2018-02-26 18:19:20,2018-03-02 12:09:11,2018-03-19 00:00:00
5d79b555805a2c67a647b4f2ed28891c,d9e37b93fff8ef5386bfbb36695cc072,delivered,2017-09-26 12:25:18,2017-09-26 13:49:26,2017-09-27 18:33:37,2017-10-19 21:22:32,2017-11-13 00:00:00
1d03e29afa208b835f77145e0348170e,c1ba1d9fcfc1dc5b48a03ab56c5e3468,delivered,2017-07-15 14:22:57,2017-07-18 05:50:21,2017-07-19 20:04:43,2017-07-28 19:42:49,2017-08-08 00:00:00
1e30314e6dd7717655ff9f2f186df393,501e72b0ab6bb25a06e35822a912a065,delivered,2017-04-22 10:30:14,2017-04-25 08:25:46,2017-05-02 13:17:03,2017-05-08 10:07:49,2017-05-22 00:00:00
6b5e3dbfa9a0da1777b2fcf36d09c0f8,6d1656cef2fba3826f10f1abb11bfd44,delivered,2017-10-08 14:24:49,2017-10-08 14:36:49,2017-10-11 22:39:15,2017-11-07 20:28:46,2017-11-08 00:00:00
e7e206c19879bfaf67b74f8a8740b21e,d41dab173ad07a8ac68cdddcc1d46bb5,delivered,2017-02-26 12:39:58,2017-03-02 03:55:40,2017-03-06 10:47:39,2017-03-13 09:03:41,2017-03-27 00:00:00
528b401a2474f3a33a3373be7a77a0cb,bc3b70c375396b2103e9a3189309a0b9,delivered,2018-04-04 14:22:03,2018-04-04 14:35:12,2018-04-05 20:38:20,2018-04-21 17:46:27,2018-04-27 00:00:00
6d5c0b87109f123898fe2dde02cebe1f,49a5030caa1df00e0bdd14302ef076a9,delivered,2017-11-25 12:19:35,2017-11-25 12:32:00,2017-11-28 00:18:55,2017-12-07 14:44:55,2017-12-15 00:00:00
df638e8bbe2b487525b22f5c7a5c9231,623a1b562fdff1fa192d04fd4272394f,delivered,2018-02-20 17:09:57,2018-02-20 17:28:07,2018-02-23 20:38:57,2018-03-06 20:32:18,2018-03-19 00:00:00
e0149a54492fa20c168e6c4929d7c53c,3e07316859116dbd247c109d58e6bdba,delivered,2017-07-05 18:17:36,2017-07-05 18:30:15,2017-07-06 10:41:17,2017-07-13 20:48:33,2017-07-27 00:00:00
450c49623c365a4edcf0c5a2c93aa7c9,5a1739996fb7a15067fa38c3a0a1097e,delivered,2017-03-01 08:08:10,2017-03-02 15:32:28,2017-03-03 13:42:55,2017-03-08 10:26:04,2017-03-29 00:00:00
cc780f51d20b4a6024436e6191c844be,fc0b8d1a8058c6d7d5caaf77fd8e8e8e,delivered,2018-03-18 16:33:10,2018-03-18 17:09:24,2018-03-20 22:58:54,2018-03-29 18:18:10,2018-04-10 00:00:00
0ece9be8cfc0d7014370475626b74cf7,24236d77a4ff02fc9acd751fd9f2ea3d,delivered,2017-08-21 00:01:29,2017-08-21 00:50:20,2017-08-22 14:03:01,2017-08-23 17:14:50,2017-09-01 00:00:00
686809116cd16f0b805804aefb0102a4,fec7723925e22866dab2debf6a38b695,delivered,2018-02-16 09:19:49,2018-02-16 10:00:27,2018-02-20 11:51:26,2018-03-24 18:38:49,2018-03-13 00:00:00
4086b35550b0ef9c5c94ef7b116fa47e,3e197a7d89cb0fefceece3f4df280f10,delivered,2017-06-04 22:40:09,2017-06-04 22:50:16,2017-06-09 08:31:20,2017-06-19 21:07:39,2017-07-10 00:00:00
e664de6693c1c46a03c7a561518546a6,88d4c18326bbe6b94df6b56706ee61e8,delivered,2018-07-06 19:06:28,2018-07-06 19:31:02,2018-07-10 14:01:00,2018-07-11 19:19:51,2018-07-19 00:00:00
204db9688bc8186b733dc3104b6616bc,448c2fc1c28370b7fd12f611282d4dd1,delivered,2018-03-26 22:10:11,2018-03-26 22:27:37,2018-03-29 01:07:44,2018-04-13 20:52:04,2018-04-06 00:00:00
b06d6a76d26b5692a9a6f974dde874ec,05f755716925c7f1c0aa42b4730e77a7,delivered,2018-05-31 04:43:44,2018-05-31 05:26:00,2018-06-15 15:01:00,2018-06-26 15:22:35,2018-07-31 00:00:00
e1cbcc0a628610d3a838acf58bb4a8a5,4aceced3f07173311e7bf932e72b2e25,canceled,2018-07-31 20:05:34,2018-08-01 20:10:22,,,2018-08-09 00:00:00
d7289e919ed445fbccb678459efd3154,3d5688f7c319b63b11b8d1c8dc5e6abe,delivered,2018-02-21 23:01:54,2018-02-23 02:10:39,2018-02-23 21:53:02,2018-02-27 19:05:15,2018-03-19 00:00:00
ee3565d2a50b87870c5b752412c360e6,baf844983ab8e47eeffa94edee0142b5,delivered,2018-07-01 15:57:58,2018-07-01 16:10:18,2018-07-03 11:13:00,2018-07-04 20:28:39,2018-07-25 00:00:00
fcafda6e35d67d0f529ae71fa9af530a,7762cccc9e7d358a7972e20199158510,delivered,2018-08-08 18:06:20,2018-08-08 18:15:20,2018-08-09 14:06:00,2018-08-14 16:48:59,2018-08-17 00:00:00
7c2235a930f355b9dc0741b70000d56c,6d8bfcc347e45c98bffc86c5f798ad85,processing,2017-09-20 16:30:26,2017-09-20 16:45:26,,,2017-11-06 00:00:00
c3484520f8dc5726ffb461d9b63e162f,65408e1b890ef91ebd20525415a75006,delivered,2018-03-01 14:31:54,2018-03-01 15:10:44,2018-03-02 18:23:33,2018-03-05 16:42:53,2018-03-13 00:00:00
c92e9f25637b9515a95acd097e7d3543,f4c1c4ebe3fe512c2ebdb3931d265c03,delivered,2017-09-18 21:30:15,2017-09-18 21:44:16,2017-09-21 15:12:34,2017-09-29 20:44:40,2017-10-10 00:00:00
3c8625b6c73f463438071d00caa35617,9fd42d4233239984476ef9a779b2e2da,delivered,2018-02-01 22:04:25,2018-02-01 22:15:24,2018-02-02 19:32:59,2018-02-09 20:49:00,2018-02-26 00:00:00
a02c551c16a4f354b94361e1c6e0e283,bf84e7f1cf36cd90c6f27186dc787abd,delivered,2018-02-17 18:32:17,2018-02-17 18:46:43,2018-02-19 19:59:09,2018-02-27 13:59:20,2018-03-19 00:00:00
c463f0035fecd4a308f67cfe0bef72a3,831cf4ed313a9240512583f43b23d20a,delivered,2018-05-09 16:09:00,2018-05-09 16:30:26,2018-05-10 07:06:00,2018-05-18 16:04:34,2018-05-25 00:00:00
67937bb4e0c9a4156fe47c89382d33e7,78b7abcd3a5388f7e44868b2a67fc36b,delivered,2017-03-22 13:49:12,2017-03-22 13:49:12,2017-03-27 12:53:02,2017-04-06 14:09:49,2017-04-19 00:00:00
3ea80782fbbd337428a6a454c4a297c3,753c1896b701191a973a7b3e7aded7b1,delivered,2017-11-21 13:01:18,2017-11-22 15:46:52,2017-11-23 17:41:09,2017-11-29 21:58:40,2017-12-01 00:00:00
470b989e6ed77b973667564551fa80b5,7107df757f0be84cb9b48fe438eaf414,delivered,2018-02-28 12:46:52,2018-03-01 02:50:36,2018-03-01 20:42:39,2018-03-09 02:51:24,2018-03-22 00:00:00
1c308eca3f339414a92e518e2a2e5ee9,e53e1eedc9ebf9fa7a3318c60ece1d25,delivered,2017-11-26 23:25:43,2017-11-26 23:34:29,2017-11-27 21:07:09,2018-01-23 14:37:27,2017-12-29 00:00:00
f2c32ffe6169d6332ed88c7d49ad6936,971f335f648423cc90e1110e518de75d,delivered,2018-05-20 11:42:05,2018-05-20 11:51:09,2018-05-21 15:01:00,2018-06-04 11:58:29,2018-06-13 00:00:00
e4e0be4d6409eac95f01919debf6ca7a,f0a51de81b61dee051392841bca48828,delivered,2017-09-11 23:21:16,2017-09-11 23:35:14,2017-09-12 20:11:21,2017-09-19 15:33:15,2017-10-06 00:00:00
4de95857f36acba5b547fa7a76e6a4c1,5b21f3f793e9f6c8211c80e123d3f434,delivered,2017-12-23 18:51:40,2017-12-23 19:07:39,2017-12-26 23:22:49,2017-12-27 19:22:39,2018-01-15 00:00:00
e9c4c61fc2e0849ca2bf702265e47c91,eeb1531ed63226d548c9a56af412d488,delivered,2017-12-17 22:41:19,2017-12-17 23:53:50,2017-12-18 20:39:00,2018-01-11 18:37:50,2018-01-19 00:00:00
2a770273775ea731f0a1f238f5c33a4f,30f5d14ca214a42c4c6a57e92e829ff2,delivered,2018-06-03 08:16:22,2018-06-05 03:55:15,2018-06-05 13:08:00,2018-06-16 17:34:56,2018-07-16 00:00:00
b64694f8da34c98dc8734f15ad74ba86,56ecd08a6f16747959f7d6dc46d559ed,delivered,2017-09-06 00:20:57,2017-09-06 00:50:13,2017-09-12 21:52:07,2017-09-20 19:19:58,2017-10-06 00:00:00
825318ce17c91088b4b6a3ece5aa5222,f2d18f78afede737e736f6aef5282bd9,delivered,2018-06-18 14:46:06,2018-06-18 15:01:55,2018-06-21 09:37:00,2018-06-26 06:24:25,2018-07-18 00:00:00
13fd69ecde7da52a8d2a2d5eb5cccf6e,2fef56c8fd7e2a7f6456659e8ff6f010,delivered,2017-07-03 20:21:23,2017-07-03 20:35:06,2017-07-05 15:03:35,2017-07-26 17:21:33,2017-08-18 00:00:00
d86151346a2ad9a3a4e6cfb4e2a885a1,2020dcad1856121845d8701ba78ccb33,delivered,2018-08-11 10:47:33,2018-08-11 11:04:36,2018-08-13 18:22:00,2018-08-21 22:18:37,2018-09-10 00:00:00
5494c710e1d7ff9770343f2abe0cf40c,f647802ba4732b3a5730faf366ae6607,delivered,2017-08-22 18:18:19,2017-08-22 19:32:36,2017-08-25 11:46:59,2017-08-29 17:42:14,2017-09-12 00:00:00
6060aa9779c52c46a9a791c79dcc4423,ed69f0bf3132bc978df5b8de8979ea44,delivered,2017-03-18 11:52:16,2017-03-18 11:52:16,2017-03-22 13:35:31,2017-03-31 15:43:23,2017-04-10 00:00:00
8d26b65d067075e451f93045b9c689db,7fad8196d25d044456634a95c6096a32,delivered,2018-03-15 22:50:19,2018-03-17 02:40:28,2018-03-19 23:34:27,2018-04-04 22:51:23,2018-04-03 00:00:00
7dddf95f24ff803266f8140883ce7f30,8ffaa0a60560ee8a123e8b7c244d82e3,delivered,2017-09-09 13:35:22,2017-09-09 13:45:27,2017-09-13 00:07:54,2017-09-25 19:34:11,2017-10-02 00:00:00
e2722b5691765b26eb6b660a88c8b3ee,6b1cc1836ba0502fe56d534182e18668,delivered,2018-04-08 11:20:58,2018-04-08 11:30:20,2018-04-10 17:11:23,2018-04-12 19:03:52,2018-05-02 00:00:00
4b019b8fe8e95fc64a3cf3793b35b852,478cd57af52b763a386a2a2fe791a230,delivered,2017-02-03 19:12:05,2017-02-03 19:25:16,2017-02-20 08:49:43,2017-03-01 16:27:34,2017-03-20 00:00:00
2ede41080a5404febc04debe6b371426,779477b9f9c25c89eede88c5a731f1cc,delivered,2018-04-17 10:14:25,2018-04-17 10:31:16,2018-04-17 22:21:20,2018-04-27 21:32:35,2018-05-18 00:00:00
d37a4faa7cb8cd88246d73aee035a327,cb119e28018ffea7a8dc693d1aab7322,delivered,2018-06-05 12:01:37,2018-06-05 14:31:49,2018-06-07 11:45:00,2018-06-13 19:32:03,2018-07-17 00:00:00
6b0918aeb353fa97d8df7b685c19e14f,81396cde975bc2d2d859247510aa71e0,delivered,2017-02-06 13:33:16,2017-02-07 03:55:34,2017-02-08 14:58:48,2017-02-15 10:38:42,2017-03-15 00:00:00
321ccf646a619a8fc722779075ecc6aa,37a3b6f55eb0ce7f84258e3bae2a3c98,delivered,2018-02-06 16:56:23,2018-02-06 17:11:29,2018-02-07 18:48:44,2018-02-09 16:19:16,2018-02-22 00:00:00
60a7df16f9a8d8f38bd974b8a873167d,9a02295e3381803554347ab4dc1ab41b,delivered,2018-07-26 01:27:57,2018-07-26 01:35:10,2018-07-26 15:16:00,2018-07-30 21:32:51,2018-08-16 00:00:00
9de93c000ca70a1ffac63cefe715bdf2,5d26e3331c75b8be22b3c9e169ff0ebf,delivered,2017-03-01 17:15:10,2017-03-01 17:25:18,2017-03-03 13:05:51,2017-03-14 08:42:19,2017-03-28 00:00:00
1ed074db777e37c2621de389c076fc8a,3171bb44b50cefec7f8643a28e1a0343,delivered,2017-04-03 21:22:16,2017-04-03 21:30:21,2017-04-10 11:01:55,2017-04-18 12:53:59,2017-04-28 00:00:00
d3f309d85c6d6cbd2a1775f23a5ce401,ec6a5b8c7710f3a29f879151cb3338b1,delivered,2018-02-24 08:58:07,2018-02-24 09:07:55,2018-02-26 13:49:03,2018-03-14 21:22:39,2018-03-21 00:00:00
ced336e4408b7aa8e70c72bc5bd87b30,21a0fe1b8065d698dae75d6d25e8dd80,delivered,2018-04-11 19:59:37,2018-04-11 20:11:16,2018-04-13 01:22:44,2018-05-03 22:59:48,2018-05-02 00:00:00
a66c9de993519a5f2d17c79d7e3a247f,a6e4791b144cd68bab4be0e640e230ea,delivered,2017-12-10 17:31:54,2017-12-10 17:50:33,2017-12-12 22:32:45,2017-12-18 22:13:49,2018-01-04 00:00:00
0c433b41ac4f5739f4c65e19bbdc8208,bdfcde44c62495b7eeb742881cc8a4a3,delivered,2018-01-09 21:05:46,2018-01-10 20:57:26,2018-01-12 23:25:53,2018-01-24 21:44:52,2018-02-01 00:00:00
8a1f6fa828ef936fd572951d408841bf,0fa5c9cb31322dbe498b9e2fb4ee05e2,shipped,2018-05-09 20:53:45,2018-05-09 21:15:19,2018-05-14 14:24:00,,2018-05-24 00:00:00
ac2ab574a89794ee4da739e33c7023b0,ed7e6711e28e714c0f736356d4b7d889,delivered,2018-03-17 19:48:38,2018-03-17 20:08:03,2018-03-29 20:17:36,2018-04-02 20:09:36,2018-04-16 00:00:00
79eb12da9830f52ecee0bfda719fbefe,b040c88f891090ad0e7f55f789d6ed90,delivered,2017-11-01 09:04:26,2017-11-01 12:45:11,2017-11-06 19:22:13,2017-11-13 19:57:10,2017-11-24 00:00:00
9b81902439f42c509c4bf03acd8fb9d4,e645a6eb0c85a032c56e3a2170f90c3f,delivered,2018-02-16 19:56:16,2018-02-20 07:27:02,2018-02-21 23:17:12,2018-03-06 19:56:45,2018-03-08 00:00:00
bba6bf145227da52495f05a3623a5e20,1573438472daa5bd90e4ec252b6e04b8,delivered,2017-11-29 13:16:14,2017-11-30 02:25:37,2017-11-30 14:04:48,2017-12-14 13:42:12,2017-12-20 00:00:00
e9a21226714589b1cb43d10c0a8cfb15,c74f90c33e410e49b09295977ad0e632,delivered,2017-04-12 16:58:36,2017-04-12 17:10:16,2017-04-13 13:43:18,2017-04-17 18:30:11,2017-05-11 00:00:00
24940b9866fb7ad55814fd366494b280,116d78f44108f799b1b11514ef84a6f5,delivered,2018-06-14 22:48:28,2018-06-14 22:57:00,2018-06-19 14:10:00,2018-06-26 20:22:09,2018-07-18 00:00:00
1a1e19dbf8fabee87a30637487e4ddb7,f777c63e2d9f75c61f37b77360d2eef2,delivered,2018-08-13 12:19:12,2018-08-15 03:31:44,2018-08-15 14:51:00,2018-08-16 19:19:27,2018-08-20 00:00:00
0858c9b11272c041d6de2fdcdbc392f1,ef183189c0523a0c16c6d32c5e73ef62,delivered,2017-04-08 19:28:28,2017-04-08 19:42:23,2017-04-11 09:02:19,2017-04-17 14:51:41,2017-05-02 00:00:00
7446025306e883cf5f81d6a59b52a77a,59211ee5ee45529e88e15aa981413567,delivered,2018-06-06 10:14:54,2018-06-06 10:31:27,2018-06-13 12:51:00,2018-06-14 15:52:23,2018-07-03 00:00:00
9577571b6dff4b75d5015aad1bd7c2d1,d54a719d682be793981617390e7098f0,delivered,2018-01-23 17:53:22,2018-01-23 18:16:27,2018-01-24 18:16:56,2018-02-01 20:29:14,2018-02-16 00:00:00
faa0a8e07c82b4188dac82ef1d170979,9be47708361b959a33fb0b2a537c02ef,delivered,2017-11-25 00:23:59,2017-11-28 04:31:17,2017-11-30 19:28:54,2017-12-15 19:51:54,2017-12-19 00:00:00
0035c0b07126fe9c24a325216fb96064,c8c4991d84dbfef1f61c6152486db6d4,delivered,2017-11-24 01:08:37,2017-11-24 01:29:45,2017-11-28 17:17:17,2017-12-07 16:59:21,2018-01-03 00:00:00
c1f7501bdc05e68361a9d1c71ef75dcc,c028679f52ba4535e788d2d70f32d7cd,delivered,2018-07-30 16:51:36,2018-07-31 04:31:33,2018-07-31 15:39:00,2018-08-01 19:18:48,2018-08-03 00:00:00
676932c5bc4092decfc9c84b4cb34055,fd3af103b28dd473810b5f00d7f43226,delivered,2017-12-29 15:47:50,2017-12-29 15:59:31,2018-01-02 22:19:45,2018-01-10 22:08:34,2018-02-01 00:00:00
c44883fc2529b4aa03ca90e7e09d95b6,ed9928905c52127d7f9dfbff8229255b,delivered,2017-07-17 22:44:24,2017-07-18 22:50:11,2017-07-20 15:27:40,2017-07-21 16:56:22,2017-07-31 00:00:00
0f4825e873a47ef50f834a027fe4bf06,182f5011e168ab826a44acefe1b0cb10,delivered,2017-11-12 06:23:38,2017-11-12 06:30:27,2017-11-14 21:44:45,2017-11-25 01:48:31,2017-11-27 00:00:00
2e557b5d820cbc4f2f0e25b3867f8033,04f3a7b250e3be964f01bf22bccdc602,delivered,2017-04-29 22:33:10,2017-04-30 22:42:42,2017-05-09 11:11:21,2017-05-18 08:34:48,2017-06-01 00:00:00
77e5da65e4012cf642b5c84559cad7a2,3ed7cba4a47a679b4da80166f85dee5f,delivered,2017-10-24 18:46:36,2017-10-25 02:28:17,2017-10-25 16:20:01,2017-10-26 12:57:47,2017-11-06 00:00:00
d060362f5f96859d8ae1ad639492c123,e21780b844c6bad5d56646808db6b5f1,delivered,2018-05-18 17:46:53,2018-05-18 18:19:09,2018-05-23 13:01:00,2018-05-24 16:38:45,2018-05-29 00:00:00
ced9efa04f0d7b0543fa0d8ab9472a6c,c83e383ad11fc7197adf9a062293f188,delivered,2017-11-06 11:36:06,2017-11-07 07:30:31,2017-11-08 20:29:20,2017-11-13 20:32:42,2017-11-24 00:00:00
3c0683f600fc10b269b333bbfba07813,fff89c8ed4fcf69a823c1d149e429a0b,delivered,2017-12-16 12:53:03,2017-12-16 13:11:08,2017-12-18 18:08:07,2018-01-03 15:14:44,2018-01-16 00:00:00
360d1b0085f85a626f77b5fe558e8ae8,33c7436be4e08a85eb14b56f24f4506f,delivered,2018-07-18 12:10:39,2018-07-18 12:22:21,2018-07-18 14:09:00,2018-08-01 21:04:13,2018-08-03 00:00:00
6b7d50bd145f6fc7f33cebabd7e49d0f,4f2d8ab171c80ec8364f7c12e35b23ad,delivered,2018-07-29 09:51:30,2018-07-29 10:10:09,2018-07-30 15:16:00,2018-08-09 20:55:48,2018-08-15 00:00:00
0392bc239ce28b0377e6b3073df2c674,bf33e19935f4274841aad728f5f91d06,delivered,2017-07-13 10:47:14,2017-07-13 11:03:58,2017-07-14 16:25:51,2017-07-24 17:43:50,2017-08-04 00:00:00
ea5f0ecb07aab01d50c4a3089bb010c7,e499450a060a376c46c82653e112e81d,delivered,2018-02-04 23:55:29,2018-02-06 04:32:33,2018-02-06 18:07:22,2018-02-15 18:48:27,2018-03-08 00:00:00
d79454599de55e5f2f3bbf01e51f6cd5,744e512de8ebc8f28c301d0c4e874293,delivered,2018-05-18 15:52:25,2018-05-18 16:17:32,2018-05-22 06:15:00,2018-06-05 19:46:48,2018-06-06 00:00:00
459bf040bdb67f151841bbf50f9b10e8,ef928bde12ccdb30b55573fc20f02990,delivered,2018-08-09 18:22:42,2018-08-09 18:35:24,2018-08-14 13:09:00,2018-08-17 20:22:36,2018-08-15 00:00:00
ade793f46228acd3a7b6fd69a7311a93,c1a9ab96fa235b6202c6fad797dff6e2,delivered,2017-10-03 18:17:22,2017-10-04 18:14:24,2017-10-10 13:58:32,2017-10-19 17:05:59,2017-11-01 00:00:00
1194026a5099a99736bc99ca91903fb4,03ff9a2b7490e86627370e4a04864beb,delivered,2017-08-12 19:17:44,2017-08-12 19:35:10,2017-08-14 20:07:51,2017-08-19 13:57:28,2017-09-01 00:00:00
8ff3300441375a48890e65ad8d06233b,37aed206805d3581cf77ea31a79beeff,delivered,2017-12-19 19:43:44,2017-12-19 20:48:28,2017-12-20 18:29:27,2017-12-28 14:59:10,2018-01-08 00:00:00
24c88e563ba8b5ed9b8b9ca7b72f3016,33b194055962ef1fc958b5ce53d6c48f,delivered,2018-04-08 09:54:08,2018-04-08 10:10:12,2018-04-12 03:02:34,2018-04-23 16:02:26,2018-05-08 00:00:00
6c6fb863836061fb0284ba91069f6200,ed67e157e536aaf41a97aea9c5b1e15e,delivered,2017-11-29 12:53:30,2017-12-01 15:19:17,2017-12-06 22:14:41,2017-12-21 01:45:04,2017-12-20 00:00:00
fe575916daa713f9830a8b7362121621,e2020bee31eda61095a0bd6a93cf9b7d,delivered,2018-03-28 11:08:29,2018-03-28 11:28:00,2018-03-29 00:51:01,2018-04-06 20:08:36,2018-04-16 00:00:00
f9b7d4be1a26d7a0017957e6a6f26e01,fef5bebfcd96024d880aa6a0b9b16cd6,delivered,2018-04-07 19:30:06,2018-04-10 03:35:27,2018-04-10 19:08:52,2018-04-27 17:26:45,2018-05-02 00:00:00
0c06a823dbc08a3948528a087cc01906,180bbae17bfa825b909b9daf2217d77b,delivered,2018-07-28 20:32:42,2018-07-28 20:45:12,2018-07-30 14:06:00,2018-08-01 15:38:40,2018-08-10 00:00:00
311a55e7e3386e44b73ace3d2fa51d6c,b4ed914db06c9bfc5e7ab07f09a3ee8e,delivered,2018-07-31 17:36:05,2018-07-31 18:20:08,2018-08-01 13:17:00,2018-08-04 15:46:31,2018-08-10 00:00:00
ed82480721701337227c1ab978712087,c1bdc290c9ae68e5f0825b2dfed4d422,delivered,2018-04-09 14:15:24,2018-04-09 14:31:33,2018-04-11 16:10:59,2018-04-17 22:05:19,2018-05-02 00:00:00
1ade84aca2a23a5b07101e2c8db4f120,6de415323c0f244a419ad9485ae825ec,delivered,2017-11-29 11:26:28,2017-11-29 11:38:04,2017-12-04 20:28:47,2017-12-18 17:53:47,2018-01-02 00:00:00
1dc44ddf13d4ec315adcfc2afafb9a0d,e8719e0c76755bafff0f1c61e131fd2c,delivered,2017-12-18 21:34:21,2017-12-18 22:35:24,2017-12-20 20:28:40,2017-12-21 17:58:16,2018-01-10 00:00:00
9bf1ceb820bc945c03785708af99d14a,2cf9e0cdf87e31f8f72fdf33448e3453,delivered,2018-02-04 11:42:16,2018-02-05 11:51:48,2018-02-06 23:18:35,2018-02-21 22:13:23,2018-03-02 00:00:00
ad18d4d14b15eb7a3c5270067c1ae24a,89622b9cbcb1818eb3f182e5d7be488a,delivered,2017-08-18 12:54:20,2017-08-18 13:10:09,2017-08-21 20:03:44,2017-08-22 19:38:16,2017-08-31 00:00:00
bb874c45df1a3c97842d52f31efee99a,1afe8a9c67eec3516c09a8bdcc539090,delivered,2018-07-28 00:23:49,2018-07-28 00:35:19,2018-07-31 15:57:00,2018-08-07 19:28:41,2018-08-22 00:00:00
6363b59d2e7f542672e0f11910c0c708,cf5c87f52f4f9d68b80bbaaea6afcb67,delivered,2017-07-18 17:47:55,2017-07-18 17:55:21,2017-07-20 16:02:22,2017-07-26 10:42:10,2017-08-11 00:00:00
e0f3cd25b704e2b54b5837d443087ba2,a68b51c78cf1152a678a8c76f6fa10e2,delivered,2018-04-23 17:55:31,2018-04-24 18:46:41,2018-04-27 14:28:00,2018-05-04 18:05:34,2018-05-09 00:00:00
790cd37689193dca0d00d2feb6459164,53e76dd2ac2339c712daa2fe769dad51,shipped,2018-08-10 15:14:50,2018-08-11 02:45:23,2018-08-13 13:44:00,,2018-08-17 00:00:00
6d415687ad03111662fbfc54c811414e,e65b23752b414a312194a5086c8ba7f5,delivered,2018-08-18 11:11:55,2018-08-21 04:35:32,2018-08-21 14:39:00,2018-08-28 17:18:28,2018-09-19 00:00:00
e04f1da1f48bf2bbffcf57b9824f76e1,0d00d77134cae4c58695086ad8d85100,invoiced,2016-10-05 13:22:20,2016-10-06 15:51:38,,,2016-11-29 00:00:00
66db3ce2f1e6eb13f708e0bdda31c70c,352438065e364ccbd52f9663df267493,delivered,2018-04-04 17:38:39,2018-04-04 17:50:38,2018-04-06 22:48:34,2018-04-12 16:22:36,2018-04-23 00:00:00
bd6732607590d3b24eb163bcc2085997,6e7381694150328ecc07a8c28148c02d,delivered,2018-05-31 11:05:48,2018-05-31 11:35:11,2018-06-01 14:12:00,2018-06-07 19:44:37,2018-07-12 00:00:00
d5de523ef823dfdb68b1509abd0f64f2,311f42c5d087ceb28e115741e1087d03,delivered,2018-05-16 15:22:50,2018-05-16 15:59:16,2018-05-18 14:40:00,2018-05-22 22:42:41,2018-06-01 00:00:00
d7e46fa6ab3491ceca084b0552086f93,1c9f03e36fc2fa3e359357778a093419,delivered,2018-04-19 13:45:44,2018-04-19 14:12:42,2018-04-24 20:36:40,2018-04-25 21:11:42,2018-05-08 00:00:00
6ea6774abec27440369c7282c5511cc6,be961156244f41bb0728342afdc122e2,delivered,2018-03-21 20:21:35,2018-03-21 20:35:36,2018-03-22 22:54:31,2018-04-11 20:22:03,2018-04-18 00:00:00
d66cdd2dee90bc354ba79f909e9dfda4,249ead6a60c68710994208dc93955831,delivered,2018-07-26 14:16:04,2018-07-26 14:25:10,2018-07-26 15:45:00,2018-08-02 01:46:47,2018-08-17 00:00:00
7fc36388c29601f1be9fbfe28a1e26e4,6f7d4a89a940f3d8dec53e27caf707d3,delivered,2018-04-13 17:11:41,2018-04-13 17:31:54,2018-04-16 15:18:32,2018-05-03 17:04:29,2018-05-23 00:00:00
92fca7ed7b7df4695007bd7f227e3333,f489ef69fc07eee23f1ef2732df1c8f8,unavailable,2017-02-01 12:03:36,2017-02-01 12:15:56,,,2017-03-03 00:00:00
bf4e96c11d738938b690d9995d6d5204,78298369ff18562343a2b8d69cca93ec,delivered,2018-01-30 18:55:51,2018-01-31 18:50:21,2018-02-06 16:42:26,2018-02-10 16:52:51,2018-02-15 00:00:00
374287ecf047f9180fdb554bc4ae1c1d,f253023c8f1e0fa8abc68b0180cf96a8,delivered,2018-02-23 17:19:34,2018-02-23 17:30:58,2018-03-01 00:33:43,2018-04-03 13:04:18,2018-03-28 00:00:00
e444dbf63e18f98c43c81f5ccc7ef8a0,267d85c043aaf0dfbf9b0211546e7a0f,unavailable,2017-09-25 12:12:02,2017-09-25 12:25:45,,,2017-10-30 00:00:00
4a0d967d4e5675eeabeef5ed2d185520,ff43182cf77e7ee5609976d3f7a7bade,delivered,2017-06-14 20:01:23,2017-06-15 03:05:47,2017-06-16 15:11:39,2017-06-27 15:30:01,2017-07-07 00:00:00
277630ca53de43c81908ab9b5eb121a9,f599c364c91e59fb2243c0130907706e,delivered,2017-08-14 21:59:40,2017-08-15 03:50:24,2017-08-15 18:27:54,2017-08-17 17:17:27,2017-09-01 00:00:00
7654e85433112b2a5cf2b51f1124d0c5,5b570df1f1def219b8c7f269b3eb3c23,delivered,2018-03-09 17:09:12,2018-03-09 17:28:48,2018-03-10 14:22:01,2018-03-27 23:42:34,2018-03-28 00:00:00
d79b5d99bedf3d553349fb878a6da83b,7ace58bfbc93c19579f9d4585743abcf,delivered,2017-06-03 17:52:47,2017-06-04 18:02:21,2017-06-06 09:33:53,2017-06-08 14:17:54,2017-06-20 00:00:00
805559bf950cf417d71f74d0d92b4302,977470fbc9b23aea3861a0defe6027ff,delivered,2018-06-05 11:43:25,2018-06-05 14:31:45,2018-06-06 08:16:00,2018-06-08 22:28:36,2018-07-25 00:00:00
3e01e667dc4b025af8c5eb4f606cc7a1,cbec6c6e7a388dcb6c91bf4919a1f66e,delivered,2017-02-03 21:22:15,2017-02-03 21:35:16,2017-02-06 11:36:39,2017-02-12 10:34:00,2017-03-06 00:00:00
1a8727bd046055a86c1103773d39bcf0,a86517d8f9ce5bfd926863eaeaa748bd,delivered,2017-11-01 13:06:34,2017-11-02 02:16:33,2017-11-03 20:34:42,2017-11-08 17:58:51,2017-11-22 00:00:00
fdff9c6a7acb0e02d1cea8d18811e251,eddc5297a74164ee82529b15e8357af7,delivered,2018-06-19 14:10:30,2018-06-19 14:37:39,2018-06-20 13:03:00,2018-06-21 19:03:20,2018-06-29 00:00:00
3ba5e1e9d44fafee8e7ec732a7503aa5,3dad616569d948fff5ee591c673f36d8,delivered,2018-06-06 17:33:25,2018-06-08 03:15:21,2018-06-08 14:11:00,2018-06-15 18:52:45,2018-07-18 00:00:00
73f9e828566dd0de47c067e6ec94c989,ef14b2612bcb6c6c79574ab9caee3a97,delivered,2018-06-21 09:08:51,2018-06-21 09:43:01,2018-06-22 14:33:00,2018-06-25 14:12:27,2018-07-05 00:00:00
a72cf1dee03a23942590dff282e7182f,1add0e650dfd0225736b13fd211566f3,delivered,2017-10-09 08:20:21,2017-10-09 08:38:25,2017-10-09 14:11:10,2017-10-10 14:42:44,2017-10-25 00:00:00
6e43eea0e8d014e2f6256da2a78ff5e7,5dd88d3417105c3064d64b64b8163712,delivered,2017-09-13 16:18:30,2017-09-13 16:30:22,2017-09-15 13:52:41,2017-09-27 18:05:29,2017-10-03 00:00:00
1f4ef92fe96573c57bbdf0fd5c284459,3ac5bc758161afdfbbea6eaa4c27996b,shipped,2018-08-04 16:03:47,2018-08-04 16:15:18,2018-08-06 13:09:00,,2018-08-21 00:00:00
904a8c5eecb566b06d4737b0cde3e0ab,6d911daa38cfeec4a1151bbd94910101,delivered,2017-07-14 00:04:50,2017-07-14 00:23:56,2017-07-14 17:41:10,2017-07-24 21:42:41,2017-08-11 00:00:00
efb26ebfb1e2ef4c7cc691d05bae1e2e,f6978bd4f963e719065c053b7cea7aca,delivered,2018-01-02 11:39:42,2018-01-04 05:10:15,2018-01-12 22:53:04,2018-01-15 21:09:20,2018-01-26 00:00:00
222fd80282b4b53ba4affcabaaea6b31,7d2e9de299e7087ef52d931eae2f2345,delivered,2017-05-10 09:00:07,2017-05-10 09:10:17,2017-05-12 08:43:28,2017-05-22 13:39:38,2017-06-07 00:00:00
a77da241d61b2939dba10220b807d732,6f71921817fd1f04aa328382f160d42e,delivered,2018-06-21 09:08:51,2018-06-22 02:58:22,2018-06-22 14:40:00,2018-07-02 18:38:41,2018-07-24 00:00:00
af09d050740a057296c4ef35838ef579,fc3e75a78502d98c1eae2422411256ac,delivered,2017-11-11 13:49:53,2017-11-11 14:07:24,2017-11-17 19:09:36,2017-11-30 19:54:01,2017-12-07 00:00:00
4eae2c0464a15323f650d829daf9b778,959652be1aeb349fb1f6b3851b02cde8,delivered,2018-07-23 23:36:10,2018-07-25 02:45:12,2018-07-25 11:32:00,2018-07-30 17:08:37,2018-08-13 00:00:00
889d938cda41ef5efe5e59f2d72506ca,a82cf4c2ad9b46f2272edf04fcc4a861,delivered,2018-05-27 23:03:32,2018-05-28 22:55:15,2018-05-29 13:30:00,2018-07-12 09:48:55,2018-07-20 00:00:00
adaf76b089579f5134e94eb39a7a6d55,5543b7f4e465ff9ec17e580054c06f03,delivered,2018-05-01 18:05:37,2018-05-01 18:15:21,2018-05-03 09:37:00,2018-05-07 23:46:23,2018-05-18 00:00:00
babcb908e411ea7b016add4ba7928922,a4406af7a4cc74fff4ab8ba1d52a9aba,delivered,2018-05-12 23:00:51,2018-05-12 23:16:38,2018-05-21 16:33:00,2018-05-24 15:43:41,2018-06-01 00:00:00
3437696fd6e7ed0db729224d21959bc9,f206315b02656d3adf91b65e35b7a70c,delivered,2018-03-07 20:20:25,2018-03-07 20:30:50,2018-03-08 19:09:48,2018-03-28 23:43:25,2018-04-02 00:00:00
b4c45d4cc2a2e24e10d4e20bae928819,5feeb43744a61e50a53346dc3169225e,delivered,2018-03-03 21:40:09,2018-03-06 03:49:33,2018-03-06 20:27:46,2018-03-16 17:51:45,2018-04-05 00:00:00
3ea264e36baf2f2275cdcfbd1b96a4aa,b7f58105406451f1b16a368b61cf1ecb,delivered,2018-05-15 00:45:45,2018-05-15 01:16:09,2018-05-18 17:14:00,2018-06-12 23:05:23,2018-06-05 00:00:00
c7b1a19d2ae06ca24586ea3d67fb4f38,18fe87412cc8e7c9979f992b9af7a19c,delivered,2017-12-11 11:17:25,2017-12-11 11:31:48,2017-12-11 20:23:06,2017-12-22 23:42:22,2018-01-05 00:00:00
297d104669f1daa3d656ca1bd1c34750,0cf58b15631312d9ec4e4468d68b07c6,delivered,2017-10-02 16:59:23,2017-10-04 02:56:46,2017-10-04 16:10:19,2017-10-20 20:13:58,2017-10-27 00:00:00
1d2cab957f150e9edeb3e456cef96882,f92c779f378ec9d9e214e32c3780bbff,delivered,2018-02-09 18:03:13,2018-02-09 18:20:31,2018-02-15 15:54:46,2018-02-21 19:36:43,2018-03-05 00:00:00
c738d688c1adff662d0e0e01f8ba756d,d84f2788580b9d5e4b1e36d9af83adbf,delivered,2017-07-19 20:59:24,2017-07-19 21:10:14,2017-07-25 12:33:58,2017-07-31 17:13:26,2017-08-10 00:00:00
bfe28aa1dfc04a7e2d243e25622e2c58,b6ee80458bce711275a5831a1af07048,delivered,2018-04-29 20:05:30,2018-04-29 20:15:30,2018-05-02 12:26:00,2018-05-10 18:52:17,2018-05-23 00:00:00
ad850e69fce9a512ada84086651a2e7d,30bb84b541c96af98ba7d90b9ebf35d0,delivered,2017-11-21 17:23:04,2017-11-23 02:36:26,2017-11-23 20:38:26,2017-12-07 14:47:05,2017-12-13 00:00:00
9d7ecf49e46ed6b1d5caa034b87404a5,e3f00fa1b62f66c2a2165901f56e7be5,delivered,2018-08-02 14:14:32,2018-08-02 14:30:44,2018-08-03 15:46:00,2018-08-06 18:16:27,2018-08-07 00:00:00
49aa82d12066e455617693a42d2b8bb2,5c8d317f3565842d664a1a822d033123,delivered,2018-01-02 20:58:27,2018-01-02 21:15:25,2018-01-04 23:32:50,2018-01-16 22:25:07,2018-01-24 00:00:00
b7f955dbe116a63ae780222ad1b1da01,34888597ccda0c851b4e75fae74363ae,delivered,2018-07-20 13:27:57,2018-07-20 14:05:13,2018-07-23 09:10:00,2018-07-26 16:56:34,2018-08-17 00:00:00
8385aedfa19a31e7d4871586bd47de2c,ce303f783b5f596243cf7100d6b848a6,delivered,2018-01-16 21:22:59,2018-01-16 21:32:02,2018-01-17 18:56:39,2018-01-26 22:05:14,2018-02-08 00:00:00
215081bdcfcac0c856994ef5ad2fba20,b6e8ea3ec16b6ac5bc9207ad90b855cb,delivered,2017-04-04 10:53:00,2017-04-05 06:35:15,2017-04-05 16:07:37,2017-04-15 13:37:42,2017-04-25 00:00:00
c4a28e8e313a4ec9ad2af047a0e564f7,042fe32d398b84650560f12af71f911c,delivered,2017-05-06 19:15:33,2017-05-06 19:25:09,2017-05-11 13:16:48,2017-05-16 10:23:46,2017-05-31 00:00:00
a0a4f45a87d4f0655d00a76cd579651e,35de4cef6b0866a231557cdb5a0ec4d6,delivered,2018-07-29 17:19:10,2018-07-30 18:31:05,2018-07-31 14:18:00,2018-08-09 03:28:38,2018-08-28 00:00:00
d4b3b00396bf3d72f49b2e06219f385e,60febc34fb19061d99caf9ddf1f6a4d3,delivered,2017-12-05 09:51:41,2017-12-05 11:12:13,2017-12-09 09:58:35,2017-12-15 20:37:03,2017-12-28 00:00:00
f73f8b967be6b99c1a6aa84ace884e28,a40d46b45a96f651215b87fab01ba7b0,delivered,2018-08-08 15:52:44,2018-08-08 16:05:17,2018-08-13 14:17:00,2018-08-16 13:32:13,2018-08-27 00:00:00
b063bf13bfec7c847d7a6bdb54554c00,9116afdef84d57d567a2d87cc9dd12bc,delivered,2017-01-17 23:37:51,2017-01-17 23:50:17,2017-01-18 10:07:14,2017-01-25 13:53:45,2017-02-27 00:00:00
b43889e8181d41782f7b8489b1500fef,86ee2f815eb7f2cc1b4277e578c36805,delivered,2018-08-02 22:07:34,2018-08-04 12:05:18,2018-08-06 11:07:00,2018-08-09 19:57:35,2018-08-13 00:00:00
70824d82746ebb9193cceee2e1bc99d8,7f57408abbbc33ddc3d6a0072e87da0a,delivered,2017-10-12 14:04:33,2017-10-13 14:14:30,2017-10-17 13:44:14,2017-11-08 16:09:06,2017-11-09 00:00:00
3c01ff78a2f337f911274be0d0338656,ac16695d0fab1a5e22f7416bd75d325f,delivered,2018-06-16 23:42:25,2018-06-16 23:55:11,2018-06-18 14:42:00,2018-07-05 07:02:52,2018-08-06 00:00:00
be86cba0a64e59a003b13aa28388d3c9,9723953949c0de9858c86afaaeea8077,delivered,2018-03-24 22:14:30,2018-03-24 22:28:14,2018-03-26 23:58:54,2018-04-02 18:55:57,2018-04-19 00:00:00
05bfcf9e287cad216cadb8a850f8db5c,51cc1e38d0489d588d7a687da73b2458,delivered,2016-10-06 10:47:15,2016-10-06 16:05:51,2016-10-30 10:54:35,2016-11-07 11:18:58,2016-11-30 00:00:00
809fc33617d44c48deb9b253aa7397ac,8e8d5b0eed17edbb9c3e920358c415f4,shipped,2017-11-25 18:01:26,2017-11-25 18:12:37,2017-11-27 12:59:23,,2017-12-15 00:00:00
12222b95d3464440506ffeede2239765,3dcab09df0adbfd87b7b49acae4d0a38,delivered,2018-05-08 15:43:43,2018-05-08 15:51:41,2018-05-09 11:17:00,2018-06-07 21:05:17,2018-06-11 00:00:00
97826eac2ea69cbcffac7c3358a19138,b164311fb207ff095a8aec678688c763,delivered,2017-10-21 20:19:39,2017-10-21 20:35:23,2017-10-25 22:47:49,2017-11-06 19:55:46,2017-11-29 00:00:00
338e0ac6db07e9a09668f8369d86877d,dc2d0dfac2b00a63f53a12dd3baae308,delivered,2018-02-13 00:38:22,2018-02-13 00:50:23,2018-02-20 21:56:33,2018-02-21 23:15:03,2018-02-26 00:00:00
31e919190f59dd6dde547000ab20a612,f6e64070970103cd567436eb89a2ea55,delivered,2017-08-05 18:24:31,2017-08-06 06:43:35,2017-08-08 18:07:02,2017-08-23 18:53:45,2017-09-11 00:00:00
a86ad6bfca543eb89c02ccd35b2d4099,3e66e1da69ab2a97a145d1cdd6294dbb,delivered,2018-05-02 16:42:56,2018-05-04 03:51:53,2018-05-08 14:14:00,2018-05-14 20:20:38,2018-05-22 00:00:00
9a56a27f9e40fe95b274a5e618b798c7,ea0a2eb375d81472344130f077f297a4,delivered,2017-10-15 13:46:36,2017-10-15 13:56:22,2017-10-19 12:03:28,2017-10-20 17:03:46,2017-11-01 00:00:00
b72a28958acaa4abcff7b24c1b517c42,cb831c015f5b26cae7cda73671c7510f,delivered,2018-06-17 20:41:05,2018-06-17 20:58:36,2018-06-18 14:58:00,2018-06-21 16:54:32,2018-07-17 00:00:00
81992009e7e97ec49b43657ece731404,f2868f631fdb3641e73597e907963008,delivered,2017-09-14 18:46:57,2017-09-14 18:55:23,2017-09-15 20:07:55,2017-09-22 12:16:09,2017-10-04 00:00:00
a4f1baba644a021e811a8fd82e838984,1b234122220bf26fb3bced29ba32645e,delivered,2017-09-07 10:37:05,2017-09-07 10:50:14,2017-09-11 14:51:54,2017-09-15 19:51:24,2017-09-26 00:00:00
1b145bc82eff392da7924ddff9acac50,3f4c8d285dc22c878bfdd36be3fe2dbb,delivered,2018-02-09 21:41:44,2018-02-09 21:55:29,2018-02-15 17:20:47,2018-03-07 21:56:51,2018-03-07 00:00:00
63c65ef108b5fa957ead39600d605868,689d34f193887d19a45f5a32f47c717d,delivered,2018-01-20 22:55:20,2018-01-20 23:20:09,2018-01-22 18:03:43,2018-02-06 13:49:51,2018-02-16 00:00:00
714d9fe4cfc8fdfedd10c4a30abd4f34,538ef759aab2dc4b84994589b92e3ef5,delivered,2018-06-13 12:16:02,2018-06-13 12:36:48,2018-06-14 15:55:00,2018-06-19 14:45:43,2018-07-05 00:00:00
8527d5d408bdfbb716c2b89012db58ab,58f9233ffdbba4b15470ef0aedfee9cf,shipped,2018-02-25 19:55:29,2018-02-27 04:31:01,2018-03-01 00:52:41,,2018-03-21 00:00:00
d416617c5fada61b01ff48ec39b4ca46,19ec7d6fa6f155e51e054bcb66bd48d7,delivered,2017-08-04 14:38:18,2017-08-04 14:55:19,2017-08-04 21:14:02,2017-08-16 19:56:36,2017-09-05 00:00:00
53de14b6f2880327550fe827416010c8,36af88cabadf5aaad3a1eaf6dfa9547f,delivered,2017-10-26 20:53:06,2017-10-26 21:07:43,2017-10-27 18:32:26,2017-11-07 15:51:32,2017-11-21 00:00:00
e59e9afe2a1001d3d088289b474366e7,cac263b2a577e832774e02b3071322df,delivered,2018-05-07 21:48:47,2018-05-08 04:31:54,2018-05-09 14:43:00,2018-06-02 11:32:21,2018-05-30 00:00:00
2c19f031e843a243a60bdff55edc668e,97c16231065a73051157a67b66fdf34f,delivered,2018-03-22 18:59:38,2018-03-22 19:15:27,2018-04-03 20:13:12,2018-04-09 21:05:52,2018-04-09 00:00:00
86c1a3ab2128e2448cecac7f29c5d48a,ebf535c9aa84f7018700a1ea1552d44e,delivered,2017-05-22 12:39:43,2017-05-24 03:05:31,2017-05-24 10:45:02,2017-05-30 08:14:57,2017-06-16 00:00:00
01ed8d522a969ceeb6ba285a161bf4c9,6b1d775b2094e9c5a3a86e9e8fe01b3f,delivered,2018-05-13 17:58:56,2018-05-13 18:13:28,2018-05-15 11:00:00,2018-05-18 17:42:45,2018-06-07 00:00:00
ef118656ef537afb61840ff77a86a067,1958f99bfcd054e50319b5a07a44df24,delivered,2017-03-06 11:34:20,2017-03-06 11:43:04,2017-03-09 06:34:30,2017-03-13 08:14:48,2017-03-30 00:00:00
b08b60cece524686b12c2201f977ba42,4f81711673621b442e519f4635670126,delivered,2018-01-14 13:00:17,2018-01-15 12:50:52,2018-01-16 19:37:25,2018-01-26 23:42:35,2018-02-08 00:00:00
c58f1f94f5d3c37128710cee5f687598,516edd7c653a89039877ad28c3b34fa7,delivered,2017-11-24 00:32:41,2017-11-24 01:10:11,2017-11-24 15:21:39,2017-12-05 18:15:48,2017-12-21 00:00:00
de260560dd72236bfe5c3c4a7a7053ab,d0953b063ad351d135287e685464d29f,delivered,2018-01-26 13:37:11,2018-01-26 13:52:18,2018-01-26 21:27:27,2018-01-29 18:49:25,2018-02-09 00:00:00
73d68ef344ebda9bf0c80b7e3ed70e45,2aa26f091cbe1ebe446df78de1628f34,delivered,2017-09-07 18:41:13,2017-09-09 04:50:19,2017-09-13 21:22:52,2017-09-19 19:37:46,2017-10-03 00:00:00
d0160c63f4290593b0d35f6e2045e693,b082b15e882634934fd91c73e4c057e0,delivered,2017-12-10 13:02:05,2017-12-10 13:10:23,2017-12-11 21:28:50,2017-12-18 18:58:09,2018-01-05 00:00:00
ba75b10a16e530cca75088408909b325,fe7374607781a49ec88f4f6e274f5ee5,delivered,2017-12-02 15:06:45,2017-12-02 15:17:21,2017-12-04 20:42:19,2017-12-18 19:43:49,2017-12-28 00:00:00
b33f9582323f5ebe1c82f0ab04b03734,582762f6f5415d10a1513f9fd9c074a8,delivered,2018-02-25 22:52:03,2018-02-25 23:07:56,2018-03-02 02:09:00,2018-03-03 16:58:37,2018-03-12 00:00:00
09744659d8e64274cf91bb288d9c3aec,75321717fe3af2a3148090d18c699f9d,delivered,2018-07-16 12:41:30,2018-07-16 12:50:19,2018-07-20 16:08:00,2018-07-30 15:39:20,2018-08-09 00:00:00
c2132e2cae45a1362b9d3496c25c5783,8a7cf4cea62052d36e74d823a5044ada,delivered,2018-08-19 09:52:55,2018-08-20 11:10:24,2018-08-20 13:55:00,2018-08-23 17:02:51,2018-09-04 00:00:00
cd80f267aabc7357c2caaa8848e1cd3c,a19cfe9d36bd6c3ad4e4cee2d165d366,unavailable,2017-12-07 12:26:00,2017-12-07 15:21:55,,,2018-01-02 00:00:00
3f0cb8f5398fd5dc8e3b02e308391a63,f1033bafb0691b4ad24836f8f058ec64,delivered,2018-06-06 13:29:57,2018-06-06 13:53:36,2018-06-07 14:25:00,2018-06-12 01:34:50,2018-07-13 00:00:00
c49e86b525c30f1b55eaf9abbc9837a6,8fa9f17f7cc7af41d068b9b3f8df51e8,canceled,2017-12-06 19:29:14,,,,2018-01-04 00:00:00
f79a35da168301ae56922475da21117b,70bc4d9cf2bbeea3f7b09798370f5884,delivered,2017-05-02 20:18:45,2017-05-03 15:15:13,2017-05-04 12:05:22,2017-05-10 09:33:48,2017-05-26 00:00:00
35e3eedfd9714f8e56fee1b037cbb5d6,8651f8ac963881cbe37ad5f57f94e220,delivered,2018-05-20 12:55:50,2018-05-20 13:10:31,2018-05-21 08:37:00,2018-06-04 23:12:06,2018-06-11 00:00:00
0905da36ee109b78ec1a3c9e089148a0,e95fd5cca40cc862687dda4846f9ac00,delivered,2018-04-24 23:24:26,2018-04-24 23:35:13,2018-04-25 12:04:00,2018-05-11 20:23:45,2018-05-29 00:00:00
204393e6bcdb657eac91e88061a0f21e,d827f9b2a25d6b42cbb4e758256e6b5b,delivered,2018-02-22 21:30:26,2018-02-22 21:48:26,2018-02-24 01:13:15,2018-02-27 14:04:31,2018-03-08 00:00:00
79177aaac7c3c0dd8e8a84db027512a4,8cd118ecfb9703463ef9670b1d18a26e,delivered,2017-10-17 11:12:57,2017-10-19 03:15:05,2017-10-19 16:10:37,2017-10-23 17:05:25,2017-11-06 00:00:00
e63e244ec02470ece2ac502d7548e3fd,34b10ac8b6807ba32d473de41885b2d3,delivered,2018-03-11 20:51:27,2018-03-11 21:00:44,2018-03-15 21:32:18,2018-04-10 21:03:31,2018-04-02 00:00:00
7970159f69f09e481001d678e5365a1c,c9729b100379c44cff2f36b45708e1c9,delivered,2018-04-03 11:02:44,2018-04-04 11:10:17,2018-04-05 22:33:14,2018-04-16 21:21:52,2018-04-23 00:00:00
eeba00e11fa68a44e8f8ea73e40da5b7,c5f083ee29fbad8f643af08c74fc8ed5,delivered,2017-12-26 16:25:59,2017-12-27 04:07:35,2017-12-27 19:23:03,2018-01-09 01:38:20,2018-01-19 00:00:00
4055525efb230dfd940236b7888f2012,a801360fcad89119ab97d96f5818e379,delivered,2018-07-19 11:18:36,2018-07-19 11:30:34,2018-07-19 14:17:00,2018-07-23 23:41:51,2018-07-27 00:00:00
407ee2ab7ff5d2026801ff24b7b7cb7d,b44e5afe91c6078c9d08afdf11501c47,delivered,2018-06-27 10:33:34,2018-06-27 11:15:56,2018-06-28 09:31:00,2018-07-05 19:58:32,2018-07-20 00:00:00
1d534aca5a08cf7ab416a278efb8fc4d,aa9b819478f905f30084bbe6bf305687,delivered,2017-12-26 14:47:27,2017-12-26 14:59:23,2017-12-26 22:26:39,2018-01-04 12:09:33,2018-01-24 00:00:00
5e5f65b0204e38a3cfa1ef11f4fae391,5c4512b7818056950a47e3a97e43977c,delivered,2018-07-17 16:51:15,2018-07-17 17:05:18,2018-07-18 12:00:00,2018-07-23 22:16:54,2018-08-01 00:00:00
b53a9de5d97ba2bdb4053685fb09446a,1a419460caa1db06caffab0a3299514e,delivered,2017-02-07 18:32:13,2017-02-09 02:45:48,2017-02-09 09:44:17,2017-03-02 13:44:15,2017-03-08 00:00:00
036bbb637f99f662c928d303d461ffe1,4b4a571ee8ef4a370a0cc9402b6a5744,delivered,2018-03-20 11:52:52,2018-03-20 12:10:37,2018-03-21 19:04:21,2018-03-28 21:05:16,2018-04-09 00:00:00
34ca4adf4033386240f7ac16f25b14c1,0f2091dc4350fae3b3ce7b81a55c86b1,delivered,2017-11-28 21:19:11,2017-11-28 21:36:37,2017-11-29 18:37:07,2017-11-30 22:31:59,2017-12-12 00:00:00
52a547866cd2082c600fb72eced19331,0bf644fc54b89e3ba5b32c2b9e618de6,delivered,2018-05-16 15:02:31,2018-05-16 15:19:36,2018-05-16 14:29:00,2018-05-21 16:53:46,2018-06-05 00:00:00
fde1f9f7f42a794aed395c97703ed5b3,42b34449473b9f9a218abf52d52751f7,delivered,2017-08-01 15:04:25,2017-08-01 15:15:23,2017-08-02 16:27:48,2017-08-09 17:54:28,2017-08-23 00:00:00
5d85e4fe11a0d403cf1313108b0ee754,8eeafc4a2696a4673ec4e0dbdaee54d1,delivered,2017-12-25 12:05:50,2017-12-27 04:07:30,2018-01-03 18:33:50,2018-01-10 16:44:06,2018-01-15 00:00:00
92d132b6237a2bb7de6b7eac0f203773,78634da98b79b4c53d247cf3afa889c5,delivered,2017-07-29 13:22:44,2017-08-01 11:25:16,2017-08-03 19:45:35,2017-08-05 14:42:40,2017-08-14 00:00:00
2a3a8593aad8c5ddedc827304dfedbab,9175f906b8ad6c804df1837458e0da1c,delivered,2017-07-19 19:43:14,2017-07-19 20:03:10,2017-07-20 18:25:39,2017-07-21 20:27:25,2017-08-01 00:00:00
069ba523744cdda8bdd148d748540487,49f17fca0708821d89d63803a5a2f954,delivered,2017-06-11 19:53:34,2017-06-11 20:10:11,2017-06-12 14:04:21,2017-06-19 19:22:41,2017-07-21 00:00:00
e04c11c5ac536f27f78b55aa30441f62,890452f55598c5ac58e2c80ddc815521,delivered,2018-03-30 14:08:28,2018-04-03 05:28:24,2018-04-03 21:35:42,2018-04-06 22:21:47,2018-04-18 00:00:00
92a507a7a3a1fa4b94cdeb6699913e0d,abbf9da820977da7a8e301a49d2fae98,delivered,2018-05-08 21:30:40,2018-05-09 02:54:10,2018-05-09 16:32:00,2018-05-14 12:43:33,2018-05-28 00:00:00
73dc3e4baa93bb0d493ffa7a8d1ffad3,e5d1ab1c3818782836ea04640e49ce0d,delivered,2017-06-01 18:05:01,2017-06-03 02:25:33,2017-06-05 13:21:46,2017-06-12 10:57:34,2017-07-05 00:00:00
32c618cf9e5152197af878badcd117cc,f4d7ceb33f4d29c6d2550c6f4d3e3f3c,delivered,2018-07-12 00:11:40,2018-07-12 00:26:06,2018-07-14 09:03:00,2018-07-24 18:58:24,2018-08-06 00:00:00
cb5e3bc1eaa293a7b2f0d73d90eda3cc,8554e010542e6c6e1764aa22d5d5b3b6,delivered,2018-06-16 21:16:56,2018-06-16 21:36:58,2018-06-19 13:05:00,2018-06-22 17:40:57,2018-07-19 00:00:00
a77c21d752d5b237bed9d74c9d94bb20,3419efae8346d22881e9f6f4a8d61e17,delivered,2018-03-23 15:07:52,2018-03-23 15:28:55,2018-03-26 22:08:57,2018-03-29 17:57:48,2018-04-05 00:00:00
6a83f35521f0a1aa4761cc22f5d9241e,0c3f1f9eb96b95c93273ec13bc77bf94,delivered,2018-01-06 19:01:42,2018-01-06 19:13:27,2018-01-08 22:52:41,2018-01-12 22:17:47,2018-01-24 00:00:00
bf7c86cebc16ca0d9ab2d92aed45a246,63eb9f915c5b93b3b133e075be8cc12d,delivered,2017-04-09 12:12:18,2017-04-09 12:25:54,2017-04-10 12:33:14,2017-04-20 09:43:11,2017-05-16 00:00:00
7c6b6a9c3d77dcb56f9d216b3edbb1a9,6d85a3ac7c668a1b826400ae9879c06e,delivered,2017-02-15 09:34:07,2017-02-15 09:45:14,2017-02-15 14:18:31,2017-02-24 10:28:59,2017-03-16 00:00:00
3fe0e2ede93f661b59fb83477ac2695b,35c305ab657a51a698c1abd317c59db2,delivered,2018-07-10 18:10:30,2018-07-13 16:07:22,2018-07-12 10:45:00,2018-07-14 02:10:27,2018-07-25 00:00:00
320dcf288de15e4ff06ebbfce4e42c78,02ae654741ad895368bd9ffc371893e5,delivered,2018-08-26 08:40:36,2018-08-26 08:50:10,2018-08-27 14:53:00,2018-08-30 17:38:41,2018-09-10 00:00:00
43cc1b49644de5e13af22777e83a7808,c02ecc12c729541a4fcce88b8f42391d,delivered,2018-02-03 13:49:34,2018-02-03 14:10:09,2018-02-06 16:51:53,2018-02-14 19:38:42,2018-03-06 00:00:00
f25cd2e8e004f00c140fe6a5da9e336a,ad246c27f1d7a8e342b64ced001e13c7,delivered,2017-03-04 15:45:01,2017-03-04 16:03:20,2017-03-06 11:10:28,2017-03-17 14:22:36,2017-03-27 00:00:00
7b125fa63a2a6d7655d17e58155c0017,440e07eadc5effdb7040206e0347de7d,delivered,2018-03-26 16:08:59,2018-03-26 16:29:06,2018-03-28 00:58:33,2018-04-04 23:12:30,2018-04-12 00:00:00
a94dbde6685583673685c6ee9a80359e,a67e116c2eea1eb8a3e8d670bd093026,delivered,2018-05-15 14:27:05,2018-05-15 14:55:13,2018-05-21 09:45:00,2018-06-05 18:14:42,2018-06-19 00:00:00
e4dedbcf41b39d53b8ac735d22ce670c,cbd56f1f7c2f1d3c0adcdddce4a4bd42,delivered,2017-10-12 09:34:58,2017-10-14 18:33:51,2017-10-20 19:58:10,2017-10-25 19:55:18,2017-10-31 00:00:00
04c3f7aeb511208363bae893105bd410,dfeb892a28d77cb8432b1c0c402bfcc8,delivered,2017-07-05 13:05:53,2017-07-05 17:42:58,2017-07-13 20:44:53,2017-07-21 19:31:58,2017-07-31 00:00:00
1d28088d0d3f5967393dad85006377b2,a8f4082789d3e57641eb1b6a881d95a0,delivered,2017-10-04 13:20:09,2017-10-05 03:04:21,2017-10-06 21:22:42,2017-10-11 17:13:24,2017-10-23 00:00:00
6d60fdb8565707824a98431255d3183a,dc275c5e585b7c3a3cddef527e34fc19,delivered,2018-05-25 06:19:37,2018-05-25 07:06:30,2018-05-25 08:43:00,2018-05-29 13:28:50,2018-06-13 00:00:00
ed8ea0a2a84f051dc83699eb389facb1,e60baa4442cb2a2f5e3c4fbad4dc16b5,delivered,2018-07-28 13:12:52,2018-07-28 13:31:42,2018-07-30 13:52:00,2018-07-31 18:38:28,2018-08-02 00:00:00
c6f6cbb3c845593222d5c594bb69c5fd,c19f7da4784ab55d1332e7ebf7132534,delivered,2018-08-26 13:33:43,2018-08-26 13:45:17,2018-08-27 14:06:00,2018-08-30 17:08:43,2018-09-13 00:00:00
fcbe557f2bb4cd2409d67dec35a1e6f3,972b98e458def47c41a327df83f788bd,delivered,2017-08-21 14:19:27,2017-08-21 14:30:24,2017-08-23 20:14:04,2017-08-28 18:49:59,2017-09-13 00:00:00
cb8e4e4edadcee29ddbe43c4d2396db7,d701f7351d75e7346ed793164c4cf9cb,delivered,2018-07-31 08:45:06,2018-07-31 09:30:42,2018-07-31 14:54:00,2018-08-06 16:02:50,2018-08-20 00:00:00
ee0a25ec12376692fee5a7d0613f466e,544c58d4cdf2d598c7146aecaca5f86c,delivered,2017-05-23 22:21:30,2017-05-23 22:35:15,2017-05-24 13:56:51,2017-05-29 11:01:32,2017-06-19 00:00:00
1722c7033df589c35fdf704cd5a8779d,ca36659b8e9c66b7e767d492fa167e79,delivered,2017-03-17 18:04:36,2017-03-17 18:04:36,2017-03-22 06:44:33,2017-03-27 15:28:20,2017-04-12 00:00:00
787bfd3b90a91fda23d2e58665f5e1ac,b6989f57cde250a32b82bddef73c3c84,delivered,2018-06-21 13:48:11,2018-06-21 14:22:02,2018-06-21 14:01:00,2018-06-28 22:21:51,2018-07-20 00:00:00
946a24e6c014fe25b4af2d002c1b0594,8be9edf093070963f58d76ba9333ceca,delivered,2018-02-10 12:06:03,2018-02-15 03:47:53,2018-02-16 23:08:08,2018-02-27 19:26:51,2018-03-22 00:00:00
16e59b28d489ea6bc1f2f9a7057740d4,25efef823626e7fa4e74f0bc9db133d1,delivered,2018-06-10 13:54:25,2018-06-11 16:20:19,2018-06-13 13:04:00,2018-07-04 11:32:34,2018-07-12 00:00:00
0c73113256d69beb31380c221529f19b,33728393eaaf9ce7c3ba59d63f31c26a,delivered,2018-02-09 11:37:38,2018-02-10 11:30:28,2018-02-14 20:03:30,2018-02-16 02:36:58,2018-02-23 00:00:00
d736797e446b9c7bc072d55b49748180,bd7f6754b4afe66c8b504002385e9079,delivered,2018-04-28 11:48:26,2018-04-28 12:13:20,2018-05-03 14:03:00,2018-05-14 21:58:25,2018-05-25 00:00:00
2e355f2c21d0eadf3b8202cb969363c7,567edfb9219ec706653d253ba2759119,delivered,2018-05-30 23:21:36,2018-05-30 23:35:23,2018-06-01 11:53:00,2018-06-07 19:16:36,2018-07-04 00:00:00
4f155f7ed209d3dd23bd51cf0e7a4c03,0761d6eaeed45df14fb10a8f42fa1d63,delivered,2017-06-26 16:05:09,2017-06-26 16:23:24,2017-06-27 15:40:02,2017-07-03 14:57:38,2017-07-14 00:00:00
a34ed5f2bd7e75fc794ebabd8d4f1041,647ec85c95efad786c21bc2ec967de35,delivered,2017-04-16 22:43:43,2017-04-16 22:55:14,2017-04-18 15:44:28,2017-04-24 15:16:45,2017-05-11 00:00:00
0d8fd53f6fe12430bce52454cc326f8e,6e598f3c0385872adbba24dab664282f,delivered,2017-12-02 11:18:55,2017-12-02 11:38:27,2017-12-13 22:05:01,2018-01-23 18:38:37,2018-01-11 00:00:00
a80d60911463339180881ccd9364d98f,4bc5b288fb0dc9643111cd35867e87ca,delivered,2018-02-04 20:43:02,2018-02-04 20:56:12,2018-02-07 01:42:21,2018-02-23 21:53:43,2018-03-08 00:00:00
8b4b66868641eb5fc2bc090dc4f702f7,4785f22240da3deb7f7f1fa70664fd83,delivered,2018-08-15 12:09:22,2018-08-17 03:29:44,2018-08-22 13:47:00,2018-08-27 14:56:51,2018-09-19 00:00:00
b12c008387c613526c4560e87f3f0dbf,14f4838109a4347385f8b3e8e8aff0ce,delivered,2017-06-03 21:21:30,2017-06-03 22:00:10,2017-06-06 09:26:53,2017-06-12 12:37:47,2017-06-26 00:00:00
50a1538292e8bbc31cf380994d1848f3,263fb62b2a4c23ef3bd03103e04b8cae,delivered,2018-04-12 14:56:02,2018-04-12 15:35:23,2018-04-13 17:42:26,2018-04-24 22:24:47,2018-05-10 00:00:00
6a07987ebcaf841bbb554ee257052acf,243292e3a15c617b5ea3ac0cb388c9a4,processing,2017-11-12 19:43:04,2017-11-14 03:55:25,,,2017-12-14 00:00:00
61c52217b9686dbe5382a3affae85cfc,470ec70c00d665d4842f4b0b63ceaed7,delivered,2018-07-06 13:29:24,2018-07-06 13:51:27,2018-07-10 11:22:00,2018-07-27 21:31:26,2018-08-01 00:00:00
80fe5b2fe4869330fabbceea5e5e7c0c,efb399989df3fa489f07cf50a7673566,delivered,2018-07-22 18:14:45,2018-07-24 08:31:42,2018-08-02 14:41:00,2018-08-10 17:14:25,2018-08-22 00:00:00
83167649ca3fb63d1a7daada42232e14,03a6f3a3935165f5d26f4797ba6039bb,processing,2017-04-06 17:11:06,2017-04-07 03:10:48,,,2017-04-27 00:00:00
98f7b0bbb8eebba6398ec18bf1a8cf12,b88afe0826aaebcba526212089e2244e,delivered,2018-04-16 10:18:15,2018-04-16 10:32:33,2018-04-16 19:54:25,2018-04-20 20:46:46,2018-05-09 00:00:00
ae9c4f04442a554b5659e9521a00c455,bf945cd9ac7c849a7aa0ff130b2b3647,delivered,2018-01-07 15:03:38,2018-01-09 07:15:48,2018-01-09 23:29:25,2018-01-29 16:58:52,2018-02-02 00:00:00
b360e877916b9d6b03877df56551e4dc,f376d698bdb7db52c83a8aaccf765d87,delivered,2018-07-03 12:52:33,2018-07-05 16:27:53,2018-07-03 15:44:00,2018-07-11 15:58:43,2018-08-03 00:00:00
a7a43f469c0d7bdb0a23a82db125aefa,d7c95dc1ece116c14188092ead3d0951,delivered,2017-08-21 13:00:05,2017-08-21 13:15:11,2017-08-22 20:43:40,2017-08-28 19:07:55,2017-09-18 00:00:00
d00c0296f63ccdcf9062c425887095e6,4b63e580a723f5f78ecf8f0d4c81890a,delivered,2018-08-01 22:10:36,2018-08-01 22:35:17,2018-08-02 10:01:00,2018-08-07 16:42:17,2018-08-13 00:00:00
5f4232203a9f7cd910b49787d7f32437,c6793321bb9d2c481ce86d3bc984e110,delivered,2018-07-30 17:49:02,2018-07-30 18:30:54,2018-08-03 14:57:00,2018-08-09 19:42:50,2018-08-24 00:00:00
306e0ad52724751e50e96b6afeed27bb,ba3c543c2b495c38f9dc47b4814c7b32,delivered,2018-05-18 00:32:00,2018-05-18 03:56:22,2018-05-18 14:57:00,2018-06-05 17:49:28,2018-06-05 00:00:00
ee88361b6c2439393e5eae2c0685acbf,1d437a0b38b3fc4a4c47c0adce4a11ff,delivered,2017-12-23 16:28:54,2017-12-27 04:14:47,2017-12-28 00:32:46,2018-01-17 15:55:25,2018-01-22 00:00:00
a54148130ca55b63a313eced8c392850,e98b07a762a24e72b12e0bf2617eaf4a,delivered,2018-01-07 19:50:35,2018-01-07 19:57:21,2018-01-08 19:37:18,2018-01-26 19:53:18,2018-02-09 00:00:00
3a5b3bfc6a2277d612dbf7eb03faebb5,5b2f7a6f614c0a90e49635115575178f,delivered,2017-10-12 16:02:10,2017-10-12 16:14:12,2017-10-16 15:45:29,2017-10-19 22:18:57,2017-10-31 00:00:00
a5a80d557cce18e3c7f19debbb18bd77,89a9cedbeb4ccdb9b577f727503db5b2,delivered,2018-04-12 13:54:14,2018-04-13 12:50:54,2018-04-13 21:24:34,2018-04-18 18:31:50,2018-05-17 00:00:00
acc3d4031cbd2f28ac6b5b71427a054c,4a929b369cfa8293f0a22f9a65ad4b1d,delivered,2017-01-09 21:40:42,2017-01-09 21:55:11,2017-01-11 12:23:58,2017-03-02 10:57:46,2017-02-07 00:00:00
f0134bd71e6bbd312d86f1f073d60b72,76aec02fc0fe8e71e8903834b520cf2e,delivered,2018-08-16 09:11:19,2018-08-16 09:24:12,2018-08-20 13:56:00,2018-08-23 16:38:51,2018-09-03 00:00:00
cdbb4d02acee4e30dcd2797d3ed1b510,917c477d3c63db7af7578b82bb101559,delivered,2017-12-06 11:07:43,2017-12-08 08:31:37,2017-12-08 17:52:27,2017-12-13 14:22:45,2017-12-22 00:00:00
88dc98a18a69037c35842524a4b9a058,1889da9a714df2f014fe375a0aa0ac7c,delivered,2018-01-19 09:00:55,2018-01-19 09:12:38,2018-01-20 00:54:44,2018-01-29 13:58:52,2018-02-16 00:00:00
1a7b59b9cddabc898f2cc56389b5fbc1,17f4134d647aa6ec7219495933975d6d,delivered,2018-08-02 12:05:21,2018-08-04 04:05:31,2018-08-06 16:36:00,2018-08-09 00:48:45,2018-08-09 00:00:00
c15790c4480e97b6a152024a4f53f0f6,ee217a8abefaf7d9da9679cc6d42f242,delivered,2018-08-20 17:09:20,2018-08-20 17:29:41,2018-08-22 11:29:00,2018-08-30 19:03:50,2018-10-04 00:00:00
fb5d8b462dc9570527eff204b8a1a57b,728e136fca2819b62d610743ae2904b8,delivered,2017-04-24 13:36:48,2017-04-24 13:50:18,2017-04-27 12:35:22,2017-05-12 14:04:42,2017-05-25 00:00:00
3b0dd90f0d2dbe97dec7df09db37ca94,176dcd8d432bacd4b0048b3b370f2e8b,delivered,2018-03-24 08:50:04,2018-03-24 11:48:11,2018-03-27 19:58:36,2018-04-02 21:58:43,2018-04-17 00:00:00
40a6bf502702fa0bfaee3ae436b554ed,12485361650f36d12adc8cee72ff41de,delivered,2018-07-31 07:58:01,2018-07-31 08:10:17,2018-08-01 07:30:00,2018-08-07 23:36:26,2018-08-30 00:00:00
cea25ef7695cbbf27888da010e3ddd2a,1551880a021b8cc82b9d9fc4b1991506,delivered,2018-06-29 14:24:39,2018-07-05 16:06:14,2018-07-03 13:22:00,2018-07-11 23:55:34,2018-07-25 00:00:00
3d87ba4f7660501adecd3a4fa95886b2,5405e2ecf4b9c107ef102d38180b238f,delivered,2018-03-03 21:49:27,2018-03-04 21:48:53,2018-03-05 19:33:32,2018-03-06 12:49:53,2018-03-15 00:00:00
b62be88e52e1a504211a9b93f83cfa78,8d49f48fdd5db39e5be43546d69a848d,delivered,2017-03-15 04:25:48,2017-03-15 04:25:48,2017-03-16 10:52:13,2017-04-05 15:20:23,2017-04-05 00:00:00
9e20564752c879d871ac6c809777e4d1,92870209c9c8b251ee171e1a7362ae57,delivered,2018-01-23 14:03:06,2018-01-23 14:16:50,2018-01-24 23:58:40,2018-02-02 12:17:42,2018-03-01 00:00:00
932a4c2b008cc2ca1f639a4df8aa42d9,8a446e06026e18c1031c6782ec0664ee,delivered,2018-03-01 10:54:20,2018-03-02 02:10:47,2018-03-02 19:27:29,2018-03-09 23:28:25,2018-03-26 00:00:00
dab61751be110f17c309fed535523372,5ee90522743d960d6a969dab82bb6a3d,delivered,2017-07-22 10:08:37,2017-07-22 10:23:18,2017-07-27 21:47:55,2017-08-01 16:38:13,2017-08-15 00:00:00
780f86cd429a9039a91710b350accdee,f925c248cba4a2c048e952e13e06f61c,delivered,2017-12-01 17:27:57,2017-12-01 17:36:27,2017-12-06 23:33:09,2017-12-20 20:32:43,2018-01-05 00:00:00
6c3b9813e98d409d3af5da143efbd2d7,d938f73683a2702cbef83047c31c611f,delivered,2018-03-14 22:08:40,2018-03-16 03:45:35,2018-03-20 00:50:39,2018-03-23 14:52:31,2018-04-10 00:00:00
b63e91fac7037a2bba4fad09acd96691,04497bfb0621c08c82b50b7aa5de95e9,delivered,2018-04-01 17:47:16,2018-04-01 18:30:12,2018-04-02 21:34:50,2018-04-18 13:41:06,2018-04-25 00:00:00
da01eb83df2aafd16872ab0c5f24d5b6,123840a282dd67fa5c1e262750d2c9e7,delivered,2018-07-01 09:24:46,2018-07-01 09:35:09,2018-07-03 15:07:00,2018-07-06 18:57:24,2018-07-23 00:00:00
95886fbb27fa9240539af22614117003,ef3da544901e9868b3e3c78075f99386,delivered,2017-05-29 10:16:10,2017-05-31 22:15:11,2017-06-02 10:19:07,2017-07-07 18:58:44,2017-06-21 00:00:00
514988a3e142461049264d74b768b365,179e92fa909f97c9d77f559cb2f2274c,delivered,2018-07-31 16:20:05,2018-07-31 17:31:07,2018-07-31 16:18:00,2018-08-06 17:31:56,2018-08-16 00:00:00
8e8f8ef29c78c7b9c98cac70dd331ce2,9e478f18132211e1d6cf2637d12cc559,delivered,2018-08-08 14:24:24,2018-08-09 08:50:25,2018-08-14 18:00:00,2018-08-21 15:32:26,2018-08-27 00:00:00
0db56631fc192195a572fea8a9231ef4,a06ec57ed20b9fb17629a60a7c3ef14d,delivered,2018-04-20 09:14:31,2018-04-20 09:32:16,2018-04-27 11:05:00,2018-05-04 16:41:21,2018-06-04 00:00:00
ba75b8044f56f7a37a05faab18d7ed45,d99a2c8000e14e11c6cf41a2352a9e91,delivered,2018-06-04 21:13:45,2018-06-05 21:13:18,2018-06-09 07:38:00,2018-06-14 16:48:46,2018-07-12 00:00:00
fcb6580ec29d157ac00337b604e33d61,ff2f5165c3155db5bb78c26df35a565a,delivered,2018-06-29 10:26:14,2018-06-29 10:49:26,2018-07-06 08:34:00,2018-07-11 21:04:16,2018-07-18 00:00:00
0a3ff573ad87fe549fa3ce5c3f07b2cf,2aa42c33faa0688068c11abd00378113,delivered,2018-05-05 17:02:55,2018-05-08 04:55:13,2018-05-09 19:00:00,2018-05-10 23:14:53,2018-05-22 00:00:00
950e244d8e903f36efe98966a1c4e398,7a6034b320c40ab225e1d225c7192513,delivered,2017-09-08 11:38:45,2017-09-08 11:50:16,2017-09-08 19:49:54,2017-09-18 23:32:25,2017-09-29 00:00:00
0edefae02733735c88d242ce6b781802,d3ab89d9a1a9f356e6da0f519d0bf68e,delivered,2018-05-26 09:29:26,2018-05-26 09:50:01,2018-05-28 14:08:00,2018-06-06 20:46:44,2018-06-28 00:00:00
8250f4901ec804e830f26ef6fc285138,34c77e04dfcf650b34a877d30b89bbf5,delivered,2018-05-22 22:37:09,2018-05-22 22:56:09,2018-05-24 13:29:00,2018-05-25 20:51:38,2018-05-30 00:00:00
d1bae3aba9294d4d0cb1141637b50f07,e1beff196f6fd3f593afac2bc3131e4b,delivered,2017-11-20 17:58:06,2017-11-20 18:30:46,2017-11-21 13:08:40,2017-11-25 19:26:37,2017-12-14 00:00:00
f99981d9ac419b6da3ddfe6084646198,56c14b45de87e6d3841eff95c7377526,delivered,2018-04-08 08:59:35,2018-04-08 09:10:14,2018-04-10 22:28:23,2018-04-13 23:12:06,2018-05-03 00:00:00
79e5ae80172f5697f2402439382f2d77,714e71bea93777c3bc2580bcacbf68f6,delivered,2017-08-08 10:24:11,2017-08-08 10:43:28,2017-08-09 19:18:20,2017-08-16 19:42:24,2017-09-05 00:00:00
21253df3d4ac1cbd029b0d1961dc6a23,fa93ec129d3c3932303fa2d2eeaac5e8,delivered,2018-02-11 17:15:18,2018-02-11 17:30:20,2018-02-16 23:08:01,2018-02-26 20:23:42,2018-03-28 00:00:00
39147bdfd750c2d950429efe16ea6cf7,8816abf17cade9ba97f2b8561a238144,delivered,2018-05-19 19:44:07,2018-05-19 21:31:31,2018-05-21 15:56:00,2018-06-06 19:52:31,2018-06-21 00:00:00
b7d6b37701289908bb8ae3a30fca73bb,f0605edc06e3b81fd28b0845801f6a8f,delivered,2017-05-28 11:05:59,2017-05-28 11:15:11,2017-05-29 15:31:29,2017-05-30 18:48:58,2017-06-09 00:00:00
371a5e62da258e95c3cf015f28350f06,8941b349c86c4d2d9bc5487da97276ef,delivered,2018-05-14 21:38:36,2018-05-14 21:57:48,2018-05-23 15:35:00,2018-06-01 19:30:59,2018-05-25 00:00:00
3023efa2840e41b0609d1879b171cba7,cad1f9ec70f4fe10afa85f584ec62d37,delivered,2018-05-09 16:35:05,2018-05-09 16:57:48,2018-05-11 13:22:00,2018-05-15 19:18:48,2018-06-08 00:00:00
b785bd1c8dbca76dbe516771af60c2f0,66b8ddcdb9e076dbe9500e2dafcecdc2,delivered,2017-11-29 18:09:55,2017-11-29 18:31:00,2017-11-30 22:42:06,2017-12-18 18:59:57,2017-12-19 00:00:00
aff32bb12b83b30724cae766b0270c64,b449a237ced28dd8fc749aef0d4d4037,delivered,2018-08-24 11:43:17,2018-08-24 11:55:18,2018-08-24 14:11:00,2018-08-27 18:26:31,2018-08-30 00:00:00
3a10bf307a2af842e384180678f26104,7a1cc938efd5640156e90dd7970b33a1,delivered,2018-04-22 07:59:02,2018-04-24 17:16:37,2018-04-24 19:19:14,2018-04-27 21:05:25,2018-05-14 00:00:00
5f9e4b231676bfe9ead7e5ed49d06dfc,adbc189e955a3bf544172851c2160b1e,delivered,2017-10-18 00:51:23,2017-10-18 01:10:56,2017-10-18 19:08:29,2017-10-25 21:02:50,2017-11-22 00:00:00
e1b9464e860178e71f17bf7a03b66aa1,21c08e8c0f9b6009b28d08cb10ba449b,delivered,2017-12-29 16:49:37,2017-12-29 16:59:24,2018-01-02 18:06:25,2018-01-19 19:52:42,2018-02-06 00:00:00
042d7868efeb34d5748cf9262016f6be,11e9a91d1c890094c148f7ed75642135,delivered,2017-08-30 14:57:25,2017-09-01 02:30:37,2017-09-01 20:42:59,2017-09-12 19:34:51,2017-09-20 00:00:00
9c781d427857ca8dee49b22614eb9e39,4396492d7da56955ab6c0fc9c9fceaab,processing,2017-02-14 14:28:17,2017-02-14 14:35:24,,,2017-03-15 00:00:00
346ad2942aeb4695a2e69faa2479aee7,85fc9acb99cde7cb9f1950b2927549ce,delivered,2017-07-19 16:17:11,2017-07-19 16:30:16,2017-07-20 19:13:49,2017-07-31 17:52:11,2017-08-10 00:00:00
caa275ffe24eb1662c6e22a43e200622,30daf624a5052e782f593af96bab6f44,delivered,2017-06-09 12:20:15,2017-06-09 13:06:37,2017-06-09 16:40:37,2017-06-19 20:23:30,2017-06-30 00:00:00
51c7edabb9739b6998ee68efb7e10d31,7c03ce81a9be9cb9fa1b4d7bb13ab08c,delivered,2018-02-24 00:32:57,2018-02-27 04:31:14,2018-02-28 23:15:42,2018-03-06 00:43:03,2018-03-12 00:00:00
56fe61b71a31aec95c794f860ede4ab8,33b561afb9c33eb48c37e6140e767cd6,delivered,2018-07-16 21:25:30,2018-07-16 21:40:55,2018-07-18 15:36:00,2018-07-23 19:24:50,2018-08-01 00:00:00
5dcfdc2d68c1f6c738bbb12bedf7a6cc,2d9e44d15887f511fd4e650144a25dc7,delivered,2018-01-02 17:19:30,2018-01-02 17:31:33,2018-01-05 19:28:37,2018-01-08 16:59:30,2018-01-18 00:00:00
76cd472371f3f40f4019938329d21ac7,4b41318cee19efe66831e0b01fd2fcea,delivered,2018-04-05 10:47:30,2018-04-06 03:10:38,2018-04-07 01:34:34,2018-04-11 01:32:11,2018-04-24 00:00:00
5c94707bab626971391f6a6a31ea75d2,92aa089d9af8e6dce4438b395583ae3d,delivered,2017-12-24 18:12:00,2017-12-24 18:28:45,2017-12-28 17:19:18,2018-01-04 16:44:07,2018-01-24 00:00:00
b32f34114b935df368070009548b3806,a1733c884e73b2a0cfc2c7a9e4db4ea0,delivered,2017-06-19 15:17:57,2017-06-19 15:30:20,2017-06-29 15:36:02,2017-07-11 19:37:36,2017-07-25 00:00:00
4d8ad885a7edb3c9c24859ce54227737,e04a3d281699153ba8b1028ec74d0169,delivered,2018-05-02 23:22:04,2018-05-03 00:50:12,2018-05-04 13:44:00,2018-05-12 03:24:02,2018-05-25 00:00:00
a9eb400090d9995d02a1936a6f1ed627,fe582816ac842403b06d7daff93c3997,delivered,2018-01-22 17:28:01,2018-01-22 17:37:05,2018-01-23 21:22:04,2018-01-31 22:28:39,2018-02-26 00:00:00
07e2767fa261c1d690924d6d3baa379f,8f061069ee6bdea1be38ac7fb3de2d1c,delivered,2018-02-23 15:44:22,2018-02-23 16:08:18,2018-02-27 22:12:30,2018-03-05 17:14:46,2018-03-15 00:00:00
c7b73b6c33cd593cf69c46d0dca48375,1f0937552e0338ca515778d8b1268acf,delivered,2018-05-04 17:51:51,2018-05-04 18:16:01,2018-05-07 15:25:00,2018-05-09 19:35:32,2018-05-21 00:00:00
7a422b767b8a7f3738b95534a89f534c,d205a7668b53d1207fb7af95c114f28b,delivered,2018-06-14 13:06:50,2018-06-14 13:20:14,2018-06-19 15:25:00,2018-06-26 23:48:25,2018-07-13 00:00:00
1d84debdc004d1f2394513ff9ebc7aa8,ca118846503b75b80967e975b535e4c0,delivered,2018-04-23 13:12:38,2018-04-24 17:56:40,2018-04-24 22:54:20,2018-05-02 22:51:46,2018-05-21 00:00:00
fd9354a828aa2f49db34f6a1ec002aac,c89e1a69a9e065fefa96df80fc49c666,delivered,2017-11-09 22:29:42,2017-11-09 22:46:50,2017-11-11 00:37:38,2017-11-21 22:19:01,2017-11-30 00:00:00
4f183da167de562d253b5bb596f17516,d6432abaa147482576f7efa196cb47db,delivered,2018-01-14 21:11:13,2018-01-14 21:18:21,2018-01-17 18:46:11,2018-01-18 14:54:50,2018-01-31 00:00:00
03c14c8290a74e1b205057282a26c63c,be19dc32fdd2380731782b48abe63211,delivered,2018-01-24 16:00:25,2018-01-25 02:58:47,2018-02-14 11:55:00,2018-02-16 03:07:43,2018-03-01 00:00:00
19475e4f70007f7a726004e6c6f87cb7,fb0e90cefa6143ef5234ba910b193194,delivered,2018-08-16 19:27:59,2018-08-16 19:49:31,2018-08-20 15:57:00,2018-08-23 21:22:49,2018-08-30 00:00:00
f1da12bb1c455443de52016c3b68e1cf,a9e1f7800d6912c041c1824f7947176a,delivered,2017-08-31 16:26:00,2017-08-31 16:35:11,2017-09-01 21:55:33,2017-09-11 21:14:21,2017-09-29 00:00:00
559dd36353b3c469b5115f4832333032,7d1f510b59f54644ca1277a2d87473bb,delivered,2018-06-10 17:58:30,2018-06-12 04:57:07,2018-06-14 14:18:00,2018-06-20 18:15:52,2018-06-25 00:00:00
fffcd46ef2263f404302a634eb57f7eb,84c5d4fbaf120aae381fad077416eaa0,delivered,2018-07-14 10:26:46,2018-07-17 04:31:48,2018-07-17 08:05:00,2018-07-23 20:31:55,2018-08-01 00:00:00
24d3148ec0762872918b6c2805afac45,aa52a4e93942568d204f25e5d3180d4e,delivered,2017-05-30 16:24:53,2017-05-30 16:43:22,2017-05-31 10:32:50,2017-06-07 13:53:10,2017-06-12 00:00:00
e8b733ef6cfc7789f508ec9457122f42,701df2059403903cd511a0693e0138e1,delivered,2017-10-17 23:32:50,2017-10-17 23:49:33,2017-10-23 14:46:53,2017-11-03 19:10:19,2017-11-07 00:00:00
be8f81fbf4bdf643e1f5548aa269bbef,167510ce303457c530c3766d431b9e35,delivered,2018-05-01 16:33:52,2018-05-01 16:55:26,2018-05-02 19:01:00,2018-05-03 22:36:32,2018-05-10 00:00:00
d06632a45bfed8725d59741e45820839,2e845e9a6ddbbaad0133e952fdc8ef2c,delivered,2018-05-18 15:27:15,2018-05-18 15:55:29,2018-05-22 07:07:00,2018-05-25 12:42:28,2018-06-05 00:00:00
df7133582058755527a65a8395403d26,4e381215852121bf10c90157175d7ce8,delivered,2018-08-03 22:25:31,2018-08-03 22:44:09,2018-08-06 15:25:00,2018-08-07 14:21:51,2018-08-08 00:00:00
f67a6c7e93104eaaf03516fbccffc711,1e668e04c39d29cce6958efd37f2d56f,delivered,2017-05-23 18:30:32,2017-05-23 18:43:01,2017-05-25 09:06:34,2017-05-30 10:47:39,2017-06-05 00:00:00
40f00a10bbc6a312ff95f899d72817d1,e410246ce491cc1e9594cdbfcf92d1fe,delivered,2017-02-24 00:47:02,2017-02-24 01:05:40,2017-02-24 12:07:22,2017-03-11 09:58:49,2017-03-21 00:00:00
d573a47c29466bb2e4e46aef0ff04f23,d5efb94fdd7fe8e0ba70c7580088acae,delivered,2017-02-03 01:06:06,2017-02-03 01:15:11,2017-02-06 15:04:37,2017-05-05 00:09:56,2017-03-28 00:00:00
a67fbbbf7ef00baa90a44ab097b61e29,877bb7b491518f3bd6f821bf1791b2fc,delivered,2018-08-06 15:56:13,2018-08-06 16:10:20,2018-08-13 14:16:00,2018-08-16 17:39:44,2018-08-17 00:00:00
b034b38968b7bc21648e36e05d2eb09f,38248f5e3248ffe52b20c510522b04f5,delivered,2017-08-27 16:14:04,2017-08-27 16:25:17,2017-08-29 18:16:57,2017-08-30 18:22:53,2017-09-08 00:00:00
23fb39a2fa2ef8d8c4f2ce865c2dfae2,875c18043fe95f680dc49e0208734bc6,delivered,2018-04-30 14:38:26,2018-04-30 14:55:20,2018-05-03 09:05:00,2018-05-07 23:18:33,2018-05-22 00:00:00
20bfd4b6f0ed6f72f3d3f9a2eca472cd,82430ca6e6cd0983e8886b493cab1210,delivered,2018-01-26 09:42:41,2018-01-26 09:53:05,2018-01-26 18:09:09,2018-02-05 20:36:46,2018-02-22 00:00:00
79c05a5c6f400fdbdc0de8fdf288f22a,68605f0c6c6811b45cf553519196dd25,delivered,2017-08-20 19:04:28,2017-08-20 19:24:38,2017-08-22 21:53:42,2017-09-18 19:47:52,2017-09-21 00:00:00
7a3b1ac379d3a8db0d2a257e0148d133,49ecdcbf6991febdfabd4d0e59964d09,delivered,2017-04-16 18:34:40,2017-04-18 04:32:18,2017-04-19 13:50:06,2017-04-27 14:38:58,2017-05-22 00:00:00
0930c651c82aaf68df7e69eed1816170,c6e095c02c127a9a70519bafb092be5c,delivered,2018-02-28 19:20:10,2018-02-28 19:30:27,2018-03-02 21:56:56,2018-03-05 21:39:05,2018-03-13 00:00:00
1cb796218c383fc54a6a4541420201d8,42bc73dba3fba40b50d647a428d1089f,delivered,2017-01-23 16:38:09,2017-01-24 16:45:15,2017-01-28 08:03:35,2017-01-31 07:14:40,2017-03-01 00:00:00
d80272e7d2cde76157c01c03b3deebcc,7a4f3a868af0521a7f527d78f5fa2390,delivered,2018-07-12 11:03:45,2018-07-12 11:15:20,2018-07-13 14:17:00,2018-07-14 13:30:57,2018-07-20 00:00:00
5c2989919c369ef67197ecb7a2e4c4ba,fc77094fc15296718fabc473947c93d3,delivered,2017-08-13 13:20:11,2017-08-16 08:24:55,2017-08-16 18:36:46,2017-09-04 10:34:09,2017-09-05 00:00:00
8d282c2ddced263b2c6ddf398e3fb6dc,90d738bbfc25e6d6f2a4a8e8eac14ec9,delivered,2018-01-04 17:54:40,2018-01-04 18:07:48,2018-01-05 19:15:16,2018-01-15 16:38:56,2018-02-05 00:00:00
6bb6e95feeb71b908320267ca30d6bcb,cb67d30fd05843c145ebfa22c1bfe3fe,delivered,2018-02-05 14:02:26,2018-02-05 14:15:31,2018-02-07 17:43:22,2018-02-27 01:26:48,2018-03-09 00:00:00
b30fb34686fab6a41f51d78d944b6f41,ec9e7950585c76612d342df2e70dab9c,delivered,2018-02-24 13:02:45,2018-02-24 13:31:07,2018-02-28 18:47:00,2018-03-01 21:27:05,2018-03-19 00:00:00
9bb6a265f3bbeee30eefc244d21ae1d3,b8c87b84c9734273f3a1db3e61ef3ede,delivered,2017-07-29 09:01:31,2017-07-29 09:15:12,2017-08-03 17:55:06,2017-08-08 19:48:02,2017-08-29 00:00:00
1462d8a9d63e2c6a9787a923dcf3f7c6,bd6b1b234d42b8a97ccbf2ad0eb46e5b,delivered,2018-01-13 19:58:20,2018-01-13 20:09:34,2018-01-17 17:09:06,2018-01-23 19:09:35,2018-02-01 00:00:00
d6c757b6e40610f380a0b29c11c2fd9f,96f2c486ccd8f41017a473cc951cc540,delivered,2018-01-16 09:33:21,2018-01-16 09:49:43,2018-01-16 20:03:41,2018-01-29 13:59:36,2018-02-08 00:00:00
4bb910ec56715c3ecf032012fa3f8bbf,f9e6de662e2e839154775a325e9a254a,delivered,2018-01-31 17:47:31,2018-01-31 17:55:25,2018-02-02 01:44:00,2018-02-07 21:42:58,2018-03-01 00:00:00
3cf2ae4128b7627b6d9dacd45887cba7,0019c9aaad15b043c48f0a1180f22ce8,delivered,2018-03-06 00:26:58,2018-03-06 01:30:25,2018-03-06 18:37:48,2018-03-08 22:52:41,2018-03-16 00:00:00
a947b36a514277825c11ad6c9bdf4b47,0e18570c0046b7b3686ce9a4164ae121,delivered,2017-06-14 18:14:55,2017-06-15 03:10:30,2017-06-21 18:12:42,2017-06-22 13:10:29,2017-06-28 00:00:00
6aa1b68888b0cf160c7072009c46ea24,c1e297d0f9c9a661bb83e5d692a66555,delivered,2017-12-01 14:35:06,2017-12-01 14:49:35,2017-12-01 23:22:14,2017-12-04 23:43:09,2017-12-19 00:00:00
d471fa0b4a2b653efa429a9caf70695c,421050860d28ef97f7a64fee1fd92471,delivered,2018-01-10 08:30:55,2018-01-10 10:31:41,2018-01-10 17:16:55,2018-01-23 17:07:11,2018-02-07 00:00:00
ae579b8fbd291ba511e1f6fa5109d2f0,0ec177ccd4e189f07a265e98ee1abe0f,delivered,2018-01-06 15:53:53,2018-01-06 16:06:52,2018-01-08 18:10:24,2018-01-10 23:07:23,2018-01-31 00:00:00
03d3db2eb72705d4b4dd30987cf610f8,670ec71eb17d748055f9fa2a0d111979,delivered,2018-04-09 22:18:02,2018-04-10 00:15:47,2018-04-11 22:09:40,2018-04-24 12:13:37,2018-05-07 00:00:00
df408c5fd9ac041cb84e393a6ff9e75c,501da9e5d17a0a47149b7c9c6fcfe392,delivered,2018-01-19 23:04:51,2018-01-23 03:37:39,2018-02-07 16:47:49,2018-02-22 16:21:58,2018-03-28 00:00:00
43b1a006a45825d17b170589b587f07c,e503bd071c6ab197513b320c4bdf5247,delivered,2018-07-28 21:47:05,2018-07-28 21:55:17,2018-08-01 13:21:00,2018-08-02 18:28:28,2018-08-03 00:00:00
4df270f9f4c835c878f4aa5a2239216b,3690f0b9db1e13d5d4052971317426f3,delivered,2017-07-28 10:57:40,2017-07-29 02:25:56,2017-08-01 22:37:35,2017-08-15 16:46:22,2017-08-29 00:00:00
eedf5956f97dac89154e3dcf9775e23a,cff340f8a8a36080e75e9c07c1057750,delivered,2017-06-17 15:46:57,2017-06-17 15:55:15,2017-06-19 20:56:31,2017-06-23 12:39:30,2017-07-07 00:00:00
c5175c4c2568fd199b71d9c2fbcafbf0,f2cb2c39dd256d43335ad9c4e0a088fe,delivered,2017-04-04 19:05:23,2017-04-05 02:35:14,2017-04-05 16:20:04,2017-04-12 11:08:20,2017-04-27 00:00:00
093b4a025c91a570d1f3b60d428b60a0,b3327f513a96d213bb42f1aa16ee4d31,delivered,2018-02-26 14:57:42,2018-02-26 15:15:32,2018-03-07 23:18:59,2018-04-17 23:38:31,2018-03-16 00:00:00
d5369a7117efa440cea9df1c1c18362f,e507174b1d5e80a5dc66f2115ab55160,delivered,2017-10-17 16:11:34,2017-10-18 03:06:18,2017-10-18 18:19:59,2017-10-23 20:31:56,2017-11-10 00:00:00
b68dcf49a2ac5d629f24860c2959c6ab,0178cbf093400335e3d8fd88851e6bf1,delivered,2018-08-07 20:18:05,2018-08-09 03:55:24,2018-08-10 15:25:00,2018-08-16 19:03:58,2018-08-27 00:00:00
c333fbd06019caef9160f4b7ab8547d1,536f056456905b1e94b1fdb6f1fcc0f8,delivered,2017-06-16 21:49:19,2017-06-20 11:05:48,2017-06-22 13:12:25,2017-06-28 14:32:07,2017-07-17 00:00:00
c64c5f793e7b69138252d7c2fb45a3cb,eba08c6c5c4434c829e3c14613faff54,delivered,2018-04-26 18:45:55,2018-04-26 19:11:28,2018-04-27 14:46:00,2018-05-09 13:46:53,2018-05-22 00:00:00
0354fc44bfc5b7a6d382427c6046f5e1,c055020629cdb9a9bb8b46ac9eb7b1b8,delivered,2018-01-27 09:26:54,2018-01-27 09:34:23,2018-01-29 15:29:10,2018-02-21 13:29:15,2018-02-21 00:00:00
c80cc9af6bd1c32747e2f79bc4ad031e,f9587fa6065768be96b7267f865a407c,canceled,2018-06-23 17:34:33,2018-06-23 17:55:45,,,2018-07-05 00:00:00
2d4795e6f5375a02fac5626d3b94d407,89b021b2bfef7cdb5b7ae69addca0ec0,delivered,2017-11-25 12:27:17,2017-11-25 12:34:23,2017-11-27 20:34:46,2017-12-03 10:52:35,2017-12-26 00:00:00
a6ba138c34e43a8e0613646f065fcf57,6291998ada5150f88acffb25e928ec57,delivered,2018-01-17 14:18:08,2018-01-17 14:30:05,2018-01-19 10:54:52,2018-01-22 21:51:36,2018-02-01 00:00:00
470d06109882a6e13eccc99f24dce797,ca396e0addf79314ba98d3b71e7b38e8,delivered,2018-02-10 11:17:23,2018-02-16 07:55:44,2018-02-16 17:28:31,2018-02-26 13:58:32,2018-03-12 00:00:00
6d481d5204319959780a50031fedfb48,9c703a0e38ff9046314a1bff0c9cdd99,delivered,2018-03-02 22:13:53,2018-03-02 22:30:46,2018-03-09 00:46:31,2018-03-09 16:50:39,2018-03-14 00:00:00
5615daf9549b14da3330183be93a47ba,d0bf65b9dcccd4b7872f8d131ab38c33,delivered,2018-02-13 16:44:00,2018-02-13 16:55:48,2018-02-14 18:14:16,2018-02-20 18:19:19,2018-03-09 00:00:00
86501b9ee48e914f406cd33ddf6f77fb,824422e62602d2ed7c09adc7c877fa70,delivered,2018-05-26 15:20:04,2018-05-26 15:38:16,2018-05-29 08:26:00,2018-06-01 23:28:43,2018-07-03 00:00:00
e0dfe8c4850a7ad0b8e41d3a4290ce49,586d84014545f6dcb510fff40fbf7e35,delivered,2017-05-02 17:24:57,2017-05-03 14:50:19,2017-05-04 12:05:30,2017-05-11 13:51:55,2017-05-29 00:00:00
725eca9f9dda0b6d31796735ae596bb7,d6f95b3738c4ebaed63887e69825ae92,delivered,2018-01-13 20:16:04,2018-01-13 20:29:26,2018-01-18 15:49:09,2018-01-22 18:25:09,2018-02-05 00:00:00
c4dd811604d334a79810fd0387740e09,b546ec7b6ff311b43fd72d1cd665dc68,delivered,2018-01-13 17:29:43,2018-01-13 17:39:23,2018-01-15 17:49:11,2018-01-17 16:14:33,2018-01-30 00:00:00
e7171879cabb5e67b8df36332795315b,257ff24d22f126adcedba98db34c483e,delivered,2017-08-04 13:47:45,2017-08-04 14:03:50,2017-08-11 21:16:08,2017-08-16 19:25:40,2017-08-28 00:00:00
0869a3c8a1dd07c13e4847627fcc704f,ffa36f901675ec7bb972fc9c0d773d1f,delivered,2017-11-24 16:09:01,2017-11-24 20:13:28,2017-11-27 19:41:47,2017-12-11 15:34:28,2017-12-19 00:00:00
5204d67853f827d1ee32810bf8f2d6c2,3dc7eb6da6c008460353d9a171e8fe6d,delivered,2016-10-04 17:25:09,2016-10-06 15:45:42,2016-10-10 15:45:44,2016-10-13 15:45:44,2016-11-28 00:00:00
d374e958c5246d608c3baeca9ddccb16,c187f9ccfe83b8d98c81b403211cf8c2,delivered,2017-08-12 21:48:34,2017-08-12 22:03:54,2017-08-14 21:15:08,2017-08-21 16:14:06,2017-09-14 00:00:00
7900ff338051fc207475b59ae5465060,6b8b4a6e41b8917b1d46ab80502aaaa6,delivered,2017-08-29 15:19:22,2017-08-29 15:35:30,2017-08-30 20:47:41,2017-09-05 22:03:45,2017-09-22 00:00:00
28ac52cca188141d6fb38c1e8bee7e1c,349831a25e77f136daa5f6363e8ed5df,delivered,2017-07-23 19:39:22,2017-07-23 19:55:16,2017-07-24 19:06:38,2017-08-07 19:55:18,2017-08-21 00:00:00
07dcf38560b8c50e101b3281edda6112,8aaad69c0f33504ee7c6bad3ae9e20a6,delivered,2017-10-03 15:04:22,2017-10-04 02:49:20,2017-10-04 19:16:54,2017-10-06 20:12:43,2017-10-25 00:00:00
b8996dc39f7c327bc92c7f8bb85dbe21,5557c462176e16e10d356c86dfad9146,delivered,2018-02-24 09:37:53,2018-02-24 09:55:34,2018-02-27 17:38:54,2018-03-06 21:57:20,2018-03-21 00:00:00
c1e3705ddd242ae29dca5c5d3367cdda,39d1b3f6e70944054f15906756f6f6c9,delivered,2017-11-26 21:47:48,2017-11-28 21:51:27,2017-12-01 22:07:06,2017-12-14 18:36:02,2017-12-22 00:00:00
c15b6194f063aa18a0fd47136445c6ec,39794761aa663d624636cdc242f1950f,delivered,2018-05-11 14:27:42,2018-05-11 14:58:05,2018-05-14 14:10:00,2018-05-21 16:22:24,2018-06-01 00:00:00
5a91e5de577ae1b3aa3c3cefe7181bc5,3c8296a5e7b1a8640f6e31bcfff5f41c,delivered,2017-11-13 21:36:43,2017-11-13 21:50:22,2017-11-23 22:13:46,2017-11-24 16:05:53,2017-11-27 00:00:00
26ba0c1bad97bbfdcc4419e3ca40d9a8,0b0021fc48717a02bcbd22404ed2f1f3,delivered,2017-01-31 20:17:34,2017-01-31 20:35:55,2017-02-02 10:18:59,2017-02-07 08:33:38,2017-02-27 00:00:00
182c7c260aa89ec58595803372f60d1a,e29730c885561e3856928e2a8ed485a6,delivered,2017-11-03 21:21:10,2017-11-03 21:35:23,2017-11-10 18:54:38,2017-11-23 00:31:43,2017-11-23 00:00:00
e0e918bb13679f116c452a05b47151e9,d5879d3a1c4afa3089af92330d2ba438,delivered,2018-05-30 20:33:52,2018-05-30 20:55:34,2018-06-07 14:14:00,2018-06-11 23:08:56,2018-07-17 00:00:00
bad80abf6bc799b1c731a90f1a761689,4bd1e2d6121560098c232dc158746e26,delivered,2018-08-02 16:32:20,2018-08-02 17:04:28,2018-08-06 14:53:00,2018-08-10 19:12:26,2018-08-15 00:00:00
e546da8f5a68e30c67e5cdbb75a3447f,607e4ac7c659ddc86466344b63f73413,delivered,2017-08-04 16:11:22,2017-08-04 16:25:16,2017-08-07 20:21:54,2017-08-15 18:09:36,2017-08-28 00:00:00
ef68f7ac518a9309ceb3a3290ee123a1,a7a40a88eaee993bae094cd0d25978e4,shipped,2018-01-25 16:50:50,2018-01-25 17:13:14,2018-02-01 22:38:55,,2018-03-02 00:00:00
fc9c537fba757ca3bd69bf11f7e8cda7,957bbe2d1874d4862a7b3c2b3d80f3f7,delivered,2017-12-04 21:24:24,2017-12-05 10:30:48,2017-12-08 16:39:04,2017-12-29 20:47:10,2018-01-04 00:00:00
98e3a00dc4ec45980ec0c6fb585edef4,dd903c92a94852dba21e825785f2a037,delivered,2018-04-11 12:51:28,2018-04-12 08:32:31,2018-04-13 21:56:53,2018-04-19 11:16:42,2018-04-27 00:00:00
b6d8ffb86091833de0d17a93f919a4e8,e19fb725a29dccd777bda66e5d680bc2,delivered,2018-01-12 22:34:44,2018-01-13 04:54:47,2018-01-26 20:53:12,2018-02-22 18:28:29,2018-03-15 00:00:00
17f2262c8b3797eadd32de22437bffa4,0857e520aa7eb2f1e414ae0907e994a8,delivered,2017-11-24 20:28:27,2017-11-24 23:34:37,2017-11-27 21:42:18,2017-12-17 16:29:03,2017-12-18 00:00:00
7dc4ac6da71948249ca79f45c9de13b1,01726eb77399165550482a7037fb6a1d,delivered,2017-11-25 12:47:49,2017-11-25 12:56:24,2017-11-27 18:28:35,2017-12-11 22:52:28,2017-12-15 00:00:00
5e2df6edba813cfb4d74bdccf9d13a2b,55b7d2c43fc07222317e057078e80db1,delivered,2018-02-27 22:13:49,2018-02-28 22:08:14,2018-03-01 21:49:25,2018-03-05 21:16:40,2018-03-14 00:00:00
656ada45a719393ba3e97d8d9e2ef750,d1be87b387dc03c20f9429e6390e6f25,delivered,2018-04-27 16:16:00,2018-04-27 16:32:45,2018-04-30 13:14:00,2018-05-16 23:21:34,2018-06-06 00:00:00
8cd72552fe9fd0c749487f44e034ea83,4966fc93776ba402263f53b2f41c7c4d,delivered,2018-03-06 17:46:12,2018-03-06 18:10:23,2018-03-07 22:16:45,2018-03-20 22:46:38,2018-04-20 00:00:00
07fc346abda30b632be799f5b4be2bd8,a1eef3423bc0e8339b67cb2208aa3f94,delivered,2017-07-17 14:04:47,2017-07-17 14:15:21,2017-07-26 14:21:38,2017-07-27 16:36:50,2017-08-03 00:00:00
7494ff11ec6f65a817b90438cb03cd49,cb147aba8e26b9511a5645054b5ecb52,delivered,2017-12-08 14:21:57,2017-12-10 14:17:19,2017-12-12 16:42:45,2017-12-19 14:49:29,2017-12-27 00:00:00
3f331b00c595c7954cd8f704b2f74056,24f8c8bdc4c0d2f09fab6429e2d10ca5,delivered,2018-06-28 18:20:30,2018-06-28 18:35:13,2018-06-29 12:55:00,2018-07-04 23:50:36,2018-07-26 00:00:00
f6ca2b9e738276a523e65504634a762d,1c2eca232f8c616ae2c923acca50d5ed,delivered,2018-03-08 15:59:50,2018-03-08 17:00:35,2018-03-13 17:20:38,2018-03-20 03:46:37,2018-03-26 00:00:00
83d63d8a7bc56e6c8508003e1c7505f0,3464e3efe1897bd8e3e83d512b77bd23,delivered,2018-01-22 13:00:01,2018-01-23 13:01:34,2018-01-26 19:28:53,2018-02-02 20:03:34,2018-02-23 00:00:00
64d90b334a89978bf78af244276aa415,180f2496e2634a22fba5220a7144adfa,delivered,2018-05-23 19:19:50,2018-05-23 19:37:01,2018-05-24 14:08:00,2018-06-06 17:05:58,2018-06-18 00:00:00
6cca0cec5b4fc97f471ac73afc03ece8,615524b12e97c076f052c4fe166ecce2,delivered,2018-01-03 19:50:16,2018-01-03 19:58:43,2018-01-05 01:34:59,2018-01-26 21:52:36,2018-02-06 00:00:00
7b1acb069ff55e773d2b0af98e1856ca,15284bd1d03bc96b99f4b60df9f651d8,delivered,2018-04-17 00:31:55,2018-04-17 00:50:16,2018-04-20 00:10:41,2018-04-24 22:44:43,2018-05-30 00:00:00
0f238eebf8511e286a8c3fb6330ece54,950dec801b6408c5679e84c382863481,delivered,2017-05-22 17:47:01,2017-05-22 17:55:19,2017-06-05 17:08:45,2017-06-10 10:05:43,2017-06-13 00:00:00
4703fef754ddf8addbed5b7935e2f868,0a30e5974eb5b071a0b36cfe55704138,shipped,2017-04-27 11:17:20,2017-04-28 11:41:53,2017-05-03 15:59:50,,2017-05-29 00:00:00
7e7ce1bc81b9dfd761f11ce02aa3b5c6,73f2037bc13d4d82c9251f6425244adc,delivered,2018-03-04 15:28:54,2018-03-04 15:48:20,2018-03-05 23:28:48,2018-04-17 20:19:27,2018-04-06 00:00:00
ef237e5b4d945c2d685692f764555f89,1268526bf0726490d03a27535d35b390,delivered,2018-07-13 09:40:23,2018-07-14 02:45:07,2018-07-16 15:30:00,2018-07-20 19:08:39,2018-08-06 00:00:00
40e4b27fe658a1c1e627e503b29ef734,dcbb7859db42a729d4cc316eb6691974,delivered,2018-06-24 17:20:56,2018-06-24 17:35:17,2018-06-25 14:55:00,2018-06-26 16:08:48,2018-07-13 00:00:00
5fc9337527e54e6906760a44b78d3df9,6b35127d97d92944ea3db46690ddd4b6,delivered,2018-05-17 09:55:45,2018-05-18 05:16:26,2018-05-24 14:29:00,2018-06-07 19:12:55,2018-06-14 00:00:00
3b98cf066d0d2a5121f8c95bd97816c0,b9ed1c3c7e68c101d9c4bb52fd335b35,delivered,2018-01-17 21:30:01,2018-01-19 02:37:14,2018-01-19 20:54:28,2018-02-02 23:17:14,2018-02-07 00:00:00
d4a72eff3bfdb6ff7667bef4119283e9,2200048a1b17ccf0499a93d1e17d7c57,delivered,2018-07-04 00:22:00,2018-07-05 16:24:48,2018-07-04 13:09:00,2018-07-11 19:48:05,2018-07-26 00:00:00
9858c41d96443ebb71329d305f62302d,89b009b9871c7df3d23c56b673ddef57,delivered,2018-08-06 01:12:35,2018-08-06 01:24:20,2018-08-06 15:37:00,2018-08-14 20:57:29,2018-08-21 00:00:00
a58dce7bfbda8c2a9ea6744082fda9cc,88376db260cf955a98b0e64e7e4f78d1,delivered,2017-12-11 14:45:25,2017-12-11 14:57:28,2017-12-12 17:33:21,2017-12-27 21:48:05,2018-01-16 00:00:00
607ee697173850d7eb749c1fc01be313,75bd6136ed4f7970c0d1ce767102fd7b,delivered,2018-03-25 08:45:38,2018-03-27 03:51:06,2018-03-28 18:33:00,2018-04-09 11:43:21,2018-04-16 00:00:00
6f7626222f2b324b580e36eb22d8bb8e,606eff563eff430f88394911d8f868d3,delivered,2017-01-28 14:49:09,2017-01-31 04:36:18,2017-01-31 21:01:01,2017-02-06 07:12:37,2017-03-08 00:00:00
417b2614e85c15a2087822cb09b09e30,14b60367330c9b23b108780addd19416,delivered,2018-02-28 12:48:31,2018-02-28 13:10:01,2018-02-28 23:52:16,2018-03-05 16:39:23,2018-03-13 00:00:00
4723d2b5267461aedbbf2788ef629c31,ada9137aaa12f2327f1f775bd8f160c8,delivered,2018-02-25 14:15:44,2018-02-25 14:28:12,2018-02-26 21:22:08,2018-03-13 16:26:42,2018-03-20 00:00:00
86dda1172108d1601101914c45b51699,c1e431000b601bb3652ed7f5be537ee3,delivered,2018-07-12 20:52:09,2018-07-13 19:45:13,2018-07-16 14:47:00,2018-07-26 20:32:11,2018-08-03 00:00:00
303c3baec87996291b19d2448f79d67b,9cfd9d8a77d5b3f0ae759ac35bc464e4,delivered,2017-11-30 22:44:11,2017-12-02 02:37:24,2017-12-06 22:11:06,2017-12-27 20:10:12,2017-12-28 00:00:00
043671e7714932580dc35789804ffbcc,6a4ddebfbf47946b17af9d23bca8208c,delivered,2018-01-18 17:05:20,2018-01-18 17:16:23,2018-01-19 16:49:05,2018-01-22 20:54:05,2018-02-05 00:00:00
521061459524ada27c911dfdc0059314,0c03fefc7ed9571281380ababffe4e6a,delivered,2018-07-09 18:13:38,2018-07-09 18:25:18,2018-07-11 10:23:00,2018-07-13 19:38:47,2018-07-18 00:00:00
89d881134bb068f04011771181b2cb86,b5c4e636b21367a011c2af4f758c8096,delivered,2017-11-21 15:40:39,2017-11-21 15:52:31,2017-11-22 21:42:32,2017-11-30 22:58:28,2017-12-08 00:00:00
9da2b22e3f25c8310d5e5c36084a97ea,b5b5184afc7e70a0ef42d21d2897c8eb,delivered,2018-07-02 21:34:55,2018-07-02 21:50:24,2018-07-03 09:26:00,2018-07-06 18:15:29,2018-07-20 00:00:00
bb12d601d6de7f1b41c4d45dfea601f2,c859d02d6f88a8939a52180de122c420,delivered,2017-03-04 12:06:29,2017-03-04 12:15:25,2017-03-08 12:41:36,2017-03-10 09:03:05,2017-03-23 00:00:00
1e8bd56a8a79c55409341b1c83b1e8b0,71335cf87387f20fd2819230310c6add,delivered,2017-11-24 09:29:14,2017-11-25 04:59:24,2017-11-28 18:06:54,2017-12-18 22:49:02,2018-01-02 00:00:00
d603daf41a69ac39e359dadcd655fd35,482f8693115d85a41ad7f88a36f265f6,delivered,2017-08-19 11:20:22,2017-08-22 04:05:15,2017-08-24 21:09:06,2017-08-25 15:58:54,2017-09-01 00:00:00
6c1d204da4c5116b68d68a6292d601f1,61db999e171b586a01abd7d5ac904fb7,delivered,2017-04-18 11:54:58,2017-04-18 12:05:30,2017-04-18 13:21:45,2017-04-22 07:32:46,2017-05-09 00:00:00
82c5cafaa9a07e68a28009b6cd031be7,edee5737d062e9274e403eff4ad67e12,delivered,2017-08-22 11:50:48,2017-08-23 17:33:33,2017-08-24 19:13:45,2017-08-31 16:09:45,2017-09-18 00:00:00
fbaea27eafbf4ac56866115c9096c490,b29ad9fdba379bec39155c8fb07b94e5,delivered,2018-08-01 16:19:18,2018-08-01 16:35:09,2018-08-02 14:06:00,2018-08-09 00:12:06,2018-08-23 00:00:00
ece77ff7c87f439ddc4a2eb28c208ac3,d16e5fe6b27a647492b572f397b7a4d0,delivered,2018-03-07 11:25:34,2018-03-07 11:50:16,2018-03-07 23:38:57,2018-03-24 13:17:25,2018-04-03 00:00:00
b3b54427f53d13f6063ef7007bf7d371,887b174b639244a9b4a1fd79ce593eac,delivered,2018-06-21 08:41:07,2018-06-22 02:59:29,2018-06-22 13:26:00,2018-06-25 21:38:32,2018-07-04 00:00:00
3a47466ddf60f686bf60e6cc66ed45aa,1894bfd42e8ad783c68fc0a21c685916,delivered,2017-08-16 23:11:39,2017-08-17 01:25:04,2017-08-17 21:03:38,2017-08-21 21:59:59,2017-09-05 00:00:00
e5b56ce7a1b3dd73d7425145a4319df5,4274d167515becbd8785581fe3f4c7a0,delivered,2018-04-23 03:09:54,2018-04-24 17:21:36,2018-04-26 12:34:00,2018-04-27 18:58:47,2018-05-08 00:00:00
46d041b384bbdb77141815dd111b0e43,3ca7e43debc8bd63b6b3dfae174f2147,delivered,2018-08-11 21:20:06,2018-08-11 21:30:10,2018-08-13 08:31:00,2018-08-14 19:51:19,2018-08-17 00:00:00
7049ca1ff975d9decf0802e3cb983e40,de6d5b2433965424935bdd44a843dc69,delivered,2018-03-19 23:03:17,2018-03-19 23:15:51,2018-03-21 19:41:49,2018-03-29 22:52:50,2018-04-05 00:00:00
8f82857f5a738c96bb40a551c4c0bb40,c1afe3fd5cbd1a4e784e6f77ca2fbad6,delivered,2018-06-28 00:15:35,2018-06-28 01:11:09,2018-06-28 15:41:00,2018-07-04 22:43:38,2018-07-31 00:00:00
ddc7e0a6253bc5f668507296a8d17c85,98ee0e7037a72a373dde3cb7eb3dff5b,delivered,2017-06-05 15:00:11,2017-06-05 15:10:17,2017-06-08 11:15:30,2017-06-09 23:59:25,2017-06-19 00:00:00
b240d7e249b17ae4e87e7fc8023378c0,ebc513ad3aed97e53c11e0e773c10152,delivered,2018-06-03 23:08:46,2018-06-03 23:29:59,2018-06-05 12:20:00,2018-06-08 05:59:45,2018-06-28 00:00:00
97e63289be97b0d9bfd3fad99000f662,cccb28497c90b025d9edebd93eca48e2,delivered,2017-02-05 23:49:25,2017-02-06 01:05:35,2017-02-07 11:43:52,2017-02-20 13:07:44,2017-03-21 00:00:00
521758adf4fa0c8f76b1488d0aebb48e,40403c2e9eafb740165e436a1949d5e4,delivered,2018-07-09 15:17:58,2018-07-09 15:35:12,2018-07-18 12:36:00,2018-07-26 14:48:40,2018-08-14 00:00:00
fd85297a862adfe046d2d8793daa5647,6bb879b47fd62a8235d7f6334cbb4755,delivered,2017-02-23 13:59:22,2017-02-23 14:10:12,2017-02-24 08:52:09,2017-03-08 15:23:58,2017-03-24 00:00:00
8fb0ae76c2b0405cb99251c49e2b251f,8851a3c5fac2f9c3abd2fdfe879889fb,delivered,2017-11-23 02:59:21,2017-11-23 03:12:20,2017-11-23 17:28:40,2017-12-06 18:18:34,2017-12-11 00:00:00
3845b4e2da60560abb35635828f40b28,57b1ec1572b6fd9579082b0bda9fd30c,delivered,2018-03-10 10:59:44,2018-03-10 11:15:22,2018-03-13 19:05:05,2018-03-19 19:39:26,2018-03-28 00:00:00
54f060705abd4a776a48a28f9858ca6e,7c559937ddc2dc285d511058d15dab5e,delivered,2018-06-19 23:26:12,2018-06-19 23:59:42,2018-06-20 12:40:00,2018-06-22 23:42:43,2018-06-29 00:00:00
0ac83eb5438f811c9d825c0a059a0f28,2c7fd840b20f1551c8a151f86349f19a,delivered,2018-02-19 19:54:43,2018-02-21 06:10:28,2018-02-21 19:26:40,2018-03-20 17:21:47,2018-03-20 00:00:00
456305699578d4ca0be9fa96f39efe0d,19704fe62ad38251594fca76aecffd6a,delivered,2017-07-10 16:41:44,2017-07-11 04:15:14,2017-07-13 12:56:01,2017-07-27 21:32:40,2017-08-01 00:00:00
5ad82a9fb12ff34f8883ccfaddf3da4f,1715df4e75c7b532c711759cac4d4148,delivered,2017-10-26 06:12:37,2017-10-27 03:07:05,2017-10-30 19:37:44,2017-10-31 19:04:41,2017-11-08 00:00:00
b67ec52e59f354dc01f81cc0fea68f1b,9f848af937f7549ea642cea283039486,delivered,2017-06-27 15:16:34,2017-06-28 12:30:11,2017-06-29 13:27:59,2017-07-06 13:22:14,2017-07-19 00:00:00
77ac5289e1fb34a1b4236cc77bf62866,4b2d305d5283dfc3fe60493756827c6e,delivered,2017-08-01 20:56:20,2017-08-01 22:00:16,2017-08-04 15:54:01,2017-08-10 18:56:49,2017-09-04 00:00:00
952e4f8f61bc655acb5734ca68d878ca,455af77da49fdbd3a31944b47fa29267,delivered,2017-05-29 10:11:28,2017-05-29 10:25:09,2017-05-29 11:04:56,2017-06-01 16:48:00,2017-06-20 00:00:00
cd8232ac6e4909a74d5b0203bf13e70e,479867a42c16c68bf10119d36056d485,delivered,2018-05-02 12:20:40,2018-05-04 03:12:04,2018-05-08 14:33:00,2018-05-18 15:40:40,2018-06-07 00:00:00
500497099772fef25f1c6fe433ce0f8d,99bef1df3bc670cf9f4def0f9c371fe2,delivered,2017-05-09 22:24:03,2017-05-09 22:35:26,2017-05-17 10:44:12,2017-05-24 10:24:01,2017-05-25 00:00:00
54249baa8f0143c895313b50999164ca,2094c493df40a2b91440dc9f91e395e5,delivered,2017-10-05 16:03:24,2017-10-05 16:14:20,2017-10-10 15:18:21,2017-10-16 23:33:50,2017-11-01 00:00:00
3cf7d2f50fc31d36d208c46a30855d22,f5b9a71412eaea204331a7c367bcd07a,delivered,2017-12-20 15:39:27,2017-12-22 02:39:28,2017-12-22 23:17:06,2018-01-03 21:13:01,2018-01-23 00:00:00
d9e98b1f6961932f22bf340d0153bbad,b7e6d605ef6d68ee56ae32f44ba064e9,delivered,2017-10-04 13:25:22,2017-10-04 13:35:21,2017-10-06 19:38:57,2017-10-17 18:10:50,2017-11-08 00:00:00
c38d4404acc45d16a0efea202c53271d,d280941cfae11e3a639136ab708b2c1a,delivered,2018-04-07 18:16:35,2018-04-08 18:15:21,2018-04-10 22:04:36,2018-04-11 13:48:52,2018-04-24 00:00:00
5fb7722468335f3e0c49814fb820fff6,ef2493627ea24d23c6a4cb601f403044,delivered,2018-06-26 13:44:01,2018-06-26 13:56:18,2018-06-28 13:49:00,2018-07-03 22:08:41,2018-07-23 00:00:00
35029df95fa6e0af9bdba562f4fc8fb5,0d790691b3b4bbbf5ed30d3fde7b5073,delivered,2017-04-16 22:49:24,2017-04-16 23:01:41,2017-04-17 18:25:59,2017-04-27 08:23:02,2017-05-15 00:00:00
c3a937f97910c3602c1e4cdb4b951b1e,7060be088f6226bb01433b3e2b36ad1d,delivered,2018-07-01 07:36:35,2018-07-01 07:49:55,2018-07-03 12:16:00,2018-07-10 17:11:44,2018-07-30 00:00:00
f9343125e70ddf02e5f091885f0d7920,35596f8957cb98a5db59435c2bcc5816,delivered,2018-04-12 19:49:26,2018-04-13 13:14:08,2018-04-16 20:08:44,2018-04-23 18:21:14,2018-05-04 00:00:00
d9fba4d4669d79e886681d5bfbdf9f17,7987b6603447377559edba58464a6759,delivered,2018-08-25 12:50:59,2018-08-25 13:04:34,2018-08-27 14:23:00,2018-08-30 19:18:27,2018-09-13 00:00:00
7a29d9cef76355b4b32321cc4c9e58fa,f33f9a5c45222b8094156815aab081bc,delivered,2017-03-20 12:19:19,2017-03-20 12:19:19,2017-03-24 12:24:24,2017-03-29 11:07:42,2017-04-06 00:00:00
c0c017c50d82e3833bd2e0a45b66b14c,280aa7f3ab12ed7c00216fb78fa0d065,delivered,2018-01-07 13:33:41,2018-01-07 13:47:07,2018-01-08 16:27:07,2018-01-09 17:59:17,2018-01-24 00:00:00
60a33bdbdd12f868ce8db165ae533c18,fc821401a1841453aef1515d55b09399,delivered,2018-07-02 18:23:17,2018-07-02 18:35:19,2018-07-04 10:03:00,2018-07-10 16:31:32,2018-07-27 00:00:00
f1ff6b4b59eb9cfef1cd47ad35743e93,eb316bf04a90b4dbeba933542e543476,delivered,2018-08-19 23:12:41,2018-08-20 13:49:39,2018-08-20 14:10:00,2018-08-27 23:09:31,2018-09-03 00:00:00
03c7d8b2c13e98ae77a8167d1a8be2bf,ff5231b8a2bfe583c3ff95675d3f4c0e,delivered,2018-01-18 19:34:36,2018-01-18 19:53:13,2018-01-19 16:54:27,2018-01-22 20:35:49,2018-02-02 00:00:00
3decae904e0d1597367e65995c3f20b2,7ee354fee27d327cd88d09ebfd48c1c5,delivered,2017-03-09 16:43:17,2017-03-09 16:43:17,2017-03-10 10:38:06,2017-03-14 12:12:26,2017-03-29 00:00:00
6e0cccf352909a9f784049b8e9005e82,894d3aa8af27666a91f56a3e102e8cf9,delivered,2018-06-11 11:17:47,2018-06-11 11:40:12,2018-06-13 18:58:00,2018-06-21 23:02:33,2018-06-20 00:00:00
28102fcf855de00539e3b6ab0920648b,89056b2877a2be69b4e9c9d7ebc3ae5d,delivered,2018-06-09 12:42:51,2018-06-09 12:58:57,2018-06-11 16:17:00,2018-06-27 15:33:37,2018-07-11 00:00:00
2fb597c2f772eca01b1f5c561bf6cc7b,217906bc11a32c1e470eb7e08584894b,delivered,2017-03-08 18:09:02,2017-03-08 18:09:02,2017-03-13 08:54:02,2017-09-19 14:33:17,2017-04-17 00:00:00
025c72e88fbf2358be05c594d4ad5091,4e766deafc3ec54aa57cb6d4d705e506,delivered,2017-03-15 21:24:27,2017-03-15 21:24:27,2017-03-16 13:54:27,2017-03-28 16:08:03,2017-04-13 00:00:00
1473b56d2b79b9044a78f3aa69469a69,c919633fca86b232fd7ccb55e4e1c299,delivered,2017-11-28 01:29:00,2017-11-28 02:26:10,2017-11-29 21:26:59,2017-12-04 16:38:54,2017-12-18 00:00:00
a11cd01ac67beef7e8bf09740d8a35c1,51438ab3adcedb8f8c5b9e860f6d57f6,delivered,2017-03-10 18:29:46,2017-03-10 18:29:46,2017-03-20 14:22:06,2017-03-22 09:06:14,2017-03-29 00:00:00
06c9d7fdab61bfa60de3edd9ec99a28b,8445054b3aa0f68751e0f1ce5af349e8,delivered,2018-04-03 14:13:38,2018-04-05 02:27:47,2018-04-06 23:44:49,2018-04-14 00:26:22,2018-04-27 00:00:00
ff2af1986f4b629f951d340d0a0f755d,6470fad7c87e2dc4edf0d527b4641c6a,delivered,2017-10-16 00:17:09,2017-10-16 00:35:20,2017-10-20 21:57:53,2017-10-31 22:53:41,2017-11-14 00:00:00
ef14069256aa13ccc53f945fd0aa70ff,16c9cbb7083e73d565e74dcd7278d349,delivered,2018-08-13 13:40:37,2018-08-13 13:50:23,2018-08-16 12:34:00,2018-08-21 22:08:41,2018-08-24 00:00:00
713ab5cfa6f7bc9064c48297201793f3,6dc10530802d3da9db8c93dda0c58371,delivered,2017-12-06 07:57:09,2017-12-06 08:16:31,2017-12-12 19:38:35,2017-12-23 14:39:46,2018-01-04 00:00:00
d7c663de1470a2d3671791d3f093991c,9d5649c260bd257ab401500072c4eb2c,delivered,2018-05-26 18:25:53,2018-05-26 18:35:12,2018-05-28 13:37:00,2018-05-30 17:42:12,2018-06-28 00:00:00
a9de870f0ab5215e33e82eb181f7bc44,c7fabd6746cfefcfc0419147db8eeeb5,delivered,2017-10-03 21:51:02,2017-10-04 16:28:14,2017-10-05 12:33:12,2017-10-16 18:46:00,2017-11-03 00:00:00
41be34ce9e31139caddf65c45ec3a39c,6189a73b7dc79f6210addc1fe2b742cd,shipped,2018-03-01 23:08:55,2018-03-01 23:29:48,2018-03-02 16:45:02,,2018-03-23 00:00:00
55fb38301e16de4684bb543bf4512b12,8b4cec2486696187fd2d2d5c662774fe,delivered,2017-09-14 15:42:11,2017-09-14 15:55:19,2017-09-15 17:29:56,2017-09-26 23:07:42,2017-10-05 00:00:00
bfd0c2d2890d1ef6f525a21ac63bf5e9,cd0bfb46992af3f658a01eaef07d8412,delivered,2018-06-20 13:27:43,2018-06-20 13:57:44,2018-07-16 11:12:00,2018-07-30 21:52:56,2018-08-02 00:00:00
6ef68a30425925354c7d5c7d4f664ab4,59b4f1123326b6a40784109e1b25b7ee,delivered,2017-05-22 22:17:46,2017-05-22 22:30:17,2017-05-26 13:55:37,2017-06-02 12:34:34,2017-06-20 00:00:00
712019d1870cae651794147ac4d25da0,0c0cff01107d9555110f6a6f0df65dd6,delivered,2018-01-06 23:01:03,2018-01-06 23:10:24,2018-01-08 22:26:16,2018-01-27 17:06:30,2018-02-07 00:00:00
e6bdeea6ac191cf9e397ab90f5db13ff,9d411d77d805b79ed58874e369a02b84,delivered,2017-06-23 13:58:26,2017-06-27 03:45:25,2017-07-14 14:38:00,2017-07-24 15:12:11,2017-08-07 00:00:00
3fd2bc52f78d2ba4e12276c4ad7578b9,38efc316910029abb94b32e27de7bd11,delivered,2017-09-22 12:17:49,2017-09-22 12:30:10,2017-09-22 20:47:53,2017-10-02 15:42:51,2017-10-26 00:00:00
82c4a1e90ae81031b8bbd68f32130787,9dd7b7e6d68c3ed750cc7defc8a77b25,delivered,2018-03-13 15:51:29,2018-03-13 16:10:27,2018-03-16 19:58:50,2018-04-04 17:21:22,2018-04-03 00:00:00
a48abf79f4b815add190fb96a34c058d,28d348bde67f80e5b6427e06648e0d59,delivered,2017-02-06 15:59:04,2017-02-06 16:10:20,2017-02-07 08:34:55,2017-02-14 14:12:05,2017-03-13 00:00:00
6949cb0f930807e75f78dda8da436c81,c0c18a75f9998079c1e8cf8bd1f40e3c,delivered,2017-09-18 13:12:04,2017-09-18 13:30:35,2017-09-19 19:51:11,2017-10-09 22:07:01,2017-10-10 00:00:00
be00592915ef8e320b1604f87cb91239,c3dcabf8ac5a6e6eb0e29104c4c31b9a,delivered,2018-03-20 11:13:42,2018-03-21 02:49:06,2018-03-23 16:42:34,2018-04-04 19:14:32,2018-04-17 00:00:00
11ff39d90a8e9d316353b0a516c7a508,4db1727486f69718caa8e66ce168e48c,delivered,2017-12-20 11:47:04,2017-12-20 12:10:14,2017-12-20 22:53:36,2018-01-16 00:34:50,2018-01-17 00:00:00
ea88ef80cceb79ad79ed25ed33d0b7d9,67198606d2a581bfeba1a019e45ab276,delivered,2018-05-03 10:09:55,2018-05-03 10:57:05,2018-05-08 14:45:00,2018-05-11 22:46:21,2018-06-04 00:00:00
e82821e8f1ffd4b14d53774b740db796,a32a659dc7f8e7fc55f44945f97dfd89,delivered,2017-11-05 13:49:38,2017-11-05 14:06:45,2017-11-07 15:55:02,2017-11-13 20:34:01,2017-11-24 00:00:00
a7d6efcf25cbcbce23dbef446eb827d6,9b684ecb3042a93d9476416aa979f289,delivered,2018-02-17 10:04:31,2018-02-20 07:27:42,2018-03-23 01:03:01,2018-03-27 15:16:56,2018-03-19 00:00:00
33a67fb276caf546d718a4b4d19fea26,cd221328224fe4d038b6e3d3ef1a4838,delivered,2017-07-20 18:59:17,2017-07-20 19:10:14,2017-07-21 21:06:40,2017-07-27 15:47:29,2017-08-02 00:00:00
c6381f3e639ac6b8e42d76ddd28229ed,edb5a1337d92be57d786844ee7a48a69,delivered,2017-10-18 22:03:21,2017-10-18 23:28:59,2017-10-23 12:04:45,2017-10-25 17:14:56,2017-11-06 00:00:00
a006ea86ca084e35d8b24250d1321ef2,cc27b8e8cb3162001cceb7ae00801b3b,delivered,2017-07-17 16:14:02,2017-07-17 16:25:20,2017-07-19 16:32:21,2017-08-22 19:53:17,2017-08-17 00:00:00
4603cc4d4654635e3c16a1ac226036f4,698b3c135274f6effb8ce299935872cd,unavailable,2017-10-12 16:18:54,2017-10-12 16:35:34,,,2017-11-13 00:00:00
45f3c6b73e741b9f127da84371a0cd90,c6d27a74743430e10b396edcb26d7e38,delivered,2017-10-02 09:55:36,2017-10-03 04:28:24,2017-10-06 18:39:11,2017-10-19 16:36:39,2017-10-26 00:00:00
9369e6a8348c5db62ce50008dfc39244,fbb43bb6c6acb8c718f9d2605526681b,delivered,2018-05-04 03:40:39,2018-05-04 15:51:23,2018-05-07 15:53:00,2018-05-14 20:36:54,2018-06-21 00:00:00
a7931d1356ebfaff87f69f952ff58208,c892fd675db782773ba7aece9755b33c,delivered,2018-08-19 22:33:33,2018-08-20 22:30:12,2018-08-21 13:09:00,2018-08-22 19:04:51,2018-08-24 00:00:00
402df52ba885529dfecfe3de3788b7a1,98d0d7b56387880c76e991775addc133,delivered,2018-08-24 21:42:26,2018-08-25 12:35:19,2018-08-27 10:24:00,2018-08-30 18:28:45,2018-09-10 00:00:00
2c4194cb7130f5749ed2f4e8d7328b0d,8df5730b67f4eadd0000f71bbee6dba6,delivered,2018-04-26 13:32:47,2018-04-26 13:51:08,2018-04-27 14:15:00,2018-05-04 11:03:13,2018-06-04 00:00:00
e5cbc7a4083ecd89bb5fbe04c2fb5eaf,c8fbcdbe0f00eac7bb22aedc4440d540,delivered,2017-03-16 15:44:19,2017-03-16 15:44:19,2017-03-20 11:08:34,2017-03-24 15:55:33,2017-04-10 00:00:00
dc2152f56d388bfc5f358fd79d3e6bdc,57ff13230528d1b9ef2269694165b361,delivered,2018-08-19 21:36:57,2018-08-20 13:30:39,2018-08-21 09:08:00,2018-08-30 00:21:01,2018-09-27 00:00:00
01cadf993df82ff0e318addbd022f0fe,25ed0dc24f7c50b87f638e5b368d06ca,delivered,2017-10-15 19:48:23,2017-10-15 20:20:24,2017-10-16 16:38:15,2017-10-23 18:38:59,2017-11-10 00:00:00
f4d6d01b8368046a6fab4c973f283769,adc254a5276dce1590f9e614704382a7,delivered,2017-12-26 23:34:33,2017-12-26 23:47:31,2017-12-27 18:42:55,2018-01-11 18:42:05,2018-01-31 00:00:00
cebfb93d43892425be3fe47edbb54347,2a851126045f8187455b0184079abcc8,delivered,2017-08-11 07:54:06,2017-08-12 07:45:05,2017-08-18 20:15:03,2017-08-28 19:16:04,2017-09-20 00:00:00
e3d1d37007a4d31d2269ba250664f6b2,74f6b68ef147f4ed4c8abde5f5960481,delivered,2018-07-16 00:21:02,2018-07-16 00:30:14,2018-07-20 14:26:00,2018-07-26 18:21:42,2018-07-26 00:00:00
cc791081312a967189fa0ec1f58d5ee7,3866b76bfb0afe45f073a0ff0b3b0e44,delivered,2017-12-05 22:15:45,2017-12-06 02:50:45,2017-12-07 19:53:26,2017-12-11 18:14:09,2017-12-21 00:00:00
8242b086009bdffe2eb081b77d4ca7de,94ee745f9c7998656cac472cd79c38f2,delivered,2017-11-06 13:16:25,2017-11-06 14:33:36,2017-11-08 19:22:20,2017-11-23 15:11:39,2017-11-27 00:00:00
bbeea8dfee8c14c1cf2d53c17971b6c6,1a01dcde907c2725b4170084bebc53e0,delivered,2018-04-27 22:38:14,2018-04-27 22:50:26,2018-04-30 19:45:00,2018-05-02 18:58:29,2018-05-11 00:00:00
c40cbf2797c3b0187b41ea072dcac55f,f04ba55a4b4264ecad954d2d6f7fe279,delivered,2017-06-28 08:47:01,2017-06-28 09:03:39,2017-07-07 18:46:51,2017-07-18 14:28:49,2017-07-24 00:00:00
0c349a33319c2d39efe799b472d71e7d,a1b1a9ff13df8a206377a149ceb54924,delivered,2018-07-22 23:10:44,2018-07-23 12:32:24,2018-07-24 11:02:00,2018-07-30 16:30:44,2018-08-08 00:00:00
014f1e63f9bd4f5578edcf4e5c305a0a,956b98e4d6642bc3c6ceccea5aa488a9,delivered,2017-04-09 20:17:53,2017-04-09 20:30:20,2017-04-10 10:37:41,2017-04-17 09:59:47,2017-05-10 00:00:00
4093e2a77fd359fe0046844307851f66,1c0d50fe7db361b639aada53b3558828,delivered,2018-05-10 19:41:10,2018-05-10 19:55:19,2018-05-11 14:36:00,2018-05-16 00:13:52,2018-06-12 00:00:00
a1f3e74249308258ba4eb2c22902d995,3da13cff7d394446376b0b435579b416,delivered,2018-06-08 22:46:45,2018-06-08 23:13:48,2018-06-11 18:38:00,2018-06-14 19:06:10,2018-06-28 00:00:00
f1cca725e736dcc2534a57415b0ae4a4,bff5cea3431075c771d15920f4366ad1,delivered,2017-07-13 19:52:30,2017-07-13 20:05:22,2017-07-14 18:10:24,2017-07-19 21:19:53,2017-08-02 00:00:00
e55fb3457f263ce9c93e88a934d7cc17,f185f0c103eaf4cdb003c5fd33d29a9c,delivered,2017-09-06 09:52:11,2017-09-06 10:05:16,2017-09-08 16:14:11,2017-09-16 16:19:28,2017-09-19 00:00:00
7ab5966251309fe2519cc5810895b2f7,2eb498becf09b365ba2d46dd08e2bf82,delivered,2018-01-14 14:15:13,2018-01-16 03:38:38,2018-01-16 16:39:57,2018-02-02 17:27:26,2018-02-15 00:00:00
be75420cd32a5c26b69ec360e62b65f1,157d75537a132081437134e62ff76512,delivered,2018-01-06 14:05:56,2018-01-06 14:12:28,2018-01-09 18:54:00,2018-01-29 20:19:01,2018-02-05 00:00:00
f0b96ba79d596f91b5ea273b9183b363,76704321b49d39de3fa159edb9ebfa9a,delivered,2018-07-31 19:51:59,2018-07-31 20:24:06,2018-08-01 11:12:00,2018-08-03 15:12:22,2018-08-08 00:00:00
d1aa2409cda0cbe698a489a0f9364c2a,5255f7cefc8d0ae4717a714b4484b5e5,delivered,2018-05-07 15:30:58,2018-05-07 18:09:51,2018-05-09 06:36:00,2018-06-12 10:54:55,2018-06-01 00:00:00
93d02f5f55e689031c89bf0162e50fc9,7d9b43e7df40315889242979a5df7238,delivered,2018-05-02 04:03:33,2018-05-02 04:35:12,2018-05-02 15:19:00,2018-05-08 16:10:53,2018-05-15 00:00:00
86f67a35fe1b268a04dab03c7cbdb333,05e3947be871234fa8082ff85b5ef480,delivered,2018-07-17 22:10:03,2018-07-17 22:21:51,2018-07-18 12:21:00,2018-07-24 19:28:49,2018-08-17 00:00:00
cf9e752831e5469f8efc0746767235f2,df88f317bdebd2b8f5fc2398547ba666,delivered,2018-03-26 20:13:11,2018-03-26 20:28:06,2018-03-27 19:18:43,2018-04-03 23:06:47,2018-04-17 00:00:00
f192fe5e9b2eea0553f09566de94b5b6,e1b895b6ad2adfcbe4a314fcd073b344,delivered,2017-07-21 18:43:05,2017-07-21 18:55:09,2017-07-25 11:19:38,2017-07-26 16:55:36,2017-08-03 00:00:00
bbde15031c474ab4519b10001935f416,f9fa6e564d1e4b3292ff8df1402c34ca,delivered,2018-07-05 10:22:32,2018-07-05 16:33:14,2018-07-06 11:34:00,2018-07-14 01:04:58,2018-08-01 00:00:00
95fdb59e0ee0274a8b9b1ba4641ae5db,d650366fad052046dd37d7438aaf5f74,delivered,2017-09-05 16:18:47,2017-09-05 16:30:09,2017-09-06 20:00:04,2017-09-12 19:15:51,2017-09-22 00:00:00
f2a6774c892c14709d530828352bdd34,f1346f37e95a3cc2daafc2aac77de500,delivered,2018-01-29 00:02:54,2018-01-29 00:10:22,2018-01-31 22:43:38,2018-03-01 16:27:02,2018-02-23 00:00:00
a6cb31bb597a9d756e3ee474b89ae272,316bfff658eecc62bb586e06fc31630b,delivered,2017-03-25 22:30:58,2017-03-25 22:42:27,2017-03-27 16:29:31,2017-04-04 12:18:08,2017-04-20 00:00:00
79ad173ce97ec1e564c9819eff96628e,1ed099dece19ec827760e48cb470fc88,delivered,2017-11-14 17:32:32,2017-11-14 17:46:15,2017-11-16 11:44:48,2017-11-21 19:03:35,2017-12-05 00:00:00
7dedf1dc7e4fa0841ea52877fa906244,d6ba00945fc94080e793f23373067499,delivered,2018-03-10 14:14:07,2018-03-10 14:30:29,2018-03-12 22:44:27,2018-03-23 14:28:53,2018-04-09 00:00:00
ecadbb1baca4ac613473d62989309321,af4ea2d184d714d4e1b57caa68f0aa90,delivered,2018-04-25 16:37:09,2018-04-25 17:12:36,2018-04-30 06:17:00,2018-05-04 20:58:36,2018-05-17 00:00:00
04d93c61c57f9d6d4886adce5a64a9b0,606b9b7f9b4d451c3824adc8386d0557,delivered,2017-03-01 08:28:57,2017-03-01 16:35:18,2017-03-02 13:01:40,2017-03-07 07:53:41,2017-03-20 00:00:00
6c483afc20c0d15a5d0d7d35e2aa6231,b304102fa191d9d47af8c2fd5429387c,delivered,2017-07-15 15:10:44,2017-07-15 15:25:21,2017-07-26 03:23:17,2017-08-04 18:32:37,2017-08-14 00:00:00
33688e8b749940b759d6824ddf7f437e,3e21de36f45bda5fc08a8ddf5ff1ea3f,delivered,2017-11-24 18:35:32,2017-11-24 21:39:40,2017-11-28 22:55:47,2017-12-16 14:47:43,2017-12-21 00:00:00
3d56216916c4f573940c222a4d3e763d,b8d6201394a9836b34de56193754471c,delivered,2017-07-26 17:16:18,2017-07-28 08:43:46,2017-08-01 17:55:34,2017-08-09 17:48:15,2017-08-22 00:00:00
d2583409621fd344d75d3a27da727c40,ccc9f4665a052c90def8b7604384c6f2,delivered,2018-02-06 09:16:11,2018-02-06 09:30:21,2018-02-06 17:58:50,2018-02-08 22:18:50,2018-02-22 00:00:00
7336b444ed0c3b2431e2ec1e3f4ea91b,37f39e7a015413ba64cdf329b0bcc693,delivered,2018-07-25 15:33:33,2018-07-25 15:45:11,2018-07-26 08:58:00,2018-08-01 16:03:34,2018-08-08 00:00:00
30dd13b35c665885d4e25450971f3fb8,dddb02c034b32280ebb8b9f74ca209ed,delivered,2018-06-03 13:43:18,2018-06-03 13:55:08,2018-06-04 14:19:00,2018-06-12 15:32:33,2018-07-23 00:00:00
6f0ac9b2069a1f5b1518938be44d87ee,f71163ca2d359b4946347969445ee4d1,delivered,2018-08-06 11:02:35,2018-08-07 04:50:19,2018-08-07 12:53:00,2018-08-15 19:34:33,2018-08-29 00:00:00
098cd6e4219c395a4de25a34d1adcaee,583cfd6b691f0de917b193d39e7a1508,delivered,2018-03-27 13:28:41,2018-03-28 02:50:17,2018-03-29 22:32:58,2018-04-17 06:56:39,2018-04-19 00:00:00
dd1bd072c709a5e654fd047560eba5aa,71b5cbb958bd657c21d085a0d8d93ed4,delivered,2017-08-22 22:37:13,2017-08-22 23:06:54,2017-08-24 16:13:40,2017-08-28 22:19:08,2017-09-15 00:00:00
216c576eda21cb85b7b30d4668db4f91,b035aa8a03a453b62a62d1521ab965d9,delivered,2018-03-22 14:33:55,2018-03-22 14:50:22,2018-03-23 21:03:57,2018-03-25 20:26:41,2018-04-04 00:00:00
ed514599a6591d1a2df80bef99bbbf59,fb143fc86711d3d2c0fa08d408c78a74,delivered,2017-08-06 01:10:13,2017-08-06 01:43:13,2017-08-07 16:03:59,2017-08-22 18:27:56,2017-08-29 00:00:00
dbe2d1c6c34f5c31bb6736e1720c9b7e,3b5cb25012ce1400dbf62ed0995e1c14,canceled,2018-08-28 12:45:15,,,,2018-09-03 00:00:00
fd13223292a59ace605fd1f8b0956183,1cd3686dcba36634fb02546c59b48291,delivered,2017-09-16 21:48:11,2017-09-16 22:05:37,2017-09-26 20:05:06,2017-10-05 20:03:28,2017-10-11 00:00:00
088f6cd16a7a4bb22e9ab6dc417739c3,a6d7640f52f30dc6dbc120c31cfbebe9,delivered,2018-03-25 17:13:44,2018-03-25 17:27:47,2018-03-27 21:21:13,2018-04-02 23:14:40,2018-04-12 00:00:00
9f59586295a7d2e6c788a21e6cf5d8a9,87ba7b183e6455c57728e6b2520f85a3,delivered,2017-07-13 00:18:47,2017-07-14 00:25:17,2017-07-14 17:33:59,2017-07-20 19:27:51,2017-08-10 00:00:00
c2efe3316fd0545aecf304c9689a33c0,be4b5e9f7813a8204cfdb7650502cb17,delivered,2017-05-02 20:06:16,2017-05-03 14:15:22,2017-05-05 13:46:58,2017-05-09 11:44:16,2017-05-29 00:00:00
d0caa50d59dd78761abd9c1bdd06bba4,96437a804b26c621efedf71a229768bf,delivered,2017-12-06 01:17:43,2017-12-06 01:30:57,2017-12-06 20:52:16,2017-12-17 15:09:49,2017-12-29 00:00:00
7b881c16b6ad7bd81eff459120afd91e,dcbdfdc5db114b2e25c901492cea0c54,delivered,2017-06-27 12:35:02,2017-06-27 12:45:21,2017-06-28 14:52:07,2017-07-14 13:12:13,2017-07-19 00:00:00
d48a999f0dd3cb2fdaf985d4f116e1ec,ea7784656202befff58dfcf1171447b1,delivered,2018-03-05 20:32:50,2018-03-05 20:49:04,2018-03-08 22:43:32,2018-04-23 21:41:40,2018-04-05 00:00:00
e734700453d78cc2958b64b3b5613bcd,44a36762b3b2f6bc16c48380685d3d6e,delivered,2017-03-08 15:10:18,2017-03-08 15:10:18,2017-03-21 09:52:21,2017-03-28 15:12:15,2017-04-19 00:00:00
f46423982b1927442355a79e98c8bb29,6a93f59d910079c839072844fe72a98b,delivered,2017-08-23 02:11:58,2017-08-23 02:26:50,2017-08-23 17:04:57,2017-08-29 18:10:20,2017-09-13 00:00:00
c027f3c5515fef73b9212d8381c33b25,28845dc8e98f83d4da9aad8429125dd1,delivered,2018-07-17 08:48:58,2018-07-17 09:05:10,2018-07-17 13:11:00,2018-07-25 13:12:52,2018-08-08 00:00:00
bea1d77e861b4f44276f02d599d25705,7ea4dc55434223bffb2bb27163c60d80,delivered,2017-05-22 14:21:42,2017-05-22 14:30:11,2017-05-23 08:45:25,2017-05-29 07:49:37,2017-06-21 00:00:00
e6010bcb1cb9ceb44fdb0f15f817e25f,43dc5164445bf2972df8930fe3d651f5,delivered,2018-08-03 13:46:30,2018-08-04 04:24:03,2018-08-08 13:55:00,2018-08-13 15:47:45,2018-08-13 00:00:00
650437e1f9678defcc11934fb6307fe1,d2a1b8103fdf738eaa5a4b4f3e524015,delivered,2018-01-25 19:46:27,2018-01-25 19:56:24,2018-01-30 01:08:52,2018-02-06 20:37:05,2018-02-23 00:00:00
1290c400f098233da222e95ed69ec171,ae06196c4d2b039dcdd1889bd4992f65,delivered,2018-05-08 14:50:03,2018-05-08 15:10:01,2018-05-11 04:53:00,2018-05-17 18:46:50,2018-05-30 00:00:00
2ca369587935712412b0097c8b319bb6,703eb89c94533144bcad42f92dff2d4b,delivered,2018-07-15 18:28:55,2018-07-15 18:45:11,2018-08-02 16:31:00,2018-08-06 23:11:48,2018-08-29 00:00:00
176654c710164dc3eaf312ae5b533767,8d89a83025d86a9fc48b84a82ef97da6,delivered,2017-08-12 22:33:55,2017-08-15 03:35:31,2017-08-16 10:40:02,2017-08-25 21:22:31,2017-09-05 00:00:00
cd43510a9992792a9e22f4e9f8d20f4b,fe415a5a1222df38b1fb1f504b06901d,delivered,2017-02-02 18:46:27,2017-02-03 07:01:32,2017-02-08 14:14:40,2017-02-21 11:57:50,2017-03-23 00:00:00
8c3b7297f4d519ec5e4dc1f72b6165b1,e45233d12353c37d9a47b0e9d1416ab1,delivered,2017-11-25 16:14:20,2017-11-25 16:31:20,2017-11-27 20:24:28,2017-11-28 17:13:28,2017-12-11 00:00:00
e7c2a4bc576d34b0de11f0f0189184d8,b02feeaa0ecde7acff3446302f724940,delivered,2017-11-07 18:27:14,2017-11-08 07:06:08,2017-11-09 11:16:49,2017-11-20 14:41:25,2017-11-27 00:00:00
42ccc07cc09ff8b0c392b43f125ae1d7,4f380751268a4e7ba3e8a00394d2e1ea,delivered,2018-04-17 07:52:51,2018-04-17 08:11:28,2018-04-19 23:02:01,2018-04-23 20:54:50,2018-05-17 00:00:00
06a7f7a7fc6a846c853dd6f52a81be06,bc3b33c776afd3818bff753856688345,delivered,2017-02-12 21:40:53,2017-02-12 21:50:22,2017-02-13 11:32:22,2017-02-15 13:22:09,2017-03-13 00:00:00
5f92ad7a8f00f12846cf6f654966adc4,d7968fb7ef90ea3acb1a7330bc9a1c59,delivered,2018-02-07 17:31:09,2018-02-07 17:50:37,2018-02-08 20:04:29,2018-02-16 00:47:34,2018-03-08 00:00:00
9c3f6ca9fe9375ee0027174cf6cc3952,79b2d0f76b70f50f1321dd107498329a,delivered,2017-02-20 21:14:31,2017-02-20 21:25:35,2017-02-21 16:32:22,2017-03-06 14:09:07,2017-03-21 00:00:00
bdf0dff2c16a74482f5ffce31586700e,ab98d2da5363a55f4c3fac106aa2ab8f,shipped,2017-04-09 17:51:22,2017-04-09 18:01:58,2017-04-10 08:04:44,,2017-05-12 00:00:00
085b1f163267ab9db88bb6b4145e0df7,978092e16f71e6b97416a1763155e4e1,delivered,2018-01-19 08:13:59,2018-01-19 08:32:31,2018-01-20 00:48:28,2018-02-08 15:08:55,2018-02-14 00:00:00
6f515d972f4d8919ae573a155ab2d9bf,8aed318de518db4660a062339b604905,delivered,2018-04-04 13:03:51,2018-04-04 13:15:24,2018-04-05 18:38:38,2018-04-06 17:21:14,2018-04-20 00:00:00
10a2d53148bb79d540a6a2e7cb706cea,8f7a9e47419062d350d47d945dd28cfd,delivered,2017-12-06 05:11:29,2017-12-07 03:11:49,2017-12-07 23:07:06,2018-01-06 12:54:47,2018-01-04 00:00:00
312bfb221da51864b9fc4b361542ee5b,4ad01985d5063053b72dbd0191762f81,delivered,2018-06-04 19:33:54,2018-06-04 19:53:21,2018-06-06 14:47:00,2018-06-08 22:46:49,2018-06-28 00:00:00
78dd421c4700121100bb1297168a05d6,190b368f5dc9f4df66376860dbc8af15,delivered,2018-02-11 17:08:59,2018-02-11 17:27:27,2018-02-16 23:08:01,2018-02-28 20:58:46,2018-03-26 00:00:00
a327b5ecc65060cc462211724d715367,f63b5a41ad60764ade63d0cae2f8b5b2,unavailable,2017-12-08 22:41:10,2017-12-08 22:52:43,,,2017-12-27 00:00:00
15fbcfbb34bc49b1bd1cdbbb676de135,cd482c40033b2a1107deb3d9a10d14f7,delivered,2018-06-07 06:51:59,2018-06-09 03:13:22,2018-06-15 14:58:00,2018-06-25 18:05:17,2018-07-17 00:00:00
5c097b2906957e90e5958008194041ba,9198fff3ca81d8af075a62a0ff689040,delivered,2018-08-08 22:03:20,2018-08-10 03:25:37,2018-08-13 13:21:00,2018-08-17 14:04:47,2018-08-20 00:00:00
cdfdb4e7e805636ed4750f8dc333b01a,f63ca288648d57833c6d2b92d228b426,delivered,2018-03-13 15:57:07,2018-03-14 03:40:30,2018-03-15 17:36:31,2018-03-27 20:11:28,2018-03-29 00:00:00
31ee3947c87114eb0673d72864775bf3,dd2f524e2e32b02741d44311c4795291,delivered,2018-03-01 22:11:02,2018-03-03 02:50:51,2018-03-06 18:26:38,2018-03-23 01:58:33,2018-03-21 00:00:00
d2fb62d4ff8956f8a837609a902cd531,84434a091beb237c00b214e254580be4,delivered,2017-07-29 17:39:20,2017-08-02 02:36:10,2017-08-07 19:27:57,2017-08-11 20:17:58,2017-08-25 00:00:00
c3d20ed8b2a4660da61c57c8d46b6140,cc0f518f674be7b6495d266ef4699e11,delivered,2018-04-12 00:56:15,2018-04-13 13:29:38,2018-04-16 21:47:31,2018-04-24 20:58:47,2018-05-03 00:00:00
c5f9c59800d0f2f6124ea0cfa1ae8d1f,4799fe9675b9a46fb5b6737a494b2d2f,delivered,2018-06-13 10:06:57,2018-06-13 10:35:47,2018-06-14 13:30:00,2018-06-19 21:26:37,2018-07-17 00:00:00
d5f7a7805bc55f3aa5f0c267ac2c77ed,c09a03c98715b144a33f291d19c17741,delivered,2017-04-27 10:28:05,2017-04-27 10:43:03,2017-04-28 09:14:07,2017-05-04 21:57:57,2017-06-01 00:00:00
b306fb3d8bca1a1605f5be5108fefdea,5d162124231c9ff55ac67aac49fe905d,delivered,2018-04-24 20:48:32,2018-04-24 21:12:57,2018-04-25 12:04:00,2018-05-02 20:07:44,2018-05-15 00:00:00
7d3c222c835eb5ed8a43158bc0779abe,0f21c32f9c3806e76f3caec9ed9c4dfa,delivered,2017-07-07 16:16:50,2017-07-07 16:30:16,2017-07-10 19:52:17,2017-07-17 21:19:33,2017-07-31 00:00:00
a12c7cc529c689355b84f45a8992971d,02e5c40ec97aefc28340fa9702651e21,delivered,2017-02-23 18:52:47,2017-02-23 19:05:09,2017-03-03 09:04:11,2017-03-09 06:45:50,2017-03-29 00:00:00
b02cdf25c3ec98d2a8c9c0906981e3af,6615759e7bae7a443a7f45937dbbb819,delivered,2017-05-10 10:11:07,2017-05-11 03:55:13,2017-05-12 08:37:31,2017-05-23 13:21:44,2017-06-02 00:00:00
47a0b966a6a543cd3817b26d40ab8041,845fb3e1855d0b89dc84ad803207a334,delivered,2017-12-06 22:59:33,2017-12-06 23:12:54,2017-12-08 00:48:59,2017-12-22 17:10:35,2018-01-05 00:00:00
0ef7736059e491311b0cc6bd02ca40a6,3414987e301876e9344b45d11c3a926d,delivered,2018-01-16 15:08:02,2018-01-16 15:19:33,2018-01-18 23:46:38,2018-01-26 15:22:33,2018-02-06 00:00:00
5fab55847de7117fd67d9522ef1db87d,1c9c9037a0b8785a354eff038ab99fc2,delivered,2018-08-12 09:20:39,2018-08-12 09:44:23,2018-08-13 06:01:00,2018-08-18 15:38:38,2018-08-24 00:00:00
09b6cccc4166713f232f26db93a5d21e,59b7bf209533f09866b42a6ea7076666,delivered,2017-08-04 12:01:39,2017-08-04 12:23:48,2017-08-07 13:03:37,2017-08-12 12:37:43,2017-08-28 00:00:00
db52cc46b34b6c79d06569a1f7163d7b,1af930e1051134b38027592f0890b19c,delivered,2018-03-30 20:19:11,2018-03-30 20:30:17,2018-04-02 19:12:20,2018-04-06 22:19:19,2018-04-18 00:00:00
2112c4e4b32f421f701b405f05242c3b,036a059499bb4fda443ab493f192ebe1,delivered,2018-06-02 19:55:09,2018-06-05 03:50:19,2018-06-05 10:15:00,2018-06-13 19:44:37,2018-07-25 00:00:00
51965bbaf28462239df82affdbbb1301,30077c39313e8f71c1f94365474c741d,delivered,2017-12-01 15:03:07,2017-12-02 02:37:26,2017-12-04 18:34:49,2017-12-05 16:47:08,2017-12-19 00:00:00
d35d04877fd2f044b404b6e80567532b,01bb4e5dc779fa3f09a2c2cdf9561f7a,delivered,2017-11-27 15:11:04,2017-11-29 15:13:59,2017-12-01 19:37:57,2017-12-18 17:43:23,2017-12-20 00:00:00
6bd11fe98af2b892fa7e7dbeb3e40cb6,6776335dbd77be669daf0506f0672262,delivered,2017-11-19 21:41:47,2017-11-19 21:50:30,2017-11-21 21:42:57,2017-11-27 17:54:19,2017-12-11 00:00:00
e77070db7fd22ebeaba41a390fe93a53,480fd1c536654f891eb72b71f4cc6bb0,delivered,2017-09-17 20:31:44,2017-09-19 03:44:11,2017-09-19 20:22:01,2017-09-22 15:43:32,2017-09-28 00:00:00
a54a8115a2feb724778f05afb10f69e5,624f47203285d5306dd47b908384e50e,delivered,2018-01-16 19:15:22,2018-01-16 19:31:12,2018-01-17 20:19:08,2018-01-30 17:38:32,2018-02-09 00:00:00
0e3669da7effc0dce5fe5e8a52bb5805,9239e5e8adf3005462a81ff994c43941,delivered,2017-09-06 17:15:02,2017-09-09 04:55:14,2017-09-11 15:50:33,2017-09-19 09:24:02,2017-09-25 00:00:00
02ce6664223305cea5b46ef1f2d81461,df3647cd1abeadb6a0fe143deb1b8cd2,delivered,2017-08-02 21:25:06,2017-08-02 21:42:54,2017-08-03 18:29:42,2017-08-08 15:41:45,2017-08-22 00:00:00
21f7e2c9460028c7700dfb23395f9a3e,f4bf1a2e51e9d44b9be1039aab49064d,delivered,2018-04-26 20:25:46,2018-04-26 20:35:18,2018-04-27 15:09:00,2018-04-30 22:26:37,2018-05-14 00:00:00
9b5be2b2b32aab3c2d528cef27f8d6db,10df2de08a01e0a138f72206a5956993,delivered,2017-05-22 16:41:50,2017-05-22 16:55:19,2017-05-23 10:38:06,2017-05-26 08:23:50,2017-06-16 00:00:00
0adc694b12e2711cde18a5d31576bef2,9f0c1f084027175956642f25a0c96cba,delivered,2018-01-17 11:02:09,2018-01-17 11:12:20,2018-01-17 18:45:19,2018-02-15 17:14:46,2018-02-14 00:00:00
e616d46210bb3e58e38c5422a895f39b,612915de8f6eb958178e7f703fc51d22,delivered,2017-10-05 17:11:01,2017-10-07 02:45:10,2017-10-09 19:53:40,2017-10-13 12:07:46,2017-10-30 00:00:00
e9f2dca2852f01cd6047b07f225f2c68,15d63bd60a06e90dc6a42bac77e08b01,delivered,2017-11-10 22:21:45,2017-11-14 03:46:30,2017-11-14 23:16:49,2017-11-24 22:54:45,2017-12-01 00:00:00
e2fbbd87fea5a8b236b00e5b274b143d,f84a84e29c14ad446d76a1efbd7d6464,delivered,2017-12-03 23:51:12,2017-12-04 00:50:07,2017-12-14 19:46:36,2018-01-03 12:53:05,2018-01-10 00:00:00
1fedda1b294263f50d8f0f78bf5c3e6a,08f68c9d6b891c565a87205b547d21a8,delivered,2017-05-04 21:15:50,2017-05-04 21:25:17,2017-05-05 16:26:50,2017-05-16 10:12:49,2017-05-31 00:00:00
141a3a105ece0b78ebacac138ca4a4fc,3d65e3c476623177f95b4dc8e04b917c,delivered,2018-01-11 14:54:38,2018-01-11 15:09:30,2018-01-17 17:42:17,2018-01-24 19:05:07,2018-02-07 00:00:00
6def446d620c67c66889bf68e0552870,492048738031349eeec08979ca43bbcd,delivered,2018-06-06 16:28:44,2018-06-06 16:55:10,2018-06-07 15:32:00,2018-06-15 23:46:46,2018-07-24 00:00:00
edfe3bc4d2b074eedb26e934a171f2f6,d2c045169d51f3cf216c258b5fdb12c7,delivered,2018-03-13 14:05:11,2018-03-13 14:15:43,2018-03-14 19:27:20,2018-04-02 22:54:34,2018-04-02 00:00:00
cc97c71d908caa2c0b5754b35ebaccd8,f93d45c8956eda83cf46d2e0ce19e910,delivered,2017-10-01 01:48:27,2017-10-02 01:56:15,2017-10-03 17:38:02,2017-10-12 14:12:15,2017-11-10 00:00:00
20a9733a8c2daed3d21e51040ecb4f22,e9d35eaacfc6537094c57afffde0a75d,delivered,2018-07-31 23:13:42,2018-07-31 23:25:12,2018-08-01 12:01:00,2018-08-03 00:52:26,2018-08-06 00:00:00
e65fa5f31ce4436d38bcf5e109fd43e4,d9110683c7a282144e9fc97660026a28,delivered,2018-01-24 17:53:44,2018-01-24 18:12:41,2018-01-30 15:13:39,2018-02-20 17:48:37,2018-02-19 00:00:00
0ea360b42c5a190e93cf980fe3e1b736,36bf46cc485c39535135c33447264e2d,delivered,2018-01-15 17:03:20,2018-01-15 17:12:25,2018-01-16 16:03:15,2018-01-26 20:48:37,2018-02-07 00:00:00
3e37861f5eeb4e7f465390b54c79bca7,74ed6226fc58f6304ef1b52f22971c8d,delivered,2018-03-11 11:07:49,2018-03-11 11:49:24,2018-03-13 00:54:46,2018-04-16 15:17:31,2018-04-10 00:00:00
32d5345315b43fe6681946d54874262c,ab90b7ba878fe22fdf07e1c3ce458d30,delivered,2017-10-23 15:38:27,2017-10-24 06:36:44,2017-10-24 19:42:20,2017-11-06 18:38:06,2017-11-10 00:00:00
52577f39f9f27644903361597585d367,17a591e12299eb96e17f2986c3e2879c,delivered,2017-12-03 17:40:22,2017-12-05 04:13:45,2017-12-05 23:22:06,2017-12-08 17:38:26,2017-12-27 00:00:00
405ea1828ef697a508aea9cdafdc7e79,feb56fff80908f4fe956fbd278817f59,delivered,2018-03-27 19:33:01,2018-03-27 19:47:20,2018-03-28 19:46:57,2018-04-07 00:03:21,2018-04-23 00:00:00
89b2fb853193102092945ceae9c155a3,8c38e3742873ea9142ebf9d974969ef2,delivered,2017-12-29 21:14:34,2017-12-29 21:26:50,2018-01-04 22:43:05,2018-01-16 23:15:07,2018-02-06 00:00:00
b58cbfb87064005d62cb9fccbc720966,454cb2e166521abd12850178f0fbc238,delivered,2017-04-14 12:14:23,2017-04-14 13:05:18,2017-04-17 09:59:35,2017-05-07 13:46:51,2017-05-10 00:00:00
a733dd756bea706319508beaf3873a3c,8dd4d9f93579665bf92ba2692f8cf7e5,delivered,2018-08-18 17:01:48,2018-08-18 17:10:09,2018-08-20 17:15:00,2018-08-22 15:21:06,2018-08-23 00:00:00
d84d70e52f7b7abba77d84d49d97a134,873834ac00ab80de4d9cb2decaf0af61,delivered,2018-08-17 22:17:00,2018-08-17 22:30:13,2018-08-20 13:47:00,2018-08-27 18:32:08,2018-09-04 00:00:00
2bc105d35047d0a17ecab19d5007d7f8,b67c0101a12bba7b737685cae2832604,delivered,2018-04-08 19:32:48,2018-04-10 04:10:40,2018-04-12 00:19:47,2018-04-16 22:58:43,2018-04-30 00:00:00
5ae50807e27aa5da76c61f26abd3a04b,9ff88d5e97ce2d8b6d03be50f575318a,delivered,2018-07-22 04:06:21,2018-07-23 11:32:12,2018-07-26 19:28:00,2018-07-31 21:08:37,2018-08-08 00:00:00
748ccedb4212cac72eb13001aa236a1b,3e246973d99cbdd2098df64bbb29f9de,delivered,2018-05-07 08:01:22,2018-05-07 16:15:20,2018-05-08 12:00:00,2018-05-18 19:05:30,2018-06-07 00:00:00
2907efa1cdb55842fe6de4ad2b71d26f,3143b2da761120eee4352f329a0fc244,delivered,2018-04-05 23:58:07,2018-04-06 00:10:36,2018-04-07 01:16:41,2018-04-12 18:06:43,2018-04-27 00:00:00
2304fd42f10881dd456928039a1ef576,a4780d661b345ac6e6d00d0acad24cc5,delivered,2017-08-28 13:13:06,2017-08-28 13:25:41,2017-08-30 17:24:04,2017-09-15 19:32:42,2017-09-19 00:00:00
29b354bf7c5d99aba28b180fa56a2aef,42aceeb2ec87fe876c4c0ef9721d3623,delivered,2017-09-27 09:11:49,2017-09-27 09:24:51,2017-09-28 20:15:15,2017-10-03 15:19:17,2017-10-19 00:00:00
b645d720bd6caa9606b492b81c3f537b,5e78f8af6f430ad990614cd6a8c882d3,delivered,2018-01-26 17:46:58,2018-01-26 18:31:26,2018-01-31 19:41:22,2018-02-15 19:05:20,2018-02-19 00:00:00
d96d7f559007441c85e5bb679bca0feb,66c53652eba1381be9df548b07d5ce6a,delivered,2018-03-23 17:06:29,2018-03-23 17:28:44,2018-03-26 21:58:48,2018-04-02 17:56:21,2018-04-19 00:00:00
72af4684a55d706d5e011f13870c0648,7d8d274c36de5111d141260b020d51a9,delivered,2017-02-08 10:44:52,2017-02-08 11:02:47,2017-02-09 11:45:41,2017-02-11 03:51:47,2017-03-07 00:00:00
be46dcfc990766bfafdcc22141c7fb2a,0268654157b95bbfcb8cc3622adc9c8a,delivered,2018-04-14 23:28:11,2018-04-14 23:51:30,2018-04-19 12:27:33,2018-04-26 20:42:44,2018-05-11 00:00:00
cd1cc0b0cb5310080ed8f448be24d90d,dd7eb6ecd787c07ef08423cf05c6e56b,delivered,2018-06-17 20:58:46,2018-06-17 21:14:02,2018-06-18 13:21:00,2018-06-19 21:38:35,2018-07-05 00:00:00
b7077d240d1449882a2aa143b428b8b2,db41b8d7ff23d40f4002903e0109a136,delivered,2017-10-19 12:50:23,2017-10-21 03:07:34,2017-10-23 19:59:19,2017-11-03 17:04:58,2017-11-08 00:00:00
18edd05059b88de37d5667ff54a192bd,458ffa22478a3fac2da8c17151834d9e,delivered,2017-10-27 23:57:52,2017-10-28 00:31:49,2017-11-02 00:05:08,2017-11-08 20:11:34,2017-12-05 00:00:00
a79ff94e2b619ada69ba93bda509dabf,5ff78bac0b4943e13d653225befa39e6,delivered,2018-03-28 18:55:02,2018-03-28 19:08:22,2018-03-29 22:58:49,2018-04-12 18:38:28,2018-04-19 00:00:00
9710f97e7fb3ccd742ef8b5270d8d78f,aa5ca611bf23e034bfd48685d4fe006f,unavailable,2018-07-23 12:57:36,2018-07-28 23:31:01,,,2018-08-09 00:00:00
1ca643d83940d8a6482159517b32ddb7,dcf7c4a309fd8f1b1bf410e08ce5dd5b,delivered,2018-07-27 19:57:12,2018-07-27 20:10:07,2018-07-30 15:32:00,2018-08-06 21:58:44,2018-08-22 00:00:00
2044501bdcafe207535528038a6089fe,dc69189910231e3ab5a478f14ff70d52,delivered,2017-11-08 09:03:48,2017-11-08 09:15:31,2017-11-08 18:06:46,2017-11-13 19:57:10,2017-12-01 00:00:00
8f0dcae3e35bc2577f2ee00a4b016029,d5728a849d6ad2371a6481478e2c4ab1,delivered,2018-02-07 12:28:30,2018-02-09 10:11:40,2018-02-09 19:08:52,2018-02-10 16:08:32,2018-03-01 00:00:00
82610088a4ce6de77c1d6ca3f3d738e1,afffd1d006743e2b5228b81a44417246,delivered,2017-10-31 11:11:14,2017-11-01 03:26:18,2017-11-06 19:32:06,2017-11-13 14:26:56,2017-11-17 00:00:00
746304a164de98f57cfacf32e67b9af1,da90c6526afa51df0854027960309ead,delivered,2018-04-19 17:33:50,2018-04-20 07:10:50,2018-04-20 19:32:38,2018-05-08 19:11:52,2018-05-22 00:00:00
5beaa4fb9b23df20297e10365bfddcda,4cd0596665c1dea639509eceaa844e2c,delivered,2017-11-14 11:55:04,2017-11-14 12:11:02,2017-11-16 13:26:32,2017-11-22 23:59:02,2017-12-06 00:00:00
e9127430dbed91fff9f8be5b50f3c808,c4c81ff3e35e9170bc2cd16c291963b5,delivered,2018-01-27 14:03:26,2018-01-27 14:12:53,2018-01-29 23:08:44,2018-02-09 21:16:50,2018-03-07 00:00:00
34243752a921e87a8dae2ee748b71088,6425a05ee87b1d9fb535392f9e65bbac,delivered,2017-03-16 14:41:04,2017-03-16 14:41:04,2017-03-17 08:23:26,2017-03-24 11:33:29,2017-04-11 00:00:00
2eb148d17176fe23318301162e290974,1efc3e831bd27060077fa4113a602c85,delivered,2018-07-23 18:08:41,2018-07-24 09:40:16,2018-07-25 14:17:00,2018-07-30 16:42:19,2018-08-15 00:00:00
b8ba908a9b1931ca2008a76e2efbb62d,435372b49a3fe1855aa3c30b1f3ffcf4,delivered,2018-01-22 11:04:08,2018-01-22 14:53:17,2018-01-24 20:36:44,2018-01-30 16:39:55,2018-02-19 00:00:00
3fcef6f64992de28b33bffa27537d868,b3889ade4bf0e6c042b319f1618aed66,delivered,2017-05-24 16:09:42,2017-05-24 16:22:43,2017-05-25 10:39:18,2017-05-31 07:33:58,2017-06-16 00:00:00
fb845e7ec3f9c9eec92c1f2b163a7895,cbbfac864bf228e31822cc3b8adfcf5f,delivered,2017-09-30 12:57:50,2017-09-30 13:24:45,2017-10-02 13:39:08,2017-10-03 23:51:28,2017-10-26 00:00:00
96c9a85ac467d3065eb7f6d184672511,a8b68ee0362dd1f3db60fd5145d113d1,delivered,2017-05-15 22:23:53,2017-05-15 22:35:17,2017-05-16 14:42:56,2017-05-30 11:41:47,2017-06-16 00:00:00
581bc29c5d7f193bd3f1cc87c24ae067,0396cb45bf62655a5a16b9c8f306d12e,delivered,2018-08-07 01:22:06,2018-08-07 01:35:11,2018-08-08 00:17:00,2018-08-08 20:24:35,2018-08-13 00:00:00
b662bdadd70714c6b51d0d66049c6afb,75a4d1eec127caaf80d943aedf52ba3d,delivered,2017-10-22 17:04:22,2017-10-24 03:49:41,2017-10-25 13:12:30,2017-10-26 20:52:04,2017-11-03 00:00:00
9950ec4daabde8b94541d6e0fc19f702,59f582f90f6f47c5b89fc070bbd3fd54,delivered,2018-02-01 22:15:44,2018-02-01 22:29:15,2018-02-06 01:14:30,2018-02-21 22:52:53,2018-03-02 00:00:00
12ab522eccaca7c7be0e20ef475ea423,0d9895e91b2385df8c70089b49898392,delivered,2018-06-17 17:16:17,2018-06-17 17:39:05,2018-06-27 13:12:00,2018-07-05 01:16:49,2018-07-17 00:00:00
76ddefaaca25b27022eb9c68205583e3,2640d4ae56b6b352fa74a9acfddf0708,delivered,2018-02-26 12:24:02,2018-02-26 12:50:04,2018-02-27 16:17:08,2018-03-02 19:47:39,2018-03-16 00:00:00
a2e0ceb6d71b7658cd40852920066f75,377f28aeae8dd99d9a5209e0b87837bf,delivered,2018-08-21 17:49:25,2018-08-21 18:07:43,2018-08-24 12:26:00,2018-08-29 16:51:28,2018-09-03 00:00:00
23fcffe57a7d7ba1b95f489fffb19bb0,6d85546e9a590d861adfb5e1e97122e9,delivered,2017-10-28 23:53:16,2017-10-29 00:06:08,2017-10-31 19:59:34,2017-11-16 22:09:04,2017-11-23 00:00:00
17d3fed0f8f1fadf86cee573104d590a,861f0f5541b6bc7f636241019495d907,delivered,2017-05-13 22:13:35,2017-05-13 22:25:15,2017-05-15 11:43:50,2017-05-27 18:57:45,2017-06-06 00:00:00
938e24f88fdcd624734b6ba10ffdde6a,d67a9adc19a40eb71dc4cdcae8a45614,delivered,2018-01-06 19:18:13,2018-01-06 19:26:41,2018-02-08 14:37:06,2018-02-27 17:49:08,2018-03-20 00:00:00
73d8cc61665c773dfb85dc7fdb5c292d,c64c7fed4cc7e3fa5557d8fc6f9625d9,delivered,2018-07-20 11:32:44,2018-07-21 03:15:26,2018-07-23 14:26:00,2018-07-24 14:37:34,2018-08-14 00:00:00
565a27fae0aca550060e0f90a54495ef,0ac81c0790cd08bb157bdc505f4ab215,delivered,2018-06-20 18:58:05,2018-06-20 19:19:00,2018-06-21 13:07:00,2018-06-28 15:28:56,2018-07-20 00:00:00
1e7b55dfee29c0ed7edb54c8cfeaf244,b39004c388b1f2b9191a927a99b6cb79,delivered,2018-08-16 08:20:09,2018-08-17 03:09:42,2018-08-17 14:25:00,2018-08-22 22:21:24,2018-09-11 00:00:00
0e439875ab5824a65c5c2402b6302f3f,47ec91745f4835cbed3efd0c5913134e,delivered,2018-05-03 10:34:01,2018-05-04 10:32:34,2018-05-04 13:23:00,2018-05-10 15:04:06,2018-05-23 00:00:00
12b63c9981f087f01de97adb7f885540,0ffc6725f7acf582cc19d7db4b2e0c97,delivered,2017-10-03 00:25:47,2017-10-03 00:49:17,2017-10-04 20:22:37,2017-10-13 14:07:51,2017-10-19 00:00:00
34ebdcf6d440d454fd43e0595424acb7,3fafdfce933d4e075521618d2b8878f8,delivered,2018-04-15 23:18:41,2018-04-15 23:32:01,2018-04-17 23:28:51,2018-04-23 22:11:57,2018-05-29 00:00:00
bd8c777b163d434c13d72bc016869c97,721597f917f48a34ca1712b58166ddee,delivered,2018-08-02 15:35:05,2018-08-02 18:25:14,2018-08-09 13:35:00,2018-08-16 19:02:00,2018-08-28 00:00:00
4a03ac27b6a5ba3e30014433ff93cb80,d01cfbf8e18fcddbbd47f155c0e9cb68,delivered,2017-09-25 09:04:39,2017-09-25 09:15:17,2017-09-26 18:36:49,2017-10-02 22:27:48,2017-10-19 00:00:00
80b812cc3f7609fc00fba1b9beec3065,b550abac10e148e050efe03dd209aa73,delivered,2017-07-07 13:37:17,2017-07-07 13:50:18,2017-07-12 20:03:37,2017-07-21 17:56:58,2017-08-02 00:00:00
3df5b35afbdc0b5adb218570cc635139,20916c349490dd9d498717b5f8c9b14c,delivered,2018-08-11 11:55:38,2018-08-11 12:05:20,2018-08-14 16:29:00,2018-08-23 21:28:51,2018-08-29 00:00:00
7f4fc31e180fd06c1de45a945223f877,72d4958cd71988163a65a245caeae772,delivered,2017-07-04 06:27:25,2017-07-05 02:50:23,2017-07-05 15:04:24,2017-07-11 18:12:04,2017-07-26 00:00:00
a31055f64bb0e04b826375f282e88c6c,2bda20cb35fe59471eb900f7389cad57,delivered,2018-04-17 10:32:02,2018-04-17 10:53:16,2018-04-20 01:58:32,2018-05-05 13:11:37,2018-05-10 00:00:00
1e3d732b1d231004fa6b9c9141f53856,92a86e619888559f3e83f8a4957f6e32,delivered,2018-08-03 16:38:35,2018-08-03 16:50:10,2018-08-06 11:46:00,2018-08-09 15:09:35,2018-08-20 00:00:00
b04b5f6052511a30ad4b0fddef226949,66b29a5190ad492e1b525a72c716d36e,delivered,2018-08-14 19:27:11,2018-08-15 19:23:54,2018-08-16 15:07:00,2018-08-22 17:51:31,2018-08-30 00:00:00
e037080aea2d8cf5434282000d67c1ee,e083500378cecc0d7c91c8ec7e1ba661,delivered,2017-09-12 20:05:24,2017-09-12 20:24:11,2017-09-13 20:32:46,2017-09-21 19:43:59,2017-10-02 00:00:00
ba58afe54c3a57545b5f30a8f3a83d1c,9ef9212788d25fcf4f081195c5987024,delivered,2018-03-16 15:28:45,2018-03-16 15:49:39,2018-03-20 20:18:52,2018-04-16 15:54:34,2018-04-19 00:00:00
e9a96b5609c733e7d97b5a3d57c222e2,6b3b453b6808a078161c3c7fe3d65d77,delivered,2017-04-09 22:05:18,2017-04-11 03:55:12,2017-04-13 12:48:00,2017-04-27 13:48:06,2017-05-04 00:00:00
22f0b84a8a9c81b88650569e4a4a55a7,ac404dab8e3ccae7f16263ac1e693c6c,delivered,2018-01-23 13:12:10,2018-01-24 02:34:58,2018-01-25 15:13:23,2018-02-06 17:31:40,2018-02-20 00:00:00
2fcb286cb29d51ba670d1ae35aeacab6,95512e0ed7a522e627582ef07f02a3b7,delivered,2017-10-29 23:31:30,2017-10-29 23:45:08,2017-11-01 15:22:01,2017-11-09 18:28:57,2017-11-22 00:00:00
f571998fd428a610fa848c5eb34970dc,607a074ed4d512b341863cac94467a63,delivered,2018-05-01 18:18:28,2018-05-01 18:35:25,2018-05-02 14:15:00,2018-05-09 21:33:24,2018-05-25 00:00:00
213ede0c70c581ede2b365194da6d2fe,21119651f4644d55f2b8dc4221623047,delivered,2017-10-03 12:44:33,2017-10-03 12:56:48,2017-10-04 20:25:33,2017-10-10 20:46:12,2017-10-27 00:00:00
01978b8bae8292ffb4cee6abdf9b9089,a93aa8521621d68fc2a9bef496f701bb,delivered,2017-12-08 11:29:00,2017-12-12 03:57:24,2017-12-12 16:45:57,2018-01-03 18:47:38,2018-01-09 00:00:00
5e437aa4ed75f875937a1df3a2f41422,591dabcf056dad32574160278287db79,delivered,2017-08-14 10:59:43,2017-08-15 08:25:13,2017-08-17 20:04:28,2017-08-28 18:21:42,2017-09-05 00:00:00
017b11be3048fdfb58e63edc5fc8f4b8,1c34888248845ed3c9607a2652adad9c,delivered,2018-06-14 23:39:06,2018-06-14 23:58:27,2018-06-15 13:35:00,2018-06-25 19:51:39,2018-07-11 00:00:00
f7699c5eaa4b797013ef7a7e48cf42b7,9e00d50577b99758dc352144cfd13a76,delivered,2018-07-17 20:26:46,2018-07-17 20:41:40,2018-07-18 14:10:00,2018-07-26 19:12:33,2018-08-07 00:00:00
37c9baad44854a2d5ac7022b4228dbab,ce05207bad22b9e8c744d1b1ea2ea0d2,delivered,2018-03-28 15:12:22,2018-03-30 03:09:02,2018-04-03 02:08:44,2018-04-05 22:08:37,2018-04-17 00:00:00
3165f39a78f513c0877dc0d1ad69683a,c75bac65cdd6e3bafdd4398e63a3b0c0,delivered,2018-03-24 13:40:27,2018-03-24 13:50:44,2018-04-03 14:08:57,2018-04-13 19:06:24,2018-04-16 00:00:00
a101dc8c16d9f1b0217313ca346231c1,e4525ea87ab4389f2281f0624fb619cf,delivered,2018-07-16 20:43:32,2018-07-16 20:55:28,2018-07-20 13:41:00,2018-07-26 16:54:38,2018-08-01 00:00:00
8a90aa7c88256981f18784086121349c,8712d805700fade0c5aa62b792edcbbd,delivered,2018-05-09 09:58:45,2018-05-09 10:15:16,2018-05-10 15:12:00,2018-05-17 18:57:51,2018-05-30 00:00:00
db928c8eda4fc467e960390f20b6ddf7,5077f913059a0cc49bfdfb4dcd797f7d,delivered,2017-12-12 13:03:26,2017-12-13 02:51:04,2017-12-15 21:53:10,2017-12-23 13:37:48,2018-01-05 00:00:00
645fe97a0bdded23a1498357223769de,b1d84e2aa801586af3b21ed91bb9ae6f,delivered,2018-08-19 17:25:36,2018-08-21 04:35:30,2018-08-22 13:52:00,2018-08-30 14:47:46,2018-09-04 00:00:00
9eaec2635ebf99416ead21c62ef53f67,216b824e1aa1817c80b40f8f2f8b246c,delivered,2017-12-13 17:14:37,2017-12-13 17:31:27,2017-12-15 21:42:19,2018-01-03 20:29:09,2018-01-15 00:00:00
c5388edf36f442414419c24e6c65ee6b,e2a164a42f91a5ade4e93c5f07a87987,delivered,2017-11-11 20:22:10,2017-11-11 20:30:50,2017-11-14 16:39:14,2017-11-24 13:44:56,2017-12-04 00:00:00
ff7cbd73d6ce84294d3d40ec1a7e12f3,8c52d6913768a05524e8eacbe70a2808,delivered,2017-05-19 20:35:45,2017-05-19 20:45:20,2017-05-26 11:44:42,2017-06-07 13:39:19,2017-06-29 00:00:00
c52b0e0ae184fb645004980db2d194a1,556e9100d05797d5269afdc8d3a1a99a,delivered,2017-11-27 18:05:18,2017-11-29 18:12:38,2017-12-04 20:07:03,2017-12-27 19:49:03,2017-12-18 00:00:00
c5b977015b27b1b086bebf07bd454df6,eeac9716cda68b517145a971fdfbef5b,delivered,2017-12-06 10:58:00,2017-12-07 03:10:44,2017-12-15 21:09:09,2018-01-13 22:09:55,2018-01-08 00:00:00
54222af95be89a263082f3998e8bf8a0,3a2eba7ed9f9013e842467ecdc53c640,delivered,2018-02-21 13:20:01,2018-02-21 13:35:41,2018-02-22 17:48:49,2018-02-26 18:34:49,2018-03-14 00:00:00
b379b3d63e1948d3692990c4e0a5adc8,fe76f5f82711c01468aceb3b3eb7026a,delivered,2017-01-26 13:08:14,2017-01-27 13:31:43,2017-01-31 08:03:06,2017-02-02 15:04:52,2017-03-06 00:00:00
5fdf877402c5fd87596c00099933005c,cf7256c633d7b75adc48d8b8c2fbb7e2,delivered,2017-02-19 19:53:52,2017-02-19 20:05:17,2017-02-20 09:37:03,2017-03-08 05:52:31,2017-03-21 00:00:00
21387c13929b880edc728f519f72f0ae,55db0a13ed70f799eba92f0b2dcdf68f,delivered,2017-12-02 09:21:48,2017-12-05 04:12:20,2017-12-06 21:36:42,2017-12-12 01:08:51,2017-12-29 00:00:00
36181ce9f0459af55f5aae302b4b13a8,5f82b6799f7f5bda22833caafe7e8cd2,delivered,2018-03-12 19:37:14,2018-03-12 20:48:17,2018-03-14 19:24:50,2018-03-15 20:03:14,2018-03-22 00:00:00
ad729f060dc2a81423b87ca2845ef6a4,fecd996a56aa84a55cb259ac334e0a93,delivered,2018-08-18 00:10:21,2018-08-18 00:29:49,2018-08-20 13:37:00,2018-08-21 21:46:45,2018-08-23 00:00:00
8ed5de57cd5a8f586bf53161d135fbc3,28423ae8e61c1263b93d65790d9de166,delivered,2018-05-01 12:31:36,2018-05-03 04:33:06,2018-05-08 12:25:00,2018-05-10 23:47:50,2018-05-25 00:00:00
4b75f705b345b06e009842c77701f7cd,e36ec26bae335f7b13951d6897b8802f,delivered,2018-06-18 17:52:02,2018-06-19 06:35:53,2018-06-20 14:24:00,2018-06-21 21:05:15,2018-06-28 00:00:00
926e667aed4b5a389872a0777bceb8c5,042a0023939eb67c821adac70b70da2b,delivered,2017-04-28 19:02:57,2017-04-28 19:15:13,2017-05-03 15:37:23,2017-05-12 13:44:06,2017-05-29 00:00:00
010ab3b1993057e91f825c672375a66d,0e17f21d1c39581137b6cbc8d14bea37,delivered,2017-02-20 08:19:21,2017-02-20 08:30:15,2017-02-20 14:11:28,2017-03-02 14:06:14,2017-03-23 00:00:00
f3988a6f6afe000b1617ab4429c5396c,413222dcd7d8078653a8eaa81ba8d96b,unavailable,2017-07-11 04:47:35,2017-07-11 04:55:12,,,2017-08-08 00:00:00
242bcea719638feb8c102d38e67a4977,8db4bdf985764f1587a5a06107a28d1b,delivered,2017-11-26 08:26:42,2017-11-26 08:34:32,2017-11-28 02:22:06,2017-12-19 17:54:32,2017-12-15 00:00:00
8b160e3e272dcca4665850aae31ae6fd,4773a6473ca23c156f7a69ec38d0eb86,delivered,2016-10-08 22:41:36,2016-10-11 11:02:20,2016-10-21 13:58:38,2016-10-26 15:55:42,2016-11-30 00:00:00
b3523c5c1899c917f8d8c7ba39cb5571,822a469c601a7639db315155a642410d,delivered,2018-05-15 05:32:40,2018-05-15 05:54:51,2018-05-15 14:46:00,2018-05-16 17:38:52,2018-05-24 00:00:00
df9a83542974f3a48afb63552d2f4bc5,9d4c52eb6bd4259f6660207254a9d433,delivered,2018-08-21 15:19:04,2018-08-21 15:30:38,2018-08-21 14:36:00,2018-08-24 12:03:31,2018-09-06 00:00:00
58f43661df7f4ebc6182ed467729a405,efc682b906113fd3d8d7bec178aca886,delivered,2017-12-27 16:52:05,2017-12-27 17:07:24,2017-12-28 20:20:00,2018-01-29 22:22:29,2018-01-24 00:00:00
997c9f908691b9dc69c3b7b3a4433c65,0d08ac02306e9499991c9d47a434c68d,delivered,2018-03-27 19:11:55,2018-03-27 19:28:08,2018-03-29 19:49:07,2018-04-30 19:21:46,2018-04-30 00:00:00
955d472a5c7c0e6ee8d3ae51e258cf6a,462a17cd00cf6ff721ccf8ad82fac28d,delivered,2018-05-22 11:03:23,2018-05-22 11:15:26,2018-05-22 14:41:00,2018-05-23 19:13:12,2018-05-30 00:00:00
af4bc5e9bc2ad444c7d4e2fc8e45ebda,1143cb42a9d88baaa837658e0892f364,delivered,2018-03-21 12:08:41,2018-03-23 02:10:38,2018-03-26 16:03:38,2018-03-31 12:56:44,2018-04-12 00:00:00
132e2cd17bdaa2f84fc9cea118197634,2fc14824142e4206fb5848d2f9e43727,delivered,2017-12-28 23:10:02,2017-12-28 23:26:59,2018-01-04 19:58:53,2018-01-16 17:57:21,2018-01-24 00:00:00
f29bcfc9110dfb7b1fc0f77b31b749b8,f4d5a9f02a2d3ddca3595d199242badd,delivered,2018-04-22 12:45:00,2018-04-24 18:09:42,2018-04-23 17:33:11,2018-05-02 19:07:20,2018-05-18 00:00:00
cc747bcd22a8ec8bbddbe6c96945a5ad,bb3a6c24cbc3a31e2172ada378d04827,delivered,2018-08-02 21:59:52,2018-08-02 22:15:09,2018-08-09 08:12:00,2018-08-15 20:26:38,2018-08-20 00:00:00
b4fc77bdadd28d0ee631208831bc0d49,55b963cc1b4611c655ed0dab98bc4959,delivered,2017-03-13 00:26:12,2017-03-13 00:26:12,2017-03-13 10:20:59,2017-03-20 13:44:58,2017-04-07 00:00:00
aaefff6521e66b3e5c88bb2c93b9bc72,a9b14551e3b3b65aafda561259f08f03,delivered,2017-02-10 17:40:30,2017-02-10 17:50:14,2017-02-11 09:34:05,2017-02-24 07:41:19,2017-03-10 00:00:00
20850e5f8357a9477fbdbdae14e2de5e,17ca39ca2f5b7aa070abca19f330c5e2,delivered,2017-12-20 10:08:37,2017-12-20 10:32:00,2017-12-20 22:21:47,2017-12-27 14:56:55,2018-01-19 00:00:00
ace65bba8999142113cd63d84a6a71e9,5144672f3d4c43d179dc389a64de306a,delivered,2017-09-12 11:23:43,2017-09-12 12:05:09,2017-09-14 17:07:56,2017-09-21 18:50:22,2017-10-04 00:00:00
0a859572e5956923f4b083363aae7d7b,6afc62083bb702009f39e1b65e3bf2a3,delivered,2018-01-15 15:42:50,2018-01-16 03:50:55,2018-01-17 12:43:07,2018-01-26 14:45:56,2018-02-06 00:00:00
de6bab4da1dc5f9d599909b30747ba4d,0403515b897169ea1b001e4ea602bf84,delivered,2018-01-15 19:57:06,2018-01-17 04:31:16,2018-01-19 02:58:36,2018-02-01 19:54:00,2018-02-09 00:00:00
8cf67dfa08b350d79903184885a64f93,89cfc288cd2b6f9fa24562ff9c84abe0,delivered,2017-04-28 20:12:50,2017-04-29 06:35:38,2017-05-02 15:11:36,2017-05-15 15:39:55,2017-06-06 00:00:00
5543f9965dcbb6ebc4d28d9ce6a6c7be,564aa03ec3ce47210e4de58cd8c5d93d,delivered,2018-03-15 10:37:08,2018-03-16 03:50:29,2018-03-16 20:37:49,2018-03-23 00:12:16,2018-04-04 00:00:00
04814d2760b610101075888832621881,25631315ece1d1541fbede2ef9b2b379,delivered,2018-04-30 11:49:11,2018-04-30 12:15:23,2018-05-02 13:35:00,2018-05-06 15:47:38,2018-06-01 00:00:00
ff82173a9821071cdd3e554219a376c1,f1ae335df0c4b9403eedeab63a4b3ba7,delivered,2017-07-13 23:35:55,2017-07-15 03:25:58,2017-07-19 18:55:46,2017-08-04 14:24:50,2017-08-16 00:00:00
91bc8de419040aeb9a64f84039c5f1bb,b09127083e669f9addee8813028f4730,shipped,2017-08-01 22:33:52,2017-08-02 22:30:16,2017-08-04 18:24:40,,2017-08-16 00:00:00
fc57d3021b51a9424b4a35784601a628,6815bf204e3baca2b1b0fa5d285d3c99,delivered,2018-03-15 00:37:45,2018-03-15 00:50:27,2018-03-15 20:32:13,2018-04-18 17:38:35,2018-04-12 00:00:00
76263f760191f470b92de7f5ff14053a,674366004ccd62e6960110afc9998ffb,delivered,2017-10-13 18:56:10,2017-10-13 19:14:22,2017-10-19 19:44:54,2017-10-25 19:38:08,2017-11-01 00:00:00
6eeedb3e16d8072305be02562c253602,c08bcbf28cd7a7c95c95151a3ff141a4,delivered,2017-04-04 21:06:14,2017-04-04 21:15:09,2017-04-05 10:16:31,2017-04-08 22:53:55,2017-04-25 00:00:00
41dd305b35d3cac22fc8229f3179277d,a389075dd87304a5a17ced4d888d91ba,delivered,2017-11-25 15:24:37,2017-11-28 03:33:29,2017-12-19 17:06:08,2017-12-21 18:58:44,2017-12-28 00:00:00
6c78a9434dea28ba5f0dc29840509e67,d729159365c9d50643bfb026ffdbef04,delivered,2018-06-12 16:12:12,2018-06-12 16:51:22,2018-06-13 11:55:00,2018-06-14 21:33:03,2018-06-21 00:00:00
ccdcc52b2c054f91f8e3bc0aa65945cf,4284c642bfc4cac4ac6c6457cb6401b2,delivered,2018-03-31 00:35:17,2018-03-31 00:47:11,2018-04-03 15:51:25,2018-04-07 17:32:18,2018-04-20 00:00:00
1c3a07f6d5470538c2bbed1275e785b3,edbb40ab4c8d64be5445fbc8ff340b8f,delivered,2017-11-04 21:10:16,2017-11-04 21:25:34,2017-11-06 13:32:08,2017-11-21 18:28:49,2017-12-15 00:00:00
5dcfd31ce05e7696a4c635cc256a0364,59acf093c0d83e9d731710cc54fd6d92,delivered,2018-06-08 07:07:29,2018-06-08 07:15:09,2018-06-11 14:53:00,2018-06-13 13:56:43,2018-06-28 00:00:00
f3759e04439be59217e3d2bf21ed2303,3da04883e076862fef240992d9534e74,delivered,2018-06-25 19:15:12,2018-06-25 19:42:05,2018-06-26 14:37:00,2018-06-30 14:36:53,2018-07-26 00:00:00
6b7c42fb73fe0b5dc28a8ca2352df45e,9ee1afd234622551892cff9d2c11b96e,delivered,2017-12-06 14:06:15,2017-12-07 03:16:20,2017-12-07 17:32:48,2017-12-13 11:12:39,2017-12-29 00:00:00
fbd9cc8e07efb7ce22997fa2d2623551,e60f612c9536bbecceaad69c53388f2d,delivered,2018-04-26 22:09:42,2018-04-26 22:30:04,2018-04-27 10:15:00,2018-05-03 21:04:29,2018-05-21 00:00:00
20c2a60238ac437bd325af95c7148e06,65ae89abc9ee5d0923cc160953ac86ee,delivered,2017-03-21 11:39:45,2017-03-21 11:39:45,2017-03-22 16:14:23,2017-03-28 10:05:42,2017-04-20 00:00:00
99439b0756d8f30273d1a49e1ad02baa,83e472fc272a642c39a9ef2215561aec,delivered,2018-01-12 09:32:54,2018-01-16 03:38:30,2018-01-19 22:26:21,2018-01-26 22:17:57,2018-02-15 00:00:00
cf34f0c3c6464f6cbca4e16b810f5553,d95a81ea868bdd86e57b8a551862f3a3,delivered,2017-10-09 15:30:44,2017-10-09 15:49:39,2017-10-10 16:53:53,2017-11-17 00:04:42,2017-11-09 00:00:00
e2a2dd06d145888e8ae6cd472c742e7d,597e456d1bb6e8dbde1ebcae4734e978,delivered,2017-12-10 21:11:07,2017-12-10 22:09:29,2017-12-11 18:44:27,2017-12-27 19:33:00,2018-01-08 00:00:00
e29da678b1634c56e518d57a3354fbaf,359ad3b4fc253aaf69e36cc2bb4a6077,delivered,2018-06-10 19:12:54,2018-06-10 19:38:00,2018-06-11 13:31:00,2018-06-18 12:18:46,2018-06-28 00:00:00
f1849c4f06c0360ebf0862e55c31fa8a,be8192f200acabe8beb25da7611fcd3a,delivered,2018-04-15 20:24:52,2018-04-15 20:35:15,2018-04-17 23:22:02,2018-04-21 00:19:11,2018-05-09 00:00:00
963ac22d582d11d2bef4a834a74ddaf8,dbdb8deabd16936733388daf58e81b02,delivered,2017-10-17 18:50:47,2017-10-17 19:36:16,2017-10-18 12:08:08,2017-10-24 21:57:43,2017-11-06 00:00:00
dadbe5c0d37a042483c113e0cbbe2208,a1fbe4dbc015f0f3c500435cd4a4a0f2,invoiced,2017-05-01 10:43:06,2017-05-01 10:55:16,,,2017-05-25 00:00:00
662157b4251f62efae6f4ff7525c4961,5455991bd713bcaa1aa748d420f7e034,delivered,2017-03-27 14:09:19,2017-03-27 14:42:33,2017-03-28 18:42:29,2017-04-03 11:52:52,2017-04-13 00:00:00
3689194c14ad4e2e7361ebd1df0e77b0,40e2d0d7f6579118d9c02dcabf1fff65,delivered,2017-10-18 16:01:53,2017-10-19 16:14:29,2017-10-23 14:41:51,2017-10-26 16:08:57,2017-11-07 00:00:00
b779a5a05a7f2a1955da9631df2a275d,99fca759c58d196a5c671cd079fdc16b,delivered,2018-01-26 17:07:28,2018-01-26 17:23:04,2018-01-29 17:41:39,2018-02-02 15:15:14,2018-02-19 00:00:00
9be2582f6092606b2b3e9607581df63e,801ba07aa2b4e4ce09beedfceda64766,delivered,2018-01-11 13:10:48,2018-01-12 02:37:39,2018-01-13 02:51:34,2018-01-18 20:33:08,2018-02-05 00:00:00
6c2c70815110121a6d8183b1f605bce0,97c13b305177b18f0a127b1398264870,delivered,2018-06-13 16:44:29,2018-06-14 02:17:47,2018-06-14 12:20:00,2018-06-18 19:22:21,2018-07-03 00:00:00
c11b9c3650e886882788fb2f834dd152,2babdd28e3330374189b7be848c4342f,delivered,2017-10-15 13:14:57,2017-10-17 03:49:32,2017-10-17 15:25:59,2017-10-28 14:42:21,2017-11-14 00:00:00
6c8e518ac12b63752ec2f566bab61b79,95adab33dc843e33dbe2499bd2ce40e9,delivered,2017-03-26 09:05:42,2017-03-26 09:15:16,2017-03-28 13:48:21,2017-03-31 10:04:08,2017-04-13 00:00:00
183e1cca7e6e1aa97b65598a1b2fe6ea,c360bd993e7f4afc779462c4dae4e2e7,delivered,2018-03-14 23:49:32,2018-03-16 03:25:08,2018-03-17 01:58:33,2018-03-27 02:17:03,2018-04-10 00:00:00
f4dd7fe0a280db5ce3ad8d200ab0e93c,28f8b98795a100b5782dd3977dc1c84a,delivered,2017-10-16 17:09:59,2017-10-16 17:21:12,2017-10-17 16:47:58,2017-10-31 18:16:33,2017-11-08 00:00:00
198d8b83646f4c7c43be3a2e59364f1a,673c306944b76773b1ec7b6714ea754d,delivered,2018-05-08 15:15:02,2018-05-08 15:36:29,2018-05-08 16:34:00,2018-05-15 21:31:09,2018-06-08 00:00:00
bd6dce6c4936210f8fd197e2ba523fae,5614d75ab87c9cdd15aaa56ac850d034,delivered,2018-01-15 14:04:11,2018-01-17 03:39:29,2018-01-22 16:45:03,2018-02-21 15:29:37,2018-02-14 00:00:00
e4332fcdfe53c13a7ac6feff6e31b6b2,7853d90ea3e84a965b9c72a0ac7abf5f,shipped,2017-10-12 00:04:51,2017-10-12 00:28:35,2017-10-13 19:33:51,,2017-11-06 00:00:00
1ba061d75a157b11f745ec097005eda4,159f1c87084f4debf9fd5997e4f625ce,delivered,2017-08-31 17:33:31,2017-09-02 02:45:40,2017-09-04 14:09:55,2017-09-13 17:32:17,2017-09-21 00:00:00
06ab29b4849c4417bdac17b1e8a6e482,1f2fc9a5e5b79afd37cab0a1458277c2,delivered,2018-01-09 09:23:33,2018-01-09 09:32:35,2018-01-09 17:27:30,2018-01-11 15:48:43,2018-01-26 00:00:00
4615129c8ec596bf8b287b95934c7b78,e97bba2718a6ad6031cd22ec08306c0a,delivered,2018-05-03 17:03:37,2018-05-05 02:35:11,2018-05-07 14:34:00,2018-05-11 22:08:55,2018-05-25 00:00:00
660a02c58e33a4d888a10733703398a5,ec418576fd34a1b78480d1f2cb6efe97,delivered,2018-05-04 13:31:32,2018-05-04 13:51:08,2018-05-09 11:21:00,2018-05-17 21:21:28,2018-05-25 00:00:00
e41e7842fa15d821ce598a8b80915cd8,22263f5c5d6ca2fe997157c56fdf05e8,delivered,2018-08-27 22:34:17,2018-08-27 22:45:14,2018-08-28 14:15:00,2018-08-29 20:02:13,2018-08-30 00:00:00
489e9a78bc86403a43eed56b15c7c266,2acd4f56553f6a9b55047c9412e42ce6,delivered,2017-10-31 17:00:09,2017-10-31 17:32:14,2017-11-07 19:07:31,2017-11-20 22:36:27,2017-11-21 00:00:00
935c371b7a2e36eb22eb8e1031186ec4,eda568e61068a95e0c5d8f13b52e190d,delivered,2017-07-16 01:04:02,2017-07-16 01:15:39,2017-07-17 17:34:58,2017-07-31 22:33:18,2017-08-16 00:00:00
994c71d451ee0dd361119399d7ade19a,1441e5e09ae697e64322b63d1909bd4c,delivered,2018-07-16 15:16:46,2018-07-16 15:25:16,2018-07-17 15:27:00,2018-07-23 15:31:16,2018-08-03 00:00:00
67140d21efc3fbf8dbf3cdc8f2aaf005,33c05f040b3bb6708e7693876eedbabb,delivered,2018-01-31 11:57:33,2018-01-31 13:52:06,2018-02-02 23:51:59,2018-02-14 22:28:51,2018-03-08 00:00:00
8f1379d8dae370a771036f31d6b19560,7031864739c61a5d7a771f224a9f295e,delivered,2017-02-17 18:06:13,2017-02-17 18:22:51,2017-02-20 13:53:29,2017-03-01 15:24:05,2017-03-17 00:00:00
9ee05256cfc9c15eb6b752dadd498501,d868158cd6433a3fbb700da54594b05a,delivered,2017-11-04 12:00:59,2017-11-07 07:30:29,2017-11-07 19:54:47,2017-11-08 17:19:33,2017-11-21 00:00:00
15584854fbd0fc60db2724d79a08330b,37f58f1d7a8bb23f1343a3da94ac40e4,delivered,2017-09-28 14:30:21,2017-09-30 02:14:46,2017-10-04 17:13:39,2017-10-06 17:52:23,2017-10-23 00:00:00
84b9993a4d8ffc1bde2fade8466fb07b,1cda2121be084b488b6ca6d827520919,delivered,2017-04-24 23:16:45,2017-04-24 23:25:19,2017-04-27 05:29:31,2017-05-11 05:33:50,2017-05-23 00:00:00
6471b260244ab316f8331321d689aff8,8310ed73d01e240966ac0b8127bc68b9,delivered,2017-09-16 16:01:47,2017-09-16 16:10:11,2017-09-21 19:44:09,2017-10-05 16:09:29,2017-10-17 00:00:00
fa9a30d528467b9e8e4ec84a6f9c4918,cf328e9adc688594ad4fc88c71d74590,delivered,2017-11-18 20:09:29,2017-11-18 20:26:15,2017-11-24 23:42:29,2017-12-06 20:10:53,2017-12-14 00:00:00
50ce8749a5de60da0378aedfa46c1e6d,64cd9338d3ef094dd406d660f738e7e3,delivered,2017-09-10 16:58:59,2017-09-10 17:10:16,2017-09-13 16:28:48,2017-09-28 16:38:08,2017-10-05 00:00:00
b81dc96814c73196e795524a469a2c35,ed3f4ba1e8981bd3773207b41a9de82b,invoiced,2018-08-07 19:13:51,2018-08-07 19:25:15,,,2018-08-21 00:00:00
40ed521be6e8041228d8007df60b8d47,ec1a4fc006c3758824c06841fd07c6dd,delivered,2017-12-19 11:21:25,2017-12-19 11:31:32,2017-12-20 23:59:16,2017-12-29 00:54:45,2018-01-12 00:00:00
370e2e6c1a9fd451eb7f0852daa3b006,55f7adf99fd2a2c01af34e2dfa272c9f,delivered,2017-03-11 18:34:44,2017-03-11 18:34:44,2017-03-15 07:34:16,2017-03-30 15:47:50,2017-04-10 00:00:00
52463ab7b28436f48c3ae2a48bc87ef5,42fa526f0f58f2ee8ee4c7791489426b,delivered,2017-09-01 17:56:59,2017-09-01 22:31:33,2017-09-06 19:37:40,2017-09-16 14:07:42,2017-09-26 00:00:00
e80e2664d9e641d53ecead2bda1c5879,c00d2790175a7606d80d2a6b105390ca,delivered,2017-03-05 13:54:39,2017-03-06 13:10:59,2017-03-08 13:22:31,2017-03-14 11:42:47,2017-03-28 00:00:00
505fc168ab839b442d590113f07ce67f,9da75a87d8365521c6cbb006f58686dc,delivered,2018-08-10 10:56:36,2018-08-10 11:05:17,2018-08-10 13:28:00,2018-08-23 21:43:53,2018-09-05 00:00:00
c2a8cb0a8bf007dbb36ed1c3bda6aeae,2c3d6d3172a4df1dba737f827dc503ec,delivered,2017-06-30 08:50:38,2017-07-01 04:43:24,2017-07-04 17:15:51,2017-07-07 18:58:44,2017-07-24 00:00:00
40d107a58a8282eacb49320fb8657036,c2685a05ad83cd0ced27766071ea094c,delivered,2018-03-09 12:01:29,2018-03-13 03:55:33,2018-03-16 18:39:07,2018-03-19 16:18:35,2018-03-21 00:00:00
3527757627581376738f42de35c87935,42b14764e9cf800aec2f02be2a085514,delivered,2018-04-02 01:19:30,2018-04-02 01:35:15,2018-04-03 19:47:13,2018-04-12 14:59:47,2018-05-08 00:00:00
baa5545eb30192ce3b92bcf1b8e19437,ff5a01862583adcd0f1715bb88931be2,delivered,2017-03-06 20:43:07,2017-03-08 03:15:10,2017-03-08 08:03:52,2017-03-14 14:34:14,2017-03-27 00:00:00
b219de816ac1fb22f2810734825aa76c,42bca2a6ab49d3415f30b19f265720f1,delivered,2018-06-12 10:48:25,2018-06-12 11:19:55,2018-06-12 13:06:00,2018-07-06 01:18:32,2018-07-20 00:00:00
cb122b9cb47f1559e0bc3dc167bc38ed,51965bd257c834f80a6dc936635a3ca4,delivered,2017-10-10 12:31:21,2017-10-10 12:49:26,2017-10-11 19:58:30,2017-10-19 16:29:10,2017-10-30 00:00:00
570b8c11496979f54bf5bb027e86fcd2,dfeeff17eede15ddd241f1b3071a541c,delivered,2017-10-17 09:06:08,2017-10-18 02:57:44,2017-10-20 19:52:48,2017-10-27 18:07:52,2017-11-10 00:00:00
c672b98a0a2c7259aefae3ac12397137,1818b3c40abed69918807911cad86ade,delivered,2017-05-22 12:10:50,2017-05-22 13:05:49,2017-05-22 20:54:50,2017-05-29 12:13:27,2017-06-16 00:00:00
3090dd6007fdfb9b78972782cb7cfbd1,dce33dfaf44a90e82481892c82729efe,delivered,2018-05-14 09:13:03,2018-05-14 09:32:27,2018-05-15 15:39:00,2018-06-09 16:28:34,2018-06-06 00:00:00
329dc72939ca5ca51023e9e8b2d4ca78,9d3024fe924d8bcee342b205d1b70090,delivered,2018-08-22 22:36:53,2018-08-22 22:50:15,2018-08-23 14:58:00,2018-08-29 20:31:52,2018-09-13 00:00:00
ebdc2767784904d954117766b466ab76,36596d0942c2f9e6a1bb3673aaf75ef6,delivered,2017-11-16 17:01:40,2017-11-16 17:16:04,2017-11-17 20:43:39,2017-12-23 18:23:38,2017-12-12 00:00:00
e934b2954c4889c8f00365ddf0ca9256,f7e1e56f489ab7f79c3038d4ccc571b2,delivered,2017-03-06 09:00:37,2017-03-06 09:10:14,2017-03-06 10:47:49,2017-03-14 04:58:59,2017-03-27 00:00:00
9c6b8dfbae8e7bac6fa1e9f198a5bb76,2249f071408bcad102a960d0c0d4f271,delivered,2017-12-06 09:47:56,2017-12-06 09:55:25,2017-12-06 17:59:27,2017-12-22 18:10:14,2018-01-05 00:00:00
758bed4c2450a7378b75ad480da89662,ed9315449fb7309a249c80b1da794775,delivered,2017-09-04 21:48:50,2017-09-04 22:04:15,2017-09-06 16:58:06,2017-09-08 21:17:45,2017-09-15 00:00:00
2dbe4c889950d30ef0988bbcac7ca86b,28f39e74fdd45c116b369e904c3a82c6,delivered,2018-01-22 08:16:50,2018-01-22 14:12:46,2018-01-26 00:42:07,2018-02-03 20:22:53,2018-02-14 00:00:00
3d989e705eac70bfb1f4a430924f3402,58cc4d3f5e77f3ea1a9f93f1f751fac0,delivered,2018-06-25 08:27:21,2018-06-26 05:15:24,2018-07-03 13:34:00,2018-07-11 18:08:53,2018-07-31 00:00:00
5f9e345bd69028860ff1b6a72c26dc45,93168e8e25b26fa8eef878cc62adb380,delivered,2017-06-08 17:42:20,2017-06-08 19:20:21,2017-06-14 07:49:00,2017-06-22 11:37:55,2017-06-29 00:00:00
837cfe6109d725950d55450c2121f7ee,d40de5aeac0e2f41891b0d062fc4b918,delivered,2017-03-07 13:42:13,2017-03-07 13:50:26,2017-03-08 15:17:19,2017-03-17 05:59:04,2017-03-30 00:00:00
094303c767dff093564257cc4d0e2c29,dface4a39e0988b07091bee092e06a0e,delivered,2017-03-19 16:55:53,2017-03-19 16:55:53,2017-03-23 09:33:04,2017-03-31 09:13:39,2017-04-24 00:00:00
7086e3b83e873f58a6933c0bbf734d19,5e0636e454fbf409d959e77c49a9e70b,delivered,2018-07-20 17:59:22,2018-07-20 18:10:20,2018-07-24 12:13:00,2018-07-27 14:03:25,2018-08-10 00:00:00
9728fc5dafb0d30b3b81562583396f13,b2efbe838b23a25bd390d03e4f6b9ba8,delivered,2018-04-27 18:12:14,2018-04-27 18:32:06,2018-05-02 12:52:00,2018-05-19 10:17:44,2018-05-24 00:00:00
504779028c4065be89d73e2b2aac60e2,6b4bbd473972925850acf5c7ff0a3b9e,delivered,2017-03-21 14:37:07,2017-03-21 14:37:07,2017-04-03 09:52:21,2017-04-11 10:32:07,2017-04-28 00:00:00
719027b52e8d8311d1550f3c980dadf9,1d7c0665130e4bc5656f0984641199ae,delivered,2017-09-13 16:10:27,2017-09-13 16:25:41,2017-09-14 17:23:59,2017-09-29 15:22:46,2017-10-10 00:00:00
75e7e33e52d884da90b436ae1da13be5,0127d98d4a7e205081ddac271d6b8e52,delivered,2018-01-07 22:26:40,2018-01-07 22:33:33,2018-01-10 17:48:51,2018-01-15 16:58:47,2018-01-24 00:00:00
b330ac45859df51adcd01c1c5257b231,30a950c5bfeb5af9fa8ecb7bbb0f38f6,delivered,2017-05-16 09:53:59,2017-05-17 09:50:18,2017-05-18 09:27:38,2017-05-23 11:57:37,2017-06-08 00:00:00
d75cb3755738c4ae466303358f97bc55,ea21c25f85f7532101bb681731fa8ce3,delivered,2018-01-22 19:46:58,2018-01-24 02:53:17,2018-01-26 10:39:12,2018-02-08 13:13:01,2018-02-20 00:00:00
b7b4ac6cf1e3f2b55add5793768dc23b,57f0e44aca47fb9bc86427aeb98f8496,delivered,2018-07-07 16:56:54,2018-07-07 17:10:10,2018-07-09 08:47:00,2018-07-12 18:22:09,2018-08-02 00:00:00
fb699452d6799cc45801c305bc0db749,68fee6738238719fc44935a11806101e,delivered,2018-06-24 13:53:51,2018-06-24 17:18:22,2018-06-25 15:08:00,2018-06-26 20:03:58,2018-07-12 00:00:00
7786642062339870927e5c0dd845985c,a1cd5efdca80422ec1850ef1c30679da,delivered,2018-03-03 22:22:38,2018-03-03 22:35:31,2018-03-06 17:59:02,2018-03-23 19:19:35,2018-03-22 00:00:00
86c4303307d8b4c57e6359d46e938407,12c909b646762b18b93b1d61d4efcfd8,delivered,2017-06-25 16:16:00,2017-06-25 16:25:12,2017-06-26 13:07:27,2017-07-06 15:06:45,2017-07-19 00:00:00
a7a7d1f3081a018e9b2ec194066028b4,294e8fb2739c1d6a392ac5ed4f8d6aa3,delivered,2018-02-03 20:39:16,2018-02-03 20:50:26,2018-02-06 20:42:45,2018-02-10 12:47:25,2018-03-01 00:00:00
0f77d110146ab4471e3492fa504f6377,0c37de9d0308364cdcfc8c1b2c5e7d11,delivered,2018-02-06 23:55:54,2018-02-07 00:10:33,2018-02-08 01:22:21,2018-02-19 22:08:54,2018-03-08 00:00:00
dcbf6ba1b6e503c2bc0a5a5e833e3174,7505e32ceab3642b215f1dad52232e45,delivered,2017-10-30 10:59:37,2017-10-30 11:11:16,2017-10-31 19:26:51,2017-11-06 21:49:27,2017-11-17 00:00:00
edcba1bf22c77c87ed44ca2402d92efa,f0f97266247be04325dd7378f92d920f,delivered,2017-12-12 22:28:27,2017-12-12 22:35:45,2017-12-14 16:44:11,2017-12-29 19:16:11,2018-01-09 00:00:00
3195c228f36c525c75f392549eff247f,6e2f9669ec885545110930d8103b5517,delivered,2017-02-23 22:06:24,2017-02-23 22:15:08,2017-02-24 11:43:07,2017-04-10 14:07:37,2017-03-16 00:00:00
64fee01b4774a493de37aafa79a3d434,6f3a868402ca6c2fdf89a003fa9c49b2,delivered,2017-03-06 22:54:45,2017-03-06 23:05:20,2017-03-08 10:42:01,2017-05-16 13:47:52,2017-03-31 00:00:00
a6a1840fec3ecb04c489ffa4b2354631,c15b8062b4d0c30fbce33bce7715eae4,delivered,2018-03-04 21:58:12,2018-03-05 21:55:25,2018-03-06 20:27:45,2018-03-28 19:14:53,2018-03-21 00:00:00
5db9b8f52b7f31e8ff3bd6111936000d,c325082376bffb2c2a229f640a6bba05,delivered,2018-08-07 08:41:50,2018-08-07 08:50:18,2018-08-07 15:56:00,2018-08-15 00:12:01,2018-08-27 00:00:00
3d9db74ebd029e82a9faec705ec2dab6,bcaa2cc585f77be679741d1d1fa8b4ac,delivered,2017-11-28 18:58:58,2017-11-28 19:11:35,2017-12-05 23:37:54,2017-12-14 21:09:47,2017-12-26 00:00:00
04221a4eb2e1a30903ffaaa72f8b268c,ebda943a2404d5532405326f2673ac91,delivered,2018-06-29 11:03:15,2018-06-29 20:15:10,2018-07-03 11:01:00,2018-07-05 21:37:29,2018-07-20 00:00:00
d63a97a769887faf8e6c810cba555ebc,b89a4d0f2743a6ac27a4393b5fb63371,delivered,2017-11-07 13:01:15,2017-11-07 13:15:40,2017-11-08 21:41:06,2017-11-13 23:27:33,2017-12-04 00:00:00
f23793738e43d0f06f5c84486239ef45,687a8d0f9f48e958e28dab91da45a55c,delivered,2017-07-05 12:27:30,2017-07-06 07:15:22,2017-07-07 15:56:51,2017-07-17 23:21:35,2017-08-08 00:00:00
d6199904747af716384a5ddfde0e4b9f,5c021e3084ad3e3217045ef92245ef06,delivered,2018-03-06 11:53:40,2018-03-08 02:29:27,2018-03-09 17:36:33,2018-03-21 01:12:35,2018-04-04 00:00:00
08e744bae85a55aa0143f7b41878a45d,5acaa0f6483771e35b156b28688839b4,delivered,2018-06-12 15:02:02,2018-06-12 15:46:57,2018-06-13 12:03:00,2018-06-20 17:38:34,2018-07-04 00:00:00
cc24df8244d2fa6c7cdf82f11f85b001,5c8e527f6e004497cd4aed697e6dfb45,delivered,2018-03-25 23:55:06,2018-03-26 00:10:53,2018-03-28 22:04:19,2018-03-29 14:32:30,2018-04-06 00:00:00
491a1961ff53513a57fa193570a11311,0306418261763252d46c47f9251e76e2,delivered,2017-07-29 11:51:12,2017-07-29 12:05:30,2017-08-02 18:57:35,2017-08-11 17:58:08,2017-08-29 00:00:00
341aa5f2e049abdcf01324107401e6d8,5692d3dd6b2a9e79cc0f87c32932e5eb,delivered,2018-07-31 12:05:31,2018-07-31 12:40:12,2018-08-01 11:20:00,2018-08-06 20:36:53,2018-08-13 00:00:00
dc80f04232a571734b52cd2c5b40a9f8,eab4d34332351e5db1bd1fd635065fe4,delivered,2017-08-15 17:08:00,2017-08-15 18:44:31,2017-08-16 19:53:50,2017-08-28 16:03:31,2017-09-11 00:00:00
9434dbf9745b53e6da97527b226f9219,ad2b60a04f13841b2e58de3556c2544b,delivered,2018-03-19 16:04:20,2018-03-19 16:27:23,2018-03-23 19:46:32,2018-05-03 02:38:31,2018-04-10 00:00:00
5dfcc26420fd2e456e613e8dfbe6da34,5bb48db9d466101f820442f47014cf66,shipped,2018-01-13 15:41:34,2018-01-13 15:51:28,2018-01-15 16:09:59,,2018-02-06 00:00:00
86ab8c67b078c9f06af6425f03dc508f,ae6ab14831add8aba2de8b13d0ac1daf,delivered,2017-11-24 00:37:39,2017-11-24 01:10:44,2017-11-30 15:59:42,2017-12-07 16:43:28,2017-12-29 00:00:00
d7d3a4c2c9adeb4eb48ee89382f89a87,595698b5f1c1d1d0118057e3ae454058,delivered,2018-05-01 21:36:26,2018-05-01 21:51:38,2018-05-03 08:40:00,2018-05-08 16:12:16,2018-05-22 00:00:00
509e842f25a95f3f7d53fec4c0b66501,55ee78889eccfefb08eaa053d161d1cf,delivered,2017-10-21 19:37:10,2017-10-21 19:49:33,2017-10-24 18:57:40,2017-10-31 15:16:05,2017-11-03 00:00:00
c205abf27ff07fddd3fa9a67037138e5,b7984401569369a9695e7d3f5c66c4d1,delivered,2017-12-22 13:43:54,2017-12-22 14:57:24,2017-12-26 19:03:22,2018-01-10 20:32:48,2018-01-22 00:00:00
22a5a3c464e26235c7eee056a3ca977e,6317b5bfbd32f5cbf2995601a5b0673d,delivered,2017-12-09 07:28:36,2017-12-09 12:38:21,2017-12-11 18:58:01,2017-12-13 00:09:19,2017-12-28 00:00:00
6e1d72c49d6aa8e6a4c5670c6ae13c72,6dc1bcef448493d31be69e13dc73a07c,delivered,2018-07-14 23:50:02,2018-07-15 00:04:08,2018-07-17 12:46:00,2018-07-24 23:16:43,2018-07-24 00:00:00
abdd969b6261591f58d7f5fcc24c30f1,5bb27fe3fc3b5fa97f2ae7d2ba599a53,delivered,2018-03-06 16:33:49,2018-03-06 17:20:29,2018-03-08 14:09:49,2018-03-10 15:32:35,2018-03-16 00:00:00
8cf0f8036fecc83aff5f07f4b5a4db55,500d19ce7db9f10540bb6a251379cc6f,delivered,2018-04-16 20:33:44,2018-04-17 14:11:30,2018-04-18 21:50:55,2018-05-08 00:27:34,2018-05-16 00:00:00
1985dcd0eb8cb683615c1d2b8f324572,7043701548d462c834782d596ac13466,unavailable,2018-05-01 14:41:25,2018-05-02 14:59:49,,,2018-06-01 00:00:00
063be5d2e54f57f9673b26b87c8d8bfc,c3d53f4a39f61b483aa1746e60a2913e,delivered,2017-05-08 22:53:37,2017-05-08 23:05:19,2017-05-09 10:42:53,2017-05-13 10:22:52,2017-06-09 00:00:00
395bd24a9f47fbb2a849ce49d4a04a97,8edfa29a17af5fe117f174c9d8995526,delivered,2018-01-21 13:11:51,2018-01-22 13:50:07,2018-01-24 01:39:14,2018-02-02 20:58:30,2018-02-06 00:00:00
81378cf8e638ced3a370966f23a32ca4,0351668263fb4722095bb1db517004f0,delivered,2017-11-22 21:15:27,2017-11-22 21:26:33,2017-11-23 10:04:35,2017-12-07 23:51:45,2017-12-12 00:00:00
d22de2b954752f441e769425053dcbd7,e6b790c480ba073afae50cd81e66c2f9,delivered,2018-07-27 18:37:10,2018-07-27 18:50:19,2018-07-30 15:32:00,2018-08-02 19:26:37,2018-08-16 00:00:00
b48623681f64bf6e435076c84b3eb077,47ed96cea4db9f8abefe2a0c30ad997a,delivered,2017-02-16 09:42:38,2017-02-18 03:15:31,2017-02-21 16:08:34,2017-03-01 12:16:05,2017-03-15 00:00:00
6d2902f0339a16700f1e5f8649112ef3,37d102be3b621f10e235c1e5420f00c1,delivered,2017-05-20 16:42:07,2017-05-20 16:55:14,2017-05-23 13:37:51,2017-05-25 15:21:40,2017-06-02 00:00:00
0c87dd1621990a460672f431810cb35c,d89b1257a6d34bbbbb9d3741fd88c3b2,delivered,2018-06-07 11:29:13,2018-06-07 11:58:30,2018-06-08 11:00:00,2018-06-19 14:59:41,2018-06-29 00:00:00
8b5883ec44f905583a827ff06b986a6f,40347ab50e70f84eb4281ced0126b3ee,delivered,2017-04-25 14:30:56,2017-04-27 13:10:24,2017-04-27 14:56:35,2017-05-03 10:54:50,2017-05-12 00:00:00
dbcf58228a08ba02230fb4a888fb988d,9e6cae17256441213a833b1092984bf3,delivered,2018-04-22 13:14:33,2018-04-24 18:34:08,2018-04-23 19:21:01,2018-04-26 20:26:37,2018-05-11 00:00:00
c9c25c5398564d49b8e1db3c3e620d4d,03440934dd266ec0b356eed6e0191612,delivered,2018-04-03 14:14:35,2018-04-03 14:30:14,2018-04-04 22:16:34,2018-04-23 20:30:44,2018-04-26 00:00:00
500e2838d85214e92e2c15b2fd5303b7,f78c8b0641299a312f545dd0d783b7ff,delivered,2017-01-24 22:49:12,2017-01-24 23:02:06,2017-02-01 09:04:21,2017-02-08 08:04:49,2017-03-03 00:00:00
f70bcdfa88e05f7e1233b958f9c7824e,1344fbf68f664eebc30ce0152fe87f01,delivered,2018-01-12 21:58:11,2018-01-12 22:08:18,2018-01-15 23:39:14,2018-01-28 18:14:44,2018-02-05 00:00:00
d4b43f099e2e2c48aae8090b1d632903,c0ee228fff37a57a46b0997c2c2bc190,delivered,2018-07-04 20:43:19,2018-07-05 16:12:52,2018-07-05 19:20:00,2018-07-06 20:58:31,2018-07-19 00:00:00
63001e1c2d2bbc51ed386b4830c757c8,72faf3075f590421c984b38197bbf833,delivered,2017-04-08 20:41:54,2017-04-08 20:55:16,2017-04-10 19:22:20,2017-04-12 13:58:03,2017-05-03 00:00:00
b7ae7c643ef9274727f48dcb0ba08593,be631308cb609ff74d0e0fb54815e18c,delivered,2017-01-25 16:51:27,2017-01-27 11:50:24,2017-01-30 16:22:11,2017-02-08 08:38:49,2017-03-06 00:00:00
b4678434718dc9db31e1aa674f117169,f81efa4c34209e2098ea6196ac653aae,delivered,2017-05-03 14:22:02,2017-05-03 14:35:29,2017-05-04 20:13:06,2017-05-16 16:42:40,2017-06-02 00:00:00
3c415210065a46fd831a05ef3fec9639,397814084ac415a056853092f220a4a8,delivered,2017-03-18 21:39:46,2017-03-18 21:39:46,2017-03-20 09:06:11,2017-03-28 17:07:52,2017-04-10 00:00:00
7147bfba27147cf06600e5a1577d3a4b,c9208241068995082892e349a3c93140,delivered,2018-02-27 13:23:37,2018-02-27 14:00:26,2018-03-01 14:05:05,2018-03-14 01:51:43,2018-03-19 00:00:00
2b6f54b1e447bf7916396c36596c4e9e,3aa168bfad024da059211a55f98f4508,delivered,2018-02-21 15:59:28,2018-02-21 16:15:45,2018-02-22 19:33:45,2018-03-08 16:58:47,2018-03-14 00:00:00
c191988613dfd09d8904cc6b1147012b,fb5c27af6d623bc59e8a201bb84a8cfa,delivered,2018-02-03 10:47:15,2018-02-03 11:10:39,2018-02-05 23:34:51,2018-02-16 13:19:57,2018-03-06 00:00:00
148b8fe4a8be036e41ab3bfe75e5a592,972713eb3ddcba5085c76986935f26fe,delivered,2018-02-19 16:43:47,2018-02-21 06:10:12,2018-02-23 22:52:47,2018-02-26 20:35:55,2018-03-05 00:00:00
388ef804dd3afbcde7d2ba26480d0bb0,8f56c3486e99c4d3ef8796b59dfb5012,delivered,2018-05-16 23:27:19,2018-05-17 00:17:26,2018-05-17 12:55:00,2018-05-22 18:34:33,2018-05-30 00:00:00
af8cd0ccf7bfb5bc0998744b1ff8c08f,e43366d6939a89d151f1ad9246d07b8f,delivered,2017-09-02 11:21:41,2017-09-05 04:11:03,2017-09-06 17:47:36,2017-09-15 01:04:09,2017-09-22 00:00:00
36b3e868e7c59377f81266ad905cbdb5,f20ec16f76db30b1d529b37ad9d6c46a,delivered,2017-06-22 19:18:24,2017-06-23 02:30:09,2017-06-23 13:12:45,2017-07-12 19:17:58,2017-07-20 00:00:00
31f8ec47a5ed8e8e24f730ccbb66baa4,bdda22735ca173eeb4725c8d8dcce39d,delivered,2018-06-30 12:46:42,2018-06-30 12:55:26,2018-07-02 14:11:00,2018-07-05 19:31:48,2018-07-25 00:00:00
a70e674cb417d64ebfc3ea9493ba90d8,9c0b479752d281591ff3ae138fe39b57,shipped,2018-06-21 00:50:08,2018-06-22 00:56:32,2018-06-22 13:56:00,,2018-07-17 00:00:00
90f56b2ed34b8c5f56dd1255faca84e1,a5bbb6cd2199394f772663b56cef6672,delivered,2018-07-24 11:22:27,2018-07-24 12:31:42,2018-07-24 14:43:00,2018-08-07 18:18:37,2018-08-15 00:00:00
eb4d45691dac8a24af06b36b41845e7b,1778ad70f4ea47e65d3ddf0374a98f2f,delivered,2017-11-15 13:28:42,2017-11-15 13:46:32,2017-11-16 18:37:33,2017-11-23 01:03:01,2017-12-06 00:00:00
4eef2062377fd17cb5ddfed73cc1e564,5d305b9adfca9b56ca8cb095226e104f,delivered,2018-03-29 16:11:04,2018-03-29 16:35:34,2018-04-04 02:28:41,2018-04-09 18:38:35,2018-04-23 00:00:00
eaf42d23fedb6d8d7747c8ab44b8784e,f0fec35cbcc1ab5ab6cc6339950fee20,delivered,2018-03-19 16:34:50,2018-03-20 16:29:34,2018-03-21 20:18:59,2018-05-01 21:20:50,2018-04-10 00:00:00
04f2e760bb583d5d2f8b88e247d58d09,aec38d4420cfbed169a7d1e2163a8154,delivered,2017-11-27 10:28:54,2017-11-27 10:38:20,2017-11-28 20:42:25,2017-11-29 17:16:50,2017-12-12 00:00:00
517e0a52c193102990befc46a5c5245a,a998e828a104504f72ceb338f92043b6,delivered,2016-10-06 22:34:03,2016-10-06 23:11:27,2016-10-15 12:24:09,2016-10-18 20:23:49,2016-11-28 00:00:00
c7f4b989f51d1b737af2004212261508,440790853e2f2be2ed0df532e8e23726,delivered,2018-04-23 22:54:23,2018-04-24 19:05:59,2018-04-24 22:15:46,2018-04-25 23:02:32,2018-05-08 00:00:00
60566939937556f587e9c32e761f794b,90349bba553ae62bed5e5d3220deb5db,delivered,2017-09-12 11:38:22,2017-09-13 17:27:51,2017-09-15 19:11:11,2017-10-07 13:56:46,2017-10-05 00:00:00
f333088bba31372a0764adb36fd357b9,aea4f6f17bc15c55b15c503a4acddadc,delivered,2017-05-17 10:19:13,2017-05-17 10:30:35,2017-05-19 15:11:05,2017-06-23 12:28:54,2017-06-26 00:00:00
6064862631581009b8eb676bc264d91f,1e9b87abaaa43836c8dca222073a4b09,delivered,2017-04-21 11:24:51,2017-04-21 11:41:38,2017-04-25 08:23:11,2017-05-08 19:51:50,2017-05-26 00:00:00
b2b22e6b8ad71ac3e8d2242b8f49c910,a9104f08d9c9512fe781cd8dd337f7ae,delivered,2018-06-05 21:19:00,2018-06-05 21:35:22,2018-06-06 12:34:00,2018-06-11 19:38:52,2018-07-11 00:00:00
0cbea266e238cccbca8f44662f87c527,97ccfffe894ddb0e47cedf509786189f,delivered,2018-03-25 12:44:43,2018-03-25 12:55:56,2018-03-27 10:31:42,2018-05-03 17:03:55,2018-04-17 00:00:00
c335b739a05623e0b6e674b39acbbafc,b29295a8c5c71f77e6d6d70403519d0e,delivered,2018-02-10 22:39:54,2018-02-10 23:48:24,2018-02-15 20:38:50,2018-03-02 20:32:58,2018-03-12 00:00:00
1cafec050dfd61009e2efb0428f28438,656f2af665dcba7baee530ca3ac749e8,delivered,2017-09-11 18:30:07,2017-09-11 18:43:24,2017-09-12 19:42:45,2017-09-18 18:15:02,2017-09-28 00:00:00
77840c00dc79e7841ea2e4b1de1f21e8,af879b6570973a4039cc44f044ad9f11,delivered,2017-11-24 23:28:14,2017-11-28 02:59:26,2017-12-01 21:42:10,2017-12-19 02:27:41,2017-12-19 00:00:00
e2fa8f9e055fdb3a78220e1d3a16b85d,1dbc96adb6854a53cd13840541867be9,delivered,2018-04-19 19:41:48,2018-04-19 19:51:09,2018-04-20 18:26:53,2018-05-05 14:37:54,2018-05-21 00:00:00
d18bad91398c54df81cafc7b59e435d3,768db0b5fd40b2514b54bb802cf9dc08,delivered,2017-08-23 11:59:43,2017-08-23 12:55:29,2017-08-25 16:34:10,2017-08-30 17:52:55,2017-09-18 00:00:00
3b5e83bf808e04da4aaa1241937881ee,f5761c27a8914fea59ddbb75406d6c63,delivered,2017-11-03 16:46:13,2017-11-03 17:30:51,2017-11-06 16:22:15,2017-11-28 02:24:22,2017-11-28 00:00:00
f5bce854828285b05f16143027a664c6,6d84c2a1d0700d51abff6b1aa6024a58,delivered,2018-08-09 08:22:11,2018-08-09 08:50:52,2018-08-09 13:32:00,2018-08-10 11:18:34,2018-08-14 00:00:00
b60afd7644cf54fe164f0520a690c1f8,02b93f79beb6ad4bc9f83969200c1652,delivered,2017-12-23 15:19:36,2017-12-23 15:31:27,2017-12-26 18:42:17,2017-12-28 16:58:19,2018-01-19 00:00:00
87889791f729ac3bc040d1633961d826,b4fea8b00d9af9605b5381e3100a0271,delivered,2018-08-20 18:17:43,2018-08-20 18:30:14,2018-08-22 14:27:00,2018-08-28 16:10:47,2018-09-04 00:00:00
12a1bc73d4736fdb9a60a8c58d9628b7,9c43c3ec193867224172a528e99f9205,delivered,2017-08-31 11:52:23,2017-08-31 12:05:17,2017-09-13 17:06:40,2017-09-21 21:00:27,2017-09-20 00:00:00
8b0899ff4934074e16ecacb55c7c2303,e74832e906e0ab3d12d7d52385ea2cf5,delivered,2017-04-22 13:37:51,2017-04-22 13:45:17,2017-04-25 12:28:41,2017-05-10 19:45:49,2017-05-15 00:00:00
1de5187f980fd88f8bfc01ed31614f84,8ddf4903e712d503db7f470bcc1deacf,delivered,2017-11-13 14:21:28,2017-11-13 14:35:44,2017-11-23 00:18:56,2017-11-29 21:51:36,2017-12-13 00:00:00
417753e7b9376497030b2f497535bf5c,df92bc4e5ce45359089884512d0d4ece,delivered,2018-06-12 00:20:26,2018-06-12 00:40:35,2018-06-12 10:13:00,2018-06-19 21:45:58,2018-07-03 00:00:00
eccef5ddc0904de000c633f3d1e36217,c72b7cde8f07ab4cfa525cc02e55f73f,delivered,2017-04-07 18:12:59,2017-04-07 18:22:51,2017-04-25 16:54:17,2017-05-11 16:17:40,2017-05-09 00:00:00
8f3a46cc0e9d362bf43dd339e4379615,a647ace45caaa650270d4684cb8831a3,delivered,2017-09-22 15:00:05,2017-09-25 11:50:13,2017-09-26 18:39:10,2017-10-03 22:16:15,2017-10-17 00:00:00
05fcb26e37b34aa73157fa81401b6b15,e8ceabf82cbedd882e3e5d43d9d449f7,delivered,2017-10-14 22:46:48,2017-10-14 23:08:05,2017-10-16 20:39:05,2017-10-23 23:38:47,2017-11-03 00:00:00
c8cceb61313c24e7179ed55dee424114,ceec265247d47ba197d15ac0fd0dbccc,delivered,2018-03-31 23:54:10,2018-04-03 05:50:30,2018-04-03 22:36:25,2018-04-16 22:41:08,2018-04-30 00:00:00
7a345df881eb8681e2d978d06fd9637f,6eec79ea1f85edfc2824c78c18b29a6e,delivered,2018-01-21 23:23:43,2018-01-22 14:05:01,2018-01-24 01:38:53,2018-01-31 20:07:20,2018-02-14 00:00:00
5d04adb20b546fc5628d3f926b5fe37c,931ce24e7e52ee657b39788051547166,delivered,2018-04-06 22:59:05,2018-04-06 23:15:16,2018-04-09 19:41:03,2018-04-19 18:44:51,2018-05-03 00:00:00
f9fef5fa980995355cc7c22692af5289,c2806c0df394460d6f97109ffa9ff60a,delivered,2018-04-25 08:26:10,2018-04-25 08:51:56,2018-04-26 10:25:00,2018-05-14 15:32:26,2018-05-23 00:00:00
345bd783a6a07b70ed006d1b11df30e6,a8875912e02ab70af811cd153eaee987,delivered,2018-02-02 20:05:14,2018-02-02 20:29:41,2018-02-06 14:56:44,2018-02-16 23:13:05,2018-03-01 00:00:00
da7b74f9f21e34cc002c5910de20ef9e,b875c88c5bd948b4cbb747e90e9c412f,delivered,2018-05-07 11:50:30,2018-05-07 18:10:17,2018-05-11 10:20:00,2018-05-18 15:28:37,2018-05-29 00:00:00
f439741ef3997ceace2e3b92ad169e0b,4c2c68d88b09e3758eeac9a4cbc8248c,delivered,2017-10-16 17:42:49,2017-10-17 17:46:05,2017-10-19 20:00:20,2017-10-26 16:47:49,2017-11-08 00:00:00
a833470057703c13293c5d7c2bd5bd05,f27c2fc8a0cd988fff5e1e766dd16e67,delivered,2017-07-25 20:06:59,2017-07-25 20:23:20,2017-07-26 19:20:20,2017-07-28 18:59:31,2017-08-09 00:00:00
b1ccda4a09098702b17f54b190200b52,320773474ce0a5af09d0de44321739f6,delivered,2018-03-15 12:42:15,2018-03-15 12:55:54,2018-03-29 20:51:49,2018-04-02 21:06:12,2018-04-12 00:00:00
ff410c670cb5018a763d815c1368f405,2e581e2fd057f25288a90c99d06ca1bb,delivered,2018-02-06 16:40:59,2018-02-06 16:51:49,2018-02-07 19:48:39,2018-03-09 18:46:49,2018-03-02 00:00:00
977864c01ce46bb65d6e13a345804645,3bcd26c92459f7ba8e0c6fd3e15dca06,delivered,2018-07-17 12:26:06,2018-07-17 12:35:27,2018-07-19 11:50:00,2018-07-25 21:21:51,2018-08-01 00:00:00
c4c1257d437761ebf697da82b5cca4e1,da7d9ea4de7fce7d6544ff08872e9bf7,delivered,2018-07-23 20:53:38,2018-07-24 10:31:48,2018-07-25 13:54:00,2018-07-31 22:51:34,2018-08-13 00:00:00
b3158056db07efa2b7f1a0642d5dd1c4,ed1b0b5a6fe38cfdbbd99e995599408d,delivered,2017-03-19 22:53:47,2017-03-19 22:53:47,2017-03-28 13:48:15,2017-04-03 14:08:31,2017-04-18 00:00:00
85c1a7c9e1adc5b30ea61eebbcf07ea2,c76674aa2c0b761b1642970cab5baa95,delivered,2018-03-23 19:15:51,2018-03-23 19:27:44,2018-03-27 05:02:44,2018-03-27 22:48:29,2018-04-12 00:00:00
31a49d7427661b46338c025ff2e07d20,3f686d5c1b8fee2f56b00f5864f2bc18,delivered,2018-07-21 14:58:41,2018-07-21 15:10:13,2018-07-23 15:01:00,2018-07-25 18:38:43,2018-07-31 00:00:00
6d25b49ec255fb0bffe632d77a6345ec,827cb9858a69567332c16a3975c79582,delivered,2017-08-04 10:02:29,2017-08-04 10:15:32,2017-08-14 21:07:39,2017-08-16 17:44:23,2017-08-25 00:00:00
0ac484b631e29034fc50593451c208b2,5cf9b0860d48052e61c37a44fa92f3e4,delivered,2017-06-25 13:52:52,2017-06-25 14:05:04,2017-06-28 12:07:09,2017-07-03 15:11:37,2017-07-18 00:00:00
977ca490eb652320089f258d0431c2c4,ec257db94d9fad7c9c2fd544e2af1649,delivered,2017-05-17 21:05:43,2017-05-17 21:15:18,2017-05-19 09:44:42,2017-05-29 14:48:07,2017-05-30 00:00:00
6ae4ad0a162ebfca9800f1c1d490810e,833a808d63f0b42a67cb1bcd0e052c5a,delivered,2018-04-13 15:55:02,2018-04-14 15:50:49,2018-04-16 18:48:45,2018-04-24 19:03:34,2018-05-11 00:00:00
f3e6d2423031a399bbfc48b496eb12e7,9b47e059fe5228ac6c40aa71e43b5c3d,delivered,2017-05-25 16:39:50,2017-05-25 16:50:18,2017-05-31 13:49:50,2017-06-14 13:49:53,2017-06-19 00:00:00
8784e1595ac9dd7e7f4ebaa6bc6d79ed,0d6e60614912658914919485bad43534,delivered,2018-05-25 08:17:58,2018-05-25 08:36:49,2018-05-25 15:04:00,2018-06-06 20:26:28,2018-06-20 00:00:00
bbe4d6ae1c84c35b76a7ec5ecef21a39,00c86cc609174f994caee1818b788e05,delivered,2018-03-10 18:04:04,2018-03-10 18:15:21,2018-03-15 19:52:26,2018-03-27 19:32:37,2018-04-10 00:00:00
f08e7cbe4ee33176122952f10c7128b6,fc786b631b0c7de13ab9d65b09aba88d,delivered,2018-07-31 18:14:02,2018-07-31 19:31:32,2018-08-02 10:48:00,2018-08-03 15:49:00,2018-08-07 00:00:00
ae99b18a689631b93726b2e19fca9ac5,efdaaa423d80c6bb8a11cc2674d838ff,delivered,2017-12-04 14:28:42,2017-12-04 17:08:24,2017-12-07 00:18:31,2018-01-05 20:25:01,2018-01-04 00:00:00
3c3103a88bb7a7ec1235eace4515f212,c22c18c6abf2718fb68eadc2d0c22a94,delivered,2018-06-09 13:43:48,2018-06-09 14:18:34,2018-06-11 14:47:00,2018-06-12 16:48:34,2018-06-26 00:00:00
9f2518b72db159913ee42d53fa1a9568,dce1c10833dfacdb89515fc35eee3bf1,delivered,2018-05-08 12:40:30,2018-05-08 12:57:00,2018-05-16 15:56:00,2018-05-18 20:17:07,2018-05-18 00:00:00
0ba375898f7c9b49e9d12cdd4f4467e8,d621fbec7b4a75ca6a753abd248e9250,delivered,2017-08-24 14:53:21,2017-08-25 14:45:51,2017-08-28 17:45:51,2017-08-31 20:48:47,2017-09-19 00:00:00
448c60334e2a53a5c678e4bd6b1e77a7,402ee7c789991c2390d968451ae17e0e,delivered,2017-12-09 17:04:08,2017-12-09 17:13:42,2017-12-11 23:32:12,2017-12-18 21:53:28,2018-01-04 00:00:00
7699236048cea720bc29c41e6ed8343f,93991c5c4c23e2c29c343579b2d821f3,delivered,2018-03-04 19:07:47,2018-03-04 19:28:27,2018-03-15 17:11:11,2018-03-23 22:42:34,2018-04-09 00:00:00
c155ef1f20c6a210e6ba29644b4d578c,d68a4ad2e0e1b831588c397095a3ac27,delivered,2017-05-06 18:49:21,2017-05-06 19:05:09,2017-05-10 06:57:57,2017-05-15 09:54:41,2017-06-05 00:00:00
00d15ff0236872686e4899ed1ce680ad,8ebb06c13ec14673af1630a22715f4bd,delivered,2018-08-07 16:33:59,2018-08-09 03:55:11,2018-08-14 15:24:00,2018-08-21 19:04:31,2018-08-30 00:00:00
8444b7e4c41755b890c97056b19e4713,cc4db88e38bc31a614fcba9423ed8c1d,delivered,2017-11-01 02:38:05,2017-11-02 02:27:30,2017-11-03 21:23:35,2017-11-10 23:11:43,2017-11-22 00:00:00
7b907821024740432d6d005caa3451ee,288e2844929a0296a4f9d2b671c09a0a,delivered,2018-07-29 20:47:49,2018-07-29 21:04:17,2018-07-30 12:55:00,2018-07-31 14:38:59,2018-08-07 00:00:00
b5b0b49d9903b852bf6c638643a89dc3,fb0a3ac807a7db3c1ebefd75f19b76a1,delivered,2018-02-20 00:20:58,2018-02-21 06:20:18,2018-02-21 21:42:19,2018-02-23 16:15:05,2018-03-06 00:00:00
dcfb709b0757c7e96301c882821adb2c,87b37364bba9f7fde63039df48e19f13,delivered,2017-10-14 11:18:59,2017-10-14 11:28:17,2017-10-16 18:19:07,2017-10-19 18:42:45,2017-11-01 00:00:00
0385da8ba64dbb10adf8f80e55cae6f4,d2b896ff2ad7a94912a0a55d26a2ec5e,delivered,2018-04-28 12:42:16,2018-04-28 12:55:34,2018-04-30 13:31:00,2018-05-03 13:09:03,2018-05-14 00:00:00
fbd68bde483e90e5e14a0d0e608b907f,926c0b9740ad5d440fa03396ca057aed,delivered,2018-08-19 22:00:12,2018-08-20 13:30:46,2018-08-21 14:00:00,2018-08-24 15:49:41,2018-09-04 00:00:00
74662215aaa1cd3e23a999f6de5e791d,c8897030bcdf94d563c275bbf46c1114,delivered,2017-08-16 12:04:52,2017-08-16 12:45:15,2017-08-19 15:37:53,2017-08-24 19:52:25,2017-09-08 00:00:00
6cfb7323342e3d0389b8e67f9afa1937,30226777cc2d8078de7120ce1871f645,delivered,2017-09-15 22:13:41,2017-09-15 22:25:42,2017-09-18 22:11:41,2017-09-29 18:55:45,2017-10-16 00:00:00
de1b36816c8787f530a0c336e2598c12,f94b333a611276fe1f1f27cfd5767df9,delivered,2017-10-24 23:15:14,2017-10-24 23:25:45,2017-10-25 18:20:07,2017-10-31 17:44:35,2017-11-17 00:00:00
82d1d87b52fc86b65293b86ccccaf60e,d11b3ac4700f987b19b93a5a26064ec5,delivered,2017-11-28 19:50:26,2017-11-28 20:15:32,2017-11-30 15:52:31,2017-12-12 19:32:29,2017-12-20 00:00:00
54b2059877686b3ab4438912cda13f5a,6867289e8e6ebb7d6ccc25ab8e8f30df,delivered,2017-02-16 19:09:51,2017-02-16 19:25:09,2017-02-17 09:06:21,2017-02-21 13:37:49,2017-03-17 00:00:00
3273968598d5abcf463ccde85fd91a5e,4e6cb162e877d11f219e17caca1507d9,delivered,2018-03-18 17:10:52,2018-03-18 17:28:30,2018-03-19 19:16:34,2018-03-27 21:52:20,2018-04-19 00:00:00
7a92ce27fd58082e708b8eb1eba5f678,6edb12d444d40648c4f9fbdf4ab42cd7,delivered,2018-06-30 11:20:14,2018-07-01 11:15:14,2018-07-02 13:14:00,2018-07-09 18:28:30,2018-08-01 00:00:00
fed4434add09a6f332ea398efd656a5c,5e28dfe12db7fb50a4b2f691faecea5e,delivered,2018-04-08 20:11:50,2018-04-08 20:30:03,2018-04-09 17:52:17,2018-05-09 19:03:15,2018-05-02 00:00:00
64994605d8b781cada123b1d5c06d637,7ada4336f7dfa49d1be7bc1b14e3cd10,delivered,2018-08-07 19:13:25,2018-08-09 03:50:20,2018-08-09 12:34:00,2018-08-16 20:46:37,2018-08-24 00:00:00
df5f29f5092c8afd0f62b24ddfa9c06f,a0c07761ac81523e0a69e9403bb8d9e8,delivered,2018-04-04 14:31:43,2018-04-04 14:49:38,2018-04-05 17:54:48,2018-04-11 09:11:57,2018-04-19 00:00:00
57867f9fcc30232da57d5af5b831a4d8,0bebec3578296e4e4ff216ff6037cbba,delivered,2017-08-20 14:01:13,2017-08-20 14:15:18,2017-08-21 20:46:21,2017-08-22 15:32:47,2017-09-01 00:00:00
d201c804379d3dcf1d7c9047b3abcf92,bbe9ac5f763035eac1cd266700e17d7a,delivered,2018-03-20 16:04:10,2018-03-20 16:50:23,2018-03-22 21:08:36,2018-04-05 17:24:37,2018-04-06 00:00:00
539f81f36185c122311c17561a1508a1,41057db344d5c62f0d22fa0733b8465b,delivered,2018-04-16 09:32:32,2018-04-16 09:53:01,2018-04-17 22:36:25,2018-04-27 23:33:30,2018-05-03 00:00:00
4652e6a9e9b65b2e3304630e1f185939,e4becc9eb42bca5ecc23cf5f5955e1dc,delivered,2018-02-09 22:25:36,2018-02-09 22:35:31,2018-02-20 20:43:46,2018-03-04 17:07:34,2018-03-07 00:00:00
452659f1bbc22357a8b75386eb2beb34,c3ed98d5b448548f7d7cbd4571641183,delivered,2018-04-23 22:57:12,2018-04-24 19:07:37,2018-04-24 16:52:28,2018-05-04 15:20:51,2018-05-17 00:00:00
028ad19261e3ad3406ca689348755456,24cb3cfbb2834d6ec16baeef3933d55b,delivered,2017-05-18 15:19:09,2017-05-18 15:30:18,2017-05-19 09:51:51,2017-05-26 10:03:32,2017-06-16 00:00:00
a574693e67b5acd2879ac5d182122fee,719ab90ee360e6144da27b3b35fa6936,delivered,2018-03-12 09:53:42,2018-03-12 10:15:51,2018-03-12 18:28:43,2018-03-21 21:46:41,2018-03-29 00:00:00
71b3388a645d70dc5468b10c82ead696,78519cf01865cbd8e54ae1dab60ef77e,delivered,2018-05-23 13:23:06,2018-05-23 14:14:25,2018-05-24 14:36:00,2018-06-08 18:55:50,2018-06-21 00:00:00
79c808fd4b729a968738f5b3e919c885,9c8ce3bdfe54ce63fa2411fd302c6b61,delivered,2017-06-07 17:44:34,2017-06-07 17:55:12,2017-06-08 15:42:13,2017-06-14 15:56:45,2017-06-28 00:00:00
db9564d23d5d0d213eb2a0b5ca279c2f,73a8c93b316350e98f0d0804293f2c27,delivered,2017-08-10 18:45:39,2017-08-10 19:03:55,2017-08-14 19:44:59,2017-08-23 09:34:00,2017-09-05 00:00:00
5e21c6f2e0e0007bd16ba2839c9628b2,d0349571985dc0a748ecdd1b6bf25750,delivered,2017-11-27 19:34:44,2017-11-27 19:57:09,2017-11-30 17:52:10,2017-12-13 19:33:57,2017-12-15 00:00:00
2cd690a78448d2d942353c66dd6f6064,1cd72e410641618ea6ae6d9896fbf760,delivered,2017-07-06 13:27:01,2017-07-06 13:43:29,2017-07-07 19:14:50,2017-07-18 17:13:59,2017-07-28 00:00:00
3fc26ae71efc74ba9fc4e1c7640f904e,45da3381d789cc981c6a48e0212c2913,delivered,2017-12-03 10:52:08,2017-12-05 06:13:22,2017-12-05 22:15:34,2017-12-12 22:49:34,2018-01-05 00:00:00
28b9a12b535522a451ecfffda6db4422,3152e713b94dc850dd3478ce3430571c,delivered,2017-05-22 21:12:15,2017-05-22 21:25:18,2017-05-23 10:19:30,2017-05-26 08:07:55,2017-06-02 00:00:00
edfa87ccc6e7fe8e13ecd0250efc802b,9f6fb6b6e0604706e549f43b15c9c0d9,delivered,2018-02-23 16:31:26,2018-02-27 04:31:13,2018-02-28 23:13:26,2018-03-12 12:58:39,2018-03-23 00:00:00
f6bea0bde2ee012e3899233133874ff7,dcac61adf6e0f0b560f223598683cdd7,delivered,2017-08-28 23:38:49,2017-08-28 23:50:17,2017-08-29 21:13:26,2017-09-01 19:10:13,2017-09-14 00:00:00
cf56d3d1b65accb1412da2abc22ff4f7,127dff0d95e9dcadef5f3b15138db8d8,delivered,2017-12-02 19:37:49,2017-12-02 19:51:30,2017-12-04 20:45:20,2017-12-07 01:33:00,2017-12-20 00:00:00
bb8efe90a4b9dc65b0b365ca7a94db25,4092d16344338702210bcb2373506159,delivered,2018-07-21 22:23:34,2018-07-21 22:35:14,2018-07-24 07:15:00,2018-07-31 18:03:01,2018-08-13 00:00:00
7b8c347893b1c057c2eb9d8d22435e6e,a7a5ee87dec9fa276a7aa5df67c593ba,delivered,2017-11-16 12:21:23,2017-11-16 12:35:33,2017-11-17 14:09:05,2017-11-24 20:42:59,2017-11-29 00:00:00
cb47bdb6944b3df9373054e6ab62cf46,35a68e6e1ebd3fa29294c6a7b198db42,delivered,2018-02-12 23:27:44,2018-02-12 23:47:30,2018-02-15 22:17:18,2018-03-28 20:03:31,2018-03-21 00:00:00
d7664bbc041ea9952d2a91527ba9982c,40e460ea23ba688006050f58df42150d,delivered,2018-01-08 15:07:56,2018-01-09 07:31:35,2018-01-09 16:19:36,2018-01-15 19:26:52,2018-02-05 00:00:00
bacd96c90a381b246902e1882c0fb7d1,bbd8ca56992dfe0124e5903375484596,delivered,2017-07-03 11:08:06,2017-07-03 11:23:41,2017-07-03 16:40:50,2017-07-10 17:50:12,2017-07-28 00:00:00
e4517d1185ecc155fb8193a53f0e089a,4653546b86241aa601ccdc82ce9a2d91,delivered,2018-02-16 18:28:11,2018-02-16 18:35:52,2018-02-20 01:58:55,2018-02-21 19:57:03,2018-03-09 00:00:00
e82e73273643d2baa933aa470a7308f0,ceb8245f2da49e83dbb3476ba25faf6e,delivered,2018-03-24 16:55:38,2018-03-24 17:15:35,2018-03-28 00:18:35,2018-03-31 18:17:33,2018-04-16 00:00:00
197d48bed0d9f4a71682dfc048409b59,12009d13a46cfa0b24a454a350401daa,delivered,2018-03-20 13:05:34,2018-03-20 13:15:49,2018-03-24 00:50:48,2018-04-04 00:28:59,2018-04-20 00:00:00
be63f8e1110d08f5003ca1a255ff4fb1,8c5f7a81527f366bc6a0d6fa4834ba19,delivered,2017-04-06 17:28:22,2017-04-06 17:42:47,2017-04-07 12:05:49,2017-04-13 15:14:30,2017-05-05 00:00:00
1685d74489a94f21cae1b0ea3fff8f21,51d02d48f4f915363693c6d40f674d11,delivered,2018-01-06 12:43:29,2018-01-09 07:22:26,2018-01-13 02:37:52,2018-01-24 14:56:33,2018-02-06 00:00:00
f001d39de25ce801a4b275f5ad3e1c2e,12b911aa1a2831e2ee7c2e5eaf03bedc,delivered,2017-11-24 20:57:27,2017-11-25 00:31:33,2017-11-27 12:33:20,2018-01-04 00:18:36,2017-12-19 00:00:00
818f7c870fbe03dd57e214684293e74c,1f7eb278ac36577f745414be0edd1b67,delivered,2017-10-16 11:32:15,2017-10-16 11:49:12,2017-10-17 19:37:54,2017-11-01 21:23:08,2017-11-01 00:00:00
18974292ee839a7a7038699422e6cd39,48d35ccbcd1e85743d67b4e0d564f7c9,delivered,2017-11-24 22:25:56,2017-11-25 01:17:35,2017-11-30 21:25:36,2017-12-06 16:03:55,2017-12-14 00:00:00
09d7ebb0b2075f15dc48bd8da3961fe0,190db53dda370cac90e3b6a5c431dcbc,delivered,2017-07-22 19:11:55,2017-07-22 19:25:14,2017-07-25 21:47:40,2017-08-07 16:47:42,2017-08-17 00:00:00
4035ceaa65684a20c0e957436e500818,68a12fef36d6d11ab0023596f4e83ed5,delivered,2018-03-03 06:34:00,2018-03-03 06:48:08,2018-03-08 21:52:25,2018-03-20 13:18:38,2018-03-21 00:00:00
b230cdf7f5d8115711cbab88f4636406,eaff05733a47fe7dbd0a808b4cde8238,delivered,2018-05-28 21:16:42,2018-05-28 21:30:22,2018-05-29 13:53:00,2018-06-02 12:02:32,2018-06-28 00:00:00
3600dce59c2a50ed7c67e0d818b1e5bd,d231f1ac967fe67f2853f0075012744f,delivered,2018-07-11 19:58:05,2018-07-11 20:10:12,2018-07-12 15:01:00,2018-07-13 17:29:10,2018-07-19 00:00:00
f89440ab0466dfe5ec50d419efd332a5,4b9c67805e75214715d5925d6853bffb,delivered,2018-03-03 12:10:51,2018-03-03 12:29:16,2018-03-08 22:36:31,2018-03-23 03:07:43,2018-03-26 00:00:00
6c93ca822cc626b24dfbda211ce26e53,2e0106ca3b75936039430788f97c6946,delivered,2018-01-31 19:56:50,2018-01-31 20:10:22,2018-02-01 20:47:36,2018-02-23 19:48:38,2018-03-07 00:00:00
db0cb41e34ca5f61481ed9127f70379c,0bc54a02fdbcb70408167af288be3dc3,delivered,2017-12-04 16:24:13,2017-12-04 17:32:06,2017-12-05 18:12:22,2017-12-30 18:41:57,2018-01-04 00:00:00
6c8a46db92b71607f9b4b53efe70b28e,cf54bb2b4462fd41cd545faf74a59ca5,delivered,2018-07-18 15:57:00,2018-07-20 04:35:17,2018-07-20 13:57:00,2018-07-25 20:58:21,2018-08-02 00:00:00
508f1058f7c9037c12fa29baf78dc417,5dde09cc77f38cbb0ca8360d5702b81e,delivered,2018-06-20 00:20:03,2018-06-21 00:39:08,2018-06-21 11:44:00,2018-07-05 13:38:56,2018-07-25 00:00:00
467ba1d86d45ebd9cfa12501a08f40ec,c4f0c1f1c362bf3fe72cf405206da792,delivered,2018-08-01 11:11:36,2018-08-02 05:25:18,2018-08-07 15:52:00,2018-08-16 10:56:28,2018-08-24 00:00:00
bdd991fac5f5716c8e330b2f8ec83e54,c5e38a5360ba207bf513b89b8a7845f0,delivered,2017-11-24 00:11:07,2017-11-25 04:15:16,2017-12-05 20:18:36,2017-12-06 18:49:04,2017-12-11 00:00:00
ba4f4ffc1063e52435824b76fc7933a6,eecb43b5c2dc03262b7b5abefd535b3a,delivered,2017-09-14 13:12:39,2017-09-14 13:25:49,2017-09-19 18:29:00,2017-09-27 18:36:31,2017-10-16 00:00:00
4173b7694f9c23cfbbaa1bfb2f9593b3,29b35b6f15df7b4b34a66566376cc79c,delivered,2018-04-26 08:51:41,2018-04-26 09:13:04,2018-04-26 09:29:00,2018-05-02 19:40:41,2018-05-22 00:00:00
7ff15ea63e622694922805d48de711a1,dbb869d4cbd925955933c54f00e0fe24,delivered,2017-06-25 18:23:50,2017-06-25 18:42:39,2017-06-27 12:39:55,2017-07-04 11:35:51,2017-07-18 00:00:00
a4ac829a6eeef89f527cccf4f9efc1d3,450948fc068d09160516b26adc757d7c,delivered,2017-12-23 13:03:06,2017-12-24 07:07:24,2017-12-26 23:09:10,2018-01-03 18:52:49,2018-01-26 00:00:00
ac471bdf9aff56c1d79cc301b52ec72a,d29b5283a43b3329d02a723d440fc35d,delivered,2018-01-29 23:26:35,2018-01-30 00:21:12,2018-01-30 22:33:38,2018-02-08 15:38:01,2018-02-20 00:00:00
820bd7a99cb9df2daca2dc8125e0f7de,0ffd6b06e24c9fa1e0a6768a4267062a,delivered,2018-08-02 15:39:34,2018-08-03 15:35:19,2018-08-08 15:01:00,2018-08-13 19:30:20,2018-08-23 00:00:00
009905140e9f8cc35d5be897937381db,c5452f24faa0b6d0febc5ec4ea9e3b13,delivered,2018-03-15 12:33:45,2018-03-15 12:49:18,2018-03-16 17:12:25,2018-03-28 20:44:41,2018-04-11 00:00:00
a8f7154bb991a05d09b8175c2e50364e,e80c95ccebdf5d9ecfb9f38b8f1ce690,delivered,2018-06-26 09:45:49,2018-06-26 10:17:43,2018-06-27 06:48:00,2018-07-02 20:23:36,2018-07-17 00:00:00
f6f2ee8dfe7b003fe207c62777e9fad8,217d27447951601aaa151e64e5779529,delivered,2018-07-26 11:50:04,2018-07-28 02:35:16,2018-08-03 11:47:00,2018-08-08 21:15:47,2018-08-13 00:00:00
c64320125b49bb4797d5ee3def14d58b,7d42d764ec16aebab2afd3d9802e40d7,delivered,2018-03-01 11:53:10,2018-03-01 12:10:22,2018-03-02 19:41:22,2018-03-16 01:52:32,2018-03-20 00:00:00
8470b86bd094925355e05df719031692,44bb23a3255a15c3e1a2851db5a57efc,shipped,2017-05-12 21:16:01,2017-05-16 03:22:49,2017-05-16 16:02:09,,2017-06-06 00:00:00
962874b0c311c788d28a2437ce5dadde,d8164e724d685e70abb1242a1fd008dd,delivered,2018-03-28 08:23:50,2018-03-28 08:35:21,2018-03-29 20:11:12,2018-04-19 13:52:06,2018-04-16 00:00:00
467f3d18f63e2f01ade50df74d40457b,9b28e0736b3a594b4d253cb11227d360,delivered,2017-11-25 00:18:14,2017-11-25 02:18:31,2017-11-27 21:33:28,2017-11-28 17:39:22,2017-12-11 00:00:00
ad19ba88530f3b247cf8c1bacc479741,05bb610f8efc9a227c9c88ca5bdac554,delivered,2018-03-22 08:08:32,2018-03-22 08:15:36,2018-03-29 23:42:59,2018-04-12 21:06:39,2018-04-11 00:00:00
198c1d42c0154d26aee31c80ffecad44,aeeb84f9b8136a05c7717635612ece8b,delivered,2018-01-23 14:03:25,2018-01-24 15:15:35,2018-01-25 22:24:32,2018-02-08 23:44:08,2018-02-23 00:00:00
cc6c9b89f70b32d7fe075718e0fc58e7,418e9412b396846b861a8c5cb59ba65b,canceled,2018-01-27 10:52:04,2018-01-29 10:52:24,2018-01-30 19:52:55,,2018-03-02 00:00:00
0339ed6316da69c73459e191c10ff6ac,e26ff684f072838193772ca5506a1d04,delivered,2018-08-04 14:29:37,2018-08-07 04:50:30,2018-08-07 14:46:00,2018-08-09 17:16:38,2018-08-16 00:00:00
413d21c694c928b464c2cc8d3904b2b1,a30fa1104a5ff6f5d9d1d907ffb4c609,delivered,2017-11-24 15:06:59,2017-11-24 17:23:29,2017-11-29 14:52:23,2017-12-14 21:07:27,2017-12-14 00:00:00
b8f13ae32e4f029890ca4d998651131c,90d9569ce4726c06bcba015540a62494,delivered,2018-02-17 15:07:04,2018-02-20 07:06:53,2018-02-21 02:35:30,2018-03-13 18:38:42,2018-03-13 00:00:00
affafacc73679585996d33a95ee90afd,7cb4a90475120bde7e9747f794e7738f,delivered,2018-05-19 15:36:48,2018-05-19 15:52:00,2018-05-22 09:23:00,2018-06-08 15:35:01,2018-06-14 00:00:00
a433d013a850ada87efa1fc9d3195a9c,50d875023f0a34420fb37be9be212945,delivered,2017-07-30 20:52:01,2017-07-30 21:05:14,2017-07-31 19:37:44,2017-08-09 17:13:05,2017-09-01 00:00:00
cbe1399d12a3b12bfe8fe73a29173053,c0dc668fe911c870b8687d0238042906,delivered,2018-02-09 15:04:42,2018-02-10 02:49:50,2018-02-16 18:51:46,2018-02-26 22:44:52,2018-03-09 00:00:00
f9e86e23af5d5243b44d1eebaacc32be,a0b55aa995eb0a19a2b9279fa4bddf68,delivered,2018-04-28 14:16:36,2018-05-01 05:55:54,2018-05-03 19:01:00,2018-05-04 21:18:54,2018-05-11 00:00:00
a74a0d8cb14bbd44e581b80beb6f1a37,1f41374ef769597a92f3f12fa61c4274,delivered,2017-11-27 10:02:13,2017-11-27 10:13:20,2017-11-28 14:08:59,2017-12-05 19:14:01,2017-12-15 00:00:00
3348fa7940562350a8d19cf788f0187b,64b455178716b45aadc159d5470bb0d7,delivered,2018-02-16 20:07:39,2018-02-16 20:26:35,2018-02-22 03:28:34,2018-03-14 00:08:25,2018-03-13 00:00:00
adbca6192a6df354651cfc657e0935db,eb1af103834509e4576f379f39d3953f,delivered,2017-07-20 18:43:51,2017-07-20 18:55:07,2017-07-25 21:41:21,2017-08-01 21:55:41,2017-08-15 00:00:00
39fe0f3cac902673a46b974f5d4a8528,99cfa33517b4d40116b8f33c18ea24c7,delivered,2018-01-05 15:07:53,2018-01-05 15:28:08,2018-01-08 18:57:10,2018-01-09 13:52:10,2018-01-30 00:00:00
9f6dfdbc41dfe578aaf31edd0ba546db,d78521153aeb150f08bf0ddb3cfcba84,delivered,2018-08-14 08:39:23,2018-08-14 08:50:31,2018-08-14 11:51:00,2018-08-18 15:03:48,2018-08-22 00:00:00
238fbe10df7ff17ce21037d345e1cf00,b55211ae3c8f84fab4548ae1e592fc57,delivered,2017-11-30 10:52:33,2017-11-30 14:31:34,2017-11-30 20:28:50,2017-12-27 18:32:56,2018-01-02 00:00:00
21fc32f9f93b4d88f2c7763c29de4911,cb59001cc6ef082a42fd79806eed96b6,delivered,2017-12-30 16:23:33,2018-01-03 04:28:15,2018-01-04 20:22:06,2018-01-13 01:15:33,2018-01-26 00:00:00
5b7359c33f9eac26e1a575430eab31a9,e57add4d88806d780e707e4c23ac0db4,delivered,2018-02-11 20:43:49,2018-02-11 20:56:25,2018-02-14 18:38:49,2018-03-14 20:36:32,2018-03-09 00:00:00
ea67a5b1807c5b8fca4641beaf7a76f1,7f9dc3862d274f80c1c4797924627a7a,delivered,2018-01-06 20:10:39,2018-01-06 20:19:30,2018-01-19 17:49:18,2018-02-17 16:07:40,2018-02-14 00:00:00
6386b8aabb7f032b77475740cb035e86,aea419ca36368e77678b20a1867481c7,delivered,2017-06-10 11:02:37,2017-06-10 11:15:26,2017-06-16 12:21:32,2017-06-19 18:32:28,2017-07-03 00:00:00
dbd8e1a6d62bae210e6a42ed8bcf8d39,dd9a54bea0eff3f69bc420353f20b52b,delivered,2018-06-13 22:51:45,2018-06-13 23:18:38,2018-06-14 10:22:00,2018-06-18 14:54:43,2018-07-20 00:00:00
b681b75880c64cf34a01e503b6c2aafc,72af9484e9faa02bf36e2f33e92d918f,delivered,2018-07-04 16:35:07,2018-07-05 16:15:52,2018-07-05 12:03:00,2018-07-11 19:20:47,2018-07-23 00:00:00
33bb5c9c0285bb31b6c9cab48da62224,9b44b356e5b71eac310f1e3d28d145f9,delivered,2018-01-05 09:23:59,2018-01-05 09:36:25,2018-01-05 22:58:12,2018-01-25 22:58:44,2018-02-02 00:00:00
92fe083783a81f62019d6dcce018a85f,7414f2b75d82b48bc9e568503de1021d,delivered,2018-07-22 01:27:12,2018-07-27 23:31:15,2018-07-24 14:42:00,2018-07-28 00:51:54,2018-08-07 00:00:00
eff7cafa6042969690223d33c833fd00,9d4f09256e5f25a5524be3683a133cec,delivered,2018-04-25 15:31:51,2018-04-25 16:33:38,2018-04-27 15:11:00,2018-05-03 15:06:55,2018-05-10 00:00:00
af32f548778c455ef24c466f397130b3,e6a94dcbf84da543ec5c0188468e894b,delivered,2018-03-22 12:42:36,2018-03-22 12:55:47,2018-03-23 02:32:40,2018-03-29 01:12:34,2018-04-10 00:00:00
39cfa7b8a9a7828476d1074dbd1838a5,5f34948f5d071e36441bb09513db16b1,delivered,2017-11-24 23:49:53,2017-11-25 02:39:27,2017-11-29 01:52:18,2017-12-05 15:25:03,2017-12-14 00:00:00
207fb26690b0cac4a3d8b36808b54833,ac14c96de0060afc775af479d4fd32de,delivered,2017-04-23 00:32:23,2017-04-24 20:45:17,2017-04-25 17:25:21,2017-05-09 11:04:10,2017-05-25 00:00:00
6a924969e49789ee7b332cdc7677c35f,6f35b5a833225638c4ba4fa744fd1716,delivered,2018-01-09 13:07:43,2018-01-09 13:15:29,2018-01-10 16:17:48,2018-01-15 22:42:59,2018-02-02 00:00:00
961c6413a68361bbcd366dcac23671ae,709acb1734ff952f080f92d08dac852b,delivered,2017-11-20 12:47:07,2017-11-20 13:07:32,2017-11-22 00:25:51,2017-12-04 22:49:10,2017-12-07 00:00:00
70b742795bc441e94a44a084b6d9ce7a,0c155574f4f4d27594dbdd37731a6ecb,delivered,2017-08-24 10:29:36,2017-08-24 10:35:22,2017-08-30 15:28:21,2017-09-12 20:27:39,2017-09-20 00:00:00
b0ef2f9c3884fd4731fcbe926fcc3daf,5b779fb8d28ca1c0ab301331c97bc24f,delivered,2018-01-02 11:10:46,2018-01-02 11:18:19,2018-01-03 17:09:41,2018-01-11 16:28:59,2018-02-02 00:00:00
8689805b7502503017ca112059637a7f,5551ca919431fc78c6bb85ee6f57c904,delivered,2018-01-06 13:23:46,2018-01-06 13:35:25,2018-01-08 16:54:26,2018-01-19 15:36:36,2018-02-01 00:00:00
ef82a7205d24d2a9fb1e00177ebf9132,ff9bd2b16be115177afd3b10529d48a9,delivered,2018-04-29 20:48:54,2018-04-29 20:55:22,2018-04-30 13:48:00,2018-05-09 22:38:34,2018-05-25 00:00:00
74bb37ec1177c69720bff87b248233cc,365686a7c86e75148a456893fc8c2708,delivered,2017-06-28 12:18:17,2017-06-30 03:15:25,2017-06-30 12:41:55,2017-07-06 13:36:47,2017-07-20 00:00:00
d798a6f2eef74e8cd33a5c79db6a316c,ad8357e9c4b9a78d08ec2bddcbf2dac9,delivered,2017-10-06 22:18:54,2017-10-09 10:14:45,2017-10-09 20:56:09,2017-10-14 16:17:46,2017-10-24 00:00:00
995392413cee61cc1fcec9807870ea8c,4bf24904ec428325abad2791fcca1aff,delivered,2017-09-04 22:24:05,2017-09-04 22:43:54,2017-09-13 17:20:04,2017-09-22 21:09:32,2017-09-27 00:00:00
b39de9ed2bb8fd08a970e4517c698824,ed18b557140ff674f36cbcf73921dbbe,delivered,2018-03-27 09:15:17,2018-03-27 09:30:12,2018-03-27 23:52:09,2018-04-11 21:51:02,2018-04-26 00:00:00
b1a88554eb1f7f68627549e26257b583,5cf799d0ac88e1d328434a595c015efa,delivered,2018-06-13 02:19:56,2018-06-14 02:39:10,2018-06-14 13:55:00,2018-06-20 21:07:29,2018-07-13 00:00:00
fe2ac30768e07e362b649951cc625144,be07f06f183227b5c2b31c30fbb4f382,delivered,2017-01-16 16:41:18,2017-01-16 17:30:23,2017-01-17 11:26:52,2017-01-26 16:24:07,2017-02-22 00:00:00
460673777918e7a42a262293341ae7d5,6f352988122e277e645d36a012e66bcb,delivered,2018-02-07 22:38:41,2018-02-08 22:30:24,2018-02-09 16:56:51,2018-02-24 18:06:45,2018-03-05 00:00:00
c170c51c1eb31dee8f0771f19fe984a6,3dd75da63afb021f9365e443faa64623,delivered,2017-10-04 15:32:22,2017-10-04 15:44:49,2017-10-06 21:42:15,2017-10-11 19:06:33,2017-10-30 00:00:00
575ca88a26f8e32bb7691d172640bbb6,d73698c8fc11e06d4e414969c84a7d3f,delivered,2018-01-10 12:01:27,2018-01-11 11:52:23,2018-01-12 22:00:11,2018-02-09 00:09:00,2018-02-14 00:00:00
20fb6eab29c449df8173b2a3c868439d,2020c90730cbf8fae6f4f0a9a9a1d924,delivered,2018-02-02 10:06:00,2018-02-02 10:16:08,2018-02-06 21:59:28,2018-02-23 23:56:35,2018-03-06 00:00:00
96c21ec9db51ad9d07c2b592c45f2144,14f2ec23fb7f10a1cd6226be0ff41f3a,delivered,2017-08-14 20:49:22,2017-08-14 21:30:23,2017-08-15 16:42:26,2017-08-16 14:46:49,2017-08-25 00:00:00
750ed62dff96bf5713b8c6a6bbfdc948,a05f88744e7de808ee2378057e2b033c,canceled,2018-05-28 11:18:59,2018-05-29 03:15:20,,,2018-06-20 00:00:00
7cc42e63e4677cbb3e1434f08601b329,89c95f6bba6ab0759de782931bedd855,delivered,2018-05-14 12:48:29,2018-05-14 13:16:57,2018-05-16 08:54:00,2018-05-21 21:42:11,2018-05-29 00:00:00
e36869cebed0b0d8f600f719ec0b0478,5f8fcc77fad0649603a717dcb31c18d7,delivered,2017-06-29 15:27:53,2017-06-29 15:35:20,2017-06-30 14:28:12,2017-07-09 15:47:43,2017-08-02 00:00:00
c2fd626797fb5ca566e69305eebca31a,3f177c07b625f8800aa7b8fd5fc2a3aa,delivered,2018-03-13 16:58:02,2018-03-15 03:15:51,2018-03-15 18:28:52,2018-04-04 16:48:30,2018-04-18 00:00:00
88ed58abfdfae2aeba565453608e8e07,253a82284b4833ac311c1bfd1f4cb595,delivered,2018-04-24 18:28:49,2018-04-24 19:23:34,2018-04-26 06:20:00,2018-04-30 21:12:03,2018-05-22 00:00:00
e5a8151b77b30febb4c0aec6a2f015b9,bc0268fa49c936b8257b4deed2ddf341,delivered,2017-11-02 21:17:47,2017-11-02 21:30:26,2017-11-03 20:57:30,2017-11-08 19:14:01,2017-11-23 00:00:00
448a4837b41e7f24ad7dabafe574c842,85e150f36bbcdbcee982caee4b0238c9,delivered,2018-06-14 14:28:01,2018-06-14 14:58:51,2018-06-14 14:20:00,2018-06-25 16:18:43,2018-07-17 00:00:00
5d4f5212371724259b175c9e1a1064fc,9534eefb05c89b50b207e58c511f6888,delivered,2017-09-11 11:29:12,2017-09-11 11:43:43,2017-09-13 16:41:25,2017-09-25 18:42:41,2017-10-09 00:00:00
71affeaa67493ff0db555224e59b1bbb,f369d58e475e144e55d5936248f241cb,delivered,2018-04-10 18:30:50,2018-04-10 18:50:21,2018-04-12 19:41:08,2018-04-16 18:21:45,2018-05-09 00:00:00
4baa06417aa0574e5ebf76cc4015f680,e4b6766132b13b3ab3edd2b7be4b915e,delivered,2018-04-07 11:31:07,2018-04-10 04:10:49,2018-04-10 22:41:56,2018-04-17 22:03:28,2018-05-15 00:00:00
5ffe81e9175008222d385b418ef51a6d,497ee8ce7cf70245d3636f91c968163f,delivered,2017-09-26 16:44:24,2017-09-26 16:57:02,2017-09-27 15:30:33,2017-10-11 18:38:14,2017-10-31 00:00:00
669b4e413bba377a759547000b13117e,b8d7af2203d681d464861dc4c125ed48,delivered,2017-11-16 22:02:48,2017-11-17 17:27:58,2017-11-23 19:47:43,2017-12-07 22:42:10,2017-12-11 00:00:00
3902c863a4cc7b325b57a420f8012a0e,862d420e0338df399fda69c18a1ae556,delivered,2017-05-01 10:02:47,2017-05-01 10:10:17,2017-05-04 10:24:59,2017-05-09 11:04:10,2017-05-29 00:00:00
6f7575421a734bfa430fcbf23f41e1f0,3e7a2e82fa0e0e950459e2dea53148b4,delivered,2017-09-14 17:29:42,2017-09-15 02:26:02,2017-09-15 11:37:31,2017-09-18 18:42:59,2017-09-26 00:00:00
c40b742c11a9df1f4d5cda8301dace51,138674c802d7dcec4510a2f331a1db8f,delivered,2018-06-13 21:28:42,2018-06-13 21:58:46,2018-06-14 16:12:00,2018-06-20 15:38:36,2018-07-13 00:00:00
f09f3f77745d7ca1975a8c080123a68a,e6f47c1077e7bf89527cce6b7f53b275,delivered,2017-07-25 14:01:36,2017-07-26 19:43:16,2017-07-27 18:52:51,2017-08-02 12:18:34,2017-08-16 00:00:00
55e437ea6e09474dfdddee9b983aa798,6b750fd410ccd959db815b48cd0b5804,delivered,2018-01-10 14:15:40,2018-01-11 02:48:41,2018-01-11 21:48:47,2018-01-12 21:27:04,2018-01-24 00:00:00
cc84d04f45b429e9b55417f15b01aa52,6e0515ee87122a9140e34f7dc2fdfcba,delivered,2018-03-23 05:29:40,2018-03-24 11:32:20,2018-03-26 14:07:31,2018-04-04 15:18:33,2018-04-12 00:00:00
ba6ef427eddcdf12922391f524c053aa,460dc8184b5df8c865de24c0a5b69fd3,delivered,2017-02-10 15:27:02,2017-02-10 15:35:24,2017-02-13 02:21:39,2017-02-15 13:34:02,2017-03-09 00:00:00
91d14212d8350307a23f62cdab6b4978,1e434301a5cb198f25c4362829482d04,delivered,2017-09-23 22:13:50,2017-09-23 22:25:12,2017-09-28 18:18:55,2017-09-29 18:55:10,2017-10-18 00:00:00
88362b1861d6006c64c8a30e48a3be01,d33c3fc4db8fd0f1f4978ad96fc80013,delivered,2017-12-01 18:58:44,2017-12-05 04:15:51,2017-12-06 12:32:52,2017-12-18 21:38:54,2018-01-08 00:00:00
3cf35e66383eac0fa651e99728d09c8c,71c5bb8cc5706d93c55624d75b9bcdd6,delivered,2017-10-21 23:49:20,2017-10-22 00:07:19,2017-10-23 18:58:05,2017-11-03 19:17:39,2017-11-14 00:00:00
620d254bc4b9c32cda7b908de600926a,57255fab455feb9858e2ef1490150eb0,delivered,2018-04-21 19:50:43,2018-04-24 19:03:57,2018-04-24 19:26:46,2018-05-04 19:13:00,2018-05-18 00:00:00
dedfb42b20552455d833569e5fd73390,b500d309b1692da5cf9acacdac263087,delivered,2018-02-08 11:13:11,2018-02-08 11:50:33,2018-02-08 22:33:14,2018-02-19 21:58:49,2018-03-12 00:00:00
d6a7e3621ef1e50b038deaf06e44fe6c,cd3dced2dc9404b32b5286672f63f5e8,delivered,2018-01-02 13:07:22,2018-01-02 13:18:17,2018-01-03 17:39:14,2018-01-11 00:06:44,2018-01-30 00:00:00
2e6d9b2e86ecc0efd34ab46632ef4448,d6ddffe6e681da24bc1e5d632224d497,delivered,2017-11-27 13:54:18,2017-11-27 14:18:35,2018-01-04 22:53:34,2018-01-19 20:11:35,2017-12-22 00:00:00
95ef5243238e7b30c38c33fcdf05331e,a50f61856056bd0098cafba2a854495c,delivered,2018-05-08 19:19:08,2018-05-08 20:15:24,2018-05-09 14:31:00,2018-05-21 20:08:43,2018-05-23 00:00:00
2f2d84378c1f56a11a3c7e6329ade2cf,c8ea6998e7065144d207ebd1e49b4a00,delivered,2018-06-12 10:33:05,2018-06-13 02:37:12,2018-06-15 14:27:00,2018-06-21 16:50:46,2018-07-03 00:00:00
bb8a21007d7fc7789338070eaef9c601,9e8295d8e69d9a29ea22d9c0c9f5f16f,delivered,2018-08-14 10:23:03,2018-08-14 10:30:42,2018-08-15 10:05:00,2018-08-28 17:48:38,2018-09-19 00:00:00
3bcc1c9f93f90f188ff37ccb4e22bad2,a0e89d4138485d7b7a038f96a4bb528c,delivered,2018-03-01 16:55:22,2018-03-01 17:15:35,2018-03-02 18:42:52,2018-03-27 14:22:37,2018-03-27 00:00:00
73c03f80def4f5e6c940e49350125298,10549f89e59058b4e3ab40d4b475a03d,delivered,2018-01-16 12:06:32,2018-01-16 12:31:12,2018-01-18 20:48:51,2018-02-01 21:09:44,2018-02-09 00:00:00
7f31dc70c624428b42b32b0b0167ba39,58d5a762bcc3bc018a7c1669faa37422,delivered,2017-12-06 21:41:35,2017-12-08 21:12:00,2017-12-12 21:23:54,2018-01-11 16:33:28,2018-01-11 00:00:00
39d42259839b9cfad053b83e19e14fc0,8a44674ccda540b8e0668a90a61be197,delivered,2018-08-07 13:21:30,2018-08-07 13:35:15,2018-08-08 14:54:00,2018-08-14 16:24:37,2018-08-16 00:00:00
76c8089e946c8fd0cea2f819f1aa6d78,255edffca85a3cd3aab6456892a7067a,delivered,2017-08-08 14:36:00,2017-08-10 03:15:22,2017-08-11 21:44:53,2017-08-18 17:50:04,2017-08-30 00:00:00
c86098909905caad95e52f3c49ed3b5a,ee52dae7fd06a5d6798b5cdef747edc2,delivered,2018-03-19 14:08:41,2018-03-19 14:29:38,2018-03-21 19:14:46,2018-03-23 23:51:40,2018-04-02 00:00:00
01c139e11e826da7bf9782cf1ee904bf,d4e19535b2f75f549d799b3841795ce6,delivered,2017-03-05 19:25:45,2017-03-05 19:35:12,2017-03-08 11:39:37,2017-03-14 09:54:24,2017-03-27 00:00:00
995d87eccd226be9b3c4b980d2728eb2,02f818e19134685bb0b3114b4667868a,delivered,2018-06-26 14:56:36,2018-06-26 15:16:12,2018-06-27 11:30:00,2018-07-03 22:12:48,2018-07-24 00:00:00
8c695ffcf56400764176fd1789ec7fa2,d0e385087b9413d7f74a518fb55c56f9,delivered,2017-08-17 14:35:17,2017-08-17 15:06:12,2017-08-21 14:33:00,2017-09-15 17:10:31,2017-09-11 00:00:00
eef1b5385bc2d6cdf899eaf1337be979,4e87ee70b31e161d2bccbcb0af7c035a,delivered,2017-12-10 10:45:35,2017-12-10 10:55:21,2017-12-11 19:38:03,2017-12-31 13:06:11,2018-01-11 00:00:00
5ff05cd5557e3cc10ba2ef800f2b8da6,dfe414a11599a003b95ff5ccffb8627a,invoiced,2017-05-10 18:42:38,2017-05-10 18:55:12,,,2017-07-03 00:00:00
3675bad64212bdf96c5062ea051384e1,27fcfc8d27c86e1f52daa7d17fc24ce4,delivered,2017-11-02 22:59:31,2017-11-02 23:10:32,2017-11-03 17:39:37,2017-11-20 22:42:49,2017-12-04 00:00:00
90afb8151d6aca71ae7b52a029ebc165,3faee0bb2909b67bc79d9f5650f728c2,delivered,2017-11-03 12:43:46,2017-11-03 12:56:15,2017-11-16 21:31:54,2017-11-22 21:41:44,2017-11-28 00:00:00
31116b5bedeace2fc1202e1e5288be14,c86e8e6320baac2c4ffb96c11f4ebc4b,delivered,2017-10-25 18:12:09,2017-10-25 18:28:46,2017-10-30 13:37:49,2017-11-07 23:28:36,2017-11-22 00:00:00
314c573c3c333b3bfdaf1b7821642d39,bccae5c7dd2a780d7ff0324eddc18ea0,delivered,2018-02-22 20:25:24,2018-02-22 20:45:32,2018-02-23 21:22:08,2018-03-15 17:42:44,2018-03-14 00:00:00
549eaa78237c5a5c9ca1cc4a8d812208,08a4362bdde5810480007ce9baad3d21,delivered,2017-09-04 04:19:30,2017-09-06 02:50:19,2017-09-06 14:27:43,2017-09-11 22:53:54,2017-09-21 00:00:00
10e2410205407d25bc85d047ca583cdc,5bdb1b40eeacdbb24248cda34549e471,delivered,2018-08-08 06:28:21,2018-08-08 06:44:47,2018-08-09 10:35:00,2018-08-15 16:43:38,2018-09-19 00:00:00
a4d5fcb131fab3ac106ae40ac7042833,60dd5ea5f8bfa751e88c6ba644c486d7,delivered,2017-09-24 22:28:08,2017-09-24 22:44:17,2017-09-26 12:29:07,2017-10-07 13:33:10,2017-10-26 00:00:00
fc7e3c066f67dcf0954cd79e8b52a7df,debb9c0b178e9096f08c8609c81e2924,delivered,2017-08-16 20:28:40,2017-08-16 22:04:41,2017-08-21 21:08:04,2017-09-05 22:32:33,2017-09-12 00:00:00
f80a22b75de2f7ef552287c042b55904,e7f1c2016c1e04e02cb832355bfabbb7,delivered,2017-10-13 15:52:58,2017-10-13 16:14:38,2017-10-17 16:22:12,2017-10-25 21:57:43,2017-11-06 00:00:00
b2adafcef9baffbef06c6e49e3d64c71,d19bf7506977eaa73334f94c63b46ade,delivered,2017-12-05 16:23:37,2017-12-06 02:50:28,2017-12-07 13:58:56,2017-12-20 21:55:08,2018-01-05 00:00:00
56876127578ae75a3a469572eca6602b,92efb7442d7a27f11a453e0c0db25562,delivered,2017-09-02 11:21:35,2017-09-02 11:30:21,2017-09-05 15:47:59,2017-09-08 23:41:34,2017-09-21 00:00:00
a880a78363d1f9a76ec3ca2b150de0dc,e9753790630a0bf9f483e4b9b5defa14,delivered,2017-11-18 13:19:08,2017-11-18 16:26:12,2017-11-22 20:21:03,2017-12-07 21:03:07,2017-12-12 00:00:00
499e36ddc9a7c36dd44e2dcd43a76620,449661f48027faecbed83ae63b438743,delivered,2018-08-08 14:38:18,2018-08-08 14:55:20,2018-08-15 12:53:00,2018-08-21 01:03:33,2018-08-22 00:00:00
2ab3c22d797ae5a4199d53021ac9e78b,084276e19165eb374ea209756511156a,delivered,2017-06-08 15:13:28,2017-06-08 15:43:25,2017-06-13 13:40:55,2017-06-19 18:28:07,2017-07-10 00:00:00
5705bc62270ffb13ed25996c30d281c6,56b1b47903483551ba7310e09e1c8726,delivered,2018-03-01 20:54:13,2018-03-01 21:15:40,2018-03-02 22:17:04,2018-03-23 17:41:35,2018-03-21 00:00:00
3f6628878fb03f1d5fef1958971d1680,77768b56d04254a39d08736b43642c93,delivered,2017-04-07 17:32:24,2017-04-07 17:45:21,2017-04-11 10:15:16,2017-05-10 12:20:08,2017-05-15 00:00:00
1ae3a362085a74b0934c19b2533b9265,44825e1c6d09b3e10747266d4209e43e,delivered,2017-10-26 14:44:07,2017-10-26 14:56:22,2017-10-30 16:00:06,2017-11-03 14:22:09,2017-11-14 00:00:00
88ef4dd86ce9168daf5579d4f878f93c,94bcf8baf19461186b00908eaaab6057,delivered,2018-05-06 17:07:23,2018-05-07 16:53:05,2018-05-08 13:14:00,2018-05-18 16:33:34,2018-06-01 00:00:00
643fa404d2dac7349a17416c2d2abf42,b434038f25087d8cb775ac6167d6d87a,delivered,2017-03-23 11:58:25,2017-03-24 02:43:51,2017-03-24 15:26:54,2017-03-31 09:37:48,2017-04-12 00:00:00
e7fad3681883337ef2d804f54f9adbc1,8ef275e924ff8b859b1fad762be80fb3,delivered,2017-12-13 18:01:48,2017-12-13 18:12:25,2017-12-14 17:03:48,2017-12-15 16:04:55,2018-01-02 00:00:00
e34c35f516c039e39fe961639b87cdc4,f90456a4a362936bedfe4f2aac7448eb,delivered,2017-06-20 12:29:59,2017-06-20 13:32:37,2017-06-21 09:58:04,2017-06-27 14:50:29,2017-07-12 00:00:00
e641c4c52bd0059576b2ed7d7acc2feb,952c65fb709964e297fc065a740de6ff,delivered,2017-11-24 21:07:19,2017-11-24 23:57:05,2017-11-28 23:33:49,2017-12-29 04:18:47,2017-12-26 00:00:00
05a4879e7e161809c8bf4d8171b0c670,b88494557063ca06b09ac6feee81eac4,delivered,2018-02-04 07:54:12,2018-02-04 08:10:47,2018-02-06 22:04:50,2018-03-08 20:36:26,2018-03-06 00:00:00
85ba0f5d522324bd5acb9d014fa37c82,bdb5eb50daae50a6f36eadc6974cc5a3,delivered,2018-03-19 14:29:41,2018-03-20 03:08:33,2018-04-04 19:41:30,2018-04-11 12:37:44,2018-04-24 00:00:00
a052b4ec749ff1fecf61228b8dd68a4e,91486dd591ffc38e69608cd1684e6951,delivered,2017-07-14 09:18:44,2017-07-14 09:30:20,2017-07-18 13:28:23,2017-07-24 20:38:15,2017-08-07 00:00:00
d82c41502ff72f11870b7546659bc8d4,090db52e7c7c0f9133f03da051a4321b,delivered,2018-02-04 18:39:24,2018-02-06 04:33:11,2018-02-15 21:46:38,2018-02-22 17:53:02,2018-03-05 00:00:00
96c3480bcfc103e174ee23d12043188b,49e0851725249f39533e3afdb6068907,delivered,2017-11-22 10:46:42,2017-11-22 10:59:23,2017-11-23 17:26:43,2017-12-05 20:09:55,2017-12-12 00:00:00
64d68b5e88c8e4cda34a9d46314132a1,95a9c3ab9abb53255cf892538cf22d01,delivered,2017-10-07 17:04:50,2017-10-07 17:14:20,2017-10-09 20:20:20,2017-10-19 18:17:53,2017-11-06 00:00:00
3a387120748132611868e2e4707cdbaa,25dcca1d4dd5e5ae818c2eb083b3d177,delivered,2018-01-26 11:16:02,2018-01-26 11:39:28,2018-01-26 20:17:40,2018-02-28 17:46:53,2018-03-19 00:00:00
07f267d3cb28221009ef6852101d70c7,36d38da46c36b3d6e53020634e2be979,delivered,2018-01-26 11:38:23,2018-01-26 11:46:33,2018-01-27 16:46:59,2018-01-30 22:23:32,2018-02-09 00:00:00
0828f00051736863b477ea7277ddda6f,3e6551142018cfa35fe34cc86e790ebf,delivered,2017-09-29 00:47:51,2017-09-29 01:04:58,2017-10-03 14:45:59,2017-10-05 16:52:44,2017-10-18 00:00:00
2f5af9bfb62b1adb5d3865bbf05c4a56,075c121d41edf32d2ce4b13c67152000,delivered,2018-01-06 15:54:51,2018-01-06 16:07:28,2018-01-10 19:18:28,2018-01-16 16:12:59,2018-02-01 00:00:00
335f7b1126543ca03f8bd08b7f78c5e5,2223ffe5b1560249d128c769de3e6db6,delivered,2017-05-29 13:32:24,2017-05-30 05:02:31,2017-05-31 13:14:51,2017-06-07 04:04:51,2017-07-03 00:00:00
c7b50349c671aee4a4e97aff1c8188c5,cee15e4c71628cb79e97aa9dd14b10c6,delivered,2018-08-21 19:59:01,2018-08-21 20:40:05,2018-08-22 13:36:00,2018-08-23 20:02:18,2018-08-31 00:00:00
37da3da6179d8ae1941a30b52dd4815c,71efa359910b8b3aeab9a78a393b60c1,delivered,2017-06-15 12:01:06,2017-06-17 03:42:23,2017-06-21 15:37:39,2017-06-30 13:37:59,2017-07-12 00:00:00
bd6bcdd3e5ffd0d3e562f279e2b3fe3a,379a8332c6787fc0c2f5938bf6d31124,delivered,2018-04-06 22:55:56,2018-04-06 23:09:15,2018-04-09 20:18:33,2018-04-20 22:22:27,2018-05-08 00:00:00
da0a6ee487d278ae0fc77b10e9c18d8e,f9ec92fefe9e8f36165390d2cf8a76f4,delivered,2017-09-23 18:20:14,2017-09-24 18:25:11,2017-09-28 18:40:18,2017-10-02 17:37:47,2017-10-18 00:00:00
676157c2d1075c88ea0009f8d7d2d389,f6d0beda15d742eb9351737ba24ec199,delivered,2016-10-07 10:18:50,2016-10-07 11:55:27,2016-10-21 12:25:59,2016-11-09 11:51:28,2016-12-13 00:00:00
664a44899f2e94b4b928c781547d7bee,5e2fa5546c2cbda91ab09183cc6f1ae7,delivered,2018-02-27 21:54:48,2018-02-27 22:35:21,2018-02-28 22:54:42,2018-03-15 22:58:52,2018-03-29 00:00:00
2c833074fc9fbb5d8c24ec212ce02bff,a9d27ae943179884354286b37d064e0f,delivered,2017-09-22 15:54:17,2017-09-26 04:07:18,2017-09-29 17:42:27,2017-10-11 14:34:03,2017-11-03 00:00:00
7d7450d00dd0f7359d74c86cb5890fd9,d57a2dc04faae9e680626bda0a161217,delivered,2018-03-06 10:38:36,2018-03-06 10:50:32,2018-03-12 15:54:50,2018-03-27 19:42:17,2018-04-09 00:00:00
22b7dd604ff5725df72b4245777f87f7,5f12f95bc1755253989dd6dedd75b510,delivered,2017-03-23 08:48:31,2017-03-24 03:32:54,2017-03-24 14:47:52,2017-04-04 23:43:39,2017-04-13 00:00:00
9ea386e9542809c5955f1b89354c5e5c,a77a71408320c4a9a0ab320e798cd728,delivered,2017-09-30 11:14:12,2017-09-30 11:28:15,2017-10-05 18:23:04,2017-10-08 12:49:56,2017-10-18 00:00:00
5aad92458ca3d4d408c99f424de3cd73,60e7ebbbfb5f79a77465c0c27edf9650,delivered,2018-04-14 12:00:13,2018-04-17 05:49:59,2018-04-18 22:06:42,2018-05-03 20:17:56,2018-05-17 00:00:00
7641030cb95588ea6eaeda75cb63fc92,b8fa8e6d8f3fab19a56eff647e21eb37,delivered,2018-02-07 14:52:33,2018-02-09 02:50:41,2018-02-14 12:41:57,2018-02-22 17:23:17,2018-03-12 00:00:00
6f46d796b9d7089d7d0a78e0d254f38f,70104960c292faf07d86774cc3047cd7,delivered,2018-07-20 14:46:23,2018-07-21 14:44:10,2018-07-23 15:12:00,2018-07-27 17:09:28,2018-08-06 00:00:00
8c4a924fbaf8e5d685676b7a7269cc07,7611a01c864ad64ae6fc27f18713df09,delivered,2018-06-10 13:17:39,2018-06-10 13:37:01,2018-06-12 17:26:00,2018-06-14 20:58:20,2018-07-11 00:00:00
3a604ee4bab12dd296760f2295b74614,495fd0cd8a1b4a316256a038025ac97a,delivered,2018-03-14 14:44:14,2018-03-15 15:31:20,2018-03-17 01:48:30,2018-04-10 00:44:35,2018-04-20 00:00:00
f5594a5beff0da9f2ae31381e7f4195f,4770016d1bae6437b699bea4a2ce8ae6,delivered,2017-09-15 14:42:54,2017-09-15 14:55:31,2017-09-15 21:14:43,2017-09-26 21:18:53,2017-10-13 00:00:00
b513b10ef81dc22d15e850789a8a96b1,fa3c9c28979e812523cac4180cf5bbca,delivered,2018-02-25 19:08:04,2018-02-27 04:31:09,2018-02-27 17:53:22,2018-03-08 00:10:24,2018-03-21 00:00:00
3d6c7984f741db86885c11fb6f8ef329,191645119367588923a2fdb37a2b919e,delivered,2017-08-06 13:32:42,2017-08-06 13:43:27,2017-08-07 18:18:31,2017-08-09 16:00:57,2017-08-25 00:00:00
b23a3fbf20082ffb8fce7107c46d7355,9a1e931787506d41070e03c467a3bb83,delivered,2017-12-06 13:08:30,2017-12-06 13:18:23,2017-12-09 00:27:13,2017-12-26 22:59:04,2018-01-11 00:00:00
64a954ed681af38362c928f1f6a7ec47,3990e05f8ede91d4ed641781605ac253,delivered,2018-01-03 00:16:06,2018-01-04 05:15:18,2018-01-08 21:38:07,2018-01-12 20:35:58,2018-01-26 00:00:00
28889b0ebcf51e11d33d3b8913ec4780,2f2169644b9e1e3b8cc23a59d8f6345e,delivered,2018-01-30 12:45:46,2018-01-30 12:56:12,2018-01-30 22:16:48,2018-02-23 19:18:43,2018-02-21 00:00:00
1d73d3f30d166ae684a1ae877edcead5,235f076913d26e213b917ae40e48f8b8,delivered,2018-06-21 16:34:24,2018-06-26 05:37:29,2018-06-26 12:00:00,2018-07-02 22:59:45,2018-07-26 00:00:00
833aeeba583417aa644a7c311e6b5bd8,df358a91acde222cf3330baac5cecfe7,delivered,2018-02-27 19:14:20,2018-02-27 19:30:22,2018-03-01 00:42:02,2018-03-02 19:35:37,2018-03-13 00:00:00
bc03012724b4db8837684e376b6eeacd,cacf236a67a1b018693b6e7309a3f670,delivered,2018-06-16 20:50:28,2018-06-16 21:16:10,2018-06-19 14:13:00,2018-06-20 20:58:22,2018-07-20 00:00:00
a818640a99640aa4728f98489c21333e,62890bed8374aa32f13b9cd4611263e3,delivered,2017-10-17 18:08:17,2017-10-17 18:26:52,2017-10-18 18:52:45,2017-10-20 18:47:28,2017-11-03 00:00:00
34fd1d0a76a47123cb6a008ceeb18cbe,57b61547bdd096c6501f7f22e512fed9,delivered,2017-09-07 01:47:49,2017-09-09 04:50:11,2017-09-11 18:10:19,2017-09-21 13:30:08,2017-09-26 00:00:00
569d4a814b28187752cfacdd96077037,300b8e97afe5517506eb5fd157b3a9f5,delivered,2018-01-30 16:13:28,2018-01-30 16:34:59,2018-01-31 14:46:06,2018-02-01 13:46:32,2018-02-15 00:00:00
f999e26054da652c7caa0da95228c9b8,4ad611a1b940916b2164d8957ece3036,delivered,2018-04-15 17:06:16,2018-04-15 17:30:49,2018-04-16 19:14:35,2018-05-28 23:12:03,2018-05-10 00:00:00
f7f1d7e07ff7f3af27812ea78aa10f89,3a427eb5ef71cca3ee5cfd21a31bfaf3,delivered,2017-10-31 14:13:14,2017-11-01 03:31:15,2017-11-07 17:13:06,2017-11-13 21:12:16,2017-11-23 00:00:00
dbae123b07ca4baf09ee93c5b52c8932,3db09129454f368874d3f18bb83c7d64,delivered,2018-01-27 18:04:38,2018-01-27 18:15:27,2018-01-29 19:15:26,2018-02-08 16:49:11,2018-02-20 00:00:00
fa4e39af0cabdc0f91adcba174a63b69,5fa845339b9bf6edcdf1e4bf4140cb8e,delivered,2017-04-13 23:47:01,2017-04-14 00:44:01,2017-04-18 14:48:53,2017-05-11 14:03:48,2017-05-17 00:00:00
c8c13c8c58d62b12f9df992a5fb5710c,b1690cdbec8f90ecdcc703c87e5e4b74,delivered,2017-10-26 01:18:25,2017-10-26 01:35:09,2017-10-26 17:45:10,2017-10-27 13:43:02,2017-11-09 00:00:00
ee24d42e740ce630fbea0d9870d78736,c729265073a5aca84a794993a491a27a,delivered,2018-06-03 17:00:04,2018-06-03 17:10:51,2018-06-07 09:04:00,2018-06-08 22:37:20,2018-06-28 00:00:00
e32738e1f9a8c0b2af32e78bf6f892b2,40f93a99ab90718f8a7587bcbb6f87a1,delivered,2017-09-08 15:23:38,2017-09-08 15:35:16,2017-09-11 19:51:48,2017-09-14 17:25:04,2017-09-29 00:00:00
35b21ed0cc9b73594a41b071693b55e4,4c1804fa3ef0c59a7b2f8a00618eeed1,delivered,2018-02-08 12:37:28,2018-02-08 13:20:24,2018-02-10 00:05:23,2018-02-16 22:48:25,2018-03-06 00:00:00
c4d641da04a6c3ef517a2f03bf42a151,a7335a8b430a602d318ab371d4506e81,delivered,2018-05-31 14:25:29,2018-05-31 14:54:40,2018-06-05 10:03:00,2018-06-24 00:52:25,2018-07-16 00:00:00
02cbfc1aa8d209d7fec3325970ca22a6,e4bc5ee736af8027fe3d62de92254f53,delivered,2018-06-13 20:39:04,2018-06-15 02:58:41,2018-06-18 15:15:00,2018-06-20 18:22:31,2018-06-26 00:00:00
03ff7f74352df18b6a9a261d68befe5e,623795ecd2f7580e1460a1af8f4b8f53,delivered,2018-04-09 15:53:12,2018-04-09 16:10:59,2018-04-11 18:44:34,2018-04-12 19:08:26,2018-04-19 00:00:00
ba2500147cc381c7d587dede7f034f2b,511bf1f58434360b2aa7420dd0a2929a,delivered,2017-07-25 16:31:36,2017-07-26 16:30:19,2017-07-28 20:21:56,2017-08-05 14:57:48,2017-08-24 00:00:00
866c3d690461371bdd01676cccd0dfa3,ca879bcfd80ef6944931e896c48798a5,delivered,2018-07-28 17:52:17,2018-08-01 16:31:40,2018-08-02 14:20:00,2018-08-06 16:14:56,2018-08-17 00:00:00
0373763807c25ce94a4b85c7c0f47062,8cf0e572d0e13c3cd64a678d54e0ad09,delivered,2017-08-01 19:39:49,2017-08-01 20:27:37,2017-08-09 19:05:16,2017-08-14 16:41:29,2017-08-21 00:00:00
5a0df53f2e4268aa5a298c50838ccb7c,7455d5b60a7e99853b11405c4860c525,delivered,2018-05-12 09:06:10,2018-05-15 05:32:39,2018-05-15 15:05:00,2018-05-25 19:55:40,2018-06-04 00:00:00
dbb182f0099f1b6b9172a1f1fe4a62b3,0a1b816a9e0ae82eeaa2c15a91f98d7f,delivered,2017-05-10 14:51:35,2017-05-11 04:22:38,2017-05-11 15:17:39,2017-05-16 09:41:56,2017-06-09 00:00:00
c1d124970fcaa7b1b9cabc82418f7fb0,46cd40cdb8086e4507d4649843ceb79c,delivered,2018-06-09 22:53:47,2018-06-09 23:15:12,2018-06-11 15:35:00,2018-06-18 16:42:28,2018-07-16 00:00:00
7d3fc20e36b2ee9683b0307b1129e96c,16d505cd985a5e737955de5b91b733bf,delivered,2017-10-31 09:45:46,2017-10-31 10:07:00,2017-10-31 18:12:53,2017-11-10 18:29:07,2017-11-16 00:00:00
037853d95871494e2e6147d00e37659a,81f6608e7150cede9a3d8c1dbf592113,delivered,2017-08-22 21:57:49,2017-08-23 00:33:00,2017-08-24 14:28:08,2017-08-25 13:27:48,2017-09-04 00:00:00
c2c6674097e6b9ea3b322ce6f3e56117,6d278dab1f561f3648b35e498335652d,shipped,2018-03-03 13:13:05,2018-03-06 03:49:33,2018-03-06 20:27:45,,2018-03-26 00:00:00
6b4383f4e80b98f77c7f02262603cf9d,06e55d0b482f746c8c177b04b8b27301,delivered,2018-07-16 20:23:56,2018-07-16 20:35:15,2018-07-18 15:36:00,2018-07-23 20:02:00,2018-08-01 00:00:00
b0c6b466f1a099c343926b4a538a887e,f31301c07f3e466ca7eefb37e929cb20,processing,2017-10-13 17:28:07,2017-10-13 17:49:12,,,2017-10-25 00:00:00
0ed4f86f537498adc199e28f682e2946,7ccae4c14b25c44cc60e1d0d6e1268dd,delivered,2018-03-24 15:38:20,2018-03-24 15:50:25,2018-03-26 21:38:46,2018-04-03 00:14:22,2018-04-12 00:00:00
a6a6c002fd9f0e9eb0c0148448cf8863,355b5f09816035f6001cbeda7beb04ed,delivered,2018-02-03 15:48:24,2018-02-03 16:10:36,2018-02-05 18:29:05,2018-06-13 15:57:49,2018-03-01 00:00:00
60eeb6cfb0da0d3db8ccd8a0ca15f272,7df0b431d81325e82cfc663f2c43efef,delivered,2017-11-17 10:24:43,2017-11-17 10:50:45,2017-11-17 19:45:00,2017-11-27 16:14:47,2017-12-11 00:00:00
2a757a7ab0204f779c01da4557d982ad,aefd6355ebd6b31a28fe1613ce45ddb0,delivered,2017-11-20 15:06:30,2017-11-20 15:27:02,2017-11-21 15:59:11,2017-11-29 12:09:20,2017-12-11 00:00:00
3b73bd0a67b08e5d8441574de9aae345,fa41ee1cb6d2ef05a172aedc5720330a,delivered,2018-08-16 14:04:21,2018-08-16 14:15:23,2018-08-17 13:56:00,2018-08-21 15:28:46,2018-09-04 00:00:00
f04955e9d40fccf99360d76c463cf97e,0d1912e9daa6b43f89d5ef6810d6e3f7,delivered,2017-10-09 22:37:13,2017-10-11 03:28:29,2017-10-11 15:23:45,2017-10-20 22:22:13,2017-11-06 00:00:00
9792ae2286f14d76123f9010f9c83f92,d64c5598555304b3aacbd6e9d07e2d4c,delivered,2017-06-03 10:20:00,2017-06-03 10:30:09,2017-06-05 15:54:17,2017-06-19 15:15:46,2017-06-30 00:00:00
edee11c6be644a02ad79dabf630c41ee,15b897ae00814eb17fcbd3adf06e0e1f,delivered,2017-07-03 23:02:39,2017-07-05 02:50:24,2017-07-05 12:38:36,2017-07-14 16:48:04,2017-08-04 00:00:00
8b9ba2ff8ffd0a83f05139ed2a1a458a,798c892185a68de46c66da84b8c3031d,delivered,2017-03-31 17:04:13,2017-04-01 20:05:11,2017-04-04 14:06:00,2017-04-06 17:13:25,2017-04-20 00:00:00
ffebd80e3291e811c308365936897efd,050309b91cc5e04e68841938e7984aaf,delivered,2018-07-13 20:04:05,2018-07-13 20:23:55,2018-07-17 10:03:00,2018-07-23 19:44:45,2018-08-07 00:00:00
1f4409e522bbd17f0fcc7b9d1409fe8c,5c6342a614894e38da53f835a34d9344,delivered,2017-11-05 15:57:07,2017-11-05 16:10:29,2017-11-07 19:07:44,2017-11-18 16:38:43,2017-11-27 00:00:00
ad493e47b6b5de120afe23202e244fec,d3ba3ac30d3a26d6fe2007dfc0928b18,delivered,2018-01-21 10:16:55,2018-01-23 03:38:29,2018-01-24 20:24:26,2018-02-04 17:41:44,2018-02-23 00:00:00
8e39302e6b4d08eec0f5a5ac3274f338,8d14023e66eb2ea7ce18fd20e4985b00,delivered,2018-07-13 12:21:43,2018-07-14 12:23:59,2018-07-18 12:37:00,2018-07-23 14:48:40,2018-08-02 00:00:00
5497a7c711fb6064cb94be4e7b68a598,7ce7535cbe0f24ab642f7584ec6d530a,delivered,2018-03-01 17:28:46,2018-03-01 17:49:36,2018-03-05 21:08:49,2018-03-08 18:06:47,2018-03-19 00:00:00
9e89b029e7fb38004f9e2d3b4055610e,ee14f905f8bfaf6d2f0653202d13bb43,delivered,2017-07-11 17:30:25,2017-07-11 17:45:34,2017-07-17 18:33:27,2017-07-31 18:27:49,2017-08-08 00:00:00
d688d29e40c2038d1ed9dff624fc9490,a4f89f092addda8288f8fb9fe2b5ae05,delivered,2017-11-24 10:32:47,2017-11-25 04:37:30,2017-12-06 03:36:57,2017-12-08 14:13:41,2017-12-19 00:00:00
2f95a71d2777d49b1ea9226320de5c3d,a46b4e70ca3ae048f937fd95563faddd,delivered,2017-09-05 11:29:06,2017-09-05 11:43:49,2017-09-06 20:13:23,2017-09-18 18:21:40,2017-09-26 00:00:00
a6d7b2808b32dae3b384222edb93efd0,7cb24ad499c1e7e4b94d04ea1cd3ac81,delivered,2018-03-23 13:44:28,2018-03-24 11:29:14,2018-03-27 19:26:52,2018-03-28 20:21:51,2018-04-05 00:00:00
9f452e5cf61ec9a8c6d4d276ddf5664e,4e4b8f299747fff2f17eab79f554e097,delivered,2018-05-31 13:16:02,2018-06-01 13:12:41,2018-06-04 12:18:00,2018-06-15 19:07:27,2018-07-13 00:00:00
a1211febecce5b1f8faf9f5e533bd627,377c587dca2f85d76e1621134f50c291,delivered,2017-03-22 17:12:10,2017-03-24 02:44:18,2017-03-24 14:51:56,2017-03-30 09:24:05,2017-04-10 00:00:00
81197e2ef0c78f09e8ffd8a87efaf57b,243e878db91f17c94ef54a3338315e1e,delivered,2017-11-27 09:14:52,2017-11-29 09:11:23,2017-12-16 00:54:47,2017-12-28 19:50:10,2018-01-10 00:00:00
f1dfaa2d6bf27637f8996f170eb3de79,67e000a48b561326797f273e60821243,delivered,2017-10-02 21:37:12,2017-10-04 02:49:23,2017-10-04 14:22:28,2017-10-09 20:43:48,2017-10-24 00:00:00
ad65e95a693ee0523cd2eafe78406feb,45b62f72b605ed2cbfbac6e3b05bc0e9,delivered,2017-10-27 13:36:03,2017-10-27 13:50:12,2017-10-30 20:26:43,2017-11-07 19:32:35,2017-11-22 00:00:00
f4ed3372892bfb645849016388ddae75,3905e45f0ad04281158670ed69a01662,delivered,2017-12-11 16:05:00,2017-12-12 04:09:25,2017-12-13 01:13:25,2018-01-09 21:25:22,2018-01-10 00:00:00
89f5b57546c833d2885ea08dd4a7df1f,a3a2eb818ccf5d4f72646d2d952bdc11,delivered,2018-04-08 11:11:44,2018-04-08 11:30:24,2018-04-09 23:08:39,2018-04-18 15:42:31,2018-05-09 00:00:00
e80309cd64fb6ece56e9b31e8af773db,6955112320a9d13ab8bc7dc9fc7c6b9c,delivered,2017-03-12 01:31:17,2017-03-12 01:31:17,2017-03-13 09:36:58,2017-03-20 10:47:39,2017-04-03 00:00:00
ceecac582f10037ad46fd4fdc529e0f7,88eec1a222d81af1a2a1ae93c669f459,delivered,2018-02-10 13:57:41,2018-02-10 14:10:36,2018-02-14 19:07:50,2018-03-09 22:14:29,2018-03-23 00:00:00
7bb7e430dba5149615b3083b33604d53,719a71ac439dcf158b8dc2218eee47f9,delivered,2018-08-03 17:29:26,2018-08-03 17:44:04,2018-08-09 14:03:00,2018-08-22 23:44:22,2018-08-23 00:00:00
5112c764fa2925ae974ee7c77478a4cb,0b3d49ee61dd14be80fe19091b5b4b6b,delivered,2017-06-01 19:55:49,2017-06-01 20:05:19,2017-06-02 07:25:32,2017-06-05 14:46:02,2017-06-14 00:00:00
d9fb924d08e165eff00a9745385a2a36,4eaa399e3bebfa914be5e064bffc323e,delivered,2018-02-26 20:27:59,2018-02-26 20:48:07,2018-02-27 17:04:13,2018-03-01 18:57:42,2018-03-22 00:00:00
d57d9345daadd30b1ce4c22c40250583,8ad7db0c3b18dfe6180e0c59fae53d1b,delivered,2017-09-11 11:24:47,2017-09-11 11:37:34,2017-09-11 20:15:26,2017-09-29 20:41:54,2017-10-09 00:00:00
4baefe0b13c215e6417751ad5121469d,322576b292677639114c4420ba8f30b1,delivered,2017-12-06 19:32:40,2017-12-06 19:38:26,2017-12-18 20:38:47,2017-12-19 19:03:11,2018-01-05 00:00:00
ed04068c75edb94aa53d146e07e4a67b,174a9f39593bc7209e888ffef4b0cad1,delivered,2018-06-21 12:55:36,2018-06-21 13:25:12,2018-06-22 16:27:00,2018-06-23 14:42:02,2018-07-04 00:00:00
ff3a45ee744a7c1f8096d2e72c1a23e4,bb308532dc44f5973cd2caf17d15bd8c,delivered,2017-05-03 07:08:50,2017-05-04 10:15:19,2017-05-05 10:34:52,2017-05-15 10:13:46,2017-06-05 00:00:00
b5f5561bde462ba1bb5b15e5be5b6bd5,69f774928b3541289743181082f07ea7,delivered,2018-01-25 14:22:40,2018-01-25 14:30:24,2018-01-26 00:42:59,2018-03-06 14:03:46,2018-02-22 00:00:00
2d58f989c5e9344556ea2a9526699249,1fc09040150013ea0ef014f02dcb4e97,delivered,2017-10-01 10:48:05,2017-10-01 10:56:10,2017-10-04 23:46:22,2017-10-10 21:19:58,2017-10-27 00:00:00
16527c396116912b555fa6c932501c08,9ddc63a77d0557bc59e02af0e546a644,delivered,2018-05-11 16:40:14,2018-05-11 16:59:54,2018-05-15 12:54:00,2018-05-24 21:48:46,2018-06-04 00:00:00
bb5be1811a54b7c516ea8c1eeb48272a,38b44dd008d81d41ec5390f334a855e1,delivered,2018-07-05 14:45:14,2018-07-05 16:17:23,2018-07-06 11:05:00,2018-07-07 16:51:36,2018-07-18 00:00:00
9029ce944e85e8fd1f64bd03d9a36b9f,40d106e6d4c2c913ee99ca6afc70674c,delivered,2018-06-22 22:30:56,2018-06-22 22:58:18,2018-06-25 14:05:00,2018-06-28 15:28:53,2018-07-24 00:00:00
b8aaeda740b17cf925d3f2a13dcd1d7f,8612b92a20dce68bb90b3e3f35500db7,delivered,2017-03-22 13:04:35,2017-03-22 13:04:35,2017-03-27 10:05:53,2017-03-31 16:22:43,2017-04-12 00:00:00
6bd0ccbdad2eab45930f72fbd6d128ef,4417d6c2ba733e15d2757f966ee1dcca,delivered,2018-02-18 13:14:02,2018-02-18 14:15:38,2018-02-21 01:32:58,2018-02-24 13:38:54,2018-03-12 00:00:00
42db36760e9843077434d0e0eecadc43,f5b95afe13a02072a08a98ec842ce6c9,shipped,2018-04-15 20:37:55,2018-04-15 20:51:43,2018-04-16 20:58:40,,2018-04-30 00:00:00
03953c6f8f398530d8847bf6000ffa78,33e3447a291780d38e59f5d4fdb42d0e,delivered,2018-05-17 16:37:42,2018-05-18 00:38:07,2018-05-21 11:58:00,2018-05-29 23:03:45,2018-06-04 00:00:00
c21c3619da9e98cdf7e1f4125cd1ad8c,229300f9dc4908a52517c276e790e932,delivered,2018-03-12 21:49:06,2018-03-12 22:48:06,2018-03-13 20:42:27,2018-03-14 22:33:11,2018-03-29 00:00:00
1f6d522523ec744025ba19da53169f45,2e42725b340b879a9e4e93caac411a3e,delivered,2017-12-29 15:22:13,2017-12-29 15:34:24,2018-01-02 16:43:34,2018-01-09 13:59:25,2018-01-29 00:00:00
a59c87e726e3c78e26769a422a140bd3,5c2e818e5963bc9b74d66fd5dcefaa30,canceled,2018-02-10 12:36:33,,,,2018-03-19 00:00:00
9e711ba681b09da30750ac0fe7a0cc3b,0a9b989d01b6dcfb690b128b24ab3221,delivered,2017-09-29 22:53:38,2017-10-02 15:35:21,2017-10-03 22:42:51,2017-10-09 19:08:17,2017-11-07 00:00:00
44d66ba7bb976cfc2eece4ec46023143,d11fb02f680c3fe3f7b964722ff94a48,delivered,2018-06-15 22:29:48,2018-06-15 23:01:09,2018-06-18 13:45:00,2018-06-21 14:08:41,2018-07-11 00:00:00
7a0625aff6810cc6f982301ecd5f0e6c,3406007f255696bfdd2146446cd48927,delivered,2017-12-13 13:54:09,2017-12-13 14:13:42,2017-12-13 21:52:04,2017-12-21 16:07:25,2018-01-11 00:00:00
fe0096592e11810b60646c95d63eb883,03c3fccf8214a32cb024281191b454c0,delivered,2018-05-01 11:57:05,2018-05-01 12:34:02,2018-05-02 16:35:00,2018-05-12 15:46:53,2018-05-23 00:00:00
b761497bef87779669a4cb894020af20,1d5647bff95270b378279649cf42a8c6,delivered,2017-08-09 19:07:42,2017-08-09 19:24:39,2017-08-17 21:36:54,2017-08-29 18:36:39,2017-09-06 00:00:00
c84fc53c53493ddf7c688d601056510e,047c0b3a52864c10c09a8ca87bb9af7e,delivered,2017-10-05 08:41:56,2017-10-05 08:56:27,2017-10-11 20:57:56,2017-10-16 20:49:45,2017-10-24 00:00:00
2e964efb3431da146c9fd849e39eb86c,5b1ea921958e57b323d3bcbd9bd6ed7c,delivered,2017-12-03 17:21:20,2017-12-03 17:34:29,2017-12-04 21:23:06,2017-12-13 17:48:50,2018-01-08 00:00:00
b836e1c1c40c654579a704da62705543,76a9635a8a8946b470a9ad3ed3362951,delivered,2018-08-01 13:18:49,2018-08-01 13:35:08,2018-08-09 13:35:00,2018-08-21 12:37:35,2018-09-03 00:00:00
268762d6a983092f8632e379836806eb,6363048658a384cad9f33456e5c5def0,delivered,2017-08-27 13:02:35,2017-08-27 13:10:15,2017-08-29 20:34:53,2017-09-06 21:16:11,2017-09-26 00:00:00
c93147c4c4e627feb6483c04a7111bff,561b111cb008e89e7d7b821cefa626bf,delivered,2018-01-06 14:13:46,2018-01-06 14:28:17,2018-01-08 23:19:08,2018-01-17 00:23:25,2018-02-01 00:00:00
7f929b681a9f07dd67df3e86db25bffb,30abbf846ea967077882b27bd40d671f,delivered,2018-05-21 19:29:42,2018-05-21 20:55:37,2018-05-22 13:24:00,2018-05-23 20:28:51,2018-05-29 00:00:00
f3c2158661b32530c0482c598745fc61,c963b585a17fb368b83163af2e792adf,delivered,2017-11-28 17:37:19,2017-11-28 17:55:32,2017-11-29 20:09:03,2017-12-12 22:10:32,2017-12-14 00:00:00
ec39cdf678b1f2c763a1027c55241ce9,cbc74b0ca7084cbe01cf1dbcf885078c,delivered,2017-12-16 16:38:04,2017-12-19 09:30:51,2017-12-20 08:55:29,2018-01-09 20:37:07,2018-01-17 00:00:00
fa2c0183390d96cbabb604c27aedf7e5,06e724a40343b086ece691eb439a726b,delivered,2018-08-15 08:37:51,2018-08-15 08:50:15,2018-08-17 12:32:00,2018-08-22 17:18:41,2018-09-21 00:00:00
cb7def57f4ae68a387231ee8e446bd50,5d5c01406d9cfb3a832953eb651bcefa,delivered,2017-11-24 20:27:57,2017-11-24 23:34:14,2017-12-06 20:52:12,2018-01-08 17:37:27,2017-12-14 00:00:00
827efe7f5818a815652ea13b2dda5d7e,9aa861cf803f46fc1ad38073279d97d0,delivered,2017-11-24 23:01:08,2017-11-25 02:12:58,2017-12-01 01:44:34,2017-12-09 14:07:46,2017-12-14 00:00:00
54174fa08b3ff11848811d5d92993892,08fb48675dd414001931daa99d6e2ea2,delivered,2018-02-11 13:10:24,2018-02-11 14:07:56,2018-02-14 22:48:51,2018-02-28 00:38:57,2018-03-06 00:00:00
2285e0e0eee1ab7c740986a3ca10031a,214c4711883185dafca61404d4e9db7d,delivered,2018-04-30 11:18:02,2018-04-30 11:35:37,2018-04-30 11:51:00,2018-05-15 17:16:56,2018-05-28 00:00:00
9d241238f3827aced623154ace551dd9,7b8602bfd7410fdbd226bd6834947b3e,delivered,2018-03-08 19:46:59,2018-03-10 03:48:52,2018-03-12 23:27:24,2018-03-15 16:37:50,2018-03-21 00:00:00
0c8d2195cb6aab1034f95a0f87b149dd,fe7bee92681d1c9369a084e14683ab78,delivered,2018-03-14 23:00:37,2018-03-14 23:10:42,2018-03-16 23:15:51,2018-03-26 23:22:22,2018-04-06 00:00:00
42147d583a31840a77e1db9308e9bebc,4c0ec9d0d68c34fa2d98cec088a75f2e,delivered,2018-04-28 21:14:41,2018-04-28 21:32:30,2018-04-30 10:18:00,2018-05-03 13:18:40,2018-05-24 00:00:00
7e5a1d0e245d9956f8919244b11a1da1,8c92f7eeb893a210a2bb0b220f5d1746,delivered,2017-10-10 19:15:23,2017-10-10 19:29:20,2017-10-11 17:03:48,2017-10-17 22:29:55,2017-11-01 00:00:00
c475a9d8286befc2ceecf1bd07f03a25,4a016c3ecc920db586be088aeea03714,delivered,2017-02-16 23:14:15,2017-02-16 23:25:11,2017-03-01 12:39:07,2017-03-10 14:07:55,2017-03-24 00:00:00
c0a7132617f6d55916e28d0478296b2f,a802e60b4961506099141f4e5f32d5c0,delivered,2017-06-22 17:19:09,2017-06-23 06:43:03,2017-06-23 12:35:50,2017-06-30 10:47:43,2017-07-12 00:00:00
c546e22ce132da6778538ce6aa0d867e,93266af05292c1ab5d4c7defe6bf4113,delivered,2017-09-20 09:12:16,2017-09-20 09:25:18,2017-09-22 16:53:30,2017-09-27 22:12:38,2017-10-11 00:00:00
b8c672112a4b924d15cf410db2a8f955,b02fe747da41e2ed5f7ff745a81d5a2a,delivered,2018-06-03 23:35:01,2018-06-03 23:51:03,2018-06-04 15:23:00,2018-06-07 00:58:28,2018-06-28 00:00:00
2b1e6b2fd50454ea70f9e8f9b437d24d,0bcefb6bd3a890ffc5ef5f2573cee9a0,shipped,2017-08-09 17:08:58,2017-08-09 17:25:17,2017-08-16 19:17:37,,2017-08-31 00:00:00
44367541b21451fc1fff30873b2cd899,ec9f90219ae301b43e928199c1dcfc5b,delivered,2017-08-14 13:42:08,2017-08-14 13:55:19,2017-08-16 20:49:51,2017-08-18 13:28:54,2017-09-01 00:00:00
a7244b32a501eb75e809aea0f44556fa,024f63965c192d99e1da51a1c3516239,delivered,2018-05-21 13:00:59,2018-05-22 12:56:26,2018-05-22 14:06:00,2018-06-07 13:32:41,2018-06-06 00:00:00
6adde7cd43f44ee3300a1490d5dc191e,d6f0492fa0c4d9bc33a27ef6fe2c33a7,delivered,2018-08-07 09:43:23,2018-08-07 09:50:15,2018-08-09 14:47:00,2018-08-10 19:28:46,2018-08-14 00:00:00
3c3bd116a6376b59b139b7a173986cde,f372e630a281a25b3e011a71d1158bf9,delivered,2018-02-07 13:07:50,2018-02-08 16:59:23,2018-02-09 21:38:55,2018-02-22 16:18:35,2018-03-09 00:00:00
6baaa4f22af711c8b15dba8f8269edf8,f064dfebf1746622218a28ce2c345c48,delivered,2017-10-12 21:17:15,2017-10-12 21:35:22,2017-10-13 23:04:34,2017-10-20 18:29:14,2017-11-13 00:00:00
841d2f58ddbae5e6d1230dbbbae2c0aa,0f812e34c75d9df59dde62f2b38668e0,delivered,2018-08-20 22:18:37,2018-08-20 22:30:11,2018-08-24 12:26:00,2018-08-29 17:34:28,2018-08-31 00:00:00
7d3f6879bc1a51b59172756e8b404ea0,4b4d598de74e10dba4e7e2b3a8c8263b,delivered,2018-01-09 10:52:42,2018-01-09 11:32:15,2018-01-13 15:56:35,2018-02-02 16:23:04,2018-02-05 00:00:00
8e5069e21f8244e0ce57c82063f8becb,edd183f39bf413df0f5b156e509a326a,delivered,2018-06-28 00:18:45,2018-06-28 01:15:09,2018-06-28 12:48:00,2018-07-04 23:38:44,2018-08-01 00:00:00
957c8c1b62b4ae9e0a876f66ee080ed3,e666012f897c1523f8ba7f7ce77527b0,delivered,2018-01-10 22:43:47,2018-01-10 22:52:27,2018-01-15 13:28:54,2018-01-19 13:42:48,2018-01-31 00:00:00
c12a78eb30abe88570f3c2c79bea1334,04353ed5bac96a6aaf8a5dd52b6909eb,delivered,2018-03-08 20:08:04,2018-03-08 20:28:48,2018-03-09 19:58:38,2018-03-21 19:58:55,2018-03-27 00:00:00
844bb4883a6197cc8dba3fba3624ab5a,6d27dd415d86fc2145690d2d729dc518,delivered,2018-07-23 22:34:55,2018-07-24 10:31:29,2018-07-24 14:09:00,2018-07-31 15:13:05,2018-08-14 00:00:00
589208c4bf8d3e9c613ee4b6de49c568,4c9b886e126801672007699045a20af9,delivered,2018-05-17 09:14:34,2018-05-18 05:16:34,2018-05-18 12:23:00,2018-06-09 00:09:44,2018-06-04 00:00:00
bbcbe43eab7a6c93f7f05992378953d3,49528d004e8825f533e6457b98baa342,delivered,2017-07-29 01:18:55,2017-07-29 01:30:14,2017-07-31 17:47:05,2017-08-08 21:06:20,2017-08-22 00:00:00
2cb6f509b0ff4794888a4f664f857dca,db50b097b47375c976c50b3e472e3e94,delivered,2018-02-21 14:09:11,2018-02-21 14:30:38,2018-02-22 17:55:13,2018-04-09 22:18:37,2018-03-19 00:00:00
1dda4cf38de17d1b18e9132ed692d064,62e7aea1aa0f2c22f4935878ab350527,delivered,2017-05-17 18:47:02,2017-05-17 18:55:16,2017-05-22 12:17:36,2017-05-25 10:06:41,2017-05-30 00:00:00
8b44dee1be7ea62fbe90e84feeffd4bc,83a98455acd09caba34da505e0e9176c,delivered,2017-07-05 18:06:31,2017-07-05 18:23:31,2017-07-07 13:49:57,2017-07-10 19:15:30,2017-07-21 00:00:00
3ee6513ae7ea23bdfab5b9ab60bffcb5,161b6d415e8b3413c6609c70cf405b5a,delivered,2018-04-24 11:01:06,2018-04-26 03:55:26,2018-04-26 13:28:00,2018-05-07 23:21:11,2018-05-17 00:00:00
87787efcca530ffab1191c66c2023af4,f4fa54d46d7fb4d130ff9efdff0f8ac6,delivered,2017-08-04 11:42:37,2017-08-04 11:55:19,2017-08-07 16:52:09,2017-08-11 19:15:56,2017-08-24 00:00:00
31e77c77690b6d70901ee51f324ab4f5,46b5eb8a92185bd65df82ba643905a08,delivered,2017-10-04 14:00:49,2017-10-04 14:14:08,2017-10-05 13:21:47,2017-10-10 12:58:23,2017-10-23 00:00:00
b804f2f3be682c81a8600da13d96951b,04bb4cf0fe0618ca7a2abb353f333fb5,delivered,2018-07-24 15:37:30,2018-07-24 15:50:16,2018-07-25 11:24:00,2018-07-30 16:26:43,2018-08-21 00:00:00
cf2dbfa7d6c75d12986db276131ec3e3,4440b50861717a3c8ffa4b5ed0704964,delivered,2018-07-11 18:50:41,2018-07-11 19:05:59,2018-07-12 12:20:00,2018-07-24 00:58:18,2018-08-01 00:00:00
0509b3b20635c8d54544dc048d95318b,60d8ab975103138567fe656cf30575f4,delivered,2018-06-22 19:08:21,2018-06-23 16:35:15,2018-06-26 14:50:00,2018-07-04 21:48:38,2018-07-17 00:00:00
f7827c2a34b42e02f5f75571d008c2cc,5453916a62bcdc43ce63888524fbdc6a,delivered,2017-09-30 07:30:21,2017-09-30 07:50:48,2017-10-02 19:41:52,2017-10-05 20:26:18,2017-11-03 00:00:00
0f33fb71f898568a0193fcbc892cf511,e725ee0c4279d554a9ab8740b3f4e963,delivered,2017-08-31 21:44:52,2017-08-31 21:55:18,2017-09-01 20:33:24,2017-09-05 17:54:07,2017-09-20 00:00:00
0a2407e0197d11314604cf01105f648c,d2038fc66997336ea2fb9a7870fc279c,delivered,2017-10-19 18:06:14,2017-10-19 18:21:32,2017-10-20 18:57:51,2017-10-24 22:22:19,2017-11-10 00:00:00
05ce664903d14969bd94d9633ffd8f14,e2d80f15879933506a918d1ae458e70d,delivered,2018-01-09 00:16:48,2018-01-09 01:15:30,2018-01-10 19:36:11,2018-02-02 21:23:08,2018-02-07 00:00:00
6baf552ae13caef8a6c9eacb206a8675,715f0276884836bbfd1c06b089136b16,delivered,2018-04-16 08:27:34,2018-04-16 08:51:06,2018-04-17 21:04:25,2018-04-20 22:05:17,2018-05-11 00:00:00
dc67745e87e769607de677683ab1fd08,1f7908129bdd1f9bdefdd4b8aa0b1aaa,delivered,2018-07-31 22:41:57,2018-07-31 22:55:17,2018-08-02 08:05:00,2018-08-03 15:52:01,2018-08-03 00:00:00
91b672da38fda8fcd61163ab133f7fe0,070ca12a62752e5464182d78c6fac033,delivered,2017-10-18 15:14:16,2017-10-18 15:32:36,2017-10-23 15:28:59,2017-11-08 13:29:07,2017-11-21 00:00:00
3d218f39d04ff6b133d343aed4364de9,859e8d002890e6169d70be9afa8cb71b,delivered,2017-09-16 06:40:54,2017-09-17 06:36:43,2017-09-18 17:58:56,2017-09-28 16:55:57,2017-10-04 00:00:00
3139d2c500d282f1549eb3c6e7723985,5be865cd6c0d8f82203de5f4d0b3409b,delivered,2018-07-16 16:07:48,2018-07-18 02:50:19,2018-07-18 12:23:00,2018-07-26 18:14:32,2018-08-07 00:00:00
99ebd3bc1d6ce28d10723dc71bf6f13d,0db2a08a5e01142f41c443c3cead862c,delivered,2017-08-26 00:25:12,2017-08-26 00:35:24,2017-08-29 20:27:40,2017-09-01 18:42:06,2017-09-20 00:00:00
49f8e57dab902b9449d246e4cd6757d8,e108246cf006db9c2deec7df929f0df1,delivered,2018-03-26 11:17:56,2018-03-26 11:47:43,2018-03-27 00:11:03,2018-04-11 16:17:59,2018-04-17 00:00:00
3f2f8de95118170021d99d5fbc532352,9be040aacd72b1f7c7273d2c837f25cd,delivered,2018-08-06 20:28:27,2018-08-06 20:44:29,2018-08-10 14:26:00,2018-08-13 17:42:32,2018-08-13 00:00:00
ba3f16abde04a2864215c98e536e2a46,33c079892847267e01751ae4c018aeda,delivered,2018-02-02 20:29:33,2018-02-02 20:50:50,2018-02-05 17:52:19,2018-02-22 22:17:12,2018-03-08 00:00:00
1ed8c6fe5521f6353342a136b63678f5,836df37ad1fc6e991443fabe4783ae5d,delivered,2018-05-04 19:51:38,2018-05-05 19:50:40,2018-05-07 12:07:00,2018-05-11 22:58:30,2018-05-29 00:00:00
4af5a3b197af9f20f2ad9f856fdcc301,e2fe7e66eea033448291e758ade41374,delivered,2017-10-01 22:55:25,2017-10-01 23:07:12,2017-10-03 12:44:10,2017-10-11 17:44:12,2017-11-08 00:00:00
b4600c38e204525370a517e69341d3c4,5bc5d5d88da614aecfeac652a0b29f4c,delivered,2018-04-26 18:32:43,2018-04-26 18:49:35,2018-04-27 11:33:00,2018-05-02 20:36:46,2018-05-18 00:00:00
58385f20ce70cfb92449b879d4d0d08f,c63af7127225df2f73e46d15ab662a2f,delivered,2017-02-22 17:12:07,2017-02-23 06:55:08,2017-03-07 18:07:48,2017-03-10 06:05:11,2017-03-30 00:00:00
024602a52e3c89ca5f963affcd2bedad,33e9f4b9cf16be89234b0eac5a37173c,delivered,2018-07-06 20:07:20,2018-07-06 20:31:04,2018-07-10 15:27:00,2018-07-16 14:52:37,2018-07-30 00:00:00
3a1756d7060a993e85f1614b43da0c03,584a48000c599c79acafff0af5cd4cf1,delivered,2017-01-26 16:23:03,2017-01-26 16:45:14,2017-01-30 14:28:13,2017-02-02 10:43:45,2017-02-20 00:00:00
be13f37493f5cb6297b454950d1208e2,706628b404584bdb88c625294bf65edd,delivered,2018-01-17 19:02:58,2018-01-17 19:10:38,2018-01-19 23:09:32,2018-02-19 23:54:40,2018-02-14 00:00:00
334b9822c2bb533789cb5cd89f1257b0,7f1af4bbe65b5bf8c5e0e19766ff46d3,delivered,2017-11-15 23:37:52,2017-11-15 23:50:35,2017-11-17 20:38:44,2017-11-30 20:38:31,2017-12-12 00:00:00
a55faa0a62ca4a533d69b48af1f9c74a,9421a3f2c1ede92bccf8355fe8b8d6d7,delivered,2018-03-19 18:32:30,2018-03-19 18:50:40,2018-03-21 19:04:38,2018-03-27 10:46:31,2018-04-05 00:00:00
5468ed226abcf74527e93b11988e4a3e,30abcca05e3c8ce1278a2d8f8abbdfc9,delivered,2017-03-17 14:40:20,2017-03-17 14:40:20,2017-03-24 12:26:35,2017-03-29 08:28:53,2017-04-07 00:00:00
e29968d0d7fad6eb512591f25eca27dc,b0ab7fd9a303d4cc6e6efd2eb326ad0c,delivered,2018-06-06 20:19:46,2018-06-06 20:35:11,2018-06-15 15:20:00,2018-07-01 20:38:24,2018-07-13 00:00:00
a45c1f10d2a3a9e829ea9125e9e17aab,f393da6b32b8d8ab1d9b5914ffe322b9,delivered,2017-04-13 20:46:58,2017-04-13 21:02:16,2017-04-18 14:46:17,2017-05-22 16:16:43,2017-05-17 00:00:00
b1055ce3474985fb91548bf69ace69a0,711dedaffad6b733cb80c2d3a63b9c26,delivered,2018-01-15 23:21:22,2018-01-15 23:30:02,2018-01-16 20:04:00,2018-01-26 19:43:31,2018-02-19 00:00:00
0a7224dae678203f5b1a0715b55ed4d0,c5b90d0229351c62429a0aaa3a5b65a5,delivered,2017-08-21 13:22:50,2017-08-23 02:46:42,2017-09-13 21:39:47,2017-09-20 16:13:25,2017-09-22 00:00:00
5775b40b5767cf4043ffa1322c7d646c,af74a1a52803a27d264a94205c651446,delivered,2018-05-13 16:21:59,2018-05-13 16:35:19,2018-05-14 11:20:00,2018-05-18 18:14:37,2018-06-05 00:00:00
af5248d345341f797de31954e0d3d2f4,5b116028bd1f354477b49032b5c31766,delivered,2018-04-08 14:41:41,2018-04-09 17:13:40,2018-04-10 20:24:27,2018-04-20 20:27:39,2018-05-07 00:00:00
8719765a2c69491f63bc8b06f379488f,5b97cf3a33ee85a30c7dc07f080b52e0,delivered,2018-08-17 15:27:40,2018-08-17 15:49:35,2018-08-21 14:13:00,2018-08-24 00:16:49,2018-08-27 00:00:00
abcf5984d3741238d9c49184b7fa5941,ae949beb91846815154c3fdff84351a0,delivered,2018-07-25 10:01:44,2018-07-25 10:10:14,2018-07-26 11:54:00,2018-07-30 16:48:43,2018-08-08 00:00:00
0b5680deaa067376ba987f02b755e8bd,733c47cbefbef886d7cea3f0c37fdb22,delivered,2018-08-19 13:20:33,2018-08-20 11:49:54,2018-08-20 16:19:00,2018-08-24 11:18:53,2018-09-19 00:00:00
10034668f0d3ab9832769f2f14e190fc,0f2aee532022e9dc46401a1007e7ad9d,delivered,2018-01-10 23:07:44,2018-01-10 23:19:27,2018-01-11 17:46:42,2018-01-18 10:17:43,2018-01-24 00:00:00
a6fae08670367e0f76ce493d39681ecb,dbf2ba9913dbfa7408f6ce58ef90b4e9,delivered,2017-06-12 09:27:15,2017-06-12 09:35:20,2017-06-26 11:59:41,2017-07-03 07:15:52,2017-07-03 00:00:00
58f9ab98b542d84139dda631d9e257d5,d260c19e95d0f5ccb3b112b787bd61bc,delivered,2018-06-29 21:00:08,2018-06-30 20:55:24,2018-07-03 13:57:00,2018-07-09 14:03:22,2018-07-27 00:00:00
aee2f64144baa740663e8cd823582528,40145af8781e070b66bcbcd10099f420,delivered,2017-12-28 12:09:36,2017-12-28 12:31:12,2017-12-28 20:23:40,2018-01-03 17:38:56,2018-01-17 00:00:00
f83c8acd504b93200d7313d293a35f31,b78865983d067a2d249b151a74ce1b80,delivered,2018-06-25 16:11:14,2018-06-25 16:37:56,2018-06-26 14:20:00,2018-07-04 19:11:53,2018-07-24 00:00:00
451a92b9b2211031e527f7f85525388c,7754cb08fba4a24784d7c29d94593b03,delivered,2018-08-04 16:49:49,2018-08-04 17:05:20,2018-08-06 11:54:00,2018-08-09 15:38:58,2018-08-10 00:00:00
5d27ea6de8d9187a253180f20045dd3c,e10b0382148f93e9b71137e85ff8bbe1,delivered,2017-09-26 15:18:21,2017-09-26 15:35:14,2017-09-28 13:00:14,2017-10-03 21:44:05,2017-10-18 00:00:00
ba2010e1e6a9cdc09e6699cc6ed48a1d,edfb82dcbb9de9b6e7cbc19f6da7f2b9,delivered,2018-03-20 14:33:13,2018-03-20 14:50:53,2018-03-22 20:32:59,2018-03-27 19:04:00,2018-04-06 00:00:00
d93a680cc497c0df20ea2023a89dc68e,ae75ad8219b66770df6013a8aaaf8d64,delivered,2018-01-20 18:29:52,2018-01-20 18:38:06,2018-01-29 21:28:00,2018-03-13 21:06:07,2018-02-20 00:00:00
a3270f2613a807c71433dada7bf3876a,2f3df719b7d2f0ce0eab4926ee355614,delivered,2018-07-03 17:05:33,2018-07-05 16:16:37,2018-07-04 12:06:00,2018-07-06 17:36:45,2018-07-30 00:00:00
f2af7540e2b81731609d138b17191794,8b31c427777a285b016a851797b2a21d,delivered,2018-07-03 12:39:04,2018-07-05 16:32:46,2018-07-04 12:15:00,2018-07-07 12:44:36,2018-07-17 00:00:00
b2dd5d5bb33639803c8078b84ee9d539,737e42af8d26b9ffa981449a2bc96f68,delivered,2018-08-16 16:15:34,2018-08-16 16:30:39,2018-08-21 12:03:00,2018-08-22 18:28:37,2018-08-27 00:00:00
0616b1a248556f0f4c5aea97beb0729a,340ea1e30ba5b8f87429cc58cb7aedd5,delivered,2018-08-08 17:10:50,2018-08-08 17:25:09,2018-08-10 13:48:00,2018-08-20 11:11:37,2018-09-10 00:00:00
f2203a676e8755fd0393acfcf038c891,c344799bf5a7883eb7ba4b14a26b861e,delivered,2018-03-27 16:42:54,2018-03-28 02:50:28,2018-03-28 20:58:31,2018-04-03 22:51:20,2018-04-18 00:00:00
761a14c58cb2df04ac97a42b0edf05ad,9338a72285eaa017ffa0efca8eb74df0,delivered,2017-03-20 19:58:27,2017-03-20 19:58:27,2017-03-22 11:39:32,2017-04-06 13:53:07,2017-04-10 00:00:00
fd7eb2117233aa5ac29e94a28e082077,301e3c6f124f0fe3f01113bac52ca361,delivered,2018-07-26 10:34:04,2018-07-26 10:45:15,2018-07-26 15:26:00,2018-07-30 22:32:25,2018-08-16 00:00:00
f70ef37b0768f2e5383b4fc11dc05bdf,bff92b3f66be70a9141168e84259fa3d,delivered,2018-08-21 08:23:49,2018-08-21 08:35:25,2018-08-21 13:50:00,2018-08-22 19:18:46,2018-08-28 00:00:00
73c9b460f4a439f8c11b6f6fa0560d1f,e48488824096ce9278ca3b4bb6f32537,delivered,2018-07-17 15:38:46,2018-07-18 02:55:24,2018-07-18 17:04:00,2018-07-20 16:03:23,2018-07-30 00:00:00
7621329c02f78d02a8a6d51e4b10ee85,0f45c6bd4d7b296a3b3026a0b05196a4,delivered,2018-03-14 16:43:53,2018-03-14 17:40:25,2018-03-15 21:11:00,2018-04-13 03:34:28,2018-04-12 00:00:00
d56092262d95ed5dffdf4ff335af1396,feee031667b7b1c2ccf3bcd4755b694f,delivered,2018-01-08 08:32:36,2018-01-09 07:21:08,2018-01-10 11:08:42,2018-01-16 21:18:25,2018-02-06 00:00:00
1b45f3d92af5691c2409e2a40332875b,9e285031fb5b57b3d1464d8672b8ed22,delivered,2017-10-01 16:17:45,2017-10-01 16:28:17,2017-10-03 16:17:54,2017-10-09 18:46:18,2017-10-24 00:00:00
c187d987adeda75b5ab837e11d253eab,cd7fce401268bce93c1a08db08dec8de,delivered,2018-04-18 14:37:57,2018-04-19 02:32:04,2018-04-20 17:58:31,2018-04-24 00:14:54,2018-05-07 00:00:00
7b1edd49bf0406b3335b52cade098b1c,330ee6f4f67f65303c3afaba7807a6fc,delivered,2018-04-11 15:56:10,2018-04-11 16:10:50,2018-04-13 23:28:29,2018-04-20 13:54:51,2018-05-11 00:00:00
4bd6a761ef3cbc41f50e58b6bb2a5dda,173f7dfbe0aae1fb98e9d5d4debfbe0d,delivered,2018-05-17 16:39:34,2018-05-17 20:32:14,2018-05-23 12:32:00,2018-06-06 12:56:43,2018-06-07 00:00:00
68c47b8460f7f1e30cc524010aae7464,757e031a8c137a3af4e2a437c4b00b75,delivered,2018-03-19 11:43:05,2018-03-19 11:55:23,2018-03-19 22:51:16,2018-03-27 16:11:04,2018-04-09 00:00:00
94fade3ce4aef6f9a24bb31e0ff03edf,bc3696db902a5887db532d65970453ae,delivered,2018-06-05 10:02:07,2018-06-05 10:13:17,2018-06-05 14:20:00,2018-07-10 20:28:39,2018-07-25 00:00:00
f1d18fb87d755ecddcf4c37e141aa4f0,77b08d9c6315882953ee9a24b9f92b5f,delivered,2018-07-05 10:48:42,2018-07-05 16:14:53,2018-07-11 10:40:00,2018-07-25 17:03:56,2018-08-06 00:00:00
f5d7c7844669e4addcf57dd9c9b703a5,437ab8c619c372caf63fc4b6c8117290,delivered,2018-04-09 11:22:45,2018-04-09 11:30:17,2018-04-10 14:53:37,2018-04-27 23:11:32,2018-05-07 00:00:00
f313aef57f83601a4652dd2225bbda00,15e48dca580bb25bb8074a370b8de399,delivered,2017-10-16 17:25:29,2017-10-17 19:27:13,2017-10-19 14:12:31,2017-10-25 19:09:51,2017-11-07 00:00:00
1e33a19435ce77958b5716347a102513,88c4345364141e6e89db240bd02b1dfd,delivered,2018-05-20 05:56:06,2018-05-20 06:48:52,2018-05-21 15:04:00,2018-05-24 19:52:26,2018-06-20 00:00:00
71e297393a1e63537a76e338c10dbff8,42141ff96dcb5e2c803d4419826e46f8,delivered,2018-02-26 08:50:45,2018-02-26 09:08:39,2018-03-07 23:16:47,2018-04-13 22:45:38,2018-03-16 00:00:00
a8b6cffc34d25d7c6dea874c364232f6,f2bd21cab03b9c3e39bce8fdecbc0eda,delivered,2018-07-23 21:58:08,2018-07-24 10:31:23,2018-07-24 14:10:00,2018-07-27 18:02:18,2018-08-07 00:00:00
f9ea6cc9d3f50070aba77ffd39ef6d13,55b082c41854f6ea941e814169e47a75,delivered,2018-07-15 19:18:02,2018-07-16 16:30:51,2018-07-17 14:28:00,2018-07-23 19:49:23,2018-08-07 00:00:00
f6822e0fe1a0a216386fb50209b80229,e1be51782abd827754616947acce8d27,delivered,2017-07-27 21:08:01,2017-07-29 02:30:40,2017-07-31 18:03:06,2017-08-03 19:54:49,2017-08-09 00:00:00
a848ecb46fe108b35dd5bd7bf4fdddca,9deb8336dd9a075a90ad8adb3459e4fe,delivered,2018-05-02 19:55:38,2018-05-02 20:38:58,2018-05-03 15:09:00,2018-05-18 00:14:29,2018-05-24 00:00:00
de623c0b6bb8c160e80eaacc3100433a,5657037a025fe48001ac545834d7b7d1,delivered,2018-04-16 10:19:27,2018-04-17 08:15:14,2018-04-25 00:42:06,2018-04-26 17:03:42,2018-05-08 00:00:00
5fc76c1f5833af0c710c26857de81654,857e902240049a036702a76621f9c2f9,delivered,2017-02-25 20:02:58,2017-02-25 20:10:12,2017-03-01 15:51:29,2017-03-06 19:14:27,2017-03-20 00:00:00
0f729d432870db7325144a3e078c9dc1,a2fcfc4d53419500023fa293509b129e,delivered,2018-03-01 07:57:24,2018-03-01 09:56:13,2018-03-02 00:04:08,2018-03-05 23:08:46,2018-03-13 00:00:00
d028930433677c26ca42772687789041,d70d5b8b1b7a20eee8c44298312672d2,delivered,2018-04-05 15:47:18,2018-04-05 16:10:57,2018-04-10 00:18:40,2018-05-08 17:48:32,2018-04-27 00:00:00
ce136deab0b93414db6536909873e31b,638042a6d4935fd75a8232e4efaeb0aa,delivered,2018-02-27 08:51:31,2018-02-27 09:09:17,2018-03-01 00:12:38,2018-03-05 17:43:29,2018-03-22 00:00:00
f9488f6dc3dcb5de76f7ba040405de01,ebd60a203b55ef9750c0d2671bc83ad4,delivered,2017-09-14 22:29:56,2017-09-14 22:45:41,2017-09-19 19:20:12,2017-09-26 21:43:56,2017-10-05 00:00:00
e15b3513c9d37fdf4a36b88911a5c515,591219cc67cc4c76efa171e1a7db4d12,delivered,2018-05-20 11:29:44,2018-05-20 11:51:00,2018-05-21 14:48:00,2018-06-01 17:05:00,2018-05-29 00:00:00
a22e1b3b7821386e3fbcd6d3c5c6c3c1,bc3170adfdb336e2cfb9457ddc0761b2,delivered,2017-11-23 15:28:46,2017-11-23 15:37:25,2017-11-27 15:12:00,2018-01-15 14:53:15,2017-12-13 00:00:00
fe67d9fbc13fc8b281cfab9b09f60607,2fcf059f0e80fc034f5bc5e878e9115b,invoiced,2017-12-15 17:46:39,2017-12-15 18:31:43,,,2018-01-16 00:00:00
a817a158841cdcf686cc668a702b0a71,9fe9adc0e67dc3577474e2043a3294b6,delivered,2018-02-01 20:03:23,2018-02-01 20:15:27,2018-02-02 20:57:01,2018-02-06 17:58:45,2018-02-20 00:00:00
039fcd445ffe2e560443c34326f2b764,7f3c887db8ec3506117be4612105cf28,delivered,2018-06-03 12:06:15,2018-06-03 12:30:27,2018-06-04 09:11:00,2018-06-12 14:29:00,2018-07-13 00:00:00
3a18feefe5d21fab0d8b3af7813510af,8a2fbe2c86f7f87cb8c663b48051c780,delivered,2018-03-21 20:41:47,2018-03-21 20:50:29,2018-03-23 00:59:35,2018-04-03 00:03:53,2018-04-11 00:00:00
17abba481cb8e119c2d2fe55ee7e6bee,fcfdc4f9debc9174421c2c67887ac536,delivered,2018-07-23 23:49:45,2018-07-24 10:31:13,2018-07-27 12:56:00,2018-08-08 21:12:31,2018-08-09 00:00:00
d801ba7b9484d3de19c2c002d5c668ce,73e518d73d888ac12d7c69050f631205,delivered,2018-06-14 16:01:55,2018-06-14 16:19:23,2018-06-15 14:07:00,2018-06-20 13:58:29,2018-07-05 00:00:00
c1c753c55cb7181eddb84c646d0ee51c,8aa383aa8c844969db4e195dcc2b263f,delivered,2018-05-09 09:25:59,2018-05-10 03:09:53,2018-05-10 15:07:00,2018-05-14 11:46:51,2018-05-29 00:00:00
6eea8cd99d26a8bbdf39d5289e4e7601,e91d82bbb0f6fd7e6e30511456357ce1,delivered,2017-06-08 22:46:23,2017-06-08 22:55:07,2017-06-09 11:10:19,2017-06-19 06:43:32,2017-07-03 00:00:00
d43302fdeb00a216e03f8c14c1aa95c5,077df306cf5b17588bc5bf9a56e0c088,canceled,2018-04-13 10:14:55,2018-04-13 10:32:31,,,2018-04-25 00:00:00
ca155f4ccd7bb9e5cfac4beb82c52881,437bc0925660246c9396ff74caa4bb29,delivered,2017-09-17 04:00:30,2017-09-17 04:10:08,2017-09-22 21:35:44,2017-10-03 18:02:39,2017-10-05 00:00:00
b7174804f0cc2ac4c7b84c73d8801912,e29eb61a92e3a863fa3d462ddd062365,delivered,2018-08-04 14:05:27,2018-08-04 14:15:17,2018-08-06 14:55:00,2018-08-09 16:03:18,2018-08-16 00:00:00
951d716448e523309ab6bf46d9850979,8610b520601e1e478e7ae1c351808d7e,delivered,2017-09-13 13:50:04,2017-09-13 14:04:53,2017-09-14 21:10:22,2017-09-19 17:32:14,2017-10-02 00:00:00
48181682578362256145d6338e6488aa,5a4d2a02dd96fa6d646d5606e90d1bb8,delivered,2018-04-25 13:34:31,2018-04-26 17:31:47,2018-04-27 14:37:00,2018-04-30 18:20:39,2018-05-08 00:00:00
033fd350afad5c65be91a385733af4eb,7ef817bba224306193a775257c181bae,delivered,2018-06-26 10:43:56,2018-06-27 08:30:09,2018-06-27 11:17:00,2018-07-02 09:43:48,2018-07-17 00:00:00
1edbad4d98e89b6d877e8460b60052b2,0c819e18747f3ac08bd14625d4bde32b,delivered,2018-04-09 22:45:56,2018-04-10 04:11:01,2018-04-10 19:24:31,2018-04-11 19:54:32,2018-04-25 00:00:00
2c88a17cb7d3d34bc0d68ff242ba2316,ac926e07a87099320471974fde3ca6d9,delivered,2017-05-26 13:30:53,2017-05-26 13:45:10,2017-05-30 17:03:44,2017-06-13 05:58:12,2017-06-30 00:00:00
c9b8a39ed5297ea28a01944f413d6636,674e3a0c090dbd0deaf457fdcf083a5e,delivered,2018-01-05 09:28:25,2018-01-05 09:39:35,2018-01-11 19:18:52,2018-02-03 15:48:52,2018-02-08 00:00:00
edc438144eedf58c321995efd0225e19,8c69a3d3c7c8b218cc0b98fed5304d07,delivered,2018-07-12 18:00:04,2018-07-13 03:04:52,2018-07-13 15:56:00,2018-07-25 21:05:03,2018-07-31 00:00:00
3beed0e86cd5296d2481066ba4cdf9fd,3add380b09c3af8adff762b842564451,delivered,2017-10-13 10:45:08,2017-10-13 10:56:21,2017-10-13 17:18:19,2017-10-16 22:53:53,2017-10-25 00:00:00
cd6825309a436ed7785575f1ac55a38d,3601fef50dd65e732601ad4f29005dbf,delivered,2017-06-06 20:56:53,2017-06-06 22:10:25,2017-06-08 14:46:49,2017-06-12 17:22:59,2017-06-20 00:00:00
bfa80c640c89b8b47f3c864e6de67509,c334c7c2376bea0710476a797ec92388,delivered,2017-12-23 22:38:14,2017-12-23 22:50:22,2017-12-28 23:22:41,2018-01-10 19:10:08,2018-01-19 00:00:00
03a18d20c8d8ed81a44b9dff494ff86c,03432b33c8aeb8601e3ffbb38127ee2d,delivered,2017-08-17 20:28:13,2017-08-17 21:05:13,2017-08-30 15:08:01,2017-09-05 22:09:15,2017-09-15 00:00:00
4b2c34f7fd82d07c39e5072079ffd2a9,fcaa1b94ff3c102dcab523fec40c1e4d,delivered,2018-04-25 10:32:13,2018-04-25 10:55:00,2018-04-25 14:20:00,2018-05-04 13:46:56,2018-05-22 00:00:00
63902aae1ab37f12ba6aa2b6d21a0634,cc9e69978aa877c0442093a193254a67,delivered,2017-02-07 16:34:23,2017-02-07 16:45:18,2017-02-08 10:29:37,2017-02-20 12:21:39,2017-03-06 00:00:00
46d7cf66dd7fcd0e6e42f3b736c02bfb,a5ae902c29eb236d0a9ce2052b2e4232,delivered,2017-11-26 19:49:01,2017-11-26 20:13:29,2017-12-07 00:04:57,2017-12-07 21:53:17,2017-12-18 00:00:00
9585dcabb7fafb1d2bde20a5a995e5e4,3672240fddb571231ad0be2e2fa82b5a,delivered,2017-08-24 17:18:16,2017-08-24 17:35:18,2017-09-01 20:47:18,2017-09-18 13:06:05,2017-09-26 00:00:00
b36a19a1d044f4328c2b659fea4d8dbf,1e03a2aa5714007700c8e727849cf123,delivered,2018-08-06 09:22:29,2018-08-07 04:50:23,2018-08-07 12:30:00,2018-08-10 16:49:32,2018-08-31 00:00:00
ebdc1743a498b33e5f50d4270c117175,334bc1ac6dd04141f8d4dcf03753a1b1,processing,2018-01-05 11:18:15,2018-01-05 11:27:31,,,2018-02-09 00:00:00
581e3fa3023c8c6a8a485e6f8e52ce2d,b66312c857384ed1832f8095699dcd67,delivered,2017-11-06 17:37:07,2017-11-08 03:50:21,2017-11-09 21:18:33,2017-11-16 20:44:49,2017-11-24 00:00:00
61a1c28195e1234b1e16c4fc086723d6,1e90a99fbdd15bce1f9d56876bbe4969,delivered,2018-06-13 14:27:50,2018-06-13 14:56:55,2018-06-14 12:52:00,2018-06-20 21:22:10,2018-07-16 00:00:00
e5c83b9d7049d45d07109c42cb808281,7cbbdf2a9fc0a4e31714983133e90dc7,delivered,2018-07-11 16:45:59,2018-07-11 16:55:30,2018-07-13 13:50:00,2018-07-14 17:14:37,2018-07-23 00:00:00
45934f084d862eb8718ee18e2a2b2395,82c8e9be6934206963b7810a78e9a41f,delivered,2018-03-22 12:12:31,2018-03-22 12:29:35,2018-03-23 00:58:52,2018-04-05 11:46:26,2018-04-13 00:00:00
38934582b8eedc324fe26767c76fb63f,c441fa2338335316a37f3d372ae24a3c,delivered,2018-07-18 13:50:09,2018-07-18 14:02:23,2018-07-24 14:09:00,2018-07-26 20:48:46,2018-07-30 00:00:00
faf18cecda32bcf685059fb419574421,b39cc466a30b1b0b60c6a3e311ce255f,delivered,2018-02-13 21:25:07,2018-02-13 21:47:23,2018-02-20 00:03:42,2018-03-12 15:08:36,2018-03-07 00:00:00
737c93fc3e93b56ba3055202da5b219a,6f28aebfc5ff187df1f021a7379b2dce,delivered,2018-06-29 00:02:57,2018-07-05 16:08:15,2018-07-04 14:15:00,2018-07-10 17:56:43,2018-07-27 00:00:00
39bcd5ec1743f20b61498be2277d28db,1e67921a3c7285bda4c370e5c865521c,delivered,2018-04-12 21:31:27,2018-04-13 13:53:51,2018-04-14 00:09:22,2018-05-01 16:41:28,2018-05-21 00:00:00
e9f195e6586d8b704b5bd727b1a2f5dc,e593de7dced2583fb4bfedb1c60b7487,delivered,2017-11-14 20:37:53,2017-11-14 20:50:59,2017-11-16 19:32:09,2017-11-21 18:31:23,2017-11-28 00:00:00
0d560bf6bbc1b2e3637cdc56cf7e9639,6c6c6232ca79e97ca6629a5c0edc946f,delivered,2017-03-20 20:01:39,2017-03-20 20:01:39,2017-03-22 12:28:50,2017-03-29 12:15:56,2017-04-13 00:00:00
cf65e1cf310d6860d96e2efaab1f5d75,4bf0860a7a4807c9e9160cf4b6c2b33d,delivered,2017-08-14 21:44:03,2017-08-14 23:23:54,2017-08-15 16:18:09,2017-08-21 17:57:43,2017-09-11 00:00:00
3434e5afc6505a2ae4ae9300e35fb818,c725ee592ac80b13c57f17153bc99825,delivered,2018-06-25 21:08:12,2018-06-25 21:15:24,2018-06-26 11:35:00,2018-07-06 19:08:07,2018-07-24 00:00:00
98e5161ba292a2032d586ecc01ac0c87,2f6920cb4ff5b75f35052670c3ef6760,delivered,2017-11-12 21:35:01,2017-11-12 21:46:57,2017-11-17 16:58:47,2017-11-27 19:48:28,2017-12-05 00:00:00
95502da30f1b1b49b7e29e09c961f77a,9e3c248cecf45df8908d2eba7f718498,delivered,2018-02-15 23:31:17,2018-02-17 03:48:00,2018-02-19 12:49:17,2018-02-21 14:11:46,2018-03-02 00:00:00
1e7c4d7f10431cde9911c1c659a6e3fd,6fcf9bc0b844ced66aabad3c2c962d7b,delivered,2017-08-20 18:35:01,2017-08-20 18:50:12,2017-08-22 15:12:42,2017-09-05 20:14:06,2017-09-25 00:00:00
cb71499c074fd6946adf7562f592ac25,a466f770c7ac6f01ace59cd8afff5e19,delivered,2018-04-25 20:43:19,2018-04-25 20:55:36,2018-04-26 13:46:00,2018-05-01 11:44:36,2018-05-14 00:00:00
a46b002ede0857b1e4814c0d12fe17ef,c58c69cda1b5a94f50d4655cee86e59c,delivered,2017-11-14 01:30:11,2017-11-14 01:46:23,2017-11-30 19:56:45,2017-12-23 16:58:32,2017-12-04 00:00:00
321c2c691df365d1219bbd6cd6257f11,527bf037fd84f0b73622f6b4d52771fd,delivered,2018-04-24 13:42:07,2018-04-24 17:45:53,2018-04-25 14:39:00,2018-04-28 16:51:54,2018-05-03 00:00:00
fdce8dd7bb4b3a3424b42b3dd0e844da,f85312ef02a373029bcabb420bac7606,delivered,2017-12-04 11:23:50,2017-12-05 04:14:00,2017-12-07 23:53:08,2017-12-13 17:19:38,2018-01-02 00:00:00
9ca5909eae951dbac41c3cf4b9c0337b,a3a36e3871f4b05275d9603a13233db1,delivered,2018-05-14 09:14:57,2018-05-14 09:32:33,2018-05-14 15:16:00,2018-05-17 22:28:26,2018-06-01 00:00:00
dcfd7c52a6963113ae9c4e12ceebde69,4ffcfe8466141df05466bea2db1389c1,delivered,2017-05-15 18:51:09,2017-05-15 19:02:38,2017-05-16 15:06:38,2017-05-29 10:21:25,2017-06-16 00:00:00
475e7154ea6c9ea4f90d281fd3f65069,c1e31d9730c5e4ee18340930c3dfcb77,delivered,2017-05-30 18:50:21,2017-05-30 19:02:45,2017-05-31 16:38:01,2017-06-05 13:07:31,2017-06-22 00:00:00
8252bcfa635686ea7a735c795dea38ab,0e4265d2833c3c2eb76f1b46e6aec5c7,delivered,2018-08-08 18:54:03,2018-08-08 19:05:11,2018-08-15 07:53:00,2018-08-27 12:21:56,2018-08-31 00:00:00
c88e6fb53503e3e625713f57d94360f0,a3b930d25e147f83840c5b4e774546f4,delivered,2017-06-18 19:42:59,2017-06-18 19:50:09,2017-06-22 09:51:45,2017-06-29 17:57:50,2017-07-13 00:00:00
400ff75c92d93b68cbbb88a17d97b447,4469ee2fbe0d696dee57c67bcf5fa544,delivered,2018-02-12 13:46:50,2018-02-12 13:55:33,2018-02-22 02:22:03,2018-02-27 19:42:48,2018-03-06 00:00:00
4f22b45861402b6db26c58fd211617cf,6932a8346062af34cc8e71cdbdc30c9c,delivered,2018-03-12 15:06:28,2018-03-12 15:15:41,2018-03-13 20:16:49,2018-03-16 22:21:50,2018-04-04 00:00:00
bcf9b1ea597cf15ce7c93eebfd3a915a,dd20a8c24c0277b340ca8e8e57c52e11,delivered,2017-11-30 01:09:56,2017-11-30 01:33:17,2017-11-30 23:03:24,2018-01-03 22:10:07,2017-12-26 00:00:00
19feb5627c41ea1b36a8e50a469b3644,b8097c8f0c1f58ab56a53812a446a898,delivered,2016-10-07 17:09:56,2016-10-07 17:32:09,2016-10-26 11:42:05,2016-10-20 19:07:54,2016-12-01 00:00:00
360983d2dc93d0b53cf1dd482a1caa5d,1cddf32e75b16d683001b555f0d3914a,delivered,2018-05-28 18:43:49,2018-05-28 19:16:51,2018-05-30 14:43:00,2018-06-11 13:32:29,2018-07-17 00:00:00
ddd05ce5cf8b84ccf7f200b027c7753f,a16696afb36b4eb70a718a4932c0db09,delivered,2017-12-18 09:05:02,2017-12-18 10:36:28,2017-12-20 18:15:05,2017-12-22 19:22:50,2018-02-02 00:00:00
32a95b7b9e16b0e4ac4e9a279ba5c10d,b3765dbcb1552872f10dc638104f6598,delivered,2017-11-13 15:06:58,2017-11-13 15:15:47,2017-11-14 19:57:01,2017-11-24 17:05:05,2017-12-05 00:00:00
0c573af818c3b5409a2255629eec2ad3,fa68d3ad0b208c51a9c432396f968a55,delivered,2017-06-17 12:45:24,2017-06-20 10:50:11,2017-06-21 09:00:57,2017-06-26 16:40:23,2017-07-07 00:00:00
b1253279f7cb2552c9625335aa5ff684,12e244bdcf0634c2d48e7965647f06de,delivered,2017-02-12 16:41:04,2017-02-12 16:50:19,2017-02-14 13:39:55,2017-02-15 09:42:39,2017-03-16 00:00:00
4ad158fb23644bc01f7f255b61b7ca9f,ed075555bbf25bf595005c1f973b136b,delivered,2017-08-08 20:50:58,2017-08-08 21:03:17,2017-08-10 18:15:48,2017-08-16 16:43:38,2017-09-01 00:00:00
20f218e0289ef7cb82817b837eec01ca,25b00f5aa11b21b76df976c3642f851c,delivered,2018-02-21 16:12:15,2018-02-21 16:29:37,2018-02-22 19:04:54,2018-03-02 22:42:10,2018-03-14 00:00:00
ae76bef74b97bcb0b3e355e60d9a6f9c,3b37fb626fdf46cd99d37ec62afa88ff,delivered,2017-03-04 23:32:12,2017-03-04 23:43:26,2017-03-06 05:14:07,2017-03-09 08:33:08,2017-04-06 00:00:00
960191fcb6e80a09e5060e382e0046b8,c38b3826795b7d0d8c4449bb5eb96733,delivered,2018-01-24 12:27:32,2018-01-25 02:57:47,2018-02-02 23:38:38,2018-02-16 21:36:11,2018-03-09 00:00:00
c1e8d82bfb3b9310889636c7589e8007,9f67a4e8c3d027cf348f080767e7d1f9,delivered,2017-10-12 15:12:09,2017-10-14 18:35:36,2017-10-16 19:59:49,2017-10-20 20:47:33,2017-10-25 00:00:00
a756c394e02e7cc83cbcc594a969bf59,551afa83d8b12420ec6ab48726cdbc26,delivered,2017-12-12 15:24:31,2017-12-12 15:50:38,2017-12-13 18:19:01,2017-12-27 00:47:57,2018-01-16 00:00:00
a92225110bfd8206a036f272ccf0fb1b,7f96cdc06aa0cfe77e71187d5035f22f,delivered,2018-05-03 14:33:57,2018-05-03 14:54:51,2018-05-04 11:50:00,2018-05-15 21:06:20,2018-06-04 00:00:00
de19da2c7ae72b08355e23a5a0f33351,b3d95ced976e3195fb9218d0852eb885,delivered,2017-12-14 15:07:44,2017-12-14 15:18:27,2017-12-15 18:21:57,2017-12-28 21:49:04,2018-01-23 00:00:00
d24c7346d4b0d3dca97138e03ef34ffa,4ba69fcf8797e82d487139d557ca685d,delivered,2018-01-07 10:57:19,2018-01-07 11:08:27,2018-01-08 22:08:53,2018-01-16 21:53:28,2018-02-16 00:00:00
8e6a116ba7e4f5f50b595471926576d6,732482a7ffd8fc596c749a7d3190fc41,delivered,2017-04-05 10:16:53,2017-04-05 10:25:11,2017-04-05 16:37:57,2017-04-13 19:08:50,2017-04-28 00:00:00
7e4f454abfc163899a6ef5b4d5facfb2,e09646444511bcbf9141bf44ab8e8ab2,delivered,2017-12-15 06:52:25,2017-12-15 07:11:03,2017-12-15 19:45:04,2017-12-19 22:23:49,2018-01-15 00:00:00
492af7055c78ba977bfc7e748dba1737,767a4c76d02bd907236d87d0dfba99cf,delivered,2017-06-11 20:28:52,2017-06-13 04:35:26,2017-06-14 10:37:40,2017-06-23 13:22:36,2017-07-18 00:00:00
bc70e827b5531f116d2254b6696fc290,2297775fd99b6ff5a4bc38cc821dc2cd,delivered,2017-05-14 13:21:58,2017-05-14 13:30:15,2017-05-15 10:25:01,2017-05-25 08:57:35,2017-06-05 00:00:00
ff63c818e5e38bb25ec5abce62d83d4f,e2b74b49a5439ebfc7d2ba744ca029ea,delivered,2017-10-12 22:19:28,2017-10-12 22:35:15,2017-10-13 21:26:54,2017-10-23 19:32:03,2017-11-10 00:00:00
f59b0460d13be0dd48e9762851d21998,da14c1c81592a7684449799d51f43823,delivered,2018-08-18 20:01:37,2018-08-18 20:15:13,2018-08-20 15:55:00,2018-08-29 20:03:32,2018-09-06 00:00:00
ca757dbebcac3d3bbaa4eb7ea0f699c8,4e7d863b21180fc23a9185972ef8a1a2,delivered,2018-06-07 19:29:37,2018-06-07 19:55:29,2018-06-08 15:05:00,2018-06-15 22:58:49,2018-07-16 00:00:00
6e429b10b7146f0e09d492b45c32b8b3,33667b922438dec138af7bf94a3fef51,delivered,2018-08-18 10:44:59,2018-08-18 11:10:46,2018-08-20 14:44:00,2018-08-21 15:38:37,2018-08-28 00:00:00
d6c877d8995925578fdeb1d186915549,ed31032d177b2192f391ea291d349b35,delivered,2017-05-07 12:50:03,2017-05-07 13:10:37,2017-05-18 10:40:00,2017-05-22 21:45:24,2017-05-19 00:00:00
906e820b85dd6c8ef9a4aa5581aa277b,43680df360ed4620c0970b131aefdc8f,delivered,2017-09-19 17:34:11,2017-09-19 17:45:11,2017-09-20 18:54:01,2017-09-21 18:12:10,2017-10-11 00:00:00
74fabba2032e7c6ce81eddebe5c4a368,af8b2588c519cdc1671fd5ef6cc0be95,delivered,2018-02-20 08:27:37,2018-02-20 08:56:19,2018-02-20 23:03:42,2018-03-09 01:41:24,2018-03-23 00:00:00
c90e15a8d750212aa19ac74b22a39493,8976ae1c6e4275a2630fcec10027d081,delivered,2018-04-24 17:38:18,2018-04-24 19:19:33,2018-04-25 14:38:00,2018-05-01 02:38:39,2018-05-28 00:00:00
1cb80dcfe2d0c0ec3b39d3d7b9bfac21,501e7762fd8841fb1d93a201bc67398b,delivered,2018-03-09 21:40:55,2018-03-09 21:55:26,2018-03-13 21:48:31,2018-03-22 15:28:36,2018-03-27 00:00:00
6f2ae8728d4663eecab7315f623ac889,1716045791057027d5bb15d0b91c243c,delivered,2017-05-19 11:26:16,2017-05-20 08:45:19,2017-05-24 10:47:30,2017-05-31 13:05:25,2017-06-20 00:00:00
ec13b401afa92c73e534aa28d83e4ec0,1e0cff4840869d26725b4115988cfd61,delivered,2018-01-16 14:13:43,2018-01-16 14:30:23,2018-01-17 16:28:02,2018-02-02 18:59:00,2018-02-16 00:00:00
7fe47b14b3fcdb2ebedef3da6f118cdc,a8bad9142fcbce619092b42b569f27dd,delivered,2017-08-28 16:52:22,2017-08-29 04:55:28,2017-09-01 21:03:10,2017-09-12 21:13:30,2017-09-22 00:00:00
0880410ce1538dfc180e260708256fcb,6a5fba7498609a7aa97bb68654096329,delivered,2017-02-25 09:21:20,2017-02-25 09:30:11,2017-03-01 07:28:08,2017-03-08 12:59:03,2017-03-23 00:00:00
cb86e7fa5dcf2f86b0a038518514d891,678e29da385819d20ed00a3928143d54,delivered,2018-03-15 12:11:58,2018-03-16 03:50:11,2018-03-19 21:22:06,2018-03-21 23:12:15,2018-04-11 00:00:00
5eb2d78f174daa47e90249a44e033aca,481fddd031b883ec2b410fc6b4da759f,delivered,2018-08-19 17:22:11,2018-08-20 12:30:20,2018-08-21 12:06:00,2018-08-22 21:28:50,2018-08-29 00:00:00
d5fce66a4a49fa934e841e84c0e4c1b9,378e7272edded57dcae0954307e1fc3b,delivered,2018-03-06 09:17:21,2018-03-07 10:29:05,2018-03-13 23:33:12,2018-03-19 16:12:04,2018-03-29 00:00:00
cf9d4912dd9ef4ee8a782ff746292e79,07c5c7b3efacaa6988784e189a42f84a,delivered,2018-02-13 06:49:11,2018-02-14 06:46:53,2018-02-15 23:09:17,2018-03-08 16:17:57,2018-03-12 00:00:00
d17a342bb9f94d40c3b6df4a600b5cee,511dfb4f5249ddae8cec62d7c650859c,delivered,2018-04-06 09:33:06,2018-04-06 09:49:01,2018-04-09 16:46:34,2018-04-10 17:41:55,2018-04-24 00:00:00
2399e406198f0b9a12baf8e176453e9b,eda858c8539027ca08677453635a374f,delivered,2018-03-09 17:40:19,2018-03-09 18:20:27,2018-03-13 20:08:30,2018-03-30 00:07:45,2018-04-04 00:00:00
cba6084373248c908b641d3fea44ab42,d655196f3d736403532d4b8f4da5b1a6,delivered,2018-02-26 05:07:53,2018-02-27 04:31:06,2018-03-03 00:13:51,2018-03-05 23:51:42,2018-03-12 00:00:00
b04215f2cbc4e1fdd167427e657c7d16,beb649b39fa226baecfc1b5333671de8,delivered,2017-02-10 20:22:24,2017-02-10 20:30:13,2017-03-15 11:37:25,2017-03-20 09:37:32,2017-03-09 00:00:00
b5e8d13478ad66ec57d480c9e00abb39,0781659176c3bdef80a6e2fe1fbd24a0,delivered,2017-02-28 11:52:41,2017-02-28 12:05:26,2017-03-02 08:05:36,2017-03-13 15:54:02,2017-03-22 00:00:00
74a9f427a3c1a76a0af9ddf92aced07c,44b701cb9a97bd1780bba0d1233d8d12,delivered,2017-10-09 12:55:44,2017-10-11 15:28:33,2017-10-16 19:36:29,2017-10-17 19:44:56,2017-10-24 00:00:00
85bdbf544abea637f0ed3c856bd0a0ca,dd87aabcdcbf176a0b83b6c7ea79348d,delivered,2018-06-29 19:15:06,2018-07-05 16:02:57,2018-07-03 15:14:00,2018-07-06 11:17:46,2018-08-03 00:00:00
0c21f042461cf5e64d2c087fdcc93fd7,549025fad34a0caabe89d632f0a20a88,delivered,2017-05-02 18:55:30,2017-05-03 11:32:55,2017-05-04 17:43:45,2017-05-17 09:55:30,2017-05-26 00:00:00
df162f4770df5501980a87aa661b5dd1,7752b0de2e72a9b5eb86815876adb853,delivered,2018-04-19 14:16:54,2018-04-19 14:35:41,2018-04-21 01:54:46,2018-04-26 17:52:40,2018-05-18 00:00:00
b2cb3ebf627fc0385565fc328822fdc9,dfac5ccec20fa86006cd4fe5229fe7ad,delivered,2017-12-11 16:44:24,2017-12-11 16:55:11,2017-12-13 15:32:53,2017-12-21 14:08:37,2018-01-11 00:00:00
887471afa7d8b51fa617eb2daf90c40f,5e999c70b359d4d94b417249a0b97902,delivered,2018-01-01 15:54:17,2018-01-01 16:06:57,2018-01-05 00:12:45,2018-01-09 17:40:02,2018-01-26 00:00:00
3b7c5f062ceeb4f7f8d035e52b5207af,3bc0cda3b8497bdc355d3d42a2cd97c6,delivered,2018-01-23 22:16:22,2018-01-23 22:34:44,2018-01-24 20:41:54,2018-01-26 15:51:36,2018-02-14 00:00:00
c5b31150f4307952a53f840287f03759,d8377b6daad072b33c9ceb27d1331c56,delivered,2018-02-13 15:26:25,2018-02-14 15:20:34,2018-03-03 00:39:37,2018-03-07 18:48:52,2018-03-28 00:00:00
dbf6b190a7df1df00c6afaf326098789,7d672a0d32d9d7fb5b3ac68e6a49078b,delivered,2017-12-01 11:13:59,2017-12-01 12:31:31,2017-12-01 22:22:22,2017-12-13 12:12:21,2017-12-19 00:00:00
95bfa2a85ef50d3192609d8f29b92cf9,3b33e2fee0e33e2bca2cb29cd5efd875,delivered,2017-10-04 15:02:04,2017-10-04 15:25:22,2017-10-05 18:23:59,2017-10-06 23:09:00,2017-10-23 00:00:00
2b0a897dec5e098d39a6aad719ed97a9,a39f84a6a9e158a8f74014d8ebe1bcea,delivered,2018-07-14 16:42:34,2018-07-14 17:05:17,2018-07-16 10:23:00,2018-07-21 19:42:36,2018-07-31 00:00:00
ed71db1a67b318e8a56778f4f380e267,e572951f62a83fa3b6dbec2cb0722cf9,delivered,2017-09-28 23:42:32,2017-09-28 23:56:07,2017-10-02 17:05:38,2017-10-10 19:45:40,2017-10-24 00:00:00
d6058929a46a5ce35d8b31986c2d3b28,bf7e567000ddec85158d4f04da91fa1f,delivered,2017-10-09 13:05:48,2017-10-09 13:14:21,2017-10-10 14:22:33,2017-10-16 20:29:05,2017-11-10 00:00:00
0fee1078d20817986a6a94360d415a37,3909643728e469c11fe39b47013e93e9,delivered,2018-03-14 15:34:58,2018-03-14 16:28:11,2018-03-19 15:28:31,2018-04-11 17:03:11,2018-04-12 00:00:00
28f0dbd673b8e80e38077292901b1fa6,76964e737528f1fd79340acd1881a5cd,delivered,2018-04-25 17:30:53,2018-04-25 17:52:41,2018-04-26 15:13:00,2018-05-03 20:21:32,2018-05-16 00:00:00
94c9f01794e2a40527d76e249ef9decd,521aa980b64c8bdc793aea903e19133e,delivered,2018-03-28 18:43:31,2018-03-28 18:55:25,2018-03-29 19:56:30,2018-04-02 19:33:04,2018-04-10 00:00:00
254b6101a615cb031624d5631cabf648,6edb393452072700e82092eefc805504,delivered,2017-05-18 06:01:23,2017-05-20 06:35:12,2017-05-22 13:31:59,2017-05-24 16:42:52,2017-06-19 00:00:00
6a38a689d8240ba6b2e79f89a9ecf5c2,491b53d711e90db8195ba44d40bb83ac,delivered,2017-02-17 07:39:19,2017-02-17 07:45:11,2017-02-20 14:16:07,2017-02-23 13:05:03,2017-03-24 00:00:00
0c71e6884d0d7ae94fe52ea917b42fc7,b80b7641c7244c79644d4f6fe6e2e731,delivered,2017-12-03 19:22:06,2017-12-03 19:33:51,2017-12-06 19:33:13,2017-12-11 17:12:45,2018-01-02 00:00:00
07a8cc4e00c23ade7ccb29786d3de771,7928d81a48c28a0a11b381fee83ae5fb,delivered,2018-02-26 18:12:34,2018-02-27 15:50:29,2018-02-28 22:08:13,2018-04-04 19:04:13,2018-03-21 00:00:00
4ea8c59c4fdb4196e0a54b5e5f7674e7,2ec644e3ac9d72a3eae0eaf54bfb4fcb,delivered,2017-06-25 17:50:19,2017-06-25 18:05:12,2017-06-27 10:35:42,2017-07-15 14:07:37,2017-09-04 00:00:00
e02abba86c2340a09ce002e3dcff5229,e03c007f725788d7bab57a0f8a5adbb1,delivered,2018-03-25 13:09:10,2018-03-27 03:55:22,2018-03-29 04:52:04,2018-05-14 18:47:32,2018-04-26 00:00:00
6e4465d771f02e4fe335225de3c6c043,0f139d1b208a62a37671423e5eff5016,delivered,2018-03-06 11:51:44,2018-03-08 02:49:35,2018-03-08 23:16:19,2018-03-23 20:08:40,2018-04-05 00:00:00
24df0dde15d4fdb992f65fd1774feae7,b0a0403a990415da49aedce7a1c09acd,delivered,2018-01-15 23:25:47,2018-01-15 23:35:28,2018-01-23 23:17:35,2018-01-30 18:22:40,2018-02-16 00:00:00
e82ad91cbeae230bec5af4afbb1ef6e3,78322edce10f273a39ad5d6e1dcc5c47,delivered,2018-08-13 14:51:14,2018-08-13 15:04:41,2018-08-14 11:43:00,2018-08-24 00:09:46,2018-09-04 00:00:00
b4546ff451b39382f5c1dd81355a0c58,2cc15144d83ab6ce9cf5f666022a7afb,delivered,2017-11-26 21:34:23,2017-11-26 21:53:56,2017-11-28 17:32:31,2017-12-14 02:39:30,2017-12-20 00:00:00
4979d2c68b2d76472dc5534434ee05f5,90b0204545329550aa9f0fdbb1993f8b,delivered,2018-03-05 10:05:21,2018-03-05 10:15:40,2018-03-08 00:51:58,2018-03-14 17:39:44,2018-03-28 00:00:00
1be274b004c97a574419e7d7caeebdbf,100e7030e29e676a2266d7b3996ac4f9,delivered,2017-08-20 19:28:57,2017-08-20 19:45:13,2017-08-22 13:31:56,2017-09-08 19:33:11,2017-09-28 00:00:00
bfc0684b4ba39c70fe4866744af09f40,a996b5ff41a38b5f33457b76a2362655,delivered,2017-07-21 11:39:51,2017-07-21 11:55:09,2017-07-21 18:07:42,2017-08-03 14:15:51,2017-08-10 00:00:00
9d8a3b882eccfedffcd196e7d1e4cf20,4b6feb99e3a796b2061b5a290cb2b2d7,delivered,2018-06-30 22:43:00,2018-07-01 22:35:15,2018-07-03 04:41:00,2018-07-11 18:08:59,2018-07-25 00:00:00
e97842d8eba41c516082ed8f5c1292cb,168cbb0b67d6042037c6ab7aefe24de6,delivered,2018-02-14 13:38:33,2018-02-14 13:50:20,2018-02-16 20:57:19,2018-03-15 19:39:00,2018-03-07 00:00:00
ccf572d63a735cf61e606a64d665fe95,9d17a6d0a33240368a86fb3136148b53,delivered,2018-08-12 12:31:10,2018-08-12 12:45:08,2018-08-14 12:24:00,2018-08-21 22:03:31,2018-09-03 00:00:00
cb9eeca1d9d3a0487a015a69bf5715ab,696f0002c84ed9082a868ce411e31a31,delivered,2017-12-02 00:48:09,2017-12-02 00:59:26,2017-12-06 13:23:12,2017-12-24 16:53:43,2018-01-08 00:00:00
ebddd100ca30ed764baf48cec7581c16,abda27cb02d4536c98bc0c41e6245317,delivered,2017-11-24 00:13:52,2017-11-25 03:37:28,2017-11-27 22:28:42,2017-11-30 20:17:04,2017-12-14 00:00:00
9b1685c1d2c17bf27e16d9c7e6b1cba8,e5c9a4ccd1573908210311eb7b788ccd,delivered,2017-10-09 21:45:11,2017-10-09 21:56:25,2017-10-24 18:28:50,2017-10-27 17:52:52,2017-11-01 00:00:00
abfb34ed11820c7247adfb30fe5bb7ae,0d0f6b38e873757a949a9c3624b21a93,delivered,2017-01-20 00:25:39,2017-01-20 01:30:17,2017-01-23 10:02:29,2017-01-31 17:44:19,2017-03-16 00:00:00
b5c568b689a9f0c35c9e008874943ba2,ddb73c7e7b71669891418abdbdb704a7,delivered,2017-10-27 08:06:55,2017-10-27 08:28:46,2017-10-31 16:37:53,2017-11-15 00:02:46,2017-11-21 00:00:00
6d12f43a6648af8bcbcba202eab3a428,5377747fe0fb0411142e710e112b22b4,delivered,2017-12-11 14:52:54,2017-12-11 15:10:46,2017-12-12 18:17:56,2017-12-13 16:07:22,2017-12-28 00:00:00
f4ba230fb93b439b2007d62613a07cf3,d2aa33ffd2008e91aa85688b63974b7c,delivered,2017-11-16 14:41:00,2017-11-16 14:51:05,2017-11-16 21:31:52,2017-11-22 14:49:01,2017-12-08 00:00:00
c2808827e6da8f333dedcd02d172fbd7,e0940b3cb5a6cd31e35f73084b3df877,delivered,2018-03-08 17:10:08,2018-03-08 17:30:30,2018-03-09 19:58:56,2018-03-20 19:23:32,2018-03-29 00:00:00
4d5ddaa5ec4a041a958a8d0601836414,96d0f562462f7d4ea867eec46fc0244d,delivered,2018-02-28 21:50:43,2018-02-28 22:07:59,2018-03-02 19:23:18,2018-03-03 17:54:50,2018-03-13 00:00:00
b6759a40becdcdd336eecc0a3a833763,031cc879a34f7c1f10a2b25a5d3e5b0a,delivered,2017-12-16 22:02:19,2017-12-16 22:11:31,2017-12-18 20:38:49,2017-12-27 16:48:18,2018-01-12 00:00:00
cd46e05b6f462a2298868447d193d1ea,96bb78ecaedef53ef3ac2745f906fe0f,delivered,2018-01-26 12:02:43,2018-01-26 12:21:46,2018-01-26 20:17:37,2018-02-14 20:23:27,2018-02-20 00:00:00
e8253edb8afd8c06fed540435eac942d,6c435ed0cfd0b31d333015f5a2cdb2d5,delivered,2018-07-17 18:27:15,2018-07-19 02:42:34,2018-07-20 13:20:00,2018-07-28 00:58:37,2018-08-07 00:00:00
c1a8cd7002219199c6cddff33d64d4ca,59fa7d7e5891ef0ae8c16602e5069137,delivered,2017-09-11 14:46:45,2017-09-11 14:55:25,2017-09-12 14:25:10,2017-09-19 00:06:59,2017-10-02 00:00:00
359015301bc32c8897957246a4b11621,73e5c7f0880be36bc46d874edce2114c,delivered,2018-01-09 18:18:35,2018-01-10 10:31:43,2018-01-11 23:22:22,2018-01-15 21:13:35,2018-01-29 00:00:00
a0cad5ccb5a47034235dd39c3768e900,23034ec1c4065f28b2d79826cffcd1f9,delivered,2017-10-27 16:21:52,2017-10-27 16:35:51,2017-10-30 15:37:01,2017-11-08 16:28:37,2017-11-16 00:00:00
14f39bb597d6744309d74e7b9daf849f,7fc4a63752bfc3f56f4b3c89afcf083a,delivered,2017-04-11 14:26:33,2017-04-12 14:30:18,2017-04-17 08:32:58,2017-04-20 14:44:19,2017-05-09 00:00:00
01dcbb39823b4cda39ddcc6679fb00ac,8e1dff0d67c90649dba1440b80328275,delivered,2017-05-29 20:01:57,2017-05-29 20:15:19,2017-06-01 11:40:06,2017-06-07 16:37:41,2017-06-23 00:00:00
af2adc7e31b52bdfe068cf60426b54b2,afd3f4f110c36e0ec5b412f4d30af5fc,delivered,2017-04-24 09:14:06,2017-04-27 10:32:39,2017-04-26 18:47:58,2017-05-02 17:24:56,2017-05-11 00:00:00
d9926cee93b8e76d736ca514364a713a,6f32d93d54ccede897e54670112fe738,delivered,2018-08-15 03:59:08,2018-08-15 04:10:09,2018-08-16 17:15:00,2018-08-21 20:28:51,2018-08-27 00:00:00
0017afd5076e074a48f1f1a4c7bac9c5,8085a9af46f619bc25966f151a362b0d,delivered,2017-04-06 22:16:10,2017-04-06 22:25:19,2017-04-17 13:54:37,2017-05-23 08:32:07,2017-05-19 00:00:00
e34e1db7516bb12cd9985fe66fe2d323,95eff4eb0872c25f43bd6a915531e976,delivered,2018-02-10 18:43:34,2018-02-10 18:55:37,2018-02-16 16:15:39,2018-03-08 19:11:18,2018-03-08 00:00:00
c92bf2822e45c50c51fc4c31c5e96cca,b969d178c115a1b21422307d1062b352,delivered,2018-05-05 05:26:15,2018-05-07 16:12:33,2018-05-09 16:36:00,2018-05-11 23:36:36,2018-05-17 00:00:00
799e53347e276d82f68872b6741bf731,d890eafae5bea5d3609d7fa0b22cb293,delivered,2017-09-22 18:14:06,2017-09-22 18:30:09,2017-09-28 17:02:59,2017-10-03 15:52:33,2017-10-16 00:00:00
98a2198fe7cdc41447b479d9220f0371,03952dd46963b39ab13db3f9ab54bfd0,delivered,2017-06-02 14:48:34,2017-06-02 15:02:41,2017-06-05 14:58:14,2017-06-16 13:45:36,2017-07-07 00:00:00
62b59d3fd880df7032e73ddb97f7f00f,868c8d7f05eb9513ff234b3bf243f073,delivered,2018-03-27 19:15:37,2018-03-27 19:30:16,2018-04-03 20:42:50,2018-04-18 13:26:44,2018-04-16 00:00:00
06c82be9b8551eb37a9b8e7e05dec631,226a2de9b9feb22a76582963ebcf1e96,delivered,2017-07-11 14:27:14,2017-07-11 14:43:41,2017-07-26 03:19:36,2017-08-01 16:17:38,2017-08-02 00:00:00
a297af9c433b5e1ac1290d8057386952,2712ec2a4f99ec90fbcf6b3829d59872,delivered,2018-06-14 09:10:17,2018-06-14 09:37:53,2018-06-14 18:50:00,2018-06-15 20:52:05,2018-06-26 00:00:00
761d24a47ebf005134bb75f8cde9c5b1,ed78b8e3b4ce8f10d7ff5f18f9758b75,delivered,2018-05-28 19:59:52,2018-05-28 20:10:30,2018-05-29 08:43:00,2018-06-08 20:15:44,2018-07-03 00:00:00
fbae70a32d0f68cc7c48d802e69ecb7d,d213b2a00facc2c2a070d984aa6d69e0,delivered,2018-03-24 19:56:08,2018-03-24 20:10:31,2018-03-27 13:03:11,2018-04-04 18:55:41,2018-04-16 00:00:00
86d358acddab52d41c7ea21a648e40da,0f43bf2b2c2c726f9af8eb75d0774fcc,delivered,2018-03-28 17:11:28,2018-03-29 03:10:24,2018-03-29 19:33:26,2018-04-11 15:02:38,2018-04-26 00:00:00
0ce1d0a0c2f36c2ba5f02094119bbebd,bbe4079ce54eb3663947a8e3b012a5b0,delivered,2018-02-13 17:09:29,2018-02-13 17:27:24,2018-02-22 20:45:29,2018-02-24 00:06:46,2018-03-07 00:00:00
416fe69769d22a8d2d34645ef7a5348e,826b2deb5ea79d63938996368ae60dff,delivered,2017-07-17 10:37:33,2017-07-17 10:50:21,2017-07-21 14:53:03,2017-07-31 16:53:36,2017-08-10 00:00:00
375bb4357db0f08e163905aa4bbd5d7d,ddc1ce8e98661b093c07a4ce91290c9f,delivered,2018-01-01 20:16:54,2018-01-01 20:29:22,2018-01-08 19:25:29,2018-01-24 23:52:27,2018-02-06 00:00:00
0aead977f249a62158c114e4460c37cc,432bebd364d9ae1ec762aa1916b29db5,delivered,2017-12-08 17:09:30,2017-12-08 17:30:28,2017-12-09 16:57:01,2017-12-12 18:38:55,2017-12-27 00:00:00
a09b5dbc48f0a699ca8de9d8c2f18867,f83d692fede22d97386db0c12fc78428,delivered,2018-02-07 07:59:40,2018-02-07 08:15:25,2018-02-08 14:19:50,2018-02-22 16:27:06,2018-03-12 00:00:00
0fb7c15330c0eea20674f1e5a8be3b9d,47aa66905ec3df607310af4988d34bca,delivered,2018-02-13 13:33:24,2018-02-13 15:07:40,2018-02-14 16:06:25,2018-02-22 19:47:57,2018-03-12 00:00:00
1c8453ac180e833c992dc135bd9302c5,4eebac4bed2f2bb4edf34449b953e384,delivered,2017-10-01 15:53:39,2017-10-01 16:07:19,2017-10-03 20:56:06,2017-10-11 18:37:02,2017-10-27 00:00:00
dc1566d1da1fa9690e49a940769c4f81,23589df603543a0256d62c1458a6f2c2,delivered,2017-12-28 13:17:13,2017-12-28 13:28:03,2017-12-28 23:39:01,2018-01-16 14:06:19,2018-01-23 00:00:00
424c6d67ca4640c862066d58ea753a22,6f6b8fc825d778cdf5814944adb7b8a1,delivered,2018-01-22 20:30:18,2018-01-22 20:37:32,2018-01-26 20:27:05,2018-02-06 19:58:46,2018-02-16 00:00:00
3ecb32442c4d437bedbe97a717ae5c0c,1df1b69addf563c32f7b5cdbb9ea23bb,delivered,2018-01-15 08:43:43,2018-01-15 08:52:18,2018-01-16 22:56:53,2018-02-05 20:28:36,2018-02-14 00:00:00
e1bf27bc4d706e472f48ecb7c933bdbb,cbd2a30b9bbb012b7112dbb9a2c70bd7,delivered,2017-12-27 19:36:57,2017-12-27 19:48:16,2017-12-28 18:22:17,2018-01-05 20:14:37,2018-01-29 00:00:00
53a002f9aeb36729b360ddfcb9cee647,6b0f11ac7b20ef2f5f7f975294802cc4,delivered,2017-04-30 16:52:26,2017-05-02 10:35:10,2017-05-04 13:50:51,2017-05-16 16:33:30,2017-05-23 00:00:00
01633cfec0376ac9f2606e271ede5574,7511d7ebaabaa2f1e5b75763fac193c9,delivered,2017-02-23 12:10:14,2017-02-24 02:45:27,2017-03-01 16:14:03,2017-03-16 10:24:02,2017-04-05 00:00:00
fd44d5496bf553658a71415d23179e70,1c20ecd21a004a543986a7ba6105a032,delivered,2017-04-24 08:31:32,2017-04-24 08:42:21,2017-04-25 09:36:49,2017-04-29 08:04:15,2017-05-15 00:00:00
03ba96e3cd1a918f1e0126c93dd93bb5,d7536a1f7bb487644bee22033f480bde,delivered,2017-11-29 21:40:21,2017-11-29 21:56:50,2017-11-30 22:59:03,2017-12-01 20:38:36,2017-12-15 00:00:00
77e4da3755c479aac3d6f7f2a5e94516,6995decf2663f921e8dfb49b3e7b5b9c,delivered,2018-02-13 14:36:43,2018-02-13 15:07:58,2018-02-19 23:42:39,2018-03-09 16:58:30,2018-03-23 00:00:00
f3aa2dd753099c0b69934615c49540c2,e0e21892a75d9de82362845630f91efb,shipped,2017-11-04 18:26:00,2017-11-04 18:35:25,2017-11-06 21:22:06,,2017-11-17 00:00:00
8993ddd6e800f9cb267d42cc89e13f0f,6ceefb6ce28d436d2b9dc466594e8060,delivered,2018-06-10 00:50:24,2018-06-10 10:58:07,2018-06-11 13:47:00,2018-06-14 18:18:44,2018-06-21 00:00:00
e332eda82fe7ca4e86daf4f71ca785df,159132ab31eb3c8a1061ed18967f720b,delivered,2018-06-05 14:38:19,2018-06-06 14:34:40,2018-06-06 15:24:00,2018-06-11 17:38:42,2018-07-11 00:00:00
320aa533182a4c39740380e4cf887c83,9200809926659b3ce4e213bee21c889c,delivered,2018-02-08 22:24:01,2018-02-08 22:35:29,2018-02-09 22:44:05,2018-02-19 21:35:33,2018-03-02 00:00:00
9808a7f5f5446817c3ebf7a804111d53,b2e5428802f42f9f27ef4b4bdf20524e,delivered,2017-11-01 00:12:34,2017-11-02 00:15:49,2017-11-04 01:13:43,2017-11-06 18:21:10,2017-11-13 00:00:00
60b38cffd151d75929529eb6fe8e6704,600b59b21a61468ff709c357aa600b93,delivered,2018-07-17 17:22:07,2018-07-17 17:35:21,2018-07-19 09:37:00,2018-07-25 22:44:37,2018-08-07 00:00:00
ffdd767d77c3322d78b286b6e8ecaf15,d95569d6265eab9ec6587b4e3d939f55,delivered,2018-08-10 12:18:39,2018-08-10 12:30:23,2018-08-14 08:09:00,2018-08-17 12:36:30,2018-08-30 00:00:00
69d7a6c47dc11a476f79514694809c60,89308d2e180453477f64c286806350f5,delivered,2017-03-22 12:29:08,2017-03-22 12:29:08,2017-03-24 12:40:30,2017-03-30 11:21:47,2017-04-13 00:00:00
cd800f9752d89c21e3fbac0e647d1d17,ac528205ad6baa447b16870dfeafebb4,delivered,2017-09-27 16:01:55,2017-09-27 16:14:35,2017-09-27 21:22:11,2017-10-03 19:42:15,2017-11-09 00:00:00
4978579248016c3a09d6dc043bbc4ae0,81b19d2deb2e6a0bb045072ac3bee91e,delivered,2018-05-07 22:34:11,2018-05-07 22:52:41,2018-05-08 13:47:00,2018-05-11 22:48:43,2018-05-21 00:00:00
b4617485242633fa27f00e4f1a051e0a,7135726787ec7c5289c24668a8ac75d7,delivered,2017-10-17 17:19:13,2017-10-17 17:37:02,2017-10-18 15:23:06,2017-10-26 17:57:50,2017-11-03 00:00:00
51d435906a0487f17df29d38429e931b,4a7162d69479a7ef30cf4b383589dc73,delivered,2017-11-20 19:57:29,2017-11-20 20:08:53,2017-11-22 18:42:38,2017-11-27 22:56:03,2017-12-07 00:00:00
4ed4a6e12e74982dd78c78df1ed3f372,f211d9a5df865e35ec0010fdb6122f85,delivered,2017-07-29 01:28:37,2017-07-29 01:35:19,2017-08-01 19:37:24,2017-08-10 21:39:38,2017-08-25 00:00:00
bee9e2345c4d8f186d2aa7d57e1589f3,be32bd080b6202c0024e3065140711aa,delivered,2017-05-23 18:31:34,2017-05-24 18:35:17,2017-05-25 14:55:49,2017-05-30 08:05:07,2017-06-20 00:00:00
a1f4cd05945a0b268d626b4183922f03,d32a6b048fd35e64ca76936bb399f5e9,delivered,2018-01-16 12:46:01,2018-01-16 12:55:50,2018-01-17 14:59:55,2018-02-06 22:57:41,2018-02-08 00:00:00
c32295e5877c879f156074c086bb536e,2a7bc2d645c5b0ae20f1c4cc0c9effbc,delivered,2017-12-30 02:36:20,2018-01-04 23:17:35,2018-01-09 23:09:38,2018-01-23 20:28:38,2018-02-05 00:00:00
152d0ef67ad3c06d9bafca4dc8ab8f80,2cdd57ec09f3afe46c0dcf8cd8473cdd,delivered,2018-05-15 20:59:43,2018-05-16 20:56:45,2018-05-17 12:01:00,2018-05-29 19:03:52,2018-06-19 00:00:00
d122b26581f3954cf89222ce8a210005,3bf2673f98eb799f1c8b780bcfcef7de,delivered,2018-05-16 08:27:13,2018-05-16 08:53:21,2018-05-17 14:30:00,2018-05-18 15:43:38,2018-05-24 00:00:00
ec6dc3377849564c30896b7543229e2d,fb92391db333011d9c394f9e9d569d0b,delivered,2017-10-31 16:23:47,2017-11-01 03:35:48,2017-11-01 19:05:21,2017-11-13 20:33:19,2017-11-21 00:00:00
84ba0cc83717486e49ab5b578d149e87,ca128dee534f460d25eca0fefefd4271,delivered,2018-01-10 15:09:02,2018-01-10 15:18:26,2018-01-16 01:23:16,2018-01-26 22:36:42,2018-02-14 00:00:00
c23b694adb7d7d7438e6d33f3d6c8ce8,e856b83a3bd93a571592d7b2011c5951,delivered,2018-01-09 11:03:05,2018-01-10 10:32:39,2018-01-10 19:28:28,2018-01-23 20:38:54,2018-02-01 00:00:00
b7e56bc4544b2d0098a4571a45eea22c,2aa80ed97e46eea9e72138907912799f,delivered,2018-07-09 15:15:04,2018-07-09 15:25:13,2018-07-26 15:10:00,2018-07-30 17:24:53,2018-08-03 00:00:00
7001dd0c9104e283cc76e35b1a73d2e9,983cf42eea94946e805387fc759d8d71,delivered,2017-07-11 16:38:45,2017-07-13 02:50:10,2017-07-13 21:37:36,2017-07-24 19:23:25,2017-08-02 00:00:00
ed7fc7aafd6ebca5daa21eaa5274d536,14ae92ef4c5da09f8158657a1531eda1,delivered,2018-01-23 14:09:05,2018-01-24 02:52:38,2018-01-25 21:52:38,2018-01-31 18:24:38,2018-02-15 00:00:00
1852db4cb1cd327502f1deb0b4285b54,3260ff8e858a718c0da2fbe6cf28403b,delivered,2018-02-23 15:06:12,2018-02-24 02:48:36,2018-02-27 23:12:03,2018-03-01 16:59:17,2018-03-15 00:00:00
b508f32bf3fa37e0b3e53b309d477674,e1ca124135e30b02a26260d53be5efad,delivered,2018-01-20 23:35:29,2018-01-21 00:02:35,2018-01-24 18:09:26,2018-02-05 21:12:39,2018-02-14 00:00:00
af8f5e473ef8dd20e4357b3bddf1accd,b5134fbb329c7a02b7eae0587eb98cdb,delivered,2018-07-18 00:52:15,2018-07-18 01:01:38,2018-07-18 14:08:00,2018-07-25 23:56:32,2018-08-03 00:00:00
76d85afd545b8fc877273a68455675c1,e29b02752f22ba7a6ef120027c9f2556,canceled,2017-11-08 18:40:21,,,,2017-12-05 00:00:00
21cb15950725534b614707f82846010e,c0fc852fa9977d4c42831774ed0a7eba,delivered,2018-08-27 21:36:16,2018-08-27 21:45:18,2018-08-28 14:58:00,2018-08-29 21:33:46,2018-09-03 00:00:00
c0c7a73363db4d3d632ff85f6b6f614d,0d1c6f285958b5a09f602025c11b2efc,delivered,2017-10-16 22:50:53,2017-10-18 03:14:34,2017-10-20 11:32:58,2017-10-30 17:30:12,2017-11-17 00:00:00
3d7843619ba9dab89ba9aa58cfa11e31,7cf4a335251640a443891c9e2b332ff4,delivered,2017-04-04 06:25:31,2017-04-06 02:45:27,2017-04-06 13:48:58,2017-05-16 09:32:33,2017-05-10 00:00:00
d9e85a628a68f162d46b273ae52d0119,a2591f825643f634e74804d71261369c,delivered,2017-09-13 07:57:20,2017-09-14 02:55:20,2017-09-14 19:13:40,2017-09-21 15:32:28,2017-09-29 00:00:00
fa5140866cde7c9764922065831a5510,675dd64ce8547c54a6cd06e46d312c2c,delivered,2017-04-06 16:57:07,2017-04-06 17:15:19,2017-04-18 10:38:09,2017-05-02 09:57:27,2017-05-08 00:00:00
29667756c1c215acb0eb87fa48bde75f,46a72099107f631c76922dca8c19a204,delivered,2018-06-25 17:31:38,2018-06-25 17:57:44,2018-06-26 11:42:00,2018-06-29 22:50:34,2018-07-05 00:00:00
f80549a97eb203e1566e026ab66f045b,4a60b2ce1ee8c7b828e4bbcca5b86b41,delivered,2017-09-12 10:31:42,2017-09-13 03:15:47,2017-09-19 13:32:36,2017-09-26 15:25:15,2017-09-28 00:00:00
4ae00507ab69f40106a7c87aa6a1531f,95c45b91ec800546045adf92fbd1a565,delivered,2018-05-06 17:41:38,2018-05-07 09:13:55,2018-05-08 12:57:00,2018-05-14 21:05:43,2018-05-28 00:00:00
12376b5a59bae892cd083a87b57c0bc0,bb835a982568100f068d3206b4e52f8a,delivered,2018-07-24 11:06:43,2018-07-26 03:15:08,2018-07-30 16:02:00,2018-08-07 20:12:15,2018-08-23 00:00:00
69f438e4cdb96fa1ed6bb2dcf499281b,8702a62684cd9a0ad5a391017c6939d6,delivered,2018-06-14 10:44:24,2018-06-14 11:01:29,2018-06-19 17:20:00,2018-06-25 21:36:51,2018-07-12 00:00:00
a44769d4b105fc1256ab873c55d43af6,99d97d613b0c10ef9bc076f74dd4e001,delivered,2017-02-24 14:22:47,2017-02-25 02:15:12,2017-03-01 11:09:34,2017-03-06 13:21:32,2017-03-17 00:00:00
e4d70620497883d192090b7a6d48441d,6611182ab275e5093731c323e3805777,delivered,2017-08-09 20:01:08,2017-08-11 04:24:59,2017-08-14 20:06:51,2017-08-30 15:35:24,2017-09-13 00:00:00
28904a75f66f01fd5c931d71e7a6ac8a,f4fde5b5396f5bdda6b22ed44f6ac580,delivered,2017-11-27 09:36:59,2017-11-28 03:31:49,2017-11-29 20:15:01,2017-12-20 15:52:31,2017-12-20 00:00:00
c3c637478a3bd7fb492aff16c4aa8ec0,2bda60edb6f8c6f0c33e334cae94a3d9,delivered,2017-10-19 09:34:04,2017-10-19 09:49:24,2017-10-20 20:45:49,2017-10-26 22:51:22,2017-11-10 00:00:00
4728d981da8b9d9e9fb4c7c069e46509,9ea72efdba6e23e3f17163fa0a8ef164,delivered,2018-07-05 18:23:08,2018-07-05 18:35:24,2018-07-10 14:48:00,2018-07-13 19:31:21,2018-07-27 00:00:00
4c8f74d2fa5a183591988e2c68c931e0,c1ac0c8e43e2940a6ab5efb9e4fcbbc2,delivered,2018-05-09 11:25:30,2018-05-09 12:15:19,2018-05-10 15:12:00,2018-05-12 11:28:42,2018-05-17 00:00:00
7f4c5f3682bd5dc074d569ae3b5bc00e,4f4b3ffc64e12ab86fa70f6a4071ff5a,delivered,2018-05-01 14:15:31,2018-05-01 14:34:13,2018-05-04 11:35:00,2018-05-09 18:58:48,2018-05-16 00:00:00
614c0b4b5169af9eb895bc8aefe5a418,907dbf4707a4cdd67d3f2c87a976c2c7,delivered,2018-08-18 18:26:41,2018-08-18 18:49:24,2018-08-20 07:53:00,2018-08-24 20:04:46,2018-08-29 00:00:00
be7f750bcb350e7e289e828efc763466,2004beab18003b04d2e2603e1055d589,delivered,2018-01-16 11:06:55,2018-01-17 03:38:46,2018-01-18 22:17:19,2018-01-24 10:42:30,2018-02-07 00:00:00
f672640d8f525e7ee9e9662776f4ed0f,6b4f0a05f4853abf220b4b251f54c903,delivered,2018-04-20 21:24:30,2018-04-24 18:27:33,2018-04-24 00:06:34,2018-04-30 22:33:16,2018-05-22 00:00:00
a8116350696a40046ec644f6b4f3afbc,d7beb95c2f002bd33338f92d720e2f64,delivered,2017-11-26 21:54:21,2017-11-26 22:11:54,2017-11-28 20:45:08,2017-12-19 23:51:30,2017-12-22 00:00:00
f1c179e3b024edd6b12fa92fb91590a6,4ae72d0daf2448a49bf98ec1b8cf68b5,delivered,2018-01-29 09:02:09,2018-01-29 09:18:43,2018-01-29 22:19:02,2018-02-05 19:48:16,2018-02-22 00:00:00
33f11ddd5042dcc18008c3f804d67a7c,3406ba91b8af6a841c0b7d48ceb5f752,delivered,2018-05-02 11:59:40,2018-05-02 12:14:47,2018-05-03 14:19:00,2018-05-09 20:42:11,2018-06-04 00:00:00
44f3d1f080f4d91df2ed14744c6e8184,c744ed8aaea56c48c1e385afdeb17605,delivered,2018-01-02 18:05:48,2018-01-02 18:13:24,2018-01-26 22:46:48,2018-01-27 12:17:29,2018-01-24 00:00:00
b61196a9915235f4020fa1186580c99d,0b66b013c23aff19e0629f10dd2483f4,delivered,2018-07-17 18:01:59,2018-07-18 18:03:07,2018-07-19 11:50:00,2018-07-25 20:03:39,2018-08-02 00:00:00
476bce9fb98b771f4908106e9d962dd1,beab9e3aec703ae980cfcab61b58a83a,delivered,2018-08-11 20:16:35,2018-08-11 20:35:17,2018-08-15 13:24:00,2018-08-21 20:04:01,2018-09-06 00:00:00
9980c5519e01cc5a1c1c35bd247bb499,68fcf3339b654cd981786ff00d15bbfe,delivered,2017-01-17 16:59:30,2017-01-17 17:10:08,2017-01-18 09:46:40,2017-01-31 14:16:29,2017-02-27 00:00:00
4f12293458fe42108080bd8c3da6a500,ebeaca016b045dff2d2282d10e2bfa52,delivered,2017-04-03 17:46:05,2017-04-03 17:55:11,2017-04-06 11:22:51,2017-04-12 11:43:04,2017-04-24 00:00:00
76eb528b2b3ae258e1c9a8d0eedad2b4,ef7577652a1d5883231a5b0484d150d3,delivered,2018-07-05 12:19:33,2018-07-05 16:35:02,2018-07-12 13:50:00,2018-08-01 17:56:47,2018-08-13 00:00:00
3ff4571d28b9a56f8a7b6c9c0e1d691e,9ee3d8535dea26048253e4ddafdeab20,delivered,2017-08-19 15:58:50,2017-08-22 03:45:42,2017-08-22 14:10:48,2017-08-30 22:23:15,2017-09-19 00:00:00
85b58bb30d219374cf9cfdebbc5fbb69,c498555685a103ca04bcb5f81cd974ab,delivered,2017-02-10 09:37:46,2017-02-11 06:50:17,2017-02-17 09:54:05,2017-02-17 17:53:43,2017-03-17 00:00:00
92fefd2a79d30d262d8999fee6937d4f,768b1212aff7e8d5f3cdde251b172390,delivered,2018-08-02 17:40:15,2018-08-02 17:55:12,2018-08-06 08:27:00,2018-08-20 18:21:52,2018-09-11 00:00:00
f19fff48230be5d17b1e9f75b268ebce,a7d9c6298e865b9ba8cd7d5878ff8472,delivered,2017-05-23 16:43:24,2017-05-23 16:55:28,2017-05-25 15:18:07,2017-05-31 15:46:54,2017-06-14 00:00:00
0c228f37770f365a3d0e1f7493595e09,cd00039f779735fae733fbefe4aaabbe,delivered,2017-06-14 17:06:33,2017-06-15 03:10:24,2017-06-20 09:59:43,2017-06-27 15:44:36,2017-07-26 00:00:00
dc35eb180bdb73bd01cd27509171cbb9,02e1dd9020188996a61734fe4b18a177,delivered,2017-10-08 17:30:03,2017-10-08 17:44:47,2017-10-09 14:34:20,2017-10-16 21:17:05,2017-11-01 00:00:00
1a102760523f4d9dfac2d4fab47dbeea,d8724f5c495f80e4e4cf56b8be67668d,delivered,2017-03-17 18:38:06,2017-03-17 18:38:06,2017-03-20 09:34:15,2017-04-17 10:43:55,2017-04-25 00:00:00
93534e882600a1678683a51e57bb1883,533c5c5536edd8d26576060c2561b495,delivered,2018-02-07 21:01:43,2018-02-07 22:05:29,2018-02-08 19:15:04,2018-02-09 17:22:00,2018-02-23 00:00:00
57e17fb636b56e67ea9a40c9f2a02527,516b06c0275049f206f61eafe4445719,delivered,2018-08-01 19:10:07,2018-08-01 19:31:33,2018-08-02 12:35:00,2018-08-06 17:12:19,2018-08-14 00:00:00
bb36ee4537bf2692447d8cbf50cf6c11,04d52731fefc328bb6ece40f6cbdd685,delivered,2018-03-08 09:45:38,2018-03-08 11:40:24,2018-03-19 19:47:49,2018-04-05 10:51:53,2018-03-26 00:00:00
a992886b2689bf77a10ee24fb661d3c8,bfcd6bdf7c82235d200a912a7b307d90,delivered,2018-03-21 18:53:46,2018-03-21 19:08:29,2018-03-22 19:07:23,2018-04-16 12:51:48,2018-04-11 00:00:00
0805ef7875f007ad8ae7f5179c939667,479ca8d1cff55ed96a8668fbcad81524,delivered,2018-03-26 11:24:53,2018-03-26 11:47:50,2018-03-27 02:04:42,2018-04-23 15:22:02,2018-05-02 00:00:00
fd1b1552b93d46b554afde387322f286,0910534b4858183e4e325e020ee37a56,delivered,2018-06-09 09:59:35,2018-06-09 10:17:34,2018-06-11 15:22:00,2018-06-12 19:12:45,2018-06-20 00:00:00
97fbc461636de20246c51830ff77b05a,4829c10fe18b25501761fb10680827e8,delivered,2018-05-03 21:34:05,2018-05-04 15:33:18,2018-05-07 11:11:00,2018-05-14 17:06:51,2018-06-12 00:00:00
bf29bb776556e9880bb6b24b8e9ec434,ed7ea148da163f92ae8d98e8d07d122b,delivered,2018-02-03 19:36:46,2018-02-04 22:29:22,2018-02-05 16:12:38,2018-02-17 14:29:10,2018-02-21 00:00:00
3474f0d4ad10782520a12008a9598dac,b446f1e99726af80d3f5f45e3d4a876b,delivered,2018-03-26 06:52:33,2018-03-27 04:10:25,2018-03-27 18:58:27,2018-04-02 20:33:57,2018-05-08 00:00:00
cd472c4843f0157551fb2c99b21d3786,32aea1e0da2cb689dcf847a444bf252c,delivered,2018-03-01 19:06:30,2018-03-03 02:35:36,2018-03-05 20:08:07,2018-04-23 18:52:41,2018-04-05 00:00:00
f12927715bcaf69f662d9343c1b49b00,a51b93f7b634c730a36fe97e1eb23d8d,delivered,2018-07-18 23:18:43,2018-07-18 23:30:14,2018-07-19 15:57:00,2018-07-26 22:03:37,2018-08-06 00:00:00
9ecc63b839c404ca47e48f1af1f54702,269fe9714fd6a436d8394d573318d2d2,delivered,2017-03-03 23:17:53,2017-03-07 16:55:13,2017-03-08 08:35:29,2017-03-11 08:53:37,2017-03-24 00:00:00
c84b66bfc6edd6b56325d5342ec421a0,1adbc5f1d585ff6b016adb7627272d0f,delivered,2018-01-30 15:26:08,2018-01-30 15:52:36,2018-02-02 03:09:00,2018-02-05 17:52:21,2018-02-15 00:00:00
b5b143bb15757cfbb8c5f447e4586940,3ca12a51d893d20d10c81d3ed566c391,delivered,2017-08-22 07:41:18,2017-08-22 07:50:09,2017-08-22 18:04:39,2017-08-29 21:19:10,2017-09-15 00:00:00
bca5631d3061da1301ceaf05bbf83e69,b495342c6062ac187cb872e2071a32c0,delivered,2018-03-26 21:22:33,2018-03-26 21:35:10,2018-03-28 22:59:53,2018-05-05 04:57:39,2018-04-13 00:00:00
284ffa157b684f496366615a6ba3201a,782da48634bfc38ff47f2048dec76ca2,delivered,2018-06-07 13:20:57,2018-06-07 13:39:00,2018-06-07 14:08:00,2018-06-11 18:20:49,2018-06-26 00:00:00
62059211790cf7661fe10443c75e8f17,f6750e31bcac8ebead3685be804fd3d6,delivered,2018-03-02 22:34:15,2018-03-02 22:55:29,2018-03-06 00:26:42,2018-03-15 21:28:35,2018-04-09 00:00:00
cb8372ec4562008e6648acf4fa8b81c7,5f1f934f0527b0822763ecfc7a918ca7,delivered,2018-08-15 14:02:53,2018-08-17 03:09:55,2018-08-31 14:53:00,2018-09-03 15:36:49,2018-08-22 00:00:00
415f2ac1a1d977ad1f20427eec4c62ce,32af69248ec49894dc764dadab140179,delivered,2017-04-24 19:58:33,2017-04-26 09:36:17,2017-04-27 06:18:09,2017-05-06 11:42:42,2017-05-15 00:00:00
0c7ea5e6e467f13639db3b35dcc316b9,0ca30ecffdf9576a1fd10f70b32c5cf9,delivered,2018-01-08 09:32:39,2018-01-08 09:48:14,2018-01-11 22:20:41,2018-01-16 16:18:15,2018-02-05 00:00:00
4a8850f69928d666a410ca68a461f867,8eefb8b1c149c2ed80d2157087c68fb9,delivered,2018-03-02 09:46:35,2018-03-02 09:55:26,2018-03-08 20:11:38,2018-03-14 19:38:47,2018-03-23 00:00:00
07bca5c8ae457c75c959c5e26fc04e3f,161e0409100c9e6de6bfd16b211b33ca,delivered,2018-05-13 14:40:33,2018-05-14 19:58:09,2018-05-16 13:44:00,2018-06-04 15:02:29,2018-06-05 00:00:00
0fbebd49386dfce3800986434bc990c8,a61a8a7ac65e21e8b19eb23204cd9a42,delivered,2017-04-21 16:28:11,2017-04-25 07:55:51,2017-05-09 10:34:29,2017-05-23 11:27:19,2017-05-29 00:00:00
fbea6a49d91331a6874627ab4aca845f,6c071d9c8b7a81a768515d6b5baf8941,delivered,2017-08-14 10:35:38,2017-08-15 03:35:27,2017-08-18 20:33:49,2017-08-21 20:51:43,2017-08-25 00:00:00
b7a9713d1c8b02fbefa580bd0edc2756,b195e38bf691c3171e5861b9c431f4bf,delivered,2018-05-12 23:35:49,2018-05-12 23:55:54,2018-05-15 10:19:00,2018-05-18 16:16:37,2018-05-29 00:00:00
fac467ce69a8abb815d930471940d06f,6e5c7b7fe2218d9a1625b8f6c4021c3b,delivered,2018-08-06 14:22:04,2018-08-06 14:35:22,2018-08-07 14:49:00,2018-08-10 15:07:48,2018-08-16 00:00:00
d21ad12ba64a2a372a9f78c1bcd003e6,af969b5850969637f9e5c4ab94f88107,delivered,2018-02-21 11:15:44,2018-02-21 12:15:30,2018-02-26 17:17:20,2018-03-13 22:41:18,2018-03-26 00:00:00
0a84b71d2fd93eeae49d3149a3e08003,f21fdacae3273ac85cc6e33919cae43a,delivered,2017-11-28 21:47:50,2017-12-01 10:31:42,2017-12-01 21:12:14,2018-01-09 18:28:48,2017-12-19 00:00:00
23668eb221a7b13ecb9e591f262e977b,045103dd48f804644731c10cfeaab4ae,delivered,2017-06-28 10:20:58,2017-06-28 10:35:09,2017-07-01 08:32:51,2017-07-20 21:55:05,2017-07-31 00:00:00
00c00d5b36157595e21108ba1da2828f,2b27fae969b7d2bc173e466a742e50c6,delivered,2017-09-11 19:35:48,2017-09-13 03:25:43,2017-09-28 13:11:45,2017-10-04 18:14:24,2017-09-27 00:00:00
d155a1a261652fa30114d2b6c6373e21,2799559b8170172643a117e4d2923125,delivered,2017-12-02 21:17:32,2017-12-02 21:40:46,2017-12-06 00:05:59,2017-12-17 17:34:57,2017-12-29 00:00:00
7658a7ef580794d45508695d05ba90cc,ab3be1e360ea3b56b14b099cd4760615,delivered,2017-12-21 21:44:06,2017-12-23 02:15:30,2017-12-27 00:37:55,2018-01-18 00:33:30,2018-01-29 00:00:00
6009e92e3138b7db82c677226459416a,207c75901aa0706e1a4709359a6e4e00,delivered,2017-09-13 12:52:01,2017-09-14 02:45:36,2017-09-19 19:21:17,2017-10-02 17:29:10,2017-10-09 00:00:00
eb663148871943b62e1729add83f8051,ddd53690849f9dbc6f720f503fb37d3f,delivered,2017-08-12 15:42:33,2017-08-12 15:55:17,2017-08-14 19:40:00,2017-08-22 18:59:09,2017-09-08 00:00:00
c67741bd4d11de0a38dd4b3947612f70,e5640b8b65bb7e42d7452ef9f82aba5e,delivered,2018-04-07 13:42:38,2018-04-07 13:55:18,2018-04-09 18:29:50,2018-04-10 19:41:57,2018-04-19 00:00:00
988b9c003bf679e9c005ddc75d4567e7,26461ffe192531fc2d31446b79c8bcb1,delivered,2017-09-15 11:21:33,2017-09-15 11:35:26,2017-09-15 18:46:46,2017-09-21 20:40:25,2017-10-04 00:00:00
57c33fcace2177cbe5a1a1b7295434b6,11ceac611dc7103469eb991bd453fee3,delivered,2018-06-24 20:00:22,2018-06-24 20:16:27,2018-06-28 14:42:00,2018-07-03 14:28:47,2018-07-25 00:00:00
375fd64923cdf29ddd54724395e80b69,82602246a1f4807a352295050e4eb4d0,delivered,2018-07-10 17:05:11,2018-07-10 17:32:18,2018-07-26 15:10:00,2018-07-31 16:03:08,2018-08-14 00:00:00
42746b2bd175a9a00d415b3bb3393067,82b894756246835dcfe03708d3ab53f9,delivered,2018-06-08 13:58:30,2018-06-08 14:47:17,2018-06-11 14:51:00,2018-06-18 21:28:22,2018-07-04 00:00:00
5008f69eb2ec85becc94d3a1c1918af5,80f5a59072be0a806e82821201438e87,delivered,2017-11-26 14:58:18,2017-11-26 15:14:23,2017-12-01 19:56:51,2017-12-20 21:14:09,2017-12-22 00:00:00
6c682aa3032d2639e12a64b3c2a907b7,deaa5dd4f21cf2d8741e476989fe7d5d,delivered,2018-02-12 11:51:43,2018-02-12 12:05:31,2018-02-14 23:34:30,2018-02-16 23:41:59,2018-03-08 00:00:00
0e5dcadb0c33c96bd4c6573929a80d9f,b0da2ef21288c6af3939878c7bdd63ce,delivered,2017-06-24 13:30:08,2017-06-24 13:43:20,2017-06-26 14:16:45,2017-07-12 19:03:57,2017-07-20 00:00:00
17763f2297211e949e3925cfb2d30cdb,d85c42879d38fe0dbe78857952b04fc8,delivered,2018-03-12 17:24:54,2018-03-12 17:35:55,2018-03-15 17:18:38,2018-03-26 14:33:19,2018-04-02 00:00:00
c6b0115592f584f15795ca244bd83fb2,b979a7dda393bdbbf2aabff02dc14a25,delivered,2018-06-21 13:33:43,2018-06-21 14:00:10,2018-06-22 13:47:00,2018-06-27 14:37:30,2018-08-13 00:00:00
79bf72439e98b57a6f36b8ef0fcaea93,5f3487c31d0fe9c66b79c1cff28da081,delivered,2017-08-27 22:38:42,2017-08-27 22:50:13,2017-08-31 14:56:07,2017-09-14 23:28:58,2017-09-21 00:00:00
db47a089bc272d77b480a33e5286eaf5,0e573a1ab586da9a67c1589a2c95a4b4,delivered,2017-07-04 16:18:59,2017-07-05 16:10:19,2017-07-07 19:53:41,2017-07-18 19:25:40,2017-07-26 00:00:00
c7b81b11d2fbb30b6e215611ff0fdf15,ee07f61d1dc8259e953fdc1c6237dcd6,delivered,2018-01-11 19:17:22,2018-01-11 19:28:18,2018-01-13 02:38:52,2018-01-15 18:16:49,2018-01-26 00:00:00
e93c226c60a57236abb9d0962b440be9,e9229af15bf52bb68f6fe8e17f09febb,delivered,2017-11-27 17:00:34,2017-11-27 17:19:56,2017-11-28 22:38:36,2017-11-30 23:42:07,2017-12-18 00:00:00
7cf83f7bc784d9fe6e59f25a3a303011,b41037cbbe6921b1888cecdda2002a25,delivered,2017-11-21 08:09:01,2017-11-21 08:19:21,2017-11-21 14:51:56,2017-12-09 16:19:01,2017-12-08 00:00:00
a3df0981c7418c75ec3e64bcbaf4b82c,49bfff17c9d66763eb474bce40c414fc,delivered,2017-11-24 00:28:30,2017-11-24 00:57:10,2017-11-24 18:09:19,2017-11-30 19:18:36,2017-12-11 00:00:00
bf441b5e92c73361e0b414a864240628,cbae00cd725562e4b8d96b9b464545c7,delivered,2018-08-21 23:40:28,2018-08-21 23:55:13,2018-08-22 15:47:00,2018-08-27 23:42:36,2018-08-31 00:00:00
0c72cafc6d5d60d98d052051a2b028ad,f3faad339b52d207bed5cfadeb6ae797,delivered,2018-02-27 12:33:38,2018-02-27 13:20:32,2018-02-28 19:16:33,2018-03-14 18:12:25,2018-03-13 00:00:00
64390314a38d7795bad0cd9fbbb8e9f0,b95b77cecfd29346ae834ad020686da5,delivered,2017-10-14 20:37:36,2017-10-18 02:58:50,2017-10-20 15:32:25,2017-10-25 20:48:50,2017-11-03 00:00:00
8a096b1a1ab9573d96ff53df946afc68,dcc28aa0d26b98f8c3d4d1e338fb05ac,delivered,2018-06-12 13:40:38,2018-06-13 02:36:40,2018-06-14 15:08:00,2018-06-21 13:04:10,2018-07-18 00:00:00
657453140a74ec1d5771142a82e09fec,dc7ad4861af267442ef03d5e90d983c8,delivered,2018-06-02 19:51:59,2018-06-02 20:12:22,2018-06-04 17:55:00,2018-06-06 13:38:51,2018-06-28 00:00:00
53d8a989f776f3331e1a763a0a294a45,21dd9b232d9d67acfca97fb54e200765,delivered,2017-09-13 22:01:03,2017-09-14 22:10:05,2017-09-15 16:06:01,2017-09-21 15:49:00,2017-09-26 00:00:00
23faa587ac06ba5f8c60fd65dd9ca88a,013e4fc1800b9973a92b450d18c4f658,delivered,2018-04-26 05:53:11,2018-04-26 06:11:11,2018-04-27 13:31:00,2018-05-09 22:58:55,2018-05-16 00:00:00
4d9d0b428174582a413b99766ffcb53c,dcde5d9823057e075bcad8edf118f4ff,delivered,2017-07-13 17:53:51,2017-07-13 18:05:19,2017-07-14 20:33:59,2017-07-20 21:13:21,2017-08-02 00:00:00
f5d6fb800f654ebb36a1fc03bed3fcc7,4b3a0c07244aff9a03ae48d687d3a4b3,delivered,2017-10-02 22:01:33,2017-10-03 04:28:21,2017-10-03 16:27:40,2017-10-16 19:13:38,2017-10-27 00:00:00
d799d9179d71dbb119be4733fa817085,2ec3c08e30b58b6ecb63f16a7e3d9802,delivered,2017-05-20 14:16:40,2017-05-20 14:30:21,2017-05-22 10:16:57,2017-05-24 12:13:47,2017-06-02 00:00:00
6d6f0c5bbf3fc7bbef3b260c1a8c89f8,e236ca0447927499f71f89d6a453e0b0,delivered,2017-08-30 15:31:33,2017-08-30 15:44:36,2017-08-31 17:25:18,2017-09-01 19:13:03,2017-09-12 00:00:00
ef02b499ada182fc2a48dd525cb062c0,8bd08da271c08b2d77b4184d4e5855f6,delivered,2018-07-18 21:21:02,2018-07-18 21:30:20,2018-07-19 12:31:00,2018-07-26 15:48:43,2018-08-08 00:00:00
be33f61fd2cab2493c81b0810b31da89,f9e408f34638e8fcbec8a3327142a164,delivered,2017-07-03 09:17:52,2017-07-03 09:30:16,2017-07-07 17:03:32,2017-07-17 18:47:07,2017-07-24 00:00:00
ab92a98bb35621bd312084351fb238f1,8f37b3503cd144af77f3c3728b465c5e,delivered,2018-03-25 22:30:05,2018-03-25 22:48:20,2018-03-26 19:58:53,2018-04-02 16:32:26,2018-04-20 00:00:00
80b9515e62b3dcb4da3c324967e6af86,9581e5cc4b6d9ea32cf3065424d42daf,delivered,2017-05-22 16:16:13,2017-05-22 16:25:10,2017-05-23 08:52:20,2017-05-25 15:55:33,2017-06-02 00:00:00
60bfb63930f066b16ee32b640d38c501,9690ae19fa23072cfcb90303086e261f,delivered,2018-01-22 15:55:00,2018-01-23 03:52:36,2018-01-26 13:57:51,2018-02-15 22:21:34,2018-03-07 00:00:00
526298482ad701ff69888f90db67ca2a,9e384de3e192c7bdc6ac25727a86e1d7,delivered,2018-06-04 21:49:07,2018-06-04 22:11:12,2018-06-05 14:10:00,2018-06-07 10:52:59,2018-06-29 00:00:00
71a911a3509a408b60846ed2e5f91e70,07bff5422f6f580b0ebc4efe3cdbbbd1,delivered,2017-03-29 10:31:33,2017-03-29 10:45:15,2017-03-31 12:12:32,2017-04-11 16:08:55,2017-04-18 00:00:00
fdcddeda3ae969ee81769e0b7eb9b9f9,9ce7393a237786a791d85a624b9707aa,delivered,2018-03-23 14:17:35,2018-03-23 14:30:46,2018-03-27 00:20:55,2018-03-28 19:14:44,2018-04-05 00:00:00
be189e2867578f53e85ff49f5a1b3e74,595754ee1af34ada07cf34e8013149d6,delivered,2017-09-30 16:57:37,2017-09-30 17:14:08,2017-10-02 22:22:03,2017-10-07 14:37:49,2017-10-26 00:00:00
7801e6ca1a15c062e68bd3c558df3d04,d624b24bc49f1d1564ae65d2bc15d1fd,delivered,2018-01-15 08:01:48,2018-01-15 08:14:21,2018-01-19 17:51:23,2018-02-05 18:37:41,2018-02-19 00:00:00
2dd30e05504d2714a28029f29ea95d80,895c0718eaf80a1be69a2b3c0ec144b6,delivered,2018-06-23 23:04:33,2018-06-23 23:39:16,2018-06-25 15:49:00,2018-06-27 18:03:44,2018-07-17 00:00:00
54a845f5cc0d3691277e4adfebd4a5bf,f13734396b2c9bb9b1a0f09803712833,delivered,2017-09-12 11:32:10,2017-09-14 02:55:21,2017-09-15 18:33:04,2017-09-23 10:20:12,2017-10-03 00:00:00
f0763474ff93b0e93e8c14322f0e2921,b847591bbb185e19b327768d78af5a2c,delivered,2017-12-17 22:50:47,2017-12-17 23:53:53,2017-12-19 17:24:41,2017-12-29 19:34:41,2018-01-18 00:00:00
70de580c254e6fc014c22e93c8c0708d,42a1099724d7b2c28cceef7328b874da,delivered,2017-11-12 22:07:37,2017-11-12 22:26:34,2017-11-21 22:32:34,2017-11-22 22:09:17,2017-11-27 00:00:00
fae7d09a1409bc2651c0caec24606c71,ad015d052809f72a00eff106b1e24901,delivered,2017-11-27 21:25:55,2017-11-27 21:39:21,2017-12-06 02:17:22,2017-12-14 14:29:33,2017-12-18 00:00:00
de38b62136dcb5ff40d44d807c460a8a,dce86563857a5b7113eb74dc94d07fce,delivered,2018-07-18 16:51:01,2018-07-18 17:05:17,2018-07-19 14:56:00,2018-07-27 20:02:30,2018-08-13 00:00:00
f55227c04af301a96c2c22eb6973d8e8,49896c657941c4194e824df727d59d6b,delivered,2017-08-16 13:22:22,2017-08-16 13:30:24,2017-08-17 13:43:40,2017-08-25 18:27:52,2017-09-08 00:00:00
d5ba8093739265fed17f69492c65670f,e28090b411dfb13f68d46862e014b9c7,delivered,2018-04-04 16:20:32,2018-04-04 16:30:42,2018-04-05 23:06:39,2018-04-19 22:03:17,2018-04-27 00:00:00
67475f71985adf5fc4111756430c2366,5fef5cebc61defff53af91f665b3913d,delivered,2017-10-05 14:28:05,2017-10-05 14:50:15,2017-10-06 18:30:00,2017-10-14 01:33:05,2017-10-24 00:00:00
adad66be45caa015d25e03ed17610197,570a608aee1a7a807a1cad82ee9ba9ad,delivered,2017-12-03 21:03:58,2017-12-05 10:30:54,2017-12-04 22:53:02,2017-12-10 11:56:50,2017-12-27 00:00:00
205fd64bd13038fe08ccceddf788336e,6d67ee4d82190aad1716cda46991ecef,delivered,2017-12-16 22:16:31,2017-12-16 22:32:29,2017-12-18 14:15:30,2017-12-20 17:39:12,2018-01-11 00:00:00
0cddb9a478d70a5651d1d36838974686,49fc491cda67a572a6fa17631b3ff033,delivered,2017-11-27 13:48:45,2017-11-27 13:57:25,2017-11-27 20:48:50,2017-12-06 21:54:53,2017-12-15 00:00:00
6ae79bd97f96c215a9711c79a6d7a192,4afb392089d90678ca8bbd2e397b98b4,delivered,2018-07-25 09:40:59,2018-07-25 09:55:19,2018-07-25 14:50:00,2018-07-26 20:02:43,2018-08-02 00:00:00
e775e2a68408d7fa3fc0297268f1abf4,fa0cae916a066784cefe40972350de64,delivered,2018-07-10 13:05:39,2018-07-10 13:30:53,2018-07-16 06:03:00,2018-07-30 20:41:49,2018-08-02 00:00:00
5765ed9564cf818bc7711494d656f86c,996f20401a511998f66f74f30cfda76d,delivered,2018-04-08 17:39:23,2018-04-08 17:50:21,2018-04-17 19:38:50,2018-04-23 18:21:58,2018-05-03 00:00:00
fbdda663869065b1521bf7be56191f6f,42b343409a90819f39c38275dc06bed0,delivered,2018-01-31 12:20:13,2018-01-31 13:50:05,2018-02-02 22:05:50,2018-02-14 20:33:25,2018-02-26 00:00:00
abd273cdcd250f53a125d77e6798e0d1,7552d6beabc937e96acf4875b7482344,delivered,2018-08-08 17:46:09,2018-08-08 18:04:58,2018-08-10 16:02:00,2018-08-17 13:05:44,2018-08-29 00:00:00
91256287c54349812a38220b628d3c10,df29a9f0f42d3c7c086c7fa0edcb6639,delivered,2018-02-27 22:57:44,2018-02-27 23:10:32,2018-02-28 20:15:58,2018-03-15 19:20:59,2018-03-23 00:00:00
b2ad7cad7381ae63e968c60fa8f7f7a2,8ae4f6962420bf836509d9a57f4f81f7,delivered,2017-08-01 15:09:57,2017-08-01 15:35:41,2017-08-02 20:32:57,2017-08-03 18:13:49,2017-08-14 00:00:00
075024c4910bd35a5d251813d59009cd,b1a5afc135d86a079003163cf95cecaf,delivered,2018-03-25 14:00:57,2018-03-25 14:15:35,2018-03-27 00:42:09,2018-04-09 22:42:30,2018-04-18 00:00:00
6041616fca20babe9d45128ecc8d3b4a,f0e91584927a813fa67a5dfdecb200a0,delivered,2017-10-17 16:50:59,2017-10-17 17:37:16,2017-10-19 21:17:26,2017-10-25 22:04:16,2017-11-03 00:00:00
4517217f6929827c965b96a34e5ffbaf,70a5b820e30473ee4c953690ffd53729,delivered,2018-02-19 08:33:20,2018-02-19 08:46:30,2018-02-20 22:27:05,2018-02-28 16:42:18,2018-03-12 00:00:00
5adbe48c338c130733d09677efb8c0df,d8ff2b62871d3aba6e62517b01e4871e,delivered,2017-04-18 20:49:50,2017-04-20 02:55:26,2017-04-28 14:44:58,2017-05-12 15:15:43,2017-05-24 00:00:00
14325b030357956fe06c611e432d7e04,f1497d68a89361282297041502917ad9,delivered,2017-06-28 17:19:52,2017-06-29 02:50:17,2017-07-03 08:43:41,2017-07-10 14:33:42,2017-07-27 00:00:00
41dc44532d1b2b25698cd55dadb1b99b,acca6ecacf8197a805351a48b3f7646d,delivered,2017-11-21 15:43:12,2017-11-21 15:52:28,2017-11-22 21:56:55,2017-12-07 15:34:59,2017-12-14 00:00:00
a98f79318168a3b20eca9c4530909f49,9d49beb924f367539805cfc5edf5330f,delivered,2018-07-11 21:17:27,2018-07-12 12:45:48,2018-08-09 13:32:00,2018-08-10 16:58:46,2018-07-27 00:00:00
ec7cf5f129c87b44a31239380516ae8c,6173b3b1c87bc8c813683822b06149b2,delivered,2018-07-18 13:06:44,2018-07-19 02:35:14,2018-07-19 12:02:00,2018-07-26 17:54:38,2018-08-02 00:00:00
a864be64d69bd7d14232006b22b17f96,bdc8cf249438de5d2f2d03ea0ac67a28,delivered,2018-07-15 07:54:38,2018-07-16 08:07:12,2018-07-16 12:35:00,2018-07-27 20:52:55,2018-08-08 00:00:00
7a398cc355d3a1a2d9101b5879b40cc8,3b15b0cbdffe0ee28c3f94e5adb5b9c9,delivered,2017-04-17 08:51:56,2017-04-17 09:02:16,2017-04-17 15:44:01,2017-04-20 14:51:55,2017-05-08 00:00:00
9edc1ee4f1a91ef8a52902a4d4c9ad79,2dea3eaf6af891a8185552a24a2575b0,delivered,2017-08-08 13:50:29,2017-08-10 03:23:58,2017-08-11 17:04:18,2017-08-25 18:24:03,2017-09-01 00:00:00
b31c6094960eb242c3513d619998cb6d,bb51ca7550fb2d6d3c9013fcacbca5b2,delivered,2017-06-17 22:38:23,2017-06-17 22:50:08,2017-06-19 21:14:59,2017-07-10 17:44:56,2017-07-12 00:00:00
5ee1e8b9ec2a16618f25fce5407f136b,31ea43aa4d2a91c8a07ac6ed7954db28,delivered,2018-02-28 19:39:46,2018-03-01 02:48:49,2018-03-02 01:28:41,2018-03-20 21:28:40,2018-03-22 00:00:00
df14f6645d1232e2c0e88fd8566e0a87,4baab2b6b4a4953c559534cf576b7797,delivered,2018-01-06 10:54:08,2018-01-06 11:07:45,2018-01-09 00:57:55,2018-01-15 22:26:11,2018-02-06 00:00:00
783063a2c412e7e731cb43a35fa4b8b1,2436c5b46db0d157f45742885ea3e8ba,delivered,2018-07-27 17:29:41,2018-07-27 17:44:28,2018-07-30 14:27:00,2018-08-06 22:00:24,2018-08-17 00:00:00
a13f2110ae8bab95d529304f3b2dbbc1,94e1e12a3d64d14c81f0058db88d2cdf,delivered,2017-11-01 17:47:09,2017-11-01 18:31:01,2017-11-06 20:09:20,2017-11-18 12:27:49,2017-11-22 00:00:00
5a85ba245a3a3bcb21334e761e0ef1a2,25a7aac1dd876892549320c943a19160,delivered,2017-09-16 19:56:51,2017-09-16 20:10:16,2017-09-18 21:07:28,2017-09-19 17:33:21,2017-09-28 00:00:00
755c4aa4960614ec096601363b0ea48d,7cdc0c381865ebea439a62b1e014176d,delivered,2017-05-24 09:28:49,2017-05-24 09:42:27,2017-05-26 17:55:39,2017-06-05 15:20:00,2017-06-22 00:00:00
880769ba72966e66d6e8e1f1152a0d36,7742c0111a713083af57f1c9961023d5,delivered,2018-06-10 16:14:03,2018-06-11 16:31:49,2018-06-12 17:05:00,2018-06-19 16:55:40,2018-06-29 00:00:00
e56a1cb152fd9b915de07e0f4f5b462b,1f468c5a64641a32137d557ade625dbf,delivered,2017-09-06 09:52:56,2017-09-06 16:05:18,2017-09-11 19:27:45,2017-10-05 19:03:52,2017-10-17 00:00:00
47d8487055416af863e81cb7f28f4f19,3d4750ef71b9c11bc21110cdde4cbda2,delivered,2018-07-31 13:07:37,2018-07-31 13:24:33,2018-08-02 08:37:00,2018-08-07 14:41:38,2018-08-14 00:00:00
faf170a7180f21b40983f2581c31270a,939d90676bf5387c6e87a81701a9250a,delivered,2018-08-16 22:18:07,2018-08-16 22:30:07,2018-08-17 14:56:00,2018-08-24 18:39:03,2018-08-28 00:00:00
8c4c737b202bd8dcdaa2336b54e99dc7,bb5fc199a7fb4028471dc5325587f0aa,delivered,2018-04-10 14:22:03,2018-04-10 14:35:09,2018-04-13 21:04:40,2018-04-17 09:41:57,2018-04-26 00:00:00
1e359230c99e4510d4ce63375b5c7f72,c1052e49e04a1371d071dd1c045854a5,delivered,2018-08-18 16:25:47,2018-08-18 16:50:09,2018-08-20 15:31:00,2018-08-22 12:34:37,2018-08-24 00:00:00
5cebbdc79fff7c3b78bfffdf98c939ea,5eadcc1d6eb34d9462abb443e253456e,delivered,2017-11-19 17:04:20,2017-11-20 07:10:26,2017-11-21 15:21:09,2017-12-01 18:54:38,2017-12-22 00:00:00
f42de7e48a0daaa613b8aa877942800f,4f9cf399a95d0c449f3f799e1798f303,delivered,2017-11-26 23:03:58,2017-11-28 03:43:32,2017-12-01 21:59:37,2017-12-20 18:28:21,2017-12-21 00:00:00
4dc5ab28582ada8b30536d03787d2d12,51bc3a624e87dcb0265641071f4b988e,delivered,2017-10-29 02:18:30,2017-10-30 21:31:36,2017-10-31 22:51:14,2017-11-07 21:17:05,2017-11-23 00:00:00
799be3792f7db4e84ead1a2eefccd1b2,74d841cb5ec776ad34ebc824ad9906ce,delivered,2017-03-07 23:21:25,2017-03-07 23:33:21,2017-03-08 12:05:19,2017-03-10 18:10:13,2017-03-24 00:00:00
b8433dcc9c5745016d68b7ed9087e3a0,dd3699c2c959c88bba5adfe97bc6331a,delivered,2018-06-10 13:40:10,2018-06-11 09:11:55,2018-06-12 12:30:00,2018-06-22 18:15:43,2018-07-16 00:00:00
895ab968e7bb0d5659d16cd74cd1650c,270c23a11d024a44c896d1894b261a83,delivered,2017-08-08 20:26:31,2017-08-08 20:43:31,2017-08-10 11:58:14,2017-08-14 12:46:18,2017-08-30 00:00:00
5bb486f174563e721db5e7ba3ecd4fdd,6279699ddc44b1e242aeae46bdee5ee7,delivered,2018-01-31 23:38:13,2018-02-02 02:55:54,2018-02-05 15:49:55,2018-02-15 22:46:46,2018-02-26 00:00:00
100ad9dbc9d9b325495758270807e3aa,c6afc87168ed229907f48e0b57f79ff4,delivered,2018-02-16 14:01:10,2018-02-16 14:15:25,2018-02-16 22:58:58,2018-03-14 20:32:49,2018-03-15 00:00:00
0de2d81b96096126e5ac518128fb3daa,a14af00d694fedfdeb12c634c16b910e,delivered,2018-03-12 09:49:26,2018-03-12 10:55:39,2018-03-12 22:10:39,2018-03-15 15:46:44,2018-04-05 00:00:00
60a30f7ea15c14582856b8ae771be976,6379411be2963d9a38b9741ada4a016f,delivered,2018-06-15 22:42:09,2018-06-16 22:36:18,2018-06-18 08:13:00,2018-08-10 21:52:37,2018-07-11 00:00:00
fa8bc976c444fee300429c2465aa1842,b3ddf00785df5fa8baa46f6e32152164,delivered,2018-02-11 14:07:50,2018-02-11 14:25:25,2018-02-14 21:27:16,2018-02-16 20:16:33,2018-02-26 00:00:00
b4d7995506859f96187970c8275ee66c,e019c5cece8b3842ed7335d88bdab190,delivered,2018-07-16 16:08:54,2018-07-16 16:20:31,2018-07-18 12:05:00,2018-07-26 14:44:33,2018-08-15 00:00:00
fad93ddceb5b210f71589b1e9258a110,2822af661614ee97360679a39de22690,delivered,2017-02-11 11:59:05,2017-02-15 11:31:58,2017-02-17 13:50:53,2017-03-02 15:34:28,2017-03-14 00:00:00
900701305cbfcd012076fb429e5affe2,3b3fa5f6633390f93ebe4245e60d757e,delivered,2018-02-06 15:21:40,2018-02-06 15:30:30,2018-02-07 17:43:18,2018-02-16 22:13:58,2018-03-06 00:00:00
cd1fd3d0c575167477e03169f9198518,e23dba10288e2e2038f508163937888c,delivered,2018-05-08 17:02:54,2018-05-08 17:15:30,2018-05-11 11:57:00,2018-05-23 18:24:58,2018-05-29 00:00:00
cbcad9f5b09ead6b9ae965fd9f598ba8,b65b5017b8e86bde50b8930ed0958286,delivered,2018-02-16 09:01:38,2018-02-16 09:35:26,2018-02-16 18:57:32,2018-02-27 23:09:26,2018-03-14 00:00:00
37e1d9b8fc877b2c60bf51d2c4d8dbc6,59d688a4ae12c26301c19fc90cc15ce2,delivered,2018-01-03 19:28:12,2018-01-03 19:35:24,2018-01-04 20:10:04,2018-01-09 19:27:56,2018-01-19 00:00:00
19ef6de262591218648e1765adedad1b,2330ffa20d212f25e10df7dbe39a0648,delivered,2018-01-10 10:38:13,2018-01-10 10:49:34,2018-01-16 22:29:33,2018-01-23 22:33:37,2018-02-16 00:00:00
291d343dc236d7dd2466e052890f5fc1,26bf6f4f31d4aa89d55361a4c322bb85,delivered,2017-11-08 14:52:32,2017-11-08 15:07:57,2017-11-09 15:28:26,2017-11-10 18:19:37,2017-11-22 00:00:00
6bcf3c377d6129005ea42c8a6a635077,4611b9b3d9204fa20d52d332bf042669,delivered,2017-04-26 11:19:47,2017-04-26 11:35:11,2017-04-27 13:39:47,2017-05-05 17:56:04,2017-05-24 00:00:00
33dea0203a24cd38fb9a7f8ee4bbe0ee,814cd71fa02d9328b0c1a0b4ab0b433c,delivered,2018-05-12 13:17:58,2018-05-12 13:32:07,2018-05-14 13:56:00,2018-05-15 18:42:22,2018-05-24 00:00:00
1dfc0bd3006c0dce1dd6e418bcb00413,3843923b2d53588c593c6f4afe05976b,delivered,2017-12-20 15:36:44,2017-12-20 17:12:28,2017-12-21 17:35:11,2017-12-27 20:34:10,2018-01-18 00:00:00
ed41c1516f84bad938d8f086a1503029,63561178b68e85f17c3f280ac891ea56,delivered,2018-01-22 13:43:00,2018-01-22 14:26:19,2018-01-25 18:10:08,2018-01-29 18:47:40,2018-02-06 00:00:00
2dd40e76f5720434aa1540eb92620584,86e6655319952985e01892337ab48767,delivered,2018-02-04 09:47:03,2018-02-04 09:55:25,2018-02-05 22:22:24,2018-02-26 16:43:35,2018-03-01 00:00:00
c4c3e8d7834453acd59e70aee27a0b98,1d8e908dbcf6b493ed983a1b8a03a7c6,delivered,2017-07-13 00:19:44,2017-07-15 03:34:42,2017-07-18 11:37:36,2017-07-21 18:57:31,2017-08-07 00:00:00
62c16e40e8cd43ca10fef5eadfc2d11f,4dee81b9fa9d2d25ed3ba1829f101c95,delivered,2017-05-06 21:49:07,2017-05-06 21:55:18,2017-05-09 07:25:56,2017-05-11 13:37:55,2017-05-29 00:00:00
67e871df7739d67a0a128b9e66a3620b,70f0328572afff623d74793061ab48c9,delivered,2017-12-21 23:56:54,2017-12-23 02:18:27,2018-01-02 21:33:09,2018-01-09 18:39:11,2018-01-17 00:00:00
c4137876fee1440e24c08bb5921c0932,b6cccdc0fd62400b5b78915d061edc76,delivered,2018-03-16 01:25:36,2018-03-16 02:45:50,2018-03-21 23:48:32,2018-04-02 18:18:24,2018-04-05 00:00:00
20964c77d7bb845d228094e71ea28101,e91867593d78b02be5eb7163b8c295c8,delivered,2017-12-01 10:46:22,2017-12-01 12:31:39,2017-12-05 21:21:49,2017-12-18 21:34:39,2017-12-29 00:00:00
c51ac157d012284a7dae95487ebcc6ad,5cc51e6ea1924baaac699d04adb7f3f3,delivered,2017-11-14 22:19:50,2017-11-14 22:31:07,2017-11-16 22:16:45,2017-11-21 21:07:50,2017-12-04 00:00:00
732b59a6f2d05d4b23beade8d0a16a0d,3295b1d78b7c28090e18c60e726359ce,delivered,2017-10-24 12:34:29,2017-10-25 13:06:06,2017-10-27 18:17:01,2017-11-09 14:32:57,2017-11-14 00:00:00
6cad8647b638219c1df923544cc5aa0c,f7f386a18c04859490d4df0b71867ca9,delivered,2018-04-18 08:19:38,2018-04-19 02:32:08,2018-04-26 11:13:00,2018-05-04 17:57:31,2018-05-15 00:00:00
9cee74c9ff8a65e8903b7435dd058557,a13300c8bde6ece2e8e5155ddb4b62ec,shipped,2018-01-05 10:59:28,2018-01-09 07:16:41,2018-01-10 19:43:53,,2018-02-05 00:00:00
d3b73e2ef2f6499b266d6ff81ac7efa6,85403284bf01b8188132debd736476ed,delivered,2017-06-27 18:33:21,2017-06-27 18:45:19,2017-06-29 15:34:51,2017-07-19 17:27:05,2017-08-01 00:00:00
6c575369cec00e2f8bd918f14c1fc0fa,e54be54478f9ab15a21905c126060639,delivered,2017-11-26 23:58:24,2017-11-27 00:18:31,2017-11-28 18:51:56,2017-12-19 14:13:52,2017-12-28 00:00:00
1ca88ffec09fd363aa4aa1cb994c851d,012890b678dffa039b23707633b2eff3,delivered,2018-03-10 20:04:20,2018-03-10 20:40:22,2018-03-12 17:32:58,2018-04-03 16:16:34,2018-03-29 00:00:00
dd4d68bbd3083ae0ee1f51019cffc924,2dfdcbb5e15acdd672fbb17cee980938,delivered,2018-01-26 23:16:13,2018-01-26 23:31:37,2018-01-30 22:24:08,2018-02-06 19:35:08,2018-02-26 00:00:00
5394df5f572a529d916abd5272d0bb13,7dd5c1566fc89f51e10d018c551e43e8,delivered,2018-07-04 17:33:01,2018-07-05 16:24:48,2018-07-05 14:37:00,2018-07-06 12:51:11,2018-07-17 00:00:00
7e472035214881a3939517a7d4e766a8,d5f9198f26562d9150d2480290e7935f,delivered,2018-03-25 16:43:44,2018-03-25 16:55:48,2018-03-26 19:02:34,2018-04-05 21:18:48,2018-04-20 00:00:00
5d245c97223bf9ad03cb5568dba7ea7f,734f171dd5a2ff5e2a21ac1dbb163b28,delivered,2018-05-16 09:35:16,2018-05-16 09:57:10,2018-05-18 14:11:00,2018-05-23 18:32:46,2018-06-07 00:00:00
b6f5e3bc6360fbc485ff34695b7b3fdc,88b4ee07501ad4605dc58366d31f09d3,delivered,2017-09-02 16:43:04,2017-09-03 17:15:11,2017-09-08 16:46:27,2017-09-09 13:08:52,2017-09-15 00:00:00
207fcb4ce4deeff5a3ec9db8f38acff0,b94acc6de36401e0d0bb861e6d196101,delivered,2018-02-01 18:38:24,2018-02-01 19:37:33,2018-02-14 17:35:56,2018-02-23 15:34:00,2018-03-12 00:00:00
4174ab02f93138dbcae799299d390233,d15fcd763b3fe576eeff22682ba06302,delivered,2018-05-02 12:17:02,2018-05-02 12:33:45,2018-05-22 10:34:00,2018-05-24 16:22:30,2018-05-15 00:00:00
35aade410488cc865a183d6a7fa637eb,9243444883a2537b2d21cf2b9568bb00,delivered,2017-02-05 11:56:43,2017-02-06 06:50:18,2017-02-08 11:03:52,2017-02-16 13:45:56,2017-04-07 00:00:00
5b6d41acb7c2e60bf82df4d27888b501,11aa23a0db30e8c0c0613ad79f753134,delivered,2018-05-25 19:55:32,2018-05-25 20:17:29,2018-05-28 13:58:00,2018-06-06 11:28:30,2018-07-03 00:00:00
8c7304b887c62d8b229df046f90e44f4,0519861eea334b9c63211d1a02c1a484,delivered,2017-12-05 13:59:56,2017-12-05 14:31:04,2017-12-06 03:51:56,2018-01-05 13:22:39,2017-12-28 00:00:00
1d38bea3896f01c97d629d249f1c68ff,bc2d96d037549d343268fa67b34d2590,delivered,2017-08-01 17:13:41,2017-08-01 17:30:10,2017-08-04 18:12:16,2017-08-16 16:55:32,2017-08-25 00:00:00
dec898799672bf9d3c4930eac5026453,94a292b8351222b8c21609a7c1105ef9,delivered,2017-05-02 22:07:12,2017-05-03 15:30:15,2017-05-04 12:16:18,2017-05-12 12:38:28,2017-05-31 00:00:00
3442cdf3d4f80564a97d51c8894fbcda,5a55ee72b541ebbbb98e812653c31379,delivered,2018-02-15 10:22:14,2018-02-16 08:07:15,2018-02-20 09:48:54,2018-03-08 23:34:37,2018-03-09 00:00:00
3a83f1410163fa52e0679c788b31a039,8769df0587f504c9408b3d1a15fddbc1,delivered,2018-05-27 14:07:23,2018-05-27 14:30:40,2018-05-28 13:59:00,2018-05-29 11:08:22,2018-06-20 00:00:00
387620ec766797a584b7e92a41daad5f,8b35556f6dbc3bc6ec78ca09748154cf,delivered,2017-08-23 18:41:18,2017-08-23 19:15:19,2017-08-25 13:40:08,2017-08-29 20:37:46,2017-10-04 00:00:00
3169ea0ca9e7b527454873b4aa6e6583,66666db1d1d248143aa09864faf1d31d,delivered,2017-12-11 19:24:25,2017-12-11 19:32:19,2017-12-12 20:33:07,2017-12-13 18:35:10,2017-12-28 00:00:00
be97f88cbe71410f91432e2b3cacb89e,6f5267149fd1f8a2a32ac59ca1c17694,delivered,2017-05-14 18:11:07,2017-05-14 18:22:34,2017-05-15 14:38:55,2017-05-23 12:27:52,2017-06-02 00:00:00
20c8ecc3191ba43d600bcff60029c6b5,5a5113660da3d81c3e3df58328e166dc,delivered,2017-08-16 23:59:35,2017-08-17 02:11:56,2017-08-18 18:49:31,2017-08-21 19:03:02,2017-08-29 00:00:00
59f20ac0aae46d0940018c589d3571f4,4ad8853ad8108ecc6b8efbb445cde607,delivered,2017-11-20 10:59:38,2017-11-20 11:15:31,2017-11-23 18:23:01,2017-11-29 00:44:48,2017-12-21 00:00:00
2dee1b58f6f3c724427ad545adf6d5e4,1faa8235ed57dbf4adb767066a4c5993,delivered,2018-03-15 00:19:52,2018-03-15 00:30:25,2018-03-16 01:18:45,2018-04-25 14:24:45,2018-04-05 00:00:00
edc3e43c9acea4a673df5f0dec3d7051,8939553de56703df40f815afc4786730,delivered,2017-08-09 12:13:32,2017-08-10 12:10:26,2017-08-11 18:37:53,2017-09-05 19:49:03,2017-09-13 00:00:00
32510b081654e6d2e96fad5a6525660f,f773ad68c6d12ab39621c0c4ee7085ac,shipped,2018-05-01 22:20:33,2018-05-01 22:35:14,2018-05-03 13:19:00,,2018-05-25 00:00:00
ae348c74e571e34c44d0874b21087f71,85182f0b98c07d6648143d62ec4182e6,delivered,2017-09-17 14:12:52,2017-09-17 14:26:50,2017-09-18 21:27:48,2017-09-22 17:23:14,2017-10-04 00:00:00
992d2942e83c306157957d54bf84fa18,8cd8dcd00b3204df8a1d464ae879c8c5,delivered,2017-07-17 16:14:02,2017-07-17 16:25:21,2017-07-19 16:41:58,2017-08-22 13:40:06,2017-08-21 00:00:00
2788c37316cfd96e71107c07b22454c5,2992d82866eeba001e7a1099e552ce53,delivered,2018-03-08 16:46:29,2018-03-08 17:40:29,2018-03-10 00:04:14,2018-04-03 20:14:41,2018-03-29 00:00:00
a6401d6c8f6d0df7821a17a628c1f36a,d1fcef8497d8467278fbf8b1a4c980da,delivered,2017-06-05 21:10:43,2017-06-05 21:25:12,2017-06-07 16:16:35,2017-06-13 13:20:23,2017-06-26 00:00:00
5746305e595500896b4f6621e08a80aa,8a7bde5e3dd9bfeb5cb42f7eb432797a,delivered,2017-12-06 12:35:36,2017-12-08 12:32:33,2017-12-08 20:24:43,2017-12-11 13:39:20,2017-12-22 00:00:00
8a060d4d621f570de2264a68ad8b901c,51370d844d0f837eb086ae67290a35f1,delivered,2017-12-07 13:38:29,2017-12-07 15:30:17,2017-12-11 19:44:46,2017-12-22 21:44:25,2018-01-05 00:00:00
cae4fbb29fcef9ac16c59d7e70d167eb,f129bb049aea10d6b7850c6252cdced9,delivered,2018-01-24 12:05:29,2018-01-26 03:17:35,2018-01-29 20:08:56,2018-02-20 18:53:34,2018-02-22 00:00:00
4513bfce86e880a4bb2d4fe606045ca1,d4ca0e62bacadd1061d6198cee71847b,delivered,2018-02-27 15:39:57,2018-02-27 16:15:44,2018-02-28 19:43:36,2018-03-14 09:52:58,2018-04-05 00:00:00
3c6c89e079dd7a3a2b71fe55bb30bc08,69dd18b28ea33e04b65244e7089b33bd,delivered,2017-10-05 14:46:32,2017-10-05 14:56:20,2017-10-06 18:30:02,2017-10-17 20:24:56,2017-10-31 00:00:00
145795196f6224e4557aeca5cad2863f,10f785ba86bc0fdf97ffb919fc432181,delivered,2017-09-06 08:53:46,2017-09-06 09:05:48,2017-09-08 19:21:54,2017-09-26 21:37:36,2017-10-05 00:00:00
a91c3d9045c21f1f101bfc28c30fbef6,5fffdb430f630b75465a5d5dfd37ab44,delivered,2018-06-29 18:01:59,2018-06-29 18:10:43,2018-07-06 11:00:00,2018-07-13 12:11:59,2018-08-07 00:00:00
f5e257a07a64d671c3c8116ff3462886,62522e4bd83dc86c27a26e6bd3684f16,delivered,2018-06-20 08:53:38,2018-06-20 09:20:21,2018-06-21 14:57:00,2018-06-22 18:33:00,2018-07-03 00:00:00
0e0abe27977ea1d66568d6ee7d310217,f15f8e8e29f606f908de87a8f7ee14f9,delivered,2018-02-06 16:28:03,2018-02-06 16:35:40,2018-02-07 19:32:02,2018-02-22 19:33:43,2018-03-07 00:00:00
91866c79939321e63218d7b71b2b26f8,36ec1e0f44dd8a859548c2210b381e3a,delivered,2017-03-06 14:48:06,2017-03-06 15:02:57,2017-03-07 08:09:01,2017-03-08 18:09:17,2017-03-27 00:00:00
a97041e9aa36c525119520db08b537c1,aeec91875fccf4f111dfb8ebddb601c8,delivered,2018-08-15 20:53:10,2018-08-15 21:10:09,2018-08-20 07:37:00,2018-08-21 22:27:11,2018-08-20 00:00:00
15e281b810d3f48fd7f4e089ae5d25f1,b097adca864a599049d08d003ff5a336,delivered,2017-08-07 08:51:10,2017-08-07 09:23:49,2017-08-08 18:58:43,2017-08-21 20:25:56,2017-09-06 00:00:00
f19584f0d2c7cbccc05621c23dee5cb3,5b3d688af33ea2a6e1ccf9a205709a01,delivered,2017-10-12 11:37:18,2017-10-12 11:56:23,2017-10-26 15:23:40,2017-10-31 19:17:14,2017-11-16 00:00:00
86290fe54601847212ec62845fb027e5,456606904ed952111743e6ad4390a8ad,delivered,2017-02-24 14:45:14,2017-02-24 15:02:19,2017-03-03 18:54:08,2017-03-07 13:37:54,2017-03-21 00:00:00
02efbfba398618f44f8c4097d6822ddd,be5c813710ea1e34cc1fb13a9a50b49c,delivered,2018-07-25 17:31:45,2018-07-25 17:45:14,2018-07-27 14:47:00,2018-07-30 18:41:58,2018-08-03 00:00:00
3d500e622ba77dd0cc04cc8ccd2bb859,e2e73f564ad5b8cf837e18b273016983,delivered,2018-05-04 19:07:29,2018-05-09 14:30:59,2018-05-10 12:02:00,2018-05-11 20:59:06,2018-05-17 00:00:00
54d0bf2cd634845822e8b0c29f3834ca,c3d8c825f8b88801bcbd6034fd4e438b,delivered,2018-08-07 14:32:23,2018-08-07 14:45:17,2018-08-08 14:27:00,2018-08-16 16:13:39,2018-08-21 00:00:00
b17fd4c033b06e8d888de8ea6105ef9d,70457f70bccd93467cce328f6b3bb89a,canceled,2017-03-20 19:38:10,2017-03-20 19:38:10,,,2017-04-12 00:00:00
3bddb2b41050ba947411a0fc9143fcbd,7e6e52c237a37ca567ec907c3dc6a93f,delivered,2018-07-06 17:25:48,2018-07-06 17:35:11,2018-07-10 15:48:00,2018-07-13 21:51:47,2018-07-31 00:00:00
a78ac816235b4503a1af1b74fceb7a43,291d6844b59e2c397d3c5003a8bd709b,delivered,2018-03-19 14:12:42,2018-03-19 14:35:44,2018-03-20 22:24:48,2018-03-23 20:42:43,2018-04-05 00:00:00
2d5a437d439fb3aed1979b2e5f9f6b39,96996a5c71cc84a8d12774fcba1aba1d,delivered,2018-06-27 11:13:52,2018-06-27 11:30:28,2018-07-04 14:48:00,2018-07-10 22:56:23,2018-08-01 00:00:00
bdf323b540c69988c9baca5f74e4c3bc,deb5bcdd7bbe002ca0f1413592e2f23c,delivered,2017-10-12 16:40:49,2017-10-14 03:27:57,2017-10-16 13:48:00,2017-10-24 19:35:46,2017-11-13 00:00:00
10631633611fba698054772b43dc118c,087924f653ede8ac260c3d6cec755a4b,delivered,2017-06-22 14:03:48,2017-06-22 14:22:58,2017-06-30 09:44:44,2017-07-07 17:47:40,2017-07-14 00:00:00
82ff712171b40c35233edbee68ab03e5,7d23e001940aeb347af11359501cdeb8,delivered,2018-08-09 11:56:32,2018-08-10 11:55:11,2018-08-10 15:05:00,2018-08-13 23:07:46,2018-08-15 00:00:00
6f516d489f56fd8bc9d89e9e62c00d2c,1fa2b45910fbced4c773f679a75ae54e,delivered,2018-03-19 19:04:11,2018-03-19 19:15:28,2018-03-21 19:14:51,2018-04-13 17:58:41,2018-04-09 00:00:00
bded443ac67a4c815ca74ea219ad30e7,1a105b14b5e38a1fd4ad59c1aeace83e,delivered,2018-05-22 16:17:46,2018-05-22 16:57:47,2018-05-24 13:51:00,2018-06-01 19:52:38,2018-06-04 00:00:00
59de68e3ef040153cc9ea7978eaec149,267ab9426bea353f82ef7c5406d947c3,delivered,2017-10-12 23:26:41,2017-10-12 23:35:20,2017-10-17 16:53:38,2017-10-21 15:07:41,2017-10-30 00:00:00
e60892b75a62acf30d28e0423f8ba80c,aa6436a8b6c5ff6d1354f0a5ebf3169f,delivered,2017-12-08 17:59:13,2017-12-08 18:11:20,2017-12-11 23:42:28,2017-12-22 18:45:42,2018-01-12 00:00:00
ee27c5db38b1e5eba4ca12bbe0cef731,7e0b0aad493aeb53ac66ad26e9f83c5a,delivered,2018-05-06 12:03:57,2018-05-06 12:30:09,2018-05-07 14:28:00,2018-06-02 12:18:42,2018-05-25 00:00:00
6925682cc441a2514cd15f7f17ece7b2,0f067484e64242cf92f86c358300fc97,delivered,2017-05-24 14:10:06,2017-05-24 14:22:56,2017-05-25 10:54:42,2017-05-30 14:17:53,2017-06-13 00:00:00
35d5fa2dff695764ea7c3785b6679c6e,ccdb06d85ada20c9de4363bfc9816108,delivered,2018-06-04 08:53:48,2018-06-06 02:54:18,2018-06-06 15:28:00,2018-06-11 16:44:34,2018-07-17 00:00:00
a1ed33176c9eddd31601c69dfabab37f,08beb044c0172b237ad8f36fbff81652,delivered,2018-01-22 22:34:41,2018-01-22 22:55:38,2018-01-25 15:47:47,2018-01-29 16:18:27,2018-02-14 00:00:00
c56e40373799e9fb580a236fd5fc72a9,5d9ffaa41b4cbbe75aaa44cf0d5a8770,delivered,2017-05-31 10:23:38,2017-05-31 10:35:12,2017-06-02 14:08:46,2017-06-09 15:27:49,2017-06-23 00:00:00
4857ab4a4500b4de3c4bbf57b2e04789,fca23aa596e040551b4db9d6f46fde88,delivered,2018-03-26 16:17:48,2018-03-27 08:07:21,2018-03-30 00:19:56,2018-05-14 20:41:14,2018-05-04 00:00:00
d4e84d2279af74e9336d0c786d6abb78,f021ba337308a66cd38430a17cba2992,delivered,2018-06-04 17:00:51,2018-06-04 17:15:28,2018-06-05 15:40:00,2018-06-11 16:12:52,2018-07-16 00:00:00
b8cc2632c865859a6e27f3955ff5e549,b487c0f4978642e789aac212c28b4953,delivered,2018-07-10 19:00:04,2018-07-12 03:35:18,2018-07-13 13:09:00,2018-07-23 17:51:06,2018-08-03 00:00:00
b8667450c5709608993ae7ff3880e3c0,a8e85fd5c346013715e2d92ad37bd3fe,delivered,2018-02-05 19:59:57,2018-02-06 13:47:56,2018-02-07 14:43:01,2018-02-15 18:55:18,2018-03-02 00:00:00
93fba8d92f02aebd0882af7cb81bfcb8,cec875d9d4406529df6ccf5e1930b990,delivered,2017-11-26 23:26:58,2017-11-28 23:19:25,2017-11-29 22:29:38,2017-12-19 22:27:32,2017-12-22 00:00:00
65709b9620e3ef6f575918b8348a8ece,a2207623637c05c6e3d75bc34256c3f8,delivered,2018-01-09 09:51:35,2018-01-09 10:09:46,2018-01-15 20:18:34,2018-01-17 19:46:26,2018-02-07 00:00:00
36a99d1efdc9f0b6d7a7f793d0f304b0,f4ef757008c51dc9573991137fe68ca4,delivered,2018-08-19 09:44:58,2018-08-20 14:53:14,2018-08-21 14:46:00,2018-08-23 22:11:56,2018-08-30 00:00:00
34801c59d6ec5c5e89bfefb6ebef314d,0e114b02a45c9876080f3a9a19f51c16,delivered,2017-12-12 22:53:35,2017-12-12 23:42:29,2017-12-15 14:04:54,2017-12-27 01:37:12,2018-01-05 00:00:00
423c157cb61f228b20c08e79cd28b9b9,26986b28dd538116e65c5b88c0e050b9,delivered,2018-02-05 19:49:01,2018-02-05 20:10:53,2018-02-06 16:08:51,2018-02-26 20:23:48,2018-02-22 00:00:00
7fda376286b806cee8955685bf02fc4f,4fc2eee158c87c2236c2ff71dcad76f6,delivered,2017-10-19 20:22:06,2017-10-19 20:49:18,2017-10-23 18:43:54,2017-10-25 18:13:44,2017-11-07 00:00:00
96c1f803bd98812f30e0e72841822e3e,3ec9d596d9b2c56ecee7bf92e33c9bee,delivered,2018-03-25 21:23:38,2018-03-25 21:35:36,2018-03-27 19:12:08,2018-04-05 17:27:48,2018-04-13 00:00:00
4a5ec3a39f61790953b9bb48bfd301d4,af5b7e91f763527a2dbd49268dbcf583,delivered,2018-07-19 14:32:30,2018-07-19 14:45:13,2018-07-20 08:35:00,2018-07-27 19:08:53,2018-08-07 00:00:00
4b65b4aaa4c4e07d50727f0c87c0e9a1,5856b614fe54a8e8399e4eaf332b8542,delivered,2017-05-04 11:20:58,2017-05-04 11:30:20,2017-05-04 11:51:16,2017-05-19 09:04:35,2017-06-12 00:00:00
b5bce4a3cda26884862a0c05cc4effb1,e424136ae114fb9f64bcf55d0ec7d224,delivered,2017-07-09 21:20:45,2017-07-09 21:30:19,2017-07-11 18:35:53,2017-07-19 21:43:22,2017-08-01 00:00:00
94d427c43b021e3554c0aae6436b57e9,ae158bb7f980ce5561ffbecd33920c1b,delivered,2018-06-09 18:09:32,2018-06-11 08:58:21,2018-06-11 13:49:00,2018-06-15 21:21:53,2018-06-29 00:00:00
87440e08790d85796f5b8bc9f5ed2707,4b95f958af9c866353ae1108d8ebd023,delivered,2018-07-26 09:43:52,2018-07-27 02:05:20,2018-07-30 13:32:00,2018-08-03 16:04:33,2018-08-17 00:00:00
00d94e8901b75ee0d6ef1f87f947b666,9d797a1a7d8ddb192708608d25197161,delivered,2017-05-01 14:11:11,2017-05-01 14:25:13,2017-05-03 14:11:32,2017-05-23 05:55:05,2017-06-05 00:00:00
dacdfcd670a373cee78c7f2acd952987,72bf42311a073feed30fa11259e56254,delivered,2018-01-07 18:29:14,2018-01-07 18:47:19,2018-01-10 12:01:10,2018-01-17 17:30:19,2018-02-06 00:00:00
abb1daa364efd153e14d22b0782a5065,749621056bfb760ca2dad4b5e3a24e3f,delivered,2018-01-10 09:39:35,2018-01-10 10:32:51,2018-01-11 22:34:14,2018-01-29 17:05:16,2018-02-05 00:00:00
e72a8568c8622825a95439791f668e85,7d741f274b5f16487253c349ff12b703,delivered,2017-09-24 23:00:55,2017-09-24 23:15:18,2017-09-28 11:13:24,2017-10-04 17:26:25,2017-10-26 00:00:00
6db73c4db61f029be8214914360f51e1,3b104572acedbced7ec24f882f1df2cd,delivered,2018-03-09 17:24:33,2018-03-09 17:35:28,2018-03-12 23:22:11,2018-03-15 16:58:44,2018-03-21 00:00:00
85a0b57d401cf8eabdad7f818e087799,eb0cb5f239e0e0bd624410e207c3aa03,delivered,2017-07-31 12:28:55,2017-07-31 12:43:13,2017-07-31 20:14:40,2017-08-09 18:15:11,2017-08-18 00:00:00
7133741ec73ad73f2b0df0078f3dff59,7f89e070ec0556f373339ba76637964d,delivered,2018-06-21 12:20:52,2018-06-21 12:41:03,2018-06-21 15:20:00,2018-06-25 23:26:23,2018-07-18 00:00:00
e3b176280b21cc3e797c3956845422fa,bf90fdd4fd96665f2f7d7a2efcf5c923,delivered,2017-05-27 17:55:40,2017-05-27 18:05:12,2017-05-31 12:47:01,2017-06-06 16:08:19,2017-07-03 00:00:00
69d222536063d171fcbccf22d45f0eae,722d17e6dc8ebbac9e661e3c7af844fd,delivered,2017-10-20 10:04:57,2017-10-21 02:49:34,2017-10-24 20:59:01,2017-10-30 23:04:32,2017-11-13 00:00:00
627efe8e5230eb9f3bb4ecb645c759c5,4480661363e0f2f7fa2d1768c3b554c4,delivered,2018-04-05 13:49:01,2018-04-05 14:09:18,2018-04-07 01:14:44,2018-04-09 15:36:45,2018-04-27 00:00:00
320b4a5fa30f0d1eb0bb4c944d2205e1,974673840b08cb1219003a3f2b6a510f,delivered,2018-02-21 21:10:23,2018-02-21 21:29:16,2018-02-22 21:27:46,2018-02-25 14:03:31,2018-03-07 00:00:00
4fe3375df4882c70c200e075e3f1fed0,3295d27f33d0a40b245030ccaca13fd4,delivered,2017-08-19 12:55:53,2017-08-20 07:04:41,2017-08-22 10:33:43,2017-08-24 18:43:50,2017-09-12 00:00:00
a8f60b9282c2f8e193d23d668bb74fa3,d30a15613f4863ea6c94c671db37a27a,delivered,2017-09-14 10:35:42,2017-09-14 10:50:13,2017-09-18 22:47:49,2017-09-27 20:43:51,2017-10-04 00:00:00
21f024b91cfeb5f135ceef69fe99fa50,a446567b84836138d1f780d653a66474,delivered,2017-10-31 11:09:26,2017-10-31 11:30:14,2017-11-01 19:47:30,2017-11-16 20:54:41,2017-11-17 00:00:00
bde03232a3f3f93facc6eb12e66e6b8e,52f838b3b224273fda779d20cdc0f259,delivered,2018-02-03 10:59:11,2018-02-03 11:10:47,2018-02-08 21:07:04,2018-02-20 21:49:22,2018-03-06 00:00:00
cb3b0bc0bdf657e358637e649e0a4966,d62b098e61643a06d5f8fd6ebcabdf82,delivered,2018-04-09 14:27:21,2018-04-09 14:50:35,2018-04-10 18:27:01,2018-04-11 18:48:27,2018-04-25 00:00:00
daed0f3aefd193de33c31e21b16a3b3a,cf258f4e485365461f6a68cf2720c60e,delivered,2018-03-12 15:21:32,2018-03-29 11:35:16,2018-04-02 12:36:42,2018-04-10 16:48:54,2018-04-03 00:00:00
132f60de8345d1939567ee2c11a6d476,65b5f93344ef9ca0301364adde71bbfb,delivered,2018-02-28 21:01:01,2018-02-28 21:28:38,2018-03-02 01:33:08,2018-03-20 13:46:50,2018-03-22 00:00:00
f9286b76e6aafcf562039ff69da4ef47,df8b21da119dfeea3fd6acc835648f83,delivered,2017-10-27 18:26:50,2017-10-31 03:55:18,2017-10-31 16:47:50,2017-11-01 13:21:59,2017-11-21 00:00:00
349419805b6735ed9a2cf737205fae53,172a8d88b70c30286a8d76ac735b779c,delivered,2018-02-17 01:22:23,2018-02-20 07:26:44,2018-02-20 23:06:21,2018-02-23 00:53:02,2018-03-05 00:00:00
c881f8c42d20430b008bf5ea6abe4405,64c8b77d23ed628b5ba151fbd000eed9,delivered,2017-03-01 12:40:04,2017-03-01 12:55:23,2017-03-01 17:43:58,2017-03-06 09:55:57,2017-03-22 00:00:00
cef1e24f9b327a9571e045a091dea452,fe9ce9115fbb7f2e492e8c6704f0a7f5,delivered,2018-01-10 12:47:51,2018-01-11 03:31:23,2018-01-15 18:46:57,2018-01-22 23:47:37,2018-02-02 00:00:00
b0edeeb83cb7a8e727e06255357cd7a1,922f741f35942da06a3d19400757dd63,delivered,2017-07-08 12:38:13,2017-07-08 12:55:08,2017-07-10 19:17:24,2017-07-24 18:21:31,2017-08-09 00:00:00
234ac296ce754ab2518ae1bcde8b0fea,c453a30a6a88ce8fa78b7eeeb0c85226,delivered,2018-02-11 19:26:48,2018-02-15 03:56:00,2018-02-16 20:41:53,2018-03-14 15:53:29,2018-03-12 00:00:00
008990da719764fb392914d8ab53ad04,cc4e2f483459498c9ce82a70ff415752,delivered,2018-05-11 19:20:54,2018-05-11 19:37:41,2018-05-24 13:47:00,2018-06-05 14:18:36,2018-06-19 00:00:00
89f3f2390082961f54df910ea5542a71,4ddb7775ce55aede9ac8c706ab6ef831,delivered,2018-07-08 17:14:18,2018-07-08 17:25:23,2018-07-09 15:37:00,2018-07-13 21:33:34,2018-08-06 00:00:00
5b9da43787a1ee10dd9c78432c3ebd82,21ba332c12032e208dc1354f429d1e47,delivered,2018-01-03 19:52:24,2018-01-03 19:58:45,2018-01-05 12:14:33,2018-01-08 15:46:47,2018-01-19 00:00:00
f706c0fff2fd0328697401c325dbd429,078285da1785eeb5bb83d3e4d1096fc2,delivered,2017-05-31 21:23:56,2017-05-31 21:35:10,2017-06-01 14:55:14,2017-06-08 17:22:38,2017-06-23 00:00:00
d49cc0e98373ebdf3a080d3bad016283,49b0fabbc5945e7c7724cde5f9c4f4dd,processing,2017-11-24 10:37:12,2017-11-28 03:43:09,,,2017-12-21 00:00:00
09fd1722d038ec5290cb862bb8ed8e46,0893ae80a887e2e2c177f3162f05aebc,delivered,2018-08-17 18:49:15,2018-08-18 17:09:30,2018-08-20 13:20:00,2018-08-29 23:42:01,2018-09-05 00:00:00
ed14c3058d5e31989c9c093cfcdae0d6,451db7f02beb13cdcef0b46768fc5d28,delivered,2018-08-06 22:06:25,2018-08-07 22:05:20,2018-08-08 14:20:00,2018-08-13 12:27:29,2018-09-10 00:00:00
f816e2d1a8c3f47837c88fc08ba39dce,98b57da4f6372460e9bd54e2e4491e0b,delivered,2017-09-06 09:49:37,2017-09-07 02:55:55,2017-09-13 18:22:53,2017-09-18 19:42:48,2017-09-29 00:00:00
21c3a36070a838388e823449f206f263,1f34e395c0794098ee3ffd75447c58de,delivered,2017-10-11 13:12:11,2017-10-11 13:26:08,2017-10-17 14:12:49,2017-10-23 14:42:16,2017-11-03 00:00:00
c89b4f89b285537cd75b46ad90c49a50,93ee2b575a917c96aaa790b6ba7ca879,delivered,2018-07-20 15:13:09,2018-07-20 15:25:21,2018-07-30 11:56:00,2018-08-02 18:40:40,2018-08-17 00:00:00
8dd9758206f8d9c23baf77b965e1c6dc,849d4f35271a07987c6af0c676c5ca31,delivered,2017-11-28 14:20:53,2017-11-28 14:32:18,2017-12-04 19:19:00,2017-12-19 01:06:41,2017-12-20 00:00:00
a7da4c5d1aa10f5bd43694601bea7057,d96e54cb133388782b66c1a8ee174c11,delivered,2017-11-14 08:56:14,2017-11-14 09:06:54,2017-11-17 18:56:55,2017-12-20 18:10:40,2017-12-12 00:00:00
5d3a95afbc99d6791214a10461aea2ca,607bfb98b36de78ff09e620965132fe8,delivered,2018-05-15 00:02:05,2018-05-15 00:11:17,2018-05-16 12:33:00,2018-05-23 13:08:47,2018-06-04 00:00:00
22890d3bdbf453cdf060e03716c00012,c4a921c1e57e93879af0e203826ea5fe,delivered,2018-08-21 16:16:18,2018-08-23 02:45:10,2018-08-23 13:54:00,2018-08-29 19:42:09,2018-09-11 00:00:00
8b761bca5ade41b47694b0225c668b75,60759d1a0d02d7e2d74834df707b597a,delivered,2017-08-03 16:51:19,2017-08-03 17:23:43,2017-08-04 18:52:08,2017-08-14 20:05:54,2017-08-23 00:00:00
d4ce059dcf44b359b2c44a8fcc8d678c,0c5febd94332b38c1211a219137f2827,delivered,2017-03-09 13:32:01,2017-03-09 13:32:01,2017-03-09 14:00:32,2017-03-17 11:07:54,2017-04-03 00:00:00
2996508e094e566883c9b4da24cb4d30,cf77e5af5f520eacce45789f54a49312,delivered,2018-01-30 21:54:57,2018-01-30 22:11:28,2018-01-31 21:58:28,2018-02-01 22:13:03,2018-02-15 00:00:00
ab95c133fa91c2393fa23e00e0cbd444,a8fb55ecb0e1dd90ecb6aa4811bcfa95,delivered,2018-08-19 07:41:33,2018-08-21 04:50:23,2018-08-21 14:32:00,2018-08-27 16:58:49,2018-09-03 00:00:00
24e1c731364b64c76d98e985bfdbef77,679b47a0e9e57e5f32b43a333b746f55,delivered,2017-01-17 20:38:15,2017-01-17 20:50:16,2017-01-19 09:26:02,2017-01-23 10:38:08,2017-02-27 00:00:00
5e57d61ff3a5b4ce52915cdeb62b2571,6ddaa9388561c7781a4419483c52c2d7,delivered,2017-11-08 19:30:03,2017-11-08 19:47:12,2017-11-16 14:32:04,2017-11-17 19:24:41,2017-11-22 00:00:00
9d3bb95e31653d7f709918f0979f6d5a,870fd109261b9ff80198e87fbd70f940,delivered,2017-11-24 00:36:07,2017-11-24 01:10:11,2017-11-27 16:47:00,2017-12-03 19:18:52,2017-12-20 00:00:00
553117c04d1b4458cc519551e04cfd01,70aaa31389167ce3fe1ce664f51841f9,delivered,2018-08-11 08:30:03,2018-08-11 08:45:11,2018-08-13 08:48:00,2018-08-20 21:08:44,2018-08-30 00:00:00
e359161b033a3071a1f578ff47c8c48c,7bf976a7045a4d8032c71199ee5b3adc,delivered,2017-10-23 13:20:04,2017-10-23 16:46:23,2017-10-24 18:35:29,2017-10-27 18:12:03,2017-11-09 00:00:00
f8195b598a0ec6b6abc1c2a06c59f621,2225548e2a47eaf7f7e8aa07459d06fa,delivered,2018-05-08 19:29:16,2018-05-08 20:15:51,2018-05-09 14:07:00,2018-05-14 18:51:26,2018-05-23 00:00:00
27c9fc42d3018c63a19f1c85d55f4939,ab28b30f39b6b78ddc219af1fa5dcf39,delivered,2018-08-20 12:24:01,2018-08-20 16:10:10,2018-08-22 14:55:00,2018-08-28 00:33:52,2018-09-10 00:00:00
ff365c0a4e998d21ccc46a829e68052b,7125c98fa677b9de633994997ab0f32e,delivered,2017-05-07 13:17:02,2017-05-07 13:30:14,2017-05-12 16:49:37,2017-05-19 17:36:30,2017-06-07 00:00:00
b0cad7d87be6ed433ef769ece189b1f0,d90b2cd88cdf3e8f99a5966299abd9d0,delivered,2018-05-09 11:44:45,2018-05-09 11:55:21,2018-05-10 15:40:00,2018-05-14 17:26:22,2018-05-25 00:00:00
35431beb6e4dc0ce4426a0c9ecac0640,d21146bb7e87bd17fcaccaabea993de7,delivered,2018-01-14 13:11:07,2018-01-14 13:28:27,2018-01-15 15:49:11,2018-01-22 20:14:22,2018-02-08 00:00:00
7fc89538fb86a1a09c3e0d809a64f17a,712ac9c596bee080fa8b30ac51b2a4a1,delivered,2018-02-09 11:49:43,2018-02-09 12:10:52,2018-02-14 20:53:56,2018-02-22 15:36:48,2018-03-16 00:00:00
bd93260007f883f2ee0594503add3025,867acb26df6bdec3856b1be4f3a9c7c4,delivered,2018-02-20 18:23:48,2018-02-20 18:30:28,2018-02-21 23:33:07,2018-03-06 19:26:38,2018-03-13 00:00:00
2d268e4ebabcfdc515366a04056ae384,9133e4ddfde5181a01a0312e6f77b331,delivered,2018-05-14 20:46:41,2018-05-14 21:18:24,2018-05-16 13:28:00,2018-05-23 17:24:37,2018-06-05 00:00:00
29779056b8e8e8dc45effacaef7b8470,5a77f583f8b2edc307192e24ade6d702,delivered,2018-01-22 15:57:21,2018-01-22 16:18:14,2018-01-24 15:46:47,2018-02-08 14:43:55,2018-02-19 00:00:00
5408eceab061ca3e67853759c88a5fb8,9d298d12056b9264fbf5f9adcf8cd4d7,delivered,2017-04-03 02:14:58,2017-04-03 02:25:08,2017-04-10 14:34:44,2017-04-18 17:28:14,2017-04-27 00:00:00
6646811f070a6e46f85c938eb20b1842,2081ff2df7dc6982ff26036f2b7d113a,delivered,2017-11-26 11:01:04,2017-11-26 11:15:26,2017-11-30 21:33:18,2017-12-14 23:12:03,2017-12-18 00:00:00
0757cb4ec76f9d0456800e40957db304,5cea701060ead4cc1a096a18ccf19ff5,delivered,2017-07-04 19:37:00,2017-07-05 17:41:34,2017-07-06 11:55:50,2017-07-12 18:12:26,2017-07-31 00:00:00
f5945e1d2fb8c0e83398780ccd89da61,7bda2f07225f6395fb23b58e2f7a816b,delivered,2017-10-06 19:35:38,2017-10-10 06:34:18,2017-10-11 15:34:48,2017-10-19 18:28:39,2017-10-30 00:00:00
ba3a333397102140e9240fd17ff05e4b,7db0da9613a8abf3df20bc935908ac87,delivered,2018-02-18 15:35:00,2018-02-20 07:27:52,2018-02-22 19:32:59,2018-03-11 17:48:24,2018-03-12 00:00:00
1dea7f353eaea6c8a82b26087fabef18,120c86ea1d348cfc04fb2dccf0e116b9,delivered,2017-11-19 13:22:29,2017-11-21 03:46:23,2017-11-23 17:28:56,2017-11-30 03:09:10,2017-12-15 00:00:00
0218c7a4fb8d5b1bd22c82b783b8359c,430ec51e3c42def76f0d79a8edb21784,delivered,2017-10-13 12:58:35,2017-10-13 13:09:23,2017-10-13 19:33:52,2017-10-23 12:12:29,2017-10-31 00:00:00
1c0c505a4321632f6c47fbd27fe142ed,f8e0526bf1893cc207e9b6283595a35c,delivered,2018-02-05 18:00:49,2018-02-05 18:15:29,2018-02-07 16:08:57,2018-02-15 19:09:28,2018-03-06 00:00:00
cf50674c8453f9984efb699f372e3113,b10a1073410b33ac0982099efe02f067,delivered,2018-06-11 23:17:29,2018-06-11 23:35:49,2018-06-20 14:24:00,2018-06-21 14:18:36,2018-07-03 00:00:00
48726972f0153574d5167b2db56f5464,8f4412b49832686551c68d31db32e3fb,delivered,2018-01-03 19:54:33,2018-01-03 20:06:38,2018-01-10 23:10:24,2018-01-22 20:45:26,2018-01-29 00:00:00
fe1b5889171fd987d32665de60780aab,b7191cb7678f469dae052021a0291a4f,delivered,2017-01-31 14:19:02,2017-01-31 15:25:23,2017-02-02 10:13:04,2017-02-08 14:47:43,2017-03-07 00:00:00
4b1e9e86e377397f8b305cc26fb038a9,23ddf94544227d2f8d924c2051a6c0b9,delivered,2017-12-05 19:05:20,2017-12-05 19:30:53,2017-12-07 00:45:17,2017-12-13 02:14:27,2018-01-02 00:00:00
41217e834e81df08905e128234f22132,4cc238eb7ef21dda1015c1f3a129eeb9,delivered,2018-05-09 17:46:47,2018-05-09 18:13:26,2018-05-10 12:35:00,2018-05-16 16:58:42,2018-05-29 00:00:00
a39c7815a7969c5a2b73859f2b842f32,37b27530be4ea765cf8d3cba761a53cb,delivered,2017-06-01 10:35:51,2017-06-03 02:25:27,2017-06-08 11:16:30,2017-06-09 11:37:46,2017-06-14 00:00:00
a1e04dff9ea10fdbe31202f5794c9b65,f8d12036818f22bd2f2fcbec27b9e6a6,delivered,2018-07-18 20:16:48,2018-07-18 20:30:25,2018-07-19 15:18:00,2018-07-23 21:03:33,2018-08-07 00:00:00
6480f18f7594419854143fa969cd9bf4,ea83c43088d4df128d8702adec29abb6,delivered,2017-12-05 13:04:47,2017-12-05 13:17:24,2017-12-11 16:48:23,2017-12-18 22:28:25,2018-01-08 00:00:00
f30b0f98bf4dd642e36ee8185aba1329,3b005155a176bb1701edcf9f258e97e4,delivered,2017-07-10 10:08:51,2017-07-10 10:23:28,2017-08-01 12:56:41,2017-08-08 14:56:14,2017-08-17 00:00:00
3b2639c14a48df0a716ce3bb0c9c6735,81d88de363d7b38da09c6600a7993d7f,delivered,2018-08-13 12:04:39,2018-08-14 12:24:01,2018-08-14 11:51:00,2018-08-24 17:11:58,2018-09-04 00:00:00
6dc17e936c09215edf6502467ebd5eaa,b42224a10ce2da43948ca2d2828c8fda,delivered,2018-06-23 17:58:00,2018-06-23 18:18:56,2018-06-25 14:51:00,2018-06-27 19:52:22,2018-07-17 00:00:00
67899dac84e7e591ff0edc0d1dd0574e,aea121c7ed7090e3fd711f7e6e74912b,delivered,2018-08-04 23:40:50,2018-08-04 23:50:14,2018-08-06 14:51:00,2018-08-17 09:57:43,2018-09-26 00:00:00
a21d355726140b687ebda5830c68e5b3,a3d6403a83738ed4f708851f0620e1c4,delivered,2018-01-11 16:00:18,2018-01-12 15:11:33,2018-01-15 23:24:58,2018-01-21 19:22:26,2018-01-30 00:00:00
75d592e235731df502636b3cc6c7d1f4,f55423f2ff6e633b328f58b0288a756d,delivered,2017-08-07 10:30:58,2017-08-08 04:44:21,2017-08-10 17:39:01,2017-08-16 14:34:53,2017-08-29 00:00:00
fb81538ad88f59a4eb26ec0627825830,091ff88b45f8e6b1c909a9ca8b0618f7,delivered,2017-03-02 18:16:14,2017-03-03 18:22:40,2017-03-06 10:38:22,2017-03-20 12:18:11,2017-03-31 00:00:00
ca759ab8f22c84329b8dbcb5192ef923,fed6164eb076a32849ac5d4d3cf14480,delivered,2017-11-24 13:38:06,2017-11-24 16:16:01,2018-01-04 20:14:14,2018-02-16 17:58:57,2017-12-18 00:00:00
fc819011d69f31560ff010860a8f0b28,d378dc07d2e8477f4ec8c841756337f5,delivered,2018-03-29 13:18:15,2018-03-29 13:30:29,2018-03-29 22:55:17,2018-04-25 16:36:41,2018-04-24 00:00:00
e582cfe4b3a98c739d268bea062b2f8f,ae2d20677bad5f0d74cc44d1c1d6d878,delivered,2017-09-28 17:57:25,2017-09-28 18:14:09,2017-10-03 13:57:55,2017-10-18 23:23:16,2017-10-26 00:00:00
00ba57ae98928df6ba6ec9d3d8d4b1b7,8545a9b7b5b52bc607f0fe72c7dd323e,delivered,2018-07-16 22:06:13,2018-07-16 22:20:45,2018-07-19 09:11:00,2018-07-26 18:26:35,2018-08-09 00:00:00
4d70edd024b83dac3189ecc2c9d802b7,53798226c7b9a315d93909d3ade79654,delivered,2018-01-18 07:44:13,2018-01-19 16:59:54,2018-01-22 23:19:19,2018-01-27 02:41:12,2018-02-02 00:00:00
82f80de0171e33975afd163727d03070,8902d99db31e2ecd6a35fcbb772dee93,delivered,2018-02-05 08:47:14,2018-02-06 05:31:43,2018-02-06 17:05:43,2018-02-27 21:13:16,2018-03-06 00:00:00
c7695e0fa70ef0373d4eaa6b11a4a6ef,b63c5f2fdd730a3507ae297ff4832f69,delivered,2018-02-04 22:11:15,2018-02-04 22:29:42,2018-02-07 23:37:07,2018-02-09 21:08:48,2018-02-26 00:00:00
ebcb5b268095abb9ff8739f83b939864,168b5d343376984732f2f71895766adf,delivered,2017-08-07 15:15:03,2017-08-07 16:03:30,2017-08-08 18:52:55,2017-08-14 17:24:00,2017-08-25 00:00:00
90fc3ed69d3d78dd583b5c5d39196829,8f109845c8197564f9469ac655ca065e,delivered,2018-08-14 08:30:47,2018-08-14 08:45:13,2018-08-14 14:22:00,2018-08-15 23:21:50,2018-08-17 00:00:00
797758082c81c67fa72cb48448b5225c,c01062aa99eb36cd03b4d85cf49a8ae9,delivered,2017-11-04 15:52:35,2017-11-04 16:06:26,2017-11-06 18:51:44,2017-11-14 01:24:48,2017-12-01 00:00:00
65dfd5eb6f5db48fcf9b5e4f5c8f1391,c3d1f7d1843910b559fe6ea1f7f09c7d,delivered,2017-11-01 14:10:46,2017-11-01 14:31:34,2017-11-03 17:13:50,2017-11-08 20:34:45,2017-11-29 00:00:00
55d273b56003b6897fad01895ef4f482,06691a2638e9d6c12e0e4182a7e5bf4f,delivered,2018-06-06 17:31:18,2018-06-06 17:54:59,2018-06-07 09:01:00,2018-06-12 00:34:49,2018-07-26 00:00:00
19b0850bcc97d9186957e4dd2c36ac40,496d45d232b2572ba50dc3a5e1162518,delivered,2018-05-07 13:31:30,2018-05-07 15:32:48,2018-05-07 15:40:00,2018-05-09 23:08:47,2018-05-18 00:00:00
75294baf702b2b91d850644b87670ff6,28125582ff9bad05afd11c8d12371e1d,delivered,2018-08-19 16:27:14,2018-08-20 12:29:47,2018-08-20 14:01:00,2018-08-23 18:36:50,2018-09-10 00:00:00
03c6017ed63622d5a2ddd03fd0b1fee7,d7237be0a5e4b9247fc4d6e2dbdee6f0,delivered,2018-02-15 18:57:58,2018-02-15 19:10:31,2018-02-17 14:04:32,2018-02-28 19:34:05,2018-03-12 00:00:00
a42e31c24c15dfa40b3b5179c811f43b,94384c84cc16bfa2d08be7bc9ed690e0,delivered,2017-11-21 19:50:54,2017-11-21 19:58:55,2017-11-29 23:06:24,2017-12-23 17:51:25,2017-12-22 00:00:00
7806407a20e7d38caef6b35ea7757142,c52f8523a6448c43354e5ca966f61e4c,canceled,2017-11-14 21:58:32,2017-11-16 22:31:07,,,2017-11-28 00:00:00
9029e2cb1f2898b0ef72bf80e25bef8f,be58b8a3614044fda9a604cf3e998c50,delivered,2017-10-17 17:11:53,2017-10-17 17:28:25,2017-10-20 17:51:19,2017-10-27 11:31:47,2017-11-03 00:00:00
eb6f144be5873df2f35c4de6df60735b,5c20865188785e6f1386c397a2741f89,delivered,2017-10-31 11:14:30,2017-10-31 11:30:32,2017-11-02 00:23:44,2017-11-08 20:37:02,2017-11-21 00:00:00
db34c05a3a62253b75d21d5383f7f094,c34527f7e4e6e1af21c875a28db6e84c,delivered,2018-06-24 14:36:00,2018-06-24 14:55:05,2018-06-25 12:12:00,2018-07-06 18:04:33,2018-07-23 00:00:00
4e07f3bba6882deffa23c043baac93c3,87c1595396829625fdbb8420094ac831,delivered,2018-03-29 20:33:53,2018-03-29 20:47:29,2018-04-16 16:17:18,2018-04-19 17:08:30,2018-04-30 00:00:00
ab9617b6232f2ae10e536212f4525e57,b0b7032f7d2fa1febf5fcec4b3d4349b,delivered,2017-12-11 22:45:11,2017-12-13 02:51:05,2017-12-18 15:18:41,2018-01-04 20:28:08,2018-01-05 00:00:00
3cf5c56e5c0540ca1988e8de2f98fc75,5931bcaa98ca60005439bc789e47ab6c,delivered,2018-05-09 11:16:48,2018-05-09 12:14:47,2018-05-10 14:28:00,2018-05-16 22:03:03,2018-05-30 00:00:00
9f24a452d2f08d94503f8755cc845362,825803c33fe215e80ac490cc7ea55813,unavailable,2017-09-04 02:26:00,2017-09-04 22:30:15,,,2017-10-03 00:00:00
db207002d58fe7f53935e30c37bbe862,400d5d5faea0c6f2ed476d635680373e,delivered,2018-08-01 21:27:39,2018-08-01 22:31:21,2018-08-02 12:15:00,2018-08-09 16:08:29,2018-08-29 00:00:00
42f59e16260400b61de263422f347ef4,79e9e3045681a5b732e05d595a74f10b,delivered,2018-02-11 20:44:04,2018-02-11 21:20:21,2018-02-20 00:00:50,2018-03-06 23:16:51,2018-04-02 00:00:00
db8df3ead7750558f8809a8f1c031f8d,acb213efb7ff983754aaa5d643e4578f,delivered,2017-11-12 19:16:30,2017-11-12 19:30:48,2017-11-14 21:38:58,2017-11-20 13:04:41,2017-12-04 00:00:00
fcaf7752522fa61b23a80737d5b5b312,37975001f0bc8f900dfeeb40a2b4e303,delivered,2018-02-06 15:01:33,2018-02-07 03:10:06,2018-02-07 17:43:23,2018-02-14 21:34:36,2018-03-02 00:00:00
be27ab7c550fcd6a7988396258c309f7,8395969c05c3191c6c0af2619e7a59c5,delivered,2018-05-26 12:31:25,2018-05-26 12:58:24,2018-05-28 15:55:00,2018-06-02 13:40:51,2018-06-28 00:00:00
4adfbdf6a5a3abbc6e4ef24e48d6ef0e,f3c82047aa4068a2b028e138db4df0f6,delivered,2018-05-01 21:50:35,2018-05-01 22:16:31,2018-05-03 07:57:00,2018-05-10 20:47:02,2018-05-25 00:00:00
076594c6ae7f8e1157b7321c148efa86,8c4a94e823813e9e03460f5f42ce4fe8,delivered,2017-07-01 09:43:49,2017-07-01 09:55:11,2017-07-07 18:44:45,2017-07-20 19:09:47,2017-07-31 00:00:00
c1310d06e793969c9dfc72a433db577f,412298dcdcdf0447d852b9c1542e655d,delivered,2018-02-22 17:02:38,2018-02-22 17:16:07,2018-02-26 14:32:57,2018-03-22 14:09:03,2018-03-16 00:00:00
eca3561eac6b93f245edb7367ed7160d,dea26b5bc7f1d5fb063b030015ef482f,delivered,2018-06-04 20:31:05,2018-06-04 20:50:49,2018-06-06 11:30:00,2018-06-07 17:32:41,2018-06-28 00:00:00
603486ac402cf457884d615c5bb8971e,a3ec152a60876934145cbaba40e543f6,delivered,2017-05-25 23:53:14,2017-05-27 02:45:20,2017-05-29 08:43:42,2017-05-31 16:12:10,2017-06-14 00:00:00
0462bad26ccfb8508951beb9ea398ae1,b1449a43a666cba48f485fff0a509b8e,delivered,2018-01-01 08:37:46,2018-01-01 08:48:19,2018-01-02 17:42:48,2018-01-23 18:15:19,2018-02-09 00:00:00
d552048b782d11413b8f34ebc2d9d148,49e816a7f6d26d6433da89ca8e671418,delivered,2018-03-29 09:58:28,2018-03-29 10:15:13,2018-04-02 20:22:44,2018-04-03 22:35:09,2018-04-11 00:00:00
8da3063f18b30c590bab1b8d083b03fd,6d611cdbc4cc0607f840cfbb7ae94f56,delivered,2017-09-10 19:26:12,2017-09-10 19:43:28,2017-09-12 13:07:48,2017-09-19 19:28:08,2017-10-02 00:00:00
a40c4b7cef76fa945aaa465b7d13c1ae,0b5a1629eed016661c0b65ad74c64965,delivered,2018-06-28 12:57:41,2018-06-28 13:11:08,2018-06-28 15:22:00,2018-07-03 20:21:43,2018-07-12 00:00:00
d1e70a2caefe08771e0acbcf89df4900,9e126ac32c9fbec527dc3e9047d2dc7b,delivered,2018-02-28 15:41:53,2018-03-03 02:50:37,2018-03-05 21:59:46,2018-03-28 22:48:49,2018-03-26 00:00:00
346802bf9d5846f06ec97c90b92af095,37fffa07ecd4388252d485b3eabf0d68,delivered,2017-09-04 11:22:46,2017-09-04 11:31:38,2017-09-07 00:29:57,2017-09-19 19:07:11,2017-10-03 00:00:00
293bc7dd9611917b0037860893adb256,e86cfb0048512f8e1b9a418e4e2235f5,delivered,2018-01-28 20:09:15,2018-01-28 20:17:30,2018-01-29 19:15:26,2018-02-06 21:35:40,2018-02-14 00:00:00
cddae6b27b19d9567cff159df9498da1,7948f576eb56be65ffc4a0d4e40387b9,delivered,2017-10-09 13:58:59,2017-10-09 14:27:12,2017-10-09 22:47:46,2017-10-17 20:49:54,2017-11-03 00:00:00
6ee745e53a6ca0336b04b022ac01ac73,d5ed95e0e0e9e8aa11659f41ab6534b3,delivered,2017-10-03 00:46:01,2017-10-03 00:56:13,2017-10-03 18:45:06,2017-10-11 21:56:31,2017-10-26 00:00:00
c10214f41bb82f350a4a7f135c97f0b2,67e3cf0f18f3aab58e1ff2aea7667845,delivered,2018-05-01 11:24:21,2018-05-01 11:59:11,2018-05-03 16:51:00,2018-05-07 18:35:58,2018-05-23 00:00:00
9ab8b682f4ecc3c07216e7376007829e,7e660d547620c36235229542ae7bdcdf,delivered,2018-04-21 13:35:57,2018-04-24 18:56:00,2018-04-24 16:46:51,2018-04-27 18:06:34,2018-05-16 00:00:00
fe19b9548cc24e156387100515c5534b,89942dc468e3a820f4395a98761fdf3a,delivered,2018-05-20 22:43:50,2018-05-20 23:10:09,2018-05-28 15:30:00,2018-06-07 20:18:54,2018-06-28 00:00:00
cd2827ebf0110d1e9a7495cb028c14af,dce38f01fa48a5575a26fdd8b9c26ee2,delivered,2018-05-04 08:40:32,2018-05-05 03:50:20,2018-05-07 12:31:00,2018-05-17 16:21:05,2018-06-04 00:00:00
ae08a6e1781c8a44dfa832b70594a0d4,15277d2b8246076738b151b03cd2ca0b,delivered,2017-05-22 13:13:27,2017-05-22 13:25:14,2017-05-23 09:11:26,2017-06-07 15:38:48,2017-06-16 00:00:00
a769cc9f5becd92358f5d4604e17e806,d7d395c0faef4d563b081f146512a0b2,delivered,2017-11-06 20:33:54,2017-11-07 04:32:36,2017-11-10 20:52:43,2017-11-23 00:26:52,2017-11-30 00:00:00
b56dae14729d912e3b87e6bc76be9c0d,17dd3ef8f3646271ba727819c3c085e6,delivered,2018-05-01 22:30:27,2018-05-01 22:55:27,2018-05-02 14:07:00,2018-05-14 22:31:58,2018-05-29 00:00:00
18bfcd3049f8effbdf7a7e9b11d07f38,7b7d601e3afe9a8b3671f05c5feab78a,delivered,2017-09-09 19:08:21,2017-09-12 04:46:07,2017-09-13 21:09:53,2017-09-26 19:55:04,2017-10-03 00:00:00
a0ec2470862d2c4a1e6a4059cf80e330,01998a22ca4b0c83aa13f2e8bec67c81,delivered,2018-06-25 16:14:56,2018-06-25 16:38:13,2018-06-26 13:03:00,2018-07-04 01:12:36,2018-07-31 00:00:00
4fd2c689dda2edbc8c11a796959a1d24,14413e54e206d9d58a8e338dbda158a7,delivered,2017-08-28 21:16:50,2017-08-30 02:05:16,2017-08-30 21:00:10,2017-09-04 17:07:32,2017-09-25 00:00:00
2aef043f46add78feb545aa658c06d3d,f2d1a5ec0f849f0c6face669f63dbb0d,delivered,2017-05-25 09:00:16,2017-05-26 02:35:33,2017-05-26 10:38:44,2017-05-31 03:37:41,2017-06-21 00:00:00
e601f404ef484e156f2242dc5ebd5554,e10cea5ba6297bd8736856b0ab6bde8b,delivered,2017-11-25 19:06:49,2017-11-25 19:16:33,2017-12-08 16:48:55,2017-12-14 19:07:59,2017-12-21 00:00:00
33fc608633261bfde6d48fc0a431f14f,eb182e82ac7e70870ad5e0ccdfc4bede,delivered,2018-06-01 23:49:35,2018-06-02 00:12:17,2018-06-04 14:46:00,2018-06-13 17:18:43,2018-07-12 00:00:00
116499c6f5aa0822fcfa4f8aa8b194b4,d985e4c7c359e689eee39608fff97cb7,delivered,2017-11-28 15:32:25,2017-11-28 16:03:01,2017-12-09 00:35:24,2017-12-27 19:52:21,2017-12-20 00:00:00
2261ff9e6868359245db75320f7e768c,01592d05fdd8a6deb7716ed80a0d18a1,delivered,2017-11-29 23:56:39,2017-12-01 11:31:46,2017-12-01 18:34:17,2017-12-04 18:23:25,2017-12-15 00:00:00
c7b0be5584c50efa8a9d95d3eecbece3,d7c6f5abd3a5d2d8104fcfcd7d532537,delivered,2017-03-01 11:44:37,2017-03-03 02:35:40,2017-03-15 15:59:26,2017-03-20 06:15:33,2017-03-29 00:00:00
1c2764ffc47114baa4f45f92b19ec458,4c0d7cf1595c2e09a3dab5b773475c4b,delivered,2017-05-05 17:02:14,2017-05-05 17:15:19,2017-05-09 11:27:15,2017-05-24 11:48:07,2017-06-07 00:00:00
dbd6d0d4696586fb1be53b1e8d1ed2be,e64d695b052ba75d2a0052ef2a1383fa,delivered,2018-05-24 10:01:26,2018-05-24 10:19:21,2018-05-25 08:30:00,2018-06-07 18:46:33,2018-06-25 00:00:00
123bf681d8f2bbf410339ccef14d9c42,0300bfbf1ddf99a37c01bd52639e40d6,delivered,2018-07-04 13:31:42,2018-07-05 16:35:32,2018-07-05 14:01:00,2018-07-24 13:12:38,2018-07-30 00:00:00
9acd1ccfbc6445c0cad9ee9ddb48054c,8e5b95cc9167186235d12c22e7d79015,delivered,2017-04-19 16:07:44,2017-04-19 16:25:17,2017-04-24 07:14:27,2017-05-05 14:03:02,2017-05-09 00:00:00
68572b22ecec176d1f7c9fafe7ed15e1,154ab3ef96638c6c629b5cdb758e4afd,delivered,2017-09-21 09:04:59,2017-09-21 09:25:37,2017-09-21 19:48:16,2017-09-22 23:46:10,2017-10-06 00:00:00
d599833347cf704c11f7abd88b0f5194,9b07642438e9eacf96571117388677ed,delivered,2018-07-30 09:08:42,2018-07-30 09:44:34,2018-07-30 15:47:00,2018-08-03 15:37:38,2018-08-09 00:00:00
4ecf6d1c743c3a78cb1e0d1da3b9ebb3,68655b8d6c4419cfa83a5ec9c162f297,delivered,2017-07-18 11:41:12,2017-07-18 11:50:21,2017-07-20 14:12:25,2017-07-28 22:02:57,2017-08-16 00:00:00
c236814f448d4536d236cbe7e34f94b4,247c9865f4c7ebf8f3bdfe24f8acd8e9,delivered,2017-10-29 16:14:47,2017-10-29 17:01:19,2017-10-30 20:36:53,2017-11-16 15:14:46,2017-11-23 00:00:00
31a5a68f9d077c999f8b5b3dc297989c,9c12b9f4ad1fc695394e78cecb8bb51b,delivered,2018-01-02 13:45:02,2018-01-03 04:18:21,2018-01-10 17:59:30,2018-01-20 16:13:10,2018-02-01 00:00:00
ae60d8ce9aa713ec6cc02a1b15e6759e,6a8e32e45208a7e5bb55c5f84ef10e53,unavailable,2017-05-30 12:07:33,2017-05-30 13:10:38,,,2017-06-30 00:00:00
f717c8f177b0e2927fb48196bc6b6383,a7f60f86d76ce82c5976dc7a4405b861,delivered,2018-07-23 21:19:59,2018-07-24 21:15:11,2018-07-25 15:04:00,2018-07-31 19:52:01,2018-08-14 00:00:00
ddaacb72e21c68c2863a84aa4b3e281d,0a00fd16d3a68e73856892a6a30201f8,delivered,2017-10-20 15:37:43,2017-10-20 17:28:31,2017-10-23 17:27:39,2017-10-24 20:28:56,2017-11-01 00:00:00
280b1ac31119367d8766fcd8eb8b38ce,adeb195020fed323f0d99bb649332085,delivered,2017-07-18 23:34:05,2017-07-18 23:45:16,2017-07-20 20:15:29,2017-07-24 20:36:56,2017-08-07 00:00:00
19a2042d6f6af92a3c6312d3fd7a70c4,5e30d48d4f3d910fa07b4743d6e40fa6,delivered,2018-04-18 18:23:32,2018-04-18 18:50:18,2018-04-19 22:08:48,2018-04-23 20:32:58,2018-05-10 00:00:00
3d0edcf47a5092f12524fc91a5fbdaee,309febb1a67feda3393b24ff5434355d,delivered,2018-04-24 23:17:31,2018-04-25 00:00:05,2018-04-25 15:20:00,2018-05-08 22:32:54,2018-05-28 00:00:00
5667755369e8d8198dc1ecabb443abf0,a39eb3668ac2b1229860e6f13e4a093e,delivered,2017-10-20 20:52:38,2017-10-20 21:05:31,2017-10-24 21:07:43,2017-11-20 19:34:19,2017-11-22 00:00:00
ee950b52f88b7665e4c1beda95b03b78,22230a34b8814bc412e5caca88188f48,delivered,2018-01-19 09:38:37,2018-01-20 09:10:04,2018-01-31 11:42:28,2018-02-19 23:23:04,2018-03-02 00:00:00
0f070c89e1bd81ad150167f1c656a49b,24c62f7eb78d839d81364907596e4e94,delivered,2017-11-24 16:30:49,2017-11-24 20:32:31,2017-11-27 23:38:53,2017-12-19 17:41:48,2018-01-11 00:00:00
92bae9939a0e16250bbf0e11d6827228,9db4cbac1c8f78c5fc7c0b4e9f90f60b,delivered,2017-12-07 16:14:44,2017-12-08 02:53:50,2017-12-13 20:19:57,2017-12-27 11:46:54,2018-01-10 00:00:00
5b469b3ea9234b5dddd05acdf0b45849,863448d5dde6f842bcea5bcafec507f3,delivered,2018-03-18 18:19:51,2018-03-18 18:35:26,2018-03-20 19:41:55,2018-04-02 22:52:45,2018-04-05 00:00:00
930c438920322d999f81073398288381,e62cf9e803aee2389d750a99f8a2986e,delivered,2017-08-26 17:21:49,2017-08-28 11:25:20,2017-08-29 20:23:26,2017-09-02 15:17:23,2017-10-02 00:00:00
191fa27b2a907e113d60ddfd7dc29696,9c04b06940dd762c639ce63ce827caf6,delivered,2017-06-10 21:50:43,2017-06-10 22:05:13,2017-06-12 17:57:52,2017-06-19 19:22:27,2017-07-07 00:00:00
1cbd4699bdc656606f114d4710bf87bd,c60c8fbf339ecb59f31f57d6efa750a1,delivered,2018-02-27 19:15:16,2018-02-27 19:30:26,2018-02-28 21:42:48,2018-04-17 00:32:22,2018-03-29 00:00:00
0755976647cbb58f1c4aeabeed997490,c056ec712e18300c0e2d49101fca0a80,delivered,2017-07-10 20:00:48,2017-07-10 20:15:14,2017-07-11 18:09:33,2017-07-31 11:23:45,2017-08-11 00:00:00
d2e81202cca4ca39792d6ec435a4bfcf,e840e871f0ff8a442dfcf7852905a6ca,delivered,2017-10-14 15:13:03,2017-10-14 15:28:07,2017-10-16 15:57:17,2017-10-17 12:34:02,2017-10-26 00:00:00
f2a51fb7a0d5651178c11509d8d98f5e,c52d49541e95efb5f54fe6b14295c3ce,delivered,2018-05-22 22:47:01,2018-05-22 23:17:39,2018-05-24 13:21:00,2018-06-04 19:57:21,2018-06-14 00:00:00
ab6ea89ab2dbf39322353c4bfcbe33de,e72c4d36b517cd9acae9f519e3f9738a,delivered,2017-11-11 22:16:52,2017-11-11 22:30:25,2017-11-14 22:21:40,2017-11-23 19:45:58,2017-12-06 00:00:00
5455f9b2863b5e33f55d0fb3894e1bad,5256eb769f0ee97e182010734e1b1409,delivered,2018-02-08 21:26:31,2018-02-10 02:49:34,2018-02-15 00:33:24,2018-02-26 12:22:53,2018-03-05 00:00:00
319d398b7ec933febdefe3104dcb8679,ab8cb67d593249c068209ba6f8b79a81,delivered,2017-09-19 19:52:22,2017-09-19 20:05:50,2017-09-21 17:48:25,2017-09-26 19:43:41,2017-10-16 00:00:00
37cacebebb14aa6cdc982d4eb40b9441,366402da97c45a2f443202af1baff526,delivered,2018-04-21 12:37:03,2018-04-24 19:24:11,2018-04-24 15:49:39,2018-04-25 16:25:48,2018-05-08 00:00:00
32c37ffb30a6db200041e5603d1c23d5,b1ed8cfd988e2b0991c7170ce9f183e4,delivered,2017-12-09 19:07:28,2017-12-09 19:14:25,2017-12-13 11:39:22,2017-12-20 17:52:27,2018-01-04 00:00:00
4af6ca2a69957cdc073ddf26d1900ddb,096ecce73f38110822bb4a4bd9341e37,delivered,2018-05-25 16:55:13,2018-05-25 17:12:09,2018-05-29 12:19:00,2018-06-01 13:11:29,2018-06-25 00:00:00
11a3420ffa1e206ca23637df7176501a,e63ddfd77645004db43c2685513e92dd,delivered,2018-05-07 16:41:48,2018-05-07 17:56:37,2018-05-08 14:17:00,2018-05-22 22:51:47,2018-06-04 00:00:00
48c0a263a6f5c112effbec24abbd468b,0f4a394b91654a290ad0e948e0eeeb88,delivered,2017-06-27 11:54:38,2017-06-27 12:43:40,2017-07-03 15:19:53,2017-07-12 17:15:43,2017-07-28 00:00:00
ae4f9895e6602f33d89aff8166cf9346,2b572b45934f53e724ae672aa2a7ceb1,delivered,2018-06-01 13:03:01,2018-06-01 13:15:22,2018-06-01 14:48:00,2018-06-07 16:41:56,2018-07-12 00:00:00
897ec6416d50126a9061626f0fc2d658,2dd769df72fbd8448297d18c48df7b92,delivered,2017-04-20 15:05:38,2017-04-20 15:21:31,2017-04-24 07:52:21,2017-05-18 08:06:47,2017-05-22 00:00:00
4deb2316dadf42f0daa6b8965d384ba8,b22ca452dbb41139048975084d8a8f1e,delivered,2017-01-29 14:46:06,2017-01-29 15:31:07,2017-01-30 13:22:34,2017-02-06 14:37:20,2017-03-17 00:00:00
036ea72a17833a6fbbcd3e4df8250292,c805f98a53f91cc2794ca2402fde6cd4,delivered,2017-09-05 06:12:11,2017-09-05 06:24:16,2017-09-13 18:53:36,2017-09-25 20:03:20,2017-09-28 00:00:00
26270398457731cfcecc0585e20bd45f,0e68d1ae54be868f7b4193684e0947ba,delivered,2017-05-14 17:33:19,2017-05-14 17:45:12,2017-05-18 14:06:55,2017-05-25 11:15:08,2017-06-08 00:00:00
90423fbde022b7991066ba965cfe537d,8bca3a85b44a76353af3b18cffb13b2b,delivered,2017-11-22 23:03:14,2017-11-22 23:13:30,2017-11-24 21:12:04,2017-12-07 23:02:56,2018-01-05 00:00:00
181a9d0dbee29b580a407cf2ccd80570,2cc7268593ff3c42007d3d64de2c809d,delivered,2018-05-06 20:04:18,2018-05-07 09:35:21,2018-05-10 12:27:00,2018-05-16 14:38:59,2018-05-30 00:00:00
e76486ae393e8df3d75bf770d3fc6407,898386769135789e940bd41b9d751b85,delivered,2018-02-21 17:36:27,2018-02-23 02:15:48,2018-02-26 23:03:36,2018-03-10 12:58:24,2018-03-20 00:00:00
cb34373a94597d015349cc3712b348ee,487da2f80e8f4c2c7c0e1279d113e35a,delivered,2017-05-24 22:17:27,2017-05-24 22:30:19,2017-05-25 11:45:29,2017-05-26 09:04:09,2017-06-13 00:00:00
a9a06f91b00b0fa78f7f445311fa0881,8dadff39785f12f024ca4af07bb5077e,delivered,2017-12-25 10:41:30,2017-12-27 04:08:42,2017-12-28 18:39:11,2018-01-03 17:13:18,2018-01-26 00:00:00
5379f5de2b072f7848c401ee756d5aba,493d122f612d9b8b7499a1054354ec2c,delivered,2017-06-24 00:01:49,2017-06-25 00:50:21,2017-06-27 08:42:10,2017-07-05 13:39:59,2017-07-20 00:00:00
1bbda6dbb533293df7320c4f62b6e897,29c08f241b8cc5260d961b2375afda32,delivered,2018-05-04 19:10:26,2018-05-04 19:34:12,2018-05-08 06:32:00,2018-05-15 20:44:08,2018-06-01 00:00:00
1087ede9a334cc652bfecf7e944aad0b,90022669c773334bc88a7f36e5356c5c,delivered,2017-10-16 15:28:12,2017-10-16 16:07:50,2017-10-18 15:51:51,2017-10-27 19:09:43,2017-11-09 00:00:00
5262eaeb971616ffef822379ed91896f,35f335e770081fe4f2df0a8e7e7a2888,delivered,2018-06-08 18:51:03,2018-06-08 20:43:58,2018-06-11 14:33:00,2018-06-25 18:42:45,2018-06-29 00:00:00
b552bf4c093b6c4804fa08eaee94a786,e346b26187c9fd7380d7cb6b11a0581e,delivered,2018-06-21 09:36:30,2018-06-21 09:59:08,2018-06-21 14:13:00,2018-07-23 15:48:43,2018-07-23 00:00:00
0882461df7b87e99ede0ca735cf32e00,be9ab6439b46e597d921dad9db0d23d1,delivered,2018-02-20 17:30:50,2018-02-20 17:47:53,2018-02-22 16:23:01,2018-02-27 17:36:50,2018-03-22 00:00:00
74c7a458cadc2f76c4ec8354d32d0d9d,d0e9af3f0e38afd1371f0066fb9857f9,delivered,2017-11-01 11:48:48,2017-11-01 13:15:20,2017-11-06 19:17:31,2017-11-14 20:23:06,2017-11-27 00:00:00
d49ed6b5b1dd31d720b321ff3f3874f3,a3e48975d6250420ce214a7f3c7ebefc,delivered,2017-08-28 22:07:36,2017-08-30 02:24:56,2017-08-31 11:07:45,2017-09-08 17:57:59,2017-09-22 00:00:00
20020569f2b852ebd114b1373fb82aa0,9b665a2a798904a4f68c8b09f08c65dc,delivered,2017-11-07 00:32:03,2017-11-07 06:31:17,2017-11-09 21:29:30,2017-11-17 19:56:26,2017-11-27 00:00:00
588ae5afdb6a80a74e552cb5c59ba7ee,84d7fc1855828ec6618e352ffc20aeaf,delivered,2018-07-05 12:34:36,2018-07-05 16:11:40,2018-07-10 08:26:00,2018-07-13 01:58:45,2018-07-20 00:00:00
23304de05928dfbc015af4c7327fe0ad,a68262ca1274f00f43ae47bcb071eaa8,shipped,2018-06-17 12:29:42,2018-06-17 12:58:38,2018-06-21 12:15:00,,2018-07-03 00:00:00
3af58300549c324fa418f079815fc952,be0b9ebc5a6063c689151c824e2730a1,delivered,2018-05-23 17:45:41,2018-05-23 17:55:58,2018-06-04 15:37:00,2018-06-08 17:16:37,2018-06-25 00:00:00
3eeeed9128175465db94d6c2406b5b39,05af51fbd839dd9f05c0e07f16e971d4,delivered,2018-07-20 13:47:30,2018-07-20 14:10:23,2018-07-20 14:48:00,2018-07-30 17:19:42,2018-08-08 00:00:00
d1d5e63e127f2c8bfa668d7073a89299,e7a176d12640c42f1d6f356d34adc673,delivered,2017-07-17 14:34:02,2017-07-17 14:45:26,2017-07-18 15:06:58,2017-07-21 23:14:47,2017-08-01 00:00:00
a2190a9035b404ef0f2156e0f0f06905,99d6b56ba50117ea38b58e27f9ddf3ae,delivered,2017-06-02 10:32:47,2017-06-02 10:45:16,2017-06-03 08:03:06,2017-06-07 10:42:53,2017-07-03 00:00:00
3c87c321032c0aad76143340499b6b55,d09d7d280cc60fca783c876f460d43a8,delivered,2017-11-21 15:11:07,2017-11-22 03:07:01,2017-11-22 16:02:52,2017-11-29 11:28:39,2017-12-07 00:00:00
71c3e399882c5bab8e8b576ee1558da3,d965386e31405790ab1bd90955c7e53c,delivered,2017-11-23 21:58:35,2017-11-25 22:39:36,2017-11-28 14:52:55,2017-12-12 19:33:11,2017-12-27 00:00:00
a1a621e58a950260915df6e0b99fc155,a2f671aa98a5a68d022c3fe24e91d6de,delivered,2018-07-13 12:35:28,2018-07-13 12:45:15,2018-07-13 15:58:00,2018-07-24 20:03:32,2018-08-10 00:00:00
07b9098123333f897ad332b7c9c3820d,550fdfd5b0a7423ce63232c284993145,delivered,2017-08-24 19:16:50,2017-08-24 19:25:22,2017-08-25 19:47:41,2017-08-28 17:04:51,2017-09-06 00:00:00
e0a50ed7a5ce30e34da29ca222748a5c,a1a1bb8cd2a8b95113fabfbc60877e00,delivered,2018-03-12 11:41:03,2018-03-12 11:50:33,2018-03-13 20:33:07,2018-04-03 17:10:50,2018-03-28 00:00:00
242145b8067ab8aaa40c2da8d98b929d,3397324bae6ec84322ebc64bd683db0e,delivered,2018-07-30 14:36:10,2018-07-30 19:32:22,2018-07-31 15:39:00,2018-08-03 21:56:43,2018-08-13 00:00:00
aaa265fdfcd9930f13edd14cdacd47ef,c4bd6a14690ef25b936bda7861e2e74d,delivered,2017-03-22 13:54:58,2017-03-22 13:54:58,2017-03-23 13:05:37,2017-03-29 11:52:24,2017-04-25 00:00:00
ee38c54d242516c9f651c8097815f90b,44da373b19e935a40f257bae42c3f04b,delivered,2017-10-26 10:02:13,2017-10-27 02:55:21,2017-10-27 18:53:59,2017-11-01 17:09:56,2017-11-16 00:00:00
f400946403a78fdd034cf522d3f85512,be552266bf47bfc6fa6c793fd74006bf,delivered,2017-01-26 10:00:37,2017-01-26 10:10:15,2017-01-27 16:37:45,2017-02-07 10:37:40,2017-02-28 00:00:00
90024aa5d3878db3667cb0ece7f1aa08,4d83eea159330f461e9616243fadef9f,delivered,2018-01-23 11:21:49,2018-01-23 11:38:07,2018-01-23 22:37:12,2018-01-29 18:16:16,2018-02-22 00:00:00
31e00bb404e44d46b89ff10b7a09d470,1717dffbf44849f19318caa8d72aeda2,delivered,2018-07-19 22:40:43,2018-07-19 22:55:17,2018-07-20 14:04:00,2018-08-01 21:33:13,2018-08-14 00:00:00
676dc08d3b7a83fc6f45f5e0eb1a2d9a,def2cde31a49d08938ed47d1769adf6e,delivered,2017-11-24 16:45:54,2017-11-24 21:32:30,2017-12-08 14:07:15,2017-12-20 20:47:12,2017-12-26 00:00:00
3a3b0394c09dbf1c3f658c1fbe9adc31,388e380a8fd7135321bbe22ed193d8df,delivered,2017-11-10 21:39:06,2017-11-10 21:50:22,2017-11-16 12:02:21,2018-01-13 00:15:05,2017-12-13 00:00:00
42c37b18445759836227d8f05e252d10,9a220d775bcd3ba306012ee934bc5298,delivered,2017-10-09 20:58:09,2017-10-09 21:14:14,2017-10-10 19:33:59,2017-10-18 17:07:38,2017-10-31 00:00:00
3a4d0bd3463e22357c0b3ea55c2789a9,38c0e02a9cc35ad0afd0fe47e2a749ef,delivered,2018-04-12 23:00:13,2018-04-12 23:11:23,2018-04-13 19:28:39,2018-04-16 17:06:50,2018-04-30 00:00:00
60e27e3758187b1f68dc2784f5e6a9a6,b4c16be45fd4a77e585f1b40b51471e2,delivered,2018-01-09 16:40:43,2018-01-09 16:52:55,2018-01-11 18:59:36,2018-01-15 16:54:59,2018-02-02 00:00:00
f66ab2fcf6eb4fbb8c027f16de902cdc,90ab1a5224e5e1999b34c85f637a7491,delivered,2018-08-01 13:21:58,2018-08-01 13:35:09,2018-08-14 11:39:00,2018-08-15 20:31:53,2018-08-09 00:00:00
8dd65fba2478cb614c25783cd1be3449,e2670ed9bc390629e358cf65e72fb1f5,delivered,2017-07-08 21:11:41,2017-07-08 21:25:15,2017-07-12 14:03:35,2017-07-17 19:18:27,2017-07-21 00:00:00
1c94a449dc6b10d99d35132b76ce081d,7c8d8780167597d7072bf7034b82f423,delivered,2018-07-08 20:45:23,2018-07-08 20:55:28,2018-07-10 09:26:00,2018-07-16 12:34:29,2018-08-01 00:00:00
2bec039adcca39ad3a2d76a949e6c99d,dd06035a7c124081d791d46dea94f128,delivered,2018-07-26 13:03:46,2018-07-27 13:04:27,2018-07-27 11:55:00,2018-08-03 15:18:37,2018-08-16 00:00:00
64b474e9995eb9740db3190013984b6b,140e06ed00056011aa7326bcc0cd10e1,delivered,2017-08-07 09:14:30,2017-08-07 09:43:40,2017-08-09 15:59:38,2017-08-15 18:12:13,2017-09-04 00:00:00
00018f77f2f0320c557190d7a144bdd3,f6dd3ec061db4e3987629fe6b26e5cce,delivered,2017-04-26 10:53:06,2017-04-26 11:05:13,2017-05-04 14:35:00,2017-05-12 16:04:24,2017-05-15 00:00:00
5cc475c7c03290048eb2e742cd64cb5e,75e8f990b9e289013b1d092614b52487,delivered,2016-10-04 21:54:52,2016-10-05 03:10:31,2016-12-06 17:24:00,2016-12-12 20:31:54,2016-11-24 00:00:00
031f488d7e8549b5d8af94f5a3e9300e,46dcf912d282f0e1aa9c3278ec488723,delivered,2018-03-04 11:20:09,2018-03-04 11:30:45,2018-03-05 18:12:40,2018-03-26 22:04:49,2018-03-21 00:00:00
c80e3da5b9dc27c8ab6cd05b1c72daeb,5fb32891a7dca617c09849418feedaa4,delivered,2017-07-05 18:43:41,2017-07-07 02:50:48,2017-07-07 18:07:44,2017-07-13 20:46:48,2017-07-27 00:00:00
f790aa049bfa6a4143c96ad40711c558,8e13ce592a838ae656e66f18c4715863,delivered,2018-01-25 13:21:13,2018-01-25 13:38:52,2018-01-31 17:57:04,2018-02-03 17:35:05,2018-02-14 00:00:00
6561b237241a2fbd514d45440cd1b349,7b63a8b875b1f72f1a796fca5dc7be1b,delivered,2017-02-05 13:00:58,2017-02-07 03:55:28,2017-02-07 15:22:14,2017-02-21 13:04:06,2017-03-03 00:00:00
22230cb95aa16cf1615db1cf10a0ea2d,e4c5917984666dcd1fac843b5938b6a3,delivered,2017-11-28 14:18:24,2017-11-28 14:32:17,2017-11-29 16:51:48,2017-12-19 13:52:25,2017-12-19 00:00:00
97823d6731e59cd6b4f9d3ea113a976e,f73735edd848cf439de47e82b57abce2,delivered,2018-07-23 11:26:36,2018-07-28 23:30:58,2018-07-24 07:14:00,2018-07-27 12:03:15,2018-08-09 00:00:00
a4388d21a40d3fa0915cd15e2172eb45,a2db033ae19ddb38c3c78cf0689c521f,delivered,2018-08-10 18:22:24,2018-08-10 18:35:13,2018-08-14 11:30:00,2018-08-22 01:41:48,2018-08-27 00:00:00
c17789b6bce81222eaa468ad01dcc9db,c5b811eb984b0d3ad5a3f8a5fc439aa6,delivered,2018-04-05 08:37:02,2018-04-05 08:50:14,2018-04-11 21:32:17,2018-04-16 19:21:24,2018-04-26 00:00:00
795b392abe9e445552c226621cf9638d,f7ffda824870ec21df169cb0f7995e92,delivered,2018-04-20 16:08:37,2018-04-24 18:33:53,2018-04-23 20:12:55,2018-04-26 21:29:42,2018-05-16 00:00:00
3211a50b2771974d1a3a57054cca7dbb,812eae943fb8d191851edb5039b93aed,delivered,2018-05-05 10:14:05,2018-05-05 10:30:07,2018-05-14 11:02:00,2018-05-22 14:03:15,2018-05-30 00:00:00
79b7eb93349ff756b079e5cb0195cd1f,16723834970d6241faf5d1899fff6459,delivered,2018-02-14 20:14:51,2018-02-14 20:30:24,2018-02-20 19:29:23,2018-03-01 13:27:08,2018-03-15 00:00:00
a3b51577e617e3ffd00a8718b05874fd,d5041ca8a2d24e7d9851395b060f6d44,delivered,2017-10-21 07:36:27,2017-10-21 07:49:14,2017-10-24 16:28:57,2017-10-25 18:18:59,2017-11-08 00:00:00
9fae83d9b8b2e49831f7017a29632728,7fab538587b4843694afea5717d0c61b,delivered,2017-08-28 14:11:28,2017-08-28 14:24:46,2017-08-29 19:40:08,2017-09-01 18:17:41,2017-09-14 00:00:00
e9a38530c1e59ad3e44e59f1921f148f,027976d448887bd81535c3328efc075c,delivered,2017-11-09 19:47:03,2017-11-09 20:08:15,2017-11-10 13:26:37,2017-11-20 19:46:58,2017-12-05 00:00:00
1932f20df9b3883e48068ecd03e6178f,d4afe26e05e0272f48a9194977473439,delivered,2018-02-17 23:50:41,2018-02-18 00:07:53,2018-02-20 18:47:07,2018-03-16 20:42:19,2018-03-15 00:00:00
24c6c83e90a996ebc2ef245089006910,b0ef96a773ef39c98f78db78f108c852,delivered,2018-08-14 23:53:56,2018-08-15 00:10:22,2018-08-15 11:51:00,2018-08-18 12:07:40,2018-08-24 00:00:00
37c5a6df9c11a51d43f647c3fdd0904d,e1fe4de4fdc660e7dc028a17b2fb2938,delivered,2017-07-17 10:08:14,2017-07-17 10:23:25,2017-07-18 18:38:46,2017-07-24 19:36:24,2017-08-08 00:00:00
a55747e3eb2e893b9c9195f00307e0e9,00652f7a6e012d58f58fefd69d1a1ea4,delivered,2018-04-14 07:49:27,2018-04-14 08:11:56,2018-04-16 23:32:37,2018-04-18 15:06:56,2018-04-27 00:00:00
1bb1bff5951d630e985ec8d3f8037b86,e5f10ef99fd8ebded4fe354af56450f0,delivered,2018-08-03 15:41:24,2018-08-03 15:55:30,2018-08-06 16:25:00,2018-08-10 22:48:29,2018-08-08 00:00:00
aa84b2cd6335cfdd4a56d7a15917d026,d55e4f2052c1a40c3432639d5f3659ed,delivered,2018-02-16 14:57:41,2018-02-17 13:46:39,2018-02-19 11:41:59,2018-02-24 17:29:21,2018-03-08 00:00:00
56069689ce24a3bafc1bcc3333744b24,508c7b4fb7d3851500f0e72e8fac153f,delivered,2018-07-12 22:29:03,2018-07-12 22:43:56,2018-07-20 09:59:00,2018-07-31 11:42:52,2018-08-07 00:00:00
6c9e0983a488b321d5a291da9b9efc5a,96cd8ababfdcedc5d2572cc0874fe60c,delivered,2017-12-30 00:19:03,2017-12-30 01:31:31,2018-01-03 20:09:34,2018-01-10 11:21:33,2018-02-05 00:00:00
e010818e0f8eab0076d80f8699a22aa6,cb99d5f1c5278ded64a20fc48b03fd20,delivered,2018-05-22 23:00:44,2018-05-24 02:34:29,2018-05-24 14:09:00,2018-06-04 14:56:34,2018-06-07 00:00:00
797a924cf84d2f2ff7964c588c288638,9c7dab4c1f262f3280dc95d1a6b080dd,delivered,2018-02-13 19:01:04,2018-02-13 19:10:39,2018-02-14 23:58:31,2018-03-05 12:38:33,2018-03-16 00:00:00
6586e869984a35a55b2a67b4b494f8e5,49ae4f11985c8607233f9246531eb284,delivered,2017-10-07 17:30:01,2017-10-07 17:49:18,2017-10-10 16:19:58,2017-10-25 19:36:04,2017-11-09 00:00:00
3d536bddbad51e46b6bf390bdc17cb04,6dbbc0decd3468500c3faf6dccff6fd4,delivered,2018-02-24 17:24:00,2018-02-24 17:35:27,2018-02-27 13:55:00,2018-03-05 15:42:11,2018-03-29 00:00:00
104dbb8a46362208d1b4b3cf7a7c2956,1629f51edbf454ebbe093e3b6fc63aea,delivered,2018-06-08 11:46:36,2018-06-09 11:50:59,2018-06-27 09:11:00,2018-06-28 12:12:44,2018-07-13 00:00:00
54056b0d1e99d13dfcb36c57dd33709c,a211a81dbe759c812006a8554316fc94,delivered,2017-09-13 13:21:38,2017-09-14 03:04:53,2017-09-15 20:19:56,2017-09-18 21:51:44,2017-09-29 00:00:00
1fa2e0b6f8f3657f36449befc7c5cbae,52cac740adc0bede5bd0b0dad5a0e9f4,delivered,2018-05-05 17:20:42,2018-05-08 03:52:59,2018-05-10 15:47:00,2018-05-12 16:36:44,2018-05-18 00:00:00
279f4b9e7b2a4b2b98c0d8c8a8f2a4b2,5be52c6dec12c72dc02ac315ae57a221,delivered,2017-08-22 11:39:48,2017-08-22 11:50:49,2017-08-24 14:13:07,2017-09-16 17:17:53,2017-09-18 00:00:00
6326b091c76460e26d963f38c7ab627c,b5690b9da0de1ba1461664517f19fd62,delivered,2017-09-05 12:39:08,2017-09-05 12:50:10,2017-09-06 20:54:49,2017-09-08 19:57:54,2017-09-20 00:00:00
34b1401adf2ab260c3adcf2c2be847dd,401501207df9d38d6119beffb7375741,invoiced,2018-04-01 12:55:19,2018-04-01 13:10:11,,,2018-04-17 00:00:00
de5e00f9f07e671f1664172898ebf7a1,cad580d9f3d4996aac361e9275e5501a,delivered,2017-06-12 12:26:00,2017-06-12 13:10:19,2017-06-13 15:39:54,2017-06-22 17:09:42,2017-07-07 00:00:00
134ecc3a051e0aef2889ae1d42e79b87,958c7d63ed65a1a8b8323e253609d52f,delivered,2017-12-09 21:00:31,2017-12-12 03:38:22,2017-12-12 17:39:13,2017-12-22 21:33:11,2018-01-11 00:00:00
37bcd96070aa2347efafe5daef980585,397562f2f757aff9899caac6d66a05f5,delivered,2018-05-16 00:09:32,2018-05-16 00:34:01,2018-05-17 10:17:00,2018-06-05 01:37:25,2018-06-01 00:00:00
13a129044d7c671ff1ca959083f80653,3fb3a5016598ada7b80d50c770a874b1,delivered,2018-05-24 16:42:15,2018-05-24 18:38:17,2018-05-25 15:11:00,2018-05-28 17:56:47,2018-06-11 00:00:00
b20a448c655e1a13099ec0a1fdfc01ca,0b1386cbf11b90777319aabff481f5ab,delivered,2017-07-02 23:15:06,2017-07-02 23:25:11,2017-07-03 14:32:36,2017-07-06 14:20:02,2017-07-25 00:00:00
666a6189eb4abc80b00d96312defb014,e12db17ce6ad004c0fcc4848bdd46b6b,delivered,2017-12-05 01:03:06,2017-12-06 14:36:28,2017-12-09 16:43:47,2017-12-21 18:03:34,2018-01-08 00:00:00
835b4e81209a4b39fb6142da1591bd88,8d648eff7b575cc94425a0d12e48ebf0,delivered,2018-01-25 09:46:14,2018-01-27 02:42:21,2018-01-30 18:31:49,2018-02-15 16:32:42,2018-03-14 00:00:00
8dac680ab124621709e55d51a9a59cd2,b39def105bd70f65e3352f896c32d20a,delivered,2017-03-20 22:34:44,2017-03-20 22:34:44,2017-04-04 16:13:01,2017-04-07 14:48:14,2017-04-18 00:00:00
39de11394d8ad384d7b05c4b579cc811,ff32b7a1d4c88e44cac3859724b53a19,delivered,2017-12-13 10:39:20,2017-12-13 10:52:07,2017-12-13 22:43:22,2017-12-26 17:16:03,2018-01-12 00:00:00
f9c44da06151c190a9a6c9c712873d10,070db51ef1d6a1bd858c21b03de83e66,delivered,2016-10-08 22:11:57,2016-10-11 15:09:06,2016-10-14 18:00:00,2016-10-15 15:09:06,2016-11-30 00:00:00
ff73e2e57b5c7d3a1aa7c3ccaacafaa6,863b241a70ad9b999ecbaba0ebcb4a16,delivered,2017-06-19 23:07:13,2017-06-21 02:15:51,2017-06-26 17:34:41,2017-06-29 15:03:36,2017-07-10 00:00:00
51a73c564f9cc803ec067dd3a0381997,f3abd9d838b32ae720c958d71b5261b0,delivered,2017-09-05 20:55:39,2017-09-05 21:10:47,2017-09-08 17:40:03,2017-09-11 15:43:52,2017-09-19 00:00:00
5e01f3bd3366dac914df62787e0d3b3d,c98e02708e14452ffd0cdd16b5842bf4,delivered,2018-01-11 15:20:50,2018-01-12 02:35:30,2018-01-13 01:44:55,2018-01-29 21:53:03,2018-02-08 00:00:00
b5a76447895657ee2fd11c26613f585c,8c0db74e3a6a21cedcaaedcc13e311b1,delivered,2018-03-01 09:55:32,2018-03-01 10:10:38,2018-03-02 19:06:54,2018-03-13 22:22:04,2018-03-21 00:00:00
bd7e01b686605ad3276d16887069fdd7,7811bc56abc8cc9853718092db2b26d2,delivered,2017-06-14 01:13:33,2017-06-14 01:25:12,2017-06-22 05:41:56,2017-07-03 16:32:43,2017-07-07 00:00:00
ce322da078046d3b1e267b888d563fbe,a3f3f06060fe4f8e89d4f2b8be6a8b2a,delivered,2017-03-02 20:37:08,2017-03-02 20:50:17,2017-03-03 08:06:00,2017-03-16 12:46:05,2017-03-23 00:00:00
08613505c6d1fa61ec5908afbb99fe84,0989ad22ee10df514ada88585ebd3101,delivered,2018-02-13 23:29:56,2018-02-13 23:40:28,2018-02-16 00:36:59,2018-02-26 22:14:09,2018-03-13 00:00:00
0abd009f16e89981bdb8ef51c8df289e,776e3127741b8d940d12afa4449e50a6,delivered,2018-06-18 03:17:08,2018-06-18 04:09:38,2018-06-18 08:13:00,2018-06-22 21:56:33,2018-07-13 00:00:00
5f96a11ca1438f152748a22210b680c8,2ab798d772a25a203ea9e71bb0c9f89e,delivered,2017-11-04 23:44:13,2017-11-07 06:31:29,2017-11-08 20:18:54,2017-11-16 21:12:15,2017-11-27 00:00:00
36178eae87ee6553df1faf30e2c135b9,8b47c9a9eccb8a88658de10e8accf89b,delivered,2018-05-17 08:35:11,2018-05-19 03:12:58,2018-05-21 09:33:00,2018-05-22 14:11:12,2018-05-25 00:00:00
83e72081383fc363b9d9b2d509917824,ce4831c3ea13b5ac8a0d030b838acdb0,delivered,2017-05-18 14:06:06,2017-05-18 14:15:13,2017-05-19 10:03:46,2017-05-29 16:12:55,2017-06-09 00:00:00
7803d0f984dfa8078247ba07d2645bef,e1a8bac0030788c65d3500ef868c6285,delivered,2018-01-29 22:16:45,2018-01-29 22:30:20,2018-02-02 15:32:43,2018-02-15 23:13:47,2018-03-12 00:00:00
c2f3a413b93e57befdbc7877ae75758e,d5f689e7c0eba43c667059571388f2f1,delivered,2017-06-27 11:29:08,2017-06-27 12:24:02,2017-06-30 14:06:06,2017-07-14 18:47:32,2017-07-25 00:00:00
ca274ea678d57fbf2dbfbb1b72a236d5,37dfb124f9e0d398a39c89db854e963d,delivered,2018-08-13 11:44:27,2018-08-14 04:10:19,2018-08-14 14:12:00,2018-08-18 00:08:50,2018-08-24 00:00:00
953a4462fe82c3e1939934b4e5efa516,e041783f7a7735817fcf16c57d10adb4,delivered,2017-12-12 13:52:27,2017-12-13 02:34:23,2017-12-13 17:35:07,2017-12-27 21:33:10,2018-01-09 00:00:00
01f3ed0a20c6db39216985812a092bea,88cd4760d06074426489e89bb4116184,delivered,2018-08-18 22:34:41,2018-08-21 06:09:50,2018-08-22 12:29:00,2018-08-27 18:44:47,2018-09-05 00:00:00
845af102c87e1c1bbcb900956ca08e90,c38c4b830f5c4a3825eea988694fb0af,delivered,2017-07-15 14:01:45,2017-07-15 14:10:15,2017-07-17 19:13:02,2017-07-26 20:27:27,2017-08-10 00:00:00
d4a3c28ffadf7c451e1d420fb14fe13c,25ab14fc672547e0312a9bb6b8953bec,delivered,2017-08-24 16:54:09,2017-08-24 17:10:21,2017-09-05 17:32:55,2017-09-23 14:22:47,2017-10-02 00:00:00
0a4717812af08b022a25c46f110d881d,a5d68d034b9beac73720fea281944794,delivered,2017-12-11 12:04:43,2017-12-12 03:50:20,2017-12-13 19:03:15,2017-12-23 14:19:24,2018-01-04 00:00:00
d6e32818428593eefe8ffd7e15acb83e,784210ee365c635556aeb69e14e072fc,delivered,2016-10-10 14:02:01,2016-10-12 03:01:36,2016-10-16 04:01:38,2016-10-19 04:01:38,2016-12-16 00:00:00
6c596fc6f412dc68ef8d18c721687a20,2980eb390c71f54d2d046d240c978638,delivered,2017-12-30 19:34:03,2017-12-30 19:46:50,2018-01-02 18:54:16,2018-01-22 13:33:57,2018-01-29 00:00:00
88fb267a50efb599d94ac61abec346b0,69516ffcc9deb07156b30e97c0573919,delivered,2018-05-07 16:36:48,2018-05-07 17:56:22,2018-05-08 14:04:00,2018-05-11 23:07:41,2018-05-23 00:00:00
60774e7210a075fb221731434321e048,c222cf7a226c9cafb1bedfa622b01bf0,delivered,2018-04-09 21:19:57,2018-04-10 00:12:41,2018-04-11 23:46:35,2018-04-19 14:08:53,2018-05-07 00:00:00
1e2873bbf8abcb5fd687719096812cd6,6b75e2df886b0fddea0581a52afb6968,delivered,2017-09-14 00:38:28,2017-09-15 00:45:08,2017-09-15 20:02:18,2017-10-05 19:58:55,2017-10-05 00:00:00
786e317a02958a4345b7df21d49c9b3a,27a2c0a013aee9e9292894fe5f43d1ad,delivered,2018-06-18 11:15:23,2018-06-19 03:36:54,2018-06-20 12:40:00,2018-06-22 18:53:47,2018-07-05 00:00:00
3f927a0036358d9522078e7e3007cfe4,106019032c892c9f50d957f3aabd895e,delivered,2018-03-19 14:43:10,2018-03-19 14:55:42,2018-03-20 00:14:32,2018-03-20 17:13:05,2018-03-29 00:00:00
adb3a0386f6e1f65d5fa85ecfc0f64a2,efce0446c7a2965ea8f7e70ddb7ebd7e,delivered,2017-10-16 21:51:29,2017-10-17 21:49:22,2017-10-20 11:33:00,2017-11-27 22:14:04,2017-11-09 00:00:00
49546e578022b62f674f28784482c34b,a3e3d6701c395ca34f3aee1c8dfda927,delivered,2017-10-28 17:18:18,2017-10-29 17:24:55,2017-10-30 15:39:44,2017-11-03 18:47:43,2017-11-22 00:00:00
01a1553cddb473cec004af5ce2192f1c,d0f1e9e852ef9b1099b6dd3c25027d55,delivered,2018-07-20 09:55:09,2018-07-21 03:23:45,2018-08-02 08:13:00,2018-08-08 21:32:24,2018-08-23 00:00:00
96329094267555553b0fec10591cc3b0,f18d5b1ad1ce464e75cba9062a5166b5,delivered,2018-08-10 12:05:07,2018-08-11 12:04:33,2018-08-13 17:43:00,2018-08-17 18:02:39,2018-08-22 00:00:00
493c01f6ccb506898f25e3b7eb123d18,36a6601c12cfce27029bbd8be26430dc,delivered,2018-02-17 14:07:46,2018-02-17 14:26:40,2018-02-19 22:28:52,2018-02-24 03:19:11,2018-03-22 00:00:00
010b143d83a59b355cd5a75c0f0fd785,c181ea8a3ec364246642e36dae84bf30,delivered,2017-08-30 23:28:35,2017-08-30 23:44:47,2017-08-31 21:12:48,2017-09-18 15:04:10,2017-10-06 00:00:00
84c904ab766712ddf5179277e7dc07f7,33815697efba93373844bb3d49166e43,delivered,2017-10-18 10:13:42,2017-10-18 10:36:01,2017-10-24 19:33:20,2017-10-25 16:08:08,2017-10-30 00:00:00
16f2b04292cfdf925c7d231f98812249,805555a6b9899dc153d8613a1a02c098,delivered,2017-09-30 11:48:22,2017-09-30 12:04:21,2017-10-02 16:28:18,2017-10-09 17:33:50,2017-10-31 00:00:00
68e55ca79d04a79f20d4bfc0146f4b66,30e6e854c81fa16f46a5d7f3ab025e6f,delivered,2018-03-16 12:51:35,2018-03-16 13:09:21,2018-03-20 18:32:31,2018-04-11 02:12:46,2018-04-06 00:00:00
6b84d210abf237ef478dd4f1b0f4c10b,39185bd4718b6a5459a822c7698891cb,delivered,2018-05-30 20:36:33,2018-05-30 20:55:30,2018-06-04 14:42:00,2018-06-12 14:11:23,2018-07-20 00:00:00
b118865ab4b10eac2113204b666d7ab2,a68c7565bc8f5c17830d9e93f58aa006,delivered,2017-12-29 11:10:45,2017-12-29 11:19:21,2018-01-02 19:42:44,2018-01-05 16:49:25,2018-01-30 00:00:00
0d68c551465186fc0cc6b48f617e0f3a,13a53c5effef02fd11d858e179c9075f,delivered,2017-03-19 21:29:07,2017-03-19 21:29:07,2017-03-21 12:21:43,2017-04-06 16:17:56,2017-04-12 00:00:00
325ec8a88062bc88aa724f174358df01,4bac80629229a5f4df8a9d643c573a7f,delivered,2017-09-20 11:53:31,2017-09-21 03:04:57,2017-09-21 21:47:55,2017-09-25 18:34:05,2017-10-06 00:00:00
0f740a04b4f5fce0611344905b62332c,1db2189def22e420ab1b634c13b49566,delivered,2017-11-30 19:34:24,2017-12-01 09:31:23,2017-12-06 13:13:35,2017-12-18 15:15:04,2017-12-28 00:00:00
d8488e5f53e0ae47397ca8f7936acfd0,dbd70b996af60a18747c8204e3435c5c,delivered,2018-08-22 13:12:34,2018-08-23 02:44:27,2018-08-23 12:48:00,2018-08-24 20:12:04,2018-08-27 00:00:00
704611e37204252ce312c0b0ce22ef41,1bd85c9d65bc738698fef11a58127278,delivered,2018-03-09 14:55:41,2018-03-09 15:10:58,2018-03-14 18:24:41,2018-03-22 23:28:38,2018-04-03 00:00:00
3e9a88f66e0a7f0a46ddf240f5370047,43c471f74a026f8c226d4f891ff93ad8,delivered,2017-07-17 21:15:52,2017-07-17 21:30:24,2017-07-18 16:03:06,2017-07-26 00:37:34,2017-08-08 00:00:00
a51972957a794d949aa4f39ca52249fc,9d9bba3706f6e6f719bafea5532c3b83,delivered,2017-07-14 22:39:12,2017-07-18 06:03:43,2017-07-19 18:55:47,2017-08-01 19:17:28,2017-08-11 00:00:00
d710dadcf1f25993f76835a786761250,6d1ad1d9c18e0d87079cb0cd3d21b5d6,delivered,2018-05-16 17:46:11,2018-05-18 04:55:18,2018-05-18 16:43:00,2018-06-07 17:04:08,2018-06-07 00:00:00
408f2f229612df125125c44208331045,1a9e7bc5db555b1e83b4cd9389aa3063,delivered,2017-11-23 21:55:08,2017-11-23 22:28:30,2017-11-24 17:47:59,2017-12-05 20:33:56,2017-12-26 00:00:00
63b560062bb9ccde4a2b9e9d26b39486,e3d372b69974946e6e31f906d16966d5,delivered,2018-08-07 13:28:15,2018-08-07 13:45:34,2018-08-08 16:04:00,2018-08-12 17:32:42,2018-08-10 00:00:00
f96c95462f9bc5192f6ce1985d4a29be,00b7dcb6e32230f09195eb0e9aa1a94b,delivered,2017-05-13 22:23:00,2017-05-16 03:15:38,2017-05-19 09:39:52,2017-05-23 13:58:55,2017-06-06 00:00:00
580530118ea1a9da5f64b2ce87a6bb1b,86503341952fe53c97b3aa4dcdab5034,delivered,2017-08-29 18:14:08,2017-08-29 18:30:19,2017-08-31 15:35:08,2017-09-12 20:45:41,2017-09-22 00:00:00
b2a7488d3bfedd8a8abd53fff6127807,4596b32d78313ebf60d4b14a6a95ff87,delivered,2017-11-24 07:04:41,2017-11-24 07:14:32,2017-11-24 22:13:14,2017-11-30 23:23:48,2017-12-21 00:00:00
7aad36e062cda02d713d48d1e9d7c005,6c51d0ee3472d8e60c646d5480f08789,delivered,2017-12-01 20:07:31,2017-12-01 20:14:24,2017-12-05 17:12:54,2017-12-18 10:47:11,2017-12-26 00:00:00
7c4281b08578a1e5e13e56814b3c6123,686ba249f6f98cc2610b58e5b9982e6a,delivered,2017-07-18 14:01:45,2017-07-18 14:15:18,2017-07-19 19:32:51,2017-07-24 21:37:35,2017-08-24 00:00:00
4437322bbcfa3948b387f1e5e3801a24,1840ec1e113cdef52138fba79e65848f,delivered,2018-04-02 09:01:04,2018-04-02 11:48:44,2018-04-03 16:31:16,2018-04-04 19:33:08,2018-04-26 00:00:00
e3654d3f8136f013ad09af28b1585e24,72d191c8e8261379a271860bd5b2fa86,delivered,2018-03-03 23:51:06,2018-03-04 00:08:43,2018-03-09 22:28:39,2018-03-21 23:08:51,2018-03-27 00:00:00
a8b2111a24cd1ebe4246f720de1b238b,e4821491cafc33d088879ee8cc3c1d1e,delivered,2017-07-04 11:49:17,2017-07-04 12:03:48,2017-07-05 15:07:25,2017-07-11 01:05:31,2017-07-28 00:00:00
e567001ce77d68566b016e7929c11bfa,9cb13b3ed746886e379ad84688f99fc7,delivered,2018-01-09 21:21:07,2018-01-10 10:32:05,2018-01-13 00:09:33,2018-02-02 17:47:59,2018-02-06 00:00:00
09914aa3bf0c742de9a4819692ec756b,606ee56c24ba3bbe8db80bb73ff1dcb7,delivered,2018-01-03 17:44:15,2018-01-04 05:14:02,2018-01-05 18:23:03,2018-01-11 22:14:29,2018-01-31 00:00:00
be1aff1e5ed8adabab251a979e96bdb9,826c677b00d964c53329e5ea1b5bddab,delivered,2017-07-14 14:20:03,2017-07-14 14:35:13,2017-07-17 21:34:59,2017-07-27 16:44:30,2017-08-18 00:00:00
13ab379ac762d840b29042681a1a6156,922f0518fb56e709d3ee898aa6435d76,delivered,2018-08-05 20:56:20,2018-08-05 21:10:18,2018-08-06 13:59:00,2018-08-14 17:12:03,2018-08-14 00:00:00
ef70e4d6b81be0fc423f1b77e4481e44,88815bf98f72d0aa820e81d052642721,delivered,2017-07-25 12:28:19,2017-07-25 12:43:16,2017-07-26 18:57:54,2017-07-28 17:55:51,2017-08-07 00:00:00
b78ff92837a4593dbc8ed0e5f7ce3e16,7b499c7dbd0d6d1cc3c4bee26de8821c,delivered,2017-12-03 20:22:47,2017-12-03 20:33:23,2017-12-06 15:51:45,2017-12-22 22:49:08,2017-12-27 00:00:00
9fb1ba3c276b463ddaf0f78a653cde06,cd1cea5e63d0c517d4b68e569e72e28d,delivered,2018-06-06 15:47:12,2018-06-06 16:14:13,2018-06-08 14:37:00,2018-06-15 12:32:41,2018-07-17 00:00:00
a304e27bd17a57240cb6779d293726d4,0af83a63def65b243f85cbb635e98b16,delivered,2018-02-23 11:22:45,2018-02-24 10:48:03,2018-02-26 20:24:02,2018-03-05 22:13:34,2018-03-16 00:00:00
93b894aa172f143569242919b7b319e3,b2998e51aa3d8a7f6a8eda85dd48b564,delivered,2017-05-12 12:42:10,2017-05-12 13:11:18,2017-05-12 14:12:16,2017-05-23 13:47:47,2017-05-30 00:00:00
943dc313319b98a46f1aa70d59b68715,c0ca3b0cd457d58573982009c592f913,delivered,2018-06-29 11:50:43,2018-06-29 12:10:03,2018-07-02 14:11:00,2018-07-06 17:51:00,2018-07-27 00:00:00
ec5c62e3694f59fb2e2694eeea5efd99,0d782cacd6172d4c1ccaa85cf43dcbd4,delivered,2017-03-15 14:17:51,2017-03-15 14:17:51,2017-03-16 11:23:38,2017-03-23 15:27:14,2017-04-06 00:00:00
95238556fec6ef59d8ed25b4379008bb,1e1746d4456c3743892253a404e04439,delivered,2017-09-03 21:42:30,2017-09-03 21:55:25,2017-09-04 19:52:47,2017-09-11 22:43:21,2017-09-21 00:00:00
161b62294734a5b8c35890b6a607c7d8,2d5b2e10598f23bee8a27fd92f570209,delivered,2018-01-11 13:27:24,2018-01-11 13:39:26,2018-01-15 23:08:35,2018-01-19 16:08:58,2018-02-05 00:00:00
3b42ad87f3292fab60e143988d332da1,4a63a260154fea565815aa2eace75155,delivered,2018-03-11 22:24:13,2018-03-11 22:35:30,2018-03-12 17:26:26,2018-03-15 19:41:58,2018-03-28 00:00:00
2c0a28ce4971f66f2def8542ef0b6c18,764192aa284b3aa660e6c89aa3849511,delivered,2018-02-03 18:21:54,2018-02-03 20:10:12,2018-02-05 23:46:38,2018-02-15 23:04:16,2018-03-09 00:00:00
77338308426749365f169773fa614a56,c3c417054f5656e9470874ae63265424,delivered,2018-08-15 19:03:09,2018-08-15 19:15:19,2018-08-16 11:56:00,2018-08-27 12:21:54,2018-09-06 00:00:00
7955aff2104a9da63a79084ab9b9cc62,2a3621021bfa1171d27422d35ffa2a36,delivered,2017-06-08 13:30:31,2017-06-09 02:42:39,2017-06-12 15:30:37,2017-06-19 21:13:02,2017-07-03 00:00:00
4c09b402a17b72a4a9338d51a8759b4a,10b59f56c87c5f68a2dbf3646f0f78bb,delivered,2017-10-30 11:25:08,2017-10-30 11:36:03,2017-10-31 21:58:24,2017-11-10 19:46:53,2017-11-24 00:00:00
8349d82bb3c36734477e55a95e61e0b6,7198566fbc1f1c289ebf20ae2ade636b,delivered,2017-09-16 20:30:09,2017-09-16 21:04:59,2017-09-27 20:33:01,2017-10-09 20:22:03,2017-10-11 00:00:00
cb4a79c1e6c9ae44302861e7602cc449,536f46cc0f2f2b1e40d056f7998f0254,unavailable,2017-12-06 15:46:07,2017-12-06 15:57:29,,,2018-01-03 00:00:00
c645c38b97d82c6a042adcf18df3daf3,f04a4d84ba2597da24b254fa733ebd80,delivered,2017-11-24 11:39:24,2017-11-24 13:33:46,2017-11-29 23:03:37,2017-12-06 00:16:42,2017-12-18 00:00:00
c6fa9f5af647f54d235728bb12eaf5f5,07731871dbc303d9af056c55552492de,delivered,2018-07-27 22:11:39,2018-07-27 22:25:08,2018-07-30 10:11:00,2018-08-01 20:37:39,2018-08-08 00:00:00
6e7f938e1ebc4eb4b205b2ad66c5525d,d64eb944d3fef8d269de717e4bc2d56c,unavailable,2017-09-12 00:08:18,2017-09-12 00:23:58,,,2017-10-03 00:00:00
0411b9d67ebfabf519c3e47629e91e3d,68c4ac73f19217101bdf5c2924552362,delivered,2018-03-08 06:06:06,2018-03-09 02:10:23,2018-03-13 00:16:25,2018-03-19 16:52:39,2018-04-06 00:00:00
b9ab6047d37ddd3df234b9e3da860b39,3dce5a79db731771c20821693a0ade0b,delivered,2018-03-03 08:28:33,2018-03-03 08:48:30,2018-03-06 17:08:25,2018-04-09 18:28:48,2018-03-23 00:00:00
ad20d0dfe5b91c07df72dff0206aacd9,50ff7fc5ed9bd9bb79a4313f9924c6e0,delivered,2017-10-31 22:19:42,2017-11-02 02:27:03,2017-11-07 14:53:06,2017-11-10 16:56:33,2017-11-28 00:00:00
ce890faac8e2e4bece041845501ac3a6,8395381b2c2766ebceb43c768072fbce,delivered,2018-01-16 14:15:44,2018-01-16 14:30:18,2018-01-19 01:47:00,2018-01-26 17:57:58,2018-02-06 00:00:00
70ad2dc48af913cd86faef1c08d45c2c,695488135dfcfec7886b32ea7193a63e,delivered,2017-07-15 20:01:32,2017-07-15 20:10:22,2017-07-20 17:14:00,2017-07-28 20:32:36,2017-08-08 00:00:00
0c8d39b03d0d4918d66be0eae8f57a58,26a1ebeb355f1ece14295353f49e859e,delivered,2018-03-26 13:42:55,2018-03-26 14:14:29,2018-03-28 20:11:37,2018-04-04 16:38:23,2018-04-17 00:00:00
72a96400285f2bd8dd6d47e55e203b92,bd77da350a9ea3d6a17d1ae01d8788dd,delivered,2018-03-24 16:36:05,2018-03-24 16:50:28,2018-03-26 19:27:44,2018-03-29 16:26:54,2018-04-17 00:00:00
b83972e412c479d855b5fcdaff8f4d67,179c9a2f3d47b3179611a8e3279dfff5,delivered,2017-06-10 16:16:53,2017-06-10 16:30:18,2017-06-12 15:44:59,2017-06-15 08:59:54,2017-06-26 00:00:00
d0bce34c31d4494a153aa82c468152c4,b177ef267a4377b77e0620d1a7f08dce,delivered,2017-06-05 19:38:57,2017-06-06 19:45:17,2017-06-28 13:18:47,2017-06-28 17:08:00,2017-06-28 00:00:00
9d37f81251d833e6328fe07745bfc2d0,b3c098f5250d9a6b7745b6888783a949,delivered,2017-11-03 15:52:40,2017-11-04 05:05:35,2017-11-06 21:53:46,2017-11-14 18:58:57,2017-12-05 00:00:00
c00f7921a5003d2b642bea9583d40166,48a917be2f41443540f0071f765aeb06,delivered,2018-03-18 08:54:39,2018-03-18 09:10:33,2018-03-21 01:46:50,2018-03-26 14:56:52,2018-04-19 00:00:00
28136596c0ceb5c43000c1776348b72b,0761a5ba0468e259dcc1cff863eeb3a9,delivered,2018-03-13 06:48:40,2018-03-13 07:27:46,2018-03-27 23:38:53,2018-04-19 20:19:20,2018-04-19 00:00:00
d0c657a6c80777d2c1c616e0cf917e32,e8d87a4b1c62c22f08a17ffa6570c9cb,delivered,2017-04-09 00:16:39,2017-04-09 01:10:24,2017-04-10 15:52:40,2017-04-12 08:51:30,2017-05-02 00:00:00
40b9d5b5beb5f07698425a388cb7035d,0a4fcb6da2e190e60839545ef0537c06,delivered,2018-03-22 19:47:31,2018-03-22 20:08:36,2018-03-23 21:33:01,2018-04-10 15:32:58,2018-04-13 00:00:00
1b93c74fca59a2ccbd51e3fdcb15d36a,7c3f5c0a88de1382b659909c72030c1b,delivered,2017-11-24 19:08:11,2017-11-24 22:34:35,2017-11-27 22:58:35,2017-11-28 18:57:08,2017-12-08 00:00:00
9630c641313083fe39397cfa75810e4b,c83de831b03523421671013ffb35372c,delivered,2018-07-30 01:36:28,2018-07-31 04:31:26,2018-07-31 13:45:00,2018-08-04 12:17:00,2018-08-13 00:00:00
3fbb598da3d544e640039c789df239b7,d7df11c500868a6c4ca48e8252347de3,delivered,2018-03-05 17:08:53,2018-03-05 18:31:18,2018-03-09 02:28:24,2018-04-06 18:52:35,2018-03-28 00:00:00
c0a5ee715d163c6faeafb628759657d5,81f010586b721342420324aa202e0c87,delivered,2018-02-20 14:06:09,2018-02-20 14:28:44,2018-02-22 18:46:08,2018-03-09 01:44:30,2018-03-12 00:00:00
e8977f709bbb0367f51b589e6325f991,b7f69471fed8a036911323fca290a2c2,delivered,2017-11-13 21:37:15,2017-11-13 21:50:33,2017-11-14 22:38:39,2017-11-16 19:25:51,2017-11-27 00:00:00
2ed40a95fdd7b319825703d38149a570,57254253b91069d90c2d105ce6d82f7b,delivered,2018-08-21 19:11:28,2018-08-21 19:25:15,2018-08-22 14:26:00,2018-08-23 19:48:44,2018-08-24 00:00:00
e5d223ea6296e491df65d5786ad215d2,c90f74efe71360d1205b83bc6458f825,delivered,2017-11-30 13:33:17,2017-11-30 13:56:36,2017-11-30 23:27:00,2017-12-13 18:52:47,2017-12-26 00:00:00
534100b99398bfa0b9ffbf40fc8c7757,777223bb800df171262ee66574f4ba7b,delivered,2017-07-21 21:47:09,2017-07-22 06:42:47,2017-07-24 19:05:00,2017-07-26 17:57:48,2017-08-04 00:00:00
bffbc9914c0ed565820a4cf5b205b0d5,b80a097ea46d3cef0ea29a2b2ce06375,delivered,2017-11-27 21:19:18,2017-11-27 21:38:25,2017-11-29 16:17:51,2017-12-18 22:58:41,2017-12-19 00:00:00
52c470bb7e38c0180705d1339fbc1cc4,58226f65e8043f2fecf5ca45bc00f460,delivered,2018-05-05 17:11:22,2018-05-08 03:52:59,2018-05-11 15:52:00,2018-06-06 20:52:08,2018-05-29 00:00:00
c38c88c87a4800eda1f0a4f0638a48f3,163c48611fdce2822d72501412c2b6ef,delivered,2018-05-04 11:34:53,2018-05-05 11:33:49,2018-05-07 13:55:00,2018-05-16 01:38:31,2018-05-24 00:00:00
894e3de9f4244f5113bf5b97627330d8,3b2a2167b75d2d89c226dca5c2f31ab1,delivered,2017-05-01 11:28:31,2017-05-01 11:35:19,2017-05-02 21:25:52,2017-05-10 05:18:34,2017-05-25 00:00:00
c87c652834da18e71fce5dd703bc5936,4b87e315da3b2afd640165f8eb68a747,delivered,2018-07-07 10:20:36,2018-07-07 10:30:11,2018-07-16 13:03:00,2018-07-30 11:48:32,2018-08-03 00:00:00
f7a13f20a5890267b58c194a333edfe9,b1a4f6469e0fddafd5397c86f8321874,delivered,2017-02-05 23:22:30,2017-02-05 23:35:14,2017-02-09 16:09:15,2017-02-15 12:42:20,2017-03-13 00:00:00
acf29b3a5d8f9e4edbde7d332f4aab8c,c32d964e5a735adc76b1c80a09367f0f,delivered,2018-06-16 01:31:02,2018-06-16 01:58:45,2018-06-18 15:01:00,2018-06-23 00:48:43,2018-07-11 00:00:00
aef44b8c84ba0725db5b3c5bd7b29200,0b32a6f8b47212b01768e04e8a3bcbca,delivered,2018-07-02 23:11:01,2018-07-02 23:30:21,2018-07-03 14:00:00,2018-07-04 14:59:04,2018-07-16 00:00:00
2477bfb97977363803e3cdd7c6805198,8eececd782170fd1c5b538b1fdfb0093,delivered,2017-11-26 23:26:59,2017-11-28 23:37:51,2017-11-30 22:45:36,2017-12-18 16:59:11,2017-12-20 00:00:00
057889a9d468c179e39e9a6cdb5f4f8e,ffb53eb1e2c74880a3f552a3a32a68ca,delivered,2018-06-15 17:21:08,2018-06-18 11:15:27,2018-06-21 14:26:00,2018-06-26 21:16:43,2018-07-18 00:00:00
83c72ea1f298ffb69588da1e76ad9bcc,4f04f3ee0fa1a4068563654d2c137268,delivered,2018-01-07 19:05:28,2018-01-09 07:16:58,2018-01-09 21:26:10,2018-03-16 01:38:42,2018-02-07 00:00:00
808fbd7ff181351baf5d9ececab82258,ba9f01f047473c3db12adbf0b68cdaa9,delivered,2018-02-28 18:35:05,2018-02-28 18:48:28,2018-03-02 01:24:52,2018-03-22 17:08:45,2018-03-23 00:00:00
62bb0ef3edb4e30a1481daa8f0e91f3f,0be23035ad10fedb829249b612f907cc,delivered,2018-04-28 10:46:48,2018-04-28 11:10:37,2018-04-30 15:27:00,2018-05-07 15:26:39,2018-05-14 00:00:00
adb5229ba2403ffab5e2b7cd6e33459e,3d52b58102741860726768607ec7e311,delivered,2017-06-20 12:39:27,2017-06-20 12:50:30,2017-06-22 12:36:40,2017-06-23 13:04:20,2017-07-06 00:00:00
2de7baec7f43b0d1d11acfb14aaa7e21,2ee4de7ea23d3e955ab725ec479db518,delivered,2018-01-26 02:58:28,2018-01-26 03:19:22,2018-01-26 17:19:50,2018-02-15 17:13:33,2018-02-23 00:00:00
c49ba2ce28a550d5d637acb88bda3ba1,9f68ba009f061aa7f0c6458e66efb743,delivered,2018-03-25 18:29:20,2018-03-25 18:48:32,2018-03-29 20:14:27,2018-04-02 18:48:47,2018-04-09 00:00:00
6c91816cad7d95fae9a51fd93671289a,cf04f5f184e4c0c5430894beada91b29,delivered,2017-09-30 15:42:59,2017-09-30 16:21:16,2017-10-02 21:14:49,2017-10-06 18:49:58,2017-10-31 00:00:00
d7c877c5db825f754e75a32ac35e13b0,75cc2d098cc1aa9cb7ea863100b5c200,delivered,2018-03-04 15:23:16,2018-03-04 15:35:29,2018-03-06 00:37:36,2018-03-15 22:28:26,2018-03-28 00:00:00
d1a247356c40b7de748a36342cc9affa,5ccb310ba483a89f461da705b6906af8,delivered,2018-01-13 19:37:40,2018-01-13 19:49:37,2018-01-18 21:52:45,2018-01-30 21:08:17,2018-02-06 00:00:00
c42032f3265e1b479a385e0b537252b8,110610bf53fc189ecdff1917a441a991,delivered,2018-01-19 19:51:18,2018-01-19 20:16:40,2018-02-07 19:28:21,2018-02-22 18:17:11,2018-02-20 00:00:00
b5b015afaa8546f85da13e16878325c7,8435acb0d20dea7a8fc0d659bbc3eef7,delivered,2018-05-19 15:41:35,2018-05-19 15:51:59,2018-05-22 19:04:00,2018-05-23 20:25:24,2018-05-29 00:00:00
584c738e16c8bf7f525160ad449e103a,8d3adb13caefd60c8e611cb3f2a69da9,delivered,2017-12-11 23:18:47,2017-12-12 00:05:06,2017-12-14 21:39:15,2018-01-05 23:48:17,2018-01-09 00:00:00
1f86788aa6bb65cfe93c9bc996c27e91,8714d5f59b012655e9adc2f68b69957a,delivered,2018-04-03 19:49:05,2018-04-03 20:09:05,2018-04-04 22:03:37,2018-04-10 22:03:37,2018-04-26 00:00:00
a1b8aea9fd9e26a8644a65e1aaea8740,0ab760a37d890cd1ebc3bf0d7d5f5ad4,delivered,2018-07-14 18:12:49,2018-07-14 18:30:20,2018-07-16 14:15:00,2018-07-27 11:51:55,2018-08-08 00:00:00
ba63a64d0aa1576c6b826428f476da1d,cac8cef37f69570ba1cbc5e4ad1c3590,delivered,2018-07-28 13:11:55,2018-07-28 14:30:45,2018-07-31 13:34:00,2018-08-07 17:45:17,2018-08-15 00:00:00
403bd63a3c63b59c73e32b1ee7c4a664,2ab985fdf76700a0c77d9ea89e2f3e39,delivered,2017-11-11 23:43:34,2017-11-12 23:50:35,2017-11-14 22:54:47,2017-11-22 19:05:32,2017-12-01 00:00:00
6c2a52b8ca498855b567ef1e5577940a,e95d937c7456ef0f947990a9eaee2b1e,delivered,2018-01-31 13:25:33,2018-02-01 02:35:52,2018-02-01 19:34:58,2018-02-23 19:04:33,2018-03-01 00:00:00
c668959320c802e085e34b42a9b3e7fe,cb9b503a684f6157c5eff93c908ad0d1,delivered,2017-06-07 18:27:24,2017-06-07 19:35:22,2017-06-08 10:14:50,2017-06-19 12:48:47,2017-06-30 00:00:00
7b99b84868d16899bd87924ba93f32bf,24a0c8ed6023ebf150adf2594bb824a1,delivered,2018-02-27 21:59:44,2018-02-28 13:15:27,2018-03-01 20:34:46,2018-03-23 14:28:57,2018-03-21 00:00:00
c9eadde41242e71dd70ad3fb033940eb,b3c2c42fe40ca63323ee2b44f207a66c,delivered,2018-06-05 19:12:35,2018-06-05 19:54:52,2018-06-06 12:54:00,2018-06-07 21:18:48,2018-06-29 00:00:00
a94d0b841df6a23bdb275b89448d1d3c,e28e57a3be0434b0b2eb366de657ec43,delivered,2017-07-29 20:47:03,2017-07-29 21:03:26,2017-08-03 19:33:53,2017-08-11 20:17:07,2017-08-29 00:00:00
46cede95824dbdc8bd1549dcd43e4850,1d858e0bb7f8c1a95605be259f635d86,delivered,2017-05-12 19:59:12,2017-05-12 20:10:14,2017-05-16 12:33:59,2017-05-19 10:09:37,2017-06-01 00:00:00
8dc54c68f91d6fcf2802cf289383a085,5746fccbf3921985147d1e85140e0e2d,delivered,2017-09-08 23:31:31,2017-09-08 23:45:17,2017-09-11 20:39:34,2017-09-19 18:12:42,2017-10-02 00:00:00
f6159576a3c6447b217c3b0397b97e06,a1327b6cd120f01ea65a7418197d47db,delivered,2018-06-01 18:21:28,2018-06-01 18:35:21,2018-06-04 13:01:00,2018-06-07 15:27:47,2018-06-26 00:00:00
58e49d5a213ab0b61bf261ddf8332f5a,9b9f6285956c99f9aaf3c2b1ae833836,delivered,2017-10-06 21:04:13,2017-10-06 21:24:41,2017-10-11 20:24:54,2017-10-19 20:33:32,2017-10-24 00:00:00
22df89b611e2a03b4957043cf949e51f,3703dabac361c6249a0d8d21564fb925,delivered,2018-08-22 09:17:07,2018-08-22 09:30:20,2018-08-22 15:44:00,2018-08-27 07:42:37,2018-08-27 00:00:00
dc7be79976943eeae2bd3e4530b511fd,d33b250cb9b08d63736d711cad71cc52,delivered,2017-08-08 23:01:39,2017-08-08 23:15:14,2017-08-14 16:26:31,2017-09-11 17:04:21,2017-09-01 00:00:00
70c50ba283cdd637ec95a4c0b0821a7b,8e017b4671087e525f876be6b8a73938,delivered,2018-02-09 19:30:28,2018-02-09 19:47:55,2018-02-16 23:26:34,2018-02-28 19:42:35,2018-04-03 00:00:00
46d0f76081021815e170035bdef4c828,7dcbe502ff17e2a150de35c16eaca314,delivered,2018-02-26 09:39:24,2018-02-26 09:55:32,2018-02-26 22:40:16,2018-03-20 21:14:40,2018-03-21 00:00:00
74c2f1a8063baecde689a28b1704993e,b566df205f7a47c71d281f90e365b938,delivered,2017-05-29 21:39:33,2017-05-29 21:50:14,2017-06-01 14:17:43,2017-06-12 11:12:42,2017-06-29 00:00:00
0eb6c6aa0923d0a671134710c31319f7,11b5f83470e86b06f220fac828043b54,delivered,2018-06-03 08:32:54,2018-06-03 08:50:07,2018-06-05 08:45:00,2018-06-15 22:52:18,2018-07-19 00:00:00
7de7d0f642682f06b2dbfd5a2e614ab1,fccc0ac1e7e53ba3df6e2b03dfb18c21,delivered,2018-05-21 21:50:47,2018-05-22 00:32:48,2018-05-29 14:33:00,2018-05-30 21:28:38,2018-06-04 00:00:00
f3673235fed9c71ed5d7ae997aba157c,34430dd857cfe2224e2cdc97bb23b788,delivered,2017-07-01 20:27:50,2017-07-01 20:44:03,2017-07-03 15:21:17,2017-07-04 18:08:43,2017-07-14 00:00:00
d18ed2885838f867171afaae0176226a,a91d30bc47334a1ea8facb96c936c114,delivered,2017-09-12 13:52:34,2017-09-12 14:05:45,2017-09-13 17:06:49,2017-09-19 16:57:51,2017-09-29 00:00:00
408d3b25332b720d54aeb8503549722e,d198b40ba4bff0ab7ca1a37d872e9c5b,delivered,2017-03-20 20:44:04,2017-03-20 20:44:04,2017-03-22 10:59:33,2017-05-31 09:13:50,2017-04-19 00:00:00
ae11d192084ba3db24965f271590124d,48f604f54860c1cb6d76ad2a8217ff4d,delivered,2018-03-01 15:16:26,2018-03-01 15:35:55,2018-03-02 01:17:58,2018-04-12 13:20:55,2018-03-19 00:00:00
561e1660c58ab3daf4a9176547f0259a,cbd40e39b0766903c56693d9644fec96,delivered,2018-03-13 10:57:22,2018-03-14 02:55:35,2018-03-15 20:18:18,2018-04-09 16:35:24,2018-03-29 00:00:00
b5eb3252f8e5ded7044d176ed49e2ecb,86d7e0b2821894373d67a03352affdcb,delivered,2018-05-28 17:23:08,2018-05-28 17:35:10,2018-06-18 11:59:00,2018-06-22 17:59:29,2018-08-03 00:00:00
67b8be73433478a113a8de62614329a7,70868ddda788fcb4c2b9f49958ce130e,delivered,2018-04-03 10:59:50,2018-04-03 17:28:49,2018-04-05 17:58:28,2018-04-14 16:45:42,2018-04-25 00:00:00
6d7a67554f1a6013a68994bebaab490e,bdfce79de4a1547f4c0f6a92ff75ee71,delivered,2018-02-20 16:11:33,2018-02-20 16:28:24,2018-02-22 03:33:24,2018-02-23 13:16:46,2018-03-14 00:00:00
a83755325957c8eed972dc614210922e,f1dff4553a649bda8159688956f0676d,delivered,2018-05-09 20:52:34,2018-05-09 21:15:26,2018-05-10 12:15:00,2018-05-15 18:47:25,2018-05-25 00:00:00
774189d7c5cbddd496b190c3c0f9de56,51105ebece34f2e9db16cbde7604c79f,delivered,2018-02-22 22:30:08,2018-02-22 22:48:08,2018-02-23 22:59:35,2018-03-27 13:48:22,2018-03-21 00:00:00
4a5b3c7775a949350dd6077d40082bb7,c92cbf323a2d0bcfd0cbd1032cdbb166,delivered,2017-12-15 12:52:45,2017-12-15 13:12:59,2017-12-19 18:27:08,2018-01-11 15:16:45,2018-01-19 00:00:00
897846300466b8aa40902abef9250b14,685cff88e4e6a56deae11154a25f4d94,delivered,2018-06-18 12:51:14,2018-06-18 13:16:39,2018-06-18 19:16:00,2018-06-20 20:59:25,2018-06-29 00:00:00
d43ade6350b54f4b4d26b52007496a3c,2eb694cbf51693879395766aba3897b1,delivered,2017-12-09 23:03:45,2017-12-09 23:13:26,2017-12-12 21:11:46,2017-12-14 17:27:34,2017-12-29 00:00:00
18cbe13511542b17fb381213e324d4e6,26de5ab0f68967b8af2c7c56d39a3742,delivered,2017-12-19 20:37:17,2017-12-19 20:45:26,2017-12-21 22:48:31,2017-12-27 19:14:46,2018-01-12 00:00:00
edc75396403e226e7ac4e42085860602,1242ec63ccc71cdb960422c3f26b9400,delivered,2017-05-01 10:16:29,2017-05-01 10:25:12,2017-05-02 07:37:57,2017-06-01 17:48:08,2017-06-02 00:00:00
d8423fd123c19bd1a0c2a7151c73852f,53596e5715cf300ebbdcdc744b2fdb2e,delivered,2017-04-16 08:52:59,2017-04-16 09:05:12,2017-04-18 15:59:01,2017-04-28 14:37:45,2017-05-17 00:00:00
290069e93a387bceb35f0106717ab803,c173afff5bcf226ffc8c9a1975910f39,delivered,2017-05-22 11:32:05,2017-05-23 11:42:43,2017-05-24 10:03:21,2017-05-29 11:36:41,2017-06-16 00:00:00
4cf58ec9c2d5bfdae2390471f7836fca,d1a7592390f4a2e595a0f77f62e0a5b5,delivered,2018-02-05 14:23:52,2018-02-05 14:48:21,2018-02-06 18:58:54,2018-02-15 21:23:26,2018-03-01 00:00:00
ad27fd2d88f7a006c5629cab52082a8d,7b12b78707fde0cbf90aa13db59ebffe,delivered,2017-10-25 12:46:59,2017-10-25 13:06:05,2017-10-26 15:27:59,2017-11-03 22:17:38,2017-11-13 00:00:00
bf43328103299ae529116e4521e82191,5cc56ee044870a357f395d0c325274d3,delivered,2017-03-30 16:27:09,2017-03-30 16:42:32,2017-04-10 18:10:49,2017-04-12 18:09:05,2017-04-27 00:00:00
40b24dab374c01e18e3e6f269f67c8ad,deba89fcf410c9fa49c3965c6f56c132,delivered,2017-05-08 16:24:17,2017-05-08 16:35:18,2017-05-09 11:31:03,2017-05-17 10:06:50,2017-06-05 00:00:00
091c34308e51d6dff47fe839b7aebbd5,13368f1b7479cf29edf6d91e842f23a3,delivered,2018-08-02 13:37:08,2018-08-02 13:50:22,2018-08-03 15:23:00,2018-08-06 14:54:42,2018-08-16 00:00:00
f1eb378be592a06b8c3c6006b7d7102e,02a9ffdc4269af810deeb20a32c8aade,delivered,2017-11-27 16:36:37,2017-11-29 02:19:04,2017-11-29 21:59:03,2017-12-04 16:45:39,2017-12-21 00:00:00
af9b17f2f1dfb02d55825bd0d7870d0a,1de8615754a9427f8bc52efdd114bec5,delivered,2017-08-19 23:52:34,2017-08-20 00:05:05,2017-08-21 20:09:38,2017-08-22 18:57:30,2017-09-01 00:00:00
621ab070c6e1491f81eb9a8a8ccb0ea9,d8a76a94468f01bfbbe028908b633981,delivered,2017-08-29 11:10:18,2017-08-31 02:35:44,2017-09-05 12:15:44,2017-09-08 20:36:27,2017-09-20 00:00:00
c365542345d9e49d2a7b3bfe7b89b559,6a0bd57121101b39e6305fb2bb48d9b8,delivered,2017-12-22 19:57:01,2017-12-22 20:10:03,2018-01-02 17:59:48,2018-01-24 18:02:58,2018-01-23 00:00:00
171706c3cdc94b7ab32ba08a0c408b21,c2586338703b7c08c56dab59d61cf3ea,delivered,2018-05-16 09:46:56,2018-05-16 10:12:32,2018-05-16 14:17:00,2018-05-21 21:20:45,2018-05-30 00:00:00
2d164bf33635284fdf3ae2ff61a2dba5,902e86086e218762aef97d7d22b68fae,delivered,2018-04-18 14:43:42,2018-04-18 16:53:56,2018-04-19 19:04:40,2018-04-29 14:30:58,2018-05-14 00:00:00
0e3bb5bc8f2262c9fc302e56de5b7c48,d43dca5b6e770255a2c53f2b6520be4c,delivered,2018-03-10 20:35:00,2018-03-10 21:08:09,2018-03-12 21:48:18,2018-04-16 21:36:28,2018-04-06 00:00:00
0e500dffc01c92a23a3a011ce669d039,64a36fc63db4a732e592bb4ebad5f088,delivered,2017-05-24 16:36:33,2017-05-25 02:45:26,2017-05-25 09:45:19,2017-05-30 12:38:21,2017-06-13 00:00:00
6e9e60623cf73b485aee48dc4b45c98d,0b779368ba5d4d8f91414e244c260dce,delivered,2017-11-10 16:55:13,2017-11-10 17:10:34,2017-11-14 22:44:28,2017-11-24 22:03:32,2017-12-07 00:00:00
7435f7bbb58d39e8b780c0e60e4ef3dc,24372fd3ff29d6dcc6f7a274361899e8,delivered,2018-06-03 13:53:08,2018-06-03 14:09:50,2018-06-04 14:53:00,2018-06-05 17:52:02,2018-06-28 00:00:00
fc0e7c52306f65220d5eca076e70c610,80cd284463cd296129eab19cac5f012f,delivered,2017-03-08 15:12:54,2017-03-08 15:12:54,2017-03-28 13:36:28,2017-04-06 15:08:03,2017-04-28 00:00:00
c11b5924ad0d8c5d5d391d87178f00a8,e36b2be26fcc8f7f0f5e79f01122ddd2,delivered,2018-03-18 12:26:15,2018-03-18 12:47:35,2018-03-20 20:18:50,2018-03-23 00:05:05,2018-04-05 00:00:00
98cf2992d3cc12469646a6b42c49d0b8,996267e3543c657e34dba8f8315bd302,delivered,2018-02-04 17:10:49,2018-02-06 04:33:11,2018-02-06 17:38:35,2018-02-18 01:46:15,2018-03-12 00:00:00
55f13afd91122c753eafc7028f1e542e,451af7cfe419ce955dc4c0f7e16a359c,delivered,2018-07-20 14:25:51,2018-07-21 04:05:21,2018-07-27 09:18:00,2018-08-01 16:11:10,2018-08-15 00:00:00
536b0208ff21c904d9537690f92f0363,d3234269a0c002e31b31048277027f6e,delivered,2018-07-19 19:38:11,2018-07-19 19:50:11,2018-07-25 08:02:00,2018-08-01 21:41:35,2018-08-13 00:00:00
257041ac42267fca37db236f4d5d7197,40efffc7786c7185ed26f5e9b2c3e646,delivered,2018-08-14 20:38:23,2018-08-14 21:23:57,2018-08-16 13:36:00,2018-08-21 19:51:54,2018-09-19 00:00:00
884245b62173977a377007d7c62cf9f2,3bec57f51a23b4e63d691df3ab023cc5,delivered,2017-10-04 13:58:33,2017-10-04 14:14:10,2017-10-04 20:18:07,2017-10-16 20:27:40,2017-11-03 00:00:00
b921acf09054fd397896f271b0456f01,d2e0e7fa94fbf4e2a54f40fa1dbb13fe,delivered,2017-12-27 13:48:41,2017-12-27 13:57:29,2017-12-28 22:16:06,2018-01-25 15:32:42,2018-01-30 00:00:00
9519371e37eebc065ffca4a20134aed7,85b65af675e83a04f5d0c511dcdf8f62,delivered,2017-10-30 11:25:34,2017-10-30 11:47:24,2017-11-01 20:35:59,2017-11-08 20:09:50,2017-11-17 00:00:00
d62a17b3c34827259aa27647123f551e,42f98a15c32e05ec23c23a927420759a,delivered,2018-04-20 16:31:21,2018-04-24 19:23:56,2018-04-23 19:34:54,2018-04-26 12:29:50,2018-05-16 00:00:00
2f4811e66be7f928c63acd083f0e0095,ffeaa6d37b3691d54a01171f6562f44f,delivered,2018-01-03 11:50:15,2018-01-03 11:58:26,2018-01-05 21:23:49,2018-01-22 20:52:29,2018-02-09 00:00:00
901742f6e040a1c33f13d686dff01cb1,f8c8e24b17b7d43215851e79c2918e9b,delivered,2018-03-10 17:53:34,2018-03-10 18:08:35,2018-04-04 18:26:27,2018-04-12 18:52:43,2018-04-09 00:00:00
76050ac42e05f52668728d3b535629f4,be8629dff2b09053a8d2b1d40f1b1b37,delivered,2017-05-24 21:57:34,2017-05-25 10:02:51,2017-05-25 14:09:13,2017-06-02 10:46:54,2017-06-20 00:00:00
c68f9fba87fb85ad8be4ae66379b138c,05389eed76026df7e3492a16dc57733c,delivered,2017-09-30 12:48:45,2017-09-30 13:07:55,2017-10-04 15:10:32,2017-10-20 23:21:19,2017-11-06 00:00:00
d01f15491f3bc2e461d13e32f03978f3,b9038bec8a0b992f070fde7610f94a66,delivered,2018-07-25 16:48:32,2018-07-25 17:04:24,2018-07-30 14:01:00,2018-08-02 14:18:51,2018-08-10 00:00:00
5820dd9ea37cacf01bfff5a4b9ccfb13,a9f839d6b08599e6af4cb93719cec109,delivered,2017-11-28 00:09:47,2017-11-28 00:38:34,2017-12-06 00:09:16,2017-12-29 15:38:49,2017-12-21 00:00:00
7257815d53dad2ce8c81e8e17b4719d3,0edce9e70d68276470e6f70aeaf53157,delivered,2018-02-10 01:09:27,2018-02-10 01:28:49,2018-02-14 20:15:21,2018-03-05 17:46:41,2018-03-06 00:00:00
c5a136c7cf492a759889d92627006f25,6d03352eec00b16dd668224560ff054e,delivered,2018-07-26 17:24:32,2018-07-26 18:31:11,2018-07-30 11:10:00,2018-07-31 18:51:57,2018-08-07 00:00:00
8ea30b70e3e6d110ab6eaec18f0a7269,6f347af44c9fdc0cc5aecbb4bba87bc4,delivered,2018-06-06 14:17:44,2018-06-06 14:35:26,2018-06-06 15:18:00,2018-06-18 14:13:02,2018-07-13 00:00:00
7e225c7be8d238e6c940f116d7583a13,8f2556a69003a64f11306c11535beb06,delivered,2018-08-09 18:27:50,2018-08-09 18:44:58,2018-08-10 14:07:00,2018-08-23 14:48:48,2018-08-28 00:00:00
8cca30720d5165714d3c1d64cf85e34b,3a5dbd95b86626c3f0c042ace081118b,delivered,2017-03-07 14:25:03,2017-03-09 02:51:05,2017-03-10 10:47:19,2017-03-17 13:39:02,2017-03-28 00:00:00
76774c936de5cb5a431120fde98e40da,70210c917bc804a1269942a71308a4f7,delivered,2017-01-08 20:57:29,2017-01-08 21:10:16,2017-01-14 08:38:00,2017-01-19 14:06:26,2017-02-16 00:00:00
9a8df1603191fe8fa15788692de6f4c3,b723c6719289f4eec0e10d6955c475b5,delivered,2018-01-19 13:37:52,2018-01-19 13:53:56,2018-01-23 22:19:05,2018-01-30 17:32:48,2018-02-16 00:00:00
cbe66915eba00a69bf2b3293077ff20b,5cf5337c93e16510bfc0a4c3f0e7d162,delivered,2018-05-13 16:25:48,2018-05-13 16:35:16,2018-05-14 12:28:00,2018-05-18 15:11:36,2018-06-20 00:00:00
dba2f75a725a75eb4c18afc504088084,61b162d53ca0860436ad8f69ca371431,delivered,2018-04-30 12:08:11,2018-05-01 05:55:54,2018-05-02 15:03:00,2018-05-08 21:46:46,2018-05-25 00:00:00
e6ccb4e29b42a81b774b13101835b5a3,f5d36001e841dad8e3810fcdec2dda19,delivered,2018-07-26 16:16:57,2018-07-26 16:35:08,2018-07-27 10:57:00,2018-08-03 00:12:01,2018-08-16 00:00:00
c4b2b908aab6585b6a3147ac72952242,bc5c044b9f2533d8a03d44d518ce8fdd,delivered,2018-08-16 12:01:10,2018-08-17 03:10:18,2018-08-17 15:02:00,2018-08-27 20:37:33,2018-08-22 00:00:00
32720c0c8b42f4c2cdb07cee5ec2444b,8df8c71565b1b7c5d8bec24a7052ba2d,delivered,2017-11-24 22:46:55,2017-11-25 01:52:03,2017-11-28 18:41:04,2017-12-07 21:34:06,2017-12-22 00:00:00
2591658abd3b77d980fb1d82584badc3,2ce72245ffebb0287ae4193d34128753,delivered,2018-03-02 14:14:50,2018-03-02 14:29:55,2018-03-05 18:33:58,2018-03-16 18:38:37,2018-03-23 00:00:00
3824a5d087901938c0b9f72f6008bd6c,369a5c8dc8949156048dad71a1da7412,delivered,2017-10-02 17:37:50,2017-10-03 17:49:34,2017-10-06 21:41:32,2017-10-18 15:10:21,2017-11-06 00:00:00
edf2c3d6395a7bf3fb1f35a9e919a88a,81f145ce1cdec04d38be7be6611f2f10,delivered,2018-08-10 14:19:56,2018-08-10 14:30:19,2018-08-14 11:08:00,2018-08-17 17:51:25,2018-08-22 00:00:00
68fa78470b45315a116015f3f6bb75fe,be136dd7dc4b148c005bb99eaa6c8674,delivered,2018-04-18 16:40:40,2018-04-20 07:32:03,2018-04-25 14:19:00,2018-05-02 16:05:20,2018-05-11 00:00:00
41b6d9a83b4f55e253cc69d7cd6dd55c,511bc36a7fa92687dc6fd1c5bc5e120f,delivered,2018-07-30 17:49:11,2018-07-30 18:30:49,2018-08-01 15:17:00,2018-08-07 15:48:36,2018-08-22 00:00:00
e118373a9e97e99fd3876fe78d34f501,7544eef54d4c048f168199ed39b6698b,delivered,2018-08-12 18:45:22,2018-08-13 10:15:21,2018-08-23 13:59:00,2018-08-30 13:03:37,2018-09-11 00:00:00
e57764f2eb87817321ab13d72f3a8d7f,7a301b94529db5b1d84ad2f4b9d27a6f,delivered,2017-06-20 14:53:32,2017-06-21 06:43:22,2017-06-22 13:51:53,2017-06-29 11:59:28,2017-07-10 00:00:00
6e454623148ed5b186a1eaf35d2b51eb,384758140507442ea3907362b7e9a3d0,delivered,2018-06-05 09:08:28,2018-06-06 03:11:05,2018-06-07 11:22:00,2018-06-15 17:02:49,2018-07-11 00:00:00
6c273b11e7a7b4b410ea29fac9769fac,9a4973b677cf78fb287918da79e7177a,delivered,2017-01-21 17:33:30,2017-01-21 17:45:19,2017-01-25 15:37:35,2017-01-30 12:22:46,2017-02-28 00:00:00
511792104eb626cc6881f7831561265c,19da0f1845f527a9b4f2e98ad2fc6a0e,delivered,2018-04-09 12:55:25,2018-04-09 13:10:48,2018-04-10 21:12:06,2018-04-11 12:51:01,2018-04-24 00:00:00
ef6572468642ad6f224c1991a17bc4a6,86af402b2d13ee2e3d2c50ae1ced6df0,delivered,2017-12-04 20:25:35,2017-12-04 20:35:22,2017-12-06 21:38:54,2017-12-19 00:38:17,2017-12-27 00:00:00
2d8ccc19e54ad8d47892374975c1a52c,d6db9474cda3f1211115a13259b6bcef,delivered,2017-11-30 19:03:58,2017-12-02 02:37:22,2017-12-04 22:52:28,2017-12-18 20:35:34,2017-12-28 00:00:00
5a4f11a9be03037cc84e5b77f4cf9d82,ae83491ae685afa6ec6af5deba64d7a3,delivered,2017-12-19 23:35:52,2017-12-19 23:53:18,2017-12-21 16:13:43,2018-01-05 22:05:43,2018-01-08 00:00:00
bfa5a8f656b7dc663c21308b0bc39212,30bf64b71d75305d57cc0d8bdeaaa92d,delivered,2017-11-07 01:07:57,2017-11-08 03:35:38,2017-11-08 18:57:47,2017-11-13 20:09:14,2017-11-28 00:00:00
45aaf4069d08b57b6a114f06191ce5fe,0a2ea6ce0a7f5f632e48ddb690a10e5b,delivered,2018-05-11 09:19:45,2018-05-11 09:39:16,2018-05-14 11:56:00,2018-05-25 11:58:32,2018-05-30 00:00:00
294daf7c492131f5d3168a93bb1b74f9,96589e8267dcafad07f9e1137d8089dd,delivered,2017-08-17 02:43:54,2017-08-18 02:50:08,2017-08-22 13:54:59,2017-08-24 17:33:52,2017-09-11 00:00:00
8a2e7843f87846d9318900e87497574e,78696c125f03688ffd05f0ba53b910f9,delivered,2017-11-29 23:45:13,2017-11-29 23:56:34,2017-11-30 15:24:43,2017-12-28 23:13:43,2017-12-21 00:00:00
96bb0b52c144e3949db5f18787c13ce5,66f9f0ba70a8cc8c83a204016c16af4c,delivered,2018-05-20 23:09:42,2018-05-20 23:37:50,2018-05-21 15:55:00,2018-06-08 23:52:29,2018-06-14 00:00:00
fea5a631859ef3c5c4a7ee9ff36096a8,cf6c82a042005e750e4b3d9c67c4ff03,delivered,2017-10-22 23:54:36,2017-10-23 00:14:18,2017-10-23 23:03:00,2017-11-04 17:34:39,2017-11-14 00:00:00
4f7d7c29804187d1b3e013ac5fe1dae5,a02b819fdeb1a2e7c894b46763b47f44,delivered,2018-02-12 22:38:55,2018-02-12 22:47:39,2018-02-16 19:16:35,2018-02-26 15:52:32,2018-03-15 00:00:00
9e7b4dc19aadc8298e2984986d3bf014,2ab4c04d8d6160749ea57e125c32a6a1,delivered,2017-10-13 16:52:15,2017-10-13 17:08:29,2017-10-30 17:37:55,2017-12-20 14:32:58,2017-11-10 00:00:00
acd7029e70d5e80091c71c9be6643758,b03ee9f793c8f31660394513b415e602,delivered,2017-08-01 15:17:33,2017-08-02 03:04:48,2017-08-07 18:42:55,2017-09-13 15:07:38,2017-08-16 00:00:00
14455f1aaa833508297244b62e751d46,5cdc78f9be4a7e1c3622c9d22b8af377,delivered,2017-04-22 20:30:19,2017-04-22 20:41:35,2017-04-24 10:35:27,2017-04-29 11:28:07,2017-05-11 00:00:00
9de858b61658028ef0540e8846830f82,090b074313d5a866233fccf2039e8b93,delivered,2018-04-09 13:16:46,2018-04-09 13:30:29,2018-04-11 17:19:15,2018-04-24 15:23:04,2018-05-03 00:00:00
fe400e74c1744f744f187225eb8d417e,c860db183cdb06557fde4d383acfd8cc,delivered,2017-05-01 20:58:23,2017-05-03 11:35:54,2017-05-04 12:32:09,2017-05-17 14:33:27,2017-06-01 00:00:00
f55d478953a8f260b66fd32c5e8ae26f,b612238bc7dda69d1e4df051587b966f,delivered,2018-03-11 07:58:31,2018-03-11 10:21:15,2018-03-13 11:18:56,2018-03-29 18:22:05,2018-04-10 00:00:00
2aceefa8498a058bac3f46c6336e744c,776d3fd90e5b9a236ea3079e9ab805ff,delivered,2017-05-13 20:02:53,2017-05-13 20:15:13,2017-05-17 14:58:35,2017-05-19 07:53:04,2017-06-02 00:00:00
5d4cc8f9c45e3cc48483e096ddf967e2,381a9502dddddeca0a953c27ff22605e,delivered,2018-04-12 23:09:59,2018-04-14 02:15:32,2018-04-17 11:02:24,2018-04-21 04:20:53,2018-05-04 00:00:00
8076239f377d73802255196d49b6fcda,c8ddbb318c2e929e50588d7476556b4b,delivered,2018-04-05 13:54:07,2018-04-05 14:09:31,2018-04-07 00:17:32,2018-04-26 16:33:02,2018-05-02 00:00:00
f4cf1adfbef386f1559758ebe5db01b1,5d970c9d83f58152d477d717c7affd80,delivered,2018-07-21 10:39:29,2018-07-21 10:45:19,2018-07-25 09:40:00,2018-07-27 16:02:10,2018-08-08 00:00:00
bbdd8d2bff419896027bf4daf92500e4,e30800acbcd9f1bc8b882b69f40cba70,delivered,2018-02-24 02:56:37,2018-02-24 03:08:31,2018-02-27 19:59:07,2018-02-28 20:25:12,2018-03-12 00:00:00
c3f5808c83edb107f1358fa1477bff2d,4505f2b01f5c3e8145e328bacf257061,delivered,2017-09-04 20:31:08,2017-09-05 04:36:09,2017-09-06 22:06:58,2017-09-14 21:53:05,2017-09-22 00:00:00
d4a4641b9e4409b16a31dd61760e89cc,0b26bb0f88ff2869dc89fc3703473cd9,delivered,2017-11-25 00:18:15,2017-11-25 03:11:52,2017-11-28 17:41:26,2017-12-13 21:07:27,2017-12-20 00:00:00
9656510a0f73952b9c305fe0bd264056,92567b8407d1f85946cda3732c6f9e40,delivered,2017-02-05 18:57:32,2017-02-07 17:30:10,2017-02-08 11:42:21,2017-02-15 08:07:38,2017-03-03 00:00:00
0536f0244395bde3fde4212b3f4d64c8,d182316491d236e297714265a675d511,delivered,2018-06-14 12:43:47,2018-06-14 14:21:22,2018-06-15 08:31:00,2018-06-27 12:02:25,2018-07-16 00:00:00
db986cb6dd75db5b02034f98fd00cf7d,d6fc5f88bd61861e269ea0d4fadcfb87,delivered,2017-02-09 21:01:59,2017-02-09 21:10:20,2017-02-24 15:33:29,2017-03-04 06:51:26,2017-03-14 00:00:00
cb765962c1cf94ab1a1c8646ba7060c4,da417b8e179c3b4ac3b584c684c1e651,delivered,2018-01-04 12:20:48,2018-01-06 02:08:40,2018-01-08 22:09:19,2018-01-16 17:48:49,2018-01-29 00:00:00
3fcf477d8f1cc1e4b5cf7594e9a7090e,0b7217d43bc1197dbb53b68db699798d,delivered,2018-01-26 11:12:18,2018-01-26 11:39:23,2018-01-29 18:32:33,2018-02-09 00:33:04,2018-02-19 00:00:00
4798ef2f0de08baa8ddd97ceee3f7c60,94bd3a2bb2a1b295cf466c244dba1c4d,delivered,2017-10-15 20:13:50,2017-10-15 20:28:22,2017-10-19 14:37:08,2017-10-26 21:33:59,2017-11-01 00:00:00
143d00a4f2dde4e0364ee1821577adb3,322162b5ca010c2b059cb5224dd818b1,delivered,2018-08-03 08:55:50,2018-08-03 09:31:42,2018-08-03 11:48:00,2018-08-06 15:14:32,2018-08-08 00:00:00
a775b8240ac316865bf5d1c604131e5d,f9d9b073466a195f7eca5070e2aaa41e,delivered,2017-12-10 13:56:17,2017-12-10 14:10:35,2017-12-11 19:16:00,2017-12-28 17:38:58,2018-01-09 00:00:00
86af9599ffd64a39d743904daa8bdb2d,199b9ae9fb9231bc21cd1c2ade5ba3be,delivered,2017-12-15 09:31:38,2017-12-15 09:53:00,2017-12-20 00:12:16,2017-12-27 16:05:52,2018-01-10 00:00:00
a8d23a2af796a519d1bfdb39065c9a60,ed47f5f38f4e80122bbf07d20e5dc3ef,delivered,2018-01-16 11:24:07,2018-01-17 03:38:52,2018-01-17 22:51:48,2018-01-22 14:26:56,2018-02-06 00:00:00
0c75e71e90c568ddf98a984598c228fe,ba0b8884d1b2e367c211fc51cf96bd4d,delivered,2018-06-25 13:04:00,2018-06-25 13:17:45,2018-06-25 19:05:00,2018-06-26 14:31:55,2018-07-05 00:00:00
70120a058bcfa89a603e2f27aa5881ab,142b789d35a01d909f5c0119a5ecb165,delivered,2017-02-08 20:32:26,2017-02-08 20:43:05,2017-02-09 07:42:45,2017-02-13 09:54:38,2017-03-09 00:00:00
3ab0d24105c6aa5de67bd849dc3691f9,0dcac624860d07405941a82ea75f9c0e,delivered,2018-01-17 16:55:55,2018-01-17 17:15:23,2018-01-26 20:51:35,2018-02-01 13:28:46,2018-02-08 00:00:00
d1594d3b636b86cf4ce22e2ca650a55c,54143fda447e90fc0f055d54bd925ff8,delivered,2018-04-29 19:45:46,2018-04-29 20:15:08,2018-05-29 12:28:00,2018-06-08 17:29:54,2018-06-06 00:00:00
b176e1a76bb30bc22f454c774e2826c7,aebec5ede7a3044cb28bc1e1a36c082e,delivered,2017-06-19 18:59:25,2017-06-19 19:10:17,2017-06-20 10:41:43,2017-07-14 20:01:37,2017-07-13 00:00:00
8e1ded141534096603108f1ee5c27735,3956d1e55818b7dc872d5a1de09e4ddc,delivered,2018-01-23 15:04:18,2018-01-23 15:15:32,2018-01-24 23:33:04,2018-01-30 19:35:28,2018-02-07 00:00:00
c9ff04aa260f20f8b69d7a6dce2327c7,025ce7b097bd128c2d494aeac94d62ea,delivered,2018-04-02 16:13:00,2018-04-03 05:08:23,2018-04-04 18:06:53,2018-04-08 16:38:38,2018-04-13 00:00:00
e7ebcedbeffde5b87c32cd5fc5c4542a,8e86b977c665aff2f6b1ea89d18f5f53,delivered,2018-04-27 10:47:19,2018-04-27 11:12:08,2018-04-30 14:02:00,2018-05-03 18:41:45,2018-05-11 00:00:00
97c355606053225f1b4e5eae2636acac,3a49e8d992f0898c0213836c71f8f7e6,delivered,2018-04-11 13:53:07,2018-04-12 08:32:41,2018-04-13 18:12:15,2018-04-18 15:52:12,2018-05-04 00:00:00
0fe3f84cf0535ad78f10115634d7ed88,0f4ca0a41b7dc9168f18ba37173316bf,delivered,2018-05-24 18:08:17,2018-05-24 18:38:24,2018-05-29 13:12:00,2018-06-07 20:45:34,2018-06-25 00:00:00
d897077d0836ffdc2178d70b3f680baa,3d0d83ac2090c8d591dd28ddd943f093,delivered,2018-07-03 14:22:53,2018-07-05 16:33:07,2018-07-05 07:40:00,2018-07-10 20:38:49,2018-07-20 00:00:00
6e0f7d433f02475118beb9c7e4082235,b0bcf5b29b3eca0f8beb21acb372fd3c,delivered,2017-08-16 10:31:37,2017-08-17 13:10:22,2017-08-18 18:26:53,2017-08-21 19:47:41,2017-08-29 00:00:00
951e4d60c61ab5e6589ece585e40311c,a676aa5921495b8f01146bbc9502fb5b,delivered,2018-07-22 12:08:41,2018-07-23 11:31:47,2018-08-09 13:32:00,2018-08-10 17:04:09,2018-08-22 00:00:00
658882f50a73a92d5e716220da758ab0,309bcb520bb8afcefb0dbdc3ce5ec2ef,delivered,2018-05-14 18:58:43,2018-05-14 19:18:08,2018-05-15 14:36:00,2018-05-21 18:20:55,2018-06-04 00:00:00
37e222dbbccdb08629912770464dfe9a,5533d88e32f3aad3007323b863aeca53,delivered,2018-03-16 09:17:05,2018-03-16 09:42:33,2018-03-19 19:17:45,2018-04-02 23:28:32,2018-04-19 00:00:00
b902f0200c95094acd2b768bdc56349f,20949dcbaca4657fd0618635255d5ce4,delivered,2018-03-20 08:16:59,2018-03-21 02:49:16,2018-03-27 13:02:57,2018-04-06 03:37:41,2018-04-11 00:00:00
0e1168df285cd6d3ceff240eb59c0776,562099b9d9d31ce8e39de3c6cae6a75e,delivered,2018-02-19 10:35:09,2018-02-19 10:50:33,2018-02-20 17:39:19,2018-02-21 19:09:29,2018-03-05 00:00:00
f49fba97be6948603366581e885e2a43,65dfd5b8d68e2066526adf81046811c7,delivered,2018-04-19 06:47:26,2018-04-19 07:09:15,2018-04-19 23:25:37,2018-04-20 16:03:00,2018-05-08 00:00:00
7fecf198f9da11744da727bafd6702e9,108c2cefbc1052c7ff4d02e7c2051264,delivered,2017-05-16 18:41:49,2017-05-16 18:55:18,2017-05-22 14:58:05,2017-05-30 15:08:56,2017-06-07 00:00:00
84ebcff41a92fda70c984a3ef76d1237,164073eaa0690f5b1004c5bbe77f6046,delivered,2018-08-02 19:10:49,2018-08-02 19:23:54,2018-08-03 15:08:00,2018-08-06 16:43:26,2018-08-08 00:00:00
95ea4b536c51911b2e1d9d95c94286d7,7168bffa8f2e9386b085b2f86c3f3076,delivered,2017-11-17 13:16:50,2017-11-17 13:55:31,2017-11-28 13:27:37,2017-12-11 20:41:32,2017-12-12 00:00:00
a4680fb98fd4f2ef703c815a43e4811f,637b8737cdd1775414a9749edd44ee7b,delivered,2018-07-03 09:38:53,2018-07-05 16:40:16,2018-07-03 15:01:00,2018-07-09 12:28:44,2018-07-24 00:00:00
acab0597bcff87a5fa4b143f2d4aff80,a8cec3969083570cafc4751ba0e509c9,delivered,2017-11-14 12:41:49,2017-11-14 12:55:34,2017-11-20 12:21:44,2017-12-07 16:09:30,2017-12-13 00:00:00
4a38976a0eb800c5bd065b4e172b0450,e71b08dbd8f411cd4012c9022e6a5cb7,delivered,2018-01-11 10:47:22,2018-01-11 10:56:32,2018-01-18 19:52:30,2018-01-23 18:28:30,2018-02-05 00:00:00
b4fb5424786d3482269edf0d0a02cdf8,10bd2414f584aa38f077fe620c1e6dfc,delivered,2018-08-01 15:24:48,2018-08-01 16:31:29,2018-08-03 07:30:00,2018-08-08 21:58:37,2018-08-20 00:00:00
4e08bdd0a71b43ba19f8c0a89c8ce665,2f937d962a1f0691576517e89efac3f8,delivered,2018-08-07 12:29:39,2018-08-07 12:44:58,2018-08-07 14:24:00,2018-08-13 14:50:44,2018-08-27 00:00:00
20ece825fd1a3714c240d58a96df35ea,56033dc0fa885647a8cc84db067729ea,delivered,2017-12-19 19:34:25,2017-12-22 14:31:44,2018-01-26 20:32:08,2018-02-27 19:43:56,2018-02-02 00:00:00
8715451d749566a538774eab286a64cd,e44156e460b2a1fffad291a58bd2cd8f,delivered,2018-01-22 13:10:42,2018-01-22 14:54:33,2018-01-23 12:12:48,2018-02-21 19:16:49,2018-02-14 00:00:00
9e26cbec7523f810798d1b3df04fa17a,468e665c6f787d6cd555482460df1b3f,delivered,2017-11-03 15:10:22,2017-11-03 15:30:56,2017-11-03 21:22:17,2017-11-08 14:44:37,2017-11-27 00:00:00
12c624f532907ae11e5db7518dc6c917,6920a12554f2b5a6763c56fe38b84510,delivered,2018-01-11 19:55:17,2018-01-11 20:07:26,2018-01-17 16:44:42,2018-01-26 20:26:44,2018-02-09 00:00:00
07ff1545b26c5800dc2d25ab88055082,7ca700079250fbfa899bb7d098b8b108,delivered,2018-03-05 18:12:13,2018-03-06 03:49:43,2018-03-09 22:42:08,2018-03-20 14:38:43,2018-03-21 00:00:00
5ef687909733df8914b4723111ceb1a2,bb3dfc96067959cc506ae60e0e3dddc9,delivered,2018-06-06 20:06:34,2018-06-06 20:15:21,2018-06-07 14:36:00,2018-06-11 12:21:47,2018-07-03 00:00:00
38db33637385302252909c781f213e91,dbd39e878bd4aca0ed717fc128f8210d,delivered,2017-08-31 10:53:40,2017-08-31 12:44:33,2017-09-04 13:32:56,2017-09-12 18:40:02,2017-09-19 00:00:00
853fea10132fd987a6c350565818ba11,96a02af8f6191a0e35f18c123b760285,delivered,2017-12-10 16:37:41,2017-12-12 07:50:39,2017-12-27 20:10:21,2018-01-16 14:59:14,2018-01-04 00:00:00
e19a5e9d32cf69f1a9dbb6422bde3623,29ad2ec77814bb6829ad6212b904fd75,delivered,2017-11-13 16:44:42,2017-11-14 04:10:40,2017-11-17 21:16:58,2017-12-06 19:12:32,2017-12-15 00:00:00
1a68123d36b3a96ebeb710db015da2e3,08e67c772d6a0d150aabc46eda41b466,delivered,2017-08-30 13:21:35,2017-08-30 13:35:08,2017-08-31 16:37:01,2017-09-04 17:25:47,2017-09-12 00:00:00
6319f0da31d079b3614f52149b1632ac,8720d33d8bc5aeee786216aa733a89c5,delivered,2018-06-22 11:17:05,2018-06-22 11:39:41,2018-06-25 13:56:00,2018-07-03 20:44:25,2018-07-23 00:00:00
64619901c45fba79638d666058bf6be6,3a1dda1ede23d7e71753e80d7f22c2c4,delivered,2017-05-21 08:00:08,2017-05-21 09:32:36,2017-05-22 08:59:27,2017-05-24 12:07:35,2017-06-09 00:00:00
2306aeccf5b70ab26762993fdf2f37b9,33cdf7dd400e36954b11995afd7f0aa7,delivered,2017-05-07 13:51:13,2017-05-09 09:30:35,2017-05-15 08:54:56,2017-05-18 07:53:55,2017-06-07 00:00:00
cc7b510ece4b6212269c87aae1a60658,9be66588fc27fae0460e9066dc36c70b,delivered,2018-01-11 21:19:54,2018-01-11 21:28:24,2018-01-12 23:26:53,2018-02-14 17:13:24,2018-02-15 00:00:00
be2463c66944514bb175f7a519a72cd7,f91eb13e253823f25cf9a20fc2d08f56,delivered,2018-02-07 19:01:48,2018-02-07 19:15:27,2018-02-20 13:59:00,2018-03-02 19:48:34,2018-03-29 00:00:00
d53bb1636622626b300d199956668dcd,1e67c4865d4e1a05a16d7ae3eb790cab,delivered,2018-05-11 18:46:56,2018-05-12 11:14:15,2018-05-14 13:48:00,2018-05-23 21:22:08,2018-06-07 00:00:00
2ac44694fb65d738c9b26010ef5e6915,6067f23d5b56e42a5a825880f1c5e3e2,delivered,2018-08-01 21:59:32,2018-08-01 22:10:17,2018-08-02 14:51:00,2018-08-15 18:26:18,2018-08-06 00:00:00
a037c35b691ecad7720b1d5cf7f14bc8,37a33f98ef66886bd343022f96f054dd,delivered,2017-08-24 05:53:24,2017-08-24 06:15:09,2017-08-24 18:47:47,2017-09-05 17:34:28,2017-09-22 00:00:00
047d4038afddd0dbca117fce7d5019d0,8476159dad022ab6538d74dd83c70d95,delivered,2018-01-02 19:37:17,2018-01-03 19:29:25,2018-01-08 17:07:37,2018-01-15 22:09:34,2018-02-01 00:00:00
2a152286cc2026c2332455f5b2ba2980,221d79027182ae510f551736a38695af,delivered,2018-06-23 19:44:37,2018-06-23 20:18:02,2018-06-25 15:44:00,2018-06-27 16:24:31,2018-07-05 00:00:00
ff0768e3356919b32e3d7f30baecfcfb,f3e5d57c12abb230c4f16b6a0a23d7f7,shipped,2018-04-04 22:58:39,2018-04-04 23:10:13,2018-04-05 22:59:25,,2018-04-23 00:00:00
a146dffb3f8c4214018779b35f997a91,ad7d82affb4396f40783dde4471877f6,delivered,2018-01-25 13:49:35,2018-01-25 14:19:52,2018-01-26 19:17:49,2018-01-29 22:58:37,2018-02-09 00:00:00
3757dc827b45811e32f858867877df67,442c2a88842315cb04a3d46658371689,processing,2017-08-21 10:59:48,2017-08-23 02:46:19,,,2017-09-14 00:00:00
578403214d22590a9874c89eaf3c09b9,1b277e094d7add96b8704328769f7f1b,delivered,2018-04-13 17:32:02,2018-04-13 17:52:22,2018-04-17 06:02:54,2018-04-20 15:22:53,2018-05-02 00:00:00
62a1dd419d1944689273edbf74ba1ec7,713f1957d05e4cd4475424454417a961,delivered,2017-12-11 11:01:46,2017-12-12 03:50:03,2017-12-13 15:47:09,2018-01-05 18:17:52,2018-01-09 00:00:00
1d61263296787e98a9e59fcaa66265af,985e6c147cd2d9da9548e8777477c1e4,delivered,2018-05-13 20:06:00,2018-05-13 20:32:26,2018-05-14 15:16:00,2018-05-15 18:48:10,2018-06-01 00:00:00
b9375e83d0e27c4aae45c4c1c7c121fd,eb6fe4f7dfa98e8ff658e2655a0e4815,delivered,2017-04-11 15:15:43,2017-04-11 15:30:09,2017-04-12 18:48:34,2017-04-18 12:09:23,2017-05-09 00:00:00
f642a274a615b1034be368fac85db8e9,e627e72eaa302b81ca6fbf62d1fc0e56,delivered,2018-06-06 22:07:59,2018-06-06 22:34:30,2018-06-08 09:53:00,2018-06-18 18:48:49,2018-07-16 00:00:00
c54e54dd1e0825cff027c9e76c4033d3,a27b79ba118c6001e72c267ea6ac682a,delivered,2017-10-09 12:48:17,2017-10-09 13:05:27,2017-10-19 23:37:40,2017-10-20 23:28:39,2017-10-30 00:00:00
f938a57be9682adfd320ae70de1f0e21,636c00ce74eb4cf8941d9224f7672101,delivered,2018-04-18 18:04:46,2018-04-18 18:50:04,2018-04-24 19:11:12,2018-05-07 21:14:21,2018-05-16 00:00:00
6283d2cb264f76928dffd1faf0f5ff33,ef2e071d3b46a10875216b8b4feb9667,delivered,2017-11-26 00:50:30,2017-11-26 00:58:29,2017-11-27 23:18:50,2017-12-18 17:15:31,2017-12-15 00:00:00
b9d93d361a6dc1b13c796267569b46cf,72531c142b7ed4b96616f425a7058b90,delivered,2017-10-16 10:14:49,2017-10-17 10:28:02,2017-10-18 12:20:04,2017-10-27 22:55:42,2017-10-26 00:00:00
c209842083e6d90a0ae00af4749c6f4b,4010090d6f8f0a88baf140d0da4f2f88,delivered,2017-11-24 11:44:12,2017-11-28 03:21:41,2017-11-28 22:43:03,2017-12-07 23:53:14,2017-12-15 00:00:00
372538516b3d3f36483772cc19b2e433,7c3c4d1fdc55ccfc2adae608089ebabd,delivered,2018-07-20 10:06:50,2018-07-20 10:23:47,2018-07-20 16:27:00,2018-07-25 18:04:38,2018-08-13 00:00:00
13c0912d87323337b72e40da4eea8e7a,69e7113f19863b835b93d61d5cef84fe,delivered,2017-05-18 18:36:43,2017-05-19 02:30:37,2017-05-19 19:32:01,2017-05-23 13:20:06,2017-06-09 00:00:00
f5ac3d2cc1cd3fa1eaab79b898066777,32f2d1a216e75920a1225b8f89ed9de6,delivered,2017-03-22 08:01:15,2017-03-22 08:01:15,2017-03-29 09:04:47,2017-04-05 15:42:36,2017-04-25 00:00:00
62cebc207886dce8b9f4460a1266bfdb,d77fce353ad3d53a6a4fb5bf105d1978,delivered,2018-01-20 14:40:19,2018-01-23 03:36:55,2018-01-23 15:38:41,2018-02-02 15:47:46,2018-02-19 00:00:00
faacd0beba2277101f227f7968ddbc57,47e2a3bafc1d9ca14fcfb1bc14ac4d1e,delivered,2017-10-28 11:37:17,2017-10-28 11:50:10,2017-11-20 16:22:51,2017-11-24 15:25:29,2017-12-04 00:00:00
28763f36038db84d7ab6ff7b3ef9774d,01961d1b276640f460e6061e7f28873f,delivered,2017-02-04 15:05:16,2017-02-04 15:15:15,2017-02-06 09:51:28,2017-02-07 10:05:08,2017-03-01 00:00:00
d4ecf069cf056cbde7553bbd394cb753,dfcde7971c143052874fa2bf1623a3ab,delivered,2018-06-23 10:16:50,2018-06-26 07:12:51,2018-06-26 15:05:00,2018-07-03 17:51:18,2018-07-26 00:00:00
30ffc5a11b83f6042cdd649d4ec89e7b,e79d64181abacd9be985cc46a106705a,delivered,2017-11-20 20:33:16,2017-11-20 20:48:20,2017-11-27 14:47:32,2017-12-06 20:38:21,2017-12-14 00:00:00
0644bbc829f241622c4c83b08436c465,2333b5eb4c77379b280aa26a66016020,delivered,2018-06-24 21:04:15,2018-06-24 21:17:53,2018-06-25 13:34:00,2018-06-28 22:36:43,2018-07-25 00:00:00
0cea1002b907a645918a03922e9fadbd,1253d291d269b1da011d7928695cc8d4,delivered,2017-11-21 15:19:34,2017-11-22 15:11:31,2017-11-23 20:22:59,2017-12-28 17:19:04,2017-12-14 00:00:00
9fb29ec1f3f0d8946086310c04e9c5b1,1c21c09e8bbdaf078da329d6e85072fb,delivered,2018-04-17 14:40:50,2018-04-17 14:55:50,2018-04-18 16:56:45,2018-04-24 16:14:03,2018-05-16 00:00:00
70125414483e2ba226fd0c095bf5b802,ec3d1f2a0de948e4b58318e642b2b95c,delivered,2018-06-30 17:41:19,2018-06-30 18:50:45,2018-07-03 12:12:00,2018-07-12 15:16:35,2018-07-26 00:00:00
2a06568281fa1a485b9ba5fac48c7df2,317b6bd739f5504c8cdb3979cdca9328,shipped,2018-08-21 11:00:37,2018-08-21 11:10:17,2018-08-21 17:04:00,,2018-08-24 00:00:00
3f385ecc36597ee0221d131e42725177,42f17fa4e9073ed4f3dd813fd4f79645,delivered,2018-02-25 20:43:15,2018-02-27 05:30:54,2018-02-27 23:17:00,2018-03-07 20:36:51,2018-03-22 00:00:00
4a15babdb3e9f7216ea0fa4ab6b5ba8e,7a499c3eee84a0de2c53fecc255769d3,delivered,2018-02-16 15:05:10,2018-02-16 15:15:26,2018-02-24 00:03:31,2018-02-25 20:28:58,2018-03-05 00:00:00
d43c0241a5f6a832183448eb8dbe18e6,ae9fe453e6f022b89b6b4c2427a0250c,delivered,2018-03-05 11:18:50,2018-03-06 04:20:25,2018-03-08 02:05:37,2018-03-19 18:02:47,2018-03-28 00:00:00
b907517f4d66cdc2f9a7335370a0e073,f46efcc57026aa7f5a7e0920d2a6d054,delivered,2017-08-18 21:40:21,2017-08-18 21:55:10,2017-08-23 20:42:19,2017-08-30 20:52:55,2017-09-19 00:00:00
c0086672990e6dae8d6be4ccb38ab854,fe141070931f6090431da3c87c9be4ff,delivered,2017-06-15 21:19:16,2017-06-15 21:30:10,2017-06-16 15:11:39,2017-06-28 10:32:39,2017-07-06 00:00:00
5a4cc097e0e591ab3f150524b83d81af,3e538d735070c509095ccbdb699f798d,delivered,2017-01-20 03:35:44,2017-01-20 03:50:12,2017-01-25 10:04:09,2017-01-31 10:12:18,2017-03-03 00:00:00
b701057e29518346f3b457eaddf5c0ba,0f32385df13e46d88d997460208bc866,shipped,2017-10-09 11:12:41,2017-10-09 14:34:35,2017-10-10 14:14:59,,2017-11-23 00:00:00
e825453884c3b7c9b5837fa547c8f9f1,85b3378e7df2ba898d918c66e7e98467,delivered,2018-07-25 09:19:47,2018-07-25 09:30:15,2018-07-25 13:55:00,2018-07-28 19:58:35,2018-08-15 00:00:00
342abacf5185442bacf95ce406225c6c,61a90100c4c577546058330f1ee45df9,delivered,2018-01-25 14:10:23,2018-01-25 14:20:09,2018-01-26 21:06:52,2018-01-29 17:28:58,2018-02-09 00:00:00
52d66d69f14ca67b1764e6ca25025a3f,4805d62fe2ec69e4290d0ebc213f34d5,delivered,2018-01-31 13:46:27,2018-01-31 14:13:18,2018-02-01 23:08:44,2018-02-08 17:57:44,2018-02-26 00:00:00
b50788fa41255b57ddf0782d1fc0ad2b,55df88ccac9c2a755f131feb3f74bc6f,delivered,2017-12-14 17:19:50,2017-12-14 17:32:30,2017-12-18 19:21:50,2017-12-30 15:32:58,2018-01-16 00:00:00
01f65c9e501f46d2a15af4d2b28e6081,5ab56cf5cc9c12dca123f986599f88e8,delivered,2018-07-09 18:58:25,2018-07-09 19:10:17,2018-07-11 08:25:00,2018-07-14 17:07:21,2018-07-27 00:00:00
80f0181edc2f4a5bd3384a3c39a83cee,9ce9e0d0045dd13cb96601552c819eb0,unavailable,2018-01-14 19:24:28,2018-01-14 19:36:26,,,2018-01-30 00:00:00
63a19e889b69e5ef9ee2b2e646509051,593b91288d1e295c048f02347c2920b7,delivered,2018-04-15 11:31:39,2018-04-15 11:50:26,2018-04-17 00:10:58,2018-04-24 23:06:45,2018-05-14 00:00:00
091deda616c370d63f0bf9a3f525fb34,0edf9134fdbeacc3596fa523a869ad04,unavailable,2017-08-11 11:08:53,2017-08-12 11:23:41,,,2017-09-04 00:00:00
491830ceac81983791103aca18acb421,c4f1317436470834f2e69cc5cf9ea53f,delivered,2018-03-24 11:58:45,2018-03-24 12:08:20,2018-03-26 19:36:44,2018-03-28 23:48:41,2018-04-06 00:00:00
eed9644811f4d0e16bbcf03449d12698,297f88ff2e58f19bedf2f9836f99dbf6,delivered,2018-04-18 20:43:22,2018-04-18 20:50:33,2018-04-19 19:21:49,2018-05-11 22:38:41,2018-05-21 00:00:00
d5b7cd87c525268736b56f0b22d14ee7,60137151af3340995f552e4c5810cd6e,delivered,2017-05-15 10:36:18,2017-05-16 06:35:19,2017-05-16 14:20:02,2017-05-17 10:23:45,2017-06-02 00:00:00
cd577ecda4b9cd34a2193faa1143ce79,12b8d1a4a80c1c56dd1662d05dc05ec4,delivered,2017-12-11 23:18:08,2017-12-12 00:05:01,2017-12-13 15:47:15,2017-12-27 14:38:42,2018-01-04 00:00:00
b2f39212b22fb44dc0d57cdd6d1790dc,f5c0653d98714d68d23408677cceb628,unavailable,2017-05-09 19:59:26,2017-05-14 21:32:09,,,2017-05-25 00:00:00
e9a82a82b91f0f1cb3703a5b6fb3c505,2583ccdc640198b5496a053f54b67b4e,delivered,2017-03-27 22:28:00,2017-03-27 22:43:23,2017-03-28 11:42:53,2017-03-31 13:03:57,2017-04-17 00:00:00
f4eadb63785a85c5624767458b5f5cc6,7ff490f567ddaf9cec90714d3d40ade5,delivered,2018-03-18 09:31:32,2018-03-18 09:47:59,2018-03-21 18:56:27,2018-04-26 22:43:49,2018-04-16 00:00:00
7229c37246dd5343775180438d13772b,5e9871527b49b68aaaf049bf6cfec670,delivered,2018-06-11 17:33:45,2018-06-12 08:41:51,2018-06-18 17:57:00,2018-06-25 20:12:22,2018-07-04 00:00:00
57683137f254d82a617e934ec6cd5472,816db053da03f4a8dea7f4e44aeb8d15,delivered,2017-03-10 16:59:14,2017-03-10 16:59:14,2017-03-17 15:13:07,2017-03-27 12:46:59,2017-04-11 00:00:00
b5244709b8ea124be6761680b9966925,c3264cc61268e5b0768dc11cffdd8f26,delivered,2018-07-27 16:38:40,2018-07-27 16:50:20,2018-07-28 08:54:00,2018-08-02 18:38:37,2018-08-10 00:00:00
99bbd60bc8f989c66847afcdba6fbe7c,aebfc036a3fef8053e9649b7463d0599,delivered,2017-04-28 16:13:35,2017-04-28 16:25:23,2017-05-02 11:46:14,2017-05-10 16:32:20,2017-05-26 00:00:00
e3c3b6a76ec80dd699ad25f02be1a504,9801ac60f0291d180e5df02015b35f82,delivered,2018-07-02 12:00:14,2018-07-02 17:11:10,2018-07-03 15:56:00,2018-07-10 16:54:44,2018-08-01 00:00:00
8a3086454aae1719e85d336d067a66e1,638a9c5ee862d737a4adcddfbb7159a9,delivered,2018-05-13 12:56:47,2018-05-13 13:11:59,2018-05-14 18:52:00,2018-05-22 15:11:32,2018-06-25 00:00:00
4cbc1adfd77a6cac701ee1f06cbfe633,814eb5af9d95d35f13f1e6e77847aaee,delivered,2017-07-11 19:14:53,2017-07-11 19:25:19,2017-07-12 17:29:33,2017-07-14 16:48:35,2017-07-31 00:00:00
944d7c50b61e5da4f70724fe6c541128,51f85bb5c956b0958c65dfefdf996a83,delivered,2018-04-27 14:19:52,2018-04-28 03:15:25,2018-05-02 12:03:00,2018-05-17 20:48:43,2018-06-01 00:00:00
2b234cbc0fc80ec00c9ab6f0ca1aca88,0fd32272b232b1f9014fec159b49efe6,delivered,2017-08-10 09:42:42,2017-08-10 09:55:10,2017-08-10 19:24:01,2017-08-14 16:05:14,2017-09-01 00:00:00
3c98e4bedff26f850c4f9989b16c8ee7,a929dc93107a35a8f1e62177386711c6,delivered,2017-04-26 10:41:39,2017-04-27 08:22:31,2017-05-04 13:32:20,2017-09-19 18:12:28,2017-05-23 00:00:00
2b9c1a6934f2dd62cbe6df11189fb65f,82c5e6b98e498b4150818c913f3e9bc7,delivered,2018-02-10 20:46:25,2018-02-10 20:55:49,2018-02-21 10:19:22,2018-02-28 21:49:02,2018-03-14 00:00:00
ed1b9f2005c0898488e8f36dce4078fb,612c9ea0c8cb5f31ffba433833598428,delivered,2018-02-15 20:09:03,2018-02-15 20:26:15,2018-02-17 15:38:56,2018-02-26 21:49:11,2018-03-12 00:00:00
0a814d38aa19654a3f35654847ba74b1,7d5bfe0ecf07750475619272cdd9b6d4,delivered,2018-05-22 07:41:02,2018-05-23 02:15:48,2018-06-11 11:37:00,2018-06-12 17:28:42,2018-06-18 00:00:00
ea3bfc423914d19fa33ef1432bea0223,061a4710733bbe8404725ba211b0d1ac,delivered,2017-12-21 20:09:49,2017-12-21 20:16:23,2017-12-22 18:22:05,2018-01-03 16:39:27,2018-01-17 00:00:00
dccb24d6f85976c77c64998e54d0f8f3,19d2fe3e9e67da50d9f93720a2b768e6,delivered,2018-06-15 11:08:54,2018-06-15 11:39:18,2018-06-18 13:53:00,2018-06-20 20:06:34,2018-07-13 00:00:00
a7c17d3f5f5c9612a2bc81be1aadcdeb,641ab097b6b9e0e84304f759f2b6f78e,delivered,2018-02-21 14:55:39,2018-02-21 15:10:25,2018-02-26 17:17:22,2018-03-02 19:41:49,2018-03-28 00:00:00
30336ab6f4ebb61a88d9e3188b36739c,06d478ba352a27a5167f3de441af9f59,delivered,2017-03-13 10:18:25,2017-03-13 10:18:25,2017-03-16 09:58:24,2017-03-22 12:16:11,2017-04-03 00:00:00
bfd5957bdfbc86a1882ee0dfa7a36a47,c220f2e1cccbcffc95cfe20d771d33fc,delivered,2018-02-02 10:03:35,2018-02-02 10:16:03,2018-02-02 22:52:17,2018-02-08 01:15:25,2018-03-08 00:00:00
74e284cea771553e1c5b513d44ac6b51,bc5aa9c14f397cb3060df1a4b9198f2a,delivered,2018-01-03 17:01:32,2018-01-03 17:11:26,2018-01-08 19:37:39,2018-02-01 19:34:49,2018-02-15 00:00:00
565764e1a977efdce1789541c08aef07,b278d2b0a7398ea5ba2a108557f977de,delivered,2017-10-03 13:13:18,2017-10-03 13:28:15,2017-10-13 16:07:48,2017-10-16 21:05:48,2017-10-30 00:00:00
19e99767938cf9c5969b4b00d1eaeaca,7c2f7ea28703035aea1c82509403b40b,delivered,2017-09-09 11:15:23,2017-09-12 04:50:41,2017-09-13 21:37:53,2017-09-14 19:22:49,2017-09-21 00:00:00
5242fa332c499504758af265bbca7bde,15c127866ed4058a9edde9b6ca63b62f,delivered,2017-09-27 22:52:33,2017-09-30 11:14:21,2017-10-02 20:27:57,2017-10-04 16:44:28,2017-10-13 00:00:00
fa3bee504523342f3e1b29cfc38a91d3,08ba9d78fcb65b8297408608a3bc78b1,delivered,2018-06-22 19:23:05,2018-06-22 19:38:37,2018-06-25 15:21:00,2018-06-26 16:08:27,2018-07-05 00:00:00
7cc6b9b998cb009fe458744cc5ba5f54,dcedd59668720ae97bcf13b59d111fd1,delivered,2018-08-08 22:27:54,2018-08-08 22:44:54,2018-08-13 13:27:00,2018-08-17 17:51:41,2018-08-24 00:00:00
c75f4211fdf83ec2f56c89a1f41bf3ec,f9f0cae6f72ac7bcdace53158b1712ef,delivered,2017-04-22 14:04:00,2017-04-22 14:15:18,2017-04-24 13:35:51,2017-05-18 21:11:37,2017-05-17 00:00:00
1d2405e906478ce05adcbe8878f77bce,fd01b89e12549ac5eeac5888602ae446,delivered,2017-12-27 13:33:06,2017-12-28 02:35:19,2017-12-28 17:05:15,2018-01-13 09:55:48,2018-02-02 00:00:00
0b8f8315c63f765c07a31a8c7e28bad0,81fcd802d74cece79db578cf4bb3b9ba,delivered,2018-08-16 12:51:38,2018-08-16 13:04:06,2018-08-16 13:42:00,2018-08-22 21:41:07,2018-09-05 00:00:00
0fa927b252421189a0e0d5725fb3832d,ff7b32d3da9ed589c9695bc56021b10d,delivered,2017-02-07 23:17:02,2017-02-08 23:23:28,2017-02-09 09:20:29,2017-03-06 13:34:16,2017-03-16 00:00:00
7d514be6da81debca0ed96cb31d6ed12,beadf961d5a71614a2ae77391aa04a9a,delivered,2017-05-19 01:52:47,2017-05-19 02:05:09,2017-05-22 11:33:46,2017-05-23 13:54:01,2017-06-06 00:00:00
3c21b0106dae1dae82f648a22f94a98c,e2e2357a373755fe5504b59a4751ad44,delivered,2017-10-10 16:23:17,2017-10-10 16:46:32,2017-10-13 15:13:43,2017-10-19 21:28:01,2017-10-30 00:00:00
1ad47582d931ff1f07ced9a9856a2b1a,5449c0156b595816472923e07b218bf0,delivered,2017-12-08 06:22:33,2017-12-08 07:01:42,2017-12-08 22:22:22,2017-12-16 00:18:33,2018-01-04 00:00:00
182be8798e939d0be032d7a197432113,a4f233c03b6fafdb264b06169a70deae,delivered,2018-01-02 10:49:29,2018-01-02 10:59:28,2018-01-03 20:45:39,2018-01-10 19:05:18,2018-01-31 00:00:00
3c574782e64cbb135c6d3d0376a501fd,4dc1eceaf4663856b78053b92ea01df6,delivered,2018-02-14 20:21:36,2018-02-15 03:47:41,2018-02-21 04:09:53,2018-03-07 20:22:25,2018-03-09 00:00:00
8339a4963d8b1727c15465ff154ce74e,e7710c3d39c249c8731ae1a9865243df,delivered,2017-12-15 17:19:05,2017-12-15 18:31:42,2017-12-22 15:58:07,2018-01-04 17:48:56,2018-01-15 00:00:00
a2271e2c867442b21df827861d9f8ef0,d6c2883b7ee3424c694873e751691363,delivered,2017-08-10 14:18:22,2017-08-12 02:55:29,2017-08-17 14:28:27,2017-08-25 17:25:53,2017-09-01 00:00:00
80eb061ace1abe7c2ba1828e00492f23,38d8c30b79cf3c90e84e7db43c3fc702,delivered,2018-05-14 21:39:44,2018-05-16 02:35:16,2018-05-16 11:10:00,2018-05-21 16:16:26,2018-06-05 00:00:00
781deb650ad035019d532569f8ab3072,a85ccbd509c181ea209a92956e8f181a,delivered,2017-11-27 14:13:02,2017-11-29 14:29:39,2017-12-04 23:27:45,2017-12-20 09:48:56,2017-12-15 00:00:00
b64f09a4cf903c5767f9f537158c24ee,029ca19aa34f9311941ab931975cff1b,delivered,2017-12-12 17:39:17,2017-12-12 17:51:45,2017-12-13 17:06:38,2018-02-02 16:27:43,2018-01-09 00:00:00
bfe378d529206e45ce2ae4095aba264b,13d4313f89fc94278086f77adb232fc7,delivered,2018-01-30 17:49:48,2018-01-31 13:32:08,2018-02-02 19:53:06,2018-02-27 21:18:33,2018-02-22 00:00:00
d361517f7a73473e6336f783ab83011d,14e7c1d95f38ad5a830549879bd81a50,delivered,2017-06-27 12:17:58,2017-06-28 02:45:36,2017-06-28 15:34:35,2017-07-12 21:03:31,2017-07-28 00:00:00
aec9735c10ae64b07f60d33908e5b58a,a972cb872aeefad4764efd7b891d212d,delivered,2017-11-19 20:02:05,2017-11-19 20:10:35,2017-11-21 23:07:00,2017-11-24 22:16:51,2017-12-01 00:00:00
c68f8933bfde7861455fab77ea35596b,2df21fcdbb1fcad8f6edb8c472475cc9,delivered,2017-11-27 18:00:13,2017-11-27 18:12:06,2017-11-28 17:46:56,2017-12-13 14:45:02,2017-12-22 00:00:00
157d64d36f001ed71b81dc87e46a0809,eb316b10309b44e855263e3fafaf1caf,delivered,2017-08-17 11:06:41,2017-08-17 11:25:09,2017-08-18 20:21:56,2017-08-28 11:22:57,2017-08-30 00:00:00
a7f8737adbb1896e0664c6bb67da182b,679d2e759ee30c8c1c76366b2cd5d8ff,delivered,2018-07-10 12:29:38,2018-07-10 12:45:47,2018-07-11 15:03:00,2018-07-12 20:51:39,2018-07-18 00:00:00
a294c654ef8ddfa4587ab732ff8aa101,5ad7ed68c6c5c3a7d85c134d2ccb5364,delivered,2018-01-02 19:42:00,2018-01-03 04:16:43,2018-01-03 18:08:58,2018-01-12 20:19:31,2018-01-30 00:00:00
e67a3047fa3e8b2aecd942f3b25b0e3f,5407ace33e0fa2c0cef7c6f1c13ba781,delivered,2017-11-23 20:32:36,2017-11-23 20:48:23,2017-11-24 20:35:52,2017-11-28 13:21:41,2017-12-07 00:00:00
01ae629e578b0eb0935ea1ce19c409f1,d299e0e07e35f5c6fd348ed83551a272,delivered,2018-07-19 07:43:33,2018-07-19 07:55:10,2018-07-19 12:45:00,2018-07-27 16:51:56,2018-08-10 00:00:00
695c5f386b78f79a4c1606cb71ae311c,e32ca66e09cc9793f1e4cfc5310ad8d1,delivered,2017-10-09 11:49:44,2017-10-10 03:49:22,2017-10-20 21:08:46,2017-10-24 19:22:46,2017-10-26 00:00:00
5b9a7fae2bc9ceadc539d174314bd4a7,d88d2012dab42862bce788b76739d268,delivered,2018-01-07 16:14:05,2018-01-07 16:21:21,2018-01-10 20:10:10,2018-01-19 14:24:53,2018-02-06 00:00:00
1c518c9a4da98619eea4bc6fb9651832,39e6184f77cdeb15df7725f992dab34e,delivered,2017-12-20 18:00:37,2017-12-20 18:11:05,2017-12-21 22:13:36,2017-12-23 15:43:52,2018-01-09 00:00:00
0f17366db3415102c789999a513bbd35,d2e68d3ebaf2dc8deaf4cd28ec5c9da7,invoiced,2017-11-16 13:25:07,2017-11-16 13:35:52,,,2017-12-14 00:00:00
e1e06d229be4515568fce133c60e6089,e87ec36a7eacb7f9f72a5a650cdcc0f1,delivered,2017-08-02 10:12:07,2017-08-02 10:25:10,2017-08-04 14:04:40,2017-08-05 12:02:30,2017-08-15 00:00:00
65693cc880b8cf8c5e24798b6e042e0f,5f5559367c34af05d2b0c45d01b768fc,delivered,2018-02-07 14:09:36,2018-02-07 14:32:00,2018-02-08 16:27:36,2018-02-15 21:08:00,2018-03-07 00:00:00
b04e44e92fbc14e258bb48695b8ee7ca,da37288857c2c86080d762ef3640b6f6,delivered,2018-08-13 13:07:18,2018-08-13 13:24:22,2018-08-14 14:35:00,2018-08-15 19:22:36,2018-08-21 00:00:00
d3bc8a8aaa147ade29961c9693ff1e94,716af2036a25a73295f575af6ff89e24,delivered,2018-02-26 19:39:50,2018-02-28 09:35:37,2018-03-02 21:04:56,2018-03-09 09:55:18,2018-03-22 00:00:00
19cfffc221208eb22b66057b2afe98f9,b2cba5f59f652fdc17f0d0a6c8f63ddc,delivered,2017-11-28 19:02:02,2017-11-28 19:14:27,2017-11-29 22:24:45,2017-12-08 17:41:48,2017-12-18 00:00:00
db9a034f34174edd577b9f64cc982952,ca861b89bc99a9f6e4a639805b07cd05,delivered,2017-12-11 23:52:20,2017-12-12 00:19:34,2017-12-18 16:25:07,2017-12-22 20:45:03,2018-01-04 00:00:00
51355c5169d0324db651913ef8121f8c,e3090a0296ad1120f91ae33b94e1eb75,delivered,2018-03-07 21:45:59,2018-03-07 22:08:43,2018-03-08 23:16:20,2018-03-16 16:48:41,2018-03-28 00:00:00
ade59b0e363885983290be2cc12ae8b4,b1e76084d8b2831421f8b7f4f7d0a457,delivered,2017-08-30 11:51:44,2017-08-30 12:05:45,2017-09-05 21:05:35,2017-09-07 00:52:01,2017-09-12 00:00:00
4576179bf61955429e5ddf487e7dbad7,fb1442fddb3de56fa6ff095c77b296e7,delivered,2017-11-20 22:13:33,2017-11-20 22:27:59,2017-11-21 19:22:09,2017-11-24 19:47:47,2017-12-08 00:00:00
2897ea74f9139bdcd87a8d18548af8e2,f7a491b924e343625fdf0e87ed85b235,delivered,2018-07-06 12:53:58,2018-07-06 13:12:02,2018-07-10 12:06:00,2018-07-12 21:41:13,2018-07-19 00:00:00
8019e5f3a23ce0342b60a67f3fda2c65,7e0b99de3ad5bd9bea61fea9629aff5d,delivered,2017-12-01 15:22:27,2017-12-05 04:15:40,2017-12-05 20:27:45,2017-12-18 21:22:02,2017-12-27 00:00:00
86a159c4f6b1da57e4f8d286a16e9c9f,61fb4e9e08bfc53dc60cad3a7a9ab94a,delivered,2017-08-03 17:47:10,2017-08-03 18:03:04,2017-08-04 21:22:07,2017-08-17 18:58:39,2017-08-16 00:00:00
2d106554b0848ac94107eeee022b7fb2,8c5d01807e2be214929eef7f44ff5a26,delivered,2017-11-21 23:13:30,2017-11-22 21:06:56,2017-11-23 17:16:52,2017-12-11 22:23:00,2017-12-22 00:00:00
139be8870b91e71fd70bb366305c8cde,7f0f4bcffd7d9085eed3ad0a7814dd33,delivered,2017-05-13 14:03:37,2017-05-13 14:15:18,2017-05-17 12:59:49,2017-05-22 13:18:02,2017-06-08 00:00:00
9ea8991baba81c4f6981637da7fbd544,431bdad95e6781a18b295b98d87335fc,delivered,2018-04-13 20:41:37,2018-04-13 20:55:31,2018-04-16 23:05:04,2018-04-21 15:34:34,2018-05-08 00:00:00
dc17c01a54fba254ad3989a9ff6d67d7,48f34dee22146ef70227a531ba14ad46,delivered,2017-11-27 15:55:52,2017-11-29 02:18:11,2017-11-29 18:25:45,2017-12-18 22:08:16,2017-12-18 00:00:00
288c5544af72d827e566c9ead00316b6,c3794a4836b0f1f979c4c6916f500abc,delivered,2018-01-20 14:00:08,2018-01-20 14:30:35,2018-01-22 17:49:17,2018-02-09 01:07:02,2018-02-23 00:00:00
c811b2b32820eb21f261701e61e863c5,310f4c1ebfa70d27337359ee72d472b0,delivered,2018-04-05 10:29:03,2018-04-06 03:28:23,2018-04-07 01:32:59,2018-04-10 16:37:51,2018-04-27 00:00:00
3ad057222aa3896524e1f8676a6fed66,e5dc4f88a7ccf6b7d45b187c661a7343,delivered,2017-09-28 17:04:12,2017-09-28 17:25:04,2017-09-29 17:10:01,2017-10-17 19:52:31,2017-10-16 00:00:00
bb5ed7e3c00498a15ceff9bbca9ba556,bd3667372aa3b341575db35481d040b5,delivered,2017-11-11 16:45:52,2017-11-11 16:56:14,2017-11-13 10:27:39,2017-11-21 15:55:50,2017-12-04 00:00:00
9a19e859f5bd7a0bb22d64d35fa8b979,afbfb235f3ea4986295c741b4d21ea32,delivered,2017-11-24 23:37:52,2017-11-25 01:37:20,2017-11-30 15:12:48,2017-12-03 15:10:38,2017-12-14 00:00:00
685e7e3eaffdd604a628eb6e0dbee88e,1d5127e3f9779d044a034868329d653a,delivered,2017-08-26 19:57:39,2017-08-26 20:10:19,2017-08-28 19:00:11,2017-09-05 19:26:43,2017-09-20 00:00:00
44ce6def1c74186615c88a02d09abcb2,7d32094fa9c3a39dc91a3947cbef7a13,delivered,2018-02-12 17:16:09,2018-02-14 10:27:11,2018-02-14 20:04:11,2018-03-12 22:51:13,2018-03-07 00:00:00
c20fa8783cbf98de30a8cc0dc7b99bd1,ec7bace5c0ee787e5b521382ae27a112,delivered,2018-04-19 11:07:17,2018-04-20 07:32:10,2018-04-20 20:18:33,2018-04-24 18:52:43,2018-05-04 00:00:00
7d1996e6e2897f39ad7ab248767d66ea,667c0f68dff62a45f0be6fe6e944ae7d,delivered,2017-08-17 17:38:34,2017-08-17 18:44:39,2017-08-18 13:39:49,2017-08-21 18:33:40,2017-08-30 00:00:00
0ff22bde315f6d0807028be76d9e736d,8125090a4744adfbe6d3940abeeb859b,delivered,2018-06-25 08:23:10,2018-06-27 09:11:47,2018-06-27 09:20:00,2018-07-05 12:36:25,2018-07-31 00:00:00
3341c1471465b4198ac0c139659da90f,47bb83fd2e4a971ffb84209b5b725d00,delivered,2018-03-13 10:01:03,2018-03-15 03:29:34,2018-03-16 18:25:38,2018-04-09 13:53:41,2018-04-06 00:00:00
487102a0e698d9e4d4c20a484739489b,b5c786bdc9e15e28d33f2db4ea2f9875,delivered,2018-03-05 13:28:54,2018-03-05 15:55:37,2018-03-14 19:03:26,2018-04-02 13:41:33,2018-04-03 00:00:00
6a843358bc668f6e6b3c4b13de5e1b33,26e3c68ac33db7ab2b257c9c35c23752,delivered,2017-07-10 22:28:33,2017-07-10 22:43:30,2017-07-17 12:59:44,2017-07-19 13:34:02,2017-07-21 00:00:00
e5283432176f988a5d35d8f6b0711030,e60ef18ae2cc1f0e16b855a4ef2807be,delivered,2017-08-25 10:14:02,2017-08-26 02:10:17,2017-08-30 15:56:11,2017-09-01 18:45:50,2017-09-19 00:00:00
dbee9ddfb8d2d10e047b6cb5ac6c2318,3e70cccac729d32f6903f2d33858511f,delivered,2017-12-23 17:57:14,2017-12-23 18:09:08,2017-12-26 16:57:04,2017-12-30 11:37:46,2018-01-26 00:00:00
34cafed7dd8f5b67bf8411c7fda78f49,e4e471f37f9bf6542ae66be166142638,delivered,2018-06-16 20:33:33,2018-06-16 20:58:16,2018-06-26 06:34:00,2018-06-28 15:29:51,2018-07-19 00:00:00
789e059c493926a46f2365bebb807dc9,d4fe22646489eb78a9993e0a312ffbee,delivered,2017-03-21 14:06:41,2017-03-21 14:06:41,2017-03-22 10:02:02,2017-04-10 02:37:41,2017-04-11 00:00:00
0b93ff37e8344c6013bad16484c7fbe4,41b40faae6aeea7a8b6884948863386e,delivered,2018-07-22 11:13:05,2018-07-23 14:31:12,2018-08-02 16:31:00,2018-08-07 22:11:10,2018-08-21 00:00:00
92c006b2d334e2c603a6569c2a4ce53f,4e5ff35c08f08656c0cca3f46f97391c,delivered,2018-02-26 18:18:57,2018-02-26 18:35:39,2018-02-27 18:57:32,2018-03-08 00:48:30,2018-03-26 00:00:00
2ca1f43a3b966324bcd1fee4818d01e3,24cf5c1e126ff78cbb839e0d1566dca0,delivered,2018-04-21 15:11:16,2018-04-24 19:02:32,2018-04-23 18:03:45,2018-04-25 19:15:00,2018-05-02 00:00:00
ad8cbf1b92732052ce15fbcc313b59e2,f633918bd6e6a1a9bc31dd52189f1ac4,delivered,2018-08-15 11:31:44,2018-08-15 11:45:16,2018-08-17 10:00:00,2018-08-23 15:11:56,2018-09-04 00:00:00
18fda8c87fb70dfe4ab751acd63e39ff,0dfd0d69ff0b50c8dc4d6b7a5619dcef,delivered,2018-02-13 11:57:45,2018-02-15 03:55:50,2018-02-21 20:27:01,2018-02-28 22:04:41,2018-03-12 00:00:00
31cc37975a360a347c3e668b4893fec3,77fba1f66a8848b09bf7255bc00f67be,delivered,2018-06-13 15:39:09,2018-06-13 15:58:50,2018-06-15 14:25:00,2018-06-21 16:22:08,2018-07-04 00:00:00
44336b642856c33f94a6ba4b8a7dd6d5,72f2b4663a2f9ab47f956f7f75eeb398,delivered,2018-04-09 21:46:23,2018-04-09 23:30:04,2018-04-12 17:51:56,2018-05-03 21:48:53,2018-05-16 00:00:00
f2549ba65e2aa4e4831c43946625e476,318e6461c1360f9bcd936bb5bc8acdca,delivered,2018-08-15 15:52:47,2018-08-16 10:10:29,2018-08-21 08:48:00,2018-08-22 15:54:44,2018-08-28 00:00:00
a640fed02512517d0d460c194a02f23c,fafb088f52611a7af479495f14d95aba,delivered,2018-05-15 20:29:37,2018-05-15 20:56:10,2018-05-16 13:38:00,2018-05-17 17:22:08,2018-06-01 00:00:00
38581282d219040b90a904e154ad8cf3,008598a4ca17eba904c5fed695cb13be,delivered,2017-07-31 11:23:21,2017-07-31 11:35:25,2017-08-01 22:04:55,2017-08-09 17:10:34,2017-08-24 00:00:00
bcbcdbe98e2e23143fd0f17070768b94,3bab702f05af85ee30fa407ed58b70f9,delivered,2018-03-18 16:46:32,2018-03-18 17:09:22,2018-03-22 20:12:17,2018-04-21 09:25:38,2018-04-12 00:00:00
0cc36282e7b0e281bb99dfdc8c0f11aa,5ce973fbda84cc196075524439c99bb2,delivered,2017-09-07 16:07:10,2017-09-07 16:23:27,2017-09-08 19:52:59,2017-09-13 22:09:59,2017-09-26 00:00:00
9e555160d5ee4c0a12a9451cc98afedc,ec55b85b43b1ea0b5488736283c05e78,shipped,2017-11-16 12:04:23,2017-11-16 12:31:39,2017-11-17 17:34:45,,2017-11-29 00:00:00
80e8a0b7128272e407375016c1fe666d,f3dc55ecb71ebe4066a6efc57c6593b3,delivered,2018-04-05 21:00:26,2018-04-05 21:15:11,2018-04-07 01:11:24,2018-04-14 17:48:45,2018-04-23 00:00:00
1754107f36ce978c21ba0509c7bf0889,051d8948abf627dfd3483f6bcdfbfa5a,delivered,2017-08-08 16:05:13,2017-08-08 16:23:50,2017-08-10 17:26:12,2017-08-15 20:51:49,2017-08-30 00:00:00
7097550e40c0506caaa47c978d54e66e,fcd8483d6bd11ee87b1e041869ecd2b1,delivered,2018-01-26 17:42:08,2018-01-26 18:31:27,2018-01-29 18:35:03,2018-02-05 15:39:49,2018-02-20 00:00:00
464903700caac1e06ce732afb660cfe2,0550b43346bf7b76cb465d064ecc7bd5,delivered,2018-06-10 18:20:21,2018-06-10 19:12:10,2018-06-11 14:11:00,2018-06-16 16:02:06,2018-07-11 00:00:00
82ea82026e50c602a0a88e158b8fa8d4,302e2c173a66a78cce4229248835a524,delivered,2018-06-07 09:23:19,2018-06-08 02:35:18,2018-06-08 11:09:00,2018-06-15 18:02:23,2018-07-23 00:00:00
83f450ee2ce1601120b3ae155a1c43fa,ad6a6681c849e64c88a6fd9fcb54627d,delivered,2018-03-16 22:10:55,2018-03-16 22:28:15,2018-03-19 19:04:57,2018-04-05 22:11:07,2018-04-25 00:00:00
3008498e80be1b85f0ac899b5dc2da66,d14d2298c49bb29573732dcdb7aa9b56,delivered,2018-07-14 23:37:42,2018-07-14 23:50:09,2018-07-18 14:35:00,2018-07-24 00:08:23,2018-08-10 00:00:00
e18b75b8b2ba4ce613d10b2fd820aef9,97b022c15435bd252146590f7d05e314,delivered,2018-07-28 13:11:22,2018-07-29 13:05:14,2018-07-30 14:43:00,2018-08-02 18:46:42,2018-08-14 00:00:00
20dba2f8adcb7effe9f8fd64c8818656,a966dd3a971b4fcf59e306593c595e0a,delivered,2017-06-10 00:06:36,2017-06-13 04:05:25,2017-06-13 16:48:16,2017-06-19 20:03:22,2017-07-05 00:00:00
70c9e0c247d9f1e785e3a31d2a333ec6,4f8eccc9715d609c5524da78c3f072ad,delivered,2018-05-16 19:08:50,2018-05-16 19:36:47,2018-05-17 14:41:00,2018-06-01 17:14:52,2018-06-01 00:00:00
c92364460bae25c97369caca38250639,d06dcdc91e45905da70cd2319052dfcb,delivered,2017-12-11 10:51:42,2017-12-11 11:11:18,2017-12-11 23:34:12,2017-12-21 21:28:34,2018-01-04 00:00:00
96b4ac4e2ffc8baf3231dec72926b913,08a97b5d819d8150e70e1a637d34b1ea,delivered,2018-04-27 21:26:39,2018-04-27 21:52:34,2018-04-30 12:18:00,2018-05-09 10:28:34,2018-05-28 00:00:00
3f81d05c2ac8f59242c55b5b4460f795,ac9fc6d2a60feb9bd19d1c24370c5107,delivered,2018-05-08 08:17:45,2018-05-08 08:30:17,2018-05-09 08:25:00,2018-05-15 23:59:59,2018-05-25 00:00:00
714baa6be84305523afe9e663c1b8f48,b52897526af6657a36aea35d93443b07,delivered,2017-03-25 10:13:31,2017-03-28 03:45:10,2017-03-28 11:26:40,2017-03-30 13:22:15,2017-04-20 00:00:00
758b2f6c959f5aec10c8beefbcda84b8,a7ff44e0773e59861e6b784a4de577d1,delivered,2018-02-09 09:36:12,2018-02-09 10:14:12,2018-02-14 19:04:30,2018-02-19 20:05:47,2018-03-05 00:00:00
7ee2c8e81e009d6c2d3ce6d381ebc248,9faf910da52163bdfa603771d11672c8,delivered,2018-01-12 10:02:11,2018-01-12 10:09:25,2018-01-16 17:52:48,2018-01-19 23:19:39,2018-02-06 00:00:00
21e28426bf49f15032c93153c7a3e206,ba503b67e4b3b4faef99f1235920617b,delivered,2017-10-18 21:45:26,2017-10-18 21:56:39,2017-10-24 20:17:49,2017-11-03 16:41:38,2017-11-09 00:00:00
8a3dcb26a8eb146af97048a590585b24,50c3191f8256273399666c6edf0d9a54,delivered,2017-10-04 14:02:42,2017-10-04 14:14:12,2017-10-05 22:32:38,2017-10-06 17:50:07,2017-10-23 00:00:00
a37e63f75db3f7601cd0e95a5b63c083,8dee5b9d88493d6dd0a51b834867dc84,delivered,2018-01-07 21:28:13,2018-01-07 21:47:38,2018-01-11 21:10:25,2018-01-12 21:12:40,2018-01-24 00:00:00
1f1a992f7bcd9a5c79b08bbf2a0d076d,681763cdf87fb901b23f8548b300f2cd,delivered,2018-08-16 16:13:24,2018-08-16 16:30:46,2018-08-21 12:03:00,2018-08-22 18:38:50,2018-08-27 00:00:00
12c52aeb1dba3fcbef2e36accacca1e4,0218de8038240591323aa1f89630a1e8,delivered,2018-02-13 15:19:02,2018-02-13 15:30:25,2018-02-14 21:04:25,2018-02-22 15:52:15,2018-03-08 00:00:00
f96c24233b2160cbda61f76e59f81412,a6cf8f5e39c94c61c9fb0e869f481fc3,delivered,2017-02-22 15:57:47,2017-02-22 16:10:13,2017-02-23 08:17:44,2017-03-07 11:42:44,2017-03-27 00:00:00
32e4ab670ff4b606ef9ef7efdea0a284,972cd773a42450ed39ee9e1f290f3529,delivered,2018-04-05 09:48:17,2018-04-05 10:08:52,2018-04-07 01:22:37,2018-04-07 16:51:53,2018-04-23 00:00:00
a17ad45b2b8e8e73cdcc323bd9b90b49,0634cc5ac85b1f3049dbe5ef6f30b008,delivered,2018-02-27 22:20:35,2018-02-27 22:35:21,2018-02-28 20:55:03,2018-03-02 15:36:36,2018-03-13 00:00:00
9f9451274bc21055d9306c98eb7eb8f8,65b9c8af625c3c4a37af569d46f77136,delivered,2018-03-04 21:57:25,2018-03-04 22:10:30,2018-03-06 22:48:57,2018-04-17 00:37:33,2018-04-06 00:00:00
9f31d169352d4ba2e61af7dfcdeae8eb,8267a06cc4ef5ed40ac7530a57b70ae0,delivered,2017-09-15 09:15:42,2017-09-15 09:25:54,2017-09-20 21:16:04,2017-10-05 21:32:55,2017-10-13 00:00:00
1620c790cd0d6a55f4f5c3922764c96a,b9ab932d839992603b54ff70dedaf357,delivered,2018-03-06 16:33:50,2018-03-06 16:56:34,2018-03-10 00:22:41,2018-04-16 23:56:29,2018-03-27 00:00:00
1ab2b1793236a9b4f5033929476665de,743ba6970529f6e6ac1f5b501be6d573,delivered,2017-11-27 17:31:28,2017-11-29 18:12:42,2017-11-30 16:28:09,2017-12-06 19:22:35,2017-12-11 00:00:00
43c564b825003473af9a68138631d388,7a9e4631c3fa2487b3a4d1a9becf3701,delivered,2017-08-08 12:49:01,2017-08-08 13:03:44,2017-08-10 16:50:06,2017-08-12 17:03:39,2017-08-28 00:00:00
ab30f8d4ebb7d33d1dcf54d420ea42cd,1e3597b6a3709825babc1f9c2c5d1992,delivered,2017-11-01 14:01:38,2017-11-02 13:55:26,2017-11-10 19:55:38,2017-11-17 20:18:51,2017-12-20 00:00:00
2e10c534d5d49b8fcea5e034821a96e9,2228a3a881e33aa73e7958a61332cc35,delivered,2018-02-14 18:41:02,2018-02-14 18:55:26,2018-02-16 21:07:32,2018-02-20 22:59:03,2018-03-07 00:00:00
9e223bb1dcd1b18c6f18c8530f8bd54f,97c7e43303db9a2be78a4d3691bfa9a2,delivered,2018-05-21 15:14:56,2018-05-21 16:35:54,2018-05-22 14:08:00,2018-06-04 14:34:36,2018-06-08 00:00:00
da737ef3ec9b9835b98345f6c155cdef,08ebd8171843fa54338c3474439144a2,delivered,2018-08-11 23:32:03,2018-08-11 23:44:36,2018-08-13 16:09:00,2018-08-14 13:11:48,2018-08-16 00:00:00
f1e3357150ba2a42775a24d84090890f,27da2d4ea8e41b2ebf42861d6f5a3bda,delivered,2017-12-02 19:44:39,2017-12-04 18:30:51,2017-12-05 21:43:41,2017-12-12 00:14:34,2017-12-27 00:00:00
41d3c3f700ca5ccd7c9068d16f4a4821,c5815bc51a3e03cef5eaea8d5cbc04da,delivered,2018-02-01 16:05:46,2018-02-02 15:27:47,2018-02-05 13:19:36,2018-02-15 18:38:48,2018-03-02 00:00:00
3a85a31b3c013689dec78b3b5a951e3a,7b13faf41f9f9fbf81d94f7dc0390ad6,delivered,2018-03-18 18:53:13,2018-03-20 03:30:56,2018-03-21 18:38:47,2018-04-06 22:58:24,2018-04-13 00:00:00
23233c7048bb0dcf2c4f0554a258fd82,5647b25ad25cdcfc8b3a9262887a7b4a,delivered,2018-08-08 11:00:56,2018-08-08 11:10:20,2018-08-09 12:19:00,2018-08-15 01:42:02,2018-08-17 00:00:00
04130ed2567c23daa988cca5f1860430,e4447a5ba83bd803a92ff42706b70816,delivered,2017-11-11 14:47:40,2017-11-14 03:35:22,2017-11-16 13:48:38,2017-11-20 19:32:27,2017-11-27 00:00:00
d5e14257809839727a3b7094b8fbe64b,4e689a024aa738f5e834bc7fdaf17e7f,delivered,2018-01-16 09:44:46,2018-01-16 09:56:23,2018-01-17 18:12:25,2018-02-05 23:04:47,2018-02-14 00:00:00
2855ff46bd8a1e808b3a96e7bda374c7,93944abdbfeb7951bca77d6c3beaff45,delivered,2017-12-06 01:51:32,2017-12-06 02:09:36,2017-12-06 22:22:54,2017-12-16 17:42:39,2018-01-02 00:00:00
3ca46d83bc77fa642a73183ca1275aa2,e3c5c4be8d1f1398a937afb599399b3d,delivered,2018-07-22 17:47:38,2018-07-23 12:32:12,2018-07-24 11:39:00,2018-07-31 15:38:01,2018-08-23 00:00:00
5b4ac3ed0dfae10196fb525f4227ccf8,4dba2178903f42a374b15cdc931c5d42,delivered,2018-01-13 00:26:23,2018-01-13 00:58:30,2018-01-17 02:33:56,2018-01-23 18:22:06,2018-02-07 00:00:00
441cf7155f976d42536081646f9f4714,51c5f0c1e195fc85859adee1046fa34e,delivered,2017-10-19 12:33:49,2017-10-19 13:49:25,2017-10-26 00:07:50,2017-11-03 16:47:49,2017-11-10 00:00:00
c67440872252c7c4079023160409025d,6237a8d5188319b841ccd3c62faf8f85,delivered,2018-05-23 10:45:13,2018-05-24 02:18:26,2018-05-24 14:42:00,2018-06-06 15:42:54,2018-06-27 00:00:00
6ac4c573549ec4d968907f982c4be7a5,8d40166f2db2f946bd75da94411e65c3,delivered,2018-03-27 10:31:49,2018-03-27 10:47:58,2018-03-28 21:25:18,2018-04-11 18:42:05,2018-04-27 00:00:00
a6b63ae7118854d49f47a7445041e200,ca260fd44214a7a9b39457ce897f98d6,delivered,2018-05-16 17:33:11,2018-05-17 19:36:10,2018-05-21 09:08:00,2018-06-04 15:14:20,2018-06-08 00:00:00
f49d6ccb4f36a6204ff06cab948d268d,2ad0fa5dbcc34ae3e276ceb5eeb3fd33,delivered,2018-02-04 22:34:32,2018-02-04 22:50:03,2018-02-06 13:13:03,2018-02-07 19:04:02,2018-02-23 00:00:00
565f87125e672e704933159acb9d4587,fbbfaed4be04d3cd8c7698aab67ffc5c,delivered,2018-06-14 15:39:13,2018-06-14 15:59:58,2018-06-15 14:00:00,2018-06-26 17:15:45,2018-07-17 00:00:00
9dc3aae9b1d669cf1ede0c26d1d08b48,4492f85a663f8b75a94718799f60a8a1,delivered,2018-07-31 10:33:18,2018-07-31 11:04:43,2018-08-01 13:17:00,2018-08-03 21:32:59,2018-08-16 00:00:00
245ac19080f071a4ef95b0aea0038fcc,d3308957c8595dff77a1deab1e20c24b,delivered,2017-12-09 00:10:59,2017-12-09 00:31:03,2017-12-12 13:19:02,2018-02-05 15:29:14,2018-01-15 00:00:00
4a9200466bbeb3208e8b5fe268315105,3ecceee1818bcc7555b587631589f0dc,delivered,2018-03-14 14:54:18,2018-03-14 15:27:58,2018-03-15 16:32:10,2018-03-27 17:47:23,2018-04-04 00:00:00
70373e9075b8d9c1c57bebf62ba3b59d,37696faed2a66c905bce38870973fc82,delivered,2018-04-06 09:53:26,2018-04-06 10:09:05,2018-04-07 01:32:05,2018-04-19 17:21:25,2018-05-03 00:00:00
9b4fc5c379134e1329bd48641ba285e3,cda60b855f79e10246781d30a9fd7be7,canceled,2017-07-24 13:22:29,2017-07-27 10:10:15,,,2017-08-04 00:00:00
caa321f911edb4b272c5e4aa6df6be81,cbd7f2280c571b565374cff6887d1ab7,delivered,2017-07-16 20:13:21,2017-07-18 06:10:24,2017-07-21 16:36:01,2017-07-26 04:41:55,2017-07-28 00:00:00
398c1e801f251d4b305bb3e2e4eb2e14,da6cc8104d73d2ed1e3ca5e3bcaf9ceb,delivered,2017-11-02 05:31:25,2017-11-03 05:45:40,2017-11-08 23:35:51,2017-11-17 19:16:31,2017-11-29 00:00:00
b311d7dd519074ae07f219467efbcc6c,958cac30fa94b05f7747e91ed8798ef8,delivered,2018-06-10 11:35:57,2018-06-10 11:51:07,2018-06-19 14:13:00,2018-06-20 21:08:33,2018-06-29 00:00:00
b7f12e29e55ecae289d444db518400ed,58e6ef977832bfd6f5c99001fc47432b,delivered,2017-04-26 14:37:18,2017-04-26 14:45:25,2017-04-28 15:03:42,2017-05-03 16:00:09,2017-05-15 00:00:00
ce6615d572a95ae4df7bcb227fa4d3a0,16b1c67999265df183e86f6a29d83626,delivered,2017-10-27 17:12:30,2017-10-27 17:31:14,2017-10-30 22:14:14,2017-11-07 21:04:49,2017-11-21 00:00:00
50f6dc29061cc84a0517e8c487314855,cba2aa3b44e87d70be5dbcc4c388e982,delivered,2017-06-23 22:46:15,2017-06-27 03:55:20,2017-06-27 14:18:01,2017-07-07 16:59:36,2017-07-21 00:00:00
c732a870596bb86c2a75055a13eed28b,039e439f9f8a9601b617aaf7168202fd,delivered,2017-02-24 16:09:19,2017-02-25 06:45:21,2017-03-01 14:30:53,2017-03-11 10:55:01,2017-03-31 00:00:00
352f09822e9d9bd34662893b7266177a,38a49ec1f03ef9b4db7e8ef5fbb660ea,delivered,2017-04-11 01:53:32,2017-04-11 13:30:23,2017-04-11 14:34:00,2017-04-13 13:16:21,2017-05-03 00:00:00
9c9caceea6d2d83cca38b235e4239dbc,8b6bdea286edd9e9c17e7aa7b83bba33,delivered,2017-12-29 23:07:25,2017-12-29 23:14:22,2018-01-02 18:48:12,2018-01-04 15:12:28,2018-01-18 00:00:00
be33eea0051d8447b4c2ed4e7ac7be35,b91129706b580d867531feec323a1fda,delivered,2018-04-24 20:23:21,2018-04-24 20:33:31,2018-04-26 14:58:00,2018-04-30 14:04:57,2018-05-16 00:00:00
e4825515f8ef501b2887a2ad0685621a,a6fb9a183a4cf39ac1e24653da0ec6bf,delivered,2017-02-14 14:36:50,2017-02-14 14:50:11,2017-02-15 06:11:51,2017-03-02 10:22:10,2017-03-23 00:00:00
01d3d4cb8c553d507dfd26fbd8b41e95,814dfd64a142fe2564faef3932b676b9,delivered,2017-10-29 14:52:54,2017-10-29 15:10:11,2017-11-10 00:22:00,2017-11-16 16:34:43,2017-11-29 00:00:00
1f9624a22a45c44073523bcf6f1c47a2,bbdbc21c0d067bd705b5aaff781709c9,canceled,2017-07-31 16:05:08,2017-07-31 16:23:27,,,2017-08-18 00:00:00
c0672e93bc1e3dc6754fcf935f3b197b,cb97d2288c6fcc10d89ebeed7368828d,delivered,2018-01-26 07:37:31,2018-01-26 07:50:21,2018-01-26 19:08:43,2018-02-05 19:06:11,2018-02-26 00:00:00
837a2b3fdf1af32fbddaedb82e8251fb,22cc41b7201d6a520de0775ba5159aed,delivered,2018-07-31 18:02:00,2018-07-31 19:31:35,2018-08-01 15:55:00,2018-08-06 19:18:39,2018-08-09 00:00:00
b915355d5d44aa71d50cf04caeb78a53,5e2d7a5f33b0d7fb5d391ddff79b7bd9,delivered,2018-08-19 13:52:46,2018-08-20 15:57:39,2018-08-24 11:37:00,2018-08-29 15:51:29,2018-09-05 00:00:00
b2c7ce470c3bc3cebaef61950a33f2f8,b822fa79e7e6fae9710a5cfa3655e639,delivered,2018-06-12 00:01:00,2018-06-12 09:02:08,2018-06-12 13:06:00,2018-06-21 15:08:37,2018-07-17 00:00:00
334ab6dc70bc9a09b01827959aee65ba,f825273ddca164fab2c91c5bcdc58f4d,shipped,2018-03-10 14:17:54,2018-03-10 15:08:10,2018-03-12 17:21:41,,2018-04-03 00:00:00
0cf2af331f55382bd5698864658e73f0,bceaf8b12a79028075da3b7a36f1d6e7,delivered,2017-05-01 14:19:12,2017-05-03 11:43:07,2017-05-03 13:34:35,2017-05-20 09:02:28,2017-06-02 00:00:00
4165597d98e009aafd51a406a9c38562,71c4cb2c996f7c8a8583f350547290f1,delivered,2017-03-14 12:57:50,2017-03-14 12:57:50,2017-03-15 09:47:50,2017-03-17 10:47:55,2017-04-04 00:00:00
7892a566b076a8f7248d0c39b1a62768,38050287d8c7650f0228136a01889f83,delivered,2018-02-24 18:35:03,2018-02-24 18:47:24,2018-02-27 16:34:13,2018-04-15 15:48:39,2018-03-21 00:00:00
3c0b8706b065f9919d0505d3b3343881,d85919cb3c0529589c6fa617f5f43281,delivered,2017-02-17 15:53:27,,2017-02-22 11:31:30,2017-03-03 11:47:47,2017-03-23 00:00:00
aae50e3ecf0a52e135b59e3df0d18c84,9d79c4397c82efe150bef59588b4913a,delivered,2018-01-04 16:22:45,2018-01-04 16:31:22,2018-01-08 19:07:49,2018-01-19 16:13:13,2018-02-02 00:00:00
7f97fdc3070d34e6e2a9db4b367e98c9,781b92d0f302cbc9e3f59e6bc15b570d,delivered,2018-02-17 23:28:37,2018-02-17 23:46:44,2018-02-22 20:53:03,2018-03-08 19:54:31,2018-03-22 00:00:00
d87efaa8a13d7d43b3464f49c528c787,7eb927f63e4b090b789fac3324d400d3,delivered,2017-02-11 18:10:26,2017-02-11 18:22:47,2017-02-13 14:06:53,2017-03-04 04:42:25,2017-03-13 00:00:00
513e088b2c0d0279b2df18d115a0d39d,4f3106b818772a80feb6aa2a658e2998,delivered,2018-05-28 15:37:54,2018-05-28 15:56:20,2018-05-30 13:36:00,2018-06-04 20:53:56,2018-06-28 00:00:00
ebbca2b2d601a4f4d2b6bf1bfaeed836,529f213a202af545c56e12001d3c8bf7,delivered,2017-07-14 13:57:05,2017-07-15 03:33:08,2017-07-24 21:40:16,2017-07-31 19:02:38,2017-08-11 00:00:00
aba950b9cde84070da405636a28d6ad2,8eeecbffca82741b05f4ac8684a09047,delivered,2017-07-19 16:59:19,2017-07-20 17:43:41,2017-07-26 14:23:19,2017-07-31 21:59:28,2017-08-11 00:00:00
d2b9baaec80a1a1d4516a2228b5694d5,b5cd28e9aef7bab2d96668644ac46c63,delivered,2017-07-26 16:33:32,2017-07-27 08:50:46,2017-07-28 14:49:59,2017-08-07 20:37:37,2017-08-17 00:00:00
843987ad16fdca324fc74eb57896cee2,938dbea1d465c3eee57f3dc8923dcb16,delivered,2018-03-03 11:59:50,2018-03-03 12:15:34,2018-03-05 22:16:45,2018-05-16 14:03:21,2018-03-26 00:00:00
477f47650910f1f97f312463b8c948d7,cdd2486e5676308021ce6f4b2e0ec701,delivered,2017-06-23 01:40:58,2017-06-23 02:03:27,2017-06-28 15:12:15,2017-07-13 19:20:32,2017-07-27 00:00:00
c5b1a5d21958f98a0c66114d622bc0ed,b51864a91835810c755a8c3438c63668,delivered,2017-01-25 15:32:48,2017-01-25 15:42:16,2017-01-26 16:23:51,2017-02-02 17:07:23,2017-02-22 00:00:00
e7adaca753bdafdfdee9f2ecc2effd33,eab37ea67f4c0a1b1bed16036a4af587,delivered,2017-12-31 14:52:35,2018-01-01 14:46:47,2018-01-10 00:55:07,2018-01-22 19:29:07,2018-01-31 00:00:00
fb98500e6403d8d8848509d3e8665aeb,70e0248a663cd8519bad434195061a95,delivered,2017-09-02 20:03:32,2017-09-02 20:15:14,2017-09-04 20:45:55,2017-09-11 23:23:37,2017-10-02 00:00:00
5701526ccd29e0cb831e1324aa60b867,28cc138d10aaf11f6ea6c7503a23e8a0,delivered,2017-12-09 00:12:30,2017-12-09 01:02:05,2017-12-20 01:27:03,2017-12-22 17:49:11,2018-01-08 00:00:00
e10c65499c59e57eea4d979ac5eb3d0f,fc4c0a3b1164a080256f74d73a07046f,delivered,2018-02-12 21:16:51,2018-02-12 21:30:29,2018-02-15 22:47:14,2018-04-17 17:34:42,2018-03-07 00:00:00
296752c5e35a99dd06b9100ab400c8eb,40fa5cb283fa23003378da712ee22419,delivered,2018-06-23 12:19:45,2018-06-25 13:17:33,2018-06-26 14:03:00,2018-07-04 00:48:49,2018-08-06 00:00:00
5f134bb3f194debb9b0fe39ca07f2b41,543e5400e118a2e723535d7877b2067e,delivered,2017-10-19 17:10:35,2017-10-21 03:05:46,2017-10-23 21:47:58,2017-11-01 18:34:41,2017-11-17 00:00:00
de6d38ce9e3cde2325eb83681cbf5774,157f0a9bacdeeeaa17cd314caad9e729,delivered,2018-04-17 20:31:47,2018-04-17 20:51:40,2018-04-18 21:50:49,2018-05-01 00:27:01,2018-05-07 00:00:00
5364d08bc3ef658354a3d13d17051f49,5ac92711268d4e0ec3a63f3dc96e6670,delivered,2018-01-26 18:44:07,2018-01-26 18:52:05,2018-01-30 18:18:43,2018-02-07 20:42:35,2018-02-21 00:00:00
4854bc4c9c26ab65c3b7ff11c0a03586,52a9dc68b108aba2ed1776eb6cda5c0f,delivered,2018-08-18 13:56:19,2018-08-18 14:10:14,2018-08-20 14:46:00,2018-08-25 01:05:29,2018-09-12 00:00:00
21d8497f62e0a7a9a219af444cbd2b28,05c3bc7f2c3c3a45c39595a46c76ad58,delivered,2018-06-15 20:40:00,2018-06-18 06:59:34,2018-06-29 11:05:00,2018-07-24 15:48:43,2018-08-01 00:00:00
a2875319dd413ff3a25b5f7f5d403c08,aa536117aaeab5084565962e0828a224,delivered,2017-09-15 11:27:36,2017-09-16 02:50:17,2017-09-18 14:42:09,2017-10-09 20:04:06,2017-10-10 00:00:00
9192399976bb077688f5cf72fc8ab37b,9a90f5526fa4d6d2304a33e69d3731fe,unavailable,2017-10-30 13:27:56,2017-11-01 03:10:30,,,2017-11-17 00:00:00
89c1a3d3179ce60a4f6debd3c0986711,9fca88a9940dd40e6cd7bcb5f2e48996,delivered,2018-06-17 18:45:32,2018-06-17 18:58:04,2018-06-18 13:45:00,2018-06-19 18:28:42,2018-06-28 00:00:00
c811577fd6f05e9a1e607f874d37204b,3441d1ccfaa627cd4ab94b3c799cf663,delivered,2018-05-16 19:23:21,2018-05-16 19:54:26,2018-05-17 13:01:00,2018-06-04 16:51:41,2018-06-07 00:00:00
adb6dd7e1e17a776182bc02f1385252d,297d8f453e4758854d285697a83b56cf,delivered,2017-10-25 16:22:29,2017-10-25 17:35:49,2017-10-26 19:57:47,2017-11-07 19:48:03,2017-11-22 00:00:00
7969425ee9683fa972ac9783b66817fe,637865664197695fe90f3ff7b19902ae,delivered,2018-01-15 00:25:08,2018-01-15 00:36:29,2018-01-30 19:37:59,2018-02-01 01:18:29,2018-03-12 00:00:00
a8214c9e03a43c854489256848d39323,c25d0e3052c2c12a7cbdbe5c467f2db8,delivered,2018-05-22 16:22:55,2018-05-22 16:58:08,2018-05-30 14:07:00,2018-06-05 22:00:42,2018-06-06 00:00:00
36b33af016121e29d4fa1c46c492f656,b84cb4040b31f3a096842f90baa6523c,delivered,2018-03-15 15:24:15,2018-03-16 22:15:25,2018-03-20 00:21:01,2018-05-08 22:48:21,2018-04-19 00:00:00
b9c2b60a685ded2236d95094452a9696,8ff2152f67ae2d4ae1198316824c0b7c,delivered,2017-08-11 11:01:38,2017-08-11 11:15:17,2017-08-14 17:25:38,2017-08-15 16:14:07,2017-08-31 00:00:00
a5a2c04bf617121fede9ce243c7e59c9,fc2482a79b2ac295c740dd77571caef4,delivered,2018-03-06 09:02:13,2018-03-07 02:40:31,2018-03-08 18:07:35,2018-04-11 21:12:46,2018-04-03 00:00:00
8fe3c4dff68cddab1e0b9291b683c1fc,7a194ec1ed0cfbe0a4669b9d05d6a287,delivered,2018-06-26 21:54:50,2018-06-26 22:10:52,2018-06-27 10:49:00,2018-06-29 18:18:49,2018-07-23 00:00:00
27ee14d1c38daee265f97e4a6a63c4da,a3f5324ac97b5118b3ba3b5730d35502,delivered,2017-12-04 16:26:31,2017-12-05 16:42:17,2017-12-07 19:48:45,2017-12-14 20:17:20,2017-12-29 00:00:00
e65454e1b3cf3efc00f09c7508245f4c,1a6a3799a5f4a04b52919d8a8a79ef5b,delivered,2018-04-05 20:58:59,2018-04-05 21:10:13,2018-04-07 01:21:23,2018-04-17 15:52:37,2018-04-27 00:00:00
6a32c701681d4c31dac221f9a2848c80,81774f458697acd21ab7e2ecc86720a9,delivered,2018-03-28 12:34:09,2018-03-29 03:09:12,2018-03-29 16:57:44,2018-04-07 03:46:33,2018-04-30 00:00:00
e6a09c11fa9d7a43d90955406cab553c,ef2415ea1854ac041c3700df551dd63e,delivered,2017-08-15 07:55:36,2017-08-15 08:05:24,2017-08-17 15:31:03,2017-08-23 18:10:27,2017-09-04 00:00:00
c9240b9e46417f83c4cbca76aa120eae,660460944c229efa3fd6a474f7e827aa,delivered,2018-02-28 09:50:15,2018-02-28 10:11:38,2018-03-01 20:49:11,2018-03-13 14:48:59,2018-03-21 00:00:00
3e7c30293bf4e4c26815e44fa58ff074,6a8cd2fcf8edc180f478cdb30c2db869,delivered,2018-05-05 23:34:06,2018-05-05 23:50:24,2018-05-07 14:11:00,2018-05-14 20:38:45,2018-05-24 00:00:00
8a8b1b373a33b3d5721b9e7c02a068f9,c7675af0f038a858a108d39665c1e532,delivered,2018-02-19 17:24:19,2018-02-19 18:30:25,2018-02-24 01:54:28,2018-02-26 22:56:57,2018-03-05 00:00:00
a28d2fd8b59565ab9973b930eac2596e,310491ee54f73c9663ccb5726a0ce485,delivered,2017-11-06 20:54:34,2017-11-07 21:47:09,2017-11-08 19:18:44,2017-11-24 20:11:48,2017-11-29 00:00:00
8a4f049e93b07babc87ccf981d7cdd94,48fff52d4f4310b28df3862170b83f21,delivered,2017-11-05 21:10:54,2017-11-05 21:26:34,2017-11-09 18:13:09,2017-11-23 23:11:29,2017-12-04 00:00:00
b777b4bfa1fd6d0c466cf8fd0fe7f541,bbc956eb1bf346bab4697506b044c95c,delivered,2018-06-17 23:31:21,2018-06-17 23:53:00,2018-06-21 11:02:00,2018-06-22 23:38:27,2018-07-03 00:00:00
e50cc13e9d831cb739ab84fe5d7fd249,8c38607817e8600468a7bc0b062e9d97,delivered,2017-02-04 20:22:37,2017-02-04 20:32:23,2017-02-20 13:12:36,2017-03-04 07:12:01,2017-03-31 00:00:00
833d8240f42e55ec0f05be5b78efd6de,e00b3aff69a0f5b74a1261a041733b5f,delivered,2017-05-18 22:32:31,2017-05-18 23:42:34,2017-06-02 10:16:02,2017-06-16 16:53:41,2017-06-21 00:00:00
5c3353d0e879379685e40fcfee970725,3367650082744b78bf5f60819c438960,delivered,2018-01-11 19:09:09,2018-01-13 04:54:50,2018-01-16 22:28:39,2018-01-25 22:09:45,2018-02-08 00:00:00
f575b5125a609778241c26809da9ed2b,3c0edeffc50a9e94bca0592bd7af3bc1,delivered,2018-07-01 14:34:52,2018-07-01 14:50:04,2018-07-03 11:26:00,2018-07-04 15:12:01,2018-07-16 00:00:00
a3cc993782ea3572fbd27048f12712ca,16abe2afce5b3fe3a0bbe99df52d214a,delivered,2017-04-08 14:55:07,2017-04-08 15:05:17,2017-04-10 15:52:43,2017-04-17 11:37:50,2017-05-15 00:00:00
8da23e61aecf8f2c23c49d53c6d16d40,2b3d94ad32203f90d7f85edb7a199bc6,delivered,2018-07-31 00:36:04,2018-08-01 03:31:59,2018-08-01 09:04:00,2018-08-08 01:03:29,2018-08-15 00:00:00
72bab69c50432c6f94d8b50a5f84b69a,a7c125a0a07b75146167b7f04a7f8e98,delivered,2018-08-13 23:45:05,2018-08-13 23:55:13,2018-08-15 12:11:00,2018-08-17 20:03:08,2018-08-30 00:00:00
dba741d70126a95feb85435175370edc,a4426f6a2cfe4a7cea7146f236bf41ae,canceled,2018-01-24 19:18:04,2018-01-24 19:57:20,2018-01-26 20:12:58,,2018-03-05 00:00:00
05252513392111e8721062d8ecd9edb1,cf2211a4919cdc7a3acac6bb67e7d5b9,delivered,2017-05-19 18:49:33,2017-05-19 19:05:16,2017-05-26 14:40:29,2017-05-31 10:03:21,2017-06-08 00:00:00
863a5aae025377c66a973980616bb64f,af2e52573cb16f3a14e6306913817975,delivered,2017-12-07 10:59:43,2017-12-08 02:36:54,2017-12-11 19:37:02,2017-12-18 17:18:41,2018-01-04 00:00:00
270c203303119d8cee340c3b736a8ea1,87eeb28945305ef199a618fcb6b33197,delivered,2017-03-27 23:26:41,2017-03-27 23:35:18,2017-03-28 12:40:13,2017-04-05 17:08:19,2017-04-13 00:00:00
acc3d23f43622a2ad8db0ee9d65003cf,06c72249e5daf5bac0ada54b615fba05,delivered,2018-01-09 21:08:24,2018-01-10 10:32:24,2018-01-11 18:23:01,2018-01-17 23:04:43,2018-01-30 00:00:00
fc7f5997b1623d9bc1427466a7a70b94,a492b4e0d4c9f067d37341365a989e9a,delivered,2017-06-17 11:21:16,2017-06-17 11:31:33,2017-06-19 20:15:51,2017-06-27 12:48:39,2017-07-11 00:00:00
1aa7c7804ba8f6c5da37c380af66d559,21fc7edb4b4ddc19c5a1602b672a479c,delivered,2018-07-07 14:03:16,2018-07-07 14:10:21,2018-07-10 13:41:00,2018-07-14 11:18:50,2018-07-25 00:00:00
8ea1dbf8e7696dad19eec8c1585a2f14,443c0bdf844fc2b5299ac12317e5ede0,delivered,2018-05-03 18:05:34,2018-05-03 18:34:03,2018-05-08 11:36:00,2018-05-14 17:20:00,2018-06-11 00:00:00
a742f2cdf4187d253324d6b85675d2ad,8253580dbf1da6612eabc98200a8e702,delivered,2017-09-06 18:14:53,2017-09-06 18:50:19,2017-09-11 17:13:54,2017-10-05 17:48:12,2017-10-02 00:00:00
0c0c250234e385578b31a38b198cf900,c9f0400e07ab2446a7485f67d31c51ea,delivered,2017-10-24 08:50:57,2017-10-25 02:26:29,2017-10-25 13:49:49,2017-11-07 12:55:27,2017-11-16 00:00:00
adf0847eb3eaae571ecb0a3d4c62432e,e71cca6981d4fc9afac8fab036387b82,delivered,2017-09-28 08:30:42,2017-09-28 08:49:09,2017-09-29 21:29:57,2017-10-13 18:07:41,2017-10-25 00:00:00
6f51b9ddebdbc1c999a68bf0cabe83e8,f95bb63df8e45c05f3235752a62eb607,delivered,2018-07-27 17:32:55,2018-07-27 17:45:13,2018-07-30 15:19:00,2018-08-21 19:41:53,2018-09-12 00:00:00
931518b84759d4344b33cace70b70a21,e04f75016199b36d84cdc8fb3763c991,delivered,2017-12-17 16:24:29,2017-12-17 17:30:31,2017-12-19 16:09:14,2018-01-07 16:09:20,2018-01-22 00:00:00
48e785adb7ad7f98808fead60f65fd80,7095b09dc166171c75c9e2d0afc434bf,delivered,2017-12-15 18:35:23,2017-12-15 18:51:21,2017-12-18 17:12:49,2017-12-22 22:22:35,2018-01-15 00:00:00
b488cfda1bfd6a90c85b2d21c47231c3,f1b479fcb81a8fe3401269ad9b1819cd,delivered,2017-10-22 12:23:51,2017-10-23 12:21:15,2017-10-24 20:24:54,2017-10-25 16:08:03,2017-11-03 00:00:00
3b181504164d79cc0fe1188937fb3ce3,3efd312ced2ac9a548d6d8adf041f7da,delivered,2018-04-25 21:02:42,2018-04-25 21:15:22,2018-04-26 12:00:00,2018-05-02 21:14:47,2018-05-16 00:00:00
b83a885924dfb45ba32e8450efe8d657,229b5ded3624d67af5986bf9fccebf42,delivered,2018-02-22 22:01:07,2018-02-22 22:15:33,2018-02-26 23:53:22,2018-03-06 17:49:07,2018-03-14 00:00:00
35774167bb17537229f8ffb6e662981c,d367c5c78d7c17bff967e788d84518d1,delivered,2018-02-23 22:57:27,2018-02-23 23:10:22,2018-02-27 18:56:41,2018-03-09 19:37:39,2018-03-15 00:00:00
510489aaadbd8f7064bc8f433b222de9,04cef6b920c0d8f16702cab269b59044,delivered,2018-06-14 17:31:53,2018-06-14 17:58:02,2018-06-15 18:52:00,2018-06-18 18:18:26,2018-08-02 00:00:00
f9b9c3c69ef08b6eda32ed086133abb6,2ee87cede5826cd6458393028d3ec739,delivered,2018-02-14 15:37:43,2018-02-14 15:50:38,2018-02-16 17:57:46,2018-02-19 19:32:29,2018-03-01 00:00:00
f2665691d2aa17a8c8a37438686b1927,2ee64c10ba69ec9d4d5bf49f592c5fd2,delivered,2018-03-03 17:48:49,2018-03-03 18:08:53,2018-03-06 01:24:52,2018-03-23 21:33:23,2018-03-23 00:00:00
94112abf17930ce3b21294d61f34cde5,79dec4448255819a3747c702c4769218,delivered,2018-01-20 19:59:42,2018-01-23 03:52:39,2018-01-24 16:58:51,2018-01-30 21:11:39,2018-02-14 00:00:00
b4e381786201d38ab725a174f011ddb2,50458ca4ea9153ae810e6ba5e8dd6617,delivered,2017-12-03 20:47:25,2017-12-03 20:57:22,2017-12-05 00:17:42,2017-12-05 15:23:51,2017-12-20 00:00:00
fe185068c0d733ffb18fe6636ac8e498,465fb57f1267c03fca458f571bc5fed2,shipped,2017-07-16 12:39:50,2017-07-16 12:50:13,2017-07-17 14:56:54,,2017-07-28 00:00:00
2631afe2c28beb1d0b168915054a952b,511f891aac249115eb29a6c442b4f1c8,delivered,2017-11-16 13:23:12,2017-11-18 02:28:46,2017-11-21 19:48:42,2017-11-25 14:04:42,2017-11-29 00:00:00
ac2aafdd31bb2367504474de8b1191f3,5e6e7c5926d54f46cae7f468cd47a20f,delivered,2018-05-15 19:07:34,2018-05-16 20:16:21,2018-05-17 07:59:00,2018-06-04 16:56:49,2018-06-04 00:00:00
c77ab6252aa05bf818cb8b39d4879b21,5da48e4724bbe609f697fc1f8bd09bba,delivered,2017-08-23 22:32:15,2017-08-25 03:04:19,2017-09-05 20:18:36,2017-09-12 17:53:34,2017-09-15 00:00:00
9c0aeb926cb821f2644b956856d2d3b0,6856d69929a7b81e1531ae0c49054921,delivered,2018-01-19 07:09:20,2018-01-20 09:08:32,2018-01-23 17:06:40,2018-02-01 18:23:27,2018-02-23 00:00:00
c1c1b5826946d4427c2f936e0ca1bb19,7e30357381f393a6d4d5f184f402a1d8,delivered,2017-09-28 16:05:53,2017-09-28 16:25:19,2017-09-29 16:38:42,2017-10-04 16:36:02,2017-10-20 00:00:00
2f8dd4ef8e90826fb9e28ef7af565cf5,6dfeb5786ef57a96c2bdefd5d2821f23,delivered,2018-04-19 11:42:17,2018-04-19 11:55:28,2018-04-20 19:42:03,2018-05-09 21:41:53,2018-05-23 00:00:00
46fff4175620a3642fa1a015171ad4c8,a35f6705cc81ed636aff9bbcbe141b49,delivered,2018-05-09 15:14:19,2018-05-09 15:37:09,2018-05-10 13:54:00,2018-05-12 16:10:43,2018-05-22 00:00:00
cdad73cef8e0453475b6bea7641a8ab4,8de8d680d194552df9e97d1aa1f168cf,delivered,2018-02-23 01:05:47,2018-02-23 01:20:27,2018-02-24 00:11:52,2018-03-06 16:23:35,2018-03-20 00:00:00
5e0eae0316373e1459c05b539e18f060,b4095692d39aec2b5531a339d0137a44,unavailable,2018-01-26 00:49:25,2018-01-26 01:13:35,,,2018-02-09 00:00:00
a2c828fce4cd697d119c360bb7f5c537,d5b18aa449e87dae9f9333f53524dcaa,delivered,2017-06-27 13:29:26,2017-06-27 13:43:23,2017-06-29 14:13:31,2017-07-04 08:34:36,2017-07-19 00:00:00
38dd491abd1019ce526c43c8145e2f4c,126020c44cce5e31e2e4ac4f44b0d638,delivered,2018-07-16 16:53:42,2018-07-16 17:00:35,2018-07-20 19:20:00,2018-07-21 13:37:20,2018-07-26 00:00:00
3c0a046b559b573fb30e2c6b041fd544,fb2340bd42a7561ca54dfd22978d7e2c,delivered,2018-01-19 14:06:36,2018-01-19 14:16:59,2018-01-22 21:28:55,2018-02-02 20:14:34,2018-02-15 00:00:00
b17c37c07ccd370cd72a1884f380c532,414771711b6812e2a3bbbc867213a28b,delivered,2018-03-28 17:54:13,2018-03-28 18:08:54,2018-03-29 23:54:37,2018-04-16 18:31:51,2018-04-23 00:00:00
22c53f78fdc3a9664521f2f78f15e6d8,3f553c1585d659764884d9faa44b68fb,delivered,2018-01-29 13:40:26,2018-01-29 13:57:14,2018-01-30 22:23:41,2018-02-05 21:18:40,2018-02-14 00:00:00
c72588a7cac72efbf2189a48d12ab61d,31c779d3dcacd9eb78bf03170581a958,delivered,2017-12-17 09:57:06,2017-12-17 10:10:05,2017-12-20 00:21:37,2017-12-20 14:39:13,2018-01-05 00:00:00
d8eb98d942e4eff84fc373665f8d7ca7,78220fa256494297be69b602223ef6d0,delivered,2018-03-12 11:39:07,2018-03-13 04:48:01,2018-03-27 16:30:47,2018-04-11 21:46:30,2018-04-25 00:00:00
24df3585323f6a191abb565d1706daf2,f37e018586ddc359d2f1ad32f64ff8aa,delivered,2018-08-14 23:23:38,2018-08-14 23:35:15,2018-08-20 11:10:00,2018-08-28 21:32:16,2018-08-30 00:00:00
e124baaf335d4ab03e2130c04d979065,5de1213d6fb211f90eb5ddc0ba3b2ed1,delivered,2018-05-10 19:02:19,2018-05-10 19:10:46,2018-05-14 11:36:00,2018-05-16 19:54:42,2018-05-30 00:00:00
0b20c9791c7a502fc70f7f542e9a1405,2d0386ffa6a583f65981153d4f3ad5a4,delivered,2018-07-20 19:05:52,2018-07-20 19:35:14,2018-07-26 13:39:00,2018-08-02 17:34:53,2018-08-23 00:00:00
d4126c989370101ec1b96733f4adfe79,7c59cfefe5ae2b8d96ad4c09c3126faf,delivered,2018-07-27 10:20:56,2018-07-27 10:35:18,2018-07-27 14:03:00,2018-08-02 15:46:52,2018-08-08 00:00:00
f43469e5bae88c9d9e6ce0132e05c8cb,1aed51887d522ee70b82f77304854226,delivered,2018-02-18 14:58:03,2018-02-18 16:08:05,2018-02-20 10:42:38,2018-02-27 20:59:07,2018-03-19 00:00:00
2013e60377e57344d89d5e4a5b3f2a9c,2ae1b12b1746ad270633e41404c0cd1f,delivered,2018-03-02 18:26:23,2018-03-02 18:49:50,2018-03-06 01:34:57,2018-03-14 23:14:23,2018-03-27 00:00:00
cb599c234fc71be7c137179b6d473a30,23534938f44ad51d0de4bf6a56ca1adf,canceled,2018-01-30 20:13:33,2018-01-30 20:33:18,2018-02-01 19:38:42,,2018-02-22 00:00:00
1e718fdf3c8a1ab6f3831f7e61ed9e3e,4e92e128754432b15b2b198ff79e53fd,delivered,2017-10-29 13:36:59,2017-10-29 14:06:05,2017-10-30 10:47:52,2017-11-13 15:22:00,2017-11-24 00:00:00
374289395a111a64a05644b1f59ef07d,1ed64053e3565c3405e4d8b033532194,delivered,2018-06-21 08:45:30,2018-06-21 09:17:46,2018-06-21 13:09:00,2018-07-03 18:48:56,2018-07-23 00:00:00
f7352ff5cad83aaa79b315995aa6d115,cd1c2251f61356c121129749691ae2fc,delivered,2017-10-23 09:25:15,2017-10-23 09:49:29,2017-10-24 22:52:38,2017-11-06 17:08:33,2017-11-23 00:00:00
f0f1e72d7f4186b7a9e271487091c9ab,9d1f05d166a3a858c0b9fc35fb48bc35,delivered,2017-12-31 13:08:58,2017-12-31 13:17:17,2018-01-04 12:45:48,2018-01-08 17:59:33,2018-01-24 00:00:00
cb54574d034b9ad15bb7088f568abd98,d1957303e38faeb5118629ad84024cba,delivered,2018-04-08 17:10:59,2018-04-10 04:15:35,2018-04-13 22:18:33,2018-04-20 20:16:43,2018-05-07 00:00:00
a941ab38d254e0d803027330cbfc9416,59b60a9c2357bfbc04dfa8cd38c54a65,delivered,2017-10-05 19:17:45,2017-10-05 19:35:10,2017-10-07 01:22:23,2017-10-14 16:07:01,2017-10-27 00:00:00
6c15888cd708d4c1487eb36753212d69,250625a5b2e001bf9876418c919f4a21,unavailable,2018-03-07 20:19:42,2018-03-08 20:10:32,,,2018-03-26 00:00:00
a7e383cf2bb9bcd974e125f529c5952f,6031232b68d8f02157d627926d13579f,delivered,2017-11-13 20:01:31,2017-11-13 20:10:26,2017-11-29 21:42:00,2017-11-30 18:55:00,2017-12-04 00:00:00
4ea05bc522773f72fea5dd4de1f546e9,cb2559f845c75418909740bd35463398,delivered,2018-07-31 17:04:29,2018-07-31 18:30:52,2018-08-01 13:51:00,2018-08-06 17:32:37,2018-08-10 00:00:00
959736e06ddf68235a3bd98b1bf8edba,20b9fa6e5c3b0221bc22277024f4a1fe,delivered,2018-03-04 17:48:58,2018-03-04 18:28:04,2018-03-06 00:14:16,2018-03-17 13:58:47,2018-04-05 00:00:00
6dac2e713f40b14ce9f85b719fb91a2a,b0a2a6680a062c32dae7fd1f02254235,delivered,2018-03-03 11:34:12,2018-03-06 03:35:43,2018-03-07 14:42:43,2018-04-18 21:31:37,2018-03-29 00:00:00
aa73e81062a62cb7834b770ff58ff6b8,da4754b8a97ba178218a494ad7b768ff,delivered,2018-05-12 09:33:46,2018-05-13 09:32:52,2018-05-15 15:55:00,2018-06-04 20:37:35,2018-06-12 00:00:00
b7994d35101970f5e1a4621fe05cc1e9,79c07db4dd2ebdf63826672146b15128,delivered,2017-11-17 19:48:19,2017-11-17 20:35:43,2017-11-21 17:22:30,2017-11-22 17:18:42,2017-12-04 00:00:00
330e33e1ba4ecfc10b0f1225fd9276ad,e6188aba82d3470095f9366e1a0b1ec7,delivered,2017-11-25 19:51:13,2017-11-25 20:11:10,2017-12-12 16:08:59,2017-12-18 23:43:27,2017-12-26 00:00:00
bfc2b97037cfb3d63579f4a3f877a912,e1e09210e58d30df8e147c5a53eeaaf0,delivered,2018-04-20 08:09:59,2018-04-20 08:32:37,2018-05-02 15:03:00,2018-05-03 19:36:50,2018-05-04 00:00:00
08bc3c916f77ec2affe03716dd076af2,f80a53e3f59ba7c4aa9675cbb7ffb67d,delivered,2018-06-26 20:58:27,2018-06-26 21:10:25,2018-06-28 14:43:00,2018-07-04 16:02:12,2018-07-26 00:00:00
a2344ae300ac3c903f74d04494e45a2e,88e8338add1d62679672163d8018de2b,delivered,2018-02-23 11:50:18,2018-02-23 12:31:41,2018-02-28 02:35:33,2018-03-05 20:28:48,2018-03-26 00:00:00
04116cd1278a6285625c664dc0d09594,58cf819bb4203647573c953697453110,delivered,2017-11-24 21:13:44,2017-11-28 03:44:45,2017-12-01 21:51:41,2017-12-29 13:12:33,2017-12-15 00:00:00
158e9141121ed2f3cf9904a08930ab55,ec23a649fd13947b6e0b7fb04aa6bf0a,delivered,2017-11-09 17:17:36,2017-11-09 17:31:03,2017-11-10 18:48:55,2017-11-16 19:47:03,2017-12-05 00:00:00
b3f8cce18de7b670b4bf149957000470,ac5a1cbb563d2114e713fe982f58e819,delivered,2018-08-01 19:42:37,2018-08-01 20:30:16,2018-08-03 11:18:00,2018-08-07 12:58:17,2018-08-17 00:00:00
082730bdb06cc2b755fbb33becd6ccec,1909b44d6c01d36a4d946e60f46036b3,delivered,2018-07-24 23:00:55,2018-07-24 23:15:14,2018-07-25 14:50:00,2018-08-01 16:28:49,2018-08-10 00:00:00
3f9c0ca2b7837ae6d1c8fa78e9b8e139,2f6e0e86487c0ad0b6bffb35ddff9644,shipped,2018-04-08 01:39:07,2018-04-08 01:55:09,2018-04-12 19:28:33,,2018-05-07 00:00:00
9bf46e862461052ae9ad1134381e63d8,b3cef8f90b1a9ae1abd1f8248d4d27e1,delivered,2018-07-23 18:40:15,2018-07-24 10:32:04,2018-07-24 14:12:00,2018-07-26 18:50:46,2018-08-09 00:00:00
bb953a084ab406da9e19dfdc06df0245,152b39d7f829538d9a25281cc20b0af6,delivered,2018-07-29 13:54:51,2018-07-29 14:24:20,2018-07-30 15:24:00,2018-08-13 19:08:37,2018-09-03 00:00:00
528588e5accc2b1c808576e68fd1d46c,abc05696c031459d6f0ae1ad798d8144,delivered,2017-11-24 01:25:33,2017-11-24 13:11:28,2017-12-12 22:48:53,2017-12-28 20:19:30,2017-12-20 00:00:00
f3f9b48af7d08820e387bb0ead261105,15bc30c2a95adb9d5fd1743773bec1a9,delivered,2018-03-16 15:31:03,2018-03-16 15:49:43,2018-03-22 22:07:19,2018-04-02 13:28:32,2018-04-06 00:00:00
2d4725d49513bce62ea366e8f0e213ed,6fc895d23c35083f10fe3e3275d11549,delivered,2017-07-09 11:21:03,2017-07-11 04:03:45,2017-07-12 17:23:34,2017-07-18 19:54:54,2017-07-28 00:00:00
183f2bb10e984acdee08ad34070ebf69,d5b00ed5152f1e7956063b97cbed5dde,delivered,2017-11-05 21:58:39,2017-11-05 22:10:49,2017-11-10 18:51:13,2017-11-17 20:41:51,2017-11-29 00:00:00
2aabb4d8714e26a76aef91c6f0d5c329,a61a78484bbf3a46b2a83e5583a85667,delivered,2017-11-24 20:20:28,2017-11-24 23:32:20,2017-11-27 21:19:03,2017-12-05 14:48:57,2017-12-15 00:00:00
a0d0d423de1812c8b269e6944e180e1f,802ca8c86c99afbfb9b6637d8e21e015,delivered,2018-01-15 16:14:03,2018-01-15 16:31:14,2018-01-16 19:58:52,2018-01-22 21:12:39,2018-02-09 00:00:00
f922773efc48085fe86849501d49f96d,a52c5345047bdc96320561af39f668ad,delivered,2018-07-26 16:16:11,2018-07-27 02:24:21,2018-07-27 13:25:00,2018-07-30 17:48:28,2018-08-09 00:00:00
715e85b2a8ad19fcc56605b9904716e4,f5cff5cb3aac5689b84f6818eea0b921,delivered,2018-07-02 18:04:28,2018-07-02 18:15:17,2018-07-03 15:35:00,2018-07-10 16:07:40,2018-07-24 00:00:00
04c28d1572e04b2b3e5b80ca7559e750,ad72f2a64075d63311e1bf4daf91e173,delivered,2018-05-27 23:56:01,2018-05-28 00:15:36,2018-05-28 15:46:00,2018-06-20 20:44:38,2018-07-19 00:00:00
8adc844e30dc63531a489163134ad405,01f57b226a3850a260e40698c2bd2fd6,delivered,2018-06-27 20:22:41,2018-06-28 20:15:12,2018-06-29 10:08:00,2018-07-06 20:21:43,2018-07-20 00:00:00
02950daa1214da108fb29cb5a0a3f74e,a884bd002c145c1aa0b57429e7ebbf2b,delivered,2018-06-26 10:57:28,2018-06-26 11:18:41,2018-06-26 12:50:00,2018-06-30 16:32:41,2018-08-06 00:00:00
b31c7e456840330003ef5347ee802ab7,d123b52ec1c7f8e6e25f7383118a816d,delivered,2018-07-14 20:12:06,2018-07-14 20:25:14,2018-07-17 09:23:00,2018-07-20 18:17:47,2018-08-03 00:00:00
c7dc7be67e857a6c64557d42383dec8c,f63d6a90412b1f2f7962c7e34b1fc7cf,delivered,2018-07-25 13:43:33,2018-07-25 14:04:40,2018-07-26 11:35:00,2018-07-28 18:48:51,2018-08-06 00:00:00
4f821ef636d5a5eb870c9ae7b7d7654f,7cdb0e1dd6b7da9186fa0ddef12d9817,delivered,2017-01-29 23:52:27,2017-01-30 01:30:58,2017-01-31 10:24:45,2017-02-13 07:07:40,2017-03-07 00:00:00
0854ba21ce30d4c823d2822a698f5bf9,e51e265631ae2f257a00482297d63017,delivered,2018-06-16 16:57:02,2018-06-16 17:18:17,2018-06-19 15:44:00,2018-06-22 14:52:31,2018-07-16 00:00:00
abeaa3ff8b9c8c049a351e55c4c9fc31,ce2d5c4b99be6a81c3b3a9639d168d9a,delivered,2018-03-06 22:46:20,2018-03-06 23:09:13,2018-03-07 17:54:09,2018-03-24 01:02:48,2018-03-26 00:00:00
5859bf190ee8241fc9369a880297ee0e,fa8298e3bbe898f427d91871c62ab252,delivered,2018-03-22 17:19:48,2018-03-24 02:07:52,2018-03-27 00:51:40,2018-04-04 23:48:30,2018-04-17 00:00:00
5fc25db83662b2660bd61440ba3ec9b8,42d7132586f6d1b7f7be2f6d9a2a97dd,delivered,2018-07-31 14:50:52,2018-07-31 15:44:29,2018-07-31 13:43:00,2018-08-06 16:41:40,2018-08-15 00:00:00
95a79263ff4f759875074b9c5024edba,55277fd845b38b445fa6e6700f5e06ed,delivered,2018-08-05 23:21:11,2018-08-06 23:15:18,2018-08-07 12:54:00,2018-08-10 16:32:34,2018-08-13 00:00:00
ab8b1138bd32dba20890d59a736b53d2,8a98da413a02121d98fb2bba846b5d89,delivered,2017-03-17 12:33:22,2017-03-17 12:33:22,2017-03-20 09:41:50,2017-03-22 14:42:20,2017-04-05 00:00:00
71f14ec1996fff780487b71d42dc041d,8c9b66f5ac9e06f0893c865fdae396be,delivered,2017-05-31 21:37:40,2017-05-31 21:50:15,2017-06-05 10:16:33,2017-06-09 14:35:03,2017-07-03 00:00:00
59afba5b7b763745429be3e96dbda975,ab610365471b25b2b6d3f055bb3d69ba,delivered,2018-02-03 20:41:36,2018-02-06 04:33:11,2018-02-06 15:05:05,2018-02-23 18:06:38,2018-03-06 00:00:00
f709f3fec102226ab1dce1018209b7ff,3efe8c14fb961e74166b2b32cba0a386,delivered,2018-08-06 08:58:54,2018-08-06 09:10:23,2018-08-08 15:01:00,2018-08-14 20:06:39,2018-08-28 00:00:00
0fe75a9839e7296629a6d6924fdf3365,2ae6618a66d60952d41816641958650e,delivered,2017-09-03 20:34:23,2017-09-03 20:50:14,2017-09-11 21:29:51,2017-09-14 18:17:48,2017-09-21 00:00:00
f1f707a756579d773b3c1a28d213e85e,b7e31bd3bba16127094ec65e98466c20,delivered,2017-07-19 20:35:37,2017-07-19 20:45:18,2017-07-21 18:32:49,2017-07-26 21:05:20,2017-08-14 00:00:00
851c0a679381595b4b44873db7595471,12cd18cc5a7660e454d1475777a60e42,delivered,2017-11-24 02:30:24,2017-11-24 12:58:32,2017-11-27 15:52:00,2017-12-14 12:39:07,2017-12-26 00:00:00
596f8123fe4a804da55175cc9c0a2a12,eead077503efe240789af036e92c1df3,delivered,2017-07-12 23:24:58,2017-07-12 23:35:18,2017-07-13 17:46:55,2017-07-25 20:47:48,2017-08-09 00:00:00
13f6d85f845b8bbd1af0a040dbc51a4c,8b64736ea0fcfe3d222766193b68cc52,delivered,2018-05-20 18:43:41,2018-05-20 19:10:29,2018-06-07 14:01:00,2018-06-20 16:38:38,2018-07-04 00:00:00
9a182d60eae452454100b4604c567d31,7ca4f9778dde63c688c401072bcfe460,delivered,2017-06-25 23:00:35,2017-06-25 23:15:13,2017-06-29 11:12:06,2017-06-30 13:07:40,2017-07-07 00:00:00
f4e27ab53e927651894a4f69500baf5b,99291abf619e4c6b0d633ba7ba55caad,delivered,2017-02-08 13:50:59,2017-02-09 02:43:02,2017-02-10 13:27:41,2017-02-22 10:25:50,2017-03-21 00:00:00
4a5d255caafbd8a6296a119b0611d858,e706aa7bdd060ec98070629c83fe6817,delivered,2017-09-15 08:09:48,2017-09-15 08:50:16,2017-09-18 18:51:26,2017-09-29 13:55:42,2017-10-11 00:00:00
c932ba6d8ed80935ea754bb0bf682024,9314888fa0a62dfb7e1d1444bece3ede,delivered,2017-10-04 22:39:19,2017-10-04 22:49:14,2017-10-06 14:52:34,2017-10-16 18:37:51,2017-11-01 00:00:00
71b9f09ef6a6f0957d9a0bceeaf7d97d,440026e9e865e0ffbe0d534c59a9ff75,delivered,2018-06-16 21:31:08,2018-06-16 21:55:50,2018-06-18 13:50:00,2018-06-26 22:03:29,2018-07-17 00:00:00
b9d8b4ec472a40d54e329cc366627cba,91148129257266109dbd9be00f9447be,delivered,2018-04-16 16:33:22,2018-04-18 02:31:41,2018-04-18 18:56:39,2018-04-23 17:21:25,2018-05-10 00:00:00
2464d9eccd0f742157e3387578dd27b7,4db4ae4cd4ea64dbc61d7c375c3987dd,delivered,2018-04-24 20:30:47,2018-04-25 20:31:37,2018-04-27 12:32:00,2018-05-03 18:32:02,2018-05-17 00:00:00
886dd09169ed29010eb71d9faed92259,faff147ae6331b4c764cfcac35a8a20d,delivered,2018-04-23 15:57:52,2018-04-25 03:51:30,2018-04-26 11:26:00,2018-04-30 21:56:45,2018-05-08 00:00:00
9ff047a1638917c70a538d0aa9cdb6d3,f7c4276a2a1197f38b8a1c037aa11711,delivered,2018-08-02 12:06:18,2018-08-04 04:15:30,2018-08-07 15:14:00,2018-08-17 15:19:09,2018-08-24 00:00:00
d433c4d11b5681a6d64064f3ceb4c5a4,1cb344df36a1c186ed3526270cad5fdc,delivered,2018-05-04 11:08:53,2018-05-05 03:10:30,2018-05-09 09:08:00,2018-05-14 20:02:51,2018-05-30 00:00:00
11896eca4737d6de23fa36ce716f559a,f2c01668df95ccb0d1c939ce0b89dfd8,delivered,2018-06-02 21:20:20,2018-06-02 21:31:52,2018-06-04 14:34:00,2018-06-06 18:31:57,2018-06-28 00:00:00
2feccd99e8fb784baae9499c24c56522,4d618e49068e52a970c326bf2969bf78,delivered,2017-06-01 12:24:47,2017-06-01 13:06:02,2017-06-05 10:16:32,2017-06-12 13:09:37,2017-06-28 00:00:00
05d885b852158b0280c4abe2cd5108b4,ef8d59a019f2f85c6ccb715d0da3947c,delivered,2018-06-10 13:27:42,2018-06-10 13:51:26,2018-06-11 15:49:00,2018-06-20 18:11:19,2018-07-04 00:00:00
c4b40afc3b677501f34190204aea02f1,6ae0139cfdfd904fc9a6d8aba02a6986,delivered,2018-05-10 13:12:46,2018-05-10 13:35:50,2018-05-10 13:19:00,2018-05-15 21:21:27,2018-05-29 00:00:00
0516c22655fe1e1f0b3390f4ee3fc5f6,4830a9c02b42036ffca989c6d2f8ff67,delivered,2017-01-31 11:49:23,2017-01-31 12:03:45,2017-02-03 17:08:03,2017-02-09 18:38:01,2017-03-13 00:00:00
6274d552e3824c848e192c6c6c9509cb,e1c8e81bf239e4ca83c3f0dc690e38e6,delivered,2018-03-11 11:29:11,2018-03-11 12:10:00,2018-03-14 22:42:54,2018-03-19 22:49:38,2018-03-27 00:00:00
3f19625b4e47cbd93b35ea05873667ee,8f8b7a582620f3717c11fde831e8860d,delivered,2018-02-03 15:25:35,2018-02-03 15:50:14,2018-02-08 16:21:42,2018-02-20 14:35:33,2018-03-06 00:00:00
e37ef4ac61b5803ac29b4056c8495108,3336317767e51b209329188eb22de872,delivered,2017-11-26 09:33:58,2017-11-26 09:54:26,2017-11-27 19:41:47,2017-12-13 18:13:00,2017-12-26 00:00:00
14db1d0a0c68e65f2a097d76be8feb71,b4418874f366f5fe207f706ae11a7294,delivered,2018-03-08 10:19:28,2018-03-08 10:35:47,2018-03-14 00:56:28,2018-03-20 19:15:49,2018-04-10 00:00:00
56dcbf1c8f148732f46bb1770568aa5d,3a6d58dbca99e1b8ef6177a10d451ac5,delivered,2017-05-19 16:16:47,2017-05-19 16:25:14,2017-05-24 07:36:44,2017-06-02 16:33:04,2017-06-23 00:00:00
f96344495ad4aa6c46d0b40c3b6e4424,273a046207e0ef2179645ef8ef4892b8,delivered,2017-06-25 13:48:09,2017-06-25 14:04:55,2017-06-27 11:50:17,2017-07-11 16:21:52,2017-08-02 00:00:00
08b1d58f92c4e0dabb12dfa3d57f3b41,88b5387eec4d67f115960a554d9040a3,delivered,2018-05-22 11:40:39,2018-05-23 02:15:40,2018-05-23 15:21:00,2018-06-05 21:12:15,2018-06-07 00:00:00
0891b66cbcc48cf64f31ae9cae3d08d8,3c0b720f2a9aebf70b250e73ef4fda63,delivered,2016-10-09 13:57:42,2016-10-10 03:55:40,2016-10-21 18:23:02,2016-10-27 12:54:57,2016-11-30 00:00:00
1cfee098c50b9fe736b638203f7077df,b555c2cccafffab3b1ea024fca59f769,delivered,2018-04-11 16:17:48,2018-04-13 02:15:27,2018-04-13 20:28:32,2018-04-16 17:45:38,2018-04-23 00:00:00
388a9117213936e0290e6e7d50f9fee0,87ce66add9df2248ba4ee66897a478da,delivered,2017-05-05 21:04:15,2017-05-05 21:15:15,2017-05-09 08:05:58,2017-05-15 15:57:42,2017-05-26 00:00:00
44fa62376b39d4bf490ebd04e1601614,d013170b78d80c0195abeb230ec2d8c1,delivered,2017-11-18 07:50:39,2017-11-18 08:06:33,2017-11-20 17:26:47,2017-11-28 23:11:40,2017-12-18 00:00:00
d2266b035a47467c40d174c6f55cf4dd,28fdcbdf2ebc3b9d20d4a810cec6a8b7,delivered,2016-10-10 04:31:17,2016-10-13 07:08:48,2016-10-17 08:08:49,2016-10-20 08:08:49,2016-12-02 00:00:00
c191b759eb232bdd68e1ba7030f58a56,01abb8df2f71f7d6e087c28c6c0a8f39,delivered,2018-01-26 12:45:51,2018-01-30 03:50:25,2018-02-03 15:04:01,2018-02-26 19:26:43,2018-03-02 00:00:00
93d350ebaa988529d9b1988c454035b2,3f0f45bd49f7908548178ad90f2e8f6d,delivered,2017-08-23 10:04:56,2017-08-23 11:10:18,2017-08-29 18:44:18,2017-08-30 18:58:07,2017-09-05 00:00:00
c00716d35eb52dd20ebf014740db8d26,761ec5e1717228608974cf6ccb30c7aa,delivered,2018-08-08 21:34:09,2018-08-08 21:45:19,2018-08-10 15:20:00,2018-08-21 15:22:51,2018-08-29 00:00:00
f1e1acdcfcfbd5084831b5dd2f1bd60f,5f6aad91617cb4f4b9722e77ca65818b,delivered,2018-08-11 11:53:43,2018-08-11 12:05:16,2018-08-13 14:21:00,2018-08-16 19:32:47,2018-09-05 00:00:00
a35f0b52cacb3c4208d7107bde82f2cf,59018458286e8b29ac7ebcac228b9366,delivered,2018-08-16 09:35:02,2018-08-18 02:49:58,2018-08-20 12:35:00,2018-08-22 22:16:32,2018-08-22 00:00:00
f1ee39e9c5dd55fbb91449e918a7eb37,18bf2e9fc3b33ee5bf6836399bf4bea5,delivered,2018-01-18 09:42:37,2018-01-18 09:54:22,2018-01-19 18:35:32,2018-02-24 01:27:05,2018-02-19 00:00:00
1ea86cb67ac980ba54aa42725a5fcdf4,ea949f6f5753d29dc9185bb4cafaeb65,delivered,2017-09-10 20:22:48,2017-09-10 20:30:22,2017-09-13 20:36:33,2017-09-21 19:27:43,2017-10-04 00:00:00
58829394980c3e52afb649be7d0e663a,c8d05282b481f15f12dd174d888b3b0d,delivered,2017-08-01 11:12:34,2017-08-02 06:45:19,2017-08-04 15:54:48,2017-08-22 13:51:42,2017-08-25 00:00:00
d9f732bbd3289880267ad9b54d466ec3,729f3a53386dad2106c9e1dd8727554d,delivered,2018-08-17 16:46:12,2018-08-17 17:09:44,2018-08-20 07:04:00,2018-08-24 15:46:23,2018-08-29 00:00:00
398769344b1dcb8e4c13da1adc6bb4e3,f0597df49aa2644b5ec514baa2229271,delivered,2017-10-16 21:53:59,2017-10-16 22:14:22,2017-10-18 16:50:12,2017-10-23 17:09:47,2017-11-01 00:00:00
12907443c80937b0793096099e22990d,14ff02bb0043f9bbf84858c7aad8a05f,delivered,2018-02-04 17:44:16,2018-02-04 18:09:52,2018-02-05 23:44:50,2018-02-27 19:07:32,2018-03-08 00:00:00
e80da12103a938ccc9958f2c1ea95f92,adbb6cf458f5e432340801c4bb8c16ff,delivered,2017-12-14 02:42:14,2017-12-16 02:51:56,2017-12-18 12:29:08,2018-01-10 21:35:40,2018-01-31 00:00:00
d2dcde253b72954806e86ee9f7995770,fdc6d9ace808ea44c8fdc1622b36a0ee,delivered,2017-08-07 10:28:07,2017-08-07 10:43:21,2017-08-08 18:46:15,2017-08-09 17:38:48,2017-09-11 00:00:00
5a0a4c1f366a0fcae698f3de1f03c0fd,63f403e8e14957ae478017322eaf5c9a,delivered,2017-05-02 16:51:34,2017-05-03 14:10:23,2017-05-11 14:29:02,2017-05-24 12:39:11,2017-06-08 00:00:00
9a3956da42c0f49603a35e901b6e1fab,621924fa61a8414c52e2bac7d2c036b9,delivered,2017-02-06 20:54:37,2017-02-08 03:10:30,2017-02-08 09:53:45,2017-02-16 13:32:34,2017-03-01 00:00:00
cfdb617e22dcebc94710036f7692969b,8aacc9bdd286bbd215a6b32460b797ef,delivered,2018-02-05 22:39:47,2018-02-05 22:50:45,2018-02-06 17:49:52,2018-02-18 14:35:53,2018-03-05 00:00:00
b164dca91a839328a3c8148df8b54628,e87076a976e7092eb963a3e983f27274,delivered,2017-05-24 10:06:18,2017-05-24 10:15:31,2017-05-25 14:07:10,2017-05-30 08:07:46,2017-06-20 00:00:00
d4903bea07e89ed0f2bd8320a65ec482,4fcf1201b9a51dcf81d663ddf75988fe,delivered,2017-10-17 00:20:50,2017-10-17 00:35:25,2017-10-20 11:06:48,2017-11-13 17:37:09,2017-11-13 00:00:00
149bca3daf097d7695389efb9b491653,2af13ca2d0e14a998266edf6afa7291d,delivered,2018-08-20 03:59:40,2018-08-20 14:11:03,2018-08-20 15:12:00,2018-08-30 16:40:36,2018-08-23 00:00:00
c07b6d01a2a256bc2f370788d6ff6af6,a5f3932b5fdc76e36453f02c9a516072,delivered,2017-10-18 10:47:00,2017-10-19 07:34:15,2017-10-19 17:53:38,2017-10-24 15:40:01,2017-11-06 00:00:00
fc8e9d7ad7a42cc52cd8438eaf428ed3,ea3c63f62f763a92b935e9ce73ea5d58,delivered,2018-05-27 09:16:35,2018-05-27 10:07:17,2018-05-29 14:08:00,2018-06-06 18:18:35,2018-06-29 00:00:00
0d1bbf582326272fa550ed829bd2e1d4,0ef9b2f2eb46a3d1193b12676de597a3,delivered,2017-01-31 17:33:09,2017-01-31 17:45:17,2017-02-01 02:07:35,2017-02-09 12:42:20,2017-03-10 00:00:00
d28c3a1a135ca7d74ceb18e7ede17d8c,b2bf052d493866f99444fe8e178c1d2c,delivered,2017-10-24 13:08:38,2017-10-24 13:26:38,2017-10-25 19:45:53,2017-10-27 22:34:01,2017-11-06 00:00:00
d0040ecb24efd3792cd2f6679895c53a,171233b55272542bfb1e4d1dab2569bb,delivered,2017-05-10 20:55:13,2017-05-10 21:05:11,2017-05-11 09:44:57,2017-05-16 16:22:47,2017-05-26 00:00:00
7f11b258da5d293493da13b0d5894302,24adea0f827b75f7778fd571a8279a04,delivered,2018-01-27 11:54:02,2018-01-27 12:14:39,2018-02-01 01:07:32,2018-02-03 16:31:53,2018-02-14 00:00:00
1d3b8d78074e0b50f10346941e67e9de,b4839bd89fae37da872be9416381e165,delivered,2017-11-27 21:27:42,2017-11-27 21:39:27,2017-11-29 10:07:28,2018-01-09 21:58:51,2017-12-22 00:00:00
ffa09361c7e09f1a6d067376a07455c6,c721ea083b00229814cd5083b3777913,delivered,2018-04-10 19:35:56,2018-04-10 19:50:19,2018-04-12 13:41:24,2018-04-17 18:38:41,2018-04-26 00:00:00
169ac9ba86ceec1a102f2ac76b405a34,7514285bdd26b3ce763b21bb5e51f886,delivered,2017-09-18 10:01:36,2017-09-19 03:55:27,2017-09-20 20:07:45,2017-09-26 14:07:47,2017-10-05 00:00:00
cee3d35c01c3ae1ed31809bdb2272afb,8bd9274e690e57552c0516b0d323af7d,delivered,2017-07-24 22:26:44,2017-07-26 02:25:30,2017-08-03 19:04:12,2017-08-09 16:57:43,2017-08-17 00:00:00
69f4f52c9fc3a2b6f7b72516075657d9,25f2cb8613c844fb07e042433a5ebde7,delivered,2017-09-18 17:57:58,2017-09-18 18:15:17,2017-09-19 18:12:20,2017-10-02 20:23:37,2017-10-17 00:00:00
c2c0ccad6e89d372981d2f5f6a13f7a6,ad2d139c6cdbb652b3f21dccf61a3f7e,delivered,2017-05-25 09:58:41,2017-05-25 10:10:44,2017-05-25 10:39:16,2017-06-01 06:04:42,2017-06-19 00:00:00
912fac153319e5a8524a1a9646dcc707,c34488bc19ab8916b2764d3cca0fec2d,delivered,2017-03-07 18:09:43,2017-03-09 02:55:13,2017-03-16 09:58:29,2017-03-22 12:31:52,2017-03-28 00:00:00
61bd5e1a7364522ba03a89bd9f2bb51e,55e8f22c0447dcd78b438afa98e2b5f2,delivered,2018-04-29 11:43:13,2018-04-29 12:13:01,2018-05-04 11:56:00,2018-05-14 16:03:29,2018-06-07 00:00:00
e2ec4ae060b3e2662724575b47ac605c,c44883d4af42d75135280741c983b988,delivered,2017-05-27 17:59:48,2017-05-27 18:10:15,2017-05-29 11:08:40,2017-06-05 14:59:45,2017-06-23 00:00:00
1daaf8be4f0713e6fd0b12a974e29110,9bac1e1b6b5ecc273cd83fd5c40b6d31,delivered,2018-05-09 10:57:58,2018-05-10 10:56:43,2018-05-10 14:23:00,2018-05-14 21:24:43,2018-05-24 00:00:00
26bafe5b8b70950ebe6c386b3aad1fe7,52c14344945f0f7b97a43d120ee86d17,delivered,2018-07-31 17:25:09,2018-07-31 18:30:55,2018-08-03 16:12:00,2018-08-08 20:38:19,2018-08-15 00:00:00
58d29b7e20a6fd9ece06ae3981c5e1e4,2f7de2e1063f4600d30a1bc72ce1d84e,delivered,2017-12-03 13:47:26,2017-12-05 04:12:09,2017-12-07 13:58:58,2017-12-19 15:56:59,2017-12-28 00:00:00
ec2a8c52ab5037c04553f10bcaccd971,3fe12eb6707de1cd2018e8e0297caa98,delivered,2017-03-21 16:22:34,2017-03-21 16:22:34,2017-03-22 17:48:31,2017-03-28 17:13:59,2017-04-07 00:00:00
1927dede91841ae67045915ce6fd11f1,66446be15e059663cab1f9b17cf6d3a2,delivered,2018-02-27 16:44:08,2018-02-27 16:56:17,2018-03-12 18:40:35,2018-04-10 13:53:51,2018-03-22 00:00:00
373e0e17a31683eb830eab2ade3df6dc,cbaab790e18f4b2f4e826078af9ba804,delivered,2018-02-22 09:35:36,2018-02-23 02:30:35,2018-02-28 00:49:02,2018-04-14 02:22:10,2018-03-23 00:00:00
f96fa82074a906a2d44dababc061999c,f45377e42450803266fcca68cb51988f,delivered,2018-05-11 23:32:44,2018-05-15 03:55:56,2018-05-15 13:44:00,2018-05-22 17:17:30,2018-05-28 00:00:00
123bea8dab4550ec2592468bff3e0866,936ba96509c9bd5b74f051c834d1fda3,delivered,2018-04-01 20:26:00,2018-04-01 21:10:27,2018-04-04 18:34:53,2018-04-06 18:07:47,2018-04-13 00:00:00
5f2641f0b721482098589ada9a3b017a,cd5f79d3ad1687f27defdd03ce9523b0,delivered,2018-03-17 07:15:24,2018-03-17 07:48:30,2018-03-19 20:36:33,2018-04-05 21:24:41,2018-04-13 00:00:00
1f9dfc58c0cc9cd0436629cbcd7fb639,2c197bd27c38b48fe0dc6951d7c48f96,delivered,2017-05-13 11:19:20,2017-05-13 11:30:17,2017-05-15 09:17:23,2017-05-19 11:26:07,2017-06-02 00:00:00
504d232ad4b0cb2e0d3e8c99a98c9938,4abef4291b0857a104890ffc7b63456c,shipped,2017-07-06 19:09:22,2017-07-06 19:23:14,2017-07-10 19:52:29,,2017-07-28 00:00:00
e67519acd1370f173550a6cb2b994ca6,80facf8c48b121912c78f67a6e1490be,delivered,2018-05-10 19:24:18,2018-05-12 03:35:16,2018-05-14 15:45:00,2018-05-18 14:03:31,2018-06-07 00:00:00
d2507bd23d9c9e4c1a37406c22b7cadd,2a06c322bce920e9ca1b4666b1a6b8d4,delivered,2018-02-15 21:54:06,2018-02-16 00:31:27,2018-02-21 18:28:53,2018-03-06 22:19:06,2018-03-13 00:00:00
7bdedb93bea002c3653120a85b3630b8,e0264110ce1164881d4735194a9d2b6c,delivered,2017-06-09 14:10:04,2017-06-09 14:22:37,2017-06-09 14:37:40,2017-06-16 10:47:32,2017-06-26 00:00:00
5ab6412ef2b60684cba4139fe9eff658,0c7ae540b88a62ff59ef9d1602317254,delivered,2017-10-02 18:47:09,2017-10-02 19:05:25,2017-10-04 13:09:09,2017-10-11 22:37:43,2017-10-24 00:00:00
172fec73f3614b511c8ae819916ae54a,baea9bc37bb47475072fea1fed249b1d,delivered,2018-02-26 15:15:37,2018-02-26 15:35:34,2018-02-27 23:33:26,2018-03-22 17:19:01,2018-03-16 00:00:00
53b520e08ac92c447eee811c9aa93c44,30cdac206f7d21755061ef6ea062ab91,delivered,2017-12-23 14:09:59,2017-12-24 14:07:39,2017-12-26 22:42:48,2018-01-13 13:52:06,2018-01-19 00:00:00
707ce3d3698a90d1ab9d9c2dc47223c2,f4a9f3a779e9783f7c992f5723bbe3d3,delivered,2018-05-02 20:08:45,2018-05-02 20:53:25,2018-05-03 13:28:00,2018-05-09 23:12:11,2018-05-21 00:00:00
4fabd930204fbf8fd7e7f510a4bc6a2f,411d12673ccdeedc292f3aaae6538768,delivered,2018-01-23 12:37:57,2018-01-23 13:01:23,2018-02-01 00:54:25,2018-02-07 20:42:34,2018-02-26 00:00:00
19a63221f98db001dbb52ad0d4990d75,51ea9fd370abcedebbe9a0493cdfaf07,delivered,2017-07-10 12:53:49,2017-07-10 13:10:27,2017-07-13 11:22:57,2017-07-20 16:32:08,2017-08-01 00:00:00
16d65d58409db5d0534f2fb1817696b0,9711a23693eaa23367227bd36040faa5,delivered,2017-08-28 20:47:42,2017-08-28 20:55:16,2017-08-30 11:39:37,2017-09-04 18:45:54,2017-09-14 00:00:00
dc439747f5458bc4057918cb1c40dcbc,da83bf9a94ce8ee7a0dd931bf6029a85,delivered,2018-01-16 20:46:20,2018-01-16 21:32:03,2018-01-19 01:49:55,2018-01-29 18:53:12,2018-02-19 00:00:00
fe2eaa51ed9131df5be8b566f10f3772,3cef4697e20e318d151c7e2b8566e704,delivered,2018-04-15 16:45:08,2018-04-15 16:55:38,2018-04-20 15:36:23,2018-04-25 14:19:20,2018-05-09 00:00:00
e536cdf72fac1ac0394ce265d37d22e7,306236b26cb49de7dc58a2c121dbf0f8,delivered,2018-07-15 00:14:30,2018-07-15 00:25:22,2018-07-17 11:33:00,2018-07-23 23:41:57,2018-08-01 00:00:00
ba05479675b661ae63c431bcae09728e,1f231469a9fa94500c4a93608eab9441,delivered,2017-07-18 21:37:09,2017-07-18 21:50:15,2017-07-24 21:10:33,2017-08-01 16:35:41,2017-08-09 00:00:00
ed82d3384df9ca70bcd946e63d8d172b,fdf25da38a22a7f03d508437155e8bb3,delivered,2018-03-16 10:07:32,2018-03-17 02:35:33,2018-03-24 00:48:40,2018-03-27 02:28:35,2018-03-28 00:00:00
4b69646ae09c307e88da19eb05ee2aeb,f8fcf5232cf3d387de35d586d6535c3d,delivered,2017-09-30 00:24:49,2017-09-30 00:49:23,2017-10-03 16:55:40,2017-10-11 20:54:40,2017-10-25 00:00:00
0e556f5eafbf3eb399290101b183b10e,198b639c2da0e7f71ae2b720ad67f47d,delivered,2016-10-06 18:50:25,2016-10-06 19:31:39,2016-10-10 19:31:39,2016-10-13 19:31:39,2016-12-02 00:00:00
e4f5793a41c3b7fc06fc62b75a8ecb47,18a8fbd579db6b2163bc26aff51b61b0,delivered,2018-03-08 10:19:00,2018-03-09 02:31:27,2018-03-15 17:32:54,2018-04-02 20:38:49,2018-04-24 00:00:00
46336bf0a9f5def552f2f03a691ee9ed,50522881b20600ac15e2c5d82e1bdcf8,delivered,2017-04-28 11:42:33,2017-04-28 11:50:14,2017-04-28 13:07:39,2017-05-11 12:18:00,2017-05-26 00:00:00
9845d84225d361cb655d4963c6aeaa87,c6cf18b71c8f0e99e92df766996aae66,delivered,2018-07-16 13:05:24,2018-07-16 13:15:19,2018-07-17 13:37:00,2018-07-23 17:19:38,2018-07-30 00:00:00
8f81186474a3ea634c707a15814fa1ce,e66db6837953f6a350fcf30a81062b28,delivered,2018-05-18 20:01:41,2018-05-18 20:17:32,2018-05-21 10:13:00,2018-06-06 15:52:41,2018-06-05 00:00:00
8ab510910dc4b37ae2551acb4d6f5c4f,1b7e15610c7da5d4fba6794557aaf06e,delivered,2017-09-14 20:37:40,2017-09-14 20:50:20,2017-09-15 20:46:34,2017-09-26 21:15:32,2017-10-18 00:00:00
264eb9cf9edd31016e9e59017e746aec,c066d28a9507feed4ba59f8b63e44c2b,delivered,2018-04-03 10:55:05,2018-04-03 18:15:18,2018-04-04 20:58:49,2018-04-05 22:05:29,2018-04-13 00:00:00
c107e4232a2d4729ae3da1aede9eb1e2,4ad0815e1e40e32ab8a2d160ebfde705,delivered,2018-06-07 22:47:17,2018-06-09 02:57:42,2018-06-12 13:50:00,2018-06-20 21:50:41,2018-07-11 00:00:00
823d27620ee2ff69604191b087250a3b,bf5fb5962bc4f22122214e62fa266098,delivered,2017-11-23 13:48:47,2017-11-24 03:10:00,2017-11-24 21:39:05,2017-12-12 21:38:30,2017-12-19 00:00:00
74d903ac21372f331f2fa52be9681693,f38c1d00cf75f681c1aa5a5a282f83c5,delivered,2018-02-18 13:55:49,2018-02-18 15:06:47,2018-02-19 17:35:51,2018-03-08 10:00:02,2018-03-22 00:00:00
8d63bb167adbc51f677d38af762662a1,8da86708f7cfcbf9ba8ca6004b14743f,delivered,2017-09-01 07:32:48,2017-09-05 04:30:43,2017-09-06 22:00:07,2017-09-15 15:25:48,2017-09-28 00:00:00
2fcfccb19cbdf5fdd494de049ac1911e,fc6d5621cd3c9e4c35408c896771a7f1,delivered,2018-08-09 20:38:14,2018-08-09 20:50:10,2018-08-20 19:48:00,2018-08-23 23:35:39,2018-08-28 00:00:00
23face56b7b7b6a17d4759b7c86d6a9c,3f1f7e881a2fa10bc1064d3a98c8486e,delivered,2017-07-30 19:41:53,2017-07-30 19:55:17,2017-08-02 11:12:19,2017-08-08 20:03:54,2017-08-24 00:00:00
6a19c9502bf44deb70d04ba20d586866,52edc459da15ba6237812975585c88f2,delivered,2017-04-20 09:53:18,2017-04-21 05:33:10,2017-04-25 10:59:43,2017-05-05 18:35:50,2017-05-18 00:00:00
15ea43bba4b54f2d044422c7cb71df80,8dafe375f5c86a7a0cdc175e009e6820,delivered,2018-03-02 00:20:31,2018-03-02 00:49:14,2018-03-05 19:58:24,2018-03-09 19:27:46,2018-03-20 00:00:00
dace50b472dbb4c65b72b71fc8f60c86,83d4c5cf09b56f567aea4fabe8fa14ec,delivered,2017-06-14 22:45:11,2017-06-14 22:55:16,2017-06-16 14:33:58,2017-06-29 14:37:42,2017-06-28 00:00:00
fb95aa20d91cfc568a3bd223c03e9eff,844fefc57b6c9a11bfa1a8eb4b1a6e2b,delivered,2018-04-28 20:14:48,2018-04-28 20:30:54,2018-05-02 14:15:00,2018-05-09 19:17:32,2018-05-24 00:00:00
a27e7bc82ceed97d792b678d7ca3e888,9f6ce93bf74532714cde036e2695fb54,delivered,2017-12-13 22:34:56,2017-12-13 22:50:05,2017-12-16 14:16:22,2018-01-09 23:35:58,2018-01-16 00:00:00
22167b7870f3c3b844087c5cbafac521,bf45a4524fffba803efa07f225cdfda5,delivered,2018-03-07 17:56:08,2018-03-09 02:30:55,2018-03-20 16:42:30,2018-03-26 14:05:48,2018-04-24 00:00:00
b1a8e82d3980a5c20c95ffb4a7572f09,d5bc0475f8b2265e148b1e514ceaca97,delivered,2017-11-16 13:22:39,2017-11-17 19:30:22,2017-11-21 21:39:09,2017-11-28 01:27:43,2017-12-06 00:00:00
50ab8a54c2060cccdabcf4ad996be719,149ac0fdc3fc6ed91440c95c1a92736b,delivered,2018-03-27 13:20:27,2018-03-27 13:35:10,2018-03-29 00:26:45,2018-04-27 19:51:52,2018-04-20 00:00:00
d805508e2cdf3a5b1453bc2eb0371880,f8cd59b49dad40a126346bd2da7649c5,delivered,2018-07-23 21:27:51,2018-07-24 10:31:03,2018-07-24 14:12:00,2018-07-31 17:56:27,2018-08-20 00:00:00
03e9790f0220543f057ebca9e29b459a,5c3662c3c0d32edf5dd9e7b13abcd4ef,delivered,2018-08-01 12:32:19,2018-08-01 13:24:21,2018-08-02 13:10:00,2018-08-03 17:52:52,2018-08-06 00:00:00
81e80c227293d804bda81c21f3defcc0,e4ca5891f91f5a7fb96dac539c5fabc1,delivered,2018-04-29 04:05:56,2018-04-29 04:15:09,2018-05-04 13:17:00,2018-05-11 12:16:59,2018-05-30 00:00:00
0231f6b89e5798ff6c0dfb1e18a94da9,719f6e6129a784bbc01b1267fe488547,delivered,2018-08-04 12:35:23,2018-08-04 12:50:19,2018-08-16 11:49:00,2018-08-17 17:43:45,2018-08-22 00:00:00
31f0fa0bdab49b86bb8951961ba8f67c,b3aadfe6bbaa40c1a5d4ff3172d9d950,delivered,2018-03-26 12:25:52,2018-03-26 12:47:40,2018-03-27 20:07:47,2018-03-29 22:16:50,2018-04-06 00:00:00
686c0ba20be3837a5041edbc39d3f9ae,9d313f559eb6ce11ff81d6402f472763,delivered,2017-03-12 20:54:08,2017-03-12 20:54:08,2017-03-17 14:10:50,2017-04-11 09:27:57,2017-04-11 00:00:00
26874945bcbf47606ab08580cf923693,8c6260231f19aa16c388266ba0854ef5,delivered,2018-02-09 00:56:49,2018-02-16 08:10:29,2018-02-16 23:08:04,2018-02-21 16:57:08,2018-03-21 00:00:00
5ff620977c1907f6694bbbbc716cf0d3,9e068f35663b99bc508dcfea424d6833,delivered,2017-11-24 18:04:11,2017-11-24 21:17:06,2017-11-28 21:14:42,2017-11-29 17:48:57,2017-12-13 00:00:00
5177d1217cafa2ba15337cd62cb1fc78,5f2269b4b3e234f5ede9b2f156bbd04a,delivered,2017-07-05 19:01:10,2017-07-05 19:10:12,2017-07-06 12:07:29,2017-07-12 17:47:28,2017-07-27 00:00:00
a5f747164d57e9cdaf58787ec8158e9c,438eaefae192046b0a5fbe38cea8bd35,delivered,2018-02-18 08:55:49,2018-02-18 09:55:26,2018-02-19 22:13:48,2018-03-01 18:28:56,2018-03-14 00:00:00
e1df61c61699c690427a33fc1b6b540c,4c44865a36098a8b24dba15c90f01511,delivered,2017-02-09 11:24:15,2017-02-09 11:35:21,2017-02-10 08:34:09,2017-02-20 11:51:52,2017-03-16 00:00:00
55b94c1376b9caed3fef602e9ca5f20a,88891fdcc43f37bf275ecdf1461982af,delivered,2018-01-10 22:56:19,2018-01-12 02:33:39,2018-01-16 15:29:00,2018-01-29 17:16:52,2018-02-07 00:00:00
7762cd5ec1084b412956b01811bc553c,cc516792309320513ad2b67a0c0447de,delivered,2017-06-26 14:25:00,2017-06-26 14:43:35,2017-06-27 16:54:15,2017-07-06 16:58:01,2017-07-25 00:00:00
73cf654d0deb48918d5e67944a773d22,872b8edcddb1ebd8e8b4db1df2c1edcb,delivered,2018-06-13 12:25:21,2018-06-13 12:37:11,2018-06-14 12:25:00,2018-06-20 18:41:09,2018-07-04 00:00:00
9e5fd9b33580d845c54855ee2e3965b0,46ad19d390527ea247f395322d167aec,delivered,2017-07-30 14:54:30,2017-07-30 15:10:06,2017-08-01 18:17:45,2017-08-14 18:24:06,2017-08-28 00:00:00
da0f3ca7a69fe74c208f8cad4b3a42f2,3911e9adb85bd0a22a4fa417087ce84f,delivered,2018-05-19 11:23:11,2018-05-22 07:55:09,2018-05-22 12:15:00,2018-05-23 21:36:33,2018-06-05 00:00:00
9f7b176cfbef1c9773aa351fa964e124,00e0a2be19aca747d3051ed15e18b77a,delivered,2017-05-05 18:30:01,2017-05-06 10:42:31,2017-05-09 15:21:51,2017-05-15 14:42:14,2017-05-30 00:00:00
1042722433e7633a6a857a82dcb8d881,21929d7523b4ca73af799eed3d218276,delivered,2017-08-08 16:26:41,2017-08-09 16:30:14,2017-08-11 12:00:55,2017-08-15 17:59:56,2017-08-30 00:00:00
36f34e0afd0f39f2a94e0988c4a5047c,251782bc82d793bfc38ff538aa37f263,delivered,2018-06-03 08:56:31,2018-06-03 09:11:06,2018-06-07 12:55:00,2018-06-13 17:26:36,2018-07-16 00:00:00
84e79b84144443a29fcd4da110a8896f,90faa860db14d01d4ba25f1373e4c781,delivered,2018-01-17 10:45:34,2018-01-17 10:57:29,2018-01-17 20:18:36,2018-01-26 16:29:08,2018-02-08 00:00:00
0f76c26d0a331ffc4c0c5fd114cc3623,9c5b708a188f9bd992c4ae5676323d08,delivered,2018-05-15 23:53:45,2018-05-16 00:55:22,2018-05-16 12:39:00,2018-06-07 14:59:05,2018-06-12 00:00:00
22d494f5aa645ca9c597962040fc930f,b5e017d6f4a1ba8e796b33cce51d4229,delivered,2017-06-08 20:47:17,2017-06-10 02:50:35,2017-06-12 12:22:07,2017-07-24 16:43:35,2017-07-11 00:00:00
799dc0fd216e2a8e571a2684ddb6f940,f3fecb293f31350518ee2ac197202282,canceled,2016-10-05 22:49:57,2016-10-06 15:54:47,,,2016-12-23 00:00:00
9ee84e2bfcbb0e4aa06217c6ecbab36e,159ad0f6cbd047fb360f05bb09e6cfe4,invoiced,2017-11-09 13:33:20,2017-11-10 03:10:46,,,2017-11-29 00:00:00
96d88a64577266cc2aad81a6ec153d72,e3ece71ec8a47d36c188c6a18111a009,delivered,2018-04-27 16:49:08,2018-04-27 17:35:35,2018-05-03 15:28:00,2018-05-05 12:51:43,2018-05-14 00:00:00
dc1bfd548330a38be6064d8857ab359a,fd70b09cd1fd10e0a24d7a477b3333af,delivered,2018-06-24 20:35:29,2018-06-24 20:54:55,2018-06-27 11:45:00,2018-07-03 08:04:09,2018-07-24 00:00:00
2a0359586f9d564e2ffcba4e14cf54c6,d6848f1f7a01a0518dbd1b7ef9801733,delivered,2018-02-21 22:01:09,2018-02-21 22:15:29,2018-02-22 19:55:54,2018-03-14 19:14:40,2018-03-13 00:00:00
bf475f9672e3314e2f2b503ceb340fd3,2597d599409989ece8d776be91b17f5b,delivered,2018-05-06 21:45:16,2018-05-07 10:11:28,2018-05-11 15:03:00,2018-05-17 22:28:31,2018-06-06 00:00:00
345f3128d7ec2b4fe1b30bef9c24ac82,1da1ddb93496c573aa47b5c21d5107f1,delivered,2018-08-20 14:15:55,2018-08-20 16:15:32,2018-08-23 14:25:00,2018-08-28 16:42:07,2018-08-31 00:00:00
64766c48d0be21c815096ba7bac96ed5,1a13f2430103c7ab17bddbc2016af515,delivered,2018-01-17 17:59:39,2018-01-17 18:11:23,2018-01-19 15:48:48,2018-01-30 18:11:48,2018-02-14 00:00:00
981a9806f64f9c36b258de8edafdbb39,7754b34de4a89802e74462bf76d5ec58,delivered,2017-08-12 19:12:03,2017-08-12 19:25:10,2017-08-14 17:07:32,2017-08-21 20:51:57,2017-09-05 00:00:00
ce06972fe7c25dca520903409efcb744,a213b9046b287f63b9c70da31ce60916,delivered,2018-04-12 19:28:02,2018-04-13 13:14:30,2018-04-13 21:37:40,2018-04-30 14:46:37,2018-05-10 00:00:00
5c7fb4191236c0b1404e9e97af9691c9,6e9d745e62f9337dff13d0b67bc2d6fb,delivered,2017-10-10 17:14:09,2017-10-10 17:35:55,2017-10-13 11:52:35,2017-10-30 13:30:04,2017-10-23 00:00:00
8d6aed9188591d9a88993dbc07bac129,28896d119b6575081311592b99637c26,delivered,2017-02-14 13:01:54,2017-02-14 13:15:15,2017-02-16 11:16:01,2017-02-17 17:59:07,2017-03-13 00:00:00
595316a07cd3dea9db7adfcc7e247ae7,696e8f940eeee6b009d1539b59e47366,delivered,2017-08-09 23:50:08,2017-08-11 04:26:04,2017-08-14 14:46:16,2017-08-17 19:32:48,2017-08-25 00:00:00
ba6fe5e92a31200b06b69c99171eacf8,ebd1765f07bfab797475df79adb9b281,delivered,2018-06-19 21:10:11,2018-06-19 21:35:30,2018-06-20 15:48:00,2018-06-21 20:42:36,2018-06-29 00:00:00
e2fdffd08df55baaa7b97c04d4d2b606,7fc0e7dcd8f29cc5285c7f4981c8fae7,delivered,2018-03-19 22:55:23,2018-03-20 22:50:38,2018-03-22 21:35:55,2018-03-29 23:32:08,2018-04-12 00:00:00
a92a6fc4d961b38efcdcc7a12610754c,6f0417a5db860fa53ef4542989cc35f0,delivered,2017-08-11 17:18:16,2017-08-11 17:30:11,2017-08-15 19:05:02,2017-08-16 17:58:42,2017-08-24 00:00:00
5829e6abd78c204059d0dad88e6061f4,febad6c3f0ecb93ef3b9e2d80fe2a4a0,delivered,2018-06-04 12:29:06,2018-06-04 12:50:34,2018-06-06 14:22:00,2018-06-07 14:11:13,2018-06-28 00:00:00
61c7ca53c85ddf347b33ff60118893c4,68d77f42be20e1ec478bd6ba5cbd9002,delivered,2018-07-18 22:12:03,2018-07-18 22:25:13,2018-07-19 14:36:00,2018-07-24 20:40:38,2018-08-15 00:00:00
9f1887ee4f71cd4db972aeac47ca54f7,672aaf2b9c8ab186e20451bdc13f5e7b,delivered,2018-07-26 10:12:47,2018-07-26 10:25:11,2018-08-07 10:27:00,2018-08-17 18:28:42,2018-08-16 00:00:00
e6c487a027692996435c701644f98080,0ec5c18a4b6f9da0e3ca912e19bd010c,delivered,2017-09-22 07:56:51,2017-09-22 08:06:21,2017-09-22 21:22:52,2017-10-09 17:59:19,2017-10-18 00:00:00
ded5e63ba387dee72a94cc313a39b536,4f74721592a5128138d827de1840b50c,delivered,2018-02-24 10:15:05,2018-02-24 10:27:48,2018-02-27 21:04:40,2018-03-06 22:58:39,2018-03-16 00:00:00
ccecb43e46d11aa9ed8c92440657995a,26a390b7847ae9ad5b6542aa76736b3e,delivered,2017-11-25 22:18:24,2017-11-25 22:33:12,2017-11-27 22:48:36,2017-12-07 20:08:50,2017-12-19 00:00:00
32a8de5ba7f744d3a361fa1ebe7f4b6b,b97b7c17da5ca217170dd0f9a2250838,delivered,2017-09-08 14:06:59,2017-09-08 17:25:15,2017-09-12 19:17:53,2017-09-18 18:25:44,2017-09-26 00:00:00
019aaee09698daf81dcffe9d94a18b5c,e3893e579755de4feb1a4d0313c103fa,delivered,2017-08-10 14:04:58,2017-08-10 14:23:38,2017-08-11 13:52:35,2017-08-12 11:56:49,2017-08-23 00:00:00
c31e69041b0da7765a4d79c7dd6242ff,ba870e27d887b676ea8ef87bb63e5c3e,delivered,2017-11-24 22:32:37,2017-11-25 01:32:37,2017-12-04 22:38:39,2017-12-15 18:45:05,2017-12-15 00:00:00
695b3b57992d9247ea1b44bc6ec32978,8ba9765659c98e69e8345a1d6661fb93,delivered,2018-05-11 11:03:40,2018-05-11 11:15:19,2018-05-11 14:59:00,2018-05-14 20:57:03,2018-05-28 00:00:00
e28fe1201ebd15ccbbe9d7e18db98c31,9679137d11546cad3825ed2fcda53c0c,delivered,2018-06-07 20:34:30,2018-06-07 20:55:15,2018-06-08 15:14:00,2018-06-12 21:07:49,2018-06-25 00:00:00
fb1bc334ae23045c45df799504ebe1bc,c7d1e6445617720dd981429fb5580238,delivered,2017-10-19 14:13:04,2017-10-19 14:29:15,2017-10-20 15:42:25,2017-10-27 22:51:03,2017-11-14 00:00:00
e25bb8aaf2367bd1f96dc6d9a764de2f,3c02719ce51468b5f0a41b1a330d9b2b,delivered,2018-04-04 22:58:03,2018-04-04 23:10:12,2018-04-05 20:07:30,2018-04-10 19:31:15,2018-05-02 00:00:00
7294705423e48be7177bcd2b15faf44f,00498d14e21c58ed2feb5d5feb4cd706,delivered,2018-01-12 22:38:53,2018-01-12 23:16:46,2018-01-18 16:48:40,2018-01-26 22:36:31,2018-02-09 00:00:00
f2b5d6c7cf7bcd8c765ecc7d1c964bb1,24e9bfd67b1e20cba11c64fcb1cc2663,delivered,2017-06-20 15:02:30,2017-06-22 02:25:34,2017-06-22 15:48:13,2017-07-03 13:53:31,2017-07-18 00:00:00
21d032917e4ed1476f16ce92d0d8fdd4,51905fbecec4261539044170d7338c03,delivered,2018-02-14 12:26:23,2018-02-14 12:47:10,2018-02-15 19:16:52,2018-02-21 22:47:02,2018-03-06 00:00:00
f62ff18c0fc73a78ebd80d0d881abfcf,0b0a4e9f5cbb2762f23341a271219afb,delivered,2018-06-05 23:30:25,2018-06-05 23:52:37,2018-06-06 15:31:00,2018-06-11 12:28:27,2018-07-18 00:00:00
7baac6397b9cffaf882d73544ae9a085,2bb538d3b5a93ed52b5f504aeb097893,delivered,2017-09-11 15:22:55,2017-09-11 15:35:22,2017-09-13 17:47:52,2017-09-21 16:27:06,2017-10-03 00:00:00
b1cc959223d3beff53d4aeb97b8b6a8a,70fd0299eba8564ad88ff541dbfd9854,delivered,2018-08-03 21:42:35,2018-08-03 21:50:16,2018-08-07 13:02:00,2018-08-16 20:28:50,2018-08-17 00:00:00
479d2226115d100c027f7dd83622c1ee,f7d7a109457a1d2a80a681cf379a015c,delivered,2018-06-04 20:07:13,2018-06-04 20:31:50,2018-06-05 15:39:00,2018-06-18 19:56:42,2018-07-13 00:00:00
fe379bcafadad5a792820631d49429e5,0e96da78f43bec2f07c7971bb4d47a52,delivered,2018-08-21 18:22:34,2018-08-21 18:35:23,2018-08-22 12:10:00,2018-08-23 13:16:32,2018-08-24 00:00:00
f779310b7f128b2b1eebc444c867c5cb,1ad85378f72ecb62694df328c7ebca32,delivered,2018-01-22 10:40:57,2018-01-22 14:16:51,2018-01-24 19:58:50,2018-01-31 13:53:03,2018-02-06 00:00:00
f0ef9b99abb2937dd8698615e6c2f909,66aedbf6febb5a9634fc13fc728f9ae5,delivered,2018-02-02 22:08:02,2018-02-05 06:48:29,2018-02-05 22:34:06,2018-02-28 17:36:14,2018-03-16 00:00:00
88729db89bc700104cd5ebd2725e4d69,44c6cd0bafac1d001d76ff0ac05f6411,delivered,2018-06-13 09:06:48,2018-06-13 09:40:06,2018-06-13 14:33:00,2018-06-19 01:19:45,2018-07-03 00:00:00
c804674d437b41cf864db4bf8b66fff6,8d34b7b2024e215eebc8d21e7ea9b771,delivered,2017-10-10 17:50:55,2017-10-10 18:07:10,2017-10-11 23:12:11,2017-10-23 19:41:49,2017-11-07 00:00:00
49c9dc330935365ca454ba89a8a20efb,ce03e1248f6753a907cf1e5fc9013939,delivered,2018-03-05 11:05:50,2018-03-06 11:15:44,2018-03-20 17:52:50,2018-04-19 00:39:52,2018-03-26 00:00:00
3ae03c7a8dcbbe4e24c6c622b22008e0,8a5fbe3630893013a13d346a571d2add,delivered,2018-02-15 21:10:12,2018-02-17 03:35:29,2018-02-21 17:05:20,2018-03-01 19:53:04,2018-03-08 00:00:00
60753b0d826f7ab796f24eaf861690eb,18a0ae9ef526e6c02b8d1c384524e70e,delivered,2017-12-15 17:06:07,2017-12-15 17:14:15,2017-12-19 22:51:45,2018-01-11 15:25:39,2018-01-18 00:00:00
e81600d4371046078150ab84d31175d3,5f78e0062e08a91ecc6a7cd787bd29ba,shipped,2017-01-25 09:31:09,2017-01-25 10:30:14,2017-02-02 09:47:38,,2017-03-16 00:00:00
9f98d5dd7d91eb6e4b16499e2a9688c6,d928c613175499a892ce4b80342d7e81,delivered,2017-10-13 14:17:19,2017-10-13 14:28:22,2017-10-17 17:07:57,2017-10-24 17:49:12,2017-11-03 00:00:00
5f6212b4deba7d596254d55825e21cc3,5ba0313d8deae58f670a73b0f8b21b5e,delivered,2017-07-28 15:48:38,2017-07-28 16:04:01,2017-07-31 21:22:37,2017-08-14 14:34:11,2017-08-17 00:00:00
09c6a742ab99ba6516e8acebf60127b4,61658fc3f28ed8b3f1d0248d7f0090d1,delivered,2017-12-01 23:15:22,2017-12-05 04:12:11,2017-12-07 20:28:29,2017-12-12 02:04:01,2017-12-19 00:00:00
fa2cfb69189369210d02d7f26fb6d59d,b24cc4673572493865cd0610167b9c12,delivered,2017-06-26 12:17:22,2017-06-26 13:31:03,2017-06-26 14:47:29,2017-06-30 11:43:47,2017-07-20 00:00:00
e469c917c3a56975087c1bcae9391a54,6f03ae55e832204ea4904460510be391,delivered,2017-12-07 14:20:55,2017-12-09 14:14:22,2017-12-12 22:18:53,2018-01-03 17:34:42,2018-01-11 00:00:00
62529dde2b3d81415417822b4bc91581,a513b34c2f98a4777c23077339806088,delivered,2018-04-15 22:34:55,2018-04-16 08:32:25,2018-04-18 21:02:38,2018-04-19 21:08:51,2018-04-30 00:00:00
6c825e27cef5e047f570be83dd1feaba,98eeb01403eb1df551462689e9b5897f,delivered,2018-07-15 10:33:02,2018-07-15 10:45:13,2018-07-18 07:52:00,2018-07-23 21:46:42,2018-08-01 00:00:00
7df4e046ace6ef86712aba299dd8526b,5efb71ecae9aec44a3c0303dd97ebd9c,delivered,2017-09-13 10:05:40,2017-09-14 20:10:09,2017-09-15 17:18:08,2017-09-25 22:21:28,2017-10-04 00:00:00
d5a2a83ddd838aa8ea9297e7d3c773fb,056e2088f4f2b7a3b6d08cceb4ab73ab,delivered,2017-03-03 15:55:48,2017-03-03 16:10:16,2017-03-06 03:48:57,2017-03-08 06:21:55,2017-03-24 00:00:00
576466ecdb1ad73bb848943a98649668,43a9b97803084721b53b240506f2e52d,delivered,2018-08-28 11:26:59,2018-08-28 11:44:24,2018-08-29 14:56:00,2018-08-30 14:22:51,2018-09-13 00:00:00
06ba77893723a9357f7e681bf336fb2c,993422eff8c6cfaca2c04adf2b097296,delivered,2018-07-18 12:13:41,2018-07-18 12:25:17,2018-07-18 13:39:00,2018-07-30 23:45:58,2018-08-13 00:00:00
52cf615b489664cc51497014207226db,c9cd9a4e5438dec9e84c776f42de1640,delivered,2018-03-14 12:02:37,2018-03-15 03:16:14,2018-03-16 21:14:37,2018-03-29 23:32:52,2018-04-02 00:00:00
8fb11f0652ca9a1fc2a32dd1b792fabf,906fc1ea0860711038f88389207bca8b,delivered,2018-05-03 21:16:09,2018-05-03 21:33:21,2018-05-07 13:18:00,2018-05-14 22:08:26,2018-05-25 00:00:00
c337be7e160adf73d51a64678b8f7ede,883b1629cc252925fa1737723aa8e0c1,delivered,2017-09-12 14:51:37,2017-09-12 15:05:27,2017-09-13 14:04:01,2017-10-09 17:03:27,2017-10-26 00:00:00
30eb9be01da3f3407bb948e99ad5613e,f2b66e5065737506b582d3303482e3d3,delivered,2018-04-28 19:55:08,2018-04-28 20:13:50,2018-04-30 16:01:00,2018-05-04 16:46:54,2018-05-17 00:00:00
2d0f4e1836f58122cbaabf97460af115,7a06b69fcd181fbc7da2ea961db14f3e,delivered,2018-05-18 00:31:55,2018-05-18 03:56:24,2018-05-21 16:54:00,2018-05-22 21:27:41,2018-05-28 00:00:00
6288c084b4b8b9ed59cddc6793eba928,b7a18cb59c24649c7ab96dc6f8443688,delivered,2018-01-16 15:44:36,2018-01-18 02:11:57,2018-02-27 16:34:17,2018-03-14 22:52:38,2018-02-22 00:00:00
117a6f28c5cf04526b4869a9291c9d61,2874527f6c9f016402218377542a778d,delivered,2018-07-26 12:10:27,2018-07-27 09:05:13,2018-07-30 11:55:00,2018-08-03 18:59:02,2018-08-09 00:00:00
cb578e3b649e02ffe6afd3eb778d6370,afa337470e2e86d962cd960ac3bcacb9,delivered,2017-09-13 16:43:57,2017-09-14 04:32:38,2017-09-19 20:05:43,2017-09-26 21:48:53,2017-10-17 00:00:00
61416eed18f816a60139b0bd59f11e2d,97ca397101025587ac98da9417dcfa72,delivered,2017-05-06 10:56:57,2017-05-09 09:43:05,2017-05-09 10:24:32,2017-05-17 11:56:44,2017-06-02 00:00:00
9abbdc48fa5090fc71433b094fd329a8,28a7aaa9b583fd1ff76b43273f22913f,delivered,2018-03-12 18:17:00,2018-03-12 18:30:49,2018-03-14 17:59:30,2018-03-27 19:52:17,2018-04-12 00:00:00
7cdea6836b6842b3a1f5add3d236395e,920d4899e6a1c090a11bbec9da5a36b5,delivered,2018-06-06 10:37:30,2018-06-07 03:12:20,2018-06-07 09:04:00,2018-06-12 21:52:14,2018-07-26 00:00:00
08f982d8b8d8de12b00d35edefe5d26a,4341dee96f04f4070713ce5453d58a1f,delivered,2017-11-05 11:56:00,2017-11-07 07:30:35,2017-11-08 21:35:40,2017-11-17 06:33:06,2017-12-04 00:00:00
d8d5f372b6b1d10843065cbd97d6c55b,9fda2760c2553bd90eae1b616776cb44,delivered,2017-11-15 15:33:24,2017-11-15 15:50:28,2017-11-17 18:13:29,2017-11-22 18:56:42,2017-12-12 00:00:00
9ee712ec23f9b7f2d1ad95b3451d2b5d,924eb7ed0e1ef7939edf901f5e545bcd,delivered,2018-03-22 16:16:52,2018-03-22 17:08:38,2018-03-23 22:08:36,2018-04-05 15:42:46,2018-04-13 00:00:00
e3f0b99663affed1a7f0f74ae482f636,d5a2f8a83140f5aa55fe387fee50b21d,delivered,2018-04-14 17:33:43,2018-04-14 17:51:05,2018-04-17 19:12:30,2018-04-23 16:48:51,2018-05-09 00:00:00
9901f27d2b1cf8df5d7c12241328b82a,3b874fd30ba09bb54aa334b904fcc9a7,delivered,2018-01-11 13:15:43,2018-01-11 13:29:17,2018-01-11 21:12:52,2018-01-24 18:27:44,2018-02-08 00:00:00
1b694ef5b28d3e949a4f0ffeb2c9fcd6,cba12036a88407a37770dc8ab725de77,delivered,2017-01-05 13:43:17,2017-01-07 03:35:38,2017-01-11 16:08:55,2017-01-16 16:54:04,2017-02-13 00:00:00
a6194f2c90f8905dcf4e5fe2b8c5358b,87dc506182489f087f60de20dbe2958d,delivered,2017-02-04 20:46:59,2017-02-04 20:55:20,2017-02-06 13:11:10,2017-02-13 15:37:45,2017-03-03 00:00:00
187c20e7849e29f8582a8945283a6f01,e17afd09a7415bfaea4762a63683b83e,delivered,2018-06-14 11:05:00,2018-06-14 11:23:27,2018-06-28 11:47:00,2018-07-03 17:12:23,2018-08-06 00:00:00
aa421b88c987dae351823253084dcbdf,a075c0b70aaef6aae7d29efa27a26949,delivered,2017-12-03 16:09:35,2017-12-05 16:21:24,2017-12-07 02:23:15,2017-12-18 20:03:48,2018-01-09 00:00:00
ddc18af6ae773bf05e10a4f26aaf0b33,2e2311a6dcfd6916130042e7f0793281,delivered,2018-06-25 20:24:55,2018-06-25 20:35:22,2018-06-26 08:05:00,2018-06-28 14:48:47,2018-07-16 00:00:00
c05f69aec5059df07e7c310e6ac3bc5b,43218c5d54f4c9153db8f595821e7800,delivered,2018-04-09 16:14:21,2018-04-09 16:31:15,2018-04-12 17:26:27,2018-04-13 17:25:32,2018-04-23 00:00:00
03467d8a7741a3737d4e3ae45ebba94c,728c8233f4259c2252c6c35692079286,delivered,2018-05-14 15:36:23,2018-05-14 15:56:51,2018-05-15 13:50:00,2018-05-16 23:03:24,2018-05-22 00:00:00
893233a6a55e2f152d2088ab047ad4cc,cb34f0aa5dcd750ae8febaaa4b335614,delivered,2018-06-10 22:01:25,2018-06-10 22:17:45,2018-06-19 06:11:00,2018-06-22 16:03:06,2018-07-13 00:00:00
225d6c38f3b55e64713038cbb2a7d357,9e65cbbe0b4f517550e04293b56818af,delivered,2018-03-13 10:27:41,2018-03-13 10:47:53,2018-03-14 17:12:23,2018-03-22 20:13:01,2018-04-09 00:00:00
8afd9b152eb9ffdc3b17c6e3599136bc,9099f0a5364ef7f0e1504822df341f64,delivered,2017-10-11 10:07:26,2017-10-11 10:27:26,2017-10-11 20:52:15,2017-10-14 14:27:31,2017-10-24 00:00:00
dc771d8720de3625596eb0b0fa043528,1ad0dece6980bfb8fa8c3264637b77d9,delivered,2017-11-14 15:30:58,2017-11-14 15:47:57,2017-11-22 15:52:21,2017-12-18 21:09:12,2017-12-12 00:00:00
d2deb9270ebda7fd5dc5ff3b9a499a58,58abc50932d82c0d93a282ad8d47757f,delivered,2018-08-07 15:25:21,2018-08-07 15:35:16,2018-08-16 14:02:00,2018-08-21 17:06:43,2018-08-27 00:00:00
6b2909c0acee3c3cd2b71bcc89e6a7df,b57a5ecb737d245afaf5bbcdd8e0375e,delivered,2017-10-06 17:20:15,2017-10-07 19:50:00,2017-10-09 18:47:43,2017-10-25 20:58:31,2017-11-07 00:00:00
cc24eeca0b974f0489000f9f0fd82ed4,4e561104b788c49620355100eb215054,delivered,2017-07-31 21:26:20,2017-07-31 21:45:12,2017-08-02 20:26:51,2017-08-17 15:56:34,2017-09-04 00:00:00
e3bdef3908e4c6a22a657b3786f89d4d,3003e2cad13e2943dcfadd1cf73e418f,delivered,2017-11-29 23:41:08,2017-11-29 23:56:36,2017-12-08 19:41:52,2017-12-27 23:04:45,2018-01-05 00:00:00
da9b0368caaa51411598bf0e91610d0a,c892abcf71d09bf32658f23ed1878b06,delivered,2018-07-29 10:17:29,2018-07-29 10:30:39,2018-07-31 12:46:00,2018-08-03 12:22:26,2018-08-20 00:00:00
749a31c1093994e39ecb4aef66a7aa3a,8283002ac9ca2ece392746190b152185,delivered,2017-01-27 11:57:43,2017-01-27 12:15:40,2017-01-27 16:30:24,2017-02-06 10:39:02,2017-03-09 00:00:00
e6717b6671df1d58c3f2435ec49eb74a,1353681b09bdb49c50b81bd023a2b3fa,delivered,2018-03-03 01:55:29,2018-03-03 02:13:20,2018-03-05 19:49:04,2018-03-06 21:41:42,2018-03-15 00:00:00
876c93b0a50c1fd2ad77f265d32de95e,325f5ae6a8e3170a943610ea545ad628,delivered,2018-07-04 17:45:29,2018-07-05 16:11:30,2018-07-05 13:06:00,2018-07-13 20:38:59,2018-08-06 00:00:00
9447fa0766ef67494824cbbdc2d58bcf,f1cfb339a0421cf53198e968f35e87ee,delivered,2018-04-22 10:39:10,2018-04-24 18:12:09,2018-04-24 19:13:29,2018-04-27 20:42:28,2018-05-16 00:00:00
490f30e8fa50cb3ef01058c9ab43048d,37710b7e3cc24bbf318f4c61a5079131,delivered,2017-09-22 22:39:25,2017-09-22 22:50:16,2017-09-25 19:29:08,2017-09-28 23:48:02,2017-10-16 00:00:00
c2af11ae3f61ffc78a1997289b07d497,36c6a1e2e38bc30f8e25c2541de9bba7,delivered,2018-07-01 10:17:56,2018-07-01 10:30:30,2018-07-03 10:05:00,2018-07-06 14:04:39,2018-07-30 00:00:00
ed79f88a78631eade029d1edbbe02881,a771359904314a20cbab60684a525438,delivered,2017-02-02 16:32:28,2017-02-02 16:41:45,2017-02-03 13:50:36,2017-02-08 13:42:07,2017-03-01 00:00:00
7b1219cc26d69c357880055b52d87960,64247d2cff9b9b98b452d6e42e7769f5,delivered,2017-07-26 03:26:16,2017-07-27 11:36:55,2017-07-28 15:33:57,2017-08-01 16:43:14,2017-08-15 00:00:00
d82b6e7da21a039639022ad9e9bc3e56,0124a56e33d9d3da6b8340d2153f60a5,delivered,2018-04-27 15:25:36,2018-05-01 05:15:16,2018-05-02 15:02:00,2018-05-07 13:59:01,2018-05-15 00:00:00
ab4e9c7509c66adaea2fe37d7e1537c4,080dddcff1908969446b2a21dce2fc68,delivered,2018-07-24 23:00:46,2018-07-24 23:10:14,2018-07-31 15:50:00,2018-08-03 17:28:55,2018-08-15 00:00:00
af7c5cbf4bb52c9f686828ffe06a4f6e,9edc52a63f14b6e1d5377cdd3a5b5f6d,delivered,2018-02-24 09:27:13,2018-02-27 04:31:14,2018-02-28 22:19:09,2018-03-10 12:41:40,2018-03-13 00:00:00
e2b52d5633f80b9a22dbc3d79ef5edaf,57386e783f5bd1e694932e6d3f5fe28f,delivered,2018-08-16 20:24:09,2018-08-16 20:35:17,2018-08-17 14:37:00,2018-08-20 23:28:48,2018-08-23 00:00:00
8ed46f28f884bd76db1f8d95fc27a5f4,6e7901ae39eb9c64958a51ff4a025cfb,processing,2018-01-15 16:52:44,2018-01-17 11:30:51,,,2018-02-19 00:00:00
4a84e6f77b93de41193b2b792ff366ca,5d1fd4b4f9da66500dcb4587a5d285bb,delivered,2018-03-13 10:09:34,2018-03-13 10:27:58,2018-03-13 20:54:43,2018-03-19 21:43:44,2018-04-05 00:00:00
9f6183228aa32e890cd753d3efab7178,7a79ee1f4b2b1e45b054ef61a44f706e,delivered,2017-03-16 13:46:58,2017-03-16 13:46:58,2017-03-17 11:07:00,2017-03-29 08:47:37,2017-04-04 00:00:00
f99b507d95cd5bfaee408ab6cd51070d,a3ec2256ff70cc52f3cca6d8ca3018b9,delivered,2018-08-09 12:09:29,2018-08-10 03:15:17,2018-08-10 12:30:00,2018-08-14 00:48:35,2018-08-16 00:00:00
0068468c453d28c8ef3fd089e50a5847,6460086b02eadee2bb54c83af13698b0,delivered,2017-11-24 22:25:25,2017-11-25 01:31:26,2017-11-27 23:42:46,2017-12-14 11:47:13,2017-12-20 00:00:00
ecac5badffe4c7227c7d6ac1a33fd6d5,988a8fc4119640064ed24abf747f2e75,delivered,2018-02-22 19:41:23,2018-02-22 19:55:25,2018-02-23 20:47:15,2018-03-09 16:54:26,2018-03-16 00:00:00
6a1ef716317c7b4817987c723669c2a6,777a72b307f2edae29414b26e2d5e3a1,delivered,2017-09-04 09:09:04,2017-09-04 09:25:14,2017-09-04 22:06:32,2017-09-08 17:23:43,2017-09-22 00:00:00
7de19ba743b2b9a77e6fbb5598ff0efe,4e8484e21601c3a1c41f0127ad68f0e5,delivered,2018-03-10 10:44:05,2018-03-10 11:08:20,2018-03-13 13:50:57,2018-04-03 11:19:08,2018-04-03 00:00:00
0c8afaedb1f20b1655f3ff0d84b4424c,0dd059e02831e97c8e5b1895a62eb290,delivered,2017-06-17 11:31:34,2017-06-17 11:45:35,2017-06-19 21:35:30,2017-07-04 16:58:38,2017-07-18 00:00:00
fb436a0beef49b493351afe287150239,fab1deb9a9ec207df528ba82a18d848a,delivered,2018-06-28 12:19:32,2018-06-28 12:35:12,2018-06-29 13:48:00,2018-07-06 14:38:53,2018-07-30 00:00:00
2f4fd11540a5bce987fa7ca6204081e0,e997c13467c0068a2483d7472151fc31,delivered,2017-07-10 19:59:51,2017-07-11 20:05:31,2017-07-14 20:04:25,2017-07-17 18:32:20,2017-07-21 00:00:00
c90563355d52a60bbfc6fd4b5bdcffc3,d7ae20bcd9dd7181c46d59b6faad8eee,delivered,2017-06-19 12:35:34,2017-06-19 12:45:23,2017-06-19 17:06:45,2017-07-03 12:45:36,2017-07-13 00:00:00
8e2180a4fcb4cc57d8e0737c95cd4d28,9e69321bb2e7f46db966e815d56ee6e8,delivered,2018-07-03 14:21:21,2018-07-05 16:33:00,2018-07-03 13:32:00,2018-07-06 19:06:36,2018-07-27 00:00:00
6487672c685e7eafe0bd9e9ce9aebcbf,f7de0b22b237293845178f2ef9680c88,delivered,2018-04-29 00:46:31,2018-05-01 05:13:55,2018-05-03 13:33:00,2018-05-10 16:52:41,2018-05-28 00:00:00
241c2b89490a7f6f12808716cd51c45c,df1ff2ee71213d4b45436b9112ef71ec,delivered,2017-11-26 23:03:58,2017-11-28 03:23:46,2017-11-29 20:44:53,2017-12-13 18:58:37,2018-01-02 00:00:00
a4946418011e1f65770b4521844416ab,04689d95f1fc4d3d189a3b0414fce031,delivered,2018-02-20 16:23:24,2018-02-22 02:10:47,2018-02-26 21:56:40,2018-03-14 19:48:47,2018-03-21 00:00:00
d28f2bc60aaf4da8d97ff1319fdffab4,91c6fb2b7b643426eb8f72f1a3e422d1,delivered,2018-03-15 22:00:27,2018-03-15 22:10:28,2018-03-16 20:42:03,2018-03-20 19:08:48,2018-03-28 00:00:00
7c5ad6209d169012159b05d9eda4a289,5c7692342f6274ea532c8ac076e8388d,delivered,2017-04-15 20:59:16,2017-04-15 21:10:15,2017-04-17 10:18:31,2017-04-25 13:30:32,2017-05-10 00:00:00
7a415e8280c3ae4d608481124c4f5d62,6dad401ac9c02f5effed0476a0ece1ab,delivered,2017-11-03 13:51:16,2017-11-03 14:10:31,2017-11-06 21:32:47,2017-11-14 20:22:20,2017-11-29 00:00:00
7d70cb0ac6f54fed6851b5179404450f,91f62c811980850204103279573e5dee,delivered,2018-03-01 11:55:47,2018-03-01 12:10:14,2018-03-07 00:33:48,2018-04-11 20:46:45,2018-03-20 00:00:00
9b21d7e7e61740911f0008fc81681e63,29bc624eea63e77997d35b670c739591,delivered,2018-06-16 18:41:11,2018-06-19 06:56:59,2018-06-19 09:24:00,2018-06-25 17:26:37,2018-07-12 00:00:00
b158e6d2495bf87d530c40053f666e21,e6bc21b8da796e00b32386ba8ecd68f3,delivered,2017-02-19 12:11:31,2017-02-19 12:31:49,2017-02-21 13:08:05,2017-02-24 17:04:47,2017-04-04 00:00:00
9c06233aa4c2b2e8321660e552582c84,2c00c73a8bf9fbcd26a132141d560afe,delivered,2017-12-19 14:59:43,2017-12-19 16:10:20,2017-12-20 15:28:37,2017-12-26 19:52:09,2018-01-12 00:00:00
25b62036b2db47025c3d61123d159c2d,7150d0f1bfb62dd56458083def100175,delivered,2017-07-15 18:25:00,2017-07-18 06:10:33,2017-07-19 16:29:47,2017-07-20 21:59:54,2017-08-03 00:00:00
9ff266389e4ad0e51b289d25547ce0d2,56fcdaa6bce85adf9126aa398f9c2a5a,delivered,2017-06-19 20:32:37,2017-06-19 20:43:04,2017-06-20 14:59:28,2017-06-27 14:10:19,2017-06-30 00:00:00
f2efe29fe1cac4dcbb6f53f87735245b,d3c3f43010ff2e66b79e764980f34e09,delivered,2017-10-27 18:29:43,2017-10-28 02:50:37,2017-11-21 05:15:35,2017-11-24 23:09:27,2017-12-01 00:00:00
64eda3241f07453a9d8aeb85428c18c5,a22f32819804b087cea3366de1fe1ca4,delivered,2018-08-06 15:21:24,2018-08-06 15:35:17,2018-08-07 10:19:00,2018-08-13 16:51:36,2018-08-16 00:00:00
3ce4038922670fead496aeae61a8a393,5da810af4515e4470379a90fcf246a15,delivered,2017-01-05 13:52:39,2017-01-07 03:44:23,2017-01-11 15:37:55,2017-01-16 14:04:35,2017-02-13 00:00:00
36963a629da6c57d926df8f37a9e63a9,8af8f7bb2179aaaf1bf8fdc58c02975c,delivered,2017-12-05 13:50:53,2017-12-06 02:39:35,2017-12-08 14:53:17,2017-12-21 21:27:42,2018-01-03 00:00:00
e54e607e26e54c418ed2948d6006282f,054ba5f19270e104f7cc58b2d0fe54c7,delivered,2018-03-14 11:13:46,2018-03-14 11:47:45,2018-03-14 23:58:37,2018-03-16 16:40:55,2018-04-02 00:00:00
4d5c40dd2064b768317b735200761708,2197ed0d8932555074a013fd4500738e,delivered,2018-05-08 22:31:33,2018-05-10 03:55:16,2018-05-10 14:06:00,2018-05-16 13:12:51,2018-05-25 00:00:00
af85e6e8c9f67f653b51429df7839001,b704f6bff2b0add361439bc7ff6891b9,delivered,2018-03-06 14:22:46,2018-03-06 14:35:46,2018-03-12 18:47:34,2018-04-18 00:54:22,2018-04-06 00:00:00
a4626ad7558acf9abc9358586c8bacaf,72a8c8c545a738708b9b28ba80f586f6,delivered,2017-12-01 11:52:41,2017-12-01 12:31:28,2017-12-07 20:23:10,2017-12-28 00:30:10,2017-12-29 00:00:00
ae51637de4a4424c759ab8b2c4279310,7ba7d0e0202fc622e5b327fdb02434c0,delivered,2018-07-18 23:52:11,2018-07-19 00:05:32,2018-07-20 14:46:00,2018-07-24 17:49:58,2018-08-01 00:00:00
9a22906fa846451c54fca825591c0577,731ab8b73356171649cb8ed97ee1c99f,delivered,2018-04-20 11:03:47,2018-04-20 11:15:16,2018-05-07 14:43:00,2018-05-11 12:08:54,2018-06-01 00:00:00
17ae981255b9bbb1d37590db2402ab87,62083b197f7d21df53008776543873ba,delivered,2018-04-16 10:58:51,2018-04-16 11:11:31,2018-04-16 20:20:55,2018-04-17 11:32:34,2018-04-26 00:00:00
904122dde5546809eb8058e42e976ef1,79e685c7b24294ea3ef5043b2a5e2300,delivered,2018-03-24 09:59:59,2018-03-24 11:41:02,2018-03-27 23:54:44,2018-04-05 14:22:40,2018-04-18 00:00:00
e3329a89dc0bbed6dd9a3df80f452eb2,6eda8b6897009af449a490b86f154f42,delivered,2018-07-19 20:41:09,2018-07-19 20:55:27,2018-07-20 13:25:00,2018-07-27 14:52:38,2018-08-08 00:00:00
1a329557d7819d901a3b2cd102417f30,fcd51fd65ebb925e95e4874aded9cabe,delivered,2018-03-04 10:44:52,2018-03-04 10:55:33,2018-03-05 17:17:22,2018-03-19 23:32:02,2018-03-29 00:00:00
189b3afbf782ff8ab44477e006153155,9ec7a3fd9d3597aff2900e7a102f3653,delivered,2018-02-11 19:42:18,2018-02-11 20:20:19,2018-02-20 21:07:26,2018-03-05 15:52:32,2018-03-09 00:00:00
0651282cd5dd7e7103729d800b143334,bcdec9d721222854e2bca0c80c9980b3,delivered,2017-07-11 21:12:51,2017-07-11 21:45:12,2017-07-12 16:18:26,2017-07-25 19:27:55,2017-08-04 00:00:00
809502db5eb0c22781dbd4d0c3ffbac3,6b49b757233034eabd75e303968f8d62,delivered,2018-05-04 17:00:27,2018-05-04 17:10:27,2018-05-07 14:34:00,2018-05-14 13:54:22,2018-06-13 00:00:00
522bab90fe99c54a1892e812870ce221,1846f6ff0a0cc9bee5306bae11fcb681,delivered,2017-06-06 10:23:53,2017-06-06 10:35:15,2017-06-07 14:56:45,2017-06-13 11:59:59,2017-06-27 00:00:00
1c72f6c4fb7c7f004287761dd7fa32aa,17b0e9829728899569d2b8bee6a124d8,delivered,2017-02-09 21:56:57,2017-02-09 22:05:23,2017-02-10 11:24:22,2017-02-16 09:28:41,2017-03-10 00:00:00
0f91c3ff994b282ce8c7fed21df7c678,5a27d245f4b5f27d2c9d26494ddfbbfe,delivered,2017-11-30 21:12:55,2017-12-02 02:37:09,2017-12-05 16:18:57,2017-12-06 15:07:33,2017-12-18 00:00:00
8e44776431d64c356d997ac00b74fcb7,fd8cd2759780f318fc3f5b9856cad495,delivered,2017-11-14 11:28:24,2017-11-15 02:46:18,2017-11-16 18:04:55,2017-11-21 17:22:50,2017-12-06 00:00:00
e1e51d84ada825cd2396a682884d7c5c,cdca899d14be512725f07274e28cb584,delivered,2017-11-25 17:45:40,2017-11-25 17:54:39,2017-11-30 15:05:46,2017-12-05 18:32:48,2017-12-15 00:00:00
a78cdda0b536155a210b115c530b1964,c06176336d389d51bdf77d87e4da8f6d,processing,2017-05-22 13:41:03,2017-05-22 13:50:24,,,2017-06-21 00:00:00
94d319613cd8c3813cf10449f6049e18,5d31ddffc029174e9dac6e1fdb4f75a7,delivered,2017-06-19 13:35:55,2017-06-19 13:50:08,2017-06-20 14:54:24,2017-06-27 15:19:41,2017-07-07 00:00:00
3b37c28e5a147931346414ca89db2978,244ff6bb69eb5abd32b5598bec40cc82,delivered,2017-07-12 16:29:12,2017-07-14 02:24:45,2017-07-14 20:25:26,2017-07-22 12:13:36,2017-08-01 00:00:00
8d994f4a7b065361eaddea05bd528909,a70fd3823ab6ab1e61ed9d12694177c2,delivered,2017-05-02 23:32:01,2017-05-04 02:50:13,2017-05-12 10:17:53,2017-05-25 09:28:54,2017-06-02 00:00:00
9a31fd9d697e9670777501f720773fd9,c0a4ca941f313300f1694f4ab73b3651,unavailable,2018-02-15 19:40:00,2018-02-17 03:47:14,,,2018-03-23 00:00:00
4be5f1347b9a783d77d8a9f5af069886,79859d97de80e479995cf1353d51dabe,delivered,2018-02-21 21:18:37,2018-02-21 21:29:19,2018-02-26 21:25:04,2018-03-06 16:48:43,2018-03-16 00:00:00
073049331da5458f61598e5d221f4928,b223b44714378dd59b2e92910714f19e,delivered,2018-05-15 09:39:35,2018-05-15 11:31:37,2018-05-15 14:03:00,2018-05-22 18:12:07,2018-06-08 00:00:00
c08dd05931abd8cb08aad3d31e39bfed,1ecb47d23dc8203cd101549966ee942b,canceled,2018-02-22 20:16:43,2018-02-22 20:28:50,,,2018-03-21 00:00:00
3e6bf80e5361b0fd113b9185bf09d8d0,e072b019a16fd3b5bb52d26359902a4b,delivered,2018-01-24 23:18:19,2018-01-24 23:32:45,2018-01-25 18:14:27,2018-02-05 23:11:36,2018-02-23 00:00:00
a9cabf6172d0b9bf7909cd1235499fa0,a12ac3fe0ed76458dba0379ffd5fa972,delivered,2017-04-24 21:52:20,2017-04-29 23:32:38,2017-05-11 11:51:07,2017-05-16 14:43:11,2017-05-17 00:00:00
33cb922ef5a6167e70184dafbf013670,87e15e07277a925bc1695689f2401711,delivered,2018-03-27 12:35:35,2018-03-27 13:07:27,2018-04-10 01:14:36,2018-04-12 19:28:25,2018-04-24 00:00:00
b525cb89f39363a599eef15755cf73dd,0e820add2684b6f6b9c9deebb7fe5766,delivered,2017-10-15 19:10:32,2017-10-18 03:27:05,2017-10-19 17:30:03,2017-11-07 22:35:42,2017-11-09 00:00:00
f52770381c11ff33137e243fc4e3a7af,eae76d09c9a029b49fc5643c30664ab0,invoiced,2018-01-15 17:37:28,2018-01-17 03:34:27,,,2018-02-06 00:00:00
75a9fc924db699a13c8d6176c3b16a61,a4f28ed68b2f9af8945705a5b6a6703f,delivered,2018-06-13 12:48:42,2018-06-14 13:00:07,2018-06-15 07:47:00,2018-06-21 18:23:42,2018-07-05 00:00:00
2fecaf598801440c691c00e5f378d0b2,4838d27fe53346a026298cb930544e69,delivered,2017-12-11 18:34:11,2017-12-13 07:35:28,2017-12-15 15:08:59,2017-12-18 18:47:19,2017-12-28 00:00:00
9a768a8d504ada830b38d678f12d972e,c2947e56dc5c90920aacae61cca36845,delivered,2018-02-19 16:29:09,2018-02-19 16:50:35,2018-02-21 19:47:00,2018-02-23 23:17:34,2018-03-05 00:00:00
8d3cd96a636e59a3a47b52cedd6e9bbd,433d2182c7ede2cd82ab34f10ba26e2e,delivered,2018-06-20 14:48:16,2018-06-20 15:19:11,2018-06-20 15:18:00,2018-06-26 23:51:00,2018-07-18 00:00:00
46725d773b27a905cf629f60fa30762e,2bb81ff61b4291a4a14f17a9132308ee,delivered,2017-11-17 19:55:32,2017-11-18 02:15:27,2017-11-20 20:22:10,2017-11-27 22:10:36,2017-12-08 00:00:00
6ad8c6d48181888c8e70e7d65b0508d7,52795c832b0d1110c039ac511aa5e5f5,delivered,2018-07-12 20:02:32,2018-07-12 20:15:20,2018-07-18 13:36:00,2018-07-24 19:08:39,2018-08-03 00:00:00
a77696c7b42da1121205a92ddae7b5c7,93b888a330b974d20e5e75eecbb3c6d0,delivered,2018-08-10 12:09:09,2018-08-10 12:24:53,2018-08-13 14:52:00,2018-08-14 20:08:59,2018-08-23 00:00:00
96ba203b82627b53d6797d030b330274,0641f390b82e408dd226cd5e98327258,delivered,2018-03-20 09:16:50,2018-03-20 10:15:32,2018-03-21 19:06:36,2018-03-26 15:41:20,2018-04-06 00:00:00
3a65b9bc5c2434a4c2675629a610d768,129a8d86ce85eb3406dcfa7d7dcfe22a,delivered,2018-04-03 15:38:25,2018-04-03 17:10:43,2018-04-05 00:17:43,2018-04-07 15:17:24,2018-04-13 00:00:00
42e548c44f26b8bd3f4d885fcb0d88a4,54f882decb40c19510992ac57e00287b,delivered,2018-07-18 17:59:22,2018-07-18 18:10:25,2018-07-19 11:48:00,2018-07-24 21:24:38,2018-08-06 00:00:00
ce66c6a0f60005b066500b1e8f467071,3cf2fbdc84deff5c5921e29c63678c8b,delivered,2018-06-01 15:23:17,2018-06-02 11:11:10,2018-06-04 15:04:00,2018-06-08 20:02:55,2018-07-16 00:00:00
0f548bd29148ebc519d6495e37a284e1,015faf9ec36eccd957c0f2782aab09a4,delivered,2017-09-03 08:06:30,2017-09-03 08:25:50,2017-09-04 22:03:06,2017-09-08 16:26:55,2017-09-27 00:00:00
de15fbaac5e9c765778cc4c6875f183d,93bd1798196b062dcad1fad2d80b6357,shipped,2018-03-28 16:46:18,2018-03-29 03:15:37,2018-03-29 19:58:57,,2018-04-20 00:00:00
6f1a557c6045fc877a74713dd8a7399e,245b9846289a6fed5a08328a36122dc1,delivered,2017-04-22 10:16:29,2017-04-22 10:30:16,2017-04-25 11:06:49,2017-05-04 12:56:28,2017-05-15 00:00:00
445f70d8cd0cc47a45c806cf81e37b61,fc9a346aec07e5e6c9e6cd469aaba8a7,delivered,2017-10-22 09:26:08,2017-10-22 09:49:13,2017-10-23 19:25:44,2017-10-31 18:04:03,2017-11-13 00:00:00
8c470b0e73454784ae5e97ffa3e6f7c3,9ddaf1f0a04405bffe435c1bc24be999,delivered,2017-12-28 16:36:34,2017-12-28 16:47:22,2017-12-29 17:22:44,2018-01-04 23:09:24,2018-01-30 00:00:00
93d8685fec4218f06bf202723dc1da52,3c71dc159116331b7643d296a921f725,invoiced,2017-02-21 21:17:48,2017-02-22 03:22:38,,,2017-03-22 00:00:00
b4b01ea85163a8eb27d0be6bec949731,eca416d9a985b904572b57b4f78fa863,delivered,2017-12-03 19:08:41,2017-12-03 19:18:20,2017-12-04 21:07:42,2017-12-21 22:23:25,2017-12-27 00:00:00
539087d16a54354cfd81aabbedbd7f63,4906273f1863aeb6e0da5908e33e8cb5,delivered,2018-02-21 11:12:57,2018-02-21 12:05:21,2018-02-23 23:33:50,2018-03-07 17:48:49,2018-03-22 00:00:00
2e233dded5d8af5e2baa5c1fca89a6c6,7f6cc609946a187554550e1a9192a46f,delivered,2017-12-06 14:37:35,2017-12-06 14:52:16,2017-12-20 18:59:29,2017-12-21 23:38:53,2018-01-04 00:00:00
94072af7dce5862d93084c2494df0a38,19d69d5009cad1024fa24c7acfde2268,delivered,2018-05-01 11:07:25,2018-05-01 11:36:15,2018-05-03 16:38:00,2018-05-10 18:29:53,2018-05-28 00:00:00
04c377db9e026afed8d38404a910c00f,40f1bbcb789024d217509ad89d2dd556,delivered,2018-02-18 20:18:36,2018-02-18 20:30:31,2018-02-21 18:27:21,2018-03-07 18:06:38,2018-03-16 00:00:00
3461745647fb12cf7450b0ca1df45286,0c3f40c66cabb9f44ca7431b719f37b0,delivered,2017-12-01 20:06:02,2017-12-01 20:37:20,2017-12-06 21:27:40,2017-12-19 13:47:44,2017-12-29 00:00:00
864a3b34b4e9cf8921cb17c78cf790ee,9dfda6f4234eb2949a188f44d489990d,delivered,2017-11-26 20:40:05,2017-11-26 20:53:27,2017-11-30 00:03:11,2017-12-14 13:53:59,2017-12-18 00:00:00
6cc093e3a5432dd810b3160fd965e76c,6f836162d2517fa99d38d418188dbce6,delivered,2018-05-17 16:11:38,2018-05-18 02:14:28,2018-05-18 13:36:00,2018-05-28 19:21:51,2018-06-08 00:00:00
7349428ccc1c563f452b351a461aeb09,099d4294d899dbebe71857546475ddcd,delivered,2018-06-12 12:21:17,2018-06-12 12:44:24,2018-06-12 13:50:00,2018-06-20 16:32:55,2018-07-13 00:00:00
062f0992a050330334749ffa530fa796,1f49021da1642fde361de30ee4f1c935,delivered,2017-01-27 16:55:48,2017-01-27 17:30:38,2017-01-30 08:27:48,2017-02-10 14:09:05,2017-03-17 00:00:00
5325c0655c8fabfab6654453c2265397,e97e0db2765185fa3e186bb32344aa15,delivered,2018-04-29 14:47:21,2018-04-29 15:10:26,2018-05-11 15:36:00,2018-05-15 21:38:36,2018-05-22 00:00:00
ed618f64e1dcd86615595645269fc0f2,98633d385a625996e77868705db2169f,delivered,2017-02-12 21:47:21,2017-02-12 22:02:57,2017-02-13 15:40:51,2017-02-16 14:54:38,2017-03-14 00:00:00
d7203e6dcc106b75d1515673a179c873,25de11a0b7d4652627ec27a1dcbf1dc8,delivered,2017-09-24 21:01:04,2017-09-24 21:15:09,2017-09-25 19:57:47,2017-09-28 18:18:59,2017-10-24 00:00:00
9bcb423a861c6d643c7ce87c0cf4c7c1,b6eb6daeacac75cd1cc29c5f95a9f538,delivered,2018-08-03 13:56:49,2018-08-03 14:10:14,2018-08-13 14:45:00,2018-08-16 23:52:34,2018-08-21 00:00:00
77d5d33e7905054cee0bdb3dbebe4f1c,b4b70674594bffa85de4fa07e9413a23,delivered,2018-01-13 14:28:16,2018-01-13 14:39:29,2018-01-16 20:27:08,2018-01-26 11:25:12,2018-02-05 00:00:00
9dcd4c42eb5a67201aaeb894461bab83,34aa9b747ada10d1a37c7efd209f31d6,delivered,2017-11-12 10:46:57,2017-11-12 10:55:37,2017-11-14 16:18:59,2017-11-23 18:38:48,2017-12-12 00:00:00
16b14bdbbefd9bb58e110074fca00bc5,583483c4d60ab300ed89f4c905bba728,delivered,2017-08-02 21:40:18,2017-08-04 02:30:22,2017-08-07 17:41:57,2017-08-10 16:43:41,2017-08-22 00:00:00
052ef5dcbed8fd1d4d01ba597103168e,7972adc90c55b1426a19d090b47a8a1b,delivered,2017-11-12 00:03:36,2017-11-12 00:36:13,2017-11-14 16:15:57,2017-11-20 19:38:54,2017-12-05 00:00:00
98991dc034323e310fdd97b8af6064b0,85db3d57353cb12f8ccf1140ea473082,delivered,2018-05-08 12:12:30,2018-05-08 12:29:44,2018-05-09 10:13:00,2018-05-14 17:58:16,2018-05-22 00:00:00
9ab2cf8063bac26a51227f2ebe58a554,61999ea0577a957d34dfa9728c1ba783,delivered,2017-05-11 18:01:55,2017-05-11 18:15:22,2017-05-12 14:47:58,2017-05-24 09:39:34,2017-06-06 00:00:00
8ba38eb02a4a3e3b991c454cff9c9f39,45974b86bbdb40023640776aaa340a5e,delivered,2018-05-25 23:56:57,2018-05-26 00:18:24,2018-05-28 15:12:00,2018-06-04 18:18:33,2018-06-28 00:00:00
bab00350f5ef0c26654bc8eb1b90ea9f,fff0f9fbcdf9cfe4d9328bd3a7af71d7,delivered,2018-02-17 12:21:28,2018-02-17 12:30:31,2018-02-27 22:35:12,2018-03-19 22:16:51,2018-03-23 00:00:00
43e917b2a146846aca9fd484d407e819,cdccde3af7d3ab7c161edc216aec8f95,delivered,2018-03-11 21:10:19,2018-03-11 21:30:28,2018-03-13 22:41:50,2018-04-07 14:36:39,2018-03-28 00:00:00
3a04af7ae8cc442a2dad55dec73fb2e6,8c7e3a1391467f1e46bade4b8cb8484d,delivered,2017-09-27 08:25:17,2017-09-27 08:49:19,2017-09-29 09:50:57,2017-10-05 18:21:57,2017-10-24 00:00:00
33a5adbe3c5999ca418351ca4cd8bbdc,b77e938de842c3d2122d4e36db72d743,delivered,2018-02-26 20:43:12,2018-02-27 22:35:32,2018-03-02 00:08:36,2018-03-29 18:22:11,2018-03-19 00:00:00
9c9373d4b368de80c20e6a2ca4a43904,ef09439e943cc62d43a77aa04f6da1ed,delivered,2018-08-11 21:25:19,2018-08-11 21:35:14,2018-08-13 15:03:00,2018-08-16 21:21:32,2018-08-22 00:00:00
278eb11fd9e41e960e36e311d4249665,cf521179de3b4adb73fbcbf7fcb5128c,delivered,2018-08-11 19:12:19,2018-08-11 19:25:10,2018-08-13 21:31:00,2018-08-16 11:46:42,2018-08-21 00:00:00
99370b8fb4593d0cff3e39579b993dfc,a361e2434dabd79b7882cff0c9b7f418,delivered,2017-10-09 13:22:17,2017-10-09 13:35:23,2017-10-10 23:12:50,2017-10-18 01:22:20,2017-10-27 00:00:00
f9f6e986125412f95569a18406c749f0,6fa1e8de9cfd0b20e7328bce6789facc,delivered,2018-06-15 00:25:25,2018-06-15 00:58:11,2018-06-15 10:34:00,2018-07-02 23:42:00,2018-08-01 00:00:00
032ba6b521e033ef4b05f4bbb4e30100,b72b72071e374566785cc845ec347345,delivered,2018-03-09 13:08:48,2018-03-09 13:28:37,2018-03-12 18:32:54,2018-04-04 01:04:51,2018-04-11 00:00:00
8b96bc34084e85c00077915a55fa93f7,92c291fb956084c69f94b7fedcac307a,delivered,2018-02-14 23:20:55,2018-02-16 07:50:47,2018-02-16 17:49:34,2018-02-17 15:58:59,2018-03-05 00:00:00
c16b2f87363358424fc62869aa07cb97,30d611c4fea5d7d5b2881c107627cfd3,delivered,2018-05-14 20:50:00,2018-05-14 21:18:23,2018-05-15 13:14:00,2018-06-05 15:04:12,2018-06-08 00:00:00
7abe0cad12e4aec0091551e7153275d3,efb3b5c4e83dab1cc1a1d656d0dab1b2,delivered,2018-07-29 07:42:55,2018-07-30 08:31:30,2018-08-03 13:08:00,2018-08-16 17:42:07,2018-08-14 00:00:00
b1ff76b779af8040fa4c9f78afe180a9,f6ac4d64f4c7a9950486003b8bebb2bc,delivered,2017-06-19 12:32:21,2017-06-21 02:23:04,2017-06-26 08:59:54,2017-06-27 12:12:33,2017-06-30 00:00:00
9e4490f14f9c72dc40d107d497fa7573,60631e57e82948629e88dc2599c8df8e,delivered,2017-03-22 15:56:01,2017-03-24 01:42:51,2017-03-24 16:03:38,2017-03-31 16:58:12,2017-04-10 00:00:00
b5ec211e31904eeec6f1dfc6f18c2520,c74b0208ec9a9f9f9d1e578357439b0f,delivered,2017-12-02 15:55:49,2017-12-02 16:17:34,2017-12-11 20:42:35,2018-01-08 21:45:22,2018-01-02 00:00:00
84f72613dabd8b11141ae6e2710c413c,c5ad72b2f05ae78bf8e25ff9865d6e2f,delivered,2017-03-06 07:36:04,2017-03-06 07:50:10,2017-03-08 14:23:58,2017-03-10 10:23:37,2017-03-23 00:00:00
4094718231b77af3cc0b3916449a1704,2ac3946a9c8bf23c3734a24e4fc29044,delivered,2018-05-10 22:55:57,2018-05-10 23:11:09,2018-05-11 12:15:00,2018-05-14 20:58:32,2018-05-24 00:00:00
3ac0423d1e7e335f83c8fa3600ae47d7,90b628e6e1e90b38b06cde74092a0ced,delivered,2017-02-14 17:04:00,2017-02-15 17:10:12,2017-03-10 05:02:49,2017-03-29 18:53:09,2017-03-15 00:00:00
ae2882361453fcb73c3b3fcca0eb9a62,b0792b7825124460d0e85e6b9ba0661d,delivered,2017-11-15 21:57:32,2017-11-15 22:11:51,2017-11-17 20:12:53,2017-11-28 20:24:03,2017-12-08 00:00:00
c8f3878880e3fbd29d201ad4b47f9b81,cf30ec80d5f3e4331573ba20edc78f45,delivered,2017-10-06 01:07:15,2017-10-06 01:24:59,2017-10-06 20:08:57,2017-10-09 19:25:59,2017-10-30 00:00:00
d6d81bd1355195a80011c4040eddd98a,618a7b555a9053cad4401a556694b649,delivered,2017-11-09 17:24:48,2017-11-10 03:28:04,2017-11-14 21:56:59,2017-11-23 17:53:47,2017-12-05 00:00:00
b0459878e11dcfafd042b81083011548,594b34fd289ad46d208bbcf008762642,delivered,2018-03-02 17:38:17,2018-03-02 17:50:36,2018-03-05 22:21:58,2018-04-05 19:58:53,2018-03-20 00:00:00
b6adeda1430443497b0126dd0877e7c1,1c78a9d0b5bcf38712fb4465d10d83fa,delivered,2017-05-26 11:15:31,2017-05-26 11:25:13,2017-06-09 14:07:34,2017-06-14 14:44:03,2017-06-08 00:00:00
9b4115e477837d876755fb7982d10be6,eb99eaaa3f61bd19664639eaf9be9c7a,delivered,2017-11-30 16:11:39,2017-11-30 16:18:21,2017-12-05 21:41:27,2017-12-15 17:47:15,2017-12-28 00:00:00
8d41c947e6def3996090e6d5944bc669,ae5c17051567f23d9159d13e095a9440,delivered,2017-05-29 12:12:50,2017-05-29 12:25:44,2017-05-31 14:50:01,2017-06-05 10:32:45,2017-06-19 00:00:00
ea63d003e45a23a57429b135d4595111,fd068bfce22569bae3f1829bffe0782d,delivered,2017-11-04 11:48:43,2017-11-07 07:30:47,2017-11-07 20:54:49,2017-11-08 23:04:24,2017-11-17 00:00:00
59d30d600974ba0320ff55e66d6bc67f,f806090d1d5bd75e986ce533ab850086,delivered,2017-09-24 19:36:25,2017-09-26 03:28:19,2017-09-26 19:53:11,2017-10-03 21:22:41,2017-11-03 00:00:00
ba6a857fd86ca12d49fd79c0d354aa0e,598d3839f11db213a5be6bcb757bc3bc,delivered,2017-12-07 05:43:31,2017-12-07 05:52:24,2017-12-07 19:03:49,2017-12-20 19:29:20,2018-01-02 00:00:00
2ac64848de25f6d3a625d04e3ba740ce,560dc36db8afa12a1eb66f16ebc91f69,delivered,2018-02-03 12:31:18,2018-02-05 11:30:07,2018-02-06 17:08:58,2018-02-20 21:23:07,2018-03-06 00:00:00
b1997cc3c923edc41f7077c64c6309be,5c5ef261a2d3c2bc6221ec5986bbb5f9,delivered,2018-06-07 15:52:19,2018-06-07 16:21:03,2018-06-08 09:58:00,2018-06-15 19:42:03,2018-07-11 00:00:00
126da462f642d99483c0691ac474c783,160ac713dfef7d7f57a0f61d8a0df5b4,delivered,2017-01-27 12:54:57,2017-01-27 13:31:02,2017-01-27 13:48:14,2017-02-03 16:14:53,2017-03-02 00:00:00
af209eb4f7a3bd965aced8fe559ccd3b,7bdc1d4c549246678e5b86ab4f8e3bc5,delivered,2017-09-09 20:06:48,2017-09-09 20:23:29,2017-09-12 22:32:25,2017-09-22 13:07:04,2017-09-28 00:00:00
88fe6c8d13fac8f0541f004562843994,3c300c979203f90dbe68b3434e8f4dc0,delivered,2018-07-18 16:28:04,2018-07-18 16:35:24,2018-07-24 14:14:00,2018-07-28 01:51:56,2018-08-03 00:00:00
bbefeab68749f74e42e52dc3bea0a79e,393465ffb9011b6c69b7364328fd9044,delivered,2018-01-18 15:53:05,2018-01-18 16:16:18,2018-01-19 21:52:19,2018-01-23 15:31:29,2018-02-02 00:00:00
24d08d0facbf7421b1d443d2c5430341,245ac221698f99186462019eccbcf736,delivered,2017-11-30 13:30:59,2017-12-01 11:32:06,2017-12-01 19:22:41,2017-12-07 15:18:28,2018-01-04 00:00:00
d53f2f6c0bd9152936601ea9590e1840,a3f74d8df2b8fa6182979d531f71c2af,delivered,2017-05-17 00:39:35,2017-05-17 01:25:24,2017-05-18 08:37:47,2017-05-24 09:12:57,2017-06-19 00:00:00
27ab6a5caefe5efccdf548c79bf54a25,dea102b8f8c56987c4c64f27a5f8dc5c,delivered,2017-06-23 13:56:25,2017-06-27 03:55:21,2017-06-27 08:59:20,2017-06-28 12:06:11,2017-07-13 00:00:00
5913c96e255e41e1a9ed2fff46dfc552,c1b5229b87a52440b2c3eca86b14ef94,delivered,2018-08-10 20:58:54,2018-08-10 21:10:17,2018-08-16 16:42:00,2018-08-29 15:03:59,2018-09-06 00:00:00
60c2fd4bd6d23ab4fa7a910b61dac591,f50ad8aad42ad296a4604a07de96b236,delivered,2018-08-04 14:23:25,2018-08-04 14:35:16,2018-08-06 12:21:00,2018-08-09 00:51:16,2018-08-13 00:00:00
2ac1684c63240e84f365eb4527972278,bd6487cd55e5619a07823b9f68f2feef,delivered,2017-11-25 01:23:17,2017-11-28 02:59:39,2017-11-30 21:42:14,2018-01-08 16:13:50,2017-12-22 00:00:00
fe451ba1809fbc234c68216803496d39,b809f3ddc7909525d24c851b9582cb47,delivered,2018-01-08 23:26:52,2018-01-08 23:36:21,2018-01-16 01:19:41,2018-02-06 19:39:49,2018-02-14 00:00:00
dd38e6620e0995c23a9f4c9c71dbdc1d,adcb313ceaacab871bf8ff21a49108d6,delivered,2017-11-14 14:28:05,2017-11-14 14:47:52,2017-11-17 16:02:54,2017-11-21 17:21:40,2017-12-06 00:00:00
768a7c234c6cd1715bde13496e5cfc26,af638847a50c6199479a15a219e1fa53,delivered,2018-02-20 23:28:18,2018-02-20 23:35:34,2018-02-22 00:15:17,2018-03-05 17:15:46,2018-03-26 00:00:00
d86e65a13d3e7a90d876cb6b9064f1ac,2f68abf93405bd413b5007660467e113,delivered,2018-08-06 15:48:15,2018-08-06 16:04:46,2018-08-13 10:25:00,2018-08-15 01:18:35,2018-08-15 00:00:00
1394e025297d62db2c4e7b15df476489,5ccb7016717e893a8283c17feedf72ad,delivered,2017-10-31 11:39:47,2017-11-01 03:10:13,2017-11-01 21:13:40,2017-11-07 19:16:49,2017-11-14 00:00:00
c557060689aaaae43b1c0369e2a1e221,74d10546f9168d9187c25bbf83a29833,delivered,2017-11-20 10:59:16,2017-11-20 12:11:30,2017-11-21 12:38:47,2017-11-29 14:43:56,2017-12-07 00:00:00
d318b7f49be14ab25218a6914acc404a,a642a541c31931ec96b37ddef53a25c4,delivered,2018-08-05 18:05:28,2018-08-05 18:15:20,2018-08-06 14:50:00,2018-08-10 22:55:33,2018-08-21 00:00:00
9f152df03010e6512d7911ee3d51a2de,64d06911ac36740bc541f066981944e4,delivered,2017-12-01 10:05:53,2017-12-01 11:31:06,2017-12-05 19:22:12,2018-01-06 03:33:26,2018-01-02 00:00:00
39f7f311dd99e8f71f8d16bda3c615ad,9f645fa658613288487fd65c3dc104ca,delivered,2017-04-05 12:52:30,2017-04-05 14:02:26,2017-04-06 13:01:06,2017-04-12 15:08:43,2017-04-28 00:00:00
06c04e62348d799e4c410955a5b5ac54,c1a9d5a084a721697ebe582112bb7537,delivered,2018-05-16 12:50:33,2018-05-16 13:20:11,2018-05-17 13:52:00,2018-05-22 20:49:29,2018-06-07 00:00:00
1bb21849ba48d381c52bcc9426f28051,f96b1ea5b94b1f78d8dfc90b9c79866e,delivered,2018-08-11 10:48:51,2018-08-11 11:04:38,2018-08-15 13:08:00,2018-08-20 15:12:03,2018-08-24 00:00:00
aef24fc9e8f2acb0fd975391c6be7ff5,10bbc2e28e8d9aada22254f4d45a9fd4,delivered,2018-06-09 19:33:06,2018-06-09 19:50:51,2018-06-11 14:08:00,2018-06-16 12:51:38,2018-06-29 00:00:00
afed0d88ec7753e7be8744bb66e860d1,b1253701171dfb298f52a221f824e45b,canceled,2018-08-02 15:23:07,,,,2018-08-20 00:00:00
ef9436d5d8ad55bb0f9dc670d8391ee8,17562a579c67ad790469c2670d668574,delivered,2017-11-28 18:39:39,2017-11-30 02:20:50,2017-12-01 15:53:59,2017-12-09 14:08:58,2017-12-27 00:00:00
7d9ccfd5b1183560523d8351e2e22aa2,4b6204272cd5f2e9c0b13cdb47fd3c8e,delivered,2017-09-19 23:01:38,2017-09-19 23:10:22,2017-09-20 19:47:49,2017-09-25 21:22:14,2017-10-11 00:00:00
f090de1b2ed9f4e251662cb31e3c7127,ab2b94cec822788e131f15e0033544cf,shipped,2017-02-22 10:10:52,2017-02-22 10:22:31,2017-02-23 18:47:51,,2017-03-23 00:00:00
73d7cec3155fd7d97f4e7bd0c996002e,167f125b0d662c28bb27ee76de59b079,delivered,2018-02-07 09:02:12,2018-02-08 07:49:51,2018-02-08 23:44:45,2018-02-19 12:48:54,2018-03-08 00:00:00
f29cc3f249ead9567a70f592ac61f051,dc6c74aedc9324030804b25fa1021b17,delivered,2018-06-27 12:45:26,2018-06-27 12:55:31,2018-06-28 14:13:00,2018-07-03 18:43:31,2018-07-23 00:00:00
850d4ef35655e814bf267b10bbd03b3a,93b78af37ecea7e653b2f5dde69ed23a,delivered,2018-07-24 11:15:32,2018-07-24 12:00:07,2018-07-24 12:48:00,2018-08-01 00:58:32,2018-08-21 00:00:00
2543c6a3c6b09c5f720768e3d6f464d8,6dd9ebe0e071f399326ed3c8ff74316a,delivered,2018-06-24 02:29:34,2018-06-24 02:57:20,2018-06-25 14:13:00,2018-07-03 17:51:30,2018-07-30 00:00:00
8bc4d5f37009b2f896e60ebbdef6993f,1cd89fa8c8e91231c0c1a15165f668df,delivered,2018-01-11 22:24:15,2018-01-11 22:31:35,2018-01-13 02:33:22,2018-01-22 16:42:42,2018-02-06 00:00:00
5c71ea0184088e38bb96418275b4fef3,a57b48bc16792fa6094d5c839ca7d653,delivered,2018-03-23 06:58:55,2018-03-23 07:10:33,2018-03-23 20:26:24,2018-03-26 21:21:51,2018-04-05 00:00:00
c4c6ad1225b0e8f8c23aaf36a96431b7,1f7c9b36c4bfd9aa8a08226240efc406,delivered,2018-02-14 19:37:51,2018-02-14 19:50:29,2018-02-16 12:37:56,2018-03-15 15:40:34,2018-03-09 00:00:00
461b40d4fc35428f6d7f4df87ae2b5b5,2b3a8cb14fc68a1f8670ffe4e22065df,delivered,2017-08-15 22:00:18,2017-08-15 23:55:20,2017-08-16 22:10:09,2017-09-19 14:42:17,2017-09-06 00:00:00
11b5d728cf646933ec26e0457f67890d,8dea027e557eebfe8df6a9878b440468,delivered,2018-06-25 19:16:22,2018-06-25 19:42:07,2018-06-26 12:18:00,2018-06-29 18:46:47,2018-07-23 00:00:00
47f5956f0545ab50be4333cf70997aec,7c8ff94d316346a637130db994d25a38,delivered,2017-10-16 19:39:16,2017-10-17 04:25:07,2017-10-17 14:38:42,2017-10-30 20:36:53,2017-12-06 00:00:00
94726dd6ee359e6b201305165dac1d5b,f766d9a5d297c1426e53c4301ddfab23,delivered,2018-01-07 23:00:19,2018-01-09 07:16:39,2018-01-16 22:15:18,2018-01-22 16:10:06,2018-02-08 00:00:00
704ee0cb53db0aa5d0912298dd0e0c16,c4d805caf1414578f8c018e436f2ae77,delivered,2018-02-05 12:46:57,2018-02-06 12:52:10,2018-02-06 22:05:03,2018-02-15 15:27:55,2018-03-01 00:00:00
d35cead7fec778d8d6d84650399972ed,0aa6cab885100eaf269905dc7e8f5b93,delivered,2017-05-13 18:49:33,2017-05-13 19:02:31,2017-05-18 11:17:47,2017-05-24 17:18:07,2017-06-02 00:00:00
012248555cb0bf51df99199cef81d562,c1d8a080ff171328688530727dc4e026,delivered,2018-02-01 17:31:00,2018-02-01 17:52:56,2018-02-02 23:42:10,2018-02-17 18:39:08,2018-03-02 00:00:00
f6d067206524168938aa5ef598260e4c,f70db3370240ee4cf3dc237b7527a1bd,delivered,2017-07-02 20:42:50,2017-07-02 20:55:15,2017-07-04 13:07:36,2017-07-05 15:06:48,2017-07-18 00:00:00
347bc8940faceaaebb95b13bd9f497b4,2512566f876344aa76171ff2fb134b98,delivered,2018-02-10 20:36:35,2018-02-10 20:50:27,2018-02-15 16:28:48,2018-02-23 23:17:08,2018-03-16 00:00:00
7040e508843c4a26cb6fe367c92ac095,30bf893018e91309b87a1beba9915f56,delivered,2018-05-05 19:51:16,2018-05-05 20:13:12,2018-05-09 13:28:00,2018-05-24 12:21:27,2018-05-30 00:00:00
4932f0177140a9a8b32264ac6f41ac5f,da60a83676f4f423d010e046d2e19638,delivered,2017-04-14 22:28:12,2017-04-14 22:42:13,2017-04-17 09:42:59,2017-04-30 08:15:54,2017-05-10 00:00:00
50a58980b691ff7dee971df1e77476e6,dd92455fa493b7eeaa6a3369589cc4ae,delivered,2018-06-19 20:09:00,2018-06-19 20:38:30,2018-06-20 13:48:00,2018-06-27 16:08:56,2018-07-16 00:00:00
4f10217309e749b2c974370ca1f4d36e,9f0cb6ef09f0c4373e8713cd9bbb7673,delivered,2018-05-29 16:52:37,2018-05-30 02:32:00,2018-06-05 08:32:00,2018-06-07 22:22:07,2018-07-03 00:00:00
c78339d47b843efc7ca04533d1848568,444d3e995b677340acd5c8785a4515dc,delivered,2018-04-11 23:14:26,2018-04-11 23:30:53,2018-04-12 21:38:42,2018-04-16 18:58:46,2018-05-07 00:00:00
3ca618a967a369a20ac5f2c4e00e151a,3de47730f7553f17b3e7bf5ea4934eb6,delivered,2017-12-13 21:24:35,2017-12-15 21:16:29,2017-12-21 20:32:34,2017-12-28 12:54:00,2018-01-17 00:00:00
ca7f087476abd2a0a52b29410dab0939,84004e88cd470bb72eb252f8c9553a66,delivered,2018-06-19 23:36:18,2018-06-19 23:59:45,2018-06-28 12:57:00,2018-07-03 16:38:59,2018-07-23 00:00:00
36e4e23cd12bdb0504acb89751e85bc8,a871b1ff77cfbc257daf33b34db71c76,delivered,2018-07-25 13:18:32,2018-07-26 09:15:15,2018-07-26 07:20:00,2018-08-17 19:29:36,2018-08-20 00:00:00
87c8ac1de72a771acb26702730aba866,5910297023a3745d6c6f4e455e4ceed3,delivered,2017-04-02 18:18:34,2017-04-02 18:30:14,2017-04-04 15:09:43,2017-04-12 13:41:44,2017-04-27 00:00:00
2f8d9d86fd227f6a31f766d1cc5ef2db,472b23eb25c3eded31d5b227dd6b8e1a,delivered,2017-11-19 21:47:02,2017-11-19 22:06:22,2017-11-22 17:02:13,2017-11-27 20:22:43,2017-12-12 00:00:00
94f07507c9b68ea4fd0a02fdba2a6fdb,446e65f5cfcd5e9c1f61d1fd818f490e,delivered,2017-06-28 09:53:14,2017-06-30 02:50:13,2017-07-01 08:19:41,2017-07-13 20:03:46,2017-07-31 00:00:00
aedce126de46f6e9cfc35a9083ac0c81,7ba7a7ead798304838e37ed1872dea66,delivered,2018-08-27 00:22:03,2018-08-27 00:35:09,2018-08-27 15:45:00,2018-08-30 01:51:41,2018-08-30 00:00:00
e7e3c259f44e9bca3fda8c9713ab2dcb,8f88e3417dcfb63db0105c0a02b1ee86,delivered,2018-05-15 21:41:14,2018-05-15 21:55:13,2018-05-16 11:20:00,2018-05-26 17:03:54,2018-06-06 00:00:00
50ef6a06a587a4f97f8483946c692e70,f4c1daadf5d94cf9f1fa530df0992dea,delivered,2018-07-28 13:13:21,2018-07-30 18:31:23,2018-07-31 13:16:00,2018-08-03 19:11:55,2018-08-23 00:00:00
ce648a016d0547e13c8cf94449256982,3b591652b5b59d3e035281d4597a81e2,delivered,2017-08-07 16:33:59,2017-08-07 16:55:15,2017-08-08 13:10:25,2017-08-14 15:17:25,2017-08-29 00:00:00
d07375cf3d3ef985a796fdf0b8e08f5d,b67aa5d466db9ba59c24d6bcf4dae6d3,delivered,2017-10-04 23:42:34,2017-10-04 23:56:13,2017-10-05 21:12:58,2017-10-11 18:13:22,2017-11-03 00:00:00
9488305b52042a978d3bf78cf94bcd54,562b21c5974cb8b0673cfe3729b68671,delivered,2018-05-09 10:35:30,2018-05-10 10:32:57,2018-05-14 14:33:00,2018-06-08 23:03:54,2018-06-18 00:00:00
4b18f35d97c3ba68a1034e92dce1a2e1,28894762f8e436444ad220a622378fc7,delivered,2017-08-21 19:15:48,2017-08-21 19:25:39,2017-08-23 16:41:52,2017-08-24 20:30:05,2017-09-01 00:00:00
15614845be2c250c8015bf509fd31b7c,48e28caac1de5529aa5f4fd77b556d37,delivered,2018-05-04 21:40:35,2018-05-04 21:55:11,2018-05-07 14:44:00,2018-05-10 12:22:56,2018-05-22 00:00:00
68354b9bbb79df0863b0138440c9e1b1,c86f7c54e57bc83cdfcb2406c144f038,delivered,2018-06-25 10:02:54,2018-06-25 10:15:23,2018-06-26 08:02:00,2018-06-27 18:06:54,2018-07-12 00:00:00
c785921c49242bfac499ee30c455154f,1234431d00a8ee163e2c58e7c699ff0c,delivered,2017-09-09 19:25:38,2017-09-12 04:45:38,2017-09-12 21:27:28,2017-09-29 13:10:18,2017-10-18 00:00:00
4b8343f1c0a8eaec620be378f9a580c0,dc0fe965592b8547fc22ddf2a96dceb7,delivered,2018-01-28 21:39:42,2018-01-28 21:58:08,2018-01-31 01:07:57,2018-03-01 01:09:37,2018-03-06 00:00:00
f4a9268b9d93be241636096dc063596c,2fb24078c13d0689c1a6812d0e36295c,delivered,2018-06-19 19:37:00,2018-06-19 20:16:21,2018-06-20 13:34:00,2018-06-21 17:36:34,2018-06-29 00:00:00
bd948f34444b602f314108a393c1f49e,baa600e4d9d98a86bd334869aeb7cf49,delivered,2017-07-12 16:37:28,2017-07-12 16:45:14,2017-07-17 14:30:10,2017-07-25 19:12:30,2017-08-03 00:00:00
76aa9d78a4f1594dcb28d8eca7734469,06479157217d318eb931662aa26919da,delivered,2018-02-15 08:37:32,2018-02-15 08:50:23,2018-02-15 21:47:47,2018-02-16 21:40:05,2018-03-02 00:00:00
dd3346a58fc7d6db3cb6f403c325ead9,8b1b6d1842a05d2dc378dc957c69998f,unavailable,2018-01-21 19:04:45,2018-01-22 13:57:24,,,2018-02-06 00:00:00
ebb499c608d356e59ebb827f62b25712,7a1cfeb806ebb04fca2103766f26e08e,delivered,2018-07-24 21:59:37,2018-07-26 03:24:27,2018-07-26 13:31:00,2018-07-30 15:07:05,2018-08-13 00:00:00
28d1591eef9b1432d512e34dc8b3a513,a3adb82d7e4a0657fd32f41e92610b59,delivered,2018-07-30 17:51:44,2018-07-30 18:30:44,2018-07-31 13:27:00,2018-08-02 01:21:37,2018-08-03 00:00:00
7a92d4bffc8f086e16f610875cee431b,8c79d93dd3718c97f2f4133f77c631fe,delivered,2018-08-19 18:54:33,2018-08-21 04:55:38,2018-08-22 13:07:00,2018-08-27 14:59:46,2018-08-30 00:00:00
7e8dc21f44e46302a51e046680bc6598,818b02531726186e24f2e19a6de1b712,delivered,2018-08-16 08:21:25,2018-08-17 03:31:01,2018-08-24 18:49:00,2018-08-27 16:20:57,2018-08-29 00:00:00
7bbb2b4fd60b56329b20353470ec4080,5569bcb7a89df3b049ddcbdd4d4b8542,delivered,2017-10-28 19:15:46,2017-10-28 19:30:49,2017-11-07 20:42:02,2017-11-16 19:11:45,2017-11-23 00:00:00
5515b7426241a23d6b10fa6d7a2ef720,a16a267baab51438c8d2bf09e1107105,delivered,2017-06-16 10:57:03,2017-06-16 11:05:19,2017-06-21 15:54:36,2017-06-28 16:22:24,2017-07-10 00:00:00
e36b28a5ad1829210ce96af49823ed25,20135d2f49c4381eb1f49f54d8b04485,delivered,2017-10-03 21:48:26,2017-10-03 21:56:32,2017-10-05 19:53:19,2017-10-06 20:28:05,2017-10-19 00:00:00
4ba6cf8c58812d65edc6a67cf37c4aeb,231db9149e36c4d25ca75472a9ea4335,delivered,2018-06-21 14:25:39,2018-06-22 02:37:00,2018-06-25 12:39:00,2018-06-29 21:21:30,2018-07-27 00:00:00
e7bd3db8abefd00235d14df8ab86abef,8275d796d34ee8410db22bcdb29ab461,delivered,2017-06-26 17:09:45,2017-06-26 17:23:28,2017-06-27 13:10:08,2017-06-28 12:13:57,2017-07-10 00:00:00
83f524dae71f9cada869247b753f2abb,b9609058c7950a7350e50f9b2d286bf9,delivered,2018-04-19 21:20:11,2018-04-20 07:51:29,2018-04-20 19:48:27,2018-04-30 23:28:29,2018-05-15 00:00:00
0e4ac54a7cda0d985d64f8cba6f963ba,8c9acc84819fd7854bc541472f3479ec,delivered,2017-02-05 23:17:55,2017-02-05 23:30:11,2017-02-08 05:34:59,2017-02-15 09:32:18,2017-03-17 00:00:00
20b7f7b396dbb6dab793709e4cd89aa3,749f8ac2121143cb343bc5b5767ee6e0,delivered,2017-11-24 17:09:59,2017-11-28 03:19:11,2017-11-28 23:36:51,2017-12-06 18:58:58,2018-01-04 00:00:00
b0af79ece367cf77bcdd30d4f824047f,6587753525bbc2a29ea190c160d0edc9,delivered,2017-11-27 18:01:20,2017-11-29 02:18:03,2017-12-04 23:18:48,2017-12-11 17:23:37,2017-12-20 00:00:00
bed5dfd1b6d819c52dbcf83071564974,aeba26a885fca6d1c3de0808d6ab999a,delivered,2017-12-16 14:52:52,2017-12-16 15:10:32,2017-12-19 02:05:06,2017-12-20 21:49:10,2018-01-09 00:00:00
50ef0803caecc37cffe206f09dbc70b3,3c80df07cebec87b189890f807670889,delivered,2018-07-16 23:53:40,2018-07-17 00:00:52,2018-07-17 13:33:00,2018-07-23 20:04:42,2018-08-14 00:00:00
e3352388edfd888eea554ed3c10eaef0,22e3f291b6673ef19eb92086a28cdba9,delivered,2017-12-26 13:18:26,2017-12-26 13:28:43,2017-12-26 20:33:08,2017-12-27 16:51:50,2018-01-15 00:00:00
4d9c8dea9380270c4d8151980f6c579c,2f944f4db017e0ca821988940060dde1,delivered,2018-01-19 14:07:30,2018-01-19 14:17:19,2018-01-22 12:42:35,2018-02-02 02:38:30,2018-02-14 00:00:00
dac240c372efa20977771d685d447ec2,2b120558238a9f500d9fd6b6b3e195ce,delivered,2017-12-05 16:09:22,2017-12-07 16:11:43,2017-12-11 22:23:44,2017-12-18 11:55:29,2017-12-28 00:00:00
f05061f4489d31233011621bd07caaf6,c23fb1930af84487049b7d29429d618e,delivered,2017-11-12 19:24:09,2017-11-12 19:30:49,2017-11-14 21:42:13,2017-11-18 11:18:57,2017-12-01 00:00:00
a95d5d1b048f23c192de4e65c5041e57,7df7fc112c0aee69fef608e8def7ccdb,delivered,2018-02-04 21:24:24,2018-02-04 21:35:30,2018-02-07 16:21:37,2018-02-15 11:08:47,2018-03-01 00:00:00
31e16c0b68bf061881fbd1d124697dd4,95d33f6a49bb667c2cb2f9bb87e149c3,delivered,2018-03-07 22:23:50,2018-03-09 02:30:59,2018-03-15 15:51:52,2018-03-29 21:18:54,2018-04-03 00:00:00
9837f6ffaeacce372cd038e4e634d870,ef353b90b93a47ea1e43e68eec8606c7,delivered,2017-11-23 18:36:14,2017-11-23 18:47:29,2017-11-29 01:48:46,2017-12-21 00:24:57,2017-12-19 00:00:00
493f708b1e1209147ca4bea838be1148,2cabf0e9d78b9d2f8d6a79ba87f24366,delivered,2018-04-24 09:57:09,2018-04-24 18:14:06,2018-04-25 14:06:00,2018-05-04 01:19:12,2018-06-01 00:00:00
613c63ad0aab038e86c572a39cd06979,2700b52a720e8eae7acadeb2d429cc11,delivered,2017-07-19 07:57:55,2017-07-19 08:10:08,2017-07-24 21:26:41,2017-08-02 19:37:51,2017-08-17 00:00:00
637b8707a779cf11512f479310e5751a,c58b1ad8b8cdbaecaea2e6c45385cdf2,delivered,2018-07-09 17:14:04,2018-07-10 12:25:11,2018-07-11 11:53:00,2018-07-17 18:28:37,2018-07-26 00:00:00
7146225dc080fb528c5c9571a11feca5,cb07b073490cf298dff90b9df4fdc969,delivered,2017-12-15 18:35:32,2017-12-15 18:51:20,2017-12-19 21:52:18,2017-12-21 16:57:24,2018-01-12 00:00:00
3d80d12c0beadfcdcf2b4df407112f3f,bdfdc2c56283f7efc3f5a170ca983ce1,delivered,2017-05-06 01:49:49,2017-05-07 19:01:54,2017-05-08 11:45:04,2017-05-16 14:19:01,2017-05-31 00:00:00
a4ec07f740626256a023968312b84b02,daef7f39adab43b9c061c3845c9abeee,delivered,2018-04-10 10:22:55,2018-04-11 05:50:11,2018-04-12 00:22:04,2018-04-19 14:41:27,2018-05-03 00:00:00
86cd4fa4ff90b76544cfbe330c5da54b,d5105a198bd098a63ec6041cfb7c683a,delivered,2017-12-27 19:08:30,2017-12-29 02:09:07,2018-01-04 22:52:12,2018-01-10 19:33:02,2018-01-22 00:00:00
5e030812d8c91d9cc0bdf07298bbb612,44ac2f795d5c5ecfdfabe89cb214cdfc,delivered,2017-11-24 11:22:09,2017-11-24 13:18:39,2017-11-27 15:55:46,2017-12-06 21:33:03,2017-12-18 00:00:00
d75779e6c1a84594d2f0721948133e6e,80bfc87185a9c58d5cd94377c31e8d88,delivered,2018-08-20 19:26:55,2018-08-20 19:49:54,2018-08-22 08:07:00,2018-08-28 16:30:44,2018-09-03 00:00:00
b7afd3ff20d28b3d5ebb3b0f1d4c2ffb,765b16069f3a85853163fa38153e3d0d,delivered,2017-02-18 21:54:46,2017-02-18 22:10:11,2017-02-20 16:22:46,2017-03-04 08:32:45,2017-04-06 00:00:00
418c957162c86b348f44688790168fb2,c86b9d401a0061cb8eedd4bd55633b77,delivered,2018-04-08 16:34:57,2018-04-08 17:49:42,2018-04-09 22:28:53,2018-04-13 00:31:27,2018-04-27 00:00:00
cf77a280bc82f1008e6cbf4c16435622,4da548782212b3ddcddfe9943f1534ce,delivered,2018-05-09 15:22:41,2018-05-09 15:37:06,2018-05-15 07:49:00,2018-06-05 01:18:45,2018-06-08 00:00:00
faddfb9dace8ba5f745e2d730123b885,c92840b450cdab90816c60a32d4d2529,delivered,2018-07-02 18:29:46,2018-07-02 18:50:19,2018-07-03 15:04:00,2018-07-09 18:29:35,2018-07-26 00:00:00
65db02d220343c553ba9181f56127c50,cf7bf5f577c6b54ee6721190d706f1c3,delivered,2017-11-02 18:51:35,2017-11-02 19:35:22,2017-11-07 15:47:51,2017-11-14 09:57:36,2017-11-16 00:00:00
d133e52fb7806aa87cec35e47a1d06ce,7d6272716530fbc9fc863f9239c87467,delivered,2018-05-07 22:54:09,2018-05-07 23:12:32,2018-05-10 13:53:00,2018-05-11 23:47:04,2018-05-17 00:00:00
122f89bf1364c998d4a766ff07d87b9b,81ce1286e7a8b0caaa0bfcdf19f2ca1a,delivered,2017-12-29 16:56:38,2017-12-29 17:07:49,2018-01-02 16:37:33,2018-01-09 20:33:40,2018-01-31 00:00:00
63773910895f35751c9a1eb0ba5530c9,fc7d02fe1a8f694424b9028c6b098b42,delivered,2017-08-29 02:04:08,2017-08-30 02:04:15,2017-09-01 18:27:38,2017-09-12 19:27:55,2017-09-19 00:00:00
38b40f7c313e9e6b08f38e7bce6d93fd,05a434eda7da9b83ae8633e96bcfb821,delivered,2017-07-29 05:50:54,2017-07-29 06:03:18,2017-08-03 17:07:35,2017-08-15 19:07:47,2017-09-14 00:00:00
7e4b03dd0033e5b679e258243d9df206,664c19a838d368c81b12d20087ae22b9,delivered,2017-08-30 12:28:36,2017-08-31 02:50:43,2017-08-31 21:12:47,2017-09-11 16:09:06,2017-09-20 00:00:00
3dd5cc10816f5a16ed7d1c54e7d7549b,645e4bcb4b050ff31253516e363bf301,delivered,2017-11-23 16:57:51,2017-11-25 04:54:39,2017-11-27 21:45:21,2017-12-12 15:54:35,2017-12-20 00:00:00
1daedabfc80ee1a5cee98761da016d8b,e93ae5839998dc27b7d5150889b9a2a0,delivered,2018-03-10 12:06:31,2018-03-10 12:30:30,2018-03-12 18:28:47,2018-03-20 22:12:45,2018-04-03 00:00:00
9d83ef2eae9001ced10bfc373722a184,0137f0a46fd3e941f09ead2566bd6408,delivered,2017-09-22 15:11:31,2017-09-22 15:29:09,2017-09-25 19:29:09,2017-10-02 22:27:35,2017-10-19 00:00:00
66bc614bb924869b79b65d7f8077a385,d44ef3d822f991ab3ccdc429eee4d8c9,delivered,2018-01-29 17:47:27,2018-01-30 11:15:51,2018-01-30 22:16:48,2018-03-06 21:28:38,2018-03-01 00:00:00
d5cf2633d9ecb6dba748bca164760855,ab195e144742dca0e61f2a3fcf95e333,delivered,2017-02-01 15:28:52,2017-02-01 15:41:41,2017-02-03 15:14:02,2017-02-07 17:53:26,2017-03-10 00:00:00
f0ab754d500c0fe13432dea76cdb2aaf,b9b7291179ec5d0952af8830e4b22679,delivered,2018-01-05 19:49:49,2018-01-05 19:59:25,2018-01-08 16:30:04,2018-01-19 23:23:16,2018-02-01 00:00:00
017b1d6881222283afdc50baf3dcb0d5,9f72cabf8e5ebc5743665846b05617a5,delivered,2018-03-06 22:33:02,2018-03-08 02:10:45,2018-03-08 22:12:37,2018-03-23 19:48:24,2018-03-23 00:00:00
bda0a601b915e77d4f2d40c927fdc931,b5daf9b3e18570d7591b7d855523169c,delivered,2017-08-25 12:30:31,2017-08-25 12:45:00,2017-08-29 17:06:23,2017-09-09 13:02:53,2017-09-25 00:00:00
620133b0b32ccf5727e6c53ba3b0fb75,dfcd94e8493dc5b9551c733d5a5e89c3,delivered,2018-07-20 20:36:01,2018-07-20 20:45:16,2018-07-24 05:55:00,2018-07-28 00:37:27,2018-08-08 00:00:00
3586033d33df96014cf815491f3e287a,3b690e29d184eefe257e78e2b0d70f11,delivered,2018-04-20 11:51:49,2018-04-24 17:22:33,2018-04-20 23:03:53,2018-04-26 13:10:54,2018-05-21 00:00:00
0b41129fd5aa1fc7c44db1eaee43862f,3b39dd485342227fd54dc310a7af6f81,delivered,2017-07-03 10:56:34,2017-07-03 11:05:14,2017-07-03 15:37:51,2017-07-06 14:12:37,2017-07-21 00:00:00
52cf38023b42cb0b26ced61e1a900c47,4cee3893b1b6c2163c3cb0d202ea8387,delivered,2018-02-15 16:13:46,2018-02-16 07:50:53,2018-02-16 21:07:34,2018-02-27 16:48:54,2018-02-23 00:00:00
7ab220eedaceff45d6b2bfdad5292a96,1683fabd45e65880729fe5db964a2de7,delivered,2017-12-01 11:19:08,2017-12-01 12:31:28,2017-12-04 21:34:43,2017-12-07 23:18:41,2017-12-21 00:00:00
4b8531adbebcd4cee2f85862c7827dee,43f4903d8905cb8f4d58ee79bd166e93,delivered,2018-03-24 19:12:33,2018-03-25 19:10:32,2018-03-27 23:28:57,2018-04-03 00:51:51,2018-04-06 00:00:00
0c1e49ce507979f2fb222498663ce653,16b2af5a3dda4ad1940daeb17536c5a8,delivered,2018-07-21 20:32:28,2018-07-21 20:44:06,2018-07-23 11:39:00,2018-07-31 17:12:20,2018-08-13 00:00:00
d5d4ca33b423849f8f7a0645d0919738,82b54b87bf10a0580ccafe3ddf1e41e5,delivered,2017-10-17 20:52:55,2017-10-17 21:06:40,2017-10-18 18:47:50,2017-10-20 14:37:53,2017-11-06 00:00:00
5a06fc966a12b41bf401b344464fd4b1,eb8f99038409153c4002ef64ee501e6a,delivered,2017-12-30 08:19:59,2017-12-30 08:30:40,2018-01-03 01:34:47,2018-01-12 21:39:13,2018-01-30 00:00:00
ff977ea68e67d2606fdb5981ae3d9cc5,a9d5a9dcee2320062aec0152bebfd659,delivered,2018-05-18 20:10:59,2018-05-18 20:34:30,2018-05-21 15:19:00,2018-05-23 22:38:19,2018-06-04 00:00:00
4ba11c42df14ce7bc9c996b10f0a2f52,7ee25966f1d104b0f1783a1a8f5ff65a,delivered,2017-04-23 00:16:56,2017-04-23 00:58:42,2017-04-24 10:19:12,2017-05-10 09:35:39,2017-05-11 00:00:00
6f54e5fd939df1228bb8df39c2f1341e,f95b3c9f2f18db3d9e17cfdc0808d89d,delivered,2018-07-27 15:54:52,2018-07-27 22:45:13,2018-07-30 12:20:00,2018-08-06 16:32:27,2018-08-22 00:00:00
537716eaf03b0a1904be0663cbcdafa9,e8a7df4eee97cecb90adaff30ab1774d,delivered,2018-08-03 14:16:35,2018-08-03 14:30:19,2018-08-03 14:18:00,2018-08-14 21:51:45,2018-08-20 00:00:00
daee6281770c2306ab2b78d4fd38ef83,65abb78f4472a6e1b67e687709e00e0b,delivered,2018-02-13 21:49:01,2018-02-13 22:07:54,2018-02-19 14:56:53,2018-02-23 21:12:11,2018-03-01 00:00:00
adb868b8d7d0bd7fa24ed186543075ca,a7887745b4931b400d449100859f0f7f,delivered,2017-07-20 23:39:40,2017-07-22 02:15:40,2017-07-25 22:11:35,2017-08-08 20:42:19,2017-08-16 00:00:00
de8a2818f7fe963e53d394e7848bc9b2,a96bbd5a034a4d3432fe8ea79dcc29e3,delivered,2017-11-24 10:23:57,2017-11-24 12:32:44,2017-11-27 12:44:07,2018-01-03 11:08:17,2017-12-26 00:00:00
497463bc831a82dc0db5cdbb85c3a33b,4619492b155e0aa14feba59ad43194b3,delivered,2017-12-22 12:59:18,2017-12-22 13:14:26,2018-01-03 20:37:13,2018-01-05 17:09:56,2018-01-12 00:00:00
a5469a655af5c94c8a3724543bc8f73d,08551822a68f0b824cd0d92fe4a3264e,delivered,2018-07-20 15:50:47,2018-07-20 16:04:33,2018-07-23 11:28:00,2018-07-25 18:52:57,2018-07-30 00:00:00
1a760f4fb7016db883f1d801994c557d,395806f68e98a2dfa5a4929a243fb666,delivered,2018-05-02 21:08:12,2018-05-02 21:35:25,2018-05-08 11:06:00,2018-05-14 18:42:07,2018-05-28 00:00:00
c52439e463e5cd80125600ab8ee93344,e2e763654987a355699fe26e00edf776,delivered,2018-01-23 16:44:08,2018-01-23 17:02:19,2018-01-24 16:42:04,2018-02-05 18:37:05,2018-02-16 00:00:00
93b68446f352031c3899ff57f76f0a68,e29679a0f9c46f3c88b77731fb9af798,delivered,2018-02-15 16:15:14,2018-02-15 16:26:48,2018-02-17 18:19:05,2018-03-02 19:53:13,2018-03-15 00:00:00
e3687275f870db015a3a0dac327be380,6f7e45d5976fd45505722178307f5ed4,delivered,2018-04-10 12:08:02,2018-04-10 12:30:05,2018-04-16 18:31:41,2018-04-25 18:25:32,2018-05-08 00:00:00
f5c44d261c4019b41901de79a7312376,ae0a9dcd50750841aa9a4f2d55d25bd1,delivered,2018-02-20 22:57:31,2018-02-20 23:10:25,2018-02-22 17:13:04,2018-03-02 22:24:42,2018-03-22 00:00:00
cc2e56876c1e46ae38eb40eb187b23a9,f24774b99842246d43379d09c7ecec3b,delivered,2018-01-09 15:42:32,2018-01-09 16:32:22,2018-01-11 23:22:55,2018-01-15 14:22:54,2018-01-26 00:00:00
b4bc40a1e857b8ebe41c4ecb73594e58,006ba1709128094a7047a4fa349f9bc8,delivered,2017-11-13 15:09:43,2017-11-13 15:30:31,2017-11-20 15:22:06,2017-11-23 20:16:07,2017-12-08 00:00:00
e5660f4c411090251a0a154f085bbfe8,2a2ed8a860ff9b8c1da194b013ded085,delivered,2017-04-09 18:50:11,2017-04-09 19:02:06,2017-04-11 07:43:49,2017-05-01 11:43:39,2017-05-04 00:00:00
c22f2d718da2e903bc885bb2fb0c7ae2,ce73ad60d4bfdb6196b9d6a058718394,delivered,2018-01-21 18:28:53,2018-01-22 13:56:34,2018-01-23 20:43:30,2018-02-02 14:52:56,2018-02-19 00:00:00
7c03bf6cda48e5312a9e4cfb0002f3b6,fcb0a07f3175199fbcbc0c2f848c2811,delivered,2018-07-05 09:43:06,2018-07-05 16:21:12,2018-07-05 12:45:00,2018-07-12 17:22:35,2018-07-30 00:00:00
e15c6296371161f7eabd6ce8335b5b51,7f093a78d3d5e33e00e9708b3fa14bb5,delivered,2018-07-13 11:36:36,2018-07-14 02:45:09,2018-07-16 14:39:00,2018-07-26 22:22:49,2018-08-06 00:00:00
208f186df8ea1fa4fa3d2672752e9788,7d08f025c28db259763efb79171d7fbe,delivered,2017-09-06 11:17:54,2017-09-07 02:44:00,2017-09-12 19:32:18,2017-09-20 20:55:06,2017-09-27 00:00:00
605b6e2919387ca3cd0480e7d420320f,406077e82ba68e2146f90962425d7cd6,delivered,2018-06-06 11:18:32,2018-06-06 11:54:31,2018-06-06 13:06:00,2018-06-11 16:12:30,2018-07-13 00:00:00
b149acf7e57747cd966a1f1a11e98e05,a187d29dfe942335287dc88897ed265c,delivered,2018-04-25 07:26:29,2018-04-25 07:35:20,2018-04-25 19:05:00,2018-04-26 23:04:28,2018-05-04 00:00:00
a81fe0bc00939872ea30dc8337874760,7384882dde7e4edad4bd21fd57d1e363,delivered,2017-11-13 23:55:37,2017-11-15 03:31:47,2017-11-17 18:38:51,2017-11-22 19:41:13,2017-12-01 00:00:00
9971209651bda86ae11c4d218eb2bf7d,21cd116b7cae7d238010be460710fec2,delivered,2018-08-10 15:37:46,2018-08-10 15:50:20,2018-08-13 14:14:00,2018-08-27 20:08:37,2018-08-21 00:00:00
ea6151036572e7eb2ba1a80c5741ebd4,b49c3657443b89877fab016b62896b52,delivered,2017-08-04 09:58:14,2017-08-04 10:10:16,2017-08-09 17:14:25,2017-08-23 19:12:37,2017-09-15 00:00:00
063f19fae1eadbb92dc30d00b7cc870c,17ee8098eb758ef96941fb81b414b364,delivered,2018-08-08 16:57:41,2018-08-08 17:10:17,2018-08-14 10:09:00,2018-08-16 20:38:46,2018-08-20 00:00:00
3ad326992786e78625f29c15ef3f54f9,fe91c3d2184281904c90874406d0ef9a,delivered,2018-03-12 09:51:54,2018-03-12 10:15:52,2018-03-12 18:28:44,2018-03-26 17:36:59,2018-04-05 00:00:00
9d0f89ac7841fe621cb103d22838fb80,166dc8b778e0013ca7609fe105b2cb5a,delivered,2018-05-12 23:13:36,2018-05-12 23:31:00,2018-05-16 13:24:00,2018-05-23 22:34:45,2018-05-28 00:00:00
1d047c7ee1b2d2bdb743f1abdcd4ffaf,e60ed27d397c93cd0ba12eaf4f743f4c,delivered,2017-03-24 00:28:52,2017-03-24 01:23:13,2017-03-24 13:12:53,2017-03-28 19:09:44,2017-04-18 00:00:00
cffd5f25c5b79f9d24b419fdcf74befb,e7338cc8d627d7b7bd90a1ce591b8065,delivered,2018-08-13 10:27:56,2018-08-13 10:35:13,2018-08-14 15:26:00,2018-08-18 17:27:40,2018-08-27 00:00:00
788dadfe475fc16d5e7562f1a5fa8e82,2d6fc313e9b54c69f0e3145d19ec6894,delivered,2017-07-20 10:34:12,2017-07-20 10:45:21,2017-07-20 19:47:48,2017-07-27 18:47:30,2017-08-09 00:00:00
c6c43db46b6e0f1df21c57ba798a5d37,c0eb6d17912b87745c2b3c7bb901e615,delivered,2018-05-14 20:04:56,2018-05-14 20:15:23,2018-05-15 15:40:00,2018-06-04 19:55:56,2018-06-11 00:00:00
14f4374a9f796595c2fd49a1adbf232e,6fb5180858ba58d6a2fdc535e5b3de88,delivered,2018-02-28 15:31:47,2018-02-28 15:50:04,2018-03-01 23:25:00,2018-03-03 14:46:48,2018-03-13 00:00:00
18f0a12f1ab339b1e6b86a163e592d58,9a655b636ba5cf7434d7351673def007,delivered,2017-02-21 10:00:48,2017-02-21 10:10:19,2017-02-22 12:00:54,2017-02-24 09:59:04,2017-03-20 00:00:00
417f9f65f61787a7bec245c5e8c589dc,f2220e827c9230ec561dab611317a232,delivered,2017-07-04 20:46:07,2017-07-06 19:30:11,2017-07-07 20:19:47,2017-07-27 19:39:54,2017-07-27 00:00:00
8c93135c36e74aa3a33098f13b1e506e,95c616cdefcebf551b579a1a7dc51b2a,delivered,2017-12-09 19:37:31,2017-12-09 20:10:14,2017-12-13 17:15:36,2018-01-03 23:28:34,2018-01-08 00:00:00
e8ad0b1713c8caae74f6da945c60d9e8,7f499cd2dcbddbb1f9e2657f34a799ab,delivered,2017-03-26 19:42:31,2017-03-26 19:50:24,2017-03-27 14:43:59,2017-04-18 14:16:06,2017-04-27 00:00:00
9bdf0443f07f3b2fcff74937bf1df6d2,ad70fdd2f7607ba28b93771be8f1ad1b,delivered,2018-07-26 13:19:27,2018-07-26 13:30:28,2018-08-01 15:01:00,2018-08-06 19:08:54,2018-08-09 00:00:00
952428c37d3485c8bda244a1fb2ae67a,d1b933e07f5326f19fc4be6e7c02e39e,delivered,2018-01-08 10:24:13,2018-01-08 10:32:34,2018-01-09 21:04:41,2018-01-20 13:42:31,2018-02-09 00:00:00
e1df7b6d5a2462a2b2e02725a97ffda2,ce2d1e6c59d5e30df0838b2e82b0438e,delivered,2017-12-08 11:54:46,2017-12-09 02:36:22,2017-12-12 18:27:41,2017-12-15 21:38:34,2017-12-27 00:00:00
dddd0246e8f6c9ac3de26c2b11f53189,3ecfcd8fd99b1f37da0d103cc059f7f7,delivered,2018-06-23 20:29:23,2018-06-23 20:58:01,2018-06-25 14:24:00,2018-06-28 18:53:32,2018-07-16 00:00:00
bb68ace3e06362eec8e986719378ba29,51cac74ce6915363d1ea1c919362864b,delivered,2018-08-07 09:27:58,2018-08-07 09:35:16,2018-08-13 14:14:00,2018-08-27 13:29:49,2018-09-05 00:00:00
63271c4f926901533f34d374c4126952,1a554527a355fb6472f50446520db582,delivered,2018-07-22 09:18:49,2018-07-23 11:31:35,2018-07-23 11:27:00,2018-07-27 17:38:44,2018-08-09 00:00:00
e475e7ce217d2a677451521dce3d35d2,bba9e2a97db97c59188ff59562b430a4,delivered,2017-11-26 16:42:44,2017-11-27 15:58:51,2017-12-01 21:07:12,2017-12-18 19:34:17,2017-12-19 00:00:00
ec6c53fc2c05b76708b23286ba2d9357,93034a219e57f3dbd6ad0abf8eabb313,delivered,2018-07-27 18:45:54,2018-07-28 16:10:12,2018-08-01 17:33:00,2018-08-06 15:12:33,2018-08-10 00:00:00
5b7a9a3c182d3c773dfd622600c5d0a8,fb558f79a0f989fd6058c737dae26e6e,delivered,2018-06-07 23:20:23,2018-06-07 23:35:35,2018-06-08 10:48:00,2018-06-13 19:52:00,2018-07-04 00:00:00
e8381c69d3a0e256ea822a48d79c0c5b,9c92a11e85a06c68a402b7c13c45c62c,delivered,2018-03-15 15:28:21,2018-03-15 15:49:33,2018-03-19 18:26:24,2018-03-20 19:53:11,2018-03-27 00:00:00
13730566c226932791980fea73d5a41f,6e8705f85c9f53976893a1450d426dc4,delivered,2018-04-09 23:06:36,2018-04-10 01:30:58,2018-04-10 19:07:47,2018-04-20 19:28:33,2018-05-04 00:00:00
f0496c5b6508ecfdf0af4c67896dda41,a9c2657d6325c3a16a14172b79188fb8,delivered,2017-10-18 00:50:36,2017-10-18 01:10:50,2017-10-18 18:33:38,2017-10-19 18:22:01,2017-10-30 00:00:00
24da4d9782584b90078fc30af8df32ad,c3e4fa41a85a5253d97c36b9977e11ac,shipped,2017-06-12 17:10:28,2017-06-12 17:23:03,2017-06-13 14:08:24,,2017-06-26 00:00:00
dd8d541616639212eb325bc7d015350b,5d547edb8110d2bfeeedbd045491ac93,shipped,2018-05-16 13:03:16,2018-05-16 13:19:59,2018-05-18 10:43:00,,2018-06-25 00:00:00
c21b52965ab8bbc3d27579c093386807,898f1c592071ac298eba3751bb0100ca,delivered,2018-03-31 18:56:46,2018-04-01 18:50:26,2018-04-04 22:22:14,2018-04-16 19:58:43,2018-04-26 00:00:00
68dd7c23e8b6c1e5f3ad16be5dd4bdf6,175f8430de932f744f8eebc3c680915e,delivered,2018-08-27 22:59:03,2018-08-27 23:10:16,2018-08-28 13:30:00,2018-08-29 20:19:50,2018-08-30 00:00:00
92744b8bd0b36fe5d9b3ea74a6edf994,9b2a6499fe7345f6cca25d1dc822a0e2,delivered,2017-11-03 09:18:15,2017-11-04 09:15:32,2017-11-08 21:13:45,2017-11-13 22:33:14,2017-11-23 00:00:00
3ea27e818dd373d6afff3fb13be4910d,50f3e14da4521222cdb1fc97205151c2,delivered,2018-08-06 13:48:39,2018-08-08 03:30:26,2018-08-08 15:40:00,2018-08-15 13:24:37,2018-08-16 00:00:00
b266fc1224f5d4b3ea5c8ac9ffaec15e,fb10366b5cffb865f427f5a5960fe220,delivered,2018-07-04 23:17:21,2018-07-05 16:33:26,2018-07-09 13:12:00,2018-07-13 14:03:03,2018-08-02 00:00:00
04f1f7895e1f86444c5965be2d773cb3,7f53d69112b0f1181f9e4fcf45b0ee9a,delivered,2018-07-18 12:30:21,2018-07-18 12:42:07,2018-07-19 10:15:00,2018-07-24 17:39:15,2018-08-06 00:00:00
dc7a419b3cd13b51c38ff9442dfd4009,f97a6d5dc5996ca93920dba521495117,canceled,2017-03-21 19:17:48,2017-03-21 19:17:48,,,2017-04-17 00:00:00
4ff9568983067986fb26a752b22004d9,589ddb2c9a626ccaabab732c9c313c74,delivered,2018-06-26 18:04:45,2018-06-26 18:18:44,2018-06-28 13:21:00,2018-07-05 12:16:54,2018-07-26 00:00:00
5b6c9104077ed7c867d2f785f33f5828,4e3294fea80154d4cec0c79bd8b8ffa8,delivered,2018-04-06 10:00:32,2018-04-06 17:11:43,2018-04-12 14:03:41,2018-04-18 19:48:31,2018-04-27 00:00:00
933cae52f81a96867c679e5251c0a7c5,49d707c4f8c279f291fa063f2d5cba89,delivered,2018-02-25 20:10:26,2018-02-25 20:27:45,2018-03-02 00:22:39,2018-03-03 15:23:11,2018-03-12 00:00:00
ed697c56bd912fb0016d4a090aa10b2d,1543296f2174f93ccda002c8d0962ebd,delivered,2018-01-29 16:16:23,2018-01-29 16:36:59,2018-01-31 22:45:07,2018-02-06 20:53:41,2018-02-22 00:00:00
bc4a35f20466a9b911b3b0847021e30f,31aea396cd3697686bfc89253ce1962a,delivered,2017-03-06 14:29:15,2017-03-06 14:45:10,2017-03-08 11:07:48,2017-03-15 17:57:52,2017-03-27 00:00:00
6a9220b640ac4965f3f64a46a1f340b8,9d6760bac5cc8c62418cc949a05bf660,delivered,2017-11-17 23:32:46,2017-11-17 23:46:14,2017-11-20 21:27:55,2017-12-06 00:08:38,2017-12-15 00:00:00
4c0b23f1eb4ada3320fb0393a2e14d44,27e4ff21e7e70a7bc3a179e8e3a44833,delivered,2018-05-07 15:24:51,2018-05-08 03:55:28,2018-05-10 15:33:00,2018-05-18 22:46:49,2018-05-24 00:00:00
fbf096edf8034d915770443bb21bfad4,1a8552b5f5ee891178aecf797f750d6b,delivered,2017-04-17 20:55:31,2017-04-17 21:10:14,2017-04-24 11:52:11,2017-05-05 10:56:07,2017-05-16 00:00:00
238cc4ab4cd49aa28c33016beb865c3f,f446eeec63337d146dc8d6ac36c7c58a,delivered,2018-05-17 21:53:08,2018-05-18 04:35:51,2018-05-18 14:57:00,2018-06-01 22:28:32,2018-06-06 00:00:00
6e4ee1e1cfdf990b9c37dd33df4b2bb5,0d231180261545b94c266d436ae206c0,delivered,2018-08-03 16:56:34,2018-08-03 17:10:19,2018-08-07 08:33:00,2018-08-14 16:13:35,2018-08-16 00:00:00
bf3381b72ab1dc63ee282883a9018a9d,e6981b02dc65b491362dffd03ac0f0e1,delivered,2018-02-17 13:07:36,2018-02-17 14:00:25,2018-02-19 23:42:38,2018-03-27 18:04:17,2018-03-12 00:00:00
833fbc971cf15276b9fa3a392f73b4e6,f5b6eb47984600410c9ca0513ae5d7ff,delivered,2017-05-02 10:28:05,2017-05-07 23:32:50,2017-05-17 13:16:56,2017-05-30 12:48:12,2017-06-09 00:00:00
dd674328887ef6d0b5b56c06c29c594b,4612f4483ec767250038bdfc0c3954dd,delivered,2017-09-29 22:31:02,2017-09-30 11:35:20,2017-10-02 20:15:01,2017-10-05 21:10:18,2017-10-17 00:00:00
9a9fda5708990832a3a7c4e9114de0b0,04bf1a1d175bd70ee2c3e58b923f29ed,delivered,2018-02-11 11:05:14,2018-02-11 11:15:26,2018-02-15 18:14:39,2018-02-27 22:44:42,2018-03-13 00:00:00
f7395c7c8462ede2d52c7005b11a8f04,e910096abac79ac52acbad422a6c5b75,delivered,2018-04-11 07:48:52,2018-04-11 09:29:26,2018-04-11 20:38:31,2018-04-12 21:19:06,2018-04-27 00:00:00
5ba242824fe39eba234565e3f8c174be,982a91ff4ad73e6b9d09bad86860d184,delivered,2018-06-16 14:25:02,2018-06-16 14:38:59,2018-06-18 10:02:00,2018-06-25 22:03:29,2018-07-13 00:00:00
0ebf39cd91e6c7f650db30a438805518,961acbe75033495a32244daf91936d25,delivered,2018-02-07 17:16:33,2018-02-07 17:35:36,2018-02-09 01:34:09,2018-03-14 00:33:35,2018-03-05 00:00:00
7e3f4cf36fc0f5c5b678d1df4acccb8d,75e645f4c54045f7a8d2c28dd10eb587,delivered,2017-05-19 14:32:35,2017-05-20 04:22:48,2017-05-25 10:16:41,2017-06-08 17:09:27,2017-06-14 00:00:00
d75ef81f53c32c4f5857799a077a609f,6a5cc73969417c729aca1d3de85f4335,delivered,2018-08-09 18:01:20,2018-08-09 18:10:23,2018-08-10 14:55:00,2018-08-11 15:33:34,2018-08-15 00:00:00
aad4cc3a0a8f37c519c7d72ea429c11d,6fd61b91ee774187723f8ab0077f1570,delivered,2018-05-16 12:41:05,2018-05-16 12:55:25,2018-05-16 16:19:00,2018-05-22 15:58:35,2018-06-11 00:00:00
e0ad0779328f1dbbeaa5f2ae58ca67d1,d2ae704f9d199bd4f701a59c5f7bb914,delivered,2017-11-23 13:36:00,2017-11-23 13:48:59,2017-11-24 21:56:29,2017-11-26 16:49:57,2017-12-08 00:00:00
0d74a4953206657c77bf6952c432809b,af5a08cfd606f40b7ecc0a4bf9f102db,delivered,2017-03-21 16:21:18,2017-03-21 16:21:18,2017-03-22 15:28:46,2017-03-29 17:57:57,2017-04-13 00:00:00
c0ebb2411df290b3d4e15a8409f419b2,417157086f4579206e8054d39cdc213a,delivered,2018-07-05 19:35:13,2018-07-05 19:52:22,2018-07-06 10:09:00,2018-07-13 20:08:41,2018-07-27 00:00:00
f28b59f3a9d27b5a7ea86d0ede1b99d0,87037d2b655157357338785bb1d20e07,delivered,2017-09-27 12:37:49,2017-09-27 12:49:47,2017-09-29 17:41:40,2017-10-02 20:24:56,2017-10-19 00:00:00
e8b1509679b2b25a892ef27e75bf6ee2,22147b7268a3d11683446796593a24c7,delivered,2018-02-02 23:31:10,2018-02-03 01:31:24,2018-02-06 20:12:22,2018-02-21 16:37:50,2018-03-07 00:00:00
96d79140e31422ba9f8f990f4ed1addb,40edab5896ae543391de7bae5844fcfc,delivered,2017-11-26 15:45:16,2017-11-26 15:54:58,2017-11-29 17:33:14,2017-12-16 19:34:43,2017-12-19 00:00:00
7fe55ddc45e39704cbd15147aba7b23f,5742df8f8d0c8db463550979a097b71b,delivered,2018-06-23 22:04:53,2018-06-23 22:18:46,2018-06-26 09:28:00,2018-07-05 16:21:38,2018-07-31 00:00:00
09e0732990558bc7eb24650cd444d8fb,dc8b16ce0696ed593281c1fad09ca07b,delivered,2017-08-10 00:44:38,2017-08-11 04:25:07,2017-08-11 21:15:26,2017-08-25 14:10:39,2017-09-12 00:00:00
e87fe257e39252f5ed241bcb6222d2f7,619786d432210e74c96960702feae513,delivered,2017-07-14 13:32:08,2017-07-14 13:45:18,2017-07-18 11:49:46,2017-07-25 21:44:06,2017-08-07 00:00:00
296e1020c48c85d07b3fb22436e3e65b,2e13a3c09098f24694fdeeeea8015f1e,delivered,2017-10-16 15:05:28,2017-10-17 15:14:22,2017-10-18 18:43:57,2017-11-17 20:54:43,2017-11-17 00:00:00
620f88e1cad4c60e7f3cc29d682e7eb9,e89e8c6a46f7f4a750d221ba1ccc012d,delivered,2017-04-07 04:31:15,2017-04-07 04:42:55,2017-04-07 13:19:25,2017-04-17 15:10:12,2017-05-03 00:00:00
3e65f930729bc14824ce41dc1e8084d1,bbd2d195aa7eaf73da52f0095c5c1fe7,delivered,2017-07-11 09:55:09,2017-07-11 10:10:15,2017-07-12 19:04:01,2017-07-21 20:03:21,2017-08-09 00:00:00
d5bb9d038d2a63cbd482acc8b1e5941f,d84e7210215ea4e41afc01709a2a9124,delivered,2018-02-02 10:53:35,2018-02-03 02:52:44,2018-02-06 14:28:02,2018-02-17 13:13:11,2018-03-02 00:00:00
c5867ba83301a6a2d75eeed567fe23da,2f2c18d352ee8b3373c6fba9b7a78e4d,delivered,2017-11-24 23:52:05,2017-11-25 02:37:20,2017-11-28 17:27:36,2017-12-04 22:52:04,2017-12-14 00:00:00
90c76224c097ab3cc738957b2c204bb0,8f642dc505534b7a7908391f62d926e5,delivered,2018-01-07 23:50:53,2018-01-08 00:07:32,2018-01-09 11:53:57,2018-02-08 19:16:41,2018-02-15 00:00:00
00cee8a4dbb042385cbbd84699e78b2e,450a869eb52446baa38f4beeecbc5843,delivered,2018-07-20 04:13:54,2018-07-20 04:25:10,2018-07-24 14:46:00,2018-07-25 17:21:09,2018-08-01 00:00:00
d2ac7fd0a36bf75505317960ab81748d,77e42141a294db586871c03ce0d9591c,delivered,2018-03-11 16:52:50,2018-03-11 17:10:32,2018-03-13 19:42:47,2018-03-22 13:50:49,2018-03-28 00:00:00
2edbc93b3992472ccbcb8d52b57fc375,dad91823e2eeed77b5d7972cc652440b,delivered,2017-09-19 22:31:50,2017-09-19 22:44:10,2017-09-21 18:13:50,2017-09-28 20:00:13,2017-10-26 00:00:00
d274c6fec283184db0a84729351bf6cc,976def33b41838395939fe28ca651b37,delivered,2018-05-10 22:37:13,2018-05-11 22:32:14,2018-05-15 14:27:00,2018-05-22 21:34:46,2018-06-20 00:00:00
9e9f909cd250058d062bb2b0b0161c92,e15a69da6ddca9fc7bf178c28f529529,delivered,2017-07-02 15:37:04,2017-07-04 04:30:13,2017-07-04 10:09:49,2017-07-13 17:36:01,2017-08-01 00:00:00
785e8c8436f4631d009d208dd380b200,48e0af4eb65ad95cd0f6235295d56b74,delivered,2017-11-26 23:00:00,2017-11-26 23:13:21,2017-11-27 20:52:00,2017-12-04 22:52:15,2017-12-20 00:00:00
9099e5808d892fd34523293254ddb621,680e474bcf01429746b374d2166f3b7b,delivered,2018-03-08 17:48:23,2018-03-08 18:09:14,2018-03-09 20:28:29,2018-03-29 14:48:53,2018-04-13 00:00:00
14b1311682489866d9a6b5c6dbc0372f,a7ca11bb456bde34525e2c9049530c8e,delivered,2018-07-26 17:18:19,2018-07-26 17:30:12,2018-07-27 10:43:00,2018-08-03 19:12:25,2018-08-14 00:00:00
2f336c3bd8fa1208e968bb0601eb8b92,d35b53d23b85638c39dd9d4e6a51f36a,delivered,2017-06-05 14:20:36,2017-06-05 14:35:20,2017-06-06 09:06:46,2017-06-07 16:26:24,2017-06-19 00:00:00
c8f50df8a3e4fc40685c137dd2253eac,7e468d618e16c6e1373fb2c4a522c969,delivered,2017-02-13 07:34:18,2017-02-13 07:45:15,2017-02-13 11:11:01,2017-02-25 08:37:56,2017-03-16 00:00:00
c65d7f18a62db6a4aee08e5d0d24f84d,a051bfa54366e22e1e0df328c1999bfc,delivered,2017-11-24 01:24:10,2017-11-24 01:30:48,2017-11-24 16:17:56,2017-11-30 22:59:56,2017-12-26 00:00:00
4797c6132f890b44c782e3e3518b68ae,9710a62796371a259147ea4602ddcab3,delivered,2018-07-24 19:54:23,2018-07-24 20:05:12,2018-07-25 14:37:00,2018-07-26 14:36:32,2018-08-02 00:00:00
f7c35f451e9f3f28c25c4cb36097b2d2,377fa3ff17985925de03df7dcd0a0579,delivered,2017-08-19 12:26:20,2017-08-19 12:44:54,2017-08-21 18:22:55,2017-09-01 22:05:16,2017-09-26 00:00:00
ffea5b26be781da4c215c0feb484f4fd,cefc16cdcbd69d1ea047f70227cd2927,delivered,2017-06-02 16:53:20,2017-06-02 17:05:17,2017-06-06 13:51:15,2017-06-28 07:09:55,2017-06-29 00:00:00
85e5ee2172746dd02b91f6d2f3189f7e,c4ebc72b14f3ffdea1626db488208713,delivered,2018-01-03 20:51:51,2018-01-05 02:38:04,2018-01-09 17:57:23,2018-01-16 15:46:44,2018-02-08 00:00:00
1b3502b901fcba41838c8d41dff38327,049ba78b6885e453786b80828dde6d34,delivered,2018-01-08 21:41:49,2018-01-08 22:31:37,2018-01-10 22:34:57,2018-01-25 00:03:27,2018-02-01 00:00:00
66d737f81143e3724207d2f2fb457ad9,cfbe4d21b471a3da81be31e3377dc857,delivered,2018-07-22 14:23:36,2018-07-27 23:31:18,2018-07-24 13:34:00,2018-08-01 18:13:00,2018-08-20 00:00:00
aaf4772267009ac972388c595ac96086,b3599df63349cf8003d59661bc0f6a75,delivered,2017-08-03 13:13:00,2017-08-03 15:25:19,2017-08-04 16:00:10,2017-08-12 13:11:44,2017-08-25 00:00:00
8c4d95230ea6b65fa945b79cf07ac312,c5af28f87656d1def1d64fe1095af38b,delivered,2018-03-31 10:43:46,2018-03-31 10:55:21,2018-04-04 01:52:39,2018-04-06 18:52:28,2018-04-18 00:00:00
39be11247d0d55f0326c3cc79e1eec38,ffd733037d6daf1e080fba1890236d00,delivered,2017-11-30 20:18:51,2017-12-01 09:31:02,2017-12-01 18:34:17,2017-12-04 18:09:09,2017-12-18 00:00:00
a8f0774db1f2d93e5b48a0c370d423ed,643eef272290bb07a700d92a22096e37,delivered,2017-06-28 15:53:58,2017-06-30 03:04:28,2017-06-30 15:46:49,2017-07-07 19:51:57,2017-07-18 00:00:00
d4c6540209a24e7769655f55d8a20493,c223c43fd4ceb27fe2f591388334b1b2,delivered,2017-07-23 21:59:34,2017-07-23 22:10:13,2017-07-26 21:12:42,2017-07-28 15:52:23,2017-08-08 00:00:00
2b34aa550445c67c852be463eaad083a,c9993d6a9ac3183eebd2fcaa4bf4c4dd,delivered,2018-06-02 00:44:48,2018-06-05 04:52:00,2018-06-06 12:22:00,2018-06-18 20:38:44,2018-07-18 00:00:00
b6dbd61bb13118766af40ef6a325e303,aeffa87be1c09c7d3748eeae76527494,delivered,2018-01-12 18:38:46,2018-01-12 18:48:50,2018-01-17 18:58:13,2018-01-26 22:12:27,2018-02-19 00:00:00
ff2ea5b20dfaf42bcf891f8aea31542b,32e84e30a72593d42adf2608dcdc3921,delivered,2018-02-02 10:04:32,2018-02-02 10:16:08,2018-02-02 20:58:51,2018-02-06 18:28:42,2018-02-20 00:00:00
cd82b3b68f4843cceb338d860b8aa006,2f12998d5a7beeabde7287c051eec9f0,delivered,2018-08-07 17:35:45,2018-08-07 17:50:18,2018-08-08 14:22:00,2018-08-16 17:02:52,2018-08-22 00:00:00
fa7b2ac9d0a8b3d20805eb52c416c2fa,d997b945624a4b422fc7d3a58fdaab3c,delivered,2017-08-10 13:10:06,2017-08-10 13:25:14,2017-08-12 10:55:42,2017-08-17 20:36:44,2017-08-30 00:00:00
51ffb9765ad7cfe091821ebd4751dc05,e4412072d401a4c3bc29c976497e0186,delivered,2017-09-17 20:40:42,2017-09-17 20:55:19,2017-09-29 20:49:48,2017-10-04 20:32:42,2017-10-06 00:00:00
c8a93f34ce6f1d3299b0e762f62dfc3d,073d9752205a02fe743263d3d781cce1,delivered,2018-04-19 18:54:32,2018-04-19 19:10:52,2018-04-23 07:55:00,2018-05-01 02:05:32,2018-05-17 00:00:00
f363b12aa89906f0696246938ec7c6ba,2ee6a7f9f041372de882883f3c8e7ade,delivered,2017-10-06 23:54:43,2017-10-07 00:07:38,2017-10-11 19:57:41,2017-10-14 01:18:29,2017-10-24 00:00:00
7ef3a302148f7eb4741f831caaaab020,15b374a39d77931baf8a72e73194803c,delivered,2017-05-01 20:46:00,2017-05-03 15:45:20,2017-05-04 10:22:57,2017-05-11 08:54:41,2017-05-25 00:00:00
ffab9e4ebdeda588f4193d78a09894c5,17c82cf184f52f63dbbda6f4db0abaa1,delivered,2017-12-19 09:56:40,2017-12-19 10:11:31,2017-12-20 21:03:29,2018-01-20 02:06:47,2018-01-23 00:00:00
8fbf78773c7c8165b1fcbc024f923678,139490b2445621f453fbd24447107581,delivered,2017-07-20 16:52:04,2017-07-20 17:55:22,2017-07-25 19:18:44,2017-07-31 16:41:50,2017-08-09 00:00:00
9acb3498d6260bb0844a9153e26cf8bf,c7ba8b2ebe7b8527de3cf285a9558214,delivered,2017-06-13 09:47:47,2017-06-13 10:02:39,2017-06-13 13:06:06,2017-06-21 16:03:31,2017-07-07 00:00:00
533191a5fdbace2ae8c0ddbf17c4d47a,30f627e25a7d4f69e6882298acc5d762,delivered,2017-04-27 09:23:51,2017-04-29 02:45:47,2017-05-02 14:57:39,2017-05-11 09:23:03,2017-05-29 00:00:00
b0ae3c04778f1acb9c96dfef3d0357af,7c0db90f1a2f9c2e526e80a042f45945,delivered,2017-07-26 00:44:07,2017-07-26 00:55:06,2017-07-28 19:22:06,2017-08-08 19:56:06,2017-08-17 00:00:00
d23555007fbb6b414f8bb5ae6854782a,ab91349e3f10339b311f33ca2abe01d2,delivered,2017-02-19 12:22:52,2017-02-19 12:32:05,2017-02-22 17:36:30,2017-03-14 12:57:49,2017-03-21 00:00:00
fa28a275f7cbd6cae66e0344f2445595,91a62d192859b7c2361a6a3b3329b4d8,delivered,2017-05-16 17:00:08,2017-05-18 02:23:03,2017-05-19 10:57:42,2017-05-29 09:22:07,2017-06-12 00:00:00
6bd3a60971ad56dc2edfe2873ad1c9b7,b764aba48781c46c6c1b83bcfe367473,delivered,2018-06-04 14:46:05,2018-06-04 15:11:07,2018-06-05 13:14:00,2018-06-11 18:46:23,2018-07-03 00:00:00
e3e9a2046c37eea9713341a3994bcf52,e24770ef3ac259f30c13dc46a7963b47,delivered,2017-11-01 22:25:54,2017-11-01 22:45:14,2017-11-03 18:03:59,2017-11-14 19:33:15,2017-11-27 00:00:00
d3a304fb1d9ad51a7a3b9d23e7d82bbf,07bfe0aec1af7b20ba9de14bca33b0f9,delivered,2018-05-26 13:08:53,2018-05-29 03:54:58,2018-05-30 14:00:00,2018-06-01 15:12:19,2018-06-14 00:00:00
4327d6afdb4f716533cefc4929796d14,549cc176647d21009ad425d534600804,shipped,2017-05-10 20:48:06,2017-05-11 04:02:48,2017-05-12 14:42:02,,2017-06-09 00:00:00
273518ef5f778faeff322c052a5028ef,50c76b790bde4da51a84cfc429a5c4c4,delivered,2017-11-24 11:18:28,2017-11-24 13:15:41,2017-11-28 21:02:56,2017-12-15 21:37:05,2017-12-21 00:00:00
1dd1d53c1ea5df0ef093bf150807315f,9cf0657bb79b3c818fd37100f4526d8d,delivered,2016-10-07 10:44:21,2016-10-11 04:56:51,2016-10-30 12:13:44,2016-10-31 12:13:44,2016-12-01 00:00:00
09c8e71060b07326dba9db865f46881e,a95af80256ebdb05713863cb03060667,delivered,2018-06-03 18:48:07,2018-06-03 18:55:17,2018-06-04 13:18:00,2018-06-11 19:18:53,2018-07-25 00:00:00
c1424efcde3c9e9febd9e1761667789e,8a80133b8ace6b21415367a131a75a26,delivered,2017-04-07 14:51:01,2017-04-08 02:45:36,2017-04-11 13:15:21,2017-04-17 19:06:00,2017-05-08 00:00:00
8f81a4191bcbef23cdd139470cb50dda,812dd63f04c3d1caa312dbbf513cbb71,delivered,2017-11-22 00:20:53,2017-11-22 00:29:23,2017-11-22 19:52:59,2017-12-01 21:42:14,2017-12-15 00:00:00
d4f5c68e1ec02222099819cd878a1b72,a2d392f4db348830e8ac599db501b834,delivered,2018-04-18 20:04:57,2018-04-18 20:32:51,2018-04-23 23:25:29,2018-04-24 23:36:32,2018-05-02 00:00:00
a0edce35ec325b10332d7806528e0dcc,288b5dd3bdc04e80c59fd66b0112f8b4,delivered,2018-01-04 18:23:23,2018-01-04 18:32:21,2018-01-09 01:09:37,2018-01-10 15:24:49,2018-02-01 00:00:00
411863c544c533d3918d4e274ce334c8,a8fbdfdfcd4b5f2f67dcd87ca80add6c,delivered,2017-11-29 09:54:11,2017-11-30 13:31:21,2017-12-05 18:13:15,2018-01-03 21:21:59,2017-12-27 00:00:00
9d2542bf51fa5287da26940813c6c0fd,98ddf1278ecb6a88f6ee9885cb5b2b90,delivered,2018-08-03 15:28:52,2018-08-03 15:44:07,2018-08-06 16:07:00,2018-08-08 13:32:29,2018-08-08 00:00:00
c87addc63adfeea74ce7b7de9d99d161,622bb7ceaf6b6d07de6e06a1ef84924c,delivered,2018-04-23 17:04:34,2018-04-24 18:10:06,2018-04-25 11:09:00,2018-05-11 18:19:44,2018-05-24 00:00:00
c49f6b5cef87291f38f2b1fccf57c3c6,90162d136020a80dcb381eb7a112f574,delivered,2018-07-12 13:05:21,2018-07-13 03:05:19,2018-07-13 14:04:00,2018-07-26 08:32:46,2018-08-09 00:00:00
0f3d5c4023c13c415b24e755cbe72fab,a9e5f310be41efa00690d727bf672cab,delivered,2017-12-15 12:20:46,2017-12-15 12:32:50,2017-12-16 18:36:01,2017-12-26 17:59:06,2018-01-11 00:00:00
cd83ad740dd309ac88da603852ef428b,cc60b47ce769ebe7b893aacf8cebfb43,delivered,2018-05-13 18:04:20,2018-05-13 18:32:11,2018-05-16 14:49:00,2018-05-23 18:59:34,2018-06-04 00:00:00
9151a91cb186d1ca78dc97f0cd26cec4,183d8dccdcdd93c6e9f4f934d6cfa235,delivered,2018-08-22 18:15:21,2018-08-22 18:25:13,2018-08-23 16:26:00,2018-08-29 00:12:01,2018-09-10 00:00:00
c3ae28dee41a7607da8e659abe468564,8e34cb984544566ddd51c2a7b5a59f4d,delivered,2018-02-09 22:25:59,2018-02-15 03:55:30,2018-02-19 16:19:00,2018-03-01 11:48:45,2018-03-09 00:00:00
074c1cfd061914778c545332b9c8cc5b,2e0ef40f86d552caaeda3b3b33e9572a,delivered,2018-03-22 10:33:01,2018-03-22 10:49:38,2018-03-22 21:28:57,2018-03-28 20:16:28,2018-04-12 00:00:00
88236ec3283901ac03893885acd80574,b8aab5319687af47f93bba374f5e2f36,delivered,2018-04-05 17:52:18,2018-04-05 18:11:56,2018-04-07 01:27:43,2018-04-11 01:51:13,2018-04-26 00:00:00
71ad99b8dbf07cd53f96b3dd7cd0ebbd,d42b98520bd105441167611b4ee3cc2c,delivered,2017-10-22 13:02:17,2017-10-23 17:14:14,2017-10-25 21:34:44,2017-11-03 19:12:11,2017-11-10 00:00:00
7180bb330cc6209bdf235f7a3a4b01f2,8848cb4793d42f70d84a297c489e29d0,delivered,2018-02-14 13:58:30,2018-02-14 14:40:27,2018-02-15 19:49:12,2018-02-20 22:07:54,2018-03-12 00:00:00
b06ecc72eaea06f34af84222269f5cf5,a25fe438fe53dfaf18b5ac667d3107c9,delivered,2017-06-01 15:57:55,2017-06-02 04:23:23,2017-06-02 12:44:17,2017-06-13 13:34:06,2017-06-30 00:00:00
77197d80101ec8ad66a1e174eea411e4,e28f89822f6d7825420555ffd0b48ec1,delivered,2018-06-25 15:22:07,2018-06-25 15:35:17,2018-06-27 10:35:00,2018-07-04 18:50:43,2018-07-27 00:00:00
86bf8acc0fe437ce824685e72037572d,59f9d8f64c877b9af00db2ddb0cd4e65,delivered,2018-08-13 16:19:47,2018-08-13 16:30:22,2018-08-15 13:18:00,2018-08-16 16:36:32,2018-08-21 00:00:00
94c302f23bee09a61c1aab616b01b7b0,7279859141575c9865ad01ef92b7fe72,delivered,2018-04-03 13:38:22,2018-04-03 13:50:21,2018-04-04 00:18:23,2018-04-07 01:02:46,2018-04-13 00:00:00
460cef6c65eb7c4ab96f05d1c6846293,725996336a7ab4fd518c0be1493fee5e,delivered,2018-07-19 11:14:53,2018-07-19 11:25:20,2018-07-19 14:43:00,2018-07-26 18:32:18,2018-08-20 00:00:00
4b30d547305dc914c94aaef8f842ebc2,665529d7b38b94e83d5ddf8efa19ca3b,delivered,2018-08-10 09:22:06,2018-08-10 09:35:19,2018-08-10 13:52:00,2018-08-20 18:56:31,2018-09-05 00:00:00
43c19b4037a93e40cda474629cc40648,2d7e66739135e31f52914f0e203c705f,delivered,2018-08-05 13:37:02,2018-08-05 13:50:13,2018-08-06 19:27:00,2018-08-08 23:02:29,2018-08-13 00:00:00
d8812294227048fefff4168f5beaa9d6,86af59110d1c4598a7932ee65fe2cd54,delivered,2018-03-24 14:13:28,2018-03-24 14:27:48,2018-03-26 19:38:27,2018-03-27 22:52:33,2018-04-06 00:00:00
336efd31419787f0000881576b3b0f0a,9c261fc5357a92197feb597b04d81a91,delivered,2018-08-08 18:13:39,2018-08-08 18:25:11,2018-08-09 12:25:00,2018-08-14 23:12:13,2018-08-30 00:00:00
95fba842978e008c75e640b1908f1867,a5817e13f0c91bdfddfb326c341451ed,delivered,2017-07-08 21:30:18,2017-07-09 06:43:07,2017-07-10 18:27:49,2017-07-15 03:03:25,2017-07-21 00:00:00
a08e444c29fa117e22e5408c3ffd6646,9363024235560d595e1dae2ea61f4afe,delivered,2018-07-01 20:36:18,2018-07-01 20:49:59,2018-07-03 05:43:00,2018-07-05 23:12:09,2018-07-20 00:00:00
836128c0637ca6a0c2dbe0c00cf19d99,8fb4ea6125942288ebda1ed544316770,delivered,2017-06-16 14:29:33,2017-06-16 14:45:14,2017-06-19 20:12:27,2017-06-21 22:26:27,2017-06-29 00:00:00
5a1c439f628aa5c1a84b11b8a09bfcfa,aaa8ba61d84b61b5c3ff2ea0f5a98daf,delivered,2018-06-14 10:19:03,2018-06-14 10:41:46,2018-06-18 13:46:00,2018-06-27 14:55:11,2018-07-13 00:00:00
e5719cfaa683987b3ac4bdcc0c5c6a46,26d46563156d3bd9dc62fd4d3efd92da,shipped,2017-05-02 21:45:29,2017-05-03 15:25:20,2017-05-04 13:44:29,,2017-05-25 00:00:00
01b1a7fdae9ad1837d6ab861705a1fa5,a2da04a295c890e30103aeb5356163f0,delivered,2017-05-29 15:48:13,2017-05-29 16:02:58,2017-06-01 11:45:09,2017-06-07 14:07:04,2017-06-21 00:00:00
a95978001177e140008056316fd05811,0f07fc4aa37cf3ef826d1a14883847f9,delivered,2017-02-18 15:34:44,2017-02-18 15:45:19,2017-02-20 11:38:28,2017-02-24 03:24:46,2017-03-21 00:00:00
14904245b311483b6886be3c2e717e76,a52ee9f5a35cf680f2aea9dd5fe0941e,canceled,2018-02-12 15:49:38,2018-02-12 16:27:22,2018-02-14 19:25:00,,2018-03-13 00:00:00
3504e5f25e8c978b842d4f1164b52b59,5f74b0f2e7a914d47ab126a05d746638,delivered,2017-09-11 18:40:20,2017-09-11 18:50:19,2017-09-13 18:36:39,2017-09-15 23:43:41,2017-09-28 00:00:00
c518fcc14b2bf7ad3f5a833fe67ed9a5,e08b75dc9519535144829d6fccd04f6b,delivered,2018-04-18 18:36:32,2018-04-18 18:50:29,2018-04-19 17:06:55,2018-05-07 12:42:58,2018-05-15 00:00:00
531694ee49280f6c3d2febd2c0f5334d,3333f866a124d5587c7b3233bb9173d0,delivered,2017-05-04 22:19:32,2017-05-04 22:30:16,2017-05-05 09:59:26,2017-05-10 12:34:49,2017-05-25 00:00:00
8804ce4a12b1afd7c2751be6810e6597,90970f7867ea91fe016dcb27b46f6261,delivered,2018-02-12 10:32:52,2018-02-12 10:48:16,2018-02-15 20:32:05,2018-02-23 18:42:34,2018-03-06 00:00:00
a25eea9aec239850371fc90ff02f45a7,af79c47217ff7e3195ca3bb491e01e8d,delivered,2017-06-28 11:08:40,2017-06-28 11:15:22,2017-07-04 14:36:49,2017-07-05 12:47:28,2017-07-11 00:00:00
39036e9122762c9b45c239ddbc452651,c008f3bac9e5d451c760f32c168394a1,delivered,2017-10-25 18:30:49,2017-10-27 02:55:31,2017-11-01 21:12:19,2017-11-14 12:59:31,2017-11-22 00:00:00
31bfcb30bb17876d402e178810ac042f,754cdf5cddcedbe257b8fbea2cc1ae03,delivered,2017-03-06 14:52:58,2017-03-06 15:43:00,2017-03-07 10:41:44,2017-03-09 05:32:34,2017-03-23 00:00:00
25be1d2d060ffdd6d8f10daceda67087,811148a7f154ead231a5f3c0ee7b667a,delivered,2018-02-06 19:40:28,2018-02-06 20:31:21,2018-02-08 14:21:58,2018-02-09 21:29:07,2018-02-26 00:00:00
5985ffeab1ed2339fe93d713e2c48db8,b511c2412ad8f6dce9174c4892484c5c,delivered,2017-09-27 14:29:22,2017-09-29 03:21:56,2017-10-02 21:35:11,2017-10-04 17:13:17,2017-10-13 00:00:00
b8f6c1f24bcd15ca5eb715c85b0abc29,45742477c326bf68df61971f1b7792c3,delivered,2018-03-28 18:46:42,2018-03-29 07:50:18,2018-04-05 16:31:01,2018-04-28 06:32:10,2018-04-26 00:00:00
2aa91108853cecb43c84a5dc5b277475,afeb16c7f46396c0ed54acb45ccaaa40,delivered,2017-09-29 08:52:58,2017-09-29 09:07:16,,2017-11-20 19:44:47,2017-11-14 00:00:00
dcb56bf601ec6f24940b3b1ab0aa5e2e,ebbb7c7259a2e1d10119c909b11105d5,delivered,2017-11-24 19:18:55,2017-11-24 22:36:31,2017-11-27 18:36:54,2017-12-20 22:07:06,2017-12-18 00:00:00
faa656e714039086ed78afa051133804,2e7260a389c2f73bd05eafad99f0b62f,delivered,2017-12-21 15:34:39,2017-12-21 15:50:04,2018-01-17 15:06:21,2018-01-24 00:14:44,2018-02-08 00:00:00
f49cd89d6dad6dd5759ecf15dfe4bb19,0f687ed7edef79545319e147f39a290a,delivered,2018-02-19 10:06:26,2018-02-21 06:20:25,2018-03-01 21:08:45,2018-03-14 18:28:23,2018-03-19 00:00:00
c1e6381e0212521187651df2d8d099de,f0b486ffd24a678cd2050bc29d3678c4,delivered,2017-12-05 10:56:31,2017-12-05 11:46:53,2017-12-06 21:46:54,2017-12-15 19:35:15,2017-12-29 00:00:00
9e99d220ca1057d22b317d36cf203620,60ff6e09a676bfa797f0ae3f1282ce4d,unavailable,2018-01-03 17:05:21,2018-01-05 02:35:44,,,2018-02-01 00:00:00
c3b8117e0c3ab4a5d6db91085a3e7432,a99315708cc05b41436c913e956c76e9,delivered,2018-01-25 15:14:42,2018-01-25 15:41:24,2018-01-29 22:14:34,2018-01-31 19:04:16,2018-03-01 00:00:00
d8d2a08b724c4ce7446dea366703745c,b7b3b2f3efeac8ea7fbac0b84422829a,delivered,2017-07-04 10:46:05,2017-07-05 02:45:28,2017-07-07 12:32:53,2017-07-17 20:29:56,2017-07-26 00:00:00
ba6f6f90eeff8fa9dd5b4ec6ed8196af,559aed281eceafa5b472042c7b82b0c5,delivered,2018-02-22 23:31:29,2018-02-22 23:47:50,2018-02-24 01:16:24,2018-02-25 21:57:32,2018-03-08 00:00:00
7144fcbeada7426f9bb134795620511c,deeec572358e558412acc3e2386a35e4,delivered,2017-03-27 17:26:43,2017-03-28 06:42:33,2017-03-29 11:04:15,2017-03-31 21:08:16,2017-04-13 00:00:00
ebba0f0e2ffae0bde1401c8cc343eed7,e04fb0ff8c7aef7555088b36b68d77d9,delivered,2017-12-20 18:27:28,2017-12-20 18:38:21,2017-12-22 12:37:54,2017-12-29 15:46:59,2018-01-15 00:00:00
05ccdfa84392875afc23c1ae9f014ce4,b42b25490bee1f192dcb015b6f4c60fa,delivered,2018-04-14 13:04:25,2018-04-14 13:15:09,2018-04-16 20:19:13,2018-04-25 11:32:44,2018-05-09 00:00:00
5ded9a59e8920225f45b1d0e11dc7d97,807ef2b1870358b473e99027f30f2064,delivered,2017-04-28 15:39:24,2017-04-28 15:50:22,2017-05-02 13:10:07,2017-05-20 11:21:13,2017-05-22 00:00:00
4e8eac5f839b87a8cdbd9847f4fe442d,beff7f4cbb7cccca1de04a53004a4674,delivered,2018-08-03 17:56:37,2018-08-03 18:31:44,2018-08-10 19:12:00,2018-08-14 01:02:30,2018-08-09 00:00:00
e62ce4c0697f4df07743beb01dae7ded,c789c5f1b9a116410c3777832c5cf2c3,delivered,2017-12-01 08:46:08,2017-12-01 11:30:56,2017-12-01 18:27:33,2017-12-06 16:43:51,2017-12-26 00:00:00
e20560466a7eee243aeda872e0e7b95e,9ab11fdb695c99582518b60b74d47879,delivered,2017-07-30 17:25:34,2017-07-30 17:44:17,2017-08-04 11:47:35,2017-08-07 22:07:26,2017-08-11 00:00:00
f4b2e1f6d7efad219764d0da00936947,5bedc2a26d2aedfc0fae21122b985e0d,delivered,2018-05-17 10:59:34,2018-05-18 11:31:07,2018-05-21 13:45:00,2018-06-07 16:27:32,2018-06-11 00:00:00
362c615940e6d0069585388110f8bab1,15e25ffe745b83f124ec4d08b0af3667,delivered,2018-02-20 08:10:17,2018-02-20 08:32:34,2018-02-21 12:39:21,2018-03-07 18:51:37,2018-03-16 00:00:00
892b015e3a78c1b2fa5449f09af3df7b,d0fd2347774bbae9e9118a08b1a4ea31,delivered,2017-11-30 22:20:59,2017-12-01 10:31:15,2017-12-01 17:33:00,2017-12-19 00:07:52,2017-12-29 00:00:00
fada5293c9a23323a95ffe4129f45f9c,91b9a65137927358dc068041f1f992f9,delivered,2018-07-12 12:25:22,2018-07-12 12:35:16,2018-07-12 14:11:00,2018-07-13 20:38:28,2018-08-01 00:00:00
03f127181062ad98441893efffd412c5,ebf80e000feb1315e227014ae07e4d30,delivered,2018-06-10 16:45:24,2018-06-11 09:11:55,2018-06-14 16:42:00,2018-06-18 19:22:39,2018-07-11 00:00:00
b1c09ecb8690220efaee5aafdbcd520b,9c3a40251f4120fcda27549586f03ed3,delivered,2018-06-26 15:42:48,2018-06-26 15:56:59,2018-06-29 15:34:00,2018-07-06 16:49:44,2018-08-01 00:00:00
01bbf0fb0773cef52b4d6501e83162f3,56e023e21be211feb920b2e0eeb75c1d,delivered,2017-03-22 22:04:02,2017-03-22 22:04:02,2017-03-28 08:13:59,2017-04-10 11:37:53,2017-04-19 00:00:00
ce5420f8e3e7e46d19de72c08c690ffc,a7ec0eb4da9056774733b2da21fef63c,delivered,2017-12-17 08:00:11,2017-12-17 08:12:23,2017-12-19 18:06:58,2018-01-12 23:47:11,2018-01-11 00:00:00
8a7074d44436c26d7e0bd110395d0fe6,f0e868a9c5f71021ea5dfb44e002f466,delivered,2018-02-22 16:10:33,2018-02-24 02:48:37,2018-02-26 23:18:53,2018-03-01 16:28:38,2018-03-15 00:00:00
78e669f43077eded2d55ba9455560995,38955481fd51ffe551f17d2efdeaf43b,delivered,2018-08-05 15:42:51,2018-08-05 15:50:20,2018-08-06 15:43:00,2018-08-15 15:12:10,2018-08-24 00:00:00
34898d392f0f57ce2cb451fe7c86f555,44be8fee47b1fc354dc6e84806bdea1a,delivered,2017-05-02 16:53:19,2017-05-03 15:50:31,2017-05-09 12:32:39,2017-05-22 12:32:28,2017-06-09 00:00:00
beb82936199adb4cf410d9dc9554e674,55b0cfd42e4162d7976f130efaa944e3,delivered,2018-08-03 10:35:32,2018-08-07 04:45:24,2018-08-10 12:16:00,2018-08-14 16:44:42,2018-08-09 00:00:00
d6dae36830ffe3962efff0e91cc64127,3528b0f4fc89cd237f14b2ef3fa1530d,delivered,2017-12-12 12:23:11,2017-12-14 12:18:29,2017-12-14 23:07:45,2018-01-03 16:40:33,2018-01-18 00:00:00
6f4e7312027dba2bba5c1b75addfd1ef,db76a08441e64f32ac64a72161893227,delivered,2017-07-19 08:52:47,2017-07-19 22:35:12,2017-07-20 14:49:27,2017-07-27 16:43:34,2017-08-10 00:00:00
cfa740305abcdd1e81de66935e86df2d,b8865036ecec86d428dd84f85041adb2,delivered,2018-03-05 19:36:50,2018-03-05 20:40:36,2018-03-07 19:23:07,2018-03-20 21:08:36,2018-03-29 00:00:00
2e9459cba62b0d848703c2c3d1c50abe,09f684f838e2d8ad58c6ddae94ba07e4,delivered,2018-03-27 14:05:03,2018-03-27 15:08:05,2018-03-29 23:44:42,2018-04-12 19:21:25,2018-04-16 00:00:00
0fdc6ce12cb319cb9c173af525080d3f,06297f06409ee00a3cfdbf2f1a016afa,delivered,2017-05-21 11:30:55,2017-05-21 11:42:37,2017-05-23 12:57:37,2017-05-31 10:52:33,2017-06-16 00:00:00
4082016610cd8b53add011fe068c04b3,0bb6025d17db5fa2352692bc680873bd,delivered,2018-01-25 14:04:45,2018-01-25 14:20:13,2018-02-01 01:21:16,2018-02-14 19:28:32,2018-02-20 00:00:00
18e4264c34fe91aab3b39ea012932f3d,1ecd973eedecc6e4983980892cd2b4ab,delivered,2017-02-22 14:17:03,2017-02-22 14:25:08,2017-03-08 09:08:33,2017-03-29 17:26:46,2017-03-23 00:00:00
4b2dc3d5bb4accd12c73d55b2a10f856,4ca9f150dfdd7257bd211c0c7c5bb752,delivered,2018-08-03 10:09:01,2018-08-04 04:15:09,2018-08-06 13:01:00,2018-08-07 18:42:40,2018-08-15 00:00:00
6dc1b0448d8665a1ad93f2c1ec5b925a,06f51feba23580cfca0f581994fb7789,delivered,2018-08-05 20:14:53,2018-08-05 20:25:15,2018-08-07 12:24:00,2018-08-13 17:29:41,2018-08-16 00:00:00
c95f74e4997a96f046a9e40e4d8726de,40c894ae26b148a9c7e3491c99400628,delivered,2017-10-22 12:59:49,2017-10-24 03:49:46,2017-10-25 13:56:43,2017-11-10 21:07:42,2017-11-17 00:00:00
8465a1ae25d801a0c2d8dbfeb425a6f6,1dc79b18a1a94a88df9b995e724a514f,delivered,2018-03-04 14:40:34,2018-03-04 14:50:31,2018-03-06 17:46:31,2018-03-31 14:58:33,2018-03-21 00:00:00
66b28b67d37eb8809a5cf1cc3ceb8310,1be4bdc654d6c8852647215506507d72,delivered,2018-04-20 15:41:57,2018-04-24 17:57:53,2018-04-25 14:39:00,2018-04-26 18:33:16,2018-05-10 00:00:00
ead53bfbfe51cbde79b7a6e413627d03,6ff454ccc811de7423c70b5b3b8a5164,delivered,2018-05-02 23:06:51,2018-05-03 23:10:54,2018-05-04 12:12:00,2018-06-01 19:24:29,2018-06-04 00:00:00
46b54803053a4980508c20a1927bd9ab,9ada2abc4fe3927b36a8eaf290b73d12,delivered,2018-07-25 15:10:00,2018-07-25 15:25:09,2018-07-30 12:24:00,2018-08-02 14:42:43,2018-08-09 00:00:00
a7b1a54a2b2cf96cfabf303fccafbc3e,00acc750f0c2bda99b95c4043ff1e662,delivered,2018-05-07 17:32:05,2018-05-07 18:10:41,2018-05-09 15:48:00,2018-05-18 17:56:48,2018-05-29 00:00:00
99fe839853e734a1e1a1969bf1c230fc,171d82ea67bc562fb6be49934affdfd7,delivered,2017-05-26 11:21:29,2017-05-26 11:30:22,2017-06-07 11:24:31,2017-06-11 09:11:56,2017-06-27 00:00:00
d0bb06ef78b37700d2447cc76a9a71aa,80bcee93c907cb4fb64b23400031298d,delivered,2017-10-05 22:35:52,2017-10-05 22:49:26,2017-10-17 18:39:42,2017-10-23 20:57:04,2017-10-27 00:00:00
852f03ee94e792bd908883a245f246a1,fdfd1ab3c8bf25fea789cfac3e746e13,delivered,2018-06-25 09:05:04,2018-06-26 05:37:04,2018-06-26 13:50:00,2018-06-28 23:03:40,2018-07-17 00:00:00
49a4561c8844cc95f2af25a0fdf77156,48c9d7ac3c14a732cf8c8a1c108d0a83,delivered,2017-11-11 11:41:35,2017-11-11 11:55:29,2017-11-16 15:56:43,2017-11-27 18:22:44,2017-12-06 00:00:00
062afb045916ff90100893d5df84c186,2812c5e9e26768d8b8d3046bb8aa366e,delivered,2018-01-19 11:47:34,2018-01-19 11:54:30,2018-01-23 17:33:12,2018-01-31 16:52:49,2018-02-16 00:00:00
ff9fa3c222a580f6b52c81a08bd4f7dd,28292de0b6d5b83bd51f29fd3456cf45,delivered,2018-03-05 16:03:31,2018-03-05 16:40:26,2018-03-06 21:58:56,2018-03-16 18:08:44,2018-03-27 00:00:00
54dfaf9697f69a07a441fc17ab325f5c,bf1706c03ccc5ecbfd217c81d02d3aee,delivered,2018-05-10 13:09:26,2018-05-10 13:35:49,2018-05-11 12:44:00,2018-05-18 19:05:10,2018-05-25 00:00:00
8bee87d19d77da4782190d630e85e980,10916bffd55a5932a7e23fe4ab4d4b8e,delivered,2018-03-15 20:59:23,2018-03-16 20:55:47,2018-03-24 00:56:47,2018-04-03 13:51:49,2018-04-18 00:00:00
2d3b451fae025eca7a05641e05e452bb,d33885da5770ce864e8c39b0e8e5dcd6,delivered,2018-07-23 12:35:34,2018-07-28 23:31:07,2018-07-24 14:47:00,2018-07-31 00:41:32,2018-08-08 00:00:00
dda34d917fca93319316d959e22b9289,38c07e7e9ae35da412133b052d05edaa,delivered,2017-02-22 17:46:56,2017-02-23 20:05:19,2017-03-02 09:39:47,2017-03-17 14:58:05,2017-04-04 00:00:00
82cc41708a2af46f14addaf31ad61ccd,e051602b99394979f726faa8b459b551,delivered,2017-10-17 11:10:42,2017-10-17 11:28:31,2017-10-18 14:36:04,2017-10-26 16:08:02,2017-11-07 00:00:00
7b033cb628034cf26d21edbccd4f1350,23459e7ad85b62dda9739dba67c024ae,delivered,2017-05-30 17:20:52,2017-06-01 03:55:23,2017-06-08 15:33:32,2017-06-12 13:49:39,2017-07-11 00:00:00
d738667fa4f31f5d89dd8dfcc07699ec,e135e7b246c8d48ffed49bfc61c0f6c8,delivered,2017-05-08 12:05:40,2017-05-09 09:30:24,2017-05-09 15:01:52,2017-05-15 06:29:50,2017-05-30 00:00:00
74bd06b5f9e79f8761e2b924e65cdfde,fa5dcf7e8ad9763d4f516596de111263,delivered,2017-05-30 21:04:56,2017-05-30 21:15:09,2017-05-31 10:46:54,2017-06-13 14:27:21,2017-06-30 00:00:00
3558178e8d339107c501b79be5836b47,a9c030c61db29a75dfd4a45d8907837b,delivered,2017-10-28 23:51:31,2017-10-29 00:46:17,2017-10-30 19:47:03,2017-11-03 17:37:05,2017-11-21 00:00:00
4736832c0e59da8a5d32fcdce7afa55e,8048995a729129dc06cc00ec674bc4fb,invoiced,2017-08-15 11:34:24,2017-08-15 12:04:01,,,2017-08-28 00:00:00
2b31af271f3efcfd1f240a6ba82c631e,f7be82a2745ab37efb4f956c800a734e,delivered,2018-07-10 21:00:45,2018-07-10 21:15:16,2018-07-11 14:38:00,2018-07-12 18:17:31,2018-07-20 00:00:00
75c02a4e1587058ae9cc570985965ca1,99c0d48ae664eb8654598e061df8c266,delivered,2018-04-15 22:29:11,2018-04-15 22:51:55,2018-04-19 23:53:45,2018-04-20 15:56:27,2018-05-07 00:00:00
f1a0df7b904668cd90438d0b076d522f,07396c453f4681f7be214112539b29b8,delivered,2018-07-04 17:41:47,2018-07-05 17:35:19,2018-07-06 08:57:00,2018-07-14 17:32:07,2018-07-23 00:00:00
7b1cf9f880b0f7eba111c5342dd2fba9,df252288cc550625697753e78aa41671,delivered,2017-05-13 23:47:48,2017-05-14 01:10:18,2017-05-16 16:02:26,2017-05-29 15:48:44,2017-06-05 00:00:00
f30663edef2c5ccbd8ac1901275ecf64,7b8ca289129bab18d8b098ca02bbc4bc,delivered,2017-01-24 16:26:51,2017-01-24 16:42:00,2017-01-26 14:57:02,2017-01-30 10:33:50,2017-02-17 00:00:00
cbbf61b366cb1ca7a9f9b954e8f345b5,887859ee8692098a45898e5917a999a7,delivered,2018-07-01 12:19:55,2018-07-01 18:49:48,2018-07-03 19:41:00,2018-07-05 21:46:28,2018-07-16 00:00:00
0188777fe321843a18be24a6e9aa1e53,dc573d2a61a467e5e2826c1729691859,delivered,2017-07-23 16:13:37,2017-07-25 14:35:11,2017-07-27 18:45:50,2017-07-28 16:18:00,2017-08-08 00:00:00
a65211639143a90d6cb4116d808b1823,b23f056c8604016df9fefaa92128ab42,delivered,2018-04-02 20:55:25,2018-04-04 03:09:02,2018-04-04 22:38:56,2018-05-26 01:34:22,2018-05-16 00:00:00
f5c91344312b1179054ff03d56905ac1,acd6d873b87903bf2df580186eee89b2,delivered,2017-11-29 04:09:01,2017-11-29 04:19:20,2017-12-01 19:32:47,2017-12-04 19:38:36,2017-12-15 00:00:00
44e4c5a939b122bbe9e4688a50e44167,47e213633a3586db691bde58fde42037,delivered,2018-05-31 22:59:13,2018-06-01 22:55:11,2018-06-22 15:52:00,2018-06-25 17:44:56,2018-07-04 00:00:00
ff5b7f440481674b38554434638beebf,e6ab213cb124524887ac41b8eaca9653,delivered,2018-08-15 20:24:56,2018-08-17 03:29:42,2018-08-17 11:56:00,2018-08-30 14:18:52,2018-08-23 00:00:00
d4068e9d72451b844cf7aae5bd7ec922,681e334b8995206f1fc8ab3275d90592,delivered,2017-09-09 14:43:10,2017-09-09 14:55:15,2017-09-11 19:13:30,2017-09-19 17:18:46,2017-09-27 00:00:00
e8d814b4bf8b7a90595e115ae8fc83bc,f987f6a75a1c705d58e10897c479e3e1,delivered,2018-03-04 14:42:07,2018-03-04 14:55:36,2018-03-06 19:15:21,2018-03-15 22:28:44,2018-03-21 00:00:00
c65986c7e2864168c83419b46efb984f,6c5672e9f126645b47e64e7f3e8a2d4b,delivered,2018-03-07 13:57:39,2018-03-07 14:40:20,2018-03-07 23:29:04,2018-03-09 00:40:52,2018-03-19 00:00:00
40873b37163716fad21393ee93374543,b2c2817603b236e42729436c3e652774,delivered,2017-11-24 08:17:08,2017-11-28 03:40:19,2017-11-28 23:24:40,2017-12-11 16:37:15,2017-12-21 00:00:00
49ce81a5bb55c1d1afb2627410822fa7,85569a220677a6e1458ca456d5c0ff29,delivered,2018-02-16 13:43:28,2018-02-16 13:55:25,2018-02-19 19:29:11,2018-03-15 05:28:23,2018-03-26 00:00:00
39ddbf9faa7aa4f9c43b32acd366ea32,cb6d1df0f0d9b6245975a002383419da,delivered,2018-07-19 09:30:13,2018-07-21 04:05:09,2018-07-23 08:00:00,2018-07-26 22:14:41,2018-08-06 00:00:00
2d89599c5c8a739bf6d061f82bd09032,48eab19088f16aa94632912e08ccb8bd,delivered,2018-08-10 11:02:08,2018-08-10 11:10:18,2018-08-10 15:06:00,2018-08-23 23:21:46,2018-09-13 00:00:00
48dcd7368e7d1b9bedc55f16a3cc8188,016112a43e0319656ab0b25e1d904171,delivered,2017-07-12 11:55:19,2017-07-12 13:03:25,2017-07-14 19:47:48,2017-07-24 15:09:53,2017-08-15 00:00:00
739a725c63ee6fe22172060698bcb934,ef8dc86ec14a507b281494aa6db1f53f,delivered,2017-12-16 13:38:19,2017-12-16 13:51:37,2017-12-18 17:19:17,2018-01-04 22:57:31,2018-01-16 00:00:00
151c27c128aed0a8f60f8ed31c5d62f2,8f7076e6c2a866bb901bc35ada1f96c2,delivered,2018-03-01 10:52:14,2018-03-01 11:14:35,2018-03-02 19:39:05,2018-03-21 17:21:31,2018-03-22 00:00:00
f65dd07add88e7040803c33aec4134e1,71c1cf733b397e66c54c91e1154d03b7,delivered,2018-06-11 12:55:47,2018-06-11 13:34:16,2018-06-18 09:51:00,2018-06-25 18:12:36,2018-07-13 00:00:00
f392f7aa851a5da079d2a4fb24357b46,139797e7ccd04eca107ebfef6888c0d5,delivered,2017-07-19 22:29:15,2017-07-20 22:35:09,2017-07-24 10:06:31,2017-08-05 15:32:07,2017-08-17 00:00:00
4adbb023fd0ab6d84373f8f2f20a9ef5,bc0136edef6ccb670bfbf9303b8678a5,delivered,2018-05-12 19:29:42,2018-05-12 19:56:36,2018-05-14 14:10:00,2018-05-19 19:03:32,2018-06-12 00:00:00
02ff3675b59b53ca5cdcb2b6752aeea1,b537b5df21ba82fe48ad320005fdb620,delivered,2017-02-02 17:10:20,2017-02-02 17:25:10,2017-02-08 15:25:20,2017-02-14 08:12:22,2017-03-13 00:00:00
8ef25ada03b56cd00e4021ea5b98f58e,c1eed0065b42f01e99ef89311a727aa2,delivered,2017-10-18 12:56:16,2017-10-20 17:49:27,2017-10-23 18:41:36,2017-10-30 19:05:31,2017-11-14 00:00:00
603ed359003f9966416e844105537b03,fd36672298845c0b3f7cd97dd2a202c5,delivered,2017-03-03 16:13:44,2017-03-03 16:25:14,2017-03-08 08:19:03,2017-03-13 10:52:33,2017-03-22 00:00:00
48c56cc80e14fbacd59693351572327a,943214f1e7136b47167d03ce8a21824e,delivered,2018-06-02 15:26:52,2018-06-02 15:49:53,2018-06-04 13:58:00,2018-06-07 17:33:32,2018-07-12 00:00:00
ead00e0026023c03ce71d6d072050bf6,85c4d9c7becf2cec8e59df8acb4dcfed,delivered,2018-04-20 14:37:08,2018-04-24 19:18:42,2018-04-21 00:12:08,2018-05-01 02:13:35,2018-05-16 00:00:00
9b045cde06f6adb6f6187e2119c89869,b8eff644a59838c6d4bb2db5b5e22d3f,delivered,2017-06-26 10:55:20,2017-06-26 11:11:12,2017-06-27 17:03:30,2017-07-01 08:39:48,2017-07-24 00:00:00
1c210d8d0ed766032afaef9c51cc04ba,5a810369c00ef52bb2d30faaaf81453a,delivered,2017-12-12 17:36:04,2017-12-12 18:10:52,2017-12-13 19:36:50,2017-12-20 18:54:37,2018-01-10 00:00:00
870fd43e82d46b9f89d7983527864ae5,c9877fb57fac51fb8569a813c5707499,delivered,2017-10-06 22:18:57,2017-10-06 22:28:17,2017-10-20 15:03:06,2017-10-24 23:48:03,2017-10-30 00:00:00
e10b36804f91a77995a7a1f3b5454f24,0f751fe5ddfc5d40e6e4d1be087558ff,delivered,2018-01-06 13:54:10,2018-01-06 14:06:56,2018-01-09 17:24:04,2018-02-27 16:15:51,2018-02-06 00:00:00
7bd571abe64a3b419a018f590d1b8046,604fa1090b6598592407c18aa0a31b5f,delivered,2017-04-27 14:08:56,2017-04-27 14:23:36,2017-04-28 12:37:12,2017-05-10 09:30:07,2017-05-25 00:00:00
7613c3754c405759d9fc074c35a02b3c,d61acc6e4228d52d3b651ba6ccfb3494,delivered,2018-07-03 00:53:07,2018-07-03 01:10:43,2018-07-03 19:26:00,2018-07-05 21:33:00,2018-07-16 00:00:00
ed4e8b0a842c00f7ff68654911fbea63,e075fd158936ca4de443df6b60e284e5,delivered,2018-02-28 11:06:33,2018-03-01 11:14:33,2018-03-05 14:09:46,2018-03-20 20:02:55,2018-03-23 00:00:00
56c07a8c954c56563cd630953dab3adb,e67ce987c6eed16599773cae6fa3ea2f,delivered,2017-12-04 19:31:15,2017-12-04 19:55:20,2017-12-05 18:23:04,2017-12-19 11:28:40,2018-01-04 00:00:00
5586165a8c737d52401ee3eadb09f980,af7945915ed20b1c68b178280bfacfd4,delivered,2017-06-07 13:44:57,2017-06-08 13:55:25,2017-06-08 14:52:29,2017-06-19 19:02:42,2017-06-30 00:00:00
6cfe871c3010e071e0672c44068d04fa,f5ae2322934eea77ddab0472112f1f3e,delivered,2018-02-15 01:16:51,2018-02-15 01:47:24,2018-02-15 15:38:55,2018-02-21 20:54:39,2018-03-08 00:00:00
36749cbf5c327d95990050cbaa0f41fd,ca2290d0eee25f5bb4982b92ebbedc02,delivered,2018-04-16 18:29:52,2018-04-16 19:15:33,2018-04-17 17:06:27,2018-04-24 23:54:39,2018-05-10 00:00:00
5c617dfa96b6fe84f28fcb382042b3a3,ae19015eda5e64bb7ff163a4a4b87435,delivered,2017-09-20 06:27:32,2017-09-20 07:00:07,2017-09-21 17:23:15,2017-09-27 22:23:40,2017-10-06 00:00:00
5e22038cfe14c065388be1dd0a85ba77,fbb476beae00fbc35d20498ab657036a,delivered,2017-02-22 12:26:37,2017-02-22 13:05:26,2017-02-23 09:24:37,2017-03-02 17:42:14,2017-03-21 00:00:00
c3084098ea4ba59510ba1278d3cee2d2,153d5985755b0fd26352e485753c7b28,delivered,2017-02-08 08:09:51,2017-02-08 08:32:36,2017-02-08 14:58:26,2017-02-16 10:40:15,2017-03-21 00:00:00
e8abe560216dcd35d47f6c27da0c99c6,1083e818f31ccc3ffe523edf73b71df8,delivered,2018-03-22 14:55:55,2018-03-22 15:15:42,2018-03-23 22:21:38,2018-03-29 19:58:51,2018-04-13 00:00:00
edc436664fdf8593a6e8c17096aa893a,ea1c0ff2fd07d7ea71dd80d36697f3e1,delivered,2017-02-28 16:24:19,2017-02-28 19:20:07,2017-03-03 14:34:26,2017-03-09 12:50:17,2017-03-20 00:00:00
2b7737f7accfb9e2ee360963a202eaf3,ee46c93e6151b7c853a1fd784065695f,delivered,2018-04-15 14:27:23,2018-04-17 05:55:46,2018-04-17 17:32:33,2018-04-23 16:50:59,2018-05-15 00:00:00
7747e7dad627e9be7ae087618777080c,5cfb23ffe74b81e0a0cbdf71e27a4021,delivered,2017-09-02 23:16:33,2017-09-02 23:25:17,2017-09-08 18:25:23,2017-09-15 21:33:43,2017-09-28 00:00:00
b3878761474174aa7dfaa4140dd91ae5,6959ca0d495c1527a2b718ba44912c1c,delivered,2017-11-19 15:49:41,2017-11-21 04:07:01,2017-11-22 12:31:50,2017-12-05 15:25:56,2017-12-15 00:00:00
9723bfef225ffa02fcb1be4299e59f91,b7efe309d1615673c7e5de5b6a7cac82,delivered,2018-08-10 20:49:42,2018-08-14 04:44:32,2018-08-21 13:58:00,2018-08-28 18:51:25,2018-09-10 00:00:00
f9f7f1e70523c75e60755a32756b264a,6a413c25bfb3eedcf283c7f1c7184e1a,delivered,2018-01-16 21:49:11,2018-01-16 21:58:38,2018-01-18 22:28:37,2018-01-27 09:52:03,2018-02-08 00:00:00
9d7f8c7566bb8c83694361b9838d9a2a,e40b8fd47a9b7363e3d4b1d324756a77,delivered,2017-10-12 11:51:40,2017-10-12 12:06:32,2017-10-13 18:10:13,2017-10-31 19:27:44,2017-11-22 00:00:00
bfae97f66e306e1f2832857d6d11925f,bc9bab6d6e6c3d1a7bc6c1242dbd48c2,delivered,2017-09-12 18:24:46,2017-09-12 18:35:13,2017-09-13 17:23:27,2017-09-22 22:42:39,2017-09-22 00:00:00
d68393f8b33cd22df7d78832c2761013,6d2c453c45724e86f5b33a15dad5ba1f,delivered,2018-08-09 02:09:15,2018-08-09 18:30:29,2018-08-15 14:40:00,2018-08-17 21:47:39,2018-08-21 00:00:00
94a5522ae641d6b9d4d13b7940fde73c,40cf41db125f13bbdf079ff9a74cefe2,delivered,2017-06-28 15:23:34,2017-06-29 02:50:27,2017-06-29 09:57:47,2017-07-10 17:32:57,2017-07-25 00:00:00
3fa9021f55fa5af262cd4ffc427d834e,c9451d1226cf81d85fdddb4e608d00c5,delivered,2018-04-05 17:47:50,2018-04-05 18:11:55,2018-04-06 23:57:34,2018-04-12 01:32:38,2018-04-17 00:00:00
d99ec4acbeb86fccf934f257ebd6baa3,493705fc389e90a33771f1522b6008cd,delivered,2018-01-29 08:59:43,2018-01-29 09:18:39,2018-02-01 17:55:50,2018-02-24 01:21:34,2018-02-22 00:00:00
5f2f3348a05e38d5f31b04f858c606f4,4e0afc4b91c3984459d61f3e4adfc334,delivered,2018-04-07 19:30:17,2018-04-07 19:48:05,2018-04-09 21:19:16,2018-04-16 21:28:36,2018-04-27 00:00:00
dc62c8d3266742ea5d47472b2c72b195,ddcb46e5e5665d514bc10d16c528ef14,delivered,2017-04-21 09:48:39,2017-04-21 10:02:31,2017-04-28 08:39:52,2017-05-15 12:22:12,2017-06-02 00:00:00
2e740ecc4d15abb7cbef29f843b39942,57c0790260575dcab6952e29ee2ba0e8,delivered,2018-02-20 15:07:08,2018-02-20 15:40:29,2018-02-21 20:32:20,2018-02-27 11:39:05,2018-03-06 00:00:00
6dfd5e5c5068dadbb8ac93001b69677b,1a1563377cf71e8ada273fd052a63bc2,delivered,2018-08-01 00:22:34,2018-08-01 01:31:10,2018-08-01 12:12:00,2018-08-06 16:01:59,2018-08-21 00:00:00
cfdfd7862e532c4ec1ed1c6a1b56d320,0ab5ac09913dfd3f247c7929a3799799,canceled,2018-09-03 18:45:34,,,,2018-09-14 00:00:00
d405c5b11a649e5825842c4aaf8082ec,9b376404244cd24cf089abed1a44ff0b,delivered,2018-03-19 21:35:46,2018-03-19 21:50:25,2018-03-23 20:54:50,2018-03-29 18:46:41,2018-04-12 00:00:00
dd9aa4781edd47b13197cd4745fa846b,79c0aec7e6a81127ed9cc488a0cbc077,delivered,2017-12-30 11:34:58,2017-12-31 19:18:31,2018-01-05 22:11:04,2018-01-09 22:20:07,2018-01-18 00:00:00
9996aad294da648f199033d51534f004,615aa0714efe59141007e095a2647e26,delivered,2018-01-15 18:33:21,2018-01-15 18:51:07,2018-01-16 18:19:20,2018-01-19 00:49:01,2018-01-30 00:00:00
58215b758929434cfc11dea9a2238af0,5eac511e7c75393ffdb54bcf789ad327,delivered,2018-05-12 17:05:34,2018-05-14 08:33:04,2018-05-14 14:14:00,2018-05-18 21:47:40,2018-06-07 00:00:00
2305d46c47c716885a276ec1a322b612,645d58724df0468042044d31e6adf721,delivered,2018-04-17 11:49:48,2018-04-17 19:35:20,2018-04-23 15:39:03,2018-04-24 15:51:50,2018-05-11 00:00:00
4b5509e234ee8143cfdd7a1067f11926,3801634a8ed2f87c34df1cbe93378b6f,delivered,2018-06-10 23:24:43,2018-06-12 04:57:50,2018-06-13 10:27:00,2018-06-18 21:14:29,2018-06-28 00:00:00
fae58c4baf50862a273c6ece28f239a3,d2a67e59deafdfa08a6b71a9c6c4f1f3,delivered,2018-08-17 15:27:44,2018-08-21 04:29:40,2018-08-21 14:46:00,2018-08-28 01:21:36,2018-09-03 00:00:00
1d6d28833a5f36495de13114e3f5f505,4694c7d85c3059f4b5648bf4e2268c2b,delivered,2018-05-02 14:34:58,2018-05-02 16:19:33,2018-05-10 11:18:00,2018-05-24 01:12:52,2018-05-30 00:00:00
2636c69e57fce1b3a556b70f1acd1192,da1aa56ec12c8b63264ddc800772ce66,unavailable,2017-03-01 09:02:12,2017-03-01 09:10:21,,,2017-04-10 00:00:00
7ac2d00b969e92c7ff873e5a751f3b3d,6f71faf65a5de1ae7579315eb83a0735,delivered,2017-07-18 14:01:46,2017-07-18 14:15:15,2017-07-21 15:13:54,2017-08-02 19:07:32,2017-08-18 00:00:00
f72467d6531722969a365e9bad203276,8a3e99fa5a51279609ea8a0aa20bd801,delivered,2017-12-09 20:08:15,2017-12-09 20:14:20,2017-12-11 23:58:36,2018-01-06 15:32:48,2018-01-08 00:00:00
056bfadd41b8600ad5ecfef2ac132188,91faeb032f47277f654a8202eaa9fed6,delivered,2017-11-25 11:06:38,2017-11-25 11:15:31,2017-11-27 19:56:58,2017-12-04 14:44:45,2017-12-15 00:00:00
8fde182213914d24ed0bb9d4b02371a0,2456f8d019f041c966cd1d26e4759774,delivered,2018-05-17 17:56:25,2018-05-18 14:34:53,2018-05-18 14:26:00,2018-06-03 12:58:45,2018-06-01 00:00:00
bd546c347a5a00ff3faed07494bd681e,96a38239347713db442ef5972ea04aa8,delivered,2018-02-19 12:25:24,2018-02-19 12:46:51,2018-02-20 23:48:45,2018-03-26 17:22:06,2018-03-12 00:00:00
06914a88cb181e922cc58fed3d198c98,1abaf0a998b6b5157867e2311edba42e,delivered,2018-08-27 21:28:43,2018-08-27 22:03:47,2018-08-28 14:47:00,2018-08-29 20:03:23,2018-09-03 00:00:00
b3d81ed08686a0fcfef9a9c3d5db6571,574fce7ddbad6801c939a465c9350e3e,delivered,2017-06-16 17:39:26,2017-06-20 11:15:10,2017-06-21 11:26:16,2017-06-28 14:29:41,2017-07-12 00:00:00
6215b65b1a79cc034605e477320e37c3,84309b932d949c30b561e2900fa86678,delivered,2017-11-29 11:11:52,2017-11-29 11:37:16,2017-12-04 14:33:44,2017-12-12 21:48:29,2017-12-29 00:00:00
b93bb71b5e2443566763aab6cc80a84f,2c53d62bd0641d02ecee8feb1a196882,delivered,2017-11-24 10:28:01,2017-11-25 04:31:14,2017-11-28 19:32:10,2017-11-30 20:09:05,2017-12-14 00:00:00
ba606d3faf73e13022d13479d760cb45,be2b84f5d9486064e0163c4c966b30d8,delivered,2017-09-16 23:10:37,2017-09-19 03:30:30,2017-09-19 22:37:32,2017-10-09 18:25:12,2017-10-09 00:00:00
ebc45391c3d191ea75a52f6e2201d311,97be631d09715d48d5fdc90d8bdc8d9f,delivered,2018-07-04 13:51:48,2018-07-05 16:25:43,2018-07-05 14:11:00,2018-07-10 17:58:45,2018-07-24 00:00:00
8023039e9b07973c9aea60155b52e41a,35b3a6efcd9d3b5c26ffc5267711d101,delivered,2018-03-22 07:58:02,2018-03-22 08:10:31,2018-03-24 00:21:53,2018-03-28 22:08:23,2018-04-11 00:00:00
ab27936ade5bcfe477dffe5b67f91ffa,50ff13a465b4008d00459abe1e442a79,delivered,2018-02-09 10:00:43,2018-02-09 10:14:40,2018-02-09 19:48:25,2018-02-20 19:14:07,2018-03-06 00:00:00
89ab3deb002bd13b58edb1acb91cf903,c877712189c91e02b31a34e37974ebd7,delivered,2017-04-30 18:58:18,2017-04-30 19:10:15,2017-05-02 17:19:39,2017-05-24 17:52:26,2017-06-06 00:00:00
c274a2e17f75d6af15fc30bbdb0aa44c,f46232212123865e5196e5d003faebf7,delivered,2018-01-05 09:56:10,2018-01-05 10:07:54,2018-01-09 17:28:58,2018-01-10 20:55:02,2018-01-23 00:00:00
e22ffd32ea0c410c250cb735498b60e0,7bba27b49f066cf993f93f83e232546f,delivered,2017-12-03 23:50:26,2017-12-04 00:02:29,2017-12-07 21:12:35,2017-12-11 12:58:59,2017-12-20 00:00:00
6fea59a483e4a37701ffd5d5b8795ba7,a35e5f73f8f384c07ff61a9b159ce69b,delivered,2017-08-03 00:04:41,2017-08-03 00:23:46,2017-08-04 18:25:44,2017-08-09 11:30:03,2017-09-01 00:00:00
4e4fe0553ce2d62b2b7ab4c81187ae92,213ce6a7d6ded42b67098609314c1c69,delivered,2018-03-23 13:52:31,2018-03-27 03:56:03,2018-04-04 20:42:19,2018-04-18 12:05:05,2018-04-19 00:00:00
d0acc83d2ff6361a1b46385f475b723c,b1f6aad7ea584473474457e280189ce4,delivered,2017-07-10 10:00:54,2017-07-12 02:24:00,2017-07-14 21:54:43,2017-07-25 23:37:41,2017-08-10 00:00:00
8905761cac2180526408a54fdd74a54a,07cc1f06ad0006feaaffc09320ec4309,delivered,2017-06-19 16:58:00,2017-06-19 17:05:17,2017-06-20 10:29:21,2017-06-28 14:47:03,2017-07-11 00:00:00
bd949e84979feb82c855184c3f3e5d13,26de99152866cb5cb5439d586bb0e20a,delivered,2018-02-10 16:41:02,2018-02-10 16:55:52,2018-02-15 00:52:44,2018-02-25 12:59:04,2018-03-08 00:00:00
3f2467ae6b5a92494a59e95de0d79ba8,83b048e87ab6bc8d7f04a7bd976d9c31,unavailable,2018-01-21 09:43:40,2018-01-23 03:36:52,,,2018-02-19 00:00:00
36d911df663c33d155c3bcc0433d703a,a245c1a62012e749291b8bdc54db0569,delivered,2018-01-05 20:49:11,2018-01-05 20:59:44,2018-01-11 17:39:43,2018-01-22 20:43:14,2018-02-05 00:00:00
3a3ee9aa5c27f048575edfd6d3926140,6191f53eb8ca0c04c84df58764791cd5,delivered,2018-06-07 12:07:41,2018-06-08 12:21:37,2018-06-11 15:23:00,2018-06-22 17:51:27,2018-07-20 00:00:00
d08cea64b0ea4e19362640cd4b7f5a12,4b5b8bca7058650178559c68f6df9961,delivered,2017-10-29 20:49:14,2017-10-29 21:04:57,2017-11-21 05:44:44,2017-11-22 17:08:51,2017-11-30 00:00:00
69e43c38d7f53b87baae3045be7517b1,d31aa14d83534a9e149ec355751fb7c5,delivered,2017-02-13 22:44:35,2017-02-13 22:55:15,2017-02-16 05:44:06,2017-02-17 11:11:48,2017-03-10 00:00:00
f51fb43d2d69e83cc9cca35f9706798b,34667b3da73667b109439101ac3959d3,delivered,2017-11-21 21:11:30,2017-11-21 22:00:31,2017-11-22 20:44:32,2017-11-27 17:39:06,2017-12-11 00:00:00
0030ff924c38549807645976adeef2c0,c46e1af5a15417246a9c5e81ac964358,delivered,2018-03-25 16:52:27,2018-03-25 17:10:21,2018-04-07 01:18:33,2018-04-16 15:39:49,2018-04-20 00:00:00
0cd60792eb628e2fe7f77456cc67c4db,56dae8b071493b64e4712e339cc50c06,delivered,2018-02-12 20:29:57,2018-02-12 20:47:34,2018-02-14 16:28:34,2018-02-28 19:23:54,2018-03-06 00:00:00
472ce7491b9e1d5409e48c3717a8072e,2ed6fdee4db5f44a039a644dd2eab8d2,delivered,2017-10-15 21:56:58,2017-10-15 22:07:19,2017-10-16 12:57:39,2017-10-18 14:59:10,2017-12-06 00:00:00
eea030f97651f49c9f16e5c34475dcab,26191a202fc7627d6498f61acefe4203,delivered,2018-04-15 10:21:47,2018-04-17 06:11:36,2018-04-18 16:38:36,2018-04-20 17:19:14,2018-05-03 00:00:00
986506281e1ebe5451e34c1e75a99670,8961e2d26072cb260886b927a21573b8,delivered,2017-09-19 18:49:27,2017-09-19 19:04:25,2017-09-20 20:27:52,2017-10-02 20:34:59,2017-10-11 00:00:00
2b766b959bb75e5cfef89489c1f26c6c,354e673f37377b827a159145807ffbec,delivered,2017-10-06 21:52:10,2017-10-06 22:07:28,2017-10-09 22:32:48,2017-10-25 22:32:38,2017-11-06 00:00:00
093c11a6b12993f96cb7eaa348a3cd09,77a6136f49bac0c337eb24e043f624b4,delivered,2018-06-13 08:52:03,2018-06-13 09:16:09,2018-06-13 15:56:00,2018-06-22 22:26:42,2018-07-13 00:00:00
db70f8a5634ca9a20586be3dec6ad653,b41621582a61faa80d6607700ea04330,delivered,2018-08-04 01:57:54,2018-08-04 02:10:08,2018-08-10 11:38:00,2018-08-13 15:21:22,2018-08-10 00:00:00
779cba6c6efdf8af5d1ac4c94fdddba8,031c797ef7f555f09fdd23dc122cda8f,delivered,2017-11-24 09:11:25,2017-11-24 10:12:45,2017-11-24 22:58:33,2017-11-29 19:42:57,2017-12-19 00:00:00
2a33151ba8cf7a962bba23abe4ffd2c5,b6c89cb292299e574ed60db07369bfb4,delivered,2017-12-11 21:57:54,2017-12-11 23:37:44,2017-12-13 12:19:00,2017-12-27 18:32:22,2018-01-04 00:00:00
f8276f728f18fb120f0404c7444fdc30,c330e15c594fba46d26cc80beb73b06f,delivered,2017-07-01 09:25:44,2017-07-01 09:43:41,2017-07-06 15:22:23,2017-07-11 17:55:47,2017-07-21 00:00:00
029863af4b968de1e5d6a82782e662f5,74179773f1f31f3af11c3b3b065115f1,delivered,2017-07-06 09:03:55,2017-07-06 09:15:11,2017-07-10 19:43:43,2017-07-13 20:42:36,2017-07-31 00:00:00
1198ebbb7a23d6ca565a1c8596c5fb00,7ede38656037ea4714b989da45f8a44c,delivered,2018-04-30 01:03:56,2018-04-30 01:15:18,2018-04-30 14:00:00,2018-05-08 21:14:56,2018-05-18 00:00:00
98d327b68db476d9384f34d87a4244cf,403623ffbc1aa898df2232554fcad473,delivered,2017-07-15 18:54:14,2017-07-15 19:05:17,2017-07-26 00:12:36,2017-07-28 17:22:46,2017-08-09 00:00:00
b618ab0f426fbd3dd9dc8e184d33ce27,023f52d000d35a9fa8f4dad675c5e080,delivered,2018-03-01 11:45:17,2018-03-01 11:55:34,2018-03-03 16:22:47,2018-03-12 18:06:52,2018-03-26 00:00:00
465e35e9d79f4b18d9c506b78cf86c62,1d404a3fed19ccf4bb7fc225643848b6,delivered,2018-06-24 20:40:44,2018-06-24 21:23:55,2018-07-09 13:37:00,2018-07-12 21:42:53,2018-08-06 00:00:00
b93b56bfb9867dddd26df4ee3efa2eb6,a2bedbeca6072d658c7a3a0fd0c5b845,delivered,2018-04-09 14:19:27,2018-04-10 07:35:24,2018-04-16 17:34:37,2018-04-26 01:18:40,2018-05-07 00:00:00
ca77a77fa11ce045321673afb2743d83,bcfd1a30a681c08c1ca5b038e5a8868f,delivered,2017-07-08 20:13:54,2017-07-08 20:23:24,2017-07-11 22:09:44,2017-07-19 15:29:53,2017-08-02 00:00:00
72824c152aa4963ec6ea310bad44c907,fe5d83d1ecba4c0346da617cc58d44fc,delivered,2017-10-19 18:08:11,2017-10-21 11:35:16,2017-10-23 20:18:06,2017-11-01 01:12:20,2017-11-10 00:00:00
b80623966e8021f8f60984a3646abe70,cdf78a4b4403020ccadf1c716f28e89c,delivered,2017-08-11 13:04:07,2017-08-15 03:45:26,2017-08-15 19:02:58,2017-08-21 19:56:27,2017-09-04 00:00:00
457a53571ce58184246a9e382fe8512e,97866ba027584eabd512948f3854a840,delivered,2018-01-25 01:39:13,2018-01-25 01:55:59,2018-01-25 16:56:58,2018-02-15 23:22:39,2018-02-22 00:00:00
a73ee012d205568e720cf2c801ccb0a6,921681820f5576cab1551e570e6dc62d,delivered,2017-03-23 14:07:06,2017-03-24 03:32:46,2017-03-24 10:43:28,2017-04-03 13:37:45,2017-05-05 00:00:00
5f535417894495b2b12f4de92d996800,51b88799254da2772e7464551a676f1d,delivered,2017-09-14 18:02:41,2017-09-14 18:15:08,2017-09-15 19:26:40,2017-09-25 19:35:57,2017-10-09 00:00:00
18233451c81fa4cf187fae71d8e8a299,44e8a890084067f1ccc9689987c6d001,delivered,2017-11-29 18:40:27,2017-11-30 02:21:47,2017-11-30 23:17:32,2017-12-17 19:53:04,2017-12-27 00:00:00
6d1941372f0503efc3953bd3b24bb512,ab6c885fe5639e705ab6ad8237e88c96,delivered,2018-06-30 16:52:04,2018-06-30 17:50:18,2018-07-02 16:07:00,2018-07-05 18:28:31,2018-07-31 00:00:00
a97a2be3f668f7c6d75a218b2dba8720,c3494677ed240d91c99a1011ca05bbf9,delivered,2018-08-02 12:07:18,2018-08-02 13:30:54,2018-08-03 09:54:00,2018-08-17 19:22:01,2018-08-29 00:00:00
3f220b15c7ba9352cf87f6c869c55314,3a23363a9c6e53ea44cacd5fe028aed8,delivered,2018-01-11 10:22:52,2018-01-12 02:35:36,2018-01-15 18:14:08,2018-01-29 17:22:37,2018-02-05 00:00:00
6b41b0ad480f638d9639dddbf940c43b,362a2ba6dd5295b1d9eafd3f7bae9d99,delivered,2017-06-01 12:50:09,2017-06-01 13:10:45,2017-06-05 12:35:57,2017-06-10 07:13:53,2017-06-26 00:00:00
ca212ae794bbfd785ba7d86a1b7e9f2c,9afcc5f0c10a8de1cce71389f667068c,delivered,2018-01-08 20:09:02,2018-01-11 14:09:24,2018-01-11 21:07:22,2018-02-20 19:16:59,2018-02-06 00:00:00
70b69f2b877236e31de92860081e2c72,c781d832751afcb1fdda8fb4eedda2c5,delivered,2017-11-21 20:02:37,2017-11-21 20:10:21,2017-11-22 22:48:38,2017-11-30 23:28:34,2017-12-07 00:00:00
84b91dcef1e21e8151a9618564095dae,f30d0854de694db1793c12eb3e78efe8,delivered,2018-03-21 22:20:20,2018-03-21 22:35:26,2018-03-24 01:12:37,2018-04-17 19:33:47,2018-04-25 00:00:00
59322ccc8917e2a716dfd4f60499b983,4338d8a3d20f33e32e3fb9432bb3b58e,delivered,2017-06-28 22:42:02,2017-06-29 22:50:17,2017-06-30 14:53:07,2017-07-17 19:04:38,2017-08-04 00:00:00
fc49594233f3f2be65bbb04bb82140b6,77e73bd7cd58e195d0e97161d3b6bcad,delivered,2017-09-06 15:13:10,2017-09-06 15:25:24,2017-09-08 16:17:40,2017-09-18 19:36:55,2017-09-27 00:00:00
bc057cb666f536dffa89e882573a1ff0,ccb3bd6adc91b59bc8a1bce6f1e336e9,delivered,2018-02-09 16:52:36,2018-02-09 17:09:46,2018-02-15 23:59:03,2018-02-19 16:40:15,2018-03-01 00:00:00
3f63ce07f0fd566885c47bda7ad3c3a6,eceebf26966a4aed2f20b6937520fc0f,delivered,2017-03-09 19:05:16,2017-03-09 19:05:16,2017-03-10 10:35:25,2017-03-15 12:28:35,2017-04-04 00:00:00
f6947f41d3ea19023c3e4e3a63887745,3c0fa547c538d255f09573b4a5739792,delivered,2018-07-14 09:30:19,2018-07-14 09:44:03,2018-07-16 09:02:00,2018-07-24 19:11:04,2018-08-03 00:00:00
abecbd6356fb44255baff524fd60438e,d3470f77b269e104971e5838d57261bf,delivered,2017-04-06 18:34:13,2017-04-06 18:45:16,2017-04-07 11:18:21,2017-04-13 17:43:52,2017-05-04 00:00:00
ff0286485ce9c3f1d6ed22a4c7402060,f2b7b740f0eec308afa55f1a994f21b8,delivered,2018-02-14 16:06:44,2018-02-14 16:30:38,2018-02-16 00:09:45,2018-03-05 12:28:39,2018-03-07 00:00:00
cc6084f06931be9f36e97f21edc3c5a0,ddf1e2420f62d79dc8f639b3a750241a,delivered,2018-07-30 10:32:02,2018-07-31 03:44:26,2018-07-31 11:28:00,2018-08-10 16:30:50,2018-08-20 00:00:00
ad1958db0db2e99c3c93a66955396d7f,e4ee810bc2b3c953b3a94186d5709182,delivered,2018-01-24 21:09:31,2018-01-26 03:16:05,2018-01-30 11:25:10,2018-02-15 15:57:49,2018-02-16 00:00:00
4c37681ba7affce78f5b3b78731e1e67,a9286b30f896783137067a5e4a8abb2e,delivered,2018-05-09 17:30:54,2018-05-11 03:37:44,2018-05-17 13:33:00,2018-05-24 18:55:32,2018-05-29 00:00:00
c6fe39cb893dca9cdde3a0d2201cc7c0,018b4fd25720e7fb0de00600f3aa0947,delivered,2018-08-03 20:43:24,2018-08-04 05:05:18,2018-08-06 14:12:00,2018-08-10 23:02:28,2018-08-17 00:00:00
b76a5ae2b022043f9a47795f7ba9b763,cd0b95c681c4974d9b842417f91bd6c3,delivered,2018-05-18 18:18:21,2018-05-18 18:35:38,2018-05-21 14:51:00,2018-06-03 14:18:44,2018-06-11 00:00:00
fd846a883eef31061d47f7d1da654880,79a80f2e0e8e96f8e5be6d0cf1c49de8,delivered,2018-06-17 10:15:13,2018-06-17 10:34:02,2018-06-20 13:47:00,2018-06-21 20:12:49,2018-07-12 00:00:00
faf914d3d1ca3436b58cc0140842310e,7e8d6b04aef8a6ba0a1cda9aa62869a9,delivered,2018-06-26 05:48:19,2018-06-26 06:17:41,2018-06-27 11:33:00,2018-06-29 18:54:40,2018-07-13 00:00:00
f52085b82745f88592fcf7a4a4733949,2c1e2464154a3a39aae72700a9959b8f,delivered,2018-07-25 13:38:31,2018-07-25 13:50:20,2018-07-26 13:23:00,2018-07-30 18:15:34,2018-08-09 00:00:00
92e009fec77af8ce82e4c541890c978e,c86e636fca17f603f5d359d94c92b256,delivered,2018-01-31 19:37:01,2018-01-31 19:50:56,2018-02-01 18:09:59,2018-02-07 22:16:09,2018-03-01 00:00:00
bd6fa53d62af230d53ede4b80c3b82ce,e93d76cef3cc12f081ade0c38cac93ee,delivered,2018-02-13 17:24:27,2018-02-13 17:47:40,2018-02-16 13:35:28,2018-02-24 19:36:27,2018-03-09 00:00:00
c10b534f7703a278c245f38852273dd5,79ea67d7e6a9a2c589ac7cfa17ae795f,delivered,2017-12-02 11:20:21,2017-12-02 11:38:27,2017-12-04 21:23:02,2017-12-11 14:34:16,2017-12-29 00:00:00
00921e4911895b93c7b4fc0d80c0815e,0825646a316d8b2bdddea079a5e01fda,delivered,2018-06-13 13:55:55,2018-06-13 14:17:26,2018-06-19 14:02:00,2018-06-20 15:21:57,2018-06-25 00:00:00
1a494062b68a8ed99ba9171cb9c9aef5,8ac1fe94e53325560257c8758c9a8f4a,delivered,2017-05-12 09:09:15,2017-05-12 09:25:07,2017-05-18 12:12:45,2017-05-21 12:51:52,2017-06-01 00:00:00
9bd205c61d04aee7fe0ebec1bf0896ee,bcc5985d05e968e92d8075e2929e779e,delivered,2018-03-02 22:38:34,2018-03-03 21:10:26,2018-03-05 22:09:51,2018-03-06 23:42:21,2018-03-14 00:00:00
4b6bcf7a51da38b9e26ab10ee7186d6d,d8d2e004c9fb73070288b0e28ddbb2ff,delivered,2017-05-16 14:27:04,2017-05-16 14:35:30,2017-05-17 12:52:18,2017-05-21 08:33:41,2017-05-29 00:00:00
8b3e71403c430eeafc548cd871850674,7033b3fb50c15b971ee2f06620a9d3c7,shipped,2017-12-06 13:40:17,2017-12-07 03:12:17,2017-12-07 21:19:37,,2017-12-29 00:00:00
de440e762de44c5b427633b249d7ea9f,9ce0d1bd0ed2d1cdf43e8bdcbb8de7d1,delivered,2017-04-07 15:12:04,2017-04-07 15:23:07,2017-04-10 11:15:05,2017-04-20 13:13:13,2017-05-03 00:00:00
dea1d0da023a5aaf8113087fb08ce6c3,a45d8ece9ee9ab8b19e7b615167cc85d,delivered,2018-01-21 08:58:14,2018-01-22 13:44:32,2018-01-26 22:09:34,2018-02-02 00:11:33,2018-02-14 00:00:00
2195712688ef03e20c8053de61c82493,45cb0fe36535222805dbee60662f9dee,delivered,2017-01-17 15:30:34,2017-01-17 15:45:13,2017-01-23 15:09:45,2017-02-01 16:37:26,2017-02-23 00:00:00
db5d80117e19d41e6bee8c7ef9615a20,8461f1f06ea81841d973c7e57ec8cee8,delivered,2017-10-20 11:05:00,2017-10-20 19:49:29,2017-10-23 14:17:39,2017-11-07 23:11:24,2017-11-16 00:00:00
9cf3e6427f5cd12f23c42946aec43412,8c8ce2f09220cc6ce56968f17a6e1c69,delivered,2018-01-31 16:25:51,2018-02-02 02:53:56,2018-02-02 20:18:50,2018-02-16 19:55:16,2018-03-05 00:00:00
00d03eb3425f41a599ae2f788e23c07f,457e255722e958032b50ff72dd15a4e0,delivered,2017-02-17 17:46:42,2017-02-17 18:03:08,2017-02-24 14:16:35,2017-04-09 00:23:16,2017-03-29 00:00:00
c50900d38156ee6a498f19812b8152d0,541897c4a14ee949251467976a71fd07,delivered,2017-10-02 16:19:55,2017-10-03 16:28:18,2017-10-05 18:03:54,2017-10-23 20:03:25,2017-11-01 00:00:00
793df0d4fd68cb0530ca5b533e3f1b84,508d6ba2adb4145700984a9c3f946cb7,delivered,2017-04-01 12:35:40,2017-04-01 13:06:43,2017-04-03 09:38:05,2017-04-10 16:21:41,2017-04-26 00:00:00
6964c3bbea3114b80d332a513c1763d4,b5da75434bc34cab9625eb0f3a203994,delivered,2017-11-02 14:47:43,2017-11-02 14:55:56,2017-11-06 19:05:47,2017-11-11 20:38:26,2017-11-23 00:00:00
a34373cb005b62a933e6329b9e09f58f,d69a86193597ed8b6e4d97c1099e94c2,delivered,2017-09-14 16:09:08,2017-09-14 16:25:03,2017-09-15 17:13:26,2017-09-19 15:28:45,2017-10-03 00:00:00
7a9e6773c0d71852e2a6d24a2101646f,8bfcf76b0b18792e11b2fc7ec0584e10,delivered,2017-11-30 22:37:15,2017-12-01 10:31:15,2017-12-05 02:41:33,2017-12-27 14:32:59,2017-12-27 00:00:00
531a321dff7247e76a5f6c2e702faa99,bedacf9e38540811c6f18eb143f9e27c,delivered,2017-06-01 16:05:29,2017-06-03 02:25:22,2017-06-08 08:07:51,2017-06-12 13:54:46,2017-06-23 00:00:00
6be9be082a8d228c8d43056cfce0c147,6c63c9d3fce6af66977a6d38873edcdc,delivered,2017-08-14 12:32:24,2017-08-15 13:04:18,2017-08-16 19:27:55,2017-08-17 17:52:03,2017-08-25 00:00:00
02457250c331120c9dea3bf840316d54,963a1bdf3457fa0fc821708aa51e087f,delivered,2017-07-12 18:12:38,2017-07-12 18:25:23,2017-07-13 17:42:34,2017-07-19 13:22:35,2017-08-03 00:00:00
a1d1fd8981cd1da55c3dc58cef2ecd8c,8b967287904ffb5b38db4c1be72ae565,delivered,2018-01-29 21:56:48,2018-01-29 22:13:28,2018-01-30 19:22:26,2018-02-07 19:58:42,2018-02-22 00:00:00
f033a26ffcfd028f925b880c5ba6779c,5ca5c73c7d024f6e12c1b901124f604c,delivered,2017-11-27 17:28:15,2017-11-29 02:20:04,2017-12-01 23:22:03,2017-12-19 21:09:26,2017-12-18 00:00:00
bb9a1bc465b8456a8d36e06370273b58,2268cb48c219a752fc0a039a2c365568,delivered,2018-03-27 20:42:07,2018-03-27 20:55:28,2018-04-09 23:23:29,2018-04-23 13:41:37,2018-04-19 00:00:00
26227999b191329fe62cd797aede5270,15ef8fd01187d42b5f57af41ef5a1fe5,delivered,2018-02-17 01:24:58,2018-02-17 02:07:56,2018-02-21 21:34:15,2018-02-28 13:14:10,2018-03-14 00:00:00
2277cde48c3f407bad730e1dc754edf7,600d9b62bf2359d35f0e7ff9af6ba1d4,delivered,2018-03-26 20:51:56,2018-03-26 21:07:03,2018-03-29 23:48:51,2018-04-04 18:47:25,2018-04-23 00:00:00
c17bc584fe68bdf389241631455fc2a5,a4f2d6fe9525ae4f6e009bf77e622e49,delivered,2017-07-20 00:15:29,2017-07-20 00:25:21,2017-07-20 18:13:00,2017-08-09 17:11:46,2017-08-02 00:00:00
f860c7860a105bb2aba6dbdfbc7f17ef,4a468858eca50f59f59f95ec8faf84c2,delivered,2018-05-01 22:21:53,2018-05-01 22:35:16,2018-05-04 09:07:00,2018-05-14 19:48:39,2018-05-25 00:00:00
fdf9e48108cf744c38b7e25e1801e6c6,868c2c47163497b50be2e28d3ea04787,delivered,2017-08-05 16:48:23,2017-08-05 17:04:11,2017-08-07 18:27:41,2017-08-21 21:29:57,2017-08-29 00:00:00
21a2a72aad2ad28f19974dd4455722db,937e9cde9c6e45928d8ef0d7536d97e8,delivered,2018-04-19 12:54:04,2018-04-20 07:11:00,2018-04-20 23:18:30,2018-04-23 20:48:34,2018-05-02 00:00:00
6d86a700fbdfec909998eefa9110f3e9,6efe2f2c813379b610f5cd26e99ce0ff,delivered,2018-05-04 11:14:37,2018-05-04 11:51:35,2018-05-07 14:57:00,2018-05-15 21:04:23,2018-05-29 00:00:00
7f62ff42160c8f3c778b5f4e16ef552c,9bfcdc8405b9bacb9db42037a7af09e2,delivered,2018-07-13 15:20:53,2018-07-14 15:23:52,2018-07-16 14:25:00,2018-07-25 20:19:38,2018-07-27 00:00:00
7e89342f1c29435e98fb7a1c2e5aa945,1f6ab90ca6cddef4ddaa7b27decc8e49,shipped,2018-04-02 21:09:39,2018-04-03 08:08:57,2018-04-05 00:35:22,,2018-04-23 00:00:00
12a9a890cc3d7680ca149fd16535fb69,b08b1d914afbe92145d57379083eb6b8,delivered,2018-03-01 09:43:10,2018-03-02 09:49:10,2018-03-02 21:04:56,2018-03-05 19:34:23,2018-03-13 00:00:00
3b2cb40cbb8ba2ab366c42e890ec4d4b,27cb4bf5cb4bb383dfe3e61c4b9779d0,delivered,2017-12-09 19:18:53,2017-12-09 19:30:41,2017-12-13 16:54:44,2017-12-30 00:43:09,2018-01-17 00:00:00
a9949021920356d13455f9cfdf3cba62,921dc5435f94cb152159a738b5593d0b,delivered,2018-06-25 16:29:21,2018-06-25 16:55:15,2018-06-26 15:05:00,2018-06-29 18:42:12,2018-07-20 00:00:00
219bf1bafc86f67b9a13637cfaeb68b1,4b8425aa99b63584eff7343a4d942996,delivered,2017-12-03 16:29:43,2017-12-03 16:37:23,2017-12-07 19:32:48,2017-12-08 17:24:30,2017-12-20 00:00:00
544f1ebc2ee31c6f923a4feba2e0677e,83e4bbdd6e54fe1a68afb9a644667d4a,delivered,2018-04-20 12:34:50,2018-04-24 19:25:22,2018-04-24 20:03:46,2018-04-25 20:48:26,2018-05-08 00:00:00
acbb76e6b32badc4a60b1262b6a34c81,59ab821cf1dbb82c79fac9fd2cec1f6e,delivered,2018-05-11 11:16:01,2018-05-12 11:14:12,2018-05-15 13:44:00,2018-06-04 16:07:19,2018-06-14 00:00:00
58b7ff437a5d00121b575eb9493dc445,a57b9412a20c347327a02a7cee299ab7,delivered,2017-08-27 14:07:43,2017-08-27 14:24:18,2017-08-28 19:22:35,2017-08-30 19:52:19,2017-09-08 00:00:00
33a34707fe2e887e67e5d2a555f13c47,cc6303121d9155c7071dc346ab37d820,delivered,2017-08-03 12:59:21,2017-08-03 14:55:17,2017-08-04 15:27:05,2017-08-07 17:24:44,2017-08-16 00:00:00
ddce97ee9ee3a874f3dda279ee4dcbf0,79e111d9cb72821fef9af1f728e6d697,delivered,2018-04-09 10:46:06,2018-04-09 11:10:40,2018-04-10 13:12:08,2018-04-13 23:06:51,2018-04-26 00:00:00
31c54ed1a4d3fa48b61341540f1197f8,a9e46cc867db067cd9b59eaad29c6c89,delivered,2017-10-17 18:29:56,2017-10-19 03:15:27,2017-10-19 18:37:16,2017-10-20 23:53:33,2017-10-27 00:00:00
c5715ae9ef034f7036a9de7a5e9d858b,f7f51e7729ab96c512a283d4a190a07b,delivered,2017-09-15 21:22:31,2017-09-15 21:35:10,2017-09-20 21:12:53,2017-10-04 21:04:27,2017-10-16 00:00:00
a53ebffcfdb8c4e47308374591571f96,33380c31f765f9aa184c40351e9f3b6a,delivered,2017-03-11 20:05:50,2017-03-11 20:05:50,2017-03-13 13:43:59,2017-04-27 05:08:59,2017-04-18 00:00:00
19423f200e948cc672a41ddbb4fb8c2f,d36b8161eef9101ed8376e0d4c783c17,delivered,2017-05-06 16:38:39,2017-05-06 16:50:16,2017-05-08 11:41:31,2017-05-09 20:52:02,2017-05-19 00:00:00
9f6ddc9b8460329accba6276a10f635c,db81f23809617eaea8bd99cf31f165b0,delivered,2018-03-07 00:19:37,2018-03-07 00:33:15,2018-03-09 00:11:28,2018-03-16 00:28:20,2018-03-23 00:00:00
c6ee16bc69a830e4c2e978c559071137,fa0c2f65b5108e4a65327a1c31f63e2a,delivered,2017-08-14 14:44:45,2017-08-14 15:04:18,2017-08-23 15:07:27,2017-08-28 18:49:59,2017-09-12 00:00:00
d190601c7afe54080287732ad2b95941,c0f4986577a7d0f58fa631addd43222c,shipped,2018-04-06 08:35:20,2018-04-06 08:50:15,2018-04-12 14:30:00,,2018-05-09 00:00:00
f54e13b77fb04661973c69d4ff0a8dec,5b7b35a23a96b75f72bd1406d29a86c7,delivered,2017-08-11 10:24:47,2017-08-12 02:51:05,2017-08-12 14:24:53,2017-08-16 19:55:53,2017-08-31 00:00:00
2170f9fac08a48aed1fc0b09c13b483b,02a2e57774aff37b1888526dd39717fe,delivered,2017-08-21 13:38:52,2017-08-21 17:31:21,2017-08-24 18:39:24,2017-09-06 18:36:22,2017-09-15 00:00:00
2c5e0fb51a8d73bd956b41fe2103f7ec,e6f7c5c97768755c5535d2a3f6add8d0,delivered,2018-04-12 10:56:45,2018-04-12 11:11:41,2018-04-13 22:05:17,2018-05-03 20:33:03,2018-05-09 00:00:00
c27ac06232941e2af3a9e86dde14a045,bb4f26c7127c65f7db82f24a85834086,delivered,2018-07-21 12:02:22,2018-07-21 12:15:44,2018-07-24 16:08:00,2018-07-26 17:07:50,2018-08-03 00:00:00
d96877bce74cc0d3a90e346baf151b4c,770ddb9ea8d35577fc57aeacf6eb8c4a,delivered,2018-08-19 10:08:31,2018-08-20 11:10:21,2018-08-21 13:28:00,2018-08-24 22:32:41,2018-09-11 00:00:00
b4e1a9081751ca0bd48a05c1a31a5f46,ddee05c9af94ca578d546c52eada5576,delivered,2017-12-03 15:58:05,2017-12-03 16:13:52,2017-12-07 20:08:43,2017-12-15 19:49:06,2017-12-27 00:00:00
2d16a65d064093d387d6b903359976b0,9451edb45cf5cceec7b51c5411a5e663,shipped,2017-11-24 15:46:46,2017-11-25 05:35:24,2017-11-28 19:44:44,,2017-12-26 00:00:00
68f82154935d1b6e794d1bc0225c5f0a,db97487aac33db3e2595cee7a79983e7,delivered,2017-12-26 17:02:40,2017-12-28 03:31:08,2017-12-28 17:17:32,2017-12-29 12:53:02,2018-01-15 00:00:00
e0aee1eb2d57773753d8744277ddf472,fe75555d86a6c7a5958c03b263a4e195,delivered,2017-12-16 21:42:49,2017-12-16 21:53:24,2017-12-18 20:59:45,2018-01-09 00:12:19,2018-01-22 00:00:00
33d7b87dc8622d0482074d8b653f3b08,6cdc4436f2105274375304ecd8f88838,delivered,2018-07-19 20:37:53,2018-07-20 04:43:16,2018-07-20 14:22:00,2018-08-08 14:44:12,2018-08-15 00:00:00
ff2ac4e959a96a0c4dd3896f2d676267,e8267fae4397d97a1a9224e187284443,delivered,2018-05-09 17:28:15,2018-05-09 17:52:40,2018-05-11 21:57:00,2018-05-14 17:26:46,2018-05-22 00:00:00
0cc76fbe09687fda664178e9fc6c404f,007612fef51262f4762d32add5d128cc,delivered,2017-12-30 22:51:13,2017-12-30 23:06:23,2018-01-03 09:44:02,2018-01-06 13:53:36,2018-01-24 00:00:00
111fd867f837d390ba296535e5ce8b92,f253f58c3e8f21a0997f6332ecc0c01d,delivered,2018-08-03 21:42:15,2018-08-03 21:50:17,2018-08-06 07:17:00,2018-08-08 18:58:33,2018-08-13 00:00:00
08320dbc54cab8156a9a9f7c74a8b078,8f16e922756eecf1efa35a32d3a57fe5,delivered,2017-07-20 14:53:16,2017-07-20 15:15:19,2017-07-21 14:13:56,2017-07-28 16:16:37,2017-08-11 00:00:00
a9c5309c8e09098f6ff30217e5f05292,e99b3d263b693725c53b3bbd110b0661,delivered,2017-02-25 11:11:52,2017-02-25 11:25:14,2017-03-08 11:09:06,2017-03-22 11:42:48,2017-03-28 00:00:00
3582339d09804cb4c0ee1441f28eea77,3051f59342fb567ba3f8ce50ad4ea5a6,delivered,2017-08-31 21:48:37,2017-08-31 22:05:26,2017-09-01 20:26:49,2017-09-05 17:33:19,2017-09-13 00:00:00
7897a7a7d23ab1fcc1811fdc75abcb47,d0244ea97de1322c239a5c65551176e3,delivered,2017-06-10 22:09:59,2017-06-10 22:22:34,2017-06-12 09:33:26,2017-06-19 18:53:31,2017-07-05 00:00:00
195ca8960d7d0d1604cfd88c7159ceea,a66d6e720dd8c5e2b0eece4bd2630992,delivered,2017-12-27 16:00:04,2017-12-27 16:11:22,2017-12-28 23:10:14,2017-12-29 18:07:08,2018-01-16 00:00:00
b9cf3a59457dd74f7b1191bffa8d0511,b67f6f5721d4f60becb7063216c4d89d,delivered,2017-11-27 23:23:12,2017-11-27 23:37:44,2017-11-28 22:51:36,2017-11-29 19:21:19,2017-12-11 00:00:00
46a37629a0e29368f654bab0d2a6cb36,bb2864742927b9a86091b575651f58de,delivered,2018-06-20 19:41:40,2018-06-20 19:58:10,2018-06-21 14:01:00,2018-07-05 21:32:32,2018-07-23 00:00:00
1d7f3280ef428fd4fb454e6d0d1fef43,e587dd5e730f4af7337801d98bd17b6b,delivered,2018-01-31 11:55:52,2018-01-31 13:52:06,2018-02-03 01:54:51,2018-02-20 17:57:16,2018-03-02 00:00:00
51f927ef3f53e0caa0684589414f9626,b55a6e52cecd30fb64a9c15a2d79271b,delivered,2018-04-30 16:30:38,2018-05-01 02:52:53,2018-05-03 15:05:00,2018-05-05 17:02:24,2018-05-18 00:00:00
cd2f659fa071787c2e90002891bbea4b,4c5eb8e3394ac94270ce5d9a7c22e6a9,delivered,2017-05-29 16:56:59,2017-05-29 17:10:06,2017-05-30 10:40:16,2017-06-12 16:50:03,2017-07-05 00:00:00
e337b8ea5137b4759a1261a1599d122b,02277211c9842fee492b8e37a17cf0ff,delivered,2018-06-27 20:54:00,2018-06-27 21:10:18,2018-06-28 15:42:00,2018-07-03 21:12:20,2018-07-31 00:00:00
7c0385a35429f81bba270c85f63f4130,be43afaadaae2b40eae2c7db4b5e388b,delivered,2018-08-19 15:41:39,2018-08-20 12:15:17,2018-08-21 06:47:00,2018-08-24 14:48:54,2018-09-04 00:00:00
807df0c56461a3ea59823e4144307dd8,c4e4beda841dae55b686660858d7d0e2,delivered,2017-07-15 00:20:17,2017-07-15 00:35:21,2017-07-19 20:24:50,2017-08-01 17:41:19,2017-08-16 00:00:00
5ddb1f7921a2218a2f21cf9ed9995a5e,514f273dcfd868433162e713fd57cab1,delivered,2017-11-24 13:01:36,2017-11-24 15:13:37,2017-11-28 18:04:27,2017-12-23 17:35:24,2017-12-22 00:00:00
cf85b1adbeb2de42677013eeabe3befc,008d16b47540f172f75b765d5ea1eed0,delivered,2018-02-05 14:13:56,2018-02-05 14:48:12,2018-02-14 20:13:58,2018-02-19 19:38:22,2018-03-01 00:00:00
af89a9009bc9e17652f71301d4065a35,16d001fca73c47f08a0340066a39d984,delivered,2018-08-09 06:47:46,2018-08-09 07:04:41,2018-08-09 15:01:00,2018-08-20 22:55:45,2018-08-23 00:00:00
98a9e68b90e2913946a91acde7014d69,ebadcd8e460f755fc77a3750ec9a5e5e,delivered,2017-02-17 16:52:16,2017-02-17 17:03:36,2017-02-20 14:32:36,2017-03-02 17:43:50,2017-03-20 00:00:00
b0a7e2d798e5504e83715a7e5bed5fe8,726383c0fe1610954b5d2d1b0546012f,delivered,2018-07-18 18:46:47,2018-07-18 19:02:53,2018-07-19 15:46:00,2018-07-20 20:07:55,2018-07-26 00:00:00
b38eef08b40fc62c878cc175dd26cd8d,ab861bc4b2bc57d0f9043c2df76cfe38,delivered,2017-07-23 21:00:12,2017-07-25 03:50:28,2017-07-26 21:13:04,2017-08-10 20:51:59,2017-08-07 00:00:00
5fea3cccea637c7c3b04bc1d92089486,29376649468511d1b27a6d6e529dccf4,delivered,2018-04-09 17:30:16,2018-04-10 03:35:27,2018-04-10 22:49:43,2018-04-19 22:03:36,2018-05-16 00:00:00
14af65d7109058f32b35ed10a594cfc0,2decf32109c63899d726c630b7e5d5f7,delivered,2018-04-24 15:19:51,2018-04-24 18:35:15,2018-04-26 11:06:00,2018-05-03 18:58:47,2018-05-22 00:00:00
a9880f780c93ecdc4a6c6cfbeec27925,dc3ff1c55f63746fe72910164fd2483d,delivered,2018-04-06 09:36:48,2018-04-13 17:15:23,2018-04-16 15:11:45,2018-04-17 23:19:06,2018-04-24 00:00:00
e943e3e10c10f28b98d9f5737793c267,e0fba8b6fe7a1d8932984439d9a58ad0,delivered,2017-03-04 10:57:10,2017-03-04 11:10:15,2017-03-08 12:05:22,2017-03-22 13:58:36,2017-03-27 00:00:00
c3f522e0d16a23140f0fd5a49f89a4cc,52f0d7071e465ec002cb3321545c3e7c,delivered,2017-03-06 22:58:22,2017-03-08 03:23:03,2017-03-08 12:41:29,2017-03-20 10:43:59,2017-03-23 00:00:00
cadf2edfaac0597d9c8575252b0415aa,932c1d1714159ec293a693272c3a1335,delivered,2018-03-16 16:34:44,2018-03-17 16:32:29,2018-03-23 00:51:59,2018-04-05 11:55:29,2018-04-13 00:00:00
8ecbd154ae8606303efeff206a6b42f7,caf6604151c495566434d033a1f9a4ee,delivered,2018-01-14 18:02:21,2018-01-14 18:12:28,2018-01-15 21:58:49,2018-01-17 19:57:42,2018-02-08 00:00:00
1c7c80b8301e9593ab7e370aba54a688,b01e8e88be6af213e6a6cbd5ad944e67,delivered,2018-08-18 22:45:25,2018-08-20 10:50:35,2018-08-20 15:17:00,2018-08-24 20:35:50,2018-09-03 00:00:00
0df84fd499d4271993b678c5509f3779,e5969b5d6ff813ccb25b96aca4a9debb,delivered,2018-08-05 11:10:22,2018-08-05 11:24:19,2018-08-07 14:22:00,2018-08-16 15:46:57,2018-08-17 00:00:00
d6bb1f2d6bbaa5c7ed01225a4eab7dc2,49b82890f880fd8d14654245b0826623,delivered,2018-04-19 10:24:04,2018-04-19 10:35:37,2018-04-20 22:42:01,2018-04-23 20:08:31,2018-05-04 00:00:00
5a30bac46bd67c48565822b5789c0954,8009876c0e2c6b5b61c9e9dc5e1a7f40,delivered,2018-08-04 19:41:25,2018-08-04 19:50:13,2018-08-06 14:34:00,2018-08-08 18:14:29,2018-08-09 00:00:00
c6928363562453a5782ff77bebe5bfb5,fc4864717c28d7c6f7c77ba6fffca526,delivered,2018-03-17 23:04:55,2018-03-17 23:28:21,2018-03-20 03:42:42,2018-03-30 00:56:37,2018-04-11 00:00:00
c43ac850cb9c3f22945c9466b0c20888,8a9d6b437b4293c0b16f072a5b3bddb0,delivered,2018-04-12 16:46:36,2018-04-12 17:13:27,2018-04-14 03:22:02,2018-05-02 15:57:54,2018-05-08 00:00:00
39176f8e4a96aef60a2f8df4431ae834,2e64e5e8249adfb083002ba9557ad24a,delivered,2018-05-10 13:03:41,2018-05-10 13:35:44,2018-05-11 15:13:00,2018-05-18 18:22:07,2018-06-06 00:00:00
f8385fa26ee1a262ff80d5a3181a63e5,dca0cf5e53101adfeb3d71f5260d3a57,shipped,2018-06-26 18:55:55,2018-06-29 02:53:29,2018-07-04 14:46:00,,2018-07-23 00:00:00
5103a33779a9aef136d6dbe242f779e0,5b353a2b5939d6221b41e3e26a18cf98,delivered,2018-06-04 16:54:12,2018-06-04 17:10:51,2018-06-05 14:37:00,2018-06-11 18:52:12,2018-07-17 00:00:00
90d36c9ade58b86290e2b48ca7348cc2,3eb2f427052bb599312cd03531c90469,delivered,2017-10-25 15:07:24,2017-10-25 15:27:37,2017-11-16 13:18:29,2017-11-25 12:57:07,2017-11-16 00:00:00
68be5488c0fe6f10d9fcf87080556f7c,072dc9b3b89c0c4822159ec565baeab9,delivered,2018-07-30 09:18:59,2018-07-30 09:35:16,2018-07-31 19:02:00,2018-08-01 13:36:46,2018-08-02 00:00:00
8a010b7aba0be6915aabf393ff26a45c,512f565aee4d2af9d8c5d974ca152bc0,delivered,2017-12-14 13:14:01,2017-12-16 02:51:13,2017-12-18 21:59:01,2017-12-21 22:18:08,2018-01-09 00:00:00
2c0b15f658bd85594b7943de2c9719fa,31ce4afefe39aa36a75051e21e8ca600,delivered,2017-09-12 14:23:59,2017-09-12 14:35:38,2017-09-13 17:12:06,2017-10-11 14:02:55,2017-10-19 00:00:00
0277e2828b1b5735351d7818e6658ed1,9747b6c6ac1b29b403e491b74feacea7,delivered,2017-09-10 20:50:42,2017-09-10 21:03:43,2017-09-11 20:53:49,2017-09-14 17:47:44,2017-09-27 00:00:00
406e77234ec47031020fa6bf9507b59b,158ced6ab5b04dcc374324d4390fce1e,delivered,2017-09-07 21:32:35,2017-09-07 21:44:00,2017-09-12 18:27:56,2017-09-22 16:05:05,2017-10-03 00:00:00
05c8ada178f3ab074886530731749bd5,c5a0f4b9e4131b697c6820b8f657daae,delivered,2018-03-29 23:18:04,2018-03-29 23:30:15,2018-04-04 02:08:27,2018-04-11 20:12:34,2018-04-23 00:00:00
7d876888736c3cede00bba647f00454c,193649c4be7eb6195c1e365ff77d0eca,delivered,2018-04-09 03:22:32,2018-04-09 03:35:09,2018-04-10 23:14:19,2018-04-13 23:47:50,2018-05-03 00:00:00
e37cb83a77f2c53e5710ace789c66a97,cba01256a91cbf13bd35e735b8a5fdd6,delivered,2018-07-08 23:12:50,2018-07-08 23:25:19,2018-07-09 15:54:00,2018-07-13 18:26:25,2018-07-30 00:00:00
32e132ee5e808c1933c32c3c9ec17361,4f41b1a6da9287e5f4d3668400a2ea37,delivered,2017-05-05 07:43:50,2017-05-05 07:55:14,2017-05-09 14:49:52,2017-05-18 14:37:40,2017-06-07 00:00:00
b2e77af6e5d073304e896d1f140da964,6ad36fa6ce85979f39488aad79575a1b,delivered,2018-07-18 21:33:38,2018-07-18 21:45:18,2018-07-20 13:57:00,2018-07-25 11:41:04,2018-08-02 00:00:00
c06e996d9f8e42fc3e8d99d21366bd8c,41a02c8fd628009f83d4224f7be4bd95,delivered,2018-04-18 11:58:12,2018-04-18 18:36:38,2018-04-19 17:03:22,2018-05-08 18:38:49,2018-05-11 00:00:00
41d6a7b15ec6c87722ac10f480c1d5e3,489c961db4ea27ab3d9cfa6d9a0f0995,delivered,2017-09-03 16:48:45,2017-09-03 17:03:46,2017-09-04 12:12:22,2017-09-05 21:22:24,2017-09-15 00:00:00
302e35ab075da160f3f02ba14e56d918,79cfdb8249a19f4294a99bce2fc9b2a8,delivered,2018-02-27 09:23:07,2018-02-28 09:50:58,2018-03-05 16:17:31,2018-04-02 23:46:37,2018-03-22 00:00:00
756fc608f67478946b31c752681f27be,ce5b56c495944af078df7f4e10719be7,canceled,2018-08-14 08:14:45,,,,2018-09-04 00:00:00
398d714b55535c832a8bd66bf83defd9,8b5eb6285132137324ae38a3f8c7d2e7,delivered,2017-08-29 15:19:07,2017-08-29 15:35:27,2017-08-30 18:17:46,2017-09-06 22:22:18,2017-09-19 00:00:00
6182f426bfaf3fcacda874e7da0a7561,e31b2f518f94b17e3b43a035427f7d0e,delivered,2017-03-10 07:58:13,2017-03-10 07:58:13,2017-03-10 10:47:10,2017-03-23 15:47:51,2017-04-06 00:00:00
d0bff47153ef056bb4f884a2ec2f0691,5bbd3f38fe696e4bc73a9f914a6716e6,delivered,2017-11-23 15:05:54,2017-11-23 15:30:04,2017-11-28 18:59:15,2017-12-05 00:37:37,2017-12-20 00:00:00
2eae590e79adf4a3c3876767968770ac,582bde47354c490991f601d223d34537,delivered,2017-11-25 17:42:22,2017-11-28 03:21:57,2017-11-30 15:04:52,2017-12-14 23:25:04,2017-12-15 00:00:00
2b4b44b2668666eb59404ad3212d4826,32e5be390665e8662d1c7523c2a4db25,delivered,2017-11-17 13:14:15,2017-11-17 13:46:39,2017-11-22 00:59:10,2017-11-29 22:04:56,2017-12-06 00:00:00
9a63315dcf91f9309c3a2307abbcb9b8,d1926dcc495a442316b12a825024a9d0,delivered,2017-10-16 20:16:28,2017-10-16 20:28:24,2017-10-19 19:55:36,2017-10-25 20:53:51,2017-11-07 00:00:00
4fe46529fed4601ccb07ba71cc357567,d6c6231fe530ce9dcf146cb013ff74e7,delivered,2018-07-10 18:55:39,2018-07-13 16:06:57,2018-07-11 12:26:00,2018-07-30 14:07:57,2018-08-07 00:00:00
8821146ecf8a1eb441aa052b371f1814,6d41885118d1c89e00b8a67eb3e74653,delivered,2018-08-11 08:47:48,2018-08-11 09:04:28,2018-08-13 16:21:00,2018-08-15 16:26:52,2018-08-16 00:00:00
cf747734b50691a179b579b11690910f,1d7155ac87fdd56fd53e56c89ae371c0,delivered,2018-06-01 19:44:29,2018-06-02 19:50:26,2018-06-06 06:08:00,2018-06-08 14:23:46,2018-06-28 00:00:00
1887d0f6362cc8dd05b9c7764fe627b7,22ae5f4de1d774859fac89de1d9658eb,delivered,2018-03-20 18:20:00,2018-03-20 18:30:37,2018-03-27 22:08:47,2018-04-08 18:03:11,2018-04-16 00:00:00
d483bb3f567fb6178f1c27240a01f44d,72014bae77677fc4c8913788f0b50a34,delivered,2018-02-15 20:22:27,2018-02-17 03:47:57,2018-02-20 22:53:21,2018-03-14 17:05:12,2018-03-08 00:00:00
13d3f4e508a98d94177dcdb34a8469c3,74df87b2ebcb43ec7e67d677a3a88a8b,delivered,2017-12-22 13:56:34,2017-12-27 04:12:35,2017-12-28 21:29:48,2017-12-29 16:15:55,2018-01-12 00:00:00
d1579c450369b0b5d8bc67cdc0fb1f08,dc4ad93e6f41f8072965527c8083c47d,delivered,2017-12-12 11:29:56,2017-12-13 02:32:28,2017-12-13 17:35:06,2018-01-03 22:03:10,2018-01-10 00:00:00
9c0dd0fc76f974318be91a7fb9dc337a,f52443eed97ec3bde9d3abf42938f44c,delivered,2017-08-21 14:29:52,2017-08-21 14:45:15,2017-08-22 18:46:10,2017-08-25 15:59:49,2017-09-11 00:00:00
43dcf7dc059a67a9b9d62191f5e6b4d4,c315587ceb4ac7979c889fd24c860ef4,delivered,2018-02-10 22:21:25,2018-02-10 23:29:45,2018-02-14 20:04:48,2018-02-22 15:12:42,2018-03-07 00:00:00
4932255e68f63e3a5f809bd4b96fc9a1,9b9ef0b86d210aa78290882b2cbdcea3,delivered,2018-04-18 08:20:24,2018-04-18 09:11:25,2018-04-18 21:14:38,2018-04-24 20:46:46,2018-05-21 00:00:00
a1df9e94edfa8f6ac4cbd9b377899672,9e73bdfbdae3df7c758e2c049c16265a,delivered,2018-01-22 17:44:32,2018-01-22 17:55:27,2018-01-25 12:08:48,2018-02-01 15:55:40,2018-03-06 00:00:00
3e073b27114fe955e184db124d34a566,6ad78e330d6e0f3dfc471115f17371ea,delivered,2018-08-07 16:35:35,2018-08-08 14:10:16,2018-08-13 15:35:00,2018-08-21 17:18:55,2018-09-19 00:00:00
96d4aa53586046965c471164413b37cd,12d54e7bcf721ea2debe5e1a7434aa6a,delivered,2017-08-03 13:59:34,2017-08-03 15:15:14,2017-08-07 15:29:43,2017-08-15 18:03:54,2017-08-29 00:00:00
aae1b0d4a875d809965f0ea19c86ff95,7fb06cf41183d4ff1eca879247681b56,delivered,2018-07-30 11:11:27,2018-07-30 11:44:30,2018-07-31 11:38:00,2018-08-01 15:38:39,2018-08-03 00:00:00
9cb197309d8105d9d407533fce50ae34,b7d357b5d22f91e4ee177ed8ae73e5d8,delivered,2018-08-24 18:00:29,2018-08-25 02:45:21,2018-08-27 11:34:00,2018-08-30 14:03:48,2018-09-03 00:00:00
650cf4a3760375c8eab33cdfda4aceff,63060fbe4f7830b0dde95d6f4198d2d8,delivered,2018-08-21 08:35:57,2018-08-22 03:44:20,2018-08-24 12:20:00,2018-08-30 18:21:36,2018-08-31 00:00:00
1031e136362f6146fec2f01610358fca,df0be7a0d523566ae05e9cd7ab862a68,delivered,2018-04-04 15:57:48,2018-04-06 03:28:39,2018-04-09 15:34:52,2018-04-10 16:51:50,2018-04-16 00:00:00
5d4f7c285f497d34734c73d0db2cf236,8e85b6f2c0f14714b7a1cafaf9c4eed3,delivered,2018-04-02 14:53:01,2018-04-02 15:11:54,2018-04-04 18:24:52,2018-04-11 17:38:50,2018-04-18 00:00:00
2369ff1232ff0d10bb9d924732757881,1543d33006419c3806d6e4d2a1b7560c,delivered,2018-04-23 21:27:11,2018-04-24 18:25:33,2018-04-24 23:08:40,2018-05-16 19:48:48,2018-05-16 00:00:00
52c5e13fda94ceb769df5565b3415466,df68a541b3247a8de6570d0a788e8af0,delivered,2018-02-14 16:38:59,2018-02-14 16:50:26,2018-02-21 11:28:04,2018-03-05 15:08:33,2018-03-13 00:00:00
7cd12f82d867bf5cda813ec60b7c4db8,a54aad5eae4138da92dbf946b7f71531,delivered,2017-03-19 16:16:44,2017-03-19 16:16:44,2017-03-23 11:03:31,2017-04-03 14:43:58,2017-04-12 00:00:00
431edc9c63424518da8f273659cafa77,cd036f4704c0f53c4363227d956745a6,delivered,2017-10-05 10:01:44,2017-10-05 10:14:21,2017-10-05 19:49:58,2017-10-11 18:13:37,2017-10-31 00:00:00
1f297fe93c435a51586ee198938876d3,7b9c62c11a289126729179b8a781c2a2,delivered,2018-01-04 14:57:28,2018-01-04 15:08:24,2018-01-05 20:22:19,2018-01-19 02:57:43,2018-01-29 00:00:00
0fe5bc7345e72628330234915ed373bd,d1bd63b46da6c1af59a5f618fa5573ce,delivered,2018-04-18 13:37:25,2018-04-20 07:32:06,2018-04-24 19:29:29,2018-05-07 15:18:59,2018-05-17 00:00:00
0b49ef15b00408f4b3cc8c7ac0c5ae19,b2e9fe38e0eb107f91e26b5f777de56e,delivered,2018-08-07 11:15:11,2018-08-07 11:30:17,2018-08-08 08:22:00,2018-08-10 22:08:33,2018-08-16 00:00:00
ce79ae0eb1e344fbf19835147efc64e4,e758443211dfead853b497789eb50c86,delivered,2018-05-24 20:33:03,2018-05-24 20:54:02,2018-05-25 14:27:00,2018-05-28 17:18:39,2018-06-13 00:00:00
5fae5b3e4e5a5c6b02a38d8e4536a81a,8539453c168f44ac4ee095374bc8ea2e,delivered,2018-07-09 16:52:12,2018-07-09 17:05:05,2018-07-10 13:56:00,2018-07-14 20:51:24,2018-08-02 00:00:00
27fee5c620c806ed4f239ed553fca699,9dca8837b7f9fc25ae379a58bb66094d,delivered,2018-05-22 12:27:08,2018-05-22 12:56:01,2018-05-22 15:36:00,2018-06-03 18:39:37,2018-06-07 00:00:00
5ec57659b85eb947cc673208c233ff65,98261ac4c9595f4d742f83d911922cf5,delivered,2018-07-10 20:12:39,2018-07-10 20:25:55,2018-07-12 10:08:00,2018-07-20 17:11:55,2018-07-26 00:00:00
badd6d6cf755e89c81ba57457f8aacc9,972056006e048e5851321a1269e1318c,delivered,2017-05-02 12:01:54,2017-05-02 13:05:46,2017-05-02 14:53:56,2017-05-09 14:25:02,2017-06-02 00:00:00
486c20b6af5c5dc6163705a3c6031c3a,eca219203e02b039ed7f8d41c4a7af8b,delivered,2018-05-17 10:25:03,2018-05-17 22:09:09,2018-05-18 14:35:00,2018-05-24 15:49:32,2018-06-05 00:00:00
a2d72ff17d07bd4f05cfaa40c6c8e2a2,a801e13671f0d153d84b6e3907637afe,delivered,2018-08-20 20:44:14,2018-08-20 20:55:31,2018-08-21 15:38:00,2018-08-27 18:38:34,2018-09-03 00:00:00
d15a203ea25983a3a17ec382a8a9122e,fe0697e0aefd1e73bef77dd71948100d,canceled,2017-03-28 07:27:16,2017-03-28 07:35:12,,,2017-04-17 00:00:00
75a603587f83062993751067174b8cbe,e7a85f7732b63aa1d69776cde5991ac8,delivered,2017-10-02 09:04:58,2017-10-03 03:56:32,2017-10-06 20:57:30,2017-10-17 19:42:00,2017-11-03 00:00:00
f481c4a578efee5b662a2df18c3df59e,a1e3207213fb4e743661d253b7bf5b7f,delivered,2017-11-06 17:49:57,2017-11-08 03:31:02,2017-11-09 21:48:44,2017-11-24 20:09:49,2017-11-30 00:00:00
52ed4ea43ae701531f7a3a18b16783f8,8625add91cf6b981e6fac5cd0b5d733e,delivered,2017-11-21 09:56:24,2017-11-21 10:06:52,2017-11-24 20:36:34,2017-11-27 16:52:03,2017-12-01 00:00:00
b6ab72d17de0a5c4bdf888f55c9acb4b,ec201fc4260520724e8ed826a03bfbf9,delivered,2018-01-30 23:59:17,2018-01-31 01:04:42,2018-02-08 12:08:32,2018-02-15 17:36:08,2018-02-22 00:00:00
8f41f6ee6b11dbc12bd14d1d0ce1641e,c45842da0f866f6c40b7ba3f7c1aac20,delivered,2017-04-10 11:53:07,2017-04-10 12:05:32,2017-04-11 14:54:36,2017-04-17 09:52:48,2017-05-04 00:00:00
4642ed1845e7cd193a89f622e9f4611b,1c72b1dd375ef8c7db973309f930fb5f,delivered,2017-08-10 21:17:47,2017-08-10 21:30:16,2017-08-14 14:46:50,2017-08-16 18:32:23,2017-09-12 00:00:00
7b0991b804c1f59ff08aed876cd41c5b,269e3d5f088fc1f4b2a81eb0ce8ce7d6,delivered,2017-05-17 14:14:31,2017-05-17 14:25:11,2017-05-17 16:02:22,2017-05-18 15:09:30,2017-05-30 00:00:00
b3108f27643eea40f4f48165e702ec26,610cac052cc9c4467f0d271e7be51ce5,delivered,2017-07-08 21:25:10,2017-07-08 21:35:13,2017-07-14 19:47:49,2017-07-26 17:23:58,2017-08-11 00:00:00
c700b407cfb9699e423866878835f42b,8e35ad059c14e7c2098879b6812fbbe2,delivered,2018-07-03 18:30:09,2018-07-05 16:12:51,2018-07-04 08:51:00,2018-07-10 18:49:52,2018-07-24 00:00:00
dd84b69df0da011da2e46699ce4cc853,50818551b3934e037e9f8d8dcf85c64a,delivered,2017-11-28 21:32:51,2017-11-28 21:51:22,2017-11-29 20:58:55,2017-12-05 21:02:47,2017-12-26 00:00:00
66ae643a6c0830c098026b35febfa2e4,f9d62536e8a5f6a1ea83f6d7e39e4d0e,delivered,2017-11-24 20:06:59,2017-11-24 23:13:25,2017-11-27 14:32:53,2017-12-12 13:18:50,2017-12-14 00:00:00
22a409aa094a6210e26006088a346124,73b25d06c4c8b89ac3c9ec3198e843d7,delivered,2018-07-24 01:34:25,2018-07-25 01:30:09,2018-07-26 10:04:00,2018-08-06 14:57:37,2018-08-10 00:00:00
6275720be53df0d94e7d7109f4f02ad2,a20eca856c890ec1eeb6d0cfffea3201,delivered,2017-02-20 23:05:53,2017-02-22 03:10:23,2017-02-22 10:46:50,2017-03-08 14:18:11,2017-03-21 00:00:00
d7d9f1ff0b6aa62f2d4e7fc99e60e8ea,acac7c47f37fdb07e2bfe3932a997d3b,delivered,2018-01-17 13:21:41,2018-01-17 14:56:22,2018-01-18 23:18:53,2018-01-24 19:52:56,2018-02-21 00:00:00
74cf1b092d51c72a195a392662615069,8ff7a7b0a03872ee975dd87f0355b5a1,delivered,2017-12-31 12:16:02,2017-12-31 12:26:40,2018-01-02 16:49:40,2018-01-11 20:04:16,2018-01-29 00:00:00
aa65d58f7ec283d50195563c69c9d6da,5d15d261277478578cc506877e251096,delivered,2018-05-01 19:37:56,2018-05-01 19:52:57,2018-05-03 13:56:00,2018-05-09 20:14:43,2018-05-25 00:00:00
d120a708fb38c8232ca1d0ca112731c5,5380c5d416978c6db0a431ad809ae4a2,delivered,2018-01-15 17:26:49,2018-01-15 17:36:25,2018-01-16 23:03:24,2018-01-26 22:41:24,2018-02-16 00:00:00
fb7688c98b85305cf636fb26b2804186,ae1f942f94dc23319dbe330f38ff5c04,delivered,2018-05-20 11:35:42,2018-05-20 11:51:04,2018-05-21 14:55:00,2018-06-13 00:36:32,2018-06-06 00:00:00
103333c1fad5bfda8e9b1c84615fae2f,542ee88c6b2b09066ab2f1ebd50b2946,delivered,2018-05-07 21:04:51,2018-05-07 21:31:14,2018-05-29 15:26:00,2018-06-12 18:12:21,2018-05-30 00:00:00
55a4f9b50beced29f599c03bf4df76e0,f91f25c334f44970a6b8e4b2f3b24f5f,delivered,2018-08-03 21:28:57,2018-08-03 21:44:06,2018-08-06 14:06:00,2018-08-18 10:32:19,2018-08-23 00:00:00
293fe99febcd4990b7ab31c5cd2abfd5,407d685edcbff0e025864e271eb2e5b7,delivered,2017-08-20 16:22:25,2017-08-20 16:35:13,2017-08-22 10:33:43,2017-08-24 18:43:51,2017-09-05 00:00:00
163099b696818c7c5dd7ffb4e01209d6,9c08631b9b6512391bedaaf207cd9b5c,delivered,2018-06-01 13:09:45,2018-06-01 13:31:52,2018-06-05 09:22:00,2018-06-09 13:59:39,2018-06-26 00:00:00
478f37d7f0b12816126177f6d325380b,9e053c9ab0fdd14be294b0023de43c71,delivered,2018-06-07 19:45:30,2018-06-07 19:55:57,2018-06-08 09:35:00,2018-06-15 18:53:52,2018-07-04 00:00:00
e2a875ab76ae9c68c532baa517d90363,07e9c547c9d2b7d8ac9a35e81dbd1d89,delivered,2018-03-16 10:07:41,2018-03-16 10:24:54,2018-03-20 13:29:32,2018-03-29 00:24:18,2018-04-04 00:00:00
16561ffb6af09015484f1ab3dd7b0378,2980bff7375d754e10a2a4e73e9eda0e,delivered,2017-12-06 00:15:52,2017-12-07 03:10:50,2017-12-07 20:37:04,2017-12-19 14:29:28,2018-01-04 00:00:00
9a9cac4ec55eecd7cbb85d77af0f07cf,c0220048be27a3faa01fab2bc5d5354f,delivered,2018-08-12 21:51:20,2018-08-12 22:04:26,2018-08-14 14:09:00,2018-08-23 20:38:44,2018-09-17 00:00:00
9e4f46493d96c5842aa031c7407d2552,cd0549937dd2e79fb141bf699fe2884c,delivered,2017-10-26 13:26:58,2017-10-26 13:49:29,2017-10-26 19:35:09,2017-11-01 19:07:33,2017-11-16 00:00:00
612e4c9f0a4b338dfaae8a463a518e5e,812ae5f51087e46a1c491e95d3baf5e6,delivered,2018-06-28 14:06:43,2018-06-28 14:31:19,2018-06-29 15:07:00,2018-06-30 11:12:04,2018-07-12 00:00:00
bb31ece4e45d4374e78389359b01f690,3fb3b5a901f4d21b944d1bd9ece51e60,delivered,2018-06-20 09:02:43,2018-06-20 09:20:30,2018-06-20 16:40:00,2018-06-25 18:47:47,2018-07-23 00:00:00
3ce3ea3283555ac158b83c7cc2093ca7,b417cb435c44229b6f76ac61dccc1dd5,delivered,2017-08-15 12:54:48,2017-08-16 15:15:26,2017-08-17 19:22:47,2017-08-23 02:57:55,2017-09-06 00:00:00
ccbc6d72962da1952d471d3bb26cd5dc,f96fac15ddb994992dbd5297fcc32e05,delivered,2018-04-11 18:02:14,2018-04-11 18:15:22,2018-04-12 18:36:36,2018-04-30 19:54:31,2018-05-09 00:00:00
ef32d0ec67bd0ab2ea40c31c3f44571a,956f92f85ef93e5464e0a4e80a51d9ec,delivered,2018-04-05 07:46:23,2018-04-05 08:09:56,2018-04-11 21:06:02,2018-04-19 20:38:53,2018-04-26 00:00:00
12a72e49c959db8d7552036e53a67f49,24965a26ac0ca8671c6c057ee371c06f,delivered,2018-07-30 12:34:38,2018-07-30 16:05:08,2018-07-31 13:24:00,2018-08-09 15:28:46,2018-08-14 00:00:00
b23dc118eeff3026e4439226216f5246,63f302027b9de5de5e4dbd5da3f70f0a,delivered,2017-11-30 17:41:26,2017-11-30 17:58:46,2017-12-01 17:36:39,2017-12-13 22:23:41,2018-01-03 00:00:00
cd6764d145d06aa99b4d3e54afe203b6,358d340407453a509997b8298dc1ef5b,delivered,2018-04-01 02:54:21,2018-04-01 03:27:26,2018-04-02 21:19:24,2018-04-03 23:02:20,2018-04-12 00:00:00
9e9b1a4e3c37db666652ee2ce50e0700,d9823acef9aa0b55e9ba57c2b759ae82,delivered,2018-08-23 17:19:01,2018-08-23 17:35:17,2018-08-24 14:09:00,2018-08-29 19:22:31,2018-09-10 00:00:00
329033bcfc8c56c7d06fb88f2e60f320,7da8f545ceabcd24a5237ab53f763657,delivered,2018-03-07 23:01:52,2018-03-07 23:10:34,2018-03-08 19:05:07,2018-03-15 21:22:26,2018-03-19 00:00:00
accd923380006cc7eb4df308538f9cfd,99bde4061027dd85685a201b61d63722,delivered,2018-08-10 11:07:21,2018-08-10 11:15:19,2018-08-10 14:10:00,2018-08-15 17:44:56,2018-08-28 00:00:00
0e3e9ace0a88a5472a5fa59b8909a8e4,5d44b0796aed22e02ed55dc2d5ff238c,delivered,2017-05-31 09:30:25,2017-05-31 09:43:44,2017-05-31 15:56:57,2017-06-10 08:26:51,2017-07-04 00:00:00
9f9441b89b4d44ee3cf22af52e988757,c8158b6b236a4cc00e0766c812b7645b,delivered,2018-05-17 16:35:48,2018-05-19 03:13:03,2018-05-23 14:48:00,2018-06-09 12:32:41,2018-06-05 00:00:00
c8584f2a0bdbf0ac38e859a8f7744039,6df926e23e9d935e27bcab0e120511d8,delivered,2017-08-29 08:24:09,2017-08-29 08:35:09,2017-08-29 18:38:26,2017-09-05 18:45:40,2017-09-20 00:00:00
b25487d8a6e4f29c0775a2a7d3c81610,6f897ed6fca03155c2447055f9b02183,delivered,2018-01-04 10:56:01,2018-01-04 11:09:10,2018-01-04 20:54:40,2018-01-08 19:19:50,2018-02-05 00:00:00
d3762703e4549c646c1f000b5094abea,c192363842ee854764cd0db7e2195ebc,delivered,2017-10-28 20:39:20,2017-10-28 20:50:18,2017-10-31 18:52:14,2017-11-01 20:09:53,2017-11-13 00:00:00
1fd97d7745cc7716a0ee9c65235098e0,e2c5caab7703c92bc3fe6fa8098843fc,delivered,2018-05-20 19:44:25,2018-05-20 20:18:50,2018-05-28 12:49:00,2018-06-07 16:58:33,2018-07-03 00:00:00
ad810b94c2f3992f8c9ffd408af1e2c3,6440135860433debb1d531daa37afe74,delivered,2017-06-29 12:50:15,2017-06-29 13:03:58,2017-06-30 14:41:56,2017-07-04 14:55:49,2017-07-12 00:00:00
18803fd773602aa97d59a2d49369ee1f,e128b79f608b553e65e9f0dbe909aaad,delivered,2017-05-08 13:47:56,2017-05-08 14:03:02,2017-05-09 08:22:25,2017-05-19 09:45:58,2017-06-08 00:00:00
fd216c435fda2be27c92920a5e5dba82,1ae563fdfa500d150be6578066d83998,delivered,2017-02-22 12:26:42,2017-02-22 13:05:25,2017-02-23 13:26:17,2017-03-08 02:02:59,2017-03-23 00:00:00
e5890882225102403ce999fe5db85f83,5382de4e788e495627ee16f12d0097d7,delivered,2017-08-15 19:51:34,2017-08-15 20:45:07,2017-08-17 14:42:27,2017-09-13 19:00:09,2017-09-19 00:00:00
2065ad549db75287b04797d276d50564,70b0e366782aca2ac5dcccd040448ad3,delivered,2017-11-07 12:17:21,2017-11-07 12:30:33,2017-11-08 18:19:35,2017-12-11 17:55:13,2017-11-30 00:00:00
897885c5e0c8df643675e163c1af79f8,34c27ed6f4633b1575333f185f8910a5,delivered,2018-07-23 11:24:22,2018-07-23 13:25:01,2018-07-23 15:20:00,2018-07-25 20:58:43,2018-08-14 00:00:00
7f14c64f7f48c0243c290e47dd51cfeb,52bbcd77f9b3c2757972b8c3eaac929e,delivered,2017-02-07 18:31:58,2017-02-08 03:10:22,2017-02-09 14:38:44,2017-02-21 12:47:59,2017-03-07 00:00:00
820f4524bac68867cfa6f10ccff3c452,a2b4e1b8a7a47286cd4087fc90dea94d,delivered,2018-06-01 18:27:25,2018-06-02 18:29:54,2018-06-04 09:11:00,2018-06-12 22:21:40,2018-07-05 00:00:00
b2965edf94b570cd52b1d61430a3beec,1afa170bc9d15b2d50c3af7fa5255717,delivered,2017-05-17 20:55:33,2017-05-17 21:10:16,2017-05-23 10:38:01,2017-05-25 10:33:06,2017-06-08 00:00:00
d32800fe9aa5928f98b923bfaa6e7a9b,d87b93ab4fa3917bf4af0e8c69f2cf8e,delivered,2017-07-26 00:09:36,2017-07-27 12:02:54,2017-07-27 18:44:47,2017-08-01 19:18:50,2017-08-17 00:00:00
ec85c27a8b665a26a66f773bef603731,48cabebc3016b12079f4d41904c645b3,delivered,2017-08-03 15:41:08,2017-08-03 16:50:16,2017-08-09 21:16:30,2017-08-11 13:55:55,2017-08-16 00:00:00
4059056b2f7cadb9cf31238fc351ca59,bb770c5def3cd3c1c16e76579a614abf,delivered,2017-08-07 12:25:53,2017-08-07 12:43:42,2017-08-09 19:47:40,2017-09-18 20:37:44,2017-08-29 00:00:00
c00634be8f1613b3019605c2cc96d06b,fb66001ed80569ba8468b508e63e8129,delivered,2018-03-08 19:32:08,2018-03-08 19:49:14,2018-03-12 18:24:26,2018-03-26 19:44:45,2018-04-18 00:00:00
13a244719c4545551ba9e65d3649168f,a137da3b1f385fb488aed49363cce694,delivered,2018-06-07 23:27:47,2018-06-09 03:13:19,2018-06-11 14:46:00,2018-06-12 13:11:10,2018-06-18 00:00:00
77d2c1762d483a6012d9f32c2a59e5df,777ddf6fa6e05c93555d61e80b7bdfac,delivered,2017-05-16 14:24:26,2017-05-16 14:35:24,2017-05-17 14:48:02,2017-05-18 13:05:03,2017-05-29 00:00:00
d5c04536a130a623451bae3d0ce51001,53bb96e83411514386ad58ce123a3f55,delivered,2018-01-09 23:12:36,2018-01-10 10:31:53,2018-01-10 18:19:41,2018-01-13 15:42:26,2018-02-02 00:00:00
3de5fa8beb63cce5f5ee84239b1c14e0,049c2e1b1b7f47db2e3dfd7e10250889,delivered,2018-05-01 21:12:49,2018-05-01 21:35:45,2018-05-03 13:00:00,2018-05-19 05:15:27,2018-06-11 00:00:00
bb05d405bed1d8f313ca3a2f9a8efd8b,a840a8a473510b964b751ccbc85d5988,delivered,2018-06-12 17:48:25,2018-06-12 18:31:31,2018-06-18 13:01:00,2018-06-27 16:03:02,2018-07-23 00:00:00
5810962e1a48530a03bc82a2e63c9f85,757278049297402a04deede8bd3816e4,delivered,2018-06-13 23:50:49,2018-06-14 00:18:20,2018-06-14 11:48:00,2018-06-18 21:43:33,2018-07-04 00:00:00
02dade411839b1c334363dc9058e1124,95aa1acd3c367fcf72a56d106afc9838,delivered,2017-09-18 18:43:37,2017-09-19 18:50:13,2017-09-25 22:49:51,2017-10-02 20:38:45,2017-10-04 00:00:00
4f69e61a03c8f8e1fb342ca5aca13de5,c8ffa0b63dd74e4733f3ae1f2c1ac5c0,delivered,2017-03-23 14:43:47,2017-03-23 14:55:07,2017-03-29 11:06:14,2017-04-12 11:43:10,2017-05-02 00:00:00
a78de2cc0d6bc691e86e944979c373eb,0b55a7a7e7a10bc49daeb902156bf22e,delivered,2017-07-12 11:42:45,2017-07-13 06:45:10,2017-07-14 21:05:25,2017-08-01 17:25:52,2017-08-03 00:00:00
cd3f264de33e6d5f97fc058f8fec3958,24019b02ac2d57c4bf8b1fb47d4d9682,delivered,2017-04-17 09:16:55,2017-04-18 04:10:10,2017-04-19 15:16:14,2017-05-04 16:37:25,2017-05-10 00:00:00
db0dca3813088a91aa97aaa8dfeadd9c,02d16f10703b6d4ef180f921028032a5,delivered,2018-02-11 03:10:46,2018-02-11 04:29:19,2018-02-14 20:15:52,2018-02-15 19:08:18,2018-02-26 00:00:00
a0c9d84c9ca938bbf711acbd940ba416,e171def7e1de79d5479970d8629ad8c8,delivered,2017-09-20 17:28:45,2017-09-21 09:35:08,2017-09-25 21:41:16,2017-10-05 20:39:54,2017-10-17 00:00:00
7477cb986eef32aa23035fdd22ed27d8,282145334ce859131410fef262f98bfe,delivered,2017-06-22 22:41:57,2017-06-22 22:55:13,2017-06-26 14:41:51,2017-07-04 14:32:12,2017-07-14 00:00:00
525dc92e46b18d912eb8462c043bff60,efca6623ba3c1feda8e61a3741188b4c,delivered,2017-06-07 18:05:35,2017-06-07 18:15:18,2017-06-08 16:57:30,2017-06-19 14:32:13,2017-07-04 00:00:00
1b3d11cf9f92c0f7baf627ab059621f8,85ed641fe825f188f1a67b317b5f540c,delivered,2017-01-06 23:31:23,2017-01-06 23:44:08,2017-01-09 09:33:56,2017-01-17 17:27:49,2017-02-16 00:00:00
364d3755f83aedf6ca7ca34f96b5516b,77f7ad2a98bdfa9261168063c364f421,delivered,2018-05-19 19:35:46,2018-05-22 08:56:51,2018-05-23 14:58:00,2018-05-25 12:03:24,2018-06-01 00:00:00
c76b8b4f31097feb8351e62691177012,7e9d9f81d2b989a3a734f4a6fd63cbf0,delivered,2017-03-13 12:23:20,2017-03-13 12:23:20,2017-03-14 10:59:16,2017-03-19 08:37:47,2017-03-30 00:00:00
3e2b45761c1280a1c1165c83d3292c43,8dceb137a720a476f67a550cb3745aeb,delivered,2017-12-04 10:54:22,2017-12-04 16:32:16,2017-12-08 18:24:52,2018-01-25 23:16:50,2018-01-05 00:00:00
9cf86370700477e2bf11be1e7f3d16e6,3e76eb7fa8f981a0e5adc2e3f2351ba7,delivered,2018-01-01 20:18:40,2018-01-01 20:29:24,2018-01-04 21:22:38,2018-01-09 20:41:57,2018-01-30 00:00:00
cd3558a10d854487b4f907e9b326a4fc,0004164d20a9e969af783496f3408652,delivered,2017-04-12 08:35:12,2017-04-12 08:50:12,2017-04-12 17:05:42,2017-04-20 16:12:26,2017-05-04 00:00:00
4159bafe6c17fd0be809be0840a1c2c0,daefebbffcdbaad2794e33cfe5289be6,delivered,2018-01-12 14:35:30,2018-01-16 03:50:58,2018-01-16 23:26:40,2018-01-24 21:32:17,2018-02-09 00:00:00
35490431b95a5ac679998ad3d2de2d9a,580b56994c5634a40e472f3398da9f72,delivered,2018-04-24 22:50:44,2018-04-24 23:12:33,2018-04-30 06:27:00,2018-05-09 23:48:53,2018-05-16 00:00:00
d206bed7e7aa9669bb62f42fa14d7071,9f93e34fc4074a28a2f91f0c7a4c5e17,delivered,2018-05-02 16:38:17,2018-05-03 04:35:12,2018-05-04 16:12:00,2018-05-19 14:30:55,2018-06-18 00:00:00
c6a5f272566ce95ded3e1b4de71b9acf,25363d393da9ee18ffd04574fcda9032,delivered,2018-01-29 21:33:01,2018-01-29 21:51:36,2018-02-10 00:16:50,2018-02-11 17:52:00,2018-03-16 00:00:00
23c312ca9f0242a48a95e5643bee2645,570045158cad692d4451429defac5f56,delivered,2018-05-04 14:21:11,2018-05-04 14:30:41,2018-05-07 14:31:00,2018-05-21 22:16:02,2018-05-25 00:00:00
4da691562dbd0818d7655eeb6dc1de84,2d7829de3fec217b93e903b0d7de423a,delivered,2018-06-12 10:09:19,2018-06-14 04:15:07,2018-06-14 12:14:00,2018-06-25 19:38:22,2018-07-25 00:00:00
5598657697983e852a752bb7c10f4d01,fb866358cc889170eb31f05f257e16e4,delivered,2018-04-01 13:28:46,2018-04-01 13:35:24,2018-04-03 19:44:26,2018-04-19 20:22:06,2018-04-19 00:00:00
ddc7c19ba9ea65183373ed66beabe356,0675dc11f2e7dc8ab2f0525b1dd57859,delivered,2018-06-21 02:12:27,2018-06-21 02:37:33,2018-06-21 15:17:00,2018-06-27 16:26:29,2018-07-16 00:00:00
7a725159d3784d99725573981fcdf93e,4d66962e97baeb612fc75237b75d6e56,delivered,2017-10-02 16:20:25,2017-10-02 16:28:35,2017-10-03 17:23:10,2017-10-14 14:58:41,2017-10-30 00:00:00
4a4c236dd0a477add66133368e7fcde8,16cd1d945f007ed5746a08c6e90d3bad,delivered,2018-02-11 16:31:47,2018-02-11 16:48:05,2018-02-14 22:41:41,2018-03-07 22:41:34,2018-03-08 00:00:00
133fde906cdebbd7cae1889f1a8300dc,9801bf5ea241cf9f9b78a92058557146,delivered,2017-07-09 18:30:33,2017-07-09 18:43:07,2017-07-10 17:13:59,2017-07-21 21:17:37,2017-08-07 00:00:00
0b1e280f28b576497838ec7684444971,2e2534a17bfa1b56a16d51f7514c5370,delivered,2017-10-11 08:42:15,2017-10-11 08:56:22,2017-10-11 21:23:48,2017-10-17 21:33:53,2017-10-24 00:00:00
9bfa09357a0c7484a58b24bc8688f9ae,ed324391931f8cdefde889b97c58a9ef,delivered,2017-09-10 17:05:33,2017-09-10 17:23:37,2017-09-11 13:34:14,2017-09-18 15:41:41,2017-09-21 00:00:00
faeccb7dc26c1f48cdfc3881c6644f8b,1c1999a8f905f49cb570ee3fab3f8a40,delivered,2017-09-05 13:24:59,2017-09-07 02:50:18,2017-09-08 18:27:36,2017-09-18 19:04:58,2017-09-27 00:00:00
d9956b0805e324db3f2a546ef216c10b,10a86619816f9d2afce3f45b04aabc71,delivered,2017-10-10 14:30:25,2017-10-10 15:06:46,2017-10-11 15:47:54,2017-10-18 22:52:21,2017-11-01 00:00:00
8bf3793ec227f088b66c635a34921940,28f583529f2c7fd70d83af5dc9411a1b,delivered,2017-09-19 18:46:41,2017-09-19 19:04:25,2017-09-20 18:32:42,2017-10-04 00:22:53,2017-10-10 00:00:00
7c7b51735653e5eabc93b37b0f454428,ea630e23f32fb8ca4c141b2465b2481b,delivered,2017-11-29 14:55:47,2017-11-29 15:13:55,2017-11-30 23:05:07,2018-02-15 23:08:15,2017-12-28 00:00:00
160863da0eb253edd4f43186bfabc94d,acb5a2146699278ce5c1f961cbaffeca,delivered,2017-12-05 19:49:09,2017-12-05 19:59:32,2017-12-06 21:21:59,2017-12-23 15:28:10,2018-01-08 00:00:00
65b93b14fb25e2776692abdbd64a44f7,c7e9d64ef2d3e98ad1b5068dbc859934,delivered,2017-11-24 13:49:15,2017-11-28 03:19:55,2017-11-29 21:09:47,2017-12-08 23:38:34,2017-12-14 00:00:00
82574189caad5cf569fb8cfd3e9d9382,d1a95718f4ba847aa46472c7d38ac885,delivered,2018-02-25 19:12:01,2018-02-25 19:27:56,2018-03-01 12:46:40,2018-03-02 14:14:04,2018-03-12 00:00:00
01b703d8365608f2b01ed9c076d0b3dc,475eec32deae43c1479b18acc1f7781d,delivered,2018-01-05 17:14:30,2018-01-06 17:08:23,2018-01-08 22:06:28,2018-01-19 00:48:52,2018-02-01 00:00:00
c1e9744452fb7f55208a14610436019c,9722b087b76b39052f39d7c7a1b51f62,delivered,2018-07-04 15:30:50,2018-07-05 16:31:21,2018-07-05 19:06:00,2018-07-10 19:34:41,2018-07-19 00:00:00
019b02e139cfcd97f93366f7a38f5695,82a6cf90eef165080973fec6d6dc8910,delivered,2017-04-02 16:50:31,2017-04-02 17:02:31,2017-04-04 15:03:58,2017-04-07 22:46:32,2017-04-24 00:00:00
c9ac1cc11d801a9be848b342877bb077,fa7d662096338526b074e6f9d7b203d8,delivered,2017-07-13 11:29:42,2017-07-13 11:45:17,2017-07-14 18:18:10,2017-08-01 21:22:15,2017-08-16 00:00:00
a6d26cc151cf55506e5fa88970b09edf,e5d33c5cc7dde34deefbfa6cfcd55ced,delivered,2018-01-09 18:03:35,2018-01-10 10:32:25,2018-01-10 19:49:06,2018-01-11 15:14:11,2018-01-26 00:00:00
c097f6812809a5732baad2b6aa8c3541,ad8fc75900ecf887ae4286d57123d51f,delivered,2018-02-28 16:01:07,2018-02-28 16:15:56,2018-03-01 19:42:25,2018-03-13 22:57:35,2018-03-26 00:00:00
4da0d9f0eabbf66ac32280431ed7c6ce,46c711a52bd83fdad273158043470bed,delivered,2018-08-09 11:36:01,2018-08-10 03:10:16,2018-08-10 11:07:00,2018-08-13 16:38:37,2018-08-15 00:00:00
1544633fddddf3dd98fd5e9eaeb01b4d,7d3be011d4a41aacfcdc7399e67d15df,delivered,2018-08-03 10:17:53,2018-08-04 04:10:24,2018-08-10 14:42:00,2018-08-14 10:31:41,2018-08-15 00:00:00
96a03487818c437031605930844f4432,2b00c4e8dcc89e244018fc054bdecf62,delivered,2017-10-15 16:10:27,2017-10-15 16:48:49,2017-10-16 16:48:00,2017-10-24 22:33:18,2017-11-07 00:00:00
c7b2b75e4013ba825f8617a06936a014,4447740ba0a171df89769758c72f15cc,delivered,2017-02-08 08:36:00,2017-02-10 02:45:21,2017-02-11 09:38:05,2017-02-20 09:18:42,2017-03-21 00:00:00
c457891e7dfbb909e2ec96d592d94edf,659b21e93a6fdd45d2cb906223618cbe,delivered,2018-01-28 16:50:02,2018-01-28 16:58:19,2018-01-30 20:03:50,2018-02-07 22:04:17,2018-02-22 00:00:00
e2047aaabab2869c1080a51c3e6b64ce,87d8a79b1f818010f6bff9a06a526905,delivered,2018-06-09 14:49:17,2018-06-09 15:10:33,2018-06-11 16:17:00,2018-06-19 18:05:26,2018-07-11 00:00:00
da56bf0bdea03c2780bb37ff9db85e3d,c42a35fad2783f9119d187d684a1430c,delivered,2018-08-15 23:03:13,2018-08-15 23:15:19,2018-08-16 15:19:00,2018-08-20 21:48:50,2018-08-20 00:00:00
d976668f821dc630fb317d30d3fbc35d,28875d00a7d44b1ddca4f37e78dd7055,delivered,2018-05-07 18:58:49,2018-05-07 19:15:30,2018-05-11 19:12:00,2018-05-15 00:28:52,2018-05-23 00:00:00
38162e93b3ce4e0511825eba9f0b4414,6e4bf3181d51b8957a210a1fffbae639,delivered,2017-12-05 16:18:19,2017-12-05 16:43:19,2017-12-19 19:14:42,2018-01-04 18:10:48,2018-01-03 00:00:00
f820932d157065aeabe1fe3482431dfe,0963eb8b148b433abf5fc7aec885c6ac,delivered,2018-01-31 19:35:28,2018-01-31 19:50:54,2018-02-05 20:18:48,2018-02-10 17:06:29,2018-02-23 00:00:00
c98034f8df920ed8ca430c1105e3b600,97b1940e2aae6798a81d3a4015508078,delivered,2018-07-11 10:12:08,2018-07-11 10:26:32,2018-07-11 11:54:00,2018-08-01 20:33:07,2018-08-20 00:00:00
5c959c1b3e28ba4e981471f98941585b,8d449ef5d6b9c0e61e27917b778db8af,delivered,2017-08-09 22:52:37,2017-08-09 23:05:16,2017-08-11 12:05:49,2017-08-24 22:46:48,2017-09-04 00:00:00
ea6bd8f80f9e0495ab4d0eb5bd86fe10,cc80220c6e0873649ef45c04fb6b5303,delivered,2018-08-07 18:43:53,2018-08-07 19:30:28,2018-08-08 10:47:00,2018-08-11 18:51:12,2018-08-13 00:00:00
8873ba6fabe889712462bf8affb6b808,46001adad3618bae82db5ef329cc7873,delivered,2017-08-21 14:22:37,2017-08-21 14:35:41,2017-08-22 16:27:58,2017-09-08 20:05:32,2017-09-13 00:00:00
ccfba4fa3ba74e9052582349a558b474,16c76d3580c1549d2415b039b962ffee,delivered,2018-08-09 10:52:37,2018-08-10 03:05:15,2018-08-10 15:09:00,2018-08-14 23:45:37,2018-08-16 00:00:00
0b5cb81ddd693dca629e9931e85f00c9,7fcd8494fc0c228c991aafe0770b08b4,delivered,2017-07-20 22:34:33,2017-07-21 22:45:15,2017-07-25 19:39:28,2017-08-03 17:45:08,2017-08-24 00:00:00
afd09879ff7489d300d0ebeab6348e35,e745e8122599d453a0b96fbf6047a476,shipped,2017-10-23 12:57:01,2017-10-23 13:14:23,2017-10-24 22:47:57,,2017-11-16 00:00:00
4f58570952cc0b543a70a359a1b4a7f4,11a09dab519948f22f19b265239ff687,delivered,2018-02-01 10:25:14,2018-02-01 10:35:30,2018-02-03 03:07:50,2018-03-19 19:56:30,2018-03-01 00:00:00
263e751209908b03a2f97de2b669f831,99178d9df4101d6d43e3d5214a80fe32,delivered,2017-10-11 20:50:47,2017-10-13 15:36:32,2017-10-20 13:48:59,2017-10-31 18:47:53,2017-10-30 00:00:00
97c1f142e30f7b97cc66d73cd6c69428,217138d46fa46dde7370d830285713b9,delivered,2017-11-29 16:18:54,2017-12-01 16:13:19,2017-12-04 18:36:39,2017-12-12 17:57:41,2017-12-20 00:00:00
110002a2f7cc77699dcd81a24423cfc1,d8c707272d713759bf254e1a9bb9748c,delivered,2018-01-07 16:45:22,2018-01-07 16:56:25,2018-01-09 20:18:16,2018-01-10 16:50:32,2018-01-31 00:00:00
494984e8205ee711abf407b39548f85c,441b8206c35723f88ae1c338f274149d,delivered,2018-02-03 17:42:33,2018-02-03 19:30:28,2018-02-05 17:05:09,2018-02-26 11:23:20,2018-03-13 00:00:00
c8c0e74f5426e74b812efe05eaab11a6,b6ba2c8d887b9586b6f9dcd3d7ddfd56,delivered,2018-05-28 21:30:24,2018-05-29 12:50:26,2018-05-30 12:56:00,2018-06-11 16:18:49,2018-07-04 00:00:00
f6aeaaa897aaaf586ac05fb8d821ed9e,3f2036cf3539c9c355fd991251a13f60,delivered,2017-11-23 15:43:00,2017-12-04 10:54:28,2017-12-07 00:46:54,2017-12-26 19:43:37,2017-12-26 00:00:00
e4c509134655c5ab30ba6d298fc5d216,ea269dfe69d1f52cbdcb490f3960d902,delivered,2018-04-01 20:55:06,2018-04-03 05:28:24,2018-04-04 18:58:39,2018-04-06 19:02:20,2018-04-12 00:00:00
3765a79496712d9bb7eea316cc9ff2c9,756f996447639ab93df564474cd24124,delivered,2017-08-14 15:36:18,2017-08-14 15:50:20,2017-08-17 19:26:53,2017-08-31 19:15:10,2017-09-15 00:00:00
ad5ca87a6601228af735af74e4077178,ee77520c9cca9a27df3cfdc74bfdb8b5,delivered,2018-05-06 18:15:03,2018-05-07 09:32:54,2018-05-07 14:17:00,2018-05-11 00:58:36,2018-05-25 00:00:00
10cb203e7598cb11350267c0600fc00d,8b6fb564288d7bee8cd7234845cfb0e6,delivered,2017-11-15 10:41:52,2017-11-15 10:55:34,2017-11-17 00:45:07,2017-11-24 19:48:43,2017-12-11 00:00:00
f5226047c60ee185cf7f497f8c96024c,f04018667ff9194bbaaf6aa27934ac56,delivered,2018-08-08 15:03:15,2018-08-08 15:15:18,2018-08-09 14:49:00,2018-08-16 21:18:44,2018-08-14 00:00:00
89035fb6f9ed1693ad716ef81c18cdb2,ac9d00289136be90ac64557222f2e9fd,delivered,2017-09-21 22:00:15,2017-09-21 22:48:32,2017-09-25 19:10:13,2017-10-13 21:37:47,2017-10-31 00:00:00
07f970754e737efe221e6349eeb5a8e7,63e9de259c63644730104feea23efc5a,delivered,2018-06-18 08:58:54,2018-06-19 03:36:42,2018-06-19 15:12:00,2018-07-04 18:10:40,2018-07-19 00:00:00
50be9eb370672ac7e49a1c1741cef069,8b6f7ba395e5eb6b7f722e8f329b25c7,delivered,2017-10-19 13:57:32,2017-10-19 14:14:19,2017-10-20 17:09:52,2017-10-31 23:11:13,2017-11-10 00:00:00
c389bed1741c8f36cfc6908c1677288b,118c9f44d9c4e55593e9fb37c12268f2,delivered,2018-03-20 09:01:08,2018-03-22 02:50:08,2018-03-23 00:16:57,2018-03-26 18:08:50,2018-04-02 00:00:00
e26e9f6ac81aba6e29fb44def001d695,254b177b6a8e7c54a3216c70c77453d4,delivered,2017-06-23 04:46:53,2017-06-23 05:03:06,2017-06-23 12:46:15,2017-07-04 15:33:27,2017-07-27 00:00:00
a22866079d1960563c0bc524a13778e2,b30dd99d568f2a4d77c533d8c41e39d8,delivered,2017-11-23 14:12:24,2017-11-24 03:11:26,2017-11-29 15:03:50,2017-12-04 15:44:54,2017-12-07 00:00:00
d0f4fe13d39b8c71a0d1f21ab65192c0,aaf0a71d83bfa25cc238ed45db577b42,delivered,2018-02-26 20:01:35,2018-02-27 04:31:03,2018-03-01 00:53:22,2018-03-06 02:17:14,2018-03-26 00:00:00
e0316057201638c364f3f54c86eebdcf,5958c76e4a6814f01a6d34c9a2c392d0,delivered,2018-04-16 08:28:54,2018-04-16 08:51:13,2018-04-16 20:12:37,2018-04-18 20:34:36,2018-04-30 00:00:00
f08f463d66cc5bfe30cd30cbe9177ad0,69c33417e1600c0d34fc935cc21bad16,delivered,2017-05-11 00:47:54,2017-05-12 02:50:40,2017-05-17 09:45:21,2017-05-22 09:48:45,2017-05-19 00:00:00
96d117bf2f49d7bb4c4895f0db29a86b,563c3f12975d266179524b153665fd74,delivered,2017-04-03 09:14:02,2017-04-03 09:42:27,2017-04-06 14:00:15,2017-04-13 13:09:50,2017-05-05 00:00:00
5df0b9dca1031d0b4abdf7b6f1f6e118,d7c92025f19ea01749d4977570bce493,delivered,2017-03-01 15:03:00,2017-03-01 15:10:22,2017-03-03 14:24:53,2017-03-13 13:18:09,2017-03-30 00:00:00
a0da82bc20f55857de1085dc8c965e35,62675f64045ec165cbef2991e72e6246,delivered,2017-09-05 10:09:30,2017-09-06 02:55:40,2017-09-06 17:12:10,2017-09-13 20:32:55,2017-09-26 00:00:00
42f5954cda381bd032934ee38c453711,7c6a9e2bdbb00e3007395f1ce3bda802,delivered,2017-09-21 14:14:40,2017-09-21 14:25:46,2017-09-25 09:57:07,2017-10-02 20:50:02,2017-10-18 00:00:00
a74a1bb28cb0ae0a239270f8e3a85cdf,e3b8e1052eabf24ff52843086a5f4508,shipped,2017-01-23 00:53:05,2017-01-23 01:05:11,2017-02-03 15:16:29,,2017-03-02 00:00:00
9d4c70a4fba1638cb215c370f72a1fd2,67375d4b0ffd1ec02ad8e4c84f2a9cdc,delivered,2017-08-30 15:14:04,2017-08-31 02:35:49,2017-09-14 21:21:44,2017-09-26 20:07:33,2017-10-10 00:00:00
7ad12b91a27a5b94bdd5a1f444d29783,f8f17b5c6c08d31d25a3bdee0cf4eb23,delivered,2018-02-23 14:58:08,2018-02-27 04:31:20,2018-02-28 22:53:06,2018-03-03 01:12:18,2018-03-09 00:00:00
67f4aab5a932827f4b8c6ad59033701d,b9fe4fe15370b83df77eeeeac27b3a1d,delivered,2017-11-01 08:34:56,2017-11-02 12:25:22,2017-11-06 20:18:47,2017-11-17 19:57:41,2017-11-24 00:00:00
50f7b4829c11fbf8c8b57926f1a0bfdc,c4dc594c44e31c40a59b7b34501a1e2a,delivered,2018-06-02 07:01:59,2018-06-05 04:35:14,2018-06-05 14:28:00,2018-06-06 19:38:38,2018-06-28 00:00:00
f692b6bd0ae87642d9c7656e6199ed03,810ca9554e64b702fcd371852a304794,delivered,2017-03-08 08:35:41,2017-03-10 02:43:26,2017-03-10 16:14:56,2017-03-17 09:54:49,2017-03-28 00:00:00
66866953330f81976a2adcd51f603560,2dd24ac3b1b93ee4f95f4fb3a32b0d33,delivered,2017-08-01 12:02:36,2017-08-01 12:15:19,2017-08-01 18:33:42,2017-09-12 14:07:40,2017-08-31 00:00:00
bfa825361767b17a25a89b47922032c6,d9ba2a5674d8261aeceb564ea6269927,delivered,2017-11-27 11:33:58,2017-11-29 11:37:22,2017-12-05 18:47:57,2017-12-14 23:36:51,2017-12-20 00:00:00
27e4b7566f5f9244634481ca9b048a2f,85178563d2e34e21e5daca9362c41d85,delivered,2018-03-04 17:23:24,2018-03-04 17:35:31,2018-03-08 21:06:32,2018-03-26 20:41:42,2018-03-28 00:00:00
0c66805964db8d43c1c81402e3433f9b,629037360cb6212f9a8831b62ee1a4b8,delivered,2018-06-02 20:57:36,2018-06-04 09:51:35,2018-06-05 07:52:00,2018-06-19 20:48:46,2018-07-11 00:00:00
e9beb67cf376905f8cd308ef0f02071d,9465670791e0f1a1ba60680fa2677f3b,delivered,2017-01-23 01:22:51,2017-01-23 01:35:13,2017-01-24 12:18:59,2017-01-27 08:53:44,2017-03-06 00:00:00
c4c4ea24b8d911ea6868b7aa33b5d0f9,0ad27cddd2dac328fa921f963202263d,delivered,2017-12-29 14:05:59,2018-01-03 04:13:32,2018-01-08 22:35:09,2018-01-23 14:53:19,2018-02-05 00:00:00
4297d3541d2675524ab8f092919f44b4,4e4ab12631767d0b1b3e6d3e8830326b,delivered,2018-02-15 21:23:09,2018-02-18 12:26:49,2018-02-21 18:09:23,2018-02-28 18:52:56,2018-03-15 00:00:00
9d0912814b7389806874b7dcc00a3870,b8e2ff2733e0495f2d4a92032a74dcd7,delivered,2017-07-13 05:28:32,2017-07-13 07:25:11,2017-07-14 18:34:25,2017-07-28 20:07:33,2017-08-04 00:00:00
91a3c41404860e70eb6fbca545645af0,8df919a9f385879d22ddd9fda7215af9,delivered,2017-09-11 18:07:07,2017-09-13 03:25:25,2017-09-13 21:23:26,2017-09-29 23:26:51,2017-10-20 00:00:00
d2b4c76c2ccfe2f70c1488434a362f56,c3cb9c415a6e5d99f82ade12a9bad4ef,delivered,2018-08-13 08:33:20,2018-08-13 08:55:26,2018-08-14 14:09:00,2018-08-20 22:38:24,2018-09-03 00:00:00
cec31771f7be596e463066dab5db839f,ca1f3487e758f630ec135b5e82d8ec36,delivered,2018-08-07 00:53:55,2018-08-07 01:05:09,2018-08-22 13:14:00,2018-08-27 21:28:29,2018-08-28 00:00:00
2e6213374b023c009a20c3a618a74f9a,99b92126d21d9072d0a2e3c6ce66ac7c,delivered,2017-09-19 10:09:37,2017-09-19 10:15:13,2017-09-20 01:49:43,2017-09-26 18:17:54,2017-10-05 00:00:00
523f24867a34e6e564dda4898935e05e,e02ca2aa7caad49e0b4b540e2344d983,delivered,2018-06-06 11:37:49,2018-06-06 11:55:35,2018-06-13 13:47:00,2018-06-18 11:38:36,2018-07-23 00:00:00
7a8f7632f98c5b44c6dd9b33a3ccb019,d6fc0fbcc85a48ca40e30f51f3ea2798,delivered,2017-12-08 12:48:56,2017-12-08 12:56:20,2017-12-11 22:19:04,2017-12-27 21:50:01,2018-01-15 00:00:00
7a76fba56e5e78997c15b4e7a3a7e760,d18cb384febf76070f778d201134374e,delivered,2017-09-25 17:28:37,2017-09-25 17:44:42,2017-09-27 17:20:13,2017-10-04 21:32:32,2017-10-19 00:00:00
891573b490d6f195502d57156a4b896d,369522f800df0cc10ec9306a5dfb7e75,delivered,2018-04-24 21:57:12,2018-04-24 22:10:18,2018-04-25 13:35:00,2018-05-07 21:39:53,2018-05-23 00:00:00
7ede9e815cd2aac7e60071e67117f176,e3d0868f17fa3a8e85d68545c1459ecc,delivered,2018-05-14 09:24:45,2018-05-14 09:35:22,2018-05-18 17:14:00,2018-06-06 19:53:54,2018-06-05 00:00:00
e2a13826bfe262528a6755b2d38e9d5c,8c6f1fc49db37c4c0b9224991a53223e,delivered,2017-12-07 08:20:37,2017-12-09 02:36:30,2017-12-12 20:16:57,2017-12-22 16:44:54,2018-01-02 00:00:00
1a667c9f13248047e6402a28b934c2e0,72084927a5286f8e61903b282eb1d41e,delivered,2017-09-06 12:28:33,2017-09-06 12:43:33,2017-09-11 16:21:37,2017-09-12 23:47:27,2017-09-19 00:00:00
32bcd8b7a5501464ffa9586eb4794f53,72e37d94fa84af028c40dfad2ae4d62d,delivered,2017-10-19 14:53:22,2017-10-20 15:05:56,2017-10-31 19:13:45,2017-11-28 22:37:03,2017-11-10 00:00:00
75a639df77fe1f5f3550222a60a47fdb,bd58be68ec31c0d2be16026dd9ab47d8,delivered,2017-04-10 10:46:18,2017-04-10 10:55:16,2017-04-10 13:48:20,2017-04-17 15:28:11,2017-05-04 00:00:00
e99ac811e8a9efe60a334a5a985ac28b,b115c24fb8b1b4924ab8292b64b82405,delivered,2018-04-22 13:14:19,2018-04-24 18:34:57,2018-04-25 00:36:45,2018-05-14 19:34:34,2018-05-23 00:00:00
053d5ed007096a9cb5adfe0f0f6d30b5,e5a16fe01567265f371dc3aca0ae155f,delivered,2017-06-03 17:53:08,2017-06-03 18:05:09,2017-06-06 13:37:10,2017-06-22 18:16:54,2017-07-20 00:00:00
3de642b372ed772362b5a3df6f583046,d3bee0359b17267f18ad65628bbbc537,delivered,2017-05-16 16:06:14,2017-05-18 02:30:51,2017-05-23 07:13:36,2017-06-01 11:47:54,2017-06-07 00:00:00
5f8c42f0624576e5f4c4c86cb176c613,10a5943f74a8f7f9a8e3785ac0a01cea,delivered,2018-08-14 21:24:33,2018-08-14 21:44:13,2018-08-15 14:37:00,2018-08-17 20:33:41,2018-08-21 00:00:00
0b7d34c9f64b1a147d6660ceb770aba4,86bf3bdfb50d3b479ac3508e8654cf86,delivered,2017-09-25 18:41:45,2017-09-25 18:55:14,2017-09-26 13:13:29,2017-10-05 20:21:38,2017-10-23 00:00:00
718216cd5a2cbb1cf695c655788c2aab,1f7a6acfadea5c8174e64ed338557ab6,delivered,2018-05-12 15:28:06,2018-05-12 15:59:48,2018-05-15 09:41:00,2018-05-28 14:08:51,2018-06-08 00:00:00
87d3f1164e8055f7438ae314fe816cdb,5327a0625ac539b7f7500ceb3fba0065,delivered,2017-05-24 20:28:44,2017-05-25 03:15:22,2017-05-25 12:58:20,2017-05-29 12:13:24,2017-06-16 00:00:00
9de73f3e6157169ad6c32b9f313c7dcb,eb7a157e8da9c488cd4ddc48711f1097,delivered,2018-06-05 12:45:17,2018-06-05 14:31:37,2018-06-06 09:15:00,2018-06-12 09:54:46,2018-07-03 00:00:00
fb502b9421eb6ab817d72fc973b7b708,d20e693e7c3e72c53f4048b669811243,delivered,2017-11-05 10:38:50,2017-11-07 06:31:41,2017-11-09 23:47:57,2017-11-19 13:32:10,2017-11-24 00:00:00
734a3c56683a8a7dcb4cf7f92319d101,3e91bfd1c7d8dff4da7aef367c2dec05,delivered,2017-11-25 12:20:11,2017-11-25 12:32:37,2017-11-27 12:49:07,2017-12-20 00:57:03,2017-12-28 00:00:00
e0be4cd18c3c6b6dc7adbe8e2239fe74,ff2c849b9bde0704934a4f19db9b1542,delivered,2018-08-06 10:53:31,2018-08-07 04:30:11,2018-08-09 13:25:00,2018-08-13 21:44:42,2018-08-20 00:00:00
79eebbca25755d227de8e2255e3cb184,09ca1779c44a99be8f22fb0acfd3eefd,delivered,2018-02-03 18:23:00,2018-02-03 22:50:32,2018-02-05 22:58:54,2018-02-15 23:46:45,2018-03-12 00:00:00
c713e92621de8e6880f8de2b10923243,fdbf999a073957ff252e8f4897732299,delivered,2018-04-26 14:56:52,2018-04-28 02:51:42,2018-04-30 13:14:00,2018-05-07 22:12:43,2018-05-23 00:00:00
c9ac9cb5ec6a243bb9bd2338199748a5,43f6ebc958866877836364dafc90e2d0,delivered,2017-10-14 15:48:26,2017-10-14 16:04:10,2017-10-18 18:05:20,2017-10-19 18:07:29,2017-10-27 00:00:00
c12c13ee9d5307f765798632ef70d689,bb83e03f2c15b980db3aec282cf53cb6,unavailable,2017-05-06 00:13:09,2017-05-09 09:45:17,,,2017-06-06 00:00:00
44b5da55b74c44fd304b7b8b3b29d5d2,d409480e5edd252e55204343122c0286,delivered,2017-06-17 21:33:34,2017-06-17 21:45:11,2017-06-19 12:18:57,2017-06-29 16:16:33,2017-07-20 00:00:00
131de76b3404646b971a901567b27c1e,416278ffe6603e08f2f135a04e07c611,delivered,2018-01-03 02:55:26,2018-01-03 03:07:50,2018-01-03 19:54:45,2018-01-08 13:40:07,2018-01-26 00:00:00
27bb9f8cf03a1e189a4047a05621074c,7c9c1015111c84b3feff7011e229470d,delivered,2018-04-23 09:32:25,2018-04-24 17:41:57,2018-04-24 00:14:49,2018-04-28 01:17:57,2018-05-15 00:00:00
3c4f38e27c5f6f27be39c8a2932c43e1,45fd70ff9e07d189b82f07ee776b64d5,delivered,2017-01-25 00:19:56,2017-01-25 00:30:22,2017-01-25 15:45:08,2017-01-31 08:43:33,2017-03-06 00:00:00
369d4391cc475b184da61af43967f197,71ac7ff106160c3efd7f1fe76ddb461e,shipped,2018-06-05 19:06:38,2018-06-05 19:54:42,2018-06-07 13:04:00,,2018-07-19 00:00:00
f4021afbf70a873e407181a0a76e64e3,0155478730861c69019d0a41d9bc98f6,delivered,2018-04-09 22:05:15,2018-04-11 05:50:19,2018-04-12 00:22:10,2018-04-18 23:52:43,2018-05-08 00:00:00
e47b03f344feda17a582c2aa3a734e9d,3876981810ad50e6fcac8fd58d311976,delivered,2018-05-01 08:33:20,2018-05-03 04:15:19,2018-05-08 15:18:00,2018-05-09 13:28:52,2018-05-14 00:00:00
173c5c245013bac81a2448638eef784a,a3d5aec988dc5a87e55667afa07191f8,delivered,2018-04-27 10:31:54,2018-04-27 10:51:57,2018-04-27 15:36:00,2018-05-03 22:28:58,2018-06-05 00:00:00
adaca9317c371ba7096be58316138384,912bee72812fad679d82c1178f108ae8,delivered,2018-05-01 20:40:43,2018-05-01 20:55:43,2018-05-02 07:12:00,2018-05-08 18:38:48,2018-06-06 00:00:00
c064f1af2555ae9dbb9efd65b5381684,4a67c8053442ff805d7354795303c17c,delivered,2018-01-18 20:47:13,2018-01-26 17:03:42,2018-01-29 21:47:55,2018-02-06 23:16:51,2018-02-14 00:00:00
5dedf97d50ce7b64e7270e21a30fc97d,51659c9420d923bc476f86828be8d7b5,delivered,2017-11-15 17:13:22,2017-11-15 17:26:48,2017-11-17 21:47:42,2017-12-05 18:31:55,2017-12-06 00:00:00
57241955d7675fbc53a892e7e739da68,0fcf933ebe274b596f72c8cdf2da09bb,delivered,2018-07-23 09:29:05,2018-07-23 12:31:42,2018-07-23 16:55:00,2018-07-27 20:51:37,2018-08-06 00:00:00
3a026b1e98a953d5e0e675d1593ad4af,80e41f2c55ff25bd7a53ce33e5f799da,delivered,2018-04-23 01:40:58,2018-04-24 18:29:12,2018-04-23 21:33:24,2018-05-02 21:51:27,2018-05-15 00:00:00
04eb8bac62618bbc56c582cd49493669,b9d3b0749093e5cbd5c5017ec08f0ade,delivered,2017-05-16 09:12:37,2017-05-16 09:25:16,2017-05-17 15:10:53,2017-05-23 08:32:51,2017-06-14 00:00:00
dbe5b409519c5dfb85b5b0955913e5af,bbe35ecb54adfb96b16d95c719c756c6,delivered,2018-04-17 05:53:21,2018-04-17 06:11:47,2018-04-17 18:42:14,2018-04-26 02:08:48,2018-05-17 00:00:00
8b9db40975d36e27b6bef9ba264f0fad,6fafc5c3fc52e79ab26de962e6aee6af,delivered,2017-08-03 17:10:34,2017-08-04 06:45:19,2017-08-07 18:07:42,2017-08-25 19:53:52,2017-09-05 00:00:00
7a23cfcc5fcb50ed8cfd257506a5e84b,2f2dcb995d3cd4769e53f5db2bf8fb47,delivered,2018-05-04 15:07:26,2018-05-04 15:15:23,2018-05-04 13:50:00,2018-05-09 17:58:47,2018-05-25 00:00:00
4bff82a994068f564e54b52b08ef4512,2e998a151ac7a977d4a7e806346e0092,delivered,2017-10-30 11:47:40,2017-10-30 12:07:18,2017-10-30 21:18:43,2017-11-03 20:16:56,2017-11-22 00:00:00
42df71f66e653cbe9e87913834e59873,39e6eb3d7b6113d9a44bed5583ec3860,delivered,2018-06-23 23:00:04,2018-06-26 04:59:09,2018-06-26 16:17:00,2018-07-05 21:04:20,2018-07-24 00:00:00
a21218028d6e411d8a933cb50a343770,0228874050786ca37c963d514a71684d,processing,2017-12-20 12:01:34,2017-12-20 12:10:48,,,2018-01-22 00:00:00
893dc49276696129a9bf6f2a9fe23e57,483da61b9de320d057934319d30504b5,delivered,2016-10-04 20:41:55,2016-10-06 15:45:18,2016-10-31 14:38:06,2016-11-03 15:17:39,2016-11-28 00:00:00
c75a93873120c5c97163a9b43af4a159,1c89ee60a557970e0961c9fb2f6d82ec,delivered,2017-07-14 12:12:53,2017-07-14 12:25:07,2017-07-17 18:22:42,2017-07-21 17:51:50,2017-08-07 00:00:00
175f436110df7b451689d7d969ec64f5,7199d3db0db9697a789454d3aa8ef344,delivered,2018-01-24 11:06:17,2018-01-24 15:07:37,2018-01-31 00:05:21,2018-02-06 21:33:33,2018-03-02 00:00:00
ab02e1347f5a89f4142106cad4f9f7f8,d52487b960f7df5994f82f0a5de2fd06,delivered,2017-05-18 09:44:29,2017-05-18 10:02:59,2017-05-19 15:11:05,2017-05-24 11:22:39,2017-06-13 00:00:00
be97eee4de1bfb3280324360aafea3cb,6a291a202a987c3c9b1bb6da8420f425,delivered,2018-03-19 09:32:58,2018-03-19 10:07:19,2018-03-21 19:03:18,2018-04-07 23:05:28,2018-04-16 00:00:00
33845be1eefb9674333d4b42ac9ca708,3e1539c4791020572954d38e9f77ac07,delivered,2017-07-18 21:58:10,2017-07-18 22:10:16,2017-07-19 19:58:02,2017-07-21 14:16:34,2017-07-31 00:00:00
4bba52ba149cb3ac9b1ccc35913b74d8,ee4152c1dc5029da4e66d41d52c0096e,delivered,2017-12-08 16:42:46,2017-12-08 16:54:49,2017-12-11 22:08:32,2017-12-19 17:17:04,2018-01-11 00:00:00
4de3ade587f6ec5d1bab54a9c831f1df,6b8e89396ad836f5b045cf752f776742,delivered,2018-03-11 11:38:41,2018-03-11 12:10:00,2018-03-13 22:21:38,2018-03-14 23:51:35,2018-03-22 00:00:00
396e93059094c4e5ebf8af645cb91e03,56153ce6acb6933c43d2215111c0b9cb,delivered,2018-07-05 10:50:13,2018-07-05 16:13:49,2018-07-06 12:04:00,2018-07-10 22:34:44,2018-08-13 00:00:00
26a488b0eb7d46fb424069b683e98d9c,6001d6a937026758eac868ce5ed16148,delivered,2017-12-08 12:12:23,2017-12-08 12:32:21,2017-12-14 18:14:31,2017-12-18 21:18:15,2017-12-27 00:00:00
1e1315cb0c2f66a0863138b7205a8e1b,bd9c26ea95121ee056c338cedb587129,delivered,2018-02-27 15:54:52,2018-02-27 16:30:05,2018-03-01 15:09:45,2018-03-22 16:08:46,2018-03-28 00:00:00
2d68cfa7c620233fd6bef3084eb1358f,71d02ef9d7570ef25d59700fa0191807,delivered,2018-06-04 22:46:18,2018-06-04 23:10:42,2018-06-05 15:16:00,2018-06-13 20:08:29,2018-07-16 00:00:00
247a2d99c7c65136c3a968772716860c,31e490609b471fd1055c067585594722,delivered,2018-05-14 10:51:40,2018-05-14 11:14:27,2018-05-15 10:54:00,2018-05-28 10:08:52,2018-05-22 00:00:00
58df776da444438e064d1e4910f8be87,0a515b177ea670c0fcb7dce752c5d05d,delivered,2018-08-08 18:42:02,2018-08-08 18:55:15,2018-08-09 12:39:00,2018-08-10 17:46:39,2018-08-13 00:00:00
d48b61ddc056e387c86d308c28798dec,6dd9d52bcd45ecf2d32dffe59591a3ac,delivered,2017-10-31 14:23:58,2017-10-31 15:31:18,2017-11-08 21:52:53,2017-11-13 17:52:34,2017-11-28 00:00:00
e7fed674bb29ac98193d392f363cfcf1,6d67f906ad6110359e143ccbc441073c,delivered,2017-11-07 18:47:25,2017-11-07 18:56:00,2017-11-09 20:38:44,2017-11-14 17:06:59,2017-12-01 00:00:00
724ce270686637620b2fdeb626828db6,6b5584cbcf69fe02b86db187f9a463c3,delivered,2018-07-14 00:28:21,2018-07-14 00:45:07,2018-07-16 17:32:00,2018-07-23 15:28:46,2018-07-31 00:00:00
cd796930ba8c7ed14c79e469aa87c22a,f5cfbcc3ab365d919d7de5d09b6dc65f,delivered,2018-05-07 12:46:18,2018-05-07 15:54:43,2018-05-08 13:06:00,2018-05-21 20:16:34,2018-06-06 00:00:00
f9e91772b7c00e703b2ef5657ec53ee1,6e9aa39c9ed70e8a1c1016c4ecf8321b,delivered,2018-05-20 18:37:02,2018-05-20 18:59:01,2018-05-23 15:12:00,2018-05-24 19:22:26,2018-05-29 00:00:00
44b050f54fe22a957cadf3516ec0e354,1007c42bf45f77fdaae1d742f06c314c,delivered,2017-11-10 17:04:54,2017-11-10 17:27:55,2017-11-14 16:48:02,2017-11-18 16:28:28,2017-11-27 00:00:00
607a624a0fb32899edc4e3f9c9b24189,8985819d4414a7471d5be1dac2f08233,delivered,2017-05-02 11:14:08,2017-05-03 11:40:13,2017-05-04 13:29:01,2017-09-04 11:10:58,2017-07-03 00:00:00
79e08374fa404a48bc49a7fc7a594416,9c774535370f71a4b58e60ae4e82590a,delivered,2017-04-29 21:57:53,2017-04-29 22:10:21,2017-05-04 08:48:28,2017-05-08 09:43:51,2017-05-23 00:00:00
df7e2759236fdf704508c65069fb6dbf,fa32335a910037a330a6903984218b1a,delivered,2018-07-25 09:48:02,2018-07-25 10:05:11,2018-07-26 12:19:00,2018-07-30 22:34:32,2018-08-24 00:00:00
f0b673967b0be0bfcc14490d3d1842a8,d103375981626bdaa9778b0897ee405d,delivered,2018-07-29 16:15:14,2018-07-29 16:30:30,2018-08-03 12:45:00,2018-08-13 15:07:31,2018-08-22 00:00:00
a71b8771c97d895f5a8240e4a24597dc,203023c74ac69573e302e77c48e5c19f,delivered,2018-08-09 21:26:59,2018-08-09 21:44:55,2018-08-13 08:41:00,2018-08-14 18:26:34,2018-08-21 00:00:00
c17fde14eedbd5559d73d27af557fa50,e2c6a543fdf9ce5b717cea3d44ff1949,delivered,2017-04-19 19:34:01,2017-04-20 02:50:48,2017-04-20 15:12:57,2017-05-08 09:23:05,2017-05-11 00:00:00
d3a90a46b8f2324b6472545ce1bc2c24,b04716bb2aa95739c6dc543d7f9f4dc6,delivered,2018-01-20 22:18:20,2018-01-20 22:41:14,2018-01-24 19:37:16,2018-01-30 22:19:00,2018-02-14 00:00:00
6f73a96cdd874d89723d560bda640b52,b88d262675f908d6b0a3958c6a091e74,delivered,2018-05-29 09:06:07,2018-05-29 09:15:38,2018-06-08 10:24:00,2018-06-14 15:57:40,2018-07-13 00:00:00
9e4cbed5d166b9e8857de3150c2af79f,5b573a53a62bf0f490763bddb8fa55dc,delivered,2018-06-21 13:02:57,2018-06-21 13:25:25,2018-06-22 15:16:00,2018-06-28 15:38:50,2018-07-25 00:00:00
f99baadda882046359a8c3d699e0267c,f69eb006d41805e8d520d33e96a6394b,delivered,2017-09-16 09:34:02,2017-09-19 04:05:10,2017-09-26 19:04:16,2017-10-05 17:53:52,2017-10-09 00:00:00
d326e75b3255dce0b8d809c02280d012,e559a42967f29b2c6d61571a448eee50,delivered,2017-10-04 13:21:33,2017-10-04 13:35:20,2017-10-05 16:17:03,2017-10-13 22:56:59,2017-11-03 00:00:00
ac7838d68577acf6e79c465b25ce9268,679d4ea2fbd7a090a67bde09ad348e8e,delivered,2018-03-05 19:58:57,2018-03-05 20:10:52,2018-03-07 20:33:04,2018-03-16 23:04:24,2018-03-27 00:00:00
353f701bcba3aef1da4ccc8d5c4c3162,7cbd24070f207fef09b1a1f0487a1e92,delivered,2018-01-23 11:19:16,2018-01-23 11:38:00,2018-01-24 22:23:15,2018-02-01 17:38:08,2018-02-16 00:00:00
dad0bbde895c4becabe332fcdfd47893,e6f880597699e4ad4e9e3ca72e5ab365,delivered,2018-04-22 12:48:56,2018-04-24 18:07:47,2018-04-24 15:54:40,2018-04-28 01:22:38,2018-05-16 00:00:00
80176445f6976a30f014195eb46053c1,fa5f6226717c8c528fa82574b1ce9836,delivered,2018-03-05 14:31:20,2018-03-05 14:55:45,2018-03-09 00:45:09,2018-03-16 16:28:54,2018-03-28 00:00:00
92576d1a063e02c36301ba8edac515f8,822dba166663bda7a3a84ae0b5ccac08,delivered,2017-07-16 13:15:25,2017-07-16 13:25:14,2017-07-17 20:41:31,2017-07-29 16:57:29,2017-08-08 00:00:00
122e1fa741b4749cb51d77c6a3f8107a,228c8d4d1310dbadc1a0b3dfdfb455d5,delivered,2018-06-24 22:54:22,2018-06-24 23:18:00,2018-06-28 15:41:00,2018-07-03 17:54:46,2018-07-20 00:00:00
1c300b10263fefc0edc45c99921586a7,96abf0d6ed5581dcb89480606bd1b729,delivered,2018-03-26 21:05:48,2018-03-26 21:15:25,2018-04-02 20:48:50,2018-04-03 23:18:33,2018-04-09 00:00:00
9e3181bd51258dfbe09b6a057bc37771,0f503abd280f64bea652ba842728b30f,delivered,2018-07-10 08:34:37,2018-07-11 03:25:57,2018-07-17 13:46:00,2018-07-23 16:11:08,2018-08-01 00:00:00
c4bd023ec3c8f99bdc3a817584217988,5e2bff98772b674b3afcbcac6efe0f76,delivered,2018-08-02 14:18:50,2018-08-02 15:00:06,2018-08-03 14:53:00,2018-08-06 20:29:23,2018-08-07 00:00:00
73df5d6adbeea12c8ae03df93f346e86,c7e04083bffe04edab6d27fb982dc6cc,delivered,2017-05-15 10:10:47,2017-05-15 10:23:03,2017-05-19 15:24:01,2017-05-22 19:43:00,2017-05-31 00:00:00
c2d2c80fb18401b6b761d887e378676f,10a0c974eecb63a6bf4ec30bbf90d54f,delivered,2017-11-26 21:08:23,2017-11-26 21:19:33,2017-11-28 18:27:43,2017-12-05 16:49:15,2017-12-20 00:00:00
c0fb0c31cc56e7ddc07f5306fdff9e05,a8a21122dd385225c248e304c8497b18,delivered,2017-05-04 18:52:50,2017-05-05 06:35:25,2017-05-09 12:17:20,2017-05-25 15:47:31,2017-06-06 00:00:00
8fe860202f0d87213c4056f1030ae367,c85b57d305ecdc88bcafb087e60a658c,delivered,2017-11-10 23:01:20,2017-11-10 23:27:00,2017-11-14 22:51:26,2017-11-30 12:05:07,2017-12-08 00:00:00
e713bee0fe365659dd0bf2e261ce6f28,55079e53ef36aa309bc1f0cc5a7b9ca0,delivered,2018-01-29 03:08:47,2018-01-29 04:11:27,2018-01-29 18:49:01,2018-01-31 22:49:03,2018-02-14 00:00:00
d987cb7dbb81d5e2230b44b06ee52513,72be690ff8a35cf36393e506ee0975fd,delivered,2018-04-28 16:32:41,2018-05-01 05:32:42,2018-05-02 14:46:00,2018-05-05 14:21:57,2018-05-14 00:00:00
e86d50789574a28a92e27efcdc90bd8e,f3fa4e33353f1e3a7f0012cedfaf5cb6,delivered,2017-11-25 12:03:26,2017-11-25 12:13:41,2017-11-29 19:41:44,2017-12-14 22:21:56,2017-12-22 00:00:00
e4e7ac3eab5f637e1bbe465706a9e806,a91184a3664b61bc9731ae1c76a4f2f6,delivered,2017-06-23 21:39:52,2017-06-23 21:50:08,2017-06-27 11:56:47,2017-07-12 17:53:58,2017-07-20 00:00:00
a6c1ae4d48280b5b3c43231ac6afd701,8cefa3f70ed73678ae31bd3ebf441aff,delivered,2018-04-03 09:24:12,2018-04-03 10:09:40,2018-04-03 20:32:44,2018-04-10 12:19:50,2018-04-30 00:00:00
28cda4e2c431cbb41d153d52ba95f894,370a626b0e9d9f6657e160a36eea1048,delivered,2018-07-02 15:00:22,2018-07-05 16:05:53,2018-07-06 09:05:00,2018-07-10 15:38:57,2018-07-16 00:00:00
2c2c8f9fa930b610e7d6033fcedf581e,7ff51888aa637a777566f2b0584a088a,delivered,2017-09-15 08:34:43,2017-09-16 03:06:03,2017-09-19 20:14:51,2017-09-22 20:33:02,2017-10-06 00:00:00
fda9b4bb2887d3fb7623f0bf922ca00f,01b783aa8c0944d07d43b8e2039867e5,delivered,2018-03-01 13:56:30,2018-03-01 14:15:54,2018-03-05 16:58:34,2018-03-22 19:38:59,2018-04-04 00:00:00
080a96bd106fabe8c9a74df5cb5d8d26,abf6671124e009ac0b59ca2a8a3ecf3a,delivered,2017-07-03 00:09:17,2017-07-04 04:25:21,2017-07-05 13:16:46,2017-07-11 17:47:41,2017-07-21 00:00:00
f054123dcc8f4f62b48652df19a22661,b39454e07623df0f8a866238645601a1,delivered,2017-12-15 13:49:28,2017-12-15 13:58:29,2017-12-19 16:34:16,2018-01-04 22:07:50,2018-01-15 00:00:00
d828baeaa3a4bf3f9f4e239432e1987b,024269ae81ed73c17c4c53d91ba2cc93,delivered,2018-03-08 11:31:56,2018-03-08 11:50:30,2018-03-09 17:01:14,2018-04-07 21:04:58,2018-04-04 00:00:00
7e27277184720891692df939d3a7b048,8fbf900a62f8963e652dc8fcb3a5256b,delivered,2018-07-30 22:14:14,2018-07-30 23:00:06,2018-08-03 16:27:00,2018-08-08 16:42:13,2018-08-21 00:00:00
413366226243365b3aa9f054059269be,118c61e27177ceaa327c2c100bf629a7,delivered,2017-03-26 14:21:16,2017-03-26 14:35:18,2017-03-27 14:27:20,2017-04-04 15:24:04,2017-05-04 00:00:00
949935ca08c693338e2b2624e360ace7,b1ab70ba6fb6ecfad658fc7bae23e9a1,delivered,2018-03-25 18:27:37,2018-03-25 18:48:04,2018-03-27 00:34:28,2018-04-05 00:08:28,2018-04-20 00:00:00
c13d13f1434937c5e9539c2393e2ec87,a9ece8c6777d0483382fac50f6f5ad38,delivered,2017-10-15 10:56:27,2017-10-15 11:14:10,2017-10-26 20:33:21,2017-11-03 22:17:39,2017-11-08 00:00:00
fd79284ba0bd11e560e236f939640143,f722f83d0923ea785b61ed0cbdf0bc3e,delivered,2018-05-30 10:44:23,2018-05-30 10:56:31,2018-06-05 11:50:00,2018-06-13 18:48:50,2018-07-13 00:00:00
b40e6b17c67577727373280e84a1219b,572f9a5f953e8da7b990923e57e13ade,delivered,2017-05-20 19:09:21,2017-05-21 09:32:56,2017-05-22 13:04:34,2017-05-24 09:07:41,2017-06-14 00:00:00
6b022a73dc1fa183cdc18cb9c255d60c,0334f4a8d10b77fa20ecb172b9f3a50d,delivered,2017-11-01 13:39:49,2017-11-04 05:15:22,2017-11-06 22:05:21,2017-11-10 21:08:45,2017-11-23 00:00:00
6f3e13f4ef62b348e815f6375cbdd675,771cb90ed752d46f2ab874f2db1fad48,delivered,2018-05-08 11:56:46,2018-05-09 11:55:17,2018-05-16 05:29:00,2018-06-05 19:58:48,2018-06-06 00:00:00
5c25baef0771109ddfe73e4c91f68cd4,cf1cc250256e6104a7b863050258225c,delivered,2017-08-25 17:39:38,2017-08-25 17:55:11,2017-08-28 16:13:54,2017-09-05 20:38:44,2017-09-19 00:00:00
4ada6d6dfed2a3a67e95d23f336ae96b,1cf10cb5031fd32d69fa19e7a98168a3,delivered,2018-07-17 20:01:22,2018-07-17 20:50:13,2018-07-18 12:30:00,2018-07-25 19:46:31,2018-08-02 00:00:00
4517d10652306c01990d40b0d6f76511,de099fce4200f3f631d8689e8d578253,delivered,2017-03-27 16:19:45,2017-03-27 16:30:19,2017-04-05 08:55:24,2017-04-07 15:07:21,2017-04-13 00:00:00
24464b3dfd623dbde6ceb96af55eba7e,6fd5c621e78c434aa741e9ffb9c68250,delivered,2018-06-09 16:04:38,2018-06-09 16:19:43,2018-06-11 13:10:00,2018-06-15 21:22:35,2018-07-03 00:00:00
2ef410891d7032f34d90f6e7d1dc42b3,7dfcec15d820559bbf1201005afc06a5,delivered,2018-08-06 12:13:21,2018-08-06 12:30:11,2018-08-13 11:28:00,2018-08-20 19:41:36,2018-09-10 00:00:00
baeda3433d038ef8e761934c1d710b5e,1a9a069744116bd55564b27d4bd0af57,delivered,2017-05-15 10:10:59,2017-05-15 10:23:03,2017-05-24 15:44:20,2017-05-29 09:49:24,2017-06-02 00:00:00
4bb595621c2f6ee56c2c25496988f4d3,b60c8a7001e92a90beaaf17b93347e31,delivered,2018-04-12 20:42:42,2018-04-13 13:14:50,2018-04-16 18:19:13,2018-05-07 20:22:18,2018-05-08 00:00:00
0ca4f0c14bd70b836b3f05d6e115860d,fe74b59a789bbd55b090ac3f0524ca8e,delivered,2017-08-11 20:46:07,2017-08-12 02:51:12,2017-08-16 17:58:51,2017-08-23 15:42:51,2017-09-06 00:00:00
d4156493c21d6dc99c265f66e3943122,b07a16856a8cf47e352f7b243cfdf864,delivered,2017-09-11 19:01:51,2017-09-11 19:15:23,2017-09-12 21:05:53,2017-09-20 18:13:33,2017-09-29 00:00:00
25a41191628ff8e6be3cfb655337cd75,e9bfc2119e76c4d6a8effe8e9ce67033,delivered,2018-08-20 11:19:20,2018-08-21 04:29:36,2018-08-21 12:48:00,2018-08-27 16:10:55,2018-09-05 00:00:00
eb55f59a44f8ca8558eb570394b598da,98b1500707c943180b75a4c1bc110750,delivered,2018-06-29 21:28:13,2018-06-29 22:20:34,2018-07-04 13:52:00,2018-07-10 18:18:45,2018-07-24 00:00:00
df047659f1d5de3eaf72b7d657450068,4b2d724e420ebc3f9e7d8cd57a4a7416,delivered,2017-06-05 15:02:39,2017-06-05 15:15:19,2017-06-06 11:40:26,2017-06-14 15:51:41,2017-06-28 00:00:00
de86d7a1250c84c7845795cdcf16a9ad,4c8d80e17eae5b1140669da0438954e7,delivered,2018-05-17 16:36:30,2018-05-18 16:58:01,2018-05-21 17:42:00,2018-05-24 16:32:16,2018-05-25 00:00:00
a5d049fb139be4e41df304569addeef7,326ea3c08b88fd580aca1f750690347a,delivered,2017-06-24 12:09:08,2017-06-24 12:59:59,2017-06-27 08:02:56,2017-07-08 14:29:34,2017-08-01 00:00:00
0035e6b7ade84b3f5b86bd49814793df,3a0cc7c9af6abf8868dad5a1de4a16e1,delivered,2018-02-21 02:46:23,2018-02-21 07:10:40,2018-02-22 00:51:33,2018-02-26 16:49:02,2018-03-13 00:00:00
0a029b521ffceb219d63dce7e02403bc,0715d45e32d1a8cfc84dcb9a447ac955,delivered,2017-11-24 19:04:23,2017-11-24 22:33:54,2017-11-27 14:38:21,2017-12-23 14:52:11,2017-12-26 00:00:00
b516aaa690f572fbb0bcd7159d394115,a40455e8783b666b28e506a7ccd93389,delivered,2017-11-26 10:56:08,2017-11-30 15:14:07,2017-12-01 19:23:08,2017-12-27 19:19:00,2017-12-18 00:00:00
68d40cb0612e4d3be0f773cd162f8368,e5fd766629a5c46edd8a477e2cccf648,delivered,2018-04-07 11:29:56,2018-04-07 11:48:39,2018-04-10 16:21:54,2018-04-19 00:08:30,2018-05-02 00:00:00
33b5d784209aa1c1950cec3c9cf0568d,71bf38418d2f752d4d021a5aab546587,delivered,2017-11-23 19:47:10,2017-11-25 03:32:55,2017-11-28 21:48:50,2017-12-30 14:48:50,2017-12-18 00:00:00
a37e262a26000281d0ade3b4eb1ce1e6,d0602b514179e7ed50e801cc02769bac,delivered,2018-08-06 23:14:27,2018-08-06 23:25:19,2018-08-07 14:16:00,2018-08-13 19:08:40,2018-08-22 00:00:00
7f3377932727107412b17a48648987d9,e4876ce732ecacdf9cf64c42cb1b49dd,invoiced,2017-12-10 18:43:03,2017-12-10 18:50:28,,,2017-12-29 00:00:00
dc231a0130c907d3826e434585362c73,4679f6b56b929bc8adaf8d07ea14a4f9,delivered,2017-08-18 01:07:34,2017-08-19 01:15:09,2017-08-22 10:30:14,2017-09-04 20:24:59,2017-09-18 00:00:00
ab408a8fc0534c213e9de5b875be325d,128df5509d1a786ff02367d087e7971b,delivered,2017-11-25 18:14:42,2017-11-25 18:33:37,2017-11-28 16:27:28,2017-12-08 17:15:25,2017-12-26 00:00:00
93a955b7a775ad2a9a9309557360558e,c3a9e3906ec23b173611500248fcc3dd,delivered,2018-07-28 13:12:04,2018-07-28 13:44:38,2018-07-30 14:58:00,2018-07-31 17:41:56,2018-08-02 00:00:00
50ed8128c8b7ee1458b9961d8b100a23,6d94d4ff9668ca2d38340ff936d09370,delivered,2018-03-04 15:03:28,2018-03-04 15:10:34,2018-03-05 19:13:51,2018-03-27 00:59:36,2018-03-28 00:00:00
be555543375e799bd0f439ffc16134ab,ec17a9a3e1a147308f1e70ab736e787b,delivered,2018-07-03 10:11:40,2018-07-05 16:06:58,2018-07-04 14:44:00,2018-07-05 19:06:43,2018-07-23 00:00:00
1dc69fc31f0dc327020f749c9008a2b0,572ac7d2f685ea87f7223457b6ba9603,delivered,2018-03-26 20:35:22,2018-03-28 02:47:50,2018-03-29 20:54:53,2018-04-07 00:50:31,2018-04-12 00:00:00
715cf0bf4a5b1cfaaf01d77a000d4c8e,57475ecf56f8bafe4d5c20f2477f944b,delivered,2017-08-19 11:46:23,2017-08-19 12:04:31,2017-08-21 21:30:00,2017-09-02 15:47:50,2017-09-13 00:00:00
6be224d0725475f57e2f090a937987d9,290b547037c2540c23626e1596785331,delivered,2017-06-24 12:58:30,2017-06-27 03:43:19,2017-06-27 15:16:27,2017-07-03 15:39:28,2017-07-21 00:00:00
7bb862945115522f6861b172c72405b1,f187e3755e5efb3ee11f5c1f76cbb536,delivered,2018-03-26 17:51:04,2018-03-26 18:08:19,2018-03-29 22:18:31,2018-04-14 02:52:32,2018-04-23 00:00:00
c8bb4240e56e924623f11cba58f29e8e,545d0b34f24d4ce299fb05e29748bc0f,delivered,2018-06-09 23:27:47,2018-06-09 23:50:08,2018-06-11 12:06:00,2018-06-19 15:22:44,2018-07-05 00:00:00
8f93ae788ef7f38de13973c559e55ffc,0a24a365e81dddf7b29f787249fa31dd,delivered,2017-04-07 16:43:31,2017-04-08 02:43:15,2017-04-10 10:17:40,2017-04-11 11:42:49,2017-04-28 00:00:00
af8582de59ea502ec0626a2ded9c535a,2379f7158f4c66905a9dac92c4472a2d,delivered,2018-08-05 11:42:57,2018-08-07 04:30:18,2018-08-07 14:40:00,2018-08-13 20:19:45,2018-08-20 00:00:00
6d8d761e59ad4c88b15467b203d3367e,7a55cc7e8b77509988bef09447df0101,delivered,2017-11-23 22:18:48,2017-11-23 22:29:03,2017-11-27 13:27:36,2018-01-08 19:47:55,2017-12-26 00:00:00
5880ebe9056ff99c864c131e32d62828,36931bcd29c6a16317fc5709800e252d,delivered,2017-12-25 19:05:10,2017-12-25 19:12:20,2017-12-26 17:07:09,2017-12-27 20:03:09,2018-01-15 00:00:00
9c038e10f14d12a96939a0176c4ecc99,05e8c670b506e48de998151c93bf87a7,delivered,2017-05-26 15:30:49,2017-06-08 23:02:47,2017-06-13 13:02:43,2017-06-17 08:46:07,2017-06-30 00:00:00
18d4a7100f31e670cfebe0dce5a2d844,c4e869a8f762791fd7c7837c55ee0de2,delivered,2018-08-01 14:24:10,2018-08-02 03:05:12,2018-08-03 13:19:00,2018-08-08 20:22:50,2018-08-09 00:00:00
7ce33b4d8b77b96a9a44c1295d534cd7,d8b72d2acc7dec7ab73e46dd5c3c6fa7,delivered,2018-05-14 20:13:13,2018-05-16 03:15:20,2018-05-16 14:28:00,2018-05-29 18:42:35,2018-06-12 00:00:00
5bb7f13d8996f3b384e2820e7f7e8659,54436727adc02bac2985f7f95c883b72,delivered,2017-05-02 12:13:36,2017-05-02 13:06:19,2017-05-05 14:15:59,2017-05-09 13:54:58,2017-05-31 00:00:00
10bedcbb416f0f53e5791b3f61807625,24c40b316f28ac7b0a7fa59e21e6b52b,delivered,2017-07-14 14:48:35,2017-07-15 14:50:17,2017-07-20 17:42:13,2017-07-28 22:51:41,2017-08-03 00:00:00
6ebc7d36b08fd168bebefb07e6170be9,eca9017eda056e3c2264fbd939a5e0b6,delivered,2018-07-20 10:19:21,2018-07-20 10:30:15,2018-07-20 14:48:00,2018-08-02 19:48:04,2018-08-17 00:00:00
a9a75c64cb5e9f7bc92e68ec13f05c45,2bd2bb24b32d017bb23235299984f0b7,delivered,2018-04-03 12:39:58,2018-04-04 03:15:30,2018-04-04 20:52:36,2018-04-05 22:12:48,2018-04-20 00:00:00
0de2b30e13d8f2dec50a37917bdac7d0,29b62435a300257ca07bdd99be03385b,delivered,2018-08-22 16:26:51,2018-08-22 16:35:19,2018-08-23 14:58:00,2018-08-24 23:54:50,2018-08-27 00:00:00
3594e05a005ac4d06a72673270ef9ec9,4cb282e167ae9234755102258dd52ee8,delivered,2018-05-07 11:11:27,2018-05-07 18:25:44,2018-05-09 12:18:00,2018-05-10 18:02:42,2018-05-15 00:00:00
9eedaa8643ebca26e894f58017d00970,dc1c74edc2e09c2e847715c002ae310a,delivered,2018-08-11 17:13:25,2018-08-11 17:25:15,2018-08-14 14:04:00,2018-08-17 14:03:59,2018-08-30 00:00:00
5a0d3e375b4f44ea40854520a34cb7b4,ef13317ce9921eab2057cb68fe99a912,delivered,2017-11-25 21:55:55,2017-11-25 22:39:30,2017-11-28 16:39:04,2017-12-09 20:03:48,2017-12-15 00:00:00
2d3ae8314361346376456addbeb7e5ed,99895a9b5ea7a5e7b2bd960ade35f89a,delivered,2018-02-12 11:28:47,2018-02-12 12:28:03,2018-02-14 20:17:57,2018-02-19 12:09:33,2018-03-15 00:00:00
685560f41db4ede51af9319e0def06f1,05eaca22fc4bcd48f6c916e294a89421,delivered,2017-12-04 07:40:01,2017-12-04 07:54:41,2017-12-05 23:26:57,2017-12-11 18:37:02,2018-01-04 00:00:00
abb750c460089b92cb46419e7d7964a7,3a70c3662e08337525423b5fead248a6,delivered,2017-05-15 16:25:40,2017-05-15 16:35:17,2017-05-16 15:18:40,2017-05-23 10:49:35,2017-06-06 00:00:00
57d94aaa6b72ca15b3e4801c6d5c0959,940fb59dede76bb3ca6585086a7a08b0,delivered,2017-08-10 09:47:46,2017-08-12 02:50:33,2017-08-16 17:26:29,2017-08-18 16:01:52,2017-09-11 00:00:00
f849f319243bc7755c4fa9ccdb35eea7,e3f12c713d9d75a7c1fd80b19425880e,delivered,2017-11-21 11:36:24,2017-11-21 11:48:35,2017-11-22 17:02:27,2017-12-14 17:25:57,2017-12-07 00:00:00
4fa373aa126aea437de1bdab7e3f4179,9ba535d9f016f0b68a7fa5817b8ce979,delivered,2017-08-14 18:06:47,2017-08-15 03:43:56,2017-08-21 19:35:34,2017-08-22 23:19:49,2017-09-01 00:00:00
4c44ec23a8f0fccb0284605ddb1d1d66,5d113528d3c9d6a43dd63e3970c12f39,delivered,2018-04-23 22:15:29,2018-04-24 19:26:40,2018-04-24 19:40:59,2018-05-08 21:42:38,2018-05-18 00:00:00
45c353f026b87ee6a62e06be5517e37f,0fad62880fad2d3cc72cd82cc8131f03,delivered,2018-01-06 14:40:31,2018-01-06 14:48:27,2018-01-08 21:54:19,2018-02-17 14:51:56,2018-02-08 00:00:00
161df324497b4eb26108b523c74327a5,ea8fe7750632253df84eea3d7f0ee1fd,delivered,2018-02-27 10:03:43,2018-02-27 10:10:28,2018-03-03 15:24:32,2018-04-12 10:42:35,2018-03-28 00:00:00
a64f4e02e9b09024e0d90529473a8748,05f66300b5d8ee50ebe7f31fb7ab89dc,delivered,2018-04-24 14:32:51,2018-04-24 18:08:28,2018-04-30 06:21:00,2018-05-05 14:23:19,2018-06-07 00:00:00
d0e7be325a1c986babc4e1cdb91edc03,ffffa3172527f765de70084a7e53aae8,delivered,2017-09-02 11:53:32,2017-09-02 12:05:40,2017-09-08 20:04:11,2017-09-14 19:47:40,2017-09-26 00:00:00
5d6984ec26b0281d9a0dc72539961ced,4e6c6b0b19e656a1d215b5ea1a28bbcd,delivered,2018-01-11 16:31:59,2018-01-12 16:36:25,2018-01-15 17:04:41,2018-02-06 16:32:46,2018-02-09 00:00:00
be00cfaf4e0d5de6b164815a10ca0ad3,8e4a4bf8cb5a4231d1f6abafb41f5508,delivered,2018-07-09 12:49:51,2018-07-09 13:04:52,2018-07-11 09:52:00,2018-07-16 13:32:32,2018-07-24 00:00:00
681dfff7b99a142f8add974aa7deab83,98884ec6bda9bc1b3104526bbcc19d17,delivered,2018-07-24 18:56:30,2018-07-24 19:05:15,2018-07-27 12:50:00,2018-08-04 00:47:25,2018-08-20 00:00:00
3a72e0086b573f6aae986707a645e8e6,9a2dec0b33e6a1c7ea867c6f304279e9,delivered,2017-12-03 15:22:44,2017-12-03 15:49:29,2017-12-06 00:57:08,2017-12-15 20:43:31,2018-01-08 00:00:00
2847c1e42885f76be2e67b11d8bd813d,27c0a66315d9a1e346449f60396ec741,delivered,2017-12-13 12:50:24,2017-12-13 12:57:26,2017-12-14 19:29:09,2018-01-08 20:41:34,2018-01-17 00:00:00
effbced821ab774c03bd43060822065f,eb31f299c1cf5985343718bad2277eff,delivered,2017-06-03 14:47:45,2017-06-06 13:35:28,2017-06-07 15:15:42,2017-06-21 17:32:40,2017-06-28 00:00:00
c91bb9b296c26b316c8acead6501905a,c4fde97f6e821ddc92b2c39c7c77b95e,delivered,2017-05-15 19:27:13,2017-05-17 03:55:27,2017-05-19 11:22:27,2017-05-31 14:55:47,2017-06-06 00:00:00
423c9f7fb9e8d430438bdac01e58c635,05ecb5fcafedf08e2eff99a170b9b3c8,delivered,2017-06-14 13:22:15,2017-06-14 13:35:15,2017-06-16 14:57:29,2017-06-19 13:20:07,2017-06-28 00:00:00
e2ab87d52fec5bcac4a7a5206eba10fa,f48208eff9563f993ac37437d8b72d35,delivered,2017-12-20 18:54:59,2017-12-21 18:52:52,2017-12-22 23:14:01,2017-12-26 19:29:05,2018-01-09 00:00:00
493c6b85f2b1911ffe31be7e8c2839c3,159dae69a6a70a53da6319ab31b3c69f,delivered,2017-11-13 22:22:11,2017-11-13 22:35:25,2017-11-17 13:26:52,2017-11-25 02:25:40,2017-12-05 00:00:00
fbd5d366a19445bc01b83fb9055b6422,a780609535c7b7ab858f53daaf25c628,delivered,2017-12-13 15:21:19,2017-12-14 02:12:00,2017-12-18 19:18:33,2018-01-03 15:42:28,2018-01-08 00:00:00
ae96c285e2413fd08d98768e8dac20df,d8a27f544ddc81427db0d41973df9ae9,delivered,2018-08-07 16:07:04,2018-08-07 16:15:27,2018-08-10 05:43:00,2018-08-16 18:58:47,2018-08-14 00:00:00
ba22840a24058d908b366cc202de7b7e,837cdc06f07712aecc5ef8932f4af38d,delivered,2017-03-05 15:20:06,2017-03-05 15:30:14,2017-03-06 10:34:34,2017-03-10 09:11:55,2017-03-29 00:00:00
7590e5484e3ab1973abbed2b5f8146e1,884a60a885505aa1fe1eca3f5b726e30,delivered,2017-09-14 10:24:28,2017-09-14 10:36:26,2017-09-14 19:52:12,2017-09-15 17:07:32,2017-09-26 00:00:00
2932a008b292b9b8eafc415b46f0f3b0,3a736406a4d0c12b3b248f4af6dba673,delivered,2017-05-08 20:21:05,2017-05-10 02:42:18,2017-05-17 14:09:58,2017-05-23 11:28:02,2017-06-01 00:00:00
740c1d67ed429d1c95538970675f2cdf,1107f83ca5093ef5dba7039d74fef65a,delivered,2017-11-28 13:47:30,2017-11-28 13:58:35,2017-12-01 19:32:57,2017-12-04 19:32:40,2017-12-15 00:00:00
0ebf8e35b9807ee2d717922d5663ccdb,9126539aa02befb9271bed176c06c637,delivered,2018-06-21 22:43:32,2018-06-21 22:57:28,2018-06-22 15:18:00,2018-06-29 19:21:05,2018-07-20 00:00:00
4d16edc6146d11a43b18720cce159643,ae1b6f1b36f47639b665736983884bc6,delivered,2017-08-27 21:12:55,2017-08-27 21:25:25,2017-08-28 21:04:43,2017-08-29 15:44:39,2017-09-08 00:00:00
2740f9d58dd09ee632344af519b499ac,1b8251534223367e329cc7605f5d4a49,processing,2017-05-22 22:38:58,2017-05-22 22:50:21,,,2017-06-21 00:00:00
2cfc3681e512e0d12b6fe84b396e3907,6c60b00bcbef919c1697d18c309a99fe,delivered,2018-04-22 20:15:52,2018-04-24 18:46:28,2018-04-24 00:58:19,2018-04-30 20:51:45,2018-05-18 00:00:00
03225b1b0b8897aa43a745d14fde3c87,aadf17dc4ad865d7d15ef9ceecd4bbb8,delivered,2018-06-28 09:19:36,2018-06-28 09:31:32,2018-06-29 13:51:00,2018-07-03 21:32:53,2018-07-19 00:00:00
dcd83873dcbeaeea50f6001f418a1fc2,dcc9959af28c3b43a76693497d0ac476,delivered,2017-11-11 16:18:42,2017-11-12 16:15:35,2017-11-22 17:09:52,2017-11-28 22:34:38,2017-12-06 00:00:00
7d7688ff6a1534fabf84c9dc3f8b2c7a,2e94ea544f81f32c3b3f0dd59dde00fe,delivered,2017-11-27 17:40:49,2017-11-27 18:00:04,2017-11-30 17:35:08,2017-12-15 17:47:00,2017-12-18 00:00:00
14272800e054af4a7886796fd6b65593,c91a8f7e2fff5d41a0bce4071fe8affa,delivered,2018-04-24 15:02:16,2018-04-25 04:11:12,2018-04-25 14:18:00,2018-04-30 18:28:39,2018-05-17 00:00:00
ff1c777a8addd690846357ab7d2adf5d,e7d7c19180d24061b0c4d7a7896c5b00,delivered,2018-04-24 14:16:45,2018-04-26 03:51:51,2018-04-26 15:00:00,2018-05-02 15:41:18,2018-05-17 00:00:00
59ee425a0f0cd825c79aafe5990b7bac,d6e2e0df4f867871a4c0f0c0d26fb89c,delivered,2018-02-11 11:48:17,2018-02-11 11:55:33,2018-02-14 16:13:48,2018-02-27 19:16:03,2018-03-14 00:00:00
377696852de6926eeb2b8322d847a15b,755d117f08b413b6638b6fcdc0dcb72d,delivered,2018-04-24 13:18:10,2018-04-24 17:29:26,2018-04-25 14:17:00,2018-05-10 20:03:34,2018-05-11 00:00:00
edcde7cec7551bfe6606a221822941fe,a1856c9ff731ccf239a269c6b8a965fe,delivered,2018-01-17 00:39:36,2018-01-17 00:51:38,2018-01-19 18:57:44,2018-02-21 21:41:53,2018-02-26 00:00:00
724d164fcba4e6b5fdcffe2ef8d3bb9a,36382579f4df4413cf0d5122f890b973,delivered,2018-01-29 14:39:36,2018-01-29 14:55:23,2018-01-30 22:36:52,2018-02-08 23:21:51,2018-02-22 00:00:00
e39f6d647b130bfdb91a5804be15c88a,29c37f46cdc35fd09806f6a826079c47,delivered,2017-05-28 19:04:00,2017-05-28 19:15:10,2017-05-30 13:29:21,2017-06-05 14:42:47,2017-06-29 00:00:00
e8b190298e9df363a6c2f7509dd413fb,f67b9ce7548e47223d43a3ee3242f7d9,delivered,2018-05-29 11:59:40,2018-05-31 03:36:01,2018-06-04 14:25:00,2018-06-07 19:38:46,2018-06-29 00:00:00
094f7614f77e85fb05c77ecb164afdc3,a536fed4f2a97c5dea43c049d0850f1b,delivered,2018-03-01 11:37:26,2018-03-01 11:50:34,2018-03-02 19:04:57,2018-03-27 17:03:59,2018-03-19 00:00:00
e9435c6647559b99f3fd1fb54fb566eb,0cb626f6bb027482159790ab08643c1b,delivered,2017-08-09 19:27:45,2017-08-09 19:43:40,2017-08-11 13:47:39,2017-08-31 15:08:10,2017-09-13 00:00:00
80c3447167bed567a8646b0802408d48,dfdc7f1b2a4867687e05f63eb473f8b3,delivered,2017-07-04 13:13:56,2017-07-06 03:15:30,2017-07-10 19:00:04,2017-07-21 16:14:07,2017-07-17 00:00:00
52ade67b3fbf4821fbb52e5c8e3a463e,81959f2d6b540243ccac326d082d4af3,delivered,2018-04-05 16:23:23,2018-04-05 16:35:31,2018-04-09 23:50:55,2018-04-19 00:14:41,2018-05-02 00:00:00
0c44de2eb92602da9bddda1c7b66aa30,7006c8d76a85a3927c81d16d21e9a317,delivered,2017-12-13 21:14:33,2017-12-13 21:29:10,2017-12-14 18:41:37,2017-12-27 18:47:14,2018-01-09 00:00:00
f67c92e18981eb42c81ad885ab25ce5d,b274e17102f2eeb17a29ff10c4581a2f,delivered,2018-07-06 10:54:26,2018-07-06 11:11:42,2018-07-06 13:10:00,2018-07-11 22:41:09,2018-08-07 00:00:00
9611e941e8b7f96fafa5a05714bb944d,ed555f377bdf73a1daf2fae0edb9807d,delivered,2018-02-24 22:22:25,2018-02-27 04:31:07,2018-02-28 21:25:11,2018-03-09 20:40:35,2018-03-26 00:00:00
6e4064c4b1df562463ea9a75839db134,98f6ca55d340ba5dfd4192258c7e36d7,delivered,2018-06-05 11:57:19,2018-06-05 14:31:35,2018-06-12 14:47:00,2018-06-13 19:18:42,2018-06-29 00:00:00
8cdad83f1beddcb376779fde102b5b76,b1813590dedad75f0f5946aa4aab117b,delivered,2017-07-18 13:51:37,2017-07-18 14:05:24,2017-07-20 20:22:22,2017-08-02 16:14:43,2017-08-11 00:00:00
0324ca9d12ff99bc4d2421530c376ba4,f1ee7bccd46ef23780664502fb146820,delivered,2017-11-27 16:17:20,2017-11-27 16:39:14,2017-12-01 20:52:49,2017-12-05 20:23:25,2018-01-04 00:00:00
b6420ae713eeeea2dfa52750bab876b2,908da3238812331bbc1e8bca51b1911a,delivered,2017-05-20 12:04:03,2017-05-23 03:35:18,2017-05-23 10:19:30,2017-05-31 10:33:53,2017-06-13 00:00:00
cc23fbbb872ac2c2426b0d729caf7e9b,a83eec9a997cd0c68981cb5794dcc7d8,delivered,2018-04-04 17:37:38,2018-04-04 17:50:36,2018-04-06 19:06:29,2018-04-13 20:48:24,2018-04-30 00:00:00
51e284ce71f96710652ab6d5da30fc09,ae980a87b199d9bbd5de7b78a3ba312b,delivered,2017-08-02 13:39:43,2017-08-02 13:55:09,2017-08-07 19:15:49,2017-08-11 21:25:29,2017-08-23 00:00:00
d6ef90d4bfc59f045be6bf8ba008eaf0,b58ca9769b50b9d05020b15fcd34447f,delivered,2017-12-12 13:54:59,2017-12-12 15:12:27,2017-12-13 18:03:34,2017-12-14 16:09:57,2018-01-03 00:00:00
c462577fbdd44f40d9ded05b2ebd6096,45b25874ff6ec2e66c207386ac05c802,delivered,2018-03-07 11:07:38,2018-03-07 11:29:59,2018-03-07 23:09:23,2018-03-08 23:58:34,2018-03-19 00:00:00
9be4b69acb574b3a1e968c60b563a99c,a8a235576737a150535f10ceac2d51d3,delivered,2018-08-23 09:52:33,2018-08-23 10:05:07,2018-08-23 20:38:00,2018-08-27 13:05:01,2018-09-05 00:00:00
9c57e2e7098196c6c6ac9d333b0395b0,ebc2505d558c0819880f9d3da77b94ef,delivered,2018-08-18 14:46:41,2018-08-20 12:51:03,2018-08-20 13:54:00,2018-08-21 16:06:39,2018-08-23 00:00:00
880995aee9550ecd4518103daaf74fa0,68f692d1f39843a16d9319a7306b6b10,delivered,2018-04-24 21:26:05,2018-04-25 04:15:14,2018-04-27 15:27:00,2018-05-02 20:36:47,2018-05-16 00:00:00
73f1e1ca4cf1bf1290b466cec4ce767e,c0c488d05c54c75903ac8598fa6a570f,delivered,2018-08-10 06:09:03,2018-08-10 06:24:44,2018-08-10 14:32:00,2018-08-11 17:57:26,2018-08-20 00:00:00
8bac7fabc9ec56a6a0a9b74619dd30b7,3b542cee52633ddfcc18e056344408d1,delivered,2017-02-11 13:33:12,2017-02-15 11:31:56,2017-02-16 14:41:28,2017-03-01 13:50:43,2017-03-14 00:00:00
c2d3c6d37255eee5a79820fdd4e00910,2ff052b75d6434d18dc0b0bcc257f2e5,delivered,2017-11-09 15:02:02,2017-11-09 15:11:04,2017-11-10 22:05:48,2017-11-16 17:27:40,2017-11-23 00:00:00
61d9fd654edc5f0ab50b65c6bceed004,0799c43cb2d6ed014fee088f3f4312fb,delivered,2018-04-25 09:09:57,2018-04-25 09:33:16,2018-05-18 14:44:00,2018-06-14 13:22:50,2018-06-01 00:00:00
be62a7e48d2d0a10e3ce4d03e737843c,cd3ad76eca9e738a7529dfeb077d5a7a,delivered,2017-08-18 15:25:53,2017-08-18 15:45:13,2017-08-22 00:53:53,2017-08-25 22:07:53,2017-09-12 00:00:00
5b2b9ac65739f66309f4ca13b999dc19,1bdd2afb8db9bea3b7f7f00d20e751f7,delivered,2017-05-07 21:18:14,2017-05-08 21:25:13,2017-05-15 14:52:22,2017-06-01 15:15:53,2017-06-12 00:00:00
ef97cf414dbb8fe75a919ae7f4a642a9,7780891e6b30f04983e029e646666e35,delivered,2018-01-07 21:32:45,2018-01-07 21:39:27,2018-01-11 16:33:05,2018-01-13 18:06:56,2018-01-24 00:00:00
b7023af39501fa62e77df88e2438b7e3,df8e606f235ed6eab5df099fefc1e4c5,delivered,2018-05-01 22:09:43,2018-05-01 22:31:26,2018-05-08 06:43:00,2018-05-09 20:39:08,2018-05-15 00:00:00
700070e69858b585d65a370ed6204d3e,5956f873b7fb56109115a33ff50a1c23,delivered,2018-06-12 15:57:45,2018-06-12 16:32:26,2018-06-13 10:34:00,2018-06-14 15:26:29,2018-06-26 00:00:00
39079435e23220a9ac9488f15e35e408,ca689f1368cccb30e961e9c9a525fa21,delivered,2018-03-24 19:59:27,2018-03-27 03:35:14,2018-03-28 20:41:28,2018-04-06 23:48:41,2018-04-12 00:00:00
354191f7dea5618706f6ca10eddd9d46,b8efd322c0aa3286a9d7c3a0e5cebbb6,delivered,2017-05-17 18:19:40,2017-05-17 18:35:16,2017-05-18 09:46:23,2017-05-25 10:24:01,2017-06-12 00:00:00
4bdcd6e89c754563fdcc161a2a4b44e3,7c5a2c71a28e416cdbf1226dc542cc97,delivered,2018-03-03 18:00:57,2018-03-06 03:48:55,2018-03-07 20:53:26,2018-03-08 13:34:16,2018-03-15 00:00:00
e4be5aacc6848e44f045dfeb0e005447,547fdf3f3b5ff52d847e7dc145b31766,delivered,2018-02-19 19:02:56,2018-02-21 07:15:09,2018-02-23 23:09:52,2018-03-05 21:07:52,2018-03-12 00:00:00
1e575fc9d2c56fa7889923cd298830f1,984ccc607ad9b036402d780a2a10f4b2,delivered,2018-07-21 22:33:25,2018-07-21 22:45:12,2018-07-25 06:09:00,2018-07-27 13:58:11,2018-08-13 00:00:00
e92035da9ee39562f39f5ac1b0ddf3a1,b8de067c596b5958e00ede990b3af252,delivered,2018-04-12 22:36:35,2018-04-12 22:51:06,2018-04-14 03:08:29,2018-04-25 17:16:57,2018-05-07 00:00:00
2f1d1f33d34c7c83663ee62690921036,21f07f10952c958916e066054b024589,delivered,2018-03-13 07:35:47,2018-03-14 03:40:29,2018-03-14 18:51:51,2018-04-02 13:05:31,2018-04-04 00:00:00
30ca6695cae8ac10c2431a366d30f0c2,a049003658eecf3b1d87246e326b3eb8,delivered,2018-05-29 02:29:27,2018-05-29 02:51:18,2018-05-29 13:44:00,2018-06-07 22:42:05,2018-06-29 00:00:00
b165078f2983467c970fe55fe99967a3,947f2ec0cfa373eb779979b222e09b5c,delivered,2018-01-17 17:40:14,2018-01-17 17:50:50,2018-01-19 19:53:10,2018-01-22 23:36:28,2018-02-02 00:00:00
1e9848c0cef533284eeb143f5032a34c,7fb8817553c00e571f674768c10a7bb8,delivered,2017-11-26 17:23:00,2017-11-26 17:32:34,2017-12-01 20:34:11,2017-12-27 21:06:11,2017-12-18 00:00:00
7811343e37a3cbe3fd4755f1a448c765,167ee70e0133482cfadf96bbb2d5d804,delivered,2018-07-16 22:36:53,2018-07-18 02:45:11,2018-07-27 13:16:00,2018-08-01 10:11:25,2018-07-30 00:00:00
575bfb61f87cbd5b35f76ca953e1edff,f6a37d2205361441f0b53092bb4dae6c,delivered,2018-08-12 22:59:23,2018-08-12 23:15:12,2018-08-13 13:31:00,2018-08-20 17:11:00,2018-09-13 00:00:00
c7d2e4441e2074bed6ad0cd9ee428f3d,79028b5530181ecc652433ad2f88df2e,delivered,2018-02-24 09:27:54,2018-02-24 09:55:29,2018-02-27 23:25:00,2018-03-16 22:48:49,2018-03-21 00:00:00
4191fb72d0d41e2814969339894ec19e,b5d774283195a95c35daf6e7f16e48bd,delivered,2018-03-15 16:45:19,2018-03-15 17:10:25,2018-03-19 21:29:54,2018-04-19 19:12:26,2018-05-02 00:00:00
51abb20be6330420d4528fe527d3f90e,be8c3171fd93be859af167b6aaf33af6,delivered,2017-10-07 00:26:08,2017-10-07 00:49:18,2017-10-10 13:55:55,2017-10-24 20:12:12,2017-11-03 00:00:00
79253603017826d2d9471136b52c2646,7253bf2ed52c3878022a7332a5602cf3,delivered,2018-02-13 14:40:50,2018-02-13 15:08:01,2018-02-15 00:48:58,2018-02-20 16:55:48,2018-03-06 00:00:00
82905f4b411a687464762216db4424b2,a14a54843c4b23ca87386fe6088fb649,delivered,2017-11-21 19:56:56,2017-11-21 20:07:39,2017-11-23 19:02:57,2017-12-19 13:35:51,2017-12-14 00:00:00
71628d400b400bc93316d9d6245feef7,27f956858d2fe4db86872775ed97cbec,delivered,2018-03-19 17:53:54,2018-03-20 03:28:24,2018-03-21 19:16:48,2018-03-29 12:42:01,2018-04-13 00:00:00
6887345eddee5fcf98e3f730b4db9c47,d644a47b90ddb3ccb2933fc4a732cedc,delivered,2018-02-27 16:36:06,2018-02-27 16:56:03,2018-03-01 20:13:13,2018-03-21 00:52:42,2018-03-20 00:00:00
cdc6f3d564f23d5a74718b6506312d73,b0589a40c88f375b99931580b7f26610,delivered,2017-11-23 00:10:31,2017-11-24 03:10:59,2017-11-24 19:42:02,2017-12-19 00:51:32,2017-12-15 00:00:00
e11e78a150492da775d6acead338315c,57cdc2c3d1a4f933be8b559960cb7f2a,delivered,2018-01-17 20:13:15,2018-01-17 20:30:49,2018-01-18 20:46:52,2018-01-19 18:52:17,2018-02-01 00:00:00
7e3766d472dabd56a59bd81503062ff7,6e599ed4fb3710b997e820461e1c6a6a,delivered,2018-05-05 18:51:05,2018-05-05 19:10:48,2018-05-07 15:11:00,2018-05-18 17:23:01,2018-06-07 00:00:00
ff98857a36b901baaa0dc19c6fcf65fe,7a465ba4f33678a7fb092c30546ff6c7,delivered,2017-11-17 19:44:51,2017-11-17 21:10:42,2017-11-21 19:06:13,2017-11-23 18:38:34,2017-12-06 00:00:00
54385d537116e5d01683eb06b3828d8e,5a2bf02ad139c6e245415f91991a2e0e,delivered,2018-07-27 22:57:48,2018-07-27 23:10:12,2018-08-06 15:09:00,2018-08-10 19:20:46,2018-08-27 00:00:00
d6e3732aea036f7d71b44db75163e2f4,0e030dda2e8d63beb191f52346ac0fbe,delivered,2018-07-03 09:45:53,2018-07-05 16:27:57,2018-07-04 14:03:00,2018-07-05 15:21:52,2018-07-20 00:00:00
fc55691eabf7bd6d38e8d49b4cdd8629,03a7ec15e921e602f51a834e5be50b4f,unavailable,2017-06-07 13:22:49,2017-06-07 13:35:13,,,2017-07-10 00:00:00
a1617ff5999ad108a77df6cf3d2969d3,184325c53ecebe3757861f72a9528561,delivered,2018-05-02 22:01:59,2018-05-04 03:51:57,2018-05-04 10:19:00,2018-05-14 13:06:49,2018-05-21 00:00:00
8912714cffbe195a053e461728955065,f6dea24b7bee9897f6903fea35390544,delivered,2017-09-28 11:37:21,2017-09-28 11:49:11,2017-09-29 15:51:45,2017-10-13 14:36:10,2017-10-30 00:00:00
6d14889fa5a291bfb158f84de31cc0e9,ce7bb4d2cf76d2692bf39ad988f7ecd4,delivered,2018-06-06 20:53:22,2018-06-06 21:15:49,2018-06-07 09:02:00,2018-06-11 17:42:19,2018-07-03 00:00:00
e7d84e43b5d477e3b4a6fd6d90db1cac,6518928bd25682e50e13e7aa34695809,delivered,2017-05-09 08:33:21,2017-05-09 08:45:13,2017-05-09 15:57:30,2017-05-17 13:14:32,2017-06-05 00:00:00
22b740460022df3f675528ed4e738ca8,e3e9ae1347443d356811dee97b0faa20,delivered,2017-08-11 01:52:59,2017-08-11 02:24:43,2017-08-14 19:53:28,2017-08-18 16:01:50,2017-09-08 00:00:00
a3e47ceb0f0691a07708121b7a1e412c,6c21cc8db9c67fb803014381d506cb29,delivered,2017-05-19 18:41:40,2017-05-19 18:55:20,2017-05-23 12:01:57,2017-05-25 15:14:40,2017-06-21 00:00:00
38470e297a1603e94427029057416665,1680b407a5a42b8d82a8c351ad0fc6db,delivered,2018-04-06 19:39:40,2018-04-10 03:50:13,2018-04-10 23:05:39,2018-04-18 21:48:28,2018-05-03 00:00:00
de745e34eb24d2c0c2b46c6e86659127,627d6904ea6322179cd3ff116c0f8576,delivered,2018-03-07 14:11:54,2018-03-07 14:29:54,2018-03-27 21:52:06,2018-04-09 17:22:54,2018-04-17 00:00:00
21bffa9bb2f8540013b0eb048699805d,c1ede2501398563c6bc21454355670e6,delivered,2017-11-12 19:44:23,2017-11-12 20:06:50,2017-11-14 15:51:31,2017-11-30 17:55:08,2017-12-06 00:00:00
65f7ec0b0b6cf697f5a228b3a34c4ada,776088f1eab3de3630b0b9f96ca838de,delivered,2018-03-18 19:11:55,2018-03-19 19:08:39,2018-03-20 20:46:51,2018-03-22 13:35:23,2018-03-29 00:00:00
62db325bc32b729554e4fd9c793ab850,11ec5b987d7a0d733319182a77784d38,delivered,2018-06-27 12:28:47,2018-06-27 12:49:46,2018-06-28 05:52:00,2018-07-02 17:04:24,2018-07-19 00:00:00
183672206ac52b475b8446069f70e2f1,43d69f3028e428de6f7316badb382658,delivered,2017-11-10 12:42:24,2017-11-10 12:56:20,2017-11-14 17:42:23,2017-11-21 13:06:58,2017-11-30 00:00:00
47a2809ec3c2d8c1263a2e09fb62cbcf,8e2c656d2fe9f0d003a5507c15fe39ae,delivered,2018-02-02 19:29:48,2018-02-02 20:12:00,2018-02-09 00:43:01,2018-02-23 20:37:13,2018-03-12 00:00:00
792bb673f614c5eec62086b083eb9355,ae72392073d97f05c79caafb9a6042fc,delivered,2017-10-18 14:04:51,2017-10-20 02:49:30,2017-10-24 09:08:49,2017-10-28 14:51:32,2017-11-07 00:00:00
fa3e74dbf7c2669de4cbb7d68adcb17b,21a60320207ccc9c5872c7b0d929e371,delivered,2018-08-20 14:22:51,2018-08-20 16:30:05,2018-08-22 14:22:00,2018-08-27 19:21:53,2018-09-05 00:00:00
ab036b681f93c56caee93990cecf22ce,652179d9b584aea5a6de577d7e707513,delivered,2017-09-16 11:26:48,2017-09-19 03:45:12,2017-09-22 17:42:38,2017-09-26 18:56:01,2017-10-17 00:00:00
d475063859317702a25c3f60c5cfd824,191f2f8821e17ef3a5b2980e301f6890,delivered,2017-03-02 12:09:45,2017-03-02 12:47:52,2017-03-02 14:11:16,2017-03-08 11:14:37,2017-03-31 00:00:00
e2210e9067554988ff724209b5b7a474,1e9c542107046dc0a616dab2c63b1b93,delivered,2017-08-14 17:23:48,2017-08-14 17:45:18,2017-08-15 18:17:56,2017-08-28 18:34:23,2017-09-15 00:00:00
03d11bececb87dec8b11f5bd6fa62472,d67b2efa31becbe2013bb1991eaf65cf,delivered,2018-07-13 08:23:59,2018-07-13 08:44:07,2018-07-16 08:57:00,2018-07-24 15:58:42,2018-08-03 00:00:00
99cca049bdfcd6019f861465e6b9261e,17b162e0b8cd336b0c7624a8e463076f,delivered,2018-07-20 19:02:01,2018-07-20 19:35:17,2018-07-24 07:12:00,2018-07-30 12:25:25,2018-08-16 00:00:00
7b734c5bc97dccfab80232a0efd694d9,5d633f08f63d946e620b93e3ba8c91c6,delivered,2018-06-07 11:30:44,2018-06-07 11:58:32,2018-06-08 16:44:00,2018-06-18 18:36:22,2018-07-04 00:00:00
6bdc8831f7f05d0765b0d07c612b731e,e96fee75ad6df5e2113615972ab1d255,delivered,2018-08-13 16:28:01,2018-08-13 16:35:21,2018-08-17 07:14:00,2018-08-21 23:12:04,2018-08-30 00:00:00
e0c51c7d23c16c36c365b7ae8bbe6782,0ca908d0f8c65e51340cf28d99485d2d,delivered,2017-03-07 10:25:58,2017-03-07 10:42:45,2017-03-17 14:05:09,2017-03-29 15:22:58,2017-03-29 00:00:00
3f2319ebb0d43c639d1f768216d5edf7,9c119140512ebdd0f4702dafb7c4258b,delivered,2017-11-08 00:46:50,2017-11-08 01:26:30,2017-11-09 15:45:01,2017-11-22 18:51:27,2017-12-06 00:00:00
9a870e988c5cecaa5c381c345f158dce,0e4d01255766c7c5be91926bfb4fd30d,delivered,2017-10-24 13:20:36,2017-10-24 13:35:08,2017-10-24 20:06:45,2017-10-28 00:09:20,2017-11-13 00:00:00
37f274d6183453f21639af5c037547d2,99591752fa0fde84c1d12934abf94ca1,delivered,2017-08-14 13:21:46,2017-08-14 13:55:11,2017-08-17 13:00:16,2017-08-18 15:57:36,2017-09-05 00:00:00
0adf68e8a310f18fc7e75cffa60901b2,5d91398ab075e8aa780bf0d893944436,delivered,2018-07-06 14:41:11,2018-07-06 14:55:11,2018-07-10 17:39:00,2018-07-12 23:48:49,2018-07-19 00:00:00
dd67b7acc6c65e92fd2db3c8afd56b2c,6f6318810bcd532ff9ae0bda46011ead,delivered,2018-06-25 21:09:53,2018-06-25 21:37:28,2018-06-26 10:49:00,2018-07-29 19:42:49,2018-07-23 00:00:00
0de9e77cb8416394c1d74300fd08213f,37ed0b3fa78fab54b771fc1e2723c5d0,delivered,2017-08-13 13:31:33,2017-08-13 13:43:43,2017-08-14 18:33:00,2017-09-14 11:33:00,2017-09-08 00:00:00
cd2f69bee54086eeb259dc69de724245,84a810a852122f710a0ea08820feaf54,delivered,2018-03-10 02:13:19,2018-03-10 03:08:49,2018-03-12 16:18:33,2018-04-11 19:41:39,2018-04-04 00:00:00
97d5aa85110fb7e998b5754af19b95c4,f154c3425ff09d9bd9cf677f7f658bd8,delivered,2018-03-05 16:15:17,2018-03-05 16:29:36,2018-03-06 19:09:09,2018-03-20 16:14:22,2018-04-03 00:00:00
0bb7e708846c7f44630a64e18292bb87,daa3fdea600ba786a3da7cbd4e19aa96,delivered,2017-09-25 17:17:20,2017-09-25 17:30:17,2017-09-26 17:23:45,2017-09-29 17:37:38,2017-10-20 00:00:00
63f96415deb3a304ecad661aca59761b,2e8ef8c092d86cccf757dd9133e8dad2,delivered,2018-08-23 21:15:11,2018-08-24 04:05:09,2018-08-24 12:59:00,2018-08-28 22:55:37,2018-09-10 00:00:00
891344f5dccfec55dfa8c3329ff13aa0,52063052b48c05347c9bee487a0a7d35,delivered,2018-02-04 19:36:34,2018-02-05 22:50:48,2018-02-07 23:12:13,2018-02-14 11:59:00,2018-02-21 00:00:00
25d9bae08f05016b8afec9061834e1d4,47afc61d974f61fba6bca5d77fb9f9d9,delivered,2017-10-14 13:55:49,2017-10-14 14:07:15,2017-10-16 22:14:16,2017-10-26 19:45:56,2017-10-26 00:00:00
8418eb39cd68b52032566797b8f1bd11,34a53c28f4e30da0b45e69eee581a0c6,delivered,2017-12-02 23:57:52,2017-12-03 02:31:27,2017-12-06 19:37:52,2017-12-12 21:13:48,2017-12-20 00:00:00
c773cc960c0785e8154541eac3091b29,84a2c4c19cc18dcab616e5a1f061757a,delivered,2017-08-14 13:09:24,2017-08-15 14:15:20,2017-08-16 20:57:57,2017-08-30 19:24:04,2017-09-25 00:00:00
94f506e669de10a239ec04627d90eef4,d8b4a91c31ba22e95b3c98a326d3dbe0,delivered,2018-06-01 15:08:16,2018-06-02 03:31:52,2018-06-04 12:17:00,2018-06-13 20:52:38,2018-07-04 00:00:00
8750169950344f2a94fa7d156daa3097,c585200b1a6afd14bcdd420e147b1f21,delivered,2018-03-20 09:43:48,2018-03-20 09:55:26,2018-03-20 19:32:46,2018-04-15 18:30:54,2018-04-12 00:00:00
b25081e0843bf437bc7ae7edf71ccb4a,c72f69d9a10067f1ed55e5e682f9f292,delivered,2017-07-31 11:33:33,2017-08-01 10:50:18,2017-08-04 18:32:26,2017-08-07 19:23:46,2017-08-15 00:00:00
aa7de70d0bf642d7221cb9b450e21780,5025f49aa0feab6544b796e66b8e54ce,delivered,2017-05-20 11:55:29,2017-05-23 04:03:11,2017-05-25 09:07:37,2017-05-29 18:37:44,2017-06-02 00:00:00
891a2a73007fba5bc9bfb7ea1f486171,ad0d3c49b144627644b8e067ddeaffb4,delivered,2017-04-08 22:29:08,2017-04-08 22:42:19,2017-04-12 13:40:29,2017-05-09 09:21:42,2017-05-19 00:00:00
aeb1bf959ce40f5e1fb6c3f225252b0c,97367f79378c5aa0836836ccb79cd2e0,delivered,2017-12-24 17:38:40,2017-12-24 17:48:22,2017-12-27 19:22:28,2017-12-29 15:49:11,2018-01-19 00:00:00
7f00ebc78d5d9f7e7b53d71d2003eb68,de907113d684cfb11cb4aad163ad6b36,delivered,2017-05-07 20:03:13,2017-05-07 20:15:13,2017-05-10 13:36:44,2017-05-23 14:16:58,2017-06-20 00:00:00
975cb77712bd0680ba72f72f842db285,e39dc53b86f3f80d0d47279856748b30,delivered,2018-01-22 21:20:53,2018-01-22 21:35:19,2018-01-25 04:23:59,2018-01-29 13:11:49,2018-02-14 00:00:00
9949066ce492fadbb8392177ca22f2a3,d15f971f3eadef2a876f65093efedc57,delivered,2017-11-26 13:24:31,2017-11-26 13:36:26,2017-11-27 22:19:38,2017-12-09 15:27:09,2017-12-15 00:00:00
4cb45a7074870ecb5a1f362fd7043178,379d1c8b9cb461e483579f8239d3c316,delivered,2017-11-26 10:09:09,2017-11-26 10:17:53,2017-12-01 23:11:49,2018-01-04 21:22:50,2017-12-26 00:00:00
dcbb049126931a5d6c2d59539617ef7c,68af4288b6758d1096de587467d24586,delivered,2018-04-24 23:04:52,2018-04-24 23:52:21,2018-04-25 10:42:00,2018-05-03 19:59:25,2018-05-21 00:00:00
a250e33c3d40fa9dd726391ebc5a4abb,eb40667f90c8d0694ad616975d9729c2,delivered,2018-08-06 16:01:58,2018-08-07 04:10:21,2018-08-07 08:48:00,2018-08-16 19:02:58,2018-09-03 00:00:00
28c64e857ee676bae6e88191ad4fc730,d1b19221b806907480971467a31a755b,delivered,2017-08-13 18:09:53,2017-08-15 03:30:18,2017-08-21 11:10:26,2017-09-05 18:25:08,2017-09-11 00:00:00
23976d6dc9224e9d1f9e38a7b6fb03df,93aa25c384e914320479ac49f4cf8f69,delivered,2018-03-02 20:18:19,2018-03-02 21:00:24,2018-03-03 11:57:31,2018-03-16 17:44:49,2018-03-23 00:00:00
4516e24f7d61e13033494fd6252e5c29,dd4d918501319301699fe6e22694c590,delivered,2018-08-23 17:38:27,2018-08-23 18:31:11,2018-08-24 12:51:00,2018-08-29 15:26:40,2018-09-04 00:00:00
81727d69b41f367b7d1e9e305d7eb92b,69ad57bcee99e511cabc697dc8db3921,delivered,2017-04-19 11:44:34,2017-04-20 02:45:14,2017-05-04 14:03:47,2017-05-15 12:54:02,2017-05-18 00:00:00
baec85e7fa005a17b89b8bf93300cb5f,7857aa0e8336a02f2fc39c3489d90e2d,unavailable,2018-01-12 02:07:28,2018-01-12 02:15:35,,,2018-01-31 00:00:00
6424ddd05ffee73de1df9f8f9d1bfc25,b80c4b6a7f2a243e998baea98beb0188,delivered,2018-07-20 00:10:37,2018-07-20 00:23:14,2018-07-20 10:26:00,2018-07-25 15:14:58,2018-08-03 00:00:00
3d356b012ee1e4e469b7b56910afdb6e,f7d94377ee8d0325d0c80a48ad910273,delivered,2018-07-16 23:27:56,2018-07-16 23:40:50,2018-07-17 14:37:00,2018-07-21 00:28:26,2018-08-06 00:00:00
2283bc123debf0264cfbdef89f109122,09a8e8def9850cfe020c94330814ce94,delivered,2017-07-11 01:33:33,2017-07-11 01:45:07,2017-07-14 21:39:57,2017-07-26 03:12:23,2017-08-04 00:00:00
a06a3cf27cfd40d7af7e264e94b9829d,f01211dfab10bae65dbcf5b62aa3a82e,delivered,2017-10-02 09:01:25,2017-10-02 09:14:11,2017-10-02 17:20:03,2017-11-06 14:21:09,2017-11-07 00:00:00
da876db1c81523a33b4c05cd13a3959e,171780ee1fc2d18be297d242b02dec5c,delivered,2018-02-22 22:49:27,2018-02-22 23:07:41,2018-02-23 22:59:34,2018-03-15 18:49:39,2018-03-21 00:00:00
fc0933f59ece039ad7fd014c0464b77e,5e0f4ae7f2f6850f4a30b16c0a24a732,delivered,2017-06-01 13:40:17,2017-06-02 04:32:30,2017-06-05 11:46:43,2017-06-13 11:48:34,2017-06-28 00:00:00
89e77e980d3b5a87724b660c307a6204,671186c545524a3f09fc6960c23bf20f,delivered,2017-07-06 13:58:25,2017-07-06 14:10:16,2017-07-12 19:52:23,2017-07-18 14:06:02,2017-07-26 00:00:00
dfcdfc43867d1c1381bfaf62d6b9c195,a7026133ddbd2e86c83ecd4dfa4dbe01,delivered,2018-02-02 18:01:08,2018-02-02 18:31:17,2018-02-05 23:46:29,2018-02-26 18:18:45,2018-03-09 00:00:00
ae0b67266fec287e49a6bfa534e52d8c,b8653dbffee7a7db60cba45398fd94ed,delivered,2018-06-14 15:31:33,2018-06-15 02:37:19,2018-06-15 12:24:00,2018-06-19 16:37:21,2018-07-05 00:00:00
137ff6c1df388f6654474819ce9aacb9,522317a7c2e47ecd17ef8ce59f875217,delivered,2018-05-15 11:53:33,2018-05-15 12:14:29,2018-05-15 15:06:00,2018-05-21 15:05:18,2018-06-13 00:00:00
71749baed4a3e47f47aecfced7c70ec2,b6d4257c1b2cbcf63de24113fb2cd879,delivered,2018-05-14 12:57:34,2018-05-14 13:17:23,2018-05-14 16:46:00,2018-05-15 19:52:03,2018-05-22 00:00:00
c158a29fefce1c895e70154ee3963633,4653d9549c8d0bcfa57b462d36fa1b79,delivered,2017-12-22 09:24:11,2017-12-22 09:30:42,2018-01-04 23:29:59,2018-01-18 15:39:45,2018-01-19 00:00:00
f23565614af219662cb662c56a0d2f71,db2539853e0c422a7bf64e43bafe390f,delivered,2017-10-07 19:33:57,2017-10-07 19:49:57,2017-10-10 15:39:47,2017-10-18 21:49:53,2017-10-31 00:00:00
4f62f7be75d84075c16a2a5f65938a72,7dc1821631462acf95325b46d1be5345,delivered,2018-06-16 18:54:11,2018-06-19 03:57:28,2018-06-19 15:20:00,2018-06-23 11:36:36,2018-07-16 00:00:00
cd86914245acd8379b9945b2351b6637,dce7c01f92a62d067b128a8ddf73a115,delivered,2017-11-27 21:20:13,2017-11-27 21:38:24,2017-11-29 20:30:16,2017-12-09 13:23:32,2017-12-15 00:00:00
bb1463881b6042a9499fbcb58706b918,0bc2b5ce8a4431c1888f01afcb9b3000,delivered,2017-12-18 15:59:21,2017-12-18 17:42:09,2017-12-19 21:26:55,2017-12-22 20:54:58,2018-01-05 00:00:00
cd9c0ba3bb3dbb5fadbe5ce7c15eabaf,0f22538a0fd58e81046bb26803b27aae,delivered,2018-04-23 14:09:29,2018-04-24 18:33:59,2018-04-25 00:12:18,2018-04-27 00:14:25,2018-05-07 00:00:00
df9f35f4d3e966c35d7c1c81c4c7ba73,364f824c824823a6e6dcfce11fa7cad0,delivered,2018-05-18 10:34:41,2018-05-19 03:12:47,2018-05-22 08:00:00,2018-06-05 21:18:37,2018-06-13 00:00:00
503e9f9cbf09cc23e3323b165d9ddafb,d2aa0a41ed70531037851c02269c2120,delivered,2018-01-20 00:15:42,2018-01-20 00:33:03,2018-01-31 10:38:51,2018-02-19 20:19:08,2018-03-12 00:00:00
161e053585557a1c61af92492bdb4f21,a92f20c6aa106705bcbf1b72f5921ecd,delivered,2018-07-03 09:58:21,2018-07-05 16:40:33,2018-07-06 11:12:00,2018-07-12 20:12:46,2018-07-24 00:00:00
c297f4fecff2d1898ed5266cd2c22b29,c0fdb02cad803492e549f8d6e785d441,delivered,2018-01-31 16:36:29,2018-01-31 16:51:20,2018-02-02 00:29:48,2018-02-09 17:43:04,2018-03-08 00:00:00
e5f9a6228c6f504115c5a514b109aaaf,8fae727bbd9f7466b0d7169b4d5137ec,delivered,2018-02-07 15:01:58,2018-02-07 15:15:37,2018-02-08 22:38:37,2018-03-11 19:16:28,2018-03-06 00:00:00
0572a001d46280ab9ab95964665ff768,11795bd5376cbbef9e6e3a699df983cb,delivered,2017-09-05 09:17:19,2017-09-05 09:30:13,2017-09-05 23:22:24,2017-09-12 20:27:20,2017-10-09 00:00:00
4157bbe2d286aea97eced684d71b229e,6789ff94f33ec35c9ce0eccb2513fa52,delivered,2017-10-22 14:36:30,2017-10-22 14:49:42,2017-10-26 20:52:48,2017-10-28 18:11:53,2017-11-03 00:00:00
b1f901eee62050346f7f33fff6e6055d,b008d51650a20679ccb57527773eecb8,delivered,2017-05-23 19:13:19,2017-05-23 19:25:24,2017-05-24 12:37:37,2017-05-25 14:07:50,2017-06-05 00:00:00
de396a46ff91b76a683f05d1f1f9b2c1,27645e20a802dd1dfcff9851c39c5754,delivered,2017-08-03 22:47:48,2017-08-03 23:03:24,2017-08-04 20:05:51,2017-08-08 18:39:51,2017-08-25 00:00:00
7b1e41f3fe006429cbf78032fcb218d7,d80e4ee14e2b5400fd2ea5a2ea821be1,delivered,2018-05-05 10:00:44,2018-05-08 03:52:08,2018-05-09 11:19:00,2018-05-23 23:42:49,2018-06-01 00:00:00
f8718b67f7469531acea685ab46722a9,6d881a0eb7e8fc2621fc8dc52dcdc756,delivered,2018-06-26 10:38:01,2018-06-27 08:11:24,2018-06-28 12:33:00,2018-07-02 20:16:54,2018-07-24 00:00:00
5e3deee52f0090069220e1b64e531dee,14d4f8a8cc228578671ce231dd69db78,delivered,2018-06-27 16:54:57,2018-06-27 17:10:39,2018-06-28 15:41:00,2018-07-03 17:19:45,2018-07-25 00:00:00
b41c9972504c576d0aef689e13a2df12,bf1e01d4184367afaef2231b37fe4d92,delivered,2017-09-18 14:23:11,2017-09-20 02:24:26,2017-09-21 19:49:45,2017-10-05 16:42:40,2017-10-06 00:00:00
4d2cdf20fe9f9e0f398d9323ae332b08,f222821ab815b3f4d0613cf19aad3121,delivered,2017-05-11 16:53:15,2017-05-11 17:05:17,2017-05-12 10:33:26,2017-05-23 15:42:08,2017-05-31 00:00:00
99c431d458f11efda5006517f77783ad,3075961d97e9b94b55ae2002725683ae,invoiced,2018-01-17 20:54:08,2018-01-17 21:10:08,,,2018-02-01 00:00:00
1c2b9188a3ec985a80fe268c3d0af21b,0533b52812f900967b365e6621ce9413,delivered,2017-04-29 15:14:50,2017-04-29 15:30:13,2017-05-03 09:20:36,2017-05-08 13:48:55,2017-05-26 00:00:00
e29e00dc95dbbb50686a9fbb9bf2177f,0c4adbfa83c66d1e8272bddaa6574356,delivered,2017-10-11 14:09:17,2017-10-11 14:29:12,2017-10-11 20:43:13,2017-10-20 17:30:08,2017-10-30 00:00:00
15a8702db12279bdbd97a9f39a529bd5,afecf369193e9cbdbd615dbb804929aa,invoiced,2018-05-09 10:14:31,2018-05-11 03:37:33,,,2018-06-01 00:00:00
67e9625c39f8c6e529f81ad4c28acc5e,b821c0ef4b3b00f7a2879f391aedb4fa,delivered,2017-02-10 22:30:01,2017-02-10 22:43:06,2017-03-28 14:10:50,2017-04-07 14:44:09,2017-03-14 00:00:00
8eb40d0d6303f8fe16dad09968248c6e,092b35907abe6494490f6b3fc12f439b,delivered,2018-02-25 22:01:33,2018-02-25 22:40:23,2018-02-26 19:46:45,2018-03-12 23:20:37,2018-03-21 00:00:00
096b88181e326e47c571be4560692555,8ec2ff0f89db489ab703d4be25831be6,delivered,2017-08-21 13:14:42,2017-08-21 13:25:16,2017-08-23 21:33:00,2017-08-24 16:03:05,2017-09-01 00:00:00
12d86cb46107086f370cc3512828696a,7eb0c64f6cac0546cb22ce7640797300,delivered,2017-09-01 18:30:53,2017-09-01 22:32:45,2017-09-05 17:16:44,2017-09-13 22:32:48,2017-09-28 00:00:00
9c7da05dae70be359391ea6cd8790045,934193e1fd8122b3380fe12dd0807ad7,delivered,2017-07-27 11:19:48,2017-07-27 11:37:09,2017-08-04 18:27:06,2017-08-16 11:19:59,2017-08-30 00:00:00
14d64059935405be1dc46f30f7a123ac,4d5f7e1e4e0c9b91cb3a39737b940c93,delivered,2018-01-11 21:19:39,2018-01-11 21:28:21,2018-01-15 20:15:48,2018-01-17 19:12:40,2018-02-09 00:00:00
0cb87161e7b8247087cc93117f44a6a6,5d3a8bfe360fccb31768010c5a8910b8,delivered,2018-06-15 21:14:51,2018-06-18 07:11:43,2018-06-18 12:00:00,2018-06-23 00:11:13,2018-07-24 00:00:00
96284b020ae337bbc78a10ed82d5d24d,05210824bd5081b43f29e2ebe91dca02,delivered,2017-10-25 15:22:53,2017-10-25 15:35:57,2017-10-27 19:46:01,2017-11-01 23:51:46,2017-11-27 00:00:00
65967471ea680726ad2d27368e4c4dc7,0ea688ce531f269e58b0e4a9e81a16a6,delivered,2018-07-22 19:19:01,2018-07-24 13:31:47,2018-07-25 13:44:00,2018-08-06 17:02:54,2018-08-09 00:00:00
46ab3e1c2c3eed0ed5bd72930759d25e,a2f9ee83cc551cd380ebf53a01e7893b,delivered,2017-10-02 13:34:45,2017-10-02 13:49:48,2017-10-06 18:29:12,2017-10-18 13:23:13,2017-10-24 00:00:00
bd3f7e369d30332eaf77317c5424e0aa,ff3aa1123b9a7d52d6043adec012e33f,delivered,2018-02-14 13:39:59,2018-02-14 14:20:23,2018-02-21 20:27:06,2018-03-01 16:17:14,2018-03-08 00:00:00
480ee2078a3e46f9d5e2fc737ca22b10,e9844a0a9ec2213423553af11768c3c3,delivered,2018-03-04 12:24:20,2018-03-04 13:21:50,2018-03-06 16:17:45,2018-03-14 02:08:26,2018-03-21 00:00:00
9a06bcd8c19fdf8d78dd16837c3da5d5,faaf00772bca8a9e352dc28f1d243ec8,delivered,2018-05-03 12:27:58,2018-05-03 12:54:55,2018-05-09 14:11:00,2018-05-29 21:38:40,2018-05-29 00:00:00
9e98aaea0077f59cf590a518e4df6af3,ff3fcb5a13fff655d9c1aaa816a12dd0,delivered,2018-06-11 20:05:36,2018-06-11 20:40:01,2018-06-13 14:34:00,2018-06-20 22:31:50,2018-07-19 00:00:00
9b7aee2b156bb9edca9034462053c87c,5ab646fc0d2700250de071fccb889be0,delivered,2018-06-07 01:20:57,2018-06-07 01:34:25,2018-06-07 12:52:00,2018-06-15 19:26:34,2018-07-04 00:00:00
44dc0411086c2f8c6b692be9ce3120eb,a0561b2c7966b97f7f00862466db854c,delivered,2018-02-13 11:58:53,2018-02-15 03:55:26,2018-02-20 19:22:37,2018-02-24 00:46:46,2018-03-06 00:00:00
d579ab4fe27352cb09cfa39a9e4f25f4,4013e6a6ae8c0476d72909e1f5de3d70,delivered,2018-01-22 12:45:00,2018-01-22 14:20:17,2018-01-31 20:46:34,2018-02-05 13:41:45,2018-02-06 00:00:00
f66285cfbb668d7aae67580bd9ac19d7,3b59b8736180dfd0727518ab8c111985,delivered,2018-04-19 19:04:33,2018-04-19 19:15:21,2018-04-20 18:32:53,2018-05-02 17:52:46,2018-05-16 00:00:00
f148421b496a9c495b4f11e96b05f424,334a99a638d103fa19f70bf9dbf52755,delivered,2018-07-19 14:57:10,2018-07-19 15:10:13,2018-07-20 13:57:00,2018-07-24 18:28:31,2018-08-02 00:00:00
7719f9708389131806ee9274b88c911e,b05fb6222cb9c5d304e7982d27c3a379,delivered,2017-09-26 09:10:27,2017-09-26 09:24:23,2017-09-26 20:39:46,2017-10-10 16:25:09,2017-10-23 00:00:00
5041be22b500c33df76174a76efcb8e7,302823b655b498a0686a3629645d6d30,delivered,2018-05-15 10:23:47,2018-05-15 10:54:37,2018-05-15 14:15:00,2018-05-18 23:28:40,2018-05-28 00:00:00
6df674fd09d933a85574460e32a94e23,49a332427c5be4c418541be8753c5238,delivered,2018-02-13 18:37:48,2018-02-13 18:50:33,2018-02-14 19:12:36,2018-02-16 17:48:45,2018-02-23 00:00:00
8b5ac3bd97ae763bf44b554c2933ca72,337be0b47c3b0cb04b314503067a2aaf,delivered,2017-04-29 09:03:45,2017-04-29 09:15:17,2017-05-24 11:25:49,2017-05-31 13:42:10,2017-07-05 00:00:00
ac24c75566d21c20277f373e1d16d234,0ac5eab9699c1d891e914d6a279d4be6,delivered,2017-11-19 11:41:07,2017-11-21 10:52:23,2017-11-21 20:11:56,2017-11-23 19:27:39,2017-12-06 00:00:00
6368c8705f72b986b9fd5275b759e5e3,8ebae1632217e6669b1a563f319d238e,delivered,2018-02-26 18:50:10,2018-02-26 19:08:58,2018-03-01 14:47:08,2018-03-19 19:02:18,2018-03-28 00:00:00
48bc52c2b508d82a24686b9dceddf414,2aa37ca4ed109704638f8e79917460c1,delivered,2017-03-09 17:30:52,2017-03-09 17:30:52,2017-03-10 10:25:01,2017-03-14 12:32:50,2017-03-28 00:00:00
5b3a63257bc1c61c9dd42f9b52df223f,bd40a0612024dd31a8033620fe91ba75,delivered,2018-04-29 11:43:18,2018-04-29 12:13:01,2018-04-30 11:32:00,2018-05-04 21:21:29,2018-06-01 00:00:00
5456769456d0d521af0d1675613702a8,40fa299dbe587c5c6e159511e90b66fe,delivered,2017-09-14 09:17:11,2017-09-14 09:30:20,2017-09-15 15:32:54,2017-09-16 12:37:31,2017-09-26 00:00:00
af0e2fb7a59adcdd21cf571e4ef18ca8,4f31fe145e4acda5030dd7c41fc9c3fe,delivered,2017-11-02 08:19:51,2017-11-02 08:35:23,2017-11-06 19:46:45,2017-11-07 21:46:53,2017-11-16 00:00:00
ea7e5e953d0446082a6667e945c9c9b0,ea42eb64123b7ae057842bdb7406dc55,delivered,2018-08-12 11:03:19,2018-08-12 11:15:11,2018-08-13 16:12:00,2018-08-14 18:40:59,2018-08-17 00:00:00
2f1134015ad299ec4f3ae950c5761e69,0a7798689bde326ea921c4c1f9b2cf48,delivered,2018-06-07 15:36:52,2018-06-07 15:59:59,2018-06-08 14:02:00,2018-06-15 01:06:24,2018-07-03 00:00:00
3c54c8962d6cafc1d74f293b4f025483,7e9b88bc5b0aa43c38d8992aa2162006,delivered,2018-01-24 15:52:42,2018-01-24 16:14:13,2018-01-29 18:51:54,2018-02-14 12:52:43,2018-02-21 00:00:00
f54b0f9fdbe3e0a69bcc611b4f3de1f4,7fbb0602aec7b6feb74b89777bc5754a,delivered,2018-01-06 14:50:23,2018-01-10 10:06:32,2018-01-08 22:58:46,2018-01-17 19:26:27,2018-02-07 00:00:00
12809f06294a669708dc0edcb403b507,4ff9971cea5dbb771a4a3950146cf123,delivered,2017-07-01 12:10:10,2017-07-01 12:23:55,2017-07-04 15:52:00,2017-07-12 13:06:56,2017-07-27 00:00:00
985680a4287cdd85e885a79a6c24b023,8ddcde02078414346afd031adf6ce3e8,delivered,2018-08-22 18:16:55,2018-08-22 18:30:16,2018-08-23 15:07:00,2018-08-24 19:19:48,2018-08-27 00:00:00
4ae2046be802b9779c96bbe988ff709c,a484142c4117eb9e1c7d070f9536f428,delivered,2018-03-18 10:51:41,2018-03-18 11:08:36,2018-03-19 19:52:51,2018-03-20 20:54:37,2018-03-29 00:00:00
1f8e7859cbb92bb49f654c2801e6394d,22f8e15949ee7e8259b4dac40177bc93,delivered,2018-04-11 18:53:21,2018-04-11 19:10:33,2018-04-17 16:41:17,2018-04-23 23:13:35,2018-05-14 00:00:00
a65fde0b04e8ca23f84e79c9935e3b93,212acdad47c7cfa84e2103b1a76c150f,delivered,2017-11-29 18:07:54,2017-11-30 02:24:18,2017-12-07 21:59:02,2017-12-30 13:42:21,2017-12-27 00:00:00
8e0ace07f58e07d34ada126b1de0d6a1,09d838e068f004c2f5c06f15e156499e,delivered,2017-11-27 11:33:51,2017-11-27 11:54:46,2017-11-28 20:51:56,2017-12-01 19:04:30,2017-12-11 00:00:00
ed6c99480bc1ab87159e288140055645,ce9ae711134d1939a5aa747f4a40a549,delivered,2018-05-06 07:18:11,2018-05-06 08:03:33,2018-05-07 14:49:00,2018-05-11 17:41:23,2018-05-28 00:00:00
7ea04d381a2ba7d7f14be55b878830a5,f54d024dc9788318f1b4e2ef9c80829b,delivered,2018-01-16 10:12:36,2018-01-16 10:29:58,2018-01-18 21:51:30,2018-03-02 17:22:47,2018-02-08 00:00:00
6e82dcfb5eada6283dba34f164e636f5,59b42de1617fdda0b327375d35efd708,delivered,2017-05-17 19:09:02,2017-05-18 19:22:29,2017-05-19 10:57:36,2017-11-16 10:56:45,2017-06-14 00:00:00
04f22b756f6367772fe11035fe75391a,dac7ce5b52b7268338bc50764f9572d3,delivered,2018-05-09 09:46:08,2018-05-09 10:14:44,2018-05-14 13:52:00,2018-05-17 17:03:57,2018-05-25 00:00:00
2cace2864447738573effeabd83eaa32,7775deebb59b9257b62fd7f3117efa10,delivered,2017-10-17 02:29:09,2017-10-17 02:50:40,2017-10-17 21:08:13,2017-10-20 18:02:56,2017-11-03 00:00:00
18167ddaf5805d7289af17daa51f35a3,98c39fc267125138d4b5a51bd2bb5e63,delivered,2017-11-24 18:41:11,2017-11-24 22:11:39,2017-11-27 22:11:47,2017-11-29 22:18:52,2017-12-08 00:00:00
3975795375144bc36a85de24cd441b21,dfb3fdcc688ded87fb75d226bc3d3eb9,delivered,2017-03-13 10:26:02,2017-03-13 10:26:02,2017-04-03 16:20:52,2017-04-12 17:09:09,2017-04-05 00:00:00
416174619acf1adcf7416d4c8dd376d7,aea9879eed7eaea1accab48e93be3ace,delivered,2017-05-05 17:00:37,2017-05-06 02:23:02,2017-05-11 14:41:30,2017-05-13 08:22:50,2017-06-02 00:00:00
339a270674938f37ea8fad21713fb759,2104da2b62ad4201810992bfb20c121f,delivered,2018-01-26 20:14:13,2018-01-26 20:37:15,2018-01-29 22:10:48,2018-02-15 19:08:52,2018-03-02 00:00:00
36c5fe2c0135722473e275b3f5accd74,a55e569fba97d80bf37f54ed5d227977,delivered,2017-11-10 18:31:13,2017-11-10 18:46:32,2017-11-14 18:53:19,2017-11-16 15:52:58,2017-11-24 00:00:00
2a898874fbdeadc5df2ea8a0b01b85cb,b390fbcb0c905851f646e4434901847b,delivered,2018-08-15 15:46:35,2018-08-15 15:55:17,2018-08-20 11:46:00,2018-08-23 16:28:45,2018-08-30 00:00:00
0d454d3e9e965e807648bfd8a52e4cd9,2a640283022f498a1cec238fbd94b1a1,delivered,2018-01-17 10:56:22,2018-01-17 11:10:22,2018-01-22 16:10:21,2018-01-26 20:27:59,2018-02-15 00:00:00
891331814ee1cbcb8f77a53b2b136099,8f64da415df0a6866db60da16526f3ad,delivered,2018-02-26 21:47:30,2018-02-28 10:11:13,2018-03-05 18:14:45,2018-05-23 22:04:43,2018-03-16 00:00:00
5be887c26e086c8cc169b70cbc9afadb,9a0554df88040ba929121aa2f66bff47,delivered,2018-04-27 16:26:13,2018-04-27 16:53:10,2018-04-30 13:59:00,2018-05-18 14:44:41,2018-05-24 00:00:00
75107c0791f328a77ef65ab69646594e,149338c97694f4c1825ef1b9d0afc2cc,delivered,2017-06-18 14:46:09,2017-06-18 15:05:10,2017-06-19 19:04:24,2017-06-30 13:27:51,2017-07-13 00:00:00
36c9568c1d0f5ff00d0d9d52a2b8ec18,1112e31a003d7a7ef429a45db0aee71f,delivered,2018-04-06 17:48:33,2018-04-06 18:08:39,2018-04-10 23:38:32,2018-04-12 17:06:19,2018-04-18 00:00:00
867c1fae09ee60fcad9d4257bcbe40d8,dfa02f88aa3d9a4cc36c29968ddb6b8a,delivered,2018-01-17 17:39:58,2018-01-18 02:11:14,2018-01-24 12:58:04,2018-01-31 23:33:29,2018-02-19 00:00:00
699c772093df6cd7b0a73ddac5132a93,014f3e3c0e2ca31a15e844bdf3a25cfb,delivered,2018-08-03 12:53:23,2018-08-03 13:24:02,2018-08-06 11:58:00,2018-08-10 19:52:24,2018-08-20 00:00:00
c2aefd49b4f8cc1c0edec92c9e5351fe,1c483ddd736dcb89bb6009ad15471e21,delivered,2017-11-12 16:39:02,2017-11-12 16:50:28,2017-11-14 22:14:35,2017-11-24 19:17:51,2017-12-06 00:00:00
ffd7d6378c4d0df542ece430b2daa777,c3c07d1bdef19401e13207023cd71e72,delivered,2017-12-27 14:15:19,2017-12-27 14:29:25,2017-12-28 22:47:10,2018-01-09 18:34:31,2018-01-24 00:00:00
f203fbfc9805fb8324cc79559932f6be,c3c34612225b5faf8050bf850178f3d4,delivered,2018-06-28 15:46:02,2018-06-29 02:53:13,2018-06-29 11:12:00,2018-07-03 17:32:38,2018-07-18 00:00:00
bbca89624572b1532cc19840d3ad81c8,819723cfaf6c94d3b950c01ed2c3913e,delivered,2017-02-14 10:55:36,2017-02-14 11:05:20,2017-02-15 07:27:50,2017-02-17 12:26:18,2017-03-13 00:00:00
099be5827a2f9692b1c1ad111affc9d1,06a552b13fb2cc33c6fde4ff1de4c9c9,delivered,2017-09-06 19:58:48,2017-09-07 02:45:32,2017-09-08 15:03:27,2017-09-13 23:17:43,2017-09-19 00:00:00
2aa70a3997b199cbaa277cdbdd11bd84,651b8f2fb6afcc3498ffb4429617fb06,delivered,2017-12-12 15:34:58,2017-12-12 15:51:42,2017-12-14 21:39:17,2017-12-29 22:37:01,2018-01-08 00:00:00
dbb2c9fcb812c0eb6a8b856435e484d7,17fc94945c78e2f5d7100ae17fe19f12,delivered,2018-04-04 09:21:19,2018-04-04 09:35:20,2018-04-05 00:36:51,2018-04-19 00:26:52,2018-04-24 00:00:00
91d231727ec821bb32a0a1a769441318,09f72882ee46dc4b201c6fc9ad2d7dd7,delivered,2018-04-02 17:03:21,2018-04-02 17:15:26,2018-04-03 23:22:07,2018-04-19 14:58:21,2018-04-27 00:00:00
915dc51399986dd386c9193f20cb54f5,5a0e6eb50e11d5cb0063f682bfb6d0f1,delivered,2017-09-27 08:01:35,2017-09-27 08:14:17,2017-09-28 16:14:01,2017-10-10 17:03:12,2017-10-27 00:00:00
60d86bf6b567364b56335cb75262c00e,44b360a2edd1cd9ecab51f5988ddf028,delivered,2017-02-27 23:54:11,2017-02-28 00:45:22,2017-03-03 05:23:34,2017-03-18 05:12:32,2017-04-04 00:00:00
ce5ca80e8d65bb954be0233c815711e8,2742319d760bd1092185ec8550d69cac,delivered,2017-10-15 11:06:57,2017-10-15 11:25:43,2017-10-20 17:32:23,2017-11-01 19:52:41,2017-11-14 00:00:00
eeb91f346c409cf3a3f4049e626c67cb,9c80a3ec6d90e28189cd6d8ec25238f9,delivered,2017-05-08 15:16:28,2017-05-08 15:30:09,2017-05-09 08:47:48,2017-05-16 11:03:51,2017-06-02 00:00:00
943124300f49c04925947c81838ab67d,9a0b662a360c79f2dc50396f6041c1e5,delivered,2017-10-23 08:53:31,2017-10-24 03:35:16,2017-10-25 19:27:55,2017-10-31 20:27:38,2017-11-14 00:00:00
f5eda04cf77ec4fc17a1c7a4e8984afb,b884d405e354ad1e5213f72883e4e6ee,delivered,2018-07-02 09:14:07,2018-07-05 16:25:39,2018-07-04 15:16:00,2018-07-14 09:34:39,2018-07-25 00:00:00
250dcd1c3cc5c78b8c8f1c6da5ee4933,3fd271c39629ce966d3bc0d1958cdcf7,delivered,2017-12-19 10:19:53,2017-12-19 10:31:36,2017-12-19 19:59:19,2017-12-26 16:28:37,2018-01-12 00:00:00
cc625d1a7ebf7409c72ccb3798115ca9,4d0d910846be03dfe13c2f94c85554c1,delivered,2018-02-28 21:10:41,2018-02-28 21:29:05,2018-03-01 14:27:41,2018-03-14 20:46:31,2018-03-21 00:00:00
27870055ef90912de8d3ca3524bef306,b55f5e80852ddf5aafeb3d6ad66db919,delivered,2018-04-28 09:23:28,2018-05-01 05:54:50,2018-05-02 08:25:00,2018-05-14 22:20:44,2018-05-24 00:00:00
34f336174dc7538b2fe8d1b6098d76ca,305f1f28ec140d565af170687e3ded1f,delivered,2017-09-16 15:28:55,2017-09-19 03:55:40,2017-09-19 19:02:57,2017-09-20 19:37:51,2017-09-28 00:00:00
0f2bbeda958833e5a67ceb4368f282fe,00da48d824214ffba48ab43f5b1d29a0,delivered,2018-04-29 09:43:34,2018-04-29 10:09:28,2018-05-09 13:49:00,2018-05-14 18:58:37,2018-05-23 00:00:00
cdaa0dca6483df88852d59902ad653a6,989a7f021cfd9d7fbcb25ad2ec542f41,delivered,2018-08-12 13:41:42,2018-08-13 13:44:26,2018-08-14 10:22:00,2018-08-23 03:20:47,2018-09-17 00:00:00
bbbe6dced4d4ad3203023fe16c34e956,3c1635fcaa6b3776246c04523975443f,delivered,2018-01-18 14:09:46,2018-01-19 02:37:29,2018-01-19 22:13:43,2018-01-23 01:42:53,2018-02-02 00:00:00
76a8885167de6cebce9e33f8abc9f149,566eb70d22f8c4b3ebd3b2db8718ff7d,delivered,2018-02-19 22:45:39,2018-02-21 06:10:25,2018-02-22 16:36:46,2018-03-12 22:26:30,2018-03-16 00:00:00
077c51e0b25a9c8393b39a3f8c4a8cfe,ad899b71c43c34a6b3127690595a6596,delivered,2017-11-27 14:49:59,2017-11-27 15:03:29,2017-11-28 19:41:59,2017-11-29 16:33:18,2017-12-11 00:00:00
6a90f6f5f3a52b4316054b51a53f4d4a,7d8b67a0d473037495f19350c169e775,delivered,2018-03-06 08:00:24,2018-03-07 02:10:26,2018-03-08 17:39:43,2018-03-19 17:28:56,2018-04-06 00:00:00
4427d18955f1dabba9ad7503aeed2886,1155d0a13041ffd8c90ee9cbf880b313,delivered,2017-11-11 21:55:06,2017-11-14 03:35:23,2017-11-14 18:49:16,2017-11-17 20:11:41,2017-11-27 00:00:00
8712b255e65bd40b073d43478f7d24d1,81f8204c7b60cd52de8b41af67772d4b,delivered,2018-08-20 19:29:57,2018-08-21 09:35:16,2018-08-21 14:32:00,2018-08-22 22:22:21,2018-08-23 00:00:00
60022778f5467e9ba090ac42f6739e90,570d9fcd6871c5c4ab7116938dd8a719,delivered,2018-02-15 19:20:14,2018-02-15 19:30:46,2018-02-20 02:51:55,2018-02-26 12:22:23,2018-03-09 00:00:00
985dbac2172bbf6b32bcca35da50d7a0,3118aefef04e5e97d0e339cd75d6d775,delivered,2018-03-26 17:56:18,2018-03-28 17:35:11,2018-04-03 18:59:10,2018-05-10 15:23:30,2018-04-23 00:00:00
60a501a373300947c27bfdbd0b0532b8,9f9dd42dbc71b9e08cba4e61ea7c28b2,delivered,2018-06-24 20:03:39,2018-06-24 20:16:32,2018-06-25 15:04:00,2018-06-29 22:37:38,2018-07-26 00:00:00
ed7020a10eed1ef7a4895ad933baa211,b9a4ae03439dc5479da32b8359c44790,delivered,2017-03-31 20:58:07,2017-03-31 21:10:18,2017-04-04 16:14:35,2017-04-20 15:49:01,2017-04-27 00:00:00
391cbfa45cfc95e90b2168e5afe04b25,3a1500cbb61e14b125c201baaae5afa7,delivered,2018-02-19 09:23:33,2018-02-19 10:07:55,2018-02-21 23:59:37,2018-02-27 16:32:23,2018-03-14 00:00:00
efa4b51113fdedfdef6dee22876271ca,06dd86569c44f30ad3f0e3154e4d03d8,delivered,2018-01-12 14:10:25,2018-01-12 14:47:52,2018-01-15 22:27:43,2018-02-06 21:48:59,2018-02-09 00:00:00
c4af7035333104ac0c5a20ffbe8884ee,278ca3f32674746f15cf6cf2012188d1,delivered,2018-02-14 11:33:33,2018-02-15 11:30:35,2018-02-16 23:18:42,2018-02-26 19:33:56,2018-03-06 00:00:00
21fb84496c034392ca2aafe7f7919a3f,c1d8411b66c3b249ad98ad437f1ae958,delivered,2017-09-15 04:48:38,2017-09-15 05:04:41,2017-09-16 11:06:35,2017-10-01 12:44:49,2017-10-05 00:00:00
1a9c245550ac4d57455c5e25c866cad4,fc3ad5e4ca7a01c02e25bd40dd173b57,delivered,2017-02-12 10:27:34,2017-02-14 03:45:27,2017-02-21 14:06:04,2017-03-14 14:17:37,2017-03-24 00:00:00
f51dee029e4d8a8d3cf9a33de36dce7c,00e7c7983371f6e0c6ce890040d431db,delivered,2018-01-30 14:45:46,2018-01-31 13:32:08,2018-02-01 14:47:34,2018-02-07 20:18:41,2018-03-05 00:00:00
8f9db38034b12eea6ef545d8071c249e,c5a047ba44b6b7b1219890951724863b,delivered,2017-06-20 13:09:25,2017-06-21 02:30:15,2017-06-22 14:41:53,2017-06-23 13:02:52,2017-07-03 00:00:00
ef1f56ac534b1aa1a5b6dc346d269f3e,99813858ec519691ed3e86a377bc7034,delivered,2018-01-29 17:41:29,2018-01-29 18:12:09,2018-01-31 23:52:25,2018-02-05 17:11:50,2018-02-26 00:00:00
a26aba3dbb6986530ac9f2c8866a36c2,c1a8c3346940f085805f42c662cb333f,delivered,2017-02-28 21:01:33,2017-02-28 21:10:10,2017-03-03 15:35:36,2017-03-14 09:34:19,2017-03-28 00:00:00
ed9ffbb3fee532270f819cae7e6a87eb,1b83698cf7a5f87b3769b57bd1325a85,delivered,2018-07-02 10:32:42,2018-07-02 10:50:13,2018-07-04 08:16:00,2018-07-05 20:04:35,2018-07-18 00:00:00
f8501c44660f66acd201a4fbb6c7c997,0599e49e3b77b612391eba9e6ab01d6f,shipped,2017-08-26 12:44:06,2017-08-26 12:55:20,2017-08-30 19:03:36,,2017-09-14 00:00:00
edbb9b1079a61cdf59d13e1c2970ee07,2703563a8140490729499f547f6d9756,delivered,2017-08-12 09:53:26,2017-08-12 10:10:12,2017-08-17 18:12:41,2017-08-23 20:32:44,2017-09-06 00:00:00
3478ceafeac42f48c6638021262660a2,c9705d3d44e65233cf06d01ede8bb45f,delivered,2018-03-14 12:55:16,2018-03-14 13:08:29,2018-03-15 21:48:55,2018-03-20 22:35:28,2018-04-09 00:00:00
0abe0832bcbe8e17c2ee4b5b9fd05216,36cda18e13c9b168f5d9eaabe227dc29,delivered,2018-07-16 09:16:03,2018-07-16 09:25:13,2018-07-17 13:33:00,2018-07-28 00:14:39,2018-08-07 00:00:00
8dd212b37ef87381b34684de2200d25d,87acea672dccd1c6d744da7adf24a947,delivered,2018-07-03 21:50:44,2018-07-05 16:40:33,2018-07-06 11:12:00,2018-07-12 17:04:47,2018-07-30 00:00:00
798ad597febc1c2ece313c04fc33d6de,5f6106098e8a7d8d4f33deb3fcd97ff8,delivered,2017-02-08 19:45:37,2017-02-08 20:02:58,2017-02-10 11:58:16,2017-02-16 08:12:13,2017-03-09 00:00:00
887b1d05870ae363f160ab81362fe4bb,12ef52eb263e51edad2789a1a868d9ee,delivered,2018-06-15 10:57:35,2018-06-16 10:57:02,2018-06-18 13:52:00,2018-07-04 17:29:36,2018-07-26 00:00:00
852e2ae704b2196f904561391b2b6bd2,35c73a071dbcb6ea541e419fbbf443f4,delivered,2017-09-07 17:54:36,2017-09-07 18:05:45,2017-09-11 21:09:54,2017-09-12 17:56:33,2017-09-21 00:00:00
2f7d729d01da93cdb12badf11a21d0e8,1502c1543977952bd2666b24f555b1e5,delivered,2017-12-18 09:44:19,2017-12-18 10:12:40,2017-12-18 20:07:11,2017-12-19 19:04:24,2018-01-05 00:00:00
d2116792f51c05e63040003857b5fb91,af1a02da78f2e9aab4a69b123263b3f6,delivered,2017-06-26 15:59:30,2017-06-26 16:15:17,2017-06-27 09:39:57,2017-07-04 16:46:26,2017-07-14 00:00:00
caada4ca97e8e01c14535a79224324d9,a51b9cba9204400d980afd668d27d3c9,delivered,2018-01-11 15:11:40,2018-01-11 15:27:44,2018-01-15 15:09:05,2018-01-17 20:56:53,2018-02-06 00:00:00
d96dd69ac1c031310e28e40e22130149,efe389e9d5152203223f50ad62a0572c,delivered,2018-03-15 20:36:00,2018-03-16 03:50:16,2018-03-21 21:25:39,2018-04-04 19:28:34,2018-04-03 00:00:00
0d01eea244609b22f49983e36c80c89c,45c67588b706be7ea593dd438b449e61,delivered,2018-05-14 11:02:38,2018-05-14 11:15:22,2018-05-16 19:00:00,2018-06-08 15:34:56,2018-05-24 00:00:00
f0276135124a092375f710cd9975bb82,799d813f892834ecc22b05e8dea120dc,delivered,2018-03-08 21:16:49,2018-03-09 00:43:24,2018-03-13 23:16:28,2018-04-03 23:06:59,2018-04-05 00:00:00
d15a4c4d1426b7275d538063d8fe4c6a,5b70139504198431b1a8465887ec205b,delivered,2018-04-20 15:45:31,2018-04-24 18:44:29,2018-04-23 16:48:48,2018-04-24 17:24:50,2018-04-30 00:00:00
bf31be735f38663cdc8cb59406c06017,284b5f3a0e56cef507a1747582056bbf,delivered,2018-01-17 22:27:45,2018-01-17 22:35:31,2018-01-18 18:32:13,2018-01-22 21:03:31,2018-02-01 00:00:00
61e5353969ba519689f085a0379fccda,33548b5ff9b7ab73d389abe75ed2318a,delivered,2018-01-04 09:07:49,2018-01-04 09:19:30,2018-01-08 21:05:42,2018-01-31 20:58:04,2018-02-08 00:00:00
42cf7a7b52b1c986f62a886cf4d24422,93bdf401821f957715b336131b46c56d,delivered,2017-12-21 07:44:05,2017-12-21 07:52:07,2017-12-26 18:53:15,2018-01-08 23:23:00,2018-01-19 00:00:00
7c40601f78201a5c1fd06535bec6a480,616134b157c9872424b90e0792bb6f68,delivered,2018-01-01 10:58:04,2018-01-01 11:07:19,2018-01-05 18:47:56,2018-01-11 21:43:00,2018-01-24 00:00:00
34d14e4938fbe164df32fbf18b181497,4dbf01fdbd4d151fcd2f0f4cbec02c4e,delivered,2018-01-15 18:39:36,2018-01-17 03:36:33,2018-01-19 19:15:24,2018-01-22 14:41:32,2018-01-30 00:00:00
643916742191b1ca29968acfeccf30ed,78844488c4550b818c51eb5f8e9b4789,delivered,2017-05-15 22:00:45,2017-05-17 04:05:26,2017-05-17 11:44:43,2017-05-26 18:07:03,2017-06-08 00:00:00
7fdaacb6531a303bdcfd48de1512a7dc,36ab9cafcfa49d9e5a6fb2d2deb3eb3d,delivered,2018-01-22 09:56:12,2018-01-22 14:15:18,2018-01-23 13:22:20,2018-01-24 18:35:11,2018-02-06 00:00:00
918e5db39b90c133257cfa0944fd9d4e,b3ac68842e5f6876589aaaa59a1e648c,delivered,2018-05-22 18:45:21,2018-05-22 23:17:54,2018-05-23 14:20:00,2018-06-08 23:03:19,2018-06-27 00:00:00
632203abfe718597f34e8d7ed449b4cb,93cfb05635821ab4ab784f7b3f8cfe44,delivered,2018-07-16 20:49:44,2018-07-17 22:10:15,2018-07-18 19:04:00,2018-07-21 12:56:19,2018-07-25 00:00:00
a20a97869b7ddc65f69cb3373159648b,85ffd918d7d043bc4aaec22621818908,delivered,2017-11-25 16:24:40,2017-11-25 17:17:26,2017-11-30 04:36:25,2018-01-16 21:09:11,2017-12-21 00:00:00
5e823b29f4c615d58cdbfec5bdb2ee73,01fa97994accc8a76cd66d477a124ec7,delivered,2017-04-23 09:15:49,2017-04-25 08:25:26,2017-04-25 14:00:13,2017-05-10 12:03:48,2017-05-19 00:00:00
54d65a8b1ad01bcbb24c929d99b3a4e8,e1d87389c11602b9715c7e41bb158a14,delivered,2017-07-09 18:39:33,2017-07-09 18:50:13,2017-07-14 16:55:02,2017-07-28 23:21:38,2017-08-03 00:00:00
ebc3ac81a5759d348b6e7f5820710f7b,2e8744d8bba88c9cef6e223caa148c6b,delivered,2018-01-16 13:40:45,2018-01-16 13:50:53,2018-01-18 14:33:25,2018-01-24 18:54:24,2018-02-09 00:00:00
415171a59b0a29988351b6d7652d993a,e9ea2cfc8b1f20bdae40c9d48f4c964e,delivered,2017-11-08 09:36:53,2017-11-09 04:31:09,2017-11-16 14:08:49,2017-11-21 19:22:26,2017-11-28 00:00:00
4686f1048cd093ff48fc17f4bf214a33,be125d5a46255820dd98b83d4c7c5db5,delivered,2017-11-18 02:28:02,2017-11-19 04:21:36,2017-11-21 12:17:10,2017-11-25 18:37:01,2017-12-11 00:00:00
9ccb6719fa8bca71f05094ee18873cd6,390da73b40bba470d3cf2eaa1870a962,delivered,2018-06-11 10:33:52,2018-06-11 10:58:44,2018-06-11 14:54:00,2018-06-19 22:45:34,2018-07-03 00:00:00
2fbff46c3474e8a16920d32aa242865b,8b3d7528278b8171490d1a1593f5594b,delivered,2017-11-14 20:43:11,2017-11-17 03:50:37,2017-11-24 22:51:30,2017-12-11 22:09:24,2017-12-18 00:00:00
69a575f85187107c2ae4464a6e2ccf80,1e636027145a885dffb87246dc57ff4b,delivered,2018-01-16 20:24:56,2018-01-16 20:32:19,2018-01-18 21:41:27,2018-01-29 16:53:01,2018-02-09 00:00:00
91d8a1dadf0fcb4bdf82d88e8b82e9b9,fb01441886c0f632a30c1573901cf46a,delivered,2018-07-27 22:32:13,2018-07-27 22:45:14,2018-07-30 12:46:00,2018-08-03 18:18:59,2018-08-10 00:00:00
7b27aa8a07339a1e651fce232621d0cf,21e3291def7e45a14942cfed084ac9f5,delivered,2018-02-15 17:13:52,2018-02-15 17:27:13,2018-02-20 14:23:12,2018-03-15 16:58:41,2018-03-21 00:00:00
1116c22b8ac5fd55755a1357d17cb070,73b2d497721c5fa9118c61c9b6d5f54e,delivered,2018-03-09 13:18:03,2018-03-09 13:29:01,2018-03-13 21:21:38,2018-04-16 19:42:18,2018-04-11 00:00:00
bb0bb419d930e4bc8c823fc4379347fb,49be2968b33dc662350d42d8963c29c4,canceled,2017-10-30 12:17:51,2017-10-30 12:30:23,,,2017-11-21 00:00:00
c5267c7bad3d532ba30cf3b72596d3de,1b5b9f2f891b9cc15d72be9947f7bfdb,delivered,2018-07-22 00:26:45,2018-07-23 11:31:37,2018-07-25 14:08:00,2018-07-26 21:06:47,2018-08-02 00:00:00
9fce087acf59b40f00b151c3720178cb,b9cdbcd49a34f84d7115ec7bb592bc32,delivered,2018-05-02 20:57:14,2018-05-03 09:55:45,2018-05-03 14:28:00,2018-05-04 22:58:31,2018-05-15 00:00:00
af6bc55bfd7ce78e903212e971ad1bfd,ad286ce4a6bf7bfb8baf2716bf8c806b,delivered,2017-11-08 15:34:47,2017-11-09 04:31:16,2017-11-10 19:26:33,2017-11-14 17:42:08,2017-11-28 00:00:00
4b4badb2df31e851262e8278b3a02871,1a108ff7d680891dcbcb0558fb6caaaa,delivered,2018-06-19 13:53:18,2018-06-19 14:17:34,2018-06-20 10:43:00,2018-06-27 17:51:34,2018-07-12 00:00:00
58673fc6f78ed538b23f278fdb461f07,5d96ef49b828a20fef0ecd4512e04b2e,delivered,2018-05-08 18:11:53,2018-05-08 18:32:07,2018-05-12 08:18:00,2018-05-18 17:24:52,2018-05-25 00:00:00
b8602ecb5d10f27cd89d0e7b5a8ec2a8,b854c2a4e09bb1ebeacc74b225f4ec0e,delivered,2017-11-08 16:19:34,2017-11-08 16:31:06,2017-11-09 20:56:24,2017-11-17 00:58:38,2017-11-28 00:00:00
bc0e0c28cbe995798d3afb7c7c75d269,a9dc96b027d1252bbac0a9b72d837fc6,delivered,2016-10-08 01:28:14,2016-10-08 03:19:09,2016-10-14 17:39:46,2016-10-17 18:39:46,2016-12-02 00:00:00
46046adea0e222a29259bad3d922fee8,e9722ab28655e07763e0ca2751c61c90,delivered,2016-10-04 10:41:17,2016-10-04 11:06:07,2016-10-21 16:29:32,2016-10-24 16:29:32,2016-11-28 00:00:00
5548dc95d19f69811f26b8dc9f5fd690,22e40f23e407606505fea9fbe15b9ad4,delivered,2018-06-01 08:26:56,2018-06-02 03:35:11,2018-06-05 12:07:00,2018-06-11 15:49:41,2018-07-16 00:00:00
73e025915b8bd2c8856d0d3f85545506,dbf46bb30293d0d8ccd11d23c68ae6cd,delivered,2017-05-10 21:23:19,2017-05-11 21:30:15,2017-05-12 10:33:27,2017-05-30 13:10:48,2017-05-30 00:00:00
dcf834176dc467316b2e4dbd9544a9b4,1a20002dc2a385b4a371d9cdbd332a9b,delivered,2017-11-15 18:16:05,2017-11-15 18:30:32,2017-12-05 17:39:07,2017-12-19 15:32:51,2017-12-27 00:00:00
26d795767ec2fca00042e8f7cdbe3fdf,28a6edb0d0efcf78339aea74946c31b5,delivered,2017-04-04 17:25:21,2017-04-04 17:42:59,2017-04-06 11:22:48,2017-04-12 14:17:56,2017-04-27 00:00:00
4db2efafa3ef7a9bb740073addef3f85,34cc4171f1653be2c66b278bba591ca3,delivered,2018-06-15 10:00:40,2018-06-15 10:18:29,2018-06-15 13:57:00,2018-06-29 11:11:20,2018-07-11 00:00:00
a23fc2b3af4f1a48e6105fb5dd8d1348,97faa939f8156b67c9106bde6fddd6ab,delivered,2018-08-07 20:07:32,2018-08-07 20:24:56,2018-08-08 12:04:00,2018-08-14 01:33:34,2018-08-16 00:00:00
b016e89611c45abd1ec9cad23df2b290,58b897c41ac43010a41d263c2bff500b,delivered,2018-05-08 11:34:47,2018-05-10 04:16:30,2018-05-10 13:40:00,2018-05-16 20:58:27,2018-05-28 00:00:00
69f406208d475c59b72a2b884f26c2fb,9efa8d8a4607191e0c121c1a4fc31148,delivered,2018-05-03 20:25:44,2018-05-04 03:15:15,2018-05-04 15:12:00,2018-05-07 15:36:45,2018-05-22 00:00:00
e3530cef4397fa883a4cebaf1c967a80,5783948a85bc114d3ec03effa94dd8bb,delivered,2017-08-19 07:45:07,2017-08-19 08:04:53,2017-08-24 22:05:58,2017-08-31 19:46:55,2017-09-19 00:00:00
3cda3b82990d9613a19bac370a7b8907,4e0bffbcb4d5d3a82373399128547598,delivered,2017-11-02 16:25:31,2017-11-02 16:45:11,2017-11-07 20:21:21,2017-11-20 18:29:13,2017-12-04 00:00:00
ff92e046b12e7380a5a54db4e3fdf615,ab9be535b07b4c39dfb0f40494bc9d97,delivered,2018-07-10 12:09:23,2018-07-10 12:25:15,2018-07-10 12:34:00,2018-07-20 17:14:43,2018-08-08 00:00:00
430e723584294b481e1cfb980b10df3a,82754e9037879ee7d90e1facb88fbc86,delivered,2018-08-23 15:45:16,2018-08-23 16:05:28,2018-08-24 15:25:00,2018-08-29 16:14:35,2018-09-05 00:00:00
8e3b10ce93deae6a8e8739b7a41b86d5,e7ee5ca88181306105b251db552c4357,delivered,2018-03-12 13:44:17,2018-03-14 02:50:54,2018-03-14 20:44:48,2018-04-16 19:56:34,2018-04-04 00:00:00
6e718fd90e0bd9069986459dfe185056,cb7cc795161aab05c597e973559ba50b,delivered,2017-07-25 23:35:29,2017-07-25 23:55:11,2017-07-26 20:24:23,2017-08-04 20:12:31,2017-08-18 00:00:00
a5406e921aa2f3d19c33ab88c936f426,d5551343ca45deaabf15841e8ea574ed,delivered,2018-08-16 15:15:59,2018-08-16 17:49:07,2018-08-17 18:07:00,2018-08-21 00:15:39,2018-08-21 00:00:00
41a164c8a106bd1bd634b33340f2199f,b61df7cab5e55935007713b34a72b138,shipped,2017-09-02 14:57:43,2017-09-04 14:25:21,2017-09-04 20:22:16,,2017-09-26 00:00:00
9a535db7017bc4d84dcfdd14e9a8cfcc,07bfca76246734f6cd62ba441a750d60,delivered,2017-01-30 18:43:16,2017-02-01 04:33:19,2017-02-01 16:43:07,2017-02-07 12:37:47,2017-03-17 00:00:00
ffbcbeeac5c9c9495cd729f896bc1d5f,d3ce540a0fc7b47d22fc5951ccdd8914,delivered,2018-06-20 21:14:59,2018-06-21 18:21:06,2018-06-22 16:02:00,2018-06-25 17:14:48,2018-07-12 00:00:00
501021e1ee6bd154570dd9c1efb46d38,8016136b9050c223bd33c840c0bdb2af,delivered,2017-12-19 14:49:45,2017-12-19 15:58:30,2017-12-27 16:29:26,2018-01-09 23:50:13,2018-01-18 00:00:00
93cd78e1b92970d2a7e7251057f85153,81805d02402ef56db08122440a0a938a,delivered,2017-11-06 04:41:37,2017-11-06 04:55:32,2017-11-07 22:59:45,2017-11-23 20:28:38,2017-11-24 00:00:00
91f547a0881c0ca253a3822416926b90,8c2db8ebb47d738813b679a5fde0634e,delivered,2018-06-04 12:36:40,2018-06-04 12:50:48,2018-06-07 09:02:00,2018-06-08 14:25:52,2018-06-28 00:00:00
622dd1cb69dbde1c7e0685d12015a2da,d9f3d0cf8f434367e59ed7db2eec21e4,delivered,2018-02-10 15:47:49,2018-02-10 16:00:32,2018-02-14 15:52:15,2018-02-16 22:41:43,2018-03-02 00:00:00
c47dc6fcedbf35d7a69bfb400a3dec69,843639db2a0f040a4aa58c4e843ee45d,delivered,2018-03-06 10:35:29,2018-03-07 02:35:42,2018-03-09 19:18:32,2018-03-22 21:50:58,2018-03-27 00:00:00
170668dbc6b505ada8c06356aa45177b,b6b58a1c673e6fddc7eb8aa3b5992e00,shipped,2017-12-15 18:53:52,2017-12-15 19:12:07,2017-12-18 20:22:49,,2018-01-10 00:00:00
d3605b7117930d845a75af0d32c3bc7e,ea7c78d210a9cd6b447a80b3508edc0c,delivered,2017-11-17 19:59:06,2017-11-21 04:06:22,2017-11-23 02:21:01,2017-12-01 20:36:46,2017-12-11 00:00:00
5b5df11336181a5d1e7a021ea5642bd6,b2f27ac68d800789258e48b15e8335d9,delivered,2018-02-20 17:32:52,2018-02-20 17:47:49,2018-02-21 19:34:11,2018-03-13 10:42:31,2018-03-26 00:00:00
c764b50847f8a6b31dd92151b3680d94,ece53d01d909f624beff12b089724fcc,delivered,2018-04-10 22:18:19,2018-04-10 22:35:22,2018-04-11 22:38:37,2018-04-17 20:54:33,2018-05-03 00:00:00
599fbee4cc4b8dabe57ea66e0ecd7031,6ee1dd0b1a877f6ffdc9f75177bd62f7,delivered,2017-09-17 18:58:07,2017-09-19 03:44:07,2017-09-21 21:14:27,2017-10-13 17:22:20,2017-10-11 00:00:00
de25b0f0bc16aa46db52a0cb9963b764,cce969b7050fc7d184d62c430a6c7178,delivered,2017-07-18 12:01:07,2017-07-20 02:25:40,2017-07-24 17:27:42,2017-08-02 17:52:21,2017-08-09 00:00:00
9e4b90eef41ed5a85e2e2f8bef415075,bc0c9c6cb264837628cec0ce57cd91a6,delivered,2018-03-28 17:03:47,2018-03-28 17:27:53,2018-03-29 20:48:47,2018-04-07 00:28:50,2018-04-10 00:00:00
85314e23a8d6ca48d54dd3a235b2a25d,f2d450514f374ebd89036fe92df557bd,delivered,2017-03-10 10:29:46,2017-03-10 10:29:46,2017-03-24 14:43:19,2017-03-29 14:48:50,2017-03-31 00:00:00
b9a14e2078e1693e5e4c8c010c83fee8,39f428f30447ac7ffb5cb23c0d944ade,delivered,2018-01-16 11:19:54,2018-01-16 11:32:09,2018-01-17 17:54:35,2018-01-23 22:19:43,2018-02-15 00:00:00
46e986bd2d3cdddfbc642749d67b4777,c998be2593cc44f760130bd79c8353f4,delivered,2017-03-20 07:34:21,2017-03-20 07:34:21,2017-03-21 13:41:46,2017-05-03 12:58:53,2017-05-02 00:00:00
3830b3dc35d6b2cb26c3cbeb0eafd799,f1a52bcd15f1aac3fdbb7dadce516d8f,delivered,2017-06-03 20:50:20,2017-06-04 20:55:09,2017-06-09 15:27:44,2017-06-28 17:25:56,2017-07-07 00:00:00
582224f1420e01b2e33cb5690714d841,5c9f8a89e7a175b3deefd018e0249fed,delivered,2017-12-06 09:57:58,2017-12-06 10:13:50,2017-12-08 21:38:43,2017-12-12 19:53:30,2017-12-26 00:00:00
058b47cafcb62845676917a46cf732e4,f0adbcc906e94774e167ee43ce2209f2,delivered,2017-10-03 23:52:07,2017-10-04 22:28:23,2017-10-06 19:53:18,2017-10-16 16:08:07,2017-11-01 00:00:00
21011893b3f77e5cf4c66ebef09016ae,d15c4eb0809f83e4b72065c920c69e1c,delivered,2017-11-24 08:11:39,2017-11-24 08:31:19,2017-11-27 14:25:29,2017-12-01 01:58:55,2017-12-15 00:00:00
6b0de1567f1212f98b815cf9dd0197a7,73149e2def5373d0e10aadcf0d8f8167,delivered,2017-10-03 14:05:27,2017-10-03 14:14:20,2017-10-06 20:59:56,2017-10-18 22:33:06,2017-11-13 00:00:00
ce9f7803d130fb5f7ce39962ea704afa,e5116548089d0a18315ccbe7a20d6639,delivered,2018-06-30 16:53:47,2018-06-30 17:50:20,2018-07-02 14:25:00,2018-07-05 22:56:44,2018-07-24 00:00:00
be178aef757640fe4721501249ae18d8,7a6fc2b547170211c51721e40fa157ca,delivered,2017-03-22 19:57:13,2017-03-22 19:57:13,2017-03-24 14:24:11,2017-03-29 13:17:16,2017-04-11 00:00:00
aeda6c61bef46638c41d68216431979b,b2f95208b59db4cb98c50b698e1595e4,delivered,2017-11-02 22:49:47,2017-11-02 23:10:26,2017-11-07 10:39:26,2017-11-17 00:27:34,2017-11-24 00:00:00
677c2ace9fc6945d4fbc83bfd179373f,3619bffe8c0a03dc3ea59340eeb0d5c1,delivered,2017-12-22 16:02:51,2017-12-23 10:18:20,2017-12-27 16:59:30,2018-01-04 19:53:31,2018-01-12 00:00:00
79e0a33a60d364f1cf08bcd097985238,cacfd32da4e7bdfddb890220be2b58d1,delivered,2018-05-06 07:35:10,2018-05-06 07:50:24,2018-05-07 11:15:00,2018-05-14 23:58:42,2018-06-11 00:00:00
a90d54c4e730c3f73f5fbf256ebe58e2,cbe499bf7af1964f5924dbe8e244c75c,delivered,2018-05-04 23:22:26,2018-05-04 23:35:10,2018-05-07 12:08:00,2018-05-10 23:08:45,2018-05-23 00:00:00
383216723797f06d317fcfee172ee005,b02bb5ef585d5fb2108090bb8f981572,delivered,2017-06-11 21:01:41,2017-06-14 10:55:20,2017-06-14 19:08:48,2017-06-19 18:54:30,2017-07-03 00:00:00
b6d51ca2b26deb9b9bc37e6b3ea34244,96f63dc8d7bbb192d25213b41a5b2b08,delivered,2017-02-13 23:24:18,2017-02-13 23:35:20,2017-02-17 10:30:39,2017-03-01 10:13:52,2017-03-24 00:00:00
f843ccac0632c0896595e1b790d93733,cda922f66aa89653f17a5c2974972168,delivered,2018-04-23 12:52:46,2018-04-24 17:42:46,2018-04-24 22:57:43,2018-05-02 15:58:40,2018-05-18 00:00:00
b7dc8c5296b448a5ccebf0c992c09f86,198866761455c414ecbba438e7256653,delivered,2018-01-26 12:09:55,2018-01-26 12:22:21,2018-01-26 22:41:16,2018-02-01 14:58:37,2018-02-19 00:00:00
90427548a7f9b99089d5449bdc44dbf4,e7cfb33c9c236417151d55134b4e14d4,delivered,2017-08-12 13:14:12,2017-08-12 13:25:06,2017-08-14 16:43:17,2017-08-15 23:47:32,2017-09-11 00:00:00
c629fd3aa69824b58230aee97ab8930d,a85a476bc5d3873d712114497bcfed68,delivered,2017-12-15 15:09:49,2017-12-16 13:19:29,2017-12-18 20:56:54,2017-12-29 14:57:05,2018-01-11 00:00:00
188c13d1aa80d3a7ffc208eb983bf267,343e3b5832f35efd7d16f8f14c122ec4,delivered,2017-04-29 15:47:24,2017-05-03 15:33:11,2017-05-10 11:43:56,2017-05-15 15:44:39,2017-06-01 00:00:00
c2fc2e36ac235bd9043a50b1af5466fd,160af96c093fe26cf4dfecd522a0256c,delivered,2018-04-17 09:35:19,2018-04-17 09:55:16,2018-04-18 18:12:04,2018-04-27 18:32:10,2018-05-15 00:00:00
d3320c7579b87d355511ba06b4d18aa4,4813c31bc42009db08118aaf5c22d4f8,delivered,2018-03-19 12:19:26,2018-03-19 12:35:29,2018-03-20 22:41:50,2018-03-29 18:04:10,2018-04-12 00:00:00
b4a38163bca1ff981f0ccbfdbaca0a20,4db85f54c09882d9f1e37774934551be,delivered,2018-01-29 18:40:56,2018-01-29 18:55:24,2018-02-02 01:16:51,2018-02-05 16:53:15,2018-02-22 00:00:00
f85b00b88275bb213518b0ebacca0544,d7c70fe22a435b47ba0bab4bb6ef7883,delivered,2017-09-15 11:26:04,2017-09-15 11:44:16,2017-09-22 18:18:15,2017-09-29 19:22:44,2017-10-06 00:00:00
4f76b593a77720e6048225aa1705761e,3a88fb311c3752770c9c01e5e49bd38a,delivered,2018-04-01 01:16:00,2018-04-01 01:55:18,2018-04-03 20:27:31,2018-04-13 06:36:57,2018-04-25 00:00:00
82534d85d355632cf7b983bb78e11537,136d3cfd01d32911a7fe50d5d965f1e8,delivered,2017-08-05 12:12:22,2017-08-05 12:30:06,2017-08-07 19:35:58,2017-08-09 16:29:58,2017-08-25 00:00:00
57ab8147bbaaee1cb90625da032adc65,ca7b22e9c3405131ea5f43068bdd3c3e,delivered,2018-04-11 21:06:07,2018-04-14 09:31:26,2018-04-16 17:48:39,2018-04-27 00:28:41,2018-05-07 00:00:00
76237b6fd0f721a714d6bb93439858fe,3ff7ca0cebc624cfec47b5c21747f40f,delivered,2018-02-17 23:02:57,2018-02-18 00:07:42,2018-02-20 13:19:04,2018-03-15 17:08:35,2018-03-15 00:00:00
e57d3ed114cc6c8892c6ad047ecb7c99,95ff1cbbe42e89b5a1e9a50fd2116e73,delivered,2017-05-17 21:31:07,2017-05-17 21:42:01,2017-05-18 09:47:53,2017-05-19 11:52:14,2017-05-30 00:00:00
17bc0acf9f5ac57fc41fb222543c3c46,73dec2f09bd7eb27d94454620a6933d2,delivered,2017-03-17 11:55:04,2017-03-17 11:55:04,2017-03-24 13:08:31,2017-03-28 08:30:09,2017-04-05 00:00:00
29afb9bd764e2f5be034429f3d6811cf,e52bdb0106b6b7cf4307905679b11761,delivered,2018-06-08 00:43:29,2018-06-09 02:57:19,2018-06-18 12:45:00,2018-06-21 23:22:21,2018-07-04 00:00:00
f3946e7bb785f6ad1f6747355f2f0707,48a0d58b5c9638c5d1bd192c4143f971,delivered,2017-09-13 16:48:25,2017-09-15 02:10:39,2017-09-15 19:31:58,2017-09-21 17:50:14,2017-10-06 00:00:00
5923d27ea800706e7c11665595951851,bb994f5e181a796ea6ec46a53c7f6928,delivered,2017-07-20 13:54:51,2017-07-20 14:05:24,2017-07-24 15:39:45,2017-07-27 17:15:56,2017-08-16 00:00:00
f6435b28da9f2c03528a41386144a403,eb41671b11b12b928b92cbe7e3a974a2,delivered,2018-03-19 23:06:49,2018-03-19 23:28:15,2018-03-20 22:19:10,2018-04-06 18:58:41,2018-04-12 00:00:00
0700a8e0947d76a90800538ff87da453,96a41a2b6f1ce4dbd4f8fecc3fc26489,delivered,2018-04-22 11:26:58,2018-04-24 19:10:19,2018-04-24 18:58:03,2018-05-02 21:28:46,2018-05-22 00:00:00
f7756b6831d1f8e9ffdd15a08942cd56,c90005ee8bf3ab38f851a33a51de49ce,delivered,2017-12-04 08:51:33,2017-12-06 02:49:59,2017-12-07 13:22:53,2017-12-27 20:32:34,2018-01-04 00:00:00
18d2e92302e58abca7cd07fc8ff2ffa3,2a8d8cb85262f7eaf4f1f5a398e5b7fc,delivered,2018-07-25 12:52:30,2018-07-26 03:40:07,2018-07-27 11:30:00,2018-07-31 22:34:43,2018-08-10 00:00:00
4054f3a02c9191a518601fba04f06742,32f933ccfb84e611969e9b44d4ea5739,delivered,2017-11-29 21:24:39,2017-11-29 21:32:29,2017-12-02 12:32:37,2017-12-12 00:03:51,2017-12-27 00:00:00
80fa872d47da85872411a201a1a89dbd,78f06a489006676218bbd6653cc79c47,delivered,2018-05-07 16:44:43,2018-05-07 17:56:37,2018-05-09 12:12:00,2018-05-14 23:47:41,2018-05-25 00:00:00
ebc7576de7c411cd4196d81d312d191e,9b9cac11df60b6a2ca95f4045dcde787,delivered,2018-05-10 18:04:00,2018-05-10 18:18:24,2018-05-11 14:14:00,2018-05-14 20:53:45,2018-05-18 00:00:00
78bfabdd678960433865cf37c15be81d,ab3c6485c1de9df6de671f4d04f990da,delivered,2018-07-29 19:47:34,2018-07-29 20:04:43,2018-07-30 14:40:00,2018-08-03 14:24:39,2018-08-16 00:00:00
423000c9a3d2d87b594ab701c1c9b944,266ea96d600b62246fb3da9f76b123af,delivered,2018-02-01 17:34:13,2018-02-01 17:53:02,2018-02-06 22:22:14,2018-02-20 00:34:52,2018-02-23 00:00:00
1e792fcdefb0bb34325cdc1dee84fcea,aaed1013b9b4c5ffea9394e093564a72,unavailable,2018-02-11 00:41:04,2018-02-11 01:48:51,,,2018-03-06 00:00:00
153ba9c8183c2c6f39e8191d50cf0255,6d95fae30dcaee20608501a142ecf1a1,delivered,2017-02-28 21:38:21,2017-02-28 21:45:20,2017-03-01 06:15:59,2017-03-03 14:32:27,2017-03-21 00:00:00
dd2e84f453b5bd5297babe45f1183f84,84b105f64811531772a6ea55c14129a9,delivered,2018-08-16 18:04:01,2018-08-16 18:15:22,2018-08-17 07:23:00,2018-08-20 16:32:09,2018-09-11 00:00:00
05bd0df2a2f8b3719b66372a66b8f5ec,bd28fb21b93201afe08e27ea9b3bc90d,delivered,2017-12-05 09:21:51,2017-12-05 10:48:16,2017-12-22 00:47:04,2017-12-27 21:34:13,2017-12-21 00:00:00
7d448da1a22951eccabbaf1d9b380f91,3bff47563cc1d384022a650cc62029af,delivered,2017-07-18 22:15:26,2017-07-19 22:23:56,2017-07-26 19:56:41,2017-08-07 20:54:47,2017-08-15 00:00:00
31a8fcbeaa65f2a7dec1abee188ffcc9,e02c7d012516647a8ad7b408edc8374a,delivered,2017-09-14 09:33:48,2017-09-16 02:50:48,2017-09-18 17:34:03,2017-09-27 21:53:42,2017-10-05 00:00:00
8628004441d1bfed0eba2925c11f0a9f,8a733c4716440dcb6c7fb14e31d296dc,delivered,2018-06-06 07:53:07,2018-06-07 08:14:28,2018-06-07 15:35:00,2018-06-08 19:08:32,2018-07-03 00:00:00
4c711260ad2538b278a96e13da501b09,1f42af7e77a5a54b16261ed44b747a07,delivered,2017-12-02 20:47:47,2017-12-02 20:56:34,2017-12-05 18:09:15,2017-12-06 16:24:35,2017-12-20 00:00:00
301313444187abe8ef32ccb2b73b484a,cddad34eaa5c20206d505335b53a40c7,delivered,2018-06-28 15:46:18,2018-06-29 02:53:27,2018-06-29 13:52:00,2018-06-30 16:43:35,2018-07-12 00:00:00
df5f65d2dec68b07404b0aa6f09aee32,2213b04ede603c2e8a992cade54e1967,unavailable,2017-07-17 21:42:18,2017-07-17 21:55:21,,,2017-08-08 00:00:00
ad8b58f4364259dca06cf2e3d65f42ec,184e981d0220cb3a8ec710d1f62891f7,delivered,2017-11-18 20:14:53,2017-11-18 20:30:29,2017-11-21 23:05:02,2017-11-27 21:12:26,2017-12-07 00:00:00
79e8aed3400f69812f091a2b4f55a8e3,9e2124550af4e69423ee717012e6f23e,delivered,2017-09-12 21:03:26,2017-09-13 01:35:25,2017-09-13 19:32:12,2017-09-19 18:38:37,2017-10-06 00:00:00
df1fb814cd2fd847abda026285f5c4aa,9c79eb1cd7a36127cba5b97b0a746d31,delivered,2018-07-26 10:31:00,2018-07-28 02:44:23,2018-07-30 14:21:00,2018-08-06 20:26:23,2018-08-10 00:00:00
1651e8159581ae560e31bcd322831f89,c6fa0b8e7a3f6679d53485285de58389,delivered,2017-05-18 18:08:56,2017-05-18 18:15:21,2017-05-29 14:09:38,2017-05-30 07:36:35,2017-06-07 00:00:00
43e1069a30462196f230706e01f65785,9c220f3764a4e5a34b62cbc96c21c1b1,delivered,2018-03-06 14:16:41,2018-03-06 14:35:45,2018-03-23 20:38:36,2018-04-05 13:06:38,2018-04-02 00:00:00
2dd14275918584fb2a28d4a4300d01e0,5d9b0406ca19cb888e47386c944a8330,delivered,2017-07-12 21:00:55,2017-07-12 21:10:15,2017-07-13 18:37:54,2017-07-17 21:12:25,2017-08-07 00:00:00
ad79f01d35b20279c363d738c8db9e65,8ffded0384e6de8805fdac6e9ffd78cb,delivered,2018-03-19 10:48:03,2018-03-19 11:31:42,2018-03-30 01:32:34,2018-04-05 13:11:39,2018-04-13 00:00:00
82492ccd735c628d8a98d08d7ffbe501,5d0b5e5f627d234d7cce220a7a3df097,unavailable,2017-10-18 18:21:48,2017-10-19 02:49:36,,,2017-10-30 00:00:00
ed0e7f24f9eadad43edce801270a981e,7958e417392cc47d4c91b93ee0aeaa39,delivered,2017-08-01 17:56:12,2017-08-01 18:05:20,2017-08-02 14:17:42,2017-08-10 19:24:33,2017-09-01 00:00:00
53d01d5ea7c4979fe175f37286263091,fbfa1608aed1d6338521b72305116529,delivered,2017-02-05 23:26:45,2017-02-05 23:35:14,2017-02-08 11:05:56,2017-02-23 20:45:54,2017-03-03 00:00:00
3ea1b4858d6688d2e95448944536e6ea,ce3e30e0a69d1fac23013ad343cb5727,delivered,2018-01-10 20:57:32,2018-01-11 20:52:23,2018-01-15 17:57:01,2018-01-28 12:06:54,2018-02-05 00:00:00
cc91c60e003377485d9ab615895c9052,8c76491f42727034c617511392c0ae46,delivered,2017-10-29 08:35:40,2017-10-31 04:07:20,2017-11-03 15:27:13,2017-11-14 02:24:54,2017-11-17 00:00:00
fad50f5d61cd24d316352c44508b6ef9,ef39d759940cb4a9c2659c802164e393,delivered,2018-05-01 20:04:48,2018-05-03 04:52:36,2018-05-03 14:10:00,2018-05-08 14:36:49,2018-05-21 00:00:00
589a75d918fe423a0cef1540688e2705,0a10f2469747884fb49105c75f609257,delivered,2018-02-13 12:38:48,2018-02-13 14:35:25,2018-02-14 12:12:00,2018-03-01 00:59:03,2018-03-09 00:00:00
c3483e54e973d333c6365c217f4422b9,2c000709cd9668216a4c418dd4be9391,delivered,2017-11-28 15:52:13,2017-11-28 16:17:48,2017-12-01 19:29:07,2018-01-12 21:46:46,2017-12-22 00:00:00
90ec7e058a164b8dccce02591de2f99a,362bebb0ae1bae65c56e89f183346627,delivered,2017-02-15 12:03:50,2017-02-15 12:32:17,2017-02-21 09:05:27,2017-03-06 14:05:11,2017-03-29 00:00:00
be56cbf6122c89bff90a40a8d82a0288,5b13b24421f95935c8726fb5a15a00e7,delivered,2017-09-13 22:32:52,2017-09-13 22:44:06,2017-09-14 19:00:13,2017-09-20 14:47:31,2017-10-04 00:00:00
7157fd8b253bcba337ae46c9f0e10476,c1622509d879cc1ff9c0e10c340a3fcc,delivered,2017-08-06 08:22:12,2017-08-06 08:35:17,2017-08-08 17:02:42,2017-08-14 20:11:57,2017-08-29 00:00:00
29c7811622a48f352c1ad6ed24f6936c,d86a0beabd6581b04d8b125d230c955e,delivered,2017-07-20 10:25:46,2017-07-20 10:35:18,2017-07-24 20:46:06,2017-08-01 20:59:56,2017-08-11 00:00:00
dc53168ed84c77eb9eb18a8026bc393b,6fd1799158e0e89e413a22b93a94d6eb,delivered,2018-03-01 19:41:54,2018-03-02 15:12:18,2018-03-06 15:58:54,2018-04-04 19:28:37,2018-03-21 00:00:00
f7bb6bf5a28b347af13018a4b21ced6d,01206a881130146c337962e714f06d66,delivered,2017-07-12 22:37:59,2017-07-12 22:45:15,2017-07-19 18:19:36,2017-07-24 15:15:58,2017-08-01 00:00:00
994138db2313a294b3d23c7cf6ee7389,705e036ad050f41b861c6284af74090b,delivered,2018-01-23 12:34:03,2018-01-23 13:01:14,2018-01-25 02:35:35,2018-01-31 22:38:12,2018-02-16 00:00:00
6d8660f8e645acd678cc75068d4fbcf0,ea3a22583524fd4920f5e3caf9d50968,delivered,2018-02-06 15:18:57,2018-02-08 07:50:25,2018-02-09 23:28:59,2018-02-20 23:54:30,2018-03-13 00:00:00
b6713a6dc00fb0473d12bd8b08a88cd0,46da9ad64162a07e5830310786802dd1,delivered,2017-10-31 17:54:25,2017-10-31 18:10:56,2017-11-07 00:46:43,2017-11-13 14:04:53,2017-11-14 00:00:00
9a9c8bac5de91ca285c8224b5abd58ae,d8be51d4139b593eadb40bcb184f6c8f,delivered,2017-11-28 16:21:58,2017-11-28 16:35:26,2017-11-29 23:16:41,2017-11-30 12:59:04,2017-12-12 00:00:00
ce11340d59020c4c840f12096c81b609,3a7f59bfd23506b1997a224724044691,delivered,2018-04-09 13:17:12,2018-04-09 13:30:25,2018-04-10 20:21:26,2018-04-25 21:59:36,2018-05-04 00:00:00
afced00eb2f0134a2c5173999ca5086d,800967a7a5167197fb9b1d50a2ef8075,delivered,2018-02-05 10:21:07,2018-02-06 10:30:10,2018-02-07 20:42:33,2018-02-21 02:04:48,2018-03-13 00:00:00
c7a5d101d4b6ed70eacc97c78158eadd,9d109a169b7b88405b214e976c6039e7,canceled,2018-02-01 19:08:48,2018-02-03 02:53:37,2018-02-06 00:49:39,,2018-03-02 00:00:00
ac11d10a9d24794506b10133391eaf2f,ae8114bdde5d84caebb6e3a3a74a0c03,delivered,2017-03-26 21:38:48,2017-03-26 21:50:22,2017-03-28 10:03:28,2017-03-31 06:22:16,2017-04-20 00:00:00
4d938cb9756669aa9adb5e4e06db4850,ee9f244fe735d376a5a7a755431cd494,delivered,2017-10-09 13:29:10,2017-10-09 13:49:19,2017-10-09 20:28:21,2017-10-18 20:35:26,2017-10-30 00:00:00
273839c63013993629b3cad503bc92f4,a9a1cd2b24b0c26d1aced20c9ace4e60,delivered,2018-03-22 18:29:09,2018-03-22 18:47:34,2018-03-23 22:48:45,2018-04-03 21:54:45,2018-04-20 00:00:00
359d397d63a00fc9587ae56bd9e5479e,0311e8645872f2e940fcdbd0373e8ef3,delivered,2018-01-14 15:33:16,2018-01-14 15:48:30,2018-01-15 15:46:59,2018-01-26 09:39:26,2018-02-08 00:00:00
cb12d32a82abfd6f2d13581b3c8e3e80,64554a77585a29ee9773f11065b33f15,delivered,2018-08-15 17:01:48,2018-08-15 17:15:18,2018-08-16 15:41:00,2018-08-22 21:51:58,2018-08-27 00:00:00
c5138f289232734a71dc949e763c3dc1,6f97b0bb3562fa8dd719853be952a360,delivered,2017-10-12 23:38:06,2017-10-12 23:49:19,2017-10-13 18:27:34,2017-10-30 21:59:40,2017-11-03 00:00:00
2e24930adf68f4ce65ad35e0f23f08ee,dccf3db0a9cf098d12b4c4addd47de01,delivered,2017-09-10 13:35:37,2017-09-10 13:50:08,2017-09-18 18:51:57,2017-10-13 18:30:02,2017-10-11 00:00:00
fe51b08eff082393ace3cbc822e4d33b,d3afdb90978c6c51e32a939b9300a7fb,delivered,2017-12-18 21:27:38,2017-12-18 22:32:00,2017-12-20 20:17:46,2017-12-27 14:19:49,2018-01-15 00:00:00
903bf628219e968e070f205a97500735,15597c6e1060d323ac01f89a332903d7,delivered,2018-06-04 16:01:51,2018-06-04 16:15:22,2018-06-05 11:07:00,2018-06-12 19:28:24,2018-07-05 00:00:00
df7f8e668092abf15eef89b947ba2ef2,abbeb6ed95fec1971a0502dbc128470b,delivered,2017-07-26 19:17:40,2017-07-26 19:30:18,2017-07-28 19:19:00,2017-08-02 15:57:03,2017-08-24 00:00:00
9b1936414d93398380f940b3f86edb5b,701f4ca7c23a770c833db304d7906b24,delivered,2017-09-24 19:21:57,2017-09-24 19:30:23,2017-09-27 16:48:20,2017-10-03 18:15:59,2017-10-19 00:00:00
72ac9b27dfe6809898729ee40dd3e353,79adcf02229a33e78f0f5412a2434f53,delivered,2018-05-02 21:45:22,2018-05-02 22:34:48,2018-05-04 12:10:00,2018-05-11 18:37:39,2018-05-30 00:00:00
b49998737b7359ebe1b64b0b7ffb20f6,d46d7edbddcff60db4428ed88fd33dfc,delivered,2017-01-20 16:27:25,2017-01-20 16:41:55,2017-01-23 11:06:31,2017-01-26 16:24:02,2017-03-01 00:00:00
6297b306b33b7a9028dfaa203b9742a3,371b2f2745e80d677eba83ffbe8df74a,delivered,2017-09-12 01:29:49,2017-09-12 01:44:09,2017-09-12 17:19:39,2017-09-28 20:17:55,2017-10-13 00:00:00
ec88ef2191b5e44c70cd7fc05d9b5e95,373e936792314f96a1e0ac22efc99414,delivered,2018-07-31 19:27:37,2018-07-31 20:04:09,2018-08-02 17:46:00,2018-08-14 16:29:03,2018-08-28 00:00:00
cc2b671ecddacf155dfff5f460a2e9b5,78ce8956f81efe3cc1fdad3544381d20,delivered,2018-08-19 14:48:26,2018-08-20 12:11:19,2018-08-21 13:53:00,2018-08-22 20:58:44,2018-08-29 00:00:00
d71107a6731127052448382e44f602ad,321eaf610c1ff5d6c82a5069ab9b820b,delivered,2018-08-16 10:28:08,2018-08-17 03:15:27,2018-08-17 12:31:00,2018-08-22 17:32:56,2018-08-28 00:00:00
06da8e499e3e6c47151b945f8c9eaab3,b12bae899f1c75498d7c096e41acaeb2,delivered,2017-06-28 18:09:28,2017-06-29 18:23:46,2017-07-03 18:03:38,2017-07-04 16:12:24,2017-07-11 00:00:00
4587cee7619ccea5e9958dd64fe2db8e,942caba7c609eaeab06100f10e3fc4d6,delivered,2018-08-10 16:28:31,2018-08-10 16:44:34,2018-08-13 16:09:00,2018-08-15 19:48:45,2018-08-22 00:00:00
166e8da2582560e757c1c41e4a4148c7,221624054ca47ae560a9af1059268c30,delivered,2017-09-19 22:16:32,2017-09-20 01:38:17,2017-09-20 21:27:55,2017-09-27 17:43:27,2017-10-10 00:00:00
52b146f0c6613581ac31bd5c03646865,95641fccbbcbf2d1dcf51931ea95382a,delivered,2018-04-15 20:46:13,2018-04-15 20:55:33,2018-04-17 00:12:24,2018-04-19 00:14:45,2018-05-03 00:00:00
96c31596f5df2ec1fc71f5849a903305,a8c3fafec23191001361449ed1b163be,delivered,2017-08-28 17:01:32,2017-08-28 17:15:19,2017-08-29 16:55:03,2017-09-01 20:32:45,2017-09-15 00:00:00
e8a923aa92f0c87c9bfcd7be05546918,b53c5c797073ad259f5b41027d9ba925,delivered,2018-03-07 13:11:37,2018-03-07 13:33:31,2018-03-08 15:23:01,2018-03-19 23:42:17,2018-03-19 00:00:00
792aa3f0da2e24c9df178369950f2d13,3b4f7be4dafb7e86ff361b032f410ac0,delivered,2018-02-11 00:55:30,2018-02-11 01:55:20,2018-02-14 23:42:27,2018-02-16 13:48:37,2018-02-26 00:00:00
a2a4c95d100c7e658d167a0d989407e5,ebe7a67ec7942e3ab5f579305b245b7c,delivered,2018-04-15 22:04:17,2018-04-15 22:15:20,2018-04-17 12:31:58,2018-05-15 22:25:56,2018-05-23 00:00:00
2f2bc2963a401290d92ba5b49f52f98f,d2381384b32c3ea2127ff775858a3fea,delivered,2018-04-17 23:20:44,2018-04-17 23:35:14,2018-04-18 23:18:29,2018-05-04 00:47:33,2018-05-18 00:00:00
45209aac6a969b88fd706d4e10804b8a,15515c398e52f41ea2dd84fb77461e56,delivered,2017-06-22 21:56:08,2017-06-22 22:05:16,2017-06-27 15:47:13,2017-07-03 15:29:54,2017-07-26 00:00:00
595b8ad8e65f0fcde27e156318750e02,87e5a2daed4f5a2bad7643086d6b3150,delivered,2017-06-12 22:20:33,2017-06-12 22:35:27,2017-06-14 15:52:15,2017-06-19 18:17:52,2017-07-05 00:00:00
98f0aebfebbcb44cfb1e1057ea15099e,1981af410fe5233cb4eb0e6708a3765b,delivered,2017-12-27 16:58:32,2017-12-27 17:10:20,2017-12-28 21:21:56,2018-01-29 20:56:12,2018-01-31 00:00:00
19b6a2b67dc4c2f7cd5bad41395c42cb,2fe8e52fd791b40d67606f946c3a88ae,delivered,2017-03-13 11:42:53,2017-03-13 11:42:53,2017-03-17 14:28:02,2017-03-27 17:18:32,2017-04-07 00:00:00
c05f8f8d85ec06af1b5de0baa7050f4e,97ac197efaaa8d142ed342ebe6a27365,delivered,2018-08-11 10:12:59,2018-08-11 10:25:13,2018-08-14 10:08:00,2018-08-15 17:39:02,2018-08-21 00:00:00
8a20690ced594f1b8937e869026ccc89,0519065c0feb8da6ca9bd475784540c1,delivered,2018-08-19 18:39:49,2018-08-20 12:50:44,2018-08-21 15:14:00,2018-08-22 23:40:42,2018-09-03 00:00:00
8b426ff8aa1c03dc173f1270133b408e,9840a2dfc996cade0dce0f64be44ecb8,delivered,2017-08-11 21:59:06,2017-08-11 22:25:10,2017-08-15 12:58:08,2017-08-22 21:38:12,2017-09-04 00:00:00
851b8de268e532c930dc8f315d1434d0,ea8b0305292d6ec9236d154b122707ea,delivered,2017-10-20 16:31:11,2017-10-20 16:50:11,2017-10-23 20:21:22,2017-10-27 18:33:20,2017-11-10 00:00:00
3f84b0049b0be014bde59429ca8267fc,71882d714a4b6d1302fe9535174a0100,delivered,2018-08-17 16:49:49,2018-08-17 17:30:06,2018-08-20 15:02:00,2018-08-30 21:22:43,2018-08-23 00:00:00
d8e266265b5aa8df57f13a4fe58ee38f,b2939ba60688ad38a646e5ad35052707,delivered,2018-02-11 15:10:19,2018-02-11 15:27:26,2018-02-26 10:45:10,2018-03-08 17:33:42,2018-03-14 00:00:00
e96f4349b4def654f003437cb0666374,dfc2362ea6ca4f00859a423f238e632a,delivered,2017-03-14 20:48:58,2017-03-14 20:48:58,2017-03-15 09:38:58,2017-03-23 18:27:18,2017-04-06 00:00:00
c47017ce1917964174d4b2b7d73dd0eb,ffb17239ca39724cfadc2b50d510f10d,delivered,2018-04-13 11:16:58,2018-04-14 11:12:31,2018-04-19 18:02:58,2018-04-24 00:41:14,2018-05-09 00:00:00
5c5dbf7439be3806b599476ff0264276,7b04de8a33e536fbb4d6a69451277537,delivered,2018-08-18 13:33:20,2018-08-18 13:50:03,2018-08-21 08:19:00,2018-08-24 20:12:06,2018-08-31 00:00:00
2a9748c25bff8d93dd13a28eced24db9,0edba6ec24c2864c865aa7330cf297dc,delivered,2018-02-26 22:06:45,2018-02-26 22:28:21,2018-03-02 19:07:44,2018-03-17 00:32:30,2018-04-04 00:00:00
fd95c34a9c3218bafb1835cf55a5ae74,52fe9b2ae4107a4c19d92cc574a1275c,delivered,2018-08-09 12:23:04,2018-08-09 14:35:32,2018-08-10 15:06:00,2018-08-14 18:08:42,2018-08-14 00:00:00
32e48287f7d1ed208755d25cc12077bc,6e8d3eea6c3d2b4423f137f3ee3068d8,delivered,2018-06-28 23:47:29,2018-06-28 23:55:07,2018-06-29 14:02:00,2018-07-05 16:57:38,2018-07-30 00:00:00
6f6bef4f457d0f672f90f3922db69090,ce0d13bd16594f391199f2413a85a5cd,delivered,2017-12-06 00:06:18,2017-12-06 00:14:29,2017-12-07 18:29:27,2017-12-20 17:55:11,2018-01-03 00:00:00
d6e8c00fe3761c680d73781f517b7e63,ba54cfc321d2626f125c2b07f1aeaa89,delivered,2018-07-05 18:21:08,2018-07-05 18:35:13,2018-07-06 11:33:00,2018-07-13 18:11:17,2018-07-30 00:00:00
e1f19495005161ca887eeb4b7cf3332d,074b92f6fc71f14f11bfa7c664136c8e,delivered,2017-02-11 20:02:31,2017-02-15 11:32:01,2017-02-20 15:58:50,2017-03-24 15:03:49,2017-04-07 00:00:00
e75b1f78d337cb36abc23dfd50d649de,9497c977e59506e4cc2e0f3094a3ca3d,delivered,2018-05-13 20:10:38,2018-05-13 20:32:25,2018-05-14 14:10:00,2018-05-21 15:21:12,2018-06-08 00:00:00
bdc82a7dd7a5afa642e590e280475da0,33dc04a1e7c748a2722c3f87f5b23416,delivered,2018-07-28 13:27:34,2018-07-30 16:05:17,2018-07-31 11:58:00,2018-08-09 18:27:50,2018-08-20 00:00:00
d7cc5fcfee9af53fcd78bb47e4e55584,6c081dfe77db2d63f336f33043f0036a,canceled,2018-01-27 10:22:47,2018-01-27 10:36:19,2018-01-30 22:24:41,,2018-02-20 00:00:00
aafd24ce72f716e644f9d4012e1afcda,f8342792b37394f1efe85d0e78ae1775,delivered,2017-09-13 13:04:05,2017-09-14 13:15:12,2017-09-14 21:02:47,2017-09-21 16:05:45,2017-10-06 00:00:00
63a0e19325e063aabcb6d25bc5223d5c,77cd9974fb0d6d686e5f69e13b621419,delivered,2018-07-31 23:03:31,2018-07-31 23:15:18,2018-08-01 09:14:00,2018-08-02 13:58:46,2018-08-06 00:00:00
9db7dba87b057d3eca3bcb6c671a9557,cf87fb0da5a0c81e2837bf2a7f3619fd,delivered,2018-01-26 18:42:00,2018-01-26 18:53:25,2018-01-30 16:03:54,2018-02-06 20:46:53,2018-02-20 00:00:00
39f91df7a4dc89c3ad5fc7ebf794f3d4,af37bca8ff1fece07b46d92c0ed306af,delivered,2018-06-14 11:30:48,2018-06-14 12:00:25,2018-06-14 13:56:00,2018-06-20 15:57:24,2018-07-19 00:00:00
753a3deab4eed64bb300591cb01874b3,c2707c8fb97cae32e395d91109cf58dd,delivered,2018-04-21 19:58:09,2018-04-24 18:58:32,2018-04-23 17:08:51,2018-05-24 21:16:35,2018-05-29 00:00:00
92e9fd4b71a068595476e2490bb24acd,8dc575d88d1a84663a281b0acd9dd168,delivered,2017-10-31 19:27:25,2017-10-31 19:35:21,2017-11-01 21:33:17,2017-11-03 23:49:51,2017-11-08 00:00:00
0dba8cb0559eb37cc0217a28496b5f07,f6243ddedb1bf96ae357422c43bb883b,delivered,2018-01-09 22:50:43,2018-01-10 10:32:05,2018-01-11 17:43:29,2018-02-28 23:48:36,2018-02-09 00:00:00
4ec3c9f805653722ef9965b81ffe924c,163fce777143335f91e6fe8b2c3b960c,delivered,2018-03-20 14:33:00,2018-03-21 02:49:08,2018-03-22 19:58:35,2018-03-28 19:42:07,2018-04-02 00:00:00
7f01243bfbb619e73796571192245fce,bf2f941a497aa93ace6c2dc0b55984a7,delivered,2018-08-23 14:14:37,2018-08-23 14:25:56,2018-08-23 14:10:00,2018-08-24 15:58:33,2018-09-04 00:00:00
b63843e9d44be8b60cb77879340c52fc,d3f9696555a002ce1122aed28448bc4e,delivered,2018-02-24 20:24:01,2018-02-27 03:31:07,2018-03-01 21:41:28,2018-03-21 19:38:37,2018-03-22 00:00:00
d54e41bc912d847f8e635a72f7aab29f,d9efd74a15c05da6c45fa60f5ef55ca1,delivered,2018-03-15 16:24:58,2018-03-15 16:48:54,2018-04-02 17:12:35,2018-04-11 13:53:37,2018-04-18 00:00:00
7122be37b1b21797619ed0a6cf64f043,35cc79f94883e64adef77f344e09b7ec,delivered,2018-04-09 21:35:35,2018-04-10 21:35:17,2018-04-13 15:03:18,2018-05-09 22:47:31,2018-05-08 00:00:00
02a001cb5f40b1fee4f0375c89cce463,f6268d33d76b777b9a9c8a2c7c781214,delivered,2018-04-14 08:49:33,2018-04-17 05:55:47,2018-04-17 18:33:42,2018-04-25 18:37:24,2018-05-09 00:00:00
6f70c9c5361a39744c5259adbec283e0,f0e5ba2801f71fcacc64a4d6b197a2dd,delivered,2017-06-15 18:50:26,2017-06-16 18:45:07,2017-06-19 17:14:01,2017-07-21 20:42:56,2017-07-14 00:00:00
4b47ca7c3201379f99ee4c1f4d0c80b0,ad3251051c6981b78a714268f03e4e4a,delivered,2018-03-06 17:42:44,2018-03-06 17:55:26,2018-03-07 23:19:10,2018-03-22 15:41:14,2018-04-03 00:00:00
30a5599988bbbbed7e082d19cb225431,a47b519c7d781b447d2fc8314fb7fd36,delivered,2017-10-08 10:33:56,2017-10-08 10:49:20,2017-10-09 21:37:30,2017-10-18 19:55:53,2017-11-07 00:00:00
f48b0e16f86dbb29cbbaba5a05506a3b,96a3b1637f1cdf5e1bd78f05f1da190b,delivered,2018-05-12 17:01:57,2018-05-13 15:51:55,2018-05-16 15:51:00,2018-05-18 18:25:33,2018-05-24 00:00:00
a3032220da3f83acf7fa0db99dc28804,a5c75f2a835d91d32a32cca335ee150c,processing,2017-02-01 09:24:38,2017-02-01 09:41:04,,,2017-03-10 00:00:00
5874a902f1718385ee6ec11b4745d642,8763d381b85d6020fdd0b178c516af18,delivered,2018-07-11 13:33:45,2018-07-13 03:05:20,2018-07-13 19:02:00,2018-07-14 14:58:44,2018-07-20 00:00:00
c39414c195d0f94c9d9c35e7c6ed4f1a,0dac2ac6dcbbda827846734c0dc2dde6,delivered,2018-08-01 11:57:29,2018-08-01 13:00:13,2018-08-09 15:39:00,2018-08-16 15:51:53,2018-08-28 00:00:00
6f8585475f12817c49274a1163f2cf87,77b93a183e00c4e4fb15b03427b11e65,delivered,2018-01-25 18:09:47,2018-01-25 18:20:13,2018-01-26 22:33:20,2018-02-10 00:22:59,2018-02-23 00:00:00
2e4899499b2a58836683747b7375d7a1,9b5af827b98640ceb1b528f07e0ea99b,delivered,2017-12-02 01:14:27,2017-12-04 01:15:31,2017-12-06 23:32:33,2017-12-29 20:52:12,2018-01-04 00:00:00
d8751e37cdb2166fa6df8a8ebc346768,65a23aa6cfab2172891731a229c0958a,delivered,2017-08-25 15:24:20,2017-08-26 02:24:30,2017-08-31 15:19:13,2017-09-14 18:44:47,2017-09-19 00:00:00
1636a9053d37c67f6463b90121fa81cc,0c409eadf7461d9e02860a7015a3f52b,delivered,2018-06-12 10:31:26,2018-06-12 11:00:14,2018-06-13 11:55:00,2018-06-20 00:32:04,2018-07-12 00:00:00
15e5d4cea5f386d7f1d2d2600b830aae,f38b631144009fc4075dad5b22d13163,delivered,2018-02-04 19:12:13,2018-02-04 19:28:56,2018-02-15 19:35:39,2018-02-21 22:43:20,2018-03-01 00:00:00
5ce2164977d6b13244196d9b0086d4f5,5e5246e426d3700d8b5b5e2ec76fbaf6,delivered,2018-04-15 15:57:12,2018-04-15 16:10:01,2018-04-17 21:03:43,2018-05-11 23:20:50,2018-05-15 00:00:00
ebea454f1c906682ce99e01f407a77b4,8dbe09013a08fbc2ae19dea00cd7d183,delivered,2018-06-01 17:31:17,2018-06-01 17:53:16,2018-06-04 13:17:00,2018-06-20 15:27:36,2018-07-16 00:00:00
ed2e531820c09c6a5dd68fe295484148,4e157f7a1f67d7f847355a56eadf0512,delivered,2017-11-24 09:58:53,2017-11-24 10:33:30,2017-11-27 17:25:06,2017-11-29 16:51:59,2017-12-15 00:00:00
281312c1f75aca1051527291272b4b46,2ca3e71ac73842efb5a0a9670f8770f3,delivered,2017-12-01 20:24:52,2017-12-01 21:24:01,2017-12-13 19:16:36,2017-12-22 18:08:58,2018-01-08 00:00:00
e95de39b06926e7e123cb18e3a99dbf7,1e02ab3ce71522db7370acdae82e6b64,delivered,2017-11-24 07:23:43,2017-11-24 07:32:24,2017-11-29 17:37:25,2017-12-11 14:58:38,2017-12-14 00:00:00
7ac7aa6251f124754c968e2a83346b96,215c61c4b363ec63da749d67a6b6bd59,delivered,2018-06-11 19:23:28,2018-06-12 04:35:42,2018-06-12 14:02:00,2018-06-13 19:57:52,2018-06-20 00:00:00
b13cadb185f2bb978f8d4395bbdb496a,de20529d4629622a69496c7a396fa573,delivered,2018-06-23 12:21:42,2018-06-23 12:34:57,2018-06-25 13:18:00,2018-06-28 13:28:45,2018-07-19 00:00:00
8704f37bae751578cdec362f48c61232,262d7e8f0907b9d31c145b04e46d6a5e,delivered,2017-12-13 21:19:54,2017-12-14 07:12:37,2017-12-14 23:42:43,2017-12-22 18:24:57,2018-01-08 00:00:00
4134453ac6de03395610be89e3e305c2,98b731f8c2cb8048f3c7cdcab2b28857,delivered,2018-04-07 11:47:56,2018-04-07 12:08:19,2018-04-10 23:37:44,2018-04-16 15:28:38,2018-04-25 00:00:00
b469d27d92d32ac0ddb615a295f2e9c4,c941ef68ec553525cb764b07bfd3d650,delivered,2018-06-06 14:14:13,2018-06-06 14:35:36,2018-06-06 14:37:00,2018-06-07 23:12:20,2018-07-03 00:00:00
3b8163585696cb14f0e7c8183bb91339,596115f3401ce7826f03ca7c3d81392a,delivered,2017-11-09 20:11:46,2017-11-10 20:27:03,2017-11-14 14:50:21,2017-11-18 16:03:03,2017-11-30 00:00:00
66a4f881071503b0efc571b88e98b201,978390b7c4973537ff9cf45bb02c238f,delivered,2017-08-18 16:36:40,2017-08-18 17:04:52,2017-08-21 14:15:39,2017-08-29 22:03:12,2017-09-12 00:00:00
ec16409eb3a4bea9c172e550736b8520,5dfe4507f0c131cc7ffe946826effcd3,delivered,2017-11-23 09:48:16,2017-11-23 10:10:58,2017-11-24 18:33:08,2017-12-05 22:15:15,2017-12-20 00:00:00
5c56c7880cf0e335803dca7a7605b5a4,9ac12e07662978499ada1939080a0ea0,delivered,2017-11-28 11:39:54,2017-11-28 11:58:35,2017-11-29 22:03:32,2017-12-12 01:53:20,2017-12-19 00:00:00
3dc3012f8b35d3e48e9a5537d549986f,3f4e232392aebfd6eba1b4e785120bf4,delivered,2017-04-19 20:41:13,2017-04-19 20:50:19,2017-04-20 14:47:34,2017-05-10 10:33:43,2017-05-11 00:00:00
c3aaf1005cc94a2f5efdf91212caa0b0,5c2462d7cb2ace0d8725188fbdcafb8d,delivered,2018-04-22 08:13:03,2018-04-24 17:27:25,2018-04-26 08:19:00,2018-05-07 12:08:35,2018-05-23 00:00:00
77a2e7c36ffbd077e377bba2f76eec9f,22ec2f799a051918197fc8e40b1c32d9,delivered,2018-01-30 06:31:48,2018-01-30 06:53:08,2018-02-02 02:41:10,2018-02-25 14:45:00,2018-03-02 00:00:00
9690a873af5482db61b7058fa595dd66,d51275c3f827119f0c5ef28ea4709b66,delivered,2018-01-16 04:58:18,2018-01-17 03:38:55,2018-01-20 00:48:28,2018-02-05 18:48:28,2018-02-20 00:00:00
d488e23d53c0d0e97d2e7ad942e5ecde,e2f3bdd671302392256e51000b2bd84d,delivered,2018-05-07 11:44:26,2018-05-07 18:10:15,2018-05-09 13:58:00,2018-05-28 21:07:02,2018-05-30 00:00:00
c681ff4f379711268d40128c1c2156a2,c0e06ed119571f26636e79f93bc2c03a,delivered,2018-01-25 15:12:28,2018-01-26 21:58:38,2018-01-29 22:35:48,2018-02-05 18:48:32,2018-02-21 00:00:00
4610355b7b9a4c4d4c176acaf273b7e2,cbc69ea8e3b1fdb3cbc421f7d3f72fc1,delivered,2017-05-11 10:17:37,2017-05-11 10:25:23,2017-05-16 11:22:31,2017-05-24 08:37:41,2017-06-05 00:00:00
801314f233a6117edb05a2c9dec436db,ae97ff778d5b40f6848124bdfed21ae8,delivered,2018-04-30 09:20:24,2018-04-30 09:35:54,2018-04-30 15:24:00,2018-05-03 16:38:38,2018-05-15 00:00:00
a17a8c999619b6b4a7aec9d534cd56f2,c92a01ce2c9436e5473dba82a852c409,delivered,2018-05-16 14:45:27,2018-05-16 15:17:54,2018-05-17 14:38:00,2018-06-04 17:48:57,2018-06-14 00:00:00
94b85615d0bf9757c6a3b1a20be1a9cf,5738d0a3932e3ae32a2169b9040e5c0b,shipped,2018-05-14 09:17:04,2018-05-14 09:32:25,2018-05-17 14:11:00,,2018-06-04 00:00:00
613aa65ab0ca25bcfc8ce3812cafae2d,b86db8a0e327bc29efcf285830f21dfd,delivered,2018-06-22 21:10:38,2018-06-22 21:58:26,2018-06-25 12:44:00,2018-06-27 11:06:42,2018-07-20 00:00:00
98e109d3f1db912647c2140cdee13836,018447394d87c7921d8ee1fb40d91d90,delivered,2018-08-19 20:04:32,2018-08-20 13:10:11,2018-08-21 15:01:00,2018-08-30 18:41:55,2018-09-05 00:00:00
e6bcb00ca5426e9d00b50f8eeee367c7,2fac2e14733a2deb5e7b5973ff95b115,delivered,2017-06-18 22:02:41,2017-06-18 22:15:29,2017-06-29 16:47:24,2017-07-04 15:50:21,2017-07-14 00:00:00
af9590febcbcb2c619ddf09330abc567,8346ee415c6478f424a155b23d6dfa5e,delivered,2017-11-10 16:31:07,2017-11-11 02:50:37,2017-11-17 18:26:42,2017-11-25 13:37:05,2017-12-04 00:00:00
0dd13170e2f12871b1e007e5fcf6e944,2d0f20a9ebf453e188503754e69dd347,delivered,2018-02-27 17:39:57,2018-02-27 18:09:59,2018-03-02 17:56:38,2018-03-28 17:17:37,2018-03-22 00:00:00
b04719a0e9a9c2cb394b7ef1f0ec4b01,a3a212b842336eff11f74d947fe2e2a2,delivered,2017-02-09 21:47:48,2017-02-11 02:45:33,2017-02-14 16:41:30,2017-02-16 12:53:58,2017-03-08 00:00:00
302e20550af8f4aa30223f3cabcc14c0,07d1bea83eca0a2a6c133046390947fd,delivered,2018-01-23 13:18:16,2018-01-24 02:52:40,2018-01-24 17:23:28,2018-02-28 14:26:45,2018-02-20 00:00:00
d4168014cf49632d19312aa3385b0dbe,12ff77d2365bf35a17bac92290192bde,delivered,2017-12-19 22:38:20,2017-12-19 23:53:15,2017-12-20 22:29:24,2017-12-29 20:15:33,2018-01-17 00:00:00
ddde14c0021be582f5f7b9ce86b901d5,119e9171d6aad0a5434d342e81fddc6c,delivered,2017-08-28 23:52:46,2017-08-29 00:45:08,2017-08-30 16:21:38,2017-09-14 13:47:34,2017-09-25 00:00:00
2141407f2e7978c2b3404404c6485515,e6a35efc433f99dc6254e33e86a2dd42,delivered,2018-06-27 22:20:40,2018-06-27 22:55:13,2018-06-29 14:32:00,2018-07-04 00:18:55,2018-07-20 00:00:00
dea87e82c0c86203867522c013b7743b,a72dfdf9a18da0ad52689d418656aa33,delivered,2017-05-22 13:04:57,2017-05-22 13:15:08,2017-05-23 09:46:07,2017-05-26 13:43:09,2017-06-20 00:00:00
9460e47bf3fddcb92a2bc8023ae541b2,befe7db992ee0eac08fbf09edf110fec,delivered,2018-08-05 16:31:31,2018-08-05 17:04:17,2018-08-07 15:17:00,2018-08-15 16:08:45,2018-09-12 00:00:00
dc5287133fa7ba014e8083e381bf8270,4516041f4a9ae2a667008481d466cbe6,unavailable,2017-11-11 15:50:48,2017-11-14 04:15:29,,,2017-12-04 00:00:00
afda537d43a9276025c26c4a47347548,717a3a9459f9006f23e24a684be8408b,delivered,2017-07-24 21:38:35,2017-07-26 02:15:23,2017-07-26 16:17:47,2017-08-08 22:31:55,2017-08-25 00:00:00
ca76635b390431657148c4f92d697fe1,a987323541e7aaa37af318af901fbcc7,delivered,2018-08-15 15:35:11,2018-08-15 20:38:01,2018-08-16 13:59:00,2018-08-21 22:24:42,2018-09-03 00:00:00
117555989192fd7b3694c3acaa2bf0b4,7e91cf1ec108d97aa0f276f4c9df8c58,delivered,2017-04-06 19:40:40,2017-04-08 02:50:35,2017-04-12 16:07:33,2017-04-19 13:38:41,2017-05-09 00:00:00
cdf9aa68e72324eeb25c7de974696ee2,272b46feddddc51904608ddd90feee33,delivered,2017-12-13 14:59:45,2017-12-13 15:07:23,2017-12-14 17:37:13,2017-12-22 12:49:55,2018-01-15 00:00:00
942fe6d25e56d372d2f6b5243d900ba5,ba9138e8cc38396b456615cdb000d90c,delivered,2017-08-28 16:19:56,2017-08-28 16:30:21,2017-08-29 19:53:01,2017-09-01 13:33:57,2017-09-26 00:00:00
f1a616a394737d1454797dc162758454,26b68bc7d54ca728caeeeaf3cbc97827,delivered,2018-06-19 12:31:24,2018-06-19 12:58:11,2018-06-19 15:14:00,2018-06-23 17:58:48,2018-07-27 00:00:00
162dfc51ca1b437a56f199501bc7fbda,b0d9b06c52065e10e6dde42ebf6dd9fa,delivered,2018-04-04 08:13:01,2018-04-05 02:28:08,2018-04-05 20:12:53,2018-04-24 17:47:02,2018-04-24 00:00:00
71435a06cf53842e055368f881a38b61,90dae71880786651d4e29dd2b56a54e0,delivered,2018-07-25 15:40:26,2018-07-25 15:55:10,2018-07-25 14:38:00,2018-07-28 18:46:39,2018-08-10 00:00:00
565d193549c110156821ab4e05cb6240,5b68d641f6f6cf9920a7010d6a7cd755,delivered,2018-03-04 00:55:20,2018-03-04 01:09:43,2018-03-06 20:37:03,2018-03-09 16:46:35,2018-03-15 00:00:00
21f9a8ce5872071fed94d64a8cf0f0e9,2efb8069d302dc415415902c3739a93f,delivered,2017-05-05 14:31:36,2017-05-06 02:15:51,2017-05-10 15:27:55,2017-05-25 10:03:17,2017-06-09 00:00:00
fb7f4f9f554fcd3ae98197ab5e81bb53,4013377bc64e177fbd641283c8f7bbd4,delivered,2018-07-23 17:07:05,2018-07-24 08:31:42,2018-07-25 14:24:00,2018-07-26 17:17:51,2018-07-31 00:00:00
a1c70b0fa5138bdf9bea3d78cabdf659,3638a3325d0a96fa162961de63103f7b,delivered,2017-06-20 10:31:34,2017-06-20 10:45:12,2017-06-27 16:37:54,2017-07-13 19:57:53,2017-07-14 00:00:00
66ae6acee37f14260ca1e5b716563c1d,56b9e0cc006e93990785d891e836aa83,delivered,2017-08-30 14:47:37,2017-08-30 15:04:39,2017-09-04 21:21:49,2017-09-15 20:03:50,2017-09-29 00:00:00
80f979599cc3bf88a0d1e1e8ed6a809b,cd0dbdf1e0c62296278fbf3133949247,delivered,2017-05-24 00:03:44,2017-05-24 01:25:25,2017-05-24 14:42:46,2017-06-07 14:12:26,2017-06-22 00:00:00
cc3336764b2bc18f4eaa8f17f86bfd53,bddabc9e266194149ea15a62de9e55a8,delivered,2017-06-11 17:43:18,2017-06-11 17:55:17,2017-06-13 10:09:27,2017-06-17 13:18:43,2017-06-29 00:00:00
e4d07b09a7d7d1c61e31063438ce6e14,859cd8639232f2c23c96004b82df83f8,delivered,2018-05-16 10:10:32,2018-05-16 10:37:25,2018-05-17 11:32:00,2018-06-05 21:04:26,2018-06-14 00:00:00
f20750eceab3ceac5ce19312fd1a12e7,31da376c4c7b0521c09dd837f634f0bb,delivered,2018-04-18 08:26:37,2018-04-18 09:11:32,2018-04-20 16:34:59,2018-04-23 22:07:48,2018-05-07 00:00:00
73b89ce5c0496124b1f1a2850a0bcfae,2d6301078516b5eeb178587aa089841c,delivered,2017-08-08 14:39:34,2017-08-08 17:38:07,2017-08-09 18:47:14,2017-08-22 16:33:21,2017-09-01 00:00:00
3c5c2cfeea91d9a57ac3c979ec6c9d62,d5074eadf84056c1ffc555aa27846171,delivered,2017-09-08 00:05:48,2017-09-08 00:25:26,2017-09-11 20:45:06,2017-09-21 18:53:34,2017-10-16 00:00:00
8bd13dbc62dab9ed07245c7ea355174a,910b83416543090fce576c3a995dac2e,delivered,2018-04-29 00:47:19,2018-04-29 02:15:12,2018-05-10 15:31:00,2018-05-16 17:38:52,2018-05-25 00:00:00
a4bebb3e6a897abebb5afdb45e4c710e,577c74c217aca976789bb195b3f57b20,delivered,2018-04-24 19:09:29,2018-04-24 19:29:30,2018-04-25 15:16:00,2018-05-02 15:41:57,2018-05-18 00:00:00
07d35f516238db3cf2e71da57744922d,6b9c954ac26835161d0f34df89ca1175,delivered,2018-02-04 12:11:39,2018-02-04 12:31:42,2018-02-15 22:58:58,2018-02-21 18:29:17,2018-03-01 00:00:00
f29282bc8841ae8bcb88e357e9a32c57,6fe3e86aaffe0c52d238e4f89950ac1e,delivered,2017-12-02 15:11:46,2017-12-02 15:38:07,2017-12-04 18:30:11,2017-12-20 21:09:46,2018-01-04 00:00:00
651b7b5c39ef65afb938cb9dc649b850,12eb34d4bad35bc05413ad9372c24b81,delivered,2017-11-25 22:32:05,2017-11-25 22:53:43,2017-11-30 15:48:58,2017-12-15 23:36:52,2017-12-27 00:00:00
5f3d74501be6759a29c874abc7442048,f34f65770fa4ed98ee4adfe53eead50a,delivered,2017-12-12 21:41:07,2017-12-12 21:53:30,2017-12-13 17:19:36,2017-12-14 23:48:46,2017-12-29 00:00:00
eb49a7916a6668a17d85eac9a7b73a18,b16623490956836285bed777c5e5c16f,delivered,2017-03-24 11:33:58,2017-03-24 11:45:11,2017-03-31 07:55:58,2017-04-04 11:22:06,2017-04-19 00:00:00
b74bc3b933611bea834fda513928328e,d9e02253975d2de2009e95eb19bd9681,delivered,2018-01-29 13:36:45,2018-01-29 13:57:08,2018-01-30 20:38:00,2018-02-08 20:52:38,2018-02-20 00:00:00
1cfb210fdaf81f98065605323fe31fa3,7d35377fa3e76abaa30c36099cdc7ff5,delivered,2017-12-04 14:45:18,2017-12-04 17:08:29,2017-12-08 22:41:26,2018-01-10 17:59:10,2018-01-02 00:00:00
6da6cf03f09e5b28013185aff13ba6f8,8915665d20d98e8f92b724593bd3297b,delivered,2018-03-02 16:54:16,2018-03-02 17:10:50,2018-03-05 19:29:27,2018-03-06 21:10:15,2018-03-14 00:00:00
4105ca90d9e907e648f52d22593d140c,110a427df61d69706898e38858e075e0,delivered,2017-10-13 16:03:24,2017-10-13 16:30:39,2017-10-18 20:14:03,2017-10-20 21:06:48,2017-11-03 00:00:00
0cb67a1f07ecacac318a6eb35cf4928f,397f66d3001437d1499712eb4e2c8583,delivered,2018-06-09 06:23:04,2018-06-09 06:35:09,2018-06-09 09:47:00,2018-06-18 17:32:53,2018-07-27 00:00:00
318160e821f4c754080f46f95afc1ded,1f71fab0d389e193f5162fde6227fb2b,delivered,2017-10-17 00:34:56,2017-10-18 02:49:49,2017-10-18 18:10:18,2017-10-30 20:16:37,2017-11-10 00:00:00
6d1f16f4ed292206fbeedf3b44e0ceb3,c6e541df5fc7e101c333f2294d63b052,delivered,2018-07-01 14:15:20,2018-07-05 16:07:28,2018-07-03 19:26:00,2018-07-04 22:12:51,2018-07-16 00:00:00
09a12008dce38051d0f39f922b380e05,485a077ad2a0a1d77ab724863b2f50fc,delivered,2017-05-13 00:47:43,2017-05-13 01:03:30,2017-05-17 13:52:41,2017-05-23 10:55:47,2017-06-02 00:00:00
aa7499316c24f7c2126ba470534e1ca7,5ddbfe234c5712f2da02f171c1788783,delivered,2017-11-24 13:19:07,2017-11-24 15:33:24,2017-11-25 11:47:10,2017-12-11 16:33:31,2017-12-14 00:00:00
b6502edb6fe39f81f15fd2e42c725ed6,19625deff53ddd7ae31428185b7469e8,delivered,2017-10-08 21:50:19,2017-10-10 04:14:13,2017-10-10 19:17:02,2017-10-18 20:43:57,2017-11-01 00:00:00
71d1754603b8b9def8a3484a67d5ca3c,f8b8b0008f7233f675ddf06d3da2a7fa,delivered,2018-08-17 19:11:20,2018-08-18 19:09:46,2018-08-21 08:10:00,2018-08-28 19:04:39,2018-08-30 00:00:00
3196a24fc5b538fda8fa7664e74c411d,90bdbd31cdcae315cacf03845a466245,delivered,2017-11-24 13:15:26,2017-11-25 04:54:42,2017-11-30 23:48:37,2017-12-08 14:57:34,2017-12-14 00:00:00
2b091bda8d69a64119fa4ec34147f946,9097e442e65d053fa4a3540c362a8cc9,delivered,2018-03-13 13:06:22,2018-03-13 14:09:14,2018-03-15 23:04:52,2018-03-23 02:08:36,2018-04-13 00:00:00
a7f28fe443db7fc7f6f79297e3a18923,615d41b291075c1c126f20c616625a12,delivered,2018-01-26 11:53:56,2018-01-27 11:56:31,2018-01-29 19:11:59,2018-02-07 11:14:23,2018-02-20 00:00:00
6f497c40431d5fb0cfbd6c943dd29215,5beb36d1757aa17a044222a7d79b9820,delivered,2017-04-01 14:26:15,2017-04-04 05:55:32,2017-04-04 16:19:49,2017-04-06 14:53:18,2017-04-27 00:00:00
cc0f9e4057df851c6911641bf7ea0459,5209b05b5563ed01606cc30cadd672d2,delivered,2017-12-11 19:18:09,2017-12-11 19:30:54,2017-12-22 18:22:49,2018-01-08 19:32:36,2018-01-22 00:00:00
9fa4ce47e1ab92d83988552a89dc3ed8,ed0ff7e1e92ab6fcd67f435c1baeb562,shipped,2017-07-17 17:39:21,2017-07-17 17:50:14,2017-07-20 17:12:34,,2017-08-18 00:00:00
5d9fde36e9b14f9c646577bb073b1486,ffed5d4f6245fe13cd57054621eec36a,delivered,2018-02-21 17:27:58,2018-02-22 02:10:26,2018-02-27 17:05:12,2018-02-28 22:25:06,2018-03-07 00:00:00
1cde9001045df230785548237295c58b,c8bbe53cb751f3c380c8ac856f857b55,delivered,2018-02-09 18:03:47,2018-02-10 18:15:22,2018-02-15 16:43:02,2018-02-17 15:03:11,2018-02-23 00:00:00
07b632a4645a2dba01074abfe4f34c4b,8a7610d26708795a04d4322e018f7f06,delivered,2017-09-18 11:33:17,2017-09-18 11:43:59,2017-09-18 20:37:00,2017-09-19 22:24:52,2017-09-28 00:00:00
01c391e962558d0793e8dd8f6bad0999,54f4686e731120a05f1b88deebcfd894,delivered,2018-02-26 11:19:59,2018-02-26 11:35:26,2018-02-27 23:23:54,2018-03-14 14:02:50,2018-03-20 00:00:00
a951336e450bb85ef1cd906edbcbb270,ffd294eea523f67ee8c743d3a904ee20,delivered,2017-08-16 11:04:41,2017-08-16 11:35:47,2017-08-17 22:06:44,2017-09-08 14:37:59,2017-09-20 00:00:00
59798edc300f7563a9bdf18b2740def9,be1abfd06882c0ee1d45b976da59a494,unavailable,2017-07-05 19:06:19,2017-07-05 19:23:18,,,2017-07-27 00:00:00
b5572b1a9c58d00d3ad345667cd3a0de,a376d33e913d46ab63dc70ed9153a1b8,delivered,2018-03-13 13:51:27,2018-03-14 02:48:21,2018-03-16 01:08:38,2018-04-14 00:04:41,2018-04-09 00:00:00
c78d3864787e5e72f651722a8858d8b6,5ef22afa3412353bb66859d444af4dc8,delivered,2018-04-29 09:46:52,2018-04-29 11:52:00,2018-04-30 16:40:00,2018-05-04 13:41:54,2018-05-23 00:00:00
1aebe3f95567c145e96f6139896e6ea6,a0a09af67bd6ab129e9d5a131f750f9c,delivered,2018-04-24 20:00:51,2018-04-24 20:15:12,2018-04-30 11:33:00,2018-05-07 19:02:49,2018-05-17 00:00:00
c370da0f0fd81902eafd8ed8fbc86804,2dbef7c4fd8693011193adc8ae646272,delivered,2018-05-18 12:04:49,2018-05-18 13:05:34,2018-05-21 18:27:00,2018-05-29 22:51:15,2018-06-04 00:00:00
e13c1d62d9e04a895432ca001f2eda3a,adb818b198a6b8c7286bb9033f7c845e,delivered,2017-06-13 15:49:59,2017-06-13 16:05:33,2017-06-19 19:51:23,2017-06-22 17:02:47,2017-06-29 00:00:00
7752cfbc93594ff73fd8b59c616c4be7,f948127c1046ac5b25e3a009988c2b6a,delivered,2017-04-26 13:31:30,2017-04-26 13:42:28,2017-05-16 12:18:15,2017-05-18 07:30:04,2017-05-18 00:00:00
a5a9c92813961bdaade1939c699dbcc6,8b29e147ab899cbad8c60f9b054de19c,delivered,2017-10-28 12:12:48,2017-10-28 12:45:41,2017-10-30 19:55:47,2017-11-04 15:06:44,2017-11-13 00:00:00
0e8b6c11a73010fcf68119448a6182cb,121c6e0fb5e68761d78dd726a77e9047,delivered,2018-03-14 10:56:58,2018-03-14 11:15:45,2018-03-15 21:32:20,2018-03-16 13:28:28,2018-03-28 00:00:00
37279733a7619c85ddb78e515811e665,e50c141902b23ec63f8b407c3c037b9a,delivered,2017-12-08 16:40:10,2017-12-08 16:54:51,2017-12-12 00:09:10,2017-12-26 16:19:59,2018-01-10 00:00:00
dbe8fba9c7020282d2cf4a214f28a256,0e5a48a44a1fe17dc499eac5a8a72306,delivered,2018-08-01 21:38:52,2018-08-02 05:30:57,2018-08-10 15:41:00,2018-08-21 20:12:50,2018-08-28 00:00:00
b5a04f1a99c4f9be971027e0ee021f95,95faada93c141da94079a8ec0965d02d,delivered,2018-02-08 23:32:36,2018-02-08 23:47:55,2018-02-10 00:28:42,2018-02-19 16:04:26,2018-03-12 00:00:00
cef8a99d7dd7e35db1b3211b258b6550,c8660ee878b885629d78660691d2e8a7,delivered,2017-11-24 18:23:13,2017-11-24 21:36:16,2017-11-27 22:46:55,2017-12-07 22:22:42,2017-12-18 00:00:00
401485117f5375fd119981d95deb2303,517e52d7ed2da8ca45a5d8db2d7d9aca,delivered,2017-07-31 21:44:36,2017-08-01 09:05:15,2017-08-04 20:53:51,2017-08-15 16:29:49,2017-08-23 00:00:00
ef5884d6401ac5bac05aadff9f2aae89,f4042a82b25cc987d5f56c4828af5d10,delivered,2018-08-23 21:39:21,2018-08-23 21:50:14,2018-08-24 13:27:00,2018-08-30 23:05:40,2018-08-30 00:00:00
04cb4d9e4f236cd2d6d42de8f1eea4ae,0c63c9530d251ecd4dcb350537e9ed6f,delivered,2017-05-23 08:48:23,2017-05-23 09:02:41,2017-05-23 10:01:34,2017-06-01 11:40:13,2017-06-22 00:00:00
119060af27b04f5fae8b2b0e27eef7f9,00c5b008c1465e327578fdacf185ccfa,delivered,2018-06-11 14:34:47,2018-06-12 09:31:54,2018-06-11 12:45:00,2018-06-14 22:18:58,2018-07-05 00:00:00
2590e980b10a80b8a69f0120addc6590,63b69c94f2e6d9c7d3ffe290601c526c,delivered,2017-07-17 17:34:59,2017-07-17 17:45:16,2017-07-20 17:42:18,2017-07-27 22:26:38,2017-08-08 00:00:00
f07ffa8133ca1dcbc015a9c0ee98c872,a4eba83fdbc203894a86afba0bc15269,delivered,2018-02-13 10:15:52,2018-02-13 11:00:21,2018-02-19 19:08:36,2018-03-23 18:28:53,2018-03-15 00:00:00
15ec221740e9cec424172caef8dbeeab,d5da921c053c5be5b56d704563f216d9,delivered,2018-04-25 14:33:31,2018-04-25 14:51:39,2018-04-26 14:17:00,2018-05-02 22:26:55,2018-05-15 00:00:00
4fe6cee06467399353cf7a3068d59064,40dac0b6e0b4a82845bdfcf014e84517,delivered,2018-08-02 12:07:11,2018-08-02 18:23:55,2018-08-03 16:17:00,2018-08-10 20:20:59,2018-08-23 00:00:00
3aa0a75931f649d9e3e83aaa9d6a95e7,a2ddc0fbb3e8827c322579d6124b0c6c,shipped,2017-01-14 21:56:03,2017-01-14 22:10:18,2017-01-18 17:58:03,,2017-03-08 00:00:00
f605124d27f2e57fff4d4555277d0dbd,01a672f8689f3c466770ff1883deabe5,delivered,2018-08-16 09:08:23,2018-08-17 03:29:46,2018-08-17 12:49:00,2018-08-22 23:38:40,2018-08-30 00:00:00
92403e7845bd4b2d3d51719fcdde71ca,0fa9101520f0367a281d381dc47e8957,delivered,2017-12-10 20:25:27,2017-12-10 20:32:43,2017-12-12 18:18:53,2017-12-14 22:22:55,2017-12-28 00:00:00
cc3ab641e31e8e235693965d26a49ce4,c30b73483ee7bbfaf54085bd3aec4c9d,delivered,2018-05-07 19:35:07,2018-05-07 19:55:14,2018-05-08 15:15:00,2018-05-15 13:56:46,2018-06-06 00:00:00
85ee0b549c2d6696190c17f5b9be6991,2f78ef832d692748084dce34b2386d99,delivered,2018-03-19 17:25:53,2018-03-19 17:55:43,2018-03-23 23:18:57,2018-05-04 12:58:45,2018-04-18 00:00:00
db52d0bad6e4192503aaeea87004ed6a,f0331bc1c4f9bb06fcbb14170f225284,delivered,2018-03-04 21:38:45,2018-03-04 21:50:29,2018-03-10 15:03:17,2018-04-03 20:52:47,2018-04-02 00:00:00
0ae449254770bfec75a99b8d804e5b10,a89e53e23892b105599b8701f6353a5a,delivered,2017-09-11 20:35:49,2017-09-13 03:24:49,2017-09-13 17:12:04,2017-09-21 02:35:39,2017-09-28 00:00:00
a767765cf25c6fcfd8307499da9205d2,8634716353031b0f8a834143916f9004,delivered,2017-08-05 18:36:12,2017-08-05 18:50:18,2017-08-08 20:49:46,2017-08-15 12:15:27,2017-08-30 00:00:00
4087849bcc671e4fd0e10770daa7bff2,927cd6e9fc974a3b4e48db435890ed8c,delivered,2018-05-25 22:07:54,2018-05-25 22:32:38,2018-05-28 13:56:00,2018-06-04 17:03:27,2018-06-26 00:00:00
0c311ce5790eb3a82cfaf0ab40840730,c99b00c3b4053a8a6159264ad625dea6,delivered,2017-08-13 09:13:02,2017-08-13 09:25:09,2017-08-14 15:11:46,2017-08-18 18:32:12,2017-08-30 00:00:00
09cd0ef00759c25af3a62b31366074bb,aa5e341090958e5111abe3ba75bcfe87,delivered,2018-03-16 08:37:00,2018-03-16 09:07:15,2018-03-21 21:48:48,2018-04-24 15:52:57,2018-04-16 00:00:00
d2875d0fcdf781a26064f20e778831b7,79d0eed454d5d063bb319ade0609434a,delivered,2017-08-29 20:08:13,2017-08-29 20:30:14,2017-08-31 11:07:46,2017-09-05 21:49:39,2017-09-21 00:00:00
28583c5f21217c9d51f9578b37a4b224,de7e11286b6aa5ad93fc02addbb32387,delivered,2017-05-25 09:46:06,2017-05-25 10:03:00,2017-05-31 16:00:28,2017-06-14 15:16:06,2017-06-19 00:00:00
aca2704c3ed5037a3b1c73eeea1ec038,b3e5565254cee458cd39deaf6337e519,delivered,2018-01-27 10:44:37,2018-01-30 04:31:21,2018-01-30 18:43:13,2018-02-19 19:51:22,2018-03-02 00:00:00
e892eede814b151cc44aa21a6ecd1200,8854083a82a0c4ce4cd3d62fd6103645,delivered,2018-04-23 11:07:45,2018-04-24 18:45:44,2018-04-24 22:08:51,2018-05-01 01:58:38,2018-05-17 00:00:00
6ef6c0a23f7f0b6bbe9dfbc5f22b56c6,899400096395390baa4eee908a55dd73,delivered,2018-08-17 11:48:24,2018-08-21 04:50:20,2018-08-24 13:09:00,2018-08-27 20:28:51,2018-08-27 00:00:00
785ed304440ca3ec9d982f8bde46fc54,b0fada20b902133561c8c5f31d3a8b4f,delivered,2017-06-24 16:51:24,2017-06-24 17:05:10,2017-06-26 10:47:11,2017-06-29 15:25:51,2017-07-14 00:00:00
b1d03262cf81d5151e15a73bbde8e22e,66d087bc8114c87ef0f800c00ff2b64d,delivered,2018-03-04 15:38:01,2018-03-04 15:50:33,2018-03-06 22:51:43,2018-03-27 02:18:43,2018-03-28 00:00:00
482cf1efb88b24b4be018896f7070039,9958b0dbac8db6f853f419d14b29f201,delivered,2018-04-06 17:05:04,2018-04-07 02:48:14,2018-04-12 21:41:21,2018-04-24 20:07:02,2018-05-04 00:00:00
c1ccde0003fe02bcbe317d6ca7224419,87f7aa52df0bf228fa5bf39debc47e48,delivered,2017-12-05 16:22:07,2017-12-05 16:43:23,2017-12-06 16:55:20,2017-12-11 20:38:35,2018-01-04 00:00:00
461e8275deb25e6d0a664125a07d3c21,31dd6b1c9b6c27e774c03bd264a29bf1,delivered,2018-05-19 14:25:25,2018-05-19 14:59:42,2018-05-21 15:25:00,2018-06-01 20:46:39,2018-06-06 00:00:00
bc19caab81c394331ef10aa92e337c84,9a52582aa7f51386e0fd0dc17623b0a6,delivered,2018-01-11 08:33:36,2018-01-11 08:50:35,2018-01-15 20:12:47,2018-01-26 21:38:32,2018-02-06 00:00:00
5b14a3d13762f195f8bcefc1c2eb767d,2cfdbfa53cf0e9f4d65280c7bce32bd1,delivered,2018-08-03 14:21:44,2018-08-03 14:35:19,2018-08-03 15:45:00,2018-08-09 18:02:57,2018-09-05 00:00:00
c46a116ac9c84425011f5e56acb66c85,4b5988f858ad9f6e8b3773e13ee2c771,delivered,2018-02-15 19:51:05,2018-02-15 20:26:08,2018-02-16 22:18:28,2018-02-19 23:26:58,2018-03-01 00:00:00
94fae7f49cf020b2696defe2380b2ae2,1ac072a16ec81fe233e85ecf6fe60dd1,delivered,2017-12-21 12:59:46,2017-12-21 13:10:27,2017-12-21 23:03:59,2017-12-22 19:48:00,2018-01-10 00:00:00
e2343a6b5961225ed50195057bd3254f,bc1d354b27648fc53db1cdc1cc7ff960,delivered,2017-11-14 17:11:39,2017-11-14 17:28:46,2017-11-17 18:38:52,2017-11-26 19:06:51,2017-12-11 00:00:00
f20cc6ac66becd9a2a6ed1cdff31c383,b905240579340303440e92a1b8b93d16,delivered,2018-01-26 09:44:30,2018-01-26 09:57:26,2018-02-06 00:38:41,2018-02-15 17:21:44,2018-03-06 00:00:00
3c1bdb3d635a802bc38ca0b87c14f2e5,6d869e6b0b62654adddfa7f8dcc8f2f4,delivered,2018-05-22 09:36:38,2018-05-22 16:58:29,2018-05-23 14:53:00,2018-05-24 18:04:53,2018-06-01 00:00:00
cc94a3db006a9dbbf0a57bda0091d616,fae6990545d4a9103b5c9c7dc6b90cbf,delivered,2018-05-13 17:27:41,2018-05-13 17:52:08,2018-05-15 08:57:00,2018-05-16 21:05:44,2018-05-22 00:00:00
057712e71c25f78b04ba3452284c110b,193754de85c4fb8fa230a4da9b125c66,delivered,2017-12-11 16:30:45,2017-12-12 03:50:23,2017-12-14 22:46:11,2018-01-05 19:40:06,2018-01-09 00:00:00
cb7adcbe8f1cc9dfa83f5bd41d81ec8c,34765ff1d45ff574aba9091a0c4ed223,delivered,2018-03-05 11:51:27,2018-03-06 11:55:33,2018-03-09 23:05:04,2018-03-23 20:06:26,2018-03-26 00:00:00
4cdbb26aa0dc8e7179f33edf59722fa8,07de064ec1b736d53124c6275c05fee3,delivered,2018-07-03 19:29:11,2018-07-05 16:32:16,2018-07-04 14:52:00,2018-07-05 18:21:48,2018-07-20 00:00:00
d8ebb54dcd784b3c09814072db8e36d9,cdc17d8ff181ccde171cc63aa5e6df0b,delivered,2018-05-14 20:55:11,2018-05-15 19:55:25,2018-05-17 14:14:00,2018-06-04 11:06:52,2018-06-13 00:00:00
9668df5c9cd95343e4c6282f85091924,32960cfa578ed22c98c6c039e9c29861,delivered,2018-05-02 21:06:48,2018-05-02 21:19:04,2018-05-03 13:49:00,2018-05-10 00:58:49,2018-05-24 00:00:00
5f308941ed9b7d5b0a5031e2929f17eb,91c4f7387cabb1d7057590321645f0bf,delivered,2017-11-25 23:45:18,2017-11-25 23:52:33,2017-11-27 16:17:03,2017-12-19 21:22:58,2018-01-03 00:00:00
0d2f476fd2a5f059f8b4e36bc04d54ac,82c0faf1ab5df1c5e611354c4ebb2e67,delivered,2018-04-29 16:02:44,2018-04-29 16:15:27,2018-05-02 13:34:00,2018-05-26 18:12:42,2018-05-22 00:00:00
09bc4b63b3a1b631632aebe28d64df0a,075bf71fb03ea50d4da3b57efb26ce30,delivered,2018-02-19 00:26:12,2018-02-19 19:20:28,2018-02-20 20:17:06,2018-03-05 23:51:24,2018-03-14 00:00:00
d55cd104a6a05987a3b55d39c0e77995,47fb4a430082767909a0bc89fa392fe4,delivered,2017-11-29 18:34:29,2017-11-29 18:49:14,2017-12-02 15:34:44,2018-01-16 17:09:31,2017-12-27 00:00:00
c70ddc702499e20988c929a93a3f1c57,e43b292cfcb72251dc4d75a8509db504,delivered,2018-01-05 14:56:40,2018-01-05 15:56:24,2018-01-09 18:59:11,2018-01-20 18:48:40,2018-02-16 00:00:00
18a9c1f948e1b0500785565ef4041b85,60294df5bf9dbd29d781ee731e7d5e0c,delivered,2018-06-21 14:18:04,2018-06-22 02:59:08,2018-06-22 13:59:00,2018-06-28 17:50:49,2018-07-17 00:00:00
a103620b14c5f66c4a0f9c14a1327377,67cca9aa6ff6667f1e6fe8d5f180acbb,delivered,2018-07-24 16:30:02,2018-07-26 05:35:12,2018-08-13 16:46:00,2018-08-15 20:08:39,2018-08-15 00:00:00
e27da7442d05c49f4fa6388704a81663,e1ff709c0e719a336336dda3828c1aa3,delivered,2017-09-14 00:40:08,2017-09-15 13:55:26,2017-09-18 16:39:58,2017-10-04 21:16:14,2017-10-13 00:00:00
c565668594ff62ffd95ef9f06d90742f,0258b86016655dffa67ff624a6f76130,delivered,2017-03-25 19:29:29,2017-03-25 19:42:07,2017-03-27 19:13:12,2017-04-27 09:28:43,2017-04-18 00:00:00
ed5c9b0b7aad77a4b3c8135892ac52c1,a496c62d3354a4274732d5ad5046c75d,processing,2017-04-11 21:30:10,2017-04-11 21:45:10,,,2017-05-12 00:00:00
a4ca973673139ab4959c3af923191c91,7cacaf79f19c5449299fb04133d3bd59,delivered,2017-09-16 20:27:30,2017-09-19 03:38:19,2017-09-20 21:02:39,2017-09-29 20:57:37,2017-10-06 00:00:00
b5c4f14a0dee74d81b66f57da41ef77c,b6e5cac4424fac86b44df6506dc10334,delivered,2018-05-21 11:52:34,2018-05-21 15:06:03,2018-05-22 13:47:00,2018-05-24 01:44:21,2018-05-30 00:00:00
78445aad6ec7d2d58ab2c71c98f99957,fac679dba19bccd29e81192e5427a861,delivered,2017-03-07 14:50:59,2017-03-08 15:03:16,2017-03-10 13:02:11,2017-03-15 14:35:07,2017-03-28 00:00:00
32bdee71c41b3a7d0426d858a8c2d821,0ede6cfaceabeb80e95c8cdad1886821,delivered,2017-12-30 08:20:07,2017-12-30 08:30:43,2018-01-02 20:41:28,2018-01-09 18:54:54,2018-01-24 00:00:00
8fc3ff1d28b1b197058c88cc2d66a07b,e60d2d68c3408aae095b3669023f5aab,delivered,2017-05-08 22:26:43,2017-05-08 22:35:09,2017-05-22 13:58:02,2017-05-26 06:52:00,2017-06-22 00:00:00
e1716f3b568b31f585d5c531d45612d7,1313ac78892aefb0a54731597ca260a2,delivered,2018-08-15 12:05:14,2018-08-15 12:15:18,2018-08-16 13:36:00,2018-08-21 20:31:57,2018-08-30 00:00:00
16c54eb283a375b2b1ae9acc7bc80207,abcde2c2a984e64cee117c3d5375f25f,delivered,2017-12-04 10:21:15,2017-12-05 11:23:50,2017-12-11 23:47:09,2017-12-19 18:28:58,2017-12-27 00:00:00
218ccc84d9bd2cf98f2bc246f70f91c8,0259f74450d401ec64f87ad25aeab874,delivered,2018-07-24 03:07:49,2018-07-25 02:35:08,2018-07-25 14:29:00,2018-07-30 18:03:12,2018-08-10 00:00:00
c471a28c25283860362c67c0a1cd1694,890d848bc09129ea434222a7e2691708,delivered,2018-01-19 01:35:12,2018-01-19 01:55:28,2018-01-22 19:58:28,2018-01-27 01:08:52,2018-02-22 00:00:00
737a52582de776db2631a7d53cb29eed,3f1dfe685c14112652c1765c32c99b95,delivered,2017-05-29 21:06:17,2017-05-31 06:55:34,2017-06-02 10:51:13,2017-06-08 13:03:33,2017-06-19 00:00:00
b76190a2c095fba255ab46987545a660,b15bc400089461a0549f238a6722353f,delivered,2018-01-16 21:55:29,2018-01-17 21:50:25,2018-01-23 22:42:16,2018-01-26 22:52:23,2018-02-06 00:00:00
2e266d1d2bf4cdf6d74ee51b92bab016,b6349bdae88bc7c85c4aeb0cb604dac8,delivered,2018-03-12 22:16:53,2018-03-14 02:50:56,2018-03-15 12:12:42,2018-03-21 13:03:16,2018-04-10 00:00:00
a38dda1569202dafdff4060bf32c811e,2f09f1108ccaedfd8dabcd4956cf863c,delivered,2018-03-21 12:49:21,2018-03-21 12:55:52,2018-03-23 00:40:57,2018-03-31 14:38:34,2018-04-13 00:00:00
32c7cc7d74701f67ffcb3b3a888de86c,4a438a83f19e019e648366017858bad5,delivered,2018-07-08 14:12:21,2018-07-09 14:05:18,2018-07-11 13:08:00,2018-07-13 02:31:36,2018-07-23 00:00:00
f29d4e0699641d77c17eec1fa30099b6,a823dcd9550040aaba9d6602f0d7429f,delivered,2017-12-11 20:36:36,2017-12-11 20:50:54,2017-12-12 16:32:28,2017-12-19 22:23:47,2017-12-28 00:00:00
0a11e1f5811dda6f2921ea5b87f67475,e68d2e59d2daddbd8f3c601ef50d987d,delivered,2018-06-05 20:07:43,2018-06-05 20:32:58,2018-06-06 09:05:00,2018-06-14 10:02:09,2018-07-25 00:00:00
00b4846d477a7baf5d4e47970bc08c7e,fe2b285a4d3936b9a37ff7460a0d403f,delivered,2018-01-22 16:17:31,2018-01-23 03:52:51,2018-01-23 18:51:36,2018-01-30 21:08:52,2018-02-16 00:00:00
11579a4d945640c5c3a69f93c0986982,ee8f0c49ed13656cf3210d7b9d8f2532,delivered,2018-02-28 17:02:34,2018-02-28 17:11:05,2018-03-02 00:25:05,2018-03-13 20:04:37,2018-03-27 00:00:00
40eb01ae347825d54e22426e22c5cd32,34a9142cd8fb2a2990cdabf6a94f50fc,delivered,2018-03-04 16:56:04,2018-03-04 17:10:25,2018-03-07 20:08:04,2018-03-16 15:03:24,2018-03-22 00:00:00
2a103014bffb0e98ec7019d0c7856548,50d46a33c6e173fe8c9dee8b1788a1ba,delivered,2018-02-07 16:44:35,2018-02-08 07:49:38,2018-02-16 22:18:42,2018-03-22 17:08:28,2018-03-15 00:00:00
eec253358dad1c219d0b7cebcb8d894f,88cc083628b3e67a1ad2c500d3d00459,delivered,2018-05-09 14:02:32,2018-05-09 14:15:23,2018-05-15 16:20:00,2018-05-21 17:08:33,2018-06-07 00:00:00
882dd62cfb645823fd2fe550592fd4fa,c12ac6df65e8fd67ae26f138e91aa0e0,delivered,2017-05-23 20:46:50,2017-05-23 20:55:20,2017-05-24 15:45:09,2017-05-30 02:52:29,2017-06-12 00:00:00
36b8a8489ea76d561b88cf2d22bd965b,320e3795378beb3d181653a098b47996,delivered,2018-06-25 22:44:43,2018-06-25 23:12:34,2018-06-26 11:28:00,2018-07-04 20:28:39,2018-07-27 00:00:00
137c0b15e7a9356f9ecf5da8ccc5d995,7b433ce132416a12007e29dcb1a01ce9,delivered,2017-08-08 20:07:54,2017-08-10 03:25:24,2017-08-10 19:26:57,2017-08-11 17:41:46,2017-08-21 00:00:00
5607f0f13187c06655842d7a41b6d109,2203e5ecb8282366f610bf97152820a5,delivered,2018-04-29 19:09:19,2018-04-29 19:35:24,2018-04-30 18:48:00,2018-05-01 13:16:47,2018-05-14 00:00:00
8e8937ffd86b20780f8c9ee7bc09357b,d9ae100eb9db1a0209ec7bdb182e743e,delivered,2017-10-22 12:44:15,2017-10-22 12:56:31,2017-10-23 19:29:57,2017-10-24 17:27:53,2017-11-03 00:00:00
0394e320572c0048e41267320a28270e,28135fbf5e6fc1254fd50aafee7b02b0,delivered,2017-05-03 11:58:43,2017-05-04 06:35:24,2017-05-04 15:58:09,2017-05-24 20:51:56,2017-06-07 00:00:00
5bf84aad38881827341f99a74df1b2be,e6bdb789d2f13fa75af23899bfc3511b,delivered,2017-08-01 11:44:58,2017-08-01 12:03:16,2017-08-02 15:09:57,2017-09-08 15:47:47,2017-09-05 00:00:00
15ef84e2fdba1fb2783ed97832b66820,60246f1a5bacddc1d0e0b946995b6b74,delivered,2017-04-13 00:49:53,2017-04-13 01:05:28,2017-04-15 07:26:52,2017-04-18 12:58:46,2017-05-10 00:00:00
c943bc78c323d9a46208210c587c2ce4,2f85194b1fd6b4d732bde1d232b172d9,delivered,2018-04-01 19:40:26,2018-04-01 19:50:14,2018-04-03 19:25:55,2018-04-06 20:16:30,2018-04-13 00:00:00
911bdca18557d7d16cfd3964cd603460,30a923e7d770c689424796ae6bfef721,delivered,2017-10-02 14:23:54,2017-10-02 14:35:20,2017-10-03 19:08:57,2017-10-09 21:10:06,2017-10-24 00:00:00
db3b94ddef8837c5c780836f80da86c7,201f130e96c1e81beaabb40ad0a62191,delivered,2017-11-04 17:06:18,2017-11-05 17:10:43,2017-11-07 22:11:51,2017-11-17 23:23:32,2017-12-13 00:00:00
2299665d9edd455e536eaf31b9cb0493,a3cee2a97bcd7357f8e276c84834d695,delivered,2018-08-11 10:17:55,2018-08-11 10:30:13,2018-08-13 12:23:00,2018-08-20 21:33:29,2018-08-30 00:00:00
66737528e19fe69a6a29f050128c51d3,825c3e6abb57bc070f488aa9638fa008,delivered,2018-01-23 18:13:08,2018-01-23 18:38:29,2018-01-25 19:15:10,2018-02-03 01:28:59,2018-03-02 00:00:00
32e229fa77e1933548f2304a2b4d7dc7,b114ab74ecfcb840843a672ae5c43072,delivered,2017-10-04 17:49:29,2017-10-04 18:04:30,2017-10-06 19:41:16,2017-10-17 17:38:45,2017-10-27 00:00:00
e3d86ff081e92dedbd7b2a87838f0159,baf2116c28c10f4732a0a9494b5e72a6,delivered,2017-12-22 14:39:24,2017-12-22 14:57:29,2018-01-11 23:09:35,2018-01-19 22:32:56,2018-01-26 00:00:00
dfaf7d1351211f9eda13848b34364c9f,db39c3b26a6c6256f40c8d74205e8f2f,delivered,2018-01-19 01:15:06,2018-01-19 01:31:24,2018-01-19 23:56:53,2018-01-22 21:38:29,2018-02-09 00:00:00
25256c72510ddb7b4bd3b50f904c595b,6c2d4f0f802bfa13d0f5020cfe3c7010,delivered,2018-06-07 13:08:42,2018-06-07 13:38:35,2018-06-11 07:14:00,2018-06-12 20:03:30,2018-06-26 00:00:00
eabdb3245b41ac12ad9302904538202c,74aba88f4bfcb37413bf591ff9160a05,delivered,2018-06-11 19:39:20,2018-06-11 20:04:17,2018-06-14 15:37:00,2018-06-15 20:28:30,2018-06-26 00:00:00
f7d546d5833e27f1f2815dc05d94b4c0,ce68080021ef47325b14cc7acd673ab8,delivered,2017-01-26 00:16:29,2017-01-26 00:30:23,2017-01-26 12:01:49,2017-02-03 14:37:54,2017-02-24 00:00:00
1041d437bb0a4bcfeb3a107426f2d5f5,8dfc2e7f0843dbb52899f8089fb7f560,delivered,2017-11-25 18:30:07,2017-11-27 19:01:38,2017-11-29 12:11:29,2017-12-22 17:18:52,2017-12-21 00:00:00
2e76a5ef63f6a5a14ad1de12b201dbd2,908dfa9a7f826cac4f898a765ccbcb78,delivered,2018-06-20 15:12:58,2018-06-20 15:40:24,2018-06-21 13:47:00,2018-07-02 20:26:36,2018-07-18 00:00:00
8b047d4d9fc0bfa29c568da18fc5ac30,b32b05c0935909a9c00fa3bea8a29e5d,delivered,2018-04-02 15:09:42,2018-04-02 15:32:30,2018-04-03 22:17:28,2018-04-09 14:29:01,2018-04-18 00:00:00
c0d11a106cbef6047ce147e9f8aac554,2fea795dd61498e3f5f5b08c56c5565f,delivered,2018-04-09 15:07:56,2018-04-11 05:55:18,2018-04-13 21:56:39,2018-04-23 18:21:56,2018-05-11 00:00:00
9d2341ec61f7661d4b85708d835034f4,241f18344fc37a0b96f497e91cc0f7d5,delivered,2017-05-09 21:34:49,2017-05-09 21:45:15,2017-05-11 11:05:22,2017-05-17 11:03:27,2017-05-29 00:00:00
a2d899ba8a26c87fd1ae28e82fc25c85,7dda8fd8754df0adc18192f2a0749264,delivered,2017-11-03 21:48:54,2017-11-03 22:31:29,2017-11-07 20:23:45,2017-11-10 12:09:16,2017-11-16 00:00:00
b7b11f6c6708310dfe528e5b729399a5,0d92a8c5b4ea740017de97793b717392,delivered,2017-11-24 00:35:59,2017-11-25 06:16:40,2017-11-27 21:08:08,2017-11-28 17:23:08,2017-12-08 00:00:00
65744f8262c57c8b664c16aa7ec85879,e847b0edd45a9a2c2af60e1a1e34c242,delivered,2018-01-21 21:19:32,2018-01-22 14:00:17,2018-01-24 23:56:47,2018-02-01 18:16:44,2018-02-20 00:00:00
c2483eefb9699f55ef5913344301c30d,d1ee9c37ab67d1cd889dde3ac4000ada,delivered,2018-05-14 09:34:52,2018-05-14 09:55:02,2018-05-14 16:01:00,2018-05-25 11:52:40,2018-06-11 00:00:00
0cd27a304d5325e6b68ff9895525e09c,f860f5524f85b83ed02bdeb0522f145b,delivered,2017-06-11 11:22:12,2017-06-11 11:35:07,2017-06-14 13:05:02,2017-06-19 21:06:53,2017-07-05 00:00:00
6a5771a7c4b156a321263b020bd7e3f2,6cca49b1c6983d8a2b755db0d41cd9e1,delivered,2018-01-30 09:29:33,2018-01-30 09:51:29,2018-02-02 03:24:59,2018-03-02 15:58:55,2018-02-26 00:00:00
0f803d75772c7ca391ad07aafd23941c,d408c8549324876584c1b007d3ab9483,delivered,2017-08-23 23:11:25,2017-08-25 03:05:11,2017-08-31 19:32:29,2017-09-11 20:20:05,2017-09-27 00:00:00
5301ecfd0e379cbcb4129e22f8a7f0ef,ea5b7f5cd86a99b6d8406a44d86f4a8e,delivered,2018-07-08 19:17:26,2018-07-08 19:30:36,2018-07-10 15:12:00,2018-07-11 20:08:44,2018-07-23 00:00:00
e713f65c5d4bdb8c51c935cd205c3b22,d30a43ef4613415982f5d40a4d0e47bf,delivered,2018-05-22 07:56:00,2018-05-22 23:36:04,2018-05-23 13:03:00,2018-06-18 17:09:14,2018-06-08 00:00:00
0ee62a44a21a9b7a751c01451bfcf512,e46601b6f6937b2acf0d1850df0b6816,delivered,2017-11-29 23:46:32,2017-11-29 23:56:35,2017-11-30 20:42:50,2017-12-19 16:16:41,2017-12-22 00:00:00
a219a9f28e900359410d7cb6329cdf39,0c9fdc5b4e2b1d8d52de981dd05d7222,delivered,2018-05-06 23:39:58,2018-05-08 19:35:45,2018-05-09 09:01:00,2018-05-24 22:32:10,2018-06-05 00:00:00
f340419066ac8df79150310b1bcc7858,e2feb0cdeb886766c7de978438b668d1,delivered,2017-05-19 15:40:40,2017-05-19 15:50:20,2017-05-22 10:49:17,2017-06-01 07:59:36,2017-06-12 00:00:00
847c66c29ee30c07503066b3d254f993,371e25352587a8bf2f77b6739406281d,delivered,2018-06-11 17:08:37,2018-06-11 17:40:36,2018-06-12 14:44:00,2018-06-21 13:11:05,2018-07-17 00:00:00
98573bb494103800f6790b57c1357ba7,b400c7099a0e6c0cbde80f194133e762,delivered,2017-12-13 00:16:27,2017-12-13 00:30:28,2017-12-14 00:22:15,2018-01-02 20:58:05,2018-01-18 00:00:00
56f46fb5630f80cde51dfe4f07de78bb,7bf8319d2198d91bf17336fb5cb6ec82,delivered,2017-08-30 16:10:31,2017-08-30 16:25:09,2017-09-04 21:43:59,2017-09-13 20:17:47,2017-10-03 00:00:00
65728b4e76bd429d053d9577654076da,dbd66d239e963e626556b738c4ac6d90,delivered,2017-10-31 14:44:47,2017-10-31 15:31:18,2017-11-01 17:44:36,2017-11-29 15:18:03,2017-11-22 00:00:00
01ebb9ed879d6fa1da4857ed617972ab,65c931a66a152fc0769247ad03785247,delivered,2017-04-27 18:48:44,2017-04-29 02:43:03,2017-05-02 09:34:37,2017-05-12 17:24:43,2017-05-25 00:00:00
38bbb94deba996cc4485e25cd0b27a20,0681c6280d7eedf1cc8655fda6afca25,delivered,2017-07-30 13:14:18,2017-07-30 13:30:08,2017-08-01 19:03:08,2017-08-04 17:27:34,2017-08-11 00:00:00
6831327c575ec5efdb90392fed9d2f1a,ef04d13b6ffcb6d0bdef9f0ac2b69966,delivered,2018-07-28 17:16:14,2018-07-28 17:30:58,2018-07-30 15:01:00,2018-07-31 18:16:49,2018-08-02 00:00:00
4251201dadd2e046f3ee0f0e31152cb0,1bda6f8193ada79f892c00b0c72cecb8,delivered,2018-01-17 14:39:30,2018-01-17 14:50:57,2018-01-19 23:44:53,2018-01-22 20:44:38,2018-02-01 00:00:00
1eeb6d55147169da97608b38ece2b761,aeff643ffe546230ea975de5740197fd,delivered,2017-07-20 23:29:33,2017-07-22 02:25:23,2017-07-25 19:52:48,2017-08-09 12:49:17,2017-08-21 00:00:00
43f32db0dedd975e294e98ce23b24661,1217bf0350d846210fecc72bfa663ce1,delivered,2018-05-11 17:08:52,2018-05-15 04:12:22,2018-05-16 13:24:00,2018-05-21 22:47:46,2018-05-28 00:00:00
44c2a6a1b2abef0a76aa83b222217153,0e0b3f553f666f50cd5ef9d913a773a7,delivered,2018-07-31 13:10:19,2018-07-31 13:44:20,2018-08-01 14:33:00,2018-08-03 00:08:44,2018-08-06 00:00:00
671d3f16cc641e15fb8b5df50be64cac,0fb62aa00ff179056ed520c3055e9b45,delivered,2017-07-17 10:36:43,2017-07-17 10:50:20,2017-07-18 19:03:23,2017-07-24 17:17:48,2017-08-09 00:00:00
cdab66293e2e4ea2b956d8016c5ad97d,6d03d9c7d95db6de5b59aa4d7218ec07,delivered,2017-12-13 09:01:12,2017-12-13 09:12:24,2017-12-15 22:04:12,2017-12-22 17:14:36,2018-01-08 00:00:00
360b09c5650c8afc1ade7ab08cfd0409,dc30494a7cc1b61f81bb79af9447b4de,delivered,2018-02-21 10:54:09,2018-02-21 12:28:12,2018-02-22 22:58:46,2018-03-02 18:52:27,2018-03-13 00:00:00
eae14ee62ea02e4a202dfa6d713acabe,c4229c2ef3051a513c020e11d599c4e8,delivered,2017-04-30 23:09:35,2017-04-30 23:22:44,2017-05-10 16:35:01,2017-05-17 13:14:41,2017-06-08 00:00:00
923c0d198a67f5fa9216397a9cba2047,d351b7e7ca128fe099da4c7f4a84f1bd,delivered,2018-03-23 16:42:21,2018-03-23 16:55:53,2018-03-26 21:54:54,2018-05-01 21:16:42,2018-04-16 00:00:00
4295876088eaa108fede7b0b77109ed3,a64f98b1b0d8e2ca4cba10a0a2adb3c8,delivered,2018-08-06 21:37:26,2018-08-06 21:45:17,2018-08-07 14:32:00,2018-08-10 23:32:46,2018-08-14 00:00:00
d0592c70bab005f554e0fdb1726eb505,0c7204ee9281f0da796c071ab64ea752,delivered,2018-01-23 16:29:42,2018-01-23 17:02:10,2018-01-29 17:55:00,2018-02-05 23:06:44,2018-02-22 00:00:00
90e8f4c6614e2960a0334fdc9fe238a6,aa313a5d6e57357147dac80f1617c0b5,delivered,2017-08-05 03:07:50,2017-08-05 03:15:08,2017-08-07 19:57:37,2017-08-15 19:54:08,2017-08-31 00:00:00
503ede67b27bbb1c7dca67c00af403a5,d550ac7fe9688fbc885f4d87a986a54f,delivered,2017-11-27 22:46:58,2017-11-27 22:57:39,2017-11-29 00:19:00,2017-12-12 22:51:55,2017-12-26 00:00:00
e5141c749e377be251981ba3ff55b1e7,768d73a87af63f0ecc15c2095bb55fcc,delivered,2018-08-20 09:19:33,2018-08-21 04:50:05,2018-08-23 14:25:00,2018-08-24 20:03:51,2018-08-24 00:00:00
2218e4b81089f8cf52139915bdc1e48d,a73c818c7e2cd8ea248d8db42d14888e,delivered,2017-11-30 10:52:22,2017-11-30 11:11:07,2017-11-30 19:17:10,2017-12-02 00:32:54,2017-12-18 00:00:00
50517e1413e46c6df586274af938d47e,185f32bc42c8690bdeae6198db6c7456,delivered,2018-01-18 12:43:08,2018-01-18 12:56:37,2018-01-19 12:39:07,2018-01-25 15:49:01,2018-02-02 00:00:00
128874d639055ad5609b5269defad1c3,863865c82cd0d41a60fc51307be1d19e,delivered,2018-01-28 12:48:36,2018-01-28 12:58:22,2018-01-29 19:23:37,2018-02-03 01:03:22,2018-02-20 00:00:00
471f7bcf95321e4e00d947114c884bd3,3dd73da1c3553ed2b05530b8b156b3b6,delivered,2018-05-24 18:56:59,2018-05-24 19:17:17,2018-05-25 13:46:00,2018-05-26 17:12:20,2018-06-14 00:00:00
8a9c9e6f36131fb108495efe07936f02,996043471e5f72df3824858bdc258270,delivered,2018-04-21 13:06:48,2018-04-24 18:06:13,2018-04-23 20:12:56,2018-04-24 20:42:03,2018-05-10 00:00:00
78efa452393fd1c902416648db793ccf,d5d4d92f2dc0ac11ab4fdf1e7577d8ba,delivered,2017-05-29 16:27:13,2017-05-29 16:35:14,2017-05-31 07:12:21,2017-06-05 13:07:02,2017-06-26 00:00:00
9bb11e2059f2b75d3590a4b33f96dfff,11317d393ab2910eaa46029823d55484,delivered,2017-11-13 21:55:36,2017-11-15 02:46:48,2017-11-20 22:37:52,2017-11-30 16:13:56,2017-12-11 00:00:00
df0036e685fb491dbb08531f082ddbb6,4930f6567dce2dc4c31030e3683c9827,delivered,2018-08-08 20:56:51,2018-08-08 21:10:21,2018-08-10 14:24:00,2018-08-13 16:28:42,2018-08-21 00:00:00
704e4951f9087aea88ee9be9b6188b96,99f825b458dd70e86581333ddf39f92b,delivered,2018-07-23 04:22:07,2018-07-23 13:31:28,2018-07-23 15:28:00,2018-07-26 18:38:52,2018-08-07 00:00:00
fb520e46696d1669a96549c252ed177d,438bad05055d60b6e82e9f244a8a1024,invoiced,2017-02-08 23:17:29,2017-02-08 23:30:14,,,2017-03-22 00:00:00
b30af538bad5d47134c88fefbad8e35b,c8173a3b6ff4af2ee9518742726055b6,delivered,2017-10-17 14:42:28,2017-10-17 14:56:15,2017-10-18 19:28:54,2017-10-31 15:31:57,2017-11-09 00:00:00
e78602addbd8567873e9ad519d11ad9c,2ac47a6fd8210114acf678959654944d,delivered,2018-01-16 07:16:37,2018-01-16 21:30:52,2018-01-18 18:09:27,2018-03-23 23:49:22,2018-01-31 00:00:00
c2ef540e16617cb62d8c9d0bb874a498,db4c18dc639572a181079c0cb47fded4,delivered,2018-06-05 20:32:32,2018-06-05 20:52:23,2018-06-07 10:06:00,2018-06-24 15:03:09,2018-07-18 00:00:00
75d1c72933a62884ff7ead0752bdde06,adc6fbf06bb6d3f2e94e627158d44948,delivered,2018-05-22 21:59:28,2018-05-22 22:15:58,2018-05-24 23:06:00,2018-05-25 16:18:52,2018-05-30 00:00:00
84a021f71429800674e0015e862c1b62,d76e0dd107058b058e2e37f6a87a7743,delivered,2017-04-22 19:04:36,2017-04-22 19:15:15,2017-04-24 11:33:19,2017-05-02 15:58:10,2017-05-22 00:00:00
e7859e16ed08be3d7231bcb239b8903e,806124508bfecea36a0b8028dfc1ac57,delivered,2017-09-04 22:58:59,2017-09-04 23:10:10,2017-09-05 16:53:40,2017-09-14 19:52:30,2017-09-28 00:00:00
089692eb75f455bcb86e1a21ace6abad,6fca3886cb74147d27ba31c5016fd0fd,delivered,2017-11-12 17:58:23,2017-11-12 18:10:27,2017-11-14 16:25:03,2017-11-17 17:02:47,2017-12-01 00:00:00
106dccd8cf01a9d15921ba6b3028a09d,7a1a51cc44b9a60d0b751d3ae26a07d4,delivered,2017-10-02 12:47:00,2017-10-02 13:04:35,2017-10-02 18:38:57,2017-10-03 18:27:21,2017-10-18 00:00:00
f09392f5718864080526d96554221a13,541a57570b1b589aca128c8f8a849597,delivered,2018-04-18 10:23:23,2018-04-18 10:35:16,2018-04-18 19:21:55,2018-04-30 23:02:11,2018-05-10 00:00:00
28d30364312f8bf1c89aff3a4816eb53,c90229cbe0e29073647f84cbaf3d21fb,delivered,2018-05-10 23:18:33,2018-05-10 23:37:10,2018-05-11 10:03:00,2018-05-23 17:07:49,2018-06-05 00:00:00
b9eb04083d9367fcd3523d0125406023,f8bc863d8da439189f1a3c7f93e30a9a,unavailable,2017-06-02 10:27:06,2017-06-02 10:35:12,,,2017-07-11 00:00:00
2a81af36abe7c237e184b5f84e5b27bb,7c81feec196651cac071d56928d4c2e8,delivered,2018-08-17 12:05:12,2018-08-17 12:15:17,2018-08-20 11:54:00,2018-08-21 17:51:53,2018-08-23 00:00:00
49b1291e3a53100a17731adbbb76eb8c,291e486969763a40fc30fce9c73483ec,delivered,2017-10-16 22:21:27,2017-10-16 22:49:39,2017-10-18 15:09:33,2017-10-23 22:07:33,2017-11-01 00:00:00
6beaeac28bfa1ae5265ecfe29c71ccdf,a41984613c6b0242d2656260dd7ef1ce,delivered,2017-03-26 22:41:35,2017-03-26 22:50:23,2017-03-28 16:29:58,2017-04-11 18:14:35,2017-04-27 00:00:00
81e5ffe389c377c7b423c9669a9fe712,ecb410ea62e82d3757e90401045a0588,delivered,2018-08-03 12:58:11,2018-08-03 13:05:43,2018-08-06 11:21:00,2018-08-11 01:58:32,2018-08-22 00:00:00
d4544fa7cc55fc21ef6a5ac0253a526e,8150c02d03c6726cbc3ac7262c9c1787,delivered,2017-06-03 11:37:42,2017-06-03 11:45:17,2017-06-09 16:02:33,2017-06-19 19:52:55,2017-06-27 00:00:00
aa799c67bfe59b0de24f6db1dc1b776e,5c5932c767b1eea17f6374dab31c76ec,delivered,2017-01-29 20:14:15,2017-01-29 20:31:06,2017-01-30 11:38:21,2017-02-02 15:24:04,2017-03-15 00:00:00
ddddd790d8e87b44e5063ca6854ff2f2,3937d71d6a2dbee45023eac5b3970f98,delivered,2018-04-13 12:26:05,2018-04-17 05:55:29,2018-04-20 21:29:38,2018-05-08 20:41:11,2018-05-11 00:00:00
6c40af4bcbf19655a93e8d2cc37ac57f,0ae7de017434df230971260a258ed061,delivered,2018-01-16 01:27:44,2018-01-17 03:35:52,2018-01-17 19:49:21,2018-01-26 23:18:38,2018-02-23 00:00:00
332fbf902a0b37b6919c2d24fb9963c4,c19544a0aaa63e206f1ca0f2ac5d4431,delivered,2018-04-30 09:32:43,2018-04-30 09:50:28,2018-05-02 16:02:00,2018-05-10 15:24:37,2018-05-29 00:00:00
d2c0ceb948cf7025d520cbd2c88ba435,d3e12a8123b74f8e02ad1200dafa4938,delivered,2017-02-04 21:39:14,2017-02-04 21:50:14,2017-02-06 12:54:10,2017-02-14 12:45:32,2017-03-10 00:00:00
fe46aba4a014e5b994e190a8b8ca18e7,269de2f9cc6cab3645075e7ba0b1d6fb,delivered,2018-08-15 10:11:51,2018-08-16 03:05:11,2018-08-16 14:44:00,2018-08-22 15:11:44,2018-09-17 00:00:00
6bef43b399ad748e06bfbd0a31efcfb9,196f617ec14599ab7ceb83a6117fd9e5,delivered,2017-11-26 23:50:05,2017-11-27 00:55:59,2017-12-08 13:58:52,2017-12-11 21:38:38,2017-12-11 00:00:00
0f343854453911b5614ee51d9532c619,e37fb175f9acdff48e722fe7b47ff161,delivered,2018-01-07 18:41:42,2018-01-07 18:48:24,2018-01-08 21:49:25,2018-01-15 18:12:39,2018-02-05 00:00:00
ef6ab439f4c596638239ac71cf5fb391,e799d1d95dba0a278d0b0e2962ea3e99,delivered,2018-01-09 01:24:02,2018-01-09 02:34:29,2018-01-09 18:44:18,2018-01-10 21:15:49,2018-01-26 00:00:00
72473b65d11c21455f589854da03879a,07721eb08dd1b2ad67e03e8aeeb1a83b,delivered,2018-04-25 23:37:39,2018-04-25 23:51:53,2018-04-26 15:01:00,2018-05-05 16:48:49,2018-05-29 00:00:00
f07401e4337f90835db57d8bacabd310,ca3530e7983aef2c60f0a48394c81b65,delivered,2017-09-02 10:27:11,2017-09-02 10:35:11,2017-09-04 16:57:16,2017-09-11 12:11:27,2017-09-21 00:00:00
a45a7a951625bffc98203d07f77e872e,c600223b2102c093e499cb6c4f6d8eac,delivered,2018-01-10 20:58:38,2018-01-11 03:09:17,2018-01-15 16:14:05,2018-02-02 02:10:51,2018-02-15 00:00:00
d0e7875fcf8fa009f5295ad397fc7e18,4f7834e68e8b7f9054cc188ffc8c14c8,delivered,2018-07-19 17:46:37,2018-07-19 17:55:21,2018-07-20 13:01:00,2018-07-25 17:06:38,2018-08-03 00:00:00
d0edee3bcedfcfd101b0c1a59c2fdad3,63bc9b54dd7ca51921325ea78e7485dc,delivered,2018-03-15 09:53:51,2018-03-15 10:10:26,2018-03-20 00:38:49,2018-03-27 17:26:38,2018-04-03 00:00:00
38bcb524e1c38c2c1b60600a80fc8999,d2c63ad286e3ca9dd69218008d61ff81,delivered,2017-01-05 12:06:36,2017-01-07 03:45:22,2017-01-11 15:35:54,2017-01-16 16:05:22,2017-02-13 00:00:00
669c18450a52085fedc525141e81e104,d1efadc2e9e7bbf38705f74bd0018110,delivered,2017-12-01 23:44:43,2017-12-02 00:36:36,2017-12-05 22:42:36,2017-12-11 17:35:00,2017-12-19 00:00:00
adb7bfeddabb6a9ac2f5f4c407c65e24,38d293d1db6b6b4532d3ce706ae89c12,delivered,2017-04-05 11:53:20,2017-04-06 02:43:20,2017-04-07 09:59:07,2017-04-12 16:34:23,2017-04-28 00:00:00
a25525284e494a7e2e276f3b30bdf66f,ad52c7ccdbfec7ec88d4185812d61b33,delivered,2017-09-17 19:39:10,2017-09-17 19:50:14,2017-09-20 20:37:07,2017-09-27 22:08:57,2017-10-04 00:00:00
e465c5ff84ef7091d582b275cb0dd7de,363263d717319c175a7b063d383d95ba,delivered,2017-09-26 11:46:53,2017-09-26 12:04:50,2017-09-28 17:55:45,2017-10-03 18:05:22,2017-10-16 00:00:00
db6dae09bac5138ab59b6d6c0a1c5284,7ed5a166e71db107f477366bf55dfef7,delivered,2018-07-25 12:50:49,2018-07-27 02:24:45,2018-07-28 07:29:00,2018-07-30 14:28:39,2018-08-03 00:00:00
6206eea10c401d9257092927e5b66deb,1c7e5b9a91a01eef9a4a9c64fe4ac441,delivered,2018-05-26 22:02:35,2018-05-26 22:17:36,2018-05-28 13:38:00,2018-06-04 17:22:34,2018-07-04 00:00:00
dc3400f2dd273de43a390ec373f09efb,e8021f8931216b1905c8c923995b6643,delivered,2018-07-17 18:50:36,2018-07-17 19:05:19,2018-07-27 12:00:00,2018-08-13 15:51:51,2018-08-13 00:00:00
46a09de362c7550f138187deacc9f840,dd41ea901054c44fe4ccd11982c68796,delivered,2017-05-05 08:57:15,2017-05-06 02:25:23,2017-05-10 08:27:44,2017-05-17 13:35:47,2017-05-30 00:00:00
fb362fb533a2d245c5822558de85ce16,82e41cc1f87b1074c1f4bf5c840fd4a2,delivered,2017-11-06 09:25:35,2017-11-06 09:47:02,2017-11-06 23:09:54,2017-11-13 17:38:25,2017-12-01 00:00:00
bc6cd811b51ffe92ea712a6fda28289d,5fdc6e2816ce6523da6384842178ddcb,delivered,2018-05-04 10:15:39,2018-05-04 10:32:34,2018-05-08 15:13:00,2018-05-16 18:54:43,2018-05-28 00:00:00
9cfde86ce7726cbb901e3dbb50be48df,b00c1b220a6016b9257a18638d982cf6,delivered,2018-01-15 09:36:09,2018-01-15 09:50:03,2018-01-17 16:04:26,2018-01-20 14:28:33,2018-01-30 00:00:00
8be05ca81704fb409d92021f7e7837c7,5d2e8807a328cda04fac87c577496439,delivered,2017-11-22 23:13:13,2017-11-22 23:26:20,2017-11-23 21:12:54,2017-11-28 20:26:52,2017-12-12 00:00:00
349ac0dee57737a2916f90c7d3aabcc2,8527ac0dd27e2b15fba89b752116d0a4,delivered,2018-05-02 11:55:47,2018-05-03 03:53:09,2018-05-03 12:14:00,2018-05-10 20:08:31,2018-05-29 00:00:00
a8aeb93e160470d999c4ead1c7702124,7b9fc4cde64d7cc80781e5b573459e1b,delivered,2017-12-06 22:00:56,2017-12-08 03:31:24,2017-12-09 00:42:10,2017-12-14 19:29:26,2017-12-29 00:00:00
95e19f10a6f514fa5e093e74d2e3f58b,33c39ed7b6362b7ea09ca4acc6f293e7,delivered,2017-10-06 16:56:47,2017-10-07 02:28:33,2017-10-11 18:14:38,2017-10-16 19:52:58,2017-10-30 00:00:00
4955ee3a893b3b780fedd621473486b7,2e5e8c70b061b9754a3421dfea97bc07,delivered,2017-12-05 19:32:40,2017-12-05 19:54:55,2017-12-11 18:29:34,2017-12-26 21:26:52,2018-01-04 00:00:00
5036504a490faa98bb9506a134df8a6a,d3a20925d2f0bd1999fae024f4527db7,delivered,2018-03-11 14:56:25,2018-03-11 15:08:01,2018-03-13 02:08:41,2018-04-04 18:46:55,2018-04-06 00:00:00
dc4e8d6bfa225ba767349d3849229ec5,e947cb838b420b537d96d678a02dae26,delivered,2017-12-07 12:54:45,2017-12-07 15:33:10,2017-12-11 17:03:26,2017-12-27 19:33:18,2018-01-11 00:00:00
ac149cc1646470fa003284a354a2b4f3,5fe6feaf063dd24de0c2a3b2c6e55efb,delivered,2017-11-24 17:50:35,2017-11-24 21:13:19,2017-11-28 21:08:56,2017-11-30 15:02:36,2017-12-13 00:00:00
025e095e20c6575abee30657b956b3ff,d74d3f409a5f2efa2445b8415108e184,delivered,2018-08-16 15:32:45,2018-08-16 16:23:56,2018-08-20 10:59:00,2018-08-21 20:41:44,2018-08-23 00:00:00
8dbd69de4c9ba7ac0f46c387f0e67ee4,cce2f2a4e26c4fc0745e71f78dc6f862,delivered,2018-05-14 16:59:30,2018-05-16 02:54:10,2018-05-16 11:11:00,2018-06-04 17:33:01,2018-06-04 00:00:00
d12808b99f819df3b30216808d28259e,f204e25cf0fd136856dcedc3eb36de87,delivered,2018-06-19 21:06:05,2018-06-20 08:56:24,2018-06-20 14:48:00,2018-06-21 18:52:16,2018-07-03 00:00:00
ffbb04002876c95ff079b7b4df8eee28,2715ebaa46efc93f1025f565e5a78a8c,delivered,2018-06-25 19:32:47,2018-06-25 19:54:05,2018-06-26 10:49:00,2018-07-03 18:08:57,2018-07-30 00:00:00
e14f99f488bd5610101ea33be3ce33d1,fcf7a60d70eb39ab02f9e40186a5fa9a,delivered,2017-03-05 14:10:40,2017-03-07 03:45:19,2017-03-07 09:57:27,2017-03-16 19:17:56,2017-04-03 00:00:00
71319d53f28cff9869fa0650f26e9758,8c1196de2dc3d4e69e8c9e37eec5957c,delivered,2018-05-17 16:41:26,2018-05-18 00:55:20,2018-05-18 14:05:00,2018-05-21 15:22:51,2018-05-25 00:00:00
71690141b0ebadd9464cd3adb5c6b881,cde26ce8314756f40137e12ff2476bb4,delivered,2018-08-21 14:44:23,2018-08-21 14:55:14,2018-08-22 13:54:00,2018-08-27 14:19:35,2018-09-21 00:00:00
aa7793d3985f9a2e8ba25eb1907fc587,4a9d0f36e6f227f870724fa9ee2ac10b,delivered,2018-03-27 23:19:17,2018-03-29 03:15:37,2018-04-02 23:57:44,2018-04-20 21:37:31,2018-04-16 00:00:00
fc2fce216ba47a84e54367275351c67a,152e0f1f108e8820600a9572e1cc8107,delivered,2018-01-09 18:56:38,2018-01-10 10:31:43,2018-01-10 19:38:29,2018-01-25 16:37:54,2018-02-06 00:00:00
88394805fca0013406ebfb512aaa28c3,88cb1a50aee75f1e08c24a95f7cc59e3,delivered,2017-06-02 19:04:55,2017-06-02 19:15:28,2017-06-07 05:40:00,2017-06-14 12:08:18,2017-07-03 00:00:00
5f155df0ff83df161b2b07e60de709e2,738e127ec472a7e041cdc6d9c2cee697,delivered,2018-04-10 13:36:23,2018-04-10 13:50:58,2018-04-10 22:46:35,2018-04-16 21:21:20,2018-05-03 00:00:00
964267c31e3140c22ce0eb459a4cfb72,3f935515a6dcad83cb626a199b5f7981,delivered,2018-08-23 19:57:18,2018-08-23 20:10:16,2018-08-24 14:28:00,2018-08-29 19:08:26,2018-09-06 00:00:00
8bc27fa525999e4e0a620dd5e5cabb36,a76872f53eca5f0d9e83189f7f0723a5,delivered,2017-12-20 17:47:27,2017-12-22 02:39:36,2017-12-22 17:58:55,2018-01-18 01:41:58,2018-01-18 00:00:00
b8e17df0f313ac216d29c0683a83b992,560c8089d5a164844c203f61c55d88c6,delivered,2017-12-11 15:26:43,2017-12-11 15:36:31,2017-12-13 00:24:02,2017-12-26 17:32:39,2018-01-11 00:00:00
474541d7d0b44098a9cd7167a8d1306e,26ff87457a828181926c7ab34f407f8e,delivered,2018-03-27 17:45:36,2018-03-27 18:09:04,2018-03-28 21:51:52,2018-03-29 22:48:35,2018-04-09 00:00:00
fc14039d9862e0c47917cbb337d06b64,8e30d286d946595258929c8e7838c9bb,delivered,2018-02-08 21:24:22,2018-02-08 21:47:47,2018-02-10 00:41:37,2018-02-26 17:57:39,2018-03-21 00:00:00
b316b0217d77b6d04da5a3517a62461d,08d60807ea32c90570919ad6b1f0b0d2,delivered,2018-06-11 07:04:15,2018-06-11 07:15:12,2018-06-11 10:54:00,2018-06-30 14:37:47,2018-07-03 00:00:00
52b783557d95971d0b42195e6bacdc68,c6ece8a5137f3c9c3a3a12302a19a2ac,delivered,2017-10-20 07:16:27,2017-10-20 07:28:14,2017-10-23 19:13:38,2017-10-24 17:03:38,2017-11-01 00:00:00
aa7e9053d6514094d6d72f1ef2c2bbd6,20c7acb4293846ac1674cad47f98ca2a,delivered,2017-12-01 22:47:19,2017-12-01 22:55:30,2017-12-07 18:59:07,2018-01-08 18:56:43,2018-01-10 00:00:00
184f70b8fee18cd0046c3683f9ab3a06,9439f59651c7ed38295eed3df2016316,delivered,2017-11-09 20:03:48,2017-11-09 20:26:49,2017-11-14 17:03:14,2017-11-17 13:09:22,2017-11-30 00:00:00
590bf22b132e188810d97f542a58f3e7,055a82f1af585df4506c8d053edc7641,delivered,2017-11-20 20:56:47,2017-11-20 21:09:27,2017-11-21 20:38:51,2017-11-28 19:04:51,2017-12-20 00:00:00
491973b24e759d56ee5fb0e7477a823b,3935e0525a5b33ca987c4b6b54d7ab8b,delivered,2017-09-28 14:24:00,2017-09-28 14:35:20,2017-09-28 20:52:33,2017-10-03 19:17:08,2017-10-17 00:00:00
5fab005ced5596f6f711ea0b99d77100,d6e96f83633589d4a7dd877c2bea57e8,delivered,2017-12-01 01:41:20,2017-12-01 10:31:06,2017-12-01 18:03:35,2017-12-11 12:38:11,2017-12-26 00:00:00
17ae98e755b32ae8ec73470952de4de2,80d88401a15807dd28990dd932495bc6,delivered,2017-11-16 23:07:13,2017-11-16 23:16:41,2017-11-23 22:13:39,2017-12-06 18:44:26,2017-12-07 00:00:00
9a06f6b071c10b11ce8e6e8646dae224,89610c63a51a5b2ee28d3b69c6bfff3c,delivered,2018-06-09 09:22:08,2018-06-09 09:37:14,2018-06-11 14:02:00,2018-06-19 20:28:27,2018-07-16 00:00:00
d0028facea13f508e880202d7097a5a1,d2509c13692836fc0449e88cf9eb4858,delivered,2018-04-20 12:57:23,2018-04-25 03:51:13,2018-04-25 15:25:00,2018-04-27 12:08:59,2018-05-09 00:00:00
812114e24682287b1f3eb86f112707de,de94552cb07b7cbb5219d1616580a65c,delivered,2017-12-04 21:36:35,2017-12-05 09:30:45,2017-12-07 15:19:17,2017-12-19 15:53:56,2017-12-28 00:00:00
bc6c1d04178771a3ac9547f4770ab5f0,8fd50d32ac51d30d03b416bf7b27e72d,delivered,2017-10-27 10:27:03,2017-10-27 10:35:22,2017-10-31 21:53:55,2017-11-09 21:41:44,2017-11-17 00:00:00
13d341318c77969f10d77e1382957542,3b6cfa5c62f4bfb3c09652d9ac539a8d,canceled,2018-08-01 09:43:22,2018-08-02 05:30:46,,,2018-08-08 00:00:00
6bc8d0921edbcb67c01832572c2ca25d,6943ece6e8fee2637f6b06f466412be8,delivered,2017-05-06 10:29:30,2017-05-07 10:35:11,2017-05-09 07:57:52,2017-05-16 18:11:57,2017-06-02 00:00:00
91d95fd4dd24e83041031228370438b9,4c5a1e184ff4fd41b2d4ac212b95d0fc,delivered,2018-08-03 08:16:49,2018-08-04 04:24:17,2018-08-07 16:23:00,2018-08-14 20:48:38,2018-08-31 00:00:00
c04ccf5367e419a74f5589f156a0b8e1,6f7d7ececcfee77e1c4d624c81a37aa2,delivered,2017-09-30 19:45:40,2017-09-30 20:14:23,2017-10-03 17:06:05,2017-10-10 17:32:52,2017-10-30 00:00:00
cd38154bf340cc6b376898bd4b82b125,6c0f0dd8985cc0a789fb68327a00bc39,delivered,2018-05-07 15:06:12,2018-05-07 16:55:52,2018-05-09 15:48:00,2018-05-18 18:08:38,2018-05-28 00:00:00
bbf778080cc883a8de2e500c0e490c75,437c6e906ba1e09eacb6d28d1de3f061,delivered,2018-04-01 21:03:55,2018-04-01 21:15:10,2018-04-02 19:33:05,2018-04-10 22:58:42,2018-05-08 00:00:00
bf79e4fa55a389d494f47feb2654892c,e8759aed1027f77226dddeb7c7481f11,delivered,2017-01-31 21:11:10,2017-02-01 09:45:26,2017-02-01 14:29:06,2017-03-13 12:09:45,2017-02-27 00:00:00
fb7aedc5796ee214a87461ece45355e7,40d3460ad3b63de04990975d2fb3330c,delivered,2018-02-15 21:39:10,2018-02-16 07:50:27,2018-02-19 14:08:52,2018-03-05 19:59:37,2018-03-09 00:00:00
c6c304f8417f11d277f34b8a6ffe1532,3be9371fc3606f9f4572254708def45a,delivered,2018-04-30 09:10:16,2018-04-30 09:35:45,2018-05-03 06:31:00,2018-05-11 16:42:34,2018-05-25 00:00:00
90a35d9f1707a645c3bd2dda9c3f2643,5d94eb3a651e44419266ec8fddbd57be,delivered,2017-12-02 16:44:06,2017-12-02 16:59:01,2017-12-04 18:04:30,2017-12-19 16:44:45,2018-01-02 00:00:00
fbfba2ffdcf0d5f4e4eeebc83a18b0d3,7decbed5e9dba1c414ec29e6642fc782,delivered,2018-03-18 16:14:17,2018-03-18 16:30:26,2018-03-20 15:09:35,2018-03-23 21:07:04,2018-04-10 00:00:00
3b762d0fc1d3436171716bc6c3ae8497,37566e2c7b3fc323c530b838b0178401,delivered,2018-03-07 16:36:33,2018-03-08 12:45:28,2018-03-08 23:10:37,2018-04-02 17:12:33,2018-04-04 00:00:00
fc8b5696b23d0710ae737ff9c16f80ea,8953cac02ef5531e3b49afc55cc21232,delivered,2018-01-15 21:54:38,2018-01-15 22:10:41,2018-01-16 22:25:09,2018-01-27 12:09:29,2018-02-14 00:00:00
6debbd8568d730f4959d1fac74ed0315,66f7666afc694d88befe0d5e48871138,delivered,2018-01-12 19:23:58,2018-01-12 19:31:26,2018-01-23 00:08:27,2018-02-27 00:35:57,2018-02-14 00:00:00
47cf7e28d8f434cd6a3f4825953cdbac,8fceafecb6f78c92c97dde2f6d1cac63,delivered,2018-05-03 20:57:34,2018-05-03 21:11:30,2018-05-04 10:42:00,2018-05-11 20:47:31,2018-05-17 00:00:00
642b39405abba96bc0e134680e8ceb02,bffd28b4af20bc7b1a477fe80e190c77,unavailable,2017-03-05 09:28:24,2017-03-07 04:10:29,,,2017-04-03 00:00:00
9f7d6c40a518954cc676b40cf3e2c61a,cb4f601a5eebf94e41b2bfc80cbc8e62,delivered,2018-05-01 19:11:36,2018-05-01 19:33:39,2018-05-07 12:31:00,2018-05-11 23:06:29,2018-05-29 00:00:00
f4b84983666d1ac021c0522f00a405c0,6a4d0a6c3f1bbcd88b4e58633a4f8184,delivered,2018-08-21 12:21:04,2018-08-21 12:30:47,2018-08-21 14:56:00,2018-08-24 19:41:45,2018-08-24 00:00:00
12988705c14f4a1b899dcfba47f4fd49,0a42f79acdee1c80dc33cc9539e13b9a,delivered,2018-05-11 01:03:08,2018-05-12 01:16:37,2018-05-15 14:20:00,2018-05-22 20:27:36,2018-06-06 00:00:00
ab960bedab25b686fc5202ccf9be3094,588a6c2298f57752c9458dd79c675f36,delivered,2018-05-08 13:12:21,2018-05-08 13:35:16,2018-05-08 15:41:00,2018-05-14 22:05:43,2018-06-04 00:00:00
44c20b916ad4112aab925e7ecbd6b1fe,36ba612573e878b95e3e5de1b17ee495,delivered,2018-04-12 17:12:52,2018-04-12 17:29:31,2018-04-13 19:05:02,2018-04-14 17:42:13,2018-04-30 00:00:00
84270b9b2f185170b4b29b448ef3a0cc,b1fb921da8da31f114b8f25530967fe7,delivered,2017-06-19 20:32:27,2017-06-20 11:05:29,2017-06-21 09:58:41,2017-06-28 15:32:55,2017-07-07 00:00:00
dd3f89a5330b29871785935cab37fcbc,bb2b8b9b95fc43819ab3ba6c5b6e3fd2,delivered,2018-02-05 11:07:13,2018-02-05 11:35:35,2018-02-09 17:52:06,2018-02-15 23:37:01,2018-02-23 00:00:00
26fa952896224ad19bba5529c49d077b,fb0eae96da2e5b5cd5b9756f883714cc,delivered,2018-06-21 21:44:11,2018-06-23 01:00:15,2018-06-25 08:27:00,2018-07-02 20:07:35,2018-07-20 00:00:00
aa30490bcb62cf8283e389b35ea6b220,94e42ccb4c9e4e5003181fe0f7392003,delivered,2018-04-26 14:16:36,2018-04-26 14:30:26,2018-04-27 15:32:00,2018-05-04 13:29:02,2018-05-21 00:00:00
91ba86ad6462c11c5540359db369b048,3855c545aaa52b808d3db6af259b86ac,delivered,2017-04-02 16:50:12,2017-04-02 17:02:31,2017-04-03 17:58:30,2017-04-07 12:22:23,2017-04-27 00:00:00
bec70895c5fa3cbcdc432463d182bf30,123ad76650e71ba47212653fdf0b5891,delivered,2018-03-11 16:56:15,2018-03-11 17:40:25,2018-03-13 15:56:27,2018-03-21 00:57:37,2018-04-04 00:00:00
4313ba67282f2ba99c4b3c4f3e344595,4fe9a071f9509b1fb624febda3938108,delivered,2018-07-30 19:38:01,2018-08-01 03:31:56,2018-08-10 19:12:00,2018-08-14 00:13:46,2018-08-06 00:00:00
b62880756e815882264069601458b5b1,699dc65761ab6f0de12d244dd8315bb6,delivered,2017-10-04 01:05:09,2017-10-05 03:07:12,2017-10-06 15:41:35,2017-10-23 19:52:04,2017-11-07 00:00:00
9a072116d6c2ca9839e6d88a061a59d2,3b222455f9e5779b3ee7a014bef200a3,delivered,2018-07-19 20:57:41,2018-07-21 03:05:18,2018-07-23 15:51:00,2018-07-27 19:37:50,2018-08-09 00:00:00
b73095e1b4a660f696d90a6f5446b58c,f6f53faac556fb2d6b5f26f80317fe3c,delivered,2017-07-28 10:58:58,2017-07-28 11:15:21,2017-07-31 18:12:16,2017-08-01 20:43:25,2017-08-10 00:00:00
8e71c86d2b713a3391b21218049434f6,af876be1bbde724d170ebb81a4887079,delivered,2018-03-08 15:37:29,2018-03-08 16:20:30,2018-03-09 17:07:27,2018-03-28 19:31:34,2018-03-26 00:00:00
28fef81ab1df2696fb04a5353d4ad79b,af4ebfb7571b2570d87f31b9a18a210e,delivered,2018-06-12 14:56:15,2018-06-12 15:27:10,2018-06-13 10:18:00,2018-06-15 00:11:21,2018-06-28 00:00:00
7192fdda583a1beb9274f8693cee679d,3e71f7d5a2ebcfe9ec526be2f88fe747,delivered,2018-04-17 20:49:28,2018-04-17 21:10:07,2018-04-18 19:38:41,2018-04-25 01:46:51,2018-05-25 00:00:00
e809e9009327e4a97a5ec915477b240a,02a9c98d09a951f9ae61e2f677922b1a,delivered,2017-05-08 13:22:47,2017-05-09 13:30:57,2017-05-17 14:22:24,2017-05-20 10:49:33,2017-06-12 00:00:00
1800254c5ad71baad5c53866d4ed0ea0,f872eb3035d6adfa491660d3d0f8f86d,unavailable,2017-11-14 11:38:34,2017-11-14 11:50:40,,,2017-12-04 00:00:00
16d9b91dbb8de7843ced59fe9c4ca61a,441b26b45cc685920f18a63cc112b0c6,delivered,2017-08-31 09:11:30,2017-08-31 09:25:14,2017-08-31 21:10:06,2017-09-05 13:56:47,2017-09-21 00:00:00
f033bcb921f7c09fa9203df5177932c0,1cea141062333aa5ee8a5f68c85e69a0,delivered,2018-02-14 19:31:57,2018-02-14 19:47:31,2018-02-16 02:12:33,2018-02-22 21:13:25,2018-03-14 00:00:00
fb393211459aac00af932cd7ab4fa2cc,54365416b7ef5599f54a6c7821d5d290,delivered,2018-08-29 09:14:11,2018-08-29 09:25:12,2018-08-29 15:48:00,2018-08-30 13:03:28,2018-09-04 00:00:00
411282320ee1ea91c2fc8351aee73b05,542980ab4abd38838ea8a1998a879e7c,delivered,2018-07-03 15:08:25,2018-07-05 16:40:46,2018-07-06 10:16:00,2018-07-13 23:12:05,2018-07-27 00:00:00
365e182cfed9e7f3b3b0bd04ce2251e2,d6991eab03850ca580267c3608a42ca6,delivered,2017-11-25 09:56:09,2017-11-25 10:14:40,2017-11-30 18:37:17,2017-12-20 17:17:08,2017-12-28 00:00:00
2fa29503f2ebd9f53deba187160f3202,5c42637f3e7e7c520282ae5c4faab832,delivered,2017-03-31 15:03:51,2017-03-31 15:15:23,2017-04-03 14:35:57,2017-09-19 18:24:46,2017-05-10 00:00:00
67baff8b7c789c3e93b6787e4c18a14c,bf31c1d91f9b4e7c8d390099541be3d7,delivered,2017-11-05 16:47:03,2017-11-05 17:06:37,2017-11-08 13:58:32,2017-11-14 23:08:01,2017-11-27 00:00:00
5639e62ac4812b66eefbb05288c44eef,15ece46f6d57c5e2a87774451f9f73f8,delivered,2017-09-01 01:49:20,2017-09-01 02:04:10,2017-09-01 17:39:41,2017-09-13 18:55:06,2017-09-22 00:00:00
ee044ff2777c49a97d4be749aa8e24bb,fa14529dcc5928dcc9a4a3776b2863a1,delivered,2018-04-04 14:57:59,2018-04-06 03:10:24,2018-04-10 00:28:47,2018-04-12 18:24:52,2018-04-23 00:00:00
cf8ceeefc490504b4e117676aabb2820,8e5583107dab3fcc2a648fc223243821,delivered,2018-01-21 11:10:44,2018-01-22 13:47:19,2018-01-25 17:51:45,2018-02-06 12:43:05,2018-02-16 00:00:00
049db9aade07d0056ead438e182f2b52,d075570ed98e1a5bf9b6355be0f89b57,delivered,2018-07-09 21:25:55,2018-07-11 03:10:17,2018-07-11 13:21:00,2018-07-13 22:23:46,2018-07-25 00:00:00
62d2be1fdefb1437c1d94932ecd95545,076879610b2df756d7bfaf2b8422d327,delivered,2018-02-08 10:02:25,2018-02-08 10:15:34,2018-02-08 18:56:22,2018-02-18 10:21:44,2018-03-06 00:00:00
767482d809d4cc358e3ac5ecb4204d07,b4249d0f0a43042537b483802778456e,delivered,2017-08-19 13:50:09,2017-08-19 14:05:10,2017-08-21 14:17:38,2017-08-28 16:22:49,2017-09-13 00:00:00
f3a03d67d9788246863ec5fc76716777,75f83a990e836eb646dbb3012266cc40,delivered,2017-10-24 14:52:16,2017-10-24 15:07:32,2017-10-25 21:29:56,2017-10-31 21:18:55,2017-11-13 00:00:00
019a242bea1553b3b7e12bc38cb57a23,ff70b0c5553479bb9130858713a7e05b,delivered,2017-10-29 09:06:44,2017-10-31 04:06:21,2017-10-31 16:49:45,2017-11-13 18:47:19,2017-11-22 00:00:00
c55dca0234aa65398ed85315bcf5b062,e5c1358749c30acca897d993227c70f9,delivered,2018-06-12 20:22:06,2018-06-12 20:45:13,2018-06-13 13:46:00,2018-06-20 22:48:38,2018-07-17 00:00:00
8a8a69afcf838e504bca34a2081a680b,f15cb2508f4645327d9368c3402e6907,delivered,2017-08-08 17:35:09,2017-08-10 03:25:45,2017-08-11 14:06:43,2017-08-24 20:33:40,2017-09-05 00:00:00
5aa4778f637df7a41e0df0f10ee0f1c1,574733d6b5888f34d3918ffe1d629bb3,delivered,2017-04-04 17:16:38,2017-04-04 17:25:12,2017-04-06 15:41:22,2017-04-11 16:46:53,2017-04-25 00:00:00
e204c9b2f4c4eda05420bea7f4b7ac03,e64941affe5c05c4ac39ad03d69f8342,delivered,2017-07-04 13:27:14,2017-07-04 13:43:53,2017-07-05 10:23:48,2017-07-17 20:22:54,2017-08-02 00:00:00
7c9524b31589e9c6c9d84d17bc07a966,4db18e7bba09ac5b656a0a5d87f6e490,delivered,2018-05-15 12:12:04,2018-05-15 12:34:36,2018-05-15 14:59:00,2018-05-19 11:41:51,2018-06-07 00:00:00
4f604161cac7949dd11d13af2a4944b6,c0e5a37ce927e7252e897f52e9bdb242,delivered,2018-07-20 11:10:41,2018-07-21 03:25:13,2018-07-24 14:27:00,2018-07-31 19:58:19,2018-08-14 00:00:00
ec9a51782b5483ba996ab13bc3bbc30d,3a2b4695ef4d00cd124b3e6f2bbcd212,delivered,2017-11-25 23:57:30,2017-11-26 00:20:36,2017-11-27 18:22:28,2017-12-11 15:03:38,2017-12-18 00:00:00
bdb9cd40fa95e5b9ee433e9c1b8fa643,c682c376b07e35cfef480f78d130f14e,delivered,2018-04-24 23:44:45,2018-04-24 23:55:19,2018-04-25 15:25:00,2018-04-27 20:38:40,2018-05-10 00:00:00
05e756a9715655ae26d98822c44eac0e,505daea6a4fe3f09365ec3d4fb3f2763,delivered,2018-05-17 14:56:38,2018-05-18 01:17:37,2018-05-18 13:33:00,2018-06-07 19:36:44,2018-06-06 00:00:00
e885d4ac4244bd62acf41453b5684377,2801d79a4184546d1bcc7edd8a6eeb20,delivered,2018-01-18 13:22:26,2018-01-26 17:03:34,2018-01-29 13:42:14,2018-02-08 22:28:47,2018-02-14 00:00:00
b791cc8ae56058fd49a44d77c52f9150,494280b4db6a55a3a77b346a6395133f,delivered,2018-02-12 19:07:11,2018-02-15 03:47:45,2018-02-17 02:13:11,2018-02-21 13:34:39,2018-03-13 00:00:00
4a43d3c22320336cee933c3b90a9e55b,e4bfd3a13a21560e8fcbb997f9e7060f,delivered,2018-06-24 13:29:35,2018-06-24 13:59:12,2018-06-25 11:36:00,2018-06-28 14:51:59,2018-07-26 00:00:00
a780ef8e1707e488f029e009123767f3,a2ea4efad2c2da38b23965947c541fb6,delivered,2017-05-07 13:52:16,2017-05-07 14:05:17,2017-05-08 15:45:11,2017-05-19 11:35:48,2017-06-12 00:00:00
9f6afd2b6bb5e6ba9d5d9fc54c3c579e,bf332e0150c69e3c4f79d9f7561768dc,delivered,2018-01-02 21:49:40,2018-01-03 21:47:14,2018-01-05 19:34:43,2018-01-09 18:18:57,2018-01-19 00:00:00
2d7d83fd96dd73654af01305b5c917b7,61ad1278123a413c2c6ae2500d453a10,delivered,2017-07-04 07:51:47,2017-07-04 14:10:19,2017-07-05 09:14:08,2017-07-18 19:39:29,2017-08-03 00:00:00
76316d08dd15e53a577758b8f09059f0,9f0868f67243497c168be0190ed7a1d7,delivered,2018-02-11 17:52:48,2018-02-11 18:08:22,2018-02-14 17:53:51,2018-02-15 16:32:38,2018-02-26 00:00:00
f834e3467ee8fd252a9cf386dfac6991,25943239ef2ecee5e700508aba214dc3,delivered,2017-07-08 11:34:46,2017-07-08 11:45:15,2017-07-10 12:49:58,2017-07-18 22:12:32,2017-08-01 00:00:00
b5e032ca1418d9722dd033856f836800,a783e0ee89e3bb0bb0937794b4305914,delivered,2018-06-02 12:40:51,2018-06-02 12:55:26,2018-06-04 11:01:00,2018-06-07 16:13:11,2018-06-28 00:00:00
f0b2da40b961baf662d31db42b3964e3,06f3fd76e17823db11f5af33cc79ddfe,delivered,2018-01-17 22:58:43,2018-01-17 23:10:34,2018-01-18 16:26:36,2018-02-05 16:59:15,2018-02-19 00:00:00
883de4458b9920e4ec5ce2d4fb663473,e5b4c35110318298cc63deff9c26c169,delivered,2017-02-18 14:04:44,2017-02-19 06:45:19,2017-02-22 09:24:44,2017-03-07 11:13:26,2017-03-21 00:00:00
6170d8a92e5cd9a59e1f17ffdd5bf6ec,7df315ed766f2e365382e051a1642270,delivered,2018-02-24 11:11:20,2018-02-24 11:30:25,2018-02-27 12:22:27,2018-03-08 18:53:38,2018-03-20 00:00:00
bc877ab9e18f1ce0fda75eab87a0ca8a,23647526d326c88c24aae4523594b0d9,delivered,2017-10-05 15:56:03,2017-10-06 02:25:12,2017-10-11 20:57:59,2017-10-18 21:05:59,2017-10-30 00:00:00
88b09d34d523862ed31c57b3c3b310e3,dfaa16f4dc640a8770b7f760d0a4611b,delivered,2017-10-05 23:06:05,2017-10-05 23:30:55,2017-10-06 18:29:53,2017-10-18 18:27:35,2017-10-31 00:00:00
2b10fc23d5db1ae332b19fd2427b28e5,00618f4116647066768ca73893989605,delivered,2018-01-31 11:45:09,2018-01-31 13:54:57,2018-02-01 21:13:52,2018-02-16 21:19:09,2018-02-23 00:00:00
10a2c5cabdf1f2dadfa09ab7491f1f04,4019351b4dc7609ceabb1b5881946195,delivered,2018-07-22 20:18:22,2018-07-23 12:31:54,2018-07-23 20:24:00,2018-07-24 16:21:36,2018-07-31 00:00:00
a73c9c5feb02773faae1f58886f5db9e,042427dee0803c0cb485dbf592083a4b,delivered,2018-04-08 17:08:40,2018-04-08 17:29:45,2018-04-09 18:08:21,2018-04-17 19:33:44,2018-05-02 00:00:00
02fc46ea58b91abb0507c92e7f6e33ff,c7f1addc1a4563e72059c69e14cf78cd,delivered,2017-08-15 13:12:01,2017-08-15 14:10:18,2017-08-16 15:45:42,2017-08-18 22:27:59,2017-08-28 00:00:00
0f45620a11a03ee4bdf8f0877f47ad28,42f6c1525163111eb6473c014a46fc68,delivered,2017-06-10 16:27:05,2017-06-11 06:42:55,2017-06-13 12:43:47,2017-06-22 15:32:07,2017-07-06 00:00:00
500c03ceb1146ec73ff0263b4d0e0c72,c2bbb78c68867c083d5e470c93f87a08,delivered,2017-12-06 19:37:07,2017-12-06 19:53:41,2017-12-07 21:39:53,2017-12-18 15:15:15,2017-12-29 00:00:00
f9a0509d1e42522b51cc9789bbec8c1e,d842d0ebdf90c04a61d3c7ab3cab34a3,delivered,2017-11-20 11:46:30,2017-11-20 12:08:31,2017-11-22 20:02:05,2017-11-28 19:56:38,2017-12-07 00:00:00
d0a44f35dac3f3d6b96edaebca89a315,d4dcf14454693b453529393529b60e90,delivered,2018-02-16 16:02:15,2018-02-16 16:10:33,2018-02-20 13:16:21,2018-02-28 16:57:49,2018-03-22 00:00:00
9045c310fc95c955a99b9a9298366a64,6a7350848787b437fddcf8b2ca19dfd1,delivered,2018-06-26 14:45:26,2018-06-26 15:15:51,2018-06-28 07:59:00,2018-07-03 17:58:01,2018-07-20 00:00:00
383607d8aa23cad7a1550dc71f5ae7f6,15deb9a6467d1cb2dccff0c7eaf99380,delivered,2018-01-19 14:28:14,2018-01-19 14:39:25,2018-01-22 17:51:59,2018-01-27 10:35:06,2018-02-16 00:00:00
7f57d3b8d573e0fd1e3e11c931f8992b,497163d8568c92562094cedd59be9478,delivered,2017-04-22 19:47:24,2017-04-22 20:01:31,2017-04-25 08:24:02,2017-05-04 17:42:18,2017-05-15 00:00:00
2a5f568195087f0d7b94d9c98d203fad,82aa312822e828cafaf42905d0cda1e8,delivered,2017-06-28 11:41:15,2017-06-28 11:55:13,2017-07-04 14:47:51,2017-07-12 17:52:26,2017-07-20 00:00:00
3656fe1c2f4a269235d18fc325aecb13,0a2a3b9d1077f4b509232f38c3f2c199,delivered,2017-04-12 18:34:13,2017-04-12 18:45:11,2017-04-13 13:43:17,2017-04-17 13:16:08,2017-05-04 00:00:00
39c6a14b3b53cb560bade12dfc733d11,aa0e3f93c0b17970c0a95ed100fbb6ae,delivered,2017-12-13 18:55:38,2017-12-15 02:17:44,2017-12-15 18:29:48,2017-12-22 20:09:28,2018-01-08 00:00:00
70e30fe7e59801eb344ca1f7e7f0cee6,1fbe094f981836b6b6bf407351c7a7e8,delivered,2018-03-27 11:06:20,2018-03-27 11:15:18,2018-03-28 17:56:43,2018-04-11 22:48:44,2018-04-24 00:00:00
ad90c16e076211ad58babc8c49811cb7,f6474b13a79e71d79897857b8b6c67d5,delivered,2018-05-15 19:43:09,2018-05-15 19:55:22,2018-05-18 11:48:00,2018-06-12 15:02:51,2018-06-08 00:00:00
bd095c62d90e92cb239dcbef7421f1ec,4504555088e2e0428e4673f325031be1,delivered,2018-01-29 18:47:16,2018-01-29 18:55:27,2018-02-01 01:18:53,2018-02-17 10:15:38,2018-02-21 00:00:00
99a9646b3ae55969f333cc36747297fe,98292572bea55cef9978e190219ffad3,delivered,2018-06-21 20:37:12,2018-06-23 02:20:27,2018-06-28 13:23:00,2018-07-03 03:57:53,2018-07-25 00:00:00
2020bdcbe9edf60fcc9c8a67b9733e2a,526b4f355949a761d3bdb702d6cc3eb5,delivered,2018-03-16 14:56:26,2018-03-16 15:09:35,2018-03-19 15:13:36,2018-03-27 17:22:31,2018-04-10 00:00:00
87da169130c3778475f71ef7ed36b4d1,c44ed41097ef242726baeae88221801f,delivered,2017-05-21 17:05:07,2017-05-21 17:15:25,2017-05-22 15:45:20,2017-05-24 17:19:55,2017-06-06 00:00:00
1308af1ed83bcb145e40683235fdfeb3,8709d8c03e1942524aaf6566a57e4e49,delivered,2018-03-06 09:38:17,2018-03-06 10:49:41,2018-03-13 01:48:18,2018-03-22 22:06:25,2018-04-06 00:00:00
34eee68850f6ab8118e4600207afdaf4,ce4c4fef0bf13c20bba8275489e6350b,delivered,2018-08-14 21:18:48,2018-08-15 21:15:25,2018-08-20 13:40:00,2018-08-21 22:21:14,2018-08-23 00:00:00
bf364cd2c5add23232b095630312a3c2,0c73d3ffa5eda2d98e6f4474a8e610b0,delivered,2017-12-12 18:35:56,2017-12-13 02:50:58,2017-12-15 17:18:28,2017-12-22 19:08:02,2018-01-05 00:00:00
505d775eb158590af72d04189474e23c,45acf97b168ec16f75b8e504e62451a4,invoiced,2017-05-16 20:36:18,2017-05-16 20:50:13,,,2017-06-09 00:00:00
641936471bfc717987f997bfed150bd6,1d987c203658c1e86d2e90b023a2dd89,canceled,2017-04-21 16:09:18,2017-04-21 16:21:30,,,2017-05-16 00:00:00
e76334c93e9af507d48bc63dba788ae1,39045d6060998a076974587a93d62b14,delivered,2017-09-12 20:05:07,2017-09-12 20:24:08,2017-09-13 19:05:39,2017-09-14 16:09:47,2017-09-22 00:00:00
9d47e048cd4a6ff635406a2212b0a7f0,7a3c61993e2404bcfa34a29e12a6ef97,delivered,2018-08-21 19:44:42,2018-08-21 19:55:22,2018-08-23 14:42:00,2018-08-29 20:22:51,2018-09-10 00:00:00
d7c6f55ff58694d44ec72b8d807a0269,d9b274a5a8887270550e6967327bf40a,delivered,2017-03-26 08:09:09,2017-03-26 08:42:22,2017-03-28 18:08:05,2017-03-31 20:14:20,2017-04-18 00:00:00
cedda2f47a1fb16e47db3dc393770701,353fba674bdb2eccc24aea76b0765b0a,delivered,2018-03-15 10:08:00,2018-03-15 10:29:30,2018-03-15 20:56:34,2018-03-16 21:32:42,2018-03-28 00:00:00
3bb74b872f957fed010fcdbeaf517d5f,b321c76c00ab4ac26e6f9714a4a249a7,delivered,2017-09-29 23:52:42,2017-09-30 00:07:09,2017-10-03 16:38:25,2017-10-13 21:12:29,2017-10-26 00:00:00
78420988bdc7bf4dac19e4fe4ccdbd6a,f83433f8f184ba327ebc8f2d559553f4,delivered,2018-07-09 16:43:45,2018-07-10 09:05:25,2018-07-13 11:18:00,2018-08-04 11:22:12,2018-08-09 00:00:00
7f17ed9fe6d0823eee3396f86c6dea63,9d79415a4d0821d23b778a10755aa9c7,delivered,2017-10-19 19:32:03,2017-10-19 19:46:20,2017-11-01 21:51:23,2017-11-14 21:44:41,2017-11-22 00:00:00
1ae12b6aeac8467444bd1b07ab3c793a,dc7633763aa34b15ed79ce81651a5b3e,delivered,2017-11-03 15:16:50,2017-11-03 15:30:56,2017-11-03 21:03:34,2017-11-07 15:49:53,2017-11-24 00:00:00
1a713382b46a79377b949a677d232162,3d780be456ac7e04fd6076475599bbbe,delivered,2018-06-30 21:18:15,2018-06-30 21:30:12,2018-07-03 11:15:00,2018-07-13 13:41:34,2018-08-13 00:00:00
f9a56a1e02546f0d1baf56f282fa0659,84caf560da4490d5fa39fa676442304f,delivered,2017-09-27 11:23:59,2017-09-28 03:04:44,2017-09-28 13:58:09,2017-10-03 16:52:59,2017-10-26 00:00:00
61ed1876bd482d2c77e3b085ce949c69,a7de58749b09c1b70e10847d7f8a3986,delivered,2017-02-18 12:23:54,2017-02-19 12:31:37,2017-02-22 14:36:06,2017-03-16 08:50:47,2017-04-05 00:00:00
6db80fb2f35bb76524afa190b4654ff5,feafe685ffdb7b6118f0e3840eb57f64,delivered,2018-04-25 21:21:53,2018-04-26 21:15:23,2018-05-02 14:43:00,2018-05-03 18:28:21,2018-05-09 00:00:00
b0df6117e4e96271f505589dcd78b944,ef8d10671b9af3eca67b9d4024d50070,delivered,2017-11-14 07:30:44,2017-11-14 07:46:15,2017-11-17 14:11:58,2017-11-28 14:09:59,2017-12-05 00:00:00
4cb054441d2b65e4e0f4fb128f1b7b49,fc493cac52ff802f1a9331e05c493404,delivered,2017-12-15 12:23:36,2017-12-17 12:34:06,2017-12-19 22:59:33,2017-12-28 16:59:25,2018-01-17 00:00:00
e17bd911e20bf0862b784df73f0940c9,282074f150991eb0d22d13a6521d0ba2,delivered,2017-10-30 14:40:48,2017-10-30 14:50:45,2017-10-31 18:13:48,2017-11-09 22:38:27,2017-11-27 00:00:00
29420ac99e8348dec23b07c28884e584,6527168356776dd94bcbd72a3fe1e832,delivered,2017-04-26 09:30:33,2017-04-27 13:10:29,2017-05-04 13:08:14,2017-05-08 07:57:48,2017-05-15 00:00:00
42f62f6ce3beb21a0599ef18df6e8f8a,160162292850763914ee43e12bd84f29,delivered,2017-06-12 18:23:32,2017-06-12 18:35:23,2017-06-13 10:16:11,2017-06-19 19:09:53,2017-07-05 00:00:00
e8459d340b6dbb1cc1aded2ff890f067,0bc8e98b6cd57c9fadeee5339a6e08ba,delivered,2017-11-14 22:41:03,2017-11-14 22:55:45,2017-11-21 16:35:36,2017-11-27 19:58:39,2017-12-04 00:00:00
83def0f84b6e767ac0851e487612e66e,dd38c2b4e7c7546dd95a541d494d5fc3,delivered,2017-11-14 16:09:36,2017-11-14 16:35:32,2017-11-16 22:32:07,2017-11-21 17:17:56,2017-12-04 00:00:00
0363e6de0e2139c4988c0dba606fcafa,3ca51c5c83761d83b4385b4a1cf5f191,delivered,2018-04-17 12:37:34,2018-04-17 12:53:44,2018-04-24 20:12:50,2018-04-25 12:05:02,2018-04-30 00:00:00
b268bc99a523c42dc0bfe0149cd1446f,666c901345a407213ee5493214b87fc0,delivered,2018-06-28 09:44:05,2018-06-28 09:55:15,2018-06-28 15:14:00,2018-07-03 20:14:38,2018-07-23 00:00:00
cfa61e32cb4b079cb21a373580d4af62,7848eca54e368d0c5f108a4c7865a8e3,delivered,2017-09-05 15:56:01,2017-09-07 02:55:41,2017-09-12 15:46:49,2017-09-19 17:12:23,2017-10-11 00:00:00
62e975f28aa68109d68f92298a9327ac,00ba767af52461bf567696d2a6d2909f,delivered,2017-10-25 14:58:58,2017-10-25 15:14:49,2017-10-27 17:26:55,2017-11-08 20:49:30,2017-11-21 00:00:00
2303956d13919bf90f2a4818bab96a71,80ab302132a7bb80c3162873b0bc23ec,delivered,2018-08-05 11:40:16,2018-08-05 11:50:11,2018-08-06 13:40:00,2018-08-10 15:46:49,2018-08-17 00:00:00
025830a006d984bf712a8c6a1eca41c0,8048f231121e6b83e7042a1d02021b13,delivered,2018-03-09 19:42:31,2018-03-09 19:55:27,2018-03-12 23:02:44,2018-04-11 21:58:46,2018-03-28 00:00:00
091bd68043b7a721b0d82b5ff36304fa,64951dc059928ade3849eec4adbb689b,delivered,2017-03-03 18:02:51,2017-03-03 18:15:13,2017-03-06 18:53:43,2017-03-13 17:13:58,2017-03-24 00:00:00
12bab4379a646f08ae89ed0561f5481e,347a3a624ac043af4bc49c2da5b01d95,delivered,2017-10-18 19:41:56,2017-10-20 02:49:34,2017-11-03 22:18:39,2017-11-13 21:02:53,2017-11-09 00:00:00
68ef9f1dd1c75ff6bf1d6ba6d9942f71,2b9c4f6224f4c48aa0df74fbe0fee4ea,shipped,2018-02-28 08:39:25,2018-02-28 08:55:52,2018-02-28 22:17:51,,2018-03-22 00:00:00
085dc4386ef92b335b19c17b1ab7876a,cc2560d14b160bfaddc6e058b7d45550,delivered,2017-12-14 12:45:50,2017-12-14 12:58:34,2017-12-20 23:28:11,2017-12-28 11:45:52,2018-01-09 00:00:00
4849762eab16354ac93fa3f76324ae57,1dd28f92d803938f46bada3f189cd5e9,delivered,2017-03-13 00:40:20,2017-03-13 00:40:20,2017-03-13 11:23:01,2017-04-04 22:10:06,2017-04-13 00:00:00
628c4dc07e38c6a4309d58e8a42e2f27,90006c9239e7ad344dfc506766bd4a9d,delivered,2017-12-24 15:40:09,2017-12-24 15:49:35,2017-12-26 18:12:52,2017-12-29 17:30:15,2018-01-22 00:00:00
d4c1e781e9d24a003cf92fc0ba8384b0,60b95728fd802d4215c246c2ff792e3c,delivered,2017-11-28 20:44:48,2017-11-28 20:57:12,2017-11-29 19:38:30,2017-12-04 22:12:58,2017-12-18 00:00:00
b0df2d550f7ba78eb5042f07ccc1b08a,f6105caea01b6ad607a561fe0d122de3,delivered,2018-07-01 22:09:57,2018-07-01 22:29:55,2018-07-02 13:43:00,2018-07-09 17:08:41,2018-07-31 00:00:00
6fdd6ca7bdcce986b6a442588af840a3,f13f5be3fb0e2df0eac326aa188c7a68,delivered,2018-03-10 11:59:28,2018-03-10 12:10:31,2018-03-14 23:31:22,2018-04-06 21:08:41,2018-04-10 00:00:00
8d79387c949a14812dc166d8fe4039d1,75c10aae5ed03135ec947742e1537be0,delivered,2017-08-09 02:25:08,2017-08-09 02:35:14,2017-08-17 20:08:46,2017-08-28 18:07:55,2017-09-12 00:00:00
9914efa57f1a52e1c0a2735c0f927bbf,c29e3f619b98fab35664181a8b8d9ab0,delivered,2018-02-10 21:35:59,2018-02-10 21:50:31,2018-02-14 18:06:08,2018-02-27 22:03:45,2018-03-14 00:00:00
cfe7f525524a8cd367ada41bddf72f11,cd799fe9c246bf43b019cca3406afca9,delivered,2018-07-16 17:36:32,2018-07-16 17:50:13,2018-07-19 14:21:00,2018-07-25 17:44:53,2018-08-15 00:00:00
93be3c680089cedbd7306a23dba47168,f3edd744e7890de622cd78447f343d0f,delivered,2018-02-26 12:42:32,2018-02-26 12:50:35,2018-02-28 18:13:27,2018-03-06 21:27:50,2018-03-16 00:00:00
c4b6ce991d0e0bc8c0538001ee46366f,922c46a72c518d3188451f4970736540,delivered,2017-04-16 19:25:38,2017-04-16 19:35:39,2017-04-25 12:38:52,2017-05-02 14:06:22,2017-05-12 00:00:00
72897812c44d785964be11c5266c5c28,9bc6a3dd00160559656abcd2ed02ffa7,delivered,2018-04-06 19:54:30,2018-04-06 20:09:29,2018-04-10 16:58:30,2018-04-14 18:23:35,2018-05-02 00:00:00
08cce5e2a4a4d08e17cef053da98254b,ae5b997c142cad29cab4f9fe0ed0a02f,delivered,2018-06-20 16:32:06,2018-06-20 17:00:49,2018-06-21 15:20:00,2018-06-28 22:26:30,2018-07-18 00:00:00
a9047d80280890b3b79607250042dc95,81ef0532e2e2d5100054c7e0152c00ff,delivered,2017-06-19 15:25:29,2017-06-19 15:35:17,2017-06-20 11:13:03,2017-06-30 07:37:28,2017-07-21 00:00:00
72ca7a0edf21ea90416daca244df80ab,aee060003327eefcbb5721a40a3e4144,delivered,2017-12-08 20:51:00,2017-12-08 21:12:01,2017-12-11 23:24:18,2017-12-29 15:05:17,2018-01-10 00:00:00
9e79ad9861f8710c1dfb684f37f418ac,434aff98d2a7b723a8275a47925d775b,delivered,2017-09-29 16:30:11,2017-09-29 16:44:19,2017-10-03 20:56:07,2017-10-11 20:18:50,2017-10-26 00:00:00
0ab73486735f114f9e844522fa9b16ec,7a2e2c861b10856781dc1a45327e6189,delivered,2018-04-27 09:48:57,2018-04-27 10:12:30,2018-04-30 06:27:00,2018-05-08 22:41:37,2018-06-12 00:00:00
fb2547a335f4231f46fd7b70e9aee046,1961a41144dc48610f2e2da84b0507fe,delivered,2017-07-03 23:04:06,2017-07-03 23:23:23,2017-07-05 09:56:43,2017-07-06 12:03:50,2017-07-14 00:00:00
86f651af29913f6312791c5aef8ac619,68db318fa01188d9aa08594fb543704a,delivered,2017-11-24 15:39:57,2017-11-24 19:13:02,2017-11-27 17:18:45,2017-12-06 00:26:49,2017-12-15 00:00:00
b3ada39a1e9a71ee3b5dc5d61b32f0ca,ca5272c90747dafc99a824f9cafd63dd,delivered,2017-11-04 19:58:30,2017-11-04 20:10:34,2017-11-07 21:12:53,2017-11-13 14:22:20,2017-11-28 00:00:00
8729a8f7c27d03afe731463091711489,11ec73ddb032be97ae8f0219cce6cfa3,delivered,2016-10-05 17:16:17,2016-10-06 15:52:09,2016-10-30 14:02:20,2016-11-01 18:18:59,2016-12-01 00:00:00
2f41dbe3e1e76b3d8092ff2bd3ea676f,c98cc9fab2d3bbfe000364a98678a03a,delivered,2018-01-04 19:19:03,2018-01-04 19:28:04,2018-01-05 20:22:20,2018-01-13 00:12:08,2018-02-02 00:00:00
1e2c9c8656ce0a547546849a9383ec0b,9af88c5c4913d8884c55c1b4c31cd843,delivered,2018-01-04 12:48:56,2018-01-05 16:09:03,2018-01-08 18:46:35,2018-01-31 17:47:40,2018-01-30 00:00:00
5b1ac5be77fb87f6f96cc73e47887575,e3d5f8908d3b4fb38cb028a3b8849966,delivered,2018-01-02 11:55:22,2018-01-03 04:11:32,2018-01-05 10:33:16,2018-01-09 21:48:08,2018-01-24 00:00:00
97f1dd40b5bea6a7e3cf78fd83a28cb1,8a4f9a65cf1e6a64ebaba3578c868d1d,delivered,2018-08-24 16:26:08,2018-08-24 16:35:22,2018-08-27 14:32:00,2018-08-30 18:32:02,2018-08-30 00:00:00
fc4de496aefe84390ddbb5471ace9a8c,0905bd9a4436e519b45948d992a8a04d,delivered,2018-07-19 12:02:21,2018-07-20 09:43:42,2018-07-20 14:37:00,2018-07-26 01:53:36,2018-08-13 00:00:00
35fdc6a25ee3a21b000346caeee26e29,ccf08221f269e2c8efb102a1a6c98085,delivered,2018-03-20 22:08:37,2018-03-20 22:28:39,2018-03-21 19:44:47,2018-04-16 19:03:33,2018-04-11 00:00:00
61baef2a0f106d519247bdd98e7156a6,1e46b6f106ce27d415d81e4989bccc02,delivered,2017-11-13 21:16:41,2017-11-13 21:31:09,2017-11-16 19:31:43,2017-11-21 20:06:57,2017-12-04 00:00:00
600c05aa649cdbeaaf763a60cd0a12cf,474090b9b8e1541d8ff3f614fb17398e,delivered,2017-07-19 20:19:44,2017-07-19 20:35:12,2017-07-21 20:46:37,2017-07-26 19:56:40,2017-08-03 00:00:00
f3a5912c19c19f1c1bbbb7a47ed9afc6,1598b6d820a0d38b815e6643f972d02f,delivered,2018-08-12 19:39:00,2018-08-12 19:50:10,2018-08-13 12:50:00,2018-08-22 16:17:58,2018-08-30 00:00:00
4c7c393fba69ff5ae2565a9065c284b9,d3693d05f3fb5de3160eab1c9e998ab8,delivered,2017-09-17 22:48:08,2017-09-17 23:24:54,2017-09-27 19:08:04,2017-10-10 19:39:04,2017-10-09 00:00:00
052bc85c00310b85dc5b3cae2d25aebb,081cea15eaa6b814b2f0c96821007981,delivered,2017-08-24 12:33:24,2017-08-24 12:45:21,2017-08-28 18:12:44,2017-09-11 21:39:52,2017-09-18 00:00:00
6524a88ca27a0b23f796705c11087d6d,6c2369985100e5bb8e2fcaf620252dd6,delivered,2018-08-18 09:43:00,2018-08-18 09:55:12,2018-08-20 13:23:00,2018-08-21 13:18:42,2018-08-27 00:00:00
8bab7ecb4ace6bff0ac3a7cc2dee73d5,61be3daaf57f7dcb63a786734ee6e832,delivered,2018-05-11 08:03:25,2018-05-12 08:11:52,2018-05-16 15:28:00,2018-05-25 17:06:31,2018-06-05 00:00:00
75090e5cd5378d0ed281964a43e7bca9,b637bb926652e18dcc6fb070691298f7,delivered,2017-04-26 22:11:08,2017-04-27 13:05:36,2017-05-02 15:04:33,2017-05-10 13:28:03,2017-06-08 00:00:00
604cf9b703209b8e0f87284d5aa05313,b43c7a46b9bb38b8d7a21f6c3da4bb59,delivered,2017-03-23 19:37:31,2017-03-23 19:50:19,2017-03-24 12:34:07,2017-03-29 17:57:58,2017-04-12 00:00:00
18045b4512947089463f5efbdaa3c341,210b65c1eb5a1df0da71126a258cfdc3,delivered,2018-07-09 16:06:42,2018-07-09 16:25:23,2018-07-10 14:47:00,2018-07-11 16:19:44,2018-07-19 00:00:00
94c5693f7d8c98da89c3d014fc936bb0,076ad3c88780bf209694cfccc6052540,delivered,2018-04-28 21:16:58,2018-04-28 21:32:29,2018-05-02 12:26:00,2018-05-08 19:25:24,2018-05-28 00:00:00
38f57eb1c562736170e0f20b1bb481a6,5c295355b13d4f4f3db98ab515035af6,delivered,2017-12-06 17:59:45,2017-12-06 18:09:29,2017-12-07 18:12:25,2017-12-12 21:38:42,2018-01-09 00:00:00
c5b0334dd1b5fec8ac7ef5d5721d32d6,b404f80d768c2ad3311a8852a81e5543,delivered,2018-07-20 12:59:49,2018-07-20 13:10:14,2018-07-20 13:59:00,2018-07-23 11:12:14,2018-07-30 00:00:00
d459b5202e74f12e92fd7324e3a9eb68,8718f6c0b91a5e7d40ec2ee9346e88e0,delivered,2017-10-03 14:25:52,2017-10-03 15:26:08,2017-10-04 12:33:32,2017-10-09 22:32:52,2017-10-30 00:00:00
739d6b7c96f059453175f2ca21087a83,6a65261dcad2b1ac3c5a6c25d473809e,delivered,2018-04-03 08:07:30,2018-04-03 08:15:15,2018-04-03 20:12:49,2018-04-05 22:26:45,2018-04-13 00:00:00
c58baaf50e63ac84717a1bc9c0a9c991,f06cdfa88172522eef1fff025ea01d0b,delivered,2017-03-20 23:16:55,2017-03-20 23:16:55,2017-03-22 10:46:21,2017-04-05 15:08:06,2017-04-24 00:00:00
19843d257bf7ac782b0e4763f12b0a2f,be34d8fc402cc78e2fd1dbb151e9ad00,delivered,2018-04-26 11:03:36,2018-04-27 03:31:07,2018-04-27 14:15:00,2018-05-07 15:22:11,2018-05-23 00:00:00
d464194574b82162a5a34d39082fb826,7582fcfebd9e610e9a7d765a1599679e,delivered,2017-10-28 19:29:26,2017-10-28 19:45:37,2017-11-01 20:38:54,2017-11-03 19:11:11,2017-11-10 00:00:00
a2e3d40e411a2dd9b89be4aaca991101,ac1acb6f8d225a70c72815199f63a383,delivered,2017-07-21 19:20:08,2017-07-25 03:30:16,2017-07-31 21:23:48,2017-08-05 15:13:22,2017-08-21 00:00:00
3770238340791fdcdaa3354fddeff2c7,ffcbcec4480d074ffd50398e66bff27c,delivered,2017-10-24 08:26:26,2017-10-24 08:35:22,2017-10-25 15:08:20,2017-11-06 17:38:55,2017-11-23 00:00:00
2f6c8229bb3fdf4119d15ce35c9adbd4,9c4b8311bc705b6eb654835cec0b3314,delivered,2018-05-07 13:51:05,2018-05-08 04:54:46,2018-05-10 18:28:00,2018-06-09 09:06:42,2018-05-25 00:00:00
96cf4805d2e98446035e05b0874255bb,6b6d9a374c988f07d7da7033df7b0914,delivered,2018-01-16 23:04:15,2018-01-16 23:13:21,2018-01-17 21:35:40,2018-02-01 16:56:13,2018-02-09 00:00:00
606135eee1f82ed9f028183c267aa8d8,20e939ff61a38393bd8bc3f39f1bc396,delivered,2017-05-19 22:07:19,2017-05-19 22:15:18,2017-05-22 15:26:00,2017-05-30 13:19:27,2017-06-12 00:00:00
83e6338b5cf25dcf222551cb8da8d0d6,3690e975641f01bd07ad635f03dbb894,canceled,2017-08-16 21:32:48,2017-08-19 10:04:56,,,2017-09-14 00:00:00
579d1ca1c229566ac9ad0bb17a50f99b,77ae41d2233b06b7272c078e0ff8e880,delivered,2017-09-07 23:08:29,2017-09-07 23:25:10,2017-09-12 21:37:46,2017-09-30 16:05:44,2017-10-04 00:00:00
21df2b96ea32eb3b985c7c87a398b8d0,24566ba6ae931a905a53ddc9fe4cc3ed,delivered,2018-07-03 18:26:24,2018-07-05 16:32:46,2018-07-04 14:44:00,2018-07-12 22:06:55,2018-08-01 00:00:00
d3ba1a847406ac4e4a0c162d1ed5c0e4,7af90bf86067ed853f404630443d3650,delivered,2018-05-09 20:16:04,2018-05-11 02:57:40,2018-05-12 08:55:00,2018-05-23 10:16:48,2018-06-06 00:00:00
35bc36d5460374d96175822d91d79cd1,7a66a682bc19eccafe78e901ad01cff9,delivered,2018-03-04 17:32:23,2018-03-04 17:49:03,2018-03-07 19:09:29,2018-04-17 20:11:54,2018-03-26 00:00:00
8a54c9464b6ee0a6fe3502c6a6547eca,55a0e99166b39634d9dced4842210f7f,delivered,2018-01-15 14:30:41,2018-01-15 14:50:12,2018-01-15 22:07:13,2018-01-18 17:09:50,2018-02-06 00:00:00
c4769f2899b00a90de4e1650e17174a5,9678552c6248a9fc2cbd38237a805243,delivered,2018-04-17 17:36:50,2018-04-18 02:11:26,2018-04-19 20:04:51,2018-04-23 19:03:56,2018-05-08 00:00:00
7daacf43d9593e9a2959cc753578ce09,0359293832be85974700b436b3ddc6ef,delivered,2017-03-27 11:21:21,2017-03-27 11:35:16,2017-03-29 15:47:39,2017-04-07 06:57:26,2017-04-20 00:00:00
ef3a788ee3ed216a86b778030066df63,c1b567e2844710225f86fa21763e2ff6,delivered,2017-12-04 22:41:34,2017-12-05 10:30:46,2017-12-06 19:43:43,2017-12-09 13:08:59,2017-12-20 00:00:00
de2a90ea49d2d479304633d9a4c25324,0b312ed4cd3253176725070e0567b01f,delivered,2018-05-07 15:01:24,2018-05-07 16:55:46,2018-05-08 15:12:00,2018-05-14 21:00:45,2018-05-29 00:00:00
3b2b695f53e89a00f632277ce01b2100,dc6c6bacaee8aaf42d5ce696560033dd,delivered,2018-03-16 00:26:34,2018-03-16 01:55:19,2018-03-17 00:22:09,2018-04-11 21:44:30,2018-04-11 00:00:00
c991b8532e7abe41bcfae9b0ae4e8f45,6a2b9e1cf75c8dc7507792227a5d0ee8,delivered,2017-09-16 17:04:01,2017-09-16 17:24:22,2017-09-18 20:22:54,2017-09-22 21:22:14,2017-10-05 00:00:00
0e58e440db9719a92aae3d8ce4201168,7eb65253e071f9123cc70887599b39ee,delivered,2017-11-23 18:20:53,2017-11-25 03:53:26,2017-11-27 21:02:18,2017-12-03 16:54:35,2017-12-07 00:00:00
564d27104ae4e2c4d3592769b928fee6,9e285acaf2c6d21722c95b867409b8db,delivered,2018-02-05 16:32:23,2018-02-06 07:08:51,2018-02-07 19:28:26,2018-02-08 17:26:46,2018-02-23 00:00:00
e90bdeb22eaefb4d086cfec85e172214,ea275a487f1d42639b01e2a42aa275ae,delivered,2018-01-03 19:39:55,2018-01-05 02:36:44,2018-01-05 22:30:24,2018-02-08 21:29:11,2018-01-19 00:00:00
1b88975e652b474825e1d68839f836be,3f27a4fd3d61f939a07a45a389c6d0c7,invoiced,2018-04-05 10:50:34,2018-04-05 11:08:11,,,2018-04-17 00:00:00
1fd00a38cb5caa89ca06e82069412d5f,4eebea291949576a28945c39356dd65e,delivered,2018-01-04 15:01:26,2018-01-05 20:31:19,2018-01-16 20:08:52,2018-01-17 22:51:56,2018-01-22 00:00:00
1ab25645a921fdbe187d77753727daa9,d3dd181f6daa8b575c00fde53952411d,delivered,2017-10-11 15:30:52,2017-10-11 15:46:26,2017-10-17 01:48:01,2017-10-24 16:42:14,2017-11-07 00:00:00
405be8487a7fde1db0bc31ad6b08050a,e25a23b6ec8f03463e9b45176b59fc89,delivered,2017-09-02 16:42:43,2017-09-02 16:55:20,2017-09-05 21:52:45,2017-09-06 20:26:31,2017-09-15 00:00:00
ff89535e175e759e9e3c5795c7e6e7be,c85ee5414c8ecc5cf4e2b17d5ab4ed32,delivered,2017-05-27 12:11:27,2017-05-30 04:30:33,2017-05-30 14:25:23,2017-06-05 14:46:54,2017-06-29 00:00:00
a805d7a514bcde0719f99ddf2a3bb31d,7332d588234cc7f934719060d1fc60e3,canceled,2018-08-17 14:17:56,,,,2018-09-17 00:00:00
f22644ff4e2002aee973a3f3f815b135,8f018c09c2b3c8d78f0fc827a5041472,delivered,2018-05-13 17:00:45,2018-05-13 17:12:12,2018-05-15 12:39:00,2018-05-17 22:31:22,2018-05-25 00:00:00
72c6b41818d5e645f455986b59b7a964,3917cd13f3dd7d8b6124ce56f00e88ae,delivered,2017-01-20 10:58:23,2017-01-20 11:05:24,2017-01-25 16:12:01,2017-02-20 13:34:53,2017-02-23 00:00:00
a3cc222e087c192327ea32dd0eb161cc,bc1b903e51b30e698b5ffa427457bbfb,delivered,2018-04-02 09:35:34,2018-04-02 11:29:22,2018-04-03 17:52:49,2018-04-05 21:34:35,2018-04-19 00:00:00
462d8e94b8f783ee75c23cbcef73748d,4f73f8389d911b8daf64e95c00d2b813,delivered,2018-03-27 12:32:16,2018-03-28 12:30:12,2018-03-29 19:51:48,2018-04-09 14:32:38,2018-04-16 00:00:00
26047bf46b017a9f8e502db4ef972500,30f3fadcb05c5f68e3ad4b51d093704a,delivered,2018-03-14 22:43:54,2018-03-14 22:55:34,2018-03-16 20:58:51,2018-03-27 20:48:49,2018-04-02 00:00:00
b3666570c67eca46e04bc11a7285f0db,90460028374bf093ad66cb3722b67b14,delivered,2018-08-04 16:36:13,2018-08-04 16:50:14,2018-08-07 10:34:00,2018-08-13 20:18:59,2018-08-21 00:00:00
f34fd6ac0a7e90bea64cb88ee0e475c8,8ff3e7037b1a4e96d5dec1f247273ffd,delivered,2018-07-31 19:29:13,2018-08-02 05:15:25,2018-08-02 13:56:00,2018-08-17 16:57:32,2018-08-23 00:00:00
63ad5fd77fd359625705305bfb02724b,5bcd71d65408e844d4bf4a73e9ba3bab,delivered,2018-02-14 10:22:35,2018-02-14 10:35:25,2018-02-16 01:23:25,2018-02-19 17:27:21,2018-02-26 00:00:00
e65656d2103b156e7f60dfb3e27c3762,c8113333af250598fb17338445dce4df,delivered,2018-03-11 14:01:40,2018-03-11 14:40:23,2018-03-12 16:56:26,2018-03-20 19:28:49,2018-03-28 00:00:00
3e160e93900d5da52f6a8e6fc88d737c,ca9d6522ba10b57d739f4ab202535b3b,delivered,2017-03-04 19:54:16,2017-03-04 20:05:11,2017-04-03 11:22:55,2017-04-03 15:18:04,2017-03-30 00:00:00
698b838e230eef7b304ba798ecc3ac1c,3c7abb0d2a9066d5585a15c7b39ae58f,delivered,2017-12-11 20:54:11,2017-12-11 21:12:26,2017-12-12 19:56:54,2017-12-28 17:27:24,2018-01-10 00:00:00
99e1d586758dee362e01030739d3d87a,6e44e2abc8653ed3a1898883a172f547,delivered,2018-03-22 17:24:17,2018-03-22 17:35:37,2018-03-23 19:33:07,2018-04-10 20:42:19,2018-04-13 00:00:00
5ea6aff99c981e1b3a33743cbad8d546,e8b53c51f1889155d4c2bf79e684ab6e,delivered,2017-09-13 17:36:07,2017-09-13 17:55:15,2017-09-20 14:24:27,2017-09-22 18:18:01,2017-09-29 00:00:00
67a2acb0fc862ad9d5ad0d2548966d5f,6a7e603b2cba1aa89b21273adf00f7b3,delivered,2017-12-12 18:06:35,2017-12-13 02:38:31,2017-12-15 21:12:49,2018-01-04 21:27:44,2018-01-08 00:00:00
7470539f5035ecb8d54ba3376ba09487,33b7695371b6758680afe0f96bc53d40,delivered,2018-04-08 16:22:04,2018-04-08 16:30:16,2018-04-11 01:54:33,2018-04-18 16:05:14,2018-05-04 00:00:00
34e28e181f142ed3b17dc370a9c22d70,b4de188c4951c5b03bb1d5f1abebf6be,delivered,2017-06-25 22:03:47,2017-06-25 22:15:13,2017-06-26 12:39:21,2017-07-07 17:29:35,2017-07-20 00:00:00
328ca55e2f1c5493e39c0f3f96156367,76ef757e5f703c07ba565ebe68553f43,delivered,2018-04-16 21:45:20,2018-04-18 03:55:13,2018-04-19 20:48:44,2018-04-26 19:28:57,2018-05-09 00:00:00
6cd38adf54359273a7b891f4480a809a,b10b4a8b2d231b223ec1fb80b0fe3cb0,delivered,2018-08-25 10:41:50,2018-08-26 10:44:08,2018-08-27 10:56:00,2018-08-30 20:28:41,2018-09-05 00:00:00
4cd3fa6ef1838f388495edcccfe64c02,d17095ba4834bd45133ddcd35f5372b0,delivered,2018-04-14 16:06:27,2018-04-14 16:31:12,2018-04-16 20:28:24,2018-04-17 20:38:52,2018-05-03 00:00:00
559e3bc7d9dd587ccb23c90505340ee1,185edadac2611dfd19643314264719be,delivered,2018-04-19 06:56:40,2018-04-24 18:05:00,2018-04-25 02:24:23,2018-05-08 21:48:47,2018-05-23 00:00:00
96f09035ece72cb1bbff425efa9a372a,3dfbc814df98bf7f36e299170f1af8f1,delivered,2017-10-07 14:32:01,2017-10-09 13:49:37,2017-10-17 21:37:45,2017-10-27 21:04:36,2017-11-06 00:00:00
44ec3a74b2c9dcfe0f2fa9031613065d,30f523f7def36192efe977b047ab4622,delivered,2018-06-04 19:29:49,2018-06-04 19:53:05,2018-06-05 09:05:00,2018-06-16 13:56:48,2018-07-13 00:00:00
cea5026b69096ddae036dee16fb94afb,ceadec4bf904e52ef6294e93d45b8b37,delivered,2017-02-08 17:48:25,2017-02-10 02:45:38,2017-02-10 15:14:53,2017-02-15 12:42:20,2017-03-07 00:00:00
0277fae7eda81470bf6c87dc570e267a,1b7500033ab2ef2a6e9a8e9b9aa3d660,delivered,2018-02-08 20:14:10,2018-02-08 20:29:06,2018-02-16 00:57:00,2018-03-15 20:51:13,2018-03-09 00:00:00
3d5c01d5bef96b82a7ae8684f1665c31,e0c8e9052318576da8ce43f3d0653f9f,delivered,2018-08-03 15:18:01,2018-08-03 15:30:19,2018-08-03 20:01:00,2018-08-06 19:48:45,2018-08-09 00:00:00
0ef3432e1de2a568bf55ba299ad130b5,3f5d98eee5439942b85e0098843bc4cc,delivered,2018-02-22 10:18:05,2018-02-22 10:34:28,2018-02-23 19:14:23,2018-03-07 14:24:04,2018-03-16 00:00:00
05297254c9e41d34c1a38f75ca8656d9,0ad8985d712b965bef0db41bd4331248,delivered,2017-11-24 22:56:56,2017-11-26 22:53:54,2017-12-08 17:21:14,2017-12-15 18:24:56,2017-12-11 00:00:00
8b19f852c0580c73cd463337086a312f,21f7c79d481a191d3cde77a97ffd20fb,delivered,2017-04-19 23:55:11,2017-04-21 05:10:35,2017-04-22 12:32:25,2017-04-28 06:44:40,2017-05-09 00:00:00
c4dad201936ed30eef3c94fafa59ed6e,cafd2aa4c46d2009f8ae97c20b2ccbed,delivered,2018-05-24 12:28:44,2018-05-24 12:59:13,2018-05-24 14:59:00,2018-05-25 17:42:25,2018-06-13 00:00:00
8d8c656fea441cd284f65e58233b323f,53f4c6a8bd3e929399321a02c1132f0c,delivered,2018-03-23 22:04:32,2018-03-23 22:27:56,2018-03-29 15:36:54,2018-04-04 19:28:46,2018-04-16 00:00:00
4d8d0b4795fe858361a2b29c14556e83,145fb9bb55f0fdb3d5f89c09f7397946,delivered,2017-09-07 13:20:29,2017-09-07 13:30:13,2017-09-11 15:47:34,2017-09-18 21:56:59,2017-09-27 00:00:00
47f126e7f64951d597355b1f8e2d2f49,78bddc5123d56f373d240a46bc3a97d2,delivered,2017-09-22 01:17:00,2017-09-22 01:30:09,2017-09-26 12:17:45,2017-10-13 18:57:59,2017-10-19 00:00:00
74bc5cd043ebb6cf75b835d27249782f,702e22d4fab7c9b8456e82a4596f66af,delivered,2017-07-17 12:16:11,2017-07-17 12:25:29,2017-07-20 18:22:41,2017-08-08 18:43:03,2017-09-12 00:00:00
1db2abc72703311e809fc353b3cc4b65,4b830f8b64b64b4bfc6fb975d86ff181,canceled,2017-08-02 19:21:07,2017-08-04 02:24:05,,,2017-08-22 00:00:00
afbfc4a5b3161e9e1f89056b0b3ed238,b6868e9d74f44d57435a65e1bfad9be2,delivered,2018-02-25 16:47:07,2018-02-27 04:31:06,2018-02-27 18:36:07,2018-03-28 19:57:42,2018-03-26 00:00:00
10946918b6dfb9d446d7fd1a39a45055,b8736223535f5503a888a81a00e5a7c3,delivered,2018-05-11 21:26:29,2018-05-11 21:37:07,2018-05-14 14:16:00,2018-05-24 21:35:19,2018-06-07 00:00:00
ca64fa08707e6364a46a92d4092695ba,37c3241a1f076ae4d97f0b6c303384b3,delivered,2017-07-13 18:53:00,2017-07-14 02:30:14,2017-07-14 16:49:30,2017-07-26 17:56:39,2017-08-16 00:00:00
1f1812e687e3fe5ba82f09ebd3b93027,20ca1409bd63bc81c3e769e32a17f004,delivered,2017-07-07 14:21:39,2017-07-07 14:43:24,2017-07-10 18:51:58,2017-07-15 10:56:38,2017-07-31 00:00:00
ce8bc9d1350f5e9b6b22fcf981df3aa2,308aab7e9b6b7de09b6d244aa9abd218,delivered,2018-08-06 21:02:45,2018-08-06 21:15:17,2018-08-14 16:18:00,2018-08-21 01:54:24,2018-08-20 00:00:00
486970ef07e7ed3cce9ac167bc49e245,4deff69c14a8ec4b5489328936af4214,delivered,2018-06-06 13:24:00,2018-06-06 13:35:11,2018-06-06 14:49:00,2018-06-25 18:12:00,2018-07-17 00:00:00
b0d1dbaf457a73a6acece6bafe89b9e7,2cf009122c9e8663f101b48ac6a60ff6,delivered,2017-12-06 22:43:30,2017-12-06 22:50:33,2017-12-08 21:28:46,2017-12-18 20:03:28,2018-01-02 00:00:00
9fa022506ea0764d8987a060dd6cd2a6,b6879da0a2a2bc9a35e015cbde01a51a,delivered,2017-07-10 19:41:28,2017-07-12 02:10:15,2017-07-18 19:42:50,2017-07-27 20:27:54,2017-08-08 00:00:00
df339f81c46dc0bf186cb6307d7cdb6a,24c4002e71e045fd2ab92a4335f82703,delivered,2017-12-22 16:23:48,2017-12-23 02:13:35,2017-12-27 18:18:04,2018-01-03 18:24:43,2018-01-24 00:00:00
7d2fd74a17ae87c4bf3f882f55b81515,372922185b99948dd405acc9e0d55828,delivered,2018-08-10 20:43:30,2018-08-10 20:55:24,2018-08-13 06:48:00,2018-08-16 18:28:41,2018-08-30 00:00:00
ee42c12c15a059baf7ed413b090b2bc1,7ab5e3ad32b7e7648484b3bdf77d4f55,delivered,2018-02-22 18:11:25,2018-02-22 18:29:37,2018-02-23 22:35:19,2018-02-26 19:17:16,2018-03-08 00:00:00
becbd0e26ba3a2cfffc4d318c2846de5,6214f10b91457747fee2bd960d160a8b,delivered,2017-12-08 11:08:54,2017-12-08 11:20:41,2018-01-09 12:59:22,2018-01-10 15:53:26,2018-01-02 00:00:00
b778fd298c71b362595bb3c3cd79c00c,b8d4ad8f2c0da3ff8ba7ddb5ed98a0b2,delivered,2017-12-06 09:52:27,2017-12-06 09:59:25,2017-12-06 20:56:53,2018-01-03 20:25:57,2018-01-02 00:00:00
3da7a532b6ae989967fda8b6e790f2da,842f092867d93b2438c83bcac57d3a83,delivered,2018-01-04 10:38:31,2018-01-04 10:49:22,2018-01-05 20:07:16,2018-01-08 23:37:17,2018-01-22 00:00:00
f168e356f5ea5a1788381ad7d44bcc40,57cd8bc54e0c5c4a46a7d26f572f237b,delivered,2017-11-16 07:55:30,2017-11-16 08:10:21,2017-11-17 23:38:55,2017-11-22 00:21:27,2017-11-29 00:00:00
1565a76a3a30915bbcab8d5e698836cc,0184a596785fae3af62eb04f7c4221f4,delivered,2018-05-18 11:34:32,2018-05-18 13:26:09,2018-05-21 19:00:00,2018-05-23 20:34:33,2018-05-29 00:00:00
a6a5d5673d42186a8b8b94ad29b59897,f273dd8c96c0c0ae03dd3cba3014f4cb,delivered,2017-05-15 00:45:02,2017-05-16 01:00:34,2017-06-21 15:26:48,2017-07-20 17:26:10,2017-06-19 00:00:00
d5558a097766363b8e76b38c43332e8a,49a4fe701c3d30eac6c180908e665ebb,delivered,2017-02-04 19:01:33,2017-02-04 19:31:12,2017-02-15 08:55:26,2017-02-10 07:58:32,2017-03-01 00:00:00
a027b795d174ac4c8c7fd853838b5744,cf13a089ed6e356ea5195f21e3d5d7b3,unavailable,2017-12-12 14:07:04,2017-12-12 14:49:58,,,2018-01-11 00:00:00
1c408e58ac79e01aff0f0c29b1322ebe,51ac86c658c5b32eaf747eb4287f9e34,delivered,2018-01-07 11:47:16,2018-01-07 11:56:29,2018-01-10 18:36:40,2018-01-13 02:26:38,2018-01-31 00:00:00
b1e9076d07f0a18048ce3182655825f8,002ff70a5285669011090c077ef929af,delivered,2018-08-05 13:19:28,2018-08-05 13:35:14,2018-08-06 13:34:00,2018-08-09 17:25:38,2018-08-17 00:00:00
13a20feb32c40abb62e7c279b664264b,66ea6e407cd72fa258a48793823a976a,delivered,2017-08-16 11:55:35,2017-08-16 17:10:24,2017-08-17 20:33:13,2017-08-18 14:17:55,2017-09-08 00:00:00
2aad3ba5eaa0bcda42cc8fec92d395a3,e42bf264afc395bc0a0af379bf5cb888,delivered,2017-05-18 15:20:27,2017-05-18 15:30:20,2017-05-24 16:38:01,2017-06-06 08:03:25,2017-06-13 00:00:00
5dc67b2280a40b4fcf45ea52bc3b1798,4b32f83196998cff6c624822c33dac7a,delivered,2018-01-23 11:19:00,2018-01-23 11:38:00,2018-01-24 22:24:49,2018-01-26 16:59:08,2018-02-07 00:00:00
a3925c1c7a9d4544b8b2a2d34988be43,24cba367364e421110e32838a6e1efba,delivered,2017-08-01 14:32:24,2017-08-01 14:45:19,2017-08-10 18:37:33,2017-08-17 18:34:00,2017-08-25 00:00:00
17741d347806fbe91c72a69918b484ca,d58c07eea7de10eca37d9a61ab7a5e16,delivered,2017-09-23 21:17:23,2017-09-26 03:35:24,2017-10-03 10:12:46,2017-10-17 20:58:32,2017-10-27 00:00:00
e920944a200b0bbe19a0cdf27cc3524f,96f0f6cf86a7922f66a58ba8be3c1eb4,delivered,2018-04-09 00:03:18,2018-04-09 00:10:14,2018-04-13 20:46:36,2018-04-19 19:25:44,2018-04-27 00:00:00
a7400d3fec66a843cb54bd2396f75df2,28730d4a6f55626291fef3337baa4398,delivered,2018-06-20 11:00:29,2018-06-20 11:26:11,2018-06-22 08:54:00,2018-06-25 18:15:33,2018-07-11 00:00:00
bc54eadd50eb0e830200b242f32152bd,aa3cdc56190e8af89caac31d0c2cdcf1,delivered,2018-02-23 12:04:01,2018-02-23 14:15:53,2018-02-26 23:58:50,2018-03-09 16:08:31,2018-03-21 00:00:00
b939c777ffdf0dba4013db55bc148457,a7bca92dd19ae1068ad6d0bd6fa44b8c,delivered,2018-03-10 20:36:59,2018-03-10 20:47:39,2018-03-19 18:41:18,2018-04-15 15:08:37,2018-04-27 00:00:00
29120f643cc96827e25210e076335805,8d0a9e28a092d4e8e8d97154f28f988a,delivered,2018-05-13 16:54:57,2018-05-13 17:12:11,2018-05-18 15:12:00,2018-06-07 21:19:50,2018-06-06 00:00:00
7aa5fe5b772da0099ed083f51f800e8c,d63c8c779598c3f678248a820c6f56d3,delivered,2018-08-07 17:57:28,2018-08-07 18:10:15,2018-08-13 05:13:00,2018-08-17 18:18:36,2018-08-20 00:00:00
c2c7db553def6f2b47769b8bd9d08432,b8a225be894b6a23995331cd91d0fc60,delivered,2017-06-27 11:15:52,2017-06-27 11:55:14,2017-06-28 15:34:13,2017-07-05 11:46:04,2017-07-19 00:00:00
ace93d8571d1d9638e9b7b0d70b9b5db,9a33c1a33043079350725b88636bbdd7,delivered,2017-07-24 11:14:05,2017-07-24 11:35:07,2017-07-24 16:42:47,2017-08-04 21:54:00,2017-08-17 00:00:00
dc5f1b52c9effb2ca43d8ddbae249f10,d64a08de709e077018f8950694c25602,delivered,2017-12-11 08:18:54,2017-12-11 09:01:59,2017-12-15 18:21:54,2017-12-21 22:52:53,2018-01-04 00:00:00
1fd38186652acff41fc3e9e65013618a,b2948d9d07f52967e94d91d7ad999c91,delivered,2018-05-16 12:19:35,2018-05-16 12:39:38,2018-05-16 13:10:00,2018-05-23 17:18:36,2018-06-22 00:00:00
4e279bc55cb8b7abc5a2c1ecdcb6b08e,ad09bfb021e70165d9590b7976cc6f33,delivered,2018-01-10 16:46:22,2018-01-10 16:58:31,2018-01-11 21:48:51,2018-02-01 12:03:58,2018-02-09 00:00:00
0c4a23679a622eb0793aaabdc6ce5750,61bf256e81b104925bc8323ddda7cae4,delivered,2017-08-25 18:45:08,2017-08-25 19:06:00,2017-08-29 20:04:29,2017-09-21 13:52:42,2017-09-19 00:00:00
7ee6fa7da5936797c7ad71d02024d65e,cba07d9fe812b56f21ff8b4b72cb121c,delivered,2017-12-23 18:30:20,2017-12-27 04:07:31,2017-12-28 21:57:38,2017-12-29 16:52:03,2018-01-15 00:00:00
ddc6de714ab6793dd55ef3b191352906,a0e47f67969c2f4a301e64a2e191456f,delivered,2017-08-03 16:29:09,2017-08-03 17:10:15,2017-08-04 20:59:26,2017-08-08 16:07:44,2017-08-16 00:00:00
40f29dd4112775a07ef4bcf5475642bb,bd3fc6f52431b710a9344958480be7a9,delivered,2017-11-25 23:38:28,2017-11-25 23:46:44,2017-11-29 00:22:16,2017-11-30 18:07:21,2017-12-20 00:00:00
0ac37dcbb2a733a4d81866a91ff65965,9e16e5717003b3e55ba4b40c22e8834e,delivered,2018-07-01 22:57:05,2018-07-01 23:10:12,2018-07-02 15:44:00,2018-07-10 20:10:29,2018-08-06 00:00:00
969c73dd2cf6f487633983f1e4eba3e7,f1d8941df4d2351d5cf88c5504119207,delivered,2017-07-23 14:16:19,2017-07-24 10:35:20,2017-07-25 22:46:42,2017-07-27 19:43:41,2017-08-16 00:00:00
90e7e2115b8dc9871bde5f581fc08313,11a10448e2adeaa0f579ccd356a6a3f1,delivered,2017-05-25 21:42:15,2017-05-25 21:55:06,2017-05-29 11:04:55,2017-06-06 14:05:35,2017-06-27 00:00:00
e01d0329ac61c8582a1c115d9af33530,711db73575cd5b4fe3b548c21fe53d46,delivered,2018-03-05 11:23:21,2018-03-05 12:00:34,2018-03-06 15:06:44,2018-03-14 18:51:39,2018-03-26 00:00:00
bd6a5598892338bf9e6ad1f5ba2d1f4c,405901129a10fc58c472bf5555e20d48,delivered,2017-03-27 09:49:56,2017-03-27 10:02:18,2017-03-28 12:33:14,2017-04-10 10:05:47,2017-04-24 00:00:00
921b979d6940e958b136142b40312457,a5c3e28a3c416b08493f6c9d42151a36,delivered,2018-08-14 07:56:23,2018-08-14 08:10:21,2018-08-14 14:11:00,2018-08-15 18:36:43,2018-08-29 00:00:00
3f705be88be989c7560bc8dfd5d79dcc,163691efc6753a5bb2e5c85987c59166,delivered,2018-01-21 05:39:32,2018-01-22 14:28:44,2018-01-23 21:13:28,2018-01-30 23:06:31,2018-02-14 00:00:00
90c7f72cacf60b2a63da77187689e3d1,a3fd0ceb125291d15c1708931ec47218,delivered,2018-01-04 18:18:46,2018-01-06 02:08:49,2018-01-10 13:25:43,2018-01-12 22:22:00,2018-01-29 00:00:00
6ec4bd1ab5a6833d9129bc04859db56e,b43d44f5ef38ef51e3c44a68898642e3,delivered,2017-11-21 19:39:36,2017-11-21 19:52:20,2017-11-22 14:21:48,2017-11-28 20:55:41,2017-12-13 00:00:00
224a57164e7d58e7d551cdc70d6d902d,29ee61d7bce36b9cf564afc6bede150f,delivered,2017-12-15 13:07:21,2017-12-15 13:15:27,2017-12-18 19:18:37,2018-01-19 14:07:49,2018-01-26 00:00:00
f434066a90c729686966ab151fa4c7ec,17c3c21b444bea4f4893c57978ecf186,unavailable,2018-01-19 01:08:20,2018-01-20 01:19:33,,,2018-02-15 00:00:00
19ba784efbf17691a04ac155893e93b8,f53789fc4a603015c6e5a040fffb6cac,delivered,2018-08-07 13:03:24,2018-08-07 13:15:18,2018-08-08 14:43:00,2018-08-14 02:08:42,2018-08-13 00:00:00
33dbd2002d80438989cc32296d1a2ed9,7349bc741ff5280290064d08ecf1eb62,delivered,2017-10-21 17:56:41,2017-10-21 18:14:17,2017-10-26 21:58:37,2017-10-27 17:44:01,2017-11-08 00:00:00
99a3c8e51539b3ccb221a27cc29367f2,2d5fffafdb7a4df6df450ab48689a7b0,delivered,2018-02-13 14:34:57,2018-02-13 15:07:55,2018-02-16 00:22:31,2018-03-05 15:30:04,2018-03-14 00:00:00
9f13927ccc18f46d4775442f5bda0459,c6fc811dda97cfc9b714c12f45e91ebe,delivered,2018-08-09 20:37:40,2018-08-09 20:50:17,2018-08-10 12:34:00,2018-08-22 21:12:53,2018-08-28 00:00:00
576d9e6af8fd6888f42db26fb8bfc21a,ca49a9c7520f200db472140d566f4934,delivered,2018-04-29 15:17:48,2018-04-29 15:34:50,2018-05-02 13:40:00,2018-05-10 19:12:59,2018-05-18 00:00:00
425fcc243ccff35a28b40a54a506487b,acfc8c1edda9db2f54e88501df71e42e,delivered,2018-06-08 21:11:15,2018-06-08 21:39:26,2018-06-13 14:34:00,2018-06-15 16:26:38,2018-06-29 00:00:00
23939807bace6dc4e9701a868e697f76,cc08e0f57bfd0c838ec360bf18a43ff0,delivered,2018-08-02 16:44:23,2018-08-04 04:24:08,2018-08-06 14:50:00,2018-08-09 17:36:47,2018-08-10 00:00:00
056f1217c54403f6300ea6b50f6716d5,cfa2107afc077becb6d5c6538772c060,delivered,2017-11-07 18:12:18,2017-11-07 18:30:53,2017-11-09 10:24:58,2017-11-14 16:37:10,2017-11-27 00:00:00
858f8fbff9d717450f931fc6e9d15029,b159734fd8a05b497cb4907056824f6b,unavailable,2017-10-10 12:09:59,2017-10-10 12:29:53,,,2017-11-08 00:00:00
18dd3f41a84cc95b6106008449cba262,326cbc06e2f48fa67a884ddfa1694412,delivered,2017-08-25 10:20:51,2017-08-26 02:10:15,2017-08-29 15:49:11,2017-09-20 17:55:29,2017-09-28 00:00:00
b96d1eec0b6f42ab363018c8f68c2254,4d3c8544c15c6485f585f143cf79cfd3,delivered,2018-06-15 14:37:17,2018-06-15 15:03:45,2018-06-18 10:57:00,2018-06-21 15:08:24,2018-07-05 00:00:00
7b08446d3c48c10ae15e7d09e16e725a,782cddca87150c8ef0de9f360ffb7bf5,delivered,2018-05-30 13:42:13,2018-05-30 14:20:39,2018-06-01 12:23:00,2018-06-19 00:57:32,2018-07-23 00:00:00
27b26761047c76d67bee79dc2274df52,c6d4d749d1e1d2ff8f9e23c0f14cae25,delivered,2017-10-19 20:47:41,2017-10-20 13:15:05,2017-10-23 17:42:51,2017-10-31 21:54:30,2017-11-09 00:00:00
7e64edc21c29eb4ab27967e6462683b3,a89e9e4afe74397b3265aabd5b74d143,delivered,2018-06-20 16:41:45,2018-06-20 17:00:59,2018-06-28 11:22:00,2018-06-30 00:42:33,2018-07-12 00:00:00
726f3a5a67d986cbbf10bbc4f72cd4fe,dad626915d10f328fe7bd2eaa3a27e88,delivered,2018-08-07 16:20:05,2018-08-07 16:35:26,2018-08-10 09:28:00,2018-08-13 19:26:28,2018-08-13 00:00:00
f02b294da37145d798be2c6143628850,af54dbbeea72cf84e927383202d45e18,delivered,2018-03-12 14:50:18,2018-03-13 03:50:44,2018-03-14 00:57:34,2018-03-27 19:48:30,2018-04-05 00:00:00
7caf5a3cc5b5e6a117a963be598bbae1,c5be23d385030fdbf83a9a02aab53b7d,delivered,2017-05-15 09:02:34,2017-05-15 09:10:16,2017-05-15 21:19:40,2017-05-19 15:49:40,2017-05-24 00:00:00
f81e71dd7c044a9ee7c1d6e37d68d64f,953f71324f3a770118c88a42363655b2,canceled,2018-08-15 08:34:42,,,,2018-09-12 00:00:00
208e05b081036510b22aee2ff50a28c3,92c27dc71558f8edff69ad4068331e72,delivered,2018-08-15 08:52:02,2018-08-15 09:04:09,2018-08-16 11:53:00,2018-08-22 18:16:38,2018-08-30 00:00:00
0ca8b6de19bde0d4ed1fe6f90f475ab5,1033b4922196d44bddafa67bdd942a8d,delivered,2017-12-11 10:00:41,2017-12-11 10:10:59,2017-12-13 21:58:39,2017-12-15 19:43:31,2017-12-28 00:00:00
dc9d98442e1b036b58ba9dadf51a52ef,7fff48e646846dd8b43891eaf34e71d6,delivered,2018-08-07 22:17:36,2018-08-07 22:30:13,2018-08-08 16:52:00,2018-08-11 18:45:42,2018-08-21 00:00:00
1bf3cf4f3a842f629a7a52e336d96263,e377292245ecb36b1a471babbdda76de,delivered,2017-07-03 09:46:24,2017-07-03 09:55:16,2017-07-03 11:32:15,2017-07-11 16:36:47,2017-08-04 00:00:00
ad62ce74c314772d34c956d73fb305f3,bbf02c631b2d633a8532316e697e71b4,delivered,2017-10-03 11:02:27,2017-10-04 02:56:22,2017-10-04 16:13:05,2017-10-06 12:28:45,2017-10-19 00:00:00
4abe4e3e946e22c0f181765f83b2579b,7c54c8760b21bd81b3f0f77f3d068952,delivered,2018-03-25 16:21:32,2018-03-25 16:31:48,2018-03-27 01:18:52,2018-04-12 18:27:26,2018-04-23 00:00:00
01bb5b3cb7df4da98ea2214d083784c4,a3b369b287f0fb3acdbd673d88cc3076,delivered,2017-05-28 15:00:23,2017-05-30 04:50:24,2017-05-30 08:34:01,2017-06-13 13:04:18,2017-06-19 00:00:00
0e685171210978ef27d06f208612c8be,6ae2c74898e63a9bcb85e3107799b4f4,delivered,2017-08-24 22:02:10,2017-08-26 02:05:57,2017-08-28 13:44:57,2017-09-06 18:56:53,2017-09-18 00:00:00
17528d72766893a90deabc12ffc91207,cd7f52e725467143b7ed30100a8bd63e,delivered,2017-12-06 13:15:33,2017-12-06 13:32:26,2017-12-08 19:06:57,2017-12-14 21:48:44,2017-12-29 00:00:00
e5e40991ee40d56c69312d1736f84cdd,c368c88299f8e3e90dc228c51a241b5b,delivered,2017-11-05 20:03:17,2017-11-05 20:10:39,2017-11-07 16:28:48,2017-11-11 10:04:04,2017-12-05 00:00:00
e4a4383d0ef8c742a8c2c58be61b9722,674bd561f2a7868436ca0e8589b0b3f0,delivered,2017-11-12 11:31:41,2017-11-12 11:46:27,2017-11-14 21:32:05,2017-11-22 18:13:56,2017-12-04 00:00:00
719beedd6c2193b3e1e1ea1d2706eaf1,0839786620cd7ef6e2da4abca81ac42d,delivered,2018-06-20 14:02:25,2018-06-20 14:18:42,2018-06-20 13:32:00,2018-06-21 15:04:21,2018-07-05 00:00:00
3e47a8cc66024053901d7313a7d2a0b7,60ce73e9775f73dbdbc1ae5fbd9c2d73,delivered,2018-01-29 10:22:51,2018-01-31 14:31:48,2018-02-01 00:27:46,2018-04-13 17:14:24,2018-03-05 00:00:00
2c283d6fe3628e20caec652ad3703c7e,3fbbc212fc65fe7bbcfd10e1de5f3748,delivered,2018-02-09 13:56:23,2018-02-09 14:15:43,2018-02-14 17:05:50,2018-03-09 22:24:51,2018-03-14 00:00:00
31874b1728b2dc2adbd7ac767892fce0,daf22b7353d8e5021df9894b32dd6b45,delivered,2018-06-02 08:47:12,2018-06-02 08:55:27,2018-06-04 13:49:00,2018-06-26 18:50:45,2018-07-17 00:00:00
31be4a9a42c356eb746eee159757c1b5,aff2bc2049dba7f43d6997a6e0994a1f,delivered,2017-07-09 14:42:48,2017-07-09 14:55:12,2017-07-11 19:43:54,2017-07-28 13:47:54,2017-07-21 00:00:00
b1a8f9e83e8f8ebbd4393a2d846f9a8f,2f4d8102bda583f251263fd4c635d215,delivered,2018-08-08 22:22:00,2018-08-10 03:10:08,2018-08-10 14:34:00,2018-08-23 20:56:38,2018-09-03 00:00:00
eb9cf2c383ca81f5d9750cc9e75fef41,1db74a8b644afe5d02543026ba693e76,delivered,2017-01-12 23:11:07,2017-01-12 23:25:13,2017-01-18 15:23:33,2017-01-31 13:42:14,2017-02-22 00:00:00
e156fa52d1754d15b5be6ec616331b99,7da29294f20d94ec7eaadf109a81d54d,delivered,2017-06-28 22:00:30,2017-06-28 22:10:22,2017-06-29 14:15:40,2017-07-04 16:27:59,2017-07-20 00:00:00
375d01d18f644eb19328130122fcc9ef,46ce57b8f1721044536796261b69e637,delivered,2018-06-18 15:02:38,2018-06-18 15:17:30,2018-06-25 12:47:00,2018-06-26 17:14:50,2018-07-05 00:00:00
0170e40334131d971605ae70efb33e4f,c0c87e50917bad186dc13135c1820d25,delivered,2018-07-18 07:17:35,2018-07-19 04:35:18,2018-07-19 11:02:00,2018-07-27 17:02:28,2018-08-10 00:00:00
84919c45bc47815d2b211367a0149ffe,06e91d7b3e9c206aab9bc9fdfecffb26,delivered,2018-04-14 10:39:22,2018-04-14 10:50:54,2018-04-16 17:52:08,2018-04-20 19:24:24,2018-05-04 00:00:00
69e55e8336714dba1ef5bc0a7c284d38,2a7b6d8ebbeaf0ef9a8b47e8c38f676c,delivered,2018-03-19 14:03:01,2018-03-19 14:15:35,2018-03-21 20:34:23,2018-03-27 19:46:34,2018-04-05 00:00:00
6113b6607a9b3dba19df73168d0923e7,bde9ef5cd79125bf73b55d5d0ca31600,delivered,2017-11-01 22:38:38,2017-11-01 22:50:32,2017-11-03 18:23:51,2017-11-21 18:02:24,2017-11-29 00:00:00
0560d129c1357ea719aab1cf2cd4f03b,31fbacf0ea2089c524643a24907ff72f,delivered,2017-07-01 00:04:15,2017-07-01 00:15:36,2017-07-04 14:12:40,2017-07-06 18:25:36,2017-07-14 00:00:00
42be6028bdacb5416ab5bd400589b0a3,a3d6e70f3986099ed45ef4b3ac960019,delivered,2018-08-07 22:40:33,2018-08-07 22:50:23,2018-08-08 12:00:00,2018-08-13 18:22:42,2018-08-16 00:00:00
4b2d035932915aa9c2a0d4d84cd6d3b0,09f4eb3d9181512ee7fe4bb6fcb5b1e3,delivered,2018-01-31 19:07:26,2018-02-01 19:37:38,2018-02-02 21:35:17,2018-02-06 17:25:05,2018-02-16 00:00:00
b0f4100fd9f021ab148a7f95815fa2fc,4498f5e3202243c58ae58247497599a5,delivered,2017-09-12 16:18:47,2017-09-13 03:24:54,2017-09-19 18:48:03,2017-09-28 15:13:46,2017-10-04 00:00:00
9399a675103ef72d04730f8062e1db06,7b8ba742814a479e4143a3e257545361,delivered,2018-05-01 16:43:02,2018-05-01 16:55:28,2018-05-04 08:12:00,2018-05-08 18:18:34,2018-05-16 00:00:00
4f851e6056e99764b563bff8fa90cd99,971c855da055149bf4a129ed983de936,delivered,2018-04-10 07:36:20,2018-04-11 14:31:24,2018-04-12 18:19:03,2018-04-13 19:01:20,2018-04-26 00:00:00
3f78a6201286f6b6bcffb1a2b883b1f5,c1f3a8a08aa2c796bec1efbd3d573382,delivered,2018-03-08 19:20:03,2018-03-08 19:30:39,2018-03-13 00:51:26,2018-04-02 22:50:06,2018-04-06 00:00:00
0a7beb2015960a4d8c4ec8bbde5a1f5f,310933b9b463e39423744c745b979477,shipped,2018-01-20 18:43:17,2018-01-26 17:03:49,2018-02-17 02:22:48,,2018-03-06 00:00:00
2bd634364e8082c1cfa1dc9391fa2a44,cf27417496ed0eb9daf8a4adc65686ca,delivered,2017-11-13 15:17:00,2017-11-15 02:47:18,2017-11-20 20:48:40,2017-11-26 15:04:49,2017-12-04 00:00:00
2c3e691445b0edeba4836606bbb095c9,b1262a81b8c88e650642ec06959b973a,delivered,2018-06-05 16:35:43,2018-06-07 02:35:21,2018-06-07 15:32:00,2018-06-11 18:52:05,2018-07-12 00:00:00
3bf7afbf899683dbd726ff8b50d69c76,86ef5367d9dbecc464c6118221706536,delivered,2018-08-01 14:47:50,2018-08-01 14:55:21,2018-08-01 16:42:00,2018-08-03 20:29:31,2018-08-14 00:00:00
1ed7a9f105bb93051eb43d410118a2f1,52d598f0c12d5b6e3e692560e34ec0bd,delivered,2018-06-19 11:38:23,2018-06-19 11:58:05,2018-06-20 16:57:00,2018-07-03 17:52:31,2018-07-12 00:00:00
7ea46f2568975eb7b121e1b8093869fa,0b23173df4256132c3b3e3fe16c7f255,delivered,2018-05-11 10:09:09,2018-05-11 10:29:49,2018-05-11 15:05:00,2018-05-14 19:54:22,2018-05-24 00:00:00
6332fe107a5380313f3f40acc5823b90,4fda921eb59b74ed21c9b69c470b8fae,delivered,2018-06-20 10:09:01,2018-06-20 10:44:05,2018-06-20 13:52:00,2018-06-26 20:37:19,2018-07-13 00:00:00
b10b53f757455227e8b972cb1faba733,da7ad15b4e8b7a4c99e41ce7a4a0a1d3,invoiced,2017-08-15 20:44:01,2017-08-17 02:50:22,,,2017-09-19 00:00:00
22e36c3e04ec75fdbe5ba6540fe0e649,a7d213cfd2ebd93950339fe79d6b9fbd,delivered,2018-07-16 19:13:44,2018-07-18 02:41:49,2018-07-19 15:39:00,2018-07-21 13:26:54,2018-07-26 00:00:00
076d1555fb53a89b0ef4d529e527a0f6,f08306b95370e8d5f0d97b71229284b6,delivered,2018-07-30 10:04:21,2018-08-01 04:35:22,2018-08-02 15:04:00,2018-08-08 00:46:43,2018-08-14 00:00:00
856810a950aa2ddd3f8e1016428132df,52ac2fdda5d32c848a5234a3226228c7,delivered,2018-03-23 07:29:56,2018-03-23 07:50:32,2018-03-27 20:57:19,2018-04-09 17:18:13,2018-04-11 00:00:00
9bfe486cba6ba9af52af7bfe86ff9859,65348c9d451e37ed221909136f01ea7e,delivered,2018-06-21 14:35:23,2018-06-21 15:00:00,2018-06-22 16:02:00,2018-06-29 20:27:47,2018-07-18 00:00:00
0adaff16f16a26f5570209f0473fd609,4b7cea06a4086564b33d9ec3ba877109,delivered,2017-05-05 11:59:39,2017-05-06 02:22:32,2017-05-10 13:23:27,2017-05-12 09:17:33,2017-05-26 00:00:00
fd84aa1fc4c825c367cbb777d82e5a2a,11e6c1e1c69c492681319ffe14aab2eb,delivered,2018-02-24 23:18:14,2018-02-24 23:30:22,2018-02-27 17:52:50,2018-05-11 19:32:35,2018-03-27 00:00:00
986dfd5411cb5a65f3fe024bdb0d0745,0d0d6e3ef1bb0fc138cc892552ece941,shipped,2018-07-03 19:59:42,2018-07-05 16:05:58,2018-07-04 14:15:00,,2018-08-20 00:00:00
1854a6f99182e2eb617259d3336b7e70,c0938cd0745a2eab0fb613b66f288ba2,delivered,2018-06-02 17:13:12,2018-06-02 20:12:23,2018-06-19 09:28:00,2018-06-28 19:56:24,2018-07-26 00:00:00
f7886facb594e65f0c41cdbb0583b560,a6d276e9c75cfeb2db5ddec9add0565e,delivered,2016-10-05 20:20:57,2016-10-07 02:48:30,2016-10-14 23:21:18,2016-10-20 18:14:50,2016-11-29 00:00:00
c5080a16e1592695ec1c6cf3bad4e7f8,9de61a1bfe6d0c33ca06b1c0ad76c0d0,delivered,2017-04-09 21:12:29,2017-04-09 21:25:11,2017-04-10 16:44:25,2017-04-13 12:42:52,2017-05-04 00:00:00
6f3b34d75d61bdd8ef79ba590a88ba5b,c66fcdb3319d2ebf6058b6634d1e86a4,delivered,2017-05-13 23:46:28,2017-05-14 01:10:24,2017-05-17 10:36:53,2017-06-02 10:47:55,2017-06-12 00:00:00
e1b2b399fc8d82464976a550af8ee646,8264e3518163dd09211870b24a5d741d,delivered,2018-03-24 13:38:59,2018-03-24 13:50:48,2018-03-28 20:42:25,2018-04-08 22:34:30,2018-04-12 00:00:00
7ac91e0f915f57f3e9e3986b7c448289,748408d5f1ac7ed2b6fcc8a3aeea25cc,delivered,2017-11-19 13:23:00,2017-11-19 13:46:18,2017-11-21 22:56:58,2017-11-29 19:11:53,2017-12-13 00:00:00
5d044d3cc3e80835784584a8df1a20a5,c2957ddd63f491db5281e8601eaeca9e,delivered,2018-05-19 13:37:58,2018-05-19 13:51:38,2018-05-21 13:59:00,2018-06-04 21:46:33,2018-06-07 00:00:00
c72933a2493f0ce8b9631656d78520fd,9f4eb6c88f93bf521e42f8aa8fe3f974,delivered,2018-07-05 20:51:02,2018-07-05 21:11:59,2018-07-06 10:54:00,2018-07-13 19:33:48,2018-07-31 00:00:00
5f10b25bf1ca7b7f55731524ad40b1ad,d94c483a63b1d3634fd82ff668124edd,delivered,2018-08-15 22:18:25,2018-08-15 22:45:10,2018-08-16 15:26:00,2018-08-20 22:04:00,2018-08-24 00:00:00
c7e061193b749f7a762209326b964dc4,3747814954da96f7b6923584ccb0cacf,delivered,2017-10-28 13:15:17,2017-10-28 13:35:15,2017-10-30 21:23:36,2017-11-23 16:55:41,2017-12-08 00:00:00
64e0ed97e04ee5c08429934ecab18de9,1925b748fac75d83dfbef4179ce1b880,delivered,2018-02-23 14:29:54,2018-02-23 14:50:59,2018-02-27 16:25:39,2018-03-19 23:08:23,2018-03-16 00:00:00
09476766faf9215ae60de94d7c259801,a7ca77c243e6f130b70aa2cedcf78f7f,delivered,2018-05-11 13:35:48,2018-05-11 14:57:59,2018-05-14 14:46:00,2018-05-18 17:34:32,2018-06-05 00:00:00
392b29c08332cc1f57af36e3e094c276,f8575353f39a6549e55ad3c274e0936a,delivered,2017-10-10 16:06:13,2017-10-11 03:14:47,2017-10-13 17:33:41,2017-10-17 22:29:06,2017-10-27 00:00:00
d9515cd3ca09c7b9b751f077d2adfc84,47e2de6eab3618c1d08f51f6d3af4826,delivered,2017-01-30 17:05:18,2017-02-01 04:35:07,2017-02-13 15:25:39,2017-02-20 13:34:04,2017-03-10 00:00:00
a574fbd4ec3b7064ac9a3817ee71c044,fcb49f867923861e95f4c48620d14a21,delivered,2017-10-23 00:04:49,2017-10-23 00:25:23,2017-10-23 19:09:05,2017-11-03 17:53:40,2017-11-30 00:00:00
f69d0a58330775f717bb47e9640e4c04,8fb6b9575e3431297555c4a59b070768,delivered,2017-07-11 23:32:40,2017-07-12 00:35:14,2017-07-13 14:24:46,2017-07-17 18:31:27,2017-08-02 00:00:00
75fb23d26903b71ce3dd550ae22d2cc1,3c6484a7438cd35dcc54f53f4b945829,delivered,2016-10-10 09:23:48,2016-10-10 12:02:45,2016-10-14 12:02:46,2016-10-17 13:02:46,2016-11-30 00:00:00
4cbf1cc60a2d1704a70e11ee8be1510a,406c8e1382162dc6bef214e0c01fc297,delivered,2018-01-01 17:03:13,2018-01-01 17:11:48,2018-01-02 15:58:13,2018-01-10 13:45:30,2018-01-30 00:00:00
e47353f32490612c3a0666507c09b8fb,b921e4c10af0bee895e4ae1ebeeb46be,delivered,2017-10-22 21:10:34,2017-10-22 21:21:22,2017-10-24 18:39:39,2017-10-26 21:55:55,2017-11-03 00:00:00
d710cc27e881afaa41ec9e8aaa954a89,af35a10dbb0aa8d88e7f0462fce833ae,delivered,2018-02-14 10:57:27,2018-02-15 04:30:49,2018-02-20 18:17:46,2018-03-06 14:49:36,2018-03-15 00:00:00
57659922ff6231d2d291063a626d9063,3ada412b472dd7ea7f5d6895a6fd3370,delivered,2017-04-03 17:25:59,2017-04-04 06:02:31,2017-04-07 14:20:17,2017-04-13 13:15:39,2017-04-26 00:00:00
ac05f13680c4e4da78427313ecbe0a6e,b895d8a9142551ff5d7caad5e3d379b4,delivered,2018-07-05 11:34:09,2018-07-05 16:30:33,2018-07-05 13:10:00,2018-07-12 21:28:58,2018-07-27 00:00:00
fa7d72fd5ce0a155a608f0981ef23c91,1006e6c8479e95cef7612414cf33059f,delivered,2018-08-15 18:52:16,2018-08-15 19:05:21,2018-08-17 13:35:00,2018-08-20 19:26:31,2018-08-29 00:00:00
c942d232f05adc081f767f145dd8fa36,b633be7f9ec1d5e7c5dbcbf2c5f15354,delivered,2018-02-22 17:58:32,2018-02-22 18:10:32,2018-02-23 20:47:16,2018-03-16 02:09:31,2018-03-21 00:00:00
202e894238874491c6d7ab51da37d94c,db3a94ab9a8dfb3572f57e6f0e017363,delivered,2018-02-16 14:52:20,2018-02-17 14:46:52,2018-02-19 20:26:48,2018-03-27 14:03:04,2018-03-13 00:00:00
1afc78423ebc34ed1e97cb320ac86620,ce9917011643785195fb96c64c8b8db9,delivered,2018-04-02 23:31:00,2018-04-02 23:47:58,2018-04-03 19:49:32,2018-04-09 19:22:50,2018-04-18 00:00:00
2cc24fbadbb75e8e8922ca2671262b0a,93a31628afb977c8a4ac3bddb9068054,delivered,2018-06-09 20:12:40,2018-06-09 20:31:37,2018-06-12 16:25:00,2018-06-18 21:07:16,2018-07-11 00:00:00
23bdd0be32ec574e0bfb0ae381405424,4a84e6a099bf50bbf5c3fe6f1aced99b,delivered,2018-08-01 16:15:05,2018-08-01 16:30:16,2018-08-03 16:22:00,2018-08-08 15:49:00,2018-08-17 00:00:00
c5a49aa0c426e9c86aeb67a275c1a490,6970ff7981ff18da1b6035c94a3a9e9e,delivered,2017-05-17 18:26:35,2017-05-17 18:42:21,2017-06-05 14:52:17,2017-06-23 12:09:15,2017-06-20 00:00:00
5d4904af2abec966288d8236c091bbda,301244891b00c0b50ec19d1707ff24f6,delivered,2017-05-13 18:20:06,2017-05-13 18:30:12,2017-05-16 12:01:42,2017-05-26 18:03:39,2017-06-02 00:00:00
a4396e55c140360b67296ee34f56752c,3e345e7e395a3ddd11abf786d6d74e3e,delivered,2018-07-23 14:13:23,2018-07-28 23:31:03,2018-07-26 10:17:00,2018-07-30 20:43:33,2018-08-17 00:00:00
2abaeadd36049815bac47f33e2ad3789,2a7dd1fbbb9bd76389b3882337e071f5,delivered,2017-03-08 20:17:07,2017-03-08 20:17:07,2017-03-09 16:06:10,2017-03-17 12:08:18,2017-03-31 00:00:00
7b310640f39d05e4f9beec5feeb8a9a5,034a67c9a4d321daf61515903eb02063,delivered,2017-12-28 15:28:39,2017-12-28 15:38:22,2017-12-28 22:22:10,2018-01-04 22:35:29,2018-01-29 00:00:00
c262a5f352a22159735734b273a4b888,7e525088ec0cbb01d466d0286f2b97d9,delivered,2017-10-18 11:41:18,2017-10-20 02:56:33,2017-10-20 19:05:52,2017-11-07 18:16:57,2017-11-13 00:00:00
0c00eb38b29dd352b15a6ee44f8a531a,616c98205174419827715be4466f8ef5,delivered,2017-09-28 10:46:42,2017-09-28 11:04:39,2017-09-28 16:18:57,2017-10-11 22:43:46,2017-10-31 00:00:00
f75d10ef288341085a1387de1052dfb7,6364e749f40ba21258f2ba31934d0593,delivered,2017-11-03 23:42:39,2017-11-03 23:55:49,2017-11-10 16:08:37,2017-11-16 22:39:36,2017-11-23 00:00:00
2f06a1fccf41b5ff7deb2ece494784f4,71483f0a767d32ad1f94a6cdb2afa6a1,delivered,2018-01-21 19:17:39,2018-01-22 13:57:30,2018-01-25 23:42:13,2018-02-01 20:18:23,2018-02-20 00:00:00
0988c678736998fba42218af0ebf2c1f,bd79156d8cd3466ec6c16a1153d80520,delivered,2018-03-11 19:16:45,2018-03-13 04:40:29,2018-03-13 23:17:09,2018-04-17 22:16:34,2018-04-16 00:00:00
9be09a23b7be8c02182ea310a949ba4b,dcc6dcbdb2b82cdda0fbf9be6d1f2ecc,delivered,2018-05-08 10:56:01,2018-05-08 11:09:45,2018-05-08 15:31:00,2018-05-11 14:53:09,2018-05-29 00:00:00
a55541361989054e33eeefbe9f6cf4d8,ca8997594ddf362159cbd41efe9a9827,delivered,2018-02-20 14:35:23,2018-02-20 14:51:19,2018-02-22 17:08:36,2018-03-10 00:57:41,2018-03-14 00:00:00
67cfccdc9f8cc58dc90fecf42712731a,b58f23566db09007cc825632374c55e8,delivered,2018-06-24 22:43:51,2018-06-24 23:17:48,2018-06-25 14:45:00,2018-07-02 22:16:56,2018-07-20 00:00:00
148e87a8ff911451dd96a8375d138447,6aec49bfd345b021cbe84bcdb51f7d12,delivered,2017-09-01 18:32:18,2017-09-01 22:25:51,2017-09-04 17:47:54,2017-09-11 22:41:58,2017-09-26 00:00:00
3b49e8b3142b569c258368484a58bcea,898b4f6c2893bf2d77c56ff4d7eedfcc,delivered,2017-11-15 12:00:16,2017-11-17 03:35:47,2017-11-22 17:02:13,2017-11-28 15:17:15,2017-12-06 00:00:00
9e0e712546092840f5d209f6d4864f8e,220d33ea999487ba945f1c187f92ad04,delivered,2017-07-10 16:22:12,2017-07-10 16:30:29,2017-07-11 17:03:53,2017-07-14 19:39:41,2017-08-01 00:00:00
3a6a52cd14ff4ed808a62999c78f2226,22a0d3267eca495ae5c5ea5aea7cd2b9,delivered,2018-08-02 18:21:28,2018-08-02 18:35:10,2018-08-03 10:40:00,2018-08-04 17:11:08,2018-08-10 00:00:00
b9c0b1f4d54b647c2de2b065bf82adaa,3907d7c4513f0a3687e30d5106813a01,delivered,2017-11-24 20:36:37,2017-11-24 23:53:11,2017-11-27 23:46:51,2017-11-28 20:35:56,2017-12-08 00:00:00
0016dfedd97fc2950e388d2971d718c7,2c8b917c5d7dd720ebe36a5ed3b501ec,delivered,2017-04-28 19:54:40,2017-04-29 10:05:12,2017-05-16 08:40:49,2017-05-22 18:32:21,2017-06-01 00:00:00
453b7a88cd66cd9e4210f05233cbf197,d6390fa5ef00fd7645498bdc63c38e50,delivered,2017-02-09 20:43:22,2017-02-11 14:40:11,2017-02-14 09:16:25,2017-02-17 10:23:45,2017-03-08 00:00:00
f4292190db56513f0a25ed9fa7fd2f10,7535c2b0ea212f291e0379e60a80888c,delivered,2018-01-03 10:05:57,2018-01-03 10:14:32,2018-01-05 19:45:57,2018-01-09 17:59:04,2018-01-26 00:00:00
ee9f6e9060450329e05aef3781e5ed38,bcbb4274a2c95a722079735b41f2d696,delivered,2017-11-23 19:33:21,2017-11-23 19:48:06,2017-11-30 00:18:45,2017-12-21 20:17:41,2017-12-22 00:00:00
22fed2ece8a0be1e992b0233796e62e1,2b77b28f50ccf9d13e149e374192d7ed,delivered,2018-05-11 11:35:31,2018-05-12 11:32:17,2018-05-14 14:58:00,2018-05-15 20:44:31,2018-05-22 00:00:00
e9a87f539448764e674a6b96122c3ef3,c3c705bc2da08d28ea0c6a1350747fc8,delivered,2018-01-19 08:49:47,2018-01-20 09:16:13,2018-01-24 12:58:04,2018-01-26 15:37:31,2018-02-05 00:00:00
2305ed31728716b03cd76aef3ace0377,d5ac978cbe8407b56fe9b45e0eb7ce9a,delivered,2018-03-22 19:14:09,2018-03-22 19:30:26,2018-03-26 19:27:46,2018-03-27 22:22:20,2018-04-04 00:00:00
c8b6a10fdc0b6fb3040774de4aa672eb,2d55edbcc093c74fe979c9af3f37de63,delivered,2018-08-18 15:19:31,2018-08-18 15:30:16,2018-08-22 06:26:00,2018-08-27 13:34:48,2018-09-11 00:00:00
e1340387000e6eeb71a9a7f65013c9bf,e4d617cbd4195b7885dc29d5ea5dccfb,delivered,2017-08-07 21:13:12,2017-08-09 02:50:30,2017-08-10 19:33:54,2017-08-23 18:56:53,2017-09-14 00:00:00
1c4bf073acd58cd827c2ff0c97466bfa,087472c809af7a09b9cbf42d9938801f,delivered,2017-12-05 13:52:17,2017-12-05 14:31:06,2017-12-06 23:04:37,2017-12-15 20:18:10,2018-01-08 00:00:00
eb2eaefa4195b7025954852dd88844a1,401f727dfc877a589db90428d30a7a34,delivered,2018-02-06 17:06:54,2018-02-06 17:32:27,2018-02-07 18:35:27,2018-02-15 15:03:45,2018-03-02 00:00:00
c5a28b8419934838e84eb4e5aef5a3b5,f84d0d7ea2cf322d3255ed470e443de5,delivered,2017-09-23 19:05:29,2017-09-26 03:49:33,2017-09-26 21:55:59,2017-10-05 10:28:52,2017-10-25 00:00:00
05b3514bb9492bc0eb20959fbf445927,f08cbd00eae908d02c0c4984598f1d2e,canceled,2017-08-03 19:04:35,2017-08-03 19:15:23,,,2017-08-28 00:00:00
d1ec284532e192ddc41c2a400620e697,995a7b232e49271ee4f4896689b3c718,delivered,2018-04-17 16:57:48,2018-04-17 17:10:52,2018-04-18 19:32:23,2018-04-20 20:16:31,2018-05-23 00:00:00
03d7f508a18d76f89489c40b7008f7e4,c9a67b1df99803321bd59735c389a6c5,delivered,2018-03-15 08:51:49,2018-03-15 09:09:30,2018-03-20 00:41:57,2018-03-20 17:30:59,2018-03-27 00:00:00
9d8eb4197962f028d0a0f9caa37f0402,35364204862e86eb7c42936976e8858b,delivered,2017-02-02 21:15:18,2017-02-02 21:25:09,2017-02-03 17:51:39,2017-02-16 11:42:34,2017-03-07 00:00:00
bd069f6bcfb7933f3c7675d5dce3692f,8fd92068ccf4681ed8b1568fcfda910a,delivered,2017-09-03 21:38:12,2017-09-03 21:50:13,2017-09-11 20:32:24,2017-09-15 19:48:52,2017-10-02 00:00:00
cb55e6deb67ba10e409f5e3e0a968254,ca585d20191f99e8dd7c811fe666b63c,delivered,2017-12-01 15:11:37,2017-12-01 15:30:45,2017-12-04 23:53:45,2017-12-13 20:27:02,2018-01-02 00:00:00
3ff313d5a95fbba4b58f90086504022f,c9a0399124a3f27ccd79c5d8ea1b7e7a,delivered,2018-07-13 12:26:05,2018-07-13 12:35:15,2018-07-18 06:52:00,2018-08-08 17:26:47,2018-08-02 00:00:00
4757ef1fa10e5a5cc3e8ec29639f11f1,e5feed3cff22b82b296958c3027797b3,delivered,2018-03-17 14:07:05,2018-03-17 14:28:30,2018-03-19 19:36:46,2018-04-09 17:12:06,2018-04-16 00:00:00
8dbbaa1122fc9db0a1c9955c388cd3b9,7759c30a7e23c7cb3aa0c2592818b1d0,delivered,2018-05-11 18:25:50,2018-05-11 18:35:26,2018-05-12 08:07:00,2018-05-18 16:41:16,2018-06-04 00:00:00
e28b309a54ca704f4ef3c6fa95da3fb5,8783747182004d9279315f7a1193ed63,delivered,2017-06-19 08:18:35,2017-06-20 08:30:20,2017-06-21 12:45:28,2017-07-12 20:32:11,2017-07-19 00:00:00
98dd9c43c306401e85dec3ca829faea3,206eede398a0e68dbba3f1465e45c58e,delivered,2017-10-17 08:24:41,2017-10-17 08:35:57,2017-10-17 19:25:37,2017-10-24 18:42:13,2017-10-27 00:00:00
f4ebe4ce4e9765df6954a4fbc44ed37f,6205eba809f9e95f3fa8118401f27b50,delivered,2017-03-05 13:14:01,2017-03-05 13:25:10,2017-03-09 10:51:15,2017-03-20 15:42:42,2017-04-06 00:00:00
53f691559a46605daffc49da7f178bee,822a47d8360c4c5a75af684ecbe5c9e0,delivered,2018-05-18 18:07:57,2018-05-18 18:19:39,2018-05-23 15:02:00,2018-06-02 10:38:40,2018-06-07 00:00:00
62e62c8885c148b639ca92db8629c1ac,58aee0d0dfbc927800d152c34dc5e530,delivered,2018-02-28 10:14:05,2018-02-28 10:29:47,2018-03-02 18:59:04,2018-03-26 14:52:27,2018-03-27 00:00:00
cc40ce12255e937ab19d9124f4d0d56b,07171815cfd9a9aa8ee3dd62767f3ad4,delivered,2017-10-06 15:04:26,2017-10-06 15:14:35,2017-10-09 18:58:49,2017-10-16 20:33:27,2017-11-03 00:00:00
a5019121adc7c53836f1542a4138c4bc,a6d2e55e57d8cc9cea5329db4a39b10f,delivered,2017-09-30 17:10:11,2017-10-03 06:34:44,2017-10-03 19:08:02,2017-10-06 16:08:32,2017-10-25 00:00:00
2cf768ba32e4d7172e9b86a2042f5c32,0b724a70ab89854f2f367fd0a41f1974,delivered,2018-02-13 10:10:16,2018-02-15 03:47:34,2018-02-17 00:29:07,2018-02-22 20:32:27,2018-03-02 00:00:00
79363f9fc08a1bbeaf0964557a3f2db7,9602ae4aed9c7e5a1c9d07548424a77a,delivered,2018-06-19 08:06:29,2018-06-19 08:16:34,2018-06-21 16:08:00,2018-06-26 14:02:49,2018-07-17 00:00:00
898377de9edf5bb634bf69bea116a339,d22efbc2bf3e677943e5308d143715bf,delivered,2018-03-24 11:32:40,2018-03-27 04:08:48,2018-03-27 19:52:08,2018-04-06 18:32:52,2018-04-12 00:00:00
0b84583d6c4780ec023cc037e77410d2,a1306c28063b41c54726e91e24ffcb3a,delivered,2018-01-08 15:45:44,2018-01-09 07:20:59,2018-01-10 20:23:14,2018-01-12 21:58:47,2018-01-24 00:00:00
09c0dd7d518cf413ce20facd85bedd5f,f4f12b8475349e0391008cf5e621a65f,delivered,2018-02-26 13:03:45,2018-02-26 13:15:33,2018-02-28 16:23:20,2018-03-01 18:53:04,2018-03-16 00:00:00
3c29c49c27446d81598a17be68d8f19a,737f9ac7c2fad62ec717bbe3583c02f2,delivered,2018-06-10 15:44:20,2018-06-11 16:42:37,2018-06-15 08:31:00,2018-06-19 22:38:44,2018-07-03 00:00:00
10a8ab52ea001eb59beb9c0f97d72eab,7dd6b8c6aa412198c9b992768af8683a,invoiced,2018-08-07 02:42:38,2018-08-07 02:55:15,,,2018-08-16 00:00:00
e98b495d3efa269c922cf62d18c6e2ec,d2e0a313c6cbcf5207d54139631379fa,delivered,2017-12-01 11:58:02,2017-12-04 09:58:43,2017-12-05 19:19:10,2017-12-12 19:17:54,2017-12-29 00:00:00
4060a8c4cf4cdd2f9ffd6f7af3930fde,82e537298d0d9ab2e0f7d1a2c2b6a3d4,delivered,2017-11-23 18:49:03,2017-11-24 09:38:33,2017-11-24 18:31:55,2017-12-15 01:28:34,2017-12-19 00:00:00
ebd36ae6078da11e32ede1d950819ed8,6c8e558f8ea68068d8b0ca0245d0cb0e,delivered,2017-04-20 12:39:23,2017-04-20 13:10:11,2017-04-24 09:42:40,2017-04-30 06:33:04,2017-05-12 00:00:00
8dea767bef43a63174e344d0750bbb84,4a01e37356144728056d703b386ac1cb,delivered,2017-11-14 12:57:33,2017-11-14 13:10:42,2017-11-16 18:13:48,2017-11-21 18:18:43,2017-12-04 00:00:00
bcd1f5bd3d7c694c6e68bd6b5e7f24a4,53919e6dfe1a7726f30dd10c4d89a085,delivered,2018-05-18 14:37:45,2018-05-18 14:57:36,2018-05-22 06:18:00,2018-06-12 16:06:00,2018-06-07 00:00:00
e0c12aa623c335d47b20986efb7bbd74,fc057bc7c190883369794b851d6f3ab0,delivered,2017-09-14 09:44:40,2017-09-15 02:15:15,2017-09-21 18:12:07,2017-09-27 19:35:35,2017-10-10 00:00:00
3536c2b6622912ea000e2358a139ddcb,855a5be4b3b7ba38a048ba086647be0b,delivered,2017-11-28 22:08:05,2017-11-28 22:30:18,2017-12-01 19:32:57,2017-12-11 21:37:22,2018-01-02 00:00:00
996a763f13df13d00d9d9fd94f29f619,def0f35e7eeaf2031d59dcca9bd56bc6,delivered,2018-06-21 16:50:33,2018-06-21 18:20:50,2018-06-22 12:58:00,2018-06-28 20:04:14,2018-07-20 00:00:00
b276f402443d899868708548298c858f,e8bd9dedb1baaa09c28c86c31597ac70,delivered,2018-08-03 23:50:15,2018-08-07 04:24:29,2018-08-10 12:25:00,2018-08-11 16:21:37,2018-08-10 00:00:00
b5f6cf402404052650b6ca5f41f71434,ae2fa6e2989d06d2f7e68ea1d1510ea3,delivered,2018-06-13 17:04:59,2018-06-13 17:20:19,2018-06-14 14:30:00,2018-06-15 21:32:46,2018-06-28 00:00:00
c46eb22210707fb554e033849d39b24c,49427b49e7addb6ad5680c3491475991,delivered,2018-05-16 12:21:15,2018-05-17 03:16:19,2018-05-17 15:01:00,2018-05-18 13:10:33,2018-05-28 00:00:00
9c45d684670744358dfa62bf619d648f,8e343e49837144656a76f9dcecd12175,delivered,2017-08-22 21:35:07,2017-08-22 21:46:25,2017-08-23 17:16:42,2017-08-25 16:20:32,2017-09-14 00:00:00
13ca758b93a2298b4571f97a8a97e3e5,f6a6b6537e91cdb94efd469d48d78690,delivered,2018-01-15 17:03:23,2018-01-16 03:40:05,2018-02-05 18:50:01,2018-02-06 15:56:54,2018-02-09 00:00:00
acb8a8355ba526f10697c17f40dc3352,232fc199e2c1159c64a569a38816e593,delivered,2018-05-22 09:53:18,2018-05-22 17:14:33,2018-05-23 14:12:00,2018-05-24 15:40:44,2018-05-30 00:00:00
8c7dfc8db40e356b09b711d9382eb60e,6e736039588cb75bc6f72b4ecdea2001,delivered,2017-11-08 15:52:48,2017-11-10 12:56:06,2017-11-16 21:22:55,2017-11-22 14:28:02,2017-12-01 00:00:00
75926452a6f0f64a617dcb3b3b35a96e,879fd38fe4b5b07b823a30f1139bb682,delivered,2017-12-29 19:07:20,2018-01-03 04:19:34,2018-01-03 20:58:47,2018-01-11 21:09:38,2018-01-26 00:00:00
f3100bed66fcc67bf69111059a3aa4ac,033fddf04734fc23644c3d6298562372,delivered,2017-12-09 23:33:21,2017-12-09 23:50:30,2017-12-11 22:27:16,2017-12-13 17:47:01,2017-12-28 00:00:00
6e1e856a0fa5c51efd83408e3f8d1fe3,d6819da44ecb6d2001b72d4f19ce1e4f,delivered,2017-10-24 12:20:42,2017-10-25 02:28:21,2017-10-25 19:09:22,2017-10-26 15:44:51,2017-11-06 00:00:00
154e1f0a7267e7d9269d772aa4beeab7,f97863baca8a05e51370446679195ef3,delivered,2018-08-13 18:35:18,2018-08-14 10:55:11,2018-08-15 15:01:00,2018-08-22 16:11:26,2018-08-30 00:00:00
8ae8d8173866d2467bdd036f34c5a86b,64f9dc7d9820632fd633116252d79a89,delivered,2018-03-21 12:48:16,2018-03-21 13:08:28,2018-03-22 19:37:43,2018-03-27 18:05:41,2018-04-09 00:00:00
5e9d20f05b27d15f099382c8d812e136,f51a083e0f7c856683e0b684ebf92ed7,delivered,2017-04-08 01:33:53,2017-04-11 03:55:35,2017-04-12 15:45:30,2017-04-18 16:55:11,2017-05-12 00:00:00
9e30c2d3e89eb62b57a1bd4563531cef,fe12426fa08047fa2b44da587db1bb28,delivered,2018-02-01 16:27:39,2018-02-02 03:37:35,2018-02-02 16:06:44,2018-02-17 00:18:50,2018-03-05 00:00:00
079aa97bd14929502e11d87d14790792,6e544db78613e468780690fcdd22a7bc,delivered,2018-08-14 17:11:29,2018-08-14 17:30:32,2018-08-15 12:22:00,2018-08-20 17:09:01,2018-09-03 00:00:00
8ba70ffa9e502e40f33a3f9f59d739d5,1588284779024227e9d4a4cd7ada16a7,delivered,2018-05-02 19:51:26,2018-05-02 20:53:01,2018-05-03 16:51:00,2018-05-22 16:27:52,2018-05-30 00:00:00
3710f61b45bb40db596e352722b6937e,e54e09bbe2be2674c611aa7a6456a8e7,delivered,2017-09-07 18:43:07,2017-09-07 18:55:08,2017-09-11 19:48:00,2017-09-27 19:42:35,2017-10-09 00:00:00
ded320f8039d7a35a324cf22f83fdf67,fa10097e0f3f7df15ee8238d696d157e,delivered,2018-02-01 10:18:35,2018-02-01 11:50:41,2018-02-01 23:00:03,2018-02-19 22:11:41,2018-03-01 00:00:00
af9c840cca8fc0cb05a2f9e9ec923fa6,ede0af891a1bd75e55b44eaf6f6a458e,delivered,2017-02-23 15:07:15,2017-02-23 15:15:18,2017-02-24 08:15:59,2017-03-02 10:05:17,2017-03-20 00:00:00
c5976da90bd31c7f760891b7db4e0c9b,66a3f3356033193e40383a4f9888934d,delivered,2018-02-22 19:13:33,2018-02-22 19:27:54,2018-03-01 00:09:11,2018-03-02 18:07:12,2018-03-08 00:00:00
ce86f3b70e7bb8cd539eaed55e3553f5,10474c1a58f214226d86ac3b7a41edb2,delivered,2018-07-14 04:13:19,2018-07-14 04:25:06,2018-07-16 14:49:00,2018-07-24 14:12:47,2018-08-02 00:00:00
721ee49ca54fe5b73b1871b5e4cb1f57,b01a719a8ded8e727b7f6ab38e0df273,delivered,2018-06-26 21:42:26,2018-06-26 21:55:17,2018-06-27 10:16:00,2018-07-09 21:58:30,2018-07-19 00:00:00
69ac71086ec549aa1752b27edc954d40,95ec62e8d34f56e5eb89e9f8794cb2a0,delivered,2017-02-07 20:15:42,2017-02-07 20:25:21,2017-02-09 09:34:16,2017-02-23 04:28:51,2017-03-08 00:00:00
5a117521edf7b0ba502be754df6aac63,a3926309e844be59b488518e21e54b61,delivered,2017-12-17 10:50:51,2017-12-17 11:14:15,2017-12-18 19:09:14,2017-12-30 14:24:49,2018-01-11 00:00:00
6b1e15c6a0e45c136eb1b2474ca126e9,45856349acbad3f1df3fc464e53586eb,delivered,2018-02-19 08:00:02,2018-02-19 08:10:20,2018-02-20 20:25:04,2018-03-28 16:19:05,2018-03-14 00:00:00
95a08547138ca5fa14fae54639939af6,138e0ddb0ba1dffb0f7190b2399c4a3a,delivered,2017-03-19 13:41:44,2017-03-19 13:41:44,2017-03-20 08:52:38,2017-03-24 09:27:57,2017-04-12 00:00:00
bf38e43fc10f062f5be5368acdac8415,009bd844996868ab5166ade7dd9ab471,delivered,2018-02-13 18:07:47,2018-02-13 18:27:12,2018-02-15 00:43:13,2018-02-16 15:34:39,2018-03-01 00:00:00
b9895a352437ec0701eccabb55cc43ea,2c5c4d10f5fd1cc22c6e4548143f5c43,delivered,2018-04-15 17:14:30,2018-04-17 05:50:47,2018-04-18 23:48:26,2018-04-23 14:02:27,2018-05-03 00:00:00
8e213471c11bcad28837b1442a6f041a,61d08c372ebb31964180a47ac8159b52,delivered,2018-06-11 15:46:48,2018-06-12 05:16:27,2018-06-12 13:09:00,2018-06-14 13:38:51,2018-06-28 00:00:00
ac3b2d2f26b74c0c5f1e28c2f35abbc8,795dd2084a93274d000e07aa68dee14e,delivered,2017-12-05 14:49:41,2017-12-07 15:33:16,2017-12-09 11:46:43,2017-12-21 20:42:28,2018-01-08 00:00:00
0b75da0be2772eb19f522706b2078530,298a8c70a96b6e4bb07c44841e5ddd6b,delivered,2018-08-21 06:58:44,2018-08-21 07:30:13,2018-08-22 15:32:00,2018-08-29 22:25:44,2018-09-24 00:00:00
eab1a39f86d8586c5bd5d18ec94b18d4,0437d633b71bb7bc68f45ab803c5e9a0,delivered,2018-01-25 18:40:45,2018-01-25 18:58:55,2018-01-26 21:03:45,2018-01-30 00:26:35,2018-02-09 00:00:00
e2fd862b6691f32026ecf43da3109f53,68998236e5b627c52c5e17b13898ade7,delivered,2017-12-08 17:02:16,2017-12-08 17:14:20,2017-12-12 21:36:51,2017-12-28 12:37:33,2018-01-03 00:00:00
e0e67abffe91118f26ee31c1d1ee8391,24b7b8dee2d1ad1547b6feeedf2d3946,delivered,2018-05-08 11:27:12,2018-05-09 04:14:26,2018-05-09 12:01:00,2018-05-10 18:52:14,2018-05-21 00:00:00
f4f8eefd039e279c8fac5a307cb469c3,c5156853ded5199521864606a85ff104,delivered,2017-06-01 13:23:31,2017-06-01 13:35:15,2017-06-12 09:57:43,2017-06-13 12:50:06,2017-06-26 00:00:00
1f186ad4ad389666cd9482ce1942038d,b3869e23f4d2aad91f558a1e535577d3,delivered,2017-09-16 01:30:57,2017-09-16 01:44:14,2017-09-19 18:26:01,2017-09-30 13:49:52,2017-10-04 00:00:00
839b18549775e2e18c8af2ef891474a7,84c828b2ccdffcda91efaee8b3a30314,delivered,2018-03-20 16:40:44,2018-03-20 16:55:50,2018-03-21 21:05:31,2018-03-24 01:18:37,2018-04-16 00:00:00
5266088c56ae6a700425da42e273e7cd,b8bcbc6a8e07056ec28ac9c53b0c1ee1,delivered,2018-04-02 11:15:15,2018-04-02 11:30:13,2018-04-03 00:31:29,2018-04-10 03:37:30,2018-04-18 00:00:00
b16fc35ee8e5ad2889854407c7046d18,2eb54b8e77743e0741a56d5db935f28a,delivered,2017-07-20 21:57:57,2017-07-20 22:10:25,2017-07-21 17:15:57,2017-07-26 11:14:18,2017-08-09 00:00:00
fde34cec546a38cb083843964bfe83a8,1ab59f4039d380a1fcb71406821bcc71,delivered,2017-05-12 14:48:10,2017-05-12 16:42:55,2017-05-15 11:36:08,2017-05-22 06:27:40,2017-06-05 00:00:00
96842863fc0b9e724387f412679beae2,51a8fc2b9e4808c0c05026e127c6e257,delivered,2018-03-20 16:14:02,2018-03-22 02:49:48,2018-03-27 18:18:50,2018-04-04 14:43:43,2018-04-06 00:00:00
396513d397289140cf00910157e8a715,3c1f10511adf3a72a288c95ee29dcbc6,delivered,2017-03-10 12:12:11,2017-03-10 12:12:11,2017-03-16 05:34:11,2017-03-28 14:10:17,2017-03-29 00:00:00
a2a7a8c26f134471a22568ddf011e175,8f4758b55faa41da554b30461fa84f3e,delivered,2017-08-09 21:02:12,2017-08-11 04:24:58,2017-08-11 19:43:07,2017-08-25 15:26:22,2017-08-31 00:00:00
b57e995a96941e23ee717939a2372baf,ede1cb1f72cca39d7966b210fb3bb14e,delivered,2018-03-19 20:48:34,2018-03-19 21:08:50,2018-03-21 15:12:50,2018-04-02 17:41:18,2018-04-12 00:00:00
b7137352bdf2d8985750a6b13d49b2d4,cf15b6699cb95e493cd6e71431ffda1a,delivered,2017-07-16 16:18:45,2017-07-16 16:30:19,2017-07-17 20:22:50,2017-07-26 17:26:25,2017-08-08 00:00:00
3cef2febcf9500f2509317c92f432e8c,3c014a4731d721cd7116661c22dc0f2a,delivered,2017-08-05 10:11:18,2017-08-05 10:25:17,2017-08-07 23:32:24,2017-08-14 19:16:07,2017-08-29 00:00:00
7856517e7eaf2cff7a161cb290aa2741,254f9f11445e826179175084812009bd,delivered,2018-03-13 10:51:13,2018-03-13 11:27:53,2018-03-15 15:38:45,2018-03-21 15:52:36,2018-04-09 00:00:00
decda04552d09fe71067557257928aaa,e6bd255da0a07c694653496c5c30c7ed,delivered,2017-05-09 21:09:48,2017-05-09 21:22:29,2017-05-16 14:49:55,2017-05-18 09:39:56,2017-05-25 00:00:00
3a62cd7c5ca5faeb968cbb94ad3d27bc,f7a7fde12caac6edfac4282c4675b4ad,delivered,2017-08-30 00:49:26,2017-09-01 02:24:41,2017-09-06 21:37:55,2017-09-13 17:47:49,2017-09-28 00:00:00
ee08d8ee1e91201837b8d764336db291,ac9f15ac913deba60cf80a4dc82fccd3,delivered,2018-07-18 12:50:16,2018-07-18 13:02:02,2018-07-24 13:43:00,2018-07-30 21:38:32,2018-08-08 00:00:00
b5946695c1837e21323da65699b4e187,c5591b513c6105e3a30573e90938b384,delivered,2018-04-15 18:30:42,2018-04-15 18:50:58,2018-04-18 00:48:35,2018-06-08 17:25:53,2018-05-22 00:00:00
36b746722f243c380682b35477411750,9b0b194acbdf6bdf7bde206fff44c173,delivered,2018-05-12 21:09:17,2018-05-12 21:30:24,2018-05-14 10:08:00,2018-05-19 15:18:45,2018-06-18 00:00:00
037a1aed2e8a5752977fd27aff7c230c,89a38ba4d20d8cc109418096b0e3cbf2,delivered,2017-11-12 17:20:08,2017-11-14 03:46:44,2017-11-14 19:51:57,2017-11-27 19:47:27,2017-12-01 00:00:00
494fa4e20c0a57c2f565a2d43a41462b,d6ac8c7fe64eb5e59bdcdd125ce9f5ba,delivered,2018-06-03 20:13:46,2018-06-03 20:31:24,2018-06-22 15:52:00,2018-06-28 21:33:17,2018-07-19 00:00:00
1a0f86a669f41850ec641339c19c8792,d58c8453a61c2b4abcf15e051200635e,delivered,2017-07-17 22:46:31,2017-07-18 00:30:24,2017-07-18 14:47:39,2017-07-19 19:34:52,2017-08-14 00:00:00
7fd7130d7e48470b9e4782edb0401a44,3560402b2a4ff51a8fc728b55234539c,delivered,2018-02-02 20:27:32,2018-02-03 02:53:53,2018-02-05 13:35:02,2018-02-15 13:16:27,2018-03-07 00:00:00
5ae8b767398571b52ebd97dda7f3569c,655ce1567249ffb30f857843a966a3d6,delivered,2018-03-27 15:13:23,2018-03-27 15:29:38,2018-03-28 21:51:39,2018-03-29 14:11:21,2018-04-09 00:00:00
7c5c8b715064d5bf2ee6a1cef59f2853,3b25473eceecbba95c66443d85075e94,delivered,2017-03-16 15:43:51,2017-03-16 15:43:51,2017-03-17 08:02:39,2017-03-23 17:23:01,2017-04-06 00:00:00
9a0b56e930f6e5cd70a4662400e4e6b5,dcdc9c7e585f8d8992ea33d72b924a64,delivered,2017-10-15 23:18:35,2017-10-15 23:28:12,2017-10-16 22:33:02,2017-10-19 18:27:40,2017-11-07 00:00:00
6db0c63234f0e11e06c202b613a62f41,7b3924bba70acaea610883a7a9b3f768,delivered,2018-01-29 21:49:38,2018-01-29 22:13:19,2018-01-30 20:47:04,2018-02-01 02:44:46,2018-02-14 00:00:00
4387e79ec1a6317bfc7d9d8058f0283b,2ef8398f62042a2b4fb8a0bace741671,delivered,2017-11-21 20:48:32,2017-11-21 21:12:10,2017-11-22 14:52:10,2017-12-01 20:05:19,2017-12-15 00:00:00
a833e4af2b4c893929b9f3adce3ecbeb,e88d4e743698d9ff2690a7bec36cb88b,delivered,2018-08-19 10:47:22,2018-08-20 11:30:07,2018-08-21 10:41:00,2018-08-29 19:19:40,2018-09-14 00:00:00
06970f3ad11e6267192d7d98af40a8f5,3121273a484955eef5f8c940af3ebfb6,delivered,2017-11-27 14:18:58,2017-11-27 14:26:26,2017-11-30 17:05:07,2017-12-06 11:42:29,2017-12-29 00:00:00
1ed0026cd10a75c686a9caab448154d3,5f269079392f6bbec64c4d148de17565,delivered,2018-05-31 20:50:51,2018-05-31 21:13:09,2018-06-01 11:12:00,2018-06-04 21:47:48,2018-06-26 00:00:00
878c411445b7128a9715f6f06ca14bea,ab90a48c16d5533595fc9f34949a8170,delivered,2017-05-13 22:46:15,2017-05-13 22:55:13,2017-05-18 08:53:39,2017-05-30 04:35:42,2017-06-09 00:00:00
e95607028a36a5f9d9fa2702b4bc1f81,a56b0ef05e3ed83c0a73bcb14f44ab3c,delivered,2018-08-14 08:25:55,2018-08-14 08:44:12,2018-08-16 14:57:00,2018-08-17 20:36:38,2018-08-23 00:00:00
8394f8f42f1b8e51e88bc1901c0ea3b2,31355f407bde3b752177105ced719bd3,delivered,2017-11-15 20:50:40,2017-11-15 21:06:47,2017-11-23 15:58:50,2017-12-29 13:38:52,2017-12-13 00:00:00
21d601597d3c4723d5e5f81dc1d2c01e,1322870a5781743cc149549385e9ce4a,delivered,2018-02-28 14:53:09,2018-02-28 15:12:03,2018-03-01 18:39:11,2018-03-15 15:08:51,2018-03-29 00:00:00
54e9f969a3aa7533dc872c7aed1f25ec,809e6813ae5c0e032f08df8c91a3f8c2,delivered,2018-03-08 16:09:36,2018-03-08 16:55:42,2018-03-09 17:08:20,2018-03-14 17:42:40,2018-03-27 00:00:00
7135086500692af28aa3391f8b55ff1d,db2fd7dad619d15ef24b86379a91f5ea,delivered,2017-11-09 22:33:24,2017-11-09 22:47:08,2017-11-10 18:31:44,2017-11-24 18:58:43,2017-12-05 00:00:00
c38db22a86ae94a2a5a9dd2d5700f6cb,da0f1d8609882eb8e79a55c7ca567834,delivered,2018-05-09 17:18:11,2018-05-09 17:36:39,2018-05-16 05:29:00,2018-06-08 18:41:46,2018-05-30 00:00:00
f313be47c42e07616027ad6d6ac3034c,1df2dcecdf59a9ec5bbd2f877821219e,delivered,2017-01-12 13:11:45,2017-01-12 13:24:45,2017-01-13 15:52:27,2017-01-26 14:03:59,2017-02-22 00:00:00
c246fd65fbfdfd5eaf13ee936827a1d8,afae0f1fa6b82eaa634f9cf041e73814,delivered,2018-07-23 09:21:01,2018-07-25 04:05:17,2018-07-27 15:43:00,2018-08-03 15:58:58,2018-08-29 00:00:00
7021b6631e7eeee66d0c205798c9a8b0,08769b79055f98ab6f2878b6fbc39c62,delivered,2018-02-25 14:01:00,2018-02-25 14:10:29,2018-02-26 22:36:54,2018-03-15 21:48:27,2018-03-20 00:00:00
ed0a8bb0a99484236c428b5ae6447117,a67c3300a47c8ba4b12bcbed6731c7ca,delivered,2018-03-11 09:43:12,2018-03-11 10:10:39,2018-03-13 21:21:54,2018-03-23 20:22:10,2018-03-22 00:00:00
5148463bdbc74b975746afa3149a03c9,da5f4f7652bf87d943dbebb0a108adf7,delivered,2018-07-20 18:36:31,2018-07-20 18:50:11,2018-07-23 15:51:00,2018-07-27 13:19:02,2018-08-15 00:00:00
2526d08a2985e1b276a405915c2d8be9,2450926e09ca55f960204a2789ed4943,delivered,2017-02-04 15:00:01,2017-02-04 15:10:16,2017-02-07 14:00:00,2017-02-14 12:28:31,2017-03-07 00:00:00
3861fdfecf4efb20b8a61f74643d40ef,93fe4181025d602ded002ff3a0c7d529,delivered,2018-04-26 16:33:56,2018-04-26 17:31:57,2018-04-27 15:37:00,2018-05-03 17:12:05,2018-05-21 00:00:00
f399f6c551fd6b54d3be535421eff2b4,06e7aeadaa608beaaf6f34c4fbb0e09e,delivered,2017-08-16 14:50:09,2017-08-16 15:50:16,2017-08-25 18:45:51,2017-08-29 19:42:23,2017-09-05 00:00:00
ad3023e7d21d3ab26bd1d2939d18cd8c,de27e7ae8adefd14b55e07db50c5c037,delivered,2018-06-06 10:53:48,2018-06-07 02:55:02,2018-06-07 12:26:00,2018-06-11 21:46:45,2018-07-12 00:00:00
add07aec0f5cae7d936f30137e686c40,dc34bc1e038fe5da49f47c457e5df774,delivered,2017-08-02 12:53:37,2017-08-02 13:05:22,2017-08-07 17:39:02,2017-08-15 16:17:51,2017-09-01 00:00:00
b8d8e7c7fe850dd45f9e3762c8b4b940,c6afd539f661cdf66e12f37802d274db,delivered,2018-06-26 19:50:52,2018-06-26 20:07:50,2018-06-27 10:39:00,2018-07-03 00:55:04,2018-07-20 00:00:00
2e4ef279d418d092749185f9a030d1c2,91a61266fcdfa17c60eab874c7f2ad15,delivered,2018-07-27 17:05:29,2018-07-27 17:15:26,2018-08-06 14:44:00,2018-08-07 17:02:15,2018-08-08 00:00:00
54c2fa26d524b90f034358bd9d333207,4cedc70e398faa2ae5e711c53c31d7b4,delivered,2018-05-15 16:13:37,2018-05-15 17:02:57,2018-05-16 07:01:00,2018-05-21 16:16:55,2018-06-06 00:00:00
eceb81b6addc38540d1ba8e218c0c896,160d39c7a142654123bac7b96de44c9c,delivered,2017-09-15 23:06:29,2017-09-15 23:15:25,2017-09-18 21:04:15,2017-10-03 17:59:08,2017-10-11 00:00:00
0435e97505a412ee97a24d62beb81cf0,05c866b580d387ccf3d664997dcb890a,delivered,2018-05-17 18:35:23,2018-05-18 00:37:32,2018-05-23 08:19:00,2018-06-08 19:06:40,2018-06-12 00:00:00
4e36f5d1cafd53e3196ed1e81e7e0458,a3f5a2fe818a772eeea15149127f773b,delivered,2017-06-08 10:20:26,2017-06-08 10:30:38,2017-06-08 15:29:21,2017-06-16 20:34:47,2017-07-07 00:00:00
a2aed6a87add50ebbbd74434cfcd1ba0,d9cc61b7ef701067f065bb57f81ffcba,delivered,2017-07-22 20:21:53,2017-07-22 20:35:17,2017-07-28 21:44:26,2017-08-09 17:18:04,2017-08-23 00:00:00
aa57296ceb0b170f4823d71a06a43037,a59ce5c8d691e10ba1759f1894dd8dc1,delivered,2018-06-21 13:26:40,2018-06-22 02:59:29,2018-06-22 12:45:00,2018-06-28 20:03:57,2018-07-27 00:00:00
4527fe780d1facd3191d875fd794b233,f3fb90a75a693cc508aeee93a9cd627a,delivered,2017-06-07 17:52:49,2017-06-07 18:05:24,2017-06-08 14:33:13,2017-06-12 16:47:52,2017-06-28 00:00:00
94cbeb924291c55038f6d70ce58944d1,fa201b6b789affbeac2780ea9acf8c46,delivered,2017-08-21 14:57:34,2017-08-22 14:51:10,2017-08-30 19:41:35,2017-09-15 19:47:34,2017-09-29 00:00:00
1b14da7ef108a4bfffbcb8f03d707def,ab521f20fbe5728cb41ce5a50bb1762e,delivered,2017-06-17 15:15:38,2017-06-17 15:42:40,2017-06-20 16:13:04,2017-06-22 16:21:59,2017-06-30 00:00:00
961e941567157246b67c0c448fb7252e,b009979731cd5472c89849587673800e,delivered,2018-05-14 17:28:10,2018-05-16 02:53:52,2018-05-16 10:38:00,2018-06-11 01:32:07,2018-06-11 00:00:00
f7ed76674fc0dbc31c2fc365c0b1cd8c,20553070f0f5d93ab91dd6b00e82afbb,delivered,2018-03-27 14:31:45,2018-03-27 14:47:55,2018-03-29 21:52:00,2018-04-09 22:57:47,2018-04-13 00:00:00
ccec592b58e122dc2bfc2305152d9603,ac062697fc30d35bd5bd10d4e71095e8,delivered,2018-08-24 16:35:15,2018-08-25 16:30:17,2018-08-27 15:22:00,2018-08-29 18:32:32,2018-09-14 00:00:00
4420eabc0fdae293aa0f049071c5d871,be3e55a849a12f3c2480f01cc50cdcb5,delivered,2018-01-21 14:41:29,2018-01-22 13:51:11,2018-01-23 21:35:00,2018-01-29 18:22:13,2018-02-21 00:00:00
02a059e99249511338c51476bf3d942e,76151005f31fee631493eb534d4fcf58,delivered,2017-07-24 19:24:34,2017-07-24 19:35:23,2017-07-26 10:34:54,2017-07-26 19:12:29,2017-08-04 00:00:00
a0fa357673549db3161966af6bda1598,54b9cdbffa0e61d94dc22de17fca4cea,delivered,2017-04-19 10:35:48,2017-04-20 02:45:23,2017-04-25 09:56:35,2017-05-08 10:07:12,2017-05-16 00:00:00
1db3715533e603dd564cc484cdcf99fd,924ae879dd26064fa0628f0d2ee943b9,delivered,2018-08-12 09:28:01,2018-08-14 04:50:29,2018-08-15 15:01:00,2018-08-17 17:54:34,2018-08-22 00:00:00
88eaab55607693a963f94efbf5ed8f1f,a82d3fdee4c861501662ea40616d36a9,delivered,2018-03-10 15:22:19,2018-03-10 15:35:38,2018-03-12 20:40:47,2018-03-24 11:45:39,2018-04-03 00:00:00
669e4a462a754fefc4473cfa2ef442dd,61802bf0b50dafc5f11e90421bf8899e,delivered,2018-03-11 19:14:40,2018-03-11 19:27:53,2018-03-14 00:58:45,2018-03-19 16:58:30,2018-03-22 00:00:00
b7eb76cd1ae26b1860fbfa21b819b4e1,f1f24f1979b19c75294283e4681ae7b6,delivered,2018-07-17 21:52:26,2018-07-17 22:05:16,2018-08-03 17:18:00,2018-08-13 18:16:45,2018-08-30 00:00:00
0fc71b3c90422c26bdc5df9d7417b505,394a520dc01e2dbf992d1bab7ab6d95e,delivered,2017-11-09 18:22:26,2017-11-09 18:35:42,2017-11-10 22:28:32,2017-11-20 17:44:51,2017-11-29 00:00:00
35444785eacb17aeda6810ebd8dd188e,7dfd921b8d5eeee59b1b012e6696a99f,delivered,2017-01-20 10:47:03,2017-01-20 10:55:13,2017-01-23 14:04:24,2017-01-30 14:46:05,2017-03-06 00:00:00
d82197665b49263e8815437c1e860b1c,14a1c2f98800b24fb57f4dccdfd4e668,delivered,2017-11-04 17:42:02,2017-11-04 17:55:20,2017-11-08 19:03:15,2017-11-14 18:48:59,2017-11-30 00:00:00
f086e4c6f1e932ae9d9cfe398889d148,ab1c95ee88c4f010e6cdc59b1e925228,delivered,2018-03-27 11:32:29,2018-03-27 12:08:06,2018-03-29 16:08:50,2018-03-31 16:12:04,2018-04-09 00:00:00
281eb181e6bdbdb242207fa323ffe58a,fa8effe5e95fe76afbeccc9191563d43,delivered,2018-06-26 11:58:10,2018-06-29 02:53:28,2018-06-29 12:13:00,2018-07-06 19:34:47,2018-07-27 00:00:00
8292d13770a90cffad6ce596d5415761,2c5a9bc89fc2aa27aa2f47a451840a0a,delivered,2017-11-28 13:39:27,2017-11-28 13:50:46,2017-11-28 22:28:37,2017-11-30 01:56:47,2017-12-12 00:00:00
00fcf938cde49ae138942b632ed62393,396573e1df49285167b26331d72e7f96,delivered,2018-01-11 01:04:44,2018-01-12 02:38:41,2018-01-15 17:35:35,2018-01-30 10:58:25,2018-02-09 00:00:00
940938f15046a79e4e3f31015817e39a,f564a6977edca497bf999c9d025226df,delivered,2017-08-14 13:35:44,2017-08-14 14:10:47,2017-08-15 13:46:30,2017-08-16 17:12:47,2017-08-29 00:00:00
a580fda5693f29e7c12c519a37a19b8f,0ba9a803b182db080870a20acb7a7a28,delivered,2018-07-26 13:34:47,2018-07-28 02:44:40,2018-07-31 15:02:00,2018-08-01 20:43:51,2018-08-09 00:00:00
90a6c3a55e9c9cf3db4bd490b9ab44c7,84ded8b079a1aa215e8cf4c3399bcd37,delivered,2018-03-18 17:24:25,2018-03-18 17:35:30,2018-03-19 21:14:57,2018-03-23 11:28:57,2018-04-05 00:00:00
899c7ad50db3894cb6e97312028c83e1,be2ca92c57f791f34a8eceef7ed06ae2,delivered,2018-05-07 16:41:46,2018-05-07 17:56:35,2018-05-08 13:55:00,2018-05-10 19:46:49,2018-05-17 00:00:00
b81ef226f3fe1789b1e8b2acac839d17,0a8556ac6be836b46b3e89920d59291c,delivered,2018-04-25 22:01:49,2018-04-25 22:15:09,2018-05-02 15:20:00,2018-05-09 17:36:51,2018-05-22 00:00:00
128e1f34f6aa9b2a2df9e39c8c6e6146,5e6d51160e952ac7309b3fc99ee274e8,delivered,2018-01-18 14:24:20,2018-01-18 14:33:16,2018-01-18 23:04:05,2018-01-24 19:58:52,2018-02-09 00:00:00
774c28738e389bcd9622059c5a6b173d,c90315fa2bf1e08a650b5dd68f744e39,delivered,2018-06-18 08:45:17,2018-06-19 04:16:41,2018-06-19 12:50:00,2018-06-27 07:31:13,2018-07-13 00:00:00
6139af649e0159b8129904b8bc5a869e,e435b927985a4a54692728ca2470bba5,delivered,2017-08-21 19:07:55,2017-08-21 19:25:13,2017-08-22 18:28:15,2017-08-29 19:34:50,2017-09-13 00:00:00
e97af7fcb2f185b68e1ef48e5c5ebb8c,e5c8b7d8833dc26d7b004bf52a4167f2,delivered,2017-10-20 13:48:58,2017-10-24 03:35:30,2017-10-26 19:28:48,2017-11-04 15:01:39,2017-11-13 00:00:00
c77e47704d90425196c86d3e237dd9fa,807b72b40be5c4b62b8588fc89d8c3bd,delivered,2018-01-23 12:56:14,2018-01-23 13:12:22,2018-01-29 16:18:53,2018-01-30 22:13:44,2018-02-07 00:00:00
f2e140e28d86f0b4e360012c50983e22,0d2b974c6708819b9db8c88f71a33859,delivered,2017-10-19 16:33:31,2017-10-21 03:07:30,2017-10-23 18:57:10,2017-10-27 22:35:37,2017-11-10 00:00:00
38035a76fee1437dca92e94b3e057af6,c808210ff5bbf25415730cefb3ca0113,delivered,2018-02-23 09:35:40,2018-02-23 09:50:37,2018-03-01 01:19:31,2018-03-19 14:18:45,2018-03-16 00:00:00
15cb7635b3916b4066beb14c7733542e,4313634481aee30e8b455bcb4b786d17,delivered,2017-08-15 21:02:06,2017-08-15 23:04:28,2017-08-17 11:15:47,2017-08-22 20:14:00,2017-09-06 00:00:00
f7adb52b8785594c7e357054489e371a,7c34219589e3983d508d3e782f0c18ff,delivered,2018-04-06 20:02:42,2018-04-06 20:10:22,2018-04-10 19:19:13,2018-04-18 18:08:42,2018-05-15 00:00:00
1115a717309037cd119797dbdc7e57d7,81ff308d29074038f8d342f9c4462ab5,delivered,2018-02-06 23:19:48,2018-02-06 23:30:31,2018-02-14 20:04:58,2018-02-15 19:04:25,2018-02-22 00:00:00
3b4b5ec89dc09c7aedc74199be65fef7,9e6179dbe5933b2f9ed17280257f1c97,unavailable,2017-10-18 11:33:40,2017-10-18 11:50:13,,,2017-11-21 00:00:00
494b5feb45ebf3e0dd57996b45bcf69f,bf52f0d94c28f425403dccf42a0ee662,delivered,2018-08-07 21:18:51,2018-08-07 21:30:16,2018-08-13 10:05:00,2018-08-17 19:32:33,2018-08-20 00:00:00
9bf86d5822740bbf2ba1c14d18f377ab,c11aa130c37113217450f904cc30c8be,delivered,2018-03-10 13:31:27,2018-03-10 13:47:54,2018-03-12 17:28:31,2018-03-20 19:48:35,2018-04-06 00:00:00
bc21aafa31286566776854b064ed351a,d7eabae45e5f9ff529e9e4cfa7bddfa9,delivered,2018-06-05 13:29:17,2018-06-05 14:31:50,2018-06-07 12:56:00,2018-06-12 17:51:16,2018-07-13 00:00:00
0194686a55eb0a869321fb107f4d114a,b577ba81b673d2fad6f974650f3dbb5a,delivered,2018-05-22 15:15:50,2018-05-23 02:15:30,2018-05-23 15:27:00,2018-06-04 19:05:32,2018-06-08 00:00:00
25c0199420985c8f6353d9bf1b3b107c,d835c1f9681f01512a39674a16a3f0a0,delivered,2018-03-03 15:29:53,2018-03-03 15:48:28,2018-03-08 17:25:18,2018-03-17 11:20:48,2018-03-29 00:00:00
2628346ae58dae6c3df3c7259ffe073e,acea0f3313c150db4e2bde9d03b5f2ab,delivered,2017-04-20 22:40:44,2017-04-20 22:50:19,2017-04-24 15:08:56,2017-04-27 10:29:15,2017-05-12 00:00:00
4259b9850303df4a05fb8b708405b75e,b168384955d47d20478b0a540d870068,delivered,2018-01-22 12:14:12,2018-01-22 14:19:11,2018-01-25 15:52:53,2018-01-31 21:32:32,2018-02-14 00:00:00
fd9a39b683e84eb96a5c8a4f999f22ea,3f632d0fdd1a8ff580710beca22094d4,delivered,2017-11-10 16:15:04,2017-11-10 16:46:23,2017-11-14 16:37:06,2017-11-22 18:16:50,2017-12-05 00:00:00
aec3389fc7c084e0cd8f8fae90fa52e3,465ad6320083538da0108d17efef1988,delivered,2017-12-11 19:50:08,2017-12-11 19:59:19,2017-12-13 15:39:38,2018-01-06 19:51:50,2018-01-09 00:00:00
ef2d13d781a97ea071e0ad0236e35f49,39ed53d31627390f1a8fa1470cef1b5f,delivered,2017-03-29 21:27:45,2017-03-31 02:10:31,2017-03-31 11:08:54,2017-04-05 10:05:03,2017-04-18 00:00:00
ceb435f46d86d2fb2890334c4862315a,b2e1defadfd7964f26a2f4a449eb6e26,delivered,2018-07-03 20:17:01,2018-07-05 16:27:04,2018-07-04 12:19:00,2018-07-12 16:58:36,2018-08-02 00:00:00
605fa1deddee0b912495c101e187f4e7,6b880c481ee7db0c31143fe7cbf8a3fc,delivered,2017-10-10 18:40:46,2017-10-11 03:35:35,2017-10-11 20:41:29,2017-10-20 20:47:51,2017-11-16 00:00:00
1daa6ab0e228948b72015ab51ea288f6,1b98448fca59c183a283c1ca730759f1,delivered,2017-12-13 09:25:17,2017-12-13 09:37:34,2017-12-14 22:10:49,2017-12-20 21:23:10,2018-01-09 00:00:00
f8fd25f70b750575ff9e8a348ee15692,9b38c5e19f3e7f498ab36c0b095f39a6,delivered,2018-01-13 18:52:46,2018-01-13 19:10:04,2018-01-17 15:35:01,2018-01-22 22:13:39,2018-02-08 00:00:00
80cc0c2852de298dd40b80a78677f13e,f75b67b8b5ef458a20b70f057b6c6aa3,delivered,2017-11-01 16:17:37,2017-11-01 16:31:04,2017-11-03 14:11:50,2017-11-07 19:56:55,2017-11-14 00:00:00
82cb61093ee5284f77c35265ea66c4ba,d8aed8f8caaf359ef23d8084e816b12e,delivered,2018-05-03 15:10:55,2018-05-03 15:34:58,2018-05-09 11:16:00,2018-05-10 20:26:51,2018-05-18 00:00:00
e95c2973b9be01bfe69bd4e1f33346fa,839610575e20348470abe5217901d91e,canceled,2018-06-28 12:10:28,2018-06-28 12:30:59,,,2018-07-24 00:00:00
eb6027d9c2cabcf472d0ebf817b4ef05,2eb9e17dba31115f9121bbd6f0a17465,delivered,2017-10-03 21:25:15,2017-10-03 21:35:14,2017-10-06 20:52:56,2017-10-10 21:23:57,2017-10-25 00:00:00
e88333581538e25e87d48b2dbc1782b8,804c3fcfa00f15adc54c342c2971b2cc,delivered,2018-03-13 13:23:37,2018-03-14 09:35:32,2018-03-19 22:28:38,2018-04-06 21:29:03,2018-03-29 00:00:00
15c31c519540921d720cca6129389633,c8db401ec63a5cf4fcc9e331cc626c96,delivered,2018-07-28 19:07:40,2018-07-28 19:27:20,2018-07-30 14:06:00,2018-08-01 00:11:09,2018-08-10 00:00:00
b27251efdb174e33b4c62af317cdc06f,8029c993d1227eb7f924230c8676ee07,delivered,2017-10-23 19:51:15,2017-10-25 02:26:12,2017-10-25 20:32:58,2017-10-27 16:30:00,2017-11-10 00:00:00
c1156d369c303a211cdb53c6125a33b7,d0668834f2dd0876e74574b02aaa7af4,delivered,2017-06-21 19:37:24,2017-06-21 19:45:12,2017-06-22 11:27:40,2017-06-23 12:03:25,2017-07-04 00:00:00
f47cb24e99c4ceb74132fb58273bea3d,fb7400b8224647743c835eea88445704,delivered,2017-08-04 18:44:50,2017-08-07 10:23:35,2017-08-07 19:03:09,2017-08-14 18:24:08,2017-08-31 00:00:00
457acb24534ad6018f8a35441a118afc,bfe8e93ab568d3ccc2adcdfc1f547514,delivered,2018-06-07 13:32:39,2018-06-08 03:13:22,2018-06-08 14:02:00,2018-06-18 22:44:56,2018-07-05 00:00:00
79ba63b5e2113df41f0097eb9e9d143a,d4e5ff3c9dd6fa19f954c3a2f34e8704,delivered,2017-10-23 18:05:55,2017-10-25 02:26:37,2017-10-25 17:12:40,2017-11-07 21:38:39,2017-11-14 00:00:00
560dbca079541765d29129e9b652f8c2,0b7f21f33e24667de2d6258aa72ab369,delivered,2017-11-24 08:55:16,2017-11-24 09:11:28,2017-11-27 19:24:08,2017-11-28 15:21:39,2017-12-11 00:00:00
a95f8f8384a13be626e06154468a9200,aea320a768b6bf82d76979c16260e2a9,delivered,2018-02-12 08:20:56,2018-02-12 10:00:27,2018-02-16 01:55:04,2018-02-27 20:22:47,2018-03-07 00:00:00
676a8f34ad46ffcc2306f7548f04fb44,a4b30736aaa3bacd772ff5b3cb047a7c,delivered,2018-03-23 17:14:40,2018-03-23 17:30:37,2018-03-27 18:27:34,2018-03-29 11:42:12,2018-04-05 00:00:00
d747496c33d09cf369d4f70aa9282b6a,37955c5c4ea9ed8cdb555c4743e00d0c,delivered,2018-03-25 14:52:25,2018-03-25 15:00:48,2018-03-27 13:13:55,2018-03-29 16:06:41,2018-04-06 00:00:00
38bec8cea5e040be0ab60e3415a27572,1caf1a66f78b479e81a45eae0dc3743e,delivered,2018-06-22 22:17:39,2018-06-22 22:37:34,2018-06-26 09:25:00,2018-07-03 18:26:45,2018-07-19 00:00:00
dba5951df5e24339650c2552a565ad2c,a02eee6f48bfed375050accadda3756f,delivered,2018-08-05 18:25:52,2018-08-05 18:44:17,2018-08-06 09:34:00,2018-08-11 15:57:47,2018-08-17 00:00:00
d2d3a710d923a0349be09988ab8d5ae3,9809326653e1008fc1612f14d9b35970,delivered,2017-07-07 16:43:48,2017-07-07 16:55:11,2017-07-10 18:43:50,2017-07-14 18:37:31,2017-08-07 00:00:00
db9b4cdab80e02f16927194367fb377b,136a9e6231711b3504d0b8b948694868,delivered,2018-06-22 22:04:34,2018-06-22 23:07:34,2018-06-25 14:39:00,2018-06-26 12:11:46,2018-07-11 00:00:00
6f99460a3922c5c8fa61c49fa488a858,b6302ec7c7b78367c0f804f88b7b8461,delivered,2018-04-06 11:36:30,2018-04-06 11:50:19,2018-04-07 01:22:45,2018-04-11 19:03:50,2018-04-24 00:00:00
4b9d4dd62814524c9244f8ca0bd377d1,e455f2d619b05659221d21dcb2f1de15,delivered,2017-05-20 09:16:51,2017-05-20 09:31:35,2017-05-25 16:15:50,2017-06-05 17:53:40,2017-06-16 00:00:00
106b5dd21daaf566b13f54cecc9ad32f,7fc8ef1dd2d7ac610fde57ee0cd595c6,delivered,2018-08-13 12:59:34,2018-08-13 13:15:09,2018-08-15 15:58:00,2018-08-17 11:18:10,2018-08-23 00:00:00
d68ac2a1fe441368e9bdea2c2a4d5ea6,dfb619c6ba6f2090f0f6e9494dbc0561,delivered,2018-08-01 07:13:56,2018-08-01 07:44:02,2018-08-06 09:48:00,2018-08-07 21:52:39,2018-08-14 00:00:00
180c04aeebcb390784f7d9c08dbd159d,02193de2a9880973fdeb02923eb5fffd,delivered,2017-09-14 16:18:12,2017-09-14 16:30:24,2017-09-19 15:44:09,2017-10-09 15:43:50,2017-10-06 00:00:00
d6e60ce7022a6600dce9d2601399219b,bf78650e4243bf6f6a0acd9c977f7eb1,delivered,2018-06-16 15:01:08,2018-06-19 03:57:30,2018-06-19 12:20:00,2018-06-26 18:06:21,2018-07-11 00:00:00
1843a612dd545ac2586d886db26c7af1,061eaa12db459fd7f6ba6a8b01f47652,delivered,2017-07-05 09:48:38,2017-07-05 17:42:30,2017-07-07 13:12:10,2017-07-14 20:12:12,2017-07-31 00:00:00
51357ca072c84c0efbec90b3a3a1afb9,0fa5a039cd4176f863e789167c679aaf,delivered,2017-09-29 13:10:32,2017-09-30 02:24:44,2017-10-04 11:38:12,2017-10-09 22:14:54,2017-10-27 00:00:00
8bca89b4311c48e6e6a22acd5cebd242,ecbefacde17c98967b427a3a1f98880e,delivered,2017-03-27 18:45:23,2017-03-27 18:55:14,2017-03-28 13:12:52,2017-04-05 13:34:01,2017-04-20 00:00:00
fb4f1bfbc3032fb262e0548f93fe6087,91071294e01490e0b052deff9a5b0ab5,delivered,2018-03-30 19:56:57,2018-03-30 20:47:25,2018-04-04 19:57:27,2018-04-30 16:36:39,2018-04-27 00:00:00
8dcf2ec06339997ba2eb7db51b7076fb,e9b20da6b833991bce7e39ed324e1c05,delivered,2017-12-04 13:43:32,2017-12-04 16:47:33,2017-12-05 16:53:33,2017-12-12 17:42:16,2018-01-05 00:00:00
cb9dbf05ec6c88696a808bd2ec55f31a,3574e3f3077997227adc80e77e1ecf79,delivered,2017-12-18 22:12:55,2017-12-18 23:15:18,2017-12-19 17:19:44,2017-12-29 13:09:11,2018-01-22 00:00:00
2b83b8fa40c6831432a15681ecf065db,01690063395d386d320ea8f5a60cdece,delivered,2017-11-24 14:28:08,2017-11-28 03:45:16,2017-11-28 20:14:28,2017-12-20 21:12:57,2017-12-22 00:00:00
5798e78e71a22ca63000082377a15073,04f9ab3f03d2bce18997b1e224e6ad70,delivered,2017-10-04 10:05:48,2017-10-04 10:14:23,2017-10-06 18:39:08,2017-10-14 03:00:10,2017-10-26 00:00:00
44924b3c408ca27175f5ded1a7320008,6bf3594f41ebbdba3f221d91713ae2cb,delivered,2017-02-14 14:17:39,2017-02-16 14:15:18,2017-02-17 17:34:33,2017-03-09 17:55:49,2017-03-27 00:00:00
bd51fae4e79d90bca958267d6e6bee30,6804cebe528d82cfccaad1143fefbd38,unavailable,2017-11-17 20:03:46,2017-11-17 21:06:24,,,2017-11-30 00:00:00
669e401d6430b79db06491597d059230,d303ac03982ecfac0840f33bbc98b776,delivered,2017-04-18 15:44:51,2017-04-18 16:02:16,2017-04-19 17:57:56,2017-05-02 15:32:29,2017-05-15 00:00:00
63e9e738932324be5afdf33f891e4848,2046f63743ee0e7925fd2575cb194fcd,delivered,2017-11-01 18:32:13,2017-11-01 19:35:59,2017-11-03 19:29:02,2017-11-13 18:37:09,2017-11-27 00:00:00
6df49762e95869691b34a001e36b8297,34ce17b3c7156f615f630f5d42c3863f,invoiced,2017-06-06 23:32:53,2017-06-07 00:03:06,,,2017-06-28 00:00:00
b14fc8930e4f3f413b6cb90f3c20b741,c60da9892d97a5f2e2f32899955e5700,delivered,2018-04-12 17:51:48,2018-04-13 13:14:28,2018-04-16 18:19:08,2018-05-11 17:46:35,2018-05-08 00:00:00
75fd71aadc94da494ae8e9010c38d4d1,74db498590882c1bc2a01aebb32d7bb0,delivered,2018-08-17 11:12:26,2018-08-17 11:29:21,2018-08-21 12:54:00,2018-08-27 16:11:50,2018-09-05 00:00:00
9c8dea197b1aa3f75bf1baf53df41fd8,59d8dfd1edecbe50d98c151fe700e690,delivered,2017-11-28 21:53:19,2017-12-01 12:31:33,2017-12-01 21:28:47,2017-12-10 17:57:39,2017-12-18 00:00:00
7a0b8eefc3f5c1e5d6baee73060caa44,dddbc5dcade50db78e88c37648792c3e,delivered,2017-05-08 22:15:35,2017-05-08 22:25:16,2017-05-09 10:39:31,2017-05-22 15:26:28,2017-06-09 00:00:00
a3397fe4e0daa3278bc7de9c39a5e601,fd58e83220f721f32907fe4d3ff345d3,delivered,2018-03-01 14:27:17,2018-03-01 15:15:26,2018-03-06 22:51:46,2018-03-15 18:54:44,2018-03-21 00:00:00
0c65b1e5ce7f6d1bcc961e3a2d740d3b,0fc8cc4e3ab31e83bb291698794e0175,delivered,2017-11-30 16:09:58,2017-12-02 02:38:04,2017-12-05 17:32:47,2017-12-06 16:49:00,2017-12-18 00:00:00
bc4bbcc74f039da59c73143881c5388b,7c4ec56ccef2942f428df26d64f4e93d,delivered,2017-09-24 20:39:03,2017-09-24 20:50:12,2017-09-25 18:55:43,2017-09-28 22:37:04,2017-10-17 00:00:00
b05df0dfca38d85d9cc0bcdbd8bc643a,a8869329ea9cdeb330f527d0aff165c1,delivered,2017-08-19 21:00:35,2017-08-19 22:05:17,2017-08-22 14:41:48,2017-09-06 23:01:25,2017-09-18 00:00:00
660f8620fa6f2cb3014b516eb8cfd24b,5a41e4482722187ca65fbdc372d3fb5c,delivered,2017-06-14 01:53:47,2017-06-15 02:50:10,2017-06-19 13:04:36,2017-06-28 15:16:05,2017-07-07 00:00:00
b7c509157b933de261d2bb20abe06829,82ee5f0ff614d167fada2e62648ef53c,delivered,2017-07-07 10:18:53,2017-07-07 10:30:12,2017-07-18 18:47:36,2017-07-24 21:26:37,2017-07-31 00:00:00
9bf45ecba71e9121235e583ec3b824a3,9c85c926b9f69f10c63f5754d44e9858,delivered,2018-08-13 19:34:23,2018-08-13 19:45:20,2018-08-14 11:44:00,2018-08-20 12:38:58,2018-08-31 00:00:00
37297c70ff1867f5ad4b215cc27fbe81,8011a155cb0947b59d0e199dd4474428,delivered,2017-11-03 13:26:21,2017-11-03 13:46:03,2017-11-06 19:35:37,2017-11-10 19:33:45,2017-11-16 00:00:00
abd94092d66fe4243b9297c30cbadf52,b5a87a2466545e708201d9f1b85a2bc6,delivered,2017-12-06 18:24:14,2017-12-06 18:33:48,2017-12-08 00:33:51,2017-12-28 18:47:58,2018-01-04 00:00:00
a5beaa646a0becb1965a0f77f1f05934,888444899332a330a2799e8b94779d1a,delivered,2017-06-08 22:38:47,2017-06-10 03:03:35,2017-06-14 16:06:33,2017-06-19 21:25:42,2017-07-05 00:00:00
d47a277ee3c0a6d83aac8548c06263cf,4d6a71e3cc10bf25e81389394f4ed0b5,delivered,2017-09-14 22:41:10,2017-09-16 02:50:15,2017-09-19 20:04:45,2017-09-22 19:41:52,2017-10-05 00:00:00
ee58623a2689e830e5a9519a7088a04b,7e103a064dd90f7ffce8335906ba868b,delivered,2018-02-05 10:13:41,2018-02-05 10:32:07,2018-02-07 22:45:36,2018-02-26 23:22:20,2018-03-02 00:00:00
e7dce62b3a446895d10cfb513a4eed68,2dc80e5f49de760e355af287ed29a984,delivered,2017-11-16 03:54:03,2017-11-17 04:06:33,2017-11-20 19:47:43,2017-11-29 01:08:38,2017-12-13 00:00:00
9e24613b913b312f009ec05b56b339d4,e41024577c0be0553a143f9189d61862,delivered,2017-05-05 16:19:56,2017-05-05 16:30:20,2017-05-09 15:17:18,2017-05-11 15:04:05,2017-05-30 00:00:00
4a571f5e71e16ce232386c80d485db65,a08c3f511f37158bd7e1964e6efafa2a,delivered,2017-01-19 10:17:29,2017-01-19 10:30:18,2017-01-23 11:19:07,2017-02-01 01:05:18,2017-03-03 00:00:00
dde56e42843e19685d241a25e192184e,385b197700fc1ddc0cd7593456a8f0db,delivered,2017-08-03 11:40:08,2017-08-04 11:45:18,2017-08-29 09:13:53,2017-08-29 09:13:53,2017-09-04 00:00:00
cf6af03cfe2aa7ce2b23c2b77c1ff722,e9c40158510e4577046c6a0b4a11538c,delivered,2018-06-26 16:47:10,2018-06-26 17:18:12,2018-06-27 11:29:00,2018-07-05 17:46:23,2018-07-26 00:00:00
f3f10317ffc85603d3812d7f6467d4e7,56e8ea641a4364495f96d75163f234ed,delivered,2018-05-08 22:31:03,2018-05-08 22:54:28,2018-05-10 13:35:00,2018-05-15 16:58:29,2018-05-23 00:00:00
44172b4c9cf753347bbd379c0df68dc3,c4ae69586d54c4205e4ce6ef761cf9fe,delivered,2017-08-03 20:52:47,2017-08-03 21:05:22,2017-08-07 16:59:31,2017-08-25 19:33:00,2017-09-04 00:00:00
a65e0938a2f3dc167ee856d4feb33290,91b789900931079575ec4039758423d5,delivered,2017-04-26 14:19:21,2017-04-26 14:30:19,2017-05-04 14:56:02,2017-05-15 08:54:50,2017-05-17 00:00:00
d8c65cae037f8f9a93e2a53c54357a21,d14dcc33d06d94ffd075c4ac9f347f8d,delivered,2017-05-22 16:32:00,2017-05-22 16:45:12,2017-05-24 12:35:45,2017-06-05 16:52:19,2017-06-26 00:00:00
baed25a07d23ba7d05770c3f8562ecba,d43a36f935d6249dfaa042db93d346fc,delivered,2018-08-17 11:22:42,2018-08-17 11:35:17,2018-08-22 14:28:00,2018-08-29 18:26:30,2018-09-13 00:00:00
2b68bb35779189904b0cd730eaba3d1d,0d6dfc6e464d9f10db213e8b1898e4b1,canceled,2018-05-08 10:11:16,2018-05-08 10:31:31,,,2018-06-04 00:00:00
42873babe11a5362e2b59e1bf80fbd92,3ec4d59cd0d003ac1da03b3c5fe970f2,delivered,2017-11-19 08:16:33,2017-11-19 09:04:17,2017-11-22 19:05:32,2017-12-28 14:29:14,2017-12-12 00:00:00
1bce4e7b57b2796a7e726aeebb967a32,a62b76be178d2a33958fa60c8a59c892,delivered,2017-12-06 12:41:52,2017-12-08 02:39:31,2017-12-08 20:46:54,2017-12-29 18:58:42,2018-01-04 00:00:00
8fc4cc76b7842723f0f25209b4420b85,b0d440357ef776fa982ac15a70502374,delivered,2017-12-26 18:55:42,2017-12-26 19:08:51,2017-12-28 15:29:01,2018-01-11 20:08:36,2018-01-29 00:00:00
0f3916a6e4cad3ec561784603b3af55f,e2d5baf25c5642adf9c640a2107df670,delivered,2018-04-02 10:40:45,2018-04-02 10:50:19,2018-04-04 00:43:43,2018-04-10 18:06:32,2018-04-23 00:00:00
1000fd60c36051932866242b91c5ef43,c598e608cdb6430110d25237141c4e4d,delivered,2018-02-01 23:09:36,2018-02-03 02:52:39,2018-02-05 21:52:48,2018-02-08 01:12:51,2018-02-19 00:00:00
571c2c71ea17995d3d512a069ac59772,b24d3c00a85a5c0f42fb5e47dc206e69,delivered,2018-05-06 13:31:16,2018-05-08 04:35:13,2018-05-10 12:27:00,2018-05-16 15:29:15,2018-05-30 00:00:00
eb7838c18a8fb7cd981b260bc220e739,9076176abe8c4a7ffa804d50816e9eb3,delivered,2018-02-23 08:56:44,2018-02-23 09:40:20,2018-02-26 20:32:41,2018-03-04 14:21:18,2018-03-15 00:00:00
415163634b075446172210d1b9717e2a,b0b272dcb47a51eace14ac2dcf4b5ec5,delivered,2018-06-21 11:54:06,2018-06-21 12:22:05,2018-06-22 14:00:00,2018-06-29 21:34:49,2018-07-27 00:00:00
b6d950bbbac28a711a71455adc829a5d,f0624c72d61febd084427e85f2689cbb,delivered,2017-10-04 11:38:53,2017-10-06 02:28:43,2017-10-06 21:40:02,2017-10-16 21:42:08,2017-11-03 00:00:00
2545a371c2d78cb0967db6cea045029f,fd02e2278bbad54bce38c92d69935f41,delivered,2017-03-08 15:46:42,2017-03-08 15:46:42,2017-03-10 11:11:22,2017-03-17 15:34:19,2017-03-29 00:00:00
64c3de97be1b0e0518e9083d28fd3d83,367c7fed4f286c1f0f7ac137cade2edb,delivered,2017-05-21 15:05:04,2017-05-23 03:31:37,2017-05-25 09:24:38,2017-06-12 11:38:08,2017-06-16 00:00:00
8a7323f90911d7d68c77dc684d64dfc7,9a5c701a70252c3bdb08d51378595ce7,delivered,2017-10-26 11:18:32,2017-10-26 11:28:41,2017-10-27 20:37:41,2017-11-06 19:16:54,2017-11-14 00:00:00
af79884abd4a25e4ed96f94bc7db48b3,b24c41e081cb6023a4248685dde92ed0,delivered,2017-03-04 18:13:30,2017-03-04 18:23:57,2017-03-06 08:59:16,2017-03-14 10:17:39,2017-04-12 00:00:00
8681822ccf2aaea9124f49a2a6dba7b1,92018ae7f2bc1871f7ec35c24cca37cb,delivered,2018-03-02 09:43:01,2018-03-02 09:50:40,2018-03-02 23:13:34,2018-03-14 19:58:50,2018-03-20 00:00:00
5879d76b960909b8b080ac8e212dbdf0,7e80aacb72987a64dfb549d34b43802d,delivered,2017-06-20 13:44:09,2017-06-22 02:10:14,2017-06-22 17:46:06,2017-06-25 09:51:25,2017-07-03 00:00:00
650983d239f9c314e6b170ad1d41c9d3,88dc11bbb95301b0afff2cef3b794eb0,delivered,2017-03-22 16:56:22,2017-03-22 16:56:22,2017-03-23 10:08:49,2017-03-28 15:44:08,2017-04-10 00:00:00
03be2f620301ed720f761e04f00270d4,f1dde6108ccd95c8341b628a7ecc6ef5,delivered,2018-06-09 12:20:13,2018-06-09 12:35:12,2018-06-15 16:38:00,2018-06-20 17:17:40,2018-07-04 00:00:00
9d878626f2f4299a286c12663698d2d8,ee5e86adac545e66e1e4e3e2616d1600,delivered,2018-03-27 13:42:05,2018-03-29 07:07:03,2018-04-03 19:05:25,2018-04-26 13:18:25,2018-04-18 00:00:00
dcda492b42b10ec0db05f713cbd11b60,29c34330a2cd267405c6c32ac32817ab,delivered,2018-04-23 09:57:06,2018-04-24 17:58:13,2018-04-24 20:03:40,2018-04-30 17:05:03,2018-05-16 00:00:00
d63fe1f1621db3763f40ec20a4a8b338,a20526ca1aa3ca00b2292925398750b4,delivered,2017-02-25 20:55:27,2017-02-26 21:01:57,2017-03-08 15:45:56,2017-03-21 16:11:52,2017-04-03 00:00:00
fc0505833ea55953cb885d6694daa689,521aa7f67815ca2ccb46704be6095b68,delivered,2017-09-15 16:39:12,2017-09-15 16:50:22,2017-09-19 21:28:45,2017-09-25 18:51:18,2017-10-16 00:00:00
71049671af38d8dacc4b8bc9e488a4af,95201e55bb043c322386ae3f8f363ec4,delivered,2017-11-14 20:08:13,2017-11-14 20:26:40,2017-11-16 20:44:40,2017-11-23 19:33:16,2017-12-04 00:00:00
5255f1faed117d0031d5f1c17d645d61,4847ee76209123fa40e1d2bfe8618ae0,delivered,2017-07-24 14:12:00,2017-07-24 14:25:07,2017-07-26 10:54:32,2017-08-03 14:07:26,2017-08-15 00:00:00
8e6c25f5e4548a8a880c0339b15b8ab7,cbadf6f2dd0d4d66c099751b7ad40c9b,delivered,2017-11-24 14:42:01,2017-11-24 16:53:55,2017-12-06 17:13:24,2018-01-09 17:36:14,2017-12-19 00:00:00
20c75d31d2151bf4e0b8b398e64fb163,655939edc67abc8156b1cb681af427b0,delivered,2017-03-15 09:26:54,2017-03-15 09:26:54,2017-03-23 10:24:25,2017-03-27 12:41:25,2017-04-03 00:00:00
da51cd652f0a94b12f506ac3bf37741a,1829e66069cce6e4a16ac542178d5b7d,delivered,2018-03-20 16:14:26,2018-03-20 16:29:38,2018-04-03 01:22:13,2018-04-05 12:54:46,2018-04-10 00:00:00
3a832277787e9783a3efdd6f49781a77,32338bd45fc1691a84c9cd0b2c52112c,delivered,2018-05-04 14:00:25,2018-05-04 14:12:55,2018-05-10 10:41:00,2018-05-23 23:16:49,2018-05-30 00:00:00
06b709d62777971bc95e6c32886f3ddc,8709f685a85d5c65fb7e7a9a77e97182,delivered,2018-04-20 20:36:31,2018-04-24 19:28:15,2018-04-23 17:49:42,2018-05-04 19:41:48,2018-05-24 00:00:00
f86df9fa4000285e8ba647d4c6df5b7c,eea81ec9d315c8f8a46c7888c7475fe5,delivered,2017-10-25 10:08:31,2017-10-25 10:33:43,2017-10-26 19:30:08,2017-11-13 20:25:57,2017-11-21 00:00:00
24aa32ff7b966959313509b567cb68be,b9e7408a5e9cbc2c32efa68fbdcd8c69,delivered,2018-05-16 15:45:13,2018-05-18 05:34:24,2018-05-18 15:26:00,2018-06-01 13:03:44,2018-06-11 00:00:00
a20fd8d03db72237712932934935ab14,b5bae8ef2af64a160264b103b7df0912,delivered,2018-01-30 08:38:27,2018-01-30 09:09:36,2018-01-30 19:58:51,2018-02-05 18:42:52,2018-02-26 00:00:00
abbd44be67f3cad08ffac14daf36af60,41a16488effb86580d7a89f8aa19a03b,delivered,2017-11-13 16:44:41,2017-11-13 17:15:41,2017-11-14 19:16:02,2017-11-24 19:57:00,2017-12-08 00:00:00
906a31b1ec17b0966ac6724b794b3b42,f0841938472e5ea8557e9f2c19c44b70,delivered,2018-07-06 14:54:59,2018-07-06 15:11:18,2018-07-09 13:53:00,2018-07-13 15:32:38,2018-07-31 00:00:00
44a9994228432b835c3a4e720b6a41ab,ae5ba6d5577f1b5e2db6fa6d96a9dbd9,delivered,2018-03-02 20:29:05,2018-03-06 03:55:30,2018-03-08 17:19:24,2018-03-28 19:27:44,2018-03-23 00:00:00
7daeb81638f9bb0b663a58c811266726,d37c4c240e67390494ac98d9758eb7a7,delivered,2017-12-04 20:42:20,2017-12-04 20:54:50,2017-12-05 22:58:50,2017-12-07 19:44:45,2017-12-20 00:00:00
efb0cacb1ed48693e7edc6e10d9d1790,9f578aad6c6c21853f44c0965b35193d,delivered,2017-07-17 00:40:12,2017-07-18 06:23:39,2017-07-18 22:57:54,2017-07-20 16:45:05,2017-08-08 00:00:00
cfc558750a7ad84d94c1348dfd89543c,1af8d640c317b12571dc17ff39aa246c,delivered,2017-12-30 12:15:34,2017-12-30 12:27:03,2018-01-04 22:22:53,2018-01-11 22:33:51,2018-02-14 00:00:00
71f86189760ff1dec6805f4fc7c6f52f,bc41a708ec6dabfa8b01320ad60ac6a2,delivered,2017-01-18 10:42:05,2017-01-18 10:50:21,2017-01-18 17:19:08,2017-01-31 16:59:08,2017-03-10 00:00:00
ca35a20423cabbc81c577f3ffe72169d,1e223899442e479b03b6e0056d14b25d,delivered,2017-10-31 21:40:27,2017-11-01 21:50:21,2017-11-06 22:22:39,2017-11-13 18:07:11,2017-11-29 00:00:00
a4e60f26b5298171b4a850402c2ae5e9,6b4698a7406abadac8afabf5f8b1a87c,delivered,2018-04-11 01:48:44,2018-04-11 02:10:01,2018-04-12 16:48:50,2018-04-17 23:05:23,2018-05-17 00:00:00
f7dbcda3f48b607b8ed01b6bcd84b92e,95159c203464fd65efba0ecc7a68d5b0,delivered,2018-06-11 14:15:55,2018-06-13 03:55:07,2018-06-13 08:21:00,2018-07-03 21:06:10,2018-07-16 00:00:00
72220792349288e30e62a9c37fe8af6b,496782146406bab80a5e892f3e27eb70,delivered,2017-11-24 19:27:30,2017-11-24 22:54:47,2017-11-27 20:21:59,2017-12-06 12:07:06,2017-12-21 00:00:00
e11161681691ee93c18b648ef563c05d,d3474a99f9a5637f3e8b70c0cb4304f6,delivered,2018-06-11 14:35:12,2018-06-12 10:21:28,2018-06-14 14:10:00,2018-06-18 17:03:51,2018-07-04 00:00:00
3fde8b7313af6b37b84b5c7594d7add0,248307eaf63a58203c675fccab2d1002,delivered,2017-11-27 22:36:14,2017-11-30 16:27:02,2017-12-01 16:12:34,2017-12-14 19:38:42,2018-01-02 00:00:00
a8e8374bd84c7cc644b29dbfa3f02be0,c6652827d91312454561a09fa5529fc9,delivered,2017-11-23 14:34:25,2017-11-23 14:49:09,2017-11-27 17:34:37,2017-11-30 14:19:44,2017-12-07 00:00:00
383ba1470e3ace2021f232303b6d4097,3e2adca6ca503c06bee11ad4ebbdd009,delivered,2018-04-10 22:32:53,2018-04-10 22:52:39,2018-04-11 22:38:38,2018-04-18 20:29:20,2018-05-04 00:00:00
3751745dfce1d1e272f8eb38c1424a18,e9bfd7fa924dd546f0cad77bf5e7b272,delivered,2017-10-31 19:42:57,2017-11-02 02:16:33,2017-11-06 22:42:01,2017-11-28 23:48:41,2017-12-06 00:00:00
6002f1429927599498f346578f57af4b,961ccc7ebd066291ebbe0aea52b5efad,delivered,2017-03-07 17:49:33,2017-03-07 18:05:17,2017-03-13 08:07:20,2017-03-23 06:54:44,2017-04-05 00:00:00
82e92636cb6064e36f4d3cfc7cfb6655,9e8988f5e00495563b04c5d85a18ad44,delivered,2017-08-09 14:03:32,2017-08-09 14:15:10,2017-08-11 21:03:52,2017-08-24 20:25:59,2017-09-11 00:00:00
66408ac1fd2db14486fb5d2c432aef51,4bc5733793dc86f89314d99b0a91a182,delivered,2017-05-15 16:55:06,2017-05-15 17:05:14,2017-05-16 14:07:33,2017-05-18 08:04:00,2017-06-02 00:00:00
7bbb6edafc3614ad57fb17a6ae04a502,0ae515e96084b7cd1e63340172c0990d,delivered,2017-11-16 12:26:30,2017-11-16 13:10:54,2017-11-21 16:49:16,2017-11-28 23:44:48,2017-11-29 00:00:00
0b50f9db645dbb8c98ebe37fab6ecb3e,2c6882de19e82ab91b7cd3dd2c49873e,delivered,2018-01-04 19:15:58,2018-01-06 14:14:05,2018-01-09 20:24:55,2018-02-02 20:26:10,2018-02-02 00:00:00
74fcadc7525caabfaf228fbe8ab6d129,07eb2651119fce5364e9af667f651153,delivered,2018-05-27 15:27:50,2018-05-28 15:32:20,2018-05-30 13:12:00,2018-06-04 15:02:16,2018-06-20 00:00:00
ced669a0f18cc433701f1011449b80fe,70f455685561519d6a7770423cbb01ee,delivered,2018-06-26 16:58:56,2018-06-26 18:18:21,2018-06-27 10:17:00,2018-06-29 16:48:46,2018-07-11 00:00:00
f019a5199ecd85292da1320f0389a05f,b9e4d8c0a644aaa42e1eff5912fe8316,delivered,2018-06-28 00:15:39,2018-06-28 09:10:35,2018-08-01 10:19:00,2018-08-03 00:21:24,2018-08-09 00:00:00
5b8bdf149fa5dca5978d5209a06ea960,09bb71db74001d48fba34cc642711ef1,delivered,2018-03-26 10:07:50,2018-03-26 10:27:17,2018-03-27 18:16:57,2018-04-04 23:38:33,2018-04-13 00:00:00
3239c022d37dc6c0fd3b8749bb7a0b1e,8effa4e9c5158c1f6b13eaa9b69a4a59,delivered,2017-10-24 23:15:14,2017-10-24 23:25:50,2017-10-25 18:27:18,2017-10-31 19:39:58,2017-11-13 00:00:00
d0b5bc019c65134958fc43bf38b9359c,5226966b442ede0e7c5d138d9a23fb1b,delivered,2018-03-27 17:27:57,2018-03-27 17:48:39,2018-03-29 00:14:38,2018-03-31 16:12:11,2018-04-09 00:00:00
70af58ec6113d2f1bb7f6db857208687,21f4cb42191c2d7631a1fbf33c3e537c,delivered,2017-05-15 10:34:24,2017-05-15 10:45:18,2017-05-15 12:50:01,2017-05-16 17:24:44,2017-05-24 00:00:00
09be8ba0b5c0e3195ef77302707a192f,016890b20bac6cd8155fb02cd3ec3e44,delivered,2018-07-01 22:16:18,2018-07-01 22:30:13,2018-07-02 16:24:00,2018-07-06 18:08:35,2018-07-26 00:00:00
932917bf5776b6b41c8184cde607a9bd,241510e91b641dc4a5646cb954e58cd3,delivered,2018-03-20 23:22:54,2018-03-20 23:35:31,2018-03-21 21:54:30,2018-03-24 02:06:09,2018-04-03 00:00:00
5dff8347ba30bf1b9e5d1a1ce778702a,6a84735b4b1a1380e3abe5b91017d69d,delivered,2017-09-24 11:21:36,2017-09-24 11:30:12,2017-09-25 16:28:01,2017-10-04 21:15:14,2017-10-17 00:00:00
0ac69790e2a6e4c075edbd78648a3594,1c3d8766b5f8b24d7e95001ce31d1d38,delivered,2018-08-28 18:49:20,2018-08-28 19:05:19,2018-08-29 12:35:00,2018-08-30 20:16:38,2018-09-04 00:00:00
1e5116c850ec5a9a3a83ff73bd06aef6,3b64e8ad1e003465c2d84ba24971bdf6,delivered,2017-03-20 20:31:35,2017-03-20 20:31:35,2017-03-24 15:18:33,2017-04-13 17:42:26,2017-04-12 00:00:00
189ad27f3364ce624ac4cf440388ec81,fc7c9cb0e42e853f8151a86deeda915c,delivered,2018-01-23 22:34:39,2018-01-24 22:36:51,2018-01-26 22:19:06,2018-02-03 14:32:05,2018-03-02 00:00:00
35df2a75e8f319d4fe179f529613d23d,81ac2682a2b8aef4195465492dd0f14c,delivered,2018-08-07 20:49:57,2018-08-07 21:05:10,2018-08-09 06:28:00,2018-08-16 18:58:46,2018-08-10 00:00:00
447e81187647a12bf1a254923877d0ed,f612d06761ea58eb016667c4b61916d4,delivered,2017-06-02 09:18:44,2017-06-03 02:30:23,2017-06-08 11:52:03,2017-06-19 13:36:32,2017-07-05 00:00:00
eb8f4a89b1e0d647cd917487b06bed58,81b6a3e77aa8c0c17f242e828e241822,delivered,2017-08-11 19:14:23,2017-08-12 07:05:14,2017-08-23 20:15:48,2017-08-25 19:16:52,2017-09-11 00:00:00
38285c101a3b9fd08110335d8405a232,ca31a87d801a1e0305e15aa27a643f7a,delivered,2018-08-15 12:58:34,2018-08-15 13:10:10,2018-08-15 15:33:00,2018-08-17 17:08:39,2018-08-23 00:00:00
f05c1aa49a54cd865ee8ac61c2b15473,0ee9116e24841febd9a2debcd75cdfa0,delivered,2018-03-29 00:21:32,2018-03-29 00:35:20,2018-03-29 22:28:50,2018-04-09 15:26:36,2018-04-20 00:00:00
9cbace8b4f2406f3a0a9c404d60a2328,10a8647af4266423ee2e0e4ad5bed737,delivered,2018-04-19 21:47:50,2018-04-19 22:11:37,2018-04-24 22:54:45,2018-04-25 14:28:42,2018-05-07 00:00:00
1f1b93186b0c7281daf8f6c6145279d6,968bd782669ee0d41d5cd63e3a18ca6d,delivered,2017-09-14 16:32:45,2017-09-15 02:10:19,2017-09-15 19:12:16,2017-09-19 12:09:36,2017-09-26 00:00:00
126b4962a09981cf9da3c8dc0470154c,ab31ad74c93a01fd232c439ae612098e,delivered,2017-08-06 10:03:33,2017-08-06 10:23:39,2017-08-07 14:05:08,2017-08-11 21:10:10,2017-08-31 00:00:00
fc5d7fc2903cfc7a873e4669688028aa,35c2ad85d777a0eb16f4a2195cfe5be4,delivered,2017-11-06 11:33:43,2017-11-08 03:26:52,2017-11-09 21:51:14,2017-12-01 16:21:56,2017-12-04 00:00:00
a2ee8d70903c5b8b814aebf086ebcc11,eb848dcc50f5eac0a3c2705901141d8a,delivered,2018-08-08 14:23:32,2018-08-10 03:10:14,2018-08-10 12:12:00,2018-08-15 23:23:43,2018-08-23 00:00:00
5df41d8270624e3bcd155e2803cd3fea,90ed84eba98a8891cb203e89cdada422,delivered,2018-02-25 10:26:11,2018-02-27 04:31:19,2018-02-27 23:21:45,2018-03-05 16:47:10,2018-03-16 00:00:00
966f85d6e1a0628e2093a3d24b53805b,426a1722f03e1f1f3f1e1ad6f21573f4,delivered,2017-04-25 09:26:43,2017-04-25 09:42:16,2017-04-25 15:14:27,2017-05-09 12:43:52,2017-05-16 00:00:00
131a49afe3f297e46c9eab6f3a815b2a,266eb5a8fc8e3c3916870babf546da1d,delivered,2018-02-06 18:00:02,2018-02-07 03:10:07,2018-02-09 20:12:15,2018-02-16 18:10:11,2018-03-02 00:00:00
696428244100d1ab711bc608f832e5ef,7c4f2e603bef4befd6c7ea4c855fc817,delivered,2017-12-04 21:08:51,2017-12-05 08:30:59,2017-12-08 19:48:48,2018-01-08 14:57:58,2018-01-08 00:00:00
887c6b210d8a2d3a1158dfaaec74e786,bb68c919b4fbf06dd84198eace96183f,delivered,2018-03-04 12:26:01,2018-03-04 13:21:27,2018-03-06 18:56:31,2018-03-16 15:55:40,2018-03-27 00:00:00
a82beeeb2b06557b19fe6b182d9f1a5e,21be47c7ee6be27a895e90abdc843e73,delivered,2018-03-13 21:39:26,2018-03-13 21:50:40,2018-03-16 18:08:28,2018-03-21 17:58:49,2018-04-17 00:00:00
da2988eb7c9d85d95933fff26a03c5fd,77ea3ddb60c6f1eabb3a1a9a766457e6,delivered,2017-04-28 20:58:38,2017-04-28 21:10:14,2017-05-03 14:03:41,2017-05-11 13:46:00,2017-05-24 00:00:00
bdf1a8a61e37e025dea2c5ef9fd2614d,70814f917907de02bf3b0803dd173782,delivered,2017-08-11 20:41:58,2017-08-15 03:25:19,2017-08-15 16:06:47,2017-08-21 16:45:50,2017-09-04 00:00:00
ad9703dda0e19971bf6e878b552bf117,bd43f44fa28ef40813b0c69b6619858a,delivered,2018-01-12 18:58:03,2018-01-12 19:10:31,2018-01-15 22:41:46,2018-02-02 18:14:09,2018-02-15 00:00:00
dab321037289756354fa98b118f4463b,c9e7c937d961937554a05768ef8c6e28,delivered,2017-02-16 17:42:42,2017-02-18 03:15:12,2017-02-20 10:36:49,2017-03-04 09:22:16,2017-03-27 00:00:00
05d3fead61b937bd7176c28ef8ed34be,db256fd07ff78521a748e1b8f516cc9e,delivered,2018-01-09 16:25:31,2018-01-09 16:37:52,2018-01-10 18:20:21,2018-02-04 17:47:24,2018-02-19 00:00:00
532726afcef522ad5dea18b26279e955,fde25a25e37d5147944893a108120e79,delivered,2018-06-20 09:29:24,2018-06-20 09:59:46,2018-06-21 13:55:00,2018-06-29 20:22:03,2018-07-20 00:00:00
67f8e053cf5ef87dac0a72cc08a49bd8,5839cd1ebb011269812882c66532a116,delivered,2018-03-28 09:18:22,2018-03-28 09:30:22,2018-03-29 20:54:53,2018-04-18 22:28:35,2018-04-26 00:00:00
998a27693557ae31e5e24fe002890865,e810731c38fcccc622e19c3717c64c4f,delivered,2017-11-10 15:31:13,2017-11-14 04:26:32,2017-11-14 23:34:55,2017-11-27 19:51:52,2017-12-05 00:00:00
219073ae370b0272fbca714f81a67ce0,73ade416b4d7ca66043b57a1daec1348,delivered,2017-04-25 10:29:44,2017-04-26 09:35:35,2017-04-27 08:04:33,2017-05-09 18:54:06,2017-05-16 00:00:00
707366aec5103380c9d2bc6e503d4f66,4b44972085bda435123999dab7212346,delivered,2017-08-01 21:23:27,2017-08-01 21:55:20,2017-08-10 21:14:25,2017-08-15 14:56:56,2017-08-21 00:00:00
d0a1df38173b0296c8cfb65fd0e1e361,e84608e3babe2d06427e6ce76335268c,delivered,2018-05-17 01:01:52,2018-05-17 01:15:18,2018-05-17 13:16:00,2018-05-19 15:02:11,2018-05-29 00:00:00
b275756d48e9c633331d56a9caedf3ab,c576613eac887cc36b7a27e0290f6b81,delivered,2018-05-15 00:50:44,2018-05-15 01:16:14,2018-05-16 13:55:00,2018-05-28 13:08:49,2018-06-08 00:00:00
3af48ad0934525e604c7f4329131ad43,419a11c259533c191e0890e6178f4d27,delivered,2017-10-03 11:40:53,2017-10-03 11:56:18,2017-10-05 20:49:22,2017-10-14 12:17:00,2017-10-25 00:00:00
deb42902805e791b98323850fd5f76d1,a96e90e1d85a06537da3b40cec3df48e,delivered,2018-02-16 15:53:22,2018-02-16 16:07:06,2018-02-21 20:13:41,2018-02-24 00:13:15,2018-03-05 00:00:00
715df31025aff2a2dd08b0d8c92ee63b,2b734aca7ae6ebd9138a4d1879b0d20c,delivered,2018-05-17 10:57:12,2018-05-18 04:36:04,2018-05-23 14:10:00,2018-06-07 16:46:32,2018-06-12 00:00:00
cdddbaf91f8abd761e51c7d5f035695b,ab9109b6e190b6d2be9aa46d082fe5af,delivered,2017-11-06 21:40:01,2017-11-07 05:31:18,2017-11-07 15:43:15,2017-11-20 12:36:45,2017-12-06 00:00:00
4a2098244c1910e8e9e9251e2e5faa2b,a0f2862e615595e77bd1a0ce2c77aea9,delivered,2018-01-03 13:24:00,2018-01-03 13:34:23,2018-01-05 11:49:22,2018-01-09 16:10:41,2018-02-01 00:00:00
dbaabdb0be80480bf6306b5e3c953017,ab4014c73ea5362865a1e91244fa4e31,delivered,2018-06-04 13:11:37,2018-06-05 14:31:37,2018-06-05 11:48:00,2018-06-13 16:03:04,2018-07-13 00:00:00
d66a8247e14f44e46c77d098043af0d0,af84244bfd86c416200d5912d258151d,delivered,2018-07-20 11:38:08,2018-07-20 11:50:18,2018-07-23 07:29:00,2018-07-25 17:22:03,2018-08-03 00:00:00
089b005e56c360e749ff7185aa4814af,8ed6117c357c24a9dec01793baf6a633,delivered,2017-04-08 14:43:24,2017-04-08 14:55:18,2017-04-11 07:09:22,2017-04-20 16:55:57,2017-05-04 00:00:00
c81212c37109680367e3d709dddb029d,849c7583b188ee9dddcefb4ea0834fb8,delivered,2017-10-02 22:10:56,2017-10-02 22:24:00,2017-10-06 20:53:51,2017-10-17 22:48:58,2017-10-26 00:00:00
c66e755acf913956ae3838e2c73e962b,5badee45df2987d35d692a6d851edb4a,delivered,2018-08-13 08:56:08,2018-08-13 09:05:12,2018-08-16 15:18:00,2018-08-28 12:25:11,2018-10-02 00:00:00
e3aa3b61037e281dedb26da2882983ae,6d096f880bc145f805c6db79ea988789,delivered,2017-05-25 00:27:30,2017-05-25 01:22:31,2017-05-30 14:44:18,2017-06-02 08:51:41,2017-06-19 00:00:00
f83c27b5d5d61505da0a4ce01db3dfd3,495617a9899228fc0eb3f63b77744d9d,delivered,2018-08-07 19:15:03,2018-08-07 20:15:28,2018-08-13 08:35:00,2018-08-22 18:52:29,2018-08-23 00:00:00
2cd29419827e04da5523a1af7419b2c1,c863ee474411523071aa3d34080d1f24,delivered,2018-03-21 20:07:53,2018-03-21 20:28:33,2018-03-22 19:25:27,2018-03-29 20:13:08,2018-04-10 00:00:00
5d4503ba682b806ff232782327b7bd7f,24faa20dd67cdb36a1efd90ca3d84550,shipped,2017-11-14 06:00:37,2017-11-15 02:46:53,2017-11-16 19:15:50,,2017-12-07 00:00:00
2f61fac6b8c3e6dc71dc0999144e6ffe,987e330d74e0482b2926096aa53470f7,delivered,2017-08-28 20:30:43,2017-08-28 20:45:17,2017-08-30 15:47:56,2017-09-11 16:59:42,2017-09-15 00:00:00
0d16648e64dc322e5a49d8c912d2b61e,b133f8b6eeb1b73bb5a9f49b9c049657,delivered,2018-06-11 21:37:12,2018-06-11 21:59:51,2018-06-12 10:07:00,2018-06-27 05:26:36,2018-07-16 00:00:00
36712c988ad3e0ce061946fffbdbbe2b,c06ffeb323ac2da92539a7c5d69eac23,delivered,2018-02-19 21:08:15,2018-02-19 22:07:33,2018-02-20 20:17:07,2018-02-28 22:26:55,2018-03-15 00:00:00
45bff70fb7b99a5a33bc8ccb3786e170,21cf8b03074c935aa1de2d527371916f,delivered,2016-10-09 22:38:37,2016-10-10 12:02:09,2016-10-14 12:02:12,2016-10-17 13:02:12,2016-12-02 00:00:00
3e87ada006372f78ebf4bfee1cb020a5,60c3b5a878db7aac85cb26abee3dc7be,delivered,2017-03-01 11:24:17,2017-03-01 11:35:15,2017-03-02 06:57:28,2017-03-16 10:15:59,2017-03-31 00:00:00
7feb7cbdc5d53729f835a1ae49f543b6,06e0c362c4a5cc74bff4e7a82362ff52,delivered,2017-08-20 18:17:26,2017-08-20 18:30:16,2017-08-21 13:46:51,2017-08-23 21:57:45,2017-09-13 00:00:00
374e0b8ea6151d5eb1c3a6b4936b2953,88d3d491f83fc0c910b74974067f2246,delivered,2017-11-01 13:26:34,2017-11-02 02:15:45,2017-11-04 00:22:09,2017-11-13 18:47:15,2017-11-30 00:00:00
51744de0a57048d0c65ad482f60cca46,7cd23b5bc801943bff3e130093cdf687,delivered,2018-05-11 14:15:08,2018-05-11 14:31:58,2018-05-15 11:41:00,2018-05-18 16:46:05,2018-06-21 00:00:00
5a1102060039d732884f1bacf59268a0,1d6d11fea42e7b1b454521e581e2adb7,delivered,2018-08-17 16:44:32,2018-08-21 04:55:57,2018-08-21 14:49:00,2018-08-30 20:07:09,2018-09-04 00:00:00
6f33b28ba717ec41a3d1e1901d492e05,37a4508f8d5befe35b0cabe9676f3982,shipped,2018-02-28 11:29:07,2018-02-28 11:50:31,2018-03-01 20:14:54,,2018-03-23 00:00:00
2ffa8cf8f2e683a7e91cb89a0d2c2328,9ce47d0fb301d49206765b57f192a343,delivered,2017-08-25 15:54:17,2017-08-25 16:10:13,2017-08-28 18:58:42,2017-08-29 19:23:47,2017-09-14 00:00:00
d710c73e401b4a2ac211c25a76f5af88,4a1292792f81671b2e1460f0e837cf04,delivered,2017-10-13 15:12:52,2017-10-13 15:49:39,2017-10-16 21:09:36,2017-10-17 21:44:55,2017-10-25 00:00:00
9917855d5e68773f7db62f2dbfc06f71,1d5e651b27254d22c61551b31f0a9a8e,delivered,2017-10-14 12:45:05,2017-10-14 13:07:51,2017-10-19 20:59:03,2017-11-29 17:32:27,2017-11-10 00:00:00
c8cc23611bfe9e76b408c3a89ae933df,8a5fdba654300f99ae1e666b69c71d08,delivered,2017-08-21 13:45:55,2017-08-21 13:55:13,2017-08-22 14:43:47,2017-08-28 18:43:43,2017-09-19 00:00:00
869e5bd441672657e6b28cfa5e685fd4,2425346e1432c9bd532f5b39bc94763b,delivered,2018-01-17 14:35:32,2018-01-17 14:50:48,2018-01-23 15:52:46,2018-02-15 17:19:08,2018-02-16 00:00:00
cd8676507ccbfc96f9e0908910b9e0bb,ab4764e19b0376c21427606045dc6ca9,delivered,2017-11-29 13:47:30,2017-12-01 11:32:12,2017-12-06 22:07:06,2017-12-13 13:18:02,2017-12-27 00:00:00
e1b1c48c3b7d0f02d03e3f09d85a9dd6,9aec5bfd40cd595a69062c07fe5f9d85,delivered,2018-04-11 20:48:17,2018-04-11 21:09:35,2018-04-19 11:29:38,2018-05-03 18:53:50,2018-05-15 00:00:00
649d437623f7e3876334425683ecb20b,74a6b307569709700beac49919cf5a6f,delivered,2017-06-15 16:48:19,2017-06-17 03:23:55,2017-06-21 11:35:44,2017-07-04 14:12:25,2017-07-06 00:00:00
61920c076c4c9bd3f5e1cd9d42309139,728e53ea927b319d8d4c5e49b8f1731a,delivered,2018-08-15 13:14:00,2018-08-15 14:05:32,2018-08-16 14:44:00,2018-08-24 13:35:32,2018-08-28 00:00:00
a8c7e8c088aabc1cd41eb0161f0c7757,9fe82e319a983fcac6e5ea245687ea71,delivered,2017-09-07 20:55:17,2017-09-07 21:10:12,2017-09-08 14:32:26,2017-09-17 16:49:10,2017-09-27 00:00:00
4cbc42107122bbbbd5abe620ff9b9115,e137e57001df5ee4d2cb03d56139f2b4,delivered,2018-01-08 21:47:00,2018-01-10 10:31:48,2018-01-16 10:12:23,2018-01-17 00:06:20,2018-02-07 00:00:00
7bb5a7e4263888da1c8db8cbdc6330c5,daa0508655db9a27d108899cdfa384e1,delivered,2017-10-19 13:31:09,2017-10-19 13:49:25,2017-10-19 19:12:01,2017-10-24 19:15:52,2017-11-08 00:00:00
54ea7642b27bcfa4142c92f475f28384,39cdc05badbe44c2619d8f25dfce3632,delivered,2018-04-25 08:20:00,2018-04-25 08:31:08,2018-04-25 11:57:00,2018-05-11 23:48:51,2018-05-24 00:00:00
106426c15f2c7dbdc9f62157713297fc,a7ec1335201a9bbc7d6a4f1f0397e4ea,delivered,2017-11-24 09:19:10,2017-11-24 13:12:14,2017-11-28 20:29:07,2017-12-01 18:38:31,2017-12-08 00:00:00
c6efe3501b6b0b18cd47e3532faebc93,7595dbe91b8cea93ea30ff24450088b3,delivered,2017-06-16 19:17:20,2017-06-16 19:32:23,2017-06-19 19:04:23,2017-06-30 14:29:48,2017-07-06 00:00:00
79ce453b9e3dc21f91d306eb1df8bb2a,02d90fa9d123cbc2535acd3871b10acb,delivered,2017-08-16 16:24:16,2017-08-16 17:44:48,2017-08-17 12:57:45,2017-08-29 18:55:50,2017-09-08 00:00:00
3e36c841d95ee611719b42ff49a54792,3846f38f6b9a88b5c622361282deeefa,delivered,2017-03-09 08:56:30,2017-03-09 08:56:30,2017-03-14 07:45:37,2017-03-24 11:43:15,2017-03-30 00:00:00
255a21c87a4a96bae0476d10dd3800e0,b7a49cc601821304d09c5abf1d65d55b,delivered,2017-11-22 21:58:24,2017-11-22 22:07:25,2017-11-23 17:28:40,2017-11-27 20:18:42,2017-12-04 00:00:00
de727a3ecd5c174c519d64573cc0064b,27fe727389e4d6744b8a4d6fa58c9994,delivered,2017-08-19 19:02:06,2017-08-19 19:15:22,2017-08-24 21:04:22,2017-09-06 20:16:09,2017-09-22 00:00:00
9c03da81bd00ffb889065591f180e708,02424d17085bd31f9856f083bb3aaa42,delivered,2017-04-18 20:28:18,2017-04-18 20:42:28,2017-04-25 07:24:01,2017-05-09 10:45:58,2017-05-12 00:00:00
9ec3685b1f21c7dfff4f656392b186dd,952f534f87d6ec6eeaa2cfd1d5987362,canceled,2018-02-20 11:37:45,2018-02-20 11:50:31,2018-02-27 16:17:59,,2018-03-12 00:00:00
8f57cd376d453764bfae6581f236952c,ed1dcda329310c128c46c9d2e4294323,delivered,2017-10-08 20:44:33,2017-10-08 20:56:32,2017-10-11 20:03:37,2017-10-16 19:09:10,2017-10-31 00:00:00
42053bb062d0d5bb79db26888b6f50aa,adcc75f12c0db891b2ee6e71907b4f07,delivered,2017-11-24 14:12:00,2017-11-24 16:17:02,2017-11-27 18:14:54,2017-12-05 19:22:44,2017-12-18 00:00:00
9e96437ba8e86960a08b46716ccd3244,8baf5c99074e0862f7cc7b09db517026,delivered,2018-01-13 13:36:23,2018-01-16 03:38:36,2018-01-18 13:06:32,2018-01-30 21:48:08,2018-02-08 00:00:00
541c4c9245e27e65a02d9cc6d58fab08,4b63832d8981eeb3359955d8057588e1,delivered,2017-12-05 11:02:37,2017-12-05 11:15:26,2017-12-05 21:13:39,2017-12-10 12:51:40,2017-12-21 00:00:00
c9577dccdc314ce381822a54b1eaf22d,3484542c6ea610e48fd062a81b8d2220,delivered,2017-11-25 00:23:00,2017-11-28 03:41:38,2017-11-29 18:08:57,2017-12-06 18:04:42,2017-12-22 00:00:00
d877b306ef910af8ed6dc15022dbbc65,a614e89ebef5e6e90fc819d4d4064bc3,delivered,2018-05-14 21:04:37,2018-05-14 21:29:43,2018-05-16 11:20:00,2018-06-05 23:08:40,2018-06-06 00:00:00
cbea63556805f3965ab75f4f56a79508,64a002fb777f7726efb2dfdcdf3a9d1a,delivered,2017-05-22 12:07:15,2017-05-22 13:05:57,2017-05-23 07:13:36,2017-05-30 08:09:56,2017-06-09 00:00:00
9c0b834fc89f4dd70679baffe8bed38e,3ff64bf4067f2b8c240397252473423b,delivered,2017-01-18 22:12:34,2017-01-18 22:25:08,2017-01-19 12:37:06,2017-01-26 13:28:50,2017-02-14 00:00:00
9068e8cf49f95d4c1684f38d5e570780,75a4c3f7bf2e1ba622f84c5ac2fb73b3,delivered,2017-09-05 09:04:16,2017-09-05 09:15:21,2017-09-13 18:05:10,2017-09-18 09:42:24,2017-09-25 00:00:00
de24995591633aa90ba93afa013ece1e,1a6621ac56bb4674312d97846fcc7dfd,delivered,2018-08-11 12:01:37,2018-08-11 12:10:18,2018-08-13 08:44:00,2018-08-17 18:46:24,2018-08-24 00:00:00
ebc1b6869013db46733e56deb933dd5a,c7c039c6fc668b0255e63a0141ddd202,delivered,2018-01-29 11:12:02,2018-01-29 11:21:26,2018-01-30 23:24:52,2018-03-13 23:41:53,2018-02-21 00:00:00
3733b36d82377a01ed4386abf60df35d,54bca645ded187f38062b20452a649f7,delivered,2017-08-13 22:33:54,2017-08-13 22:50:20,2017-08-15 14:22:09,2017-08-23 18:58:00,2017-09-08 00:00:00
52829e9959fca34bf525c9e260e69e55,08793c36970e3c5f00eddedbc3648b3c,delivered,2018-03-13 10:39:27,2018-03-14 03:31:48,2018-03-15 22:44:33,2018-04-06 20:58:26,2018-04-13 00:00:00
6cdb9b31878fbe99cbad7cde30306101,a7994f163edf8455763d1630fd0fba3f,delivered,2017-04-11 06:33:17,2017-04-11 06:45:13,2017-04-12 16:54:31,2017-04-18 13:53:46,2017-05-09 00:00:00
b12beb9e03bfacd9b42cf189c5decc85,12146654a986f7db61818e306b1e227a,delivered,2017-03-08 13:13:49,2017-03-08 13:30:09,2017-03-09 10:01:54,2017-03-14 08:24:35,2017-03-31 00:00:00
4bd5b58c7b8331304e19d3fce19b9942,142a4e4e5238d5ff64a7cd659ec0f95e,delivered,2017-06-11 13:04:43,2017-06-11 13:15:19,2017-06-19 16:10:58,2017-06-28 22:25:58,2017-07-07 00:00:00
012f255bd5034b8e7fb3c91566a91cc8,87eccba53579db5563b0588f8943373d,delivered,2017-10-06 09:42:12,2017-10-06 09:49:37,2017-10-06 19:48:56,2017-10-09 20:43:53,2017-10-30 00:00:00
0e45c1c50018bc382b24647115e9eb6c,77ed5ae0acf4f7fd1298ef46f09eab67,delivered,2017-12-04 22:51:55,2017-12-05 10:30:42,2017-12-05 18:59:15,2017-12-07 15:41:44,2017-12-20 00:00:00
b335c1b6b81809fb3de72bab88595134,43c19903c140dc70e2ae446c1f49ac05,delivered,2018-03-14 13:24:21,2018-03-14 13:35:31,2018-03-15 17:16:52,2018-03-22 18:51:58,2018-04-20 00:00:00
2191c4b8b5384ed556dfd154ce6e319c,4d859c1cba06922887a78b10550b3c61,delivered,2018-02-18 09:36:02,2018-02-18 10:46:25,2018-02-21 20:06:10,2018-03-12 11:44:27,2018-03-22 00:00:00
ba775766c1b51d74ebb0fffa075800e9,fec42995c716793ca5c8086890cf8749,delivered,2017-06-10 12:10:31,2017-06-13 03:50:33,2017-06-16 14:44:46,2017-06-16 22:34:46,2017-07-03 00:00:00
6803ba1b701523000d344241064d9dd4,3bd41ace6947e38ca8617d90ca110496,delivered,2017-11-15 21:12:05,2017-11-15 21:27:23,2017-11-21 14:43:13,2017-11-25 20:33:12,2017-12-05 00:00:00
d6292621d39936fc67116695f6f8ee9a,4b1b2e3866b27944860052d7dfd99f86,delivered,2018-06-19 23:27:06,2018-06-19 23:59:41,2018-06-20 12:39:00,2018-06-21 17:38:24,2018-07-05 00:00:00
23d4f61b839ef6570d6bc7210be91d8b,827f3496ce3332b3f9ef6b5ea4ea4025,delivered,2018-06-07 16:24:21,2018-06-07 16:59:53,2018-06-08 12:27:00,2018-06-21 22:21:25,2018-06-25 00:00:00
071773cf1c4d6c91cce83af65b9f8fff,e3cc4bf7e43cc5afc7bfc9693dcd5938,delivered,2018-07-28 10:25:00,2018-07-28 11:04:17,2018-07-31 19:02:00,2018-08-01 23:21:16,2018-08-13 00:00:00
9c9b21a2db3ef4c7109f69f7f3614d71,0b5ed41783e17d8e75af1284dff5b43d,delivered,2017-09-23 15:56:48,2017-09-23 16:10:13,2017-09-25 22:27:27,2017-10-11 21:37:44,2017-10-27 00:00:00
2064a88a243add2e2cc03b9c6043e616,b1c9a1e6aa6d7fcd06fbe3c647ff34df,delivered,2017-09-27 20:32:22,2017-09-29 02:14:42,2017-10-03 17:26:26,2017-10-10 18:33:57,2017-11-06 00:00:00
d44be4540d1a35533a9f5c89377b77f1,74b30896d931057ed18fd8e404ec5b9f,delivered,2017-09-17 20:35:28,2017-09-17 20:50:13,2017-09-20 18:37:54,2017-10-05 14:35:32,2017-10-16 00:00:00
3a635b5f9d8d66a95086d273fdf4b9af,85aef466e2b060295cda720078676318,delivered,2018-07-28 13:12:26,2018-07-31 04:05:40,2018-08-01 12:23:00,2018-08-07 14:04:08,2018-08-21 00:00:00
20073b5a4f4e82bae239dda7b336ca5e,956ca505668348db97e2ab931a66f491,delivered,2017-08-01 19:09:47,2017-08-01 19:26:02,2017-08-02 16:37:58,2017-08-11 18:37:41,2017-08-23 00:00:00
824fecdf5be64398335e151279b7e51a,e5c87f8146accd4ad373274872619d31,delivered,2017-05-29 20:30:01,2017-05-29 20:45:14,2017-06-01 07:25:56,2017-06-07 15:40:36,2017-06-19 00:00:00
09ae00385becd9090c7e85eb465605e0,76cbb2f50d9907cf49c5fd75d7ab80a6,delivered,2018-03-22 13:34:29,2018-03-24 02:07:52,2018-03-26 21:08:39,2018-04-03 18:35:35,2018-04-23 00:00:00
9682a979182968d8d0b1a356f8bb330e,d6e5a4173470d0e38dcff1153aba6397,delivered,2017-05-25 10:05:42,2017-05-26 10:15:12,2017-05-26 15:04:40,2017-06-16 22:42:35,2017-06-29 00:00:00
4c33f92b62a822db77b38b88bc7ad237,9ffe618cd036e060e22d52b89ded9be4,delivered,2018-02-12 12:53:47,2018-02-12 14:00:23,2018-02-16 19:56:51,2018-03-23 20:58:55,2018-03-12 00:00:00
ab74c0e5d243c75a0289ac0ed8811a97,84ff6882397b2bfccaca1644c4c9f37d,delivered,2017-07-02 12:42:15,2017-07-02 12:55:10,2017-07-03 15:07:37,2017-07-05 16:32:43,2017-07-14 00:00:00
d0f706ec8a0d8cd8b1733c1f2f7f4701,1e6bd00056db5ad190016e8d62d0bc36,delivered,2017-11-24 20:33:02,2017-11-24 23:33:52,2017-11-25 20:14:28,2017-11-29 16:57:32,2017-12-15 00:00:00
6f2de71049be12a7261059378f59e229,615e5edf00b62ca6f134b8656c75fa1b,delivered,2017-05-21 12:26:59,2017-05-22 19:35:10,2017-05-26 16:12:41,2017-06-19 15:32:50,2017-06-22 00:00:00
d1ecf8ea463b1f0cee4ecb78c2c5e3f1,68930e4bd02e1b1e603d462c6e4e2849,processing,2017-11-04 22:21:11,2017-11-07 07:30:49,,,2017-12-08 00:00:00
4ade81c98608cbcec03c4c345efaed72,8df178ced93d8d488dfceefc8f619d9a,delivered,2018-01-13 11:40:00,2018-01-16 03:50:25,2018-01-19 15:42:02,2018-01-24 21:05:52,2018-02-05 00:00:00
1b50601ff6fbdeff70999a4a988c1eca,9837d06922d62b0361bcd2773ad8dd62,delivered,2018-03-05 18:11:35,2018-03-06 09:55:35,2018-03-08 16:26:42,2018-03-23 12:45:54,2018-04-03 00:00:00
a23d78879cb7bb079e10a2ffe1b43c66,86077345114daef70e5009a273c9d8c9,delivered,2017-09-30 12:46:54,2017-09-30 13:07:53,2017-10-04 17:07:07,2017-10-07 17:18:11,2017-10-25 00:00:00
47650b179fe1eb21e4f09dee5fc8305b,6fd5c3c0b0a188b36fde59515da3f790,delivered,2018-08-10 00:08:53,2018-08-10 00:24:44,2018-08-16 16:21:00,2018-08-17 12:42:51,2018-08-21 00:00:00
65c56aa08aaade99b2cd074e12f1b18b,52cf80510bae1e1665b35b35b9560d26,delivered,2017-06-28 14:09:59,2017-06-28 14:25:22,2017-06-29 14:32:16,2017-07-11 20:03:13,2017-07-28 00:00:00
a7d5e53a5efe34103e6b5b67c497c2fa,f33b497e61563bc43e61de2c6d2ef1f5,delivered,2018-02-16 19:24:38,2018-02-16 19:46:23,2018-02-23 22:52:13,2018-04-07 01:51:53,2018-03-12 00:00:00
4857ccdd76808fc1fc5f5bcb02255a79,ba61b7bbb191268e2bdbbb6ca8aeb55a,delivered,2017-11-09 21:33:33,2017-11-09 21:50:46,2017-11-14 10:09:00,2017-11-25 12:28:23,2017-12-01 00:00:00
827ccb77a1b8dd1f0e079958667c7d7d,ff1a7dec380f5ed33f5144d4868ae60a,delivered,2018-05-13 14:04:46,2018-05-13 14:32:25,2018-05-14 15:05:00,2018-05-16 18:04:25,2018-06-13 00:00:00
7c0c550ebd758c3416ad56d50e5b2852,14bfbc2db2edda7a3de50b204bb81e33,delivered,2018-01-01 18:01:44,2018-01-01 18:11:28,2018-01-02 18:12:38,2018-01-09 22:08:41,2018-02-01 00:00:00
39a74c4560e0e96397582d0a8ce8781e,624e7f9e9460748b09591ebc6d0bc828,delivered,2017-08-26 18:43:36,2017-08-29 09:25:38,2017-08-30 17:05:59,2017-09-11 23:37:50,2017-09-15 00:00:00
6505566db69a6882dfdde71d55151eff,f960d7dc815b411946b16feb8686fb02,delivered,2017-02-21 14:35:12,2017-02-21 14:50:15,2017-02-21 15:51:31,2017-03-02 11:43:05,2017-03-22 00:00:00
c1b6c1248aa41e66a84d6c6d8bcd9225,d2574045aa80d0981a27256fdc56c772,delivered,2018-01-29 22:11:27,2018-01-29 22:30:23,2018-02-06 23:19:40,2018-02-16 17:12:53,2018-02-22 00:00:00
da6e14bf496bcc88c9a7e04053030e11,2c9aff9e7bc8f51885fcccf14cb2ed3d,delivered,2017-07-19 04:52:55,2017-07-19 05:03:19,2017-07-19 14:07:01,2017-07-24 19:37:39,2017-08-08 00:00:00
cd327d6285b9ec84417e1b5e76bd97ff,df7c2cc62452933478a9b73daf1c71f2,delivered,2017-11-14 08:28:50,2017-11-15 02:55:51,2017-11-16 19:46:03,2017-11-29 22:28:30,2017-12-13 00:00:00
316cbf18dca6cfe813ed375d15be4ffe,d3c86b434335bddcc4bfe421bb4419a3,delivered,2017-04-23 18:42:00,2017-04-23 18:55:13,2017-04-25 08:24:06,2017-05-11 23:09:52,2017-05-11 00:00:00
e928ff37a53d06de70f40f1cc47ad7a1,0342d5b49f9d170b94f0beb69838ed2d,delivered,2018-04-25 23:22:10,2018-04-26 00:00:18,2018-04-28 08:01:00,2018-05-04 20:28:55,2018-05-23 00:00:00
b23a0369bc067f164e116241fc186d13,f2aede5beb5188696eb71fcdec48c673,delivered,2017-07-18 19:25:45,2017-07-18 19:43:19,2017-07-20 18:23:31,2017-07-24 20:34:48,2017-08-07 00:00:00
38c08fbad68f49682733a8d83e997aa6,ddf7eddfa863931d992313aa1b1ccf79,delivered,2017-10-01 00:19:04,2017-10-01 00:35:17,2017-10-02 18:18:16,2017-10-10 15:42:25,2017-10-18 00:00:00
e460c3e09735ad9e71e6e6b84d5cd085,a1519634d0ae8ab534c5ff9a1ba53c89,delivered,2017-11-24 12:52:37,2017-11-28 03:33:20,2017-12-06 21:08:59,2017-12-19 19:48:39,2017-12-27 00:00:00
9ae2615288bae316687074b5dfadaf46,66bedeedb8b2f83e37860634125050c7,shipped,2017-03-25 17:51:57,2017-03-25 18:05:08,2017-04-06 09:38:11,,2017-05-24 00:00:00
b7e0190fdc95790f9d5634df91229b82,896f1932bd8ab3bd8e27bf16193fe1bb,delivered,2018-01-25 21:36:46,2018-01-27 02:45:29,2018-01-31 15:22:08,2018-02-16 23:32:11,2018-03-12 00:00:00
272d40214dcc28e3eea31bcdb4d1f55c,85c6a3112d9b45e4bbb16f9337537dcd,delivered,2017-05-29 12:56:29,2017-05-29 13:05:54,2017-05-31 08:09:34,2017-06-05 09:37:59,2017-06-21 00:00:00
b83a53aed7b1da149fe5272c3ea0a9da,513e518b5caafded884af053de30ed00,delivered,2017-05-04 19:31:51,2017-05-04 19:42:20,2017-05-09 10:26:21,2017-06-13 18:42:25,2017-06-13 00:00:00
de1be6069a58eca5fcaa104e419e6946,368e258dda184b5d0df5778ae933c0a1,delivered,2017-11-17 13:17:07,2017-11-18 13:30:44,2017-11-21 22:27:01,2017-11-24 22:13:03,2017-12-11 00:00:00
b86237ab8ac8a32159a965fced9e9948,9c064232e8a5e06b45078b72132898f7,delivered,2018-06-11 12:34:45,2018-06-12 04:57:52,2018-06-12 11:10:00,2018-06-19 16:38:54,2018-07-16 00:00:00
3a842bbb29174bb6dbd2c2f364e8eb15,512d2f27ff16992be32202def0860e3f,delivered,2017-11-10 13:14:43,2017-11-10 13:27:37,2017-11-16 18:48:50,2017-11-26 12:41:26,2017-11-24 00:00:00
2e4b9e7c90aaeb1b4a427c8bad708b3e,70a1cb84ba0314b09ca80c68b95da988,delivered,2018-03-03 12:54:27,2018-03-03 13:48:37,2018-03-06 19:45:25,2018-03-09 16:02:29,2018-03-21 00:00:00
1155a271e649284c3e901dbdda76e841,caf7d5509f2b18b8b71fd625341f9169,delivered,2018-01-21 17:40:10,2018-01-22 13:55:24,2018-01-25 17:14:05,2018-01-31 13:38:33,2018-02-14 00:00:00
a415ad4db7ac7a8d3f67fa7aeb0d569e,66fab3d0d2b0b2fd1e362ef8d9084fc3,delivered,2018-07-19 10:39:04,2018-07-19 11:05:11,2018-07-20 14:00:00,2018-07-23 16:10:34,2018-08-06 00:00:00
d4f0a2e6724782ffec52257b637dc928,9298659a888542ee1dccd284384d8ff7,delivered,2017-05-02 11:20:34,2017-05-02 12:35:04,2017-05-04 13:51:00,2017-05-08 09:48:36,2017-05-24 00:00:00
34ac92bbb6413e7f6efd32aa6a30fe37,6dcc24988b3cf3be1c025f5e6d17fe49,delivered,2018-05-15 22:38:45,2018-05-15 22:55:20,2018-05-16 14:35:00,2018-05-18 22:48:43,2018-06-05 00:00:00
48805bfedbbbfe75dabe602c05eae895,bbce69db62fbcc00884caa50b906a809,delivered,2018-08-13 14:15:32,2018-08-13 14:25:17,2018-08-14 15:24:00,2018-08-17 23:18:29,2018-08-27 00:00:00
6465d3dc9fca8e88c2f2cbe75eaea6f3,c829c3889a5a46c6a74212c987c1a78c,delivered,2017-12-13 09:29:58,2017-12-13 14:31:51,2017-12-19 18:49:51,2018-01-16 00:22:51,2018-01-18 00:00:00
3ae0851b6ee221c9db69aa800b869e3f,c1637785edaf603b308a7559994ae929,delivered,2018-03-19 20:47:54,2018-03-20 20:50:23,2018-03-22 21:14:54,2018-04-27 16:58:36,2018-04-16 00:00:00
a6aa2d9d0561ad1c39f33d69e3f1277e,13b24d45013751e69cb8764ac554a4d6,delivered,2018-08-01 19:52:40,2018-08-01 20:15:25,2018-08-02 14:21:00,2018-08-03 21:04:44,2018-08-07 00:00:00
e4b40fda48f1528f2b88921fa069b2ac,cc5ee8a4c40090eefb75f6fef70c0041,delivered,2018-04-09 21:50:19,2018-04-10 00:12:22,2018-04-10 20:37:52,2018-04-17 18:50:45,2018-04-27 00:00:00
d1ad273eb19cc217511bb7d6f6de894f,ea73aa0b167932887e8ef6b43e1d8fce,delivered,2018-02-23 13:26:49,2018-02-23 13:35:51,2018-02-27 22:35:52,2018-03-10 13:21:46,2018-03-16 00:00:00
551cf988ddc636bfcd08d383c5c371fd,b2d8b9180d9d78f3325bac5912398a67,delivered,2017-11-26 12:04:31,2017-11-28 12:14:10,2017-11-29 20:41:20,2017-12-12 14:41:35,2017-12-19 00:00:00
6a42b7608f87f127149196afa0554473,a06aadc1e2a90865df8fe7ce1f570e04,delivered,2018-01-06 16:18:32,2018-01-06 16:32:15,2018-01-08 21:27:52,2018-01-25 17:53:13,2018-02-05 00:00:00
ed0621902f725df643367f63deec991a,12c12ffae8f42f1ced8772ca1c708d51,delivered,2018-03-06 08:28:29,2018-03-06 08:40:30,2018-03-07 17:54:10,2018-03-09 20:12:48,2018-03-22 00:00:00
591634e3db632b8d5a60099a1b81cf7a,1328b35044ea458d162dc73bc6d4c02f,delivered,2017-02-05 19:47:13,2017-02-05 20:02:29,2017-02-07 10:05:49,2017-02-13 11:53:50,2017-03-08 00:00:00
54c7a23f3dfaaf598f685cf985213ff5,f24242f44914c2af7b95dead241c4830,delivered,2018-01-12 12:29:08,2018-01-12 12:39:22,2018-01-13 01:37:37,2018-02-05 18:43:14,2018-02-15 00:00:00
a589a29e4907819c966a0c4840b41ccc,2f326df8bae20dc643eecaba92d0778b,delivered,2017-06-09 13:59:44,2017-06-09 14:10:25,2017-06-12 09:58:13,2017-06-19 15:46:55,2017-07-06 00:00:00
5df35b35ce08d3d6f634eccfeb93a143,944c2b54ea0bb6e12cb06ead9d38c884,delivered,2018-08-01 17:45:22,2018-08-01 18:04:08,2018-08-02 14:40:00,2018-08-17 22:32:40,2018-08-14 00:00:00
7cfabaea28ed8990f6ed91454a1a7cd1,5a9229b88a571cf4c1a6ea23144f7417,delivered,2017-12-11 22:45:48,2017-12-13 02:33:31,2017-12-18 19:34:17,2017-12-27 17:52:41,2018-01-11 00:00:00
5c81ecc71f66f9a6aef23cc998bc47bf,9508b3e20db239b2e109de122417bfbe,delivered,2018-08-14 17:29:02,2018-08-14 17:55:18,2018-08-15 12:44:00,2018-08-21 14:28:54,2018-09-11 00:00:00
7428a574ede28cd343748b3ea5778d35,1acf4569604468397f3b048f50a7b4ec,delivered,2017-12-06 17:36:04,2017-12-06 17:52:13,2017-12-07 16:57:51,2017-12-11 15:21:56,2017-12-22 00:00:00
c7437eea29f47fbd3d4baf3f4b83c5ae,d9af086fa1436ce10917c4d0362d5939,delivered,2018-01-24 18:11:43,2018-01-24 18:18:29,2018-02-01 13:54:47,2018-02-05 15:03:42,2018-02-16 00:00:00
7b969559771f915ab40f2421e6f1a582,c83e0e9e4a2b35059ce91a67b288ca78,delivered,2018-01-28 18:40:36,2018-01-28 18:50:26,2018-01-30 01:13:29,2018-02-07 20:14:33,2018-02-21 00:00:00
a8ddfd6f6316a1c31da18f179981ecc6,5b4a17cdf8e611b47a912e232cdf6441,delivered,2018-06-27 12:01:22,2018-06-28 12:31:09,2018-07-03 15:37:00,2018-07-05 21:13:50,2018-07-12 00:00:00
1442b25f1cb6b0dd05c29b7df04aa0aa,1c8fcbabbadcab634eaf27c4fe94e6b7,delivered,2017-06-29 20:51:39,2017-06-29 21:55:13,2017-06-30 15:46:45,2017-07-13 18:06:26,2017-07-21 00:00:00
cda58baf4fa440869e819a444c1a65cd,119964566e4c0cbef2dac4d8a4291338,delivered,2018-07-17 11:27:25,2018-07-19 04:42:35,2018-07-20 11:14:00,2018-07-26 18:07:28,2018-08-14 00:00:00
199c3d5d5456786637603c3975e504f3,526441615839170e46ce165be2760060,delivered,2018-02-25 16:35:44,2018-02-25 16:50:22,2018-02-26 21:22:12,2018-02-28 21:37:21,2018-03-12 00:00:00
9e7752c172e3994115a2cd609a18de29,c2b15e2fdaf53bfb90b245f2ad21d94d,delivered,2017-09-04 14:28:22,2017-09-04 14:43:48,2017-09-05 20:13:05,2017-09-11 15:50:18,2017-09-22 00:00:00
867d8052e7e00c74f4a3dc15943ae847,3600815cf5b1dd91f6ad4c6cb968908a,delivered,2018-08-06 19:55:49,2018-08-07 04:44:41,2018-08-09 16:57:00,2018-08-16 19:14:35,2018-08-16 00:00:00
013bc77d3ca5fba084a241fdcb307393,96ce05a47b37faa11bd59938ee555a7d,delivered,2018-01-17 00:23:17,2018-01-17 00:37:23,2018-01-18 13:53:02,2018-03-12 17:06:53,2018-02-19 00:00:00
b4b23a5f1e3af0a90cce47b18af0e612,9b4cb03c9a90f85c805a67ecb696ddc9,delivered,2018-01-18 00:00:32,2018-01-18 00:11:33,2018-01-18 22:26:43,2018-01-30 01:11:44,2018-02-16 00:00:00
d2271c114a00d818beaafcbd5b2b567d,bfb3c9e5be070e932c96b362dd441807,delivered,2018-04-21 11:37:18,2018-04-24 17:30:16,2018-04-24 22:28:45,2018-04-30 19:17:48,2018-05-21 00:00:00
121dbde7d88c82adc886e26b28552ef7,e9d4a08d748f76bdddafcbbbaf1e9fc9,delivered,2018-05-19 16:13:18,2018-05-19 16:32:07,2018-05-22 13:56:00,2018-06-07 18:07:52,2018-06-21 00:00:00
fda9a222267a9db0d0831209bfe668e7,40f91776eb08c0a9e9339c42b8bc4388,invoiced,2018-05-20 09:53:33,2018-05-20 10:17:14,,,2018-06-08 00:00:00
753153c2c8b76dceab71239c68f0e5b7,95a8eab7b28631dbf0fc405e678a726d,delivered,2018-04-11 23:56:13,2018-04-12 00:13:58,2018-04-12 21:51:18,2018-04-13 13:34:28,2018-04-26 00:00:00
2fe95e63972d1a35491a2cf058c422ea,5ef48d1af1f169b2125fdb88df851f49,delivered,2017-09-20 10:53:34,2017-09-20 16:44:12,2017-09-22 19:08:44,2017-10-03 20:12:28,2017-10-24 00:00:00
adb295eaa7acf068902018c99076d0a5,77df569cbc1440126727ddd242595c2e,delivered,2017-10-04 09:01:06,2017-10-04 09:14:13,2017-10-09 22:53:42,2017-10-11 19:47:48,2017-10-20 00:00:00
e68226afae9b0ff953f7853f783339dd,8197dc246c4a83cb58834c3495716dc0,delivered,2017-11-12 19:26:45,2017-11-12 19:46:22,2017-11-14 22:31:58,2017-11-17 17:52:22,2017-12-01 00:00:00
9e13d10fe3ab7d47882c882943f5309a,ae086b2ec35d63f04c0c1aaa152c07cd,delivered,2017-08-19 11:28:39,2017-08-19 11:45:11,2017-08-23 20:52:16,2017-08-24 19:46:06,2017-09-01 00:00:00
9266b73e961bef87166384687a9daddf,9acac19eb552df355abdb0347154865e,delivered,2018-03-10 14:38:22,2018-03-10 14:50:27,2018-03-13 17:12:20,2018-04-07 02:12:01,2018-04-03 00:00:00
4ac05edf248d6206469e17c32e52c9ac,741f00aca12b97beb2db34f629655c30,delivered,2018-08-17 22:35:51,2018-08-17 22:49:33,2018-08-22 16:33:00,2018-08-25 12:07:33,2018-09-12 00:00:00
8b9995cb757e53af93a0bcd17011a3bd,0c302f4e4722a7b2c5b1899faad9d5b2,delivered,2018-01-31 20:44:54,2018-01-31 20:55:57,2018-02-02 23:27:02,2018-02-22 00:09:07,2018-03-08 00:00:00
02f0618d94e9aeeb35a81835fa5c64d7,d0c26cf29062e8483e02761ab2078561,delivered,2017-12-18 10:36:07,2017-12-19 09:53:33,2017-12-20 15:42:19,2018-01-03 16:48:19,2018-01-18 00:00:00
d7033967b0710c2c3169fa2649bf6576,8eb90845975135fe4d5279dbea7e8c1f,delivered,2018-06-28 08:44:49,2018-06-28 09:10:40,2018-06-29 15:05:00,2018-07-11 15:26:52,2018-07-18 00:00:00
21dcaddbfa9fae12149a7c46cb6590eb,2604afbe12e2d1dd7ba180b00434d617,delivered,2017-09-21 17:48:33,2017-09-21 18:04:39,2017-09-22 16:22:28,2017-09-26 19:33:34,2017-10-06 00:00:00
249385a8a3fb6a8765bed08eaeef9919,580d8871c30dc0e5f3522d8eb0c14658,delivered,2017-09-05 22:34:08,2017-09-06 03:04:12,2017-09-08 15:43:47,2017-09-19 19:10:34,2017-09-27 00:00:00
7baf1221e608e468c3a2daa7aba9ac6f,48b7d24cfc153c45d3d60290ef492ba1,delivered,2017-06-24 22:31:23,2017-06-27 03:55:13,2017-06-28 14:40:54,2017-07-06 09:23:38,2017-07-14 00:00:00
4a7676ed277c46594e4bc347c5be54df,b513e5c88725d337d84e279d97a7aa0d,delivered,2018-05-08 10:18:18,2018-05-08 10:32:11,2018-05-10 15:47:00,2018-05-21 19:18:29,2018-06-07 00:00:00
fa7c7045419850f12653d3ab75810322,741cb303c18254a4018cf12426c63e57,delivered,2017-07-25 14:06:16,2017-07-25 14:23:29,2017-07-31 21:16:49,2017-08-05 11:21:57,2017-08-21 00:00:00
ce938f4382d04c8b3df8c773d3187449,45d23d652ab776714f444ad2daf99995,delivered,2017-12-05 15:25:21,2017-12-07 03:15:42,2017-12-28 14:49:06,2018-01-03 18:03:00,2018-01-11 00:00:00
d598240ace8c810afb856b735b84d66d,76df24431ff482962bb2d94c79871ca0,delivered,2018-05-05 16:30:30,2018-05-05 16:53:32,2018-05-09 13:28:00,2018-05-21 23:07:38,2018-05-30 00:00:00
1f38f9f0e83af83813b5db8ee43e1a02,f76dc47174f01d73c76be3f39d35a676,delivered,2018-01-30 00:38:18,2018-01-31 13:32:00,2018-02-05 15:19:18,2018-02-21 17:52:52,2018-02-23 00:00:00
fbb38f33f44df110ef060767b70bdfa3,ba1249c05a651c21b3e6a99caaad9525,delivered,2018-08-03 16:53:24,2018-08-03 17:23:56,2018-08-06 14:19:00,2018-08-17 17:38:42,2018-09-12 00:00:00
e3cd6d82ade0e89d757b4d900460f1ad,56f48a4b6b679bf9b82d46ff1be7875a,delivered,2018-03-09 14:07:48,2018-03-09 14:29:14,2018-03-09 23:21:39,2018-03-20 21:32:20,2018-04-05 00:00:00
797fec22e68f5cadeda77e283dab6365,08bf6fdcf141c77367584ad56a79909f,delivered,2017-08-10 21:47:41,2017-08-10 22:04:49,2017-08-11 21:15:26,2017-08-22 19:46:38,2017-09-05 00:00:00
f1860618b7674572f1f08801ab36833f,f3fd434cefcc530bec7e71f31a914b60,delivered,2017-09-06 08:34:13,2017-09-08 10:25:22,2017-09-11 19:47:59,2017-09-15 13:37:41,2017-09-26 00:00:00
7a1fc49af568078837d0bd6efc218702,a2a5465995a3a887603b8394b7dc69b5,delivered,2017-04-28 09:46:45,2017-04-29 02:42:48,2017-05-03 14:50:17,2017-05-22 10:07:57,2017-05-23 00:00:00
e45b8a62c43866e3c9989324547db51c,086a2eb2b3d6945a6c31f7d36f523bc7,delivered,2017-07-06 09:43:53,2017-07-06 11:50:07,2017-07-06 14:50:32,2017-07-14 17:49:49,2017-07-28 00:00:00
92d7a73bcc35da100f6a725112d26730,76e096c68fdf19c14e89397f91d10159,delivered,2018-03-22 11:07:03,2018-03-22 11:29:43,2018-03-23 19:46:28,2018-03-28 15:56:40,2018-04-13 00:00:00
358001862da7e31fc81214650e2f134a,2b103a43381968b2d869df1c7da16dde,delivered,2017-05-16 17:53:26,2017-05-16 18:05:20,2017-05-17 08:51:03,2017-05-22 11:25:07,2017-06-07 00:00:00
8af910ab3dcf14bd966ba647e2ad995a,014b7917072f3fe8c9ca37d4043c31d1,delivered,2018-08-26 20:08:21,2018-08-26 20:24:10,2018-08-27 13:53:00,2018-08-29 03:12:46,2018-08-31 00:00:00
ab94edba03e70a9b50a33580289792fc,50d2c11cca560b2e450922000cd44d51,delivered,2017-11-25 17:10:44,2017-11-25 17:31:58,2017-11-28 18:14:58,2017-12-27 19:04:39,2017-12-20 00:00:00
f16e4c5b20fe01e09d3cee88c9c91fe4,f0d84f7bc23152603cb03037a44ae3ea,delivered,2018-08-14 02:07:38,2018-08-15 02:04:33,2018-08-17 09:35:00,2018-08-25 00:34:31,2018-08-27 00:00:00
146bc27ff71043a6ace37bd4dec7b754,0d051c3b978b24060b7d47b78efe11da,delivered,2017-08-03 18:21:36,2017-08-03 18:30:19,2017-08-04 18:52:10,2017-08-08 19:49:55,2017-08-23 00:00:00
e7b5bbd928c9dcaa3466502cd99b4907,d0019ad7e1264a69c1120123e9f3feef,delivered,2018-05-27 20:13:46,2018-05-27 20:31:20,2018-05-29 08:48:00,2018-06-22 22:20:11,2018-07-03 00:00:00
f4a8d4d1b8f2020f7bcb532c8175106c,dfe5364df5b644ca5f0ff6f5e6c09c1d,delivered,2017-08-02 20:42:23,2017-08-02 20:55:10,2017-08-07 19:17:43,2017-08-14 21:24:39,2017-08-30 00:00:00
543191db0a8f28cd664d601260fb1dee,9d5b4e1c9cea65d80c0d229f2f51f8a0,delivered,2018-01-14 12:57:25,2018-01-14 13:09:20,2018-02-09 20:32:17,2018-02-27 16:21:48,2018-03-07 00:00:00
5607dd260b59aad9885b4dd7ad29352c,83db3ab5b2d2d11fcf877ea14d60e827,delivered,2017-09-14 21:10:17,2017-09-14 21:24:48,2017-09-20 19:53:14,2017-10-16 18:48:09,2017-10-20 00:00:00
9d00e586fa5fcb774ed90678f734fb49,2f3c501d98b288fc694a6c82e04131b5,delivered,2017-12-30 19:38:48,2017-12-30 19:49:27,2018-01-04 15:15:26,2018-01-20 16:22:41,2018-01-31 00:00:00
f8910e655b2182f4389f8fe8d6035aa6,42c73162e6fbc5a7d1656b3d0ff38e01,delivered,2018-01-10 18:25:50,2018-01-10 18:48:31,2018-01-11 21:19:50,2018-01-18 22:19:59,2018-02-02 00:00:00
a49dc0169f9bb6d3ac9829bdebd12299,c78088a2467e83cbb726c1283608dca7,delivered,2018-07-21 11:46:28,2018-07-26 23:31:27,2018-07-24 14:55:00,2018-07-25 18:24:31,2018-07-31 00:00:00
0f79d33b1365193e6f789e898ecc5a24,ca405391078026cf61c08084376df2fd,delivered,2017-11-17 19:43:54,2017-11-22 02:52:42,2017-11-22 15:48:30,2017-11-27 19:06:04,2017-12-06 00:00:00
a61574f3d74d4d3cec6528240b2017ae,b87bbd15537c8fdb8f0f37f8f76cbd6b,delivered,2018-03-03 22:19:30,2018-03-03 22:30:29,2018-03-08 20:48:32,2018-03-20 21:47:07,2018-03-29 00:00:00
39e5dc2022ca487e81f4bfa3d855e649,bf401e7ba41f6772172dcf100f491d65,delivered,2017-11-14 17:30:59,2017-11-14 17:46:22,2017-11-16 15:37:39,2017-11-21 20:18:37,2017-12-04 00:00:00
f2fdb2c26514430fe5fc50af581e9d2c,d09df6efe1d655b47865fc3efe81494b,delivered,2018-02-28 21:21:44,2018-03-03 02:51:21,2018-03-06 02:21:58,2018-03-15 15:21:09,2018-03-21 00:00:00
519a63cb3ea1d2c4b1364552eacb6b29,06da298efb6ead8ed9e9a271bcb9419c,delivered,2017-09-04 13:04:44,2017-09-04 13:15:12,2017-09-05 20:09:09,2017-09-13 19:25:59,2017-09-26 00:00:00
ea2568234ef491f3b42d83e8bc5f06e7,979d4607761bd7ed4af375a67bef322f,delivered,2018-07-03 18:19:32,2018-07-05 16:33:01,2018-07-17 10:29:00,2018-07-24 15:48:53,2018-07-30 00:00:00
4531bfc9fa7b2b7582a6dfad40fa0215,705e79c115cf8479aa947256c3451a46,delivered,2017-11-25 11:35:05,2017-11-25 11:51:41,2017-12-15 19:26:39,2018-01-04 22:00:01,2017-12-18 00:00:00
cd3f1eb3138c86331f1d27332acdae59,11c66314e234e52a7dc67e9510ede3ae,delivered,2017-03-15 09:19:06,2017-03-15 09:19:06,2017-03-20 16:38:03,2017-03-27 13:52:50,2017-04-07 00:00:00
9b403323790d69fa17479eb09e7e2cf4,c11f4ea85257db85de835c955c6509a3,delivered,2018-02-06 14:55:21,2018-02-07 03:10:07,2018-02-07 18:03:48,2018-02-21 17:37:04,2018-03-09 00:00:00
37c3eefe09fbbf5fd314de9cbc9e07a4,93c6f2c4efa28137204432b25e5b919e,delivered,2018-03-13 08:11:07,2018-03-13 08:34:43,2018-03-13 21:52:49,2018-04-13 00:18:33,2018-04-02 00:00:00
4be6db35f003429e3739868afdda6914,5759cffba9a4dcd1577947b10a8bb982,delivered,2017-08-31 16:45:09,2017-08-31 16:55:13,2017-09-02 14:26:07,2017-09-08 12:17:35,2017-09-27 00:00:00
cf2a9fcfac08206bae42b3118368c9d1,b3670b3da4ad23a4e0f9890e5b6cf737,delivered,2018-08-15 00:39:44,2018-08-15 00:50:21,2018-08-15 12:25:00,2018-08-20 17:06:56,2018-08-29 00:00:00
1af2f9b623aa5618203b6973830aec03,29e95ac82fd9078337d1f51422300047,delivered,2017-11-12 16:45:03,2017-11-12 16:56:05,2017-11-14 15:42:52,2017-11-30 19:29:08,2017-12-04 00:00:00
b665005f4d6ed76db213ab12680a0237,3262946514cd05bc2855bd1514f780a1,delivered,2017-08-04 15:39:01,2017-08-08 05:43:18,2017-08-11 16:01:22,2017-08-25 19:32:42,2017-08-28 00:00:00
0c45caaab2bcc146bef109bee64d3b98,5087defc2b2ec1e20defc362427ad2fe,delivered,2017-06-15 12:56:38,2017-06-17 03:16:43,2017-06-19 20:22:47,2017-06-27 15:09:46,2017-07-12 00:00:00
740ae797f7cf4c60ba34060981cf6491,b58cc694479e16a5b9cb9972fbf5113b,delivered,2017-06-06 19:46:52,2017-06-06 19:55:14,2017-06-07 08:23:33,2017-06-19 20:07:57,2017-06-29 00:00:00
ec4406235854ee5e0fea135054afa0e6,a512255ffb0b2189e4f2317a93e39bce,delivered,2018-01-13 00:04:18,2018-01-13 00:55:28,2018-01-18 15:50:10,2018-01-26 00:29:12,2018-02-15 00:00:00
0c4c58fca6e92bb1b43c04a406e73a86,226a63a502f031aafeb924719d58a805,delivered,2017-11-26 18:41:52,2017-11-26 18:54:05,2017-11-27 21:39:51,2017-11-29 14:38:48,2017-12-19 00:00:00
06691ef50a126916cb2d45040258ee3c,9e9e7a5ee7c5e26e2782c06f0acfad1b,delivered,2017-05-16 23:09:07,2017-05-16 23:22:40,2017-05-17 16:48:10,2017-05-23 15:23:46,2017-06-07 00:00:00
8b30044038679449c915fdb8f46d6712,8dfdcec47ac9d8437bad1b90d5eabc99,delivered,2017-09-24 14:20:41,2017-09-24 14:30:19,2017-09-27 22:12:34,2017-10-04 17:37:30,2017-10-19 00:00:00
42a06602c542e66dd5a4377a0270320a,8f94ce3dcd293ee4ec6135cd00220016,delivered,2017-03-04 21:08:40,2017-03-04 21:23:13,2017-03-14 16:02:25,2017-03-22 10:14:19,2017-03-31 00:00:00
63d1268ad5a270923a280206fb76bc55,b125274701a8b2d9023dc70c2ba88b9f,delivered,2017-04-19 17:19:08,2017-04-20 17:30:20,2017-04-24 09:24:25,2017-04-27 09:52:42,2017-05-22 00:00:00
a5db57e596494a2570d250dea03da4ce,993677d5b12e91002d0d47c2a782a7d1,delivered,2017-10-16 08:11:57,2017-10-16 08:29:22,2017-10-16 20:13:02,2017-11-06 09:15:55,2017-11-07 00:00:00
911432777099c4ba4711a18faed3f4c0,00f625f67cffbda090bb7bd168821482,delivered,2018-04-13 22:24:51,2018-04-13 22:35:20,2018-04-16 22:32:53,2018-04-23 20:03:37,2018-05-09 00:00:00
2bca9fb7f37de0ca85a20234cdce1fb1,a8827f0bd340b0c925104fee0629e381,delivered,2018-01-06 09:54:02,2018-01-09 07:19:00,2018-01-11 17:25:05,2018-02-02 01:38:41,2018-02-09 00:00:00
4824fef8a9f66256c9eb0c7682363932,05532b1940ad190dbf986712e00e716a,delivered,2018-07-18 22:49:41,2018-07-18 23:02:29,2018-07-19 14:03:00,2018-07-24 18:21:36,2018-08-07 00:00:00
f3f3b27cca7955c784c143b5886558d3,9ae3ca34775bd0f2a8a7e5915975c1f6,delivered,2018-03-01 07:50:27,2018-03-01 08:09:26,2018-03-06 19:45:29,2018-04-03 23:07:43,2018-03-26 00:00:00
2d5fcae67cd267649c54367612ede338,cd4315960cc06b1f74525b160643e3b2,delivered,2017-11-02 18:57:27,2017-11-02 19:10:56,2017-11-15 01:48:24,2017-11-28 00:06:58,2017-11-29 00:00:00
cf4e2fbc22f6efdf6c5988003626bf48,71a6ab0f5f611b05e407f11a655e8c38,delivered,2017-09-22 15:23:01,2017-09-26 04:04:34,2017-09-26 21:18:55,2017-09-30 15:24:52,2017-10-09 00:00:00
14d296847a335160b30c1e6afe4d011b,239237f358786f3f58304735a5ce87c0,delivered,2018-08-17 17:26:08,2018-08-17 17:35:15,2018-08-22 14:35:00,2018-08-28 19:34:22,2018-09-04 00:00:00
0aec87a19cce94ceda3bce4b605d9423,8efc8e00b4373776f0f3543e043fd768,delivered,2018-03-14 17:03:43,2018-03-16 03:50:10,2018-03-20 22:36:43,2018-03-21 14:36:44,2018-03-26 00:00:00
087b7573e7bda014f7f61b472a7cf555,e04b0d3e98bf9cb1ccbe50eaa45ac459,delivered,2017-02-22 13:08:03,2017-02-23 02:35:12,2017-02-24 07:06:00,2017-03-06 10:42:32,2017-03-23 00:00:00
390a142c6e05da81665de637c8460ca9,79f601e6be21ecaa934e0ea0897323de,delivered,2018-04-30 19:52:38,2018-05-01 02:39:02,2018-05-02 16:07:00,2018-05-08 15:12:26,2018-05-28 00:00:00
f393b5ab60dfcc6d8c8000240a1a230f,4ad1e822e74d474a35edfb2cfb76f954,delivered,2017-12-16 00:56:31,2017-12-16 01:56:18,2017-12-18 23:57:27,2018-01-04 22:22:42,2018-01-17 00:00:00
a6acb34f913bfaf8367a31f75d53829f,647210ee29ad619037c52bc024f07650,delivered,2017-10-19 21:02:44,2017-10-19 21:14:41,2017-10-20 17:03:38,2017-11-07 21:37:52,2017-11-07 00:00:00
1420860371690847f7c995bcc5a44635,99974447c69793d64b279a9d29910dac,delivered,2017-05-15 19:58:44,2017-05-15 20:10:21,2017-05-16 09:44:19,2017-05-18 11:06:46,2017-05-30 00:00:00
a1cadef58ea9a00d7e27089a29644883,35ce0878563c58ae6204141b827a6b86,delivered,2018-03-23 16:36:35,2018-03-24 02:07:55,2018-03-26 22:08:44,2018-03-29 01:29:44,2018-04-05 00:00:00
6a8068cb2233e4e303e48efa7628d7ce,a995de3dc6d521edc82924a3e9941821,delivered,2018-02-23 12:49:55,2018-02-24 12:48:03,2018-02-27 23:42:15,2018-04-03 18:26:41,2018-03-19 00:00:00
870aa2bc7aa8da08f2c330db4a88c509,1e89ae773b201e0b12529620979f6906,delivered,2017-11-03 11:55:35,2017-11-03 12:10:39,2017-11-03 23:38:36,2017-11-14 20:07:40,2017-11-23 00:00:00
2d395688fd6ae7eb8d492b8fd1ce287c,118ea956ae83ce874aa0b2613c29f0a7,delivered,2018-02-22 14:17:49,2018-02-22 14:30:46,2018-02-24 00:09:03,2018-03-01 22:08:03,2018-03-14 00:00:00
b3eab105571ffb4a91b5516252cead7f,9b8a332e088c71b5728c58a94fd97dfd,delivered,2017-11-18 16:30:32,2017-11-18 16:50:27,2017-11-21 16:28:56,2017-12-14 22:14:44,2017-12-18 00:00:00
701ddcb0eab1d32958b3638a5e8c4e97,e73a40f7509a5e81a764029d4b7ea836,delivered,2018-01-22 13:16:34,2018-01-22 14:54:59,2018-01-26 18:08:56,2018-02-02 18:41:45,2018-02-19 00:00:00
e3c64131d3d2295829639be7b74a6533,462edc38c8e3268231131fbce3347b86,delivered,2018-04-01 19:51:11,2018-04-03 05:49:07,2018-04-04 01:44:43,2018-04-16 18:32:21,2018-05-02 00:00:00
c182d0749fbf4359feede804db96559e,d0d87358614b385a2720002e20d2df15,delivered,2018-02-01 21:24:28,2018-02-01 21:50:02,2018-02-02 23:33:03,2018-02-08 16:28:46,2018-03-01 00:00:00
8ec209265a47650812217445916b21ce,62c278822580d321ae9a7853e184eb5f,delivered,2018-05-04 20:23:00,2018-05-04 20:35:19,2018-05-07 12:55:00,2018-05-12 17:41:01,2018-05-24 00:00:00
db1de62685151430c248c3c03b951156,c6e338678dd6ad971bd8d9f15f8448b0,delivered,2018-02-26 00:01:15,2018-02-26 00:50:26,2018-02-28 21:38:54,2018-03-08 02:22:11,2018-03-19 00:00:00
aef19c7ffbe816963b54aa3bd8777f1b,131740d1fa70fbc1e265ac7fe700e34c,delivered,2018-04-23 08:36:10,2018-04-24 19:03:45,2018-04-27 08:48:00,2018-05-08 21:33:37,2018-05-16 00:00:00
6fa12c96b3e4f807bef7f5fa4c6a1b58,a59e93192ada42b56c5be8eb74891193,shipped,2017-07-06 15:15:35,2017-07-06 15:25:13,2017-07-11 14:17:45,,2017-07-24 00:00:00
8a86aed13f75de6f6db042ac9465e231,e8e5e7bed9f414da8aa06cb2a95fe59d,delivered,2017-12-12 22:48:46,2017-12-12 22:58:29,2017-12-13 20:29:07,2017-12-18 14:42:51,2018-01-05 00:00:00
82d3f649aa623394cf7ad9432dd748d4,2ad4d7bf0d9891d02025ef4c28bc0cfd,delivered,2018-01-11 11:17:37,2018-01-13 02:28:25,2018-01-15 22:22:41,2018-01-18 17:45:00,2018-02-01 00:00:00
66aef8b9776b9fbfb4ccebc6f3d984bb,f11f3360739b68aefb45eaba4a6bd1f1,delivered,2018-05-04 06:16:16,2018-05-04 06:32:08,2018-05-09 14:26:00,2018-05-14 18:25:02,2018-05-28 00:00:00
e408dfd94b7e8c99fd27de19a3f388df,a426c4c6d4d9e1dcc7cc3a99601bd0d0,delivered,2018-06-28 12:59:04,2018-06-28 13:11:04,2018-07-09 13:09:00,2018-07-13 20:33:30,2018-07-31 00:00:00
4540a046d78b66514285266847c73d3c,6f0972530647a75b615f7fe6fc69ca59,delivered,2017-06-16 09:24:18,2017-06-16 09:35:15,2017-06-16 17:03:41,2017-07-06 13:21:39,2017-07-19 00:00:00
8d6342c5d498f0042ad00193ce3038c8,e4fc1c835dd07f06ef7dacbd5f81fcbe,unavailable,2017-10-02 08:56:39,2017-10-03 04:14:33,,,2017-10-26 00:00:00
4b6e439f8ebc7348898173190aec97e0,aaf20dc67023de7b3972bebe41ee09b7,delivered,2018-07-03 13:44:02,2018-07-05 16:33:04,2018-07-04 15:09:00,2018-07-06 12:41:20,2018-07-23 00:00:00
6674020dce60ac29b7de0ffa6d2c34e6,7f84de4242b6904d52024a43b3c16196,delivered,2018-02-19 21:32:13,2018-02-20 07:07:26,2018-02-20 19:25:13,2018-04-17 18:32:01,2018-03-12 00:00:00
01bb52d7a8dffb8bef5b79268487cd10,28c250c622ecb0309adc441f549d9a0f,delivered,2017-06-06 12:54:19,2017-06-06 13:42:49,2017-06-07 11:51:23,2017-06-19 14:38:10,2017-06-30 00:00:00
4b776c02a3be0e30b22a7e5ff6a72136,3de50cef5f608ce966220a332bafba21,delivered,2018-04-04 15:33:51,2018-04-04 15:50:12,2018-04-10 00:55:19,2018-04-13 20:48:34,2018-04-19 00:00:00
94896a982ee16e53abdc889d32f289ba,e9afb35fd50cca0826a0dd50871d5308,delivered,2018-08-18 13:37:04,2018-08-18 13:50:09,2018-08-20 11:32:00,2018-08-24 13:38:34,2018-09-14 00:00:00
1072218ec4a811eca0a85325da45ac25,981e02a77d10b92a4a0eb3557906d182,delivered,2018-07-11 18:45:42,2018-07-11 18:55:20,2018-07-12 13:10:00,2018-07-13 15:54:50,2018-07-19 00:00:00
bc792ace04233efedd8f161fb4b7b207,a480d7510ff88ed0d99ea92591143f07,delivered,2018-02-21 15:12:29,2018-02-21 15:30:09,2018-02-23 01:12:15,2018-02-24 12:08:32,2018-03-07 00:00:00
459c47b41c054e9dac96205be9ac9060,93a9facf901bff170e44b59fc32540d6,delivered,2018-03-25 13:22:27,2018-03-25 13:30:30,2018-03-27 02:24:35,2018-03-28 21:28:23,2018-04-12 00:00:00
48e86fac091ccf24da8a7ebc63ec3111,ddab4bfc18971652ddc9d033e424af1a,delivered,2017-06-12 11:34:57,2017-06-12 11:55:13,2017-06-14 16:00:04,2017-06-26 16:39:50,2017-07-12 00:00:00
879875949eefeefb6dc391cffaa010a3,2840826c1d92fe0b6c3e79a4a68bff3e,delivered,2017-04-28 18:28:09,2017-04-28 18:50:19,2017-05-02 15:43:59,2017-05-09 08:46:14,2017-05-24 00:00:00
92d8c82bf73dc132d90e6d3d176f33b4,23da49f483f692acf881d30a6f729736,delivered,2018-03-01 21:51:32,2018-03-01 22:10:28,2018-03-02 15:47:31,2018-03-13 19:32:56,2018-03-23 00:00:00
741bffa3ccd9486d8050c172ea085d43,feb0ec401c19c2f55e9a93280567ff98,delivered,2018-06-06 18:24:11,2018-06-06 18:35:09,2018-06-07 14:13:00,2018-06-15 18:43:49,2018-07-19 00:00:00
ef8e343c4abd7135c59d2a6179bd4351,e012c42980f243d89990940907be4fcb,delivered,2017-10-10 23:38:52,2017-10-11 00:03:48,2017-10-16 14:44:40,2017-10-25 19:06:18,2017-11-03 00:00:00
6d634ac1e01a120c22e27efcba0a97dd,b3f70fe0a44778cf121e6536b2aa5d94,delivered,2018-05-16 17:09:54,2018-05-18 05:34:24,2018-05-23 12:57:00,2018-06-06 18:02:16,2018-06-04 00:00:00
5de49d2694e14cb7d84e7131475e63b1,83b8264988c66fd059c5289c87e960a7,delivered,2018-01-07 15:18:02,2018-01-07 15:27:21,2018-01-08 20:01:42,2018-01-13 02:33:14,2018-02-02 00:00:00
abcf460ff11589e91290e8f95caeeef7,afc0bb207419f33368777e5258921f1b,delivered,2018-07-11 16:51:31,2018-07-11 17:06:11,2018-07-12 09:29:00,2018-07-13 17:03:09,2018-07-19 00:00:00
acb09adeef280bd9475bbc0fed1eb8ee,0de3df89f5aafcdb82290027e375d72b,delivered,2017-09-14 10:50:50,2017-09-15 02:10:45,2017-09-15 18:07:53,2017-09-18 15:22:57,2017-09-26 00:00:00
f4261614bd20d817d6bb3b181705d699,8a7bd75315cdfef62fd97d65526ecb9d,delivered,2017-08-20 13:37:28,2017-08-22 13:36:14,2017-08-23 13:47:27,2017-09-19 20:52:05,2017-09-27 00:00:00
2c6df2cdea838bd21bc2dc78dac3029b,1ac82e990f54a692a5bf3b92aa32311c,delivered,2017-05-15 22:01:22,2017-05-15 22:10:21,2017-05-18 11:20:41,2017-05-24 11:34:32,2017-06-06 00:00:00
d961b0820bb2a8d47f4277d39ddf9efc,cae644882715eeb77677f6d9458ab35d,delivered,2017-09-26 19:28:45,2017-09-26 19:49:13,2017-09-27 19:27:41,2017-10-10 19:11:50,2017-10-19 00:00:00
21139f7690512f960e095144356dbaa1,89e468d424e38a96a37874c45c663862,delivered,2018-04-19 06:28:15,2018-04-19 06:52:27,2018-05-08 14:04:00,2018-05-10 17:06:59,2018-06-04 00:00:00
5e119c2064983e3218e5a34c5b54b2a3,f074977c5816f58f6178ba9a212d4d73,delivered,2018-08-23 23:04:04,2018-08-24 01:05:16,2018-08-24 12:29:00,2018-08-29 18:12:07,2018-09-06 00:00:00
8db7209b4e4d6b658babdeb4952b8328,8afc2e12c9663e6c26609864fd5e0a9a,delivered,2018-03-06 08:28:14,2018-03-06 08:40:30,2018-03-08 02:21:28,2018-04-02 22:14:51,2018-03-27 00:00:00
6b7c8bd6aa5cfe7f791eb8caa3da1701,360045d44b7af38682e725c57ae565a2,delivered,2017-05-27 22:54:31,2017-05-27 23:05:19,2017-05-31 11:15:12,2017-06-08 11:32:08,2017-06-27 00:00:00
69b7bc8c7cc159eb5edc4ceb96b28c55,fb08ae08a633a43d908c5f80fdaa2667,delivered,2018-03-13 13:25:04,2018-03-13 14:31:54,2018-03-22 20:12:25,2018-03-27 17:57:38,2018-04-20 00:00:00
67c73223021cafc75df9335173151314,d91a0d822683606627c0694c208b90db,delivered,2018-08-06 14:31:24,2018-08-06 14:44:39,2018-08-07 11:55:00,2018-08-08 15:31:47,2018-08-13 00:00:00
6419e8e9d7f16635d9222eec191ce516,a7532e354c1895123fff8168ec3c3c1e,delivered,2018-03-01 23:00:07,2018-03-01 23:10:29,2018-03-02 22:13:08,2018-03-13 00:11:48,2018-03-20 00:00:00
20e297eefc937e9b79e2cf97e9faddf1,12d0b91f6599ad6bd2e1ce29f0b221f3,unavailable,2018-05-09 16:39:41,2018-05-09 17:08:46,,,2018-05-29 00:00:00
32f7f9fd01c6b5592202b48442caa441,db1f2c9256482f22307b39827a99f732,delivered,2017-08-10 21:05:35,2017-08-10 21:15:20,2017-08-11 20:48:05,2017-08-22 12:44:18,2017-09-08 00:00:00
802d159a5a99085c8f291426f6ed7ea7,cf5b810e7cda8f5b798102195da70133,delivered,2018-01-12 21:57:52,2018-01-13 21:49:23,2018-01-17 15:13:48,2018-01-26 17:37:32,2018-02-07 00:00:00
7374fa43431b3fcc18a164488c164d83,c8fcdfaaa749a779ec73e4f6d981faf8,delivered,2017-05-27 16:13:48,2017-05-27 16:22:08,2017-05-29 20:57:49,2017-06-01 13:17:37,2017-06-29 00:00:00
f9701d96c7a213fc325f378bf83d3afb,2de94399dc30a8820e583410b32a9552,delivered,2017-04-08 12:53:00,2017-04-08 13:10:25,2017-04-11 14:28:42,2017-04-17 09:10:11,2017-05-04 00:00:00
6d97e3d5d9043bb4fa4f8fd0b4d9f230,b2ba171781b90a99f8256ea5f0d6cfd0,unavailable,2017-09-20 15:01:41,2017-09-21 03:04:43,,,2017-09-29 00:00:00
28e69219369607a9fc2403113041677c,ac4e47076dd4ea31cfd3782f763461a6,delivered,2017-09-23 09:42:12,2017-09-23 14:30:11,2017-09-25 15:23:41,2017-10-02 17:41:47,2017-10-25 00:00:00
cee5a8cb995db00cc6582d61fb8f63f2,62b72e95468d22e1fae1192997adf341,shipped,2018-04-19 10:15:22,2018-04-24 18:44:23,2018-04-24 22:28:48,,2018-05-08 00:00:00
2f2dd59794b2eb30ba4aedc5dddd94c2,a39b1f21681a5f51ef0a0eb687254356,processing,2017-09-18 15:15:52,2017-09-19 03:55:22,,,2017-10-11 00:00:00
11c5dd2ae28c08beae350a88aa490d94,e608d750256e65c6b4f434ceab5dc7f7,delivered,2017-11-25 13:56:37,2017-11-25 14:16:42,2017-11-27 16:18:25,2017-12-07 20:37:10,2018-01-24 00:00:00
5bda85803d5b100f4a2c1aea2f89c40d,ad6c8f1dafd59a1fee2c1c82b110a67c,delivered,2018-07-03 14:45:18,2018-07-05 16:23:41,2018-07-05 15:07:00,2018-07-06 20:58:48,2018-07-19 00:00:00
302bb8109d097a9fc6e9cefc5917d1f3,22c0028cdec95ad1808c1fd50c6e9960,delivered,2017-04-19 22:52:59,2017-04-19 23:05:12,2017-04-26 09:43:45,2017-05-23 14:19:48,2017-05-18 00:00:00
36b1f4e20647a8599217e502c9ed45e0,3bd9cab16ac6be6b2cf08859994a06e3,delivered,2018-04-02 19:44:20,2018-04-02 20:09:29,2018-04-04 08:33:58,2018-04-07 16:39:22,2018-04-12 00:00:00
e0751bde470ca1e50b59a49b0d3d8fb6,b707c00f30ee3374f36cd70fb524625a,delivered,2017-11-17 08:47:34,2017-11-17 09:06:57,2017-11-23 17:43:01,2017-12-12 22:54:44,2017-12-11 00:00:00
094af1d0ffa8afa4ddce0e4892491313,c743dace5b15ed39b17b44dc5ad44023,delivered,2017-04-06 17:01:33,2017-04-06 17:15:25,2017-04-07 09:59:07,2017-04-11 14:42:29,2017-05-08 00:00:00
2db72c1513eb12a34d183d40a7291014,9691726baec5a32ce2780c8a4f40e0ad,delivered,2018-02-18 06:27:27,2018-02-20 07:15:38,2018-02-21 20:46:58,2018-03-12 17:48:31,2018-03-19 00:00:00
f4cff4fb06f75d3b4ecebbc7e42fbdcb,7a403a66566f05868f4ace82fd9c8cce,delivered,2017-07-30 00:48:35,2017-07-30 01:05:12,2017-08-01 19:03:09,2017-08-10 22:12:26,2017-08-11 00:00:00
5f0b0411ca9f0f3502f937000fcb1447,6c11f829f63b1bf47ad07aae66f314d8,delivered,2018-02-03 22:10:39,2018-02-03 22:29:36,2018-02-07 21:36:38,2018-02-19 18:28:39,2018-03-01 00:00:00
1349d7f4ec671ded42f2360828965692,a9568489e5db4fb0153e27a71f4bc3f5,delivered,2018-07-18 07:41:58,2018-07-18 07:55:15,2018-07-18 13:43:00,2018-07-23 21:39:38,2018-08-02 00:00:00
a5a6776969179ec8c6942c432d35bf3a,365b271927c18b2fc6711b435b202a9e,delivered,2018-06-17 01:20:47,2018-06-17 01:38:39,2018-06-19 16:32:00,2018-06-22 14:48:38,2018-07-17 00:00:00
016b451bbcd4f0766dcbeb082cfe89db,24b3827e65cf09e06d6510524822749c,delivered,2018-01-09 11:25:46,2018-01-09 11:32:33,2018-01-11 22:34:25,2018-01-19 22:47:35,2018-01-26 00:00:00
544bad401327a8f0de6786c7ccd73c8b,3663cf3c9fafa9cc511c4d990ea35326,delivered,2017-04-30 19:25:23,2017-04-30 20:00:07,2017-05-04 13:14:08,2017-05-17 15:32:56,2017-05-23 00:00:00
626ac0ce1580c1c2053b90b0d317f56e,28976f318be6fab13ebd08f99ad7dc3f,delivered,2018-07-23 18:49:06,2018-07-24 10:31:13,2018-07-24 15:01:00,2018-07-26 21:19:03,2018-08-10 00:00:00
2e1f1b86124165634a36f9954e368b49,a35beaf9fec4fbac71efd9a2cd849683,delivered,2018-01-14 19:16:48,2018-01-16 03:38:40,2018-01-17 14:44:22,2018-01-23 17:32:25,2018-02-06 00:00:00
dbb7ef401708307dfd5ddd090eef26e3,ce789ca36ce4e7afcf929060781eb11d,delivered,2018-04-11 10:45:53,2018-04-11 11:10:33,2018-04-12 15:07:34,2018-04-18 21:34:40,2018-05-07 00:00:00
aa20a93ef3a47575823a475a8dd8399d,7a37b4155f68fadf391ca54d5ac9b719,delivered,2018-06-26 19:22:37,2018-06-27 19:30:21,2018-06-29 14:12:00,2018-06-30 12:22:03,2018-07-13 00:00:00
aed8a6355c72e229dbe6db611871f210,aa8825bc17f2b9387c3a0e0b2016f1dd,delivered,2018-06-22 14:31:06,2018-06-23 02:36:08,2018-06-25 14:17:00,2018-06-29 22:12:04,2018-07-16 00:00:00
f4cf82130999a9a2f355fbe489c9f548,60441eb9342fee9c5ac1de4fc618592b,delivered,2017-06-23 12:24:14,2017-06-23 12:43:43,2017-06-26 18:04:47,2017-06-28 11:44:40,2017-07-06 00:00:00
ef98e7a4267aa4457be7a1d9f8f8fa4d,d1756a94888f6544a8f726df44233c07,delivered,2018-03-15 14:49:22,2018-03-16 14:49:52,2018-03-16 23:48:40,2018-03-29 19:28:41,2018-04-12 00:00:00
3d4747e5a741a90f0c60acf8ce8399a2,8880c936aea2e82a4b0ecda6f684b610,delivered,2017-10-16 22:56:17,2017-10-16 23:14:10,2017-10-20 21:48:49,2017-11-01 15:46:48,2017-11-06 00:00:00
05529f3e7ed5cd4214281f2bf60e89d6,a9b2a6199654f4da4425e9c820bc57e2,delivered,2018-08-01 17:34:06,2018-08-01 18:20:05,2018-08-03 14:30:00,2018-08-17 00:14:35,2018-08-27 00:00:00
c4e337a93ed5684e96de89aec8e02625,4f86c0e6b849509ccd3f8314c3c6bdf7,delivered,2017-08-12 22:26:29,2017-08-12 22:35:20,2017-08-14 18:47:50,2017-08-21 19:20:04,2017-09-18 00:00:00
674e1f5ca0441058cc7fa110cb4f49eb,2eed99ae1020bfd0ff6ee54d3d547ced,delivered,2017-03-04 19:42:06,2017-03-07 04:23:16,2017-03-30 16:39:47,2017-04-01 10:07:57,2017-03-23 00:00:00
68d9dd6e86cca6554bed81e921495cfc,20c821b095f48bc4d9c684592ec44357,delivered,2018-06-10 13:11:49,2018-06-10 13:37:01,2018-06-12 08:43:00,2018-06-14 16:12:34,2018-06-20 00:00:00
cc72e34236e519ea8144e041bb5fd133,95dae130fb66764ddf9b336eb1620d9f,delivered,2018-05-01 12:24:22,2018-05-02 12:15:20,2018-05-07 08:37:00,2018-05-18 14:04:15,2018-06-12 00:00:00
e4b774f7fa2c4ce8052731dfeb5cc3f2,2947d4dbc02c7525870063dffc24b79d,delivered,2018-06-26 19:26:13,2018-06-26 19:35:26,2018-06-27 10:17:00,2018-07-06 12:38:57,2018-07-26 00:00:00
2da8623704f2a31c2f57526043b28458,ca95eb21df668f8ccf2e9f213b9527a5,delivered,2018-05-21 13:28:16,2018-05-21 16:14:24,2018-06-01 13:14:00,2018-06-02 12:41:00,2018-06-22 00:00:00
6319539d7990a9ba049730057b2612de,ee065ee29b53ebdd9e1c8811ab03b564,delivered,2017-07-22 18:14:01,2017-07-22 18:25:16,2017-07-26 01:04:19,2017-07-29 15:03:19,2017-08-17 00:00:00
a364e56d89333e08e04192bec1549d8c,d65542dc714aba9e160f49af1f888a50,delivered,2018-01-23 19:15:24,2018-01-23 20:03:53,2018-01-29 13:45:04,2018-02-05 18:07:04,2018-03-01 00:00:00
346fa124d404d88a793438c41f21932b,331c5690c13e397b0e1fb1fb407c4f9f,delivered,2018-07-22 00:51:56,2018-07-23 11:30:58,2018-07-23 13:19:00,2018-07-31 17:34:50,2018-08-22 00:00:00
3174bfd4f0c9460d4299aa633bac43be,7549b10af4bafe80999f1b8024cae4d6,delivered,2017-09-21 20:36:42,2017-09-21 20:50:10,2017-09-22 14:53:49,2017-10-02 22:07:08,2017-10-17 00:00:00
bb18e3fd27d453f8966cc3b57c5b75f6,4e91e8b56d8681a7002d2487ca151c92,delivered,2018-06-14 16:20:35,2018-06-14 16:58:19,2018-06-15 12:36:00,2018-06-20 12:16:55,2018-07-16 00:00:00
210cf7d3028086f57d41f03d2a240390,f17cb09a8980e4f5a0a6b4df4707c089,delivered,2018-04-20 17:03:32,2018-04-24 19:28:54,2018-04-24 17:04:19,2018-05-10 20:52:14,2018-06-01 00:00:00
9125faac1b379b7b9ab4665189739e31,e181c405b2194c93d04a3660b222a8ca,delivered,2017-05-10 15:24:16,2017-05-11 13:15:15,2017-05-15 07:16:59,2017-05-24 14:17:46,2017-06-08 00:00:00
69ab938f05d407e090b2620357ad4103,72956390716211e7146aed258c16292a,delivered,2018-02-14 15:13:06,2018-02-14 15:30:37,2018-02-15 19:08:38,2018-03-19 13:48:42,2018-03-07 00:00:00
2a92c65417d964be9448faf2f572bbf7,9a9b364badad4eae84ed0f6e0e0fb7d4,delivered,2018-02-25 14:45:00,2018-02-25 15:07:38,2018-02-27 04:11:47,2018-03-29 14:54:32,2018-03-26 00:00:00
002f98c0f7efd42638ed6100ca699b42,75fd1fb0bb511fc71ac2b2649c02b21b,delivered,2017-08-04 09:19:10,2017-08-04 09:30:15,2017-08-04 18:09:47,2017-08-07 19:07:30,2017-09-05 00:00:00
06d74ea6a80deeb7e69a3b1d5bfb9585,d7fc0a0ddd02070c8be5d906af2b5ded,delivered,2017-08-27 11:31:11,2017-08-29 04:35:50,2017-08-29 19:00:20,2017-09-04 15:33:58,2017-09-15 00:00:00
f3955393cd2c16c9fb4d96a3013d4adb,21520252cd5f078e780fa9d19b5742ab,delivered,2017-11-11 12:32:39,2017-11-11 12:50:26,2017-11-14 16:08:35,2017-11-21 17:53:08,2017-12-01 00:00:00
a3edebd7492a607266af222e43e6cbc2,8f9141079392b07ccd5c74727132d89b,delivered,2018-01-31 17:01:42,2018-02-01 02:52:08,2018-02-02 11:52:35,2018-02-20 10:52:43,2018-02-23 00:00:00
f2b9ba22ee2c63afa897fbd904851168,768233c1b23f5b36d4c6ade6538027f6,delivered,2018-03-29 09:28:06,2018-03-29 09:47:53,2018-03-29 22:11:40,2018-04-02 21:46:39,2018-04-11 00:00:00
f65ca26881ac6c0ef00ce00baf3d157b,f6fb5f14fdbebba18783eb0e9be41669,delivered,2018-01-06 08:13:47,2018-01-06 08:27:39,2018-02-09 12:56:00,2018-02-14 19:41:34,2018-03-07 00:00:00
94f522c26f2681ad053b999e34e7b317,fd92e79c1dfcd1ddae4d4630fef5bb7e,delivered,2018-03-04 16:17:17,2018-03-04 16:30:33,2018-03-07 21:27:57,2018-04-05 22:16:26,2018-03-26 00:00:00
616349dfee9e27679881b25bfc3af335,31f925b24ebb6e23fb255f79e4c74b81,delivered,2018-02-22 00:41:09,2018-02-22 00:50:28,2018-02-22 22:22:39,2018-03-30 00:48:24,2018-03-15 00:00:00
0d6350e1fa2acb1318e3a53d52333e25,3540507264d3464eff1ed1be3e92c502,delivered,2018-07-19 22:00:14,2018-07-19 22:15:14,2018-07-20 09:28:00,2018-07-25 12:05:18,2018-08-06 00:00:00
60e233aaaa492c07368a9bac1c0ee2d4,0c7bb23d01c5c4c485b8967dbacb97b1,delivered,2017-10-09 19:26:58,2017-10-09 19:42:20,2017-10-10 21:42:33,2017-10-17 15:03:55,2017-10-26 00:00:00
f5763c685bf8e3a552c2fcaa60aaa868,482de42da07b82da35bb97fe0c99bd09,delivered,2017-12-01 10:06:23,2017-12-01 11:31:54,2017-12-04 19:48:51,2017-12-30 12:35:05,2018-01-03 00:00:00
adea49c55eec4c7af7b2cf7ba506d874,c74986f39d4600fcccc1a012403bbaa0,delivered,2017-08-17 01:47:23,2017-08-18 02:30:33,2017-08-23 21:16:37,2017-08-28 11:49:45,2017-09-14 00:00:00
13d37da7780bd1fb1eca0512a3e75f00,374f2849c1f5b32e29c9f7e2712c55fa,delivered,2017-12-05 08:38:22,2017-12-05 11:03:31,2017-12-19 22:03:24,2018-01-11 00:20:20,2018-01-04 00:00:00
0452166f3b0d8e378179ecea1efdfe05,f9ea98973ad5377b86d588b734afda06,delivered,2018-08-10 11:25:41,2018-08-10 11:35:23,2018-08-13 15:13:00,2018-08-14 22:44:56,2018-08-16 00:00:00
ceed776cef69730e986a45c5051fad62,baadb98b0e4653b29f6408c9dd65d544,delivered,2017-05-04 20:45:30,2017-05-05 20:50:15,2017-05-09 10:50:13,2017-05-15 19:23:03,2017-05-29 00:00:00
44aa65e291ac11fe59f9f4b622c408c8,d258e855035fb7cfc8a3251229cf0e0a,delivered,2018-04-01 16:51:42,2018-04-03 05:35:18,2018-04-03 22:40:38,2018-04-17 22:43:31,2018-04-20 00:00:00
8218c35b370a39df1a636efeee72a6b7,0d9f1ec8ce764e4b5cc17969cf9f6984,delivered,2018-02-21 01:28:02,2018-02-23 02:15:27,2018-02-23 22:15:44,2018-03-02 22:07:27,2018-03-19 00:00:00
d9626ceed1048372a97bb68643b58410,c0d01003d19b83d49072648e2a7c030d,delivered,2018-05-18 11:40:47,2018-05-18 12:56:31,2018-05-21 16:12:00,2018-05-24 20:30:43,2018-06-06 00:00:00
ef71baaa81b69c4e549f11776ec90f97,adc59391390b3e7f83ce94f8615a555c,delivered,2017-11-02 11:28:20,2017-11-02 11:45:44,2017-11-03 19:18:05,2017-11-16 18:36:43,2017-11-28 00:00:00
b4587793077c17563480c33e3afa4786,f115c9fb49045355c502f201e83f432c,delivered,2018-04-02 13:24:38,2018-04-02 13:35:21,2018-04-03 22:48:29,2018-04-04 15:38:37,2018-04-12 00:00:00
a005841d24a8532b663e347f1237ba30,966ae20cf540b0d81b6d50024b543256,delivered,2018-01-14 14:19:02,2018-01-14 14:29:21,2018-01-16 13:37:15,2018-01-25 21:42:55,2018-02-16 00:00:00
bf941d5fc1bc7b644937b66246ad2150,fdb7df20df882fb648837ef2a96ff36b,delivered,2017-09-29 14:22:14,2017-09-29 14:39:02,2017-10-03 13:46:47,2017-10-14 12:21:41,2017-10-24 00:00:00
d226c6a38313ae07e11b12bad9adb222,f7bc089803fdef571f770ab60bbb8745,delivered,2018-02-05 23:24:02,2018-02-05 23:35:23,2018-02-07 19:57:50,2018-02-20 15:45:11,2018-03-07 00:00:00
2b3304ab62fd327fc4b24976e5ecfbc8,0efe3b60beba60a95722e85d02b73533,delivered,2017-04-29 14:34:42,2017-04-29 14:45:15,2017-05-02 20:25:58,2017-05-15 10:06:30,2017-06-02 00:00:00
23df618cc33c091a2663120f9de8dbfd,efbac5d10fdb11e07b78409fd8fddb45,delivered,2018-05-24 13:27:00,2018-05-25 02:54:56,2018-05-25 11:48:00,2018-06-07 21:27:26,2018-06-18 00:00:00
8ef9b1e6158c40ee1a00338ed432d6f4,c35131c89c7ed378ee2b8380276f1573,delivered,2018-01-17 16:45:31,2018-01-17 16:55:03,2018-01-19 18:51:38,2018-01-25 21:28:46,2018-02-07 00:00:00
eaa57ad5c8ee40c146f63a96ebe98295,425ddb100014d475ae084ca4ff77bf34,delivered,2018-06-13 14:35:29,2018-06-13 14:56:55,2018-06-14 13:01:00,2018-06-16 17:51:37,2018-06-25 00:00:00
845c454659dd4b14bf2cad50319cb032,b1161707c5b3711b7cf6213c114c91b2,delivered,2017-02-18 13:14:13,2017-02-18 13:30:13,2017-02-22 12:58:58,2017-03-20 14:08:13,2017-03-31 00:00:00
3446075ceaabd2c708b0108c2f4da282,0d547bb38359b0d6a8b6eaacf2905aab,delivered,2018-08-06 19:21:58,2018-08-06 19:35:17,2018-08-07 13:34:00,2018-08-11 12:22:25,2018-08-17 00:00:00
ab89bb6e241707c49c90cddb12809696,b48d1ddfcc65853c958c64994c693714,delivered,2018-02-13 20:04:05,2018-02-13 20:15:35,2018-02-14 17:29:40,2018-03-07 18:29:01,2018-03-14 00:00:00
182b04723eb5306a7d96bdec43fbd51e,3c0484744c9b3a3d7af35aa68c25a7cf,delivered,2017-11-21 11:09:45,2017-11-21 12:01:10,2017-11-27 18:13:24,2017-12-05 20:07:50,2017-12-15 00:00:00
b482da27c44f99cbb2c11a278ba31d6c,f491152c7facec74ef5e4cc2e7f86fbe,delivered,2018-08-06 12:35:20,2018-08-06 12:45:24,2018-08-08 12:58:00,2018-08-14 18:36:53,2018-08-23 00:00:00
fc2f2ef49d2a1e5465fe133f1c240324,b28341d29236a550d729f6f74aff6474,delivered,2017-10-26 11:29:06,2017-10-26 11:47:13,2017-10-30 17:44:03,2017-11-06 20:58:36,2017-11-24 00:00:00
e175b8edb692594c903e6a020fe94d8f,96456ec75560f2ec10bad6ea8f497247,delivered,2018-08-24 18:26:00,2018-08-24 18:43:57,2018-08-28 11:32:00,2018-09-03 18:18:49,2018-08-29 00:00:00
2af88e292104c45837ffce587530757e,1e2624f5ee714374913f28e768ed0f60,delivered,2017-06-01 15:15:58,2017-06-01 15:25:14,2017-06-01 15:38:55,2017-06-09 14:03:49,2017-07-07 00:00:00
4dbffcbeb7412cf8ebcbd77a6f0b64b6,291ae85099302fb8d13e152abecc5691,delivered,2018-05-02 16:32:04,2018-05-02 17:32:08,2018-05-03 11:26:00,2018-05-10 20:52:46,2018-05-22 00:00:00
ef619b0959105492c5adfe3ba5a2fb9f,ee21cabc2fbf0d2b8f7d85d7312302fd,delivered,2017-12-12 15:26:09,2017-12-12 15:50:41,2017-12-15 19:21:49,2018-01-03 14:02:57,2018-01-09 00:00:00
a836557bd25acb961f6381da4f877fd0,10c9c37bffaf8c3b0d16ba1d3f338ca9,delivered,2018-04-04 12:36:36,2018-04-04 13:09:54,2018-04-05 18:33:36,2018-04-18 15:32:19,2018-04-20 00:00:00
6a9325a3dbac8069159db1f701f548d1,74d5d9bcc8e0bcc424974010327b7376,delivered,2018-03-28 15:07:06,2018-03-28 15:15:25,2018-03-29 00:32:06,2018-04-11 20:58:33,2018-04-23 00:00:00
04276973bd289a01c0eb40a277fd919d,b1925af54f5dbae53bb849ba9fcd1507,delivered,2017-07-22 16:31:58,2017-07-22 16:45:15,2017-07-25 12:28:22,2017-07-28 14:09:14,2017-08-11 00:00:00
b5292e949af082478a408f61a52eac5b,2253f352d1652c2309a1f1287bc3e740,delivered,2017-04-22 18:37:44,2017-04-23 18:42:40,2017-04-27 08:40:02,2017-05-07 11:41:12,2017-05-15 00:00:00
73d4b4454cd4c30761c0aee44ba1f1d3,0359e57f5d0093284997d0cf36a75e7c,delivered,2018-05-13 12:51:15,2018-05-13 13:11:59,2018-05-14 09:00:00,2018-05-17 16:28:34,2018-05-22 00:00:00
f304e3c6d822b7221cb9df972c3ecd4b,101bde446b970893ef813dc3e88658a1,delivered,2018-03-14 12:53:33,2018-03-16 03:50:12,2018-03-19 23:03:06,2018-03-21 00:08:29,2018-03-26 00:00:00
a5d877aa32a04e227c66539c822988d5,bb8835803af8ffd7ee6dcc55ea6fcc3e,delivered,2018-03-19 22:03:00,2018-03-19 22:15:47,2018-03-21 19:06:42,2018-03-22 20:59:49,2018-03-29 00:00:00
2cbcb371aee438c59b722a21d83597e0,559885225f11e9c1af7436a3fa2b58f2,delivered,2018-06-26 22:33:55,2018-06-28 00:35:08,2018-06-28 08:12:00,2018-07-03 06:57:53,2018-07-17 00:00:00
ab1cc49978a6bc3ae6e76e0d98f5886b,e86aabf122bf269f6a73ef1631ea593e,delivered,2018-04-27 11:01:50,2018-04-27 11:15:35,2018-05-08 13:40:00,2018-06-04 19:03:21,2018-06-04 00:00:00
acfdfe594c452da60406c0a9a0a3d97d,27c90094367caa279beaf6f6e0eb3332,delivered,2018-02-03 19:40:10,2018-02-04 00:09:45,2018-02-05 22:34:03,2018-02-14 14:17:24,2018-03-08 00:00:00
9bc9e123b2d0de667a9468b65648ab73,aadba4edfc93de05c1142e39db3eedbc,delivered,2018-04-30 16:50:42,2018-05-01 02:52:55,2018-05-07 15:19:00,2018-05-10 00:54:33,2018-05-18 00:00:00
bb924cd9637a232ef014f73d9b3ecea4,6b824092332e6cc8333316b0dd3ffc63,delivered,2018-02-09 00:48:30,2018-02-09 01:08:49,2018-02-15 16:43:01,2018-03-01 22:56:35,2018-03-09 00:00:00
3fa77b110b9ab22eac07c61566e1370f,72f7e1911ed992b03dcaab4c0edf7e1b,delivered,2018-06-27 21:35:28,2018-06-27 21:51:05,2018-06-28 13:36:00,2018-06-29 17:18:57,2018-07-12 00:00:00
417575a363d3c393c6dcfcbbd67890e8,6f08afe6208e54d048a3fc50e512ac7a,delivered,2017-08-26 15:59:53,2017-08-26 16:10:20,2017-08-31 18:37:41,2017-09-11 17:55:13,2017-09-19 00:00:00
99a05d63022ee050d8ef1d1cd84238a4,bf3c4bc3c6e3449e9669d54294060590,delivered,2017-08-12 09:22:57,2017-08-14 09:23:52,2017-08-14 19:38:14,2017-09-19 13:40:07,2017-09-28 00:00:00
2a4315659861a015dd1f56bc705121d9,bc384df13ace1001c894117989ccfeac,delivered,2017-11-24 17:18:38,2017-11-24 20:53:53,2017-11-27 22:32:35,2017-12-11 18:33:16,2017-12-14 00:00:00
0fb2f8a7178bc3a3ff6a1812f99a78bf,6b51e8782a01e0aeb45cd6f0b1cd4681,delivered,2017-09-23 12:22:02,2017-09-26 03:28:24,2017-09-28 17:25:12,2017-10-03 16:47:38,2017-10-18 00:00:00
f86643e121f874b9e8e2223a04c79433,e551243e032114d31747d08408a73bd2,delivered,2018-04-26 15:34:53,2018-04-26 16:55:27,2018-04-27 13:34:00,2018-05-02 17:27:55,2018-05-24 00:00:00
33c395f5b7eaa637304434e553d45cf1,6964f3f60ad8c5ff9e3ff42d8747fbe3,delivered,2018-06-19 16:41:53,2018-06-19 17:05:08,2018-06-20 18:24:00,2018-06-28 21:28:58,2018-07-13 00:00:00
a97107c0b3df262ab4454ad8c3a91d0b,99b953de8aa524974325fcf9b67c1d9d,delivered,2017-07-11 15:16:19,2017-07-11 15:30:07,2017-07-13 12:44:38,2017-07-17 16:22:36,2017-07-31 00:00:00
1c79b6d729e3237f640dcf981b468fe8,fddf6ff3164683f459bcb89084c02e0c,delivered,2017-05-05 17:29:29,2017-05-05 17:35:21,2017-05-15 12:08:29,2017-05-22 08:37:52,2017-05-26 00:00:00
434f7a628e876492870a0849b88e007a,99174f8fd08e1daf113666a2ad3383d7,delivered,2018-06-23 08:37:35,2018-06-26 05:12:46,2018-06-26 15:53:00,2018-07-03 17:41:58,2018-08-01 00:00:00
907d60e687ca48a571844a50f21ac995,559da40e28e7541e69053dcd7584946d,delivered,2018-07-16 18:23:19,2018-07-16 18:35:08,2018-07-17 16:00:00,2018-07-23 19:44:48,2018-08-07 00:00:00
39c1a4a89678bf3fbbcaa3719ba937dc,2d2c4e5a4b0840c87a09fb9ecc7ef144,delivered,2018-02-11 23:27:18,2018-02-11 23:50:36,2018-02-15 19:25:02,2018-02-19 20:11:38,2018-02-26 00:00:00
91ce1f474cc41b0c5317e79388fe50d5,539d8feb518ae3873de2b32e491ae05f,delivered,2017-12-26 16:53:46,2017-12-28 02:35:49,2017-12-28 23:18:42,2018-01-12 20:52:16,2018-01-30 00:00:00
92bf118ea3ac10a83a254fe7246825a4,59d23acdbb3055458d86a0a379571d00,delivered,2018-01-03 09:50:09,2018-01-03 10:31:10,2018-01-03 19:04:18,2018-01-11 18:43:07,2018-01-31 00:00:00
37467cda81e62d78bf86acfaa7d9b030,a9d80d8258270aa25541958f8c3904f8,delivered,2017-11-14 22:18:48,2017-11-14 22:30:24,2017-11-16 17:14:59,2017-11-29 18:48:52,2017-12-13 00:00:00
2b201a0bd7f6b90ccfe1b70c2124d631,c29945462273179c02e7f3066fab959d,delivered,2018-08-01 09:06:31,2018-08-01 09:24:06,2018-08-02 06:53:00,2018-08-07 20:58:30,2018-08-15 00:00:00
d975f03243bb4cacbbbdab1631466bf3,64df3de02072f60c9f69e37c4f046e46,delivered,2018-05-14 12:20:47,2018-05-14 12:40:05,2018-05-14 15:15:00,2018-05-15 19:28:52,2018-05-28 00:00:00
c78b7d2ec9206abfd9d1853a97deaa07,9f32bc5bf706650e3d9b5b10a200945f,delivered,2017-04-22 22:48:28,2017-04-22 23:01:29,2017-04-25 09:59:13,2017-05-03 12:32:50,2017-05-30 00:00:00
5225b8931d3158e7fc05b75d6f48ff99,ee553368eb5e7dc11f3d2c201ba81668,delivered,2017-09-06 21:43:47,2017-09-06 21:55:20,2017-09-08 18:14:38,2017-09-16 12:28:52,2017-09-29 00:00:00
ede7a83eecd35db0e8db274811529d98,166e5d30f99819bb69c7803bf33923e0,delivered,2018-05-12 09:33:55,2018-05-12 09:54:29,2018-05-15 14:27:00,2018-05-21 17:25:38,2018-06-06 00:00:00
b255b9e7f77b7ae98a87260441d2905e,39460044c9b69c9585a64fd8f28f5904,delivered,2017-11-16 17:01:39,2017-11-16 17:11:18,2017-11-17 18:19:32,2017-11-21 18:54:39,2017-11-29 00:00:00
3b81643b1ae987887152ef3e6ce0d989,16775472feb645411aba12f5e7a68b38,delivered,2018-04-03 22:25:33,2018-04-05 02:15:30,2018-04-05 17:52:49,2018-04-13 18:42:21,2018-04-25 00:00:00
25eac842862525f18a083c6edf1929a3,d5dfe91af956d7349cbb8ef18653c6de,delivered,2017-12-12 21:33:36,2017-12-12 22:23:28,2017-12-14 18:15:37,2018-01-04 19:51:45,2018-01-15 00:00:00
ed08d32792c528ba9942fd6b9e95cadb,c99b0b8a41674337a4165c53ceb7139b,delivered,2017-08-30 16:37:44,2017-08-30 16:45:24,2017-08-31 20:03:22,2017-09-11 18:38:54,2017-09-21 00:00:00
cd6d509561879ebc686e9a59a123c1e7,f99b6ec614acddef0ee27db739c82a42,delivered,2017-04-23 15:20:31,2017-04-24 06:35:19,2017-04-24 10:56:57,2017-04-27 12:16:14,2017-05-23 00:00:00
04d545b51bf8586200b03f1e22db97e2,59fd8981d47ba6ea0e75ad7e2e026817,delivered,2017-10-17 18:57:44,2017-10-18 02:58:58,2017-10-30 21:24:59,2017-10-31 21:07:27,2017-11-09 00:00:00
5a9119d91afaa4185d778d886309889f,51bb6ad388ce6731e45f77e1392457d8,delivered,2017-12-26 12:11:27,2017-12-27 04:07:02,2017-12-27 21:39:11,2018-01-12 23:02:50,2018-01-31 00:00:00
a728ee4ebe3964a5a4ab8b0409eaabc1,0db624494bc34733faf2f68bc0384e0d,invoiced,2018-01-10 21:22:20,2018-01-11 11:36:23,,,2018-02-21 00:00:00
c3ca09e4e3a9c10f9b91c9ceb0d8e379,5c3f0fbbb0706f7ff1b294956cc4a778,delivered,2018-03-03 17:54:35,2018-03-03 18:08:57,2018-03-05 18:46:52,2018-03-10 16:12:10,2018-03-21 00:00:00
73827caed84fde308c32fe526c70797c,083be08831dcb47000463797ec323855,delivered,2018-05-09 14:47:24,2018-05-09 15:37:00,2018-05-24 14:51:00,2018-06-03 16:05:29,2018-06-11 00:00:00
d2e37e8fa08889fa108f66cdbf8f13e1,7a018f6ed18023f47d129aebcd7509e7,delivered,2017-04-29 20:57:32,2017-04-29 21:10:15,2017-05-04 12:42:13,2017-05-22 15:12:13,2017-06-08 00:00:00
d877555d54e7b6c523dce69ff6eed257,8b88ddca05f92c92ebd089a65a2a7904,delivered,2017-11-26 00:26:37,2017-11-26 00:38:31,2017-12-05 01:23:08,2017-12-19 17:25:27,2017-12-18 00:00:00
0332e2e8114f5904403029875ac75329,b04895eee6cdbd56c1d80d896adcd6bd,delivered,2018-05-09 21:09:14,2018-05-09 21:34:07,2018-05-10 11:27:00,2018-05-21 11:21:45,2018-05-30 00:00:00
2d27fa8465e2c54b168794e916caf16a,621130b1ad4e55e3534c72fe4b80c381,delivered,2018-08-07 20:00:22,2018-08-07 20:10:19,2018-08-08 18:21:00,2018-08-15 19:48:44,2018-08-17 00:00:00
d9f44a4c9cc80a15b120c0d93b195105,43d8dda77403e74d05428f5b92b15d2e,delivered,2017-08-15 21:09:49,2017-08-15 23:10:13,2017-08-16 19:23:22,2017-09-05 17:56:30,2017-09-19 00:00:00
710bbdae402cc011c47087b64a5f9c1a,9a1dbfc79989fbfcb8ff2b5e509447a2,delivered,2018-08-11 13:34:11,2018-08-14 04:05:13,2018-08-14 14:22:00,2018-08-15 21:29:03,2018-08-21 00:00:00
e5d3ccacd4c9d00c28a3f328f72b254f,43255747b350f79ef9efb92fc90098c6,delivered,2017-02-14 12:52:10,2017-02-14 13:05:46,2017-02-22 13:49:35,2017-03-06 08:32:06,2017-03-15 00:00:00
255cca206db1e20caf7179aeea4bf212,cb84feb37e33596f4d93c51a1b3036aa,delivered,2018-08-09 21:42:50,2018-08-11 02:45:23,2018-08-13 15:14:00,2018-08-16 22:46:35,2018-08-16 00:00:00
dc86dc4acc1d71e89538c72f78688caa,adbf5fc5322e56f67546e9959ecd360a,delivered,2018-07-15 15:55:21,2018-07-15 16:10:13,2018-07-23 15:05:00,2018-07-26 14:28:30,2018-08-15 00:00:00
c442147fb67e965dd93f9c2a185daeaa,075789f68b60edaacdb682ed2df93dbd,delivered,2017-09-27 14:39:45,2017-09-27 14:56:08,2017-10-03 19:03:31,2017-10-10 17:30:16,2017-10-23 00:00:00
343ee80178e16012130cb0007eac5888,aeed83f14583aecd0c82d49c45a833a8,delivered,2017-11-25 16:16:35,2017-11-25 16:32:57,2017-11-29 23:12:14,2017-12-20 20:27:38,2017-12-22 00:00:00
d80251514bbd83a5bb165f6e5667c6f2,040d91478309e90547cb930b7405509c,delivered,2017-12-11 23:23:16,2017-12-12 00:18:32,2017-12-12 16:58:56,2018-01-02 20:19:08,2018-01-15 00:00:00
e070ab9017bae918597b4998a81dca1f,c976067e4623ed60f31af326652803b5,delivered,2017-09-24 16:43:47,2017-09-24 16:55:14,2017-09-25 16:14:51,2017-10-10 20:08:03,2017-10-25 00:00:00
4f2a73bfb26889724652d46145c4a62f,0219be9d41699276f5d2010b4e758d51,delivered,2017-08-15 21:44:47,2017-08-15 23:45:14,2017-08-17 17:46:14,2017-08-28 12:47:45,2017-09-15 00:00:00
e484f4c3e8793e447052654990533c23,f35e64c823f62d46b6a6cab2d26f0a36,delivered,2017-09-09 12:29:54,2017-09-12 04:45:14,2017-09-18 19:27:41,2017-09-22 21:11:38,2017-10-06 00:00:00
fa57a38d61b5762b8f0b36342adc7157,dd7bca43684435e7b50006a86cb05c2a,delivered,2018-05-03 07:32:52,2018-05-03 07:55:17,2018-05-03 14:09:00,2018-05-23 15:23:55,2018-05-22 00:00:00
678a38b0cc3c744c50dc8e0af737eda0,d1745188ff90181d92cba0b15ca4ecae,delivered,2018-08-14 09:46:58,2018-08-14 09:55:17,2018-08-14 12:02:00,2018-08-25 00:11:50,2018-08-29 00:00:00
6145340f417b2ec892ce4c053d245a0f,5cabdfd4f9760bfb7c2b51fc1f934980,delivered,2018-01-07 15:30:59,2018-01-09 07:25:48,2018-01-09 22:41:35,2018-01-12 20:38:02,2018-01-31 00:00:00
34f2ae2b7384d738b4a4787d6f8e20ab,fa58c3e5d27ab0cce470476d4113a7cc,delivered,2018-08-20 14:15:25,2018-08-21 14:10:40,2018-08-27 13:50:00,2018-08-30 19:48:09,2018-09-05 00:00:00
5503b14ddf7853393e5acf02e0128442,0219c0ad1f15c9d6d7fac84ccd3ec235,delivered,2017-03-13 17:39:56,2017-03-13 17:39:56,2017-03-17 09:43:19,2017-04-20 17:05:29,2017-04-13 00:00:00
98468461ec50580f3a212ef742cccbb3,9de78fd4789fc08ad15c6aff15ce3d48,delivered,2018-03-21 21:14:29,2018-03-22 21:10:32,2018-03-23 20:21:03,2018-03-29 00:58:37,2018-04-03 00:00:00
5037eb441ab49c481fe12cdc8e600dde,3c73e7fae1eb6c9dfb52767bf61393de,delivered,2017-03-03 21:17:03,2017-03-05 06:45:23,2017-03-14 10:25:48,2017-03-30 19:35:41,2017-03-30 00:00:00
188e8c3184383f5eee9e40255048191b,b592e09a4081a4503a755962e85624c1,delivered,2017-02-09 18:41:44,2017-02-09 18:55:20,2017-02-10 10:00:05,2017-02-13 16:07:45,2017-03-10 00:00:00
35d67b8fff86c1b281f87c1d454fe49a,313b407abc3a4d3865ee0f63c899c153,delivered,2017-09-22 20:33:05,2017-09-26 03:24:41,2017-09-30 14:36:01,2017-10-09 11:43:48,2017-10-17 00:00:00
ebf2e7e7b736b66853e7a984a54cd3dc,980e54fe9de38e6ca4cf3c607e2215b9,delivered,2017-09-23 10:34:02,2017-09-23 10:45:42,2017-09-25 21:22:58,2017-10-05 20:13:19,2017-10-20 00:00:00
dfe1a1cff6291723d37ed8f60e12d5c9,5717749da9b76db54162b8484a7b6477,delivered,2018-07-31 22:48:56,2018-07-31 23:05:12,2018-08-01 08:50:00,2018-08-06 17:21:37,2018-08-10 00:00:00
e15ef863e09f10a538fddcac088f04b2,fb413c64b55384e839991cf5d72d9e6a,delivered,2018-02-07 14:40:18,2018-02-07 14:55:40,2018-02-08 21:51:59,2018-02-19 20:48:11,2018-03-09 00:00:00
891b59dfbc8a1d7b30f7fe7fe81b7d7d,14018ff56b0d7cbc692397cc71d114c2,delivered,2017-12-29 00:11:14,2017-12-29 00:31:52,2018-01-08 23:50:00,2018-01-15 21:24:58,2018-02-01 00:00:00
8154be10166afed299f6534ee62fc010,377435a4e5288a8a26f9e8285c8fed96,delivered,2018-04-29 14:48:48,2018-05-01 05:32:35,2018-05-02 14:41:00,2018-05-09 15:46:52,2018-05-29 00:00:00
0a44ca66dfa067a69bc92ef82ba68acf,28e063338299369124b14759ef655663,delivered,2018-05-13 20:05:55,2018-05-13 20:15:17,2018-05-18 15:12:00,2018-05-19 13:33:44,2018-05-25 00:00:00
22fe31bf1bf44c90b163dcc745fa1aa7,fa19cdce38b8c388177ed3abbe61df1c,delivered,2018-01-25 19:29:16,2018-01-25 19:39:28,2018-01-26 18:17:07,2018-02-09 18:27:07,2018-02-22 00:00:00
fffb0b1a50e65c449020434fa835e078,46b385c6d972b73cbcf797a8b16c072d,delivered,2017-04-12 16:35:43,2017-04-12 16:45:12,2017-04-27 09:26:54,2017-05-17 11:38:22,2017-05-15 00:00:00
aea187bff82a5ccd3eb79e80d75d238c,d0cb207dcddd7af9b63e0f7f48e83840,delivered,2018-04-16 20:29:47,2018-04-16 20:51:37,2018-04-18 22:31:42,2018-04-30 18:08:45,2018-05-17 00:00:00
0801f0d06dea3e577f48276a2a225597,db33548a973e1a93d3e7a6e599951336,delivered,2017-10-18 20:26:36,2017-10-20 02:46:00,2017-10-20 16:40:09,2017-10-25 16:17:57,2017-11-17 00:00:00
3b03215cb91b5bb4f662af34c196bb34,ee039bb5e02a2f5eab3da733e88dbec3,delivered,2017-12-16 13:56:09,2017-12-16 14:09:39,2017-12-20 15:04:39,2018-01-08 16:29:03,2018-01-22 00:00:00
e12a43dfe9ec2b96d302683d1db0f613,321fd0141cb6dbeb70469d5a90f269f8,delivered,2018-02-23 14:21:10,2018-02-24 10:48:00,2018-02-26 18:13:44,2018-03-15 01:46:29,2018-03-09 00:00:00
abef8b5d0f7fa066c7473db7d650c870,2ed1b5c01561bcf39cc2f1566a8ac9f1,delivered,2017-01-16 13:17:46,2017-01-18 09:35:19,2017-01-20 11:00:39,2017-01-25 08:43:39,2017-02-14 00:00:00
beb200af87856babdcd5d936fa928d41,c9004dd2575225ba9a571106e0f575ae,delivered,2018-04-09 15:04:25,2018-04-09 15:30:27,2018-04-10 18:36:50,2018-05-07 21:16:46,2018-05-14 00:00:00
f5eb5acec9783ed29ec9e62f521e409e,d133517a687eca4534093d2c51ec29b7,delivered,2018-03-24 09:28:05,2018-03-24 11:41:14,2018-03-26 23:03:29,2018-04-02 23:54:35,2018-04-20 00:00:00
d0b4c30f45087d9a9114b3cbe87aee63,2480cae0db14e17cff537d55abfb967e,delivered,2018-08-25 22:15:54,2018-08-25 22:25:08,2018-08-27 15:12:00,2018-08-30 22:58:48,2018-09-05 00:00:00
483b53ea654d3566427a092cdef047fd,540b9cf91ccba6db4e12ffb269c5a2c0,delivered,2017-08-03 15:59:11,2017-08-16 03:30:15,2017-08-17 20:49:51,2017-08-25 17:48:37,2017-08-25 00:00:00
0ab421a822cfefda840345b69417962d,835d2eb4a81db209086d1b7f73ae3c22,delivered,2017-11-29 12:50:10,2017-11-30 02:21:42,2017-12-04 21:23:03,2018-01-03 18:46:38,2018-01-02 00:00:00
7cdb98b018309556c5994e4a200213c0,371800d440c7ea96d8757c42728e0032,delivered,2018-08-05 16:07:17,2018-08-07 04:44:39,2018-08-07 10:34:00,2018-08-13 11:38:28,2018-08-20 00:00:00
c809b7fce9716f7f28909c7d5aca9eab,80592dbf71be01f4059123025479d07d,delivered,2018-07-03 11:47:53,2018-07-05 16:33:19,2018-07-03 15:23:00,2018-07-09 19:36:31,2018-07-30 00:00:00
e8a7d3a84c7c313494dde4ab9d4d944f,b52f2910ff36fe94d5d1a2d96ac1ce43,delivered,2018-01-27 16:04:35,2018-01-27 16:13:16,2018-01-29 19:33:51,2018-02-06 22:13:25,2018-02-23 00:00:00
358a4d03ca7ff11e1005742a0fac54bf,bbd5210b3e2717166e17ca01df3411f9,delivered,2017-06-20 11:08:11,2017-06-21 02:23:28,2017-06-21 09:00:09,2017-06-28 14:35:00,2017-07-10 00:00:00
c2b188860433e96beb3ef17cf8e69b0d,576bc9e57e0e6b4470c28334f5ba123c,delivered,2017-10-23 19:41:22,2017-10-23 19:56:14,2017-10-31 18:53:37,2017-11-10 21:48:28,2017-11-23 00:00:00
ee7ea70b0b47cb7cd9db025c348510ad,1edb8e8410d5979a74abb4c22590c994,delivered,2017-09-14 18:27:54,2017-09-15 18:35:16,2017-09-18 23:54:40,2017-10-13 19:31:06,2017-10-09 00:00:00
209ee6cc42b6f0628db36da5d69fd1f7,1e1a421d0a27d6c790d1cc796b146dce,delivered,2017-12-12 14:28:51,2017-12-14 02:13:07,2017-12-14 21:21:34,2017-12-20 20:09:41,2017-12-29 00:00:00
550a0a633eaf0af78258105794106c1c,421480011b2624e173f40e9c1544c852,delivered,2017-09-16 21:13:22,2017-09-16 21:25:11,2017-09-19 14:15:46,2017-09-26 21:23:22,2017-10-09 00:00:00
f2007850ef091173797b879e61610353,6e858ad97c0acbbcf000f5dea0b2b7b5,delivered,2018-06-13 14:36:44,2018-06-13 14:57:00,2018-06-14 08:24:00,2018-06-18 21:26:36,2018-07-20 00:00:00
69b1741699a9270162ff84bea75ceb04,983ae657212d91e757e6413c83d2c3ae,delivered,2017-04-07 23:16:09,2017-04-07 23:30:16,2017-04-10 10:47:18,2017-04-17 11:29:59,2017-05-03 00:00:00
a4a05d9529999a7a1bfc497a2cb1221a,beb2d988f0a92b273dd13f6954d09f13,delivered,2018-07-08 20:12:24,2018-07-08 20:25:29,2018-07-31 13:00:00,2018-08-07 19:26:42,2018-08-02 00:00:00
8619606361a2ff5ac09a8da0f221e540,7052a685364032f7d7c6d9f6e1e991fa,delivered,2018-03-08 12:54:55,2018-03-08 13:10:47,2018-03-08 23:39:27,2018-03-22 18:32:46,2018-04-04 00:00:00
a5fd921fa8875df40e98823f080b238b,a30167b7bd83044b7b383f2fe2f9f65b,delivered,2017-09-05 11:46:20,2017-09-05 12:04:18,2017-09-05 21:33:10,2017-09-13 20:51:35,2017-10-02 00:00:00
a813b199e66105ce6a4a841b94a330a5,6d808e68593fabbeb1d9892f5168d22d,delivered,2018-07-22 00:22:32,2018-07-22 00:35:10,2018-08-06 12:47:00,2018-08-07 19:48:09,2018-08-08 00:00:00
32be8f17cc988f8a0a52deaa64576dc2,8547b99982b4f351a1ad78a61be2e44a,delivered,2017-09-06 17:55:36,2017-09-06 18:05:12,2017-09-08 15:50:01,2017-09-11 20:04:03,2017-09-19 00:00:00
f09b9aa6920cc3061b54d2febae19ded,f4b9989784f503651bcbf4ba6273aec0,delivered,2017-09-04 11:32:56,2017-09-05 04:15:52,2017-09-05 19:27:02,2017-09-15 10:53:24,2017-09-26 00:00:00
68987346a4a9df9cbbb2234b956dd59d,70efcacd9228dce2c7f15d3b5c5255fb,delivered,2017-06-05 16:01:12,2017-06-05 17:30:11,2017-06-08 18:26:50,2017-06-16 14:55:33,2017-06-28 00:00:00
b90ff29b64c30c202414b3bdab0160b5,897b270361970fde3563dab281b3686a,delivered,2017-10-25 17:43:51,2017-10-25 17:56:51,2017-10-27 18:39:57,2017-11-04 00:27:54,2017-11-17 00:00:00
2c35f7790c51f8cc8e66365315d91929,41b8ed78b252f230f2ba8ff26d8881b8,delivered,2018-08-21 19:13:36,2018-08-21 19:25:18,2018-08-22 14:19:00,2018-08-23 21:46:56,2018-08-24 00:00:00
e6fed6276bf6386ddf418ff601846889,3bfe1f59367a7183636a6856a530c770,delivered,2018-08-15 22:06:09,2018-08-15 22:44:06,2018-08-17 14:27:00,2018-08-21 01:34:34,2018-08-22 00:00:00
bd814ae8402bcbe563ceed37d1b7db49,7035fb71c29a1d4d4ea49ad94e5969eb,delivered,2018-05-07 13:14:18,2018-05-08 04:55:05,2018-05-17 13:38:00,2018-05-21 16:51:08,2018-06-18 00:00:00
71488f40fcb86621a50c86a9e1ce486f,5cb6989d4ab4ef65101a015223aecbe6,delivered,2018-03-16 10:42:30,2018-03-16 10:55:30,2018-03-16 23:11:47,2018-03-18 20:58:35,2018-03-28 00:00:00
0cda834be88c6e549a9895efe5e0b49f,9c64cd776ee9f018ad51dfda0666bae3,delivered,2017-09-10 00:14:56,2017-09-10 00:35:09,2017-09-12 13:50:03,2017-09-25 15:56:19,2017-10-05 00:00:00
e39e98d4f4a88b8e39f59e17c9d0a7b1,4cd281d8030921fc1b77650f63efdda3,delivered,2018-03-01 14:12:24,2018-03-03 03:20:25,2018-03-05 22:14:51,2018-03-14 19:16:40,2018-03-22 00:00:00
f9207b5726780645ebba8401ccc336c6,d6f4a0ce3d9d4ad4b6aa20c54bfacb99,delivered,2017-12-01 10:15:33,2017-12-01 11:31:06,2017-12-20 19:52:09,2017-12-26 09:36:30,2017-12-26 00:00:00
559d6842e0a3468f1941683ca901b582,cb7e8cd5140cc150773cdc7f06bb737c,delivered,2018-03-12 22:25:18,2018-03-12 23:48:31,2018-03-15 00:03:30,2018-04-24 21:39:33,2018-04-13 00:00:00
36ca3c87ca7562cf9be42d80a0abe097,4716ede37d26452c09375d6f80870dc0,delivered,2018-02-08 06:19:23,2018-02-10 09:31:27,2018-02-09 22:14:36,2018-02-20 23:25:32,2018-03-07 00:00:00
d8716a985f69a46751cc046b0fea0d98,fb89de9d98c3cde010eaf1a31a5f7fd3,unavailable,2017-10-06 12:54:42,2017-10-06 13:07:10,,,2017-10-24 00:00:00
bbb9be5bd8d6ef3bcd6c165902f3dca2,1fdbbeee2463b68075c1dbcdfbde3a4b,delivered,2017-12-17 23:11:18,2017-12-18 00:10:45,2017-12-20 18:33:58,2018-01-09 21:12:45,2018-01-16 00:00:00
2f19a710f074d3785ffcc76b24e0c905,1dac165b8af97fef720a5b7295667dc6,delivered,2017-09-04 11:10:17,2017-09-04 11:24:24,2017-09-06 17:55:01,2017-09-12 22:03:26,2017-09-21 00:00:00
da47d890709778a462778fa7598ad3d9,5de568ec6b422231537d61820145cc16,delivered,2018-06-07 22:45:46,2018-06-07 23:13:50,2018-06-13 13:12:00,2018-06-24 18:03:11,2018-07-11 00:00:00
59f6f39258d9b1c7e60848000b3af9ea,5300b7cca80b30599f42376162c1c97f,delivered,2017-10-09 11:14:44,2017-10-09 11:28:16,2017-10-09 17:03:24,2017-10-16 22:48:56,2017-10-27 00:00:00
e87eab6d3c69146b0c36c905a34600e7,81112d3c8ff7d1dc7b26c0f2052012ab,delivered,2018-01-06 23:50:14,2018-01-07 00:06:40,2018-01-08 21:19:38,2018-01-15 12:47:02,2018-02-05 00:00:00
fd54e2afe76bb472b26d47b2aea174d5,ce3e4ad9d1fd077a56f53f547205b1a7,delivered,2017-07-13 09:42:36,2017-07-13 09:55:23,2017-07-14 16:25:52,2017-07-17 18:17:52,2017-08-04 00:00:00
dc2b85f0ddea6ef19805bc5d4d599c53,a99420ee8768911f91f34b70236ce3be,delivered,2018-06-10 17:39:08,2018-06-10 19:12:22,2018-06-11 16:17:00,2018-06-21 00:18:35,2018-06-28 00:00:00
0b1e73fa546894ad7310916b480de067,bc265c24a5a745bff94d62fd5f5db043,delivered,2017-01-11 11:21:23,2017-01-11 11:31:52,2017-01-11 14:07:45,2017-01-16 13:18:49,2017-02-21 00:00:00
c78b306b7a03ebdabf44e1d351f83427,caa4a8bf3eee527d50ea671e39e67ac0,delivered,2018-01-16 14:09:50,2018-01-17 12:30:03,2018-01-19 20:23:55,2018-01-23 12:58:47,2018-02-06 00:00:00
2ee3514e0e2b5e8f574134fa5e036ed9,b4dcee8e4c365fd4be547bde123c7b52,delivered,2017-11-13 02:52:52,2017-11-13 03:06:58,2017-11-16 16:59:35,2017-11-24 16:42:14,2017-12-04 00:00:00
ad3af4ef16116b6bfc7fefc544fc234b,ba95e79f286d22117a9f0a8c543d7a4e,delivered,2017-05-18 12:06:46,2017-05-18 13:05:53,2017-05-19 16:48:59,2017-05-24 11:42:05,2017-06-13 00:00:00
71d27026352e4ce6f225aa02cd8bacc3,ee8ccd2ba674c9e779e88e96a2595936,delivered,2017-12-03 17:11:47,2017-12-03 17:34:15,2017-12-04 10:58:54,2017-12-07 22:07:01,2017-12-20 00:00:00
daa8ddef333b2e2a012ef233e4566cc2,1f3976ead47ec831fbcad735afdc537e,delivered,2017-12-01 23:38:33,2017-12-01 23:55:08,2017-12-04 16:49:00,2017-12-13 00:34:53,2017-12-26 00:00:00
a26e6ab76194128dc1b473d60cbae2a1,c13a16b27894556b40c34b7e5770f679,delivered,2018-05-05 12:25:23,2018-05-05 15:50:36,2018-05-07 19:07:00,2018-05-08 20:47:26,2018-05-21 00:00:00
e65718fbdfa15bbe0f31222856566e02,2304a16c6f87e1596b00b5bfedf72fba,delivered,2017-11-02 19:59:51,2017-11-02 20:11:05,2017-11-06 16:32:19,2017-11-21 22:41:29,2017-12-07 00:00:00
568f74fedb8dd376d4ec5cbdda44712c,b05b7ec51cef24539548ef473cac2f56,delivered,2018-08-08 12:27:38,2018-08-08 12:45:06,2018-08-09 15:52:00,2018-08-17 00:03:17,2018-09-10 00:00:00
c9caebb870a1f07175f8c7d130ddc24c,b08866a7b299195e0c530f94cff315da,delivered,2018-02-21 23:51:25,2018-02-22 00:09:06,2018-02-22 23:09:33,2018-02-26 23:23:35,2018-03-07 00:00:00
f87af4a276a00d935b34c0d42c3fcfc3,15227c626cb65b59e12a8bd141e85247,delivered,2017-02-10 15:29:29,2017-02-11 15:32:29,2017-02-13 09:03:59,2017-02-17 09:06:37,2017-03-09 00:00:00
59eb76a0fd6569a54967456dad8142ef,02a6ba585a45671c8f2d4c6732d8a6d5,delivered,2017-11-27 15:04:16,2017-11-27 15:19:08,2017-11-29 18:13:27,2017-12-07 15:52:49,2017-12-27 00:00:00
b45d11b61c2a68756bbbd7665d67e812,52bd992e7e198bdcdd18854c7c2c1667,delivered,2017-10-11 21:55:04,2017-10-13 15:56:25,2017-10-17 14:12:48,2017-10-19 19:18:47,2017-11-03 00:00:00
3127891eb38cfdbbe6d5603c658c1509,0efe244f8d2101871dfc0e2f3069fd85,delivered,2018-02-11 11:03:31,2018-02-12 11:07:56,2018-02-15 21:28:46,2018-02-18 16:29:11,2018-03-02 00:00:00
d34e950d8952f0edfb48e7be2634ff91,cbc03125dfd296354a81d5e64f7be0c6,delivered,2018-08-15 21:43:42,2018-08-15 21:55:17,2018-08-23 12:21:00,2018-08-30 23:34:40,2018-09-11 00:00:00
addf0ea6869d5d39c736e7229ac38ecf,f1c7e813ce5fd823912fc5daf6724511,delivered,2018-06-28 20:38:55,2018-06-28 20:50:15,2018-06-29 15:08:00,2018-07-04 23:12:17,2018-07-23 00:00:00
0c74c49e467222c92f1811d3c087b950,77cbedf4e47cd5ef93dc76c8e48c6cd8,delivered,2017-12-29 21:26:16,2017-12-29 21:35:27,2018-01-02 22:58:23,2018-01-11 18:20:26,2018-01-24 00:00:00
c290bbb6c874ec2f6b428b6fe1f1887b,b3e148ecac48c289553e260344cb65d1,delivered,2018-07-08 15:54:42,2018-07-10 04:25:20,2018-07-11 14:23:00,2018-07-23 17:57:31,2018-08-13 00:00:00
6478538d03095a03a2562a4fa6a658f6,2205062cf6fcb1d20614d865945329da,delivered,2017-06-03 15:43:37,2017-06-03 15:55:20,2017-06-05 16:10:11,2017-06-07 14:26:58,2017-06-19 00:00:00
fd46b456c10f8d438b9dcaeb69932853,c1c4c41821a112eb591b63308367e8aa,delivered,2018-06-19 14:12:45,2018-06-19 14:37:46,2018-06-20 13:37:00,2018-06-25 18:11:58,2018-07-12 00:00:00
eb04d4a416c3fe2eb81a127774c89a7c,a0a18d98f8fbcc3a5450cbab481d9711,delivered,2018-01-31 11:08:33,2018-01-31 14:01:36,2018-02-02 01:29:27,2018-02-06 22:04:20,2018-02-16 00:00:00
00f1bb0af030935db1745ee28367ea26,0d8111a81ce6ed7cb969e28a01392f63,delivered,2018-08-06 23:19:06,2018-08-06 23:35:17,2018-08-10 12:34:00,2018-08-18 14:25:48,2018-08-27 00:00:00
ae162713f33901220faa2a22c2bdba45,b5bf62f40eab9d069c94486fc3c7479c,delivered,2017-01-31 14:38:41,2017-02-02 02:45:23,2017-02-09 07:37:52,2017-02-14 14:08:16,2017-03-09 00:00:00
f54e915fb2be62e8497873a69bfa151b,4f48eb37263de462dcd813b1213d1089,delivered,2017-11-24 21:49:05,2017-11-25 01:31:26,2017-11-27 22:11:20,2017-11-28 11:52:22,2017-12-08 00:00:00
3ffd96ca0884bf472feae91fe6f1de09,2cabf91af90138abf23efb7a2611dbbe,delivered,2017-06-04 09:13:01,2017-06-04 09:25:10,2017-06-05 11:12:35,2017-06-06 13:26:38,2017-06-19 00:00:00
4380a7440c4b9d8e47eed3703ea3a6d3,2326c5f3dfff28efaadce0c7e62b5a73,delivered,2017-05-31 09:32:45,2017-05-31 09:45:14,2017-06-01 13:47:58,2017-06-12 08:03:57,2017-07-03 00:00:00
c8be1a5ee02f0d4bfb401c7194b607e7,e1eb245dd677f80c7f2248aec3aa6bfe,delivered,2018-02-20 12:30:30,2018-02-20 12:45:25,2018-02-21 22:08:09,2018-02-25 15:51:57,2018-03-12 00:00:00
1e343afd4282a335a2d8f1c6690902a6,5e19216b79235df70a847c63e6d2b439,delivered,2018-05-15 10:40:14,2018-05-15 10:55:25,2018-05-16 14:59:00,2018-06-02 12:51:37,2018-06-06 00:00:00
09115b2d7c4d9d65a35b13be42e668e7,ceb911ab7ed6f6d7b8276fc3257ad08c,delivered,2017-12-12 20:35:50,2017-12-12 20:52:21,2017-12-15 18:56:47,2018-01-04 22:59:14,2018-01-10 00:00:00
4a6ec8881e005ff561833074489acf93,7f81e779c178bd2d4e80607ef7cc6eec,delivered,2017-06-25 16:55:44,2017-06-27 04:05:23,2017-06-28 14:27:49,2017-06-29 09:56:42,2017-07-07 00:00:00
024a19cc498cc1a9efcf675d1ca465c3,54ae421973032c25067cdf03e04be610,delivered,2018-04-03 16:35:22,2018-04-03 17:28:43,2018-04-06 20:42:54,2018-04-30 17:12:19,2018-04-26 00:00:00
b0e9288a209f5ec50391c140dba4c91f,e1ccb7645c1d9af9b91b6d521e0ba64a,delivered,2018-08-25 07:32:25,2018-08-25 07:45:08,2018-08-27 20:03:00,2018-08-30 21:16:34,2018-09-14 00:00:00
e21677585042e206b003e3d9766064e0,1ad05de046ac6a5e9bca4fb1652af25c,delivered,2017-06-20 09:56:04,2017-06-20 10:05:15,2017-06-29 14:49:35,2017-07-06 15:54:36,2017-07-14 00:00:00
9a55824805066e5b894f07c60e254854,1e5f21f18acbf4055a7da15ae09bf968,delivered,2017-08-28 11:27:15,2017-08-28 11:44:16,2017-08-28 17:35:45,2017-08-30 17:53:08,2017-09-14 00:00:00
6aa3661755d14531db724d1af0dfbaa3,b5b3ce886b794c18d46dd2a3e75727a0,delivered,2018-04-09 22:33:14,2018-04-10 00:31:47,2018-04-10 21:16:42,2018-04-11 21:41:12,2018-04-19 00:00:00
18a0085788733945772c772b19bceed7,b48c2118d9825d3f2bce214ac98fc081,delivered,2018-04-20 20:40:59,2018-04-24 19:28:59,2018-04-25 01:09:29,2018-04-30 21:29:06,2018-05-15 00:00:00
3716cd16bc2a97768309209eb4d4c6a7,5b4681e924e266db4eaba48f9b3f2561,unavailable,2017-11-29 09:54:26,2017-11-29 10:17:33,,,2017-12-21 00:00:00
4b3176150cda3ef1348ba91dfb6c7b32,08b0c3ca77cbc85b646e774a1ac760cc,delivered,2017-11-14 08:28:59,2017-11-16 15:07:00,2017-11-21 23:52:08,2017-11-23 23:06:49,2017-12-14 00:00:00
cf728450f45f3d3c59784f7539471f1a,19b31b29791bca548448d394fda4f8d8,delivered,2017-05-21 22:34:17,2017-05-21 22:45:12,2017-05-23 10:29:57,2017-05-30 14:42:06,2017-06-13 00:00:00
835dcecf534791041554b984434d72a0,4b4e0bd0381028a4284d82ad490dea77,delivered,2018-05-15 00:50:35,2018-05-15 01:16:10,2018-05-15 14:24:00,2018-05-16 16:32:18,2018-05-29 00:00:00
f1ed33d69dfbfab124dde0a2e8b129ec,ef2013fbc3141965a337692054d4fbd2,delivered,2018-04-30 10:44:34,2018-05-01 05:14:00,2018-05-03 07:30:00,2018-05-14 19:22:30,2018-05-23 00:00:00
79383ec7c2d33000e80ee9f0ecf93d8e,7c9c39b982c493070665640e2df12432,delivered,2018-02-14 15:22:03,2018-02-16 07:50:29,2018-02-16 17:58:48,2018-02-28 16:14:01,2018-03-12 00:00:00
659c573bcaa6bdd994c304a2de2b621c,793250d75e4cbcc12182cbfa4d7a6c0a,delivered,2017-10-24 17:26:33,2017-10-25 02:28:20,2017-10-25 20:52:51,2017-11-03 19:53:44,2017-11-16 00:00:00
81cedc4d2132eb6f512354166e51b187,a8f6bb35d78515a1762eb626d52b6352,delivered,2018-07-30 21:02:01,2018-07-30 21:10:20,2018-08-01 13:40:00,2018-08-07 19:11:43,2018-08-09 00:00:00
b6424d3ecaedf5f49836d503d4f0d671,246d1b806d240465bc8c33f4d80eb4c3,delivered,2018-07-22 15:43:14,2018-07-23 12:32:19,2018-07-23 13:25:00,2018-07-28 16:18:35,2018-08-10 00:00:00
7595f9b8e070df43bea3c85e1e25d361,e3ac52398f15b521dd513e2bd1447813,delivered,2018-08-04 21:13:47,2018-08-04 21:30:11,2018-08-06 14:02:00,2018-08-09 15:03:43,2018-08-14 00:00:00
a14ae07ec866886ebfbd63a32b8f86a0,84174666481d1489fbafb3a7585aaaa5,delivered,2018-03-01 15:37:43,2018-03-03 02:50:48,2018-03-06 00:29:57,2018-03-15 21:56:22,2018-03-19 00:00:00
23e9d59ee7ad86ca85f8fc571420345e,73a19b7529a6ba668ac8926f83450270,delivered,2018-01-02 15:05:15,2018-01-02 15:13:32,2018-01-08 21:47:00,2018-01-15 13:24:17,2018-01-29 00:00:00
322c7c19e12003144d90c31215ec170c,826225a44504cafa121687e2b7974320,delivered,2018-01-25 12:33:28,2018-01-26 03:16:31,2018-01-26 17:48:58,2018-01-29 22:28:40,2018-02-09 00:00:00
67f2f913bb16abed933504fb19d4ade4,d65d3879ccac114a8fab42f26dd67a51,delivered,2017-07-19 19:54:51,2017-07-19 20:10:13,2017-07-20 23:03:03,2017-07-26 18:03:23,2017-08-10 00:00:00
c04bd0a98a1ddaf5a3899c6065bd8e9b,8c474b1f9450af16f71dc3e2302ec359,delivered,2018-08-10 01:04:04,2018-08-10 01:15:15,2018-08-10 08:57:00,2018-08-15 20:06:48,2018-08-24 00:00:00
370c98f5479d81244ca3b921956e0e87,027021c1f6351f20d4e78a9dc829459d,delivered,2017-06-11 12:55:01,2017-06-11 13:08:12,2017-06-12 15:51:13,2017-06-19 21:45:53,2017-07-03 00:00:00
ffdee14e5cab83563d890d93e1d16f74,31a8f6d679715fe19892aef333993c5b,delivered,2017-04-29 09:57:46,2017-05-03 11:15:32,2017-05-04 13:08:35,2017-05-10 05:36:41,2017-05-23 00:00:00
ace9d4710c4e590edd2f5d7d09db4950,91b0b76bfecdab11a47e6fdd14c72889,delivered,2017-08-15 19:19:43,2017-08-15 21:05:20,2017-08-18 16:15:50,2017-08-31 12:20:06,2017-09-21 00:00:00
c90e8686c91e367aa92c3efa4faca2d3,cdf8637c15ff345eb86142d091e56926,delivered,2018-02-21 12:31:03,2018-02-21 12:50:28,2018-02-22 20:18:59,2018-03-13 18:12:20,2018-03-13 00:00:00
82c25f5fe611fe504eca8e2ded507842,182189e60d1b38036a9f89ba5572ed16,delivered,2017-06-28 11:55:57,2017-06-28 12:10:12,2017-06-29 16:20:00,2017-08-01 18:35:54,2017-07-28 00:00:00
124d67dd63d2412c950eadb79bf29006,777d7156a23f1cf6ec9a402e405d500e,delivered,2017-10-18 17:49:59,2017-10-18 18:06:06,2017-10-19 21:09:15,2017-11-10 00:28:26,2017-11-17 00:00:00
9964c2007bb66c44ebc2d0c803f78408,c8d004f46e5756d8fdc8011477002339,delivered,2018-07-26 22:52:12,2018-07-26 23:05:45,2018-07-30 12:10:00,2018-08-10 23:24:47,2018-08-21 00:00:00
779faf56113de193cb40644b3c455c44,b7ebfcc821920caa5e81eb829adb8ec2,delivered,2018-04-02 08:04:51,2018-04-02 08:29:14,2018-04-04 11:52:46,2018-04-13 14:37:37,2018-04-27 00:00:00
789541101a0e986e13ec3f43c425dcd5,72b4eef5f33af34d338cab565eedecfb,delivered,2018-01-29 10:37:53,2018-01-29 10:52:26,2018-01-29 20:39:07,2018-01-31 16:57:14,2018-02-14 00:00:00
c941ad898bc2355a4c9e9a19b504c69c,36ab05a0017f0f71c0a7277862e9871a,delivered,2018-08-27 23:30:28,2018-08-27 23:44:02,2018-08-29 11:02:00,2018-08-30 21:36:54,2018-09-06 00:00:00
0ecff8cca2d76a428d055ec79b94f0a1,8c083efa6a8732ae8413a694e5cdf1fa,shipped,2018-07-12 10:46:28,2018-07-12 10:55:13,2018-07-12 13:33:00,,2018-08-07 00:00:00
84499df9226b91d3b5817d5e6651a143,89e67ca2edc02e593cb7a37cce12c705,delivered,2017-10-29 23:58:33,2017-10-30 00:10:13,2017-10-31 19:33:10,2017-11-09 06:56:57,2017-11-23 00:00:00
efcd8852328a37fca811747c09c6fb69,1471498aaeb8618816b95071d851da29,delivered,2017-05-21 08:01:40,2017-05-22 10:39:14,2017-05-22 12:48:50,2017-05-24 15:05:49,2017-06-02 00:00:00
fc34a24a0463d8668b0c6e270eb71358,12d1d47a8bbcc9fbb44f8edf70d9148e,delivered,2017-09-12 22:47:46,2017-09-12 23:04:14,2017-09-14 17:15:27,2017-09-19 12:52:35,2017-10-06 00:00:00
0c01f50d13b63f9c7a1f073f51a45548,ff310159cfef87d3dbbf5341637bd4a2,delivered,2018-01-08 17:37:09,2018-01-08 17:49:16,2018-01-09 16:51:43,2018-01-16 15:17:10,2018-02-06 00:00:00
8adee5f27ae7551113fc26ce21202576,f7a372c8cda1efcf20d6d6821d6606b9,delivered,2017-11-24 01:29:52,2017-11-24 01:38:44,2017-11-30 15:38:01,2017-12-19 23:50:06,2018-01-03 00:00:00
0c42ffbb7daabd630cbe785466d587c0,850cbfa573438ea510bc828c7651b9b5,delivered,2017-07-27 12:29:26,2017-07-28 08:35:19,2017-08-09 14:24:41,2017-08-18 21:19:38,2017-08-18 00:00:00
6c7ddb7af21aaa2a8ff9601aad32c94b,1517caacf17317327ba135f91b7e5602,delivered,2018-06-18 11:57:33,2018-06-20 02:55:42,2018-06-20 14:17:00,2018-06-25 17:58:43,2018-07-13 00:00:00
4fefc3f74b4239ec72723cde525a1522,ff5ca282b802097cc7182d5f4b58d199,delivered,2017-11-01 18:04:26,2017-11-04 03:46:03,2017-11-07 13:08:45,2017-11-17 16:38:42,2017-12-01 00:00:00
ce11b5ccffa8cdf85eead71dfbf66f9a,edb728db9a06856757f3add5fa7520a0,delivered,2017-12-10 16:32:55,2017-12-10 16:50:43,2017-12-13 09:26:43,2017-12-26 19:17:08,2018-01-05 00:00:00
da949b7a8b7e0bf3929ea6995148b197,95f2af33ba6766ab985d1a762f7e2ed1,delivered,2018-01-16 12:13:52,2018-01-16 12:26:04,2018-01-20 00:14:18,2018-02-06 23:09:14,2018-02-06 00:00:00
5c30ac49014e51744e821a352437d1ca,62f4dc75e19c7757a446b7434c05da8f,delivered,2018-07-02 19:08:04,2018-07-02 19:15:15,2018-07-06 11:01:00,2018-07-13 21:51:57,2018-07-30 00:00:00
f6ff33b9c2ab6068f4b071c53f1c318b,f842c2c3c4ae59cdbf1fe4251f92f9fa,delivered,2017-05-17 16:23:40,2017-05-17 16:42:35,2017-05-19 06:39:47,2017-05-25 10:37:46,2017-06-08 00:00:00
a56b1d8a1e6ef5179f68ce22ff4454f5,c7be1b792259b72287f5da329e42eb3d,delivered,2017-02-26 10:53:10,2017-02-26 11:01:57,2017-03-02 09:49:15,2017-03-06 12:14:00,2017-03-20 00:00:00
78469a4c4c4527d1bf67198adc690ead,4a25adf3d4de6c23cefc6b79ac63fe6c,delivered,2017-11-11 19:58:51,2017-11-11 20:11:00,2017-11-17 01:16:48,2017-11-27 22:33:36,2017-12-11 00:00:00
1a3e254f72fc156c53e8a57d3129c7ca,7ef0e316835735132f9dba19d045d00b,delivered,2018-04-08 22:36:52,2018-04-08 22:50:17,2018-04-10 18:28:37,2018-04-28 01:46:29,2018-04-27 00:00:00
646879122624b2217adfed3a0c2dc91a,37e486ad485015c1943cdec434b54723,delivered,2017-10-21 23:08:15,2017-10-23 15:37:42,2017-10-26 14:57:02,2017-10-31 17:43:49,2017-11-09 00:00:00
c3e01b655f3df3687080c7972d4a7114,11e38b97a28b27825858ca7790142796,delivered,2017-11-29 13:26:17,2017-11-29 13:37:19,2017-12-04 17:52:36,2017-12-11 18:58:07,2017-12-22 00:00:00
e466da8b1fce311e8469cb62530c18a9,68d8144a07678ddc6c45bf0af744e865,delivered,2018-08-16 05:54:30,2018-08-16 06:10:06,2018-08-16 15:07:00,2018-08-17 20:28:25,2018-08-24 00:00:00
f2d40f6ced9546a04fec87530394e1ce,4d0712b81ba4e6502d8651dabc722612,delivered,2017-11-24 15:48:17,2017-11-24 19:18:34,2017-11-27 22:19:37,2017-12-18 16:12:35,2018-01-08 00:00:00
4c832b5c447f450474f8470737f7e580,532f9ca016bff3198570d8eb8aa6b00e,delivered,2018-06-05 22:54:28,2018-06-05 23:12:42,2018-06-06 14:07:00,2018-06-08 18:14:19,2018-07-11 00:00:00
1126e8ce51fcc395870c8fabcf7de709,223a9aa3954976590fb34edd7ad9ef63,delivered,2018-08-01 21:53:01,2018-08-03 02:43:59,2018-08-06 15:02:00,2018-08-08 20:22:36,2018-08-07 00:00:00
1affa2b54c26489a1600dea208b13bfd,16ad0e153b12087b00ff6bba67fc0bac,delivered,2017-11-24 12:23:11,2017-11-24 14:32:24,2017-11-30 20:42:16,2018-01-05 00:41:43,2018-01-12 00:00:00
7c33b548f0fee23cb4a8afe1f1333ee8,a04fd07fb2796275f40eed69b7c99865,delivered,2017-07-25 13:54:59,2017-07-25 14:05:29,2017-07-26 19:03:29,2017-08-05 10:08:56,2017-08-22 00:00:00
ac1e7b549740ac1a3e2ff3922d290e27,b4645427a641aee53c205d38e34dd5eb,delivered,2018-01-05 20:50:14,2018-01-06 02:31:40,2018-01-08 18:33:25,2018-01-24 23:23:06,2018-02-06 00:00:00
d39b6a20c700ff329d678922fe1dcefc,44b31ced7a446f3e5e6bb7f1b958765b,delivered,2017-09-04 14:44:08,2017-09-04 14:55:26,2017-09-05 15:46:44,2017-09-19 16:42:35,2017-10-02 00:00:00
bca1fabb8aee7868626d2d9eaa6940e6,4bd7db55d506dfc2a9fb48af0727e7dd,delivered,2017-08-02 12:55:49,2017-08-02 13:10:19,2017-08-02 18:00:09,2017-08-07 15:28:08,2017-08-22 00:00:00
7fd121b0b92e0534cea97fb49f190bb9,be776517966dde5fd0011e22950f4448,delivered,2018-01-05 18:08:35,2018-01-09 07:18:11,2018-01-09 15:57:33,2018-01-10 19:04:44,2018-01-23 00:00:00
a169311914e5fbfba32bae481dd1aa39,0d3652cb1fda41494f012955e8d483d8,delivered,2018-03-17 19:40:38,2018-03-17 19:50:31,2018-03-19 22:32:02,2018-03-22 00:21:49,2018-03-29 00:00:00
bef6f136b891658b2b57851b5afb5c99,54565fff90abee9162c1e36bafcab49e,delivered,2017-12-08 19:36:16,2017-12-08 19:52:20,2017-12-11 20:56:34,2017-12-21 19:40:33,2018-01-10 00:00:00
35587b2be9f6f8d236e7366bddaea915,ccbd5f3c7f46b8833facd60c6a4246d3,delivered,2017-11-26 19:45:02,2017-11-26 20:23:47,2017-11-28 20:57:07,2017-12-20 13:49:14,2017-12-26 00:00:00
3c4eb32cdaf179f4dcd0afa93bb88783,e003f4a8676e8204286e3aa4d217ec39,delivered,2017-03-28 11:18:38,2017-03-30 02:15:41,2017-03-31 14:52:30,2017-04-11 14:55:40,2017-04-19 00:00:00
d22b9cdf085b4c46374d974de5b98296,5a614e662afcf66da8c7bbdf13e81c50,delivered,2017-09-19 09:22:36,2017-09-20 02:15:18,2017-09-20 20:13:25,2017-09-25 21:23:51,2017-10-05 00:00:00
af0d9307a328df54ca2c27eb08cf62b2,cfa09ee8fa4d55dbb7d299db2bc05444,delivered,2018-05-05 17:10:12,2018-05-08 03:52:09,2018-05-09 09:52:00,2018-05-17 02:37:06,2018-06-07 00:00:00
c65840ef66d2956cadb8efc3ee66623c,6673ccb89c78b1fdf11b012b4eaa9b99,delivered,2017-12-03 17:30:49,2017-12-05 04:17:30,2017-12-06 12:47:55,2017-12-27 23:49:11,2018-01-04 00:00:00
14fa05104e2d0b8b2fc25c074c5740fb,bedc6fea4e51a49792c93e3a911c3e74,delivered,2018-02-14 13:43:39,2018-02-14 14:20:23,2018-02-16 20:52:18,2018-02-25 16:33:08,2018-03-09 00:00:00
97be7604e2c6e1cbccaa1103dbac25ca,56521fe800b09bd2b9803bd47858e11b,delivered,2018-06-16 16:01:11,2018-06-19 04:17:04,2018-06-19 13:28:00,2018-06-22 22:52:42,2018-07-11 00:00:00
f410117aed616ae1d64d58779397161b,f937f9c4e3a73d5b981f233af9b27f49,delivered,2018-01-19 17:27:44,2018-01-19 17:42:50,2018-01-25 21:44:27,2018-02-22 15:52:51,2018-02-20 00:00:00
19196153dd04a2d8685e3928185e498b,67103ece896ea12c89ef860d152ea9a8,invoiced,2018-05-12 23:19:17,2018-05-12 23:31:01,,,2018-06-07 00:00:00
52ccb6a04d727e7ccc854dff8458dfb0,efef3994424e23ccbe4a144fd734e9af,delivered,2018-01-18 15:56:03,2018-01-18 16:16:27,2018-01-19 20:24:59,2018-02-08 02:13:30,2018-02-21 00:00:00
6679904ebe40b42a197e435621f35ce7,351c6921a37b4f9a5cf6ee6d910f8a0c,delivered,2017-12-11 21:31:06,2017-12-11 21:52:15,2017-12-21 15:49:41,2017-12-28 21:07:19,2018-01-12 00:00:00
80620a1042ece99f97f3b32f50d91c79,9024933cb91293126310d7c0e3604edf,delivered,2017-10-25 21:44:49,2017-10-25 21:56:12,2017-10-26 14:38:04,2017-11-03 17:57:47,2017-11-14 00:00:00
e9e7c0bdfc844989ef92818d7f77f9b2,bc724341ab9ec337b8aeb519104b93b4,delivered,2017-11-18 10:53:18,2017-11-18 11:08:07,2017-11-20 21:45:42,2017-12-21 17:14:56,2017-12-15 00:00:00
be59e03672bb8d48da16e07a0fb660a8,3c17af24cda9bc98674f6d7196cd5af9,delivered,2017-11-23 21:15:06,2017-11-23 21:27:46,2017-11-29 22:31:58,2017-12-11 17:09:00,2017-12-22 00:00:00
d314311fb805546efac408edd66415e4,7d6ebf7407b23a718bfd5b4e3833d428,delivered,2017-11-18 12:47:43,2017-11-18 13:06:18,2017-11-21 19:08:45,2017-11-24 19:12:13,2017-12-15 00:00:00
73eb2dbe87f00c86931e3ef008935806,77b1e04f28c1b933de6f83af34806288,delivered,2017-04-29 11:40:25,2017-04-29 11:50:22,2017-05-02 17:26:40,2017-05-13 13:35:55,2017-05-23 00:00:00
61fbc4a76e5b3db28d2dd737ace32716,a4ed3677add2e1f5d0429d8822ea340d,delivered,2017-10-30 16:10:26,2017-10-30 17:31:32,2017-11-01 13:27:38,2017-11-08 18:08:51,2017-12-04 00:00:00
068ded3b756569845d5ede597fe3b9d6,2ea4875e4673944bc07e7520e5d96df1,delivered,2017-06-04 17:50:22,2017-06-06 13:35:43,2017-06-07 08:51:11,2017-06-09 12:57:02,2017-06-26 00:00:00
705c7fd61dcb0c54b80538158eec1f4a,0051337a96842850e1ec728dd158f4b3,delivered,2017-01-30 16:52:41,2017-02-01 04:32:28,2017-02-07 15:30:09,2017-02-20 15:28:00,2017-03-21 00:00:00
e4ef0775ca01d0f6839f7d362041abef,b7e148738c004d326ccc987bf4d78372,delivered,2018-07-01 21:31:39,2018-07-01 21:50:02,2018-07-03 11:18:00,2018-07-05 18:32:48,2018-08-02 00:00:00
54ee4ac3ad09faa2237f8a844b4d7b92,502de0f9e9835ab231c2851acd163376,canceled,2018-08-16 19:28:02,2018-08-16 19:49:29,,,2018-08-24 00:00:00
8fbf2ac6a908c9a2738556bfed665557,e9f16e536ca2e832e8fb1296ad08efee,processing,2017-10-07 08:35:07,2017-10-07 08:49:10,,,2017-10-26 00:00:00
34d03ba192ebfee7bb55fc8ebd151245,fdcba41a33384548f1e302a36e735230,delivered,2018-06-04 19:10:54,2018-06-04 19:30:19,2018-06-05 15:33:00,2018-06-07 21:11:06,2018-06-28 00:00:00
9d444e4250635c5dc4e08fe078a6d723,18a8212a303f03734133d7cf22edee0d,delivered,2018-05-12 08:16:16,2018-05-12 08:34:54,2018-05-14 13:42:00,2018-05-17 20:27:44,2018-06-11 00:00:00
68abb8a2c8cd552dd8452406b2b0153e,9af404eaf2690b333084dfaeb96b8450,delivered,2017-09-27 10:45:02,2017-09-27 10:56:31,2017-09-28 20:06:56,2017-10-04 19:48:35,2017-10-26 00:00:00
4ee512b414a41f8ed0239751fc1d77bf,b416aff8022d39644292751bafe2e0ab,delivered,2018-06-05 20:20:37,2018-06-05 20:33:14,2018-06-06 14:07:00,2018-06-13 16:20:50,2018-07-11 00:00:00
07e8a98c9affe8a0d02edf6229912b90,f4643666652177473bbdc283850ea710,delivered,2017-07-17 18:17:48,2017-07-17 18:35:18,2017-07-18 17:22:03,2017-07-29 14:22:32,2017-08-17 00:00:00
9c5d8aa9b979544037864b7bf09d3524,8750a7427e4bc81f9c78de4d5227d3cd,delivered,2018-04-15 15:07:14,2018-04-15 15:30:09,2018-04-17 00:08:57,2018-04-24 16:21:26,2018-05-02 00:00:00
2ae00ff32b724a74e37b8264ac4fb85e,c2b75d1fd53bb83675bfdc21b3f6d1dd,delivered,2018-07-24 10:13:55,2018-07-24 11:41:04,2018-07-25 11:00:00,2018-08-03 17:53:09,2018-08-16 00:00:00
7dcd0f2215594d90c8a4e7cd57d06dbe,f74697fa556a9bd9a5791b85607f8bb0,delivered,2018-06-05 21:50:10,2018-06-05 22:12:12,2018-06-06 15:08:00,2018-06-07 14:07:23,2018-06-29 00:00:00
e0d821e9ff2e0fc0823d159792d9a2e6,1de444c2c8dfd4df7003d1d4b446ef94,delivered,2018-05-21 22:50:48,2018-05-22 02:15:41,2018-05-22 09:22:00,2018-06-21 15:46:16,2018-06-07 00:00:00
5e82d468c7839f98399b94c0ff1cede3,d156accae9133953e8c6f504a1caa9c4,delivered,2017-11-21 10:04:38,2017-11-21 10:31:20,2017-11-22 01:18:24,2017-12-02 00:58:33,2017-12-26 00:00:00
f49f77badfc3933812e76370092e7995,c72f9e7f1ffa78646bf17c180f5d3df7,delivered,2017-09-12 15:58:03,2017-09-13 03:10:19,2017-09-13 21:27:38,2017-09-14 18:49:46,2017-09-22 00:00:00
687077f28510ca13f49e640d06c032ba,703cbd03b726ec242ab43c0c9258baab,delivered,2017-09-05 23:18:28,2017-09-05 23:30:14,2017-09-08 19:56:34,2017-09-13 23:33:19,2017-09-26 00:00:00
99e75261f759faecb77b7f78e8822ebc,4dc68ba3ae112862a33e103279e8d64c,delivered,2018-04-21 10:51:21,2018-04-24 18:51:07,2018-04-26 15:03:00,2018-05-07 15:44:49,2018-05-16 00:00:00
67379aa14908a0e17c8de56896b1cfa9,6c75ed88adc5d6bec97bddf220e6d638,delivered,2017-10-12 20:12:59,2017-10-12 20:28:14,2017-10-13 18:27:36,2017-10-19 14:12:00,2017-11-08 00:00:00
8f4235528e51aeb039cdf73bc049c7e1,058f0f800afc323b17c63576ee96b0a8,delivered,2018-02-28 17:02:40,2018-03-01 17:09:40,2018-03-03 00:22:46,2018-04-16 18:03:44,2018-03-22 00:00:00
e249cff481eb91f18da21f1884e86324,9e75a8ef6dc30d23dd4dd2b3b13a931d,delivered,2017-11-08 15:02:42,2017-11-09 15:11:00,2017-11-16 19:34:27,2017-11-21 12:52:26,2017-11-22 00:00:00
f2bb7508b86fc27a97223eb329244fa5,7e130517edfab0028a525159f22b5cde,delivered,2018-01-26 08:05:51,2018-01-26 08:29:48,2018-01-26 18:08:51,2018-01-29 21:38:31,2018-02-09 00:00:00
3ffa9e029879039a01783bc81c868df1,0ac3e5d8a4a25d55e97ec2e592dd4b0b,delivered,2018-04-17 17:34:00,2018-04-17 17:50:47,2018-04-26 12:59:00,2018-05-03 18:19:27,2018-05-28 00:00:00
bafd325431534dcd8f9bbd75c67db66f,78a6f7a1d011eca1b849325f3a4c220a,delivered,2017-04-05 13:51:15,2017-04-05 14:10:13,2017-04-06 14:08:04,2017-04-19 14:48:46,2017-04-28 00:00:00
f23444b164e24a1e91c2457d1dc788f7,14aea23889a3ead6c3e374e322f9e75a,delivered,2018-05-05 22:19:35,2018-05-05 22:30:49,2018-05-09 16:18:00,2018-05-23 19:13:16,2018-06-04 00:00:00
92cab9b20b9256633a1face403664670,627fd8fcf2921732e388c6d31005ba20,delivered,2017-09-20 14:45:58,2017-09-20 15:04:58,2017-09-21 17:51:40,2017-09-25 19:19:05,2017-10-05 00:00:00
74c25aa167f9836099a217d0fa82ed0f,ad25199a971f5e90e17e19846f615d7b,delivered,2017-09-20 17:41:11,2017-09-20 17:50:34,2017-09-21 13:52:47,2017-10-02 19:10:03,2017-10-17 00:00:00
f0933beb55e4be862e281748abe0af7e,03c25401073fe088ba2c01a4db9e9857,delivered,2018-01-09 20:42:51,2018-01-10 10:32:18,2018-01-19 22:11:13,2018-02-02 13:37:22,2018-02-02 00:00:00
eacb21138eac9fdf867afdaca6a39698,1b155d898d2a9c2fec690a22e52df81d,delivered,2018-08-13 22:37:22,2018-08-13 22:50:18,2018-08-14 12:50:00,2018-08-20 23:12:22,2018-08-24 00:00:00
42cf52638c4c3e8d85390b79d1bf7998,fe11aa1e04561d1a152e302449bc045d,delivered,2018-07-24 07:23:58,2018-07-25 02:50:16,2018-07-25 14:10:00,2018-08-01 18:59:03,2018-08-17 00:00:00
996398cee62ebfe4ee7f2c2a4c969742,ab46ad28db5a117f42332f1e1f087641,delivered,2018-01-17 16:21:57,2018-01-17 16:32:51,2018-01-18 21:18:46,2018-01-26 20:12:11,2018-02-26 00:00:00
8e065a60bb13d2bd598f70ea6a4e7f4c,e764db9b253ccf8e7606e6be9234a0b4,delivered,2018-02-02 00:36:44,2018-02-02 00:52:16,2018-02-05 17:03:27,2018-02-14 23:51:27,2018-03-08 00:00:00
379d35a7f738e53131a68c79b97b005c,24e36b36ec363994dea55cf1d117b8f2,delivered,2018-04-19 10:01:01,2018-04-24 18:12:38,2018-04-24 15:51:27,2018-05-07 20:18:36,2018-05-16 00:00:00
0bf105a936021f82d572e73f846321cd,629519b219081ad5adc3887edab662d8,delivered,2017-04-29 11:46:46,2017-05-03 15:32:40,2017-05-04 12:32:14,2017-05-05 09:25:44,2017-05-25 00:00:00
0f0d9b930d6e3a807fab635e52bb8895,e9628d590eb072c2063446c00a552895,delivered,2018-01-27 15:46:51,2018-01-27 15:56:38,2018-02-02 19:37:02,2018-02-16 01:44:39,2018-02-26 00:00:00
d696730916dce1a0a88fb9f34407ecb2,12cd97779bef91435975ccf9d4b3dea6,delivered,2017-08-04 13:30:02,2017-08-05 03:05:13,2017-08-07 18:47:30,2017-08-14 13:59:02,2017-09-01 00:00:00
b302801106ed1f5eb6f08ccdae6fea99,e5de138028f173cb238674e1d76e3df2,unavailable,2017-07-18 15:51:54,2017-07-18 16:03:39,,,2017-08-11 00:00:00
6e00f1b6909c139001c7df4ccadc97bf,ab26ca94753ef5f8b6bd8bd5477a4056,delivered,2017-07-18 20:39:20,2017-07-18 20:50:13,2017-07-24 11:47:37,2017-08-02 18:42:27,2017-08-17 00:00:00
7cf5260aae0f17d544a95f631e3f5d03,05d0697ee7803f15ca4d3a5005551d06,delivered,2017-07-12 11:18:20,2017-07-12 12:15:22,2017-07-17 20:11:44,2017-07-24 18:52:32,2017-08-01 00:00:00
a733d8fae1088107bd126d4afc3b4118,09c950e5e38969b67f3959df1057d6e5,delivered,2017-08-12 16:12:38,2017-08-12 16:25:09,2017-08-16 15:59:50,2017-08-24 16:55:29,2017-09-12 00:00:00
be00589ef6917fe392acc59a700a0308,8edf77a07c8c4daa4a104cc7a4927b3b,delivered,2018-01-15 14:30:06,2018-01-15 14:50:12,2018-01-17 02:45:03,2018-01-18 19:13:39,2018-01-31 00:00:00
aef5267a7266e5536db6ea825b9366b8,5109c73f95eb76f76e7a3b7248fd0697,delivered,2018-01-31 14:47:21,2018-02-02 02:54:35,2018-02-05 16:15:52,2018-02-15 15:38:50,2018-03-09 00:00:00
d57d13bf49ecf7a6274ac017e98eb4e6,818ea6be22d3705222cd97ea34e3f7bd,delivered,2018-03-02 11:10:45,2018-03-02 11:29:52,2018-03-06 23:41:38,2018-03-08 19:39:24,2018-03-14 00:00:00
a93e58aa5de1eb22f8b27f0a45c0f15d,f6035281a2f3e97451b8961d5b141f1a,delivered,2018-01-06 22:45:05,2018-01-06 22:57:19,2018-01-08 19:35:40,2018-01-19 18:33:26,2018-02-06 00:00:00
b3f3422c26d12dcb097fb8e9ed35118b,50dd9f5abacb4ff88d1caacafba4ab22,delivered,2017-03-12 18:39:34,2017-03-12 18:39:34,2017-03-13 11:13:30,2017-03-20 15:34:40,2017-04-03 00:00:00
26da590d0803bb4a4468b3eec5a6f876,d6f16c7fb51cddc895ca6ad365664bee,delivered,2017-11-12 10:16:38,2017-11-12 10:26:30,2017-11-16 18:56:42,2017-11-24 13:25:25,2017-12-06 00:00:00
33a0cbee893f2c8ed0a6abfdc48926b6,153e7ede88bd53eb0dd8adbd397c766f,delivered,2017-10-26 12:11:35,2017-10-26 12:27:30,2017-11-03 15:33:06,2017-11-08 17:47:44,2017-12-04 00:00:00
9dd89c2de0b200abf0a3d8119d9e3889,271e451957e108e5ff07598acd643d15,delivered,2017-05-09 12:44:14,2017-05-10 13:05:22,2017-05-10 14:56:58,2017-05-19 12:27:45,2017-05-31 00:00:00
b78daf077b6b98f10302642e4c657877,e5aa3a704292f28ace5ad4416c82c8e6,delivered,2017-06-01 11:22:32,2017-06-01 11:35:16,2017-06-02 16:03:09,2017-06-14 09:43:58,2017-07-04 00:00:00
e56f72c9203fe285a42e1c21888e44d1,216360d7df0e08d493f369b39a5fb69a,delivered,2018-06-20 20:51:47,2018-06-21 15:59:52,2018-06-22 12:32:00,2018-07-10 17:48:19,2018-07-18 00:00:00
a038858b0a27929bcb1da0884afea304,7992bf55255b4be39d582eadce86b18a,delivered,2018-08-22 20:56:56,2018-08-22 21:05:12,2018-08-23 13:40:00,2018-08-28 20:32:11,2018-09-05 00:00:00
710a17b0d3c3a2ce582552d6bd8f6446,146a10f27b7755776c90efe2ef4f51df,delivered,2017-12-02 20:09:06,2017-12-02 20:17:21,2017-12-04 18:13:37,2017-12-07 12:46:48,2017-12-28 00:00:00
225563d7314189cce48116ae11188371,729b8930036e5f2c3883bc38d7cae018,delivered,2017-10-26 12:44:45,2017-10-27 03:06:59,2017-10-30 18:05:46,2017-11-03 21:18:03,2017-11-16 00:00:00
ed5495fbd35104360dbf954d7fece421,a0d3877fd0321b6db5c7b584c3b713a6,delivered,2017-09-30 23:05:06,2017-09-30 23:14:19,2017-10-02 22:37:40,2017-10-18 22:25:22,2017-10-27 00:00:00
a2a04ead650a00874aec73c0d989298b,0c5324c087cd266c3d99b0f1849bb8ef,delivered,2018-08-01 10:22:24,2018-08-02 05:05:11,2018-08-03 12:23:00,2018-08-04 16:44:35,2018-08-07 00:00:00
49bf9682392edd732a6f0a6c9ff7f196,62cadd06099c12fa83b043055c450583,delivered,2018-08-15 12:16:12,2018-08-15 12:25:21,2018-08-16 11:50:00,2018-08-27 20:36:41,2018-08-31 00:00:00
37cc3389217eea1a2c533e2314052c32,020bc050aac2baa5e0d1b4ad091ef35a,delivered,2018-03-21 11:02:28,2018-03-21 11:15:35,2018-03-21 20:48:24,2018-04-05 19:29:47,2018-04-17 00:00:00
aaf2a2f9c59483fb9eb7d044abcafc4b,375abd2810522ed78eabfcb615929db8,delivered,2018-07-13 21:24:09,2018-07-14 21:24:43,2018-07-16 15:12:00,2018-07-30 19:31:50,2018-08-07 00:00:00
f0f0463959db12d5eb2663e9af79f0ec,45823b70fcedb23436c8fd6509d693a7,delivered,2018-06-15 09:40:37,2018-06-18 11:02:42,2018-06-18 15:01:00,2018-06-21 20:36:37,2018-07-05 00:00:00
f92b608c97b4dfa2e808d0b4008d2475,b0414648ea181ad51b800a1a2d5e7503,delivered,2018-08-15 22:36:25,2018-08-15 22:50:10,2018-08-16 12:35:00,2018-08-23 19:56:53,2018-08-30 00:00:00
fd6c0796eedfbda82950ee1f3255f0a3,e63b226e15e890d317368cae0053098e,delivered,2017-08-17 21:24:17,2017-08-18 21:30:21,2017-08-21 19:46:37,2017-09-01 11:17:56,2017-09-11 00:00:00
2a490849da4cef28b5edaea693b89ac7,8ce7af83ed7e52d2db1fdba28bfb11ed,canceled,2018-04-24 08:53:11,2018-04-24 17:35:59,,,2018-05-07 00:00:00
67ebab4ca75954aa4385f837044a65f1,76c49e1b8a61a95ccd217cbe1a01542d,delivered,2018-06-20 16:05:30,2018-06-22 02:58:38,2018-06-25 10:52:00,2018-06-28 19:37:49,2018-07-19 00:00:00
68bf8482c9b58cb96095b7cb27e11c24,cd5e39e7ad16fd972969901c9f95a553,delivered,2018-01-27 13:03:13,2018-01-30 05:31:54,2018-01-31 17:16:46,2018-02-06 16:42:37,2018-02-20 00:00:00
bb00eb2dd9a64942be2a153901aae546,1c45c50d6eeeb77c888f37596c99ba5c,delivered,2017-08-20 20:50:18,2017-08-22 04:06:47,2017-08-22 20:32:46,2017-08-28 19:33:59,2017-09-11 00:00:00
979440acde78c7c04e8c8a92f2bc8ada,0c89a40b670ee7e1a48e5ff4fdbb313d,shipped,2017-03-23 22:59:51,2017-03-24 23:10:11,2017-03-27 14:25:45,,2017-04-13 00:00:00
1093494b7fa933fd10ddc38171db9e58,fcaea92c811c7d92710ccad87ffef253,delivered,2017-11-12 11:17:13,2017-11-14 12:27:21,2017-11-16 20:58:35,2017-11-22 14:25:04,2017-12-05 00:00:00
cab33fc76d60b48dd6a512e892c54437,543ee5e646b5e72468e59c3dd3914edc,delivered,2018-05-16 20:53:06,2018-05-16 21:13:59,2018-05-17 14:00:00,2018-05-21 21:11:50,2018-06-01 00:00:00
3c93a4cc9ca8a3e1148b82d0425be9c4,fd9762feae4acdbfd1d89012de982916,delivered,2018-08-09 11:20:25,2018-08-09 14:30:16,2018-08-09 13:37:00,2018-08-13 15:36:49,2018-08-17 00:00:00
889ebd7e736a2888d5157b4a97303bf5,cd910613d00220375ffbb3cc9b3369e8,delivered,2017-05-24 21:25:48,2017-05-26 02:42:43,2017-06-05 15:52:05,2017-06-19 16:35:34,2017-07-06 00:00:00
c298ba9441739fbb485aba00696cb44e,8a3f38933c6e9caee7791fe2441b3c3e,delivered,2017-12-23 11:01:46,2017-12-27 04:14:44,2017-12-27 19:09:44,2018-01-09 20:19:44,2018-02-01 00:00:00
f47e4063d6bc1a7b8ae44e93faa70fc1,946ed1f7e8a8d4564830d66973e9f3f4,delivered,2017-09-03 18:37:22,2017-09-03 18:50:25,2017-09-13 21:39:45,2017-09-21 16:36:11,2017-10-03 00:00:00
772c351a74ac46cb09d3733ed52c8058,d792fcbef4db8b7df7eaeca5f352f006,delivered,2018-06-06 11:33:41,2018-06-06 11:55:25,2018-06-07 15:15:00,2018-06-20 14:33:18,2018-07-16 00:00:00
43ada20efaad1c2c55197dd39050267f,df56491c32230f0ef86a5c35dac4e0e8,delivered,2017-12-21 17:01:47,2017-12-21 18:12:33,2017-12-22 23:38:29,2018-01-03 21:34:07,2018-01-18 00:00:00
00b8d354b36820e9d6131fd5173c5581,a17846ed33d62b0e48c6f07ce9132318,delivered,2018-02-24 13:05:44,2018-02-27 04:31:16,2018-03-01 15:27:04,2018-03-08 21:26:35,2018-03-21 00:00:00
299c93716e44a3cc7521ffd9b2db1fc3,7b473d4b33fa91ab7671f794ce54194b,delivered,2018-05-07 19:26:53,2018-05-09 03:11:46,2018-05-11 14:23:00,2018-05-16 14:13:01,2018-05-24 00:00:00
ddea5624735479277afba6faccdcc28c,91c97d87d9a42187329e6ff6816a8251,delivered,2017-07-15 08:16:18,2017-07-15 08:30:18,2017-07-17 19:22:07,2017-07-21 22:43:31,2017-08-08 00:00:00
d699207a636092e537b5283b37888988,4c18ccf1d0a65835d28bde50706c66c2,delivered,2018-08-14 14:57:20,2018-08-16 07:15:13,2018-08-21 12:13:00,2018-08-24 18:41:46,2018-09-04 00:00:00
460035f51387f5c9731f812ab180d3fd,49853823d80a001e8fc64418275ad45a,delivered,2018-05-08 12:22:50,2018-05-08 13:09:41,2018-05-09 16:33:00,2018-05-11 20:39:44,2018-05-18 00:00:00
5a0523870f53c30566d587fc8969159b,1ecec12b35d77b3828d6a1b40dd4a6d9,delivered,2017-12-25 18:07:29,2017-12-25 18:17:19,2017-12-27 00:27:18,2017-12-28 16:09:34,2018-01-22 00:00:00
ba7349a4f248a6fa6c18ca067662c2c6,c313a2707fc8f6da5982ecba956b0a87,delivered,2017-09-25 07:58:26,2017-09-25 08:10:48,2017-09-29 20:52:12,2017-10-19 19:28:51,2017-10-30 00:00:00
dfc2d4a62f7c1fab64145cf82dd95665,d8451f4035fc04e69afaae68804852a2,delivered,2018-06-28 18:35:05,2018-06-29 02:53:15,2018-06-29 10:52:00,2018-07-03 21:36:31,2018-07-23 00:00:00
0999bc97673a2bbf7a81731329196b2d,c0912d91c480e2988d7f4f097fd5152e,delivered,2018-04-07 12:19:29,2018-04-07 12:35:14,2018-04-10 00:02:22,2018-04-11 17:11:48,2018-04-24 00:00:00
7eae04ada6ffa5ce119fe7526c8d77d5,c7d5c3347080c1ba85f7c9887d8e3440,delivered,2017-12-01 10:20:48,2017-12-01 11:32:10,2017-12-06 20:48:54,2017-12-11 18:23:33,2017-12-26 00:00:00
f4098f9fcb4389e4792281dd4a1b8777,fcb3f31727d05a2077a1e0a2c5ef72c7,delivered,2018-01-29 08:07:38,2018-01-29 08:14:28,2018-01-30 23:26:59,2018-02-14 20:55:08,2018-02-22 00:00:00
710a55479936de44ffc31ad83de75285,0e222df71329466b86b2351431a67fe0,delivered,2018-07-05 08:55:50,2018-07-05 19:31:22,2018-07-06 09:24:00,2018-07-14 17:54:49,2018-08-07 00:00:00
2421f14e951ee2f1127aaadaa60d9763,51ec194d0f9af88a547b9b15fd47d390,delivered,2018-07-31 09:43:19,2018-07-31 10:31:16,2018-08-02 07:13:00,2018-08-06 16:46:35,2018-09-05 00:00:00
3c5a23a85fc2367a39de50010bb6adea,28786e407ecbca9896054fe60ce164db,delivered,2017-06-13 20:20:57,2017-06-14 19:25:09,2017-06-16 12:49:26,2017-06-19 16:15:48,2017-06-27 00:00:00
361e0cf744333677864a5e28558a53bc,29f6c977826acdfaeab958ed41c85de3,delivered,2017-08-10 17:04:54,2017-08-10 17:25:10,2017-08-11 21:17:19,2017-08-15 12:49:37,2017-08-25 00:00:00
d98a2ebdd7f67365e177d1c4465d317a,aec1172260219ca0dff7c01693a99456,delivered,2018-04-08 19:57:09,2018-04-10 17:32:42,2018-04-12 21:58:30,2018-04-18 19:17:49,2018-05-03 00:00:00
3b9de7cf25713aac3ab7e5cc48d83983,4233f443bac7d7de2c4e6782763fa516,delivered,2017-07-20 10:38:58,2017-07-20 10:55:11,2017-07-21 18:22:58,2017-08-09 17:42:52,2017-08-22 00:00:00
3bf7f5b41faa36638d7516b58bd833a8,3334eeaf33510e0d823c4f038a6880ad,delivered,2018-02-27 14:51:02,2018-03-01 02:49:03,2018-03-02 11:25:07,2018-03-22 17:41:14,2018-03-21 00:00:00
0b30e59b6e985ef789c83d08753d59aa,520a609c3e7ac01830c176ab29145781,delivered,2017-10-01 18:25:06,2017-10-01 18:49:17,2017-10-04 17:33:42,2017-10-10 14:28:11,2017-10-24 00:00:00
cd747ef99d8317de4ea4eda3de915865,2c9e52bb3f721f18122e80a7157915c0,delivered,2017-04-09 03:39:55,2017-04-09 03:50:13,2017-04-11 09:02:14,2017-04-18 11:56:34,2017-05-02 00:00:00
9f877178dc7e99f524c1b02e99fffd40,eb90d6525336fcaaea44e7f09a34bc1f,delivered,2017-05-26 13:34:08,2017-05-26 13:45:09,2017-05-29 09:07:30,2017-06-07 15:19:32,2017-06-27 00:00:00
c385c0eba07c858dd60ffe00a60dda64,7784df320c692bf79130b774cf55dc4d,delivered,2017-11-27 00:25:46,2017-11-27 00:36:31,2017-11-29 01:27:58,2017-12-06 20:19:04,2017-12-15 00:00:00
50414654de178b0b11767504bf0a2fb5,8900868696ecb4d5b67e33b0fe662008,delivered,2018-04-22 22:16:03,2018-04-24 18:09:30,2018-04-24 23:42:54,2018-04-27 17:39:55,2018-05-16 00:00:00
771c4f1f521f462e4b95619e648aaeab,d424b3ce4c850247e8c84ff8752de868,delivered,2017-03-22 20:15:15,2017-03-22 20:15:15,2017-03-30 13:14:34,2017-03-28 17:28:32,2017-04-12 00:00:00
2fd7d8e43a256d464a02dd7bbe8cb125,c6209ed90e14cbc62a280238d1f1313f,delivered,2017-09-02 17:47:11,2017-09-02 18:04:24,2017-09-04 13:23:17,2017-09-11 18:47:39,2017-09-27 00:00:00
f3419091993faf0c528154a0fda1af52,f2ebc3bb688f3bd363cf9854383b61ec,delivered,2018-07-23 08:29:21,2018-07-26 03:10:19,2018-07-26 14:23:00,2018-07-27 18:58:19,2018-07-31 00:00:00
0e905ed8f17c6568a12cad104c041e34,7e6a2c82f870d4169d3cd945fcacee60,delivered,2017-09-09 19:47:32,2017-09-09 20:06:04,2017-09-13 19:57:36,2017-09-25 21:18:51,2017-10-04 00:00:00
79cbf24eda50c6fe5c1395974d913d53,080e89b9e2316da22eefc7b7146978ef,delivered,2018-04-27 12:13:44,2018-04-27 12:31:58,2018-04-30 13:15:00,2018-05-07 13:22:00,2018-05-21 00:00:00
c1446140c078144be23c01e9858697b6,43f5452f02cc200c6ce1ef2af3751e24,delivered,2017-08-14 13:27:21,2017-08-14 13:50:20,2017-08-15 18:14:59,2017-08-23 13:44:27,2017-09-01 00:00:00
16dfbe3cde151f6953d7fe801622598b,9d62ab31ead5388eb52f3f285d5d3a39,delivered,2018-06-19 11:41:11,2018-06-19 11:58:18,2018-06-19 15:22:00,2018-06-30 14:45:47,2018-08-01 00:00:00
027286057add812ecb77ad0b23604c06,8f039377398b08c900778a60909d1e49,delivered,2018-03-03 17:11:11,2018-03-03 17:29:19,2018-03-05 18:12:40,2018-03-13 13:21:22,2018-03-22 00:00:00
f497d2fc6c463f8bb817f0e94bf108bd,62f9b69eb2f6aa79f6ff3682bbc4e290,delivered,2018-05-04 14:46:54,2018-05-05 14:53:37,2018-05-07 14:23:00,2018-05-21 14:57:53,2018-06-01 00:00:00
11913ca0eb4a5aaedf1c5fcb3a69899a,7a235e5d8bde93d40c5231c8308ba511,delivered,2017-09-26 09:37:01,2017-09-26 09:49:31,2017-09-26 21:22:17,2017-09-28 21:40:59,2017-10-11 00:00:00
b803962943a08a081c52d087e852358c,9d1ad1c80967c646f17783f8741c75e8,canceled,2018-05-06 20:15:04,2018-05-07 09:56:17,,,2018-05-18 00:00:00
4064338b1a0771e658af6c71d3fa2604,1e9af921838cb34a1bb286bd89abab23,delivered,2017-02-12 09:31:44,2017-02-12 09:43:02,2017-02-13 14:05:31,2017-02-25 10:02:45,2017-03-14 00:00:00
0815bb5a3a3289fdf7ac65a426cb553a,bb89ed467b77ce0e60a8af8152957ffd,delivered,2018-06-19 21:36:37,2018-06-20 16:25:43,2018-06-21 18:50:00,2018-07-04 19:48:38,2018-06-29 00:00:00
fa5a411aff02eb7f724264bb98ff585d,a76c60d4573c61bab74a9ff1f6576453,delivered,2017-06-13 09:43:00,2017-06-13 11:42:51,2017-06-19 20:03:31,2017-06-27 14:12:37,2017-07-11 00:00:00
2e39e94b6b5f7944f872ba6bf39b758b,ecb17e6e5633358935ce41e8d84cf3d4,delivered,2017-11-16 17:03:09,2017-11-16 17:15:55,2017-11-17 17:09:23,2017-11-22 00:51:22,2017-11-29 00:00:00
ddc162708923f29398f06661ac27c18a,f2d29d306dd51bd69fd4a75f95bfb058,delivered,2018-05-09 06:46:24,2018-05-10 02:35:08,2018-05-16 05:27:00,2018-06-02 00:32:07,2018-06-01 00:00:00
72199498bf0e98991518d76445c744e3,69ff36bb2906f050ac8bf172cbe83f57,delivered,2017-12-08 10:44:05,2017-12-10 10:38:22,2017-12-11 19:28:23,2017-12-13 22:35:29,2017-12-27 00:00:00
5e7065baa52b81a3e58f90a5d1ef35c4,39a31f3ad15691f349f86fb79840b223,delivered,2017-08-08 19:41:52,2017-08-08 19:55:17,2017-08-09 18:32:53,2017-08-15 20:37:42,2017-08-30 00:00:00
0f637da50b3c7da105d5a5c6579110d7,eb9e7ff4a097e2ddba2ee69b9983bc32,delivered,2017-07-16 22:58:21,2017-07-16 23:05:15,2017-07-19 16:37:38,2017-07-26 18:34:43,2017-08-08 00:00:00
1844fd8d65bd9bd25e11e301dd99dc4a,3a9a5991344f5dc72fd450fa6defef29,delivered,2017-11-06 23:33:48,2017-11-07 06:31:15,2017-11-08 19:22:24,2017-11-16 21:47:45,2017-12-01 00:00:00
396c9aae0975f1a701dc7ab136a676c5,5a59122dcab3fcdba3e878dcf3beecaa,delivered,2018-05-04 14:49:20,2018-05-05 14:53:34,2018-05-07 12:35:00,2018-05-10 14:54:32,2018-05-24 00:00:00
94aefbaa418823fa66d690b18fe5b244,f9a6eae78eee9737f197727641c75f44,delivered,2018-06-02 12:24:30,2018-06-02 12:51:43,2018-06-04 13:30:00,2018-06-12 15:08:54,2018-07-13 00:00:00
fa2d13f8e78f4d76a375ddac6b2d4337,aec65bc941b0a6e412d0ba1738ab0bf4,delivered,2018-04-29 19:57:19,2018-04-29 20:15:27,2018-04-30 08:32:00,2018-05-02 17:19:27,2018-05-16 00:00:00
086961934db99fd12a25cfeef96ff2cd,8b647f05640c46fd8d4be7f5e617dd61,delivered,2017-05-16 21:59:35,2017-05-16 22:15:12,2017-05-17 11:56:59,2017-05-24 09:52:32,2017-06-07 00:00:00
816ee6170d6a4d6542bf94ee9df5dcfd,e0ffea788064ae59ed7b2e072a791e45,delivered,2017-04-05 22:46:27,2017-04-07 03:23:02,2017-04-11 06:08:01,2017-04-13 12:12:41,2017-04-28 00:00:00
a8375c727655c94388acaf79f017be5d,8ea09313c0ee536559d17faa08b62eb4,delivered,2017-12-12 12:05:08,2017-12-12 12:40:50,2017-12-15 21:56:11,2018-01-12 22:07:39,2018-01-16 00:00:00
65c28faddc1bdb2d3d5de4f713de3f9a,e8334d453a2049e7a529d772be66ad61,delivered,2018-04-06 12:54:10,2018-04-10 04:10:47,2018-04-11 20:22:01,2018-04-24 18:29:49,2018-05-04 00:00:00
917b7a118e4b00772ecde85cad8b27d6,24d4e44edd8929a7fcec074b019f3e4b,delivered,2018-02-20 16:11:53,2018-02-20 16:28:26,2018-02-21 21:35:43,2018-03-08 20:20:37,2018-03-13 00:00:00
70fe4499137ae8b063ffb41f3833c2b4,500956a8876104d4536bc52cbdce511c,delivered,2018-01-29 23:50:39,2018-01-30 00:15:03,2018-01-30 18:48:44,2018-02-14 17:03:39,2018-02-23 00:00:00
e605cb87d9eccec27579c6d269f47ad1,12c611a156bcf3d8af5a1bf02aa21175,delivered,2017-03-11 13:35:38,2017-03-11 13:35:38,2017-03-13 13:11:29,2017-03-24 12:34:17,2017-04-03 00:00:00
ecb4edf6e7ce132e4b98c08c77d2c1a9,df9228015fa8ec090cfd579bbdb1b0e9,delivered,2017-11-16 12:16:06,2017-11-17 03:35:47,2017-11-17 16:58:48,2017-11-23 18:12:14,2017-12-05 00:00:00
4d5f4d9f45924156c57a69d5ef886822,038eba7c093b00abd73987d7c22c6f06,delivered,2018-04-19 15:03:51,2018-04-19 15:15:20,2018-04-20 19:26:33,2018-04-24 01:02:40,2018-05-08 00:00:00
9b1d98ad4511ad1c8bab0a4355ca3b63,e28d48b1fe42485c2c1cf7f29aa078ff,shipped,2017-06-09 14:24:12,2017-06-09 14:35:13,2017-06-13 17:15:15,,2017-07-11 00:00:00
95ccb57a457e5cde6ffaf8fa01988e08,e167780623a4f7343ca616517f8dd503,delivered,2018-05-09 22:42:24,2018-05-09 22:55:21,2018-05-10 16:12:00,2018-05-17 20:18:41,2018-06-19 00:00:00
6e8e9748010ab5cc3d63563f8ac5b784,adacd5821ce9cbda11906a04cdc72c27,delivered,2017-10-27 07:43:45,2017-10-27 07:55:07,2017-11-06 18:11:40,2017-11-13 17:56:34,2017-12-06 00:00:00
958b8e9133a304e7c9e17632ee9e7e7e,1de2e3663214c8abbf613349c05aa921,delivered,2017-10-24 13:24:33,2017-10-24 13:35:24,2017-10-27 20:23:12,2017-11-06 19:56:56,2017-11-13 00:00:00
49a8037eb392560be2070774d0eb046b,2defe1aa56cfe5681c31064d51154bd2,delivered,2018-03-21 20:34:35,2018-03-21 20:50:26,2018-03-22 19:06:40,2018-03-29 03:14:33,2018-04-09 00:00:00
6903412e8ef5bbc0934881a1059c0942,0614810921e3e1ef9adc33ba529b1663,delivered,2018-08-05 18:44:56,2018-08-07 04:25:18,2018-08-20 14:20:00,2018-08-23 17:35:35,2018-08-27 00:00:00
0babf33efe3b411528d29e03b76acc5d,8c6d3fcd7164c66c11e742d3799118bf,delivered,2018-01-30 19:30:05,2018-01-30 19:54:00,2018-01-31 20:22:32,2018-02-19 22:52:07,2018-02-23 00:00:00
dc7309efcb9745f3a27ffc133c309ec8,b7e08e844dc1417cf4f338c401fef8c6,delivered,2017-08-11 18:33:00,2017-08-12 02:55:42,2017-08-15 18:12:33,2017-08-22 19:49:37,2017-09-01 00:00:00
60d517144cee8ca15bbbc4d52213b8a7,766a6ccdf75ff20205b37a6294bfb681,delivered,2018-08-21 19:45:28,2018-08-21 19:55:11,2018-08-22 14:55:00,2018-08-24 18:16:51,2018-09-06 00:00:00
5a548ca91de6462f6bf5c2eac853e0c3,8735606d69cc6187818699c503ce1832,delivered,2017-11-29 13:30:40,2017-11-29 13:51:23,2017-12-06 13:07:47,2017-12-21 23:39:50,2017-12-21 00:00:00
e2df04c1573f061467ee1af3cc6e26bd,befb47ca7f3e74109bb67b4dda9b742f,delivered,2018-04-13 16:43:05,2018-04-14 02:31:41,2018-04-18 20:18:23,2018-04-23 19:03:58,2018-05-02 00:00:00
7ceefd4f41f12d8806ac52ee4dc49f95,6cab2c02a8a74b8ca16956d7e5714fa1,delivered,2018-01-05 20:33:32,2018-01-05 20:40:24,2018-01-19 00:35:59,2018-01-29 18:29:25,2018-02-16 00:00:00
f733e2c200f38406f8a21125a05a5670,0c320426834dddd6c276e7b22b715831,delivered,2017-05-08 16:43:57,2017-05-08 16:55:16,2017-05-09 09:37:57,2017-05-16 14:37:55,2017-05-31 00:00:00
4214cda550ece8ee66441f459dc33a8c,be4ecdb7c9401fd98ed01456634cfcb2,delivered,2017-03-21 17:39:19,2017-03-21 17:39:19,2017-03-22 10:26:53,2017-03-30 15:05:20,2017-04-25 00:00:00
a69a5c4111d73ce3dcdf4f24e97ef673,df3b3047bc5c1a8f41b128b649d37d83,delivered,2017-11-01 10:59:19,2017-11-01 13:06:27,2017-11-03 18:50:02,2017-11-14 21:42:13,2017-11-27 00:00:00
01b4a2ad3420c19a1c7c402513e7725c,29fe805fdb52514ef2b8cd76491d1bba,delivered,2018-01-09 08:52:54,2018-01-09 09:08:29,2018-01-09 16:15:00,2018-01-18 19:52:51,2018-02-05 00:00:00
2459150b1b6791d5e62fc0752dcf6b91,7eb46835088fbcb521879c97a9e250c0,delivered,2017-07-06 22:40:27,2017-07-06 22:50:15,2017-07-11 16:44:39,2017-07-21 18:52:19,2017-07-28 00:00:00
bc73e8deb8fec536f3e4c8340d37a8ce,223683bab5c2d9cb1ebf9eed851e45a8,processing,2017-12-28 21:49:55,2017-12-28 21:57:21,,,2018-02-02 00:00:00
3d76cc1cc5ebdd45a03c0b51f79d43b1,6b00fd163c9fdafc7b423a98d9b2f690,delivered,2017-03-06 10:10:19,2017-03-07 04:03:29,2017-03-07 12:58:24,2017-03-10 12:04:47,2017-03-29 00:00:00
829e9bcb88d163d9d6b6da8e8c396bbd,40400b45ffb5a864368b93d8f64451c2,delivered,2017-10-26 10:38:04,2017-10-28 02:51:22,2017-10-31 16:35:54,2017-11-09 15:58:38,2017-11-22 00:00:00
a4e36eea7c04210e13a89cd7f5bb93e8,e08f833bd017509e66ef49e6cfce824e,delivered,2018-04-07 19:59:55,2018-04-07 20:15:11,2018-04-09 19:48:36,2018-04-17 19:32:47,2018-05-04 00:00:00
2c3bfbf5ecf75f13c01dd54f87ebbc36,1abb57edde8de48e9d6e1c1f3930fb34,delivered,2017-07-24 18:13:58,2017-07-25 06:43:10,2017-07-26 11:07:51,2017-08-02 18:36:00,2017-08-15 00:00:00
0c58a94fb3bbbbca032e333885e6c2e9,bcf3fa82abfa5cab3d2910b999fa8f07,delivered,2018-02-15 21:18:50,2018-02-15 21:26:39,2018-02-16 17:48:33,2018-03-06 16:27:00,2018-03-07 00:00:00
c1884aecda51600a6dcb16b487464fdd,d447c53562902a00d2ece8c6a1a13102,delivered,2017-03-11 21:01:24,2017-03-11 21:01:24,2017-03-15 15:32:52,2017-03-25 10:18:42,2017-04-17 00:00:00
40b6a430e16e22f01fcf64a0a39d8aad,bf89b65c75259700abefe8c5828d7010,delivered,2018-04-26 12:01:31,2018-04-26 12:15:29,2018-04-26 14:04:00,2018-05-05 17:58:32,2018-05-22 00:00:00
aa8d4db5d9342de37eb7945647d995d5,a51d85846771a83871867ee079b819f4,delivered,2018-01-28 14:29:15,2018-01-28 14:50:23,2018-01-30 19:14:43,2018-02-06 14:52:36,2018-02-20 00:00:00
5cdaa660eb08635df23ca69011e9b5ce,1fc4cb255f4388f910777214ac9021c6,delivered,2018-03-23 11:29:51,2018-03-24 02:15:47,2018-03-27 21:34:29,2018-03-28 22:58:35,2018-04-05 00:00:00
893164a028d4c803fb8a597327b48488,cc8c2d369602910db921cc22d09aa33b,delivered,2018-01-10 15:50:32,2018-01-10 16:36:00,2018-01-13 18:14:24,2018-01-23 16:48:58,2018-02-05 00:00:00
b313c4c6f6035467d515a2e7e6031950,9adf38dde72b3e6f74335f97b2680f11,delivered,2017-04-14 17:43:56,2017-04-14 17:50:18,2017-04-19 16:06:26,2017-04-28 12:08:11,2017-05-29 00:00:00
98757611a90a81b5d191e3e5c78ceca8,3ac1aaa7b40f57b161835763ba125bce,delivered,2017-11-08 12:26:15,2017-11-10 02:55:49,2017-11-10 22:05:43,2017-11-25 12:19:07,2017-12-01 00:00:00
7afcff8a70c8694553a96a768b4c19c2,36eb0c57b11107352f0eeb0824bd5cbe,delivered,2017-11-28 14:12:44,2017-11-30 02:26:50,2017-12-06 16:52:26,2017-12-17 20:32:41,2017-12-27 00:00:00
ef9ae36a629cd8f2a4d00cdc3691419c,bb04d6bffaa968f221005a9cbb28e928,delivered,2017-12-18 09:01:34,2017-12-18 15:37:23,2017-12-20 20:28:39,2017-12-28 21:33:04,2018-01-17 00:00:00
47d11383b93b217d96defbb2ef1a209b,046f890135acc703faff4c1fc0c2d73c,delivered,2018-06-22 13:11:10,2018-06-23 01:15:48,2018-06-25 14:18:00,2018-06-27 18:18:35,2018-07-24 00:00:00
acaaf1ded8aad100b7760b0ba16aad86,aad03b10f771077832a29862911f79a1,delivered,2017-09-09 13:21:51,2017-09-12 04:26:08,2017-09-14 18:33:31,2017-09-21 20:58:59,2017-10-03 00:00:00
ddc6faf8f6c347a8c369d7c2b7cc6989,c223939860940fd82bd05c7e02db0673,delivered,2018-05-29 11:59:12,2018-05-29 13:18:53,2018-06-05 12:34:00,2018-06-15 18:03:26,2018-07-04 00:00:00
c8dfa9b022c03c9dbfe5e0fc504243e7,edeaa50f1c807316f652bda93c4d5f89,delivered,2017-12-21 07:51:04,2017-12-21 07:58:25,2017-12-21 22:12:24,2018-01-03 18:37:09,2018-01-29 00:00:00
005e5166e99d1e4d0c4f808b0540ba94,0f2a7baf176f693c27c891360da9ef2c,delivered,2018-02-21 11:37:24,2018-02-23 02:09:02,2018-03-08 01:10:21,2018-03-27 21:14:59,2018-03-15 00:00:00
375555206d0a5e78407912c60af6f883,d7533c2f12b14d1136cacbd6c0e6685a,delivered,2018-05-23 14:02:17,2018-05-23 14:15:19,2018-05-25 07:20:00,2018-06-04 19:09:45,2018-06-21 00:00:00
9e05a5c7ef1a7074746243745a430219,b6a347b55c80817052b0d04c1299daf3,delivered,2018-01-11 22:54:35,2018-01-11 23:07:27,2018-01-15 14:34:12,2018-02-16 22:46:51,2018-02-08 00:00:00
2c1440ef98f5dc82a9936f1e55acecd9,3ba513bcd791c99551a3138697b48e3c,delivered,2018-04-28 17:46:04,2018-04-28 17:55:15,2018-04-30 12:34:00,2018-05-15 21:36:40,2018-05-28 00:00:00
d884c6a73ee6bc49e4db45abae4f3490,2c8db57d87eae06ab00d1ec167f43324,delivered,2018-07-10 20:25:09,2018-07-10 20:45:35,2018-07-11 14:05:00,2018-07-12 16:34:47,2018-07-26 00:00:00
0dab86a2b3aa2b9f3d1149d2ca059ce6,6dacdd7ab3fe86501360607cfac57743,delivered,2018-02-23 23:18:14,2018-02-27 04:31:29,2018-03-05 13:00:11,2018-03-06 13:59:35,2018-03-09 00:00:00
ef9c3f4c087b655a9255b0c846640e7c,c4a6eac004cba7cfbdfd86c647dcf9a7,delivered,2017-11-27 07:47:10,2017-11-27 07:56:22,2017-11-27 18:40:03,2017-11-28 21:42:27,2017-12-11 00:00:00
e4e033a16cd8ed51faf3f16bc4d31156,8bb5ef8567547997f07558ee386a2452,delivered,2017-12-20 18:20:01,2017-12-20 18:30:40,2017-12-22 20:12:49,2017-12-26 16:13:52,2018-01-09 00:00:00
5ee65ec4982eb4667be9fba3b90fa184,27a932613712b4de8eb189a30a3877ff,delivered,2017-06-30 20:12:02,2017-06-30 20:25:13,2017-07-12 20:13:51,2017-07-26 00:34:38,2017-07-26 00:00:00
c9a1595ae87467e3d6143d9c29542030,3c8ffb7e2d47b7dbf27a3524e6331078,delivered,2018-02-05 15:08:41,2018-02-07 02:52:32,2018-02-07 21:48:27,2018-02-08 20:09:27,2018-02-21 00:00:00
127b06830315a6224e76085943d1f565,71485e6aff99d0b5b003caf08e17829f,processing,2017-02-07 17:57:14,2017-02-09 02:43:28,,,2017-03-20 00:00:00
45eb4503d3f73099fb98d5fa26d2039b,fa4a5c28f404695fe4d6fa20d3822e58,delivered,2017-12-09 16:45:31,2017-12-09 16:55:48,2017-12-11 16:17:16,2017-12-28 19:43:50,2018-01-09 00:00:00
ace58598846c21f25ac62b735a436731,b99054fd23768e0fc903c0eab8a83442,delivered,2018-04-09 22:40:40,2018-04-10 00:31:46,2018-04-13 21:16:54,2018-04-16 18:55:00,2018-05-04 00:00:00
f3ac96719aada8e7d197ff55ddea4d12,cc680f5a69a1fa2b717acc340313c4e4,delivered,2018-08-15 19:38:26,2018-08-15 19:50:26,2018-08-16 11:53:00,2018-08-23 22:18:55,2018-08-31 00:00:00
c396df58ede55fc38761c0382b3bc791,2c5231dc7965bc16ec4e2b8dec37cf72,delivered,2017-12-14 09:05:11,2017-12-15 02:17:13,2017-12-15 18:47:26,2018-01-06 18:59:43,2018-01-12 00:00:00
5b800317354eb792a46abe15d89f7e80,b8f565881f1a50af58715e189a337100,delivered,2017-12-16 19:50:06,2017-12-16 19:58:33,2017-12-19 23:04:44,2018-01-03 13:42:17,2018-01-15 00:00:00
50d338eab6621c8872eb362f57f47fad,e52322c9ddf5421508cb543d91829c85,delivered,2018-03-26 11:16:42,2018-03-28 02:47:53,2018-03-29 19:12:13,2018-04-06 21:03:26,2018-04-24 00:00:00
bd3fc7c13b5b892f17bec72d8c6824ce,67737af3b89804ad75d01d9f36ae2a21,delivered,2018-05-14 12:59:44,2018-05-14 13:17:19,2018-05-15 10:22:00,2018-05-22 15:56:20,2018-05-29 00:00:00
261e56a43de07e1b1bc9e8615c8e8aa9,d37b279f2460117555674ab42f173063,unavailable,2017-08-30 15:17:09,2017-08-31 02:45:02,,,2017-09-18 00:00:00
23dbc396ba21c1bebfb9fc0185c55fe0,73ffc6da26f56063a93ebd8b9606dbd9,delivered,2018-01-02 22:12:06,2018-01-02 22:30:12,2018-01-03 17:33:17,2018-01-05 13:49:42,2018-01-23 00:00:00
e98d5e05f90fd6600527ab0c1156cbe5,ad673cf21925de88ddf3041d4d8bbe5a,delivered,2018-07-26 13:59:31,2018-07-26 14:40:06,2018-07-27 11:31:00,2018-07-31 00:18:28,2018-08-06 00:00:00
4449a71e066083e0ab4b2bd78df4c423,b1704059166b57898f4860dd1309c796,delivered,2018-01-23 15:09:07,2018-01-23 15:37:12,2018-01-25 17:46:36,2018-01-31 15:43:01,2018-02-20 00:00:00
9a0cebd801c90d02abe53d221d4cb605,fac757b1842182c2765fcd9ae73eb806,delivered,2018-02-15 20:59:16,2018-02-15 21:10:27,2018-02-17 15:38:54,2018-02-20 20:12:47,2018-03-01 00:00:00
3955a17bc8a7cef95b535fb96e2abac0,790f9fb968e2516feeb6fa2efcf4c005,delivered,2017-10-06 13:26:42,2017-10-06 13:49:08,2017-10-10 20:22:18,2017-10-16 21:03:34,2017-11-06 00:00:00
4e859ec6c134b185e0102517fb986b4d,b4c4291f7c8e0d11b046622458f34b08,delivered,2017-05-03 13:08:06,2017-05-04 02:50:42,2017-05-04 12:40:11,2017-05-26 14:19:55,2017-05-26 00:00:00
614e6a3e3a3c1ef48fa89ab1e15da0fb,d8c38dd0361944b518966c4946a386fc,delivered,2018-07-02 21:51:28,2018-07-02 22:10:33,2018-07-03 14:54:00,2018-07-09 10:56:53,2018-07-30 00:00:00
dc440c380cdaca851d50b4babb763a82,151728b591af91fcef8ae131a5746a97,delivered,2018-03-08 15:59:30,2018-03-08 17:00:31,2018-03-09 21:28:37,2018-04-19 19:32:45,2018-04-10 00:00:00
39f4de18c3b28bba19ed3eeac7b9ee33,c1b8b898f68a9a9c7df33212d5366469,delivered,2017-09-01 15:02:34,2017-09-02 02:50:52,2017-09-04 18:10:08,2017-09-08 18:57:57,2017-09-20 00:00:00
fadbac33feb2a1e4f63dda6c1b6908b2,b7c9fb8b2a9ac4811c342a2693f6849e,delivered,2018-02-27 16:24:55,2018-02-27 16:50:00,2018-03-01 22:48:43,2018-03-16 21:05:05,2018-03-23 00:00:00
9fa4fbddf06979761ad62c2cb6fcd315,48c10ba322728565bb90db02e2ed0707,delivered,2018-06-29 18:27:05,2018-07-05 16:11:45,2018-07-03 19:01:00,2018-07-06 11:46:45,2018-07-13 00:00:00
67209bfa3f0c84a965b585ea6ed3ff8e,907f88caff04eb097b9fd8430d34d408,shipped,2017-12-25 23:27:22,2017-12-25 23:38:43,2017-12-27 00:03:15,,2018-01-30 00:00:00
ee79adbd6f648ea3c946d88fc8f3dd23,2323671c2d6713135f3ac686457b04d4,delivered,2018-04-10 09:17:11,2018-04-10 09:30:25,2018-04-12 00:04:52,2018-04-14 15:49:40,2018-04-30 00:00:00
3b401cba521461d124e0487ea53bb009,4d7041512edb1185f033b1d50eb87283,delivered,2018-08-04 19:23:19,2018-08-04 19:35:13,2018-08-17 15:28:00,2018-08-23 23:34:32,2018-08-23 00:00:00
e457a2de930926d39e56a93d5d53627e,67c4185cd715146c94e08bee4c466fe7,delivered,2018-01-23 17:13:05,2018-01-24 02:37:24,2018-01-30 01:38:37,2018-02-08 17:53:37,2018-02-20 00:00:00
f82fad0f66275ce506ed5b5c48138b08,6e0c9bef85839fa8f4107f3b0db5e4ac,delivered,2018-06-21 11:49:41,2018-06-21 12:21:56,2018-06-22 12:50:00,2018-07-03 05:44:46,2018-07-13 00:00:00
38e9145bfbed86212bf884f4a8420fcd,bbc078fbe2bb34f9a55897b99fd5c55a,delivered,2018-01-09 10:21:48,2018-01-09 10:32:47,2018-01-09 22:44:40,2018-01-22 17:04:50,2018-02-02 00:00:00
86e45b4f54438145ef4e56aafe0314d6,d692866d341e03251c309c8b6f49d640,delivered,2018-03-09 20:40:28,2018-03-13 04:28:08,2018-03-13 19:03:02,2018-04-17 18:19:45,2018-03-29 00:00:00
b0ff8e6a9bb47b224a599ff0c161006b,a160f351f9742dcf1732bb802b7fcd65,delivered,2017-09-28 22:23:10,2017-09-30 12:49:29,2017-10-02 19:40:08,2017-10-06 20:52:16,2017-10-30 00:00:00
c618d3f25c239068c153e78f7d9edcf6,831bff098a1eb6eb624b3e6e1a537183,delivered,2017-10-26 15:03:54,2017-10-26 15:29:20,2017-10-27 21:23:38,2017-11-06 17:41:29,2017-11-21 00:00:00
879d57dc015759bf30e71a20b5ae0652,085c3cdfa4c43fd07818db49409f7bc2,delivered,2017-09-24 23:00:55,2017-09-24 23:15:17,2017-09-26 12:22:02,2017-10-04 21:19:38,2017-10-20 00:00:00
9764559652cd9a07586f59136848e1f1,57c2f085b05b55969f44246acdf2b5ae,delivered,2017-12-06 13:05:37,2017-12-06 13:12:34,2017-12-06 21:28:38,2018-01-16 21:29:00,2018-01-17 00:00:00
f29b2ca058a4371e9c8baaae26e7e1a3,e5edd00a011c09b7fcdf595c0da5178e,delivered,2017-05-21 13:03:32,2017-05-21 13:15:22,2017-05-23 11:05:24,2017-05-24 11:56:42,2017-06-06 00:00:00
a8a3eaaf155bc111acb10e0536a9e753,698bbedec1b23581c4ab4aee7270057a,canceled,2018-02-07 12:28:45,2018-02-08 17:05:57,2018-02-09 01:05:58,,2018-03-09 00:00:00
8a5a0a35111f447f72a0854ef30c576c,b8d2748eda17e24af2cdbf5896f40f88,delivered,2017-03-09 14:58:08,2017-03-09 14:58:08,2017-03-10 16:15:09,2017-03-25 10:39:31,2017-04-03 00:00:00
9c4b8eb5f1fb4f2b71018a6695171ca3,a341731cfc9dd5db5a49fea0ac04f97b,delivered,2017-09-06 20:39:57,2017-09-06 20:55:13,2017-09-08 19:43:32,2017-09-13 16:12:26,2017-09-25 00:00:00
4bb0dade496fdb8b82cd2fe250996451,472b42bf049d640a9187977e0836c697,delivered,2018-08-19 11:10:02,2018-08-20 11:32:00,2018-08-20 14:46:00,2018-08-21 16:41:57,2018-08-29 00:00:00
a47d9d942ab28a004f583312932bca8e,7d03c43800d4b16a114104fa658685c6,delivered,2018-04-27 12:55:29,2018-04-27 13:10:49,2018-04-30 16:40:00,2018-05-05 16:16:55,2018-05-30 00:00:00
d28b9e0b37f4799ddad3d4599b1d160c,3f8c3a2a3d813e4ccf04a3bfa375d520,delivered,2017-12-30 17:25:15,2017-12-30 18:31:28,2018-01-04 19:52:51,2018-01-26 18:38:37,2018-01-22 00:00:00
62a575a2a9f2c005b7ec7ff7dd76d5ee,8953a5c61a611a5a2779189ed24e6744,delivered,2018-07-23 19:55:20,2018-07-24 19:50:14,2018-07-25 13:40:00,2018-08-02 20:09:35,2018-08-16 00:00:00
45942e54bf1edb4b2c481b77f7f8486c,744eaeaf58a86dbe348c4bf07a5b13e4,delivered,2018-01-17 19:03:21,2018-01-17 19:10:39,2018-01-18 17:42:16,2018-01-25 19:28:10,2018-02-07 00:00:00
a97b999bd1190a8e2cfdd7c54b9f76a8,ebdb315fd2bb81221a59d02115a78c05,delivered,2018-08-20 12:20:33,2018-08-20 15:37:46,2018-08-21 14:56:00,2018-08-25 00:44:32,2018-08-31 00:00:00
52f3d979cd31211d1a3ef16a187def92,93e5f8d5d2e9f57e2c745e71861cd860,delivered,2017-09-12 11:17:32,2017-09-12 11:38:29,2017-09-13 14:53:58,2017-09-28 19:53:04,2017-10-04 00:00:00
8cda3e06e93016da7b1b99e24398d19f,8f83e6b41895af70db99ce62f1e4eaed,delivered,2018-04-25 14:50:56,2018-04-25 15:12:16,2018-04-26 13:24:00,2018-05-07 17:46:58,2018-05-24 00:00:00
979ace0e958f3017f51d2b3dd92d9c28,091dbef0456b5c849a59e36748382ebb,delivered,2017-08-10 21:31:53,2017-08-10 21:45:18,2017-08-11 18:12:42,2017-08-18 21:32:08,2017-09-12 00:00:00
f65bace465aae8e67ff3948524ca7270,59d620d657d548cce67b86bf39adc5b7,delivered,2018-08-01 22:44:09,2018-08-03 02:43:59,2018-08-03 11:20:00,2018-08-06 13:21:51,2018-08-27 00:00:00
9b4ecacef8574e8bc05697a77c8437fc,d3ae9463bbd0a245451be4e0eba78726,delivered,2017-04-21 10:20:58,2017-04-21 10:30:13,2017-04-24 16:00:26,2017-05-02 15:39:50,2017-05-15 00:00:00
930fff097a9427c8a9a70559aa36fa76,dc56b538928bb9f7212da239e24cda3d,delivered,2018-08-22 11:52:54,2018-08-22 12:05:29,2018-08-29 07:48:00,2018-08-30 21:06:43,2018-08-30 00:00:00
35d75af8e37e575e033ae1a48c1236ed,3580bb0836c4408b4b03c8ea4a43c147,delivered,2017-05-16 22:35:38,2017-05-16 22:45:17,2017-05-19 14:04:10,2017-06-02 10:49:55,2017-06-12 00:00:00
eef5a4bd5dd37ec132d383869df85eb1,0ebcaedcc19c16f38153ce813742e545,delivered,2017-08-02 23:08:01,2017-08-03 20:03:20,2017-08-04 16:06:00,2017-08-10 20:42:15,2017-08-24 00:00:00
88a63f5cd80c851070a20452bd83d4d7,511bbe422e11b19a7ff49a1790705935,delivered,2017-04-07 20:13:18,2017-04-07 20:23:19,2017-04-12 06:52:18,2017-04-28 16:23:53,2017-05-05 00:00:00
d4dcec44106e7301b362ee4b771b7ff3,2154edd1de40ff360dfd3aa55932a64b,delivered,2018-08-22 14:18:02,2018-08-22 14:30:23,2018-08-23 16:03:00,2018-08-30 19:44:28,2018-09-24 00:00:00
e5c14726728e5706fa969a03fa9102db,1305f0abb26461769228510330f77666,delivered,2018-07-23 13:23:49,2018-07-25 02:44:26,2018-07-30 12:24:00,2018-08-06 13:38:48,2018-08-16 00:00:00
ba506068ed3555effa5ca62cd1b22225,5729693cc754e134be2566d2369795a0,delivered,2018-05-28 15:23:57,2018-05-28 15:56:12,2018-06-02 09:05:00,2018-06-05 21:26:28,2018-06-20 00:00:00
43e9d6cfdcf9eaad45b8fb0a3ebcd521,8b02f8ef59c26d8b31e7d0b9e844a680,delivered,2018-03-18 20:16:55,2018-03-18 20:30:26,2018-03-19 19:28:22,2018-03-20 20:24:41,2018-03-29 00:00:00
5be9662cf57b643907e692632ff63fdc,f9f5b9bfc5b9fdceb180b9227737630c,delivered,2018-05-28 10:04:33,2018-05-28 10:15:12,2018-05-28 14:08:00,2018-06-06 18:59:07,2018-06-29 00:00:00
45415297b8a47870774692ea63d6f248,e93f39d199373faa6311812019f179e5,delivered,2017-11-28 15:28:38,2017-12-01 11:32:09,2017-12-01 21:38:45,2017-12-11 15:10:11,2017-12-22 00:00:00
2b0d2d60eaf705257bf8fc3eac1680d6,fbd2a08da7b03d6aa249b3b68ce13170,delivered,2018-04-08 12:39:48,2018-04-08 12:50:17,2018-04-10 20:45:32,2018-04-17 19:38:32,2018-05-07 00:00:00
e099ad1acc21f0abf4a378d865bc98bb,c82cb2106ee57d610d888da02a040b6f,delivered,2018-04-14 14:24:27,2018-04-14 14:51:51,2018-04-17 19:08:36,2018-04-23 17:12:27,2018-05-24 00:00:00
1e6f7a3666909b73be23bb1937571c27,6c7040281f5d03503ef2d5866bf40896,delivered,2018-04-30 18:55:10,2018-05-03 04:33:04,2018-05-04 08:42:00,2018-05-15 23:24:48,2018-05-23 00:00:00
62640a90dbc0dc6dedc1ce5925e36e00,841a10b36f795c595b69ae09ee5b34b8,delivered,2017-07-31 09:47:12,2017-07-31 10:03:08,2017-08-01 16:04:49,2017-08-03 15:59:11,2017-08-18 00:00:00
cf6216ebb7cf47589938fa83341bba0e,67e9e30e4c2cca9243f671d7ac6a7f73,delivered,2018-04-17 22:33:25,2018-04-17 22:51:44,2018-04-18 18:26:21,2018-04-24 18:03:30,2018-05-14 00:00:00
bc546e284ba8c6c9895808284985b24a,353608eaf3b311dbca6723b003449fba,delivered,2017-07-29 18:17:27,2017-07-29 18:30:16,2017-08-02 19:40:19,2017-08-10 16:28:06,2017-08-18 00:00:00
9cffb1e19a2d93d7959976c5d5c11138,cd361dc0e1c92d4c4697f9af769dabfb,delivered,2017-10-03 23:54:26,2017-10-04 00:07:20,2017-10-09 18:33:27,2017-10-19 22:27:25,2017-10-27 00:00:00
cc989a89a90abba764e86887625e7e26,99066eef70c41483ce836d19832c5a00,delivered,2017-08-20 20:43:57,2017-08-20 21:04:13,2017-08-22 20:52:16,2017-08-28 21:03:37,2017-09-13 00:00:00
bcacde1646a9bcd27d5e0fc25ee685ec,37cb538a289c48e58289faddeed638d5,delivered,2017-04-26 17:54:37,2017-04-26 18:05:11,2017-05-02 15:35:27,2017-05-15 15:18:50,2017-06-05 00:00:00
ff33972f5d8e34bca2482d0c6bcc825b,e8c134628117267d5f4865c6abe768ae,delivered,2018-06-08 21:30:44,2018-06-08 21:53:22,2018-06-11 15:23:00,2018-06-19 16:03:54,2018-07-11 00:00:00
846e3d199aae8a67c1d6a2ca48889bdf,07e1c3725f2f8d2e91fdb691f0b3152d,delivered,2018-08-24 20:24:26,2018-08-24 20:35:21,2018-08-27 10:44:00,2018-08-28 20:50:57,2018-08-31 00:00:00
db4c3f7858a333ee70e9bbf31768f704,855b3bf88a29a543905f5d4f10860f7d,delivered,2018-01-11 11:26:04,2018-01-11 11:36:28,2018-01-17 23:38:54,2018-01-19 19:32:06,2018-01-30 00:00:00
032a25a524b766bdb806500361630bea,00bd2f03a3aeb727b9c7bf7c2a1c094b,delivered,2018-07-11 17:59:45,2018-07-11 18:10:17,2018-07-16 10:07:00,2018-07-25 23:21:50,2018-08-13 00:00:00
673eb3db9ca5cc9c43b62b0052e65da8,5011c9671431b13cf35e52d7790fba17,delivered,2017-02-24 15:52:14,2017-02-24 16:05:15,2017-03-01 14:38:54,2017-03-10 07:24:06,2017-03-23 00:00:00
99d77f27c8ce75d51ce78cfe695ca1c3,eb4f40368c958563004db00314d45274,delivered,2018-07-09 19:17:36,2018-07-09 19:30:23,2018-07-17 06:38:00,2018-07-23 17:03:36,2018-08-07 00:00:00
861c1e37638360f0b8662592bc56f3e5,9a8cdb558b4a01fe8db50c413c649666,delivered,2017-12-18 22:22:16,2017-12-18 23:19:23,2017-12-21 16:46:54,2018-01-05 21:38:45,2018-01-15 00:00:00
d77c90347fa4a918af7227743da9ecff,40635ca19a9ac706c671229712c6f76c,delivered,2017-09-15 00:22:32,2017-09-16 02:55:55,2017-09-18 19:52:13,2017-09-20 17:24:03,2017-10-03 00:00:00
deb733aececa59120f37a6395d57c4c0,d8a9d769f268e4800b019a0d8c2328ae,delivered,2017-07-11 12:53:26,2017-07-11 13:05:13,2017-07-13 21:37:38,2017-07-19 22:06:30,2017-08-04 00:00:00
867323864f390e786132fb596893b398,365ea489aa1e81ee23c0a26c918cecb3,delivered,2017-07-06 20:55:38,2017-07-06 21:05:13,2017-07-10 16:47:57,2017-07-27 19:21:38,2017-08-01 00:00:00
d280ffa94ba8d94d4fc416ee85612a52,00796be07bfc87dad2e31ef15490a718,delivered,2017-11-09 14:07:54,2017-11-10 03:11:04,2017-11-10 18:42:00,2017-11-20 20:12:25,2017-12-01 00:00:00
b88cd65e1d90bf6e185bf9b6f0b614cd,b3d9d64d67b27599d01bb7de17a92ab8,delivered,2016-10-10 12:54:46,2016-10-11 16:13:11,2016-10-15 16:13:12,2016-10-18 17:13:12,2016-11-30 00:00:00
34fefcb94e75fb1b7a0cd863796ce6e5,04d00072237ea49b7decdfe6d22f98af,delivered,2017-04-06 10:25:15,2017-04-06 10:35:39,2017-04-07 16:15:53,2017-04-15 09:22:32,2017-05-02 00:00:00
0a671290b0be76ffb379a3c0031d2f44,c1e0d14af8d9b536de4a169254aa6429,delivered,2018-04-25 17:31:37,2018-04-25 17:52:33,2018-04-27 16:40:00,2018-05-22 23:51:02,2018-05-18 00:00:00
882abff9de7349a0ba8503f90af0a5b5,97de3598245baa770e5de733a1f7273f,delivered,2018-07-28 17:36:59,2018-07-29 17:30:12,2018-08-02 17:46:00,2018-08-08 16:58:39,2018-08-20 00:00:00
43820afb33cfe47a6bbdc81d3fb51aa0,b6b9f3f1509ad186e09edefc447078d4,delivered,2017-10-24 18:18:17,2017-10-24 18:28:25,2017-10-25 20:58:32,2017-10-30 20:52:15,2017-11-13 00:00:00
2a56c0c034674a4f3655fdbd44d8df8d,68ac50b4985070c79a1bf8153c381918,delivered,2018-08-22 09:20:10,2018-08-22 09:30:13,2018-08-22 11:47:00,2018-08-28 00:32:05,2018-09-11 00:00:00
d6146bd142ef3ffa19fed2bcc5cab997,332dbedc045320b8aa3355bef2ed5ccf,delivered,2018-05-15 23:20:55,2018-05-15 23:35:15,2018-05-16 12:54:00,2018-05-17 19:16:30,2018-06-08 00:00:00
74eb09c234059210020478373826f860,70754af9f9ac781098034cfbb00f6d87,delivered,2017-03-28 17:00:27,2017-03-28 17:15:07,2017-04-04 10:34:09,2017-04-13 16:05:17,2017-05-08 00:00:00
da3ecfa6e09fbd397cd3ba07a6859031,f6876851a8a4fc53646d4f30d35159fc,delivered,2018-03-31 18:54:10,2018-03-31 19:10:19,2018-04-02 16:53:34,2018-04-19 20:02:20,2018-04-19 00:00:00
17c724b30cf8da2052338addfe28fefe,a92814cda208d3b99d729359a729f77d,delivered,2018-04-23 21:39:06,2018-04-24 18:33:58,2018-04-25 12:24:00,2018-04-30 14:28:45,2018-05-23 00:00:00
d65f5dae0f306445c7b9d4a37a07f1b7,11a780bb84926a4090819aa9d2969b72,delivered,2017-12-13 13:58:18,2017-12-14 02:14:40,2017-12-21 17:49:01,2017-12-28 15:45:45,2018-01-08 00:00:00
b73441a4e7a49b06d7219c969e5af0ef,4059656b16a5a2a93e9c0516a81ec52f,delivered,2017-09-10 12:22:47,2017-09-10 12:35:12,2017-09-12 18:35:55,2017-09-18 12:30:29,2017-10-02 00:00:00
86f86502108b157c71437274d7a60be8,829605f711a1b775979373d642c17736,delivered,2018-08-21 10:48:12,2018-08-21 11:10:09,2018-08-23 14:09:00,2018-08-30 16:45:49,2018-09-10 00:00:00
8765f11b44250ff934514b69beaa1535,69ce10abd6955cc99646ae8b9bcd49e1,delivered,2018-02-25 15:25:19,2018-02-25 15:35:26,2018-02-27 04:16:59,2018-02-28 21:04:56,2018-03-14 00:00:00
67a133230aa69348648d14a177951fa6,96293c4b062e3cc55e86f6e843e9fa02,delivered,2018-05-29 21:30:08,2018-05-30 16:16:25,2018-06-01 15:10:00,2018-06-07 16:24:25,2018-07-03 00:00:00
93e41e75d4dfc53553b20b0087738e4d,167952abef450eb8fc56bbf828db72e7,delivered,2017-11-18 18:10:22,2017-11-21 03:33:26,2017-11-21 21:53:47,2017-11-23 21:49:50,2017-12-01 00:00:00
e32a3048899c0e892845b12e78d039f5,b0679aa1778eff69e006fb323de25f22,delivered,2018-02-21 10:03:23,2018-02-21 12:27:40,2018-02-21 21:13:16,2018-02-27 12:47:03,2018-03-15 00:00:00
07c25d3d928865cf442fac10a30163c0,c5ae7356add4217aa8e2d1677f60e49f,delivered,2018-01-12 10:40:17,2018-01-13 02:28:27,2018-01-15 17:08:52,2018-01-24 17:34:57,2018-02-15 00:00:00
f65a0c0fc75a9ddad01b101ed5ae2e38,3609e81d0c4d558c178307ccd23540a5,delivered,2018-04-23 21:02:43,2018-04-24 18:12:48,2018-04-24 19:58:49,2018-05-02 20:36:44,2018-05-23 00:00:00
712735486b60bc6aa8da903bf80c8a96,dfde4831d648dd3f56cdb221ef844e3b,delivered,2018-05-02 22:54:52,2018-05-03 00:12:56,2018-05-03 16:40:00,2018-05-10 17:21:22,2018-05-25 00:00:00
c0c079ac0cf555703f5980f134cf762f,6d207800b2bf351d5589a2355a5b86d8,delivered,2017-12-19 13:11:33,2017-12-19 13:43:16,2017-12-20 16:52:07,2017-12-28 12:39:02,2018-01-15 00:00:00
b5548f1e1d8138e39efdf8b24c93bbd3,57a08db4c4e6f5698f07f80b11081805,delivered,2018-03-23 15:56:58,2018-03-23 16:08:48,2018-03-24 00:57:38,2018-04-03 06:44:32,2018-04-11 00:00:00
3b392a9a8d9765f668c57eee0f0ae054,51296a16038830c3706b54fcd4af0e86,delivered,2017-12-19 21:30:51,2017-12-19 22:32:56,2017-12-20 21:25:53,2017-12-22 15:33:49,2018-01-08 00:00:00
74331f5076bce90829fb2bb33e9d4fc2,ff46b4411cd7dd62403e3d6df6ea8059,delivered,2017-06-12 21:20:17,2017-06-12 21:30:21,2017-06-13 15:12:35,2017-06-21 16:14:31,2017-07-07 00:00:00
49379667c1feebaf34be9e13b01210b9,dd8c7dea65351643d9fdc3256b822f08,delivered,2018-03-27 14:36:07,2018-03-27 14:47:55,2018-03-29 12:26:33,2018-04-06 01:14:35,2018-04-09 00:00:00
1a1ddb5980f9699031296734e1b01187,9844c04cb1fe2692c7346016ef7b3254,delivered,2018-06-29 19:26:47,2018-06-30 04:35:15,2018-07-11 14:39:00,2018-07-14 11:32:06,2018-07-25 00:00:00
8dfc586b5e7803bddec671925c1ca06c,367605b57e5253221b9d9fd586e4bf89,delivered,2017-10-05 09:00:21,2017-10-05 09:14:10,2017-10-05 19:00:11,2017-10-18 18:33:02,2017-11-03 00:00:00
e2a34138116519cb702c72c12aeb99fc,1976d7f092d9e30dc6f65e2b890f67f5,delivered,2018-04-04 14:19:07,2018-04-04 15:30:20,2018-04-07 00:12:53,2018-04-23 21:29:29,2018-05-02 00:00:00
3ec588a9ef40bcc380a1f2401409b13b,59f4dbb9f66a941a534980a5311ce9b3,delivered,2017-12-09 13:45:47,2017-12-09 13:55:23,2017-12-12 20:45:10,2017-12-29 18:07:35,2018-01-05 00:00:00
9f81963426ae1cb630eecb995323381c,feb44f156b74bd87b3cd5c0fb24db4b0,delivered,2017-12-03 12:49:01,2017-12-05 04:13:31,2017-12-05 21:38:40,2017-12-07 18:39:24,2017-12-20 00:00:00
5ad4c42b55f95ad02ba670fecbcd0540,deece27ba0aadf232c43fb1f379174e3,delivered,2017-11-24 23:29:00,2017-11-25 02:32:57,2017-11-27 17:32:02,2017-12-01 20:12:40,2017-12-18 00:00:00
a4b3642789b54e8f4e9effab48c70c7c,c5496720a0757e26b8f89cf82c07a072,delivered,2017-11-20 14:24:50,2017-11-20 14:32:38,2017-11-27 14:52:21,2017-12-22 18:43:01,2017-12-14 00:00:00
6d4d21ff3677c130cd3c6937482487eb,50966ab7a02e6f14ff2b81c938932200,delivered,2018-04-26 16:36:35,2018-04-27 03:51:10,2018-04-27 11:19:00,2018-04-30 23:21:57,2018-05-10 00:00:00
69179b97c4e4774ae379e88e67339627,882a4e408c1653a16c5fb7fd54e6aeeb,delivered,2017-09-11 13:36:22,2017-09-11 13:45:20,2017-09-14 14:42:15,2017-09-15 22:56:55,2017-09-21 00:00:00
efecbe94397ac7e562f6b566abfc08ab,742b3a1a3d7523219121cf91b522b53a,delivered,2017-06-13 13:45:14,2017-06-13 14:03:09,2017-06-14 16:32:01,2017-06-21 16:52:15,2017-07-04 00:00:00
5a23dfaecf3aac7ca8bbcb6259eb4ce2,99735c2b6ea9221b65fc53e799037ac4,delivered,2017-11-06 14:13:12,2017-11-07 07:30:48,2017-11-07 17:18:25,2017-11-16 21:03:27,2017-11-27 00:00:00
941eccbab1cd0aec1888e669e608e5bd,135366749a34710bc46eb15cb5db3531,delivered,2017-06-22 20:07:39,2017-06-22 20:22:41,2017-06-23 10:27:45,2017-07-21 15:28:01,2017-07-28 00:00:00
431d455c1221ca2a6d50dcc4da83246a,c6396a2ea2a0c2af1f9ebd8a0e498d1f,delivered,2017-12-28 15:25:20,2017-12-29 14:27:32,2018-01-02 16:05:01,2018-01-04 18:10:32,2018-01-17 00:00:00
6711fee36dd6c08f101b5b21eb439ddb,22c855868c3faf25b1273834d9b187a7,delivered,2017-05-17 19:22:19,2017-05-18 02:22:50,2017-05-18 11:40:35,2017-05-26 09:33:29,2017-06-19 00:00:00
d0c74e12dbbf527b5557190c591ac98c,688f35cb57847aae242f01cac66e6137,delivered,2017-07-11 09:31:56,2017-07-11 14:30:21,2017-07-13 16:13:33,2017-07-17 19:23:45,2017-07-26 00:00:00
94f400290d0a1008d5799712f1abcbea,36e037daa02d2286656c8fec46133136,delivered,2017-12-30 08:45:09,2017-12-30 08:56:21,2018-01-05 20:34:33,2018-01-15 22:21:49,2018-01-26 00:00:00
9b643bf8a8614206d936530d416aef57,e1b64e8d881811f9914cc891ab48ee89,delivered,2017-11-22 11:42:43,2017-11-22 11:54:27,2017-11-23 20:29:19,2017-12-19 16:04:42,2017-12-11 00:00:00
a6d306fdfa4582a936be85949cf98a50,432f2e83c75cd332b78bf80f85c4b9d8,delivered,2018-08-17 10:48:14,2018-08-18 10:50:34,2018-08-20 09:46:00,2018-08-29 19:51:00,2018-09-06 00:00:00
5c26fc72dfb3f4ee72fee72d193d62a5,e7c04f8aba1cd41dc50ca867e170c352,delivered,2017-09-16 13:24:07,2017-09-16 13:35:10,2017-09-18 16:15:42,2017-09-22 19:28:53,2017-10-04 00:00:00
3e8a5d740a1e7db9eb5bdc6262644e88,0a80080a56579c6f51865b39c589b3b3,delivered,2017-11-03 18:03:26,2017-11-03 18:30:23,2017-11-06 20:15:08,2017-11-10 14:12:07,2017-11-23 00:00:00
44349f952ea4f26d94db5a15ef6f66ae,5eeb5555fe1eaaa8b3c68b87244b68e4,delivered,2018-05-10 16:43:25,2018-05-10 17:09:22,2018-05-17 12:43:00,2018-05-23 17:31:13,2018-06-01 00:00:00
f6e680d7d727a699aa6a16bc524be196,4018b24eae5aab1b61cdd21b8dd86aec,delivered,2017-10-11 09:31:32,2017-10-13 16:49:43,2017-10-16 20:40:00,2017-10-17 15:48:57,2017-10-25 00:00:00
b65db414b568d2c8b1eb008f7ea04096,754c940809abbdba13ef02e5e141b729,delivered,2017-02-03 11:33:20,2017-02-03 11:45:09,2017-02-03 13:50:36,2017-02-17 16:43:50,2017-03-02 00:00:00
f7f3e95cf456d7a1ebede3e7c3cce324,4dfee415924b098c74710e32070db47a,delivered,2018-07-02 20:11:18,2018-07-05 16:04:38,2018-07-04 08:02:00,2018-07-05 19:30:53,2018-07-18 00:00:00
ed2df92b95519613e72472fc57654e32,69294d8ca2e350d2295610b59a5294c7,delivered,2017-02-08 21:33:15,2017-02-08 21:45:20,2017-02-13 09:30:37,2017-02-17 16:36:56,2017-03-14 00:00:00
c7dd54b6015ecbd1bb94612862927514,7db05161725ac1df6eb73ea54ee0008b,delivered,2017-08-10 07:51:41,2017-08-10 08:05:15,2017-08-14 15:14:09,2017-08-21 20:14:34,2017-09-01 00:00:00
186fc1aa898961515ca374b0a320f6e8,673b4323290db500f41f08839f6d62eb,delivered,2018-02-12 12:44:32,2018-02-12 12:55:54,2018-02-14 22:43:46,2018-03-19 14:26:55,2018-03-13 00:00:00
b3242decb71b67b79f3b2069effcbaa2,ce730673fbb235448dccea069e34b64d,delivered,2018-04-08 22:18:41,2018-04-10 03:50:24,2018-04-10 19:03:17,2018-04-19 18:38:36,2018-05-04 00:00:00
70807adf40446c39c3504cd513bcf3aa,fff200ad56bd3e1caa576cce9d282672,delivered,2017-02-12 20:42:26,2017-02-12 20:50:16,2017-02-13 08:57:55,2017-03-01 10:05:22,2017-03-23 00:00:00
7bb854599c1f0c6bc0fc1dfd8a49e244,496092c6b78a42e0cd502fe42d698381,delivered,2017-11-20 11:46:30,2017-11-20 12:07:01,2017-11-22 21:03:21,2017-12-19 15:58:55,2017-12-15 00:00:00
6aad8a16f17436a086a9407258c150a4,20b21763accd4a567f5d11bf8e89d322,delivered,2018-06-11 21:03:47,2018-06-11 21:40:37,2018-06-12 14:35:00,2018-06-20 19:42:47,2018-07-05 00:00:00
24642ed9b8393cd8355bcc2e7cc6e7ff,20ef3d9f79879188544719d9ee117243,delivered,2017-09-07 17:11:45,2017-09-07 17:25:32,2017-09-08 18:39:58,2017-09-13 18:05:09,2017-09-28 00:00:00
88d0690c4598321b6166f806c2da7034,07efbcfb30cb5bc9848be5f17af8eaab,delivered,2018-01-30 14:04:57,2018-01-30 14:31:20,2018-01-31 22:48:45,2018-02-27 18:38:57,2018-02-26 00:00:00
9870d16ec4826588030fbb115e76ba70,4f0083922e333dbcac05a4ff42f6152e,delivered,2018-04-11 09:00:22,2018-04-11 10:35:30,2018-04-11 23:04:54,2018-04-17 20:36:24,2018-04-30 00:00:00
b038f6ae89bdd1fddd3b51ace3ff8b30,6f40052a8d45f8396c7446d4cea1826f,delivered,2018-07-03 15:48:48,2018-07-05 16:13:40,2018-07-04 11:19:00,2018-07-05 14:12:01,2018-07-16 00:00:00
568e1e071d3191a1c23ad8ea7d6a8cbc,2f102d0fb5e6668b51fa5edc542254a8,delivered,2017-12-05 07:56:27,2017-12-05 11:11:42,2017-12-05 23:09:46,2017-12-14 19:15:47,2017-12-29 00:00:00
6cd30de23ae80f0c8c7439acece7ecd5,d4ef7f273c01134ab9dbdde58bca08c0,delivered,2018-01-23 00:05:39,2018-01-23 00:15:17,2018-01-23 15:57:12,2018-02-16 23:26:36,2018-02-20 00:00:00
6c0baa799dd3fa60c906590be84b0273,01eb75533d0297e3a47f6d40e866455c,delivered,2018-03-26 22:41:20,2018-03-28 02:50:39,2018-03-29 23:26:48,2018-04-09 16:48:23,2018-04-19 00:00:00
1c7bc1d2107c0101a38e3096fa42aa56,5c1fb0d5833614e60c4a2bc10bd5dce0,delivered,2018-01-31 22:04:08,2018-01-31 22:15:33,2018-02-08 18:28:25,2018-02-09 16:58:36,2018-02-23 00:00:00
cebd090c9689c0cf282f067646f9c5ef,151fbaadc520b0f6a4a96965dd393a24,delivered,2018-05-29 11:23:48,2018-05-29 11:57:51,2018-06-04 08:00:00,2018-06-11 19:03:35,2018-07-04 00:00:00
05ea910f7ffffe471fab783ea0d8e424,6b4604fc99e30a8ee23986529ee05c09,delivered,2017-06-20 08:18:43,2017-06-20 08:30:29,2017-06-20 13:52:59,2017-06-26 16:17:42,2017-07-13 00:00:00
2fdd35034a62541526bee9d3f287c2e0,124bd2cd4802bd7b4f64b19d46b53bbd,delivered,2018-02-18 09:52:05,2018-02-18 10:55:31,2018-02-19 19:51:40,2018-03-01 16:22:36,2018-03-09 00:00:00
711246846695fa895c1776f0ddc30b20,0fcd82f3be381d7a6f606313e6e2cccb,delivered,2017-07-08 14:55:53,2017-07-08 15:10:13,2017-07-12 21:49:31,2017-07-20 17:51:38,2017-08-01 00:00:00
0e93edf664c68e407889c757350ef76a,d2fb78d5116de6f334f7d6584b316869,delivered,2018-08-18 15:49:58,2018-08-18 16:10:04,2018-08-22 13:26:00,2018-08-23 21:39:55,2018-08-29 00:00:00
b892e2c2ecb74a9cca10c9dae8984043,6003af27083b57f0eaadcdbc42e69166,delivered,2017-06-27 12:00:57,2017-06-27 12:35:41,2017-06-28 10:44:09,2017-07-17 18:04:04,2017-07-17 00:00:00
a3d2d7bd607f48e67fa90453814180a7,8734fcb4937218b2065dd7a57a70eff7,delivered,2017-08-04 21:38:23,2017-08-04 21:50:18,2017-08-07 20:35:17,2017-08-16 21:36:35,2017-09-01 00:00:00
c106f2772c1c3227637339f5d1833f5f,6d440263da0b60f585e26091269632f9,delivered,2017-04-19 12:53:51,2017-04-19 13:10:18,2017-04-26 13:38:14,2017-05-05 06:22:18,2017-05-09 00:00:00
b56522f2eb41c4d499be5f343973d5cf,e47491820a6834b23c543d50adb9c7bf,delivered,2018-03-01 16:04:11,2018-03-01 16:15:28,2018-03-16 12:13:02,2018-04-07 10:41:03,2018-03-27 00:00:00
052b7ade468bbc426187ed75fbc1fb3b,7bda2f42b18b59d03f8cf8d14368dd7d,delivered,2018-04-03 11:05:02,2018-04-04 11:09:58,2018-04-09 20:18:05,2018-04-10 21:21:57,2018-04-17 00:00:00
0ecc87706e05dcabbbfe5aa29767e9d0,e8d6d155e9cb014bd1c2db488b6746e1,delivered,2017-11-01 10:43:33,2017-11-02 02:15:45,2017-11-07 22:41:12,2017-11-16 17:48:34,2017-11-27 00:00:00
9790914a516d3a166150d0d19f282b8f,932a711f0d0c8d066116ca79e358333b,delivered,2018-07-07 13:21:34,2018-07-07 13:30:12,2018-07-10 14:27:00,2018-07-12 17:48:33,2018-07-23 00:00:00
47c1158d35b8d9f0453d5f2ddbbcb3b0,b0c33e271d5098a6280aeaecf3e48639,delivered,2018-07-20 12:18:44,2018-07-24 11:31:40,2018-07-26 11:02:00,2018-07-31 14:50:57,2018-08-14 00:00:00
36740de778429748e1ff6077c7d85e5f,73a1cdebbca2e661d484b28a55a3a02b,delivered,2017-07-11 18:17:11,2017-07-11 18:30:23,2017-07-12 17:05:50,2017-07-14 20:09:57,2017-07-31 00:00:00
0286e258217733541e80588e29c208c1,010583f85dd55d32a6db1068f58ca6f1,delivered,2017-10-08 20:37:04,2017-10-08 20:49:20,2017-10-10 21:27:46,2017-10-21 00:34:45,2017-11-13 00:00:00
9ee3edc7733fa734090a08a679636037,73ad662b1379dda5eb0c27774a0376d7,delivered,2018-05-22 12:47:36,2018-05-22 12:56:31,2018-05-23 14:33:00,2018-06-07 16:40:47,2018-06-13 00:00:00
925d0dea93a81b5740cbc77930b629d5,2affb4edb80234af887eb6fe35a60185,delivered,2017-06-19 14:16:02,2017-06-19 14:30:25,2017-06-20 11:15:28,2017-06-29 15:21:49,2017-07-11 00:00:00
1bb758b8244a768b78655fb2abb0c7f8,4af025b039a68460ed2ece310aec6da1,delivered,2018-08-21 18:39:29,2018-08-21 18:50:14,2018-08-22 13:56:00,2018-08-27 19:36:26,2018-09-05 00:00:00
65a99fa6dd84d361ae06b8eadf3bd4dd,c2b84ffefb0440f4c8a3d729ba3aeebd,delivered,2018-06-10 22:08:06,2018-06-10 22:18:05,2018-06-12 10:36:00,2018-06-13 16:28:46,2018-06-20 00:00:00
837b8d9b2e7afd344f8abfe25c899e7c,7bd66d7d5a389211902bd372575b253b,delivered,2017-09-12 16:38:45,2017-09-12 17:20:05,2017-09-19 19:03:58,2017-10-02 19:46:02,2017-10-09 00:00:00
b3dcc3645a264d2f98b2be2940451718,506ca8613bc1a386416575be409361e6,delivered,2017-11-11 16:15:21,2017-11-11 16:35:29,2017-11-14 15:56:28,2017-11-24 19:56:56,2017-12-07 00:00:00
4aa5e89a54afc5cbb187bc2bccfdfe33,2157692c5db88799d2c32f8113d35286,delivered,2017-12-03 13:55:55,2017-12-03 14:13:31,2017-12-05 18:58:43,2017-12-12 19:12:13,2018-01-04 00:00:00
51ad0046ea33a9c6f8835234fc73b8c3,dac9b9aa3863b89ec71d38061e4f4957,delivered,2017-07-10 20:19:26,2017-07-10 20:30:17,2017-07-11 17:28:59,2017-07-21 18:17:31,2017-08-03 00:00:00
28ee4942e257119c5bdc4d00b182ba6d,f77a0471e6b4c4d6181d1134e3c78da1,delivered,2017-11-16 13:08:57,2017-11-16 13:27:06,2017-11-21 14:14:46,2017-11-29 23:19:01,2017-12-20 00:00:00
d47b9b1166f0cb84c9cc7b8a507808ff,3edd6632f0023b2e66e1cf3e7814c7ea,delivered,2017-06-02 14:35:36,2017-06-06 13:25:36,2017-06-07 12:02:16,2017-06-14 14:42:22,2017-06-23 00:00:00
2eeeaa9c6fffe79d2ebdaa43a53f682b,1b079952d7f8ea0edc2babd69178160b,delivered,2018-03-28 11:34:14,2018-03-28 11:50:17,2018-03-29 20:58:56,2018-04-12 16:42:06,2018-04-26 00:00:00
7c455f1b3dd0fd15fc19e4372c451056,3f04be4f88546351e2d895e9fc9d0a7f,delivered,2018-05-29 11:37:15,2018-05-29 13:18:56,2018-06-11 14:23:00,2018-06-13 14:29:49,2018-07-04 00:00:00
9fb0f5aec85853d38f0255b295cb4cb1,71f815d8142eb59cebe2d023f1a18bb4,delivered,2018-03-05 16:13:08,2018-03-06 16:10:45,2018-03-07 20:58:51,2018-04-03 17:52:20,2018-04-03 00:00:00
bc2373d0e7ab7801b2b550f82b6327f6,6cc5df4c5ba75812a9c847c4f56d0af8,delivered,2017-12-17 13:09:06,2017-12-17 13:16:23,2017-12-18 19:29:14,2017-12-27 17:04:23,2018-01-15 00:00:00
a91929c58be362dc4929f9b9c542a4ae,d66a1a4d6834da22157f93d8f7640a2a,delivered,2018-02-05 11:15:35,2018-02-05 11:35:32,2018-02-06 21:18:55,2018-02-20 00:47:34,2018-03-05 00:00:00
c88226c0be178bf303537e6ffddc8dc3,144f886ca054309d0501bfe4c12d3174,delivered,2018-04-20 12:49:21,2018-04-24 19:21:59,2018-04-23 18:36:56,2018-04-26 20:05:10,2018-05-10 00:00:00
cd51709c98c738351915f79c4318675e,c455144b0c6e78f2574b7a92f22342cf,delivered,2018-01-30 16:10:05,2018-01-30 16:34:49,2018-02-01 19:49:46,2018-02-02 20:42:18,2018-02-15 00:00:00
e300f3511d8e46ed7e75b5bbc2e7958a,903dc81a0fdd7c15c763416420efdda7,delivered,2018-05-14 12:34:41,2018-05-14 12:52:26,2018-05-15 10:45:00,2018-05-24 19:08:47,2018-06-07 00:00:00
d704531521342cc30fbd72ab1c5eb9da,c97a91289678421e61afa5159b0f3b97,delivered,2017-05-23 22:00:36,2017-05-25 03:10:18,2017-05-26 08:38:34,2017-06-02 09:52:00,2017-06-14 00:00:00
d1d598b9c6fa6d135849e528650082c0,c0cfd65a6d4bd318ef871d81a9f387e2,delivered,2017-08-07 23:40:16,2017-08-07 23:55:07,2017-08-08 22:10:06,2017-08-11 16:42:07,2017-08-25 00:00:00
1bd843e7f9464231fd6b9314cb092476,b418e5d6508aecd5a06130edf72d608a,delivered,2017-12-03 16:34:23,2017-12-05 16:43:20,2017-12-07 22:58:34,2017-12-13 23:53:24,2018-01-10 00:00:00
7e575745a57b4d91a79d35729375319e,49193addee8cc5e2e743618ff4064101,delivered,2018-05-15 16:37:01,2018-05-15 17:37:37,2018-05-17 14:58:00,2018-06-04 21:32:43,2018-06-04 00:00:00
5c347356bed376c15129f3ab48c5dcdb,4668515d0421ba4dc31c3b9fcc5b39cb,delivered,2017-10-07 14:23:08,2017-10-07 14:35:20,2017-10-10 16:50:14,2017-10-11 19:12:22,2017-10-30 00:00:00
86e806df199739693f45c9cd596771ea,c7282ae2ff7ef253197c18a28d80fdfa,delivered,2018-02-07 14:23:10,2018-02-07 14:35:29,2018-02-08 20:16:31,2018-02-20 19:57:14,2018-03-08 00:00:00
4a94f985ef69a52bcd0562790587a857,d4831a1ca791c88935d707b41f5282c7,delivered,2017-07-12 10:28:37,2017-07-12 10:43:08,2017-07-13 12:10:10,2017-07-19 20:07:00,2017-08-09 00:00:00
8f743e79746b7603a908c7b536e4a14e,f6fd1a71023d22a9a49c52aaf3a904cb,delivered,2017-08-24 19:54:03,2017-08-25 15:15:15,2017-08-28 15:12:24,2017-08-31 20:33:14,2017-09-14 00:00:00
05fad97db96406de1787c7a532c46a2b,704435bd61cfb6de6ef8559c90f64aa2,delivered,2018-06-19 11:34:27,2018-06-19 11:58:13,2018-06-19 15:15:00,2018-06-26 19:57:34,2018-07-24 00:00:00
1e21fe9a8a7ecfff79a63ddf04761526,7411ed38e0610456949ec3dcdc833c59,delivered,2018-08-11 18:32:29,2018-08-11 18:44:31,2018-08-13 15:19:00,2018-08-21 00:28:53,2018-08-22 00:00:00
6076a8694fc911c2ed0a2bac1c30a9c5,57934d36535621517dc2b60295108836,delivered,2018-03-15 15:43:30,2018-03-15 15:55:27,2018-03-17 18:58:41,2018-04-02 21:33:26,2018-04-11 00:00:00
42feb7d5648d74e7fdeee7163740cf5a,a602db8a2bcfe54098fd9670db2000de,delivered,2017-11-19 21:30:09,2017-11-20 21:38:27,2017-11-24 18:12:11,2017-11-30 18:13:56,2017-12-08 00:00:00
fd52bb09b1cce1fa4ecbb721e934727f,0c70d21dbd94ee2062ab588e53a9cfd9,delivered,2018-07-03 12:42:04,2018-07-05 16:32:45,2018-07-05 14:18:00,2018-07-07 17:32:53,2018-07-23 00:00:00
9dc0a33bcfa9c6bfa29e7434029a8631,36ed9379299c45eda07acf2c5012e28e,invoiced,2017-10-01 12:47:42,2017-10-01 12:56:10,,,2017-10-18 00:00:00
28e78b16d448f216559b2cdf366e6850,03e17eb5a208cef3b62b88f7956495b6,delivered,2017-09-17 19:30:23,2017-09-19 07:44:06,2017-09-19 22:27:47,2017-09-25 14:19:50,2017-10-05 00:00:00
f510fda0bfc99dc2ea6e0354a36c3f80,494dd794d228c8012ce6ffe29abb4478,delivered,2017-11-21 18:49:45,2017-11-21 18:58:34,2017-11-22 15:47:15,2017-12-04 22:37:01,2017-12-13 00:00:00
f9d2e3d2cc060d2d5fbbaef4fba580b1,2894210d5aba1fcc839762cf289cc56a,delivered,2018-04-09 17:36:04,2018-04-09 17:51:26,2018-04-10 22:27:30,2018-05-10 23:05:23,2018-05-02 00:00:00
fbee188f61534261ec8009aca20859f9,92d571c936ad611745dc20b9b327ce97,delivered,2018-08-02 12:04:59,2018-08-02 12:50:14,2018-08-03 09:49:00,2018-08-08 21:03:25,2018-08-08 00:00:00
6aaa7d9d6982325a6d29592aa3aaa7c9,7b66472223bba85c7deac55c7f890d70,delivered,2018-01-28 23:46:53,2018-01-28 23:58:31,2018-02-01 12:33:12,2018-02-07 17:43:13,2018-02-23 00:00:00
14b02f2ce3bb9d06412a704cb763eebd,72ff40895c2b5caf624195b25ceb4eeb,delivered,2018-04-07 17:29:30,2018-04-07 17:48:07,2018-04-09 22:34:38,2018-04-13 17:18:41,2018-04-19 00:00:00
8d231bbb38eed41a50b6c9eb0c5a08c8,30fdba86ed2166bf2b09b3c3eb014f1a,delivered,2017-09-21 17:43:40,2017-09-21 17:55:14,2017-09-28 19:00:09,2017-10-02 22:43:57,2017-10-10 00:00:00
d6e756dd8b364b5d06ceccb3f72e3d23,be48dad7da7972280b5eefc14b9122c8,delivered,2017-06-05 13:23:18,2017-06-05 13:30:20,2017-06-06 14:52:34,2017-06-12 14:09:33,2017-06-30 00:00:00
e8c3c6c26df91aea7618de51cb6825f6,cb66e8cf0304da059605929638860457,delivered,2018-04-06 14:40:55,2018-04-06 14:55:15,2018-04-09 16:48:42,2018-04-23 16:03:42,2018-05-08 00:00:00
1e190338f1e670011b0002daba8025a8,8bc46d4799de59c9d7fd16f5c78b1b4f,delivered,2018-04-26 23:09:19,2018-04-26 23:31:23,2018-04-27 15:37:00,2018-05-05 00:35:28,2018-05-22 00:00:00
00df27e666004db9f14bce766fa5327c,2f9fe192fe03e0b19bbe3ff35f3100c5,delivered,2017-11-18 11:44:56,2017-11-18 11:55:31,2017-11-20 22:16:49,2017-11-23 21:09:13,2017-12-07 00:00:00
1962912d9cd5fccb64ac53c3811a2ce1,70b2207633ca2235286713423c6088be,delivered,2017-10-21 18:47:47,2017-10-21 18:56:20,2017-10-23 22:13:37,2017-10-24 20:27:40,2017-11-03 00:00:00
cfe6280cb115ade27e379ed940db3f1f,a43e0f37cf24e9449489d65aea6daedb,delivered,2018-01-04 20:38:39,2018-01-05 20:30:32,2018-01-09 20:18:15,2018-01-15 16:58:34,2018-02-01 00:00:00
193c1dc57175afe8abd16a370d264fcd,f4898a10ff17e1b5df456b2a48322d7e,delivered,2017-08-18 03:10:25,2017-08-22 03:55:26,2017-08-22 22:04:01,2017-08-29 22:37:55,2017-09-14 00:00:00
ccb152dea072048521b3a778267481ba,cb5173b3036a9c3673dd55615fdb8083,delivered,2017-08-09 15:29:29,2017-08-09 15:43:51,2017-08-10 21:04:44,2017-08-29 19:06:54,2017-09-04 00:00:00
29986e236b391de3edc9cf5a1fba4336,a6b8f6a47e0ed8ca9a8186aa15744eae,delivered,2018-06-13 11:15:57,2018-06-13 11:40:37,2018-06-15 14:53:00,2018-06-16 20:05:02,2018-06-25 00:00:00
6120d49a9bec789c91d34b553c47573a,82ad997b66970bb98cdbe1df6c5b67e5,delivered,2018-03-07 13:06:00,2018-03-07 13:15:37,2018-03-08 16:06:26,2018-04-16 13:25:06,2018-03-26 00:00:00
cf44ae3babec65aa61511ec1730bac11,bdad4e91371fad706d6ef1e25c823708,delivered,2018-03-01 11:40:19,2018-03-01 11:55:32,2018-03-07 00:37:46,2018-03-09 20:38:37,2018-03-19 00:00:00
8eb1c5be7906144e5984dfbf45c2ca26,368a12a44679f602d2dfaec782f49a03,delivered,2017-04-07 09:50:35,2017-04-07 10:05:15,2017-04-10 15:34:07,2017-04-13 13:06:58,2017-05-05 00:00:00
fe80ef8e06c4f85a39705d913eee0296,957119c2666753f6b5f7b53809dc2c47,delivered,2018-03-22 09:35:33,2018-03-22 09:55:46,2018-04-04 00:07:31,2018-04-04 17:05:24,2018-04-13 00:00:00
33299417d8206e70805c48ec081eeaf1,f765fb38b62aeb0ef8f74a083eeb017a,delivered,2017-05-14 09:51:48,2017-05-15 10:42:57,2017-05-16 14:41:19,2017-06-23 10:32:58,2017-06-02 00:00:00
04e83658486074318f1a806c19265817,91fd140e38421fcc6f81f31e07d21275,delivered,2018-05-04 21:24:35,2018-05-04 21:35:14,2018-05-08 10:59:00,2018-05-11 16:51:59,2018-06-04 00:00:00
8261284307e7712ea0491f342df56d74,ac2c4cb05aafb79b46c1b5e7e951bf69,delivered,2017-11-20 11:27:28,2017-11-20 11:35:24,2017-11-21 18:59:34,2017-11-30 11:39:48,2017-12-12 00:00:00
0b7acd2a88da22f2cf5365bff495f1e6,57b50fca28ea8a0c5b2242e71e36e1f7,delivered,2018-03-07 19:36:19,2018-03-07 19:49:33,2018-03-08 19:07:41,2018-03-21 12:54:51,2018-03-23 00:00:00
9ed2c225dae392f79f0842d160072572,4aef40631e110fb4b8b98da55666faf0,delivered,2018-05-21 23:35:57,2018-05-23 02:38:28,2018-05-23 12:58:00,2018-06-08 17:12:10,2018-06-20 00:00:00
6a98e607278ee9f5ad38602191a60843,b3087d7feca1d902e69cc648e2ca2af2,delivered,2017-07-11 10:11:50,2017-07-11 10:23:41,2017-07-14 17:37:49,2017-08-09 19:51:51,2017-08-10 00:00:00
7f39ba4c9052be115350065d07583cac,d7fc82cbeafea77bd0a8fbbf6296e387,delivered,2017-10-18 08:16:34,2017-10-18 23:56:20,2017-10-20 14:29:01,2017-10-27 16:46:05,2017-11-09 00:00:00
1aa78d3a94e9d8054d63fd230c076bf6,07c7380ec99877459637515df52ee55a,delivered,2017-11-24 18:49:41,2017-11-24 22:14:11,2017-11-28 00:12:11,2017-11-29 17:09:17,2017-12-08 00:00:00
e66871adf6309bd5dfab0e92fc591487,8eab0f859d9f479c0b4f8838c63f3cf7,delivered,2018-01-17 11:59:12,2018-01-17 14:10:32,2018-01-24 18:52:54,2018-01-29 17:48:43,2018-02-14 00:00:00
25be22c7ea02446031d831e7b5dcd8b7,20c34b5bdcca9dc3e5d43d3953e02de0,delivered,2018-05-07 11:41:49,2018-05-07 18:10:02,2018-05-08 14:56:00,2018-05-11 15:22:47,2018-05-29 00:00:00
e2638c5bf9a25fab6628686b0ed83f9f,406a0bc4a37f2e94c87b90b6c2a9c921,delivered,2017-05-24 13:12:40,2017-05-26 02:35:28,2017-05-29 15:20:52,2017-06-06 13:29:14,2017-06-16 00:00:00
f086346ea98d5d90079f0d0503699d93,652e5ce9bc8a1abb65f37ddecb0f6919,delivered,2017-10-11 13:36:46,2017-10-11 13:49:27,2017-10-11 20:52:15,2017-10-13 20:09:31,2017-10-24 00:00:00
0c99132c4ff916416ba8f74c378f1cbc,476762b9609040c46aa4e7288716197d,delivered,2018-08-10 19:34:43,2018-08-10 19:45:22,2018-08-13 11:57:00,2018-08-17 14:38:53,2018-08-31 00:00:00
506537a590a8f111389ca1f2a4963847,57e761e5abb85226f648d44620795d9c,delivered,2017-03-08 15:42:23,2017-03-08 15:42:23,2017-03-09 15:29:47,2017-03-13 07:57:35,2017-04-03 00:00:00
5732c4d32ae81ea346107cb61aa2061b,a4a98a1e1a73eb104733646f6a473d8a,delivered,2018-03-04 21:52:46,2018-03-04 22:08:40,2018-03-05 20:25:28,2018-04-16 19:38:53,2018-03-22 00:00:00
e062101a12bfc5d6a96a98ed8282a567,6b1ba959402bb8fb18cff99159492645,delivered,2018-03-21 09:40:36,2018-03-22 03:08:59,2018-03-22 21:54:56,2018-03-28 21:57:43,2018-04-10 00:00:00
2eadaf71d4f29fd92a626c6a068ff74d,6927801c5cf0264f207efe237120977c,delivered,2018-03-08 17:11:03,2018-03-08 17:30:33,2018-03-09 20:06:35,2018-03-21 12:28:24,2018-03-27 00:00:00
f7bb51594cfc866efaf10953ccb34f85,5fc34b391c50e16a715f6628a74d63ca,delivered,2017-09-21 11:45:37,2017-09-21 12:07:17,2017-09-21 22:29:53,2017-10-04 19:56:56,2017-10-23 00:00:00
92dfa5f3acdce1071906427ba5ee3c4f,d4f8e1812fd0113f69f5144bb4e584c6,delivered,2018-03-06 17:35:16,2018-03-06 18:20:37,2018-03-07 20:51:52,2018-03-15 22:16:49,2018-03-22 00:00:00
1d7ee49ee66da430b533a85af951430c,3d6a8c4a66a5bcea0c3c4e4fab313d4a,delivered,2017-06-01 10:06:12,2017-06-01 10:22:38,2017-06-06 16:52:33,2017-06-08 10:47:58,2017-06-14 00:00:00
c301c2b97036e2e7ebfee92607c448db,fe05e29270a6cae8ffd5497ad214706f,delivered,2018-07-04 01:51:41,2018-07-05 16:34:39,2018-07-10 13:28:00,2018-07-11 16:56:32,2018-07-20 00:00:00
f11cba346b19c4f31b6b1e67ef5cfbda,ee4a6ef14acda8b8460451b84d71be19,delivered,2018-08-16 17:23:26,2018-08-16 17:35:20,2018-08-20 11:42:00,2018-08-21 17:39:31,2018-08-30 00:00:00
e54a8ab3ead9bbdf681b8e18273f2cde,e4322cbdee560cc80797f69526a6ca49,delivered,2017-09-13 15:31:16,2017-09-13 16:10:25,2017-09-14 21:35:58,2017-09-25 20:05:55,2017-09-28 00:00:00
5bdb1effd4c3c8074b27522b4f0f7af2,85ed9975a964046c663872ddddf775ee,delivered,2017-10-31 13:17:19,2017-10-31 13:35:24,2017-11-03 22:04:50,2017-11-17 18:38:22,2017-11-23 00:00:00
33c4ff80921c70a563083f3e317f7247,bdbf80547c6689634a5ce426374c9f72,unavailable,2017-12-18 18:34:30,2017-12-20 11:51:56,,,2018-01-16 00:00:00
98d93ed6312bbdb0b2d69a889938ed6a,1ebce23a0da37200264dbb568cac6396,delivered,2018-01-07 23:37:54,2018-01-07 23:47:19,2018-01-10 22:30:23,2018-01-24 14:39:26,2018-02-09 00:00:00
d1d889b705a1d015ae3040fe1cb24be7,d37a69de40751a15e695ac5b4d6d45d9,delivered,2018-07-04 09:47:46,2018-07-05 16:32:12,2018-07-06 10:31:00,2018-07-12 17:44:23,2018-08-02 00:00:00
987a7513457d44ffc8432ee81ea324a0,39f1e972486294ade1fafd1c21948ea1,delivered,2017-05-22 16:44:11,2017-05-22 16:55:21,2017-05-23 11:41:57,2017-05-29 14:30:02,2017-06-13 00:00:00
3c7bea0b3fdeab82f1c819c75c5da223,215dfa49922ab400d27f54cba7281a3b,delivered,2017-11-15 21:03:17,2017-11-17 04:06:45,2017-11-17 18:27:36,2017-12-27 21:04:37,2017-12-11 00:00:00
5b4877f25d0bb4b4a332dc22f773d001,8014596af5bc7c3890e0b5b25b87c04e,delivered,2017-09-08 21:42:16,2017-09-08 22:05:22,2017-09-11 11:17:00,2017-09-30 14:40:00,2017-10-02 00:00:00
21ccfd8ee777c40d2407604c5ddd2db1,d8ffafcca7e2d9ee5d8e7cbd7a2eb524,delivered,2017-02-06 17:56:25,2017-02-06 18:05:23,2017-02-08 11:07:43,2017-02-21 16:57:45,2017-03-03 00:00:00
06ef1c484cc535575da1724b5c6b913a,e7db9d2a47a9a2dc1c981f3520f053f4,delivered,2018-04-07 14:16:38,2018-04-07 14:30:13,2018-04-09 23:21:53,2018-05-14 22:19:20,2018-05-10 00:00:00
740f8abb6f201b7c667c76ec32c2a94b,22498777e8676fd97e50612eb6bfbc59,delivered,2018-07-28 18:16:37,2018-07-30 08:31:27,2018-07-30 12:08:00,2018-08-15 12:09:32,2018-09-14 00:00:00
3f0eeec2edc480e271fed817e2a9f6b6,1dca431885dd72251e23f8bfe57326a8,delivered,2017-09-02 18:27:36,2017-09-05 04:36:03,2017-09-09 13:42:38,2017-09-21 17:24:36,2017-09-29 00:00:00
ef26a1bd5203cf613f8150597210abdc,cf1e0f706ac278e11ae052f5399b2a86,delivered,2017-07-24 23:30:25,2017-07-24 23:45:06,2017-07-26 03:11:13,2017-08-01 19:47:46,2017-08-25 00:00:00
2942d87f97c462f2c402070d7e2c1882,1a6ae0c3bbfa4819e6d83bb7e1f95c58,delivered,2017-12-25 20:54:32,2017-12-25 21:08:40,2017-12-26 22:48:53,2018-01-04 13:52:15,2018-01-19 00:00:00
f7a1e468985217906faa7ad93b8a3f38,d4d6670e1258513bd852a41914b4f1f4,delivered,2017-12-04 12:59:29,2017-12-06 02:50:09,2017-12-07 23:53:08,2018-01-03 21:23:33,2018-01-09 00:00:00
51d837b72cf24883a9a18f061f382c2a,4fcb81008b393431f4da5ee341b186bf,delivered,2018-01-16 00:19:11,2018-01-16 00:30:45,2018-01-16 17:35:03,2018-01-17 20:14:55,2018-02-07 00:00:00
7471a79a069f8d195536e2c9c58d05ec,f22b3775609919bd63f913708763a621,delivered,2018-02-13 10:53:42,2018-02-13 11:07:02,2018-02-14 18:52:59,2018-02-21 20:58:51,2018-03-07 00:00:00
116530874770e0e5a96a09cedb2722ae,2115063f9a5484613a8092cc67ac8b71,delivered,2017-09-11 08:09:15,2017-09-12 04:26:15,2017-09-13 19:42:16,2017-09-19 13:22:35,2017-09-27 00:00:00
c10dd8d24a91d2ecbf09c578a5876125,0303094ff491b62a9ea6d2d1924f4535,delivered,2017-03-15 23:08:15,2017-03-15 23:08:15,2017-03-21 08:22:16,2017-03-24 16:57:30,2017-04-03 00:00:00
624cb9936b306450dbb6445fbadfb208,f2094fb8ea88f05bf92f84575b791ede,delivered,2017-06-09 19:19:11,2017-06-09 19:30:11,2017-06-13 12:43:46,2017-06-14 13:58:12,2017-06-23 00:00:00
49f70b872d93bbd22ed87d7fe40f4d17,4d7ff9463a63c3b93921c7e0de90ac58,delivered,2018-05-07 00:00:54,2018-05-07 15:13:32,2018-05-10 09:30:00,2018-05-15 17:45:34,2018-06-22 00:00:00
17b3d1031f921e564f12f09e7c4b25e0,866ef94597e7c918f4f3b8e0ea3af41c,delivered,2018-01-12 11:12:43,2018-01-13 02:09:12,2018-01-15 17:28:00,2018-01-22 21:58:52,2018-02-07 00:00:00
d8e243ce9c93a72de3d0edb7dfeae971,be5c3fff234a8543864b5247e4e226ad,delivered,2017-10-06 10:13:09,2017-10-06 10:28:19,2017-10-11 13:25:34,2017-10-18 20:34:25,2017-11-08 00:00:00
75b2d5bcaa2ff25faa70a904109d772a,d632083cdf2a28260b60285c2f1325f3,delivered,2017-05-30 15:45:37,2017-05-30 15:55:28,2017-06-01 12:52:17,2017-06-06 10:27:38,2017-06-22 00:00:00
d37f6eeb2d27fc449e65051940060719,10a61fa7ba3ccbaf8b3fc8e49f763ddf,delivered,2018-08-21 09:04:18,2018-08-21 09:15:21,2018-08-22 14:38:00,2018-08-23 21:32:14,2018-09-12 00:00:00
274cd784482aeed5533082fd271be663,f4aeffedf5df0d4eac1bddd754842776,delivered,2018-05-06 10:04:23,2018-05-06 10:15:18,2018-05-08 13:40:00,2018-05-14 17:08:42,2018-05-24 00:00:00
33797bbcfc4f22d40110f77692f83c78,6aab0c0683221c586fec4f82bd36edd8,delivered,2017-12-10 11:29:35,2017-12-10 11:36:28,2017-12-12 13:21:54,2018-02-15 16:45:33,2018-01-04 00:00:00
56e1c856e7ae477843836db62d4589b5,334fe8ebbb3e2b25b3aa48b431e6e890,delivered,2017-12-18 16:20:43,2017-12-18 17:32:44,2017-12-19 18:38:19,2017-12-26 20:55:07,2018-01-11 00:00:00
3e7abccf10d4c0df7c6923d7852657f2,6b9b119304bd30a72e528d9288127022,delivered,2017-07-24 16:16:18,2017-07-24 16:30:16,2017-07-25 13:21:44,2017-07-27 21:04:04,2017-08-04 00:00:00
e68bfcd131b9bc3883d94edef69ea9bc,9ed50d8deab882be4daad281cf37b602,delivered,2018-05-04 15:54:55,2018-05-04 16:13:33,2018-05-14 15:49:00,2018-05-23 15:32:40,2018-06-04 00:00:00
dc8f41882abf80287b353021f92f9892,4cf07d342b8b351f1203c36146dd792f,delivered,2017-11-17 13:13:24,2017-11-17 13:50:36,2017-11-17 20:54:38,2017-11-28 19:49:21,2017-12-11 00:00:00
47892e2502f689c00844f192c73a4d0d,d332b2c8f76002bd5b5f7a0aa166fc25,delivered,2018-01-03 17:24:21,2018-01-04 09:03:34,2018-01-09 17:44:37,2018-02-07 21:04:49,2018-02-05 00:00:00
7e96e25e50e633b64d640a69f6084dbe,111e0d71d0351fbdac5b47d607747bec,delivered,2018-07-31 08:37:12,2018-08-01 03:32:21,2018-08-01 11:19:00,2018-08-06 14:18:29,2018-08-14 00:00:00
35333dab609becd7a174fdb6537ef2e6,e6ecc454173ea784b7b4e80c55c8f20d,delivered,2017-09-28 15:14:22,2017-09-29 02:15:05,2017-10-05 21:19:00,2017-10-07 16:23:35,2017-10-16 00:00:00
550c5a737f2d08a5e934958da8fb29bb,e5c572f3eee5a867a24d9e70b1f45c05,delivered,2018-01-17 22:28:59,2018-01-17 22:50:09,2018-01-19 00:05:23,2018-01-26 22:59:05,2018-02-09 00:00:00
fbdb43f2551a3acd3d9ac5e2ddf92080,40224de178a0923de5998a578a19766c,delivered,2018-08-16 14:09:10,2018-08-17 14:35:20,2018-08-20 07:53:00,2018-08-23 18:07:22,2018-09-11 00:00:00
32f388f8cf046166d6cce5d0980f051d,99f9444e4b8a3b3066762a7868f78a7a,delivered,2018-02-20 18:47:21,2018-02-20 19:00:35,2018-02-21 21:06:33,2018-03-01 15:05:02,2018-03-06 00:00:00
01428962dce3b65e5433eaeb16c0f48f,62a31d294c310db1ce08d21a575c4144,delivered,2017-07-13 14:39:29,2017-07-14 02:24:20,2017-07-21 17:39:57,2017-07-31 18:25:47,2017-08-14 00:00:00
a7d0f5630dc1881470f6308869e95893,6f723cbc091991a59eab4988e7ae5abf,delivered,2017-09-15 09:00:06,2017-09-15 09:15:14,2017-09-15 19:51:26,2017-09-18 20:53:55,2017-09-27 00:00:00
6ae75e4f34fa57a45c1e2e45e8b92042,82a23b4d5c1fc6b2d2ecb1bf9b8a8a0a,delivered,2018-01-31 16:14:07,2018-02-01 03:11:37,2018-02-01 20:59:30,2018-02-08 16:16:22,2018-02-26 00:00:00
bf32f1e78a79a95adafb71c5c8af47dc,29327856bac6f048fa117113f9270b92,delivered,2017-08-08 21:39:32,2017-08-08 21:55:11,2017-08-09 13:16:43,2017-08-14 17:18:58,2017-08-28 00:00:00
6e35ff13275ac852d4ba9a446ae8cf1b,9c1c0a68a8d06da679bbf91989b635a6,delivered,2018-02-04 15:11:52,2018-02-04 15:30:19,2018-02-06 21:41:58,2018-03-03 19:22:58,2018-03-06 00:00:00
a1c2c61b9bc1876019b2b74b3a84f26e,ae25265cf319f68008560dda699284a1,delivered,2018-02-17 12:09:24,2018-02-17 12:26:48,2018-02-19 20:19:21,2018-02-28 14:29:13,2018-03-14 00:00:00
14ccc60c0ec2c92f5d40eec2ac2a94a0,da9c6feb0cae99a53c42fa919bd22c4c,delivered,2018-02-08 10:22:25,2018-02-09 10:26:31,2018-02-16 19:56:51,2018-02-28 23:17:43,2018-03-13 00:00:00
566ab1cf4172eda03dd94f7f6c531287,f679fbd06b9e6e0386c1755b740a8311,delivered,2017-11-25 11:37:51,2017-11-25 11:51:42,2017-11-30 15:52:16,2017-12-21 21:06:48,2017-12-26 00:00:00
4a5106153eb1387d4a830fd751deabdb,bb40f13fbd0503aeba9718ecd0cbf932,delivered,2018-05-21 09:19:37,2018-05-21 09:36:59,2018-05-22 13:29:00,2018-06-06 19:51:53,2018-06-20 00:00:00
ed9a73914b6e0fca8d1b8939f2c41879,1f19186e80a1db14a79e2acf2f21fab2,delivered,2017-03-24 09:20:29,2017-03-24 09:30:20,2017-03-24 11:58:54,2017-06-02 16:43:53,2017-04-19 00:00:00
3055dd1084ebe409c8af9a050ab806bb,5a5128b9d1c98fdf27be2116cf7a5066,delivered,2018-04-12 13:35:58,2018-04-13 13:14:10,2018-04-13 23:08:43,2018-04-20 21:20:59,2018-05-08 00:00:00
a62e5e820da4b79811ca945d941fff8b,3a53fe43a64c4cb6a29c66e54185182e,delivered,2018-05-02 21:13:29,2018-05-04 03:31:48,2018-05-04 14:36:00,2018-05-05 19:03:53,2018-05-16 00:00:00
885ba9cdf223d8e0f8979f8d2d6c36a5,c0aa8b308e76dfc4f1c5cda1416abc3c,delivered,2018-06-11 14:43:45,2018-06-11 16:31:49,2018-06-12 07:12:00,2018-06-16 01:03:30,2018-07-12 00:00:00
cb589c751e6f002a96214f3a5c9284d4,fa30f98de295c17c75abaafea5409189,delivered,2017-07-26 19:49:35,2017-07-27 09:55:29,2017-07-28 18:33:39,2017-07-30 12:23:36,2017-08-11 00:00:00
af7d0849149bec7653f157d2a28d1f6d,50f88b1c1d1f4fec543bea69952deef2,delivered,2017-09-21 20:33:31,2017-09-21 20:44:18,2017-09-25 20:13:33,2017-10-04 19:11:38,2017-10-18 00:00:00
dd292af3ab66211a8d6e0e7a1ca5b03e,565d4d13c6d336f46342a14f1ff9d122,delivered,2018-03-29 16:35:17,2018-04-03 05:48:42,2018-04-04 21:36:43,2018-04-09 20:03:14,2018-04-25 00:00:00
b38a18864273f006f829e388b0be1458,cb563e8a2ff495ba238b6263ea30bb32,delivered,2017-10-05 21:27:53,2017-10-05 21:44:12,2017-10-06 19:26:59,2017-10-23 23:28:44,2017-11-06 00:00:00
20a97330a091c74984f7cd0018cd15e4,b089354f0f89724bf95156691d4c28dc,delivered,2018-06-11 09:23:51,2018-06-11 09:38:10,2018-06-11 14:12:00,2018-06-12 18:32:02,2018-06-20 00:00:00
407cc9b2c7575dbff71cb23b6cc26814,d718bbc92e7bf1c4864ca7c8538831d1,delivered,2018-06-16 13:27:15,2018-06-16 13:59:28,2018-06-20 12:21:00,2018-06-26 16:54:43,2018-07-16 00:00:00
0794929f95ad2d3371bf525e22a2603f,b846152f6ca2bc8c18c46c3247c33426,delivered,2017-11-06 12:28:08,2017-11-08 03:30:56,2017-11-11 13:42:42,2017-11-21 22:55:49,2017-12-04 00:00:00
48fbeebc9d59b8f5b8c06d87af9626f2,20fed89d4e154ab11be0d7dc8550a980,delivered,2018-06-14 17:32:44,2018-06-14 17:58:02,2018-06-15 10:29:00,2018-06-19 17:26:34,2018-06-26 00:00:00
24afc354365baea8f460c85b4d78b9e4,3d8e1f7bcc45c0bb5538cfaa0d1a1437,delivered,2017-07-29 14:18:22,2017-07-29 14:35:12,2017-07-31 20:07:50,2017-08-07 16:23:17,2017-08-22 00:00:00
9e26e5f7edbbcd4d5bd3b19c4b20437c,4c4b7d79d6d887802ca1a79519b1e1c8,delivered,2018-07-18 00:45:11,2018-07-18 01:01:34,2018-07-18 10:10:00,2018-07-24 22:26:46,2018-08-01 00:00:00
c9aca7a39b1655e0d52070203567e664,85cea0ddc5af1b23c05bf395e22eca9e,delivered,2017-11-08 13:24:57,2017-11-09 04:31:09,2017-11-09 18:51:40,2017-11-10 16:21:47,2017-12-04 00:00:00
ea28640cffa87eb4e40d8c864fb46aae,b5f1ba3e1e06b34bc5e7ad608a7e3b3c,delivered,2017-11-13 15:32:54,2017-11-15 02:36:15,2017-11-17 17:02:50,2017-11-23 18:52:08,2017-12-01 00:00:00
fc3c882665c98c9b737a7b1b3aa6c553,01866d949d55c81c28d255114948b72b,canceled,2018-04-17 18:41:50,2018-04-17 18:55:18,,,2018-05-04 00:00:00
ae33ac637d8999d976657ff3ab5c106a,c4a84cf3df4df3a4ca3f7d8856169ba8,delivered,2018-02-14 12:38:50,2018-02-14 12:50:27,2018-02-15 16:08:22,2018-02-22 20:28:56,2018-03-08 00:00:00
1bcc358683121573025279427dacc764,d07978b1573df93b66cb82101ef3a549,delivered,2018-06-06 19:46:00,2018-06-07 19:55:40,2018-06-08 12:38:00,2018-06-16 16:41:45,2018-07-13 00:00:00
d9b4c8cac94d984efe16ca1492bf3457,3bd33a92c58e8e1d7f9ddd8aed1e134f,delivered,2017-06-20 16:12:48,2017-06-21 02:26:05,2017-06-22 10:17:58,2017-06-27 16:51:50,2017-07-12 00:00:00
e03758edc76b636006eb8f5bd648ca90,1853bf4644f7a9f18bfcb54291c3cad3,delivered,2017-06-06 21:31:50,2017-06-06 21:45:16,2017-06-09 11:50:00,2017-06-19 15:52:06,2017-07-05 00:00:00
94efce41dfeea273248d6b60b98fdf71,6f3e4042f915df9060f9ba95bc9b35cb,delivered,2017-07-21 20:13:36,2017-07-21 20:25:20,2017-07-24 18:09:49,2017-07-25 22:14:51,2017-08-10 00:00:00
2961944c535cdf9a35710b3296931c78,8685c9c67e2d5eae365bea2f7855a1e8,delivered,2017-09-02 22:27:41,2017-09-05 04:44:27,2017-09-06 18:41:25,2017-09-16 14:51:11,2017-10-13 00:00:00
01b538a0b1a9eeecdfbc03223190e4bf,65c6da734e03f00a02315762773f9e5a,delivered,2018-03-01 22:34:37,2018-03-01 23:31:13,2018-03-02 18:34:17,2018-03-12 22:34:48,2018-03-20 00:00:00
2d58fd72f5132f237b78fe897e578603,0b85fe0f29638fecccbd53288d8cf0f7,delivered,2017-08-04 11:00:09,2017-08-04 12:00:22,2017-08-07 21:33:40,2017-08-11 22:58:00,2017-08-29 00:00:00
b37375a82d682e5d59381c0e7c86a719,b0de895a93ecc49af345a084a9068b15,delivered,2018-02-23 09:03:06,2018-02-23 09:15:33,2018-02-27 01:49:00,2018-03-20 17:54:36,2018-03-28 00:00:00
3fb11bd2ea68c2502505db7590a9967e,cea51c6d1ace915c653856b93b4812cf,delivered,2017-12-02 13:04:02,2017-12-02 13:11:22,2017-12-04 16:51:36,2017-12-11 18:52:04,2017-12-27 00:00:00
d9164ce0fa1f133d586e4373c8571614,c3d91bb352bcaec67b7d2fdb1e2cf98a,delivered,2018-02-14 16:48:07,2018-02-14 17:08:15,2018-02-16 16:09:27,2018-02-26 22:05:01,2018-03-12 00:00:00
408fbff46d0cdb99d7aa42898519ba13,3771d0deabc4e42e587e579072da89fc,delivered,2018-04-10 19:22:08,2018-04-10 19:31:04,2018-04-12 20:38:33,2018-05-09 20:42:45,2018-05-11 00:00:00
39e4c3a989ee082695448d50fd840a2c,2a630b816f54a5bdfa3b922779745556,delivered,2018-01-26 00:28:34,2018-01-26 00:57:40,2018-01-29 12:33:13,2018-02-07 20:38:44,2018-02-22 00:00:00
ba7da6649755130f12897371beb31272,3eae46e74d4780110d20fae4a9194b9d,delivered,2018-08-21 12:45:51,2018-08-21 13:10:45,2018-08-22 12:47:00,2018-08-28 18:18:43,2018-09-17 00:00:00
9372c16a75d7ff9110358389ccaa0566,4d746d8722cb2f5a747240f9be720be3,delivered,2018-03-02 21:57:46,2018-03-02 22:10:26,2018-03-06 20:54:47,2018-03-28 20:27:42,2018-03-26 00:00:00
2a2167222a256c1843f07d9d06fd92e6,e02357005a0c25c4b79537f0fabd64e4,delivered,2017-05-05 18:20:43,2017-05-05 18:30:26,2017-05-09 09:29:04,2017-05-22 13:48:45,2017-06-07 00:00:00
b7b1f2843edf05e98877ad7a739b2da1,778504bce13eb4db7d25932bb0eabba9,delivered,2018-07-19 12:01:25,2018-07-20 05:03:23,2018-07-24 14:40:00,2018-07-28 21:05:44,2018-08-06 00:00:00
5352e5739f5e5d0fb4d12c4fd4ca8bf5,1e733c62f6bcd8f7a6308bf03149bf2f,delivered,2017-05-07 19:16:16,2017-05-07 19:30:20,2017-05-10 04:13:39,2017-05-12 12:04:11,2017-05-19 00:00:00
6c92e2d397693207d989d46464700492,d5105465636298d11defc066483d9cf3,delivered,2017-11-10 11:32:33,2017-11-10 11:47:36,2017-11-17 12:29:01,2017-11-29 22:09:23,2017-12-12 00:00:00
30da2d10bb9d14beedcc9996252deef8,59ee24b5b511f511967f7ba312f72555,delivered,2017-04-06 13:45:55,2017-04-06 14:02:59,2017-04-07 13:15:18,2017-04-18 16:48:21,2017-05-02 00:00:00
caf12c43defcd1c679e73f2398192965,f23784c27d0cc3a0067680936968951a,canceled,2018-07-02 17:00:50,2018-07-02 17:11:14,,,2018-07-27 00:00:00
1175d97a3d270dddf3146abe7f5e4934,1c60caa82a933780279e85c4b7846bc0,delivered,2018-08-20 08:11:26,2018-08-20 14:15:32,2018-08-21 15:11:00,2018-08-27 16:42:40,2018-09-14 00:00:00
761d1ebbd0e356d78eb6a1a50cb16662,5f6b16b2dae42bcbceb3f79dac11c611,delivered,2017-08-21 21:42:43,2017-08-21 22:06:07,2017-08-23 18:35:45,2017-08-29 17:18:01,2017-09-13 00:00:00
e83d0b32f94299783d4e8b9a1fdb6e38,9dc3bd35fb5a7f3d531398019e0344a7,delivered,2018-01-11 20:06:11,2018-01-11 20:15:49,2018-01-12 21:03:05,2018-01-23 19:29:05,2018-02-15 00:00:00
d69bbac5aea344d3802887ca05fbf283,66437cffe176b78dac1e98ec39e1a7ae,delivered,2018-02-12 02:37:11,2018-02-12 02:48:51,2018-02-14 19:52:35,2018-02-19 20:23:29,2018-03-06 00:00:00
416e55ae80dadfd48f380ae3b1b1dc83,0855291cdc70f901cb28df5cb677b0d1,delivered,2018-07-20 16:21:19,2018-07-20 16:35:17,2018-07-23 09:53:00,2018-07-25 22:21:31,2018-08-03 00:00:00
8ef4bed1022c0f48012b556559e43f06,6e9599527f2b3b47677de6623b1cd0e9,delivered,2018-04-05 18:13:07,2018-04-05 18:27:41,2018-04-07 01:16:40,2018-04-13 18:42:06,2018-04-30 00:00:00
b9e84c5345afe0d23623324665a6df5c,cfbc12247b1b918d42a5f0f1094a86b9,delivered,2018-08-14 19:53:10,2018-08-14 20:05:49,2018-08-16 16:21:00,2018-08-21 12:35:40,2018-09-11 00:00:00
ad2891e57d3697aab5379b457214511a,fbf502ace030c7721fa678317d2567a0,delivered,2018-08-12 13:36:59,2018-08-12 13:50:13,2018-08-14 14:24:00,2018-08-27 23:43:48,2018-09-06 00:00:00
25df55b3cb298807a64158bf3b4d26d1,0e747b71e41262f6648648e1f7799d80,delivered,2017-08-29 00:45:28,2017-08-30 09:50:16,2017-08-30 16:00:07,2017-09-01 19:12:31,2017-09-11 00:00:00
308389e2d91267e2713b8e3ae5a52f0e,b19e123e70a2fd33a077217a1b4db0d5,invoiced,2018-03-15 18:37:12,2018-03-17 03:09:00,,,2018-04-03 00:00:00
0e43d3e03f2ae293fc9e34a0ef9a24eb,960602e1849da56262bfe48c2c8bba5c,delivered,2018-01-21 18:53:21,2018-01-22 13:57:12,2018-01-27 00:13:52,2018-02-02 01:09:15,2018-02-19 00:00:00
0a31cb63d4483ffbef1d5503752a0b5d,d9e90748b0092bb0f5417edccf34783b,delivered,2017-07-18 13:44:30,2017-07-18 13:55:18,2017-07-19 19:22:51,2017-07-25 19:43:37,2017-08-09 00:00:00
afba2edab5bba30a0bfcb7fd9ba3d017,14bfea91b8c15d200b1eaf45add92e3f,delivered,2018-08-12 22:43:58,2018-08-12 22:55:17,2018-08-14 15:29:00,2018-08-17 22:33:52,2018-08-17 00:00:00
ba566f2aa895f419305a7688c55495e5,0f36f31f1f476b1e242d3f739cc63137,delivered,2018-04-14 20:18:00,2018-04-14 20:32:29,2018-04-16 18:15:38,2018-04-25 17:12:07,2018-05-14 00:00:00
5917ce1efc6236fc7a96079d1f91a966,25713e9975537f7d2be3aa73911d73fd,delivered,2017-02-15 11:20:36,2017-02-15 11:32:19,2017-02-16 11:13:52,2017-02-22 19:22:42,2017-03-16 00:00:00
082c30f193b1a499078fafbfa3a2d6a7,1b9b09dd0c719b512590f46d37e8cc97,delivered,2017-11-13 20:10:29,2017-11-13 20:27:42,2017-11-16 16:28:41,2017-11-27 17:25:10,2017-12-14 00:00:00
e4dffee41f8592aed45c0e12c872a731,de0fa5b9e4ce52eaad23baf90de3a6d8,delivered,2017-04-09 19:14:16,2017-04-09 19:25:12,2017-04-13 09:15:07,2017-04-26 10:00:00,2017-05-12 00:00:00
e47ac2609ce0ccd8dab33391118792fb,30a9fd4c676d1e0be5cf675eb6017c10,delivered,2018-07-12 18:57:13,2018-07-12 19:24:00,2018-07-13 14:12:00,2018-07-24 17:40:57,2018-08-06 00:00:00
1d450eeb8b913996d213b6e22127ef22,7e82da75efa9f715cded0aa152158866,delivered,2018-03-28 22:18:04,2018-03-28 22:30:17,2018-03-29 21:27:24,2018-05-02 14:58:50,2018-04-18 00:00:00
88096595631e8d26b658306256e3ce34,29a48e3e901b5187dae9af8a5563c795,delivered,2018-01-05 16:35:15,2018-01-05 16:48:00,2018-01-08 19:45:07,2018-02-19 22:54:48,2018-02-06 00:00:00
ef394b6ac2a7a089f6142d4449472073,925063180f27eade14d5e059b9d4fe51,delivered,2017-07-04 00:03:44,2017-07-04 00:15:09,2017-07-13 13:40:01,2017-07-27 16:08:06,2017-08-02 00:00:00
c9abb9f3b4b71b87bfbc5645a02cf8cc,72430ca7638959110ed1dcc035402546,delivered,2018-04-16 17:14:02,2018-04-16 18:33:55,2018-04-17 12:51:09,2018-04-23 19:26:30,2018-05-09 00:00:00
a6a6e64c59007f13ea3aa60bdae83200,72e3d271900aad9fa041dba9e8df3285,delivered,2018-02-14 13:45:59,2018-02-14 13:55:36,2018-02-17 02:17:25,2018-03-02 01:09:10,2018-03-16 00:00:00
814449e266f5cbff53f6e336abd1dd5a,2374bb1234352ce588b83dc14b59ea5f,delivered,2017-09-15 13:40:46,2017-09-15 13:50:23,2017-09-15 19:55:09,2017-09-25 21:25:56,2017-10-18 00:00:00
844d901d8e848347a55c93cd4da2aa87,6762ef4cebf4a42904f6b163bdbbf351,delivered,2018-02-02 08:10:14,2018-02-06 05:31:52,2018-02-06 20:29:42,2018-02-16 14:23:54,2018-03-05 00:00:00
ec65679b4c5a964591180c6066177c5d,894ce1f963ccd5807bc43fb0e71fa892,delivered,2018-06-05 12:36:46,2018-06-05 14:31:39,2018-06-06 12:42:00,2018-06-09 16:12:56,2018-07-19 00:00:00
191a21c0a0934fdb7dcd56c6b28a8682,c99a11e718aec7c3a6136757b0467d3e,delivered,2018-08-07 23:19:57,2018-08-07 23:35:13,2018-08-13 15:04:00,2018-08-14 20:11:03,2018-08-17 00:00:00
3ae04700e729d283cfd0b9d1f9fdfec6,a67b88b996ddde574b43e59664dd61e6,delivered,2017-02-25 21:39:28,2017-02-25 21:50:15,2017-03-02 14:23:00,2017-03-10 16:11:56,2017-03-22 00:00:00
1c4fa73d581e562be4c787e9d82259cf,9af7f9599ce4b639c91c54948cd60354,delivered,2018-01-15 15:09:33,2018-01-15 15:18:25,2018-01-17 20:22:02,2018-01-24 20:56:36,2018-02-08 00:00:00
df499c63856f6f9152046828360192e7,bb088856ff6011b4654a83d2d41fd7af,delivered,2017-08-17 11:52:07,2017-08-17 12:04:57,2017-08-23 20:51:32,2017-09-06 08:43:24,2017-09-28 00:00:00
f01febc4e81a79e1db53bb8bd0be50bc,590dec4844bc876c38239f2b9d931527,delivered,2017-09-12 22:07:08,2017-09-12 22:24:29,2017-09-13 21:35:09,2017-09-18 17:12:58,2017-10-03 00:00:00
51eaae3287e04efba45a51f52098fc88,5d1bbf55dbbe7811fc7d591f636263b9,delivered,2018-04-19 20:24:08,2018-04-19 20:35:21,2018-04-24 21:48:58,2018-04-26 21:41:33,2018-05-07 00:00:00
01d0cbd002be92b5a970cb8f233349c2,034c3cb26461c58520139e4efb33ed90,delivered,2017-07-21 14:33:49,2017-07-21 14:50:15,2017-07-25 14:33:26,2017-08-11 19:22:45,2017-08-18 00:00:00
308d6f3a55688463299b7763b12bfbae,9bec838708c4366cb25ef6bd4fca0c06,delivered,2017-10-09 10:48:04,2017-10-10 03:35:22,2017-10-16 22:07:36,2017-10-17 22:14:41,2017-10-31 00:00:00
2dd6562d54546b910b4177b0c2dc447a,76bd337bddd4ba5190040498066749f8,delivered,2017-02-23 16:38:13,2017-02-23 16:50:21,2017-03-01 07:07:04,2017-03-19 06:42:06,2017-03-21 00:00:00
9f860e3990666fdf70352305861a678d,b96da6f69dffa13090a94cf87fb193b9,delivered,2018-05-03 11:20:56,2018-05-04 03:51:59,2018-05-04 14:14:00,2018-05-12 15:24:36,2018-06-05 00:00:00
af16d017fa8ed6ce6e28eebc8db83ad1,658199afa1f8cb62f0d98216d3e20bd4,delivered,2017-12-28 16:50:15,2017-12-28 17:07:31,2018-01-02 14:10:20,2018-01-09 18:15:34,2018-02-01 00:00:00
274b74ab9a2f1b057969351bc8e6b9e9,e239226c9cf95ea632088e498f9ab858,delivered,2018-07-19 21:06:47,2018-07-20 21:03:49,2018-07-23 10:43:00,2018-07-28 18:24:45,2018-08-09 00:00:00
8a0ecc540156c0f21f25d7bfd4e95dbe,fb3aeabb381ddb0b8688ced4bd8d3d3e,delivered,2018-01-23 14:09:13,2018-01-23 14:17:20,2018-01-25 19:14:45,2018-02-02 01:21:49,2018-02-23 00:00:00
157ea8293c9bb4a4fbdc68be5e4ac5dd,a05665ebdbef752ab0584df83dfb1ce0,delivered,2018-06-22 22:28:48,2018-06-22 22:37:39,2018-06-26 10:51:00,2018-06-28 22:35:33,2018-07-12 00:00:00
acf3ac1c437e8674370762c5a482b978,6e49bb1c98e6dc8e904a19cca2a4b17d,delivered,2018-05-24 11:46:31,2018-05-24 12:18:57,2018-05-25 15:04:00,2018-06-08 15:07:36,2018-06-19 00:00:00
d949d4dcea6ae27ff040b9f9f40fac7a,a5fffbfacb602fddf7d992fa9cb5744e,delivered,2018-06-25 15:45:50,2018-06-27 08:29:50,2018-06-27 11:28:00,2018-07-06 16:28:38,2018-07-16 00:00:00
5985847295d7e0472fe475cbc0672ee7,d0cb76d6901788b3f9e893e7a7e93d76,delivered,2018-07-18 00:27:12,2018-07-19 00:25:24,2018-07-19 11:35:00,2018-08-07 11:24:52,2018-08-09 00:00:00
27b286dd0016893043cae6da2f07a2a5,f59df61ab130998cafd5d0b592eaa6e4,delivered,2018-02-13 10:09:39,2018-02-15 03:47:56,2018-02-22 20:45:10,2018-02-26 20:16:48,2018-03-07 00:00:00
43542fbe2e7b735e5db10cb3588d63d0,74f7b46796447b5cb19383e169b4a9eb,delivered,2017-10-23 19:51:07,2017-10-24 03:28:35,2017-10-25 17:34:10,2017-11-07 18:02:34,2017-11-13 00:00:00
771fc969d198bd5102b42e8d8db12364,c78bc72d6f37cf261d7a381fda4bcc82,delivered,2017-11-12 09:22:43,2017-11-12 09:35:28,2017-11-14 21:39:11,2017-11-24 18:11:40,2017-12-12 00:00:00
6e269660f01d35b9a19cc6221711347d,325821eaf351939223d500b01e4f2c17,delivered,2017-06-05 00:32:17,2017-06-06 13:43:00,2017-06-07 14:57:14,2017-06-28 12:06:34,2017-06-28 00:00:00
9b6105fa4cb14f57b7a7581fc23327a2,96cf72e1ce19ef63a9c2c526203a871c,delivered,2018-02-06 09:36:54,2018-02-06 09:50:23,2018-02-21 02:52:19,2018-03-02 00:05:58,2018-03-07 00:00:00
181d88a6f744e030ca70a35438735cb5,76531560103bd5c550f98bf6fc1c0b18,delivered,2018-05-09 10:03:59,2018-05-10 04:16:36,2018-05-10 14:30:00,2018-05-11 21:58:49,2018-05-18 00:00:00
4b481f7303c6e3e12e9a4b3a8725f998,1c2308f26801ef199d9834d41830bde1,delivered,2018-04-25 17:02:52,2018-04-25 17:33:11,2018-04-27 15:54:00,2018-04-30 14:48:34,2018-05-10 00:00:00
e117f2d33b09b76b46edadbd2ca908a7,df97921197ef7add5cf3d5059b7f1160,delivered,2018-02-18 19:21:35,2018-02-18 20:27:07,2018-02-20 19:33:33,2018-03-24 16:21:15,2018-03-09 00:00:00
e5b5f83f4369c413d3bccdd0a5a7fa01,89e0fb5231643d64e8088aa09207df9a,delivered,2018-06-04 08:10:32,2018-06-04 08:30:56,2018-06-04 12:05:00,2018-06-08 17:22:02,2018-07-25 00:00:00
c0ed812b599ef187f8d89f8723dda7e8,0531af5b48d3d60dbd7e5c7f5e754750,delivered,2018-01-04 14:42:04,2018-01-04 14:49:23,2018-01-05 16:08:39,2018-01-10 18:24:00,2018-01-29 00:00:00
e1d90e4b5616214b451c589d55a6914c,3d5be0e69a3f7bf64a6cce753cd74a3d,delivered,2017-09-16 17:56:07,2017-09-16 18:06:24,2017-09-21 17:17:54,2017-10-03 21:35:47,2017-10-13 00:00:00
dd445195b0424460abe3fe3bf4497228,07cb625d1689d0583fc1d853bb4b58b5,delivered,2018-04-15 11:22:19,2018-04-17 06:11:37,2018-04-18 21:59:26,2018-05-23 18:05:29,2018-05-11 00:00:00
7af03c34c1e76949fb7ff650df82d101,6cef447cc527164f978d50584d6827e5,delivered,2017-12-05 15:11:03,2017-12-05 15:31:15,2017-12-11 19:57:26,2018-01-05 00:33:25,2018-01-08 00:00:00
4c14d29f32297333491d1cf6895acb68,ac19d9133bc8251690ad1c1d03ca85be,delivered,2018-05-13 15:17:57,2018-05-13 15:33:24,2018-05-16 08:13:00,2018-05-27 13:46:27,2018-06-04 00:00:00
c417c63bbe2c89c232d187e7bb1aaf9b,0c1faf0b5e24b7a0c450332dba9a9324,delivered,2018-08-16 15:59:15,2018-08-16 16:10:27,2018-08-17 10:37:00,2018-08-23 16:37:52,2018-09-14 00:00:00
1b151132de254c39a49f595684c80b41,749d30cbf1b9bd281f3a8be978f6b8a8,delivered,2017-10-26 18:51:09,2017-10-26 19:07:09,2017-10-27 20:40:12,2017-11-14 00:54:36,2017-11-30 00:00:00
5add1b45cd9bc70f43535f349cfed8ce,c0a731ad99c2f4bf26d8c018ce90cca8,delivered,2018-08-15 15:01:55,2018-08-16 15:04:23,2018-08-17 14:54:00,2018-08-23 21:52:05,2018-08-22 00:00:00
dc0b827df3db237adaa4fb6c4a770096,4b6e5308034f677e7b503aaa30ca7726,delivered,2017-10-04 13:30:24,2017-10-04 13:49:08,2017-10-05 19:41:13,2017-10-10 14:42:45,2017-10-23 00:00:00
03e69d6af27047bf2721b317c321356e,179f0e4fe07ba87fe5291970261c42bb,delivered,2018-03-02 08:27:04,2018-03-02 09:30:33,2018-03-03 00:06:32,2018-03-19 19:04:25,2018-04-04 00:00:00
d5019697adae49bc605b362a5647971a,735c67b1628759cb859e50fc525aa175,delivered,2018-06-21 16:03:01,2018-06-22 02:37:10,2018-06-22 13:47:00,2018-06-27 14:45:24,2018-07-27 00:00:00
58c10b9936eee35a71e3c48a423f2ec2,eab1c61ab54fb656da04dfdeed580682,delivered,2017-04-10 23:32:40,2017-04-11 14:10:12,2017-04-12 16:34:23,2017-04-18 13:08:08,2017-05-16 00:00:00
b630c986ea5c14749196132407a05589,81e881760435735cbc7c5c9861d70b27,delivered,2018-06-28 00:14:31,2018-06-29 02:53:17,2018-06-29 14:24:00,2018-07-04 02:12:43,2018-07-25 00:00:00
0baf7baccd1d8c755bfb78c96a2bbc62,765916936db218a902d068127e62e913,delivered,2017-06-20 11:25:41,2017-06-20 11:35:34,2017-06-21 09:58:14,2017-06-29 15:09:17,2017-07-10 00:00:00
c1b6e4f2ff6555773a6764c3a3286101,77c56cf8646cc6b1911f5a3108e8d468,delivered,2017-08-16 19:14:45,2017-08-16 20:30:22,2017-08-18 18:49:31,2017-08-23 18:29:02,2017-09-05 00:00:00
acf135e0b39f84ba17db4d8ea2a42e7a,f3db44b13ff035a25a500e7081e200d1,delivered,2017-04-26 10:52:56,2017-04-26 11:05:10,2017-04-27 14:43:25,2017-05-02 17:11:17,2017-05-15 00:00:00
d0d0cd214412eb2dc2680e88b0767ca9,128705e3c217c73be91eb0572874cb4c,delivered,2018-03-16 00:36:48,2018-03-17 02:40:31,2018-03-20 22:38:47,2018-03-22 15:08:38,2018-03-28 00:00:00
5f414388ee0de89c464f962cc46f4696,3943406d45d8c9bf7ee11a4cec5c9102,delivered,2017-06-04 13:12:02,2017-06-04 13:25:15,2017-06-06 15:12:28,2017-06-13 14:04:35,2017-06-26 00:00:00
eb69b189eff3d0b2c623ced020983c03,9efff1d49eae459a6c8a2082410f7c4b,delivered,2018-04-15 20:10:23,2018-04-15 20:30:47,2018-04-17 21:58:49,2018-05-06 20:21:44,2018-05-11 00:00:00
1aecadf4362edaca7fa033e882076c8d,e81a9f176936e3124dfd90c483bf3289,canceled,2016-10-04 10:05:45,2016-10-04 10:26:40,,,2016-11-24 00:00:00
c0c3e3561d570a706345bbd04b42de8e,297adadb07031a1f609eb3459eab01f0,delivered,2017-08-31 12:48:08,2017-09-01 02:25:33,2017-09-04 13:14:55,2017-09-06 14:26:07,2017-09-22 00:00:00
4ecdafc07882d357b5607a05e3a1a46f,e25c30386baad502153f382e3f8fd9de,delivered,2017-07-29 11:53:18,2017-07-29 12:05:31,2017-07-31 20:07:48,2017-08-04 19:24:53,2017-08-22 00:00:00
0d5d3777270af3ab88e1ad0e74c57e52,d445b9c894d13feec15913b63b8f802f,delivered,2018-08-07 13:05:13,2018-08-07 13:15:22,2018-08-13 14:45:00,2018-08-17 13:32:38,2018-08-27 00:00:00
373ed2d4d423781420b5755892ef90ff,b232b39a0548879364ceff434d6c3a35,delivered,2018-05-12 13:28:41,2018-05-12 13:54:38,2018-05-15 15:39:00,2018-05-19 00:12:06,2018-06-13 00:00:00
d3e20e12dd625bc8aa36a78636912b0f,cb3724d7cb7db46b65cfd1e7c16c0df5,delivered,2017-07-28 16:22:00,2017-07-29 16:43:32,2017-08-01 17:13:28,2017-08-10 20:11:41,2017-08-29 00:00:00
175a79065991e40569812e90232dc38d,092b4a3968d596ad4eeb10b217b87cde,delivered,2018-08-08 09:49:45,2018-08-08 10:05:04,2018-08-09 12:20:00,2018-08-16 18:40:58,2018-08-31 00:00:00
dd6bfd7035613ad5676e72a428b38ba6,a3cd25e77a52347467f8af69e01e2f1a,delivered,2017-11-25 21:21:13,2017-11-25 22:19:21,2017-11-29 22:38:54,2017-12-18 23:32:36,2017-12-19 00:00:00
a085154af3d68d11b256a6facc891a56,0e7de6e91e05d4cb605014f859417092,delivered,2017-11-22 16:46:34,2017-11-24 03:10:42,2017-11-24 21:52:05,2017-12-04 20:56:16,2017-12-20 00:00:00
b8ed227712b7665deac44bd9a5fc6a6f,877574fdbff3531c20422802a8580662,delivered,2017-10-03 16:13:38,2017-10-04 02:44:01,2017-10-13 20:10:03,2017-10-24 09:20:02,2017-11-01 00:00:00
d2aa41358e416312efc398ebd0984d2c,facce4dab98894c02651e3deb8ae35d2,delivered,2017-05-21 12:23:15,2017-05-22 13:06:19,2017-05-23 10:19:22,2017-05-31 08:56:33,2017-06-13 00:00:00
41e327a61eeb27d89afc2b2f39caad7e,97c33ea3a30e236b2a2e514dadfa171b,delivered,2018-03-09 19:28:24,2018-03-09 19:48:23,2018-03-13 00:56:29,2018-03-21 20:56:25,2018-03-28 00:00:00
32b8249f810186f4cd9179daabc1f1dd,6c05f12cb6a66c47774242ee192825c8,delivered,2018-03-25 02:56:02,2018-03-25 03:10:20,2018-03-28 21:22:46,2018-04-01 12:36:43,2018-04-06 00:00:00
8cfbb8cf89ae7debae363e130964dfcd,354841d55248144bfb36d2713f14eea9,delivered,2018-05-01 15:58:00,2018-05-02 16:19:48,2018-05-07 13:23:00,2018-05-15 21:56:59,2018-05-28 00:00:00
0778ca929f32b5357008bd57489a1272,2bf35c36ca33d1e7d63b882349cc4018,delivered,2017-08-22 16:50:10,2017-08-22 17:32:52,2017-08-24 12:20:38,2017-09-01 21:28:55,2017-09-15 00:00:00
1a6999c021291137f10864ddb9710172,9bb289a474b8b487ef1fb04b0daf7425,delivered,2018-04-04 17:58:04,2018-04-06 19:10:13,2018-04-10 20:28:24,2018-04-20 19:44:40,2018-05-03 00:00:00
330003e600912f03d0036088e5eadf64,bf46f5628006409ce5740517ad6506f1,delivered,2017-05-04 10:09:36,2017-05-05 02:15:16,2017-05-05 09:34:33,2017-05-12 12:57:54,2017-05-29 00:00:00
b4c788b394de32f3930119ad9938c9f8,b6e54ec7c8d54cf2c0cfa7aa39e9e1f9,delivered,2017-11-20 11:27:08,2017-11-20 11:46:28,2017-11-22 21:28:30,2017-11-24 22:21:15,2017-12-04 00:00:00
3582fb0b1a99491e556c896ea2565708,20f7a1d73d2e7411457267a2218d66e0,delivered,2017-10-20 19:01:52,2017-10-24 03:28:30,2017-10-24 13:47:25,2017-10-25 19:56:06,2017-11-03 00:00:00
a92ac2f2738d0a4b0add8fe65157d5f5,c0dcb00876fc9a5997a03a6503128b45,delivered,2017-02-02 11:56:21,2017-02-02 12:21:06,2017-02-03 12:45:42,2017-02-22 09:52:00,2017-03-07 00:00:00
b2ac7b0754b724547abf07a172a45bf4,809ad2833c6b78506d5fc64546edc4cb,delivered,2018-08-02 15:12:56,2018-08-02 15:25:13,2018-08-03 06:25:00,2018-08-16 16:23:34,2018-08-14 00:00:00
6bc068075770cc66b2bd231aec60f1be,14f48ad16762cbf2cd2fbd4d0e8c9ffc,delivered,2018-04-02 21:47:07,2018-04-02 22:09:36,2018-04-05 17:56:39,2018-04-07 00:33:45,2018-04-12 00:00:00
673af36c8b5395e5199820c02b42abe9,aba2534e617ac48b51c85cd156d5594c,delivered,2018-08-10 23:06:33,2018-08-10 23:24:29,2018-08-16 18:21:00,2018-08-17 17:35:39,2018-08-17 00:00:00
367feab81137b698b971aa3bc25233d7,ad2910357a425b444b90821bb85efbef,delivered,2017-07-14 13:26:06,2017-07-15 03:35:37,2017-07-17 17:36:27,2017-07-19 19:57:49,2017-07-27 00:00:00
69d5ba0223f159cd67fbe9092e0900fc,845c0d7f4c0b90ac35a93c8a3dc155bd,delivered,2017-06-25 15:27:16,2017-06-26 15:35:08,2017-06-27 14:34:45,2017-06-30 16:16:44,2017-07-14 00:00:00
22ecef80997c71139d9679802f02e84d,1109c3ef4ce1fb80b95b9765d6d76fcf,delivered,2018-08-14 18:54:38,2018-08-14 19:10:22,2018-08-15 14:20:00,2018-08-23 14:48:37,2018-09-06 00:00:00
6c20aa516c6c94293fe199a1a90cd907,9d2ac25577105c9b6f970b09e28cce57,delivered,2018-08-09 16:43:32,2018-08-09 18:25:19,2018-08-10 14:58:00,2018-08-15 16:02:24,2018-08-23 00:00:00
ecfac5c29a3281d0ccd4cd7b53ae7ece,e8c65e4a42d933351c72233946bf29b9,delivered,2017-07-14 09:22:18,2017-07-14 09:43:46,2017-07-19 19:14:39,2017-07-26 19:25:45,2017-08-07 00:00:00
2356da144f2eb45c2d226126cd72245f,ae114989db6894fdea28ea1cfad80125,delivered,2018-03-04 21:32:19,2018-03-04 21:48:55,2018-03-13 00:28:25,2018-03-20 19:42:59,2018-03-21 00:00:00
18706eb4e0b3e500ece5690acaefb220,0a24129b7aba68c67d83fcfd94ace35a,delivered,2018-02-18 13:38:49,2018-02-18 14:46:38,2018-02-21 21:09:22,2018-03-07 19:49:42,2018-03-09 00:00:00
300449403bc51b74937be794d4999da9,8fb42545bfc44763da22b9bf84a47cc1,delivered,2018-01-09 17:37:24,2018-01-10 10:32:16,2018-01-15 18:07:19,2018-01-20 14:32:38,2018-02-05 00:00:00
74c5c5c9380461f1751598087249a9e8,994c652f7a0aca3f3b1b78e7820c9168,delivered,2017-09-15 21:48:54,2017-09-16 21:47:48,2017-09-19 13:48:00,2017-09-20 19:37:43,2017-09-28 00:00:00
7e0b50d7996f3b774c21b38458c54d03,df14b61cc7c66d382984e0fb32c40971,delivered,2018-03-26 18:30:40,2018-03-26 18:47:22,2018-03-28 20:32:30,2018-04-04 15:54:54,2018-04-12 00:00:00
c253cb678b5c3b8e8c9a13fc97d8e7f5,1fd5eaabb77d2652f4eda8149dac021a,delivered,2017-02-06 14:31:27,2017-02-06 14:41:18,2017-02-07 07:59:49,2017-02-14 13:41:46,2017-03-13 00:00:00
5c1d89aac6e3b4a8f69d548ea030179a,ebfec89ff4443951e41c19c07203210e,delivered,2018-02-07 15:30:26,2018-02-07 15:52:20,2018-02-08 20:58:49,2018-02-17 01:38:00,2018-03-02 00:00:00
0463f8ccb9ec5832bfeffdd28ce2359d,f340efcafd7be14d4014aa093a7efd9a,delivered,2018-01-08 15:26:13,2018-01-08 16:08:40,2018-01-10 20:17:12,2018-01-25 16:07:53,2018-02-09 00:00:00
140d98b96ef924164add7c0fd859992a,06278b75c68ad852923f6ef0773eb154,delivered,2018-06-07 16:23:33,2018-06-07 16:41:44,2018-06-14 14:09:00,2018-06-27 17:58:33,2018-07-23 00:00:00
d6eaa14b089c4b3a1a97f905d9836018,11d70f03f893cb98ec454bfcdc3554d3,delivered,2017-10-09 15:07:56,2017-10-09 15:32:07,2017-10-13 14:08:43,2017-10-20 17:38:26,2017-10-27 00:00:00
7f59e384ee31edc27aa774219e5019f4,0f0263848b51bdafacb3a0f227f83a1f,delivered,2017-11-08 10:05:07,2017-11-08 10:15:59,2017-11-10 17:26:53,2017-11-22 00:07:39,2017-12-06 00:00:00
37965120652845efe3e27796c9a4386d,c4bccb6bca925c3c4907841f24877a89,delivered,2017-07-08 00:31:25,2017-07-08 00:45:14,2017-07-12 11:58:43,2017-07-21 13:36:58,2017-08-08 00:00:00
cce2ceb2a8ee779a15975a90e6063cab,e6fca8fbc9c7096c3c1d4a464a74fe89,delivered,2017-03-19 10:58:02,2017-03-19 10:58:02,2017-03-20 11:20:08,2017-04-11 09:36:34,2017-04-17 00:00:00
c71668ecb00ef95a73c7aedef1332d54,5686c2637c5d9d4b4c71a96627341cbd,delivered,2018-03-09 12:19:56,2018-03-09 13:20:35,2018-03-13 19:42:26,2018-03-15 21:38:40,2018-03-27 00:00:00
5ce97d89fd3ee848e6c60736d3e32a3b,b4ad6f9e47240de0410c2b0c7c1e54d0,delivered,2018-08-11 15:54:58,2018-08-11 16:05:14,2018-08-13 10:01:00,2018-08-16 20:03:43,2018-08-21 00:00:00
3e97445a80fbe4c15f6f1aa9bf95c90e,3056864479a9f7e725da2e7da03f0c31,delivered,2018-01-04 12:56:06,2018-01-05 02:36:07,2018-01-16 18:18:23,2018-01-19 01:12:48,2018-02-22 00:00:00
c7993b9c3400e607391a4927068193a3,03d0ec2d85870812d23393eda7a45e8c,delivered,2017-11-23 11:48:49,2017-11-23 12:01:53,2017-11-24 15:21:25,2017-12-16 12:00:01,2017-12-15 00:00:00
9a602e9f9b1dff857011b7aa548030f1,5f9cd39d3754cefc00985665eec28c6b,delivered,2018-06-20 13:22:29,2018-06-20 13:38:37,2018-06-21 22:00:00,2018-06-22 17:35:48,2018-07-03 00:00:00
79ddbc258ea5329dbc3ec8c16a8ddbf0,b5184073970ea386d48a95755a1ad19b,delivered,2018-07-26 22:57:49,2018-07-26 23:05:48,2018-07-27 11:55:00,2018-08-03 13:12:29,2018-08-16 00:00:00
cc8068a058758e65bf66266523272c96,18403267352012ec6c688ea048de5fd7,delivered,2018-08-21 14:33:37,2018-08-21 14:50:15,2018-08-21 15:12:00,2018-08-27 21:18:38,2018-10-04 00:00:00
5cfaa2e60887ab4aed7d4e637efe2156,fd7b70ad4f8576a3c21f1c1bb304015d,delivered,2017-06-22 19:08:00,2017-06-22 19:30:19,2017-06-23 11:27:53,2017-07-04 14:03:13,2017-07-14 00:00:00
4027aaf151a408af313fee7a5af64c5a,14ec0af04aab4398a904a77ac2e1c68b,delivered,2017-12-31 00:02:06,2017-12-31 00:13:48,2018-01-02 20:27:02,2018-01-09 18:15:29,2018-01-26 00:00:00
92068bbee229d1ee120976bbfc4fb4c4,fd0ba627e4335dfdd8f6e0271bfa8842,delivered,2017-04-30 19:11:16,2017-04-30 19:25:12,2017-05-02 10:17:50,2017-05-08 09:10:23,2017-06-01 00:00:00
2dedcbba76be1566c5b983e07348d75f,b7c31c82d8f6bedc8da47d41ba963167,delivered,2017-01-31 15:56:56,2017-02-02 02:50:37,2017-02-02 10:02:45,2017-02-08 15:18:43,2017-02-23 00:00:00
21fee944dcb6831cf34d4e387e32f3a0,749a4b9ff7fd0dfcc08fb248e217e123,delivered,2018-06-18 14:02:53,2018-06-18 14:19:43,2018-06-19 15:13:00,2018-06-20 18:45:38,2018-06-28 00:00:00
1eea4fee5608c3a7087b63a20a3c7b18,4f3a9acfe1e04480b30e5a5dc97d8388,delivered,2018-05-17 02:57:05,2018-05-17 03:35:22,2018-05-17 13:51:00,2018-06-01 17:14:35,2018-06-07 00:00:00
ece456981916b0a15389f632ca95e4c4,83f3342b0ee6f0c116666610ec70e082,delivered,2018-02-05 19:25:51,2018-02-07 02:52:16,2018-02-08 14:58:24,2018-02-19 20:38:49,2018-03-02 00:00:00
8588dbb5ac5ec024b27fd96e6dc9b456,1887234b28cdec9f90bb825e6fc05c92,delivered,2018-04-27 16:43:33,2018-04-27 17:11:48,2018-05-04 15:27:00,2018-05-11 17:48:51,2018-05-17 00:00:00
28f94086a4839218d5499240eff0d805,ac415398632d16a5eb2a5d6903714c72,delivered,2018-06-24 10:58:35,2018-06-24 11:18:34,2018-06-26 14:38:00,2018-07-10 10:08:35,2018-07-25 00:00:00
d974773494a37afcdf96ac5a0e86b557,c6fee9456b9b3eb0238e6a00751064b0,delivered,2017-03-21 18:43:02,2017-03-21 18:43:02,2017-03-22 11:16:41,2017-03-24 16:50:05,2017-04-18 00:00:00
14ed86978b67164350d3dbe3d4f13ec3,44e0678c87b6d11c02fd7099d45342e0,delivered,2017-08-14 22:26:35,2017-08-16 03:25:25,2017-08-16 20:57:58,2017-08-18 14:07:45,2017-08-30 00:00:00
ada48b7ce9fee2a62cd265bd45a9c97b,64ded60f3124e272f4403c9fe551de28,delivered,2017-05-28 23:22:32,2017-05-28 23:35:16,2017-05-29 10:34:43,2017-06-28 16:09:45,2017-06-23 00:00:00
b351c57f3466ec0b11aa1696b052068d,b1d6ca91dc683ded001b2459ff45b745,delivered,2018-03-24 09:51:30,2018-03-24 11:48:18,2018-03-27 19:28:51,2018-03-28 20:42:04,2018-04-06 00:00:00
130654953b9f4e7e9f1bd08b1b882bf4,78507601d58635378ae8d1b0fb325a0b,delivered,2018-05-04 19:56:10,2018-05-08 04:15:33,2018-05-08 13:04:00,2018-05-15 20:08:32,2018-05-29 00:00:00
736d9580e48fa6a156f60f5341acd2da,52dd2d8a2a8d602034af4d803ac06425,delivered,2018-08-05 15:56:16,2018-08-05 16:05:14,2018-08-06 12:33:00,2018-08-14 00:34:33,2018-08-27 00:00:00
179abebffa31c043447ea7d933b8962d,e9c271fb6124f9984885577e35171ef7,delivered,2018-03-21 22:00:30,2018-03-21 22:10:34,2018-03-23 17:48:53,2018-04-04 16:52:09,2018-04-10 00:00:00
e47c4c77d188f893a6534dbca93d1ef0,442b1ea2036e73e62d354d7a71dbe075,shipped,2017-05-07 10:22:58,2017-05-09 09:35:20,2017-05-10 08:33:13,,2017-06-12 00:00:00
47e8f8fc6c6d0bdeb784394a599459a3,df1c0d10b952370cfaf589b4f7c615b5,delivered,2017-06-01 08:50:03,2017-06-01 09:03:03,2017-06-02 14:39:30,2017-06-09 12:25:35,2017-06-26 00:00:00
a702e68bc7f4b63f299ffe8105a5ac20,10492206abde41009b952754aebaf8af,delivered,2017-06-27 11:42:28,2017-06-27 12:24:09,2017-06-29 15:21:51,2017-07-10 18:32:32,2017-07-19 00:00:00
16155ce5a2e0a989c3a5a173972eae2f,a4a31639efca4450f58e07417152b15e,delivered,2017-06-06 14:47:59,2017-06-06 15:02:48,2017-06-07 15:28:01,2017-06-19 18:47:54,2017-06-29 00:00:00
3494866382f1fe5a926b1875d0c32bb7,333182ac41b476973fc3da5758115a2e,delivered,2018-03-04 22:55:52,2018-03-04 23:09:27,2018-03-05 18:41:51,2018-03-26 15:31:21,2018-03-27 00:00:00
5e610a7e5b143f5d88aafc66cf9dad80,04660634d3f6c16b67b53dc0000bba41,delivered,2018-03-12 21:37:09,2018-03-12 21:48:21,2018-03-13 16:41:30,2018-03-14 19:03:50,2018-03-22 00:00:00
4baa3882a6f5d47e5ac98cd10c942c4f,fb0fe3df796fc48ccdd629d12095b108,delivered,2017-01-20 21:20:07,2017-01-24 03:36:28,2017-01-24 10:24:36,2017-01-28 11:34:03,2017-02-28 00:00:00
1f0c014f0e64850a2020368551656dba,d829c6a67a93d7fc7f62dd56abbcc4de,delivered,2018-02-22 19:04:46,2018-02-22 19:15:32,2018-02-23 22:38:05,2018-03-17 13:07:53,2018-03-14 00:00:00
d069386dc9272623bf6734acaa0b5c74,efd005055362e06970c4f9b4576510b2,delivered,2018-06-15 19:08:15,2018-06-15 19:42:12,2018-06-19 07:23:00,2018-06-30 17:31:13,2018-07-27 00:00:00
5074540fc1b349291fc4c4b11dea71de,6a5f436b8f92683dce9d7b7bb20ad411,delivered,2018-05-31 17:45:01,2018-05-31 17:55:16,2018-06-04 14:40:00,2018-06-06 18:33:48,2018-06-26 00:00:00
6529605bc64275a6d53b085062f39d98,ab9c9ce20060a9d3aaf8071ac7d04674,delivered,2017-08-02 18:10:20,2017-08-02 18:25:13,2017-08-03 18:32:46,2017-08-09 20:10:13,2017-09-05 00:00:00
d6027c4f8b46f61d7d4a2782b56e603d,d5a9dd036836c41f94a05b54d04359f4,delivered,2017-08-21 14:31:17,2017-08-21 14:45:14,2017-08-23 13:40:00,2017-09-20 20:27:47,2017-09-19 00:00:00
dfd973e5e8ca86a5abccf718e6ad264e,76f0dbd7491610a96786b3c2c544ac9b,delivered,2017-09-22 17:14:04,2017-09-23 02:30:08,2017-09-26 12:17:46,2017-10-02 15:47:51,2017-10-16 00:00:00
2159b1a8db7e7cf857d6b85186c049d3,2ab28928cda7f94d5fe3728e3749dff1,delivered,2018-02-07 14:56:03,2018-02-07 15:11:14,2018-02-10 01:33:11,2018-02-16 18:04:07,2018-02-23 00:00:00
64ffd968be8339d1911ef7957f314421,dd78b55f838a0542a2d09404c809a557,delivered,2017-07-19 16:39:20,2017-07-19 16:50:21,2017-07-21 20:12:04,2017-08-24 14:25:14,2017-08-18 00:00:00
2e6d2d54826e3dc0cf96b86f6d029dbf,720d7be2cfbad4db907a1a9d1357612a,delivered,2017-08-01 16:11:38,2017-08-01 16:43:03,2017-08-02 22:26:49,2017-08-12 16:18:59,2017-08-23 00:00:00
667d5edf566de718db1489ba407232ee,edd13b692c82a56009adfb70e6f74391,delivered,2018-03-28 13:22:47,2018-03-29 03:15:25,2018-04-04 17:57:56,2018-04-17 18:31:52,2018-04-24 00:00:00
39f2f1bc7660c36850e4d3798f120658,ac63a50f1e7e18461fc6167c1a1152e2,delivered,2017-11-30 13:29:07,2017-11-30 13:52:15,2017-12-01 22:22:32,2017-12-11 16:52:39,2017-12-22 00:00:00
40b844d9eccc85cdb1d2ccef1efbeb40,7ce795a9cdc1671390a9fd9bc0de0a95,delivered,2017-06-30 13:48:40,2017-07-01 04:45:22,2017-07-05 07:08:55,2017-07-10 16:28:18,2017-07-20 00:00:00
7db3c476a7eed0f931dfe7e69deeb54e,8bd3e5ae89d89e1c50438845e21b9171,delivered,2017-07-18 00:54:08,2017-07-18 01:10:09,2017-07-21 18:27:32,2017-07-28 16:14:26,2017-08-09 00:00:00
a7b3902a1a640e1f0d4f861d468c588a,ca150f7080297fcc2977fc1bd5fa2bf1,delivered,2017-11-30 19:50:16,2017-12-02 02:37:29,2017-12-06 19:33:29,2017-12-11 23:19:52,2017-12-18 00:00:00
6a2cd48884fcfc672cc393f247c04a19,d64874264dadc5194c74b21d992eaec2,delivered,2017-12-24 17:32:38,2017-12-24 17:48:11,2017-12-26 22:45:01,2018-01-06 15:58:57,2018-01-26 00:00:00
aeecabebe0b93474b9f9cbe9c54e054d,263dc86c0d51564f1b3776b787ec8779,delivered,2018-07-21 11:03:25,2018-07-21 11:10:17,2018-07-23 14:12:00,2018-07-27 17:04:01,2018-08-13 00:00:00
b9115d0844f1d90bfd469a55db1c652a,e15eed31be53dafc30a0ef7c400b15b7,delivered,2017-11-16 13:08:04,2017-11-16 13:49:32,2017-11-20 20:41:32,2017-11-24 19:18:31,2017-12-06 00:00:00
101112c9a9084c756f17fd3951dd02a7,634538aaf116233d2280d6c093dd3528,delivered,2017-12-12 20:34:09,2017-12-12 20:52:15,2017-12-15 16:53:31,2017-12-21 06:59:43,2018-01-08 00:00:00
e7eceb7362eb746b29dc6205f732067c,8600b231a8fa87131e4bcf9d1dd0cbd6,delivered,2017-09-08 09:34:14,2017-09-12 04:25:51,2017-09-12 19:19:55,2017-09-19 20:27:07,2017-09-26 00:00:00
517ff48f259d8b8c702398a25cbd5450,e0e03fe00173d2b18a04139a45acce13,delivered,2017-06-18 09:58:41,2017-06-18 10:10:16,2017-06-19 15:27:57,2017-07-05 16:05:13,2017-07-11 00:00:00
c3256d0b41fca9e8892884ca21306c59,ca0263b1cbe21dee5379bf130774572c,delivered,2018-08-02 18:10:23,2018-08-02 18:25:26,2018-08-03 13:38:00,2018-08-08 21:32:08,2018-08-14 00:00:00
57877cee20b0b56f383bcec5069c48c8,29566b1a3f2f8a3de8ff9bb1fc5c5dd2,delivered,2018-06-25 17:16:28,2018-06-25 17:34:24,2018-06-26 11:28:00,2018-07-12 10:25:45,2018-07-30 00:00:00
e46475bd25ec0611f7ce2a2f0e63bc8f,11c794d9a7bfe387c47c3308c8301ebe,delivered,2018-02-13 17:13:27,2018-02-13 17:27:33,2018-02-19 23:37:11,2018-02-27 02:27:08,2018-03-23 00:00:00
c2366de030bbb08e26d86e7489ce65c9,edafb59d9c6c921ea0a8f06d3b179c8b,delivered,2017-10-10 13:28:04,2017-10-11 03:49:37,2017-10-11 20:32:54,2017-10-17 15:55:59,2017-11-03 00:00:00
1c596aea2c7f298b4ccafe3b88d7dfeb,5dfa4470104f14d785fc50c65a475b8d,delivered,2017-11-21 14:55:38,2017-11-21 15:06:14,2017-11-23 14:43:11,2018-01-05 16:32:14,2017-12-12 00:00:00
53fafd0933d69603122f8f804fb76968,212a3604c770c9b1fdf5523e2b702dbb,delivered,2018-03-26 14:33:13,2018-03-26 14:47:47,2018-03-27 21:52:16,2018-04-02 15:12:18,2018-04-12 00:00:00
6f6b5c08b8746e5c1ea778afcf6ec2da,9fde45102e6aa9006b12d7e95e1e08e4,delivered,2017-10-14 15:37:51,2017-10-14 15:51:39,2017-10-16 20:30:05,2017-10-19 18:03:36,2017-10-26 00:00:00
5545b19e008b4a2989c495761e53456a,9c0e68320c244cf91a86cfc2602ed325,delivered,2018-06-17 10:37:01,2018-06-17 11:00:58,2018-06-25 14:24:00,2018-06-29 14:08:42,2018-07-17 00:00:00
f95bad5023f3ba2c5dd0715eb1c8db91,c5f1a1193dfc265ba0862d2d9b6a35ac,delivered,2017-06-05 15:53:14,2017-06-05 17:15:14,2017-06-06 14:27:28,2017-06-08 13:29:43,2017-06-26 00:00:00
b6659c7944e48c1be78a188b4d51dbeb,8d6ec338278e48b954ed3892ff838f4f,processing,2017-02-01 23:33:26,2017-02-01 23:45:16,,,2017-03-14 00:00:00
17b64a39e956f1ff14d42a2f76a37305,6b170d60eabcac609caaaf419e9e57f1,delivered,2018-01-19 15:56:19,2018-01-19 16:15:06,2018-01-23 21:48:50,2018-02-08 23:54:29,2018-03-22 00:00:00
d33a24a5ea67f8f5a06b0a32e53f3acf,5681c6fa141b43aaa13277dd0fd30b76,delivered,2017-05-16 11:15:51,2017-05-17 04:10:25,2017-05-17 14:37:03,2017-05-23 10:42:20,2017-06-07 00:00:00
dbcf37e35ce87b02f0707de96a6b99db,53bfc92933d559ca8c1e430e300d0719,canceled,2017-02-27 22:23:36,2017-02-27 22:32:39,,,2017-03-22 00:00:00
40a6a2ccfc8d35aaf5f5444635c1bfef,49e9f5d81bf71dbcb4b68818df039e46,delivered,2018-02-12 18:12:10,2018-02-12 18:30:23,2018-02-15 16:16:44,2018-02-17 14:32:49,2018-03-01 00:00:00
9af6969948e200d06da8a823d774095d,8dd23f5c13cbaf795adb5ad458c0a35d,delivered,2018-04-25 19:54:53,2018-04-25 20:31:37,2018-04-26 13:20:00,2018-05-04 12:37:41,2018-05-22 00:00:00
45dfd15f7683ed22c00498dfb11776f5,f3a1341fea600e28f48c309c148e8fa9,delivered,2017-12-18 15:54:20,2017-12-19 09:51:21,2017-12-20 14:53:17,2017-12-29 18:37:33,2018-01-16 00:00:00
90f9f38799be0f03a4053f82965a3a2e,e2d9a3bda5053fa5ea773af0ef49f00e,delivered,2017-04-10 22:28:25,2017-04-11 02:10:10,2017-04-12 18:31:44,2017-04-18 16:33:01,2017-05-02 00:00:00
7368acd4c19348cd2ff9c3639f47c323,74bd52912746ddd767b12f2e812fa40f,delivered,2018-08-08 11:40:02,2018-08-08 11:55:16,2018-08-10 09:54:00,2018-08-20 23:29:36,2018-08-31 00:00:00
3b51a2309bc5f73a379b1cd00ba5ad01,c1bbf3f33c3f56f6446ed870cadd5984,delivered,2017-05-21 21:10:39,2017-05-21 21:25:14,2017-05-23 16:49:50,2017-05-25 10:22:20,2017-06-09 00:00:00
be69fe9a7e7dccb7cac829b8d5bebc02,6bb78eb4ba83000a88ac996beed0751d,delivered,2017-04-29 17:38:22,2017-04-30 12:42:37,2017-05-12 10:32:13,2017-05-18 12:36:40,2017-06-02 00:00:00
7c38ea034c4ae0b36dae03dac6c6a7a7,1502f86a2eb8886ffb134f252debcae7,delivered,2018-08-07 19:16:50,2018-08-07 19:30:31,2018-08-08 12:00:00,2018-08-13 18:22:11,2018-08-28 00:00:00
790b06e5fd09d2f10757cb554a34eb92,b3ab583317b4c18eb28eb0b498e74be5,delivered,2017-10-29 23:40:09,2017-10-31 04:06:34,2017-10-31 22:03:31,2017-11-01 13:04:39,2017-11-10 00:00:00
3dfff49e0dea27e1c2115d2273a6f0fa,96b2580181dcea8303d598627f26a0f7,delivered,2018-08-16 16:12:57,2018-08-16 16:25:21,2018-08-17 18:25:00,2018-08-21 00:40:31,2018-08-21 00:00:00
e1cd00d644b9a24a7689ae42fde293c1,54158244385cc06f2eeb73a94e3b2b6e,delivered,2017-08-25 14:17:20,2017-08-25 14:30:17,2017-08-28 15:26:02,2017-08-30 15:04:57,2017-09-19 00:00:00
d788d36048b59fbe35707de56c2fe939,e89af99c5a7a7b75b0bea8f5c0d00777,delivered,2017-02-19 10:22:18,2017-02-19 10:31:37,2017-03-03 09:41:59,2017-03-14 11:55:43,2017-03-27 00:00:00
20d120b5a95a60c3d599810d5ee01c21,f6bbef5ba9eb60e9f08707ff5cded7cc,delivered,2017-11-24 12:49:13,2017-11-24 14:58:28,2017-11-27 20:11:30,2017-12-09 13:38:42,2017-12-19 00:00:00
55241c40e4d2ee72be056dc4d17acc5b,033c981e2b34fee357d40d07c83a1cec,delivered,2018-07-25 21:39:51,2018-07-25 22:15:17,2018-07-27 14:32:00,2018-08-02 18:42:45,2018-08-10 00:00:00
acb57c5603a88c7f205dab4c1d8cd344,94e077d5876a2e9604cfd3df5a8e1dec,canceled,2017-07-05 21:47:36,2017-07-05 22:03:30,,,2017-07-27 00:00:00
c8f8f9f5df7a6ce2beaa9de85fbf8ca1,9acb157c9da0db6d65c118f00c625c9b,delivered,2018-02-09 14:33:23,2018-02-09 14:49:07,2018-02-14 20:15:45,2018-03-16 14:57:31,2018-03-12 00:00:00
c7e1e46af92704b1c2e1924de96e7479,9d71e1cf1662cfda7aeafb61975a3e78,delivered,2018-05-18 00:35:08,2018-05-18 04:14:31,2018-06-04 16:03:00,2018-06-05 11:58:59,2018-06-06 00:00:00
078f6a01964ee122ef20881df839af31,2b7ae7a532ff538ce88f6bfdd2cb564c,canceled,2018-08-06 11:06:21,2018-08-06 11:15:27,,,2018-08-16 00:00:00
79d78a9ea5d396742c0efb562c68e2ed,1ca50e7d622f289e9001345532e2dea3,delivered,2018-07-25 12:26:27,2018-07-27 02:24:31,2018-07-27 14:03:00,2018-08-02 12:56:48,2018-08-13 00:00:00
c6d61340bd8baeedca7cc8e7f7ec07e9,455f2e2988eaf87d7e2ba33b0a57969f,delivered,2017-08-17 19:10:33,2017-08-17 19:55:22,2017-08-18 14:13:07,2017-08-21 19:18:42,2017-09-06 00:00:00
3e2502b60df63fbcde0afe3178232c70,037b2d739103d197af970f23448d348e,delivered,2018-04-12 08:35:09,2018-04-13 02:31:48,2018-04-13 18:11:14,2018-04-14 16:59:38,2018-04-24 00:00:00
4bc6bfbf65a140de5b9803eefad6ef41,915859a34b24020b5b9fd32c8ac40f0d,delivered,2017-04-08 22:27:52,2017-04-08 22:35:09,2017-04-13 16:16:16,2017-05-02 15:07:49,2017-05-16 00:00:00
3343a4f8db82a46ea07e9655077496b0,4bbe99234f537431b51482a386240d49,delivered,2017-03-23 12:35:30,2017-03-24 13:06:35,2017-03-30 10:44:58,2017-04-11 17:53:22,2017-04-20 00:00:00
f443ec3003e193944b796356e1d62f8f,d2b6ca644c1dd4b427bae4e97f373553,delivered,2017-05-26 13:38:31,2017-05-26 13:50:16,2017-05-26 15:24:47,2017-05-31 08:12:39,2017-06-21 00:00:00
6f4c22d6819340866bb330c97cb45c81,84af356c47c30a9754b1a35c0b29868e,delivered,2018-05-03 22:59:50,2018-05-03 23:10:47,2018-05-04 13:06:00,2018-05-10 22:32:19,2018-06-12 00:00:00
40c47ac0a33ea4a23b9ba2ab87a77f16,308532b0d57d2a3cf82dd24a7bbc8ee8,delivered,2017-08-16 16:25:41,2017-08-17 03:05:39,2017-08-17 17:51:30,2017-08-23 20:42:18,2017-09-05 00:00:00
7b497afd7e9512da3d6780bf6b5c9971,cb522acbea137ad1fc7324606d247321,delivered,2018-03-21 11:15:17,2018-03-21 11:30:22,2018-03-27 02:40:57,2018-04-10 18:04:29,2018-04-13 00:00:00
b8356f852fca3a72234735d7b7c1c18f,b2b10558413c0708b753f3e7e1f69b5c,delivered,2018-03-31 20:51:18,2018-03-31 21:08:53,2018-04-04 00:52:03,2018-04-04 18:08:36,2018-04-12 00:00:00
d6925e445c3e22218f550a7e13d5e87a,443f4b463b7789a04b55d86587c1e872,delivered,2017-02-12 21:09:27,2017-02-12 21:23:11,2017-02-13 12:19:21,2017-02-16 04:47:35,2017-03-10 00:00:00
8e01476de7658766c75d118e291d2b16,b728285f0366b207acce12b492851e97,delivered,2018-05-28 10:40:23,2018-05-28 10:53:50,2018-05-28 13:45:00,2018-06-03 11:17:19,2018-06-28 00:00:00
57f2a60c1d6d8f4fb076ac300e53bc1b,65c563b14ed084517de63c0060ae266a,delivered,2018-08-03 23:28:23,2018-08-03 23:35:15,2018-08-09 14:44:00,2018-08-14 12:57:02,2018-08-28 00:00:00
404c1f64c8d08abf1e626365c95b2384,f68f43dfe06803e7ae272bc70ad38901,delivered,2018-04-11 10:46:12,2018-04-11 11:10:32,2018-04-11 22:22:13,2018-04-16 21:18:32,2018-05-04 00:00:00
fecd2391540ed4dd35db71f1af87f03e,e5a33466701cd4bfbdfc0f03e4cbdb83,delivered,2017-05-15 20:09:05,2017-05-15 20:15:17,2017-05-16 21:25:45,2017-05-19 10:27:43,2017-05-26 00:00:00
f967b3b4e10db096bfc62535abb40d43,d5daf7ae61b3e1e9de715d658bbb0133,delivered,2017-12-06 13:24:01,2017-12-06 13:34:23,2017-12-08 21:38:41,2018-03-02 15:15:11,2018-01-11 00:00:00
f2fc3e958c7943badc989a1f5db932b4,dbaf23b654a0bbedc2781c69f0c6f03c,delivered,2018-08-22 21:25:12,2018-08-22 21:35:16,2018-08-24 13:34:00,2018-08-27 15:21:34,2018-08-31 00:00:00
5d4cc700b2defe73524d7d22320fdd34,be7a83d198cf17da19a8dcb5ac484126,delivered,2018-06-08 23:54:11,2018-06-09 00:20:27,2018-06-12 13:44:00,2018-06-14 20:58:58,2018-06-26 00:00:00
62dc853d2c511ebfb7d441c6c74d811e,c216dab34a55ac810d2d7c92be816c2d,delivered,2017-11-24 15:23:31,2017-11-24 18:13:27,2017-11-27 17:32:55,2017-12-07 21:23:11,2017-12-21 00:00:00
402ea461fe6e548240f694aaf551c069,eef238ea4577afeb9aa4a5e5082cd922,delivered,2018-05-10 19:34:21,2018-05-10 19:51:07,2018-05-11 13:39:00,2018-05-21 10:26:34,2018-05-29 00:00:00
6f64e3dc6ee08865d4ec07bd0cdafc8c,d06394501873ad78212e530d7b89ca02,delivered,2017-09-28 13:05:54,2017-09-28 13:25:13,2017-09-28 20:21:34,2017-10-04 21:27:47,2017-10-27 00:00:00
227881fdf69e55ab7906b7a818dd5e39,9a745c47c228743d4a7bbb9c94e943e9,delivered,2018-06-27 18:48:48,2018-06-27 19:11:56,2018-06-28 14:25:00,2018-07-03 18:34:40,2018-07-25 00:00:00
c56bbf34e57026ecc783dc5db2ad1e69,443e207b18b61cc623c28d357866ea5b,invoiced,2018-01-10 21:18:29,2018-01-10 21:31:32,,,2018-02-20 00:00:00
ccce262c4b1775baab94c62c954014c8,5d6c8ab30ef2d0469ae465f4fc0df0e7,delivered,2018-03-19 23:06:19,2018-03-19 23:28:13,2018-03-21 20:58:31,2018-03-22 22:58:58,2018-04-04 00:00:00
49d0ecc62e79de0f34766cb97df47cf7,aeb071a5333bfd7075457d99279f03f3,delivered,2018-06-04 08:58:43,2018-06-04 09:11:49,2018-06-04 14:18:00,2018-06-19 00:03:29,2018-07-05 00:00:00
56c52cf14c501d31e4d208bf86cecb53,809ad95bb436a0ababaa111dcc8064f1,delivered,2017-11-30 22:20:55,2017-12-01 10:31:15,2017-12-06 23:13:54,2017-12-15 19:35:16,2018-01-09 00:00:00
d0100a52880e5602a06176b78dcf5f1b,20942b63de1fcbbd69ec927c5fca6569,delivered,2018-07-29 18:55:50,2018-07-30 18:31:01,2018-07-31 11:33:00,2018-08-06 15:58:42,2018-08-16 00:00:00
2ad674d5024f5e52836b96215eb73588,f1a46a71a91a14089a5aaebb43f0620e,delivered,2018-04-16 20:39:18,2018-04-16 23:12:08,2018-04-17 22:21:46,2018-05-16 20:51:49,2018-05-11 00:00:00
2c46af8307c9250d7f461ca2b388da5b,3fa5cb8db19053333c80d6b5c049205e,delivered,2018-08-23 00:54:22,2018-08-23 01:05:07,2018-08-28 13:07:00,2018-08-29 18:46:45,2018-09-05 00:00:00
ad0cbc6e9cc5bce4165e35ad4a42d8a5,dba975f79975d56cf9183c88d5efe0ae,delivered,2017-03-06 20:45:27,2017-03-06 20:55:13,2017-03-08 13:22:23,2017-03-10 09:17:36,2017-03-24 00:00:00
a716cb9d34cccf1db631fdbdf2f398de,879d605eb56ec2268b4f75f49247421e,delivered,2017-11-05 20:02:16,2017-11-05 20:15:55,2017-11-06 16:38:37,2017-11-10 15:07:40,2017-11-28 00:00:00
700bbbd2dce29db47fd10e2ddbb1cd5e,01e3b59f83722a3b5c209feddd2a0b84,delivered,2018-04-16 13:26:01,2018-04-17 08:11:28,2018-04-17 21:50:38,2018-04-23 12:04:06,2018-05-14 00:00:00
b7b95a33401e50caf4f570d95d028d6d,e827cfe8ae27a8222683d7f17d5baf0e,delivered,2018-02-18 15:27:46,2018-02-20 07:27:11,2018-02-22 02:56:47,2018-03-11 16:48:36,2018-03-22 00:00:00
ea2fc3ee961d93cc0a7b657aad5b30e5,1e6cd369cf26ded4ed75185d5605241a,delivered,2017-07-06 18:52:45,2017-07-06 19:04:17,2017-07-07 14:46:29,2017-07-21 22:09:48,2017-08-07 00:00:00
e910cff0c2911f3ca876a47602557c45,1e74b00cee8d685addcb531edfd5c745,delivered,2018-03-18 19:23:02,2018-03-18 19:35:24,2018-03-22 18:55:42,2018-04-17 12:08:45,2018-04-17 00:00:00
c35fae60290d46aa0431b8c887c3a8c7,cb7a6f9242f8a283bcd9c6047ae5c8a4,delivered,2018-04-25 18:44:44,2018-04-26 18:35:23,2018-04-30 11:37:00,2018-05-07 22:06:25,2018-05-23 00:00:00
7774c3eec02b65eb352e0847cca6b9d5,f3eae7f12cd789bf9cf7f28d65b3044d,delivered,2017-07-14 16:45:48,2017-07-14 17:04:41,2017-07-19 16:44:50,2017-07-31 16:27:06,2017-08-01 00:00:00
3c75e106ed38695c5bbf7fe5ab77a851,a21aafe2dfc5afc8565390c8459a28e8,delivered,2018-07-08 19:55:34,2018-07-08 20:10:16,2018-07-10 15:24:00,2018-07-11 14:48:26,2018-07-19 00:00:00
eb0b86031f7ecc48bdea37fedd25166c,edbb1df7ea9f65dd2a12a3383ffe79ff,delivered,2017-07-25 16:42:02,2017-07-25 16:55:09,2017-07-26 16:07:01,2017-08-03 13:07:04,2017-08-16 00:00:00
1a3fb0eb069594b60e454617d07b2913,a307dfcb0925dc89d342bea28aff2058,delivered,2018-05-07 13:06:12,2018-05-07 16:34:05,2018-05-08 12:09:00,2018-05-18 18:26:38,2018-06-04 00:00:00
dac16a931a09274638e939d74d5a9097,5efe3366bf17528c3b0e5afea2e33809,delivered,2018-01-25 23:10:29,2018-01-25 23:18:28,2018-01-29 20:04:20,2018-02-01 00:56:33,2018-02-09 00:00:00
b9eb8b76c59fb1d0c2bd45104f5a9cba,a8f264ba33c417425b9f36b3087fbb6d,delivered,2018-02-28 09:08:07,2018-03-01 02:49:14,2018-03-08 13:35:43,2018-03-08 22:28:30,2018-03-20 00:00:00
2b558556ef2c5813bc84e3739392e44c,e5f3fb6263a0c33e518cc7029a60093c,delivered,2018-06-22 12:40:56,2018-06-22 12:59:47,2018-06-22 13:05:00,2018-07-05 17:32:59,2018-07-25 00:00:00
48d4561752bbf4833c3cabba8d5a7c93,2e9b45811263327e120fdd8f4797fad6,delivered,2018-01-04 17:50:02,2018-01-06 09:53:31,2018-01-11 23:59:41,2018-01-16 18:24:30,2018-02-14 00:00:00
b3d9c976bbcf9d507f57ce76d82fd455,d0a3f59bd1527ccec9b075d58010caac,delivered,2017-04-18 10:09:00,2017-04-18 10:21:45,2017-04-19 10:46:16,2017-05-02 13:41:23,2017-05-22 00:00:00
0fedd03057d5e595d8f337fc2be6fe25,784448d59180b2b8f5624e0d13267b34,delivered,2018-01-07 22:54:21,2018-01-07 23:07:13,2018-01-10 14:44:17,2018-01-17 14:15:22,2018-01-24 00:00:00
7d8cbe66ebd79f0202cc906a1dc9c91b,0ce3e08486c6d6768c5c7fded58a7fd1,delivered,2017-12-06 00:18:44,2017-12-06 00:38:24,2017-12-06 21:58:46,2017-12-30 12:36:36,2018-01-10 00:00:00
c6aae003b7c6c4c197112467858aa37b,fcf2e90a30d69843bd526fab018317c5,delivered,2018-06-21 13:34:39,2018-06-22 13:40:16,2018-06-25 12:12:00,2018-06-27 18:51:46,2018-07-17 00:00:00
8deef23d1fd8c6c5f9f3d449baec0648,ca10c299564ec71ffc062f199e380815,delivered,2018-02-12 14:31:23,2018-02-13 15:07:52,2018-02-19 23:08:10,2018-03-05 13:08:38,2018-03-12 00:00:00
a3b3d9aba2b69c5764cfa5168ac9f58e,4b3a42c7c4431b53faba2d6b0c33f5ab,delivered,2017-05-12 12:35:41,2017-05-12 13:08:08,2017-05-15 06:53:41,2017-05-19 15:10:43,2017-06-05 00:00:00
b8509bbf10018abb0d4e4abe957a715b,f8f337dd8c3932f7ee12e407abf7351d,delivered,2017-06-11 15:57:53,2017-06-13 04:55:25,2017-06-13 16:21:22,2017-06-14 16:44:00,2017-06-26 00:00:00
309f6784abccce4e6e99672dca8ff4cd,b0f06b1979dedd3f28f8f0d5e4ad08fb,delivered,2018-08-07 00:47:40,2018-08-08 07:05:11,2018-08-09 12:23:00,2018-08-10 17:51:57,2018-08-10 00:00:00
a7c318c46e14332323a101743ccfc72d,d3ab3164ac4797204e7592753ca9061f,delivered,2018-05-12 09:14:29,2018-05-15 03:55:43,2018-05-15 12:00:00,2018-05-22 17:11:24,2018-06-12 00:00:00
35c66e9b12fe72dbb0b8d34af424c3cf,a9e6c48378ae343339cc2c6f85fb6cab,delivered,2018-08-01 14:19:23,2018-08-01 14:30:19,2018-08-01 14:09:00,2018-08-02 19:58:20,2018-08-06 00:00:00
e9e5338a83d501f28777f74c5d3203c4,99c58a7fd613b35d8c4d1fa01515b32f,delivered,2017-11-28 14:07:26,2017-11-28 14:20:12,2017-12-04 20:14:46,2017-12-12 19:10:18,2017-12-18 00:00:00
e199c3b74cd391568e7c99aa28b0f274,4980e09ebf3bbc325bff27e0bb00baa6,delivered,2017-11-10 08:02:13,2017-11-11 02:55:43,2017-11-17 00:09:28,2017-11-24 12:02:40,2017-12-12 00:00:00
2a5d9a5a8aeecf75120e38f1249a32f3,e950ef013e9b3faa6329f91e341a5453,delivered,2017-06-07 16:26:44,2017-06-09 02:35:28,2017-06-12 15:03:52,2017-06-19 21:26:45,2017-06-30 00:00:00
67e7cace5deab160cedd95c80e6f60a8,58a02b0700dd28cd6317626512912c3f,delivered,2017-07-17 22:42:24,2017-07-20 13:43:32,2017-07-21 17:52:16,2017-07-27 18:35:33,2017-08-10 00:00:00
11d0085cfa1ffc32aa630cb9c92ea970,f9e2647dd253626609ba428295860434,delivered,2018-02-28 21:49:44,2018-02-28 22:27:47,2018-03-01 20:42:39,2018-03-21 17:52:58,2018-03-22 00:00:00
44e627595178bc26a4df0aa4b4e002e8,b6c978aad575a4e08cf4781ede4fa129,delivered,2017-07-27 21:28:43,2017-07-29 02:25:16,2017-08-14 18:42:59,2017-08-17 19:20:09,2017-08-22 00:00:00
1b01e824ff3005e8108c5112f41c219c,e621534f813417899b9d1f1a3556fe98,delivered,2017-02-08 17:01:04,2017-02-08 17:10:23,2017-02-16 05:48:47,2017-03-01 13:08:21,2017-03-29 00:00:00
657c8133b6409d539b814888352b50f1,d36371b951fdccd7f6d3f1c09c241dc5,delivered,2017-06-03 11:50:59,2017-06-03 12:17:06,2017-06-05 12:13:25,2017-06-17 12:27:53,2017-06-28 00:00:00
4e4b558e89e904e0f1b7f8de516cf529,a82801734b0e157342b02c32891bd79a,delivered,2018-06-24 08:56:20,2018-06-26 05:37:28,2018-06-28 14:52:00,2018-07-03 19:28:25,2018-07-25 00:00:00
22c8ca185710c015f6ae93a6d78c9b4a,61f3d4533295490f67b10606b6255145,delivered,2018-08-06 22:34:06,2018-08-06 22:44:37,2018-08-20 05:44:00,2018-08-27 17:15:06,2018-09-06 00:00:00
ab2955d5a9fe4ad0e979935d68422c8d,22abcf13104241895955bb0cd5ecf2b5,delivered,2017-12-28 11:05:26,2017-12-28 11:30:59,2017-12-28 18:56:59,2017-12-29 13:41:43,2018-01-17 00:00:00
6612d55037369324a1556532b38d02cb,daa8453225636e0b071a47d14745259e,delivered,2018-05-24 14:41:16,2018-05-25 11:53:47,2018-05-25 15:35:00,2018-06-08 15:36:39,2018-06-19 00:00:00
f320fe2d0f359c67595c70baaf9ffdef,95d6c004d9e124fbca0876e72ca0b411,delivered,2018-02-26 19:05:37,2018-02-26 19:15:41,2018-02-28 00:44:34,2018-03-23 02:48:38,2018-03-26 00:00:00
8d90375388c45e7773231b09986b40da,3f244eb4a15e626a8fee14bc089303c9,delivered,2017-08-17 18:43:18,2017-08-18 18:44:22,2017-08-22 17:45:12,2017-08-24 20:40:11,2017-08-30 00:00:00
0b27d99f32650074301e63c1e00a2720,86a8d29472c668e0c99cfa94a7142ffe,delivered,2018-04-27 08:36:05,2018-04-27 08:53:18,2018-04-27 10:42:00,2018-05-09 22:41:56,2018-05-24 00:00:00
afa4f45747006532ff507b1a527f6642,82f10cdf48026392161bedb195f79931,delivered,2017-03-17 08:20:43,2017-03-17 08:20:43,2017-03-22 09:37:35,2017-03-29 14:59:52,2017-04-17 00:00:00
6c7fb725a2431401d4419f81ef811880,ba8500c671470842f0088c47e386eaae,delivered,2018-05-10 20:22:11,2018-05-11 03:11:17,2018-05-11 15:03:00,2018-05-17 13:27:27,2018-05-29 00:00:00
1b73fc583f45c471c55fd8d81945db74,b44dcc9a20f605a02ba9ffecffe022bc,delivered,2017-02-16 20:02:19,2017-02-16 20:10:22,2017-02-20 13:40:49,2017-03-14 11:25:47,2017-03-21 00:00:00
fec2c513cc9c10087af9e5d8f2da71fd,2f36348caf89270bc28a08f442968359,delivered,2018-03-16 09:34:54,2018-03-17 02:45:37,2018-03-21 21:05:15,2018-03-28 22:48:47,2018-04-09 00:00:00
8c9cc9d7e2dfc4cb091854203914cade,f5bc53444f46ca178517d520d40bfdb4,delivered,2017-08-01 09:48:08,2017-08-01 10:05:21,2017-08-04 18:17:27,2017-08-18 20:13:25,2017-08-29 00:00:00
b0624d2980f37b2b7891d72cea900f0d,8849ebb37ab6a8c2b30bb867efc32903,delivered,2018-05-04 21:21:21,2018-05-04 21:35:13,2018-05-08 06:50:00,2018-05-14 16:24:38,2018-06-07 00:00:00
d3909d7239431c7132c3aac806ec6507,ed454b70314eea3ee1aec9434ef6c45a,delivered,2018-02-27 18:16:24,2018-02-27 18:29:08,2018-03-02 18:21:51,2018-03-08 13:04:37,2018-03-23 00:00:00
ac6ee8b3f24f43e8a7b12154ec508b18,e6c6fda1974d40fccb069484ad249aa8,delivered,2018-08-14 17:19:53,2018-08-15 08:45:12,2018-08-16 10:21:00,2018-08-23 18:04:39,2018-09-06 00:00:00
6c626fb49235255bbb0d81f5e8785aa0,e915ad11d2e4bcbec4bb5422ed04025a,delivered,2018-01-17 21:49:28,2018-01-17 21:59:30,2018-01-19 12:52:27,2018-02-07 20:33:04,2018-02-20 00:00:00
1e5995be669dd5c3e290a163f1394dce,d78b6863dd19dc969e202b73e3070ffa,delivered,2018-04-16 13:27:56,2018-04-17 04:35:19,2018-04-24 22:55:55,2018-05-08 14:48:46,2018-05-16 00:00:00
ef8aeb4a580c6270f2cae213db86a979,244376f13256b36cf1366004c694a329,delivered,2017-05-07 08:40:29,2017-05-07 08:50:10,2017-05-09 07:39:59,2017-05-19 08:56:44,2017-05-31 00:00:00
5046ecbc1ce636485cc146ddd706a55b,1379bf3dfed62bdafce8d0bf4a6c2790,delivered,2018-03-07 17:55:17,2018-03-07 18:48:50,2018-03-08 23:08:29,2018-03-14 23:28:46,2018-03-23 00:00:00
0e2f9761d88e4ddeabc283a1f3cfd914,c4a21c97d76ce308f41aaeff48648fe2,delivered,2017-05-30 23:37:31,2017-05-30 23:50:14,2017-06-05 15:32:19,2017-06-13 16:08:10,2017-06-26 00:00:00
dedfae6510ab02ac08526276e245e006,a0727389c830127a85aee70ca5279b81,delivered,2017-12-01 16:32:52,2017-12-04 09:29:58,2017-12-11 19:43:21,2018-01-05 19:08:29,2018-01-03 00:00:00
46d2d651f006b9b9440d1aa37d89c894,47fc7efce86cec4a5076958ff5ea7df4,delivered,2018-07-23 16:53:28,2018-07-25 02:35:15,2018-07-26 11:55:00,2018-08-16 18:58:51,2018-08-15 00:00:00
df6c1db4ad957928715a81ce54563895,e65566ca7c20dc6d217ca2849f419836,delivered,2018-02-13 22:54:17,2018-02-13 23:07:42,2018-02-15 16:04:49,2018-02-20 18:17:05,2018-03-06 00:00:00
812e2e669fa5382a338a2235ea502669,ca5ad2e5560559059de5a5f5692233bc,delivered,2017-08-12 10:38:42,2017-08-13 10:45:15,2017-08-14 18:07:49,2017-08-24 15:41:56,2017-09-05 00:00:00
69a4d311a122356e1eadee79beca43e0,cc5fdeabec9462ccb11a9514b7132450,delivered,2018-02-28 18:02:56,2018-03-02 02:10:30,2018-03-02 17:11:39,2018-04-18 21:08:31,2018-03-22 00:00:00
03e7fbb471b77e2baedac2662bd76db8,0c848f157605bb2142c5ebea60f348e2,delivered,2017-07-24 21:39:13,2017-07-24 21:50:08,2017-07-25 20:49:42,2017-08-01 16:37:25,2017-08-11 00:00:00
7c37777bdd8b3124246796439d94e8de,69f245be5f53ba788480ffaa3b96d507,delivered,2018-03-01 13:19:20,2018-03-01 13:30:37,2018-03-07 00:04:59,2018-03-15 20:38:21,2018-03-22 00:00:00
7f47078a05106160c009fc89a215b154,2c7c6aac6ed9a1022e01f7c6e3f52831,delivered,2017-04-05 15:10:54,2017-04-05 15:23:00,2017-04-06 13:27:29,2017-04-12 09:57:07,2017-04-28 00:00:00
724d9ea2df2a8c8c93254d43a1016cb5,e0cd116b437ed2501f7b271190b7948f,delivered,2018-08-13 18:43:30,2018-08-13 18:55:22,2018-08-16 08:22:00,2018-08-23 11:45:37,2018-09-13 00:00:00
8d0a114ca37cb411748456b1ee40531b,9025ef74255f0c47c13a1ed465f83a93,delivered,2017-12-10 01:35:00,2017-12-10 01:50:18,2017-12-11 12:10:04,2017-12-19 22:42:57,2018-01-08 00:00:00
fa4f3680ff457defcfbbc4f8e5e7e6fa,474655b3b66a0f79a3f8b4f9c68639b6,delivered,2017-11-16 20:52:38,2017-11-16 21:13:56,2017-11-17 17:56:56,2017-11-27 20:58:27,2017-12-05 00:00:00
4ea61612c2adb6064eee7be77278808d,d8561449c954e3627bc7d836aef3f5dc,delivered,2018-04-11 11:41:56,2018-04-13 13:29:50,2018-04-17 23:54:46,2018-04-26 14:07:56,2018-05-04 00:00:00
ea10bafdf9e136fa51a7d9a436ad9bae,69d8d7e49f532966ea7c5de9803b15da,delivered,2017-07-18 15:24:32,2017-07-18 15:43:25,2017-07-19 20:00:49,2017-07-25 19:14:02,2017-08-07 00:00:00
7b6e1f2c12c784e2ddc7c71547cb6502,05a6f2e172618604c3724bd8f9609d23,delivered,2018-05-03 10:01:02,2018-05-03 10:56:56,2018-05-03 15:11:00,2018-05-04 19:05:42,2018-05-18 00:00:00
0b2f7d7319f367295bd93624be36ed1b,890b202d81e69fff91d33beba38bec9d,delivered,2017-12-26 10:08:32,2017-12-26 10:19:38,2017-12-26 19:53:31,2018-01-06 00:42:38,2018-01-29 00:00:00
aabe36f3706e352ac62dcb1caa6d9d79,9e2fbf49702bad5716487f79ee40b2a7,delivered,2018-02-07 20:53:32,2018-02-07 22:00:39,2018-02-08 20:08:55,2018-02-19 18:26:04,2018-03-08 00:00:00
e7cae8a5597c537df32f554f5b938de1,36122b844a5f69861decff38a343c58c,delivered,2017-11-26 12:53:03,2017-11-28 02:58:36,2017-11-29 18:56:57,2017-12-01 21:19:17,2017-12-11 00:00:00
2b6d1ff8e68170b9ff0b3267c3ae9e72,c091279f532017c47e8c424803f51f3d,delivered,2018-04-19 13:54:11,2018-04-19 14:12:52,2018-05-03 07:04:00,2018-05-15 14:02:19,2018-05-21 00:00:00
2e386010d72473c60bdae32edf6823ad,aa9795e8b1f3047d51b386ad8a0cf1f2,delivered,2018-07-03 18:34:56,2018-07-05 16:11:44,2018-07-09 14:03:00,2018-07-13 00:03:08,2018-08-21 00:00:00
9778cb541669139d06c5aaa454239be2,5ffad35cbda506f66e3ce02fe7461539,delivered,2017-12-14 20:32:12,2017-12-16 02:51:27,2017-12-21 20:32:43,2017-12-26 20:58:30,2018-01-08 00:00:00
196b28752aee8590f3ae915f8592b4f9,bef956fb396932cc6155862a051e4498,delivered,2018-08-06 21:48:24,2018-08-06 22:04:40,2018-08-10 12:57:00,2018-08-14 00:46:40,2018-08-09 00:00:00
906fa2ba215b24e3888dc3f8c0950f78,3ee82f4a953ea7f018f21457044917f3,delivered,2017-07-15 19:04:37,2017-07-16 19:03:20,2017-07-18 13:29:35,2017-07-26 10:38:21,2017-08-14 00:00:00
a6b52290e2cab59e8e7c8382eef9e523,cbd53fe27a0d896fa630df7abf038203,delivered,2018-04-22 13:59:28,2018-04-24 19:04:50,2018-04-23 19:48:19,2018-04-30 17:33:08,2018-06-04 00:00:00
9209a059ff5ac34761920d895dd2d7ee,d2317d845e2470c40a65395b96c49080,delivered,2017-09-16 09:01:27,2017-09-16 09:10:13,2017-09-18 16:11:40,2017-09-21 13:13:15,2017-09-28 00:00:00
09b584a0cd8717a01d318729fa61a867,fc376bd798ea2c82b7603662867ee0af,delivered,2017-08-27 13:44:33,2017-08-29 05:32:05,2017-08-29 23:34:51,2017-08-31 20:17:57,2017-09-14 00:00:00
9ce40c402845819d3d1c88eb10a41e4a,a86314eff3e69dc24f43d56010778157,delivered,2017-09-05 15:11:47,2017-09-05 15:24:21,2017-09-06 14:32:16,2017-09-11 17:43:47,2017-09-18 00:00:00
d026317579e25a9dc30205ba3dfe5b96,f4a6449b040ef45fe219cf5cff341b86,delivered,2018-06-30 21:35:59,2018-06-30 21:50:13,2018-07-03 12:43:00,2018-07-06 14:24:38,2018-07-18 00:00:00
42eb921de62fe52db1e8954ac9971384,5ea0ef1eba15b7f18658bf6792019bd7,delivered,2018-04-11 12:01:10,2018-04-12 08:35:31,2018-04-17 18:02:47,2018-04-24 18:03:00,2018-05-11 00:00:00
f4e8bc6ae51a675b5d9ba08f3a4adf23,0baf61edad2e021f03dc5a4304aef983,delivered,2018-05-19 08:29:57,2018-05-19 09:00:20,2018-05-25 12:18:00,2018-05-28 16:44:49,2018-06-04 00:00:00
2fd592f3553f88b7489e09179c93f261,13f798d5b61ca9fbce91d7d2732080b1,delivered,2017-10-06 08:55:04,2017-10-07 02:35:24,2017-10-09 16:25:06,2017-10-13 17:54:43,2017-10-30 00:00:00
5c0b275c61d766ad137bc3a1627ce777,0b918f630623783e295db67659372d23,delivered,2017-08-03 17:38:50,2017-08-03 17:50:19,2017-08-07 18:33:41,2017-08-16 20:47:50,2017-08-25 00:00:00
cfc586211a3ab93809e258acf7eaf737,37b4b98de348ee99450bbebe89300c28,delivered,2017-12-12 12:10:31,2017-12-12 13:02:23,2017-12-14 02:10:21,2018-01-03 15:32:53,2018-01-16 00:00:00
e30e1b2d38289d666f614ee04f5951ba,94298cbe7a6c41305c767c411762afd5,delivered,2018-03-15 11:16:04,2018-03-16 03:50:15,2018-03-16 21:08:41,2018-03-23 17:28:51,2018-04-03 00:00:00
ed149e6c2ed9dc9748702e5e9cb7483c,d7413590f94e1fa23e820721e53e013d,delivered,2017-11-01 14:09:30,2017-11-02 02:31:12,2017-11-07 16:38:59,2017-11-17 01:33:33,2017-11-22 00:00:00
f67ad055c8a64745e26ca8d2f7a70b7b,0db3ed422aa8051a0bad010c30e5505b,delivered,2018-07-27 13:06:11,2018-07-27 13:24:17,2018-07-30 10:52:00,2018-08-10 22:36:29,2018-08-17 00:00:00
63252ac9fcf4c3668aba4240e5f3b9b2,9a6dfbb7a20366b538ab1cbee3488382,delivered,2017-11-13 14:32:16,2017-11-14 03:50:52,2017-11-14 19:34:55,2017-11-27 22:19:02,2017-12-06 00:00:00
81686c0fdb215cc2c2619c210f140e1c,e448b345bc513a1d73240506700af2b4,delivered,2018-02-21 14:28:17,2018-02-21 14:35:37,2018-02-27 13:35:40,2018-02-28 22:58:56,2018-03-07 00:00:00
f49641d770ece70998b7b5ac891b3cd4,9dcedc76265e3bfef169075507093ea9,delivered,2018-02-12 12:12:34,2018-02-12 12:28:20,2018-02-15 00:27:29,2018-02-19 16:57:09,2018-02-26 00:00:00
c8d07495cb4d7e181efd6c722f77c5f7,c9b32edea9b4dbeb78ff62916e82bb80,delivered,2018-03-26 20:40:47,2018-03-26 20:50:13,2018-03-27 20:22:28,2018-04-04 00:22:27,2018-05-02 00:00:00
9546aa638d07ac340a91c59b0b2dee96,8d0a81505e8e6b660cdb18c8b4c6c2a4,delivered,2018-08-10 16:05:40,2018-08-10 16:15:17,2018-08-10 15:18:00,2018-08-15 19:04:02,2018-08-27 00:00:00
2fdb4ded4a31592814f6865adcaf9ea7,f810431ce112bc435febe209bf81cc69,delivered,2018-01-29 19:03:39,2018-01-29 19:15:27,2018-01-30 23:06:20,2018-02-23 18:33:24,2018-02-22 00:00:00
cacef8f7817587b0fe261f6fec6fedfa,7229f79e1ba20779a834b81b4a4a589c,delivered,2018-04-28 17:33:33,2018-04-28 17:50:21,2018-05-02 14:41:00,2018-05-03 16:22:51,2018-05-11 00:00:00
234d54f2c7e5f1b3fa99a853ee8a6211,d1692429b72bdc73587f97f6815f6f71,delivered,2018-06-22 13:34:48,2018-06-23 13:45:18,2018-06-25 12:59:00,2018-07-10 13:28:32,2018-07-24 00:00:00
f8ec8327ce5365e4a103b8a6a41841de,f0f6699433edca6bbabe571ee635340e,delivered,2018-06-14 16:03:52,2018-06-15 02:58:50,2018-06-19 12:09:00,2018-06-20 14:08:50,2018-06-26 00:00:00
7e80537703a1b61bf60fbc4d67e0d641,cdc3c03dcbbe739ea43815cecb49523d,delivered,2018-07-12 16:36:22,2018-07-13 15:04:41,2018-08-02 05:27:00,2018-08-10 16:54:51,2018-08-08 00:00:00
612369de035e9ef7674cb2af64987979,4f9f51d45dea439f08ee780d99b39eb2,delivered,2018-07-09 14:36:47,2018-07-09 14:50:19,2018-07-10 14:34:00,2018-07-13 16:23:52,2018-07-18 00:00:00
a5761ae3b7893e73551cb09842b9062f,10ecda9d739a3448c7004f8ca0c75361,delivered,2018-04-13 10:07:42,2018-04-13 10:15:21,2018-04-17 11:02:23,2018-04-26 20:14:38,2018-05-22 00:00:00
78b7833f56f2ac54efd0e617ef4d4673,af07167f572cbc51105852f8cd94b89a,delivered,2018-04-20 07:37:25,2018-04-24 18:05:15,2018-04-23 19:24:45,2018-05-25 22:38:38,2018-05-25 00:00:00
b446fd5e2b89b4ea9f610815cb707bc3,b775ec8e7c741faec597b40988848e05,delivered,2018-08-02 19:00:27,2018-08-02 19:15:11,2018-08-06 08:27:00,2018-08-10 19:38:36,2018-08-21 00:00:00
80ae48078a8d6d539933ba20be26c8d7,09073977bb5829608c8e30ad15248f82,delivered,2017-05-15 08:21:57,2017-05-15 08:35:15,2017-05-17 13:52:39,2017-05-23 17:16:32,2017-05-31 00:00:00
3bdbd9f5f42278fb48aa879475fb33b4,6f6902e823f6258c17980cde1826c420,delivered,2017-08-24 15:47:18,2017-08-25 02:50:36,2017-08-25 19:22:20,2017-09-08 20:37:28,2017-09-27 00:00:00
3f0f3c811e704a2423f25301eaedf047,3c29fd050b0f03c8edd4954ff0630eb7,delivered,2017-08-12 11:43:43,2017-08-12 11:55:21,2017-08-14 20:11:47,2017-08-16 12:29:17,2017-09-01 00:00:00
69aa05a091f9c98077f9a2ed8a2dafdd,0f077bc300c67ba6d69ac5302b42cd3f,delivered,2017-12-29 19:50:28,2017-12-29 20:07:02,2018-01-03 13:40:28,2018-01-04 14:24:33,2018-01-18 00:00:00
9d85f63ebf2543ff0cb9d3a3bdd7ead8,9388e71431ac086bae43ccdea08d6167,delivered,2018-07-25 12:14:45,2018-07-25 12:25:13,2018-07-26 12:26:00,2018-07-30 15:08:45,2018-08-28 00:00:00
f33b50da379ff892a3ad9d9fc6fdf23c,6258c05f1b3a07b7d33da59efd87ac75,delivered,2017-11-24 08:16:16,2017-11-24 08:49:46,2017-11-29 00:36:58,2017-12-11 18:33:32,2017-12-18 00:00:00
f7e0ff5f2a61e39b3c4641f3957c1c8f,631b9cf61859e356cb7e233f0982c6d1,delivered,2017-06-12 17:56:15,2017-06-12 18:05:22,2017-06-14 12:42:38,2017-06-16 13:17:43,2017-06-29 00:00:00
91c6465db4928c8a908d1056f5763c8e,5fd62f8496b82e90e5879bb3769ea361,delivered,2017-12-02 18:23:33,2017-12-04 19:31:12,2017-12-06 05:04:45,2017-12-17 16:48:58,2018-01-15 00:00:00
ee7de003de847c16e21f5298adf1d963,009c9d2be03f80df9ef29fade7f998f3,delivered,2018-04-14 17:17:10,2018-04-17 05:50:56,2018-04-17 22:32:15,2018-04-20 23:26:29,2018-05-10 00:00:00
fbc212270a939b78ed5c8abcdc365ecd,59116842028366f9c16cb7c7e45c9306,delivered,2018-07-24 06:42:04,2018-07-26 03:25:14,2018-07-26 13:04:00,2018-07-30 15:37:51,2018-08-27 00:00:00
cca6db6aa192f99ed392d637fc8c1b86,dd016c21610e21f5aea27c2e560d1b76,shipped,2018-01-31 15:35:20,2018-01-31 15:53:32,2018-02-02 01:43:57,,2018-03-01 00:00:00
f280ca4b6f953fa570dedf6f9b6f383b,8e88dfbdc464985339b99f7738ba6962,delivered,2017-11-21 18:08:10,2017-11-21 18:17:00,2017-11-22 20:22:52,2017-11-28 20:17:37,2017-12-04 00:00:00
1e4dc51447faa970879bb120932eebb6,62713a902fd08c5ef31f5f108e95a168,unavailable,2018-01-22 09:27:54,2018-01-23 03:52:47,,,2018-02-14 00:00:00
fcfc50a9520809adee86b167b0cf297e,b06fdea956d8b0a32da0e6e8df86d347,invoiced,2018-05-21 18:01:28,2018-05-21 18:53:39,,,2018-06-07 00:00:00
d7eb562631f3f08adc0a2428d057fc5e,7bf5c12ace6b84623dfbf869d1eb0bc9,delivered,2017-09-21 11:34:13,2017-09-21 11:50:10,2017-09-25 19:12:25,2017-09-28 18:28:47,2017-10-16 00:00:00
672dbfbd96238e4d07021fcdd9152b6c,b775111784ea2c3a1f3fd11125a07add,delivered,2018-08-05 22:28:27,2018-08-05 22:44:19,2018-08-09 14:44:00,2018-08-14 20:51:25,2018-08-29 00:00:00
818616212e51e6a1acfdf026e90c75c5,dfdeaa14f368e1d03473fbf43f0bada4,delivered,2017-06-17 09:59:09,2017-06-17 19:31:01,2017-06-20 10:53:39,2017-06-23 10:34:03,2017-07-11 00:00:00
8f0033d3ef07e82e7e942e4136cfbf50,c2895b6e8e550f6b2f424e5941ec1e68,delivered,2018-08-11 14:31:30,2018-08-11 14:45:07,2018-08-15 12:53:00,2018-08-29 00:03:16,2018-08-28 00:00:00
9e6bddc3c8c30bb4f9e51b87aea82dd8,68297f12a6093d12d42f2dd6b60f6a5e,delivered,2018-01-27 09:47:40,2018-01-27 10:46:21,2018-01-29 22:10:35,2018-02-14 19:04:07,2018-02-22 00:00:00
25f881c06011a27d879e9f15328a57e0,633586e0e4e3686ee988c54b28e1f4bf,delivered,2018-03-15 15:45:18,2018-03-15 15:55:25,2018-03-16 18:44:26,2018-03-27 20:08:50,2018-04-17 00:00:00
f22aed5c774f9d70037e26c5a4b691bd,c1aaf0e0e10e85bae38f799abe25e88b,delivered,2017-03-09 10:24:00,2017-03-09 10:24:00,2017-03-10 09:13:51,2017-03-15 11:37:53,2017-03-30 00:00:00
cbe171f29dd9a2c2e2aa929bd4cb2646,fed7332ea01f08de619d1f26298d9179,delivered,2018-06-28 17:31:59,2018-06-28 17:52:04,2018-06-29 17:58:00,2018-07-04 19:50:52,2018-07-24 00:00:00
fa72cc9a6c1effa9ce0166cd8d5d79cf,5ba80471d655334dc80edc0d94bcb538,delivered,2018-05-07 16:00:05,2018-05-07 17:30:55,2018-05-10 14:28:00,2018-05-14 22:04:17,2018-05-18 00:00:00
aef772050dbf72333f86812f5b2b7921,c6686d0baf735d0f767b456e910c7a9e,delivered,2017-05-19 23:44:08,2017-05-23 03:45:16,2017-05-24 11:42:01,2017-05-31 17:39:58,2017-06-20 00:00:00
0f9ae004cd5a93d115668cff55d33be3,ee89fe624b4e22ac4beffac85aa26461,delivered,2018-04-11 17:48:37,2018-04-11 18:10:57,2018-04-12 17:08:50,2018-05-15 16:58:34,2018-05-22 00:00:00
4a8dd75d2cdd9cb708636e1aa5a1bb29,b13e22ce02ce3538542c89fa6d25ed79,delivered,2018-02-24 20:54:13,2018-02-24 21:28:11,2018-03-06 20:51:55,2018-03-15 16:41:14,2018-03-21 00:00:00
9ff240b0d6016a232a320dfb5ee5f7ac,57613b233841cb5d133f6fd1fe6a98cc,delivered,2018-01-16 18:50:42,2018-01-16 19:10:52,2018-01-25 22:42:56,2018-01-26 19:53:04,2018-02-06 00:00:00
15c04e22d4240a02f3f968690b8162de,353304a58d33fb139cbd70a09140b7d3,delivered,2018-02-20 23:03:44,2018-02-20 23:15:35,2018-03-06 22:45:31,2018-03-23 15:41:43,2018-03-26 00:00:00
64a52e5a0f31a4ccfe2f4318f49aa33f,c11fbe7b388030172ad222267ef2d57a,delivered,2018-07-07 22:14:45,2018-07-07 22:25:39,2018-07-10 11:13:00,2018-07-13 20:32:53,2018-07-26 00:00:00
a949114fa0f52e4e6f29d71235868783,2b91c0e00db628c7f3f8f581ebd9c4e6,delivered,2018-02-11 00:55:34,2018-02-11 02:09:06,2018-02-16 17:16:13,2018-03-02 00:38:44,2018-03-12 00:00:00
b8f82235baaa1a837797d86544239b5c,b7cc3569a50fb870096a1cefb406ffe6,delivered,2017-06-14 11:28:53,2017-06-14 11:42:54,2017-06-22 11:03:03,2017-07-03 16:56:44,2017-07-26 00:00:00
4852f370542e79ecd0ad9671dfcbc91b,fe25712115807b021f9006b84aec0ee9,delivered,2018-05-24 14:13:49,2018-05-24 14:33:28,2018-06-08 14:56:00,2018-06-13 20:47:35,2018-06-28 00:00:00
d0506b5ff5f73a65977c2776c1bac536,675295290d664e48d47ec07cd24468e9,delivered,2018-06-26 14:07:10,2018-06-26 14:33:58,2018-07-02 14:31:00,2018-07-10 22:13:43,2018-07-19 00:00:00
6161a508b482a6f6cd50ac0449759706,0554215db356afb462ddf6089c4f6963,delivered,2018-08-22 17:13:13,2018-08-22 17:25:13,2018-08-23 16:26:00,2018-08-29 16:41:40,2018-08-31 00:00:00
01d9a9aa7feccdaf99f7ea832bfa7301,4e2a379354e75a4545a46fe69949844f,delivered,2018-08-21 21:53:58,2018-08-21 22:05:16,2018-08-22 12:17:00,2018-08-23 20:04:06,2018-08-24 00:00:00
0606be58306f48924f5b44a39cfab9ec,a780fe4a7d5352de0e30ef4dcfbdc846,delivered,2018-06-07 20:35:11,2018-06-08 20:34:31,2018-06-11 14:43:00,2018-06-21 18:49:43,2018-07-19 00:00:00
70540cb2de8cdf8a399817159fc108e0,ae1e1f0cec5df61e31eaa2c12d094fe5,delivered,2018-05-10 16:38:55,2018-05-10 17:37:45,2018-05-11 12:46:00,2018-05-16 00:54:44,2018-06-01 00:00:00
f7e9d1102c74fbea13db18cf2208fe3f,74359c5e719163f7edb9a3f29ba6fbab,delivered,2018-01-09 17:17:41,2018-01-10 10:32:22,2018-01-10 20:10:08,2018-01-26 22:18:15,2018-02-26 00:00:00
832b3205936a6be47bc23c116eb22e8d,44a201b41213d0cb2bfbafe2f17fd3d0,delivered,2017-12-02 20:10:59,2017-12-02 20:31:39,2017-12-04 19:25:29,2017-12-07 22:07:08,2017-12-28 00:00:00
38d33a629bb89c609344e7ef727bed13,9a2f80a6ac8f9a790c95774740335fa7,delivered,2018-04-08 17:36:18,2018-04-10 04:15:35,2018-04-11 14:18:36,2018-04-12 23:21:42,2018-04-25 00:00:00
7249180b70badb4081586e4964f2c675,f72d23faedce4668482b0952c3907d3f,delivered,2018-08-01 12:57:36,2018-08-01 13:40:21,2018-08-07 13:02:00,2018-08-18 11:27:36,2018-08-15 00:00:00
42a1ac4cb7d28070b0c76e92bac2e087,10534aa113c7fbf11192c2e7f2763052,delivered,2018-04-03 17:45:41,2018-04-04 17:50:26,2018-04-05 17:37:35,2018-04-17 23:32:34,2018-04-27 00:00:00
8604fe3792737b36c7d60058b2d7a0ec,0308c8188ffa174ae335cf15234bef98,delivered,2018-01-24 18:39:56,2018-01-24 18:52:50,2018-01-25 23:13:23,2018-01-30 22:38:27,2018-02-20 00:00:00
51a9b8069f801dc897252c09cd5831ca,960d47c0d03beb3e76e8772dd879e7d9,delivered,2018-08-06 15:01:20,2018-08-06 15:10:22,2018-08-10 06:50:00,2018-08-14 16:34:46,2018-08-13 00:00:00
3b4a2b377fe671156cd586637d974f3f,b71d37b2430a0b3e0bb74cb6e7d52c3c,delivered,2018-08-15 22:41:12,2018-08-15 22:50:16,2018-08-23 17:14:00,2018-08-29 19:55:31,2018-09-05 00:00:00
bf810a0d3b86bd83b11f6a426aedd339,a3cfc219899f8a9d074f534d8a527059,delivered,2018-04-10 20:27:08,2018-04-11 09:12:26,2018-04-11 21:18:21,2018-04-17 19:21:15,2018-05-04 00:00:00
7905d74aefff427d164bf8a4b274fc9c,163a1a773e83bb4ec009b749a84e9666,delivered,2017-05-21 08:04:03,2017-05-21 09:04:35,2017-05-22 08:37:07,2017-06-06 13:33:06,2017-06-23 00:00:00
ded5354b425cb60510972f4c92308d47,a44e1f83d67e91d573b65189302e7c54,delivered,2017-12-02 19:00:27,2017-12-02 19:11:21,2017-12-04 19:37:29,2017-12-11 14:19:10,2017-12-28 00:00:00
abdebb57cdeab645971e43cbe3c2f32b,d26479e3d4ae4515761df4f01cc3cf5b,delivered,2018-02-08 20:56:42,2018-02-08 21:10:23,2018-02-09 22:59:03,2018-02-22 17:08:02,2018-03-09 00:00:00
33e5224f58fe2ca5d11f07b36f3fb6ec,91e9379e373698c0a78d1be3ad7b2a4c,delivered,2018-01-15 11:27:28,2018-01-15 11:50:27,2018-01-17 00:35:19,2018-01-29 20:32:31,2018-02-20 00:00:00
d09ffbeb0a9095250893b3da1ce411e6,7de43a2da470251d7f51f26a3d42ca4d,delivered,2018-06-23 12:53:04,2018-06-25 10:53:45,2018-06-26 12:11:00,2018-07-05 17:27:44,2018-07-27 00:00:00
9de18154654e59d76a22157b8e439add,f4eaf5d95978c53f17c3395c1d4262b2,delivered,2018-07-24 11:46:04,2018-07-24 13:31:39,2018-07-25 14:12:00,2018-07-31 15:24:39,2018-08-17 00:00:00
99763d9a29968ec4bf66eeab50245db0,41d82a50627bdd848154aa0e9fdb1538,delivered,2017-11-24 09:00:10,2017-11-24 09:12:00,2017-11-24 21:38:29,2017-12-05 17:57:07,2017-12-15 00:00:00
6f4a84455372ad6b74c6ddd49e730539,43f44585945297e024c2f5814c7b408f,delivered,2018-02-13 02:42:20,2018-02-13 02:55:20,2018-02-15 15:17:00,2018-02-26 19:38:54,2018-03-08 00:00:00
403607f34876d4bb53d5184c2282e59c,5d7db21cd741bb58c88baf1e53a578a1,delivered,2018-08-03 09:03:38,2018-08-04 09:04:01,2018-08-06 07:08:00,2018-08-13 22:54:47,2018-08-27 00:00:00
c3e0d294fd277124450f8776d63dee4d,bba22cf547d984282a0659bdc21b832a,delivered,2017-07-26 08:51:15,2017-07-27 10:42:41,2017-07-27 15:38:24,2017-08-03 16:05:54,2017-08-15 00:00:00
62e724c4929b9543648a7443b0cecb74,af2b35a1f9142e795b3bf98aa48ed575,delivered,2018-02-22 08:34:25,2018-02-23 02:31:06,2018-03-02 01:08:41,2018-03-23 02:51:53,2018-03-19 00:00:00
cb4063ae2e143a81d00c140fc62fc71f,2c72a677f4b7fbb494bf786d52269460,delivered,2017-11-29 13:17:23,2017-11-29 13:37:09,2017-12-09 02:12:16,2017-12-12 17:38:04,2017-12-14 00:00:00
ca836e631fd3b9408c19cf18ee331e08,49028f064e4f19ec1ce88607c1b40595,delivered,2018-04-04 11:40:12,2018-04-06 03:28:46,2018-04-07 01:42:39,2018-04-13 19:08:30,2018-04-26 00:00:00
48972775375677a6b44d8733e4f8c812,817c0a5bba6ada57e5de2262bee76be6,delivered,2018-08-19 12:36:35,2018-08-20 16:50:16,2018-08-21 15:43:00,2018-08-22 23:42:55,2018-08-24 00:00:00
99ef3bde6a28c3a831215a21596b0d85,b8e5f13a17dbba03c377de6deb70c588,delivered,2017-02-09 18:26:58,2017-02-09 18:35:16,2017-02-10 15:11:32,2017-02-20 09:53:43,2017-03-10 00:00:00
0cc4f59df564ec8dd6539dfdd8b29472,a039d274b51a190d03680d06479c7c1f,delivered,2018-03-06 11:42:16,2018-03-06 11:55:45,2018-03-06 21:57:06,2018-03-07 15:26:14,2018-03-16 00:00:00
62b7c4dfc1bfb412daf2852c00c4a672,4675b55ad5cf9302218e93ac1e82dbce,delivered,2017-06-16 21:48:41,2017-06-20 10:45:26,2017-06-20 16:52:34,2017-06-28 14:16:37,2017-07-18 00:00:00
5ca67c75fe0b43ebc7ff9e3711b44162,a262c4837d797bd91c98d5249f31baac,delivered,2018-03-05 12:31:53,2018-03-05 12:50:30,2018-03-08 21:50:55,2018-03-29 16:34:48,2018-03-23 00:00:00
ce435884a2e9263799fda4abd28e7ea1,6805eb20b2eaf1e97f56e0fcb1a74def,delivered,2018-03-18 23:09:45,2018-03-18 23:27:45,2018-03-19 18:51:16,2018-03-30 00:02:28,2018-04-09 00:00:00
a2a802d19d01ddbdbf3920d42a2e6a64,5188c99c0e8778da0fa1c8df32b24c3b,delivered,2018-06-04 15:53:44,2018-06-04 16:12:34,2018-06-06 12:31:00,2018-06-13 18:46:45,2018-07-11 00:00:00
931fdd63ba701dba6def14b3655e0a32,bc4851eac6f3eae2da00c2d91f5c5c41,delivered,2017-12-01 14:38:00,2017-12-01 14:49:40,2017-12-04 21:42:11,2017-12-19 18:07:35,2018-01-02 00:00:00
d595d12a400a55972bc4a65cbfc2f6c6,0d18892f140925a15969429d0849f3ed,delivered,2017-10-01 16:45:09,2017-10-01 17:04:10,2017-10-03 18:23:23,2017-10-12 17:27:51,2017-10-27 00:00:00
8f1cfc5cfd60e1141412987f215c8a01,0fd53cbc9dc85be3e9d7c6e74bc957a5,delivered,2018-04-12 20:49:51,2018-04-13 13:14:57,2018-04-13 22:38:51,2018-04-18 19:14:27,2018-04-30 00:00:00
4226897596086a3e840fd72442221850,5b6c9b4cc753bfd2ba753bcb51b56a56,delivered,2018-01-25 23:23:03,2018-01-27 02:47:22,2018-01-29 18:09:03,2018-01-30 23:26:24,2018-02-09 00:00:00
05857c3db4187fe99fe1ae8b69747ab3,89430c6977d04d2733f4dd588d27f43f,delivered,2017-04-22 12:23:03,2017-04-22 12:35:23,2017-04-24 12:30:13,2017-05-03 16:07:53,2017-05-11 00:00:00
0a4bcba63e99001ad0349d8832963afe,259cd2e47ae29b399f8d36176b542785,shipped,2018-02-26 10:07:19,2018-02-27 04:31:06,2018-03-02 16:22:36,,2018-03-16 00:00:00
60301aefa80ed57de1c39335c519622c,6bd97cd7b6f5dd3508633001ceedfdc9,delivered,2018-01-31 18:35:14,2018-01-31 18:49:56,2018-02-01 23:18:56,2018-02-19 23:52:12,2018-02-26 00:00:00
16e233a1bc2e990959d5d28a9f4dab53,c8cb4c33588de8383a23b48b793d240c,delivered,2018-04-24 17:29:20,2018-04-24 19:09:57,2018-04-26 13:39:00,2018-05-09 05:46:53,2018-05-22 00:00:00
84067c1987477431836bf30d8689f6b0,5e289e8cd3b3f0416de203a17fac23c7,delivered,2018-04-06 13:03:51,2018-04-06 13:15:18,2018-04-09 19:41:20,2018-04-14 12:33:36,2018-04-26 00:00:00
6a840170ff9f5c99f069b8526d8c21a9,8ca7c9ebd7fe862bbe3af6866f1b2d20,delivered,2018-03-14 09:52:07,2018-03-14 10:08:29,2018-03-14 20:58:54,2018-03-15 21:42:46,2018-03-27 00:00:00
3a57e4aedebab3c2289a8aa44e405ec0,981f069de04dace1ddefa6090489cb4a,delivered,2018-03-26 17:45:48,2018-03-26 18:08:06,2018-03-28 21:41:12,2018-03-29 14:17:14,2018-04-10 00:00:00
b061c1796cd341f652a36bdd8a5aedcf,3ada6c72db8b9159deef90a02a023066,delivered,2017-12-03 23:27:02,2017-12-05 04:12:04,2017-12-05 21:58:45,2017-12-07 18:23:06,2017-12-20 00:00:00
ef303518c213c484b45e3cd59f745bbd,14148e8de854cb67d2c730d568af1ed2,delivered,2018-06-19 19:58:06,2018-06-19 20:16:32,2018-06-20 12:14:00,2018-06-29 16:57:46,2018-07-18 00:00:00
4a6779a79e8397160e34e7e005321200,ea75bd99dd3d578861b85d1d1f28b903,delivered,2018-05-10 12:46:02,2018-05-11 16:18:40,2018-05-16 15:29:00,2018-05-22 11:38:33,2018-06-14 00:00:00
4fe44efd8929f9dc43de71da5537c25e,204861dbe8e80c1ed8b5257381bfcbec,delivered,2018-05-16 21:15:36,2018-05-16 21:35:59,2018-05-17 14:09:00,2018-05-18 19:58:48,2018-05-28 00:00:00
51177c088b8f453ffbfbbe60aa8a39f3,9719e4d70bc27545f643cdbdbe5c5578,delivered,2017-05-03 21:47:51,2017-05-03 22:02:34,2017-05-08 15:35:45,2017-05-16 10:53:58,2017-06-07 00:00:00
793af9c2995ef7353d68d41e805a740c,bc1a49e5761918817835505d305c704b,delivered,2018-04-10 09:29:44,2018-04-10 09:51:07,2018-04-11 17:04:20,2018-04-16 23:56:36,2018-05-03 00:00:00
0a1d3041cccb0462981aec3f0b1ad106,a75d7c5126b91788b209b80176b03151,delivered,2018-08-17 16:36:55,2018-08-17 16:50:04,2018-08-21 08:29:00,2018-08-24 21:31:17,2018-09-11 00:00:00
08e33dc1bf04d3cbc2fb5e93fbfcd6c2,f501c6a2d17e3db17c26f8728988616b,delivered,2018-06-24 21:20:11,2018-06-26 05:13:01,2018-06-27 09:28:00,2018-07-03 23:33:29,2018-07-20 00:00:00
416c076dfc39af8d2ac638a07641414a,ef9b3510ba80873dd2e3fd3984ad1665,delivered,2018-08-11 09:50:14,2018-08-11 10:04:39,2018-08-15 12:49:00,2018-08-22 23:03:33,2018-09-05 00:00:00
3bb3f7783f2e72ad6c1baacfdc807994,363491bac85cfd440eacdf521ac9bb2b,unavailable,2017-11-30 16:45:27,2017-11-30 16:58:24,,,2017-12-18 00:00:00
2ccc4ef33a6274500f8eb7b10c5f4b39,5f3e5c17d9cb18877b30dd37487345d5,delivered,2017-07-01 22:56:00,2017-07-01 23:10:13,2017-07-03 12:37:44,2017-07-05 16:26:36,2017-07-14 00:00:00
a9b8ca11d1c4f895787b4503f3772706,1fef69d2c1caa29efde6334f753dc41a,delivered,2017-04-20 12:22:59,2017-04-20 13:06:13,2017-04-20 14:31:21,2017-05-02 17:45:05,2017-05-12 00:00:00
7dd7119f5e4a11c202cc89a68c123a14,9beab01fa571e9e5b47c42573490a67c,delivered,2018-05-09 10:05:34,2018-05-09 10:31:31,2018-05-09 14:08:00,2018-05-12 10:51:29,2018-05-23 00:00:00
f245cbeb5e2f1bb0fe643069bb2eee06,19436fb3ff972066d6abf7a2fe66a4c6,delivered,2018-08-01 22:31:08,2018-08-01 23:03:49,2018-08-03 11:08:00,2018-08-08 18:47:36,2018-08-17 00:00:00
9827a7b79fe79be87d4d845fbe1e16e4,cc11572c482c869f138da6d448879444,delivered,2017-09-18 21:36:58,2017-09-20 02:24:01,2017-09-22 20:16:49,2017-09-28 21:33:54,2017-10-06 00:00:00
1c3680cf7c64b8f0419ae839d0a44db6,540c737fc18060325ed168d358bb824d,delivered,2018-05-27 12:07:47,2018-05-27 12:17:04,2018-05-28 13:58:00,2018-05-29 17:32:25,2018-06-20 00:00:00
a0d8e0c491e4b25ae11e8bb875935c18,e9fc7edd6cde2e8c4f7f8617ed9cc8d4,delivered,2017-01-31 11:26:49,2017-02-01 02:35:18,2017-02-01 12:02:20,2017-02-02 11:09:49,2017-03-01 00:00:00
1d0b0f924b8d43293ce021e875a67eec,425ed4e462dec1d7b049eb102acdd934,delivered,2018-01-13 08:36:23,2018-01-13 09:09:22,2018-01-17 21:09:14,2018-01-22 19:42:01,2018-02-09 00:00:00
5d502df088caeaef73c83de571ef31d7,3ed3b8e6500fffcf751b8861174195f3,delivered,2018-02-19 23:20:19,2018-02-20 00:26:53,2018-02-21 16:22:26,2018-03-10 16:36:36,2018-03-16 00:00:00
cdd1432a23108f3aff0acc23792b8285,2d235daeef950bf253fb464974d9aff6,delivered,2018-05-11 12:18:31,2018-05-12 03:15:15,2018-05-17 14:56:00,2018-05-18 19:32:22,2018-05-23 00:00:00
6002f6fd11937a1461a6c4780232191e,bce76905ad97b841d0dfd550f4e16b1d,delivered,2017-09-18 23:29:20,2017-09-20 02:39:58,2017-09-21 15:27:20,2017-09-29 20:56:25,2017-10-09 00:00:00
20fc41b5546587400e8ef6a97936ed06,388a6d24e09dfca3841df183da7b0b92,delivered,2018-08-08 12:05:08,2018-08-09 03:45:23,2018-08-09 13:44:00,2018-08-13 20:48:52,2018-08-23 00:00:00
63770e5bb4dbde814360a6e2ac62caef,7dc919067ead3c078025c82e800efab7,delivered,2017-06-24 20:54:22,2017-06-27 03:55:19,2017-06-30 14:02:49,2017-07-07 17:12:38,2017-07-18 00:00:00
b695fe5ddff53003c905080dc456cd7a,9fda8229baa8c927fe3eb495042ff95e,delivered,2018-02-10 09:40:12,2018-02-10 09:55:31,2018-02-17 04:34:00,2018-02-23 19:33:41,2018-03-06 00:00:00
64fa84c83d247d06bdb6cc81564890e3,82bf93cbbee8b49bd07234625addbd83,delivered,2018-08-21 15:44:52,2018-08-22 03:55:19,2018-08-22 19:09:00,2018-08-23 19:13:49,2018-09-04 00:00:00
022d47e6dd2e127493b8f51c8408078c,02d2c49ef9837fbf18d71940dd7cf97f,delivered,2018-01-13 17:33:23,2018-01-14 17:28:45,2018-01-18 22:41:55,2018-01-22 17:10:03,2018-02-05 00:00:00
e375d0d9503a5e95db66e6a83833b5cc,82c88c9c55cbb22b8cb4479e6334b454,delivered,2017-09-25 10:03:34,2017-09-25 10:15:19,2017-09-26 20:09:21,2017-10-02 19:03:05,2017-10-17 00:00:00
0f0238a7185cf8f3f3f6404d1f5ea306,ebd5be4611773d33c22df823b634d225,delivered,2017-07-08 19:59:17,2017-07-11 04:10:21,2017-07-12 19:51:12,2017-07-14 19:33:06,2017-07-25 00:00:00
3745e06e7f01e1652cfd4b9d31651820,08dc68ad9ab343289844fa36f6963b8f,delivered,2017-12-02 18:26:35,2017-12-02 18:35:23,2017-12-04 14:31:34,2017-12-19 19:46:39,2017-12-29 00:00:00
cea503481ea27c2c550bc48e007fc0a8,f526bb86f9f476414d20f3def075c794,delivered,2018-07-11 08:13:31,2018-07-11 09:26:06,2018-07-11 15:05:00,2018-07-13 16:08:49,2018-07-25 00:00:00
1631521110aac3da4983314a2ae78ba2,d14a78215272e49773f7c8e45e5abb66,delivered,2018-08-06 21:18:30,2018-08-06 21:25:15,2018-08-07 10:34:00,2018-08-13 17:56:48,2018-08-17 00:00:00
491b3517aceaf23456a3a9cb1d95feab,d37b5fb9d0d04e5c6cac19f72b4ee5cf,delivered,2017-03-08 21:55:07,2017-03-08 21:55:07,2017-03-10 09:32:35,2017-03-20 10:04:47,2017-03-29 00:00:00
4e5eb92b77d7214fc3587113fd8374d7,f2f1996d492eeed51d8e8f181bc3418c,delivered,2017-11-13 21:16:48,2017-11-15 02:51:06,2017-11-22 23:14:40,2017-11-28 23:04:42,2017-11-27 00:00:00
291968f5d2acf526dad62cd114593463,a3cd105dab87c69d5efc7a94381706dd,delivered,2017-11-26 14:15:50,2017-11-27 21:15:35,2017-11-29 18:28:55,2017-12-03 14:35:06,2017-12-11 00:00:00
d66fe524b24e426e1f20aa7358ef80db,1612ff515cbb719b4fbea23720a1bc0c,delivered,2018-06-27 20:57:19,2018-06-27 22:01:43,2018-06-28 15:34:00,2018-07-03 19:16:45,2018-07-12 00:00:00
bfb04781e6dc96f737795a633dfd1b80,da4c3e669ffed2d54146919af6a78d27,delivered,2017-03-05 12:06:25,2017-03-05 13:05:27,2017-03-06 11:20:14,2017-03-14 11:35:29,2017-03-28 00:00:00
140c901be097e36e0ee9e2249e97dfdd,b5326d3b5a5bf32edf7bc68d9010e0d9,delivered,2018-05-18 11:47:27,2018-05-18 13:13:21,2018-05-28 12:49:00,2018-06-01 22:28:52,2018-06-21 00:00:00
509b62447c7e923930921811c30ac6a9,392e554526b6f08326db4fd0c99feae4,delivered,2018-08-19 17:45:12,2018-08-20 12:50:12,2018-08-20 14:30:00,2018-08-27 15:26:58,2018-08-29 00:00:00
9fa420e862b14f1b9485b201599dc574,6abace75252f2124cf2c0c3069bcab4a,delivered,2018-04-09 12:58:14,2018-04-10 04:10:32,2018-04-11 20:22:02,2018-04-17 10:46:53,2018-05-04 00:00:00
32f133e6183197d366f71e2d37f823bd,a7d431da1da2c65d5d93b343e122d2ab,delivered,2018-06-10 11:04:34,2018-06-12 04:17:49,2018-06-12 11:26:00,2018-06-18 22:27:07,2018-07-25 00:00:00
780d06f3d4a6cf29181986194b9c23bd,b6a1f0f770066f23f23023262bd47f63,delivered,2017-04-03 10:49:06,2017-04-03 11:02:43,2017-04-07 15:46:23,2017-04-17 12:37:02,2017-04-26 00:00:00
36420a143847ed4a3a7856f3803ec78b,ba7bf9187d8a05d7646a325a3575932a,delivered,2017-11-24 13:02:52,2017-11-25 04:53:31,2017-11-28 10:27:01,2017-11-30 18:08:06,2017-12-14 00:00:00
f3c997e9b2e9848caab4687aabaee30b,23bd7d98eb7c09345bcfb6796cbca4bd,delivered,2017-10-25 18:05:14,2017-10-25 18:25:55,2017-10-26 18:37:54,2017-10-27 19:30:00,2017-11-07 00:00:00
e9c84eca2fb9e4a208e311ac45eb220b,70337caf190d1780a90ef176de122e31,delivered,2017-12-09 17:42:34,2017-12-09 17:50:31,2017-12-11 20:57:41,2017-12-18 18:35:25,2018-01-04 00:00:00
74f04ddd0bd65a396c7210db1e0d1259,ab2bba75dd82ff495694470d58fe2f56,delivered,2018-02-23 15:21:07,2018-02-23 15:35:25,2018-02-27 00:27:05,2018-03-02 18:54:37,2018-03-15 00:00:00
e3618dffd8f8f787a12ad38ce9b342b3,89c4c6c5d68dd784c4bd60c4d4500e4a,delivered,2018-06-12 02:17:21,2018-06-12 02:36:15,2018-06-12 12:40:00,2018-06-19 00:08:50,2018-07-05 00:00:00
10ade03150da4c3a784807bae033f361,d7886c597dd3eb4baf76f81484a4b7f9,canceled,2017-09-03 14:54:11,2017-09-03 15:10:10,,,2017-09-15 00:00:00
f5dbaf6c0097869f39c165f8677540a2,5245740a757b679fc210f46d7bc681b0,delivered,2017-05-23 22:59:24,2017-05-23 23:10:12,2017-05-24 09:10:55,2017-05-30 11:14:44,2017-06-12 00:00:00
e839d1b21d3efdeb377a2689db711b68,c77cf42ae5c9e65304958f02c978145a,delivered,2017-11-24 08:50:57,2017-11-28 03:38:34,2017-11-29 20:18:55,2017-12-13 19:59:14,2017-12-26 00:00:00
a4cc6870ef62de14130af4692815c82c,614d3b628cf514be479410ed80dc1518,delivered,2017-11-16 22:11:01,2017-11-18 14:46:16,2017-11-22 15:38:36,2017-11-25 15:31:43,2017-12-07 00:00:00
d69fcef5a5fe3a3db60ea65c6ee499cc,ff0340330283c0d05ea7281e67fa2e76,unavailable,2017-12-02 10:11:44,2017-12-02 10:30:31,,,2018-01-08 00:00:00
452f45581d396d07e3a7e9f4b4daf866,803f49f161629fc6ff7d59aa6aa543a8,delivered,2017-11-17 15:28:59,2017-11-18 02:50:29,2017-11-21 22:41:32,2017-11-30 23:36:33,2017-12-08 00:00:00
f5508c24aa4418c7069ad5a43b06bdee,73c5b90f781d271fe81aad2a4f3fdb09,delivered,2018-05-14 20:38:09,2018-05-15 04:52:36,2018-05-15 14:21:00,2018-05-18 19:16:45,2018-05-30 00:00:00
a12f4d6bb108cc421a0fbeb4ce5c6804,39df6b104a8835de07f1cdc4b62312c1,delivered,2018-02-19 22:03:20,2018-02-19 23:07:31,2018-02-24 18:12:13,2018-03-02 19:09:27,2018-03-13 00:00:00
94f7f6c088f847330bde21f4ba450b2c,678d9fab75387a33fd858264e25a7530,delivered,2018-01-12 22:53:41,2018-01-12 23:44:56,2018-01-16 00:04:16,2018-02-08 20:41:42,2018-02-20 00:00:00
b87bff2c2c7ce847dc3c9459a117c3b5,4641dad4727af4e3ba6e53b0380f8f39,delivered,2018-04-04 11:19:17,2018-04-05 02:27:57,2018-04-09 12:46:50,2018-04-12 15:41:16,2018-04-26 00:00:00
48b3645f62cbacd4396279c43e8fb4b2,c8acaa9e724e15c79813b36a6f243d1a,delivered,2017-11-20 15:58:23,2017-11-20 16:09:18,2017-11-22 00:11:51,2017-11-23 17:51:48,2017-12-01 00:00:00
8e47a04b25d7a7075064e8e0bd2e0318,6809c387b18253d7e92f69dbecac26ca,delivered,2018-04-01 15:25:27,2018-04-01 15:47:52,2018-04-04 19:34:29,2018-04-05 20:36:42,2018-04-12 00:00:00
21c9e1884faf91f5fc65224d92b2ef83,0de7cc8d3218ed73d9621192453a418a,delivered,2017-07-05 18:33:29,2017-07-05 18:45:14,2017-07-06 14:47:57,2017-07-07 20:07:47,2017-07-21 00:00:00
0641d69ef04d0d7b004cb9ec0106c3ea,f7f3861057dff6df914b58282f051b01,delivered,2017-09-05 15:46:38,2017-09-05 16:04:08,2017-09-08 17:27:49,2017-09-13 20:53:57,2017-09-27 00:00:00
73aff38a1baa00056cd97d9a0e8e0c4a,2c2c89758acd7a5da1c982330f02ccd2,delivered,2017-12-03 14:33:46,2017-12-05 04:11:58,2017-12-07 00:18:30,2018-01-02 16:43:36,2018-01-08 00:00:00
6c04516be61ae90e04756c3290c405b7,e67ca606dd04696d0ab6e2ed2d63a126,delivered,2017-09-24 14:59:52,2017-09-24 15:15:11,2017-09-25 20:51:31,2017-09-27 14:56:07,2017-10-20 00:00:00
d68f3a6decbb8a868a1a87c33c9f50cd,2276b635bde7b942fb5121b7a00e8b2f,delivered,2017-12-10 12:10:51,2017-12-10 12:19:26,2017-12-11 23:59:03,2017-12-15 02:24:50,2017-12-28 00:00:00
14a678af0f9ccd309467a5d6feb5a829,fada2bbe01ae55e2249d3ec874634f74,delivered,2017-10-05 07:23:38,2017-10-05 07:49:18,2017-10-05 16:07:59,2017-10-13 16:52:23,2017-11-07 00:00:00
d8e17cc85323061493b16b68a130bcff,3678034a0428898b73d8c6a2b353e769,delivered,2018-04-26 17:28:37,2018-04-26 17:52:19,2018-04-30 08:40:00,2018-06-01 19:48:47,2018-06-01 00:00:00
ccd8c28b87350369cecbd3d56662c116,6ba0dedafbdfea05e28bb3740df29bd1,delivered,2018-03-28 20:46:50,2018-03-28 21:07:39,2018-04-04 12:24:26,2018-04-17 20:08:44,2018-04-23 00:00:00
bb95c9f509ff2da87b6015a0d9046f0f,8e7952773b680825d0c65e05592440e7,delivered,2018-05-05 16:47:08,2018-05-08 04:15:29,2018-05-09 11:06:00,2018-05-14 18:42:36,2018-05-24 00:00:00
705aedb629707ccd89c4fef86e25b2f3,a4e40d74e302b75220643fef1b9636a9,delivered,2018-03-25 22:36:32,2018-03-25 22:50:30,2018-03-27 16:46:54,2018-04-02 18:52:32,2018-04-12 00:00:00
6582b7b59ad963f7a510455fb9185d1b,719e9763c8714da3c5a628d3de455ae8,delivered,2017-06-17 18:28:30,2017-06-17 18:42:39,2017-06-19 21:14:50,2017-06-23 13:22:24,2017-07-10 00:00:00
6551aa5197870cea53e483f92d3a75df,b65df387ccc9a5adb98b8b5773e18748,delivered,2018-01-23 14:53:54,2018-01-25 02:38:36,2018-01-29 17:51:46,2018-02-15 15:20:01,2018-02-20 00:00:00
65bc13ce9ce9abd1fb01560e41e0afa3,9028854a317912520dcf23f527c7363e,delivered,2018-05-07 21:42:08,2018-05-07 21:55:19,2018-05-08 15:32:00,2018-05-14 21:26:30,2018-05-29 00:00:00
6f1fd45a62a1568370bee476108eaa18,326d02c121e7690a00c5254b2b2c4cac,delivered,2017-04-29 06:54:41,2017-04-29 07:05:08,2017-05-02 11:08:48,2017-05-09 11:26:53,2017-06-01 00:00:00
b7bad41b595c73cedf79fe679bf246d9,60fabe9f92e0b77b6925cdc291cb5b96,delivered,2018-07-15 17:25:45,2018-07-15 17:43:59,2018-07-18 12:31:00,2018-08-01 01:52:32,2018-08-13 00:00:00
dbf9ee18eee818b5030fddb6302c4f37,a8b20d79ce2761a5a6dcc7055ba79d87,delivered,2017-03-13 20:48:35,2017-03-13 20:48:35,2017-03-14 08:06:48,2017-03-26 10:45:04,2017-04-03 00:00:00
c702cb12656a8080118f76ed8256938c,a3796a380ee0dd249f86d5642cfb3b96,delivered,2017-09-17 17:11:41,2017-09-19 03:55:24,2017-09-25 19:12:49,2017-10-04 10:25:31,2017-10-10 00:00:00
4de39e6ed70e6add419cd6560467478d,c5cfb8b6f3e65d58ff632e69610c68ad,delivered,2018-07-18 17:18:04,2018-07-18 17:30:19,2018-07-19 12:53:00,2018-07-26 06:36:41,2018-08-10 00:00:00
add756e3e5d6be09e93f4e5ca22d7b44,beaefb15f57098290db7f598c19dcf87,delivered,2018-06-05 15:30:41,2018-06-05 15:49:03,2018-06-06 13:12:00,2018-06-14 18:48:35,2018-07-18 00:00:00
fa2c90cc79e4e69f0083fa936998174e,2cf11b6b0d123c72731303fe0b5d0490,delivered,2018-03-29 21:44:05,2018-03-29 21:55:12,2018-04-03 01:58:48,2018-04-23 17:18:00,2018-05-03 00:00:00
7210d7fc318b9dc764bf75da0bd6c74c,877635a3045c4c3e150f73937bdb0fa9,delivered,2017-12-30 16:49:38,2017-12-30 17:06:51,2018-01-04 10:34:29,2018-01-06 13:56:03,2018-01-18 00:00:00
ae4449c7c1d59db87e06f5758946907b,0e58b68bb3dcb245d8c846fe32ec8d05,delivered,2017-02-20 16:02:59,2017-02-21 05:08:25,2017-03-01 16:22:19,2017-03-07 11:05:15,2017-03-21 00:00:00
a5bc722e653d42e3c7e1404d4779f19d,6ad49c06783cc69b736c128ca0b4ad49,delivered,2018-06-18 14:07:12,2018-06-18 14:35:51,2018-06-20 12:37:00,2018-06-26 13:04:25,2018-07-12 00:00:00
fee9afa24ed743a26803c4d03e8ba5e1,48537cbd0f029e9e9fbe57a086017ba1,delivered,2017-12-29 22:22:01,2017-12-30 22:12:27,2018-01-03 17:49:57,2018-01-09 19:58:49,2018-01-22 00:00:00
5e15bf5197c40a5c6b4e94cc0ac12360,e8574ecef660b3109727ea82d01740a2,delivered,2017-05-23 00:13:28,2017-05-23 01:05:13,2017-05-24 13:49:52,2017-06-02 10:16:03,2017-06-14 00:00:00
821b1d19ba63b3109388a4bbc84d3f43,6feabe0db8240093bf5e96f20c146b23,delivered,2018-01-07 16:54:38,2018-01-07 17:07:04,2018-01-09 17:38:45,2018-01-30 18:21:34,2018-02-07 00:00:00
aec156801075fbdb57c614c4f69d2695,e86338a2d7659e6794a36622cf6d8cbf,delivered,2017-08-27 19:25:41,2017-08-27 19:35:23,2017-08-28 12:29:17,2017-09-04 18:56:26,2017-09-15 00:00:00
64ec5cf30ebdfb09f6c023919646545f,0ee225c7d86cc69c69f5ba43f36a3696,delivered,2018-07-13 13:55:49,2018-07-17 07:31:31,2018-07-17 11:29:00,2018-07-26 15:03:12,2018-08-08 00:00:00
4fe6e6eee2e643359d66860e9954cb84,448fa305155e5a7e114440aa71143832,delivered,2017-03-13 21:30:52,2017-03-13 21:30:52,2017-03-16 14:47:25,2017-03-28 12:36:09,2017-04-03 00:00:00
732ea3eb55f0450b5da6cd76607c4504,7eccd9d443f9f61f39a60c9d17910c48,delivered,2017-05-18 09:56:49,2017-05-25 09:35:15,2017-05-25 10:44:38,2017-06-02 15:02:45,2017-06-13 00:00:00
d346a1af31b9f42d7244edcba34fe990,d679f47ffdfa4ae1aec64bdae506be76,delivered,2018-04-11 17:20:17,2018-04-12 17:15:19,2018-04-14 00:28:39,2018-04-26 21:19:22,2018-05-03 00:00:00
203ac312a0ad1ef4bc3281ce1f638c4b,673657fadb14736e24dbffbc43f86d4f,delivered,2018-01-10 09:15:02,2018-01-10 10:31:58,2018-01-10 18:10:53,2018-01-16 21:22:50,2018-01-31 00:00:00
fb265b2dc558a56445dfc48f8224e201,910f716e941709375465b7d3ff059d4f,canceled,2017-10-10 20:21:14,2017-10-10 20:35:15,,,2017-11-08 00:00:00
bb4412024038d07d6662179fe273519c,d6b09d23b3031fa9b3785989f4a635b1,delivered,2018-02-02 17:30:03,2018-02-02 17:52:07,2018-02-05 18:13:09,2018-02-18 13:23:39,2018-03-01 00:00:00
8791e495e7f1b8d77696f42ff295d945,d98d984f06ada593e263ff7cb810d798,delivered,2018-03-04 22:43:52,2018-03-04 22:55:39,2018-03-10 00:08:45,2018-03-28 14:56:38,2018-03-27 00:00:00
ccb78ed7a1acba9d251c8626f13097f5,2dede433203d09f2222b7d74c4040155,delivered,2018-01-12 12:10:54,2018-01-12 12:17:29,2018-01-16 20:02:48,2018-01-22 20:26:57,2018-02-02 00:00:00
00ace652c8a5072670f30674e5f19844,8ef0a1cf31ce44185f0ee98fd976ef70,delivered,2018-01-19 00:35:45,2018-01-20 09:07:49,2018-01-31 16:44:05,2018-02-19 17:12:48,2018-03-06 00:00:00
f68550a60fc010eda8ef9a1e5cd4d651,4314121fb5cfec01588f42ef6bbb3db3,delivered,2018-04-13 16:19:20,2018-04-13 16:35:28,2018-04-18 19:02:40,2018-04-23 17:14:33,2018-05-08 00:00:00
d77f1a81387ccc7a918fed8c5fc8815c,7998996c8d5a845c7980920498fcc06f,delivered,2017-10-30 21:45:44,2017-10-30 22:31:35,2017-11-01 18:03:12,2017-11-07 20:38:30,2017-11-13 00:00:00
5f0b0782790ceb15a39a61c73e13df9b,fa7f8570497a9887509dbdafa8a9513e,delivered,2017-08-22 07:59:33,2017-08-23 02:51:14,2017-08-23 19:46:37,2017-08-24 19:28:45,2017-09-04 00:00:00
eb9b354f1582c2c24333dc1eb187f47a,65da9d8be4d5288e06f7836851e93a6a,delivered,2017-12-09 08:16:28,2017-12-12 03:58:27,2017-12-14 22:18:21,2018-01-05 16:53:16,2018-01-11 00:00:00
2aec6692fda08fb7a050a161ea7eb59c,f6990f08f8262f1a0a9db4839fdd4109,delivered,2017-09-30 10:33:14,2017-09-30 10:50:58,2017-10-02 18:10:10,2017-10-06 00:53:56,2017-10-25 00:00:00
1aa7e7505275a3ce08be4b00f1d7a16d,b72e9c313a07ab5d332768583ba38a3b,delivered,2018-08-13 00:54:57,2018-08-13 01:05:10,2018-08-13 11:23:00,2018-08-17 18:45:46,2018-08-28 00:00:00
66b5056a7febb8679fd88a5b42d59b05,efacfd34542547c82d99fb77d0f545cf,delivered,2017-11-09 19:30:59,2017-11-09 19:50:44,2017-11-14 22:11:40,2017-11-24 00:02:26,2017-12-05 00:00:00
ca8909b3f3d130ce4d68392541e91800,031124e0ea15f7bc530757fef9d35da5,delivered,2018-04-15 20:35:56,2018-04-15 20:51:52,2018-04-30 15:35:00,2018-05-02 15:41:49,2018-05-07 00:00:00
57963763b600cf44a5b4c9da5fb4c3f7,dab78ef6a96537debc922fc35be7aeda,delivered,2017-03-24 21:17:29,2017-03-24 21:25:08,2017-03-29 12:49:46,2017-04-03 14:57:39,2017-04-25 00:00:00
431b44bec24dab56f23207e21a689082,fdcabf61d131aed008b2c4e33db30b70,delivered,2017-10-24 16:11:30,2017-10-24 16:41:53,2017-10-25 18:37:52,2017-10-26 20:19:57,2017-11-06 00:00:00
bc01a8209b5f19c81653540c57ca921e,a79fedb5972ba433980364647953bc9f,delivered,2017-11-14 20:54:21,2017-11-17 04:06:45,2017-11-24 23:38:53,2017-12-08 15:19:15,2017-12-11 00:00:00
dbc476d2e6faedcc009ae94aa8c2f8f7,aecdc01ab5f129db72329f6f246abb3b,delivered,2017-05-25 15:15:29,2017-05-25 15:25:08,2017-05-26 10:07:03,2017-06-02 15:38:12,2017-06-21 00:00:00
044406a115a855072a8e79d38f028a80,c2fd07c064da726f771496f47be85d7f,delivered,2017-08-01 11:04:50,2017-08-02 03:04:31,2017-08-03 15:13:21,2017-08-10 17:34:49,2017-08-28 00:00:00
342425791003b2c3f04c6520885cbe82,251c3ac01400662353068f216a7293ee,delivered,2017-09-15 21:36:09,2017-09-15 21:45:14,2017-09-19 15:14:00,2017-10-03 17:57:47,2017-10-16 00:00:00
55898410e4c5e6aff68607cf55c05847,100a381a981220d884746d5585c4979c,delivered,2018-01-04 10:16:03,2018-01-04 10:28:36,2018-01-05 19:06:21,2018-01-08 22:56:36,2018-01-22 00:00:00
9bbd8492ba2666b178725e2bfc1a8349,83d502e64b7cdcd4c495052a72ff6d20,delivered,2018-02-19 08:59:21,2018-02-19 09:15:28,2018-02-19 21:37:10,2018-03-09 14:45:28,2018-03-19 00:00:00
afcfdb7d1228a7f2886408f63eaa2647,f6385b51dd6e272f4e13d4767de47ca7,delivered,2017-10-21 13:42:49,2017-10-21 13:56:17,2017-10-24 19:59:59,2017-10-26 12:49:53,2017-11-03 00:00:00
c5ab3856ffd5ca3db23754e60db70cf2,016287d04d40c3c1c9625588b9fe4602,delivered,2017-08-15 17:28:20,2017-08-15 18:55:15,2017-08-16 19:27:54,2017-08-17 17:52:02,2017-08-28 00:00:00
f94344586ac6663aabd08cbb1381e347,8ff02d450ba93882e5d0277f2fdc8727,delivered,2018-04-20 20:14:26,2018-04-24 18:37:31,2018-04-25 14:47:00,2018-05-02 20:52:14,2018-05-21 00:00:00
642c50cb8d316db5333548a2c0fde4c6,ed651737e2a85a653a4dc3a2dc2689e3,delivered,2018-06-29 00:34:12,2018-06-30 02:52:21,2018-07-02 12:47:00,2018-07-06 17:47:25,2018-07-24 00:00:00
7db778f8eb61d8961d57f8437eb9f68d,da1302d81b053019f172bb07928ebeca,delivered,2017-12-15 16:39:14,2017-12-19 09:57:07,2017-12-20 17:17:12,2017-12-27 18:15:51,2018-01-17 00:00:00
1bd14d9418bc4bd605521c1afad99926,b5a7d50f6d78381d8096b3c3ec58f5e8,delivered,2018-08-11 19:39:37,2018-08-11 19:55:17,2018-08-13 15:21:00,2018-08-17 21:14:40,2018-08-23 00:00:00
058ac520863d0c0d57e3cf920de368d4,002b24cb2cd0c3e575040dbd278885e3,delivered,2018-05-21 23:17:32,2018-05-22 02:56:24,2018-05-23 14:51:00,2018-06-05 14:06:37,2018-06-08 00:00:00
4750713fdb6d170de81aa2c130a28887,13c475ce9e903abde667dce845003c11,delivered,2017-12-07 20:06:56,2017-12-07 20:17:26,2017-12-08 17:56:54,2017-12-18 23:12:27,2018-01-02 00:00:00
ef6a08eb361817fe2908f1553b5d00f1,d8550cf18fadc5a48406fade5a1b556a,delivered,2018-05-02 08:59:16,2018-05-02 09:14:57,2018-05-02 15:06:00,2018-05-03 19:51:56,2018-05-16 00:00:00
4c867c2aac81653679eff07e922441a0,8ffe52ac7d480a27180338e697eec534,delivered,2018-08-28 22:51:54,2018-08-28 23:05:10,2018-08-29 12:46:00,2018-08-31 02:03:50,2018-08-31 00:00:00
ee7f3ec19dc1fa90d0ee6316dffbfab9,069cc8646fca6d760e049d8a4bc0c334,delivered,2017-09-21 21:50:37,2017-09-21 22:46:53,2017-09-22 19:16:57,2017-09-26 21:05:37,2017-10-13 00:00:00
e57050216cdcbc40e35c8f5667f7806e,5c39546ec48df2747323d3356a6c4720,delivered,2018-07-19 21:25:31,2018-07-19 21:35:17,2018-07-20 14:59:00,2018-07-31 22:51:35,2018-08-06 00:00:00
5d5b6b66aff814c78983f7f220014db9,32280a7cfdc367286166cb31eb81b8b6,delivered,2018-02-05 00:46:08,2018-02-05 01:50:17,2018-02-05 23:17:24,2018-02-09 01:24:48,2018-03-05 00:00:00
ab537f9c58a21747d30d02a43d2763a7,1740021b72f00232653463652baa37a6,delivered,2018-02-06 13:19:49,2018-02-07 13:15:40,2018-02-07 22:27:51,2018-02-10 16:22:54,2018-03-02 00:00:00
34d5a7f77e0207e1ff6a91a51aafaa43,c353461901b42aac7fd9fa38acff8885,delivered,2017-07-24 09:54:54,2017-07-24 10:05:29,2017-07-26 14:15:42,2017-08-04 22:26:43,2017-08-21 00:00:00
5fbe060397f6628f649ee4007f133ac2,0c61c4ef63f4af3d1947ae372c5eb9c7,delivered,2018-03-02 07:37:37,2018-03-03 07:30:30,2018-03-03 15:46:44,2018-03-13 20:12:51,2018-04-02 00:00:00
cf96b38269fbc8916e7a53ad9011f42d,03c42b210f1e9fe31f69458ffb08eb2a,delivered,2018-03-31 10:12:37,2018-04-03 05:28:24,2018-04-05 00:27:22,2018-04-06 23:48:39,2018-04-12 00:00:00
4b831e2d8329f605574def6a9e47d65f,2d8fb851ae0bb19c4ffedc1939b9559f,delivered,2018-04-01 20:17:21,2018-04-01 20:30:13,2018-04-02 19:28:56,2018-04-16 21:24:39,2018-05-04 00:00:00
b2021666ceaca22d815303aa71138966,50625571ef87a454e6251ecbf795ca93,delivered,2017-09-05 13:32:50,2017-09-05 13:50:11,2017-09-06 12:04:47,2017-09-14 17:47:45,2017-09-29 00:00:00
7da502f694a6d35d21b05492a9a315c6,6621c2be563f141fe46a3c6bfe501fa2,delivered,2018-07-22 12:30:59,2018-07-24 11:32:46,2018-07-24 15:51:00,2018-08-02 11:46:56,2018-08-16 00:00:00
18a8bb432be9ac26b2115d500adf86bc,0c0bf0fde3d95689bc2241cf6d107032,delivered,2018-03-06 16:26:24,2018-03-08 02:35:37,2018-03-20 00:16:25,2018-03-28 19:42:43,2018-04-10 00:00:00
0f30693cac68f8597594c35a1dc38a8e,9a667cf2c1f4d414eb5f05d55c22318f,delivered,2018-02-26 20:54:20,2018-02-26 21:09:09,2018-03-12 18:32:43,2018-03-30 00:11:00,2018-03-20 00:00:00
d619e17315e239a94dd71fc0e714b79d,a57274dcdb6fc292e2782a69fad35a01,delivered,2018-01-23 16:59:13,2018-01-24 02:34:57,2018-01-24 18:14:38,2018-02-23 19:57:08,2018-02-23 00:00:00
8fb4d17d3419dda57ca57e6a230152c7,08d04bb6463edf9dfe9d9ec2f066614c,delivered,2018-04-17 11:32:18,2018-04-17 12:30:19,2018-04-18 19:05:55,2018-04-19 19:08:40,2018-05-08 00:00:00
f59496f70e2c30c7d588903a7df7a768,d8b1f1df6bc9c29173bf319673ce6d09,delivered,2018-06-14 14:05:59,2018-06-14 14:22:40,2018-06-15 12:18:00,2018-06-25 12:51:42,2018-07-26 00:00:00
23aeda90fa835596b6acd5fcaa2c3e7a,87631e4dd3b9c082baaac651b7bba893,delivered,2017-09-22 13:32:43,2017-09-22 14:35:09,2017-09-25 20:35:51,2017-10-12 16:04:28,2017-10-19 00:00:00
67c7a158005be379a21f733483dd43f2,d318ba1e45a1572fd96f36a09afcd6e6,delivered,2017-08-20 11:40:21,2017-08-22 04:32:15,2017-08-28 21:00:00,2017-08-31 23:08:37,2017-09-11 00:00:00
b293f468141dc24b16033560c8d008a6,ea90850946c0158ed02d4e895ed38ece,delivered,2017-09-23 16:29:38,2017-09-25 18:15:15,2017-09-26 20:52:21,2017-09-29 16:22:26,2017-10-25 00:00:00
e68631ba647225f307d0fa392cc1fa13,3090a5486278c5bed3dec2bb7bed04a8,delivered,2017-08-01 19:11:35,2017-08-02 02:50:16,2017-08-04 14:57:50,2017-08-09 17:27:46,2017-08-23 00:00:00
7eb3066f65031745ac998c508b7ae614,816158478235fe7cc485d5ef205cb37c,delivered,2018-04-16 08:24:23,2018-04-16 08:51:12,2018-04-16 23:07:01,2018-04-30 19:36:29,2018-05-07 00:00:00
6ed366eb7c955fb0dae9c4932d9188c0,d1717fd7ea9309b0662f07b3b388b607,delivered,2018-07-23 10:14:46,2018-07-23 13:40:30,2018-07-23 15:39:00,2018-07-25 20:54:26,2018-08-03 00:00:00
885ae5d5896b9a5f3bd2a626876ace12,b9c89128e72b43ac939802d32ad5c1cf,delivered,2018-07-05 13:46:13,2018-07-06 02:51:06,2018-07-31 13:00:00,2018-08-07 19:28:50,2018-07-27 00:00:00
620b0acb9258b51defbc51804c5298d5,9012f48ac2c416c82819101da4e4b75e,canceled,2016-10-04 11:44:01,2016-10-05 08:45:09,,,2016-12-06 00:00:00
a6cc4d40b53f7e99ea8ba03cd33ae60b,3054e9226cf13ac6a363cd693d9fbfb6,delivered,2018-04-25 16:49:57,2018-04-25 17:15:29,2018-04-26 13:45:00,2018-05-02 20:52:41,2018-05-17 00:00:00
0bff3ac704b2ab4cdb69873f3f551ce1,1aba9d2a7b717187271edc2f163c1d89,delivered,2018-04-09 17:55:42,2018-04-09 18:10:25,2018-04-11 16:14:36,2018-04-24 22:48:50,2018-05-07 00:00:00
21d33068d3dfe0561f1b60cc9be732e8,0e0d18a70d896c2a08f19fd48891dc48,shipped,2018-04-27 22:18:11,2018-04-27 22:35:14,2018-04-30 14:32:00,,2018-05-28 00:00:00
7a883816859109cf747fc1c602c359f6,3a40a64d7f436e75094aaed82fa082de,delivered,2018-03-10 14:26:46,2018-03-13 03:50:38,2018-03-14 00:34:48,2018-03-15 18:33:43,2018-04-04 00:00:00
f0c1fadfe3832d32c7a44b37530c9e2c,89ac41e89828b6d6a8297c56ac839e05,delivered,2018-07-31 11:47:48,2018-08-02 05:05:09,2018-08-02 19:03:00,2018-08-03 23:12:05,2018-08-13 00:00:00
c37d452db8a3abfa3d99c322e92ef0ef,99de4444dbc09f097afa14d4ac4ae448,delivered,2017-01-26 15:50:03,2017-01-26 16:02:00,2017-01-31 15:31:05,2017-02-03 17:05:57,2017-03-06 00:00:00
21515908d570049ddc9f08416524b09b,464a509b96c6a731375959826acf53da,delivered,2017-11-24 02:14:10,2017-11-24 02:29:44,2017-11-29 00:14:42,2017-12-11 17:58:45,2017-12-18 00:00:00
62a303159c09b65c288433ea06a99600,9e48a9b3a63506370fe66557f3e21f95,delivered,2018-04-09 20:01:44,2018-04-09 20:10:40,2018-04-10 23:54:40,2018-05-15 15:37:29,2018-05-04 00:00:00
9f5054bd9a3c71702aa0917a7da29193,cb87122c4871e202777cf243fbea2d12,delivered,2017-10-05 09:13:21,2017-10-06 02:14:23,2017-10-09 19:22:42,2017-10-16 21:07:36,2017-11-09 00:00:00
81323de20fc0eae4b399b3ac667b87d4,6ff08b63fb563391aa26bb935501c19b,delivered,2018-01-30 14:42:31,2018-01-30 15:10:55,2018-02-02 02:32:18,2018-02-19 20:35:20,2018-03-01 00:00:00
363ef87a97dcef74ca5b91ca4a415f3c,7c96fae5e749fc0e54a2e57dccdd2aa9,delivered,2017-11-28 19:31:25,2017-11-30 14:58:30,2017-12-01 18:43:24,2017-12-16 09:55:48,2017-12-12 00:00:00
ebbd8a1c6cbbef1b5779a09e29ee122c,380387dd5f07e2d366041fd4fb85958d,delivered,2018-03-29 11:46:43,2018-03-29 12:09:01,2018-03-30 00:38:48,2018-04-19 18:38:38,2018-04-24 00:00:00
d5a09a21303952be950aa3cdf58104b7,9e46cd038b5901d785b0f1c080cd3f22,delivered,2018-05-04 17:33:18,2018-05-04 17:50:44,2018-05-08 13:38:00,2018-05-15 01:46:36,2018-05-29 00:00:00
b19b043b39624f9f3c32b26aed8bedf1,4eec78743d83caef716a0c3d16bfa843,delivered,2018-04-06 16:39:56,2018-04-06 16:50:26,2018-04-09 23:38:39,2018-04-18 15:58:32,2018-04-30 00:00:00
1a6a61fc8a3caaa9599b17984f3f35bc,72108dc3b6db1e78f3d9dd7b7b95266d,delivered,2017-03-07 18:28:16,2017-03-07 18:42:35,2017-03-24 08:37:39,2017-03-30 14:58:04,2017-04-19 00:00:00
8176e7870727634d66d2d127cb4dc27a,0980fbc9da406c4230f108f80b3578da,delivered,2018-01-21 16:46:26,2018-01-22 13:53:52,2018-01-25 00:25:56,2018-01-30 21:18:55,2018-02-15 00:00:00
6f295b89fc3e13345e3d9748140bfec7,f775aeb6ab62c3044f1f717dbdca6923,delivered,2017-06-05 02:09:00,2017-06-05 02:22:04,2017-06-06 12:56:22,2017-06-16 13:22:08,2017-06-28 00:00:00
7d20c79f25c64f2c7feca12d01677c8e,abeff1410fcd658ea605208ba4ffb9ea,delivered,2018-06-28 00:15:02,2018-06-28 01:11:26,2018-07-03 04:29:00,2018-07-12 14:54:22,2018-08-06 00:00:00
2385d136c16c57565bf3b41bc45e6551,30fa622c8d7ae7a8ae0be8c425350fc5,delivered,2018-06-25 20:34:54,2018-06-25 20:57:45,2018-06-28 11:06:00,2018-06-29 19:18:38,2018-07-11 00:00:00
eb1a3c0954dacb5159740856bd53a3ec,8bb32f7f243ae653409d4aaf8aa66afd,delivered,2017-09-28 14:15:05,2017-09-28 14:28:18,2017-10-02 14:22:54,2017-10-13 21:03:51,2017-10-23 00:00:00
ecbc00952c2d863b377c63a529282c5e,51775bbd39b922160a84caa55f2190c6,delivered,2018-04-13 17:51:37,2018-04-13 18:11:42,2018-04-16 22:08:23,2018-05-11 16:56:54,2018-05-22 00:00:00
e1ffdd8e1b12edd5af26c00ed9320af0,70ae459bc3be4052dd5de533ade087f3,delivered,2018-02-06 10:35:15,2018-02-06 11:11:50,2018-02-08 19:07:22,2018-02-20 00:22:16,2018-03-07 00:00:00
2735532a26f2d78fdc1dbe9467e0d8b1,e08758d04afb8f1a1b0005b478bf884e,delivered,2017-12-17 20:03:25,2017-12-19 09:51:12,2017-12-19 21:18:29,2018-01-04 00:39:07,2018-01-12 00:00:00
00f2a3509bd600bd1a06a48353788d93,37dafcdee86df7843f93d4b4d5325dde,delivered,2018-02-25 12:08:45,2018-02-25 12:29:23,2018-02-28 15:34:52,2018-03-01 16:58:54,2018-03-26 00:00:00
d6c0ec2e67adc2163605b7c0eafe3e1c,62050266c1b57e15689a248e81f05ee5,delivered,2017-12-03 18:16:43,2017-12-05 04:15:52,2017-12-06 13:14:46,2017-12-21 17:48:30,2018-01-03 00:00:00
886ddb536ba82bd61a9d3ddbf5d0e73d,332d12b9a5ece1b7e661271928d232ca,delivered,2017-09-05 18:21:26,2017-09-05 18:35:13,2017-09-08 16:55:56,2017-09-14 16:44:02,2017-09-22 00:00:00
99687fd750781ecf475d632c33a533ee,30641a4862b6f5885e2f9d8e14b03809,delivered,2018-02-10 00:01:06,2018-02-10 00:15:37,2018-02-17 00:15:51,2018-03-06 16:22:22,2018-03-09 00:00:00
05cd5649410dd46b0467669ff19e294b,c87368f0131696c39951652dad18ff37,delivered,2018-03-03 18:35:13,2018-03-03 18:48:31,2018-03-05 18:08:48,2018-03-19 13:13:44,2018-04-10 00:00:00
201797d3f567dc70cc5732ecf055e346,bbc8c12f7afeba03337723117f0a6f3e,delivered,2018-03-18 18:39:19,2018-03-19 18:35:34,2018-03-20 22:51:45,2018-03-27 16:42:16,2018-04-12 00:00:00
9d055ecc79e567092196d9511b113990,b447b0271e72aa2ac63d5e051cbcf28f,delivered,2018-04-22 21:27:22,2018-04-24 17:41:32,2018-04-26 12:25:00,2018-04-30 23:12:28,2018-05-17 00:00:00
ffa9a3142ddd51af248e648db27c647f,98a7010106c2e416c6311ce939553453,delivered,2017-11-24 16:42:12,2017-11-24 20:32:47,2017-11-28 21:58:55,2017-12-12 19:04:28,2017-12-21 00:00:00
bff04363f492d6a9314326851a1e4991,3d245e1794d041af9c15d9e8933be45a,delivered,2017-12-09 07:46:57,2017-12-12 04:09:55,2017-12-13 02:23:13,2017-12-15 21:48:38,2017-12-29 00:00:00
7611315a76580a81e6f86cd62f4ad994,012b69962ffef2be728865fe6a90359c,delivered,2018-02-05 10:10:23,2018-02-05 10:32:04,2018-02-08 23:19:07,2018-03-06 20:18:50,2018-03-13 00:00:00
38ab7ca6747531f5173881e11be23b74,419066fc49b7dbe8e8c97ffdaf7a227b,delivered,2018-03-16 13:08:02,2018-03-16 13:16:09,2018-04-12 01:26:37,2018-04-16 15:24:24,2018-04-04 00:00:00
3ef28988ea616750c5ac6a0058814056,aa57e2ac661dae06e72fd085abc4b249,delivered,2017-08-14 20:46:10,2017-08-14 21:30:13,2017-08-15 16:19:56,2017-08-28 20:16:58,2017-09-18 00:00:00
cfeb6fba6506bc759791eafbf3acb0c7,6a368a84640ffeddd3d37a46e26384ed,delivered,2017-06-30 21:32:58,2017-06-30 21:45:10,2017-07-11 20:32:27,2017-07-22 13:59:50,2017-08-04 00:00:00
94025de10c28a35becc4666e4d661698,b100f8f55ea9f4dd222373cc1d5ff5d3,delivered,2017-08-24 19:24:19,2017-08-25 02:50:34,2017-08-25 17:35:23,2017-08-28 13:32:51,2017-09-06 00:00:00
c0d68ca2e27d53c566c02dc89021ee76,875c37aac6954f27ae519fe04562d0ec,delivered,2018-08-03 14:43:51,2018-08-03 15:23:56,2018-08-03 15:04:00,2018-08-10 03:50:46,2018-08-15 00:00:00
6275bca17b337da53d3df583024784de,7e85def6a9a67821728948644ea35f22,delivered,2017-05-28 19:05:43,2017-05-28 19:15:12,2017-05-29 14:00:46,2017-06-06 19:17:52,2017-06-27 00:00:00
34d79427f2177b6ab8397e13d4233a85,894993a398d2bf935b9a2c2e61c27201,delivered,2018-02-20 10:27:03,2018-02-20 10:47:25,2018-02-20 23:22:07,2018-02-22 17:28:30,2018-03-06 00:00:00
833161948da9dc7becc70ebebb93ef4b,1470ea637a213181fd75f1f67921bd40,delivered,2017-10-26 13:20:26,2017-10-26 13:35:22,2017-10-30 15:37:32,2017-11-03 18:32:00,2017-11-17 00:00:00
1f440e230578d73badf5afd8bb78c632,1233914219140e9e67169768bf6ee593,delivered,2017-08-31 18:25:55,2017-08-31 18:35:22,2017-09-01 20:26:03,2017-09-08 15:23:07,2017-09-20 00:00:00
b740bd4096a75c3d97e686dee682607d,4be0673ac019fce3d0cc595272fa9850,delivered,2017-10-31 21:29:04,2017-10-31 21:50:15,2017-11-01 14:55:43,2017-11-06 22:49:27,2017-11-28 00:00:00
c8dee79811750611b390fe9501b1c543,a45c587035f04bb1a2534cc22a987655,delivered,2017-02-08 19:45:22,2017-02-08 21:55:15,2017-02-09 10:52:15,2017-02-21 10:38:49,2017-03-21 00:00:00
665739753f7fecfe16152f5be05500df,157c616c2111806bcef7d9a22b17a4c5,delivered,2018-04-09 10:18:39,2018-04-09 10:30:35,2018-04-14 01:52:35,2018-04-16 16:18:37,2018-04-23 00:00:00
648dc66e76b48403fbe92b924982a8a7,381453d9d27041020ea9f7dbb9ecbcca,delivered,2017-05-18 10:25:56,2017-05-18 10:35:17,2017-05-22 14:24:56,2017-05-25 09:52:30,2017-06-09 00:00:00
70042449ba33e3a52dc0e16654257234,a611f7383e36129c6c7126899126d0a5,delivered,2018-02-22 16:25:21,2018-02-24 02:55:27,2018-02-27 23:53:52,2018-03-06 20:15:11,2018-03-15 00:00:00
7262ed3f8bffae5e3c8b15638ae38f58,8f25e3d0881a4a8ec6d6f05380230741,delivered,2017-11-23 12:53:47,2017-11-25 03:36:32,2017-11-27 17:22:06,2017-12-08 20:17:01,2017-12-20 00:00:00
b1d94cc304c782edf6cef462ee68c90c,e4ea31172318c9dc47684e1d3e0e5fcb,delivered,2017-09-12 19:47:23,2017-09-13 19:44:05,2017-09-14 20:43:36,2017-10-17 20:57:33,2017-10-10 00:00:00
939d9e122aaa16bc3792f827d94aa25f,f04737dd8402bedda40458aa14aca131,delivered,2017-11-03 15:00:55,2017-11-04 04:45:55,2017-11-10 22:18:59,2017-11-16 11:58:58,2017-12-05 00:00:00
3944367288e7bcdbf7c948a4076d0fc8,36d7d2e65db0c8b99fe779122d6a2b57,delivered,2017-07-23 00:06:00,2017-07-23 00:15:16,2017-07-24 19:27:38,2017-08-03 11:29:36,2017-08-17 00:00:00
bd1d2815016a0d22c926101c1c99d140,d520089f0783d83ef336bd06aa8923f9,delivered,2017-08-24 20:39:03,2017-08-26 02:16:19,2017-08-28 16:56:30,2017-09-06 14:39:59,2017-09-26 00:00:00
2df6cb09f0e8e22d0a5a5821ea65556c,1e1cd2b9f6e858d7e193700a47302cad,delivered,2018-07-05 00:35:45,2018-07-06 03:11:17,2018-07-06 11:34:00,2018-07-12 17:51:18,2018-08-01 00:00:00
1b0bc119ea5ac37e73e2275afc7904ee,75e945badd2a39af63ee8c8b05af8fb3,delivered,2018-08-14 14:19:51,2018-08-14 14:30:22,2018-08-21 11:53:00,2018-08-23 03:24:50,2018-08-23 00:00:00
62b2ed9f26108431f257836ea0139fd2,e0c1d85e27b4f7327c1e7ea449afe602,delivered,2017-05-22 18:07:53,2017-05-22 18:22:43,2017-05-26 12:53:32,2017-05-30 10:47:06,2017-06-20 00:00:00
eafa7bec49243b47c23e9bdf98096f62,e52f81b8d0a4cfd33af7ea579e68316d,delivered,2017-11-21 18:25:45,2017-11-22 18:29:25,2017-11-23 19:03:02,2017-12-15 01:41:55,2017-12-12 00:00:00
2f8a0fdae3cce1713cab2298e46c534b,45bb79e1c7ba4272e3823681573203f3,delivered,2018-06-15 10:29:59,2018-06-15 10:57:37,2018-06-18 11:00:00,2018-07-02 21:41:50,2018-07-19 00:00:00
64c7d8f00d1087192f1615e32b1ae862,654e64ce6fd0c168890acea138c3ed8b,delivered,2017-05-17 04:26:46,2017-05-18 04:35:11,2017-05-18 09:08:43,2017-05-29 09:42:45,2017-06-26 00:00:00
10182342fa0f202363ba83f9a4fad999,63d366de705b6075a69be7990aab1f42,delivered,2018-01-04 22:20:44,2018-01-04 22:33:02,2018-01-09 14:49:08,2018-01-13 01:16:14,2018-01-29 00:00:00
f3ec304ba495d76a8dac93719dab77bb,9e4b7f5c3438f529cd165ff6dc63eb47,delivered,2017-04-04 23:09:02,2017-04-04 23:22:44,2017-04-05 14:28:50,2017-04-12 18:50:13,2017-04-26 00:00:00
25bfb1b5d3a09e494eeea67d570cdcf2,9c78e560f118b228c2af50f2b5ea547e,delivered,2018-02-19 14:57:35,2018-02-20 07:11:03,2018-02-21 20:17:03,2018-03-05 21:22:27,2018-03-09 00:00:00
0d9b3b609f29c14a165ceb95c0ab91fe,6a75a813284e115076bfe8ca75562722,delivered,2017-05-10 19:09:02,2017-05-10 19:22:25,2017-05-11 09:00:37,2017-05-19 22:37:44,2017-05-26 00:00:00
8007ea147c63f8912e750ada3665086d,b4b518d9d26948512124bf30d3df9c7f,delivered,2018-04-23 10:59:50,2018-04-24 18:42:05,2018-04-24 16:08:34,2018-04-27 18:02:19,2018-05-16 00:00:00
8a4df9820e049472302bf6362daecb8b,87f51a0f934f82e81d8680ef1afeaf48,delivered,2017-08-07 12:28:44,2017-08-07 13:03:05,2017-08-10 16:42:51,2017-08-11 20:16:50,2017-08-22 00:00:00
77959eeab7515802d0b17bd97ca522b7,5964bb3f7c1627da0fb95809a3bec326,delivered,2017-07-06 16:18:01,2017-07-06 16:30:23,2017-07-10 18:46:24,2017-07-21 19:25:39,2017-08-21 00:00:00
c27c63dce1eb68e4b7bfd81611ad050c,0487babaee1a6d7e1aca94e4ecba5e47,delivered,2017-12-02 18:06:27,2017-12-02 18:17:48,2017-12-06 14:52:33,2017-12-19 15:47:07,2017-12-29 00:00:00
ae38baf8e79e71e5e32c236c9224109d,7c787b7e9001aa71d53fa9744e636604,delivered,2018-05-18 08:12:01,2018-05-18 08:36:40,2018-05-18 14:05:00,2018-06-06 13:48:52,2018-06-12 00:00:00
9d7a96279b14559afb68ea97f4767f33,6ead771fa151a566436c30ca97f90644,delivered,2017-05-11 08:39:53,2017-05-11 08:50:09,2017-05-11 13:56:27,2017-05-19 08:51:39,2017-06-12 00:00:00
b1efc100a3d0cb3de9c19987bff4766f,61c5d2e59d6e4a7c3e376265775092a2,delivered,2018-07-28 17:11:52,2018-07-29 17:10:18,2018-07-30 10:39:00,2018-08-07 21:28:25,2018-08-14 00:00:00
af7558c4c999c1d5de328e39a9ff53f3,ec63c72c4312c3231197b90bfc91ba79,delivered,2017-05-17 21:04:28,2017-05-17 21:15:17,2017-05-18 13:45:17,2017-06-01 16:07:57,2017-06-19 00:00:00
0cb2239ee3c4947fce4ab10c1742fe67,9cc2c1fada1c57d908696c42d75e0283,delivered,2018-06-01 11:48:54,2018-06-01 12:11:37,2018-06-04 17:03:00,2018-06-06 20:37:41,2018-07-04 00:00:00
427c7d6439a9eaffedb26448ab1fcea3,c434874e5533109f13c858cfa6831d65,delivered,2018-05-09 00:11:51,2018-05-10 00:14:03,2018-05-10 14:54:00,2018-05-15 17:24:36,2018-06-18 00:00:00
ecd6c4b673e81e3ba899f65b2135ce70,aff59e4810efb674d1efc783f003a25e,delivered,2017-08-17 19:49:28,2017-08-17 20:25:21,2017-08-22 15:55:19,2017-08-25 19:02:45,2017-08-30 00:00:00
a5016f72057fe780772bd4c88fa95951,05d6b909009e98a4cb2330bc6a4651ef,delivered,2018-05-29 11:33:14,2018-05-30 02:32:19,2018-05-30 14:26:00,2018-06-03 12:02:26,2018-06-29 00:00:00
037a9cf279c376ab222c9d27be892513,6f113a5510dd5bffba3fc6b0dd006de2,unavailable,2017-11-06 13:04:40,2017-11-08 08:15:33,,,2017-12-06 00:00:00
046cb513a5ed6d4f7506af8f88636609,14ed9dcdbbcf33c3e561dfdd374373d8,delivered,2018-06-24 23:13:35,2018-06-24 23:34:10,2018-06-25 14:44:00,2018-06-28 18:42:02,2018-07-11 00:00:00
a2f9ff7df829bc4345e5cf8b5bab2e85,a8d980404042b0e0e8c75c965f61d036,delivered,2017-11-16 22:02:40,2017-11-16 22:16:02,2017-11-17 22:48:33,2017-11-24 22:58:27,2017-12-06 00:00:00
f630b65d93478030e826b3a84804eb44,16187b81e2a6985dfa773e06a9f4eb8d,delivered,2018-04-16 15:17:00,2018-04-17 05:55:21,2018-04-18 22:21:19,2018-04-19 22:21:35,2018-05-03 00:00:00
6d57e677a70c56edb8978b8c68afdbb8,a5019deb4cbf976d2a46e2fe004e1e21,delivered,2017-11-29 10:01:16,2017-11-29 10:18:28,2017-11-30 01:41:43,2017-12-15 21:13:51,2018-01-03 00:00:00
b3084fd8b3860fa82232646ed2b33790,e09225b0fd84a6f06e6550b6b0b2f173,delivered,2017-02-19 07:07:30,2017-02-20 22:05:20,2017-02-21 14:25:22,2017-02-24 17:52:02,2017-03-17 00:00:00
2434ed9a60fa201e6abb47734b414775,c1d7ea554a894b239ae94a0a459b0bbc,delivered,2018-01-22 15:19:25,2018-01-22 15:38:15,2018-01-23 20:29:08,2018-01-31 21:37:03,2018-02-14 00:00:00
8b41e34451a7b359ebae366d22e4abd4,49d24dd7ab7122987868221504720732,delivered,2018-03-31 19:15:44,2018-03-31 19:55:20,2018-04-03 01:42:54,2018-06-08 23:18:30,2018-04-24 00:00:00
8c21fe1b9ec8e9872ce5c040ee40fd3e,7f449435f005ccdf1808f0bc6e4ded34,delivered,2017-05-08 14:55:05,2017-05-08 15:05:29,2017-05-19 19:48:01,2017-05-30 16:14:59,2017-06-08 00:00:00
8145c63ff6601f1c1aa707a322a8aa99,ce8c6f8008f07e4aa7aa789897cb3e64,delivered,2017-08-01 15:37:27,2017-08-02 07:15:20,2017-08-11 16:18:00,2017-08-21 18:47:43,2017-09-04 00:00:00
4699ddfefc61852827c3bc751aff6873,17296c1b3fa2a73cc61cf32378a0a042,delivered,2018-01-20 23:27:24,2018-01-23 03:39:33,2018-01-23 20:51:44,2018-01-31 22:08:52,2018-02-22 00:00:00
2e23a32f0160b8226732e1fab87cbe59,8f28237485eb2bb177f4f1f83ff99cf8,delivered,2017-12-10 09:44:07,2017-12-12 04:09:07,2017-12-26 17:17:07,2017-12-29 15:57:10,2018-01-17 00:00:00
c1c2ca16c60c1904fe27ba8b0f864855,e3362d99d550f0b6279c192ecae2c572,delivered,2018-05-10 14:36:44,2018-05-11 14:31:15,2018-05-15 14:46:00,2018-05-22 17:48:55,2018-05-28 00:00:00
8280bddb9636fd420fecbd96c5b0c877,e58c0ad3fe50d712626d88bef0a8f3a5,delivered,2017-10-13 15:58:32,2017-10-17 04:14:11,2017-10-18 22:23:47,2017-11-04 11:58:33,2017-11-07 00:00:00
ef58bcf242133d6cfd9931ba4061e39a,e6cadf28d8957fb819d331c22b09fece,delivered,2017-07-12 15:28:19,2017-07-12 15:44:03,2017-07-13 17:52:20,2017-07-19 21:21:32,2017-08-01 00:00:00
39e391683a61f377780a8505120a0718,8f1b4f8718cef8f0bd5b47824495a53d,delivered,2017-04-06 06:45:56,2017-04-07 03:15:32,2017-04-11 11:26:38,2017-05-03 14:47:33,2017-05-09 00:00:00
c51dcdd98e1c413f3d394ffcb4656ed1,555c1dc901d3cae90a9d452d888865c5,delivered,2018-08-19 19:28:08,2018-08-20 12:55:30,2018-08-21 13:07:00,2018-08-25 15:28:33,2018-08-31 00:00:00
ce8002e30a866ae23c03293b8d2d14e6,9e4c6b74c3c86a81e59c2c675b52d238,shipped,2018-04-25 09:59:50,2018-04-25 10:15:15,2018-05-10 09:28:00,,2018-05-30 00:00:00
3cd0599300d9ec0cf571c875db7392b4,6fd2f8d3c584b2fc576065ee15425973,delivered,2018-06-18 22:40:19,2018-06-19 22:55:42,2018-06-20 12:00:00,2018-06-29 16:29:17,2018-07-12 00:00:00
8e935724e9c193a2fac95586bd2fc056,71e408286d30b2a62113cabe4dba3e94,delivered,2017-10-20 14:59:03,2017-10-20 15:14:52,2017-10-24 20:26:48,2017-10-27 19:41:08,2017-11-08 00:00:00
54ff9c7f5e48a0e6ba2ec182428b10d7,139ad5935441608eb667751ae74b26d0,delivered,2017-07-22 20:32:47,2017-07-25 03:25:36,2017-07-26 10:56:38,2017-07-31 18:23:35,2017-08-11 00:00:00
f53432b147736e0b2c2ee32ba00709c6,981fbce08bda7429770ff0cf3c2e8d5a,delivered,2018-06-14 08:30:25,2018-06-14 08:58:43,2018-06-14 09:16:00,2018-06-21 19:58:22,2018-07-17 00:00:00
d58f40cb087ccfcba229691ca63c5082,f65f024c2da8aec3cd0395e1006f9d0f,delivered,2017-07-18 21:15:19,2017-07-18 21:25:19,2017-07-19 17:39:52,2017-07-20 19:26:42,2017-08-02 00:00:00
b94927b61d86b53506f3e6bc8644eb77,72e0997496700af1df41815ffced78e6,delivered,2017-03-31 21:40:22,2017-04-01 21:45:16,2017-04-03 16:29:29,2017-04-28 08:11:54,2017-05-08 00:00:00
8458ad0c5a4b19319109dc629ac03c8f,ba092dd1f1d597c938f27492a0912d03,delivered,2017-10-09 23:55:59,2017-10-11 00:13:46,2017-10-11 15:42:56,2017-10-19 21:15:52,2017-11-03 00:00:00
b465e6231fb8411e534acc602cff4adb,5aeae82b1542678ba10c99ca292896cf,unavailable,2017-06-11 23:20:34,2017-06-12 23:31:15,,,2017-07-06 00:00:00
e733891de1c5b78d0d7f77863402659b,65a60febfb84d9080ba940046cb70dc0,delivered,2018-04-26 00:03:03,2018-04-27 07:55:15,2018-04-27 17:10:00,2018-05-03 15:02:14,2018-05-15 00:00:00
f8aba426293f758e260c19ee0f1982da,02e5947588097969bea7e00013dd7488,delivered,2018-05-03 23:22:01,2018-05-05 02:13:50,2018-05-07 15:25:00,2018-05-10 22:11:01,2018-05-22 00:00:00
ea0295dc22e609716e19683e24874c1c,cf0f3195f07cb461a2cad0ba6cd19185,delivered,2018-06-10 10:31:40,2018-06-10 10:58:02,2018-06-12 13:25:00,2018-06-13 16:24:50,2018-06-20 00:00:00
47efcc8c3c3a6011c15cbff901605841,40da7436fa784c91abb13730ee83d8cc,delivered,2017-12-05 13:28:19,2017-12-05 14:31:06,2017-12-06 21:19:04,2017-12-17 17:52:33,2018-01-08 00:00:00
75be507e9480db0d8d9b3f84541c7d22,aa869eaaf388bc78060167ece2559f15,delivered,2018-04-09 11:49:10,2018-04-09 12:10:18,2018-04-11 19:45:23,2018-04-16 17:42:50,2018-04-19 00:00:00
b124bd56472af8594cc676a304b3ed74,4376ccd7c419531b509f8d695df1bc0e,delivered,2017-10-24 22:11:14,2017-10-24 22:28:30,2017-10-26 19:41:42,2017-10-30 18:22:05,2017-11-13 00:00:00
859ebef8753883ec6f703f60ebba766c,809b0c6960ad6e65ef30e145f8eeaddd,delivered,2018-01-25 17:33:13,2018-01-25 17:52:10,2018-01-29 10:15:31,2018-02-14 21:32:27,2018-02-19 00:00:00
97df9530497023b31dd0654f5908e41b,e984f319feed64667c1dd59acd9bdcb3,delivered,2017-11-05 12:23:49,2017-11-05 12:35:26,2017-11-06 18:17:54,2017-11-07 15:13:19,2017-11-17 00:00:00
2096a9ff3dcd9dc1e2e90ea7296730a0,d7e40c35c26736ebc2c0a86b63d15f0e,delivered,2018-08-17 23:15:33,2018-08-17 23:30:12,2018-08-21 16:27:00,2018-08-24 14:28:59,2018-09-04 00:00:00
c9c2db5b32175fba946f9600ff4a9bc3,8911ea3cf270e1abec0da8488ace069e,delivered,2018-05-26 13:12:54,2018-05-26 13:38:13,2018-05-30 07:11:00,2018-06-13 19:18:45,2018-07-04 00:00:00
f117aeca0c3c9410a2eafabdeafdc214,e1692eb72952a0a14c8abe0af6416b8f,delivered,2018-08-05 00:48:47,2018-08-05 01:04:36,2018-08-06 09:52:00,2018-08-09 21:08:49,2018-08-15 00:00:00
dd49a987288a4d98ff61100ff35330af,5d160587657638c96131718f014d507d,delivered,2017-10-08 09:28:06,2017-10-08 09:49:19,2017-10-09 17:24:11,2017-10-31 18:47:56,2017-11-08 00:00:00
3175edf02fcecf739fa306e493b283bb,95428d5dfe353e4188da40fd3f81f918,delivered,2017-11-27 14:02:16,2017-11-27 14:19:50,2017-11-28 14:38:41,2017-12-01 20:13:59,2017-12-20 00:00:00
7a1ba2b6951950af57efc4c1a7fe9fe2,689f0aee9648933dbf410f499b496e6a,delivered,2017-12-21 16:01:03,2017-12-21 16:13:26,2017-12-22 20:33:07,2017-12-28 20:39:55,2018-01-16 00:00:00
525b219c8a73229f335cf7fdd97ab560,7d1b755bfda95a6fd7ad1f97a83234fc,delivered,2018-06-09 16:55:30,2018-06-09 17:10:03,2018-06-12 13:44:00,2018-06-20 13:15:32,2018-07-12 00:00:00
522527427b29a3fefe865a02a7a78962,fdd60720327e89295c1c7a3bf2c94bdc,delivered,2017-10-03 22:44:57,2017-10-08 07:35:43,2017-10-09 18:51:50,2017-10-24 19:43:29,2017-10-30 00:00:00
a32c76ce96d7b4cf912b2ae1ee6a8258,9de9d0f77bfa5ee78fc11c5fe54fcfb9,shipped,2018-08-02 14:37:38,2018-08-02 14:50:17,2018-08-07 09:18:00,,2018-08-23 00:00:00
64260bdf12901ecb9dc4cb0f207cf6f4,5633cc151a5a5506a81c6273a64fee43,delivered,2018-04-13 14:50:47,2018-04-13 15:13:07,2018-04-16 23:26:55,2018-04-23 22:40:44,2018-05-09 00:00:00
17b18aa0bfdcebddefdf2d7da5718181,3070d64dbd2b2eb531bd394fca72a9d1,delivered,2018-01-03 20:40:17,2018-01-03 20:50:27,2018-01-05 00:32:08,2018-01-11 17:04:43,2018-02-01 00:00:00
06c7208cefd133b492daeccba355ab99,c2885ba32d9fcfb7c79c59ef42a74e88,delivered,2018-03-27 15:19:06,2018-03-27 15:30:25,2018-03-28 20:51:03,2018-04-02 21:19:05,2018-04-16 00:00:00
db6a112d731420965a4db369191a8d86,c18796182709c0d37ce5bc1d46c79ca6,delivered,2017-02-18 16:41:18,2017-02-18 16:50:17,2017-02-21 12:06:33,2017-03-03 08:24:56,2017-03-21 00:00:00
7f8cb0e907ae9dc4012ffab6fe6f738b,188ac4e8b7765d24cdb434112a99111f,delivered,2018-01-28 10:59:25,2018-01-30 03:47:48,2018-01-31 19:13:39,2018-02-04 15:06:37,2018-02-20 00:00:00
b3a5258257c3654b78826a31b7bef55f,f777265c4c823669cc77778bbe4dee45,delivered,2018-07-29 22:43:07,2018-07-29 22:55:10,2018-07-31 16:06:00,2018-08-07 17:28:05,2018-08-20 00:00:00
d6fb3b00e9bc6f76ab18c1808677a051,ec640f0d230b778b2fe0461ad9f25d9e,delivered,2018-06-03 10:55:10,2018-06-03 11:10:48,2018-06-04 14:45:00,2018-06-11 20:36:23,2018-07-05 00:00:00
05535f67cf6802000ad3107136cff4bf,4b339b812b88b697ecbe6f20baae7e99,delivered,2017-09-14 14:53:35,2017-09-14 15:05:57,2017-09-15 15:54:58,2017-09-21 19:09:28,2017-10-02 00:00:00
b87f290b049eb668936a0f94149a1e2f,db58f016ec3ff9d07bff3e50c9ac6f50,delivered,2017-05-22 10:03:07,2017-05-23 04:15:27,2017-05-24 05:21:35,2017-05-29 21:09:52,2017-06-13 00:00:00
f35eb04d9a3ff7d7d0465f00f6eead81,847dfaa76c7cea6f29bbac7ddf8800c3,delivered,2018-02-18 15:52:43,2018-02-18 16:55:51,2018-02-26 15:43:08,2018-03-09 16:21:25,2018-03-13 00:00:00
7c9269566935b5ef420df5610d847d6e,63e84bc58090bb28d796b6d6c251d0d2,delivered,2018-05-16 11:00:33,2018-05-16 11:19:35,2018-05-17 09:26:00,2018-05-18 21:08:32,2018-05-24 00:00:00
29e966309fac074840d242051d6a357b,89205ebc66191c476b658ea3c79958fd,delivered,2018-03-15 14:38:41,2018-03-15 14:55:21,2018-03-16 19:09:00,2018-03-28 22:53:31,2018-04-04 00:00:00
665e56cc29529e3f1c50ab201a0fdbfa,5d8821d1963846a75b6dcaf3a14b5633,delivered,2018-06-24 18:44:38,2018-06-24 18:55:59,2018-06-26 13:42:00,2018-07-02 19:38:51,2018-07-27 00:00:00
87b8be81ba41ffb89215da50509ea917,fd43bb238544ec8d68e39d4ced14da43,delivered,2017-12-30 14:54:54,2018-01-03 04:10:33,2018-01-03 16:47:24,2018-01-10 13:18:47,2018-01-24 00:00:00
390cb12cd3157360539ab0739c1b8fa9,edb85175262b80e62db167322a8501bd,delivered,2018-08-03 21:45:27,2018-08-03 22:23:57,2018-08-07 08:26:00,2018-08-10 14:42:38,2018-08-27 00:00:00
384305b9cfec8a62f309b5e5cac920bc,566f3ca7161fa95dae551c144c67443a,delivered,2018-08-10 11:26:39,2018-08-11 02:44:28,2018-08-13 14:34:00,2018-08-16 20:18:48,2018-08-28 00:00:00
5442b242d10aae8dff9aa365da9bf76b,6348d8e73c3d01bb030637817b424016,delivered,2018-04-09 00:00:01,2018-04-09 00:15:15,2018-04-09 18:35:28,2018-04-25 20:13:44,2018-05-09 00:00:00
fe0105a4696c7d31837cb3130fe9c4b1,d370a0c04adf10949536f4c5a5dd0117,delivered,2018-02-28 17:49:59,2018-02-28 18:11:01,2018-03-19 22:06:04,2018-03-28 18:24:58,2018-03-19 00:00:00
75af1e1795850c2407c73221960b3d1f,8c13b0382b29fe9c46551ddc325a857a,delivered,2018-06-20 22:58:49,2018-06-22 02:59:06,2018-06-22 12:59:00,2018-06-28 19:56:38,2018-07-12 00:00:00
f3c9119e4b962a560061917775f912af,3943ab310b409df9d58ab083922f6382,delivered,2018-06-18 16:33:43,2018-06-18 17:01:50,2018-06-20 13:29:00,2018-07-14 13:18:42,2018-07-13 00:00:00
03347815dd6e37a668b3954401838318,a3a4dcea8bf35b152eb89c42e403f258,delivered,2018-02-27 19:58:23,2018-02-27 20:09:37,2018-03-02 15:38:50,2018-03-21 23:12:21,2018-03-26 00:00:00
d787f0005c0b233aa4ca3a61fc50d378,d2cb39d47ea1d44d4fdcd3f16801a9c8,delivered,2017-11-28 16:35:35,2017-11-29 02:20:57,2017-11-29 13:32:34,2017-12-04 22:29:17,2017-12-18 00:00:00
c8bac0f86737c4d00dd169cec03acf71,b52e38ce5f71c622ea7c45311c970914,delivered,2017-11-12 10:24:54,2017-11-12 10:46:27,2017-11-13 13:58:31,2017-11-20 19:53:00,2017-12-01 00:00:00
01c1f3c10d2641a10cfd97ffaac0b3f5,fd8a9ce7e554b0a3b083521837d0f7c0,delivered,2017-11-28 22:08:43,2017-11-28 22:18:02,2017-12-05 23:22:02,2017-12-14 19:04:51,2017-12-29 00:00:00
3a22a67fdde9c599b722069b9725a709,cf5f72dc3581d0f4f8f697f2ab6f0f6a,delivered,2017-05-28 21:43:41,2017-05-30 04:45:22,2017-05-30 16:28:04,2017-06-05 15:55:57,2017-06-27 00:00:00
a669137c06cc23b7962d63be3a2ad6d1,0192827582be43c2180aee98a48933fa,delivered,2017-10-18 09:57:53,2017-10-18 10:07:20,2017-10-18 21:04:27,2017-10-19 20:58:08,2017-10-30 00:00:00
694197f98148ec200eaeea667995bb35,b7d8c5723ff2af6c90cb7ff564e8d0cc,delivered,2018-03-05 13:51:35,2018-03-07 02:35:41,2018-03-14 21:48:52,2018-04-02 18:28:42,2018-03-27 00:00:00
219b8a2c642a7c314644b58fa1036c7f,630f092bb4d1938a8134f50c4bf784da,delivered,2017-11-24 20:16:44,2017-11-24 23:32:18,2017-11-27 19:44:37,2017-12-03 16:05:09,2017-12-15 00:00:00
88f96737c1207235275f60d28574aa9b,99692122465f0b8cc44a630c0fa2e544,delivered,2018-06-22 12:41:32,2018-06-23 01:00:17,2018-06-25 11:48:00,2018-06-26 23:22:04,2018-07-05 00:00:00
24612e38026c02a8fa677cd76673fd63,2361dd08b65da19da0c4dc581f02f5c7,delivered,2017-12-25 15:45:09,2017-12-25 15:54:26,2018-01-02 13:32:14,2018-01-09 23:13:13,2018-01-23 00:00:00
0d88c1807ea23596e9a3222c2aad549d,899cc6edd6f59386ee145f8589db1211,delivered,2018-01-30 17:30:44,2018-01-30 17:57:58,2018-02-01 12:15:19,2018-02-15 12:56:36,2018-02-21 00:00:00
e01ddf23188e7eb714114d4ac5e8952b,f073db9b09570039769829fa79d05428,delivered,2017-02-03 12:05:04,2017-02-07 04:15:23,2017-02-20 07:24:13,2017-02-23 15:21:50,2017-03-14 00:00:00
369634708db140c5d2c4e365882c443a,b2b13de0770e06de50080fea77c459e6,delivered,2017-06-18 22:56:48,2017-06-18 23:10:19,2017-06-19 20:12:26,2017-06-23 12:55:50,2017-07-07 00:00:00
54e9fc9a26833002ae6521780af9dcc6,3dc2249f42d41b0a622da0c82c194856,delivered,2017-12-04 15:07:10,2017-12-04 17:07:53,2017-12-05 20:51:20,2018-01-05 00:13:44,2018-01-02 00:00:00
904bb8d83ce0a924807b5d34e698a439,7758f8c9eb07e1ce83c75509cc984af2,delivered,2018-02-08 15:11:37,2018-02-10 02:36:57,2018-02-19 16:09:58,2018-02-22 19:29:02,2018-03-05 00:00:00
f74d94774320327d0d48e3cc7eff82ba,4d5d0a06d01ebc9cfeeefb7201a8d312,delivered,2017-07-19 10:48:58,2017-07-19 11:05:06,2017-07-19 20:12:49,2017-08-01 18:03:16,2017-08-22 00:00:00
1ccac023123acc23d8b0af4d3190069d,4324a4ed08aae12544d0dbcfdd6f9c4a,delivered,2018-04-08 09:17:01,2018-04-08 09:30:54,2018-04-10 17:41:48,2018-04-11 18:32:26,2018-04-26 00:00:00
37311087440803cc1960343121d1de26,1fc148759f50ec10a03421aaf5efd89b,delivered,2018-03-19 16:39:27,2018-03-20 03:15:29,2018-03-20 18:58:38,2018-03-26 16:05:28,2018-04-05 00:00:00
dfe408de79271298c68699286c267169,5def4c024799f5734e4651ff6c889f4d,delivered,2018-07-18 14:55:44,2018-07-20 04:45:17,2018-07-20 16:26:00,2018-07-25 20:56:34,2018-08-01 00:00:00
0e578caa492e82502cbc4abe275042a2,a0e826a80a3267186e6d63d1dc10e34f,delivered,2018-08-09 16:18:42,2018-08-09 17:30:27,2018-08-10 12:48:00,2018-08-16 12:18:31,2018-08-23 00:00:00
c59691ad2976778e15003aefa6dafaed,76c6605f9d8ed381bdb519c6714e0c5c,delivered,2018-07-20 18:04:13,2018-07-20 18:23:49,2018-07-23 15:04:00,2018-07-24 18:20:58,2018-07-30 00:00:00
685ae4bd7f1b98a64ab9b9774889b621,045e763e2096b07525b1908bb365a0c6,delivered,2018-06-20 00:31:58,2018-06-20 00:55:50,2018-06-20 08:37:00,2018-06-28 23:06:51,2018-07-19 00:00:00
a1b57552891d32e63b959ed210edad44,939eb45bd46d770f10b41d0ea2bcf68c,delivered,2017-04-24 16:27:05,2017-04-24 16:42:41,2017-04-25 07:51:53,2017-05-04 15:17:04,2017-05-15 00:00:00
186ab35ad2c07d4b35781c8bb314cbd9,e5c8ac379c73d799fb006f94e2cc001b,delivered,2018-08-01 14:58:58,2018-08-01 15:31:01,2018-08-02 11:54:00,2018-08-07 18:04:57,2018-08-14 00:00:00
cf4eb4d5203f0c0d14f191c15de0743e,002450e9ea44cb90b8a07ba0b197e149,delivered,2017-08-16 09:07:13,2017-08-18 02:45:49,2017-08-18 14:13:06,2017-08-24 16:31:56,2017-09-08 00:00:00
622e1ac05d77a0fe978afdbb3d174017,34532438b4bd25e285a454257543b521,delivered,2017-10-02 12:05:39,2017-10-02 12:24:39,2017-10-05 22:46:11,2017-10-17 16:32:05,2017-10-24 00:00:00
711bc4b2d17a37baad63799a2ce92de1,f1c39bf34c1d3f9bfdff418c6399418a,delivered,2018-06-19 14:26:45,2018-06-21 03:17:52,2018-06-22 14:15:00,2018-06-29 23:47:57,2018-07-19 00:00:00
caf0f5c4a7ef81f3056cdc400f45ef2c,4a8950b162dcedc1496677fe2dbf6ad4,delivered,2018-03-26 21:30:13,2018-03-28 02:50:30,2018-03-29 22:32:23,2018-04-18 23:11:38,2018-04-18 00:00:00
07402f8be1c291f1c5da3edeaf5cb8b1,3c680ab7d6d1de8a82f5bfa92ef2156a,delivered,2018-01-09 19:28:30,2018-01-10 10:32:00,2018-01-12 23:33:58,2018-01-17 19:45:33,2018-02-02 00:00:00
94a17118656ebafc4951d0f42859c168,c50fc62ba04395798ab62a551f8edef8,delivered,2018-08-14 13:23:54,2018-08-14 13:44:12,2018-08-14 15:01:00,2018-08-21 20:42:14,2018-09-06 00:00:00
69c4079cc7549d7c6da19191cc158d3a,2aff06bbc6e2b3edc33b58970d306bf3,delivered,2018-06-21 17:47:51,2018-06-22 17:58:39,2018-06-25 11:41:00,2018-06-30 17:18:41,2018-07-13 00:00:00
d3371dea823352e8d3016da2f4d2f24c,3d55024d27002962661b6619b72acf95,delivered,2017-11-27 14:30:21,2017-11-27 14:39:28,2017-11-28 21:14:37,2017-12-05 17:58:38,2017-12-19 00:00:00
78b17b8479b96dcbe179a2c64bce00c2,41c6610c26481b3c6a075f4b09d0bae5,delivered,2017-03-04 16:08:18,2017-03-07 03:55:22,2017-03-08 13:53:54,2017-03-14 12:48:42,2017-03-23 00:00:00
e440f8fc256f028a44b7e88e390a7ac2,e971d407e965d36aa51b45cf58abfc31,delivered,2018-03-03 13:26:34,2018-03-03 13:35:31,2018-03-05 16:19:06,2018-03-12 19:58:39,2018-03-21 00:00:00
574c4ecf7699daffc21fc04eb876b8a8,e429c523dfea4bc7dd3ddb97466ecae2,delivered,2017-06-15 16:46:30,2017-06-16 17:05:20,2017-06-20 15:30:45,2017-06-26 15:03:34,2017-07-11 00:00:00
3f3db9c8cc4092015241bc6697ea24ef,8a01407aaa1f8466d91ca61353a5a469,delivered,2018-08-06 11:27:18,2018-08-06 11:44:29,2018-08-09 08:20:00,2018-08-10 22:22:38,2018-08-13 00:00:00
3ce61878d5eed0865d51e364fdd01ac2,030f8728859c2cfa3a4ec60388f43f16,delivered,2018-02-14 22:06:17,2018-02-14 22:15:42,2018-02-15 18:45:07,2018-03-03 00:33:11,2018-03-20 00:00:00
3ed99ad145f818a65b1bcfce6a4182fb,bef38470e63f1682262948029b5d9ab5,delivered,2018-01-09 18:38:49,2018-01-10 10:05:32,2018-01-15 16:16:58,2018-01-29 13:29:45,2018-02-15 00:00:00
3db98e0e4429b61241e02a015c6cea46,47986eb3c63d69ebeb010f70fab00674,delivered,2018-03-11 19:15:19,2018-03-12 19:40:26,2018-03-15 17:23:25,2018-03-28 01:32:17,2018-04-03 00:00:00
f08dc1531373f63ea0779a333ae40275,8366bc749e2f3709d2687c1e446d64c6,delivered,2018-07-04 12:45:07,2018-07-05 16:27:00,2018-07-04 14:07:00,2018-07-09 18:03:27,2018-08-06 00:00:00
164f9ed9263550111efa1a5518d97dfb,816c892100403472a6c27c4256729d4b,delivered,2017-08-29 16:35:47,2017-08-29 16:47:41,2017-08-30 18:46:40,2017-08-31 15:03:07,2017-09-11 00:00:00
694226194013138c43ca10eff850b78c,feab0aaf5084b14fd37335fadfe03492,shipped,2017-10-31 22:10:00,2017-10-31 22:25:49,2017-11-01 18:53:37,,2017-12-04 00:00:00
f9d5cc83106322c8781e4cc0c0bce572,ec7fb2a79382a4ecec04ada695ca0b57,delivered,2017-12-23 17:08:06,2017-12-23 17:19:20,2018-01-02 17:07:13,2018-01-17 20:48:26,2018-01-15 00:00:00
33d6fae0e702308c1b1c332b45653b71,896dada927cc2f8481ce0733ac6468ec,delivered,2017-02-20 09:17:34,2017-02-21 04:35:18,2017-02-22 07:47:44,2017-03-07 18:18:28,2017-03-21 00:00:00
a762b5e99e0962bc51711998c7be8280,363133bedba50bf6ad398ce661dec61a,delivered,2017-02-28 12:10:29,2017-02-28 12:21:49,2017-03-02 09:14:57,2017-03-08 14:54:05,2017-03-22 00:00:00
e3229814a5d932778d6a52c6816715f1,fa369e39e6bb664ce8f164d1f27af36f,delivered,2018-04-23 16:26:50,2018-04-24 17:47:09,2018-04-24 18:02:19,2018-04-26 18:06:45,2018-05-10 00:00:00
30e0a586733725ef792f50d33720b961,6487f2dc75493ba7a83cc0de029e3209,unavailable,2017-03-02 11:07:10,2017-03-02 11:22:32,,,2017-03-24 00:00:00
10af96a0689260134307879127ac1952,c06d0ca3bead2fb2c60abf7864f427c4,delivered,2018-04-12 17:44:55,2018-04-12 18:10:02,2018-04-13 18:42:06,2018-04-28 00:50:33,2018-05-10 00:00:00
be51ad88355af54c1e11579fe469d030,b4bf6e3b3de82854698f91d7f8213267,delivered,2017-04-25 21:46:39,2017-04-26 09:32:25,2017-04-27 09:34:44,2017-05-02 12:38:19,2017-05-16 00:00:00
c9005699b095802a8c29533ef432d578,504b1f32fab0729c552a28e3db5e0d4a,delivered,2018-01-29 22:18:06,2018-01-29 22:30:22,2018-02-27 18:19:17,2018-03-09 18:04:45,2018-03-29 00:00:00
7fc930983a4062abd3407e7d6a0141a5,4999b83ecd2fab104b958ce8d13714cf,delivered,2017-11-25 10:41:49,2017-11-28 03:33:47,2017-12-07 23:35:24,2017-12-14 16:39:12,2017-12-11 00:00:00
24149968adb7fe949f6d6dec53cae0a8,d7d3d2109d4c4585689cde97ee05b35f,delivered,2018-07-31 18:12:06,2018-07-31 19:31:25,2018-08-01 13:04:00,2018-08-07 16:50:38,2018-08-20 00:00:00
aebbdfa5636b87a2886bf445dfceeaf0,dacc998066e3c61ef9fefe6219ddccf4,delivered,2017-07-29 10:19:06,2017-07-29 10:30:17,2017-07-31 18:33:30,2017-08-08 15:25:14,2017-08-22 00:00:00
092a7de4b983f4ee3e77af64e2f8c9e8,657296a285e256531d85d3230f0d904b,delivered,2018-06-18 22:18:06,2018-06-18 22:37:11,2018-06-22 13:08:00,2018-06-28 16:08:36,2018-07-18 00:00:00
063a0b076f63cb908176d8c1cc6ec049,04f201d7f9350c38e57f2d9eb9ef7c3c,delivered,2017-03-13 16:29:58,2017-03-13 16:29:58,2017-03-14 09:26:09,2017-03-20 08:04:19,2017-04-03 00:00:00
390056468c27192af8354d708051054e,c450d2558dd77bc0cd8b290f5af4f5fa,delivered,2018-08-23 10:27:06,2018-08-24 03:05:16,2018-08-24 13:27:00,2018-08-28 20:17:39,2018-09-05 00:00:00
bfb4f8775924839c47fce828a6826d86,e77beae82ea2b9ce19b5d85f9f3a244e,delivered,2018-03-15 23:53:39,2018-03-16 00:09:24,2018-03-21 14:08:49,2018-04-04 21:11:45,2018-04-05 00:00:00
e15c9f222bbdc4bf1d94606407787134,9732540e8a264effb27f32523048c3d0,delivered,2018-04-21 14:12:11,2018-04-24 17:42:29,2018-04-24 16:06:54,2018-05-02 17:43:45,2018-05-25 00:00:00
d8627b28da69b163792bfd62ce10b6f4,f08164b2d28b71e289f92f628e7cba37,delivered,2017-02-28 22:22:48,2017-02-28 22:35:15,2017-03-07 05:39:10,2017-03-14 13:09:49,2017-03-24 00:00:00
9bf540995c670b022602a2f2e05249be,987453d06d3ab59975fa08222c80c5f5,delivered,2018-07-16 19:31:47,2018-07-17 04:41:01,2018-07-24 13:11:00,2018-07-27 23:16:42,2018-08-03 00:00:00
14ab59654dc1a6eed3e374b6adfbc893,e96452f8c0c88f5a3a9abc55e9b172f4,delivered,2018-03-30 13:02:49,2018-03-30 13:47:26,2018-04-04 00:53:23,2018-04-04 17:51:29,2018-04-26 00:00:00
b80aa0f66d8a0841be0ce473dc5d94be,28bbd1e071c4f1e3159803ad394fd43c,delivered,2018-07-31 17:27:54,2018-07-31 18:31:04,2018-08-01 16:33:00,2018-08-03 00:06:41,2018-08-07 00:00:00
9391a350faf505bf6880c4d747f26e4d,be79b7c40a192a31f70eee5f24a64c9d,delivered,2018-07-27 10:54:56,2018-07-27 11:40:05,2018-07-31 15:36:00,2018-08-07 21:28:37,2018-08-16 00:00:00
c12ff7ce7ec142c74f2265156fc0d2d4,cf83620dc4939775a6860bb0b9362f74,delivered,2018-01-23 19:36:11,2018-01-23 20:03:56,2018-01-24 21:39:08,2018-02-05 16:51:38,2018-02-16 00:00:00
874904b7cdcd377a298d82e303930223,14425ff5b814c955a524faf453a68bfd,delivered,2017-05-01 20:40:57,2017-05-01 20:50:14,2017-05-02 11:27:39,2017-05-11 09:55:42,2017-06-30 00:00:00
19d3baace748a12b60b7c0901b11a285,3b3857f0e16e75028a0980e9fad79b58,delivered,2018-03-15 21:49:05,2018-03-17 02:50:46,2018-03-17 17:51:55,2018-04-10 21:19:22,2018-04-06 00:00:00
a3d6f1c32e941d70a3261b7080854aa2,d96e56d19ecb5dbab5dcf308b5896258,delivered,2018-01-16 10:05:17,2018-01-16 10:11:29,2018-01-22 18:34:43,2018-02-08 18:55:50,2018-02-07 00:00:00
b21b913f441070fd0013003e71bfb5df,76ba439a98b509237329cc60c29c7374,delivered,2017-10-31 21:46:14,2017-10-31 21:55:09,2017-11-01 19:47:31,2017-11-06 14:12:07,2017-11-22 00:00:00
b0a3fa56d2d1b7e51873562656c0a796,baf810e5901cec50dce627826c967620,delivered,2017-12-04 23:55:59,2017-12-05 09:46:57,2017-12-05 20:38:02,2017-12-19 11:28:25,2018-01-08 00:00:00
6e9a1a1213572dd3cde6887df64df77b,f0536d444683d894060a91bbb434fe2b,delivered,2018-02-06 11:53:02,2018-02-06 12:13:02,2018-02-20 13:43:53,2018-03-14 00:08:23,2018-03-22 00:00:00
fc2d5b034ddb41db6c5a2eced97202b0,ef2b68fe20b497383fb1b10a308245ed,delivered,2017-02-13 18:21:58,2017-02-15 02:45:09,2017-02-20 11:30:50,2017-02-23 11:45:05,2017-03-22 00:00:00
aea25973afa6e521393a98e850ebe672,a0b6f2e2d82940cec8bf193f4f9b83bc,delivered,2018-05-20 13:15:21,2018-05-20 13:39:05,2018-05-21 13:45:00,2018-06-05 16:11:59,2018-06-06 00:00:00
61b1a739fc2fb8f8efc10539082c16a1,d1578919c3fcaa8b8e5b4e43019af611,delivered,2018-06-18 13:25:10,2018-06-19 11:18:50,2018-06-20 14:13:00,2018-07-03 18:41:38,2018-07-26 00:00:00
6c7cd83914ca57ceb8c205d80630e699,639b4be4445fb77ca44168e45ff2c188,delivered,2018-08-04 16:10:31,2018-08-04 16:24:14,2018-08-09 08:20:00,2018-08-10 15:38:46,2018-08-15 00:00:00
f488ec10381a645d100c8e7ad0c6eab4,ca2c8da904afb50e7bf8708acea51f6a,delivered,2017-05-20 15:56:32,2017-05-23 04:22:39,2017-05-24 14:36:05,2017-06-05 14:22:25,2017-06-13 00:00:00
c4421eb740558d775cda9f659561f4c0,1cf1191d426dec164802a915eb01cbb6,delivered,2017-04-02 14:39:00,2017-04-02 14:45:14,2017-04-11 17:19:18,2017-04-17 15:05:44,2017-05-08 00:00:00
133b607354fbff7447ce545c8a0fa407,9e1cf20c1585106f749e4e257194a11a,delivered,2018-08-21 21:18:33,2018-08-25 02:44:24,2018-08-27 13:34:00,2018-08-29 19:48:43,2018-09-05 00:00:00
71cb873fdd4adf163236f26b9dd7cafd,797c7ed6570cd77d6817390a0fad145d,delivered,2017-05-10 08:00:37,2017-05-11 04:10:17,2017-05-11 16:14:59,2017-05-18 12:49:36,2017-05-30 00:00:00
49786a9c2b41f65bfb53a1c346f08f32,02f5e5dbe44491de10d095ac98567ad5,delivered,2018-02-19 10:19:53,2018-02-21 06:10:27,2018-02-22 19:13:03,2018-03-02 12:47:08,2018-03-05 00:00:00
3ae63a94693532d56e8408de2a30ac10,21353e8505522af33c2bd5cfc6d371c9,delivered,2017-06-18 19:59:52,2017-06-18 20:10:18,2017-06-19 20:03:24,2017-06-27 17:48:52,2017-07-11 00:00:00
788634b6e1564dce8d0833139af74c07,f6dce365f6e370de8ef3200de9c2ab99,delivered,2017-03-27 16:14:25,2017-03-27 16:25:19,2017-03-28 10:09:23,2017-04-07 14:12:57,2017-05-09 00:00:00
649a327bed5a2799967cb9c666ff06c1,6401917f6b9f31fb91791bd2ce2783c8,delivered,2018-02-23 15:34:30,2018-02-23 15:54:27,2018-02-28 18:23:29,2018-03-22 18:46:44,2018-03-16 00:00:00
93fb48040a1df3db761491d59e233194,0b7406034474b610ba8efec701338267,delivered,2017-04-23 21:29:36,2017-04-23 21:42:21,2017-04-24 13:24:13,2017-04-27 13:58:27,2017-05-22 00:00:00
39e5c415b7b8caafaae7fd1a4b191087,b74c99719fb1dbeec40d25847236e488,delivered,2018-08-10 18:45:02,2018-08-10 19:04:30,2018-08-13 13:13:00,2018-08-16 14:14:49,2018-08-22 00:00:00
2421a2b1bdf7d442b13675a1667d915f,e3728fcf58883f1e4c54287b01f12906,delivered,2018-01-11 16:32:43,2018-01-11 16:48:58,2018-01-18 21:35:34,2018-01-26 20:20:50,2018-02-16 00:00:00
7f8ea9cfc45806c663bbb7cf99b530a5,240e27f232ec053a532de5b5f8c99df1,delivered,2018-05-07 09:32:19,2018-05-07 16:55:46,2018-05-09 15:48:00,2018-05-21 21:27:34,2018-06-07 00:00:00
8dc3550fe0754e1c7b777cba6109f525,17a924f2cca65378fd53c6f6696999e2,delivered,2017-09-14 13:51:47,2017-09-15 13:55:24,2017-09-18 16:48:25,2017-09-25 21:09:38,2017-10-06 00:00:00
1cdeb72a3ac42cd76c1fad6af0b4b317,87bc71f87d3fc89b153c47b651b7cf8f,delivered,2017-05-15 20:09:57,2017-05-15 20:25:17,2017-05-26 08:08:11,2017-06-23 12:42:50,2017-06-29 00:00:00
4338a4463f7f9193d2a03a83a4b68ba0,725ee0b98bf6711ad97a8155ecf3bba1,shipped,2017-03-09 18:51:49,2017-03-09 18:51:49,2017-03-10 15:21:11,,2017-03-30 00:00:00
7e7aa7dd23657ca98b6b94fa4ad4c576,21277eca77a0bc887c35c79b56520ccf,delivered,2017-08-22 20:12:47,2017-08-22 20:30:12,2017-09-01 18:54:58,2017-09-20 16:19:02,2017-09-25 00:00:00
c4a4340f8f35d5289ea5eb4dd44815f4,23525e42bf556c4b729e86f16f5a011e,delivered,2017-10-28 15:50:23,2017-10-28 16:10:37,2017-10-31 16:53:49,2017-11-04 11:47:37,2017-11-17 00:00:00
b517d1b56836ec7bbeccb6913c25dad5,94b32b425067eab90877f0dc1b08593a,delivered,2017-08-11 01:33:44,2017-08-11 02:24:08,2017-08-11 16:26:53,2017-08-17 23:22:24,2017-09-04 00:00:00
6f6b636fb54260d97e6124e137986824,3d8350a7f8c55e7b98242cbd5da3ee63,delivered,2017-01-30 11:01:19,2017-01-30 11:33:48,2017-02-03 17:08:03,2017-02-07 20:27:21,2017-03-16 00:00:00
a8b4bb89dc728493ed20fe78acdefd9a,aa1367a3e933112df50ac2a81601fba8,delivered,2018-06-01 12:08:17,2018-06-02 03:31:40,2018-06-04 14:12:00,2018-06-15 01:08:38,2018-07-11 00:00:00
a9f3a3d1ad51353ad83d1cc38aa74a47,fdd0876705d2f479feeb936cd9cad782,delivered,2018-07-30 18:57:39,2018-07-30 20:20:16,2018-07-31 15:32:00,2018-08-02 21:18:35,2018-08-13 00:00:00
5a254755df1e90c1e7bff386319a9cc7,23c2819f22e5fdc29df19048b6dac5ba,delivered,2018-05-05 08:37:48,2018-05-05 08:53:45,2018-05-07 19:25:00,2018-05-14 21:23:42,2018-05-28 00:00:00
9389b64e7d922e3b0c30f8026e418e64,8f58d7c28536aa0c57af57516f3dad12,delivered,2018-05-13 20:33:36,2018-05-13 20:53:14,2018-05-16 15:30:00,2018-06-10 18:12:17,2018-06-05 00:00:00
54e4556bb09818e0efeb30e86c4022e0,f18f59b32ce00389ef6ecb7f801dd48d,delivered,2018-06-16 13:26:38,2018-06-19 03:36:57,2018-06-19 15:24:00,2018-06-23 17:08:23,2018-07-12 00:00:00
b2c3a55ae550dfe8fea2cdca7df095cf,6545af4512c49eccda583262133200d5,delivered,2018-01-21 18:52:46,2018-01-22 13:56:45,2018-01-24 20:22:43,2018-02-02 16:05:46,2018-02-22 00:00:00
e98f62f167c0c56e1d6e2c852bf04adf,deb7123f2e2f5e7e0997e3af67d058d0,delivered,2018-05-28 09:57:09,2018-05-28 10:13:42,2018-05-28 13:09:00,2018-06-08 17:37:51,2018-07-05 00:00:00
0b3348cfaae0bca40b23a36b64c7b941,76e4edb343ef3a63a0b831a31ea0338a,delivered,2018-07-18 08:12:36,2018-07-18 08:35:14,2018-07-19 06:14:00,2018-07-26 19:51:41,2018-08-08 00:00:00
385d15b6382df6b32e10ff114cae5b4c,789e7fd3b32368aed09a7971f76758d8,delivered,2018-08-08 14:35:29,2018-08-08 14:45:17,2018-08-09 12:19:00,2018-08-14 01:09:39,2018-08-17 00:00:00
28a77826d03dfad917f9b8d43d06341e,6db0640d603b5700f1d0a2b5938f46b8,delivered,2018-01-06 16:58:41,2018-01-09 07:17:33,2018-01-09 20:53:52,2018-01-16 13:42:51,2018-02-14 00:00:00
2f715a4ad1e86b20a19e070acf516b38,94a11bc09eae9dd2cb87ae221efcc0a3,delivered,2018-04-09 15:50:11,2018-04-10 04:11:11,2018-04-10 19:08:49,2018-04-12 20:26:49,2018-04-24 00:00:00
64c233aafb76618a84c4a3af54e79bb9,696bfeb907ce8c2682f82762a6ba2366,delivered,2018-05-05 19:57:21,2018-05-08 04:35:51,2018-05-09 11:33:00,2018-05-15 17:24:42,2018-06-14 00:00:00
2330997bb48bfc161534281ecbda1739,b125d7ca2bf699633dcec206ec51ce90,delivered,2018-06-20 08:46:36,2018-06-20 09:20:17,2018-06-21 16:17:00,2018-06-25 17:17:47,2018-07-23 00:00:00
04b2afb6447774881079872788d97883,42bb50515411f1a0d51a700636416201,delivered,2018-04-21 19:29:14,2018-04-24 18:27:19,2018-04-23 19:11:29,2018-04-26 11:31:45,2018-05-16 00:00:00
7f67aa0d55e12f8edd5ad5d2207e9504,39b7aa490a7fe0a3b97c53221bcc7367,delivered,2018-05-31 10:40:59,2018-05-31 10:54:08,2018-06-01 13:29:00,2018-06-06 20:04:47,2018-07-17 00:00:00
3bf5c888a106e0e27fd82eb268baa621,1c696296295bcaedd258474aad4284cf,delivered,2017-04-08 19:07:40,2017-04-08 19:22:25,2017-04-10 12:24:06,2017-04-12 13:53:05,2017-05-09 00:00:00
583e624231af818d0ab64b7f4b6a5cdd,ab23483a16bddfba9362d08402bc07b2,delivered,2017-04-06 14:25:09,2017-04-07 03:10:47,2017-04-20 08:25:03,2017-05-02 14:49:55,2017-04-27 00:00:00
d0ce2ca3ae57a9ffd47a99bd72cc3b42,3a45751454c40ca3f7e90ff45c79eb90,delivered,2017-04-26 16:09:31,2017-04-26 16:22:36,2017-04-27 14:05:11,2017-05-12 13:47:37,2017-05-17 00:00:00
ef161f48adcaeede5920308df1c280b6,5491f5b2f7ef061ae1fb0b14b0fcb434,delivered,2018-02-26 11:32:03,2018-02-26 11:55:58,2018-02-27 19:45:06,2018-03-12 15:08:44,2018-03-21 00:00:00
4f9b6a9b3216925859301fc767b0fece,8bc8cb1dff878240d081ac6d1e4260df,delivered,2018-03-26 13:16:17,2018-03-26 13:27:33,2018-03-28 17:32:09,2018-04-18 22:21:24,2018-04-13 00:00:00
99482042fe756df3f9ce2adbde9b7c7e,25ee6ccd02d90e8e99185252f34ffb2c,delivered,2018-06-01 19:40:08,2018-06-02 03:31:31,2018-06-04 15:02:00,2018-06-11 23:29:52,2018-07-16 00:00:00
f819c53d333f9775d516f9ab29e0ded8,41cced9cced599270c9537bd4de9801e,delivered,2018-02-15 10:26:43,2018-02-15 20:30:26,2018-02-16 16:19:22,2018-02-22 12:52:46,2018-03-15 00:00:00
c43428e158013a24ec4a18007fd99082,d5d9f795f5d1144d8105206c7e73d4ab,delivered,2017-07-31 15:37:43,2017-08-02 08:33:11,2017-08-01 20:52:26,2017-08-04 19:09:40,2017-08-18 00:00:00
63cf60878903ad6824697ecfa2bba46d,3ec5ccbd62cdba9f2d97f0ae56acd254,delivered,2018-02-28 19:42:15,2018-02-28 20:08:26,2018-03-02 01:15:06,2018-03-07 20:07:53,2018-03-20 00:00:00
ac9394e6566c5245be91e3dd87c8d5e9,1b373354ee8504335880567cbc6447f4,delivered,2017-11-24 14:33:35,2017-11-24 16:35:24,2017-12-06 17:41:37,2017-12-20 21:58:54,2017-12-18 00:00:00
b8d0e1c664b4deb8dbe8583927497a68,dc01aec4b6fe0cd30c5f345eeeb915ce,delivered,2017-08-24 11:18:40,2017-08-24 11:30:17,2017-08-25 15:37:33,2017-09-19 16:53:38,2017-09-20 00:00:00
369b845bc7aec357372149df304bd341,167e8b35a0b05668af1287112213ef47,delivered,2017-05-01 17:59:15,2017-05-01 18:15:06,2017-05-03 09:20:39,2017-05-07 11:43:35,2017-05-30 00:00:00
afc5c2d338fbbfa4e162a76236fe8ead,95073522f03c913b18f3007419e2b644,delivered,2017-11-24 23:09:24,2017-11-25 01:19:31,2017-11-28 21:33:40,2017-12-28 18:29:43,2017-12-21 00:00:00
d60b2bc250dbee7d1cffe229a0575233,b063701f756fca574fe2e421b86c6afb,delivered,2017-11-16 18:28:32,2017-11-18 02:30:37,2017-11-22 01:11:51,2017-12-06 14:33:40,2017-12-15 00:00:00
43ca8748a71977b9d33696cd909f613f,36e56a8ac30cb5b2c06bfd83c52407b9,delivered,2018-06-29 14:24:39,2018-06-29 14:35:11,2018-07-02 11:22:00,2018-07-05 15:44:46,2018-07-13 00:00:00
e10eb327c30f510c648ebaa30c399ffa,9fd0f7c1f0c833ce6d92c9d7b171cecd,delivered,2017-08-21 21:36:39,2017-08-22 04:05:25,2017-08-23 19:22:45,2017-09-01 16:44:57,2017-09-13 00:00:00
2b0259629144c6b7b9cbbeae440287a9,86a2212bacc5a9e26edca1f35318b797,delivered,2018-01-05 03:14:40,2018-01-06 16:46:45,2018-01-09 23:16:10,2018-01-20 16:38:52,2018-02-05 00:00:00
55f33d1440ed529bf23f7b92248c149e,a55beda9aafbcf83393646d566a06b86,delivered,2017-08-09 00:38:43,2017-08-09 00:50:17,2017-08-10 17:41:34,2017-08-11 20:13:49,2017-08-28 00:00:00
c4142556a994ea3382c0b8d954c0acdb,aa918dcf8eda36aa6639e3123a64ff2f,delivered,2018-06-20 17:02:01,2018-06-20 17:22:01,2018-06-22 12:52:00,2018-07-03 16:03:12,2018-07-19 00:00:00
09f8cd8a102b3f3fa2d5db0c6aee489a,ce5c2647d9125a115851c01b5b356426,delivered,2017-09-15 16:35:51,2017-09-15 16:50:20,2017-09-19 18:58:55,2017-09-28 19:38:39,2017-10-11 00:00:00
f7ae7cbe3967049e8cf9103d84155c44,c38814c1b69f1bf87b5f261f08bdd363,delivered,2018-02-10 19:48:45,2018-02-10 19:55:48,2018-02-14 20:05:19,2018-03-14 21:26:58,2018-03-12 00:00:00
8ef1cdf601ce23c589774e6fda185587,7c6d6a76efe8c2c8471cc574ae47a697,delivered,2018-07-20 12:17:20,2018-07-20 12:30:21,2018-07-23 16:49:00,2018-07-27 15:59:30,2018-08-09 00:00:00
7322eb240863564b9a92ae395b476be9,cbab0df1c06efe86403afef5dbdff079,delivered,2018-02-04 11:26:08,2018-02-04 11:35:25,2018-02-08 20:32:27,2018-02-19 10:44:19,2018-03-06 00:00:00
ebc8529a43a15aa54156695392ab28cc,7eb55cff2a0cf66188ae543da3b8a4d1,delivered,2017-11-19 11:57:19,2017-11-19 12:10:22,2017-11-24 20:56:58,2017-12-13 23:54:50,2017-12-07 00:00:00
fc9a5afd96050ceb0d9f12a4f8c5d9f0,98fe6ae8410f2e46f8169623ccfa5e6d,delivered,2018-08-01 09:08:40,2018-08-02 05:15:10,2018-08-03 15:10:00,2018-08-09 17:11:42,2018-08-13 00:00:00
5302018f3ca79e79316ca710edfe29a6,e49116a8cbc85883007a293eb252a799,delivered,2017-04-14 12:03:47,2017-04-14 13:02:16,2017-04-17 11:03:43,2017-04-20 10:48:42,2017-05-08 00:00:00
f2194f10572bc6bfabc99465a6d3f55d,f0aaffb5023be7a38e84280893892514,delivered,2018-04-05 09:08:47,2018-04-06 03:10:30,2018-04-10 00:58:43,2018-04-13 19:32:30,2018-05-02 00:00:00
81fffc4a57c371d20f822517c9e4f9ae,bf9f964e516cb310162aa203b7e304ff,delivered,2018-07-17 18:02:13,2018-07-19 03:02:38,2018-07-19 15:00:00,2018-07-25 17:51:29,2018-08-08 00:00:00
7ab25586eb0423d8038091f70b35a4a5,fd34f9db23889bc5517d189546e18ad5,delivered,2018-07-24 16:26:53,2018-07-24 16:35:21,2018-07-25 14:12:00,2018-07-26 16:29:08,2018-08-03 00:00:00
2fb6a72b0a07a304bba3ff03e02728e5,8fda7a6f63fd5f1f098ad1dc28ce6d41,delivered,2017-09-20 15:34:26,2017-09-21 15:44:17,2017-09-22 14:07:08,2017-09-25 20:48:25,2017-10-05 00:00:00
48bce5f7df05ac43bea16f77546ef22c,8b3bed1ed0578d5b682a475584250639,delivered,2018-05-10 16:43:08,2018-05-11 02:57:38,2018-05-11 12:26:00,2018-05-16 18:47:47,2018-06-01 00:00:00
3ab2e0cca7a7831b28bb1bcff404f6c7,ed0deda10666afaa99bf30119f929ae3,delivered,2018-07-14 17:52:26,2018-07-14 18:15:23,2018-07-17 06:42:00,2018-07-26 20:52:31,2018-08-13 00:00:00
7be4a210a223f13fac663c64d8cb6d04,84c34f46136918961512c810eeb48ff3,delivered,2017-12-13 19:43:57,2017-12-13 20:31:34,2017-12-18 22:43:04,2017-12-26 23:33:22,2018-01-08 00:00:00
ae82bdf97e99c33582559e2532915b53,f1452c1d5261b64ac857117bf23835c9,delivered,2018-08-08 14:58:33,2018-08-08 15:10:24,2018-08-09 12:32:00,2018-08-17 11:51:09,2018-09-05 00:00:00
f221e96b7de74d489ab306e560fb83a1,ae1e1ba7da8c6aae741a7787b5935bbb,delivered,2017-12-18 11:44:31,2017-12-18 12:14:08,2017-12-19 21:06:59,2018-02-06 18:42:57,2018-01-11 00:00:00
efe2bd0e4d25b933231492f36a6e1847,0edc831063e713610ad25d10ffb74848,delivered,2018-02-21 14:12:18,2018-02-21 14:31:03,2018-02-28 18:17:01,2018-03-24 14:32:07,2018-03-22 00:00:00
119c7049e648e0c4073ceceab6c3cd3e,9fba2d301c9a7cea309e14ab04074f23,delivered,2017-11-26 21:51:07,2017-11-26 22:11:53,2017-11-28 00:08:32,2017-12-21 20:04:06,2017-12-19 00:00:00
dc06d3b11cf4f6499a6fde2c1beda13e,ab59fcd8f3c0c950367c12d84f2676f7,delivered,2018-07-09 17:20:11,2018-07-10 17:15:14,2018-07-13 15:42:00,2018-07-25 18:36:54,2018-08-09 00:00:00
62468ec3bde7ad016b389b68516dceb1,ad0e66c52492565817b1413109681a08,delivered,2018-07-18 11:23:07,2018-07-18 11:35:13,2018-07-24 14:59:00,2018-08-06 22:32:56,2018-08-13 00:00:00
909fe8229847328fa7b5fa59b253ba25,adf9134ea7338307a33c4af9026a6b1f,delivered,2018-08-09 12:58:10,2018-08-09 14:30:16,2018-08-10 15:57:00,2018-08-14 13:27:56,2018-08-22 00:00:00
c0c48daac5ca760ce57d4e500886dc56,eb6c184537730dfd01497567b6dd15da,delivered,2017-01-22 14:13:58,2017-01-22 14:30:42,2017-01-23 12:02:29,2017-01-27 12:34:38,2017-02-28 00:00:00
856d4ca373e855bd0cc6f782cd78686d,69cf319150fbe6796a8fc7cb1130906d,delivered,2018-05-15 19:29:27,2018-05-15 19:53:03,2018-05-16 12:37:00,2018-05-22 21:42:26,2018-06-04 00:00:00
1710114c1a278545964b28b49d85a2a4,fa1b9531a23ed747b30acc5ff7bf4f54,delivered,2017-11-24 14:18:31,2017-11-28 03:33:35,2017-11-30 20:28:34,2017-12-08 18:51:16,2017-12-14 00:00:00
f01954cab76ef5d938d291d2f1d201e5,e0c162c722b9ee73b89b93199e774b43,delivered,2017-04-14 18:08:15,2017-04-14 18:15:15,2017-04-20 10:44:35,2017-05-27 08:28:54,2017-05-16 00:00:00
30192988070ccc8d5f5d40aad62b8ed4,c1bc1aaa41d83c84f70faad9a89729b2,delivered,2018-06-22 18:22:44,2018-06-22 18:39:26,2018-06-25 12:21:00,2018-06-28 12:41:31,2018-07-18 00:00:00
a7684eee10105bc8c5a8e3f2f05f5253,0c09b433fb049996631021002c9cd554,delivered,2018-06-23 17:50:10,2018-06-23 18:18:52,2018-06-25 13:45:00,2018-06-29 20:38:45,2018-07-19 00:00:00
17de20f7c434b4c8c3a089b5bd72101d,04fdab473a47f9b5bc9176d939d43070,delivered,2017-12-30 20:36:19,2017-12-30 20:46:40,2018-01-03 17:47:26,2018-01-04 18:20:26,2018-01-19 00:00:00
cff26b49480fa8c4917fed0c71a61e21,7b5d824ef05303b0260d358a1adf9b2c,delivered,2018-06-16 18:05:54,2018-06-16 18:37:10,2018-06-18 14:59:00,2018-06-30 12:28:52,2018-07-24 00:00:00
aefd4f1e5f6dc055f7a57ff5d884071e,e7efe6bb17180833851f8987a6ce0f1b,delivered,2017-04-22 10:28:31,2017-04-25 07:55:19,2017-05-02 13:48:38,2017-05-09 15:08:02,2017-05-17 00:00:00
86dc6d6365151fcdab6e43c4bd3c2dfb,bdd83d967b2308a3c858da8ca0a5d5cc,delivered,2017-07-22 00:26:36,2017-07-25 03:25:34,2017-07-31 16:42:02,2017-08-10 18:05:07,2017-08-15 00:00:00
31b3e1e5188e76431af2242ebbfb4ba4,10b290f2147c60a34dfa71fe158fd343,delivered,2018-01-25 10:29:14,2018-01-25 10:58:19,2018-01-25 21:52:35,2018-02-07 00:59:06,2018-02-19 00:00:00
01c2d2ffe8349c5eef0ab33e8ff1f41c,d57dc4003cdf3d2229ca20d76b889075,delivered,2017-10-10 09:49:31,2017-10-10 10:06:09,2017-10-16 16:25:42,2017-11-07 14:43:08,2017-11-10 00:00:00
a9eff8f70def39eb9133c1861c49ee76,568b8a86595619181ea75af225d6095f,delivered,2017-09-15 17:27:08,2017-09-15 17:44:27,2017-09-19 19:33:10,2017-09-29 21:18:42,2017-10-09 00:00:00
f8b1f5bc1c01359c4cc4e611c257ff2b,ce2364608961bab62ec9fdb15166df40,delivered,2018-01-20 13:57:51,2018-01-20 14:31:03,2018-01-22 22:03:27,2018-02-06 18:34:52,2018-02-19 00:00:00
42ecdc74095df67319b9d2ce16c43329,2b5f3324b7e634c393c51b7647284bfc,delivered,2017-10-16 16:28:00,2017-10-16 16:50:19,2017-10-17 19:12:49,2017-10-23 21:21:46,2017-11-07 00:00:00
b300e160f5892169bafa006e670a43f5,61c2e2b154c006a3adc73f68f1df6fd9,delivered,2018-08-02 13:11:14,2018-08-02 13:30:51,2018-08-08 09:48:00,2018-08-13 16:21:56,2018-08-10 00:00:00
688777dd259c99e7554f3901ff653a54,d26f92dad3a2f62023e3411cc7ae6721,delivered,2018-06-28 21:55:37,2018-06-30 02:52:35,2018-07-02 07:57:00,2018-07-10 17:03:19,2018-07-23 00:00:00
dda00bd9d2607be3fdb9db2abe33b9b7,e75f17743ce11c2145ca3f188b8acf0a,delivered,2018-05-18 12:01:23,2018-05-18 12:47:56,2018-05-21 11:04:00,2018-05-22 20:12:28,2018-06-06 00:00:00
6eea01cfbca90a278819c163602d0a69,8d7f766a4125882f2d59ef3b04ae7a39,delivered,2018-07-11 20:39:49,2018-07-11 20:50:17,2018-07-12 12:51:00,2018-07-26 02:24:39,2018-08-09 00:00:00
1d4fff6b3a70a427fcd88a848c3b6050,9c486e445f21a9e077e9f98ed915fd34,delivered,2017-11-28 23:21:17,2017-11-28 23:38:00,2017-11-30 21:03:49,2018-01-22 22:09:38,2017-12-29 00:00:00
ced0e946ad5799158b4bebd93c91a100,766c2f70aa17fa444f29afb40ad857ef,delivered,2018-03-14 21:51:45,2018-03-14 22:09:13,2018-03-27 02:44:47,2018-04-03 14:58:39,2018-04-11 00:00:00
e9c21c4d7623632e74817142131f69ab,f31a4655577f4052dbb69223f464022c,delivered,2018-02-25 23:31:03,2018-02-25 23:47:26,2018-02-26 20:19:08,2018-03-21 20:08:44,2018-04-04 00:00:00
95d5f038a551666d46a7729a67a1b414,4c8c7d418e7d4846f9d574b22fb89337,delivered,2017-12-03 14:39:18,2017-12-03 14:55:28,2017-12-04 16:42:08,2018-01-10 17:25:53,2018-01-03 00:00:00
fd5e05293e4e26b58d7cd6c75c7c9aec,7ca7693b6654f9f82bea7b9dfa8146c4,delivered,2018-01-08 15:40:15,2018-01-08 15:50:26,2018-01-09 17:29:06,2018-01-16 22:37:57,2018-02-01 00:00:00
bc6f0d20151b72e478b552a053707ec6,b000b36b33814dba6443ca09f8662bf6,delivered,2017-12-15 19:12:40,2017-12-15 19:31:13,2018-01-19 18:47:50,2018-02-08 13:17:10,2018-01-26 00:00:00
abd294844f541f770f1dba28105e2057,27b358511e5649e3ca16dbbd9e82660b,delivered,2018-03-28 18:44:19,2018-03-28 18:55:23,2018-04-03 17:14:45,2018-04-05 03:41:31,2018-04-10 00:00:00
7f3eeda083f7dd3143b24b17ad4ad881,3f3c551ca0c2bef2ab53b699359901bf,delivered,2018-01-28 15:08:22,2018-01-29 15:18:42,2018-01-30 19:22:28,2018-02-01 16:58:38,2018-02-14 00:00:00
4f2499fee2bfca0fbbf9a76a31da4128,f923aa709f566bff2443096619a9cd9a,delivered,2018-03-08 19:25:35,2018-03-08 19:35:37,2018-03-09 15:48:26,2018-04-27 20:41:38,2018-04-11 00:00:00
fa22f5f8711934f18364448592c96099,39baadc8a03599bc0b1463d5e5e5f4e1,delivered,2017-10-25 06:08:50,2017-10-25 06:49:17,2017-10-25 16:20:01,2017-11-07 22:41:12,2017-11-22 00:00:00
a13c2dd333f7fc6e2cc260f2e307ae0e,0a887e506b9ca97cf5c00190118d6c54,delivered,2018-02-22 15:43:46,2018-02-22 16:10:09,2018-02-23 22:45:51,2018-03-19 23:04:43,2018-03-26 00:00:00
91d62a361b8c239a73fa1d50961da3fb,ba74d47434e0ebf1840b5c9341451fba,delivered,2017-05-11 14:19:13,2017-05-11 14:25:14,2017-05-12 14:10:40,2017-05-19 18:42:02,2017-06-06 00:00:00
8c7567ec8e551d23654888754fef5e3d,08f70611f271f98cf3f7d7b15f257a9e,delivered,2017-11-09 17:04:35,2017-11-09 17:15:35,2017-11-10 15:46:49,2017-11-21 16:16:55,2017-11-29 00:00:00
f3e4e1953308df0b913ac8edce084e08,0340a58f4c5575ef03a6083a95c01166,delivered,2018-08-10 10:11:40,2018-08-10 10:25:17,2018-08-10 14:57:00,2018-08-15 15:27:49,2018-08-30 00:00:00
5d6ca8d2f39c609dc330b731dc5777cb,10031ad7752b10374ba516be41953b6c,delivered,2017-02-17 18:27:58,2017-02-17 18:35:21,2017-02-21 15:57:48,2017-03-09 09:14:02,2017-03-27 00:00:00
b68d52eed868239b2bf137c03c5576b1,a9c06e645446b083037e61a649661178,delivered,2017-11-24 01:28:11,2017-11-24 01:38:45,2017-11-30 15:04:01,2017-12-04 20:37:10,2017-12-14 00:00:00
b1127d37a7b6bdc4fadbc3e1345338dd,e6242688aa32fed2e637c9c7700eba53,delivered,2018-08-20 21:03:23,2018-08-20 21:30:08,2018-08-21 14:24:00,2018-08-22 17:21:39,2018-08-28 00:00:00
3de96b35ed547a94451b30a4254f2c16,2e0ce1c5cb451e27e1848c657c0ad5cd,delivered,2017-10-30 13:27:55,2017-10-30 13:47:56,2017-11-01 18:53:03,2017-11-06 20:58:47,2017-11-28 00:00:00
3941ca6fee43030b3a030be440e4ead7,fb7a1918bb56cd4318461bd2377e5e80,delivered,2018-06-06 00:07:53,2018-06-06 00:32:04,2018-06-06 14:31:00,2018-06-12 13:32:29,2018-07-12 00:00:00
39627a21dc26dd7c2810548c6b6e1e90,3d4b571062a7bb528ced4e8e11f095c0,delivered,2017-06-01 10:10:24,2017-06-01 10:25:13,2017-06-01 12:04:02,2017-06-16 14:07:52,2017-07-04 00:00:00
f909a30204df41fa3c27e9490f536aa8,ab374b1de7b43e4c22708b9a10eeff06,delivered,2017-04-08 17:30:18,2017-04-08 17:42:14,2017-04-13 04:57:49,2017-04-18 11:19:58,2017-05-02 00:00:00
1f7c3aa924109d27ae780567b2672c62,ad2062b5c19d63ccc4771b5066c47b49,delivered,2017-06-28 11:43:32,2017-06-29 03:04:07,2017-06-29 14:02:58,2017-07-06 11:59:25,2017-07-20 00:00:00
6a2928ab4a049ae96aef70dd00d5756e,93c24ebbc0a15759dd6a9f32af1aa7d3,delivered,2018-04-13 14:44:33,2018-04-14 14:51:50,2018-04-20 17:33:54,2018-05-02 16:59:49,2018-05-18 00:00:00
38f4048a89f04d7f0d74027b61128102,57c17b8d4ea6773fe5913b6815ff541c,delivered,2018-02-04 17:42:43,2018-02-04 17:50:31,2018-02-05 19:38:24,2018-02-09 11:38:51,2018-03-01 00:00:00
737e75dc8fad86ce2b5b41377a28dac5,0fe96292e15cc4dedc8b1eae770933fc,delivered,2018-07-12 17:26:37,2018-07-12 17:44:44,2018-07-13 13:34:00,2018-07-16 15:17:34,2018-07-26 00:00:00
916176e8ce74772807cfb28860535ae0,46c19710e4ec96f3c532cb3ac376b794,delivered,2018-05-28 14:51:21,2018-05-28 19:16:58,2018-05-29 13:51:00,2018-06-06 21:18:38,2018-07-04 00:00:00
1ebcf69fa275bb588691ece37ef82a30,19ad73c877b2ba253c68f626007cab97,delivered,2017-10-30 14:23:56,2017-10-30 14:35:20,2017-10-31 22:03:07,2017-11-08 18:12:56,2017-11-28 00:00:00
7de5a6bdd0de17b60a6ca664159c18ca,5bb2d3412b01523e83672803d7a1811e,delivered,2018-03-08 16:01:18,2018-03-08 17:01:02,2018-03-10 01:48:34,2018-03-19 22:28:29,2018-04-03 00:00:00
c1d674e39c5817a71ecd386821d865c4,01ebd22baace52e484a1c52ff136ebe1,delivered,2018-04-29 08:50:21,2018-04-30 13:34:31,2018-05-03 17:14:00,2018-05-04 22:05:19,2018-05-11 00:00:00
fecfa796d77518eb5df5799cf3e1b495,55b06840682fa5c3ce0401f9b20a7983,delivered,2018-08-03 11:04:14,2018-08-03 11:15:19,2018-08-06 09:07:00,2018-08-14 20:03:33,2018-08-17 00:00:00
d36b13fdc087b62c490a9db5c0e0a913,56dde41c7bb48ff317cf71625ee3b33c,delivered,2017-10-04 08:17:30,2017-10-04 08:28:18,2017-10-04 19:56:07,2017-10-13 16:53:43,2017-10-31 00:00:00
25746e647fefb656cf0fc3a03216e7cb,552ea388817ddbb515cd8421649a972b,delivered,2018-06-27 08:57:44,2018-06-28 08:50:59,2018-06-28 14:59:00,2018-06-29 21:03:39,2018-07-12 00:00:00
6f5287c7bb4cef1435b9666c23c54f9e,3e2f9f7044212b8e635c6a9d19688cbe,delivered,2018-08-14 23:22:18,2018-08-14 23:35:22,2018-08-16 13:04:00,2018-08-17 17:38:56,2018-08-21 00:00:00
91dfad2e79a07e06a4b6d53c206cef28,d59c34e12125e2a7cb51d1ba558dcadd,delivered,2018-03-11 18:33:51,2018-03-11 18:50:26,2018-03-13 15:53:35,2018-04-05 16:50:49,2018-04-13 00:00:00
b601ce5415b4d58823d60e0e8e32ea12,facf77adcdd7eee70041e0e6dfe726b6,delivered,2017-05-06 09:04:24,2017-05-06 09:15:11,2017-05-11 13:03:19,2017-05-16 09:32:17,2017-06-06 00:00:00
67125a02929ae733f8087641f22c6842,fa8beffef385577583fa4f5ae3a01698,delivered,2017-12-31 11:30:26,2018-01-03 04:16:39,2018-01-03 17:54:03,2018-01-04 19:53:23,2018-01-22 00:00:00
33556b1dc910f89519193dc8a6e1632c,3608d35e0f5fdd7def8947406ff568f6,delivered,2018-05-02 21:12:01,2018-05-02 21:35:25,2018-05-03 19:01:00,2018-05-05 12:32:40,2018-05-10 00:00:00
08beae16754b76c55e9f49c7d4d138dd,a62ed90dfc56c8eb3e021e9151fbf469,delivered,2018-03-04 18:26:22,2018-03-04 18:48:26,2018-03-05 18:03:49,2018-03-09 23:44:43,2018-03-21 00:00:00
eba9f7d9010e498a2fdd4a48583db537,e3e12992b74ab5c23abf9a2d160af158,canceled,2018-01-29 16:10:57,2018-01-29 16:36:49,,,2018-03-05 00:00:00
8cf7aec82620bc52e22e4cdcc76d0436,ace3ac15af94600e980ef4cffacb8ac8,delivered,2018-04-08 15:41:03,2018-04-08 15:55:18,2018-04-13 00:03:30,2018-04-16 22:22:35,2018-05-11 00:00:00
aa8a0a13a82200ca731915b262113b2e,999ea745e15b6f7bcb451e51d1b9d64e,delivered,2017-11-27 14:59:57,2017-11-27 15:18:28,2017-11-29 00:31:49,2017-11-29 14:12:38,2017-12-12 00:00:00
70238f8ef874a547e18e58572c2c9a72,e051a01b04a8d5e78616a168648ed62e,delivered,2017-03-07 20:16:14,2017-03-07 20:25:21,2017-03-08 14:49:07,2017-03-13 10:12:47,2017-03-28 00:00:00
60e2e89624c1d0711e325baf34fe2327,d91e1ede7c32d5c62cd335c194fec439,delivered,2018-01-10 10:53:06,2018-01-10 11:31:40,2018-01-11 19:49:01,2018-01-19 19:38:33,2018-02-08 00:00:00
7d77fa53e7aaa8b90c3bf1d55392d432,60be6efd06ea26069011a291c11a36c1,delivered,2017-11-21 15:44:48,2017-11-23 02:56:24,2017-11-23 19:28:26,2017-11-24 19:42:48,2017-12-01 00:00:00
697d17b442e7f401feca0e794a359fbf,2317e4dee52344e806677cbc15e7edb1,delivered,2018-02-23 14:11:03,2018-02-23 14:36:33,2018-03-05 19:04:55,2018-03-20 17:12:56,2018-03-20 00:00:00
ac5bec9923eff67a7b009e9b911568d8,6413dc9734b3d1aca5409aa418f22271,delivered,2018-07-13 12:53:35,2018-07-13 13:05:24,2018-07-16 14:39:00,2018-07-20 22:10:49,2018-08-03 00:00:00
436a28a029a7c89474beca1de4f02a29,f4a0b03123787bc57fd4fcd6ca35dbf7,delivered,2018-03-27 19:51:12,2018-03-29 03:28:52,2018-04-03 20:48:23,2018-04-11 23:31:39,2018-04-19 00:00:00
b66045a5fb8e241a3a6ed1b80d90a456,6c3a8830c60ff06ef8ad5f6dbe66de70,delivered,2018-01-28 20:02:23,2018-01-28 20:12:22,2018-01-31 04:36:29,2018-01-31 19:35:57,2018-02-14 00:00:00
84b0b638cd0168c9b746cca306bae3dc,78e154bde284dba22fb7eb2d5a4509f2,delivered,2018-03-02 06:38:06,2018-03-03 03:20:25,2018-03-05 17:16:57,2018-03-17 15:06:23,2018-04-03 00:00:00
215b38acfb4aef3bb0144656bb102421,704524826c3b6ea14cea19ba0c11ec4e,delivered,2018-05-18 01:52:29,2018-05-19 03:13:01,2018-05-21 10:39:00,2018-06-06 22:04:14,2018-06-12 00:00:00
c2baa2c68f42b3980566cf7f366fcd5b,36cc844b2f496f003881ddf803ec6aa7,delivered,2018-06-05 20:44:27,2018-06-05 20:55:43,2018-06-07 11:18:00,2018-06-14 20:52:47,2018-07-11 00:00:00
6620ebb2d24058461a5605a2aa2c6375,c8c018e212ca340cf5be63635e834e25,delivered,2018-03-12 14:43:29,2018-03-12 15:01:35,2018-03-20 16:48:45,2018-03-26 14:08:34,2018-04-19 00:00:00
b04b2f28409ccd550c06a3fca4d6eb00,634c177860e07b898a37785bfb0beb75,delivered,2018-03-13 14:53:04,2018-03-15 03:15:43,2018-03-15 16:42:16,2018-03-19 16:22:48,2018-03-23 00:00:00
dc28a299ebc4b33090b37f7419c9b99d,fde152951ba154f18237d6296891a9b4,delivered,2017-03-21 07:48:30,2017-03-21 07:48:30,2017-03-21 14:24:33,2017-03-27 16:30:23,2017-04-07 00:00:00
77f0f62ff8a59620532b7f2ef9065e17,f696649e5d76695300d1b2c5f2129b02,delivered,2018-07-16 12:31:42,2018-07-16 12:45:23,2018-07-17 11:59:00,2018-07-23 18:10:46,2018-08-10 00:00:00
00335b686d693c7d72deeb12f8e89227,d96e5c4400413a11fa8c9fd54be4a20b,delivered,2017-07-17 21:25:23,2017-07-19 03:45:26,2017-07-19 17:07:11,2017-09-12 20:58:45,2017-08-11 00:00:00
5d0c8f7d2215114ca6c95a8af1ad7a00,a8f0f80528ee6b2fa841d315ecb84cb0,delivered,2017-04-05 16:46:42,2017-04-05 17:02:23,2017-04-06 15:27:57,2017-04-11 15:54:32,2017-05-08 00:00:00
97173f6b3efbc425e8b288645489e57b,87449a7d4a45da8538cea2e72ec2c729,delivered,2017-12-23 10:04:58,2017-12-23 10:12:30,2017-12-26 15:09:04,2017-12-28 13:57:18,2018-01-22 00:00:00
fa37c4d7efdb58513147c124a078bc54,6ef4f80d86d939eee04bc62dcaee39a3,delivered,2018-03-23 11:03:26,2018-03-24 02:10:47,2018-03-27 20:57:32,2018-04-06 03:11:39,2018-04-17 00:00:00
b4a61133656060766f7357f4a21777eb,cb6f428bfa76fcf7cdb49b85c70819b6,delivered,2017-09-19 14:09:09,2017-09-20 02:24:05,2017-09-21 16:49:18,2017-09-26 17:57:28,2017-10-11 00:00:00
b84a7eeb925e2c96bd6cd7796394ece5,8f97ee7392291ea66b3592881e7a9102,delivered,2018-02-04 09:10:24,2018-02-04 09:29:56,2018-02-05 23:46:29,2018-02-15 01:28:55,2018-03-09 00:00:00
2b1d482e9b00a6f20d0e5688065cbf2b,ce40c9a92219c8eb3e2e44465e233a7a,delivered,2017-11-18 00:46:16,2017-11-18 01:10:35,2017-11-23 12:59:19,2017-12-10 13:29:13,2017-12-13 00:00:00
5d93a32a25ed8f8e884e5a1d283c43dd,b0dfff3b69c6420c45bee6e689f8b060,delivered,2018-06-19 11:23:30,2018-06-19 11:35:24,2018-06-20 14:43:00,2018-07-10 15:06:43,2018-07-17 00:00:00
45ec898b8788003690b15eb232f9de53,d6aa925e45cc75abfa568f3eb35962f9,delivered,2018-03-14 14:19:09,2018-03-15 03:31:35,2018-03-16 20:38:32,2018-03-19 18:18:21,2018-03-26 00:00:00
a40502ef2029080537a03312ad509b69,351b2fd3a7f9c5580287edfbd6e98a7c,delivered,2018-01-29 16:45:15,2018-01-29 16:55:50,2018-02-01 00:19:02,2018-02-20 19:07:33,2018-03-01 00:00:00
583174fbe37d3d5f0d6661be3aad1786,e545e697bb9d1b81e0a702121d4e94d5,canceled,2018-08-04 19:25:07,2018-08-05 19:24:33,,,2018-08-13 00:00:00
20530ee11f40ad96e576465649828c2d,7a7d13d8c12d08f68dcdd14385e7c1c1,delivered,2017-11-24 22:33:04,2017-11-25 01:33:24,2017-11-25 16:31:36,2017-11-27 18:39:02,2017-12-08 00:00:00
cce2f38a1c903ff25cc0da92e7423d8c,2ff59de37854c7f6805146fead21e42d,delivered,2018-03-11 20:46:53,2018-03-13 04:08:19,2018-03-14 00:24:25,2018-04-14 16:32:56,2018-04-05 00:00:00
7b498f4d63d591df8f2b0c675464a255,f024c67ecb2692299af6500fb49ef71b,delivered,2018-07-09 21:53:03,2018-07-09 22:05:22,2018-07-10 12:40:00,2018-07-27 18:03:45,2018-08-07 00:00:00
22bd0b5dc9f8dbddd22aeab8ef27fd85,7d1e5179bc9a15bb041726618ed35d12,delivered,2018-06-19 10:08:49,2018-06-20 02:54:57,2018-06-21 14:31:00,2018-06-25 15:36:46,2018-07-16 00:00:00
fce3329932f72d11220888b9e69ef152,6624a1cf3972b0363b03c3cea8b84806,delivered,2018-01-25 15:33:51,2018-01-26 03:16:57,2018-01-26 17:49:01,2018-01-31 16:29:53,2018-02-19 00:00:00
cbf058b13eb4a539f5e5541617bafb1b,228aa3fa3b39a6b67e5cc42f8d0e349a,delivered,2017-09-07 10:25:23,2017-09-07 10:36:11,2017-09-09 14:38:52,2017-09-13 22:00:07,2017-09-26 00:00:00
3c6e9cb84555b442fd5622e552195a14,6ad03e6634e7f06c67c6d6833930dee9,delivered,2017-07-12 23:09:37,2017-07-12 23:25:12,2017-07-17 15:47:32,2017-07-25 21:57:45,2017-08-07 00:00:00
e35528176e3374bcb21842931b5a3e8a,08dbe84d5f0f740e4ffded575b686e32,delivered,2017-12-05 01:36:14,2017-12-06 02:35:46,2017-12-27 21:24:42,2018-01-04 22:58:42,2018-01-22 00:00:00
a0fd3e8622e5fd64beaf31de61399b1e,97b271d89f6d420be947869c55c64b76,delivered,2018-01-12 14:09:36,2018-01-12 14:17:34,2018-01-15 16:48:08,2018-01-22 13:27:18,2018-02-08 00:00:00
9dc032f4d0154877b3fdddff1324d5e8,48208b9deb3d51def25cd44b672cdff9,delivered,2018-06-02 12:54:29,2018-06-02 13:10:14,2018-06-05 08:06:00,2018-06-14 16:48:45,2018-07-16 00:00:00
04497a3993ecf2e604b91ca0a8a80ecd,539e46ac17d2bf235de0168dfc35ead9,delivered,2017-09-17 23:21:05,2017-09-17 23:30:16,2017-09-20 20:38:02,2017-09-26 16:48:05,2017-10-09 00:00:00
33450e29053faedc2dd9b103e54b55fb,85ed38c1ada9c5fec7b999eebb4ac1a5,delivered,2017-08-05 15:53:01,2017-08-05 16:10:10,2017-08-07 23:54:52,2017-08-14 19:07:54,2017-08-29 00:00:00
f07c2a5561e437e1a61e62a3b7123b65,6debe8bb9f47c28f881f14bb830070f0,delivered,2018-05-08 11:47:11,2018-05-08 12:16:44,2018-05-10 16:17:00,2018-05-14 17:29:02,2018-05-16 00:00:00
a756ca7873d8dfa6a2954b040f53052a,96568e229f8fb757d86aa50a16bb7d47,delivered,2017-05-16 23:08:19,2017-05-18 02:15:35,2017-05-18 10:35:21,2017-05-26 16:23:55,2017-06-07 00:00:00
80ed095971ca276965730f312de98fcf,4d2b1b5c45ab369b6313b7fc803935f8,delivered,2017-10-18 09:31:35,2017-10-18 09:49:22,2017-10-23 15:12:37,2017-11-01 21:27:40,2017-11-13 00:00:00
ee814067b8f3badaf5625948bc89076d,656c94f2310f24aeb13ecc4ef2941e3d,delivered,2017-05-04 14:02:45,2017-05-05 02:25:22,2017-05-08 15:28:52,2017-05-16 17:51:32,2017-05-25 00:00:00
0ceec07de9db57c3d2ba32e4fa1fd8ed,324af05f4849ced7fa7bd242fd8c4900,delivered,2018-02-08 16:20:19,2018-02-08 17:07:26,2018-02-09 23:46:42,2018-02-23 22:39:21,2018-03-07 00:00:00
122f75d9c2b30dfb21ca6950ec587b90,7e95832184f874c220b8ebffa750837d,delivered,2018-05-11 16:36:36,2018-05-12 16:00:01,2018-05-14 11:53:00,2018-05-21 14:04:50,2018-06-11 00:00:00
231e2dace3795631b40339ad8c53e5d0,ba3747e330b392aca8c504a91a3b6ed4,delivered,2017-12-01 16:49:36,2017-12-01 16:58:26,2017-12-06 23:03:50,2017-12-11 18:36:58,2018-01-03 00:00:00
a841d4f6334d9f62504a151e34babe90,1332071e42004e21b6999c8cad4503bb,shipped,2018-04-11 16:58:20,2018-04-11 17:10:55,2018-04-17 00:52:01,,2018-05-14 00:00:00
52b7fa35b1e5c8bdea5869804dced415,de3375390ab39702b7268a2d01cb5e9c,delivered,2018-08-26 16:26:52,2018-08-26 16:44:53,2018-08-27 22:04:00,2018-08-30 21:05:53,2018-09-25 00:00:00
663f6abf22dfaca17fa6ecdb411d1860,f7444d23b5eb50854ccec43d9ae163a4,delivered,2017-11-25 16:32:46,2017-11-25 16:51:52,2017-11-28 18:13:08,2017-12-15 19:04:29,2017-12-21 00:00:00
3ee6f1a94cd7b1aa622553fd94a3aaf3,ea4446b4fe6639ea64c2bd4483f494f2,delivered,2017-08-16 10:59:07,2017-08-16 11:30:24,2017-08-18 18:17:35,2017-08-31 19:35:18,2017-09-27 00:00:00
48684d386e644dd78838cd828e1e4cc7,b54dc3bf4a79f9bfe2a96006b871ea54,delivered,2018-02-07 19:18:54,2018-02-07 19:30:26,2018-02-09 20:56:27,2018-02-14 20:22:56,2018-02-23 00:00:00
7a15ddc4006012ed0573d3c3b5b20266,5117ee6a8d286f41cebb2d0ba52f8de7,delivered,2017-05-08 09:43:44,2017-05-08 09:55:18,2017-05-09 09:28:12,2017-05-12 15:12:52,2017-06-01 00:00:00
bb16216a067e407c9e713fe14624e093,7624d155d33967030d26b7ec236c32dd,delivered,2018-05-03 16:06:44,2018-05-05 03:10:21,2018-05-05 09:30:00,2018-05-15 12:48:39,2018-06-04 00:00:00
2ab88224f93f4cc491bf62def6bb9bd0,a1776ddc59dd25127aa556fc6b69958b,delivered,2018-01-11 23:19:35,2018-01-11 23:28:29,2018-01-12 14:18:04,2018-01-29 22:33:20,2018-02-14 00:00:00
cfb8e55efaad874d0db87f44f2f850dd,c21ed416cfe35be3485f1f83d9632b3b,delivered,2018-05-07 10:20:46,2018-05-07 17:30:01,2018-05-10 12:27:00,2018-05-14 17:26:48,2018-05-28 00:00:00
a1c4ab09bfeec2b1739a1a7c2e4c4634,64cbcc173ff7fd1895b8fda13bd90ded,delivered,2017-10-20 22:20:36,2017-10-24 03:35:18,2017-10-25 23:22:24,2017-11-11 04:57:08,2017-12-12 00:00:00
dc17c17282032d56b1ca7dfbb291cf07,8feffbf725adf0e97ba87c57d4920bf8,delivered,2017-01-31 20:16:02,2017-01-31 20:25:22,2017-02-20 16:21:36,2017-03-02 16:59:18,2017-02-27 00:00:00
5cb15aad23cb171ffca7fe16297f5076,9bfdc642eaa2d2c7c0beef6dc8d34b5f,delivered,2018-08-16 09:28:54,2018-08-16 09:43:58,2018-08-17 12:27:00,2018-08-29 01:28:46,2018-09-05 00:00:00
0e8b07d6fde25fe5cd3d67ad93943b4e,fc88f088d243fe889616273a5256d9a9,delivered,2018-03-26 16:14:32,2018-03-26 16:30:11,2018-03-28 22:04:05,2018-04-07 01:05:05,2018-05-04 00:00:00
a37ed53c21eec1edd358833c1900aa78,1b367aa0e27d23801ca51126afb52321,delivered,2018-07-02 08:39:01,2018-07-02 08:55:21,2018-07-03 11:06:00,2018-07-12 14:21:00,2018-08-02 00:00:00
c5d39e9011169ac0ed6676a42a757726,83b48fc1876fce5840cc200c3695704e,delivered,2018-03-16 17:34:57,2018-03-20 03:48:42,2018-03-26 22:24:44,2018-03-27 15:48:36,2018-03-28 00:00:00
21996e7c744554c7c4fac8896bbdf0ea,1a44c1aae0f913d13800d568e453dc64,delivered,2018-07-16 09:12:36,2018-07-17 04:31:19,2018-07-18 13:34:00,2018-07-23 22:13:36,2018-07-30 00:00:00
54fa8d2f7c784a6e766cbae8954da562,ba38e5ec36f3677053ab9909ce2f1b5c,delivered,2018-08-22 09:42:22,2018-08-23 02:44:26,2018-08-23 15:40:00,2018-08-24 20:11:09,2018-08-27 00:00:00
b979990724c0c6accce90ed2a7bb04e0,b0bd4acec8cfaa6f6f7f67792236401a,delivered,2018-06-09 21:21:25,2018-06-09 21:38:24,2018-06-11 15:16:00,2018-06-12 20:47:44,2018-06-20 00:00:00
6adf72edbe32f7b03c39edd4b0b97fe5,95ae7c675a8591a773af47661e236ea3,delivered,2018-06-30 22:59:52,2018-06-30 23:15:10,2018-07-02 13:59:00,2018-07-06 17:21:19,2018-07-25 00:00:00
7aaa96d3d1295c540305278952da9e7b,e4896be76a13751b29781085cd8fee98,delivered,2018-01-08 01:12:18,2018-01-08 01:27:31,2018-01-10 13:29:50,2018-01-31 22:53:31,2018-02-23 00:00:00
0d36ae23909d6afcc7030279ef2f921f,13e21a595d9bd190d457a808e8b4431b,delivered,2018-02-03 18:13:33,2018-02-03 22:49:43,2018-02-05 20:58:44,2018-02-15 22:35:56,2018-03-05 00:00:00
99b504380657b5d582c36a7748f77842,84315a49a363c4a59cd3008559516696,shipped,2017-03-20 13:10:20,2017-03-20 13:10:20,2017-03-20 15:18:49,,2017-04-12 00:00:00
fdca429f65581d898afc2df41740f716,b40a20f4014af9d16d3239b690c5a626,delivered,2017-11-12 23:19:39,2017-11-12 23:35:32,2017-11-14 19:05:58,2017-12-01 20:03:17,2017-12-01 00:00:00
065be848b8cc9a907f12d443b2e4df7f,3dea56595e675d6e69c342d6c6999a28,delivered,2017-10-15 09:05:49,2017-10-17 04:24:39,2017-10-17 18:47:51,2017-10-18 19:05:10,2017-10-26 00:00:00
59ff850287c170ca0c5844a659a456a0,d932de6fce118de65a177f37e11b4520,delivered,2017-09-09 22:59:17,2017-09-09 23:10:17,2017-09-12 17:02:48,2017-09-20 19:08:11,2017-09-27 00:00:00
1f6e38ed623eb80e0fa388787c9ae848,d3e263085cc78ecf28bbb1e0c0850e33,delivered,2017-04-28 09:14:57,2017-04-28 11:44:33,2017-05-04 13:49:50,2017-05-11 11:59:56,2017-05-24 00:00:00
cb560d710377eef2c41351f25c732da1,6087323bb610b4ca4a40963a5ef62ad7,delivered,2018-02-14 13:28:49,2018-02-23 10:15:34,2018-02-24 00:18:29,2018-03-06 00:10:12,2018-03-08 00:00:00
ed6caf9b63bf2103757e2d3bcacc7fc8,df9f289fce3b2a96f6431807fbf632bb,delivered,2017-10-05 18:45:37,2017-10-05 18:56:15,2017-10-06 11:52:50,2017-10-25 23:51:26,2017-11-08 00:00:00
da56812895f62c346de61efef3c1787b,48da70fef4fd152e49be10586753ca91,delivered,2017-12-08 15:56:32,2017-12-08 16:11:46,2017-12-11 18:21:51,2017-12-15 03:08:59,2017-12-27 00:00:00
35d2e9d7381058ab6ecbb845bb1dec37,1846c723a7571d53ebefb851731bfe53,delivered,2018-07-17 23:14:07,2018-07-17 23:25:15,2018-07-19 09:11:00,2018-07-28 20:03:25,2018-08-07 00:00:00
16531229b848e54d09da87453688db0d,319a6bce8c595d7bbe2199dd09d671dc,delivered,2018-07-17 16:00:01,2018-07-19 02:50:18,2018-07-19 10:55:00,2018-07-25 13:47:38,2018-08-06 00:00:00
2d2fb7b68e6fcaf93fec6584b0937c52,a6ab0864a43614a2ff39d136ecdd8242,delivered,2017-09-19 17:15:14,2017-09-19 17:30:24,2017-09-27 18:36:56,2017-10-09 19:22:25,2017-10-11 00:00:00
b29aef07fc359c950db89a961acc1fa2,e6978c62c08bc49662a1edaac652c4f3,delivered,2018-08-15 13:06:20,2018-08-15 13:24:07,2018-08-16 12:58:00,2018-08-22 19:04:48,2018-08-29 00:00:00
96dedbc863308fafcabedddb58c1ae89,8ce2db78e5141c5ffd612b96da4043b9,delivered,2017-12-11 11:13:45,2017-12-13 09:30:47,2017-12-14 16:43:40,2017-12-30 14:24:58,2018-01-09 00:00:00
5bf1e6094b4bf3d73daa1bf1c22a0eda,e44654ae20534b72810d5e477091dad6,delivered,2017-05-06 19:11:48,2017-05-06 19:22:06,2017-05-09 09:28:12,2017-05-24 16:13:45,2017-06-16 00:00:00
be40ba471371fdea735b41499c8655c7,0c9a4971a6b2319c83049f113fb2eb48,delivered,2017-10-02 09:21:04,2017-10-03 04:14:24,2017-10-03 19:18:11,2017-10-10 16:05:16,2017-10-31 00:00:00
119d0d8c0ce562f9cacc40d06c57e76c,9df31f7119f2108af39fcb05cd0971b3,delivered,2018-04-18 18:04:55,2018-04-18 18:36:37,2018-04-19 22:23:24,2018-04-27 11:45:45,2018-05-18 00:00:00
afb49153594bd2f7d55889b1c234a59a,e305ed08ec03ad16d304d12b92006097,delivered,2017-05-23 16:52:34,2017-05-23 17:05:14,2017-05-24 14:43:01,2017-06-02 09:27:42,2017-06-07 00:00:00
7f1dd57d5e14f6ee8a3946e2f58b5396,aac168607cd6ec6ca4faa538b9b6a65b,delivered,2018-08-18 19:17:49,2018-08-18 19:30:10,2018-08-20 14:54:00,2018-08-21 19:22:04,2018-08-27 00:00:00
6c81f50d7f607e25fb51066b15c8285e,0d9c27a293b6a432d7a8f6581830b3fa,delivered,2017-11-24 11:49:51,2017-11-24 13:51:32,2017-11-24 20:36:56,2017-12-12 17:43:31,2017-12-15 00:00:00
df71a04c6a6a25fb6a6a94f30fa7354d,dc6df5423c596ad9de8f181efad35ad3,delivered,2018-06-16 21:29:36,2018-06-16 21:55:53,2018-06-19 15:44:00,2018-06-25 19:36:34,2018-07-13 00:00:00
484ce4bf2067023e5184d003c41eb07a,3e1e323e9d4c48ff9556143e9a32a3db,unavailable,2017-11-24 12:17:32,2017-11-24 20:15:44,,,2017-12-15 00:00:00
f13789f42f165f45674bdfb75866ce1b,cd77b18d3a3b8920c47d0a2f25a49935,delivered,2018-08-08 17:44:32,2018-08-08 18:04:57,2018-08-09 14:21:00,2018-08-10 21:51:25,2018-08-13 00:00:00
720c168395983625e42d1596d5cbc08d,3feb17a1f97ccc28e53ccbad3dc291b6,delivered,2017-09-20 09:01:50,2017-09-20 09:10:19,2017-09-27 20:12:23,2017-10-03 14:23:57,2017-10-16 00:00:00
3d86c4b9522b58a104b2fca7421713d2,a0868f8f24de8f750ad0661b700e915d,delivered,2018-01-31 21:25:06,2018-01-31 21:35:33,2018-02-01 20:47:36,2018-02-08 15:07:12,2018-03-05 00:00:00
6189844031702fdf168d8194d504bc0b,09321f51c8b1b174dac932353c44a386,delivered,2018-04-27 01:19:40,2018-04-27 01:31:26,2018-04-27 13:38:00,2018-05-04 18:47:50,2018-05-24 00:00:00
b137475b3fba13092ed0f3cd8207d908,d99ff4d1545c5bb05bda303a040e9070,shipped,2017-09-22 13:55:54,2017-09-22 21:10:17,2017-09-26 20:26:28,,2017-10-26 00:00:00
db9a1d192383270a53f6fd68858f1783,bae4256d5272a98150d32a1cef395b8b,delivered,2018-01-13 10:23:04,2018-01-13 10:32:20,2018-01-16 21:27:42,2018-01-31 12:08:55,2018-02-16 00:00:00
ee4400c5937463920eed95003b8fd459,ca266cfd5f21fa533d2f62ece8ae9844,delivered,2017-12-01 18:24:26,2017-12-04 18:30:26,2017-12-06 16:58:58,2017-12-14 00:14:18,2018-01-02 00:00:00
68cc65e4e8c5d7c8590c6d9d7aedba0c,35a35120489021f8434e231cdb81828a,delivered,2017-11-02 15:43:31,2017-11-04 05:35:58,2017-11-07 21:38:55,2017-11-10 18:07:35,2017-11-23 00:00:00
09951c1a8c91dc28f008c3ccc634f1fe,eb5e240ee56894e851dbde243dadfa52,delivered,2017-10-16 23:29:17,2017-10-16 23:49:16,2017-10-18 15:14:55,2017-11-06 13:12:13,2017-11-06 00:00:00
420b64be551875169e87fb4a82d5fe13,43be7f68acb621076bde97c734132eb6,delivered,2018-04-02 09:25:04,2018-04-02 09:35:20,2018-04-04 00:12:15,2018-04-23 15:28:34,2018-05-04 00:00:00
81e5023bc130187e464f4f8c328744fa,ad2e63dce7420f1aea7bc997716a32ae,delivered,2018-05-06 16:24:57,2018-05-07 09:12:56,2018-05-07 14:37:00,2018-05-15 18:33:33,2018-06-12 00:00:00
b5f5d5a89b4ab4bdd4986a2aea4b4f17,c576e3c1b3d8b65c4dd8499f36d5f52e,delivered,2017-12-10 18:21:20,2017-12-11 09:30:27,2017-12-12 22:07:04,2017-12-16 00:33:58,2017-12-28 00:00:00
7736c8ef4b333cfc51d14b8a0c133627,4c099ac3859cec40223995bf8ad2e495,delivered,2018-01-13 23:21:00,2018-01-14 00:30:54,2018-01-15 18:46:44,2018-01-18 21:13:30,2018-02-02 00:00:00
cbe1b25dcc644c1107175a532b85549c,3d01293fbe4be8b93d92f5519d27300e,delivered,2018-03-15 15:09:12,2018-03-15 15:29:23,2018-03-16 17:54:25,2018-04-09 14:24:45,2018-04-05 00:00:00
4b38fe7b90551ded1ee61140282fba02,dc7b7fddeffb8d1027998d198b6de1ca,delivered,2017-08-03 05:15:44,2017-08-03 05:25:08,2017-08-03 17:42:02,2017-08-04 19:23:44,2017-08-17 00:00:00
61986df3dc483509b39f7fda7a82c10c,a5165325694d4b37d5d85e51417c697b,delivered,2017-01-30 20:28:45,2017-01-30 21:35:50,2017-01-31 09:39:41,2017-02-08 13:12:40,2017-03-07 00:00:00
495b9ae2b9c128e387b6c48ddfa390b0,4b93e0259d432e05c2fb75527705df1b,delivered,2018-03-19 16:55:37,2018-03-19 17:09:54,2018-03-20 19:32:44,2018-04-06 19:53:44,2018-04-12 00:00:00
13cadcf6f032e98f0fc276734a16d743,6f5d85c34547e2f08bf91ff2f839e054,delivered,2018-05-17 16:38:18,2018-05-18 02:36:31,2018-05-18 14:27:00,2018-06-05 19:21:45,2018-06-13 00:00:00
0526ac4e6b594d943d1865fcbbe8047c,03ea960cf43b1d1e8ea7343f503e8fd1,delivered,2017-07-10 14:55:44,2017-07-10 15:10:39,2017-07-12 20:03:36,2017-07-31 16:13:05,2017-08-03 00:00:00
7a8345d4e981fc3d89b402f3e9978d15,b409a48a14d3a157df79b762696ab2d2,delivered,2017-11-25 12:43:03,2017-11-25 12:54:54,2017-11-28 20:47:06,2017-12-07 20:49:02,2017-12-26 00:00:00
3476c2981106727d1a374f31ec932b95,219ef539aa157378fa0534c9ee774c29,delivered,2018-07-08 10:56:33,2018-07-08 11:05:35,2018-07-17 15:48:00,2018-07-23 17:14:36,2018-08-08 00:00:00
9ea6d21c1c1b510f96f7917419175197,15f8356eda69cc714ad4bf6eced42fad,delivered,2018-02-02 13:14:06,2018-02-02 13:31:29,2018-02-15 19:23:02,2018-03-01 19:08:55,2018-03-05 00:00:00
2e8644b6852a0e75700c764e182ddbbe,9bd92695f99895ea3782608dea8cbda7,delivered,2018-06-09 21:46:58,2018-06-09 22:19:00,2018-06-11 12:47:00,2018-06-14 15:03:46,2018-07-05 00:00:00
25a42a25fd4223696575df9383378279,d5e655381066bfb09f3c2b5bfadbcdee,delivered,2018-01-12 21:34:44,2018-01-12 21:48:35,2018-01-15 19:42:49,2018-01-17 18:22:33,2018-02-02 00:00:00
e832fe7f7808b5f981ee02746681d40e,249818197d60080a40cb2c44290da09f,delivered,2018-02-23 00:22:16,2018-02-23 01:41:05,2018-02-28 21:23:13,2018-03-01 22:59:05,2018-03-12 00:00:00
324fa8fbfb831d603c99858e4ee49d14,6c08773f9b71292c7089d4bad0fbc38b,delivered,2017-12-04 11:00:53,2017-12-05 04:13:30,2017-12-05 19:22:01,2017-12-12 19:09:22,2018-01-05 00:00:00
e2f1a9fca16cf7780e6b22a78fb85479,820b5dadc730944903ac204cc797a441,delivered,2018-03-01 15:49:38,2018-03-03 02:49:34,2018-03-09 00:08:31,2018-03-20 16:12:00,2018-04-04 00:00:00
9056740c184b71423eeb08f38af4b3e9,daeaba03b9de4c81cd153e045ef505d4,delivered,2018-01-15 13:10:01,2018-01-16 04:31:04,2018-01-17 20:30:59,2018-01-29 19:38:30,2018-02-16 00:00:00
373e33407e16fe7b1ae7de43384958fd,a786efe0406935f2855160ab59901712,delivered,2018-08-11 08:58:14,2018-08-11 09:10:21,2018-08-13 10:01:00,2018-08-22 16:44:27,2018-09-04 00:00:00
d9f675dafee2a1d2b4a04045a9c5afc1,ce77075ed8a9f941a7d9a3f6e6aaffb9,delivered,2018-03-23 14:07:06,2018-03-24 02:11:07,2018-03-24 16:54:54,2018-03-27 12:36:44,2018-04-05 00:00:00
4ba96c2b8351bf685cea0bc222254d6b,bddfce786b61788648666c87e2b309c0,delivered,2018-05-02 19:32:19,2018-05-02 20:38:47,2018-05-03 15:31:00,2018-05-18 16:06:43,2018-05-28 00:00:00
f366be749b180ea3b663f5ae2d3a8f0e,1b47e7dd304911fe5ee072c6472ac0fb,delivered,2018-08-23 00:23:11,2018-08-24 03:10:26,2018-08-27 13:03:00,2018-08-30 02:48:33,2018-09-12 00:00:00
266d1afe42f1f376499cdd8e6df164d9,144756e897a43ed57c52f651e830977f,delivered,2017-11-24 21:20:50,2017-11-25 03:57:32,2017-11-29 00:25:48,2017-11-30 17:42:08,2017-12-08 00:00:00
7b35b8f7e47a6895e3fc370d47dde02d,4b51f4df3d8074552adba0bfb73954f1,delivered,2018-08-13 03:25:25,2018-08-14 04:55:24,2018-08-14 15:29:00,2018-08-16 22:22:05,2018-08-20 00:00:00
3c25eb3ea386cf546da2ec2f471aa6b9,9adf5e5b2f1d72ce3a8685eba7822d6d,delivered,2017-10-17 11:24:01,2017-10-18 03:27:19,2017-10-23 17:57:55,2017-11-07 15:42:16,2017-11-16 00:00:00
7862252721fa2af6aae76774b7514b14,004f39eb181d53fa796fe82ce7a0cbd5,delivered,2018-05-11 17:42:26,2018-05-11 17:55:20,2018-05-14 12:39:00,2018-05-15 23:16:43,2018-05-22 00:00:00
f37814135d330c836ab5815503b91c92,cc57bf7b13c49c59095d09da7a63abfc,delivered,2017-12-23 08:55:07,2017-12-23 09:08:13,2017-12-27 00:35:55,2017-12-29 17:48:01,2018-01-30 00:00:00
f24f489f04a7f74d2ca01d753ff8e38c,8d31f10c7e26ab145710d27da348b9b8,delivered,2018-03-09 11:30:19,2018-03-09 12:08:27,2018-03-12 18:58:37,2018-04-07 18:13:30,2018-04-16 00:00:00
9743ae8710712e56c645d9dbf4bb8fec,5cee9f79d252c40d237aecf38cb30e0e,delivered,2018-04-11 18:02:33,2018-04-13 13:31:38,2018-04-16 22:03:34,2018-04-18 21:47:20,2018-05-02 00:00:00
a7ce807c242d5d6683434cd39443e89f,a55b27e45a3868d10b0f57ca643c25dc,delivered,2018-03-28 13:01:27,2018-03-28 13:10:18,2018-04-02 17:11:11,2018-04-15 11:56:34,2018-04-25 00:00:00
bd9d0b4bd72874264d4f1467b4d51323,732e51d935d8229e1df62a2584cbe899,delivered,2018-02-10 15:02:24,2018-02-10 16:10:23,2018-02-14 20:22:13,2018-03-06 20:34:00,2018-03-06 00:00:00
146f83fbe74a8608adecd4b19c1597fb,5632f9bcf2b8dbec21e40b4a3a9fe7cf,delivered,2018-03-22 13:41:17,2018-03-23 02:27:58,2018-03-27 18:06:39,2018-03-28 19:28:30,2018-04-04 00:00:00
c9c197c62cb2a03cfd83624c690744df,d703f3c2b4d6fb2cae200163afd450b8,delivered,2018-03-15 12:39:26,2018-03-15 12:50:51,2018-03-16 17:54:31,2018-03-18 16:38:38,2018-03-27 00:00:00
244e8c98d54a7a388245e6b5b85d37ee,26ef1573f4d7d4d8ddf8f351200c2068,delivered,2018-07-04 21:32:55,2018-07-05 16:35:20,2018-07-05 14:36:00,2018-07-06 18:33:36,2018-07-20 00:00:00
55bfbfa061b18e10920a841846c3f932,464636daa4fb10ebfb8bf47d6b6fd468,delivered,2018-02-22 11:20:57,2018-02-23 02:15:43,2018-02-28 21:33:45,2018-03-05 14:05:15,2018-03-21 00:00:00
442617a720896f8cbecf93ba2f11cb77,3904ae5c54ba03760cdce20cf5f6b9f5,delivered,2017-11-24 17:02:46,2017-11-24 20:36:04,2017-11-28 00:03:14,2017-11-30 21:16:53,2017-12-15 00:00:00
ad57f476bb2fef779bc42a032c512a23,ad455f9f8e3224fe29f1d5b0be816185,delivered,2017-11-24 16:31:04,2017-11-24 20:32:16,2017-11-28 22:03:48,2017-12-12 14:18:25,2017-12-19 00:00:00
d744cb215df7ef8b3354cff971229cb7,fe886eb588842ffebbe5af67cb142a9b,delivered,2018-04-28 19:18:59,2018-04-29 19:15:13,2018-04-30 19:01:00,2018-05-02 19:02:19,2018-05-15 00:00:00
cc22c1079310623da121859201a35682,291a2206115f4a76d3337720f49437ba,delivered,2018-03-18 18:23:05,2018-03-18 18:35:34,2018-03-23 15:32:53,2018-04-05 19:18:25,2018-04-16 00:00:00
c67e0d971789e81577df7e52a57ce0f9,b508f17766dbf8744877880acaf0be4c,delivered,2017-12-30 02:22:12,2017-12-30 02:29:42,2018-01-03 15:17:15,2018-01-10 19:33:42,2018-02-02 00:00:00
25f22c7921c0a8d9aece054f7daab2b8,aa78737f742c0e7ba30e4e98121c2326,delivered,2017-05-16 15:44:12,2017-05-16 15:55:18,2017-05-17 14:45:21,2017-05-23 12:16:46,2017-06-20 00:00:00
2a8132eaf9676f8a46d18b33cfe3a993,299cdc3375f721a2bc596cdcc68bacfa,delivered,2018-02-25 22:18:13,2018-02-26 22:10:28,2018-02-27 20:34:38,2018-03-06 23:22:02,2018-03-16 00:00:00
1a63c19c8d289d696b2be1e4208eecf5,8921e13b140c42dec5109ed446554df6,delivered,2017-05-09 23:48:07,2017-05-10 01:25:23,2017-05-11 13:55:36,2017-05-29 11:23:49,2017-06-08 00:00:00
9e939267094b3b0e45de3c2474f4c879,6a929a1716c5c708dc69f57f33309e12,delivered,2017-09-26 08:26:57,2017-09-26 08:35:22,2017-09-27 13:45:51,2017-10-07 04:14:52,2017-10-23 00:00:00
b741e2d273ca3f09c024fb1cbefb8182,edde00a1162525e6462a9af33a4903ba,delivered,2018-04-26 18:50:02,2018-04-27 19:31:10,2018-05-02 14:08:00,2018-05-07 19:38:26,2018-05-17 00:00:00
06174d5608937415007fcf764cf799af,9329d0ceca507a1115dcba397fad17a1,delivered,2018-03-28 21:53:05,2018-03-28 22:07:42,2018-03-29 19:22:27,2018-04-12 23:46:29,2018-04-26 00:00:00
3847dc5f7c8545297f35e196a49ff399,ce6ba65fd4448b24ff255c33cd734843,delivered,2018-02-28 11:12:56,2018-02-28 11:32:32,2018-02-28 21:52:05,2018-03-05 15:06:34,2018-03-13 00:00:00
2b9028857f54fa9bbb2a049cd5948d15,59770d8576db6731fdb47a6beb74920e,delivered,2018-03-22 10:08:56,2018-03-24 02:16:02,2018-03-24 17:32:02,2018-04-10 20:12:21,2018-04-19 00:00:00
674b6e620b3996a9a6267267aec7516e,24e735f8e286da301a91d26b847530b6,delivered,2017-04-26 16:51:34,2017-04-26 17:05:16,2017-04-27 10:03:49,2017-05-03 15:27:44,2017-05-24 00:00:00
3150d4c4bf87c7bfeef194d2514990ff,88ce8a1331792c94faf3e3816747be2d,delivered,2017-12-07 19:07:42,2017-12-07 19:17:32,2017-12-11 18:07:11,2017-12-13 20:59:01,2017-12-26 00:00:00
f33d191c07d5d88e9216967ea8472d29,1d3857ce047c62d35874d1426eb47171,delivered,2018-02-18 18:09:59,2018-02-18 19:15:28,2018-02-20 14:28:48,2018-04-06 22:31:07,2018-03-19 00:00:00
16c8f9fcd71cc027920cc259a7b1b604,eec4a44316a2c73ef67187fad035a884,delivered,2017-10-30 12:06:46,2017-10-30 12:27:33,2017-11-01 21:59:51,2017-11-06 17:46:58,2017-11-17 00:00:00
686000ebfaca7883583f123c458a89b7,af6378fee220bbc5a909a38beaf2c4fe,shipped,2017-11-22 19:10:33,2017-11-22 19:19:25,2017-11-23 15:29:00,,2017-12-08 00:00:00
49873be3d163feec184f5afcaea61a47,6b7aa31cb6d5390e54b3b29b9e581db6,delivered,2018-08-02 17:18:48,2018-08-02 17:30:17,2018-08-03 11:48:00,2018-08-09 22:21:27,2018-08-15 00:00:00
628fedcd693f3b7d66306884d2c043c6,8d0da257cea9fbff4549499d73657f6c,delivered,2017-07-29 18:28:57,2017-07-29 18:43:20,2017-08-02 18:37:42,2017-08-03 16:23:39,2017-08-11 00:00:00
619c0d7bb827c1798108381f047b32e3,91c84007c68cd848eddd9df488f1594b,delivered,2018-07-17 09:06:26,2018-07-17 09:21:10,2018-07-18 15:41:00,2018-07-27 20:32:53,2018-08-06 00:00:00
c351c2b3e121b7b8974ae6cc1f31d37c,7cf02d88fe787d3973ab2415d3d9faf4,delivered,2018-05-02 23:43:21,2018-05-03 00:13:10,2018-05-03 15:12:00,2018-05-08 20:41:13,2018-05-23 00:00:00
454c3851ea6ca1eaa09fd44d2502aac0,759493fb6369860c506ab5adf25eb6c1,delivered,2018-08-03 06:33:16,2018-08-03 07:04:00,2018-08-03 18:19:00,2018-08-08 13:47:36,2018-08-17 00:00:00
7733e69c809ba91635d96e87932641c6,418684b5c41abf3db6a08a1a5fe5c7cc,delivered,2018-05-11 10:00:20,2018-05-11 10:17:46,2018-05-14 07:06:00,2018-05-24 23:16:54,2018-05-30 00:00:00
fc133aaee8b52f75e07158ff2b65a5d5,4419e2e728754cc482db00c14be62a61,delivered,2018-02-06 16:18:25,2018-02-07 02:55:45,2018-02-14 17:55:23,2018-02-28 11:59:29,2018-03-05 00:00:00
4fae2518409c86365fc386f8824c2282,505a5eff68ca19c0f1b2fa8ccdf84de6,delivered,2017-08-19 17:13:23,2017-08-19 17:25:15,2017-08-23 20:25:18,2017-08-30 18:41:15,2017-09-13 00:00:00
28128672c14c30346043c3627ff76011,cf229ca0398f5783366474af2b0e7178,delivered,2017-07-13 13:08:15,2017-07-13 13:23:28,2017-07-14 16:45:47,2017-07-24 14:13:18,2017-08-04 00:00:00
d98c5ae5ced12b3d997f7b614a8f1bb7,b9067875e231cbef9ac17a3a366a0bc6,canceled,2017-05-23 17:14:58,2017-05-23 17:25:20,,,2017-06-08 00:00:00
6c578cefe8f43f6e1394ded9f6f537c5,dd747ee25e233b5cd6285d65972b7b7b,delivered,2017-04-06 15:35:33,2017-04-06 15:50:10,2017-04-10 06:00:16,2017-04-13 09:26:30,2017-05-04 00:00:00
0eea5babd8acdffc1ce9dbc764b8dcd7,d011da4dd1619f32921e31835e194ec6,delivered,2017-09-24 15:12:22,2017-09-24 15:25:13,2017-09-26 12:38:03,2017-10-03 21:08:21,2017-10-26 00:00:00
d610bfa1439fc579a96c5eef81284f05,09a6ee079b6cde6bb2383abad4a33300,delivered,2018-04-29 22:38:40,2018-05-01 05:32:31,2018-05-02 15:16:00,2018-05-24 22:52:05,2018-05-28 00:00:00
82bfafb84a5843f06b8c3983edb1883b,86bbc4a292e9d3f4191ea8a4c82e6c10,delivered,2017-01-28 19:10:46,2017-01-28 19:30:49,2017-01-31 17:26:30,2017-02-10 08:53:23,2017-03-08 00:00:00
3755381b59f0d1e1540c0d3f1d6fc1ff,1c615574e183e74d030daedc373ba3ec,delivered,2017-10-10 16:53:09,2017-10-10 17:14:25,2017-10-13 11:40:08,2017-10-18 19:03:27,2017-11-09 00:00:00
3ceadc78831e81a4eb0cec59a8d44997,b432d37586f6573cbc1ea2be415a318a,delivered,2018-05-10 15:00:58,2018-05-10 15:11:42,2018-05-11 12:52:00,2018-05-25 23:17:22,2018-06-07 00:00:00
01eaa000fe5c9f80f535c3d0cad25a47,a43434ddd74de3fb686800674a4f1af6,delivered,2018-08-15 15:29:13,2018-08-15 20:34:35,2018-08-16 16:39:00,2018-08-17 20:02:52,2018-08-28 00:00:00
cef32f42c7dcdc8bcf919ba74f04da78,e9a06aa3f7fa097f35f17df488b3cc73,delivered,2017-09-12 17:20:21,2017-09-12 18:04:36,2017-09-13 18:54:41,2017-09-18 20:32:23,2017-09-28 00:00:00
44f2785218ac7e69a0a6b5a334961b4b,9b7aa0e1f05724c044ec8e57d7dd912a,delivered,2017-06-12 12:26:02,2017-06-13 06:35:18,2017-06-19 13:57:55,2017-06-27 16:19:40,2017-07-05 00:00:00
c7201491a58d3d5807cf6341496eb977,08ed72d2a50cd60e1fe8219de4f2f59a,delivered,2017-12-08 09:14:49,2017-12-08 16:11:47,2017-12-12 00:08:55,2017-12-14 18:38:49,2017-12-27 00:00:00
a17d59822796f1d50132863fd085f109,39594b7114e70f980097f1c4a4f01688,delivered,2017-05-10 21:26:32,2017-05-12 02:45:19,2017-05-16 08:52:04,2017-05-19 12:05:38,2017-05-30 00:00:00
9c983856364a24ce56bf39aea9bb118a,05b0e6924c6fed9b001e0469aae1ce06,delivered,2017-09-13 14:02:31,2017-09-14 03:05:51,2017-09-18 22:12:29,2017-10-04 13:08:04,2017-10-10 00:00:00
e3cd7760d76646f3a871df5eb3eaa849,cbdd9bb50e1163924539c57419bc52fb,delivered,2018-05-19 11:09:56,2018-05-19 11:40:16,2018-05-21 14:31:00,2018-06-04 20:16:40,2018-06-12 00:00:00
4a7062d398b2eba9c25e6483b056df8f,de4686899a57f8be675fabc4c73fe80c,delivered,2018-04-27 01:18:26,2018-04-27 01:31:28,2018-04-30 06:21:00,2018-05-04 20:13:59,2018-05-21 00:00:00
adaab7718f21c04f40290e5afb01486b,7fe32b67bf4a2adff9a80ff91cc3702d,delivered,2018-02-20 14:20:19,2018-02-21 06:25:07,2018-02-23 17:23:06,2018-04-02 18:34:30,2018-03-14 00:00:00
217aad2f8085d3fb8f57ba39f8f6bd93,9da470067c9f099fdc9597b5a7b57355,delivered,2018-03-23 11:37:58,2018-03-23 12:49:42,2018-03-27 02:21:19,2018-04-04 16:27:50,2018-04-11 00:00:00
50630ee90de1185d8ae34f8232f8e2fa,84bc567e9c0441681bb72fe00357f22e,delivered,2018-06-08 14:15:32,2018-06-08 16:30:44,2018-06-11 13:40:00,2018-06-20 21:24:51,2018-06-29 00:00:00
bfea49050a2776e89546f0925b44c4dd,6a8c79d08f5389a8f4cdf918aba549f8,delivered,2017-05-05 21:39:28,2017-05-05 21:50:16,2017-05-09 07:38:06,2017-05-11 14:36:49,2017-05-26 00:00:00
a0deb77d36e603aac0d0997a1923cc28,cf792e01f08b24b645839044854c1717,delivered,2017-10-28 16:18:09,2017-10-28 16:35:13,2017-10-30 20:12:11,2017-10-31 19:30:04,2017-11-10 00:00:00
20fcd1c0919ce89fc42c3085ff83e995,f2f8162922524931c0b80e4b8c0fec61,delivered,2017-11-11 15:08:58,2017-11-14 04:15:30,2017-11-17 19:38:45,2017-11-23 20:59:20,2017-12-13 00:00:00
9751ad9e269564b0b79cc17a82fe06c4,7959004bf58fbac26939ec9b640f2379,delivered,2017-11-12 18:19:32,2017-11-14 03:50:32,2017-11-16 21:19:34,2017-11-23 14:58:25,2017-12-06 00:00:00
0c75100c462f99b5311006de43c26b3a,0cf9084f55a458155d34c0d55bd21b31,delivered,2018-03-05 09:47:22,2018-03-06 03:49:00,2018-03-07 19:27:04,2018-03-08 20:38:28,2018-03-15 00:00:00
4cd513ff3d4f0c420dca1f9f0b98163f,029c2a6b7e94cc671a465f36c5898831,delivered,2017-06-29 13:39:28,2017-06-30 17:23:17,2017-07-04 16:22:27,2017-07-10 20:27:31,2017-07-25 00:00:00
99695e8eceb2822d04f20fa0310f8402,695a3186de69c5b70383183bf7fbae57,delivered,2018-06-05 17:44:59,2018-06-05 17:55:18,2018-06-06 13:01:00,2018-06-13 17:13:01,2018-07-11 00:00:00
593854837f11564ca02e6406198b42c6,b278d66d9d84790351ae0d243d957448,delivered,2018-06-21 17:39:17,2018-06-21 17:58:42,2018-06-22 13:53:00,2018-06-25 18:44:51,2018-07-13 00:00:00
7a6351ddca16a16c5ec71c79dfef9374,cec91dd67b9dcd548f311238e3c1c76c,shipped,2017-11-29 17:43:55,2017-11-30 15:17:22,2017-12-06 17:03:27,,2017-12-28 00:00:00
e12b47202bb4acb32f6862d4d9666a6c,5d8a9f890db3deb5bcf58beb33076a0f,delivered,2018-06-22 13:59:47,2018-06-23 01:40:17,2018-06-26 09:07:00,2018-06-27 17:12:53,2018-07-12 00:00:00
dd96d2bc36b1b3227d9defe815e46b7e,c036139bd0bbaa1ee2929f2ebc03d057,delivered,2018-07-09 10:07:19,2018-07-09 10:24:50,2018-07-10 08:30:00,2018-07-11 20:12:29,2018-07-18 00:00:00
56a4e1d3a1dabc4fa83466169b0a18d8,9d09ef151a920b7f5308d155174a89d0,delivered,2017-11-10 16:04:04,2017-11-10 16:32:48,2017-11-13 17:58:59,2017-11-23 00:18:39,2017-12-01 00:00:00
32638cca2927b1658ac8e3e154ed4a66,ae7732e62b989c9c97e99244e44e4284,delivered,2018-06-18 22:59:35,2018-06-20 02:55:21,2018-06-20 15:24:00,2018-06-23 18:51:39,2018-07-13 00:00:00
e153a31382aa25c9890638d33b7c7c59,c4454e990aa89df90b0a773b81e20ea6,delivered,2018-04-22 17:58:49,2018-04-24 18:42:26,2018-04-24 21:38:37,2018-05-07 17:34:50,2018-05-29 00:00:00
17bd2faca1fa39213be29ec02c669925,529a4492ff9b10fca8225aae0d65dbe1,delivered,2018-06-26 15:58:05,2018-06-27 08:29:52,2018-06-29 12:34:00,2018-07-05 00:09:01,2018-07-13 00:00:00
cecf84099dc3067ec87149ddac39105a,5f956d6de694724a5de116a1f0e7b88f,delivered,2018-05-02 22:43:43,2018-05-03 00:12:56,2018-05-07 15:03:00,2018-05-09 23:04:25,2018-05-18 00:00:00
8a5c6f8c338d3e4804bd969ba46d5d0c,fadde80c0077197b4568c6b8649b3be1,delivered,2018-03-09 22:20:08,2018-03-09 22:30:29,2018-03-13 21:48:33,2018-04-06 23:18:27,2018-04-03 00:00:00
cbc90985c7072faac06292f2a5b32529,40aad538d998bd48436285b683e3ce41,delivered,2017-07-04 18:20:56,2017-07-05 18:30:14,2017-07-07 13:07:42,2017-07-12 15:08:06,2017-07-24 00:00:00
b69b78a1865e7b379d633794c80ef7d2,ebee626449f5d99c176463605112b09f,delivered,2018-05-03 15:43:50,2018-05-05 02:13:49,2018-05-07 14:07:00,2018-05-14 17:12:50,2018-05-22 00:00:00
8f936fb77c720ab9ccd618af38c885cc,58d45cf285d3d5bdd45609c696e00b9e,delivered,2017-09-06 09:24:02,2017-09-06 09:35:20,2017-09-06 17:21:38,2017-09-17 14:25:56,2017-10-02 00:00:00
0af646de6e8d7191b1020ec0a5defcee,084c12a2c5354ee5059c02f470e22aec,delivered,2017-04-25 15:34:13,2017-04-25 15:45:20,2017-04-26 19:46:03,2017-05-02 18:18:32,2017-05-12 00:00:00
ae6554cd477d704040e7a5ddb5a72886,bc337d05e7219a4b2408a28c4e269790,delivered,2018-01-23 21:26:56,2018-01-24 19:17:08,2018-01-26 22:53:57,2018-02-07 21:11:57,2018-02-19 00:00:00
83e135b20ff2283297db69b97b00857c,7a45fcf693df9c5c5cc32ea0a9ffd952,delivered,2018-04-09 15:46:55,2018-04-09 16:10:14,2018-04-10 01:38:29,2018-04-30 22:07:47,2018-05-04 00:00:00
f1a2c0aa708e55ca4ab35b96f89c9aad,1d64e5676bf648b30a40a60e7c4f8ef8,delivered,2018-05-15 22:53:42,2018-05-17 03:35:13,2018-05-17 13:04:00,2018-05-22 21:48:45,2018-06-13 00:00:00
3ea82ad47a5a11ed6d1cb5e1e8343b9a,5fc7418ce4819fe3478f17feed6e5c71,delivered,2017-12-31 12:43:46,2017-12-31 12:50:24,2018-01-02 18:07:10,2018-01-24 12:14:39,2018-02-05 00:00:00
c7b452fdceffb8aff6cfead40826895d,a9b092e07636a2774286bc1b77d677c3,delivered,2017-08-28 19:37:57,2017-08-28 19:50:17,2017-08-29 19:10:50,2017-08-31 20:49:55,2017-09-19 00:00:00
ba21298fdb05dad91b7b31f4b3b17364,fe25a8b8eb9ca365ba5b01f39f7d0d00,delivered,2018-02-14 14:20:19,2018-02-16 08:20:24,2018-02-20 23:07:46,2018-02-28 15:42:37,2018-03-19 00:00:00
ed6276997e362e1ac151005a739fd684,b6092aeb3797d96e6cd8d9c586e8493b,delivered,2018-01-16 19:36:19,2018-01-18 02:12:53,2018-01-19 18:22:13,2018-02-26 21:08:25,2018-02-16 00:00:00
5508daa213736c46607364c74e226dfa,455dd870e5dc21f9f8595e7d81ade6a0,delivered,2017-05-06 19:44:18,2017-05-06 19:55:17,2017-05-09 08:18:42,2017-05-12 19:57:42,2017-05-19 00:00:00
ee93f66dd4c1471023afa917f63536d3,e5dd6c9d32e189fb4b38bb071984a888,delivered,2017-11-25 11:34:06,2017-11-25 11:51:38,2017-11-27 21:09:45,2017-12-26 21:41:31,2017-12-20 00:00:00
8da1b0cac91830c54472e2f91579aeff,634591dd7e8bc907a41a5a0d6e450fe7,delivered,2018-02-15 16:48:18,2018-02-15 17:07:37,2018-02-16 21:11:38,2018-02-27 17:37:43,2018-03-12 00:00:00
322cf8d33165964665e1529f6cbf4f28,79b1044d5432d0a7bce1cc735c8b68a1,delivered,2018-05-08 17:13:13,2018-05-10 02:57:14,2018-05-14 15:08:00,2018-05-15 19:43:11,2018-05-18 00:00:00
c96826f70a2d5d38af58a490427b9333,5de937c20f9f89eceb3dc4b057949435,delivered,2018-01-05 21:06:01,2018-01-05 21:17:22,2018-01-08 18:56:33,2018-01-10 17:17:46,2018-01-23 00:00:00
96ab137729eda207d82649ad931d71a7,098e41aa4dee243c17bbe8973499c960,delivered,2017-09-02 20:18:22,2017-09-02 20:30:15,2017-09-05 16:07:43,2017-09-19 16:17:51,2017-09-29 00:00:00
b390b5413f28fdc1c5cd1164ee0a7cad,913f7366a195d993874a912b9aa78eae,delivered,2017-03-13 14:09:11,2017-03-13 14:09:11,2017-03-13 15:56:08,2017-03-21 11:54:06,2017-04-05 00:00:00
b5796047f40aa1f6a7b80f8a8e35fcbf,0834d7fee4edc0f82156d04a45272531,delivered,2018-08-18 12:45:56,2018-08-18 13:09:11,2018-08-24 14:30:00,2018-08-25 12:36:31,2018-08-30 00:00:00
cd89724850cc66ec67af22f8513e7010,452f4e8f57fd70dfc1e17c1759d5c7fe,delivered,2017-07-24 20:06:16,2017-07-24 20:23:02,2017-07-26 10:42:09,2017-08-08 17:43:44,2017-08-17 00:00:00
cc5f102c481f67aeb5e598a26d5db0f6,25a498a8c8d2356b21003899a42e3f64,delivered,2018-02-27 22:12:41,2018-02-27 22:28:21,2018-02-28 23:21:38,2018-03-16 23:28:53,2018-03-22 00:00:00
b579612f258cd7fd3094cef8207e6f07,7213b48aa052d444b1ec51ce800a4ab4,delivered,2018-06-21 18:30:56,2018-06-21 18:57:04,2018-06-22 13:26:00,2018-06-25 13:58:44,2018-07-04 00:00:00
196130ff8b98e8406f66bac8b2cd9fca,b2f114b68085de86aebc3f6bad023e2b,delivered,2017-07-23 21:58:58,2017-07-25 03:30:44,2017-07-25 22:03:14,2017-07-26 16:42:17,2017-08-10 00:00:00
8fa7a057aba83c859446538740219b6f,74a5c783c269854f424a5ee0eecda16b,delivered,2017-05-22 22:29:13,2017-05-23 22:35:13,2017-05-24 15:39:50,2017-06-02 17:22:24,2017-06-14 00:00:00
3699ca6aff3879a2990159cd64537303,d64e8d755ff3a2146a4f11c855c52f15,delivered,2018-05-12 13:13:19,2018-05-13 13:12:00,2018-05-15 08:29:00,2018-06-03 18:33:05,2018-05-29 00:00:00
5dc8e20ffe7089524efc98d33aa37b1c,6711f6053bcf874f5113990cfba8b061,delivered,2017-03-01 22:45:18,2017-03-01 22:55:09,2017-03-07 11:07:50,2017-03-13 07:55:32,2017-03-20 00:00:00
b9a7b23fbd0e02128fe7dd7a9dc7b486,6be91fa4a22985411cf40a3a7cf45a2b,delivered,2018-04-05 20:23:53,2018-04-06 10:50:22,2018-04-07 01:42:36,2018-04-12 19:38:44,2018-04-23 00:00:00
38fc86c0e01c22306be55394abbbeb3c,3396c96cac1da6e13602290f5a4b09e5,delivered,2018-01-21 14:45:12,2018-01-22 13:51:13,2018-01-22 21:49:07,2018-01-29 14:13:31,2018-02-26 00:00:00
e549600509a13c599199c6fa86fa836a,04f8b1896b14f1a769b778682468b42b,delivered,2017-07-11 11:03:31,2017-07-12 02:15:42,2017-07-14 15:41:43,2017-07-20 16:23:53,2017-08-02 00:00:00
e650e545eab1cbfebd87c2cbc0ceb531,930df39c8a9d948a43f77b0fcec43814,delivered,2017-06-04 08:12:24,2017-06-06 13:05:45,2017-06-12 09:01:45,2017-06-22 18:48:02,2017-06-28 00:00:00
6f64881752fecf2f3a74cb41f7197495,2de62acac88898f922153c0c90bde026,delivered,2017-10-20 23:53:41,2017-10-21 00:05:50,2017-10-23 19:12:29,2017-11-01 22:23:39,2017-11-09 00:00:00
0e71d62394f9b03218e1138af6b664e9,3d74941245d65a43d206256df9a88a89,delivered,2017-05-01 20:04:01,2017-05-01 20:15:19,2017-05-02 18:25:59,2017-05-13 11:33:52,2017-05-23 00:00:00
95e7f49dc56e12097c265c45527a3941,78ed3e18a534175bae08b782393fcefa,delivered,2017-09-22 13:40:26,2017-09-23 14:10:23,2017-09-26 16:54:07,2017-09-29 17:09:03,2017-10-17 00:00:00
2458de231bb0e4286a97ab335afb78c9,cc6f5db7dd5f6e879475e65899663005,delivered,2018-07-21 23:51:50,2018-07-22 00:05:10,2018-07-23 12:39:00,2018-07-30 18:16:51,2018-08-24 00:00:00
bdfa4237c19c14513acaf750e3e8b7f1,e8ca2bcd61f57125dea9b0c5675971dd,delivered,2018-04-27 19:05:34,2018-04-28 02:55:20,2018-05-03 08:48:00,2018-05-04 17:50:48,2018-05-10 00:00:00
0718634f87a84ae0468224ecca3584d1,839e0b6ecf44591f3cb20e0e4f1352d1,delivered,2018-08-20 17:33:26,2018-08-20 17:50:37,2018-08-21 13:59:00,2018-08-24 16:12:32,2018-08-29 00:00:00
26e2db0bd73689ff814692e3dc232671,e8640461d21ee25de8988187e7227b70,delivered,2018-08-26 07:54:47,2018-08-26 08:10:08,2018-08-27 15:33:00,2018-08-30 17:58:42,2018-09-06 00:00:00
9779727179007a2f946896a2d7150019,bcf0c03f03d12963583d545991870248,delivered,2018-02-22 08:35:57,2018-02-22 08:50:30,2018-02-26 21:18:43,2018-03-05 14:45:37,2018-03-27 00:00:00
ac509c21fa5c6600dd4b07e524fd5526,8a449a22da3672f99e89bc2f720f2270,delivered,2017-11-18 16:21:57,2017-11-19 16:30:33,2017-11-21 19:30:01,2017-12-06 15:15:52,2017-12-13 00:00:00
64dcf61c577c7f454e0d2d968360efb6,0352f19bde56346648596f642638c657,delivered,2018-02-02 11:43:29,2018-02-02 12:51:44,2018-02-05 19:28:35,2018-02-15 17:05:13,2018-03-09 00:00:00
161e8319860a634de1d366b52f246f8e,44716e9b2f5b438ee2b8631758563446,delivered,2018-06-12 12:08:29,2018-06-13 18:24:41,2018-06-14 14:01:00,2018-06-20 19:56:34,2018-07-05 00:00:00
402d1de1e7261ecc31f90bb5fef7afc9,2ed9876a708635fda8c5deb0d9e2dc69,delivered,2018-01-27 17:27:46,2018-01-27 17:39:23,2018-01-29 22:35:16,2018-01-31 19:03:48,2018-02-14 00:00:00
0f28c88fb38fee388050be4fa4d11b43,3c880937d8fe54155db71a1010512242,delivered,2018-03-17 22:10:22,2018-03-17 22:28:12,2018-03-20 01:24:41,2018-04-18 00:05:05,2018-04-13 00:00:00
3d7eec3ddca1aab85c4f2e70a6ec3fa4,a92652f56ae6d1a39e714632159e9e74,delivered,2018-05-16 08:00:21,2018-05-16 08:15:16,2018-05-16 14:09:00,2018-05-22 23:06:19,2018-06-06 00:00:00
9a7e8939f3e332415b9915a209e3607e,c8d008cabef5ece4d46688391a2f639e,delivered,2018-07-07 20:49:04,2018-07-07 21:05:32,2018-07-10 15:40:00,2018-07-12 22:40:52,2018-07-23 00:00:00
228854f82259e0bcba1d3a55fd6d955b,14eb94d576ec3079b4db18114262d106,delivered,2017-09-29 17:18:01,2017-09-30 17:24:14,2017-10-02 20:12:29,2017-10-13 14:39:44,2017-10-30 00:00:00
459d4fa45d8bbb1c914f0d4bb1774a1b,613f2c0ca4e0c3c8e161fa092f9ed98b,delivered,2018-01-04 07:27:36,2018-01-04 09:02:02,2018-01-04 20:53:33,2018-01-06 16:28:56,2018-01-22 00:00:00
8ba82ebd20e0c7f083b53f3b3e78614e,e9dc3eb04f1bae4f6a3e8f939cfcef9c,delivered,2017-07-19 12:53:01,2017-07-19 13:05:12,2017-07-20 16:22:06,2017-07-21 22:46:55,2017-08-03 00:00:00
98145a2792b36ee08e12d89372fadd6f,128f641bdaeb4fd8d57638278d6e22d6,delivered,2018-03-27 08:23:26,2018-03-27 08:35:14,2018-03-29 01:04:38,2018-04-04 21:54:29,2018-04-17 00:00:00
e8d6e91dd3d56ab5e56777ea094760ec,c15928f7d673b005bb6e2363995f822b,delivered,2018-05-18 11:43:09,2018-05-19 02:58:40,2018-05-23 15:28:00,2018-05-25 19:17:38,2018-05-30 00:00:00
e900040d6974a5afa661621dad127568,bf06e66b68359a1b2b57f347bf4d6a47,delivered,2018-06-10 23:50:47,2018-06-11 00:19:19,2018-06-13 11:56:00,2018-06-14 16:06:45,2018-06-26 00:00:00
343214a6de71b79c0166799ba08e148f,5b0e15a1202c729bb7584d363973411b,delivered,2017-11-24 10:53:36,2017-11-24 12:52:58,2017-11-29 23:21:54,2017-11-30 20:22:14,2017-12-08 00:00:00
ed3d229ff5daade6f2f99efc36a7fd05,125ee1e307ef264c24976717cc30edd2,delivered,2017-11-25 16:07:34,2017-11-25 16:16:40,2017-11-29 20:33:34,2017-12-11 23:49:04,2017-12-20 00:00:00
7e52ab2aaf4fd6b758bf18e6295b2bbc,5086b528c85ca4527c186363558ba1af,delivered,2018-08-11 14:04:03,2018-08-11 14:15:10,2018-08-16 14:53:00,2018-08-23 01:26:29,2018-08-29 00:00:00
5c4a0229b56d3c41da2609ef3f048293,bca062b7fa800bf2c7952da1b5778585,delivered,2017-06-09 15:16:36,2017-06-09 15:30:46,2017-06-12 15:36:53,2017-06-23 11:33:18,2017-07-12 00:00:00
8fc088e94b10c2a02fcba1e2b69ec6fa,5ae59ee4b9425f6b9f70964f7b7b662b,delivered,2018-08-01 19:48:50,2018-08-01 20:25:14,2018-08-02 21:40:00,2018-08-03 17:41:59,2018-08-06 00:00:00
71c89401f412b28f60a52e30f1691509,22a73afefe1ad65fc0710149cf5bd11b,delivered,2018-06-19 07:10:21,2018-06-19 07:37:22,2018-06-21 14:18:00,2018-07-03 17:29:14,2018-07-16 00:00:00
bfc318d0ca556b5d317bda9eb4b0ed76,8ed5ce3759211c747cdcc43276ababfc,delivered,2018-01-26 20:03:47,2018-01-27 02:42:20,2018-01-30 16:53:01,2018-02-10 15:03:59,2018-02-19 00:00:00
3a6f6cf4de24c8615434613e2f1db015,24919b72996bb428094aac6b57ff53de,delivered,2018-08-08 14:48:43,2018-08-08 15:04:58,2018-08-09 15:15:00,2018-08-10 13:34:30,2018-08-15 00:00:00
b100b7e34a9b4da2a73dcb55310d2199,9274553a4765ddc5f089143cdbb3f2eb,delivered,2018-04-05 22:19:06,2018-04-05 22:30:26,2018-04-06 22:14:37,2018-04-09 21:26:30,2018-04-18 00:00:00
d74791c08aaa52d2224fb2486e311413,8eed04f8cc4675d5a3ab5ffc7b9c3d44,delivered,2018-05-13 18:20:48,2018-05-13 18:32:25,2018-06-07 11:20:00,2018-06-13 19:42:44,2018-06-05 00:00:00
4ec755335e77b43c823c978d570fe48f,9018b88fcc77a0a7fa71b70a15375239,delivered,2017-12-16 11:27:55,2017-12-16 11:36:21,2017-12-21 20:32:44,2017-12-28 17:49:14,2018-01-22 00:00:00
040ffb806b943aa19e0b176e7746b2b7,2487a1f2ca00d0bbdd2b768b7407d75b,delivered,2018-07-31 15:52:32,2018-07-31 16:44:19,2018-08-01 15:45:00,2018-08-02 23:26:35,2018-08-06 00:00:00
600f11f2924877daf80111221c047491,835419d3919bd71cdcef3f3eb05033b8,delivered,2017-09-27 14:47:27,2017-09-27 14:56:24,2017-09-29 16:23:45,2017-10-11 13:34:16,2017-10-31 00:00:00
54d9fc18967ef28a2841c74e800acc84,522a974ff04a8d6aa8e22f84bcb8c4e7,delivered,2017-06-09 13:19:43,2017-06-09 13:30:23,2017-06-13 12:43:46,2017-06-19 17:56:45,2017-07-06 00:00:00
cf73e2cb1f4a9480ed70c154da3d954a,ef1ed1347404166e73e8f3977ffcbca0,delivered,2018-01-11 11:23:09,2018-01-12 02:38:33,2018-01-13 01:07:00,2018-01-17 14:36:38,2018-02-01 00:00:00
7761de3703673bd1c2aca237e52199c4,f838e842c0f8bda43a21d146deb6f087,delivered,2018-01-13 10:35:28,2018-01-13 10:49:26,2018-01-15 21:07:12,2018-01-25 18:42:31,2018-02-09 00:00:00
75f1f96566e2fbecc5fe22dd4f16f8e8,88d44020b4142f4668150bc2a3c9530d,delivered,2017-02-11 22:45:38,2017-02-11 22:55:16,2017-03-06 10:11:44,2017-03-17 12:08:17,2017-03-14 00:00:00
9ebf7ca77b62b4dfc7591796573bac74,736031571941969bbbc111c7d39e8364,delivered,2018-01-28 20:47:29,2018-01-30 05:31:45,2018-02-01 21:10:05,2018-02-02 21:39:55,2018-02-14 00:00:00
31b39339d93a6949e2f2addf798d8904,e0c699c921f40e59216aec9d5b909f43,delivered,2018-07-29 13:07:11,2018-07-29 13:24:20,2018-07-30 15:36:00,2018-07-31 14:56:30,2018-08-02 00:00:00
8fec3000dd1edabf27f78ee06f3abebe,a794aeb8ea48e9889df399b2ed132de4,delivered,2018-08-18 18:48:25,2018-08-18 19:09:31,2018-08-21 12:48:00,2018-08-25 13:58:26,2018-09-05 00:00:00
57c6fa4668d9985ee3ffbcbdc15b77f6,090881015f7293808eff51132d75a209,delivered,2017-09-22 10:24:45,2017-09-22 10:45:50,2017-09-22 17:22:14,2017-09-28 19:13:38,2017-10-16 00:00:00
1db212a53e1922f5a77f524426250b8b,f974d5a7c970aad387e0b3082c6082e5,delivered,2018-04-19 19:41:46,2018-04-19 19:51:02,2018-04-20 18:32:48,2018-05-04 02:12:40,2018-05-18 00:00:00
796d7e38e13c7f6c4f227fb178fd58dc,bce8f513920e36d27e25af34061cf94c,delivered,2018-02-22 21:31:31,2018-02-22 21:48:28,2018-02-23 21:28:57,2018-03-23 22:21:53,2018-03-20 00:00:00
db665391fc74398efd9fc0d753e501b8,6e881b0f8bbf41ec6eb160602b44d292,delivered,2018-04-16 00:03:57,2018-04-16 00:15:10,2018-04-19 23:02:02,2018-04-23 20:38:42,2018-05-14 00:00:00
6fa3dea5574c5757ec985783489bd49d,28d22e4bdf20fac1030f7a4cdcfd3cda,delivered,2018-04-28 20:32:56,2018-04-28 20:53:23,2018-05-02 11:12:00,2018-05-07 19:08:32,2018-05-17 00:00:00
a297e4ba9ce71eebc150ae6ca85e1bcb,91abec79c0b67e92c06abb4f10347e7e,delivered,2018-06-04 20:09:37,2018-06-04 20:31:48,2018-06-05 14:13:00,2018-06-08 17:54:26,2018-07-05 00:00:00
6e61e9948a1e8b1389dd34c5c11fe90d,17b6b7850070f21ce0cb8288fb80a606,delivered,2017-09-28 19:51:55,2017-09-29 02:14:36,2017-10-02 12:11:44,2017-10-12 12:43:36,2017-10-23 00:00:00
4fac79a44297fdbf2088158540de5b2e,df9fff917a4003e4b5883f0d4156b4df,delivered,2018-01-31 10:59:42,2018-02-01 02:52:44,2018-02-03 03:03:00,2018-03-02 23:15:04,2018-02-16 00:00:00
641fffc35cd22fa1a6092b0c0dd903b3,b0c4781da345dec9877d8971c0ddfe2e,delivered,2017-06-16 01:31:07,2017-06-16 01:43:03,2017-06-16 11:48:00,2017-06-26 13:36:49,2017-07-11 00:00:00
dd517e36df351de8139a960329ab58da,59699572fb53609e196978771c89a9dd,canceled,2017-11-13 10:25:28,2017-11-14 04:15:40,,,2017-12-05 00:00:00
d856e505d0de5e968c3b1dffca9c8940,f369a6fd1ee964e60011051f9c690c10,delivered,2017-10-18 23:25:15,2017-10-20 05:33:04,2017-10-24 19:37:51,2017-11-04 11:23:54,2017-11-10 00:00:00
6951ff62555bae27cada94716835c9fa,d364f6386755f2e23f0c2d7bcfd9a146,delivered,2018-03-30 21:23:29,2018-03-30 21:47:08,2018-04-02 18:48:42,2018-04-11 23:14:21,2018-04-23 00:00:00
e42a84e9da2661784849b93dd02c579b,8ae3bda18f32c07a6b7920172f335d9f,delivered,2018-02-10 21:13:52,2018-02-10 21:35:24,2018-02-14 12:15:46,2018-03-02 17:16:47,2018-03-09 00:00:00
95d8c6b4c0b7c33f86f75fa4e0a74594,fc6f2443283ec7170b178d24aaf69f15,delivered,2017-09-12 16:10:13,2017-09-12 16:27:35,2017-09-15 20:15:54,2017-09-27 19:22:14,2017-09-29 00:00:00
d167a1099cf2b9ccd885c665394f5fd9,165412115747b056d83956cba0e9833e,delivered,2017-07-29 10:30:43,2017-07-29 10:45:10,2017-08-01 13:29:55,2017-08-04 19:57:22,2017-08-22 00:00:00
bdd19e1d8bec46c29644018d2c781aef,d9c31907f4ea9af9dbc3183716f5a200,delivered,2018-02-17 18:50:44,2018-02-17 19:06:47,2018-02-19 19:39:13,2018-03-05 23:29:00,2018-03-13 00:00:00
f280cc89e43c0261d95d1ee72a78cb8b,96146cf7e9a4b8e25cab09715434bbb1,delivered,2018-02-14 22:28:15,2018-02-16 14:29:58,2018-02-20 11:43:48,2018-03-09 14:19:26,2018-03-09 00:00:00
58bdd869f92592c105dbfad8b492e261,2fb3246810dd181ddc20c97084963686,delivered,2018-04-25 15:48:51,2018-04-27 03:10:22,2018-04-27 16:23:00,2018-04-30 20:03:34,2018-05-14 00:00:00
6c7a2e394323dbc3b0ec1f9282030b88,964bdedcaffe587192ba8580b1018e36,delivered,2017-06-18 15:54:50,2017-06-18 16:05:22,2017-06-19 20:21:18,2017-07-03 12:42:04,2017-07-19 00:00:00
2f78724a34b125e8d8a5f731116bc5ad,5140a58e94f23985287e8f5f565b7c27,delivered,2017-06-18 14:32:38,2017-06-18 14:45:19,2017-06-19 21:14:49,2017-06-27 14:41:50,2017-07-14 00:00:00
7f6d16fab3bed015ec202cc66b21283f,a0ee08995836546ec96882db7a0f0d26,delivered,2018-03-29 19:44:56,2018-03-29 19:55:08,2018-04-02 23:31:45,2018-04-10 18:24:45,2018-04-20 00:00:00
ccf804e764ed5650cd8759557269dc13,92cd3ec6e2d643d4ebd0e3d6238f69e2,delivered,2017-06-07 12:05:10,2017-06-09 16:15:08,2017-06-16 15:50:28,2017-06-22 16:04:46,2017-06-28 00:00:00
531202443efb276e104f75af96ec510b,eb046ca6bd905531c208eb421e44a350,delivered,2018-01-10 12:42:01,2018-01-10 12:49:19,2018-01-16 21:48:32,2018-01-22 23:05:02,2018-02-14 00:00:00
5c1a7adae63c3dd38c445817f9947cf2,a55b85ff2960e23e05447c3c371899b0,delivered,2018-03-16 11:11:42,2018-03-17 02:40:36,2018-03-20 00:37:45,2018-03-26 14:17:37,2018-04-05 00:00:00
c9c76a6cf34575ea054a043a4d03c0a1,92c225f7c50be5d7a6fc60dd0b750dc7,delivered,2018-08-16 09:52:01,2018-08-17 09:49:52,2018-08-17 13:17:00,2018-08-25 10:26:25,2018-08-23 00:00:00
33719438c660a7964c608082a59a58c6,1777f8820f1331cc996abb92c3fa03d0,delivered,2018-01-01 12:51:04,2018-01-01 12:59:18,2018-01-02 16:19:18,2018-01-05 22:14:20,2018-01-24 00:00:00
be8e82214fcaada34c6b645f54e20737,a85209e61b86457b6c628e4da9f2e488,delivered,2017-11-24 22:28:27,2017-11-28 03:46:16,2017-11-29 18:59:01,2018-01-08 17:35:24,2017-12-18 00:00:00
dfc03c094a48b3fb28bfc70f937079b8,628d10d7ac1894e2f7fe3db86a82e93d,delivered,2018-06-07 16:18:23,2018-06-07 16:41:20,2018-06-08 10:53:00,2018-06-13 18:26:37,2018-07-11 00:00:00
d61fb054800247ebeef5200e8bf9c9bd,544df65cf6b7f2cc5d7637b4189edc50,delivered,2018-01-02 23:26:09,2018-01-02 23:50:39,2018-01-06 00:25:44,2018-01-13 11:27:04,2018-02-01 00:00:00
26df1f409adf3bbb2f057e1ebb11b019,d0b19458cf51e7e8db284742e3f1d96d,delivered,2017-07-23 13:38:32,2017-07-23 13:50:18,2017-07-26 21:12:43,2017-07-28 20:17:38,2017-08-15 00:00:00
6179ca3aca88a0e2e379fbf3742a04ac,c220924fc6a7d4b71451a0c45598311b,delivered,2017-03-23 12:21:53,2017-03-23 13:05:48,2017-04-03 15:03:52,2017-04-11 16:40:12,2017-05-02 00:00:00
8c6abb3dfd36a21ee1597090659029f7,0da10477497bba0815cec910862d27d2,delivered,2018-03-26 18:11:31,2018-03-26 18:27:59,2018-03-28 17:06:43,2018-04-09 20:32:19,2018-04-25 00:00:00
5e29bb4d91686c8d61f87779502db614,8059726e1bee32796e83bf37aa97ee5d,delivered,2018-01-25 08:48:39,2018-01-26 03:15:48,2018-01-26 19:39:06,2018-01-30 20:58:08,2018-02-09 00:00:00
786a54ce0cf9dab273f41727d56f96ec,470cff54aa86be3ce142cc8406ad2084,delivered,2017-11-01 20:10:34,2017-11-02 20:10:23,2017-11-06 17:13:47,2017-11-16 17:22:16,2017-11-30 00:00:00
4fba3b9d5278d363d0c484bcbc816584,38f1b7fd67b4c87f2b42f7956917cac7,delivered,2017-09-18 23:41:24,2017-09-18 23:55:14,2017-09-25 19:09:28,2017-10-04 19:22:42,2017-10-04 00:00:00
dc40cf72430bda627804ff38c8fa6116,12a7082d8a209be27917d31b748d2498,delivered,2018-07-22 16:22:40,2018-07-23 12:32:00,2018-07-24 09:56:00,2018-07-27 19:04:53,2018-08-06 00:00:00
ac7b697f61f36bfa2a98f18e8c065875,dd6b5ee1d78a075d11a1dadd03eddee5,delivered,2018-08-09 08:56:25,2018-08-09 09:05:09,2018-08-09 14:24:00,2018-08-20 13:09:07,2018-09-03 00:00:00
830189cecc91f11c9dd9405976aa5538,3506351d6f6e36e9b381d2cbd40000b0,delivered,2017-07-07 22:46:53,2017-07-07 22:55:16,2017-07-10 15:32:43,2017-07-25 19:07:52,2017-08-10 00:00:00
96b7f5a470ca6a58f261be1af286e4d9,b35a12036c527e0cc8e2310bc04c14a4,delivered,2018-05-29 16:42:28,2018-05-29 16:51:46,2018-05-30 13:36:00,2018-06-08 21:33:17,2018-07-12 00:00:00
4caa878dd26539c88f5243c6bd277ad5,1bfb8cb079b0c028107b3fe473234ca6,delivered,2017-09-26 11:35:30,2017-09-26 11:49:22,2017-09-27 20:57:32,2017-09-29 20:34:57,2017-10-11 00:00:00
430e7ae18173c5c5d351c37676f6d09a,828bcbf5432d3799131548454d33c916,delivered,2018-01-05 12:33:24,2018-01-05 12:48:47,2018-01-06 15:37:31,2018-01-10 15:40:23,2018-01-23 00:00:00
aff48f2bfd2432bf92264b9308c424c3,c97dac991f2fb49d7734dce67c3292c9,delivered,2017-06-30 01:38:09,2017-06-30 01:50:15,2017-07-04 13:49:46,2017-07-13 02:53:56,2017-07-20 00:00:00
e9cc31bb3b7f19962bba87e032a9d485,d83086aa700534c6072ac231403baafc,delivered,2018-01-05 16:55:53,2018-01-05 17:08:40,2018-01-09 21:13:02,2018-01-16 13:09:29,2018-02-01 00:00:00
c01f191e1c46c4246cac196674e22bdc,a2c1225e98e3aad59328023a46846df4,delivered,2018-05-14 09:15:50,2018-05-14 18:15:22,2018-05-15 13:38:00,2018-05-18 22:35:30,2018-06-07 00:00:00
c15f5ea47fd3c921cc356e8b581da5ab,a5edc7e1297118ad96ea3ec4ed031d57,delivered,2017-11-22 11:38:48,2017-11-22 11:49:05,2017-11-22 21:38:36,2017-11-28 21:36:58,2017-12-12 00:00:00
2ab0885da6ade32952b1dbf3a58ea165,1b9b9e051f6e7d8c3ada57853bd29d1d,delivered,2018-01-08 11:48:47,2018-01-10 10:31:57,2018-01-10 17:00:55,2018-01-31 17:48:42,2018-02-14 00:00:00
d99e6849f7676dade195f20c26f0eb4f,a23e3f9a2b656b23b7e52075964b42cd,delivered,2017-09-02 22:37:17,2017-09-02 22:50:15,2017-09-04 18:06:57,2017-09-08 18:51:57,2017-09-26 00:00:00
37138848f84d12fc4015d8b261f905b7,b4fa300c78a41ad74748231d43b1423f,delivered,2018-03-19 14:28:12,2018-03-19 14:49:35,2018-03-21 18:51:20,2018-04-02 22:19:02,2018-04-13 00:00:00
5b70374ba741f581985a6f4f4f491c68,a634db1db5794b592867090738c401ac,delivered,2017-12-11 21:37:57,2017-12-13 02:35:31,2017-12-14 14:47:27,2017-12-18 17:49:14,2018-01-04 00:00:00
88070a99472bf32fc96e605f816679b0,f16c12aa92ae8baf6812736511ce30db,delivered,2018-07-17 19:09:44,2018-07-17 19:22:12,2018-07-19 12:09:00,2018-07-27 18:22:30,2018-08-09 00:00:00
42d6c905b94bb9817871a7428dd99a62,cc859cc46f64dd91bf9b8d0a33b3dd2e,delivered,2018-01-03 21:51:21,2018-01-03 21:59:26,2018-01-10 23:08:18,2018-01-25 20:56:27,2018-01-30 00:00:00
24b08ea637db67e116dabc26306710db,f408514ea6598d6b04a3ff8f2a2ae7aa,delivered,2018-02-26 19:47:11,2018-02-26 20:28:32,2018-02-27 19:04:03,2018-02-28 19:17:06,2018-03-12 00:00:00
a2a28dd9e703a77c8fbe7cfe9e8abce6,07cb5cf601f1745ecbed82fb6f887516,delivered,2018-02-06 17:40:58,2018-02-06 17:55:30,2018-02-08 17:58:32,2018-02-21 17:43:23,2018-03-05 00:00:00
20975671430924d7380f6d3816615e37,61264c36dc1a730c901f64018be8074e,delivered,2018-01-08 17:54:44,2018-01-08 18:03:33,2018-01-11 00:39:05,2018-01-24 17:36:29,2018-01-24 00:00:00
28aca242b9f57bd41f8a1d1791f4e761,2d3b68fa7243367b72e61375cd6b0f7f,delivered,2017-11-25 20:11:31,2017-11-28 03:40:10,2017-12-05 20:26:44,2017-12-27 17:47:12,2017-12-19 00:00:00
a490a5d59a9bf4ef3334bfd7cf1dbdfc,1387e2d23533abc24be58c9b3a1f06b9,delivered,2017-06-17 14:01:58,2017-06-17 14:15:17,2017-06-19 20:09:52,2017-06-21 17:23:51,2017-06-30 00:00:00
e64491110f2ae901a81c88667bdb2139,ee2b312e7d5d2985bf0fa8420b0eaf00,delivered,2017-12-26 13:54:00,2017-12-27 04:07:19,2017-12-28 18:04:54,2018-01-03 16:02:42,2018-01-22 00:00:00
36df1ef65b497a01a02122e94735f13d,58432b542d94f1636a9a4aaa6bfb83f3,delivered,2017-08-29 18:13:49,2017-08-29 18:30:18,2017-09-01 21:07:49,2017-09-05 18:10:31,2017-09-15 00:00:00
0011d82c4b53e22e84023405fb467e57,2013d892495e1a101d742d533d2d1119,delivered,2018-01-16 21:43:23,2018-01-16 21:51:25,2018-01-23 22:08:06,2018-01-26 22:14:02,2018-02-15 00:00:00
23f8d85e1bed4bc79e3b7e9f7c2d6437,a99d98a0d509d3f6930bbe4a7f8cd9a3,delivered,2018-06-09 15:21:29,2018-06-12 04:17:17,2018-06-13 09:51:00,2018-06-19 16:14:30,2018-07-12 00:00:00
377aec337a068541200f33229afa85fd,2fac402c3f6f98096688faadf805953e,shipped,2018-04-01 11:30:07,2018-04-02 17:55:15,2018-04-04 17:48:50,,2018-04-19 00:00:00
3123ac94cc04ba74266ab34f2529bd33,e31c8fe91d2166f85f9363713fcc77d1,delivered,2018-07-27 11:10:59,2018-07-27 11:25:11,2018-07-27 15:23:00,2018-08-02 19:12:14,2018-08-23 00:00:00
5fbe0933118a1dec4ac5424ef0ed0686,8f69a86b6f73cb1bf07174b4b8a72aa9,delivered,2018-07-06 08:48:19,2018-07-06 09:11:19,2018-07-06 08:22:00,2018-07-10 23:31:44,2018-07-27 00:00:00
4db79af544c8c9da4ef543192ec3179c,63fed2da86c0786cbc166968a5e6abbd,delivered,2018-08-23 17:29:25,2018-08-23 17:45:19,2018-08-27 14:31:00,2018-08-28 16:33:41,2018-08-30 00:00:00
f19d7e5d1c51bae3d96c1877fc8654d3,facc60595302e4fdd1469e96558ebdcd,delivered,2018-01-16 11:40:12,2018-01-16 11:49:56,2018-01-17 23:13:46,2018-01-23 19:51:44,2018-02-08 00:00:00
756e1225dfaad77b4be2985df1ad2a31,9a91e91d2641f317000c0b597097eb70,delivered,2018-07-09 13:32:37,2018-07-09 13:44:58,2018-07-10 15:06:00,2018-07-12 21:41:36,2018-07-18 00:00:00
3e24e141d5703b84337db96998991424,71252f7f8d30834143d81dee469e8733,delivered,2017-09-20 16:10:38,2017-09-20 16:25:46,2017-09-22 19:48:12,2017-10-04 16:43:44,2017-10-20 00:00:00
15a167665d926699daaa439f546054a3,42c2ffc2f510d988ea1e7e7d206ae4dd,delivered,2017-05-19 22:35:01,2017-05-19 22:45:18,2017-05-22 11:59:04,2017-05-29 14:53:36,2017-06-12 00:00:00
028e1ce5e085cc7810f340572c316b35,98250a166957267b24eafb8fd85d8415,delivered,2017-05-21 08:03:50,2017-05-21 09:04:28,2017-05-23 15:48:57,2017-05-30 14:24:31,2017-06-14 00:00:00
97d03d6144f96be066dcfb67ba92f4c5,776cdd9adacea798b483176ae186e41e,delivered,2017-07-14 15:37:57,2017-07-14 15:50:32,2017-07-19 21:39:47,2017-07-31 20:49:40,2017-08-07 00:00:00
512e098833ea4453e3b2145f5347e9d9,d681756695442e70776c9352a8eda350,delivered,2017-12-25 01:20:49,2017-12-25 01:31:18,2018-01-02 22:54:59,2018-01-05 21:49:28,2018-01-23 00:00:00
187866e696f75b2a1383f04953c53cd6,ce56b2fb736f287cf6df4b468ad108ff,delivered,2017-09-25 16:16:09,2017-09-27 02:49:37,2017-09-29 16:19:04,2017-10-04 20:28:37,2017-10-20 00:00:00
0cacc6e732b7bc8f08cca2ba2604fb1e,89c8c50250e077c8977215502000c179,delivered,2017-10-04 21:26:58,2017-10-04 21:35:23,2017-10-10 20:49:09,2017-10-13 17:45:05,2017-11-09 00:00:00
8095c4dbcc3855535d22f18f284c624d,7a503ab0d71429773305ec84d3461e60,delivered,2017-11-14 17:41:00,2017-11-14 17:55:28,2017-11-17 13:27:52,2017-11-28 20:25:15,2017-12-07 00:00:00
938b81c296794bf21f608257efd9aae9,8dbfab81577117fd021d0f9a7f30b61f,delivered,2018-01-10 13:57:28,2018-01-12 02:36:51,2018-01-15 15:22:04,2018-01-24 21:42:37,2018-02-08 00:00:00
7b8ae8132da20b7b6f709b2d5fcd78c5,4867e76ef4bdc75f3ffa97fd17ff7c30,delivered,2017-11-24 10:09:10,2017-11-24 10:39:21,2017-11-28 21:36:04,2017-12-03 15:34:34,2017-12-14 00:00:00
fa620a3fb2d707b450b33dfb77ddb3a4,712b1d3c8411a245f933a8a3bca7b585,delivered,2018-02-23 19:11:53,2018-02-23 19:27:49,2018-02-27 20:28:41,2018-03-15 17:22:07,2018-03-22 00:00:00
c5119bb429cf05b928aca27cd9e62cf4,72eda8980db0411fc5406163a20ca6e9,delivered,2017-03-27 23:57:06,2017-03-29 02:15:19,2017-03-29 13:56:37,2017-04-06 15:40:22,2017-04-26 00:00:00
4048b8311e92aa983ee72f0b5f1e8ce5,3839f89127a69207ac46a8c0f3269ac7,delivered,2017-12-13 17:39:57,2017-12-13 17:52:22,2017-12-14 20:09:07,2018-01-04 14:33:23,2018-01-12 00:00:00
bc0750dbbde0ce52c81895096a0deb7b,b3eae712d1fa65509032b1e8d2e0d075,delivered,2018-07-27 11:39:08,2018-07-27 11:50:42,2018-07-27 14:50:00,2018-08-06 15:16:46,2018-08-15 00:00:00
42d99f88e122c545af5b33aff4bec141,553aadd42b8ea44fb45880816dc859d8,delivered,2018-03-28 15:13:30,2018-03-28 15:27:52,2018-04-02 20:06:30,2018-04-12 16:02:47,2018-04-26 00:00:00
7d521825cd606cb527aba4acc1943457,5f750fcde3b475b60c61b731cd78dba6,delivered,2018-04-16 19:20:10,2018-04-16 19:35:14,2018-04-17 23:22:36,2018-04-21 00:22:03,2018-05-14 00:00:00
1bb0235977da74346734b2f9a3a1d7ae,629e3a6c0d33d6bceac9a7f8d0fb1b37,delivered,2018-02-03 03:52:32,2018-02-03 04:11:19,2018-02-09 21:18:14,2018-03-16 22:51:46,2018-03-08 00:00:00
a557df88b44a07cf9885eb897089f0f9,bbd19dc1cbec6e7a4de9dd1ea15e2691,delivered,2018-02-12 00:32:17,2018-02-12 00:50:33,2018-02-19 23:52:18,2018-03-07 16:56:58,2018-03-28 00:00:00
9028ef4088169735678d41597586d167,964e99c196eea5af2e1bdfd2494493bb,delivered,2017-11-22 21:20:07,2017-11-22 21:29:44,2017-11-25 01:12:39,2017-11-30 19:04:53,2017-12-12 00:00:00
03138c298bfe1ee7855eefc9442346a8,462025be11ad81e8138837f833b827c9,shipped,2018-06-15 16:07:24,2018-06-16 08:58:53,2018-06-18 14:41:00,,2018-07-13 00:00:00
0a0674921d2acf422fa3f4fd78717451,9d3f60afb962f188a275d0ff6790d3fa,delivered,2017-06-04 18:20:45,2017-06-04 18:30:52,2017-06-06 13:52:14,2017-06-09 09:37:54,2017-07-04 00:00:00
361454f6abef97fcf00c67ec27a32e6f,98938d16787de642d239bfe5ad2885a4,delivered,2018-01-13 11:49:12,2018-01-13 11:56:20,2018-01-15 22:06:50,2018-01-30 16:38:53,2018-02-15 00:00:00
0a7cf771945fa809fa47399a1ba0eeaa,5da862c892972d042f5dfda14f1d6c98,delivered,2017-02-23 23:06:40,2017-02-23 23:15:18,2017-03-02 06:51:45,2017-03-07 09:25:54,2017-03-27 00:00:00
e742713350aa1d4a7a0c80ed2f3ad4d5,7382178892f1ea46099be9e80c5f3736,delivered,2018-03-12 15:05:23,2018-03-12 15:15:37,2018-03-13 18:38:38,2018-03-16 21:51:50,2018-03-22 00:00:00
b2fc720676930e0f9f3c1e472e8cddad,5d146b89f4c6cca290b3470a4bb12bcf,delivered,2017-10-17 11:28:18,2017-10-17 12:06:54,2017-10-24 20:52:03,2017-11-03 16:17:59,2017-11-16 00:00:00
dcccedd7ddcb971baf4602e441503030,f2b9d997f494eda0b86ec0f283df0a29,delivered,2017-02-25 23:26:07,2017-02-25 23:35:14,2017-03-01 08:41:58,2017-03-16 11:09:47,2017-03-22 00:00:00
ae6c44a481d84463cbc650311cee5b60,026460d9e7ce66ec77d827eaef2bb898,delivered,2018-04-16 21:47:26,2018-04-16 22:32:42,2018-04-17 18:28:43,2018-04-30 21:13:51,2018-05-10 00:00:00
780865d48893bd12dd23eb85abed0c6e,c2d0429940ce0afef52e564623133aec,delivered,2017-10-26 19:14:49,2017-10-26 19:26:35,2017-10-31 11:54:54,2017-11-01 18:42:13,2017-11-24 00:00:00
ef40203169e7aefdd11556dd6629b657,22123c239190c64df263dd7d8bf4d344,delivered,2018-01-25 22:55:02,2018-01-27 02:50:35,2018-01-29 18:38:06,2018-02-05 22:18:43,2018-03-06 00:00:00
7a3b37948764cd3ae1bb7c332ee79397,679b52550b180e159ebaf811fb542de3,delivered,2018-07-13 14:23:47,2018-07-14 14:23:57,2018-07-17 14:16:00,2018-07-23 15:16:08,2018-08-13 00:00:00
dad7fd1c4434137c836f09ae15ec86a4,14555edc3920d5f094b0f2278bfbd438,delivered,2017-07-18 08:54:51,2017-07-19 09:03:14,2017-07-19 18:22:30,2017-08-23 17:20:34,2017-08-11 00:00:00
86ccb38f30e2df75998a24bc06860169,d8f596477e39e35d2da1bdd85348620f,delivered,2018-01-04 17:12:44,2018-01-04 17:28:11,2018-01-08 21:54:33,2018-01-30 18:17:23,2018-02-02 00:00:00
a7dde6878527f0d1731d370978ba2849,bfd3bcc53296e057e04bbe0f9d97323f,delivered,2017-09-13 12:18:36,2017-09-13 12:30:19,2017-09-14 18:53:42,2017-09-19 19:26:50,2017-10-04 00:00:00
e3ec006ca1c696a42b47b941983aa2cc,91264ce6d0c952046dd16dd9a221622a,processing,2017-02-25 17:39:11,2017-02-25 17:50:18,,,2017-04-26 00:00:00
8565434e7b68f273260f208a1d2c2aa2,e399faa66b9c2ca682f2d6272eb04364,delivered,2018-08-22 15:27:49,2018-08-22 16:20:07,2018-08-23 13:12:00,2018-08-31 02:32:20,2018-09-06 00:00:00
d9bd19ff1f9e434a5d633944430a97ec,d147fe71273c081f3d0481211ed1a7eb,delivered,2017-07-23 16:50:03,2017-07-23 17:03:07,2017-07-24 14:39:48,2017-07-26 00:24:45,2017-08-11 00:00:00
521dba2c6dc30813e9ec016f3eaa67ba,abdbe06f72f8f906238f2e3da7908a81,delivered,2018-02-03 10:18:58,2018-02-03 10:33:44,2018-02-05 23:19:02,2018-02-19 23:27:44,2018-03-12 00:00:00
99b76e435a17f555aaa82df563fff797,b9bb61281153eb02a8dda67981e54b4a,delivered,2017-08-28 09:18:28,2017-08-28 09:30:18,2017-08-29 13:33:33,2017-09-18 22:11:39,2017-09-19 00:00:00
984cefe3260707e1f6fc38b18b2b276c,b078566ae0d28c3e2964aa8ba7b119e5,delivered,2017-05-08 13:45:25,2017-05-09 13:30:56,2017-05-10 09:05:45,2017-05-18 08:32:21,2017-06-09 00:00:00
7e439a3cffba90d9a5d684e4033d66a9,2a06665a19465bcdd512dcb3444c1de4,delivered,2018-07-20 16:23:26,2018-07-20 16:30:14,2018-07-23 12:48:00,2018-07-24 16:43:01,2018-07-30 00:00:00
9e86f2750fb63739aa63c24a716815ab,6716e1ac019b7a47c59e604467baaf6d,delivered,2017-10-28 19:23:49,2017-10-28 19:35:09,2017-11-01 18:22:26,2017-11-15 04:58:38,2017-11-28 00:00:00
20e8b3dbc61b2396969ef5c3d02773d3,926b700a11f84407e1bf95edb9057784,delivered,2018-06-15 18:42:21,2018-06-15 18:58:25,2018-06-18 14:25:00,2018-06-19 21:11:18,2018-07-04 00:00:00
e19e0055828458457bb47794c262b00e,63c27e2aa9bf68a1c484ef91d4c1f247,delivered,2017-07-14 17:02:17,2017-07-18 05:50:17,2017-07-19 19:18:33,2017-07-22 14:05:01,2017-07-27 00:00:00
ce4d8859d85000477949b11c78144074,ac583d1c408be7cac515ad79d5e4c97a,delivered,2018-03-05 14:35:43,2018-03-07 02:10:26,2018-03-09 08:50:35,2018-03-20 23:12:24,2018-04-03 00:00:00
414a59b4de3aa1d952cc6c75d79d628d,1c188a043c24a9ba1fb58fab235989c0,delivered,2018-03-03 13:41:30,2018-03-03 14:20:23,2018-03-07 20:12:45,2018-03-13 20:39:24,2018-03-21 00:00:00
c714ff3ba4e1c85d122b41fa04381cff,86f4a2634e15469b99c06c273e6ed2c1,delivered,2017-10-25 09:37:58,2017-10-25 10:35:31,2017-10-31 21:35:42,2017-11-06 18:25:18,2017-11-29 00:00:00
d7d3d5db0f040ecfad8982f09f73d075,06be0237e61e2d23a93ceff729704f1c,delivered,2017-04-20 17:28:50,2017-04-20 17:41:41,2017-04-27 04:34:52,2017-05-08 16:54:35,2017-05-25 00:00:00
7a16d8eadd3c788ef0386c78218da6cc,82df80d0b10227cfb73163fe5c9a30f5,delivered,2017-10-02 16:37:55,2017-10-04 02:49:27,2017-10-04 19:49:54,2017-10-10 19:52:01,2017-10-27 00:00:00
f8b1fd93645bdb65f94169a8815da211,9f532ca9ce604eeefe87d7d673b39fa7,delivered,2018-05-17 20:04:28,2018-05-18 01:57:21,2018-05-25 12:18:00,2018-05-28 16:11:47,2018-05-30 00:00:00
8c3a0f92a654ef1a5062138245e23887,2f4f3a33fdd3e16f1585adfd18d93289,delivered,2017-02-14 16:25:43,2017-02-15 16:32:22,2017-02-16 15:14:27,2017-03-02 13:05:48,2017-03-30 00:00:00
49ef8c27301b117dac497090ecd4876d,dcb1185961f747a1b343ad31c2baadfe,delivered,2018-04-12 10:34:37,2018-04-12 10:51:57,2018-04-12 20:31:17,2018-04-19 11:43:57,2018-05-04 00:00:00
4e16a9ec5cf02e97e8f7fb665cc89391,723c16aab4a4c8201b4bc4d9b74a48ca,delivered,2017-11-24 15:13:24,2017-11-24 17:35:23,2017-11-25 15:58:44,2017-12-01 20:33:41,2017-12-18 00:00:00
9fbfe9199f9a0440a9f57f31c57ccc21,9be1244cf16143395690e41538d5d1f7,delivered,2018-01-15 19:33:53,2018-01-17 03:35:34,2018-01-17 17:21:59,2018-01-22 23:37:21,2018-01-30 00:00:00
eb9d487086fb088d41b254e6985e26e0,27764b8d1e3c578021cd9c899ffd98df,delivered,2018-04-24 16:23:18,2018-04-24 19:19:09,2018-04-25 15:05:00,2018-04-30 15:29:29,2018-05-17 00:00:00
c5d8c0127b949963015b2bb461c29dff,bb69893dcb0e4b43151bbd1559963e5a,delivered,2017-06-28 19:28:49,2017-06-28 19:43:50,2017-06-29 07:27:59,2017-06-30 13:51:43,2017-07-18 00:00:00
dd00c3116ba05a43a16e3b84a9b1942a,e9b3c56a4e1098945e14219f16a1d314,delivered,2018-03-04 18:15:24,2018-03-04 18:28:22,2018-03-05 17:19:07,2018-03-20 23:30:52,2018-04-12 00:00:00
1c0fd29e6a54b2331357d1cdc6ccc375,a8de901d823613a32ea7587f0ed28fc4,delivered,2018-04-21 12:48:35,2018-04-24 17:31:05,2018-05-03 13:23:00,2018-05-08 20:56:48,2018-05-21 00:00:00
38fe8ffc7dfc8ee342b24cbd15715716,8981025c96d3fc1d524de6477fbe878a,delivered,2017-11-16 19:25:07,2017-11-16 19:35:28,2017-11-20 17:48:44,2017-11-27 20:49:02,2017-12-07 00:00:00
f0efbfe7e1091577a93ddcf0d02e6119,4a302c694c98bc59cab354b78647fe32,delivered,2017-07-14 11:53:25,2017-07-14 12:05:14,2017-07-17 11:39:52,2017-07-27 20:47:56,2017-08-07 00:00:00
f62c176f45acd8992e70d81c62d08971,96a27c3f6479c998aa26265070853e00,delivered,2018-05-29 14:54:54,2018-05-29 15:18:48,2018-06-04 11:44:00,2018-06-05 11:38:38,2018-06-21 00:00:00
30dd65877d1287c17a2d2198a5f80da4,011fc4ea8b9a1e857358c71da7dcf852,delivered,2017-11-09 16:48:17,2017-11-09 17:08:02,2017-11-14 22:18:47,2017-11-23 19:29:52,2017-12-04 00:00:00
cfa821282b2834abe317546e33e615a5,f4e84894a26462a533a27940bf998360,delivered,2017-12-18 00:44:58,2017-12-18 02:18:20,2017-12-18 23:19:14,2017-12-27 20:03:09,2018-01-22 00:00:00
e638e0d967678a6c085133337514b57a,c60e4af29369cd00239b531be6ed122a,delivered,2017-03-16 13:51:19,2017-03-16 13:51:19,2017-03-17 09:15:06,2017-03-21 10:03:17,2017-04-04 00:00:00
e1872a0261b0767b2c8a63400bfe505a,0b8f3578fcafc95887db21db6e68a9f1,delivered,2018-03-19 10:05:55,2018-03-19 10:27:14,2018-03-20 17:04:10,2018-04-10 16:47:44,2018-04-11 00:00:00
4a14973ad9560660e3962ba5efc1ffaa,e1399f4341a6626ef5072e449e2edac6,delivered,2018-07-29 17:25:50,2018-07-30 16:30:28,2018-07-31 14:53:00,2018-08-06 18:22:08,2018-09-05 00:00:00
36d603f12540763fd9e99b6eabb53caf,d2f98382ccfc4e611cdbdfe5286feea8,delivered,2018-03-26 18:07:28,2018-03-26 18:27:59,2018-03-29 21:22:20,2018-04-03 23:03:36,2018-04-09 00:00:00
372be5fecee4c918be0eb2a2053a3203,4797bad18e14ee84e3f8ebdd435a2823,delivered,2018-02-20 01:03:05,2018-02-20 02:07:34,2018-03-01 21:11:18,2018-03-02 05:25:54,2018-03-22 00:00:00
1edf6220f293bb806c6d390700ccccd6,ed4380ccb3b7d35ce4d7070fec436bc6,delivered,2018-02-09 12:28:27,2018-02-10 02:49:40,2018-02-15 17:55:21,2018-02-20 20:30:10,2018-03-05 00:00:00
3ac8d778d567a13ed3d66c07a74b79b0,d26249619b7e22a67f26df498314cb64,delivered,2017-04-19 08:40:33,2017-04-19 08:55:16,2017-04-20 12:41:22,2017-05-02 16:23:51,2017-05-11 00:00:00
2f371d97b4ea52be4c04ef49bb4f31ff,d782082d67302107f082c112b324aebb,delivered,2017-01-23 22:55:07,2017-01-23 23:10:11,2017-01-24 15:05:01,2017-01-30 12:13:46,2017-02-20 00:00:00
9af65fab1b939ffd7b90131a6e77777f,a3cafc130415c67d4e17c9809e55c12f,delivered,2017-04-13 19:35:02,2017-04-18 06:35:29,2017-04-19 12:43:54,2017-05-02 16:50:30,2017-05-23 00:00:00
8cc98854c500c9bea08c5f4be4a4c28f,75957e6d636be2b5f5a6d30c3f19ac5f,delivered,2017-12-03 23:49:53,2017-12-04 00:01:35,2017-12-04 22:06:58,2017-12-08 00:19:03,2017-12-27 00:00:00
ebaa5eb35a303a3a68afc58ede4f5661,c4ca148fe942475fe54810419dc18cbc,delivered,2018-02-20 20:04:54,2018-02-20 20:27:08,2018-02-23 00:45:23,2018-03-10 17:12:20,2018-03-15 00:00:00
1ccf68abfb6823f0eecaed1245461be7,1b530d740fc102663f8e9220f24b46f8,delivered,2018-01-30 23:21:43,2018-01-30 23:35:28,2018-02-03 14:38:35,2018-02-22 19:09:06,2018-03-07 00:00:00
548cef769a379d873b5a602a8bf39af6,cc2f89bdadc348ed9f50fa834110ccb1,delivered,2018-02-13 23:46:55,2018-02-13 23:55:33,2018-02-14 17:35:39,2018-02-27 20:43:19,2018-03-12 00:00:00
0583f502e04564cfe79eb0e4f5939729,eac5c7df93a1df2256f7b1ef0e5b9e71,delivered,2018-02-11 12:51:07,2018-02-11 13:08:46,2018-02-14 11:42:58,2018-02-28 23:17:50,2018-03-09 00:00:00
d1f31783129ddeede87b72ab701d0e8a,1665c47e1eecada1c2035122a988cd56,delivered,2018-04-01 18:29:32,2018-04-01 19:10:13,2018-04-02 22:14:22,2018-04-17 16:54:42,2018-04-23 00:00:00
50aab84da01ba9c794d22060d1b8abeb,d414fde275d1b2888f5acc164baef4a5,delivered,2017-02-09 16:37:16,2017-02-10 03:03:32,2017-02-13 08:32:22,2017-02-23 08:32:31,2017-03-13 00:00:00
0866fdb0c7de244fd6acbf00a2cbade7,55a18ae004af33e2dcfe7a956b30eafa,delivered,2018-03-06 12:27:11,2018-03-06 13:09:38,2018-03-06 22:03:42,2018-03-12 23:21:59,2018-03-28 00:00:00
3d959329c3f9a09c470085f1d4faaae7,b3c0a462867dca1fe2b860e827b996d7,delivered,2017-06-11 15:57:34,2017-06-11 16:10:13,2017-06-13 09:46:45,2017-06-19 20:46:51,2017-07-07 00:00:00
39b67013c666b5dfe0f02a61955c3b08,d9de10a327d2af13622acc9c94995b66,delivered,2018-02-20 13:30:26,2018-02-20 13:51:16,2018-02-21 19:39:13,2018-02-26 19:52:04,2018-03-13 00:00:00
7c40c1fdc6c80fb91892fa1cd0b79d82,7f72f62adb974dc47f0139f5c09b1243,delivered,2018-08-01 02:22:49,2018-08-01 05:30:10,2018-08-01 15:20:00,2018-08-03 23:16:26,2018-08-07 00:00:00
14a05c02d483800864e5c19a3a7f0ee2,0c1cbb5e025152139b7add7bd25df4b9,shipped,2018-08-18 06:29:22,2018-08-20 16:35:15,2018-08-21 14:43:00,,2018-08-29 00:00:00
bbed43d93838be47e3a0b194063660e2,1afcc25251c2502be51c0c0805015215,delivered,2018-06-23 20:20:13,2018-06-23 20:36:14,2018-06-25 14:58:00,2018-06-28 23:51:52,2018-07-16 00:00:00
e51c3cf4bfd09ebd8f6d0174af3ed628,6ad4a3dde17f5ebffcee1589413b5a82,delivered,2017-05-03 10:30:37,2017-05-04 03:02:53,2017-05-04 13:55:51,2017-05-14 22:48:35,2017-05-31 00:00:00
df830c3266897b412bb8598ecc43c09f,4356b30fcffe508b8253e740ff7b822b,delivered,2018-08-05 22:05:28,2018-08-05 22:15:22,2018-08-06 16:12:00,2018-08-09 22:03:21,2018-08-16 00:00:00
a94ef235b449b3aecceeb9b582658216,6bba511e5eff14df06ee63e3fd5d0ffe,delivered,2017-07-02 21:58:57,2017-07-02 22:10:16,2017-07-13 17:28:20,2017-07-20 19:07:02,2017-08-01 00:00:00
b2c450c7534eb01ae390b7c5668ac39f,0f887db1a0da167d1b7c85c3ec5d1f5e,delivered,2017-05-05 22:12:04,2017-05-06 22:15:17,2017-05-09 16:27:54,2017-05-17 09:44:30,2017-06-05 00:00:00
61792640e5c6bc477b960e28fff4d779,b73ac6c93755e492832020b47ded906f,delivered,2017-02-18 14:33:57,2017-02-18 14:45:16,2017-02-20 11:18:36,2017-02-24 10:17:37,2017-03-21 00:00:00
c6196dcf85530e6e2d9eb1b65d0d8e55,0323b1ce5e0352a4c843df59359a133e,delivered,2018-07-23 15:53:55,2018-07-23 16:46:14,2018-07-24 15:16:00,2018-07-31 19:22:46,2018-08-15 00:00:00
e9ce0279862b38f35d997c12b11ab61c,88ca4c624fafb371ef208917c76c4f27,delivered,2018-01-04 12:23:21,2018-01-04 12:30:23,2018-01-06 00:47:51,2018-01-12 21:43:39,2018-02-01 00:00:00
17ad13a5069275b16fe6b68460d1545b,20143803d0cf60a8eb7d0d5876c3ca19,delivered,2018-02-16 13:23:22,2018-02-16 13:35:32,2018-02-16 23:22:28,2018-02-24 20:45:08,2018-03-09 00:00:00
774039c8407ab307e575f7adce8e99cb,4c64b9d1122a70029fa577c6b5d8c70f,delivered,2018-06-13 00:02:17,2018-06-15 02:17:22,2018-06-18 14:31:00,2018-06-21 15:28:35,2018-07-03 00:00:00
adf96d0e2ffb63b63d3a13180811c100,ca10ae6ba71f8e1c38495eba3ae2f123,delivered,2018-05-19 14:21:07,2018-05-19 14:31:27,2018-05-21 14:18:00,2018-06-10 11:34:49,2018-06-11 00:00:00
fafc6736ffc73023e2685c30aa3822c2,1657e4dd989abb6776f8687d42abe7a2,delivered,2018-07-15 13:49:13,2018-07-15 14:05:26,2018-07-16 10:50:00,2018-07-21 12:51:31,2018-08-14 00:00:00
ac4da4ca8b9fb6a4c52e170dec8f669b,9e9880f137c3420ef35b5e1a43622e0b,delivered,2017-11-21 13:31:31,2017-11-21 13:46:38,2017-11-22 21:28:31,2017-11-28 00:44:54,2017-12-07 00:00:00
b89638c45bf1b7dcf3e47420ac9c9066,4f3ef15a15fa5342175b6a2c03990ff8,delivered,2018-08-11 11:52:08,2018-08-11 12:05:23,2018-08-14 14:14:00,2018-08-20 10:39:02,2018-09-03 00:00:00
0b52749edbf531f1eedb8226ae141b9b,72a483bdbb579a8b5c64ccf2dad900f8,delivered,2017-03-26 22:00:58,2017-03-26 22:10:23,2017-03-29 12:57:55,2017-04-01 11:51:28,2017-04-13 00:00:00
cafe15573de0adda53dee071a1aa450f,0530963cc6bdc31ca98ac61d7514efc3,delivered,2018-02-16 15:09:23,2018-02-16 15:26:55,2018-02-21 01:22:05,2018-02-27 02:49:15,2018-03-12 00:00:00
65d5a0172af3046524552dc879670706,2e7827f7962394cb2944cedf40d9dd67,delivered,2017-05-25 15:52:33,2017-05-26 02:45:28,2017-05-26 10:13:23,2017-06-09 12:15:17,2017-06-14 00:00:00
45776460b7ff952460b7e9d32c28bd9b,8106875d8a76c94534a5cece49730acd,delivered,2018-05-16 22:54:29,2018-05-16 23:14:36,2018-05-18 13:06:00,2018-06-06 00:26:33,2018-06-11 00:00:00
dbbe850a4424a2c03caa29c644644511,830bd5f2393366fa1a7da9003c1c57cb,delivered,2017-07-23 20:43:53,2017-07-23 20:55:13,2017-07-26 18:34:42,2017-08-04 19:47:30,2017-08-15 00:00:00
92eb26809c1b7146708f09a63aaf1183,e9b6597fda522c706bc8a4eb98a97739,delivered,2018-03-06 09:44:40,2018-03-07 02:15:28,2018-03-12 15:38:17,2018-03-20 19:21:45,2018-04-13 00:00:00
1970f2fb4b83ff962a75b064abc37f4c,45b5b5e9424ca746ad6a3161de453e00,delivered,2016-10-06 07:53:10,2016-10-07 02:47:36,2016-10-21 16:32:32,2016-10-28 10:24:36,2016-11-30 00:00:00
f5909b82b8d450b4e0a75dac08752dc8,6f0a02abf3285b0667fdb9c5289a330e,delivered,2018-06-13 21:43:00,2018-06-13 22:00:37,2018-06-18 14:43:00,2018-06-19 21:48:29,2018-07-05 00:00:00
bfa75f5b708094727e17ff4ec9bb4f1c,28450048348e99f41971dec6257cf532,delivered,2018-05-24 11:07:06,2018-05-24 11:39:07,2018-05-24 18:24:00,2018-05-25 12:24:43,2018-06-11 00:00:00
8c0af913eb525b355c4997a2a4166696,c54541b6572fbb34622dad2c048ecac0,delivered,2018-01-06 15:01:01,2018-01-09 07:26:38,2018-01-09 23:44:09,2018-01-23 22:43:14,2018-02-09 00:00:00
fc549d96995ed2edcf63dc3d14bb0240,34937f7e6edeae4de7a92932002788b9,delivered,2018-04-27 21:36:20,2018-04-27 21:52:32,2018-04-30 13:27:00,2018-05-04 17:02:55,2018-05-22 00:00:00
ace40b7f6657491f011b8a3ba9edeeaf,fe9c6eb008b730c9c343725234c31027,delivered,2018-01-03 15:07:46,2018-01-03 15:17:24,2018-01-04 20:32:13,2018-01-11 13:07:47,2018-01-26 00:00:00
9bcd315f2d8687500366d9b2fb0e8add,3ac3554cfef89d9dc27b406c903f74d1,delivered,2018-08-09 19:21:08,2018-08-09 19:35:13,2018-08-10 12:59:00,2018-08-20 22:22:56,2018-08-30 00:00:00
ffcb98e21b0bf085baf42b16a67732ef,d5b03af823742e307896a30d43e41340,delivered,2018-06-06 14:25:51,2018-06-06 14:53:16,2018-06-06 19:02:00,2018-06-12 17:03:31,2018-07-03 00:00:00
08d2474dd3622ba4e0992955a950810f,027f4c7bfb93550c488b03e3eb14e5da,delivered,2018-01-27 11:13:28,2018-01-27 11:34:28,2018-01-30 12:26:50,2018-01-31 18:37:06,2018-02-14 00:00:00
d25cff887d30200ad3668bc69804a495,1152728585ef8877654d15c623b7e817,delivered,2017-07-09 18:47:35,2017-07-10 06:41:57,2017-07-10 17:56:07,2017-07-19 18:57:21,2017-08-16 00:00:00
0d7ef227c3cb5f6a3fc62c0beb5e11cd,a192615354b55122778ab9c19cc3a76a,delivered,2018-07-22 11:36:44,2018-07-23 11:32:08,2018-07-24 15:37:00,2018-07-27 14:58:47,2018-08-16 00:00:00
7c906aa48a52d3bce05f693a57b5d1f2,c8373a8efbfdb80df6188705ff1ba065,delivered,2017-08-02 19:30:50,2017-08-02 19:45:15,2017-08-03 18:05:29,2017-08-07 21:49:46,2017-08-24 00:00:00
9f48c669743b865ba006b1f2a9a0ce79,3122215d3d42a1dfaba52f906f19c838,delivered,2017-12-10 13:22:02,2017-12-10 13:31:26,2017-12-11 23:37:59,2017-12-21 20:53:19,2018-01-04 00:00:00
e6eea6fed0b356b11cf7e35f76320b03,235e60205492c88cd6f41bfea21f7b62,delivered,2018-08-08 12:18:01,2018-08-08 12:30:15,2018-08-09 14:43:00,2018-08-10 18:06:54,2018-08-15 00:00:00
38e65d97a722fcc306a1ae87f68c5b45,8216473ac5a7037095ef12242bc77b99,delivered,2017-07-28 19:00:15,2017-07-28 19:15:17,2017-08-01 12:57:39,2017-08-03 22:33:12,2017-08-24 00:00:00
2851b4d871e918b7328baeb639dda2dd,c3cea791b91b623017476ceaaf44a5eb,delivered,2018-03-25 10:27:20,2018-03-25 10:47:46,2018-03-26 21:52:53,2018-04-20 14:16:40,2018-04-26 00:00:00
5850e8784a0cbe5e3e5c0d7ccd5ccef7,7b5f76e0a8bfb6184268579e3b4f5811,delivered,2018-04-12 09:58:06,2018-04-13 12:50:10,2018-04-16 19:52:46,2018-04-19 20:15:59,2018-05-03 00:00:00
e439b72b2d1f22819e11acbbc8102216,224d51fe180f7dd46ddec94c0c3f50d6,delivered,2018-07-25 14:15:54,2018-07-25 14:30:35,2018-07-26 12:24:00,2018-08-01 13:06:55,2018-08-08 00:00:00
e0babb29f62b941d1b6c1f2f6659973d,f5139fbec9e544a39f76d337e59fafa3,delivered,2018-04-11 17:15:45,2018-04-13 12:34:24,2018-04-16 18:32:18,2018-04-21 17:51:43,2018-05-11 00:00:00
31e94b867c30c7627862d2311ec5e9b7,197e8b7c9f899741f17389f248607b65,delivered,2017-07-13 11:01:28,2017-07-15 03:32:39,2017-07-17 16:43:53,2017-07-20 16:51:50,2017-08-04 00:00:00
a178e5115c4f2f2b1f778cbf210e07cb,29e8e233706ea0290479e011ab628bbc,delivered,2018-05-04 09:22:32,2018-05-04 09:35:21,2018-05-07 19:09:00,2018-05-10 14:58:47,2018-05-16 00:00:00
cb59129e626aa76c4e74faf4bfba07d6,ae4dfdfc0e4ac4c18a710ae213941b67,delivered,2018-07-01 20:18:54,2018-07-01 20:30:11,2018-07-02 17:18:00,2018-07-09 20:52:26,2018-08-14 00:00:00
e746b487d30866b2cbd774406f2e7d69,da00d27b82df73ac88a4db1de1d412e6,delivered,2018-06-18 15:36:17,2018-06-19 06:57:01,2018-06-19 11:47:00,2018-06-22 14:42:28,2018-07-11 00:00:00
6a82abcbfecb37ea8663513f7c4bf302,0dd483b51c6190c96232df15157970ad,delivered,2018-03-01 23:35:30,2018-03-01 23:49:01,2018-03-02 18:52:15,2018-03-22 15:11:17,2018-03-23 00:00:00
1a45c130db33df3cb0e3cd16f0a8ae9d,7e69a78d736e406a05871ede7ec377d5,delivered,2017-08-02 19:58:33,2017-08-04 02:25:21,2017-08-08 15:22:36,2017-08-11 18:47:56,2017-08-28 00:00:00
5c59770bf04560b62d68aaa3d7570fed,616e38806d0772f1e78173b166508009,delivered,2018-05-10 21:54:59,2018-05-12 02:53:21,2018-05-14 15:24:00,2018-05-18 17:55:28,2018-06-04 00:00:00
8ff1992743a7f3a6daffc9ec9db05cbc,a779b6c2195363f9d7da1e5b3934cb3c,canceled,2017-06-05 21:20:51,2017-06-05 21:30:13,,,2017-06-28 00:00:00
9db5b1ba7f04533533e400a1f2589d66,ba33a4cae101690de645fad078ba96f3,delivered,2018-02-02 00:34:34,2018-02-02 00:52:12,2018-02-02 22:29:09,2018-02-14 23:15:21,2018-03-07 00:00:00
01f74d38c7379a28cc0ac3d90e80c7ea,aa49a857b9196c3ecc7cd8cc02f954f9,delivered,2018-01-31 23:12:05,2018-02-02 02:55:52,2018-02-02 23:48:51,2018-02-27 11:14:03,2018-03-05 00:00:00
74087a3756fc76e1e19114c5d3f80cf1,6b9d5ac3e7fab7fd8c5d866fa7ed6175,delivered,2018-05-10 23:21:21,2018-05-12 03:32:19,2018-05-14 14:26:00,2018-05-18 21:17:02,2018-05-28 00:00:00
d7bcf8ec332049e572643a61c63f3651,85b76fdce38efbc196243002901ee148,delivered,2017-12-20 02:57:43,2017-12-20 04:10:09,2017-12-20 17:22:16,2018-01-11 18:34:03,2018-01-15 00:00:00
5b52136f452a7ee355f34fd4b2eb99b2,f568f19edc4fbbd907c3310b56b05f64,delivered,2017-11-03 18:06:09,2017-11-03 18:30:24,2017-11-09 18:29:02,2017-11-21 22:07:46,2017-12-01 00:00:00
4636f82a7026844a74730ee1cf478e97,059ba2888199d4f7b4361686f67044d4,delivered,2018-05-08 20:41:12,2018-05-08 21:11:51,2018-05-09 16:34:00,2018-05-15 20:04:17,2018-05-25 00:00:00
d756d977405b47db7635ff6c50a6e6a5,3a0ca1b758cee704da2237c7108310f7,delivered,2017-05-04 07:07:04,2017-05-04 07:15:13,2017-05-04 15:04:46,2017-06-01 16:32:56,2017-06-06 00:00:00
e99e0378742e46249a4ee59b77ee6440,94117baa4213389405c14148277ca6b4,delivered,2017-12-04 12:20:32,2017-12-04 16:30:52,2017-12-07 19:09:54,2017-12-11 18:04:00,2017-12-20 00:00:00
9c6585136c83fd43fc233e6cec52044c,5be7b57253817542d71c279f4d4cfcaf,delivered,2018-07-15 21:01:24,2018-07-15 21:15:19,2018-07-25 15:07:00,2018-07-31 20:23:44,2018-08-09 00:00:00
05c7aa3928dd1b25667ba59cdc277505,63eaea1a0349793e34d1227d845d1f99,delivered,2018-06-12 08:19:14,2018-06-14 02:39:37,2018-06-21 05:31:00,2018-06-25 19:06:11,2018-07-17 00:00:00
6ab837ed3e0f1ef51f147c0aad2f4cf8,c187c110ca6ac2860ff5b0465d452761,delivered,2018-03-27 15:32:09,2018-03-28 02:50:34,2018-04-03 23:36:21,2018-04-05 17:18:34,2018-04-19 00:00:00
92d7bb51e2c6778f7a049b89cfd52870,2b47bdaae674f41c9615e2b9acc34af9,delivered,2018-08-06 15:10:48,2018-08-06 15:24:52,2018-08-13 09:13:00,2018-08-17 18:54:41,2018-08-21 00:00:00
90bd52654dd4d9b5601a908e69f98659,f8553883bcbefee46064c68f92d01be9,delivered,2018-08-09 21:48:26,2018-08-09 22:04:38,2018-08-10 13:34:00,2018-08-23 18:56:34,2018-08-31 00:00:00
1e4e642a89cc3c4bdbc8b9ac6299616a,18fe01502f6161167cc115274c79bdc4,delivered,2017-09-20 13:23:24,2017-09-20 13:44:19,2017-09-21 17:48:02,2017-10-23 15:32:40,2017-10-30 00:00:00
fb216ce0d45ab76957e7bb2cf19cbac8,e57791ed14750442d6611472cc7c4e89,delivered,2018-01-01 15:45:24,2018-01-03 04:32:26,2018-01-03 16:25:30,2018-01-08 16:16:52,2018-01-31 00:00:00
30a8343ec44216954bf765295fc0c65f,87d61d8c11c89fe50ae234f4acec63c7,delivered,2017-10-24 09:18:20,2017-10-24 09:28:16,2017-10-26 16:59:01,2017-11-03 19:53:50,2017-11-17 00:00:00
2f93e05c16a3539594b2bd00bf46027b,4e6412fc18a7dba99c4330d89e824af6,delivered,2018-01-12 21:54:18,2018-01-16 04:30:59,2018-01-22 20:39:58,2018-02-06 15:39:35,2018-02-05 00:00:00
45ef1c8236d1238dc2e98fb191e40f19,087cd29a72a408239afc8b168dfe8052,delivered,2018-02-15 21:45:27,2018-02-16 00:31:46,2018-02-20 16:51:51,2018-02-28 20:42:46,2018-03-14 00:00:00
f9fc53ba3989356ab3ecbe2a40702018,5ff4a63a058c70534a787230f7ad6ef8,delivered,2018-05-14 11:20:40,2018-05-14 11:34:43,2018-05-14 14:20:00,2018-05-18 20:44:32,2018-06-05 00:00:00
c36722bf525388104790764a7917ca07,c37e1557e41bd2262d75e5b12712720f,delivered,2017-05-09 14:38:16,2017-05-09 14:50:19,2017-05-10 09:25:47,2017-05-15 13:56:42,2017-05-31 00:00:00
b6918562ae8b764ad6d0022da12051fb,87ebe28d6ac91b1fdc8c272f17d069c1,delivered,2018-03-20 16:12:15,2018-03-20 16:29:31,2018-03-22 20:52:46,2018-04-09 22:19:48,2018-04-11 00:00:00
cf24aa38581b80bec680b5ceb9fb3085,54c27244f167fa3c4f4c58c1297d4df9,delivered,2018-01-23 19:35:43,2018-01-24 02:52:42,2018-01-31 01:45:04,2018-02-07 20:05:15,2018-02-08 00:00:00
8c824eef423592fdf34bcbac8f30a93a,c5508016590fdac232d591ab67744a1e,delivered,2018-06-01 17:16:28,2018-06-01 17:31:25,2018-06-04 14:11:00,2018-06-05 22:04:41,2018-07-04 00:00:00
775322bb613293efa55001022c537e35,cfbf636b61bd5f30c64c427f0c55038d,delivered,2017-11-16 12:55:36,2017-11-16 13:16:10,2017-11-20 20:14:38,2017-11-27 22:52:28,2017-12-08 00:00:00
1c27cc37a379d096751586f7c8040f7c,d951d0e698b7803c10d296c1e1762178,delivered,2017-12-07 11:33:55,2017-12-07 15:01:28,2017-12-08 21:38:40,2017-12-26 18:57:06,2018-01-03 00:00:00
4505b87dc4843da73734e3e1a6537999,1cb8d99f2db06ce29268139361108976,delivered,2018-07-06 16:35:33,2018-07-06 16:51:16,2018-07-11 12:15:00,2018-07-13 15:53:59,2018-07-20 00:00:00
fc72efeda6e41513a1c7956b6a0ccfc3,a5f29d37853cfd28ef2075755ed0cc9e,delivered,2018-03-05 21:23:50,2018-03-05 22:21:02,2018-03-06 21:43:10,2018-03-26 16:28:58,2018-03-21 00:00:00
2ad9cdb77592cde1ce1ae1c771ecac8a,e4c53da258cc13caed58472b9dc974bf,delivered,2018-02-11 18:31:34,2018-02-11 18:48:06,2018-02-16 19:56:02,2018-02-22 15:55:05,2018-03-06 00:00:00
fff90cdcb3b2e6cfb397d05d562fd3fe,f6cc7b845fde9d4e71361fe6fcd7ef75,delivered,2017-11-24 09:03:47,2017-11-24 10:11:58,2017-11-27 22:44:45,2017-11-29 02:24:25,2017-12-08 00:00:00
9d5ed4775557c8b39ac75a602205c915,6ec1975945c674d4db5eedfb71cb426c,delivered,2017-09-28 22:41:53,2017-09-28 22:56:11,2017-09-29 18:14:08,2017-10-09 18:39:19,2017-10-26 00:00:00
2b05d12915aef151cf97bb4e2a5ca58d,def3ed0f77bde2dcb023d0249835e92a,delivered,2018-03-26 10:55:55,2018-03-28 16:27:46,2018-03-29 20:22:09,2018-04-13 23:53:44,2018-04-16 00:00:00
744ce2fe884a45093b4a3df391cb16c5,19f76fe12db5d155a6ac210dedaba149,delivered,2017-03-06 08:44:37,2017-03-06 08:55:14,2017-03-14 11:21:54,2017-03-30 14:14:15,2017-03-31 00:00:00
ab25d035abca0cb6c74fff900e926246,498fdb5ba5b08aa553dbbb047506ec6d,canceled,2018-04-13 05:18:38,2018-04-13 19:09:55,,,2018-04-25 00:00:00
0900f1b09f4249e09ce4735618757707,3e67e5961d248ae6376ee09203e05e83,delivered,2018-06-20 16:47:24,2018-06-21 03:17:56,2018-06-22 14:11:00,2018-06-29 12:11:36,2018-07-17 00:00:00
ee8f5d7599c575d8f8eb1a2ea7d66686,ce86321953a0e590bef64f5823dac5fd,delivered,2017-09-05 08:40:16,2017-09-05 08:50:21,2017-09-11 21:33:21,2017-09-21 15:22:28,2017-09-25 00:00:00
7e9eac6236b24f54d858badd77aa172c,8a21af9ec38175daa9779d3d5d120334,delivered,2017-10-31 17:48:25,2017-10-31 18:31:13,2017-11-01 21:13:39,2017-11-09 19:32:18,2017-11-17 00:00:00
048cb31a5449d208f197f1fe7b617c3c,d1b06f3759195097bcee2e0eac97859c,delivered,2018-04-23 14:02:47,2018-04-24 18:30:52,2018-04-24 22:56:52,2018-04-28 15:22:47,2018-05-21 00:00:00
b9f477fd3f945b7f9c9392fecdafe712,3360b71e6c02e71d90f1f1d48bef116c,delivered,2018-02-15 21:05:47,2018-02-15 21:15:26,2018-02-20 16:51:50,2018-03-07 16:18:36,2018-03-15 00:00:00
1e54c4fe23092d2cd26e7b40e2f7ac9b,605752f4d495f9a3fbd06c76517694ca,delivered,2018-04-08 10:33:18,2018-04-08 10:49:51,2018-04-09 21:58:47,2018-04-18 22:32:28,2018-05-07 00:00:00
6703c0ecdc099b3260a56cb020f09ef5,f4f8f63280d609f794137beea04c78aa,delivered,2017-06-01 13:09:49,2017-06-01 13:25:16,2017-06-07 15:28:01,2017-06-14 13:55:58,2017-06-19 00:00:00
cbfc4f1ebf8b2f4362a74b61505e34fe,a682744ef47efe139696f2320ee9ff3d,delivered,2018-07-25 12:49:00,2018-07-26 03:10:16,2018-07-26 15:30:00,2018-07-30 17:12:32,2018-08-08 00:00:00
a5a8d8582dc652909c4e2fd3599e7c74,202356201a70a663d8c0f77bf413a3a8,delivered,2018-05-03 19:30:19,2018-05-04 03:12:26,2018-05-04 13:09:00,2018-05-21 12:28:28,2018-05-25 00:00:00
b5f223689362e69338adf9d075524007,4a8c7005bd83d0abec06eea4d1000fb5,delivered,2018-05-06 04:40:17,2018-05-06 04:55:20,2018-05-08 15:13:00,2018-05-11 22:32:42,2018-05-28 00:00:00
7597f915add73c37dc32e11cb4021fba,81e3412d8de66dd89f48a7ce6fab8fbd,delivered,2018-03-15 19:26:22,2018-03-16 19:28:22,2018-03-20 18:55:41,2018-03-21 19:52:33,2018-03-27 00:00:00
5335b1d7638fab1eabeb24a1e2ff380d,789b8433c57dda539d9fe65acc4f001e,delivered,2017-08-11 11:01:51,2017-08-11 11:24:13,2017-08-14 15:29:59,2017-08-16 17:50:13,2017-08-31 00:00:00
25ec17a7457f797d4a253f3f492d4686,8f255887fe8b85c220e25b63ccd30a06,delivered,2018-08-16 12:00:56,2018-08-17 03:31:08,2018-08-17 14:37:00,2018-08-20 14:33:49,2018-08-24 00:00:00
19953aecc4be89d937f5f0ef2b46ff53,761887d4eaa53dab3cd2ea6f88dd7b82,delivered,2017-06-02 14:34:06,2017-06-02 14:45:13,2017-06-06 13:52:16,2017-06-14 12:58:06,2017-06-27 00:00:00
b6531f716505d378bc60ea787c0200c2,0efb9bcc26d67d0988006142e31dd13a,delivered,2017-11-28 12:01:11,2017-11-28 12:15:04,2017-11-29 20:42:04,2017-12-12 00:44:54,2017-12-22 00:00:00
4688d8a3d2db532497201af1f0f69376,552fd364da2bb5d699a6079aa01270f7,delivered,2017-03-30 00:03:46,2017-03-31 01:15:10,2017-04-04 11:19:05,2017-04-10 18:08:13,2017-04-27 00:00:00
ffc0da1000e3fe80b745f005755bb814,096051eec6b1ce541205f75819ccb95b,delivered,2018-07-04 23:23:07,2018-07-05 16:12:56,2018-07-12 13:50:00,2018-08-01 18:52:49,2018-08-13 00:00:00
cd01c1252b19226f4fec023234aaa41d,1c4871467e9b6bd73240e47909222597,delivered,2017-09-06 12:46:07,2017-09-06 13:03:43,2017-09-06 20:42:19,2017-09-11 12:23:54,2017-09-26 00:00:00
c7a7c97d430f40628efc0f1e41f723b1,829da742aa5592be758793631d4afcf4,delivered,2018-07-05 09:39:44,2018-07-05 16:15:56,2018-07-05 14:58:00,2018-07-11 19:12:24,2018-08-01 00:00:00
9df16fc9c0296bef63c2effb85d6969c,7dfcf04eef8eb511409413ca6bed1fed,delivered,2018-06-25 21:02:52,2018-06-25 21:15:26,2018-06-27 11:32:00,2018-07-12 22:11:16,2018-08-02 00:00:00
56dc36c0b4aa0d60f98017b5ce97d587,c0fb4bcd57149dfee5a0dbaf5524505d,delivered,2017-08-19 22:03:36,2017-08-19 22:15:45,2017-08-21 13:33:31,2017-08-23 12:37:35,2017-09-20 00:00:00
9e46071b97517d67ca29999622adb3ac,4e94cf3d24c2714968faf048303d2af6,delivered,2017-08-14 09:42:53,2017-08-14 09:55:22,2017-08-15 03:39:57,2017-08-21 19:35:03,2017-09-06 00:00:00
eb7ce104c1b5f7a6aed28135fa4ee5e0,b366c01a52e0ec8ad29f7e9411371ad8,delivered,2018-03-12 17:05:46,2018-03-12 17:15:37,2018-03-14 18:31:47,2018-03-27 19:47:36,2018-04-04 00:00:00
6dd9fde79655c47ea76ff66779c0ee93,0cdc33b5a9c7b98659eaf508c5bb8650,delivered,2018-05-11 19:18:55,2018-05-11 19:37:31,2018-05-14 14:14:00,2018-05-17 19:32:51,2018-05-30 00:00:00
7afff8cad4526f9932fecee92be8507a,6ffd4f294fd7e52f4fb63343912fc6fa,delivered,2018-04-02 10:24:47,2018-04-02 10:35:17,2018-04-03 18:07:37,2018-04-15 19:36:32,2018-04-20 00:00:00
96b796ae5c66cfff926cfe95448f1d85,f27e39cb8fcb6fdce0f031e5d650c874,delivered,2017-06-02 14:40:22,2017-06-02 14:50:21,2017-06-05 09:28:53,2017-06-12 15:36:31,2017-07-10 00:00:00
55573ba9c7c0f45fc1c1b30bb498bbf6,a03c1b88f4d84065d51adae18f0b6578,delivered,2018-05-02 20:40:15,2018-05-02 20:55:33,2018-05-03 14:24:00,2018-05-09 23:04:20,2018-05-14 00:00:00
23ef9daa5d06d57a70a022994cd9ded7,5ca9d51e7f3f073fd3ce1024b29579b6,delivered,2018-08-22 16:38:15,2018-08-24 03:25:31,2018-08-25 07:47:00,2018-08-30 15:05:45,2018-09-24 00:00:00
85ca024d3c6ecdf9471558f7cb719c4b,f0b50609da2dc387b638762a458aaf84,delivered,2017-08-07 14:55:50,2017-08-07 15:10:18,2017-08-23 11:28:23,2017-08-31 17:57:45,2017-09-15 00:00:00
7bcde8d5d9a48f795c1219a5eded63a5,a7f23c04bf2d534b95817ddbd39d60cf,delivered,2017-03-14 11:26:21,2017-03-14 11:26:21,2017-03-15 09:48:45,2017-03-30 13:42:48,2017-04-17 00:00:00
b0687213cf67e3c3aa0fc89237bc79b6,add3e04b6e35f4df7b08f92e0b7acc71,delivered,2018-03-28 21:34:14,2018-03-28 21:50:14,2018-04-03 20:54:27,2018-04-06 22:08:58,2018-04-16 00:00:00
033ccfbdfc4d29677b7e1e6df3a82820,718f5495b3bce9a9f415631186f52956,delivered,2017-04-22 08:22:58,2017-04-25 10:55:18,2017-04-25 12:07:17,2017-05-05 22:49:55,2017-05-11 00:00:00
befb196fa280970252933ab714144a24,10a2fbde93ea4041295f9f209c016734,delivered,2018-02-06 14:58:05,2018-02-08 07:49:47,2018-02-09 23:09:22,2018-02-28 01:38:46,2018-03-05 00:00:00
fb8d3c9c828695a80f48d03b0675ea08,f16dd3f2fdd8e832bfbf92a3fc29380e,delivered,2017-11-24 15:02:09,2017-11-24 17:31:51,2017-11-27 22:39:00,2017-12-06 14:39:03,2017-12-27 00:00:00
e072ad0e4dabf06b9e381c614c27c903,c62a8534491c4b91761a88a5d9deef93,delivered,2018-02-25 13:22:09,2018-02-25 14:00:23,2018-02-26 23:05:26,2018-04-02 22:28:34,2018-03-19 00:00:00
88259593cc7450eaa22ee4d6ea2f9dcd,7ee7ed0667b079821f3189eafafeee4a,delivered,2018-07-26 22:59:41,2018-07-26 23:15:11,2018-07-31 12:15:00,2018-08-06 14:24:42,2018-08-20 00:00:00
33bb79c28616262f5e3fdcf5e678b266,24fe6e2ab7cb4705716e683ceb471d11,delivered,2017-08-04 14:46:51,2017-08-05 14:35:34,2017-08-08 18:13:28,2017-08-15 14:04:05,2017-08-24 00:00:00
a1284e7f7544a4215fb48331c04fd83a,b14e0e09e9300295fad83e14291ccc85,delivered,2017-02-08 11:59:07,2017-02-08 12:31:02,2017-02-08 12:57:11,2017-02-10 10:35:49,2017-03-07 00:00:00
fa6d6d6a627b660b3cfc54477126473f,c247a212d5bba55bd9cfc5966329538e,delivered,2017-05-21 08:00:05,2017-05-22 10:39:46,2017-05-22 18:13:33,2017-05-26 10:00:09,2017-06-09 00:00:00
5d7ebb8135efd1d4b10062c9237915df,7890b33c012af712223e75ee7df8ba55,delivered,2018-06-21 16:36:59,2018-06-21 18:21:06,2018-06-22 15:16:00,2018-06-29 22:16:46,2018-07-19 00:00:00
409a324803d22f3b95f99aedb4863c3a,8e61f21a8232d2a820e97fb85e4d7cbb,delivered,2018-06-01 14:18:41,2018-06-02 03:11:26,2018-06-04 14:16:00,2018-06-13 20:15:28,2018-07-11 00:00:00
8f6ac8f0dd2588b2dc8dec2898d6095a,0888cf44bc996a137f289aacb49925f1,delivered,2017-10-15 21:25:43,2017-10-17 04:07:30,2017-10-18 22:20:07,2017-10-24 14:27:59,2017-11-07 00:00:00
8e7ddbd94042f618f0ce625a8507ba11,9a53e5b5aa1200a59fc2b6c97a4f5c42,delivered,2018-02-06 17:02:17,2018-02-06 17:15:34,2018-02-07 18:03:44,2018-02-08 16:13:18,2018-02-22 00:00:00
a0b9376f23d21362e3f8060e47e1450a,dc30f5f92dea8459e7b87805306934d7,delivered,2018-03-28 11:33:57,2018-03-29 03:10:25,2018-03-29 16:04:57,2018-04-04 01:48:46,2018-04-10 00:00:00
f7165d089ce3bd58a12a202c6359b155,f0b5f99da4f3a71c5149259ce5ffda8e,delivered,2017-12-05 22:23:26,2017-12-05 22:37:36,2017-12-06 22:07:05,2017-12-08 17:22:17,2017-12-21 00:00:00
5c5a9b69f5432af8c3c978fef0d6b96a,da2188f30be2a11ebf22e89dfd47f1c9,delivered,2018-06-17 20:00:40,2018-06-17 20:17:48,2018-06-18 13:03:00,2018-06-19 22:28:52,2018-06-28 00:00:00
b8bcd5c4f80a3e88b4d4581527e1d2cb,717f972f356835dfb983ee2437ebbbbc,delivered,2017-05-06 16:08:10,2017-05-06 16:22:03,2017-05-09 14:10:36,2017-05-16 10:26:01,2017-06-08 00:00:00
05ad4f359a4235a593f41f0533fe0457,8963214440da51e55f9662749ddb81c7,delivered,2017-08-25 20:53:06,2017-08-25 21:05:19,2017-08-28 19:15:38,2017-08-29 14:03:54,2017-09-08 00:00:00
ce9840efc17fbec501472f7c784be1bf,950c3e2b1eab245ac9e26cf96a1c6a23,delivered,2016-10-06 23:21:10,2016-10-06 23:53:18,2016-10-21 16:25:50,2016-10-24 16:25:50,2016-11-30 00:00:00
40087b9fa8303af7faf04a2eae4930d2,739a5d86abc94710d49a265fd761d456,delivered,2017-06-27 11:17:58,2017-06-27 11:55:20,2017-06-28 14:28:46,2017-06-30 13:32:15,2017-07-20 00:00:00
75adb6f5207887f03b547194819216fa,4d5e97a1930e2147547bbbf81715ceb7,delivered,2018-08-11 19:36:15,2018-08-13 18:04:15,2018-08-14 07:29:00,2018-08-21 19:32:45,2018-08-23 00:00:00
e909df6bbac7fafee9713f25cd6913cf,b0bde8961b359e3e4840c9327862f43e,invoiced,2017-02-07 08:19:35,2017-02-07 08:30:22,,,2017-03-22 00:00:00
33b4e4420ddac9b1e67cc73717c9b168,8fd98a723350fb2ed3cac2f466923333,delivered,2018-01-04 14:54:25,2018-01-04 15:08:21,2018-01-05 22:16:58,2018-01-10 17:08:09,2018-01-29 00:00:00
030106c028266ae3345eb9bf6dd790c1,7a4d4a91643c3ed808af700c41364e3e,delivered,2017-12-24 17:00:47,2017-12-24 17:11:22,2017-12-28 17:36:51,2018-01-05 00:58:53,2018-01-19 00:00:00
83c4b4c8e8fdb6e9ef46162e012e691e,f7b2f2169f6c1f96ba7ea6704869ce29,delivered,2017-09-08 11:11:55,2017-09-12 04:24:09,2017-09-15 22:33:46,2017-09-26 00:11:37,2017-10-03 00:00:00
5b922f60c60062b4c656c69ac0a5834f,c04e51b398eff4fd75a3e7eb519e5638,delivered,2018-01-30 17:00:39,2018-01-30 17:29:41,2018-02-02 01:17:50,2018-02-15 16:42:55,2018-03-09 00:00:00
8a8ff2c8a82c73abed3c70e90953f0b2,681d6df6cd2fb282101e845100ff20f0,delivered,2018-04-01 12:00:48,2018-04-01 12:15:09,2018-04-02 16:19:15,2018-04-03 18:47:24,2018-04-12 00:00:00
0ee97b38c4a4fd3b8d3c243e60b4cd44,631562d92afe78f309d88ee259052af2,delivered,2018-08-15 07:42:01,2018-08-15 08:15:21,2018-08-16 12:35:00,2018-08-18 02:41:47,2018-08-20 00:00:00
69a75bcc12d792875fb4551caca0d35b,16b404ac73327b39cbcd740149792ad1,delivered,2018-06-20 10:23:06,2018-06-21 03:38:51,2018-06-22 12:46:00,2018-06-29 19:23:41,2018-07-20 00:00:00
afd40c7db09c18759908ed9d6c66fa2a,4a4b6b881f86d9d415bedaccd4eb70b1,delivered,2018-05-07 14:06:43,2018-05-07 16:15:38,2018-05-08 13:01:00,2018-05-14 20:17:46,2018-05-23 00:00:00
fc9478f69096b445f096798b968fbbd3,00bb27539e10159490e73842a90b173e,delivered,2017-07-27 14:33:06,2017-07-27 14:45:15,2017-07-31 16:53:02,2017-08-01 18:42:10,2017-08-09 00:00:00
23cb8b17a53535670161bb4171633ce4,1322270a8d20f212f2a5b45d3c14fd66,delivered,2018-01-23 22:24:54,2018-01-23 22:34:52,2018-01-25 21:48:57,2018-02-05 12:32:24,2018-02-15 00:00:00
d5b01c154bfa35f8f18cf115336714f4,eda6b1598114de1c2eb5afb5a6d21018,delivered,2018-06-19 13:20:51,2018-06-19 13:57:23,2018-06-20 15:44:00,2018-06-25 10:58:34,2018-07-18 00:00:00
066772e2164fd7dbdff9ded585851352,1297707fa763fbc3183ce00a8f3eaf48,delivered,2017-03-27 22:37:36,2017-03-27 22:45:16,2017-03-28 10:09:20,2017-04-01 09:33:16,2017-04-18 00:00:00
42b71d23c4c47ac0364517ab0ada92c3,5f794585ed532b5bc3fb53e0a25b56f1,delivered,2018-07-10 11:49:29,2018-07-11 03:30:13,2018-07-11 11:49:00,2018-07-12 16:12:43,2018-07-18 00:00:00
6d238ce1fb32d1ef6e4422764a7f76cc,7ee349f8d855c56ac5151702a8bbf7f3,delivered,2017-08-19 12:09:04,2017-08-22 07:45:15,2017-08-23 11:52:35,2017-09-01 19:23:43,2017-09-19 00:00:00
1a014516e31169d67ede0e351097a9d8,5e55f40ef1f4121bfd3f82403c8d5090,delivered,2018-04-19 20:29:47,2018-04-19 20:51:11,2018-04-23 23:52:52,2018-05-07 11:28:39,2018-05-22 00:00:00
eedcf06e125e04011d533e4259c36507,a787e32a70fd825e834c43849f53f1f1,delivered,2017-06-28 13:22:30,2017-06-28 13:35:21,2017-06-29 10:48:42,2017-07-06 19:17:49,2017-07-20 00:00:00
40f486f48285528ce9da6577b086c451,c315c87d66692883960f01d9ca597093,delivered,2018-01-31 16:43:25,2018-02-01 11:50:38,2018-02-06 16:33:31,2018-02-10 17:12:54,2018-03-06 00:00:00
2ec8350dfe84d1726bc5bc3921003fd0,2f089e76215bcec0d0b4df58dd10230a,delivered,2017-06-29 10:17:22,2017-06-29 10:30:12,2017-06-30 15:02:14,2017-07-17 19:49:31,2017-08-04 00:00:00
9783e4b24e95c1e243512f67f6e2a97e,f8989c74d32c636246efc5f2b72213b9,delivered,2018-01-22 13:24:48,2018-01-23 03:37:22,2018-01-23 21:54:13,2018-01-30 16:34:00,2018-02-19 00:00:00
132761d24f94ef259bcbde9dacecb2e2,0137af0a69be6d96a77314fa91324ff5,delivered,2017-12-14 20:43:29,2017-12-14 20:59:25,2017-12-18 21:03:50,2018-01-11 18:46:55,2018-01-10 00:00:00
98287ad06893756cfd89b354ad0fe866,5a90a527f175c7fac349eb85e9f2ada0,delivered,2018-02-28 11:00:45,2018-02-28 11:40:27,2018-03-01 20:51:33,2018-03-05 19:51:37,2018-03-14 00:00:00
e4986bb2932a43462ff2ff1751af9ae5,ec14d99da64c1ae367c3180051bc66ef,delivered,2018-04-11 16:07:22,2018-04-12 07:30:25,2018-04-19 22:32:09,2018-04-23 20:03:34,2018-05-08 00:00:00
3e8a0bcdd82e7d0370f54bc991291d82,c354ab5a93962e093ef3f3cede03b721,delivered,2017-03-25 12:28:48,2017-03-25 13:05:49,2017-03-27 15:45:42,2017-04-04 15:36:58,2017-04-25 00:00:00
fe59203fdf21267082352e201ad44772,766688dea854fc408d44e2f210fdc531,delivered,2018-05-07 16:08:14,2018-05-07 17:30:52,2018-05-08 13:02:00,2018-05-09 19:33:11,2018-05-23 00:00:00
708819b15b92924c2b0045e5e0a41c5a,db1391f5393765bd6ca2ebf18b16bdaf,delivered,2018-01-17 15:48:03,2018-01-18 02:11:37,2018-01-19 01:09:16,2018-01-23 15:42:37,2018-02-19 00:00:00
089fd8829f0bd7f98a1b98614c835dec,6bf5800109c2c615c79f5d43105f8f18,delivered,2017-05-25 03:26:40,2017-05-26 02:45:20,2017-05-31 07:43:57,2017-06-12 12:44:57,2017-06-19 00:00:00
1afefea8a6500c83df5bfc6e4f2eec4a,4daaa55d5d0c4a008456666b94e9506a,delivered,2017-08-04 21:20:54,2017-08-04 21:35:11,2017-08-07 18:45:53,2017-08-17 18:12:45,2017-09-12 00:00:00
8d2d2c7afdbd8bd1642c89d8526a2890,57d3dcf9e155e9e027ccfe489f872324,processing,2017-09-19 16:56:43,2017-09-20 02:35:05,,,2017-10-10 00:00:00
045e0b29f969d5cd3bf5ca04087a4af8,17eea6ff0e376f0b4aa18753bab227c1,delivered,2018-08-06 22:58:06,2018-08-06 23:10:11,2018-08-07 16:29:00,2018-08-10 12:55:23,2018-08-17 00:00:00
24161cb9857591fc2fe821db0c4dd3b0,25aa953a41b1d732851dfba730552158,delivered,2017-11-20 14:49:53,2017-11-22 03:13:23,2017-11-24 18:09:15,2017-12-14 10:21:52,2017-12-19 00:00:00
f96a9dc2a80bc15f23751cd2bb4f9029,92470b5b967407fa22b4790f46c90939,delivered,2017-06-06 17:52:07,2017-06-06 18:05:24,2017-06-07 13:01:22,2017-06-16 17:26:35,2017-07-07 00:00:00
468edfd1aeeeef023e6bba4943f2cdfb,0dc19211283195b22b2c945bd5b0acd7,delivered,2017-12-06 09:50:09,2017-12-06 10:13:07,2017-12-13 19:13:26,2017-12-29 20:16:53,2018-01-09 00:00:00
041cbce90c076b8e9eb9f79112a59899,e38db46321e8a8652cba6569860e5902,delivered,2018-03-24 21:26:30,2018-03-24 21:47:39,2018-03-27 20:44:32,2018-04-05 18:48:26,2018-04-19 00:00:00
c1dc2aa07165a0844cc6a68cebfeae67,f7302cd809752f03603a30e3ee06696a,delivered,2017-03-05 12:57:38,2017-03-07 04:25:17,2017-03-07 12:58:14,2017-03-09 07:52:41,2017-03-23 00:00:00
8c9e1d21a726356a014631e7339ac1c8,1d2fb9f421b86873f5f7604e48b4cd5f,delivered,2017-03-21 21:35:11,2017-03-21 21:35:11,2017-03-23 15:22:33,2017-03-29 18:43:05,2017-04-17 00:00:00
ebfd75154f8fdbc98038250a80a41875,746df46c283df87d8ffc0ac45309b6cf,delivered,2017-04-26 09:34:47,2017-05-01 22:32:53,2017-05-04 15:59:01,2017-05-10 15:38:49,2017-05-15 00:00:00
28dc400a3035ba60273edf910c7c05f4,2ccb9ee4137ad183fc9df5261f3cb7de,delivered,2017-10-25 13:15:45,2017-10-25 13:28:30,2017-10-26 18:15:10,2017-10-27 14:23:33,2017-11-07 00:00:00
8e111be7da8066764ce7894bc1623c69,e99b57de043eefbcc281b620254afd25,delivered,2018-06-23 13:25:09,2018-06-23 13:55:35,2018-06-25 12:48:00,2018-06-28 20:49:30,2018-07-16 00:00:00
210bc4b9c2323ee8e4e138be5ba0a9ef,77abfb6aeb8006c4ae021f20ad8ad3cd,delivered,2017-12-04 21:31:08,2017-12-05 09:30:56,2017-12-06 13:33:04,2017-12-18 22:14:44,2018-01-03 00:00:00
b88187e3e61e2aa58b398415c2d2d4cc,62cdc09fa361dffa1c33237c1d8c16ca,delivered,2018-07-18 16:52:03,2018-07-18 17:02:30,2018-07-20 10:21:00,2018-07-25 14:13:54,2018-08-06 00:00:00
5ab3ac23bb4fcf50895b04971819b545,dd71b45326e4054c81c9ebfdfad977e4,delivered,2017-10-05 10:46:07,2017-10-06 02:14:21,2017-10-06 20:12:29,2017-10-18 12:17:17,2017-10-31 00:00:00
471a20066d4855e0de2359824437be13,603d1bd1f37caeb4169f53c033dd8f08,delivered,2018-06-13 20:58:24,2018-06-14 02:57:39,2018-06-14 12:25:00,2018-06-20 13:52:06,2018-07-16 00:00:00
d4861d672cf3a6d906cb2451d9265211,976c466e2a94060328caf22c01f3eae4,delivered,2018-03-31 20:39:19,2018-03-31 21:27:44,2018-04-02 18:20:56,2018-04-10 13:41:59,2018-04-19 00:00:00
b072d6d510b1444975b212db037ab429,bf9756f8172240e70bdf6b8474b9f3ee,delivered,2017-07-24 15:06:24,2017-07-24 15:23:36,2017-07-25 22:21:40,2017-08-04 20:33:05,2017-08-16 00:00:00
afa3e30ab7bdc8d5e7770d1d189076a8,4fff8a3a48dc8d24921a70e133e4e411,delivered,2017-09-26 17:09:40,2017-09-26 17:26:24,2017-09-29 13:09:43,2017-10-06 13:42:33,2017-10-20 00:00:00
38dbc93c7cdcf9081f75b317967ce3b5,90c5f97f25eb2579a585217e3c53a6a7,delivered,2018-01-24 16:02:39,2018-01-24 16:14:33,2018-01-25 16:36:20,2018-01-27 17:08:55,2018-02-08 00:00:00
771ee386b001f06208a7419e4fc1bbd7,206c0fcc717333d169ff95933fb47341,delivered,2017-06-23 13:11:27,2017-06-23 13:25:19,2017-06-26 17:33:37,2017-07-03 15:59:46,2017-07-17 00:00:00
27de05cb2f75e456b01b2bab56fd8844,fb47721204e8a34767aee552bebf77c1,delivered,2018-02-24 19:17:22,2018-02-24 19:27:19,2018-02-26 21:05:49,2018-03-26 21:42:21,2018-03-27 00:00:00
a802ae0c41c749a4a9acbe8052f23105,6ebdf3a14409c4c45ec71c99087864c4,delivered,2018-05-27 13:37:04,2018-05-27 13:50:10,2018-05-29 05:54:00,2018-06-06 17:46:26,2018-06-28 00:00:00
ce101c122a22608be5d6ba81b4a08080,440e4758b251e98b20be22c8ad51ef8d,delivered,2018-07-25 09:01:55,2018-07-25 09:10:13,2018-07-27 14:47:00,2018-08-08 15:42:14,2018-08-13 00:00:00
f38bcea38944dc89223a23571a1207e5,ea15d85fe65df193ac50b5d8a9d50e6f,delivered,2018-07-24 22:36:15,2018-07-24 22:45:11,2018-07-26 11:54:00,2018-07-31 15:48:48,2018-08-09 00:00:00
65ac166c30ce56f69586b063209ba83f,f37d8e47c4050ed9d3aa6ac517c4e7a3,delivered,2017-11-10 15:26:53,2017-11-10 15:36:06,2017-11-13 13:34:43,2017-11-17 17:48:45,2017-11-30 00:00:00
00e63486fad9d24645c9c84ed77c15fa,d26415dbe622ef8eaf44c3c6e92ce1a7,delivered,2018-08-14 10:19:40,2018-08-14 10:30:39,2018-08-15 14:00:00,2018-08-20 21:58:50,2018-09-10 00:00:00
b88d53a015d4f2c2ca019f846a7f523c,b8863269e5fa3dc57a35d34991e25987,delivered,2017-03-23 17:31:43,2017-03-23 17:43:56,2017-04-18 14:53:47,2017-04-24 17:07:32,2017-04-20 00:00:00
8832736e69bda45d9e1c6f5a64e64517,c4066b67476566dd1be18bc92ed18b6a,delivered,2018-05-01 14:17:38,2018-05-01 14:34:15,2018-05-02 11:28:00,2018-05-08 13:05:23,2018-05-23 00:00:00
37a5204a049f51a78d2a3b22a808a779,ca9c542e0ee144807d875bc8702cecdc,delivered,2018-05-05 11:29:48,2018-05-05 11:50:40,2018-05-08 12:32:00,2018-05-12 16:21:07,2018-05-28 00:00:00
b9edb51e964553c82dd1cb214873cc32,9bb3ac159619d4e849349142a1aa33c7,delivered,2018-01-14 18:24:59,2018-01-14 18:33:24,2018-01-15 17:28:38,2018-01-24 16:59:40,2018-02-15 00:00:00
048d1e40afa8d75641833ebbb74f85b7,86bb630ecd16f9a56c9715b40834f460,delivered,2017-12-04 10:20:59,2017-12-06 03:31:06,2017-12-15 00:57:01,2017-12-20 22:35:36,2017-12-29 00:00:00
d3b17114bb5d12fd946e0bb2680ec2b0,afedfc4f973123fcb3db4d7981c211ad,delivered,2018-01-31 16:25:12,2018-01-31 16:35:35,2018-02-01 22:35:59,2018-02-27 01:22:46,2018-03-01 00:00:00
6a469666ec55c8ac48cca2b1160f10e3,583d0db4b92ff46b692dd229901ed449,delivered,2017-10-23 17:58:36,2017-10-23 18:14:26,2017-10-25 20:48:43,2017-10-30 21:43:02,2017-11-09 00:00:00
465e8161fdbe4ef42b3b8371bd96100e,0577d52683decabca06a622f44194638,delivered,2017-08-04 23:18:15,2017-08-04 23:30:16,2017-08-08 17:16:33,2017-08-14 18:34:03,2017-08-24 00:00:00
1f4dc97a6075ec55e785e55c4795a5fe,900d252388a6177a68f549e428fe667f,delivered,2018-05-20 20:16:42,2018-05-20 20:30:10,2018-05-22 14:00:00,2018-06-06 18:21:51,2018-06-19 00:00:00
8f89466a1d909284287823b13958cb5b,adef9269536e84c599b8ad8491be6475,processing,2017-09-14 09:58:24,2017-09-15 10:05:13,,,2017-10-25 00:00:00
ed263287962724d325200bb5bdc645ac,796aacb2684847829b6fb8ce7b927511,delivered,2018-07-23 11:50:03,2018-07-23 13:44:01,2018-07-25 12:39:00,2018-08-02 18:14:40,2018-08-20 00:00:00
6f0702d35ad394946ff1052b0c9f9667,9784b266de1f40b40b32233bed70b3af,delivered,2018-03-19 22:43:36,2018-03-20 22:48:07,2018-03-21 20:51:20,2018-04-30 21:38:59,2018-04-20 00:00:00
d0359a27da2f3d0cec9b39779d622b95,7f552dc815b50d2f24b3f709f2b1a71f,delivered,2017-07-23 22:31:48,2017-07-23 22:42:51,2017-07-24 19:05:40,2017-07-31 21:22:33,2017-08-11 00:00:00
7457d3d23917512e33d58f76c92b4508,17f569b832ebe61b0af0d5005f5fd6f7,delivered,2018-07-06 16:21:43,2018-07-06 16:35:10,2018-07-12 14:32:00,2018-07-20 17:28:25,2018-08-07 00:00:00
23eaa9100d479846141e3105e949df27,dbc1b010bbfd839359e6a3fdcdc33689,delivered,2017-09-17 22:24:00,2017-09-19 03:50:31,2017-09-20 19:39:49,2017-10-09 19:53:41,2017-10-17 00:00:00
c1ddb9a2ec3bae0156fed0df64910447,1a32b53faf914452175c5464561e8f85,delivered,2018-03-19 18:21:19,2018-03-21 06:48:03,2018-03-21 18:56:51,2018-03-28 19:44:37,2018-04-13 00:00:00
96099ba3b59c848cb4a6d677c929a136,6ab2063710261f746ac7ad58c7a8b29c,delivered,2018-03-27 10:44:22,2018-03-27 11:08:14,2018-03-28 23:11:13,2018-04-02 16:21:59,2018-04-16 00:00:00
731d09efba8a2040506f3097b149c979,b7594fafdd45711b75ec17b8d3585215,delivered,2017-05-01 20:04:31,2017-05-01 20:15:13,2017-05-02 14:30:01,2017-05-12 13:16:46,2017-05-23 00:00:00
406de5462666366ba69ee8d333eafc31,d023c6e72db6feaa3fe07734d7fdd17d,delivered,2017-08-06 13:09:40,2017-08-06 13:25:19,2017-08-07 13:24:44,2017-08-11 19:43:49,2017-08-29 00:00:00
80ec14a614e66dcd5fe4051fdeb620c9,0b607303227b58cbf5132b0107f083ab,delivered,2017-09-13 23:16:51,2017-09-15 13:25:39,2017-09-21 15:09:51,2017-10-03 21:54:04,2017-10-03 00:00:00
b23f0b276fa55094ad39dda33c542976,d9e2f992cd2607e140ce5bd507a2b8ac,delivered,2018-01-07 00:24:51,2018-01-08 07:08:23,2018-01-09 15:53:18,2018-01-10 19:05:40,2018-01-24 00:00:00
07be9bc8241fb542df3e10f395d5b412,620f2482e95e1b24c3c228e940f84384,delivered,2018-01-29 12:27:32,2018-01-29 12:52:14,2018-01-30 15:36:11,2018-02-14 22:04:20,2018-02-14 00:00:00
bbeb3a35e986d6a0f87217b567c99cd0,5ce6bccf8e7fd0fd5ee7fcb87cf857ba,delivered,2018-04-17 20:00:49,2018-04-17 20:15:18,2018-04-18 18:32:36,2018-04-23 16:08:41,2018-05-04 00:00:00
3c9979e0cd0acb648d666e573dd343fe,4fd85249a73ef3fe0633c37c5b597bb0,delivered,2018-07-11 01:12:39,2018-07-11 01:25:47,2018-07-11 12:01:00,2018-07-14 00:32:34,2018-07-31 00:00:00
c05d6a79e55da72ca780ce90364abed9,3b54b5978e9ace64a63f90d176ffb158,delivered,2018-05-13 13:05:02,2018-05-13 13:33:22,2018-05-14 15:17:00,2018-05-15 19:37:06,2018-05-24 00:00:00
4de2ebda8d694076106f0a5a3ebaab1b,25b1a4dce6e22c03b3f25ea737690e7f,delivered,2017-11-30 08:33:11,2017-11-30 08:53:15,2017-11-30 19:56:10,2017-12-11 11:51:37,2017-12-28 00:00:00
b3e9c25f3bb564b708bfaac8199cf13d,415639f216510164ef6642e993548dc1,delivered,2018-04-24 11:04:33,2018-04-24 18:53:33,2018-04-26 06:25:00,2018-05-10 17:26:50,2018-05-16 00:00:00
960f1dc42251b4fdfa41d260f5c8e3cf,8be8d722cdd8a15e382acd172a9ec9ee,delivered,2018-07-24 16:11:50,2018-07-24 16:44:12,2018-07-26 14:56:00,2018-07-31 21:59:28,2018-08-13 00:00:00
baff178d792fd40014fd024031a90fff,d5b6785ad0858259574a16b9a577d5be,delivered,2018-03-07 00:26:12,2018-03-07 01:20:49,2018-03-10 01:51:10,2018-03-14 01:03:58,2018-03-19 00:00:00
15ca98d5b78da3dda3626eb0ef55d3a4,4f50086cc2dcaa790e71e72171dda2e4,delivered,2018-03-27 20:20:25,2018-03-27 20:35:24,2018-03-28 20:58:50,2018-04-30 20:03:38,2018-05-09 00:00:00
a7b3d17383515918f57cc831f29bc8dd,749a862491fe2a84c7de73d5c8664b50,delivered,2018-08-21 12:27:17,2018-08-21 12:35:14,2018-08-22 14:06:00,2018-08-27 10:24:46,2018-09-03 00:00:00
c136ccb91ace39bbcdd1012fe2002d8d,7166de904d50726d46d0daa3a9b5028d,processing,2018-03-16 04:11:03,2018-03-16 05:25:25,,,2018-04-11 00:00:00
3a9b7fc0a15c9fa73132a03f59306bb6,dac766eabb1289d59cb88e34b1489db1,delivered,2018-03-25 20:30:55,2018-03-26 20:30:11,2018-03-27 23:28:29,2018-04-09 20:49:35,2018-04-12 00:00:00
3b35dfd8bf0ca772d83708ba283e1143,14fbd36fbe6c925943633de58361ca00,delivered,2017-03-04 22:40:12,2017-03-04 22:50:19,2017-03-06 14:41:10,2017-03-10 14:58:28,2017-03-24 00:00:00
c911e05e122d374b5c4e8af53751f999,44a822695079e8aceca4e0c1a7725cca,delivered,2018-06-03 23:16:30,2018-06-03 23:30:02,2018-06-04 11:25:00,2018-06-16 11:32:04,2018-07-18 00:00:00
4c70befde2c6046dcf77a680ae1f356f,6f0a892d966449f97df09f1024a47c3e,shipped,2018-02-11 13:44:58,2018-02-11 13:55:23,2018-03-07 21:46:41,,2018-03-22 00:00:00
5bb8d2fbca419676d395687e28f5263b,bff5a17c6a2c64100921da9fe9591a43,delivered,2018-07-12 12:44:14,2018-07-12 14:10:14,2018-07-13 06:52:00,2018-07-23 19:08:52,2018-08-01 00:00:00
4266ef14bd1c34c83c3c54ff7ad2f215,932ad206940b5c2214855afe95e16b24,delivered,2017-12-15 18:45:20,2017-12-15 18:53:25,2017-12-20 14:07:08,2018-01-19 19:46:38,2018-01-16 00:00:00
c3fa73017c4a172907d79669eda248d0,58830055981413a6c6eb3b4b45561b5f,delivered,2017-10-08 22:59:49,2017-10-08 23:14:53,2017-10-10 16:48:03,2017-10-23 19:47:09,2017-11-06 00:00:00
906866a791fe9017a3d218c44407d609,612ac88c129addd7fb064a64486765bb,delivered,2018-04-25 18:24:49,2018-04-26 18:31:56,2018-04-27 13:38:00,2018-05-02 20:12:32,2018-05-23 00:00:00
f92ef153ceb4a6db2572cc8f79dff479,832e0159bea501e0a4b1ff43edae6b4d,delivered,2017-08-31 08:55:41,2017-08-31 09:05:19,2017-09-11 20:32:41,2017-09-15 16:23:01,2017-09-19 00:00:00
8927ff5642f163b8ea13371f33cca0f8,88e865cdbf3c499bd2c69dd3630a5276,delivered,2018-02-02 12:10:50,2018-02-02 13:15:25,2018-02-05 23:59:45,2018-02-16 14:15:04,2018-02-26 00:00:00
401aaeb144fdc31e60486809bf917ce5,57ae561786f80b4c665519e147319629,delivered,2017-05-21 12:02:55,2017-05-21 12:15:42,2017-05-25 15:18:06,2017-05-30 18:46:06,2017-06-09 00:00:00
e485cebb1f3688deebd5e6ed3d5c18b5,70221a6e1af9e3ef492ab43ef81b6f5f,delivered,2018-01-08 21:59:49,2018-01-08 22:34:21,2018-01-10 18:18:40,2018-01-11 20:48:47,2018-01-26 00:00:00
b188c4dca07dd4ef80ba8ffa4d67e585,a6b14e96a2ff0feb2a461f8e6703327d,delivered,2018-04-29 15:05:35,2018-05-02 09:15:15,2018-05-04 14:21:00,2018-05-09 17:28:47,2018-05-23 00:00:00
4aed2e7583609a6a24a9fb2c7b6403f2,344e41976193f655e5ca2fdf1a9352c0,delivered,2018-01-06 07:36:07,2018-01-06 08:33:03,2018-01-08 14:43:12,2018-01-18 22:26:52,2018-02-08 00:00:00
08b1c04da876c66dc6f09acfd8d12f4d,c513203fe6e98698871cdf652700f459,delivered,2018-02-20 15:54:32,2018-02-20 16:11:02,2018-02-23 20:04:16,2018-03-01 20:09:16,2018-03-15 00:00:00
6f1ea17aaf0660f7eea41df1f6fc9e27,ed55ec2e2dfb8c29e07a1bf61cf889e5,delivered,2017-04-21 14:44:38,2017-04-24 13:35:16,2017-04-26 09:22:18,2017-05-16 10:53:03,2017-05-11 00:00:00
3188b88d4562d627bf472b5a3655237c,f91d5b6a4afce55008c258f1b62d8af9,delivered,2018-08-13 13:17:01,2018-08-13 13:25:15,2018-08-17 11:19:00,2018-08-22 21:42:29,2018-08-31 00:00:00
b9f0e07d0b6d46a0c40cd3950a8cbeff,b4533ea6278d554a6be38cd324930625,delivered,2017-08-09 11:56:53,2017-08-09 12:10:21,2017-08-10 18:17:25,2017-08-18 16:26:38,2017-08-31 00:00:00
e79e5fa889ba35a56c0155d5a447857c,fb4a17cce3735ae695019b8ec47c9ab8,delivered,2018-07-07 16:45:56,2018-07-07 16:55:23,2018-07-09 07:09:00,2018-07-12 15:44:33,2018-07-31 00:00:00
e352ff9f2e0ad057b6ce41cc5a662991,bc9c9f7f6fe29481bb9f4e64342fb7eb,delivered,2018-01-26 15:45:51,2018-01-30 04:31:20,2018-02-06 19:04:32,2018-02-27 17:09:45,2018-03-02 00:00:00
0c7eb5879f5e105bea55f6edcc70659c,2fc45a32ba781f1dbcc89fe684246a42,delivered,2018-06-26 20:06:50,2018-06-28 02:15:42,2018-06-29 19:01:00,2018-07-02 14:51:36,2018-07-12 00:00:00
41af28fe8d828495ccf17c4a26e177f8,b61b31a4b4b06a01b674b4a23d4d65b1,delivered,2018-01-12 23:07:35,2018-01-16 03:50:06,2018-01-17 15:29:15,2018-01-18 19:22:41,2018-01-31 00:00:00
028b18bcd128b49e2982741f83b78e77,049e1221c498aac9230d750151d75706,delivered,2018-08-10 21:54:51,2018-08-10 22:05:12,2018-08-13 15:13:00,2018-08-15 12:23:43,2018-08-15 00:00:00
ec2315063d220f8b9a807f21b35c2928,6d384ee3b15cc25120b4820bded9e13c,invoiced,2018-03-01 19:31:55,2018-03-02 02:29:47,,,2018-04-02 00:00:00
7e55ef94fac22db04217abf106e9758a,ca4d497fb0472b44b77b03f40e83c670,delivered,2018-03-06 15:43:53,2018-03-07 02:49:10,2018-03-08 14:08:35,2018-03-22 17:51:48,2018-03-28 00:00:00
b75f08abdc3042ede58bdbbf3f4f7a52,219c684533c856c18d3d31208ece446c,delivered,2017-11-16 15:09:26,2017-11-16 15:26:56,2017-11-20 14:33:03,2017-11-29 01:16:45,2017-12-08 00:00:00
b6d7ff9193e91d57a1f501ba1ecc9536,88939fbeb041042ba1af676b28681683,delivered,2018-03-20 10:08:18,2018-03-20 10:28:15,2018-03-21 18:51:28,2018-04-04 14:21:26,2018-04-06 00:00:00
ee28bb4fdf5a8603f545d312ff67c2e6,444999b7c8ce7c3a13ef53690b547753,delivered,2017-12-24 08:21:30,2017-12-24 09:00:24,2017-12-26 18:52:11,2017-12-30 12:34:44,2018-01-23 00:00:00
70110517388311cb851a9e9ba1d499cc,69c4b9f1119fe6220b93e9e6c8cda814,delivered,2017-10-05 21:04:37,2017-10-05 21:15:10,2017-10-06 20:33:44,2017-10-16 18:05:03,2017-11-09 00:00:00
f8b158fb8ab6cc090f0746a1eabd2e01,9c0c58af21e19302f4921f5e3f103614,delivered,2018-06-11 15:37:25,2018-06-12 15:47:55,2018-06-13 12:46:00,2018-07-03 20:51:59,2018-06-29 00:00:00
bab2b00c7dda561a8e77047d346f36cc,27b939024664f89f9ed6d687e1265de0,delivered,2018-06-06 08:58:02,2018-06-08 02:56:09,2018-06-14 16:02:00,2018-06-24 13:07:43,2018-07-25 00:00:00
b72f6afc986ced9a7b3ec827c073cb7f,a73dc23db3fd985d191e316fea29138f,delivered,2017-10-02 12:53:52,2017-10-02 13:07:36,2017-10-06 17:07:22,2017-10-19 19:07:43,2017-10-18 00:00:00
b18c7057bf0a8cf25032b7dc0a680796,6d28f0fa1646cf572c403bae21daea20,delivered,2017-09-25 22:13:40,2017-09-25 22:29:18,2017-09-27 19:03:47,2017-10-06 19:34:05,2017-10-23 00:00:00
50de76b6e07161441556b571d4e85248,44624c889935b95b1b070efaa459de42,delivered,2017-02-18 17:43:04,2017-02-18 17:55:19,2017-02-20 12:44:09,2017-03-01 13:47:59,2017-03-30 00:00:00
3788099435cbdafabe329e9228e70588,532e7743ee71036229bbcd93efedb616,delivered,2017-09-10 18:39:51,2017-09-10 18:50:15,2017-09-12 17:57:18,2017-09-21 19:43:07,2017-10-02 00:00:00
354f62589ab0a15eb57e820d6fcbe9b5,ff51b92babcec282546c7ccf5c36adb3,delivered,2017-03-25 21:18:49,2017-03-25 21:25:19,2017-03-27 10:20:04,2017-04-04 12:55:16,2017-04-26 00:00:00
7f59962b8f02ca840674b28f1b9cda2b,ed960019adef94c49b1239970f74b604,processing,2018-03-12 15:45:41,2018-03-12 17:03:05,,,2018-04-06 00:00:00
bab6d565d15cd0e292a67fb901aab300,dd7fd23e665b40be0b227cdd2b179046,delivered,2018-04-09 22:49:59,2018-04-10 00:31:45,2018-04-11 20:03:12,2018-04-25 17:51:44,2018-05-03 00:00:00
030e234a82944425a6f46d5b2552b848,025ede66ec5d6ac9bbb393875dd71fa5,delivered,2017-03-06 16:37:16,2017-03-08 02:43:13,2017-03-10 15:16:22,2017-03-30 14:48:05,2017-04-06 00:00:00
7bddd9e6b1537e5eddb67e890e80119b,3c6aa574da9394f71e671be146e0ad79,delivered,2017-07-19 22:05:28,2017-07-19 22:15:24,2017-07-20 18:26:24,2017-07-26 17:29:47,2017-08-08 00:00:00
85e7df94996cce9657127b63f379ac14,bc7342cd2513951daf6234923692eb2d,processing,2017-12-15 18:18:38,2017-12-15 18:32:35,,,2018-01-18 00:00:00
6e58a0efc826a4a4fd29592260be773d,288afe31ee5049731be93138431905a4,delivered,2018-03-27 20:22:54,2018-03-27 20:35:20,2018-04-02 15:48:36,2018-04-06 19:13:29,2018-04-19 00:00:00
236ac812debfa147da2a0e46eb8498f3,dc7cfdba05837cc07d53bf3e8ed07da5,delivered,2017-05-31 18:30:10,2017-05-31 18:42:30,2017-06-02 12:37:01,2017-06-14 12:18:58,2017-07-07 00:00:00
fa87437f971fce498b2184cd2401e23e,71ebe0889c5ef604bd7281ecd5159045,delivered,2018-02-06 11:07:38,2018-02-06 11:31:24,2018-02-09 23:09:40,2018-02-20 15:29:26,2018-03-02 00:00:00
913677abacbcdc2b2f18b3ec362a0cdd,621c4375f33e843ba4111a6fc493fd0d,canceled,2017-04-09 11:42:18,2017-04-11 03:45:22,,,2017-05-16 00:00:00
e124c7322cefdb43a61f072bedd00e64,da3cd2f77201ba1fb0637d3a485e9ffd,delivered,2018-07-30 08:28:12,2018-07-30 09:04:43,2018-07-31 12:30:00,2018-08-01 15:17:48,2018-08-13 00:00:00
2853618de7610a6cb28d21b99bbb4dfe,1c656e83baed5d0044cf64449d4d4d39,delivered,2018-01-27 21:20:17,2018-01-30 04:31:08,2018-01-30 20:18:40,2018-01-31 18:38:58,2018-02-19 00:00:00
8783894e49c4c084d21c71b16a5aa83c,371ff128ab740c6a5d7e608520ef898d,delivered,2017-05-15 14:30:03,2017-05-16 03:15:14,2017-05-17 12:48:40,2017-05-19 13:42:09,2017-05-30 00:00:00
ad7957c1cde1dae009b1fc01e3e02758,56622505c5b8e35701af6c6a4f0d8e9b,delivered,2018-07-23 09:34:18,2018-07-23 14:31:43,2018-07-25 11:07:00,2018-08-05 15:58:41,2018-08-13 00:00:00
f0ab33ceba10623b929d52fe23fff27b,88ee40a99bacbe60eb2db44b445a83d9,delivered,2017-04-13 14:44:33,2017-04-13 14:55:14,2017-04-17 11:28:00,2017-05-11 11:21:25,2017-05-19 00:00:00
9a6c669a7f59b8d550c7a68fb1ab559f,39fd098f1a76afc1079eeb62ee924bef,shipped,2017-07-06 17:56:50,2017-07-08 03:30:39,2017-07-11 13:09:03,,2017-08-01 00:00:00
9dcac4ea4003e5185ee8b597ee1f8854,8cf82313e7b03288264521546f4f1368,delivered,2018-02-25 20:49:20,2018-02-25 21:08:02,2018-02-27 16:44:14,2018-03-16 01:13:28,2018-03-22 00:00:00
f72322b96b8a40b181a18018f99d72a4,7bb6a23f2b03aba1d9a3dc4c81610a15,shipped,2017-08-28 20:12:09,2017-08-28 20:25:16,2017-08-29 17:57:11,,2017-09-08 00:00:00
465e367896219452ecc8d8dc02f61531,68f1d888d94100d13b58f401de3bb5b4,delivered,2018-07-13 09:12:43,2018-07-13 09:26:52,2018-07-16 15:08:00,2018-07-20 18:38:33,2018-08-08 00:00:00
71e6174ecee5b2562945b98c5fa17cd4,1421cb63f0a9dedc0c36b0b96bb60ec5,delivered,2017-03-22 14:57:30,2017-03-22 14:57:30,2017-03-24 11:37:22,2017-03-31 16:14:43,2017-04-12 00:00:00
4cd2e432faef34e3616ec529f1106de6,0ffcb297c971a2b8822d8feb8af90b06,delivered,2017-09-02 11:41:55,2017-09-02 11:55:22,2017-09-05 20:32:20,2017-09-15 21:05:04,2017-09-26 00:00:00
07ddc871675f337ce763af5edb521194,a7f4d7516b7cacd6f05cd98e355dac0f,delivered,2017-11-01 14:50:41,2017-11-02 02:16:26,2017-11-07 19:09:34,2017-11-14 21:02:24,2017-11-29 00:00:00
f2c0317eedcc292f3a4f356cf92d506d,edd6907574d4a158ecd03f912804d444,delivered,2017-08-19 16:13:20,2017-08-22 03:45:50,2017-08-23 13:53:25,2017-08-28 18:14:24,2017-09-12 00:00:00
b51dbc584d8ff7bbe0141e28cd79eca6,f4891489f2c2b3f48b045142a066f3e2,delivered,2018-06-02 16:15:25,2018-06-02 16:30:28,2018-06-06 15:04:00,2018-06-11 21:27:30,2018-07-13 00:00:00
1c8b263f87762441df110e591a206a08,91d93e467ff37dc75fc4d686ec154564,delivered,2018-05-02 17:51:45,2018-05-03 04:33:09,2018-05-04 13:19:00,2018-05-15 23:38:32,2018-05-29 00:00:00
597c2563d00470ca79904967e0cd6595,cb03cd9878a7746a45adcbf027f2098a,delivered,2018-08-22 19:14:34,2018-08-22 19:25:18,2018-08-23 12:33:00,2018-08-24 14:13:43,2018-08-29 00:00:00
724cdea7dfe5a52ad3c931f0c0f6f1bc,f6a8b9bb1d8bac01fb6b967c3ab340c9,delivered,2018-05-18 15:48:45,2018-05-19 02:58:47,2018-05-21 14:40:00,2018-05-23 19:33:17,2018-06-07 00:00:00
8fbf517bc59cdd9b55f8237c4ee16cd5,bd5852c13e8543119a12965cbd4e47d5,delivered,2018-06-17 19:03:40,2018-06-17 19:15:15,2018-06-18 15:05:00,2018-06-26 20:21:26,2018-07-11 00:00:00
9e5fb230df649a8014388ee2cba9d347,610886edefcf1ab6711acc4e94f45637,delivered,2017-08-03 18:50:00,2017-08-04 02:25:35,2017-08-04 16:19:32,2017-08-10 21:17:35,2017-08-28 00:00:00
d24633e7c227ea7a234d568eefb493a9,0831a589bfb84d7db1725b029edd19af,delivered,2017-09-23 23:59:42,2017-09-24 00:24:40,2017-09-27 19:27:31,2017-10-04 22:14:47,2017-10-19 00:00:00
e8aed7e2732f05f26379ccfdd493be62,d1979341a7c0fd4450d615a231819e6f,delivered,2018-03-08 11:43:03,2018-03-10 03:35:38,2018-03-20 00:17:19,2018-03-29 20:13:53,2018-04-02 00:00:00
82f24cd9edb3455aa561fb4553ab5d1e,a6197099b792b7e384d9b1a760b575a6,delivered,2018-05-12 15:22:12,2018-05-12 15:42:29,2018-05-15 15:19:00,2018-05-17 15:12:28,2018-05-24 00:00:00
850f385057143a59fdc6840f5fb58c63,fceaae36ccd575ed9807e3b17cb4e95d,delivered,2017-11-24 16:07:06,2017-11-25 05:38:23,2017-11-30 18:17:14,2017-12-08 23:45:42,2017-12-19 00:00:00
ee514292cc5c49e7bb2856b564c4188f,5844ae86baf505b082338964c8879d80,delivered,2017-12-20 11:07:49,2017-12-21 02:11:22,2017-12-21 20:50:06,2018-01-03 21:56:02,2018-01-22 00:00:00
429c8e72bb984330b65c6050435242d1,f7991f9eb5f023c7c314de4987596618,delivered,2018-04-05 18:28:35,2018-04-05 18:49:30,2018-04-06 23:04:16,2018-04-18 21:27:48,2018-05-07 00:00:00
934b100257c7c0efcf161c10c6353375,ab6548be346a683e92de267f21494083,delivered,2017-02-14 22:26:09,2017-02-14 22:43:22,2017-02-15 09:25:47,2017-02-20 07:03:00,2017-03-13 00:00:00
ec706e6ca42af828f8d9d2495e6c39c3,658037bc7cda7648d937d19265234193,delivered,2017-11-17 19:42:16,2017-11-17 20:31:03,2017-11-22 19:21:51,2017-11-29 23:54:32,2017-12-11 00:00:00
c48353f98f3f116ad6700f2b9539d685,7e5fade430af7a65ea25a95202d97b86,delivered,2018-06-19 12:18:11,2018-06-19 12:37:40,2018-06-21 13:48:00,2018-06-28 20:28:28,2018-07-25 00:00:00
110ac0768c3e3a78e2937b1cb1ea3395,770d7945efb2aa13cbcf28eb7a353def,delivered,2017-06-09 08:49:04,2017-06-09 09:05:16,2017-06-09 10:29:26,2017-06-14 14:46:53,2017-07-04 00:00:00
e800de8b707b17c4fbe19fd465346dea,b65fc28ad254f61c3fec97d5a3c021de,delivered,2017-09-21 13:30:51,2017-09-21 13:44:11,2017-09-26 15:49:39,2017-10-06 20:09:32,2017-10-19 00:00:00
77d4ac706d235e72b62b7431fb2d9ee3,9c31813dad0c6a85c3fc5ae81aadc0fe,delivered,2017-06-25 16:32:29,2017-06-27 04:23:13,2017-06-27 14:03:20,2017-06-28 14:02:45,2017-07-13 00:00:00
585bfc58c577f0e1deb3d9b49fc7535e,4674699db4b6cde2515658ac74224f8a,delivered,2018-07-05 08:39:09,2018-07-06 05:10:52,2018-07-06 09:31:00,2018-07-12 11:51:36,2018-07-27 00:00:00
4dbf86293d77684dcfb5161dbba4f188,f334ce82209ad528c27324fbd3b5dbe2,delivered,2018-03-07 18:19:56,2018-03-07 18:30:48,2018-03-08 19:22:40,2018-03-09 20:08:36,2018-03-19 00:00:00
a459432bc27a00685ec5bec4367f56f4,6e6795552714215c0204565bb50fc7d2,delivered,2017-06-20 16:45:03,2017-06-22 02:42:59,2017-06-22 18:27:40,2017-06-26 13:03:55,2017-07-14 00:00:00
f483c3a05f63d1b1c82df2e3a91e5d86,14473818b93e71b730b41049b8ab405a,delivered,2018-06-10 01:24:42,2018-06-10 10:58:14,2018-06-13 12:50:00,2018-06-27 14:51:57,2018-07-11 00:00:00
6a0b5fb923f32eb89950ee634a00bcab,4bdfe94fb04b8754cc3a5f283e26db9d,delivered,2017-04-30 13:49:04,2017-04-30 14:02:24,2017-05-04 07:56:26,2017-05-16 17:24:46,2017-06-16 00:00:00
02358a9949662b292e80635305dea78b,e69e27216b375e2c7e1be6298b051bf2,delivered,2017-05-15 16:59:19,2017-05-17 04:05:19,2017-05-17 09:52:11,2017-05-23 14:18:00,2017-06-19 00:00:00
9f632adcd34b1ead76a916ea1a887c9c,fae23e689afbb8d92d69b409b4d2df7b,delivered,2018-07-10 11:29:48,2018-07-10 11:45:32,2018-07-11 11:34:00,2018-07-16 14:37:39,2018-07-24 00:00:00
164c38e37faa19dde7906b9f357aca41,ba15d2abe9d748ca9cae18cd1cced72c,delivered,2017-04-29 14:26:02,2017-04-29 14:35:17,2017-05-02 09:34:37,2017-05-08 15:03:56,2017-05-29 00:00:00
2e6970c36c93d1de80a4b1ab87ac9554,c9560966250c77e7117b49e92b647ebf,delivered,2017-06-04 18:49:40,2017-06-04 19:02:24,2017-06-09 20:22:52,2017-06-22 13:02:55,2017-06-28 00:00:00
9934f2be60d7992700e66e947ebb8d07,cffc1605fbd8f27a7b74170511a65263,delivered,2018-02-04 21:40:55,2018-02-04 21:55:28,2018-02-05 19:26:41,2018-02-23 00:45:23,2018-03-06 00:00:00
ab69614515dc55d284aff7e3ab4a1c97,72753285b680041dea010790612a9751,delivered,2018-04-11 17:57:53,2018-04-11 18:11:00,2018-04-12 20:15:22,2018-04-20 02:08:25,2018-05-15 00:00:00
44da5f6639e6db4190b643017e264022,a41a44bd65ce55bd82c4c75188916733,delivered,2018-06-19 10:52:28,2018-06-19 11:18:45,2018-06-19 10:53:00,2018-06-26 19:21:37,2018-07-18 00:00:00
8db4732513ea9f79910c0de430ec946d,60eb5592a7ccf23d366c5897278f5d6f,delivered,2018-02-26 18:36:40,2018-02-26 18:50:52,2018-02-28 16:24:52,2018-04-11 16:05:45,2018-03-23 00:00:00
e1ecfe26de4293cc0e26bac6c0359f09,4ef218a12818dd5526da5dd679987396,delivered,2017-09-22 19:38:21,2017-09-22 19:50:20,2017-09-28 20:13:03,2017-10-11 18:21:46,2017-10-18 00:00:00
ae917963181c56c14f8d0e873b1588ac,c09f8cdfa1c0e9d5ce962948b1a4f3be,delivered,2017-01-17 16:47:13,2017-01-18 02:10:29,2017-01-18 09:07:53,2017-01-27 14:54:59,2017-03-09 00:00:00
999f2c3acec30e9b25d21ef56a233e45,544dd9e02b01648bfd3152513f08fbb5,delivered,2017-06-15 22:28:02,2017-06-15 22:42:42,2017-06-20 11:14:50,2017-06-30 14:48:44,2017-07-10 00:00:00
ee0bc21fad473e058d1c514663bf0a74,39bb94af240cb108d95e5d33836c21bd,delivered,2017-05-02 20:31:41,2017-05-03 15:15:17,2017-05-05 09:26:05,2017-05-12 11:49:39,2017-05-25 00:00:00
fb7b22bb2a29860909a25f91510e4292,c0ba81c65bd30a9c04cd3650c0dbed36,delivered,2018-08-22 15:50:50,2018-08-23 02:45:19,2018-08-24 19:02:00,2018-08-27 17:11:39,2018-08-30 00:00:00
f65681ae52bf95372fcd66c697752f3d,eb47fece1267f094ec35bc6efb35b9a6,delivered,2018-06-15 00:41:04,2018-06-18 10:33:32,2018-06-25 12:56:00,2018-06-26 21:18:51,2018-07-04 00:00:00
7513aa221a63febb0ca189d24474e893,c7b7916c136129f52f612c5ea89c4526,delivered,2018-06-22 08:24:38,2018-06-23 01:40:01,2018-06-25 15:27:00,2018-07-02 15:22:59,2018-07-25 00:00:00
eef6b4895c4293f0b17e5fff1bac3c2d,c1254dd182176b5a248a2ef49537d3d3,delivered,2018-04-12 09:47:47,2018-04-13 12:34:06,2018-04-16 14:52:36,2018-04-25 14:56:35,2018-05-15 00:00:00
ea95fbd737e51563fea85200471ce4d6,69ceea521dde4ffa999e3dee362d658a,delivered,2017-09-18 21:56:27,2017-09-19 03:55:31,2017-09-20 16:03:00,2017-09-25 17:23:54,2017-10-09 00:00:00
531752ff49fa411d865ecde8cce5c7ee,6bafcf687afcf7e1c6417df859337ab2,delivered,2017-12-29 20:19:35,2017-12-29 20:29:22,2018-01-03 20:43:50,2018-01-08 21:54:10,2018-01-18 00:00:00
abe6c06151a1d6382d63f49beb812f40,78ed91ece755bad86236f7121af3f6c5,delivered,2017-11-27 13:29:31,2017-11-28 03:20:15,2017-11-28 21:03:19,2017-12-06 00:58:58,2017-12-29 00:00:00
0fcc817e41a60bbb439c5ce638f62f31,4915fcdf1fb75815bfaec49283fa4ec0,delivered,2017-09-29 15:43:08,2017-09-30 16:21:12,2017-10-03 13:22:47,2017-10-16 19:35:57,2017-10-31 00:00:00
88103bcbd13a5c9370870d086a609e1c,b70f7403a4a948591a710e973feaad27,delivered,2017-08-23 16:42:46,2017-08-25 03:05:35,2017-08-25 19:57:27,2017-08-28 21:48:44,2017-09-05 00:00:00
bd7a1572f0c329c9fa884396b3ac374b,ac9c40f688756c1d28e5a60845487208,delivered,2018-01-01 15:27:17,2018-01-01 15:38:28,2018-01-02 22:27:48,2018-01-19 00:04:32,2018-01-29 00:00:00
dcab23fe1f0afbe711b3092b6552f03b,1737ded16c1fb6e7d2929ec527fa129d,delivered,2017-08-31 19:57:26,2017-08-31 20:05:39,2017-09-01 20:57:55,2017-09-13 18:38:53,2017-09-25 00:00:00
589673b4d98b5c40931ac6a6ff6f3416,96730a0e560b264051f2647442c048bf,delivered,2018-06-13 16:07:23,2018-06-13 16:38:56,2018-06-14 13:30:00,2018-06-25 13:12:47,2018-07-18 00:00:00
8fae71b6f454805690863b38407497c1,81a4fec9d1b3fc489c2357e7f24cc528,delivered,2018-04-09 11:43:16,2018-04-11 05:50:15,2018-04-25 14:05:00,2018-04-26 18:04:26,2018-05-02 00:00:00
13ef6b72bc3af6724e7d53bd84019b24,ea361251491228e4d24754e2d33b30e7,delivered,2018-06-15 10:58:15,2018-06-15 11:22:37,2018-06-18 10:57:00,2018-06-25 23:41:54,2018-07-13 00:00:00
a5376eacc65c47eeceb1e796b6c2600d,8d93c5dc4b7da51748b61df561bf1a67,delivered,2018-01-21 15:15:07,2018-01-22 13:52:40,2018-01-23 23:26:35,2018-01-25 19:13:27,2018-02-06 00:00:00
ed130bb10da75cd0720fccd02487fed4,b0beebf7e9ddfadcc371f4b51f60d848,delivered,2017-04-18 16:12:20,2017-04-18 16:22:06,2017-04-20 15:47:40,2017-04-28 09:44:55,2017-05-11 00:00:00
4316640980023505d9d103d3040a85a5,0702faf732d0bf1539d8808806133ab0,delivered,2018-01-07 08:31:39,2018-01-07 09:31:24,2018-01-10 18:37:18,2018-01-11 20:10:11,2018-01-24 00:00:00
6ea5512a5c86fbad911fe650286caa81,601e6917d565f2eefc44448851e9a6da,delivered,2018-02-25 14:47:46,2018-02-27 04:31:19,2018-02-28 20:08:54,2018-03-24 17:48:24,2018-03-19 00:00:00
ab8f85575996e2f61235b8943be55eb9,4ccacb86ae95c3d9da2f5ff35bafa155,delivered,2018-07-13 21:39:22,2018-07-13 21:55:16,2018-07-16 14:25:00,2018-07-23 17:46:04,2018-08-01 00:00:00
9e2d7c69ae2f140294bc580b09100d87,9f813f104df6eb4e42db39a0e6f4aa92,delivered,2018-04-25 14:47:57,2018-04-25 15:12:04,2018-05-02 14:27:00,2018-05-09 17:27:06,2018-05-18 00:00:00
9d32c5c773eba34ff2453be229a53ca9,906fe65de139f2901f158fa1b79263de,delivered,2018-02-28 15:57:50,2018-03-02 02:29:52,2018-03-12 17:46:48,2018-04-25 19:05:01,2018-03-22 00:00:00
dca63a291edb901f4f560bb6208e918d,5495ba682f40bc95e925273f8db0c169,delivered,2017-11-14 14:40:47,2017-11-14 14:55:45,2017-11-20 21:52:56,2017-12-04 21:37:32,2017-12-08 00:00:00
79efd318aeda850bdd05b3ae35392653,87aa30e83f7c52f5863d1437d17e27f3,delivered,2018-04-19 19:53:47,2018-04-19 20:10:55,2018-04-20 17:19:11,2018-04-23 22:47:46,2018-05-04 00:00:00
67d1681c8bb9f9eb28f2a9beb44b8636,e318ac5013fe7085087153196649820d,delivered,2017-09-18 21:23:58,2017-09-19 21:30:13,2017-09-20 16:06:02,2017-10-05 16:34:17,2017-10-06 00:00:00
0fdb712fc648aa524966c0a442999bf7,4e0c05acaaaff233a4a551dc27c673be,delivered,2017-09-11 21:49:04,2017-09-11 22:10:28,2017-09-13 14:05:12,2017-09-16 12:27:54,2017-09-27 00:00:00
ceb9cfd5bb1caf536006196e9469e396,0ec772ec9c9b8134fbdecec2ff589336,delivered,2018-02-16 16:40:34,2018-02-16 16:50:30,2018-02-19 22:24:57,2018-02-27 17:13:15,2018-03-12 00:00:00
28f8288537a74aeec728c4d0119a3632,753f04c687e206d194a80881790877e6,delivered,2018-01-04 10:54:39,2018-01-05 10:47:48,2018-01-08 18:58:17,2018-01-16 20:03:56,2018-02-07 00:00:00
69141ed42ca63dfb205e837853313f13,5319964bd13d9e450e93061daafc6841,delivered,2018-06-15 15:55:16,2018-06-15 16:19:32,2018-06-19 13:40:00,2018-06-28 20:08:37,2018-07-16 00:00:00
dd13617f642718bd4cdc450d197960f9,88cfdf24cd7c7e09f64d5673857f7ca7,delivered,2017-03-17 20:28:33,2017-03-17 20:28:33,2017-03-22 09:48:04,2017-04-17 15:44:48,2017-04-26 00:00:00
a700a71ce6a78eecc8bd76f967f63f2c,1011d7384455824a569ca7580acf4fa9,delivered,2017-12-03 13:07:59,2017-12-03 13:16:18,2017-12-05 01:06:32,2017-12-19 21:17:02,2017-12-27 00:00:00
1d91296bc62c8df68ebaddb299a5a5da,6f9b814ed01d15962e4b2e7687a85d58,delivered,2017-11-06 09:57:24,2017-11-06 10:10:30,2017-11-09 14:13:01,2017-11-21 18:32:26,2017-11-29 00:00:00
fe437c0788b9f47d5ec164c87988cbae,d3de790e516d9c92c74ddffad4a48fbd,delivered,2018-07-22 10:37:51,2018-07-23 11:30:47,2018-07-23 15:23:00,2018-07-26 18:52:34,2018-08-06 00:00:00
dded122457c91045beb553240544c05b,f937f2a1f113cb765b295e551d35e26c,delivered,2017-02-27 18:51:34,2017-02-27 19:05:07,2017-03-02 16:08:35,2017-03-10 08:46:15,2017-03-24 00:00:00
0309a18e1e836baa9cd7289da085b4e1,899c69dce4b87e4000245330abc6ea13,delivered,2018-05-03 20:13:48,2018-05-03 20:31:06,2018-05-09 13:43:00,2018-05-11 19:45:35,2018-05-18 00:00:00
142b0e3de54c110a3109b26c79d6ec2e,91c72356a1fc125b59e0da51ec66bd74,delivered,2017-07-02 20:47:23,2017-07-02 21:03:54,2017-07-05 09:51:43,2017-07-11 17:44:52,2017-08-01 00:00:00
dad3424b01751c6e21da6a7351174ca0,6c4961fd4b4f7102b656ae5d8f2ee517,delivered,2018-01-22 21:18:23,2018-01-22 21:34:58,2018-01-23 17:18:47,2018-02-01 01:45:48,2018-02-26 00:00:00
d83c0f39f97da394609c05ada10110a8,6aad6937658f89a7a0c4e25d4da4cbbe,delivered,2017-11-26 12:21:42,2017-11-28 03:33:25,2017-11-29 18:55:03,2017-12-05 20:27:03,2017-12-15 00:00:00
b981e23277787bf0b0f6055ee85a22ac,fe1b16c1d48fd1f7318eeb68ee25bf59,delivered,2018-02-26 19:33:50,2018-02-26 20:09:24,2018-02-28 18:13:28,2018-03-06 21:21:58,2018-03-20 00:00:00
96eeb147a88eecc583923d44e1e85311,7c35eea9239c528dc292c23b2169ef47,delivered,2018-05-24 10:43:37,2018-05-25 02:54:55,2018-05-28 10:02:00,2018-06-04 20:53:54,2018-06-19 00:00:00
aaae80f5b6239bd9e1b22e9aa542c3e8,c8e14cdb8278f31a2b204cbc401a4fc9,delivered,2017-03-08 09:38:25,2017-03-08 09:50:19,2017-03-09 10:16:05,2017-03-31 11:37:54,2017-04-05 00:00:00
2e2d43380f2a8c56a9378e75b9b474fe,138d90a5718a9d954db5bf73a9bdd11a,delivered,2017-02-19 20:17:14,2017-02-19 20:25:18,2017-02-20 11:05:40,2017-02-22 12:08:49,2017-03-21 00:00:00
d1092f5c7d5bd489e3fe4c7d0746c2aa,139e44006d2388e32faf1718a043675e,delivered,2017-09-16 15:28:46,2017-09-16 15:43:30,2017-09-18 23:21:45,2017-10-11 20:57:23,2017-10-09 00:00:00
3fa7ae01a5f654e3cdd31aa461a42de3,d4ade6a3f29c6560e5bf9b229c76f0b4,delivered,2018-02-28 21:21:18,2018-03-02 02:10:11,2018-03-06 19:47:35,2018-03-09 15:41:23,2018-04-05 00:00:00
715d8ed9c706aef12151e802c2bc8962,9cd127558f60961e5d9c8bb247c56853,delivered,2017-05-12 16:01:02,2017-05-12 16:10:18,2017-05-15 09:23:00,2017-06-02 07:36:35,2017-06-12 00:00:00
ef095afed99d361bb81103c9d6380397,824a5faddc63a548d02afea376eedc98,delivered,2018-07-22 11:29:16,2018-07-23 11:31:28,2018-07-24 14:27:00,2018-07-27 21:56:42,2018-08-23 00:00:00
11f97a9967bb081adb9883460c71e845,c0573fb95d387c7d26ee75592bd66991,delivered,2017-09-19 10:20:27,2017-09-19 10:35:27,2017-09-19 19:57:43,2017-10-05 19:40:23,2017-10-17 00:00:00
1acdd343f32412c986586a4f0c828460,425885462bb30dcb05866866aa6ff81a,delivered,2017-07-07 12:00:24,2017-07-07 12:15:17,2017-07-11 18:20:03,2017-07-18 13:47:56,2017-07-31 00:00:00
c4314d0c3517d1afc447262855bd2a08,3ad2516ff419427995c53ac22ac46ea0,delivered,2017-02-21 17:37:06,2017-02-21 17:50:13,2017-02-24 11:32:38,2017-03-13 12:21:56,2017-05-04 00:00:00
bf5df6110fa6b9de1ed64e327a25396d,e16dbb19dc066509f763fe7850956959,delivered,2017-12-30 20:08:42,2017-12-30 20:40:19,2018-01-04 12:47:57,2018-01-30 19:05:52,2018-02-05 00:00:00
8d785027a8353d2f17d76f05b73f86ef,ee90f96e60f6d84ca036056c4f1f638d,delivered,2017-03-05 22:38:18,2017-03-05 22:50:17,2017-03-17 07:33:58,2017-03-21 17:43:41,2017-04-24 00:00:00
10fe58b85b6fe7ecb21c99fd55c4720f,963cfddfd867d44a23f2bfab7161a4a5,delivered,2018-02-19 20:40:44,2018-02-19 21:47:14,2018-02-21 12:39:17,2018-03-05 16:35:57,2018-03-15 00:00:00
74a9eccbfd3a3b0754469cd587ee4920,c31fb63e9a0d4f50bced79f442f204e2,delivered,2018-06-01 16:43:48,2018-06-01 16:55:21,2018-06-04 12:53:00,2018-06-05 17:26:47,2018-06-26 00:00:00
5c56feac31484b306b0612e027378d71,0e35daab59a593537c336bd0ea683915,delivered,2017-05-22 11:54:24,2017-05-22 13:05:17,2017-05-22 13:18:01,2017-05-23 15:04:04,2017-06-02 00:00:00
15abee31fcd5f096e6eb7c555eb3fca3,2732a3f9aa9dab45d4b7a1c35b90bb7d,delivered,2017-05-07 19:37:27,2017-05-09 09:25:41,2017-05-16 11:26:52,2017-05-17 15:38:06,2017-05-19 00:00:00
92de9d5b7edc1d927072c1cfc562dc5d,1a0d2ff9ba4f35cd5f759d5ea35ecaec,delivered,2017-07-28 13:57:51,2017-07-29 02:23:31,2017-08-03 18:34:34,2017-08-14 17:42:38,2017-08-23 00:00:00
0ad87ef89708a3c8f63a0016074b24f4,7da0a45d9578ab07386bcfa01ba8200b,delivered,2017-02-24 09:47:33,2017-02-25 02:25:13,2017-03-08 14:53:17,2017-03-14 14:04:54,2017-03-27 00:00:00
57b490831ac4a17a68d544c740bafe52,0d00ae3b37c3a20ceb4315a077f0d2a5,delivered,2018-04-07 13:48:17,2018-04-07 14:08:23,2018-04-09 18:20:38,2018-04-27 18:48:28,2018-05-03 00:00:00
e1ebf9d9fbf1f356179a8f969dc8c4c5,ec8ccb40a803b77a809f6b32b2af4cec,delivered,2018-05-27 17:14:06,2018-05-27 17:34:42,2018-05-28 12:25:00,2018-06-06 01:32:10,2018-07-18 00:00:00
64b7288026efc4a12f4e3351f03f2ac4,8d5fbfc7a221e6103e9ec6df26f51a3f,delivered,2018-04-03 13:53:47,2018-04-03 14:09:59,2018-04-04 20:41:21,2018-04-12 20:36:28,2018-04-25 00:00:00
e0ea34baecdf184089f368a8ba575907,6635cefdb448183a647fa3a813fa1628,delivered,2017-06-16 14:15:16,2017-06-16 14:25:19,2017-06-16 14:46:34,2017-06-19 21:11:38,2017-07-17 00:00:00
bc314ea94634ec397df2b65d3bcb2c1c,d00ea5d7b369bf08fa11ddfd2db8173f,delivered,2017-10-18 16:10:25,2017-10-18 16:29:31,2017-10-19 19:54:03,2017-10-24 17:54:02,2017-11-07 00:00:00
e4a4e438b4d2f4b43f3831c332beb438,c442790b98d80265e810032f3cad5308,delivered,2018-08-03 10:26:41,2018-08-04 04:10:30,2018-08-06 11:09:00,2018-08-23 03:28:33,2018-08-31 00:00:00
e7ae11a316ccfd7689dae760479ec0da,53c727b22c1c2b8e300711df1a6ea02e,delivered,2018-06-21 10:42:13,2018-06-21 11:01:15,2018-06-22 14:11:00,2018-06-28 20:45:29,2018-07-18 00:00:00
0c1f1a0595fb30e05d526ab83576cd24,e350a18244c16257e0bac342c17e3d1a,delivered,2018-08-28 09:18:03,2018-08-28 09:30:39,2018-08-28 15:43:00,2018-08-30 17:32:25,2018-09-03 00:00:00
38ba1e9f8530f9ecdce64d3b724bd81b,c8e2e9dcf35592ed3c5c2dd932cfc779,delivered,2017-12-11 17:21:32,2017-12-12 14:49:54,2017-12-18 20:32:58,2017-12-28 00:33:01,2018-01-10 00:00:00
4f737bc2a795169102fc6d5b5aa31e27,28fa7dc03ec522bf4b643bf5b3f67134,delivered,2018-08-20 14:13:58,2018-08-20 16:30:08,2018-08-21 12:03:00,2018-08-24 18:52:42,2018-08-30 00:00:00
7212b4060f681024f3a8fe5681df5389,d420e75c9fb8c81b1108eb27bcda5aa1,delivered,2018-01-12 00:08:46,2018-01-12 00:30:55,2018-01-13 01:55:32,2018-01-31 16:46:54,2018-02-02 00:00:00
1c851b2d3587fe02888b58c64fbc1ab0,1e5e274f5f75c09122b857147166f53f,unavailable,2018-01-09 16:25:08,2018-01-09 16:35:27,,,2018-01-23 00:00:00
b5bed3500f9a785d0f4f8c1a1ef61a58,9a536b164593c8e139c94f455e0a6882,delivered,2018-03-06 07:35:48,2018-03-06 07:48:31,2018-03-09 20:41:56,2018-03-22 14:20:03,2018-03-29 00:00:00
0664199560952a51d76e1ccdadbd2cb7,1e248ce64cdbfc9d30332ff380eef1ab,delivered,2017-03-20 17:52:09,2017-03-20 17:52:09,2017-03-23 15:59:55,2017-03-28 11:43:22,2017-04-07 00:00:00
d2d6e244e44e7731cbcbcc4d07921c85,f118d3eac2fbb3f21692540a853980d2,delivered,2017-05-09 11:02:03,2017-05-09 11:15:14,2017-05-15 08:47:58,2017-05-23 11:19:01,2017-06-05 00:00:00
7a6c48037234cbc7887f82848bf4d4cf,68121777d7ed2dbfd4456c0d4c037cc3,delivered,2018-08-05 16:59:37,2018-08-07 04:05:12,2018-08-10 08:08:00,2018-08-13 23:12:22,2018-08-09 00:00:00
891ba4502e28c6f12a1413e7b915c15d,9f7d520a76f847b1df92a69ce795f3a5,delivered,2017-07-17 13:42:03,2017-07-17 13:55:19,2017-07-19 20:02:55,2017-07-26 19:47:55,2017-08-08 00:00:00
6919ebfc042d621a6e860d2b4e26210e,6453a2d9099f39610bc937d33b3aa9cd,delivered,2018-01-21 22:11:53,2018-01-22 14:02:47,2018-01-31 20:33:17,2018-02-19 21:42:27,2018-02-15 00:00:00
10119d4db66b009219ceafdedfe38741,2ca5d56a792424d5243b18aa464c160a,delivered,2018-07-24 22:00:38,2018-07-25 12:05:30,2018-08-07 08:45:00,2018-08-17 17:12:04,2018-09-04 00:00:00
72aac576696a046d89aa7ac132ecd3d6,2be25d8d8bfb9d5cc6690cd241c7dab1,delivered,2018-01-30 14:26:43,2018-01-30 14:35:44,2018-01-31 23:59:10,2018-02-01 15:22:55,2018-02-15 00:00:00
d447462f58938dfc50467353f88655cb,79f89bb6e2b2dd5e459520e2622eb135,delivered,2017-04-30 18:02:27,2017-05-03 14:25:41,2017-05-04 16:09:35,2017-05-17 14:57:41,2017-06-06 00:00:00
5dcdb1a794cbbd564580b611e6f5f616,5b3637b010dfe6d8ceb70441ca03ad13,delivered,2017-06-01 21:55:54,2017-06-01 22:05:23,2017-06-02 09:19:02,2017-06-08 11:32:48,2017-06-28 00:00:00
bf21a9300d72af06297ea8782884a99a,c88655b337ba4f844260061949303a4c,delivered,2018-06-16 00:39:19,2018-06-17 00:35:37,2018-06-19 14:07:00,2018-06-25 23:14:48,2018-07-11 00:00:00
55a0842ea8508da4c9ef096cbac8bfef,d2898df8d7ab23976854d61a684ef6bd,delivered,2018-07-31 19:31:09,2018-07-31 20:23:52,2018-08-01 16:30:00,2018-08-06 23:28:54,2018-08-14 00:00:00
c235e3fbe42d171c9177e6664107170d,7bb4c430369ff8912aa785b2c4bfb20f,delivered,2017-07-02 19:13:26,2017-07-02 19:25:13,2017-07-07 12:59:46,2017-07-10 15:26:40,2017-07-17 00:00:00
50aa3e58985353eac3370fc8bba877ad,41029da7b6da5d01717c78a149e30b93,delivered,2018-06-03 16:54:32,2018-06-03 17:10:51,2018-06-11 14:58:00,2018-06-18 14:54:49,2018-07-05 00:00:00
d5157e3d901001c846b12765379f95a8,c50d965e793d79c247fdaf0fb7b93faa,delivered,2018-02-14 13:25:14,2018-02-14 13:35:25,2018-02-20 17:49:04,2018-03-15 21:51:52,2018-03-07 00:00:00
f78c8c3b43d996a8ff2d7be6a2eb5e8a,2c2e3a0b219594cbfaa91ce4d83fed81,delivered,2017-06-02 22:01:45,2017-06-06 13:35:24,2017-06-07 10:31:29,2017-06-19 14:45:40,2017-06-28 00:00:00
ece5a3af75e2c8f290990d36bdf05ef9,e88cf8d704bde0df5f5d9b0261149ceb,delivered,2017-08-22 13:24:15,2017-08-22 13:36:50,2017-08-24 21:57:46,2017-08-26 15:38:31,2017-09-14 00:00:00
64d530ee7914438bb094a16e225c7cad,44f0975dbd512eaa8cabc7cd12b8e99f,delivered,2017-12-01 07:45:42,2017-12-01 11:31:23,2017-12-06 01:33:53,2017-12-22 00:38:58,2017-12-29 00:00:00
52fe284b8a7ca9585835524dbd80515b,9595c23999d8f7f082a1fc80e59b72f0,delivered,2017-03-09 19:10:31,2017-03-09 19:10:31,2017-03-10 11:08:12,2017-03-23 16:30:18,2017-04-03 00:00:00
5bf1e013121cccb5a168c91859a243e7,df37d6128feaa1009ac151929c362190,delivered,2018-05-31 20:16:37,2018-05-31 20:33:09,2018-06-01 14:07:00,2018-06-05 18:27:49,2018-06-28 00:00:00
61e5cd1c042eccdc6df63d57e99b1ae4,17c39dc5d1c939fb916eae4ef3f22b61,delivered,2017-09-20 17:19:21,2017-09-22 04:15:28,2017-09-22 17:11:26,2017-09-26 19:33:28,2017-10-11 00:00:00
5b72a0a59eaf0de6502b2959810e3dd5,8787ba68a8789a9f9e2491e011573d10,delivered,2018-08-13 18:09:28,2018-08-13 18:24:15,2018-08-14 13:44:00,2018-08-20 16:03:55,2018-08-24 00:00:00
80f98860daea33485ed7375601bf94d6,e373476486d71774cb8ed05f84cb7c21,delivered,2018-01-30 09:00:20,2018-01-30 09:10:28,2018-01-31 14:32:21,2018-02-16 22:08:08,2018-03-06 00:00:00
5d370cc80c063c339724dc1e68bb0732,a51b7721fdf5cba3b83e56b92b7f85cd,delivered,2017-09-13 20:01:06,2017-09-13 20:10:29,2017-09-14 18:46:41,2017-09-27 18:27:55,2017-10-13 00:00:00
67418605ab8f9414a2e238bbcdde1312,bbd6d73964cf368d685856fc8cb04534,delivered,2016-10-08 14:48:08,2016-10-08 18:34:07,2016-10-12 18:34:07,2016-10-15 18:34:07,2016-11-30 00:00:00
006cba07f62f921fe4f58365bde2b2eb,c4e00400b6f79caa802740faa2829161,delivered,2017-08-14 20:28:45,2017-08-14 21:05:07,2017-08-15 23:54:24,2017-08-18 19:57:57,2017-09-11 00:00:00
57b3d29236e7283e25589300e1aa7337,efe84b3fbfbdada55c314a617f1c9fd8,delivered,2017-12-16 11:15:58,2017-12-19 08:52:27,2017-12-19 17:55:30,2017-12-20 15:18:40,2018-01-05 00:00:00
c33af7b181d4da454737cbdb08450735,f1b50ffada8a14977978bac3330283e0,delivered,2018-05-04 16:29:05,2018-05-04 16:54:05,2018-05-08 08:59:00,2018-05-18 17:42:07,2018-05-29 00:00:00
2914fce44eea46f09d61ba460bef0afe,399f1d244d4cd03e3687a5fc94c28604,delivered,2018-05-14 11:42:37,2018-05-14 11:58:44,2018-05-15 16:03:00,2018-05-17 23:44:47,2018-05-28 00:00:00
dbb728f551a0cd006a52d16c47834040,f78aeb91a981b197e077743d8711f1ea,delivered,2018-02-25 19:26:38,2018-02-25 19:35:28,2018-02-27 02:27:03,2018-03-09 18:28:32,2018-03-22 00:00:00
579c04f647cacb17047677baa1282eaf,54dfe35409074a33891f8731644518a7,delivered,2018-03-14 15:56:45,2018-03-14 16:10:28,2018-03-15 00:47:33,2018-04-03 21:22:19,2018-04-06 00:00:00
446e02d86df55998dcede938bc79e2cc,5a12a1ecadb4e8f242c539926905d4a9,delivered,2017-05-02 20:32:57,2017-05-03 14:15:18,2017-05-04 13:55:24,2017-05-15 08:33:43,2017-06-01 00:00:00
32c75dfb830b25a968cfd39e54d315a3,08c93b091ea536bc40e8e9436c24f7cd,unavailable,2017-11-07 15:40:54,2017-11-07 15:50:30,,,2017-12-07 00:00:00
dd6e5859df4016efe3a4c9979af4ee90,0d9feda3f375cdf2c05353795e024a5e,delivered,2018-07-30 17:58:01,2018-08-01 02:44:20,2018-08-01 16:00:00,2018-08-06 17:12:57,2018-08-16 00:00:00
6fb5acfdfed5a1951fa898d45b5b0f1a,9c9383c705961b79ab63c2626c0ee484,delivered,2018-02-27 16:23:56,2018-02-27 17:00:36,2018-03-02 22:09:07,2018-03-21 20:17:33,2018-03-20 00:00:00
b1e7ea6ef4104c3bcd94c0b9260717b2,54de4cb60651cd1a662722a1d14702b6,delivered,2018-07-10 14:29:23,2018-07-10 14:46:14,2018-07-11 14:21:00,2018-07-12 13:03:19,2018-07-18 00:00:00
9697d444ca3929fa6e055592b45a8033,077b2a02936841f3f6d5af88d668004c,delivered,2018-04-07 15:34:33,2018-04-07 15:48:35,2018-04-09 19:24:45,2018-05-02 19:12:35,2018-05-09 00:00:00
0f18445c75633a4beb91e985a0907b8c,f30cf2e68c0cf050e5879a95fa7f59d2,delivered,2018-07-26 18:24:47,2018-07-26 19:30:50,2018-08-08 15:10:00,2018-08-13 11:20:40,2018-08-13 00:00:00
a83c5c172d25f80a91e4506352d2c412,9272c9373449fa586ea14f425b5497a7,delivered,2017-08-01 15:05:29,2017-08-02 15:15:14,2017-08-07 19:16:59,2017-08-11 16:10:31,2017-08-23 00:00:00
ea272a0dfeb78b446aa525554dc50a70,3a7f116d2b26018672a238676ddaedfd,delivered,2017-05-06 10:56:15,2017-05-06 11:10:10,2017-05-15 15:56:54,2017-05-17 15:37:44,2017-05-31 00:00:00
16af3bfaa6a2871b0c80b75da409f501,663c18a3be70329d3a7bc7a72aa88522,delivered,2018-05-01 11:10:47,2018-05-03 03:53:03,2018-05-03 15:53:00,2018-05-08 10:07:47,2018-05-24 00:00:00
ed0094f95927e35ebb97a275ed02d046,643c9a48cf1fbc625746c3533e4d7c4a,delivered,2017-09-18 23:33:56,2017-09-20 00:46:45,2017-09-21 20:00:22,2017-09-28 17:05:04,2017-10-04 00:00:00
bf3358fdaf47c7a9abf288008dc1ec59,86d6ae251437e34a8745e53332993665,delivered,2018-02-02 12:19:42,2018-02-02 12:31:54,2018-02-06 00:45:54,2018-02-07 20:33:46,2018-02-20 00:00:00
046022868cf3fa04a308811fd6b0b282,9d1125c3aea5c247d9fe6bb35176bdd2,delivered,2018-06-22 20:02:38,2018-06-23 04:18:38,2018-06-23 09:08:00,2018-06-26 20:37:22,2018-07-16 00:00:00
45a4a071e0749a0e0f07a6d4bb653988,c2fe1153cf8172bb3bc5558ec3866cd1,delivered,2018-02-14 14:10:07,2018-02-14 14:27:41,2018-02-15 19:32:05,2018-02-26 23:41:58,2018-03-08 00:00:00
a8b9282d0c831ea24e2884c9620c38c9,cc77edfcc062dfe56fbd88294db0a425,delivered,2017-11-08 20:58:57,2017-11-09 05:31:35,2017-11-09 23:03:13,2017-11-11 18:02:56,2017-11-30 00:00:00
04a0704d5a3f27305100a48682d41bb6,6fe4f4c2c6976ee660a72d5f5202e417,delivered,2018-08-13 20:21:21,2018-08-13 20:30:20,2018-08-14 10:53:00,2018-08-20 22:28:15,2018-09-17 00:00:00
f5f29bce586850f2fb4f268aba6ed81d,1c5499ade6e45b15ecab428e2390e38a,delivered,2017-11-03 21:09:53,2017-11-03 21:31:22,2017-11-06 21:43:02,2017-11-13 22:51:56,2017-11-24 00:00:00
c6f821236b635a442caa06bbe3c7e109,873f1c4f230b516604d5fca8bb68817b,delivered,2017-10-16 18:08:18,2017-10-18 03:16:05,2017-10-23 17:22:16,2017-10-24 20:09:53,2017-10-26 00:00:00
11e50ba89335c383582f7eee76d4c55a,56df34401bf8ec42c9d8eeb28e4af0e0,delivered,2017-11-29 11:02:03,2017-11-29 11:14:25,2017-11-30 17:27:12,2017-12-13 19:16:30,2017-12-22 00:00:00
ebf69daeb3fceb21afa198a31d7e77d0,91f973575342b45e9db3c64bebb4a338,delivered,2018-05-21 10:24:46,2018-05-21 15:32:03,2018-05-22 06:11:00,2018-05-26 16:56:19,2018-06-06 00:00:00
08448f27d81d804598569621e1fb1d8e,becb241e293e90d1a6c5906ac30ca79f,delivered,2017-11-30 09:48:57,2017-12-02 02:52:09,2017-12-04 21:38:56,2017-12-06 18:29:11,2017-12-19 00:00:00
4b1609677539e847e9d15f655ca4fcd0,88507b4af721b641e3cfbd7b2d65e0e1,delivered,2018-06-02 21:50:52,2018-06-02 22:11:36,2018-06-05 10:15:00,2018-06-17 14:32:52,2018-07-12 00:00:00
61dc7d82d2eb6ecf4f0ac2a3cd693cfb,eda669d85ef713eb385cf57a584a2b68,delivered,2017-11-05 21:54:53,2017-11-05 22:06:49,2017-11-06 19:33:23,2017-11-07 16:15:57,2017-11-17 00:00:00
27778e8302a1880621730425fd82fb60,f4114c3a49ac4dfbe34464e0df196f1e,delivered,2018-05-20 12:10:01,2018-05-20 12:30:32,2018-05-22 14:31:00,2018-05-23 22:08:51,2018-06-04 00:00:00
c5cc268cb03043a12fe9c322246d970c,8df826101613bb32c800c08bd0b16cb2,delivered,2018-01-18 11:34:00,2018-01-20 09:10:53,2018-01-22 23:43:27,2018-02-06 20:37:12,2018-02-15 00:00:00
0668d086b3ae41adde3aed3dacbc8fae,18e56af97c2f24afcfaf7aa97ad2b969,delivered,2018-07-03 17:39:14,2018-07-05 16:25:40,2018-07-04 10:59:00,2018-07-26 20:18:53,2018-08-01 00:00:00
c24eb1596ada91fe820fe0a5af003511,129f5be9b50b64a218f0fd8a06995a85,delivered,2017-12-04 21:15:21,2017-12-05 08:30:42,2017-12-07 19:32:50,2017-12-11 17:38:13,2017-12-20 00:00:00
cb445995870a57b13fdc0da6c15d5b27,ec20e77b141fc956c615c55eef6ebd80,delivered,2017-04-30 19:27:16,2017-04-30 19:35:19,2017-05-02 07:48:07,2017-05-19 09:07:40,2017-05-25 00:00:00
075867c84468363ed47de8b38d904253,0c8d2c8d7de4b3bbb87eb8475d964252,delivered,2018-06-06 15:33:06,2018-06-06 15:54:10,2018-06-11 19:38:00,2018-06-18 17:36:48,2018-07-03 00:00:00
03481652329171ff571df2c58bae0167,14868f37a05bafdab87b728267196f10,delivered,2018-06-19 14:30:42,2018-06-19 14:57:18,2018-06-20 15:24:00,2018-07-08 16:03:37,2018-07-24 00:00:00
e9cec3364270c67c922b8891465148db,b371ea5550dc0fecc65d67ae999c7131,delivered,2018-04-21 00:43:22,2018-04-24 19:26:12,2018-04-24 02:52:11,2018-05-03 20:08:36,2018-05-17 00:00:00
6f103e04419629871125495a575f26f7,a7fdbcc3ecc256a2b742dadbc3145f22,delivered,2017-08-31 19:30:58,2017-08-31 19:44:55,2017-09-01 20:13:10,2017-09-14 15:02:40,2017-09-22 00:00:00
f18f555bdd4c33bcebaa68a9d6c91980,483d9226608f90c18049efd44ecbc7b6,delivered,2018-03-29 16:10:08,2018-03-29 16:35:17,2018-04-02 16:31:20,2018-05-05 15:44:41,2018-04-20 00:00:00
b94dc34e8bfc76a3e9e7cef3e5e93483,715fa746abf627658480252899cbd16c,delivered,2018-04-16 10:21:00,2018-04-17 05:55:36,2018-04-23 19:09:01,2018-04-27 20:47:32,2018-05-03 00:00:00
d5c9d16cb39c145a934aac43316eb2a9,fabb645a1aa6ec294fdd9a723e744ee6,delivered,2017-10-30 12:49:20,2017-10-31 03:50:50,2017-11-08 12:33:13,2017-11-17 18:27:01,2017-11-27 00:00:00
addf1e910072af631c49adca7b07fbdd,64e0b9072003aeb0838bcf96609f2504,delivered,2017-02-05 11:05:44,2017-02-06 11:10:26,2017-02-06 12:15:01,2017-02-10 18:05:59,2017-03-17 00:00:00
f92d165e697238dfb823e7ad27b9ba52,432a6ff8a318c04e5844d0f1e37248da,delivered,2017-03-10 08:41:19,2017-03-10 08:41:19,2017-03-15 10:33:49,2017-03-20 08:58:42,2017-03-31 00:00:00
60064a8ef6cf5a49ed3b7edbc7fd9eb6,acdd98a7de2d5524730599eef83725c9,delivered,2018-03-04 10:08:00,2018-03-04 10:28:16,2018-03-05 20:23:16,2018-05-03 16:06:04,2018-04-04 00:00:00
cf6b059f3e677f41c42d6bfd225cc062,b71e7a738b9be01b2ae7347e8979a889,delivered,2017-05-18 14:19:36,2017-05-18 14:31:13,2017-05-19 09:27:59,2017-05-24 12:14:28,2017-06-07 00:00:00
57a35d61c0b1fd44dd181d80d03cc0ac,864afb5de2284946f98039d795cd65c6,delivered,2018-04-30 20:47:34,2018-05-01 03:15:23,2018-05-03 14:21:00,2018-05-09 15:22:53,2018-06-01 00:00:00
f80418398916bd31aed5238ba6efe9b7,d31ee6d417c46d2469150acbc7c533bb,delivered,2018-03-18 14:28:22,2018-03-18 14:50:36,2018-03-23 02:32:07,2018-04-19 21:08:59,2018-04-17 00:00:00
3a7162d3eda153a373ed4112bdf53b32,00d9314fb3f147133d0dae548abab307,delivered,2018-03-09 08:32:22,2018-03-09 08:48:27,2018-03-15 15:32:28,2018-03-29 21:06:06,2018-03-29 00:00:00
4f420928ce3031d9833981e1bd5005a0,205e2ab340cb3c8bf457c76b98306c73,delivered,2018-03-10 15:31:45,2018-03-12 08:35:28,2018-03-12 21:21:54,2018-03-17 15:02:44,2018-03-28 00:00:00
6c6f13dc40d95be45c76aad771245a15,e55ceedb8cf0ee98dc7141b6597840db,delivered,2018-03-01 09:38:45,2018-03-02 02:10:54,2018-03-16 17:38:48,2018-04-26 12:27:20,2018-04-04 00:00:00
2c6e3395e4f4716fc4d23742912ff80d,43d9053de5513d2459433ffab5bd7599,delivered,2018-02-26 11:52:14,2018-02-26 12:11:14,2018-02-28 16:37:25,2018-04-04 14:42:19,2018-03-22 00:00:00
7ac910f78c4cf862326b6372c1e30ca8,462440503feca45c383d83e790692061,delivered,2017-10-29 20:52:45,2017-10-29 21:05:39,2017-10-30 20:52:38,2017-10-31 20:47:58,2017-11-10 00:00:00
36bd9a684be63b7aed450f82d31727f0,f8dce1f569bfcdeb294631c088f66ab7,delivered,2018-08-21 15:56:19,2018-08-21 16:10:25,2018-08-23 12:53:00,2018-08-27 11:48:55,2018-08-30 00:00:00
7c933084ae34df732cfb3b47968b1666,cf4e269e30ba0f547477c32723ec2542,shipped,2017-01-14 12:17:10,2017-01-16 13:41:43,2017-01-18 16:00:12,,2017-02-22 00:00:00
7d995a95ce7e1ca123075ec04fefe14e,4c3d19f67387b497e305c4804fd59a04,delivered,2017-11-28 09:39:36,2017-11-29 02:23:19,2017-11-29 20:11:54,2017-12-01 00:09:38,2017-12-14 00:00:00
79d157d689965472f742cb6b30a37b40,85788b14a51a7467a1aeb0715b480ac2,delivered,2018-04-27 13:56:43,2018-04-27 14:09:09,2018-04-30 10:53:00,2018-05-10 13:42:49,2018-05-21 00:00:00
15894c1e0d37429ae01e88705a0e7941,10b3c5bcb5211413451e40aa64ffc772,delivered,2018-08-11 22:52:14,2018-08-11 23:04:24,2018-08-13 15:39:00,2018-08-21 20:21:40,2018-08-27 00:00:00
87e6012cbee71826e51d13439f497eb9,2aaa65ce049f1d48a12686e2142982a8,delivered,2018-01-25 17:52:09,2018-01-25 18:19:52,2018-01-29 20:35:59,2018-02-14 19:09:08,2018-02-26 00:00:00
b76d4cfacc6733093c4f0fd3198d91b0,cc0bb28cdfe5d4b253bb404efb6477a7,delivered,2017-10-13 21:08:03,2017-10-13 21:26:11,2017-10-16 20:58:34,2017-10-26 19:54:00,2017-11-07 00:00:00
d9264b7ce5f860c5b8d439f2e77bbc40,ae789cb3b1ffa7e1a3f976d66f291159,delivered,2017-02-02 13:27:06,2017-02-02 13:41:33,2017-02-06 11:25:29,2017-02-13 12:35:46,2017-03-01 00:00:00
b60cb82db24efcb2f5d0df26426c3af2,075025f0dd1048d7ac30f7adc7483bba,delivered,2017-07-05 22:14:40,2017-07-05 22:25:28,2017-07-07 17:25:56,2017-07-25 22:47:44,2017-07-27 00:00:00
8ab0c0ecda227b5dbcee5c23f28f0ef4,7c914fa77c2a8f1179c445cf9f539d0f,delivered,2018-02-19 22:26:15,2018-02-19 23:30:27,2018-02-22 21:42:52,2018-02-23 15:53:57,2018-03-05 00:00:00
eb3496e5ea096b0366a2e552fd7ab470,40f3ad678e7faf0682800ca130302eb9,delivered,2017-09-08 11:55:31,2017-09-08 12:05:33,2017-09-11 22:09:59,2017-09-24 12:02:57,2017-10-04 00:00:00
f5d26ce3ea53961345d0c99784d26c68,04638865a9aa6944aecf3b6c2170ab7b,delivered,2018-06-06 13:16:04,2018-06-07 03:12:24,2018-06-08 13:49:00,2018-06-18 20:54:50,2018-07-18 00:00:00
2d28016c67e1923035d4b20124818a84,e4da40bfe01c59d56d99c9722a68133f,delivered,2018-01-31 19:45:24,2018-01-31 20:10:12,2018-02-02 04:26:02,2018-02-06 17:04:28,2018-03-01 00:00:00
5ee31cacb02c4f421f938c50e446185b,efcb75d17dac5ed29c3a90167472f78d,delivered,2017-11-20 10:59:51,2017-11-20 12:11:31,2017-12-07 16:08:51,2017-12-11 21:39:03,2017-12-07 00:00:00
f67026e78b00cb23af0f2ccdb5ee8245,2e8b2cd27d9c45276aaf3fa97a15edeb,delivered,2018-05-20 08:25:02,2018-05-20 08:57:49,2018-05-21 10:16:00,2018-06-08 20:06:52,2018-06-07 00:00:00
ebdce44e563c1a59677857998ca312c0,610d46baa16bdd3d06be944f569b4df9,delivered,2018-03-11 16:36:42,2018-03-13 04:30:39,2018-03-13 21:18:39,2018-03-22 16:03:18,2018-03-28 00:00:00
3ae23891986e183545f58cbc836a0106,905723a92cac17c4d438a08531734598,delivered,2018-04-16 19:54:11,2018-04-16 20:15:21,2018-04-17 20:24:38,2018-04-23 18:58:50,2018-05-18 00:00:00
4bf1d1a9c60312c2e96fb9dd209e69d3,4d17e331060256334f7306addefb7915,shipped,2018-01-17 08:05:03,2018-01-17 08:16:23,2018-01-18 21:51:46,,2018-02-01 00:00:00
236909a5eec961f916c742c7f991d3e5,1b620b9bddc08059302ad5287743d092,delivered,2017-05-11 00:53:06,2017-05-13 11:05:22,2017-05-15 08:03:31,2017-05-18 06:59:33,2017-05-31 00:00:00
80db8ac25fb7d41df0043cb440bb659f,8616b556cb8b60821573f069b4b510d1,delivered,2017-11-26 16:47:06,2017-11-28 03:47:33,2017-11-28 23:28:26,2017-12-04 22:48:49,2017-12-22 00:00:00
a1be7c51d3ec9b3b6c2e778c99eb90d0,adda0af2072a3fdc5b3fe6781e132769,delivered,2017-04-28 12:38:06,2017-04-29 02:50:16,2017-05-02 09:55:01,2017-05-11 14:32:19,2017-06-08 00:00:00
4bb249470aec4b87d52edc4af12f5b53,107e500e8e622637a7a1c9d7de5a01ea,delivered,2017-11-13 13:47:12,2017-11-13 14:06:54,2017-11-14 22:33:18,2017-11-28 20:23:50,2017-12-06 00:00:00
54ed1bff3096b6570d2b11064cd13e46,9ea44c6865c92de7f9becf7d035a754c,delivered,2017-04-30 19:11:57,2017-04-30 19:25:10,2017-05-03 13:56:03,2017-05-10 11:57:33,2017-05-29 00:00:00
20992a1c96a2ba25eda6cecab027cd42,ae2431c2ff77ba2c43f2191cd00d9cd2,delivered,2017-11-15 17:23:31,2017-11-15 17:30:39,2017-11-17 22:04:49,2017-11-28 21:12:42,2017-12-14 00:00:00
6ec38f8d4862b74a1539b8e6ec91fa8a,1d2a51539bc74ad21b60720ccad39c76,delivered,2018-05-14 16:48:33,2018-05-14 17:18:41,2018-05-15 15:52:00,2018-05-18 16:53:04,2018-05-29 00:00:00
fc699344c004d1635c1e3a27f707c8b6,c552b308fd0baf657702d0eba4ee3b65,delivered,2018-05-27 23:03:10,2018-05-27 23:15:24,2018-05-29 13:47:00,2018-06-08 17:18:33,2018-06-28 00:00:00
d983124667a44e540ef9ab35c37c486e,0bc92ea0f454d4bce3665b5716cfa58d,delivered,2018-01-30 12:50:09,2018-01-30 13:10:38,2018-02-05 21:14:16,2018-02-15 18:41:57,2018-03-06 00:00:00
e32d1cdb3683251a688c82d4a2dabb47,97526e28488acf9340a0025eb96b3a4a,delivered,2018-02-02 21:20:40,2018-02-06 04:33:15,2018-02-06 21:41:57,2018-02-15 22:33:36,2018-02-26 00:00:00
53299baecd9869c74d5c439dc4078eec,863f37fd2bae6f4b89284c09145955bb,delivered,2018-02-05 14:46:07,2018-02-05 14:55:32,2018-02-08 19:47:42,2018-02-19 10:34:57,2018-03-05 00:00:00
a533be8e152c88d32586ff0c9c230ba2,e318785a0ab20e1264cf1dc51625d53d,delivered,2017-11-12 16:13:19,2017-11-12 16:26:35,2017-11-16 19:41:23,2017-11-25 13:17:50,2017-12-05 00:00:00
b35a64cddcdbf617db3d9a4cce11f60a,756144852652bb51b6e54dc4c441e2bd,delivered,2018-05-10 17:07:31,2018-05-12 03:32:35,2018-05-24 13:47:00,2018-06-13 19:26:43,2018-06-13 00:00:00
95516395b6779357dc689f56e6de3f02,f304a583c2f2f258c37079a8bdf1f60d,delivered,2018-03-23 00:00:26,2018-03-23 00:55:49,2018-03-23 22:48:49,2018-03-26 14:22:25,2018-04-12 00:00:00
cd6f283a1308f75b894c315359b521d7,d95ce2be6ff270c56b9120ab3a481146,shipped,2018-04-30 09:49:23,2018-04-30 10:15:44,2018-05-02 18:30:00,,2018-05-14 00:00:00
19f97beaab0d2b8ba54f9a458629f5d6,90f8e726ef106ec88000fc6cae1168fe,delivered,2017-02-12 09:04:50,2017-02-12 09:15:19,2017-02-13 09:55:12,2017-02-14 15:08:21,2017-03-10 00:00:00
ef6083295bf92222def5885ea2551112,1c845f6f154945eecef2938de48d74ef,delivered,2018-03-29 14:13:17,2018-03-29 14:34:24,2018-04-28 09:13:00,2018-05-03 18:28:20,2018-05-11 00:00:00
7728b488bf786ff1cfe423986a8d0048,ff7216f9f6a3ddfb9650aa891caf718e,delivered,2017-09-11 21:14:38,2017-09-12 14:06:05,2017-09-19 17:33:26,2017-09-20 12:58:08,2017-09-21 00:00:00
61433627bdda467b4c2e9c3f4c17854d,8a2c3cea6ca7c17b8b72946649a74dd9,delivered,2018-08-13 21:47:19,2018-08-13 21:55:15,2018-08-20 15:27:00,2018-08-22 15:18:41,2018-08-22 00:00:00
33053ee45764f34778295ba8a0a4131d,bb897f462207bcc6d9517184aa0c43c8,delivered,2017-11-21 11:31:31,2017-11-21 12:09:59,2017-11-24 16:35:50,2017-12-03 14:42:50,2017-12-12 00:00:00
022e89c60857b5c81788e7e09d04b3ef,5f903b2d6b866fe2698c86e8dd4628c1,delivered,2018-06-06 14:59:11,2018-06-08 03:13:19,2018-06-08 15:44:00,2018-06-14 20:33:09,2018-07-12 00:00:00
23941956ac5ebb846fc41ddbf76e7ccc,63e6159a468d15ffee3037bacc550c29,delivered,2018-07-15 17:29:46,2018-07-17 04:32:03,2018-07-17 13:00:00,2018-07-25 21:09:48,2018-08-17 00:00:00
1ebb46fa1c7a6bddbd0362271a096e89,31665c48494006d98e9613234e672c3f,delivered,2017-10-01 12:13:59,2017-10-01 12:24:12,2017-10-03 23:55:43,2017-10-06 20:41:23,2017-10-18 00:00:00
39841bda2ced6b58fb455964b6ad0f05,085ee5f8069c949eb5e31d56514d38b4,shipped,2017-06-18 00:27:16,2017-06-20 11:25:24,2017-06-22 12:59:32,,2017-07-05 00:00:00
3c6dadd7a2f2603a966310532abc750d,5194b960e905cac68a0154a2d7cfcb73,delivered,2018-04-16 08:47:24,2018-04-16 08:55:34,2018-04-19 21:17:42,2018-04-24 19:50:03,2018-04-26 00:00:00
185a5466833e375703fe6e5e7fa3a6bd,57ab9d52c625428b85eaf16829bee117,delivered,2017-06-30 13:48:18,2017-07-01 04:50:27,2017-07-03 16:39:37,2017-07-04 14:47:36,2017-07-20 00:00:00
6aabdc795efb588de3fc71a018cebff9,61c5055cd85138ee1109ea4a2f89a949,delivered,2018-07-08 09:11:27,2018-07-10 08:35:12,2018-07-12 15:06:00,2018-07-25 00:32:14,2018-08-06 00:00:00
8e60a511ac30aacb9ded963801a906af,cb11798c6f6e786afc3afe6a0d34c87c,delivered,2018-06-06 16:30:22,2018-06-06 16:55:21,2018-06-14 14:58:00,2018-06-19 16:18:58,2018-07-17 00:00:00
fa356dd17c7288d555da28bc4c43d269,077098037aba2fb9fac71525ee60f93b,delivered,2017-08-27 14:11:40,2017-08-27 14:25:16,2017-08-28 13:44:59,2017-08-30 17:42:33,2017-09-14 00:00:00
4a5a1f0d3ea7bba1b88f2d68e80e4189,4927883c993298a88d03d81f70052459,delivered,2018-08-21 12:29:54,2018-08-21 12:50:24,2018-08-22 10:46:00,2018-08-28 00:52:29,2018-09-05 00:00:00
1bd6a77bf698ca2116db6f4731046425,c386ca94c617d6f14d009fd2a1204380,delivered,2018-04-07 11:05:35,2018-04-10 03:55:37,2018-04-10 18:47:10,2018-04-11 19:38:19,2018-04-20 00:00:00
56ddb62cd43497b05a7deb575d7547d7,03db7508ff10612b60f9198e0b33cfda,delivered,2017-10-21 14:31:35,2017-10-21 14:49:23,2017-10-25 23:33:54,2017-11-08 13:36:29,2017-11-16 00:00:00
6bdd4fc201b1c41b2d0daf3c5a4282ae,93878d61fdd60a05e37ecc6f8d51b379,delivered,2018-01-02 12:56:14,2018-01-02 13:08:01,2018-01-03 22:14:44,2018-01-10 19:39:10,2018-01-29 00:00:00
827668d405f7156d24af6fdd76f7d057,8e4472be04a0d8fc826f7952c6320826,delivered,2017-09-26 17:28:03,2017-09-27 02:49:28,2017-10-02 20:34:05,2017-10-10 18:44:54,2017-10-20 00:00:00
e6dadbb941fc1ddd84fc8d2ef19b71c1,2ca34926198521857d8c7c0ec7902378,delivered,2018-02-05 21:22:04,2018-02-05 21:35:34,2018-02-07 20:12:36,2018-03-15 19:38:51,2018-03-09 00:00:00
8b3bd30a8fe107026953fde99e95e351,4d842ab53e4a51551f795bcc1a742dc1,delivered,2017-11-21 23:51:33,2017-11-22 21:29:45,2017-11-23 19:05:05,2017-11-30 19:29:05,2017-12-12 00:00:00
89d409eb62cdbeaf1aff4260e523b0c1,b4a995dbed6017544af875ec52ecac3d,delivered,2018-05-04 22:53:19,2018-05-08 04:33:13,2018-05-08 10:17:00,2018-05-16 16:34:00,2018-06-07 00:00:00
ba95b4f24ad0bbb40a753470c555727a,4a49dc2c0c4fb4afd6f8e9ddcd86f596,delivered,2017-11-26 19:39:49,2017-11-26 19:54:07,2017-11-29 22:26:58,2017-12-04 16:09:09,2017-12-18 00:00:00
a60a341474b10163591c7c089b348584,7b19ed27fa54710bbf4ecc1c5747a9bd,delivered,2018-03-19 19:42:46,2018-03-19 19:55:38,2018-03-22 20:16:52,2018-04-07 15:51:49,2018-04-09 00:00:00
310cddf7fcf3d915e764a4b145a42d7a,4e1748e5026a35ffa9d81584cd02a42d,delivered,2017-07-20 10:24:19,2017-07-20 10:35:25,2017-07-20 19:47:48,2017-07-24 17:27:54,2017-08-02 00:00:00
ea22618b32b3545da7c820e1ea37f0f6,972dceea95c4bf95c17d866c17dabc2c,delivered,2018-08-15 10:52:43,2018-08-15 11:04:32,2018-08-16 14:25:00,2018-08-24 19:08:41,2018-08-29 00:00:00
efe8d9c4bde87976dbaa45c77bdd5489,aec5041a07053553218398adfd05bb32,delivered,2017-05-31 12:41:20,2017-06-01 04:15:28,2017-06-01 10:50:01,2017-06-14 16:39:31,2017-06-23 00:00:00
2d296a65254039cec32b6f47fa89b269,05b4043e996041498a4886fc23376aef,delivered,2017-10-22 10:51:32,2017-10-23 10:50:10,2017-10-24 22:25:51,2017-11-06 11:08:57,2017-11-16 00:00:00
c95bc5d3cdd34cf9698e69308b545f48,625243048f1ccf53f22fcbf49cfc1cf7,delivered,2018-03-04 03:58:39,2018-03-04 04:10:33,2018-03-06 00:19:04,2018-04-13 14:03:12,2018-03-29 00:00:00
3087da82d2601b8b5d7eb062012632b3,ac1f604f3b8002ca9a9c980fb56beb97,delivered,2017-07-17 21:47:42,2017-07-19 03:55:28,2017-07-20 18:47:41,2017-07-26 00:11:19,2017-08-04 00:00:00
2c9dc43931bd73d816deb0582edff245,e7a5a238f60bebe0efe9ccbda1042ed5,delivered,2017-05-18 02:02:54,2017-05-18 02:15:34,2017-05-24 10:03:56,2017-06-02 13:03:22,2017-06-09 00:00:00
c40c8f44fadbd73ec33576de59af7037,fb9c9c6bcebbbe6024d75155b10ead23,delivered,2017-03-01 11:36:45,2017-03-02 03:45:21,2017-03-03 09:24:32,2017-03-24 13:35:55,2017-03-22 00:00:00
7a3dbfe3daed55f0b5f34c4f9e73940a,d58d9b632ba93e5f55f80feef49b0d94,delivered,2018-01-07 22:08:45,2018-01-07 22:15:30,2018-01-09 14:37:13,2018-01-19 03:16:54,2018-02-01 00:00:00
e6a4c64b81f572a51ecc005e12ccb92d,ae0dbfbdb1e077e84389ab5bbeadb178,delivered,2017-10-25 15:59:34,2017-10-25 16:07:25,2017-10-26 19:49:44,2017-10-27 16:04:57,2017-11-07 00:00:00
6c9fa8bfb266b4c7de3e162fb28f46d8,e57b35089f3e6a0d985ed0cd3579df5e,delivered,2017-10-18 12:34:11,2017-10-19 02:49:13,2017-10-27 22:31:50,2017-10-31 18:57:30,2017-11-07 00:00:00
1a927ea2c184c4fc99ba799892065638,e3b3223d331a00244e5f66c8ffa32f3c,delivered,2017-06-29 21:25:53,2017-06-29 21:35:16,2017-07-04 15:14:38,2017-07-09 13:51:08,2017-07-26 00:00:00
97266251d6749fb995904bb3cc13a625,0ca98ea9ff99ae186116cee125f1d16f,delivered,2017-12-13 12:20:11,2017-12-13 12:32:24,2017-12-14 23:48:39,2017-12-18 19:12:41,2018-01-08 00:00:00
ab797176e01c2fa3d13aa1fe3e63d9ee,49d0ea0986edde72da777f15456a0ee0,delivered,2017-11-01 21:54:10,2017-11-01 22:06:00,2017-11-06 15:43:02,2017-12-02 01:09:29,2017-12-12 00:00:00
c9aea907527f5d4f5fb44955c18a79fb,7fe2e80252a9ea476f950ae8f85b0f8f,delivered,2017-12-17 23:13:41,2017-12-18 00:17:27,2017-12-20 18:52:08,2018-01-04 13:08:05,2018-01-23 00:00:00
5f8727348fdce5ad81ba441d3bf9e18c,5a191290110e4563a197cf74bae3f90a,delivered,2018-05-06 12:46:07,2018-05-06 13:10:06,2018-05-07 13:50:00,2018-05-15 19:05:18,2018-05-24 00:00:00
c478e08fbbbe0525997a381b60bf8a63,dd889a22818d798c1defb15d670085a8,delivered,2018-07-30 10:49:14,2018-07-30 18:31:03,2018-07-31 13:16:00,2018-08-01 15:21:08,2018-08-07 00:00:00
08f20d527e3a4331f254f4063920c6e4,3a41a5aa21ed1eac4f6610e89ab5309c,delivered,2017-07-12 16:01:51,2017-07-12 16:15:18,2017-07-14 18:07:58,2017-08-02 16:53:03,2017-08-11 00:00:00
1857ec1a182661136fe7584592437d51,1101f065d72d5db705dee21a12d5b950,delivered,2017-11-15 16:11:13,2017-11-17 04:15:47,2017-11-18 14:34:30,2017-11-27 19:09:39,2017-12-05 00:00:00
e2cd000d3cc5a9067192e1b9f054d9c1,34605d425e279dada3fb9163309c0047,delivered,2017-08-20 00:48:01,2017-08-22 04:11:29,2017-08-22 15:02:53,2017-08-30 13:33:08,2017-09-21 00:00:00
4186a838a13b7e0dfd69cc58cb89f012,a60cbf9e8eaf6fc7434bbe3db2373eb6,delivered,2017-12-05 00:08:25,2017-12-05 09:47:14,2017-12-05 21:32:05,2017-12-18 21:18:17,2018-01-03 00:00:00
b23014161ca1bc596a96e77112ee5360,02fcd25668a084094acb25e5e6211544,delivered,2017-05-31 21:45:32,2017-05-31 22:02:16,2017-06-16 16:20:48,2017-06-27 16:58:09,2017-07-07 00:00:00
20205e58b36d43ecc44120a373616f06,c0d8991a1701037d5c1085767dea67b9,delivered,2018-03-10 23:56:56,2018-03-11 00:10:40,2018-03-12 20:46:28,2018-04-06 22:54:28,2018-04-06 00:00:00
d9d1223099e5613e5667e557b4b4f075,ee821389d17d90c782d5174fd1319e91,delivered,2018-07-21 12:22:40,2018-07-21 12:30:12,2018-07-31 13:38:00,2018-08-07 21:36:38,2018-09-18 00:00:00
166456efeff39afc75c0ae8580db1318,5601306a3ab8ff0784dfb5fab690bde1,delivered,2017-03-24 20:06:57,2017-03-24 20:22:54,2017-03-27 14:06:05,2017-04-12 07:55:48,2017-04-28 00:00:00
25177b0d5cfe450e1fdacf9c6b5c8f5e,9acf0054ae9afde2cb1bb937967e2a20,delivered,2018-03-31 11:11:40,2018-04-03 05:48:45,2018-04-03 19:44:23,2018-04-12 22:12:26,2018-04-26 00:00:00
f34dccb2f8c19c2bdbfb8a041af62ed6,80c3e1b1c8f720ec46e79b796b128022,delivered,2018-07-16 21:32:07,2018-07-18 02:41:50,2018-07-18 12:30:00,2018-07-26 20:28:49,2018-08-06 00:00:00
bf1b064ac1b222c3d923f782e5ca8a04,cf380eba825ac3b337a23bdf2c70d3f1,delivered,2018-07-18 19:18:33,2018-07-19 19:15:10,2018-07-20 14:12:00,2018-07-25 21:59:44,2018-08-07 00:00:00
e9171e375d76592a7c88e9f155664869,d4bf0acae941d5b7be1d1991bd380a52,delivered,2017-07-13 15:01:47,2017-07-14 02:24:30,2017-07-14 19:17:36,2017-08-11 12:47:48,2017-07-26 00:00:00
89ecd7cdfb061d3d0f81b26af772c80f,129f92c14328e9759485ee597bb75758,delivered,2018-03-06 15:45:02,2018-03-08 02:16:06,2018-03-08 18:48:36,2018-03-09 19:48:30,2018-03-16 00:00:00
70ebb67db2439278b553ac34549b715d,fc60d04fc5b40da6a511f0aa3157eea1,delivered,2018-07-17 13:27:21,2018-07-17 13:35:22,2018-07-19 11:20:00,2018-07-24 16:32:31,2018-08-03 00:00:00
bf3071f4f1aefac3684ec879711ae109,e0d060bdc77f63ff3947e1f383393730,delivered,2018-06-27 21:17:52,2018-06-27 21:31:50,2018-06-28 12:14:00,2018-06-29 22:32:01,2018-07-18 00:00:00
a3aa365f962ab8ec586f7d496209c336,1571b4b28094d5153322ad82db57fda4,delivered,2017-04-02 22:03:18,2017-04-02 22:10:25,2017-04-04 13:06:04,2017-04-17 10:13:27,2017-04-26 00:00:00
fef89b64a9e94a0533f8c0afa152f524,10f2f23370c003742306e23361255df0,delivered,2018-03-16 11:30:55,2018-03-16 11:49:11,2018-03-19 21:46:37,2018-04-09 18:16:35,2018-04-05 00:00:00
f91dcb4d9c1f886ee0e187dba0de6828,d7e97bb9c2ea415d1b1d1178198048a5,delivered,2018-06-06 16:23:53,2018-06-06 16:55:05,2018-06-07 14:09:00,2018-06-08 19:57:26,2018-07-03 00:00:00
d00d7bc5d6fa2124037aaf4eb5be0a0e,330a969c9598b012f28f388088fadcda,delivered,2017-12-14 10:56:51,2017-12-16 02:51:33,2017-12-19 19:24:33,2017-12-27 17:22:50,2018-01-12 00:00:00
04132c02a610a19773963143ba1b5bb4,3b5c800065fd3c35d15b2906c706c6f5,delivered,2017-10-04 09:13:51,2017-10-05 09:24:20,2017-10-05 20:32:33,2017-10-23 19:34:40,2017-11-03 00:00:00
257e2d62e2b031eb09cea19d847305c6,623e5f6697794daaff59c39b7384a3eb,delivered,2018-08-05 18:52:58,2018-08-05 19:05:13,2018-08-06 14:17:00,2018-08-13 22:22:54,2018-08-21 00:00:00
f338453ca69a4ab210fb2f6184e7f6ce,d866a4ec44fa725695311a8021e83c3f,delivered,2018-04-08 20:02:54,2018-04-08 20:15:10,2018-04-09 17:07:36,2018-04-16 17:23:02,2018-04-25 00:00:00
c785675f92b03bbf76fbbcbf2acfe7da,5aa4c7864680ff21a41d282a548404d0,delivered,2018-06-07 12:57:35,2018-06-07 13:17:57,2018-06-11 12:55:00,2018-06-22 14:03:19,2018-07-11 00:00:00
a059bf220c121cd3d48e82b036e831d0,1ea72f58ad176621daf1e0753b15f5bd,delivered,2018-05-05 08:56:58,2018-05-05 09:10:50,2018-05-09 13:00:00,2018-05-14 19:49:39,2018-05-25 00:00:00
f08987078dd6364b07e3db42b792a1e9,a8b8b0b3fad1d06c3ecee2c6d0924ae4,delivered,2017-11-26 17:13:50,2017-11-26 17:32:16,2017-11-29 16:14:52,2017-12-18 22:03:11,2017-12-15 00:00:00
404e2c2a9c8b32e2c57597440e356f2f,43d6a236549309414a019142fee226f3,delivered,2017-12-04 21:49:26,2017-12-05 10:30:46,2017-12-08 17:18:27,2018-01-15 15:29:01,2018-01-02 00:00:00
a620134309363f6c21a14ebb3924590c,aa99ed6019be0975bae06ada5791c011,delivered,2017-04-11 11:31:51,2017-04-11 11:45:20,2017-04-18 15:12:25,2017-05-04 15:34:10,2017-05-24 00:00:00
e6e2b1d0f8a98dca93bfcc801eaedc3a,a8bf87cfcbec9e129b0a2e9c56c2a95a,delivered,2018-08-14 09:45:01,2018-08-16 03:10:20,2018-08-16 15:34:00,2018-08-27 18:06:27,2018-08-30 00:00:00
700a3f10e64cfd0df7f2aea217cca5fb,541d3a3036f302ab95436fd3d7947b08,delivered,2018-08-07 22:02:10,2018-08-07 22:15:24,2018-08-09 16:04:00,2018-08-13 19:44:50,2018-08-15 00:00:00
01c22546c4f9914e232006df82d96e0f,2269aa9a9e0847496cf2a7c2d86ad59b,delivered,2017-09-09 16:45:33,2017-09-09 16:55:11,2017-09-12 15:55:38,2017-09-21 18:04:12,2017-09-28 00:00:00
423a4ec1579258ccf1267d7414246c52,1388eca3c7f75f6038c0d636f9f3b2ca,delivered,2017-06-06 23:09:15,2017-06-07 14:25:22,2017-06-09 09:21:33,2017-06-19 19:58:28,2017-07-03 00:00:00
ce14e551b308d863fc17c8c43f15d87b,b122895c7bc74d8ee10cf7097b6c13a7,delivered,2017-04-23 02:51:01,2017-04-25 09:35:11,2017-04-25 20:06:48,2017-05-18 13:52:01,2017-05-11 00:00:00
0e14afb59249defa7237fa94e266941f,e7762e41533907d1aee1c0b0e1b31785,delivered,2017-11-22 07:39:27,2017-11-22 08:06:42,2017-11-27 15:42:09,2017-12-21 17:03:13,2017-12-19 00:00:00
9120414c699465c006338cddd76e42c4,c700c4f516bc9efd4588bb9cb28f6d8e,delivered,2018-06-09 13:15:02,2018-06-10 13:11:34,2018-06-13 15:02:00,2018-06-14 20:58:26,2018-06-25 00:00:00
d8c9468038ac4ddc59b9cc15ee15cb0e,759bdc8779336011a659a2ce29d3c74c,delivered,2018-05-21 15:59:18,2018-05-21 16:56:35,2018-05-23 14:05:00,2018-06-07 18:11:10,2018-06-08 00:00:00
b50261ba6fd497d968f45d9687e27e84,51d11ac0e8033bba4aee1c2fa2012d84,delivered,2017-02-21 15:45:17,2017-02-22 15:50:10,2017-02-23 14:17:19,2017-03-28 16:03:24,2017-04-03 00:00:00
a5cdddbe997b781dcb63b4c33a3faa4c,b15ae4b21fc9d8d66abc3083f1f6465d,delivered,2018-08-13 16:25:25,2018-08-13 16:35:23,2018-08-16 11:41:00,2018-08-21 16:12:19,2018-08-27 00:00:00
879c7f0d19d8c74f03005b40ba422b8f,00f539ee95c97870a2a4f261a2d96ba4,delivered,2018-03-27 22:38:33,2018-03-27 22:50:11,2018-03-29 00:48:26,2018-04-09 21:05:00,2018-04-18 00:00:00
e4e6eaed893d267970fdfae82dde8715,190ab458165966495c40355f99a3cf23,delivered,2017-11-24 18:36:43,2017-11-24 21:39:27,2017-11-30 01:24:41,2017-12-04 20:17:45,2017-12-19 00:00:00
7a55766a3de515247830c9283a0d2745,6fe4315d751e6365d88b81b2ecd3f75e,delivered,2017-11-16 14:51:50,2017-11-16 15:07:00,2017-11-17 16:03:31,2017-11-22 22:56:49,2017-12-26 00:00:00
95b1f6f56e1831a87c509debb79f3c52,03107396af0b320ed3c0f37f2159915f,delivered,2017-12-05 13:22:22,2017-12-05 13:35:34,2017-12-06 18:23:30,2018-01-06 13:05:22,2018-01-04 00:00:00
39263e1d21c19dd12321cbdb04b3175c,1f47727d222a72bee5cf240bd1380f3b,delivered,2017-06-01 22:44:23,2017-06-01 22:55:06,2017-06-02 15:30:01,2017-06-13 17:36:42,2017-06-27 00:00:00
2c1f923bfda154d36f6dad2084cbde2e,7029100d659d87b7f41d16c113f691e8,delivered,2017-11-24 18:49:27,2017-11-24 22:31:29,2017-11-28 21:18:01,2017-12-18 18:10:27,2017-12-22 00:00:00
1da4a48423b45db9eb872fbd7b5eaccb,704ece8ed0f1ba814027c5f615478165,delivered,2018-05-22 18:31:24,2018-05-22 18:57:12,2018-05-23 13:35:00,2018-06-14 15:06:43,2018-06-08 00:00:00
d02d64a92b368e50d9d1dd6093514a5d,dfe9ac4c1f62211a550f6979937c91e4,delivered,2018-06-19 13:38:23,2018-06-19 13:57:45,2018-06-19 13:48:00,2018-06-22 20:08:38,2018-07-11 00:00:00
475fa9160e2a29d7eb459744a2b16635,d610aec427a7162440339804b45559d2,delivered,2017-12-01 17:00:41,2017-12-05 04:18:38,2017-12-06 20:58:36,2017-12-27 18:52:29,2017-12-26 00:00:00
407c915b14e91ef7bfab0f2f272ccfc9,39a6ee9489fe63680ad9b1fc3b2fb332,delivered,2018-02-28 18:59:42,2018-02-28 19:10:38,2018-03-06 02:46:08,2018-03-13 13:17:00,2018-03-14 00:00:00
9c27a49a6afffd10bd25a5990a02c1e1,5b126323c33914e3a0d693c50f84c495,delivered,2017-11-28 20:13:10,2017-11-29 02:19:08,2017-11-30 20:04:41,2017-12-06 00:16:49,2017-12-19 00:00:00
220d88b24d65edc8d4b8d9eaa5ec0796,09ad9d1167eae6f24c762b46f6470aec,delivered,2017-08-07 11:41:03,2017-08-07 11:50:10,2017-08-08 19:04:50,2017-08-14 17:10:11,2017-08-29 00:00:00
4f2d72bec3f76b37047967ded26335f2,7e501124aeeefcd0be137fd8fad250e9,delivered,2018-05-27 21:44:08,2018-05-27 21:55:22,2018-05-28 14:47:00,2018-06-26 17:35:37,2018-07-13 00:00:00
ca5a4af4d2f58995a39865ef80e34cbe,b56cd2aa756fd6fe4fb009a57623e7d0,delivered,2017-10-07 23:29:18,2017-10-10 06:35:32,2017-10-13 19:27:42,2017-10-23 21:12:52,2017-11-08 00:00:00
f522ddf23e3ce51e2ad669c0c55f75af,5adb76c2c749cc4021ffeb2d5a088c51,delivered,2018-03-08 09:46:24,2018-03-08 09:55:31,2018-03-08 19:36:23,2018-03-16 21:21:13,2018-04-04 00:00:00
3991f987ebb5686ac2cd5fb69d16d9c4,b3238c49535e70a13bc79e930519ba8a,delivered,2018-07-12 23:06:51,2018-07-13 08:35:16,2018-07-13 14:48:00,2018-07-25 21:28:48,2018-08-13 00:00:00
8a1971d2df1c5e6101ab0285700c7ebd,79e4f604f0dd8a921403af5d17c708e0,delivered,2018-01-02 13:11:53,2018-01-02 13:19:26,2018-01-17 20:09:09,2018-01-30 16:17:00,2018-02-08 00:00:00
4b9e031a205af9c7035eda4f4db1ba69,c55751576fef472fbe91aa1fe165a581,delivered,2018-04-16 22:28:11,2018-04-16 22:50:15,2018-04-17 23:24:35,2018-04-20 15:48:57,2018-05-08 00:00:00
5316d7254b2e8e19620f2aec8a6f822a,ac8a12f7bcb418b011e3d14b3845a20a,delivered,2018-02-14 15:25:39,2018-02-14 15:36:08,2018-02-16 20:41:37,2018-03-09 00:11:26,2018-03-15 00:00:00
4388bfaee1fd1126906a13064ebf3f61,ab12f8bc68260488a55650e09e442297,delivered,2017-07-24 22:03:29,2017-07-24 22:15:09,2017-07-31 17:51:59,2017-08-08 22:27:47,2017-08-15 00:00:00
77bef84f0c2e69b9412164d5a95d402a,bdc451bc0bb56979976f1c65ee98368a,delivered,2017-11-10 20:12:56,2017-11-10 20:30:19,2017-11-16 20:52:40,2017-11-22 21:28:49,2017-11-30 00:00:00
45fb34f01dd01f620227b97a2dcb16bc,f47fe155433cf9f2f0f544adf7f60ca2,delivered,2017-05-26 14:27:09,2017-05-26 14:42:28,2017-05-29 18:56:30,2017-05-30 12:03:26,2017-06-08 00:00:00
28bc8f33c194dd4f636717ef490d0921,64ebc89fe827e44bf4c57f7e22676e12,shipped,2018-02-26 12:08:26,2018-02-27 10:48:37,2018-03-17 00:11:31,,2018-03-12 00:00:00
f54fc4773a70856861f06fd47df664aa,630a8c52c651e607568d25a1da038105,delivered,2017-06-12 19:50:16,2017-06-12 20:05:31,2017-06-14 19:16:59,2017-06-19 21:45:54,2017-07-11 00:00:00
640037457ab0f3f6fbfa8cd6908e74ef,04a8f68b5b040ff3e1d961c2d280d4e5,delivered,2017-11-24 01:20:00,2017-11-24 01:33:25,2017-11-24 19:02:40,2017-12-05 23:16:39,2017-12-14 00:00:00
810233b1d86cfaff1b46b1458f7d0a41,b28e4e1a855f322972761f8617f0be88,delivered,2017-10-29 22:10:07,2017-10-29 22:25:16,2017-10-30 23:23:46,2017-11-23 21:02:46,2017-11-22 00:00:00
6e59250a3263ec525190b4625db82da6,67a994ef388769cac17749f83484f047,delivered,2017-09-27 20:20:55,2017-09-27 20:35:18,2017-10-03 16:28:14,2017-10-09 20:03:51,2017-10-24 00:00:00
b72bd7bf1e84a4cde235a7ffcc7542ca,585593d76e71aa8bcabac6773c2c3de7,delivered,2018-06-06 21:39:53,2018-06-06 21:55:21,2018-06-12 11:14:00,2018-06-14 21:47:57,2018-07-03 00:00:00
dac39ed0abfc9b2092f74f36f5157a79,2bef8a5f3e9494ab114d8971a6ff2ed2,delivered,2017-12-19 09:29:42,2017-12-21 02:11:57,2017-12-22 18:37:28,2018-01-09 20:29:29,2018-01-17 00:00:00
74ead5a61500dd4047cd05f77848898f,2280ee2d641ecd26e3f9811a5373bdd2,delivered,2018-02-20 20:03:50,2018-02-21 06:20:04,2018-02-23 01:45:50,2018-02-27 19:29:01,2018-03-13 00:00:00
d3fdc781c4b06febef9311a7fcf93eb5,3252549124d33abd339f98591f95d9ff,delivered,2018-02-26 21:32:42,2018-02-26 22:08:38,2018-02-28 00:08:02,2018-03-28 17:08:50,2018-03-27 00:00:00
363c28b78897354ff4e126dfe41f2890,f96380e72a790bed9e678f38580d7864,delivered,2017-09-05 22:04:20,2017-09-05 22:15:35,2017-09-06 16:14:19,2017-09-11 13:42:48,2017-09-22 00:00:00
e9989a2b67c5d83fa24cef205772dd0b,3e7f4132736787e21b8acecff2e7421d,delivered,2018-05-16 10:09:18,2018-05-16 10:37:13,2018-05-18 15:23:00,2018-05-21 19:49:52,2018-06-04 00:00:00
6e2916ee4de2e65b95b2429f865374f7,4a3563f10fbe3850e2afd7e6d6b54ca3,delivered,2017-05-21 07:57:53,2017-05-21 09:32:11,2017-05-24 10:45:04,2017-06-02 14:33:51,2017-06-13 00:00:00
7764be5b6bee0dd95410f25abc0ecd6e,954759bb948c954f87dbba72b4703451,delivered,2017-02-10 12:10:51,2017-02-11 02:45:07,2017-02-11 11:21:35,2017-02-21 15:16:20,2017-03-21 00:00:00
11177b43d0995dfa2114ceefa2c0cc16,a64c6e8ef34e7fff66a93133937bcde2,delivered,2017-11-17 08:56:41,2017-11-22 02:56:30,2017-11-22 18:22:57,2017-12-21 20:08:33,2017-12-12 00:00:00
6585229c15187cf5b05b2586099c86c5,1b97c9da9c97d1fbe7be867abdb7f446,delivered,2018-01-27 19:41:44,2018-01-27 19:58:25,2018-02-07 19:33:00,2018-02-20 00:04:48,2018-03-02 00:00:00
cdd37a2cbee3ccf5fb245f4e19971f31,20b9b3b3b190f69de242845d26fb346d,shipped,2017-09-08 08:25:19,2017-09-09 11:30:12,2017-09-11 21:05:02,,2017-09-28 00:00:00
9548d47e368ce1b35e93375dd2f3ccd7,eca1a1aa65a7924689ffbd52004fae8a,delivered,2018-03-03 09:59:16,2018-03-06 03:49:43,2018-03-07 13:16:41,2018-03-21 00:09:22,2018-03-28 00:00:00
3c58bffb70dcf45f12bdf66a3c215905,7bb57d182bdc11653fac1593436df8bf,delivered,2018-04-02 17:11:30,2018-04-04 13:10:01,2018-04-04 23:36:54,2018-04-12 15:58:51,2018-04-18 00:00:00
0af058fb1b7b4ee95c3c2e1ccb9ef743,d01a8f6d77e1f773bdce618e0b98db9d,delivered,2018-04-16 19:13:31,2018-04-16 19:32:34,2018-04-19 22:31:50,2018-04-25 21:42:15,2018-05-04 00:00:00
3b1f8d68684710eac0cad28d412dcaf8,471ab303812a9558d0dc904831c807c5,delivered,2018-07-31 16:54:37,2018-07-31 17:44:21,2018-08-08 15:43:00,2018-08-15 22:36:43,2018-09-12 00:00:00
eca3ad869826b027ef93cf88ec6c0e44,20f99ce26ab1dcd6954644b2d76102de,delivered,2017-03-13 17:02:01,2017-03-13 17:02:01,2017-03-15 05:04:05,2017-03-20 11:51:26,2017-03-30 00:00:00
4871768fbfa49644fd5a92cffa201556,66f6040febed2f48bd70eae6e143a360,delivered,2018-08-08 20:17:47,2018-08-08 20:30:16,2018-08-09 09:28:00,2018-08-16 10:54:49,2018-08-20 00:00:00
593820c7bb9aa1200abb7e6404b2143a,022d21be26ea1508038afaa271aacd08,delivered,2017-08-19 03:54:00,2017-08-19 04:05:28,2017-08-22 16:32:54,2017-08-28 20:29:40,2017-09-13 00:00:00
8cfb75065f0afb476ac735606878a893,185493af1240d6356f4ab3ae4033ec00,delivered,2018-03-07 17:10:15,2018-03-07 17:31:43,2018-03-09 20:31:53,2018-03-20 19:22:33,2018-03-26 00:00:00
7948a599ad3b5be1c5394644d0d4f8a4,1e230d328938b07141e28583f50af1af,delivered,2018-08-15 00:08:07,2018-08-15 00:24:11,2018-08-16 14:30:00,2018-08-21 20:38:51,2018-08-23 00:00:00
976fa354f6ecccd2abd6d95c676ab62d,94abfe813e83b1072b526539bcbd0d99,delivered,2018-08-07 20:57:01,2018-08-08 03:10:25,2018-08-09 14:35:00,2018-08-13 14:46:45,2018-08-20 00:00:00
eef276c7d2a8add364316e714f060623,c79c8d356d92bb1b74efb6c4a7766527,delivered,2018-01-26 15:10:11,2018-01-26 15:40:12,2018-01-29 23:32:23,2018-01-31 19:53:08,2018-02-09 00:00:00
aeb280e267d4fcf5e2c8da2cbd0ef890,3183ae586c7ad93a3d009b21237b2996,delivered,2018-01-13 00:12:06,2018-01-13 00:55:31,2018-01-15 17:24:46,2018-01-23 17:52:35,2018-02-07 00:00:00
d62ce432bb1d1056c58fc8b58d30d260,af46eef89eb37fb33875e6531cc2ecfb,delivered,2018-02-11 00:10:30,2018-02-11 01:15:31,2018-02-14 19:27:09,2018-02-22 22:13:38,2018-03-12 00:00:00
2105771f19af1ff52afe2a18c984c412,84f563605ea3fca13e318007b5ecc61b,delivered,2017-03-10 02:59:42,2017-03-10 02:59:42,2017-03-10 12:29:50,2017-03-30 17:12:37,2017-04-10 00:00:00
28c05e313e0aaaed61e9d07ad5a62f7e,2508e77547922a7911f976225b310043,delivered,2017-07-20 15:37:23,2017-07-20 15:45:16,2017-07-26 16:13:09,2017-08-03 15:09:53,2017-08-09 00:00:00
9c9e615a6b717a5c6fd398ef41422f14,63a22e0bf991ea09bf15a9bf0f62e7ee,delivered,2018-04-18 08:19:13,2018-04-20 07:31:43,2018-04-25 02:24:26,2018-05-02 19:58:50,2018-05-14 00:00:00
edbb939fffa4ee03b8ccf49ed3f6e66e,2f36d971005f4a8a072667fa2e5bf407,delivered,2018-04-26 23:33:22,2018-04-26 23:49:42,2018-04-27 13:12:00,2018-05-15 17:14:26,2018-05-25 00:00:00
983de0fdf98ff06d6cf1c379f7540f7f,2b468844813abceb44b6cd3cc7dc6b81,delivered,2018-06-11 21:04:10,2018-06-11 21:40:32,2018-06-12 18:14:00,2018-07-03 16:03:56,2018-07-19 00:00:00
5f739b9d416fe64eaaca0f74c6a96239,2740275ffdc269b76a204c20fbb880d5,delivered,2017-12-01 14:16:10,2017-12-01 14:39:00,2017-12-04 23:24:39,2017-12-12 22:18:58,2017-12-26 00:00:00
de170050f62caffbd0b8b077187ba262,83fdbc7a2c69f371538d61721ae5f507,delivered,2017-11-22 18:55:53,2017-11-22 19:06:38,2017-11-23 23:11:46,2017-11-30 19:14:05,2017-12-22 00:00:00
d211250c55eeca57b507cfe8e97e8d7d,d9a86687225f7fd77a54eeef4e5dba4e,delivered,2018-02-15 14:34:24,2018-02-15 15:06:57,2018-02-16 18:26:51,2018-02-21 22:15:48,2018-03-07 00:00:00
283a7afd444a9a463b7bc938f0344f70,71c87b1447c3045b2cc7e46235eef43a,delivered,2017-06-23 01:55:44,2017-06-23 02:05:07,2017-06-23 10:42:47,2017-07-03 10:07:48,2017-07-17 00:00:00
66673d07632c70dc8a9393c230b2e275,95352b0833aad8e54a296a597fc84dfc,delivered,2018-06-29 12:14:56,2018-06-30 04:35:20,2018-07-03 14:15:00,2018-07-13 20:59:29,2018-07-26 00:00:00
8481478249ba7d8799056856230b56f9,44cf54f2e6b9ba1a2eea3231a300c24d,delivered,2017-11-11 13:30:50,2017-11-11 13:50:20,2017-11-13 12:14:58,2017-11-21 00:02:55,2017-12-14 00:00:00
e0f3492b65c9f4b2e1ce0453ab64b72a,64372f00dc8abe94d9017ec307570942,delivered,2018-01-22 11:34:24,2018-01-22 14:53:31,2018-01-23 22:38:59,2018-01-25 17:33:55,2018-02-07 00:00:00
4cfd0406d7db1d6877a1f7cbbaa722bc,6298ba3029dfa6658693e1b36ce1842a,delivered,2017-11-26 14:55:20,2017-11-26 15:14:23,2017-11-29 11:51:21,2017-12-20 23:22:12,2017-12-21 00:00:00
adcc8462c02143ed9914cc08bf3d6136,7bffb08b36c8d94c9a3d1c6c3a3263ad,delivered,2017-09-11 12:20:35,2017-09-11 12:35:12,2017-09-14 15:43:08,2017-09-25 14:50:22,2017-10-04 00:00:00
b2728d138cc3cebb796105eedbb4784a,e80a15b9bfbfc93d266599c844f56c8b,delivered,2017-03-20 19:12:46,2017-03-20 19:12:46,2017-03-22 06:44:33,2017-03-29 16:43:41,2017-04-13 00:00:00
c2df028c86d4158c1bae5a4028860656,0c97be3891f7e2598f4e113dbdb6e528,delivered,2017-12-30 18:58:47,2017-12-30 19:07:23,2018-01-02 20:02:52,2018-01-04 22:47:45,2018-01-18 00:00:00
e1be3305b8d5ce4a075e7795055788e9,e87997d4b2cc76882dac94784dc41ada,delivered,2017-11-23 09:21:45,2017-11-23 09:32:11,2017-11-24 20:55:52,2017-12-09 10:52:46,2017-12-13 00:00:00
1d812d7b785dff5e4568cc8f7e76f230,00bae1a0d3566c3af0c3c67fd2204935,delivered,2018-02-22 16:11:14,2018-02-24 02:51:09,2018-02-26 22:39:46,2018-03-06 19:06:41,2018-03-19 00:00:00
d51bd9a2ba2a0c6d76955459164d238d,b88501b556eb6ca99d56add0a47ed16b,delivered,2018-03-30 10:35:24,2018-03-30 11:27:29,2018-04-02 23:28:30,2018-04-04 17:51:09,2018-04-12 00:00:00
0dee58528ed64475b6af5433ef84dc23,bcef5de9c6261c340bf350662b4a6872,delivered,2018-01-24 12:38:18,2018-01-25 12:31:28,2018-01-26 15:19:58,2018-02-07 19:25:33,2018-02-22 00:00:00
5f332fa4ad3167e08253c656a2fae4cc,f092dc5c7219f24ce749882d2e11c43b,delivered,2018-05-20 21:14:51,2018-05-20 21:38:26,2018-05-23 13:17:00,2018-06-08 12:40:51,2018-06-20 00:00:00
c590ba67ec2c2ec0625ec1f9119b6598,73030ce73a719fa299775db21dc5033d,delivered,2018-03-20 11:19:37,2018-03-21 02:49:07,2018-03-21 19:18:34,2018-04-04 15:07:04,2018-04-18 00:00:00
a437b04047ac97f23b5baf153991372b,44a89ae5208fbe0ca6280cead9622fda,delivered,2017-04-23 18:54:11,2017-04-25 07:55:35,2017-05-02 19:11:23,2017-05-11 09:29:48,2017-05-11 00:00:00
55c53a2d3c60e83064ad06dce6069af5,709de197fcb34c63b216c3cafaf689cb,delivered,2018-07-11 17:37:25,2018-07-12 17:35:11,2018-07-17 14:16:00,2018-07-24 22:15:50,2018-08-14 00:00:00
28b01f0f5376bd0156e25d9cfd797b35,ff6ba48e587d8075a65326145000ff87,delivered,2018-04-16 17:49:34,2018-04-16 19:11:50,2018-04-17 19:52:30,2018-05-07 23:53:27,2018-05-11 00:00:00
9b1d71b20edcf15ab15e0bb4a932f23f,7343c19728d9499883e74b93863dcefd,delivered,2017-09-10 09:14:32,2017-09-11 20:43:27,2017-09-13 21:54:46,2017-10-05 20:41:55,2017-09-29 00:00:00
ee2f74bd4af6f0a1995488fbd5c978ec,692cdb57d84a869787575eabbe323218,delivered,2017-11-12 15:38:42,2017-11-12 15:50:47,2017-11-16 19:34:31,2017-11-23 18:33:06,2017-12-13 00:00:00
60e3ebce36d40be343e1f240b81a811e,55a365cf4d82f1b6e044a0da88b681a1,delivered,2018-04-19 17:25:39,2018-04-19 17:35:48,2018-04-23 16:52:44,2018-04-30 21:22:50,2018-05-18 00:00:00
d3a3e3a97ab240877d7898e0a85e9d37,ba58047d3124fa183ce64088402c6f3c,delivered,2018-08-20 19:01:14,2018-08-22 03:50:18,2018-08-22 14:55:00,2018-08-24 20:38:32,2018-08-24 00:00:00
2177c383835d2102aaffabf80638aa19,ce11c5da877465175182c9082327755d,processing,2017-05-09 11:01:12,2017-05-10 02:42:49,,,2017-06-14 00:00:00
2b016617466b3d768cebf616e68a3983,640c3b3d8f8dbaf9c95839f3b7944bba,delivered,2017-11-16 14:50:35,2017-11-16 15:07:00,2017-11-17 20:16:51,2017-11-20 21:16:56,2017-11-29 00:00:00
2b91a37b71adaff0cc49079ce382939d,00cd55d78c1db8aa5f78e95d363373e4,delivered,2018-03-16 23:30:40,2018-03-20 03:15:28,2018-03-20 23:37:27,2018-04-03 02:27:22,2018-04-09 00:00:00
ea61ed29f4c6dd7b047e92ac87e73392,a0a0edc6aaa1850d9462d1ddcc22dc3b,delivered,2017-07-19 12:07:26,2017-07-21 02:55:35,2017-07-21 18:56:57,2017-08-02 20:59:46,2017-08-22 00:00:00
08cf63d17d15433573bf10ae778045ab,3782b0146ca11125a619eb487dd7b2e9,delivered,2018-02-09 09:53:17,2018-02-09 10:14:36,2018-02-09 20:18:26,2018-02-23 18:08:09,2018-03-09 00:00:00
f8b6d271cb2c002baa7fd9d98d258577,2cd756bc2589c1bccff1bd60a783f05b,delivered,2017-12-18 14:29:33,2017-12-18 16:31:58,2017-12-22 22:44:36,2017-12-28 16:23:31,2018-01-11 00:00:00
0cbb4eb8eb55f8386cb8c934ff936358,219ac6264d4fc0182ce6773440355b6e,delivered,2017-05-13 15:37:46,2017-05-13 15:50:15,2017-05-15 11:33:39,2017-05-22 17:04:44,2017-06-02 00:00:00
aca5ef1d6df08d476703f538ba867594,ca2138bd02478a64b51c063c4bb7fd8c,delivered,2017-03-28 23:49:12,2017-03-29 01:15:46,2017-03-29 15:37:43,2017-04-07 17:08:13,2017-04-19 00:00:00
0ca1bac7f133e0eced641bff853f52ea,c38daf55356a31e900fd1f44eb1609d5,delivered,2017-10-31 20:45:18,2017-11-01 03:15:34,2017-11-01 17:12:39,2017-11-07 20:18:45,2017-11-21 00:00:00
88a385737ede49900eeccbcd1d16fa00,5e1d72bbaa87d25e9c72e387b86b5a05,delivered,2017-02-15 12:56:00,2017-02-15 13:10:39,2017-02-16 08:07:19,2017-03-02 15:07:27,2017-03-20 00:00:00
7d83d15f8cf6bff14a6be51ed7d16683,1e3bdbcd4096588079be99fcf4355d6d,delivered,2017-10-23 11:34:23,2017-10-24 03:35:14,2017-10-24 19:34:47,2017-10-27 18:16:53,2017-11-13 00:00:00
2ee5c3b1af17065d0631baf102930c8e,2a56657815bb20eb7a1bc9afb957e784,delivered,2017-11-20 16:48:59,2017-11-21 03:46:14,2017-11-21 21:30:21,2017-12-05 01:12:20,2017-12-18 00:00:00
244ff746320ac713392dff3201120c0d,64786fdb53bdbf2ae4270adbc81d371d,delivered,2018-03-20 15:05:08,2018-03-20 15:15:31,2018-03-22 20:38:30,2018-04-06 23:48:40,2018-04-11 00:00:00
60f262077cbc086086e49d225d09114a,1bee2327fc9d466e7cc69c631f6edac4,delivered,2017-11-11 13:26:34,2017-11-11 13:35:31,2017-11-14 22:17:09,2017-11-20 19:44:36,2017-12-06 00:00:00
03fa4271f18542d22ecbb7eb41802ada,8a59aa4c819f3517cb74c672f5564ab1,delivered,2018-04-19 22:44:24,2018-04-20 06:15:10,2018-04-20 20:18:32,2018-04-23 17:42:04,2018-05-08 00:00:00
243e95f7ef35f86a258727975245bd4d,354c6800a77f0d4f3c1d08086499e0dd,delivered,2018-06-07 23:29:48,2018-06-07 23:53:49,2018-06-11 09:47:00,2018-06-19 19:18:40,2018-07-19 00:00:00
fd97401041e22864ebc2b6b2388d5a8e,06922ee99355bf830408f263ba2c3e10,delivered,2018-02-23 20:39:33,2018-02-23 20:50:33,2018-02-27 23:06:59,2018-03-17 13:21:00,2018-03-15 00:00:00
8df58f40fe1df92d0594a2ff4993ab55,697f5da4a12635cc0709677e6481514a,delivered,2017-06-28 19:09:11,2017-06-28 19:23:48,2017-06-29 11:24:47,2017-07-05 17:04:20,2017-07-24 00:00:00
a10eaf1d37ed2040bb65b479fccc8bf5,787ce24878a10ba3edc37411f8a2dfff,delivered,2018-06-11 14:19:16,2018-06-11 14:38:38,2018-06-12 10:48:00,2018-06-14 10:18:52,2018-06-26 00:00:00
b41cfe56ae135b607c1210cd3dd73744,1b5c7a6245081fb431cbc7e64302454f,delivered,2017-07-07 14:33:54,2017-07-07 14:45:14,2017-07-12 18:39:55,2017-07-17 17:46:35,2017-07-31 00:00:00
10f727ff394decc79ce4fe9d02d3528e,90a446c72dfcaf840b54bd7dce8034ac,delivered,2017-12-12 18:23:41,2017-12-12 18:31:52,2017-12-13 19:42:58,2017-12-19 19:42:39,2018-01-10 00:00:00
d2fc2b831fe2ab8c9105c66246c93802,6af31d40667393d09cf9e596c5ab9fb0,delivered,2018-02-16 15:02:18,2018-02-16 15:15:27,2018-02-20 12:57:37,2018-02-27 17:04:52,2018-03-15 00:00:00
addd750cdd1e291d03ffa31e89eec86e,566b3728a85d64d9446ccc95dec63ad8,delivered,2018-08-14 17:32:09,2018-08-14 18:25:22,2018-08-15 13:45:00,2018-08-23 15:57:57,2018-09-27 00:00:00
f512eafa07f2352dec6a35497bccfc65,bcfac056b5c61627f1652a23282304cc,delivered,2018-01-16 08:08:21,2018-01-16 08:18:21,2018-01-26 20:05:23,2018-02-06 17:48:32,2018-02-22 00:00:00
caebb338f575e41c6ff53ac124033ccb,0f6d05e9c956bb1bbd47af66ad74b86b,delivered,2017-09-20 15:05:16,2017-09-20 15:15:18,2017-09-21 16:32:12,2017-09-22 16:38:01,2017-09-29 00:00:00
dbd0a0b89b3fe516f8534b0f5de08534,887e8328775b187e3a8863ecba16f06e,delivered,2018-07-09 10:50:33,2018-07-09 11:05:24,2018-07-10 14:34:00,2018-07-20 18:44:40,2018-07-27 00:00:00
dc7b9b702c0effb86fee8579bff12f3c,b70df5d8ce13c932735c5718395d1e54,delivered,2017-05-29 13:38:04,2017-05-30 13:45:42,2017-05-30 13:59:27,2017-06-02 13:42:54,2017-06-19 00:00:00
2ae4b7aa9e05e499dc71a87e27f0017c,6eb39dd9d1e69c667575f339f084347e,delivered,2017-11-22 19:42:41,2017-11-23 02:35:24,2017-11-24 21:09:12,2017-11-28 20:32:13,2017-12-04 00:00:00
9c440fc86e36452b4288efbf2d65dcf5,4eeac7973c20e53807075b630a295b50,delivered,2018-03-31 11:40:16,2018-03-31 11:50:17,2018-04-05 17:56:40,2018-04-07 01:00:39,2018-04-12 00:00:00
b675c85f6d0f5171914694e00382548d,e536895ab7864eaf78dc9ce8ad805a34,delivered,2018-03-15 19:07:43,2018-03-15 19:15:50,2018-03-16 21:36:49,2018-03-20 20:36:44,2018-03-27 00:00:00
747948a9e0576dc3881e63a32fa5ce47,ab629c3a39d46c21aa1e426b6e22e105,delivered,2017-12-19 15:58:02,2017-12-19 17:16:13,2017-12-20 22:29:22,2018-01-09 13:14:32,2018-01-19 00:00:00
127f3dbf0dfc0da17005ba12e05d988c,aae1dec3df4a219450d7de738f0b28db,canceled,2017-04-27 18:28:20,2017-04-29 02:45:43,,,2017-06-16 00:00:00
8c046353553dfa27785df739e508fa5a,280fae5c545891d56a80f5550b461239,delivered,2017-09-28 18:52:53,2017-09-29 03:36:01,2017-09-29 20:02:08,2017-10-03 18:29:14,2017-10-24 00:00:00
79cbfbf8b4e4102b3aea0d89b2560830,7ea449aa8a4045d570e2d0cb6473fa47,delivered,2018-04-18 20:37:39,2018-04-18 20:50:34,2018-04-19 18:48:34,2018-04-25 18:07:23,2018-05-14 00:00:00
ec816a2c8c072f4907171e81a58bed46,ce1b1867b8ff73c07862289d59dac7dc,delivered,2018-02-10 11:10:16,2018-02-10 11:28:02,2018-02-15 12:51:57,2018-02-27 00:22:17,2018-03-12 00:00:00
c2c7f4f0955b1fcd9425c97f401411b8,dee628e4308cba581d78419dce05b1e9,delivered,2017-12-16 19:31:49,2017-12-16 19:50:51,2017-12-21 21:36:37,2018-01-05 22:20:05,2018-01-23 00:00:00
595e43e67e03405d594d8c690a73264c,f6fb09a1fc38571f394ffb6ce4116ef3,delivered,2018-04-23 10:28:37,2018-04-24 18:19:50,2018-04-25 00:37:34,2018-05-10 18:19:36,2018-05-25 00:00:00
3f04e710beea0fa7c09842c227f005ad,9e601769a837f171cf58645b7e89da4d,delivered,2018-08-03 20:51:31,2018-08-04 04:15:34,2018-08-07 12:06:00,2018-08-13 22:30:36,2018-08-20 00:00:00
8bacc2f32b92ef5631a9c135352efee2,d3899636621793bce495e52632ae5b2e,delivered,2017-04-18 22:44:26,2017-04-18 22:55:24,2017-04-25 15:37:33,2017-05-15 12:08:21,2017-05-24 00:00:00
aae35f8d7c5a9806060218e572d8370d,2ce3065b5ddebd3b59b31861d2f9bf5e,delivered,2017-11-30 23:14:31,2017-12-01 10:31:17,2017-12-04 14:48:46,2017-12-15 17:39:07,2018-01-05 00:00:00
1f8f107ec282753323eb8c093b00767c,2bc7f60e995164669011e304e5db2dae,delivered,2018-01-19 09:07:53,2018-01-20 09:08:52,2018-01-23 18:32:19,2018-01-30 19:53:11,2018-02-14 00:00:00
c349154248a3236a01cba7d40dbef250,b258506ae96a283a3530790689693e19,delivered,2017-12-04 14:12:13,2017-12-05 04:13:54,2017-12-09 09:58:37,2018-01-11 22:36:06,2018-01-05 00:00:00
cdbd8e67ad713458b75e3543d685f456,094cafa0ff204c7f367f840ba94209a8,delivered,2017-12-18 20:45:14,2017-12-18 21:51:48,2017-12-20 15:37:38,2017-12-26 18:36:52,2018-01-16 00:00:00
991bec1822c6466e1a18fbe592a034b0,fcfb42393d756d2101104011a3d81c95,delivered,2018-02-16 11:03:23,2018-02-20 10:15:29,2018-02-20 22:40:08,2018-03-05 18:06:07,2018-03-14 00:00:00
9d7737b250ca12ae1e89ef38f2e5d213,ca17d4fd424a130fa7a57e5465939eb1,delivered,2017-02-07 08:25:08,2017-02-07 08:35:20,2017-02-13 16:16:59,2017-02-16 16:53:50,2017-03-14 00:00:00
73420d311b56ca667f78b32cfccea8eb,16d54b87b9a9b62fdbe0efd2521e8eae,delivered,2018-01-18 19:10:52,2018-01-19 02:38:40,2018-01-22 22:49:20,2018-01-24 17:59:44,2018-02-02 00:00:00
67eb3ce7b13b9f4112f71b922f69d234,3634a95f9744f906816e3369c09ca6f0,delivered,2018-04-03 11:12:00,2018-04-03 11:29:08,2018-04-11 18:21:59,2018-04-17 16:54:43,2018-04-23 00:00:00
3c31676dda1c2731a56d31f4157f72b4,59fa4d3923b20aed0ae89cc86febe83d,delivered,2017-07-10 09:21:18,2017-07-11 09:25:14,2017-07-11 18:55:44,2017-07-14 17:34:00,2017-08-01 00:00:00
86d5e898f1f6df69168021ad87246fad,2239013efdc86b0fafe3dd57c11a77a2,delivered,2018-05-19 13:19:54,2018-05-19 13:39:44,2018-05-25 14:58:00,2018-05-29 00:27:25,2018-06-01 00:00:00
885f4f4ae28b4914c99d01be5bf570bc,bf8408dbf7fb19840ec21ac0c8fa345a,delivered,2018-01-15 22:21:30,2018-01-15 22:30:43,2018-01-19 23:58:40,2018-01-22 20:52:32,2018-01-30 00:00:00
59b8a01e16359f7855eb1fc04091ca08,dba6a521ff58c91c3b7802383a2b77e9,delivered,2017-08-11 17:35:47,2017-08-11 17:45:16,2017-08-18 17:34:20,2017-08-25 20:37:46,2017-09-12 00:00:00
330e2bf62773e756f26a7b39ca758c08,bfd1c364658be656137aef5ce944a929,delivered,2018-07-09 12:04:24,2018-07-09 12:15:17,2018-07-10 21:16:00,2018-07-13 20:54:37,2018-07-24 00:00:00
095f058cc1daeb1e7ba1c133473090a3,37589709e8da3fb3e3835c7c7b942de7,delivered,2018-04-14 18:14:42,2018-04-15 18:10:47,2018-04-16 23:12:01,2018-05-05 11:41:25,2018-05-14 00:00:00
dbac9bca550d09c1e25a38dc0086d448,34dc1959beee5ccbddabcbe79132f8b3,delivered,2018-08-18 22:36:58,2018-08-20 10:51:10,2018-08-21 12:25:00,2018-08-24 13:38:52,2018-08-30 00:00:00
3e470077b690ea3e3d501cffb5e0c499,4a913a170c26e3c8052ed0202849b5a8,delivered,2018-04-05 19:33:16,2018-04-05 19:48:59,2018-04-07 00:38:52,2018-04-07 16:12:43,2018-04-19 00:00:00
2da17c10595f4473acf4564e3bd57ce2,3019339804e4bbd61f55671c4bc52d8a,delivered,2018-05-15 18:10:29,2018-05-15 18:34:53,2018-05-17 13:14:00,2018-05-18 22:28:36,2018-05-24 00:00:00
bca23b0c0c24178fcf6fb1838fadbe86,42d2d2023056a7b8a7cab5c68fad2fd8,delivered,2017-06-09 16:40:56,2017-06-10 02:45:36,2017-06-13 07:15:37,2017-06-19 12:55:55,2017-07-04 00:00:00
1053f48dab84166419bcecff0003c7b9,7b2cbf1521e98968f700c881a38a1663,delivered,2018-03-09 19:20:38,2018-03-09 19:48:15,2018-03-15 01:48:44,2018-04-19 17:55:26,2018-04-06 00:00:00
57c69ed198726d2114eb47ca8c2d64c4,3bf7096ca4aa72588b26d99acfc1a823,delivered,2017-08-31 17:47:19,2017-08-31 18:05:09,2017-09-02 14:26:06,2017-09-11 20:46:53,2017-10-02 00:00:00
ecfe65cfaa102e8a89b64e8847d79314,810aa131ec726be20478b44bae2d8934,delivered,2018-04-30 23:26:40,2018-05-01 03:53:48,2018-05-02 13:03:00,2018-05-11 16:03:03,2018-06-01 00:00:00
e42404a21e1f2985aa073939b8375da5,fccdeafeeb46d7a1e258e97b5801db6f,delivered,2017-12-20 22:59:28,2017-12-22 02:50:49,2018-01-19 22:58:58,2018-01-25 11:36:34,2018-01-15 00:00:00
fd74a95ccfea489d33e78d0c076a640f,75b825be7ed48b117b651c8f0346ab4b,delivered,2017-10-15 14:55:23,2017-10-15 15:07:12,2017-10-17 14:58:06,2017-10-26 18:18:11,2017-11-08 00:00:00
2abc183ed563bc04debbc0e9cd90c220,e46a954e026813d17a304893da1e0862,delivered,2017-11-12 16:12:40,2017-11-14 03:35:34,2017-11-14 22:12:07,2017-11-21 18:39:08,2017-12-04 00:00:00
6cd3f2ca1a0a50c0500752842d4dd018,436c99758020926f3516983ac84cb5cf,delivered,2018-05-18 22:38:05,2018-05-18 22:58:12,2018-05-21 14:47:00,2018-06-01 17:53:23,2018-06-11 00:00:00
08b9d47b3be61595c61eddc50b42ee02,1453fb48451a18493f27e2e36cfb0962,delivered,2017-07-28 10:24:45,2017-08-02 08:35:26,2017-08-01 18:48:48,2017-08-07 13:14:01,2017-08-23 00:00:00
73b12cfaa8f20bc1ff6b36c9ef17f656,1f8092991f4b9845fb57ffeff3a4aff0,delivered,2017-05-10 13:45:36,2017-05-10 13:55:18,2017-05-10 14:54:33,2017-05-19 12:26:17,2017-05-30 00:00:00
bbb0e248cd5ad3480165a7ed356a9d1b,438fcfe9666d1e6d343db1a978811313,delivered,2018-04-30 12:06:49,2018-05-03 03:53:09,2018-05-04 11:24:00,2018-05-05 18:03:48,2018-05-16 00:00:00
ef2ad8ca843fcd41ef3395b5f31e5930,51b3c797c38b500b72e45712e8947e0f,delivered,2018-03-16 21:24:33,2018-03-17 21:28:28,2018-04-13 00:44:24,2018-04-20 22:53:31,2018-05-15 00:00:00
dc554659515cf551660a23d201582805,d8ce092ad6bcafc4380d93f54fca6786,delivered,2017-11-23 22:14:44,2017-11-23 22:28:25,2017-11-24 16:43:27,2017-12-13 19:22:13,2017-12-13 00:00:00
54eb0622bfe39fbc377326bc9f327a6a,8e708b1d7995a86a9130ce6267066b3a,delivered,2017-07-20 17:30:17,2017-07-20 17:43:44,2017-07-21 17:00:07,2017-08-09 20:27:54,2017-08-23 00:00:00
7c8ef607483d6add6bd812fcb934dca9,570bf883bce837f8895cdbfd2ebe1310,delivered,2018-04-12 21:33:20,2018-04-12 21:51:43,2018-04-13 19:41:39,2018-04-18 16:18:39,2018-05-11 00:00:00
f2e503ec5863ccf71c41fbe188c1879f,8cab8120c3ee21c5a4b8b2a189f98310,delivered,2018-03-27 11:44:20,2018-03-27 12:08:01,2018-03-29 18:31:32,2018-04-13 23:15:21,2018-04-27 00:00:00
bcc8085a0288cf3353fea3d79ae6b9a0,10fe8f57329b7dde626bdb7ca0398f00,delivered,2018-05-13 13:38:38,2018-05-15 05:32:40,2018-05-17 12:14:00,2018-05-22 15:34:33,2018-06-05 00:00:00
c2abf9bb9aed7fde704bd9b34802c52a,98879612677b8300006561d29870872c,delivered,2017-03-16 13:30:46,2017-03-16 13:30:46,2017-03-17 12:48:47,2017-03-28 14:09:55,2017-04-20 00:00:00
f067b296555af485cf64c4d69aa38a0b,e3809e6f419c37bf36138579f8bdcc80,delivered,2017-11-28 10:07:43,2017-11-30 02:25:45,2017-11-30 23:21:27,2017-12-04 20:33:24,2017-12-12 00:00:00
4e77bf9e57e21666590f89f0d68b0041,88d87ad44ce535620cb1e78dc9f72347,delivered,2017-12-17 14:04:45,2017-12-17 14:16:22,2017-12-20 20:45:56,2018-01-04 23:36:12,2018-01-16 00:00:00
cb2e2bf4d2990911417af94995df6adf,6fb5ebfa196681dda53a2c27199a995e,shipped,2018-04-30 20:02:51,2018-05-01 02:55:31,2018-05-08 13:40:00,,2018-05-25 00:00:00
23ec62701b81a534e40494d279ea0b83,dd2b489e0d54de04ef56427126b0d480,delivered,2017-08-23 17:34:57,2017-08-23 17:50:17,2017-08-25 15:10:48,2017-09-04 18:32:32,2017-09-15 00:00:00
6ec704c9a120baaa6b3e162255ec684b,ea493c4332b771f1c1cf1592c320f8c9,unavailable,2017-12-30 10:52:01,2017-12-30 11:06:11,,,2018-01-30 00:00:00
2dc5825eb69b865a9c9b8fbfa69c340d,9a0f9aa98b8176aa96732ecc86f540ea,delivered,2018-07-17 13:19:56,2018-07-17 13:30:15,2018-07-23 07:16:00,2018-07-26 15:17:28,2018-08-03 00:00:00
fd905a86dde23ea43876bd2c8f266221,e16470b87375801e2d9e881764b7305e,delivered,2018-06-08 10:50:41,2018-06-11 08:58:13,2018-06-12 12:39:00,2018-06-29 22:18:57,2018-07-24 00:00:00
62a50d53a4e50a04954b779f7ee090db,356f911f4a74dd8d365a720285b1c5db,delivered,2017-11-23 22:27:48,2017-11-23 22:36:59,2017-11-24 21:46:58,2017-12-11 12:38:58,2017-12-22 00:00:00
377955b64069de71f75ed5378881046b,671e16bbd6fab5c418a797451d9ef568,delivered,2017-11-27 12:15:56,2017-11-27 12:33:37,2017-11-28 16:06:45,2017-12-22 19:05:09,2017-12-20 00:00:00
252aabc5aca2bc51672fb4ded077dcd7,5974a7436459910a0a91a5e6cdd9c6bd,delivered,2017-12-14 00:06:50,2017-12-14 00:17:38,2017-12-16 13:38:28,2018-02-06 17:27:03,2018-01-26 00:00:00
856602c4185777967161034778407d21,e9e5f7799a82d42f2ed1eabcbabfdd56,delivered,2018-01-25 14:10:51,2018-01-26 20:53:19,2018-01-30 18:08:44,2018-02-16 21:33:02,2018-02-21 00:00:00
fe166f25e5b4e549094b37531b20cd19,d4f95045b6d8e14b9854ca5b2495928b,delivered,2018-08-15 17:00:09,2018-08-15 17:15:20,2018-08-20 14:15:00,2018-08-21 17:21:42,2018-08-22 00:00:00
42ac49d6394099d7c2a5d2d7fd813bd8,e5381e8c6c9fd17625f8ab76bee76b8d,delivered,2018-03-19 08:43:21,2018-03-19 08:55:56,2018-03-20 20:58:31,2018-04-05 19:17:27,2018-04-06 00:00:00
fbca4283c50aa9846b2fb711093da41f,b905cd2d6fb12189d83870be0d608c9c,delivered,2017-04-06 16:11:42,2017-04-06 16:30:25,2017-04-07 15:09:57,2017-04-12 10:34:50,2017-04-27 00:00:00
6d8d35fe33dba5876a6748e641de5058,e18a73e99813ab848fe50a216642fbb5,delivered,2017-12-16 23:02:31,2017-12-19 09:50:45,2017-12-20 21:57:08,2017-12-27 14:06:43,2018-01-11 00:00:00
8906cb0ae3ccbd4613940de05579b218,fd5ddf911dca5e102a4856a2ace88a09,delivered,2018-02-12 22:25:07,2018-02-12 22:35:30,2018-02-19 23:39:37,2018-02-21 00:33:39,2018-02-26 00:00:00
d9fb85f3f3239e18e331c9f622d6998b,a48c2e41f8bbd21452646a72838533bc,delivered,2018-08-03 16:25:57,2018-08-03 16:35:19,2018-08-04 09:46:00,2018-08-07 21:21:40,2018-08-08 00:00:00
78cdcb172d0131f82c621d36e496db8d,482106fe3dfb5d9b889c62e60e51273f,delivered,2018-08-01 21:57:38,2018-08-01 22:05:18,2018-08-10 06:14:00,2018-08-14 20:31:53,2018-08-10 00:00:00
43d29c6fc78c31c80080d85e5260a9fb,41fdaf0dcabfb53a5556c46cd8cc0a32,delivered,2017-01-05 14:36:18,2017-01-07 03:44:12,2017-01-11 16:25:58,2017-01-16 09:13:47,2017-02-01 00:00:00
32c02fe039c39b0f5675fda43d532d9f,49777592155d7d53a5a3143d9f62a3d7,delivered,2018-08-10 23:27:51,2018-08-10 23:44:33,2018-08-11 08:33:00,2018-08-20 22:21:06,2018-08-29 00:00:00
39d340d25b904393423407b7b5ed5030,5826d0f4bd70a31c10a770bbfdda9cfa,delivered,2018-05-03 21:14:33,2018-05-04 21:10:19,2018-05-07 12:28:00,2018-05-23 17:36:39,2018-05-22 00:00:00
4e1d5bf07ad851a6470d6b28cfd1f1e6,b19ab8d36d0de6602c4f57aa41e8dabb,delivered,2017-01-30 18:19:23,2017-01-31 20:31:32,2017-02-02 13:58:06,2017-02-09 10:17:57,2017-03-28 00:00:00
ea1dcb4757a844d2642547797bd5feb0,4999e129610251dec1e6fb712dc15171,delivered,2017-07-18 13:38:29,2017-07-18 13:50:23,2017-07-27 19:21:31,2017-07-25 19:43:10,2017-08-15 00:00:00
1355ee2061d2b2ec16fb59836b808c96,11fb4a84b02d5be5f1bd38d80b185db1,delivered,2017-08-06 16:19:28,2017-08-06 16:30:20,2017-08-08 18:12:52,2017-08-15 22:36:31,2017-08-29 00:00:00
2a8ceac6f57f939a8dbd1b8d2fac1b19,ba8dfa73b67c1ff15514bbcecaa2357d,delivered,2017-06-07 22:00:11,2017-06-07 22:10:15,2017-06-13 14:22:37,2017-06-19 18:13:46,2017-06-30 00:00:00
813ef880f4bd43a937a8c15bd672681d,d073b9710a594b0cbda0ec8fdfbf5d7a,delivered,2018-03-27 15:33:31,2018-03-27 15:52:02,2018-03-28 16:47:51,2018-04-13 13:36:53,2018-04-23 00:00:00
d39427c386e367ef8a3e77bcaef4cb7f,a50e121890928010391cbc82c8b8e83b,delivered,2018-02-01 20:44:36,2018-02-01 21:09:59,2018-02-02 16:37:01,2018-02-07 20:26:51,2018-02-23 00:00:00
4e0d63d72f1cacc32d4cbc36b7d1d176,bce8476cc98277930a248e422354c4b0,delivered,2018-02-08 16:23:51,2018-02-08 17:07:05,2018-02-15 16:08:16,2018-02-23 15:42:45,2018-03-02 00:00:00
0ff91985e1cbf76b8e97b408d735f7b6,98a2d639991fc713adc2c95e1b5a3c51,delivered,2017-09-16 15:02:11,2017-09-19 03:44:10,2017-09-19 15:29:02,2017-09-25 17:48:40,2017-10-04 00:00:00
fa350da9efbba83c2957b629bf6c2c7c,7497a06928794c94a04ed924922922e5,delivered,2017-04-22 11:35:34,2017-04-24 16:45:13,2017-04-26 10:08:57,2017-05-09 07:22:54,2017-05-26 00:00:00
a2e800724114bf08cc0847941b882a4d,c96e4b1faa66775c112927045ead1c5d,delivered,2018-04-04 17:20:08,2018-04-04 17:30:20,2018-04-09 22:42:02,2018-04-12 17:34:45,2018-04-20 00:00:00
cffc9d6f9230a7eb234ba6f3574db1ff,508c98640dab1de30b6663686fac065c,delivered,2018-02-23 02:22:17,2018-02-23 02:35:26,2018-02-26 16:10:36,2018-03-15 00:19:59,2018-03-26 00:00:00
6d55fe3b32304e2b54494df5d44379e8,a0e671dcb000ed7d071fa2f308a9c625,delivered,2018-07-19 00:43:16,2018-07-19 00:55:26,2018-07-19 12:11:00,2018-07-23 19:46:38,2018-08-06 00:00:00
fa3c71ffffeeb5eb71a5cceba27226c8,11e813f91a44b1a07738e81621786657,delivered,2018-03-20 17:01:01,2018-03-20 17:15:29,2018-03-21 18:46:57,2018-04-13 01:51:02,2018-04-10 00:00:00
bb20c4604785ba622d796faf32f66d53,93b341f1e116e77ca817cb52e9f436bc,delivered,2018-02-09 11:21:02,2018-02-10 02:49:48,2018-02-14 22:41:37,2018-02-21 19:53:13,2018-03-05 00:00:00
c0c7bd9b0f4864ea4d1e2671ce38bff8,3ee7951cbdbf56ac257be470c8baa4fa,delivered,2018-02-25 11:38:47,2018-02-27 04:31:10,2018-02-27 19:51:14,2018-03-06 14:13:59,2018-03-21 00:00:00
dc825a422ff7a8e462852fc476ba5686,812620275ae6895f00773306dfc75769,delivered,2017-09-27 18:42:32,2017-09-27 18:56:13,2017-09-29 19:38:36,2017-10-09 14:03:26,2017-10-25 00:00:00
12cce3d016df33ce0039ebb4ff5b5111,79ff73ee4e2d30dfe853ed111a3e367f,delivered,2017-12-15 18:01:37,2017-12-15 18:11:59,2017-12-19 21:03:19,2017-12-27 18:37:33,2018-01-10 00:00:00
6681acf07c66eff9fee173f15b893de3,9c6b61f2628ac8f47746441b011b6f5b,delivered,2017-02-04 18:07:07,2017-02-07 03:50:35,2017-02-08 08:44:00,2017-02-17 17:17:48,2017-03-16 00:00:00
6defcba2f5df4f21c16be676addd3ce7,301bb7f7306732397e9e0a1c614b397e,delivered,2017-05-24 22:42:55,2017-05-24 22:55:11,2017-05-26 10:35:16,2017-06-14 10:34:23,2017-06-13 00:00:00
fceb38f42fbf13b53a6253648c8d47cf,d5c38f60d37fed94adf6911209686a32,delivered,2017-05-21 08:02:01,2017-05-21 09:04:31,2017-05-22 16:17:52,2017-05-30 07:17:44,2017-06-13 00:00:00
ac259d6b492dc2248e737fd75bffa70b,a9651fc92d9b667864a91cbec8142b7d,delivered,2017-08-09 18:09:40,2017-08-09 18:25:18,2017-08-10 20:57:46,2017-08-21 21:14:56,2017-08-31 00:00:00
ec0731e8ffcfd31006b6653b5c0fe392,f90b39e93ec323e6a09e112e03fb186c,delivered,2017-09-06 17:50:25,2017-09-06 18:05:14,2017-09-11 15:42:57,2017-09-15 20:07:43,2017-09-25 00:00:00
c8350e245c8ca4aa481b246c4afeb1ce,0bfb7d529667db8a81546aa992725f91,delivered,2017-03-21 22:52:10,2017-03-26 23:32:14,2017-04-03 13:33:17,2017-04-13 08:04:24,2017-04-11 00:00:00
4037a3583a32f7b85f01628dbab478da,55204f8702cb4ac85c8577d061a88aa4,delivered,2017-08-13 15:49:59,2017-08-13 16:03:51,2017-08-15 19:52:07,2017-08-30 22:47:56,2017-09-06 00:00:00
86c6e56273d0ef4bd22ba9fdeac0a439,8e48478c4e940ece3f60237f748b9091,delivered,2018-01-14 20:26:38,2018-01-14 20:36:23,2018-01-18 21:14:24,2018-02-02 13:18:23,2018-02-05 00:00:00
62b3fdb5d9d02edf8ba0cc44095b8c9d,51a3f6ca37ce15e0d719bb118ee10c96,delivered,2018-05-27 08:57:17,2018-05-27 09:10:16,2018-05-29 10:55:00,2018-06-12 21:47:35,2018-07-11 00:00:00
5784dd3f2dfc12119aa244a42ed18b9c,d566b2a7d9a57d0a5b512388c7fc200d,delivered,2017-06-14 00:58:04,2017-06-14 01:10:14,2017-06-14 17:17:38,2017-06-22 15:27:01,2017-07-10 00:00:00
3d2d939521e7bcf1be4b407ff2690e5f,c2ddb4af80101150ea4ab7b7de63e95c,shipped,2017-11-24 18:44:16,2017-11-24 22:13:17,2017-11-27 22:37:43,,2017-12-22 00:00:00
c82e3eb519fbd1983966e7c8bff4d6cc,26397f9b3de2b37e5d21fdfe45d4dd07,delivered,2018-07-19 16:54:57,2018-07-19 17:05:34,2018-07-25 13:05:00,2018-07-28 11:52:02,2018-08-08 00:00:00
86d8178c00bf4d820e52b4ec4d4b3a21,5e3e76f6b240308f63f64503ad8d11a1,delivered,2017-09-13 22:34:19,2017-09-13 22:50:15,2017-09-15 17:57:49,2017-09-18 13:55:48,2017-09-26 00:00:00
dfc5c1ae34c30f42aba88ae3a51f97c6,09339f204d1b627af024216de772ccce,delivered,2018-06-27 22:15:52,2018-06-28 00:35:09,2018-06-29 12:41:00,2018-07-02 13:29:42,2018-07-12 00:00:00
9db124260fdb15801f3657542b1e29fa,f5ace4ef2568ef0227edb9709a3c0954,delivered,2017-09-12 12:54:43,2017-09-12 13:05:36,2017-09-13 16:17:39,2017-09-29 14:58:07,2017-09-22 00:00:00
69b324e5a47d15d61742ad9e0e3e5f62,b8b4236f2c8dfe56a8a4b13eb8fcdb4c,delivered,2018-02-08 13:02:17,2018-02-08 13:15:27,2018-02-09 19:48:49,2018-02-23 17:35:27,2018-03-09 00:00:00
0d6b94a6fbdff968503c0aa3e7bffdbf,0a160d7838c9baf60991f2b623ea69ab,delivered,2017-08-07 18:51:58,2017-08-07 20:03:15,2017-08-09 14:04:35,2017-08-28 20:48:01,2017-08-31 00:00:00
446783bed4af912fc010915b3ead3b91,8420c67c3e79c468234b1d79a15c4d6d,delivered,2018-03-06 13:43:08,2018-03-06 13:55:46,2018-03-07 20:43:21,2018-03-22 16:52:13,2018-04-06 00:00:00
805c5e08abb1db3756bd998d0aa90d3a,6eb053c6527e98323331236547ec2f21,delivered,2018-04-08 20:29:33,2018-04-08 20:50:16,2018-04-10 16:21:55,2018-04-25 00:05:17,2018-05-09 00:00:00
3c2988b42a58560a3f8f467ddef9eebb,633431e9aedadd76153cb6a8153921c4,delivered,2018-04-04 19:13:15,2018-04-04 19:29:06,2018-04-05 19:03:11,2018-04-13 02:10:55,2018-04-30 00:00:00
dfd3b8be9c79b05f55241f6cd00a557c,176399cb0f604acf4cfe1684fd80cc99,delivered,2018-03-11 18:42:12,2018-03-13 03:50:39,2018-03-14 17:12:22,2018-03-28 19:22:54,2018-04-03 00:00:00
8b03a3a298d3b5831724d10b7c35ea95,968dff08fe3a49a95c2eb63749fd1519,delivered,2017-10-07 13:34:36,2017-10-07 13:44:49,2017-10-20 18:12:30,2017-11-03 22:23:22,2017-11-08 00:00:00
6c95d23402e2f0bd260853d11f45d3b7,76fc8f6114e39b45430e09eff0fbeeb2,delivered,2018-05-14 17:03:15,2018-05-14 17:19:17,2018-05-15 14:37:00,2018-05-17 23:18:25,2018-06-11 00:00:00
726893c7634806ba896815b5769e8097,4a52dba9433b55f3ed5532b923591af9,delivered,2018-03-27 22:56:01,2018-03-27 23:07:15,2018-03-30 05:08:45,2018-04-07 00:51:54,2018-04-13 00:00:00
c285661a8320d062c60574830bae4199,537b2215fad860dff368ec7bcf1dce65,delivered,2018-01-03 10:50:21,2018-01-03 10:58:21,2018-01-09 23:38:48,2018-01-22 23:28:27,2018-02-01 00:00:00
6bae084fa2e6b9972110f6c93fa4b9a3,a68598296c25b9f8fa76e2c23ad978cf,delivered,2017-06-24 09:36:14,2017-06-24 14:55:23,2017-06-29 07:57:53,2017-07-03 12:35:43,2017-08-11 00:00:00
f1e419ef48040a2bfda456af0e345ad6,690056484ed8c2a8991de1f268d37edc,delivered,2017-09-16 18:32:53,2017-09-16 19:04:06,2017-09-18 22:33:46,2017-09-21 14:42:54,2017-10-05 00:00:00
173c3636f03f699cb30e222a549969e1,bd81e308e8a988354b90826cedf558b5,delivered,2017-06-02 13:18:11,2017-06-02 13:30:17,2017-06-05 15:10:10,2017-06-06 15:47:10,2017-06-23 00:00:00
c7436c65f20daf8cd6e18c35a97867c7,61f0e827727727a1a58f6eb63b553288,delivered,2018-01-13 10:43:54,2018-01-13 10:50:29,2018-01-15 22:42:48,2018-02-02 17:32:36,2018-02-14 00:00:00
6fd7aad38ed11be7812e861b8947f7d4,82becb9786935b5880aad883239d6f98,delivered,2018-08-08 13:12:51,2018-08-09 03:45:26,2018-08-09 13:02:00,2018-08-13 18:03:04,2018-08-22 00:00:00
f1375aa56cb0446176623bce0a650bdc,8784312ff5690601660ce1e1b4a7400c,delivered,2017-04-29 11:31:05,2017-04-29 11:43:12,2017-05-04 16:30:59,2017-05-16 09:25:36,2017-06-05 00:00:00
3562b1452ae270e6b3ebc1f464cadc0c,236d99d977ae007fdcfb4bc845fd4403,delivered,2017-10-23 08:40:56,2017-10-23 08:56:22,2017-10-23 20:40:03,2017-11-07 19:33:19,2017-11-14 00:00:00
427985079f72032e3d53ac33888b88e7,a3e6f5bb46490290dcb0352b40cc9e34,delivered,2018-05-19 14:58:10,2018-05-22 08:56:53,2018-05-25 15:04:00,2018-06-08 23:38:25,2018-06-26 00:00:00
49bf04fe426e7517bbe768c2ba22699f,eff63fb5ce9f9c5ba32d31116c8b61b5,delivered,2018-03-15 22:12:35,2018-03-15 22:30:53,2018-03-20 18:22:26,2018-03-29 11:06:46,2018-04-09 00:00:00
8a690db6867c58d3ed896a9a2127746b,e88cc8cbff5f53b1b1e00812ee916642,delivered,2017-10-25 13:43:39,2017-10-25 13:56:26,2017-10-27 20:36:48,2017-11-06 19:28:45,2017-11-16 00:00:00
c78ebbd697d902b76f0b9381f22b17cd,3503428a3d15e8996817dd3369735114,delivered,2018-04-17 20:25:52,2018-04-17 20:35:19,2018-04-19 21:28:37,2018-04-25 21:04:51,2018-05-07 00:00:00
4a64b07f28105fb8ff33ad6f91f4b2c8,cc8b0712a7ec5ad6c11c9dc377a22fdd,delivered,2018-05-30 10:18:42,2018-05-31 03:10:21,2018-06-08 09:48:00,2018-06-11 19:28:34,2018-07-16 00:00:00
aff4313b33f91694afcfa2064fd20878,42439da7ffa1f3fbf13124a30d42dabd,delivered,2018-01-04 10:27:42,2018-01-04 10:39:23,2018-01-08 17:46:58,2018-01-09 19:33:08,2018-01-22 00:00:00
0cf04ba4ccc895b3134799f74e4c2557,6a67ec8122d1c3aaff99fb0fed2d198a,delivered,2018-04-17 14:09:10,2018-04-17 14:30:27,2018-04-18 19:35:08,2018-05-03 20:24:31,2018-05-22 00:00:00
bb00f0278f16240891573af5f83f48c5,ec1215f4802e0a54be684377d91734ae,delivered,2017-10-29 20:36:05,2017-10-30 22:31:35,2017-11-01 14:22:22,2017-11-07 23:46:46,2017-11-23 00:00:00
9973f9740bab3248c510c83fb2a8960f,0225ea6650051752e6352a65f4316c49,delivered,2018-05-18 09:49:56,2018-05-18 10:46:17,2018-05-18 15:15:00,2018-05-22 17:39:39,2018-05-28 00:00:00
e39da2a439a8eaa3c651d72888b5d700,5ac65f9c50c32dbce8f2ef6b90b05822,delivered,2017-12-05 20:08:48,2017-12-07 20:11:01,2017-12-11 17:36:27,2017-12-13 12:57:10,2017-12-22 00:00:00
8886ee70beb8a41ff67ea24b357ea228,2c91e3beee30845d54fd4e243cbb4c02,delivered,2017-07-31 17:00:10,2017-07-31 17:10:25,2017-08-08 22:13:05,2017-08-14 14:12:28,2017-08-29 00:00:00
eceb086306ac6f01d84d456703040293,3a2d2e97cf1969e199af03a22bf53ed6,delivered,2018-04-25 09:42:58,2018-04-25 09:55:16,2018-04-26 14:36:00,2018-04-30 15:14:25,2018-05-16 00:00:00
c2774b819e7538c28284f005fd38edcc,ca3b3b0a7b395e376473b89a0e350fc5,delivered,2018-02-05 16:38:45,2018-02-05 16:55:57,2018-02-06 22:57:40,2018-02-14 17:29:07,2018-03-09 00:00:00
cd002226356c8056b3e5d2ab6098543f,ca5a8d53f43c28c976ee6a54bb66d2e9,delivered,2018-03-27 18:21:43,2018-03-28 02:50:28,2018-03-28 22:52:44,2018-05-09 11:05:39,2018-04-26 00:00:00
6fc237eec099504ef31e3f3896596be7,1ffc32ce1838eaa0b0d8df34cb96b2f4,delivered,2018-06-12 09:49:52,2018-06-13 02:18:31,2018-06-13 14:04:00,2018-06-14 16:46:44,2018-06-26 00:00:00
76f9204ee569a062f27c7e6e5c51983c,e724e3027c657c81b466b6dcb418364b,delivered,2018-02-05 10:11:19,2018-02-05 10:32:07,2018-02-07 19:52:36,2018-02-17 13:57:04,2018-03-07 00:00:00
f0b3358d0acb067d9c09d3fb376a5e0d,9898e7a6254ea0e7e8bd2bd10a2ce2f7,delivered,2018-01-02 13:37:04,2018-01-02 13:49:26,2018-01-08 14:34:46,2018-01-12 20:57:06,2018-01-30 00:00:00
ae134de5629ae433d7a526ffb396750a,881ecd568c8e9b78be7c86580059c248,delivered,2017-07-10 15:45:50,2017-07-11 18:50:11,2017-07-13 13:15:59,2017-07-20 13:37:23,2017-07-24 00:00:00
babc844d408abfa49b0c875fcc3738d4,ffe1eab23bff108bf37c973b05d4e9ba,delivered,2018-08-18 08:43:29,2018-08-20 11:10:05,2018-08-20 15:49:00,2018-08-27 19:46:41,2018-09-11 00:00:00
7df9eb31da854b5933f29c618f9a6c59,2315ebdf0fb52060560274ace5fc5fce,delivered,2018-02-19 12:18:48,2018-02-19 12:30:33,2018-02-22 01:06:21,2018-03-07 23:38:33,2018-03-14 00:00:00
fe8f4055f38e22b71472cea8d0d2ecbf,f5dcce7b8103b1e9756f13555318045a,delivered,2017-03-29 15:06:13,2017-03-30 15:50:17,2017-03-31 16:19:10,2017-04-06 14:34:10,2017-04-20 00:00:00
a26bdfa860437e3b9199a81b6003d928,863e3a165607322347d4d4d2f051d519,delivered,2018-07-31 07:37:42,2018-07-31 07:50:12,2018-07-31 16:26:00,2018-08-07 21:04:31,2018-08-14 00:00:00
39cb3c161fca712dbe881de9eccfe19a,2d91a3bbd8ccc17c9b5ef5758f2b5fe2,delivered,2017-03-15 21:19:51,2017-03-15 21:19:51,2017-03-21 17:38:42,2017-04-11 12:20:08,2017-04-12 00:00:00
2ff5a9a440a7153c1eb3651f16f631c4,6faedef7d910ae07797891cf9e262af5,delivered,2018-02-17 12:10:19,2018-02-17 12:26:49,2018-02-23 17:36:55,2018-03-02 17:33:42,2018-03-12 00:00:00
048846960b74c996a4af7802498f52f2,7a085850c3eb2e98ea58e13502a3b4ba,delivered,2017-06-06 13:59:52,2017-06-06 14:15:07,2017-06-07 14:59:31,2017-06-09 18:07:34,2017-06-20 00:00:00
682779e328058fb2b64a2d79f9855a27,dcb3960c459074de5ea387252fa5b8d1,delivered,2017-11-11 17:41:30,2017-11-12 17:35:29,2017-11-18 00:18:45,2017-11-23 19:04:48,2017-12-04 00:00:00
2b1d82acc9561318937048bf5ea0a990,b9c2587a0c43c2e078f1beeb3ab78a00,delivered,2017-08-17 19:47:28,2017-08-17 20:25:22,2017-08-21 18:23:39,2017-08-24 21:05:19,2017-09-11 00:00:00
36c7fab784bf8876dca0c2c59183e692,98f6a15fb7c7964452d97ae8713fb621,delivered,2017-02-14 12:49:54,2017-02-15 02:55:36,2017-02-15 11:45:46,2017-02-25 00:31:41,2017-03-15 00:00:00
870e485d122051fe03f9acf1049d2d09,238055ca3f7022d97d4ef190612c5205,delivered,2018-04-29 15:00:08,2018-04-29 15:10:43,2018-05-03 19:01:00,2018-05-04 21:18:26,2018-05-15 00:00:00
e25f6eca6acb03e66f46143b18fa6829,b6181936ada8baff0ad3239156cbb691,delivered,2017-05-13 20:16:01,2017-05-16 03:22:30,2017-05-19 07:19:51,2017-05-22 07:36:50,2017-06-06 00:00:00
546fb5e88f96553369c04bd920b9becf,04cf986f0c5486033b0790fbcb6452ed,delivered,2018-04-30 18:55:19,2018-05-01 02:15:24,2018-05-03 15:05:00,2018-05-11 16:28:48,2018-05-29 00:00:00
13b825fdc28948500cfc7a03eb975fbc,669b06cabc9d39c1bcc52e6889e1318d,delivered,2018-02-13 11:05:56,2018-02-13 11:30:22,2018-02-15 01:28:57,2018-02-21 20:09:22,2018-03-12 00:00:00
b6f445cf5a3df2567435ce41a1ad3708,8dfffab81aa1ae858598d70c91b69122,delivered,2017-07-24 13:40:42,2017-07-25 21:45:10,2017-07-26 18:49:46,2017-08-09 17:41:41,2017-08-25 00:00:00
d2778bedb92f5e0d8d10a0a7c3ffd2f2,253d88df078c198b41a10a3fbd4c4667,delivered,2018-05-24 00:22:58,2018-05-24 00:35:07,2018-05-24 09:45:00,2018-06-04 18:08:50,2018-06-19 00:00:00
22ca2c0914d6a325764b5d09f54c1c00,5b88b885457237b574a2496d634bb905,shipped,2017-03-11 09:44:32,2017-03-11 09:44:32,2017-03-14 10:44:52,,2017-03-31 00:00:00
718b0347307048ab53739ec0458eb9a4,170c146979f65f866aaf118ad91d8d5d,delivered,2017-12-23 20:49:02,2017-12-23 21:09:07,2017-12-26 19:28:45,2018-01-25 22:42:13,2018-01-26 00:00:00
95789d8c645027ebad06866c20ca409d,c157189f93c2907d96bbcc14573f5e8e,delivered,2017-09-05 20:18:06,2017-09-05 20:30:15,2017-09-11 19:35:45,2017-09-15 18:28:53,2017-09-22 00:00:00
c61c0270f78b8e83946c5ea769c2cff9,655e4ac9743faf6ec2d032a75c002723,delivered,2017-05-17 10:22:14,2017-05-18 02:31:40,2017-05-29 13:42:16,2017-06-01 18:56:30,2017-06-13 00:00:00
d8f7f9be7fb1c9734fecec3ba39cba52,6488f2a76eab9b9daeba726d73c2e762,delivered,2017-02-22 21:38:59,2017-02-22 21:50:16,2017-03-01 10:51:19,2017-03-07 14:23:49,2017-03-21 00:00:00
4ccbe923ee3f46cb221f6efd5a2fce46,5509194da789aaa612594cb987c5d451,delivered,2017-05-30 19:58:17,2017-06-01 03:50:20,2017-06-08 10:52:51,2017-06-22 12:24:02,2017-06-26 00:00:00
aa46951898e69724ebbcfb1c6cd4879c,52d0c49912765b6dccd9bbb9f1f5cb85,delivered,2018-07-22 12:14:28,2018-07-23 11:31:25,2018-07-23 15:07:00,2018-08-06 16:31:51,2018-08-06 00:00:00
1cd6dbd1ca9fa0233fdae069c422f48f,24e7a173733006aca99832f296659e62,delivered,2017-09-18 14:01:02,2017-09-18 14:10:22,2017-09-19 16:27:38,2017-10-10 20:12:23,2017-10-24 00:00:00
c093725142d6e40dbbe38e657c8966c6,726ff65b6ba6b18f48504f89db904963,delivered,2018-04-01 23:08:54,2018-04-03 05:10:33,2018-04-04 01:33:23,2018-04-18 22:04:25,2018-04-27 00:00:00
ae9a9e54b4927c718d4e66073b5acf33,300e7a0ece4aa3aff333829fffd19179,delivered,2017-09-19 10:46:03,2017-09-19 11:05:44,2017-09-21 18:54:59,2017-09-30 13:49:46,2017-10-09 00:00:00
77129217c76b6dcb453393ba67cff13e,3095ac11dd2c72f1387b522cd6033661,delivered,2017-11-20 11:27:12,2017-11-20 11:46:23,2017-11-21 23:37:43,2017-12-05 20:17:02,2017-12-12 00:00:00
ff27e1834865dc01e39567836980d12f,1bfb8f3c031530d0b0a10e01c714c470,delivered,2018-07-13 07:19:54,2018-07-13 07:30:20,2018-07-13 14:07:00,2018-07-23 19:42:38,2018-08-03 00:00:00
a484a3b382ad9e61385e85f22607e135,f3ad67b1581156529c0f795da0622ddf,delivered,2017-08-18 21:51:45,2017-08-19 21:45:10,2017-08-22 17:04:18,2017-08-31 19:22:13,2017-09-20 00:00:00
34a254b2668083c77b9158c151571877,bd026bdd374fc832ac47cf6d01e64bf7,delivered,2017-10-06 17:10:58,2017-10-06 17:26:39,2017-10-11 21:36:45,2017-10-16 20:57:45,2017-11-03 00:00:00
fcab81c753507a9453c01a1b9e136d2f,5165000b455801f536ef90813b9a4499,delivered,2018-01-29 22:13:07,2018-01-31 13:32:19,2018-02-05 14:05:49,2018-02-08 15:34:16,2018-02-20 00:00:00
57d1548a5e964a5d6d303ff32de7859f,8cad5ea5d951df9c2745a79c027b239b,delivered,2018-02-14 18:04:45,2018-02-16 07:55:33,2018-02-19 17:33:41,2018-03-07 09:42:01,2018-03-20 00:00:00
3517c4c24184e3c518a1c8319dc60765,7d33b236218941a7bca694abb998eeda,delivered,2017-09-06 11:16:05,2017-09-06 11:25:21,2017-09-06 19:10:09,2017-09-19 21:17:41,2017-09-28 00:00:00
12d25d7a8e7c08f437b1d6129cce93ae,4d71cfb094a509ab008017d24063ddb5,delivered,2017-08-29 09:42:04,2017-08-29 09:55:21,2017-08-30 21:55:00,2017-09-13 16:54:32,2017-10-03 00:00:00
0c35edbaa0be6feafb77f2846a3750fa,fb8b676e8673ddd7d4e235130ec65362,delivered,2017-11-24 12:08:29,2017-11-24 14:38:33,2017-11-27 20:22:16,2017-11-29 20:22:21,2017-12-08 00:00:00
5c1da208717de55192c6556da7d1f0c1,ffa9ff0c2fa827f12873d6936df22164,delivered,2017-02-02 13:26:08,2017-02-02 13:35:10,2017-02-03 11:55:56,2017-02-10 10:23:45,2017-03-01 00:00:00
9b5efb42ba88b4bdef7e4a84b439acc3,5146d2de3f8139107458758bcb6d3db7,delivered,2018-08-05 16:31:22,2018-08-05 17:04:14,2018-08-07 08:26:00,2018-08-08 23:32:08,2018-08-30 00:00:00
a8b4dfc1843395b826a9d9a5cf0a5bc8,2f80bd4fe578e6516584e82a6e475107,delivered,2017-03-01 23:23:50,2017-03-03 02:15:37,2017-03-07 08:48:01,2017-03-22 12:13:10,2017-03-30 00:00:00
e93eb47bed2556150d399b6cc03c4e60,8d932e9a418ca6e6b48bcacf45aa0993,delivered,2018-01-21 23:39:13,2018-01-22 14:04:28,2018-01-24 00:04:21,2018-02-02 00:52:05,2018-03-02 00:00:00
eaec582d6403b30186964f6df957047e,1318775058e4321f5018e2fe470947cd,shipped,2018-03-21 23:45:08,2018-03-22 15:35:30,2018-03-23 20:47:54,,2018-04-19 00:00:00
85a4fbdba48c815924115fb82330071c,ff93b4413884cd9b2d851e9133d8c1ab,delivered,2017-05-24 19:20:02,2017-05-24 19:30:48,2017-05-29 08:05:45,2017-06-06 14:55:57,2017-06-20 00:00:00
76e240e4908ef93d0701e8627b46fb98,73029b336c9c20deb25167b6cbb2b1dc,delivered,2017-10-30 13:09:00,2017-10-30 13:27:36,2017-10-31 16:49:46,2017-11-07 23:07:28,2017-11-17 00:00:00
5b1629115cf38158bd2f439bfbb69d08,feac61f9b2103facafb08f447664c598,delivered,2017-02-17 11:22:13,2017-02-18 11:25:14,2017-02-20 14:25:15,2017-02-23 16:04:00,2017-03-22 00:00:00
56db5b03dc275ea7e773ea8b097ac795,ea9725a3d5bc2c6b09e6bed12ee02a6a,delivered,2018-03-03 22:26:12,2018-03-06 03:55:51,2018-03-07 19:37:26,2018-03-15 13:32:30,2018-03-28 00:00:00
9e05956862c333308733e2155ca16950,185c0ab94dcd0aaf2b9f6f0b1424527a,delivered,2018-05-23 19:46:14,2018-05-23 19:55:50,2018-06-06 13:18:00,2018-06-09 00:38:44,2018-06-19 00:00:00
26abf01a363e544bdd173cd8aac107cf,288e4f877f14acb0b9823c5cbf408b45,delivered,2018-05-13 19:30:39,2018-05-15 05:14:43,2018-05-15 14:44:00,2018-05-18 12:05:22,2018-06-04 00:00:00
bdaa94a07026daf1f4f152151b223588,6c0884dc74447fe375a964ce086d614a,delivered,2017-10-09 06:44:51,2017-10-09 07:20:15,2017-10-09 20:14:03,2017-10-24 18:53:51,2017-11-03 00:00:00
d49efe682cbc3494ff3dee6263ff7164,b3fd4b54ff2cc5156f17db70dce41aac,delivered,2018-03-22 10:09:49,2018-03-23 02:31:02,2018-03-23 18:25:31,2018-03-26 18:14:27,2018-04-05 00:00:00
00f86b368251d739f1896d41469b2b7a,14c152bfbd60c86aa6bc4d4e68a9378e,delivered,2018-08-17 23:15:06,2018-08-17 23:30:08,2018-08-20 12:33:00,2018-08-28 18:12:12,2018-08-31 00:00:00
d730d8d0ea3149120703933fdf98b2d4,ce2a66464da8b80dedd7639a6e489a58,shipped,2017-01-13 20:12:41,2017-01-13 20:25:16,2017-01-16 10:23:19,,2017-02-09 00:00:00
c20f5cf8451a562b0fc50dd48fc8d68a,a84e0599bc69dd52b14e2fb4a1f3ff9a,delivered,2017-11-18 16:58:38,2017-11-18 17:15:21,2017-11-21 15:52:58,2017-11-22 22:09:19,2017-12-07 00:00:00
70ee39a40074e0c39dda6d286a77d5c5,410bf44fa819e660e2fcaea12c35af43,delivered,2018-06-25 14:30:51,2018-06-27 08:29:48,2018-06-29 12:29:00,2018-07-04 16:14:53,2018-07-30 00:00:00
070fcffce3b0a655482d4f5f11607599,b82fcfbb09d3c02e8a173bb8b02e6504,delivered,2018-07-19 04:16:59,2018-07-20 12:15:16,2018-07-30 06:43:00,2018-08-06 11:22:03,2018-08-09 00:00:00
a946d303fa4b1b68eebaf28216e3442a,baa47b562bdd4118b6b923aa24b14119,delivered,2017-08-25 22:57:02,2017-08-25 23:10:10,2017-08-29 18:33:38,2017-09-04 20:33:30,2017-09-20 00:00:00
339d0b50bd16829e382509eafd0ba1b6,07e64b2722ddec4df9b603e96def8ede,delivered,2017-11-29 11:47:31,2017-11-29 11:57:31,2017-12-02 14:13:11,2017-12-08 16:31:45,2017-12-20 00:00:00
4639d13dd176fbaa7ea1b4429449b8ef,9012842fac2badd2da4ffc0febcc9a3a,delivered,2018-01-10 22:43:39,2018-01-12 02:38:35,2018-01-12 22:49:18,2018-01-15 15:12:50,2018-01-29 00:00:00
0615cb58aaa538ad222e5ce52b5cc2bf,5409f7748ccbd09483a4cd5e827a47d0,delivered,2017-03-18 21:08:16,2017-03-18 21:08:16,2017-03-21 08:45:36,2017-03-27 17:53:33,2017-04-24 00:00:00
bb21240e76cdc74a9b8e4dbc8f846c51,77d0b9c2f9dc9918e0dd1f09c095d1b6,delivered,2017-06-17 13:35:06,2017-06-17 13:50:15,2017-06-19 16:12:57,2017-06-29 12:26:36,2017-07-11 00:00:00
3ee3908bb8219eefa5d3699d6fdc6d75,6c1433334b9652a4b751fe18aaaf4225,delivered,2018-05-10 10:49:01,2018-05-10 11:11:11,2018-05-10 15:22:00,2018-05-25 15:05:23,2018-05-28 00:00:00
0ff4f3385afd05bfdf9a3c39fb32766b,360d84083dc972ab6f34d90ee8c44dbf,delivered,2017-11-03 15:14:03,2017-11-04 15:10:29,2017-11-08 19:03:15,2017-11-17 21:28:42,2017-11-23 00:00:00
ccd2795b4fd33757b039fb15b8a12109,e21e09c974438b29525fc0e318648258,delivered,2018-08-15 16:58:08,2018-08-15 17:10:16,2018-08-16 14:27:00,2018-08-17 22:51:29,2018-08-28 00:00:00
8d04cc6c75bba21874268deda821055d,424b42e2d01114b7af0d3950259acb27,delivered,2017-07-15 20:34:24,2017-07-18 06:10:25,2017-07-20 13:22:28,2017-08-16 16:37:34,2017-08-16 00:00:00
cc8791078134803e82728472be137f38,b21a5f2bdcfbef67004e8572bd4ba9f7,delivered,2018-01-18 13:55:14,2018-01-18 14:15:05,2018-01-19 23:52:13,2018-01-21 16:44:47,2018-02-02 00:00:00
3ad043d1c1455d9bfce6c14877cac318,9132adfc6d71e0a95f4f3bbaccfb30f7,delivered,2017-11-20 12:47:45,2017-11-20 13:16:46,2017-11-30 21:52:37,2017-12-28 17:19:19,2017-12-13 00:00:00
6aba5fd844444953a171f0bd61469a8e,229f50ba299b472ddb52496f761a032b,delivered,2017-09-24 01:57:12,2017-09-24 02:05:31,2017-09-25 19:21:41,2017-09-29 18:13:30,2017-10-17 00:00:00
497f97bb280fe07465c3833fdfc04736,f820fd9b314fb28e6f839b478429157e,delivered,2017-05-21 07:59:38,2017-05-21 09:32:47,2017-05-24 12:14:25,2017-06-16 06:36:22,2017-06-14 00:00:00
b9ce9285aa642df4742b9839964076c6,bf654df65423a4716b8ecd654aa356e4,delivered,2018-07-23 17:18:44,2018-07-24 08:31:37,2018-07-24 14:19:00,2018-07-30 19:32:49,2018-08-13 00:00:00
d3397f49eba129958cca1d4ed73dba9a,dfe2c56fe645cce819861d7b621661ec,delivered,2017-10-01 19:59:03,2017-10-03 04:05:09,2017-10-04 20:06:07,2017-10-06 15:17:03,2017-10-18 00:00:00
3c8d79ea0ac82caf57807f9cb39f8dee,0ee4b421ef183a074b24f04f970145d2,delivered,2018-08-08 14:50:34,2018-08-10 04:35:09,2018-08-10 11:27:00,2018-08-20 15:08:51,2018-08-22 00:00:00
54961a607f23ad237b732e2bbce05afd,4b62c95dea641c36e1f26d4a8617c4a2,delivered,2017-06-28 16:17:39,2017-06-29 02:50:33,2017-06-30 16:08:21,2017-07-02 12:26:32,2017-07-11 00:00:00
51fbc7ecec17e2dbcd5c495410af77ca,38db66ceeb2f79538b16c2add29879ee,delivered,2018-07-21 19:34:46,2018-07-21 19:50:16,2018-07-23 19:03:00,2018-07-25 18:08:59,2018-08-02 00:00:00
7e7c6416e3aece73d5dda3fc6f33a044,a3ba7cf1375a040a0e2c9f4ad1718a9d,delivered,2018-03-31 19:20:36,2018-03-31 19:35:12,2018-04-04 19:14:40,2018-04-10 19:51:32,2018-04-24 00:00:00
24b41566e32a4a737536859707517572,1935a24e84786e81a8f932f18ce7af50,delivered,2017-09-04 20:29:33,2017-09-06 02:50:24,2017-09-06 18:10:05,2017-09-11 20:54:45,2017-09-26 00:00:00
b3786fe1fdaf726bc9e7a5a9138f4cb6,d082daa62d6cd59509f13eda1d0b98f6,delivered,2017-11-25 21:24:37,2017-11-25 22:31:32,2017-11-29 20:04:42,2017-12-07 01:58:50,2017-12-19 00:00:00
6e423e84dad4440e916d554b5f0643ff,ed9c6085da361dd489708c34eafefd39,delivered,2018-04-11 17:10:09,2018-04-11 17:32:09,2018-04-13 22:41:20,2018-04-20 20:58:48,2018-05-07 00:00:00
cd833669dc6a68cd473eac313fe69a6c,bc4ecd6bee226a3064e6f48f3a67be1f,delivered,2017-07-08 13:05:29,2017-07-08 13:15:21,2017-07-13 18:04:28,2017-07-26 10:17:44,2017-08-16 00:00:00
b25c35510098745aca28d8d04a7eaa11,d9e2f7dbda4a813504550f20e12bcbed,delivered,2018-03-17 11:47:37,2018-03-17 12:09:05,2018-03-21 22:51:34,2018-04-23 14:58:51,2018-04-05 00:00:00
110d9355d6338eab0a65a0cacdde5434,02060b47874e560f104dad93ae22e6f1,delivered,2018-07-24 21:30:17,2018-07-24 21:50:25,2018-07-25 15:35:00,2018-08-02 19:46:49,2018-08-10 00:00:00
3f72f100dae2b5099ad6e5a486e95ec0,5d90f76c016edad7a931b49fb39b9c2d,delivered,2018-03-05 23:31:49,2018-03-06 00:35:59,2018-03-07 23:34:06,2018-04-05 14:36:29,2018-03-21 00:00:00
889d204697bec781401132649cffa867,25bfca2b3898584b2f52351f55d87f5e,delivered,2017-10-19 17:40:51,2017-10-19 17:56:24,2017-10-20 18:41:37,2017-10-23 20:32:41,2017-11-29 00:00:00
37f911dd56e9bd520b23d4ea1fd65236,67b6caed864d2f1be217d8d61a186c83,delivered,2018-02-09 10:14:28,2018-02-09 10:26:37,2018-02-15 20:21:36,2018-02-19 21:19:04,2018-02-23 00:00:00
d0d0beb416cef186261cf1f2287bef19,be2f45b8ea4f041b49c8469f2f58acc5,delivered,2018-03-26 05:31:56,2018-03-26 05:48:22,2018-03-27 01:57:45,2018-04-04 16:50:47,2018-04-12 00:00:00
819228bb978a781e564b6de402397c19,9fe64e39becf76961f0e4a73514d7630,delivered,2018-02-02 10:13:38,2018-02-06 05:31:52,2018-02-07 15:48:53,2018-03-07 19:46:27,2018-03-07 00:00:00
272cb4760cf5b97f2b4bddd15520e10a,f458a61218c7206fe37d24d130304f29,delivered,2017-03-23 23:58:10,2017-03-24 01:23:25,2017-03-27 15:29:45,2017-03-29 16:28:07,2017-04-12 00:00:00
c71306562d226384a996365f61966a78,c067558868a9268e8d8665055a206ddb,delivered,2017-10-06 21:41:36,2017-10-06 21:56:12,2017-10-13 17:25:52,2017-10-30 18:53:56,2017-11-07 00:00:00
969fa6c8bd06032423ea3e4d69d12206,28c8e0ed252e934cf306cf5aa846490e,delivered,2018-03-18 09:41:28,2018-03-20 03:28:30,2018-03-21 19:04:14,2018-04-04 00:25:47,2018-04-17 00:00:00
5ef3a01aff74727ebbcf7175c68f51d4,e65366d6108f8f7456d6c14f330ccfc9,delivered,2017-05-19 20:46:52,2017-05-19 21:02:50,2017-05-22 16:17:52,2017-05-30 07:42:06,2017-06-12 00:00:00
18f4bd3e68ff66e98c8c5afefd502ee3,a894e37533981aa4c3846740280fa5f7,delivered,2017-07-14 19:18:50,2017-07-14 19:30:15,2017-07-20 17:36:48,2017-07-25 22:27:47,2017-08-10 00:00:00
c264b15fa68ce10784f6f22b5f7737b0,37e1e85933b178ab35f10dfa332dd4bc,delivered,2017-10-13 08:52:59,2017-10-14 18:33:32,2017-10-16 16:45:29,2017-10-19 18:31:57,2017-10-31 00:00:00
6f1922674b5f09c6cf23965e47b9b675,240d4a898ded55c3a9f83ef0f89a07c5,delivered,2018-04-10 14:47:00,2018-04-10 15:30:51,2018-04-11 18:49:25,2018-04-14 11:05:09,2018-04-25 00:00:00
828c98fce36f901cb4d8eff92964095f,24c7aadbfa060eb49dc0a8e299aa42cb,delivered,2018-05-10 13:50:44,2018-05-11 03:37:34,2018-05-11 16:28:00,2018-05-17 14:06:54,2018-06-04 00:00:00
a21f7cbfcb4757dd5866a2673dc059b6,8e37466ad86944a7a42628b170a417c3,delivered,2017-10-08 18:58:53,2017-10-08 19:28:32,2017-10-09 17:31:00,2017-10-19 21:09:23,2017-11-09 00:00:00
fb285e1092b57ff370ff926da4b96511,cc8d0dbf061c92f65ecad9e3966d9ce2,delivered,2018-03-15 13:18:35,2018-03-16 03:45:27,2018-03-19 20:47:31,2018-03-29 16:42:28,2018-04-17 00:00:00
56329c4faab8b220947aaf471b09e4a0,d5dfeda08fbc9fc305a1903925a91c1b,delivered,2018-03-06 21:36:20,2018-03-06 22:20:30,2018-03-08 05:09:31,2018-03-21 17:05:07,2018-03-23 00:00:00
9dd764f96e7bebcba02aa61d0785c173,1b00e2a1acd75bcfb3e96544e789c048,delivered,2017-07-22 20:35:13,2017-07-22 20:45:15,2017-07-24 18:12:37,2017-08-02 13:09:54,2017-08-25 00:00:00
f4f6ca3a1a95c3f5db08489c2ec2ef1c,b3df14e2e91fcad2abfd3854ccb2804e,delivered,2018-07-04 10:38:10,2018-07-05 16:40:42,2018-07-05 15:28:00,2018-07-09 09:31:24,2018-08-01 00:00:00
04c3465b312fdf85de8e4cf4dc186600,8846f3bf9edb9b9abd019336b3b8d3a7,delivered,2017-12-08 16:47:00,2017-12-08 16:54:51,2017-12-11 20:41:39,2017-12-12 18:09:59,2017-12-27 00:00:00
bb5f5dd023eabf15e5d178f887f37cb5,1bfb55c78f90699dcb61d9622cafd180,delivered,2017-02-18 23:54:03,2017-02-19 00:15:21,2017-02-20 12:32:42,2017-03-01 13:35:37,2017-03-17 00:00:00
7254ba1421bac35de5d5da660715bf0e,65e1faa1535d1b4ca089fd7b9e84b5b3,delivered,2016-10-07 22:46:51,2016-10-07 22:59:23,2016-10-26 11:41:50,2016-10-28 12:11:38,2016-12-01 00:00:00
51ecb060e9a1eb74bde191bca7fd69bd,b1005aeffad8459e85104d902eb0eb72,delivered,2018-02-06 15:42:54,2018-02-08 07:35:43,2018-02-08 18:32:17,2018-02-20 18:03:44,2018-03-08 00:00:00
e388ba23a7be5ab887a1ee138de9e8d3,7580693c52b3d4910b3520349fe92940,delivered,2018-06-26 18:31:58,2018-06-26 19:04:02,2018-06-28 17:21:00,2018-06-30 16:18:36,2018-07-12 00:00:00
3d47e0476424fd50eb22128e64571e97,76f5c40bbc0e6a67810993ae4904b081,delivered,2018-04-12 17:23:10,2018-04-12 17:35:17,2018-04-13 19:12:28,2018-04-27 19:48:51,2018-05-02 00:00:00
4d107edcce9acf824db9d203dcf9fecf,d6a3a0fbd3d52a8cc638b0ae1dbd00d0,delivered,2018-03-18 12:22:33,2018-03-20 03:48:35,2018-03-21 18:22:37,2018-03-26 15:14:41,2018-04-05 00:00:00
89a9df2136d41c99322bcfe6f0c1c7cd,72f1d0a4234a68ac84541e9c70bebde9,delivered,2017-03-28 21:19:42,2017-03-28 21:30:11,2017-03-30 13:13:18,2017-04-13 13:05:19,2017-04-27 00:00:00
6eb92aaa2c5654c87c82252bbbb0cfb8,b353853b89d86bc337655d1f78d49119,delivered,2017-04-20 13:07:04,2017-04-20 13:22:03,2017-04-24 11:43:20,2017-05-03 15:32:59,2017-05-15 00:00:00
bb834ae438c1dce8fa0736a15ac30242,904bd8e98e800d6531eb4afccdb8abd9,delivered,2017-08-22 20:50:09,2017-08-22 21:06:05,2017-08-23 17:52:11,2017-08-25 22:12:36,2017-09-05 00:00:00
9ff8294af4730928d432cd048756c28c,0fcfe9c03abfd6e62165710d63957ba2,delivered,2018-03-06 15:58:57,2018-03-06 16:10:42,2018-03-07 20:05:32,2018-03-16 21:22:55,2018-03-29 00:00:00
75fb82fb938aeaf36ab0b8b670deb1d6,fe545ad78bc59d1a99427c3e5f99ecca,delivered,2018-01-07 01:33:10,2018-01-07 01:47:15,2018-01-09 20:13:44,2018-01-13 00:29:27,2018-02-06 00:00:00
0dfd5d2f0b9f06775f9630defe80d510,4cc825a34f88e568e8bc28d470687d5a,delivered,2017-07-27 22:05:06,2017-07-27 22:15:19,2017-07-28 18:41:42,2017-08-04 18:49:33,2017-08-18 00:00:00
83b02487c4caa3adc52a33d673606551,22b3090d10a556a6c2e9ad753161ef14,delivered,2018-08-20 20:02:22,2018-08-20 20:10:23,2018-08-21 13:54:00,2018-08-22 19:04:07,2018-08-28 00:00:00
c76aedd9fd59ea0c51535fd72fe97d9a,c5a94d20980806febe5ae3c0b653dde0,delivered,2017-12-09 16:44:19,2017-12-09 16:55:47,2017-12-11 17:33:40,2017-12-20 19:48:03,2018-01-04 00:00:00
dce21447fc49b97ea255257c2bdf4d22,6e305e6f8be29890b5cd9b62ef76b772,delivered,2017-11-16 14:11:17,2017-11-16 14:27:03,2017-11-17 21:17:51,2017-11-24 22:13:50,2017-12-08 00:00:00
407c6c87763b40c6ecbdf86ce3e07d76,8e405dd9f8e0d75e9f59ddac294336f9,delivered,2018-07-10 09:31:47,2018-07-10 09:45:13,2018-07-10 14:30:00,2018-07-12 22:18:30,2018-07-18 00:00:00
17241db677e74dd094059c24370fb785,123287f3f6e1998cc472de6310f8e81d,delivered,2017-12-07 20:01:16,2017-12-07 20:11:42,2017-12-08 21:39:03,2017-12-10 17:39:04,2017-12-26 00:00:00
8ec9caca9f30411bda28f48d2aec61e2,74fdb503b54edd52fcce38bdeba37406,delivered,2018-07-29 11:39:14,2018-07-31 04:10:19,2018-08-02 14:52:00,2018-08-06 17:07:52,2018-08-14 00:00:00
acddd4c6d411c210e4f1580dd071bc90,b96bede1f4682663765d92387ad7a7f7,delivered,2018-02-20 07:16:06,2018-02-20 07:30:46,2018-02-21 18:17:15,2018-03-06 14:17:09,2018-03-15 00:00:00
574f1a0e4b524d471f68f01a0eae8e7d,991813731aa6099746606df62872f889,delivered,2018-05-03 10:07:33,2018-05-04 10:11:31,2018-05-04 13:16:00,2018-05-10 00:38:57,2018-06-05 00:00:00
03c1fddd11851ddf712a2c28bd3df54a,ebfe079ca7dc32461b16c74985ea8e52,delivered,2018-01-21 00:23:44,2018-01-22 10:19:20,2018-01-23 12:05:05,2018-02-15 20:12:03,2018-02-14 00:00:00
66396f37a00b742094e5bb7fa7398ea7,aba40c358810d9a20641b531b9ea4229,delivered,2018-06-19 23:15:05,2018-06-19 23:34:41,2018-06-20 13:03:00,2018-06-21 19:46:25,2018-06-29 00:00:00
7cbc58346dce935abff14a7c5a0488f5,5d38c66c874ea566658a9ef3f31812e3,delivered,2017-01-26 09:15:18,2017-01-26 09:25:12,2017-01-26 09:32:58,2017-02-03 06:17:18,2017-03-08 00:00:00
102b790156f60813474ed025355a59d5,b97e4013860297dba48d699f12f91fcb,delivered,2017-01-26 15:37:38,2017-01-26 15:50:17,2017-01-27 13:24:47,2017-02-08 08:04:25,2017-02-22 00:00:00
4a59b00152497e88a6a4ab7bfe77e04b,ceb608636dee1c78b0329ee1143640d6,delivered,2017-11-06 15:59:48,2017-11-06 23:32:27,2017-11-08 18:48:33,2017-11-14 01:53:00,2017-11-24 00:00:00
1ed66358fd4ddbd6469aa93633c3006b,3c694cb7224ed4579b918fbbaeaa33db,delivered,2018-02-18 10:56:17,2018-02-18 11:55:31,2018-02-19 18:17:19,2018-02-21 21:21:46,2018-03-05 00:00:00
5e5fed142a552be6d6f1e04a800446d6,767e7728e2f0597fadd6651fae991b42,delivered,2018-02-10 00:23:51,2018-02-15 04:11:48,2018-02-21 20:27:09,2018-03-16 21:48:37,2018-03-12 00:00:00
859c549cb42de5d30cfc3ef3ecc432a9,0b74ffe6ee712595a3d89e0cbda91be0,delivered,2018-05-21 13:24:44,2018-05-21 16:14:48,2018-05-22 07:02:00,2018-05-23 18:48:43,2018-05-29 00:00:00
e097ac66f292d985c83f3e00b4169170,4eb9006df565bc421b07771e021529f9,delivered,2017-09-17 20:41:23,2017-09-17 20:55:21,2017-09-21 19:14:09,2017-10-04 20:14:51,2017-10-10 00:00:00
82d2162edf841b38e563dbf4380daead,345f372c11ec16bd9ebc7e95e935cb5c,delivered,2018-07-02 20:03:31,2018-07-05 16:25:13,2018-07-03 12:59:00,2018-07-06 18:26:43,2018-07-24 00:00:00
3cedecb4c098aed91d062c54ece4bca4,af5e377c92351996f031b00fd38a4958,delivered,2017-05-02 10:01:50,2017-05-03 15:31:46,2017-05-08 11:44:22,2017-05-20 15:30:03,2017-05-30 00:00:00
c36ef1e1846fbb375cfa1e035bc646ca,193ddb393ef321ccba26a7a61694de7e,delivered,2018-04-26 17:19:33,2018-04-27 03:35:26,2018-04-27 14:28:00,2018-05-04 19:34:59,2018-05-18 00:00:00
373f8831c38f949e1a6bbc1af1e4a72b,c16b7a7d3a0183751d0b316992048d9f,delivered,2018-02-06 21:44:06,2018-02-06 21:55:32,2018-02-09 16:56:52,2018-02-15 15:28:59,2018-03-07 00:00:00
db627a1f4bb56a7887ec7709535da727,cdf85d0d3bca555a030e00a95504ffca,delivered,2017-04-24 15:06:09,2017-04-25 15:15:07,2017-04-27 12:34:06,2017-05-18 05:11:41,2017-05-17 00:00:00
67514fcb055f334d27330858482a410b,45ad3f7082738671f57811a3c120b947,delivered,2018-01-19 18:36:18,2018-01-20 09:08:59,2018-01-23 23:24:19,2018-01-29 19:42:51,2018-02-15 00:00:00
1e718803a62786233aedeb09414e1495,997f5003c833c402b8b21404f179ed21,delivered,2017-09-15 14:29:40,2017-09-15 14:44:04,2017-09-18 15:45:33,2017-10-27 00:03:17,2017-10-11 00:00:00
7afae2eaa778fded3e2b0af2256d0f7f,26d867bd2cae0c9840ab2e5d537d70bf,delivered,2018-01-24 11:52:36,2018-01-24 15:16:05,2018-01-29 20:04:31,2018-02-16 14:42:18,2018-02-21 00:00:00
63b7e12b14a2f33c859d0239ad193934,bd6416851a5e65c02fd83b7f2f16a471,delivered,2018-05-20 20:05:26,2018-05-20 20:19:07,2018-05-22 14:47:00,2018-05-23 16:32:02,2018-06-05 00:00:00
f645a340daf39e04d6d8ae3e04f99b5c,a78e85d7d80bdae62134eb73e68b521a,delivered,2017-05-26 19:28:02,2017-05-27 02:55:10,2017-05-30 04:45:07,2017-06-12 11:25:48,2017-06-26 00:00:00
b9a8d194c52bcb022997d990bd402f7e,5bde57569eb8318a2306865d06de2bfb,delivered,2018-03-01 17:28:42,2018-03-02 02:15:30,2018-03-06 00:05:59,2018-03-10 13:48:34,2018-03-27 00:00:00
a7392ea1b39e7c7f9928e1f12d3a4d90,f552eef4dec7177ce21ba2b5532da268,delivered,2017-06-06 19:54:28,2017-06-06 20:05:17,2017-06-07 14:40:09,2017-06-12 07:35:24,2017-06-29 00:00:00
1217de8bb29e23b3b4ca52c564fb143a,8fcebad47cb22e7a7576c02a882a66ed,delivered,2017-05-02 20:57:56,2017-05-03 15:22:49,2017-05-09 08:48:03,2017-05-18 07:35:54,2017-06-01 00:00:00
c2e8b417a29b392b9f49a30a868489cf,94585f4d164dd1117626d9db77c597fc,delivered,2017-07-07 21:15:49,2017-07-07 21:25:16,2017-07-10 19:53:29,2017-07-25 18:37:54,2017-08-04 00:00:00
be2daa888694c8fa4bc8aaec2c95ddd0,6d34b68801655b93a27ef40982f28374,delivered,2018-05-14 00:11:23,2018-05-14 00:31:14,2018-05-14 15:31:00,2018-05-19 13:36:33,2018-06-08 00:00:00
14332cb639e07b39ae968650f7ed52db,5d000c4b96c4f8f9db7adf817a7bc2af,delivered,2018-04-05 10:07:32,2018-04-05 10:15:23,2018-04-05 22:34:39,2018-04-11 14:28:38,2018-04-30 00:00:00
0b47f5e9432bd433f8c5cf64e60e6e5f,90bd3163f91abddea340d03ca4eaf140,delivered,2018-08-07 11:08:50,2018-08-07 11:24:58,2018-08-08 15:01:00,2018-08-15 21:28:31,2018-08-29 00:00:00
efaed69a3670eec3151a31c6f19ac699,efbd645fff588c1f79128c56cb5da5ce,delivered,2018-05-05 00:47:56,2018-05-05 01:10:42,2018-05-09 15:48:00,2018-05-15 16:39:46,2018-05-28 00:00:00
9d440eeeb611d4b50ec1cee0ca410507,b7f5e7be6992f2dbf83cd873e2f8f898,delivered,2017-10-03 13:32:59,2017-10-04 02:43:57,2017-10-04 23:46:49,2017-10-10 20:25:09,2017-10-25 00:00:00
d788474677e79e148bb5cf2c5f0f637a,688df872e677f02c3da2960a87e90b65,delivered,2018-03-24 12:59:47,2018-03-24 13:15:31,2018-04-10 12:19:26,2018-05-23 00:28:30,2018-05-14 00:00:00
ec7a019261fce44180373d45b442d78f,c24fc5f9a446b4d8262041b9c64de772,delivered,2017-01-05 11:56:06,2017-01-05 12:10:17,2017-01-06 12:43:41,2017-01-11 13:14:05,2017-02-01 00:00:00
afd71840756746edd2c71bd69b2e904e,96526ca2d4b3defae648259436c371c0,delivered,2017-07-06 21:50:02,2017-07-06 22:03:40,2017-07-21 16:13:07,2017-08-01 19:15:27,2017-08-11 00:00:00
cdfc8d98469b5469527223fa4d487882,117c74aa6cd3541068f9c0915dd95fc0,delivered,2017-03-14 12:25:25,2017-03-14 12:25:25,2017-03-15 15:11:46,2017-03-22 09:55:39,2017-04-04 00:00:00
e55b46bf1f7b0739a890db6c07478c9e,44d195c70ddbb47f1a0a3efa789b76d4,delivered,2017-04-06 13:13:35,2017-04-06 13:25:08,2017-04-11 12:27:58,2017-04-13 17:04:53,2017-05-08 00:00:00
4a91a1ba7768e400ff40aad6730251ed,252eca59746ea50c35bbd4cee0fbd333,delivered,2017-11-26 19:35:21,2017-11-28 19:35:49,2017-12-06 01:52:59,2017-12-13 00:53:07,2017-12-21 00:00:00
46b2b58e9d83e34e026642e9d8f7e5fb,13fa9f3ef489cd8c830f724b99b7c3a3,delivered,2018-01-16 17:36:35,2018-01-17 19:50:24,2018-01-18 19:41:34,2018-01-23 19:33:48,2018-01-31 00:00:00
01029b44abe6e15c8df48b1b759ab437,3e0d489d05ca15801e274f39adb8d213,delivered,2018-06-27 22:24:29,2018-06-28 00:35:11,2018-07-03 16:27:00,2018-07-05 19:03:19,2018-07-16 00:00:00
ee18e41d0d059cc434a43e62e3352c40,89b46f8b1cc765c98ffb9989a137abde,shipped,2017-11-18 17:32:51,2017-11-18 17:46:38,2017-11-22 17:08:52,,2017-12-07 00:00:00
df6c49ed3556438e1755c756bed90fff,a2c14c283d74f8d348c0ff49280e933a,delivered,2018-08-01 20:18:03,2018-08-01 20:30:08,2018-08-02 15:48:00,2018-08-07 15:42:05,2018-08-20 00:00:00
8b1789e10f33bfc4af50c1e39aae50f7,fba30b28beee38fcf673926812eca40c,delivered,2018-07-30 00:52:46,2018-07-30 01:04:18,2018-07-30 14:19:00,2018-07-31 19:21:18,2018-08-03 00:00:00
77b24e14e65cdeff7657a0ea3c9e9878,97152089d604253afff5a53f5120fcdc,delivered,2017-09-29 14:41:17,2017-09-29 14:56:10,2017-10-02 20:12:20,2017-10-03 20:12:45,2017-10-17 00:00:00
46725157f2a21347b2c792dda26536d4,9310deea6432dd2625106c03b88b7c83,delivered,2018-03-06 16:13:13,2018-03-06 17:00:23,2018-03-08 11:19:45,2018-03-13 19:26:36,2018-03-22 00:00:00
c05394da933eae4ce6e374978c70998b,7b333885995b5c88252e8cbb4572a360,delivered,2018-04-03 17:37:40,2018-04-03 17:50:15,2018-04-04 14:07:09,2018-04-12 15:22:32,2018-05-03 00:00:00
681ab8d80849148ae66f3f191a142a1f,ad2cd139d2158c76a9dd5508150c95f3,delivered,2018-03-20 14:29:41,2018-03-20 14:49:25,2018-03-22 21:35:59,2018-03-31 14:13:36,2018-04-11 00:00:00
44afcef35a5f8874ce556826e49769a8,28d7d6495ae4ce3db7fa5edb5f74e781,delivered,2017-10-05 18:23:52,2017-10-05 18:45:21,2017-10-06 20:10:01,2017-10-18 12:32:56,2017-10-23 00:00:00
2956c3060085d849e6c81602a6e99eff,da81a00964085d84df193ee32dc97d20,delivered,2017-06-22 20:05:39,2017-06-22 20:15:15,2017-06-26 15:47:53,2017-07-05 15:37:58,2017-07-14 00:00:00
5bd39e6a06371941eb585cbe79b41efc,e2a970af77a3457a621dac37b1fe2208,delivered,2018-07-28 06:45:34,2018-07-28 06:55:09,2018-07-30 14:12:00,2018-08-07 19:21:50,2018-08-29 00:00:00
b292a6edad2285c61d34667a9fdc7f23,7952d4730e054d5d890d8f38ce6bb6f6,delivered,2017-11-18 15:49:27,2017-11-18 16:06:20,2017-11-24 22:06:47,2017-12-14 00:22:55,2017-12-13 00:00:00
1084873135af1b72eb54613119a6604f,1d9f74e07b4bb44ceb73e68c4f3036ac,delivered,2018-05-18 16:32:06,2018-05-18 16:58:02,2018-05-22 06:39:00,2018-05-23 17:57:20,2018-05-28 00:00:00
bc9fdcff8d8146b6f6c58c294f047b3b,296ab1d0d22dbc2bfcb80832953a0550,delivered,2018-04-30 10:41:01,2018-04-30 10:55:07,2018-04-30 15:09:00,2018-05-07 21:28:28,2018-05-29 00:00:00
2c9edac668d691947b1107b0b68a1adc,3229ba8c68c7b0df85799761ad0eaa08,delivered,2018-06-13 22:21:38,2018-06-13 22:40:31,2018-06-18 14:26:00,2018-06-22 18:22:11,2018-07-13 00:00:00
d0f10a06cef93a439ce94948f700d7f1,24c9296f4679f53ae284ba3e7d3914f7,delivered,2017-12-04 13:05:13,2017-12-04 16:33:24,2017-12-05 22:17:49,2017-12-20 18:48:00,2018-01-16 00:00:00
6c6e0980a0b7646b5ccc523ced08876b,b385fe265ac9a21b28a89debacc0b4de,delivered,2017-12-10 22:31:27,2017-12-10 23:09:38,2017-12-11 20:11:38,2017-12-12 17:59:30,2017-12-28 00:00:00
3ca6693c62bcb94cf84a1c9f89191483,558d10ad25cf808e1f3e532951991954,delivered,2017-07-10 14:36:12,2017-07-10 14:50:18,2017-07-12 15:32:03,2017-08-25 15:09:29,2017-08-09 00:00:00
82546b6c4067f92f498a1cf281dd791e,3c726d68f076146069063ee94233eddc,delivered,2018-04-03 22:08:31,2018-04-03 22:28:55,2018-04-04 20:39:35,2018-04-05 21:33:12,2018-04-23 00:00:00
01e9feecd7fba975c1869a8fbbb38b65,18a76d8e984df9cc300315102a1008b4,delivered,2017-03-28 20:44:07,2017-03-28 20:55:15,2017-03-30 15:48:02,2017-04-04 16:32:25,2017-04-19 00:00:00
22ef9d3714207d9a803bd9acb19fd0cb,1322ab99d2cdd4a0da0150a209d321c5,delivered,2018-07-23 15:11:08,2018-07-24 11:32:35,2018-07-26 15:33:00,2018-08-06 14:02:46,2018-08-14 00:00:00
3375c68ecbc81a56191ced194ca3f760,95d30ed2ada241476fe5dabe6e4ff4e7,delivered,2017-10-16 10:45:42,2017-10-16 11:10:10,2017-10-17 18:10:39,2017-10-24 00:25:33,2017-11-01 00:00:00
9544da84a1f36efaf61504e2fbed951a,2e4944041038aa2b71a74eab8d9b819c,delivered,2018-05-28 11:01:11,2018-05-28 11:15:21,2018-06-04 15:15:00,2018-06-05 12:41:04,2018-06-20 00:00:00
c72f5bd034e8242048f9572c4f3c7fbf,4e0634d6a5e7c3112d50bed585af3ccb,delivered,2017-11-30 22:25:04,2017-12-01 10:31:17,2017-12-01 21:17:42,2017-12-04 21:27:30,2017-12-18 00:00:00
e1b1ed7246d40a12bdb135bcae8956cc,404a4ef274e8c7022d5488ff39bcb90d,delivered,2017-04-30 09:08:12,2017-04-30 09:15:17,2017-05-02 15:21:34,2017-05-09 16:15:07,2017-05-23 00:00:00
98532042bd5c904d95cb1ae5acb4e908,ed6779ac25af6720d0d862aaa46fd031,delivered,2018-06-16 18:59:04,2018-06-16 19:18:01,2018-06-18 16:22:00,2018-06-23 00:05:18,2018-07-16 00:00:00
8bad870bb86e0b67f6db07bb5e3c55c5,7a83a95f0d08cc419552f5ec647db491,delivered,2018-06-24 19:13:23,2018-06-24 19:36:05,2018-06-27 09:42:00,2018-07-03 04:38:35,2018-07-18 00:00:00
ace5866349278761370529383b3c0057,91f86c788bda1e3b84770668a6368e15,delivered,2017-03-20 20:52:28,2017-03-20 20:52:28,2017-03-29 15:52:09,2017-04-03 11:23:03,2017-04-24 00:00:00
8d607893abaf69faeb1313f7cacfeca1,30ef75ecbcfb818484c4854a8caace0f,delivered,2017-06-20 16:12:23,2017-06-20 16:25:16,2017-06-22 08:28:44,2017-07-05 11:52:03,2017-07-12 00:00:00
958a4a1077deacbebcc8cdd442792b77,b8718c4bc8bcd8bf3cbc7500d9092c10,delivered,2017-11-30 13:30:20,2017-12-02 03:30:52,2017-12-04 21:54:30,2017-12-11 22:16:48,2017-12-22 00:00:00
1af85a7bfa8727b2f0009a9035341f3f,2cc96e1e4307b9b4c1e710fb2c3b5d24,delivered,2018-08-26 20:57:20,2018-08-26 21:10:26,2018-08-27 09:13:00,2018-08-30 19:27:49,2018-09-12 00:00:00
d7ade8c5f36a13fc95c8251b9db08874,a2dbbb33079eae5f9f27ce19d9ad1b02,delivered,2018-05-21 16:42:29,2018-05-22 08:16:23,2018-05-24 14:11:00,2018-06-04 15:24:37,2018-06-22 00:00:00
81633234173b1cd685789057d87021c9,0afd3fc9533b6a435dab3f0c2f591b8f,delivered,2018-08-13 10:12:41,2018-08-14 10:10:13,2018-08-15 05:41:00,2018-08-18 16:58:54,2018-08-20 00:00:00
4e645edf6d8d91302d90770e9fbf1f91,8a811aba2bf51a27cf902cf23fcfcabf,delivered,2017-09-09 22:22:34,2017-09-09 22:35:12,2017-09-12 21:44:30,2017-09-15 19:27:28,2017-10-04 00:00:00
0ae4456639dd07164db5f2433c8f55e4,c991372fe4a2b75d9c43c318062c1f97,delivered,2018-06-06 12:44:20,2018-06-06 12:55:34,2018-06-07 14:01:00,2018-06-08 16:40:58,2018-07-03 00:00:00
654236657c61378a35416f08170ff0ad,244c5781e9005c4d4ed312232b155b00,delivered,2018-02-17 19:32:41,2018-02-17 19:50:23,2018-02-21 19:49:06,2018-02-26 19:22:33,2018-03-12 00:00:00
8c8d824536e2e08f134637875b9154ba,a87a24ee764f092e8e4d331359d2e3da,delivered,2018-04-07 17:28:00,2018-04-07 17:35:19,2018-04-11 20:51:46,2018-04-30 23:26:38,2018-04-27 00:00:00
34b7253ad75b068d9abf56b9fc5c68a2,4a55003a271fa2d0d8ddab6c8fef71fd,delivered,2018-07-10 13:44:28,2018-07-10 13:55:19,2018-07-10 16:04:00,2018-07-14 17:23:45,2018-07-30 00:00:00
3e1d096455531309ff1f946ed0f580cc,e87f6224556205ac036d949a6b6a6e85,delivered,2017-05-20 13:34:44,2017-05-23 03:45:11,2017-05-24 12:41:38,2017-05-25 15:44:04,2017-06-13 00:00:00
3f60c18dceaa348eb8891eea71a53dc1,7b0e5d9d1949bce0504d928d8897dead,delivered,2018-08-01 20:48:00,2018-08-01 21:04:08,2018-08-02 15:16:00,2018-08-09 17:21:03,2018-08-22 00:00:00
c8aac6ce6c823a94f0ac0d259b947130,aa2c4c511e308053dcab7fc8d1000604,delivered,2018-03-19 17:41:13,2018-03-19 17:55:55,2018-03-23 03:12:25,2018-03-23 20:58:36,2018-04-09 00:00:00
942a2811a7a6e202eec1790c6b69be88,6b18fa3dced515841e3d09e216f4974a,delivered,2018-01-09 09:51:36,2018-01-09 10:09:48,2018-01-17 21:00:18,2018-01-26 23:33:45,2018-02-14 00:00:00
23b51e2ed131cc184e283beb7605c156,04c2efda112806f34862f8bf4066462a,delivered,2017-12-11 12:40:06,2017-12-13 02:37:30,2017-12-22 18:28:34,2018-01-05 19:47:09,2018-01-31 00:00:00
b963c12b1ff920123b6b5de4ce5e4a19,3019e355edb1326683c0511bd4ed2451,delivered,2018-03-23 08:13:21,2018-03-23 08:30:22,2018-03-27 20:08:36,2018-04-07 02:05:18,2018-04-19 00:00:00
db666cbae1499f226a7759852cbd0e69,5ec1892d5c9e8d9b8684599cfc01f7fa,delivered,2017-08-24 17:10:05,2017-08-24 17:25:12,2017-08-25 19:54:44,2017-09-06 19:59:47,2017-09-22 00:00:00
9737e3c834c45ffbacf7736192be7d0c,10e44054ee2f2767e7ffb33321045f44,delivered,2018-06-26 11:17:51,2018-06-26 11:35:54,2018-06-27 14:38:00,2018-07-03 18:27:44,2018-07-26 00:00:00
af4e2e186d1553f35c402a9e153f9444,6cbc59fd1d1f852406689ea9ad5fbffa,delivered,2018-01-11 10:32:13,2018-01-11 10:48:36,2018-01-15 15:33:26,2018-02-02 00:44:58,2018-02-07 00:00:00
64e9a35b6a64013d05435c2b3faca268,e6ecc0b5fedfd6d00a8b01dcf1f7b10c,delivered,2018-04-15 11:05:45,2018-04-15 11:30:50,2018-04-20 14:27:48,2018-04-21 13:58:29,2018-05-03 00:00:00
0baa34fb7824f076c177df17da43b62b,903ac795fab792a96d6838180994d171,delivered,2017-05-12 14:58:01,2017-05-13 02:55:24,2017-05-15 10:35:16,2017-05-16 08:37:35,2017-05-22 00:00:00
588085f388f3dd80c9c56681b47bf588,da6c87d5d7a19234100f5f9cce913a7b,delivered,2018-05-01 20:08:06,2018-05-03 04:12:57,2018-05-04 13:48:00,2018-06-17 20:42:22,2018-06-04 00:00:00
dd359d3c294458c6d642b2eea9212bf5,5c58d1ea5a893380ecdd96dd6dfd5ec5,invoiced,2016-10-04 13:02:10,2016-10-05 03:08:27,,,2016-11-24 00:00:00
acb597dfe15a4beb04578cbe48a6772a,fc67e04362ada373e1f7e7b6dab539e8,delivered,2017-12-01 23:33:35,2017-12-01 23:55:05,2017-12-05 16:33:55,2017-12-11 20:34:07,2017-12-27 00:00:00
d29eca3633b0b60adf268cae9133cd93,cbbd508281ea66e2f36b4acfc28a85b0,delivered,2018-01-17 23:34:21,2018-01-17 23:50:02,2018-01-18 21:35:34,2018-01-30 14:16:38,2018-02-01 00:00:00
203763b580fdf4ab6596f692370d27a7,74fa7da987003f4756e87a5b1dcb11b1,delivered,2017-07-25 17:04:50,2017-07-25 17:23:19,2017-07-29 12:13:02,2017-08-17 16:53:48,2017-08-18 00:00:00
0ce3dcca0c123ec98cc73a514f7e9922,a04cf226c7a48fb4e95019bded0ea863,delivered,2018-07-14 22:27:04,2018-07-14 22:35:21,2018-07-17 13:49:00,2018-07-24 17:43:44,2018-08-09 00:00:00
4b417a70a89a9c265f52c8279dd489d7,259749df278437824ec1739846281357,delivered,2017-02-01 13:08:13,2017-02-01 13:21:31,2017-02-02 13:12:22,2017-02-13 13:07:36,2017-03-01 00:00:00
b002f1139d86ddfc3579ad4d0fe8556a,a86fa41b9d57893b8b23ad9bf2b10427,delivered,2017-10-17 12:48:19,2017-10-17 13:06:26,2017-10-17 19:41:51,2017-10-26 22:48:28,2017-11-08 00:00:00
d9cce1189df2e1b16f34c16c80f29f2a,536ff0cc8ec1d90d40b63686caeed8ee,delivered,2018-08-16 11:34:12,2018-08-18 02:50:13,2018-08-23 08:57:00,2018-08-27 20:06:51,2018-09-20 00:00:00
597793d262bf35d4ff6b50360f836d82,a8f70597c7c83e71598dfe9af1c791bd,shipped,2017-07-06 12:55:44,2017-07-06 13:10:09,2017-07-07 19:22:14,,2017-08-11 00:00:00
513f45dfe361a2cd8b5627b1414b20ae,a90833cea2417e46c2ff5512bbf5aabd,delivered,2018-05-13 23:02:56,2018-05-15 05:15:00,2018-05-18 15:12:00,2018-06-18 18:12:34,2018-06-05 00:00:00
a4b3883d938d54ee36ea65cdfc552255,75ee4ded6b8b2510f575110c1bbc81a1,delivered,2018-01-05 10:44:19,2018-01-08 07:16:22,2018-01-17 19:46:43,2018-01-26 15:08:57,2018-02-06 00:00:00
38224f332ffd3bc5b46d6a5139b76c2d,7dd1463208b208ccf68a5bcb0d515da4,delivered,2017-04-05 15:25:37,2017-04-05 15:35:09,2017-04-06 10:05:37,2017-04-12 10:04:50,2017-05-03 00:00:00
af3ad705f2a257c863532e7fec91462e,9131058bc0fd58a4fd04dbc141c4aa5b,delivered,2017-11-13 14:52:21,2017-11-13 15:11:01,2017-11-14 18:14:54,2017-12-01 19:13:56,2017-12-18 00:00:00
4a444b385541349263bc8ab5a26a54c4,4e6049d06b37e851ef393c27efc23a69,invoiced,2017-08-15 10:22:51,2017-08-16 03:25:45,,,2017-09-04 00:00:00
9abd4434524a2140bc9418988f93b4c8,3c00b418224c7d87dc77761bfd76a327,delivered,2018-03-14 16:23:40,2018-03-16 03:50:03,2018-03-16 23:15:46,2018-03-21 22:44:31,2018-04-02 00:00:00
c97448e24a8f892f02dcf3089103346f,6fd2c51b3eaa23c3ced2674b452e228c,delivered,2018-01-03 14:43:21,2018-01-03 14:52:23,2018-01-03 21:15:01,2018-01-08 21:42:33,2018-01-30 00:00:00
021f21b778ea0a81da47ebe141b1b29c,668602ff7a4ac16b00c73785fda2025d,delivered,2017-10-26 16:31:16,2017-10-26 17:31:47,2017-10-30 15:59:03,2017-11-03 19:37:54,2017-11-16 00:00:00
719ff9684dee150a72b969c2d0853af5,c5043670cde64f4796a1c5fc6176923a,delivered,2018-05-17 09:44:35,2018-05-17 19:34:59,2018-05-18 14:13:00,2018-06-06 21:28:59,2018-06-07 00:00:00
a6361585c0b12a78bf663af14eb817e7,a45b0e2ac459c0a7921a20d88205764b,delivered,2018-03-31 16:14:59,2018-04-03 05:15:34,2018-04-04 15:52:53,2018-04-09 14:18:38,2018-04-18 00:00:00
a3b14686446d3401d67a3421891c34a3,756a1ff94dada665c9df2c5800d359d1,unavailable,2018-02-09 14:00:02,2018-02-09 14:15:43,,,2018-03-21 00:00:00
b54c7973502fa2cdd1b75c993dd98029,9627f089c0a53a343210849f1c341cc8,delivered,2017-10-09 13:40:14,2017-10-09 13:50:08,2017-10-10 17:03:17,2017-10-23 22:32:47,2017-11-08 00:00:00
b6124eb66f799ee6f995083761816983,a551e0db88458b42f4f6a76ecdb114dd,delivered,2017-08-17 01:29:31,2017-08-17 02:12:23,2017-08-17 17:52:33,2017-08-18 21:38:07,2017-08-31 00:00:00
c86817562aff5741e8cceb3f8b6a6108,3f5634e4e68cda2e6bdb2dd93180e0ba,delivered,2017-11-15 18:06:40,2017-11-15 18:27:08,2017-11-17 16:41:47,2017-11-24 11:26:37,2017-12-05 00:00:00
dfc227d5e6d4ba1e696be1e730e9e796,e2bf3a59a2af09ad1498888dce519811,delivered,2017-09-22 13:37:18,2017-09-22 14:42:23,2017-09-28 12:07:38,2017-10-02 16:42:25,2017-10-18 00:00:00
0a0837a5eee9e7a9ce2b1fa831944d27,4f3f778022aefa22b9f9e52d2c47edf3,delivered,2016-10-04 09:06:10,2016-10-06 11:43:20,2016-10-15 10:33:08,2016-10-22 14:51:18,2016-11-24 00:00:00
5629fdbbd11b9755743ba8b8f517f8cc,410487a17df8bb033e4173a7ab925f66,delivered,2017-02-06 12:55:28,2017-02-06 13:10:34,2017-02-09 12:24:58,2017-03-10 15:12:42,2017-03-08 00:00:00
19306838a9d7a11a82ea7656dbd2f151,caf4f7415f1dcefc703eea9c86b42951,delivered,2018-08-10 12:50:30,2018-08-10 13:04:45,2018-08-20 12:31:00,2018-08-24 14:22:43,2018-09-05 00:00:00
1fcde8f1d8b0a48e0ce8a212f1fb8dc1,84f8d3841c9595ec254d45d1e103b056,delivered,2017-09-14 13:06:07,2017-09-14 13:24:55,2017-09-14 20:13:32,2017-09-26 18:14:58,2017-10-03 00:00:00
195f299b40b4d78afa81a4109b618c02,4a4fab07a73760a8b9c42ac4c4129b84,delivered,2017-11-08 19:12:02,2017-11-08 20:31:00,2017-11-09 20:56:46,2017-11-27 15:43:59,2017-11-28 00:00:00
c8b5282d408a1646c2b36a65f3d6fc80,259e30be470dc3beda52b7504700face,delivered,2018-01-30 11:12:52,2018-01-30 11:34:52,2018-02-01 02:12:02,2018-02-15 17:58:58,2018-02-22 00:00:00
1cef8c054a99de4870f9f34b4822f206,bb992aa0173715b2ec5e1e3b74903743,delivered,2017-07-05 15:44:33,2017-07-06 15:50:25,2017-07-12 17:42:48,2017-07-18 20:43:22,2017-08-07 00:00:00
dc0faa2850ff8a9f74623864b2e6214b,793fef0d9dab381e0a4e6f2b5ad506d4,delivered,2018-03-22 01:12:26,2018-03-23 02:15:48,2018-03-23 18:17:37,2018-04-03 19:21:14,2018-04-13 00:00:00
00b6c055922e0ed2d88efdd252b2fb64,f7bdab6e68a28bf26acc7cbd785790fc,delivered,2018-05-01 16:01:41,2018-05-01 16:15:13,2018-05-02 18:21:00,2018-05-07 20:54:44,2018-05-16 00:00:00
707641763cb64b52140f74e1389d0f10,319b2c12a2862f145c1a59e89560ce2d,delivered,2017-03-24 10:15:43,2017-03-24 10:25:19,2017-03-28 12:03:58,2017-04-05 14:40:03,2017-04-19 00:00:00
7f2646b3858bd8c12613670a0da91593,5a0e7a3d1f745af614dd6a9193197821,delivered,2017-11-30 13:29:43,2017-11-30 13:42:13,2017-12-01 20:49:45,2017-12-20 16:39:06,2017-12-26 00:00:00
1a3bbdc45bf26fe719899c99c26cdc08,9cccd2dc2b91b1fa0e19d3ba831e948a,delivered,2018-06-12 16:31:58,2018-06-12 17:51:10,2018-06-14 11:19:00,2018-06-15 18:08:49,2018-07-13 00:00:00
09b010b4dba0b79a21a0505f234e44fb,18b8a289b963f319f9c59bb42cc44193,delivered,2017-04-07 15:47:19,2017-04-11 03:55:32,2017-04-11 09:21:25,2017-04-17 11:28:07,2017-05-17 00:00:00
844f7449f9593fb8f8804b997e9210e6,90a8c6c6dff16cb628150e8cf1a6d6d9,delivered,2018-08-22 03:16:24,2018-08-23 02:55:24,2018-08-24 14:48:00,2018-08-29 15:38:55,2018-09-05 00:00:00
073c1615e55e3c047b8254b49d3503df,a4e7d5d9719609261aca55abcfbb5985,delivered,2017-08-09 13:08:42,2017-08-09 13:24:21,2017-08-10 17:30:08,2017-08-16 18:24:45,2017-08-29 00:00:00
687114e8d86b372c3c02f33833df2383,d7596b2c9f409e620d46a4156992a165,delivered,2018-03-16 07:38:09,2018-03-17 15:15:26,2018-03-20 23:33:26,2018-03-26 22:42:07,2018-04-10 00:00:00
22ea5431233830227f077473a051d55d,699c53363f423420e15ad5b424eb584f,delivered,2018-05-06 17:41:23,2018-05-07 09:13:41,2018-05-08 15:39:00,2018-05-18 20:08:47,2018-06-04 00:00:00
05095322e4f3619255e9450335966c33,d6d2c033c21383b51bda46e1e5580f8f,delivered,2018-03-02 23:16:28,2018-03-02 23:28:49,2018-04-04 22:42:07,2018-04-10 13:21:53,2018-03-23 00:00:00
b7832620d1c6dec5b515fa82c3bd6577,f1f18986d8df86bab07951e9d044123a,delivered,2017-10-17 22:42:16,2017-10-17 22:56:19,2017-10-19 17:39:59,2017-11-01 19:58:26,2017-11-08 00:00:00
1907abda7b8d9460f40f04928a4f1721,8c02349217989ee7257c050cd31c5933,delivered,2017-03-09 20:18:24,2017-03-09 20:18:24,2017-03-10 15:12:35,2017-03-17 10:26:36,2017-03-30 00:00:00
122c0857cda2681ca041cded5e95741a,a6d9e3593fee6cf4000e7fd40e14a15a,delivered,2017-06-09 20:35:47,2017-06-13 03:50:32,2017-06-14 09:08:25,2017-06-19 18:43:48,2017-07-10 00:00:00
3c13a632eab1c856909bc8733878cf8f,3c3db1ddc514e9642527dd20d7f8e780,delivered,2018-06-15 00:14:18,2018-06-15 00:38:41,2018-06-15 12:24:00,2018-06-25 15:37:46,2018-07-16 00:00:00
751c243ac05d86027b2fea2198de7d3c,3440df7a1bfd7becf564b373e2f2bd9d,delivered,2018-02-02 10:10:38,2018-02-03 02:53:30,2018-02-05 22:41:35,2018-02-22 01:19:22,2018-03-05 00:00:00
93d00ae1e20d553e6b5bee7a7d898996,3a4c77b134b116a9f90b0a98fe0d0727,delivered,2018-03-29 20:20:11,2018-03-29 20:30:16,2018-04-02 18:42:50,2018-04-05 23:14:50,2018-04-11 00:00:00
37113d4a4b32eb2a62556a3688dc0277,a1603ad4b06ff900d10c3222f1818bbf,delivered,2017-12-09 09:18:49,2017-12-09 12:31:31,2017-12-11 18:10:17,2017-12-20 18:16:54,2018-01-04 00:00:00
efe34eef7701ffb344c58af77b116019,d6d99bb4414c24f4bcae748c02d7a111,delivered,2017-11-07 14:37:06,2017-11-08 03:26:51,2017-11-08 20:46:38,2017-11-13 11:38:42,2017-11-27 00:00:00
a1f32c6c2615f5638247552c003abd14,50e32dd6b681377c81efe062a389353c,delivered,2018-07-26 16:36:49,2018-07-26 16:50:11,2018-07-30 15:42:00,2018-08-02 19:58:41,2018-08-06 00:00:00
ebac8364f6f97c06df19ad674a12b359,e6fe99ccca7205804697a0aaef1539fb,delivered,2018-08-26 21:47:50,2018-08-26 21:55:18,2018-08-27 13:28:00,2018-08-29 22:07:52,2018-09-04 00:00:00
a1f12bceaff1b0d9d2a457fca14d1fa1,460d69a7f123395d881d1122d36e0f87,delivered,2017-11-02 17:07:50,2017-11-02 17:25:43,2017-11-06 19:22:32,2017-11-10 13:12:07,2017-11-23 00:00:00
a3fc2463aca2385a6ca276ee9d42e0bd,cff3017a38470298f6dce1e9d75f759a,delivered,2018-08-18 11:33:41,2018-08-21 04:30:20,2018-08-22 12:00:00,2018-08-25 14:29:47,2018-08-30 00:00:00
0a0eb4fdd818ed6fb62d07792c948971,ed3dc6d3a1e46e631a61cf76894b41cb,delivered,2018-05-15 21:17:37,2018-05-15 21:35:35,2018-05-17 12:26:00,2018-05-22 18:12:04,2018-06-20 00:00:00
e7a1117eec05af2eb6dd62bd7fd864c2,37baee082b2deb84f52d3444b9922453,delivered,2018-04-15 16:47:36,2018-04-18 11:10:44,2018-04-19 19:18:34,2018-04-25 19:12:01,2018-05-09 00:00:00
ca252aefd6f7ef3c5879eaab99e277eb,8fee2d5b7e5794cb5998ce266c9df1f1,delivered,2018-05-09 00:54:27,2018-05-11 03:37:30,2018-05-11 14:28:00,2018-05-15 20:41:24,2018-05-29 00:00:00
7ea34f2216c81857e7dd59d9d02b4626,2330310e89498b7b63bc9eadc09ab998,delivered,2018-01-05 10:39:43,2018-01-05 10:51:26,2018-01-10 17:17:44,2018-01-15 23:48:36,2018-01-30 00:00:00
f9e4b658b201a9f2ecdecbb34bed034b,e226dfed6544df5b7b87a48208690feb,delivered,2018-02-03 09:56:22,2018-02-03 10:33:41,2018-02-06 16:18:28,2018-02-16 17:28:48,2018-03-09 00:00:00
43d9990607d3ebfae75f19c16d53d589,59e0b2fbf8c9258307645d377d4c80ff,delivered,2018-01-20 15:44:08,2018-01-20 16:00:33,2018-01-25 21:03:53,2018-02-07 22:12:43,2018-02-15 00:00:00
4f20f374acaa47920134df2f634691da,18dbb42d3322bd536fae68ae41640e0e,delivered,2018-01-08 16:03:45,2018-01-08 16:12:27,2018-01-09 17:24:49,2018-01-10 20:24:37,2018-02-05 00:00:00
37681095e51224168a55b7a4ed598359,96bf655c5a1979487dc8f2eb06d34336,delivered,2017-11-28 11:16:04,2017-11-28 12:07:25,2017-11-29 19:57:42,2017-12-11 21:46:39,2017-12-22 00:00:00
ad979a858d9d6a2b8bbec764d452d1a9,262f9be79b20e6b708e25229076f2a1f,delivered,2018-08-02 13:57:47,2018-08-02 14:10:21,2018-08-03 14:22:00,2018-08-09 20:43:33,2018-08-14 00:00:00
f6dbef2d61321dedc716a1683d7b1509,8091032f392951aa6e5a1933b88ffd00,delivered,2017-04-24 22:16:57,2017-04-24 22:25:24,2017-04-25 14:17:55,2017-05-04 11:04:45,2017-05-22 00:00:00
9e22c8dea6cb942311efd79ca6fbbdfe,b78cdf02e03e25164b49c143c5bd0645,delivered,2018-07-31 22:31:57,2018-08-02 05:30:51,2018-08-02 15:32:00,2018-08-07 15:42:04,2018-08-21 00:00:00
e1e0cfc8398a7bcd9699fe42c1651566,2e28b1a46d27d698ecb5253364df051b,delivered,2018-03-04 12:01:25,2018-03-04 12:41:35,2018-03-08 18:07:28,2018-03-09 18:46:25,2018-03-15 00:00:00
f5948c001130b3ffedc316eec2522996,dcb0fdfd6a314986e19ad9a7d6871449,delivered,2017-10-14 11:13:05,2017-10-18 02:58:50,2017-10-18 19:32:08,2017-10-20 14:39:48,2017-11-01 00:00:00
18e91442199add8db6ce7be9b2c51760,aa6ea53126c88a731fd84dec4d4f3500,delivered,2018-02-27 23:41:31,2018-02-27 23:55:36,2018-02-28 20:52:43,2018-03-15 18:04:07,2018-03-20 00:00:00
66eebf0e266f975af04450e28dcadbf1,064e67871d53f3fbfd15385a0ca3a54b,delivered,2018-08-11 18:31:35,2018-08-14 04:45:11,2018-08-22 14:17:00,2018-08-24 19:48:29,2018-08-28 00:00:00
cfd1ec4b19410ea11aeb847b699f281a,102f97ac10e250abbeda21cd6c3094ac,delivered,2017-08-25 21:09:03,2017-08-25 21:25:10,2017-08-28 15:22:28,2017-09-04 18:12:40,2017-09-19 00:00:00
832bc1632236af4fde736234395402e3,4dd0798c083c504495639b4613c895d0,delivered,2018-01-18 23:07:20,2018-01-18 23:16:44,2018-01-19 18:16:29,2018-01-26 19:49:10,2018-02-08 00:00:00
5c26d05602b6bf6463faf31fe5031c1c,b3048bed6f8e24f898f1f83e038f247e,delivered,2018-02-11 11:08:36,2018-02-11 11:48:02,2018-02-14 18:07:39,2018-02-20 18:44:56,2018-03-09 00:00:00
2930e165d2d299f01940b519c86c7ee5,2f6dfea8a3388d1f025e78ec17369d09,delivered,2017-05-23 09:50:26,2017-05-25 02:45:20,2017-05-26 11:13:17,2017-06-08 11:39:01,2017-06-23 00:00:00
ae7dc97e75f7b915af6ef838d96df18a,84b76e9f9c9791f2ca2756bf99e471b1,delivered,2018-05-16 18:03:37,2018-05-16 18:16:50,2018-05-18 10:37:00,2018-06-04 21:18:45,2018-06-12 00:00:00
6d20d4bb2f512f9cc072f9b1ca5c614b,3612d49439bc99659b9e3aba3e715c79,delivered,2017-04-06 16:50:03,2017-04-07 06:42:32,2017-04-07 15:12:17,2017-04-11 11:12:49,2017-04-27 00:00:00
2b6f5b5b04f0331895f9e1103ac75fb7,d95b3ef0b39a4c4192e102a1c59d4c0e,delivered,2017-12-12 08:58:41,2017-12-13 02:33:33,2017-12-15 14:43:45,2017-12-27 23:09:54,2018-01-15 00:00:00
20f6d173df627e8c6f72650504ddfa7c,c829b5b75bc53cf5b5616a253f7e2517,delivered,2018-01-15 18:50:31,2018-01-17 03:35:47,2018-01-18 16:08:56,2018-01-24 20:27:52,2018-02-09 00:00:00
4c1cb882a6632f95d9732ca92f5715f8,6b7c4885e1dd12bd058d809f39e2d660,delivered,2018-01-10 09:49:00,2018-01-11 02:48:32,2018-01-15 17:24:44,2018-01-24 22:52:40,2018-02-06 00:00:00
c64f7f0d99ba9d06966f9bfe36e564ee,b463091eb4a2e2889f5e5ce0421fe523,delivered,2018-08-10 00:17:09,2018-08-10 00:30:17,2018-08-17 08:40:00,2018-08-20 14:52:13,2018-08-17 00:00:00
a87a5ed1e5a7211124791f4ee820ddfe,e39f32af4e74151a07a6a3108b123f1c,delivered,2017-11-21 14:54:39,2017-11-23 02:58:34,2017-11-23 22:04:51,2017-12-01 00:13:26,2017-12-15 00:00:00
b84945a92dd9b4125072450332eaf6ff,bfd4a40884fd30bcd8bc4e6838fbdbb6,delivered,2018-02-03 12:48:47,2018-02-03 13:11:56,2018-02-07 23:07:57,2018-02-19 20:09:18,2018-03-12 00:00:00
3339caccb4f94a45abaf8ed1990cfc36,9a862d529004b7051c686f79baba08fd,delivered,2018-01-22 15:42:00,2018-01-23 03:52:50,2018-01-24 10:24:59,2018-01-26 20:09:19,2018-02-06 00:00:00
278d3d690a2154d06eb95b5a171ade8f,d92966ea3d638f9b965f661de8d6d01d,delivered,2018-05-28 09:39:27,2018-05-28 09:52:21,2018-05-28 14:02:00,2018-06-04 20:08:23,2018-06-29 00:00:00
b153954b30a6a686b88cf18a599b4382,a75bcc763c11877e9047c0646b938866,delivered,2018-06-03 11:31:07,2018-06-03 11:50:34,2018-06-04 11:52:00,2018-06-18 18:02:46,2018-07-24 00:00:00
8a9be36ffd78382f9ac518945e909636,de30bd949849b73af18418c2a5d4599c,delivered,2018-06-01 04:19:11,2018-06-01 05:01:36,2018-06-01 09:05:00,2018-06-13 15:46:48,2018-07-05 00:00:00
82d57496fe85e9df6e149099e638aef0,8558b9ef796a38f15cf9b5d39bfa4fc1,delivered,2018-08-15 19:55:58,2018-08-15 20:10:20,2018-08-16 14:14:00,2018-08-23 18:41:08,2018-09-05 00:00:00
84226f5c73669d7711ca44aa9cac602a,346b20d184e7206d1b55ba6edabd61d6,delivered,2018-04-30 18:04:50,2018-05-01 02:55:33,2018-05-02 14:00:00,2018-05-09 20:51:58,2018-05-23 00:00:00
36581e1238aa28c3d912c1574ba976fd,08f25914a47aef2e25c337a19b1a482d,delivered,2018-06-18 21:15:34,2018-06-18 21:35:38,2018-06-19 07:22:00,2018-07-02 15:58:53,2018-07-13 00:00:00
6d58638e32674bebee793a47ac4cbadc,2ba91e12e5e4c9f56b82b86d9031d329,delivered,2017-11-25 13:54:39,2017-11-25 14:16:34,2017-11-27 18:49:58,2017-11-30 14:59:18,2017-12-11 00:00:00
9dd7bd30536daba0afe7e080f4b8a3dd,903041972f5a3a9b12369017eefaef26,delivered,2018-01-17 14:24:58,2018-01-17 14:35:25,2018-01-17 23:14:52,2018-01-27 14:36:00,2018-02-07 00:00:00
a11a425bf8a1d74271b19f31a3cbe76a,07a7e5b0029e354e4428f755cc1988bb,delivered,2018-07-24 11:15:42,2018-07-24 12:00:05,2018-07-30 12:50:00,2018-08-03 15:12:28,2018-08-10 00:00:00
948be76f305c16c3ddc7bfcdfaf093ac,e80cbdbc6b5a428ecbdabeb46c4945c2,delivered,2017-09-27 17:21:04,2017-09-27 17:35:15,2017-10-04 20:32:06,2017-10-06 21:13:12,2017-10-19 00:00:00
2db55bc45408ca33aa8ff88bbe7fc720,9a91fdf882a557e2fcbf6d64ad100d94,delivered,2017-07-13 16:05:56,2017-07-14 02:15:48,2017-07-18 17:56:00,2017-07-25 18:49:24,2017-08-08 00:00:00
6784eb6ac53d515d589b68821f86a2c8,3fddf2d86128110da11753b3c78b844e,delivered,2018-02-05 19:27:32,2018-02-05 19:50:05,2018-02-07 00:11:37,2018-02-22 23:06:42,2018-03-07 00:00:00
801fd091fe53f9ce56198949aee82afb,eb3df526c00097de12986e7f17592ad8,delivered,2018-06-13 16:48:11,2018-06-13 18:22:52,2018-06-14 14:32:00,2018-06-15 20:22:14,2018-06-26 00:00:00
53b788f7cb182a99dbcf654bbdf21933,350285f2b060dd3b8df76551d0c113a4,delivered,2018-07-08 10:48:22,2018-07-08 11:05:26,2018-07-10 15:13:00,2018-07-31 02:04:14,2018-07-27 00:00:00
a6f6b75dad02327bd16a4d391963c579,a53465af275137d100190c3f5254b283,delivered,2018-07-28 21:52:00,2018-07-30 18:31:17,2018-07-31 14:27:00,2018-08-07 18:36:42,2018-08-13 00:00:00
033d674880f1edbb660161a0c672e9d3,30324c881a62562ab08e01a916582091,delivered,2018-02-26 12:18:58,2018-02-26 13:00:21,2018-02-26 23:17:46,2018-03-09 23:03:42,2018-03-22 00:00:00
487243d388612209472c309efc5e6442,57cc8bffffb6658309f62558280029dd,delivered,2017-12-20 00:56:36,2017-12-20 01:54:21,2017-12-22 22:53:07,2017-12-26 18:47:28,2018-01-16 00:00:00
dbc337fe795b89d0a42fed65a448b964,7eb04a79ce864d7e123251dba21c1fa8,delivered,2017-08-24 07:48:11,2017-08-25 03:03:57,2017-08-25 18:29:55,2017-08-30 19:22:17,2017-09-14 00:00:00
1ba1c0a51a27e3c9c621d7128ba44a5a,1f8001281bdd2472be96407684a262db,delivered,2018-05-05 10:09:32,2018-05-08 04:15:00,2018-05-08 14:20:00,2018-05-14 21:14:41,2018-06-05 00:00:00
33a03fef07e3bdb46a7ca7fded715d53,355b461d256187e4daa141b6000984f3,delivered,2017-09-26 15:51:24,2017-09-26 16:04:53,2017-10-11 00:42:02,2017-10-11 21:14:02,2017-10-27 00:00:00
1329f69c4d3811f5a7bc6be850089a0d,840b47362264dfde96bdc04f1d702d0c,delivered,2018-07-27 11:30:02,2018-07-31 04:31:40,2018-07-31 15:17:00,2018-08-06 16:32:39,2018-08-29 00:00:00
1856dd06ccd053bf3456e3d5bf73f2e3,cc109454691b793edeaeed419bcbf617,invoiced,2017-09-30 20:12:05,2017-09-30 20:23:08,,,2017-10-27 00:00:00
3eca5b2c3635ba49eb926da7ab5df0c2,36ddb89b429a4a864da90f888435ef41,delivered,2017-12-13 19:38:44,2017-12-13 20:31:39,2017-12-19 22:25:31,2017-12-22 14:19:21,2018-01-08 00:00:00
20e7a6f048b842f51258e0b90b76339b,3f443551fca1f7c1820002a3a06496ec,delivered,2018-01-29 22:54:56,2018-01-29 23:11:31,2018-02-01 01:06:49,2018-02-03 02:22:21,2018-02-15 00:00:00
c3596ec59d5f965ff86933aed7821721,6357aded91db310a3e6e6737d7ea169f,delivered,2018-05-03 18:31:13,2018-05-03 18:55:20,2018-05-04 13:06:00,2018-05-07 15:05:45,2018-05-21 00:00:00
d303e3573610c562757a6703a7b0f933,bc3eba0e1ac44a8b77ce937f9926f9fb,delivered,2018-07-18 17:00:55,2018-07-18 17:15:18,2018-07-19 13:20:00,2018-07-30 12:42:38,2018-08-02 00:00:00
dd6eb2d6d50c1539804511adb0e4fa41,ad8939b7dfebf1e59e4145ed73bb0e33,unavailable,2017-08-13 23:23:00,2017-08-13 23:44:01,,,2017-09-01 00:00:00
2454a5f6b258e0f1239d6b193c7f2784,ec5b53e1170724ebbcf81489ca5f3add,delivered,2018-05-04 15:19:41,2018-05-04 15:33:36,2018-05-08 14:21:00,2018-05-12 18:22:25,2018-05-29 00:00:00
28e5c316b9b1b1902c094ab90ea33ffd,976adb38de58c8851a9e7858a56ae18a,delivered,2018-08-23 19:57:47,2018-08-23 20:10:13,2018-08-24 14:01:00,2018-08-29 14:08:34,2018-08-31 00:00:00
a599309f5f79fbd2d37ff1451b16d526,e57ae57f9ffcf35c400a61fc36e752b7,delivered,2018-03-25 18:04:19,2018-03-25 18:15:23,2018-03-26 21:12:22,2018-04-25 19:06:53,2018-04-16 00:00:00
760f8a7020b621798a7b0e3d57f2d31f,ef663dcc664fcfba5fc7170b168ec458,delivered,2018-04-05 22:13:25,2018-04-05 22:29:18,2018-04-06 23:32:17,2018-04-16 21:54:45,2018-04-27 00:00:00
1ad631eef80afb67f53ed0b9083846e7,8a2384d1b9ee16f3fc7114fc0c293451,delivered,2018-07-17 10:06:32,2018-07-19 02:50:08,2018-08-08 15:21:00,2018-08-14 15:11:48,2018-08-21 00:00:00
0f7d5acc75cb241f4756f0e318fa67d8,9e7e083a1b48be7b56d33fd5ea02029b,delivered,2018-03-12 17:09:43,2018-03-13 09:51:06,2018-03-14 22:08:59,2018-03-27 15:36:38,2018-04-06 00:00:00
60d5461dab300c5e833a29ac2f534ac4,971690d4a9c0044682ddf18ae5b32f1e,delivered,2017-07-18 21:46:19,2017-07-18 21:55:14,2017-07-20 19:37:23,2017-07-21 21:23:29,2017-08-09 00:00:00
722e6f9c78cf4ce9ba1058d788a6740d,0fefb7600dc297f9fcce9c5a7043b6b8,delivered,2018-02-23 21:18:10,2018-02-27 05:30:59,2018-03-02 01:22:35,2018-03-13 12:24:38,2018-04-30 00:00:00
d2f3c6bc866e8739ed6b470f1c13cc44,d82827f717f9c28668c81a103047726a,delivered,2017-04-26 12:56:58,2017-04-27 13:25:26,2017-04-28 13:17:45,2017-05-11 09:59:49,2017-05-29 00:00:00
d8ca4d3c24aed1ff86900cc75f3b6016,5884301406e14ebe07568ffd26271154,delivered,2017-10-28 12:31:20,2017-10-31 04:10:18,2017-10-31 21:59:34,2017-11-08 15:58:25,2017-11-29 00:00:00
d74e29bbba41049b6c17603fd9fabc58,24f9d86fe662411f563ed4cfd6361b1b,delivered,2018-04-18 19:56:04,2018-04-19 19:51:05,2018-04-20 17:32:41,2018-05-03 16:41:18,2018-05-17 00:00:00
f3cb950f0d57842dbbd55317ceaeaa71,80bbbe390ca6d4bbd1d21f50093e2a34,delivered,2017-07-25 15:02:02,2017-07-25 15:40:12,2017-07-27 18:11:34,2017-08-03 18:26:02,2017-08-23 00:00:00
8d3e3ee88c55c4666fda9d82a922a036,7b5d63eb48386b35bc84661adc8ea79e,delivered,2017-08-22 22:06:41,2017-08-22 22:15:16,2017-08-24 20:36:50,2017-08-29 21:14:40,2017-09-12 00:00:00
553a57de41103c69daac4c829ae9fb19,f18172f929d9460477b1975109a5543a,delivered,2018-04-19 09:33:42,2018-04-19 09:52:34,2018-04-20 23:16:41,2018-04-26 13:42:20,2018-05-14 00:00:00
0996218f2d0c8ec0cb08f7498588bc41,2c94ee4423f153e13ce3fb15ac406a13,delivered,2018-04-02 19:13:49,2018-04-02 19:28:41,2018-04-04 19:05:46,2018-04-05 20:08:40,2018-04-12 00:00:00
3858a71b117aa9a3c509cc87fe9c8960,096fadb12270ba03ae06893cc6579575,delivered,2017-11-30 10:55:44,2017-11-30 11:11:13,2017-12-07 21:34:00,2017-12-12 18:42:01,2017-12-20 00:00:00
052523fd2c735b15cb107afc0a413bc2,ef6df80448de23799ff246c3c898c8eb,delivered,2017-01-27 17:21:48,2017-01-27 18:31:37,2017-01-30 08:37:37,2017-02-06 08:25:25,2017-03-21 00:00:00
da199a7491e600f839b6a5f580902cd9,b8a5c16528757594028cc97c84dae4c8,delivered,2018-05-21 11:54:32,2018-05-21 15:31:58,2018-05-22 07:58:00,2018-05-24 15:28:35,2018-06-04 00:00:00
2be55396cc21a15c826362a670a8a844,69a2031c6a5259f4649be50190c01861,delivered,2017-12-20 18:45:54,2017-12-20 18:58:30,2017-12-21 19:30:06,2017-12-22 16:23:34,2018-01-09 00:00:00
c79ed1b056f284598fb15ad333c2cf78,9c9c1f6b5453a9a4a004a66ecf2fb51e,delivered,2017-06-19 15:39:13,2017-06-19 15:50:40,2017-06-23 10:13:46,2017-07-04 13:13:12,2017-07-18 00:00:00
c7873fbbe3a42117a53be238d9b734f3,e13363e1db087b7d98c27f9b9405d793,delivered,2018-04-27 08:44:03,2018-04-27 09:08:27,2018-04-27 15:10:00,2018-04-30 22:03:47,2018-05-15 00:00:00
9630f4af52c269bea30409c275052f6e,23b628ded33cb58a4dd4f8e6104517a5,delivered,2017-03-08 16:13:41,2017-03-08 16:13:41,2017-03-09 15:22:51,2017-03-17 12:27:07,2017-03-30 00:00:00
44a5ad3dfcc50ed80b03ffd522a27cd4,d1a7a58bca769116d3a13b423bd6530e,delivered,2018-01-10 19:34:38,2018-01-10 20:10:24,2018-01-24 11:14:48,2018-02-20 21:39:33,2018-04-02 00:00:00
a0727c663f544d6618123c94c779f29b,c248d31c4fed7d662b3a78538f3b1da6,delivered,2018-06-08 16:39:34,2018-06-09 02:57:24,2018-06-12 19:03:00,2018-06-26 15:44:37,2018-06-25 00:00:00
8be26417e499e19c531a3ebfd1b14c20,08345c45f60f7377380fceade8679400,delivered,2018-08-05 23:13:32,2018-08-06 23:05:14,2018-08-08 15:30:00,2018-08-14 18:03:41,2018-08-29 00:00:00
68b9aa6b2c83d8c8567e4908fb35598d,c2fc989efb1ba341cf5b24a995828c0e,delivered,2018-02-25 12:46:46,2018-02-25 12:56:21,2018-02-27 16:59:11,2018-02-28 17:15:06,2018-03-12 00:00:00
65a4bb74f4811cd08327302955cfc9d9,cfdcfdbed5ae9cc38b954b2c5e40e6f3,delivered,2017-11-13 18:17:46,2017-11-13 18:30:56,2017-11-14 20:14:55,2017-11-28 22:48:45,2017-12-07 00:00:00
38eb04fead5a8c966e7e01b87830b50e,1d11acf6e954df528e6a0b28a454d646,delivered,2018-08-04 08:48:56,2018-08-04 09:04:03,2018-08-09 14:03:00,2018-08-13 23:36:52,2018-08-17 00:00:00
1c939324bacd87c65d030c7974e38338,be18603bce09d123fbcb26af9ec069c5,delivered,2018-02-14 18:10:38,2018-02-14 18:20:48,2018-02-16 00:22:28,2018-02-19 16:45:07,2018-03-07 00:00:00
8b4d265764544f6a280f2ae60b579be7,90813c0766f48e5b2306a4f0158f713b,delivered,2018-08-16 22:02:32,2018-08-16 22:29:19,2018-08-17 09:55:00,2018-08-24 00:59:21,2018-08-29 00:00:00
9b0f1e1427db19a11c3ab29e6ebf4846,c353e4d9ce4b56d736c8e8149d106e51,delivered,2018-07-29 13:31:50,2018-08-01 16:31:37,2018-07-31 15:04:00,2018-08-01 19:28:56,2018-08-02 00:00:00
e56edd78b1e5a0c3144fe825d289fc6b,ca14bb60dd25b45476d1df73dcd4d2f9,delivered,2017-11-25 16:48:58,2017-11-28 03:45:28,2017-11-29 18:08:59,2017-12-10 17:22:42,2017-12-21 00:00:00
85255dfbdf9d963a4517ef2587876dd4,5b39b48541837b16cfbd5aca0cf71d51,delivered,2018-04-05 08:57:35,2018-04-06 03:08:25,2018-04-09 16:53:17,2018-04-10 18:34:47,2018-04-17 00:00:00
c1d47bf45869556f656d75e071338018,0ae6c0e01ee23ba41231d29740c2a8d1,delivered,2018-03-07 16:24:13,2018-03-07 16:35:49,2018-03-12 23:02:48,2018-04-12 15:38:51,2018-04-04 00:00:00
a5bb475db1b4bcf9aa10cda733fcda10,0e547cffbbc6b5b7c0fcf80f67f41773,delivered,2018-08-11 19:27:59,2018-08-12 19:25:14,2018-08-14 15:35:00,2018-08-21 21:56:42,2018-10-01 00:00:00
e316d17cafee5024c175ba56fc437d56,69cdb945535dffeb2313ce7c20a95c3a,delivered,2017-03-27 11:29:51,2017-03-27 11:42:36,2017-03-28 19:05:36,2017-04-04 21:26:55,2017-04-19 00:00:00
937ca79de438593867663c25fd34ea4b,2d12c6935dea7173e8c94c416ef44ed1,delivered,2018-08-19 15:53:57,2018-08-20 12:16:09,2018-08-20 15:51:00,2018-08-25 13:18:34,2018-09-17 00:00:00
81dec63f48ee4e24401d392921393ab3,d009b56995af220371a203e9742de446,delivered,2017-12-13 14:40:20,2017-12-13 14:56:59,2017-12-14 20:29:02,2017-12-15 19:08:52,2018-01-04 00:00:00
4a3b5641ebdc66e5c3c2a2d2e6633587,bef3b7e0d09c81ece65cc174475bb2f8,delivered,2017-08-01 16:52:42,2017-08-01 17:05:20,2017-08-03 13:47:39,2017-08-10 20:42:55,2017-08-21 00:00:00
3baaa5448af22fe09f43c61e6f2591bb,0ca951f1645620c999a12c845cda83ce,delivered,2018-03-26 06:23:38,2018-03-26 06:35:20,2018-03-29 22:31:53,2018-05-02 16:32:54,2018-04-12 00:00:00
37507e1d5b294164b69056c22f217b1e,aca1f39abe6d7cf10d2710f33c0a5f54,delivered,2018-02-15 09:50:21,2018-02-16 08:07:03,2018-02-20 01:49:14,2018-02-27 20:27:11,2018-03-08 00:00:00
cc8f9408b4fc4e225c3a571d7b38f24d,c0b65b623d3f8fc03f70b3ef5e732a30,delivered,2018-01-21 15:52:24,2018-01-22 13:52:40,2018-01-22 22:57:23,2018-01-25 22:57:56,2018-02-14 00:00:00
5def57005a0074cf4fd6778d99e6b7f1,7f78f99d57a8543ff2c2696626deca4d,delivered,2018-08-18 11:46:32,2018-08-18 12:40:33,2018-08-20 14:11:00,2018-08-27 21:48:38,2018-09-14 00:00:00
49d4786fdea2f533a5aadced38470d5e,373e9a798e46e7800f58a27b5462b073,delivered,2017-10-11 18:11:14,2017-10-11 18:24:33,2017-10-18 19:41:27,2017-10-30 18:53:57,2017-11-01 00:00:00
22a1a580ac153c5e2f469d27ad6a4e3d,b9662bb6c6a36059b08d2ade7f499d65,delivered,2018-04-15 13:45:06,2018-04-15 13:55:18,2018-04-16 22:13:32,2018-04-23 21:28:42,2018-05-09 00:00:00
09f541f117ac3f665dc3aad6d3bb8fc9,9f2034168e1690d1dccc52e62fd50ba5,canceled,2017-04-20 14:54:24,,,,2017-05-19 00:00:00
df7f29945c1263ebc3b787b14c326b18,9e5762a5cd19d0417324f901120a2ea7,delivered,2017-10-18 20:37:23,2017-10-18 21:49:17,2017-10-24 12:09:11,2017-11-01 18:58:29,2017-11-30 00:00:00
8057ce8ffded1481446ada68f97941d6,2efa8d107eb5b62a6506419325b8fc28,delivered,2017-07-05 08:48:20,2017-07-06 08:55:11,2017-07-13 20:47:34,2017-07-19 17:06:26,2017-08-02 00:00:00
1bd5cd406d71988a9ea81d022fc161ba,42fc8a799c40493b77e9bf7edbcdc286,delivered,2018-04-21 05:31:57,2018-04-24 19:20:55,2018-04-24 16:54:35,2018-05-03 19:22:51,2018-05-22 00:00:00
5ce0709158a972bda105a5c17a5094ed,42f5a4ada1492abc600687788ab83290,delivered,2017-12-02 21:08:30,2017-12-02 21:40:40,2017-12-06 00:34:47,2017-12-07 14:03:29,2017-12-27 00:00:00
9eaeb9a3ef1fbb54f2c06d5ea38dd919,56d361be1eb9434e60410e456a56a559,delivered,2018-02-08 22:51:59,2018-02-08 23:08:42,2018-02-26 20:36:31,2018-03-01 22:29:00,2018-03-19 00:00:00
05ec8e2b68474e347ff47b71274e2361,df754dc98698ef596762561b4a9a9f1a,delivered,2018-07-20 10:39:13,2018-07-20 10:50:16,2018-07-20 12:43:00,2018-07-30 22:03:03,2018-08-09 00:00:00
e015afedfc53ee0d62f972db3149480b,fa8047426049005aaa90db11b5fd39ad,delivered,2018-04-26 16:49:42,2018-04-26 17:52:23,2018-04-27 12:51:00,2018-05-03 20:28:40,2018-05-17 00:00:00
724c7b9d5d226631f82c0c09a9f51685,ef588805eee0e2362fb49f347db06922,delivered,2018-06-29 16:03:27,2018-06-29 16:15:13,2018-07-02 13:50:00,2018-07-05 19:16:37,2018-07-30 00:00:00
953f6ced48912ca83c01cb13092c2fe8,a5e7ae88f3b312ffda6e89e6723dc4a1,delivered,2018-06-26 19:00:25,2018-06-26 19:18:46,2018-06-27 10:52:00,2018-07-02 23:03:13,2018-07-23 00:00:00
d5639d8a973cec351be75a3186835068,f99805f296e9a95bcd2f9eb3606feced,delivered,2017-11-10 18:09:26,2017-11-11 02:55:26,2017-11-16 18:05:02,2017-11-24 19:24:39,2017-12-05 00:00:00
7292d6e02e9cf2ad86b9688e67487750,2697425b692b6a1f2a6f06cb1b162129,delivered,2018-03-25 10:03:24,2018-03-25 10:15:23,2018-03-28 20:53:26,2018-04-18 15:24:44,2018-04-27 00:00:00
b5af0ae994e0a12e8246da3f7170f54e,e9cecf8cb178c26ebbe032e7836221da,delivered,2018-04-01 20:58:48,2018-04-01 21:10:25,2018-04-03 12:04:40,2018-04-06 23:06:45,2018-04-18 00:00:00
ff92b9f4c3333e0e977c4530a2e8d9cb,19256cec9e847b0c1a2922e56fec42a4,delivered,2018-06-17 10:45:05,2018-06-17 11:01:05,2018-06-18 15:53:00,2018-06-25 18:08:31,2018-07-13 00:00:00
5317d6f0c0b5822201596d8f4aabdc6e,061ef7eda5cb54d9ccde7f54ea98f7fc,delivered,2017-03-01 06:24:20,2017-03-03 06:45:15,2017-03-03 12:18:00,2017-03-14 15:52:24,2017-03-24 00:00:00
2c90ec9da45501ac02b58fa6fb8deedc,bc448306c9b538a38ded1022413353f2,delivered,2018-03-15 15:19:05,2018-03-15 15:35:28,2018-03-16 19:52:01,2018-03-21 19:47:36,2018-04-04 00:00:00
64d68170391ac401d5ff137d9d7775d0,a6e321b583f50c1fb8e68d9d913a2f0c,delivered,2018-03-26 14:06:33,2018-03-27 03:56:04,2018-03-28 15:08:48,2018-04-09 18:21:52,2018-04-18 00:00:00
9bbaeca96f9c4a3be4aa32aefcd1cd11,56091616e7ea94009dae176e74bc4fa5,shipped,2018-08-04 14:30:06,2018-08-04 14:45:18,2018-08-07 21:27:00,,2018-08-14 00:00:00
8fd361858abba7604b18a32f16483a8d,8392e3d4cfeec63f2a8bfea68bf1f91f,delivered,2017-05-22 19:23:14,2017-05-22 19:30:19,2017-05-24 13:40:23,2017-06-02 13:06:02,2017-06-27 00:00:00
4ce2a78f4b4b1166f0e04bbdc825f7b3,d615aea633470f9686f84cec51940be8,delivered,2018-08-16 09:41:52,2018-08-16 09:50:25,2018-08-16 15:14:00,2018-08-22 15:06:41,2018-09-06 00:00:00
eb45ff263f9e77136f626c712add7354,25132871ae2b537453a598c4156ae8c5,delivered,2017-04-17 21:07:54,2017-04-18 03:55:35,2017-04-18 11:07:07,2017-04-22 10:57:49,2017-05-09 00:00:00
0b2942062fff77e603cf4837c421e9a5,c59308d2a8b807a93f3a7d00e9f2b222,delivered,2017-02-07 11:34:57,2017-02-07 11:45:14,2017-02-09 10:23:44,2017-02-14 16:53:49,2017-03-08 00:00:00
10edb7acff4cd11eb43b993548b67f95,f02301922d0f788f8472d47432736fe2,delivered,2017-09-29 01:04:16,2017-09-29 01:24:52,2017-09-29 19:05:50,2017-10-13 21:07:55,2017-10-25 00:00:00
c8a4aa3a9990bffa86204adb8fa2dc37,e805a2d89df2d760a6ad978b424cd561,delivered,2017-11-29 18:06:16,2017-12-01 17:59:31,2017-12-04 23:48:36,2017-12-16 01:41:56,2017-12-19 00:00:00
e020c537e96d13d9331a1badf93b50d1,ada97234c297d1fcdf68fc5d72f90808,delivered,2017-12-29 00:29:14,2017-12-29 15:09:25,2018-01-04 22:55:09,2018-01-25 01:12:59,2018-02-01 00:00:00
9c074b1d5c9fcaa13fdea5c761dca404,96921ad25d266bdd979a8106edcd1e57,delivered,2017-08-07 08:31:36,2017-08-08 04:15:20,2017-08-08 16:04:10,2017-08-21 18:27:49,2017-08-31 00:00:00
5b305608c98ca66ced71cde019aba8e9,0a80cb0961116e638ec1e053d8107557,delivered,2018-05-13 22:06:07,2018-05-13 22:15:16,2018-05-16 13:31:00,2018-05-21 18:19:28,2018-06-04 00:00:00
c849168aa8c91a3346f9a62fff05da71,6efbd167ba77f51f9da359e85f4c801d,delivered,2017-07-29 15:16:48,2017-07-29 15:30:09,2017-07-31 17:53:51,2017-08-09 18:26:24,2017-08-22 00:00:00
30f7c25897bac24c9d57f04e7cd8903d,f21ba9720adb1d11243d94fb25c8607c,delivered,2017-02-11 20:33:07,2017-02-11 20:45:08,2017-02-13 13:48:04,2017-02-21 10:17:42,2017-03-22 00:00:00
947f3467c45aa7dbbf64b2b6fc5dc3c6,6b1155994bef28cfc2294616b033dfcd,delivered,2017-06-14 09:03:12,2017-06-14 11:02:26,2017-06-20 17:41:02,2017-07-06 16:03:22,2017-07-13 00:00:00
60e6f7ddb40a12b4b2b272b60f8db990,1a8eb043bc13de00b3d39495190dade0,delivered,2017-08-10 14:46:06,2017-08-11 04:25:42,2017-08-17 17:38:32,2017-08-28 20:20:04,2017-09-06 00:00:00
96f236475cf9ab0ff0c202d36a84b311,1c225b9fdf91a8323ec6c5832c83bf07,delivered,2018-03-23 10:26:19,2018-03-23 11:31:37,2018-03-23 22:09:46,2018-03-29 19:58:47,2018-04-11 00:00:00
fa2211e05a1ebb8eedfa015e5d6d7957,62a91310a7666cefb5f7275f731338db,delivered,2018-05-22 15:11:07,2018-05-24 02:18:31,2018-05-24 15:37:00,2018-05-28 16:08:04,2018-06-04 00:00:00
fab2aac6ff265cb5b66ffec77b3fd882,7712425a53e890f6ffcfd785aaf73f2d,delivered,2018-05-12 11:05:06,2018-05-12 11:15:10,2018-05-14 13:53:00,2018-06-04 22:25:25,2018-06-12 00:00:00
95bdb86dcfd0b17e0923fb8740f18e35,fda46ced682d0ada68b040066545388f,delivered,2018-08-22 13:43:32,2018-08-22 13:55:18,2018-08-23 15:32:00,2018-08-29 18:58:49,2018-09-04 00:00:00
99986880076491bbfa81921df6b676f2,98657b7713c40b024ac68724ca606f32,delivered,2017-11-06 20:47:54,2017-11-08 03:35:32,2017-11-22 02:14:28,2017-12-02 00:38:52,2017-12-19 00:00:00
439a1c71dfd435cc08d15b98b9ea6c43,4fd3fdf05fbad10ac8e68669c297e889,delivered,2018-02-23 15:55:16,2018-02-23 16:08:26,2018-02-27 00:14:48,2018-02-28 16:33:32,2018-03-09 00:00:00
5b36d696990ca3b000d4094e51d5b2a1,a4306b0d6656a3f3ca5630b4c2ed08a2,delivered,2018-05-12 11:29:33,2018-05-12 11:54:11,2018-05-14 15:19:00,2018-05-18 13:58:21,2018-05-29 00:00:00
519f5c942411291de3577a9915b8ecd5,767a7d8d37d25b8ceab70da4bbf1b628,delivered,2018-03-14 12:50:02,2018-03-15 03:16:16,2018-03-15 18:05:14,2018-03-21 19:46:38,2018-04-10 00:00:00
25046cd9dd88041134abd808c4719a36,28419f064605a15eb2038c4790b4196f,delivered,2017-09-12 19:44:36,2017-09-12 19:55:13,2017-09-20 19:18:45,2017-09-28 13:20:07,2017-10-04 00:00:00
288362e230c2f06b85ba337e5f3e54c5,81f19f3d4fca0f3a2360f1aa2f369f11,delivered,2018-03-27 18:33:35,2018-03-27 18:49:07,2018-03-28 19:34:28,2018-04-11 17:11:45,2018-04-16 00:00:00
2aea39f518e5af3c58b9047d5f0e5e0e,0e5406f881c6967e0fa8d49d2a5ad553,delivered,2018-01-31 14:00:05,2018-01-31 14:13:36,2018-02-02 01:33:51,2018-02-09 17:07:14,2018-03-05 00:00:00
ca7dc685e1c6b20f8404d4f28acd96f8,bc1397d64d7111923b94fa9448da681f,delivered,2017-09-26 11:16:02,2017-09-26 11:28:30,2017-09-27 15:15:13,2017-10-16 22:04:59,2017-10-30 00:00:00
05af503aea07ddc5530506f2c349756f,5c92329a45f0d22c263d98a8ce845cd8,delivered,2018-05-30 20:50:08,2018-05-30 21:10:25,2018-06-01 08:53:00,2018-06-13 21:12:41,2018-06-25 00:00:00
2509129288c3aab692ab6651a58c7bda,fe35a0177887ee0a5edc2e4945099139,delivered,2018-04-30 20:20:31,2018-05-01 05:35:30,2018-05-02 15:08:00,2018-05-07 17:34:21,2018-05-23 00:00:00
e78cb558fcb803bfa9fd0e4325bc94d4,a4e35b6b294f14e3ed6f6a324913b9ff,delivered,2018-08-03 10:20:22,2018-08-03 11:00:12,2018-08-03 11:50:00,2018-08-10 16:59:41,2018-08-17 00:00:00
609a92d3db448bbe4e37ebbe28b72b16,5a99f3ed7b721d9aa04b6f73e0abdfc7,delivered,2018-03-09 09:56:28,2018-03-10 03:48:52,2018-03-12 19:21:50,2018-03-22 15:51:48,2018-03-27 00:00:00
ee9dfabed586581a184f72e03544b4a2,1b566b82a558c61bab2da9bdb9ba2e97,delivered,2018-01-28 00:28:27,2018-01-28 00:37:25,2018-02-16 15:08:03,2018-03-11 18:38:27,2018-03-19 00:00:00
e9be4a779b9911ae4f412b78093d2921,c5741f989a6049395c73425008fdba81,delivered,2017-02-10 11:57:02,2017-02-10 12:33:30,2017-02-14 14:31:19,2017-02-24 08:51:54,2017-03-13 00:00:00
f8577a7c62ea6630f36ed31870b83462,98bcfdbfc353e97ee082d8ba2f04b3aa,delivered,2017-08-31 11:03:57,2017-08-31 11:24:22,2017-08-31 19:18:24,2017-09-11 18:04:05,2017-09-20 00:00:00
4a083057db0623d0df1ef9dbaa64c2c0,2ad5c8b883b8d596e41a125006510e9b,delivered,2018-03-10 18:45:59,2018-03-11 18:47:34,2018-03-13 21:04:41,2018-03-14 22:51:29,2018-03-22 00:00:00
1d388ca413c8664cdcd1892712f791c7,4293007bf0f607259f9c577e2d03df33,delivered,2018-03-02 09:31:48,2018-03-03 09:28:51,2018-03-07 20:38:35,2018-03-29 16:56:28,2018-03-26 00:00:00
619476e805415f3f855b5e0f2494836d,163a3270d1a8e43494ef68937908784b,delivered,2018-02-19 21:32:33,2018-02-20 21:27:53,2018-02-24 01:57:06,2018-03-06 17:16:31,2018-03-21 00:00:00
d8650bf37d486fd6c6111210e5c0e282,2538ea304704fbd6be4ffb8f14a0de4b,delivered,2018-06-11 17:33:12,2018-06-11 18:00:11,2018-06-14 15:02:00,2018-06-19 22:03:43,2018-07-11 00:00:00
dacfa847106ee5d2da9b2815ff4819a3,1fd5ecc89ca499a340f0b1e1f4a1fd9b,delivered,2018-06-21 11:34:27,2018-06-22 02:58:36,2018-06-22 14:07:00,2018-06-28 13:33:02,2018-07-18 00:00:00
aa8434554633cbb808bb70f4f2d6bbcf,6ace8efa987c742a36dc0cbb83cf85e8,delivered,2018-03-20 20:26:50,2018-03-22 02:55:41,2018-03-26 15:28:30,2018-04-10 22:51:29,2018-04-11 00:00:00
266e6e41522572e8bc4068738beaef07,a910f3a92b629ccc1d3444a102254023,delivered,2018-08-27 23:12:55,2018-08-27 23:25:13,2018-08-28 08:33:00,2018-08-30 19:22:00,2018-09-10 00:00:00
3dcba6a4791ca82b9de4b0590404b27c,a83989ecf881b6cd5114a2a383cd1284,delivered,2017-08-29 16:05:24,2017-08-29 16:15:54,2017-08-31 15:35:05,2017-09-04 22:23:44,2017-09-21 00:00:00
c75e9a685439f75e990bcf13443f02c5,889a8a0aaae4f2c4730948cb1ec0d638,processing,2017-09-30 16:28:52,2017-10-01 16:35:09,,,2017-10-24 00:00:00
bdd3ff4ef47b27548e0f1337fd6d042d,dc5e67641a1399fb3d2fe80769d85520,delivered,2017-09-19 17:31:55,2017-09-19 17:44:50,2017-09-20 14:49:17,2017-09-26 21:20:05,2017-10-10 00:00:00
1a0d8f4b7cdd8a27c1ef92e118931fee,b384083c3749d6d528dca6af0db99e32,delivered,2017-05-04 08:51:47,2017-05-04 09:05:17,2017-05-09 11:56:13,2017-05-19 13:20:00,2017-05-29 00:00:00
6dccad8ec71dc70dd2387523396a93e6,abfd4bf45af78e5df062d10bdb4add3d,delivered,2017-11-27 18:19:43,2017-11-27 19:01:58,2017-11-30 19:28:46,2017-12-26 18:44:56,2017-12-19 00:00:00
697190b1b46c11294879f6bc10364865,c4f1f918cbb3c788b660a59218d51376,delivered,2018-03-14 11:58:49,2018-03-14 13:20:58,2018-03-14 23:58:36,2018-04-02 19:38:43,2018-04-03 00:00:00
801ad870fbcdfae41bd492be8976cbc2,d8a288228129c30f34ed8821c5f7108e,delivered,2018-04-16 13:07:56,2018-04-16 14:33:00,2018-04-17 23:32:33,2018-04-23 14:21:37,2018-05-07 00:00:00
0ded624c5ee2b7b281cb9495e5eeb502,aeb95a289cdd3f55cbab46d47dc8ad91,delivered,2017-11-11 19:51:19,2017-11-11 20:06:38,2017-11-14 22:42:40,2017-11-22 23:41:58,2017-12-01 00:00:00
561e6fec91c4b5771dad3f613b72c699,3fc94ea7aed9a5ab86431c3842c44542,delivered,2018-02-06 17:02:06,2018-02-06 17:15:29,2018-02-07 20:28:34,2018-02-19 23:52:25,2018-03-07 00:00:00
8d97dfb850543060acf6f461bf37533b,3bed1a75ce48dad3e90b5c47c36b5204,delivered,2018-07-26 15:22:27,2018-07-26 15:35:18,2018-07-27 10:43:00,2018-08-02 20:12:20,2018-08-13 00:00:00
6b5e619dedba6d4297fb10dd5886912f,9ff88efe6c5c047c8894c5e6c2cd206f,delivered,2016-10-08 17:43:25,2016-10-13 21:09:05,2016-10-17 22:09:06,2016-10-20 22:09:06,2016-11-30 00:00:00
42764ea3fe3c6143d0c7e3deef849e78,95c3787dd85f9d218c94a47d6a9fd288,delivered,2017-08-12 22:35:45,2017-08-12 22:50:18,2017-08-14 18:07:48,2017-08-18 13:10:21,2017-09-05 00:00:00
4e4bb6dacb3e7da91a40dfc6efcf7ccf,1daba7d65f084430a3d8aeaefeae4680,delivered,2017-03-26 11:28:56,2017-03-26 11:42:17,2017-03-30 09:14:16,2017-04-05 08:20:08,2017-04-20 00:00:00
c6fc08f61ce9c85486883b096d38432f,429fb96c99c8d00bc88317f8f9a3fb4f,delivered,2017-11-18 07:28:09,2017-11-18 07:46:32,2017-11-21 17:23:27,2017-11-28 15:47:01,2017-12-19 00:00:00
42c9e271e2d5ac7698d3061451576d42,f5d5492dc94a7ec64f842ba6f34220b2,delivered,2018-06-13 07:25:32,2018-06-13 12:21:08,2018-06-14 10:12:00,2018-06-20 13:08:55,2018-07-11 00:00:00
26d400a875f601666c17347c2350beb3,0057f8b7c332d630b992d6a8ca79748c,delivered,2018-02-15 14:23:43,2018-02-15 14:35:32,2018-02-21 19:28:01,2018-03-05 23:34:17,2018-03-07 00:00:00
660e589af9553d75506968867c922d91,d3a6febf47e02bf9635d6b8e8443092e,delivered,2017-01-25 23:30:25,2017-01-25 23:42:04,2017-01-27 11:19:14,2017-02-02 16:09:48,2017-03-06 00:00:00
3f47ec0b2559c907cfd0ba667d4674b3,fca0521fbfab0aa52246267ed29f4150,delivered,2018-06-10 19:47:52,2018-06-10 20:17:18,2018-06-11 09:51:00,2018-06-18 15:48:58,2018-06-28 00:00:00
e6b3a4b18f4aa0958228e833f2927c30,f822ca093818862741351da642ef501d,delivered,2017-02-07 19:27:58,2017-02-08 03:15:39,2017-02-08 15:36:39,2017-02-10 13:22:41,2017-03-20 00:00:00
39f72b79ba5e9b6b512b7fc2ba46a4a5,1a270bd3424ebc7805d5e63c51957e12,delivered,2018-02-28 14:41:52,2018-03-01 15:09:50,2018-03-02 20:09:05,2018-03-20 18:07:36,2018-03-27 00:00:00
2306c7661204e073c32a8463bb750335,f2f91f1f95614f711a997ed12b5a4170,delivered,2017-11-25 22:19:01,2017-11-25 22:33:28,2017-12-06 23:32:25,2017-12-11 12:21:57,2017-12-19 00:00:00
107c4b8b68f41c60258f21df32424c83,44a6739d3099d74270c8cb111143acf3,delivered,2018-05-03 14:54:21,2018-05-03 15:10:19,2018-05-09 15:48:00,2018-05-20 17:38:24,2018-05-28 00:00:00
4eeb109daa183a813c95015270bf4358,0fa62bc56b1179a5b1bb88f2b94fcf11,shipped,2017-12-17 13:34:57,2017-12-19 09:53:31,2017-12-19 21:03:53,,2018-01-05 00:00:00
76b1bcac04cffba74b00e4be75f58f9f,bb33fa516cc79147a1120958912fdf33,delivered,2018-03-04 10:51:11,2018-03-04 11:10:39,2018-03-06 00:20:03,2018-03-12 17:50:43,2018-04-30 00:00:00
9e59d7a05399ce3b14328231dcf4bab8,5a48aef534e60b444f54a22e2afabc6a,delivered,2017-12-26 11:05:58,2017-12-26 11:15:23,2017-12-26 18:19:05,2018-01-09 11:34:30,2018-01-29 00:00:00
6e424a06931a556c15b962b40017f690,ec4da82eff98a289e6a3200ae727613d,delivered,2018-08-17 11:19:40,2018-08-17 11:35:12,2018-08-17 12:37:00,2018-08-23 20:22:00,2018-09-14 00:00:00
f4e69e26765d66772006b9885e1dc6f5,e9321b93108930a33cb84134b7267348,delivered,2018-02-24 21:26:19,2018-02-24 21:35:28,2018-02-27 16:41:48,2018-02-28 16:52:24,2018-03-12 00:00:00
b8a0ea35d4a5efa22c003976eb138ebc,bb0b336b64ce8d27877043e5f9477e67,delivered,2018-08-06 14:10:47,2018-08-07 04:15:31,2018-08-07 18:13:00,2018-08-08 13:59:33,2018-08-09 00:00:00
6d1143ee8f5c735af54e03b051445d38,f55f11890fdf8c53a659cbbe7990a18d,delivered,2018-03-08 16:11:08,2018-03-09 02:30:39,2018-03-10 01:18:24,2018-04-05 14:56:39,2018-03-28 00:00:00
d273fced15e8d7ff3a29be85653e8fdd,0b195c8bd6f19b62c86b632913467703,delivered,2018-05-12 14:40:10,2018-05-13 14:35:21,2018-05-14 13:46:00,2018-05-17 13:38:40,2018-05-29 00:00:00
3ac0ffb709352d438749d4c180e10781,be5754bd42630f8f381c24daa762f613,delivered,2018-01-27 10:16:42,2018-01-27 10:33:58,2018-01-30 23:05:14,2018-02-05 22:23:36,2018-02-20 00:00:00
e22739f2795ccf571ea9b5634b5bef5f,9684d6a43efb29f118833629c617812a,delivered,2018-01-10 15:42:09,2018-01-10 15:54:25,2018-01-15 22:26:48,2018-01-22 19:58:56,2018-02-02 00:00:00
87ca2f8dc91bf074b1b0e441341b2a53,adf523f65682ebee63b7bc4810e19bee,delivered,2017-06-22 21:39:00,2017-06-22 21:50:13,2017-06-26 12:06:36,2017-06-30 15:53:27,2017-07-14 00:00:00
1801188abb11362aac0ceadede4a9745,ac93b6fae191dbd368c6388805b29a4d,delivered,2018-05-02 19:50:01,2018-05-02 20:38:43,2018-05-04 15:46:00,2018-05-16 13:48:48,2018-05-30 00:00:00
0eb80d59f694ad72634241a02599f64b,0ad75f229f9238883a44dee88ba6cc1f,delivered,2018-05-02 15:26:33,2018-05-02 16:19:00,2018-05-03 14:33:00,2018-05-08 15:31:51,2018-05-25 00:00:00
541a11b1d88450d6afe20b72118476e8,7e75773058e5fc678964b5d4dbd9d2c9,delivered,2017-09-15 21:16:02,2017-09-15 21:25:19,2017-09-20 20:19:38,2017-09-25 22:14:10,2017-09-27 00:00:00
9d7bda1d8caaa92f82edb8e4559852a8,95d17bc328718beea3fff69d2812d169,delivered,2017-04-04 09:56:53,2017-04-06 02:50:31,2017-04-11 06:32:48,2017-05-05 12:36:47,2017-04-25 00:00:00
9edc784457fc74368eeab9b7012495f0,cd37bc7c650eaf90f1675508bb70c809,delivered,2018-01-03 23:40:14,2018-01-04 01:07:52,2018-01-04 22:37:05,2018-01-12 20:59:11,2018-02-01 00:00:00
245547d35a6f1c94c1e2546ab3322e0f,58f76e4a043d24cfeaf71cb24f22854f,delivered,2017-11-03 17:01:40,2017-11-03 17:30:50,2017-11-06 15:18:57,2017-11-21 20:17:10,2017-11-29 00:00:00
f24ceadb94b770c52ec2a07ac8e97100,79817d6f8a11b22d8406a256c95243b5,delivered,2017-06-22 07:34:57,2017-06-22 07:45:07,2017-06-22 17:46:05,2017-06-26 15:38:54,2017-07-06 00:00:00
65eba24f6b354696a553f0fe9719ac31,15e61b14dbefc4eff85195e9f2f056a5,delivered,2017-10-01 08:22:47,2017-10-01 08:35:15,2017-10-03 00:15:05,2017-10-05 20:37:45,2017-10-24 00:00:00
c6bbde0cc0abfd5ffa9ab6da2d7391d5,f2b21667a66caffb143cfa7b66ee903f,delivered,2018-04-03 14:42:26,2018-04-03 14:50:18,2018-04-04 01:03:57,2018-04-10 20:28:54,2018-04-19 00:00:00
f6ac794aa8cea9470250b0af77efcc17,2a9584c1ab5178e20f6b2761a4561cdb,delivered,2018-04-14 15:08:02,2018-04-14 15:32:38,2018-04-18 18:28:31,2018-04-24 00:08:37,2018-05-15 00:00:00
ffc49b9c9d666410e9ecdb0a3efadb9c,e175dcb4b025365a33467693abf7b4ca,delivered,2018-05-28 19:29:49,2018-05-28 19:56:23,2018-05-29 14:04:00,2018-06-12 18:57:37,2018-07-11 00:00:00
3f4cc91bbcf1a05dbef15d8f976588bf,8c8f5b3c8926c5ea73a5109340b74ea8,delivered,2018-07-04 15:17:33,2018-07-05 16:14:24,2018-07-05 14:32:00,2018-07-06 13:24:33,2018-07-17 00:00:00
7b97a5b2bd022d2f4ced0cc6232616a6,26f79186ad50c0aef167aaf9245ad6ce,delivered,2018-06-11 16:26:48,2018-06-11 17:02:35,2018-06-12 14:37:00,2018-06-26 21:42:26,2018-07-23 00:00:00
6a6e5c462c252f8fbfae93257d8f3df6,cdfe8c99fea297085c6b13241e2f0508,delivered,2018-02-15 10:05:21,2018-02-16 08:07:13,2018-02-16 17:34:19,2018-02-24 16:49:07,2018-03-12 00:00:00
97d8101d1c704d437f9dfae4bdd530fa,5284b9ec69bde8150dbc4b8710309cf1,delivered,2018-03-17 22:40:45,2018-03-19 07:50:53,2018-03-19 21:07:46,2018-04-13 21:18:36,2018-04-13 00:00:00
621072862bc6de6626af8ce049533638,6ea7c557e13c73169ee461b123bc254c,delivered,2017-12-03 16:05:02,2017-12-03 16:15:29,2017-12-04 19:13:25,2017-12-08 19:27:03,2017-12-28 00:00:00
6ec804b7799bf7e38aeeb28d8f470877,aac6ff0b4a7bdfaecc06c38c4d37312e,delivered,2018-04-23 13:50:35,2018-04-24 18:20:54,2018-04-25 00:45:41,2018-04-26 01:08:28,2018-05-02 00:00:00
7ac78cb9b8592cea74cb5b1c3df6f84c,9ece0d90f73ec59bdde04341bc4373b7,delivered,2017-10-11 17:09:05,2017-10-12 03:00:20,2017-10-13 16:39:59,2017-10-20 19:03:30,2017-11-14 00:00:00
4ea74c10d71348796d3a70970d7977e2,85f40164ae641428731f872e94483b1e,delivered,2017-11-17 15:31:21,2017-11-17 15:50:38,2017-11-21 15:57:05,2017-12-21 19:23:09,2017-12-14 00:00:00
82a1738c7a1654663209157934203633,9def8a387656f069ff6bfe9c5f60bd39,delivered,2017-10-11 15:46:06,2017-10-11 16:07:33,2017-10-13 18:15:57,2017-10-16 23:15:34,2017-10-24 00:00:00
edb81087bda65895772e72d1a5daa686,082d513b7fb405e92c135e71496754d4,delivered,2018-08-06 17:56:20,2018-08-06 18:10:12,2018-08-14 16:17:00,2018-08-20 16:58:45,2018-09-10 00:00:00
d7defcb8f59419ce565959f595bbb988,fb53b449e82b537c318a3a742ef82dad,delivered,2017-03-10 23:35:49,2017-03-10 23:35:49,2017-03-14 14:07:18,2017-03-17 16:17:56,2017-03-31 00:00:00
5b53d1ab227e420c40de3c82fe53e46e,fb6a83f99f6afcb8fb97f8164e819d4a,delivered,2017-08-31 17:11:25,2017-08-31 17:25:16,2017-09-06 18:47:45,2017-09-12 22:05:46,2017-09-25 00:00:00
653f05432280006916452a2fbb55b136,784218b26424ee2726401c5e73df14d3,delivered,2017-03-16 15:56:47,2017-03-16 15:56:47,2017-03-20 11:41:55,2017-03-24 14:33:30,2017-04-10 00:00:00
38b5e5b5e96a6cf2a6aa7b93542a0c29,09fe2879d6e51ec7b16ec794dce544fb,delivered,2017-10-17 17:49:33,2017-10-17 18:08:27,2017-10-18 20:57:24,2017-10-24 19:17:54,2017-11-07 00:00:00
26bcf76706fd675a268ba2cf63119270,1137d475838377849d917c784c1f21ad,delivered,2018-03-21 13:33:51,2018-03-21 13:48:12,2018-03-22 21:22:50,2018-04-02 13:05:35,2018-04-09 00:00:00
85fb2afed45145db40381a894fed8d1b,9aa7354b0719e5e51822b84828b73dd5,delivered,2017-02-09 23:51:22,2017-02-10 01:05:22,2017-02-10 11:34:12,2017-02-21 13:09:10,2017-03-16 00:00:00
d077976b2620a58d80c6bb4bd721276b,a5158362cc54afe8731402040b13d7e2,delivered,2018-04-02 21:14:44,2018-04-02 21:30:17,2018-04-03 17:18:24,2018-04-10 20:28:37,2018-04-18 00:00:00
abda295410da87e6ac0742ce5abbbb9b,8d8e6f619006962166b6137961a772e4,delivered,2018-06-23 16:40:42,2018-06-23 16:59:01,2018-06-27 10:46:00,2018-06-28 23:46:29,2018-07-13 00:00:00
8fac4937d08ac74197a48a70c5bc1245,edc6464f7cb53f6f1095bba2feea9242,delivered,2017-05-01 11:00:59,2017-05-03 11:34:30,2017-05-03 12:22:23,2017-05-09 09:05:05,2017-05-25 00:00:00
0c83ca3fc3a83bd059a1834a8ffeb917,924a7f5e3822e366a9ed25271bad99b5,delivered,2018-01-28 11:43:06,2018-01-28 12:00:31,2018-01-30 21:42:49,2018-03-03 18:16:37,2018-03-20 00:00:00
a4285d97aac2bc967bd5b9f50db5b3c7,dfc5a96ced6dc9547e39a2e8e8df2192,delivered,2018-06-26 23:57:41,2018-06-27 02:15:34,2018-06-27 14:31:00,2018-06-29 14:42:14,2018-07-12 00:00:00
589cee057c9f85a83427878ae34dd47b,01ebd7292a8ec3c547e0876d1aa4b3db,delivered,2018-04-25 23:17:16,2018-04-25 23:30:24,2018-05-09 15:34:00,2018-05-10 19:48:51,2018-05-18 00:00:00
881dc2026f05e74a417c90317f896090,df869137146d50fb21e9be10c9e8b806,delivered,2018-04-14 15:50:54,2018-04-14 16:12:13,2018-04-16 18:21:38,2018-04-17 18:12:05,2018-05-09 00:00:00
9a3f1cdf5909e7ed3b0566e9ee3f1618,0c21e6ca6ea55cba835f883bb68350c8,delivered,2017-11-04 21:37:25,2017-11-04 21:46:00,2017-11-07 18:57:08,2017-11-16 17:46:44,2017-11-29 00:00:00
e8ea590efa98677641fd4094dea4ebe1,0f26de186a9840155f45c0a930f78dd8,delivered,2018-03-27 21:10:39,2018-03-27 22:10:21,2018-03-29 19:12:10,2018-04-02 18:48:37,2018-04-13 00:00:00
62be3a00ba095e9cdbe1fe482e6130a4,9f706c5702d3f84250726d4d46078caa,delivered,2017-10-19 13:21:58,2017-10-20 02:49:29,2017-10-20 18:53:55,2017-11-16 13:28:52,2017-11-16 00:00:00
285e35ce9a55db39353f12f48120d8a7,a02fef6f590d55ccff3354172746e1d8,delivered,2017-05-14 00:25:17,2017-05-15 00:35:21,2017-05-15 13:50:56,2017-05-17 15:19:07,2017-05-24 00:00:00
60ff47e655e87de64037be5d1f09ce7d,5a761ff24ca0a248f82d71235398e852,delivered,2018-08-26 15:46:28,2018-08-26 15:55:18,2018-08-27 15:26:00,2018-08-30 01:18:38,2018-08-31 00:00:00
9329f50c47b9fec9b9a79e159a2e64cc,b1b31726e0f06908abd1d752f98e0d4b,delivered,2017-11-16 17:04:14,2017-11-17 17:07:00,2017-11-22 21:06:41,2017-12-11 21:09:23,2017-12-15 00:00:00
ed2fd29485ba0cce066d8a1e5fcd8bbc,c30d6ff9e2fca6659a28c1c9e89ef661,delivered,2018-01-22 18:27:32,2018-01-22 18:36:28,2018-01-24 11:02:38,2018-01-25 23:49:14,2018-02-14 00:00:00
f4026d9ae34e982204b4f7b627939d32,1e88b5f20d4c915f63c41dae61f1c23f,delivered,2017-01-27 19:44:14,2017-01-30 10:31:46,2017-01-30 13:14:00,2017-02-01 18:55:37,2017-03-27 00:00:00
005cad6157eadc7f1f09917607f1704a,3c3472f5efc17888458e428b0b9eeef3,delivered,2017-04-15 16:35:52,2017-04-16 16:45:13,2017-04-17 09:05:53,2017-05-03 14:56:08,2017-05-10 00:00:00
9f2a805b0495acbda211c48398c8d606,cc09c3d685e69f23f703cea2f3d81675,delivered,2017-09-21 13:05:39,2017-09-21 13:25:46,2017-09-22 16:03:40,2017-10-16 19:50:09,2017-10-25 00:00:00
e03802b5209c43fd6ba9d5fefbd664ca,7c26e6e9bb97ca9576d80b206f6d28ad,delivered,2018-02-21 20:49:39,2018-02-23 02:31:02,2018-02-26 23:37:54,2018-03-14 21:12:09,2018-03-15 00:00:00
2ee73e51b815651a0723f6bcd3cc87d4,6b5d84c6bcb4a5d3df4dcac1f4220140,delivered,2018-03-17 15:42:57,2018-03-17 15:55:36,2018-03-19 16:51:14,2018-04-02 12:38:27,2018-04-13 00:00:00
f36a1eff2af8e26d62b33c28ead8063b,225f19f6a66d9619acd23171fe3863f2,delivered,2017-08-22 20:25:19,2017-08-23 14:36:43,2017-08-31 23:27:53,2017-09-15 18:20:10,2017-10-02 00:00:00
2cedacf09b697a584a5078a5002c7d5d,7e582b8e7ecb568c332560a6545ad313,delivered,2018-07-02 12:05:01,2018-07-02 12:15:15,2018-07-03 12:24:00,2018-07-04 18:26:34,2018-07-18 00:00:00
a058c79008ed0d21597ac66af7733642,75adc5b78bd09694f9e111f3a5bad759,delivered,2017-11-08 13:58:58,2017-11-08 14:10:41,2017-11-09 18:47:48,2017-11-23 16:48:06,2017-12-05 00:00:00
116c70afde066c60adb8381e4c23c07d,e52f11ec7d64e959c974a0ef5403abd7,delivered,2017-09-22 17:00:22,2017-09-22 17:10:32,2017-09-25 18:23:21,2017-10-05 17:14:56,2017-10-26 00:00:00
c0a0e85637a11f4f6c0e90520b2eccaa,b0d33288506011adf589fd1e8a547731,delivered,2017-11-18 21:19:33,2017-11-21 03:46:15,2017-11-22 22:52:50,2017-11-28 22:52:56,2017-12-07 00:00:00
8a75ced6f19cc287863a3444fd11f74c,3c36eb6d59869d20b01693b3523bc996,delivered,2017-12-06 13:26:15,2017-12-07 03:10:43,2017-12-08 17:19:01,2018-01-09 14:59:11,2018-01-05 00:00:00
9e6928e55ec6948338048d72ebdf2305,d8f5acb57547935a0768faaefbd2ce58,delivered,2018-04-27 15:12:36,2018-04-27 15:32:59,2018-04-27 15:08:00,2018-05-07 19:03:52,2018-05-29 00:00:00
826e8ed6853186bc70550a793129c288,a836f6725983cd79994904405fc070aa,delivered,2017-04-10 20:57:54,2017-04-10 21:10:14,2017-04-11 14:02:00,2017-04-13 13:35:25,2017-05-03 00:00:00
a96effa6b0ae730c1b6bbfb81a6164b4,83941af59521a5289c43d8f604e847d1,delivered,2018-01-15 19:14:49,2018-01-15 19:30:06,2018-01-17 13:16:48,2018-01-23 15:07:35,2018-02-05 00:00:00
a10025dad19bcbddfb29902513f39ca3,1a6fdce580e785d2b1348c0efd45504e,delivered,2017-03-28 15:29:43,2017-03-29 02:10:34,2017-03-29 15:24:05,2017-04-04 15:32:02,2017-04-19 00:00:00
221184b144deebdd34aa73473f31402c,d83ba54849e875e8f350178388514b0e,delivered,2018-03-21 09:47:33,2018-03-21 10:08:12,2018-03-23 19:19:10,2018-04-03 00:54:52,2018-04-04 00:00:00
93422fb579e58ced14dc90678d1ee09a,19b718bde73bdc9cd4eeee8d034d2e1a,delivered,2018-04-18 09:38:35,2018-04-18 09:51:48,2018-04-23 15:08:40,2018-04-24 15:47:50,2018-05-07 00:00:00
55c51475b2f1d79d83c0c0c9c6fce9a8,2bfb2176354d5c7c4409a521d4d9b05b,delivered,2018-04-17 15:57:19,2018-04-17 16:30:34,2018-04-18 21:58:42,2018-04-28 13:16:49,2018-05-10 00:00:00
a49b8f92334f6b3b8eef67010a8e53ce,a3e063a0fa6c25bbb150f73f9ac2ff91,delivered,2018-07-19 18:00:45,2018-07-21 03:15:29,2018-07-31 12:33:00,2018-08-03 12:23:24,2018-08-07 00:00:00
3d5297364b0d752cbbb48a11a58eef00,ab78499b2e8cce30443e32123634ec98,delivered,2018-02-01 14:54:43,2018-02-01 15:10:32,2018-02-02 17:18:58,2018-02-20 10:52:49,2018-03-01 00:00:00
d94cd4d810e4cf28560cc3b12aa4b210,7c10f2de074270cfec0085fd54e2779e,delivered,2018-03-09 21:25:12,2018-03-09 22:28:31,2018-03-14 01:18:37,2018-03-26 18:28:39,2018-04-02 00:00:00
c271d6d965ce901e7efaae6879247e43,31798549a2bd00104ac9b9dbe884b455,delivered,2017-12-23 15:11:39,2017-12-23 15:30:20,2017-12-28 19:52:42,2018-02-02 02:37:22,2018-01-24 00:00:00
0e7e973a8d82ae12e070d767abed8960,138f87e7c0902d7890876b95dc1a5ef4,delivered,2018-03-31 19:07:33,2018-03-31 19:27:30,2018-04-02 23:56:36,2018-04-04 02:10:56,2018-04-12 00:00:00
c2544ad612ec331d963be4a4daa7fcfc,b268920db89279bdd95a06d4e5c703b1,delivered,2018-08-22 18:20:04,2018-08-22 18:30:13,2018-08-23 15:05:00,2018-08-24 19:31:48,2018-08-27 00:00:00
e051052721cb64f972da9bf551be79e4,86d55c1416082f5a565a05e62a32b091,invoiced,2017-09-19 09:02:15,2017-09-19 09:10:21,,,2017-10-09 00:00:00
2445a82ec841c77c3fa6573bc3e00dcb,88c1c3d0d402ba73d2fed9d5b71163f4,delivered,2017-03-21 15:16:57,2017-03-21 15:16:57,2017-03-24 12:18:55,2017-04-04 17:04:02,2017-04-13 00:00:00
a648a1e4045712bdac2d6c2524900a13,735da8aed9eb8112d8b3472d632acadb,delivered,2018-07-20 21:11:30,2018-07-20 21:25:08,2018-07-23 11:50:00,2018-07-24 19:12:01,2018-08-01 00:00:00
37975a7ef83d81d3c78d1920bb923f8b,ca90047bfa3f38ec336498a3f21b8834,delivered,2018-05-11 10:05:25,2018-05-15 05:14:51,2018-05-17 13:01:00,2018-05-21 19:46:43,2018-05-29 00:00:00
04f6cdae6a85ade2864cd5fc811fb9ba,fcbd7b0353381303b9fc5b486f398838,delivered,2018-05-14 11:43:07,2018-05-14 11:58:42,2018-05-14 16:42:00,2018-05-15 19:28:46,2018-05-25 00:00:00
2b9f86a52457f652ac6b282b5dde09b2,db781c2a257ae6fb647104d94c9af367,delivered,2018-06-03 14:50:19,2018-06-04 14:51:09,2018-06-05 09:43:00,2018-06-07 23:27:24,2018-07-05 00:00:00
7e195313ab92db7ef95cf8140cfe5f81,a8e03c54c10893c78668247d5466b725,delivered,2018-01-10 08:53:24,2018-01-10 10:31:50,2018-01-11 15:13:17,2018-01-26 20:29:01,2018-02-09 00:00:00
52c19f029f1e4d22ee6cfa38451ab0fe,ade47ed1beab3126cad16dce9dd5b363,delivered,2018-03-14 09:55:08,2018-03-15 03:15:44,2018-03-15 22:06:30,2018-03-29 07:07:47,2018-04-11 00:00:00
a3d4051a7f847866e86aa7e6a7427898,2144d50aff3ee4a90c2a037d1de4cb93,delivered,2018-01-23 18:13:41,2018-01-23 18:38:40,2018-01-26 15:22:31,2018-02-06 20:55:02,2018-02-15 00:00:00
ae15bf1ddb1e3e96132e81c6c7fbf7fe,3771dfd1e9b145a2459775515f01d34b,delivered,2018-03-18 09:54:31,2018-03-18 10:08:01,2018-03-23 13:44:36,2018-04-25 00:03:53,2018-04-13 00:00:00
c7824980982e5311909ab52b74679d56,56901e02ef29bd6331e8893dc08c87b0,delivered,2017-10-10 17:26:22,2017-10-12 02:20:01,2017-10-13 19:58:51,2017-10-18 20:57:21,2017-10-27 00:00:00
f6f4791d4e9af576b54789af41c06f23,d555b8d70c02be78fe7f6f59377a8ada,delivered,2017-12-14 10:55:35,2017-12-14 11:17:53,2017-12-18 21:21:57,2018-01-03 17:37:51,2018-01-12 00:00:00
996186a13b77eec25041bc5bfec0b19b,88281b4219f3e5d73c0b35911df605fa,delivered,2017-06-08 18:16:23,2017-06-10 02:50:25,2017-06-12 14:13:16,2017-06-26 14:09:56,2017-07-07 00:00:00
de86df6ab3b291975266e6ebf8da2bf3,dc4f5706be870acda3bb46094e505062,delivered,2017-03-05 09:56:06,2017-03-05 10:05:19,2017-03-06 10:08:39,2017-03-13 08:29:53,2017-03-29 00:00:00
7509d9e6878341d7b8d48945529c94e3,0035b30e58c620fa2bd30275ddd4f7ef,delivered,2018-04-08 18:56:27,2018-04-08 19:10:16,2018-04-10 00:31:25,2018-04-24 22:55:58,2018-05-04 00:00:00
8e43f2c9b150b717ae56640b5fb64150,e9f46540ef118e5937bafbb8bbcaa09b,delivered,2018-08-05 11:03:29,2018-08-05 11:15:13,2018-08-07 14:31:00,2018-08-08 20:52:35,2018-08-10 00:00:00
01d0aabab5da85da61bbd4d40882b82c,5aa74c879595083359ded75778c85a3b,delivered,2017-08-27 19:21:22,2017-08-27 19:31:26,2017-08-28 17:52:26,2017-09-13 18:33:20,2017-09-15 00:00:00
cd95fe8a82e95e3886c96b347c69fccd,2752f0dce1154d9ec3290f9bea9636c9,delivered,2017-04-11 14:30:03,2017-04-12 14:42:37,2017-04-13 10:56:10,2017-04-20 12:24:13,2017-05-15 00:00:00
69ce5a9c71e938c852ea2142a90dddb7,dcdf7a6ad289593d2e9e4174f69d5640,delivered,2017-10-04 16:21:13,2017-10-06 16:07:26,2017-10-10 19:23:12,2017-10-16 20:10:48,2017-10-31 00:00:00
2081888273614ad809543f519e949fc5,482b3471974ec5a1bc58ee86a8414b12,delivered,2018-03-11 14:41:55,2018-03-11 14:55:35,2018-03-13 01:34:28,2018-05-04 21:22:37,2018-04-12 00:00:00
5e93017b6f1f803a8daebd361ac1f98f,7aa832bc19de6e6b6b4c4d5a13302469,delivered,2017-10-25 15:41:29,2017-10-27 02:55:29,2017-10-27 21:53:41,2017-11-16 17:52:54,2017-11-22 00:00:00
3551cfc89b9792b082608627a57d6bc2,1c7a373d004945165d29545ef5c4914a,delivered,2018-07-21 13:10:30,2018-07-23 11:32:13,2018-07-23 15:42:00,2018-07-26 20:07:33,2018-08-21 00:00:00
301c441176beabdc9ef015807d9290aa,200c580999cc1e2c937f6e2f82eb04d3,delivered,2017-06-29 00:20:21,2017-06-29 00:30:20,2017-06-30 09:11:33,2017-07-04 13:32:15,2017-07-12 00:00:00
e886c6890329e3b34b75f755974c4349,64553969cd28069b6e92d7a16f886e17,delivered,2018-04-05 16:33:16,2018-04-06 09:09:27,2018-04-10 20:33:14,2018-05-02 20:08:47,2018-04-30 00:00:00
55463000ff2ec17f2fc06a0b6a1c846c,4b0f5f7c3efeb7a2436e3b8b693f66c3,delivered,2017-04-04 00:55:54,2017-04-04 01:05:29,2017-04-05 15:51:04,2017-04-17 08:12:36,2017-04-27 00:00:00
5874c5a855871e35bc123b521d3d041a,bfac2ef907f4452ccf633343ddfbac3f,delivered,2018-06-08 20:27:44,2018-06-08 20:35:22,2018-06-11 14:40:00,2018-06-14 23:54:47,2018-06-26 00:00:00
c4d21595038e045af516cfd9f1496c2d,a6a6191fdbe183b3891aed7908ca4640,delivered,2017-12-06 16:07:55,2017-12-06 16:15:32,2017-12-07 17:57:19,2017-12-21 01:45:02,2017-12-29 00:00:00
1bfa3dbef549cf9ba5c5661ef1b63168,e22bab8950872ef60d229f7d6926b58c,delivered,2017-01-15 14:35:54,2017-01-15 14:45:12,2017-01-16 12:25:16,2017-02-13 08:51:25,2017-02-24 00:00:00
8cdd96554616b2466ae2bd275781ef0f,49c8292f2dee77af4b38126194d34622,delivered,2018-08-23 17:25:48,2018-08-25 04:05:12,2018-08-27 12:39:00,2018-08-28 18:12:11,2018-08-28 00:00:00
613ea91cb4b6b072a114ef3e5e9b6227,804101df19b9e3e6be806314f23892ce,delivered,2018-06-28 12:36:06,2018-06-28 12:50:34,2018-07-02 12:27:00,2018-07-05 18:12:31,2018-07-19 00:00:00
0bc2f31a926a812c0002115befdfdebe,aae53fd05ec93f09b7dedec22367e9c9,delivered,2017-11-13 15:37:39,2017-11-14 17:27:33,2017-11-21 20:28:56,2018-01-20 11:53:50,2017-12-11 00:00:00
03fd1ecfbee7068edda48a4ad8b838e1,5e57d863ea7e6962334cb87cdebc54f8,delivered,2018-06-27 07:42:05,2018-06-27 11:00:39,2018-06-28 13:05:00,2018-07-04 22:05:54,2018-07-27 00:00:00
a2d034676ee5e73dd49f9202b58bbb39,735c9db72feaec11cefd42d50c2b7f66,delivered,2017-10-18 01:02:25,2017-10-18 01:14:26,2017-10-18 12:58:17,2017-10-23 19:52:07,2017-11-10 00:00:00
4537fa33050632b53247df7983dddff3,8a67b0ac7c48474af658fc58e55840b6,delivered,2017-02-26 23:33:43,2017-02-26 23:45:12,2017-03-01 10:52:25,2017-03-15 14:32:54,2017-03-29 00:00:00
ee6a6563831f675482a3a816f1bef6e3,9712f52bb03dbf1e5f778230d13d96cc,delivered,2017-11-11 11:32:53,2017-11-13 17:15:54,2017-11-16 23:24:32,2017-11-22 22:42:07,2017-12-01 00:00:00
24be8b5db4950507d07bf5797c5de555,c7a73d8fe5c01904adc31ea511af512a,delivered,2018-04-25 19:27:16,2018-04-27 03:30:33,2018-04-27 14:53:00,2018-04-28 16:58:46,2018-05-09 00:00:00
7f9418ca35e76d5071b5906780d62874,3d3f936e07349832a8620f07ed29640c,delivered,2018-01-23 22:06:31,2018-01-24 02:35:02,2018-01-30 15:38:38,2018-02-01 22:39:38,2018-02-16 00:00:00
aed4ee357f34e0cc3ce296eb5829d7ae,b65246bbeb74e7bb5639de9495e2ea9f,delivered,2018-03-02 09:40:58,2018-03-02 09:50:42,2018-03-05 21:51:52,2018-03-26 16:59:43,2018-03-23 00:00:00
e5da6b075bf12389011f8a4ce3c1d1de,df377e290cefceec223b0aae5213425e,delivered,2017-04-09 13:43:53,2017-04-09 13:55:13,2017-04-10 15:57:54,2017-04-18 12:57:32,2017-05-11 00:00:00
4259e68b0021b91e05471e07a45c813c,bbf16d46cf6f0d99fadf053943f17e85,delivered,2017-08-01 16:51:20,2017-08-01 17:05:18,2017-08-03 13:04:08,2017-08-08 15:15:07,2017-08-31 00:00:00
e487ce7714f24d747f3a5fd3adb68273,f19d9e3b7538a7bd0228b221d42ff6e0,delivered,2017-04-16 21:49:04,2017-04-18 04:33:02,2017-04-19 11:23:12,2017-05-04 12:19:58,2017-05-16 00:00:00
39b9c680e3da898246a39142b4ffc1ac,180bce02235c8b5667752d1a8144f451,delivered,2018-05-16 18:23:30,2018-05-16 18:57:07,2018-05-17 10:55:00,2018-05-28 21:22:01,2018-06-19 00:00:00
09e90e3936db197d43b9bde1291c307d,35eb8474043d903a123d6d6965c530a4,delivered,2018-08-02 14:21:15,2018-08-03 02:43:57,2018-08-03 18:19:00,2018-08-09 22:11:36,2018-08-16 00:00:00
3ad157ca74c35f0e167f7c21cb6dd3af,911882d93977d216a84a03171f671ae2,delivered,2018-06-27 14:33:18,2018-06-27 14:51:48,2018-06-28 10:54:00,2018-07-13 22:03:51,2018-08-08 00:00:00
84a050a9a90fcbfcf5d83858c583959a,09691e1d4b31ba0fec34f8f1e9327bfc,delivered,2017-05-28 23:54:32,2017-05-29 01:10:20,2017-06-06 11:33:34,2017-06-08 11:37:54,2017-06-19 00:00:00
6f0bbdaf91746e96253d10fe7e374f7d,3071ce9d57b701079af6747a0d89b13b,invoiced,2018-08-05 17:18:30,2018-08-05 18:00:08,,,2018-08-09 00:00:00
fa4414ea1a5c591f38b0d62663879b17,83c9e096bf610d2e67205659d4913ba2,delivered,2017-11-26 16:50:52,2017-11-27 14:18:30,2017-11-27 22:24:53,2017-11-28 18:33:10,2017-12-11 00:00:00
19d199373015a403f1dad61de94637a8,da460b84e3998a8d67a9fdac0ab9f14c,delivered,2017-12-12 10:32:17,2017-12-12 10:50:34,2017-12-12 22:35:07,2017-12-29 16:19:58,2018-01-09 00:00:00
fa7b7f7ad0c4b34047663becd141b09f,e760d2986fa5c424e303e1823952e3a0,delivered,2018-06-19 20:38:15,2018-06-20 03:18:12,2018-06-20 14:40:00,2018-06-26 18:08:53,2018-07-13 00:00:00
d62cc2763a30054a5d55992b3c88d3d4,736c8aa786302c5d61fc8502ccba8586,delivered,2017-07-11 22:53:31,2017-07-13 00:50:13,2017-07-13 11:42:45,2017-07-14 15:58:34,2017-07-24 00:00:00
c0a1dc99f45387972d7c24cb3ffb3727,0975cbdd343ee157b43e6104eb9fdadc,delivered,2017-06-30 14:34:45,2017-06-30 14:45:07,2017-07-05 13:14:43,2017-07-14 18:52:06,2017-08-03 00:00:00
156f6f0ed73a57da184aecc81303bf9d,ef1c3ec5a70e66609b693763c132fdf5,delivered,2018-05-09 17:23:03,2018-05-10 04:16:18,2018-05-10 15:12:00,2018-05-11 21:36:48,2018-05-17 00:00:00
bced6994157f0832d51623583ac46719,19b963ff5c5aacf997da7ea79cd8e530,delivered,2017-05-02 20:17:25,2017-05-03 15:31:38,2017-05-05 13:46:58,2017-05-09 11:52:35,2017-05-25 00:00:00
223067157b61a8e20dc19cbafe40eff6,0a60413541d00d686cf4a7cd994cc1f2,delivered,2018-01-20 20:47:34,2018-01-23 03:36:43,2018-01-29 17:45:52,2018-02-14 14:19:14,2018-02-16 00:00:00
b724c12024f2ddd6151b0d8dc88a5823,4442cf326cdb49f7580c6d67a8495161,delivered,2018-08-26 09:29:46,2018-08-26 09:44:09,2018-08-27 14:14:00,2018-08-30 17:14:21,2018-09-10 00:00:00
3fa90d1a16450a2ad12d9b7fde5fc990,20c0988ea537553f6369b9602f985c36,delivered,2017-07-30 01:02:28,2017-07-30 01:15:11,2017-08-01 18:29:44,2017-08-14 20:07:41,2017-08-24 00:00:00
c93d8c5d743044e34a559198afa97c86,db424deeea01535e91a89385177baff3,delivered,2018-08-02 22:48:54,2018-08-02 23:04:06,2018-08-03 13:19:00,2018-08-16 01:11:45,2018-08-14 00:00:00
8e65fdbf220572dfd3430631b5d89947,de2425c7317b3c9ecf9a1a31da719569,delivered,2017-07-26 17:36:36,2017-07-26 17:50:18,2017-07-27 18:33:25,2017-08-04 20:34:37,2017-08-21 00:00:00
1f01338ddd8a4dfb9c1e745ef2bdb09e,9003223af373afceda47a0d23b0dda20,delivered,2018-03-10 11:18:28,2018-03-10 11:48:16,2018-03-14 19:03:22,2018-03-16 20:27:34,2018-03-22 00:00:00
97ae49da0d699c7c500d0c4e2ac54c8c,92af5cd28117b607ce3510a916c1fca7,delivered,2018-03-12 11:21:58,2018-03-12 11:35:33,2018-03-14 01:09:34,2018-03-16 20:08:53,2018-03-22 00:00:00
cf41661584eda445aed5c0534bb31275,e69607605ceaebc6abb7a77d24cd3633,delivered,2018-01-20 15:31:21,2018-01-23 03:37:42,2018-01-23 13:59:49,2018-02-01 22:24:45,2018-02-14 00:00:00
6c269e3a9b9ff5370697cb124cbc63ce,32b835e598d0770c757962836c16bec2,delivered,2017-05-08 12:14:05,2017-05-08 13:03:12,2017-05-08 15:41:30,2017-05-18 15:41:45,2017-06-12 00:00:00
0599833bed37a5f88c9ade7cf219fd6b,09803e29b7c6ecb7de771936dd75302b,delivered,2017-09-11 13:39:20,2017-09-11 13:50:35,2017-09-13 13:15:03,2017-09-19 21:55:01,2017-09-27 00:00:00
4f2d0f7323a3507fd4d36383958ec6fe,a8413ee5332b66e830274ce87d490fed,delivered,2018-04-29 11:43:37,2018-05-01 05:14:00,2018-05-07 12:31:00,2018-05-11 23:18:43,2018-05-23 00:00:00
2431f37c6b8654b085c5e96c606acd2c,15f938ef63c15fd5a70688ea5003e3eb,delivered,2017-09-07 00:21:14,2017-09-07 00:35:26,2017-09-08 18:47:40,2017-09-11 22:48:47,2017-09-20 00:00:00
333e8c69214e02d9be6bc5b7a3e4202b,5fa1a866e30c0512c4bd4daac4da1979,delivered,2018-04-27 15:48:26,2018-04-28 02:51:43,2018-05-02 16:11:00,2018-05-04 19:51:57,2018-05-11 00:00:00
fb2f2200a3b712539e9eb91ef5c7e1cf,4b2b781bcb66650405f99cdece998cf3,delivered,2018-08-06 06:04:48,2018-08-06 06:24:22,2018-08-06 08:45:00,2018-08-07 16:58:30,2018-08-09 00:00:00
c57f0cccbb35bc98d5199bb5bda322b5,91bfe7a07b35a7caa17a1ab6c587a5c5,delivered,2018-01-20 16:00:29,2018-01-20 16:21:21,2018-01-31 17:33:19,2018-02-01 17:21:52,2018-02-23 00:00:00
36b99cb18912a8b79b8b49685d71503a,9bdd5cd13aabfe185161f71fc3b505d2,delivered,2018-05-14 19:26:30,2018-05-14 19:35:31,2018-05-15 15:39:00,2018-05-21 14:51:38,2018-06-01 00:00:00
cb067eba36d6236992ae70d7498ca3d8,f5dd9c33e88f071db885c5ce71a4f550,delivered,2018-03-12 07:31:29,2018-03-12 07:48:29,2018-03-14 17:12:22,2018-03-23 13:36:48,2018-04-03 00:00:00
8b1f6a9fcd45ffc05a994c5a4b0a8a9d,5c3d59a9c0b40cc3bed4a903267dcbe8,delivered,2018-03-09 22:05:22,2018-03-13 03:50:43,2018-03-13 22:24:39,2018-03-16 15:38:42,2018-03-21 00:00:00
0a721c801fb74738e32f7ffc3c068a46,eda3ac9158cb43faace7e932c763378f,delivered,2017-12-20 13:01:13,2017-12-20 13:14:16,2017-12-20 23:05:02,2018-01-05 17:48:21,2018-01-19 00:00:00
13c43b9af95067fe5366ed2f57afcf77,18143f5d1df13826796fef11466b6a92,delivered,2018-02-24 18:57:09,2018-02-24 19:10:27,2018-02-28 18:33:12,2018-03-07 15:18:50,2018-03-19 00:00:00
27022b76108230492760e5e0a34c159e,45cea136a7ccc9defbe927fd8b27d2bb,delivered,2017-05-07 23:40:38,2017-05-09 09:35:13,2017-05-09 15:36:18,2017-05-11 08:52:09,2017-05-31 00:00:00
c0f8258a486cbbdd64c2fe207a1960f3,38ae941c1e6d3bcc43b271af858d362e,delivered,2018-04-23 22:12:12,2018-04-24 18:56:43,2018-04-27 14:32:00,2018-05-04 07:11:48,2018-05-14 00:00:00
b8d7fee0274d75202bee63e9e71fec3f,c2c7d500a4b8ee6bfa979833a61249da,delivered,2018-05-02 10:09:15,2018-05-02 10:34:15,2018-05-03 16:56:00,2018-05-11 22:16:32,2018-05-25 00:00:00
6277bde22948356c8a5aa66e61f4a720,db564644bbae1f649cb2beeab33fa1aa,delivered,2018-04-09 12:48:47,2018-04-09 13:11:00,2018-04-10 18:20:40,2018-04-18 17:38:49,2018-04-25 00:00:00
c501bcc74df5ad09bcabd7774b6ae383,c09a83740cabeb9e62ae874c6636736f,delivered,2017-09-18 21:41:12,2017-09-18 21:55:11,2017-09-19 20:24:36,2017-10-05 11:33:35,2017-10-06 00:00:00
e03e8192ecbedf3c6493ae3c01ba21e3,fd2e6e9ae894e78bc1eecbf68286c28c,delivered,2018-07-01 01:57:58,2018-07-01 02:48:59,2018-07-09 13:39:00,2018-07-13 20:12:40,2018-08-09 00:00:00
b73c36e570877e647fc56872cfbb3fa6,183df1decda4a848844388d117f8605c,delivered,2018-04-19 10:05:04,2018-04-19 10:34:22,2018-04-20 20:26:37,2018-04-23 18:32:59,2018-05-07 00:00:00
ab75125adb0d56e4a58e073b90b7b6c6,957fe1ab4d9b13795cee6642424fe368,delivered,2018-07-12 18:40:28,2018-07-12 18:50:20,2018-07-13 13:57:00,2018-08-23 00:03:12,2018-07-23 00:00:00
dece33065768a2ac17723827e6a03c0a,dd84119ecdc89727e8bc3f1039e8f868,delivered,2018-02-13 18:08:29,2018-02-13 18:47:23,2018-02-15 23:16:21,2018-02-27 20:35:32,2018-03-13 00:00:00
4d9e31ff85efba399f614db862300f50,bc7f75a572edf4c26dbcf4528e7c6de3,delivered,2018-06-11 10:50:23,2018-06-13 02:36:28,2018-06-15 10:59:00,2018-06-18 19:28:37,2018-06-20 00:00:00
9706ebea892b263fa7c4c09c658ff5fb,c64dc07e4160bcc4089e133f004f5aa8,delivered,2018-01-25 19:34:00,2018-01-26 19:31:28,2018-02-09 14:47:51,2018-02-09 22:58:37,2018-02-14 00:00:00
fc395bfc7bc0ca54d0fa3e4cc90d055f,1f09c5f1dca56a5017be0bf4642d6c5a,delivered,2018-04-21 10:58:18,2018-04-24 19:02:32,2018-04-23 20:52:45,2018-05-10 13:09:44,2018-05-24 00:00:00
808bf4092870d798031105528ece9e37,24dae7a96334acc076cbf38e4e5ef7e1,delivered,2017-03-26 19:38:43,2017-03-28 06:42:26,2017-03-30 13:13:17,2017-04-04 14:30:20,2017-04-17 00:00:00
422dc200156c43d69ba21c16beffd57e,7d0006ecf079f0df09d48b43d853ef88,delivered,2018-04-08 12:59:58,2018-04-08 13:10:19,2018-04-10 17:16:44,2018-04-27 00:12:41,2018-05-07 00:00:00
7443eeca92daa9ca934f515628610510,c5e7e155521703e687bc3bbc6ee8c688,delivered,2018-08-04 16:50:40,2018-08-06 15:04:51,2018-08-06 14:13:00,2018-08-18 20:54:44,2018-09-13 00:00:00
f6044945e005e4b173972736e3917bf4,7122bac66a16dd3724dbbe2bdfa6a2ad,delivered,2018-04-27 13:23:22,2018-04-27 13:35:24,2018-04-30 12:38:00,2018-05-08 00:44:46,2018-05-22 00:00:00
8ab698a9cb0d97ba97d4626a7534273e,0eb1ae7642d2e060ff0a1f063b05afdb,delivered,2017-06-19 20:18:52,2017-06-21 02:15:47,2017-06-22 12:06:11,2017-06-26 14:03:04,2017-08-08 00:00:00
fff7c4452f050315db1b3f24d9df5fcd,dec8952e97ef6124259c56914fb3569c,delivered,2017-06-01 16:53:03,2017-06-01 17:05:23,2017-06-02 11:49:53,2017-06-08 13:04:40,2017-06-26 00:00:00
a19e4d493994f0d2b444b5af6d7e93de,90bc6f9dcc1497cfe9b3da6a8ecbfb9e,delivered,2017-11-24 05:27:33,2017-11-24 13:11:43,2017-11-28 03:18:46,2017-12-11 17:12:27,2017-12-14 00:00:00
866f5476165c062d96e0db0aed03c96a,7fa99eee346e3a57243e5d30c76ad243,delivered,2018-03-20 22:09:54,2018-03-20 22:28:37,2018-03-21 20:41:49,2018-04-14 11:36:39,2018-04-10 00:00:00
62f5759d5657059823d7a8a9e25c13e0,4c699449580d55e1580e2d7d1d216922,delivered,2017-05-29 22:01:05,2017-05-30 22:05:39,2017-06-07 15:28:02,2017-06-16 17:32:14,2017-06-23 00:00:00
a62de6fa1ce225032f7220425c941b50,d653adc18616e3bf4070236ee0041627,delivered,2017-05-24 11:39:16,2017-05-24 12:03:48,2017-05-25 10:43:21,2017-06-01 13:03:47,2017-06-16 00:00:00
c1f81880aca45c52130764058999025e,cc665602c5a3f9487780d90695667353,delivered,2017-11-24 13:04:14,2017-11-24 15:14:34,2017-11-28 18:48:55,2017-11-30 19:14:10,2017-12-08 00:00:00
03dbf3a42789c67ed5e2198f08d997dc,f63aa9fceef15019d51c24510d8d6c30,delivered,2018-03-04 13:20:26,2018-03-04 13:35:38,2018-03-06 02:57:00,2018-03-28 19:03:04,2018-03-21 00:00:00
79dcf055e74b18132713733d8a66a44d,8b1dc34a89bde906f1d7fc1d11378ad9,delivered,2017-12-06 18:48:23,2017-12-06 18:56:32,2017-12-07 19:44:49,2017-12-27 14:42:52,2018-01-02 00:00:00
c41790594db216ff69f55d178ea8c863,85e6bee910c0820fdcbb1750cab14205,delivered,2018-03-22 16:15:00,2018-03-22 17:08:39,2018-03-23 16:42:04,2018-04-03 16:48:26,2018-04-11 00:00:00
43fe8de87e65010ff44d19a21207029d,2965de1142f42605ba0a478d0f69cb76,delivered,2018-07-16 16:12:33,2018-07-16 16:25:21,2018-07-17 15:41:00,2018-07-23 20:37:55,2018-08-01 00:00:00
b1d5bcea9a62e23247030b3e1f814ef3,55fefed6ba1e216d5dc35ea5ea0bbf5f,delivered,2017-05-12 13:07:22,2017-05-13 02:55:16,2017-05-16 11:42:00,2017-05-19 16:12:30,2017-05-22 00:00:00
60326f680976abc2782f4c5dfb522c4f,b8c0c50fd3d124008de3fe32b85e995c,delivered,2018-03-20 17:31:43,2018-03-22 02:50:10,2018-03-23 22:39:42,2018-04-05 23:36:34,2018-04-09 00:00:00
a738e9e6770c9eac21287cc96d82dc76,a3671f3a8d8cb539be0134d5a2eb0c24,delivered,2017-07-15 12:24:22,2017-07-16 12:30:09,2017-07-17 19:16:54,2017-07-31 19:19:31,2017-08-14 00:00:00
782d2a64a6133bc3512a372661880972,ae216013042d108bf91199cf75800c16,delivered,2017-10-31 17:05:38,2017-10-31 17:32:13,2017-11-06 17:28:50,2017-11-14 20:26:52,2017-11-14 00:00:00
11c9715759819d9b4a3b7708111b3a74,768fc1fbc64588a761d7c91844052984,delivered,2018-07-25 16:09:10,2018-07-26 03:25:16,2018-07-26 11:33:00,2018-07-30 15:21:31,2018-08-08 00:00:00
eeb725ce8cdcde856d5b39ca2ce110b6,31ea82d50eb91d9f1632f463db556c4d,delivered,2018-08-09 00:12:42,2018-08-09 00:25:11,2018-08-10 14:07:00,2018-08-22 22:38:45,2018-09-05 00:00:00
87a7993a41d542a5b33757b3a453efb0,a0caf8dca329ba2b6b08a3d13b6bf43b,delivered,2017-07-15 11:21:51,2017-07-18 06:15:22,2017-07-19 16:36:29,2017-07-28 16:51:58,2017-08-11 00:00:00
034d69957b2269cb4e06b31561b64973,02ae7918f75386935260f02cbf60d7f7,delivered,2018-06-04 15:22:10,2018-06-04 15:35:20,2018-06-11 12:58:00,2018-06-19 13:48:44,2018-07-13 00:00:00
2af7994de778d60a50bc24d1ef9e2331,8f7fb123acf4ba4066d94e75d701a57f,delivered,2018-04-28 16:55:52,2018-04-28 17:11:07,2018-04-30 15:24:00,2018-05-08 19:22:31,2018-05-21 00:00:00
0799a27b55977a0aedea205def0a6297,bf715f8713583bb9ebc5dbb551b8ba30,delivered,2017-11-28 12:00:04,2017-11-28 12:15:04,2017-11-29 20:09:02,2017-12-12 13:38:35,2017-12-18 00:00:00
5f95f5f78f509a3af5a6c83d81c1117f,58d54b1ff5f21bb5fe6928646949ff4c,delivered,2017-08-06 13:38:15,2017-08-08 04:40:20,2017-08-14 12:47:34,2017-08-23 20:18:04,2017-08-30 00:00:00
79295abc14c5066ba9850a99185015d6,790a05c9cb4a2ed50d88ef313a7e9dfd,delivered,2017-11-24 17:08:10,2017-11-24 20:52:18,2017-11-30 17:16:53,2017-12-09 19:48:53,2017-12-19 00:00:00
8d99000d8edc9aa445a270e29e85fb05,af1fd846bda509c70e4fefbc3b1961bf,delivered,2017-02-05 18:47:13,2017-02-05 19:01:53,2017-02-06 08:37:48,2017-02-15 13:13:50,2017-03-07 00:00:00
fa906f338cee30a984d0945b3832e431,00050bf6e01e69d5c0fd612f1bcfb69c,delivered,2017-09-17 16:04:44,2017-09-17 16:15:13,2017-09-18 21:02:46,2017-10-02 21:14:31,2017-10-13 00:00:00
5e2c33d2f30f75167981f86a98b727cf,6a747a9382486708e3501030fbfdbd3c,delivered,2018-06-29 14:17:30,2018-06-29 14:31:53,2018-07-03 12:12:00,2018-07-10 19:38:27,2018-07-19 00:00:00
4fe4c496a13fb35dc73b330ccb988813,a6ee8a4d65a310510bc71df4c3d4edf8,delivered,2018-07-18 15:54:28,2018-07-19 15:50:10,2018-07-23 16:06:00,2018-07-25 14:42:49,2018-08-02 00:00:00
97b29283af3491c2c82f26f6f848d210,60f98bfa86c829d4a3321163d61c0cc2,delivered,2017-11-09 11:09:51,2017-11-09 11:26:38,2017-11-09 19:18:40,2017-11-23 17:28:49,2017-12-08 00:00:00
ab208b143122e9e71bd46dbe322baf85,29b458c3156da95a3f75c5f92ae6826c,delivered,2018-06-23 19:11:29,2018-06-23 19:39:07,2018-06-25 14:07:00,2018-06-28 17:18:48,2018-07-18 00:00:00
f8fb768a4889846eaf601b29827b596a,95a614f4e894a20b406e2e5f866b8347,delivered,2018-08-06 05:49:54,2018-08-06 06:05:16,2018-08-07 22:06:00,2018-08-08 17:46:49,2018-08-09 00:00:00
1aa53856bbf007e716eab896ddea3187,01f5c92b138f7260aeed5a7aea4d0af4,delivered,2018-04-04 14:35:15,2018-04-04 14:50:13,2018-04-05 00:14:40,2018-04-11 15:52:33,2018-04-20 00:00:00
a380f666b6f5f63175077284df9e7237,4668c704e95dfb24de784c2a9bb46b46,delivered,2017-12-12 20:16:51,2017-12-12 20:31:40,2017-12-13 18:04:07,2018-01-10 20:52:30,2018-01-09 00:00:00
925c06d3251137f2c176e80cd9b87e32,0e5d87e1d51e9f178cb9b52c16f4ec60,delivered,2017-10-09 11:01:57,2017-10-10 03:35:39,2017-10-11 22:27:01,2017-10-16 21:57:50,2017-11-06 00:00:00
8298e94c8a2989b7c343d2021ef17fb0,6712c5110db84b7ded6762f74a8bd43b,delivered,2017-11-18 19:59:13,2017-11-19 20:07:00,2017-11-20 16:43:04,2017-12-01 21:12:29,2017-12-13 00:00:00
bd62b37e405552f1b1c8ba894723f336,a5828b3291ddb79cc8f5b6288e8acb11,delivered,2018-03-02 20:12:55,2018-03-02 20:35:23,2018-03-13 22:38:33,2018-03-27 15:51:58,2018-04-10 00:00:00
8fec1057df930bcc1be865fbfef606b4,1964a80794004a2f2456740630cc3b9d,delivered,2018-07-26 20:18:26,2018-07-27 08:24:21,2018-07-30 14:44:00,2018-08-08 20:06:36,2018-08-20 00:00:00
a7db8c5327329206a779bb63dca4a2f2,b0790158897607011071ef91f76d2002,delivered,2017-03-31 17:33:23,2017-03-31 17:45:17,2017-04-03 15:13:35,2017-04-13 17:24:58,2017-04-26 00:00:00
293e34b72465ae7478f59d4d0b3e58ba,369681dede08381d68cdbc2e76f226d6,delivered,2018-07-17 16:39:56,2018-07-18 02:55:19,2018-07-19 14:26:00,2018-07-25 18:31:29,2018-08-02 00:00:00
197eebbd778d2ac6ee1ca48441bcd80f,2ebff6706876c13d515f6efb2c687db6,delivered,2018-08-15 20:13:15,2018-08-15 20:25:15,2018-08-16 11:53:00,2018-08-29 17:31:53,2018-08-30 00:00:00
af49e4908db21ac0697725549558e0a3,183a08971a6a765d93ce3a523f013c68,delivered,2018-02-21 14:37:32,2018-02-21 14:49:32,2018-02-22 00:22:55,2018-03-02 19:33:15,2018-03-13 00:00:00
33f54eb5a5aba085c0d70b2664b6926f,52d7c0657734687b64282a9b4db2dffb,delivered,2017-05-06 12:17:56,2017-05-09 09:42:58,2017-05-09 15:39:49,2017-05-12 14:54:42,2017-05-29 00:00:00
e69f75a717d64fc5ecdfae42b2e8e086,cfda40ca8dd0a5d486a9635b611b398a,delivered,2018-07-01 22:05:55,2018-07-01 22:15:14,2018-07-03 13:57:00,,2018-07-30 00:00:00
ed601eaed5611e4ce24cfb482cf2b7b3,a82bdf553fadc78cde56ecc961376472,delivered,2017-11-24 19:29:33,2017-11-28 03:38:47,2017-11-29 22:09:54,2017-12-12 16:27:41,2017-12-18 00:00:00
6806f0c7951cb006052a1c2c8e305057,0d282dc38e152f55ee86d71192414af1,delivered,2017-12-21 22:34:31,2017-12-21 22:51:28,2017-12-22 18:58:56,2017-12-23 15:29:10,2018-01-11 00:00:00
eb95a4c291f6bc5ae2db8d266d20058b,09ce4d254e339685a989bc8fad82057d,delivered,2017-08-16 15:33:08,2017-08-16 16:10:12,2017-08-18 20:34:55,2017-08-29 15:20:05,2017-09-08 00:00:00
2c559a6f1ac48c4f100f4775a1362ea1,5be5d703076bbbf577ade3fdddf51e20,delivered,2018-01-10 10:50:11,2018-01-11 18:11:25,2018-01-17 21:19:00,2018-02-02 17:29:57,2018-02-14 00:00:00
82c997b659ae33d1e56c30e028bd7591,9c7698f6d1448481356f97b24097ae65,delivered,2018-05-15 08:21:48,2018-05-15 08:35:20,2018-05-17 15:00:00,2018-05-22 14:16:27,2018-05-23 00:00:00
55d80e98635154dd309f2cb107f5e205,25cf4c295de346cbb91e705df4cb49e9,delivered,2017-12-01 11:52:34,2017-12-01 12:31:37,2017-12-05 21:28:39,2017-12-17 16:04:22,2017-12-26 00:00:00
cc79900e669a12933cc02b37c489fe00,f229cf58ad9ec2c7d685620141ad228d,delivered,2018-05-11 20:56:55,2018-05-11 21:10:55,2018-05-14 13:55:00,2018-05-19 16:51:50,2018-06-06 00:00:00
19aeea45917083f03541b7d11afc8e2b,afc216c58cdbe8ed9cebe1495b155a86,delivered,2018-06-11 19:19:29,2018-06-11 19:41:01,2018-06-14 13:30:00,2018-06-22 20:48:43,2018-07-19 00:00:00
4122d084b6a345866be978647c68acd2,df08d47452e8c05ceafc28e09afd2488,delivered,2017-08-22 23:18:09,2017-08-22 23:30:08,2017-08-24 20:03:04,2017-09-21 19:52:28,2017-09-14 00:00:00
9d9963c450921c5db41bfa4095ea57ba,795aa95b8fb6726444ec4594f7b2dfda,delivered,2017-07-10 13:02:07,2017-07-10 13:15:10,2017-07-14 20:04:26,2017-08-03 16:09:05,2017-07-21 00:00:00
77e866a3acbb6e6eaf2ffe9089313076,4c6bc85dca1705923c61ce674c99dca4,delivered,2017-11-03 16:49:37,2017-11-03 17:30:50,2017-11-06 19:11:54,2017-11-09 15:32:25,2017-11-21 00:00:00
1a47da1d66c70489c8e35fe2b5433ab7,3d8e326c3cef3a9bba7ca121baac5fc3,unavailable,2016-10-07 18:16:31,2016-10-07 18:53:48,,,2016-12-07 00:00:00
4a1c879db7056f078a037fdf72b6d0fc,d34411df392e5437e4582b81f9ecb90d,unavailable,2018-07-10 19:11:10,2018-07-12 03:26:18,,,2018-07-26 00:00:00
b8795e01eda8fcba56bfad837fa68d92,4fcc62d157765c0af28cae95c4ec6b30,delivered,2017-04-05 11:10:40,2017-04-07 03:23:04,2017-04-11 16:14:59,2017-04-17 13:40:04,2017-04-26 00:00:00
5403e41a6cd4260f3804c8887b407032,cc79391162e718a3d1783b37820aea9e,delivered,2017-05-24 14:34:18,2017-05-25 02:45:21,2017-05-26 07:47:47,2017-06-05 10:28:47,2017-06-16 00:00:00
645a389e60ffe5af0bdc4800a14c36e2,dfa2fabfd09898113c191770dd4c9c96,delivered,2017-11-08 11:42:13,2017-11-09 05:31:35,2017-11-16 22:51:09,2017-11-30 17:21:33,2017-11-29 00:00:00
8f93cec866576e5ca8701b22100e7084,e38a0b2efbbdd258b46bf5aa7c0d9d01,delivered,2018-03-28 00:41:20,2018-03-28 00:55:21,2018-03-28 19:36:43,2018-03-29 21:07:16,2018-04-10 00:00:00
9e635c54c1b48e4a6c2dee84d2f4f11a,3a8786a9cc39793482bf265365139cfc,delivered,2018-02-27 18:14:18,2018-02-27 18:29:08,2018-02-28 18:12:43,2018-03-05 19:32:56,2018-03-13 00:00:00
64f475afc29a44f71955d00897cbeac5,918519afaa037c5976204ab2be641aba,delivered,2017-05-17 21:50:33,2017-05-17 22:05:17,2017-05-25 09:47:43,2017-05-29 10:58:01,2017-06-12 00:00:00
8eb1d3ed40538d746e6147a86703ca50,e779e549b4bf11350f71dd5eec806670,delivered,2017-11-05 01:28:00,2017-11-05 01:45:57,2017-11-06 23:12:58,2017-11-14 19:38:45,2017-11-30 00:00:00
4bfda23ff0ed8665aa9113bfb4130bf3,a42fce0a9fe2e8ba2f7b2b0dbaa4b626,delivered,2018-07-26 14:01:41,2018-07-26 14:40:05,2018-08-01 17:33:00,2018-08-03 19:21:44,2018-08-09 00:00:00
9b065fb66bb55fb371de21a292a25d63,fcf0cd42fd7991c2a63cb036bea62c95,delivered,2017-07-20 05:01:48,2017-07-20 05:15:06,2017-07-20 19:39:55,2017-07-26 19:33:11,2017-08-09 00:00:00
b81b7bbd880517f099a053130e75d933,95ac7eec6a3ece1a7afc792575d0482f,delivered,2018-05-27 14:04:27,2018-05-27 14:16:15,2018-05-29 16:21:00,2018-06-05 16:46:28,2018-07-11 00:00:00
ea0f64679be1b080d448187df10e8a1b,e9e123cd1d3227c217e8157b72135287,delivered,2017-07-21 12:18:12,2017-07-21 12:30:18,2017-07-25 12:33:58,2017-07-30 16:04:22,2017-08-10 00:00:00
e92bfc2b80158dd5cca5a92e08f1cba2,04782c73fe6e7a3b4a99879710f7362a,delivered,2018-04-02 18:18:22,2018-04-03 05:10:36,2018-04-04 05:44:33,2018-04-06 22:54:22,2018-04-26 00:00:00
b2f9c5f1cd2900a3d140068d35509ff5,c67de3b27c091f07a35cd57362cf225e,delivered,2017-09-27 14:59:05,2017-09-27 15:07:24,2017-09-28 18:02:59,2017-09-29 18:23:41,2017-10-17 00:00:00
d8f911c371592e1eb0dda906493c91f3,cfd081c4d5b83a60af99aaee52396013,delivered,2018-06-08 15:20:11,2018-06-12 04:57:36,2018-06-12 12:00:00,2018-06-15 15:28:54,2018-07-20 00:00:00
5bd66069fada7fd89c98b9a329d9737c,9c3547e21265b2128066d941f6b1cf17,delivered,2017-07-23 17:53:01,2017-07-23 18:05:23,2017-07-25 22:23:36,2017-08-02 19:55:51,2017-08-21 00:00:00
5abf4d5854dbe45f295e2c7dd390073f,db14bb23cc4a6f37a93a9e29660eea29,delivered,2018-02-19 19:32:14,2018-02-19 20:30:33,2018-02-26 17:28:59,2018-02-27 17:38:45,2018-03-05 00:00:00
2ac520de90670f0cb695af6630a00c4a,66bd9b38f2219cd1108930c3cc1df43b,delivered,2018-05-30 15:41:11,2018-05-30 15:55:22,2018-05-30 14:55:00,2018-06-14 17:28:41,2018-07-03 00:00:00
ceec746c7328281e1971f104cba060db,2f98684e0e9be4aba2f337d0eae650e2,delivered,2017-06-22 16:32:15,2017-06-22 16:42:49,2017-06-23 11:57:44,2017-07-06 15:12:17,2017-07-26 00:00:00
c38c0f119b3e3e8985c68a0204872116,4a7a0d968dbe3fe412df2fc1c107dd1d,delivered,2017-10-03 18:52:56,2017-10-03 19:07:14,2017-10-13 13:56:25,2017-10-18 19:15:50,2017-10-31 00:00:00
cfe0e21a3b8390e60daf26aa2ad9538c,ec68da87f13c22e1f89f2f9ce34a3164,delivered,2018-06-04 23:00:22,2018-06-04 23:10:41,2018-06-05 11:58:00,2018-06-15 15:58:46,2018-07-16 00:00:00
7c1568b712565a331d904737d825b819,9a700b48b88176d78038d24893e175c6,delivered,2017-12-13 15:25:42,2017-12-14 02:12:42,2017-12-15 14:33:19,2017-12-19 17:15:05,2018-01-08 00:00:00
4017e89aa0de21cfc97ea96afbb9e1bb,beb421e885257679e07816ac5aa8bffb,delivered,2018-04-30 23:18:42,2018-05-01 03:35:23,2018-05-03 14:15:00,2018-05-14 11:15:06,2018-05-25 00:00:00
727d6f1c0f045a1a301ea6484e83697c,d3acce793dd61c7d71e57c152af13aea,delivered,2017-07-31 16:54:34,2017-08-02 03:04:35,2017-08-02 18:16:34,2017-08-03 15:51:18,2017-08-11 00:00:00
b2a9f52374e167c4c512d27dcefe1d72,697d39c7890dec663bb0604cdc315dd4,delivered,2017-03-04 11:44:25,2017-03-04 12:03:18,2017-03-06 11:50:00,2017-03-13 09:48:54,2017-04-06 00:00:00
2fd334a4961f67b10314902c51de811b,d3cf6cc9ff5cc6cb8b1b864d847074bd,delivered,2018-01-22 15:27:09,2018-01-22 15:38:22,2018-01-24 11:32:15,2018-01-30 22:38:36,2018-02-19 00:00:00
698642d4db0df8b8c4710af6bdff1acc,3920e62a14350104e67c0b4222cb8e26,delivered,2018-07-15 23:59:54,2018-07-16 00:15:20,2018-07-17 12:38:00,2018-07-30 16:26:37,2018-08-01 00:00:00
aaddf267c922a9dd81dd0d1ba5d0459a,781d747c16dbfb9977a8b4f6fef6b652,delivered,2018-06-08 14:39:49,2018-06-09 09:52:13,2018-06-14 14:01:00,2018-06-22 23:08:38,2018-07-18 00:00:00
e145c6c37dcc3fca500f3002c65e5e6c,54c8e2af42de8737d1e0fbbef5e7416c,delivered,2018-02-17 12:14:11,2018-02-17 12:26:51,2018-02-19 20:38:30,2018-03-01 00:27:19,2018-03-19 00:00:00
951c9001e1a85a1a91441b1830726ce6,1856bcad63b2f42566260b1a4bb68841,delivered,2017-07-17 20:24:19,2017-07-17 20:43:20,2017-08-14 19:55:01,2017-08-22 20:42:12,2017-09-01 00:00:00
3290f39297b8a329b033a77a8ed856b2,ab93c4cff5dca2721ac4bfef3489d30c,delivered,2018-06-05 16:52:31,2018-06-05 17:15:13,2018-06-07 14:19:00,2018-06-13 20:44:40,2018-07-11 00:00:00
6d6c3ad8291ffb9fd855faa127500137,122255f6f72c8210560b25b3b1a7bfc6,delivered,2018-02-08 20:39:01,2018-02-08 20:50:34,2018-02-27 01:19:11,2018-03-16 16:33:02,2018-03-22 00:00:00
1158253c7825da7f3e2ac5fad75fd6f7,915c65ee734aa66f635040c38c04b7a2,delivered,2018-04-06 19:29:09,2018-04-06 19:49:06,2018-04-10 00:22:16,2018-04-19 16:42:25,2018-05-15 00:00:00
2efab00b70c96a73f5fed910d373957a,0b82ef8137cfb5f47ebcc41131c03663,canceled,2017-12-24 10:07:19,2017-12-26 21:39:19,,,2018-01-19 00:00:00
7e47c4ea5c29d23c9dee60dbd8474476,c18093a5e2d5339f3b49bf1c7c68ad77,delivered,2018-02-21 11:49:05,2018-02-21 12:10:34,2018-02-22 16:03:47,2018-03-07 21:33:47,2018-03-22 00:00:00
899cbfad4bc94409cc6bddd6b602ef39,7a6fb54bdd798c5d8087ea65ff38d5a3,delivered,2017-07-06 00:31:21,2017-07-06 00:44:04,2017-07-06 15:40:02,2017-07-21 19:29:53,2017-08-07 00:00:00
2359b971147acb269d1cdd25c07c704d,0b698fd84ad40923ed1c5ca93965ab4b,delivered,2017-04-02 18:22:23,2017-04-02 18:35:18,2017-04-11 14:12:31,2017-05-15 13:48:18,2017-05-12 00:00:00
9823d62e92fd7b2e7fb1dfe0e83c5ab3,d9e9b54e6283adbb56b08b7ff2859ce6,processing,2018-04-11 10:45:26,2018-04-13 12:34:24,,,2018-04-27 00:00:00
99d9290d68f3a7252778d4cfda7cd872,c6afa00b0ced2096920a19561088a577,delivered,2017-10-09 17:44:57,2017-10-10 21:49:37,2017-10-17 21:13:12,2017-10-20 22:10:18,2017-10-23 00:00:00
5b9714d8a4016e5add108c3ebb3c21a5,23337549917956398498fa582924a762,delivered,2017-02-08 07:50:36,2017-02-08 08:05:10,2017-02-14 14:26:31,2017-02-20 16:51:29,2017-03-09 00:00:00
042e247be09aeae88a74e35766aa03ca,23b8c6b8acf581a5d3c4bd97d55c86bc,delivered,2017-01-26 22:28:07,2017-01-28 20:32:18,2017-01-31 13:23:50,2017-02-14 13:38:40,2017-03-06 00:00:00
b38b7224daf780cbff9e261080b46068,a2418b2362af6503b38a99e2259cf8ab,delivered,2017-11-25 13:36:32,2017-11-25 13:44:31,2017-11-27 18:22:36,2017-12-04 21:12:38,2017-12-15 00:00:00
60a66add21590acd620d89fafedc04c4,bbbaa74c8397d487f8a22d52330f9275,delivered,2017-09-08 20:16:50,2017-09-08 20:25:37,2017-09-12 15:05:45,2017-09-15 18:32:51,2017-09-26 00:00:00
541a54e2a8381eb2797b40e7b1b255f0,cbb95f8f386e54a6f4f41134f77bc78a,delivered,2017-11-08 08:46:40,2017-11-08 09:06:26,2017-11-08 18:46:53,2017-11-09 21:21:51,2017-11-22 00:00:00
7ff9b10e71f943448ffa7bcb62acd1aa,7e9a5d4cbccb404e8ddce807dc3622c1,delivered,2018-03-02 20:37:46,2018-03-06 04:08:23,2018-03-13 01:48:21,2018-04-10 01:48:31,2018-03-27 00:00:00
2cf41be0101a0a0487c951ef0de7ee5e,f97f608f3198abc49df971b934cf07aa,delivered,2017-08-02 10:57:45,2017-08-02 22:30:19,2017-08-04 16:22:22,2017-08-18 17:41:20,2017-08-24 00:00:00
2bb3da876b8f7fc4c82f55250303fb64,ea87a3c76facc40864ce0887652426b2,delivered,2018-06-14 15:11:36,2018-06-14 15:38:04,2018-06-18 08:43:00,2018-06-20 22:27:23,2018-07-04 00:00:00
bfa74f7450cf978b57226b70a6a8936f,e616e1806cf7fa06607a83d2f97f3993,delivered,2017-01-27 12:51:19,2017-01-28 04:35:47,2017-01-30 17:42:10,2017-02-03 10:37:40,2017-03-06 00:00:00
a38cca6e536fd8ada7779138a6e36d43,c2bd0d10a6175420d7de0d85b089929c,delivered,2018-03-11 19:59:27,2018-03-11 20:10:29,2018-03-14 23:12:48,2018-04-03 22:47:26,2018-04-06 00:00:00
bdcdfb7b6f9c4287ac7b5d25f874047e,8f61d7acafd5ccaa235c4a6135c0180a,delivered,2017-05-28 22:21:09,2017-05-28 22:30:13,2017-06-01 13:27:48,2017-06-06 12:52:04,2017-06-23 00:00:00
9d252a6e320b8830dde812ffd93b4a90,93c6113c1d525c4bd1e12336662e1fd1,delivered,2017-09-24 10:47:39,2017-09-24 11:03:40,2017-09-25 19:21:37,2017-10-03 22:39:18,2017-10-18 00:00:00
6f458a4f9539960d4e6661e78486af6c,050847efd8d1bf6c54662d9fe2fae0c8,delivered,2018-04-17 09:59:30,2018-04-17 10:11:54,2018-04-17 22:46:21,2018-04-19 22:46:41,2018-04-30 00:00:00
097abce97e431993434adabc1aaec4e4,1f4c47d2259bd9e65d581d268b02d0a6,delivered,2017-10-08 22:13:39,2017-10-08 22:28:20,2017-10-10 19:44:54,2017-10-16 21:14:15,2017-11-01 00:00:00
4671212f0e4f559c957baffa7a97aec5,9ba47d5490ca6fbd03d9ba1ad552b215,delivered,2017-09-27 08:28:04,2017-09-28 03:05:17,2017-10-02 19:23:58,2017-10-09 21:47:52,2017-10-27 00:00:00
988e590d97e4ab6873f71ae33427afed,4e50c85578e6c9f99862341ceaf42a78,delivered,2017-07-15 21:38:16,2017-07-15 21:50:08,2017-07-18 19:41:37,2017-07-21 18:23:45,2017-08-04 00:00:00
27ccb594bc1f76fe69a6625b71321af9,11eb05d12c1bedd3740c8e4b91d84d1a,delivered,2018-05-14 21:04:36,2018-05-14 21:29:41,2018-05-15 14:03:00,2018-05-17 19:59:34,2018-05-28 00:00:00
8e0ea21ee6cfe4bbb2269955fb3967cc,2b9f1825765f0c9856589a94d45bc165,delivered,2017-07-28 16:15:36,2017-07-28 16:30:12,2017-08-01 13:10:32,2017-08-07 21:55:43,2017-08-24 00:00:00
363298a11fe308fc97c376a8a9707a2b,94ed00e154e845ce2950839d35b0e196,invoiced,2018-05-19 19:12:08,2018-05-20 19:10:36,,,2018-06-22 00:00:00
a46ca44d1b7cf49a346dbab87d2344ac,7682165fb7924ce303e686009bd6cb9d,delivered,2017-07-18 17:38:12,2017-07-18 17:50:26,2017-07-20 09:51:12,2017-08-01 18:47:53,2017-08-16 00:00:00
223f47f5cccb611b2c3058c1bbba5a4b,c03f13a216dc4a2cf98a0109ca7aed80,delivered,2018-01-13 16:07:57,2018-01-13 16:15:34,2018-01-15 19:22:19,2018-01-29 17:29:32,2018-02-15 00:00:00
1a46043f18f483b119bbeebb563aa77a,f7ff526094d4b81bbca47f972f6e6502,delivered,2017-12-16 10:36:56,2017-12-16 10:55:03,2017-12-19 19:16:48,2017-12-26 21:27:02,2018-01-15 00:00:00
c387bbffbee248ae797d4676d8967e36,13e424a5e34d53d87217feabf8c22d36,delivered,2018-01-12 15:48:25,2018-01-12 16:08:36,2018-01-18 21:52:09,2018-01-25 16:09:03,2018-02-14 00:00:00
dac3cf54f4d52017ab99420c95845083,a1d77a9088348b107655d10e8fc7f020,delivered,2017-01-30 19:43:17,2017-01-30 20:33:05,2017-01-31 09:06:02,2017-02-09 11:08:58,2017-03-21 00:00:00
bbb39449a277499952671cc64cbd7232,eec09eca4fd01d649cdc17286fb5099b,delivered,2018-04-17 11:12:39,2018-04-17 12:29:53,2018-04-17 22:46:22,2018-04-23 21:14:31,2018-05-10 00:00:00
08dd1de0a5ebe393a3beb05a4cd4894f,f3b41cd9b60e1bcdf8f3302a63d6647e,delivered,2017-05-01 19:40:06,2017-05-01 19:50:19,2017-05-02 12:59:56,2017-05-20 10:32:37,2017-05-23 00:00:00
0267556bb9e07f6184470cf755f5b5da,aae14cc68c254aa377d8a2139e3c7c72,delivered,2017-05-06 22:56:18,2017-05-06 23:10:09,2017-05-09 07:44:52,2017-05-30 12:55:32,2017-06-02 00:00:00
c51d2278e29d32e380430c62dc81608a,253789b3181e6c75a3c80bd68dbebd54,delivered,2017-07-31 04:31:58,2017-07-31 16:03:48,2017-08-03 17:27:43,2017-08-07 17:04:35,2017-08-18 00:00:00
8a30a7cb26760b8664fd07de75bba294,243e7255bbeb3f21e375bf43aacea2bd,delivered,2017-06-18 18:34:19,2017-06-18 18:45:11,2017-06-19 19:12:20,2017-06-27 15:52:19,2017-07-11 00:00:00
bf6b2de2bb164dc2a23c23c554a46a05,8e31d3df66af9239cb3cea5d0b663f4d,delivered,2018-06-05 10:23:28,2018-06-05 14:31:47,2018-06-08 11:53:00,2018-06-16 11:38:26,2018-07-11 00:00:00
df275b3b9c9f29071b451ae6d993ef00,ee3f2f412d2ddddc74a7076f4b4da780,delivered,2017-08-20 21:46:36,2017-08-20 22:05:31,2017-08-24 21:45:14,2017-09-01 20:23:37,2017-09-20 00:00:00
db2f0b731c53190c15527344d01f22f8,5e5f7e688924a066a166c00d05f12ce6,delivered,2018-02-18 16:28:43,2018-02-18 17:35:29,2018-02-20 15:47:26,2018-03-16 19:58:59,2018-03-15 00:00:00
4c1c077d67d0bdf88d4523a14781be05,eef45f8941e908eed712af490be3ac7a,delivered,2018-03-04 17:57:09,2018-03-05 18:31:48,2018-03-08 22:10:49,2018-03-13 20:42:41,2018-03-26 00:00:00
f5f810c2e855e43855a29906c1cfcfde,fc067032141f0ab1eebb2097755ed067,delivered,2018-06-03 23:24:03,2018-06-03 23:35:10,2018-06-06 05:43:00,2018-06-13 21:07:37,2018-07-16 00:00:00
1f1f6cb06f69d4d020c56d12c8943240,cd846b862c51bbaf9ef41facd522906a,delivered,2017-12-18 12:25:40,2017-12-18 14:11:22,2017-12-20 21:27:12,2017-12-26 18:58:47,2018-01-05 00:00:00
37a7476e58da10721b5e55ba4be6807d,8caeb53ff1ed9da844ec4e1f6bab7dd8,delivered,2017-12-06 20:22:29,2017-12-06 20:33:01,2017-12-11 17:30:14,2017-12-12 22:14:31,2017-12-22 00:00:00
16ad7f24fbb116513e75c705b17e3227,d330b8e10abeb519d7711441f327c95f,delivered,2018-04-05 20:32:06,2018-04-06 23:48:56,2018-04-09 22:51:00,2018-04-17 14:48:44,2018-04-26 00:00:00
2780bd2c2ec051df9919aa3841b9d049,672e77494e53c15e0ff6f6469c9b1c4a,delivered,2018-05-10 21:07:18,2018-05-10 21:37:08,2018-05-14 14:44:00,2018-05-17 14:12:44,2018-05-28 00:00:00
26499163fd30a5493b2e498337e9e2a7,d42fc1b5243a68aa0735371148f2cde8,delivered,2017-07-06 12:43:38,2017-07-08 03:25:27,2017-07-10 19:52:20,2017-07-18 20:23:19,2017-08-01 00:00:00
385de16f1457125fdef85002bdc4f7d4,99499442bbce6e9b3d7e62603a05b591,delivered,2018-08-16 16:45:08,2018-08-16 16:55:29,2018-08-16 15:17:00,2018-08-20 20:42:42,2018-08-23 00:00:00
11213bccfe63e0bbbd624aaed30f199d,a76399fd355e46b6b04d71fa2e63eb4d,delivered,2017-08-05 23:11:10,2017-08-08 04:15:38,2017-08-10 13:08:11,2017-08-25 20:47:33,2017-08-29 00:00:00
9c23de67d0d6beb91f77b0c1bcc17d90,872deb900d7e77d23ab72edf164c9be9,delivered,2017-09-23 15:12:06,2017-09-23 15:25:35,2017-09-26 12:17:46,2017-09-29 17:32:13,2017-10-17 00:00:00
6d80b0865b3140d16b2ddca281931566,1bcb8bb3f3503ef8b155d64e2e9ded0c,delivered,2017-04-08 05:57:27,2017-04-09 06:02:14,2017-04-11 06:28:00,2017-04-20 13:27:23,2017-05-22 00:00:00
8febb29840d98fdfb4f00b2b26e4000c,7f570d720bbdcb41c7d97a5562a4ea98,delivered,2017-11-26 22:38:55,2017-11-28 22:37:34,2017-11-29 16:55:52,2017-12-01 18:18:43,2017-12-11 00:00:00
08e4b9181951f803229ff26c157f5045,73b2b2fcb77f2cb1eef9f1f9789da60f,delivered,2017-03-07 14:10:57,2017-03-07 14:22:52,2017-03-08 09:40:29,2017-03-14 14:39:10,2017-04-10 00:00:00
390b0aaeb630b5a26d4a9bb2ece1dcd6,9268b8eddeb5b243d368fb57cfe7cab0,delivered,2017-11-25 02:08:25,2017-11-25 04:14:42,2017-11-27 20:29:49,2017-12-30 14:56:57,2017-12-21 00:00:00
efa7253c2d9b573cc24cc19a03162399,bb350bf40145b52d47ee7ebd4fa2e485,delivered,2018-01-17 18:05:22,2018-01-17 18:17:39,2018-01-18 22:43:57,2018-02-05 13:53:06,2018-02-21 00:00:00
aeb4e12821bfe97432c32dae7797a35f,fca7239be09224569cbef96a97b20903,delivered,2017-10-25 23:08:24,2017-10-25 23:25:25,2017-10-26 17:32:21,2017-11-03 19:08:51,2017-11-17 00:00:00
a2bd1f83214e09083ffd7b7320fc0948,c9fd6700a8b99995b60095c7135aeaed,delivered,2017-10-22 18:46:03,2017-10-22 18:56:24,2017-10-23 19:43:38,2017-10-26 19:26:54,2017-11-09 00:00:00
9d6f2f3cd249678b19ac473c2e38bee9,69f039960e3b36c2658862b8c030a727,delivered,2018-06-10 22:12:14,2018-06-10 22:31:33,2018-06-11 13:34:00,2018-06-19 20:26:18,2018-07-11 00:00:00
15b556128c60e476389b2957ed666cbe,8fcc84cf7888e90fd1598d2e87e2bae4,delivered,2018-06-14 17:08:06,2018-06-14 17:39:50,2018-06-15 12:19:00,2018-06-26 20:51:34,2018-07-12 00:00:00
9710f86f12fdfe5106f012d72a398288,d98edf3a73e942ed1ece36e5228783f5,delivered,2017-09-18 21:51:46,2017-09-18 22:10:26,2017-09-19 21:52:28,2017-09-27 18:22:07,2017-10-04 00:00:00
d94c726dff2fd4e74f45a4fb3e3d07a6,8f372945116f5b1a57e1b67f114d9e33,delivered,2017-12-05 13:35:34,2017-12-05 13:53:44,2017-12-07 16:13:42,2017-12-18 12:54:37,2017-12-28 00:00:00
7ec78885f0818489a2b5afdff64a81b7,a02baedf480b9068ce23496ce5a125be,delivered,2018-07-08 09:00:39,2018-07-08 09:10:17,2018-07-10 07:12:00,2018-07-13 15:42:30,2018-07-31 00:00:00
a3efa89d25b51667d526208e03ec60a8,b8188154ae93a9fa6eec16b491dfcd03,delivered,2017-12-13 21:12:13,2017-12-13 21:29:03,2017-12-14 18:04:56,2017-12-18 20:48:51,2018-01-02 00:00:00
18d28a9e760a03f78cd4801507a48398,52f441eb6db6a415704a7130643d0b31,delivered,2017-12-02 14:56:32,2017-12-02 15:10:38,2017-12-05 00:39:34,2017-12-22 19:26:57,2017-12-28 00:00:00
2f98f40416fdda614b3c3b4539ec23cc,d6ef3328eedc908b44e74cc119e4af95,delivered,2018-08-16 13:35:44,2018-08-16 13:45:11,2018-08-17 12:44:00,2018-08-20 19:16:51,2018-08-22 00:00:00
37362a3c12684efebab6305210e3bc06,fd50dd2288c3b379ab9ccb8dd2e421a4,delivered,2018-04-01 13:13:46,2018-04-01 13:30:31,2018-04-03 22:16:53,2018-04-13 17:25:01,2018-04-19 00:00:00
b756c448e0699de0783e5e0164f553ba,afad69b01f122007ea994c0893f2eedb,delivered,2018-08-08 15:20:11,2018-08-08 15:35:18,2018-08-09 14:47:00,2018-08-16 16:43:27,2018-08-24 00:00:00
6ae0fed7d9950cae705f13ef261f3d1e,83897467c7d8815dab64c0aac7b3a47a,delivered,2017-09-12 19:17:38,2017-09-12 19:30:31,2017-09-13 20:06:47,2017-09-17 14:06:42,2017-09-29 00:00:00
4a6d74776f450ae638cd987636c78491,dd65816219cf87a2d9a157a7c6055ea3,delivered,2018-04-30 23:04:47,2018-05-01 03:35:18,2018-05-02 12:57:00,2018-05-24 13:18:25,2018-05-25 00:00:00
58373cef6a0a70e65f59d65a757fb2a7,735cdc6f61c25a60d0c9436b6205eda4,delivered,2017-09-14 10:47:07,2017-09-14 11:04:29,2017-09-14 17:07:02,2017-09-18 22:23:43,2017-10-05 00:00:00
4888eb67727162d62e275521e8d6bf41,651f7c182ec669f3030da7fbdf316826,delivered,2018-06-08 00:30:31,2018-06-08 00:56:36,2018-06-08 08:33:00,2018-06-20 20:48:47,2018-07-16 00:00:00
e54709b9ea953fc92e1964e0772eecae,fd1f2f48696fa43cba7b13be48179210,delivered,2018-04-19 12:59:22,2018-04-19 13:10:56,2018-04-23 18:44:39,2018-04-30 16:12:42,2018-05-21 00:00:00
01015fb6493ea5b9ba105c80b5452da1,32f56b65a879ae7a310257eb5bf070aa,delivered,2018-01-09 21:01:41,2018-01-10 10:32:56,2018-01-12 20:43:43,2018-02-06 18:37:59,2018-01-30 00:00:00
a1271d56297bed4beb42e16d758bf7e4,0ac6284a32c5a5d0a62d9dd33d96a98e,delivered,2018-05-10 10:18:34,2018-05-10 10:32:57,2018-05-10 15:27:00,2018-05-17 00:04:11,2018-06-01 00:00:00
bbe6905304b4ffcdd776c85a16a71976,347502050ad2af3db43a5e9f3867c471,delivered,2017-06-03 20:28:04,2017-06-03 20:35:28,2017-06-05 16:18:13,2017-06-07 08:46:34,2017-06-19 00:00:00
93eba6dd823462cbd0f6cdd46095ee36,e77e013edbafcd4bbb08d482ede7ca16,delivered,2017-09-24 10:55:15,2017-09-24 11:10:11,2017-09-27 20:08:14,2017-10-03 20:16:18,2017-10-19 00:00:00
ef8cf6d88de00f6cd773dbe8e7a23c16,4880a63b137dd651b8693f789b45f7ea,delivered,2017-08-20 16:16:51,2017-08-21 16:26:40,2017-08-22 19:05:05,2017-08-29 19:41:43,2017-09-04 00:00:00
316689f43f1ba849c8cb83df6f355632,6cd0023a7262f2b816862e3107508624,delivered,2018-02-05 10:44:15,2018-02-05 10:55:24,2018-02-06 18:18:07,2018-02-14 20:35:49,2018-03-07 00:00:00
8d41e13abb5f09190f8323201b806210,d6c8961c564c5fd099de1fd41041e25e,delivered,2017-10-10 08:27:25,2017-10-10 08:49:15,2017-10-10 20:06:55,2017-10-23 20:25:44,2017-11-09 00:00:00
b715cb1b8af49b3ceed29f8d3562d0a8,c560db9198ea7638dd9149ab789da21b,delivered,2018-06-07 16:29:17,2018-06-07 17:00:01,2018-06-13 16:21:00,2018-06-20 17:42:43,2018-07-11 00:00:00
aab0a15c4d4fd11c8b5c5827d567f202,d2cc2064cc10dfe0fb9d2fc6ad12884d,delivered,2017-04-08 15:30:54,2017-04-08 15:42:18,2017-04-27 09:35:36,2017-05-13 09:37:37,2017-05-16 00:00:00
c812c0f1cdbb156865e2d5e0ee09ee5f,3c5de2876ef848c693b452c96cab5d13,delivered,2017-03-06 14:33:25,2017-03-07 03:55:27,2017-03-08 13:21:02,2017-03-13 08:03:33,2017-03-30 00:00:00
cc12de2df2defa0f3352ae0d4bd2ffa2,cd58586e6dd41554e05228197a532da6,shipped,2018-05-13 11:11:05,2018-05-13 11:33:03,2018-05-14 13:53:00,,2018-06-05 00:00:00
1436cb05507a787c1dc757c1fa2f275f,b0213548b35c4f02bc3770b0fb4469e3,delivered,2017-09-18 11:11:32,2017-09-19 11:33:58,2017-09-19 17:03:42,2017-10-13 21:52:52,2017-10-05 00:00:00
9fc6faedaf0973bdddea7d2672e71923,0f28bdd9cc5e7809ee80dbf2f426b221,delivered,2018-07-18 08:54:40,2018-07-18 09:05:16,2018-07-18 14:08:00,2018-07-25 15:49:53,2018-08-03 00:00:00
eafa53108733896f6f18e2f8daca6f37,7300450cedf7e4c35c243c4a03c1e8a6,delivered,2018-07-30 22:31:37,2018-07-30 23:31:33,2018-08-06 09:52:00,2018-08-13 23:58:41,2018-08-17 00:00:00
f947483d17043c99e4de12dacdbd763a,7fccb06249b648a3e172a38c4833f81e,delivered,2017-12-29 09:04:58,2017-12-29 09:11:26,2018-01-03 21:44:04,2018-03-05 11:59:01,2018-02-02 00:00:00
bbfd7ab56f4f985f9224215c00808d04,6c43722b6d2eb07bc665b32dd753567c,delivered,2017-04-13 12:42:25,2017-04-13 13:05:41,2017-04-13 16:35:33,2017-04-20 14:45:06,2017-05-09 00:00:00
fea37071a9fe1444fc1ed7f316b68478,260d3578e7364bc239a08277dfec894e,delivered,2018-07-04 00:19:09,2018-07-05 16:09:17,2018-07-05 11:08:00,2018-07-06 14:54:46,2018-07-17 00:00:00
97439bb2f0cd4c9f36612b0ed0288417,09a1bfe230250d668671a2415e97c4e0,delivered,2017-10-18 00:12:14,2017-10-19 00:14:18,2017-10-19 17:46:51,2017-11-15 16:33:28,2017-11-17 00:00:00
18c3417287d1c86d7176f72fe1110be3,698e74c33fe7c958024f07a31dbd2f77,delivered,2017-07-10 14:28:22,2017-07-10 14:43:20,2017-07-11 17:41:25,2017-07-20 19:54:56,2017-07-28 00:00:00
1614605e8fe6174a4352c23452985f64,ff1ef36bb2d8abe17fcecd0ae6476e77,delivered,2017-07-03 16:32:59,2017-07-03 16:45:13,2017-07-06 16:33:15,2017-07-11 19:13:59,2017-07-27 00:00:00
ddeb944cad8c597ee45d421a640f164e,f0cdb2ae79a6b5b952ea78764ab49cea,processing,2018-01-15 06:16:49,2018-01-16 03:39:56,,,2018-02-14 00:00:00
bc4ab4df5ac77edfd72c1832a24e72d8,9dd350c699a69dec25cfd851cca9c7b3,delivered,2017-03-23 20:23:25,2017-03-25 02:15:57,2017-03-27 12:56:19,2017-04-13 13:27:59,2017-04-25 00:00:00
89d32b64af005178b318f76cd60f2c3c,41932cfbabbfcfd18e1369ad72baff9c,delivered,2018-07-06 11:54:40,2018-07-06 12:11:05,2018-07-06 09:48:00,2018-07-10 11:44:45,2018-07-27 00:00:00
8053c8b6bcfa27de650bb879815c3835,e28f61f60696c03754e0ab705ed04182,delivered,2017-09-05 23:38:29,2017-09-07 02:45:30,2017-09-14 17:39:04,2017-09-21 19:07:58,2017-10-05 00:00:00
4babf11400453218f9ec503eb43d60cb,648bd227d87fc8dd1af8c45230a340c3,delivered,2017-03-13 18:49:14,2017-03-13 18:49:14,2017-03-14 09:58:27,2017-03-21 11:52:02,2017-04-04 00:00:00
63ad2e2fd8c7abbfd3d27807b6577f1b,4dffcf2b3f0118d881c49b8b991aa0c8,delivered,2018-04-05 12:54:41,2018-04-05 13:08:51,2018-04-07 01:32:27,2018-04-13 17:57:28,2018-04-27 00:00:00
20e8787aafedddc04670cbfd2c24953e,e495b3dcc07c9d608448027135eff86a,delivered,2017-07-14 23:23:08,2017-07-14 23:35:16,2017-07-17 20:16:40,2017-07-21 16:56:43,2017-08-09 00:00:00
e4c9031df14928b20f99e53c11d6e1d4,785f8391b5df3c6711b981cbfc1a0526,delivered,2018-07-11 09:02:55,2018-07-11 09:15:20,2018-07-11 15:05:00,2018-07-12 20:32:20,2018-07-19 00:00:00
1cf0b7c4073a483d2badd4824a894b77,7018f4094bcdce37a283dfe2945aca8a,delivered,2018-08-13 19:43:15,2018-08-13 19:55:17,2018-08-14 10:11:00,2018-08-21 23:41:47,2018-08-28 00:00:00
f71548efb94082ec81596149dba6bc12,757d837c8c560c6d2e4277a1cee15f4c,delivered,2017-10-10 09:16:34,2017-10-10 09:28:47,2017-10-10 18:32:32,2017-10-17 22:16:30,2017-11-03 00:00:00
c1b770015e27aaf2b475026989d04fe0,86c0159e4a9735e1a0ab95bf4c7958f1,delivered,2017-12-11 11:40:32,2017-12-12 03:56:25,2017-12-18 21:52:53,2017-12-19 12:34:57,2017-12-28 00:00:00
08b04eb82fbd41d6a4a779d822d57a08,cf708bad4ed7ea3afd2d58d189fe2c6b,delivered,2017-03-13 14:20:10,2017-03-13 14:20:10,2017-03-13 15:12:10,2017-03-23 12:52:57,2017-04-03 00:00:00
7b516384a257b86ecff5692da89c20e0,989d52c42804f345e0730c7cc60bc93a,delivered,2018-07-17 14:01:34,2018-07-17 14:15:10,2018-07-18 14:24:00,2018-07-25 16:28:34,2018-07-31 00:00:00
1c735d7c3e1d3e7f05d904b3f15757bd,95f1c19c007a9e92d436534c97f17b43,delivered,2018-03-16 17:11:44,2018-03-16 17:28:57,2018-03-20 14:38:58,2018-04-03 01:24:54,2018-04-04 00:00:00
f926a7ccfbe7af773ea940b92a67f2fb,06090287a89123f034e1d47b115ed0be,delivered,2017-08-14 22:54:24,2017-08-15 09:15:23,2017-08-15 18:33:49,2017-08-17 20:05:39,2017-08-25 00:00:00
223f078a123f6e7b1374cc086dabfa69,e584f02d9cfc953ca2236a5fcebc2fb1,delivered,2018-04-30 18:55:04,2018-05-01 02:36:17,2018-05-03 15:01:00,2018-05-09 13:58:34,2018-05-28 00:00:00
f2fecc6e386231f071a5ec6438b7ede4,38ab12976fda60f9c224adfe69523ca8,delivered,2017-10-17 22:02:00,2017-10-17 22:14:29,2017-10-18 10:58:44,2017-10-24 20:46:32,2017-11-07 00:00:00
4d1469bf66cf37bc18f5ec280e25cac5,e3e6b14fba3ff05feff10bc128c63d24,delivered,2018-06-24 01:16:08,2018-06-24 02:08:06,2018-06-25 13:13:00,2018-06-26 12:08:54,2018-07-05 00:00:00
59ffc24bc635a0a0f190bf021df20508,e05edff63cfb055873bb81627f6419af,delivered,2017-11-02 21:39:35,2017-11-02 21:50:58,2017-11-06 20:36:21,2017-11-14 12:32:28,2017-12-04 00:00:00
80c8d87f9b745f9d1a5480d9c936c4a6,f70b5ebf467ae65a93a94b9e028dff02,delivered,2018-06-20 15:41:20,2018-06-20 16:02:01,2018-06-21 14:52:00,2018-07-03 18:57:53,2018-07-26 00:00:00
0559598ddb2398bb4c202d6efd54f04e,496336231bd05e1117aacb8263e47608,delivered,2018-07-13 21:43:39,2018-07-17 04:32:18,2018-07-23 17:10:00,2018-07-24 22:14:38,2018-07-26 00:00:00
941b2fd26e5b95866e364344706f66c0,990e231928ac749b44d8826008cb048b,delivered,2017-08-23 10:36:41,2017-08-24 03:06:24,2017-08-29 19:22:49,2017-09-14 22:17:00,2017-10-04 00:00:00
f01446f8957b17a489cea2b2b77c1e97,571a9b575c4f7da10ac263410da3eb54,delivered,2018-07-11 09:41:14,2018-07-11 09:50:24,2018-07-18 14:10:00,2018-07-24 01:13:57,2018-08-01 00:00:00
56b5b289cf267ee095bfd1f77406e924,9e7dab1406984c841b099a8a9e58fbcf,delivered,2018-05-31 14:35:52,2018-05-31 14:54:45,2018-06-05 12:31:00,2018-06-08 21:07:45,2018-07-05 00:00:00
61b66cce18bec7e3ee5ada29bd17c9f8,c7f80405f2b5affb06a3d1024becc070,delivered,2017-05-28 22:58:12,2017-05-28 23:10:15,2017-05-30 10:36:21,2017-06-02 17:25:54,2017-06-26 00:00:00
457afd8c764234eb93f7a25268578440,37750266450eef3226b92346f056b786,canceled,2017-08-14 22:13:14,2017-08-16 03:25:03,,,2017-09-20 00:00:00
fc80ec53e727cdf78992749b30d5af3a,50f685a3459979901d080e6d5efa0bc4,delivered,2018-01-31 16:50:37,2018-01-31 17:13:43,2018-02-01 20:49:27,2018-02-15 19:04:16,2018-03-07 00:00:00
477d8df8acc3c2b3f1fbb4e41c4f7f32,17605eaa42786601c59faea89bce41ce,delivered,2018-06-28 12:49:38,2018-06-29 12:49:48,2018-06-29 14:42:00,2018-07-05 19:28:38,2018-07-27 00:00:00
16266dcc0650cb074864170843ad9238,6177cc6aeaedc1dda65903dc80adbdd2,delivered,2018-07-08 22:48:12,2018-07-08 23:05:25,2018-07-09 14:17:00,2018-07-12 13:31:06,2018-07-26 00:00:00
27f2c6d84c40154475f997b5d6884f0c,f9e1d3693e689c53900412074666e86e,delivered,2017-07-27 16:45:36,2017-07-27 17:03:42,2017-07-28 22:57:35,2017-08-03 19:17:27,2017-08-18 00:00:00
73577ce3b6a2774c1b4dd602ace4e025,5ba6dd4a38073be5904f836367f74b20,delivered,2017-06-19 12:22:17,2017-06-21 02:23:28,2017-06-21 18:19:35,2017-07-12 21:32:55,2017-07-21 00:00:00
9aff2e622002df9b94eb9255485fec96,69d14927f98708eef99ec0b5d3e2a37a,delivered,2018-01-08 19:35:28,2018-01-08 19:48:27,2018-01-09 22:07:46,2018-01-13 15:03:27,2018-01-31 00:00:00
4b6661abf2da1932d74ee64f19a5ca41,147f29ede8714f69f9c35d43b6eb4bad,delivered,2017-07-29 17:17:45,2017-07-29 17:35:08,2017-07-31 18:39:55,2017-08-03 17:07:50,2017-08-22 00:00:00
c9fff6f42450201f1c5b500726598c70,07d39c9c43a03208a3329192bfa03a01,invoiced,2017-09-21 13:12:56,2017-09-23 02:25:07,,,2017-10-20 00:00:00
0c81fc19191e17701fb34579f8eb7840,11ab6d2231a0af5746b44a810b62b0a1,delivered,2017-07-26 14:43:56,2017-07-27 10:15:12,2017-07-27 21:45:40,2017-08-03 20:31:58,2017-08-21 00:00:00
10d8b5de0aebb551e31944a4f81e9f25,c5a403a9068e20d5721cbe18394aa496,delivered,2018-05-14 07:27:19,2018-05-14 07:52:17,2018-05-14 14:42:00,2018-05-22 14:04:01,2018-06-18 00:00:00
98b32fa8a6061086a412ad8606ab2b09,9d38887c88b90b20a6e45a93c433750b,delivered,2017-06-02 09:41:21,2017-06-02 09:55:17,2017-06-02 10:56:00,2017-06-12 12:59:50,2017-06-27 00:00:00
df87f618719ef397d4681011b2e2e934,3df3f882397d3a98d74537af750d175d,delivered,2018-04-19 18:02:15,2018-04-24 18:14:27,2018-04-23 18:42:12,2018-05-01 00:12:47,2018-05-22 00:00:00
ac95b87f13bbd7609c75bfcc17cf3ae7,c1cc319cd4cc87a520c08d8e403bed0b,delivered,2018-07-20 14:50:31,2018-07-20 15:04:22,2018-07-20 17:13:00,2018-07-27 17:04:21,2018-08-01 00:00:00
81aec891278f19ec437121ceafcade4f,9ac9a9ab3252a8734a70641f112289d3,delivered,2018-04-10 19:08:52,2018-04-10 19:30:48,2018-04-11 19:15:32,2018-04-13 19:31:58,2018-04-26 00:00:00
86fafaeca020f3aecf950cc1fe6c68da,2f6b491c9ea4889a9c00ba8cbb612bdd,delivered,2017-08-15 21:32:42,2017-08-15 22:15:17,2017-08-17 16:25:12,2017-08-24 18:17:31,2017-10-16 00:00:00
763baf4e9136a2dcdee675d0e678a8a1,a8d3181bc61bbb2d572a0d4d87210363,delivered,2017-08-15 09:25:07,2017-08-15 09:35:21,2017-08-15 20:58:43,2017-08-22 17:37:04,2017-09-04 00:00:00
a641046de06615446028b4d7e35c6940,e9af954eb418b346e2b856a952ff34e1,delivered,2018-03-26 13:44:13,2018-03-28 02:48:04,2018-03-29 19:24:49,2018-04-10 21:04:49,2018-04-20 00:00:00
876ccdbffe8b9e0d081dd74f449ba339,aa3b4b13310e63dc7918471ddf6a7e0f,delivered,2017-07-04 12:37:59,2017-07-05 02:43:44,2017-07-05 17:17:41,2017-07-11 19:49:34,2017-07-28 00:00:00
5bc3203b0e60b48478c1a0d406d8e764,fe98b3e2be9373d693b14d788257fca7,delivered,2018-04-23 20:30:52,2018-04-24 17:53:00,2018-04-25 14:59:00,2018-05-03 19:52:55,2018-05-15 00:00:00
f963c329c770720f168067c84761f221,4f5751a959b692ffce1b61ec839cd70a,delivered,2018-08-01 23:50:00,2018-08-02 00:05:11,2018-08-03 16:23:00,2018-08-06 15:34:40,2018-08-08 00:00:00
0777357b31babc84dc93894f0a58b942,a3e919f4567ef43cc1a6b171c5900f42,delivered,2018-02-09 10:35:28,2018-02-09 10:49:12,2018-02-09 19:45:58,2018-02-20 19:15:34,2018-03-05 00:00:00
91dffa2edbd51a725ad5a704d4635b1f,2e92630672e4fcc444d521543f719afd,delivered,2018-06-27 19:37:59,2018-06-29 02:53:13,2018-06-29 14:28:00,2018-07-04 17:48:46,2018-07-23 00:00:00
da633678d6fbb684914e7ed5fe73c290,767cbcbb777197d1d5a3b19c3eed2d2d,delivered,2018-02-04 00:03:08,2018-02-04 00:15:40,2018-02-05 22:44:51,2018-02-09 23:48:58,2018-03-01 00:00:00
43dc7ea19a987e4cdafa291aebe38eab,46481c2b34e457e6c93dfb7954697189,delivered,2017-03-16 09:53:06,2017-03-16 09:53:06,2017-03-17 11:03:35,2017-03-24 13:44:57,2017-04-04 00:00:00
1a695d543b7302aa9446c8d5fbd632bf,b882cbae40f34e60a3ec3efefabda4ea,delivered,2017-12-16 10:32:49,2017-12-16 10:55:00,2017-12-19 23:17:45,2017-12-28 22:18:23,2018-03-22 00:00:00
f6b737b2892803a060990f8483c2f014,0386dfdebdb359b0612a0563487cbb7f,delivered,2018-02-22 14:30:27,2018-02-23 02:31:40,2018-03-02 00:42:27,2018-03-08 20:47:21,2018-03-14 00:00:00
ee11405a850edd187af2fb6e1771bcdb,7b1ee2639b161a86290418176e607153,unavailable,2017-03-01 16:20:27,2017-03-01 18:15:15,,,2017-04-06 00:00:00
8fcc357da7ca48e86ae2423b5e95bffe,32b9cece2f8b3b967e0c469559e29e67,delivered,2017-06-05 16:54:47,2017-06-05 17:05:16,2017-06-26 15:17:38,2017-06-29 16:37:52,2017-06-19 00:00:00
5d2ff43aa9d044bfeee7a47f21b05f8e,d4e97f030d21e570183fcf7997ed9efb,delivered,2018-06-10 00:00:40,2018-06-10 00:21:47,2018-06-12 11:33:00,2018-06-13 16:58:38,2018-06-25 00:00:00
19e4266dc016719bc96212fff65532d2,d1fc9fe690ac0f423da5b742d3d45620,delivered,2017-06-06 19:44:14,2017-06-06 19:55:12,2017-06-09 12:59:54,2017-06-16 17:13:30,2017-06-27 00:00:00
5e73c84a4d8bfcb7f5f1aca946e843c7,d57d4907c0bffedc7eaa6a8bad9d3249,delivered,2017-07-05 12:24:06,2017-07-06 06:43:48,2017-07-13 21:12:36,2017-07-29 16:22:27,2017-08-10 00:00:00
95f5825a4d547b92c4f1824df000084c,548f6f80c5fc00a45fde0a80b87b7955,delivered,2018-01-28 13:03:25,2018-01-29 12:55:54,2018-02-17 00:18:51,2018-02-23 23:12:00,2018-02-14 00:00:00
63d8235747e25f4b65895e91ff64d778,001b4e9b73aa98a6276b241bfd496822,delivered,2018-04-07 02:12:51,2018-04-07 02:27:24,2018-04-09 20:12:48,2018-04-20 21:04:28,2018-04-30 00:00:00
f8e1c556dbd76c6784f4283973f0095f,a390fe558b139ce011632daae403ef40,delivered,2018-02-19 22:46:38,2018-02-19 23:47:35,2018-02-21 00:39:14,2018-03-27 11:06:06,2018-03-14 00:00:00
46f6a036274a2f5b1dcb63556d620923,6d3d4f206d1dfff9564a2dd20bc0d787,delivered,2018-01-09 00:33:37,2018-01-09 01:33:26,2018-01-09 21:38:18,2018-01-13 02:18:50,2018-02-06 00:00:00
200e0548bbc2cbdcafa92e6c5ab73fb6,21866995bb1dd2c15eea9269bfa0a8dd,delivered,2017-08-02 10:20:00,2017-08-02 22:23:33,2017-08-16 19:10:15,2017-08-24 14:57:35,2017-09-11 00:00:00
1204cdb049baac2f6aad4233ce740cd8,a576e881eeb38ab307e132587fe563c7,delivered,2017-10-15 21:39:53,2017-10-15 21:56:17,2017-10-17 23:17:18,2017-10-18 19:34:35,2017-10-26 00:00:00
a0b07a92ce295982730306c83af1da2a,b5e633e94cee7ad1b81f39f88a4ee6e1,delivered,2018-05-28 14:45:03,2018-05-28 15:15:41,2018-05-29 13:51:00,2018-06-11 16:37:47,2018-07-12 00:00:00
ce1102192008032289474c932a4c241a,741fe7c77752d287f9654ebf6564000a,delivered,2018-06-20 22:11:57,2018-06-22 02:58:53,2018-07-03 14:20:00,2018-07-04 19:18:44,2018-07-12 00:00:00
34c2654b609f57f294795b5131b7c7d9,8f1154600445b412fcea3fb8cc527b5e,delivered,2017-09-01 16:13:42,2017-09-05 04:45:46,2017-09-11 20:37:32,2017-09-12 17:25:12,2017-09-14 00:00:00
385949d678cba16e50726d65f1743d7c,63e66520bb65f8fdf7a7fa9f5e1a335c,delivered,2017-05-21 13:26:10,2017-05-22 13:35:09,2017-05-23 14:40:58,2017-05-29 14:21:43,2017-06-28 00:00:00
5c9ef82c5db4b1a72d24609ec6779955,f6617e6db7ba5a1f45819029705176b6,delivered,2017-12-19 21:06:42,2017-12-19 22:10:46,2017-12-21 17:37:13,2017-12-30 11:32:55,2018-01-17 00:00:00
a151248b1f51c21684d1a9a65a2c04b2,e37a08d28805582b1081a49c041a97e9,delivered,2017-06-17 11:14:32,2017-06-17 11:25:19,2017-06-19 12:18:57,2017-06-23 10:53:29,2017-07-20 00:00:00
79b690847d556fdcccfe7dfdd9d77dd4,8417fd15df3d45a797fb476587eda385,shipped,2018-04-06 19:15:26,2018-04-06 19:28:46,2018-04-10 20:14:33,,2018-05-10 00:00:00
737d1628b4fc7ee47b3380c9f1f41991,604c21ef70f5df8a002db0fd1cb1ab6b,delivered,2018-08-09 14:18:19,2018-08-09 15:15:29,2018-08-14 16:33:00,2018-08-21 23:58:29,2018-08-20 00:00:00
1c08a89405de0c81093b9eff6caf3dbf,5e0871625e4eb77e78357ca04985e135,delivered,2018-05-26 20:09:53,2018-05-26 20:29:50,2018-05-30 08:30:00,2018-06-05 00:07:30,2018-06-20 00:00:00
da21a2894f0f303a180cfff4becfd050,fd2bc7895fa1c769be64f398f45c8dcf,delivered,2018-02-11 19:37:06,2018-02-11 19:50:26,2018-02-15 23:13:13,2018-02-20 00:08:35,2018-03-07 00:00:00
92db190a97a2ab00dc878d38080537bf,493995f180abe3880781d71ee5788885,delivered,2018-03-05 10:43:16,2018-03-05 10:55:35,2018-03-07 20:52:04,2018-03-19 13:32:37,2018-03-21 00:00:00
cf3b1dd0779afd4864077711786dbe2b,3918845c74432dcada4d2f437df6db3c,delivered,2018-03-16 15:22:36,2018-03-20 03:48:52,2018-03-23 23:33:04,2018-04-02 21:34:24,2018-04-04 00:00:00
481108b01977381d1a999e86ca953938,e0ffc77d2547b25531918a0ef0d4900e,delivered,2018-02-19 20:32:41,2018-02-19 21:35:28,2018-02-20 19:13:25,2018-03-17 14:02:11,2018-03-16 00:00:00
96402b1c3c1c2d9a3dc09966eedbd0fc,ac379a43707819363d962c1a1cac810b,delivered,2017-06-02 19:56:30,2017-06-03 20:03:07,2017-06-09 12:19:46,2017-06-12 12:34:33,2017-06-16 00:00:00
0c23622888d617e198e3098806d986a3,77f4513aa9a32affef441dbe2f123e15,delivered,2017-02-25 14:12:57,2017-02-25 14:25:10,2017-03-02 11:02:52,2017-03-15 13:09:44,2017-04-05 00:00:00
de1c6db658e84e0ba847b2c1bc857bb5,74a78c83e4b1d9c3e6ab6e59de7437a7,delivered,2018-03-29 17:59:54,2018-03-29 18:10:22,2018-04-03 19:12:01,2018-04-16 19:22:39,2018-04-24 00:00:00
46658d903ac296a4187c4869bd2a3939,1402b31a46b7bb594499ae2d188b2913,delivered,2018-08-17 12:06:50,2018-08-17 12:15:17,2018-08-21 15:09:00,2018-08-24 11:59:37,2018-09-11 00:00:00
7ffeebb0c29e0949512e4346b8b6e172,02179f1b13ecf4531f0e73e24e0211ad,delivered,2018-03-21 10:17:43,2018-03-21 10:30:22,2018-03-22 21:20:49,2018-03-27 19:58:45,2018-04-09 00:00:00
9574d5677b89094eaa4e246e506737c7,cec98100d629346c9a1227b8c7b95730,delivered,2017-12-22 11:33:37,2017-12-22 11:52:19,2017-12-22 21:08:51,2018-01-03 11:32:40,2018-01-18 00:00:00
5d7d650b7b91849a41cfc2389d1b4e03,df461a5f8ea74267575c6b0ef94d14b3,delivered,2018-03-23 18:28:16,2018-03-23 18:35:35,2018-03-28 12:40:56,2018-04-05 19:36:37,2018-04-16 00:00:00
9abfc84ef4c9b890984bba7039a634b3,1106c98e3e238c15a37f86586c61effa,delivered,2018-04-05 20:37:14,2018-04-06 03:10:33,2018-04-07 01:32:05,2018-04-16 16:17:53,2018-04-30 00:00:00
d2dd28b2a74faaeb77da8d3e53a9bd75,5fb09de922cb071effc0c1c12ab94f78,delivered,2017-03-10 11:26:08,2017-03-10 11:26:08,2017-03-13 14:57:12,2017-03-16 09:25:53,2017-03-31 00:00:00
db57aa40a4bd36993047eb80281d0df3,32ddbb258315f2a582ed71802e1f6c75,delivered,2017-10-06 00:36:50,2017-10-06 00:56:28,2017-10-06 15:41:32,2017-10-11 18:12:38,2017-10-30 00:00:00
ceb533871105f7cda81fafc19e1ee38e,f86da6175d72ff2d6a9de63342e1d303,unavailable,2017-10-20 07:33:11,2017-10-21 03:07:36,,,2017-11-10 00:00:00
ae83ac701e482df677985b4dfe2960dc,eb6a82aa67158cda7cba8c6ae9a5912a,shipped,2017-05-15 21:33:28,2017-05-15 21:42:55,2017-05-16 10:58:21,,2017-05-26 00:00:00
9c2d1fc16f35a46132271707af17d902,44f12cde95ad6d10c0af01a0bd4558f1,delivered,2017-08-10 22:49:34,2017-08-12 02:51:19,2017-08-14 20:53:48,2017-08-24 18:29:51,2017-09-05 00:00:00
1fbb2db5f09b8f2fe37fb58c85d2e301,29be48f5de0efaa0edc2d8741bd6a218,delivered,2017-12-05 08:49:10,2017-12-06 02:35:38,2017-12-07 19:59:04,2017-12-20 18:44:40,2018-01-02 00:00:00
80662cbd7cfe054d30ee5fb8f89c5d6e,40fe6c120a1246d5a8a445e58f077c9f,delivered,2018-04-23 10:47:18,2018-04-25 10:30:35,2018-04-26 13:23:00,2018-05-02 22:12:44,2018-05-11 00:00:00
47282cfe5747c1c19920f090e491d285,3483b2a9e678865616e7d1b69b28dd4c,canceled,2018-08-23 12:38:08,,,,2018-09-06 00:00:00
c92c52fc8165c38e21adf26ffcf62028,13f1c2d6b9a507bb66e4cae829635936,delivered,2017-04-29 21:56:10,2017-05-03 11:34:39,2017-05-03 12:11:38,2017-05-12 11:10:08,2017-05-24 00:00:00
0cbd2fb0c897c82c6b348a62de100f4e,4a4421979cccfa3b34b609540e6a86e9,delivered,2018-06-14 22:14:33,2018-06-15 08:39:50,2018-06-27 14:56:00,2018-06-29 17:03:59,2018-07-12 00:00:00
edde00d72b1354fd951171a2c702f5ae,193975242724bbde03dd270c7f320993,delivered,2017-09-14 14:50:45,2017-09-16 03:05:48,2017-09-18 17:27:47,2017-09-25 18:49:53,2017-10-06 00:00:00
e94463ec887705d951724d52248d7855,0a014efd7c067b6527b82c28abef318d,delivered,2018-05-29 16:28:45,2018-05-29 16:51:30,2018-05-30 14:09:00,2018-06-19 18:24:45,2018-07-04 00:00:00
14419beee19b41341bead9fe7fc49d76,6a838ac68f33f20d8149fde39fe6f294,delivered,2017-10-17 14:30:21,2017-10-18 13:27:06,2017-10-19 21:03:57,2017-10-25 21:11:58,2017-11-16 00:00:00
c2c7eaa5d10a2d1abe8f0948534ef196,69045e1a5534b760b1d4c77ec2fe7cfb,delivered,2018-02-27 09:42:22,2018-02-27 09:55:28,2018-03-02 23:06:31,2018-03-19 19:08:29,2018-03-22 00:00:00
66059239f0bd74e72007ecfb7db524f2,95fb58d534186ce930bafef130186371,delivered,2018-03-09 23:37:17,2018-03-09 23:50:33,2018-03-12 22:36:40,2018-03-18 15:38:38,2018-03-28 00:00:00
d8ae8292c42789ec8fa46d9abc72b493,438a48b70a56b65897fa3c42563ecde7,delivered,2017-08-21 13:43:28,2017-08-21 13:55:15,2017-08-21 21:43:51,2017-08-25 18:57:45,2017-09-13 00:00:00
2336042fef9de12619fab599b39f3d6d,ff7808b1c90725d05ce0adf5d45b8c56,delivered,2018-01-18 10:21:56,2018-01-19 10:15:59,2018-01-19 21:14:31,2018-01-26 21:14:19,2018-02-15 00:00:00
62faf07dbae1258c108166ee7b2ba6c8,d5c96d2a6e1eb3023eca2f5da25d1ad6,delivered,2017-06-13 11:33:59,2017-06-13 11:55:16,2017-06-14 17:03:08,2017-06-22 14:45:11,2017-07-04 00:00:00
510d53ecef0e951a4c0cf058f579b626,c79c9d707adfc4088887617a50b6a2fe,delivered,2017-03-27 20:17:54,2017-03-27 20:30:19,2017-03-31 08:03:24,2017-04-12 14:57:49,2017-04-25 00:00:00
d6d22504739cdf3c8ebce460d0a08199,c16e0e88c09984e5956c444275f35f67,delivered,2017-04-12 14:59:43,2017-04-14 02:45:56,2017-04-17 14:36:33,2017-04-19 15:30:16,2017-05-08 00:00:00
f27659655ff5261318392d03c74da742,a2f6dcc96d504dae0d2a061a094e0feb,delivered,2018-02-08 17:04:10,2018-02-08 17:40:32,2018-02-09 17:39:02,2018-02-27 11:29:05,2018-03-07 00:00:00
ccbd198eb55e22f3b2240d1605961c5f,352289eecb0665692f1020c18c945378,unavailable,2017-07-07 13:24:00,2017-07-07 13:35:14,,,2017-07-31 00:00:00
8e6bfb81e283fa7e4f11123a3fb894f1,5986b333ca0d44534a156a52a8e33a83,delivered,2018-02-10 10:59:03,2018-02-10 15:48:21,2018-02-15 19:36:14,2018-02-28 16:33:35,2018-03-09 00:00:00
e47a8c70f93fbf49317a66dffd051012,22da43024cf241d4197fd0880123fcd8,delivered,2018-01-18 16:14:01,2018-01-18 17:07:28,2018-01-19 17:48:36,2018-01-24 22:56:46,2018-02-08 00:00:00
f1faa948ad7764d64dff89bdcd2b88fa,efe6b975ad6b24a56b1bfeab0ae12fd1,shipped,2018-03-21 22:02:42,2018-03-21 22:15:53,2018-03-22 20:46:42,,2018-04-11 00:00:00
bd3ad7eb83661a769a1a6c35949982e2,0d4f08a71e7d520c9422cccaeeebebc0,delivered,2018-01-12 20:39:57,2018-01-12 20:49:23,2018-01-16 23:24:41,2018-01-18 01:42:04,2018-01-30 00:00:00
4186d97cef6fd694f27860fa65bc53ec,d99b0f07ffce001e0de7815b86e63b4c,delivered,2018-05-14 10:56:56,2018-05-14 11:14:27,2018-05-15 13:09:00,2018-05-29 15:48:39,2018-06-05 00:00:00
aa63ba4f7387f6698c253e3d96b32797,9f8652dc4390049256f7e5e9fa5e4ca4,delivered,2017-12-18 19:22:43,2017-12-20 07:17:55,2017-12-20 20:38:50,2017-12-28 23:35:19,2018-01-18 00:00:00
97d09fc348cbda42ae770c92ec3af0c1,6bd151b89882bdccc0d6282a65dfabd4,delivered,2018-05-02 11:48:58,2018-05-02 12:14:37,2018-05-02 14:00:00,2018-05-09 16:59:26,2018-05-25 00:00:00
0cbd0d96e2c18087121c68e209f4e8a3,d538faa55c1f7cec661fd02a25d8a74b,delivered,2018-08-11 16:36:03,2018-08-11 16:45:15,2018-08-14 13:23:00,2018-08-16 15:29:01,2018-08-21 00:00:00
beebcdb81ca8d717ee63fbee85b1826e,65a04e0839e2ca5199c9529621969da2,delivered,2018-02-09 22:30:07,2018-02-15 03:51:26,2018-02-19 13:13:38,2018-04-25 21:56:42,2018-03-08 00:00:00
dec8a288bd6ae97892bacfc5574a451c,07ae5e78d3f125fb413ccd2e37b7206c,delivered,2017-10-26 18:11:21,2017-10-26 18:31:28,2017-10-31 16:58:14,2017-11-01 13:09:51,2017-11-21 00:00:00
434b90dea540070a2a53a26185a29552,7d77d42024e7abf3cfc98638ca92c21e,delivered,2018-07-08 13:03:17,2018-07-08 13:15:16,2018-07-09 15:14:00,2018-07-13 20:28:26,2018-08-06 00:00:00
6dd1bbd09d930c58640b49ba57069186,043166c34654da038d2d97c57ac27e6a,delivered,2017-11-28 22:10:15,2017-11-30 02:22:05,2017-11-30 21:38:25,2017-12-12 18:54:47,2017-12-18 00:00:00
c88dcb67671acd5a7aeef76f77cc16f5,de23cb539f563443818ade003bd65b6e,delivered,2018-06-13 09:40:31,2018-06-13 09:57:10,2018-06-13 14:23:00,2018-06-16 13:03:46,2018-07-03 00:00:00
5cebddc9f18e00d1cdbc79c8b456a0d1,af96b52dd49cd0d1a9d4447d2321d3fc,delivered,2018-02-24 14:14:58,2018-02-24 14:30:27,2018-03-03 00:27:52,2018-04-02 23:46:35,2018-03-20 00:00:00
a7a9af59fd37637073e26e33f78d015f,04ee38c5668f2c41b881802106383533,delivered,2018-08-14 15:21:36,2018-08-14 15:35:15,2018-08-15 13:00:00,2018-08-20 17:56:37,2018-08-20 00:00:00
5919d6d984a8708f94ec241fe4805df0,c112cbf7b38f4c1df8d307ac2f71c07e,delivered,2017-02-18 04:35:10,2017-02-18 04:50:08,2017-02-21 12:41:36,2017-02-25 05:28:56,2017-03-17 00:00:00
ba6ee9c4b7e882c58b1d576c48d45d7c,973e521911275bab66be08d43c8b3aaa,delivered,2017-02-27 09:38:12,2017-02-27 09:50:17,2017-03-01 16:28:45,2017-03-06 08:51:42,2017-03-27 00:00:00
01311f2795d8463a11f9422173687696,4292ad887342214c93ed734b90355ce8,delivered,2017-10-25 16:10:01,2017-10-26 03:08:40,2017-10-27 11:45:44,2017-11-07 18:53:52,2017-11-17 00:00:00
4dacdd4bc2de0f5f0aa9e11a735e8e33,c19f7a6ff12999a4f736969f058f84af,delivered,2018-04-13 08:56:04,2018-04-13 09:11:57,2018-04-13 18:52:05,2018-04-19 17:37:55,2018-05-08 00:00:00
128eab471caa0f101433f172ca9041bc,b3d9a7a1e8ad667ffc19133a44b58213,delivered,2018-05-09 15:06:00,2018-05-11 03:37:40,2018-05-14 11:56:00,2018-05-16 21:28:35,2018-05-24 00:00:00
023dec08929b8cafa8028da5e6b527b6,ace4c0c7241fb02b72bb8d019b738693,delivered,2018-03-17 14:49:12,2018-03-17 15:10:03,2018-03-21 18:35:38,2018-03-22 20:12:24,2018-03-29 00:00:00
64bbe3a7dae1ea0dae5ac315fe779596,85aba4309838f346319dd7c5e1eb9f0c,delivered,2017-06-11 12:44:42,2017-06-13 03:50:18,2017-06-14 15:03:34,2017-06-21 16:41:24,2017-07-05 00:00:00
9000ac1824b0d81895e185e41fab65d2,eaef21c024d74335f9cce35c9d96958d,delivered,2018-06-01 15:52:45,2018-06-01 16:11:41,2018-06-05 07:52:00,2018-06-20 11:48:44,2018-07-05 00:00:00
b1cc9d6366adc60f9810891f491b54f5,409334e233daee55eb33a208c8295db2,delivered,2018-08-17 15:20:30,2018-08-17 15:30:34,2018-08-23 14:40:00,2018-08-28 04:24:49,2018-09-12 00:00:00
59aeb2ec44b9400fafd0b59e842959d1,f927f7178bfe24dfb3e036785eadc000,delivered,2017-08-22 19:18:10,2017-08-22 19:32:07,2017-08-24 21:12:44,2017-09-13 19:21:51,2017-10-02 00:00:00
a6e3294e40c7d6573efdb79f99d46351,42ca3cf7c637265888941245a3b1447c,delivered,2018-02-04 03:44:01,2018-02-04 03:55:21,2018-02-05 19:26:58,2018-02-10 02:42:44,2018-02-21 00:00:00
1de6e7f62ac6216f4c6b407eaa28d6e8,66ebf6832f076ce198e877b3db4d50ae,delivered,2018-06-03 19:20:42,2018-06-03 19:30:20,2018-06-04 10:20:00,2018-06-05 17:32:59,2018-06-29 00:00:00
1fb291320c9a5276869ee9f50fe885e2,9893361d541a842b16206836086185b5,delivered,2018-07-25 21:17:26,2018-07-26 18:44:25,2018-07-27 14:03:00,2018-08-01 20:12:24,2018-08-09 00:00:00
05d92af741841f7bfebf71cc949b807b,d52a234746053c5d8415c61a8d1101f1,delivered,2018-01-26 19:54:09,2018-01-26 20:13:19,2018-02-01 01:17:46,2018-02-07 20:46:34,2018-02-22 00:00:00
667e8016c1467476000d4dde127343ac,99a1ce52801276a0468c5dc65cf77280,delivered,2017-09-19 14:27:33,2017-09-19 14:44:25,2017-09-21 21:00:31,2017-10-10 17:12:41,2017-10-13 00:00:00
3f424138a3ca8909a57b75d4389c91de,3308d5e4694a8b8f2170b88acab14dd7,delivered,2017-08-21 00:03:34,2017-08-21 00:24:25,2017-08-22 18:52:31,2017-08-30 17:27:41,2017-09-18 00:00:00
ce182b138eec89ddd69e9fca1c900aae,5b7f75e63b3845cc1e306d5f667d69b7,delivered,2018-05-30 12:42:08,2018-05-31 03:15:18,2018-06-01 16:43:00,2018-06-15 21:06:41,2018-07-25 00:00:00
b04367fb19ad3f39d1222e76b9b2ed85,b8d19ef5e8272057dd55666e41a006ac,delivered,2018-04-17 16:45:20,2018-04-18 03:30:11,2018-04-19 01:45:40,2018-05-17 21:12:51,2018-05-14 00:00:00
5a7e3486fb94e316c6926e1d6d52749b,f231e0441fbde50fb850af1950d6f21e,delivered,2018-07-27 12:38:21,2018-07-27 12:50:11,2018-07-27 15:46:00,2018-08-01 14:04:36,2018-08-22 00:00:00
ad18dd9246cad2f3e5f862857d1379be,0e4a0db41e5ea0f9d32ad03f0fa1759f,delivered,2018-02-03 19:02:09,2018-02-06 05:31:46,2018-02-07 00:52:05,2018-02-10 17:04:11,2018-02-21 00:00:00
da532fc1a4b9307f2d351689f9e39a4d,831182e069bd68b990ec3a51910370e1,delivered,2018-03-29 18:13:36,2018-03-29 18:29:55,2018-04-02 20:06:45,2018-04-12 17:12:58,2018-04-20 00:00:00
7c456a887b23a75268a45a224d191c52,b31f9f275c6f4ab74a60d0bebb303f0b,delivered,2018-04-18 11:42:32,2018-04-18 11:55:21,2018-04-18 22:42:35,2018-05-01 17:54:24,2018-05-16 00:00:00
287ff4320b900d78a8b1a4f1b9cf32b4,1e4d728d3caa078c9be3fa119d15f3af,delivered,2017-09-04 15:27:58,2017-09-04 15:36:55,2017-09-05 15:10:15,2017-09-11 17:13:05,2017-09-26 00:00:00
8c23a5662eb362f46a3434c07e30f009,0130b37ed963c4a595792582025bdcb0,delivered,2018-06-30 09:23:11,2018-06-30 09:30:32,2018-07-03 10:39:00,2018-07-11 21:38:47,2018-08-03 00:00:00
ff9770f7299db492e5fe01b4a231341b,c57b89d756843557ab53f7c679ea0572,delivered,2018-03-12 07:41:09,2018-03-12 07:50:28,2018-03-16 18:06:53,2018-04-04 15:05:24,2018-04-06 00:00:00
66bc1623ea6b06835dc37b5ec1c95a75,46519369677f6d2bc58d1f438ea96099,delivered,2017-11-20 22:14:42,2017-11-20 22:28:50,2017-11-27 15:17:39,2018-01-12 20:23:09,2017-12-19 00:00:00
1c76327f379b6c9a3ae42f2244e9a1e3,34faa9a948b3263e8ec9863bbd1456ab,delivered,2017-05-01 22:47:34,2017-05-01 23:03:05,2017-05-02 17:21:58,2017-05-04 15:32:29,2017-05-23 00:00:00
f5ce5c20560cb88a5e940f660077ba1e,07d4d7c6584be1dfbea942bd0fe5b9b9,delivered,2018-03-06 12:54:04,2018-03-08 02:11:07,2018-03-08 17:27:23,2018-03-20 18:12:21,2018-03-28 00:00:00
7715ec335869451fe7dda18fddf75da7,03a3b2d52dbe4375adc3dcba1e3f3ff2,delivered,2017-05-04 18:29:13,2017-05-05 02:15:15,2017-05-15 14:04:00,2017-05-22 16:49:49,2017-05-29 00:00:00
dd013805a824a02edd2301fd442a1c1b,2a686c756ae7f35a186f543d3603008b,delivered,2017-12-01 22:51:00,2017-12-01 23:14:57,2017-12-08 15:33:51,2017-12-28 18:18:06,2017-12-26 00:00:00
fffc94f6ce00a00581880bf54a75a037,b51593916b4b8e0d6f66f2ae24f2673d,delivered,2018-04-23 13:57:06,2018-04-25 04:11:01,2018-04-25 12:09:00,2018-05-10 22:56:40,2018-05-18 00:00:00
166b01d0fce75a595b92ad9e84e0843b,f41bb7eb1aa215a93ebbdc0bce5ee717,delivered,2017-09-11 11:22:49,2017-09-11 11:45:12,2017-09-15 21:38:38,2017-09-26 17:13:37,2017-10-09 00:00:00
5289007f1e5b5752ea61bd32cc51cb04,5ceee9e50049277201c6f90b9d1454b1,delivered,2017-10-24 13:43:11,2017-10-24 13:56:24,2017-10-27 20:41:07,2017-11-03 21:23:30,2017-11-06 00:00:00
3cf0c41fd2773c0890ece77fd53e071d,82cc0bfe0721cd93d8385061f9214290,delivered,2018-03-10 19:12:32,2018-03-13 04:31:17,2018-03-13 19:37:47,2018-03-16 13:19:58,2018-03-28 00:00:00
89b5116dbbd69d3d03c3c5571b1e1c62,8e701a68e78164f7db35aec3712ee685,delivered,2018-03-26 19:57:20,2018-03-28 02:47:41,2018-04-03 20:42:25,2018-04-09 21:12:55,2018-04-12 00:00:00
aa92022889a8c635cd807d74cc6878f5,6d65c6aab9e10cf1c8116fcc72721267,delivered,2018-08-22 16:28:33,2018-08-22 16:45:13,2018-08-29 10:47:00,2018-08-30 16:27:34,2018-09-03 00:00:00
114b047e7bac7728e93bdf39f7031875,90d1c7278be8f2418fd8ea151450f359,delivered,2018-06-08 21:02:49,2018-06-08 21:15:23,2018-06-18 11:55:00,2018-06-26 18:26:52,2018-07-18 00:00:00
55d74dbd18c5f5e386303d8ec5b70a65,d638b109de58991e385ffbf5291eba9d,delivered,2017-05-17 19:26:07,2017-05-17 19:43:26,2017-05-18 09:47:58,2017-05-22 14:56:16,2017-06-08 00:00:00
9366d3931a502aa67cc11909c49773af,8dd17dd3cdd09eedbbc5b82e905433d8,delivered,2017-06-15 19:56:15,2017-06-15 20:05:17,2017-06-19 16:10:19,2017-06-28 11:44:49,2017-07-12 00:00:00
e5f16a228606870d0afa65439fa90be1,762abd3204b184a51c371e6c7ba15611,delivered,2017-03-18 16:35:53,2017-03-18 16:35:53,2017-03-21 08:47:33,2017-04-03 12:13:36,2017-04-12 00:00:00
fd4907109f6bac23f07064af84bec02d,0ca4bbdbec6605e739a455a86c28e158,delivered,2018-04-24 10:44:57,2018-04-24 18:34:57,2018-04-26 13:25:00,2018-05-08 10:26:31,2018-05-29 00:00:00
6d4e74b6495388cdfde5999070ad25d7,171a26ae975ba30f2c37f6c0df67f18d,delivered,2018-07-27 15:39:19,2018-07-27 15:50:20,2018-07-31 17:09:00,2018-08-01 22:22:55,2018-08-07 00:00:00
705de20d99bad1d33f30357181b9e9ad,89e0faf57dd5bb277f3f91e014924a6e,delivered,2017-05-28 16:31:17,2017-05-28 16:42:19,2017-05-30 14:31:44,2017-06-08 12:16:00,2017-06-23 00:00:00
cd0b7d7d5492c631a934cc6e1346d830,5714dd463af519706d784fa0072a4d1a,delivered,2017-10-01 13:25:48,2017-10-01 13:35:17,2017-10-02 20:02:56,2017-10-06 16:59:58,2017-10-25 00:00:00
6f118d78773e39ac1e5efcc4622bfe18,f855fa86c95a0c15d441d399213f8ae1,delivered,2017-03-31 10:55:55,2017-04-04 06:05:24,2017-04-04 14:53:57,2017-04-06 08:33:38,2017-04-28 00:00:00
d8efabfe9ad61f46b19449da5215e3f6,8d2535251c6e51c0b8e527d8f3ab2532,delivered,2018-06-27 13:05:47,2018-06-27 13:15:25,2018-07-03 15:02:00,2018-07-13 16:26:29,2018-08-27 00:00:00
e137acc00a73478b179ca50de0176bbb,d36226a75bd645b98eb282c9ac967eb2,invoiced,2018-07-18 15:28:39,2018-07-18 15:42:30,,,2018-08-13 00:00:00
e1c236043073a6a483972402917e8cc6,429ef9e10d6d02b19a69ca63ae9ebdde,delivered,2017-12-24 11:35:32,2017-12-24 11:48:43,2017-12-26 18:05:45,2018-01-03 21:09:22,2018-01-24 00:00:00
b211582376ba1a7f217b9cd45696d8a1,8f4a1725e4493fd9f4ba0de5ac1f190e,delivered,2018-03-12 15:55:21,2018-03-12 16:13:12,2018-03-14 16:27:23,2018-03-29 03:15:36,2018-04-04 00:00:00
966c90ba25d70f16e21511a31533928c,f1b4556cb70283660e95764334f88a77,delivered,2018-07-27 16:51:53,2018-07-27 17:04:36,2018-07-28 08:56:00,2018-08-02 18:51:56,2018-08-10 00:00:00
318847873c9758a0bce305f4f3099583,a23a7bba2a9fb6f506b92ce45b0ca17d,delivered,2018-01-17 16:45:54,2018-01-19 02:37:07,2018-01-25 22:38:55,2018-02-05 20:57:28,2018-02-07 00:00:00
9958682e9a3eea5beb7a32fde4612f65,c758b493f9f15038dce9e459b9074f4f,delivered,2018-04-11 16:44:05,2018-04-13 02:15:43,2018-04-13 17:36:38,2018-05-04 21:57:39,2018-05-21 00:00:00
d339c3ad62c16e15e4c2f3e39abd1abb,fdc884bc653acba888ada07cca18a635,delivered,2017-04-15 11:44:00,2017-04-15 11:55:08,2017-04-18 11:25:02,2017-04-27 08:04:13,2017-05-15 00:00:00
b3e176098b9f9f6122d37fa3cb06279b,4922363693e673167789c03faf24a66d,delivered,2017-02-08 23:08:53,2017-02-08 23:23:27,2017-02-09 17:12:01,2017-02-14 15:12:22,2017-03-09 00:00:00
a8224a3529e84b453dd1681ad5788e61,463f484603d195a56332cd14bb2af0ca,delivered,2017-09-16 17:59:42,2017-09-16 18:10:17,2017-09-18 14:48:11,2017-09-27 21:56:36,2017-10-10 00:00:00
65d13486abbd44fdd686246bc21c5b75,2300457c28afe54edb4da376808a8781,delivered,2018-04-06 11:28:12,2018-04-07 02:48:24,2018-04-09 19:53:24,2018-04-26 19:26:40,2018-05-10 00:00:00
42b0798ccc52aa08aab4693a33960eae,5a9a8acf73eec0a98589fe69e4dd9c95,delivered,2018-04-27 17:43:13,2018-04-27 17:55:23,2018-05-02 14:24:00,2018-05-04 17:48:36,2018-05-22 00:00:00
07f37be24f36255553680d16336b6d1a,0dcee6eaf86fc9b2d45643f46af4c87b,delivered,2017-04-23 18:00:10,2017-04-23 18:10:14,2017-04-25 08:23:19,2017-04-27 09:24:56,2017-05-12 00:00:00
3cd9ad25e3764f6769112c081a0f08e4,35e3bd54fd302a4b250df23871fdcabc,delivered,2017-11-27 08:23:51,2017-11-27 08:36:55,2017-11-27 19:20:07,2017-12-06 19:22:58,2017-12-18 00:00:00
dcd19a1d42b2e3ad39cf3d5ee0fb7ddb,3d1688c4011a8de5b3b77d2f0bebbb6a,delivered,2018-02-18 20:25:04,2018-02-18 21:26:51,2018-02-23 00:07:22,2018-03-02 19:04:21,2018-03-09 00:00:00
b49c3cb97e24ce87687679ced9c9134a,72b654cf38dc1199ac39ca9bd942d33b,delivered,2017-03-20 14:45:57,2017-03-20 14:45:57,2017-03-29 15:14:01,2017-04-13 15:23:58,2017-04-26 00:00:00
3cc14e2cf62e0a0d4d469d77141dfac3,749fca10df6c0119082405bad607b479,delivered,2017-05-19 23:24:52,2017-05-19 23:35:15,2017-05-22 15:13:14,2017-05-29 13:48:05,2017-06-12 00:00:00
f7df7f91530ad835a392fbdccf183a22,a605ae8d6b71bf7fe80607d548e99956,delivered,2017-10-03 13:08:51,2017-10-04 02:44:09,2017-10-04 19:25:16,2017-10-18 18:33:42,2017-10-25 00:00:00
4cd51713ee492e2d1ed57e6db22876ae,b799a602477d0a77304a0bd00af1d804,delivered,2018-07-24 14:50:42,2018-07-25 14:15:09,2018-07-26 12:57:00,2018-08-06 18:41:28,2018-08-16 00:00:00
3817aebb6b2eab8cb6e13f3d2f163216,0d085f8ec7d2e0ab26856ca2a14955f2,delivered,2017-04-30 21:33:26,2017-04-30 21:42:24,2017-05-12 08:55:37,2017-06-22 15:42:32,2017-06-07 00:00:00
293de03695b43b231adb3dcf835d08cc,0832c8cc1659c444cbc48df30ed59ec6,delivered,2017-10-24 23:57:05,2017-10-25 00:07:22,2017-10-27 21:26:28,2017-11-07 18:47:32,2017-11-30 00:00:00
d6229aca790acb92366c9888f1e0c181,5cb5ff757d630a29902ea9b9699b936e,delivered,2017-02-12 19:40:41,2017-02-12 19:50:19,2017-02-14 12:28:30,2017-02-17 06:52:16,2017-03-10 00:00:00
22479f588dbf140ab4e8f3a6688c31b1,efe0b326802e3b2636f4b6b2a7466f15,delivered,2017-03-02 00:16:18,2017-03-02 01:02:17,2017-03-03 11:13:54,2017-03-07 04:47:49,2017-03-21 00:00:00
73f8be4d47a3eca8b9b1ab39e9894b27,272aac5797624f4ea0d5a2c2003bc5c3,delivered,2018-03-27 13:53:33,2018-03-28 02:47:26,2018-03-28 21:36:53,2018-05-03 22:46:57,2018-04-17 00:00:00
86a06021035571b058d6c172b0fae435,f862332cefd11ea4ea52998e2b039d87,delivered,2018-01-16 11:47:29,2018-01-16 11:55:26,2018-01-16 19:43:26,2018-01-29 14:22:13,2018-02-07 00:00:00
b9d42ba20409a35fd5e832fad2beebd5,bc3e98b4c029a7d01579bfa712577c83,delivered,2017-07-23 18:54:34,2017-07-23 19:05:14,2017-07-24 18:32:11,2017-08-01 18:11:34,2017-08-15 00:00:00
ac1b50ab07c56a0d1a1f1da407e4723a,c8a7de1c8fe5ab146fe453e2eb504f60,delivered,2017-12-19 08:53:07,2017-12-21 02:11:26,2017-12-22 19:20:08,2017-12-28 19:12:41,2018-01-12 00:00:00
1fe07512d05f79bf44e02f7052cca2df,b95cd133dd19a62f386a7afdca3b2360,delivered,2018-03-09 17:11:54,2018-03-09 17:28:53,2018-03-12 22:32:22,2018-04-02 19:43:30,2018-03-27 00:00:00
6bb425cfe5c2338ba1386a0114f7fb50,14777b1b80f36a5b1e889b6ebeb634a2,delivered,2018-08-20 19:55:54,2018-08-20 20:10:25,2018-08-22 13:00:00,2018-08-23 19:21:23,2018-08-23 00:00:00
fdd678635b39274d95c2c554ab99c6f3,1eb6183ae88d681a0c359e65e06b73d8,delivered,2018-02-01 10:45:31,2018-02-01 10:55:32,2018-02-03 02:58:59,2018-02-08 12:14:57,2018-02-26 00:00:00
e689f14f838f1f7eceb75090e3c6cddd,87bb73ebd36b9395f428d97769d7af2f,delivered,2017-11-24 09:15:49,2017-11-24 10:51:50,2017-11-27 20:14:38,2017-12-11 23:44:47,2017-12-20 00:00:00
ca9a7d8232dd4979128fb7efc1666d69,4fdae31f8a602171e41215be582f60ca,delivered,2017-08-06 15:51:54,2017-08-06 16:05:47,2017-08-07 20:32:35,2017-08-21 20:07:56,2017-09-01 00:00:00
f4ffbf5a60f1fafa7ed118b999b34ff2,a33ccd0ba17bc25e9e1a0be5a0cc2c74,delivered,2017-02-09 16:26:09,2017-02-09 16:35:17,2017-02-10 10:17:33,2017-02-15 16:27:35,2017-03-08 00:00:00
91d34a183e2eae29ccb607481a4d8ca5,633b73891ad4cd4be0bd5f55da98bc99,delivered,2018-08-04 19:38:07,2018-08-04 19:50:08,2018-08-06 19:08:00,2018-08-08 14:52:53,2018-08-24 00:00:00
7af34335adbe8e29fa3ef500f9f2c270,8ab434ea368809385d2243c0f05a00f2,delivered,2018-08-10 05:28:38,2018-08-10 05:44:41,2018-08-10 11:32:00,2018-08-15 19:21:40,2018-08-22 00:00:00
e39190d1881f0e85df9c678ad44e2512,f9fea0f544124ebc49eb7bc969e0a492,delivered,2017-03-10 07:47:11,2017-03-10 07:47:11,2017-03-10 09:29:33,2017-03-14 10:44:59,2017-03-29 00:00:00
7e00454e2e8b8b2e12e9a580ec77f00c,0ccc218a4ae96c625b76f6156fd0d65f,delivered,2018-07-21 17:19:59,2018-07-21 17:35:07,2018-07-23 14:06:00,2018-07-26 23:16:31,2018-08-07 00:00:00
fb66baf2c1d8942a11844c52f37baedc,209ea487b6fcccbc9d7629045a1ee055,delivered,2017-05-31 21:22:31,2017-05-31 21:35:08,2017-06-07 15:53:51,2017-06-26 16:43:52,2017-07-05 00:00:00
b7e1823a1a3137ba666bef3dfbca19dd,1db1708a6143b3cf20f1dcb77d6aac75,delivered,2018-04-23 07:28:21,2018-04-24 18:48:20,2018-04-24 15:48:39,2018-04-27 16:42:21,2018-05-16 00:00:00
928c456c589166bf1f6a77a4ec6a8165,10b7a2a6d7bb0cdf36516a6e6671e219,delivered,2018-01-26 12:27:45,2018-01-27 12:19:22,2018-01-31 01:03:58,2018-02-06 21:28:57,2018-02-22 00:00:00
afb8e7d292d49589f6583efcdbda2058,e02c67c745a0ed9e6b0a907408503e2e,delivered,2018-07-23 09:24:50,2018-07-23 12:40:23,2018-07-25 12:18:00,2018-07-31 18:11:33,2018-08-09 00:00:00
4099e45fcb315a95f58e5149bc1c0baf,91ea8dff15a094560c0fb7bd64ac1c26,delivered,2018-04-19 10:19:58,2018-04-19 10:35:29,2018-04-19 19:26:36,2018-04-24 17:08:45,2018-05-17 00:00:00
30e92c30b450ba0009e6664e0d8210dd,204f2214df152493387db796c85ae8cd,delivered,2018-05-23 19:05:42,2018-05-23 19:15:56,2018-05-25 14:06:00,2018-06-08 19:51:40,2018-06-29 00:00:00
e13329e37a8f95bafe7bbef35d07fb24,2edd445927d31339271f0b68dacb8218,delivered,2017-09-03 10:45:43,2017-09-03 10:55:19,2017-09-04 14:10:12,2017-09-25 17:51:16,2017-09-25 00:00:00
b59cf01a46ed2ffd1319e181d3ac2217,3b90bb11f66915b3f23a14637ba4f96a,delivered,2017-03-05 15:35:01,2017-03-05 15:45:15,2017-03-06 11:20:11,2017-03-15 11:35:45,2017-04-03 00:00:00
9c9471a2e1b2cb608b22437f51cbe184,d36a25df7ff60b473c289feb156dc6e2,delivered,2018-01-27 22:30:14,2018-01-27 22:53:05,2018-01-30 23:59:26,2018-02-02 23:06:52,2018-02-14 00:00:00
01b1800f51715ab76f67caf732206437,456c1e01c8ed3b83aa8fc564119bc81a,delivered,2018-07-18 19:05:46,2018-07-18 19:23:14,2018-07-19 09:06:00,2018-07-27 19:26:24,2018-08-08 00:00:00
3f75656d4a9d4b3e18204bae2bd96925,887a7f0cf91952bc799bc7a555262389,delivered,2018-08-05 09:56:45,2018-08-05 10:25:14,2018-08-06 11:51:00,2018-08-07 13:08:41,2018-08-09 00:00:00
a82c64a9f378c8c3c0872bff2591a41e,1e1e5231546c0e67ff2dc6d3d563f085,delivered,2018-01-13 02:37:26,2018-01-14 02:29:40,2018-01-15 16:17:58,2018-01-23 17:54:43,2018-02-01 00:00:00
66ef8af8edec04b75469fd942a8ad66e,b471c2f8fad20b84d2b631c8112b0b26,delivered,2017-12-11 18:25:17,2017-12-11 18:34:30,2017-12-15 23:56:16,2017-12-18 12:38:57,2017-12-28 00:00:00
4a6c07557205c5dbdeae7e289af5c1c6,09a4411bb14055b9d846fac02dd79782,canceled,2017-11-28 13:09:13,,,,2017-12-19 00:00:00
13ed81255fbefb7db48926a0a30e0674,8476f21b02f42c9cbde452be87cfa6d4,delivered,2017-06-28 11:34:29,2017-06-30 02:50:22,2017-06-30 14:53:22,2017-07-10 14:43:37,2017-07-20 00:00:00
0d522996b29429a46093cbc004e8f29d,01973489089879f533dd627cad53e7e2,delivered,2018-04-28 08:17:33,2018-04-28 08:30:15,2018-05-02 16:17:00,2018-05-11 21:21:05,2018-05-21 00:00:00
78c0a28679d359bd04124988a2e04bac,5a2a027db93ee7ca12f71003b0fd98b1,shipped,2018-04-24 22:14:06,2018-04-24 22:32:55,2018-04-26 10:13:00,,2018-05-24 00:00:00
9a012c7e7148025de0f013812c6f2e51,e62b6469fde6eb6443cb25b3f12c0103,delivered,2017-12-10 18:51:49,2017-12-12 03:55:37,2017-12-13 20:16:31,2017-12-20 17:58:55,2018-01-11 00:00:00
4d6de9e9aa5820e340e8438ed218931e,2c2a91fc56f4732272b4e94f61fb250b,delivered,2017-03-20 16:15:32,2017-03-20 16:15:32,2017-03-22 09:11:57,2017-04-04 16:07:54,2017-04-12 00:00:00
8a35c08994c840d30994c8c915bfff3d,30842c7a57bfab94becbce0a9cf0dc36,delivered,2018-03-02 19:59:17,2018-03-02 20:40:20,2018-03-14 20:10:52,2018-03-21 20:17:34,2018-03-28 00:00:00
9ceb39f6dd30ca18e40696a0ea01d09a,61259afc20eedac60913bc39c6d83ff6,delivered,2018-02-20 09:53:46,2018-02-20 10:07:42,2018-02-21 19:34:05,2018-03-15 17:19:46,2018-03-21 00:00:00
a124f3c8e5213835b392c8a30125a521,ba23a00c1935d41d7da609e49cda2f49,delivered,2018-02-09 10:38:33,2018-02-10 02:49:24,2018-02-16 20:56:46,2018-02-24 12:36:42,2018-03-06 00:00:00
7ed7d32f98587cf0d5aee4ccec43e11e,d0af5ed3d49037624ba7b6f741823122,delivered,2017-09-07 09:10:58,2017-09-07 09:23:25,2017-09-08 21:27:47,2017-09-11 19:57:24,2017-09-20 00:00:00
b9a9e9876a24264089b78553266b219f,e6284a431f7260e6418bb080d3176809,delivered,2018-01-17 14:42:01,2018-01-17 14:52:31,2018-01-18 21:46:29,2018-01-19 19:52:45,2018-02-01 00:00:00
8942a6fec26a6b80ba003514457c9d8d,33e4f721d5ce4a77810690e77b51ea23,delivered,2017-12-06 14:08:40,2017-12-06 14:15:19,2017-12-08 01:12:41,2017-12-13 18:34:14,2018-01-02 00:00:00
aa728e83b25c036cf32893a200faf390,e7dd49da03a311bb6234425183112e26,delivered,2017-05-12 18:34:32,2017-05-13 18:45:10,2017-05-15 09:03:13,2017-06-19 20:12:54,2017-06-05 00:00:00
9a197fc58b547707fe88aab7206627b5,61b73325170f8d7d184f17e4b08b05f9,delivered,2018-05-14 16:23:04,2018-05-14 16:37:24,2018-05-17 15:31:00,2018-05-21 15:22:34,2018-06-05 00:00:00
7ff3ee6ebd4a25304259d862bad701ea,0a78f8e47a705e10082383eba3165dc4,delivered,2017-04-06 12:22:49,2017-04-07 03:11:00,2017-04-07 12:57:50,2017-04-21 10:53:54,2017-05-02 00:00:00
71337e86cf1670b5d2c900b2037bc7e6,2b970cf192278e9812ed80e3db89ac40,delivered,2018-02-13 17:33:42,2018-02-13 18:07:51,2018-02-14 22:48:52,2018-02-16 22:26:33,2018-03-09 00:00:00
5ded6a13b2bbe76839104c57159463b3,6eca6a68fb5698b5bb9671f869617f2c,delivered,2018-07-06 16:27:29,2018-07-06 16:51:11,2018-07-10 08:15:00,2018-07-13 21:42:39,2018-07-30 00:00:00
a6917b5d71e0e9bc434e9228db8daeb2,8247b5583327ab8be19f96e1fb82f77b,delivered,2017-06-09 15:46:17,2017-06-10 15:42:38,2017-06-12 17:10:55,2017-06-19 19:32:32,2017-07-04 00:00:00
8772e0a97847589e126a8fc3d6e05782,1b03f1416a15427f26e39af3d530b8f3,delivered,2018-03-26 17:46:20,2018-03-26 18:08:08,2018-03-28 20:32:42,2018-04-17 22:27:39,2018-04-12 00:00:00
d2cc32c3614a3446aef94cfc1ade79b3,61e4c5b188a03022c0b1c76309dd5187,delivered,2018-02-19 20:33:09,2018-02-19 21:35:27,2018-02-26 23:48:46,2018-03-24 18:51:08,2018-03-12 00:00:00
637c727b1b59f7bfc89233e573d05715,238fd3e6bf2e5a4f8306d257a633a56c,delivered,2018-05-10 10:49:00,2018-05-10 11:11:08,2018-05-10 13:45:00,2018-05-31 16:11:58,2018-06-04 00:00:00
ceceaa52ae02dc05d0ce987ed6f6f7f9,3b70834384c703544dc22e4b4187e486,delivered,2018-07-22 12:40:49,2018-07-23 11:31:41,2018-07-26 10:48:00,2018-07-27 13:56:36,2018-08-02 00:00:00
a08dbd25a53b850542e9dd616f5d9120,20d4755cfabd6aa349768a13ef1c7f78,delivered,2018-02-18 18:41:17,2018-02-18 19:46:48,2018-02-19 21:43:49,2018-03-05 17:19:19,2018-03-16 00:00:00
157728e3687cd5012c1e732721098570,0e068d477b784dc327ce26836411eb00,delivered,2017-07-17 06:53:07,2017-07-17 07:10:12,2017-07-17 19:44:33,2017-07-25 19:19:32,2017-08-22 00:00:00
be1170e8310ba4a85f3bac68de9f9acc,a4be55b23bb72de2f1a18c9d11eba2d2,delivered,2018-08-10 22:17:45,2018-08-10 22:30:12,2018-08-14 08:47:00,2018-08-22 15:27:42,2018-09-10 00:00:00
0f39e640d202449c6fd3aebf9b09f1fd,7b3a3ec1498bfbfa893ff037034cd0a9,delivered,2018-08-15 18:56:54,2018-08-15 19:10:21,2018-08-16 14:03:00,2018-08-20 19:12:52,2018-08-30 00:00:00
a492faf7122bc5286708b544c9f16924,345a376098bc749ca948eda410e404ed,delivered,2018-03-13 20:28:59,2018-03-13 20:49:27,2018-03-14 20:24:25,2018-04-02 15:37:29,2018-04-06 00:00:00
776ad95dfcf33ceaf3651251cc75e020,dc2675504e71fdab6b084e961865ea9b,delivered,2018-04-27 10:45:37,2018-04-27 10:55:18,2018-05-02 11:07:00,2018-05-09 13:22:44,2018-05-23 00:00:00
d344f519a9ec12a430ad3312f4ec6363,757d6a64e897b3558f5714458cf6b5a1,delivered,2017-02-12 20:37:21,2017-02-14 03:50:31,2017-02-17 11:09:39,2017-02-23 11:28:56,2017-03-10 00:00:00
584fa640e7dbb97b52206a50abfa4d0a,c79e2edd31f31992979ab5ead7a9ace6,delivered,2017-09-22 11:52:54,2017-09-22 12:05:15,2017-09-25 16:05:14,2017-10-02 19:43:33,2017-10-18 00:00:00
99e4c7eebc4e218f0ef4729921038c19,7b7d563426a10b8b26bfc679be70fbd8,delivered,2018-03-11 19:30:33,2018-03-11 19:47:54,2018-03-13 21:36:41,2018-04-08 13:37:48,2018-04-03 00:00:00
f6b5a2c1e180d02a3b579941b782da7d,630485c75bb8e700c589bf101f618bd3,delivered,2018-07-31 18:27:57,2018-07-31 19:31:32,2018-08-06 14:11:00,2018-08-10 14:18:50,2018-08-16 00:00:00
9f24306ad42ec0b914ff60357df376ff,649bbe04de822b1a2a9bd8cf6e4a7435,delivered,2018-08-20 21:33:51,2018-08-20 21:50:17,2018-08-21 16:45:00,2018-08-24 03:27:03,2018-08-29 00:00:00
bcbbaa1f21815f0a2b083dc1097f368d,b16c72edd4f9a1d943d7aa4fda13eb02,delivered,2018-04-23 23:06:56,2018-04-24 19:07:34,2018-04-24 23:24:41,2018-05-14 19:33:43,2018-05-22 00:00:00
bcbef667390aafa23e9d20e93ea9e5af,23b25f6927e174c61915e12593eb1746,delivered,2018-04-16 13:45:57,2018-04-17 04:54:24,2018-04-19 00:38:48,2018-04-19 16:56:54,2018-04-30 00:00:00
48655ee6c7085fbfd82ff485d614a4b8,3e4682bda7a65dae44f8ebf2267d9a70,delivered,2018-02-05 19:03:06,2018-02-05 19:15:29,2018-02-07 01:33:17,2018-02-15 19:51:42,2018-03-07 00:00:00
8b267a755ea7f8e11012c8d4cb85e7b3,616077b2a7c75e09c541623ceb18c22a,delivered,2017-02-10 11:58:00,2017-02-10 12:31:53,2017-02-20 03:36:09,2017-03-21 08:45:40,2017-03-30 00:00:00
c118358030a8414b5f5f8429c4f368e0,823e38236a5c348730fe1596ef359451,delivered,2018-02-05 23:01:46,2018-02-05 23:10:47,2018-02-09 20:14:48,2018-02-21 22:42:38,2018-03-02 00:00:00
f53fa17609006c9c6669b5371ce08044,3654b6ccbba27cc2fc3fc52ac93ba937,delivered,2018-08-26 20:58:26,2018-08-26 21:10:28,2018-08-27 15:14:00,2018-08-29 20:32:21,2018-09-04 00:00:00
f596454780aa1b19597e739fdae8c56c,a75c9c1d65a2a1df8d788369a668eeb2,delivered,2017-08-14 20:59:57,2017-08-14 21:15:18,2017-08-18 18:05:20,2017-08-30 17:10:07,2017-09-05 00:00:00
5dbbb88d9ab8820dbe265323e2ab44a9,91e2b884d3b5174b3c9910dee03bc0e0,delivered,2017-11-01 12:01:39,2017-11-01 13:15:24,2017-11-03 23:07:48,2017-11-06 21:56:26,2017-11-14 00:00:00
1c5dded30baeb7f5dabbd1e613c76164,37bf6ca0a677445a3f521046ba630f78,delivered,2018-06-13 19:10:21,2018-06-13 19:40:38,2018-06-14 14:26:00,2018-07-09 19:28:43,2018-07-27 00:00:00
82fbc12799bc20f75c107e8e3fd55f38,7161f151fe8646a5fdaac9198eac0d87,delivered,2017-03-11 12:35:02,2017-03-11 12:35:02,2017-03-13 08:41:35,2017-03-27 15:57:40,2017-04-12 00:00:00
60ca761c522b32f4c47465e3ab5c5b8c,7167388318dc1270ddfac0f46bce5f6b,delivered,2017-11-24 12:08:59,2017-11-24 14:38:36,2017-11-24 20:48:57,2017-12-05 01:59:53,2018-01-03 00:00:00
b66cbfeca2b3978020caceb7a64093c0,58ad68479691db6a7a4cdb3c83184080,delivered,2018-01-20 09:22:45,2018-01-23 03:39:28,2018-01-23 21:12:33,2018-02-06 14:23:22,2018-02-23 00:00:00
05751d04e18329aec0f74b16883db3b2,a99502daa1647c54cf56072d0be8f58e,delivered,2017-08-18 16:10:52,2017-08-18 17:35:22,2017-08-21 22:09:01,2017-09-01 20:53:31,2017-09-14 00:00:00
10a6730b0b333e2b017dd139a0530f19,ec9941bfae382794f75c237d60273a42,delivered,2018-02-20 01:39:23,2018-02-20 02:48:29,2018-02-22 15:15:09,2018-03-08 20:57:28,2018-03-22 00:00:00
2b49d60af10ea7e2443376987ec8a184,178e83d7625fed7f8544c81e7f61f85d,delivered,2017-03-25 09:03:08,2017-03-25 09:15:09,2017-03-27 13:07:43,2017-04-17 12:52:42,2017-05-09 00:00:00
25dd1f1d02c23e3aeae4950e52dc5c5b,dcef99778373805819a17479a572fa15,delivered,2017-05-15 14:17:13,2017-05-16 14:25:16,2017-05-18 07:19:48,2017-05-22 10:48:02,2017-06-02 00:00:00
ebdae6e0363106fc02c8417d1e95745a,2372485d851ed971042496b0515a048d,delivered,2018-08-13 17:11:32,2018-08-13 17:25:29,2018-08-15 12:42:00,2018-08-23 23:38:30,2018-09-13 00:00:00
2501d981eb7ba23c129bb38d8fefdda8,cba6b1a0bb5587e12649c755c1ad432a,delivered,2017-08-22 15:34:21,2017-08-22 15:49:08,2017-09-19 15:57:07,2017-09-21 21:00:26,2017-09-25 00:00:00
841c1d3a2dcd2252ee4f20c3858b2e95,e7c40947bf69befa79b8f13205c9e22a,delivered,2017-05-29 07:28:12,2017-05-29 07:35:09,2017-05-30 08:35:58,2017-06-02 11:10:40,2017-07-03 00:00:00
e6b545944786339d4e5205e99554e8aa,99a2bda0ebeb3b26b7880095fa319225,delivered,2017-12-07 00:11:46,2017-12-07 01:03:46,2017-12-07 19:47:58,2017-12-11 18:29:17,2017-12-26 00:00:00
c9843bbe46c6789de67e9b2ca521d5d2,d3f4923a3015d308e770c73dcdbd749c,shipped,2018-05-11 18:33:00,2018-05-11 19:01:14,2018-05-15 15:39:00,,2018-06-01 00:00:00
e6c26291ecafd46c4c94b0fa0904b589,418e6ea9c4e96368bd9dbf2480ef2c7b,delivered,2017-05-23 14:44:11,2017-05-24 16:15:16,2017-05-26 08:08:46,2017-05-29 12:33:04,2017-06-05 00:00:00
b47f53f735ee76b0f07d10b4525d564e,07e1f9d11c41ac087f7726061742bb6f,shipped,2018-02-13 12:25:11,2018-02-14 12:26:58,2018-02-21 15:23:03,,2018-03-07 00:00:00
aa6ca3b40dae9e69a867b8b50d18434c,c1709adb3e236034941086cefdb16801,delivered,2018-04-07 13:05:52,2018-04-07 13:15:19,2018-04-09 18:17:57,2018-04-18 17:41:48,2018-05-02 00:00:00
0e4463c6e144261bd3b088fac9fef441,e96b8d0cf6eb527f97d92d4d8ed31ba5,delivered,2017-12-24 17:47:55,2017-12-27 04:07:13,2017-12-29 17:22:42,2018-01-08 20:03:29,2018-01-19 00:00:00
4b0e0e0eba7274a1ee0fdeb53d17ea99,220b82862b9aafdcb492730f9e3a575f,delivered,2018-03-21 11:26:08,2018-03-22 02:56:20,2018-04-03 23:19:13,2018-04-10 23:55:21,2018-04-16 00:00:00
742dbb1a78c6cd58266bd0ee8fa0c89e,4fc64c2ce4ee430857b759ef0242873a,delivered,2017-12-14 23:39:28,2017-12-14 23:50:35,2017-12-19 19:27:47,2017-12-28 00:48:02,2018-01-17 00:00:00
70b746f6d25c9df56e8e41bc05da3f1c,0c1ce64a6c962bfba2c87a6515b0be91,delivered,2017-05-01 10:39:07,2017-05-01 10:50:16,2017-05-03 15:22:22,2017-05-17 10:44:03,2017-05-24 00:00:00
55c5a129994903e122566941b7c4189d,116a414505bdc6407434a0ed928a47ad,delivered,2018-07-15 11:28:15,2018-07-15 11:44:21,2018-07-23 15:08:00,2018-07-27 20:12:34,2018-08-21 00:00:00
b6659c782155d09b529dc57d587fd87d,35f10361a2b8d0440ae0d8a650139e46,delivered,2017-09-30 21:55:40,2017-10-03 04:14:27,2017-10-04 14:35:14,2017-10-14 12:29:43,2017-10-30 00:00:00
8dc119de90a425151daffdb131bbc779,34477fff7db585afabb325d9607cc560,delivered,2017-07-28 14:56:02,2017-07-28 15:05:20,2017-08-02 17:22:13,2017-08-09 17:14:28,2017-08-21 00:00:00
17a99f37c9e5cdf9e15df2b7d7e4df3a,ddebb2c1ef54d5d045ebfa082cf869da,delivered,2017-10-01 22:25:26,2017-10-01 22:35:24,2017-10-03 15:28:57,2017-10-09 21:44:30,2017-10-18 00:00:00
1afbdc6ed9143871e5b8be14ce2762e0,2f32cc670061125271017f98f73addde,delivered,2018-01-20 20:00:12,2018-01-20 20:20:20,2018-01-22 15:19:10,2018-02-02 05:02:37,2018-02-19 00:00:00
36138672074a247040d772897526e427,eb097f0bc1c67934f3172862f49f082d,delivered,2018-05-02 00:19:37,2018-05-03 04:32:55,2018-05-04 14:10:00,2018-05-10 20:27:04,2018-05-25 00:00:00
187530cc7669030a3535f758f769165d,44cee6676b4cf6680ff8b82493a57cf4,delivered,2017-03-06 15:32:18,2017-03-06 15:45:13,2017-03-07 11:16:22,2017-03-10 10:33:16,2017-03-23 00:00:00
be4768dd055593866bead9520f676029,591ba9118b21ba061acf202b9c5b6e0a,delivered,2018-03-13 20:44:16,2018-03-13 20:56:23,2018-03-14 23:54:24,2018-03-21 00:08:45,2018-04-16 00:00:00
37e1cfbabe363c0b6c56f4d3c4b5f752,2e8e710ac67cdd26eccfea7c39f2fef7,delivered,2017-04-28 18:28:34,2017-04-28 18:43:10,2017-05-02 14:54:33,2017-05-15 17:11:37,2017-05-26 00:00:00
b4de3b7a1fd0c8b6481454b3e3c02a52,89826e838207100cbb653011a5756080,delivered,2017-03-16 11:14:28,2017-03-16 11:14:28,2017-03-20 08:02:08,2017-04-06 07:33:17,2017-04-25 00:00:00
e9d40a10468b79b4c35c82f1bf078545,a566b9ac72621f15bf0438dc1bdd95a3,delivered,2018-02-27 12:21:57,2018-03-01 02:50:46,2018-03-08 13:33:05,2018-03-09 23:14:39,2018-03-28 00:00:00
491d54c8505befdde05293e4e97c16cb,6cf57791f71aa8069fa4aee6c48d9d8d,delivered,2018-07-29 16:04:47,2018-07-29 16:24:17,2018-07-30 11:19:00,2018-08-07 23:46:28,2018-08-09 00:00:00
f885037230ad5460192a6a2c609af8d9,10db7a938590915abf795e3756ec4d0f,delivered,2017-03-11 16:55:15,2017-03-11 16:55:15,2017-03-20 10:54:03,2017-03-28 15:18:05,2017-04-18 00:00:00
dd103933801d1fccfa8cf84150eae10a,b412429b3fdd145935b685097b6bc88b,delivered,2018-01-05 13:56:55,2018-01-05 14:32:01,2018-01-08 23:08:07,2018-01-16 18:33:35,2018-01-30 00:00:00
45435ca6ad009bf6d0b66e2c375a21d6,74021b5668446a550ea808a67d54fa87,delivered,2018-08-15 14:55:06,2018-08-15 20:18:23,2018-08-16 11:49:00,2018-08-18 00:02:42,2018-08-22 00:00:00
65f0f32bf61ebe1f0fd39ef5c56a583a,3cea834e27d1758a55deea9a52e66e40,delivered,2018-01-17 10:39:45,2018-01-18 10:31:37,2018-01-18 22:04:29,2018-02-02 21:32:52,2018-02-14 00:00:00
a77391cdf600460b495855e76f6938c8,63a8b0b5f3e4542aba902611b5f4655b,delivered,2018-07-15 23:40:46,2018-07-16 00:35:17,2018-07-16 13:09:00,2018-07-20 15:12:01,2018-08-03 00:00:00
b983574a488ab6b6bf5355f8ea775f7e,b1b12d4f09aac15cf601f1dcab1897eb,delivered,2017-06-05 20:46:48,2017-06-05 21:04:21,2017-06-06 10:06:12,2017-06-13 16:04:54,2017-06-28 00:00:00
963dd4dc90067e6cc40c3ddb89e991be,44d9f3ae381deda0c279fae4135ab153,delivered,2018-04-30 18:56:11,2018-05-01 02:10:56,2018-05-03 16:51:00,2018-05-21 12:58:53,2018-06-04 00:00:00
01358622f65717728b3b2ec2cf4e8812,21307401801cf2242315563c89d8b9fb,delivered,2017-10-28 22:00:08,2017-10-28 22:10:14,2017-10-30 18:45:28,2017-10-31 18:08:15,2017-11-10 00:00:00
20085191cbcabee83a2016eb4a9fbf21,ee19ddfbb2f016e6e65d8c2f159a725c,unavailable,2018-02-26 09:54:44,2018-02-26 10:16:13,,,2018-03-16 00:00:00
d9b4ededbb6c5f5e5afa0e7cc2a5dabf,e417c8315d721358f514b9cbce0b665b,delivered,2018-03-05 12:45:19,2018-03-05 12:56:13,2018-03-08 23:51:22,2018-03-16 18:06:01,2018-03-21 00:00:00
7dc8487f60263dbf289600757f5c6f99,8a8440c5a7fd24d8bd07df72f6abf753,delivered,2017-05-22 22:21:31,2017-05-22 22:30:16,2017-05-24 12:14:23,2017-05-26 09:58:01,2017-06-29 00:00:00
4649bedb89b61c0d443ab07ece8b17ac,5d72529b6ab4493b72ba6a4debce51d5,delivered,2018-05-09 19:59:32,2018-05-09 20:14:11,2018-05-11 08:06:00,2018-05-15 20:02:55,2018-06-13 00:00:00
aa12a07df2b43bc0d2e8ebebd7271879,29d79aeed09623a1ffc16ff0d5d05ba7,delivered,2018-04-04 20:43:55,2018-04-04 20:55:29,2018-04-16 20:19:17,2018-04-25 11:24:38,2018-05-03 00:00:00
29867728eef5282c4181cbed99246268,3306b138f542d4f9ad7d9b59ffe3b83e,delivered,2018-07-15 15:34:42,2018-07-17 07:31:35,2018-07-18 13:28:00,2018-07-24 18:32:05,2018-08-10 00:00:00
f4b75a851727133860699dd7a8acda5f,2b02d032edb6e61872c6a7869e7e52c2,delivered,2017-12-01 14:18:33,2017-12-02 10:18:39,2017-12-13 15:19:22,2017-12-26 17:48:53,2018-01-09 00:00:00
bb49c47a5800aa19d5212ffb33038a55,1b78708c0a7202e040b9c50acedbdc6f,delivered,2017-10-09 15:25:30,2017-10-10 03:26:57,2017-10-10 13:44:05,2017-10-24 19:06:56,2017-11-09 00:00:00
3347d1c2249e2e53f4ebb12db1ebdf91,73b30fa5dd4c0ae9bf6a4659bca928a8,delivered,2017-09-26 20:26:12,2017-09-26 20:49:20,2017-09-28 19:00:18,2017-10-03 23:13:20,2017-10-19 00:00:00
d077407f0f6dccff3bb4224b3aaec82d,b6ca512b8c0c1de7c9ab1a742da52d4e,delivered,2018-08-02 15:57:37,2018-08-02 16:30:46,2018-08-03 17:40:00,2018-08-06 18:34:35,2018-08-07 00:00:00
53c76273765484d43a78ad7375d2298b,367f881e0ee513cc57aff2ee105b0e88,delivered,2018-01-31 18:03:57,2018-02-02 07:31:21,2018-02-06 00:51:18,2018-02-16 23:51:58,2018-02-23 00:00:00
a04e5564f7cbcf78fee1ccaab8d3b0f2,3f83e6393c2e518068d45d536424ccba,delivered,2017-04-20 12:22:59,2017-04-20 13:06:24,2017-05-22 08:38:57,2017-05-24 11:12:30,2017-05-10 00:00:00
31001a77165dd554fcc32640defe98a1,cc3eee250369621d282cee76b06935e7,delivered,2017-11-27 08:51:19,2017-11-29 19:58:28,2017-12-06 16:43:15,2017-12-28 15:22:16,2017-12-21 00:00:00
24759f3ad867f833fc09e69987719d52,1fb7addf69570523e63db8ac2f5c9923,delivered,2017-02-19 09:32:13,2017-02-19 09:45:17,2017-02-22 08:42:33,2017-03-14 12:47:43,2017-03-21 00:00:00
81b1c5ab3c30ee9f67392bbd60dc0f58,015c9c9ba7524dcb69a8a6d2f383db8c,delivered,2017-09-27 13:28:47,2017-09-29 02:14:19,2017-10-04 20:57:47,2017-10-09 22:23:03,2017-10-23 00:00:00
feea76ccb6f2e1daae9c52ad70d24a09,934404a128b7233cbf982b5dfae985af,delivered,2018-01-18 15:17:55,2018-01-19 02:37:54,2018-01-23 15:47:57,2018-02-05 23:52:41,2018-02-09 00:00:00
812a3cd39ef8ee7455ea166a05534b0a,835db60e0407215c179aacec8574ddc9,delivered,2017-12-06 21:12:08,2017-12-06 21:29:58,2017-12-07 22:19:05,2017-12-14 15:37:05,2018-01-02 00:00:00
edf0616bd376b3416b676c10dffad049,91f5c89b6c85928de6df8cc711577efe,delivered,2017-07-16 02:28:22,2017-07-16 02:43:19,2017-07-26 03:16:28,2017-08-29 22:26:04,2017-08-24 00:00:00
f15823135aadc5deaa75fac279913c00,f5596c5e0f2741d56e462d9737cb8972,delivered,2017-12-23 10:23:30,2017-12-23 10:30:23,2017-12-27 21:37:49,2018-01-08 23:13:03,2018-01-19 00:00:00
7571d2e7a9f69174c92679c6018a13ee,572809338c1b14b317ca25b3981cd133,delivered,2017-08-18 16:54:56,2017-08-18 17:35:16,2017-08-21 19:24:43,2017-08-22 19:04:09,2017-08-31 00:00:00
d1b16860e7b68a8ab13eb5c3327aa758,03429d54443e1269399f0e20eefd7512,delivered,2018-02-16 16:24:15,2018-02-17 03:35:33,2018-02-22 01:07:16,2018-03-05 21:09:20,2018-03-05 00:00:00
fb37932de0ff192d4c2a5054de38bca1,d8328c8f7eed994c605f576e590d014c,delivered,2017-11-24 22:23:58,2017-11-25 01:31:36,2017-11-29 20:16:33,2017-12-07 18:58:42,2017-12-19 00:00:00
0e63c49b5c63653dcea73c7e37166112,ecd0cc4b88a538583a63d8bfa1d17a74,delivered,2017-04-18 15:09:35,2017-04-18 15:30:12,2017-04-19 11:06:07,2017-05-09 22:28:02,2017-05-19 00:00:00
f1b7981b1f973562b7093fef02351b64,cdeaec3f8528e3be6e375bc600645c72,delivered,2017-05-30 19:42:05,2017-05-30 19:55:17,2017-05-31 14:35:35,2017-06-19 16:22:31,2017-06-22 00:00:00
57036fa92425953d26c370e6fd4b3943,d824ec16e5d17a3e12b51b5b6fdeb2e5,delivered,2017-03-06 01:03:37,2017-03-06 01:10:15,2017-03-09 09:21:57,2017-03-13 12:15:11,2017-03-27 00:00:00
3624eadd61b06f751ee55ea522226e3b,2f56514539e882df540e387ae35f2dd1,delivered,2018-01-07 16:55:48,2018-01-07 17:07:12,2018-01-09 17:07:40,2018-01-11 15:20:01,2018-01-24 00:00:00
842e431b8a715723dec813ec65be3f55,d5b758eb06118bb42e99c0d2b9ec22db,delivered,2017-12-05 19:10:29,2017-12-05 19:30:21,2017-12-07 19:17:19,2017-12-30 15:23:29,2018-01-02 00:00:00
352096b87a2e9b123d84ec3f1380d8a9,3cd215d1f5e1965177ecbce1f46dbdad,delivered,2018-04-18 15:41:02,2018-04-18 15:55:52,2018-04-27 14:40:00,2018-04-30 16:12:54,2018-04-30 00:00:00
5342b9531898bc55c9af92a2c49dbfba,2d48c2c84b9087df5df0815193fa1ed6,delivered,2018-04-11 18:23:36,2018-04-13 13:30:14,2018-04-18 17:46:51,2018-04-24 00:06:49,2018-05-09 00:00:00
6fc329fc5cf04756f90764baf31daa17,ac8ef6ef5bd4441da783f9b6abafa0af,delivered,2017-09-14 18:50:44,2017-09-14 19:04:53,2017-09-18 18:03:37,2017-09-30 15:42:27,2017-10-17 00:00:00
6ffdfdfb37aadee7183542be7b825777,e0420a848706f881619bfe32bbe22b2b,delivered,2017-08-12 11:24:12,2017-08-12 11:35:12,2017-08-15 15:27:41,2017-08-22 20:10:09,2017-09-13 00:00:00
86f452af7e6c8314fa5b43b768eb9d0d,2990678379ad404c1f529701dbdb157e,delivered,2018-07-19 13:50:48,2018-07-19 14:03:01,2018-07-19 15:34:00,2018-07-28 14:18:31,2018-08-08 00:00:00
a6e7e7222c014201fbfcdfb8c4593ce7,4a4bc5301ac979c57a95bef67041937e,delivered,2017-12-07 15:00:39,2017-12-07 15:43:06,2017-12-08 22:18:25,2017-12-11 15:32:59,2017-12-27 00:00:00
87d092cb0dcd08b672315eacc525d8bc,f8f6c5761c03da3f964b3aa9dc5e37f3,delivered,2018-05-03 13:17:54,2018-05-03 13:34:25,2018-05-03 15:28:00,2018-05-21 13:58:52,2018-05-28 00:00:00
baca011f486fa4b0fd171c68fb8957c9,4dd8be21997b67cb6bdb882ad1137f15,delivered,2018-08-11 12:47:25,2018-08-11 13:04:24,2018-08-13 12:21:00,2018-08-20 16:38:57,2018-08-29 00:00:00
a73d469a8747dea1740e9545d1051002,fa5e5ede73e8f02fe888b6f3bd44a714,delivered,2018-08-27 12:41:49,2018-08-27 13:15:50,2018-08-28 15:07:00,2018-08-30 22:24:46,2018-09-10 00:00:00
066debbd2c7642782a8fa6ec60fb6722,843492ad5fcb23eda76867776a3cea2f,delivered,2017-12-04 15:17:54,2017-12-04 17:22:39,2017-12-06 23:49:07,2017-12-13 22:35:23,2018-01-04 00:00:00
3a2abdde2d9547be9828b598160bd25a,4da765d9231dcdd0343372cb7c0aea0c,delivered,2017-08-26 15:22:41,2017-08-26 15:35:15,2017-08-28 19:56:33,2017-08-31 16:05:37,2017-09-14 00:00:00
58ac90861e40974e190198a79144f7d0,ca8c954d9a1f49a7c8677a4c033fc913,delivered,2017-06-01 21:28:03,2017-06-02 21:35:09,2017-06-05 11:33:47,2017-06-12 18:18:27,2017-06-28 00:00:00
0cd0bff6841594d9006994fcfbf3e44b,b299a44de561de2dbfc8fa91dd704af8,delivered,2017-08-02 09:07:50,2017-08-04 02:35:18,2017-08-04 18:43:41,2017-08-16 20:39:43,2017-08-28 00:00:00
a0ba767f45d100f0a10b9c7c5ffe077e,77ab6ec3ef988005ffe95743990808ee,delivered,2017-05-30 20:32:45,2017-05-30 20:45:17,2017-06-05 17:38:33,2017-06-14 17:33:52,2017-06-26 00:00:00
cc101c96c9b05fb5b3ed39f35a15995f,1fde5180f7129ed9d42921fb641b768c,delivered,2018-06-15 07:06:19,2018-06-18 11:02:23,2018-06-20 18:14:00,2018-06-25 23:03:51,2018-07-11 00:00:00
55bb87b958949d33812cf0a037320db7,f1ba014aeb480e2059ec74c58715c789,delivered,2018-04-15 19:39:10,2018-04-17 05:55:26,2018-04-18 23:02:48,2018-04-27 23:12:32,2018-05-21 00:00:00
fcaa27705f4857554664f4e54825d593,0f4fdd519d9533f65a7190ae9a25628f,delivered,2018-05-22 09:10:27,2018-05-24 02:18:38,2018-05-30 14:41:00,2018-06-06 19:03:19,2018-06-22 00:00:00
4ee652dab819aa02ee2c18e9375146c8,a60b83e02b730c9347ece8bc68e79cc5,delivered,2017-06-30 10:51:10,2017-06-30 11:04:02,2017-06-30 17:19:48,2017-07-06 17:42:52,2017-07-20 00:00:00
400476a0437490391fa7b509434ccf53,b4d6740dc65324242332aea664f707f3,delivered,2018-04-30 20:53:11,2018-05-01 03:15:27,2018-05-02 16:58:00,2018-05-10 19:39:21,2018-05-29 00:00:00
ddf732195968469df311feb9d52e542a,4491394c47b830b8d4c14645d4c55344,delivered,2018-04-21 21:06:08,2018-04-24 19:21:40,2018-04-25 12:44:00,2018-04-26 18:56:49,2018-05-04 00:00:00
085c76ec2a854d66417d0dddc622adb0,46cba3072f7ba5816dfcf09245ae676d,delivered,2017-05-09 22:29:06,2017-05-11 04:22:38,2017-05-19 17:08:00,2017-05-31 17:12:53,2017-05-29 00:00:00
b77c7b2203310a5160f61121eaf97415,3318893afb474b7b706d3f99bbe7038d,delivered,2018-07-23 10:53:28,2018-07-23 13:31:03,2018-08-10 11:51:00,2018-08-20 23:46:34,2018-08-13 00:00:00
84be7c64b278c1dc955e62970dea11c7,df44fe608faeb3d5e1186cd91f02f040,delivered,2017-05-19 16:09:06,2017-05-19 16:22:36,2017-05-26 14:05:41,2017-06-01 17:22:14,2017-06-14 00:00:00
85753864d88f4986b209b6e2b035fd3b,f3eadc8ea3f4d94285eaa4e05a0a7c6e,shipped,2018-01-05 15:22:44,2018-01-05 16:13:31,2018-01-12 13:56:19,,2018-02-05 00:00:00
5ac307bf9cc42cc06491535dfd5b87ab,0353600c1d2362be0bd0aae14133bd1a,delivered,2017-11-11 21:48:45,2017-11-12 21:55:36,2017-11-14 22:19:36,2017-11-21 18:22:32,2017-12-01 00:00:00
0460d320a0a3d5a59cbc08636053751b,693214577dcce707468e89aee554cd90,delivered,2018-07-25 19:55:29,2018-07-25 20:05:15,2018-07-26 12:26:00,2018-07-30 13:18:36,2018-08-09 00:00:00
c3efced6bf6cf822e0fafd1c90b303d3,b2c8b552197447d6505dd622e60a4cd7,delivered,2017-11-14 00:01:10,2017-11-15 00:10:44,2017-11-17 22:54:28,2017-11-27 19:18:16,2017-12-13 00:00:00
152c2472d13abe1c989b66d0a8c2dac9,b1bd6e32de08eb41082fac5622c75fad,processing,2017-10-15 14:58:12,2017-10-15 15:14:09,,,2017-12-11 00:00:00
38920184572395a482db42cb4c8e1067,214bfa16b119c00cf6883e976038c1a5,delivered,2018-01-04 18:30:19,2018-01-05 02:36:36,2018-01-08 21:57:33,2018-01-12 10:47:13,2018-01-29 00:00:00
16c9149a437c7d21f682dd7d693985f0,095e3c71150ecfd3408fcacac37fd762,delivered,2017-08-08 02:24:08,2017-08-08 02:35:12,2017-08-09 18:43:24,2017-08-17 18:53:34,2017-09-05 00:00:00
fd8ae066cb36d75d6a3679bb30370c39,5a7c460ee5e0b6156ebbe1e50c74cb2d,delivered,2018-08-07 21:54:25,2018-08-07 22:05:20,2018-08-10 12:02:00,2018-08-16 16:18:45,2018-08-22 00:00:00
87fd335973d9705b9c82ee68d314a8c5,190b3a7bceb7d7529c7013d8d25202ad,delivered,2018-05-02 13:52:23,2018-05-02 17:54:03,2018-05-03 10:33:00,2018-05-04 16:04:27,2018-05-18 00:00:00
3a0855d32f10ac8041aaa2e84ba0bbc0,fac9298d311758a73a72867d032ba175,delivered,2018-03-12 10:02:53,2018-03-12 10:16:18,2018-03-15 22:57:32,2018-04-02 15:54:24,2018-03-28 00:00:00
d6e4c66836507e15b054fd436417a9d0,30aa6e2e5bce6448ef6c3a0bfca52806,delivered,2017-10-17 10:04:01,2017-10-17 10:14:44,2017-10-19 20:53:03,2017-11-17 15:58:59,2017-11-10 00:00:00
b8f907da9cac0beecc557cc50b6b02ef,4bc8074eead7a2f7b36765ef9014148a,delivered,2017-03-03 11:02:44,2017-03-03 11:15:14,2017-03-06 07:05:29,2017-03-20 15:47:28,2017-03-31 00:00:00
0ff2ccfa60758f3655e2f18156bb80ae,7b6ad38e2915f65673cc3068c660dfd1,delivered,2018-04-14 14:50:11,2018-04-14 15:10:25,2018-04-18 22:38:42,2018-04-25 21:34:41,2018-05-09 00:00:00
45df056976e1015aa17da9c75858579b,e9b740eb3de4a7e8a66c891c777b87f8,delivered,2017-12-09 09:44:23,2017-12-09 12:37:18,2017-12-11 23:36:36,2017-12-20 16:35:05,2018-01-12 00:00:00
ef31140c3893af9ea1b480e8c33f4fcd,930e15ffc7331e28283aaff828c3a1dd,delivered,2018-01-17 11:09:52,2018-01-17 11:30:53,2018-01-19 01:18:28,2018-01-25 19:11:59,2018-02-19 00:00:00
5f45459bf082afe966e284649de7df96,7a280344ab17d6b3ca09592444f943b4,delivered,2018-07-21 11:57:20,2018-07-21 12:05:19,2018-07-23 13:09:00,2018-07-27 18:24:33,2018-08-06 00:00:00
47e8ba7c05a52927e500dfc927b74031,94d5ee043c24f4eddfb22dc2bf38deb4,delivered,2018-01-30 15:29:52,2018-01-31 13:31:40,2018-02-05 15:22:13,2018-02-06 20:15:15,2018-02-15 00:00:00
376ae7556f341edea2995422a5fa74a6,38e8b91748adac314f46a476f648f8c7,delivered,2018-06-27 13:05:06,2018-06-29 02:53:19,2018-06-29 09:03:00,2018-07-02 14:52:52,2018-08-01 00:00:00
23fecfa4bb4a22fea354fcab23bcf1cc,d8f217f3a8862f9b10d4dced8128d572,delivered,2018-02-14 09:58:15,2018-02-14 18:35:40,2018-02-23 03:49:41,2018-03-21 12:24:42,2018-03-13 00:00:00
478e0f644b5e774c5ba7f6196c77fc61,418d9907028a270989a15259ebe42e8b,delivered,2017-05-18 08:00:43,2017-05-18 08:10:11,2017-06-05 15:25:38,2017-06-19 13:45:38,2017-06-21 00:00:00
4fc086ac405e656d6a0462a18802cc28,df7fdcf45f4eb3ff483dabc694bea9de,delivered,2018-01-16 18:18:18,2018-01-16 18:29:47,2018-01-17 22:42:42,2018-02-01 00:12:18,2018-02-16 00:00:00
f907eb5eddb04b68f52bbba38b075e8d,79f25ca3e3ffdecc5ff884d8c2e61dc8,delivered,2017-11-22 07:54:51,2017-11-22 08:07:20,2017-11-23 14:21:29,2017-12-09 15:34:39,2017-12-12 00:00:00
6d1590646b6c320a92101bed4984f0e2,fa740e3640ed3a4f993e00a1a0b73ebd,delivered,2017-12-21 17:11:28,2017-12-22 17:10:51,2017-12-28 20:38:10,2018-01-03 19:22:49,2018-01-19 00:00:00
0cb398989a2bafd3944803b5427a622d,c57651797d7dca0e93258700748d3d7f,delivered,2018-03-25 21:20:12,2018-03-26 21:15:25,2018-03-28 11:28:44,2018-04-05 00:28:50,2018-04-19 00:00:00
45292053a3683625e6bdfdb876eee3ef,7becbba5a47b3e5b4c9d09bd956f4d4f,delivered,2018-03-19 00:03:41,2018-03-19 07:50:42,2018-03-21 18:52:34,2018-04-02 21:35:28,2018-04-06 00:00:00
0a5235f11c613716411d3a631d55fc60,6c6e923ab3cbab96efabb3cf786653bb,delivered,2017-06-15 18:58:28,2017-06-15 19:10:24,2017-06-20 11:17:03,2017-06-22 15:38:12,2017-07-06 00:00:00
05c63e6b53127320a7768d19898ac320,efcccd5eaf8ce8883708e4589cfbe585,shipped,2017-09-26 07:53:38,2017-09-26 08:07:12,2017-09-26 16:43:49,,2017-10-25 00:00:00
26ed76d9ca565506c2d4c50fd5fc323b,27914729140e0b9e30458f92c83baa05,delivered,2017-10-23 10:24:36,2017-10-23 10:37:03,2017-10-23 19:11:23,2017-10-24 16:48:52,2017-11-03 00:00:00
9a2ce34bdd75611944aecbd0dfc9cbbe,9c54a6b24fbd93cd769c37d26573118b,delivered,2018-01-26 20:45:43,2018-01-26 20:58:26,2018-02-14 20:38:38,2018-02-20 22:11:49,2018-03-02 00:00:00
3c8aa4e17d7d0b7a6b3c5f8ea6d36038,c8b2f0378ceb06c867200b203223d13e,delivered,2018-06-30 14:41:10,2018-06-30 14:50:11,2018-07-02 12:22:00,2018-07-06 18:30:34,2018-07-24 00:00:00
680caaeaa537d89cb256b5538bd02773,3fea3d755a5a58b1ee95755f4d68efd4,delivered,2018-08-16 14:03:25,2018-08-16 14:15:17,2018-08-17 12:24:00,2018-08-25 12:13:18,2018-09-06 00:00:00
b3c20d53be137128e8ae69ee76a60326,bdc6a9fb78c7bc3357e405a272342bc2,delivered,2017-05-08 22:48:43,2017-05-08 23:02:41,2017-05-09 15:16:27,2017-05-10 09:25:40,2017-05-19 00:00:00
71ca3bab201007339dfb592df2d185d4,ac9b518157bd24e321650a1a3f7eaf65,delivered,2017-10-23 19:29:00,2017-10-23 19:45:46,2017-10-26 13:39:50,2017-10-31 21:09:50,2017-11-14 00:00:00
138db286991b7cc18370680e5f5154da,fd0fcdbd68483dafd1be738a3879afff,delivered,2017-09-08 00:05:47,2017-09-08 00:25:24,2017-09-11 15:37:59,2017-09-21 17:49:06,2017-10-04 00:00:00
367258cb8adb7d125d3c49861d32497f,28b087b4cc65d6fcf8043e95f978de32,delivered,2017-08-06 21:30:58,2017-08-06 21:45:17,2017-08-07 18:33:55,2017-08-23 20:37:25,2017-09-11 00:00:00
6f78a74ebcd33afa2bccc0c0a82ff04a,abb3c38326d02b67b1912e2d7a87d735,delivered,2018-02-13 10:20:55,2018-02-15 03:51:08,2018-02-21 10:53:36,2018-03-02 16:18:38,2018-03-13 00:00:00
f099e6fb7d901d838db4dfd5f2bfe249,8a45db04a785a6086103d0bc795f74a6,delivered,2018-01-24 13:03:39,2018-01-25 02:58:08,2018-01-29 21:18:54,2018-02-03 15:53:30,2018-02-16 00:00:00
2b1b3e27032562816a63a8472681a344,f6b4c6a33d8851dfbfbb35517fa7d6d7,delivered,2017-03-22 15:56:54,2017-03-22 15:56:54,2017-03-27 10:05:52,2017-04-07 12:59:45,2017-04-24 00:00:00
513aeb569eda09cb3e7bf6aae2ddcdc4,feedd5ec61cfc3b216599c09345069ce,delivered,2018-07-31 14:39:51,2018-07-31 15:40:13,2018-08-02 11:30:00,2018-08-09 13:38:40,2018-08-20 00:00:00
41f5e3f5a534e0af91f17caed45b97db,8da590ff9a8f6c931088fef959e93c7e,delivered,2018-03-24 10:16:39,2018-03-24 11:28:37,2018-03-28 20:50:59,2018-04-03 23:32:44,2018-04-12 00:00:00
b0b2c1eac18964a383e18b20e718e806,fe955316fa2ecdc7cf6c136dab7fdf1b,delivered,2017-10-07 11:45:08,2017-10-10 04:14:24,2017-10-20 20:45:34,2017-11-02 14:58:50,2017-11-08 00:00:00
ba8725726da21140bbe12319d7369d39,f841ff6d8a0fc9f81895b8a4c82fc779,delivered,2018-08-07 09:49:28,2018-08-07 10:05:23,2018-08-07 15:08:00,2018-08-14 22:42:25,2018-08-28 00:00:00
78af4d32fa98a1435686699030cbc1bf,14771e5438c96d48727f0abcc82a0f9c,delivered,2017-09-05 14:55:34,2017-09-06 02:55:23,2017-09-06 22:03:13,2017-09-11 19:13:24,2017-09-25 00:00:00
9d53d672d0f8a9f2884dbf37bbb4d7fc,d15b4822b0f37b8463bfebc5c82608ef,delivered,2018-02-28 14:07:13,2018-02-28 14:31:05,2018-03-01 21:06:36,2018-03-27 00:05:49,2018-03-27 00:00:00
c82fe0a88b7cc1ab65215b3ddd3d6000,7879a620ff6156a091fe7a57f92720cd,delivered,2018-05-22 08:05:14,2018-05-22 19:17:25,2018-05-24 13:55:00,2018-06-04 17:58:47,2018-06-07 00:00:00
fbfad390c633c114671b200fa2979b7b,de5287cb904d178cb3f21c27c0d96b84,delivered,2018-06-02 21:23:09,2018-06-02 21:35:12,2018-06-04 13:15:00,2018-06-18 19:08:28,2018-07-12 00:00:00
00daac8efd71674d62356c2a306d1e4c,2b99e152f2351410951c503a2f6a2d7e,unavailable,2017-11-21 19:20:25,2017-11-21 19:29:26,,,2017-12-12 00:00:00
698718954b64ad9f11e9ef210e72d100,cbc38fd363bb1b56f5afd2e56123c3a3,delivered,2018-08-19 13:02:11,2018-08-20 11:49:46,2018-08-21 15:08:00,2018-08-22 22:02:43,2018-08-31 00:00:00
36a808b6fa3c174f916654743fa82b1f,9ece2977687cc1d1a6a9e470881db6cc,delivered,2018-04-30 09:51:50,2018-04-30 10:15:48,2018-05-02 13:38:00,2018-05-03 17:18:41,2018-05-14 00:00:00
c80905206d43c8d2105bc9c7fee90ae5,c8a973f6bdd3f34ad7e9bcc84e9b6fae,delivered,2017-03-22 20:23:47,2017-03-22 20:23:47,2017-03-27 12:14:10,2017-04-03 16:37:41,2017-04-24 00:00:00
95417f5a4c30e5e8d627362f281bdb1e,5b1b1346e003cb0b49f547bedcc21f5f,delivered,2018-05-18 12:41:13,2018-05-18 12:57:47,2018-05-21 14:42:00,2018-05-28 12:38:02,2018-06-12 00:00:00
d360a6c1f7b7eb35282e2c574c5cbf8c,0da103714d9838fca662d39c8335322a,delivered,2017-07-25 16:49:28,2017-07-25 17:03:23,2017-07-26 19:56:38,2017-08-05 14:47:32,2017-08-16 00:00:00
b330d4bdde86ff11a726ee57dd2a7d75,dfac72372f9e21b7edd69eddd81c7b63,delivered,2016-10-05 22:24:40,2016-10-06 16:06:05,2016-10-14 18:31:23,2016-10-17 19:31:23,2016-11-25 00:00:00
241a5c06b9d7d5cdc9df0d2157f5be9e,9603268837cee8403f0ab1cd6cb39c7d,delivered,2018-01-10 10:24:07,2018-01-10 10:35:32,2018-01-11 18:49:24,2018-01-15 16:18:53,2018-01-24 00:00:00
4047217c6029782c1996e3cec14ef005,7c912bf7e7b05be2cc0a11c603a6332d,delivered,2017-01-26 23:41:13,2017-01-26 23:50:17,2017-01-27 10:15:52,2017-02-06 10:15:33,2017-02-22 00:00:00
5b82c22a00fe66ed0c0802552bc2d8dd,cd1ebef5484bc13677e36bc77edc42bc,delivered,2018-05-15 20:14:33,2018-05-15 20:33:12,2018-05-16 13:27:00,2018-05-21 23:12:35,2018-06-08 00:00:00
3206db48a35131540e67f96b35a30ceb,b29bbda363ff12ef560a07d075e3a82c,delivered,2017-07-13 14:52:54,2017-07-13 15:05:17,2017-07-14 16:44:45,2017-07-24 20:13:35,2017-08-08 00:00:00
96ec69be415af025f08688f1fa8b2d02,4f59a5ae9f9bd9028e34ff7059119ddf,delivered,2017-11-21 21:20:20,2017-11-21 21:28:25,2017-11-22 23:54:54,2017-12-05 20:09:57,2017-12-11 00:00:00
1c8eb5af70baf6e4b24cb34d8a8df501,2086f96c2dbc3656d9843850da7e8ca9,delivered,2017-07-01 09:30:08,2017-07-01 09:43:42,2017-07-04 19:02:19,2017-07-13 19:15:26,2017-07-25 00:00:00
7e1513d1c3dcd78268465d40ac95561b,b39743b29a319d8dfc815e877302a616,delivered,2017-10-29 00:03:55,2017-10-29 00:25:48,2017-10-30 19:17:56,2017-11-07 20:21:27,2017-11-22 00:00:00
e9218bd99902f989cd719d7fd0c97e8f,c20623c847b639afa4afab62d1f0f3f9,delivered,2018-07-02 22:03:35,2018-07-02 22:30:29,2018-07-03 15:16:00,2018-07-04 15:09:03,2018-07-16 00:00:00
032e68585bbc07ebb038769737b9410f,5a31a9de95459eb5b6930f540a1b368c,delivered,2017-06-09 17:27:45,2017-06-09 17:42:43,2017-06-12 13:52:14,2017-06-26 17:36:36,2017-07-10 00:00:00
5b6e82f76cdae6678ce541e6f72c9b01,a293defffa2a7b3ebf36a12720450eff,delivered,2017-06-25 20:55:51,2017-06-25 21:06:57,2017-06-27 13:37:55,2017-06-28 12:19:54,2017-07-07 00:00:00
cdc3df0761ce26f0f930079673444a04,1e7ef303479b8085a9e8d59dafa5a8e0,delivered,2017-09-27 12:01:09,2017-09-27 12:14:17,2017-09-28 13:53:40,2017-10-02 17:19:24,2017-10-27 00:00:00
2914261304b677c941947ce10f6424ec,6660fb67b7a37e9e3542b5ad38a5f2ad,delivered,2017-08-02 11:03:11,2017-08-03 03:05:54,2017-08-04 14:19:37,2017-08-15 21:05:24,2017-08-24 00:00:00
5fdab414c63ae3857866968ef3104328,2d0c80dd7a25610af4d8171318c4c1ce,delivered,2018-06-23 22:12:28,2018-06-23 22:35:00,2018-06-25 13:39:00,2018-07-09 20:20:43,2018-07-23 00:00:00
a22775141b5e773fb0dec808e36bf9f4,9596cd16cfef60f8c7ec8c8d78d008f4,delivered,2018-08-03 09:47:50,2018-08-04 04:15:37,2018-08-09 12:12:00,2018-08-22 23:41:44,2018-08-30 00:00:00
c811a0a169f6226a82aa3cc2c6229897,e30ee9cb305181ee6c6e995c68f37583,delivered,2017-03-16 16:55:28,2017-03-16 16:55:28,2017-03-20 08:35:54,2017-03-21 11:27:51,2017-04-18 00:00:00
927a6b1ef2d0f3d510b0aa14885919ff,6d1d259349c3354c9a4afefefc776b4c,delivered,2017-09-20 23:02:46,2017-09-20 23:15:13,2017-09-21 19:14:21,2017-09-25 09:42:44,2017-10-05 00:00:00
9b284ead0b827957b9e9ee5f48128bd5,615fbe297f3f877ee5bf7b9ff3254fdf,delivered,2018-07-11 19:32:26,2018-07-11 19:46:01,2018-07-13 14:48:00,2018-07-21 00:02:56,2018-08-02 00:00:00
3c6956bf8f0e149d42761d50bf2ccb84,20880149166c1e70a7e235e486e3ff00,delivered,2018-06-24 10:34:31,2018-06-26 05:37:15,2018-06-26 15:10:00,2018-06-28 16:48:51,2018-07-05 00:00:00
6d6175b9c1b238c3d6b510b070f96ed1,fa99f5ddc38935d3f0fc67c775b9db1a,delivered,2017-12-21 12:12:42,2017-12-21 12:32:27,2017-12-22 10:51:42,2018-01-13 12:28:11,2018-01-29 00:00:00
3b0d3aa4a3663e2dfe9db5717d70d5a9,d473db85c392fee4f94c300cf4ddc792,delivered,2018-01-14 20:08:00,2018-01-14 20:15:30,2018-01-20 11:23:15,2018-01-24 20:26:39,2018-01-30 00:00:00
aa6fe4963f1ceff46626f56e08564bdb,7611c3b8e884af2035406accca147b09,delivered,2018-03-19 15:24:25,2018-03-19 15:49:57,2018-03-21 15:51:55,2018-04-03 21:34:50,2018-04-20 00:00:00
466b52b6a096e514ee88ebaf70d5d2f3,897b859229e7230cb639b3241220c04b,delivered,2017-08-16 17:34:37,2017-08-17 03:05:44,2017-08-22 21:25:36,2017-09-22 18:12:38,2017-09-19 00:00:00
e2b6ff8b7152f1c7bf320b17088bf731,81e90e05ec48bb929c239b13a0b96394,delivered,2018-08-09 10:06:46,2018-08-09 10:25:06,2018-08-09 13:12:00,2018-08-14 19:16:52,2018-08-22 00:00:00
166ab94329c9512235fd5b3143685927,d1696a395840f367158d21c47d90d20b,delivered,2018-04-16 13:45:27,2018-04-16 14:33:16,2018-04-19 20:03:58,2018-04-27 20:03:07,2018-05-11 00:00:00
8a2a5c9ec8db9fd57f3af20fb4fa32af,b2e849e5734ddf100d55ad8852646170,delivered,2018-04-17 15:52:46,2018-04-17 16:30:27,2018-04-19 18:48:33,2018-04-25 01:37:33,2018-05-10 00:00:00
1ccf7e1581518166ddaa4fe829c3ca11,0e31b4f03534cff1a85edca3eec8841b,delivered,2018-01-31 16:06:34,2018-02-01 02:56:47,2018-02-05 20:03:41,2018-02-17 01:04:13,2018-02-22 00:00:00
a1e10f6f3eb90b7fde54e6486a24b044,18fdca36cbf14a6972c06d9b3c58452d,delivered,2017-06-12 21:55:52,2017-06-14 02:35:20,2017-06-19 15:59:36,2017-06-21 16:53:57,2017-06-26 00:00:00
81dbb577a47365babeaa44fe4f9a5666,1b4ad35cb1feaa66c6c7e1cca7efc4c5,delivered,2017-11-29 17:44:25,2017-11-29 19:16:51,2017-12-01 21:54:31,2017-12-08 16:06:59,2017-12-27 00:00:00
6de01bde7c77294473059b82b205b7ae,865c0d2c9e29497de146c1744ae25068,delivered,2018-01-22 13:04:52,2018-01-23 03:52:54,2018-01-23 15:57:09,2018-02-02 17:28:49,2018-02-21 00:00:00
05a0f6d062da2d6c66fa846737770d35,d61fdb0c42d843ba72a06f8b597bcf6c,shipped,2018-01-22 19:12:05,2018-01-22 19:19:28,2018-01-23 16:59:02,,2018-02-19 00:00:00
934583479bac4ab37120cace4120596a,c61712069fee480dc1e288d0b9019dbb,delivered,2018-06-07 14:56:01,2018-06-07 15:19:24,2018-06-11 18:38:00,2018-06-19 12:40:59,2018-07-13 00:00:00
78803193be3bdf95bc16a5d9271aedb8,c7425219e008cdbfc8cd8c88379580e7,delivered,2018-01-04 16:52:43,2018-01-04 17:09:26,2018-01-05 15:04:14,2018-01-09 02:18:48,2018-02-01 00:00:00
00b4a910f64f24dbcac04fe54088a443,d70e5eac00a9d35a3cb193442c0287cd,delivered,2017-01-18 17:55:34,2017-01-18 18:05:17,2017-01-19 14:44:25,2017-01-26 13:21:57,2017-02-28 00:00:00
628e083cb05929c84163ae8b63c4c018,1b5ad11367e387a0da032a2d27b62cd5,delivered,2017-12-10 20:03:36,2017-12-10 20:14:31,2017-12-14 17:30:04,2017-12-28 19:40:10,2018-01-11 00:00:00
ab3a669dbdc7a8d447bb6fc7a158cf94,98e766a9ea72fd17df6d0a773c5bdb52,delivered,2018-07-20 16:32:54,2018-07-21 03:15:29,2018-07-23 10:43:00,2018-07-26 23:08:40,2018-08-14 00:00:00
4af58f695f1f0ed484c93be8b6e8b845,7bb9a8dd609778f4f40ced2ce708e67c,delivered,2018-02-02 21:42:32,2018-02-03 02:54:06,2018-02-05 19:16:57,2018-02-10 16:58:38,2018-02-20 00:00:00
21f8398df3e0b6c3c2ba3efbebf46b3f,bce53bf51af5de1bbe4963b6828fb2c0,delivered,2018-01-24 14:26:35,2018-01-24 15:07:37,2018-01-26 00:12:55,2018-02-03 19:09:02,2018-02-14 00:00:00
6299a3c11640c557bd4b4bd34226b407,e90dfa11acd0c4d2c06797cc178c27e1,delivered,2017-04-03 15:07:33,2017-04-03 15:22:39,2017-04-05 15:18:49,2017-04-17 12:11:02,2017-04-28 00:00:00
78eccf94d43a3769c3eff6e740758c1d,219e2ae459da58e8179154ddbf543130,delivered,2017-09-19 21:35:53,2017-09-20 21:30:45,2017-09-21 20:42:31,2017-10-09 21:32:54,2017-10-10 00:00:00
ccdccfd1b0d1abbc475ff9940a46aa70,947d3f2b286ee739782ebc5d08c376ad,delivered,2017-05-30 02:58:00,2017-05-31 14:25:16,2017-06-02 12:58:52,2017-06-07 12:43:00,2017-06-22 00:00:00
bb64f1e18d5d902401536be66f719e3e,60e9587295a33c24d123983494bc8718,delivered,2018-03-25 20:32:13,2018-03-25 20:48:22,2018-03-27 19:28:51,2018-04-07 00:34:29,2018-04-16 00:00:00
4962467df8bbf58b2f212f805a473446,6417d1fd8cb80c2e0bf434e9a283bb1e,delivered,2017-07-16 17:07:18,2017-07-18 06:15:24,2017-07-27 17:59:44,2017-07-28 19:33:57,2017-08-03 00:00:00
4abace28e7ad35184649078401530a5c,db98acbd759fed659a06d03ecd36cd26,delivered,2017-09-04 17:11:04,2017-09-04 17:24:02,2017-09-11 21:14:28,2017-09-18 19:07:42,2017-09-21 00:00:00
fcc5914e9f71ef930cd32cb26b3563c4,1d8512a5d47ea41e5940a0a60be7e644,delivered,2017-12-15 18:01:49,2017-12-15 18:14:27,2017-12-20 13:14:53,2017-12-26 18:17:53,2018-01-10 00:00:00
95c8563ff69b82a5e9345b9f0464f788,1b578c59aaa40fc41246abb68142e3f2,delivered,2018-08-15 12:21:16,2018-08-15 12:30:19,2018-08-16 12:58:00,2018-08-21 22:56:54,2018-08-24 00:00:00
3c140d933d3475ec823f9b748ca5c49f,d64c957183fc8d75e536e89468feccda,delivered,2017-12-12 11:30:04,2017-12-12 12:32:08,2017-12-19 01:39:08,2018-01-09 17:43:09,2018-01-10 00:00:00
50a3da0c0ed16ef14182ca96382849cc,8998916ec8835c7e91dda0f4a10c9a67,delivered,2018-03-28 21:37:46,2018-03-28 21:50:08,2018-03-29 22:54:37,2018-04-07 01:11:28,2018-04-16 00:00:00
7a5ffe966dbc98f0f43ceeb96e1d73c8,b36bd531d251104d5fcc8526263693e1,delivered,2018-04-15 20:36:20,2018-04-15 20:52:14,2018-04-16 23:05:28,2018-04-20 15:51:53,2018-05-10 00:00:00
6bcce39be127575854779e39a50f2059,d8b65951c84554c80270720c9b5f1178,delivered,2018-04-28 02:23:24,2018-05-01 05:32:22,2018-05-04 11:35:00,2018-05-08 00:18:58,2018-05-17 00:00:00
88fdf07e2e8bcf581835191551224be7,28da029822232f74f6920cc4681ff5a8,delivered,2017-07-07 17:28:39,2017-07-08 06:45:15,2017-07-10 21:10:28,2017-07-14 18:41:31,2017-07-27 00:00:00
3ca7b3fb51ca030ccab5b14f9b68cbf7,5bea6d07f718b9f709d04810c560ffb6,delivered,2018-02-05 10:44:12,2018-02-06 04:33:10,2018-02-07 20:07:07,2018-02-08 18:24:59,2018-02-21 00:00:00
e7d25bc1cfa2be66b76db0da8dd7a515,d15f8db721a80c84018ae6ebf89ace97,delivered,2017-06-15 23:10:45,2017-06-15 23:25:11,2017-06-16 18:47:32,2017-06-26 14:55:43,2017-07-10 00:00:00
eaa327106ae5437fcdfca397f45beca9,cb93948c1a93db0f9f2ccb86b85efa6e,delivered,2017-12-29 14:22:35,2017-12-29 14:28:22,2018-01-02 19:48:53,2018-01-04 22:47:53,2018-01-18 00:00:00
81935e523702224d87bc6b915f51649e,35aa57b591f1dd750d03ad11047bf18a,delivered,2018-07-18 20:54:03,2018-07-18 21:05:16,2018-07-19 12:15:00,2018-08-21 20:22:58,2018-08-16 00:00:00
bba3ea9fc64e1b3a64a4c0a5dd38b005,ee0c2cfd11830d31ea22fcadfe061af5,delivered,2017-12-04 09:57:18,2017-12-06 12:52:23,2017-12-07 21:34:56,2017-12-11 20:19:11,2017-12-27 00:00:00
becd371fde115e16f5a63f7f9db1a5a9,9ca3f13a2b2467b0b0651b18fee3c32f,processing,2017-11-25 01:15:04,2017-11-25 03:51:59,,,2017-12-21 00:00:00
f8a7ddc8ce9090a2647d48daecae3a24,341661549b66eb2b11c398b0fd0e0e85,delivered,2017-06-02 18:54:54,2017-06-03 13:05:17,2017-06-09 15:27:30,2017-06-19 18:18:48,2017-07-03 00:00:00
c5f9f79b60cb1ddfec0fc9556781952e,93a299e3ecaf475ec2425edc903203df,delivered,2018-07-26 22:32:40,2018-07-28 03:35:11,2018-07-30 14:01:00,2018-08-07 17:58:35,2018-08-10 00:00:00
acade99edef372cfc2cf2f1fe6cd4d21,c2f6ae872b23d58128200cee5c1fa7a4,delivered,2017-10-18 10:43:31,2017-10-18 11:06:39,2017-10-19 15:44:59,2017-11-06 21:09:17,2017-11-13 00:00:00
eccf3572dd199488a18da264de60e1b0,a80a06dc6c8e09869e3d62105a0a53fd,delivered,2017-05-16 15:42:43,2017-05-16 15:55:22,2017-05-17 12:50:25,2017-05-22 10:07:43,2017-06-05 00:00:00
22cf975c95f8d3ad3a2263e94f79182b,3124ab539419a5537fc6db7a980b9c3d,delivered,2017-09-20 23:28:43,2017-09-22 04:05:21,2017-09-22 12:33:26,2017-09-28 18:37:42,2017-10-11 00:00:00
42c2ef9ab0adaa37947689775c22ecfe,1cd059a719d09c26a44b8efbadd9564f,delivered,2018-04-14 18:23:02,2018-04-14 18:35:21,2018-04-16 23:52:19,2018-04-23 21:28:46,2018-05-04 00:00:00
f6bce229e7e3fce75cf00f2028efbcac,ca39118cc8dc7a02eaea5bd20ab6fda8,delivered,2018-01-17 20:41:09,2018-01-18 20:33:37,2018-01-22 21:59:20,2018-02-03 16:26:53,2018-02-14 00:00:00
5f48e612805a732c3ebd58c26f2c06ad,bb7c3eb1ec66e803fe95c724da22a0b2,delivered,2018-04-22 21:06:28,2018-04-24 19:06:51,2018-04-27 06:09:00,2018-05-25 19:27:25,2018-05-15 00:00:00
38d1820172173a03d8163d806d3fd926,62e03ecf5dae004db358778553258677,delivered,2018-02-16 15:36:23,2018-02-16 15:47:24,2018-02-19 16:24:51,2018-02-20 16:59:40,2018-03-05 00:00:00
d687544abdea4089903461a48fbef8ff,7b7f18edfa5424e0e56fc9e0573d6b74,delivered,2018-05-16 15:06:26,2018-05-16 15:34:19,2018-05-17 14:16:00,2018-05-22 15:11:26,2018-06-05 00:00:00
3505c513a3095f2c4f59e29ec7d77b68,09e1847a8809a9ffb12000a7b7853eca,delivered,2017-08-30 11:34:58,2017-08-31 11:44:46,2017-09-01 13:42:15,2017-09-21 17:33:15,2017-09-19 00:00:00
2536adb313f6bc4854a1cc21a2ecde8f,00459c4eb23e40414ca067d06fa303d4,delivered,2018-05-07 15:18:18,2018-05-07 17:17:11,2018-05-16 13:44:00,2018-06-07 12:37:54,2018-06-06 00:00:00
14699aa32ce85735f3b0ce2ffe417d17,8db7ba9491a09cd557d774a1f4aacc9d,delivered,2018-01-19 20:17:58,2018-01-22 14:19:21,2018-01-23 20:54:43,2018-01-30 22:18:26,2018-02-05 00:00:00
683f04dde2c04fd7b5a1a520a4abe379,d81753bcd5b30d81d6c07b603142ca6f,delivered,2018-03-26 15:49:49,2018-03-27 08:07:33,2018-03-28 23:05:36,2018-03-29 15:29:48,2018-04-06 00:00:00
674957a5e7051291e2b937c5867a06b4,2e9d4643a1ebc489399808480f59370e,delivered,2017-07-16 09:00:30,2017-07-16 09:10:14,2017-07-17 20:41:30,2017-08-02 16:42:10,2017-08-08 00:00:00
962f38a7552486ed03fe72fb4ddcfaee,b9c44a9648797a0f874382d85596da91,delivered,2017-09-21 16:34:52,2017-09-22 05:36:14,2017-09-26 20:31:47,2017-09-28 20:06:48,2017-10-13 00:00:00
df3330ae0fa0cb3d71397806c44980d2,c5cdbbfb12f3ef65f0580b2899571775,delivered,2018-01-31 17:50:17,2018-01-31 18:08:11,2018-02-05 19:24:31,2018-02-08 21:23:19,2018-02-16 00:00:00
363524b17966c3a64696d5a68c5f4d34,49253ab6642f4857f50f36d4d9005289,delivered,2018-05-10 22:19:03,2018-05-10 22:35:14,2018-05-11 14:08:00,2018-05-17 21:54:38,2018-06-06 00:00:00
59c5c4cc621ff113b29a769d968a163d,05e1dc39bf70b42e5110b787c846f88d,delivered,2017-11-24 16:57:43,2017-11-28 03:33:20,2017-11-28 22:54:30,2017-12-04 21:59:16,2017-12-18 00:00:00
42c43329be23eae70ca32f087617feef,104e94af58cbbe9c3b40b0cd410160bc,delivered,2017-11-09 13:43:31,2017-11-09 13:55:30,2017-11-09 21:41:33,2017-11-17 02:03:14,2017-11-29 00:00:00
3c48d0b1606cb9fd83fc2f50ecdcdbab,6ac47e54cdb3856e0162294aaf1ea58a,delivered,2018-06-11 15:54:22,2018-06-11 16:21:00,2018-06-12 10:12:00,2018-06-20 19:33:50,2018-06-29 00:00:00
b919d851cfb225ed3aaad31f248ed88f,7d7e1b92612e4b349ca697d307c6d74f,delivered,2018-08-08 22:36:16,2018-08-08 22:45:15,2018-08-09 13:19:00,2018-08-14 18:56:54,2018-08-17 00:00:00
1edf3cfb4e85e8094a0a1f4cef3f6215,34013e6172fdd3af23275163a583bd8f,delivered,2017-11-25 11:17:19,2017-11-25 11:34:29,2017-11-27 19:07:11,2018-01-02 12:09:51,2017-12-18 00:00:00
5ddedb27d1d30cb41cda46d654ff3d96,853fe739af32030fb7727018ca65bdfd,delivered,2018-07-29 13:10:58,2018-07-30 13:05:14,2018-07-31 15:50:00,2018-08-04 00:48:45,2018-08-17 00:00:00
a51cf85ecb6bb335d21abd348a85acd3,a9b62919f561d58d7c33f82dd7bea88a,delivered,2017-04-28 14:19:11,2017-04-28 14:35:14,2017-05-02 08:48:40,2017-05-10 08:24:50,2017-05-24 00:00:00
86509c09dbafbcba748558e5f36d1e7c,9fa7ba9796af82aa03eb8a0c67776bff,delivered,2018-04-22 15:34:12,2018-04-24 18:34:54,2018-04-24 00:12:13,2018-05-02 17:22:15,2018-05-28 00:00:00
72b2fcda503003e4694141745d12c2ee,c49662a07b7f737506f6fa7c914ce44e,delivered,2018-08-18 17:09:44,2018-08-21 04:30:19,2018-08-21 14:44:00,2018-08-27 16:45:39,2018-09-06 00:00:00
d967568814749cfaacca8b63248a2232,9739875c8c4bfb511d3c2d2e9887eb89,delivered,2018-04-11 12:09:07,2018-04-11 12:29:23,2018-04-13 22:32:00,2018-04-20 20:32:55,2018-05-04 00:00:00
0345ba423eed2b009e0e407b19c422e4,9418fa1d37504cf6f7dafc0420acf406,delivered,2017-05-15 12:55:13,2017-05-15 13:10:13,2017-05-16 12:29:04,2017-05-22 10:29:39,2017-06-13 00:00:00
dd6871ac691db075bd6f8e6c70576648,a222c8efebfbf41bdafb7e821d9467fa,delivered,2017-11-13 19:00:04,2017-11-13 19:15:46,2017-11-17 14:46:56,2017-12-12 14:47:04,2017-12-14 00:00:00
b92773553b06cfc1042db69dc1a5b70b,c470810bfc23c2293a7d75a7200cf99f,delivered,2017-07-09 10:18:26,2017-07-09 10:30:06,2017-07-12 19:48:48,2017-07-25 18:27:52,2017-08-01 00:00:00
7e3fefb35b0b1d765a343618ca5d454c,f0c0ed957add2cc4abeb60ade9ad6d19,delivered,2017-06-14 18:52:29,2017-06-16 06:55:09,2017-06-22 08:11:38,2017-06-24 09:13:37,2017-07-07 00:00:00
43c49f2283bd15bffcc46ab6c049c312,65d47fc72b8e5311c67b18fd3d665df9,delivered,2017-02-24 21:32:05,2017-02-24 21:42:19,2017-03-01 12:55:45,2017-03-03 05:33:05,2017-03-23 00:00:00
b788267177aac63aeb5b805af8edd8df,01c79a7d3c3d25b655514206df838701,delivered,2018-01-31 11:48:43,2018-01-31 14:21:20,2018-02-06 22:57:38,2018-02-20 18:44:57,2018-03-01 00:00:00
aa86c4bcf478e2b2ed682466b6ee33c9,728adceb3068b4b17a6f8a3bc9adf966,delivered,2018-06-27 17:54:54,2018-06-27 18:12:45,2018-06-28 12:00:00,2018-07-05 14:03:35,2018-08-09 00:00:00
1c2d01bbcf7e33d42dba32128b5d9869,016fb9a9ab3b0b9f1d9e7438236b3fba,delivered,2018-05-23 20:34:35,2018-05-23 20:57:21,2018-05-24 11:59:00,2018-06-05 15:33:13,2018-06-14 00:00:00
be3075dc2d8e37b6ab298688f2534f9a,a07364aa3e87081fae32f62a85067e52,delivered,2017-06-07 16:25:46,2017-06-08 22:31:27,2017-06-16 11:20:12,2017-06-23 13:13:08,2017-07-18 00:00:00
244e91c4c416908e17829094e3eb7aa6,fde06130cde1fec674a5470155f9dcaa,delivered,2017-03-28 09:24:55,2017-03-29 02:10:54,2017-03-30 07:48:32,2017-04-05 13:22:56,2017-04-19 00:00:00
17510720f670481600a76f4d188d7b5b,a50b97c5344a35fdbc10c442e88e720d,delivered,2018-01-14 19:40:59,2018-01-14 19:48:59,2018-01-15 21:04:07,2018-01-23 21:57:09,2018-02-14 00:00:00
77ae79f517b55536c4be2d6953ef30af,a98102f934d6566ffecc597e6f762e90,delivered,2018-04-30 18:56:04,2018-05-03 04:32:51,2018-05-07 08:37:00,2018-05-10 13:17:14,2018-05-24 00:00:00
f8348a1010449c16817a418fbb9e3620,8110c15004d4a39eea1ca78bf5e6cfe6,delivered,2018-06-19 14:04:57,2018-06-19 14:17:46,2018-06-19 15:07:00,2018-06-21 20:33:16,2018-07-04 00:00:00
ef208a54d9b685d3a803b28bcfd72f3a,791e96b5c5bd657bd35c741628d4ec4a,delivered,2017-04-30 17:45:21,2017-05-03 11:42:42,2017-05-04 12:02:13,2017-05-09 09:09:17,2017-05-31 00:00:00
e646693de81fdeb786896ccf5518d750,8e86f0490152454ec19c8b726fed3a93,delivered,2017-08-23 13:11:04,2017-08-24 02:56:03,2017-08-25 20:07:54,2017-08-28 20:23:57,2017-09-13 00:00:00
ef3845484f82e3b6eed4a579e3c1063d,67352448ce9cea9139d829803b4b824d,delivered,2018-06-21 12:44:54,2018-06-22 02:58:22,2018-06-22 15:15:00,2018-07-03 15:35:09,2018-07-18 00:00:00
8e401549ad1337dd0ac5ca3eab054c5c,35c38c5f1c0b6df10f9f690a71361121,delivered,2018-02-25 13:06:38,2018-02-26 22:35:33,2018-02-27 21:37:01,2018-03-15 21:46:46,2018-04-05 00:00:00
66409e4f380c789c566f4e64a48394af,ac16230fda23be062901fc1e9fe7979d,delivered,2018-03-19 09:58:49,2018-03-19 10:14:43,2018-03-19 19:07:39,2018-03-24 01:08:53,2018-03-29 00:00:00
d3e80887b0f3cb72b3b9966a6071c8db,ff3cc011a4b83b12d3907af66e56f70d,delivered,2018-05-01 09:11:14,2018-05-01 09:33:18,2018-05-02 14:02:00,2018-05-18 14:38:47,2018-06-04 00:00:00
690a163db7b76c6d6a2b166293f0c87f,84557c10cc045489235069bee10f6f6e,delivered,2017-05-13 16:17:53,2017-05-15 15:43:11,2017-05-18 07:39:50,2017-05-25 08:15:03,2017-06-12 00:00:00
5da572f1c63aacf97fb438f54d622546,ab5435d7f1635a9eb10cd11e46e488f1,delivered,2017-07-23 17:48:17,2017-07-23 18:02:44,2017-07-24 19:14:29,2017-07-26 17:53:56,2017-08-08 00:00:00
c1642f56f39a87a53527bc120e231299,981408ecd1bd02aa4bb69a5f85c452a3,delivered,2018-05-30 20:33:07,2018-05-30 20:55:20,2018-06-01 18:28:00,2018-06-13 17:41:40,2018-07-11 00:00:00
698c0a83d7fbe733d10f2ca901f60117,6d52aa467c2ca8720371701992bcb49e,delivered,2018-02-26 11:14:10,2018-02-26 11:31:29,2018-02-27 20:34:39,2018-03-21 20:32:24,2018-03-21 00:00:00
eaeda5b9e869c82e60f0a3281c38fa58,1f184dffcd5da4c1f957cb0c260a2ac7,delivered,2017-08-18 09:34:07,2017-08-18 09:45:19,2017-08-21 19:05:24,2017-08-23 18:04:02,2017-09-08 00:00:00
8667d8b065b72f775a46212c6170fde2,9dbbc2d1be1e5e12baf6d5d1c7c2408d,delivered,2017-11-10 10:28:57,2017-11-11 19:50:34,2017-11-13 13:43:57,2017-12-04 23:59:06,2017-12-11 00:00:00
7f943a5cd90759046667677f4cb74b0f,a477dacff781622c9c7958cb03ef0bd5,delivered,2018-05-15 09:37:29,2018-05-16 03:14:45,2018-05-16 14:22:00,2018-06-05 17:56:49,2018-06-08 00:00:00
7057f095c40b9d5ac73a8d6bac57ef14,7f81a4e40daa26a8796f184917cd9a3b,delivered,2018-04-13 15:21:02,2018-04-14 02:15:41,2018-04-17 17:52:37,2018-04-23 17:27:45,2018-05-18 00:00:00
8ac55ad4ce4706e06f7284f61746503a,c60514fbcdb1a7f647f66e5ed07f59b1,unavailable,2017-08-13 17:33:09,2017-08-13 17:46:20,,,2017-09-06 00:00:00
ac6744e4410acdd7696dbc6bb6eca10c,0e99a77a57eb93e26714f2322bab7571,delivered,2018-08-20 20:45:22,2018-08-20 20:55:32,2018-08-27 14:24:00,2018-08-28 16:02:47,2018-08-29 00:00:00
36d434b5513fb789bc34ac7796e53cfe,bffccdc4f614a1ce8fcf750bb0a7ab9d,delivered,2018-01-14 18:48:21,2018-01-14 19:09:21,2018-01-18 23:07:27,2018-01-26 14:46:33,2018-02-14 00:00:00
4d800ff31c8c5d493ba7137dbf5b45b7,2a4731bf63376d5aa8ea1489e975f82b,delivered,2018-07-09 19:44:51,2018-07-09 19:55:15,2018-07-24 13:50:00,2018-07-25 21:10:50,2018-08-10 00:00:00
2e9247e7cf0c983200999ffee09f6e70,0bb1df1c6ebb8a342e2d1b02d3c7c312,delivered,2017-05-16 11:42:24,2017-05-17 16:35:09,2017-05-18 12:01:48,2017-05-23 10:43:29,2017-06-07 00:00:00
0ccc4d2c7102c48188f50be5107fe442,e464bacc73c48134f460e289a5f0baf9,delivered,2018-07-10 20:53:38,2018-07-10 21:06:10,2018-07-11 13:32:00,2018-07-14 14:46:36,2018-08-22 00:00:00
dabf944b5665812f782733657428f68b,f777046b0b96f66f440c9194c817e432,delivered,2018-07-18 08:03:09,2018-07-19 04:35:23,2018-07-20 05:47:00,2018-07-26 14:15:41,2018-08-02 00:00:00
3c003c58ad1a4915b94afef4b6ca5271,8e8f9255ca4b0cda01794006e51b3121,delivered,2018-07-13 16:20:10,2018-07-13 17:30:52,2018-07-16 12:11:00,2018-07-25 18:06:41,2018-08-22 00:00:00
8ba3b1fe7aa3cefdeb39bbc9a822b1cf,b8cf1fd043cb02e585aa685b0563f2ea,shipped,2018-05-06 21:07:07,2018-05-08 19:34:50,2018-05-09 16:19:00,,2018-05-28 00:00:00
fd71e966fa4f37c813b3c56fb077971a,c044d877b734e1a9e6c0cdc585943d84,delivered,2018-07-23 18:19:11,2018-07-25 03:04:40,2018-07-26 10:00:00,2018-08-03 14:49:54,2018-08-13 00:00:00
b52379e61429a9d5e19e7b0946eefbb4,baaedcb1496831c75d4bc7cf080ffc3c,delivered,2017-08-17 22:13:13,2017-08-18 22:25:18,2017-08-31 17:37:51,2017-09-06 20:12:57,2017-09-11 00:00:00
b614efabb8e6d8c441aac4ae39cd8ec6,241f39fba4b7707ec98ec5c226d7a143,delivered,2017-08-02 19:21:00,2017-08-03 03:06:19,2017-08-04 16:20:13,2017-08-07 18:07:09,2017-08-15 00:00:00
61b4fb3e9dff469a5a1d25847d6b9385,aa8444aa7b1175a798e1b0452d98983e,delivered,2017-03-14 11:30:01,2017-03-14 11:30:01,2017-03-15 10:01:38,2017-03-22 13:22:40,2017-04-04 00:00:00
8332829ddb8a92e5e730111419b90bc2,52e3f988105c693d97a459362eb0bdce,delivered,2018-07-03 22:19:03,2018-07-05 16:27:04,2018-07-04 11:28:00,2018-07-09 22:51:18,2018-07-23 00:00:00
450acd2e753be51b02a7db4e9f742b52,bf9b405380881bef94f5909857a47eb0,delivered,2017-08-07 23:00:14,2017-08-08 23:10:19,2017-08-09 17:54:25,2017-08-21 18:27:50,2017-09-11 00:00:00
eef98923f3fe58345e2aa0ff71f97bd7,2f3f1e169a5eca20dac6c858857b99b4,delivered,2018-06-02 14:24:17,2018-06-05 04:31:00,2018-06-08 14:29:00,2018-06-19 12:32:48,2018-07-12 00:00:00
32e1c00df175ddbee2fff12f3bb01eed,03b4899033e1fd024b660308eefe79f3,delivered,2017-03-20 18:48:12,2017-03-20 18:48:12,2017-03-21 08:17:20,2017-03-23 09:43:56,2017-04-10 00:00:00
0ede3ed4237f1c32b4ccd29e759d0a00,2e7932957aeb978bcdacc9ce7d8256d6,delivered,2018-03-01 10:19:22,2018-03-01 10:35:27,2018-03-01 23:08:00,2018-03-05 23:09:06,2018-03-13 00:00:00
b6230773d920876bc61d03d8b93263a9,cfd7ec5aba91084c10b80fa03a128a20,delivered,2018-05-16 11:07:08,2018-05-16 11:34:20,2018-05-18 10:46:00,2018-06-05 16:48:21,2018-06-08 00:00:00
9d32e14ab99f206e6f8f2b6ad13baabf,ff73a759cba534dba02faaffdeb00e61,delivered,2018-03-09 12:01:33,2018-03-09 12:15:33,2018-03-09 21:55:20,2018-04-03 20:26:24,2018-04-06 00:00:00
1b640919f98cb92c70a328ca7625c3db,bed2ee34a9844b7ef08aa6ac5929b9d1,delivered,2018-05-05 19:35:55,2018-05-05 19:50:51,2018-05-07 15:20:00,2018-05-08 20:18:57,2018-05-18 00:00:00
0757cf1c2a32b4597b8192f2c4912adf,c3dc6b915bf0b799fa7f374212b0faf2,delivered,2017-07-17 18:44:08,2017-07-18 05:55:22,2017-07-19 09:41:46,2017-07-24 22:03:54,2017-08-10 00:00:00
fc54ccf498649592ae3befacdc91b8ee,6939ce7cd8ff24edc55abf96d82c48ed,delivered,2017-11-28 01:55:05,2017-11-28 02:11:51,2017-11-28 19:47:51,2017-12-02 00:48:29,2017-12-12 00:00:00
2ad9dad7b4962fc37fd33869e09ae5b6,ac6ea0ab33845a564031838893725a80,delivered,2018-08-07 08:19:25,2018-08-07 08:44:53,2018-08-09 14:59:00,2018-08-13 21:32:21,2018-08-20 00:00:00
319bc0c166b503154f66246b54a1751c,957fd9898cf5b656130fd940dc022580,delivered,2017-05-05 10:12:43,2017-05-06 02:15:28,2017-05-09 16:36:37,2017-05-16 09:43:35,2017-06-02 00:00:00
ac246acde7cb6dd640863d0c428900de,5ccbe19454188dfbb5c832a7367654ac,delivered,2017-08-26 12:02:27,2017-08-29 04:36:01,2017-09-01 12:33:29,2017-09-18 18:27:29,2017-09-18 00:00:00
9888a5d5164497efd85f110e29cac580,8937aa61b5c46df7ea740a6c4c3a0b27,delivered,2018-07-23 21:44:00,2018-07-24 10:31:09,2018-07-25 06:56:00,2018-07-30 19:26:37,2018-08-07 00:00:00
bab71444714d05cc2c1a721b3ae823c0,15966ba7e307e5ca606f328071d5148d,delivered,2017-11-16 00:48:59,2017-11-17 00:46:22,2017-11-21 17:38:53,2017-12-06 19:19:31,2017-12-11 00:00:00
0872f22df707596feed1639609f6eba7,dc837eded61982cd9978632a52e3bbc6,delivered,2018-01-30 09:00:45,2018-02-04 23:31:47,2018-02-01 23:37:21,2018-02-15 22:05:15,2018-02-22 00:00:00
96c0cb58d9c14384c9441f49917a911f,b8e1ec335320a93eb146923a356813a0,delivered,2018-05-24 18:23:01,2018-05-24 18:38:57,2018-05-25 14:04:00,2018-06-05 00:23:35,2018-06-21 00:00:00
8ef83b451028f1c25c509274028ee1a1,0c829e5443c9d6f5e02e90b8450a5dbf,delivered,2017-07-19 13:06:07,2017-07-20 02:10:59,2017-07-20 15:53:59,2017-08-03 18:51:21,2017-08-14 00:00:00
fc2dd41f06d775c7fd26ecf8a529ae0a,e10e6a77a6eae703e39fd0fe6e453315,delivered,2018-05-21 21:34:55,2018-05-22 00:16:52,2018-05-22 14:44:00,2018-06-07 20:37:50,2018-06-19 00:00:00
aa942d6c13162cf699a9ed59746af588,b56bc2668907de41b2e651b6d9e7a36d,delivered,2018-01-27 19:28:48,2018-01-27 19:58:13,2018-01-30 12:06:44,2018-02-07 22:12:40,2018-02-21 00:00:00
371c68be14162562da1b0f09a47e54df,a55e8e19f8787d1c56a55001da76ccd0,delivered,2018-03-18 21:41:07,2018-03-18 21:50:41,2018-03-21 18:44:41,2018-04-02 13:46:43,2018-04-11 00:00:00
a80a4dd2b9980b28322554cdb0477b85,cd15de0c90eb620ddb7cee20733c9dd1,delivered,2017-09-21 20:14:52,2017-09-21 20:25:11,2017-09-22 18:44:05,2017-09-27 20:53:41,2017-10-17 00:00:00
adfc3673a2cbc4c987d02dfdbc8dbe53,f14ce63206ed46c639e48863c0789820,delivered,2018-06-26 17:33:44,2018-06-28 09:15:11,2018-06-28 14:58:00,2018-07-03 17:12:32,2018-07-24 00:00:00
b838ad168e49e794a3ca0c60107a3851,76153ec83edb14acc4ed55c9f176f1f0,delivered,2018-06-04 10:08:07,2018-06-04 10:31:55,2018-06-06 09:59:00,2018-06-12 15:38:44,2018-07-05 00:00:00
31c48fb282a0daf35c1aceadc0231bc1,30c61ea2e06c753a1cf9dcbde313319a,shipped,2018-01-23 18:28:10,2018-01-23 18:55:31,2018-01-26 18:56:34,,2018-02-16 00:00:00
2f3da8000c481dbb2a71c9a5a756d701,68a8eebc501a239f455bc02b4847baab,processing,2018-03-15 14:49:50,2018-03-15 15:09:46,,,2018-04-10 00:00:00
7fd922efa924f2c7b4f65128901590fc,519d4e9648eb8099708003c04939862c,delivered,2018-06-28 20:54:22,2018-06-28 21:11:15,2018-06-29 15:07:00,2018-07-02 19:29:42,2018-07-12 00:00:00
d248a26c7a58d74a85d6baf93e5bf772,fd475098454916759d0c3d5a9d8996c2,delivered,2018-03-20 16:00:09,2018-03-20 16:10:32,2018-03-21 19:12:04,2018-04-10 15:28:56,2018-04-11 00:00:00
975a0b1030c5f60d85ae5431fb40162b,6906dc635a151b12340ae5657e98a0ca,delivered,2018-03-10 13:06:03,2018-03-10 14:08:25,2018-03-12 21:37:24,2018-03-22 09:18:23,2018-04-06 00:00:00
33576b663693aaf1afd5b5920c37401f,ae7109e50c9c2d88e5a061d5dd142835,delivered,2017-09-26 00:05:02,2017-09-26 00:25:04,2017-09-26 18:54:53,2017-10-11 19:34:07,2017-11-01 00:00:00
5577cb7e0293ba6a71ae4a7bea29c5f9,536776a02f0112fade5744985be0866f,delivered,2018-04-13 12:15:27,2018-04-17 05:50:10,2018-04-18 16:38:31,2018-04-24 15:19:14,2018-05-15 00:00:00
2f64f730b534c45e97b887c36a0ea0fd,f9055270b5abc752526d3bb0a5a68cc3,delivered,2018-06-29 18:52:27,2018-07-05 16:01:00,2018-07-04 06:49:00,2018-07-10 11:31:55,2018-07-25 00:00:00
57d7dd14ff04ad97e8fd20fbd41a358a,db33db9b5cea9aade217feb53422fc97,delivered,2017-07-03 17:29:47,2017-07-03 17:45:10,2017-07-04 11:29:48,2017-07-06 11:27:47,2017-07-14 00:00:00
139896d70810e6830d07fa89403ac91e,e4935d22d9267fc6b605e7d2194ebe88,delivered,2018-01-07 17:33:27,2018-01-09 07:19:12,2018-01-09 16:49:34,2018-01-19 14:55:13,2018-02-05 00:00:00
37267e648017fb381fd8e43ac35fabb9,aa33af07fac4c5c49b0f8d493a932e0b,delivered,2018-03-08 09:30:32,2018-03-08 09:48:55,2018-03-09 04:02:32,2018-03-19 19:36:44,2018-03-26 00:00:00
b44133e0f26a28702b5e18b9c795efe7,a5ee2f393f8a0fd11bddaf08b7e44212,delivered,2018-01-06 19:34:15,2018-01-09 07:25:33,2018-01-10 17:45:26,2018-01-23 18:48:30,2018-02-09 00:00:00
1a0f5914485e7b79c7bd708563bccad0,a6a945490e87ec92deae6659a4ebc73b,delivered,2018-08-04 11:06:54,2018-08-04 11:40:11,2018-08-08 15:39:00,2018-08-14 23:59:10,2018-08-30 00:00:00
f437da70eac9c43477ccfa608ce84deb,1cad4a70058245488e56d4faa31717e3,delivered,2017-12-05 19:49:14,2017-12-06 02:37:22,2017-12-12 19:48:38,2017-12-13 17:29:35,2017-12-21 00:00:00
22f10895276404bd09fd68a4021e5489,a3dda9a3e80421c30c99adad855f1df8,delivered,2018-03-28 10:59:57,2018-03-29 10:55:16,2018-03-29 22:22:22,2018-04-09 15:22:01,2018-04-24 00:00:00
25273b22ff54701a1030f32669e15d07,c11b85dfef946e03d1acac20a11ae5b6,shipped,2018-05-09 22:09:46,2018-05-09 22:32:07,2018-05-10 11:31:00,,2018-06-01 00:00:00
12958a97a4e26a4e7dd8bce7de8955b9,02f84ba9cea5411cab9f0eab87bb9c5b,delivered,2018-01-13 13:21:14,2018-01-13 13:32:29,2018-01-19 21:32:09,2018-01-24 20:13:33,2018-02-15 00:00:00
f64c08c0963b3624b4f2198791c17197,82cfbe4fb82b2551ad2e05be8c255ca5,delivered,2018-07-13 12:32:25,2018-07-14 02:35:13,2018-07-16 14:23:00,2018-07-25 14:56:37,2018-08-08 00:00:00
85958e05a9ae7ade12cafdbbdc882de3,9299ad407ca5889d1e78def4f7bbb51a,delivered,2018-05-06 14:59:14,2018-05-06 15:10:17,2018-05-07 14:50:00,2018-05-11 18:26:56,2018-05-23 00:00:00
ce9a4145e5720586690aa60fd0128597,9d8eea9c9b15c34514bef695a0c0653e,delivered,2017-10-10 13:35:26,2017-10-10 13:50:01,2017-10-10 19:49:11,2017-10-17 21:55:25,2017-11-01 00:00:00
70b9b8ed11b0ec066d1068325baff277,2370fd2f366b76f9fa59768ed7dbcc25,delivered,2018-05-13 14:23:30,2018-05-15 04:12:13,2018-05-15 15:31:00,2018-05-23 19:38:21,2018-06-08 00:00:00
e1d010e4693683466fcd40145f3c084f,15fbfc3e6c62dc7cb6cf3a1587121051,delivered,2018-03-20 12:38:32,2018-03-21 09:47:58,2018-03-23 00:47:35,2018-04-11 17:40:59,2018-04-12 00:00:00
0acd987fec172c76297f6aadad48c67a,836ac53e072a95b5b18cbaa4a4f67f7e,delivered,2018-07-28 20:21:33,2018-07-28 20:35:13,2018-07-30 15:07:00,2018-08-01 19:42:46,2018-08-09 00:00:00
4645204bfe0435a74ce5ada0eb4458ae,7683dfaaadfb136aec1a583e782ec5f3,delivered,2018-01-05 22:14:58,2018-01-05 22:48:00,2018-01-10 15:02:23,2018-02-07 19:59:01,2018-02-05 00:00:00
de273694b3cd5827467dbc63a115382b,89ee21657f18986bd7717fdbd961b001,delivered,2017-07-16 21:16:38,2017-07-16 21:30:11,2017-07-17 17:12:27,2017-08-01 16:03:44,2017-08-09 00:00:00
f8941c4e03c5fdb1736fb5cd167c17a1,61de05227162194a72ddd75c0b8ea706,delivered,2018-08-04 14:18:40,2018-08-04 14:35:16,2018-08-06 09:52:00,2018-08-09 13:08:39,2018-08-15 00:00:00
61b5e339a1a45b4d6eb6a2cdf40da6a4,789adfc01cc490cc19d0ea1d0fa0b420,delivered,2017-09-17 17:31:07,2017-09-18 17:30:24,2017-09-25 19:41:46,2017-10-02 20:55:46,2017-10-16 00:00:00
af0dd2a67b9f1bc277c83ecb2df57f99,9e0723a7e30c18a0062be93d986fcb11,delivered,2018-07-12 09:40:37,2018-07-12 09:55:12,2018-07-12 12:36:00,2018-07-14 00:56:41,2018-07-20 00:00:00
6c59866fa177b6a7321592a88b0dc718,5f5807b2902d221edab3af4b1268ab00,delivered,2017-09-05 10:05:42,2017-09-05 10:15:12,2017-09-05 21:14:51,2017-09-11 15:24:32,2017-10-03 00:00:00
8006e91ab98e5e16b4c125d42b170cfc,13114cff38ecc96a70ecdfbe4802da39,delivered,2018-01-23 19:43:47,2018-01-23 20:04:05,2018-01-24 18:26:12,2018-02-06 12:26:53,2018-02-20 00:00:00
49584997a9180455c41d4c70ebaac683,d505b6bbae97b47f93e1ce62d3dcd07c,delivered,2018-03-01 23:56:42,2018-03-02 00:56:47,2018-03-03 01:52:15,2018-04-04 20:16:33,2018-03-26 00:00:00
874b5f0892d39a5537e47c53d0ad4457,3bac688ff89c697ddfc8fccb1206efee,delivered,2017-12-01 12:45:19,2017-12-01 12:54:48,2018-01-16 17:45:55,2018-01-17 19:45:35,2018-01-24 00:00:00
b6f81d8751504e5385c2785d615c8f67,28684418aaf9d2fb4f300de4f7724cdc,delivered,2018-03-21 17:40:25,2018-03-21 18:09:23,2018-03-22 21:05:18,2018-03-23 15:12:24,2018-04-03 00:00:00
618f2dc846a3929a1e61bc34ed6fb267,1d5dae086b3f7fe285742c43193265a5,delivered,2018-07-07 21:12:45,2018-07-07 21:25:39,2018-07-09 09:39:00,2018-07-13 00:12:34,2018-07-25 00:00:00
6c8c84221e424ef0729c9e08d70ad8c7,fa15e89eb4e9dd71dc106178ecbbeb15,delivered,2017-12-23 15:42:12,2017-12-23 15:50:52,2017-12-28 13:46:03,2017-12-30 15:46:50,2018-01-19 00:00:00
790bb4bb687fbe180a7a4228aa2c00ba,af728e0bf96a8d350bf03ff43dadfd75,delivered,2018-04-28 20:28:08,2018-04-28 20:35:17,2018-04-30 14:41:00,2018-05-03 20:22:23,2018-05-15 00:00:00
85cc31142603d0be894b74d4096db738,372a1a3ae257624bdde208da2e0c6adb,delivered,2018-06-02 15:50:34,2018-06-02 16:11:33,2018-06-04 12:50:00,2018-06-08 18:32:28,2018-07-05 00:00:00
d3433b37aa2f57a56e8c97c455ac6ed8,1d51ab9a70ead50582098a67457ccd8a,delivered,2017-12-02 18:38:46,2017-12-02 18:57:15,2017-12-06 16:35:20,2017-12-14 22:04:35,2018-01-09 00:00:00
ecc456d35c9d055761fd14b57b97a8b1,8531b40c75b2d5afbbc3ac0fbac91931,delivered,2018-04-03 16:47:37,2018-04-04 16:49:56,2018-04-05 23:42:27,2018-04-12 15:22:22,2018-04-26 00:00:00
c28c4378f50e09ee967e830dac65634f,b9142bab03ea7538114d9f90f28bdee9,delivered,2018-08-04 15:40:46,2018-08-04 15:55:13,2018-08-06 16:52:00,2018-08-15 10:46:52,2018-08-24 00:00:00
68706b8abe45aa264f07ee944684ca28,7e2fd260cc294a71f685312691b9d8f2,delivered,2017-10-01 17:13:09,2017-10-01 17:24:24,2017-10-02 18:18:01,2017-10-06 21:37:52,2017-10-27 00:00:00
4f259869d5c650af6f847b027032515b,6fc16fa677c8528424093b92165f7ddb,canceled,2018-04-28 19:25:30,2018-04-29 19:35:35,,,2018-05-09 00:00:00
3dcf6bbf1ee3961f91de6a7c6e51076a,6f2424decc3bd68aee42dbcabb162fd3,delivered,2018-04-02 19:10:06,2018-04-03 05:28:26,2018-04-03 18:58:55,2018-04-18 19:33:32,2018-04-19 00:00:00
d01d40156285b68a07581c2f2321ca55,e9cd11c2b7040919ac9104a9fd2d1f07,delivered,2018-06-20 22:19:52,2018-06-20 23:15:37,2018-06-21 11:53:00,2018-07-03 20:55:51,2018-07-20 00:00:00
ba3c3f0a08fc618d7bee784ef3a1574e,890d7395a44463957839140e1ed3c1c5,delivered,2017-12-05 12:30:36,2017-12-06 02:39:31,2017-12-08 20:05:52,2017-12-20 22:27:49,2018-01-05 00:00:00
6cba904e38ee56184c2b77d9dbc79ccb,ecdeb9623fd735d8ca13204e079ec57d,delivered,2018-07-19 13:02:02,2018-07-19 13:25:15,2018-07-20 15:00:00,2018-07-23 17:03:26,2018-08-02 00:00:00
c1163af85cdf883a08dbedc7c26ad8ce,80ae4efaefbd76dc1756c55accb67119,delivered,2017-11-01 23:33:26,2017-11-01 23:51:04,2017-11-06 21:04:53,2017-11-30 18:04:22,2017-11-30 00:00:00
2cc93fd6f68e6cfcb968814de8a14296,a983c02db2326fbb498f173d0d9fe068,shipped,2017-10-11 18:25:49,2017-10-12 19:00:08,2017-10-18 21:12:41,,2017-10-26 00:00:00
1d7542bb5262913fe0516f7943b69a58,a7bf5e6fa311950360efc620e590fa74,delivered,2018-07-28 23:32:46,2018-07-28 23:45:09,2018-07-30 11:33:00,2018-07-31 19:06:21,2018-08-02 00:00:00
90da6c29892f7992fba135aae37af2eb,e94c14839b8dac0fddfbfbf13fae91aa,delivered,2018-04-16 19:05:40,2018-04-18 05:11:22,2018-04-18 15:42:45,2018-05-02 16:08:33,2018-05-10 00:00:00
c0663e7701a516c68fa3009dd4f93ac0,afa35cd648263a2b82ca9fc2473d21b6,delivered,2018-01-04 21:21:17,2018-01-04 21:31:24,2018-01-05 20:28:44,2018-01-13 00:21:58,2018-01-31 00:00:00
7c11eb6e7bdbdf76e17fd6cf7e1eec53,ad43a1cff14fe08a87051ca82f1ae98a,delivered,2018-03-14 14:45:18,2018-03-14 15:08:28,2018-03-15 18:03:27,2018-04-23 13:38:47,2018-04-05 00:00:00
3f8f3b3ace5d3cf820f9d891b366f621,8fe543b6030bffa32dbf44f62da1fffa,delivered,2017-02-14 10:27:49,2017-02-15 07:30:16,2017-02-22 09:27:52,2017-03-13 01:18:05,2017-03-15 00:00:00
0da9ad216b1827c67a72f0c852666c40,cf49ace1e2e9a0f9eebb6377d93f5b53,delivered,2017-07-10 16:56:10,2017-07-10 17:10:25,2017-07-12 14:52:14,2017-07-18 21:42:12,2017-07-28 00:00:00
4a1ea52e0dfcd2d974464a1cb86cfbf2,f5fb123023cbd4acdc614393621b6f86,delivered,2017-03-18 23:16:57,2017-03-18 23:16:57,2017-03-21 09:48:07,2017-03-30 15:58:07,2017-04-17 00:00:00
2935c56eef4b858e80e28d27d3243b33,b112c25162f677529330d2d69d25ea4e,delivered,2018-07-31 18:10:16,2018-08-01 18:05:17,2018-08-03 12:20:00,2018-08-15 14:48:40,2018-08-15 00:00:00
7897a2eebb3941ae97159cb88f65cb1c,ce30477e5bf86ecc45ad74fd8adda309,delivered,2018-01-21 21:42:20,2018-01-22 14:03:02,2018-01-31 20:54:07,2018-02-14 20:06:31,2018-02-06 00:00:00
87070dc27c09158806c987c8845912e5,35514175c242f45e81cb61bc1a973323,delivered,2017-12-31 06:57:36,2017-12-31 07:08:51,2018-01-04 10:46:26,2018-01-05 18:47:47,2018-01-18 00:00:00
89c5271497489d8c7fe6d3432f8ce193,4979f27f283cb0583f3e188420013a20,delivered,2017-09-20 12:52:52,2017-09-20 13:10:26,2017-09-22 17:27:05,2017-09-28 18:39:10,2017-10-20 00:00:00
7a66199975779c8e2b418d608ceb2e2a,50746721607619f58bb3efddd42a502d,delivered,2018-05-12 19:18:53,2018-05-12 19:30:18,2018-05-14 15:45:00,2018-05-18 18:38:29,2018-06-06 00:00:00
2e9a02fad8f4629cc049053cca7a9a1c,8cb9c96288df5e44d44d767b4d3c4cc0,delivered,2018-01-23 11:29:39,2018-01-24 02:53:21,2018-01-25 00:41:31,2018-01-29 23:36:58,2018-02-16 00:00:00
51879b7474407f56048b6c36cc3e263c,82141426f5565b47a8b8433342024da7,delivered,2018-07-25 21:44:59,2018-07-25 22:15:07,2018-07-26 11:12:00,2018-08-20 11:52:13,2018-08-08 00:00:00
7ed980a67023306cce5ada7078003bc6,957e79d34a00288f566fe7b082516945,delivered,2018-08-09 10:47:50,2018-08-10 08:05:19,2018-08-10 14:20:00,2018-08-13 12:16:50,2018-08-14 00:00:00
df6c01d270d262c21e166451f80eaa74,68d1a1a291e491307ff610511e25a860,delivered,2017-10-15 19:18:27,2017-10-17 03:46:05,2017-10-23 18:36:39,2017-10-27 21:12:53,2017-11-09 00:00:00
a1a68e110acccf4536909795aef7dc9b,d1e65403f8fe29061b2180137a35323a,delivered,2017-02-27 12:26:09,2017-03-02 04:05:29,2017-03-03 16:38:10,2017-03-20 09:37:49,2017-03-22 00:00:00
56fa59437624f620d5695b5cbe89526a,2e6e4e3cb07ca8e126b5a3035cd9b07b,delivered,2018-02-17 07:58:07,2018-02-17 08:06:57,2018-02-24 01:32:46,2018-03-07 20:04:41,2018-03-13 00:00:00
c2c532396648bb54b975a3f2f7845884,eb46deb9e3c7469abf39577b396e5346,delivered,2018-08-19 23:51:06,2018-08-21 06:10:14,2018-08-22 11:53:00,2018-08-28 23:46:23,2018-09-04 00:00:00
cd076cd6f94843e39c58e62994c320e1,c7e72966796b9fe35ff370d8a8e03e61,delivered,2018-03-17 14:55:59,2018-03-17 15:08:47,2018-03-19 19:41:57,2018-03-27 21:47:51,2018-04-11 00:00:00
80ef7b40d74026eaedfecd11cf473a65,d03eabacc0455a4a83d90cc74dc127b7,delivered,2018-06-23 11:42:18,2018-06-26 05:13:10,2018-06-27 06:22:00,2018-07-03 22:32:24,2018-07-23 00:00:00
442be05839341a530c60503334ac0488,d12dca16ecd5d626b790f6d85f7c20b2,invoiced,2017-09-21 12:50:17,2017-09-21 13:04:41,,,2017-10-17 00:00:00
421deffec215845f8632fb3543789f86,07d32200708d263fc5006988e4b6eff7,delivered,2018-08-24 14:05:59,2018-08-24 14:24:29,2018-08-24 13:46:00,2018-08-30 20:32:08,2018-09-11 00:00:00
fe200ad195ed77d67e1de3300313f170,121d3c0609b8e4783396c134b682711e,delivered,2018-01-18 17:58:30,2018-01-18 18:14:53,2018-01-19 22:42:22,2018-01-26 16:51:52,2018-02-08 00:00:00
1ad22e16129698e1a3cc11e4350d2cb7,d6441eef3f37c3edb0d5634c3c85120b,canceled,2018-09-12 15:32:16,,,,2018-09-26 00:00:00
a539050b5ced5a45fbb22fa7a99f2043,67a9926031ed753f9736c0f8892aba6c,delivered,2018-08-15 16:34:21,2018-08-15 16:45:15,2018-08-17 14:47:00,2018-08-23 00:54:42,2018-08-30 00:00:00
08fb515ec54c34ca06b1e2268acc429c,64adccc0de9d57989a74c5ac34e43272,delivered,2018-01-13 14:27:17,2018-01-13 14:39:32,2018-01-15 19:22:21,2018-01-23 20:28:42,2018-02-08 00:00:00
e3e1cd5b453de646c076ea5da017da13,716b77893ea2eac1f37d4c035a1d8c18,delivered,2018-04-13 17:59:20,2018-04-15 17:11:08,2018-04-19 00:05:08,2018-05-03 15:46:33,2018-05-14 00:00:00
30143cbe639436a82c4936717cc5ecb6,d7602c50f544cd619427d56ae028a08b,delivered,2018-03-02 16:48:42,2018-03-02 17:10:38,2018-03-06 16:35:33,2018-03-11 19:02:55,2018-03-20 00:00:00
e3f9305c1f7dacfb140929cb67698575,ce91ccb151759da0c0674484384a0b45,delivered,2018-04-16 10:14:11,2018-04-16 10:32:30,2018-04-17 20:25:48,2018-04-24 19:31:47,2018-05-10 00:00:00
6068425eef94486cf980570a1e00b58c,1d0c4d56d5c41a141201ea8df99e59bc,delivered,2018-04-23 23:00:52,2018-04-24 19:07:34,2018-04-26 13:32:00,2018-05-03 10:29:51,2018-05-17 00:00:00
d50b42288a180cabdc414b2d43b67a3d,c3a333fba4aeda785b5c71badd565313,delivered,2017-07-12 10:16:54,2017-07-13 12:25:10,2017-07-14 15:14:59,2017-07-26 19:23:54,2017-08-09 00:00:00
34264146fae64f03cf47c5211091acfe,8eddeeb14e0999f2e78201542dc0f4ed,delivered,2017-08-07 16:08:12,2017-08-07 16:25:14,2017-08-08 11:39:59,2017-08-14 18:06:06,2017-08-29 00:00:00
2d5fe300d9ae2c54ed035449aac94391,b6c0aad38db369fef790e41254043f63,delivered,2017-10-18 00:05:11,2017-10-18 00:14:28,2017-10-18 18:07:45,2017-10-24 16:32:54,2017-11-09 00:00:00
e0be387e4482cc1e135c5ffe3d896885,78044ea05d807cf1a0d4ed51c4064c11,delivered,2018-01-29 10:17:02,2018-01-29 10:39:25,2018-02-02 01:18:11,2018-02-10 01:38:57,2018-02-20 00:00:00
99f59289c097596a1a30bd181430f2b0,f21af0b30cca19e2f168e1cc62a12623,delivered,2018-02-16 13:18:52,2018-02-16 16:07:13,2018-02-23 01:41:56,2018-03-21 00:36:40,2018-04-10 00:00:00
6e52fe67778a12f079296a3d416ebe86,634a4e35cb377fa096c26eaee2add85a,delivered,2017-12-10 12:24:17,2017-12-10 12:31:23,2017-12-11 16:45:06,2017-12-26 14:42:39,2018-01-04 00:00:00
783058adb0589c4c5b2f3f748a27485b,a764fba79ae39e814c41f8cd1da0571d,delivered,2018-08-03 17:13:19,2018-08-03 17:25:23,2018-08-07 14:33:00,2018-08-20 20:08:29,2018-09-03 00:00:00
eb8276a1299b1e3f817ee40f4dccd563,49510cb6fa5de3b5375d6ab76f11c9a7,delivered,2017-12-24 16:56:45,2017-12-24 17:09:12,2017-12-27 17:19:22,2017-12-28 19:23:51,2018-01-15 00:00:00
1ec5ab4a5ab1b60a84603c6a06da028f,0aa76d5f7e9e7b8305d6a6759fe8120b,delivered,2017-11-29 07:25:31,2017-11-29 07:35:20,2017-11-29 22:24:41,2017-11-30 19:28:51,2017-12-13 00:00:00
e11884595cc1ab95ac7a14344bc412d6,e8155b5bad40bfbdba318809d91b2e4b,delivered,2017-06-14 17:57:46,2017-06-14 18:10:14,2017-06-16 19:27:36,2017-06-27 16:33:36,2017-07-19 00:00:00
38f3f9b07a8b12e3b5b699ea7297932e,38639be8824a9d656a9cdd13afd20924,delivered,2018-05-01 16:05:40,2018-05-01 16:15:19,2018-05-02 18:15:00,2018-05-09 14:12:11,2018-06-01 00:00:00
4644c8e42b3f62ea4f683927c2e1a988,8404096c5c0ab0cfcf76fbf0ab1b7885,delivered,2018-06-21 14:15:29,2018-06-22 03:17:18,2018-06-28 15:41:00,2018-07-03 18:33:30,2018-07-23 00:00:00
a1bec8f10a79152e439c5133f404c772,aa58d5e8a1d6cd547904e11ef30f1f9d,delivered,2017-08-13 11:04:18,2017-08-13 11:23:42,2017-08-14 20:53:48,2017-08-23 21:24:10,2017-09-05 00:00:00
c5b8a34f0c16a7c4ca64e57aa15462db,7cd9128617dbce537891eb42ac4f5ab3,delivered,2018-01-23 17:34:42,2018-01-23 18:07:24,2018-01-29 18:53:19,2018-01-30 17:04:41,2018-02-16 00:00:00
f1bc4367547388bec3e4ecf266defc71,3ce8fb2428f3fcecbca120bce8f7b253,delivered,2018-03-13 09:39:41,2018-03-15 03:10:49,2018-03-20 18:08:46,2018-04-19 17:49:39,2018-04-03 00:00:00
df51cdd0d48077d8cd198c5033b8dff6,0fba7e91e927412505af523e126dc637,delivered,2018-07-28 23:19:39,2018-07-29 07:05:09,2018-07-30 08:16:00,2018-08-03 18:27:01,2018-08-10 00:00:00
e3a59f0c0070cef211194f618687ee20,582302abe5112d45149d760acd6e0c1b,delivered,2018-06-19 17:43:52,2018-06-19 18:04:28,2018-06-20 16:57:00,2018-06-27 13:28:25,2018-07-13 00:00:00
1b5011433abb89a8ad7b787401280a0a,11379ea61f696fee82d5132bd194360f,delivered,2018-02-25 13:49:19,2018-02-25 14:28:01,2018-02-26 18:55:02,2018-03-06 14:33:43,2018-03-16 00:00:00
04075153ea747446984b909a58edef85,c3f1f14135a14fa76da70e04a0ac530f,delivered,2018-07-20 20:48:35,2018-07-21 10:15:26,2018-07-24 10:27:00,2018-07-27 20:46:29,2018-08-08 00:00:00
dac3092fa896a585ef8cfe91762294e5,6ac4f4b8a8559141e69a781be84aacee,delivered,2018-07-31 10:03:33,2018-08-01 03:31:45,2018-08-06 10:01:00,2018-08-09 21:18:36,2018-08-22 00:00:00
f3290f4b0c78e37eff2ade0174b0c307,986faab8e9af39855911d39d9d6e9a8f,delivered,2017-04-27 17:58:30,2017-04-27 18:10:23,2017-04-28 13:32:10,2017-05-12 14:32:41,2017-06-07 00:00:00
63648126e49f90edc171d5a2a5fc433e,b275c3a32500fd86fb187b62b90c0d6c,delivered,2018-01-16 15:32:35,2018-01-18 02:12:39,2018-01-19 17:49:17,2018-01-25 20:48:33,2018-02-07 00:00:00
f1462fd2d8a35339426c88472ba32354,4d749355dca24a17569bdfc2f21f757e,delivered,2018-01-16 17:42:39,2018-01-16 17:55:59,2018-01-17 19:54:00,2018-01-26 16:55:18,2018-02-07 00:00:00
f16cbac8a72057c2daba4b64662100ba,08f632ba547ce8a3f9d4efe3028a216e,delivered,2018-08-01 08:29:38,2018-08-01 08:44:07,2018-08-06 14:23:00,2018-08-15 16:47:01,2018-08-13 00:00:00
ee0ceef4f6b0b57613eedaf1568bff02,d69707d828e613d5e042ac0de8ae64bb,delivered,2017-09-22 11:48:42,2017-09-22 11:55:23,2017-09-25 20:22:22,2017-09-26 19:55:45,2017-10-09 00:00:00
ba2a82359a00bf0bd1f5ae32527a5a40,a7f8ce7902371e84a160590635b0c546,delivered,2018-08-17 08:29:19,2018-08-17 09:09:42,2018-08-20 08:59:00,2018-08-22 17:24:42,2018-08-28 00:00:00
4749ee8fe12594e5e3b2170f35ed441d,481aa2704b487a84a33416f60148190e,delivered,2017-07-06 19:09:12,2017-07-06 19:23:17,2017-07-07 19:59:22,2017-07-21 17:22:29,2017-08-10 00:00:00
958e577696e108a5f94c9b0f1b6f763c,6f2d07aa1080a10cdf51a8463b6750f7,delivered,2017-07-15 15:57:48,2017-07-18 06:05:14,2017-07-21 20:58:28,2017-08-01 12:04:40,2017-08-08 00:00:00
e15f1e584322c33341bb95913477ae2a,5585e81d18619898a7ee6517d67cce6b,delivered,2018-04-02 15:53:14,2018-04-02 16:13:29,2018-04-05 22:08:52,2018-04-07 12:41:51,2018-04-18 00:00:00
2d472b4b2d08108565852ca0782507f2,7c3c95a24ec40f62f817a4b46fa1130c,delivered,2017-09-14 23:46:41,2017-09-15 00:20:20,2017-09-19 21:47:49,2017-09-25 13:56:28,2017-10-03 00:00:00
0e3737a398f635ed0c0957a0320781ec,7e54da0c70661ce35754a113fcda1208,delivered,2018-01-07 12:57:21,2018-01-07 13:07:18,2018-01-08 20:50:19,2018-01-10 19:07:59,2018-01-24 00:00:00
c9f8b15e667ca2f541bf3e608b5c1192,bdb07c4ef56b510b835265bfdfbe8319,delivered,2018-01-08 13:14:48,2018-01-09 07:27:34,2018-01-11 22:39:14,2018-01-18 15:24:31,2018-02-14 00:00:00
d278b5de7264ce84ea98dc603be04661,30f735a941f2d39ec866c4ba349ee5c0,delivered,2017-09-26 18:44:52,2017-09-26 18:56:15,2017-09-27 13:13:04,2017-10-02 21:05:51,2017-10-24 00:00:00
dfa89510eb5c9e15b363ec8395e702c1,06267fe0dcca48cbd55db1d8518bdb38,delivered,2018-01-09 02:10:23,2018-01-09 02:19:53,2018-01-10 16:30:15,2018-01-13 01:05:34,2018-02-07 00:00:00
9902c4cfc248909d6edb216912e16ef0,dc75c759d2f158676e6d90bb661bf42b,delivered,2018-07-16 19:42:34,2018-07-16 19:55:23,2018-07-20 15:50:00,2018-07-24 19:48:55,2018-08-01 00:00:00
026054570865201773b27b2748af1217,7b2dc93ae14fdd68c575ca579d937b71,delivered,2017-12-08 14:32:08,2017-12-08 14:49:20,2017-12-11 19:32:15,2017-12-22 20:59:01,2018-01-08 00:00:00
4d680edbaa7d3d9bed69532957368a03,1444f701e835b7d189637c10f5287e76,delivered,2018-08-20 14:34:51,2018-08-21 09:15:09,2018-08-23 09:21:00,2018-08-27 17:51:52,2018-10-01 00:00:00
00b12f4674177ef40c4bdb034138c843,5d6daccfa147ddbc4d54826f8645ca5c,delivered,2018-07-15 19:47:30,2018-07-15 20:04:06,2018-07-16 14:23:00,2018-07-20 22:03:24,2018-08-02 00:00:00
387f9402f82c83ab40342b5c6b00a09d,f64dd9c3e5de7276aa2a3ff45273e47a,invoiced,2018-04-22 21:14:16,2018-04-24 19:24:47,,,2018-05-09 00:00:00
50b8c557d8dd265d4417824162c5888c,aaea8b0c58ccf12e787f33aefb1243e4,delivered,2018-06-08 11:33:03,2018-06-08 11:54:36,2018-06-11 11:52:00,2018-06-16 01:25:42,2018-07-18 00:00:00
2b7e3239c2257eb4a6cc95f73285b970,8877ad2e63b8bc49e95b1c18133c4f8d,delivered,2018-05-02 12:41:41,2018-05-02 12:55:32,2018-05-03 14:41:00,2018-05-08 02:19:18,2018-05-18 00:00:00
d640892cc6e635047b062a06b5f9ce32,ed3f5834a1aa32b3e924a622a6753d88,delivered,2018-08-01 10:59:25,2018-08-03 02:50:26,2018-08-06 10:44:00,2018-08-11 01:25:40,2018-08-13 00:00:00
eb56ddfc112b49241ad368f44da00dc3,5fd6dead0d9541b66439ca774ae0d73a,delivered,2017-11-17 19:55:36,2017-11-18 02:29:13,2017-11-20 15:36:23,2017-11-25 13:51:25,2017-12-18 00:00:00
31f2b7c70b716879e5c4080ef87f20bc,98b8e49c0cf885f1da80403205b422a6,delivered,2018-04-02 15:37:39,2018-04-02 15:50:16,2018-04-03 20:55:25,2018-04-09 21:36:46,2018-04-18 00:00:00
73d70dce05cb08ecad51b47c4fd26925,3ca320c118e7ec2503867e31a79c479d,delivered,2017-10-29 17:58:42,2017-10-29 18:10:15,2017-10-30 19:58:46,2017-11-03 17:57:39,2017-11-17 00:00:00
7f3be4acbc6f640562b088d72add56b9,3c8636b14f946db377d3a5201548cad9,delivered,2017-11-27 14:49:44,2017-11-27 15:03:25,2017-11-29 21:09:02,2017-12-09 13:52:03,2017-12-20 00:00:00
4bd1099b6061705c9dc280f3f0c4324a,2c170599bc976f4cf90327b4baf83aeb,delivered,2018-01-17 12:03:01,2018-01-17 12:12:21,2018-01-17 19:37:08,2018-01-19 22:28:52,2018-02-01 00:00:00
824fa8179b9911d58831e0b09eedde13,21e3335e3f6a66b540ade23f25b6bb41,processing,2017-07-22 00:37:21,2017-07-22 00:50:16,,,2017-08-08 00:00:00
b5e095024706f86e26f9ae88b1d81811,fed063142605b95f0ff2fe32c641348d,delivered,2018-01-03 03:24:57,2018-01-04 05:15:22,2018-01-04 23:48:34,2018-01-12 23:11:11,2018-01-26 00:00:00
d41ac75d7d2093a499ca5d7252a3e3a0,1c8bd4ede09cf207df1dab28bf663747,delivered,2018-02-14 02:10:26,2018-02-14 02:27:35,2018-02-14 18:38:21,2018-02-26 21:09:35,2018-03-15 00:00:00
0392da48d173776fc37d98de1a253370,07afb3a78aa11eb38f98dedc9200eaf2,delivered,2018-05-21 11:08:43,2018-05-21 15:32:01,2018-05-22 13:33:00,2018-05-23 16:38:42,2018-05-29 00:00:00
ee7560a748685ea9c6d3bb5341f4e97e,29fe5fbfb6d35ec13954cacf85e3e341,delivered,2017-12-01 17:17:29,2017-12-01 17:29:49,2017-12-04 20:52:40,2017-12-19 17:12:15,2018-01-03 00:00:00
01e7cf79ff6fdb0a65634f714c67dd24,aded241eaa68c31246d82eb3198d4ae3,canceled,2018-02-15 14:58:55,2018-02-15 15:10:35,2018-02-19 18:52:15,,2018-03-07 00:00:00
485ebaf1444009348caf87a4fcb8f0f4,019b7b400189d67c8b75754edd1919f7,delivered,2017-07-19 17:14:37,2017-07-19 17:30:07,2017-07-21 11:59:27,2017-08-12 16:13:42,2017-08-23 00:00:00
d0ddded2fb44f032154b6149cce5e2e6,5f3789bef735a3dd4cc9a85f08b69fc5,delivered,2018-03-15 19:10:03,2018-03-15 19:20:40,2018-03-17 01:58:32,2018-04-18 18:51:58,2018-04-10 00:00:00
f5b28abdd8945a967d21c597bfae65b0,3d511c4a8201a48297ad8de9e03dc991,delivered,2018-04-12 10:30:22,2018-04-13 13:29:45,2018-04-13 22:19:22,2018-04-16 19:55:32,2018-04-30 00:00:00
7b57eaf2caa8c4844ecceaca731c93fe,b76d67086136493ca1369feae3f5cf2e,delivered,2018-07-16 20:42:10,2018-07-16 20:55:28,2018-07-17 13:45:00,2018-07-23 18:09:20,2018-08-03 00:00:00
d6f8a3db5b45d8d7ca18eb34d5c902ae,4fb4e9973cfcdb270134d0a9f81ad158,delivered,2017-01-31 15:39:27,2017-01-31 15:50:14,2017-02-01 09:42:31,2017-02-07 15:41:14,2017-03-01 00:00:00
56a51e881f6f95bd1546e9e1e49254f5,7312b3a08eed8d37ae91765f2eb303d2,delivered,2018-04-27 19:48:04,2018-04-27 20:10:48,2018-05-03 14:13:00,2018-05-10 20:51:28,2018-05-21 00:00:00
0be7e98768e4af5d5f972b05d01a82e1,8da4a561ec4d53e218fa89fe8530d8c8,delivered,2017-11-20 12:49:26,2017-11-20 13:16:47,2017-11-21 12:49:06,2017-11-29 22:04:05,2017-12-15 00:00:00
5a328406a89e62a595591f1a4cdeaa91,236aa615a20028cfaa35e762a96d2307,delivered,2017-10-20 17:01:29,2017-10-21 02:49:10,2017-10-24 19:48:54,2017-10-30 15:51:44,2017-11-08 00:00:00
558266bfba11bf9a23f7634ee0657f43,fcd3d27da039898ed57693dbbe9d99ce,delivered,2018-08-13 19:38:49,2018-08-13 19:50:15,2018-08-14 13:09:00,2018-08-16 20:27:40,2018-08-17 00:00:00
8d9a3b767d2f523b2c1cdf4fd7806205,1ded2724f10a7e371f4ef9ddb927cebf,delivered,2018-07-18 14:12:04,2018-07-18 14:25:25,2018-07-19 06:14:00,2018-07-26 19:09:01,2018-08-15 00:00:00
f9a84fc50b50973cb20ce6494f8e7eb5,2317945e1dd932e7a65b81cac0e7c5e9,delivered,2018-04-12 15:45:42,2018-04-13 13:14:14,2018-04-19 12:27:32,2018-04-20 21:17:44,2018-04-30 00:00:00
2b0edc4c59d83dcef85466718c36a317,5effe9491d0f5a1c12ee4a384ec09bdf,unavailable,2017-09-29 19:17:10,2017-09-29 20:00:07,,,2017-10-17 00:00:00
8f817d4e9c6f6c17d7a5381f04dc3c9d,811c084bafb5d1ddcb9359ee13d71a36,delivered,2018-03-12 12:15:20,2018-03-12 12:29:18,2018-03-13 18:42:01,2018-03-31 21:55:48,2018-04-04 00:00:00
334aeb42957ddc27b1e35631aa2d120e,2d900f649b6456aa43078c5f05d3079b,delivered,2018-05-29 20:21:13,2018-05-29 22:32:46,2018-05-30 15:17:00,2018-06-01 18:41:00,2018-06-21 00:00:00
dc3a6fce0933ac9fd82c5b80bc036192,59729bfa30b6041c728f4bcd519c0687,delivered,2017-07-14 09:59:17,2017-07-15 10:03:13,2017-07-17 20:05:39,2017-07-18 20:37:10,2017-07-27 00:00:00
5b33463a5e3fd8ed5b6ad88d44edd316,711f011a1988cc9a77992e8a3dd4c689,delivered,2017-12-16 17:07:49,2017-12-18 17:52:34,2017-12-19 17:45:41,2017-12-27 02:48:42,2018-01-05 00:00:00
1f133ab6b29096670c6f0024ffa95d3f,929fa62eff5107a5fc968a7ca9934389,delivered,2018-06-16 15:01:52,2018-06-16 15:19:09,2018-06-18 08:42:00,2018-06-22 14:56:55,2018-07-23 00:00:00
4e6c0babb00ec8391d7ceda5773064c6,def82bd2aaf543e4a7ac20d87b8c5651,delivered,2017-06-01 10:55:34,2017-06-01 11:05:16,2017-06-06 14:08:38,2017-06-08 13:42:21,2017-06-22 00:00:00
1882b3d31fb4a660930adb0ba04e8680,f8e3dd33cb55cad04f7ec33d102bd4a8,delivered,2018-02-08 18:26:34,2018-02-08 19:09:55,2018-02-09 23:44:29,2018-02-19 23:52:14,2018-03-07 00:00:00
1c4321d51d7e6f9ac2ae011396ecde38,8dc26b31e83f4d58759c682f919a7b95,delivered,2018-02-24 16:10:19,2018-02-24 16:27:31,2018-02-27 21:33:24,2018-03-01 23:56:50,2018-03-12 00:00:00
6ba12cf8ea93dd8fbc3b6aa38295b708,8a92f7ae7a5ade8bec9b01a80f5a34e9,delivered,2017-07-31 12:36:27,2017-07-31 12:50:22,2017-08-09 19:00:22,2017-08-22 17:47:44,2017-08-28 00:00:00
0dd96ab2fca2927658c83b7e2e954ec9,b2f66716339acf3fd29df8cb5ad63158,delivered,2017-07-09 01:55:26,2017-07-09 02:05:22,2017-07-10 12:47:55,2017-07-22 13:24:37,2017-08-01 00:00:00
73db7f6cd086270ffe2e67b8379385bf,77ef49f7617864ea2913de00c9545ae4,delivered,2018-01-18 12:49:09,2018-01-18 13:13:04,2018-01-19 16:54:26,2018-02-07 21:22:15,2018-02-16 00:00:00
443cff258a277bb6451a8357fcc7f43e,da89768d5e47c76c1b3f2694e6c8f6a9,delivered,2017-12-28 12:31:49,2017-12-29 13:26:53,2018-01-02 18:23:48,2018-01-08 20:10:18,2018-02-01 00:00:00
5979684d63c8a62e550943dacdd1231c,d44e6dff13a8df604fff158eebb4c383,delivered,2017-12-07 13:39:33,2017-12-07 15:05:56,2017-12-18 15:41:39,2017-12-28 21:18:16,2018-01-05 00:00:00
aa523156b5162b36d717c11ab1d48509,c9915c7f8ac83ac76a9a605f4a4db5f9,delivered,2018-08-09 08:36:47,2018-08-10 03:10:20,2018-08-13 12:56:00,2018-08-18 01:39:21,2018-08-23 00:00:00
13cef9e0a4505f2d911e9c4465b5eb22,583ef57cb746d7949710ccd882a51242,delivered,2018-08-21 19:12:04,2018-08-22 03:55:15,2018-08-23 12:01:00,2018-08-28 16:36:50,2018-09-06 00:00:00
591697bc2284f1e5acb373a47ff9f0fd,e617f9af2c4e5229546cf4102bce4d42,delivered,2018-01-26 20:37:19,2018-01-26 20:53:22,2018-01-30 23:38:48,2018-02-21 17:47:14,2018-03-01 00:00:00
aee8131e9015100163acf980dee10533,7a375a6afdd7f2db74c57a74568439fb,delivered,2017-05-11 14:04:20,2017-05-12 02:45:20,2017-05-16 12:18:10,2017-05-24 18:53:39,2017-06-08 00:00:00
623782c0605b507c31691b1fff4dc299,7e358e84314f95f1ba53d7782a34037a,delivered,2017-03-01 21:44:05,2017-03-03 02:10:42,2017-03-03 11:01:34,2017-03-08 14:48:01,2017-03-23 00:00:00
81f667f73efffe2771ab8b77d326f1ee,0219e8c875d04bfff5a49b0555a08e89,delivered,2018-02-14 21:17:34,2018-02-20 10:07:45,2018-02-26 20:32:59,2018-03-17 19:12:51,2018-03-07 00:00:00
382dc35d6a778251ca13cf1a68a5128d,ee1435be88c6663ac63aa3e43b0c3112,delivered,2018-02-28 13:43:17,2018-03-02 02:10:57,2018-03-06 20:04:29,2018-03-23 03:16:40,2018-03-29 00:00:00
18f4834a46d0ab990c2e0b565fdf646c,bf46322ae97e484afe52808f7e357ead,delivered,2017-12-07 10:00:07,2017-12-07 10:12:26,2017-12-08 20:08:51,2017-12-29 16:56:16,2018-01-04 00:00:00
3040894afb173b3e85c8f03508f46a51,46b980cca62c88e12505b6c87e37194e,delivered,2018-02-16 07:12:09,2018-02-16 08:07:37,2018-02-20 00:42:35,2018-03-02 14:39:06,2018-03-15 00:00:00
c5ed857804a0f52fd862cf81de0b261f,7538db9c4874300aadec63e501ad046c,delivered,2017-02-19 19:10:30,2017-02-19 19:22:19,2017-02-21 13:59:12,2017-02-23 08:57:51,2017-03-23 00:00:00
95dae95803419f516509a4b5fc8a2d09,0404d1fae25bd35102d36861b05e0108,delivered,2018-02-21 14:28:54,2018-02-21 14:49:24,2018-02-22 22:52:01,2018-02-26 22:32:27,2018-03-15 00:00:00
679444cad1d40f241461739afef6add9,268b639e32e5d28e8cfe379fc1fdd3f1,delivered,2018-04-16 14:35:32,2018-04-16 14:51:12,2018-04-17 16:03:24,2018-04-28 14:47:37,2018-05-22 00:00:00
d29a401d12ff3433597a0aa1d17d37ba,4c0e8d666997c501202d811cb61c4ec7,shipped,2018-04-20 20:14:41,2018-04-24 18:38:45,2018-04-24 16:42:36,,2018-05-16 00:00:00
63cd6c93d785b3b54d7955bc5fd74c3d,2872db8bee140b1c1f86b8a3647bc83f,delivered,2017-11-08 17:50:29,2017-11-10 03:11:24,2017-11-30 23:47:16,2017-12-18 20:39:50,2017-12-01 00:00:00
fb028e12fd2759b233545fd4583ba026,305236c9ed47b8d84f14d18c87841daf,delivered,2018-03-29 07:31:55,2018-03-29 07:47:14,2018-03-29 21:51:28,2018-04-05 17:41:45,2018-04-17 00:00:00
f28d2797b047549663f2e82b4afbdc1e,fa60dc846cc1ab755dd1768fc500b400,delivered,2017-04-06 18:47:46,2017-04-06 18:55:12,2017-04-10 14:24:52,2017-04-12 08:22:43,2017-05-19 00:00:00
3d7264091d686b71e3250b37f6ea6f07,3d46e2b167c26a577fb12420046629c6,delivered,2018-02-14 19:52:45,2018-02-14 20:27:06,2018-02-15 18:41:19,2018-03-02 15:46:47,2018-03-08 00:00:00
f7e76d88532589dec3eca969d70af654,eeed45d421233a092443e8a5714a4755,delivered,2017-09-08 06:48:01,2017-09-08 07:03:46,2017-09-12 22:07:33,2017-09-22 18:38:55,2017-10-04 00:00:00
5d09cfbc4fad0ff520925e4b6d6c4b75,849055ab6cd4bbc743b31a7a5f218b8a,delivered,2018-06-26 16:37:03,2018-06-26 16:58:26,2018-06-27 13:03:00,2018-06-30 14:02:56,2018-07-18 00:00:00
96b8bacb04c05e3e178f33bf738f357b,ee1df5476c09c1850cdff1f73e3a9306,delivered,2017-12-21 11:22:27,2017-12-21 11:30:57,2018-01-10 01:19:16,2018-01-16 17:05:46,2018-02-05 00:00:00
7920529b8621a433718e66c72a763bdc,5ef5b5c4390be15d51dc7637f3e0bcd9,delivered,2017-11-20 22:35:58,2017-11-20 22:47:25,2017-11-22 23:51:22,2017-11-28 16:54:34,2017-12-11 00:00:00
37069a22c82db05d43b447a96abf4af0,5740a132befda6003442f8834d5ad458,delivered,2017-12-21 13:52:46,2017-12-21 14:44:08,2018-01-10 01:25:01,2018-01-26 17:47:58,2018-01-22 00:00:00
59e87cfa722bf039f1379c56d0f97e07,48d13513873378a375f90baf4bb5834f,delivered,2018-08-17 14:01:36,2018-08-18 11:55:12,2018-08-20 10:20:00,2018-08-22 16:56:31,2018-08-28 00:00:00
22393c9bb58fd23ba0aaf68dab5094cc,e46731ed04dacfd209c14dff32d96e58,delivered,2018-05-20 11:04:08,2018-05-20 11:15:18,2018-05-24 12:25:00,2018-06-04 20:03:52,2018-06-06 00:00:00
0c03662cf0a2be624f6cfd189de46224,cc0375db490f28340c99213435819839,delivered,2018-04-10 08:11:52,2018-04-11 10:31:28,2018-04-11 23:24:33,2018-05-02 21:46:56,2018-05-15 00:00:00
bcdb2acf83fbdd65aa15e879cd8afaa5,39fca5d473f90b6a8b4cd39f5834202a,delivered,2017-10-07 15:27:15,2017-10-07 15:35:17,2017-10-13 16:13:52,2017-10-23 17:52:40,2017-11-03 00:00:00
eb5ece07af1767cf4ef1f4a8eeed991a,2265dae5343f841be4b12b31b32b9326,delivered,2017-04-18 12:18:22,2017-04-19 02:50:46,2017-04-20 11:18:45,2017-04-26 13:28:19,2017-05-11 00:00:00
a5b473174cc18cb742dcca534550b5b3,7568bd18487fbdb632e296a69422aede,delivered,2017-11-10 12:40:49,2017-11-10 12:56:07,2017-11-17 12:57:02,2017-11-24 20:41:19,2017-12-11 00:00:00
d04eac33e07f50f9ca76062f344a3dbd,303be88e30298d86fb4b2f794740a059,delivered,2017-07-31 21:26:42,2017-07-31 21:45:13,2017-08-01 19:46:47,2017-08-08 21:22:14,2017-08-18 00:00:00
812f070ac6102e758e95be181e29403f,614538d4b26bd1763e449494de2968ed,delivered,2018-03-11 10:40:55,2018-03-11 11:40:25,2018-03-15 22:46:48,2018-04-09 19:12:03,2018-04-05 00:00:00
19f925cecd63e4728d771fc9ee389f3d,cb2d03b2c38c746356b9d38902960f05,delivered,2017-12-07 11:15:33,2017-12-07 15:32:06,2017-12-08 14:49:11,2017-12-29 19:09:31,2018-01-10 00:00:00
15e2d9eb38b0fecf6c2bb792d11bfb93,76f0ac2dfd0045e6ea44692fe8aab7ea,delivered,2017-11-30 00:28:05,2017-12-01 11:31:30,2017-12-01 21:41:57,2017-12-07 16:43:20,2017-12-29 00:00:00
531a41568e23a7a1b2d62fe6e5842149,a4e7f95a56ae5d343df14b2a4558d766,delivered,2018-03-17 21:03:59,2018-03-17 21:15:28,2018-03-19 20:23:51,2018-03-24 19:18:56,2018-03-29 00:00:00
9bd2751f058566408b3584868d9e0c2d,390c2d63ab072df8eca0658f3b9a9f3e,delivered,2018-01-23 00:18:46,2018-01-23 00:34:08,2018-01-23 23:48:29,2018-02-09 17:49:27,2018-02-26 00:00:00
1f720d7cfaf86011d6a8cf13b397394c,5547a5468ff2b3f4c27164dde3546f28,delivered,2018-01-08 13:30:53,2018-01-09 07:19:46,2018-01-09 19:27:05,2018-01-10 21:59:07,2018-01-24 00:00:00
d785a3d0046f381b43dd7b218998b06a,37c7462de8e76bf2b77641876c3c25e2,unavailable,2017-11-11 15:18:25,2017-11-11 15:30:36,,,2017-11-27 00:00:00
4a422e8c9f64de121752b33d4571f783,429af1faa9c02097973cbcc46dcb148f,delivered,2018-02-19 13:27:53,2018-02-19 13:35:33,2018-02-21 17:55:10,2018-03-22 20:16:35,2018-03-16 00:00:00
1d211ed3ac0f4b3a52d4fb038f02da04,733ab96989cc675bf88f824069034074,invoiced,2018-03-29 09:57:50,2018-03-29 10:15:12,,,2018-04-11 00:00:00
dd21ec42c62a6f0292861be657c2286e,553445cd0424821c124c5920122fd73f,delivered,2018-08-19 13:49:43,2018-08-20 11:55:23,2018-08-21 13:19:00,2018-08-27 23:04:12,2018-09-03 00:00:00
1dddc8e72eede911b9b36ff702a8f198,e19f65c224e33e06be44655f7d8a954f,delivered,2017-02-06 10:57:27,2017-02-06 11:05:22,2017-02-06 15:06:35,2017-02-14 14:15:10,2017-03-15 00:00:00
4f19c6b4e6eec789ace7daa84889dd37,5fb0bfb81349f0313dee8ad96b97258c,delivered,2017-05-26 01:57:45,2017-05-26 02:05:15,2017-06-02 10:16:08,2017-06-19 18:33:40,2017-06-29 00:00:00
1c215cc70a409c7297e2f0f228fd6801,1378dd597bce95c55a86695b2cc549ae,delivered,2018-05-14 19:35:53,2018-05-14 19:57:56,2018-05-16 07:46:00,2018-05-25 17:38:43,2018-06-06 00:00:00
0c7c1a76995d6e6abffab973788b1992,e34d3a140f571b7c43b606afb0d5c015,delivered,2017-11-07 21:37:19,2017-11-07 21:51:20,2017-11-09 17:47:02,2017-11-13 16:58:33,2017-11-27 00:00:00
486ca1ee3ed5de201a5efe379082190b,c415a738f28c07a932696776d019070b,delivered,2018-03-15 15:27:43,2018-03-15 15:49:36,2018-03-16 19:05:56,2018-03-29 14:42:14,2018-04-18 00:00:00
cb12723b588f7153304564e192985477,0cf598c859665ba5b58f27857d26f5e8,delivered,2018-06-25 15:29:36,2018-06-25 15:57:50,2018-06-26 14:42:00,2018-06-29 16:22:38,2018-07-17 00:00:00
1bb89d713790b13c538111b4e0e8c80f,89f02b0138f4585547efe6007692639f,delivered,2018-01-27 17:29:35,2018-01-27 18:31:27,2018-01-30 21:43:13,2018-02-02 21:33:45,2018-02-14 00:00:00
51d52f115820f57bd947308b77f392db,8a69183a69b40f4b931f3c023574edd9,delivered,2017-12-12 13:30:08,2017-12-12 14:21:50,2017-12-22 15:36:59,2018-01-09 17:19:36,2018-01-05 00:00:00
8737b567a657802c6dd1761fdf3c256f,0f51a7a10a8e27e61852fdad564d3c0e,delivered,2017-10-24 19:35:03,2017-10-24 19:49:38,2017-10-26 19:49:46,2017-11-14 14:39:07,2017-11-24 00:00:00
2fbb05b3ee700e1897b9fa501e416005,b85708f7ff9d1b6fce163c71086084f9,delivered,2016-10-10 15:37:12,2016-10-10 16:02:39,2016-10-25 11:44:28,2016-10-25 20:11:24,2016-12-16 00:00:00
88d845f17b3dbf8c5d642a0ffcea2e48,1e876547ea4be0528954ac23b1e48c0d,delivered,2018-04-03 09:02:42,2018-04-03 09:29:00,2018-04-09 18:35:28,2018-04-30 22:48:43,2018-04-19 00:00:00
5bfb6e0571dfc12cf4710357871f00ba,7ef2fe96dc160d36f8848d6716b31ab9,delivered,2018-04-04 14:25:04,2018-04-04 14:35:17,2018-04-05 17:37:35,2018-04-11 00:08:38,2018-04-26 00:00:00
0e5864ac7bd0aaa12bf5e9eb866e63f8,2348337390df48263dd73fc53b8606b6,delivered,2018-06-08 19:16:56,2018-06-08 20:33:17,2018-06-11 16:55:00,2018-06-18 16:28:47,2018-06-28 00:00:00
ee263786b14ba18ebbaf5ea65f7e7669,6eb70f7edb8c444d79b48b399f61ead6,delivered,2017-05-17 09:44:13,2017-05-18 11:35:19,2017-05-24 07:59:30,2017-06-06 19:10:04,2017-06-21 00:00:00
bc8af8ba87a87d3c5210f3ad3de3f659,5238696a92fc34cd82338ca256d49ebd,shipped,2017-04-25 17:43:34,2017-04-26 17:55:13,2017-05-05 12:55:58,,2017-05-31 00:00:00
490a106aa6e43aef35bf3ea7d14bd87f,190037940f3c572b5f1bf357de77b6d2,delivered,2017-11-16 14:08:31,2017-11-17 14:25:21,2017-11-21 16:22:20,2017-12-02 04:38:48,2017-12-18 00:00:00
dc12fa02210be1acbcc15ed310547ba0,c42188ecda96aa87f2f7ae67974093ab,delivered,2018-05-11 07:12:30,2018-05-11 07:37:03,2018-05-11 14:08:00,2018-05-25 15:16:46,2018-06-11 00:00:00
fa4a86f6961b73c40db2f5f3199705ad,cf3936d849e31f9a9bacb6f0ccb98fd5,delivered,2017-05-12 15:21:10,2017-05-13 02:55:10,2017-05-16 11:36:24,2017-05-19 15:43:43,2017-06-08 00:00:00
8c0badb93d803736320343323266425b,c8ad4c1c133f88953574152734c23120,delivered,2017-08-20 19:33:26,2017-08-20 19:50:18,2017-08-21 19:54:50,2017-08-22 18:42:29,2017-09-01 00:00:00
aad88050b26c8f49d2bd3c87af5b7b19,0d1629a66b1a456b616fd22b238961d4,delivered,2018-06-25 14:24:26,2018-06-27 08:30:45,2018-06-28 14:51:00,2018-07-04 18:50:58,2018-07-19 00:00:00
b7cf59f6158a9fd83ee0c75e95c65af0,c4b3853cb43c44b695d2b86cb2b0b9b4,delivered,2018-02-17 13:51:32,2018-02-17 14:07:54,2018-02-21 21:34:14,2018-02-27 13:39:11,2018-03-06 00:00:00
20e871f0177ed08afbde20c48b9ab83e,b8326a40ee0667ece0fa82835b3fe286,delivered,2018-06-24 09:58:26,2018-06-24 10:15:36,2018-06-25 14:13:00,2018-07-03 18:52:57,2018-07-23 00:00:00
a0fdcd775c7cf9f4bfa70207f7d6e239,67e270a20e32380799290f749b950b00,delivered,2017-04-07 15:18:30,2017-04-07 15:30:19,2017-04-13 12:26:54,2017-05-19 16:13:47,2017-05-17 00:00:00
4e274937e70553f7fa77357b814afd77,1845aa40e4a2a088735e3d6b87097637,delivered,2017-08-04 23:04:25,2017-08-04 23:23:42,2017-08-08 20:30:05,2017-08-23 19:07:42,2017-08-30 00:00:00
b02bd8ab1e9fcfed6347f12a37e01532,5da19ee2d56313a2e88a16b31568dc07,delivered,2017-12-27 11:15:17,2017-12-27 11:22:21,2018-01-02 19:09:45,2018-01-16 00:07:26,2018-01-26 00:00:00
4950976b463f24286a8eb3f80a2de8dc,9806e34efdf047eb4175288ac54ec96c,delivered,2017-12-09 16:06:45,2017-12-09 16:14:22,2017-12-11 18:12:38,2017-12-27 18:33:06,2018-01-11 00:00:00
059162a0bf2726c87dd0359eef84c878,aece34f7c1fd0c6130f0d8298c1b93bf,delivered,2018-07-29 15:29:19,2018-07-30 15:25:15,2018-08-06 13:37:00,2018-08-13 16:08:25,2018-08-16 00:00:00
fe586a853555fc16df58af7c72fc30dc,b5d969127bdba5ee81d09c86e6363176,delivered,2017-03-15 11:07:01,2017-03-15 11:07:01,2017-03-22 06:58:37,2017-03-31 16:47:01,2017-04-12 00:00:00
c9740baeefbade2c945acb18f4458c28,1cf5ef75dd5d6d44eaabdd942a78978f,delivered,2017-10-12 13:10:55,2017-10-13 16:56:19,2017-10-26 20:33:21,2017-11-03 16:58:51,2017-11-16 00:00:00
e13fd2b405c7a3685ff6214f38b86e79,44cca1fa7d1de86eb3543ac5bb900c30,delivered,2018-07-26 09:41:39,2018-07-27 02:05:14,2018-07-27 14:05:00,2018-08-02 14:51:43,2018-08-13 00:00:00
421b4ffa3b5162cfda443317c902f866,312f2600c780ef11495b2747d324451c,delivered,2018-04-21 08:51:36,2018-04-24 19:20:41,2018-04-24 19:38:50,2018-04-27 20:37:38,2018-05-16 00:00:00
dda3f9f30f216722d8012c30ba016663,5cd2839e8d8faa454eac8cb98311be73,delivered,2018-04-06 13:22:26,2018-04-06 13:35:23,2018-04-10 22:52:47,2018-04-12 23:27:41,2018-04-24 00:00:00
a62bfc6bc99b59ccb234aa5366297fcb,32db8bd14561bd687e2264e7aa7a372a,delivered,2018-02-27 09:28:49,2018-02-27 09:48:17,2018-02-27 20:39:07,2018-03-05 14:47:54,2018-03-22 00:00:00
71d7141d917163379d3bd485bb9a4265,a16137096c93f2569bef62f379f7ed13,delivered,2018-06-12 23:20:33,2018-06-12 23:41:32,2018-06-19 14:31:00,2018-06-29 11:24:44,2018-07-12 00:00:00
fd5b9b48b02b126417d2c44352c783bb,93b714c0a47ab24bfadeae5a0d33ce12,delivered,2017-04-29 20:00:43,2017-04-29 20:10:19,2017-05-03 09:40:53,2017-05-19 09:51:20,2017-06-05 00:00:00
f70e7bfddfbd645f0a0b45d6b1815e98,f8e2c69fceb19e32d3bf44633ef40f5f,delivered,2017-09-27 22:55:18,2017-09-27 23:07:18,2017-09-29 18:07:51,2017-10-03 16:47:43,2017-10-19 00:00:00
7449beca42d01504e128802e11560201,577ebb5b9d8b9c4f42a89430683dc032,delivered,2017-02-09 20:03:28,2017-02-09 20:25:26,2017-02-10 14:04:05,2017-02-17 08:52:12,2017-03-16 00:00:00
75fc2d6227460881589d526e733e0499,1c046c32f1026cd41aae355ed7c8585f,delivered,2018-04-26 21:39:21,2018-04-27 08:12:13,2018-04-30 15:09:00,2018-05-02 19:04:58,2018-05-10 00:00:00
c2d986bdce3f3823bbd8b8b4e37f5727,dc971e038785f1115cdac2d3f59a33dc,delivered,2018-07-23 19:36:17,2018-07-24 10:31:43,2018-07-24 15:11:00,2018-08-04 00:44:29,2018-08-17 00:00:00
aa07f635676a372d30a2ed5b2c5e5f0b,6dac8c7b9424e39244722510acbe31eb,delivered,2017-06-23 10:32:11,2017-06-23 10:44:08,2017-06-28 11:29:31,2017-07-12 18:58:02,2017-07-19 00:00:00
6582cf66806f42b2efd341d44fb384f4,e6483e4d87d4b29e45d299d8c2cce5c9,delivered,2017-06-08 08:52:19,2017-06-08 09:55:07,2017-06-08 14:07:55,2017-06-19 18:30:02,2017-06-22 00:00:00
4210d6c8e386746480631c5c8075e77e,9f0595b5f15640ce9e6473221ed313be,delivered,2017-09-23 13:01:13,2017-09-23 13:10:10,2017-09-25 19:21:18,2017-09-27 18:09:54,2017-10-10 00:00:00
55529dc7cb99d0befad66b19ad9adc8d,8caaebb31592d2d5431d4a0b856ad536,delivered,2018-04-27 13:39:47,2018-05-01 05:32:32,2018-05-07 16:10:00,2018-05-17 16:25:30,2018-05-28 00:00:00
45aa62cda08ddcf57a8d58b5fee12500,f67cfba90391093c3309e5106905fb31,delivered,2017-09-27 14:56:02,2017-09-27 15:07:23,2017-09-27 20:24:48,2017-10-02 19:17:13,2017-10-19 00:00:00
ad9d242e1b6aefaa8945ca684dfe813d,a7ac775d0a436281feed636df6562969,delivered,2018-07-04 17:45:20,2018-07-05 16:07:06,2018-07-06 11:27:00,2018-07-12 21:21:30,2018-07-30 00:00:00
c53079ef16fa59b2fec31f6f48dfd186,94ada3085d63aeb141e94cbf631078ce,invoiced,2017-10-24 15:12:12,2017-10-25 02:14:26,,,2017-12-04 00:00:00
e5ab0577510f6cf1d376b14deab49b24,c2965054d8e754a1265437c9b79bea95,delivered,2018-06-22 03:14:17,2018-06-26 04:59:15,2018-06-26 14:13:00,2018-07-06 11:14:48,2018-07-19 00:00:00
7e47240215d1672082248c49887b245a,b916419c11af91b5f41d6c227c2562d7,delivered,2017-10-13 14:45:04,2017-10-17 04:24:39,2017-10-20 11:26:57,2017-10-24 19:46:11,2017-11-03 00:00:00
fb469bc8a14b598d891a004c34546078,8cfccb3fb973f58b56ba50e213092e4c,delivered,2017-11-29 18:11:24,2017-11-29 18:37:23,2017-12-04 14:37:08,2017-12-08 16:03:13,2017-12-26 00:00:00
f5c0a50fca24005a875520606aaad7a1,c87dce09fd74bdb86531c5787982a840,delivered,2017-02-13 13:23:46,2017-02-13 13:35:16,2017-02-13 16:02:06,2017-02-22 08:13:52,2017-03-10 00:00:00
0953ccb40a8fb30d5fd5ce0c06bbf4ad,b08d8e609d55b8d13dafb964bfed9acd,delivered,2017-11-23 19:50:30,2017-11-23 20:00:39,2017-11-24 19:04:33,2017-11-29 21:57:02,2017-12-15 00:00:00
9eb628e57f6ac8d0e5ef022e6bd9030c,43540c600261f22e0dc1f2d1141c352b,delivered,2018-01-20 15:46:57,2018-01-20 16:01:05,2018-01-24 19:46:40,2018-01-26 14:22:16,2018-02-19 00:00:00
23d80303690482f9b28107267da8dade,cf6e3740f099572bb867b5fac9b3d375,delivered,2017-05-16 16:20:43,2017-05-17 16:05:14,2017-05-19 19:32:02,2017-05-29 10:36:42,2017-06-20 00:00:00
595ea00662b10b0cfeed71a17c7df49a,e63c09c2673a53564d751b260587670d,delivered,2017-12-12 23:48:39,2017-12-14 02:11:08,2017-12-14 19:58:56,2018-01-16 21:19:09,2018-01-09 00:00:00
d80681e64c64ae8f7056f86223e646b7,71f089d61cea57c60865409a6adefec0,delivered,2018-05-30 09:03:01,2018-05-30 09:35:10,2018-05-30 12:30:00,2018-06-05 17:19:35,2018-06-25 00:00:00
a4f9f0de4e3a9448542ac5a53197839d,dde52768b1a81f7cb1ba0e73dfde59e4,delivered,2017-11-19 18:02:18,2017-11-19 18:26:16,2017-11-22 17:44:46,2017-11-29 00:18:51,2017-12-15 00:00:00
77aecc9798d57db2f5a83579783cdec7,f79c95fa7462b1cb87c31e3b68e30b5f,delivered,2018-05-15 22:09:21,2018-05-15 22:33:51,2018-05-16 15:27:00,2018-05-17 20:18:39,2018-05-28 00:00:00
d3cef289324500ecc29f7f0697299919,369476ab6e09d8c6c1a3d59a662f607a,delivered,2017-11-24 19:11:53,2017-11-24 22:39:28,2017-11-30 01:32:19,2017-12-05 19:29:03,2017-12-27 00:00:00
334ed4f858d2361daeaf939cd365c42b,d61a25bb79ab12320b1c6a873f3eb1ad,delivered,2018-06-27 09:18:25,2018-06-28 02:15:51,2018-06-28 18:08:00,2018-06-29 16:14:49,2018-07-12 00:00:00
5575cc86f17fbd16ed34491f6d50aee5,b70aeb2786fcd9d124d4a8e00368381b,delivered,2018-06-29 11:31:08,2018-06-29 11:51:27,2018-06-29 13:32:00,2018-07-06 17:52:39,2018-08-03 00:00:00
c021ea4a80ce0d1bce358a2f831c34db,d5868f39eb4669f88b12b8f3d0d294d6,canceled,2018-08-07 15:40:54,,,,2018-09-06 00:00:00
8c600fe7313f8812bb80d7049fb7031a,a486d2f4e67998e7c7e945dd4b801260,delivered,2018-08-14 17:26:15,2018-08-14 18:24:01,2018-08-20 10:57:00,2018-08-25 00:08:29,2018-09-06 00:00:00
118336b5857e4150a37c03273f5da089,0916ccfc0748fba303c17f71caa2e34b,delivered,2018-04-05 00:25:15,2018-04-06 03:28:22,2018-04-07 01:22:44,2018-04-14 17:55:20,2018-04-27 00:00:00
d9877e15acab7084c36ddb2cdc47cbc5,09c37992ede0b3ef2b7b444d76ea484b,delivered,2017-05-17 16:50:43,2017-05-17 17:05:13,2017-05-19 17:58:11,2017-06-16 10:04:57,2017-06-08 00:00:00
44701fee78d50ad4307eff3c630a4f24,94736ebf57b9caceb018f767340a8f59,delivered,2017-03-13 14:31:08,2017-03-13 14:31:08,2017-03-14 10:45:06,2017-03-19 07:41:53,2017-04-03 00:00:00
a642fa6ce51876af02674a0997845469,8e3df270b06ad7bc9e0f93bfe075aa90,delivered,2017-07-28 17:41:01,2017-07-28 17:55:12,2017-08-02 19:41:00,2017-08-12 17:05:27,2017-09-08 00:00:00
0096668e5b0b8e9657a6f7209a4e58b4,b6fbaad4eb3a0794111683dca8122610,delivered,2018-07-11 13:33:21,2018-07-11 13:46:36,2018-07-12 10:23:00,2018-09-17 14:42:46,2018-07-19 00:00:00
5c87df1bf58be29c3a7f6d8c8ef5648d,e0afbbcd78556accecc9538e96dcb217,delivered,2017-08-28 22:08:13,2017-08-28 22:24:34,2017-08-31 17:32:59,2017-09-01 18:49:57,2017-09-08 00:00:00
9e5a1beaee5b0847c3254738fe668243,cdae1aa477b74c82203974ef56a06604,delivered,2018-02-09 11:03:02,2018-02-10 02:36:04,2018-02-15 21:20:14,2018-05-04 05:12:09,2018-03-09 00:00:00
133653359984cfee2030890e2e117e8b,410697da59f581a4f92b665a15051cba,delivered,2018-02-02 20:29:27,2018-02-02 20:50:52,2018-02-08 00:45:59,2018-02-20 22:33:51,2018-02-26 00:00:00
6301066e2dac8d64b49ee0cafd9c727e,27b6e4c5866e60ba12262a3f16354657,delivered,2018-03-26 19:41:21,2018-03-27 14:55:35,2018-03-29 17:03:32,2018-04-02 17:21:23,2018-04-06 00:00:00
12734d5805fd317dc486f3630fd82bcb,eaea4d8d2b6dc3c8f55676d6b5455055,delivered,2017-06-05 10:32:49,2017-06-06 13:15:14,2017-06-08 17:17:58,2017-06-19 20:27:48,2017-06-30 00:00:00
e2e85885a15f712ba00eb35cf5be7cfd,bffec816107aa26f6836f6fa687c9039,delivered,2017-02-18 12:36:08,2017-02-18 13:10:16,2017-02-20 16:22:47,2017-02-24 16:12:15,2017-03-30 00:00:00
e8bbe1e50121557f66b60660a6b62289,450a256c32a90629c3d89c1f38f5cf32,delivered,2018-05-27 18:14:56,2018-05-29 03:35:19,2018-05-29 13:29:00,2018-06-22 13:58:41,2018-07-12 00:00:00
7141b87b44fdcff68e7feeb4a99fd6c8,d21df30b8f969a6cfc3f8a39b45fed72,delivered,2017-10-11 07:32:40,2017-10-14 18:35:07,2017-10-16 14:57:58,2017-10-23 18:58:53,2017-11-03 00:00:00
c410904a63a021b7cc16816947ea4769,5dae3234ff8f2891c3ce08f65f791d1e,delivered,2018-03-20 14:04:25,2018-03-20 14:15:33,2018-03-23 23:08:49,2018-04-17 00:39:52,2018-04-17 00:00:00
0ac320cb8bc861f5745b6406074d960a,347f08af0418f504b8c7faaeb6c5a367,delivered,2018-05-31 13:00:29,2018-05-31 13:15:16,2018-06-01 11:57:00,2018-06-06 15:03:44,2018-07-04 00:00:00
204438d765af0adaf4edd282a01c735e,5232d7881a1c0c3752674ca351c2c5de,delivered,2018-08-08 17:57:51,2018-08-08 18:10:18,2018-08-10 12:26:00,2018-08-15 20:02:51,2018-08-20 00:00:00
d1a1b353059e100c7c271feb85daafe2,26b9df47600a751ee3d6e57c1dd9b560,delivered,2017-10-23 14:29:19,2017-10-23 14:49:17,2017-10-24 20:13:22,2017-10-27 19:09:10,2017-11-30 00:00:00
40fd591202d04d78c987cfc6990ad237,1f4eae24bba3f706b3f8db9a4cc8c950,unavailable,2017-09-24 15:58:12,2017-09-24 16:10:10,,,2017-10-18 00:00:00
bb52ced4489bd747f0cd5a314b973f0e,bbd6934051fed7ac0842045fd9b24e27,delivered,2018-07-14 19:22:14,2018-07-17 04:31:38,2018-07-19 08:53:00,2018-07-27 17:11:56,2018-08-13 00:00:00
b4f893e0215b50346c1efd59f3a8962e,a7b403d3e6d0a8e245dfa476a003cd24,delivered,2017-12-15 16:03:07,2017-12-15 17:00:57,2017-12-18 20:05:50,2018-01-13 00:52:57,2018-01-22 00:00:00
aff9437f91ba611b2a2fdd890e826d91,2bf9abf5f27e13dcaa8c91c036473895,delivered,2018-02-06 21:07:48,2018-02-06 21:29:40,2018-02-09 14:57:34,2018-02-14 21:58:58,2018-02-22 00:00:00
8d9c408abef22868d40547ecd87d327b,aad6d1a76f57eb4025d1a8eccbf24437,delivered,2017-06-30 09:06:16,2017-07-01 04:55:25,2017-07-03 10:45:01,2017-07-05 16:03:49,2017-07-24 00:00:00
195f145ac1c5e473431a8b605fd8a7df,11a740e9fc98568cbc38f920e92c850b,delivered,2018-01-29 10:14:02,2018-01-30 04:31:07,2018-02-01 17:52:58,2018-02-20 19:55:04,2018-03-01 00:00:00
49ca71290aca256140005165217e2644,57ea4ab67c545f039981125c28fbf3ed,delivered,2017-08-29 21:46:03,2017-08-31 04:31:21,2017-08-31 19:53:05,2017-09-14 17:33:19,2017-09-21 00:00:00
f0c5109edd3bd711ebbffac37016ac1c,d6585a7cc48b6183f11641f735dd3f6e,delivered,2018-04-05 11:44:38,2018-04-05 11:55:29,2018-04-26 16:29:00,2018-04-30 18:08:27,2018-04-18 00:00:00
e865bd184ea97ef3be5f3a47a0be59f0,081827aeff138dbb3a5b6d8ca7eeac23,delivered,2017-09-11 13:21:02,2017-09-11 13:37:56,2017-09-13 19:32:45,2017-09-19 23:41:46,2017-10-04 00:00:00
99cf68b71ac96d8b4c0f20dec410d8fd,074ed25364c115f9e35c10d260b87780,delivered,2018-02-01 14:04:51,2018-02-02 02:54:12,2018-02-05 17:35:53,2018-03-20 19:06:33,2018-03-01 00:00:00
3f7ac2772804d1316e995c3621024c7f,24c4a139416d9ba7fc593a3dc162df8b,delivered,2018-03-11 11:38:50,2018-03-11 12:10:02,2018-03-12 23:11:22,2018-03-15 16:58:44,2018-03-22 00:00:00
4f922bb38b84918b2711a293c04055aa,edc982d0c07e8652a9d589a8d88fdb7a,delivered,2017-12-01 11:05:34,2017-12-02 02:52:20,2017-12-12 00:29:02,2017-12-21 22:46:58,2017-12-26 00:00:00
5bee1275a1f504f2f52c69e8a0533a2d,ff18d77e35600709ff43a4644f9eaec1,delivered,2018-07-15 07:09:48,2018-07-16 14:30:56,2018-07-26 07:18:00,2018-07-27 16:35:40,2018-08-01 00:00:00
17c1ae37e6e096d8059b53c96a21ea9d,06c43f008d5fe07b07911ee6a4d16100,delivered,2017-11-24 19:15:15,2017-11-24 22:36:49,2017-11-27 12:44:58,2017-12-01 20:07:33,2017-12-21 00:00:00
332c91ab63b630c1ecd7d5b100ce43bd,c2d8b365f68fcb1debcf27cf9a3322ac,delivered,2017-07-22 20:38:40,2017-07-25 03:43:52,2017-07-29 13:49:44,2017-08-11 14:17:34,2017-08-29 00:00:00
410ff79f9ba04f27006e7f6123bf486c,e8a583567b6f219150acc1406bbe769e,delivered,2018-04-01 14:13:39,2018-04-01 15:08:30,2018-04-04 21:28:30,2018-04-11 21:51:57,2018-04-30 00:00:00
735349ca95c43f6af88a10437821de08,6c99c2743ac8c7f04fc33d796f7b93a2,delivered,2017-10-15 13:33:52,2017-10-15 13:49:21,2017-10-16 22:52:15,2017-10-19 16:22:48,2017-11-08 00:00:00
9c1b3da77c4477dc54252547b9f93312,322df87939dbce240b026201c91603ae,delivered,2017-03-16 00:01:12,2017-03-16 00:01:12,2017-03-16 08:57:15,2017-03-20 06:57:39,2017-04-07 00:00:00
ae4580214e2a8a708272e357b88d4ec4,966494554a31cf57b149a2ca4da38fd4,delivered,2017-06-07 22:18:23,2017-06-07 22:30:09,2017-06-12 11:04:10,2017-06-19 15:27:41,2017-06-28 00:00:00
79f6a9bb3d0d92e29f2c0fdc60940e41,d5fc46a42d50c2688f49d78f45e76cfe,delivered,2017-03-25 20:21:09,2017-03-25 20:35:08,2017-03-27 14:45:14,2017-03-29 14:14:11,2017-04-13 00:00:00
d4308c105262daee5f407e855f5c1e25,ab5cf57386da1f9ca72e6d68e511daa1,delivered,2018-07-08 11:09:26,2018-07-08 11:25:23,2018-07-10 15:37:00,2018-07-17 23:08:33,2018-07-30 00:00:00
688c77c72e79654a39228923333fc18f,77f7c604e368a8138a47ca081a232508,delivered,2017-10-28 07:10:49,2017-10-28 07:26:05,2017-10-31 14:59:43,2017-11-08 20:51:56,2017-11-21 00:00:00
a9c1797126d283581f739c4c96640963,77a385ed7574f6d6da77902de5abbe18,delivered,2017-07-17 22:08:36,2017-07-17 22:23:48,2017-07-19 16:32:20,2017-07-25 22:36:47,2017-08-11 00:00:00
ba3d713d46b9dadf35bf0ab911b06408,8d3b3107ff3d5416c2aaede11192d34b,delivered,2017-01-13 09:02:32,2017-01-13 09:10:10,2017-01-13 16:11:22,2017-01-23 17:09:01,2017-02-23 00:00:00
2ab0be5175c93d7e68f1d91459183a87,32224721a96f2124f81c29c03cb00f9f,delivered,2018-03-29 18:23:25,2018-03-29 18:35:50,2018-04-02 23:31:46,2018-04-18 18:05:40,2018-04-18 00:00:00
969eb8582a6eb40b1d3a6c28b4193a55,0ac9820adc762a4eb29aca5b4df47847,delivered,2017-10-02 17:43:54,2017-10-04 03:04:05,2017-10-06 19:53:20,2017-10-18 16:38:25,2017-10-25 00:00:00
883b467852944646af1b7eff7c0f5d35,77cdcacc9685e05bb13f514d180d1cdd,delivered,2018-06-15 08:23:31,2018-06-18 11:02:30,2018-06-20 13:09:00,2018-06-21 23:55:30,2018-06-29 00:00:00
cc93f3b0bbc28bf5e1bd3ff40b4b2666,6a7add565bee8d10537837268f674a76,delivered,2017-12-22 14:45:15,2017-12-22 14:58:24,2017-12-28 19:58:03,2018-01-03 17:58:03,2018-01-22 00:00:00
f025bb97dddaa40dd4f6132f1a13abc9,07d57c4ab3e35e1f8d78c7c816f9ec6c,delivered,2018-01-21 20:04:16,2018-01-23 03:52:33,2018-01-23 22:51:54,2018-01-31 00:32:21,2018-02-19 00:00:00
7ff9f85b17d5d633e604956759f5cca1,435cc2e67028491d872d747c15ce41a8,delivered,2018-05-06 15:35:28,2018-05-06 15:50:35,2018-05-11 14:53:00,2018-05-18 14:18:45,2018-06-01 00:00:00
901db8b5147279a8318455a65fcd653e,9f86f950682d984973f7514d94bedb98,delivered,2018-02-22 09:48:01,2018-02-23 02:15:36,2018-02-26 18:54:15,2018-03-19 18:48:49,2018-03-14 00:00:00
2eeb4bc46c835dd71feabd29e503b3a7,ce6c72a5c10e8d9da4e5c070221fc83d,delivered,2017-05-07 17:20:47,2017-05-07 17:35:08,2017-05-09 15:26:45,2017-05-19 13:37:51,2017-06-06 00:00:00
5b4e9a12d219f34f5c2de9f8d620b19d,7cc1b69d6b78c7c6e939481920760a79,delivered,2017-07-17 13:57:04,2017-07-17 15:32:30,2017-07-18 12:17:55,2017-07-27 16:24:50,2017-08-08 00:00:00
d323b02e4d09a0a84bda45d240aeb3c0,1db2b65fe180603deddda6476084b52f,delivered,2018-05-28 13:37:22,2018-05-28 13:54:47,2018-06-05 16:00:00,2018-06-06 15:08:55,2018-06-26 00:00:00
8ed4fab28a629dc8ac54a72fd279da02,03418d9b571e1f02f974011713dd2c38,delivered,2018-05-07 09:12:14,2018-05-08 08:56:18,2018-05-09 12:58:00,2018-05-16 17:28:44,2018-05-28 00:00:00
482df43f85d48add2d83b40f3737062d,1a2e27ad78a8c2a582a8f29b851a0c13,delivered,2018-04-13 20:40:46,2018-04-13 20:55:24,2018-04-17 01:03:31,2018-04-18 17:39:28,2018-05-02 00:00:00
21b8b46679ea6482cbf911d960490048,1e7c63005e58c8c02c20ef58f76735a0,delivered,2018-05-08 14:23:15,2018-05-08 14:35:11,2018-05-09 14:57:00,2018-05-10 21:18:35,2018-06-04 00:00:00
b249bb5bc00cfbe2ce917a5a07c72b46,291112ea24a58ed3cf44e795d75249ec,delivered,2018-07-28 21:11:55,2018-07-28 21:25:10,2018-07-30 16:27:00,2018-08-02 19:06:43,2018-08-29 00:00:00
3a70ea20517224ef5bcb72742f0cc439,3cd98128568062ef64935e7e64b642bc,delivered,2017-11-21 21:31:08,2017-11-23 02:47:31,2017-11-23 18:23:08,2017-12-19 20:47:02,2017-12-08 00:00:00
b87229ec7078f06000a680a6ab38ee2a,905a3805a7e2e8df1ed199d837f0f48b,delivered,2017-11-24 23:45:24,2017-11-25 02:33:26,2017-11-27 11:52:43,2017-12-21 18:43:01,2017-12-21 00:00:00
ad499781b21c0094f83cb6df5d672dec,728e8273d534bdc419dbd96ab60b0098,delivered,2018-04-23 10:55:31,2018-04-24 18:33:46,2018-04-30 15:57:00,2018-05-07 19:21:49,2018-05-21 00:00:00
2fc1b0a22fa3205a36abfec767951243,1b6d44ecf985f4cc5a3e78f9771f4cf4,delivered,2017-09-22 00:11:03,2017-09-22 00:30:15,2017-09-25 10:56:24,2017-10-06 20:56:41,2017-10-19 00:00:00
4574f007160b73672228b5b6b27f8b92,6986900ddb0096d967609841e537ba49,delivered,2018-04-16 18:49:15,2018-04-16 19:32:51,2018-04-17 22:40:34,2018-04-25 22:42:48,2018-05-07 00:00:00
2beb7e011571a837462a006a779881e8,a26d969df103529ca7d2dc3b8f8a1e5a,delivered,2017-07-24 15:37:15,2017-07-25 15:45:14,2017-07-26 19:17:47,2017-08-04 18:13:41,2017-08-15 00:00:00
0718c5bbf159e96715ef033576c56316,b815bc9e9f6b9713dbaa7f27c5b1bab1,delivered,2017-08-06 14:01:30,2017-08-08 04:05:48,2017-08-09 17:11:46,2017-09-19 15:02:32,2017-09-06 00:00:00
69254704b1ebb61fa514636b0d51542b,f0f535648bfe2cf5a7a03489163faaa1,delivered,2018-03-17 17:19:14,2018-03-17 17:35:44,2018-03-20 17:04:32,2018-04-07 00:17:33,2018-04-12 00:00:00
f849a31dd0dcf26a9af068f40ab197a8,1bcc6431fd96901eaa998ac18b687ef2,delivered,2017-04-26 14:48:36,2017-04-26 15:03:09,2017-04-27 09:39:08,2017-05-05 13:07:44,2017-05-17 00:00:00
b65589b94530126b587553d33874aaf7,72447ff46c5271077a40ebcc65d239d7,delivered,2017-07-16 18:53:48,2017-07-16 19:05:09,2017-07-17 14:27:29,2017-07-27 18:22:34,2017-08-10 00:00:00
03a10721769c7d8f2fefab105e64fbef,bdae1c8fe3cb5924d3ffb3f2887d2236,delivered,2017-08-11 14:11:42,2017-08-11 14:25:14,2017-08-14 20:53:49,2017-08-19 14:45:05,2017-09-04 00:00:00
1272198ea0829564b49fe8bb6ad3ea27,2d2ad21a86347b86b40390702d660410,delivered,2017-07-29 15:38:47,2017-07-29 15:50:20,2017-08-04 20:03:59,2017-08-07 18:56:00,2017-08-25 00:00:00
20406ee2d530e69d8cbbb87409cc609f,69e2b2d99d8483a0f04bfea21b2f78ac,delivered,2018-05-30 11:23:09,2018-05-30 11:37:50,2018-06-15 13:35:00,2018-06-23 17:28:21,2018-07-19 00:00:00
6311e2bf4ff2a50d88a27f8178ed0282,9905bde99309ce3fb208d38a390092d7,delivered,2017-05-24 09:34:41,2017-05-24 09:45:23,2017-05-31 10:52:36,2017-06-07 08:46:32,2017-06-06 00:00:00
144e2a5f3cce02b2f4678bb2bd5107d7,ae70eb1dad4e84497e4ed573ef907ecb,delivered,2018-02-17 10:26:31,2018-02-20 07:16:05,2018-02-23 19:42:08,2018-03-08 23:38:28,2018-03-19 00:00:00
5a1fff3c127fb5c7f1faea51f9a8310a,3f07acf831ce862f6527b1e299140a23,delivered,2018-03-01 14:46:09,2018-03-01 15:10:47,2018-03-02 19:16:42,2018-03-05 17:12:38,2018-03-13 00:00:00
9365bcfea1b55fac36333fe520a9a53a,e2a4d558898ab0fcc9a9b60d3b52f01e,invoiced,2017-05-05 15:52:18,2017-05-05 16:02:31,,,2017-05-31 00:00:00
67b0f3d0a405fc007841f73f2792323b,f358737ffa6369c7c39875bb5ab81cd1,unavailable,2018-07-30 21:40:41,2018-08-04 23:31:23,,,2018-08-03 00:00:00
304de8e45238077a307c2676739f3c8d,1d9369de8e15cda03be460dc48b80e9f,delivered,2017-11-19 20:31:12,2017-11-19 20:46:39,2017-11-21 22:19:56,2017-11-24 22:36:52,2017-12-07 00:00:00
40a62332da0cae00581de556c36c00ac,3ec112a237741d9fe3d21f4675fe29b6,delivered,2018-03-03 17:19:08,2018-03-06 03:35:45,2018-03-06 19:59:02,2018-03-22 17:16:00,2018-03-26 00:00:00
badcf619a4531116e06f0f2f6f711215,f77c7eef15674a5fd3d3c13553ca803e,delivered,2017-05-08 08:53:43,2017-05-09 09:35:41,2017-05-12 14:55:58,2017-05-15 09:06:42,2017-05-26 00:00:00
fb13f043bf44bf8356e7adb8c08917cf,b5ab7dd63788ea7b1f83fc3f428205a6,delivered,2017-12-06 00:05:19,2017-12-06 00:12:39,2017-12-06 23:48:31,2017-12-21 18:33:54,2018-01-03 00:00:00
5879796c147e015b683a59522938d4b8,cdf4c7f6921c52550bc9c727b8dbfa9e,delivered,2017-09-05 10:15:35,2017-09-08 08:55:22,2017-09-08 21:54:39,2017-09-13 19:57:35,2017-10-03 00:00:00
2204bbb697844bd29a5e76a067ca97bc,40fb1854bd3c770f504f315619aa2805,delivered,2018-01-17 13:42:20,2018-01-18 02:11:13,2018-01-18 22:04:25,2018-02-03 12:27:30,2018-02-07 00:00:00
220e9a646a779158c953b9bf145606ab,5ffd5a0bcd9c75d85e2b2969181611ce,delivered,2017-11-09 11:50:46,2017-11-09 12:06:51,2017-11-09 18:32:27,2017-11-20 16:37:36,2017-12-04 00:00:00
e907b2e33705c695c9086a8e3ba8be42,c4d8ba36994ecea400e6823aea6b9174,delivered,2017-07-11 21:41:30,2017-07-13 16:55:07,2017-07-14 15:09:25,2017-07-27 18:17:51,2017-08-17 00:00:00
3becc6bf91be2f15e6373b353532e294,9f6b8355f612973c067b66f28c966c5e,delivered,2018-03-28 09:52:38,2018-03-28 10:08:46,2018-03-29 15:49:01,2018-04-06 18:11:48,2018-04-19 00:00:00
ac1d2f450b51b1b679146ec9877e7d61,ee4a0cd3974fc0e7602d7dc09391b080,delivered,2018-06-14 10:36:40,2018-06-14 11:01:23,2018-06-14 15:05:00,2018-06-22 21:42:36,2018-07-23 00:00:00
aa8e678261a5c83986ed3be5314c033d,f67f5e54df9b0d1e64d7f8bdb40aba79,delivered,2017-08-01 16:34:29,2017-08-01 17:20:10,2017-08-02 13:13:20,2017-08-03 15:17:37,2017-08-16 00:00:00
34196d9c6207a12879fa5ac8b3585a20,98fa14e2659110866662ae62046a3026,delivered,2018-05-08 10:40:47,2018-05-08 10:56:20,2018-05-10 11:44:00,2018-05-12 18:16:54,2018-05-24 00:00:00
1b767ee7dada9fcf77567007fb90c2a8,e3f80f0f73a4b146a20671cbb8291ee6,delivered,2018-03-20 12:48:36,2018-03-20 13:09:46,2018-03-27 20:06:27,2018-04-05 01:38:37,2018-04-09 00:00:00
37d93a1b01875ccff7ffb170b763b796,b8c2d8bc208411b41172e9bb30aaf510,delivered,2018-08-09 12:50:39,2018-08-09 14:35:32,2018-08-10 13:23:00,2018-08-16 21:06:29,2018-09-04 00:00:00
a2ade02b971edbc56f74ca5ee48e766e,364494c896e14af987f4ace014b15533,delivered,2018-01-13 12:10:40,2018-01-16 03:34:40,2018-01-17 13:13:15,2018-01-18 16:32:27,2018-01-30 00:00:00
3f698de643d49203acf6e773a09ff631,d14ef07e2e84e11ab9ef6e327e9312f9,delivered,2018-08-04 23:37:19,2018-08-07 04:55:28,2018-08-10 11:40:00,2018-08-13 15:41:34,2018-08-16 00:00:00
d261f742e37c276d530490e42afd81ba,f01ca018a6840c7c5996bce7dd5123cf,delivered,2017-07-20 10:14:47,2017-07-20 10:30:08,2017-07-20 20:15:44,2017-07-21 17:49:57,2017-08-02 00:00:00
ca1e3e900a855946e8450397d5336c73,630b17e6d0e50025b0fd34573e6e5647,delivered,2018-02-01 21:16:41,2018-02-01 21:32:16,2018-02-02 15:34:13,2018-02-21 19:23:53,2018-03-09 00:00:00
9978e0dbae7672b5995553acd12ea6f0,9077d1906497e0ebf4d30e38ca07c5a0,delivered,2018-03-10 11:16:54,2018-03-10 11:28:48,2018-03-13 00:03:33,2018-03-14 17:28:30,2018-03-22 00:00:00
765f62aa9ec878cf62b1533261ae8e87,68d430cabd68310e0732347be5e9be22,delivered,2018-05-26 08:58:34,2018-05-26 09:15:12,2018-05-28 13:19:00,2018-06-11 17:52:45,2018-06-29 00:00:00
13359bb817972f7492a922fa64a69cad,4934ff805b3b425278a6bf155a28dce0,delivered,2018-07-21 10:02:27,2018-07-21 10:15:22,2018-07-23 15:07:00,2018-07-26 17:12:41,2018-08-09 00:00:00
356320c581316d9fc10af6ecbdb0931c,5dd1a78c91779125165d545ce97a38a9,delivered,2018-01-20 19:23:26,2018-01-20 19:40:04,2018-02-01 19:55:20,2018-02-07 01:26:30,2018-02-06 00:00:00
bea597ea1f5ff4fa02bcaf403531e944,4a2f70b7ed35b1881bab73d2be8d440c,delivered,2017-10-20 22:34:48,2017-10-20 22:49:17,2017-10-23 19:48:21,2017-10-24 22:43:56,2017-11-01 00:00:00
e13c7d85f07a4e00c383115a154dcc39,88bfbe93f1c2d378de7fb22d588f9661,delivered,2018-05-03 18:19:27,2018-05-03 18:34:19,2018-05-08 13:12:00,2018-05-09 20:31:58,2018-05-16 00:00:00
6ca01767c49571ed5701f01124f6540b,05ead51567953ea5f7ec061090d0f424,delivered,2018-01-02 09:08:46,2018-01-03 04:19:34,2018-01-15 21:41:51,2018-01-23 23:43:05,2018-01-24 00:00:00
563d79c663703464db20c1c8d6b49b44,db4960afd6e782cffbc6e57b5f8f7624,delivered,2018-02-05 14:26:37,2018-02-05 15:55:35,2018-02-07 20:33:13,2018-03-14 19:21:56,2018-03-06 00:00:00
214580954d7ba593f5d402590c80d49c,f7b7dbae4f8fcd392494307aa5f645f3,delivered,2018-06-02 21:26:38,2018-06-02 21:50:00,2018-06-04 12:23:00,2018-06-05 19:38:49,2018-06-28 00:00:00
652e44f3368f39a67174a6726a187b3c,fd23397154cff65b48495d4188d3f610,delivered,2017-05-16 12:36:37,2017-05-16 13:10:25,2017-05-18 08:22:20,2017-05-19 11:04:52,2017-06-08 00:00:00
dc3da2a9d0c93951fdc030194d48bb02,8ebb5bcb13deec1375db0fc1bea402fb,delivered,2018-05-04 00:13:40,2018-05-04 00:31:14,2018-05-04 13:24:00,2018-05-09 18:26:41,2018-05-23 00:00:00
f0865a20899e4f5c8c93070b298ed6a3,a31f56d8dd075d878f0b7bdc851d2905,delivered,2018-04-10 19:46:58,2018-04-10 19:55:22,2018-04-12 00:57:24,2018-05-07 19:50:36,2018-05-11 00:00:00
9df59efb56784bf4cd310c094c234035,5e89152d3238fc7986e1c5222eb50e58,delivered,2018-04-23 11:46:49,2018-04-24 19:06:34,2018-04-26 12:25:00,2018-05-05 15:44:44,2018-05-17 00:00:00
72af7514238e36c16453f0a9146ecb52,1ea8e45ffebf367b2f046c8b3c8ff230,delivered,2017-12-01 15:40:46,2017-12-03 15:35:50,2017-12-04 22:52:24,2017-12-11 16:58:43,2017-12-19 00:00:00
f69ae31bce06a78d626762b53067c7e0,08c95eb831d93a76079d7e24a117db29,invoiced,2016-10-06 00:12:47,2016-10-06 16:03:56,,,2016-12-02 00:00:00
698b8ecdaf8c15fe44343352cff74210,76a4445aef980132c91ca6dcb2506bcc,delivered,2018-04-19 08:33:25,2018-04-19 08:53:56,2018-05-04 14:58:00,2018-06-15 15:19:05,2018-05-09 00:00:00
0dfe811c6d5e59581eb93ef96fc13d72,e51234890e1956bd1cf29cbbbbb42171,delivered,2018-07-09 12:01:32,2018-07-11 03:55:20,2018-07-18 11:50:00,2018-07-26 18:06:47,2018-07-31 00:00:00
e2e415b0eca67d98cf1b6fb11336025a,0a0a4fa4a067e329684308c3b34046d8,delivered,2017-12-13 20:16:51,2017-12-13 20:29:23,2017-12-22 18:03:11,2017-12-28 19:12:25,2018-01-08 00:00:00
298065a5a50cdd8643be2945a421f4bc,ff6cd6fda65280fe61323a5ec3d50f5d,delivered,2017-06-01 20:22:18,2017-06-03 02:10:21,2017-06-07 13:35:54,2017-06-12 12:16:11,2017-06-22 00:00:00
02557013eeaffd86a6cc5ffd80a4b54e,df578de48490fad348557aca8514d6be,delivered,2018-02-17 22:48:59,2018-02-17 23:06:52,2018-02-20 16:49:18,2018-02-22 11:06:23,2018-03-06 00:00:00
ba0d5e0e81059283cf50ae9d9d43e4d5,422ab037d254fc398f1f0c44fe05d7d6,delivered,2018-02-22 03:14:54,2018-02-22 03:30:28,2018-02-22 19:09:14,2018-03-13 17:58:50,2018-03-15 00:00:00
14cfc006132ad861a3d1b6c7bb9fd8a6,59d32780c34796d374ccbf0c02dcb417,canceled,2018-05-01 11:45:29,2018-05-01 12:14:41,,,2018-05-18 00:00:00
d1e799b4645be8aef2337253468a31f7,4423670dab211b3b055c27e5c310d36e,delivered,2017-09-13 08:19:01,2017-09-22 17:10:33,2017-09-27 20:29:11,2017-10-05 14:43:13,2017-10-06 00:00:00
818b470109d94829497e6d4cef2e0079,e280f4e8a18e19f0f93fa93e18691424,delivered,2018-03-25 19:39:35,2018-03-27 03:48:06,2018-03-29 21:16:31,2018-04-10 22:59:32,2018-04-17 00:00:00
a3885d945bd33bb3665635ea049b46e4,4248196dd47d5ac977480cd59511e0af,delivered,2018-07-20 08:59:05,2018-07-20 09:23:43,2018-07-20 11:47:00,2018-07-27 22:31:54,2018-08-06 00:00:00
71ac32ec5a0e7bc1191a964c4ffa9247,b205faaa6caf091b5e037a90f25c6e96,delivered,2018-01-22 12:30:23,2018-01-22 14:19:46,2018-01-25 22:47:09,2018-02-10 18:24:58,2018-02-14 00:00:00
4b8790aad555862909b489f99383b16c,c64e6cd99ad2fafbb731fb38d4f17ca6,delivered,2018-04-24 17:06:54,2018-04-25 17:12:23,2018-05-09 08:14:00,2018-05-21 18:18:23,2018-06-01 00:00:00
cf7cd0f395801ff5971596509470129c,1f465a9c67eae2c93ea1dd105785b9a6,delivered,2018-04-24 06:54:18,2018-04-24 18:59:16,2018-04-24 21:45:50,2018-05-08 16:52:39,2018-05-25 00:00:00
f75455b78762d30c7e663172f18dbcbe,6b92dda6e324283dbe4969c443e3bf1a,delivered,2018-02-12 10:12:55,2018-02-12 10:28:08,2018-02-14 22:09:36,2018-02-27 23:07:45,2018-03-06 00:00:00
afff419a18c7e010d1e4fd0df0c45940,945913f3d6636b336fae3e340957799f,delivered,2018-06-17 20:24:10,2018-06-17 20:35:14,2018-06-18 06:52:00,2018-06-22 21:08:39,2018-07-19 00:00:00
342ef067ff890d38864730c89a8776ff,fd6ff62eb00548fcb8744d703ddf77ea,delivered,2017-08-29 17:00:52,2017-08-29 17:10:41,2017-08-30 17:48:38,2017-09-19 16:00:41,2017-09-21 00:00:00
8f1d6980e5537dd52cdd222e0794fdf4,38bb507d2633cb3070255ddf8b2daa5d,delivered,2017-11-24 00:48:08,2017-11-24 01:13:41,2017-12-01 17:28:59,2017-12-03 12:18:37,2017-12-08 00:00:00
6b20cc3647e96150f914350d12208e9d,24942dcaa62f0890aa97a575367249b3,delivered,2018-01-29 13:52:40,2018-01-30 18:49:56,2018-02-02 00:06:09,2018-02-28 19:52:04,2018-02-21 00:00:00
582da9422bddcddbee36fd48edfac489,7a8401e1da2a596fa58956567b4cdeec,delivered,2018-05-08 11:18:15,2018-05-10 03:09:52,2018-05-16 05:27:00,2018-05-19 13:38:59,2018-05-25 00:00:00
d2816e182d8750e410a4288b16a9ecd6,9cd5e05a30f36125715250b8a012d354,delivered,2018-05-04 12:44:54,2018-05-04 18:30:23,2018-05-09 16:08:00,2018-05-17 20:13:27,2018-05-29 00:00:00
7c62cf0327c291a9f3d7d3394b4c0166,464b815e53d5593b7748577c0c8b0c2f,delivered,2018-08-12 17:13:52,2018-08-12 17:25:15,2018-08-13 13:30:00,2018-08-17 13:41:09,2018-08-27 00:00:00
8d684f38cd1edd267da04f1d65ec5eff,7029afc830c23ccf0c2edcbdd3d1e422,delivered,2018-02-21 21:15:04,2018-02-21 21:29:15,2018-02-26 20:28:23,2018-02-28 20:34:21,2018-03-07 00:00:00
59e7ca596664da0a459a145eb95cc9c5,c851e38392f26d6a33bfe6f717c0fba8,delivered,2016-10-05 14:40:44,2016-10-06 16:02:26,2016-10-21 16:20:49,2016-10-24 16:20:49,2016-11-25 00:00:00
a15224cfcb9e6a6d8915714b32c2311a,ef0d13d0138b37bcdc82c6b70c9ce3c9,delivered,2017-08-17 10:01:50,2017-08-18 02:24:34,2017-08-18 21:15:41,2017-08-28 11:34:05,2017-09-08 00:00:00
9e64fa6df99d260d54897bdbd85f762e,dc9ae412a0b2da0d7627852dc1e496eb,delivered,2017-12-19 22:18:31,2017-12-20 22:10:27,2017-12-26 20:28:53,2018-01-04 19:43:56,2018-01-22 00:00:00
046100ad996b1c80d13e7e90fccd0560,80aecbe9841e2594daf4211199cec79b,delivered,2017-08-07 17:35:03,2017-08-09 02:45:12,2017-08-10 14:10:03,2017-08-15 19:17:41,2017-08-28 00:00:00
14849d6088ff7e250be24f360af91c07,769c490768f4f4d5287e1330dc46df92,delivered,2018-08-21 16:39:32,2018-08-21 16:50:38,2018-08-24 11:26:00,2018-08-29 14:58:42,2018-09-14 00:00:00
f9845299f54329dbb79e202ff8301543,c92f41078c09dec4a094e45a6708d8be,delivered,2017-08-09 10:26:47,2017-08-11 04:15:33,2017-08-16 18:19:44,2017-08-21 20:19:58,2017-08-29 00:00:00
5b5043f6dc2ed04c3956162d98ee4005,2ff43777e29da5847e6a524a3d105644,delivered,2018-02-28 13:38:38,2018-03-02 02:15:33,2018-03-03 00:49:23,2018-03-16 22:31:49,2018-03-19 00:00:00
745377d5b3a162c57200f0b24796bafe,1c46337bad2d54f65733e30e3967d378,delivered,2017-09-07 15:38:39,2017-09-07 15:50:12,2017-09-12 21:52:05,2017-09-20 20:13:04,2017-10-09 00:00:00
1bd87f39c9bb8c699ef042b3e79ac18d,bcda0127e53e823248ef84c3f6869b78,delivered,2018-03-19 21:19:53,2018-03-21 09:48:04,2018-03-22 20:51:55,2018-04-10 23:19:10,2018-04-24 00:00:00
30c5c38cb890960278d9a04521f5fff7,1ce7d8b38f4bdfb50ba3cc9136eb0917,delivered,2017-11-30 20:48:07,2017-12-01 09:30:58,2017-12-06 18:28:37,2017-12-21 19:47:48,2018-01-11 00:00:00
d469b51abffc6d74299c8a0a56db5314,40e7f92901dab91f3c1b9acbec7d05bf,delivered,2017-01-20 17:41:58,2017-01-26 20:21:56,2017-01-30 14:42:43,2017-02-07 15:46:11,2017-03-15 00:00:00
773df75aea7caa830e319150c9e54c90,c14f029f1f1925a1094b30437a8425b4,delivered,2018-03-21 20:20:16,2018-03-21 20:35:41,2018-03-22 22:51:27,2018-04-04 18:04:59,2018-04-12 00:00:00
364f451ee38a4268d7c15d317021eb35,23924b2105c5376cd6204757c8b68752,delivered,2017-12-01 18:23:51,2017-12-02 11:50:36,2017-12-05 20:17:11,2017-12-18 19:45:53,2017-12-26 00:00:00
636fac4217a01ca1f468baf22a52e945,45d196ca62eb0b8f5f2f3037e417425d,delivered,2017-03-11 09:26:18,2017-03-11 09:26:18,2017-03-17 18:08:42,2017-03-22 17:47:41,2017-04-06 00:00:00
a90f9ba8f37b93b785af54fd5a52ada5,e00a6aff8899f38c128b081e5fc9b0b3,delivered,2018-04-21 12:06:32,2018-04-24 18:35:04,2018-04-24 22:37:49,2018-04-25 23:02:42,2018-05-10 00:00:00
08e68e2142974e562f504a105edbba76,b441a818126f1e5aacfcc95a690be79b,delivered,2017-06-19 16:23:25,2017-06-19 16:35:27,2017-06-26 05:32:46,2017-07-06 14:44:43,2017-07-13 00:00:00
e5269b1523b5dfd5eb71102c6fd3d8d9,5decf38298507f43551a5ca799ac67c4,delivered,2018-01-31 23:19:49,2018-02-01 02:10:33,2018-02-02 23:51:59,2018-02-16 13:23:08,2018-03-09 00:00:00
e15220c597e20a77d293f05d69bd506e,9e03d982aeea5eb32e6baa70855c4f2b,delivered,2017-10-10 12:39:41,2017-10-11 03:14:28,2017-10-11 21:53:55,2017-10-17 21:38:37,2017-10-23 00:00:00
ccaa7f476eec8a9922ac7193691d310b,1bd953cf0bf329cffc57a2787803734f,delivered,2018-07-01 20:13:26,2018-07-01 20:29:53,2018-07-03 10:53:00,2018-07-05 22:43:45,2018-07-27 00:00:00
693d0d4622b8c4324e34ae71fe19a58f,9bf5369cd6c87944bc8586fca188efcf,delivered,2017-10-25 13:35:24,2017-10-27 03:10:13,2017-10-27 18:23:48,2017-11-03 13:38:33,2017-11-07 00:00:00
b9a528ec4ad891d009b3dc50588218f1,518443930ad4ef078459ca33a710cf3e,delivered,2018-04-19 08:26:02,2018-04-19 08:35:12,2018-04-27 12:30:00,2018-05-09 23:08:28,2018-05-09 00:00:00
73fef4e3ee8931c3e71fd76d01433bf3,d30240349203d309f2d1c1db24c9d9a5,delivered,2017-07-06 18:58:56,2017-07-07 02:55:26,2017-07-07 17:25:54,2017-07-18 19:12:58,2017-07-26 00:00:00
9ec76eb1505d29c81d9bfadf8c2e3afa,73a9e9f7ccac657483bed5f2e891a8fd,delivered,2018-04-30 16:59:38,2018-05-01 02:53:11,2018-05-07 14:15:00,2018-05-16 14:08:59,2018-05-25 00:00:00
1914c742b8eb90f77c7459441e819a11,f1548444c208edf9769ea46ce3b9e4a5,delivered,2017-09-24 15:00:51,2017-09-24 15:15:14,2017-09-26 17:30:00,2017-10-05 21:50:03,2017-10-20 00:00:00
2805499c211b52dfc1e64a1349ef45e2,d01edd84cac251d9ded0844cf196f39b,delivered,2018-02-19 15:11:50,2018-02-19 15:27:22,2018-04-16 13:54:50,2018-04-16 22:16:52,2018-03-16 00:00:00
b043c164d2bb303491fd84e4b86e4189,ff2d536c433f91b0b34f93fcc205dee7,delivered,2017-10-16 19:20:02,2017-10-16 19:35:12,2017-10-17 18:46:40,2017-10-26 22:39:50,2017-11-09 00:00:00
9a0a6c39b6be7e1b0f796b6005d52ac4,c852de8b3ffc76d74b6a201e22a92f30,delivered,2017-09-27 11:10:04,2017-09-27 11:25:14,2017-09-28 21:03:45,2017-10-06 22:47:57,2017-11-03 00:00:00
9b2504f4428a8a4d047d22a966df321d,b73c33bd51d10d28fb1292c899b9dc8e,delivered,2018-02-20 10:39:34,2018-02-22 02:10:27,2018-02-23 19:15:38,2018-02-28 15:49:14,2018-03-06 00:00:00
ea4fcfe5ac29f18e634476ce3f68760c,444bb369d4ab45ab9e65a78c4a2904dd,delivered,2018-05-25 20:11:19,2018-05-29 03:31:24,2018-05-29 12:41:00,2018-06-04 22:25:40,2018-06-26 00:00:00
a6414c6610d79fef8ecb35e54989d566,31d517c2ccda6a4b33898d5f738ecb3b,delivered,2017-08-07 16:51:16,2017-08-07 17:10:12,2017-08-09 18:24:26,2017-08-14 11:03:44,2017-08-31 00:00:00
ef13922ec40b82bbcc3c440334a71c76,ec09a9af852389e9ca7e4565b67119eb,delivered,2018-01-27 22:24:11,2018-01-27 22:35:31,2018-01-30 19:38:54,2018-02-03 16:58:31,2018-02-21 00:00:00
935cbf337f50d03fc7ecfb5a601dc7fc,78e5e5a5de6f4de446c8eb4509755a13,delivered,2018-07-25 08:15:09,2018-07-25 08:25:14,2018-07-26 13:44:00,2018-08-01 20:35:40,2018-08-15 00:00:00
2584c861bb72f285ca7a7a702a9accf2,264ddecf8839127528b72b2bb47cfb19,delivered,2017-12-28 23:58:34,2017-12-29 00:31:57,2018-01-02 17:13:44,2018-01-04 19:38:32,2018-01-17 00:00:00
b20dd961dbee68e4ec89fc7d71e111cf,20fb4fa6cf9cfcac864b9625e0156853,delivered,2017-07-02 10:08:50,2017-07-03 10:10:19,2017-07-07 19:07:38,2017-07-10 17:25:49,2017-07-21 00:00:00
05728fca024954ba1ce915ad5c94991f,a302033b7db39c0d3521b729a3a64522,delivered,2018-05-15 09:22:26,2018-05-16 08:53:26,2018-06-07 14:01:00,2018-06-15 15:42:08,2018-06-26 00:00:00
09c06d47b8b58dbabf753646fe5b89ab,f9d7122bdd5b9a3ad155417469c69c34,delivered,2018-04-03 13:22:38,2018-04-03 13:35:15,2018-04-04 19:27:28,2018-06-21 13:04:31,2018-04-30 00:00:00
7fdb63849c1ce634d770fbf407dbca1a,0bf1cd44cdc21a2be05e1917aa554f0d,delivered,2018-04-27 19:01:01,2018-04-27 19:15:21,2018-04-30 07:13:00,2018-05-14 14:46:56,2018-05-25 00:00:00
478da79acc71487110d44b06dbd8444c,dd2ad4aa7b7e7746302163814ad58eef,delivered,2018-05-10 09:28:35,2018-05-11 03:15:15,2018-05-16 15:28:00,2018-06-01 16:53:47,2018-06-01 00:00:00
9b961b894e797f63622137ff7eb1c1af,000598caf2ef4117407665ac33275130,delivered,2018-08-11 12:14:35,2018-08-11 12:25:08,2018-08-13 14:41:00,2018-08-20 18:18:41,2018-09-06 00:00:00
aebae27f4df9c32304566e5b5b44956c,9753f84b730453267fe8375749d02fcb,delivered,2017-04-23 21:28:27,2017-04-25 08:15:59,2017-04-26 08:38:09,2017-05-05 12:59:04,2017-05-17 00:00:00
4ab51400bd3a6c748fceb579fb4502b3,0a99769a832fecc64920faf892ed1be5,delivered,2018-05-05 14:00:57,2018-05-05 14:13:53,2018-05-07 16:12:00,2018-05-11 21:16:40,2018-06-06 00:00:00
2a743fc30067036b7910663ced5a0b7b,2db7dacbf02159ccab4166655db31546,delivered,2018-06-11 08:27:04,2018-06-11 08:58:04,2018-06-12 14:14:00,2018-06-13 18:48:48,2018-06-25 00:00:00
d64aa68e4a96734f280b7ddf0852d511,136f4c1a0629b4ef8681a46dfeeddc2e,delivered,2017-01-08 20:25:12,2017-01-09 20:30:17,2017-01-11 14:22:53,2017-01-17 10:52:10,2017-02-17 00:00:00
1a8d422cb8cdae5221a5a8eb371c49cd,971b5100c36334ff389c9ba8db84c93f,delivered,2018-02-14 11:52:12,2018-02-15 03:55:56,2018-02-16 19:51:57,2018-02-21 23:35:53,2018-03-01 00:00:00
304e8cf62306a897106fd54ccfcc88bc,ac4d5f4e8cecad39a4410adf430bfde1,shipped,2018-04-20 11:58:38,2018-04-24 17:33:43,2018-04-20 22:28:26,,2018-05-15 00:00:00
db4ce50c00a40c05fc3ad1b73abb3189,659122b2315c5da332592caa393d425b,delivered,2018-08-21 20:24:33,2018-08-21 20:35:20,2018-08-22 13:03:00,2018-08-28 01:38:56,2018-08-31 00:00:00
7af37eeddc46c55638ce1c2b0594261b,2aff9d1d67db8b6940220d901a107eae,delivered,2017-07-21 00:21:26,2017-07-21 00:35:19,2017-07-21 12:39:27,2017-07-26 14:41:53,2017-08-14 00:00:00
5294773561960806e1eb6ce0a58e12e0,1c81f92eb53399d87c28346e46955246,delivered,2017-10-04 18:54:46,2017-10-06 02:14:20,2017-10-07 18:09:50,2017-10-13 21:09:29,2017-11-01 00:00:00
15008182975b6283817426f03e9f79a7,9203fb0fa970d00bb279ae3265dac0bc,delivered,2018-08-17 22:29:33,2018-08-17 22:49:38,2018-08-20 14:41:00,2018-08-24 16:08:49,2018-09-19 00:00:00
58941328547eb733f03a9d179aa7313c,4e54f0e868c4d5582d7c821fb763d605,delivered,2018-07-03 23:50:08,2018-07-05 16:31:11,2018-07-17 15:09:00,2018-07-24 15:06:52,2018-08-02 00:00:00
e008f3c4303db44b2edc9cff1a6f9f0d,35649f8c1d7c545186e5679cf6294362,delivered,2017-04-21 15:35:32,2017-04-21 15:45:12,2017-04-25 11:06:49,2017-05-02 13:59:54,2017-05-15 00:00:00
291db84768080eac60e76d9a3ef9d1de,febfcda160c15b084868e19aae69d8ba,delivered,2017-03-20 17:20:30,2017-03-20 17:20:30,2017-03-23 15:20:40,2017-03-30 11:44:07,2017-04-06 00:00:00
8d0104be66d2f2828b6dd123117d7c22,580daeb93e7486f0882342d86eece148,delivered,2017-12-04 14:58:14,2017-12-04 17:32:09,2017-12-05 18:13:44,2017-12-12 17:19:04,2017-12-28 00:00:00
f1331ba967671bd1a0cc183d806c57c7,01d443a484536e8a8c520f79dd9f6ad4,delivered,2018-01-10 13:04:50,2018-01-10 13:12:24,2018-01-10 21:35:04,2018-01-24 20:45:09,2018-02-09 00:00:00
aba9c0c1ee2e5f45591967f4cb01e708,aaf4ae37c35d48ecc202ed358a53ea6f,delivered,2018-01-07 11:12:58,2018-01-09 07:24:30,2018-02-14 13:20:11,2018-03-07 22:08:14,2018-03-20 00:00:00
ef31025693a0212c0b45d12f12f12a5e,2db629e8830e736fb8869d8cf28e1935,delivered,2018-02-20 11:30:02,2018-02-20 11:47:44,2018-02-20 21:59:18,2018-02-22 15:29:17,2018-03-08 00:00:00
cf057afc06ce934f9899caadecdf409c,051a0fa5363efa358bb6b04123df227a,delivered,2017-11-20 11:46:16,2017-11-20 12:09:22,2017-11-24 17:02:12,2017-11-25 17:42:16,2017-12-01 00:00:00
880da098e6d00eb875b766a0cc533ede,1a99828642291db08f4a55b60b769c90,delivered,2017-05-15 19:54:27,2017-05-17 03:45:31,2017-05-17 11:49:13,2017-05-25 10:52:58,2017-06-06 00:00:00
8d7de30c33f737a080cdd433ec8670e4,0b95e76c8ededa5139d9f8b5eed8f904,delivered,2018-04-04 08:14:06,2018-04-04 08:29:31,2018-04-04 18:41:24,2018-04-14 12:21:35,2018-04-25 00:00:00
8a57df5bc496d7439886b2f23b58f56e,15afbf8ac67202642376cff3d3a5843b,delivered,2018-08-02 17:58:29,2018-08-02 18:30:52,2018-08-03 12:54:00,2018-08-06 19:56:24,2018-08-07 00:00:00
61edec4c7086a5383dc4f5e6fca69e9b,395ce4e9b5ad9165113d5321fcb7a864,delivered,2018-06-06 15:11:41,2018-06-06 15:34:23,2018-06-07 12:20:00,2018-06-11 22:11:14,2018-07-12 00:00:00
6c680c441a53c52610b5abd41e2b8ce6,4fc3b1a5f61e6ac0d356d91a9dc1d434,delivered,2017-08-30 15:25:39,2017-08-30 15:35:15,2017-08-30 21:04:10,2017-09-01 19:26:36,2017-09-18 00:00:00
2cd4d457a1de3adcdb9d8237cb975c6d,8e6d1663d54c1c7aac1cb0bae73df8b4,delivered,2017-10-16 17:03:04,2017-10-17 17:14:32,2017-10-19 15:38:08,2017-10-30 20:27:49,2017-11-17 00:00:00
8eea3ecd28a15babda20e8afff4c32d7,8abbf0e126072255138704489bd9897a,delivered,2018-01-14 21:39:08,2018-01-14 21:49:17,2018-01-17 17:53:12,2018-01-24 11:33:05,2018-02-07 00:00:00
ef44dc293c54ebe5db4f3c09dd4c5133,d00bc5e2fd46b561aa23416a96f2178b,delivered,2017-06-07 20:06:06,2017-06-07 20:22:27,2017-06-10 11:24:06,2017-06-16 18:25:40,2017-06-21 00:00:00
d838d4f27cfd8fefb3ad286dda195b12,42fb9cec876ba1a8f6ccd3fdb2dc1a45,delivered,2017-09-11 16:16:25,2017-09-13 03:35:16,2017-09-14 18:48:46,2017-09-23 11:57:59,2017-09-29 00:00:00
72957a7ebd28baf4446a71d68ff98de5,a1b041bf294ac9a4c79a3ade1f9c5bac,delivered,2018-07-08 13:06:41,2018-07-08 13:25:26,2018-07-11 13:36:00,2018-07-12 23:18:30,2018-07-19 00:00:00
c9feff2c5d40e5902787da6c586f42f2,bdf73493ab7ca81ec177fbd685d2b43a,delivered,2018-04-18 18:48:46,2018-04-19 02:15:12,2018-04-19 17:32:36,2018-04-23 14:56:34,2018-05-14 00:00:00
7263c7e1f9fa94a0bc47b767342352ca,ed57d857ec4dccbb1bbe917e16ddfc76,delivered,2017-09-25 20:06:47,2017-09-25 20:24:35,2017-09-26 13:20:04,2017-10-08 17:07:51,2017-10-26 00:00:00
c6c5a3bd6cdccabdc09336d43f4897b0,030ae7b844c8db8738bb14019351ea55,delivered,2018-02-20 10:31:58,2018-02-20 10:47:24,2018-02-22 23:09:05,2018-03-26 18:22:08,2018-03-21 00:00:00
e8fd4720a1fd3b72cadc05313036fe78,9f9e0ccba7c167dfe7736dcc9a703f8b,delivered,2018-05-10 09:10:15,2018-05-10 16:31:04,2018-05-11 14:39:00,2018-05-15 18:32:11,2018-05-23 00:00:00
0218bc1c672e0e92f10a6633ca1cc461,aeb6533eeab4fbea7f9bdf37db0f8ee0,delivered,2018-03-07 22:36:15,2018-03-08 14:30:28,2018-03-09 21:47:41,2018-03-29 01:11:39,2018-03-29 00:00:00
55361b153c0444dab69a4f7fc00bbb66,67f7f5c57abd3964c11e644ea6ce12e5,delivered,2018-04-04 14:41:43,2018-04-05 08:10:07,2018-04-05 21:52:49,2018-04-07 20:03:01,2018-04-20 00:00:00
142c00b1a365aed0b31af96d7d79e673,a78232744e32a2bcb0993dda7ade2356,delivered,2018-05-25 11:38:12,2018-05-26 02:18:24,2018-05-29 09:26:00,2018-06-04 17:16:38,2018-06-12 00:00:00
4b33e7ab86ba5f28513f84e4d75c79fe,b624b39871b61bea50020c6c8946239e,delivered,2018-06-21 19:06:28,2018-06-21 19:38:10,2018-06-22 14:56:00,2018-06-27 13:32:53,2018-07-17 00:00:00
ca46eb68fae2bde83aab2f0400cabf6c,d0fb18df226036c465f5e8fb53e3f93d,delivered,2017-08-18 14:12:12,2017-08-18 14:25:20,2017-08-22 19:33:55,2017-08-25 17:36:17,2017-08-31 00:00:00
ce4fa279c37bd40295b4f0658ea359fb,3a3412d56c49df8bf3a9c56aa6be8ea4,delivered,2018-02-13 18:10:03,2018-02-13 18:27:11,2018-02-21 05:23:11,2018-03-05 17:04:57,2018-03-09 00:00:00
c256ab3bcaf77d9695562a49f8be8a26,ab5bc6d7681714398d7588cf35ac5eb8,delivered,2018-06-29 18:50:59,2018-06-29 19:11:07,2018-07-03 15:57:00,2018-07-11 23:22:32,2018-07-27 00:00:00
d349a57c214e76cb866e64ffc04c23f4,6907931df0d69c049a6ea3f32f3f67cb,delivered,2017-10-13 19:05:21,2017-10-13 19:14:30,2017-10-16 22:04:23,2017-10-24 22:22:24,2017-10-31 00:00:00
1fed2f02e296e7767a2eea3dc76f69bb,e2dfdb0818021b6bbc677390b9c42674,delivered,2018-07-22 12:50:04,2018-07-23 11:31:25,2018-07-23 13:09:00,2018-07-27 17:40:33,2018-08-06 00:00:00
c0af7d6752f0e0add223d0a2ea62e031,c745f811acf567d8a8ce7d13c02a5078,delivered,2017-11-30 16:57:01,2017-12-01 11:32:04,2017-12-01 20:46:50,2017-12-05 19:42:38,2017-12-22 00:00:00
c6a9052634caae576f272ecf2e3a9b1e,dc76f8ffc77e7e4923f58d9b49d7fb4f,delivered,2018-03-04 17:51:58,2018-03-04 18:08:40,2018-03-07 22:08:06,2018-04-08 19:19:12,2018-03-26 00:00:00
14feb2791a33105fe2092f7ac34e3200,62943fca2aa3e99b0f51ad01550e9cfd,delivered,2018-05-07 11:14:34,2018-05-07 17:56:37,2018-05-10 08:32:00,2018-05-16 00:41:24,2018-05-25 00:00:00
c3c8037bfac88b34744bb96cfed9c7f7,ed3a502932ab63e9bfb5a0eadb3b63ff,delivered,2018-08-06 13:41:58,2018-08-08 03:15:15,2018-08-08 13:58:00,2018-08-13 18:03:32,2018-08-22 00:00:00
7a8643660eadb0c1328937510e072773,49910d1030506fb74264ce1f9e534690,delivered,2017-06-12 12:41:16,2017-06-12 13:10:38,2017-06-22 16:04:02,2017-07-03 15:03:08,2017-07-13 00:00:00
91ad6a8d591e94d9e1ca998185243e2d,941a225471304a6c4d1e3694b7a19220,delivered,2017-12-17 17:54:00,2017-12-17 18:09:53,2017-12-18 19:57:18,2018-01-05 19:59:03,2018-01-11 00:00:00
0c5229491f40a024f07dacd49b445b64,eb2222308ec066485ecffca88d08df46,delivered,2017-08-13 22:34:38,2017-08-13 22:50:16,2017-08-14 20:24:39,2017-08-24 18:55:16,2017-09-08 00:00:00
7a1b04571b7a200f334cf7a4ab4c918c,0827a9c2399f5a54a666bb8c2b783be4,delivered,2018-06-15 15:25:33,2018-06-15 15:59:54,2018-06-18 10:57:00,2018-06-21 19:58:48,2018-07-13 00:00:00
dacd9ea86285f197d0b7495e8af14781,1ee7676535dc405dbb88977050668100,delivered,2018-04-18 20:51:20,2018-04-18 21:11:15,2018-04-19 18:35:29,2018-04-30 21:17:21,2018-05-28 00:00:00
adbac4b12d94ba3f3e7c47dfe548fc81,1fd2567f42ea6e7de4f9772c09f1637f,delivered,2017-09-15 12:14:10,2017-09-15 12:35:09,2017-09-19 20:44:53,2017-09-22 16:57:27,2017-09-27 00:00:00
b081a26ca9566254713995a623e0941e,49c03cf95fc171d13848ae72107de156,delivered,2018-08-06 16:49:19,2018-08-07 16:45:22,2018-08-09 12:45:00,2018-08-16 21:28:45,2018-08-16 00:00:00
5a0e61bf3bfdda7dd3ac0aae7dfb86ec,355de5b8c9f5ca3b0b7484479c376137,delivered,2017-10-31 09:53:30,2017-11-01 03:15:25,2017-11-01 21:46:05,2017-11-03 19:07:50,2017-11-08 00:00:00
fc7ff0e22c4d9fc5789816ee0131296b,3b729d6d2cfbb81761af647bafb669a6,delivered,2018-05-11 11:19:16,2018-05-11 11:37:35,2018-05-14 08:20:00,2018-06-01 19:43:31,2018-05-29 00:00:00
446d3eee7dfa0cb1844584b53bc37cab,66ed6d5a68cdafffcc357d283beec21f,delivered,2017-05-31 20:03:13,2017-05-31 20:15:21,2017-06-01 14:15:02,2017-06-06 18:01:04,2017-07-04 00:00:00
1303938f4e61db6da994b6d00e34e7b0,d7d6d2aa2c72b6e7815a44ca8278f7b9,delivered,2017-11-20 12:47:57,2017-11-20 13:07:09,2017-11-21 02:36:58,2017-12-06 00:57:43,2017-12-26 00:00:00
7c191e583fc264b819bc71653e4fc229,2cab7eee9c179f0149439f5c1f8dcf9e,delivered,2017-08-28 17:01:46,2017-08-28 17:15:27,2017-08-29 21:34:43,2017-09-01 20:32:43,2017-09-14 00:00:00
cf5a5b72cc9714b2afbbb79d472baaf1,fdf20c129602a9bceaabd909fdbaa421,delivered,2017-11-27 11:24:20,2017-11-27 11:35:37,2017-12-02 00:34:21,2017-12-15 11:38:55,2017-12-19 00:00:00
31c672e3859d5d55d460ea8dbc39053d,c0fa053afcb588fce87ade5024cada7a,unavailable,2017-02-13 13:56:12,2017-02-13 14:05:21,,,2017-03-14 00:00:00
b0b61472cd1ff0e9f1450c6ae4c8d5a4,2b410721c8a084c3221f9a93d695c1dc,delivered,2018-05-01 19:00:26,2018-05-01 19:13:20,2018-05-02 15:06:00,2018-05-08 16:57:45,2018-06-01 00:00:00
d34e86154f29f6aa2093eb2a578b9326,80b6efab04a0273b5065335546f162d6,delivered,2017-08-01 21:39:39,2017-08-01 22:10:17,2017-08-07 20:07:24,2017-08-08 13:46:01,2017-08-21 00:00:00
110d534aef964d7dc718809cf07b9a3e,f78b1ca3fee0550ee6405056128d4432,delivered,2018-02-19 21:25:25,2018-02-21 06:15:24,2018-02-23 23:58:44,2018-03-21 22:31:04,2018-03-19 00:00:00
902540001de909e522ef26569c6a2c8e,838dc89983b5b33da4af30898b1fb507,delivered,2018-01-14 11:59:43,2018-01-14 12:17:20,2018-01-15 18:26:43,2018-01-16 21:07:09,2018-01-30 00:00:00
93e87829bab4127b8692f52a73df4284,8cc5b669b36635162d2d3261b8559d6a,delivered,2017-10-24 19:23:44,2017-10-24 19:35:24,2017-10-25 21:11:58,2017-12-05 00:59:06,2017-11-21 00:00:00
c4352553d02a3a4dcb7c01701bca8e59,92bc2422a7740b9ee88c414a640075e4,delivered,2017-04-20 17:57:09,2017-04-20 18:05:18,2017-04-24 14:41:11,2017-05-02 12:48:53,2017-05-12 00:00:00
88298d252bed01a2c1f80676edc1d2b9,c8c205b130f46434844534e728a14046,delivered,2017-11-25 19:45:05,2017-11-27 19:56:55,2017-11-29 19:48:53,2017-12-22 15:33:56,2017-12-20 00:00:00
7511a8e7c7e991e0e129c3fa111404c4,d5667e555d7e4093f1470362e13f37ca,delivered,2017-08-04 19:02:19,2017-08-05 03:05:10,2017-08-11 16:17:58,2017-08-25 21:41:38,2017-09-05 00:00:00
d7bf4c08a7f6b6fc82ca1c5076732e6b,674c68d47e2603b3d020f5b73285d677,delivered,2017-08-30 15:52:16,2017-08-30 16:10:11,2017-08-31 20:32:22,2017-09-12 17:31:46,2017-09-19 00:00:00
0019c29108428acffd089c36103c9440,5f6bbac628ae418db4e0f92932f899c1,delivered,2018-03-06 06:40:28,2018-03-06 06:50:26,2018-03-07 01:20:05,2018-03-16 22:34:53,2018-04-11 00:00:00
64f65d9b37717ef40554badd2b22d6f8,b3ead64d0fefb438368d32d7842dfb7a,delivered,2017-12-24 13:32:27,2017-12-25 13:29:29,2017-12-26 22:40:02,2017-12-28 01:05:41,2018-01-15 00:00:00
9cc8449aff35ffa0d977428fd75a127f,84051b8582c858f080e8432d60c57719,delivered,2017-10-18 09:48:06,2017-10-18 09:56:19,2017-10-19 21:17:26,2017-10-20 16:19:58,2017-10-30 00:00:00
f93c4c6491ecf4b1f3980d36ed6dd943,21c58571fd2f1284282f300426a6c5d7,delivered,2018-02-04 22:12:07,2018-02-04 22:29:21,2018-02-05 22:35:45,2018-03-06 20:38:52,2018-03-06 00:00:00
fbc32bc4a800352a5c9d8a57828b4727,d81c79479192992a07033707560d6598,delivered,2018-07-12 00:29:41,2018-07-12 00:46:07,2018-07-24 14:13:00,2018-08-09 18:03:38,2018-08-09 00:00:00
1a5c3dad7f8ccf75ce213a3726a25af2,5e65da8ad6a8110e555eb93a1fd38f3e,delivered,2017-10-23 13:06:12,2017-10-24 03:56:38,2017-10-25 20:32:56,2017-11-20 17:58:12,2017-11-27 00:00:00
bfe6602edb1568292d527c61684405ed,32a7bc3e8823bf94324ec828e7888d6d,delivered,2018-01-10 02:41:38,2018-01-10 10:31:50,2018-01-11 18:45:43,2018-01-15 15:58:32,2018-01-26 00:00:00
9ee3b22242a910b9fb5ee4ce5de709ab,44e6209b7f44e822f8b3a2eac321720d,delivered,2018-03-19 11:54:23,2018-03-19 12:10:16,2018-03-22 19:26:48,2018-04-13 16:03:18,2018-04-09 00:00:00
d7c3a90ab28bbb07e47e1fccdbae401c,2f321cc7e64a7af349f673fb7877c2d0,delivered,2017-12-11 19:10:48,2017-12-13 14:13:38,2017-12-14 17:22:49,2017-12-15 15:52:14,2017-12-28 00:00:00
2354dc9068e42c3b75c3137f572566e8,f8f256090748f89576b65bd6825f6f6c,delivered,2018-06-28 16:48:45,2018-06-28 17:11:49,2018-07-03 14:20:00,2018-07-09 20:03:30,2018-07-23 00:00:00
f1ccc06d5cdcd19f0e436c6cf8b9325a,d94ee517afdc11b99ccec10ed695c55f,delivered,2017-06-29 12:14:57,2017-06-29 12:25:19,2017-06-29 15:07:27,2017-07-05 15:49:48,2017-08-02 00:00:00
ebe0a2b49f09387ce9e38a8353ae7f27,02fa7cd4dbbaf1b6794f6f78b0918985,delivered,2018-08-10 21:08:47,2018-08-13 14:50:12,2018-08-14 16:16:00,2018-08-15 18:38:44,2018-08-17 00:00:00
d3f7c0e804b501782903f7af749eb797,303f96887b473d72e34c2d0e492fa43b,delivered,2016-10-10 13:57:41,2016-10-10 14:42:00,2016-10-14 14:42:00,2016-10-17 15:42:00,2016-12-02 00:00:00
2550d9e4df78c17fc2f0eb644551a867,52070fb1710f5ddc60c6ae977a6d005f,delivered,2018-01-19 19:23:16,2018-01-23 03:37:34,2018-01-24 17:49:15,2018-02-02 20:58:30,2018-02-15 00:00:00
26e05207defbabc549b477ecdd135e06,336fe4ef7e8a7fa121c8edc71ca52a2a,delivered,2017-08-28 17:45:20,2017-08-28 18:32:03,2017-08-29 19:34:52,2017-09-04 21:17:35,2017-09-22 00:00:00
9da6e3bacbae9dfb6f886b2fcdd80bcd,69829caa6a2c8ac099579f56582ea0c9,delivered,2017-12-12 01:32:09,2017-12-12 01:47:12,2017-12-13 16:14:12,2018-01-23 12:25:56,2018-01-05 00:00:00
c3fe6314b2bcaa6de6f9611550dfa399,7f575cf716dfc615c5db8a2135cae948,delivered,2018-08-03 14:57:40,2018-08-03 15:05:14,2018-08-13 11:13:00,2018-08-23 20:51:31,2018-09-24 00:00:00
b72eceaf3e014a8336da6b52928715f2,af3e2512698db57266bf9f5e5aba537d,delivered,2017-06-26 15:08:20,2017-06-27 04:15:23,2017-06-28 12:35:10,2017-06-29 12:08:07,2017-07-07 00:00:00
4a2a03eba693b69ec224283b56ee486e,946832699a5d660dcdfed91bc6346cbb,delivered,2018-03-02 16:53:54,2018-03-02 17:10:46,2018-03-05 20:19:08,2018-03-07 23:48:49,2018-03-14 00:00:00
ced16c8394f44cb7ea012b774a490f88,09f0687c10e265596b8b96b7f63ecb19,delivered,2017-11-25 02:43:09,2017-11-25 02:56:44,2017-11-29 21:11:55,2017-12-13 19:34:01,2017-12-20 00:00:00
9423ef61917b540d13c95424f195e0a9,c3927b78c31a42dcd5b822146997d534,delivered,2017-04-26 14:21:00,2017-04-27 13:05:44,2017-05-02 13:06:44,2017-05-15 13:29:34,2017-05-31 00:00:00
e65b6de1ae31aa66d1601342f04806a4,618366b4ce2ecb64705e8ff5b0da07da,delivered,2017-09-17 11:27:12,2017-09-19 03:45:46,2017-09-19 14:36:11,2017-09-21 19:46:19,2017-10-04 00:00:00
23f016ada08eb6e9abb24597bd8556a8,b31e07b7f3a2cd0c8172ee7947e7589d,delivered,2018-01-03 21:55:18,2018-01-03 22:07:54,2018-01-08 19:24:48,2018-01-16 13:24:12,2018-02-06 00:00:00
2db80b6de1f777a374265d6b873a9c6e,f3d1bdb2683faa58b8e164e34b7595c0,delivered,2018-01-21 20:27:30,2018-01-22 13:58:37,2018-01-24 13:37:01,2018-02-02 16:18:44,2018-02-16 00:00:00
12c404363fece070157a8d13afb76b71,ed7aa26942d4514875aa11462f8e24c4,delivered,2017-05-05 11:42:53,2017-05-05 11:55:20,2017-05-05 12:23:33,2017-05-15 12:39:03,2017-06-01 00:00:00
692308c8297bd7b28cb7d15678ccdbbf,543c10d713a8e8174a9e4af168c1b6ed,delivered,2017-09-29 22:33:10,2017-10-03 03:49:26,2017-10-04 15:42:06,2017-10-14 13:37:45,2017-10-26 00:00:00
22d764197653b8e72e86fa89109d3a07,27ad3ccd3f49b1ca2149940f0b840dfd,delivered,2017-04-06 01:08:20,2017-04-06 01:15:12,2017-04-06 12:53:14,2017-04-11 11:57:57,2017-04-28 00:00:00
61102a4a6d41f03e2c98d15f372979e1,5a9e2ef7d42425c3967d5d8720449ceb,delivered,2017-08-10 14:39:53,2017-08-10 16:30:20,2017-08-15 11:56:44,2017-08-17 18:36:41,2017-08-30 00:00:00
11aab800a7e398a77f8f1a28a74092ea,c5af0a7b53ebe8aebb64d09a25639352,delivered,2018-07-04 18:04:23,2018-07-06 02:35:15,2018-07-11 08:59:00,2018-07-24 20:12:54,2018-08-02 00:00:00
c2f065051bb7c9e7f88ebc998f332968,70603180c918c70f8f1455d0ae52a79a,shipped,2018-07-31 13:09:16,2018-07-31 13:25:15,2018-08-01 16:13:00,,2018-08-09 00:00:00
dbc3e6a2a3c9316533f1bdf9f915b132,55d9f4928298fc683858c347ebef6a69,delivered,2018-04-14 16:53:48,2018-04-14 17:10:36,2018-04-16 18:02:37,2018-04-24 16:46:53,2018-05-03 00:00:00
0216ea85f929ce4795f933573c6bb055,ce88121027e42c2e895f84a8f3ccd665,delivered,2018-06-08 20:27:32,2018-06-08 20:59:11,2018-06-12 15:09:00,2018-06-19 17:42:08,2018-06-26 00:00:00
be898fe8e3213cd0d57464c0b1284b99,7727e2cc9ec428ad3173cc812ce1781b,delivered,2017-12-01 11:15:02,2017-12-01 12:31:37,2017-12-04 18:32:34,2018-01-05 00:28:55,2018-01-16 00:00:00
7ae4fd8c81d9c0d64e4a89a71adbb6c2,6bec28a0162e9cf0dac2934b4c158954,delivered,2018-05-24 16:33:03,2018-05-24 18:23:49,2018-05-25 14:03:00,2018-06-05 18:17:51,2018-06-19 00:00:00
6c214c3ee7e08a8b8c20d95d7e7ba215,a669b020b336a5e0e9d1c47043dd05c5,delivered,2018-03-13 21:52:27,2018-03-13 22:40:23,2018-03-15 22:27:19,2018-03-19 20:41:58,2018-04-13 00:00:00
6460cc80249f46f8289b2a8d55d61dbd,0987ae71e7ad93d01d1202b7299fbb50,delivered,2018-01-31 23:06:27,2018-02-01 01:29:49,2018-02-01 18:12:26,2018-02-08 21:22:16,2018-02-22 00:00:00
130661e5b5e7e4e1948747351cbf14a7,13752115a6ce16bd31a5f5f519400aff,delivered,2018-03-27 09:34:49,2018-03-27 09:47:11,2018-03-29 11:36:59,2018-03-31 11:36:30,2018-04-09 00:00:00
890617d30098dc78a28e27cfc7d6ccec,8e3041cd8997318e5f9144c00ed966fd,delivered,2018-04-24 08:02:21,2018-04-24 17:12:43,2018-04-24 23:58:49,2018-04-25 16:19:33,2018-05-10 00:00:00
442d76affff0114c57a8b5e3af634638,8ef649ef21b6d9a16b2ddc78c9486b4b,delivered,2018-04-22 16:56:03,2018-04-24 17:44:41,2018-04-24 23:50:53,2018-05-07 12:07:53,2018-05-16 00:00:00
77123692722eeb90408b713bf016651f,524987dbd2ce54fb339152d74a265232,shipped,2018-02-23 12:18:03,2018-02-27 04:31:15,2018-02-27 18:11:55,,2018-04-17 00:00:00
20b6d93cb808407fbfa6438a2582538c,9ba5995f589c7b34e63b60f5c5636a89,delivered,2017-05-20 17:52:48,2017-05-20 18:05:36,2017-05-22 11:05:03,2017-05-24 14:32:50,2017-06-02 00:00:00
5414dcf22671804826c78b8b9a09f52b,32528379afbb9b9a5826ab2d980f227b,delivered,2017-11-29 12:18:36,2017-12-01 11:32:09,2017-12-04 21:09:17,2017-12-06 18:16:10,2017-12-13 00:00:00
b29b6b47b5ee24d369956ae7e38d495b,6d1e40ca3883e4f90a1249bfb13856bc,delivered,2017-10-26 14:34:56,2017-10-26 14:49:37,2017-10-30 20:26:44,2017-11-08 20:57:50,2017-11-14 00:00:00
c05a01b6c9f5e7ffda5b8d367db045a1,ad8f44eace50d9e7a722ed20dda903aa,delivered,2018-06-09 17:36:22,2018-06-09 17:50:27,2018-06-11 19:10:00,2018-06-12 22:52:45,2018-06-25 00:00:00
371ecec04db578a2451088388326d50f,e76d3ee389e60c9f35945ad13caecf32,delivered,2017-08-07 13:16:11,2017-08-08 13:40:12,2017-08-09 15:10:20,2017-08-17 19:45:10,2017-08-29 00:00:00
d7dfc2d3f206658f411ff6be69b5cb24,5b2695ffc73db84093637a9da2436697,delivered,2018-05-15 20:32:43,2018-05-15 20:56:12,2018-05-17 11:57:00,2018-05-18 13:07:49,2018-05-24 00:00:00
052957b74548fe2ce95f70d3623e6eb3,dda6bee0b54815080a67be5cf145e0df,delivered,2018-06-11 09:46:31,2018-06-12 04:35:28,2018-06-12 14:50:00,2018-06-18 10:28:45,2018-07-11 00:00:00
20e45fb012dbdf66f09290158664ce79,c6a0d9feca03b4c670ffda33632acc15,delivered,2018-03-28 11:05:41,2018-03-28 11:15:21,2018-04-03 14:56:31,2018-04-11 18:46:46,2018-04-30 00:00:00
bf0e3e56f8900efaafc1325b7c74372c,fee3120f2dacfdc90f4bdb6dd83c49b8,delivered,2018-02-25 21:26:25,2018-02-27 03:10:35,2018-02-27 20:53:03,2018-03-12 17:42:27,2018-03-29 00:00:00
04a38c066d7f34688a58ac150102619e,2976b8562dbc7e44887d817a96376692,delivered,2017-12-03 09:10:57,2017-12-03 09:32:04,2017-12-04 21:23:03,2017-12-11 14:22:13,2017-12-20 00:00:00
d625545017fc7c86aee1dd49f0471c0c,e91474c2e43239738e917b06f84dae5f,delivered,2018-03-01 14:51:53,2018-03-03 02:50:47,2018-03-06 00:13:11,2018-03-08 21:03:30,2018-03-19 00:00:00
384552460d294e72bca84e0412609b8d,97ff9b5ae14f8fd17a06e38dcbfc3af7,delivered,2017-12-19 21:38:43,2017-12-19 22:37:35,2017-12-20 18:20:07,2018-01-08 20:20:23,2018-01-18 00:00:00
3311bcf8b85d70179b7a3addec72e5cb,ee4fb78170d564d965ac4d1cb80f5dd3,delivered,2018-06-18 08:56:07,2018-06-18 09:13:59,2018-06-19 11:21:00,2018-06-22 21:42:02,2018-07-05 00:00:00
e7df3fcd195fafd25a46f580fc96c9f3,38b9cf892706e93eddf8ec8265869722,delivered,2017-12-01 00:05:35,2017-12-01 10:31:12,2017-12-01 19:27:01,2017-12-12 20:15:17,2018-01-04 00:00:00
9095f0efd46352f74ec4937fedfeb0be,d2e283df85b37eeb1cf37fc3416a2686,delivered,2017-07-06 22:28:48,2017-07-06 22:43:14,2017-07-07 16:24:56,2017-07-17 18:37:31,2017-08-03 00:00:00
ffe1f3d903f7d8189c55f1e52438f593,31f102bb049b4af90fb8b555e921b6d4,delivered,2017-06-17 17:20:47,2017-06-17 17:35:09,2017-06-19 20:03:21,2017-06-26 15:03:35,2017-07-21 00:00:00
6af1785f8b08c8802cad476fa3590291,5ff50264ef1c7e41b2cc310306819e37,delivered,2018-06-06 00:59:14,2018-06-07 02:54:38,2018-06-07 15:05:00,2018-06-15 19:56:53,2018-07-18 00:00:00
c62449227473f63a96e42cec192ec143,6fa8f3946080c37c68b16234a475b081,delivered,2017-12-21 19:08:38,2017-12-22 07:12:22,2017-12-22 16:22:05,2018-01-06 09:24:36,2018-01-18 00:00:00
372f8e1a08cbd807194b89b3c31a448a,f767e7437c3aa2c044523c0a6712380b,delivered,2018-08-25 15:12:30,2018-08-26 15:10:14,2018-08-27 15:13:00,2018-08-28 15:45:57,2018-08-30 00:00:00
8d5522903eb78728024e688cd6ee9dbf,f02a30c0159ad2d40c75f300fa9e338c,shipped,2017-07-03 07:46:05,2017-07-04 03:45:30,2017-07-08 13:21:17,,2017-08-02 00:00:00
a2be25bfae58419f64922010bd631e74,4c2c6a3a31581db2f488267bc1a6ced0,delivered,2017-09-20 18:14:44,2017-09-20 18:30:22,2017-09-21 20:18:17,2017-09-27 21:10:08,2017-10-05 00:00:00
35648a75454c580b64688dd24dea43da,19036764f4047b59ae815a2cf9c75c62,delivered,2017-09-04 10:59:50,2017-09-04 11:15:17,2017-09-05 21:25:10,2017-09-11 17:14:21,2017-09-21 00:00:00
ec60b0d63f32dc9f14da8503a72af821,0916acefe664698288f758bbf549a53e,delivered,2017-08-09 22:45:43,2017-08-09 23:04:32,2017-08-10 18:15:33,2017-08-23 22:52:37,2017-09-08 00:00:00
4caaa2c8d6544804296a156b210a8d47,9a07f29a0a2ecb8c56fcfe168b48e5d2,delivered,2018-04-27 11:36:35,2018-04-28 03:33:07,2018-05-02 15:20:00,2018-05-03 19:21:03,2018-05-16 00:00:00
b02f2888891cd431e71f2f0a9a85e7b8,53d5e3e5a2eb022edd3570dde355947b,delivered,2018-04-28 23:14:00,2018-05-01 02:10:24,2018-05-02 15:14:00,2018-05-04 00:03:45,2018-05-16 00:00:00
7b2224d2541bc6874a3767724399a203,fbbf2375a1b32cec004f68916082efb1,processing,2017-12-11 16:20:06,2017-12-11 16:30:28,,,2018-01-08 00:00:00
8cf934bd823646de5fc0daf4d918c396,a7f53b7c2c022eacdc998a7649746c1b,delivered,2017-07-10 19:10:58,2017-07-12 02:15:24,2017-07-12 16:37:30,2017-07-18 19:07:28,2017-07-31 00:00:00
a53d5c8476995cd1a3a77e4036f30020,2362960b45242bea24232b1d474ac707,delivered,2017-12-11 15:20:40,2017-12-12 03:55:35,2017-12-13 21:45:44,2017-12-21 17:14:54,2018-01-04 00:00:00
e19a6a3393b0a8dec5b1117a0642252e,b522cbb477037ce502d6887bd6684a29,delivered,2017-10-03 08:00:22,2017-10-03 08:14:15,2017-10-04 11:33:37,2017-10-09 22:27:52,2017-10-26 00:00:00
6353f1b671ade418ad05f552dc16df4b,9be414fa82e43d3fa9cea3b3cc00eae0,delivered,2017-11-27 09:08:54,2017-11-28 02:56:44,2017-12-05 00:07:52,2017-12-07 04:07:11,2017-12-21 00:00:00
62b9390d7c1dc711de68f1ee929e9a55,bfce888b3ff4cdd00edbeff6866a5ea8,delivered,2017-11-24 19:12:37,2017-11-25 04:54:03,2017-12-05 18:40:40,2017-12-11 13:09:32,2017-12-14 00:00:00
3a40d639b7d8167f255bbb2b7372cddd,52701c28ce8192ff074de5576a1b9288,unavailable,2017-10-17 15:17:53,2017-10-18 03:06:45,,,2017-11-10 00:00:00
afb770251c33fc53665114a61b41a835,527b0b448bc0f85666e0704fe5021acb,delivered,2017-12-18 19:09:28,2017-12-20 07:18:45,2017-12-20 19:22:15,2017-12-28 13:49:57,2018-01-16 00:00:00
0695bd018cbf6e999fad4c321b32d26d,df0ca504291a65e2e7e2c2439fba4b10,delivered,2018-07-13 17:22:13,2018-07-13 17:35:17,2018-07-16 13:59:00,2018-07-23 19:48:35,2018-08-17 00:00:00
1c20a41a4a868fe36f6a5caa0a2abb2f,b3ae360749eac8fe9388ca0ce8f27d4f,delivered,2018-08-23 17:25:50,2018-08-23 17:45:19,2018-08-24 12:56:00,2018-08-27 20:11:28,2018-08-30 00:00:00
3d421d7db55efafc84d7e3a6d8bbe4c2,843a771c6235fdb0a3003a61633ff6ce,delivered,2018-06-15 15:23:07,2018-06-19 06:35:39,2018-06-19 13:06:00,2018-06-29 13:09:37,2018-07-13 00:00:00
c57d4208bbf0984e623a7f5dc58b99ef,196eb7a5f5948157db8803bf9a4ea2bb,delivered,2018-04-18 13:40:18,2018-04-18 14:35:13,2018-04-20 00:41:37,2018-04-21 01:22:03,2018-05-07 00:00:00
b0ff3393cff8b64e9150a65b49220259,1207f6cb80c8f74018e7fb3cff8f82f5,delivered,2017-11-25 21:52:45,2017-11-25 22:31:32,2017-11-29 12:28:41,2017-12-16 16:14:58,2017-12-18 00:00:00
9788e1264a6ffeed8da515914c103b70,067f6ee158ce40dff3f69c4d8c8ac676,delivered,2018-02-06 14:42:05,2018-02-06 16:11:30,2018-02-07 21:28:58,2018-03-01 01:04:50,2018-03-07 00:00:00
00d4439957b7fd3f8da4a33a965817fb,150262ecde07c5bc549ca2cc732dcbde,delivered,2017-04-19 07:47:04,2017-04-19 08:02:02,2017-04-20 09:17:16,2017-05-03 10:43:35,2017-05-11 00:00:00
875457c60d42163f5d8bc4b4e94b2412,cc0c38361d064bff576ef1fc19336cb8,delivered,2018-05-21 15:15:27,2018-05-21 16:36:05,2018-05-24 08:41:00,2018-06-07 15:21:15,2018-06-08 00:00:00
e1bc33c09440b7c1e0189f4653fb6bd0,15a4891890d4d0a7262782ca51ed93a6,delivered,2017-05-30 08:48:18,2017-05-31 08:45:17,2017-06-07 12:46:13,2017-06-13 14:08:24,2017-06-22 00:00:00
42299af0a6ded1aaf44fa88f6c57dfac,dc75a87fffc1d1b008e2e1606edb0a19,delivered,2017-09-17 18:13:41,2017-09-17 18:25:08,2017-09-18 20:29:27,2017-10-02 19:43:07,2017-10-11 00:00:00
e4096fb3855821fb19ff9025c7ce4edf,a78a3b844bcdc775fcea2bc88b41f787,delivered,2017-10-28 18:31:22,2017-10-28 18:46:38,2017-10-31 16:54:36,2017-11-13 19:21:26,2017-11-27 00:00:00
0800193c2810da8b955ec8cae2b82e11,78d2344fcf124f101a40d35cf4df5c18,delivered,2018-01-25 16:32:37,2018-01-25 16:59:47,2018-01-26 15:53:20,2018-02-01 15:32:58,2018-02-22 00:00:00
9f7be9e6940b2bfd52658daa8005d265,7bde890b1798d812542ac5701b228dc4,delivered,2017-08-08 11:41:18,2017-08-08 11:55:20,2017-08-09 15:30:23,2017-08-14 18:11:59,2017-08-28 00:00:00
68b52c864211bf27622d40f286985bc8,93388432cc47c78c4b4b420e43d4a5af,delivered,2018-05-08 11:51:48,2018-05-08 12:16:43,2018-05-09 11:18:00,2018-05-16 21:52:06,2018-06-07 00:00:00
58065f9a7440bface5400a5cf953ff93,87e7b0410f911edcee1fe9bcee3a8b21,delivered,2018-07-22 16:15:17,2018-07-23 12:32:22,2018-07-25 14:35:00,2018-07-27 15:32:35,2018-08-09 00:00:00
96087ef44ca9abdbc4c372a3dd3c859f,ea810cad61bae649188759964758915b,delivered,2017-11-19 14:02:16,2017-11-19 14:15:21,2017-11-20 20:05:11,2017-11-21 19:11:35,2017-12-01 00:00:00
483e06611c77dee5a2e4b91b489eb95e,0dc954c9c93860a5d29fee62c27add39,delivered,2017-09-15 15:03:39,2017-09-15 15:15:16,2017-09-21 14:56:28,2017-10-02 18:26:03,2017-10-05 00:00:00
b09109563f9a006540433672e92f5c13,ee910160bbbdf7ba4b1dbd4dbc1db3ae,delivered,2018-04-24 09:27:39,2018-04-25 03:51:36,2018-04-25 15:09:00,2018-04-26 18:17:28,2018-05-17 00:00:00
2b02cfd07deb1e5bf28fea9334be0b9b,650ce1306fd481b41aa8860f021050a0,delivered,2017-07-14 23:01:23,2017-07-14 23:10:20,2017-07-18 12:34:05,2017-07-21 21:30:00,2017-08-03 00:00:00
acb240f46b51c9c771670344a66976b4,c8431d21b0890f5760a4c628052bd458,delivered,2017-11-26 23:22:29,2017-11-26 23:33:16,2017-11-28 17:41:25,2017-12-19 20:35:45,2017-12-20 00:00:00
d84351a9ee5a7c7b237e3a1480d252d9,aac4c01fb6c2796fc966d56e7b5a63f0,delivered,2017-03-17 18:39:46,2017-03-17 18:39:46,2017-03-28 07:34:30,2017-04-07 14:08:15,2017-04-17 00:00:00
c48a91a7cfb7c545883da4020ea3555c,450cd10445a24bc0d52c39dca54d1257,delivered,2018-07-14 13:46:20,2018-07-14 14:04:08,2018-07-17 14:12:00,2018-07-21 12:58:47,2018-08-03 00:00:00
37d7fe3b89c5111a0bbed48ed650101a,9ac79dbd56c788bdaa3fd33476b5e31e,delivered,2018-03-21 14:20:32,2018-03-21 14:35:24,2018-03-23 01:21:00,2018-03-27 14:03:03,2018-04-10 00:00:00
c855d7dabfd631a4aa54cdeefab7dc3a,c4c9264d7abbbea53865481269ac55ce,delivered,2017-11-11 21:08:41,2017-11-11 21:26:51,2017-11-16 12:49:11,2017-11-28 18:02:45,2017-12-04 00:00:00
c0a3c804bb323cc5a4f30ac1f6bd2837,f6dab93db29fd73583114f15f85cd245,delivered,2018-04-23 10:01:16,2018-04-24 17:57:12,2018-04-25 14:20:00,2018-04-27 17:46:46,2018-05-18 00:00:00
ed1d4b46f3903db668554c9c5b5a1d16,6670268d1bb3bfc53f5c2f34abf56ba3,delivered,2018-04-21 08:14:07,2018-04-24 19:01:18,2018-04-23 20:12:54,2018-04-27 12:57:20,2018-05-15 00:00:00
fd014fb42116364b9f36fd0a79a016f0,c6bc93376073354fceb3e603bcd50c79,delivered,2018-05-05 22:54:08,2018-05-05 23:10:39,2018-05-08 15:23:00,2018-05-11 19:07:35,2018-06-06 00:00:00
15b5597f4ace3db6ea01c54d433187ce,efddfbc145b918ff26003947b617fe70,delivered,2018-07-13 14:19:43,2018-07-14 14:15:10,2018-07-17 13:15:00,2018-07-24 12:36:55,2018-08-01 00:00:00
c0ac0672fbc1b9f9424dc334437a3564,a83d9778528a50b4850c15eddb39ab57,delivered,2017-11-10 08:19:22,2017-11-10 08:30:54,2017-11-10 20:28:27,2017-11-21 15:06:52,2017-12-08 00:00:00
189711984919a2bdda375153d796d096,69c095e20533ed0e7245ab4ad0282fac,delivered,2017-07-01 20:13:01,2017-07-01 20:25:11,2017-07-04 16:18:59,2017-07-17 18:30:05,2017-08-02 00:00:00
c13bcd05a0786cade9dec7974f1b5cc1,1c3c352713e2c8c11f15e6f07408751e,delivered,2018-02-25 19:06:00,2018-02-27 04:41:26,2018-02-27 17:48:57,2018-03-08 18:05:07,2018-03-16 00:00:00
7416fe84ef0fab161c4990ff538a07bc,8c6eb8cc62ec4775e56cd5a96647bad4,delivered,2018-04-08 21:15:14,2018-04-08 21:29:32,2018-04-09 18:03:19,2018-04-10 19:08:55,2018-04-20 00:00:00
e40339cd43c38724ea64647be58ae59e,7ef6e35412db5a85693dc0909481ee07,delivered,2017-10-21 20:12:40,2017-10-21 20:28:08,2017-10-23 21:36:05,2017-10-24 19:42:27,2017-11-06 00:00:00
7d9222bcb9fbdafc453620f32f6fb996,66ec897fe7dc187b52b3f654bfe0c80c,delivered,2018-07-28 15:35:20,2018-07-28 15:45:09,2018-07-30 12:17:00,2018-08-03 16:21:35,2018-08-14 00:00:00
3817a2f8b9b02eda56309cd9960453c2,37c94bc93406e224d829c62d66d25398,delivered,2017-04-07 18:39:24,2017-04-07 18:50:17,2017-04-10 10:46:59,2017-04-13 23:39:01,2017-05-03 00:00:00
d4bf1286601648f75bf89839e7991d17,991b6e88c5c983654861053d33fd7e16,delivered,2017-07-18 09:21:45,2017-07-18 09:30:19,2017-07-18 21:26:55,2017-07-29 16:08:38,2017-08-09 00:00:00
5d4f99cbe5d36d97c16689770008cfc1,1a9af959246e8b02fc642b87dd09642c,delivered,2017-07-25 11:02:16,2017-07-26 17:23:19,2017-07-27 15:46:35,2017-08-03 16:29:08,2017-08-16 00:00:00
8fd853ced43959cc63ab4c1e06c6e7b6,c6caa319858057b3f7895c4f6926c824,delivered,2018-06-29 00:09:05,2018-06-29 00:31:00,2018-06-29 17:36:00,2018-07-16 14:59:02,2018-07-18 00:00:00
7694252f454aa20f5bc63f72363c3167,5d0291752b08178d853009985c9dc803,delivered,2017-07-28 19:53:43,2017-08-02 08:33:58,2017-08-02 12:54:59,2017-08-14 20:12:25,2017-08-29 00:00:00
f77ea394864509e417418362e526ce60,73175bb66381e7cf02294f0a8c2ea137,delivered,2018-01-24 09:54:54,2018-01-24 10:16:18,2018-01-26 18:41:56,2018-01-29 21:53:02,2018-02-08 00:00:00
86e883b47142d3549c534112623c0de4,e56ffe8318ebaa8e036399ca8809f975,delivered,2017-12-10 20:15:45,2017-12-10 20:30:22,2017-12-18 18:25:26,2017-12-22 23:19:13,2018-01-16 00:00:00
e138a14b6a413d7a17ff420a130b2759,6dc2df445e3eff17ac265b74560f93cb,delivered,2018-04-18 12:22:26,2018-04-18 12:31:44,2018-04-19 23:12:54,2018-04-20 15:17:19,2018-05-07 00:00:00
94913aafe17653bab62750f84e739d1b,eabdbae819e2939ce6b3afc5533e00bc,delivered,2017-04-22 17:54:27,2017-04-22 18:05:13,2017-04-24 10:46:00,2017-05-03 18:04:05,2017-05-15 00:00:00
fc5850037cf5ed63407d1c26885ba778,29a8df8e2035d20aa4bea83d1c766e8c,delivered,2018-02-06 15:33:42,2018-02-06 16:11:48,2018-02-08 21:12:18,2018-02-09 20:07:18,2018-03-09 00:00:00
dbc1c19f8bd4df6a9271d408ce48c776,8812b65bdb19fab647a1d84368576ddb,delivered,2018-04-13 17:29:31,2018-04-13 17:52:26,2018-04-23 21:42:43,2018-04-28 00:04:12,2018-05-08 00:00:00
ce52a7a6fba6e7475592bcb989ff0487,c1193057b66b6e369eabc16df122e985,delivered,2017-09-30 20:27:43,2017-10-03 04:28:18,2017-10-04 14:17:36,2017-10-04 19:17:02,2017-10-18 00:00:00
dc75b1010fd4556e765a7a5bd7d2acb1,1779d71add5370bdb54259a813133543,delivered,2018-04-06 21:24:06,2018-04-06 21:35:15,2018-04-09 18:03:18,2018-04-12 20:25:30,2018-04-25 00:00:00
b7c3462b308e3d9d375ba7d120ee0893,c445359b5a2478c8b99696562ad4a2fd,delivered,2017-04-04 19:41:58,2017-04-04 19:50:22,2017-04-06 12:48:17,2017-04-20 08:48:03,2017-05-15 00:00:00
4de273e695a489841193c7a5bd6911cd,cbb2359424abfe3190e892223a27b650,delivered,2017-10-17 14:31:02,2017-10-17 14:49:48,2017-10-18 20:48:38,2017-10-20 21:25:22,2017-10-27 00:00:00
bdce854b86e3fe8851225cb4d17f0776,f3d5f4d7dfe0ba7806d68a521836f436,delivered,2018-05-04 18:09:14,2018-05-04 18:29:58,2018-05-07 15:15:00,2018-05-08 18:12:52,2018-05-21 00:00:00
8f0dec20d92d7f1c553d41ed603d57cf,d19c3418d4f7e139dc545de1ff45f41d,delivered,2017-08-30 09:53:59,2017-09-01 02:25:42,2017-09-04 19:52:29,2017-09-14 21:23:24,2017-10-02 00:00:00
7b04a7ac2acca6b694c8e7495f57369a,656bd85a001fda76187bae2e92027f5b,delivered,2018-04-19 13:55:42,2018-04-19 14:13:04,2018-04-19 23:34:39,2018-05-04 12:28:38,2018-05-21 00:00:00
c233a5be39263e6b4d380d2af589ff09,d32d060ed6d1eca9162c3afeb7e873f4,delivered,2018-04-05 13:58:45,2018-04-05 14:10:19,2018-04-05 23:11:47,2018-04-16 14:42:48,2018-04-24 00:00:00
a57e5933aecc63699d3d4657af21b9ad,bfcb0eccc6cbab4f67a465a8838dc542,delivered,2017-12-07 12:48:36,2017-12-08 02:54:10,2017-12-12 22:59:09,2017-12-20 18:11:31,2018-01-03 00:00:00
1dc15f1603f062d0d4b587b55dea3006,3c39516a1b33d6d890f3d1094267e54e,delivered,2017-12-09 11:17:34,2017-12-11 11:12:41,2017-12-21 15:49:41,2018-01-04 20:44:42,2018-01-18 00:00:00
fc355d449ceaea8f858ef33c4eba83fa,44abc08e78c370ebe0f4504045713574,delivered,2017-09-29 08:12:43,2017-10-03 04:07:20,2017-10-04 14:10:58,2017-11-16 12:42:52,2017-10-23 00:00:00
6eb2a690131ac9952365adf622793a1e,9e73b20ba4eb379917978219be55ac56,delivered,2018-01-29 09:00:30,2018-01-29 09:18:46,2018-02-01 21:46:10,2018-02-09 00:57:18,2018-03-06 00:00:00
36eb70069f7101d0960ad249d5228f5a,989e6a65ea8c76a7d2ec66bc72274758,delivered,2017-06-15 22:14:18,2017-06-15 22:25:14,2017-06-22 16:52:28,2017-07-07 19:03:51,2017-07-17 00:00:00
6db1acfb7eb6c31cde5a3fd0a83f8b51,d4fc2ef8f515dbc8e1889ef8319d3f11,delivered,2017-09-26 21:09:07,2017-09-28 03:34:27,2017-09-28 18:06:47,2017-10-02 16:44:03,2017-10-19 00:00:00
57bfb7a49bcdecb20d9dbb778d7d7590,6421f7c015f434812081873e3765b3af,delivered,2017-07-29 17:28:18,2017-07-29 17:35:18,2017-07-31 20:19:07,2017-08-08 21:20:10,2017-08-18 00:00:00
bbb45005fd322e2f3349b9b764a34d50,d74286e9f56b6926ec98bee130a867b6,delivered,2018-01-09 08:50:14,2018-01-09 09:08:28,2018-01-09 23:57:43,2018-01-10 20:43:13,2018-02-09 00:00:00
b7f82499548a3de02968030aa7d011f8,5bcea12287a87f4845aab1b18b0a0280,delivered,2018-05-18 22:59:34,2018-05-18 23:15:20,2018-05-22 14:43:00,2018-05-23 20:25:27,2018-06-04 00:00:00
07159640598ab46b708279254ec3be0f,907578100e52cfb751d235d0930227f7,delivered,2018-06-26 08:06:50,2018-06-26 08:18:47,2018-06-26 12:48:00,2018-06-27 13:31:45,2018-07-11 00:00:00
bb1c550483af505863fb58b7f90e5861,1d3d7b3c6b940ad81e655e4a42f3d5e0,delivered,2017-12-19 22:00:18,2017-12-19 23:11:53,2017-12-20 17:58:57,2017-12-27 18:03:43,2018-01-12 00:00:00
e2a04e95ea3fda8f64fc1edeb4e04c34,e41ca8cd2c3ae3aec718fa68a2ff49d4,delivered,2018-05-24 14:20:48,2018-05-24 15:55:22,2018-05-25 15:25:00,2018-05-29 13:56:55,2018-06-12 00:00:00
f8f71fc4d28872b4d80e802d58d73c27,a76f6411f0bcaaab45749b1d2734960a,delivered,2017-12-01 11:04:16,2017-12-01 12:31:33,2017-12-08 14:58:55,2017-12-22 18:49:09,2018-01-02 00:00:00
1a3c522fdd0e9dd7afd78e03b2858a54,7025bf2c3dca2e1d48f783533403e776,delivered,2018-05-21 17:11:25,2018-05-21 17:56:40,2018-05-23 13:47:00,2018-05-28 19:17:29,2018-06-01 00:00:00
945425732a4ff01eed5bfc09c1d5bd7f,f1e20e29a707cbf90c52db66704ebc70,delivered,2018-08-05 19:07:16,2018-08-05 19:15:20,2018-08-06 14:28:00,2018-08-10 12:58:40,2018-08-23 00:00:00
88c73414c84d0729fdfc26ad5442963e,4ff6cf227ad4c418dab2aab38d9022f4,delivered,2018-03-17 09:32:16,2018-03-17 09:49:14,2018-03-20 00:22:37,2018-05-24 22:22:27,2018-03-29 00:00:00
069872f35a2ed2d455f9b64e914dd4bd,04b980084e94db244952738c91136dd7,delivered,2018-03-03 00:44:24,2018-03-03 00:56:25,2018-03-05 18:43:29,2018-03-13 22:56:27,2018-03-27 00:00:00
cc95bee5397d2c44e076ccffd9dd766c,19f515a27e9715e1786e492cc22c53f0,delivered,2018-04-20 19:44:27,2018-04-24 19:00:44,2018-04-24 20:32:09,2018-04-25 12:24:29,2018-05-09 00:00:00
02355020fd0a40a0d56df9f6ff060413,b28f05c74142c8e7c6e07e5336fa63ae,delivered,2018-02-28 16:07:09,2018-03-02 02:15:42,2018-03-02 19:16:33,2018-04-10 14:48:49,2018-03-26 00:00:00
e147052b9ecc00bf938f9e8581944207,b00b81a9b7416a8fe6ebe883a5e5ea7a,delivered,2017-05-11 16:03:58,2017-05-15 11:33:24,2017-05-17 12:59:29,2017-05-30 05:49:41,2017-06-14 00:00:00
bf65b4dfd8ce84479e31f38c67b18312,42ba079fc0a7b2de60c95138b0162fa3,delivered,2018-08-14 16:48:55,2018-08-14 17:05:10,2018-08-17 13:53:00,2018-08-22 19:36:42,2018-08-29 00:00:00
67384817c871ae183b24f9a0a6eb9bbc,f83083fcbc51d12f8279b5713c2d4b4d,shipped,2018-01-25 12:12:37,2018-01-25 12:31:27,2018-01-26 17:49:00,,2018-03-01 00:00:00
83962168dce2d06a69a7e27082962069,fe1dcedfb68e0c82a41bfec87a55688f,delivered,2018-02-09 10:45:32,2018-02-09 11:08:41,2018-02-26 23:59:00,2018-03-09 14:17:26,2018-03-12 00:00:00
8608b68211e2b6a120ff2e767285e069,473c77cd60d911e3b6d30859b4acf7ec,delivered,2017-09-18 20:11:16,2017-09-18 20:25:12,2017-09-20 20:50:00,2017-09-28 19:19:10,2017-10-24 00:00:00
e223f6ac4712ef4fd137edd9cc2bbdd7,5a76cdc27fc4b7007275407cc5374470,delivered,2017-11-23 06:38:18,2017-11-23 06:47:28,2017-11-30 00:07:00,2017-12-08 20:09:19,2017-12-15 00:00:00
e63d9de42a90dff1cdde4dac22056ac3,ebe041d745f3b356107e0ddeedaa91f2,delivered,2018-05-04 11:54:06,2018-05-04 12:12:02,2018-05-08 14:14:00,2018-05-14 19:38:46,2018-05-24 00:00:00
ae44f114faaadcc8fdbcdda840ffee18,e3a2ecc76f9a48dedb531f45863a92b1,delivered,2018-02-02 18:01:20,2018-02-02 18:15:56,2018-02-05 22:44:52,2018-02-09 15:08:38,2018-03-02 00:00:00
465dd2ffa0a3037d69ecd75c4e987e4d,9c5e88e3fe00bcd6bd2093125838f703,delivered,2018-08-08 14:49:25,2018-08-08 15:04:58,2018-08-09 14:47:00,2018-08-16 13:22:46,2018-08-31 00:00:00
29c8471e22b812817dc9d933a3690694,ca9b20feece217c22f11384c2a78f78d,delivered,2018-01-03 22:00:03,2018-01-03 22:11:36,2018-01-04 23:15:26,2018-01-11 21:52:15,2018-02-07 00:00:00
c6f6d0d2fcec284a2c01d8913a86ed33,bf000009c73436a90b2e3d4e90c968fd,delivered,2018-01-14 07:49:53,2018-01-14 07:59:26,2018-01-15 17:52:03,2018-01-22 21:47:27,2018-02-19 00:00:00
cdd55639e282b90007cac9a8ea6a7798,6065fad852344e668bc2352e47d3db07,delivered,2017-10-20 16:53:16,2017-10-20 17:14:09,2017-10-20 22:32:49,2017-10-26 19:18:11,2017-11-01 00:00:00
60aed0a4eba0e424eb3cac85017fd752,c596bc25904f9043dae514f6a26c89d3,delivered,2018-06-18 13:07:05,2018-06-18 13:39:36,2018-06-19 14:30:00,2018-06-22 23:08:29,2018-07-19 00:00:00
3999a126b43090c600e16c9044722e1c,038718a29c41e770aaeff44f49232eab,delivered,2018-02-16 15:04:38,2018-02-17 15:06:35,2018-02-21 20:03:40,2018-02-23 13:37:02,2018-03-05 00:00:00
5c4e6dc9331f62136e1d51c2af608af9,8635815549630cbffea696e18a9f8d6a,delivered,2018-08-15 16:11:47,2018-08-15 16:24:00,2018-08-16 12:58:00,2018-08-24 13:29:43,2018-09-24 00:00:00
489f4aa5c9356b6e5b7882bd7a6d6379,48714233f2b7355320ec3bbdfda8264f,delivered,2017-05-27 21:17:02,2017-05-27 21:30:15,2017-05-30 14:24:17,2017-06-01 13:10:05,2017-06-22 00:00:00
1e93085d89b5c7f620b569c05e89d904,dade53d3190192887535ca1264cd90c5,delivered,2018-01-15 19:57:54,2018-01-15 20:10:17,2018-01-16 21:34:53,2018-01-25 16:48:49,2018-02-08 00:00:00
ec4c612592a61abdf6ef3d26a135ab28,29855e598b8e32b458fbfe4ff8f67dff,delivered,2018-02-20 16:56:59,2018-02-20 17:10:27,2018-02-22 10:47:09,2018-03-02 22:33:35,2018-03-12 00:00:00
650e96bb8f069e30f346534aa42860a7,020fff139f1af3a6dff28456f386fe2d,delivered,2018-08-10 16:55:53,2018-08-10 17:05:17,2018-08-13 15:17:00,2018-08-14 17:26:42,2018-08-16 00:00:00
9c00e21690ded199ff76a235193af3ec,877888965c706598eccba35bf3f11662,delivered,2017-06-12 16:35:49,2017-06-12 16:55:24,2017-06-16 12:49:27,2017-06-23 12:35:58,2017-07-07 00:00:00
81db4954527dbb6dbda29235cf4bf043,9ac96931f198ab99179b224796559427,delivered,2018-01-03 23:39:24,2018-01-04 23:32:19,2018-01-05 22:58:09,2018-01-19 17:46:38,2018-02-02 00:00:00
0a558295652f98bafe12e259c4d3fa26,4748b3055f838bb2685924aae49b1aac,delivered,2018-03-06 16:06:20,2018-03-07 16:10:52,2018-03-09 12:18:25,2018-03-20 21:26:59,2018-03-22 00:00:00
2c7e5cbdab3bc1cc70b61425a7648ff1,0c97e8cae92b456d9477d51b046cb813,delivered,2017-12-15 14:53:00,2017-12-15 15:12:43,2017-12-19 16:48:33,2018-01-03 16:32:18,2018-01-12 00:00:00
5b19e6d8d588e5f729477c3df4552051,5252326c6b990fdcde424e82efe2a7ca,delivered,2017-04-10 21:26:22,2017-04-11 03:55:29,2017-04-11 15:00:07,2017-04-20 12:36:55,2017-05-11 00:00:00
1e5063a13feccd482c1d71d5148a8a8d,edbdebdfd7bb25917c54cc105e4686a9,delivered,2018-01-20 14:54:05,2018-01-20 15:21:34,2018-01-25 18:51:37,2018-03-02 21:21:56,2018-02-21 00:00:00
25d411068cdabc418a1c4c90020d4426,4826a87e5af2eb5fbfc74ec5a966f66f,delivered,2018-04-13 11:57:01,2018-04-14 02:30:40,2018-04-16 20:22:11,2018-04-20 11:34:34,2018-05-08 00:00:00
17be7ed9263bf0ea1f2e8ad91f699dac,32cd44465ecbb61fa74d4b3ef350efbd,delivered,2018-08-06 22:35:23,2018-08-06 22:45:16,2018-08-10 08:51:00,2018-08-20 18:59:00,2018-08-31 00:00:00
3862ca36e4adb4dc6380e0b7819c752b,ad1cbc8c0b2b1bcd16739bf4f609fe1b,delivered,2017-09-19 18:11:48,2017-09-19 18:26:21,2017-09-22 17:04:54,2017-10-03 17:11:53,2017-10-13 00:00:00
833124c58a852f0accaa7c09219e2967,7d7c7132b37ed525b93bf574f9948d69,delivered,2018-03-04 12:04:09,2018-03-04 13:21:40,2018-03-05 19:53:14,2018-03-16 15:42:06,2018-03-29 00:00:00
5ad85d28c59b651cb87335659a49f1cf,787cfff80aa3a2af863ff92e442ed041,delivered,2018-03-25 13:37:45,2018-03-26 13:35:33,2018-03-27 13:36:38,2018-04-09 19:34:25,2018-04-24 00:00:00
311033a32a090c758aced7844f53d0b3,5f3221403110323a072c5eaa148080f3,delivered,2018-01-16 09:55:52,2018-01-16 10:10:56,2018-01-16 22:17:35,2018-01-29 20:13:16,2018-02-20 00:00:00
7960d74e96a2fc6a608c4bb2d622f456,16e60282203c560325df62d5c0b435b5,delivered,2018-07-20 16:14:47,2018-07-20 16:25:22,2018-07-23 12:25:00,2018-07-24 17:36:29,2018-08-01 00:00:00
542ed9dd96bd38be14a8dfa8abc13065,f0e28113cd4ad5a6e901d09c7d1b5df4,delivered,2018-07-18 10:33:46,2018-07-19 02:50:23,2018-07-19 12:15:00,2018-07-23 18:51:50,2018-08-01 00:00:00
aeb970f75d1a1aa41b4fd895c60fcdeb,23b8d8f0b764cd3b1b8791a64cf2e79c,delivered,2017-03-22 19:47:12,2017-03-22 19:47:12,2017-03-29 13:23:15,2017-04-05 17:27:55,2017-04-18 00:00:00
47272de616a0636ec03ec5bfb56a86aa,cc989f18e4bef56cdfb6157afb5f792e,delivered,2018-02-15 19:58:08,2018-02-17 03:35:47,2018-02-19 21:22:58,2018-03-14 16:39:59,2018-03-20 00:00:00
60370e827435d6cab7062f5852f15d80,348ef1537e9e0c1e2c783d7132570c8e,delivered,2017-12-05 17:14:52,2017-12-05 17:33:55,2017-12-08 23:58:37,2017-12-11 17:18:59,2017-12-21 00:00:00
8c22d7e0d7c5b5642258a6da3a5458c5,a351443c0558c6661ad5bf0ced4e848d,delivered,2017-03-01 11:31:23,2017-03-01 11:42:26,2017-03-06 17:11:39,2017-03-09 13:05:57,2017-03-22 00:00:00
e6fd05b126cb5c89f360d14068a14e78,f2ed9261ec0fab7ba0245fadee48d2d0,delivered,2017-03-12 22:32:20,2017-03-12 22:32:20,2017-03-15 16:01:03,2017-03-20 16:12:15,2017-04-04 00:00:00
5708ae647d7017fafc39273981150d84,febcf121404f8430f271a004c6d7b29c,delivered,2018-01-28 00:47:12,2018-01-29 00:49:02,2018-01-29 16:26:04,2018-02-05 13:02:47,2018-03-06 00:00:00
e96343d353d85658fdfef8ba65b57ea9,6e4b305e5412b2204719639379f38b35,delivered,2017-06-02 14:34:31,2017-06-02 14:45:16,2017-06-09 18:26:38,2017-06-28 10:36:47,2017-07-05 00:00:00
314309621e99dff004e43be09afbbb3c,33f79984eed79b3bf692c17db97c4334,delivered,2017-12-19 10:04:27,2017-12-19 10:12:21,2017-12-20 23:12:45,2017-12-28 17:47:21,2018-01-16 00:00:00
d1c064261a09ddbda89abe658558d56f,76060eb33e403961469c1b4b81181f3c,delivered,2018-06-26 10:22:59,2018-06-26 10:35:21,2018-07-03 06:27:00,2018-07-09 19:38:34,2018-07-25 00:00:00
cbdabf28d94ad320e51b6a0a839003c4,29dc6045f9acedc61817755d41b1eab2,delivered,2017-11-24 16:52:31,2017-11-24 20:38:35,2017-11-28 20:26:57,2017-12-06 23:35:44,2017-12-14 00:00:00
68ba2f5321a125f8524a6e7b2fcbfd94,51d16c21b35029b39397b510e5021487,delivered,2017-06-27 17:01:45,2017-06-27 17:15:31,2017-07-03 14:37:48,2017-07-07 19:43:27,2017-07-28 00:00:00
50ff05d6d0da8a197889efe41244b0ee,2dd2a6cc4abcac6d1d49a34171bcfbdc,delivered,2017-10-24 22:29:51,2017-10-26 02:57:28,2017-10-27 15:14:01,2017-11-06 19:21:21,2017-11-14 00:00:00
11dd4e8d5273dee8fbe9260bd8e0e5fe,14cc76078935118a32fb1f6c01c55488,delivered,2017-06-01 12:30:35,2017-06-02 04:32:23,2017-06-08 16:58:16,2017-06-19 18:53:48,2017-07-04 00:00:00
bbb4d4b4c440b97b67239affd65878f5,024679569f0c2c3aac239e0d2ab50b7b,delivered,2018-05-17 10:36:48,2018-05-17 17:45:00,2018-05-18 14:03:00,2018-05-22 19:04:28,2018-05-29 00:00:00
8b6ed0131b6379b73b0dc313d55eb377,5f14698630f1ed4e0ba7070de560d8ab,delivered,2018-07-28 21:05:44,2018-07-31 04:05:34,2018-07-31 14:07:00,2018-08-06 18:33:48,2018-08-14 00:00:00
9ebfe4f8443f801cf3685442b0d26e6b,eafceab51b7f2121c2ce2f94e0152d3b,delivered,2018-01-03 16:56:47,2018-01-03 17:07:59,2018-01-05 18:09:51,2018-01-15 18:49:32,2018-02-07 00:00:00
13b81a1e19dd22ce11a49e06b77a2b28,529d7b05ef37cabe2210c85097858b14,delivered,2017-05-02 09:53:39,2017-05-02 10:02:31,2017-05-04 11:52:53,2017-05-08 15:38:55,2017-05-25 00:00:00
90fe9b961eeb1a29da7dd853622d187b,7ae557da267b224689563199c18b8750,delivered,2017-02-26 22:47:23,2017-02-26 22:55:10,2017-03-03 07:45:49,2017-03-10 07:46:08,2017-03-20 00:00:00
6ed990b44c245abc401519dfc68b4af7,d4d03fd95aa1755db8fda2fef2bd6f83,delivered,2018-03-28 11:08:14,2018-03-28 11:28:06,2018-03-29 23:12:28,2018-04-02 22:36:52,2018-04-10 00:00:00
5f2ef01a80318d172da98271698fb682,ab078ca665a1e44577255d0501b0dca7,delivered,2017-11-18 16:41:52,2017-11-21 04:10:21,2017-11-22 20:14:39,2017-12-01 16:42:51,2017-12-18 00:00:00
1f484f0337419fecf42ab5861ff70ceb,734ce03875efaf7de6dbe878382fcfd0,delivered,2017-10-17 19:08:50,2017-10-18 06:49:17,2017-10-18 20:40:01,2017-11-10 23:04:35,2017-11-16 00:00:00
37f699e1c2746962c33774a34872fad7,5ce19e6c79a4a3d9de36c5cccf0eea3a,delivered,2018-04-24 10:22:06,2018-04-25 08:51:58,2018-05-02 11:19:00,2018-05-11 02:38:12,2018-05-22 00:00:00
ba89a3d7d01c8a2a0bbdb514a851e9f1,7cf9c49c88da7a1deb790fb3d2848c0b,delivered,2017-07-24 13:40:56,2017-07-25 06:43:03,2017-07-26 18:09:46,2017-08-10 14:52:31,2017-08-15 00:00:00
161dba2d39ca4ba1fd1a5f8024de7da4,a45fdf15523abcc42ac5a7793b940938,delivered,2017-04-01 23:33:23,2017-04-01 23:45:07,2017-04-06 12:58:09,2017-04-12 16:24:53,2017-04-26 00:00:00
935560928e5f091092de5aecfbf28876,03fa8e275f7ffe9b81f18e30c42fa7a6,delivered,2018-05-01 21:25:44,2018-05-01 21:51:37,2018-05-03 13:56:00,2018-05-16 13:48:26,2018-05-29 00:00:00
686fb1c21e29924074b592b5c2ebf96b,ed8dd21e56b9e94f098b5284475a33fd,delivered,2018-04-23 22:01:58,2018-04-24 21:55:14,2018-04-27 11:52:00,2018-05-17 16:58:41,2018-05-15 00:00:00
9325fb51e9f962575496da599b4500fe,bf753ecc8c9b53e99d0c6c655a0271ef,delivered,2017-09-16 20:23:59,2017-09-17 20:24:04,2017-09-18 13:51:40,2017-10-03 16:48:59,2017-10-10 00:00:00
762955db358210db24103ff9ce1ddda7,a0f1806a93811e5dd87821e891b3024c,delivered,2018-02-21 15:15:10,2018-02-21 15:30:24,2018-02-22 22:12:27,2018-03-22 22:40:59,2018-03-19 00:00:00
627d0a64da1bf5e9b75efb519c4d4c4d,873aa5da96b7300ef0a4019f8807522a,delivered,2018-01-24 15:51:25,2018-01-25 15:56:24,2018-01-26 22:19:12,2018-01-29 19:32:24,2018-02-08 00:00:00
4152a677b7acfa7fdab8dc8e1dd436eb,f9186c4eba8c803ac493a2ea4a189fc7,delivered,2017-01-24 19:39:42,2017-01-24 19:50:17,2017-01-25 10:47:31,2017-02-02 08:39:06,2017-03-03 00:00:00
635c8d3ab47b7448b5d6c81dc9b7526e,d7b2339f118be9c6d98389f6d0c370d4,delivered,2018-06-07 22:36:29,2018-06-09 02:57:41,2018-06-14 13:59:00,2018-06-18 18:33:50,2018-06-26 00:00:00
0902d364e14a1dc0b156a550d070cbb6,a7b8f9ee5992584fcb84251ee5671f6f,delivered,2018-03-19 22:57:09,2018-03-19 23:10:23,2018-03-21 19:55:45,2018-04-04 18:38:32,2018-04-17 00:00:00
ce85845ca7d1014cbae2bddabe1d468c,430b71cd7a955a7232bea5a2911b8271,delivered,2018-01-20 22:25:35,2018-01-20 22:41:12,2018-01-22 20:12:51,2018-01-31 00:16:49,2018-03-19 00:00:00
fae3b1a8d40ef353a1dbc1846bd5cbc2,ea330ac50b0b7ea91f599e2626d90300,delivered,2017-03-28 18:17:18,2017-03-28 18:30:13,2017-03-30 09:58:09,2017-04-04 16:24:37,2017-04-19 00:00:00
ccc0965b6e9996d22fca63fe790a3c30,4c594e94dfd6acf3602a38e5998b5378,delivered,2018-05-10 20:04:34,2018-05-10 20:17:42,2018-05-12 08:18:00,2018-05-25 19:05:09,2018-06-04 00:00:00
70bc63a4b15c36daba5d68676c6eb65d,919279990314ce9290fe3fd3bca96ee8,delivered,2017-11-24 19:29:35,2017-11-28 03:39:02,2017-11-30 18:58:00,2017-12-13 13:42:53,2017-12-21 00:00:00
7b95d76914bb5cec919366223c2f3190,6d00cd7a9751462820dddbed135e3375,delivered,2017-05-11 16:27:13,2017-05-11 16:43:27,2017-05-18 07:25:37,2017-05-25 08:57:48,2017-06-13 00:00:00
bbc914b2842d3c32f438b913b31f0ff8,933781c2fe801634beb7c62734cd40d9,delivered,2018-02-27 21:37:36,2018-02-27 22:08:20,2018-03-23 20:38:48,2018-04-04 22:42:24,2018-03-26 00:00:00
3ac29c0eeeb73047c1eaf402ee857939,5b0a38ce9fd2cb2076feaffc61018bb6,delivered,2017-05-17 20:30:54,2017-05-17 20:42:25,2017-05-24 16:08:42,2017-06-05 14:28:10,2017-06-14 00:00:00
43671c3e31b4bf4bf44ff94a4b6e6db5,b9eda58724d0b0c95a21c14bc9a817ee,delivered,2018-02-20 20:51:22,2018-02-20 21:27:43,2018-02-21 21:22:14,2018-03-06 17:27:00,2018-03-13 00:00:00
1eab1ffa9531378ef38084bc19f595c6,e6bef37b9fafe1f72e911f102bbca3f4,delivered,2017-12-19 11:04:24,2017-12-19 11:14:24,2017-12-20 21:22:13,2018-01-08 15:19:24,2018-01-12 00:00:00
bcb093f60b7e48f285bf92f681e65651,fc65613a333059225d516c273fbff1c0,delivered,2017-01-19 13:06:45,2017-01-21 03:10:24,2017-01-23 21:44:04,2017-01-26 13:33:59,2017-02-15 00:00:00
8046235d64b3479dfce835281a85c0d6,9aeead5285b1635b4c0a55a8496e998d,delivered,2018-03-03 21:20:20,2018-03-03 21:35:29,2018-03-06 18:26:40,2018-03-12 21:22:46,2018-04-03 00:00:00
15001804f74060f67b97719c69f2fe6e,9205f96959d0899cf127815c70b9abc7,delivered,2018-04-04 14:44:31,2018-04-04 14:55:24,2018-04-05 17:57:32,2018-04-07 00:26:46,2018-04-26 00:00:00
23cb56e66a2abb69511896a6aef2aa67,49b712be39af04ef4a73cdcb83cf3ac8,delivered,2018-02-06 23:56:13,2018-02-07 00:10:39,2018-02-08 19:59:25,2018-02-21 11:44:55,2018-03-13 00:00:00
aa390c2a8b1889cbd84765ef2268fbcc,77ebc669c95a4faf1c6b941b1e46e475,delivered,2018-07-19 22:40:35,2018-07-19 22:50:12,2018-07-20 14:04:00,2018-07-31 18:56:34,2018-08-17 00:00:00
fe0b24305fde3889fdd0d23abaa7e52a,540fd94d138edcc2e81b4822c8d8f068,delivered,2017-04-09 05:33:03,2017-04-09 05:41:55,2017-04-13 10:03:59,2017-04-27 14:51:44,2017-05-22 00:00:00
c2453c426084d540cbe9433887844fd8,07105ab4f77bd53b0128579b64df5cc2,delivered,2018-01-08 11:39:05,2018-01-08 11:49:05,2018-01-10 17:40:13,2018-01-13 14:43:01,2018-02-06 00:00:00
9dad14cb70926812afb5ca62be79f298,53f46f4de675eddf5155ed374fd47b14,delivered,2017-05-12 18:47:42,2017-05-12 19:02:53,2017-05-15 14:30:14,2017-05-17 00:04:59,2017-05-22 00:00:00
35d89cb00c04825ece90d7a205c0347f,11e50198c769f7badb6655afa56724a6,delivered,2017-11-27 17:14:33,2017-11-27 17:30:11,2017-11-30 16:41:41,2018-01-05 20:04:17,2017-12-26 00:00:00
508ef7d543f489f3a281d9b0157edce9,670e01f4e598fb1ce6e208a2dd0b6a81,delivered,2018-06-24 18:23:34,2018-06-24 18:39:44,2018-06-25 13:47:00,2018-07-09 16:58:33,2018-07-23 00:00:00
445cd794c7ff61866803ea314dabe645,694edc807e805eca279af219e9fb4086,delivered,2018-07-16 15:38:52,2018-07-16 15:50:53,2018-07-17 13:38:00,2018-07-24 15:07:54,2018-07-30 00:00:00
6cc8ea41e721d4a32913da4bb2179069,9ade91248eb4d71d634c09e4650d36d0,delivered,2018-08-20 18:44:49,2018-08-20 19:09:55,2018-08-22 14:43:00,2018-08-24 15:37:34,2018-08-30 00:00:00
9210972190e4cf80bcfda96b9c4112d2,a7c6d471aaa5d069a79158daaf254b65,delivered,2018-03-26 14:45:58,2018-03-27 13:30:12,2018-03-29 17:03:55,2018-04-17 19:08:48,2018-05-08 00:00:00
3284a74080329a1d90714bf77280db30,ed6759db821e3f3dfe3a15f3f516ca84,delivered,2018-02-26 14:29:30,2018-02-28 09:29:28,2018-02-28 22:08:12,2018-03-08 20:31:24,2018-03-28 00:00:00
89fa4e94189a9acfa88b8d22f4513035,cf7f629389df05c279179f3e158d506c,delivered,2018-03-02 12:19:51,2018-03-02 12:30:53,2018-03-02 21:58:32,2018-03-05 20:54:59,2018-03-14 00:00:00
b5201a0b6f9977a55b5e41b5af2817be,d602a337672652d844343a4d67687be4,delivered,2018-01-21 20:51:59,2018-01-23 03:38:31,2018-01-23 20:42:59,2018-01-24 18:26:15,2018-02-06 00:00:00
29449197055445f2fc9d9f08777b676d,8d5835c2acf4c6a7e16dc7f1ae375229,delivered,2018-01-20 07:56:02,2018-01-20 09:15:52,2018-01-24 20:55:39,2018-02-06 13:08:55,2018-02-15 00:00:00
141d7ee98d9a50269f84d9a3c5330cba,db7432cb997db7083db6aaea715d3433,delivered,2018-08-28 18:58:13,2018-08-28 19:10:17,2018-08-29 16:31:00,2018-08-30 21:26:27,2018-08-31 00:00:00
d6f83d3377bbf1697831ea355301fb87,f3e73ca7cd85db9bb9be47fc88d38bc8,delivered,2017-01-23 18:56:45,2017-01-23 19:10:11,2017-01-25 15:35:11,2017-02-14 07:03:23,2017-03-02 00:00:00
008f831b7185cff7ab35a46c37d64cd2,e19a18812eb4e4fadf5db16932c2595b,delivered,2018-06-30 11:39:38,2018-06-30 11:50:14,2018-07-03 07:25:00,2018-07-07 12:21:32,2018-07-25 00:00:00
8b764472a3c75a91699bf9a06df43031,5fc394627a79be1e2bee7293d09ebe59,delivered,2018-03-22 13:41:42,2018-03-22 14:48:42,2018-03-23 03:42:02,2018-04-03 13:23:07,2018-04-23 00:00:00
c030f7ca1f3c2efd8ebcfa44d922c8ff,0c5e2526f505308526e91651e4ea4d5c,delivered,2018-03-14 14:40:42,2018-03-14 15:20:29,2018-03-15 22:39:27,2018-03-23 12:18:41,2018-04-02 00:00:00
c9e32538a07ba70090d3943f2fad8d3e,8fedf7fcd872249e0a37000da08e8070,delivered,2018-06-12 13:48:28,2018-06-13 14:31:27,2018-06-13 15:55:00,2018-06-15 21:12:47,2018-06-21 00:00:00
66c92878ff24df297127ec1838a99b14,3db4c0fe8caa4be97b54adcefe8ad391,delivered,2018-05-12 13:52:05,2018-05-12 14:11:58,2018-05-15 12:10:00,2018-05-23 19:36:47,2018-06-08 00:00:00
ec902ac3921edfeace159efd4f973840,d0c3324f488ecab081d2b40e9cc7ff52,delivered,2017-10-13 16:10:18,2017-10-13 16:30:46,2017-10-19 21:45:46,2017-10-26 17:45:31,2017-11-03 00:00:00
f07d68bd43db49d20192ee3036b2cf01,fae3f8be2e875eb58705a85d2d810b50,delivered,2018-05-05 11:54:12,2018-05-05 12:13:28,2018-05-10 14:26:00,2018-05-22 19:22:24,2018-06-04 00:00:00
c5931c69b3085bba2cdb9c348ec86719,af9d76931724cedc3b32de0c5aabcc8a,delivered,2017-05-21 15:46:48,2017-05-22 15:55:22,2017-05-23 08:50:16,2017-05-29 11:42:19,2017-06-13 00:00:00
866ec84f10b8bb9f0cbc1f4ef5ae69dc,85cb38e7ce275772f8902a8d128f9e8e,delivered,2017-09-29 14:10:13,2017-09-29 14:44:29,2017-10-03 20:28:23,2017-10-17 21:03:39,2017-10-31 00:00:00
bf17a7202282460d2e5bdb15bfc64373,aa1f108848b9e00411aa32c1161484d8,delivered,2018-08-06 13:46:43,2018-08-07 04:05:14,2018-08-08 15:01:00,2018-08-13 18:26:35,2018-08-17 00:00:00
47ef13fca91bfb3e48014e107c728081,60354a6f7e4f95878f29a4732d5944b2,delivered,2018-08-14 08:27:55,2018-08-14 08:44:12,2018-08-15 10:42:00,2018-08-16 16:34:41,2018-08-17 00:00:00
bc7deb68dcaf77b2dc7e9e90e5b9a6a4,f3f40ba7c9092d8f04cdd6548a61f7c7,delivered,2018-05-06 15:08:03,2018-05-06 15:15:23,2018-05-07 15:03:00,2018-05-18 23:09:35,2018-06-05 00:00:00
b7089edea86b66215b60ecb4c1c6b116,53bcad3e9f672313d27548b70d93371a,delivered,2017-12-27 10:43:45,2017-12-27 10:52:31,2017-12-28 19:28:56,2018-01-04 18:23:45,2018-01-26 00:00:00
9993e9c87a491b66f16f75f61d99fb61,b0fecb21589d0fa068b1d753aa8f024f,delivered,2017-08-16 17:02:10,2017-08-17 17:30:21,2017-08-18 21:08:37,2017-08-26 13:06:55,2017-09-08 00:00:00
ad458fa56412b48d51846cda26a85b2b,010c697e9133c540d8acf1535533f7db,delivered,2017-05-24 16:55:59,2017-05-24 17:05:25,2017-05-26 12:39:14,2017-06-05 17:52:52,2017-06-26 00:00:00
fcc6a4fcf6e0cc5de15fefccafb07ed7,9820c89554ca090925273be4b3cdc9eb,delivered,2018-05-11 00:21:06,2018-05-11 00:35:21,2018-06-08 13:40:00,2018-06-14 19:28:40,2018-06-06 00:00:00
d17cbd88da86748917f52864d1be98d0,bf3a896f3dd013f63ca58bb72b813fc5,unavailable,2018-02-20 19:08:46,2018-02-20 19:28:37,,,2018-03-15 00:00:00
a0b7e79b8a0c48aa2f4112b356be6e01,a2bf84b5e73519375966d99f41a53166,delivered,2018-03-15 13:30:19,2018-03-17 02:55:25,2018-03-20 03:21:29,2018-03-27 21:17:44,2018-04-10 00:00:00
e2ea01f68f92f0c55b08ca739af834b6,258c52543b8045fe23644c47a645c9fb,delivered,2016-10-08 10:55:44,2016-10-11 05:02:59,2016-10-25 11:33:52,2016-10-27 10:58:35,2017-01-11 00:00:00
524e3b2972addb1ab5b352d85333407f,473fa9a9c0acd10f52a4df4c52adc881,delivered,2017-11-24 21:43:48,2017-11-25 00:52:14,2017-11-28 19:03:50,2017-11-29 22:56:46,2017-12-08 00:00:00
7a5ff6680378afabf6b6a1e75bff8b8c,2f3524f7d4156e3c4b08227bcc982d66,delivered,2017-10-18 10:56:27,2017-10-18 11:07:45,2017-10-18 16:39:15,2017-10-19 16:51:55,2017-10-30 00:00:00
8ba172a5cefe32a643579fe4c0a5ceee,444d8edf88cb47c875c15356930c5e1c,delivered,2017-08-31 17:20:46,2017-09-02 03:04:15,2017-09-05 17:58:16,2017-09-06 15:57:50,2017-09-13 00:00:00
abb71252913999175f6eee9cc4ea672a,1ed276c1784fa46d7834f7d86c3ed78f,delivered,2018-07-30 07:41:42,2018-07-30 07:55:11,2018-07-30 13:48:00,2018-08-14 21:04:26,2018-08-22 00:00:00
fdede0753b9a5863a834fee26b9fd73c,2989ce8ae64417334433bc6188dc8427,delivered,2017-12-30 09:41:20,2018-01-03 04:32:30,2018-01-10 10:46:23,2018-01-29 17:08:51,2018-02-02 00:00:00
64a34c8ee5041e4d48d904db6dade006,3cf4a26ded6ca887cdf90556c5f8de9d,delivered,2017-07-06 09:52:53,2017-07-07 02:51:12,2017-07-11 17:17:32,2017-07-17 20:24:54,2017-07-28 00:00:00
a6ddd2889891733e0af306332c71a3b8,ad4bd45f6fff9e63bc8447af2af95544,invoiced,2018-02-14 13:38:46,2018-02-14 13:50:32,,,2018-03-16 00:00:00
853f6531ac67b7e58f3f8104ef85bd66,6dd2c6f73170b8f3b10e4720e6b54032,delivered,2018-01-02 18:08:35,2018-01-04 05:19:13,2018-01-05 15:57:51,2018-01-23 12:52:41,2018-02-02 00:00:00
4c4a931a93ef9f28f4746db1e2e0e753,b288aefecb0f8fee71e37fca66d83a4c,delivered,2018-07-05 01:16:37,2018-07-05 17:35:16,2018-07-06 09:43:00,2018-07-13 18:46:26,2018-08-01 00:00:00
bf2965e4058cb6bfdeb4b81435f90829,880242566cb2746117ac9e0995cd637b,delivered,2018-01-09 18:25:03,2018-01-10 10:32:23,2018-01-13 01:05:40,2018-01-16 20:13:03,2018-01-23 00:00:00
41edd5d27833b73b29761df99f146624,fe93936e114cd096f6fe9b875e9e56e5,delivered,2018-02-05 10:43:50,2018-02-06 03:50:58,2018-02-06 23:57:46,2018-02-27 22:47:05,2018-03-07 00:00:00
5e5d6b5f5e7801991be4d2299bfa37eb,730f18d38dcf34a19e4897e18b24f095,delivered,2017-05-28 12:52:47,2017-05-28 13:05:08,2017-05-29 09:39:58,2017-06-26 17:23:53,2017-06-29 00:00:00
0aaf8268ec2a56cb1befff78bd5cc190,0ad73a033a18bf40507b6a86e483b303,delivered,2017-10-02 12:32:44,2017-10-02 12:49:15,2017-10-04 09:16:13,2017-10-06 20:55:57,2017-10-24 00:00:00
73563e5cad2305f7972626384efdd8a1,874ae74954bc8564ba82f82ca77a4526,delivered,2018-06-07 22:21:19,2018-06-08 22:18:51,2018-06-11 14:16:00,2018-06-15 20:08:50,2018-07-12 00:00:00
f14cabd169ba0d0ecb7433e55c72aca2,8ef7c689216e12ab959d9003a6c4b3b9,delivered,2018-06-01 14:22:02,2018-06-01 14:35:15,2018-06-04 15:15:00,2018-07-05 17:33:01,2018-07-18 00:00:00
e4d760499e9cf7d9e555ac7206aa45bc,bbc2628991d194b57c8166721570a3c7,delivered,2018-03-11 09:49:23,2018-03-11 10:40:25,2018-03-13 16:58:36,2018-03-15 19:02:59,2018-03-22 00:00:00
832079e71d5ee058d10e1ee1abe0e0f9,41397863e4d52c8b25203f276d95cce4,delivered,2017-08-04 14:27:42,2017-08-04 14:43:24,2017-08-12 16:48:02,2017-08-17 16:22:00,2017-08-29 00:00:00
db636ab6ce613a2d9be8a77fb2f6c47a,24b4d0c68000a9d238dbda53980081f0,delivered,2017-07-24 19:36:33,2017-07-24 19:50:24,2017-07-26 17:13:36,2017-08-03 22:12:05,2017-08-29 00:00:00
3d5f8849e80f8da8726a2ce6fafa7d10,aa3df59d99c2b0bd34ee55c59e5ad387,delivered,2017-11-30 20:24:07,2017-12-02 02:51:23,2017-12-06 11:51:52,2017-12-21 00:43:33,2018-01-03 00:00:00
2c4d1806b435310226780e966c46b985,568b83eeb64ba07933eea074009ee7b1,delivered,2018-05-05 02:17:50,2018-05-08 04:16:06,2018-05-08 13:08:00,2018-05-10 16:52:35,2018-05-22 00:00:00
2ea2e9d43eeeec020af7c136c91858cc,46763c2a0cd789f76306c49835ed260d,delivered,2017-03-13 21:59:50,2017-03-13 21:59:50,2017-03-15 15:10:42,2017-03-21 08:43:42,2017-03-30 00:00:00
ab3705f0d480eb14371c9b4fc007f339,9c254076a9b89c8831a8cd6b20013d42,delivered,2018-04-20 20:20:42,2018-04-25 03:30:55,2018-04-26 12:52:00,2018-05-08 17:59:07,2018-05-18 00:00:00
40e66087ad7bd8e05f8f52a99bdb50d0,70c5df327b31188d6f5bebcb28da38d3,delivered,2017-12-09 22:39:58,2017-12-09 22:50:33,2017-12-12 21:21:54,2017-12-27 16:26:42,2018-01-12 00:00:00
a5dcc015b748b353c2ddfb0939d36c58,289fd418dcc325a3820763155a982c51,delivered,2017-11-05 22:08:34,2017-11-07 05:32:00,2017-11-07 21:56:49,2017-11-14 01:38:34,2017-11-27 00:00:00
cf9b4a50fa5f421075dbe48dc3a1e30f,2481f2274a2e24e642d601abce57618d,delivered,2017-11-24 13:07:27,2017-11-24 15:15:00,2017-11-29 20:22:07,2017-12-07 18:04:43,2017-12-26 00:00:00
84225c358d07c8f17a45d20e4e126e73,7ba19d24f792ab4179cc00e4c1ff2ff4,delivered,2017-05-31 22:39:38,2017-05-31 22:50:17,2017-06-07 15:28:02,2017-06-10 06:15:56,2017-06-21 00:00:00
3e075f63ef4d9f5913423c2ff5a22d67,e57ac226cb5bc1415cd2a03e81807da0,delivered,2017-11-28 13:12:43,2017-11-30 02:24:10,2017-11-30 22:16:10,2017-12-05 19:22:36,2017-12-18 00:00:00
24bf227d444a1df7957f78e6f03bc5b6,25c12681274a662fb98ea0eeef8405c2,delivered,2018-07-23 12:27:09,2018-07-23 15:32:00,2018-07-30 14:17:00,2018-08-09 00:22:36,2018-08-22 00:00:00
ea122906c8fc6d0da422b4491274099f,5a7a70f2dea7cd6d8ac604a3092d9895,delivered,2017-11-20 10:59:08,2017-11-21 04:06:21,2017-11-22 18:11:32,2017-12-05 00:44:36,2017-12-07 00:00:00
3e902e82bfbe40d0e2299bdbbf8af8ca,1e5317cd1def009c1067326813a9a727,delivered,2017-03-17 20:32:49,2017-03-17 20:32:49,2017-03-28 11:56:49,2017-04-10 16:59:00,2017-04-13 00:00:00
3837859eff41b5dbbd1dfad5a066d0ae,20602f40eb31f207bdcc555839e65193,delivered,2018-04-08 09:58:22,2018-04-08 10:10:11,2018-04-09 21:41:43,2018-04-18 13:21:46,2018-04-30 00:00:00
d22be2a4da2ca6e4cf8f164d63f5be02,d127a44d04cb62dc42601454eba26be4,delivered,2018-02-27 21:25:02,2018-02-27 21:35:33,2018-02-28 22:19:10,2018-03-16 21:38:35,2018-04-02 00:00:00
5cf83f6f51a8b5c52504a09006a69eb0,8101bf533d228dfb0d83efbbcf75df7d,delivered,2017-12-27 19:52:09,2017-12-28 13:18:18,2018-01-03 20:46:57,2018-01-08 21:40:10,2018-01-26 00:00:00
7dbe3b6d08b31967f83f9c26988bd7c7,9a2c29ec1dc69081f67b635a67e36231,delivered,2018-04-19 20:58:43,2018-04-19 21:10:16,2018-04-24 21:45:51,2018-04-27 22:38:30,2018-05-14 00:00:00
8712dadcec00a4826a72ac3431a3ced1,1292d40b311ed71dfb5ee06f351b6fc1,delivered,2017-09-15 11:44:50,2017-09-16 02:55:54,2017-09-21 11:44:02,2017-10-03 22:42:09,2017-10-11 00:00:00
418dd833928c4570f94442ef4c76e55e,3ba36eb3d25f31398506aecfd93c5d44,delivered,2018-05-15 22:43:45,2018-05-15 22:55:28,2018-05-16 15:33:00,2018-06-11 14:28:25,2018-06-11 00:00:00
f334fd16605daff29477b725df9162cb,60a54af65a5a4a0c2f348e937937e9aa,delivered,2017-05-21 08:06:10,2017-05-21 09:15:13,2017-05-24 16:33:13,2017-05-31 08:33:38,2017-06-13 00:00:00
e80adaeb250096a2042a63c4b3d20bcf,3c6b53c8e45e6e5dade9f914c7c22c46,delivered,2018-02-21 17:35:00,2018-02-23 02:31:11,2018-02-28 00:32:58,2018-03-24 12:51:36,2018-03-13 00:00:00
0a32ad9d3be8a5b1ce582225aa1cd166,bfdc41ae95fd0559aaa3ceb47770735c,delivered,2017-07-06 18:39:08,2017-07-06 18:50:25,2017-07-10 14:35:02,2017-07-14 17:25:53,2017-08-09 00:00:00
4b6f330815f08dad6be6165da6699e3b,45f1282bc4f56bceabe97e0af68f4703,delivered,2017-05-16 08:43:59,2017-05-16 08:55:15,2017-05-16 09:38:02,2017-05-22 10:16:15,2017-06-19 00:00:00
b78c9cad52a105d7e8ec97c7e6d57739,63c5c73adbdf452c65a824bba452d037,delivered,2018-03-25 19:25:39,2018-03-27 03:51:11,2018-03-27 21:34:33,2018-03-31 15:06:30,2018-04-06 00:00:00
a5a9ab54271581abdd06955ba59d7684,659518c00554d21bca93139f0c8fc565,delivered,2018-04-09 20:05:38,2018-04-09 20:30:14,2018-04-10 20:21:30,2018-04-11 20:56:32,2018-04-25 00:00:00
e08c0d2d7789dd95e166e6c1a831cbb4,65e3c0ce8c93fe4446c87cf7ac5c235b,delivered,2018-05-13 18:59:44,2018-05-15 04:12:04,2018-05-15 13:41:00,2018-05-16 18:53:30,2018-05-25 00:00:00
d51d47c376acc042f6cd2811a08b5c62,ba5c8647970adfafb5ff9b6ca922bdc1,delivered,2018-02-07 15:44:19,2018-02-08 07:49:47,2018-02-09 22:45:50,2018-02-14 13:14:00,2018-02-23 00:00:00
a2de6d09e4920c38cfd65f4c8f875fbb,cb95eb60ba3fcca766af7a54daf3657e,delivered,2018-05-26 16:54:05,2018-05-26 17:09:52,2018-06-01 13:23:00,2018-06-08 16:28:51,2018-06-28 00:00:00
51fa5b2b3ea1aa99dc3cea8f008216ce,ef06094ffe03fd32a68618fafac1e377,delivered,2017-09-20 16:30:12,2017-09-20 16:44:20,2017-09-21 15:09:49,2017-09-28 20:12:03,2017-12-12 00:00:00
83a748270a134df5ad432092f4e26e4d,a103cd66a980f336d30492d01e9c3d71,delivered,2018-07-02 21:20:18,2018-07-02 21:30:21,2018-07-03 14:23:00,2018-07-04 15:19:00,2018-08-01 00:00:00
2dfec57a2eeca47759f1bc36f72fd96b,85b0efda75c7b15c684d13e4f0792ce4,delivered,2018-05-14 15:06:56,2018-05-14 15:33:30,2018-05-16 13:31:00,2018-06-04 15:13:50,2018-06-11 00:00:00
95ec9fe2e9c23dd55749ce07315b818e,90b42864e69464c727c7b8e69b53b008,delivered,2018-06-18 09:27:06,2018-06-19 03:57:32,2018-06-19 12:45:00,2018-06-20 17:32:29,2018-06-28 00:00:00
03e1f719ea43e7eb59344cf78cd99ff4,c447c5e0a10dfabee87e3d41dc0250eb,delivered,2017-07-04 20:43:38,2017-07-05 17:40:07,2017-07-10 19:13:49,2017-07-12 17:07:59,2017-07-27 00:00:00
e3866f0f605208a1b7fc42b0dddc0da6,d6289f136d013245718f865a4f5d9a61,delivered,2017-12-27 13:17:07,2017-12-27 13:28:25,2017-12-28 18:29:01,2018-01-17 21:29:08,2018-01-29 00:00:00
e48b09695cacd2726aef9ef0e3730b47,7b2a039a8b7b57d48e97d3673978a185,delivered,2017-12-07 23:19:50,2017-12-07 23:30:31,2017-12-08 17:39:04,2018-01-03 14:17:24,2017-12-26 00:00:00
a6048ee9317b5bf604ae61505227e407,5b7e6de7b89cb911855c83a991097cc1,delivered,2018-03-14 08:57:54,2018-03-15 10:29:39,2018-03-16 13:28:33,2018-04-25 18:23:00,2018-04-10 00:00:00
a92cfc44e62b26e5bda2aeb39b0e0217,b6d6fadbee4df0e3c0aab81a046124a6,delivered,2018-03-28 13:14:26,2018-03-28 13:28:14,2018-03-29 23:12:55,2018-04-18 18:42:02,2018-04-26 00:00:00
6644170ea0130942cfb3064dce01004a,1a9c7149943c405cdc9cdd35b20aed1f,delivered,2017-09-13 22:17:54,2017-09-13 22:30:21,2017-09-14 16:03:58,2017-09-18 20:11:48,2017-09-25 00:00:00
139f560e44636d72034722f833c7fdbc,ec3c691f4812ae37bebd0f383a869562,delivered,2017-12-25 12:24:33,2017-12-26 12:16:26,2017-12-26 19:34:58,2018-01-08 22:04:15,2018-01-19 00:00:00
0fc5deb2df203e00080d925c2c8d1dfd,019017e9f8b2c0e399f1f00e6e87f306,delivered,2018-07-21 15:08:22,2018-07-21 15:24:08,2018-07-24 13:11:00,2018-07-28 19:08:49,2018-08-07 00:00:00
3c972b3c00e3f894b841f6602a9a6abc,ef3e5a5941284c07e66c263fe280b804,delivered,2018-01-13 14:28:03,2018-01-13 14:39:31,2018-01-15 20:36:47,2018-01-19 21:38:34,2018-02-08 00:00:00
29d3f2fc23b7f95b28dbe5e3ef783d93,cb3ee5f55f9cbc6ed99ee638a4c72613,delivered,2018-08-06 13:51:30,2018-08-06 14:05:20,2018-08-07 11:47:00,2018-08-13 19:12:47,2018-08-17 00:00:00
1eea5cc217ecbacdca75369789d9774c,a15a0e4e8c1247af365c25097f34a576,delivered,2017-11-10 22:41:20,2017-11-14 04:10:41,2017-11-28 16:03:51,2017-12-05 20:42:40,2017-12-06 00:00:00
2142bac418a228e6086f5294a8fa88db,02e5db654b2f6b734ed89d5a28cb200e,delivered,2017-06-13 21:52:55,2017-06-13 22:02:57,2017-06-19 20:11:47,2017-06-23 09:31:24,2017-07-04 00:00:00
556eb5d792f623f57e47713c9839100b,430218dc35f3cce79873eed8dcac9059,delivered,2018-03-25 14:07:23,2018-03-25 14:27:46,2018-03-27 01:12:17,2018-04-24 22:57:43,2018-04-19 00:00:00
b6b8305352b7f21764d7a8e573f1e8aa,cd2323501d2be6e4536cb19e12c6a92b,delivered,2018-06-09 21:53:29,2018-06-09 22:19:08,2018-06-11 14:39:00,2018-06-21 20:06:42,2018-07-18 00:00:00
958e6c2772ed5d52cfea3f7356502973,4a4da2516f325e16bf8f117f71c49679,delivered,2018-03-20 13:32:57,2018-03-21 13:30:22,2018-03-23 20:14:20,2018-03-28 16:52:02,2018-04-11 00:00:00
700aa498c8151678850324adc6729e07,af39d6939664bd5a5a8edb2ac00c4df5,delivered,2017-09-07 10:52:46,2017-09-09 05:10:14,2017-09-12 21:45:25,2017-09-18 21:11:51,2017-09-27 00:00:00
7852c8ab608aef3bef7d6521357dd67d,d3a7c4a756384c101585cd13190a00b4,delivered,2017-09-04 21:13:36,2017-09-04 21:25:13,2017-09-08 17:35:58,2017-09-14 16:51:51,2017-09-21 00:00:00
e10cdac25bec58a01b1a9dcad1b6263f,781eea806854d68b10a31603ac72a84c,delivered,2017-12-29 13:51:35,2017-12-29 13:57:22,2018-01-02 18:39:18,2018-01-05 22:39:36,2018-01-18 00:00:00
09ae0443d05fc72908daed24036acb22,0dc4d1b841d3c1a1f076fef9a39c210b,delivered,2017-03-17 22:24:21,2017-03-17 22:24:21,2017-03-21 11:55:22,2017-03-23 14:36:28,2017-04-06 00:00:00
9341630a8687fb3b0cd5483bada2bc98,0204a63d458a2d9495e82ab5ea7fe40f,delivered,2018-04-13 10:56:09,2018-04-13 11:17:16,2018-04-13 20:58:42,2018-04-16 17:56:22,2018-04-27 00:00:00
04c1e5f3771cb0ccfdb672669807401b,43b2288200b50dd759ccc3e4c3b24d2c,delivered,2017-09-17 20:09:45,2017-09-17 20:24:03,2017-09-19 20:03:00,2017-10-06 21:07:34,2017-10-17 00:00:00
5fb7dd0236cfe4fd2c620959623e4619,0ccb4c74c8bb23990e7430fa72df436e,delivered,2018-04-25 14:38:23,2018-04-26 03:35:13,2018-04-27 13:30:00,2018-05-07 16:39:46,2018-05-15 00:00:00
f3cd6fd2bd9ec528bdd3a45d423636b9,ef81ebfc786a732f1f6df171799c30a5,delivered,2017-03-03 19:34:38,2017-03-03 19:45:16,2017-03-06 10:08:40,2017-03-15 11:41:52,2017-03-28 00:00:00
9e0c2694cab5339938c2899355feef83,344182e4ddfad3df86e699ebec644ad6,delivered,2017-11-26 17:35:11,2017-11-26 17:53:42,2017-11-27 21:25:02,2017-12-06 12:51:48,2017-12-18 00:00:00
f90d9d087252c72d1f8a43c65f16f515,cf1ec2659f4b1f34f858a0c25e1d5d1a,delivered,2018-08-03 18:20:50,2018-08-04 04:05:31,2018-08-07 08:07:00,2018-08-14 17:16:30,2018-08-27 00:00:00
0487007c18089d38f1492091945d7ba8,5cbe9410f3ea413f95d0858d75f0a42c,delivered,2018-06-04 15:00:32,2018-06-04 15:11:36,2018-06-05 13:14:00,2018-06-08 16:48:40,2018-07-05 00:00:00
d3964aaa8f344d16a3367d03e540be9a,1d3d3d421496f24e0ef77180f1895894,delivered,2018-03-12 22:34:01,2018-03-14 02:48:49,2018-03-14 22:38:37,2018-04-02 18:05:30,2018-04-06 00:00:00
8b88af6ab4bcba779184de098d66c9e7,e4756f623e8c167acef360bc3e22f060,delivered,2017-05-30 20:09:15,2017-05-30 20:24:09,2017-06-01 09:22:01,2017-06-06 12:44:38,2017-06-20 00:00:00
1f671eadd2a6b6a109eaa0c5f41b9ab1,27ea604d9f8b803e5bf46309e3d3255d,delivered,2017-12-19 17:18:41,2017-12-20 06:55:22,2017-12-22 16:47:12,2017-12-27 16:27:32,2018-01-08 00:00:00
78135b03c6d7a39f10996624b9baf92a,13f086098e5127ccae2a020e4fabbdc5,delivered,2018-05-20 22:30:17,2018-05-20 22:58:14,2018-05-21 14:52:00,2018-05-23 16:16:22,2018-06-06 00:00:00
493ba31a3539787ea13a41ca2ca33ef1,3f25ae79ccca4a4202201980bdc7059a,delivered,2017-09-16 08:51:24,2017-09-16 09:05:37,2017-09-19 15:03:40,2017-10-10 20:19:49,2017-10-20 00:00:00
4b71930df17d95315e7217a05cff3c17,bfc1c2ef0d081bcaaffd067dc53e5f7f,delivered,2017-07-08 21:07:44,2017-07-08 21:15:21,2017-07-10 21:10:28,2017-07-17 18:04:04,2017-07-28 00:00:00
4d4c65feca16bc9de359cb5d4feef10d,7cfa3cb5ae1ae9ae5ffcc1904141b47e,delivered,2018-07-06 22:01:35,2018-07-07 14:10:18,2018-07-13 15:15:00,2018-07-25 18:41:05,2018-08-02 00:00:00
a28d9d45abc45839d16fa972466353ed,883b55d27dbb8b02ab6767419aef0af2,delivered,2018-05-09 15:02:01,2018-05-09 15:37:09,2018-05-10 12:03:00,2018-05-11 21:42:37,2018-05-17 00:00:00
c131acb8c30ee5b5d6063dac2470d95d,40b9c9e927f334145400f110362f260f,delivered,2017-03-12 10:11:52,2017-03-12 10:11:52,2017-03-13 11:04:47,2017-03-16 14:47:37,2017-03-30 00:00:00
806a1957ff8cbc748448e062ac9affc5,8fd1d60325f0bcb9ff4a0cfee9eb0b75,delivered,2018-06-29 19:52:09,2018-06-29 20:10:19,2018-08-07 09:34:00,2018-08-16 18:16:58,2018-08-30 00:00:00
2bbef351a53fef6df1c423b96cbfec31,41adf4cea6b5f7f48fabdbd24bb8bfa7,delivered,2017-08-01 11:38:14,2017-08-01 11:50:21,2017-08-02 21:14:57,2017-08-07 18:13:58,2017-08-31 00:00:00
9b748aef33e9ccf30c83d8cac9b0f6e3,12fd0fe408926a0f68ccdf59606d5a41,delivered,2017-08-23 11:59:19,2017-08-24 03:15:52,2017-08-24 19:43:47,2017-08-25 14:36:52,2017-09-05 00:00:00
5cfaede08a76aca6dd951c717ad45bc5,6c0c79e9da7535261f65616290ddcbd3,delivered,2017-06-28 13:20:44,2017-06-28 13:35:18,2017-06-29 10:48:11,2017-07-06 18:03:47,2017-07-24 00:00:00
357e8bcc302e3f48f4d578d3e3f239db,b741f49aea8e2c104fd2f5e29d012d9d,delivered,2018-03-18 00:40:55,2018-03-18 00:50:26,2018-03-20 01:48:23,2018-04-10 16:57:47,2018-04-10 00:00:00
7dc2cd8c070cb20ae535d75d107741de,415aaffb1107d25fa9ef86ae696613df,delivered,2017-05-29 17:35:13,2017-05-29 17:45:16,2017-05-30 14:31:44,2017-06-07 14:18:26,2017-06-22 00:00:00
50bfe4eff164a24384ea5b05f633613a,170c8dea7ff31d9f3bb01e40268da59e,delivered,2018-05-17 11:07:32,2018-05-17 16:34:38,2018-05-18 09:49:00,2018-06-01 19:09:50,2018-06-06 00:00:00
aeedca46099933fd8fd182a71b4f22c7,5d9c68cecce34584576a3d8ca55c21f1,delivered,2017-09-07 12:38:15,2017-09-07 12:45:19,2017-09-12 00:51:21,2017-09-19 22:38:55,2017-10-03 00:00:00
67124ddb9431dc57aca8f687a178167d,cd461407373ed9a97abc9ab4eecac2c5,delivered,2018-01-15 16:32:50,2018-01-15 16:51:13,2018-01-19 15:42:02,2018-01-24 14:09:52,2018-02-05 00:00:00
a465a6d5ac23c4a20c1dd7e542352106,80c666119b87238e8635dde95dd66b29,delivered,2018-01-10 08:27:39,2018-01-10 10:32:07,2018-01-29 21:59:02,2018-01-31 18:38:13,2018-02-08 00:00:00
c4dfe85811ecda8bbc7002dfbffc468c,485760799b2cd07783a674fb73c5cc96,delivered,2017-11-25 12:00:25,2017-11-28 03:43:34,2017-11-30 22:37:07,2017-12-12 12:38:34,2017-12-22 00:00:00
2c76b4566b3bab2c0f23f992ed70ea07,d3d14e3778714a38a67735307ac56a73,delivered,2018-01-30 11:12:55,2018-01-30 11:50:01,2018-01-30 21:46:32,2018-02-15 11:37:15,2018-03-02 00:00:00
c3238b66f1aaff3377a91bf1a3990e1c,7eddd9656c948fc49d7f70d9d0c15a03,delivered,2017-11-13 08:52:06,2017-11-13 09:06:34,2017-11-14 16:32:33,2017-11-20 19:19:14,2017-12-07 00:00:00
4fa1036b592aee1a8008e9dc0a7158c3,38b6b47af8fce9219333a0b450f44ad1,delivered,2018-07-09 13:04:51,2018-07-09 13:30:16,2018-07-16 15:02:00,2018-07-20 21:16:25,2018-07-30 00:00:00
e409123d7599a3a34c467521576b05fb,444a5cfcdc5e76437c038ec2e42e4ac5,delivered,2018-05-14 09:33:57,2018-05-14 09:55:02,2018-05-15 13:56:00,2018-05-23 18:33:44,2018-06-11 00:00:00
dbd32517a2d3acd957e41d6c4a8a8a49,7ff9bb06c12c2a81674d806fb707fc81,delivered,2018-07-03 17:32:14,2018-07-05 16:32:44,2018-07-06 08:25:00,2018-07-10 18:14:29,2018-07-17 00:00:00
983e16bfbe23e60f23a6fcb9c4792204,2d6272fc5e22facb8937eba512bad93f,canceled,2017-03-27 08:24:03,2017-03-27 08:24:03,,,2017-04-20 00:00:00
8d45ba0ad212829bdc547dacea18c3a2,b9bf4384ad7fad5b3637ac1e05508999,delivered,2017-10-16 12:55:15,2017-10-16 13:14:14,2017-10-17 16:58:01,2017-10-25 17:12:55,2017-11-08 00:00:00
9e968d83d3fafa00e86e4468cd4b49bd,29deb00c7e695e946f532b093ed6aa99,delivered,2018-05-14 15:27:45,2018-05-14 15:56:38,2018-05-15 12:00:00,2018-05-19 17:51:08,2018-06-01 00:00:00
75690508c66a165f03197c26708cd23b,5b4eed64a1e8421148260c2d88ecd047,delivered,2018-04-10 18:15:19,2018-04-10 18:30:33,2018-04-16 19:31:12,2018-04-20 20:22:12,2018-04-27 00:00:00
b3c22881ab836451fc66d6cbf6a2083e,c027cf60049626bfb9eff599becb848a,delivered,2018-07-13 22:03:58,2018-07-13 22:24:00,2018-07-16 14:23:00,2018-07-25 21:35:01,2018-08-03 00:00:00
72f164fb286431d6dc328d09e588a434,f47ef1265710e418c2622bd290feda95,delivered,2017-11-24 22:11:47,2017-11-25 01:19:30,2017-11-27 20:46:43,2017-11-29 20:57:41,2017-12-14 00:00:00
455d05ce8b86b6e2b3c2e6e0a7994942,2319dc20d045c9b7f7b720821e8a7336,delivered,2017-10-03 08:30:39,2017-10-03 09:20:05,2017-10-04 02:10:13,2017-10-10 18:02:55,2017-11-01 00:00:00
d9ae780e2e7cd20bca43149fc09cf5bc,a63ae68e35ba0e9868b2bd12eb741331,delivered,2018-02-15 23:29:21,2018-02-15 23:46:59,2018-02-20 20:43:52,2018-02-28 14:54:03,2018-03-08 00:00:00
3186f9e3ece60a4d50fc4dc7ea8ee6e8,edf79999b12e85907461cf678974bb69,delivered,2017-05-28 12:00:44,2017-05-28 12:10:23,2017-06-02 16:35:39,2017-06-14 12:06:14,2017-06-28 00:00:00
6eb9f3d505ab7a74d384c6b0acf7d57e,4d92a3b7a734fdf21d16feba6dbdd95e,delivered,2017-05-20 14:42:05,2017-05-20 14:55:08,2017-05-22 10:16:57,2017-05-23 12:42:30,2017-06-02 00:00:00
cd4e24fcdcb30525260f987517272999,ddcf7eb0bd65aa35b2f55d322a9863d7,delivered,2017-04-10 20:33:44,2017-04-11 06:35:29,2017-04-11 12:18:23,2017-04-13 11:42:43,2017-05-02 00:00:00
fd10d31bdfb91ffa20c8b037fb9bdaf0,7d27a33a8ff0ddca1e52596e7977c9b7,delivered,2018-07-10 22:19:07,2018-07-10 22:35:20,2018-07-11 13:11:00,2018-07-13 22:08:36,2018-07-18 00:00:00
938110b6904380feefb719683295f04a,5ac248f34549732cdb204497ba80a838,delivered,2018-03-23 20:59:25,2018-03-24 12:10:32,2018-03-27 00:32:12,2018-04-04 15:42:29,2018-04-05 00:00:00
0ad0006728103ff08cda112f7940bcd1,13b8a8ecfc5fa07a03bbb4449c4358fc,delivered,2017-12-14 21:16:43,2017-12-14 21:39:15,2017-12-18 22:10:09,2017-12-28 20:03:15,2018-01-11 00:00:00
2df92bb513196bf374baecd5ecdabea0,dceaadb66fb79bc1b3287635870b8202,delivered,2018-03-12 20:33:26,2018-03-12 20:48:28,2018-03-14 22:11:56,2018-03-26 22:04:11,2018-05-07 00:00:00
f71ddf3d0916592b8bad2ec379bd10ce,bd7080f4e1207b77f1ca37fad420d3d8,delivered,2017-07-15 18:57:15,2017-07-15 19:10:15,2017-07-17 20:22:51,2017-07-18 16:40:46,2017-07-28 00:00:00
f7f66bbcbf357c9e1ce14217b8b39316,1ac00b74a9a101ee109feb3d27e8fe80,delivered,2018-04-02 08:48:21,2018-04-02 09:09:17,2018-04-04 17:52:06,2018-04-11 18:05:02,2018-04-12 00:00:00
e8844ed350d0a0556e982b89e2d727cb,2b11be9617fad2924dfc186b73220db0,delivered,2018-02-28 19:16:03,2018-02-28 19:28:29,2018-03-02 19:48:52,2018-03-13 13:38:56,2018-03-26 00:00:00
b254aaf3ccd939e570def6639accb4a9,e788cda1179a326d2dd6458dde28b2a4,delivered,2017-08-14 20:16:43,2017-08-14 20:50:12,2017-08-15 18:05:02,2017-08-24 17:48:05,2017-09-05 00:00:00
5b21b46782ed9faaaa055f0c4eb0cac0,0267501c086535d9c9babc4a39cc63cd,delivered,2017-11-30 18:23:25,2017-11-30 18:38:05,2017-12-04 22:09:08,2017-12-12 20:57:05,2018-01-04 00:00:00
aade48c1fd0adef0f33df25f995d379c,327886570f6c5d99eddb5677b1ad9c72,delivered,2018-04-20 12:06:22,2018-04-24 19:05:58,2018-04-25 18:56:00,2018-04-30 19:21:20,2018-05-18 00:00:00
44e9b033432b09e965d73f10f3a6d179,3e79cb7a8f04303dc8cc43d10ce2210d,delivered,2018-02-19 19:48:45,2018-02-20 07:27:08,2018-03-01 21:08:45,2018-03-07 15:38:48,2018-03-19 00:00:00
ebb5116440ccdfdc111d58849b096401,83b11ba2776ca7656542548b827906e5,delivered,2017-09-16 00:45:39,2017-09-16 00:55:10,2017-09-19 16:58:58,2017-09-25 12:24:47,2017-10-04 00:00:00
546cd63915b3ef4ab92bfb85277bee75,85f6549a336f5dc9e1cd95fc23d2b60b,delivered,2017-04-29 14:40:22,2017-04-29 14:50:17,2017-05-02 13:07:08,2017-05-10 14:49:39,2017-05-25 00:00:00
5168f4f478a3ad3d61e81119fc158910,ea58ac92790dd12b742089da5ea69a4a,delivered,2018-02-22 12:56:40,2018-02-22 14:20:53,2018-02-27 19:07:02,2018-03-15 18:32:21,2018-04-09 00:00:00
22c89f5554dc6e4bc93654840a544f94,9f76cb1ff3b9cd49c45bffdc45bebbe5,delivered,2017-08-28 13:45:06,2017-08-28 13:55:21,2017-08-30 10:38:03,2017-09-17 17:02:27,2017-09-22 00:00:00
f939e2a89376e44158657a15465cacce,ec980872eea3778facea3e17ec48107c,delivered,2018-01-08 16:02:04,2018-01-09 07:25:32,2018-02-17 02:21:38,2018-04-03 17:38:54,2018-03-19 00:00:00
e1384a36c7c9da10121e8a7fc78ec01e,a24e97fa9cdfe337d1a096700bae6c66,delivered,2018-01-29 17:20:10,2018-01-29 17:35:38,2018-01-30 19:36:48,2018-01-31 17:43:22,2018-02-14 00:00:00
70d5edd4381ab253c2c35262ca31386d,a430ec62fe6f707ebae157ea4eff1781,delivered,2018-01-08 06:58:05,2018-01-08 17:56:21,2018-01-09 18:03:40,2018-01-10 21:34:15,2018-01-24 00:00:00
5dd871f6fd1166d54fd30dc6c68368ed,9e2e01091435c6e4a3fdb05cf11423cc,delivered,2018-04-28 21:04:15,2018-04-28 21:15:19,2018-04-30 15:03:00,2018-05-10 11:16:35,2018-05-18 00:00:00
393d3838b419167a5bfff37dffb2ca77,613cb6b6716d5dbb4cb4f57028e2ec3c,delivered,2017-10-05 14:35:14,2017-10-05 14:50:17,2017-10-06 19:52:38,2017-10-11 16:00:09,2017-10-30 00:00:00
eab346b68385f2b894d7d95be157085f,4b4839712f1f77b8f762b4532538ff9d,delivered,2018-02-26 20:55:59,2018-02-26 21:15:37,2018-03-15 19:27:39,2018-03-19 19:26:38,2018-04-17 00:00:00
400c0de4caec4b78416fe5a3c094425f,8d7abda34726723cd9bcd4c06448814b,delivered,2018-02-09 15:09:49,2018-02-10 02:35:50,2018-02-14 19:36:57,2018-02-22 14:22:01,2018-03-06 00:00:00
75b01078ad5e499d81b6b0f33cfbbf66,08e5b7d999d037498bb7f2b3ffa1ef68,delivered,2017-12-25 12:34:48,2017-12-25 12:48:47,2017-12-26 21:06:28,2018-01-06 14:16:00,2018-01-26 00:00:00
d3b224f55ede50045860d4fd4eab01ef,bb8cd99e5a0a3bd2153261396b1e3723,delivered,2018-05-25 21:09:12,2018-05-26 10:19:17,2018-05-28 11:46:00,2018-06-25 18:52:31,2018-07-13 00:00:00
55207ad1b8a7afec37d6132f6db7fd1e,25bcf96caed0ffa7418c7bddf65a597c,delivered,2018-04-18 17:02:16,2018-04-18 17:58:17,2018-04-20 22:03:48,2018-04-25 12:34:43,2018-05-11 00:00:00
8eb1944a7a10d25d432ce78ad46f3436,0d784347b63ed7b773817046d8674758,delivered,2017-10-30 22:20:11,2017-10-30 23:31:09,2017-10-31 16:49:45,2017-11-07 21:06:47,2017-11-17 00:00:00
434455c454a49013064dfa54585892fc,5ef2d0d20efcd63c0d0af8b7bd1fe3c0,delivered,2018-03-28 08:03:41,2018-03-28 08:15:19,2018-03-28 17:59:47,2018-04-09 10:51:51,2018-04-20 00:00:00
62f30b2a0b0347a3859e2125b6f504ac,5204cc6cd68828d006ca3bad2a8aca13,delivered,2018-04-22 23:37:08,2018-04-24 18:59:51,2018-04-24 18:03:02,2018-05-02 19:48:45,2018-05-22 00:00:00
dbc578f6daf094e54db6224e96514e09,3ca43cc0917df3889eeb420132fa9e3b,delivered,2017-07-19 16:15:37,2017-07-19 16:30:15,2017-07-20 18:49:27,2017-08-08 20:23:04,2017-08-18 00:00:00
de31761577484638ef007ecc5691c6f4,1e400ea0c7d20f16c2b9416d806fcdcf,delivered,2017-12-22 11:43:45,2017-12-23 11:37:44,2017-12-26 17:03:46,2018-01-08 19:35:28,2018-01-19 00:00:00
04107d105302558ebef9aa631b9bd13a,cccbff3abc86a7fd77f8090cb0b9639e,delivered,2018-04-13 22:12:39,2018-04-16 09:12:01,2018-04-16 20:17:51,2018-04-23 18:32:38,2018-05-15 00:00:00
6ecf1a4051b4c5ed613624b460970a26,958279c23050d6207d196c3057648f6f,delivered,2017-11-17 08:40:57,2017-11-17 08:55:48,2017-11-17 20:36:56,2017-12-01 12:08:23,2017-12-06 00:00:00
2a18b3d0f12775db98aeb028d0e388da,00f782305075b457bfe7fb38cf6562a5,delivered,2017-09-17 14:22:42,2017-09-17 14:35:11,2017-09-18 19:20:06,2017-09-22 21:53:50,2017-10-06 00:00:00
246161390a20f964881feeaeea896671,0036875772a8eeb391b8cd7226283fdd,delivered,2018-01-21 22:49:14,2018-01-22 14:03:20,2018-01-24 16:58:52,2018-01-29 23:13:18,2018-02-16 00:00:00
4df567e09f935eee9bbc8758526ec580,7ca0e3ed430a3fd17f445f6efe58174a,delivered,2017-06-22 10:32:47,2017-06-23 10:35:22,2017-06-27 08:06:42,2017-07-03 17:25:44,2017-07-14 00:00:00
0097f0545a302aafa32782f1734ff71c,a60b063f8b715db294b889eae5acb4b6,delivered,2018-03-05 18:15:11,2018-03-05 18:30:41,2018-03-06 22:04:03,2018-03-21 18:16:52,2018-03-21 00:00:00
9b308ef7d3e9d1bb7fa93b12b3d04c1e,606aca2f93f152b1d2a86dca7c556b5d,delivered,2018-06-25 12:17:19,2018-06-25 12:38:02,2018-06-29 14:16:00,2018-07-02 19:52:08,2018-07-05 00:00:00
aca8c2b847a4cb482f374429b5210c29,152bc3638756114e812c31f117fb4bdb,delivered,2018-01-18 10:20:36,2018-01-19 02:37:22,2018-01-23 20:58:43,2018-02-02 22:23:16,2018-02-14 00:00:00
f47658421aaceefba81600b78cdad724,b1f00998fc6576b8c1d5b47e9b3122bb,delivered,2018-01-09 10:03:31,2018-01-09 10:16:21,2018-01-10 19:28:28,2018-01-18 22:47:20,2018-02-07 00:00:00
5fbe2cf3289a1fade6523b8745d466e8,e797152fdefa439f05ea2077ec78e2b7,delivered,2018-03-20 10:55:37,2018-03-20 11:10:36,2018-03-22 18:57:45,2018-03-23 22:12:13,2018-04-02 00:00:00
7b374a3cd8b325fd49e6789ccfa88639,61444035162f47c4074fe3ad72195ee0,delivered,2018-04-27 13:40:51,2018-04-27 13:55:22,2018-04-30 16:36:00,2018-05-18 19:32:48,2018-06-07 00:00:00
bf8cabc20b754099042ee715b4d92e48,ab7d2d05dbd77bf056e2cf426e3fd52f,delivered,2017-12-16 16:04:59,2017-12-16 16:14:28,2017-12-18 22:10:08,2017-12-26 14:44:52,2018-01-11 00:00:00
59e6562672571d67f137e34fbb297c93,9d19adf5da1a281e0762fbbaba463eca,delivered,2018-08-19 12:43:50,2018-08-20 11:35:18,2018-08-21 12:07:00,2018-08-24 15:05:43,2018-09-12 00:00:00
42df280f365da3e4c16b7b59cedf7077,d7f3f624e97e6b8498210e38c1feb723,delivered,2017-12-08 11:12:12,2017-12-08 11:20:39,2017-12-08 19:09:27,2017-12-19 23:18:37,2018-01-08 00:00:00
d082758d583505f358d7893ac95d4f0f,3966c9281e8635cdcd8a77df973b7b35,delivered,2018-03-07 23:42:31,2018-03-07 23:55:29,2018-03-09 00:22:28,2018-04-03 23:25:23,2018-04-18 00:00:00
4149b65aa3b1d53132e515241909e7ec,235cd28e6c7f72bb6e5337a877334598,delivered,2018-01-08 16:38:24,2018-01-10 10:32:40,2018-01-10 18:33:40,2018-02-06 19:32:31,2018-02-09 00:00:00
84c0a717575f9477b71d4ffd1615a0fe,a12a4605526298c7cff435218675868b,delivered,2017-08-26 21:01:18,2017-08-26 21:10:12,2017-08-29 19:28:03,2017-09-05 19:58:00,2017-09-15 00:00:00
8b0c41cf775bc5fd52a29c39f9a40537,978d00c629b3e76bff9f151625ae4f5b,delivered,2018-03-29 19:45:41,2018-03-29 19:55:11,2018-04-03 17:28:32,2018-04-26 18:36:49,2018-04-19 00:00:00
96b997b56a825e2b32a0436cc656b435,5eb5f6d65fe3717484b8e12ac9a06981,delivered,2018-02-23 10:45:25,2018-02-23 11:40:53,2018-02-27 04:23:24,2018-03-16 19:03:51,2018-03-19 00:00:00
36edc30bd66f88355cadd2129f0dfcd3,50eb5c5d5c4193056241b1e3af36afdc,delivered,2018-08-17 15:12:27,2018-08-17 15:29:27,2018-08-20 16:28:00,2018-08-23 19:17:01,2018-09-04 00:00:00
57e15b65e74748b2b3c1a146dc123d1c,3e219f5a6c6dffadc22a907f34e2e350,delivered,2018-06-09 15:56:00,2018-06-09 16:19:42,2018-06-11 14:19:00,2018-06-15 16:34:36,2018-07-11 00:00:00
480b3512a26cbc632bd11abaf0fcb43e,7400e7fb9fde7018d1ae165aaf5c5ca0,delivered,2017-10-27 19:06:22,2017-10-27 19:26:53,2017-10-30 19:58:43,2017-11-13 17:06:41,2017-11-23 00:00:00
61e6fd152ceacdc37b7cacb713e73f10,ab31517e5b97ac03b22a88e2640a974e,delivered,2018-05-07 12:26:26,2018-05-08 08:35:17,2018-05-10 08:27:00,2018-05-25 05:03:08,2018-05-29 00:00:00
c0279fdc49b580fa9e3b659f87812b9e,ab192227675f252659b0de44371dc665,delivered,2018-04-13 13:29:56,2018-04-17 05:50:38,2018-04-18 16:48:27,2018-04-19 18:01:38,2018-04-30 00:00:00
d2df2c8001cece568604ec609cef2167,3c988f3b57d8d2a231c6b1df1bd15cab,delivered,2018-08-07 10:58:05,2018-08-07 11:10:18,2018-08-10 07:52:00,2018-08-13 20:14:30,2018-08-16 00:00:00
37e5725572d3cbd7aad103b730f9232a,3dd789d5301761182d28eb73ce1558ed,delivered,2018-08-20 09:18:49,2018-08-20 14:53:41,2018-08-28 16:13:00,2018-08-29 22:58:53,2018-08-27 00:00:00
fd05016059d759a3d1cd9f1068be4907,3719249e77d08436fe164bcbcd7e2cbf,delivered,2017-07-31 09:43:14,2017-07-31 10:03:15,2017-07-31 20:34:02,2017-08-08 20:41:57,2017-08-24 00:00:00
74c8fc29ba64bb72272c8025c00bb85e,43cebded17ef78782f347b0bf5eaae5b,delivered,2017-11-24 12:45:07,2017-11-24 14:53:45,2017-11-29 17:28:51,2017-12-02 16:18:41,2017-12-15 00:00:00
e44bc38d6b4a533a8bdf31db140f2d01,f677eaaee0e3de1cc2e76bd22676811f,delivered,2018-07-05 07:53:01,2018-07-06 07:51:20,2018-07-06 10:57:00,2018-07-12 13:09:09,2018-07-31 00:00:00
c2be7debb550baab4fd6d03532387414,8e1514f180c530add12ff5efd60d5fd3,delivered,2018-01-27 00:16:10,2018-01-30 04:31:15,2018-02-01 14:51:11,2018-02-06 13:17:12,2018-02-20 00:00:00
62feb97e08fa0615b190edb7e35e6f2a,1d337e14df05fcfbae4c24fdbe93c9ba,delivered,2018-05-13 10:57:48,2018-05-14 08:33:26,2018-05-14 17:43:00,2018-06-07 19:23:30,2018-06-25 00:00:00
1f470619dfff4da277b0dcd34e47329c,842a8338da8e510a94acfb6913eb87c1,invoiced,2017-04-20 10:38:50,2017-04-20 10:50:10,,,2017-05-16 00:00:00
f6956fd0c7b151f0441f43f7bc6eab81,2df681bb140fe96d57130d89ab9b0c52,delivered,2018-07-19 17:35:41,2018-07-20 04:55:29,2018-08-01 12:27:00,2018-08-02 21:18:45,2018-07-30 00:00:00
f84d3e7294f12e25be13d5da3a24581e,91720ab1b9f4b346ee95d5f3260df86d,delivered,2018-04-07 13:55:44,2018-04-07 14:08:28,2018-04-10 18:57:26,2018-04-11 19:28:37,2018-04-19 00:00:00
7ef47a1e75585d3f1b03dad4bf944a2c,299165a60adc63a47e042f737aacf4b0,delivered,2018-05-18 17:26:40,2018-05-18 17:55:22,2018-05-22 06:20:00,2018-05-23 13:48:31,2018-05-30 00:00:00
0c305fc5f37a5b8e64e24b2ea39b7aad,cb3d59f26edf3671cb877253c71bb330,delivered,2018-08-08 11:43:18,2018-08-09 15:50:18,2018-08-10 13:47:00,2018-08-15 21:11:49,2018-08-16 00:00:00
1dbf0806fc07152b9dc46b352e62c8b8,3ece126104ef8d177500f2766874db55,delivered,2018-06-02 14:22:33,2018-06-02 14:35:08,2018-06-11 13:24:00,2018-06-14 19:48:30,2018-07-12 00:00:00
7fef121b6b48a89fc1f2699d31476d50,b7afbfaacf57875386434a2830492f10,delivered,2018-07-19 22:20:37,2018-07-19 22:30:20,2018-07-20 12:46:00,2018-07-25 19:57:42,2018-08-07 00:00:00
ebddf8921a89c56e1f375877575aecbd,902a5ba1843ce46c17022d8440b723ab,delivered,2017-12-18 14:55:09,2017-12-18 15:39:32,2017-12-19 23:14:44,2018-01-05 22:47:06,2018-01-16 00:00:00
1a70c0ce7afbcfbad9123d6c029f5ad6,bb70f7ee1e4fe9438e5b2d199afd097f,delivered,2018-08-05 04:03:42,2018-08-06 12:04:44,2018-08-06 14:26:00,2018-08-07 21:16:49,2018-08-14 00:00:00
4a908627ddc9e257e5e9123ac4394e41,e2bf448ed35400ac811205c12763bdab,delivered,2018-01-10 15:13:26,2018-01-10 15:27:22,2018-01-17 17:22:31,2018-01-29 21:49:46,2018-02-05 00:00:00
71385d0c646fbc757cfd07df085986d7,98e5352560be36e212fd37586d7f6409,delivered,2017-11-08 20:47:44,2017-11-08 20:56:03,2017-11-09 17:07:00,2017-11-24 15:38:46,2017-11-29 00:00:00
17857d838bdb0e75ae6d0c02dd488ade,8b1f4b1ddaa244fbdee13e6a19ecd111,delivered,2018-04-23 17:07:42,2018-04-24 19:04:59,2018-04-30 13:23:00,2018-05-21 17:46:52,2018-05-23 00:00:00
ec72b3cb886591a30fe474f7474720c8,87b01be0c7f4ec17eafabf5f1588c306,delivered,2017-02-11 15:12:14,2017-02-11 15:22:48,2017-02-14 09:55:45,2017-02-17 10:35:48,2017-03-15 00:00:00
b7998b4687fee63c38995e856e63ae5f,2a888c1244dc79321e00770c3b56268e,delivered,2017-10-02 12:50:58,2017-10-03 03:56:25,2017-10-04 09:36:59,2017-10-17 18:52:18,2017-10-24 00:00:00
a9b90e563eb300dd43582b66bf7d5d64,5a51a3e4e59bc5017de2c60b24c3a819,delivered,2017-04-24 21:22:15,2017-04-24 21:30:17,2017-04-25 10:28:22,2017-04-27 14:44:47,2017-05-17 00:00:00
2ea2d6cf4749783ad428586c538b4580,a96941aa31727872b3e6b1a5792bf3ea,delivered,2018-08-20 20:33:03,2018-08-20 20:50:06,2018-08-21 15:33:00,2018-08-27 20:49:48,2018-09-12 00:00:00
0e8c5a50be04e37d5dcc28161b12c7bf,b46d723264d34fd4beee469578541558,delivered,2018-01-09 18:08:47,2018-01-09 19:32:04,2018-01-10 21:48:39,2018-01-17 13:14:33,2018-01-23 00:00:00
689fb8f117f6d979dc761429176bb52f,dd9e67da549dc5e972c31efc37cede6b,delivered,2017-09-05 09:51:54,2017-09-06 12:43:24,2017-09-08 19:56:49,2017-09-15 23:32:23,2017-09-27 00:00:00
4b42a606687e048a7a33669b84bf8690,ca54a515b761ade8c4c0e1bd239d5001,delivered,2018-07-28 22:23:02,2018-07-28 22:30:56,2018-08-07 11:20:00,2018-08-17 21:03:11,2018-09-20 00:00:00
71588428f9341618a05bf69e1aba5128,6bc8efb6149f90ef23879c8719da3b75,delivered,2018-06-23 12:20:30,2018-06-23 12:34:58,2018-07-04 11:37:00,2018-07-10 22:34:41,2018-07-30 00:00:00
841ff437dd00dac44a738743ae033be0,9986aa6bfa30747f0b86533756c7b355,delivered,2017-11-27 13:14:57,2017-11-27 13:38:27,2017-11-30 16:22:26,2017-12-04 12:36:53,2017-12-29 00:00:00
0647f4a0c12192bfb5ea1032d2e2ecdb,1ea783594d700e7ae08c133fbe97811a,delivered,2017-09-18 01:02:59,2017-09-18 01:15:09,2017-09-18 20:29:24,2017-09-21 17:28:14,2017-10-05 00:00:00
071429b44ba39c70ea22550070670c00,0c7b234e8c2cb37488e4077f7369bbd7,delivered,2017-10-25 11:21:01,2017-10-25 11:35:30,2017-10-25 19:34:00,2017-11-01 19:42:48,2017-11-24 00:00:00
450ea5c07dd87f517ff23f670618706f,03d5f6b6cca6439920d309c658fbb5df,delivered,2018-04-25 18:19:14,2018-04-25 18:33:01,2018-04-26 19:03:00,2018-04-27 15:18:50,2018-05-11 00:00:00
ee76c8b8bd42ca7913d033a9dea1383f,f758f5ae570f1a7311b5a2e93d5c9a31,delivered,2017-07-20 15:44:05,2017-07-20 15:50:18,2017-07-22 14:07:18,2017-08-03 17:31:41,2017-08-21 00:00:00
5eb24679bfd5e7264d86f28a7b1f46a9,8eab969e6118d0e8f079e00891fe6161,delivered,2017-04-23 20:52:24,2017-04-25 08:22:58,2017-04-27 16:28:22,2017-05-07 10:26:52,2017-05-11 00:00:00
e40d016b1ae85a70208463f0969fcfce,45baf4584b09b21ed234180c74e938b0,shipped,2018-03-10 21:45:45,2018-03-13 04:30:41,2018-03-14 18:28:42,,2018-03-28 00:00:00
85bc57a3e811daa04557aabba27f535c,f2dcd384c468a77519ac3e8731ca9e04,delivered,2018-06-09 16:36:46,2018-06-09 16:59:42,2018-06-14 13:43:00,2018-06-20 20:46:45,2018-07-18 00:00:00
dae9a522f4f4057087b247c231d21d20,4ae50867d4c7ddd651a4a8750abf50a4,delivered,2018-06-04 13:34:22,2018-06-05 04:52:04,2018-06-06 13:18:00,2018-06-16 00:58:33,2018-07-11 00:00:00
9770161a61210c2eaee29c5a572785c3,53f662ecb7b15d222231d55affdce605,delivered,2018-03-20 21:44:50,2018-03-20 22:08:52,2018-03-21 19:20:34,2018-03-31 13:44:53,2018-04-06 00:00:00
8fe825d77766b84755ebf0c58017e4ea,865f156230a67d5d9654373482f92695,delivered,2018-08-12 23:34:08,2018-08-12 23:50:12,2018-08-13 15:03:00,2018-08-22 14:32:54,2018-08-24 00:00:00
b33f1a863ad391e162a9f459117f53e9,89eeb5f63b668897a8bfe8f4f479acc1,delivered,2017-07-20 13:34:15,2017-07-20 13:45:19,2017-07-21 16:55:31,2017-08-01 16:35:49,2017-08-11 00:00:00
45d9d23c62d17d0c6aadb813d38831b3,3ce492ad96766976c6673d3e1abf681a,delivered,2018-03-01 21:57:20,2018-03-01 22:10:47,2018-03-04 09:59:56,2018-03-08 21:36:36,2018-03-21 00:00:00
fa8d60735eb7db0f4659893592e3fec0,f5ced6e0d7c20ef958cf5f9269f4287d,delivered,2018-03-24 14:57:23,2018-03-24 15:08:02,2018-03-26 23:46:59,2018-05-18 01:19:41,2018-04-20 00:00:00
b84385348baedce597620569ed44593e,aa471cd0c692c5405a57008ade683d9e,delivered,2018-08-06 10:20:00,2018-08-06 10:35:16,2018-08-06 14:47:00,2018-08-10 11:47:45,2018-08-14 00:00:00
276d7fb126a7eebc4a3e660c4775e081,a8a7365ab74c627e1c5d9a7a2dc5facb,delivered,2018-01-29 22:58:27,2018-01-29 23:11:27,2018-01-31 19:52:21,2018-02-05 21:33:58,2018-02-20 00:00:00
2180fdde58f11e59974590731572691c,060592398f1a2f3c13c369c7a37fc4e8,delivered,2018-05-11 18:34:36,2018-05-11 19:01:14,2018-05-14 13:21:00,2018-06-04 20:18:38,2018-05-30 00:00:00
3216e9aab2494253d39f045d704d1b71,9a2b8810ad214ac140e3fa546f8414e7,delivered,2018-08-20 17:34:26,2018-08-20 17:50:28,2018-08-21 12:32:00,2018-08-30 12:54:46,2018-09-10 00:00:00
15d2ed1b88ca436faafb7d7236dea795,80a9fe2272371f5f18f4d3f41bbb1d1c,delivered,2017-09-18 09:30:43,2017-09-19 03:45:12,2017-09-19 14:05:31,2017-09-26 20:23:08,2017-10-06 00:00:00
8ccfb0246b9f4b1f0c279f530fa35fcc,7a41690fce4112079a5b42f4c6f1714c,delivered,2018-02-28 16:55:28,2018-02-28 17:10:57,2018-03-02 23:33:13,2018-03-14 20:37:35,2018-03-26 00:00:00
b560c6ec87e95f7414ff53cb57b58a12,7466b6283519a7725a8a30cd00f8784e,delivered,2017-12-06 14:20:01,2017-12-06 14:32:05,2017-12-07 21:09:19,2018-01-15 11:39:10,2018-01-12 00:00:00
08288e829c6b9a810a4392bbc30545dc,585c8e523b8ea5ae438d63fccdb6fe4e,delivered,2017-11-26 16:31:13,2017-11-26 16:51:12,2017-11-28 21:16:40,2017-12-08 20:42:09,2017-12-19 00:00:00
4393a63adeef0f3e606c78bd143f044d,f2964656a77f6f0b5b0db9acce8a863a,delivered,2017-09-01 15:10:26,2017-09-01 15:25:49,2017-09-04 22:32:25,2017-09-08 17:17:52,2017-09-20 00:00:00
377761f188a20507117a18c35bc33bde,a5f0f602b9567ebcc40450094befe7fb,delivered,2017-11-30 11:11:04,2017-11-30 11:42:13,2017-12-04 16:59:11,2017-12-12 01:26:51,2017-12-22 00:00:00
df85c824523500d4066a0dbdb5d95bed,39d6658037b1b5a07d0a24d423f0bd19,delivered,2017-02-21 18:35:38,2017-02-22 10:03:56,2017-02-24 07:58:58,2017-03-01 16:39:44,2017-03-16 00:00:00
199252c8392d7a5363c63e239086c091,49486aba6317107740a2b48f3b175671,delivered,2017-12-11 15:10:00,2017-12-11 15:17:26,2017-12-12 22:23:25,2017-12-27 17:38:00,2018-01-16 00:00:00
755e265d8b9cef975c3eea528cd48b90,817f696c8f9583b519938c73e72310cf,delivered,2017-11-20 21:25:55,2017-11-21 21:34:24,2017-11-24 17:09:02,2017-12-07 16:33:55,2017-12-19 00:00:00
423e3739c511dd6b0752a064f9f20527,04802886a43fe74bd00496abf197b3a6,delivered,2018-07-12 19:37:30,2018-07-12 20:20:04,2018-07-27 14:39:00,2018-07-30 18:31:59,2018-07-23 00:00:00
999d0185fdc3859e118a76c1e7d8dfe4,d963cccb27b305d09ac741259e28a35c,delivered,2017-10-30 10:43:56,2017-10-30 11:32:00,2017-10-31 17:05:59,2017-11-01 23:11:57,2017-11-13 00:00:00
333b06740724c40dc56a7f790d46df00,d5027b523b1edcfe368b94008ba21bd9,delivered,2018-07-19 15:02:14,2018-07-20 04:50:12,2018-07-20 12:12:00,2018-07-25 23:02:03,2018-08-02 00:00:00
0987363c91de454d42d084b84a691f99,4bdb3f63051aa4597f41468de9c64d39,delivered,2018-07-15 14:52:43,2018-07-15 15:06:12,2018-07-24 16:07:00,2018-07-25 20:03:49,2018-08-01 00:00:00
05123197f45cd213617dbd9523bd23f7,65d82ae7c5f1e68cc367bd60c8af8753,delivered,2017-07-16 11:28:38,2017-07-16 11:43:05,2017-07-18 15:58:01,2017-07-28 17:14:40,2017-08-10 00:00:00
731eb375d1d241e31221637ee6e5ef56,1b0424078235e67294af80419dfab134,delivered,2018-07-01 17:52:02,2018-07-01 18:10:04,2018-07-03 10:08:00,2018-07-09 20:36:40,2018-08-09 00:00:00
75a696c48d81aa753f8913252a4cda3d,ca4a0be41498e3b520de83bfe54a16ef,shipped,2017-09-26 15:18:46,2017-09-28 03:05:14,2017-09-30 15:23:38,,2017-11-06 00:00:00
13c4b2056317a73b1c143edc8cf0219e,4ca1d0f03c42b8043a581ec340e6f054,delivered,2018-07-18 09:29:40,2018-07-18 09:41:57,2018-07-18 12:18:00,2018-07-30 21:47:45,2018-08-20 00:00:00
0275c0ac1928093069b95bb67cba52d8,07bb78d58680e12babcfcb21476f9e14,delivered,2018-02-16 16:10:41,2018-02-16 16:27:09,2018-02-20 17:23:45,2018-03-14 11:45:37,2018-03-19 00:00:00
a975758d17a9e095a496f4283d9c3aca,a90b67461a9b141f23f0b1fcb25a5639,delivered,2017-08-03 14:34:26,2017-08-03 15:50:18,2017-08-04 18:23:43,2017-08-16 21:10:54,2017-08-25 00:00:00
ed83f6065ae47112c8cfbd22e231b6d8,39f51cf31b3d2266b99005da1b5d5b79,invoiced,2016-10-08 11:47:15,2016-10-08 13:24:51,,,2016-11-30 00:00:00
387304e2b5ef64131135043b69b26c69,10a718c72a2eb69c78ac4e550faffca5,delivered,2018-01-02 09:37:13,2018-01-02 09:50:28,2018-01-02 18:23:45,2018-01-15 23:48:31,2018-02-02 00:00:00
339063a819f93e6e25102c3bb66ab667,73e1e70b645c6ef82dda64348a5c2391,delivered,2018-04-20 13:46:38,2018-04-24 19:18:43,2018-04-23 19:26:40,2018-04-24 19:51:47,2018-05-09 00:00:00
efc7354b6901a8603031e2dfeb54926d,73f7e7f82b5e84706518d591d0d562df,delivered,2018-05-10 20:11:44,2018-05-11 09:10:53,2018-05-11 15:57:00,2018-05-16 19:38:39,2018-05-29 00:00:00
2ae054ef2ca5e6edea18284d0fcb9682,3fcfab0e565a45accff1282416588060,delivered,2018-06-07 10:35:03,2018-06-07 11:00:05,2018-06-08 15:44:00,2018-06-11 14:23:42,2018-07-04 00:00:00
ff41c61254c0df3698b8689d9493ffb0,2a5f9b176a5e7313e3836750a5dde869,delivered,2018-02-23 09:16:59,2018-02-23 09:31:02,2018-02-26 10:45:36,2018-03-27 20:18:29,2018-03-21 00:00:00
02b57c07010db3ded50936152756a6e8,edc347d8ae380a3e06d090a7991004d8,delivered,2018-02-17 17:58:51,2018-02-17 18:10:19,2018-02-20 11:34:17,2018-03-02 18:45:34,2018-03-13 00:00:00
b6e0e6fd530fd4d992e4e29014fbf251,735dd5621071478d47b3d04f4b3901fa,delivered,2018-06-08 12:06:19,2018-06-09 02:57:28,2018-06-11 12:41:00,2018-06-15 22:49:26,2018-07-13 00:00:00
41ff2ba0d19e828f41b858fbf8b3c3cb,a34dce08d0cb004c3672fbaf8d6a56cf,delivered,2017-11-24 20:25:42,2017-11-25 03:38:24,2017-11-28 00:18:53,2017-12-04 18:47:51,2017-12-08 00:00:00
b121103b92afc327fb33d0e75b368a72,3eb90dc317dd8c2f0bcb17210a723364,delivered,2018-01-27 21:05:52,2018-01-27 21:17:16,2018-01-30 18:39:44,2018-03-20 22:18:25,2018-02-22 00:00:00
2c12a0b42917704f04946e4ac2cfe69d,a7504d659dc52d836ea79c92b3da15fc,delivered,2017-09-06 15:56:43,2017-09-06 16:10:16,2017-09-08 19:41:24,2017-09-13 17:49:05,2017-10-03 00:00:00
9345ea7f31e39f37b596a47f3a1ea203,1e292a1892337d76520a685fa78c3280,delivered,2017-12-27 22:43:15,2017-12-29 02:09:49,2018-01-03 15:38:40,2018-02-06 19:49:29,2018-03-12 00:00:00
3022bc9eee8087dad85d0832b67b37b9,4bf88a7722cd83fc2bc891819c641690,delivered,2017-10-16 14:45:27,2017-10-18 15:26:41,2017-10-23 20:55:29,2017-10-25 20:23:45,2017-11-01 00:00:00
4071fd2362f826dbb5ea79880533cccf,a4e394f0af5d9354ae5618c0507b7bb6,delivered,2017-08-20 20:29:08,2017-08-20 20:45:15,2017-08-21 21:57:38,2017-08-25 19:06:41,2017-09-15 00:00:00
02ec4da9d03014f06d711d60eb37cc22,79e6d859cf83e9bf76a07629ca91a49c,shipped,2017-04-28 12:32:56,2017-04-28 13:05:49,2017-05-11 11:12:57,,2017-05-24 00:00:00
6b7de2635479caf94e86f987e12644da,9352054a03d9a32bc49b1df0947efb0a,delivered,2017-06-03 21:06:21,2017-06-03 21:24:45,2017-06-05 10:46:51,2017-06-12 15:13:55,2017-06-28 00:00:00
8634ecf96bfb8450dd73fd6596ec4f3c,657f5be43b148515a98a49797306291a,delivered,2017-09-18 21:39:05,2017-09-18 21:55:09,2017-09-19 16:27:21,2017-10-04 20:48:51,2017-10-16 00:00:00
d3afe40f7060b3287d948a6bdea42687,8fcf5bb811c9f0ce5cd194b56b5f0ae4,canceled,2018-02-05 22:13:02,2018-02-05 22:30:14,2018-02-06 21:42:51,,2018-02-21 00:00:00
2d21065be26736159d37305af015d63c,bc54266131e8deb8c73bd11b883f0f86,delivered,2018-06-30 20:27:51,2018-06-30 20:50:06,2018-07-02 13:43:00,2018-07-11 00:18:25,2018-07-31 00:00:00
2736ebe2dbefb6a46d862048be5f2dc8,7bf94f5f9cfed986a4d8c5dce64a397a,delivered,2018-05-16 09:24:44,2018-05-16 09:35:17,2018-05-17 14:19:00,2018-05-18 16:38:46,2018-05-24 00:00:00
8cbffbe81b61eeb7a472f618013b69f6,f35cbd980d07fb0425ade64df5ac1cff,delivered,2017-11-05 16:29:42,2017-11-07 07:30:29,2017-11-09 20:51:27,2017-11-22 13:16:54,2017-12-01 00:00:00
d4da0ded1ea8403f03239a9e2a64a062,0b17d2df0220cfbe7b412e9a8059395c,delivered,2018-06-05 08:56:45,2018-06-07 02:54:35,2018-06-07 08:16:00,2018-06-11 20:11:11,2018-07-16 00:00:00
9216a44f5b8ded17361603142a907289,8192999f1c06e98c177d5cdaf31d7412,delivered,2017-08-02 10:21:05,2017-08-02 10:30:25,2017-08-02 19:03:52,2017-08-09 17:46:17,2017-08-30 00:00:00
8ae7da80a0ae007c1d30c6ff5dc3bf26,d15d033d5e018800997e13b99c63de00,delivered,2017-12-07 12:21:00,2017-12-07 14:50:54,2017-12-12 14:28:46,2017-12-19 19:55:49,2018-01-02 00:00:00
10d96958b92a4df731c5f0d7e8694f4e,6104d6344ed5ffa39c84b3800921f443,delivered,2018-01-17 13:13:50,2018-01-17 13:29:36,2018-02-07 15:38:51,2018-02-08 13:53:07,2018-02-01 00:00:00
22558012625820980bfc951e437c97d5,fa4560374dfb90c4e50a7da55cb5bf9c,delivered,2018-05-14 18:00:53,2018-05-15 04:12:26,2018-05-15 13:48:00,2018-05-29 18:51:59,2018-05-29 00:00:00
851c1ec08214c18baed04be1c576fbd4,0222b08d0816bba0acbcc31ba1d6cc1a,delivered,2018-04-28 19:23:30,2018-04-28 19:35:14,2018-04-30 11:37:00,2018-05-04 16:42:54,2018-05-28 00:00:00
ba35a05db9ebce9e0964160badeda9b8,4c22b6fbb2fa829e31d83b4160faa4ee,delivered,2017-08-20 14:29:32,2017-08-20 14:44:21,2017-08-22 19:37:41,2017-09-04 17:04:28,2017-09-21 00:00:00
581b53cbadd804220b785d243c6b0ccd,e56af368707175509455ff15952b61bf,delivered,2018-06-14 21:18:25,2018-06-14 21:36:55,2018-06-15 12:40:00,2018-06-20 20:58:36,2018-07-05 00:00:00
fba0c44b4dd8bed3fa5f07fe8fa0da19,8cbdd6bf53357613715883305516dd11,delivered,2018-08-13 14:16:12,2018-08-14 04:24:26,2018-08-14 08:56:00,2018-08-15 16:56:22,2018-08-16 00:00:00
a83cf2c3eb9eb4370ba4d38c591fab3d,2256812884cb4b36961426f49b81cf09,delivered,2018-08-15 18:56:56,2018-08-17 03:09:50,2018-08-17 16:00:00,2018-08-28 22:04:58,2018-09-18 00:00:00
772bb5d1c259f2731fb87d079c3808f0,ce97fa320a9043140d221b5ade94c617,delivered,2018-08-03 11:49:18,2018-08-07 04:10:24,2018-08-07 18:13:00,2018-08-10 22:52:37,2018-08-08 00:00:00
8231afdd82b5ad4d2ed3f2445ed555a3,feb5ef44ca0e98bf0515ca7a21ca8c90,delivered,2018-01-23 12:48:24,2018-01-23 13:02:12,2018-01-26 15:08:01,2018-01-31 00:41:39,2018-02-07 00:00:00
0135675503322d804abef7ec5ed4824b,969678c7317657c3a5855fe90a69894c,delivered,2017-10-22 19:23:17,2017-10-22 19:35:26,2017-10-23 21:28:34,2017-10-30 19:35:52,2017-11-16 00:00:00
35168c4d0ad93a212d42d3fea68932e2,28b0260ad5c1c14102f3a9ec3ab5d6be,delivered,2018-04-12 09:08:01,2018-04-13 12:50:09,2018-04-16 17:32:27,2018-04-23 16:38:42,2018-05-14 00:00:00
4376d8f153985c918a99d7765693594f,f524e3df8cfc7cdbd6c87f756326756d,delivered,2018-01-31 23:44:57,2018-02-01 02:55:41,2018-02-06 23:36:44,2018-02-14 18:29:46,2018-03-06 00:00:00
7b7aa18c12be9bec06ecb74c33609bcf,e4f5e592e5ed9f4ee608a09ae76ea443,delivered,2017-06-22 14:41:04,2017-06-22 14:55:21,2017-06-26 14:58:08,2017-07-11 17:06:25,2017-07-21 00:00:00
ad8c5820e75335e6117e13d9f78f0a21,661104388a3c452adc6db3bbbb214f2d,delivered,2017-12-27 22:20:16,2017-12-27 22:37:31,2017-12-28 22:53:19,2018-01-08 22:19:50,2018-01-29 00:00:00
a1165481ec8e2c96688233954c7cfb7b,5d6ba9a28eb4cd87b8c65cc995850296,delivered,2017-12-03 11:32:32,2017-12-03 11:54:03,2017-12-06 22:09:31,2017-12-21 11:38:46,2017-12-20 00:00:00
eda6f38dade9e617edc1883e14094491,a63dbfab3ef9b3039729c1c73ce56cfc,delivered,2018-08-03 05:49:59,2018-08-03 06:04:12,2018-08-06 11:57:00,2018-08-14 15:48:38,2018-08-28 00:00:00
5069e2dbd0186add07ccb0af65724741,c1f10f7c10670ea8aead66d146e357a8,delivered,2017-11-17 08:29:52,2017-11-18 02:30:35,2017-11-20 18:54:47,2017-11-29 00:09:14,2017-12-11 00:00:00
13ba09b4ffd7128425cc35a9c382245f,9193133f3eb8df6f70cc93b069b56f09,delivered,2017-05-18 15:10:11,2017-05-18 15:22:51,2017-05-19 10:17:57,2017-05-29 09:52:51,2017-06-16 00:00:00
ada8c2a84a276ae03d468f7acf56ad36,99c1f06505371e40a1dd4e782cc6fc1e,delivered,2018-02-15 22:44:04,2018-02-16 14:32:14,2018-02-22 21:10:39,2018-03-05 23:04:40,2018-03-13 00:00:00
d2c42241f393fe85f13e04a3a402c40e,e21944bc1d3f9b04ed504bb6732a3198,delivered,2018-06-15 00:03:22,2018-06-15 00:19:10,2018-06-15 14:36:00,2018-06-20 14:15:28,2018-07-12 00:00:00
0be098c4a208559b0e6c96c3254481a7,fb9905dff73be7499c32a25c99961503,delivered,2018-06-22 10:18:32,2018-06-22 10:36:06,2018-06-26 14:25:00,2018-06-28 15:56:44,2018-07-31 00:00:00
21bf30b67562ae46581be368cdd971a6,8094bd1ea8a8453c1855f06552200117,delivered,2018-06-21 18:22:26,2018-06-21 18:40:58,2018-06-25 14:14:00,2018-07-03 16:50:58,2018-08-06 00:00:00
e288eff5f9db507c90e43976f4e83a5d,f18edbd308dd8784ffee6af3f20fd662,delivered,2017-05-18 11:19:11,2017-05-18 11:30:11,2017-05-22 13:09:31,2017-05-28 10:33:46,2017-06-07 00:00:00
5b0a937c574c108a5e2359af5665b99a,e2436ba9192da3fdf16eaaf26d17468d,delivered,2018-07-23 22:28:09,2018-07-24 10:31:30,2018-07-25 12:11:00,2018-07-31 20:27:39,2018-08-22 00:00:00
71ccac4998b863217b4480c50294b465,8a3440e2e5ec49f1c4cc3595d79364e4,delivered,2017-07-31 16:38:56,2017-08-02 08:32:55,2017-08-01 19:45:56,2017-08-04 17:32:12,2017-08-18 00:00:00
db9458d0bbfff27cf6ff5b9342087fd0,05075b9433e8f047f3ba7a5ada189809,delivered,2017-09-01 12:05:54,2017-09-01 12:25:14,2017-09-04 19:47:34,2017-09-11 23:16:18,2017-09-27 00:00:00
0c9c4433b5b33bcc077a814c9dd7dc3b,d4e705a6e6b5f0c5cb1c2ad86d6dc306,delivered,2018-05-08 18:39:36,2018-05-09 18:35:15,2018-05-10 11:07:00,2018-05-18 12:41:57,2018-05-29 00:00:00
8c10b4712b6c450e49bcfb6b1e48449f,746c850fc3309628645b7b22b4603e55,delivered,2017-01-27 16:31:12,2017-01-31 04:38:25,2017-01-31 09:38:28,2017-02-07 12:37:51,2017-03-16 00:00:00
81aa3cffc965f29788470b3e2550da67,5fb5fbe39b9e4109881ace8ec13c3e6a,delivered,2018-05-04 17:31:14,2018-05-05 03:33:39,2018-05-10 13:13:00,2018-05-12 15:26:36,2018-05-18 00:00:00
2c06e4f488be0af43964ad30b123034e,292d8563fc70947dd2010aa36b726cdc,delivered,2018-05-11 13:54:07,2018-05-15 05:32:34,2018-05-15 15:31:00,2018-06-08 23:42:49,2018-06-07 00:00:00
bc7a8b1110cf6edfecfcb0a1484f36dd,8f1c3de99f55c6919397f474529e82f3,delivered,2017-09-19 09:59:54,2017-09-21 03:04:43,2017-09-21 15:02:43,2017-10-03 20:10:39,2017-10-17 00:00:00
d65e0d373069ac61e2aa3f9212451d44,054436f8b0565d7b5c66e9066b564393,delivered,2018-08-08 12:45:33,2018-08-08 13:05:05,2018-08-08 14:02:00,2018-08-10 15:38:54,2018-08-17 00:00:00
5a509a6537686bc8e701a4461631e965,cb38d00c9e5573f32758d4d3dfa382ab,delivered,2018-05-21 07:28:32,2018-05-22 08:16:33,2018-05-22 13:43:00,2018-06-04 15:02:31,2018-06-13 00:00:00
8da1dafa8af2a466377128c20248f17a,8115d0cc7c08310f8892c84fd64da3d8,delivered,2018-01-03 08:59:24,2018-01-03 09:09:22,2018-01-03 22:38:58,2018-01-09 13:53:27,2018-01-26 00:00:00
787ac1a9069f42d0d1133eb74cadfa4e,f2ecf3262244776c6b11f4d34e7253eb,delivered,2017-12-23 18:20:38,2017-12-23 18:32:30,2017-12-28 22:12:53,2018-01-11 20:19:15,2018-01-31 00:00:00
04fa206258b069b5900dd56e6cc87a63,984cf72312d65695c494a2d60d43857e,delivered,2018-04-02 10:54:09,2018-04-03 05:30:19,2018-04-04 17:26:33,2018-04-17 01:46:42,2018-05-07 00:00:00
34eb84795617859f326a6615f0fff940,1c856348dd9199309cdf983663318660,delivered,2018-07-02 20:21:20,2018-07-05 16:26:38,2018-07-04 12:25:00,2018-07-10 20:42:26,2018-07-25 00:00:00
38d008f131c77e33467b6aee3636927a,96e26d6a7da13d14145214ac82da5d97,delivered,2018-07-11 22:12:14,2018-07-11 22:26:20,2018-07-13 15:15:00,2018-07-26 11:48:20,2018-08-02 00:00:00
98b3885985a1ea8bdd914f2d41f56397,c8d80d8d1c6f976f76b02d540c8ab5e4,delivered,2018-01-16 16:58:16,2018-01-16 17:10:10,2018-01-17 21:48:52,2018-01-24 21:56:56,2018-02-07 00:00:00
631252ac24a799cf8f1c7823248527d5,e00cd6b2b1b0bd04a6813359a2698380,delivered,2017-07-16 21:52:58,2017-07-16 22:05:49,2017-07-21 12:45:55,2017-07-28 22:07:58,2017-08-09 00:00:00
0a8724bf3ecd49bce712851bbbecaf35,89aab649693a7e5995fa951d8d2fcdd7,delivered,2017-10-18 23:24:26,2017-10-20 00:35:26,2017-10-24 20:17:49,2017-11-01 19:13:06,2017-11-09 00:00:00
95e9a74f93bf0b409758d0e5a5765f12,005c611fb96be942e75d22129c370268,delivered,2017-02-13 19:20:21,2017-02-13 19:30:15,2017-02-14 10:57:22,2017-03-01 10:58:06,2017-03-28 00:00:00
c0f132a2c5e9f2bf23bf5671d6fd980c,fcdf5b6f9af1bd5b18fe20379e88e995,delivered,2017-10-10 14:54:38,2017-10-10 15:07:15,2017-10-11 20:19:55,2017-10-18 02:26:34,2017-10-25 00:00:00
275ae89ba1c842d7ce099ed4c633f686,ca39acfa3cd47ed2dc3cd99f34f400ea,delivered,2017-04-09 12:12:51,2017-04-09 12:25:54,2017-04-25 11:45:54,2017-05-11 08:33:55,2017-05-08 00:00:00
9934e7ff8eaacba82131dd85b7a0e156,c9f36cd5a864394f34c09abd36cb8939,delivered,2017-03-15 10:48:52,2017-03-15 10:48:52,2017-03-20 08:03:52,2017-04-04 13:17:43,2017-04-18 00:00:00
7d52cc13ad48508237527a8681689106,505ee5518f572ff3d0330e62351f24db,delivered,2018-02-05 22:54:03,2018-02-05 23:10:35,2018-02-08 22:30:02,2018-02-23 19:05:19,2018-03-12 00:00:00
2a4cf847d8e23123b4421ef7f7dc3d9f,0d10f3ce86eae5da478b5475eb2f03bd,delivered,2017-08-31 16:38:29,2017-08-31 16:50:08,2017-09-05 21:42:43,2017-09-11 18:28:09,2017-09-29 00:00:00
36108669803b643f152340b95c2220bc,37f6cb0c73a428a9933a40e06c5f9962,delivered,2018-06-09 12:27:49,2018-06-09 12:58:42,2018-06-12 14:30:00,2018-06-18 13:32:59,2018-07-11 00:00:00
a7c94ed332c0c561f69399316f9eca6d,bbf97a03667b4f6f728bd541f565e342,delivered,2018-03-20 07:33:21,2018-03-20 07:47:36,2018-03-21 19:52:24,2018-04-17 23:11:13,2018-04-11 00:00:00
c69a753d027c44254d7964a47718c07e,dfabae7548b656d6a0d4b68896377ddc,delivered,2018-05-10 01:01:48,2018-05-10 01:10:11,2018-05-10 15:55:00,2018-05-23 19:33:09,2018-06-11 00:00:00
dd8be73e85782b63839fa3ef40ac6710,c2580e74802260a0d0631965d7d67050,delivered,2018-08-12 11:09:02,2018-08-12 11:24:18,2018-08-15 13:56:00,2018-08-28 21:53:37,2018-09-10 00:00:00
3a8841b93b2522714e4143cff4f54ca4,1e959e1f5920cba43823fa9f95673b83,delivered,2017-07-09 12:25:07,2017-07-10 12:30:21,2017-07-11 19:33:56,2017-07-21 01:29:36,2017-08-03 00:00:00
c0d7ffda628810fb83a35a91d1a21887,445d56034deae00d9b8d3cebd39b1757,delivered,2018-03-29 09:29:58,2018-03-29 09:48:24,2018-03-29 19:28:43,2018-04-11 12:45:39,2018-04-20 00:00:00
64f25972cba1c6faca4f32c7ac90e3c2,de773f0763895b484c5b5eb51f63d633,delivered,2018-08-03 22:10:05,2018-08-03 22:24:12,2018-08-06 17:19:00,2018-08-15 01:36:43,2018-08-21 00:00:00
72c81a6a9dcf354f87393c361caa13ce,1cd146c5b0b02ca65ae036c0dfcc2f3f,delivered,2018-07-20 15:56:15,2018-07-21 15:50:12,2018-07-23 11:39:00,2018-07-24 18:30:46,2018-07-30 00:00:00
4a02e985c7239d866a632f07ed20d9c0,9c449813f9569a241e5daa4e2e1ba726,delivered,2017-10-05 11:26:37,2017-10-05 11:44:56,2017-10-11 21:53:52,2017-10-24 15:56:55,2017-10-24 00:00:00
ca228c2c6dc307c077c98d26bb8de09d,8a4f44051fd5fa69f325ed4735b6b358,delivered,2017-07-21 17:00:36,2017-07-21 17:15:26,2017-07-26 00:52:08,2017-07-31 18:04:01,2017-08-15 00:00:00
cb2957ca3cf764ff3a56c6f07e724f72,cdc02c907bf0d822d18c0d4e84625c71,delivered,2018-08-13 14:08:19,2018-08-13 14:24:24,2018-08-15 14:33:00,2018-08-21 00:18:26,2018-08-27 00:00:00
9273f28e7eea7b34cf6d09d37dad4fa5,394b045eaa57c5395a95bb541807222c,delivered,2018-02-27 17:29:36,2018-02-27 17:48:54,2018-02-28 17:15:57,2018-03-17 00:06:24,2018-03-19 00:00:00
e3ec1fb07ab3a6e29c651b574fa01848,541bd8b27db2fa725be753519ccac60b,delivered,2017-04-24 14:10:56,2017-04-24 14:22:28,2017-04-25 10:22:07,2017-05-15 12:17:07,2017-05-25 00:00:00
998b90bcfc77ff711912c1c14dcff885,0b1899150b4ee7ae778d02ecb621324f,canceled,2017-07-05 21:56:09,,,,2017-07-27 00:00:00
ade5cd7237fbcad3ccc1177645e6884f,3aa98a0dbd145c27ee805e2f62a3df8d,delivered,2018-07-22 12:29:24,2018-07-23 11:31:40,2018-07-24 14:21:00,2018-07-28 18:12:51,2018-08-27 00:00:00
932ceb7851a40ee01ccc9bd9c2d2e772,7274e70c46177021b5cb5670b4941d8f,delivered,2017-08-19 11:13:08,2017-08-19 11:25:37,2017-08-22 17:52:26,2017-08-24 16:08:06,2017-09-01 00:00:00
0d5a43468a7d06bbb3f055417223c8e3,1650ccca902096ba9c7eae2a3b231ca0,delivered,2017-08-22 18:03:05,2017-08-22 18:32:22,2017-08-23 19:53:10,2017-08-31 21:45:00,2017-09-12 00:00:00
91427fef1ca1431d3d86d7bcd0b51ebc,7c76a5b5aa012d92c8ae66e6f6311db4,unavailable,2017-09-29 12:00:01,2017-10-02 11:49:08,,,2017-10-20 00:00:00
1104851f6f6ff9451fdd8e8b980e18bd,377796a47a051edd1c8974f1d78e0d8b,delivered,2018-04-11 22:35:02,2018-04-11 22:49:32,2018-04-12 20:34:37,2018-04-16 18:03:20,2018-04-27 00:00:00
921fac391a5b1aa6ef7fc2e5277a8d52,63ab4381be844ae587baa2613607dab3,delivered,2018-03-26 15:33:39,2018-03-26 15:48:20,2018-03-28 20:25:54,2018-04-06 23:54:24,2018-04-12 00:00:00
d7de9dbe0c0b04bf4402594c60a4991f,adc7e176b64463912b51e3ea74c2a390,delivered,2017-07-25 15:37:40,2017-07-25 15:50:19,2017-07-26 16:07:48,2017-08-02 17:16:00,2017-09-12 00:00:00
b4a4c9808ae2aa7c8811e9666d5f9058,a4eac3f283d1dd74c10fa10152119c89,delivered,2017-03-12 14:18:03,2017-03-12 14:18:03,2017-03-14 13:07:46,2017-03-20 12:07:06,2017-04-03 00:00:00
ea65d548a7f45a2343930a3223974a21,2f26bf00de89ac3d03038b4b775f9bf2,delivered,2018-04-04 17:42:30,2018-04-06 03:15:40,2018-04-07 01:44:47,2018-04-16 17:52:30,2018-04-30 00:00:00
f2289364095eca9fbc96b91e58d4aaa7,4469fb1aee7f65683bcbcf6b569f020c,delivered,2017-10-09 20:30:10,2017-10-11 03:14:10,2017-10-11 15:15:11,2017-10-17 20:23:59,2017-10-27 00:00:00
d0836b3ff071bfc93b8a3c5acd8b63a6,742180681070ca64b3865e44676b373a,delivered,2017-09-14 15:26:14,2017-09-14 15:35:29,2017-09-19 16:59:01,2017-09-25 18:26:40,2017-10-02 00:00:00
c1790253dbc3ea071a2405222e2fe8e4,c3e428d2ea3743820fc418a630afa102,delivered,2018-01-25 20:02:18,2018-01-25 20:16:03,2018-01-26 18:22:07,2018-01-31 19:17:06,2018-02-09 00:00:00
e66a74734acaddadf5cfd457c01cb10d,18f5e10a8304a6dc7571a8e8c527be5c,delivered,2017-04-17 17:27:03,2017-04-17 17:42:33,2017-04-18 17:00:17,2017-04-28 13:09:34,2017-05-10 00:00:00
3e0c3cab458e8b3cc8d1d38ecb7e7775,fcc4ed69deb551648926eab09355a9c5,delivered,2018-07-29 10:08:22,2018-08-01 16:31:35,2018-08-03 08:03:00,2018-08-14 17:32:35,2018-08-21 00:00:00
b30bd6eee81df744ad27bdb53eeb9035,c983354c81954c824fb85f3c667e6d6b,delivered,2017-10-11 18:53:50,2017-10-12 02:30:52,2017-10-16 22:06:43,2017-10-19 18:52:17,2017-10-30 00:00:00
80a65b64ff5b2a3d831d8764ec4b17f0,26c149bebd475a62be04365d6c2064fa,delivered,2017-11-24 00:18:49,2017-11-26 00:34:26,2017-12-02 01:23:08,2017-12-18 16:09:28,2017-12-15 00:00:00
b3cade492748e3a55960d5b64615dd25,ac088157734accdd00d4b89e2fed8676,delivered,2018-03-19 20:08:47,2018-03-19 20:27:58,2018-03-20 23:32:00,2018-03-28 09:22:40,2018-04-09 00:00:00
78a567dacc45a1f72d4ad754a6cf82b0,40d476acc6770da6c864721bd0360d0f,delivered,2017-10-06 15:06:25,2017-10-06 15:14:27,2017-10-09 14:42:00,2017-10-17 17:13:26,2017-11-07 00:00:00
bc8d5236efa331461a16b701994814ff,8641ae0b6a5ff6984fb796d677e96e82,delivered,2017-04-01 18:39:34,2017-04-01 18:50:27,2017-04-06 12:59:49,2017-04-19 15:47:51,2017-05-09 00:00:00
7857d15c4666556ebb610d938f32eb4f,8a8f4a93942a74ef55e00021748bf25c,delivered,2018-02-08 01:33:35,2018-02-08 11:35:26,2018-02-09 17:09:22,2018-02-19 16:58:55,2018-02-26 00:00:00
b42c74ef741f507b421d3dfb4949178f,4312276d4e4b3007a437693e5a39887d,delivered,2018-08-26 22:48:32,2018-08-26 22:55:23,2018-08-27 13:37:00,2018-08-28 18:48:36,2018-08-30 00:00:00
82aad85e20d52a3ebdf5d42b6352a1fa,1874506111e24e1ebaf030afd2356862,delivered,2018-08-10 09:08:46,2018-08-13 09:45:14,2018-08-13 14:15:00,2018-08-15 20:42:42,2018-08-20 00:00:00
e592e00712df4f05bd73ad01993c0251,041c1b581b3d75b637507c4bc0e4905f,delivered,2018-04-29 16:27:58,2018-04-29 16:54:26,2018-04-30 14:24:00,2018-05-07 18:08:39,2018-05-18 00:00:00
0fe0d22222f747a218a2596963d8b364,c2d3185f5df5ad32ea5928c8c4f7ab27,delivered,2018-01-23 18:20:29,2018-01-23 18:38:45,2018-01-24 21:24:26,2018-01-29 19:03:25,2018-02-15 00:00:00
235a7628971a90567378815bf35d2a67,73079efbc7fdf6ce0d8b8c4b1fb8698a,delivered,2018-02-12 14:39:15,2018-02-12 14:50:44,2018-02-14 18:48:59,2018-02-16 17:36:06,2018-03-13 00:00:00
e8f9c3d144b4f81b7250b660737b1256,9945b9b12c55447613e1cb11e21eb4e6,delivered,2018-05-18 19:40:27,2018-05-18 19:55:33,2018-05-22 13:10:00,2018-05-23 13:42:11,2018-05-30 00:00:00
a5065fe7bc5f7610327f36842025dec0,1c40b22bfeb52e077c9e77111dda2083,delivered,2017-12-19 23:42:29,2017-12-20 00:51:25,2017-12-20 19:34:07,2017-12-28 21:58:47,2018-01-19 00:00:00
3a2c2f3f6c91d518c900476c6f7ef027,87a881096307226b4dc03e9fa748cfbb,delivered,2018-01-06 20:29:02,2018-01-06 20:46:37,2018-02-03 15:38:26,2018-02-16 16:04:05,2018-03-19 00:00:00
81b78f9b7ef4f71326aaf32e50912a07,ac1ef6bff3cbd0587a419d15a6ad25bc,delivered,2017-09-12 12:25:01,2017-09-12 12:35:23,2017-09-12 20:03:35,2017-09-21 20:47:57,2017-10-04 00:00:00
1df5ad6aeceb5bb17ae3e7a095592d23,1dda9292985a1cff6f564e142b6a430d,delivered,2018-07-31 20:19:04,2018-07-31 21:00:09,2018-08-01 11:43:00,2018-08-08 19:51:36,2018-08-17 00:00:00
31da6b20b9e1d1376bd442a0d4ad0607,89a704082896dad4019e7621a83431f0,delivered,2017-09-10 18:54:00,2017-09-10 19:10:15,2017-09-11 16:56:55,2017-09-27 09:52:53,2017-10-02 00:00:00
c17afd24d0fb29f48d670eb52bc1036e,5e8a8f670905d99e5c29facff7f833f9,delivered,2018-03-06 20:57:24,2018-03-06 21:15:38,2018-03-08 20:37:34,2018-04-04 19:52:07,2018-03-27 00:00:00
42326771e9fef8586133e2e6102f87ca,30ec382d461aa51fc8557107836bc01d,delivered,2018-07-10 10:13:03,2018-07-11 03:45:50,2018-07-11 09:27:00,2018-07-27 00:54:58,2018-08-08 00:00:00
6d81c04e1888cf43b0ec0f83b5efe746,07ec17f4488030f86f4790f7be847ac0,delivered,2018-03-27 17:51:13,2018-03-27 18:09:12,2018-03-28 20:52:13,2018-05-22 22:08:45,2018-04-16 00:00:00
30eb48d11917481e5af28f68d39002e9,68cd91afaeceabf5c63c34023c845dca,delivered,2018-07-31 12:42:46,2018-07-31 13:20:14,2018-08-03 12:39:00,2018-08-07 20:53:58,2018-08-15 00:00:00
af708ee16b7235a771351ce35ef441a7,eee939388ce26a89882d667d7f2a0ce4,delivered,2017-11-24 22:19:09,2017-11-25 01:32:48,2017-11-29 19:55:51,2017-12-07 18:58:52,2017-12-15 00:00:00
41e866f2cb3db6d51b8e5dc6ef961a0c,c7cf0368034f336d46606b95ef7f2ffe,delivered,2017-07-02 10:09:11,2017-07-02 10:25:07,2017-07-06 14:36:58,2017-07-11 19:59:25,2017-07-21 00:00:00
891789fb3e59a4855409c304a13ab7ac,bf3097de3484d5f680a98f77410d7947,delivered,2018-04-11 19:19:43,2018-04-11 19:35:13,2018-04-12 20:36:27,2018-04-24 18:56:28,2018-05-07 00:00:00
fc719b274382a0834f125796832ab9a5,b90bea4e34cc5dcd221deeaa6f645aac,delivered,2018-07-02 13:16:53,2018-07-02 13:50:31,2018-07-04 14:30:00,2018-07-09 21:06:47,2018-07-30 00:00:00
03fe9fc6d464322a67f3a221777a82d3,7a096b2118d6b610b1a4efb484f76750,delivered,2017-04-25 20:09:27,2017-04-25 20:22:39,2017-04-26 12:16:58,2017-05-02 08:17:54,2017-05-12 00:00:00
12110189ef70d77e946c6a0bd7b945a8,bf869ccfff4c893dbcb79dc0ca96043e,delivered,2018-05-21 11:42:35,2018-05-21 15:31:58,2018-05-22 13:13:00,2018-06-20 22:58:47,2018-06-07 00:00:00
6b0eaae462243e328c81413a0b1968ed,d76e9fe365aae1bb4307f9676894d9c3,delivered,2018-02-19 10:53:23,2018-02-20 14:35:27,2018-02-21 20:37:04,2018-02-24 14:48:54,2018-03-05 00:00:00
6fd8d29c2aba16768615748086578d34,cc8051d0a68c5d5e3b6d10ac3d29f864,delivered,2018-01-03 22:26:49,2018-01-03 22:38:27,2018-01-09 21:25:58,2018-01-16 20:43:00,2018-02-06 00:00:00
41ecdff9b0271b1886aecfab66d5a75a,8d465d71610b10c8ed13a96a5d9a3812,delivered,2018-07-01 19:53:44,2018-07-01 20:10:03,2018-07-03 06:06:00,2018-07-04 22:32:39,2018-07-20 00:00:00
65b083a73802b06ce985dcc501f63181,bea786469988f01a94221fbda07470f4,delivered,2018-02-10 18:09:15,2018-02-10 18:25:42,2018-02-14 19:58:29,2018-02-21 13:37:42,2018-03-16 00:00:00
ba8f5f6ccc272ef699a870b21ca9f9cf,8b506f4dc52ba6daee9c1ac2987caa26,delivered,2018-06-23 20:36:11,2018-06-26 04:59:20,2018-06-26 07:41:00,2018-06-29 13:47:40,2018-07-17 00:00:00
086ce45c7045b3c6a4b503bd3ec73413,8252655b48754d4856929c20348a6acf,delivered,2017-11-24 13:48:39,2017-11-28 12:32:04,2017-12-04 19:47:43,2017-12-19 15:53:24,2017-12-21 00:00:00
3af06414a3acfc16eadcc64c0b6a8f7c,87a53518635b34bf0dbe32e6a7adfc95,delivered,2018-04-20 04:04:50,2018-04-24 18:59:13,2018-04-23 18:08:42,2018-04-30 22:17:32,2018-05-14 00:00:00
d09d5f730802cf15c3cd323641cfb880,3a0cd0ac0e59287c5818e5dc9058041d,delivered,2017-12-07 21:34:46,2017-12-07 21:50:36,2017-12-13 13:15:42,2017-12-22 21:58:53,2018-01-05 00:00:00
39b13503bf74cb241771a5bdc7608426,d6385039bea77b65a318dba1b6c23534,delivered,2018-06-02 12:03:54,2018-06-02 12:15:10,2018-06-04 15:04:00,2018-06-07 14:31:45,2018-06-28 00:00:00
14e9f1caf8efa770b1a67ec0adf24737,fd46506877753a9376b97111978b4d55,delivered,2018-04-25 05:40:24,2018-04-27 03:35:18,2018-05-02 11:07:00,2018-05-24 20:30:38,2018-06-01 00:00:00
6651f029ead38cdcfbbe495f5cce1e4a,12638fa4003c4213b65e5ebdb9560a6d,delivered,2018-07-25 14:43:57,2018-07-27 02:10:35,2018-07-30 12:26:00,2018-08-02 16:26:31,2018-08-16 00:00:00
f736c451b8bfbfbbf8164a476b28bf98,e01ddbe8a8780adb92d8e4ca044fac5d,delivered,2017-03-07 09:01:27,2017-03-07 09:15:12,2017-03-09 11:08:59,2017-03-21 09:55:36,2017-03-24 00:00:00
aebc61a2aabcd8a45a4cc020315b062b,116e61267da6ef3a47bccb205a073257,delivered,2017-11-11 20:05:03,2017-11-14 03:35:36,2017-11-14 20:39:10,2017-11-23 17:24:00,2017-12-08 00:00:00
f600e48affe0d3aefb6e206a0ead6dd4,e3d8082f86e27f65df3458aad1284e2a,delivered,2017-07-12 17:09:43,2017-07-12 17:23:56,2017-07-13 19:06:05,2017-07-18 17:48:02,2017-08-01 00:00:00
29692492693482bc3acf19d97fac69f8,77d37793778e3c3f9269674153a5303c,delivered,2018-01-22 16:33:10,2018-01-22 17:00:15,2018-01-25 17:55:43,2018-02-03 01:44:30,2018-02-14 00:00:00
a358ba5ce5b7dbcdcf204310f665a61d,b9cd4f6b66ba893869382d4c3aeaba1b,delivered,2017-07-14 22:26:46,2017-07-15 03:33:30,2017-07-17 17:27:52,2017-07-27 16:42:36,2017-08-07 00:00:00
6a0bb0ba8a97dd4ed115462820be7e1f,fd04313d2ad50c81b437c3955965cd11,delivered,2017-10-13 21:06:11,2017-10-13 21:14:19,2017-10-16 18:30:07,2017-10-26 21:23:59,2017-11-14 00:00:00
7180475b60fe6bbbde424d39704a1177,06f94f3ddb4cda1e24b2ccb1bb853a9d,delivered,2018-05-13 22:49:31,2018-05-13 23:11:47,2018-05-14 13:07:00,2018-05-17 16:26:47,2018-05-28 00:00:00
94781b7e571ded2ff6f80434f6fe2a43,4442ce3a2d4bb4bc6c5752a8dfb37806,delivered,2017-09-25 13:55:03,2017-09-25 14:06:10,2017-09-27 18:58:38,2017-10-04 18:58:42,2017-10-20 00:00:00
db7b454406f5f1f11a4aeb0ee58f473b,d71bdcc4e1a87e56ca3b9be916aecdad,delivered,2017-10-18 16:53:02,2017-10-18 17:07:39,2017-10-23 19:50:05,2017-11-03 18:57:40,2017-11-14 00:00:00
d4fde1071e39ee8e421d916f13291d2a,7908869eef5b1d617f3fbd80c10231b2,delivered,2017-10-27 09:21:21,2017-10-27 09:35:48,2017-10-27 21:05:53,2017-11-06 14:53:00,2017-11-16 00:00:00
3ef8344e342218131639ab03da0189cc,2e46c31c650127ff0d84863a87d45bfa,delivered,2017-08-18 11:09:05,2017-08-18 11:25:13,2017-08-21 15:23:31,2017-08-30 14:46:15,2017-09-12 00:00:00
c4f8b593d018d585660bb519a77b7b67,c5e42d53353b4c848046100a39ed0ae4,delivered,2017-04-19 22:20:09,2017-04-19 22:30:19,2017-04-27 16:53:55,2017-05-17 15:48:51,2017-05-18 00:00:00
653a2ccc6028ee6e10f893c52c4201d0,784096dabc6f982b88517145eb86020b,delivered,2018-03-15 09:29:49,2018-03-15 09:49:32,2018-03-15 21:26:43,2018-04-12 14:46:43,2018-04-06 00:00:00
2ebf4831c8124ddda843647bee14397d,b7c0b338847e5077622796a14a4632a1,delivered,2018-01-02 11:40:17,2018-01-03 04:19:28,2018-01-08 19:42:38,2018-01-17 22:16:48,2018-01-31 00:00:00
33db6a64af296383d427caeecd193d87,9179a6ee349886a828e6a7fb9ca5c891,delivered,2017-07-31 12:27:19,2017-07-31 12:43:15,2017-08-03 20:28:34,2017-08-24 21:30:03,2017-09-01 00:00:00
6ed054767cc606ee0ba32d41471a9b1b,67963c9d23067c44d4095d9a185da880,delivered,2017-08-08 21:38:30,2017-08-08 21:50:20,2017-08-11 20:22:22,2017-08-24 20:18:50,2017-08-30 00:00:00
8a56e815ea075300734800bf2c0b52cb,dc4ccb16a7eaa7202d6c84c8aa49615c,delivered,2017-04-06 13:56:03,2017-04-06 14:05:15,2017-04-11 08:05:30,2017-04-17 13:56:51,2017-05-04 00:00:00
0236711b7bfcba7479639be980c21128,f1078903d2e4453e0d1905618174a3dc,delivered,2017-06-14 16:19:07,2017-06-14 16:31:47,2017-06-23 08:57:42,2017-07-05 13:12:40,2017-07-17 00:00:00
cdf1adfa9a3cf815978e278a6f1cd705,5f7d5e6954344544f7d565f0520bcf72,delivered,2018-02-01 17:20:27,2018-02-01 17:35:25,2018-02-02 22:18:35,2018-02-09 21:58:49,2018-02-26 00:00:00
7ece8c3c916bb0366f54e22a77936af4,fc7cef7a658fab6726b33a3c8bb3894b,delivered,2018-01-19 20:48:28,2018-01-19 20:57:58,2018-01-22 22:53:23,2018-02-06 16:38:43,2018-02-19 00:00:00
efc75f1677aeaa527dfe4cda208338c2,cdcb437137d86829b6caae6927b33fef,delivered,2018-01-19 12:10:52,2018-01-20 09:08:45,2018-01-23 19:24:34,2018-02-10 18:23:02,2018-02-15 00:00:00
1cbde8a2b58c785c3d828e18adb3ea6b,e0e3c77280b2d72dce34069558b114ef,delivered,2018-04-18 14:36:21,2018-04-19 08:15:23,2018-04-19 23:11:34,2018-05-02 22:16:47,2018-05-16 00:00:00
4ab1a1bf9908b4d876f0706c742fb14d,a8358238f44b4fc7e18c7fd54404eaae,delivered,2018-06-21 09:09:56,2018-06-21 09:42:57,2018-06-21 13:42:00,2018-06-22 16:18:43,2018-07-04 00:00:00
391e4611402ae83da47d1402febe6cc5,bf6c847cd8cd1d73697a2355398d221f,delivered,2018-07-21 10:40:00,2018-07-21 10:50:15,2018-07-24 12:59:00,2018-08-02 18:56:56,2018-08-21 00:00:00
5b139baf2eee4dee89f9d990dcc4636c,9212bd8a8b1c001d716214c44892b1f9,delivered,2018-02-26 17:58:04,2018-02-26 18:10:27,2018-02-28 23:37:03,2018-03-14 20:41:57,2018-03-26 00:00:00
61fa17b757ab7e6e7900e8ea76786e0d,035da1211e1f631ab58ceb5e614d3bd6,delivered,2017-10-20 08:23:45,2017-10-21 15:49:10,2017-10-25 11:53:09,2017-11-07 17:32:21,2017-11-10 00:00:00
a24b70bd7c0e606f160120c5114a303d,04525298a3c6f9744df148b9f91dc0b2,delivered,2017-10-27 11:52:25,2017-10-27 12:08:40,2017-10-31 18:17:48,2017-11-14 21:19:43,2017-11-16 00:00:00
b31abb023394a29b43fecccb03f6f2b1,def42c40dbf9c7cf6ccb2ab9f133ab3e,delivered,2017-07-19 10:51:23,2017-07-19 11:05:19,2017-07-26 06:07:01,2017-07-31 18:57:45,2017-08-14 00:00:00
c4c55b747930acd84e6c499e461852df,fa3e77981c620b52d92ee2d390543f63,delivered,2017-11-29 10:29:45,2017-11-29 10:37:29,2017-12-05 20:17:51,2017-12-08 14:23:11,2017-12-13 00:00:00
8428cdf79e64b95486e06ad5d0573e22,3303404d891a25079e25394503ae31f6,delivered,2018-03-13 00:29:25,2018-03-13 01:20:22,2018-03-14 20:20:44,2018-04-12 18:19:10,2018-04-13 00:00:00
ebfb1b4991e29d9c1ed373ee9aac10ac,d359f83ac017550fefc8ef86e4a03911,delivered,2017-11-28 14:01:46,2017-11-28 14:20:07,2017-12-04 16:59:46,2017-12-13 15:21:50,2017-12-21 00:00:00
30002c6a65f9337d0115eeb979d0cdf0,ac984030bf8b2af28bd4ae469a16824c,delivered,2018-03-03 15:46:07,2018-03-03 16:08:42,2018-03-05 18:06:36,2018-04-09 20:42:46,2018-03-23 00:00:00
565a7bc14e1f825b163c6a51d74f4206,7a94daa481a6da66609f5d721c4cecee,delivered,2018-08-07 13:44:12,2018-08-07 14:04:50,2018-08-09 11:56:00,2018-08-30 16:49:02,2018-08-28 00:00:00
ad71363d48c02a2e93bc7f75ff187708,f038ed08b8c69afe5c0ca28ef6c5325f,delivered,2018-06-08 14:32:25,2018-06-08 16:30:41,2018-06-11 12:26:00,2018-06-14 15:42:14,2018-07-12 00:00:00
d4bf023e837c3f54ebf5a9abe045fb93,e1c76478a5565c5330dcba4917e1f0f8,delivered,2018-02-21 23:19:39,2018-02-21 23:30:27,2018-02-26 16:09:52,2018-02-27 16:09:39,2018-03-07 00:00:00
2ab7caa24a5d02dee343802f4031a20a,b265cea94172b4cde4359b69d089b2cd,delivered,2018-02-14 09:52:07,2018-02-14 10:27:12,2018-02-21 15:21:47,2018-03-12 22:36:33,2018-03-12 00:00:00
db28a85f64c84ecf4ef58cddcaa1cf50,c52ff4aa2f3f57f45ea7ce0126fd5de2,delivered,2018-02-21 16:48:43,2018-02-21 17:05:41,2018-02-22 23:42:10,2018-03-03 17:11:51,2018-03-13 00:00:00
69a8b09c27431364c37629468a6e156a,516d80acf7e949f9cbd5839faf326a19,delivered,2017-04-03 07:35:40,2017-04-04 06:02:37,2017-04-05 08:26:55,2017-04-10 14:05:23,2017-04-26 00:00:00
3126f9033bb01e9ee608943fe2f1202a,acf6a22037e1d79fb496b269a5490e8e,delivered,2017-12-14 21:35:29,2017-12-14 21:50:26,2017-12-16 03:53:07,2018-01-05 18:22:47,2018-01-12 00:00:00
d22d63ea1239b6d93684618e90fd59ed,166051780ab1289739371d60ae85e30a,delivered,2018-05-19 15:05:10,2018-05-19 16:59:35,2018-06-07 07:48:00,2018-06-18 21:29:33,2018-06-20 00:00:00
1697ab1c88a58d47fe0154b461397e19,f58300dfb9b940e4fe6950df8188c5bb,delivered,2017-06-17 17:04:27,2017-06-17 17:15:19,2017-06-19 20:12:27,2017-07-03 10:52:09,2017-07-18 00:00:00
5b3a926fc80185c14ef56c6fa3a45b82,7e78ca348b74ae556080874a6da47db4,delivered,2017-06-18 23:13:27,2017-06-18 23:23:24,2017-06-19 12:14:44,2017-06-30 06:46:21,2017-07-11 00:00:00
daae1dccdda7030344927bf7d8bbadb0,4d3f9f3302f3c5c144ef518246e4a66f,delivered,2018-05-01 13:14:52,2018-05-01 13:36:07,2018-05-07 07:02:00,2018-05-15 19:40:38,2018-05-29 00:00:00
6d82fb84caeb4867e10314d00ee91ca1,60557beabb29add89b6ad201ff7ab80d,delivered,2018-03-29 13:26:25,2018-04-03 05:10:34,2018-04-04 18:24:51,2018-04-25 19:08:45,2018-04-19 00:00:00
5b564ae719f89063362d24f1729d7ca2,7ee5f19c7369b67e6b814185b1051b53,delivered,2017-05-11 18:05:18,2017-05-13 12:14:52,2017-05-16 11:36:20,2017-05-17 09:12:45,2017-06-02 00:00:00
61074c7948c09364b80e2f7da862780c,c2f9f6a9032b5cb6d7e40982862bab94,delivered,2017-08-15 13:59:11,2017-08-15 14:45:13,2017-08-16 18:42:45,2017-08-18 20:08:54,2017-08-28 00:00:00
aa9f47b4e7c06b6c495bf26fff85bb17,8939f73aea3e791fb6bdc8ee40f6d018,delivered,2017-03-03 08:32:31,2017-03-03 08:45:13,2017-03-03 13:51:24,2017-03-07 18:14:00,2017-03-30 00:00:00
2464ea8c6303275c249579a480ad4f49,e6be74a356390d0ab7af33d0575552f5,delivered,2017-09-28 10:20:29,2017-09-29 02:54:16,2017-09-29 17:13:16,2017-10-04 16:27:47,2017-10-20 00:00:00
b678d73ce87da173fe475b456dca4a7d,a654da2c4a65f1e949b1491351b23dbd,delivered,2017-10-06 20:39:36,2017-10-10 03:26:43,2017-10-16 19:53:53,2017-10-17 20:10:20,2017-10-24 00:00:00
f739051916865c38153386babb752757,106de12a9899355912e3b18a9cad1897,delivered,2018-01-18 13:19:27,2018-01-18 13:34:44,2018-01-23 22:44:45,2018-01-25 17:12:30,2018-02-02 00:00:00
242aead243e355a1e225ef42906d383f,cebd3d10717a74833fec09cd0d0b53e3,delivered,2017-04-18 23:57:42,2017-04-19 01:31:54,2017-04-20 10:20:42,2017-05-03 12:36:35,2017-05-15 00:00:00
af03699b22d265d410e2b7167756157f,0971891520d63f966aafcd261c3384b3,delivered,2017-07-31 17:56:46,2017-07-31 18:10:08,2017-08-02 15:42:09,2017-08-03 18:28:02,2017-08-11 00:00:00
bd6ecd69ddc8e3e5d85b46ec59f7b4d6,d3218b1ee2cf90a014d666ecd143cd34,delivered,2017-06-22 16:37:45,2017-06-22 16:50:16,2017-06-23 11:35:35,2017-07-03 15:06:32,2017-07-27 00:00:00
92c10d3fad01ec9df6ccf1fc0461ac60,b9a308c259d1ef624e6839499bad0762,delivered,2017-06-26 15:15:57,2017-06-26 15:25:23,2017-06-30 16:47:56,2017-07-11 16:17:56,2017-07-18 00:00:00
f50f1c49197676d5ae6f4657605cb8e4,b94326336af1647b28522b0eff4a7e0f,delivered,2017-02-14 16:20:34,2017-02-15 02:50:21,2017-02-16 15:07:39,2017-02-24 12:27:38,2017-03-22 00:00:00
34fe5a39b9e65ac47aac2872c3538c41,c6d3d8578f934785cb4abae7ba2d5c0d,delivered,2017-10-28 16:20:16,2017-10-28 16:35:45,2017-11-07 22:52:58,2017-11-08 19:15:42,2017-11-14 00:00:00
a642cf2d3b520954533d3fba8ffc6f72,9bab8efbfa8eb13c2cb87f6b6d6ed863,delivered,2018-04-09 11:00:51,2018-04-09 11:15:08,2018-04-11 15:22:43,2018-04-12 16:22:56,2018-04-25 00:00:00
e6c9b642d368d7b255dab2dd301c5f45,8afad267c9c2be0a2489b9e51218c537,delivered,2018-07-24 14:15:55,2018-07-25 02:45:14,2018-07-27 18:03:00,2018-08-06 17:38:44,2018-08-15 00:00:00
be72521069e30d3926da91a5b86aede1,cf143d2640cfdce2f9573ed4631b2cc1,delivered,2017-12-26 19:14:47,2017-12-27 19:06:58,2018-01-02 19:46:59,2018-01-08 20:41:16,2018-01-19 00:00:00
293fad682fb6eb1ae2fa0cceafbce8ad,26da1a2e30cb6af28551a0eb8909a39e,delivered,2018-01-05 16:51:30,2018-01-05 16:59:24,2018-01-08 22:42:56,2018-01-09 17:33:15,2018-01-23 00:00:00
c2cc8d0823730be302a4ebe1d96339fe,bb8061a40ad1af7fa13caba06d476bfe,delivered,2018-08-21 10:47:37,2018-08-21 11:10:22,2018-08-21 14:34:00,2018-08-22 17:04:07,2018-08-24 00:00:00
fd732412d4727a9a7e0d6231b2ca11ed,1a84d26e0b91518f76c51b59bb3e9408,delivered,2017-08-19 19:25:41,2017-08-19 19:44:26,2017-08-21 16:26:59,2017-08-31 20:18:12,2017-09-21 00:00:00
278684c636289c6fba43aff030c66603,4c1bf3730daf535ab4830ba6faa879ab,delivered,2018-01-13 16:14:07,2018-01-13 16:29:08,2018-01-15 14:41:53,2018-01-29 20:22:05,2018-02-09 00:00:00
0910cddfc72928e063254f00c73e8d5a,5c8b4250821201b2d2c27879f85e6966,delivered,2017-06-27 11:38:25,2017-06-27 12:25:27,2017-07-10 19:46:37,2017-07-17 16:40:02,2017-07-19 00:00:00
4ef814b619124dbb1a4d972c5c8c5446,9d4f80182bcd5568a9a1df457fdde24b,invoiced,2017-04-11 15:53:25,2017-04-13 02:42:26,,,2017-05-03 00:00:00
23229014c0c3d71b5a013fc36f1de367,dabc9bb54f1babd380fe2b76f0e7e471,delivered,2017-03-22 18:49:39,2017-03-22 18:49:39,2017-03-27 13:46:17,2017-04-18 08:26:39,2017-04-24 00:00:00
416536d8c07c9cfd3cb14e229ec424a5,a2597633321517c172f7c85e1402a394,delivered,2018-03-10 09:08:34,2018-03-10 09:47:48,2018-03-12 21:28:55,2018-06-01 20:56:18,2018-04-03 00:00:00
db6c4c19928d9acc355a54ee897bfdbb,932855634dedea1d4afc7a247afea5d7,delivered,2017-10-30 14:08:55,2017-10-30 14:15:18,2017-11-03 22:14:09,2017-11-09 23:08:56,2017-11-27 00:00:00
24731473d1e50127ea300c02766ec195,f30767c0958813de813e2ade20a6b3b7,delivered,2018-04-02 21:59:52,2018-04-02 22:35:45,2018-04-04 02:14:51,2018-04-13 22:04:16,2018-04-23 00:00:00
95b74d8655449a874d68ca9492795e6f,e13ac4b330bafd08d479a5451eea6532,delivered,2018-03-17 19:51:33,2018-03-20 03:15:34,2018-03-21 18:41:35,2018-03-24 14:54:27,2018-04-13 00:00:00
7d5ab17890987effd9d8a3224a8935fa,2c56d94e7be54e82576ac32056350310,delivered,2017-07-24 12:48:05,2017-07-24 13:02:54,2017-07-24 19:12:11,2017-07-28 21:12:33,2017-08-15 00:00:00
f5931f16ce0aba5c5f948d17919d04cc,fb1583c423fa1bb0c93f03d1dd0b9622,delivered,2017-09-19 15:53:07,2017-09-19 16:05:59,2017-09-23 14:43:33,2017-09-29 11:19:16,2017-10-16 00:00:00
4e1fd7b05f1438f47e31d7a9c453efd1,4b2b1e6ab34a1aa7559e17519755a814,delivered,2018-05-06 15:56:00,2018-05-06 16:14:04,2018-05-09 11:02:00,2018-05-10 20:03:35,2018-05-18 00:00:00
31c4a715904421d812d0301cbebaed46,648769ea86279f0b00d37c5c254c8a27,delivered,2018-07-26 17:36:06,2018-07-26 17:50:25,2018-07-27 10:43:00,2018-07-30 18:51:18,2018-08-09 00:00:00
1688c2ea4929b519cfc4653742e736ec,4cbce741dce59bb0b8e5ec5cf3c4b054,delivered,2018-06-26 11:12:16,2018-06-27 07:55:45,2018-06-27 10:55:00,2018-07-05 21:05:29,2018-08-03 00:00:00
0e660617f70b9a3f6bfd3919b49450ab,3bb3946913ea760c53bc4298f9ecf5bd,delivered,2017-01-18 11:14:16,2017-01-18 11:30:09,2017-01-20 11:05:50,2017-01-26 14:44:45,2017-02-21 00:00:00
9ed6ff68c038e8845f2f84d08fba359b,63b14ee5567bc4c0a388fc9c91eae40f,delivered,2018-08-15 09:44:30,2018-08-15 09:55:14,2018-08-15 15:22:00,2018-08-16 20:32:00,2018-08-22 00:00:00
6af34422605e4c1a3e73fe06c5deef22,8da10b2d8e58d411dfd9b4958a251e7d,delivered,2017-09-01 06:49:42,2017-09-01 07:04:37,2017-09-01 20:04:22,2017-09-12 19:49:38,2017-09-28 00:00:00
fec1d373884203520e92cfade36fdd16,b370242b6f87cc495b150f8f384a897d,delivered,2018-01-23 00:49:18,2018-01-23 21:32:34,2018-01-24 20:41:54,2018-02-07 20:24:22,2018-03-01 00:00:00
5600c1fabd9c27cf4dc4a3aaf57a8e29,0e574048f4fa55bd9b4a068aec2060e2,delivered,2018-03-24 17:20:18,2018-03-24 17:30:57,2018-03-26 23:58:45,2018-03-29 20:48:44,2018-04-06 00:00:00
7efad59e360743b4d3d246741db76a37,b6048e6d3f4fdae4ae62eeb17e2950a1,delivered,2018-04-09 09:25:19,2018-04-09 09:35:26,2018-04-10 09:55:13,2018-04-13 20:28:33,2018-05-02 00:00:00
eb5427f4ff8a102106b236e05e751851,0a62c127d067624dbf0b5976d07a1d1c,delivered,2018-06-25 15:59:06,2018-06-25 16:15:47,2018-07-05 14:02:00,2018-07-10 11:12:16,2018-07-30 00:00:00
a4887ea2ccd5e37945934525a9939e9c,a2ddbf4db9d0f1bb35918b4d567f1705,delivered,2018-03-31 14:12:29,2018-03-31 14:55:19,2018-04-05 17:22:26,2018-04-06 23:56:32,2018-04-12 00:00:00
124a5e6f7c72aba661c2457900abcc54,c83c5cbf020ccd734be5c53f6ae8bc6f,delivered,2017-06-15 22:06:43,2017-06-15 22:22:39,2017-06-16 17:03:41,2017-06-29 12:59:57,2017-07-10 00:00:00
1a7ea14458cd657d2d1355cc8cb2f547,eae91bb4fd71dee28c1a58ca9d90190c,delivered,2018-03-25 19:03:01,2018-03-25 19:15:51,2018-03-27 05:40:54,2018-03-27 14:34:45,2018-04-06 00:00:00
b8098f09f8705fca53b00b8c45163d6e,36a90120ace08b1a43f21ce23f44c5b9,delivered,2018-01-27 11:34:48,2018-01-27 11:56:30,2018-01-29 18:38:56,2018-01-30 16:22:30,2018-02-14 00:00:00
b5b8e45cbf0148e05447b4ad22edb479,e5c9c7e98713540d56b5af6a906e715a,delivered,2018-04-26 18:20:56,2018-04-26 18:32:10,2018-04-27 11:11:00,2018-05-03 19:06:59,2018-05-22 00:00:00
cec49c59f35df62326835eea9dbd1457,69b0628ae342374f7b9388c5d1dd9cfd,delivered,2017-10-15 19:09:41,2017-10-16 20:28:25,2017-10-18 21:23:48,2017-10-20 21:33:27,2017-10-26 00:00:00
7b25b2356eef14019a831a9c9636c146,4e37f00d687d9dbb17009dea9767b1e6,delivered,2017-08-12 23:12:48,2017-08-12 23:25:47,2017-08-15 19:26:45,2017-08-21 19:57:21,2017-09-12 00:00:00
5ebc45d58a177164134dc9fd38f05d93,cb1984ff605f79f1ca8448d3f9e79a0f,delivered,2017-10-12 10:48:49,2017-10-12 11:06:18,2017-10-13 20:59:48,2017-10-23 18:54:59,2017-11-06 00:00:00
7737b48ac906ed0be3c192bb1fc4c4ef,710f79302fb4b836681bfd921167167b,invoiced,2018-08-07 09:48:08,2018-08-08 08:50:20,,,2018-08-14 00:00:00
2ae27be1dc98f5a04985f016c58c71e5,3272486665306aaac6670c697d0a4182,delivered,2017-08-20 12:41:38,2017-08-20 12:55:29,2017-08-21 19:06:28,2017-08-22 23:48:00,2017-09-01 00:00:00
48679e7a18e6aa746943453400b7e74c,eb58af3f31ba5d587163397ba551e188,delivered,2018-02-26 14:22:19,2018-02-26 14:35:44,2018-02-28 02:12:04,2018-03-08 15:48:44,2018-03-22 00:00:00
6a18a1eddac5656cac7e8bc4f06562c2,2546952cfbd39e4f95b50be232d12d8c,delivered,2018-01-19 22:24:39,2018-01-19 22:36:25,2018-01-22 15:47:07,2018-01-26 19:15:48,2018-02-09 00:00:00
7f9b0e95f333a0afb5cce5b78afa17c5,13f6a00a74008c004462cf5c90e11f03,delivered,2018-05-02 09:47:51,2018-05-02 10:13:36,2018-05-04 15:19:00,2018-05-10 19:11:40,2018-05-22 00:00:00
e0844ad513f3a460e5438e8b79da7eda,08ff6024ff72930a211cbbfc6f8c51a9,delivered,2018-05-17 14:32:29,2018-05-18 00:55:10,2018-05-18 13:44:00,2018-06-01 20:28:38,2018-06-06 00:00:00
fee19a0dc7358b6962a611cecf6a37b4,59277a388c4e90924e806641a2579c2c,delivered,2017-08-29 21:51:54,2017-08-29 22:06:31,2017-08-31 14:34:27,2017-09-12 23:03:00,2017-09-13 00:00:00
c421fd33bf5d9c343f13b2d31e19bf5c,79101712eda4b5d48da47568e1720514,delivered,2018-05-26 15:04:57,2018-05-26 15:15:21,2018-05-29 13:44:00,2018-06-15 00:14:39,2018-07-03 00:00:00
27b7289530871ba2c68509ec562b1544,101306fbb5ef564098ffe05962761727,unavailable,2017-01-31 14:54:29,2017-02-01 02:41:19,,,2017-03-09 00:00:00
feb21ca266014309faca2e2621a1c1e7,3389dc87ac49f2f060848f60e38cd96a,delivered,2018-03-21 20:34:03,2018-03-21 20:47:55,2018-03-23 20:40:51,2018-03-29 19:08:39,2018-04-09 00:00:00
5e5bd74a101cada2c740d753d8257c53,071e26d86c3c8f9da5a87c20a0938fe2,shipped,2017-11-28 20:48:08,2017-11-28 20:57:17,2017-12-02 00:13:27,,2017-12-20 00:00:00
199303a694a579a221dd258585150f89,df2939f9c79221e4653ea43744090d21,delivered,2018-07-04 13:17:52,2018-07-05 16:31:05,2018-07-06 09:42:00,2018-07-12 17:26:32,2018-07-20 00:00:00
f3d16f376226096b304be07d6307f731,0cf2bd9833f4939265bd7fdb91a3f520,delivered,2017-11-01 16:20:42,2017-11-01 16:35:09,2017-11-03 22:43:48,2017-11-13 22:27:17,2017-11-28 00:00:00
cb00e60b24db3d36c4ae3c14bb6abec9,ea11cf81bcd2c846643c2c426546267d,delivered,2018-05-08 10:41:43,2018-05-09 04:15:13,2018-05-09 14:07:00,2018-05-16 15:32:18,2018-06-04 00:00:00
230412dba3ab35d1a5c8fd1382bc7b49,1030b28d807d5003f132f34e5bf014d8,delivered,2017-12-29 04:22:28,2018-01-03 04:29:27,2018-01-10 00:23:27,2018-01-23 22:14:31,2018-01-29 00:00:00
b7d6c506d31d5537a7abea4378a1a7fb,fa12c84b688d5da6d8fc22fdb9e09899,delivered,2018-04-22 14:01:37,2018-04-24 19:24:18,2018-04-23 19:36:27,2018-04-27 21:21:25,2018-05-11 00:00:00
d7f6ace2a350940d10999a89ceb44d72,afa6d3e244287962e2d75435734c5e49,delivered,2018-01-08 12:02:19,2018-01-08 12:14:33,2018-01-11 13:19:38,2018-01-22 21:54:57,2018-02-02 00:00:00
4ed418ef4e45eb8f9b22aee4366e9541,6e76e9daea3deba36f2b41d8eefe934a,delivered,2018-08-10 18:04:14,2018-08-10 18:30:20,2018-08-13 15:19:00,2018-08-20 20:33:12,2018-08-23 00:00:00
a16fc9188775803f3b6fcaf961d974c0,e428adb21a132322cba405093173fbb6,delivered,2017-12-09 17:14:00,2017-12-09 17:30:36,2017-12-11 17:17:11,2017-12-20 17:46:01,2018-01-08 00:00:00
b269f9c95ab6ee9fbc0a887627851d9d,342875627cdca35b162f8951bd6a9221,delivered,2018-02-08 13:16:55,2018-02-08 13:30:36,2018-02-09 12:58:55,2018-02-20 23:45:19,2018-03-15 00:00:00
a4328dcc082fa5d74c646f511b4ef7b8,752ba8eb303c863c17ab334199e73c42,delivered,2017-10-10 20:04:10,2017-10-10 20:14:27,2017-10-11 19:40:01,2017-10-24 20:32:39,2017-11-01 00:00:00
73f4e07e698c5c4442249571348109f1,7394541e49547050228b90feca2207d2,delivered,2018-01-30 09:23:13,2018-01-31 13:32:07,2018-02-03 01:28:46,2018-02-16 22:53:12,2018-02-26 00:00:00
661e77bbf3e487db278f9fdef584550b,fd06ce41eadcf13f9037d2ae8ef8b744,delivered,2017-09-19 14:41:39,2017-09-19 14:55:21,2017-09-29 13:16:59,2017-10-17 21:37:13,2017-10-16 00:00:00
8f1b8cf203b9b49a05634fa0ebb61c22,b9c51efec6eeabef40ca9570761d2d18,delivered,2017-08-24 01:45:43,2017-08-25 03:05:37,2017-08-25 18:39:52,2017-09-02 15:32:00,2017-09-26 00:00:00
a2386b09b362176b550c64e738a7dfa8,18c93a1e88912296fde9938d8ed3d131,delivered,2018-08-04 08:57:37,2018-08-04 09:10:12,2018-08-09 14:31:00,2018-08-16 19:42:21,2018-08-28 00:00:00
69fcace72b3a059246d1c34b5ebdb325,be2441cfdc22969e0dcf1a01ae2ed7ef,delivered,2017-10-10 17:30:46,2017-10-10 17:49:27,2017-10-16 11:38:10,2017-10-17 17:44:47,2017-10-23 00:00:00
f98a06b99cbcc7caef174bc5efa78a31,4a6c652e42562190c75405da10f1fdf2,delivered,2017-09-10 20:13:24,2017-09-10 20:25:27,2017-09-12 23:32:19,2017-09-27 22:42:32,2017-10-05 00:00:00
57e19d283d4caf90389cbfe35f490f06,c66a1b1c184987dfac1d8aab50e1bbc6,delivered,2018-06-15 16:02:36,2018-06-18 10:33:32,2018-06-18 14:50:00,2018-06-22 17:46:43,2018-07-12 00:00:00
e22f8395265cb423def2d5c028f0f34b,45360c874acf24110baf02fb5d2314d4,canceled,2017-12-01 01:42:22,,,,2017-12-28 00:00:00
230a015f541602e3e910d230e610f110,09e4734a1345b89246cd9f4bd63b549f,delivered,2017-06-12 16:38:33,2017-06-12 16:55:18,2017-06-13 16:37:23,2017-06-16 16:13:40,2017-06-26 00:00:00
7b8ef69133bb95128e53e14329bdb03a,a347b5c92e4dfc932d041067f2f48fce,delivered,2017-12-19 20:48:05,2017-12-19 21:53:12,2018-01-05 16:49:01,2018-01-10 18:04:25,2018-01-26 00:00:00
5180f5ceec20f3f7d4c082c81a07926f,1de2313ebfe66d1b2d556ba8e29266e1,delivered,2017-12-07 09:31:40,2017-12-08 02:54:02,2017-12-28 18:13:02,2018-01-03 21:47:37,2018-01-16 00:00:00
42061993a7f760c55ad0f98cb2b7bfea,c5944790d706b37542a28213a9761022,delivered,2018-05-07 18:32:11,2018-05-07 18:50:09,2018-05-10 15:47:00,2018-05-11 20:22:45,2018-05-21 00:00:00
3befd8331efa9255d2e09585a7042fc3,ba782bf15a4782b63af55d710f1864e6,delivered,2017-05-04 13:49:23,2017-05-06 02:22:50,2017-05-10 10:04:30,2017-05-24 14:27:59,2017-06-13 00:00:00
09a069fe7d45eae2e1c4910e90e365ac,04d0c8c75a0bdcabcc47ce1dd0db89f6,delivered,2017-06-05 07:17:58,2017-06-05 07:30:06,2017-06-05 13:05:48,2017-06-08 13:47:35,2017-06-19 00:00:00
d1461b47bb0e00b0b697e55de4ab15b4,a783c0d254e5cc3dd42b15cb1d9867e4,delivered,2017-09-26 17:22:08,2017-09-28 02:56:11,2017-09-29 16:19:38,2017-10-03 20:47:45,2017-11-07 00:00:00
3103926e92e716e11f3f4920b70428d8,593a817730f547335a1288508b49b35b,delivered,2018-04-23 12:57:34,2018-04-24 19:05:43,2018-04-24 19:29:27,2018-04-27 20:44:02,2018-05-17 00:00:00
0a154ed7ce417e33453d705b167a3d8c,cfb455fa4b4d00203442d49931524e8f,delivered,2018-05-19 11:15:21,2018-05-19 11:40:24,2018-05-22 13:17:00,2018-05-23 18:18:44,2018-06-04 00:00:00
6c8157ae5ddc36aa59aa6f0afa0ef5de,73201c44d687e91c32b5bd082b7411bf,delivered,2018-03-11 19:03:19,2018-03-11 19:10:36,2018-03-12 18:06:46,2018-03-15 21:22:33,2018-03-22 00:00:00
65e27b07de33e18c80be0dd01195c731,0a8f03524c924dc183dc03a100daac94,delivered,2017-11-03 14:50:46,2017-11-03 15:06:34,2017-11-06 20:34:53,2017-11-10 14:19:22,2017-11-24 00:00:00
8c9479e56a7609daf0260e1ed2a1d674,2bbf2cd73c694493b5360050d798f5bb,delivered,2017-11-14 14:56:37,2017-11-14 15:08:15,2017-11-17 21:32:35,2017-11-24 21:57:36,2017-12-11 00:00:00
79db7436f36c45d0ec5cd158424d7ce4,eeffdeb610ba67edfdf863936785eb90,delivered,2018-03-21 12:06:10,2018-03-21 12:47:39,2018-03-23 18:36:53,2018-03-28 23:54:38,2018-04-12 00:00:00
671c1562854f03c1d68f6d48e1fa4c7d,bb5f8977c8712dcd0a599b06ca05b923,delivered,2017-03-03 08:32:31,2017-03-03 08:45:14,2017-03-06 08:47:00,2017-03-09 12:54:28,2017-03-24 00:00:00
99a89fd45903c4a9d6731af6ca4dd5c4,6cb6246c85861518fed147189260bf00,delivered,2018-06-27 19:07:53,2018-06-27 19:15:11,2018-06-28 09:48:00,2018-07-03 17:26:57,2018-07-19 00:00:00
0647d9d193d898f2ff46c9e91a3c8c4b,10408208bd283f97071e63a15e1277fe,delivered,2017-05-09 14:41:10,2017-05-11 03:50:12,2017-05-15 07:41:45,2017-05-22 08:36:48,2017-06-09 00:00:00
7a460ff35c9e1ba86df5f1a4780f3616,f4c65e6195e766453d62cc2e15bc5d1c,delivered,2017-11-14 21:46:37,2017-11-14 22:07:26,2017-11-17 17:06:23,2017-11-20 12:16:35,2017-11-28 00:00:00
98de0bad1834d3a90eb4180333a4fd2d,ced61c5cb8db0e02a11af8e5a2f3deea,delivered,2017-11-12 21:29:12,2017-11-14 03:50:33,2017-11-14 22:52:50,2017-11-17 18:31:49,2017-12-01 00:00:00
fa3564e25054d8ea0e296c7b00233d39,d55a841bbeba831f8dc6d1d5e81c908f,delivered,2018-01-24 13:52:59,2018-01-24 15:38:46,2018-01-29 22:08:03,2018-01-30 19:56:26,2018-02-08 00:00:00
46aedb619e3a9e3883a8d51d58269e4f,9d0de91dce95d8fa5c802759b2a6b871,delivered,2018-06-20 10:43:24,2018-06-21 03:17:54,2018-06-29 14:04:00,2018-07-02 16:29:10,2018-07-16 00:00:00
a7de2a15156cab510e1cf5761949255f,0d16bb7bd7c4cb2b20965e3ae4ba43e8,delivered,2018-05-05 09:52:06,2018-05-05 10:13:54,2018-05-09 15:06:00,2018-05-15 21:49:02,2018-05-22 00:00:00
41fe3abb11743c0c0403af8721d23feb,405574485dd981a5741f447ef70275d7,delivered,2017-04-26 21:23:09,2017-05-01 22:34:18,2017-05-04 17:12:05,2017-05-09 08:33:51,2017-05-29 00:00:00
e19716dcaffd3aff2c817ff10b8ed1fb,4895c5e52842f2c7259e4684faa32c04,delivered,2017-12-29 20:05:21,2017-12-29 20:14:25,2018-01-03 10:12:36,2018-01-22 19:46:31,2018-02-08 00:00:00
d2787e74c073dd7a21b4e4a873abd9f1,bb6209eca581fe91e5f09055a0e3e8b2,delivered,2018-08-14 20:33:29,2018-08-14 20:45:17,2018-08-15 11:57:00,2018-08-23 15:26:59,2018-09-03 00:00:00
5c6fb1efa6d074731c88c7209909b511,a6313ed993e2435575b8adc16b15b829,delivered,2018-05-08 17:26:05,2018-05-09 17:36:16,2018-05-10 11:54:00,2018-05-11 19:33:04,2018-05-16 00:00:00
fc15e290afaa09174a26e6ee704a9219,951c799aeec23eafa39e72bd85431e74,delivered,2018-02-26 14:16:45,2018-02-27 04:31:11,2018-02-27 20:22:05,2018-03-12 15:32:14,2018-03-23 00:00:00
a47f62aeafbc824976b432affbfdbe67,0a4b13f62e9241a32074e56893ff7b44,delivered,2018-01-19 01:30:16,2018-01-19 01:39:19,2018-01-19 17:28:42,2018-01-26 19:18:10,2018-02-14 00:00:00
40db7d3bf12d45bd93dc3548101e8909,2fed9017cfbf84c0b29f857db50bbf99,delivered,2018-03-23 23:12:34,2018-03-23 23:48:15,2018-03-26 23:24:00,2018-03-29 20:22:56,2018-04-05 00:00:00
ceea2adacb3702fbbefb45ea65f5cd90,22af9d3033a53e84873afa1efe540424,delivered,2018-08-22 10:02:13,2018-08-22 10:15:12,2018-08-24 12:47:00,2018-08-28 20:48:50,2018-09-06 00:00:00
df7057f1e8e00fa004e8c92538efdd43,cce9c36c61234fb4f9edffd085c9870f,delivered,2018-03-27 13:03:10,2018-03-27 13:30:28,2018-04-03 12:13:21,2018-04-18 22:28:27,2018-04-19 00:00:00
9979adea9a6e9beb05f965201bfe6e5b,55bb09068c9313d8ebc7a9fcac595e42,delivered,2018-06-05 13:22:23,2018-06-05 15:31:52,2018-06-07 14:02:00,2018-06-11 17:58:51,2018-06-29 00:00:00
1e28e69f84e592969c53f666961fb156,de221ce174c50cffd28f36e708c95e11,delivered,2018-07-25 16:02:00,2018-07-25 17:05:23,2018-07-27 16:05:00,2018-08-06 13:38:32,2018-09-05 00:00:00
ae2fb0f5aec36b2a6b058602dc941fb1,eac0fcff455b7b66439f7b389940bc34,delivered,2018-08-02 12:21:24,2018-08-02 13:15:26,2018-08-03 12:07:00,2018-08-08 21:12:33,2018-08-22 00:00:00
12701d216c208b08132694d01af602a7,39351277fa612e0c7ac8077f7ac038d3,delivered,2018-04-07 23:57:34,2018-04-08 00:11:01,2018-04-09 19:48:39,2018-04-11 21:06:59,2018-04-25 00:00:00
fd93073bf4bfd856573cfca0c959483b,31e510eb6e824fa8188fa73386334593,delivered,2018-06-29 11:50:26,2018-06-29 12:10:03,2018-06-29 15:19:00,2018-07-11 23:24:40,2018-07-30 00:00:00
c8464791b649258bd1807650cc155014,384db1cdc62a3e54b0ed41c8b4e0d573,delivered,2018-05-23 09:58:37,2018-05-23 10:17:55,2018-05-24 10:39:00,2018-06-06 17:06:54,2018-06-07 00:00:00
556b30ae47829a82927b5dff9ca2ba65,2ba770a39f5caf13266b19d5095c0712,delivered,2018-02-23 14:34:34,2018-02-23 14:51:07,2018-02-28 19:33:32,2018-03-01 21:31:22,2018-03-09 00:00:00
6eb4132d1d991320ff5f03a7cd28561c,7c66c8c07b65426ab12916350bf3c4f5,delivered,2017-08-22 14:05:06,2017-08-22 14:15:15,2017-08-23 18:58:10,2017-08-28 23:22:16,2017-09-08 00:00:00
513a94a0164453b4777d125b836f7ca1,5c515f4bb8616f7feee867ad9a301bf9,delivered,2018-06-11 22:14:06,2018-06-11 22:41:00,2018-06-14 06:16:00,2018-06-21 21:08:39,2018-07-23 00:00:00
b4507f69b71b51c75fbdbea7912ee840,f0ccf95ba87a1bce75b41da281b1c91b,delivered,2017-12-06 09:19:28,2017-12-06 09:35:31,2017-12-06 21:58:11,2017-12-18 23:42:04,2018-01-03 00:00:00
1d6bdccf67319c766b5d8ad06121a158,a8bd3ce219515d4dc0a55a3d3686a87a,delivered,2018-01-07 17:32:06,2018-01-07 17:46:53,2018-01-10 13:30:20,2018-01-17 17:56:06,2018-02-02 00:00:00
312d2ff4bca431eb80694c43eac7e5fd,4e3d95e9be78dabd4ac64c8a0c944fd8,delivered,2017-04-13 20:03:03,2017-04-13 20:15:14,2017-04-18 07:22:34,2017-04-26 12:35:34,2017-05-09 00:00:00
76b6e31614254c057b381da95bf6a52b,30e355f2bc0cd7db3bc33d910327e71e,delivered,2018-05-21 16:49:16,2018-05-22 08:16:35,2018-05-25 12:40:00,2018-06-04 20:38:40,2018-06-07 00:00:00
f3b592ea0db671d3d1977e043d2a1b10,77a1d41eb75de0bdf44e9791798dd8c2,delivered,2017-11-17 22:40:07,2017-11-17 22:50:50,2017-11-21 14:27:37,2017-12-10 15:52:29,2017-12-15 00:00:00
d486a71c67c351a4aadf0b3bd096a712,e37bd7eb6e87c6a9359af8d765efdd6b,delivered,2018-05-15 13:09:20,2018-05-16 03:33:49,2018-05-16 14:24:00,2018-05-18 21:18:32,2018-05-23 00:00:00
294b7da16c27e408f2137e10de0d9495,d6bcb58cf4ddb4688e8ff3adfd7b1458,delivered,2018-01-19 01:17:29,2018-01-19 01:31:26,2018-01-19 23:14:30,2018-01-29 20:32:26,2018-02-20 00:00:00
b267fbd57af5b01a2d8b334b4215a51d,98203b411ca25e54ca7128f4e96e613e,delivered,2017-07-10 10:32:45,2017-07-10 10:45:16,2017-07-10 17:32:54,2017-07-17 21:42:34,2017-08-11 00:00:00
c033e99bf02e103535766475e490aa19,222ea254760a8b56fff02febcb78b507,delivered,2017-10-04 08:35:51,2017-10-05 02:56:36,2017-10-09 14:14:23,2017-10-17 22:19:03,2017-10-27 00:00:00
246ed527fc17d711f0b578e0bd407257,08fa82297b802757b9b02ced94f8a9e3,delivered,2018-06-06 19:39:13,2018-06-06 19:54:48,2018-06-26 15:47:00,2018-06-30 13:05:59,2018-08-08 00:00:00
fab1440d1e4a7690b4b3305b07de5414,fe8723742b63fb03ad74d5aa9736c75e,delivered,2018-06-27 16:22:45,2018-06-29 02:53:18,2018-06-29 12:10:00,2018-07-11 00:20:34,2018-07-24 00:00:00
6b3138748728fe92cf423b0abf199c8b,bfff9bd5326ab677cf86986235912397,delivered,2018-03-14 10:12:48,2018-03-14 22:55:34,2018-03-19 16:15:47,2018-05-03 00:27:38,2018-05-16 00:00:00
96ff2e51c5b01a50ff5d52ffc5c7d87a,23f9d8a37cfd6a6896e43513f94333f0,delivered,2018-03-22 17:11:40,2018-03-22 17:55:32,2018-03-23 19:02:14,2018-03-27 14:33:30,2018-04-04 00:00:00
6cee580f42792d77f81c03cf6aa73423,bc544aa58e763853480832008085049b,delivered,2017-04-26 16:09:48,2017-04-28 11:47:04,2017-05-15 12:48:50,2017-05-18 12:36:48,2017-06-01 00:00:00
5de443f7adc75b72230b61e63ce5007a,7ec72d9b883d87aef5ee43beb65deb06,delivered,2018-06-29 08:12:42,2018-07-05 16:02:24,2018-07-04 12:57:00,2018-07-12 18:16:44,2018-08-08 00:00:00
b72bbd4502484b848fd005ad2511a685,f004cbd2065a2ddf42d12b6d339e8da3,delivered,2017-08-29 22:22:41,2017-08-29 23:00:16,2017-08-30 16:47:51,2017-08-31 13:13:42,2017-09-11 00:00:00
4a29a61983d3ffb4f13646aa9ee9aab6,5cacedacadd2d9c6c26dd2a26169f36a,delivered,2018-03-10 14:41:12,2018-03-10 14:50:31,2018-03-27 17:17:47,2018-03-29 20:13:04,2018-04-06 00:00:00
00eb7b95af5ed25aaec66d4ff5295846,e7c5f957b0de4d073c09a91b8bfaa215,delivered,2018-01-04 14:19:02,2018-01-04 14:30:26,2018-01-04 23:04:10,2018-01-15 11:51:48,2018-02-08 00:00:00
f417ccdabd3037e9fbb9d32dedc69828,83e8ec87ff555b369de1de163346e768,delivered,2017-07-19 20:04:52,2017-07-19 20:15:20,2017-07-20 16:43:52,2017-08-01 18:21:56,2017-08-10 00:00:00
5662e7f8bbc6abe55e104ac06994a731,b253ab4ce264a72304410c04d66e3908,delivered,2017-10-02 11:56:39,2017-10-02 12:07:21,2017-10-02 19:05:32,2017-10-18 16:22:50,2017-10-31 00:00:00
65dfa8121b10dd8bbb055a2afeafc9ee,1a22e6479387999f2ed113ba43c35c52,delivered,2017-03-20 08:32:54,2017-03-20 08:32:54,2017-03-22 17:23:24,2017-03-29 14:27:11,2017-04-10 00:00:00
06d6f2f9ce499ed49d414ff36f583abf,302c148841465785e80dde55628627ec,delivered,2018-08-16 13:08:15,2018-08-17 14:27:03,2018-08-17 15:44:00,2018-08-23 21:11:43,2018-08-30 00:00:00
8315d20efd172922fe1c655bd46f75e1,06e83f0e8e47047739e6c7cad483392a,delivered,2017-06-25 00:08:22,2017-06-25 00:23:02,2017-06-27 11:56:47,2017-07-04 14:54:56,2017-07-18 00:00:00
569fce9b205731d6e0c9f31e9cabd8f5,187249e76bef7e36e09b6f14b8dce3c9,delivered,2017-10-17 15:46:36,2017-10-19 03:40:44,2017-10-19 19:58:10,2017-10-24 18:56:03,2017-11-08 00:00:00
a8d14f53fd00bf5759c0e56f2a0a2d31,2a5537cca47095c73bb1d6286ee2c543,delivered,2017-08-08 20:53:57,2017-08-08 21:10:21,2017-08-10 13:33:13,2017-08-23 19:23:51,2017-09-05 00:00:00
867ce8a588cb1805fa25762927b0ef96,9b4efdeeaf152f77d42e2fa8f23309bc,delivered,2017-10-08 05:32:42,2017-10-08 05:49:07,2017-10-09 18:03:02,2017-10-18 00:35:54,2017-10-25 00:00:00
fea3c9e9bdea46b747e70684aa891531,a3ad7d3332f7772547e2b048ecb3fb98,delivered,2017-03-28 15:42:13,2017-03-28 15:55:14,2017-03-29 14:40:14,2017-04-01 07:38:01,2017-04-19 00:00:00
73e0f16a25c4d33221c6032d3bdb2680,b20d152a5e664ad3eeb7c0095a72c053,delivered,2018-04-16 12:29:06,2018-04-16 12:51:29,2018-04-19 17:26:24,2018-04-26 16:51:30,2018-05-15 00:00:00
40425c5224829e5cc488f67f75f28d5f,56de1e86668961e5442c922e3762b620,delivered,2018-08-17 18:44:30,2018-08-17 19:10:32,2018-08-20 15:51:00,2018-08-24 20:46:32,2018-09-04 00:00:00
de043cb17ef1ed9caf701f28478dfdfb,de896fd50d3dc50189c151961744b66c,delivered,2017-11-14 22:54:31,2017-11-14 23:06:33,2017-11-16 22:21:11,2017-11-20 22:03:02,2017-12-04 00:00:00
83a8c8477a4beb1799eeff411ab29c0b,0e4ecac582d45f4fe67305137a662cbc,delivered,2018-04-01 20:02:24,2018-04-01 20:15:24,2018-04-02 22:32:28,2018-04-03 14:56:32,2018-04-12 00:00:00
bad054a64079f59dc3bc7519fe1f7b9f,a9d39853f9b51570c2126cac8f15b3a4,delivered,2018-08-08 18:11:18,2018-08-08 18:25:09,2018-08-10 14:07:00,2018-08-20 16:41:22,2018-09-10 00:00:00
1f5833c59dc618d2d3b9072f51195d16,b80bd8f1a8e34a499fadfc76d91ed42d,unavailable,2017-04-29 09:42:12,2017-05-03 11:34:19,,,2017-05-23 00:00:00
b93dfded1655914b88fb6ae621fb62f1,42be86d23d5fc12768d90a1eaa83872f,delivered,2017-11-06 15:02:56,2017-11-06 23:32:00,2017-11-08 20:14:57,2017-11-13 16:36:28,2017-11-27 00:00:00
fd51ddbb6f83516cd9c97d7a5de5e796,204abc77cec3e0675c696adea8229909,delivered,2018-05-14 09:29:19,2018-05-14 09:54:54,2018-05-14 13:33:00,2018-05-18 17:56:45,2018-05-30 00:00:00
52c9e05801deda56b9badcf69c1b9497,1de9b9d609d626f82db0533fb400e84b,delivered,2018-01-13 21:49:31,2018-01-16 03:50:13,2018-01-18 15:18:34,2018-02-02 21:33:30,2018-02-08 00:00:00
6fd59e3ae7e24c50131f6bc97c4c7776,f41666558f4e35056a445c27c2ac3d8b,delivered,2017-10-31 20:32:39,2017-11-01 20:45:15,2017-11-03 22:25:51,2017-11-13 16:42:03,2017-11-21 00:00:00
9e3d1f6fcb9e5f8d6b66b018f0a0c810,4436b081dd2bda8791753838e7d085b7,delivered,2017-08-14 15:46:46,2017-08-15 15:45:12,2017-08-17 18:06:40,2017-08-24 19:27:47,2017-09-08 00:00:00
59023d9e8757da4a343b81debedb7cd9,06c90f4d3ea938996708090e6d65891a,delivered,2018-02-25 14:06:30,2018-02-25 14:15:29,2018-02-27 17:34:51,2018-03-21 16:21:33,2018-03-26 00:00:00
adb1802d9eaab059b7b624f5013159c0,035d022d08cfd373cd52040fc4485e78,delivered,2018-07-31 11:36:09,2018-07-31 12:31:15,2018-08-01 10:31:00,2018-08-02 22:51:56,2018-09-04 00:00:00
d5b1560bb46f4b57510a45569fa41b4c,8c053663094bd001fff3536d10dd092a,delivered,2018-05-27 08:07:44,2018-05-27 08:30:15,2018-06-01 14:40:00,2018-06-08 16:28:47,2018-07-18 00:00:00
1df599f6c4bc10fe5cbfd2ae1ade43fc,a33cf67d34f636add92fbd8aaacb5fe8,delivered,2017-11-26 23:17:07,2017-11-26 23:33:22,2017-11-30 22:44:55,2017-12-05 19:28:49,2017-12-12 00:00:00
3e60f029bab712985ebe5bb542730b6e,4b71d940f437dc0b0cb9729a13b3d644,delivered,2017-07-16 09:44:42,2017-07-16 09:55:14,2017-07-26 11:14:25,2017-07-31 14:04:10,2017-08-14 00:00:00
e8d2e0f8055b8badf48ce825cb6b6f35,0e873716c057fe586b192e45bd718ef8,delivered,2018-04-27 13:07:56,2018-04-27 13:30:36,2018-04-27 15:03:00,2018-05-02 23:54:42,2018-05-14 00:00:00
3a98a62b1abeae3d84a504e048ee12b2,4e839bbfb46074711253af232b429278,delivered,2017-02-26 19:22:42,2017-02-26 19:30:20,2017-03-09 04:17:37,2017-03-16 18:32:48,2017-04-18 00:00:00
80def0e870b9d73753b39eb479c2694f,2e75dc8d60beb119bc838607b6b24f0a,delivered,2018-01-22 21:48:39,2018-01-22 21:55:31,2018-01-24 19:18:54,2018-01-30 23:21:46,2018-02-14 00:00:00
970faa2fc574e975f2badf8b2783c112,e9046d06be1980b8187bc2822f6138ca,delivered,2017-11-12 17:49:13,2017-11-12 18:07:16,2017-11-21 19:48:49,2017-11-23 19:09:41,2017-12-01 00:00:00
4d483bf690ca21bdc005df9b623673c7,80a6a8b570864a52a54462d82b6fb51f,delivered,2017-03-16 21:16:46,2017-03-16 21:16:46,2017-03-17 13:12:29,2017-03-20 10:32:31,2017-04-04 00:00:00
b21fc2238d717cbd15c833da30d48c26,40e1fd06f8240034b332958a45840b60,delivered,2017-04-15 10:55:28,2017-04-15 11:05:20,2017-04-19 14:00:01,2017-05-02 15:42:15,2017-05-22 00:00:00
99a3d4b1228bc02abf9eec5d9a7a742d,0f71a0b83b78a05118efc4aae3c2a774,delivered,2018-07-17 21:05:10,2018-07-17 21:15:20,2018-07-19 13:53:00,2018-07-26 16:42:01,2018-08-13 00:00:00
298244895a58e73db105ff38993ca7b5,85b721db5eadffc2f1c2e40a3c1f6a53,delivered,2017-07-19 14:35:54,2017-07-21 16:30:11,2017-07-24 11:53:47,2017-08-02 15:52:42,2017-08-10 00:00:00
fcda3cc8210e746326864eb933641ccf,fee7cf49127308e2b5402c9984b6f1f6,delivered,2017-01-18 22:41:55,2017-01-20 22:42:02,2017-01-23 11:41:56,2017-01-31 18:47:35,2017-03-02 00:00:00
b3428c9dee69a4b1b8c6cda6055e5874,021e1ff95f894f02e2d22bf2b7c96ccc,delivered,2018-04-18 22:55:11,2018-04-18 23:11:16,2018-04-19 19:30:58,2018-04-28 17:22:09,2018-05-11 00:00:00
62d68905605e2398997788c26b9e0096,ff726e16b7e716c6781a22bedc7381ca,delivered,2018-07-07 12:43:06,2018-07-08 12:35:14,2018-07-25 15:12:00,2018-08-01 14:06:48,2018-08-16 00:00:00
ec56d96c2ee83fd3641863f6e7b66d41,185f76c3d9af9317c7ef1bab149a37cb,delivered,2018-01-28 16:33:35,2018-01-28 16:50:04,2018-01-29 19:53:11,2018-02-02 01:58:39,2018-02-20 00:00:00
d67173b46251d818f2e39cbe8efd0f9b,5aa36088d0f8d608ad9978a66622a6eb,delivered,2017-04-10 16:04:57,2017-04-10 16:15:23,2017-04-12 13:32:55,2017-04-18 14:22:21,2017-05-08 00:00:00
b40cc054a1791acddb6215a0472b5a81,aace4bee47eecb6e46bf3c316a19813c,delivered,2018-04-24 16:30:08,2018-04-25 08:51:56,2018-04-26 11:02:00,2018-06-13 00:33:00,2018-05-29 00:00:00
3a6d41a4fe7a8e841b7c8e4b77d4e301,e0eea8f69a457b3f1fa246e44c9ebefd,delivered,2017-11-24 11:29:52,2017-11-24 13:33:05,2017-11-27 21:12:51,2017-12-06 22:37:09,2017-12-18 00:00:00
e0a341e9f5a2c4c054ef1f49f6836414,7dd0db78c015461ce1f44b90b04fa969,delivered,2017-05-09 17:21:09,2017-05-09 17:30:24,2017-05-10 11:25:59,2017-05-16 14:52:15,2017-05-31 00:00:00
8afe2929db4833bd7bc32d18fe3bf502,58dbe9ebb990e72ca35a2f223ea1a60c,delivered,2017-06-13 21:56:02,2017-06-13 22:15:13,2017-06-14 15:58:41,2017-06-19 15:28:00,2017-07-04 00:00:00
12788f3056c6392e73afcd37df5482ad,b066f92bfaaf6549b9bc5b0741ae2566,delivered,2017-07-13 12:07:21,2017-07-13 12:23:48,2017-07-14 18:12:17,2017-07-20 19:17:42,2017-08-04 00:00:00
97e25bac8d2e92f5d90a5e43925bb85f,fd8c144dea02b4cad9e6e94e1455bdc6,delivered,2017-11-09 11:05:38,2017-11-09 11:15:39,2017-11-09 19:19:01,2017-11-22 16:42:01,2017-12-06 00:00:00
61478fcfdfbc524f57df31651d8f38c9,b6b2ee6ffa76968a5613946608a33046,delivered,2018-06-25 10:28:16,2018-06-26 04:59:16,2018-06-26 14:56:00,2018-06-29 19:38:52,2018-07-25 00:00:00
ce46087fc2b4d09a468f6599e33dafd0,3736f7b259155b4d4b0757dcea364300,delivered,2018-03-26 11:52:38,2018-03-26 12:10:25,2018-03-28 19:57:22,2018-03-29 21:03:55,2018-04-06 00:00:00
f70fd9d62d604dd8ac70938c59b6a93d,b2056bdda0e5c76218846f74f72eaa5c,delivered,2017-09-20 16:03:24,2017-09-20 16:15:23,2017-09-27 20:43:50,2017-10-08 15:38:01,2017-10-18 00:00:00
202f7adadd1161d6f5778db2f654518f,744b23a304057f2b3a61781433d3697b,delivered,2018-05-07 20:32:35,2018-05-07 20:51:45,2018-05-10 17:40:00,2018-05-15 19:58:47,2018-05-23 00:00:00
baed302a19771a88ccd8d3f8b6368e55,cbfb5805ecbe0d5d499d6f644be842e0,delivered,2018-08-17 13:06:39,2018-08-17 14:27:16,2018-08-18 08:22:00,2018-08-23 16:24:43,2018-08-30 00:00:00
aeb9bfe5d28008d6373db7e8dc80bfa9,6215c3fc03277c5bcdc610d4d87e1472,delivered,2017-07-18 15:34:25,2017-07-19 06:42:57,2017-07-19 17:57:16,2017-07-27 20:11:46,2017-08-11 00:00:00
a9850ce15ae344ed38a260105a67e118,f9ea6c1cf8a5cd9460daa137454b73b4,delivered,2018-04-22 20:43:00,2018-04-24 18:58:44,2018-04-24 18:47:49,2018-04-30 14:41:40,2018-05-18 00:00:00
559f0bbfa2518e102877dcb7f65735ef,330441c65d1a98dd6e2055bef56cb55b,delivered,2018-07-04 11:27:47,2018-07-05 16:22:11,2018-07-05 10:46:00,2018-07-06 19:53:44,2018-07-17 00:00:00
cf14f34423154c055c6677b22cbfbf68,8aec80574a77596a9c34435bff6b62db,delivered,2018-06-04 19:09:02,2018-06-04 19:30:12,2018-06-11 14:21:00,2018-06-14 21:25:33,2018-07-11 00:00:00
45ff50616aff4d99cfaca273317a139b,af7c572f32c17ecda4664f61721926ba,delivered,2018-05-02 20:56:24,2018-05-02 21:18:52,2018-05-04 15:05:00,2018-05-08 01:05:57,2018-05-17 00:00:00
1fe8768ce3370c4346be3f5747682f37,e8d38ba19da8ead0ef9cecb9027eeb56,delivered,2017-10-13 23:51:59,2017-10-14 00:07:39,2017-10-16 11:21:38,2017-11-01 21:12:00,2017-11-09 00:00:00
a76525ee60ca2449ba03f448197073bb,ab09aefe10cec72a25451b8335197447,delivered,2018-02-15 13:02:54,2018-02-15 13:15:43,2018-02-15 23:58:55,2018-03-09 20:31:56,2018-03-13 00:00:00
82494202b66a95f0b6298e21f88b95ad,df61d60f81e02f1c9360b1dce03778f1,delivered,2018-08-16 13:45:11,2018-08-16 14:04:10,2018-08-21 13:14:00,2018-08-28 01:03:23,2018-09-04 00:00:00
3be2b03f32e88489f49c64de449e6d98,ac4d7ea25bf1458ad9bc7ae8dc831697,delivered,2018-02-13 12:39:00,2018-02-15 03:56:07,2018-02-20 19:22:37,2018-02-23 15:38:42,2018-03-06 00:00:00
5510c1adb5cc6262d2fd7ce904b6e8f4,cc8f275edbf7e0d420a100dd30ecbf68,delivered,2018-05-20 18:20:00,2018-05-20 18:35:19,2018-05-21 13:38:00,2018-06-15 15:37:33,2018-06-07 00:00:00
d1218a20bdd92bd626a0b8be8cbdcc06,e28117caedd6c34372b929a1d1e7952c,delivered,2018-03-16 12:23:44,2018-03-16 12:35:34,2018-03-19 18:47:27,2018-03-22 22:54:29,2018-04-04 00:00:00
64c1efac740d3ad7dc7f0c3bf425fd7a,614aa3538438ebdbf8ce41bac4fc3443,delivered,2018-08-22 12:46:30,2018-08-22 13:04:29,2018-08-23 12:15:00,2018-08-29 19:32:07,2018-09-12 00:00:00
6199bf17a85a73b61d5e43a596b95b5b,a63e6d9ad4758e94c0aa0d3611efc569,delivered,2017-02-02 18:59:30,2017-02-02 19:10:22,2017-02-03 14:36:23,2017-02-08 15:17:35,2017-03-15 00:00:00
5c5177333fb1fce1f4bb65868988f204,ebe11def265cd8e747d70c07c5a4547e,delivered,2017-01-24 15:44:05,2017-01-24 15:55:15,2017-01-25 13:58:08,2017-02-03 17:06:20,2017-03-03 00:00:00
9781bfa503ca3104435070afafacd54e,5ef9090e61d2f2d7732af105bc8a6e37,delivered,2018-07-23 23:29:17,2018-07-25 02:45:16,2018-07-30 12:41:00,2018-08-02 20:33:01,2018-08-20 00:00:00
cde001ad61a8e40ea8feff0ea31f9ea3,058b2cdb2337b4e9fd5a3b82f9e204bb,delivered,2017-11-12 19:11:27,2017-11-14 03:46:35,2017-11-14 19:04:34,2017-11-28 00:41:31,2017-12-06 00:00:00
755062e6c08cf5b87a6eb6a094eca92b,2cb1dfee32f16df851c187b495fc893f,delivered,2017-05-16 18:20:00,2017-05-16 18:30:17,2017-05-18 10:43:26,2017-05-26 13:33:08,2017-06-23 00:00:00
104b8d0ca41aec23f0847323c4cb8177,4654d165d5c3a8e7c52566a5ec9f8994,delivered,2018-02-05 19:51:29,2018-02-05 20:10:49,2018-02-06 19:16:56,2018-02-26 17:09:16,2018-03-13 00:00:00
bde06a769a934fd5e54ef3a8019a4e72,04eec7a0a61d36a9fc40fbce299ea2a0,delivered,2017-12-18 16:45:55,2017-12-18 17:51:12,2018-01-05 17:59:50,2018-02-21 00:21:44,2018-01-26 00:00:00
df9eb91b90f72e0b73a3b71466a9a44f,94bfddd766140150ff3a5f0e09df6d03,delivered,2018-06-11 14:56:41,2018-06-12 09:00:43,2018-06-12 13:59:00,2018-07-14 16:35:36,2018-07-03 00:00:00
60bf6f1b8154d2d1d694f83b42a29c15,61a5bdcc5d682ccad9e7e301c368ac84,delivered,2018-05-02 13:51:12,2018-05-02 17:54:00,2018-05-03 11:15:00,2018-05-29 16:18:43,2018-06-06 00:00:00
29dcc211b6fbfa81282284c9dc344da1,47b395f6b2b34956a36e9bc97cf06809,delivered,2018-07-24 10:41:56,2018-07-24 11:41:04,2018-07-25 15:09:00,2018-07-27 17:37:43,2018-08-14 00:00:00
a216d63457e3501eeab4375752f0fbbe,c562ddeb1f9475e767b7e6310c2f1e80,delivered,2017-03-11 12:48:03,2017-03-11 12:48:03,2017-03-21 14:20:07,2017-03-23 15:40:09,2017-04-06 00:00:00
8e96b8e465f71da5a9cde973c3a8d726,ef7d732d85e05cc6f2448600166f37f5,delivered,2017-10-18 17:51:17,2017-10-21 09:07:07,2017-10-24 21:34:02,2017-11-07 17:32:22,2017-11-13 00:00:00
81ea9ed273341e95ebee97df7c324645,0a8a2e50c62d53aef475281ad4b18bfc,delivered,2017-10-16 19:03:26,2017-10-17 13:07:35,2017-10-24 19:02:51,2017-10-26 16:52:23,2017-12-05 00:00:00
41dc608dc9ebdb998dc9b63c57eca204,e014a175e1f4895640138693be508ca1,delivered,2017-11-02 15:17:45,2017-11-02 15:26:15,2017-11-03 21:28:17,2017-11-06 20:32:19,2017-11-16 00:00:00
99cd434b101440c48434f115c3b02f66,70c2747900396189bae163de70b14c6b,delivered,2017-12-30 13:18:17,2017-12-30 13:30:21,2018-01-02 18:38:58,2018-01-04 14:55:17,2018-01-18 00:00:00
9802c8064442c734074a7b608505a3f8,4bfe2d6820127a5194c476b103fefe6a,delivered,2018-04-28 10:22:29,2018-04-28 10:35:14,2018-04-30 07:37:00,2018-05-08 23:31:16,2018-05-28 00:00:00
8654b9ba7d0240807fe0ecdab1f54d5c,eb63cbbc3edd0096ac53f7fe81533f22,delivered,2017-12-18 23:24:30,2017-12-19 01:31:25,2017-12-20 20:04:15,2018-01-08 16:15:52,2018-01-22 00:00:00
26e1b052ba34536f5766198e15bed1c2,376ddbc5c30798ee6a6befe4202ff7bb,delivered,2018-04-03 10:18:43,2018-04-04 10:35:12,2018-04-11 17:51:15,2018-04-24 16:15:41,2018-04-27 00:00:00
93881917b8e0f2bf11eec7abbbfe43ec,5c78528de7bc16285f19af96fce88f02,unavailable,2018-08-11 21:38:00,2018-08-11 21:50:11,,,2018-08-21 00:00:00
7ef7d4c2cef1be38ba7aa93a5a0af2c1,df913529b303b9222440b3ea06e2cd1e,delivered,2018-02-07 09:37:18,2018-02-09 10:12:02,2018-02-09 18:42:05,2018-02-20 09:41:38,2018-03-08 00:00:00
cb00070405704f99f49cf9e9e2794c77,9c23ff0ddab50d55110a5d15770ed874,delivered,2017-10-23 13:04:06,2017-10-23 13:25:52,2017-11-14 22:44:31,2017-11-22 20:07:51,2017-11-14 00:00:00
13ee50026b736b8311e25b3a7bd37f64,90a7b984cf62aef0f211f392d7753541,delivered,2018-04-18 12:07:23,2018-04-19 02:32:24,2018-04-19 23:42:45,2018-04-27 15:32:53,2018-05-16 00:00:00
876e774339918c3047914ce3a4180489,80af9eeefb3f29dc82e93202d89134d8,delivered,2018-04-17 14:23:50,2018-04-17 14:35:27,2018-04-18 19:53:28,2018-05-04 20:42:11,2018-05-16 00:00:00
85b8899fd1383f7177fe622d29f09272,16f09deb508bd78385f0589498ded0be,delivered,2017-09-25 22:52:48,2017-09-25 23:07:59,2017-10-18 19:28:42,2017-10-24 14:33:28,2017-10-25 00:00:00
b92ef17170294d7b2fc093e20bd305c9,069ffa410e2379e3c5a0eaed21879b80,delivered,2017-05-27 16:20:09,2017-05-29 13:55:10,2017-05-29 14:32:35,2017-06-09 13:45:46,2017-06-28 00:00:00
0e0441786430b7cfcd0d91f822ea4c99,f1220b145cc86460b4276b9b3e23e57d,delivered,2018-02-16 16:58:34,2018-02-16 17:10:46,2018-02-20 22:08:51,2018-03-12 22:54:42,2018-03-08 00:00:00
322ec06ec547885a70cc8a7d075ddf3a,571cdf47642d41bd003318f7db08eeca,delivered,2018-03-14 11:52:26,2018-03-14 12:28:28,2018-03-14 22:21:36,2018-03-22 00:51:45,2018-04-06 00:00:00
bcfd2ea0ccf2b146eedf2384af0bf6ea,0a2780550bc97fe90afaf6fd59934a86,delivered,2018-08-16 22:06:01,2018-08-18 02:49:52,2018-08-20 15:53:00,2018-08-21 20:08:56,2018-08-21 00:00:00
6b3b7cba90a84e18a3c860762b535a08,14a010af07a4dac3a39263b876f7dd72,delivered,2018-03-16 20:40:54,2018-03-16 20:55:31,2018-03-17 17:41:17,2018-03-19 15:57:43,2018-04-12 00:00:00
5b16bc6a09b0fc583a3b696a0e80396e,9ed1e0bd6d8169b1c6f499255e6c7b31,delivered,2018-06-05 19:25:37,2018-06-05 19:35:22,2018-06-08 14:29:00,2018-06-29 17:03:49,2018-07-16 00:00:00
8003335035c9770dd19bb3906577ae60,a8ee22949b59be9f25403ffd286d30bb,delivered,2018-08-02 21:00:36,2018-08-02 21:31:33,2018-08-03 13:14:00,2018-08-10 22:03:20,2018-08-21 00:00:00
f511be94d46f57276567f27512e0c304,ce7f5ef3c68b09bbe2a70ba38f470557,delivered,2018-05-12 17:10:54,2018-05-12 17:29:36,2018-05-16 13:45:00,2018-05-19 12:59:47,2018-06-01 00:00:00
c214058828b43a44f352b56ff2d5c0a5,3f3a10ec410c8efb0ca799fa7705d07e,delivered,2018-03-12 15:41:41,2018-03-13 15:48:29,2018-03-14 22:06:34,2018-03-29 18:39:41,2018-04-17 00:00:00
c55086eeed63b963d33c3253b9954895,d7998849586905d996da5ca20ec6c199,delivered,2017-10-09 12:06:12,2017-10-11 03:14:40,2017-10-11 21:10:28,2017-10-27 18:56:39,2017-11-01 00:00:00
9e07481935df5f97ce05a674b3165bd5,22803c322ec0c856ad9aae9d26580c7d,delivered,2017-07-25 00:25:34,2017-07-26 02:23:53,2017-07-26 17:36:53,2017-08-01 18:04:10,2017-08-16 00:00:00
db398b78388fa1c67b3a505ea123c001,841f5c3ca18bbcb7e757633e3d6fcbcd,delivered,2017-04-08 12:15:31,2017-04-08 13:05:38,2017-04-10 12:41:56,2017-04-13 13:34:41,2017-05-02 00:00:00
5fe5d71d980a06a81a0f27c614ddf0a4,f9142e1821fc9c9dd97d5cd32b9eb024,delivered,2018-07-25 10:39:40,2018-07-25 10:55:08,2018-07-25 11:51:00,2018-08-02 23:58:37,2018-08-15 00:00:00
6a76d982b58d3513e24e3b163867aee7,d604a942c122c72ecd780bad1b2541b6,delivered,2018-02-07 10:16:21,2018-02-07 10:35:26,2018-02-08 22:38:36,2018-03-01 00:48:31,2018-03-05 00:00:00
cabb82ac5d6b551aacf169d7ceccf521,7e29fe6c4881051063fbda4738a10481,delivered,2017-10-10 13:43:59,2017-10-11 03:26:50,2017-10-17 18:23:26,2017-10-25 20:00:13,2017-10-30 00:00:00
367cead10022c703e2a1529c52699ac4,44dcf012f505f08758861bbe8348c0ab,delivered,2017-03-29 11:56:53,2017-03-29 13:05:46,2017-03-29 13:50:47,2017-04-05 12:22:54,2017-04-20 00:00:00
6cbe792e9ab88ffb6579d0b28088a988,961a23e97556fd80b1cad9d03d6fb0b1,delivered,2017-09-04 18:46:38,2017-09-04 19:15:14,2017-09-06 13:34:11,2017-09-11 22:24:33,2017-09-26 00:00:00
73cb7b68ebaea36d0678e616423e2618,f17efc061891b8702568adecffa94803,delivered,2018-01-27 19:11:25,2018-01-27 19:19:47,2018-01-31 22:46:31,2018-02-07 18:52:29,2018-03-05 00:00:00
ab76f54a321a0431ef243b3b6865078b,f89df6ef365783b667b626aeaffc5e2d,canceled,2018-02-04 12:25:42,2018-02-04 12:51:26,2018-02-06 23:21:57,,2018-02-21 00:00:00
e7b87b156cde9f1d3a765da80d093d6a,e94ab025529a46247f058102c92b3627,delivered,2017-10-22 18:24:56,2017-10-22 18:37:54,2017-11-01 21:05:30,2018-02-09 14:19:09,2017-11-13 00:00:00
da61998714e3b9c6399161f0225b63d8,73fe0e25b1561297e3e6f7159ef8c5b2,delivered,2018-07-20 17:20:48,2018-07-20 17:35:12,2018-07-23 14:20:00,2018-07-27 23:37:43,2018-08-09 00:00:00
2d0805e3e830d6d2d694ee7a3aa58502,a4289973879353758987d0ab0573db26,delivered,2017-12-15 10:29:19,2017-12-15 10:38:21,2017-12-18 22:53:22,2018-01-22 20:58:50,2018-01-11 00:00:00
b7845ba66ed8b2a92e99835d02a321df,461ee11aeaf3041731370e0d1e5adaf6,delivered,2017-02-27 16:42:32,2017-02-27 16:50:20,2017-03-01 15:31:37,2017-03-10 07:35:07,2017-03-23 00:00:00
b5bbf794f21db63d343d4e0ec7f9194a,455548e1920c91363376c63159d938ce,delivered,2017-04-21 21:18:05,2017-04-21 21:35:21,2017-04-24 10:42:05,2017-05-04 17:37:25,2017-05-11 00:00:00
3bcae8a1bac5d8f94f4e2f7ae4855348,11c87670cbbc2ade8b669cf1734c8f11,delivered,2017-05-30 14:46:03,2017-05-30 14:55:18,2017-05-31 08:13:56,2017-06-09 14:47:00,2017-06-28 00:00:00
eb034b8ac28dcdf7289050cf29af1647,a3cfaf4970bfede28561aa474e43a49c,delivered,2018-01-17 21:27:34,2018-01-17 21:35:25,2018-01-18 16:37:32,2018-01-21 15:42:18,2018-02-08 00:00:00
8990fa8dd3adad058811525395f09bc5,1249530a0d9cbe688e92297163ceb575,delivered,2017-03-18 19:16:27,2017-03-18 19:16:27,2017-03-23 11:03:31,2017-03-30 15:34:46,2017-04-12 00:00:00
b883943a11a0c834424c7bf9bfea8b88,c87d39f3ccad9f7fc9bf4d82465d4103,delivered,2018-02-14 15:21:05,2018-02-15 11:30:34,2018-02-23 01:19:00,2018-03-09 01:48:22,2018-03-07 00:00:00
5eba6d8afdd49d9208232bbd26e9fd0f,4c80e5d2be0abe809be7d2307881969b,delivered,2018-07-22 13:09:08,2018-07-23 11:32:07,2018-07-23 15:09:00,2018-07-27 11:18:29,2018-08-13 00:00:00
2ffc25e4c67c5d5ad8a0142b8f542d4f,97e8e95e37c4ac254684884d50ebfa0e,delivered,2017-09-24 15:03:46,2017-09-26 03:56:32,2017-10-02 19:31:59,2017-10-10 20:42:25,2017-10-19 00:00:00
3ac2529f6e36838d812d40688453abff,e27fb9b0ee41169cccf9f0c4b9b7cd6e,canceled,2018-02-21 01:04:12,2018-02-21 05:50:13,,,2018-03-12 00:00:00
d4086112e1a1dfb1c53e132fd85ab97a,a7132a5c7513a9e1922019bc2812a6cf,delivered,2018-01-07 13:22:34,2018-01-07 13:33:24,2018-01-10 17:48:53,2018-02-07 00:38:34,2018-02-07 00:00:00
2d2af0a625555b1d0ca95f6feed922a9,9c52e1effa73f4d4b2b3c73bf599972e,delivered,2017-08-31 11:09:42,2017-08-31 11:25:12,2017-08-31 19:52:28,2017-09-01 16:18:07,2017-09-14 00:00:00
36869aecba8d52a09823c891345e0e32,6a19e6fe3bd7901db0c718902898de90,delivered,2018-02-27 20:54:42,2018-03-01 02:48:20,2018-03-01 20:42:43,2018-03-07 15:15:04,2018-03-20 00:00:00
5b004e91449a77cd4ad0a10e8fdac668,b1daf464966669df96d346b202615154,delivered,2018-01-23 21:20:09,2018-01-23 21:32:35,2018-01-24 18:09:23,2018-01-25 22:58:54,2018-02-07 00:00:00
c3c0e7587d66bcf58716f519854150e3,58cab3af33e92b444f23b38cbb71c6d8,delivered,2018-01-04 21:53:04,2018-01-04 22:07:52,2018-01-05 14:10:06,2018-01-19 15:56:02,2018-02-07 00:00:00
1c80798b60e75536e4c008facd7e9263,65424f31455174ad680724b72134804f,delivered,2017-07-25 02:04:57,2017-07-25 02:22:48,2017-07-26 10:47:52,2017-08-03 16:44:49,2017-08-25 00:00:00
d468e4e85ee3a383eae43d3e8d9f116b,f176e43ae87e9456af2f9bed9243b93d,delivered,2018-04-10 10:10:05,2018-04-10 15:10:59,2018-04-11 17:23:27,2018-04-23 14:11:30,2018-05-03 00:00:00
488470d4668abcf0aa20df845d584dc2,e2ce97c1afc8669db9e07666d6cac481,delivered,2017-08-23 10:12:24,2017-08-23 10:32:13,2017-08-23 18:38:23,2017-08-28 18:21:32,2017-09-18 00:00:00
019e03014ec20cc2e3b180cdcf90b4e8,81375382bb64d7f7ba43b0bad8c033bd,delivered,2017-04-04 11:26:31,2017-04-05 11:22:51,2017-04-06 13:21:41,2017-05-18 12:55:37,2017-05-08 00:00:00
89132053ebde68cc07de4c71adedb658,f0cf419b35306c7d6ba2fd5109fcfe50,delivered,2018-02-04 22:25:06,2018-02-04 22:35:32,2018-02-06 23:21:56,2018-02-20 19:40:16,2018-02-21 00:00:00
d28915f0c151523811a380f3ed100180,c9ed0550462229cc04b405f5cb52d6d1,delivered,2018-02-05 17:28:25,2018-02-05 17:50:00,2018-02-19 13:06:31,2018-03-09 23:42:47,2018-03-16 00:00:00
f879bf0e0b59e1dba249de988e36d3f5,5d38eb0b466af1fb629d7a4e7eb5663b,delivered,2018-02-07 10:14:38,2018-02-07 10:32:13,2018-02-07 19:28:26,2018-02-19 13:57:13,2018-03-05 00:00:00
657467884d9a109179d820f67575db18,7c548882bf83f9fbe5cb6131a81e0839,canceled,2017-02-16 11:29:08,2017-02-18 11:25:14,,,2017-04-18 00:00:00
6519cf54b544974af32f148f9087f86c,6de2b20b2090c27c75dadb17baca195d,delivered,2017-12-20 01:55:22,2017-12-20 03:31:44,2017-12-22 00:14:26,2018-01-11 18:54:06,2018-01-23 00:00:00
84027696c2bd36b522bbc8a9d0578525,afb2a83dca79aa34aa11d9e0843382f1,delivered,2018-03-02 16:53:56,2018-03-02 17:10:46,2018-03-05 19:09:45,2018-03-22 22:11:03,2018-03-22 00:00:00
40c2eb45ee5466b22abb610d218db754,ae9f545566694daf0c47a67c22fc5f47,delivered,2017-09-17 21:03:28,2017-09-17 22:36:59,2017-09-18 21:33:35,2017-09-27 17:52:38,2017-10-06 00:00:00
68a5e21e84986b92e9de694590c5a22d,8ddc08f219bd236e6f8674fcf183d721,delivered,2017-09-12 18:44:16,2017-09-13 03:15:45,2017-09-18 21:47:41,2017-09-20 18:37:43,2017-09-27 00:00:00
9a707aec48fe07465e8219dd3b52225f,81560dabd08967005f9b50922e5fc6af,delivered,2017-12-27 16:56:01,2017-12-27 17:07:34,2017-12-29 03:44:27,2017-12-30 11:18:36,2018-01-24 00:00:00
8ede7df95e1f4a0f85d78bb5128abf7f,af745ba50a9a08bb1a301921d8f3273d,delivered,2017-02-12 22:05:47,2017-02-12 22:15:17,2017-02-15 12:35:31,2017-02-22 10:45:03,2017-03-10 00:00:00
ca9a1d0ebf8bb6cf2e90199c3a936410,7508cddea10b3c5050b657e1ad1d6bd4,delivered,2017-05-03 17:51:17,2017-05-03 18:05:15,2017-05-04 16:26:40,2017-05-24 16:09:15,2017-06-08 00:00:00
95b898c9e7cf03e527bd45abe58a4d55,33a5b6fda716a4b98d433b09a4f99c12,delivered,2017-08-04 16:40:51,2017-08-04 16:55:10,2017-08-08 18:06:07,2017-08-11 20:45:38,2017-08-28 00:00:00
7388656671c6e0b572d76b7c12fbad52,66049df7b834608e4ae15027f7fe18df,delivered,2018-03-16 16:44:16,2018-03-16 16:55:54,2018-03-22 20:33:01,2018-03-27 01:11:21,2018-04-23 00:00:00
003324c70b19a16798817b2b3640e721,43696894b5bf8fbe1a40b2148ea505a0,delivered,2017-05-18 19:04:48,2017-05-18 19:22:34,2017-05-19 16:04:55,2017-05-30 08:12:15,2017-06-07 00:00:00
e704e063847a3055d24d485db17e30e7,c62ddf589cbda286e9a674861ad04739,delivered,2017-11-19 13:06:40,2017-11-19 19:30:44,2017-11-21 16:02:59,2017-12-02 18:55:49,2017-12-13 00:00:00
994c03114fc5a6345ad5e3b7aeac3e30,1a2669cd39caf29c44956ce921c2cd3e,delivered,2018-05-08 19:52:49,2018-05-08 20:35:24,2018-05-09 09:33:00,2018-05-12 16:18:37,2018-05-16 00:00:00
3461b5e9de904818a15cac893bccf912,728199a7264bd80e44707c122bb04edd,delivered,2018-01-12 16:26:06,2018-01-16 03:50:22,2018-01-18 21:54:42,2018-01-26 13:44:10,2018-02-07 00:00:00
20b44662cba0e4e87a3d794343c1076c,7b5d53fbb685d0f2dcc5cd1e77d29972,delivered,2018-02-19 20:52:08,2018-02-19 21:26:43,2018-02-22 05:35:01,2018-03-07 02:08:28,2018-03-13 00:00:00
b2bf9b5f46f77b57138a5d545fe10402,ae6afc29caa139045be869248a6be15a,delivered,2018-03-27 18:57:14,2018-03-28 02:48:02,2018-03-29 23:41:52,2018-04-10 18:41:39,2018-04-20 00:00:00
35123d3f1c7606f81eb9b60272f907df,0fd45421dff2a32e42a61c73ffe2ad90,delivered,2017-02-01 09:12:31,2017-02-02 02:55:32,2017-02-06 15:55:14,2017-02-13 09:22:34,2017-03-08 00:00:00
a4f60531f70dda57689ca2b1ede162f8,6a122bcedf65452b1002d0fc3758c531,delivered,2018-04-03 08:32:43,2018-04-04 03:09:00,2018-04-04 18:47:39,2018-04-14 19:06:55,2018-04-30 00:00:00
a0034faea6e79d2ed8d8e99279c443b8,ce705dc93f963a4955ad071b24a8fbd5,delivered,2017-08-29 11:47:19,2017-08-29 11:55:26,2017-08-30 20:43:44,2017-09-13 21:22:17,2017-09-26 00:00:00
8ee4479875cbd96e7ce155e3c9199147,bf58599771d9b32347c871f98d4bb4e9,delivered,2017-06-21 09:18:25,2017-06-22 02:30:24,2017-06-23 13:32:58,2017-06-27 15:34:26,2017-07-10 00:00:00
66b9e5412dab143acd97cce94000eaf7,7bf09d9d05cb60c4a07f15ba0b5d86c8,delivered,2018-05-14 12:37:29,2018-05-14 12:52:38,2018-05-14 16:40:00,2018-05-18 23:51:39,2018-06-05 00:00:00
ef62be15e919755500885ea4b14c86c1,d3c66ed711b20dae6b22d583674f1e00,delivered,2018-05-22 11:11:42,2018-05-22 11:37:32,2018-05-29 07:15:00,2018-06-05 20:16:51,2018-06-08 00:00:00
ef4927f51923ddcf7b75fb84f51126b7,98c06da4bc9caeddc4b8d92ab42b6bc7,delivered,2017-09-11 23:30:04,2017-09-11 23:43:23,2017-09-12 19:09:45,2017-09-13 16:39:48,2017-09-21 00:00:00
31628e1ec1ce71d13a6d7b2b0c5db88a,56cd7ff652ff3f4ee1f3753f572c45ba,delivered,2017-03-06 16:54:25,2017-03-06 17:05:20,2017-03-07 14:56:31,2017-03-13 11:48:00,2017-03-27 00:00:00
4ae136c7611e6052ec06035442490f24,8a86e15447c677ced975088dcee32e6a,delivered,2017-10-23 23:13:30,2017-10-23 23:28:07,2017-10-25 15:08:18,2017-11-22 16:40:00,2017-11-09 00:00:00
d1da39d6d643a11a4083de84d30996a9,c25f1d52a454773cd3197bebbec0325a,delivered,2018-04-09 17:26:21,2018-04-09 17:51:16,2018-04-11 02:32:37,2018-04-11 19:33:15,2018-05-02 00:00:00
9b49f06c590d69abbccae35ce08c2d8c,c3654a12b3dbfbe63c569aca28b9ff25,delivered,2018-04-29 13:46:06,2018-04-29 13:55:15,2018-05-03 12:10:00,2018-05-08 21:46:43,2018-05-21 00:00:00
a71be8f3b8729c021b536bb8e7471000,f6d1915aec1b2b664f424188606a4c50,delivered,2018-08-16 15:40:31,2018-08-16 15:50:24,2018-08-17 14:37:00,2018-08-23 18:51:43,2018-08-28 00:00:00
4bd0d8aa4756f78245bd56015d4ddcc0,a66d945b437e7e8dab012f6172a5beb3,unavailable,2018-08-11 11:56:24,2018-08-11 12:05:21,,,2018-08-27 00:00:00
a3757e2e2fc596f02ee3b55323c6a67c,4f00f0cf58715dc27cde8e9222e1e97c,delivered,2017-11-07 00:14:07,2017-11-07 06:31:21,2017-11-07 18:25:25,2017-11-20 23:09:04,2017-11-28 00:00:00
c4b90fb525d93e4746a762fd136acdd8,da5ab5bb3afab09aebc6f24a3952b11b,delivered,2018-05-09 22:28:00,2018-05-09 22:53:51,2018-05-10 15:16:00,2018-05-15 16:35:22,2018-05-24 00:00:00
a30b74313d68098f40df2741bf239601,518af708e03d6d2aabb44bcb48133025,delivered,2017-11-25 13:12:27,2017-11-25 13:33:58,2017-11-27 18:11:17,2017-12-05 17:52:06,2017-12-18 00:00:00
0f1297fc73dfe8ec236409616c39eba7,61a0d7d415e0f8649f386945871dfd85,delivered,2018-01-30 11:29:58,2018-02-01 02:55:56,2018-02-02 23:42:42,2018-02-06 20:18:28,2018-02-23 00:00:00
92ffa55d1d1e77f655127aac213c1e38,ea900ee2e9dd8860b8423bdc3d397643,delivered,2018-07-27 11:45:06,2018-07-28 03:35:13,2018-07-30 15:39:00,2018-08-06 19:56:27,2018-08-17 00:00:00
2fe324febf907e3ea3f2aa9650869fa5,65b14237885b3972ebec28c0f7dd2220,delivered,2017-03-13 20:17:10,2017-03-13 20:17:10,2017-03-17 07:23:53,2017-09-19 17:00:07,2017-04-05 00:00:00
9371a323185fe5bc627ed3065bf2fcd8,9632189e7c39675d6984fda2932d81d2,delivered,2018-03-22 10:11:39,2018-03-23 02:27:47,2018-04-03 20:26:44,2018-04-04 22:28:51,2018-04-05 00:00:00
48fc3920c8d50b6cae63eebbfbf70676,5d4190f32229b41c1a77f81980b29b3e,delivered,2017-08-15 21:29:14,2017-08-16 22:24:39,2017-08-30 17:35:06,2017-09-08 20:25:54,2017-09-19 00:00:00
a6d4b394346af973163c403b372e56c2,dadb55e81d2b364625d25ec798cec62a,delivered,2018-01-24 08:45:48,2018-01-24 08:56:34,2018-01-29 11:32:57,2018-02-20 18:49:21,2018-02-20 00:00:00
75facf271f6fae1a51aa4782d6429942,f57b602116238c3c2da7aef432cfb4f9,delivered,2018-04-09 13:42:40,2018-04-10 04:15:18,2018-04-13 18:03:12,2018-04-16 16:37:30,2018-04-25 00:00:00
ee379f722c4341641c16be92f2175437,9d4aaffa7af020d04df29e4c07fedbb0,delivered,2017-09-21 22:14:13,2017-09-23 02:25:34,2017-09-25 18:44:58,2017-09-28 12:29:01,2017-10-13 00:00:00
7ab2bbacefb1c1016086af8dbde930a7,30c064a514a528e5e28af24a5728e1de,delivered,2018-03-29 10:02:34,2018-03-29 10:15:10,2018-03-30 00:58:27,2018-04-09 18:04:02,2018-05-09 00:00:00
cf7f0308e07d837de4d5bbc6441634f3,0a6cd2ee840ed7c388c5848c10fdd004,delivered,2018-02-21 15:43:57,2018-02-21 15:50:37,2018-02-22 22:09:03,2018-03-09 13:26:36,2018-03-15 00:00:00
b5f0cef68cd2c42cf22c53f76adde01c,1712037015e4da310d94103085ab94b0,delivered,2017-08-06 15:41:41,2017-08-06 16:20:06,2017-08-08 14:58:30,2017-08-16 17:52:25,2017-08-25 00:00:00
8458aabbdd88fb4ce4d936dc46fb1024,ef4a9733eb74af52637ca25f6d41b0d4,delivered,2017-08-29 13:42:59,2017-08-29 13:55:22,2017-08-30 13:11:37,2017-09-11 17:03:07,2017-09-13 00:00:00
f23809a318245a674bc438904349ec63,e8833ec036ef5a31782fc90de8a6efc1,delivered,2018-03-29 09:10:21,2018-03-29 09:27:36,2018-03-31 17:51:00,2018-04-13 22:58:45,2018-04-18 00:00:00
a85ca5795f5b9095cd0be276b40cfb8f,399300efe0d7bc0f14370aaf179d0d93,delivered,2018-08-17 10:36:07,2018-08-17 10:49:23,2018-08-17 14:11:00,2018-08-23 20:22:58,2018-09-03 00:00:00
f7a0004aac8ff2eedd8dc760c4b605b1,cf54e6569d9da458e167fcebdb5adafe,delivered,2018-04-10 20:41:39,2018-04-10 20:51:29,2018-04-11 22:38:42,2018-04-26 19:24:28,2018-05-09 00:00:00
c57cf7b41f793c7c74b7e51f236eb57f,259601eb3d9959930d3b49499a4a3a80,delivered,2017-08-13 13:46:34,2017-08-15 03:50:22,2017-08-18 15:48:00,2017-08-25 22:45:40,2017-09-01 00:00:00
987963d6403557c1025b55e60540397a,43cc1adfc1c4e2dcb1d4cff33324ecf3,delivered,2018-02-17 19:01:49,2018-02-17 19:15:31,2018-02-20 14:24:57,2018-02-22 17:52:27,2018-03-05 00:00:00
eba72fc69b4d8bb6893e635895a7bbf5,138eb7784345a6df16c545bbadcdc9c4,delivered,2018-05-10 09:06:10,2018-05-10 09:15:16,2018-05-11 09:23:00,2018-05-24 17:57:28,2018-06-01 00:00:00
e137f3b8d8f48a149df7322275e474c5,40d1dfe01516c265dab24f5fe7124e5c,delivered,2018-05-17 16:34:59,2018-05-17 23:58:01,2018-05-18 13:14:00,2018-06-01 17:48:29,2018-06-06 00:00:00
2694d5d93827eee9e3b4c2d4287c605d,f73659091d1789c9a866de63725a5e4b,delivered,2017-03-18 11:49:25,2017-03-18 11:49:25,2017-03-21 15:54:31,2017-03-31 11:10:02,2017-04-12 00:00:00
4ef09dfdc36677a4d599a0c1acace4ff,c25cd276761a3853d551e1dd81c16afd,delivered,2017-11-24 14:37:52,2017-11-26 14:35:40,2017-11-30 19:42:23,2018-01-09 18:15:33,2017-12-21 00:00:00
6d8487b198d566c788aea67710f430ef,2370e5073c3e8be7f81dc13643ceeae1,delivered,2017-07-11 21:59:19,2017-07-12 00:45:11,2017-07-18 21:04:02,2017-07-26 20:17:26,2017-08-02 00:00:00
93ddc164704b957c3c891cc9d2c20b21,618f5049ac85aff4279509a3154eee38,delivered,2018-05-13 21:32:05,2018-05-15 04:12:22,2018-05-15 16:22:00,2018-05-17 15:41:48,2018-06-04 00:00:00
f176aee590391777b0e99737c30315de,6f9e18a3cff69372da26f5ca639eadb6,shipped,2018-05-08 16:43:48,2018-05-08 17:30:44,2018-05-10 08:25:00,,2018-05-29 00:00:00
33f5cb78dc85b0b2d67cce7b979fa41b,126efcac7c9b46c472d8c4e53c376a87,delivered,2018-01-31 22:15:20,2018-01-31 22:29:51,2018-02-06 20:28:23,2018-02-22 20:03:51,2018-03-02 00:00:00
356b492aba2d1a7da886e54e0b6212b7,68c74d748a55f9d29e6698f4b01a0df7,delivered,2016-10-04 14:44:33,2016-10-06 16:05:43,2016-10-30 14:23:50,2016-10-31 14:23:50,2016-11-28 00:00:00
4bac61800c1e9be95b1fc49a6b859c64,8cd77a8f5bd63acae0918c37269aba4f,delivered,2018-05-11 13:50:38,2018-05-11 14:16:15,2018-05-14 06:42:00,2018-05-30 15:38:54,2018-06-11 00:00:00
20b919e05f847a4e3adcb4352ee309b8,d87151e0bf65ad280d636f523213c735,delivered,2018-08-06 16:12:34,2018-08-06 16:24:39,2018-08-07 13:38:00,2018-08-14 19:20:56,2018-08-29 00:00:00
105d4ac9ed6fbd646d5d6188edc000ab,46cb7074aae58874cff14f37968a1a79,delivered,2017-11-16 21:27:32,2017-11-16 21:52:04,2017-11-17 21:27:36,2017-11-20 16:36:55,2017-11-29 00:00:00
d731191f76c39fe5c7d22edddb6836ba,0419432b440cac406896f9b2ed4419a1,delivered,2017-05-19 18:13:52,2017-05-20 11:35:21,2017-05-30 04:24:53,2017-07-17 16:05:58,2017-06-12 00:00:00
21fd7f6e3a1bdecc5bffcb8838a911e8,e4156eddd433ea216ea851aecfe3bcd7,delivered,2017-07-25 21:44:57,2017-07-25 21:55:20,2017-07-26 19:21:21,2017-08-01 21:32:30,2017-08-14 00:00:00
4c7061e57405537a32f8c9dd0a194d68,8541665e9f73b628748b234cf6bb46bd,delivered,2017-05-30 18:02:17,2017-05-30 18:15:15,2017-05-31 18:27:28,2017-06-05 17:07:57,2017-06-29 00:00:00
3efdbf51c992266c11eb3938e67e77da,63f6cd19616df5f2d0965a676bc1ee70,delivered,2018-06-20 14:31:22,2018-06-20 14:58:49,2018-06-25 13:04:00,2018-06-29 00:12:00,2018-07-20 00:00:00
2de2f2ccac0ff270f62bbd95984922bf,35cbf6c19a9998b7e13495e4faa9382d,delivered,2017-07-16 06:54:01,2017-07-18 06:03:56,2017-07-19 17:42:39,2017-07-26 18:26:18,2017-08-08 00:00:00
7e9af7be40e0983f0c497782cb6435bd,2c24375ffa9f92076ed3bec1a35e13b0,delivered,2017-03-10 17:31:42,2017-03-10 17:31:42,2017-03-15 05:15:29,2017-03-18 09:53:45,2017-04-03 00:00:00
ebb9db2cf338e9643c0335094dcd0299,017245b7b19b3dc589ca95daf778253f,delivered,2017-09-28 21:04:34,2017-09-28 21:25:05,2017-10-02 19:19:08,2017-10-11 18:03:10,2017-10-26 00:00:00
9032c0ac4021b04e4dbe6dedacd3f3ed,c4a7dbc4efde20b832a4ccfb2832596d,delivered,2018-01-05 12:39:21,2018-01-05 12:48:49,2018-01-08 18:47:29,2018-01-30 20:47:55,2018-02-07 00:00:00
a2e8f1f731b30517a6d0e1889d1c7e35,51857fcd0e5ff5ad2c5462923f01026f,delivered,2018-08-14 11:37:57,2018-08-15 03:10:25,2018-08-15 13:54:00,2018-08-17 19:41:49,2018-09-10 00:00:00
7a44c4fe71c5ad785748804827f628b8,0090571a7077aaa71825c98f660695df,delivered,2017-03-12 11:27:09,2017-03-12 11:27:09,2017-03-17 13:23:56,2017-03-28 13:05:16,2017-04-05 00:00:00
fbd9022ebf9271e1952ca884a972d1bd,3e46b833c6f5d7827700b8ef99db2e08,delivered,2017-07-22 17:55:13,2017-07-22 18:10:09,2017-07-24 18:28:01,2017-07-27 19:03:29,2017-08-11 00:00:00
2a6ec88bef2eb4c5e4716b26406ead0b,89128b58a471ab0487f3198a463e80fd,delivered,2017-11-24 08:51:55,2017-11-24 09:11:30,2017-11-25 12:37:53,2017-12-12 08:47:32,2017-12-21 00:00:00
2a6fe3e9e5cc930c0033522f117c1a20,63e7cc7cc2eee233a612234966bac4aa,delivered,2017-11-26 14:36:30,2017-11-28 03:39:01,2017-11-28 20:07:58,2017-11-29 16:43:51,2017-12-11 00:00:00
90920bdae23654268e339ea8f19f0ae8,88f63e38cce5dfa298782ad150309cde,delivered,2018-07-20 07:27:44,2018-07-21 03:05:19,2018-07-25 13:00:00,2018-07-28 14:41:51,2018-08-07 00:00:00
bc96d9386fbde750e2b3f97c57b9e270,ebf475d6d14d876da50f4887ee1fc239,delivered,2018-03-06 19:02:10,2018-03-06 19:10:30,2018-03-07 21:52:41,2018-03-19 21:33:21,2018-03-27 00:00:00
c693197525abfba60b35d3a99954f7a5,d5611385e2e85a798c08942bdcedf49c,delivered,2017-09-14 09:35:42,2017-09-14 09:50:18,2017-09-14 15:59:32,2017-09-25 18:27:36,2017-10-16 00:00:00
37424b4c8096e0738986a1d6fffc6da2,d78a5880a2347eb58b1c90069e205694,delivered,2018-04-14 21:06:45,2018-04-14 21:29:53,2018-04-16 21:36:37,2018-04-25 19:38:50,2018-05-09 00:00:00
884c8bf4713eff2d1830882d96a8f90e,f06a932d9fefe343141d0570ca5d5721,delivered,2018-05-15 20:55:04,2018-05-17 02:37:15,2018-05-17 11:47:00,2018-05-18 15:52:10,2018-06-12 00:00:00
98b44f8fc418ac64b3d764d949a94cd0,6258086c622f3a3d544d6ee76c0724c0,delivered,2017-10-06 19:18:53,2017-10-06 19:35:08,2017-10-23 18:22:49,2017-10-26 19:04:43,2017-10-30 00:00:00
957e60e8b06f5c61044ad86aa626cd49,d1fdd448f8dccdf1fd1eef2008573b42,delivered,2017-11-27 23:35:57,2017-11-27 23:49:47,2017-12-04 17:58:06,2018-01-27 15:12:18,2017-12-28 00:00:00
823384842bb58973b0c88e31c6f94da9,9c79fa52d8ef5e2e023052e24a06e896,delivered,2017-09-22 13:41:06,2017-09-23 14:10:10,2017-09-26 09:35:34,2017-10-10 19:48:47,2017-10-23 00:00:00
af6dbf659dbbf1932943adf2a2f6da6b,ee7c4ced04927410df4a3977fbe5e229,delivered,2017-12-05 14:19:09,2017-12-05 15:30:57,2017-12-06 21:21:58,2017-12-18 16:04:32,2018-01-12 00:00:00
64320e0f5e1ada4c014e87b66072b89a,7ab146a5f9f827e0f080b310aeeec1c8,delivered,2017-12-17 22:11:55,2017-12-17 23:14:42,2017-12-19 19:37:39,2017-12-26 21:05:06,2018-01-05 00:00:00
5e8a43063e2b8bdb8d7902dd4bb62ddc,202a15094b58a3344099488e1d48cf3e,delivered,2018-04-04 00:03:39,2018-04-04 00:15:38,2018-04-04 23:27:35,2018-04-13 01:06:54,2018-04-27 00:00:00
501947b9b9a7e6e4d8e1ba03c5e11347,4d498c0a47f99935a37606319f6386b7,delivered,2018-02-27 18:54:45,2018-02-27 19:40:20,2018-03-01 02:38:31,2018-03-06 12:29:54,2018-03-13 00:00:00
01c18108db50c163daf7dfe461093fb7,cee3e95e0b9944bf7c7c6881c286564b,delivered,2017-06-22 17:53:59,2017-06-22 18:05:15,2017-07-03 14:36:50,2017-07-06 17:12:55,2017-07-18 00:00:00
13f12afcd38859a0ce8e667475326c44,b913254d0a363ec86cc513abbefd6ee8,delivered,2018-07-15 21:42:58,2018-07-15 21:55:19,2018-07-24 14:13:00,2018-07-30 16:31:59,2018-08-16 00:00:00
cbc7b0f111cacfc370868186ac364edb,01e16f5204e8741494af3d5b4c355128,delivered,2018-06-30 11:07:54,2018-06-30 11:30:17,2018-07-03 06:20:00,2018-07-04 00:44:01,2018-07-16 00:00:00
7edf1cae89d5343f05b5d4d0827f8bbe,be88767a68a1ca08f600085ceb8ca6ba,delivered,2017-11-25 17:45:24,2017-11-25 17:53:29,2017-11-28 18:02:40,2017-12-07 20:13:15,2017-12-15 00:00:00
8f9005e33af4e9098cb514dd5f44b0bb,81e7a069c22d320446440504743833dc,delivered,2018-01-22 22:09:15,2018-01-22 22:33:10,2018-01-23 16:44:06,2018-04-03 01:32:03,2018-02-15 00:00:00
321449a02a8bb4029e39f54fe306be0b,87c95d378327768be6c40fae1c060ddd,delivered,2018-07-07 23:35:57,2018-07-07 23:50:10,2018-07-10 14:30:00,2018-07-13 18:59:26,2018-08-01 00:00:00
e631329d8cbc84d757e4c471509f4cf2,9face96c098cb8d6decd476fe1eb5727,delivered,2017-06-18 20:37:23,2017-06-18 20:45:12,2017-06-22 09:48:23,2017-06-29 09:59:56,2017-07-13 00:00:00
c3ac4b19799a35a01102113da6feb6bc,df4f07a5f5156cebd0e1a5aa69206b2a,delivered,2017-07-25 10:57:26,2017-07-25 11:10:07,2017-07-27 14:17:51,2017-08-01 17:15:56,2017-08-21 00:00:00
751df94e324fbe8de6a5a186568f128a,d06ae9dcd2fca7751cf48ef8ed08b50c,delivered,2017-11-25 01:19:29,2017-11-25 03:52:04,2017-11-28 18:38:46,2017-12-10 22:20:02,2017-12-15 00:00:00
e223ccde32fd470414931d963b07c4f8,984e03c38bf2c163791fa3d61a002a01,delivered,2018-08-16 21:42:49,2018-08-16 21:55:47,2018-08-17 14:04:00,2018-08-29 16:08:37,2018-08-27 00:00:00
c8ddaf4d1bb162951e8e76d02c160867,c5a1611b87d4e7e079ad60087a0d2fc7,delivered,2018-05-13 09:27:25,2018-05-13 09:53:04,2018-05-14 14:18:00,2018-06-06 23:14:21,2018-06-11 00:00:00
3eca2d6d0bebdc75df61d60892caba49,affdd1ae7e63aba106d34c837fa815e9,delivered,2018-06-09 08:29:54,2018-06-12 04:35:56,2018-06-12 14:37:00,2018-06-18 16:13:01,2018-07-03 00:00:00
04d3e9115c05c6494aa7c1063f96db5e,c704a251b5b82dd1600d4698fdaec3e8,delivered,2018-07-12 13:17:28,2018-07-12 13:25:46,2018-07-18 14:35:00,2018-07-25 23:44:25,2018-08-07 00:00:00
f8815360ba396d9d7cfa13aa2048041e,b73e048b0caca826fe525c304b9f2c8d,delivered,2017-11-11 13:11:57,2017-11-11 13:31:00,2017-11-13 20:34:36,2017-11-22 19:28:28,2017-12-12 00:00:00
87c10d50798c3cb5476f246e91921a0b,2356eca41ad970e57a898ab088d52b88,delivered,2017-09-02 20:27:18,2017-09-02 20:35:20,2017-09-18 22:47:46,2017-09-29 16:35:35,2017-09-28 00:00:00
07a4d93bf559c596edf3f808c5af4720,b9a3c8bf0856fc0298a9d93c4b475d9a,delivered,2017-04-28 13:49:39,2017-04-28 14:05:08,2017-04-28 15:32:19,2017-05-22 08:15:34,2017-06-01 00:00:00
24bedfaf52a732f5885a762eedc20f08,92bf9cd979b4fcdec7b886e53c930705,delivered,2018-02-04 18:31:25,2018-02-06 05:31:50,2018-02-14 19:12:00,2018-02-15 17:51:57,2018-02-21 00:00:00
c56734bfd1a27270a864726f2fe96fb5,6d3dc14d9685166e7e1dac1e1346ff47,delivered,2017-11-24 13:24:01,2017-11-26 13:18:29,2017-11-28 11:41:59,2017-12-07 18:37:29,2017-12-21 00:00:00
9f48540472ff9c80a0d3b67b66f9885c,6bb4af3f77ce2203db9e10215ba97127,delivered,2018-01-28 14:59:52,2018-01-28 15:21:24,2018-01-30 19:31:54,2018-02-05 17:26:57,2018-02-20 00:00:00
b24467733c29812a6cc1bc3b1a010fd8,1f0803a562ea91738da0b55156525e2f,delivered,2017-06-12 22:40:14,2017-06-12 22:50:18,2017-06-13 13:13:15,2017-06-30 16:32:24,2017-07-17 00:00:00
43d60e5304df2b3b2d51d32499266433,168f6a61a508eef3903cca3207e9682f,delivered,2017-10-09 18:25:04,2017-10-09 18:49:38,2017-10-10 16:56:09,2017-10-27 17:28:38,2017-10-31 00:00:00
1326c2f23bda822e4ffdd5764e04311e,96e67bd62456c6f366ecc6c9f82cf5b8,delivered,2017-06-08 16:47:22,2017-06-08 18:20:20,2017-06-09 10:45:27,2017-06-19 15:33:58,2017-06-29 00:00:00
e7a7c3f23a94a1094f891ae30eeeccd3,6a1dff9c7a658f9ff8d0381334e0390a,delivered,2017-07-11 16:44:52,2017-07-11 17:30:16,2017-07-12 20:13:54,2017-08-08 17:57:27,2017-08-14 00:00:00
eb4e4098b7ba7c44df0ef857c570922f,1f3450ae3a184dfad52bbf5bd6b9d468,delivered,2017-04-04 07:12:19,2017-04-04 07:25:14,2017-04-05 13:08:33,2017-04-18 15:43:18,2017-05-10 00:00:00
054df8d1a5ab3cf520be20c25d98f5f4,f5e607e954dc6a5a62b2bd6751828e1b,delivered,2018-05-12 01:51:06,2018-05-12 02:12:01,2018-05-14 14:04:00,2018-05-25 15:18:25,2018-06-06 00:00:00
001021efaa8636c29475e7734483457d,2dfbf74859104caf100df3720a1d833d,delivered,2018-02-27 09:27:14,2018-02-27 09:35:41,2018-02-27 21:43:46,2018-03-08 20:06:33,2018-03-23 00:00:00
677b75c94abaf28f434d9f1be4c12808,9533ca0dba01ab4d0a841b397616813d,delivered,2018-08-14 22:28:42,2018-08-14 22:44:02,2018-08-16 13:41:00,2018-08-17 14:38:39,2018-08-20 00:00:00
065f2f78a7067e37f695bed618512704,bf175649612501ee4ef4a916f45bc73c,delivered,2017-09-06 14:34:17,2017-09-06 15:20:13,2017-09-08 16:20:06,2017-09-13 20:15:00,2017-09-25 00:00:00
71605d625856f93b1ef29569d3cb9c87,869e2244009c6cc7cd52d16f0ce9fd8d,delivered,2018-03-19 10:57:52,2018-03-19 11:15:16,2018-03-21 19:03:51,2018-04-12 18:12:15,2018-04-26 00:00:00
2062e2b2ccba806425dfce0142c62a84,a841867b4ef1d25a49431a4dbec2a77f,delivered,2018-02-28 20:05:19,2018-02-28 21:08:42,2018-03-02 00:17:46,2018-03-03 00:51:44,2018-03-13 00:00:00
c765801ff1022b82d664e0a1b114d4b2,fe631bf78d4a7f9382755b3b6b53e0f7,delivered,2017-10-09 14:42:25,2017-10-09 14:56:22,2017-10-10 15:24:43,2017-10-16 22:44:13,2017-10-20 00:00:00
74482752946085825e5c3270eec7d3a4,f068db01b58c44524e54a0a0315b6dc3,delivered,2018-02-13 14:31:20,2018-02-13 15:07:42,2018-02-15 19:22:21,2018-02-26 22:27:47,2018-03-07 00:00:00
dc2ed1581975f94efea014272ace65a8,f06c58610c27c1e70acc2adde4fc3029,delivered,2018-06-13 15:36:15,2018-06-14 15:38:52,2018-06-15 05:57:00,2018-06-20 18:54:31,2018-07-05 00:00:00
b98477e7b8005fa7e969d10ad7992515,b5ca1f301090ea6c5be4a30666abbf46,shipped,2017-11-25 10:43:04,2017-11-25 10:54:55,2017-11-27 17:14:14,,2017-12-18 00:00:00
c5e06e750cf18e0c0a71e1d5ae97f749,2ecbbe6d957d18f3ea50549bf5569e39,delivered,2018-04-26 21:52:30,2018-04-26 22:11:12,2018-04-27 12:08:00,2018-05-03 19:09:08,2018-05-23 00:00:00
c14b0a3faf28a3052b92646eeae4799a,c879cc8138b442e8b65b22f7545e711b,delivered,2018-08-01 20:33:06,2018-08-01 20:44:05,2018-08-16 11:25:00,2018-08-20 17:27:58,2018-08-23 00:00:00
a5fec99e63565d20d4b127479d9947d4,f0a83115db332c34b1c6de134a47e025,delivered,2017-04-03 12:24:17,2017-04-03 12:35:36,2017-04-10 11:38:54,2017-04-17 11:48:16,2017-05-03 00:00:00
2c43da70769acf988d27b050b189c7fe,7aa03a53e8c6489f3854470b6ebe9537,delivered,2017-12-27 18:57:38,2017-12-28 14:07:35,2018-01-04 21:38:59,2018-01-19 19:17:48,2018-01-31 00:00:00
ca5a215980675471f0cf8199c041909a,588047d7101d88c333691e47659d7099,delivered,2017-01-05 14:23:54,2017-01-07 03:44:16,2017-01-11 15:37:55,2017-01-17 15:14:20,2017-02-01 00:00:00
7275595649b571520b66127a7da3282f,912ceb67f21aa8b6b8716984d027c8a5,delivered,2017-09-28 11:56:16,2017-09-28 12:14:16,2017-10-06 10:12:40,2017-10-17 23:09:49,2017-10-26 00:00:00
c87cf593c8c9e0e59f1039a2bb8e5d44,6a995457b886564201d3e6016b9bbbbe,delivered,2018-08-07 14:30:58,2018-08-07 14:44:50,2018-08-08 12:03:00,2018-08-14 19:31:19,2018-08-20 00:00:00
89e704d6ea7fe7f345aa355d6581ab93,98e06d190334a14891b95e3a5d9082cf,delivered,2018-04-10 13:45:55,2018-04-10 13:55:24,2018-04-19 17:36:33,2018-04-24 15:52:45,2018-05-02 00:00:00
3b786bf128186200f49a2d025c9148f4,c78aa1f6f041f7933c8d7f00a013288b,delivered,2017-07-12 16:35:21,2017-07-13 03:04:48,2017-07-14 21:41:37,2017-09-12 17:53:32,2017-08-15 00:00:00
6029e6bd42b7734db7fa0f091ed018d3,3ea585d53c3fcd454f3d6161e1f87587,delivered,2017-09-22 22:30:05,2017-09-22 22:44:11,2017-09-26 18:58:52,2017-09-28 17:28:14,2017-10-17 00:00:00
d17caea6a555b8d399674e0a8e600bfb,980af1ce0eacd16f3acd81d8f6e97a61,delivered,2017-11-15 23:23:55,2017-11-15 23:31:17,2017-11-16 15:33:03,2017-11-21 15:26:59,2017-12-07 00:00:00
6cd468d56fed6e899e7c7405b3e405f8,39711aab0716dbffa7363e6d390e4544,delivered,2017-07-18 12:34:09,2017-07-18 12:45:22,2017-07-20 14:12:24,2017-07-26 18:37:26,2017-08-14 00:00:00
0bde6dfc382fc35f1a5ebf8ddf8e639d,f099b487fbaeef30ede41694ccf282a3,delivered,2018-04-27 08:52:05,2018-04-27 21:52:29,2018-04-30 06:21:00,2018-05-14 23:46:40,2018-05-29 00:00:00
98fdc814528eaae23bbb4515bdd34764,f8bf7baff262da57be32a349ecf922d5,delivered,2018-05-02 00:26:01,2018-05-02 00:56:39,2018-05-03 13:18:00,2018-05-04 16:50:47,2018-05-16 00:00:00
4934371ce23a4e29360d9a4284078a47,da52d7f564d770bd7d3e123431815b33,delivered,2018-05-12 14:23:01,2018-05-12 14:35:31,2018-05-14 15:45:00,2018-05-18 19:44:48,2018-06-06 00:00:00
d974607c57ca915767ed00355b0a7bcb,460aec2ca51fb345f4b1ecdc663bdb66,delivered,2018-07-31 15:08:31,2018-08-01 03:31:38,2018-08-02 08:05:00,2018-08-03 16:04:58,2018-08-03 00:00:00
1e05735291d8969fddb706f4fabe8725,0764fd70cf180925814aac76754a1a65,delivered,2018-01-11 21:41:57,2018-01-12 10:28:15,2018-01-12 22:07:05,2018-01-17 17:43:17,2018-02-05 00:00:00
b5344f6243a17061047a98e502ca5152,1c4da6d9765eb7c26138fd6b675736b8,delivered,2017-06-26 10:15:09,2017-06-28 02:23:31,2017-06-28 14:25:01,2017-07-05 11:02:53,2017-07-17 00:00:00
ae6bb3767e72eb4b280e50c3d46ed9ba,f8de0ee717bedd4c6d63936c7ed0250f,delivered,2018-07-27 11:51:29,2018-07-28 11:45:13,2018-07-30 14:43:00,2018-08-03 11:58:52,2018-08-16 00:00:00
a5e4943ec70814fda473b21faaba42cc,f70f80643f8bba51009543d7ff51c8b6,delivered,2017-05-08 09:59:01,2017-05-08 10:15:07,2017-05-15 14:04:05,2017-05-29 14:58:05,2017-06-08 00:00:00
6d01825b57b343ee894db28383c782e9,a946fddd59910320e672defbfc66ca99,delivered,2018-06-18 00:50:16,2018-06-18 01:12:28,2018-06-18 18:57:00,2018-06-22 20:51:56,2018-07-05 00:00:00
5b97c7d7c0c336bb0d56b9a367fa53d0,f9cad966a31db0ddfba78dfc680b1abb,delivered,2017-11-09 23:01:02,2017-11-09 23:10:42,2017-11-10 19:36:34,2017-11-13 20:33:03,2017-11-23 00:00:00
f47a19bfce7086d0e3ddfa0633d20035,dcfb96c5d141b3b9d90ffcb21fd45e5e,delivered,2017-05-24 17:49:08,2017-05-26 22:25:13,2017-05-29 10:55:11,2017-06-01 17:35:52,2017-06-16 00:00:00
6a3f1f1fc8944e768c77c0df361679f4,91e5ed18f16a1e0f16bdf394a76c1e73,delivered,2017-11-08 23:03:19,2017-11-08 23:15:49,2017-11-09 19:02:44,2017-11-17 22:13:31,2017-12-05 00:00:00
134f7360b1704296a29b44585e183989,6ee406781397a193218227d27bfc8ef6,delivered,2017-12-04 10:44:09,2017-12-04 16:31:49,2017-12-08 23:13:56,2018-01-09 19:59:20,2018-01-02 00:00:00
54d37ec8a7b9c92bdca59ec16141bc4f,c7436a01b569085eb8cd8dfddb339b7e,delivered,2017-03-23 22:16:06,2017-03-25 02:15:38,2017-03-28 14:23:14,2017-03-30 16:04:51,2017-04-13 00:00:00
d9b690be37895a83c71501e629e0c2ec,1889cf2d27ddc5d69df464cd907ea3e4,delivered,2018-06-15 16:58:29,2018-06-15 17:26:10,2018-06-16 09:01:00,2018-06-19 21:53:48,2018-07-12 00:00:00
68619ce8e1d093c01359eb9d2dd22120,1624a92e97ae6aafabdeeab06b599460,delivered,2018-01-10 19:34:40,2018-01-10 20:08:23,2018-01-30 22:28:38,2018-04-03 19:36:57,2018-02-08 00:00:00
403990c5fffd698dc79416488b3fb1fa,285e15a5082cbec97b3693a5806bd562,delivered,2018-01-15 14:43:53,2018-01-15 14:53:29,2018-01-17 20:22:06,2018-01-20 11:18:33,2018-01-30 00:00:00
01144cadcf64b6427f0a6580a3033220,74219e78dcaeeb30e8d09ed57801f0fe,delivered,2018-02-03 00:01:19,2018-02-03 00:15:47,2018-02-05 19:36:00,2018-02-14 15:10:03,2018-03-12 00:00:00
e73ad39b2ffd755fc54d65195a8d87ab,583fcf1074abedf44906d0ce0ff89c11,delivered,2017-06-04 13:30:16,2017-06-04 13:45:07,2017-06-05 14:49:51,2017-06-09 11:07:41,2017-07-04 00:00:00
e503810be7ff9fce3bffb662632b4479,f5b315f45952adb68dbd409ac3261f60,delivered,2017-10-19 06:43:24,2017-10-19 06:56:11,2017-11-01 21:56:59,2017-11-03 18:52:28,2017-11-08 00:00:00
e6a2ef21b1eb7e236c221d7944fad5da,35aa31e7aedbf179ca3d56781549c810,delivered,2017-11-24 15:42:42,2017-11-24 19:18:24,2017-12-01 22:18:14,2017-12-08 14:57:38,2017-12-20 00:00:00
e3b5fc6a21524bb02af5c5ae8934c216,a05e5d67bec8b16eb0a745e78554c71f,delivered,2018-03-26 00:25:17,2018-03-26 00:48:31,2018-03-26 19:34:55,2018-04-09 18:19:08,2018-04-17 00:00:00
da2b32b5cba4b3531361fdc197a11c74,ffdf82f47307e5b56f341a499bd268c6,delivered,2018-04-28 15:43:17,2018-04-28 15:55:17,2018-04-30 15:41:00,2018-05-03 14:57:49,2018-05-25 00:00:00
457ade8093de88b42998c569334a7864,1fb8ff22dad231d26fc7ecde2e2dc27a,delivered,2018-05-08 17:17:29,2018-05-08 17:35:41,2018-05-11 19:14:00,2018-05-14 15:27:45,2018-05-25 00:00:00
8e24b32f7ac1da775b571ee8ed0c08e1,638dfe18f83842f9fa6d9c8ad68e3347,delivered,2018-03-16 13:00:01,2018-03-16 13:10:45,2018-03-16 23:23:42,2018-04-07 00:11:58,2018-04-16 00:00:00
be617734b5af69d1f5af08af4a1ac32d,d4670c0c43833c0f28af490a7ce06839,delivered,2017-09-15 23:12:17,2017-09-15 23:24:26,2017-09-18 18:02:52,2017-09-21 19:52:33,2017-10-09 00:00:00
b6f5abd372e047f666f90ef9456c4eb4,443848fbc6823a721e07a9749cf86875,delivered,2018-08-15 00:38:31,2018-08-15 00:50:15,2018-08-15 13:28:00,2018-08-24 19:08:48,2018-09-10 00:00:00
34f6873b6342bc990245336b01a81a1c,e1da8ad2215e8145aa8193f50be94c47,delivered,2018-07-07 13:43:57,2018-07-07 13:55:13,2018-07-12 13:51:00,2018-07-21 01:04:16,2018-07-31 00:00:00
9298c4a7ed6bd4d2cc8433f7e4053fe5,833d52f3b53923c7f3e2371dced43ce3,delivered,2017-10-30 22:36:14,2017-10-30 23:31:09,2017-10-31 22:32:35,2017-11-09 16:06:53,2017-11-16 00:00:00
d2dec7f70a6ba38a5391914f927ec6c9,30956f750c3184a07f887007009d003d,delivered,2017-02-01 14:45:46,2017-02-02 02:45:35,2017-02-07 13:58:52,2017-02-14 11:58:37,2017-03-10 00:00:00
9584de98c3062bc5d9be7780f9dbf41d,2fc636a28e985f64337f1766b033a3e6,delivered,2017-12-19 23:54:56,2017-12-20 00:56:22,2017-12-21 19:03:25,2018-01-04 16:36:31,2018-01-24 00:00:00
bce0e59fd169e75aefbf4c28335c5b7d,3c40b26b740ae128d28eceec148aa527,delivered,2017-10-30 08:35:46,2017-10-30 09:08:16,2017-10-31 16:42:58,2017-11-03 16:02:59,2017-11-17 00:00:00
a055f8239d18a2008883be78eb09cf41,c5d9eeca2c5b52da55d9a4a312e3e278,delivered,2018-08-04 23:32:58,2018-08-05 23:30:14,2018-08-06 12:24:00,2018-08-13 19:56:35,2018-08-24 00:00:00
83dbd41b4ce2547156c5b288e6fa7e9d,116fe32b6383353fec1eea7775c1ab25,delivered,2018-03-29 20:55:56,2018-03-29 21:07:54,2018-04-04 19:04:12,2018-04-12 20:51:01,2018-04-20 00:00:00
52d20325fb774c95fce2a21dd831fc67,45a487f7d6b7c0d34a76f91c45c060a0,delivered,2017-11-25 13:20:07,2017-11-25 13:33:16,2017-11-27 18:23:05,2017-12-01 13:18:22,2017-12-11 00:00:00
c160615570fbb622a1e6101a16345429,dd363de1c47e9447e40ac0a2b65e7b5b,delivered,2018-03-02 11:11:55,2018-03-02 15:30:31,2018-03-06 00:04:29,2018-03-08 21:20:18,2018-03-14 00:00:00
73129fc6dbffdbd797a012f50ebffde1,52a76bd19c7bb19417adef1b8d5865c9,delivered,2017-09-29 19:17:57,2017-09-29 19:28:14,2017-10-02 20:55:49,2017-10-09 18:02:43,2017-10-31 00:00:00
3b75fec4f1f6f22c7fd68becfadf57f9,ecfaf0be74377fdae1c4290dc611c9ab,delivered,2017-03-21 23:46:01,2017-03-21 23:46:01,2017-03-28 07:57:37,2017-04-01 08:57:03,2017-04-07 00:00:00
2a3f0a5fbf1d28387b5aea5308d6fd4e,e6bd83a6d5519bed82eff1ea0b4898af,delivered,2017-02-03 22:18:03,2017-02-03 22:30:18,2017-02-06 09:40:25,2017-02-16 12:44:12,2017-03-24 00:00:00
c9fa2e38f94a98ff4035367a0e2ac669,c2b72d9208c75ce2fef3d3a3d4ff0f47,delivered,2017-05-31 16:53:35,2017-06-01 14:05:13,2017-06-02 12:32:44,2017-06-08 14:57:26,2017-06-23 00:00:00
e35d5b4ff8dc9aeccf9cd8ce63c07a68,cea608fc4c1e7191f2fa019426a40ccd,delivered,2017-12-15 10:48:11,2017-12-15 10:58:23,2017-12-20 12:51:58,2017-12-22 22:45:09,2018-01-10 00:00:00
c86f0172acfdef71d38e298e4c863976,b7f23c4d0d5b9253771518139e662057,delivered,2017-11-27 22:07:54,2017-11-27 22:19:08,2017-11-28 19:28:29,2017-12-07 22:32:34,2017-12-22 00:00:00
0f3c5ae029d4593f5dad8e97e29ffdad,8ba72f151a0ffe35ee364a1dd8efecde,delivered,2018-08-14 20:50:30,2018-08-14 21:05:15,2018-08-15 10:02:00,2018-08-20 18:35:03,2018-08-29 00:00:00
c40ef1f09f4ba772a63865df0274f6b8,910061024aad54e0227ec718b29297e6,delivered,2017-03-08 16:06:00,2017-03-08 16:06:00,2017-03-10 04:43:45,2017-04-07 12:23:52,2017-04-10 00:00:00
88ce2e58fa5ec79842004f87fe6a5c80,6f7daff9ce365b020be3e3bfa5ea27d3,delivered,2017-08-07 03:53:33,2017-08-08 04:15:23,2017-08-17 19:37:44,2017-08-28 18:35:36,2017-09-20 00:00:00
6435ecb2bb5ff8583de1db425e2de5e5,94c5e671539f03f926d1edcb9fad4ad3,delivered,2017-06-05 21:25:17,2017-06-05 21:35:21,2017-06-09 15:16:49,2017-06-13 14:53:59,2017-06-28 00:00:00
7ae84ff984c3b48b715c8f3130bf97b2,9e3f184b082b011c167766085ca8015c,delivered,2018-08-01 19:04:36,2018-08-04 13:15:16,2018-08-06 19:36:00,2018-08-10 23:17:42,2018-08-24 00:00:00
41fd531c328f5d4a978b612a04dc576b,9ec5d37080b7cb6a7297ae7e58429851,delivered,2018-08-10 16:48:29,2018-08-10 17:04:28,2018-08-13 13:13:00,2018-08-16 14:02:26,2018-08-23 00:00:00
eee762de005b77487718377a445e292a,149fb5e07107f6ad6ff9fd318bbf846a,delivered,2017-07-17 17:41:15,2017-07-17 17:50:18,2017-07-18 19:03:53,2017-07-22 15:09:45,2017-08-10 00:00:00
f31100a2f631a83441d0fcd3de9bb098,6ff2f20973c8de5038779940a6ec5cf3,delivered,2018-06-20 19:20:57,2018-06-20 19:39:58,2018-06-22 12:46:00,2018-06-29 19:02:28,2018-07-24 00:00:00
d053b132c9cab9591737e9754ccf21be,3d03918967b32805b683d795b94763d3,delivered,2018-05-25 18:43:19,2018-05-25 18:58:37,2018-05-29 12:53:00,2018-06-01 22:48:48,2018-06-12 00:00:00
e77eb7578799cc588feca0f6cf56a49e,266248a1e531cf473b1efdc0b642cd55,delivered,2017-09-05 07:39:03,2017-09-05 07:50:24,2017-09-05 21:24:11,2017-09-06 13:15:40,2017-09-18 00:00:00
a1534509a270687ff2247cebc502baae,4b0a0df498777c35ebaed6d77ea7b4fa,delivered,2018-07-28 18:28:01,2018-07-31 04:05:37,2018-07-31 13:24:00,2018-08-06 20:51:15,2018-08-13 00:00:00
9440c562cbc95c1641f816823dfb165c,eb8c7491653975a994d46668fad3d7a9,delivered,2017-11-27 00:16:41,2017-11-27 00:32:45,2017-11-28 19:48:41,2017-12-08 20:15:42,2017-12-21 00:00:00
48c624d7fc96b46021a6e12536c643fb,08e56ab98cdcf2b7de382408a8efd626,delivered,2018-08-14 21:58:39,2018-08-14 22:10:16,2018-08-20 13:40:00,2018-08-21 20:34:48,2018-08-21 00:00:00
7d42eb0f5a0a60cb5b96a044a3fb4668,f8d7a963345ee86ad3e3ac1b6010284e,delivered,2018-07-17 09:39:48,2018-07-17 09:55:19,2018-07-17 13:46:00,2018-07-20 18:12:38,2018-08-07 00:00:00
9b4c32557fa9eadd42717fd0f2e255a9,842d12d786d651f7b93223525fd5d483,delivered,2018-03-28 11:26:12,2018-03-29 03:10:33,2018-03-29 17:58:31,2018-04-10 21:07:33,2018-04-16 00:00:00
53655ba462a8da271979e297337716d0,022ce4a398ead1391e33c9899e3e3d44,delivered,2017-04-04 18:09:37,2017-04-04 18:23:16,2017-04-05 09:35:53,2017-04-11 10:32:07,2017-05-02 00:00:00
fbb3296cbee389d9961a820220eb62a3,9dc80a62589e4f4f71f88cb98a4836bd,delivered,2017-08-28 15:30:27,2017-08-28 15:45:39,2017-09-01 18:06:02,2017-09-08 18:02:52,2017-09-18 00:00:00
b313e45e823639cb00b2bbeca8ea7aa6,644047f9e8322e495b084f1884276936,delivered,2018-08-09 20:48:56,2018-08-09 21:04:50,2018-08-10 08:20:00,2018-08-27 22:28:23,2018-08-24 00:00:00
36102c60cdae5d6d01fd40b0b5db5857,9f667f9b7e7eea1ef00021153887a4b7,delivered,2017-10-08 00:03:44,2017-10-08 00:28:33,2017-10-10 19:46:39,2017-10-12 16:17:52,2017-10-25 00:00:00
3369b9e1711af775c57b7ad52baf8017,2327e8c7d289aab1d3508440c2111cc0,delivered,2017-10-08 10:47:34,2017-10-08 10:56:14,2017-10-17 21:13:58,2017-10-27 19:27:39,2017-11-13 00:00:00
5d146abaaa0996f8cabcb5a3fa96bad7,4ceb21edf64c0b960eafca68dab32de0,delivered,2018-01-15 09:18:38,2018-01-15 09:29:58,2018-01-15 19:48:04,2018-02-09 02:14:01,2018-02-06 00:00:00
c6b504c2796cc68a698cd95f0b68d569,fad53f8cc1f3134508b0661512ba21ce,delivered,2018-02-09 16:31:38,2018-02-10 02:35:59,2018-02-14 20:38:57,2018-03-15 00:22:03,2018-03-08 00:00:00
90c76ed1638b6bf4f87d58e19b3d1349,68aab4a7b7f6ae92db5bbf4358531d9e,delivered,2018-05-23 12:37:05,2018-05-23 12:54:49,2018-05-24 13:23:00,2018-05-25 14:12:06,2018-06-08 00:00:00
2ca97ee9ac987bf566133bbde9f82593,b6fba90f135c69997152dbe370b48f37,delivered,2017-10-30 14:18:16,2017-10-30 14:32:56,2017-10-31 20:35:38,2017-11-03 19:05:50,2017-11-21 00:00:00
cfdfa46e2f22c67f26fb469b93b88eee,311065c572524dc5f7364cadecb94bb4,delivered,2018-04-01 11:54:37,2018-04-02 16:53:12,2018-04-04 02:52:26,2018-04-04 20:14:33,2018-04-12 00:00:00
9dcfd5e81815f361cac59d41e752483e,0ef0bd3881ac2c4b80e65060a64c9b57,delivered,2018-07-24 22:47:34,2018-07-24 23:04:22,2018-07-25 13:51:00,2018-07-31 15:52:43,2018-08-14 00:00:00
ca43f8e8a9bf6a143bdfe24cc9fa5c1d,0910d6fabaaa19fbd65cb92ea301d7f5,delivered,2018-07-24 09:49:03,2018-07-24 11:24:21,2018-07-27 14:12:00,2018-07-30 20:21:51,2018-08-03 00:00:00
99453070998d4914d5507cfb82726dc2,efb87896ef3ce90735c6ce36c70726a7,delivered,2017-12-14 15:06:08,2017-12-14 15:17:27,2017-12-15 17:39:05,2017-12-22 19:37:53,2018-01-12 00:00:00
7586fba717703e4122d9e3468c81949d,998804bef4876b662cbcd7ab71d79229,delivered,2018-02-08 14:49:38,2018-02-08 15:29:13,2018-02-09 21:38:20,2018-02-16 20:42:58,2018-02-26 00:00:00
d12cad0b8ea6cca0ee8d2d4f4105cee1,2ad6a1964e68226e5707423966a8a1c6,delivered,2018-06-11 11:11:37,2018-06-11 11:40:57,2018-06-12 14:47:00,2018-06-20 22:48:24,2018-07-13 00:00:00
3869937e33c68a5ec38cde1f19a6968c,13285f2d708fe358bc04ff5f3abf4142,delivered,2017-11-18 08:05:09,2017-11-18 08:26:45,2017-11-22 14:23:05,2017-11-29 10:22:07,2017-12-07 00:00:00
8a098e4e3159f7d2618ce9617622973b,1a25d3ef5a6dcaa26f8ce2cd51eeea15,delivered,2018-02-26 09:38:00,2018-02-26 09:50:12,2018-02-27 22:09:28,2018-03-22 17:23:28,2018-03-22 00:00:00
8514ad13664259c7e1bc7cbaa34826f0,fdbe37ce3eb161f107bf6aef5559207b,delivered,2018-07-27 18:00:30,2018-07-27 18:15:42,2018-07-30 11:12:00,2018-08-08 22:06:27,2018-08-28 00:00:00
94fabf7998d05f3035718e58cb86d671,5db508fad18c0f8a905f33bdeeeed097,delivered,2017-09-23 18:49:08,2017-09-23 19:04:22,2017-10-04 20:15:45,2017-10-09 20:57:36,2017-10-24 00:00:00
b4569b2bb5498e383b5e2bc4065a2a41,3392d132ef52f5cc50e857021fc0eda0,delivered,2017-07-12 07:30:05,2017-07-13 10:33:49,2017-07-13 19:56:48,2017-07-17 18:41:30,2017-08-15 00:00:00
d8f468b709cfc1078e9574824a4e16ad,989da0638beadf51d0beab6c810a6272,delivered,2018-01-08 10:41:44,2018-01-08 10:53:23,2018-01-08 19:49:20,2018-01-19 20:23:03,2018-02-01 00:00:00
9d8511a0b975c1aae5e2a9698a1ccae2,26998418b6674006d6ef5cfc44c398ee,delivered,2018-03-09 12:20:23,2018-03-09 12:35:23,2018-03-09 22:05:52,2018-03-20 14:26:38,2018-04-02 00:00:00
52a0c9afd6d3a9c61af74ea1149c494e,32d18d1cbaf07c144d936477542bae40,delivered,2018-07-18 20:41:59,2018-07-18 20:55:20,2018-07-19 11:22:00,2018-07-27 14:11:33,2018-08-03 00:00:00
e39540a5cc5d31832456faa0dab449c1,bab7a84c462498deb31eef36223fd56a,delivered,2017-03-14 22:26:56,2017-03-14 22:26:56,2017-03-16 10:23:42,2017-03-17 10:53:33,2017-04-03 00:00:00
b2ae4ac79ec215eb7e8a6f680f0e4957,d7c4de0e07242d73e999ba110439de28,delivered,2018-01-06 17:41:13,2018-01-06 17:48:25,2018-01-08 18:49:43,2018-01-19 03:22:53,2018-02-09 00:00:00
2d4f4cfa89af135842ed4770de178752,8f9812b5317a9100b7eaf46812a796c2,delivered,2017-08-04 09:48:08,2017-08-04 10:50:17,2017-08-14 15:51:24,2017-08-18 19:54:58,2017-08-30 00:00:00
fad32fa5c9e17b0d55a6afb8e54bfbfa,f419b2f9ab6087cef550f09755cb57b6,delivered,2017-06-08 10:56:15,2017-06-08 11:10:35,2017-06-09 10:07:17,2017-06-22 14:52:23,2017-07-12 00:00:00
79172945447a2dd29abbffd445a99205,5716b7f71e2f297c54b1ebf747b4b532,delivered,2018-08-05 09:55:03,2018-08-06 14:25:20,2018-08-07 15:23:00,2018-08-10 22:31:56,2018-08-10 00:00:00
11f1347027d269d264f62d3631ef5e42,eac9594724e31c2bffab441f09d36d5c,delivered,2017-12-22 15:20:28,2017-12-22 15:34:41,2018-01-03 22:36:31,2018-02-07 16:13:18,2018-01-18 00:00:00
c24d2f7d4ac8f5e961e730da59972c7d,7b6ea917ba465f240012834c675c56e5,delivered,2018-05-14 20:19:18,2018-05-14 20:37:51,2018-05-15 13:55:00,2018-05-18 18:08:35,2018-05-28 00:00:00
cac62199ea603b63ffb529a162c596c5,0c6fd39752c6d0290341e66b6c357f3b,delivered,2017-05-22 14:33:20,2017-05-23 14:42:56,2017-05-26 11:44:42,2017-06-09 14:42:50,2017-07-10 00:00:00
622f616838747771f377b27f47f2d21a,4d5de06dc8934e25f9508d604dba6b6b,delivered,2018-08-24 12:02:22,2018-08-28 04:10:15,2018-08-28 14:16:00,2018-08-30 20:54:38,2018-09-04 00:00:00
ace32c3a7cdce2ac7c62d0ca6c39b0bb,26997b17345ddc68675c19aad4a883eb,delivered,2017-11-05 16:50:18,2017-11-05 17:07:09,2017-11-08 18:38:30,2017-11-21 19:56:07,2017-12-05 00:00:00
04e1ca520a917164808b7fd567f9b57c,ca0a811c3f2154cf8d046ce2169bafae,delivered,2017-05-12 04:58:05,2017-05-12 05:40:05,2017-05-13 07:33:45,2017-05-24 10:43:59,2017-06-05 00:00:00
8ab162fc692c0698b0c3de0c76efc41b,e507d5833c9b723bad4d10a13e1d6d1c,delivered,2017-10-30 18:18:12,2017-11-01 03:35:17,2017-11-01 18:12:57,2017-11-03 21:38:34,2017-11-07 00:00:00
9cb899ec49b7c2411eae41cd5977de2f,e67f59f16e6056646cf6ad6cb2b0ded3,delivered,2018-01-10 08:28:59,2018-01-10 14:29:22,2018-01-11 17:48:36,2018-01-17 13:59:03,2018-02-07 00:00:00
12ca240539e7029e0328f0a410c12ad1,0c63b4438ff050942153aaa4c19ad1d3,delivered,2016-10-10 16:00:33,2016-10-10 16:43:18,2016-10-14 16:43:18,2016-10-17 17:43:18,2016-12-02 00:00:00
c6d3ba7aef0216cb6c540497c845f0ba,6b33a31c21e3e38abf7f7745689d6ab3,delivered,2018-05-16 15:29:16,2018-05-16 15:59:40,2018-05-18 14:55:00,2018-06-19 18:42:14,2018-06-11 00:00:00
8f31b05b300b9648b988906d899b97e1,f14c14c6129468981840deb6b0474ba0,delivered,2018-08-03 15:40:11,2018-08-03 15:50:21,2018-08-06 11:46:00,2018-08-07 22:28:34,2018-08-09 00:00:00
4a72d371229f317ace1d8e10f25f5f1f,c00a1b8f752435e3a7f02082066f77da,delivered,2018-06-10 15:03:58,2018-06-10 15:15:11,2018-06-11 13:16:00,2018-06-18 15:48:24,2018-07-11 00:00:00
c8b709b4de5c0e1cb70a49d194ebfdb5,21a498fded382f294edbde28ccb9c002,delivered,2018-05-06 17:26:25,2018-05-07 18:10:05,2018-05-09 12:32:00,2018-05-26 10:28:49,2018-06-06 00:00:00
3e8ef04f228ea2e33b19ff30e0e61f38,a2e1b81e95b64a49c8715043ec2bf878,delivered,2018-08-25 16:48:02,2018-08-25 17:04:13,2018-08-27 13:55:00,2018-08-28 22:06:40,2018-09-06 00:00:00
4015f31ddb21f7ae83d72e00ef0bce97,800282b8afaaf9ed8bb6ed9adcf83e61,delivered,2017-06-20 14:40:03,2017-06-20 14:50:12,2017-06-23 10:18:30,2017-07-03 17:32:11,2017-07-14 00:00:00
d92d14b8e228a3d16418041f0e04620a,3218724bc18c442e58bd39608b0f100a,delivered,2018-02-04 08:30:33,2018-02-05 08:29:04,2018-02-06 17:02:14,2018-02-28 23:53:56,2018-03-13 00:00:00
4c06d7e5a8a5c7b432366e7c923644c1,6c05d57edd52bf09bcafb602679a6957,delivered,2017-12-24 13:42:21,2017-12-24 13:52:24,2017-12-27 19:42:36,2018-01-05 11:14:17,2018-01-23 00:00:00
6a5c924707872ba699631777212bc781,01861d47cc473c84cecc3781619f6924,delivered,2017-12-29 22:26:49,2017-12-29 22:34:30,2018-01-03 15:38:30,2018-01-15 21:42:56,2018-01-29 00:00:00
95442deb81a5d91c97c0df96b431634a,daddb546b42f656e57ba8a3cf71a309f,delivered,2018-07-19 11:54:25,2018-07-20 04:45:21,2018-07-23 08:22:00,2018-07-26 16:16:59,2018-08-02 00:00:00
2a3007ed051b02a0e0dd0709c0ec9cd6,f8d66f4697040f84a45713d2c3b50dcc,delivered,2017-03-17 11:32:27,2017-03-17 11:32:27,2017-03-27 11:10:18,2017-03-31 11:56:20,2017-04-11 00:00:00
979fdfc1766453994df684ee9637ec80,03561aef46e7dc993d752d9edf39d31c,delivered,2018-07-12 19:53:04,2018-07-14 02:35:17,2018-07-19 11:43:00,2018-07-26 00:58:35,2018-08-10 00:00:00
fa94c44f1539dcab4c8b936951d319d6,52267b6895bce2066b815bb3254e6a47,shipped,2018-07-08 20:02:19,2018-07-08 20:15:18,2018-07-17 15:48:00,,2018-08-17 00:00:00
25bd8989456dd7df432ee769b7b3438e,236e930f408e334cc2d154a37d4f6fc1,delivered,2017-10-22 12:04:56,2017-10-22 12:14:21,2017-10-23 21:25:06,2017-10-26 17:14:00,2017-11-13 00:00:00
68d30b64daa2ee72a7f61b86717c20f4,74d653f3908d54caef36bd9b9a3c7627,delivered,2017-08-01 10:21:50,2017-08-01 10:30:19,2017-08-01 20:13:52,2017-08-12 01:12:18,2017-08-23 00:00:00
8cc0880efc901b49643246b04fa10a35,bea2a6e6464aa7481ee645138019c6b2,delivered,2018-02-26 12:19:50,2018-02-26 12:30:44,2018-02-28 21:58:33,2018-03-09 21:35:47,2018-04-02 00:00:00
ea134380898c6f487ff7113ecdd6319a,04e78263360f4c3aee74cc715c333608,delivered,2018-05-09 20:59:26,2018-05-09 21:15:29,2018-05-11 16:39:00,2018-05-18 18:40:37,2018-06-04 00:00:00
70a33c9dba6b43724e350938120b3e4f,04211982f170cac46abffab95d63bc7f,delivered,2018-08-02 12:13:22,2018-08-02 13:15:25,2018-08-03 19:57:00,2018-08-06 21:44:38,2018-08-13 00:00:00
922dcd32a34436569d5b2ce409862511,a3c9df311c6c863a480fadd5c078c56b,delivered,2018-05-06 09:34:25,2018-05-06 09:50:33,2018-05-08 06:32:00,2018-05-09 15:03:50,2018-05-21 00:00:00
be4f77184693f359b47e0d555b7d584b,97a042d0a8b96a3b65900c89845bf2f5,delivered,2017-03-16 10:49:27,2017-03-16 10:49:27,2017-03-24 10:13:49,2017-04-03 16:14:04,2017-04-18 00:00:00
f0fc730a1254996668db8e9161446323,f6b82c70d5bffbe90643a4e4b3ec2c39,delivered,2018-04-22 17:08:49,2018-04-24 18:07:30,2018-04-23 18:21:06,2018-04-30 15:48:34,2018-05-16 00:00:00
57d153da23520b86eca3cf063cc3838a,1d248f30b7b729228f3aeea904a9c61e,delivered,2018-05-03 21:19:48,2018-05-03 21:33:14,2018-05-04 13:24:00,2018-05-09 18:26:33,2018-05-28 00:00:00
9fafe6b668f5ea28dd3759326d76597a,23a3954cdcd51ac5e551b1f4826c6075,delivered,2017-12-26 19:20:48,2017-12-26 19:29:41,2017-12-28 18:53:02,2017-12-29 14:05:45,2018-01-15 00:00:00
d6d3a9a70b71224f7942c947d177aedc,444c429371782af5829148720a40e538,delivered,2018-04-12 10:47:58,2018-04-13 02:31:42,2018-04-13 19:32:45,2018-04-17 16:48:40,2018-05-03 00:00:00
160d74cf0db2353522f973654509d5a7,e906aee1bf8dd79223b37962aeb472f0,delivered,2017-04-02 11:52:40,2017-04-02 13:05:15,2017-04-05 14:20:15,2017-04-07 12:09:34,2017-04-26 00:00:00
b9bf720beb4ab3728760088589c62129,a5224bdc7685fd39cd7a23404415493d,delivered,2018-05-14 10:29:02,2018-05-15 10:37:47,2018-05-15 13:29:00,2018-05-21 17:52:12,2018-06-06 00:00:00
bfcec91a0841313fabd35ed075e4a8f5,5d87ee4b33c25a37afe84d4a5b33fb14,delivered,2018-08-14 22:31:32,2018-08-16 03:30:27,2018-08-17 14:42:00,2018-08-23 20:36:30,2018-08-21 00:00:00
b5b535cb3c28e55f5013375fce94e054,3d5e1680a5ea3bdeff64d5205fab5508,delivered,2018-03-27 15:48:32,2018-03-29 03:28:58,2018-04-03 19:44:25,2018-04-16 19:56:32,2018-04-18 00:00:00
acf6e912a8db79e50ddd2fe14628e89c,b01ba1be15ad4df27ef280937c538efb,delivered,2018-08-08 12:54:45,2018-08-08 13:55:20,2018-08-13 11:57:00,2018-08-14 17:38:37,2018-08-15 00:00:00
037e725440b59939735ae0aff888a015,636be70d7b46fb1db9836009fa61d6ff,delivered,2017-11-17 19:51:56,2017-11-17 21:06:17,2017-11-20 18:21:31,2017-12-10 18:37:02,2017-12-15 00:00:00
6952971feb0ed948e482e6aceb1e3921,c4411b1ab60e1e26cf76868c035d2f55,delivered,2018-06-27 10:14:38,2018-06-27 11:06:49,2018-07-04 12:02:00,2018-07-09 18:42:34,2018-07-25 00:00:00
8f4d9ae2f2a9008353f4295f2985ad76,1265cfcc7c176a1d00fb743e2aac6d7c,shipped,2017-03-01 20:07:16,2017-03-02 09:05:18,2017-03-09 10:18:04,,2017-04-25 00:00:00
2fbee332e76a2d78550523b89f33f153,c8640048913cc16502bccd9bbdacc0ce,delivered,2018-03-26 11:30:02,2018-03-26 11:47:43,2018-03-28 20:47:05,2018-04-09 15:14:33,2018-04-20 00:00:00
04e00ba23c33890eaee39b02e8185cc2,291fd0287b7cfd75702b9be21f23f1e3,delivered,2018-07-25 21:36:32,2018-07-25 21:45:15,2018-07-26 12:32:00,2018-07-30 19:03:41,2018-08-22 00:00:00
1c11d0f4353b31ac3417fbfa5f0f2a8a,50920f8cd0681fd86ebe93670c8fe52e,delivered,2018-01-27 11:28:32,2018-01-29 11:35:23,2018-01-29 21:52:41,2018-02-16 16:26:53,2018-03-05 00:00:00
c23118f80a11f1fe5147253748fc761e,aa91f01bcc7a30c350db6dcd5322a5fb,delivered,2018-08-09 19:50:59,2018-08-09 20:05:16,2018-08-10 15:26:00,2018-08-13 22:46:41,2018-08-15 00:00:00
354894de6c4b417d6144c2f4a054416f,512bac2ddc9c18547a0c173e522d1705,delivered,2018-03-21 22:44:19,2018-03-23 02:15:43,2018-03-24 00:06:24,2018-03-27 02:16:30,2018-04-17 00:00:00
e615a2b8229ae8a3b78cc267735d538f,6c19b963865a774d1b04973983b97f72,delivered,2018-01-27 21:00:21,2018-01-27 21:17:13,2018-01-29 20:44:32,2018-02-27 15:16:49,2018-02-21 00:00:00
b0ed97babdfc249ba9d843fa7eaf907d,4ef98c8bc97cc9b5c57e78e8f93197d3,delivered,2017-08-10 23:48:25,2017-08-11 00:05:22,2017-08-11 19:32:55,2017-08-17 21:29:53,2017-08-23 00:00:00
c1cb3668980881dd301d51bad5aa106a,3108f84ffb20554f1023fb1b2e5308e5,delivered,2017-02-15 20:37:22,2017-02-15 20:45:18,2017-02-16 09:50:13,2017-03-06 08:43:46,2017-03-24 00:00:00
2967dd0a1c9da54fdadadb4fee06deaf,6522dddae1ca40ec0471a60b213d5eec,delivered,2017-12-18 10:04:08,2017-12-19 09:30:36,2017-12-19 17:38:38,2017-12-21 12:46:38,2018-01-05 00:00:00
757ec717d8c5faa738a6393e62ccaab8,4804dca0b9d8976575b9a10021e3bfa7,delivered,2018-06-15 11:23:43,2018-06-15 11:59:26,2018-06-15 14:03:00,2018-06-18 17:08:59,2018-06-28 00:00:00
798f872475163b012f68c583819f0a39,c593a1dca86a74c12b9929d08e6c4330,delivered,2017-11-24 08:57:10,2017-11-24 09:11:59,2017-11-25 18:30:02,2017-12-01 23:42:25,2017-12-14 00:00:00
009c278fa2ed6e7ec498200b60193ca8,f016a9301ce9a894a43e607fc0355014,delivered,2018-01-11 12:58:45,2018-01-11 13:10:34,2018-01-13 02:15:45,2018-01-31 21:12:54,2018-02-09 00:00:00
d2e4ad2926dc435008abc29210ace9f3,a22bb337cbbfd6263b5b91561e72cb53,delivered,2018-04-11 20:10:33,2018-04-11 20:29:40,2018-04-13 14:54:24,2018-04-18 21:04:31,2018-05-04 00:00:00
54e5702667dea09e5e5c511966be57f2,ddbed7a357c10ca2180079c97f655a98,delivered,2017-07-03 15:38:36,2017-07-05 03:03:57,2017-07-06 10:33:52,2017-07-13 21:09:39,2017-07-27 00:00:00
c1fccaa7401a0afd72cf89d7c2f806df,0fd907ed9ba70e6b277e620ea89c5118,delivered,2018-07-16 10:16:36,2018-07-17 10:31:01,2018-08-01 15:38:00,2018-08-03 18:06:44,2018-08-09 00:00:00
14ec71016ffcd03db4fac8ce56278da5,8671244f3c6c3af677a047146fe41707,delivered,2018-01-02 10:35:07,2018-01-02 10:50:02,2018-01-02 21:23:25,2018-01-15 19:32:46,2018-01-24 00:00:00
c539e0e8403e4e2f09aec95e073a9f85,57b2460e5de27f86aae44617c16fb7ca,delivered,2017-09-18 23:56:54,2017-09-19 00:05:51,2017-09-29 20:49:49,2017-10-17 17:52:19,2017-10-16 00:00:00
454fc309e2afec5ce697014d9193afbc,2f317c9ccc4b07db3391be0c01ac4a3d,delivered,2018-05-30 15:31:58,2018-05-30 15:55:17,2018-06-04 06:16:00,2018-06-29 17:52:10,2018-08-02 00:00:00
e1de983b29ef4a602a14eea41156ee4e,287467569162e7a2b4f618b6ba21a97b,delivered,2017-12-11 13:39:28,2017-12-11 13:51:26,2017-12-13 20:29:19,2017-12-21 23:33:34,2018-01-04 00:00:00
b0df751c10c284b15748836ecd9b3475,9c4f51b6fe51778d034c13325053ad58,delivered,2018-02-22 10:29:48,2018-02-23 02:31:24,2018-02-24 12:06:01,2018-03-05 19:58:53,2018-03-14 00:00:00
20662ff76e857a011a9f64039d541dab,d8f38b2c9abdbbc1fa17fe4a8fdfd433,delivered,2017-05-22 15:51:20,2017-05-22 16:03:08,2017-05-30 05:16:55,2017-06-06 16:29:19,2017-06-14 00:00:00
a4baf825ed3f84d3dd4b6b97ea951fa1,3a9c4e44b0cfe2c46d1aaa0a035aa6fb,delivered,2017-03-22 17:51:12,2017-03-24 03:32:18,2017-04-03 07:55:36,2017-04-05 09:37:46,2017-04-20 00:00:00
e2c37260c7a927c7d9808341dbe2924c,6b4f91a9fab27a20ddb02901e2e92ffb,delivered,2017-11-06 15:23:07,2017-11-06 23:31:59,2017-11-08 16:42:15,2017-11-16 17:52:10,2017-11-30 00:00:00
1193dc51dc3e6edfa7bb886fa7f5192b,8e3ebdd71a4e6b4427438185ac38f596,delivered,2018-02-27 12:10:49,2018-02-27 12:29:19,2018-02-28 23:43:01,2018-03-05 16:24:54,2018-03-26 00:00:00
60e04ef7b695b4d6bae420059a317028,f4536cad8ed9f07d3a6a67fc72467bd9,delivered,2018-08-08 21:41:41,2018-08-08 21:55:11,2018-08-09 12:59:00,2018-08-13 16:30:40,2018-08-29 00:00:00
b6940503a9b26d72b8b41ae29a88e0d1,c60a729ffd1915e57d9ac6ef86553af9,delivered,2018-05-10 14:56:04,2018-05-11 14:58:20,2018-05-15 14:52:00,2018-05-23 14:56:55,2018-06-06 00:00:00
7955751dd5fe4fe14b9e9a89fa14e917,76415e81abc523b46c62fee99e7a7533,delivered,2018-03-20 09:24:44,2018-03-20 09:35:30,2018-03-22 21:22:11,2018-04-02 13:40:27,2018-04-06 00:00:00
260d235e25b0be20b5688b8a76ae2f09,f8fbe0a7a0f7709be3c1c8f269ab68d3,delivered,2018-02-21 13:28:28,2018-02-21 13:50:07,2018-03-15 17:36:30,2018-03-20 17:18:56,2018-03-23 00:00:00
db0e5ecb705ec6060fb71c1b4fb6cf78,7a732cece3a1b8b7bc5496dbca556bb5,delivered,2017-02-16 16:36:34,2017-02-16 17:15:11,2017-02-17 11:31:51,2017-03-08 09:51:30,2017-03-31 00:00:00
235d0ef0d8ee3f66ac576093363be5d0,fa4bc3961854152812659aae81d1cd95,delivered,2018-07-20 13:58:55,2018-07-24 03:55:19,2018-08-03 14:35:00,2018-08-06 14:56:49,2018-08-07 00:00:00
cd0343141ac675cd40fab2c7fd2e99cc,0a84514b054a38a558ad0874beebf6af,delivered,2018-06-01 13:39:44,2018-06-01 13:52:38,2018-06-04 14:29:00,2018-06-11 21:28:48,2018-07-12 00:00:00
7835854d5e472c92de2a34543f57f53c,2b36b6d5af0e2849f49bfb53c588c690,delivered,2017-02-25 10:18:08,2017-02-25 10:30:22,2017-03-01 13:01:12,2017-03-13 12:52:01,2017-03-24 00:00:00
8c508242545bc8cf2538f84662742224,4c6f7b26aea4a8af163c9e3723a3ebb5,delivered,2018-02-20 10:13:40,2018-02-21 12:05:56,2018-02-22 20:09:11,2018-02-26 21:29:02,2018-03-15 00:00:00
3391ddfa9aaeae39f22439c4cf614d28,7fbffabdebee5f35b0b68aa8f1368dc1,delivered,2017-03-20 21:16:15,2017-03-20 21:16:15,2017-03-24 12:32:45,2017-03-30 14:05:20,2017-04-10 00:00:00
e3c57d0ebff7edcd11f4f15e59ccc852,f31ce21e49feba9e205222603768ffd8,delivered,2018-06-01 13:42:14,2018-06-01 13:55:21,2018-06-04 12:03:00,2018-06-11 17:42:14,2018-07-16 00:00:00
4097cef4d604217aad3f625bf6105066,b6396dd49ed131970c391e605925f13b,delivered,2018-02-19 10:56:55,2018-02-19 11:07:49,2018-02-21 18:23:23,2018-03-01 21:10:37,2018-03-15 00:00:00
a602aea3a8a3551032ed0214a2006707,20f6412d54cfb920a23581910fc6aa09,delivered,2018-07-03 23:31:48,2018-07-05 16:32:40,2018-07-05 14:47:00,2018-07-10 22:09:49,2018-07-25 00:00:00
5943920d752512f211b074b874e73526,968171cecd496663fe1be63fabd91562,delivered,2017-06-11 23:17:32,2017-06-11 23:30:18,2017-06-16 16:51:21,2017-06-23 12:39:40,2017-07-12 00:00:00
ea13768d97ab79edb0d45803896a5c86,1ab6125543a9b83c86116e3facec012a,delivered,2018-01-17 13:06:13,2018-01-17 13:15:30,2018-01-22 14:58:28,2018-01-31 19:18:59,2018-02-16 00:00:00
b9fd88cc9e5734657e5b5936d5227367,fdb40e870d1d5f085b916d7b9437cd35,delivered,2018-07-12 17:26:44,2018-07-12 17:44:49,2018-07-16 14:30:00,2018-07-25 17:58:33,2018-08-17 00:00:00
7d9bb415ee7bea63cedc5efacddb02d0,f2b9813056286294a305b8267486b0e8,delivered,2017-12-21 11:01:43,2017-12-21 11:10:14,2017-12-27 18:56:41,2018-01-22 14:43:41,2018-01-17 00:00:00
51bda649419be0084a39cb53e9c6f262,089dc72259b7eb053d3bd3323e2fffb3,unavailable,2017-11-17 13:16:42,2017-11-17 13:55:28,,,2017-11-30 00:00:00
39b8653ff22b5a5633855beaae410b83,0a7123262de5b94fd6618f3a1e0a640f,delivered,2017-09-14 09:26:20,2017-09-14 09:50:12,2017-09-18 20:12:14,2017-09-21 19:20:12,2017-10-02 00:00:00
f51339f4db08f6b1db5913caa8ef5821,4602d8103c4ad3778d251d5324c07fd2,delivered,2017-12-03 20:49:03,2017-12-03 20:56:18,2017-12-05 00:26:08,2017-12-15 18:19:01,2018-01-02 00:00:00
eae24cebd959a3a88ed60bda0da68196,3ce1824f3f66f5ba84c91f3512d75578,delivered,2018-06-13 19:35:56,2018-06-13 19:59:38,2018-06-14 11:55:00,2018-06-15 17:23:58,2018-06-25 00:00:00
0fa7c709db9f55e40527c25ec9f13157,6d6c463b94097087e913961d4484c480,delivered,2018-02-10 17:01:48,2018-02-10 17:10:21,2018-02-14 22:37:33,2018-02-21 18:22:22,2018-03-07 00:00:00
19f05b5a76e0e3f1df1ebaeef9bd2f8d,068830daf2867cadbfc655e6a413388e,delivered,2018-03-31 20:23:22,2018-04-01 20:15:24,2018-04-03 23:56:19,2018-04-04 16:52:41,2018-04-12 00:00:00
0e3077db347b6985225369e7fb0b8120,fde5bdd75d893cc0e6a3ba63529ca124,delivered,2017-12-04 01:04:24,2017-12-05 04:11:56,2017-12-06 18:35:45,2017-12-07 16:49:05,2018-01-05 00:00:00
5f5a937b8e63ac95df2db115354de971,ed71d2c3a3ac53a772b0e8e9db89cc20,delivered,2017-12-23 14:11:57,2017-12-27 04:14:52,2018-01-03 23:08:38,2018-02-08 18:53:28,2018-01-30 00:00:00
3fea73b838ea893a25093b7818556091,2ed546dcbee34d75e1afd88de0a41568,delivered,2018-04-09 13:51:55,2018-04-09 14:10:08,2018-04-10 19:51:30,2018-04-16 18:29:17,2018-05-03 00:00:00
b8cbbd0b8e359a458ae7dbb7b012ee98,73b62ac96d29df1068b3673f00bb7467,delivered,2018-02-09 09:01:25,2018-02-10 02:36:16,2018-02-14 20:27:18,2018-02-16 19:19:38,2018-02-23 00:00:00
5dd2d22e1330c17a5d2ce7ba581b2c98,8cfb41228dc47d399f7c9e7187c345a2,delivered,2017-12-04 13:32:54,2017-12-04 16:49:35,2017-12-06 20:14:48,2017-12-18 21:38:09,2017-12-27 00:00:00
5d322f251f819899cfcc89e316e4f4d2,bc885bb1e1900615d4ddc8d81396e5fe,delivered,2017-05-19 23:55:17,2017-05-20 01:25:27,2017-05-23 10:19:31,2017-05-24 16:47:39,2017-06-02 00:00:00
a1f360ba8499a15b557819850f54b9c4,2ebf0ca919e99131163a94511008fe93,delivered,2018-06-22 14:05:32,2018-06-23 02:20:10,2018-06-25 12:58:00,2018-06-26 19:04:40,2018-07-05 00:00:00
35ea8c2abca283eff2f0d5c1168bf31c,40c5df1599d4ee53715a8d5d743ac98d,delivered,2017-07-22 15:11:48,2017-07-22 15:23:16,2017-07-26 18:53:37,2017-08-11 19:24:20,2017-08-15 00:00:00
2bfe277962b8f188066de6db159a6fab,b0841b9f20c317181a978f2a2c856755,delivered,2017-06-11 14:33:01,2017-06-11 14:45:12,2017-06-13 15:59:29,2017-06-19 18:58:02,2017-07-05 00:00:00
c05e92bb9bfed43c6e5b6d3723fbcc2f,236bb83b33c437ad931a944fe9f8c659,shipped,2018-06-16 19:26:26,2018-06-16 19:58:18,2018-06-18 14:01:00,,2018-07-27 00:00:00
35c2d3179daf2ef475f47ff2d29c068e,1bbbdd3468f6b74b00350a5b699f0315,delivered,2018-08-13 20:42:30,2018-08-13 20:55:29,2018-08-16 14:11:00,2018-08-20 23:32:10,2018-09-05 00:00:00
9fdcbf4559fdbe106a9d0a99db753858,97859d4bc3d358aacfedc0eed918be83,delivered,2017-10-26 21:55:59,2017-10-26 22:10:05,2017-10-27 16:13:14,2017-11-07 01:09:56,2017-11-14 00:00:00
84dd6cd22bdbdda569398dfc0eb7decd,bf8bfea54c13a8a7236430dd28fe9f42,delivered,2017-05-15 14:09:26,2017-05-16 10:02:34,2017-05-18 06:22:45,2017-05-24 13:52:26,2017-06-08 00:00:00
cf8734286de02dbdf9700cdf2bf07976,dadf22295412a4a5f2b94a9baca6831d,delivered,2018-03-21 09:01:26,2018-03-22 02:50:29,2018-03-28 18:33:16,2018-03-29 19:36:38,2018-04-03 00:00:00
e494900a6693d977c31d920fc2b37583,1874da448df11a9e9f1fc490cd0d3801,invoiced,2017-04-09 18:43:36,2017-04-09 18:55:16,,,2017-05-17 00:00:00
db20f0c71fd126ce34d0b209e634f3d7,8f3c4de156b6dce86dc7e761a66270b9,delivered,2017-08-04 20:28:26,2017-08-04 20:45:15,2017-08-18 20:02:35,2017-09-04 17:46:34,2017-08-28 00:00:00
7b75f8f560e99f2ae0446d1369bf2ebf,a725b9b3c21def36039453a77be2d322,delivered,2018-01-07 17:00:33,2018-01-08 16:54:51,2018-01-11 21:06:00,2018-01-12 21:07:12,2018-01-24 00:00:00
d24d442123cc3d36a0be0d75bf90689b,9d5ef81918e895bc44ae8971e808fea2,delivered,2018-08-21 00:14:41,2018-08-22 03:35:11,2018-08-24 13:42:00,2018-08-28 23:01:58,2018-08-29 00:00:00
e699670c160ced1a5e73cab03b0e1899,9b95359e3b8f3328ca9a5d453311f94f,delivered,2018-08-20 14:00:12,2018-08-20 16:10:41,2018-08-21 15:56:00,2018-08-28 20:43:35,2018-09-25 00:00:00
a30f5af56b85e9f22df0e5686c66a627,5ef1f0dcf26b5aa4f4838ea2e1a9634c,delivered,2017-12-04 15:58:53,2017-12-06 02:39:26,2017-12-07 15:28:58,2017-12-27 14:47:30,2018-01-02 00:00:00
e7b75dcb0795b77469ac7446ec900380,63e97b4408b3a2933269241b6d714a90,delivered,2018-03-05 18:16:02,2018-03-05 18:30:36,2018-03-09 19:03:50,2018-03-23 17:38:22,2018-03-23 00:00:00
49e4b99628268d2b4f089f0662e13195,76a2c465801a86857ade2a8da9852345,delivered,2018-05-15 15:59:01,2018-05-15 16:15:42,2018-05-16 14:48:00,2018-05-17 23:25:46,2018-06-01 00:00:00
fc7638aa60943d049d9b5811c587226e,f1de875ecaa02a0bde555a897ac83c78,delivered,2018-03-28 18:21:32,2018-03-30 03:15:43,2018-04-03 03:14:25,2018-04-09 20:12:42,2018-04-16 00:00:00
face169115c6f2110b6324868ae397ff,15c66a95bc5d3e3c57eaf9f44ffd150b,delivered,2018-05-09 10:12:25,2018-05-09 10:31:31,2018-05-09 14:09:00,2018-05-18 22:27:36,2018-06-04 00:00:00
dc1d4e2b9af5645e618701858d969be6,0f81cce09dff7e08e90cdf1bfe6b14ca,delivered,2017-12-03 22:32:06,2017-12-05 04:11:47,2017-12-08 10:03:49,2017-12-14 20:23:50,2018-01-03 00:00:00
3ab37da4c3d273ccd8635987b4a6003e,053050ee241c66cf7b2c7d91926547bc,delivered,2017-09-09 14:19:13,2017-09-09 14:37:29,2017-09-11 21:23:03,2017-09-18 16:39:39,2017-10-09 00:00:00
2dae216bbee4c8d68c31c55db7a98b71,0b921366e6cdd4a5fa81782d1e9e2de4,delivered,2018-07-06 14:24:13,2018-07-06 14:35:16,2018-07-10 15:45:00,2018-07-11 20:34:52,2018-07-23 00:00:00
99e3f90c535337b45eace6f8a8a9400f,3d5c479107dce026a67c0a78ec5f87f2,delivered,2017-01-18 08:01:37,2017-01-18 08:10:14,2017-01-18 11:03:09,2017-01-26 15:14:31,2017-03-17 00:00:00
1ea77fa7226c1316ce74441948be0e6d,206470b6a1520866e1b6e96ad157cbd6,delivered,2018-02-17 01:24:12,2018-02-17 02:07:44,2018-02-19 17:45:06,2018-03-02 22:42:33,2018-03-13 00:00:00
a493d659436f51198ebdd0ced8ec7d7c,566564f6a9fc76f3048a73527a67fb64,delivered,2018-05-14 10:39:50,2018-05-14 10:55:12,2018-05-14 12:02:00,2018-05-17 15:56:45,2018-06-01 00:00:00
055d54b48c1c7292933cb2e27f73ee81,eff6dd5f7eb45e342ab116b60eb019b9,delivered,2017-03-29 20:18:35,2017-03-29 20:30:17,2017-03-31 14:32:41,2017-04-04 17:23:03,2017-04-24 00:00:00
4d028c5d62c9bdda20aa01e4f03ecbba,4d25a77a0e3a69074326a44fa3712fe3,delivered,2018-04-06 07:25:35,2018-04-06 07:48:07,2018-04-09 21:46:24,2018-04-13 15:55:49,2018-04-30 00:00:00
4d3c0c9b78aca6355fc67075364b2b05,a5c8ac8b3fbdb2a40be06b90db124bdb,delivered,2017-05-08 13:22:49,2017-05-09 09:30:40,2017-05-09 14:57:20,2017-05-17 14:24:40,2017-05-31 00:00:00
fce15c105dfcd0ab5e6cc03e4b026167,8ce41433c8bb23c56888753b424423d1,delivered,2018-07-17 23:06:07,2018-07-17 23:15:21,2018-07-18 11:55:00,2018-07-26 10:03:37,2018-08-08 00:00:00
8edaa376e19d08bc84ab8845682216b4,4c1e29ec2ed2feac441cf24b25262ed2,delivered,2018-04-24 08:37:20,2018-04-24 17:26:25,2018-04-25 12:24:00,2018-05-10 22:36:37,2018-05-14 00:00:00
34cf4093989091bb69a6ccb101129dbf,105c098c8540261c006c95d3ade77198,delivered,2018-02-27 07:49:06,2018-02-27 08:27:50,2018-02-27 19:02:36,2018-03-07 17:29:10,2018-03-20 00:00:00
f76c7ba4fae56c0b11495becf4574415,d40fa51080cbadaaffbd88c9abb5a65b,delivered,2017-07-12 08:57:47,2017-07-13 03:05:28,2017-07-13 15:43:40,2017-07-14 20:07:38,2017-07-27 00:00:00
6489b3baf98eaf50ca1b39f9178a1510,8efdf760a9b9de9f92198e08ea7005fe,delivered,2018-02-23 23:32:22,2018-02-27 04:30:55,2018-02-27 19:52:19,2018-03-09 20:34:38,2018-03-22 00:00:00
265bb549f8bbcaeaa66023404ec02db5,25a12a773f44b1d53fcba4e6834ea4bb,delivered,2018-02-27 20:19:41,2018-02-27 20:35:24,2018-02-28 20:51:17,2018-04-29 17:44:42,2018-03-19 00:00:00
c5bed3a385f406c503841fed148952b9,a900fa42453c67e0168cebea8f69ff33,delivered,2018-06-20 15:46:05,2018-06-21 03:38:45,2018-06-21 12:58:00,2018-06-28 16:18:22,2018-07-19 00:00:00
d56cf7e9548584ea9583339b170f8314,9a764f8f1d863bedf08c8d9d8ec471d3,delivered,2017-07-20 22:39:34,2017-07-20 22:55:12,2017-07-21 12:39:28,2017-07-24 16:47:50,2017-08-09 00:00:00
16ce87d063ff5f7dfe9bc57bfea8d6f5,a8950672a28d9b167bae1f274ce5b7d2,delivered,2018-05-15 09:49:32,2018-05-16 03:34:01,2018-05-17 14:34:00,2018-05-21 17:33:26,2018-06-05 00:00:00
85476bec52a05787f17e144a6811cd64,28c78431521ad6b9daa4e356861bdda2,delivered,2017-06-19 22:36:39,2017-06-19 22:50:13,2017-06-20 11:59:09,2017-06-29 18:37:59,2017-07-11 00:00:00
efa54a340757446b16f891404fb529c2,d197a95f50264651f6bfda48051ff614,delivered,2018-02-06 12:49:33,2018-02-06 13:08:27,2018-02-07 22:33:48,2018-02-14 19:09:13,2018-03-12 00:00:00
7e28a3542ea8306e42298ea3718222ee,b14a788b10030beb7ea368ea345caf7e,delivered,2017-12-16 16:38:38,2017-12-16 16:53:45,2017-12-20 19:11:03,2017-12-26 15:33:19,2018-01-11 00:00:00
2cbf2dc826b85caf29dffe226a9fe644,aacd0f72bc1408e27d30651f960d732c,delivered,2017-08-31 21:55:30,2017-08-31 22:05:40,2017-09-05 22:49:48,2017-09-15 23:42:05,2017-10-02 00:00:00
937906bc0b6f522125f9b2a1f39cd358,482868844067445d78b5e33ed6bb2983,delivered,2017-11-24 07:30:08,2017-11-25 18:15:32,2017-11-28 17:43:21,2017-12-09 13:14:32,2017-12-08 00:00:00
58747f970aadb1f60235c6b01b6fa274,49a551c6d71f53e3d4a2ec77a0220c9e,delivered,2018-03-26 20:48:05,2018-03-28 02:35:15,2018-03-29 16:54:38,2018-04-15 18:03:17,2018-04-16 00:00:00
1170def5f575ee492231108cb5185570,3ebeba9f61602359f1c6ff15d88d31fb,shipped,2018-05-06 07:09:28,2018-05-08 04:14:17,2018-05-08 14:15:00,,2018-05-29 00:00:00
18a9398e5e966aab086a3cdd0053e0b2,01945b2f58c2f472fb2a5a582f8042c0,delivered,2017-12-31 10:57:54,2018-01-03 04:18:27,2018-01-04 22:29:12,2018-01-17 18:16:49,2018-02-08 00:00:00
88a7b171c5fa934fdd0bd6a3785dee13,de639b9e4eb99026d4f70a996031b83a,delivered,2017-09-26 16:08:05,2017-09-26 16:25:01,2017-09-27 19:07:32,2017-10-09 17:57:13,2017-10-30 00:00:00
d09937858506b4fd15ea217ad6c16a95,53a0f4bc02cb636ef2f8a0b381e5f19e,delivered,2017-11-25 22:14:45,2017-11-25 22:33:33,2017-11-28 14:49:46,2018-01-02 13:48:47,2017-12-18 00:00:00
ff030caf873f5d7290581e2ba5d3fd7f,cf5b268ad5163d64d53d8a5fc114dd9f,delivered,2017-06-12 14:13:01,2017-06-12 14:25:15,2017-06-13 14:50:27,2017-06-19 15:32:29,2017-07-03 00:00:00
6814e5323f3559890d60955f42d2c8d7,c36e16973acbe2b29f72665cfba6223e,shipped,2017-03-22 06:33:39,2017-03-22 06:33:39,2017-03-27 10:05:51,,2017-04-12 00:00:00
fc0524567b35a9521c99ccff83821799,110305cecd60b6896d97ccf522d62168,delivered,2018-04-06 22:57:50,2018-04-09 08:49:28,2018-04-11 15:33:08,2018-04-22 13:16:39,2018-05-16 00:00:00
5cbc7c89712aae49a2bb1c98be72f597,3b61230f410f2bf6298347d8ddbaa554,delivered,2018-02-24 15:42:57,2018-02-24 17:50:30,2018-02-27 17:18:38,2018-03-09 01:06:21,2018-03-19 00:00:00
38a467d0cbbbd3f0a4d3d61f79615b9e,7ebf961daa0f66146a0996ea3c3bd94f,delivered,2017-05-01 23:06:57,2017-05-01 23:22:52,2017-05-09 15:17:22,2017-05-18 16:17:34,2017-05-25 00:00:00
18b9bf2dbee620dc2f5b9d4a747c2819,4503c41733789f4f0af38507c43a0e75,delivered,2017-11-20 10:59:08,2017-11-20 11:27:19,2017-11-22 21:33:06,2017-12-27 16:53:32,2017-12-12 00:00:00
23822f9bf0e42a3e11bab993f60f84bc,c6e463b36b4151c925d25041e83158dd,delivered,2018-01-25 19:45:18,2018-01-25 19:54:24,2018-01-26 17:53:13,2018-01-29 21:26:53,2018-02-15 00:00:00
20c950b58c4d3cf3df11b319f493242c,d0e4ede0ade3adc750a7caa060dfb000,delivered,2017-12-20 20:51:14,2017-12-20 20:58:29,2017-12-28 20:13:45,2018-01-22 18:56:52,2018-02-07 00:00:00
50062ac5439ceb5198b6091b3d7dc288,b04284ed065e3f2791848fcb4f058d6a,delivered,2017-07-13 06:24:41,2017-07-13 06:35:10,2017-07-13 19:57:39,2017-07-19 16:55:03,2017-08-08 00:00:00
ca36cc19c0a413c8f724ae07323cd2cc,99926e4250dfd6677d6d1c1783d8fd6b,delivered,2018-04-18 20:57:15,2018-04-18 21:11:17,2018-04-20 22:16:41,2018-04-27 21:52:04,2018-05-14 00:00:00
06ecfa8dfae87263e05d953aa561603d,7d5867b8bbaa7a3f16a9f4f867960b5b,delivered,2018-08-15 14:01:47,2018-08-15 14:15:20,2018-08-16 14:23:00,2018-08-21 22:03:38,2018-08-28 00:00:00
5499acc5807b92e82c4789054f71c37a,56fccbc4a18cfb8bcd783482f1ab5098,delivered,2017-10-03 18:49:41,2017-10-03 19:07:08,2017-10-11 18:39:44,2017-10-16 18:34:36,2017-11-07 00:00:00
f64838e53785a6d7f2f0b9814e11a55f,c023f30c1147aeb0358474f3b1dbc707,delivered,2017-07-06 20:01:11,2017-07-07 02:44:25,2017-07-07 12:53:32,2017-07-13 19:47:45,2017-07-26 00:00:00
e167b30630b1119d98ee8202f32d04a4,97af56180481c3433a9e28fe58501211,delivered,2018-03-06 17:02:14,2018-03-08 02:30:49,2018-03-09 15:38:23,2018-03-16 15:08:28,2018-03-22 00:00:00
b2cc014ee51b0ca758fa72abdc54d199,de15430f37f04581b26de5bcc7ba249d,delivered,2018-07-06 12:31:52,2018-07-06 12:51:06,2018-07-10 13:58:00,2018-07-18 21:42:05,2018-08-13 00:00:00
35d0b7a55813500142b572061fb539cf,b470feced32581d9db37145350be0401,delivered,2018-02-13 13:17:42,2018-02-13 13:28:07,2018-02-16 23:04:32,2018-02-22 18:12:06,2018-03-01 00:00:00
5b514a1a40e8cd51a1f35c2df28da032,7f3bcd2349e4a230e5e55ce40a0a9027,delivered,2018-07-17 20:57:14,2018-07-17 21:05:17,2018-07-27 11:54:00,2018-08-04 17:50:39,2018-08-03 00:00:00
35ef29f36793696d79c36f7780a40dab,1415842b09543beb4df7db795479ce9f,delivered,2018-01-02 20:26:37,2018-01-04 05:16:24,2018-01-05 18:15:25,2018-01-12 22:07:18,2018-01-31 00:00:00
b35ef090795f5c01eb9b233dc239f493,b6c313eb381d6eb32ead79acc1117e9d,delivered,2018-04-26 21:37:53,2018-04-26 21:50:34,2018-04-27 14:45:00,2018-04-30 22:44:28,2018-05-09 00:00:00
6694b68ebe1f4dff3b22fbbfff33d80a,346ab1fdab6b10d0142d0ba28e58b7a1,delivered,2018-08-07 17:39:51,2018-08-07 17:50:18,2018-08-09 14:05:00,2018-08-18 01:31:56,2018-08-16 00:00:00
afc0208aeafed672198f15d508bb0760,9f65cd05b72a07d989c5d1761c5cd9ca,delivered,2018-02-21 13:36:46,2018-02-21 13:51:10,2018-02-22 23:03:40,2018-03-08 14:22:51,2018-03-19 00:00:00
cd673cc8b988fac75a5cda1e06e4593d,871e8c911fd8a211ed4a4016f9c88cc9,delivered,2018-01-24 19:34:57,2018-01-24 19:57:30,2018-01-26 21:41:42,2018-02-17 14:23:25,2018-02-19 00:00:00
3e7ca74af2e30d9f16183f5c9d65ef85,fdb9a2ae0b1ecf02a74a34e53f41d653,unavailable,2017-08-13 13:53:18,2017-08-15 03:25:25,,,2017-09-01 00:00:00
3b68e7d1f8cbedb79ef05647835dcd6c,b5c9e1ce40819057541d008d1427c03d,delivered,2017-10-25 17:35:26,2017-10-25 17:49:25,2017-10-27 17:52:05,2017-11-06 16:49:24,2017-11-21 00:00:00
01625f404436eb3cb98cba1e9433db29,cfad256eb02ee52ebd2a75e6a3095cca,delivered,2017-06-08 08:52:08,2017-06-09 02:30:31,2017-06-09 12:43:28,2017-06-19 18:09:24,2017-07-20 00:00:00
499a762fa72fde835e39b03db3b95cbf,06749557ec7c0ecb61210bbc6c14ae1d,delivered,2018-08-25 18:37:04,2018-08-25 18:50:10,2018-08-27 14:55:00,2018-08-29 22:41:24,2018-08-30 00:00:00
af448eb4a17a94e4880096aeeb95a826,c5bcedcd6ebd2da4ac7baf7ad44a5876,delivered,2017-12-07 16:47:57,2017-12-07 16:59:22,2017-12-11 14:17:07,2018-01-04 15:07:30,2018-01-05 00:00:00
e595c2cc81bdf6d7ce5ed8da16846f3d,8e8e5ed96858fab2b61e16d8bce29ff3,delivered,2018-06-19 11:52:20,2018-06-19 12:18:24,2018-06-20 12:37:00,2018-06-21 17:38:26,2018-07-05 00:00:00
8e743fa5bfb68898e6435685df2c2fd5,fd11c0e8b7e13818b2b28db904835b44,delivered,2018-07-25 18:54:38,2018-07-25 19:05:12,2018-07-26 11:55:00,2018-08-14 21:33:30,2018-08-22 00:00:00
051fa5d5438a17a06ebfd7b77c020e2c,0ae502ab7e72dc3b0a512dfa96baf3f4,delivered,2018-02-24 12:02:55,2018-02-24 12:15:36,2018-02-27 23:32:46,2018-03-07 21:09:03,2018-03-21 00:00:00
c4dacba4560d22bf516c37d850225b2c,ae248597049fb44138b7cc721eb5bc5f,delivered,2017-12-20 21:44:31,2017-12-20 21:56:28,2017-12-21 16:09:43,2018-01-03 23:29:01,2018-01-15 00:00:00
3ceffd7bee6a56cbf4adea01c19a5d17,5cb2307ae35b44c9dd90f76c649b99b5,delivered,2018-05-31 21:39:34,2018-05-31 21:52:44,2018-06-01 15:47:00,2018-06-09 09:06:38,2018-07-04 00:00:00
96dad13c399dce9663d3bd03e84cea2b,c5f246d8cb17193ef5b0e617c0f4a822,delivered,2017-08-16 05:43:05,2017-08-16 05:55:11,2017-08-17 16:27:52,2017-08-24 18:22:49,2017-09-27 00:00:00
726d7ca786b51f528a05248919aa2aea,b4327f405e23b55576892dc17ced2364,delivered,2018-02-22 17:20:48,2018-02-22 17:35:45,2018-02-27 20:52:43,2018-03-05 13:58:53,2018-03-20 00:00:00
50151c507e6dfcc7435d9805ff95a548,51756ea9511c4d8f66f7086a126d4ab7,delivered,2017-09-01 14:00:55,2017-09-02 03:04:54,2017-09-06 19:37:38,2017-09-14 19:07:41,2017-09-21 00:00:00
3c9009e712f443adfdc5f85fd157d09e,8396be4045204d3e3af9cb77f8a230e4,delivered,2017-05-04 13:27:17,2017-05-04 13:35:23,2017-05-05 15:41:43,2017-05-15 14:33:41,2017-06-06 00:00:00
147973f607023fb30b72b31fc2744d13,ce8154e2083db0e68b12d0a13d6770fc,delivered,2017-10-23 08:59:20,2017-10-23 09:14:19,2017-11-01 19:07:33,2017-11-06 20:22:45,2017-11-09 00:00:00
a7a256d455df2402da6d060321656b20,d69adc38c89adba5d688a0986eb1b060,delivered,2017-11-14 17:28:01,2017-11-15 17:30:40,2017-11-16 20:39:03,2017-11-27 22:02:51,2017-12-06 00:00:00
e9e9b31ec2faa5bb868dc5fa0c66b0bd,a48ffc7cf9fca7c48a49af83e7261ebf,delivered,2018-01-17 20:58:28,2018-01-19 02:37:54,2018-01-20 01:09:05,2018-01-31 18:28:56,2018-02-01 00:00:00
cb505678409e79b0864083b3a24d48f5,aa6811129215d8c85ccbebd4454b17f2,delivered,2017-05-04 11:39:47,2017-05-04 11:55:12,2017-05-04 13:30:13,2017-05-26 15:56:53,2017-05-29 00:00:00
b7e3e09ab3797cee3fe2864dc024f786,ac4bf4a5575659425d954991f768cdcd,delivered,2018-03-06 11:36:20,2018-03-06 12:20:24,2018-03-07 20:07:51,2018-04-02 15:56:39,2018-03-23 00:00:00
a37d916ab96889e59db281905a87514e,2fc7c032e0e08df56ee8b2673d827357,delivered,2018-04-15 13:47:45,2018-04-17 05:55:44,2018-04-20 00:06:25,2018-05-15 15:38:59,2018-05-22 00:00:00
199c3b00cc75bd2e16c40ac6447c673f,bab96faad3095a7d6a732267be6dde0d,delivered,2017-11-03 13:30:33,2017-11-03 13:46:04,2017-11-07 00:09:17,2017-11-09 14:48:38,2017-11-30 00:00:00
b8fd80779b8e6a73a172dc448cb0a0a8,de6fc64462f4690790e6b67da7d7edaa,delivered,2017-07-11 16:42:15,2017-07-12 06:44:02,2017-07-12 17:05:50,2017-07-24 22:22:35,2017-08-02 00:00:00
0cfabecb909812856ae6d21400104334,ca7be09be15919bbd9f41de9a68d34c0,delivered,2018-05-16 12:50:54,2018-05-18 16:57:57,2018-05-21 14:40:00,2018-06-07 19:36:52,2018-06-14 00:00:00
8062490d9761653cd11d048a96f875d4,d12dccb5ad6ed9f5b436c3f5b58c5f64,delivered,2018-07-25 19:07:16,2018-07-25 19:15:24,2018-07-26 15:22:00,2018-07-30 18:48:58,2018-08-13 00:00:00
457432689bcc0d3db0742e0e8cf87aa2,43cd92deaa3d542fa32fdf4ca3089f51,delivered,2018-06-12 00:27:30,2018-06-13 00:41:36,2018-06-15 16:34:00,2018-06-19 17:44:39,2018-07-05 00:00:00
2e79e51b96cf9b836ce81f55548d018e,09f38e2ced1fe32a87b56f43e079f6d4,delivered,2017-10-07 13:04:01,2017-10-07 13:14:11,2017-10-23 20:53:55,2017-11-07 20:37:55,2017-11-13 00:00:00
0ed863ae64e541253de34411c0b0280a,7a4bda17979cda408ede421d6f9e5337,delivered,2017-10-29 11:16:24,2017-10-29 11:50:22,2017-10-31 15:43:38,2017-11-07 21:27:29,2017-11-22 00:00:00
a476749332fa1502701657ec467468fb,c1f0fe3bb2fc6c29afff6b671b1b27c0,delivered,2017-06-14 13:29:02,2017-06-15 02:50:23,2017-06-16 14:09:35,2017-06-26 15:10:02,2017-07-07 00:00:00
4f7a513a13ed6efd9b603b1590b9ae1d,132d5620a1c47ef79eec69e780422b17,delivered,2018-07-23 12:25:45,2018-07-23 15:31:50,2018-07-24 14:16:00,2018-07-26 19:08:33,2018-08-10 00:00:00
be787f15d899c8ef7a1708f7395b3435,774a68091890f5f1b8205341a06d854b,delivered,2017-12-11 21:11:11,2017-12-11 21:34:03,2017-12-13 21:29:21,2017-12-26 15:45:18,2018-01-04 00:00:00
9cd56a4791f9a693673888aec901d978,f60123e6cb170d9d4f60dbb8623afa4a,delivered,2017-11-05 08:20:03,2017-11-05 08:30:23,2017-11-07 16:53:00,2017-11-22 21:02:39,2017-12-14 00:00:00
fe03e808df6c069fbc70b82be411d07e,32aedef591873c0fdf1312880c2f2bd3,delivered,2017-08-21 22:16:13,2017-08-21 22:26:01,2017-08-22 13:12:41,2017-08-25 22:16:25,2017-09-13 00:00:00
86bea29683568dfb87f96dc4b7997cbb,ba383b1abeba5501a6b41a6a6b321579,delivered,2018-01-08 19:08:56,2018-01-08 19:17:42,2018-01-11 21:51:45,2018-01-16 22:39:03,2018-01-24 00:00:00
038345c4a9d21c17180f2f77e1701c69,a6e22c9df7242208bd27554da4b6ee97,delivered,2017-11-13 19:55:04,2017-11-13 20:08:11,2017-11-16 18:48:59,2018-01-25 12:59:42,2017-12-04 00:00:00
b031da90f1946edd12ee2587d53c667d,f976a6aa7c97f6713c9b39e5bd74e04d,delivered,2017-09-15 19:07:54,2017-09-15 19:24:39,2017-09-22 20:13:02,2017-10-02 19:09:09,2017-10-09 00:00:00
830b3434635cb599ae37e17e90f2d0e8,7b66c4dcf653a107c3e734b9868a7ea5,processing,2017-10-15 19:43:16,2017-10-15 19:50:34,,,2017-11-08 00:00:00
ca29d7cf8cb37d08e6a73c1128859290,364b5d0bd02e707f4b99a50ef4493acf,delivered,2018-01-13 15:02:06,2018-01-13 15:31:39,2018-01-15 17:33:31,2018-01-24 17:03:16,2018-02-14 00:00:00
e88c93bf71895846c5dbc1cd709e2308,2c89b60dcd1fee99b089f5ccbe1ee294,delivered,2017-06-09 17:38:12,2017-06-09 17:45:27,2017-06-14 17:54:12,2017-06-22 15:37:08,2017-07-07 00:00:00
668ad4f50b1378df49d039969a1e906a,2f02678d5b429b623e9e40dd7b93e2a4,delivered,2018-06-12 11:49:45,2018-06-12 12:43:29,2018-06-12 13:45:00,2018-06-19 19:58:59,2018-07-11 00:00:00
9c83e600b8c156f1b50b753f30e93634,60ba10cea61a934e043ef4fb6b60ff04,delivered,2017-10-30 11:47:19,2017-10-31 04:10:23,2017-10-31 18:50:04,2017-11-08 20:07:36,2017-11-27 00:00:00
8e49c3737c80a9418fe0d6f7f0a1f1fb,4541fd1f68aadc6a75abf2d2cee3db4f,delivered,2018-04-18 19:16:31,2018-04-19 19:10:58,2018-04-21 01:54:47,2018-04-24 00:19:21,2018-05-14 00:00:00
e8aa7100127932a65507b2cb5ffdd901,76973f49a0ddace6e3d5c20720b177f8,delivered,2018-07-05 17:58:52,2018-07-05 18:11:00,2018-07-23 11:36:00,2018-08-06 19:16:51,2018-08-10 00:00:00
dfe5a841c2bc48efa0553f264e4d3190,36bdb1c5b627db2a634745c53ec994a2,delivered,2017-03-23 12:27:53,2017-03-23 13:06:13,2017-03-24 14:34:43,2017-03-29 13:47:17,2017-04-18 00:00:00
3fc88ecf6531f387f4888fe47105b4a4,083e2b1ff42c5edf19de624a88fe80ec,delivered,2017-11-29 21:03:45,2017-11-29 21:17:21,2017-11-30 16:33:44,2018-01-13 01:55:34,2018-01-04 00:00:00
42113ccffae542a6aee6b921c765d59e,3e058e34970eeff2a92b7c5f12ff6cdd,delivered,2018-08-03 11:57:55,2018-08-03 12:31:42,2018-08-03 13:56:00,2018-08-07 17:04:44,2018-08-16 00:00:00
ea2c68bf46dab82dfe8e5f2b09df0aae,9111616f7a7d0fe5fd493f339ce21bd8,delivered,2017-05-21 22:28:36,2017-05-23 04:05:31,2017-05-24 12:26:28,2017-05-25 20:42:31,2017-06-02 00:00:00
830e68f85c573a0b3ad78cc4915e0fcd,26851e2e2407326a8ae15b13a6260e64,delivered,2017-03-21 11:45:54,2017-03-21 11:45:54,2017-03-22 13:50:17,2017-03-24 18:18:05,2017-04-17 00:00:00
aea17603b85011cbf7358a48daabd6b0,ebfa2c7d90e825eae93363200357b73a,delivered,2018-01-26 20:51:44,2018-01-26 21:17:05,2018-02-01 16:22:28,2018-02-15 16:38:56,2018-02-26 00:00:00
4df371955120c03af473cf4160cb6c65,6a0b64aac6b11f3b988161dc7dee946f,delivered,2018-08-17 00:58:46,2018-08-17 18:10:03,2018-08-20 19:03:00,2018-08-24 20:41:59,2018-08-24 00:00:00
7c367f3036caf4d2000a4d80bc9d341b,1b91e7f083184b62bebd74c6cf0e355d,delivered,2017-03-25 10:38:04,2017-03-25 10:50:13,2017-03-28 07:27:06,2017-04-20 11:11:10,2017-05-31 00:00:00
5ce08134a7e1f35b93fe223acef734bf,872249288988fc5df7f5fb5a40c2a7df,delivered,2018-06-12 16:55:36,2018-06-13 09:00:41,2018-06-18 15:47:00,2018-07-03 18:48:39,2018-07-25 00:00:00
4eeb6af486bf2c0e8e600162bdf2e391,1a11a5ad33d88dd094bbb18924162517,delivered,2018-03-06 16:03:19,2018-03-06 16:30:07,2018-03-08 14:17:59,2018-03-27 16:42:37,2018-03-22 00:00:00
bc2875d103c239620c7d56924ce991df,4c49ffd00d17560e85c4e0e03e8e3fa4,delivered,2018-01-02 10:31:49,2018-01-02 11:31:31,2018-01-03 20:42:34,2018-01-09 16:10:09,2018-02-01 00:00:00
05871d52118762aaae93a3682fc5fe2f,a22b5e829ec1ca245de827b70b0fd334,delivered,2018-07-31 20:54:24,2018-07-31 21:05:13,2018-08-09 09:22:00,2018-08-15 23:51:45,2018-08-22 00:00:00
ed970e1789fefbbd3700b0c5e84b45f3,7a4f856dbe52b7cbb2c19b2fb79f03e4,delivered,2017-08-03 11:01:38,2017-08-03 13:50:23,2017-08-09 19:47:38,2017-08-22 20:25:47,2017-09-06 00:00:00
f2ff1f78a5733d7178e393c543100e0a,6571517c9efc678ea3a386e13bb33481,delivered,2018-08-07 16:54:16,2018-08-07 17:05:22,2018-08-08 14:20:00,2018-08-13 13:50:54,2018-08-23 00:00:00
4d34eb469920ba37e6cab956395a5265,84b667a6ecf4e5e69339b7a255032ab0,delivered,2017-11-13 13:13:04,2017-11-13 13:29:12,2017-11-16 19:08:55,2017-11-23 18:48:50,2017-12-05 00:00:00
6714663b6b3db5c838d7590c6a7600e3,df90101175bba909f4966543a9c2036d,delivered,2018-02-10 09:18:15,2018-02-10 10:00:20,2018-02-15 00:09:38,2018-02-22 18:33:32,2018-03-07 00:00:00
a80e8291d9f0e9b69b924bd10629b4e2,14b526a649ab79cccc7b690557e748c3,delivered,2018-06-11 14:11:05,2018-06-11 14:37:19,2018-06-11 14:49:00,2018-06-15 14:48:59,2018-06-28 00:00:00
2e83b6485b7379a38d52f8cbb8a1bcc7,ee9668b5b97d317732f5bb7a6fd28293,shipped,2017-07-11 23:03:55,2017-07-13 02:50:44,2017-07-14 14:06:46,,2017-08-07 00:00:00
c0cf146482b7d822885b26755491195b,c8d36b891159ed970f8236df9eca6618,delivered,2018-08-09 19:41:09,2018-08-09 19:55:13,2018-08-10 12:37:00,2018-08-13 16:58:30,2018-08-14 00:00:00
02c51fbf49fd8169c04fbc30e9632ebf,8e49f5f31f9feb36a1a6c2aa70af719d,delivered,2018-03-20 21:43:44,2018-03-20 22:08:51,2018-03-22 22:12:16,2018-03-26 17:13:54,2018-04-02 00:00:00
88d9499b5882f39b760f29c92acd6f2f,1e2484fadfefda5f6e9cdbc78b909fc2,delivered,2018-02-08 00:28:22,2018-02-08 01:09:42,2018-02-09 17:33:37,2018-02-19 16:46:00,2018-03-13 00:00:00
2bc6b2e1b00cb3b80c0386a7cc089210,c66c3432dff0caa6dc5529cfba3ee00a,delivered,2018-05-09 20:45:33,2018-05-09 20:55:39,2018-05-24 11:22:00,2018-05-28 18:03:33,2018-06-01 00:00:00
70dc1650fbe7679b733b3d80d3073765,dcff5ba8cd5e93960bb494141d39df55,delivered,2017-10-05 13:11:42,2017-10-05 13:25:01,2017-10-06 15:41:27,2017-10-14 11:52:15,2017-11-09 00:00:00
fd6570a375422eb90b25eae62935db7b,142c2f12143be3160f9c4752c85367f4,delivered,2017-08-24 10:43:14,2017-08-25 03:05:42,2017-08-25 18:58:06,2017-09-06 19:08:03,2017-09-28 00:00:00
b3ab7af51c4d6487be9fdf8ced2696a8,801b675e5c31e24ad2a630d0fe661c84,delivered,2018-02-20 16:00:47,2018-02-21 06:10:09,2018-02-21 22:42:43,2018-02-23 17:28:02,2018-03-06 00:00:00
ef1d0da21b77b4213e3001de2f170c17,a0d17b4cb7478d0e7667e0b46bfa800e,delivered,2018-01-06 19:30:37,2018-01-09 07:25:43,2018-01-09 17:19:50,2018-01-11 15:53:13,2018-01-24 00:00:00
01f78824e3a8e474a36d8dfc2a2c35f4,5ea43e101aceaadd7ca9fcf1b0226a6e,delivered,2017-09-19 10:17:22,2017-09-19 10:35:22,2017-09-19 17:47:14,2017-10-06 20:12:08,2017-10-09 00:00:00
c70e1bd940c5723bf066a1dbcc1455e8,b145bff18e79ac4dfb3fb91e61906f38,delivered,2018-02-09 15:43:37,2018-02-10 10:18:45,2018-02-14 21:57:04,2018-02-27 16:50:09,2018-03-13 00:00:00
b11b91d4d8e53e6149e2df599f5335e8,dd1aa4cf442d7028e72cedcce78bf9c7,delivered,2017-08-03 12:51:48,2017-08-04 02:25:45,2017-08-09 17:14:25,2017-08-17 15:39:38,2017-09-08 00:00:00
9bd5c53e69d9f7ddcd2ac219938bb4be,67fc1fa63f1aca79cc4c36aaa4ce8645,delivered,2018-07-30 17:07:20,2018-07-31 04:31:32,2018-08-02 13:09:00,2018-08-09 22:11:23,2018-08-16 00:00:00
1431c3eda8ad65df1ad5982488e1a011,8f2e8aefe35f3bbc037e50fb77b4bce2,delivered,2018-08-04 20:42:36,2018-08-04 20:55:24,2018-08-06 13:59:00,2018-08-09 18:16:39,2018-08-16 00:00:00
5a126b3da47d5cc3b50eedf4ed1a2070,34f11687d0a6e87ecd8f7a3fbf7e29b4,delivered,2017-07-27 16:47:00,2017-07-27 17:55:10,2017-07-28 17:37:52,2017-08-08 20:47:56,2017-08-16 00:00:00
0b3dc290a34c1a7a4edd084847af89b5,fcd60251e4d59045571d074bc66bed86,delivered,2018-01-10 17:57:59,2018-01-10 18:28:48,2018-01-15 15:04:58,2018-01-23 15:05:46,2018-02-02 00:00:00
90407fc87b8430d3031e48be0d8ddd2b,ee140a8d55d39b64ce5715ec7492e99f,delivered,2018-02-18 15:00:17,2018-02-18 16:26:26,2018-02-19 20:32:35,2018-03-06 19:14:34,2018-03-14 00:00:00
24fe7dc3b99f55e3d45f8d3d4c394811,1ae150472f7c6935fdad4216418c0ce4,delivered,2018-02-10 23:14:00,2018-02-11 00:15:28,2018-02-15 19:51:19,2018-03-28 18:08:45,2018-03-07 00:00:00
21210d0eb0ac7cb1b22057ff1eca09c5,bec2a570fb950359c8f4b1a0385c989b,delivered,2018-03-19 22:00:59,2018-03-19 22:15:47,2018-03-22 19:29:41,2018-04-11 23:58:47,2018-04-12 00:00:00
1f50268bed0b22450f835dc03a16c88b,e9a125ee59a4ee98285d3d69805f65ce,delivered,2018-03-03 18:55:10,2018-03-03 19:08:53,2018-03-07 16:06:57,2018-03-25 21:36:38,2018-04-06 00:00:00
15b321aed302d3b17d9686dcc784e10b,d89f7e6bfb093c7b9f6da81b415470a6,delivered,2017-06-20 12:05:42,2017-06-20 12:24:21,2017-06-20 15:03:13,2017-06-28 14:12:04,2017-07-12 00:00:00
7b546ab3ec353521f28eaf8b6881e1c0,f3e39e72d0f4d6e158f2ead42a5d4f43,delivered,2018-01-25 15:23:17,2018-01-25 15:41:10,2018-01-26 18:22:09,2018-01-29 14:34:04,2018-02-09 00:00:00
43d6342125d8088b91c7075c954bc592,cad98fd1dcf33315396326f7fdefd807,delivered,2018-08-05 14:49:53,2018-08-05 15:05:11,2018-08-06 14:08:00,2018-08-09 21:04:29,2018-08-15 00:00:00
2c85266fde39a3694a2b4f7917680ff6,f2a2c16b1560027813f3c79666b063ad,delivered,2018-08-16 11:05:33,2018-08-17 07:01:36,2018-08-17 14:16:00,2018-08-20 23:56:53,2018-08-22 00:00:00
ee74c524654f34e41104075eea8a1387,ec1febe20cf681729cf9a21a0cf401a9,delivered,2017-08-29 08:50:49,2017-08-29 13:55:18,2017-08-30 17:39:09,2017-09-11 18:20:05,2017-09-18 00:00:00
90b0e0aa2d8c26868122bbc82de97b46,860769291e22713c41ef52f5f9475553,delivered,2017-07-18 10:54:14,2017-07-19 04:03:59,2017-07-21 15:11:50,2017-07-31 21:07:54,2017-08-16 00:00:00
cadf75f0c2e29639d54ff0430d98e9f7,25e4078d42ba4b106674df3702bc066e,delivered,2018-08-04 21:57:34,2018-08-04 22:10:12,2018-08-06 12:30:00,2018-08-11 00:03:58,2018-08-17 00:00:00
191869a6145f8263366f4158ddcf3b2b,2cf0c0ab9108b6a0c3382fb387643d2d,delivered,2018-03-15 20:47:50,2018-03-17 02:40:43,2018-03-17 18:24:46,2018-04-05 00:28:54,2018-04-17 00:00:00
4756c8c762bb57f0f88ba1d0e954e7bb,8a006c2603fb1069e7c859c6459f3f85,delivered,2018-03-03 20:53:06,2018-03-03 21:09:12,2018-03-05 19:19:12,2018-03-22 17:08:33,2018-03-28 00:00:00
75d0f04960793ef74751b16941fc52e6,9451c114dd645e53368c1e7c538b31f1,delivered,2018-03-27 13:04:13,2018-03-27 13:15:22,2018-03-28 18:22:56,2018-04-20 14:11:58,2018-04-20 00:00:00
d079d177011efd6ff72760b1e5caf50f,3426f6b06e7653e3271e965b8eaafb29,delivered,2018-05-03 12:46:25,2018-05-03 13:11:42,2018-05-04 15:19:00,2018-05-09 22:04:02,2018-05-28 00:00:00
fff3983dfa3c5a0d752d8d17baa406a0,46930ec4a8599d1436787e37f36161d9,delivered,2018-07-14 21:56:14,2018-07-14 22:05:13,2018-07-17 12:23:00,2018-07-27 16:28:51,2018-08-01 00:00:00
2ede9b5641146868b9e9307ac0457349,2ac2c26386ad549a2d762e224cbb8d65,delivered,2017-08-16 19:59:48,2017-08-16 21:25:26,2017-08-18 17:30:06,2017-08-22 22:47:30,2017-08-29 00:00:00
7c0a8e739e7de73b6258885fc6fc32d1,517933dab5239d429307cbbf62939204,delivered,2018-07-20 18:19:29,2018-07-20 18:30:15,2018-07-23 10:02:00,2018-07-25 00:19:35,2018-08-01 00:00:00
312706db2e689abc71142bbcb1b6eb34,120ecc99ef409f1f02753d3ad88a9746,delivered,2017-12-20 21:23:20,2017-12-20 21:32:26,2017-12-22 20:28:55,2017-12-30 16:57:12,2018-01-15 00:00:00
3ab51ff55eebf63d3c2635757c61b5fc,a0d7a46ce79138370a4d1e1492a1dd52,delivered,2018-06-21 18:55:13,2018-06-21 19:21:19,2018-06-22 14:18:00,2018-06-25 18:32:26,2018-07-12 00:00:00
bab9cd2eee074d0c97e7691c9418d68b,915d2a8950a52d39766c3cc2516001a1,delivered,2018-06-04 13:21:16,2018-06-05 04:31:12,2018-06-05 12:08:00,2018-06-11 19:50:58,2018-07-05 00:00:00
f77069f53023a7b046bf919f50bb2dd7,17dd52ad2465bdedb0c78d744ba82f84,delivered,2017-12-06 14:17:39,2017-12-06 14:32:04,2017-12-07 16:52:20,2017-12-18 21:18:54,2018-01-08 00:00:00
57ba835cf75b08c9d823b7eb67ca09e2,11c269ed39c68dd5451ea3f3e4aa6d93,delivered,2018-06-06 20:39:47,2018-06-06 20:52:28,2018-06-08 13:49:00,2018-06-15 19:08:47,2018-07-20 00:00:00
591b22f19e82785196df15ee524ca880,c8f16f00d7207a79a297a7603436ec4f,delivered,2017-06-22 14:57:50,2017-06-22 15:10:16,2017-06-23 12:55:56,2017-07-04 15:44:46,2017-07-14 00:00:00
18d8bd3eba0ea9aa893dd85b593a3495,ef6241c94ec298e06091fbafec584539,delivered,2017-06-03 00:08:15,2017-06-03 01:10:21,2017-06-16 14:57:26,2017-06-27 10:24:46,2017-07-28 00:00:00
00c9d0257381c7e9ec13b4505f25b2cf,d14c86b99a98e85b5c256c081e3cea03,delivered,2018-04-18 08:57:18,2018-04-18 09:11:59,2018-04-20 22:58:35,2018-04-27 22:26:41,2018-05-18 00:00:00
76ca90c340d3db00b40ddf08d507b3da,50d6d003c4d24eebd586a3de7464b3ed,delivered,2017-05-24 16:49:44,2017-05-24 17:03:32,2017-05-26 11:15:24,2017-05-28 06:37:55,2017-06-06 00:00:00
0b685cd6f272b410ca1a0cd1fbf0a548,78a6006cf4a106dcb7d4b8f91e664860,delivered,2018-07-24 15:02:15,2018-07-24 15:15:23,2018-07-25 12:28:00,2018-07-31 15:12:47,2018-08-08 00:00:00
855bba0953eecbffe1eb307d06287a39,f7cea60ff8a33edf45e544aff5bab047,delivered,2017-11-12 12:24:06,2017-11-12 12:35:19,2017-11-14 16:39:06,2017-11-20 14:18:45,2017-12-05 00:00:00
4d55408f3a98afa1d4f3087d4a24005d,da622558a9ec231b2d31b8b498a672e5,delivered,2017-02-04 13:42:12,2017-02-04 13:50:21,2017-02-07 11:47:29,2017-02-10 09:18:43,2017-03-07 00:00:00
fc10f44eba425f75f88abffef84186e8,0ea8cb0fd92fb311cd7cac1299c91589,delivered,2018-01-17 15:52:42,2018-01-18 02:11:51,2018-01-18 18:56:54,2018-01-23 17:45:06,2018-02-07 00:00:00
76e1398ff6f5ed6b681d270df349e3f8,74cdb1ab8c425749c6f327357549b4e1,delivered,2018-02-13 16:53:29,2018-02-13 17:05:34,2018-02-15 18:56:06,2018-03-03 15:02:59,2018-03-09 00:00:00
2b4ddcfd05002739cb1f110eda444800,20a8ebae8e5faecb3b19e232aa3937fa,delivered,2018-08-10 16:53:55,2018-08-10 19:44:32,2018-08-14 15:01:00,2018-08-15 16:15:25,2018-08-15 00:00:00
2036e60f61d651518a111dfb2ae5a411,381796669bc4c8ddde91648213e646df,delivered,2017-11-24 14:39:17,2017-11-25 05:35:42,2017-11-27 20:28:43,2017-12-04 21:35:44,2017-12-19 00:00:00
4886c3effdbdd559f0f727957b9af0bc,8543a6864ebb4e1c380b2a33679d4df8,delivered,2017-05-24 18:33:41,2017-05-24 18:45:11,2017-05-26 16:12:40,2017-06-23 12:54:44,2017-06-14 00:00:00
3147d340c802cf04b463c4a5e532745d,5b331b0a1d63a261e9072be800107cfd,delivered,2017-08-05 14:08:47,2017-08-05 14:23:39,2017-08-11 12:27:35,2017-08-16 17:09:14,2017-09-13 00:00:00
26a61c64f323051101667738921220fd,abdaafe64479e307e9ee94472e1a77ee,delivered,2017-11-23 23:20:32,2017-11-23 23:31:57,2017-11-24 21:39:05,2017-12-01 20:14:50,2017-12-13 00:00:00
2a680095a7549ad07085fb6863f91316,5eae6bd471777fe01da2ab35bb27ef2a,delivered,2017-11-20 23:34:26,2017-11-22 03:08:22,2017-11-22 21:42:32,2017-11-24 15:29:08,2017-12-04 00:00:00
d3eded6aa11fcf3fbaf7843c0b4c6e6f,1777c2a82c54f3994e5672cb40c4480e,delivered,2018-03-30 10:45:50,2018-03-30 10:55:08,2018-04-02 20:44:29,2018-04-17 23:32:19,2018-04-27 00:00:00
81c2a9cc7a5d970fa1cb04443002088b,6bba6f64977c6b367a97039f2cc7cc64,delivered,2017-11-27 07:36:22,2017-11-28 02:58:53,2017-11-28 23:59:00,2017-12-01 00:28:24,2017-12-11 00:00:00
610978786c543b1b75c537dcd82a8d10,92c9d31b34b4cf780fa6b3e82693fa27,delivered,2017-11-03 14:48:02,2017-11-03 15:06:29,2017-11-07 15:55:02,2017-11-10 23:48:31,2017-11-23 00:00:00
652dd1e43c57c5f82622cd0d4ec1c376,7dbed95882f0d8bdb7279f822f09bd96,delivered,2018-08-01 10:52:29,2018-08-02 05:05:17,2018-08-02 12:09:00,2018-08-08 00:12:26,2018-08-16 00:00:00
55ab9db2aba357eaf4c98300f85b2189,9e2acd85dd3467ead19e6e831dc5b69f,delivered,2017-09-19 00:04:15,2017-09-19 01:10:18,2017-09-21 20:42:28,2017-10-05 21:26:08,2017-10-16 00:00:00
3910f99fe841cb26a6adddc96249d3c8,feca9dad8fbf1f8ba320d99aab2116b1,delivered,2018-07-23 08:34:08,2018-07-24 11:32:58,2018-07-25 15:37:00,2018-08-04 15:06:40,2018-08-15 00:00:00
fde2b2f46bb69e2359b74ff7606de899,077e8825452efc8df7289444b1226930,delivered,2017-06-23 21:07:46,2017-06-23 21:23:09,2017-06-27 10:04:26,2017-07-03 13:22:08,2017-07-13 00:00:00
c1b3677443e3acb2a07e47d81889e571,fd440a24212b8c94038eae8c3c200658,delivered,2017-09-12 13:58:02,2017-09-13 03:35:20,2017-09-13 21:45:57,2017-09-15 21:36:24,2017-10-02 00:00:00
985db56d4cabd2577d0960194dd2cd5a,93b0959b3704e65ceaf6cd4bcdfea834,delivered,2016-10-04 15:35:35,2016-10-06 15:57:13,2016-10-21 16:33:54,2016-10-28 15:03:48,2016-11-30 00:00:00
f68d2c7cf192e85e39bd08dc995dca5c,82a5aaed30c2e07b5b0e4cb5dfcc332d,delivered,2017-03-04 14:55:42,2017-03-04 15:05:14,2017-03-06 13:37:17,2017-03-16 07:07:56,2017-03-29 00:00:00
48085a2da6f7f5d46958b76af0dadf07,b08249dce6ff19f275657a123bc27a47,delivered,2018-03-21 09:40:27,2018-03-23 02:16:00,2018-03-27 22:03:57,2018-04-02 23:52:03,2018-04-13 00:00:00
cbcbf16b779a45730bd03de1dc68131b,1a7bab6bcb194aaba51c9e90c7d27340,delivered,2017-12-06 17:17:11,2017-12-06 18:21:15,2017-12-08 19:43:12,2018-01-12 22:17:40,2018-01-03 00:00:00
e9412fef2accbb245c4232829673c90c,ae984c23bb0ed564ac206f2ec57f772a,delivered,2018-02-21 11:21:19,2018-02-21 12:27:59,2018-02-23 22:21:34,2018-02-25 19:43:05,2018-03-07 00:00:00
f8306c39b861b2b3879c573003a666b3,b65a320a0d214027f80a904bcfbb94b0,delivered,2017-11-27 20:30:09,2017-11-27 20:39:39,2017-11-30 02:17:43,2018-01-04 16:48:31,2017-12-21 00:00:00
d015219f23681e41543e3db6504a4865,7ee8a4fb1f82a72a8be3b69fccb683b6,delivered,2018-06-25 16:14:54,2018-06-27 08:55:36,2018-07-05 09:41:00,2018-07-11 17:52:03,2018-08-01 00:00:00
bd61a1bf4bb521167f6718320f9f5508,baf4e2432cbc16712f26928d45e69c9c,delivered,2018-08-17 21:46:18,2018-08-17 22:09:44,2018-08-21 12:35:00,2018-08-24 20:48:51,2018-09-26 00:00:00
49dc298f34ef553977f998818dbeb38f,8c615e8041af01e1fb4e74907d70a478,delivered,2018-02-25 19:35:47,2018-02-25 19:47:54,2018-03-02 20:02:51,2018-03-07 22:39:35,2018-03-22 00:00:00
3a781a72374ad22c36cc60ffdbcc9b98,f3c2cc8a1f85cd318468829dbfbd6eea,delivered,2018-06-15 19:18:50,2018-06-15 19:42:21,2018-06-21 07:23:00,2018-06-28 21:12:18,2018-07-16 00:00:00
6875f8830fccf5f9658d63a76da43bbb,08385777ab67885a2be27625c7f8de78,delivered,2018-02-12 13:28:31,2018-02-12 13:48:20,2018-02-20 00:37:52,2018-03-03 13:19:02,2018-04-04 00:00:00
974489a317d3b3f2e471a3e8d05ebeb1,7ee20476c82bf1b2f0e35cffe4cb474d,delivered,2017-02-13 12:10:59,2017-02-15 02:45:25,2017-02-15 11:45:49,2017-02-21 13:53:58,2017-03-14 00:00:00
3c168c149c30652ebe339c9e5ab96f71,a44d428faa18d7c93ae50784a0c092ea,delivered,2017-04-13 16:14:59,2017-04-13 16:25:16,2017-04-17 10:43:50,2017-05-19 08:14:44,2017-05-12 00:00:00
e9007e380558105d9508dbc5b6e3ec59,82f44f612817d366e8305b59650b7d71,delivered,2018-04-02 20:04:30,2018-04-02 20:15:42,2018-04-04 19:28:22,2018-04-23 20:02:50,2018-04-26 00:00:00
88d97a5382aa21040be0f2d1e4cce195,06924cbc5d26492a79fdbadd872430ec,delivered,2017-11-28 16:19:04,2017-11-28 16:35:26,2017-11-30 17:15:40,2017-12-15 22:59:02,2017-12-27 00:00:00
34445bc5a6255519c1d230b2231eeb63,5fbc79a993390667e9a461e24d9ce21c,delivered,2017-02-05 00:11:30,2017-02-05 00:22:48,2017-02-08 03:45:53,2017-02-16 13:32:48,2017-03-27 00:00:00
0c6a2732270e3f0f66bd73dbde93b59e,e93df84b6db60bf18610814d86332a1a,delivered,2018-08-01 13:43:51,2018-08-01 14:05:21,2018-08-03 14:37:00,2018-08-04 18:51:28,2018-08-10 00:00:00
4f3428d2bdfb5f3910f874c72120c9f1,1d9d0514065fd217ca789f34d9cbe3d3,delivered,2017-11-03 19:30:41,2017-11-03 20:30:54,2017-11-07 15:09:15,2017-11-13 22:29:13,2017-11-27 00:00:00
d6006084ef6702485445b9f51feea594,8d457ebcb479d9b80bd841c3a5df6943,delivered,2018-08-10 18:10:00,2018-08-10 18:25:16,2018-08-13 10:52:00,2018-08-16 20:57:47,2018-08-22 00:00:00
faa1515e28c5d45a5bb6fa57bffcfb0b,c27c1ed0d6a18c5bacc8ee239f5717d7,delivered,2017-02-01 17:21:33,2017-02-01 17:33:02,2017-02-03 12:28:55,2017-02-07 13:23:53,2017-03-08 00:00:00
b58c726e8f5ba3196c593b1837d25744,dd7bbbf2e47b1e2ad68a2b18ce71b185,delivered,2017-02-13 15:54:42,2017-02-13 16:05:23,2017-02-14 14:59:36,2017-02-20 16:27:40,2017-03-14 00:00:00
4f209a7c48b44a32ff3196ddbfb4d67e,ec367d9328f38ee210f6dce68c73f5b9,delivered,2018-07-21 16:19:34,2018-07-21 16:30:18,2018-07-24 09:07:00,2018-07-27 21:48:37,2018-08-06 00:00:00
6de0a6791e7af4ed0514498e5100370b,ca178567ce46af2b0293311d0d63be20,delivered,2017-07-13 16:39:20,2017-07-13 16:50:14,2017-07-14 18:10:00,2017-07-17 21:26:46,2017-08-02 00:00:00
a32e794aa3f7df03d1a3848213b24346,5d265f8913e710c0156ad1edc1e2e09d,delivered,2017-02-11 17:23:59,2017-02-11 17:31:50,2017-02-13 08:32:21,2017-02-24 06:52:30,2017-03-27 00:00:00
ceebc99a4b5d7dcfe5b9557acc7f26e5,7b18acfe11941bbb0f7e40b0410fbba8,delivered,2017-12-13 15:32:35,2017-12-13 15:50:27,2017-12-15 01:27:53,2017-12-19 19:16:53,2018-01-02 00:00:00
19c386dab06e3c24f06cfd16b054f310,4c8caa591e290b4c5fd0535e8dd3c84f,delivered,2018-06-02 10:30:20,2018-06-03 10:31:00,2018-06-07 13:18:00,2018-06-11 18:58:42,2018-07-16 00:00:00
fad7b215b5580be62da9ee48752cf0f5,18e21bdddfe220123864e2454f356ab2,delivered,2017-10-02 00:41:16,2017-10-02 00:56:12,2017-10-03 12:26:06,2017-10-08 14:22:07,2017-10-26 00:00:00
e009b6b041176283c1422066465c9080,fef96c428a08854cecacd8074d64a961,delivered,2018-06-25 14:44:03,2018-06-25 14:55:14,2018-06-26 13:39:00,2018-06-28 14:56:45,2018-07-16 00:00:00
2a5243c1617fc7fbba213c4960700889,184650d98f41ea97a590511d5ef0e51d,delivered,2018-01-14 10:38:57,2018-01-16 03:50:26,2018-01-16 17:16:53,2018-01-26 21:45:49,2018-02-14 00:00:00
9857b6e0079dc9b6081c5d1e2ad75b48,67143172a156bc5513b613755a33ebf2,delivered,2018-02-11 23:49:08,2018-02-12 00:07:35,2018-02-14 23:38:50,2018-02-27 01:55:25,2018-03-06 00:00:00
0c63eb238a8ea5d783171577db5d7f70,036c6fdc444676377a8190fa248c7563,delivered,2018-01-11 10:09:58,2018-01-12 02:35:30,2018-01-13 02:51:31,2018-01-26 12:56:56,2018-02-08 00:00:00
ed04b75d1e0aabba1830432d54c2396b,b70b6ceae2a42d3bfe950182a6dd4091,delivered,2018-03-06 18:53:49,2018-03-07 02:49:09,2018-03-07 23:12:56,2018-03-29 21:34:34,2018-03-27 00:00:00
c36bc89cd9897bf2c8a62efef58f3181,b3d23946a07fc5c0938b3ad2c0a7df85,delivered,2018-01-29 13:24:42,2018-01-29 13:35:28,2018-01-30 21:12:59,2018-02-01 19:17:46,2018-02-16 00:00:00
2aa928af8787409a83b25d8dd89be295,446b873cefdba6583d42ba7b02ee15d0,delivered,2017-12-11 01:00:21,2017-12-11 01:10:48,2017-12-13 16:52:43,2018-01-15 22:38:57,2018-01-08 00:00:00
972976cb62fb977bfbc253219799e486,1472468d6d56167600d5b11dfc70f7b1,delivered,2018-07-20 11:15:51,2018-07-20 11:25:13,2018-07-20 10:27:00,2018-08-08 20:46:24,2018-08-07 00:00:00
f0cd188382c01c2acf331a637d869acc,99741a5f43aa1794f70b18a4e60229de,delivered,2018-04-08 21:55:01,2018-04-08 22:10:12,2018-04-10 15:28:52,2018-04-18 15:07:40,2018-05-03 00:00:00
7e4465ad21a49af2c190e90895c3edd4,f87b62f70d096bb4fd99d14c020ba2a3,delivered,2017-06-27 11:26:40,2017-06-27 12:05:19,2017-06-28 16:20:26,2017-06-30 15:35:48,2017-07-17 00:00:00
b296bc0dc4e73e99c3f6196a1b97b9aa,2ea31b1a1639ec1f36d2a8c7515adeb2,delivered,2018-04-06 08:46:27,2018-04-06 09:09:16,2018-04-09 23:41:33,2018-04-12 17:35:49,2018-05-02 00:00:00
864c35df1adf744f8b1aed55f947f192,6f40a2defdd5b7721f83ea57d31f3007,delivered,2018-03-18 21:57:15,2018-03-20 03:30:55,2018-03-22 20:51:05,2018-03-29 22:21:09,2018-04-05 00:00:00
bbdb54ce076f1e0d4e8eb55711b40d4e,dc74ae880bed27c49153f3572e1aedb7,delivered,2017-05-10 19:49:18,2017-05-10 20:02:23,2017-05-16 16:46:19,2017-05-24 11:12:54,2017-05-30 00:00:00
2a0194c5b0441f67e5ef85e76f2c5e77,3f3aa5d41a7d97c1460eda563da6f277,delivered,2018-05-06 20:35:25,2018-05-07 10:11:31,2018-05-10 14:11:00,2018-05-17 17:46:48,2018-05-28 00:00:00
c0e7ba8e4333d68153dfe2fbc8f613f7,116e47f49c0558a5e9bb8eb119485e24,delivered,2017-02-09 12:44:35,2017-02-09 13:11:13,2017-02-10 06:51:20,2017-02-20 10:03:01,2017-03-10 00:00:00
838f8e96cf584a1d8d22eaf7143c7772,f5188d99e9281e214a4a7d1b139a8229,delivered,2018-07-04 22:35:13,2018-07-05 16:27:55,2018-07-06 10:15:00,2018-07-10 21:27:30,2018-07-17 00:00:00
d27a9ded3675317af492f9c3449b8443,3cbbf4aa377c9b40c8679e10f84f7e96,delivered,2017-11-26 17:56:26,2017-11-26 18:12:51,2017-11-29 20:32:39,2017-12-08 14:53:18,2017-12-20 00:00:00
0c47aeb0b91c17647935a2b53c38d083,2a829a57118286134a2571ec034c5b64,delivered,2018-08-13 20:45:54,2018-08-13 20:55:34,2018-08-14 14:51:00,2018-08-15 12:33:38,2018-08-16 00:00:00
38698281c9650e6b132e6fb7ae520c83,d664f8d675a8c76c5ab388c2dbe288ff,delivered,2018-02-05 19:51:11,2018-02-06 17:32:29,2018-02-09 01:35:17,2018-03-01 23:18:54,2018-03-05 00:00:00
135226fc55b64c0e3cc388a3c12f039a,8d4537e0c82f0e447a03e88a7113db2c,delivered,2017-06-08 12:14:33,2017-06-09 12:18:08,2017-06-14 15:42:45,2017-06-19 15:40:15,2017-06-22 00:00:00
aeb70ca14a984230b34a6cbf48fe6d8a,1809a4d9621d6e57cbee32249da47055,delivered,2018-07-26 08:52:34,2018-07-26 09:05:11,2018-07-26 10:25:00,2018-07-30 17:04:14,2018-08-20 00:00:00
9816b8ad579de4d7e8940e78f447a610,7298e5225a74b55598d1030f959ba77d,delivered,2017-09-14 09:28:28,2017-09-14 09:50:12,2017-09-19 19:27:49,2017-09-29 16:43:38,2017-10-04 00:00:00
06e72b5b111756079f63cf67445db61a,53ef809f78767b14e4f1a711a1b13d0e,delivered,2017-06-18 20:37:30,2017-06-18 20:55:08,2017-06-20 16:08:47,2017-06-22 15:42:51,2017-06-30 00:00:00
0a586d5cf2a2538846e577316dab5443,d9b7f1e542c911b1f707330336d158f4,delivered,2017-04-26 22:15:06,2017-04-28 11:46:07,2017-05-03 14:13:37,2017-05-05 15:04:12,2017-05-24 00:00:00
d80e0abae74765187eb4970037b244c8,c9c15abe8d61c9b312ba5dec770a4991,delivered,2018-02-17 18:39:22,2018-02-17 18:50:34,2018-02-19 17:29:13,2018-02-26 20:17:22,2018-03-09 00:00:00
b1724ab0a0aacf874471b620049dd38a,3212db6eb86f79cbaf60bc83f8be0e6e,delivered,2018-04-06 15:16:24,2018-04-06 15:30:10,2018-04-10 23:03:43,2018-04-11 15:04:07,2018-04-24 00:00:00
0d702a2aa767d3a728780f8b61e31a46,59957cbf486cde7592cd29914bf38442,delivered,2018-08-06 14:22:13,2018-08-08 03:25:21,2018-08-08 16:02:00,2018-08-09 20:33:05,2018-08-09 00:00:00
5a7ca318214b5a70fd94e277af9643f1,9184be9401fc9b2bf61cf71bc64e8a2e,delivered,2017-11-24 21:18:54,2017-11-25 00:16:48,2017-11-27 22:13:30,2017-12-12 22:52:02,2017-12-26 00:00:00
6160672f31a87bdbafd522f69d9e5d8b,433fefa0623e48aa82b3b44494524a29,delivered,2017-06-18 18:58:51,2017-06-18 19:40:07,2017-06-19 20:21:19,2017-06-29 13:29:41,2017-07-11 00:00:00
69462246c5d9730f30df8f49f1cc1e83,d8925133e66f9f708638c86700aca231,delivered,2018-03-26 20:33:39,2018-03-26 20:47:11,2018-03-29 13:48:53,2018-04-09 17:37:50,2018-04-12 00:00:00
c78fd57b912d62acf68d11da7a7c500b,5e9fc468240a6ca5418c30a89c1010ee,delivered,2018-01-08 17:42:23,2018-01-08 18:31:50,2018-01-09 18:07:38,2018-01-29 19:15:17,2018-02-07 00:00:00
6fa0c125ee7d870f6602c97e33d87bc5,fcb4cecebc159e210cd769d5b767d113,delivered,2018-08-09 19:32:42,2018-08-20 15:59:54,2018-08-14 15:43:00,2018-08-17 20:51:25,2018-08-23 00:00:00
d87c46e5d841c98f8f7c42a5069f6e0c,e5ecf0fd57d412d1dc41e13b2816c3f7,delivered,2018-04-05 20:22:45,2018-04-05 20:35:24,2018-04-06 23:14:42,2018-05-03 17:38:45,2018-05-09 00:00:00
2355668b3f4f5c92b35d3aea796b9ba1,9484e4e49e1711abe997984a89cb4f1e,delivered,2018-07-12 13:43:43,2018-07-12 14:05:35,2018-07-17 13:16:00,2018-07-24 00:21:44,2018-08-01 00:00:00
9e5c76fbc358dc58156586a03f9fa07f,7ed90cdfcc2b7f3b2506fc80f81d4e33,delivered,2017-12-02 11:05:41,2017-12-02 11:30:35,2017-12-05 18:12:26,2017-12-19 17:49:57,2018-01-02 00:00:00
9f711f8df6632759b268fe6b611ed87f,125576f56c96afc30bbf1bff503ae516,delivered,2017-10-28 16:20:18,2017-10-28 16:35:13,2017-10-30 15:17:11,2017-11-03 19:17:40,2017-11-17 00:00:00
728d26031c8d87b8929e8cf76090d110,fd5393323e19659e5e5488144aac78a3,delivered,2017-12-05 00:08:41,2017-12-05 09:47:12,2017-12-06 13:07:25,2017-12-18 14:52:19,2018-01-03 00:00:00
52f615efc72a6f22cdec7e16571e08cc,bf3acde8a49fdbb80ab6fa27649203ac,delivered,2017-06-19 00:32:58,2017-06-20 10:55:11,2017-06-23 11:12:12,2017-06-28 15:29:51,2017-07-19 00:00:00
98d738e637930c8614a55faf0cd85e57,ab737335fd537457d0c8e5eb1dbf0539,delivered,2017-10-24 22:12:28,2017-10-25 02:14:29,2017-10-26 16:22:24,2017-10-30 20:02:58,2017-11-16 00:00:00
137e61abfdecd3bfc15f45999fbe8809,b3fdcbf8fa90f08580d581cc28f3d38c,delivered,2017-07-21 19:53:51,2017-07-21 20:10:12,2017-07-24 19:33:21,2017-07-31 16:42:03,2017-08-14 00:00:00
c4d1c7a8479672cfedc8850e5ab6f3c8,9ab4f22dbecd35f08494936fb3a39e8b,delivered,2017-07-12 21:28:27,2017-07-13 20:35:13,2017-07-19 18:27:37,2017-07-24 17:33:29,2017-08-21 00:00:00
79c33d92e11819540d65b8ade04cdcba,e13b1d1fab9d212d258c2e6d0f69f6c1,delivered,2017-05-29 22:47:27,2017-05-29 22:55:14,2017-05-30 16:08:28,2017-06-05 15:53:41,2017-06-21 00:00:00
378e4ea286514bf3ca1356670c708ac2,629ce319646ea85f733c21603bf3609d,delivered,2018-06-29 18:11:23,2018-06-30 18:09:59,2018-07-04 10:53:00,2018-07-10 17:36:25,2018-07-23 00:00:00
0ea948e1fe88f71d0724adcdf03f3a1a,5d331fc00285ec90e2352cde35a6fd70,delivered,2018-06-28 20:24:25,2018-06-28 20:50:10,2018-07-03 12:33:00,2018-07-11 15:48:27,2018-07-19 00:00:00
35439f221b37eefcebad6204ba171769,945963ab28f683ca6bf62b79651bba0e,delivered,2018-07-09 20:02:51,2018-07-09 20:15:19,2018-07-11 12:58:00,2018-07-17 14:52:47,2018-08-07 00:00:00
dc2d6dd2c769970b0b1ecc92378641d2,953251d6cf788519bbd43ce2d894ce2e,delivered,2017-07-19 14:34:02,2017-07-20 06:43:13,2017-07-21 11:59:28,2017-08-03 18:27:59,2017-08-23 00:00:00
9ac146c59c6dae84516a85362fdbbebf,f6a59386e50dcff8b77c3f1e99c218a7,delivered,2018-07-28 09:59:43,2018-07-28 10:15:13,2018-07-30 14:58:00,2018-07-31 17:14:52,2018-08-02 00:00:00
cc4d93f6168576ed18519d77a72cc7c6,0a114fed90b2ac4880fba1aafd2aefb6,delivered,2018-08-11 19:23:49,2018-08-11 20:00:06,2018-08-13 19:57:00,2018-08-14 16:04:49,2018-08-17 00:00:00
d4f741989d0d75562bfd588ee996fbb7,ddd7330154f4a39657e2a61f479ae514,delivered,2018-07-19 20:30:43,2018-07-19 20:45:14,2018-07-20 11:32:00,2018-07-26 12:56:37,2018-07-27 00:00:00
c9b1334232f321d2f0a4525120eae634,76877995749c9a8b8b821c1863a68040,delivered,2017-03-10 11:38:13,2017-03-10 11:38:13,2017-03-14 09:49:09,2017-03-18 06:05:18,2017-03-29 00:00:00
51ebb2c24714952a8ee7f24d4b90ebbc,a34bf8703dc5d1a32b39fd86eb3b3319,delivered,2018-04-19 23:25:38,2018-04-20 06:51:33,2018-04-20 21:28:54,2018-04-27 21:12:45,2018-05-25 00:00:00
97b8321bc75e9fb96dbea17675d11ee1,4904f6af7f30637825bb794439fc1198,delivered,2018-03-09 16:50:53,2018-03-13 04:40:27,2018-03-13 22:46:53,2018-03-17 16:34:23,2018-03-27 00:00:00
7a3f4365d7cce4ab7886cbcfc452e83e,f9a1a13bb84b4adc53ce9cfd93b7f74f,delivered,2018-01-20 13:37:28,2018-01-20 13:50:10,2018-01-23 15:32:23,2018-01-26 22:33:22,2018-02-14 00:00:00
8f19b1466924e815b715190893700dec,59c8e2fbbae22bbf54d56c9bde0467ce,delivered,2017-06-27 11:19:09,2017-06-27 11:55:15,2017-06-28 09:10:22,2017-07-05 10:29:46,2017-07-10 00:00:00
f4ec40aeb45f082c239a842530a96294,822b0a7c92b1dbaa4006e1d12d1f649d,delivered,2018-01-14 23:51:26,2018-01-15 00:08:53,2018-01-17 13:09:31,2018-01-31 22:28:28,2018-02-14 00:00:00
6d7cea535a10b4572594c350862c060e,e8827cf749541640d8024a54ce3df1d6,delivered,2017-09-09 14:29:36,2017-09-09 14:43:27,2017-09-14 23:23:39,2017-09-21 17:52:59,2017-10-04 00:00:00
3b26d4fe0e3bb6427ae7d3b446bd8c85,5cce2bb3414356902adcd4cc7512f337,delivered,2017-07-30 10:24:39,2017-08-02 08:34:43,2017-08-02 15:29:06,2017-08-09 16:40:15,2017-08-22 00:00:00
f2a6e4114bb3100fe47a10d807079082,0f070cc92828460113c3fa4bc1d16968,delivered,2018-05-01 19:58:56,2018-05-01 20:16:06,2018-05-02 14:39:00,2018-05-08 15:33:19,2018-05-23 00:00:00
2609fb7696dacdc9451b31ba1bb513eb,6d0a05b6e1eadd7e7c8a0a8c543faac8,delivered,2017-05-03 21:12:58,2017-05-05 02:23:40,2017-05-05 11:54:58,2017-05-16 15:44:51,2017-05-26 00:00:00
c60bade0a2a45f8db2535ad71baf5089,9f7c3d69ad55472f4f6957b41f0800b1,delivered,2017-04-20 17:15:47,2017-04-20 17:30:13,2017-04-26 06:14:59,2017-05-09 13:48:16,2017-05-19 00:00:00
e248c45c398d43068b85a887c7e2a470,309bc6b5086db3fca4273ea7d4cd7cd0,delivered,2017-08-09 13:11:53,2017-08-09 13:25:19,2017-08-10 18:57:29,2017-08-17 10:00:01,2017-08-31 00:00:00
7a541b113a2aad3f0854eed998dc7ee8,99e9bd1f018cead3871691bdc5a3f465,delivered,2017-04-02 15:08:45,2017-04-02 15:15:17,2017-04-04 14:56:39,2017-04-11 12:15:57,2017-04-28 00:00:00
2da58e0a7dcfa4ce1e00fad9d03ca3b5,dd9e6825c25b74726720391d01006dfc,delivered,2018-02-21 14:02:31,2018-02-21 14:30:36,2018-02-27 22:49:01,2018-03-12 19:26:51,2018-03-14 00:00:00
2f9d5a38c98570700418e8e091e56f16,f037c0f3d62d2c77533386a9b4e32883,delivered,2017-11-11 16:51:19,2017-11-11 17:10:24,2017-11-20 19:32:08,2017-11-27 23:24:41,2017-12-04 00:00:00
83aca16ee4a8a75d42a429a6b9a54c58,5b42a0ba95bbb264cf0010598b6b7b97,delivered,2018-01-10 14:17:18,2018-01-11 10:08:47,2018-01-17 00:47:50,2018-01-20 12:51:23,2018-01-29 00:00:00
06a9ff8c19b2d371a45c48568283929b,e878e62b47d38518219dc965e4fc7281,delivered,2018-02-05 11:19:38,2018-02-05 11:35:57,2018-02-08 19:03:43,2018-02-15 17:50:56,2018-03-06 00:00:00
094a83226235244840060fafa394845d,4cfaeb298b91a9fe95a03dfda1afa390,delivered,2017-12-18 20:15:41,2017-12-20 16:10:46,2017-12-21 16:59:08,2018-04-03 18:47:29,2018-01-12 00:00:00
eff815e07af90858dc1de0952b153b9d,b03183c784f431b0b4d56e94d9461427,delivered,2018-07-30 20:53:12,2018-07-30 21:24:27,2018-08-01 15:09:00,2018-08-09 14:58:41,2018-08-08 00:00:00
435566621a2ea03fcaf53b11437ce5bc,a1f714a85550bca2a27cd19ba9bc1541,delivered,2018-02-12 16:19:53,2018-02-12 16:30:26,2018-02-16 18:35:25,2018-03-02 01:05:00,2018-03-12 00:00:00
0fb5213e64d1cc9bbd3be70f3d35bf27,df4feda5fa5eb94c16f50372030d26ea,delivered,2018-02-16 15:54:39,2018-02-16 16:07:10,2018-02-20 21:04:43,2018-03-23 02:58:27,2018-03-09 00:00:00
61a2a23b9b85cf80af8eec1db5136db2,68ae86b97d6adb244de7a0ee88a7585b,delivered,2018-05-09 10:12:40,2018-05-10 16:20:52,2018-05-11 14:50:00,2018-05-15 13:51:53,2018-05-23 00:00:00
9437ed1c14b7061eb15c8cd9e9387b8e,8175b179573109f5fffbc355e691ba2e,delivered,2018-02-13 01:03:24,2018-02-13 01:15:42,2018-02-16 21:06:51,2018-02-26 17:04:02,2018-03-15 00:00:00
6b956d19010e956e03b175e66b2b7142,8387d69e1669892094ddafe293216507,delivered,2017-09-01 09:00:21,2017-09-01 09:15:09,2017-09-04 14:17:49,2017-09-08 21:49:55,2017-09-22 00:00:00
a4052a184e5a78c6be9f09a9fed53279,5b15099cd3c044e51c9d267a0d5a15b8,delivered,2018-02-06 19:20:00,2018-02-06 19:31:51,2018-02-07 21:23:24,2018-03-08 20:33:33,2018-02-22 00:00:00
15be0c9cf56bcf3cfe7c453ca50f7c38,e59b0cc2c6ca3d7855713c15bcc8792a,delivered,2018-06-20 09:55:17,2018-06-21 04:36:14,2018-06-22 15:07:00,2018-07-03 19:48:05,2018-07-18 00:00:00
1a9919330851f39651db4ff4beb1e4cb,471d671610a58398e1c97dd0b9719d8a,delivered,2017-08-16 20:50:17,2017-08-17 15:44:41,2017-08-22 20:08:46,2017-09-08 21:51:20,2017-09-08 00:00:00
52e15aec94584413c0d7a661e4b7b4b2,e16f2f49c89ea855b57a42944411bc53,delivered,2018-04-08 22:09:49,2018-04-08 22:29:13,2018-04-10 19:36:34,2018-04-13 21:09:45,2018-04-25 00:00:00
0c65eb5a1415db7a20dfc869c9277e7a,eda4c5f48f975dff9e7c1a846ed6a8b8,delivered,2017-08-23 11:48:42,2017-08-23 12:06:16,2017-09-21 20:47:15,2017-09-29 11:40:16,2017-09-21 00:00:00
b82e88806764fc45d4553f13d41b1b01,de1a58e35cf680f2a2701ee47920e7af,delivered,2017-06-28 15:57:58,2017-06-28 16:10:23,2017-06-29 14:32:17,2017-06-30 13:44:36,2017-07-11 00:00:00
e540d00fceab564fcd95cc8a75b10beb,30ba20c34cecd817b4390cfcbb66f0d3,delivered,2018-05-19 14:57:18,2018-05-19 15:11:12,2018-05-21 09:51:00,2018-06-07 13:42:39,2018-06-14 00:00:00
a8ad28f79779c30fcf9cfbc6c74c296d,b146418b266bce98daea96c80d24b0c8,delivered,2018-06-23 15:39:57,2018-06-23 15:56:00,2018-06-25 15:08:00,2018-06-28 19:47:25,2018-07-16 00:00:00
a7b52792324a5d54d8eb0277ab1f671c,9f90ffeadb14dced29a638b80900d38b,delivered,2017-06-29 08:13:00,2017-06-30 02:45:14,2017-06-30 14:10:15,2017-07-04 17:29:39,2017-07-12 00:00:00
0dadc99af57f4654592d80bd83ee5a9b,bfdb623676eb85c34ce82801a89588f9,delivered,2017-08-04 17:07:09,2017-08-08 03:55:20,2017-08-09 18:47:47,2017-08-22 21:14:37,2017-09-05 00:00:00
e3cae08b363cf005d0fb962883122e57,52913324bd0938affefbc9298f9557e1,delivered,2017-08-30 09:48:54,2017-08-30 10:04:51,2017-09-04 21:21:51,2017-09-14 18:17:04,2017-09-27 00:00:00
0e6998991870142c2ed25d6173ea587d,ed9da2d95422298564f9b69b0ca6224c,delivered,2017-11-23 20:26:59,2017-11-23 20:37:31,2017-12-01 16:46:55,2017-12-16 17:41:43,2017-12-13 00:00:00
ff3f28f64272f703c58d1f9dc3378c63,a8253a12e2354a5bc2161b404de2efdb,delivered,2018-04-27 08:30:29,2018-04-27 08:53:11,2018-05-09 08:10:00,2018-05-14 18:51:36,2018-05-23 00:00:00
ca057e5d6b72a0fc19eb40cd99c188c8,dcf8829d7b09493cbfb502af2340be09,delivered,2017-10-01 15:45:38,2017-10-03 04:14:21,2017-10-04 18:57:49,2017-10-11 01:25:54,2017-10-24 00:00:00
ef9d9d877db739de05e8c8f91938da1f,4a92594621c96afaaef47c1c3b9a3f4a,delivered,2018-04-22 18:56:04,2018-04-24 17:16:59,2018-05-02 15:32:00,2018-05-07 20:18:53,2018-06-04 00:00:00
ccab611a69c000eba169258977bd3d84,6b5f0c5649681bd400a97b1f8872f21f,delivered,2017-04-22 14:55:22,2017-04-25 08:23:36,2017-04-25 10:17:16,2017-05-03 15:51:45,2017-05-15 00:00:00
eaaf4c10be63cb2ea3e02a7512d4d397,98d99ef13469b99a5d50d0cde8b031eb,delivered,2018-01-17 18:34:55,2018-01-17 18:51:09,2018-01-19 18:18:56,2018-02-01 02:55:50,2018-02-08 00:00:00
ed062e6ea6c0af6dd097266ccca93953,49ae37787fb5e603fd3af3495a1b71e1,delivered,2018-02-01 19:40:03,2018-02-03 02:53:46,2018-02-06 19:08:25,2018-02-09 22:37:58,2018-02-19 00:00:00
beabca800e15404a84eddcf4f176eddb,367f2e6d6ef32a3e05635dcefdd6bde7,delivered,2018-08-05 15:20:44,2018-08-05 15:35:15,2018-08-10 15:07:00,2018-08-13 18:56:23,2018-08-16 00:00:00
7a11da7177850c642520f68efae51bf1,bf05c96123ac83f4511b372d5be1de25,delivered,2017-04-04 17:37:53,2017-04-05 02:45:16,2017-04-11 11:17:47,2017-04-19 09:53:10,2017-05-05 00:00:00
c6cecb91360d31c56e74c79f09539746,24318dd4b5ca7e9cc21eb9d20496c4ef,delivered,2018-04-26 17:55:38,2018-04-26 18:10:20,2018-04-27 13:47:00,2018-05-07 22:08:23,2018-05-28 00:00:00
1ee34237b5f6da17a68b98f9f27e4a4c,6f96ce3e9b2e07af1f4130650d3e2c2f,delivered,2018-07-27 11:16:44,2018-07-27 11:30:18,2018-07-27 14:01:00,2018-08-01 20:10:50,2018-08-23 00:00:00
11778e1b85f6b679bcaf60a9d114a005,f75c03a969e3b33da25ec3b89a4b057e,delivered,2017-10-26 12:25:47,2017-10-28 02:50:19,2017-10-30 20:22:35,2017-11-06 23:05:16,2017-11-22 00:00:00
95fbd229320a05e8835ea19d93ba9f1e,94785befb91102be9d1f15a5592bbae6,delivered,2018-01-16 10:17:13,2018-01-16 10:29:56,2018-01-16 21:10:12,2018-03-06 19:39:24,2018-02-19 00:00:00
7dd829472da0fa5d56b7eb94ec5be1b1,b957feecdea8ed0a8b0f981eba316f50,delivered,2018-08-18 22:54:55,2018-08-20 10:50:35,2018-08-21 12:51:00,2018-08-27 20:17:03,2018-09-05 00:00:00
88898f25ecf940d6929b37dc7ccd3578,bbe6a4187c39cb782f1889e12e3045f2,delivered,2018-02-22 09:11:16,2018-02-22 09:29:29,2018-02-22 21:25:16,2018-03-14 18:58:46,2018-03-15 00:00:00
2bfb7f8b84037952c9081f80964396b5,d553acbd75a8ad3bb2e66d8b8fab221e,delivered,2017-11-24 17:04:02,2017-11-24 20:52:22,2017-11-30 16:50:02,2018-01-04 13:27:33,2017-12-22 00:00:00
071b93a866ff2f7302f456e6bba8c9c7,4ceeb37a91f8756cf608d4ac6cc557a3,delivered,2018-04-24 22:53:20,2018-04-26 04:10:40,2018-04-26 15:26:00,2018-05-02 22:22:01,2018-05-24 00:00:00
e170172588e00bedc8daf9183629644e,b268519093dfee306454fc430c872568,delivered,2017-12-07 10:54:44,2017-12-07 11:10:19,2017-12-07 19:51:26,2018-01-04 22:04:21,2018-01-02 00:00:00
92f6e6b43cb7eda2495d9395d2fcf848,11ba86af0ea78e6db913284c2e9902a8,delivered,2017-11-26 23:20:57,2017-11-26 23:33:16,2017-11-28 17:20:08,2017-12-16 01:03:54,2017-12-20 00:00:00
d1f61db27cb2ec79064854fc336bfbe3,3d7e3e34047444953829402fcc1e68ba,delivered,2018-02-17 14:17:35,2018-02-17 14:30:30,2018-02-19 22:27:14,2018-02-20 13:39:01,2018-03-06 00:00:00
9f2d05c96527e5387958a97d0ffe6fff,0773e8341099048ea78ef0a38035e4e9,delivered,2018-05-02 16:08:17,2018-05-02 17:31:53,2018-05-04 16:14:00,2018-05-11 00:55:48,2018-05-23 00:00:00
b4f1974b44fb68fa2e99d51756750d78,470335e39578ea51733e254558a26e62,delivered,2018-03-31 09:33:13,2018-03-31 11:15:16,2018-04-03 01:56:36,2018-04-05 13:16:44,2018-04-24 00:00:00
f4cfe242b2a63f75c59446a0f5a8ee94,8e9bba8e9800a9bdf85291c468b3607f,delivered,2018-03-06 11:18:32,2018-03-07 11:15:55,2018-03-08 17:27:19,2018-03-17 19:22:08,2018-04-02 00:00:00
feb3bdbaf1981d66fc08d70fca979fd8,9cd198046b343d7e99c505ee8c9addaf,delivered,2018-03-30 10:54:27,2018-03-30 11:47:11,2018-04-02 20:58:27,2018-05-11 00:28:29,2018-04-27 00:00:00
5cd1638878e3bdec096de84a8d51fd2d,cb3ee258016b1e793c1d6d1de6b9aef7,delivered,2017-09-18 20:31:56,2017-09-18 20:44:11,2017-09-19 17:42:43,2017-09-26 19:04:55,2017-10-06 00:00:00
7b5dc68850daf14f7b74396f30647f6e,337d71dec9e598ff68b2266eeb180802,delivered,2018-07-26 12:41:14,2018-07-26 14:25:14,2018-07-27 13:55:00,2018-07-31 17:52:45,2018-08-13 00:00:00
57990cc544625b86e3401474cdc330c4,a0f111cd11fbb15a83cf5221eda97cee,delivered,2017-07-07 16:59:21,2017-07-07 17:10:11,2017-07-19 18:22:13,2017-07-26 22:47:37,2017-08-04 00:00:00
c69b33391f7f4c19f7aea12048bcd5d2,49a2c85ef281610552a32b2f8c7cfd11,delivered,2017-09-03 23:13:21,2017-09-05 04:44:33,2017-09-05 18:13:54,2017-09-15 19:17:28,2017-10-02 00:00:00
8d7e1e66103b85e9ab12cb65dafdf0e3,0a317dd750be47fc13457956d0a4d0b1,unavailable,2017-03-25 20:36:01,2017-03-25 20:45:14,,,2017-05-04 00:00:00
e6e30d7211cecd2e259b66fb4b6b4d82,45ad25b122c6e29aace2706a9fec2d1d,delivered,2017-12-04 12:21:45,2017-12-04 16:31:14,2017-12-05 17:39:16,2017-12-11 20:22:32,2017-12-28 00:00:00
28c04306e978f12f75bf6d7a989a4ccf,4f861bc4afec13eba9ce1304a269e231,delivered,2017-08-10 16:14:21,2017-08-10 16:30:19,2017-08-11 21:22:05,2017-08-17 09:27:51,2017-09-05 00:00:00
7eeab59050f13c229ebf63251ac10d3e,13f489935396f6b5311f29f6f5556d6e,delivered,2018-08-21 13:16:24,2018-08-21 13:31:04,2018-08-22 11:16:00,2018-08-27 20:54:41,2018-09-28 00:00:00
b3f01e1f2cf62aeb8f5b66e1c0f4c1e5,1f59fc8cc5c442ed60b7faea9cc44a68,delivered,2018-04-09 20:31:35,2018-04-10 04:15:45,2018-04-11 22:05:08,2018-05-02 19:54:28,2018-05-11 00:00:00
f30d36b6eb144a416117bc67041fb160,b8f49557ca89e75525b81b8973f1d595,delivered,2018-02-18 12:27:58,2018-02-18 13:30:27,2018-02-27 22:05:21,2018-03-06 18:34:10,2018-03-21 00:00:00
7171245263ae4ceed011a77aed7d612d,2fd5d11b117d681d077eee00b1830be1,delivered,2018-05-16 18:09:44,2018-05-16 18:41:31,2018-05-17 09:06:00,2018-05-25 15:48:21,2018-06-14 00:00:00
2f4e3e731a6a92ce3bc2be821babd2f1,16c7728a9584959d2ff2bb9e6709c56a,delivered,2017-08-17 13:34:35,2017-08-18 13:44:52,2017-08-21 14:26:59,2017-08-23 04:04:36,2017-08-30 00:00:00
a28eed39ae05f21eb40e88b4cfa90b7d,3dd972e6e681a4267a0540e552b77d1b,delivered,2017-11-30 22:43:45,2017-12-01 10:30:59,2017-12-01 22:04:41,2017-12-13 19:43:40,2018-01-15 00:00:00
c52213ed0e3f741940fcd6e40b5817c9,a9e6f1ca2500b0967776bd62402d8af5,delivered,2018-01-03 00:38:36,2018-01-03 00:50:20,2018-01-03 17:38:54,2018-01-11 18:32:35,2018-02-01 00:00:00
a95eb29a471af01de73051c0c2be6424,ba1068c84437bac080cf8b26ffa6cf62,delivered,2018-01-27 12:45:32,2018-01-27 12:55:42,2018-01-29 21:29:00,2018-02-07 00:19:41,2018-03-01 00:00:00
6423db30ee1e8cbd5d066f414bde1a0e,fd50af22f5637b7daafbab8605f402ef,delivered,2018-04-21 22:47:17,2018-04-24 18:06:56,2018-04-24 01:17:48,2018-04-26 09:08:40,2018-05-17 00:00:00
730308f506bdb6d00878bc7cce6109f9,1ba85623b286d71c8101ddb6849a15e5,delivered,2017-05-13 17:13:16,2017-05-13 17:25:11,2017-05-15 11:36:12,2017-05-18 09:16:40,2017-05-24 00:00:00
9974509c32cb0fbfa567244ba1c29a64,00104a47c29da701ce41ee52077587d9,delivered,2018-01-14 20:28:56,2018-01-14 20:38:23,2018-01-16 16:13:29,2018-01-19 13:34:43,2018-02-09 00:00:00
aafaeffc1b29306122a30a238e6446d8,05eed8fdd7dd068fc2b7c073fe3762c7,delivered,2018-03-17 13:04:43,2018-03-17 13:28:47,2018-03-21 22:03:57,2018-04-02 16:08:37,2018-04-12 00:00:00
e14f6f76cb42187a0831a2baf117f608,4b69f3639cc30d3f7def640b4a4ad87a,delivered,2018-08-07 15:23:50,2018-08-07 15:35:21,2018-08-09 11:52:00,2018-08-15 17:41:58,2018-08-30 00:00:00
e7d112a19f81eb693360bd433f03625f,5e2cf044ad5eaafa0fc1ea6e1e06495e,delivered,2018-05-17 16:35:19,2018-05-18 00:14:59,2018-05-22 16:06:00,2018-05-23 17:18:38,2018-05-28 00:00:00
15c820a6083da915f1212f0945b3d90b,93f3f392caa4b8909f602c29b76b76e7,delivered,2017-11-05 17:27:31,2017-11-05 17:35:34,2017-11-07 15:55:03,2017-11-14 17:38:00,2017-11-28 00:00:00
878b914d30233eb8a3e4ff4465a4ef49,fad4a49dfa0544a0b77c6e95431950b5,delivered,2018-07-20 17:57:36,2018-07-20 18:10:23,2018-07-25 07:40:00,2018-07-30 19:37:46,2018-08-07 00:00:00
a41f5b62cf8316e5a500ef6a6f3fe2b8,509da0595e852e4cbdabb9ba9997b5b9,delivered,2018-08-22 20:05:47,2018-08-23 02:55:19,2018-08-23 12:25:00,2018-08-28 15:09:37,2018-09-06 00:00:00
faf6aa5bf56ed187250988325e866dd6,b07e3f3bae8fefea60b62ba1f9bd7731,delivered,2018-04-29 19:14:52,2018-04-29 19:35:24,2018-05-02 15:15:00,2018-06-05 00:03:46,2018-05-30 00:00:00
8915f28a46b2efbff3bea6e8b1981fa9,4ba190fa5fd7b293e08b5caa67365a40,delivered,2018-07-07 22:14:59,2018-07-07 22:25:42,2018-07-11 11:41:00,2018-07-14 16:31:46,2018-07-27 00:00:00
c81ebb9c117524de909fb9c7d1c05b7e,50599cd17dabf229e699f25d0d592551,delivered,2017-04-27 17:30:39,2017-04-27 17:43:02,2017-05-04 13:17:45,2017-05-16 14:09:20,2017-06-05 00:00:00
cad74364289ac320e036ecf2a457c562,5a99722735c9376b779993651a14101b,delivered,2017-11-07 21:57:26,2017-11-07 22:11:05,2017-11-08 20:19:46,2017-11-13 22:13:01,2017-11-27 00:00:00
6bdf9b89e5c81ead45dbc0a260dfbf13,2c4bf1b6bbd370f8ce5380fd47458fd6,delivered,2017-09-20 13:05:16,2017-09-20 13:25:47,2017-09-20 19:32:55,2017-09-29 19:53:03,2017-10-05 00:00:00
1a1ee1d6d418b44f10671d87bd127b80,63e8467a28522521ec927000de724c82,delivered,2017-04-15 16:23:24,2017-04-15 16:35:09,2017-04-17 12:42:47,2017-05-05 12:30:05,2017-05-22 00:00:00
b7e65c7d814aa068f3b16bf2a1299490,2896fdb188d66ea9a9118e5c7cb62ec3,delivered,2018-07-25 23:36:12,2018-07-26 23:30:08,2018-07-27 14:53:00,2018-08-01 18:48:54,2018-08-13 00:00:00
74d59459f88ddcdcda3e557af55ec4bc,c3269ddbb1efef095a48eca1842e4532,delivered,2017-06-14 22:58:31,2017-06-14 23:22:32,2017-06-16 06:42:31,2017-06-29 09:42:52,2017-07-07 00:00:00
e62c3201015050463bc2e3b6599a6bc5,1d811f8b00a528ee91e12ddcd26e958a,delivered,2018-02-27 14:44:44,2018-02-27 14:55:38,2018-02-28 17:52:06,2018-04-24 23:04:15,2018-03-20 00:00:00
679b2d97d9e7a6d014bb71bc4d7beeae,0a597a4cf23ce9647ccd5d0dd07a11e4,delivered,2018-03-20 17:02:29,2018-03-21 02:56:13,2018-03-21 19:18:16,2018-03-24 15:06:36,2018-04-02 00:00:00
847d8edecff82bfad703e42e7a849201,4195468e58442a5c7303990a744078b4,delivered,2017-12-05 20:29:14,2017-12-05 20:50:04,2017-12-07 21:32:27,2017-12-11 20:51:43,2017-12-29 00:00:00
32386e3cef2cb1882324612240a96cad,20ee45e58e3b3e73a33674d983b710ce,delivered,2017-05-27 21:48:49,2017-05-27 22:02:13,2017-05-29 09:04:03,2017-06-07 14:50:26,2017-07-03 00:00:00
d20ba57abdbb252ebfe1fad543a12751,f54423037cd5280b673ee717c6b608fa,delivered,2018-06-15 21:47:01,2018-06-15 22:20:32,2018-06-18 12:25:00,2018-06-21 21:38:37,2018-07-11 00:00:00
fe157fed1771944584f95dce138eefad,56a4d10644e5aa0b23861f9e90f37a8d,delivered,2018-06-05 18:54:48,2018-06-07 03:12:31,2018-06-11 10:40:00,2018-06-26 19:28:24,2018-08-06 00:00:00
c11717d999ffc510a6441df946f0a94d,f04581c79df64e4152c87007e29da2f4,delivered,2017-05-19 09:43:31,2017-05-19 09:55:15,2017-05-22 13:20:33,2017-06-06 11:43:47,2017-06-14 00:00:00
035ab6fc3b7f9d16f714a337ee63b7be,dd340f55b79392c58be2ee54c2004c26,delivered,2017-01-23 23:36:55,2017-01-24 10:25:17,2017-01-24 13:19:05,2017-02-07 12:15:45,2017-03-14 00:00:00
dbf4e3f97023c5490b058fba8b675191,4e5e35f6ae5b828fc3260a22d5f61e0d,delivered,2018-04-20 10:02:43,2018-04-20 10:15:19,2018-04-20 19:47:35,2018-05-02 20:22:04,2018-05-16 00:00:00
0997090fe6882d45c6a71660aaffaba2,c0ee2597fcfedfe7a39872e74ca75f73,delivered,2018-02-25 22:56:11,2018-02-25 23:08:02,2018-02-27 16:17:09,2018-03-12 22:34:28,2018-03-20 00:00:00
9ddadedc86122b4be334ddb751017997,9cbb5f5a02653649ba5de6d38e642c9e,delivered,2018-07-05 16:06:25,2018-07-05 16:35:55,2018-07-05 15:29:00,2018-07-09 15:52:25,2018-07-30 00:00:00
0721528eb05d8e5bd84d8220c5d4de19,f5671cafe4e66b4b6473a75f8f26bc3c,delivered,2018-04-05 22:48:51,2018-04-05 23:08:53,2018-04-07 16:48:45,2018-04-18 17:43:40,2018-04-30 00:00:00
ded094084602b9a58f2615372fd3a99b,374c2cd14b14f5f05c0f2cd304c12e75,delivered,2017-07-27 08:49:49,2017-07-27 10:35:12,2017-07-28 17:05:52,2017-08-08 19:42:34,2017-08-24 00:00:00
9cc4dad72e909de2e179cbdf7a08d072,b67dc240717909e367203798be60d015,delivered,2017-06-06 09:28:07,2017-06-06 09:35:14,2017-06-07 12:47:35,2017-06-16 13:17:49,2017-07-03 00:00:00
87811b58ba953094fd108cf9bbe44493,f7be76b803e9e30d3432bcc0ace89803,delivered,2018-01-14 17:00:58,2018-01-15 09:35:20,2018-01-17 17:30:41,2018-02-14 19:46:57,2018-02-14 00:00:00
2f301c7225bd5f584b038ac7b60ce5db,b2ba3d2c215cb01278bbc2994e546497,delivered,2018-01-31 18:59:13,2018-01-31 19:11:17,2018-02-01 20:44:51,2018-02-15 20:18:43,2018-02-23 00:00:00
84ce5af195e57deb9b5c4aabb5d0dc29,f7870fc91dd0683f8cabdd751cffe1fb,delivered,2017-11-28 11:29:14,2017-11-28 12:27:13,2017-11-29 17:15:05,2017-12-06 01:04:10,2017-12-21 00:00:00
1d58535a7efa4ccc8eab9bf3b16111c7,327da4c5a95a199cc74495dc6babf02c,delivered,2018-01-06 18:14:56,2018-01-06 18:26:46,2018-01-08 17:54:55,2018-01-11 18:25:55,2018-01-29 00:00:00
57bc74eb1e10edbb55d22d71b35d9b72,371a0b0c0241c4bc3e82a5e96bae20a2,delivered,2018-08-08 21:49:24,2018-08-08 22:05:15,2018-08-09 11:30:00,2018-08-13 16:52:21,2018-08-24 00:00:00
b2831c53b9a182b11c1f4c1ffd6aa8e6,82223ce649c99d806610124e8793108a,delivered,2017-09-03 18:34:34,2017-09-03 18:50:20,2017-09-05 17:43:13,2017-09-11 18:28:10,2017-09-21 00:00:00
318abae1b1ee9847e237ac1501e1d0e1,da311a8b4301e6651bd35fddcf9ca6a4,delivered,2017-08-25 15:53:52,2017-08-25 16:10:22,2017-08-30 17:38:10,2017-09-01 20:56:04,2017-09-19 00:00:00
c0a8ef94e050fd7fb74a3757be5b3da0,9fa4a615d91df368929057d66d942e72,delivered,2018-07-03 19:00:14,2018-07-05 16:27:53,2018-07-04 15:16:00,2018-07-06 15:27:43,2018-07-25 00:00:00
3f2dd0e27853384475d6ead696ff3fbb,e23b657df455a7833ebe73d997216d93,delivered,2017-04-27 21:21:51,2017-04-28 12:53:52,2017-04-28 10:56:52,2017-05-08 09:37:53,2017-05-29 00:00:00
3237462ff9a798ff748565335fd86d85,58c543fbae6cadb9167d1f62e0020908,delivered,2018-03-17 21:26:20,2018-03-17 21:48:41,2018-03-19 20:32:02,2018-04-16 19:42:47,2018-04-13 00:00:00
21b1633fe86b264bfedf62b262d950e2,c281fc914f6d4964ab7a633c1027d67d,delivered,2017-04-13 14:25:56,2017-04-13 14:42:19,2017-04-20 08:16:42,2017-05-02 14:07:23,2017-05-29 00:00:00
970310b46556ed34638f035a75ccfcf1,5cb1ab80b0048fd8243860f80c094980,delivered,2017-12-18 14:44:23,2017-12-18 15:54:23,2017-12-19 15:47:36,2018-01-10 18:32:49,2018-01-15 00:00:00
0e6f08a9522bf9b1287fb24ab250dd81,eda9e4af546874235df9495fd7d9485c,delivered,2018-08-13 22:30:15,2018-08-13 22:45:20,2018-08-15 13:18:00,2018-08-16 16:36:26,2018-08-21 00:00:00
334b7054aa71f4d5c7418ba88ea632ac,de7d8ea6e5d44f6cf363c95aba118de9,delivered,2017-08-12 10:00:18,2017-08-12 10:10:13,2017-08-15 17:27:42,2017-08-16 20:04:06,2017-08-25 00:00:00
38f0291ed11ee2f2f0cf35ef8931e374,40300675258d243c158040624a2af978,delivered,2018-06-04 18:59:33,2018-06-06 02:54:01,2018-06-06 14:07:00,2018-06-12 22:56:28,2018-07-19 00:00:00
649bb84817768858f695a41b42207285,f284fec60c47ff9d7995c26517865ed1,delivered,2018-08-07 20:40:26,2018-08-07 20:50:53,2018-08-08 14:54:00,2018-08-15 11:54:52,2018-09-11 00:00:00
28acba5aee809821856801c1a77257da,c877254bc5ca542a2098663f3844ffa6,delivered,2017-11-27 09:37:22,2017-11-27 09:55:45,2017-11-29 12:13:11,2017-12-14 17:15:01,2017-12-27 00:00:00
dc2f00579e6ddf8d0b112e29635b0d1a,8af9ffddbad0cbb359c2c71f48994371,delivered,2018-03-12 12:07:20,2018-03-12 12:48:24,2018-03-13 23:02:58,2018-03-15 00:18:26,2018-03-22 00:00:00
9c808eeed3e79336f8e007a7922cf8bc,e75502fb2f50fa47f9143c0846fa83a2,delivered,2018-04-21 15:08:29,2018-04-24 19:00:46,2018-04-24 00:38:37,2018-04-27 18:13:44,2018-05-16 00:00:00
e6b58e9e71a0a471d128bd8325857f0f,d43339b0207928cda91b481b2afdb160,delivered,2018-02-14 16:30:55,2018-02-14 16:45:31,2018-02-17 00:46:56,2018-02-23 15:19:26,2018-03-06 00:00:00
56195352a8e1bcd779da1b92fb9bdeef,bf1467eac502b1bff6e73858d11b8302,delivered,2017-11-28 00:58:45,2017-11-30 02:20:05,2017-11-30 20:04:54,2017-12-13 15:57:43,2017-12-20 00:00:00
1cf7cea9bec060a9fd57a36b4c032c82,1deba485fcad64cbefddbe4e64b55bc2,delivered,2018-01-08 18:56:23,2018-01-08 19:08:29,2018-01-09 15:52:03,2018-01-24 17:43:07,2018-02-08 00:00:00
b038348f0efe343b8b4d649f0e66885e,62f5429e292bca23d4a850a84e41ca4b,delivered,2017-10-20 11:16:41,2017-10-21 03:06:18,2017-10-23 22:27:01,2017-10-26 12:59:59,2017-11-08 00:00:00
a0e10efd1951db4d6347c04f4c79a3f5,598fec59f2830ff2f0e1d2da6dc7aa99,delivered,2018-06-03 19:58:19,2018-06-03 20:10:14,2018-06-04 09:12:00,2018-06-11 16:38:49,2018-07-13 00:00:00
d1f065890107e588fc08c57d20610f6b,773f482ab9464f99e7f8b5b93f92416e,delivered,2018-03-16 08:34:11,2018-03-20 03:30:36,2018-03-20 17:24:37,2018-03-27 18:48:44,2018-04-06 00:00:00
7344a05173d4e1ad58c9a7501132c3d4,3923d75ad6b037d2ffa205f54a1fa392,delivered,2017-06-01 08:19:19,2017-06-01 08:30:16,2017-06-02 09:19:31,2017-06-05 15:36:06,2017-06-14 00:00:00
9c6f6c76170c49670bb21ee1eb1a87e5,318e722d21f085a9d5cf18daac489836,delivered,2017-11-02 00:31:05,2017-11-02 00:45:40,2017-11-03 17:22:36,2017-11-11 16:24:38,2017-11-29 00:00:00
7ea90189a26e230e809891078dcb8f45,41072e519474c7839dcbd5fa7cdbbb9b,delivered,2017-12-06 21:56:17,2017-12-06 22:09:53,2017-12-07 15:28:39,2017-12-18 18:10:36,2018-01-08 00:00:00
56f3eb3f797bf95b964817291410d0a2,d040fd53fa434d71f061751174e52bb0,delivered,2018-05-24 19:20:26,2018-05-25 08:36:51,2018-05-25 14:27:00,2018-05-29 20:41:41,2018-06-11 00:00:00
7f2c22c54cbae55091a09a9653fd2b8a,f4c13379ddd0ed4f4fc1c0b49c2c5e51,delivered,2018-03-10 10:53:51,2018-03-11 10:55:56,2018-03-14 17:55:24,2018-03-21 17:46:34,2018-04-04 00:00:00
8e7d4bae45bbc64cdde3523afff196d6,9d6ba2d2e1c8a66608088229aaa91deb,delivered,2018-02-09 16:37:12,2018-02-10 02:49:32,2018-02-15 17:16:23,2018-02-22 13:59:18,2018-03-12 00:00:00
ae18621f85e75782d4a05232abe00cba,3487229049485241bb1a0d20ab8ab449,delivered,2018-02-13 22:39:27,2018-02-13 22:50:47,2018-02-14 22:43:06,2018-03-16 19:32:31,2018-03-13 00:00:00
e66e161be234086b4101ba4e88c47db6,91d841ea125f1269b749841f34350972,delivered,2018-02-19 10:28:28,2018-02-20 09:47:53,2018-02-23 19:39:07,2018-03-02 02:22:45,2018-03-12 00:00:00
83e32d204b3e92d83909d99925731162,59e1cee5d1efd103459268e1855ee787,delivered,2017-11-27 17:14:09,2017-11-27 17:30:11,2017-12-01 16:03:36,2017-12-05 22:53:15,2017-12-21 00:00:00
ef7e4d318e5714c1e8e07e97c981ce36,6ca60d60ec59979714b2b913aa387c60,delivered,2017-02-03 00:55:38,2017-02-03 01:05:41,2017-02-06 15:35:54,2017-02-14 14:15:34,2017-03-14 00:00:00
1f3b35f0094be1430b5d520be3436ea0,774b2e471cb8f44cdfe6d209db8401a2,delivered,2018-04-08 23:24:30,2018-04-10 04:11:13,2018-04-11 19:56:32,2018-04-13 20:07:41,2018-04-24 00:00:00
285b9fa3d538bc3e3391de43dd51e3c9,73cc73b9f0e5aeaa6cb029d0ca83bcba,delivered,2017-07-11 21:54:29,2017-07-11 22:25:14,2017-07-12 17:49:35,2017-07-21 15:33:53,2017-08-09 00:00:00
387434cf05d72ade8396f5d198ecf697,2163644f99fa981932735bb11601b9dc,delivered,2018-07-20 15:01:06,2018-07-20 15:15:16,2018-07-23 13:09:00,2018-07-28 01:21:09,2018-08-03 00:00:00
9c05cf9f770e4c24707995b849ee5212,e2b1659804e5718b7c5243e68f5b4df9,delivered,2018-08-03 12:17:05,2018-08-03 12:30:11,2018-08-07 14:52:00,2018-08-13 16:27:25,2018-08-17 00:00:00
ce92e21e5a1332b68afdf06370bc6657,249d7c303dd2a642c8b0f59ca7d72c11,delivered,2018-05-02 11:34:39,2018-05-02 11:54:06,2018-05-09 15:57:00,2018-05-16 21:22:01,2018-05-23 00:00:00
e74d46b7bf8761d0fabbb6bb8b94ea82,9876f334f1965ef939a3b7a5ba355c54,delivered,2017-11-20 23:45:24,2017-11-22 02:47:01,2017-11-28 19:49:52,2017-12-19 23:24:48,2017-12-07 00:00:00
24ca08f72cfb6368d09379321b78d6a6,a2ab46368968ea1b569d452b2e169a47,delivered,2017-09-01 14:29:05,2017-09-01 14:44:58,2017-09-04 21:08:00,2017-09-05 19:04:24,2017-09-14 00:00:00
6a26bd1a037993f1205073dbeda67db4,2a44b3dbad360783fd663c15c3e6367c,delivered,2018-02-15 13:53:42,2018-02-15 14:10:28,2018-02-16 22:38:59,2018-03-02 22:29:04,2018-03-08 00:00:00
d959ee7331f023b51bfaa71be6f7342d,80f27570cea5cda9ad0477ce727c9e72,delivered,2018-07-06 12:28:18,2018-07-06 12:35:14,2018-07-10 07:00:00,2018-07-13 18:48:23,2018-07-25 00:00:00
e45620eb46de3b95c078fb17e75db83e,a539b9d6f9045415d847df7fd525d2bd,delivered,2018-06-11 12:41:01,2018-06-11 12:59:44,2018-06-15 16:32:00,2018-07-11 19:27:47,2018-07-24 00:00:00
b47199dcd5708031fdb48f2e28c4c28e,0df4d0f2511dcb498b5042e9c9734d78,delivered,2017-10-13 14:29:05,2017-10-13 15:20:57,2017-10-13 20:33:29,2017-10-19 12:18:47,2017-11-01 00:00:00
6308c76f73aa96e67cfa22c69f99a067,91a74c6db81fb10a2615dd22619923cd,delivered,2017-11-24 14:50:14,2017-11-24 16:55:50,2017-11-27 16:57:46,2017-11-28 20:14:40,2017-12-08 00:00:00
e259b06c4b796ae03f30c37990b5e126,adad10f09b5e2a812583654c1b3d6ab4,delivered,2017-11-24 17:31:42,2017-11-24 20:56:36,2017-11-27 16:44:44,2017-12-18 19:14:49,2017-12-18 00:00:00
49a8f1096861d00a65b9c80b8b963a22,9290a8230f6f8ccea5fb2f6116facae6,delivered,2017-11-18 23:53:47,2017-11-19 00:10:41,2017-11-21 22:00:01,2017-12-05 20:10:00,2017-12-07 00:00:00
0ae08ad3fa90d3854fb8e22472d9b1a0,eb71557f1184513989581773d1afc0d5,delivered,2017-08-07 20:01:47,2017-08-07 20:45:19,2017-08-11 20:47:41,2017-08-16 19:52:15,2017-08-25 00:00:00
d5d777fdf41da773664443c2fd9acc23,3c8735c5a045fb31f956e4ab8f23c566,delivered,2017-01-25 22:04:39,2017-01-25 22:22:03,2017-01-26 09:14:06,2017-02-06 14:14:50,2017-03-02 00:00:00
6cc170c0199d6d09ed3ae398bbfe01af,0050ee32fbb93383fb0d9e3d8ee89a07,delivered,2018-07-23 14:33:11,2018-07-23 15:59:52,2018-07-25 14:11:00,2018-08-02 21:44:47,2018-08-20 00:00:00
86c0740485510bc8dd381cc668a616e7,e2a70beea658f77036cacb984ac0ad12,shipped,2017-09-18 15:59:21,2017-09-19 12:55:12,2017-09-19 22:37:32,,2017-10-10 00:00:00
3c7ad0e853a5d0f0b08290127e7325a9,a236d513e2cb6dc970712b0f22543041,delivered,2018-02-01 14:11:52,2018-02-02 14:51:56,2018-02-05 15:42:12,2018-02-15 22:09:37,2018-03-06 00:00:00
bf04b0c11f0a840b83b25819a1a8d98d,1e4469639d0585ca1550aeaf35d28c18,delivered,2017-08-23 14:28:58,2017-08-25 03:05:17,2017-08-25 20:07:57,2017-08-30 16:12:30,2017-09-13 00:00:00
4225edaa7ed111e8f866bb6e60e2152b,8250dfe1c841af9f5e6b0323ac3de100,delivered,2018-04-14 10:14:07,2018-04-17 05:55:46,2018-04-17 22:02:54,2018-04-20 22:37:25,2018-05-09 00:00:00
cc0efa9953cfcabde1888ffca500b253,c0244f9f43928cd292fdaabf59c49ae7,delivered,2018-06-08 14:39:07,2018-06-08 16:30:39,2018-06-12 15:13:00,2018-06-19 19:10:43,2018-06-29 00:00:00
22ff296bec6517df99f56d2098171b8e,b1609cebd978d6787d11dbc1ef31f8ec,delivered,2018-02-13 23:36:02,2018-02-13 23:45:32,2018-02-19 18:21:57,2018-02-20 19:11:55,2018-03-02 00:00:00
8b33b4ee1bfb837983cd2ce257bc3801,527ac00a467cf5da034c60d6023bf158,delivered,2018-05-18 10:09:26,2018-05-19 02:58:59,2018-05-21 14:16:00,2018-06-06 22:47:43,2018-06-14 00:00:00
575c6dd8fb78db647ce9a4018b8e9235,6fe397cd9919959235edbcc5622cb369,delivered,2018-06-02 18:08:24,2018-06-02 18:29:53,2018-06-04 09:03:00,2018-06-08 15:52:45,2018-07-12 00:00:00
ebd89760480302a8f05581858df06406,83268cdfd4f2c34b68875bafe0b36787,delivered,2017-12-12 22:42:51,2017-12-12 22:55:27,2017-12-18 16:19:22,2017-12-21 16:48:46,2018-01-05 00:00:00
bf016dc3001d212ba8bd4870b721dcca,0d007bf3edacf8f9b4cf26e3065cb95c,delivered,2018-03-30 23:13:32,2018-03-30 23:26:58,2018-04-03 16:48:50,2018-04-11 21:28:32,2018-04-20 00:00:00
409d692c7314744b643ae98e8a11e1b5,15f254150d0e0f1fc6358514691f65bc,delivered,2018-08-14 09:27:24,2018-08-15 03:05:23,2018-08-15 16:16:00,2018-08-20 23:11:50,2018-08-31 00:00:00
b643582fcd5b151f498b5383a0195f33,84e743e64c00de51fbca1961b407c3e1,delivered,2017-03-19 18:17:53,2017-03-19 18:17:53,2017-03-21 15:31:40,2017-03-27 08:42:28,2017-04-13 00:00:00
147e67a3ee8e25ce51c43e92fa2efca7,8cef967d36f3b60c0e6571f382cb25db,delivered,2017-12-15 13:19:51,2017-12-15 13:32:16,2017-12-19 09:43:39,2018-01-09 19:34:00,2018-01-24 00:00:00
8ea4a5894120c659405242f39659da6c,817692febe7ce519bfcf6b70629b6601,delivered,2017-07-10 21:03:17,2017-07-10 21:45:12,2017-07-17 19:27:43,2017-07-20 17:52:00,2017-07-28 00:00:00
28232387d76b1ef18dd621c7702e31f9,bf84db1217d83f8ac1838d375b7784f3,delivered,2018-05-20 12:35:27,2018-05-20 12:58:48,2018-05-29 07:15:00,2018-06-06 02:32:23,2018-06-07 00:00:00
5fbf74426609c2706727d1e358652e36,955770ad791e4fd9f7b797f565055ae8,delivered,2018-06-23 11:11:56,2018-06-23 11:40:40,2018-06-25 14:43:00,2018-07-02 21:05:08,2018-07-20 00:00:00
1c2c2ef84bd5a49273a5db738b6bcc7a,cdea03736ccfde6bc7471b949d660040,delivered,2018-08-15 16:36:22,2018-08-15 16:50:22,2018-08-16 14:42:00,2018-08-18 00:38:25,2018-08-20 00:00:00
0eb7caaf45840732064ba73695231a89,0c90ee6ea682be0cd52f9d9513056ac7,delivered,2017-06-22 10:56:56,2017-06-22 11:05:24,2017-06-23 11:21:54,2017-07-03 12:23:31,2017-07-14 00:00:00
8006a8edd13d1e21d68edb0cf4da3b60,212ac800bc3d917a0efcf8333f58fa1e,delivered,2018-01-25 18:29:38,2018-01-25 18:58:46,2018-01-26 17:19:48,2018-02-01 17:11:21,2018-02-19 00:00:00
305f4f2afe70d838e381fb7a3c973838,755e256c7a05f319e195cde33d095d4f,delivered,2018-06-09 08:44:22,2018-06-09 09:11:32,2018-06-11 15:57:00,2018-07-01 18:34:40,2018-07-05 00:00:00
403965e12316a38230092283b46060d5,260067e704311386301ca2e8a2a67b81,delivered,2018-02-19 16:43:43,2018-02-19 16:50:40,2018-02-21 20:46:57,2018-03-12 20:52:32,2018-03-23 00:00:00
d468753370018732c4766866dfc1878e,484ec6e362ff72b2cd1a1e869e6d10ae,delivered,2018-07-06 13:58:48,2018-07-07 04:48:27,2018-07-17 07:48:00,2018-07-23 16:18:46,2018-07-31 00:00:00
20dbf24263d2b7197c8d23bee91cb263,c8672896d5ca592deab963239abbc74c,delivered,2017-12-06 15:48:19,2017-12-06 16:12:30,2017-12-07 21:58:49,2017-12-26 18:38:58,2017-12-29 00:00:00
d0e9399904d8a9d40da9642d0023383e,5d55cda7f7aa80d5875ee28ea2b52110,delivered,2018-03-11 22:50:36,2018-03-11 23:00:28,2018-03-13 23:34:41,2018-03-17 17:33:13,2018-04-10 00:00:00
f8f47214bc000a1f31116b5bd44f3d98,3f9de91ad36eb55c96ff3806f4d8ecda,delivered,2017-04-26 14:27:49,2017-04-27 14:35:20,2017-04-27 15:42:12,2017-05-08 10:04:11,2017-05-17 00:00:00
69956999b3f715c96f6cc505376e0d3a,8c9b60d30962e0b28780b60500c41dc5,delivered,2017-08-23 11:18:11,2017-08-23 11:30:14,2017-08-23 17:41:19,2017-08-24 16:43:28,2017-09-05 00:00:00
153c105b5a1425ffa8a444fdc98f1436,7c31254de4f70f1e8c1164fd86f0c685,delivered,2018-01-03 22:24:13,2018-01-03 22:34:26,2018-01-08 16:59:06,2018-01-13 17:58:48,2018-02-05 00:00:00
47b1306236d4ab3e15acd0a96e7f341b,1b7df49ea5442a59b332500d68024210,delivered,2018-01-18 08:15:47,2018-01-18 08:30:56,2018-01-19 03:05:29,2018-01-25 21:15:43,2018-02-26 00:00:00
510ba3ddc8da9e29ad84ddf71c7b9ccc,803c7ddde4071c708e13a00ef55cedc0,delivered,2018-04-12 17:14:29,2018-04-12 17:30:34,2018-04-13 17:12:58,2018-04-24 15:05:39,2018-05-09 00:00:00
2f5758117287c5c403d6051eca12b99c,caa242c6b4ad24eb7ff0902b0aa1fd44,delivered,2018-08-21 09:11:06,2018-08-21 09:29:47,2018-08-21 09:34:00,2018-08-22 21:28:50,2018-08-27 00:00:00
1e906c082a3aa57596a2fa25a7e6cf25,1c0e9c6e7bde47b5745198ab7e521c1e,delivered,2018-03-11 07:54:57,2018-03-11 10:01:27,2018-03-12 23:04:36,2018-03-16 01:07:48,2018-03-22 00:00:00
a6266e7ddaed38f2674271c50964d50b,77d3181486540e372c4fd4aedbbbe429,delivered,2017-11-28 09:36:10,2017-11-28 10:54:09,2017-11-29 21:09:11,2017-12-09 00:21:16,2017-12-18 00:00:00
ca2f0670d0d753e332c0ae97f466c9b0,fb78c8dbefdc1d9fec4507fe77045390,delivered,2018-02-22 05:50:50,2018-02-23 02:15:29,2018-02-24 00:09:54,2018-02-27 20:48:53,2018-03-14 00:00:00
707b0eb6ced8aa82b4f0329a0ee3f3a9,19bd8e276e722962a4df7a2acb53ced5,delivered,2017-12-03 10:42:38,2017-12-03 10:53:20,2017-12-04 19:53:52,2017-12-18 19:18:39,2018-01-02 00:00:00
7e53dc06e288a32ea7adf566d1452bc8,5b4c2181dd880f50dd49e8bf14fdb26b,delivered,2018-08-21 13:21:28,2018-08-22 03:45:21,2018-08-22 13:52:00,2018-08-23 21:48:46,2018-08-29 00:00:00
af91d510d187f304483d1081272ad705,f8b520e355ce4e8d4ddff7f6f9ec7830,delivered,2017-09-25 11:25:01,2017-09-26 03:49:15,2017-10-04 12:37:42,2017-10-17 17:03:43,2017-10-23 00:00:00
22d5102a394ed953c1d0de4a702a5f9c,6cde1d78f199f11a10ff3b1673a82cb9,delivered,2018-02-17 14:24:34,2018-02-17 14:35:29,2018-02-20 22:18:57,2018-02-23 19:20:08,2018-03-06 00:00:00
feb1faba52af0ff624c197d3dfdc7019,4b7a5b368802938da5efeb90c5ce3cdc,delivered,2018-03-28 23:37:48,2018-03-30 03:15:16,2018-04-02 18:06:40,2018-04-03 20:16:58,2018-04-10 00:00:00
ff00a56fe9475a175cd651d77c707a09,72aa84f482e9441a8c1599c07d734e45,delivered,2017-11-24 00:08:10,2017-11-24 01:10:14,2017-11-29 17:48:57,2017-12-18 13:14:05,2017-12-26 00:00:00
c5dd2f75157908db9c6c6586ce1a8834,579f39c555a8e00b84e6220a0cc0eb7b,delivered,2017-12-07 20:27:45,2017-12-07 20:36:28,2017-12-11 11:53:15,2017-12-14 21:08:08,2018-01-09 00:00:00
f2da3bee3196b2b183817fed8967a800,8f12282d2ff41fbd1c3c74588d55e24e,delivered,2018-07-27 18:20:52,2018-07-28 18:31:00,2018-07-31 11:52:00,2018-08-04 11:35:39,2018-08-24 00:00:00
0b50495c5cfeda8c9d7abfe80aea74e4,9bedb2b2aabcd702476cdaabaf178ab3,delivered,2018-01-16 18:01:59,2018-01-16 18:11:46,2018-01-23 22:43:16,2018-02-06 22:06:45,2018-02-21 00:00:00
15f29653eecf60489d5e04389f448526,7b3d13b56b33781143602d9eaa6c3a19,delivered,2018-04-20 17:54:03,2018-04-24 18:58:58,2018-04-23 23:56:46,2018-04-27 18:24:42,2018-05-10 00:00:00
87ebcd73de7c03e3ba13f9e9466c15c5,ac0c70558ae1452173d95bc72556d99d,delivered,2018-08-13 16:23:13,2018-08-13 16:35:21,2018-08-14 14:05:00,2018-08-30 22:35:51,2018-09-18 00:00:00
03ea970e60ecfa4b84a69ddc665262a5,7d4bcc989710ee664b406819ce808a90,delivered,2017-09-20 16:14:30,2017-09-20 16:30:23,2017-09-21 17:18:35,2017-09-26 20:02:38,2017-10-20 00:00:00
32521e17a0b60adf739498f61d563ccd,f5b5ccde1fe38a396f760e071900d248,delivered,2017-07-20 21:46:12,2017-07-20 22:03:22,2017-07-24 14:27:56,2017-08-01 19:24:32,2017-08-21 00:00:00
692e004e31546b86abbd93c0661bfb67,9e77a8bef5c8d0d18d57eafa802300c8,delivered,2017-09-06 18:03:12,2017-09-09 08:55:10,2017-09-25 16:47:49,2017-10-21 15:32:19,2017-10-04 00:00:00
715db622428425d51cc31f65a8b82eb0,60e922d8d5872b195f60949cf1ccd836,delivered,2017-12-02 20:28:18,2017-12-02 20:35:31,2017-12-04 19:57:01,2017-12-07 22:51:58,2017-12-20 00:00:00
4696cae9482bc7043c17dad5cd2e50d6,d862638008035d9cad1a74155bcd1b6f,delivered,2017-07-28 13:12:23,2017-07-28 23:45:19,2017-08-02 13:53:22,2017-08-09 19:43:36,2017-08-21 00:00:00
125b6d6d69726457c31530e0fae8ff38,6761270051135aff470ac0fc970e929e,delivered,2017-12-13 13:50:44,2017-12-14 02:12:33,2017-12-22 18:14:19,2018-01-10 14:17:29,2018-01-23 00:00:00
3f70fa55743ebe05b4b94594c082dfc4,f1a1234261d38d95d541baa1d73d3057,delivered,2017-12-13 09:19:40,2017-12-14 02:12:07,2017-12-14 19:58:36,2017-12-26 16:53:37,2018-01-09 00:00:00
8331588bfd765bf151ba1682255903f3,1f2a41153916d3f9a12652de33b60b6e,delivered,2017-09-01 10:20:53,2017-09-01 10:30:24,2017-09-11 19:13:39,2017-09-15 13:57:28,2017-09-21 00:00:00
bc6014a7596f64eb97713e00e2c9f7c9,b08b053b47ee7b62f57a3171ab3b3fe7,delivered,2018-07-13 19:53:48,2018-07-13 20:05:24,2018-07-27 14:09:00,2018-08-02 19:58:45,2018-08-21 00:00:00
a4a7cbfa5424f9c91c94e3483d80f99a,9505f9c901430b604a1cba94f48976f8,delivered,2018-03-04 10:48:52,2018-03-04 11:10:37,2018-03-05 21:56:32,2018-04-23 18:51:40,2018-04-02 00:00:00
10bf9305aa4d5fb3382720adad789a40,1fad3d9bd6b3092c7f7fb5502fcc9b4c,delivered,2017-03-20 19:25:50,2017-03-20 19:25:50,2017-03-22 09:11:55,2017-04-07 14:13:00,2017-04-10 00:00:00
834b943d0967a4138b4d2b3874c6037f,db93d928ffb29410511a0ae79e816298,delivered,2018-03-01 11:36:24,2018-03-01 11:50:37,2018-03-02 23:13:31,2018-03-09 12:01:40,2018-03-19 00:00:00
93813bdf2d611779ff37fadaee0ae4fc,c1cf59e73b753e3b4b30c81472c9ac01,delivered,2017-11-19 13:25:09,2017-11-21 04:12:23,2017-11-21 19:48:42,2017-11-30 20:28:57,2017-12-01 00:00:00
4a49f0eb11c5d69be2aec70f0368cb90,ce2420af7520a564497bd704b62bbed4,delivered,2017-11-01 13:28:30,2017-11-01 13:46:19,2017-11-03 16:20:57,2017-11-09 17:58:58,2017-11-14 00:00:00
7e15d67fd47ef2c79326ca5358b1f5d2,bc3a128978496fe909da4bf3a2ec009d,delivered,2017-06-15 11:11:13,2017-06-15 11:23:09,2017-06-19 14:29:39,2017-07-02 10:49:41,2017-07-06 00:00:00
659a1ad8f23f3296dbf8034617e6e390,14bbce4168c96d7ca217983d4ce51abc,delivered,2018-04-15 16:16:51,2018-04-15 16:31:08,2018-04-17 17:42:59,2018-05-03 17:24:47,2018-05-11 00:00:00
2393507a21cc6be871d9bd669eb0d6d9,5d018d6522babc97ecca4ca9be0803e2,delivered,2017-05-14 16:29:24,2017-05-14 16:42:25,2017-05-17 15:00:15,2017-05-22 09:04:33,2017-05-31 00:00:00
17dd29c2a9196baed66fc07147b4d819,d291d348d3df231748e584445f34fd98,delivered,2018-02-26 14:03:27,2018-02-27 14:09:00,2018-02-28 23:37:16,2018-03-29 19:29:07,2018-03-16 00:00:00
bc6bbd933ea8d286847d6eb88c6083ed,20209b475c58be96dcfc7d9f773198d3,invoiced,2018-08-03 16:31:05,2018-08-04 16:30:14,,,2018-08-22 00:00:00
a506cff68ad939f030138d38c2350dd0,cbf27ff077ab6a5a586279d5cd9b8455,delivered,2018-06-08 02:18:40,2018-06-08 03:02:35,2018-06-08 11:37:00,2018-06-11 14:14:28,2018-07-16 00:00:00
6889715ff8c8b1469cdf52549b71f572,3a0bd5d8e3cf00a7202f2d20193b190d,delivered,2017-09-06 08:46:57,2017-09-06 09:03:24,2017-09-08 15:29:04,2017-09-18 20:53:53,2017-09-28 00:00:00
976d9425872f2283bdadfb50fd7e4188,f71fe5bccfae9380731dfc874957c275,delivered,2017-12-25 17:15:40,2017-12-25 17:29:13,2017-12-26 16:32:50,2018-01-03 18:19:18,2018-01-23 00:00:00
eeaa75133a2e3ef15f077511708f7052,f70758e1085f84f6c842270af455ab06,delivered,2018-01-11 16:07:22,2018-01-11 16:15:29,2018-01-16 00:06:43,2018-01-22 21:54:55,2018-02-05 00:00:00
4224f9827332624e60782ae9cdfbcd8f,680617cf52e173776bfac47798037c3a,delivered,2018-05-12 14:41:34,2018-05-12 14:51:27,2018-05-14 07:43:00,2018-05-23 20:36:29,2018-06-07 00:00:00
dced68d765c92476f957de16fe116ecc,8e56b369b27a5321224f09113c0ef99c,delivered,2018-08-17 18:20:27,2018-08-17 18:30:15,2018-08-20 15:01:00,2018-08-25 17:29:35,2018-09-06 00:00:00
0efa0c45020bf70a48af010afcf0a3cc,da455231ebafab9b01c0c28d3d637a97,delivered,2018-02-28 00:19:14,2018-02-28 00:35:58,2018-03-02 01:21:27,2018-03-07 20:22:31,2018-03-13 00:00:00
d8b5d1ea87d75046c7b453b1b128fcc3,6fac131de8408ec8e5fc464cfb07c9fc,delivered,2017-09-17 14:51:56,2017-09-17 15:05:09,2017-09-19 14:11:44,2017-09-21 13:54:04,2017-10-04 00:00:00
696a70ec4283b80f3e55c6181754d2a3,9a102cb1eaf62472fc2e11f5451e5c47,delivered,2018-08-21 05:45:02,2018-08-22 03:44:28,2018-08-23 11:41:00,2018-08-24 20:24:31,2018-08-27 00:00:00
8eff1cf64f45149216db8e613cd9b914,4ae25f8854211956f702f9ce7fddda5e,delivered,2017-06-19 17:15:00,2017-06-19 17:25:19,2017-06-21 10:19:54,2017-07-03 14:47:43,2017-07-11 00:00:00
443b9c04691b94da8860a4b73512f94a,8615d5dafcf44cc043c6f3178fa0db95,delivered,2017-10-11 17:17:31,2017-10-11 17:28:22,2017-10-16 16:20:16,2017-10-20 19:25:03,2017-10-30 00:00:00
c300acfe1a7f3217eda136d29dad508a,2cd380c15b5fecae7b832742e50b12b7,delivered,2017-06-10 18:25:19,2017-06-10 18:42:34,2017-06-12 11:23:09,2017-06-19 10:43:35,2017-07-17 00:00:00
27c666cbe2691774436144c46aefe216,a503450e1372c0ed9209725cf9dac71e,delivered,2017-09-20 14:28:34,2017-09-20 14:45:43,2017-09-21 17:08:48,2017-09-27 16:38:32,2017-10-17 00:00:00
dfb28e6c33c63302a23a2166674f1864,6906ffafae86e29b5702189e0f1442d4,delivered,2017-11-24 21:39:39,2017-11-26 21:34:25,2017-11-27 19:28:49,2017-12-08 00:47:46,2017-12-08 00:00:00
ddbc0e193a190c97a92bdb12aed510b8,18e4e3b5b035ce0777b667468ba0d774,delivered,2018-08-11 21:17:58,2018-08-14 04:10:18,2018-08-15 14:53:00,2018-08-16 20:31:48,2018-08-20 00:00:00
6afa0491e7c2b7661f8371616e639c04,dc1f783ac937326cdee2b4d99c366d46,delivered,2017-11-16 12:34:01,2017-11-16 13:35:49,2017-11-21 15:33:24,2017-12-01 19:28:49,2017-12-12 00:00:00
5c582483eb0e06d5cf970b645fe51c58,3e80ad5803a931d5e32ccb67c76ced6c,delivered,2017-06-05 23:33:27,2017-06-07 02:42:32,2017-06-09 06:52:46,2017-06-30 15:12:28,2017-07-10 00:00:00
c6b27f6c73ec84ade249e9dd5bb6d456,55b50a4395d1cb6e966a0c9604c4a1cd,delivered,2017-08-31 01:16:09,2017-08-31 01:30:17,2017-08-31 19:53:44,2017-09-04 21:27:39,2017-09-18 00:00:00
4ec6e451a636b410f15897c0a67582b1,91f1ab8bf361598b065535ed7c694086,delivered,2018-02-27 14:46:26,2018-02-27 15:09:10,2018-02-28 16:23:19,2018-03-13 13:50:41,2018-03-22 00:00:00
2e7f50a8fb8e08f64107c829ddf4ba84,38ccb4dd4dd6f83b64b6291fda1864b1,delivered,2017-05-16 09:23:23,2017-05-16 09:35:15,2017-05-16 15:18:34,2017-05-31 08:38:03,2017-06-07 00:00:00
0607664f90518423fdddb69ae3cf375e,65da32471b3ddf2bd35af98c8023eefa,delivered,2018-02-10 00:02:34,2018-02-10 00:15:38,2018-02-14 20:11:00,2018-02-19 11:54:18,2018-03-09 00:00:00
3b20eefea25e9f7a1f09b7106c26da95,968c31ee3af93b0eae7defaac4296e8e,delivered,2018-04-04 16:14:50,2018-04-04 16:28:31,2018-04-05 18:33:00,2018-04-16 16:58:42,2018-05-02 00:00:00
344aec04212ff4fb3b73f86f50ad49b9,59cc843769a7a0247161ebb5979f0e69,delivered,2018-05-18 10:56:51,2018-05-18 12:50:13,2018-05-21 16:28:00,2018-05-23 17:16:39,2018-05-30 00:00:00
f69590fc2203327b902406327ec062eb,898e06714416fc907ce5d20f184051f7,delivered,2017-11-16 22:09:46,2017-11-16 22:30:45,2017-11-17 14:09:10,2017-11-30 13:49:45,2017-12-12 00:00:00
8a5863c69a1b48b67b98b82b9083ef3d,e593c9bd0a981206713854fd1e2386c4,delivered,2017-06-02 10:37:25,2017-06-02 10:50:11,2017-06-07 15:33:51,2017-06-09 14:07:39,2017-08-02 00:00:00
eae81d7a6951b80a04eb152e76e3ba55,15652e306d7c3e9098df857da0db3201,delivered,2018-07-19 12:04:10,2018-07-19 12:23:16,2018-07-23 06:03:00,2018-07-26 20:37:23,2018-08-17 00:00:00
5c76ad49e8b5c226ae27a1ef944f7e58,c3ee6ed245ae1c09c8996ec2eb14d4e8,shipped,2018-03-15 21:31:56,2018-03-15 21:48:55,2018-03-16 19:03:30,,2018-04-03 00:00:00
87b21a3c8c5c692b05dba19b9350a544,3083eb7eb7faf63e84cc78dfbd011e2f,delivered,2018-05-14 16:12:13,2018-05-14 16:36:49,2018-05-16 14:33:00,2018-06-06 00:12:53,2018-06-11 00:00:00
522edeff08426375a7001e01034c289b,c9bbc03571d766b10be0e2486432fcd5,delivered,2017-02-27 19:40:30,2017-02-27 19:50:16,2017-03-01 09:28:38,2017-03-03 10:51:58,2017-03-20 00:00:00
74db91e33b4e1fd865356c89a61abf1f,5043e611d34f6ad724ca658aa22cc43c,delivered,2018-02-15 13:09:28,2018-02-15 13:27:26,2018-02-22 21:10:45,2018-02-24 00:33:11,2018-03-02 00:00:00
cd4d00f4cdfc2365a398924baf0defa7,87212a59dab079c4b2609ae0dde3d9e8,delivered,2018-03-21 02:22:41,2018-03-21 09:48:17,2018-03-23 19:41:03,2018-04-23 18:15:28,2018-04-26 00:00:00
2d356a962a1c038cda69e21e991a253c,0cd029b854c225cdd97287e26e3369b6,delivered,2018-04-07 09:13:02,2018-04-07 09:27:45,2018-04-09 18:03:46,2018-04-18 19:25:27,2018-05-14 00:00:00
5bc78a286b07fd8ad2198daf226ec008,058b94ef521255536e17b2760fbf9674,delivered,2017-08-27 18:02:31,2017-08-27 18:15:16,2017-08-28 19:22:05,2017-09-08 23:58:06,2017-09-15 00:00:00
8f8a31db8b3bd96e4b989ce2afcdee9b,a5d2571dfc253c76c3e911ae2e45085e,delivered,2017-10-14 22:27:34,2017-10-14 22:35:54,2017-10-16 15:47:51,2017-11-06 20:48:55,2017-11-24 00:00:00
1a930b135dee82f91b9653e2a764a512,1d9af62f3dee128ca98cdd0516598244,delivered,2017-12-15 18:07:47,2017-12-19 09:37:22,2017-12-19 19:26:09,2018-01-05 20:46:53,2018-01-30 00:00:00
abfa62484a4c1688f4f78421626be291,68690939aef665082e350cfa7936aa33,delivered,2017-08-28 14:08:16,2017-08-30 02:11:02,2017-08-30 19:46:12,2017-09-11 17:07:50,2017-09-25 00:00:00
ce3397e3e383fc93adefff9aa6a9aa7b,c921549d3338d9ae7d718a63a49478a4,delivered,2017-11-07 15:02:12,2017-11-09 04:31:15,2017-11-16 23:16:51,2017-11-20 12:22:04,2017-11-27 00:00:00
afc3d36c156114cfae3aed5b536af510,3a2063712a4f5ffea67032e2bc49ca64,delivered,2018-06-16 12:20:16,2018-06-16 12:40:13,2018-06-19 11:55:00,2018-06-25 14:41:57,2018-07-17 00:00:00
f98503baa6f63a4d5b3e5f9deba75942,1fdf20988f9044a566f42761844996ec,delivered,2018-08-03 22:49:24,2018-08-03 23:05:16,2018-08-06 07:08:00,2018-08-07 20:46:30,2018-08-08 00:00:00
77603d935cbcfcb914df523f1fc1316d,d8c0a0b659f5ea0167023bf9e8795506,delivered,2018-03-25 18:00:24,2018-03-25 18:15:22,2018-03-27 21:21:54,2018-03-28 22:16:49,2018-04-12 00:00:00
633dd5a92f78d119e8d78b055c418fcd,8eb9f6a7d864b5cf7535b13fbe0971c5,delivered,2017-12-17 12:00:37,2017-12-17 12:10:28,2017-12-19 21:33:25,2018-01-02 18:52:15,2018-01-24 00:00:00
8de9841a58332c8955d80653bc19a858,ff3af478e651b3aac09c80417d0327ca,delivered,2018-06-15 11:46:28,2018-06-15 12:22:43,2018-06-16 07:23:00,2018-06-30 15:43:59,2018-07-17 00:00:00
1fda06c4d014e1f00378d6f6e1d46cd1,179ce7b20547f6b553f8a62336e77a7e,delivered,2017-12-17 02:03:01,2017-12-18 14:36:34,2017-12-19 17:47:12,2018-01-20 12:48:38,2018-01-15 00:00:00
c4960d4bd22a0443ef5e256052045a77,1e201c8e0bca2eaac6ddc53599ec20ef,delivered,2018-01-10 10:33:06,2018-01-12 02:35:30,2018-01-12 22:37:17,2018-01-23 21:42:01,2018-02-08 00:00:00
c158cfb02733d33c18b815afb0d8d49b,f720bf1a3ac316ef4a99aeed8a9ac7bf,delivered,2017-07-08 19:58:18,2017-07-11 04:15:29,2017-07-11 18:08:44,2017-07-24 19:09:45,2017-08-14 00:00:00
2ec030d65d7742d4afb8df93dd86ba76,37c4e0723167867a40efbaa01ce1c69a,unavailable,2017-03-06 10:24:34,2017-03-06 10:35:25,,,2017-04-06 00:00:00
240143ab3914b9052e329d80e795b1c9,1966bcc7091bfb3c656d15de1f2fec01,delivered,2018-08-04 12:27:53,2018-08-04 12:35:16,2018-08-06 11:08:00,2018-08-14 19:18:47,2018-08-28 00:00:00
22662a013483e2c073232f69182716db,5feaef06445b3f3a839c7f66a0197ff8,delivered,2017-05-14 08:16:34,2017-05-14 08:25:12,2017-05-15 05:32:55,2017-05-30 10:14:15,2017-06-02 00:00:00
d53709cd2507666542fcf8f6120b99f0,cb14befe7de8c963c81f4a6fc8fae5e0,delivered,2017-02-08 23:17:10,2017-02-10 02:43:09,2017-02-15 09:17:55,2017-03-02 07:23:39,2017-03-24 00:00:00
08cd10d946b1fabbe08d3ec8dcab8777,511d19680a1a81a79af022e8d743ccdc,delivered,2017-08-11 13:44:54,2017-08-11 14:04:05,2017-08-14 19:27:05,2017-08-18 18:51:50,2017-09-04 00:00:00
44d2ec7f124befc9d02cd313f1af14c5,648deadcf7c258c1a06ac5f17064280e,delivered,2018-08-09 11:38:46,2018-08-10 03:05:26,2018-08-10 15:29:00,2018-08-15 17:06:46,2018-08-17 00:00:00
b844add966de00013e16ef47fcad17c5,48beca9a75c059cd8e3cbd6a65a486c2,delivered,2018-01-13 21:55:44,2018-01-13 22:09:38,2018-01-15 22:22:31,2018-01-23 17:17:04,2018-02-07 00:00:00
5a17b93e01d5660d0973ea3701f5cbbd,1eebb4900528f6f5203228dfa29f90c2,delivered,2018-07-31 19:07:07,2018-08-02 05:30:52,2018-08-03 12:16:00,2018-08-07 11:39:49,2018-08-16 00:00:00
fc3d163a85c692895711a3f290987152,310229760d02b87361c640db501c5925,delivered,2017-08-19 11:49:39,2017-08-19 12:05:15,2017-08-21 21:46:07,2017-08-26 13:52:15,2017-09-13 00:00:00
f0b9e1638e97510ddeb95067f28a3f1e,88f79686a67c15634da18eaebf4e1b9b,delivered,2017-06-06 15:25:18,2017-06-06 15:35:18,2017-06-07 15:28:00,2017-06-19 12:42:22,2017-06-29 00:00:00
49db26941af1a612f2c08b71ea7d5c04,ff44ecf04f5df8c1e8976779abef2f92,delivered,2018-05-02 23:09:51,2018-05-03 00:13:05,2018-05-04 12:50:00,2018-05-12 10:38:24,2018-05-23 00:00:00
753e0ba8400bf53314098772093ca9bb,423a6547d7793a95cd18c4882b72f464,delivered,2018-03-19 10:47:07,2018-03-19 11:31:50,2018-03-20 15:05:07,2018-03-21 16:12:29,2018-04-13 00:00:00
09286ea342ad6877942f93c17e1caf4c,cccc11e51686391aabfac06aa505884a,delivered,2018-02-09 14:54:09,2018-02-09 15:09:47,2018-02-15 00:57:52,2018-03-09 12:43:26,2018-03-07 00:00:00
d140e3b2c8717b000f1ea33c496480e8,3cbddb468c2c94411d34e16e19446cf8,delivered,2018-01-24 10:30:20,2018-01-24 10:57:11,2018-01-24 20:36:46,2018-02-27 20:52:31,2018-02-16 00:00:00
b9c36b2e480f35608baa49f90c9467f3,9e73731040bc438293c93f43d07e71b0,delivered,2017-12-22 09:56:43,2017-12-22 10:10:57,2017-12-22 20:04:56,2018-01-06 16:38:59,2018-01-23 00:00:00
0a2da53685ead0fd45e8609cabf19f5b,479c1265c816d9edfd2ff572a78d2004,delivered,2018-06-12 17:35:24,2018-06-12 18:08:57,2018-06-14 14:30:00,2018-06-21 18:42:17,2018-07-05 00:00:00
9f6ae9af23299996f0a1bdd6a35f08a1,39e8c8fb7bc8e9593e8dae4112fc1d3d,delivered,2017-06-16 16:51:08,2017-06-16 17:02:56,2017-06-19 20:55:44,2017-07-20 18:47:32,2017-07-20 00:00:00
5e5d1342989d05440629e2162fa52d07,54efba24ef631ff2c2088f8320499ea5,delivered,2018-04-03 22:29:26,2018-04-03 22:49:34,2018-04-04 18:33:14,2018-04-13 20:24:51,2018-04-24 00:00:00
fb3c1f08a4346c10895de685d7debb5d,cdd1b87eb389c9080a3095c78129c04b,delivered,2017-04-10 13:58:59,2017-04-10 14:10:13,2017-04-10 14:59:43,2017-04-20 17:11:20,2017-05-15 00:00:00
336e61d8549194b7cb044eb279d12d3d,b6dc319d1713cd14e14d37d6625179a7,delivered,2017-04-12 21:33:04,2017-04-12 21:45:11,2017-04-18 11:40:06,2017-05-02 08:53:00,2017-05-08 00:00:00
2f5474b96da64f62dd8d495a3ab13861,ab3978c7aac1e20e122f821cabd0e157,delivered,2017-06-29 17:55:41,2017-06-29 18:05:18,2017-07-03 15:57:43,2017-07-10 18:28:00,2017-07-21 00:00:00
3b106e10a8c576552a457e61f1e8c90c,394e25e597831b2eecbaccbf553efc0b,delivered,2017-11-24 15:11:21,2017-11-24 17:25:48,2017-11-27 19:54:29,2017-12-08 16:22:58,2017-12-19 00:00:00
3c05b502206cc0e80f5a844de86bc870,736861eb4dee0ff968395dd43174e57b,delivered,2017-11-06 20:04:03,2017-11-07 04:31:31,2017-11-09 20:06:42,2017-11-10 23:26:34,2017-11-17 00:00:00
f7535fb641a71ca3e0a6f2657dbfc51d,cd74bff5b8cf35e0caaa4b73077831e7,delivered,2017-07-06 18:35:34,2017-07-06 18:50:24,2017-07-07 19:39:35,2017-07-09 15:03:35,2017-07-19 00:00:00
865e82f5110c9e32b37dc8909994c6da,6d3c3278aac44c028da7a4cade667b41,delivered,2018-02-11 12:01:01,2018-02-14 17:08:16,2018-02-16 21:13:02,2018-02-26 10:29:01,2018-03-07 00:00:00
d98a4e525a6240595557fbf149ff82da,05f34a3ba5449df9b9ab6bb247c7fe45,delivered,2018-02-17 11:16:53,2018-02-17 11:26:56,2018-02-19 23:49:15,2018-02-22 18:38:14,2018-03-06 00:00:00
35c3a3bbf1845fc95254bf7f2eba916f,7d39c5d887661f6e1699374db64104c1,delivered,2017-02-16 14:22:25,2017-02-16 14:35:16,2017-02-17 11:18:26,2017-02-24 10:43:36,2017-03-17 00:00:00
cc8454f08599794be25a95f691617e11,76039dcbd685693ff99e90d7c572775c,delivered,2018-06-25 22:04:06,2018-06-26 20:10:19,2018-06-29 12:27:00,2018-07-05 21:32:29,2018-07-17 00:00:00
ac3a8f865ec67b649d66ed5149a41593,a39ead24e02b8839d883933860db7c8d,delivered,2017-11-24 16:20:38,2017-11-24 20:52:12,2017-11-30 21:51:25,2018-01-19 20:39:35,2017-12-19 00:00:00
c7bcf14cf0fa48837a78fe5cc16b6934,7ac830df7375159599fce33ddfdca903,delivered,2018-07-11 18:11:37,2018-07-11 18:26:24,2018-07-23 11:36:00,2018-07-31 20:49:40,2018-08-08 00:00:00
ff60bb891018547f7e6b79f9286ff166,8a0d5329673a20d2e7684c5e4e5137bc,delivered,2017-09-21 19:44:18,2017-09-21 19:55:18,2017-09-22 19:16:01,2017-09-26 20:27:53,2017-10-13 00:00:00
0f1c3e42f560452d091c6906f9accb48,21691bb6e6986524cbbaa74ce9086c98,delivered,2018-03-29 18:48:31,2018-03-29 19:08:11,2018-04-03 01:32:56,2018-04-13 15:33:32,2018-04-23 00:00:00
df906ca18e91f3bf9c6f0c2a41d54a94,c8573b163fe4f9b3dff6464c927dcac8,delivered,2018-04-08 13:07:27,2018-04-08 13:30:17,2018-04-11 17:52:41,2018-04-18 23:36:56,2018-04-25 00:00:00
f669398378944e9e9cfc10894031666f,e89ae15e1c5c8c94d40732a7f0b9d413,shipped,2018-07-27 10:09:43,2018-07-27 10:44:14,2018-07-27 12:53:00,,2018-08-09 00:00:00
978314826289d9ec86d6d6a627eaf810,3343e9bbe2d5affb95e27a0aa9d22405,delivered,2018-05-05 10:58:56,2018-05-05 11:15:10,2018-05-05 09:38:00,2018-05-10 16:14:39,2018-05-25 00:00:00
4edb2debfd66979e4c68897c768c36b8,d2c78743698d2e9cd2fad65c21ffb46e,delivered,2018-04-03 21:14:21,2018-04-03 21:30:22,2018-04-04 20:42:18,2018-04-25 12:18:45,2018-05-17 00:00:00
d2dc9089cd9e68c5a5d69d6884550ac9,1ad80e57d0ca61401ddd3150b16a5beb,delivered,2018-06-27 11:45:21,2018-06-28 04:35:17,2018-06-28 14:19:00,2018-07-02 16:30:48,2018-07-18 00:00:00
1e320b8dbbc014bc3b5c7b82156df80c,8f1722cb7903000460c088534d233aa8,delivered,2018-03-15 23:28:33,2018-03-15 23:48:06,2018-03-22 22:47:35,2018-04-03 15:41:57,2018-04-11 00:00:00
e91e52fe7f0210d3561f7e74761835cd,7d668c37029209738c1671fbf9f91162,delivered,2017-11-19 14:44:05,2017-11-21 03:46:28,2017-11-21 19:30:00,2017-11-27 22:36:56,2017-12-12 00:00:00
e3c4a1f61400e7db82ae759cacedc9a3,a493fc955393554ab17c53b402358b6d,delivered,2018-01-19 13:22:28,2018-01-19 13:35:58,2018-01-22 16:59:04,2018-02-14 13:29:26,2018-02-19 00:00:00
241d32c9a01951afcb78c68daeaae996,5fc3c7a3b0d6348ff8a5a96a3e27fddb,delivered,2018-01-31 16:24:50,2018-01-31 16:51:12,2018-02-05 20:54:49,2018-02-20 20:19:07,2018-03-09 00:00:00
cc03c9ec9bb354486404b1df587bfc8f,9e561a472f021d298a702c2d09b408c2,delivered,2018-02-18 21:50:24,2018-02-18 22:55:24,2018-02-20 00:03:34,2018-02-26 10:33:13,2018-03-12 00:00:00
0f2c54530ee6ee50a3adc31fb30e8769,35d43bdadfbc9f9dfdcbe37914bf4e1f,delivered,2017-09-07 22:18:52,2017-09-09 04:50:22,2017-09-12 15:49:50,2017-09-25 18:53:38,2017-09-27 00:00:00
b29696b3c00ec6ac4adfa001a2c7cd3f,29a0ad4e09da9eb0e041692da531026a,delivered,2017-08-19 10:49:59,2017-08-20 10:55:23,2017-08-28 20:35:59,2017-09-11 20:31:57,2017-10-05 00:00:00
86fe069057d591923b2a30a47b2fa5ab,d5fdaaf155a2c018350705414c11fd06,delivered,2017-11-17 22:58:07,2017-11-17 23:26:10,2017-11-21 23:38:59,2017-11-23 17:11:47,2017-12-21 00:00:00
b600d406784f1f3c7f6129e10cae215b,16ee66079a8fd76cccfd889f8edea0dc,delivered,2018-04-20 17:21:55,2018-04-24 19:23:20,2018-04-24 02:04:21,2018-04-26 18:18:29,2018-05-15 00:00:00
b34e0fe701f0a4fd62a44b88b142ab67,72b4434c1b3bfa28203ef23a7b4aae78,delivered,2017-07-02 22:40:18,2017-07-04 03:55:16,2017-07-05 12:39:37,2017-07-12 19:06:59,2017-07-25 00:00:00
ef3b2daac9052922ef4f38c5e552393f,ffba8d414efad51ed575616d51e326b5,delivered,2017-11-12 18:04:56,2017-11-12 18:15:30,2017-11-14 19:14:50,2017-11-22 21:26:53,2017-12-06 00:00:00
6042c94912de1e8f7188b5af282baa62,3c8137644287f9b0bebc696e20502187,delivered,2017-06-05 12:08:11,2017-06-05 14:32:39,2017-06-07 11:41:35,2017-06-16 16:53:41,2017-06-28 00:00:00
6fea02b03afef8797df7b9fd8efb3f5f,5813e747b256765a8bfff135afef7794,delivered,2018-07-30 09:31:34,2018-07-31 09:30:38,2018-08-17 14:09:00,2018-08-20 23:58:45,2018-08-17 00:00:00
8531a53599c482d78f5eab067187c7fd,cae9d735afc2ad81f179d5c3c785e089,delivered,2018-02-11 10:09:17,2018-02-11 10:28:13,2018-02-16 00:38:59,2018-03-01 23:31:54,2018-03-08 00:00:00
32239ca49dd9685cc7d06e104233143e,b4e8fbb3187f1d377d6f6a22951e88af,delivered,2017-08-19 21:35:28,2017-08-19 21:55:21,2017-08-24 21:12:24,2017-09-08 15:38:04,2017-09-18 00:00:00
20f136d890c31a62486c809f91a5b098,e46db370a98dec564da620109436f09a,delivered,2017-06-21 16:54:28,2017-06-22 17:02:49,2017-06-26 13:35:55,2017-07-03 14:39:54,2017-07-13 00:00:00
6dff5f464df4049f98419b19d120c5f2,07d64c600dc999b465dd059929063cc9,delivered,2017-03-29 17:55:09,2017-03-30 18:02:16,2017-03-31 20:00:09,2017-04-10 14:19:40,2017-04-20 00:00:00
a6e72869e355a73024a941ae6ec91919,4f27319811022a7f174a931388c5eb04,delivered,2017-08-12 23:10:09,2017-08-12 23:25:46,2017-08-16 19:05:26,2017-08-21 16:28:37,2017-08-28 00:00:00
4097383021fb2044138f408170bcb379,98cedac4059f0d6b7427623e3b760ca7,delivered,2017-11-28 16:22:15,2017-11-28 16:35:32,2017-11-29 18:52:02,2017-12-07 15:33:16,2017-12-29 00:00:00
3af4df025cdc05a4aa2c7402f1b32d56,14b233ed669889e8ac2c54d60ab8357b,delivered,2017-11-18 09:31:27,2017-11-21 03:47:21,2017-11-21 14:34:55,2017-11-28 00:24:32,2017-12-14 00:00:00
f93a732712407c02dce5dd5088d0f47b,ef9e24d18ac44872aa39e9bb721f9880,delivered,2018-02-15 13:09:29,2018-02-15 13:27:19,2018-02-19 23:08:07,2018-03-06 21:39:06,2018-03-07 00:00:00
57dc6b3da91b628f302119769d64de8f,3539e2f45889a162500bf7a4afd6f26a,delivered,2018-08-17 14:26:53,2018-08-18 03:09:36,2018-08-20 15:54:00,2018-08-24 17:32:58,2018-09-04 00:00:00
e1e32786504bf329dc6a2c4d80579a31,a00118294a1ec66f7811dae1e840b97c,delivered,2018-04-13 10:25:30,2018-04-13 13:30:23,2018-04-13 23:30:57,2018-04-24 18:31:48,2018-05-04 00:00:00
f8fd2ac9626cada5584890581ca7e55b,d68f4c538ab9176ed85a35b4378d0423,delivered,2018-08-06 15:15:03,2018-08-06 15:30:11,2018-08-15 13:50:00,2018-08-17 02:06:32,2018-08-10 00:00:00
707fec00567dfaa251bc610a0c0cd056,443f468da5abf42fc6a182ae8dd86dab,delivered,2018-08-14 22:07:12,2018-08-16 04:35:08,2018-08-17 12:04:00,2018-08-20 11:51:35,2018-08-22 00:00:00
2418c8d93a1fbcb830a7e000d82227eb,fa0b335825d6b4f4c26d397ab566a12a,delivered,2017-06-02 11:02:12,2017-06-02 11:15:40,2017-06-06 13:32:54,2017-06-13 17:56:13,2017-06-26 00:00:00
46cf76e5f4fbb3641f315f903285ce9f,2f2b54617adfcebcaba988cf6a78ef7a,delivered,2018-06-20 21:22:15,2018-06-20 21:38:38,2018-06-21 12:47:00,2018-06-25 19:48:31,2018-07-16 00:00:00
c9ab589a26297aa7199d3c89b1353254,a8ec6f530ddf7c8887b3dcfb12464025,delivered,2018-01-22 18:00:00,2018-01-22 18:16:39,2018-01-24 21:06:42,2018-02-02 00:07:18,2018-02-15 00:00:00
ea8dfcfa112dd9df068022a643e58a22,f783bb6d6728b05cb674fc6709a56302,delivered,2017-02-07 19:06:47,2017-02-09 02:50:10,2017-02-09 15:48:45,2017-02-17 16:52:43,2017-03-20 00:00:00
f1e00063e81b3f4c37e7beb4280d0f91,c8c18d7ce48935603e4e50fce8596c68,delivered,2018-04-17 09:18:42,2018-04-18 03:30:12,2018-04-20 02:42:04,2018-04-26 01:48:50,2018-05-10 00:00:00
53f9ab9e7f5baee308632794b9f723eb,149ab31098f43c6fd53cf56e24169192,delivered,2017-12-26 13:44:14,2017-12-26 13:52:18,2017-12-28 17:53:35,2018-01-04 18:10:22,2018-01-23 00:00:00
0b1e1706859ca49fb88d353540f6eaa2,4eb714feafc09a68b40b7fbcf5f25eb6,delivered,2017-11-20 20:22:08,2017-11-20 20:32:22,2017-11-21 20:29:29,2017-11-24 20:02:32,2017-12-01 00:00:00
211160e7b0db5dfa4ac81e253f412b4a,fddfe763c73cfaf50c5010bd8df115c6,delivered,2018-05-02 20:18:14,2018-05-02 20:53:34,2018-05-03 13:38:00,2018-05-08 21:58:46,2018-05-18 00:00:00
c2ecd821e4f51acb1f2ff30fd6dea0fa,aa3f9206096ddfc4a5c41cdddb76f77b,delivered,2018-03-18 15:25:19,2018-03-20 03:28:50,2018-03-23 13:51:50,2018-03-24 14:09:53,2018-04-05 00:00:00
29ce31378acbd5bc48a0518e3770eb8c,5894393ffe7a7ef175d8da5852e807a4,delivered,2017-04-10 11:42:14,2017-04-10 11:55:15,2017-04-11 08:36:07,2017-05-19 13:44:11,2017-05-16 00:00:00
b87a46bd85618ed6ad037478592c7e6a,50405a1593614b260941d47d61e5b163,delivered,2017-09-27 07:10:37,2017-09-27 07:24:47,2017-09-28 15:24:06,2017-10-09 19:38:45,2017-10-31 00:00:00
8f359a870a6206af39d54ab82c99619d,b430789bfe8fd6a8ce1be69cd5cc35de,delivered,2017-01-25 06:31:50,2017-01-25 06:41:58,2017-01-25 10:47:17,2017-02-03 13:58:58,2017-03-02 00:00:00
d1bbc3ea80f956f0a139a12f1ef2ca28,336efbe454423ed05946e5bdfd1810f7,delivered,2018-02-03 18:58:52,2018-02-03 22:49:33,2018-02-06 17:42:12,2018-02-15 19:49:00,2018-03-12 00:00:00
1e1bb536916a9964978ee59e6d6d0cca,ab1164a1a23cff7f1638eaa9585ca518,delivered,2017-08-30 11:57:09,2017-08-30 12:10:11,2017-08-30 18:05:32,2017-09-01 21:26:01,2017-09-25 00:00:00
32e5c1d5c29ff85ee47ad979c88317fb,a7956c0a818527ac9d4e819a7535016b,delivered,2017-12-07 08:19:45,2017-12-07 08:32:01,2017-12-11 23:27:50,2017-12-18 20:43:35,2018-01-02 00:00:00
e58d507c1730fdc2137d1fd497049a68,0aceb04f65bcdbef8dbda04e2a8f9e30,delivered,2017-12-11 21:14:53,2017-12-13 02:50:50,2017-12-15 16:24:58,2017-12-20 15:58:33,2018-01-08 00:00:00
5bdb3afa1eb436b9c3de3957a486980f,29adcd5a8d393ec79254d3519e6193aa,delivered,2018-06-21 08:29:29,2018-06-21 08:58:33,2018-06-21 09:55:00,2018-06-26 20:24:34,2018-07-17 00:00:00
501ce8d70f48706ea5befe3ff2717cb4,dff7f763ccf79b76b4311f016ccb9e8a,delivered,2018-04-19 21:34:35,2018-04-20 07:10:54,2018-04-23 18:12:45,2018-04-27 20:08:23,2018-05-14 00:00:00
88e8f243cb82b7e343068eb8073f388e,c02b253e596068eea0b23786b936cb51,delivered,2018-08-17 15:49:33,2018-08-20 14:30:33,2018-08-21 14:39:00,2018-08-28 16:52:58,2018-09-21 00:00:00
3006835c4c3c11d4869c6bd3d346dca0,338d9e624e86a2efd3bab2a95840a9b4,delivered,2018-08-06 19:05:50,2018-08-07 18:55:54,2018-08-13 09:24:00,2018-08-16 21:06:42,2018-09-03 00:00:00
7a28c31014b18e07f3d37e80e06ad6d3,ac4bd8f7f81ae77d316099085b23ca5a,delivered,2018-01-04 12:15:09,2018-01-04 12:28:55,2018-01-04 21:26:51,2018-01-23 11:26:43,2018-02-14 00:00:00
bad9b45a942f0bf7444af6915482c76f,546bcaf0a384ebe653dd7c27555dd7e0,delivered,2017-12-12 11:00:54,2017-12-13 02:50:07,2017-12-18 20:43:30,2017-12-20 17:08:10,2017-12-29 00:00:00
8e5eafb4c60eec3b291d9703cca5157f,f853d236663f7a503a8779a4a04da26b,delivered,2017-11-28 13:33:44,2017-11-29 02:19:11,2017-11-29 18:58:57,2017-12-11 15:03:09,2017-12-18 00:00:00
f369bf4e7c4a7d5fe6d4efb3d7ea24da,9f3f0412d3617f00d9839f8e5a09b351,delivered,2017-05-09 02:52:05,2017-05-09 03:02:36,2017-05-09 09:43:39,2017-05-10 13:00:16,2017-06-05 00:00:00
1ceb22464e4c11a0441f0e153435696e,576780ffb54b45ed38f27fb4349de91c,delivered,2018-04-16 13:41:47,2018-04-17 05:51:03,2018-04-17 20:41:47,2018-04-23 10:52:53,2018-05-11 00:00:00
d9d2ea110b9794283aa5100ac9ec718e,3c27fa120474684a56b31d04e55b7bcb,delivered,2017-12-13 19:14:55,2017-12-13 19:30:29,2017-12-14 20:22:04,2017-12-28 21:43:07,2018-01-16 00:00:00
aec4f3ce724b67ce527d67f7eb60a310,840b51ea15f639191473c482b40b76f2,delivered,2018-03-29 22:55:31,2018-03-29 23:07:37,2018-04-03 17:40:35,2018-04-15 18:12:14,2018-04-19 00:00:00
0487e06921e4ff31dd6c111294e130fa,b6973e4b6d029ac162e8f7090937eeee,delivered,2018-04-27 19:56:35,2018-05-01 05:55:17,2018-05-03 13:24:00,2018-05-04 17:08:36,2018-05-15 00:00:00
c1ba2eff47cfb7e4dc93b12ee08f21ed,2e4e58ca7677b81a6f4a6c338dd6fc76,delivered,2018-07-13 20:06:56,2018-07-13 20:23:56,2018-07-18 12:36:00,2018-07-26 15:52:37,2018-08-07 00:00:00
1b82cfd1e6a6d682ee254b2ff4cf387f,afb805d873cb119ec114720c630dc6d0,delivered,2018-03-11 22:52:36,2018-03-11 23:06:05,2018-03-19 19:11:47,2018-04-02 14:59:50,2018-03-29 00:00:00
d858d63e625f2b1e5273f8e9312802a4,1d765a5fdf1ac0e849b0d72df63540c1,delivered,2018-03-08 09:26:20,2018-03-08 10:28:29,2018-03-09 00:10:47,2018-03-27 17:36:55,2018-03-26 00:00:00
fe61e92ff4a1b045c69b89b72e42643c,75436e195e2764c4d0d6e18b26b9be96,delivered,2017-03-07 16:03:28,2017-03-07 16:15:15,2017-03-10 08:07:57,2017-03-18 06:37:35,2017-04-06 00:00:00
ab09afe5fa58419dc20bca18a0a68fc4,973fa080350628683fe8a8147335904f,delivered,2017-10-18 17:23:39,2017-10-18 17:37:11,2017-10-23 15:33:04,2017-10-27 22:44:57,2017-11-09 00:00:00
1907dde11e846428f4c7fcb38a27a4ce,4706d0d4ae7d36f5b1c2ad217870e7a5,delivered,2018-04-15 11:09:41,2018-04-15 12:00:53,2018-04-17 02:22:24,2018-04-20 19:56:45,2018-05-02 00:00:00
56f5835a474cdf734462ea3149a1fa90,9b9024a27b845a8b50ef8d1b7ba89ee8,delivered,2017-08-01 07:48:50,2017-08-02 11:22:35,2017-08-02 18:19:24,2017-08-04 13:42:09,2017-08-15 00:00:00
8a780d9d26195c946d0252354ae3068a,db9ed14b2cbcee25b886f75e09f20940,delivered,2017-09-12 13:07:26,2017-09-12 13:15:20,2017-09-18 13:02:26,2017-09-25 22:56:00,2017-10-06 00:00:00
12bbbb7513f1fe839bf451ba8d06c859,05f49d64b685d744c5e3207a7640a714,delivered,2018-03-11 21:01:30,2018-03-11 21:15:26,2018-03-13 02:51:25,2018-03-24 16:12:10,2018-04-05 00:00:00
894ad6777d752962423e37b3d4e8a83a,18aef611c590091fc3f183f0d527a11a,delivered,2017-10-04 13:32:45,2017-10-04 13:49:33,2017-10-05 15:58:14,2017-10-23 20:45:01,2017-11-17 00:00:00
0777a9060e11a166516210320a84d38c,b89ea39218763f0521b7bbae37e90aa8,delivered,2018-02-14 22:23:42,2018-02-16 14:30:43,2018-02-16 23:38:44,2018-02-21 01:06:00,2018-03-01 00:00:00
a7e3060436ba43bda8a76ac20cb33c5b,982449bc71d36806342e0da485d6820a,delivered,2017-07-09 21:20:07,2017-07-09 21:30:14,2017-07-11 12:17:58,2017-07-26 19:29:27,2017-08-03 00:00:00
cbb7694680a105281d391bf7002c0477,9cfee1a78f5e0820ca53ea2eb4180794,delivered,2018-05-03 00:03:53,2018-05-04 03:35:22,2018-05-04 13:56:00,2018-05-09 23:54:41,2018-05-24 00:00:00
dff7572124c4660b0fc6c5ef2a4b3e96,c980ecd62a89efc87c4d50b332dde114,delivered,2017-11-21 18:14:36,2017-11-23 02:35:26,2017-11-23 22:13:42,2017-11-27 19:54:38,2017-12-01 00:00:00
5182f75b9ed284e0a569ea4f61e9bfc5,b23ab0e59ed0b8ef4cdb901dcbf5fdd1,delivered,2018-02-20 15:40:22,2018-02-20 15:55:27,2018-02-22 00:22:20,2018-03-16 18:58:43,2018-03-14 00:00:00
f8329ba7a0842d0bbed2f8a882fe442e,b510469f47970f798db71766ace5a0d9,delivered,2017-11-26 22:38:33,2017-11-26 22:53:16,2017-12-01 00:34:56,2017-12-13 18:56:54,2017-12-15 00:00:00
1de68bbabb4e7529e046e0eb6f6907b3,6a4baba1fb951a029714dc344c13543d,delivered,2017-10-22 22:53:45,2017-10-22 23:07:17,2017-10-23 20:29:54,2017-10-25 14:33:21,2017-11-09 00:00:00
c03748652e7cdfeb73bf4aa3b41da0dc,ca1c2984224e3f04029a134d9a5d95c4,delivered,2018-07-11 18:16:29,2018-07-11 18:30:12,2018-07-12 13:05:00,2018-07-13 16:34:50,2018-08-02 00:00:00
5c3bb82274055ac07677d2c80c6b3a7a,eed5e42231dd2c89acb4869f70b64abe,delivered,2017-02-06 17:13:06,2017-02-06 17:25:15,2017-02-15 15:34:22,2017-02-17 12:12:22,2017-03-03 00:00:00
10c8dc196ef9940faeef9fb9e6790abd,4ef3af4d34d588d21fa7570c6a08feea,delivered,2017-04-15 15:52:08,2017-04-15 16:05:19,2017-04-18 15:44:23,2017-04-26 10:38:32,2017-05-11 00:00:00
9006464e8413a8fed96d20843c6c5ea2,fd168731e205785ef438595d70a43618,delivered,2018-01-08 15:00:56,2018-01-08 15:11:28,2018-01-09 20:16:06,2018-01-15 17:02:24,2018-02-06 00:00:00
a917e3eec0c937fc142b4bdb2f93aa16,54133b6c993073e3dbabb7b4c91aba7d,delivered,2017-10-31 12:37:11,2017-10-31 12:47:20,2017-11-01 17:24:59,2017-11-03 19:27:33,2017-11-08 00:00:00
44c0b18b3b12639acfc54faa7a3f1585,a4c27c991dcb5232a8e814cc83ca8a57,delivered,2018-03-16 14:53:39,2018-03-16 15:09:31,2018-03-19 19:35:22,2018-03-27 23:04:36,2018-04-04 00:00:00
5444e454a2f7460db710141b6ee93990,c69199acb539193102bc2bdf55622402,delivered,2017-03-02 21:48:23,2017-03-02 22:02:29,2017-03-03 09:24:27,2017-03-08 15:14:18,2017-03-23 00:00:00
c0985d645958d6bf06fda4f4287bfe90,94681622e0ad228d6c238a15aa9441fa,delivered,2018-02-17 10:35:46,2018-02-17 10:49:50,2018-02-19 15:48:52,2018-02-28 21:04:18,2018-03-12 00:00:00
bbd075138de407e9200e1ea630a57227,b10be001b45d8f0e899e6a3703fca997,delivered,2018-08-20 12:06:32,2018-08-20 15:36:16,2018-08-21 12:55:00,2018-08-23 22:23:45,2018-08-24 00:00:00
a04b614ebff4852b2d63c655c1588654,dfd328ee003850fa4d887ddba13d0ea4,delivered,2018-02-08 10:45:46,2018-02-08 11:10:51,2018-02-09 23:19:02,2018-02-27 00:42:34,2018-03-22 00:00:00
a4b2b181af8352ac206d289b2c856cd6,8c11dda15b999a9f9ac9dd43d91e26e5,delivered,2017-04-06 21:49:12,2017-04-06 22:05:13,2017-04-07 13:48:51,2017-05-11 15:34:50,2017-05-12 00:00:00
f644bc7cdc4cf0854f50017d5ccfff50,99e92a4ae3b87639d2b55ee0319dee00,delivered,2018-08-09 10:54:00,2018-08-09 15:25:22,2018-08-10 15:05:00,2018-08-13 16:41:48,2018-08-15 00:00:00
41a36974d44d460751104164c80e5ac6,3a1b126079501851f2fabfa5ea63d48b,delivered,2017-12-15 23:03:37,2017-12-19 09:51:43,2017-12-28 21:27:18,2018-01-09 20:08:04,2018-01-19 00:00:00
419db5644c25cb5226f64b9b0e4897c8,a8142a0c1a2c2410bfee58b01adcd3d2,delivered,2018-07-10 16:55:08,2018-07-10 17:30:10,2018-07-11 14:05:00,2018-07-23 22:57:31,2018-07-25 00:00:00
318145ea99714f48433e3332005b92d3,0d15ea6b8e1e301c1d2a67efd409514e,delivered,2018-03-30 11:00:34,2018-04-03 05:49:06,2018-04-04 00:18:22,2018-04-12 01:11:51,2018-04-20 00:00:00
7f4ff75bb83f26aec27c8ccc039a449b,497119371122f6e5ac13322328323e7a,delivered,2018-05-04 08:43:58,2018-05-04 08:55:24,2018-05-04 14:13:00,2018-05-11 18:38:47,2018-05-25 00:00:00
de69cf4dccde4da4632bc662829f19b0,d6866e05b212ceb988befb58497f7b8c,shipped,2017-09-18 16:23:52,2017-09-18 16:45:17,2017-09-19 15:45:56,,2017-09-28 00:00:00
4d3889f52fc68c6517bc1c164c35ae49,5f094bc01990b97538d746f0cee0e7b7,delivered,2018-06-17 23:12:28,2018-06-19 03:36:31,2018-06-20 12:54:00,2018-06-21 17:22:28,2018-07-11 00:00:00
bce6cf2e08df303c7ad2f89e5a62083e,07607659be36fe8f61630b1e89afb53e,delivered,2018-06-20 22:11:30,2018-06-20 22:59:24,2018-06-21 13:07:00,2018-06-23 14:41:53,2018-07-17 00:00:00
d4c47f44b9e6605aade474a5df5cc56c,ce41e157e6d72b41da18b5c1b046af54,delivered,2018-07-19 17:31:45,2018-07-19 17:45:14,2018-07-20 11:35:00,2018-07-23 16:02:34,2018-07-27 00:00:00
3a48968afb1c79c3f512c758c202537c,fbb7a261c859a8885a9e4c6fb1810766,delivered,2018-07-31 19:13:20,2018-07-31 20:04:06,2018-08-01 14:33:00,2018-08-06 18:11:56,2018-08-08 00:00:00
b484611f9ad9c46b51c31beb40598bfe,37aa60852e8837ab99f731864f9693ee,delivered,2017-07-03 21:58:48,2017-07-03 22:10:06,2017-07-04 13:57:50,2017-07-11 17:03:16,2017-07-25 00:00:00
da98211dfdb21faaf9b5d67f11b7f50d,e8924abb7442d0dacf0852f2c20bb7b2,delivered,2018-06-03 00:36:14,2018-06-03 00:51:25,2018-06-04 12:59:00,2018-06-05 20:04:08,2018-06-28 00:00:00
7ad292313f72d59700c72169ba543021,0018f7fde63ca77254dbc47f4ea358b2,delivered,2017-09-26 14:01:47,2017-09-26 14:14:19,2017-09-26 20:03:18,2017-10-03 21:58:55,2017-10-23 00:00:00
c09dc7da8af0513857f422dcf06a46ae,ebc1ecd2befa0f6f97917b209c14e78d,delivered,2018-05-06 10:44:37,2018-05-08 04:33:34,2018-05-16 12:09:00,2018-06-04 19:55:58,2018-06-06 00:00:00
236293984935d06140c6776d2e3570b4,bfdc5ea24dc2232fa4f68dd6658f4f2e,delivered,2017-07-24 14:55:38,2017-07-24 15:05:23,2017-07-26 17:49:54,2017-08-01 19:12:41,2017-08-15 00:00:00
c770d61148e343c43dd1f5375821b105,d8752e8ce0add63308e825c73660e717,delivered,2018-02-11 16:35:52,2018-02-11 16:48:01,2018-02-14 20:21:37,2018-02-21 15:23:43,2018-03-08 00:00:00
ec11881853e796528bad66eedd44c7b3,d927892e658a6af918b1843a55dc8ccb,delivered,2017-05-23 15:57:16,2017-05-24 02:50:24,2017-05-25 10:59:59,2017-05-29 14:02:35,2017-06-05 00:00:00
a186909d03f021f25c25484fbd31a42d,5f9118e0b6df7785e1e6c8ab151c5548,delivered,2018-03-19 23:28:31,2018-03-19 23:47:48,2018-03-20 21:41:32,2018-04-09 17:27:51,2018-04-12 00:00:00
610b5a11b3a0ccf7d86f6ca1ca59ba4f,96a3b4954fb2578bdc8544628f3e3e9a,delivered,2017-09-04 23:41:33,2017-09-04 23:50:18,2017-09-08 15:28:05,2017-09-12 15:59:41,2017-09-28 00:00:00
4df35a194d033f2d0b9b6a66bdb26434,bdf159e598f47ed31091ceace4e20b63,delivered,2018-04-27 01:57:04,2018-04-27 02:41:09,2018-04-27 12:50:00,2018-05-04 15:51:23,2018-05-22 00:00:00
2ff3e8ab6f85a5b98e1020c071ca5f12,d581aea89fa99de22ba348bae55acc6b,delivered,2018-02-28 07:34:42,2018-02-28 07:48:09,2018-03-01 19:57:24,2018-04-07 14:57:44,2018-03-28 00:00:00
75b1a5c661cf89c511ec6ec5da5c4c8e,9583a7ad142cd82f0e997598d3091941,delivered,2018-04-12 18:35:02,2018-04-14 02:31:39,2018-04-16 18:34:29,2018-04-24 16:38:54,2018-05-08 00:00:00
f5e893bf1ab1969476ddb21ae35369df,ab6ff9f6e95c6c79f0c8dad5315c4128,delivered,2018-01-11 12:16:24,2018-01-11 12:29:00,2018-01-15 18:34:57,2018-01-19 20:03:59,2018-02-14 00:00:00
88b90300d5ba09ea058e45b94c98b808,d13c70829c24bb06b81c0de37d9cf8b6,canceled,2017-03-28 13:53:04,2017-03-28 14:05:18,,,2017-04-19 00:00:00
1a2f6c0996af3c2c4aa6eb3e3d536e0b,66112b1cd81cd04a54f4315599e8a66a,delivered,2018-05-23 12:46:35,2018-05-23 13:16:34,2018-05-24 15:58:00,2018-06-02 16:38:39,2018-06-11 00:00:00
150dc175b7b194d73dcf47f08fba98c1,3abab18d333632bb552ef5bb5ab8cc25,delivered,2018-02-20 20:27:07,2018-02-20 20:35:34,2018-02-23 23:54:35,2018-03-12 17:05:07,2018-03-15 00:00:00
dd3a38574dce5ca54d9475f70832f21c,9d823adffe28abfbb37aab03173f62c2,delivered,2018-03-29 10:21:48,2018-03-30 03:10:35,2018-04-03 12:19:13,2018-04-07 14:17:15,2018-04-18 00:00:00
02855eb3e469890c3b741adb0fd64f71,4df9c5a352d450a4788786688945e0a1,delivered,2017-05-12 23:14:28,2017-05-16 03:22:47,2017-05-17 10:36:46,2017-05-23 19:44:05,2017-06-01 00:00:00
8c3078b30ae073033c2ea0964a5ada96,1d9661a2b5132a10361202e6d79235a0,shipped,2017-11-05 16:26:43,2017-11-05 16:35:23,2017-11-06 22:28:47,,2017-11-29 00:00:00
1cf95378918960ac4f215e2a436dc18c,b6ec7b751e2f245dd053e6e0805f4e63,delivered,2018-07-19 14:09:38,2018-07-19 14:23:00,2018-07-23 14:11:00,2018-07-26 18:58:41,2018-08-03 00:00:00
5e24cd2a73451af2660215702f8abc57,870ae28f999c5deb65108159a259e504,delivered,2017-02-02 14:42:37,2017-02-03 03:41:38,2017-02-03 12:01:01,2017-02-14 12:35:57,2017-03-01 00:00:00
fdfe6a493395db719f0dbe0ff0c40400,f49428e00cd3aa74376828ef1d135cfa,delivered,2018-03-08 10:01:50,2018-03-10 03:50:31,2018-03-12 20:32:31,2018-03-22 15:28:02,2018-04-24 00:00:00
0da7c9db070f692a9851de83c90a4371,edcc48d724e3f75e883641309b600474,delivered,2017-07-21 11:05:42,2017-07-21 11:15:21,2017-07-21 20:48:56,2017-07-24 18:15:49,2017-08-03 00:00:00
5e8632a278dbe421d1c5d75e542dfffb,7e9c14aa98b813d67d62fc449809340e,delivered,2017-07-24 15:38:58,2017-07-25 03:30:36,2017-07-25 14:48:24,2017-08-10 09:42:15,2017-08-25 00:00:00
958e0d4145c40f4951c1bf4d2cf1166a,449ab05f99d6b258c918225bf682d6bd,delivered,2017-06-01 22:12:30,2017-06-01 22:25:10,2017-06-06 14:08:34,2017-06-08 13:34:02,2017-06-22 00:00:00
241eaf5ff29c3e08e2efc61f6f87e44b,872982846d243af2b72d9a3da8dfe5f6,delivered,2018-08-02 12:13:53,2018-08-02 13:15:20,2018-08-06 16:27:00,2018-08-08 16:32:40,2018-08-07 00:00:00
e74f2f5d0d5b389e7ec83948628a2b9c,49475c099eb6b04b85cb188fb87f0ced,delivered,2018-08-06 12:54:18,2018-08-06 13:05:16,2018-08-09 14:08:00,2018-08-17 18:12:00,2018-08-17 00:00:00
77964238e13406d5f49ae1602c93b5bd,23092f7184b95ba3805dd7e3012ddf8d,delivered,2017-09-13 13:43:13,2017-09-14 21:50:18,2017-09-19 19:28:52,2017-09-26 20:49:59,2017-10-10 00:00:00
05fb90958eaf5f1c3287acf11060525e,ca68346c65393936cd365b91d997fe8e,delivered,2018-02-21 21:18:55,2018-02-21 21:30:27,2018-02-22 21:58:59,2018-04-06 17:41:56,2018-03-21 00:00:00
49e448ded32d87cdbb3507805d04f64d,627055fd09524c25b55ef0425fd933cd,delivered,2018-05-18 22:11:08,2018-05-18 22:58:05,2018-05-22 14:48:00,2018-06-08 14:44:50,2018-06-13 00:00:00
7845d9a1a3d511b756a5c2c2352ba770,c267e32fea07ffc4d9d388d44c4106c7,delivered,2017-03-19 18:34:36,2017-03-19 18:34:36,2017-03-21 17:28:28,2017-03-30 07:41:35,2017-04-10 00:00:00
f86a19d480f464d143272885b34b5fe8,37cc9761b240cba114644f5f01630f55,delivered,2017-11-28 14:56:55,2017-11-28 15:18:58,2017-11-30 00:33:59,2017-12-06 17:07:42,2017-12-20 00:00:00
2f24a9aa9e22ecf0fefd3addda233611,35360c7bf285a50013e36d0d6fd0180c,delivered,2018-03-11 17:31:23,2018-03-11 17:48:20,2018-03-12 16:52:47,2018-04-11 20:39:46,2018-04-09 00:00:00
e2005caf6477eb1b0a0bcce785ecbb5d,1444b57caf5b6c9ada5557e4e208d0d6,delivered,2018-02-23 19:18:09,2018-02-23 19:30:22,2018-02-27 13:27:27,2018-03-28 22:39:24,2018-03-22 00:00:00
0cf4406688aab4ea5593cc48304e8887,2432c837b254b9f016e2e901f69afddd,delivered,2018-08-09 18:32:12,2018-08-11 02:45:20,2018-08-13 14:25:00,2018-08-14 20:26:41,2018-08-14 00:00:00
f1c86903d3391692abff1d2cbdb642ad,57259f6fc3d369e2a9d3c135fc65935e,delivered,2018-05-07 18:33:23,2018-05-07 18:50:13,2018-05-09 14:48:00,2018-05-11 16:21:43,2018-05-21 00:00:00
e8c92cfd87f5f0c6d2fc5bc1df5f02b4,3d338ae6cd95dcb8c0c14d9af90055f3,delivered,2018-06-04 19:07:48,2018-06-04 19:30:05,2018-06-05 14:34:00,2018-06-11 17:37:49,2018-07-16 00:00:00
227fc3d5fef215496f44e787f2f29608,bab507860ed7ab1a319b041abc31f37e,delivered,2018-05-18 19:02:38,2018-05-18 19:15:17,2018-06-01 13:14:00,2018-06-03 11:58:37,2018-06-12 00:00:00
fc9d6087c02b8f60e1a365a3b6ae786e,77aee2eb8ffa237d57591d6dda952a8e,delivered,2018-01-11 11:23:09,2018-01-12 02:37:59,2018-01-13 01:07:01,2018-01-17 15:23:04,2018-02-06 00:00:00
883f2b96f6b6c7dde2a3369487fb8730,3602a1fbbb29af4c057aa49ba33fb2a8,delivered,2017-10-22 22:07:31,2017-10-22 22:26:15,2017-10-24 22:47:59,2017-10-27 21:51:55,2017-11-07 00:00:00
3ac3c69a0647096dc7f014eea6749574,2898ee8f9f048436e1670a95931fea69,delivered,2018-04-07 09:53:48,2018-04-07 10:08:23,2018-04-10 16:28:47,2018-04-11 17:47:23,2018-04-25 00:00:00
db611886b9ea2c770628eebc6617b498,e3036be0afef4dc58d7d95e737ffde01,delivered,2018-06-02 13:29:22,2018-06-02 13:50:03,2018-06-07 11:23:00,2018-06-13 16:28:44,2018-07-17 00:00:00
47880652c5245fbeccfe7a58e8d841e5,792c997303692247baa029b77d1a90ea,canceled,2017-08-28 14:56:13,2017-08-29 05:32:52,,,2017-09-18 00:00:00
08c7ad853a45735072fee2be62052da3,9e31165fcca754ee7694d99cf65ef8bc,delivered,2018-06-20 22:51:17,2018-06-21 01:38:49,2018-06-21 13:30:00,2018-06-22 19:25:24,2018-07-03 00:00:00
810d240376bb779d47af63e9b781f4f4,bc5fc0f3f58bb2af88e54ae862bc3390,delivered,2018-01-22 13:11:57,2018-01-22 14:55:03,2018-01-23 22:54:18,2018-02-01 14:22:08,2018-02-15 00:00:00
d7ae451c4d63fe188ba2e8787a3852bc,14926af09825dc08d4d15878f3c545bd,delivered,2018-08-18 12:01:39,2018-08-18 12:11:05,2018-08-22 12:33:00,2018-08-23 20:28:52,2018-08-27 00:00:00
c537374026d7d660c0732235e0ce4013,3a6dee3c47643c5ef5d224144ead2499,delivered,2018-04-30 08:42:27,2018-04-30 08:56:15,2018-05-02 14:24:00,2018-05-07 12:42:01,2018-05-22 00:00:00
89cb4134e0fefa08caaca5c92dce938a,d9108760f04dff71ffbd0b1373a1b9a5,delivered,2017-12-22 09:06:20,2017-12-22 09:13:21,2017-12-23 00:09:39,2017-12-27 17:04:53,2018-01-18 00:00:00
ed8ac79c99c0289b3ed850eb54ddd2bf,4e5260d91970ee888b0d1705b3127169,delivered,2017-09-11 01:41:38,2017-09-11 01:55:06,2017-09-11 18:49:53,2017-09-14 21:10:20,2017-09-21 00:00:00
a0aeba30dde58b77a70084a56aa970ce,49b5823a54b2bdb9441e5b6ad18f804b,delivered,2018-05-04 15:45:40,2018-05-04 16:13:26,2018-05-07 18:36:00,2018-05-17 00:51:52,2018-06-11 00:00:00
cd46e7067c0726158a9ae8f0ab64278c,bdb7038318ec6db24bc3c6c3bf7b6eb6,delivered,2018-02-21 11:38:04,2018-02-21 12:15:32,2018-02-22 17:03:47,2018-02-23 19:59:13,2018-03-07 00:00:00
8f22c3d28fe3bfa49067957987c0c8d1,d626b7d4e374e8e96902429982a7348a,delivered,2017-07-11 02:01:16,2017-07-11 02:15:06,2017-07-11 21:14:37,2017-07-14 21:17:14,2017-08-09 00:00:00
6d20c5b5d74d900b45b27fd6e6e01089,8f81c88e8bd6e80bcc4df4d1d18be246,delivered,2018-03-15 11:10:56,2018-03-15 11:29:11,2018-03-16 19:38:50,2018-03-21 20:08:50,2018-04-03 00:00:00
c94ac7d021bb9260946da4c7b153366d,0ee2b94bda78c11a6919902dc78bf9d9,delivered,2018-03-08 21:51:29,2018-03-10 03:48:46,2018-03-13 10:18:40,2018-03-29 23:56:32,2018-04-09 00:00:00
f4c75150bfe11df19218e2bcfbb963ab,ca4e3d825b6aaaee563f66426b4c84f4,delivered,2018-04-04 14:01:18,2018-04-04 14:10:57,2018-04-04 23:21:53,2018-04-06 22:51:27,2018-04-16 00:00:00
aee9ab9619b5a2654b3362e66256628e,fb8453aabb385a82c8db6add6e19948b,delivered,2018-02-12 12:51:18,2018-02-12 13:08:16,2018-02-14 16:48:37,2018-02-15 15:45:07,2018-03-01 00:00:00
2da6df6ecc3f69f3642ce1fafad85d5a,d04b499809157673780addf5719f7af1,invoiced,2018-08-07 22:22:53,2018-08-07 22:35:23,,,2018-08-15 00:00:00
85ff272111b8ca343b4e061711218b44,67f21f2c8f0354e74fea999183f61ac3,delivered,2017-06-29 20:13:43,2017-06-29 20:25:11,2017-06-30 15:28:55,2017-07-03 10:07:37,2017-07-12 00:00:00
9dec900f8c20ecbaefa8e27242060a67,88d5615998d2bf16e6321d7484e45aa9,delivered,2018-02-28 12:54:01,2018-02-28 13:10:18,2018-03-01 17:42:40,2018-03-26 23:38:57,2018-03-22 00:00:00
8fc946cd9c823c0d350def51cea2f603,f5d8041d9f4ad5b0499a6dcd698577b2,delivered,2017-11-19 20:55:58,2017-11-19 21:10:28,2017-11-23 17:48:29,2017-11-24 17:43:25,2017-12-01 00:00:00
79c662b35aff8d9152a0191a830a997b,1dbb874e6622e11a5b78fee2bd2410ca,delivered,2017-05-02 10:02:28,2017-05-02 10:15:19,2017-05-05 14:38:10,2017-05-17 10:39:59,2017-05-25 00:00:00
d1f7b8ef7a59b18de8df95b7b8073a5f,d11670a96c9b879a92a4783a707a20d4,delivered,2017-12-16 10:44:23,2017-12-16 11:50:34,2017-12-20 20:13:27,2018-01-08 15:35:10,2018-01-19 00:00:00
7900027e66fbfddb34520beb7d1c09ea,7d7585d785dc94de0fe6fd25813e02d5,delivered,2018-03-03 11:36:27,2018-03-04 11:30:42,2018-03-06 15:32:33,2018-03-14 19:26:35,2018-03-23 00:00:00
20ed9112468e53910662943593702290,bb34d01e3f4e286f40a869a5339b7b2d,delivered,2017-10-06 17:01:58,2017-10-06 17:14:24,2017-10-09 21:07:52,2017-10-20 13:47:51,2017-11-01 00:00:00
73c2f6a3fe158985da4f15118a77783a,d9256d7e870dacf770ddfd2d6ec2b8df,delivered,2018-05-26 19:19:41,2018-05-26 19:38:18,2018-05-29 16:08:00,2018-06-07 18:46:35,2018-07-11 00:00:00
96908b69c6dfbc8e2c29c2a2142a93a1,14c4d965ac30b8a1bfb2ae2625080682,delivered,2018-07-08 09:34:45,2018-07-10 04:30:47,2018-07-10 11:36:00,2018-07-13 15:58:30,2018-07-23 00:00:00
00dc6ad47477b3b62d3c0acbe98a82a4,5dd8298fb952a22f28534bfbda71aa2f,delivered,2018-02-24 19:41:24,2018-02-24 20:20:25,2018-03-02 17:57:11,2018-03-15 21:42:09,2018-03-27 00:00:00
0fd408210166f23fe823070a2f690048,7c06711473bf4fef27ea11d9f5719158,delivered,2018-03-05 18:11:53,2018-03-05 18:31:13,2018-03-08 23:32:27,2018-03-14 15:28:30,2018-03-21 00:00:00
518a29937a972f0eb47a811a8bf44642,7f900909b1e712ab31c660793b834d56,delivered,2018-07-31 08:02:41,2018-07-31 08:30:53,2018-08-01 15:03:00,2018-08-03 21:04:21,2018-08-15 00:00:00
989743292e66a54cc321fb16076da4cd,19fdb647f159294094912946b4d00257,delivered,2018-06-28 20:15:22,2018-06-28 20:31:08,2018-06-29 13:47:00,2018-07-02 19:11:58,2018-07-19 00:00:00
44c6f378324b6f93d7165435bbc030b4,20c9d0669cee573b65626662396744a8,delivered,2017-12-06 21:59:26,2017-12-06 22:10:11,2017-12-08 00:33:51,2017-12-18 19:07:19,2017-12-29 00:00:00
52c0ffe5247337047280978e84d62979,4da71b283420d156c50159242d0691e7,delivered,2017-11-25 00:19:41,2017-11-25 03:11:51,2017-11-27 20:52:38,2017-12-05 22:48:02,2017-12-18 00:00:00
dec7cf966ad64aa289ee5f574b0b0463,179f2661c0a69b7e5fde22f9c75a3237,delivered,2018-03-09 20:36:51,2018-03-11 13:48:00,2018-03-14 18:43:38,2018-03-21 19:20:58,2018-04-13 00:00:00
9a92634d7c186b507d82bd00823929a2,6d68392b4769c127c8bff89994d745e3,delivered,2018-04-18 13:01:38,2018-04-18 19:12:41,2018-04-24 17:26:47,2018-04-26 01:44:48,2018-05-07 00:00:00
f52b051fa3520b5b162e98796d07c186,393575d48a375f4a8d356042491d0da8,delivered,2018-05-29 14:40:05,2018-05-30 02:15:18,2018-05-30 13:12:00,2018-06-07 23:52:05,2018-07-05 00:00:00
f3066418fab0adaa48dc4e3c19e4b65b,b0a711da35a8e9d8687670f2b015100c,delivered,2018-05-18 08:50:46,2018-05-18 09:16:24,2018-05-21 08:29:00,2018-06-13 21:34:54,2018-06-07 00:00:00
9105a0f2573fc723a25f05db30a3117a,f2f42d03fbe5b55d80ad510da9a19de1,delivered,2018-01-03 23:47:03,2018-01-04 01:08:01,2018-01-04 16:49:13,2018-01-05 19:06:12,2018-01-19 00:00:00
f477933425f20c2aea5741d4d76b4150,608b8b49eceb67c3c736230e6661e87d,delivered,2017-12-05 14:37:45,2017-12-05 15:21:30,2017-12-07 13:02:34,2017-12-18 23:43:46,2018-01-04 00:00:00
cc377f50beca76eafcc202f7f770a627,567376707a076e91e727a4cd8883be4a,delivered,2018-06-26 18:52:41,2018-06-27 08:30:13,2018-06-27 10:04:00,2018-07-02 23:25:53,2018-07-20 00:00:00
90656a29c767bd72285cc656d21c0d51,0bfe07b61bfee66e26439b13efc8ea89,delivered,2018-01-25 13:32:19,2018-01-25 13:50:18,2018-01-29 18:41:49,2018-02-15 22:23:59,2018-03-05 00:00:00
982477fb4aaaa4ce97851852d2a28e90,bf573f9422c8f6b435a16123951aa62d,delivered,2017-12-16 22:40:37,2017-12-16 22:51:00,2017-12-19 00:13:33,2018-02-15 20:28:40,2018-01-12 00:00:00
a37c3175caa4465852b788987ca46d1a,945e442b24bb3055f553e6a95a53a7e8,unavailable,2017-10-09 19:39:21,2017-10-09 19:56:08,,,2017-10-26 00:00:00
4491133fe7689c9ee1c07d32b52ac113,5128b82b2c26d5e7785035f0f5106d8b,delivered,2018-06-28 12:47:48,2018-06-28 12:55:27,2018-06-29 14:23:00,2018-07-07 17:48:27,2018-07-25 00:00:00
d577aed1e75cd02852482ded774ecf26,259a820d067858fdd33aad502d61c2be,delivered,2017-11-12 13:36:04,2017-11-12 13:50:52,2017-11-14 16:04:51,2017-11-22 18:58:26,2017-12-06 00:00:00
7dccc310577a4bbf99e57f1ae7ac587b,1054024bd1fa65debe204930503ed5a2,delivered,2017-08-05 20:56:20,2017-08-05 21:23:36,2017-08-07 20:49:54,2017-08-15 19:46:30,2017-08-30 00:00:00
f1b07f996a94617942371141c1864ca9,97af6aba693b979a59b66ebfd831eca2,delivered,2017-11-29 11:50:43,2017-11-29 11:57:32,2017-11-29 20:43:44,2017-12-04 22:28:46,2017-12-26 00:00:00
9a22a84b533a8c4cbd2f9200d8003b2c,97019a1071d3e1443681d717d135bc56,delivered,2017-05-29 14:44:34,2017-05-30 05:02:39,2017-05-31 04:27:12,2017-06-08 10:11:21,2017-06-09 00:00:00
7e19584d74aa3faaf95a90fb32c68502,e0b5c02e4e99820c10b5fc8a50576537,delivered,2017-10-22 15:09:19,2017-10-22 15:21:14,2017-10-24 18:11:43,2017-10-27 21:47:47,2017-11-13 00:00:00
33003aadf0df6db944ffc35137a4573b,c3e8db626762eb8fb15e22b7dcc79283,delivered,2017-06-06 18:22:03,2017-06-06 18:42:30,2017-06-08 12:38:36,2017-06-10 10:55:52,2017-06-20 00:00:00
f08964bf6d23a9bb805d8fb23de64a87,75604d6ffd10e7e95b7e37fcf4078a5f,delivered,2018-04-13 13:06:51,2018-04-13 13:35:24,2018-04-16 18:06:28,2018-04-26 18:48:38,2018-05-18 00:00:00
690a2092d1bf37549b9850423615d32a,761a4cbfcebc07e915349e3aee6db335,delivered,2018-06-20 19:25:54,2018-06-20 19:57:54,2018-06-21 12:24:00,2018-06-25 17:23:23,2018-07-13 00:00:00
6a346db02422265a67627acca3eff776,8f921238b5674ed3dd83ca3119383bef,delivered,2018-01-17 21:49:30,2018-01-17 21:59:30,2018-01-19 20:28:00,2018-01-25 01:08:38,2018-02-07 00:00:00
68b4f0f2635234fcc9cbcd65b082e5b7,a0f51bf6441cdbe1a8466b0b26a3b570,delivered,2017-11-06 19:05:59,2017-11-07 03:31:17,2017-11-17 20:35:24,2017-11-28 21:26:39,2017-12-05 00:00:00
5f3cebe9eabcc0a419086cf3bf38d74e,e1324af3e2df9eec3e5f982d23fec1d6,delivered,2018-02-16 16:26:06,2018-02-16 16:46:47,2018-02-19 18:07:34,2018-02-21 20:58:41,2018-03-02 00:00:00
963c7a2f550e2790045366f61c790bb7,5ae9a76e1554c79e3312928a6e6df34e,delivered,2017-08-10 19:39:33,2017-08-10 19:55:12,2017-08-16 16:49:56,2017-08-22 18:24:51,2017-09-01 00:00:00
cb794d74f80c0dff5257f123400a063c,2bf0b7d39b5ee8eb16853ad8f037c7fe,delivered,2017-12-01 12:18:05,2017-12-02 02:38:26,2017-12-06 23:28:43,2018-01-29 19:56:55,2017-12-29 00:00:00
b580df301116ea504e6a5c6fd555e871,b39aa773f89d81c6f9457003326d441c,delivered,2018-06-05 12:56:47,2018-06-05 14:31:39,2018-06-08 16:55:00,2018-06-15 16:51:20,2018-07-11 00:00:00
e6ffd2e2b7cec7d2ad5a419e0fcdd424,a5840b2c9f11a1361970ed2eeddae1ea,delivered,2018-04-03 16:45:53,2018-04-03 17:15:20,2018-04-07 00:04:13,2018-04-14 01:02:34,2018-04-20 00:00:00
eac95d79983b55d39fb2139922bc4c36,f6ee49baf90162ddc222152b08f625ba,delivered,2018-01-28 11:50:41,2018-01-30 05:31:34,2018-01-30 17:36:57,2018-02-06 14:16:26,2018-02-26 00:00:00
4fe26df981b8f298e0e6bf81c1d5ead0,056de0008c4ab528f5631192e11fc745,delivered,2018-06-04 12:22:27,2018-06-05 14:31:56,2018-06-06 07:45:00,2018-06-07 13:38:52,2018-06-28 00:00:00
8a784d47854e4cbc5562362393d504db,a969b9f8d923bc7fd97b578f7c499194,delivered,2017-01-05 14:18:03,2017-01-07 03:44:16,2017-01-11 16:08:56,2017-01-17 16:47:45,2017-02-13 00:00:00
c88c214c277ccf07d8f8992b66796546,ae3b618ec1ceed5483f277c0edf1c237,delivered,2018-04-13 16:01:47,2018-04-13 16:52:28,2018-04-17 21:35:01,2018-05-02 20:40:56,2018-05-17 00:00:00
fca51312326fac3f7def0bf11016a269,c4264a7d8bd33eccbe46b5f978f9965d,delivered,2017-07-07 11:17:21,2017-07-07 11:25:18,2017-07-10 12:24:33,2017-07-20 21:46:34,2017-08-03 00:00:00
057bc88d7845bc736fbe1fb27f2932f2,894070d43ae4f9bab9980d3da7f8aa32,delivered,2018-01-26 17:00:10,2018-01-26 17:22:34,2018-01-29 23:32:23,2018-01-31 20:08:04,2018-02-09 00:00:00
057c13c6bd8799710c70ad3c7b2087ca,31c3e07d61a3e64292159dd61b686e2f,delivered,2017-07-17 22:08:53,2017-07-17 22:23:42,2017-07-21 18:45:31,2017-07-26 16:37:34,2017-08-16 00:00:00
0171835bbc71bcfacc26e9f59d56b62c,4ab60901050d2b4b877596c2edc24a6e,delivered,2017-06-24 10:52:28,2017-06-24 11:08:35,2017-06-26 14:56:38,2017-07-03 16:42:20,2017-07-18 00:00:00
a0e1163327a3941a5681a1e948ca7add,374d009e2f15e125561873d552351f65,delivered,2018-06-26 22:06:58,2018-06-26 22:30:17,2018-06-27 11:31:00,2018-06-30 15:24:27,2018-07-18 00:00:00
0f2335c85eae6c232fa46499d5e1e3d2,e769dc265dadde9a906e2cd0e127f2d3,delivered,2018-06-11 16:51:47,2018-06-11 17:20:47,2018-06-12 14:27:00,2018-06-26 20:03:32,2018-07-16 00:00:00
06fec3f6e9e72edb698e63c30a8f027f,b6fe463c461a6e4fe0cb1f23527efe53,delivered,2018-06-14 14:55:23,2018-06-14 15:20:49,2018-06-15 17:25:00,2018-07-11 00:38:26,2018-07-19 00:00:00
73c8476a5145125bb535e946a6192bb1,30b64fdb8dad83e88b8ecb0f9b6c0335,delivered,2017-02-11 23:23:22,2017-02-11 23:32:10,2017-02-13 16:15:11,2017-02-16 15:28:58,2017-03-10 00:00:00
a3021cb38ee69a87a0cb9cda57f7d72e,6670ae2d7d0e1dbfd9b97d032b91a0ac,delivered,2017-11-09 18:46:46,2017-11-09 19:07:00,2017-11-14 21:06:57,2017-11-25 00:41:27,2017-12-05 00:00:00
1b0816f005179796807a9b23f4c2df11,cfde763c6872e69417809fce554046ba,delivered,2018-02-28 15:12:53,2018-02-28 15:31:00,2018-03-01 20:55:11,2018-04-19 18:05:05,2018-03-22 00:00:00
2a52e807fc3aaa0dc36fb7b01b56e59b,3d8e5b5954c3e6e8d7a7d81ab6d5750e,delivered,2017-07-20 17:41:06,2017-07-20 17:55:20,2017-07-22 13:29:23,2017-07-31 17:29:35,2017-08-17 00:00:00
98c0f6e16f786f293db2cdf5388442f6,b34c2bf47009c527fe2eee5362333591,delivered,2018-05-10 22:09:28,2018-05-11 22:16:58,2018-05-14 11:01:00,2018-05-17 17:11:48,2018-05-28 00:00:00
6af8d729a1717c4ba85c7bdc83278656,1c0914076686517cb711e05022ff9d7f,delivered,2017-08-10 16:33:10,2017-08-10 16:50:07,2017-08-14 13:15:55,2017-08-17 17:49:45,2017-09-01 00:00:00
d415e95816c2f3a2a34e06cd519157cc,f0ab4acc7e4a8236d84d6f74bad11b0e,delivered,2018-06-01 13:39:44,2018-06-01 13:52:44,2018-06-04 14:29:00,2018-06-11 19:53:41,2018-07-12 00:00:00
230571d6e34263b58881343939b5baea,e3ee592966c74c3bcf809148134e426f,delivered,2018-07-11 11:17:36,2018-07-11 11:30:13,2018-07-12 17:45:00,2018-07-13 22:34:53,2018-07-25 00:00:00
782af21dd678b879fae4f0f0d80bfda9,bd07a57a7c53edc164730535730d8082,delivered,2018-08-08 21:05:46,2018-08-08 21:30:16,2018-08-09 13:32:00,2018-08-10 19:41:21,2018-08-13 00:00:00
ee605d7a4828562e22bb239357c81830,9f44bc42812285f544a70b336a157b4b,delivered,2018-05-15 14:53:02,2018-05-15 15:30:57,2018-05-16 13:53:00,2018-05-22 19:21:02,2018-06-05 00:00:00
1f017356278d0ec178ac6490b8f27d40,da5f449ab9942e1b37e4514206a079fa,delivered,2018-03-25 23:20:35,2018-03-27 03:35:10,2018-03-27 23:18:35,2018-04-10 16:41:38,2018-04-12 00:00:00
694809b480ae4b3b1e2b5a94c738b7fe,8602c1889a30f2e3f7d3c67c17391008,delivered,2018-01-28 22:45:44,2018-01-28 22:54:27,2018-01-29 18:57:05,2018-02-02 16:42:34,2018-02-22 00:00:00
15d78ce10f27fd7ff33a22928455e29e,ea83ff51be836c1a1b8e5d9ac1f207cc,delivered,2017-12-03 15:20:42,2017-12-03 15:35:52,2017-12-06 00:22:40,2017-12-21 15:34:23,2018-01-10 00:00:00
36a924d21368a46d4ed120b8adb1dc3d,31d3512e7bed81e370160150fa1b0235,delivered,2018-06-23 20:42:39,2018-06-25 10:55:13,2018-06-25 15:31:00,2018-08-20 17:12:22,2018-07-24 00:00:00
e529c3dca69fcce22a39a059514c4ae7,3e9fc594a0a79ea460dca4a70d95645e,delivered,2017-05-11 21:31:00,2017-05-11 21:42:35,2017-05-12 07:34:18,2017-05-13 08:32:26,2017-05-19 00:00:00
2de88b97e4bbf3a783afbdd55cb955e4,3334059300fd837f7bd7d68481829fb2,delivered,2018-01-12 19:04:21,2018-01-12 19:12:29,2018-01-17 00:54:45,2018-02-02 01:57:00,2018-02-07 00:00:00
fbf3da6fe82010412982890b0c57e532,e24fae1db3d4f392215beb9553f72f82,delivered,2018-05-16 17:44:30,2018-05-16 17:58:18,2018-05-17 13:53:00,2018-06-08 01:32:39,2018-06-06 00:00:00
4d52cfe3ad25169d39fe5e6f99d17e2c,67b040308c4180844a54dea16ef1c5eb,delivered,2018-04-03 12:26:04,2018-04-03 12:49:05,2018-04-05 00:42:49,2018-04-13 16:46:31,2018-04-25 00:00:00
e33f532fabfd63c8b0e637d99e3dfdbc,c23053e4513a5142d344eb5efdb17635,delivered,2017-12-23 12:47:59,2017-12-23 12:54:36,2017-12-26 21:52:22,2017-12-28 19:52:34,2018-01-15 00:00:00
2d394ce1703ceeb355e2446e4a7a6bf4,bb4bd9ae44df35a367e6adb8d37faf6f,delivered,2017-12-11 13:19:11,2017-12-13 13:15:25,2017-12-16 00:48:02,2017-12-29 21:37:56,2018-01-22 00:00:00
675dac8b73cb0d20fa633e864deb7e1e,0999c7720d666729eec4968ae4ac70bb,delivered,2018-05-18 11:00:26,2018-05-19 02:59:04,2018-05-21 09:08:00,2018-06-05 15:44:30,2018-07-16 00:00:00
3eb6be637ceb5d426e6b80ca225d40f6,c01636cb2989108146b7c17f2ab9ad21,delivered,2018-03-28 22:39:33,2018-03-28 22:55:18,2018-04-04 19:30:44,2018-04-05 20:24:48,2018-04-10 00:00:00
6612d335f397178518a4fc1e95f89446,d4ea5dbe18a51ec06c36c206473b8fd2,delivered,2017-10-13 22:33:29,2017-10-14 22:49:12,2017-10-17 23:57:18,2017-10-30 15:57:42,2017-11-06 00:00:00
a6a24e05e7dd40e823bfdea3c2eefd3f,b3ffeb7d2f4abf9efb45ffe0c21799cf,delivered,2018-05-18 19:46:02,2018-05-18 19:55:34,2018-05-22 09:45:00,2018-06-05 23:58:40,2018-06-21 00:00:00
4d87e2e794792a3e2fcd7f7a5b4500b1,78bc85a7aa3f444cf7cf053df84fe035,delivered,2017-01-31 13:43:44,2017-02-02 02:55:28,2017-02-03 08:57:37,2017-02-17 16:58:32,2017-03-07 00:00:00
5174c535c7d862bf64c17f5e66a77f72,2fa99079eaeb1253b9742f6e44b4cb02,delivered,2017-09-25 20:01:10,2017-09-27 03:34:13,2017-10-02 19:14:06,2017-10-05 15:41:26,2017-10-18 00:00:00
d41eaefcbf24537ea6d79847d02a02f7,fdcd4987132cf021f0594fb829ca52a1,delivered,2018-03-11 12:44:32,2018-03-11 14:20:37,2018-03-13 15:59:48,2018-05-02 23:04:10,2018-04-12 00:00:00
1594082890bd7c4672ab9c9e4949f305,b47bc65b0868e4d9d38891686c30d68d,delivered,2017-09-11 14:54:34,2017-09-11 15:10:29,2017-09-12 20:13:32,2017-09-19 16:32:54,2017-10-03 00:00:00
d4d70141598f959f855ea0b6266ca5c6,874ec9d1ec3f15deb44f83b20b55aa71,delivered,2017-12-29 20:39:39,2018-01-04 23:17:32,2018-01-09 23:22:40,2018-01-26 21:20:03,2018-01-24 00:00:00
2ef02afb7f805f2864894d1477e29443,b87ade2343db3a71b9cc7ef696bc54e9,delivered,2017-11-21 08:49:33,2017-11-21 08:57:25,2017-11-21 22:36:49,2017-11-26 17:44:59,2017-12-11 00:00:00
2a0f3e45a35626fe09681315beafbb10,eedbc4ba82eaf24acbe9448241546893,delivered,2018-02-20 08:54:06,2018-02-20 09:07:37,2018-02-22 22:45:17,2018-03-09 22:43:37,2018-03-23 00:00:00
c6f38ced81ea3f5ba92fdfb726dc84dd,39112321f0b9ef449dc16da22cc36074,delivered,2018-05-04 00:23:31,2018-05-05 02:53:38,2018-05-07 14:30:00,2018-05-09 16:27:54,2018-05-29 00:00:00
7c0b9b2385b65bd8c7aa778a843155e9,26486f121c10b3cd835619f24a7cc97e,delivered,2018-03-02 08:32:08,2018-03-02 08:49:49,2018-03-08 19:19:27,2018-05-11 02:33:27,2018-03-22 00:00:00
d20ab6ddd8baabe785ac1209528fab7c,55882cb9d69cdca67b5b9d29ac15ff1f,delivered,2017-06-18 21:01:05,2017-06-18 21:10:15,2017-06-19 14:53:53,2017-06-23 09:26:42,2017-07-11 00:00:00
b0ef7f818e22c209f99d74eef200d2fa,d9f2aa097ad0d82553e694094c4d02a9,delivered,2017-02-23 13:14:13,2017-02-24 02:50:20,2017-02-24 10:06:39,2017-03-10 10:54:50,2017-03-24 00:00:00
3e05465a5e1bf9c38832ed79a795e04c,d78b10aa6001a8a94c47d2ab0d8291c3,processing,2017-05-23 12:55:16,2017-05-23 13:10:18,,,2017-06-14 00:00:00
2ddda59cefbe161601082d0beee3cf01,020b0645ceac44c1ae2de1ed2bc02b54,delivered,2018-06-04 15:44:54,2018-06-04 16:12:20,2018-06-05 13:07:00,2018-06-13 18:43:32,2018-07-13 00:00:00
cc20f1526c8c9725da26e2563d40260e,b21abdbd6175139c4e9b66ee64f9c87a,delivered,2017-10-18 14:41:59,2017-10-19 02:56:45,2017-10-19 16:37:16,2017-10-25 17:09:57,2017-11-22 00:00:00
68e3cd57e173ebad230c2879e6c78401,a8004a3d658be3bb26c0ad71671ef73f,delivered,2018-04-07 20:56:45,2018-04-10 04:15:40,2018-04-10 20:06:22,2018-04-11 20:48:32,2018-04-19 00:00:00
7e9c655f89ac314e5a2d5fe87c63df1d,94207055a592cc43b9e2be9e4ce6f05d,delivered,2018-07-16 23:18:33,2018-07-16 23:30:18,2018-07-17 14:06:00,2018-07-20 15:26:42,2018-07-31 00:00:00
bb903af0ad020f23de12114a1c74a2aa,e2e397b14afbf10eabd70b574c00c3df,delivered,2017-05-11 19:25:16,2017-05-11 19:35:08,2017-05-19 13:04:00,2017-05-22 20:43:46,2017-06-02 00:00:00
75b227944c7959b371a67edd0efebc81,e47069ab5bb1ad7de575d4a61b19a9f9,delivered,2018-03-25 17:55:15,2018-03-25 18:10:24,2018-03-28 12:26:26,2018-04-03 22:58:23,2018-04-16 00:00:00
433f891300dbfa0fc315c833c1e3692e,a4c8ce67568b530300e2dfdeef3260cf,delivered,2018-04-05 20:17:23,2018-04-05 20:30:17,2018-04-07 01:21:29,2018-04-16 15:42:32,2018-05-02 00:00:00
21207148c7a901f242180548ca68698f,6c812c7e20a4790e840e09697195b870,delivered,2018-06-20 09:22:24,2018-06-20 09:38:12,2018-06-21 08:52:00,2018-06-26 15:41:37,2018-07-19 00:00:00
2ecc1d9cebb1daded906e43f4c445a5f,35eb4fe5d37565a2e1215d70278eeb12,delivered,2017-10-26 20:01:40,2017-10-26 20:10:23,2017-10-27 16:13:15,2017-11-08 19:54:50,2017-11-17 00:00:00
a51d0a87a45192bebe2c13d190a8df2e,49b0163bfea7ab1e1959ae3a0f5b79e6,delivered,2018-03-26 15:39:36,2018-03-26 15:50:32,2018-03-28 20:07:23,2018-03-31 20:03:39,2018-04-06 00:00:00
3ef5b9f1e389f2dcd9e2694ab91620e7,dd21cc0ec49f7609b3c251a3b5342972,delivered,2018-05-06 14:29:03,2018-05-06 14:53:12,2018-05-08 13:50:00,2018-05-10 20:27:35,2018-05-29 00:00:00
a5a83c95ed669b7ba0ddce1d761c191f,edc1980f8563cad42e066bc9a60801c9,delivered,2018-02-22 17:55:55,2018-02-22 18:10:31,2018-02-26 10:12:48,2018-02-28 19:28:51,2018-03-14 00:00:00
58c851c107a9a3e21e03a9e2a1951d12,12b9ed9bc1f4f6648dab5fe7324a3d58,delivered,2017-01-23 22:39:00,2017-01-23 22:50:10,2017-01-25 10:56:42,2017-02-01 09:04:43,2017-03-20 00:00:00
599879f65ecb99f5e7ac1060022559d1,03547afd789d986fa9de32e9b0b8f344,delivered,2018-03-24 11:57:27,2018-03-24 12:10:23,2018-03-27 19:05:06,2018-03-28 20:18:23,2018-04-06 00:00:00
524ce46da48efa23b92e2efe62168f87,de39283a13721f828c6aa82ff0d7b78a,shipped,2017-06-14 07:11:20,2017-06-14 07:22:24,2017-06-14 17:34:39,,2017-07-19 00:00:00
b9be721c953bcf3a003fc4492a3155a1,c5f2638141123a751e472f59b10c943c,delivered,2017-05-28 11:58:41,2017-05-28 12:10:24,2017-05-30 14:31:47,2017-06-07 14:09:19,2017-06-27 00:00:00
6545aea5d681938dc5f177dfe17b62c9,b63c3897b6259fc5ea20bb997624ba7c,delivered,2018-02-11 22:55:27,2018-02-11 23:07:59,2018-02-14 21:59:07,2018-02-15 20:56:09,2018-02-26 00:00:00
67d06af97696c95df2bb26acf82db637,d3ddbbd220a088a3e353cd270c184e60,invoiced,2018-08-09 17:18:57,2018-08-09 17:50:12,,,2018-08-17 00:00:00
f17270c61aed8f1df00b8dfff634d06e,f36772c70b2ced4b3468e61ba2acff32,delivered,2018-06-07 21:21:16,2018-06-07 21:36:25,2018-06-11 14:31:00,2018-06-18 18:54:33,2018-07-12 00:00:00
2705b0c3085b59e58a22b5bed23ea614,81bf6261811882f97b22874b1c2d9cb1,delivered,2017-11-03 04:20:05,2017-11-07 07:30:51,2017-11-23 00:33:43,2017-11-27 21:58:52,2017-11-16 00:00:00
ccf592d5d82b80e4764b14cbfe857be8,29c1c04f23c6bce0dcb959418d6e0820,delivered,2017-08-11 13:13:58,2017-08-11 13:30:13,2017-08-14 17:35:58,2017-08-18 02:57:41,2017-09-15 00:00:00
e243d2b9a888be9451926d6053edf2a6,1d044059d25414bea1765816c0f673b7,delivered,2018-05-31 20:32:18,2018-05-31 20:50:09,2018-06-01 09:58:00,2018-06-13 22:21:54,2018-07-05 00:00:00
4fbc2bd17fd14bf9e9b4f28f96351edf,948f067df4cf5b2c51054d8a7603aaca,delivered,2017-03-14 19:26:29,2017-03-14 19:26:29,2017-03-15 09:47:51,2017-03-23 05:52:21,2017-03-31 00:00:00
8d07482cc33ee0ef531a83a05b75f61f,b65f29f78aceaa11c0fe3657d80bafaf,delivered,2018-03-16 17:25:45,2018-03-16 17:49:58,2018-03-19 19:04:14,2018-03-23 17:57:28,2018-04-04 00:00:00
e71b5af06924fcdd463a80a6d8bd1e3b,fd968a9c1ef34fa12e2e96371b589664,delivered,2018-06-15 14:30:59,2018-06-15 15:03:23,2018-07-04 10:33:00,2018-07-09 15:02:09,2018-07-19 00:00:00
835dc7ae3323802222f5f717e636e30e,f0ce7da570028c470c93faf637685414,delivered,2018-04-22 19:38:56,2018-04-24 18:11:13,2018-04-24 22:28:51,2018-04-25 14:03:21,2018-05-10 00:00:00
9bd1b16f0da3ab4e8407a76b1d97be22,10f16bdcf86ffb64a469edf9cc2994f2,delivered,2017-10-01 11:46:49,2017-10-01 12:03:53,2017-10-02 20:07:00,2017-10-09 22:42:04,2017-11-03 00:00:00
484ca594704f4ef69b286803bc8316bf,67d45ce5e10120b7d7e223195460caac,delivered,2018-05-15 21:13:41,2018-05-15 21:35:25,2018-05-16 13:57:00,2018-05-21 17:21:15,2018-06-04 00:00:00
f0de831f6d96e0046743adce5f86c695,9cc12381063d59ac2f47329d3837e3f4,delivered,2017-08-21 10:07:28,2017-08-22 04:05:52,2017-08-23 19:09:50,2017-08-28 15:04:45,2017-09-11 00:00:00
03a9581b10792275c52316cbbca5810f,94fc77dc2051c809864298a90c59b7cb,delivered,2017-10-13 12:04:44,2017-10-13 12:14:50,2017-10-18 19:18:58,2017-10-27 22:59:38,2017-11-08 00:00:00
662c788b9c2ea48e41b682f578f481ec,f306df97ddae62e06c5c172fc27ea0e4,delivered,2017-11-25 17:38:44,2017-11-25 17:53:23,2017-11-27 16:47:03,2017-11-28 19:48:55,2017-12-12 00:00:00
0bcde0684eba5746bbb90d6d9089570a,774858779c1de29d2be62401459a8ca0,delivered,2017-11-01 20:57:34,2017-11-01 21:31:25,2017-11-06 14:13:06,2017-11-13 19:23:46,2017-11-24 00:00:00
9ab483dc777aa2cf47ea47d10a72c538,3d378a55242890398f31018168e1c018,delivered,2017-11-24 21:31:59,2017-11-25 00:19:26,2017-11-29 20:47:55,2017-12-16 16:29:14,2017-12-14 00:00:00
12cebf41d5735b3a901bc60d2a26566e,bc000f3077e678720eac36cdba124c5a,delivered,2018-05-11 12:42:17,2018-05-11 12:57:14,2018-05-11 13:56:00,2018-05-17 18:31:01,2018-06-01 00:00:00
3e0181129c289a075b9cf01aae3ed86d,451ac8c45d5de89e09a153692b248176,delivered,2017-05-25 11:20:15,2017-05-26 02:25:19,2017-05-26 16:12:46,2017-06-02 17:57:52,2017-06-14 00:00:00
d24db146b6a1a1259d5a56d424ba59f6,e67f4b307d30db818d62f4021236dc26,delivered,2018-05-09 16:38:15,2018-05-10 16:35:29,2018-05-11 11:12:00,2018-05-16 14:22:34,2018-05-25 00:00:00
11a79baec5be1310ebcd7c9f2d0ab7c1,382e52bf410a0f4c1d71868d778c0531,delivered,2018-05-09 15:10:29,2018-05-09 15:36:51,2018-05-11 06:07:00,2018-05-12 18:26:30,2018-05-22 00:00:00
e8157cf4fcea528ade55ec61d5cb074e,539d5557507d7f7b22243ed088f4c391,delivered,2018-03-24 18:27:13,2018-03-25 18:27:56,2018-03-26 22:08:09,2018-04-03 20:19:35,2018-04-13 00:00:00
93e7c3691fb66f8e336d76b73d006cc1,779eb714e5158a7dc7c2b4c82b5a5cd5,delivered,2018-01-07 12:28:39,2018-01-07 12:39:29,2018-01-11 22:34:20,2018-01-18 23:19:13,2018-02-08 00:00:00
a0f980e432c8f9394766734266ed753d,bfd79932bf8a1a516868b6109c174fc8,invoiced,2018-06-22 16:14:04,2018-06-22 18:15:37,,,2018-07-05 00:00:00
0ba4f7e89d304a02edca85087abfd14c,b5c1c56fe1ec3cec6893b98d90a339bd,delivered,2018-08-13 22:51:49,2018-08-13 23:04:09,2018-08-22 14:04:00,2018-08-30 23:38:26,2018-10-25 00:00:00
93c0ee237d690478ecc66db76b8365f4,d6bbe1b73b3a86b33c5cdb0b4a8bf0df,delivered,2018-03-02 09:12:25,2018-03-02 09:29:46,2018-03-06 23:41:36,2018-03-23 00:28:38,2018-03-20 00:00:00
c4efe9b9dcdeb1a96497a8f580c1e411,d4c072d412c695fd3a4414cd08afc799,delivered,2018-07-26 09:09:24,2018-07-26 09:24:19,2018-07-27 15:34:00,2018-08-08 14:17:51,2018-08-22 00:00:00
ad35e5328e8d920391d2f1914a1b510e,33119874af2f4045c254bf8da62d12f0,delivered,2018-01-06 15:07:33,2018-01-06 15:16:33,2018-01-08 21:01:26,2018-01-13 16:10:09,2018-02-06 00:00:00
a269f07880aaf28f6c7d476f8b56bcbe,1e0665b5e6d0179aa3465a016dd49b48,delivered,2018-03-13 14:53:47,2018-03-14 03:00:28,2018-03-16 00:20:59,2018-03-26 22:25:04,2018-04-18 00:00:00
85dd1b320b4d8dcb8e905abbc53f8ed0,bbaa19939d242e851e0f6013c627af35,delivered,2018-03-16 08:49:53,2018-03-16 09:07:26,2018-03-16 19:18:29,2018-04-13 16:02:33,2018-04-09 00:00:00
c6e4a7d0a5786144ff3fe871cb2fd948,c83ee755c6457c8d152e4e5ada671d33,delivered,2018-02-07 18:09:01,2018-02-09 13:31:43,2018-02-14 22:51:38,2018-02-20 23:49:49,2018-03-12 00:00:00
405377f3183b98eb11163cfb9d9f619e,f284a7d8ad19cc16eadd4fa63d72b4a9,delivered,2017-03-07 22:47:06,2017-03-07 22:55:13,2017-03-08 14:32:10,2017-03-13 18:52:21,2017-03-28 00:00:00
8cf5db9be7a8932fb7cb01964d811b7b,420a47b906d307d5973d55dce307955a,delivered,2017-11-24 17:27:47,2017-11-24 20:56:32,2017-11-29 17:29:57,2017-12-05 18:12:27,2017-12-19 00:00:00
dec5dddbabb890eefc4bf9e0b66ad1bc,f25d8576442f2eb5a76648bea92b1c01,delivered,2018-02-19 13:39:17,2018-02-19 13:51:04,2018-02-21 18:23:19,2018-03-06 20:43:47,2018-03-22 00:00:00
17dc1e21997af8e93c86d7f7db02565f,d3216d63ecd7b466ae3f3eeaab37cdc7,delivered,2017-12-16 17:46:48,2017-12-16 17:56:29,2017-12-18 21:44:46,2017-12-26 21:13:37,2018-01-16 00:00:00
57cb57d559e32eab26b8eeaec5514b3b,2edac855eba5bea5a8c13af1630a078a,delivered,2017-11-24 22:03:26,2017-11-25 01:31:36,2017-11-28 14:09:42,2017-12-11 18:59:47,2017-12-21 00:00:00
e92b69e2e3106b4df04098d3f92d4c18,04ca69cc705242a6cb2465813eab22cc,delivered,2017-11-25 00:12:11,2017-11-25 03:10:52,2017-12-01 20:13:11,2017-12-05 18:42:23,2017-12-11 00:00:00
16122f8c266bab7e444b39ecba27c9db,c3fbafb9ba012c4b202de6e8f6f69060,delivered,2018-05-13 12:26:09,2018-05-14 12:40:04,2018-05-15 10:43:00,2018-05-21 18:26:58,2018-05-30 00:00:00
8237087537c881d90057c801bfbbeb83,3552e21b8471c8d3b2a958fefa3aa3de,delivered,2018-02-02 18:31:49,2018-02-03 02:53:59,2018-02-07 19:52:36,2018-02-24 21:54:12,2018-03-05 00:00:00
328978d6ed70a17301a26ffa09b7f1a8,51a8e8a5de7357311fc3c03dcb8de5df,delivered,2017-03-14 14:29:00,2017-03-14 14:29:00,2017-03-16 11:00:17,2017-03-21 12:18:40,2017-04-11 00:00:00
30f9a1ff42cc19d532df1d4431a9ac4d,9ec646fcbea9871a37321f99cbb761fc,delivered,2017-09-06 00:24:39,2017-09-06 00:50:11,2017-09-11 16:13:33,2017-09-12 18:21:41,2017-09-19 00:00:00
7150a9da273995bcf6c7c5beeb3e5c42,faf818567611ff0f84e721322fb8733f,delivered,2018-07-18 21:21:02,2018-07-18 21:30:20,2018-07-19 11:15:00,2018-07-27 11:24:51,2018-08-10 00:00:00
435776d6cb482a197e1300c0d7ec2312,a4fb7ce5087d905e34e3b4bc216b6148,delivered,2017-03-25 13:53:36,2017-03-26 14:02:16,2017-03-28 14:27:19,2017-04-18 11:38:10,2017-05-02 00:00:00
ac68b19902b80f75c025b4646f1d9e7c,7a09a1cba99e4ccfe5ef487f4ec362fd,delivered,2018-04-03 12:19:18,2018-04-03 12:35:19,2018-04-03 22:47:29,2018-04-21 00:57:34,2018-04-26 00:00:00
7abe199d448d327b3bb1150d2cf17ca4,68c91dbaa5922498621df16452ad4991,delivered,2017-08-06 13:59:41,2017-08-06 14:15:18,2017-08-08 16:17:40,2017-08-09 19:04:40,2017-08-18 00:00:00
7d576f29bdf44b7857414baff1c788b1,717be95b354f9e952da717a5f715580c,unavailable,2017-11-12 17:34:16,2017-11-13 11:06:46,,,2017-12-06 00:00:00
6b1684d215845905bb180301c9562738,90b25fbc512bf1df7017c9c5bdc7561b,invoiced,2018-03-15 20:26:18,2018-03-15 20:48:40,,,2018-04-04 00:00:00
7870e4898f865975acb43fb1c282f4d3,b7f9c7a0b694d1e97d28d3406e994d1e,delivered,2017-08-06 17:26:40,2017-08-06 17:42:58,2017-08-07 18:31:53,2017-08-08 21:35:26,2017-08-18 00:00:00
12dfd48a9e526859cc845d4856be12eb,99aed5ee153dc29a704ba0aa13056d2f,delivered,2017-12-01 14:08:31,2017-12-01 14:17:28,2017-12-11 16:03:20,2018-01-12 00:15:11,2018-01-05 00:00:00
9305a270ca278682f9c01c69a3cdfd9a,acfed1433ad9a30e9bb860a3a5ba8316,invoiced,2017-09-23 20:26:43,2017-09-23 20:35:24,,,2017-10-25 00:00:00
f1947038bdbb0dc6cfbb332abcd60221,44d1618af102390be343c3c8211bf42f,delivered,2018-07-22 08:51:17,2018-07-23 11:31:52,2018-07-23 11:23:00,2018-08-03 16:47:37,2018-08-14 00:00:00
ed60d6a05819396ce59802cc9c78007a,2718df26d5ca33e1da1919c0ca8d00fd,delivered,2017-10-14 19:10:02,2017-10-14 19:28:15,2017-10-18 18:37:53,2017-10-26 21:35:50,2017-11-03 00:00:00
84d27863cf4593bdc358f6b17240a3c5,36578b0c0b959dc3b01f093b6a96bf00,delivered,2017-09-22 14:10:23,2017-09-26 03:49:22,2017-09-28 18:13:01,2017-10-03 21:47:53,2017-10-19 00:00:00
d80b2f94bd1ae8c94f10c5084b1ee36a,97a93a4bdba637fac900b164e11b7e98,delivered,2017-08-12 17:41:29,2017-08-12 17:55:14,2017-08-14 19:27:46,2017-08-15 13:26:31,2017-08-25 00:00:00
5c52dc3b81ce140a01f336a2d77a91e7,3e56ca02c967da58ac214fbc94d78df3,delivered,2018-05-05 13:57:37,2018-05-07 21:32:03,2018-05-08 13:17:00,2018-05-10 19:38:22,2018-05-23 00:00:00
790eaf31f63a94f924509397ed8b15c2,8751b3e674f462b898aeb98bdceef9d4,delivered,2018-07-19 10:14:14,2018-07-19 10:25:17,2018-07-24 14:47:00,2018-07-27 13:02:51,2018-08-15 00:00:00
d6acdc262a2077df3faa69e3d3deca2b,5e223ccd16a56318f0f2a841f34a94b9,delivered,2017-12-26 22:01:06,2017-12-27 04:12:35,2018-01-08 13:34:19,2018-01-23 19:13:50,2018-01-19 00:00:00
4472eca3b65b1dca5e0d59c0e4e0c6bc,5775437e881f0a230649f5c63e1f9241,canceled,2018-02-10 07:39:19,2018-02-10 08:20:22,2018-02-15 22:22:46,,2018-02-26 00:00:00
d5178e0be8a5c76644351dfc6eaddfb2,3d9a21e8e8e7b1840707c7520c023f90,delivered,2018-04-20 13:29:14,2018-04-24 18:39:38,2018-04-23 19:34:51,2018-04-30 17:22:43,2018-05-18 00:00:00
8ee8ecf06cc74217d7cb0295e521a37c,a1f665007f4f5d36307cce660c3a34e7,delivered,2018-01-10 00:49:46,2018-01-10 10:31:54,2018-01-15 16:36:54,2018-01-25 21:35:39,2018-02-14 00:00:00
99792ea43b9b529b7866c142dce5ad7c,fac6817fa291e83aab3d7526b54bbec7,delivered,2018-02-24 09:45:45,2018-02-24 09:55:36,2018-02-26 23:27:01,2018-03-21 14:36:03,2018-03-26 00:00:00
6635b3b5c0e7f509b5b523f0527b81f5,a1453efd1a564d5e2984bb4626505faa,delivered,2018-01-22 13:24:20,2018-01-24 02:52:38,2018-01-26 17:05:12,2018-02-27 20:47:44,2018-03-02 00:00:00
8cb5a254ffe2441703d5cb9c2c337e4d,27593c5ec4d2cce244cec53c38e7a742,delivered,2018-04-24 09:01:22,2018-04-24 17:44:20,2018-04-25 12:45:00,2018-04-26 19:28:59,2018-05-10 00:00:00
af7f16b96e01b9947638321949f672d5,87863ad6c20c831af722c2401a1daf59,delivered,2018-07-06 10:45:51,2018-07-07 04:48:22,2018-07-10 15:03:00,2018-07-14 14:48:27,2018-07-31 00:00:00
7472a7af8da923995455305668975074,bbb03db80916f67f5b072516390bb4cf,delivered,2017-10-24 09:52:57,2017-10-26 03:09:39,2017-10-26 20:17:56,2017-11-04 03:57:16,2017-11-21 00:00:00
1a0947b062b99b0dddceccfdf2405039,b0adfd770ceda84fe1bb05e724cccea1,delivered,2017-10-06 17:12:13,2017-10-06 17:26:36,2017-10-07 14:50:15,2017-10-16 16:15:15,2017-11-03 00:00:00
a8364ce562b11418d525dc825099c431,617be02bd0adff180b9ed11ed7668a72,delivered,2018-02-14 12:35:02,2018-02-14 12:55:50,2018-02-16 01:38:51,2018-03-01 14:57:33,2018-03-09 00:00:00
e2333353b1155d708cd57467bd7be121,5699303b3e4abfe339a1fdf93b8ab014,delivered,2017-08-11 15:26:02,2017-08-11 15:44:07,2017-08-15 09:51:40,2017-08-22 19:29:04,2017-08-31 00:00:00
9f9fbc0e7d68d4fcbecc49a5e92b41cf,7f6447b2b23e17b3551bec3dcb4f9301,delivered,2017-12-16 00:30:02,2017-12-18 16:31:54,2017-12-20 15:07:22,2018-01-03 21:37:07,2018-01-16 00:00:00
87e3416e2de0152a60d621b4b22c8cc1,48d19db6e36c86234c34e847cee283e9,delivered,2017-12-14 22:11:05,2017-12-14 22:55:46,2017-12-20 17:04:16,2017-12-29 19:39:06,2018-01-10 00:00:00
0e58265fb71607725cac1432c6c944f2,1595b02112f2521f2873e2edae918aa6,delivered,2018-01-23 20:05:38,2018-01-24 02:35:42,2018-01-24 17:27:11,2018-01-27 16:33:01,2018-02-07 00:00:00
66b7e4ff35d62613a10899d4eb442216,4ff641591219dcd73b025f1081674247,delivered,2018-07-23 00:39:48,2018-07-28 23:31:04,2018-07-24 14:38:00,2018-07-31 23:38:35,2018-08-09 00:00:00
54a321486a622129adda771a323501f8,a22de42cdb14daab6c9a294ed8c1f15a,delivered,2017-08-01 14:08:34,2017-08-01 14:23:52,2017-08-02 16:37:59,2017-08-17 16:49:26,2017-08-31 00:00:00
ae64e2ba5ff3e9ffe94fa1c7b844b745,ca5fbf3bd965b0c278bc60d2b80c3cc6,delivered,2017-11-26 12:13:45,2017-11-26 12:34:37,2017-11-27 22:46:55,2017-12-06 15:28:41,2017-12-20 00:00:00
cbb39c59f8084f27c248bd5c3a1cde7b,5a1b3cfe4361ec9d9baabe656a05c00f,delivered,2018-04-02 11:58:24,2018-04-04 03:30:22,2018-04-04 23:50:43,2018-04-06 23:32:19,2018-04-12 00:00:00
4fe844d80625f6be3adc06cdfedc1108,377a1c43185f9e51bc117b1a517fa65d,delivered,2018-02-01 14:00:42,2018-02-01 14:15:27,2018-02-02 21:15:11,2018-02-04 15:42:52,2018-02-19 00:00:00
5137d2621656ff029745600e991f1835,a128541cb76a69397001530fc8eae67f,delivered,2017-11-25 09:50:00,2017-11-27 18:11:07,2017-11-30 17:15:40,2018-01-08 19:48:33,2017-12-21 00:00:00
0a499296998c5b2e877297984bdf657c,39860c1476da3e80b10d2af02d2e1a7b,delivered,2017-03-16 10:03:53,2017-03-16 10:03:53,2017-03-16 15:10:23,2017-04-07 13:47:59,2017-04-07 00:00:00
317e2a850e41487363a134bb3369262b,634df8e0e275262ab76a3d15a07ddbac,delivered,2018-08-14 06:34:28,2018-08-14 06:45:10,2018-08-15 14:09:00,2018-08-21 15:18:52,2018-09-17 00:00:00
39abbbed01c79f6b367a56bf5905da34,d62ea309fcc28ec855324d8055ce2aea,delivered,2017-07-14 15:51:06,2017-07-14 16:05:11,2017-07-20 16:39:37,2017-07-21 17:55:50,2017-07-27 00:00:00
4e3cc1c522e0aef1e726d2f9eaeb8807,48ffb27b100e6e986744322a54733643,delivered,2018-07-04 14:47:12,2018-07-05 16:32:54,2018-07-04 14:40:00,2018-07-09 19:46:43,2018-07-25 00:00:00
b133041f435fb36b9569e761f56e10c0,293997bf41bcd176f302d7ebc6c49684,delivered,2018-06-15 19:41:25,2018-06-15 20:03:24,2018-06-18 16:27:00,2018-06-28 19:06:46,2018-07-18 00:00:00
ba726c9844d9393a779180c32dbfa0eb,c39c0acb50acd91213bd5ec365926c83,delivered,2018-04-30 17:21:44,2018-05-01 02:53:01,2018-05-03 06:32:00,2018-05-08 14:38:53,2018-05-18 00:00:00
08225af20bcc4b379e2019b723e44a45,f56d77e36e3973c755ea8e55d1bfac81,delivered,2018-02-04 23:21:11,2018-02-04 23:35:27,2018-02-08 00:47:57,2018-03-07 16:12:16,2018-03-08 00:00:00
821c1b3c87d17a24efad81096bee5f09,24455809d8e25059274e820cc202b50a,canceled,2017-10-21 17:39:23,2017-10-21 17:49:28,,,2017-11-03 00:00:00
0b5e170e94809753b83e7770cfe6bc4f,96eabda898a7f9126f253a6cd3d01c4b,delivered,2018-01-31 23:14:15,2018-02-01 03:12:06,2018-02-01 21:48:30,2018-03-06 20:04:12,2018-03-16 00:00:00
2873081ab29eb52a684fc606e602f2a6,e748bee251c369a98cd9b20671605f10,delivered,2017-12-29 14:28:27,2018-01-03 04:17:38,2018-01-04 16:40:00,2018-01-16 15:48:43,2018-01-24 00:00:00
b4d84c94b807c15d5499ce40b6122efd,2e460574e3012e1d2383aa85bb954772,delivered,2017-05-11 12:07:25,2017-05-11 13:05:35,2017-05-15 06:28:10,2017-05-16 22:39:44,2017-05-19 00:00:00
396ca10a49401efb99c1e55716800936,ea8a51f54b0118c85a5b4a674a586409,delivered,2017-12-04 15:58:09,2017-12-06 02:38:34,2017-12-07 20:44:30,2017-12-20 19:48:37,2018-01-02 00:00:00
224417719168eaea9497efd016f3bd43,71f231be6ae63347086bd8d1555b766d,delivered,2018-07-18 09:52:09,2018-07-18 10:02:04,2018-08-03 14:12:00,2018-08-13 18:44:29,2018-08-22 00:00:00
ee5e59dd35aa71f46adcd545eee0c87e,28f59fee437471a527e0e47e766f4f59,delivered,2017-07-13 11:22:10,2017-07-13 11:35:11,2017-07-13 20:02:52,2017-07-18 18:48:31,2017-08-02 00:00:00
59b16f8ad42d4ca115b579dca32f7e76,3a79e8f2113ab89554d67a50e53debf1,delivered,2017-05-28 13:39:31,2017-05-28 13:55:17,2017-06-01 10:39:53,2017-06-05 17:57:40,2017-06-19 00:00:00
342426d7317aac507750dd7c1c9e1014,8497dc2eeac7315dea29803992fb1b2c,delivered,2018-02-01 11:06:24,2018-02-02 11:55:27,2018-02-05 19:24:28,2018-02-06 16:35:38,2018-02-19 00:00:00
1eb9380debdef5728de9246f8f884f95,601000180d6e570af83559b7baa70931,delivered,2018-02-19 06:52:54,2018-02-20 07:07:10,2018-02-21 16:39:10,2018-02-22 17:27:19,2018-03-05 00:00:00
c53b0fc1c72d7bda1f878a03bb49bb0d,7fef300de8ad3161c1ce5697b2c48078,delivered,2018-03-30 14:16:58,2018-04-03 05:28:25,2018-04-03 23:08:37,2018-04-05 01:05:15,2018-04-12 00:00:00
f0c04ce2856f738a0d783b126692a0ff,eeadac9b0fe825a38f5935b801e3937b,delivered,2017-07-06 23:49:03,2017-07-07 00:43:22,2017-07-10 15:13:00,2017-07-13 17:07:33,2017-07-26 00:00:00
291cc6d48f9475a822aecd9c9a78d4ac,cdf54352d65d0d97dfb6064f119af75c,delivered,2017-11-24 01:35:16,2017-11-24 01:48:24,2017-11-25 16:46:48,2017-11-29 20:03:40,2017-12-12 00:00:00
cdd28b19608da7e96804c00fdfd2faf2,6321967be34f1f61327ad2af4857f65c,delivered,2018-01-14 16:26:03,2018-01-15 16:31:10,2018-01-16 18:34:48,2018-01-22 13:32:28,2018-02-09 00:00:00
57c28fab977b1d61c2b5612548fda073,fda1f3693c66c39dcdc4160749ba062f,delivered,2018-02-28 16:12:15,2018-02-28 16:29:57,2018-03-08 02:33:25,2018-03-24 16:16:38,2018-03-26 00:00:00
7770f0fa803309f7765d9c449f1a7db4,fa753711fe72433b2d40f06d300f097e,delivered,2018-03-19 16:54:42,2018-03-21 02:51:00,2018-03-22 20:12:55,2018-03-29 21:09:50,2018-04-06 00:00:00
bfd2cf5a993d1f386d0ba7fe0cfe6b7e,6d1a3e9eec0461474dda136c92a61a7a,delivered,2017-11-10 14:15:44,2017-11-11 02:56:12,2017-11-17 11:18:59,2017-11-20 19:12:23,2017-11-27 00:00:00
b95698cb2b294e6656ad89f313fab791,824378e2e7b939ceb7f83eae6ecd0911,delivered,2017-11-20 21:17:39,2017-11-21 21:26:10,2017-11-30 17:53:17,2017-12-13 19:13:40,2017-12-21 00:00:00
513b6592fe9a0b61ad5be337680b84d0,46b5eb3e7ed10cff6f8310d7dd721bfd,delivered,2017-07-07 11:14:04,2017-07-08 03:35:10,2017-07-10 14:03:26,2017-07-19 13:53:01,2017-07-31 00:00:00
906be41c08c186ca1b3152e6e9a04ed4,20d4c91630e708521b70462bfe7a8418,delivered,2018-04-19 16:11:05,2018-04-19 16:58:07,2018-04-25 14:24:00,2018-04-27 18:54:56,2018-05-08 00:00:00
667a6d329a62f026cfb2e41a6510a858,ad8b48d037b4bf765b31c022ab7972e2,canceled,2018-02-27 10:12:23,2018-02-27 10:30:32,,,2018-03-13 00:00:00
086f8f18f98299e22931d762c63db2b8,e000c51c02fb75809f4f2864f87fcb12,delivered,2017-11-16 17:02:25,2017-11-17 21:15:51,2017-11-20 20:09:58,2017-11-24 18:33:55,2017-12-15 00:00:00
88fe4d922d314b99b95d77628dc7d0a0,0c307086df43cfe61d995c90c01a9607,delivered,2017-11-24 18:16:55,2017-11-24 21:36:12,2017-11-28 22:03:50,2017-12-01 20:32:56,2017-12-14 00:00:00
767dd7bdeb5f5d8f1840145a3e898bc2,91693fdec54a003591f8786b71c52fec,delivered,2018-05-23 17:43:11,2018-05-24 18:23:01,2018-05-29 14:38:00,2018-05-30 18:55:41,2018-06-08 00:00:00
a6a79f22b18545c911da156420ae1e67,2ca75833234da2e8a01f0b900d6b7fe2,delivered,2018-02-23 17:50:23,2018-02-23 18:30:29,2018-02-26 19:19:59,2018-03-08 18:51:32,2018-03-23 00:00:00
38606eb20bdd1b2f56309287e809510d,526183218f54a9fb62f0c1318acf32e3,delivered,2018-03-22 09:19:59,2018-03-22 17:08:49,2018-03-27 01:13:31,2018-04-19 23:16:57,2018-04-11 00:00:00
ad9a7a5732e10876e711ca49c3f0c11f,a1e89f19c9574524ae71e53f9013d979,delivered,2017-11-28 17:43:07,2017-11-28 17:56:39,2017-12-05 23:19:00,2017-12-12 01:24:56,2017-12-22 00:00:00
ab7645aa9bb508419e3dfcd8805edf76,e7da42975653f8bcc8311bdef3847164,delivered,2017-12-22 11:42:09,2017-12-22 11:52:31,2017-12-27 23:03:15,2018-01-11 23:09:39,2018-01-26 00:00:00
87a6714a3d067360c32393b2889a1726,208351e39f4ca153f72012d7a6ba23b9,delivered,2018-02-25 18:54:15,2018-02-27 04:31:05,2018-02-28 16:37:16,2018-03-06 02:04:12,2018-03-16 00:00:00
53ae19e61b64511503fe8e4ccd3f7f7b,521861ffb08358d8ac87c610b2aee606,delivered,2017-07-14 16:11:34,2017-07-14 16:25:06,2017-07-17 17:12:28,2017-07-28 16:37:52,2017-08-04 00:00:00
00ea690fe8c5eba029a3884243a02352,9d7381a45eebf403b3b830a9742b928b,delivered,2017-11-25 01:49:52,2017-11-26 20:13:19,2017-12-09 00:13:02,2017-12-18 15:33:12,2017-12-26 00:00:00
58fbaad9a29e6929f8e0281886302d8b,b6cbc64a76fc19bf964f8397cdd1471a,delivered,2018-07-02 09:52:25,2018-07-02 10:10:47,2018-07-03 07:41:00,2018-07-03 23:52:11,2018-07-16 00:00:00
3198796f14214053998f8f2eca1c9c59,085fda9ad0f070bc313c536d8ce07882,delivered,2017-05-24 09:12:10,2017-05-25 09:22:33,2017-06-05 17:38:34,2017-06-19 19:32:29,2017-07-03 00:00:00
a1507471bbdff217f9247b6fc3bedc53,ad0c35291897fe7676b70f34277553e2,delivered,2018-04-02 00:31:04,2018-04-02 00:47:44,2018-04-03 19:47:42,2018-04-06 20:53:33,2018-04-18 00:00:00
0e267661d8b529cca5d38ca34716b3ed,cf03fb26e6e79189fc120e0371240ff2,delivered,2018-05-05 22:09:43,2018-05-08 04:33:53,2018-05-08 13:44:00,2018-05-14 15:22:28,2018-05-24 00:00:00
ca0aec022ade40e435aa800a29981eb7,9710dff12838bcb8c0c63ce65752c864,delivered,2017-04-11 18:29:35,2017-04-11 18:42:04,2017-04-12 08:27:54,2017-05-10 12:53:10,2017-05-15 00:00:00
d8523695fd09e96dd93c94cde119c037,b62b6b8762d3be392c8a2d6acbd3c881,delivered,2018-04-16 21:23:27,2018-04-16 21:52:25,2018-04-17 17:50:52,2018-04-24 17:03:04,2018-05-15 00:00:00
2af8c95ec50f6585484dfcaabb9b9b67,23bc5df9b0713722b017fa1e1bcf30bc,delivered,2017-06-06 18:52:38,2017-06-07 02:32:39,2017-06-08 15:11:23,2017-06-19 19:44:50,2017-06-29 00:00:00
8599e76adf580692cddfebfcea8042f0,d19edad236156a06d87428469b342205,delivered,2018-02-24 15:42:33,2018-02-24 15:55:38,2018-02-27 14:22:46,2018-04-04 21:14:54,2018-03-22 00:00:00
a826cc67324e880829ebd6954f6ed5e3,927d6e7701e11654a585a2dc56cb4c23,delivered,2017-11-21 17:02:45,2017-11-21 17:11:22,2017-11-23 19:52:59,2017-12-01 18:13:42,2017-12-15 00:00:00
f5aa1edb9fcb689d509794aafb9ee0dc,b3898bfaf96f49102ab3a0e225f17852,delivered,2018-01-26 11:04:00,2018-01-27 02:50:35,2018-01-29 17:12:53,2018-02-05 21:15:36,2018-02-22 00:00:00
95e418ea130a24742051eb864d986af5,c7af50844dc871ad6300f7d58498df9b,delivered,2018-04-21 12:11:02,2018-04-24 18:34:12,2018-04-23 18:46:51,2018-04-26 19:25:45,2018-06-06 00:00:00
18566c7a35287580c5ae220d2e5c84f4,bbf748f4decefc4953e8ef479b2d435a,processing,2017-10-09 15:58:32,2017-10-10 20:50:09,,,2017-10-31 00:00:00
d33be829077151dda20753366fa25927,25995fc0a4d5bca402a0a651e38aecfb,delivered,2018-04-07 06:46:26,2018-04-07 07:07:51,2018-04-10 02:12:36,2018-04-13 20:26:43,2018-05-03 00:00:00
cbc956fc2a27bbc8dc18bd3a27ce7127,7011f4155b42c995054d9700c975f724,delivered,2018-03-08 11:40:28,2018-03-09 02:30:39,2018-03-09 18:08:23,2018-04-27 16:29:03,2018-03-27 00:00:00
790d7fdb41e9a2457520208c7a7eb0ca,22d27f7b57908f1e8c9982bcf920bc88,delivered,2018-01-15 10:01:54,2018-01-15 10:30:28,2018-01-16 00:18:06,2018-01-31 19:55:01,2018-02-06 00:00:00
d52d8b400bb758fb5b25ca1af464f814,129ae9b07360545f7752ed4251ea5041,delivered,2017-11-24 00:24:32,2017-11-25 05:50:02,2017-11-27 18:53:18,2017-12-02 17:27:04,2017-12-15 00:00:00
fa10e2525a383d23880eef7f85d6945f,448d3f4f1b5f4a142b0d8736c66ba398,delivered,2017-12-11 12:54:37,2017-12-12 03:56:28,2017-12-12 18:05:28,2017-12-26 19:25:00,2018-01-09 00:00:00
85d8650f82d9c340bd53a17c2adcdced,5626650d4ff662ebbb6bcd7e126fd6d7,delivered,2017-11-27 15:51:23,2017-11-29 02:19:58,2017-11-30 13:58:58,2017-12-15 20:48:42,2017-12-20 00:00:00
2db03cab424d6d9008c2dce7d6757ef1,e8a45e0dc990d5f668877abe22e2db2e,delivered,2018-08-09 15:00:58,2018-08-10 03:15:11,2018-08-10 13:36:00,2018-08-20 22:36:50,2018-08-23 00:00:00
a58501933b951c0ef69c4a50f9c31c95,87daa89808a5dc8c4910c496b33a5e18,delivered,2018-03-08 22:30:09,2018-03-09 00:55:13,2018-03-09 20:13:28,2018-03-21 21:33:32,2018-03-27 00:00:00
309d93b13e288fdf8b2f10db048f0f69,b7fb62f14c17de6c1cb77ed5330dc869,delivered,2018-05-15 16:01:56,2018-05-16 02:53:53,2018-05-18 10:25:00,2018-05-24 00:28:29,2018-06-04 00:00:00
e45cd17d2a71cf962914a543d8cca5b6,32282d611772d83a29eb4360b724c55d,delivered,2018-07-23 00:21:22,2018-07-23 12:31:54,2018-07-23 15:24:00,2018-07-24 21:48:43,2018-07-31 00:00:00
d809c236053cf2dc908107360b97302e,d08010b90306a39765dc8ea6b95c7d0f,delivered,2017-12-03 20:37:29,2017-12-03 20:55:16,2017-12-04 18:51:24,2017-12-11 20:13:30,2017-12-29 00:00:00
b626a11507dbce56f74a5b1b1a6af615,fd5878d884704e7165c352d83b9cadb7,delivered,2017-01-23 22:29:40,2017-01-23 22:41:58,2017-01-24 08:19:20,2017-01-27 11:34:04,2017-02-28 00:00:00
a217507ac495620d9a403939c9604703,33e121698cc308d56daa525cf4d590fe,delivered,2018-08-06 13:28:18,2018-08-06 16:55:30,2018-08-10 15:04:00,2018-08-17 18:11:35,2018-08-09 00:00:00
9400d8dac20b5beae1c2833bf7dc440f,43a23ff9af0c723b18ab653e17fb4e14,delivered,2018-06-10 12:04:13,2018-06-10 12:17:36,2018-06-11 12:57:00,2018-06-18 18:56:29,2018-07-03 00:00:00
3ecd4d06af8d5179eb36b73b96f88f2c,e24c0945fa2087c097670b25251de11d,delivered,2018-07-04 15:57:32,2018-07-05 16:32:47,2018-07-06 07:28:00,2018-07-11 18:18:17,2018-07-23 00:00:00
04689f2d82bbf4efb4cd3300961d4211,76621e79f527ea4202b8f05ee88ecd54,delivered,2017-06-11 19:43:03,2017-06-11 20:05:10,2017-06-12 19:27:47,2017-06-19 21:07:41,2017-07-12 00:00:00
94de210268ddadb6c8e523a716f96164,68d71b7a75306be42e90795009f2a8cc,delivered,2017-10-11 12:55:32,2017-10-11 13:07:13,2017-10-13 15:55:53,2017-10-16 21:19:22,2017-10-24 00:00:00
c02d8b5948dda3c7be497b0349c7256c,98f28fffa1c9e07ba5a33cb690eb33c4,delivered,2018-03-08 19:38:25,2018-03-08 19:50:34,2018-03-09 18:58:35,2018-04-06 17:18:39,2018-03-28 00:00:00
99c254ee6e59f7fa7bfa6675933cbc04,d93c4debe6b53c79a03f1d13da6e5b9b,delivered,2018-03-09 20:19:13,2018-03-09 21:20:28,2018-03-15 20:18:25,2018-03-23 17:26:53,2018-04-10 00:00:00
76ac5a9b38c945eb910681d171e98c55,7cfc40e1c9c256c761f4a55ab39d9d62,delivered,2017-07-14 17:10:12,2017-07-18 05:55:39,2017-07-20 17:31:56,2017-07-25 22:17:55,2017-08-04 00:00:00
21f4b58b45fe418aed605934ec0ae1d2,58c64ba24f392c8b7d9391d22b3c34de,delivered,2018-07-12 11:42:05,2018-07-12 11:55:20,2018-07-13 15:01:00,2018-07-20 17:24:33,2018-08-02 00:00:00
26ba119cb1ecc9d4a697d0c6e077b88e,c1b08ec078e0bd97c1a015357de32a7e,delivered,2017-11-12 17:52:41,2017-11-12 18:07:15,2017-11-13 19:22:08,2017-11-23 20:14:52,2017-12-01 00:00:00
c459d8ba2ab3f1d559fefa7ef0977cb9,872e8f8c0b4df3c1c97b0ce2fdd2d248,delivered,2017-12-22 16:14:43,2017-12-22 17:02:15,2017-12-27 10:58:52,2017-12-29 20:49:39,2018-01-19 00:00:00
7290e4e9da44a65e4da02e797ec28037,d635279811f9acbc630d3558881c73fb,delivered,2018-01-27 12:30:29,2018-01-27 12:53:27,2018-01-31 10:58:38,2018-02-07 01:09:04,2018-02-23 00:00:00
4410b6f844fd4511b1ce28083c2f2eca,668ae42be228a2b9f3e0e1efc0e18072,delivered,2018-01-23 11:05:13,2018-01-23 11:17:19,2018-02-07 16:33:21,2018-02-20 12:48:51,2018-03-01 00:00:00
f489949dbe23cf9313deb342913ece0c,6f241d5bbb142b6f764387c8c270645a,delivered,2018-05-10 18:46:19,2018-05-11 09:40:13,2018-05-11 13:53:00,2018-05-21 16:49:52,2018-06-06 00:00:00
3ea393b6b5c82e62aadb0bab29892bbf,3da151283555f08ba83a9bafed7a269d,delivered,2018-06-23 22:09:17,2018-06-23 22:34:57,2018-06-25 14:59:00,2018-06-26 18:56:32,2018-07-05 00:00:00
ef1af042323731907ad5d9feea27fc61,e93744b7309b885171f62e915a68d068,delivered,2017-12-22 22:08:25,2017-12-22 22:19:34,2017-12-26 18:39:22,2018-01-03 14:59:24,2018-01-23 00:00:00
cca79f1e5c4dcf95bfadc53c7a97b4ff,33ab326883f37b126492b8a58a1dd3f3,delivered,2018-04-17 13:24:37,2018-04-17 13:35:19,2018-04-18 16:03:56,2018-04-25 15:48:52,2018-05-18 00:00:00
550a829a6ba3991905c34d5c15b2f50e,32846c0a002f03651acaef99053ec024,delivered,2017-09-06 15:46:37,2017-09-07 02:50:19,2017-09-11 16:49:49,2017-09-13 21:54:04,2017-10-09 00:00:00
f77f2b95a7b6f7fcabbf99ff2c58dbe4,78e7af7a67e984349c77cc89472bb72d,delivered,2018-06-06 08:19:13,2018-06-06 09:11:15,2018-06-06 15:18:00,2018-06-19 18:17:16,2018-07-18 00:00:00
cb4d0ce750b3542055ae832b4d3bcca4,7a24f850592485f402c7038ca51efe3b,delivered,2018-08-26 21:01:14,2018-08-26 21:15:10,2018-08-27 15:03:00,2018-08-28 16:06:49,2018-09-06 00:00:00
f36d534d445a4b1a5cef4092573aa1f1,28991726082135ea6a75457c41995705,delivered,2018-03-20 00:36:35,2018-03-20 00:50:25,2018-03-20 22:52:42,2018-03-26 13:38:45,2018-04-02 00:00:00
bacacd90ea03f7aceb09acaab257d094,9c1e1cb2f0d8c96ba81879c1c6c423e4,delivered,2018-04-23 19:24:50,2018-04-24 19:29:27,2018-05-09 14:22:00,2018-05-11 18:09:05,2018-05-10 00:00:00
1e14de13248e098b9bc206b9387602eb,7c56f03a02e7ed831fc684b6f07142be,delivered,2018-05-18 20:08:44,2018-05-19 02:58:59,2018-05-21 16:02:00,2018-05-24 13:48:22,2018-05-30 00:00:00
b7c0d5af4a5a6374adedc4dd9ab21923,4956cfa41268f0de55f989555c81ddde,unavailable,2018-01-01 23:50:58,2018-01-02 00:07:21,,,2018-01-18 00:00:00
a122cfd6bf1027781187a1fec2f24ba1,9ad9c7649e0d97f80f696409d776a706,delivered,2018-05-03 18:28:52,2018-05-03 18:55:22,2018-05-09 15:48:00,2018-05-16 21:11:01,2018-05-28 00:00:00
178b47270e98b91b6d34278d77b27bb3,4942083df2e79bb7ecb6728281a16b35,delivered,2017-11-24 10:17:29,2017-11-24 11:33:56,2017-11-24 19:47:41,2017-12-04 17:37:59,2017-12-19 00:00:00
6fa25e5deedf726d264d6714ac4a8ab4,36a1d03f4dcccccd1051003dd90261e6,delivered,2018-08-03 13:18:15,2018-08-03 13:31:45,2018-08-06 15:18:00,2018-08-08 18:56:37,2018-08-08 00:00:00
5e5766c3a748a45bb1cf4d930a06e26c,8a80473d5bd79f9961f1c23e548eb1bb,delivered,2017-09-14 19:37:37,2017-09-14 19:50:11,2017-09-18 18:03:41,2017-09-26 20:55:39,2017-10-04 00:00:00
ff767a5901c39fba72b1b8eade30d691,0029cdf064769cabdf3186b54d068c99,delivered,2018-02-04 12:22:30,2018-02-04 12:35:36,2018-02-08 16:21:43,2018-02-20 23:57:50,2018-03-06 00:00:00
cace823f92c444647ed99fa6ecd8e582,a354b46a65c3f4937bd3a1d6e548ba9f,delivered,2018-04-09 22:49:42,2018-04-10 01:31:08,2018-04-10 20:26:31,2018-04-20 11:28:36,2018-05-04 00:00:00
104aeb5f53808a5bae6b96a7784a2b04,c2c9579c45a61a254b8a2b4892c87363,delivered,2017-11-28 14:46:00,2017-11-28 15:06:50,2017-11-29 15:32:19,2017-12-09 14:55:46,2017-12-19 00:00:00
71296f82a6d5877cc431e71d741a6500,a82f565513ba05f2932657b5e817c837,delivered,2017-12-20 16:12:33,2017-12-20 16:31:45,2017-12-21 17:07:08,2018-01-03 17:57:41,2018-01-18 00:00:00
449ddd1e13fed7e12cc60600ffeb3158,076489247897b6f1f2a68de880fbc6f2,delivered,2017-10-02 12:57:58,2017-10-02 17:49:14,2017-10-03 16:53:46,2017-10-10 18:24:01,2017-10-30 00:00:00
b78ba2e791199cc6293f8abf411fa386,618b370ac43ca5311d8d39d8a466332c,delivered,2017-07-09 10:29:21,2017-07-09 10:43:39,2017-07-10 17:04:04,2017-07-14 17:51:47,2017-07-28 00:00:00
e8dcb5c19d58dc860f2c4a1594dff6b3,dccfc93e5f94a64f1f325e322b64844d,delivered,2017-04-21 23:43:42,2017-04-22 01:15:10,2017-04-24 08:46:35,2017-05-02 10:55:59,2017-05-17 00:00:00
f4a954736e0e556f4caaf426f1028ce6,2d1c5e687c232d5dab274e9c7d39e197,delivered,2017-05-15 17:23:34,2017-05-15 17:35:15,2017-05-16 10:12:57,2017-05-25 12:16:55,2017-06-06 00:00:00
df2d37051bb54c7c7b2fe0d2999f0f08,94b5c58d2db647ddc5fb529c638deacb,delivered,2018-01-24 14:02:56,2018-01-24 15:16:10,2018-01-30 10:38:54,2018-02-01 17:02:31,2018-02-08 00:00:00
a3e9e5209110a0dcfe5b20b01e6a69e7,cb6b298a2a15ea89e712248ae05dbab4,delivered,2018-07-14 10:21:43,2018-07-17 06:31:00,2018-07-17 11:58:00,2018-08-02 01:36:35,2018-08-07 00:00:00
e705f2cb7b2c63e98fd9ccc1c7c1ee94,0a6bd5b2b853de0e3f86708f42712ccd,delivered,2018-03-24 21:09:44,2018-03-27 04:08:39,2018-03-31 21:32:41,2018-04-03 23:44:38,2018-04-06 00:00:00
bb135d26e1017e379593cef6fea4044f,52676d15b30a358c8524321ff09ce7de,delivered,2018-04-19 06:59:56,2018-04-19 07:10:19,2018-04-19 18:07:31,2018-05-04 00:20:55,2018-05-16 00:00:00
06daa9224cad114ece451ff00c20d49f,22419d01eca598d91376a0f5216ba095,delivered,2018-08-19 17:11:58,2018-08-20 12:30:15,2018-08-20 14:31:00,2018-08-22 00:44:24,2018-08-24 00:00:00
0cd86c0a1fa24bd440af2866ae16995d,a566585a6ead4fb92057528b37750c94,delivered,2018-07-28 13:24:50,2018-07-28 13:44:54,2018-07-30 10:11:00,2018-08-02 16:21:15,2018-08-09 00:00:00
3e927dfcc405632ef96885c77e6e5d83,2ae858711010fa5c644f51532b9d4fb4,delivered,2017-10-10 17:15:26,2017-10-10 17:35:42,2017-10-13 17:22:24,2017-10-20 00:24:53,2017-10-27 00:00:00
77f35737e8ff2ae16bb726e3e1125861,b46d25caa332a03d042e6d3ac4958aec,delivered,2017-08-30 22:23:44,2017-08-30 22:35:22,2017-09-05 22:47:57,2017-09-13 19:19:49,2017-09-21 00:00:00
d6120dd259a4e9ebf7c31843e023cd45,6d50df77dcd49ffec3b539bff0890d90,delivered,2018-02-20 12:34:44,2018-02-20 12:45:38,2018-02-23 18:03:13,2018-03-02 18:17:53,2018-03-22 00:00:00
d6c065668419a3c99899c2a28d0fa9f5,ff0839c962e0de1cee0a782bda352401,delivered,2018-05-09 13:16:00,2018-05-09 13:34:58,2018-05-11 10:54:00,2018-05-21 16:44:49,2018-05-29 00:00:00
c0e6383da11ccfdd84ac4e5bc6cec73f,f533b4f7371b257c32a77110df6022bf,delivered,2018-03-22 11:34:34,2018-03-23 02:30:41,2018-03-24 17:22:37,2018-03-27 21:52:38,2018-04-04 00:00:00
99228ba067d1079de42bfe817f1fa907,b492e0aaedfe4c3f2d1223ef22734c86,delivered,2017-11-16 12:12:50,2017-11-16 13:10:36,2017-11-17 19:36:57,2017-12-07 20:52:49,2017-12-13 00:00:00
4fc1fb51c00a593d698708ba797bf73c,df2a5fac390ebf96fd3efa70fe4758c8,delivered,2018-08-05 19:49:07,2018-08-05 19:55:19,2018-08-08 13:37:00,2018-08-22 22:11:39,2018-08-27 00:00:00
14f737727f2b0000ca63eb288357c13c,fcf2507b5a716d2700a4b7b342b5bda1,delivered,2017-07-25 11:16:58,2017-07-25 11:30:17,2017-07-28 20:41:27,2017-08-07 21:26:46,2017-08-22 00:00:00
6893249ce4e1c005d32eaf13b7bde6eb,5cd6014b029bae9f12a017b42d61ceae,delivered,2018-07-17 23:15:14,2018-07-17 23:25:12,2018-07-27 14:10:00,2018-07-30 12:32:23,2018-08-08 00:00:00
0e66712947a6d0ae935240a304775a17,d3583f0406695312a26cf86a886caa70,delivered,2018-04-06 16:39:34,2018-04-06 16:50:22,2018-04-09 23:04:22,2018-04-17 14:36:40,2018-05-03 00:00:00
7da8b207db3f7231fb1d741fad7dce3a,5a7046dbe281aa4912b52fd9893c0903,delivered,2017-11-10 20:24:53,2017-11-10 20:35:25,2017-11-16 21:49:15,2017-11-21 22:52:41,2017-12-08 00:00:00
4cf18bf9d25331902ba212fa69a7a01d,b9881ff387a33587c9530e4f8733a2eb,delivered,2018-01-13 10:56:36,2018-01-13 11:09:12,2018-01-15 16:12:51,2018-01-22 20:22:09,2018-02-14 00:00:00
8145677825a046ef68ff103a47a8be48,a1b2e97bc4df82fe88776276afc2c721,delivered,2018-05-09 06:16:38,2018-05-11 02:57:45,2018-05-12 08:18:00,2018-05-16 18:52:04,2018-05-18 00:00:00
20469319e0bed934658208f7bf3015ee,eb6f31fdec40de6301646341c6e59496,delivered,2017-12-14 16:59:32,2017-12-14 17:13:51,2017-12-18 15:28:40,2017-12-26 16:42:47,2018-01-16 00:00:00
cc91991372c1322fe937f53d91856acd,c4cfd6c44a0ede227d7faa7fc3331bb0,delivered,2018-07-13 11:31:43,2018-07-13 11:44:12,2018-07-18 13:27:00,2018-07-24 19:35:32,2018-08-14 00:00:00
86bb2a790fa5e4830a669e84e452ec3d,059a14c0dedd7aaee2dc398ede72bb94,delivered,2018-08-16 10:09:55,2018-08-16 10:24:03,2018-08-17 12:43:00,2018-08-23 18:42:36,2018-09-03 00:00:00
ce0fc5f1ff91f6aaf5eae637a2827b2e,d15532989a114df3c8065dd8e9eaf49b,delivered,2018-05-26 18:51:09,2018-05-26 19:10:22,2018-06-05 14:18:00,2018-06-11 14:36:44,2018-06-28 00:00:00
2fb7dfe5fec51c8a96ee5349c1faf9c0,572791c601e0c0a2331c6a900425d3f1,delivered,2017-08-16 11:14:55,2017-08-16 11:45:14,2017-08-22 21:25:32,2017-08-25 18:41:40,2017-09-13 00:00:00
2a4e71291d5a82e5793485d0a2aae555,72954ddea1890629433e5d3ddd0bb680,delivered,2017-08-27 17:31:51,2017-08-27 17:44:12,2017-08-28 20:33:52,2017-09-01 19:12:45,2017-09-08 00:00:00
5782b3af52f3953fec44afe27ecd1892,4965b9be66de662998ffee51521b53bc,delivered,2017-09-22 08:54:16,2017-09-22 09:05:21,2017-09-26 19:12:02,2017-10-06 19:08:44,2017-10-20 00:00:00
cd3d84e6743d5f2e14233c017e9bd10a,3de7da4ef84ac238c26ed09b06c7e792,delivered,2017-06-07 21:40:50,2017-06-07 21:55:17,2017-06-08 17:33:14,2017-06-13 12:08:10,2017-06-21 00:00:00
f765267bcbede7982c8ecdbe594fa249,01e44a7a40e6456dfdcab17b65106fe4,delivered,2017-06-13 11:17:34,2017-06-13 11:35:48,2017-06-13 15:04:36,2017-06-23 10:42:47,2017-07-13 00:00:00
8d8a1fb20cc3bcbed0c51fd0c70bc538,8b80d650dc2282d7175ab30a8b417280,delivered,2018-02-03 17:24:51,2018-02-03 17:35:28,2018-02-05 23:53:49,2018-02-27 16:49:07,2018-03-14 00:00:00
3d124284515fa7130862f5500fd95c2a,b10b53dacf64f37db15bdc334d3adf3a,delivered,2018-06-17 07:47:24,2018-06-17 08:19:31,2018-06-20 18:01:00,2018-06-21 20:26:29,2018-06-28 00:00:00
2e84d66424ec0ddb081078d1411fb1db,8d668ebf82d5e30bfd13822db8b51d59,delivered,2017-01-19 16:17:57,2017-01-20 02:05:28,2017-01-20 14:11:32,2017-01-27 16:07:50,2017-03-01 00:00:00
fd02009200e89316d5b945b9e795ad7a,e573ce303c3f851ea01bb5ee58610e01,delivered,2018-01-02 18:30:12,2018-01-04 03:31:58,2018-01-05 22:35:05,2018-01-23 15:16:34,2018-02-06 00:00:00
f824b4829cd5241bb5e90df926d9434f,313bc196737278f240ca37fdd878b844,delivered,2018-07-15 19:32:35,2018-07-17 04:31:30,2018-07-17 11:19:00,2018-07-25 20:32:34,2018-08-07 00:00:00
7eb5250ca7b7e2436c5114888c655c1d,afef906b644b83715aebac6ff592ee0d,delivered,2018-08-22 10:41:47,2018-08-22 10:55:23,2018-08-24 14:11:00,2018-08-29 20:58:38,2018-09-12 00:00:00
d19cf6ec40b00db56211b4db0a663266,01fb2aa709b6a7a424268503d97fc753,delivered,2018-04-25 20:58:05,2018-04-26 03:11:12,2018-04-26 14:45:00,2018-04-30 20:24:51,2018-05-18 00:00:00
1844e712df65f8b8d0c1d26efabda561,c052a81ffc514ccc770f2d0247fd2e37,delivered,2018-04-16 13:41:53,2018-04-16 14:33:11,2018-04-19 19:43:31,2018-04-24 18:38:00,2018-05-09 00:00:00
53e4f7240aa13df65778901b7e368c5b,b915de450bfcf26fb15d9d80656184c9,delivered,2017-06-17 23:53:28,2017-06-18 00:47:04,2017-06-22 13:21:49,2017-06-28 15:29:42,2017-07-11 00:00:00
b9b67defe2c737be99d6d3fbeec2e62e,2239dc7cd7e66faaeebfd0621eb73627,delivered,2018-04-17 17:02:13,2018-04-18 17:33:53,2018-04-19 19:58:45,2018-05-02 20:54:37,2018-05-25 00:00:00
927f3c81633f3807af398f2d919530f1,4b032c367b3dc8f32a122b19bb6e8482,delivered,2018-04-28 18:49:15,2018-04-28 19:11:03,2018-04-30 14:57:00,2018-05-07 20:11:21,2018-05-23 00:00:00
56f8f42c9ba3fde1fd14794adfa04b1c,4fafefc10818a910bfd143269f1e4ea9,delivered,2018-08-04 17:00:55,2018-08-04 17:15:15,2018-08-08 13:26:00,2018-08-10 12:28:40,2018-08-16 00:00:00
de93801862c37117070ec2e1534a1b23,9208a631ec3f1aa2a350beb39900ef8f,delivered,2017-04-30 16:37:09,2017-04-30 16:45:20,2017-05-05 15:03:06,2017-05-16 06:10:16,2017-06-02 00:00:00
1a319e1928be683affb1be930220e2a2,bfb6cabeae9b6ef42a80a067a613c269,delivered,2017-05-14 12:47:08,2017-05-16 03:25:36,2017-05-17 11:58:48,2017-06-01 06:06:55,2017-06-13 00:00:00
71af6bdc7a6b64f062547bde7036b353,c55de39677b36f6c185440314b6853db,delivered,2018-03-26 14:31:27,2018-03-26 14:47:38,2018-03-27 23:06:45,2018-04-06 18:50:59,2018-04-18 00:00:00
34636c8ebf156ff646392967b52f97af,541bac139eab89dceeb61d79bf7bd1e3,delivered,2017-08-28 21:51:16,2017-08-28 22:05:15,2017-08-31 21:43:42,2017-09-14 18:06:00,2017-09-15 00:00:00
41fe5122a99e994da33095efeb38f8a6,5c155c5095c1d2ac15be7d90282057aa,delivered,2018-07-04 00:38:14,2018-07-05 16:26:43,2018-07-04 15:09:00,2018-07-06 01:48:33,2018-07-17 00:00:00
917a7774cb93f6df3d4f5eada57f0154,877d7a34bab3806f610260f879a97d6d,delivered,2018-03-10 15:54:31,2018-03-13 04:28:17,2018-03-16 19:19:42,2018-04-03 13:54:24,2018-04-09 00:00:00
82e39ebd7b6c4b1949dfa6307fd2f186,f53564ac2ec1c32d30751b44a472177f,delivered,2017-06-01 16:05:44,2017-06-02 16:10:16,2017-06-05 14:03:31,2017-06-14 14:42:27,2017-07-04 00:00:00
65a05062e11f3e5121cd0e0723bf765d,2799fe5cb33f25c1336f9c810f5bab84,delivered,2018-05-28 18:25:10,2018-05-28 18:50:07,2018-06-06 15:01:00,2018-06-08 19:53:43,2018-06-20 00:00:00
531abf2d5cc78f7a49d9ba560cbbfe7a,ae98a844ca4fe6653961f85c51adca40,delivered,2018-03-02 16:21:33,2018-03-02 16:31:50,2018-03-27 16:53:08,2018-04-02 19:24:46,2018-03-26 00:00:00
2b0991a89bd6f0e75a51275d3d1dfe71,de49c10452c86eb6d0f7f8a9be71d7f3,delivered,2018-07-18 08:28:03,2018-07-19 04:35:22,2018-07-23 15:11:00,2018-07-31 18:12:20,2018-08-13 00:00:00
e7462b52f18d6033a0b5714f2dae7e79,f04466963e7ba849a84bca97c5d90aca,delivered,2017-04-14 13:36:31,2017-04-14 13:45:22,2017-04-17 12:23:57,2017-05-02 14:08:59,2017-05-10 00:00:00
ae940b7edae45de05e43817ff84efbfc,8d611bfb0f842b0d7e3cd686f8f695cb,delivered,2017-09-06 23:06:57,2017-09-09 10:03:54,2017-09-12 23:41:56,2017-09-29 21:23:05,2017-10-03 00:00:00
780bb1875afb8783be7fab39382d8eee,15ce8ebbf78bb839bce4f80906c8727f,delivered,2017-07-19 10:37:51,2017-07-20 02:10:19,2017-07-21 19:51:59,2017-07-24 22:23:06,2017-08-01 00:00:00
812f59f34238daae0b90419914cecbc1,1a5b33aa3f2b25d5f88c968d74b2fd6e,delivered,2017-11-28 16:53:56,2017-11-30 02:26:11,2017-12-06 20:23:11,2017-12-12 00:03:36,2017-12-12 00:00:00
8f0d2087347d1dff81d3b4f38b72ebfd,b4ad8dd9f06169d62e679ae887070d2a,delivered,2017-07-13 19:00:37,2017-07-13 19:10:23,2017-07-14 19:33:26,2017-07-31 19:34:05,2017-08-16 00:00:00
1896be39bd2157ea3a1aefc50140ceb7,0395ccc69bc49302782458b3d24cf3fc,delivered,2018-01-02 16:24:58,2018-01-02 16:32:18,2018-01-03 20:10:36,2018-01-04 22:06:35,2018-01-18 00:00:00
40f48d5dd944f114806d064c0f06b9d6,1a3d05c4c8ba3d8657e6faecb04e8f4f,delivered,2017-10-24 00:43:37,2017-10-24 00:56:21,2017-10-24 20:40:01,2017-10-27 14:12:27,2017-11-10 00:00:00
6f7ea3cb9fdeb4cb0d48e1933d792a56,b8161d486fb5b343ce446bac70ee5496,delivered,2018-02-28 10:23:40,2018-03-01 02:55:28,2018-03-08 18:06:39,2018-03-15 18:06:34,2018-03-13 00:00:00
2f0242bf2ed4fe8fa1d9a2ad9c6e24e4,68a0f75ceb8d5fe2ec088e848315108a,delivered,2018-02-19 19:42:37,2018-02-19 20:47:07,2018-02-22 01:08:53,2018-03-01 21:29:47,2018-03-06 00:00:00
686c221e73131e19a93a0acaa858b3be,7957a6e03d999fe1c2ec39471bbbb09a,delivered,2018-06-17 12:55:42,2018-06-17 13:13:35,2018-06-19 14:26:00,2018-06-25 19:42:01,2018-07-12 00:00:00
a9013af14c8d031fab5eb2a183333068,22cd28336bed7b9612a0f9e2d03815f6,delivered,2017-04-01 18:32:34,2017-04-01 18:45:12,2017-04-04 13:57:02,2017-04-29 11:05:39,2017-05-05 00:00:00
2850b44a6ac24793c4c0dc86095ff024,0b43997a4269e8d2aad0a3a3b05e3bb4,delivered,2017-10-16 20:14:22,2017-10-16 20:28:25,2017-10-19 14:12:35,2017-10-23 13:57:54,2017-11-06 00:00:00
f3c3a7ba1b89f8248dbb8e42813efad5,2722d60fd1027ac0dda8e5fda7105448,delivered,2018-04-04 18:02:41,2018-04-04 18:10:19,2018-04-10 00:04:04,2018-04-11 17:52:07,2018-04-16 00:00:00
55369224caa140402df3d45387f08c41,a1117ae24c0d94be1e8346ec32cc0bc4,delivered,2018-03-05 10:30:39,2018-03-06 10:29:55,2018-03-07 21:21:45,2018-03-15 22:47:39,2018-03-26 00:00:00
c920bbccb7c36a0527bc4f95e518028e,033ccdcc580c85fd79e294166214d562,delivered,2018-02-20 19:54:50,2018-02-20 20:07:13,2018-02-22 17:22:59,2018-02-23 20:49:15,2018-03-06 00:00:00
603ce2ff199feacf630d9362b570e57f,8b7f6e341a6f4faa1666c52575795c3d,delivered,2018-05-14 08:37:56,2018-05-15 04:35:11,2018-05-15 15:39:00,2018-05-17 18:12:48,2018-05-29 00:00:00
453d6f15ae1c7406d6ec6a5ee3909b82,d6e0e90d298a127a8f1c6793bc8df207,unavailable,2018-02-09 17:34:55,2018-02-09 17:49:30,,,2018-03-05 00:00:00
3cee24433e03d9b70b40bb36fb37cc52,e864187b27681ed48c419ce4668ea1e0,delivered,2017-11-25 19:57:19,2017-11-25 20:11:22,2017-11-29 21:34:45,2017-12-17 15:36:48,2017-12-26 00:00:00
acdd0de80f7578505c5155e046771423,be8890ee2591415e42d0dfb5a6232db8,delivered,2017-11-27 20:09:54,2017-11-27 20:38:10,2017-11-29 01:58:57,2017-12-12 23:49:31,2017-12-20 00:00:00
6092e1f4faee9cb84572ee9da62b6d99,92b13cb37ad7bdb61b0abd19136c4cd4,delivered,2018-03-28 10:35:22,2018-03-28 10:50:20,2018-03-29 22:41:55,2018-04-02 21:58:50,2018-04-10 00:00:00
62fdb474a1e9231a4cff2ae1ccd41e06,82a65a12c22a738d21581c0dede11f56,delivered,2017-12-20 21:38:09,2017-12-20 21:49:55,2017-12-21 15:54:04,2018-01-04 00:13:15,2018-01-15 00:00:00
77e62cfd69f43538aaf8b8cc7392a151,44482c5323790a05d4e3d7b3b00a32a1,delivered,2018-08-19 14:37:08,2018-08-20 12:11:53,2018-08-22 14:50:00,2018-08-24 01:06:42,2018-08-31 00:00:00
39559fcf9796220ee34c01c473d42cb0,bc7398b02f14bcd3a5181e6a9b50c5de,delivered,2017-11-27 22:39:26,2017-11-27 22:57:28,2017-11-29 22:17:03,2017-12-02 00:29:47,2017-12-11 00:00:00
0f597abb3c3850157138723eceba3f1c,444f829ae8a3aba7097ee7e14902987b,delivered,2018-03-14 19:08:26,2018-03-15 21:49:22,2018-03-16 23:32:25,2018-04-18 12:41:36,2018-04-09 00:00:00
267cf5d5f5d44907ac3a107257c47290,8ed1eac4a6e3270d12bc685cd1c5267b,delivered,2018-07-21 12:35:09,2018-07-24 11:32:51,2018-07-25 13:19:00,2018-07-28 20:21:49,2018-08-07 00:00:00
626cc7becd5dfa43b91c241e510efb4c,0bb1f312072d547381118b5dc196c1e3,delivered,2018-03-20 09:56:22,2018-03-20 10:10:39,2018-03-20 21:38:47,2018-04-10 19:48:48,2018-04-06 00:00:00
aebfae1934f275da60a8fa54082b5ee0,4c3438ec5a2100f3739525f20beef134,delivered,2018-01-21 23:13:49,2018-01-22 14:03:45,2018-01-26 20:12:55,2018-02-05 19:48:54,2018-02-19 00:00:00
9012c3771b9eb03dc645be00aa938da1,739eb599dee869ac6f617b28e59909d8,delivered,2017-08-20 15:23:41,2017-08-22 04:27:02,2017-08-29 22:04:05,2017-09-12 20:21:20,2017-09-25 00:00:00
91c383c15a26a95416ca4de3d010d0e2,8acba881353543ad239ff65400910e43,delivered,2018-06-10 16:31:23,2018-06-10 19:12:20,2018-06-12 14:18:00,2018-06-23 15:42:29,2018-07-13 00:00:00
14bbe584b52d7f29efcd5d8b5553af3b,bc26d46f86d504a4e89350f0c426a419,delivered,2018-07-18 15:13:06,2018-07-20 05:05:10,2018-07-23 15:19:00,2018-07-27 19:12:28,2018-08-13 00:00:00
c5e44ccca834721d269f1227236ae8be,c9d717c837919bc6ee17ffab4ccbb3e8,delivered,2018-07-13 11:05:00,2018-07-13 11:15:22,2018-07-13 12:09:00,2018-08-02 18:23:53,2018-08-02 00:00:00
4912772a793d70a274417e23f3baa184,859d2f80a169acdc091ef7241c42f64b,delivered,2018-04-27 08:43:58,2018-04-28 02:51:33,2018-04-30 10:53:00,2018-05-04 18:57:44,2018-05-21 00:00:00
ec6fe743da5ac778a05b4f6e1c2046df,ff621f1352e09391cbcd31ad1b20f1df,delivered,2017-06-01 22:45:00,2017-06-01 22:55:09,2017-06-08 18:32:36,2017-06-16 14:59:40,2017-07-04 00:00:00
e40432477b0a9de5823fb1c0fd293a5b,5e50b2b1a4f6a2a5d4bccbf44f2f6406,delivered,2018-07-24 16:03:03,2018-07-26 03:24:23,2018-07-26 12:52:00,2018-07-30 18:40:47,2018-08-09 00:00:00
de364de7f162af086becab0daf5bba53,65a2ba24925de9690a89ab47d1ef8448,delivered,2017-06-20 09:52:08,2017-06-21 02:15:28,2017-06-23 12:46:33,2017-07-03 15:29:30,2017-07-14 00:00:00
cb2fbc8c6e48dc4954fc8cb1034900f0,e010713b72d4abff34f5607c632db1c2,delivered,2017-03-08 19:27:48,2017-03-08 19:27:48,2017-03-13 13:11:52,2017-03-22 10:41:54,2017-03-29 00:00:00
3999535bce12c57de04b7af9cada3719,830189729977319117f0d48e84e330ba,delivered,2018-02-10 12:39:37,2018-02-10 12:50:28,2018-02-16 11:59:59,2018-02-21 16:11:23,2018-02-26 00:00:00
6ca2b1dbcac1751cab45df5faa1b892e,0974e9a00257a842b2ab61eb66b3b435,delivered,2017-01-26 14:26:43,2017-01-26 14:35:20,2017-01-27 16:05:57,2017-01-31 07:17:59,2017-03-02 00:00:00
f9c6801b9c045eee2a9c41dbf6fcb67d,08f33b15b6d92a5209ca1622585bcfb9,delivered,2017-03-07 19:10:21,2017-03-08 19:15:13,2017-03-09 13:36:50,2017-03-13 16:36:42,2017-03-24 00:00:00
2a6bec11c832798d5062d5fcad19635a,c14a5fd4937185ca0c40391878241275,delivered,2018-08-06 18:34:27,2018-08-06 18:45:17,2018-08-07 11:40:00,2018-08-15 21:26:45,2018-09-10 00:00:00
32b699ecc034c52511737f616e721bc0,b4032f13aa7eaf83f5477bab758561b3,delivered,2017-03-21 09:20:40,2017-03-21 09:20:40,2017-03-29 09:05:34,2017-04-04 14:33:16,2017-04-17 00:00:00
a8f67659d37c5f30f8481103b652975f,067f4b11580519064d68007ffc9e080a,delivered,2018-04-02 09:29:24,2018-04-02 09:48:34,2018-04-03 14:13:45,2018-04-10 16:12:26,2018-04-18 00:00:00
dc0090d613d9e71c981ca40fdf835f84,82a83f6c4fea1e66fc3cade51ebd1584,delivered,2017-05-15 13:20:40,2017-05-15 13:30:15,2017-05-16 13:58:27,2017-05-26 09:13:38,2017-06-08 00:00:00
f83cf3c2b67fa69e65f769bbd1b06396,53fc04283f0d946a97b1f45ef5a9d039,delivered,2017-10-17 20:14:30,2017-10-17 20:28:14,2017-10-19 20:33:36,2017-10-30 22:26:39,2017-11-09 00:00:00
bb4078da70b34609d9f52f149dafab11,2281999bb816e2e8dddc16a555597df7,delivered,2018-05-21 16:09:34,2018-05-22 08:16:32,2018-05-28 14:03:00,2018-06-07 19:24:25,2018-06-18 00:00:00
b11f3e9b7dec8dbe0c00f5bbb408126f,44488cff47ed7cd870ce098e951dc70f,delivered,2017-07-23 15:06:44,2017-07-23 15:15:18,2017-07-28 20:33:39,2017-08-01 18:04:08,2017-08-04 00:00:00
1abe86bb35e6bb090aea0e1b22b8eaeb,19f14bc6e61673618b16b2e68b523ab3,delivered,2018-01-31 20:58:40,2018-02-02 02:55:44,2018-02-06 00:51:18,2018-02-07 20:28:49,2018-02-16 00:00:00
4d830da4d207262a3965ac4429084d52,1672e3890be47a86ba6c69b56a523f50,delivered,2018-06-09 13:39:44,2018-06-09 13:51:38,2018-06-14 12:39:00,2018-07-03 20:10:50,2018-08-01 00:00:00
68051b9b65c4b30fc1252a2b69fe1d0b,fd1113e9d9cf81c3b1e1704b6ae6286b,delivered,2018-06-07 23:15:30,2018-06-07 23:35:35,2018-06-08 18:04:00,2018-06-19 16:12:42,2018-07-13 00:00:00
d78bf5f7b32db25ce7cd2f808c72512e,d4334d07435b97a519de6cfd8ae5957e,delivered,2017-07-16 18:27:27,2017-07-16 18:35:20,2017-07-18 11:37:37,2017-07-24 17:55:38,2017-08-16 00:00:00
95f7c9a70e61538871a0c98ac42654d7,057212a7e2c0390b177a21009184b294,delivered,2018-02-28 18:05:46,2018-02-28 18:15:32,2018-03-02 00:15:08,2018-03-21 22:17:22,2018-03-26 00:00:00
04f94352a3c9730205d3fa72cb014eb4,97b2b730a9199d685c6ad1edb3b2b2c2,delivered,2018-06-15 08:55:30,2018-06-15 09:37:51,2018-06-19 15:44:00,2018-06-25 15:21:30,2018-07-13 00:00:00
c28ea7fe040d1dae12d3c6f239a5a732,c017b03992ab8a3b738ab876601399c2,delivered,2018-04-18 12:41:51,2018-04-18 12:55:30,2018-04-18 23:02:19,2018-04-24 20:52:09,2018-05-11 00:00:00
cdc82761e2ff29724926335586ac1f8c,13b5774a39e594e308044385c5240dd8,delivered,2017-03-07 14:53:22,2017-03-07 15:03:08,2017-03-07 15:39:54,2017-03-10 14:58:22,2017-03-24 00:00:00
0f375a22986f5561dd6c2a22c86c6b25,90f15adb98877594fbed555a0622972e,delivered,2018-07-24 14:23:37,2018-07-25 14:24:32,2018-07-25 14:07:00,2018-07-27 21:36:41,2018-08-07 00:00:00
d7d77e6d58cb59dcc4660ab21874aa3a,45d746bce0e044d98386226e02405756,delivered,2018-06-18 21:19:39,2018-06-18 21:35:41,2018-06-25 11:24:00,2018-06-29 14:31:54,2018-07-17 00:00:00
2588c3896757567ab46a721e4b36c8c8,ce3e86aad1d622225ecb544bae76d9b2,delivered,2017-07-10 18:05:29,2017-07-10 18:15:21,2017-07-11 19:53:29,2017-07-19 19:02:41,2017-08-01 00:00:00
e033bdf3c0d77ce6a7c7ee1235c8d051,4c9bf235c8597c7db70610186af57d7a,delivered,2018-06-20 10:18:11,2018-06-20 10:44:15,2018-06-21 12:30:00,2018-06-22 16:05:02,2018-07-11 00:00:00
c339883c001902289c0283631cfa22f2,bd0d433f7eb2b8383f25d2777d8e4241,delivered,2017-07-29 17:06:06,2017-07-29 17:23:16,2017-07-31 17:59:52,2017-08-09 19:37:33,2017-08-22 00:00:00
4d4ca4a2ebb64c45176252833b2131a9,1c47d3e98ab6db520d78634dedff774f,delivered,2018-08-16 17:43:21,2018-08-16 17:55:24,2018-08-17 14:32:00,2018-08-22 22:28:44,2018-08-27 00:00:00
505a3bb5ff0c07fe7d0557cab70693ae,a61eb5acd0c3d2cb6a77f19c5935f0d7,delivered,2017-09-04 12:43:57,2017-09-04 12:55:15,2017-09-06 19:04:12,2017-09-13 21:47:42,2017-09-21 00:00:00
8880e2d4468f5aae8e21b63115ce635f,2e603bfcc5fef237c24599fadf6d2d85,shipped,2018-02-15 20:48:54,2018-02-15 21:06:37,2018-02-16 23:42:07,,2018-03-12 00:00:00
cd317fc34a4ea25ea8d1743f003712ac,9624e8e47226d31aa58b9628299e6a76,delivered,2018-03-06 11:39:57,2018-03-06 11:55:36,2018-03-07 21:18:53,2018-04-03 17:42:34,2018-03-23 00:00:00
635a6e08aac84fe50f3b08c49b8c2dbf,4237454cf3f961d5c656344ffa9165fc,delivered,2018-04-25 14:39:40,2018-04-25 14:51:41,2018-05-03 15:07:00,2018-05-08 19:12:51,2018-05-24 00:00:00
e0d591c33ad6eff1a3fef686cb08ad17,486a09b3981a40f3d2e61faf113c28b5,delivered,2017-11-26 19:08:06,2017-11-26 19:17:24,2017-11-30 23:15:09,2017-12-01 21:04:02,2017-12-12 00:00:00
89faa15dbbd13f5a340deeddd4f7f721,da9a939a3d13a1ac3798da6a22b674d1,delivered,2018-03-13 23:35:45,2018-03-14 00:08:57,2018-03-14 19:31:42,2018-04-02 22:33:07,2018-04-03 00:00:00
acd28ef21e6a66f094eebbf1e65e58ae,495a06b43543cd05dba495187d78de12,delivered,2018-04-10 16:56:05,2018-04-10 17:52:06,2018-04-11 18:26:39,2018-04-12 19:08:44,2018-04-24 00:00:00
a85f6d573e494907ed413a50ba08771b,9837d1472cd03e9141e2880406c56850,delivered,2018-07-19 09:04:05,2018-07-20 04:55:28,2018-07-23 07:06:00,2018-07-26 18:13:51,2018-08-03 00:00:00
5d84669999cbca120d2d557e6995ee80,9969ad5edcaec4c09cd4e4021d5feed9,delivered,2018-08-15 22:16:05,2018-08-15 22:44:11,2018-08-16 11:52:00,2018-08-27 14:58:45,2018-09-10 00:00:00
a43959b4fa84405a58554cfe776350fd,afef0262c47697a580a62eb254dd23a0,delivered,2017-06-30 14:17:12,2017-06-30 14:25:13,2017-07-03 18:58:01,2017-07-07 20:59:50,2017-07-17 00:00:00
61d3a2143232a765152de0a29583bcf1,c1bbdcbd2f21f02e4493e99161899a27,delivered,2017-10-31 21:46:31,2017-10-31 21:55:16,2017-11-03 20:04:59,2017-11-11 16:11:46,2017-11-23 00:00:00
d21711f4bfc26162d5a8e471d7edb25f,e905991b2a4def2d46132b1101483a44,delivered,2018-07-22 19:37:18,2018-07-27 23:30:58,2018-07-25 15:09:00,2018-07-31 17:07:39,2018-08-20 00:00:00
ccab2293e0214590eace61fec5947f04,1b9fe118281922def1e4e536fa317d71,delivered,2017-10-16 12:20:08,2017-10-16 12:39:28,2017-10-17 21:56:42,2017-10-24 20:17:36,2017-11-03 00:00:00
27f94439147cec2228561de8e5775ac1,075ef61489ef7122c2a0f69e79c55ff3,delivered,2017-07-04 23:03:40,2017-07-06 03:23:36,2017-07-07 14:45:32,2017-07-13 18:29:47,2017-07-28 00:00:00
567d66becc6262cc863b77907f21089e,b708e2ca2868effbb373e0a91ab58e97,delivered,2018-07-16 09:48:11,2018-07-17 05:30:33,2018-07-17 14:20:00,2018-07-20 20:56:45,2018-08-02 00:00:00
3bffa7b0b14b8da97ced87564e8cae11,c49c9e9e0a0d5da42b91147d46397db2,delivered,2018-05-17 16:36:32,2018-05-17 23:33:34,2018-05-18 10:48:00,2018-05-22 14:36:46,2018-06-01 00:00:00
6e1fdac1871d58f1e81976be36a2634a,b1025fe116e2906edeb529c659bac499,delivered,2018-06-17 22:02:18,2018-06-17 22:19:07,2018-06-18 12:28:00,2018-06-21 22:37:27,2018-07-11 00:00:00
c4b7e0f753bc9776f48075c977a2d623,dc24cf303aad72df564a8fa8691a7c21,delivered,2018-08-03 11:28:06,2018-08-03 11:44:11,2018-08-03 17:29:00,2018-08-10 19:05:41,2018-08-28 00:00:00
cee90a4ed9adb7e720e6007bcc43e4e3,f16d1dbb62900f4dc430b12e962308b8,delivered,2017-06-30 13:00:04,2017-06-30 13:15:10,2017-07-06 05:57:29,2017-07-27 21:03:03,2017-08-01 00:00:00
cdbd1e3a663df0944666a04a273b2acb,c3a54edf080bcc3c840ae5f97def207c,delivered,2018-04-12 02:31:46,2018-04-13 12:34:41,2018-04-17 19:26:24,2018-04-24 19:21:29,2018-05-04 00:00:00
85b63c21e1881b0980a007a5dd56d198,acd8e74233aa5091d573fb28b6aa1ce4,delivered,2018-08-23 11:39:31,2018-08-23 11:50:17,2018-08-23 16:38:00,2018-08-29 01:08:33,2018-09-05 00:00:00
7a727e7d4fd27ecc265e8415030811c5,99c49972cccd0c7f3891735f208da202,delivered,2017-05-29 21:39:18,2017-05-31 06:55:34,2017-06-01 16:15:36,2017-06-05 13:12:48,2017-06-28 00:00:00
67d2ae169dba836bc9ff49fd88e1324f,1e6e8604e5189a58669534b84d2bdcbb,delivered,2018-06-10 11:20:21,2018-06-10 11:37:50,2018-06-11 14:06:00,2018-06-20 19:54:45,2018-07-25 00:00:00
cb903ba48840fca21bc4c8a7382b4960,01d5f4b8ad0b26863ed1d231a7e067e9,unavailable,2017-09-13 23:32:55,2017-09-13 23:43:52,,,2017-10-02 00:00:00
8672bdfa7cfd0d340791c247562d9bd6,9f86cffe5085a6a5bb4465d5e51160f6,delivered,2017-07-31 11:21:04,2017-07-31 11:35:23,2017-07-31 17:47:59,2017-08-07 20:11:51,2017-08-18 00:00:00
74961e9aef3b109cd91120c7697363af,51f11cd231668386157c2a09980fa895,delivered,2018-07-06 17:40:04,2018-07-06 18:21:00,2018-07-13 13:38:00,2018-07-23 20:56:47,2018-07-31 00:00:00
8eb2d535942b5b5c20192ab8a72db202,0da50145f2aa453ea896ec9ca062f387,delivered,2018-07-10 14:50:59,2018-07-10 15:07:15,2018-07-11 14:52:00,2018-07-12 17:55:46,2018-07-20 00:00:00
63be17dc5497f1941b4d15f7be530387,884a2e9a1b0c6fd2d9011ee7b4cbf21a,delivered,2018-02-17 16:39:55,2018-02-18 16:35:23,2018-02-19 19:57:02,2018-04-10 21:51:39,2018-03-21 00:00:00
ced41f3dceaa40cd6e2168c43527b29a,b9fac19ff1ab49a185c3d0f51c6c1d26,delivered,2018-02-17 01:19:46,2018-02-20 07:30:54,2018-02-24 18:47:01,2018-02-28 17:04:42,2018-03-15 00:00:00
fa11f70667bca67510305f9ce43e7b25,7562a7e41076f314587489fc5b6ce3b3,delivered,2017-03-03 09:41:05,2017-03-03 09:50:12,2017-03-08 11:27:57,2017-03-13 16:12:15,2017-03-22 00:00:00
a0a3bd3b31454d0f4722b5d1744333cd,c51df6061e814d28cad2cd2c4f3c77a4,delivered,2018-01-04 19:43:37,2018-01-04 19:50:30,2018-01-12 23:18:47,2018-01-24 23:12:42,2018-02-05 00:00:00
3303a91e8a879bd0c64fe750485298b0,0a580ae1fe47a7b5c8cc18c18b3336f0,delivered,2017-10-25 20:23:10,2017-10-25 20:35:15,2017-10-26 13:19:51,2017-11-06 19:42:09,2017-11-17 00:00:00
aae373a2cc64ed2d1f262aa56e70b7e8,63d8ce2f854381279f3b762e962dc969,delivered,2017-02-09 16:42:59,2017-02-09 16:55:12,2017-02-10 07:07:56,2017-02-13 11:09:12,2017-03-10 00:00:00
ee590d1b6e4571a2c03e30571fef072f,47b21efdba7a0c0a025edb6a9cf7fcd1,delivered,2018-06-17 13:17:40,2018-06-17 13:40:00,2018-06-18 11:36:00,2018-06-21 14:44:37,2018-07-24 00:00:00
c7cf98eae37902869c4e92aeb9db5c72,c534c99a1c06a1402fb806d20a4bef1a,delivered,2018-05-05 16:59:55,2018-05-05 17:10:26,2018-05-07 12:55:00,2018-05-11 00:34:48,2018-05-30 00:00:00
06f0ad130c4b691011f1a12a33649a2b,8927e66424e270e8dfa5edff7bd06734,delivered,2018-03-24 15:13:30,2018-03-24 15:27:45,2018-03-27 20:09:01,2018-03-28 21:28:43,2018-04-06 00:00:00
83eee67c21d596a653687afe2c8ebad8,bacc1ee57dbab94891c502caa0ee3af3,delivered,2018-04-24 13:07:39,2018-04-24 17:23:05,2018-04-24 23:41:29,2018-04-26 18:42:12,2018-05-14 00:00:00
14e2227862cdf47db2caa1acbf80b71f,dda44123b0f5efa1c245e63eb4ca663d,delivered,2017-12-19 09:58:40,2017-12-20 06:58:32,2017-12-20 16:39:05,2017-12-21 21:33:10,2018-01-08 00:00:00
b86b409722c5a0526855d0df0076609b,c7a95f71c103ce85bb699cc7433f01e1,delivered,2017-12-29 10:44:38,2017-12-29 10:52:27,2017-12-29 20:32:54,2018-01-29 19:45:56,2018-01-31 00:00:00
af7f48cf036eff2a82e44332f7d36f2b,b41f68e737c77afd97a48a3f109e86f6,delivered,2018-08-01 23:43:21,2018-08-02 00:03:54,2018-08-02 11:53:00,2018-08-07 15:22:04,2018-08-21 00:00:00
9b156799a5b75cdf61bd52c0f7e04b61,1e80013eefbc021dad1bca9b09cc5924,delivered,2017-10-02 19:38:28,2017-10-02 19:49:22,2017-10-04 19:10:53,2017-10-09 20:58:05,2017-11-03 00:00:00
baeda1a6ab86cb05572b31817ab4e413,dc545d1bf1d2ad26b5cc1c9eb612e6b7,delivered,2018-05-27 20:33:05,2018-05-29 03:14:38,2018-06-07 14:04:00,2018-06-19 11:58:29,2018-07-11 00:00:00
150195a0ae1d6d4d5727ff6054fa709e,878843e6fda7bb5ae20940875a5e7548,delivered,2018-06-29 15:33:41,2018-06-29 15:50:48,2018-07-05 14:21:00,2018-07-10 21:36:22,2018-07-31 00:00:00
a611e6af3e6a868d568a1ad2cf45c9bb,c757306276211dd58a7c9fcd06fec330,delivered,2018-07-19 13:20:43,2018-07-19 13:30:15,2018-07-20 11:07:00,2018-07-27 10:27:32,2018-08-02 00:00:00
dbbce23ef93cc9ebfe5a8859f1018962,ceb3d8fe921823620c6d8623678d9f25,delivered,2017-12-23 15:48:34,2017-12-23 16:09:48,2017-12-26 23:14:37,2018-01-03 19:05:33,2018-01-24 00:00:00
ed14a836c4b4a6f1a8c140c79ad86642,640670a20829c18a0c4c6a3d05b79a0d,delivered,2018-01-25 13:07:28,2018-01-25 13:18:23,2018-01-29 13:52:57,2018-02-09 20:19:06,2018-02-26 00:00:00
d67b79fea59821fda4d363d337a56c3a,f2bea5055b5b15b6b57d07408a1c454a,canceled,2018-08-14 11:17:20,2018-08-14 11:44:14,,,2018-08-20 00:00:00
6fa2b34b44af3aa81c0b080d0c133338,b06429ef920fcfdd75713c712c9ee7b7,delivered,2018-06-04 15:30:50,2018-06-04 15:52:08,2018-06-06 15:26:00,2018-06-07 21:34:00,2018-06-28 00:00:00
76662f6f2a490cb74e7b97984991501f,3132f23b8b8d89c902adc08c769e5db5,delivered,2017-11-28 15:12:55,2017-11-28 18:16:14,2017-11-30 13:37:53,2017-12-03 13:26:52,2017-12-12 00:00:00
fc746d47c955d1db95910a81fb288e23,59e52fd9077d4599bc598e74064a115e,delivered,2018-05-15 15:11:00,2018-05-15 15:35:00,2018-05-17 14:04:00,2018-05-18 22:44:40,2018-05-24 00:00:00
66030147ffa4f133089e5b7578977ac7,4f31f3e86acb37ec0ae7101e01917335,delivered,2017-11-04 11:52:53,2017-11-04 12:10:29,2017-11-07 21:58:49,2017-11-14 22:49:48,2017-12-05 00:00:00
42cfc35f78bd1eb6e25d12d8920328f4,d5bfab9f1388de7fbea1a997b3d1b45f,delivered,2018-06-09 12:39:55,2018-06-09 12:58:54,2018-06-12 13:44:00,2018-06-15 20:32:29,2018-06-29 00:00:00
a2ec9e724d3526894d9d1a8868623e9b,247221ff3f92128e610419fa3f63dc1c,delivered,2017-07-18 19:42:47,2017-07-18 19:55:20,2017-07-28 20:29:29,2017-08-04 15:02:17,2017-08-04 00:00:00
ec5073f5584f047f32a6375d38a66f9e,852544153c1377bb722cc4445a03a825,delivered,2017-10-29 18:28:36,2017-10-29 18:44:51,2017-11-03 19:41:54,2017-11-10 23:14:33,2017-11-24 00:00:00
544edc12a608c19307a79ba998ea2ff9,85bafe39b908d61ef7633ec65599d554,delivered,2018-01-05 18:18:23,2018-01-05 18:30:29,2018-01-09 00:18:48,2018-01-15 15:04:15,2018-02-01 00:00:00
611628bc22094deb9fafceb78ed803ee,1800b3febaf92a4132089883b2cfe462,delivered,2018-02-13 12:10:32,2018-02-13 13:40:25,2018-02-15 21:45:12,2018-02-20 23:33:53,2018-03-15 00:00:00
4e7474d49d1ef3688ffdd819f87f8322,d0102e25dcd29c32498542f670289448,delivered,2018-08-16 19:05:07,2018-08-16 19:15:29,2018-08-17 14:55:00,2018-08-21 15:16:56,2018-08-21 00:00:00
4d66b3a9d12facad48a3b23cc9fe7898,bd6048a0960b15881f1ae5dca277fb52,delivered,2016-10-04 13:40:43,2016-10-04 14:09:08,2016-10-15 10:33:12,2016-10-17 19:41:12,2016-11-28 00:00:00
a3c65630607c982f54a3df86ba0ba76a,0c8f1fe40f0c95b4950b37803c3ca0ad,delivered,2018-05-14 20:08:37,2018-05-14 20:37:39,2018-05-15 12:28:00,2018-05-16 23:41:38,2018-05-28 00:00:00
8c0d3e155b9fbc9742ec0200abbc6c6f,0cd6b3508de5b154bb090ec5d3b341e2,delivered,2018-01-12 00:57:09,2018-01-12 01:07:43,2018-01-16 22:44:09,2018-01-19 20:25:40,2018-02-02 00:00:00
2ad56d1fc55a1e851edd13dc8a3f3d14,a89680860acf9d9d538cdf3bf6636dcf,delivered,2017-11-27 18:35:44,2017-11-29 02:23:22,2017-12-04 14:36:39,2017-12-29 20:45:17,2017-12-20 00:00:00
5795989efabaace15f06689b3ab3c4c1,d57b924a9bdae2680272542ff1f93186,delivered,2018-03-27 14:26:12,2018-03-27 14:47:50,2018-03-29 12:26:31,2018-03-31 12:08:42,2018-04-09 00:00:00
f2cb4c78271f262506be85373706f5ba,e36a3d4d67a762c1e7bee1bf939769e0,delivered,2018-04-16 11:54:36,2018-04-16 12:10:51,2018-04-17 21:23:18,2018-05-07 23:28:52,2018-05-15 00:00:00
4bf039bc14b92335f7542d3d7f5e6395,24c94c22475a9d635eb7d012e825fe6e,delivered,2017-07-14 14:16:10,2017-07-15 03:32:41,2017-07-17 15:51:26,2017-07-26 14:15:43,2017-08-09 00:00:00
9e4a61da038289527b41b63aa81405d1,ffab297c5f9f51263faea43a6a7df53b,delivered,2017-09-01 16:25:37,2017-09-05 04:10:29,2017-09-11 20:41:33,2017-09-18 17:27:28,2017-09-21 00:00:00
e5b84cb2e43872d1757d71fb8eec54f4,b7e4844cb302e128776dd81691cb626a,delivered,2018-07-07 20:18:09,2018-07-07 20:30:22,2018-07-09 14:21:00,2018-07-12 20:02:04,2018-07-30 00:00:00
23152da25fd8a3154b39fea912376a07,7954357131868773f331dc295e44c114,delivered,2018-08-07 00:20:34,2018-08-08 03:15:21,2018-08-08 09:53:00,2018-08-14 18:41:04,2018-08-30 00:00:00
8f6a8c5dbe911618a3e81e7fa7914114,1571123ba3a4790706ced4a3addabac3,delivered,2017-12-11 11:27:12,2017-12-13 02:39:35,2017-12-13 20:03:34,2017-12-26 14:42:44,2018-01-08 00:00:00
586efc232e13597129b1fa9a11a025c0,0a1c279ddef547488042fce76935f5db,delivered,2018-03-12 06:11:14,2018-03-12 06:28:16,2018-03-12 23:19:19,2018-03-17 18:02:16,2018-03-22 00:00:00
96a9dc773b9aac00c5344d7710b15ad2,1093e8573009f074315a28dc88d9326f,delivered,2018-03-23 06:17:01,2018-03-23 06:30:24,2018-03-23 19:03:01,2018-03-30 01:42:30,2018-04-11 00:00:00
97868e4c884bc85f4501ae0a66181cc9,eaa701838126e86dd60ee4e44d274f21,delivered,2018-01-28 11:29:33,2018-01-28 12:00:24,2018-01-29 19:11:59,2018-02-05 17:04:07,2018-02-20 00:00:00
d865ad03de9edf74fc6bc89b5bd52706,504d673e906e4eb7fffbbcaf8afe0469,delivered,2018-08-14 12:38:57,2018-08-14 12:50:21,2018-08-15 15:07:00,2018-08-20 20:02:48,2018-08-23 00:00:00
e04c9fd53f6bd5d19ef4c71d123e95f2,895eb5c70da335140b2ae0318c5897e0,delivered,2017-11-27 09:08:15,2017-11-27 09:18:42,2017-11-30 20:46:50,2017-12-06 15:24:39,2017-12-20 00:00:00
97c9dbbc595d9e8c581b6caf87eb91df,fe649b61b14cb640b2a17c9df5cf8766,delivered,2017-04-09 13:40:20,2017-04-09 13:50:10,2017-04-24 10:12:45,2017-05-03 14:29:48,2017-05-05 00:00:00
1266cc122d380586b104c2f5380f1210,041a802c0996465c45e7b9e993097978,delivered,2018-01-15 14:41:14,2018-01-15 14:51:25,2018-01-17 23:36:00,2018-02-01 18:18:29,2018-02-14 00:00:00
6ded0b6cf54a34efba0b47373230a63b,ca935bba559452868145b76080f1850c,delivered,2018-02-06 09:48:11,2018-02-06 09:55:36,2018-02-07 19:11:34,2018-02-16 13:58:56,2018-03-07 00:00:00
c7d80ecf6fd042c198c10188168795ae,049e8e4f78c32efa4ea436ef3c850515,delivered,2018-01-09 23:23:34,2018-01-11 03:09:14,2018-01-11 14:30:43,2018-01-16 15:39:51,2018-02-01 00:00:00
73a1720b600ec93e0cc37c3266c01452,5ce8c288f67c14cd95ca05b10bacdbe7,delivered,2018-03-14 13:46:03,2018-03-14 14:28:45,2018-03-16 18:08:29,2018-03-21 18:56:30,2018-04-03 00:00:00
1b575c5682ee1dd86b9dd3c78691c02c,01bf509b5a9125bb075e4ec58580265e,delivered,2018-05-03 22:37:10,2018-05-03 22:52:46,2018-05-07 18:36:00,2018-05-10 21:17:31,2018-05-28 00:00:00
8f078af5f7dd54fad5abd423dfb4aad2,ad1d816777885a62a3a72320d21861a2,delivered,2018-06-22 17:57:25,2018-06-22 18:18:26,2018-06-25 14:28:00,2018-07-03 10:04:21,2018-07-16 00:00:00
10336b3091fc5b6c7a8200b82427cd99,2851bfbb9bfb1505274d0d9bb2173635,delivered,2018-01-09 09:32:33,2018-01-09 09:48:54,2018-01-09 23:18:06,2018-02-05 22:18:34,2018-02-14 00:00:00
36b513ae01c274c623245660d7069dfa,1ec4d89bd3b69465a248650104088c4b,delivered,2018-05-02 08:44:43,2018-05-02 09:14:47,2018-05-07 15:03:00,2018-05-15 16:28:37,2018-06-06 00:00:00
b61a2f7167a516d76088020bc63b4f7b,e625d447d6605488f6e7b8bba3024e08,delivered,2017-08-08 12:49:02,2017-08-08 13:43:42,2017-08-10 18:15:50,2017-08-16 21:42:14,2017-09-01 00:00:00
eeb17181fc1852d99c92171ac3efd4e6,884d810803084b58c977aa975b1f3c33,delivered,2018-04-02 20:23:04,2018-04-02 20:35:31,2018-04-04 17:38:38,2018-04-09 16:52:07,2018-04-25 00:00:00
7ca78299e5ac08885988b1cc259d16a9,a48212f00f6b51851a14efc283aedc28,delivered,2017-07-28 14:33:15,2017-08-02 08:34:02,2017-08-01 13:25:56,2017-08-16 22:29:40,2017-08-23 00:00:00
9a91585835945d7842ff0e623ce87be9,983003a02a2ca37f90bd8e6dc44e5f5f,delivered,2017-11-27 00:25:00,2017-11-27 00:32:44,2017-11-29 20:21:37,2017-12-11 18:23:30,2017-12-15 00:00:00
0d3268bad9b086af767785e3f0fc0133,4f1d63d35fb7c8999853b2699f5c7649,delivered,2018-07-01 21:14:02,2018-07-01 21:29:54,2018-07-03 09:28:00,,2018-07-24 00:00:00
466e24d544d8f5ca12035641fce34386,af00c20d496c7fece930d562a2e997de,delivered,2018-03-29 13:51:28,2018-03-29 14:09:56,2018-04-03 00:22:09,2018-04-11 20:21:18,2018-04-17 00:00:00
4ef1fb511f57ffa4b73140b0ac2d1908,0b0d7d1cf1fe43bd5ecafafb0e92e15c,delivered,2018-03-12 17:02:04,2018-03-12 17:10:48,2018-03-13 21:38:37,2018-03-20 22:05:07,2018-04-03 00:00:00
3046f3724f63812fa716416e0a9171d9,2d9674a4da3db9cde7cfad10c67c1a20,delivered,2017-12-12 11:37:41,2017-12-12 12:26:42,2017-12-18 16:51:54,2018-01-04 21:47:43,2018-01-10 00:00:00
2511cdf205337513507a1863f0098d39,71058039e9883484d1264522cbc9c2f1,delivered,2017-01-18 21:08:18,2017-01-19 21:10:20,2017-01-24 07:21:21,2017-01-26 21:57:38,2017-02-28 00:00:00
0087889a1c836be17f58afd7f1729a4a,c6f1de87b7344ea1d33400c3c15b1a47,delivered,2017-10-23 11:03:27,2017-10-23 11:35:25,2017-10-23 22:49:46,2017-10-24 20:22:04,2017-11-03 00:00:00
931b5b510d21c486fe86269b2e36fedb,2ef595d9d5d91d14a63abced93ab55e5,delivered,2017-11-28 12:13:30,2017-11-28 12:37:14,2017-11-29 21:09:10,2017-12-12 01:18:40,2017-12-12 00:00:00
6d17df1418ac08da686036d2a0359f5d,20c705ea06665873f96da22bcc958a6e,delivered,2017-02-12 18:12:18,2017-02-14 04:10:24,2017-02-16 08:27:33,2017-02-24 14:37:32,2017-03-14 00:00:00
cd1c59db504eaebe7f53d4cb13b5dc1a,2a61e5125d7e9eea66d796d3a24e49d8,delivered,2017-11-21 15:33:48,2017-11-21 15:46:55,2017-11-22 16:46:34,2017-12-19 00:58:48,2017-12-18 00:00:00
ecc1f5f885620b17543f01bf228ccd0a,51b929efbf63464d36f05ad3d174e443,delivered,2018-08-02 12:05:05,2018-08-02 12:50:18,2018-08-03 12:10:00,2018-08-17 20:36:55,2018-08-24 00:00:00
d8e17d5f7dacf0970d316e7c03e741e8,00765aebd8e20a9a8aa8c28d0099a938,delivered,2017-07-19 19:37:19,2017-07-19 19:50:19,2017-07-21 12:17:29,2017-07-24 19:49:37,2017-08-04 00:00:00
f55968a2a9ef74f95cf02a0541aecf8c,092bddeb38f366d5e8e2369616c98e5c,delivered,2018-02-26 19:01:35,2018-02-28 09:29:28,2018-02-28 23:38:55,2018-03-14 22:41:40,2018-03-28 00:00:00
989b7ba45085e6ea528e597dafb40f99,aee140539d699da4a18bbea33883c861,processing,2017-03-04 14:08:26,2017-03-06 06:42:50,,,2017-04-11 00:00:00
5fdc02dc3168e654320805d1fb31fee7,8d141c5f917671241127cc72f61a2cff,delivered,2017-11-09 22:17:16,2017-11-09 22:31:21,2017-11-16 20:57:53,2017-11-24 21:22:50,2017-11-30 00:00:00
afc0e6f65d457ec28d5633283793e7e5,93ecac7e00ad40485dde6e15ef9356a4,delivered,2017-06-11 13:33:50,2017-06-13 05:05:23,2017-06-16 18:41:04,2017-06-26 09:39:36,2017-06-30 00:00:00
1735fd3fceaea14fdd4444b0e3612a7e,addead0426117cb8aa32389bc2d0328e,delivered,2018-02-08 16:58:45,2018-02-08 17:40:22,2018-02-09 23:52:37,2018-02-22 11:52:33,2018-03-09 00:00:00
149c3bc617158fb15ff317ad60652259,0e120432113c815af27ffa919178b3dd,delivered,2017-11-14 10:48:36,2017-11-14 11:10:22,2017-11-24 21:09:16,2017-11-30 22:23:20,2017-12-05 00:00:00
214d5b272bf8f9b576c175c02ce98f08,ccb8e120e8af0bbf5a1daa2f21984d7b,delivered,2018-01-19 20:48:47,2018-01-19 21:09:39,2018-01-24 23:03:45,2018-02-02 17:22:02,2018-02-05 00:00:00
666ede5bf7b6eebd0d2f61795ee14149,abad8dba5de22702ed59246b0f2455b7,delivered,2018-07-04 10:06:56,2018-07-05 16:31:46,2018-07-05 14:02:00,2018-07-07 12:38:26,2018-07-31 00:00:00
a68c415df0747ef11512919344831905,c08b32d4ecbeaff9452d855b6e865c33,delivered,2018-06-24 23:46:04,2018-06-26 04:59:19,2018-06-26 12:07:00,2018-07-10 23:21:58,2018-07-24 00:00:00
ff5389bcdbdb32ac8cd49d2a6055cb7c,611dd8ca38d8d3d21483a5ea52ceddb7,delivered,2018-05-19 22:09:00,2018-05-20 01:02:32,2018-05-22 14:31:00,2018-06-07 21:19:47,2018-06-08 00:00:00
cbea65029850e25bb7ce971f2982f471,1b6d7a41bf2e82add06b7f16bd8e4b04,delivered,2017-12-07 13:12:40,2017-12-07 15:32:52,2017-12-13 18:06:38,2018-01-05 14:14:28,2018-01-09 00:00:00
c0b467fc5a41347b9e8e6000e3526d21,3c68b8ef8203f45f52448ad71ed45c5d,delivered,2018-06-27 09:38:40,2018-06-27 11:06:02,2018-06-27 11:07:00,2018-07-04 15:58:58,2018-07-30 00:00:00
b04d84637e699400841a0140b25cf027,616746b19f1e1a46d1f61d3d9fa08bce,delivered,2017-11-09 11:27:30,2017-11-10 03:26:55,2017-11-10 20:22:51,2017-11-16 16:07:39,2017-11-29 00:00:00
f2cf45e30b7281798c16050559433fe9,fafae81d22a17472da7022e5b298dd96,delivered,2018-06-05 11:48:22,2018-06-05 14:31:39,2018-06-13 13:47:00,2018-06-20 19:52:44,2018-08-01 00:00:00
115a082cc7dde53600c6c6ad83219643,4e3b47ade5b3a124173339aaab33b05a,delivered,2017-09-17 00:34:00,2017-09-17 01:10:26,2017-09-18 20:32:26,2017-09-21 17:08:18,2017-10-04 00:00:00
5d1a75b5ee80b3ef12a57b30a418975c,568e8946c122a43704d2a779465f720d,delivered,2018-05-10 10:52:26,2018-05-12 03:15:23,2018-05-14 10:53:00,2018-05-21 21:10:52,2018-06-04 00:00:00
1c9ccd3bcf9c95360ad022f5bda15d44,92760471121bab2377e8a4313024821d,delivered,2018-01-06 15:10:59,2018-01-06 15:19:02,2018-01-09 18:15:24,2018-01-31 17:15:18,2018-02-09 00:00:00
048cc31326007f07b576b46beddecc12,70f6d4250ddb2f73a361c100195addfc,delivered,2017-12-07 11:56:06,2017-12-08 02:54:34,2017-12-12 21:18:55,2017-12-15 16:10:26,2018-01-02 00:00:00
554940826c32f26dead171bcb9011775,1c8a543f8c94cff67a67ad2d5ea7951c,delivered,2018-07-28 09:32:49,2018-07-31 04:05:38,2018-08-01 13:40:00,2018-08-08 17:41:55,2018-08-23 00:00:00
1fac4d3f34c72501c48ff0db90773dda,20fbb63a03f5c997b94b54a007f52af0,delivered,2018-02-13 18:46:00,2018-02-15 04:11:10,2018-02-20 18:32:50,2018-03-14 20:14:28,2018-03-07 00:00:00
6cad7a7812903a72ae057da0bfb61cce,d7a8966b2cb356ea3f57064863aec379,delivered,2018-04-26 09:48:45,2018-04-28 03:15:29,2018-04-30 15:36:00,2018-05-15 14:06:41,2018-05-29 00:00:00
6fcb95e455e8f30ce414c08f4a31ccd5,ef1a418be86c78a53772a03837ca33e0,delivered,2017-08-30 11:09:50,2017-08-30 11:25:16,2017-08-31 14:47:49,2017-09-05 19:53:53,2017-09-18 00:00:00
2cab6eabb3eaa7f0185225e89585ffdb,bbec1b75551d0757c99c9393ed2e1dee,delivered,2018-05-09 15:49:46,2018-05-11 03:11:26,2018-05-16 15:29:00,2018-05-22 17:40:59,2018-06-07 00:00:00
6c30b488cb5cc67b2731e01894825ed6,6e53acec8266648edb5b9554fe15d5ba,delivered,2017-05-05 21:17:02,2017-05-06 02:15:21,2017-05-12 08:33:13,2017-05-19 14:57:54,2017-05-26 00:00:00
7508033c7fba2328d96c7760f62318f9,34d0cc6bbf8e377d86e6aaf103d4404d,delivered,2017-03-08 11:08:35,2017-03-09 06:35:20,2017-03-09 11:16:30,2017-03-16 17:44:04,2017-04-05 00:00:00
5e41372dfed214a973d082c2ba36e9a1,6a79d93fbd5e7627093ec41e0262f273,delivered,2018-05-18 15:56:13,2018-05-22 09:14:21,2018-05-23 15:11:00,2018-06-01 12:03:50,2018-05-28 00:00:00
fb0a4ef54889cea0b3b2f144938b8bd3,4b9b08912f6f9001a66725eea6d935f4,delivered,2017-07-28 17:39:24,2017-07-29 02:25:44,2017-07-31 20:44:33,2017-08-24 13:27:27,2017-08-29 00:00:00
00378c6c981f234634c0b9d6128df6dd,f3476df115c5d26bdb6bfb71b5fb66af,delivered,2018-02-02 19:39:46,2018-02-02 19:50:27,2018-02-05 18:06:49,2018-02-26 21:36:00,2018-02-26 00:00:00
373017a71c06fba011a3105cffd46cbd,bc811bba58c6248c49ed3811b6654a1b,delivered,2018-02-10 13:22:05,2018-02-10 13:35:21,2018-02-14 16:36:00,2018-03-05 22:19:02,2018-03-12 00:00:00
96130f6fd199488da9de47d29027d10c,0557113584448ab15ad38c6dd52a6102,delivered,2017-11-22 08:41:27,2017-11-22 08:53:59,2017-11-23 15:54:39,2017-11-29 18:40:59,2017-12-15 00:00:00
b01b69dfa0d22c11ded5988a866d2d7c,c750b9812fecaaa048f03db2aecaea15,delivered,2018-07-30 16:09:49,2018-07-30 19:32:03,2018-08-01 15:09:00,2018-08-06 19:22:49,2018-08-24 00:00:00
baf4bb57bdf5e14c67c2389a48864acb,1dbedd82802de22ae6aa890ed7c09669,delivered,2018-08-27 16:17:16,2018-08-27 16:30:48,2018-08-28 13:05:00,2018-08-29 20:03:45,2018-09-04 00:00:00
0933defa4766a375397a4b9c9eaec017,95ef78f863e47449662a81f5d637d09d,delivered,2017-12-23 17:20:36,2017-12-23 17:31:31,2017-12-26 21:38:35,2018-01-17 01:16:47,2018-02-06 00:00:00
7d5ff38bbe8e85dd2a181ff339eb11bd,b7e6aeaa41986f2a6652b734b62dc1e4,delivered,2018-06-21 10:09:54,2018-06-22 02:59:06,2018-06-25 11:11:00,2018-06-26 15:44:56,2018-07-04 00:00:00
b798fc527c548bfa5f069b5b29195275,ffb352544f1296ee263ecd1b69726e43,delivered,2017-10-29 11:59:52,2017-10-30 09:48:52,2017-10-31 18:31:44,2017-11-06 14:59:01,2017-11-29 00:00:00
db173a61c82348f8419813a0d918b23e,6b65ff53eb98d82e894a1676c4f963da,delivered,2017-08-31 19:16:58,2017-08-31 19:30:11,2017-09-05 22:28:02,2017-09-12 18:37:35,2017-09-19 00:00:00
c89051e4897cdf9edda25069d5414a2f,6dc6ecc47ecee1fbacdf2d516c08f196,delivered,2017-02-01 16:15:50,2017-02-02 02:55:23,2017-02-03 13:25:57,2017-02-15 09:25:47,2017-03-22 00:00:00
24726ba5765952ef5ee938ed34d73844,bfb4ea5405a6169d8b20f6815af6501e,delivered,2017-07-20 09:15:19,2017-07-20 09:30:07,2017-07-24 14:14:39,2017-07-25 22:37:50,2017-08-02 00:00:00
b75900fba7c6652e3dc7b6ad4160fee1,248d1931b65b96ec2f5c89fa83111862,delivered,2017-08-16 19:36:38,2017-08-18 02:35:25,2017-08-18 18:54:00,2017-08-24 21:47:56,2017-09-05 00:00:00
b3f78acb69b2fca2335a0da9c6615c6b,44d638882c3d415ba896c5d665d1bcc7,shipped,2017-04-28 11:21:09,2017-04-28 12:00:42,2017-05-16 16:51:52,,2017-05-22 00:00:00
6d5e97cf16f53cf50376b0baecb62595,ac5cf84d41fb5ab92ebd92d49697c26e,delivered,2018-02-12 16:18:28,2018-02-12 16:30:24,2018-02-14 22:58:02,2018-02-17 12:38:53,2018-02-26 00:00:00
f83390f66deda6e3fe2dc3bbf6fdecc8,2dfe4f427568a29fc32a148c603cf007,delivered,2018-01-09 17:58:21,2018-01-10 10:32:23,2018-01-13 00:52:08,2018-01-26 17:05:12,2018-02-06 00:00:00
6eccf2d285566975653dcf25ec2f21ed,9051b4ea0d87599f7f23ab2efb8cd5d2,delivered,2017-06-17 23:06:16,2017-06-17 23:22:21,2017-06-20 08:51:49,2017-06-26 12:05:04,2017-07-07 00:00:00
1ade121ece82965c2578304aaeb25c83,a97157bca251bd230220d09756222ef2,delivered,2017-09-03 15:38:29,2017-09-03 15:50:13,2017-09-05 18:29:49,2017-09-15 18:13:42,2017-09-26 00:00:00
9e1c9e249d55ea95fe0f9510c2e47862,abd05c068df0dba58309cd1f3f85d652,delivered,2017-09-13 02:25:19,2017-09-14 03:06:08,2017-09-15 21:15:41,2017-09-25 21:57:53,2017-10-17 00:00:00
973f8af1ff32939821869513562a0978,89586072c05686f65c2b52948b10a016,delivered,2018-05-02 20:35:55,2018-05-02 20:53:53,2018-05-03 14:15:00,2018-05-15 17:08:59,2018-06-11 00:00:00
1e6d912e4c63965bb9eccf0cc765fc24,b38a6889b9d5764205a7ccfbbaeb3abb,delivered,2018-06-02 14:52:37,2018-06-02 15:10:02,2018-06-05 14:46:00,2018-06-19 17:45:45,2018-07-12 00:00:00
dec7dc241ccb42c75f312f0f37197d3e,424c99b572a8dcd0d175d21dec523570,delivered,2018-02-23 19:41:23,2018-02-23 19:55:21,2018-02-27 17:12:49,2018-03-01 01:29:07,2018-03-09 00:00:00
7298c59b5da4477e170e4559e3f13153,c441b8f5c7e5ee8d5817f4b62ac09aa2,delivered,2017-04-23 15:31:08,2017-04-25 06:35:36,2017-04-25 11:12:32,2017-04-27 07:23:24,2017-05-11 00:00:00
64f2b30c7d2cad0b1b608642a0a84e25,dadd6aa4dda7e34825ca2a45fa0cb0ed,delivered,2018-06-21 14:54:56,2018-06-22 03:17:20,2018-06-22 15:09:00,2018-06-25 22:47:31,2018-07-04 00:00:00
1d90d600c94da3f52f85add77a68fef1,dad74a1dbc8423df39e6e815ba6ef2d1,delivered,2018-02-08 11:46:36,2018-02-09 02:55:48,2018-02-21 10:03:56,2018-03-06 16:28:44,2018-03-23 00:00:00
7a8642ee90484b296acc07b910c2c44d,eeb36d1d96fa3dbeb4643467f94fd6f0,delivered,2018-05-08 09:53:28,2018-05-08 10:15:44,2018-05-08 15:16:00,2018-05-10 21:06:36,2018-05-22 00:00:00
d9e8623b91934be53447d3bcd54025df,5dbbb361d24effa8305fbe81b0783a7c,delivered,2018-05-06 10:16:56,2018-05-06 10:30:30,2018-05-08 14:53:00,2018-05-09 16:03:38,2018-05-21 00:00:00
ca4b213fb1a9d596a82d6e343a6370fe,4a82327166e6f4e44b9e02aa781b9500,delivered,2018-06-07 16:44:40,2018-06-08 02:56:07,2018-06-11 12:40:00,2018-06-12 16:20:44,2018-06-25 00:00:00
96af728f7572efd778b4f382d094b5f3,a6d30c849e11214bfd35f21fc04bcf8f,delivered,2017-07-03 14:49:50,2017-07-03 15:03:49,2017-07-05 09:56:43,2017-07-06 12:03:52,2017-07-14 00:00:00
84f45a8c260ce6606a2e9d70cccd5959,212654a74f50461c222367b79cea5e3c,delivered,2017-04-14 15:57:14,2017-04-14 16:10:29,2017-04-17 10:55:15,2017-04-27 10:09:34,2017-05-12 00:00:00
7f79833225bf501001f20621188c0849,7b48b5b2beaf6c45ae643345213f3f5b,delivered,2018-06-27 20:46:15,2018-06-27 21:32:02,2018-06-29 14:28:00,2018-07-04 20:52:01,2018-07-24 00:00:00
33977ddc245e1fadaf16878d170e910d,0d9eb1c3a4d6a109a54ae0ea510d2c8e,delivered,2018-08-08 09:42:14,2018-08-09 07:05:14,2018-08-09 14:52:00,2018-08-17 13:23:39,2018-08-22 00:00:00
50bff5996e5e67f6043d3c38633df3ea,988e40a1827df1d5ae0b83c382ae52aa,delivered,2017-10-03 13:40:26,2017-10-03 13:49:39,2017-10-04 21:34:08,2017-10-14 00:33:09,2017-10-27 00:00:00
c1eb421afe27745d1845f27fdbd14e45,e81792f276332b2214439c9287453df4,delivered,2018-03-12 15:37:02,2018-03-14 02:35:43,2018-03-20 01:42:44,2018-04-10 00:41:36,2018-04-03 00:00:00
17588fcdde2c3aa1d7a184519728364c,93b12da6c3f5191d31d87ed63e053647,delivered,2018-01-23 18:52:29,2018-01-25 02:57:49,2018-01-25 16:19:20,2018-01-31 21:48:06,2018-02-26 00:00:00
3144812170fbb0c3b71bbd757609f605,51a0820cfb1192c56c7a9c2ad51ed728,delivered,2018-02-27 22:30:40,2018-02-27 22:48:36,2018-03-02 17:32:34,2018-03-13 20:59:52,2018-03-20 00:00:00
36f264b6ab0169bf0db37101cf2df98f,1ba79057e794cf0cc51d4da3cd651c2b,delivered,2018-02-07 14:02:22,2018-02-07 14:15:32,2018-02-08 21:22:24,2018-02-27 01:09:26,2018-03-06 00:00:00
6574317cd3327f737e39fd9a77969ef2,72d2e41dc08743b393d0df725db69568,delivered,2018-06-19 10:16:27,2018-06-19 10:37:43,2018-06-21 14:17:00,2018-07-09 18:58:36,2018-07-13 00:00:00
8c4f076c43382bd3ae1748c6ee72f993,bc530a094537f0c6a7645e89b29bc650,delivered,2017-05-04 12:40:54,2017-05-04 13:10:22,2017-05-08 22:13:59,2017-05-23 14:52:16,2017-06-06 00:00:00
fbad56f6a1339fecaa323b209c423b1e,44edb92cf6a04b3286625ca5f94c3872,delivered,2017-09-27 05:34:25,2017-09-27 05:49:13,2017-10-03 21:41:31,2017-10-09 23:16:06,2017-10-20 00:00:00
39c85a598770e3810eb97fd7bc6232d3,0b3361f7d8a0472d8977bb171d80a318,delivered,2017-03-19 13:26:19,2017-03-19 13:26:19,2017-03-23 07:23:36,2017-03-29 15:18:06,2017-05-16 00:00:00
a083251915fff736585a9c72e902b0bb,ecaf8b78eae12f33f091d9f34a0f6efe,delivered,2018-03-11 13:52:49,2018-03-11 14:08:31,2018-03-12 18:38:37,2018-04-10 18:28:37,2018-03-29 00:00:00
5f0f8a9ceb96ceb90d49907d4c14ac7e,3b9f3bfff76dedf30b3c78c732fe7a0b,delivered,2018-01-19 12:24:00,2018-01-20 12:19:13,2018-01-23 13:09:00,2018-02-06 18:32:49,2018-02-19 00:00:00
4aa3affa1cabce4defa1f592b369baba,85c4b419d1e841e9a1304a5a21a2f021,delivered,2018-06-18 13:46:05,2018-06-18 15:01:53,2018-06-20 11:02:00,2018-06-25 19:22:08,2018-07-13 00:00:00
a30cadd1758dccbec1ba83a6d672fd1c,898ed903326da62b189dc46ebfa40974,delivered,2018-07-21 13:16:37,2018-07-24 11:32:30,2018-07-26 11:09:00,2018-08-06 20:21:42,2018-08-22 00:00:00
8dd925f0031d0e5f405cb0f3ed25edd9,c180f565ea0f5d52d645ce90be20821e,delivered,2018-04-21 17:34:58,2018-04-24 18:05:40,2018-04-23 18:44:27,2018-04-24 19:24:19,2018-05-02 00:00:00
f62d2e0e462fb59c81df0b389e883027,4aff0525ed33bb9584667eec7efa6d90,delivered,2018-04-20 12:59:47,2018-04-24 19:06:19,2018-04-20 22:48:39,2018-04-25 14:34:52,2018-05-17 00:00:00
dff351d499a7a16d302eb0c77d6fc100,a31586a3abb2e9ce07180c42029bbc11,delivered,2018-07-31 10:48:20,2018-07-31 11:30:34,2018-07-31 14:30:00,2018-08-10 20:48:43,2018-08-16 00:00:00
aaf0b96e0592984d22ebf8aed32b8217,76d89e16f546f92eae4259a7a4340c6b,delivered,2017-10-24 21:45:32,2017-10-24 22:05:56,2017-10-26 16:28:59,2017-11-03 17:12:40,2017-11-13 00:00:00
3ce5ed82ae32a886fd55be9b9e7b8405,5330f5a23582088e76c45d14a5987783,delivered,2017-08-10 10:32:49,2017-08-10 10:45:19,2017-08-10 19:38:04,2017-08-23 18:36:16,2017-09-12 00:00:00
7f8df3bf41b446f3f9d4ac3adc08a0cc,9c8410ae611b0c9fdb5e1c9665f27aad,delivered,2018-01-23 18:17:19,2018-01-24 02:36:31,2018-01-26 19:33:57,2018-02-01 19:10:43,2018-02-15 00:00:00
9c8251fb4af72d0b0ddc81fdb467a43f,fafd8a53b1fbc7a2a6b8d26ba13654b6,delivered,2018-05-15 10:43:05,2018-05-16 09:33:25,2018-05-16 21:11:00,2018-05-18 12:48:42,2018-05-23 00:00:00
7c7ebd74dd17f0b9acf62f5beed03aa1,6e27397af1baf39e5ab0c68da1860fe3,delivered,2018-06-15 17:36:15,2018-06-15 18:00:46,2018-06-18 19:43:00,2018-06-19 22:54:28,2018-06-28 00:00:00
8e44452897e7b8506246a37a8f63f686,4a0430234a732034bbfc3584d8821339,delivered,2017-08-07 09:09:06,2017-08-07 09:24:00,2017-08-07 21:17:31,2017-08-10 15:55:14,2017-08-24 00:00:00
5898decd34c5ff901d78522ed4722ccd,54b0fea1be2a733ad963bf38d6198aa9,delivered,2017-12-19 22:31:52,2017-12-19 23:33:23,2017-12-21 20:19:44,2017-12-26 18:42:50,2018-01-19 00:00:00
fbfd9608b0061e4cc1412e28450a83e8,dd67b422d0754d9cc2bb3f5db51a903b,delivered,2018-08-17 16:57:15,2018-08-17 17:10:20,2018-08-21 12:01:00,2018-08-29 22:24:35,2018-09-11 00:00:00
7369d714f77dd4e4bced33385c245828,95b9648090ca88e5421404bee7869211,delivered,2017-11-17 12:59:54,2017-11-17 13:50:42,2017-11-21 21:27:48,2017-12-14 23:04:57,2017-12-12 00:00:00
a849c2a7ea93e09f56fba22f019394da,29d896af6952f87f4e4416e976985555,delivered,2017-11-25 18:25:52,2017-11-25 19:03:57,2017-11-27 15:57:05,2017-12-19 22:42:51,2017-12-19 00:00:00
ab5e82cf45c456a01f4aa7d2b287a361,8dcf05d11f427a8a1e5216477f2b0460,delivered,2018-03-26 17:30:44,2018-03-26 17:47:40,2018-03-28 19:38:33,2018-04-24 12:34:54,2018-04-18 00:00:00
c56b1a5e46d033165cc4440b9878e64b,ecfe85562416d50766db3afd92b0f31a,delivered,2018-03-23 12:12:09,2018-03-23 12:29:14,2018-03-27 19:21:13,2018-04-09 23:33:19,2018-04-11 00:00:00
9760a853206ee0cabbd18c7449b4edb2,73f19019441231f1035041265b3a8b0c,delivered,2018-04-12 15:44:28,2018-04-14 09:55:12,2018-04-16 17:52:02,2018-05-04 22:39:41,2018-05-15 00:00:00
6ed2677778c1c83cac211c10199cb7a2,c3b9e7ebe1fb99e3b06b6cfbecc73b59,shipped,2018-03-10 15:43:11,2018-03-10 17:20:23,2018-03-12 22:44:27,,2018-04-02 00:00:00
c5ee827414d58af8ca34c4911be51911,f951ffae43ed0a3c09dcfb910e4c120b,delivered,2018-02-03 15:13:51,2018-02-03 15:30:20,2018-02-06 20:25:39,2018-02-14 15:56:46,2018-03-01 00:00:00
557cc2675910c4a6c9b54ad276f25097,b78f37cd0654fbbf35c5277b24936535,delivered,2017-09-24 22:31:42,2017-09-24 22:45:23,2017-09-26 12:22:01,2017-10-01 16:25:20,2017-10-10 00:00:00
cec16bf8607acd5483286d4a74fb4365,06133ba8a78671888d881e2e5f35597d,delivered,2017-11-24 21:13:26,2017-11-24 23:59:35,2017-11-29 21:32:03,2017-12-07 19:15:06,2017-12-18 00:00:00
b0ff49d6e778f78efe9eb70252a367d4,63f67968b5526d5ba25ad48e9e487873,delivered,2017-11-07 09:14:44,2017-11-08 09:10:28,2017-11-13 18:13:00,2017-11-24 17:54:51,2017-12-04 00:00:00
24cc891b9b356e89a45d5313bddf4607,b1dc05bae2f03544e45370080331bf07,delivered,2018-04-06 22:28:55,2018-04-06 22:49:04,2018-04-11 18:26:26,2018-05-21 17:38:35,2018-05-04 00:00:00
ef695119f97b2c8165bdf9688b5362b5,810a9740734bc52d57e3e50293406cbd,delivered,2017-07-24 15:01:29,2017-07-24 15:43:27,2017-07-25 14:28:35,2017-08-02 15:02:52,2017-08-15 00:00:00
b94733bd6f62e2b5e53a30a2a27f109f,e9d7605b70d39bbffcc43b726039e84b,delivered,2018-06-26 12:18:09,2018-06-26 12:36:20,2018-06-26 15:25:00,2018-07-06 13:59:00,2018-07-27 00:00:00
66cee61c0f071d6ed238ba9d17e5b785,6ab131454ebd00d6171fc1e8e3fdcb6c,delivered,2018-01-24 12:42:15,2018-01-25 02:57:40,2018-01-29 21:05:17,2018-02-20 18:39:00,2018-03-02 00:00:00
22f99661077d08bdf6e2c6c58a718aaf,ccfa4a609dbb6deffbb80555dee66c57,delivered,2018-05-02 21:40:09,2018-05-04 02:51:41,2018-05-04 14:26:00,2018-05-16 14:46:33,2018-05-24 00:00:00
0521b661c320287be1f5a92a52760c8b,af2dd33c352ba6c493b012ae2017fd6b,delivered,2018-01-03 19:02:46,2018-01-03 19:11:24,2018-01-04 21:54:55,2018-01-15 18:08:49,2018-02-06 00:00:00
60ddc3cf31819e316702f9ede42e26c7,d101df6a75bb39768e2dab7ce5dc125f,delivered,2017-04-04 10:41:08,2017-04-04 10:50:22,2017-04-04 10:58:13,2017-04-19 06:38:10,2017-04-25 00:00:00
e5ab716f8e12b45fff646161c4c83ed0,a417afdddebc6a39bf0940fe6c601ba5,delivered,2018-03-16 15:22:21,2018-03-16 15:49:39,2018-03-20 23:34:47,2018-04-02 19:26:34,2018-04-04 00:00:00
69600803432bcfbc3764354576c52306,3aae68d7af683af2f74cef9591ca310d,delivered,2017-05-17 22:01:53,2017-05-19 11:23:01,2017-05-19 12:52:23,2017-06-02 08:05:56,2017-06-06 00:00:00
8a297038df1947074177f33df2c7f951,e4c1b6d865406867c2463a458091806e,delivered,2017-09-15 13:51:39,2017-09-15 14:10:15,2017-09-19 15:22:12,2017-09-29 20:37:45,2017-10-03 00:00:00
d5cdc053cdfd98fad4a2330ff501852e,019b7076acf0ef17a372c02e8b170cb4,delivered,2017-05-08 09:25:02,2017-05-08 09:35:23,2017-05-09 14:19:21,2017-05-16 09:44:37,2017-05-30 00:00:00
1831a71825a5c61b74815e606e7db61e,b9c12408ef798dd1f72cb1c1a396a49c,delivered,2018-04-28 11:20:23,2018-04-28 12:13:20,2018-04-30 13:13:00,2018-05-04 19:48:47,2018-06-07 00:00:00
dceb9167cd378827371e4358939b6748,79f0fbce20a9d42be158b173250be2aa,delivered,2018-03-30 14:54:37,2018-03-30 15:07:25,2018-04-02 18:48:45,2018-04-03 21:13:01,2018-04-12 00:00:00
0ec61157a488963fe217233f74c52760,01415cfeb907d8ce0e17075b4c097fe9,delivered,2016-10-09 23:50:37,2016-10-10 11:04:05,2016-10-25 13:55:42,2016-10-31 11:54:44,2016-12-02 00:00:00
b9fbe26657178b8754633a24a8e066c7,2d6baa0238afacbe6b80af3674000355,delivered,2018-08-11 16:34:31,2018-08-14 04:45:23,2018-08-14 15:03:00,2018-08-20 19:29:42,2018-08-23 00:00:00
d0e8691378e622e52c60c3302d78db21,b8bf3bcde8b793b18ec6ba04aa3b0ec0,delivered,2017-05-11 16:50:48,2017-05-11 17:05:17,2017-05-12 14:00:46,2017-05-17 09:32:28,2017-06-01 00:00:00
711b57e81077f7af630de5367804f606,a025145a8a291796e40f137c8fc3178a,delivered,2018-04-05 21:21:44,2018-04-05 21:30:18,2018-04-07 01:03:25,2018-04-11 18:25:41,2018-04-23 00:00:00
259fe605870f08ddf83ebb61f204b9e1,0a7dbfcfdf274bc1e1965b91489ba2f9,unavailable,2017-08-17 08:58:59,2017-08-19 02:16:08,,,2017-09-06 00:00:00
86d10e9e3af9a5a7fb5b4bb285850a66,7427f31c18aef7cbad5e832810281eb2,delivered,2018-01-08 18:00:15,2018-01-08 18:12:20,2018-01-11 19:57:29,2018-01-19 18:22:18,2018-02-05 00:00:00
2d5ec2229b5850cfe5032ee2b0e073ec,994d70253505b439604a18d57b82a43f,delivered,2017-02-07 12:46:44,2017-02-07 13:05:51,2017-02-10 08:02:45,2017-03-06 04:44:47,2017-03-24 00:00:00
29005d903202063a0ff076bfdf7fcc13,499da3e498c2933ce31488deb6ed7810,delivered,2017-08-09 17:18:01,2017-08-09 17:30:21,2017-08-11 19:22:38,2017-08-17 21:27:30,2017-09-04 00:00:00
34e356294ae93c00aa77347b2f84ea1b,5cbf704d3c80979cbc58c54881ee3e98,delivered,2017-09-13 22:55:58,2017-09-13 23:05:42,2017-09-14 13:59:56,2017-09-19 20:22:20,2017-09-25 00:00:00
a75a2f7097d488d3e5c5709a05e32430,edd7a406d1ce9943ccc342f98d545907,delivered,2018-04-01 20:22:36,2018-04-01 20:35:15,2018-04-03 04:19:09,2018-04-13 23:41:50,2018-04-12 00:00:00
0928b1d58fe76f5a1e63be5a47ea6253,387fe5d87d73b8e6f228c70fea044488,delivered,2017-03-15 21:52:58,2017-03-15 21:52:58,2017-03-16 10:11:37,2017-03-21 11:54:01,2017-04-05 00:00:00
51c5baf43551103a236f5b44e3686b67,d426dd330962205b3e942084af74fb71,delivered,2017-12-06 09:26:47,2017-12-07 03:12:04,2017-12-07 21:37:10,2017-12-19 16:29:05,2018-01-08 00:00:00
442a8a32e7ffcfcc05413962b75de9c8,23475c91134403fcbeac247de04f4591,delivered,2018-03-01 12:22:06,2018-03-03 02:50:44,2018-03-07 16:49:53,2018-03-14 01:18:52,2018-03-23 00:00:00
80ce1db8f4e1070972c60581450bd2b7,8540cae64da7ab8fbe66dffe946bb330,delivered,2017-06-14 13:07:00,2017-06-14 13:15:11,2017-06-14 15:17:16,2017-06-30 14:51:50,2017-07-07 00:00:00
da8996a9d4001412806283a4996baf7e,01af5e81cb5ee5e0864941d3aa58fb0c,delivered,2018-03-02 16:20:04,2018-03-02 16:31:43,2018-03-07 01:05:23,2018-03-11 19:20:55,2018-03-20 00:00:00
dd43124cb8d2c34b7839e01a67c0c646,64614b6f07b27eea08eac0f2c527645a,delivered,2018-07-15 16:25:08,2018-07-15 17:55:10,2018-07-17 15:23:00,2018-07-20 19:46:34,2018-08-01 00:00:00
ad20e4772c02fa44040fe219a2a172b6,136531654012e2483205dc3be3076c58,delivered,2018-05-24 14:41:54,2018-05-24 15:00:01,2018-05-24 17:17:00,2018-06-05 21:38:28,2018-06-11 00:00:00
b09b98cd6505e67b66c88ba47a602531,02745d8d4ad97eb190c4939c5df1c3c5,delivered,2018-02-14 17:56:45,2018-02-14 18:47:48,2018-02-16 23:33:20,2018-03-07 17:12:31,2018-03-09 00:00:00
b5b05de37b44bf6caebc07cfe28d49fc,05290ca0306c13fc3eacdb969d058b85,delivered,2018-03-15 22:39:45,2018-03-16 22:35:33,2018-03-27 23:18:38,2018-04-12 22:41:16,2018-04-26 00:00:00
e335a52111017a791750a77349aa2dbe,6f02a89f1c8203f82be32bb0f563d9cd,delivered,2017-08-17 13:55:49,2017-08-17 14:25:28,2017-08-18 14:45:39,2017-08-25 21:54:38,2017-09-11 00:00:00
5dd543eba6556684ca5a4f9799dc62e8,53393d7f2eda3bfbbf53a19a1fbe35b2,delivered,2018-04-13 11:22:56,2018-04-13 12:10:12,2018-04-16 13:32:20,2018-04-25 21:48:41,2018-05-10 00:00:00
665f8239a02c9cc0b3ea7ad51278f05e,80aa2d8185eda2594527f4f2e59769e5,delivered,2017-10-17 01:08:50,2017-10-19 13:49:28,2017-10-25 13:33:59,2017-11-16 23:54:40,2017-11-13 00:00:00
d1fd0b3e5098a55e5c4a672e25527b97,c93967bb7502dedcb3d9872a427ea429,delivered,2018-02-05 12:57:03,2018-02-05 13:10:53,2018-02-06 22:22:23,2018-02-19 10:33:29,2018-03-06 00:00:00
2d27207b384323a3320175c9dd0b6784,5dda15fe868e79aa4503e6ea333b93b2,delivered,2017-10-21 10:09:15,2017-10-21 10:25:42,2017-10-23 18:21:47,2017-11-08 17:35:46,2017-11-14 00:00:00
4e137cf3d77c73a7969312a30bdbba02,b6955e5735da08e1cd7d7c9b46093774,delivered,2018-04-27 17:52:31,2018-04-27 18:10:53,2018-04-30 12:42:00,2018-05-07 15:27:56,2018-05-21 00:00:00
ce9f805d159a577d0f5dbf252a5bf577,70113ccc54e91c025069714903170789,delivered,2018-07-22 23:14:07,2018-07-23 12:31:41,2018-07-24 12:52:00,2018-07-26 16:26:34,2018-08-03 00:00:00
10f288cd8e6f4add2454d845e9df5af6,d6351c9f1d835238f1e2e76ea7472b87,delivered,2017-11-24 13:15:25,2017-11-25 04:55:33,2017-11-28 18:04:26,2017-12-06 22:27:55,2017-12-14 00:00:00
c39b81b2bd8d2abfff5240c18350f9ea,12b02f4c536538dbb3b1f1ce93ee0134,delivered,2018-04-05 15:06:56,2018-04-06 03:15:33,2018-04-07 01:19:35,2018-04-18 00:28:47,2018-04-24 00:00:00
ea1ecba1228b210007951b4a8f12ec3a,b58a766d3cf723d63294d515102ae165,delivered,2017-11-26 12:01:51,2017-11-26 12:12:31,2017-11-29 01:27:56,2017-12-14 18:18:26,2017-12-26 00:00:00
c45a32b1e06c16ad13a62a855174f0bc,73e6e89844bbc555e4a14fd04d48364b,delivered,2018-04-15 19:01:04,2018-04-15 19:15:19,2018-04-16 16:26:43,2018-05-03 01:37:41,2018-05-15 00:00:00
aae977c782835b108e46fa36a02dbe1f,965197bd6c55afec34066df71c5c1335,delivered,2017-07-03 18:35:01,2017-07-03 18:50:08,2017-07-05 13:26:55,2017-07-20 18:07:36,2017-07-25 00:00:00
2d1af44a16a96ca709a9afd12dceef4d,7f654ef6e7cbd2774ab352ad15e4bbe2,delivered,2017-04-25 19:29:08,2017-04-25 19:42:28,2017-04-27 14:55:56,2017-05-03 12:37:39,2017-05-12 00:00:00
8dc88c2e364c9253fef2d8348a638d82,2095788f3179fe771afda94cea0e2cd7,delivered,2017-05-15 19:39:50,2017-05-15 19:55:17,2017-05-16 15:31:56,2017-05-22 12:25:54,2017-06-02 00:00:00
854d9f86041d38857c38795f8c133494,803f32fb17f4584b3e67dc7cda49ddec,delivered,2017-03-08 21:57:09,2017-03-08 21:57:09,2017-03-13 13:44:01,2017-04-24 15:52:25,2017-04-10 00:00:00
7aad5b58b71002c5cb36db4fe822a512,b56706efa54adbafc6d2ea0db33b0333,delivered,2017-06-29 13:03:01,2017-06-29 13:10:22,2017-06-30 13:30:07,2017-07-10 18:07:00,2017-07-24 00:00:00
23716dd823fe476b656d033ecc6bdb9e,fa109d7de2189a3656b2fd79dc4bb42d,delivered,2018-02-19 14:56:40,2018-02-20 07:16:07,2018-02-22 01:26:48,2018-03-21 17:34:52,2018-03-12 00:00:00
f5972017f8fc7597e9a878118ca8c19a,dbd64242f4e04688f40fd50596bbe17f,delivered,2017-11-02 20:58:23,2017-11-02 21:10:39,2017-11-07 17:36:45,2017-11-17 19:42:58,2017-11-30 00:00:00
4b3fb492ac13baaabfe1ef6b4e541955,fde12dc0d32b4cd457919846c5b8e4b4,delivered,2018-02-19 22:16:17,2018-02-20 07:30:54,2018-02-28 20:47:53,2018-03-12 15:51:12,2018-03-16 00:00:00
58ea2f39b960352a146343ee46c38bb2,968ffe623134add215a1d7e107c5da41,delivered,2017-04-23 09:23:58,2017-04-23 09:35:15,2017-04-25 11:24:16,2017-05-12 13:47:09,2017-05-15 00:00:00
55093725a55ca1f9e5f5af23dd5dd8fa,ae243ce244bd96b2ab128159a9d77b3b,delivered,2018-06-01 12:15:54,2018-06-01 17:53:13,2018-06-06 14:16:00,2018-06-18 23:03:31,2018-07-12 00:00:00
e4a1a7de8d097ef8862da4fa66798f53,0e7c17ddbada5df557b2e5f2f90dc0dd,delivered,2017-09-11 14:48:27,2017-09-11 14:55:26,2017-09-12 20:33:35,2017-09-13 23:43:49,2017-09-21 00:00:00
22a00704584f0604e80afe6b4ce031ad,7461a8e28f59334e5abe52baabeeecae,delivered,2018-08-16 21:43:49,2018-08-16 22:09:18,2018-08-23 13:31:00,2018-08-27 22:21:14,2018-09-05 00:00:00
8314d0708a7a6fe4f5e5b3ace0826a2e,80a283a4c29bd55e415c4aec123f51c4,delivered,2017-10-19 15:43:45,2017-10-20 02:56:26,2017-10-25 21:47:51,2017-10-31 17:22:24,2017-11-27 00:00:00
749fcca936a6d6cf6373d2b6f7d72530,2ea8bb2930217f9907af50f779f18386,delivered,2017-02-08 02:32:36,2017-02-10 02:43:01,2017-02-13 09:37:27,2017-03-10 13:06:32,2017-03-15 00:00:00
e576bdc500f0c1c9a1b2a3ccce7000fb,8b1f18c2f22e45482d3a3ad8e68090ed,delivered,2017-12-21 13:05:53,2017-12-21 13:16:26,2017-12-21 21:42:02,2018-01-11 12:20:19,2018-01-23 00:00:00
f1208c0ad97a9de898809def9cc34d7f,3926fa22f9c8f52e376682d14bdb0f30,delivered,2017-07-10 21:12:54,2017-07-10 21:45:11,2017-07-11 19:52:36,2017-07-26 10:52:13,2017-08-01 00:00:00
0838c36e9894cf5d929f58210d5b5bb0,365adfcd960eaab19ba5e79e34d30b03,delivered,2017-06-13 11:22:36,2017-06-14 06:35:12,2017-06-16 07:38:41,2017-06-27 13:34:31,2017-07-18 00:00:00
209af0f4be00475004ee6a0b9f37ba66,b80e57626e0b7bc5c7b396b8590f5755,delivered,2017-05-22 14:59:05,2017-05-22 15:05:16,2017-05-26 08:27:51,2017-06-05 11:03:40,2017-06-14 00:00:00
86e58de143bb6bb2b6ded531926ebf36,5b78a451f244ad4bf514f6871360d004,delivered,2018-02-12 19:08:58,2018-02-12 19:28:17,2018-02-15 21:28:57,2018-02-22 18:12:59,2018-03-07 00:00:00
224178696ac7ef9533253acd7653f158,6d25a570809ab4c7a33e4fea40af752c,delivered,2018-04-12 20:30:22,2018-04-12 20:49:06,2018-04-13 21:56:44,2018-04-23 18:54:50,2018-05-03 00:00:00
ab37ec75cad1f09d8ec5c5a4228eaf50,d81c43db155254f98cce1de0d6026bed,delivered,2017-03-30 23:33:36,2017-03-30 23:45:16,2017-03-31 13:19:26,2017-04-05 16:26:39,2017-04-24 00:00:00
6d46be495109b4798339bb7ac0bfaa9e,b36ce0a77473bab7fe9ee08be0efa4b3,delivered,2017-10-13 21:48:58,2017-10-17 04:14:50,2017-10-19 19:30:21,2017-11-20 17:10:00,2017-11-08 00:00:00
7a8434b3aea12aa40de2100dfb50cca6,cbfb4a4b0153c7c10c1faed90d8cfff5,delivered,2018-05-09 18:26:51,2018-05-09 18:54:08,2018-05-11 13:45:00,2018-05-15 18:32:00,2018-06-05 00:00:00
b0e779f901eb8bbbc2e223a783dc46a1,c84cf90be463db5785f405c807b13aa3,delivered,2017-05-19 20:51:25,2017-05-20 18:25:10,2017-05-22 14:35:22,2017-05-23 09:43:59,2017-06-01 00:00:00
7ff80f1b42a18dcaeabdc65c1be8016f,626e08d8c160791b98c9af031750945b,delivered,2017-06-06 23:24:13,2017-06-06 23:35:28,2017-06-07 10:07:10,2017-06-19 20:47:32,2017-06-29 00:00:00
ee4a95415255b5c54189071b8c1a2c53,0397cc69d4f5d98b754925553a327d17,delivered,2018-05-06 00:15:12,2018-05-07 17:17:15,2018-05-08 12:02:00,2018-06-06 22:06:27,2018-05-30 00:00:00
d3221f47eb4afb028ea89bf72bdc8bc8,cc9ff086a2bd5f8a324fce11bcd7055a,delivered,2017-05-02 20:56:43,2017-05-03 15:22:47,2017-05-04 09:53:18,2017-05-08 09:26:42,2017-05-23 00:00:00
537be38441cb6b55c59979427abe99ef,a0822e7d4805f4355a0cc53939cd05a7,delivered,2017-10-23 13:35:21,2017-10-24 03:14:11,2017-10-25 16:42:26,2017-10-31 16:33:52,2017-11-09 00:00:00
0aaab3c070a479ff8654a14d13ea750a,8990831f28f0c5a632fed68edb3718a3,delivered,2017-06-14 09:04:00,2017-06-15 06:42:49,2017-06-21 14:28:34,2017-07-11 19:04:36,2017-07-13 00:00:00
77e356fe102e0bcabbd2bd066328f801,ef8f790a11f281ddbab551944073ebad,shipped,2017-03-15 18:49:46,2017-03-15 18:49:46,2017-03-20 07:58:49,,2017-04-19 00:00:00
6e6fe7a46410884d0ad0f30ac48f7c4b,24c2b6055e3e6af2315b8216a7785e34,delivered,2018-01-05 12:29:14,2018-01-05 13:13:31,2018-01-08 11:52:15,2018-01-09 13:43:26,2018-01-23 00:00:00
3382c4920abfc57a48aa39d9120f3f67,f05af36cb0718a83b13d96bf8b710d20,delivered,2018-05-07 12:38:04,2018-05-07 15:31:14,2018-05-21 15:54:00,2018-05-23 13:38:32,2018-05-15 00:00:00
626ba2cf9fa985ffe2bf41c0b1b12b4f,0abda7ee9b75764b3bf4197b63ee7c0a,delivered,2017-11-12 12:39:52,2017-11-12 12:50:31,2017-11-14 19:55:05,2017-11-23 21:16:37,2017-12-06 00:00:00
8618c8cd264cece4218bfa403bdc4b14,5ece0dfd49edb29d024f2710c8526c03,delivered,2018-08-07 14:06:46,2018-08-08 03:05:12,2018-08-08 12:41:00,2018-08-13 22:19:50,2018-08-31 00:00:00
c642b243037172b9fa789eec22ab713c,b2b7366fa24a7e69a0ad1d4cba6471a9,delivered,2018-01-16 15:21:52,2018-01-16 15:32:25,2018-01-16 23:28:46,2018-01-20 01:21:25,2018-02-15 00:00:00
eb0caa123b85c891ef895115c39f5fd5,30201265565f84bf08c3ebf808449612,delivered,2018-08-16 16:31:33,2018-08-16 16:49:14,2018-08-17 07:23:00,2018-08-20 15:49:50,2018-08-28 00:00:00
1bc7db82fdfd333b6bc74fa6643c694b,302166f85f6ebcf766b0a9bbaae2f0e2,delivered,2017-10-05 07:04:50,2017-10-05 07:14:16,2017-10-05 19:44:58,2017-11-20 19:48:35,2017-10-31 00:00:00
70217ba6c09626a3f4b980eac7d98a1d,8c2dba1581356178de57718a19cd1d61,delivered,2017-08-08 21:04:11,2017-08-11 04:15:14,2017-08-11 18:40:06,2017-08-23 19:22:51,2017-08-30 00:00:00
937e5f3a8d8e8f17ee884f59b8994eed,2e4df942ff90931c8ef43d27bec8b144,delivered,2017-11-12 21:00:06,2017-11-12 21:10:32,2017-11-14 18:48:48,2017-11-21 17:05:56,2017-11-27 00:00:00
c89a75d9ee5020cc2bdd4ebc2b35d2c3,5e065d3885042c6de495899792b09d30,delivered,2018-05-10 12:33:50,2018-05-11 12:30:53,2018-05-14 12:01:00,2018-05-18 17:12:23,2018-05-28 00:00:00
3343cf23583ffaea36e75f03d0893bde,449da50336d9b1e5f45284b5e4647f48,delivered,2017-12-10 11:48:07,2017-12-10 11:55:28,2017-12-12 18:35:33,2017-12-16 19:22:54,2018-01-11 00:00:00
32065e5956c0bd03d20f89203871cbd0,6915da0cdf79a9e591f34f7feec9af86,delivered,2017-11-24 22:46:40,2017-11-25 01:52:45,2017-11-29 22:35:44,2017-12-04 18:05:36,2017-12-20 00:00:00
3ed68fe5074b5593e90e3bc341f2d718,3ed0c123ddb36edc23e61294855ca7a3,delivered,2018-08-17 16:28:03,2018-08-18 02:35:17,2018-08-18 08:22:00,2018-08-28 20:03:16,2018-09-04 00:00:00
0a8f8c393d9dbc5901daf7d157afc427,0389344fcfa1b39110fe6943f8abcfad,delivered,2017-06-01 16:10:28,2017-06-01 16:25:28,2017-06-05 13:21:41,2017-06-14 11:43:20,2017-06-28 00:00:00
93afe3c6fc66e7f50b000e621fa6fa49,c0757f19964e56c02b05e41d1ea20879,delivered,2017-11-22 16:58:38,2017-11-22 17:11:28,2017-11-23 17:12:42,2017-11-27 19:27:07,2017-12-15 00:00:00
31c97425f34d48507d57e56e0ec2986b,11ead7c657fc4f2412db1babe52d1619,delivered,2017-09-03 19:49:03,2017-09-03 20:03:45,2017-09-06 16:42:30,2017-09-16 16:13:54,2017-09-25 00:00:00
c8343fc16f5a843a22f2b56109a052d7,398f43880fe5d5fe1207be6e220a2f47,delivered,2017-04-19 17:40:58,2017-04-19 17:50:25,2017-04-20 16:22:01,2017-04-27 09:59:35,2017-05-17 00:00:00
137135c30e53ddac60ef16b8ef6d4d54,0e452884350c12f7a85429773c5b6472,delivered,2018-02-25 11:48:38,2018-02-25 12:09:36,2018-03-02 00:08:36,2018-05-07 14:43:53,2018-04-05 00:00:00
55f1a7153e4d67447465073ad9490f04,b259aacf66c74aaeb0d7c585e1a35be4,unavailable,2017-12-04 13:14:31,2017-12-04 16:49:16,,,2018-01-02 00:00:00
fa829c3fbcf363826dfeb1921c4f5c0e,711adc8ce3d54c4aec1bc2381e025150,delivered,2018-06-13 13:38:20,2018-06-13 14:31:28,2018-06-14 12:05:00,2018-06-19 11:12:18,2018-07-11 00:00:00
fa66968136d0e5507f38fd33d7e6ee14,2239c6f47e4f74e36b5b27f566b35034,delivered,2018-08-17 15:39:10,2018-08-18 03:09:44,2018-08-20 10:09:00,2018-08-27 19:03:26,2018-09-10 00:00:00
ffec1a6d35149778ec575d5048d44db8,970ca115b43314d95949db28ed73aa78,delivered,2018-03-20 12:47:53,2018-03-22 02:49:46,2018-03-27 17:06:34,2018-03-28 18:54:28,2018-04-02 00:00:00
ea5b2c0d002d415e1c5e7d7f39c831f5,ab923b33a7bb81c8348b97b5276ab0cf,delivered,2017-12-08 19:35:11,2017-12-08 19:52:13,2017-12-11 20:48:42,2018-01-04 01:05:42,2018-01-08 00:00:00
0ef549b2d7f694d7da546831e4003906,36dcd1ca06a31b26bf8f9f56576412cb,delivered,2018-06-17 23:54:56,2018-06-18 15:17:20,2018-06-21 11:33:00,2018-06-25 21:52:03,2018-07-12 00:00:00
0fcebef7529661e5353748c86a31d90e,90687faca5a0ee41c930155f05b000d6,delivered,2018-05-21 10:14:31,2018-05-24 17:35:05,2018-05-22 06:53:00,2018-05-25 17:45:44,2018-06-05 00:00:00
b7ee003a15e0771e300ba4fa565c1cde,bb248d53ccfad4213d4cc085f4ea8605,shipped,2017-06-06 22:31:52,2017-06-06 22:45:14,2017-06-07 15:58:40,,2017-06-27 00:00:00
915e2d730ef38d45a41bad2a89f88950,fdb0f83896fae5207bdd32d4f3d9fe48,delivered,2018-06-15 15:23:48,2018-06-15 15:37:59,2018-06-19 14:26:00,2018-06-26 20:38:49,2018-07-05 00:00:00
f3bd551f3e8da9ba257cc4f68e4b89f9,7c712a74cad1920cb6fde4480a378dbc,delivered,2018-03-02 15:36:06,2018-03-03 16:21:19,2018-03-08 17:27:24,2018-03-29 14:26:41,2018-03-28 00:00:00
8d10435d438f4f2582d83a8cb0f007ad,b27881b13fc8dd2754804c760c4c40bc,delivered,2018-07-24 16:26:24,2018-07-25 02:50:16,2018-08-07 08:45:00,2018-08-16 15:36:30,2018-08-22 00:00:00
3b0e5a99d50a2371dc4f0dfbaf0a2a76,8b7c60182e9c5c71d17d54ac97b0fa02,delivered,2018-02-17 22:49:04,2018-02-17 23:06:51,2018-02-20 03:53:23,2018-04-12 11:12:00,2018-03-14 00:00:00
bc0d5d1faf5b015dc352b83463f205df,9e611a18f00b0d42c0805512db3c5337,delivered,2018-03-30 20:24:56,2018-03-30 20:35:13,2018-04-03 18:27:58,2018-04-04 20:11:58,2018-04-12 00:00:00
bf1956dea4fd9c8118a6553cf6dd375a,b13f522b29cfb5eb86f49e4d8ec98aaa,delivered,2018-03-26 00:20:08,2018-03-26 00:35:20,2018-03-26 21:47:55,2018-04-09 20:46:59,2018-04-16 00:00:00
d6a8bacde476ece5a181362e3eb2aa44,d661aa00fde51b12e4e50770e8bc1011,delivered,2018-03-26 20:56:47,2018-03-26 21:10:12,2018-04-03 20:41:35,2018-04-16 20:11:28,2018-04-23 00:00:00
5d4b280ade17fbd39c551ed69edf8432,812de05e2de8e3b58816cff12a1302f1,delivered,2018-04-27 11:08:24,2018-04-27 11:30:34,2018-04-30 08:22:00,2018-05-03 22:09:54,2018-05-22 00:00:00
71303d7e93b399f5bcd537d124c0bcfa,b106b360fe2ef8849fbbd056f777b4d5,canceled,2016-10-02 22:07:52,2016-10-06 15:50:56,,,2016-10-25 00:00:00
a0ea6346d58826effd37d95c04e7feaa,85bb60244e00bcd69c5a52da5d1512a2,delivered,2017-12-09 06:16:03,2017-12-09 12:30:17,2017-12-12 21:05:51,2017-12-22 19:18:51,2018-01-08 00:00:00
d02832494d9e665c9647bc990b1c24ee,0e8f3042296ebd7f20095ce2fe09945f,delivered,2017-05-19 21:06:03,2017-05-20 11:45:20,2017-05-22 10:25:29,2017-06-01 11:48:17,2017-06-23 00:00:00
d91f3753f6627409e794b7af521e7cb9,56a4785d40ec1f5d200aa91a085048bd,delivered,2017-12-20 00:35:32,2017-12-22 02:50:42,2017-12-22 15:13:40,2018-01-14 14:08:56,2018-01-18 00:00:00
728eca74bf1bda84f1f1c4df86551bd3,307edb101f6b111e889e42258b146715,delivered,2018-04-04 12:57:55,2018-04-04 13:10:20,2018-04-05 00:36:26,2018-04-17 14:34:26,2018-04-27 00:00:00
53986010cd24a083e90498682f8129b8,d5b3ccc1309de24eb31ffe208f6b3050,delivered,2018-01-08 11:48:46,2018-01-08 11:59:32,2018-01-09 21:06:57,2018-01-18 20:08:45,2018-02-05 00:00:00
2b174fe50fe22617055b7220b4b43c26,ddedd0a8c9f0acc02d3bc02070d117f7,shipped,2018-04-07 16:47:06,2018-04-09 23:15:14,2018-04-11 19:38:29,,2018-05-02 00:00:00
4e2b00bfdaa0253f5d2836299868634a,54f4999e6a74c50d068be44d1fdef23e,delivered,2018-02-15 19:05:56,2018-02-15 19:26:13,2018-02-16 17:27:42,2018-03-07 19:09:40,2018-03-09 00:00:00
7579e83c4b3105eb739458f2e6fee4f8,1678c6ae6e1ee4c4b06f224f7cff0846,delivered,2017-07-23 16:39:24,2017-07-23 16:55:10,2017-07-25 12:33:14,2017-07-28 13:58:14,2017-08-11 00:00:00
38d28e168501494c0edb4ee41f64d296,6620ea0cda2c99d5c14c22c7c6309979,delivered,2018-06-02 17:29:04,2018-06-02 17:50:18,2018-06-04 10:41:00,2018-06-12 17:58:28,2018-07-11 00:00:00
3df2e99994d26322522f7c8221831a80,4edd404b9f68334552c1d5c7e72cf128,delivered,2017-10-24 21:02:58,2017-10-24 21:14:27,2017-10-26 13:34:36,2017-10-31 22:16:43,2017-11-16 00:00:00
bd81ae8a9c5a8e0ec03a3415f1540921,4c91ce619e6d67e9e83e309deb703ef5,delivered,2018-04-05 11:24:03,2018-04-05 11:35:24,2018-04-05 21:58:50,2018-04-07 12:12:28,2018-04-20 00:00:00
b96a0998be02fcdd701b834f5d66f235,5747a693dfadf504e1d46b358e2a9bb6,delivered,2017-08-08 10:38:44,2017-08-10 03:25:41,2017-08-10 14:58:58,2017-08-18 18:19:02,2017-08-30 00:00:00
33385120d1dbb98e6fafeeb955d5b28c,00d8b72b2807894a9e5c690179132819,delivered,2017-11-08 00:04:42,2017-11-08 01:26:56,2017-11-09 17:21:47,2017-11-10 20:34:41,2017-11-23 00:00:00
771760302216bf4e6a1e0a9e6379583f,6316ea86c8694f41021cfe91287144b2,delivered,2018-06-03 18:12:18,2018-06-03 18:31:03,2018-06-04 13:45:00,2018-06-13 14:39:33,2018-07-17 00:00:00
4acae38053fac34d667306b2de1445ee,c42f73ace92c8109fb462219dc06a400,invoiced,2017-11-23 11:46:27,2017-11-23 11:55:56,,,2017-12-05 00:00:00
a02a8fea1f9876af129ba9bbf01f59cb,a7ab20fb4e0a401187aa80e97cd7e4d8,delivered,2018-05-18 11:23:17,2018-05-22 07:54:01,2018-05-25 14:56:00,2018-05-30 20:37:26,2018-06-06 00:00:00
fb892328bc44b33ea7c52b5aad09416e,baf13475dde3287ce4b015d7229a534e,delivered,2017-05-20 17:46:21,2017-05-23 04:15:24,2017-05-23 12:32:53,2017-06-05 10:35:37,2017-06-12 00:00:00
e17d3302a2923d0185757dfca4243419,dab6b8d21ca0042c271d59be395eea8c,delivered,2018-06-20 21:44:28,2018-06-22 02:58:53,2018-06-25 14:34:00,2018-06-28 19:32:23,2018-07-23 00:00:00
6bf83087dc6176ce753398bf1a976f0b,25c8e1fcd0c55a56b32d5f24db4c46b5,delivered,2017-10-17 15:55:42,2017-10-17 16:07:48,2017-10-19 15:15:58,2017-10-23 16:52:54,2017-11-03 00:00:00
30647325eed2f0ac046e27a3cb6b76fc,10cf65f0400c1e1f03e07328b6882311,delivered,2017-02-16 13:57:14,2017-02-16 14:10:13,2017-02-17 08:58:34,2017-03-10 10:06:50,2017-03-27 00:00:00
2e0ff81253a7fa54020cedbb9835d1c7,cd8b10b923d9c792b2549784392f15ab,delivered,2017-04-11 12:05:15,2017-04-12 02:42:26,2017-05-23 09:19:55,2017-05-25 09:49:39,2017-05-09 00:00:00
e74dce994d1d4b754ec4a4e709b8b65b,8862497b709d7bdf7a68ce43e973b7b0,delivered,2018-04-15 22:22:52,2018-04-16 08:51:02,2018-04-24 22:51:48,2018-05-07 19:32:21,2018-05-08 00:00:00
abf40713667771b2f331cca776f225f7,1d180a8db4067b40c14f135a54d6e144,delivered,2017-08-07 17:24:42,2017-08-07 17:35:25,2017-08-09 15:10:18,2017-08-21 17:33:40,2017-08-29 00:00:00
d51bf6ce24909fbeee788f10c841a55b,51b59ab650da32b47d3f058bea2d67c8,delivered,2018-01-06 01:38:40,2018-01-07 01:31:22,2018-01-08 20:19:50,2018-01-16 20:09:13,2018-02-06 00:00:00
81f8f469c9ebd7916d4d35d7b379127c,00838729460c2110a0bd330a4bb9b332,delivered,2018-03-24 07:54:34,2018-03-24 11:48:09,2018-03-27 01:08:33,2018-04-11 00:12:19,2018-04-16 00:00:00
7f3f24575ff9378ce7df685115ba3695,e3c3ecdfb38d43bdb33edcb4ecdaa981,delivered,2017-07-17 13:32:55,2017-07-17 13:45:16,2017-07-26 14:11:12,2017-08-08 19:20:11,2017-08-22 00:00:00
4b9240819fa4326d73e1786751d5424f,9eb92c9d7e06ca3bbc297b173d40ca56,delivered,2017-11-28 14:59:40,2017-11-28 15:19:42,2017-12-04 20:23:23,2018-01-09 12:13:00,2017-12-29 00:00:00
b05a3bf231027bb3e6dbc25a078400af,aab5a8c7d81c12767d13562f38149488,delivered,2018-06-26 15:00:40,2018-06-27 08:53:56,2018-06-28 08:28:00,2018-07-02 22:39:28,2018-07-20 00:00:00
d8873f1bbe5dcb703bdb0aee14aa0948,bc9ff46a719141196e645fe84056864e,delivered,2017-03-27 17:32:22,2017-03-27 17:43:28,2017-03-28 13:44:13,2017-04-06 15:09:36,2017-04-18 00:00:00
165bda414fc1fd79eb721e1938ff198a,bcaa16104985fc83035709fefa708f14,delivered,2017-02-04 12:31:17,2017-02-04 13:10:09,2017-02-07 12:37:52,2017-02-15 15:47:47,2017-03-15 00:00:00
530368768e371e6f8068c3209e1157d9,5fb87f13f6e166bc643d22685cee47c1,delivered,2017-06-25 10:27:13,2017-06-27 04:10:27,2017-06-27 16:27:39,2017-07-17 19:52:17,2017-07-20 00:00:00
3feb799ce0a45e25a33828bff05ae553,c48c461650e7da0a671e1c902001534f,processing,2017-12-04 10:15:06,2017-12-06 12:52:22,,,2017-12-28 00:00:00
6b1fc7db81c9636bc79ef40baf9e8b29,d3b6830d18c7de943d1e707d1f061d40,delivered,2018-04-14 18:29:29,2018-04-14 18:52:43,2018-04-17 21:32:56,2018-04-18 21:41:45,2018-05-03 00:00:00
74b718d85b8c1c2071fb5f4e7c7a1114,23439db933ef777c7a62cc7355cfe933,delivered,2018-01-30 21:08:20,2018-01-30 21:31:28,2018-02-02 00:38:38,2018-02-17 00:28:00,2018-03-02 00:00:00
03c810bce9d261d4d0447b895189dc16,526caafeb47b743834c8e21b5faed622,delivered,2018-03-04 20:36:53,2018-03-05 20:30:52,2018-03-08 16:02:58,2018-03-19 23:56:35,2018-03-28 00:00:00
742b5d98b8903f6f6a0af740ddd60f2c,6363e2618ebebe92ac570fa7e9fdf82f,unavailable,2017-02-14 17:33:54,2017-02-14 17:45:11,,,2017-03-13 00:00:00
8d6708eef8a393c70109de0afb75509d,a9aae87dfdb515be22e98a2054e53978,delivered,2017-09-03 20:43:38,2017-09-03 20:55:24,2017-09-05 12:58:03,2017-09-13 13:32:14,2017-09-27 00:00:00
dbf2c0164b592abca90f6c6817f37a9b,b67442bfea418c7574cb711bf521d040,delivered,2018-04-28 19:08:05,2018-05-01 05:32:19,2018-05-02 11:11:00,2018-06-05 00:03:06,2018-06-01 00:00:00
bb1af69d9c3122c683d442d8af845410,89c85c6028bef4a62418ce026c9caf3c,delivered,2018-04-11 14:14:06,2018-04-11 14:31:55,2018-04-12 22:56:31,2018-04-13 22:45:39,2018-04-26 00:00:00
b528343ff0b10c32c5c7baf68f6536ba,df95b7d6f8593ea6ba264820941935ae,delivered,2018-05-30 14:58:50,2018-05-30 15:15:14,2018-06-01 14:59:00,2018-06-04 18:08:49,2018-07-03 00:00:00
7540eaa703ba0f9ab8cfb6ce7291a83b,57d3993957c67b16b2ed5bc02f65a2b7,delivered,2017-03-18 11:59:46,2017-03-18 11:59:46,2017-03-20 11:57:39,2017-03-29 20:18:05,2017-04-10 00:00:00
c42b587202c9ab27678911d072f3894d,ffafa5b458d00aaac99e63ce4e72c668,delivered,2017-02-15 12:18:51,2017-02-15 12:33:15,2017-02-15 13:55:10,2017-02-20 10:43:39,2017-03-20 00:00:00
02a0eb7c22b0616c767a45954a2a28f6,43d9a8df81f815755d9a258f2ee3135f,invoiced,2016-10-09 10:34:58,2016-10-10 08:14:52,,,2016-12-12 00:00:00
c599664a92ecfccd2ba5b5e7d4f91fb0,32922171fd468b3f070fd758d7fd1f26,delivered,2017-09-10 16:38:23,2017-09-12 04:35:31,2017-09-12 21:42:03,2017-09-14 16:54:28,2017-09-21 00:00:00
c7be34133b7857a83dec6494df176713,5b7e3bcc22566d7b41ca31b0acfad7c4,delivered,2017-03-25 08:27:38,2017-03-28 03:50:55,2017-04-05 09:32:30,2017-05-15 08:17:38,2017-05-02 00:00:00
853f25989cabd6fc09d7e1ce0efd0f50,8f96810668001b103d3f2000e7c9af1a,delivered,2018-02-20 19:49:19,2018-02-20 19:55:51,2018-02-22 02:39:00,2018-02-23 22:27:16,2018-03-06 00:00:00
672bd629a3a3fb9f16b9147ce8ccfb69,3a0e5c031b789b7c3e91532c851edaf3,delivered,2018-02-03 19:14:14,2018-02-04 00:09:47,2018-02-06 22:56:52,2018-02-10 15:26:53,2018-03-01 00:00:00
bc7e40b95bc62e9b4fe7c419038b37f3,b56e91c06de67f577c3764c24dac0756,delivered,2018-08-20 00:09:48,2018-08-21 04:50:02,2018-08-21 12:35:00,2018-08-27 16:48:28,2018-08-31 00:00:00
ef95c45a2c0fca1b7aaee8da7c0013f1,81873ffff1e5af1536b3a98f13d8c558,delivered,2018-02-18 22:35:30,2018-02-18 23:46:51,2018-02-19 20:20:47,2018-03-20 22:12:44,2018-03-16 00:00:00
897abc3130a6d4c579a229b45349f611,1d331c1175b7c788fdf7b44b6dc26627,delivered,2018-08-03 13:02:13,2018-08-03 13:15:12,2018-08-06 11:08:00,2018-08-09 10:51:37,2018-08-20 00:00:00
5e7e66344d4f127f114875c930d621f9,622fd8de19b9462bdfd1c15fada2e89c,delivered,2018-02-05 18:06:32,2018-02-05 18:29:59,2018-02-07 00:42:45,2018-02-16 19:14:15,2018-03-06 00:00:00
cd7d5eba4ca59e359249279469aa4f7a,d4d6b4b9d85471149150ceda6dee1501,delivered,2017-03-27 14:59:54,2017-03-29 02:10:41,2017-03-29 15:37:38,2017-04-06 09:13:28,2017-04-26 00:00:00
a2f7326351628f773f83d542a9da6851,0e4e3ed44acc06bd424d47ab79993516,delivered,2018-08-10 00:54:49,2018-08-14 04:24:22,2018-08-15 14:46:00,2018-08-20 17:31:12,2018-09-12 00:00:00
4198d0f2bb36652e0d18c1f7bbf3b6af,38a82a516c3ba8e40fa79b580d9855cb,invoiced,2018-04-16 11:17:01,2018-04-16 11:31:31,,,2018-05-03 00:00:00
9a517d3da31a43376a0ba6f01f970495,5e271b804f276d8a36840e41116f4ac0,delivered,2017-08-01 12:09:24,2017-08-01 12:23:31,2017-08-04 15:54:03,2017-08-11 18:57:55,2017-08-29 00:00:00
6a9ed89907267cac71cbbf67931313a2,827a5d5a014607756a15b47b7d21da37,delivered,2018-01-02 14:13:47,2018-01-03 14:07:25,2018-01-13 00:43:05,2018-01-16 18:33:41,2018-01-18 00:00:00
ea41beb1581ec39e1a86554919a543ac,68341b6f83050b752c954ff6e2f78ca3,delivered,2018-05-31 17:06:58,2018-05-31 17:33:00,2018-06-01 14:35:00,2018-06-29 18:34:50,2018-07-16 00:00:00
52d737a419e3d5424beb6b55abd83bcb,a0b2aa76be2d444889ea8544f1ce13c3,delivered,2018-05-21 16:08:32,2018-05-23 02:15:40,2018-05-23 13:46:00,2018-06-06 22:47:44,2018-06-08 00:00:00
9322ed60e16ee4ff1efe8145cb66060f,79e3be07b961e4d6df3d52de6a560c47,delivered,2017-09-01 14:38:16,2017-09-01 14:50:24,2017-09-04 21:11:59,2017-09-15 18:57:50,2017-09-26 00:00:00
b2bb080b6bc860118a246fd9b6fad6da,023042a5cd5724a563a100acb1cf89c9,delivered,2017-07-31 23:55:27,2017-08-01 00:43:21,2017-08-02 15:42:52,2017-08-08 20:30:04,2017-08-22 00:00:00
6049ab061f1a014ee71d10cf04e045ef,5ac14cabfdc1849cbb3bc2e8bfff1fde,delivered,2017-07-14 12:46:10,2017-07-14 12:55:29,2017-07-14 17:38:03,2017-07-21 16:17:28,2017-08-07 00:00:00
bedae8df4e37a65ccbec319872296b89,557680a586ced70b6898cbe01a35c87d,delivered,2017-03-16 13:08:11,2017-03-16 13:08:11,2017-03-17 12:15:02,2017-03-24 09:51:57,2017-04-11 00:00:00
68810c6b108472c394da03666cf1fe74,28e095aecb060344b8dadb5cdc0b527c,delivered,2017-12-02 10:13:29,2017-12-05 04:18:40,2017-12-11 23:55:25,2017-12-18 20:17:31,2018-01-03 00:00:00
ed6ada37adc9a45f54f9378a5b1361a7,88ab1815ff5d0e5dc9078ecb786658c3,delivered,2017-07-11 13:10:00,2017-07-11 14:10:23,2017-07-18 22:56:46,2017-07-27 20:27:52,2017-08-02 00:00:00
fdd647b689626410b725d1cce2ddf37c,3714eb406c7704a920e504085717ea5b,processing,2017-12-04 10:09:35,2017-12-27 14:03:00,,,2018-01-05 00:00:00
cf35fcb04fe3dd43197e2c26498a983f,c8fe2eb13122d7b9ca5246379c7e9e34,delivered,2018-06-17 13:08:55,2018-06-17 13:39:47,2018-06-18 13:25:00,2018-06-20 20:32:43,2018-07-11 00:00:00
0fadbc4e1debdc934ab72ff157d8be79,820f96a3ab9a4eb666f03d086440d610,delivered,2017-07-13 21:55:11,2017-07-13 22:05:34,2017-07-19 17:09:50,2017-08-01 19:21:17,2017-08-08 00:00:00
312384a598132f165ae6f58bc210f8fb,69deddc9a3d17bcc5d20eee6ab2d43b1,delivered,2017-11-27 15:39:09,2017-11-29 02:22:13,2017-11-29 21:36:02,2017-12-11 17:47:26,2017-12-18 00:00:00
a48091d43904feab22b133cf47e96816,882896d692d85d2479ca46626b4ae39f,delivered,2017-07-14 15:44:16,2017-07-15 15:55:08,2017-07-17 18:51:34,2017-07-26 17:27:58,2017-08-03 00:00:00
10ec043040f8a284bba89547e8a49cdf,cb455c0c9e18fe17a85cd12f613c0617,delivered,2018-06-29 19:44:59,2018-06-29 20:10:17,2018-07-03 15:17:00,2018-07-11 14:28:23,2018-08-01 00:00:00
c5c439c95db69979fd8f66c6eec564e5,2feb004585ba9625c73bd2745246fdc8,delivered,2017-07-24 15:04:27,2017-07-24 15:23:35,2017-07-26 15:42:13,2017-10-18 18:31:48,2017-08-25 00:00:00
68b4c4f5541fdc04be458209af970adb,f57c7d86e6eaf35468398ca2129f630e,delivered,2017-04-29 16:57:39,2017-04-29 17:10:19,2017-05-02 15:53:47,2017-05-15 08:37:38,2017-05-23 00:00:00
6d7401af6d68c81a5958578eedcdd778,ce29e45f90ae78be6a9403ab93956653,delivered,2017-07-17 20:08:46,2017-07-17 20:23:26,2017-07-24 20:12:40,2017-08-03 16:23:50,2017-08-10 00:00:00
80d96347e69c438801f589825dbf0d66,d5f77f66464195a28fc023c711b6cfd1,delivered,2018-06-25 18:48:38,2018-06-25 19:13:28,2018-06-27 08:01:00,2018-07-03 17:16:50,2018-08-02 00:00:00
9c0edf679ee9524c3cded05020212ca3,54c44e6cd4988019af1e06545a4a2f8a,delivered,2017-10-19 19:38:53,2017-10-19 19:49:08,2017-10-23 15:38:38,2017-10-26 21:37:35,2017-11-07 00:00:00
e102f8dfd6da168838a2d13dfbc3bb10,cc520e111caf2d8356003f5814dfb2f4,delivered,2017-08-09 12:21:33,2017-08-10 03:25:44,2017-08-14 10:43:34,2017-08-17 20:35:06,2017-08-29 00:00:00
91342c574ec0463ab295f7591d0fc8ac,c900852d2ad6367881dcd936d2c8886d,delivered,2017-05-06 20:28:24,2017-05-06 20:42:02,2017-05-15 14:38:31,2017-05-18 13:40:03,2017-06-01 00:00:00
43792e0661fefd6aa82a64f601325ddb,38127cbd744c51f29c2156a3656e0537,delivered,2017-12-27 12:03:14,2017-12-27 12:31:37,2018-01-02 21:13:13,2018-01-10 14:52:43,2018-02-06 00:00:00
d09ca8bb763241ddc7f4ca43816ed10c,c0eb20386dc0f45b3b1df7f8e34ca9e4,delivered,2018-08-16 16:45:05,2018-08-16 16:55:32,2018-08-17 13:11:00,2018-08-23 17:17:44,2018-09-03 00:00:00
4b6f2d3bd32baaae21249c217adcb5f3,dc1a9007706c85acb1f1bc89d6fc1d16,delivered,2018-07-14 11:53:01,2018-07-14 12:05:14,2018-07-17 14:16:00,2018-07-23 15:32:30,2018-08-16 00:00:00
e6ab8245f96b5c84ade5edfb8e0c2753,edf066c026b6d8fd9afb633fbd4ae0e5,delivered,2018-05-07 14:00:49,2018-05-08 04:54:35,2018-05-09 08:25:00,2018-05-16 01:05:46,2018-05-23 00:00:00
d67ab4b4a971f5584ab838fa8ed37d34,724e8aea5d2dc6ce65e9a8c6e07f9392,delivered,2017-09-29 14:55:40,2017-09-29 15:07:15,2017-10-02 18:32:54,2017-10-04 19:42:13,2017-10-24 00:00:00
5aea0e32c93560d6e8235be9954aba01,cd6042c2aa18ffe499a2bd2bbadc0c41,delivered,2018-03-09 20:09:13,2018-03-09 20:48:15,2018-03-12 23:39:58,2018-04-18 22:56:41,2018-04-24 00:00:00
0362e923f805ae4dce58fd78c86c96c4,b49786f49847d2fecf5ba2d455321642,delivered,2018-04-13 13:54:38,2018-04-13 14:09:47,2018-04-13 23:32:38,2018-04-20 22:18:41,2018-05-09 00:00:00
3d09c01f56c367a5c7e576aa1fe45b0a,139583bbf99e641e0e7053266a739056,delivered,2017-03-08 07:18:34,2017-03-08 07:25:07,2017-03-08 11:46:54,2017-03-13 16:30:43,2017-03-29 00:00:00
0ac17fe2ba4ec29a3914030b7009119d,8bc0f5c8bc1b96927f26ed75e287572e,shipped,2017-02-22 10:21:56,2017-02-22 13:32:21,2017-02-23 09:51:00,,2017-03-21 00:00:00
3bbd142d8543f96d104a83eda5465c48,96d17faa7c8a41d579ef4084b0806ef9,delivered,2018-07-19 13:18:28,2018-07-19 13:30:14,2018-07-19 17:26:00,2018-07-24 18:32:06,2018-08-02 00:00:00
ef1d1f5e2ce4002e56fc9221ac5524e6,ed87b765d334348c35820b87110f4721,delivered,2017-04-30 12:34:00,2017-05-03 15:42:29,2017-05-03 16:17:17,2017-05-16 12:25:00,2017-06-13 00:00:00
c3c91195072b499b9d88eda4350a7a55,aba49a59724eb38578ad652f47f1167b,delivered,2017-06-01 11:43:41,2017-06-01 11:55:16,2017-06-06 14:17:31,2017-06-12 11:47:43,2017-06-26 00:00:00
7d2e63c38de7969859ec3eee027b043f,c633d27c2f31012039efcb0448b9c145,delivered,2018-07-28 18:38:14,2018-07-28 18:55:16,2018-08-02 08:20:00,2018-08-03 18:42:44,2018-08-08 00:00:00
6c93d0f61f822f692bad9bf588cc2069,1ebd46af4737607b2534ea27329b03ce,delivered,2017-12-16 10:04:04,2017-12-16 11:12:25,2017-12-18 22:22:16,2017-12-26 22:16:38,2018-01-11 00:00:00
56c93a3f93a1e7eb24ed51a6931dc488,d375691b753ce7bc99190bc08b813003,delivered,2017-05-26 07:36:03,2017-05-27 02:50:20,2017-05-30 11:34:23,2017-06-05 19:05:47,2017-06-20 00:00:00
a7c2948fe630c10cac337822b08f5dc5,ef0c90c78491a13867492aee7889c2de,delivered,2017-08-05 07:24:40,2017-08-05 07:35:10,2017-08-10 13:51:55,2017-08-28 22:10:01,2017-08-25 00:00:00
c9ecb640dff0357ce506afbcb9dcb76b,0794e4b99fb7375f4189f2f9d1b4c027,delivered,2018-05-26 00:50:30,2018-05-26 01:11:57,2018-05-30 12:07:00,2018-06-12 17:46:48,2018-07-18 00:00:00
d7a5df2b74a2d987597e7689cc22b07b,4b332b74286fa94d1c32bd87b9d49c92,delivered,2018-05-08 17:34:41,2018-05-09 19:12:18,2018-05-10 09:11:00,2018-05-21 16:05:07,2018-06-06 00:00:00
09c0caffae8336db750e232298e4a574,c1f58b0f5ff7289cae44c813e981ee84,delivered,2018-08-22 14:17:42,2018-08-22 14:30:29,2018-08-23 13:12:00,2018-08-29 19:54:44,2018-09-18 00:00:00
c6c0485c02e45b1f484c318d540257a1,0457d8f15475757888a0064b63e01663,delivered,2017-07-11 22:40:04,2017-07-13 03:04:31,2017-07-14 20:21:25,2017-07-21 19:03:34,2017-07-31 00:00:00
6859290372581f801fca1dfe0db8d1f0,d05b9e6928e9ff67f63101551a5c5995,delivered,2018-01-24 14:44:18,2018-01-24 15:57:45,2018-01-25 02:26:57,2018-01-31 00:07:26,2018-02-16 00:00:00
0b8c594f80a7db56ea4927af84e45203,2f5c5ebb61f2eeb48a990244af12827e,delivered,2018-03-26 10:01:59,2018-03-28 02:50:21,2018-04-09 19:34:21,2018-04-11 22:04:56,2018-04-16 00:00:00
d49fdab745d226473c5d4c8d762ff68b,4597ba56e38fdc23858e2a8e6de4fa21,delivered,2017-10-02 20:17:14,2017-10-02 20:35:26,2017-10-04 18:57:42,2017-10-10 13:23:17,2017-10-18 00:00:00
6c38873735e3d660d0fd6e86d1cc5bf7,ced45425a9cd329341ecc0574b61cc60,delivered,2017-02-24 21:36:00,2017-02-24 21:45:17,2017-03-03 08:41:53,2017-03-10 08:36:12,2017-03-22 00:00:00
00b30bb163474583c14db1689259cf4d,b626b511cecb256e0d1514d883084a38,delivered,2018-01-31 13:57:27,2018-01-31 14:13:31,2018-02-06 17:47:50,2018-02-17 18:36:59,2018-03-05 00:00:00
7efe2c754b2967e96d43d60643cecce5,1476b48b91d142d3bdcc96b45ff65e43,delivered,2018-07-22 12:16:06,2018-07-23 11:31:42,2018-07-27 09:00:00,2018-07-30 14:33:39,2018-08-02 00:00:00
152b1f7f86e7b21dcfec1a2e094a7070,470833ddce599dfe8c3ba00afdf5c81c,delivered,2018-03-05 20:35:02,2018-03-05 20:49:07,2018-03-07 22:18:49,2018-04-02 17:48:34,2018-04-06 00:00:00
391ec86bcb1a950ce354c51d7f0b1b9b,e208c6e4c51b1eb04bae59a814490708,delivered,2017-06-11 11:42:43,2017-06-11 11:55:14,2017-06-12 19:57:45,2017-06-14 13:20:07,2017-06-26 00:00:00
4d9d469ff1df648081f3e7648d24e82f,2844b9633da652adf5c696c4e1f9ad4c,delivered,2018-06-05 23:03:53,2018-06-05 23:15:15,2018-06-08 13:40:00,2018-06-13 19:28:44,2018-07-19 00:00:00
d398e9c82363c12527f71801bf0e6100,2bf76a48c3be55124221fd0657705a5d,delivered,2017-11-19 11:56:42,2017-11-20 20:16:22,2017-11-21 15:51:58,2017-11-28 01:33:13,2017-12-11 00:00:00
64f30c3979fdd4ceb17f8c398d2806f9,1236cc216e0d5232fc35a2f838f03136,delivered,2018-01-18 12:53:15,2018-01-18 13:12:58,2018-01-25 20:04:36,2018-01-26 18:14:18,2018-02-05 00:00:00
6ee581ec3ac977c27a12f79caee568ed,76f8d2d61efe2ac1c232d08399685395,delivered,2018-03-16 13:22:37,2018-03-16 13:35:40,2018-03-21 22:03:52,2018-03-23 01:02:55,2018-03-28 00:00:00
a3881d763588c17dc4e258628e6951fb,af79714f72fefe9f8b49d45dfbfc6ecc,delivered,2018-03-22 13:53:57,2018-03-23 13:50:33,2018-03-27 19:44:22,2018-04-12 16:27:56,2018-04-10 00:00:00
fa638db0d045b2d04da362622e1f48c9,cbaf40a8d68ae96197afbbde97f96cdf,delivered,2017-05-11 13:52:30,2017-05-13 02:55:06,2017-05-20 07:43:42,2017-05-23 20:37:55,2017-05-31 00:00:00
da4632747be8764c78f197a0d83b8d71,891055fab7b24be84e5541107297b28b,delivered,2018-07-26 16:51:15,2018-07-26 17:04:27,2018-07-30 14:18:00,2018-08-03 17:42:30,2018-08-24 00:00:00
01ba9a2e5dcc1568b55695106d677b0c,0241bf6728f2c70f948e9a51484d1435,delivered,2017-02-26 22:28:40,2017-02-26 22:42:03,2017-03-02 13:37:11,2017-03-06 14:22:17,2017-03-20 00:00:00
8fbf896e2592896433876e70d88863aa,51bbe6c9bd641bae8af9096e1efd2232,delivered,2017-07-16 20:04:53,2017-07-16 20:23:12,2017-07-17 18:12:04,2017-07-20 16:15:39,2017-08-09 00:00:00
5cb6969f0b3cd394de49463c4f4e4017,572b683cea71aeb651b0429d41d15009,delivered,2018-02-07 15:13:46,2018-02-09 10:13:44,2018-02-21 00:16:58,2018-03-26 14:18:31,2018-03-07 00:00:00
9bdf94af058f959fbc09c3ea1eb32465,64ece241ae357ffb4989f7970a6f6adf,delivered,2018-04-19 11:17:55,2018-04-19 11:49:24,2018-04-20 21:56:46,2018-04-21 13:19:13,2018-05-08 00:00:00
271938f6ea0f9ca385690d01dc5c3423,c5b83c9b5af60828cd494be9ee4451bd,delivered,2018-02-28 19:16:44,2018-02-28 19:30:23,2018-03-03 12:13:25,2018-03-05 19:33:01,2018-03-14 00:00:00
d0ad5936a2ffe64ad0d7f2ec5703d647,e4875b1e01c4981c486839558bf6bced,delivered,2018-08-15 08:58:42,2018-08-15 09:10:10,2018-08-17 12:04:00,2018-08-22 23:46:36,2018-09-03 00:00:00
ebd7301e0367440d3ea0fbe1ff784639,c40005c07b1bdf1c39193476fa330f32,delivered,2018-08-09 10:49:47,2018-08-09 15:25:31,2018-08-10 15:29:00,2018-08-17 20:04:03,2018-08-21 00:00:00
553379bf1f6c95489ae135f97327fd91,aeb0f0b842c6516b8ec3fd2d16a473ed,shipped,2017-04-17 00:10:48,2017-04-17 00:21:53,2017-04-17 15:04:47,,2017-05-10 00:00:00
9719859dcdccf74073e92a975dd3709f,4b3ee2d3838ddb1c971da38fe4451d31,delivered,2017-12-16 16:00:31,2017-12-16 16:14:27,2017-12-19 00:34:08,2017-12-30 12:19:04,2018-01-12 00:00:00
0ec20feeac30045e916578f17c2085e2,b87e0079d0d0c17a5ce63aadb9eae6d9,delivered,2018-08-16 13:12:38,2018-08-16 13:30:08,2018-08-17 13:21:00,2018-08-23 21:04:26,2018-09-18 00:00:00
ea967d0366237c813c6b152725ad11da,4e9f6517c2937719ea0ab9449c8ecfa7,delivered,2017-12-12 22:51:55,2017-12-12 23:12:36,2017-12-18 16:36:59,2018-01-09 23:15:10,2018-01-10 00:00:00
8be8ce8df85bfaf2e2a2d5941ad526fd,a8c5c582c453d8fe33147d040cd1329c,delivered,2018-01-14 10:08:34,2018-01-16 03:50:21,2018-01-22 19:54:37,2018-01-24 14:09:52,2018-01-30 00:00:00
5f8d8b23c2789fe592f5de2571f486b7,da2630d35e990c5b5b15ce6fb192b5be,delivered,2018-03-04 22:36:40,2018-03-04 22:55:28,2018-03-08 22:07:23,2018-03-23 18:45:49,2018-03-28 00:00:00
97b8a149d521ea9fbbbce767a458846e,b34d6bae5e0a3076568c8f04faad2c26,delivered,2017-06-17 21:58:41,2017-06-20 11:24:00,2017-07-06 10:27:36,2017-07-08 11:12:11,2017-06-30 00:00:00
07ba523a0c48b0ae0920551684e13ab9,b9657b7cc5027452b17e328656a8d069,delivered,2017-08-08 20:29:44,2017-08-09 20:23:32,2017-08-10 20:17:56,2017-08-18 22:49:40,2017-09-05 00:00:00
7114c189256c666ea43b7230a66ff2a7,65a47442149202e856e8ba55ccc1882c,delivered,2017-07-26 16:03:44,2017-07-27 10:55:25,2017-07-28 15:49:14,2017-08-01 16:27:03,2017-08-17 00:00:00
d5162716aed8b6a5ab095eb0a2940163,b64b895a846f1bc23c1d74ddd9947bd3,delivered,2017-06-29 11:49:19,2017-06-30 07:55:16,2017-06-30 15:51:46,2017-07-03 14:16:33,2017-07-12 00:00:00
3ba42e1ab3dfab510424d0872616a139,4da7cb25c4e56c5cd9bb52e32159cf18,delivered,2018-01-05 23:45:23,2018-01-05 23:54:42,2018-01-10 10:33:56,2018-01-23 18:59:48,2018-02-14 00:00:00
da412f433b02b51c714944e4bdb8f723,79de9d85491851885fea90dd77892073,delivered,2017-08-13 16:31:31,2017-08-13 16:45:10,2017-08-15 18:43:07,2017-08-21 21:03:15,2017-09-08 00:00:00
6cbdf7000f3b95299293ee7375b40df2,dc6a0f1c236b47d8263b9ad6debcb5bb,delivered,2018-05-18 20:47:53,2018-05-22 09:14:29,2018-05-30 14:07:00,2018-06-04 14:36:41,2018-06-04 00:00:00
944b1eed15474f3439c871cd6260561e,60852efd9f53d2f93fb901990a7e9f64,delivered,2017-12-02 23:01:33,2017-12-02 23:23:39,2017-12-11 17:29:57,2018-01-03 23:49:05,2018-01-02 00:00:00
0f2fee4fce11f7af3c9ff2ec093eba3a,2e6506c7189034243c684d5c2d7e83cc,delivered,2018-01-04 02:42:26,2018-01-04 05:28:44,2018-01-05 00:34:42,2018-01-08 15:25:19,2018-01-26 00:00:00
cb799c1b342aad161c953b9680c67105,e4b985e823ded8605f64cf1e28d013f3,delivered,2018-02-11 20:09:55,2018-02-11 20:28:12,2018-02-14 23:29:05,2018-03-01 19:52:54,2018-03-08 00:00:00
c8c7ec8563c295ba0c3ea5faff0a1b0c,03346340b055f4770567d2a28ca52d4e,delivered,2018-01-29 12:28:53,2018-01-29 12:52:12,2018-01-30 21:42:48,2018-02-06 17:48:26,2018-03-01 00:00:00
0005f50442cb953dcd1d21e1fb923495,351d3cb2cee3c7fd0af6616c82df21d3,delivered,2018-07-02 13:59:39,2018-07-02 14:10:56,2018-07-03 14:25:00,2018-07-04 17:28:31,2018-07-23 00:00:00
505600165af42b25a7f2f17756eb1b8c,b74d20145cde38d487137296cfcf24e0,delivered,2017-12-11 17:38:39,2017-12-12 03:50:03,2017-12-12 21:07:21,2017-12-29 16:17:55,2018-01-08 00:00:00
81532af15693764f7e018bed2a4c245c,adcf20154e399679df12c29179fd8e44,delivered,2017-02-22 00:14:13,2017-02-22 00:25:52,2017-02-23 08:32:29,2017-02-25 06:33:03,2017-03-21 00:00:00
c0800c1006480bed22d5ec0b593c2cd0,d1cfc648f3122f8f8810ab7e99a533f4,delivered,2017-03-03 18:40:16,2017-03-04 02:10:30,2017-03-08 13:24:15,2017-03-15 11:25:26,2017-03-28 00:00:00
bb1b2f9863d195cf9f7012e73998a50b,f064acc39aeb7321f5ed06e19164ae60,delivered,2017-08-10 22:11:07,2017-08-12 02:55:44,2017-08-15 18:10:34,2017-08-22 18:52:13,2017-09-01 00:00:00
7bf8bf550bb28dfd0e4a5e4a69f73edd,c1536bb66dfe5a5f3f9547f58a085b8e,delivered,2018-02-18 15:29:25,2018-02-18 16:30:25,2018-02-27 22:32:06,2018-03-08 22:02:20,2018-03-19 00:00:00
c5d9ec893ee95eb55c4fa513cc606582,7fbab63e32d93d7b9b707e9e97bc5b94,delivered,2017-11-30 17:30:28,2017-11-30 17:58:40,2017-12-05 19:22:17,2017-12-12 21:18:37,2017-12-22 00:00:00
897fab0704eda65c69520010b02a3fee,4514de42f20ab295bfb4509ce083b763,delivered,2018-05-07 16:24:23,2018-05-07 17:56:11,2018-05-08 06:32:00,2018-05-18 23:51:13,2018-06-05 00:00:00
4540273b4f01534b24124542bc34568a,33fa216102707aae73b480aeceb71716,delivered,2017-10-02 19:04:01,2017-10-05 17:49:11,2017-10-12 02:37:50,2017-10-18 17:58:59,2017-11-06 00:00:00
713a29ecd8a35d6ddf7ca20ea13ea61d,443b824d5ac24a91cb0bf13cc0e67122,delivered,2017-11-29 22:59:06,2017-11-29 23:46:23,2017-12-05 19:46:39,2017-12-13 18:19:05,2017-12-22 00:00:00
18448ffe871a865ac41ace28ce8e5079,781a5c8c63eb1e84f28fa2e051f7f24f,delivered,2017-06-14 06:49:48,2017-06-17 03:18:58,2017-06-20 08:15:36,2017-06-22 15:33:03,2017-08-16 00:00:00
228d2ded13bc7bedb8ef5d4534b48033,59b8b9769d51194d7eab64dcad63a7f9,delivered,2017-12-04 09:57:34,2017-12-05 10:03:28,2017-12-07 22:56:31,2017-12-19 02:44:57,2017-12-29 00:00:00
54b7ba0e3a2e8a0f9f68011432a52575,dd9a99a98bd9d0fb502fefdd2b6eed39,delivered,2018-01-15 18:58:23,2018-01-15 19:09:51,2018-01-18 18:13:19,2018-02-03 16:33:12,2018-02-06 00:00:00
2ac00a6a0a00ee7f8e2b235f8e361006,769c56bee6cabe0621e1c8ebef411769,delivered,2018-01-01 16:39:50,2018-01-01 16:46:31,2018-01-02 16:54:15,2018-01-17 21:58:23,2018-02-01 00:00:00
015e051dbb2407d4bd305635e46b732f,60f9c5ec01881784ca846e12c16aefce,delivered,2018-07-30 19:05:20,2018-07-30 20:00:18,2018-07-31 10:02:00,2018-08-06 19:58:26,2018-08-15 00:00:00
e6152cd6ca627fc4f0f5deddea24f7c2,fc474e00b3af88a2abe3ca25204b59ea,unavailable,2017-11-29 13:23:16,2017-11-29 13:37:20,,,2017-12-13 00:00:00
b4a90f27b4f23868d8fc84e9dceb125b,e3fa22e3272e681790daa32be5a29243,delivered,2018-08-14 00:34:17,2018-08-15 03:35:19,2018-08-15 15:10:00,2018-08-22 14:38:42,2018-08-23 00:00:00
c06c0d95b042ae403f799cf2027cd54f,9a6ea3f79c338967a71cc2b4df4bec91,delivered,2017-11-24 00:52:54,2017-11-24 01:12:53,2017-11-30 02:28:26,2017-12-20 22:55:00,2017-12-14 00:00:00
374a37a7b6e965b44589d887570d7bb6,1b92d0389b1610552d686d9e9734af53,delivered,2018-08-20 20:37:24,2018-08-20 20:50:26,2018-08-21 15:04:00,2018-08-22 21:12:00,2018-08-24 00:00:00
b0c22582dcda3aaa9ecd7839d4b2ef99,606f7c772e826808d23dd8c1cb343fb3,delivered,2018-03-21 11:22:50,2018-03-21 11:35:30,2018-03-29 19:55:53,2018-04-12 17:17:37,2018-04-27 00:00:00
1de7a41d382a9ece0e658ffd116ac72e,ab94e21f2a91608d501cfa706b22311f,delivered,2017-11-03 11:06:34,2017-11-03 11:30:37,2017-11-06 19:09:23,2017-11-07 21:24:49,2017-11-16 00:00:00
56989126486c2d5a8797256f0011753f,b01a86cc8bea6de88bf7d427477c303c,delivered,2018-07-04 18:13:28,2018-07-05 16:33:01,2018-07-05 14:47:00,2018-07-06 15:46:29,2018-07-18 00:00:00
1d748fa1652f04b064b6cf65739b04dc,5f8b4882b5a4ec7bf6d2107e6cd0cf29,delivered,2017-12-05 12:56:13,2017-12-06 02:35:38,2017-12-12 19:51:56,2018-01-09 12:20:41,2017-12-29 00:00:00
81d6162a00e7332a42e9f26375953d74,0fd081a171ad9381ac6327931d84b277,delivered,2017-09-08 12:06:19,2017-09-08 12:23:37,2017-09-08 20:05:09,2017-09-14 20:57:49,2017-10-02 00:00:00
20c60f23d0f1231ad895fde039554666,e103e55c94fa14497f6d7505f13ebd0a,delivered,2017-07-15 18:44:39,2017-07-15 18:55:17,2017-07-18 13:27:40,2017-07-24 18:33:41,2017-08-08 00:00:00
b719a68a6c0da28bee1f17bff6b3c50d,a79c177b38a6a808c2d697e436ddebb2,delivered,2018-07-16 11:23:32,2018-07-16 11:35:16,2018-07-16 13:55:00,2018-07-26 01:09:36,2018-08-03 00:00:00
be4bbf54d948c09c8aac488a1162c1e1,e8126668295dd95c0bb189bb31e9b00a,delivered,2017-12-29 16:51:39,2017-12-29 17:31:31,2018-01-02 20:39:08,2018-01-08 22:59:19,2018-01-24 00:00:00
083c350532e95d46b3c25b7c41b1ad63,6997fe0ec1de23e69f13fedf18f50cb8,delivered,2018-05-28 18:20:49,2018-05-28 18:36:24,2018-05-30 19:32:00,2018-06-01 20:32:26,2018-06-13 00:00:00
ed31c8b147c3a1c2c9e0eabf0f441605,b9da4745c50e57e1ac682564aeed6615,delivered,2018-06-20 03:18:34,2018-06-20 04:04:30,2018-06-20 15:03:00,2018-07-05 22:48:44,2018-07-25 00:00:00
f16010e0add047ba483e2b3eefa7c60e,19792d55f9db2e2fb3864dc90966eb86,delivered,2018-01-19 08:02:55,2018-01-19 08:15:43,2018-01-19 19:22:56,2018-03-12 18:48:26,2018-02-15 00:00:00
0e993f47872848e8a028a49f48de0242,a2ccd62b2a11e7a7f39b70735e493ab5,delivered,2018-06-17 19:14:08,2018-06-17 19:38:25,2018-06-18 15:52:00,2018-06-26 14:08:24,2018-07-20 00:00:00
1f33af12a8110911584fcbc2dd03690c,86857542d8205f424cada5567265c6ba,delivered,2018-01-18 19:47:58,2018-01-18 19:58:28,2018-01-19 22:07:35,2018-01-22 18:28:52,2018-02-05 00:00:00
9366be6384383da91896d6477efe17e7,6ec45d1ef19d3a0128276cfbbafdd4f1,delivered,2018-03-01 18:10:33,2018-03-01 18:30:50,2018-03-02 22:09:14,2018-03-16 20:18:38,2018-03-19 00:00:00
edf195e14f83b9753f2cf2f7263f279e,4332d7c872396dc12e152afb8b8147d7,delivered,2018-08-04 19:32:38,2018-08-05 19:25:14,2018-08-08 15:01:00,2018-08-21 00:41:39,2018-09-03 00:00:00
9fe67982918cf778dbf3cd0b582aff80,17e09ce22c71fb0e784051ca2901e7fd,delivered,2017-02-06 11:19:47,2017-02-06 11:30:13,2017-02-07 13:10:41,2017-02-15 08:21:54,2017-03-01 00:00:00
ff3753fe031ab5314a80e05249ecc275,709825052777ef639e8a2d7591e63a20,delivered,2017-05-09 09:22:58,2017-05-09 10:22:26,2017-05-11 13:55:46,2017-05-15 12:14:31,2017-06-05 00:00:00
1ec8ab9b7dc304ec05a9e96f6a25217c,c4946f6b1a73da68ebc674422fedfdab,delivered,2017-03-17 11:29:14,2017-03-17 11:29:14,2017-03-21 14:18:56,2017-03-28 14:17:07,2017-04-05 00:00:00
bde0741a772655fa11714bd0c359fc69,793dd5010d9cfa31aa91d5b8a34f57f2,delivered,2018-02-12 12:49:47,2018-02-12 13:08:12,2018-02-14 19:28:04,2018-02-16 02:13:12,2018-02-26 00:00:00
56dc63a3acc55198e59e64a07cb6db7f,2f5d425fd3094d84a0a7d9fb14412279,processing,2018-03-16 19:11:43,2018-03-16 19:28:20,,,2018-03-28 00:00:00
506db8171cf7d01f666e52223eff7f34,61178d6f03f29d48cc721d9f5f5f950c,delivered,2018-07-18 13:52:09,2018-07-18 14:05:19,2018-07-30 10:16:00,2018-07-31 22:48:53,2018-08-16 00:00:00
140f3f5e8668adb28164b2718f2d309b,eff301f10ee34644b4fd64e3900468ee,delivered,2017-09-12 16:35:37,2017-09-14 03:05:57,2017-09-14 20:44:05,2017-09-20 17:51:23,2017-09-29 00:00:00
803c17308e2febdb1e9af74e84679334,07e3484d1d11aff52931c1a69aac9d4e,delivered,2018-02-13 20:02:31,2018-02-13 20:15:32,2018-02-16 23:04:33,2018-02-19 23:52:23,2018-03-01 00:00:00
ac1dba444101ac145dfc7ab406b4fd56,1db6fd71da6b8e8ddc494d957697922c,delivered,2017-08-30 14:34:40,2017-08-30 14:45:14,2017-09-01 15:14:38,2017-09-18 18:19:56,2017-09-28 00:00:00
c67e1765730119d92f4b8f54cd71a8e7,9c9178faa09a179b162ecef96f0e72ce,delivered,2018-05-16 22:20:04,2018-05-18 04:54:44,2018-05-18 13:23:00,2018-06-04 21:48:59,2018-06-11 00:00:00
c82c811a142105c1a90a09d4fb30da62,7450fb6a9a6a838e0440f7882dddc602,delivered,2017-03-22 17:29:47,2017-03-22 17:29:47,2017-03-27 12:37:36,2017-04-18 09:44:56,2017-04-24 00:00:00
86fb6e774be23ed33e81228e64739851,14a00c0f55a3fb1858bc0c162b1d972d,delivered,2018-04-09 20:00:30,2018-04-10 19:55:19,2018-04-12 17:26:42,2018-04-24 21:48:38,2018-05-10 00:00:00
ea45c5d93de960e552a6a9987e6ea044,8e3edf5b08d73a7548f03270e961cb76,delivered,2017-07-01 13:52:53,2017-07-01 15:50:17,2017-07-05 13:12:15,2017-07-14 19:14:17,2017-07-31 00:00:00
2e823fe077401bf3d30b8a47e324571f,3e4d5f8f67400f2829ce7e9dec5ecb78,invoiced,2017-02-15 14:38:14,2017-02-15 14:50:17,,,2017-03-22 00:00:00
5e2a5be14227900471046fe37ca3d6a5,4fa57b39fab05111ac8aa083595b9bf1,delivered,2018-02-02 10:48:26,2018-02-03 02:52:36,2018-02-05 15:16:50,2018-02-26 17:53:11,2018-03-08 00:00:00
e2101b7f68035b709716010fb28abb99,9fbfef5ac5b65f15e9d469858eb158ce,delivered,2018-07-01 13:34:17,2018-07-01 13:49:40,2018-07-04 11:36:00,2018-07-24 10:08:38,2018-08-02 00:00:00
f5ec8fa19f01a0d2c106bddda5f5aa7f,0e9db6eca93852aad191f1c5ffd52683,delivered,2017-07-14 22:52:35,2017-07-14 23:05:12,2017-07-17 17:22:41,2017-07-26 20:12:34,2017-08-03 00:00:00
52b7f26dd95604cb836ba17f96a6b056,c0cdc356a67598956b73ccce36edc86f,unavailable,2017-07-05 05:55:39,2017-07-07 02:44:23,,,2017-07-18 00:00:00
55ece185ce1172927bae2507bf48cff8,127e6a719a57d7d8c0e5cb93c5a3d610,delivered,2018-08-08 22:02:40,2018-08-10 04:35:21,2018-08-21 13:36:00,2018-08-25 20:34:26,2018-08-28 00:00:00
0db84a5169c0effbdd6695e38e354ada,5d520b662ecaa32220bf59704b797c67,delivered,2018-02-27 18:58:14,2018-02-27 19:10:52,2018-02-28 17:13:02,2018-03-01 18:47:42,2018-03-14 00:00:00
c1ba0776bb79a0826691352f8d6ea4e0,cd99059c0e06fd05fdacd8496fc0ccb4,delivered,2018-07-07 21:22:30,2018-07-07 21:30:09,2018-07-09 15:31:00,2018-07-11 22:56:41,2018-07-27 00:00:00
fd1c3bee1ee3b10e9f65bd92b3ebba38,a2922aea328704a90286d7b51b05b633,delivered,2017-06-22 13:35:21,2017-06-22 13:45:12,2017-06-26 14:41:40,2017-07-07 21:22:03,2017-07-14 00:00:00
c4f5504eb498132dfe82275f26005459,979a8aa060214efede0c9c0ee7915325,delivered,2018-03-19 16:47:59,2018-03-19 17:09:48,2018-03-21 00:25:41,2018-03-27 16:38:35,2018-04-16 00:00:00
9da2e0a62b0b95234b66349473d9616d,c615ff17e5f5d7b06a416472526e785f,delivered,2018-04-10 13:32:47,2018-04-10 13:51:35,2018-04-11 16:12:17,2018-04-18 23:17:32,2018-05-03 00:00:00
9e858aeefb0b5b6c5a2e9d0c9ce36df5,865f7652fe597488262df9f50cc25f88,delivered,2017-09-19 08:49:08,2017-09-20 08:55:16,2017-09-21 16:52:26,2017-09-28 13:18:02,2017-10-10 00:00:00
f5d4eecb3411ba9859d303ffc7626277,3bdca823a643039843c64ee0e0dbe687,delivered,2018-05-09 13:37:48,2018-05-09 13:51:23,2018-05-17 13:52:00,2018-06-13 18:56:46,2018-06-06 00:00:00
2ceb986b3043c2f73ab7577c6a41830e,c6a8ad7ebe9290d544f7dda8c1492bde,delivered,2017-08-08 18:40:11,2017-08-08 18:55:20,2017-08-09 19:07:03,2017-08-17 13:33:42,2017-09-06 00:00:00
51c88c10daf1d028607325b9f19e3a5f,ee5c318cf48984611de1e810886ed587,delivered,2017-02-07 23:15:25,2017-02-07 23:25:11,2017-02-09 06:37:43,2017-02-14 07:58:27,2017-03-10 00:00:00
b08dfa6db006194a07108b6ff6330313,9c018b34406d19adc1adac5f4b23b74f,delivered,2017-01-24 09:00:49,2017-01-24 09:15:18,2017-01-24 13:17:11,2017-01-30 11:18:05,2017-03-01 00:00:00
a06726f9cef5e94eb4d2ccecf3445618,5636599c855f287f4027c9f94870b5d2,delivered,2018-01-25 11:31:00,2018-01-25 11:52:59,2018-01-31 18:43:19,2018-02-15 19:32:38,2018-03-05 00:00:00
061c593a0c8fd1b92c2abc7c1a87b329,1d31af8a0364470eba3d940faa9008b5,delivered,2018-07-16 12:31:06,2018-07-16 12:45:24,2018-07-23 14:39:00,2018-07-30 22:23:30,2018-08-03 00:00:00
d4d73731dbf0f0426e8f7e762064d015,3e89547c3d2fe1176ad79c6715553fe5,delivered,2018-08-12 13:33:55,2018-08-12 13:45:09,2018-08-13 16:05:00,2018-08-23 16:51:38,2018-09-10 00:00:00
0655bb542cf38197d920ac1c5c89ae9c,633852d4d34596c85895e88e7047f948,delivered,2018-03-08 02:27:25,2018-03-08 02:49:32,2018-03-13 18:24:43,2018-03-16 21:18:54,2018-03-20 00:00:00
50503051a38d8ee049d1226032c7d82d,e75b06236ca6694bf68a0b398f2fa076,unavailable,2017-12-05 10:13:03,2017-12-08 09:52:49,,,2018-01-03 00:00:00
fd01599ab4ac4b1c1f5a5d16a7871d72,ca5004c4b586150e829d092c536c0d83,unavailable,2017-12-08 09:45:27,2017-12-09 02:49:58,,,2018-01-11 00:00:00
73caa517a379fdc2810530959d560647,01755c16c986d88fa552ba8d7da81876,delivered,2018-07-26 10:26:18,2018-07-27 04:05:09,2018-07-27 14:03:00,2018-08-06 20:35:27,2018-08-16 00:00:00
3fdebcfe1a2cdcd4ee2770a2e28b2af4,d6540fd1f5f05337ee0715aeb83b08db,delivered,2018-01-01 10:55:58,2018-01-01 11:07:19,2018-01-03 21:52:38,2018-01-08 16:15:24,2018-01-18 00:00:00
45ec085d1fc0e1539bd857ad32f45c99,19d3b4fd08a486d08ad689b78d9e489a,delivered,2018-02-14 16:55:09,2018-02-15 04:11:18,2018-02-15 23:33:53,2018-02-20 02:05:59,2018-03-01 00:00:00
0c8497b3a4cac1978ea4ef63fbc78312,9ef700d1d8d4a2dda8544f93b56f3b89,delivered,2018-02-08 16:55:21,2018-02-09 02:50:01,2018-02-09 19:52:29,2018-02-28 16:47:39,2018-03-05 00:00:00
5b85161bbdf02ed28bb2bac6db1e87f7,d59407e06713a88a511995d4b9cb593c,delivered,2018-04-15 19:26:56,2018-04-15 19:35:24,2018-04-16 18:11:42,2018-04-19 10:15:28,2018-05-08 00:00:00
6ef85785ab36f5159e852a442be024cb,4db746ed7f8462dca43f7fd0269b8c2c,delivered,2018-04-14 20:33:35,2018-04-14 20:50:16,2018-04-17 21:33:18,2018-04-20 22:28:21,2018-05-09 00:00:00
f9f88b0c2d64a8b36cbf24b1b35cd3d9,1ae40a96bc36242cdcd3c6996845dbf2,delivered,2018-08-24 11:51:09,2018-08-24 12:05:18,2018-08-24 14:28:00,2018-08-28 19:16:39,2018-09-26 00:00:00
1ffded15ce20a1a518490765dc37cc9c,63dfa1e41b4a47aa7479bdcf7c61f77c,delivered,2017-04-23 08:19:47,2017-04-23 08:30:07,2017-04-27 08:18:59,2017-05-09 08:32:39,2017-05-22 00:00:00
519b875e24ac4f5060eda1fa6cd6b3bd,4ec504c54ba7f383e3105e7320ada110,delivered,2017-02-05 12:45:04,2017-02-05 13:01:44,2017-02-06 11:19:19,2017-02-11 02:47:33,2017-03-02 00:00:00
e24316b06e2bb70e3fe3a79a12d247ab,9b575914ad2a492bfe7653524046e6d1,delivered,2018-02-16 13:20:35,2018-02-16 13:35:30,2018-02-20 16:25:47,2018-03-09 19:18:34,2018-03-15 00:00:00
6e864b3f0ec71031117ad4cf46b7f2a1,9f9d249355f63c5c1216a82b802452c1,delivered,2018-04-24 20:15:21,2018-04-24 20:33:18,2018-04-25 13:36:00,2018-05-04 19:32:53,2018-05-18 00:00:00
9b4ddd2d21877e12b98da60f30858d4b,f74e8fd404f4f5538e9f950421d695ef,delivered,2017-07-05 21:58:22,2017-07-05 22:15:16,2017-07-06 13:46:55,2017-07-11 17:34:37,2017-07-25 00:00:00
10ce8dab3f76d4cdd5dd2e9c6d5c3feb,ed9cf34322528c197813a9be04587785,delivered,2018-01-13 09:52:49,2018-01-13 10:04:24,2018-01-15 18:48:57,2018-01-28 13:36:24,2018-02-08 00:00:00
c83d068543c1af3416cfb5d519376c6a,fad87edfbe29cb827c5ea4c8bbb9342d,delivered,2018-06-18 15:13:18,2018-06-18 15:39:19,2018-06-19 12:09:00,2018-06-27 21:32:22,2018-07-12 00:00:00
ffa4b16322a614306db6981043a52056,4429f041ac455662944e92e4d20ab2cc,delivered,2018-04-02 10:41:24,2018-04-04 03:15:25,2018-04-07 01:16:56,2018-04-11 17:51:37,2018-04-18 00:00:00
def16200392a250d5c10dcebaf7db3b2,1aca54bedc0e34c536834dfab6f3524b,delivered,2018-04-23 20:25:37,2018-04-25 03:30:05,2018-04-30 12:32:00,2018-05-08 15:51:03,2018-05-23 00:00:00
d2f6f1bd3f3261623c3a807d0945bbd9,d3900943c6fb13a8d352bb50b17a4cbb,delivered,2017-07-05 21:23:32,2017-07-06 17:23:42,2017-07-07 19:12:57,2017-07-13 21:19:46,2017-07-25 00:00:00
41368be455ef238cbcee276dc859c1bb,fd2b46c709e963e3111374306ec28392,delivered,2017-04-05 19:29:13,2017-04-05 19:42:47,2017-04-07 12:43:54,2017-04-12 15:44:07,2017-05-12 00:00:00
5843a9829481b1b64ecf83d1f0da0945,7afd6cc25895f6cff7e635b543e0ae41,delivered,2018-04-18 09:23:18,2018-04-18 09:35:10,2018-04-19 21:06:57,2018-04-26 19:25:40,2018-05-08 00:00:00
06ae350afd844b7e1dc14f9322504baf,386cb027574f8b9f9aa17cd86ecce6b7,delivered,2017-07-09 15:41:33,2017-07-09 15:55:07,2017-07-11 12:05:06,2017-08-04 19:21:53,2017-08-11 00:00:00
e22de883eaec82ecd47950dffc8e63f4,1393ce4aab394aadb6d9df4c59c90363,delivered,2017-07-24 08:31:38,2017-07-25 12:24:07,2017-07-27 17:14:57,2017-08-03 17:41:03,2017-08-17 00:00:00
14b01335f19b97fce1437168032ae388,10d74e1a3adaeada0d8da4a2b2891cc3,delivered,2016-10-05 19:09:33,2016-10-06 15:59:18,2016-10-15 12:26:22,2016-10-18 20:37:33,2016-11-29 00:00:00
9b66774dda742e3c08b4176c3867254e,091c9aeabdfac662c68dc9cbdc936300,delivered,2017-06-04 17:53:37,2017-06-04 18:05:11,2017-06-27 15:42:17,2017-08-04 13:36:55,2017-08-07 00:00:00
9bbb33e6918e2064e479c9bbeb6db909,6f954ca9d9e2dd198a72526cb966c973,delivered,2018-06-13 21:11:47,2018-06-14 02:57:31,2018-06-14 14:04:00,2018-06-27 14:22:50,2018-07-17 00:00:00
9a2ef2765bbead115f2a3630fc7095c9,3b362cbf0b7edb07199625081ac355fa,delivered,2017-04-23 17:16:31,2017-04-25 08:15:33,2017-04-25 19:20:11,2017-05-04 15:12:28,2017-05-15 00:00:00
3b50e88820d1c12c90d08d5c8efb49a6,65aef84ecbf0777390bc45c62dd8e8d5,delivered,2017-07-29 16:34:54,2017-07-29 16:45:12,2017-08-01 16:07:07,2017-08-17 20:06:51,2017-08-23 00:00:00
185ff6b80b6fa8165bfb804f4f3b186e,b4991c29412cab05b66fd60adb81dcbf,delivered,2017-12-04 21:40:48,2017-12-06 03:31:16,2017-12-06 17:18:54,2017-12-12 18:48:49,2017-12-22 00:00:00
b0bad9219303b3fcea179db39243f615,2c4e6626a5b947f38f954b988fbd7522,delivered,2018-01-04 00:33:32,2018-01-06 02:08:02,2018-01-09 00:12:16,2018-01-13 00:59:08,2018-01-31 00:00:00
4f8a2144278d625038f8d55d5a334d93,24e1a42b856457e1d82e583454007f41,delivered,2018-03-02 12:26:22,2018-03-03 02:35:37,2018-03-06 20:24:30,2018-03-15 23:58:43,2018-03-26 00:00:00
a6d9d0948d753769812866b1404903ee,243593e143f7f5edb8e453664ad6efae,delivered,2018-01-25 11:48:22,2018-01-26 11:44:28,2018-01-29 17:44:50,2018-01-30 15:28:36,2018-02-09 00:00:00
ffd84ab39cd5e873d8dba24342e65c01,36f88c6d688a9e53e993ec01c66c6d25,delivered,2017-10-04 19:43:14,2017-10-05 19:49:17,2017-10-06 20:29:10,2017-10-09 16:19:25,2017-10-23 00:00:00
1991b586044e1a42934aa179003b8f2f,f052ff7c7ad9e747e09bef53b42399b4,delivered,2018-02-08 08:53:50,2018-02-08 09:10:41,2018-02-08 19:28:42,2018-02-19 17:15:10,2018-03-09 00:00:00
2ab07a57988e8be8693cdf89f88fcafe,a1969cbeadaa21df9f2ecf832e8c7b0d,delivered,2018-05-14 18:11:50,2018-05-14 18:37:32,2018-05-15 13:32:00,2018-05-24 14:42:40,2018-06-04 00:00:00
2815a204994b6f6e3eece71ab035d5ae,7a22c778c1f161c7afa6038a8008135f,delivered,2018-05-09 19:43:12,2018-05-09 19:55:25,2018-05-10 08:17:00,2018-06-12 16:32:41,2018-06-06 00:00:00
f76a62e24ff0dd2fdb60bce08e50f30c,95c8164f0f88a3b2a25f250feb770854,delivered,2018-07-02 00:08:15,2018-07-02 00:29:56,2018-07-03 13:56:00,2018-07-10 18:08:30,2018-07-20 00:00:00
9b49c07fc3206cdd7756837757e37538,7784811e78d9f807e23c16933447c3e1,delivered,2017-09-27 16:49:41,2017-09-27 17:07:10,2017-09-28 21:48:19,2017-10-05 18:02:40,2017-10-23 00:00:00
21a8afe0ed14ff28046585ae724b5410,18743a6eeaa18eea441a526f714e022f,delivered,2018-03-11 15:50:03,2018-03-13 04:40:30,2018-03-13 19:56:35,2018-03-19 11:48:45,2018-04-12 00:00:00
4021cd7611d6d9ce5ffcd24817fc374f,ac27243bffbc9c58eb62adfb58c71488,delivered,2018-08-18 11:49:40,2018-08-18 12:10:30,2018-08-14 06:22:00,2018-08-29 04:41:53,2018-08-30 00:00:00
6bf022e11f38687e2771eba0a762b911,1ffd4255012e38481e8561a5d327e1f9,delivered,2018-04-09 16:16:39,2018-04-10 15:35:27,2018-04-13 00:21:28,2018-04-21 00:04:01,2018-05-03 00:00:00
d81156ef56e9f63131e4286930b47b89,19a5ca80cf395c030351690c416e5a7e,delivered,2017-12-13 19:35:35,2017-12-13 20:04:25,2017-12-14 22:29:22,2017-12-29 18:47:21,2018-01-16 00:00:00
2bd0f301b2022e6052b12bcc5fd8f9f5,76ae3597facd3b95ecf269972dc5ed96,delivered,2017-12-05 21:20:21,2017-12-07 03:14:25,2017-12-07 23:32:46,2017-12-26 11:47:41,2018-01-03 00:00:00
5fa64c45b0cb986d05533f91c67c801e,1f4ef6ade0241043e777a8e9d3060ebb,canceled,2017-10-01 08:15:15,2017-10-01 08:28:14,,,2017-10-24 00:00:00
615ca9b2afeaf5644ae8cef64797132e,f81bb64a1e672e6cbd0e027046db8533,delivered,2017-08-07 17:20:26,2017-08-08 04:25:31,2017-08-08 20:18:18,2017-08-14 20:07:07,2017-09-08 00:00:00
ef22314f23b0d51d6d5566207622a6c0,52518ec19d39f15886aeacc964c20129,delivered,2017-07-08 14:30:14,2017-07-08 14:43:15,2017-07-12 19:57:35,2017-07-18 18:10:13,2017-07-28 00:00:00
04cc9ab9d21b11d7aca691cf7facaaa1,16fea2cb1931a45f2a7c8d178afb1c83,delivered,2018-04-30 09:13:44,2018-05-03 04:15:07,2018-05-03 17:20:00,2018-05-04 12:28:57,2018-05-14 00:00:00
5517dcebf1ab177978bae7e7c66de1b6,c4811776ff3a2c1e027f19ee2860627b,canceled,2017-04-27 12:57:53,,,,2017-05-29 00:00:00
129ea9ae4b85283decb23ea1756f505d,8a0c8d55378e81be7bb18527a08dc0ef,canceled,2018-08-09 08:09:33,,,,2018-09-25 00:00:00
7ce450bb81ffdf0d90e7902f42de59ae,a0c50d02890a8e5a08966030bdcf75db,delivered,2017-04-25 14:51:35,2017-04-25 15:05:16,2017-05-04 14:52:32,2017-05-08 11:52:06,2017-05-19 00:00:00
9b1feddaf70fe81f5182faabb45bede6,808ea78f3f8da34cc5aa6e723b9ce7c5,delivered,2018-03-14 17:57:22,2018-03-15 17:55:41,2018-03-22 11:57:34,2018-04-12 17:13:10,2018-04-16 00:00:00
330a8410950e2c8bd89631999a37b2c9,d372561ad1022927871150461a0a85ca,delivered,2017-01-22 18:02:48,2017-01-22 18:11:20,2017-01-23 16:19:47,2017-02-10 09:32:54,2017-02-23 00:00:00
91bcbd0102f5188ea47df5bcc83f3cad,0e63522224dc7d760139532f17a3634f,delivered,2017-01-31 02:29:51,2017-02-02 03:32:06,2017-02-03 11:15:02,2017-02-16 15:54:13,2017-03-22 00:00:00
f37a7291679f74e07ce56bd863b9d6f7,208459884575fa4a9ba36f2b869162dd,delivered,2017-09-21 15:13:07,2017-09-21 15:25:38,2017-09-22 18:04:16,2017-09-26 13:53:00,2017-10-13 00:00:00
78e790c1defefa3d8515bebfca7315b2,6ef976791b7cc4be522252565249af30,delivered,2018-08-06 18:06:55,2018-08-08 03:24:58,2018-08-08 14:10:00,2018-08-14 19:14:01,2018-08-29 00:00:00
e6293b688f0d1387e634ae8841feca17,bbae997921c6e65421735700fe529155,delivered,2017-05-16 11:27:08,2017-05-16 11:35:21,2017-05-19 13:40:55,2017-05-26 06:06:54,2017-06-09 00:00:00
74c142641fc482d8aeb7e31805a9aa2b,353dfebd323164d94436d351b73d8df0,delivered,2018-07-12 14:32:47,2018-07-14 04:35:11,2018-07-16 13:40:00,2018-07-21 12:27:46,2018-08-03 00:00:00
a92ba1a2eafba406c847277f7cc5911d,9e1de98c94e731918148fed7e3922843,delivered,2017-11-25 20:54:39,2017-11-25 21:55:42,2017-11-29 23:33:11,2017-12-01 18:18:45,2017-12-11 00:00:00
3eb9297e6fd8ebcad90e3d436f378207,dc14b28f0cd12423fbc1c9b77592cd44,delivered,2017-04-25 08:09:17,2017-04-25 08:26:20,2017-04-25 10:35:57,2017-05-07 14:53:39,2017-05-16 00:00:00
ed3b18e876bbc16bfe330cd934aa0f68,ee76d186862db08ec487d67f0e5c7bc4,canceled,2017-09-11 20:07:36,2017-09-11 20:23:37,,,2017-10-02 00:00:00
5eb1569b3a9e174aebf991bfa0fef897,33a0ede763ee223996e200f111e33592,delivered,2017-04-11 16:47:52,2017-04-12 16:55:19,2017-04-13 09:56:23,2017-04-19 15:43:54,2017-05-09 00:00:00
c9397dbfd867734646abb1df12a5f625,da0304128cf9402ed541daa9ccf50834,delivered,2017-11-25 18:54:57,2017-11-25 19:13:53,2017-12-01 23:14:39,2017-12-13 20:29:04,2018-01-23 00:00:00
e1858f6bd914487d80ff867c0bc12116,6dcb5935e03a8d164056d078da7a20b6,delivered,2018-05-07 11:58:22,2018-05-07 18:10:41,2018-05-08 12:59:00,2018-06-08 16:58:36,2018-05-29 00:00:00
ef61fdf80c9616f588668f63379461bf,6e08731a27b94c6dba5538443378da82,delivered,2018-01-11 19:36:56,2018-01-11 19:45:31,2018-01-13 02:11:31,2018-01-30 21:45:32,2018-02-06 00:00:00
7fa1bc2ecbe5c7adc22222afa8e30520,acb0af18bc8d75a5f0995e1198c44131,delivered,2018-03-30 16:02:04,2018-03-30 16:47:24,2018-04-03 18:56:31,2018-04-17 19:08:18,2018-04-30 00:00:00
fb415a86a28d4698a9be26d2e871d31c,7087346b1fd0a0ab1ee23d86b692b132,delivered,2017-10-16 21:57:17,2017-10-16 22:49:21,2017-10-25 19:12:03,2017-11-03 22:03:45,2017-11-17 00:00:00
87f2841a7bac3a1bb41c39d5aa114308,fafe72e7b299113b1847715ba98dd337,delivered,2017-11-26 22:18:59,2017-11-26 22:34:33,2017-11-27 20:18:54,2017-12-12 21:49:08,2017-12-15 00:00:00
a06450ed1022a79944ac0def2699251a,6bd7a25730098901b7bfbf872410d4b8,delivered,2018-02-14 21:13:45,2018-02-14 21:25:26,2018-02-15 21:45:16,2018-02-20 15:28:47,2018-03-07 00:00:00
3fb89a73b375862ec41e85344c4c51c2,763097e13f1d0a0c4c8d2ff811ce4c3b,delivered,2018-01-29 15:27:10,2018-01-29 15:35:35,2018-01-31 22:43:32,2018-02-07 03:08:28,2018-02-20 00:00:00
a9eec2aaf2814129ba011047ae8484b6,edd13a1ddf89812084c9545dadc62505,delivered,2018-04-02 20:49:48,2018-04-02 21:09:30,2018-04-05 00:45:40,2018-04-26 14:56:34,2018-04-18 00:00:00
4fc1ab1684475d151043e9bcb3e3a0eb,98413fafd705741d056bad40557f0205,delivered,2017-06-30 10:13:23,2017-07-01 16:10:15,2017-07-05 14:16:54,2017-07-12 19:22:22,2017-07-24 00:00:00
eae2128fd4c171cf698f967f1e7fbd16,c1b5f9ab36d7d65710b9a76f1d3ab275,delivered,2017-09-27 17:51:29,2017-09-29 02:31:08,2017-09-29 18:12:49,2017-10-06 18:03:15,2017-11-06 00:00:00
40b3a621a59f804d691abcd7531fffee,e8d81fa933755da7c7a16c1cb59cef49,delivered,2018-01-26 10:48:46,2018-01-27 02:56:21,2018-01-31 21:58:26,2018-02-09 15:04:41,2018-02-26 00:00:00
bb2caac45ef66a094d2d41aee4daea5d,4bcbb8542d4155d51be5c8a40ca04d74,delivered,2018-03-16 10:02:32,2018-03-16 10:24:54,2018-03-19 20:18:30,2018-04-20 19:37:42,2018-04-11 00:00:00
f119156ea99ccffd1743bd0963675094,f08abaf79960bfcc9848896ed0258079,delivered,2017-04-13 21:07:30,2017-04-14 21:15:11,2017-04-17 12:57:44,2017-05-02 13:34:26,2017-05-16 00:00:00
d4e4ac3c423a38f131a755f777d2f73d,433d2e1477547cc3eec3981cadaade64,delivered,2017-05-24 09:05:17,2017-05-24 09:15:19,2017-05-24 11:56:08,2017-06-02 15:03:37,2017-06-20 00:00:00
f55cb4fd8cb8b16824c2912514216b2b,1291eca2bf609f2a91eec6c581ef0643,delivered,2017-12-20 22:55:07,2017-12-22 02:39:33,2017-12-22 19:12:30,2018-01-23 18:59:07,2018-01-31 00:00:00
265e55efc16ce4c05ab0504ca0a32603,82cd99c582f341b782090be9291913dd,delivered,2017-06-27 12:19:46,2017-06-27 12:43:44,2017-06-28 12:39:06,2017-07-05 13:07:21,2017-07-19 00:00:00
c32e1ebab01d3a6f77ac3f7b5db0df2c,ffa7d6a151c43eaf14058054531ddca5,delivered,2017-12-01 23:26:12,2017-12-01 23:35:28,2017-12-04 18:22:11,2017-12-11 18:28:03,2017-12-28 00:00:00
286f5f216f1c33c728468b8049169006,1dd626464ca63eff653435fa35ed589b,delivered,2017-10-09 23:07:52,2017-10-11 03:14:34,2017-10-23 22:47:46,2017-10-26 18:07:50,2017-10-30 00:00:00
ac4d559cefc486f4ac59c17fc44f236c,8a0c73eb44dfbbf9bf1ccabe0516a620,delivered,2017-10-25 14:23:44,2017-10-25 14:35:57,2017-10-26 15:32:14,2017-11-13 17:42:19,2017-11-16 00:00:00
7d0144fb77e164cc237e6aa0cb4d3a01,7d10590069c871f19cf86a88586fce5e,delivered,2017-08-26 20:20:11,2017-08-26 20:30:17,2017-08-30 20:53:19,2017-09-06 19:55:45,2017-09-14 00:00:00
dde27525b15a17fe5d8b8503e60143c5,4c1314fc282ec22da807d1a7a87f41d8,delivered,2017-08-08 11:37:24,2017-08-08 11:55:10,2017-08-11 20:23:25,2017-08-15 19:52:14,2017-08-21 00:00:00
4e998f9a0a0748cc381ea01aa6de635b,935e36229a981c25786b94379bcf95a0,delivered,2018-04-12 21:06:08,2018-04-13 21:09:40,2018-04-17 23:28:20,2018-04-24 22:56:35,2018-05-14 00:00:00
5fd0b812a7ad786c02970c4223ef1dff,8c13e5ab23851a6fdf5000a1db2378db,delivered,2017-09-06 13:12:04,2017-09-06 13:24:09,2017-09-22 19:43:00,2017-10-20 20:00:04,2017-09-25 00:00:00
a209f1e024c8fa7bc5c6ba43084b2a88,b0609dab56252222b371cbe135de0abd,delivered,2017-11-15 14:05:35,2017-11-15 14:15:23,2017-11-16 15:34:53,2017-11-27 16:32:47,2017-12-15 00:00:00
7d78faeeb02acd278e79369a118ba6a6,0f9a0e7b15c91c7abaf923ddb0f61c48,delivered,2017-09-12 08:16:43,2017-09-12 08:30:24,2017-09-13 17:20:03,2017-09-20 22:38:00,2017-09-29 00:00:00
940d9b6c9ee80f7a059b05f7106d96a3,21accdcb409467a90d77c0a6d711496e,delivered,2017-11-27 12:39:48,2017-11-27 14:20:07,2017-11-27 21:48:57,2017-12-07 19:52:27,2017-12-22 00:00:00
ec63f4c635c0636e67e6d9a51e923bff,18460033b3d91209a4293553493fe294,delivered,2017-10-04 23:18:03,2017-10-04 23:35:11,2017-10-11 20:21:26,2017-10-30 17:37:34,2017-11-03 00:00:00
31f92d9eaa5c91b7eef11e2729cf09ef,9979828cd758bdd9bf0963a38a7b112e,delivered,2017-02-08 12:12:26,2017-02-08 12:31:22,2017-02-17 06:53:51,2017-02-21 11:22:47,2017-03-22 00:00:00
2e94b3f76e8e8c9aaca60e91b303c5f8,d4eb21f0bb4682f3b17464f064c45f28,delivered,2018-06-16 21:40:32,2018-06-16 21:55:56,2018-06-20 14:34:00,2018-06-23 16:42:27,2018-07-12 00:00:00
0ff7b37419d20c634e7bea8716821899,08d638bdf894607a00ecdd3fd2a88321,delivered,2017-03-17 10:46:56,2017-03-17 10:46:56,2017-03-21 16:43:20,2017-03-24 11:43:38,2017-04-10 00:00:00
438ea5e54a8fb9065a737494893ac31f,961f898c34ac62fa12fd8249612de4e6,delivered,2018-05-19 15:22:20,2018-05-19 15:39:23,2018-05-21 14:19:00,2018-05-22 15:57:46,2018-05-29 00:00:00
ea7aebe35fe8b4aa33f2ab7ed531eebd,a9f59f2882649b58e992d0315123a755,delivered,2017-08-16 19:55:22,2017-08-16 21:25:24,2017-08-17 19:41:54,2017-08-28 18:53:37,2017-09-08 00:00:00
4aa6f8587d01107fdca9a881e1eb7e22,16971a0d594efeb683d44e4fb39667c5,delivered,2018-05-18 09:02:33,2018-05-18 09:16:34,2018-05-22 14:58:00,2018-06-06 20:27:46,2018-06-11 00:00:00
85e3fe590f151c833f6a8a7e21983712,bea60af848781a26103fd2afcdee4d22,delivered,2018-04-09 20:18:41,2018-04-09 20:30:21,2018-04-10 20:02:41,2018-04-23 17:06:34,2018-05-07 00:00:00
3efba7364d1d66dba86a76169ba169bc,ad999ae2c0841f2ab53e899193d1d752,delivered,2017-10-07 14:43:22,2017-10-07 14:56:17,2017-10-09 17:57:53,2017-10-18 19:32:41,2017-11-07 00:00:00
6e798bc06e940adb731741796285a267,483f7f65270034241b1e7b3b5c8bec3b,delivered,2017-12-10 22:48:35,2017-12-12 03:50:08,2017-12-14 20:34:57,2018-01-09 19:38:19,2018-01-15 00:00:00
9d7798901074855d45d6c586a0714942,dc7d9d7ec0b6cbadacf27e3308c17976,delivered,2017-04-20 09:22:08,2017-04-20 09:35:17,2017-04-20 11:21:46,2017-04-28 12:29:14,2017-05-12 00:00:00
848e76f65aa5d3843c356d8a68dfa5b5,0fe01041704b943d5c7905323ea63a2b,delivered,2018-05-03 16:05:51,2018-05-03 16:29:22,2018-05-04 12:12:00,2018-05-11 20:39:45,2018-06-01 00:00:00
7f3be76847c89f58b912a7adf2d77f3e,e5f43d2dfc237da9e9d075c5a893989c,delivered,2018-06-08 22:25:22,2018-06-09 08:58:40,2018-06-11 08:36:00,2018-06-19 20:59:34,2018-07-04 00:00:00
3756637ed2fc243af380469a2aa5384c,7fdc7f83bc78ab2261e57b8f0550a710,delivered,2018-02-05 10:48:41,2018-02-05 11:12:58,2018-02-06 18:24:53,2018-02-07 16:51:58,2018-02-26 00:00:00
8229a9e93c5278241e605ea0b839e262,ee36564ac489d849c2e66fd1f3a8942a,delivered,2018-01-06 17:04:10,2018-01-09 07:21:00,2018-01-09 20:35:19,2018-01-10 17:10:28,2018-01-29 00:00:00
b2dbaba892cce2aa2c6ddc4772a27cd3,2b780e5c520679289485e7d0029203f9,delivered,2018-08-09 00:33:26,2018-08-10 00:30:15,2018-08-11 08:50:00,2018-08-16 19:51:33,2018-08-21 00:00:00
29dad235dca65da6ae29389dea7b96c9,ac0785092c99b1d86f57d71661053989,delivered,2018-08-13 08:53:29,2018-08-13 09:04:28,2018-08-14 13:43:00,2018-08-20 15:03:17,2018-08-24 00:00:00
6255b494d1f33dd8dc68c7e80c4a7119,7676a6b51ce4574665467c5c9987eea0,delivered,2017-12-04 16:55:45,2017-12-04 18:30:43,2017-12-06 20:43:02,2017-12-21 00:58:51,2017-12-29 00:00:00
c6269b5410a266a9315ae05d06a3bbca,f24de021293be223d93643e1d89acf17,delivered,2017-05-19 13:35:30,2017-05-19 13:50:17,2017-05-22 09:57:56,2017-05-25 15:22:48,2017-06-01 00:00:00
45ffb70b5ab194d69842178149ef0c70,a5da0afe481e088a06631defb8f9a037,delivered,2017-04-25 20:58:08,2017-04-25 21:10:14,2017-04-26 14:37:32,2017-04-28 16:07:39,2017-05-12 00:00:00
e6b366b1ca31e3d1a57113196398f8dd,fb2d6905dc714ad2288b1472a3265ee7,delivered,2018-03-24 21:17:41,2018-03-24 21:30:33,2018-03-27 19:05:06,2018-04-03 04:18:35,2018-04-12 00:00:00
9ca4233f35ec6058f6642a8124c8f9d2,3d1afd004bfed8121470b0e5f303d3bd,delivered,2018-06-23 22:56:52,2018-06-26 05:13:00,2018-06-26 11:37:00,2018-07-11 19:08:28,2018-07-20 00:00:00
dd3d7dfdc81448f6cc4d3e8eb60cfb75,bf5fa5d2049f9393c6fbf02ba4545343,delivered,2018-06-18 20:16:23,2018-06-18 20:36:39,2018-06-19 15:14:00,2018-06-22 18:38:47,2018-07-03 00:00:00
3a310073a474b253b473c8c5695d2a51,2dd250ac642390d22d29cb32a10de089,delivered,2018-06-28 16:02:30,2018-06-28 16:15:15,2018-06-29 12:30:00,2018-07-02 15:27:07,2018-07-19 00:00:00
cf18f775a1b2dfec83732a8679b66ec2,765c6412dba8eafd16bbbe40a47ff0a6,delivered,2018-08-17 08:30:01,2018-08-17 08:55:33,2018-08-17 15:59:00,2018-08-20 13:49:02,2018-08-27 00:00:00
55cb20782f4a6b0174ea7afdb736265c,41d9228d4afa508a91c5fc354ce6bca1,delivered,2018-07-31 00:23:09,2018-07-31 01:00:09,2018-07-31 15:00:00,2018-08-03 19:12:13,2018-09-04 00:00:00
58edc4867c66375b07bb99a5ff66e843,91b7fe9bca22287724c0aa6c62b20706,delivered,2017-06-03 15:51:31,2017-06-03 18:35:13,2017-06-05 14:05:13,2017-06-17 13:12:46,2017-07-06 00:00:00
5c1bcdc479bd3259cecfa184ee78b9ce,2e5608fae5d61570d29e7cab4e1c85e0,delivered,2017-11-15 16:35:52,2017-11-15 16:50:30,2017-11-16 23:12:13,2017-11-21 23:34:33,2017-11-29 00:00:00
5814c4efa071d212c5b84498d9ca5809,1bb5205b5301fb7f65cb391f83869615,delivered,2018-03-07 09:02:41,2018-03-09 02:30:57,2018-03-16 01:56:30,2018-04-13 17:28:50,2018-04-02 00:00:00
26fa3a32106a673d1c0797ad04f15c81,66d2242091120bcbaf700ebd33ecd879,delivered,2018-02-10 15:13:12,2018-02-10 15:25:29,2018-02-21 12:38:05,2018-03-02 16:23:51,2018-03-16 00:00:00
cca0f2f13b67b19407e3300a249bd506,a181bd684a472be2dd926e551a50677a,delivered,2018-07-18 17:36:01,2018-07-18 17:46:22,2018-07-19 15:24:00,2018-07-24 16:43:31,2018-08-03 00:00:00
a64639318173368f70e2ce455a49196d,55c6424f08e75680af39be358bd3c1e5,delivered,2018-05-23 09:42:56,2018-05-23 09:56:56,2018-05-24 13:38:00,2018-05-25 21:51:44,2018-06-04 00:00:00
98d15743f8e48c8e46b0798e8620a0e5,f9835d0178a2ef988d91ea05bc03f16f,delivered,2018-03-18 20:14:43,2018-03-18 20:30:22,2018-03-21 20:03:49,2018-03-24 00:38:20,2018-04-16 00:00:00
f49196a3b79948c69b3cf03a6ce9646c,343b48b19c8bd182e4c24d37aa8b11a3,delivered,2017-04-17 10:05:11,2017-04-17 10:15:15,2017-04-19 14:58:10,2017-04-26 13:28:40,2017-05-17 00:00:00
528ef07892f35406f1e19482c11714a4,b5e3adee5e6af6c1d69578a270a86b98,delivered,2018-01-08 17:51:23,2018-01-08 18:01:35,2018-01-12 21:08:06,2018-02-07 23:22:33,2018-02-05 00:00:00
763dda5df4bf87b05540c4fb0888b346,530ece68f2b24f65169dfc98378bca56,delivered,2018-03-08 10:45:15,2018-03-08 11:08:39,2018-03-09 17:07:27,2018-04-27 15:13:04,2018-03-29 00:00:00
0444bf76794ff96fd22fff6be21bdb6a,5aa561bd139013f322dceb6a71550d43,shipped,2017-12-20 11:22:58,2017-12-20 12:10:14,2017-12-21 16:49:38,,2018-01-22 00:00:00
4d4aac37e91472a2cbb36ee91d35866f,0eaf9eea0033e4ee553184ffe9641d71,delivered,2017-02-14 23:19:29,2017-02-14 23:30:13,2017-02-15 13:19:04,2017-02-24 09:33:28,2017-03-17 00:00:00
4c405106a055077716496d46fa6d9d65,c785a266d296a639e09081ff7a16a169,delivered,2018-01-10 09:10:34,2018-01-10 10:31:45,2018-01-11 18:43:41,2018-01-16 19:26:33,2018-02-01 00:00:00
ceca30e6de65f20adb181e92932941a3,caedd3b1bebfca71c001c276fb477fa2,delivered,2018-03-20 19:57:14,2018-03-20 20:10:25,2018-03-21 19:54:23,2018-04-11 20:07:50,2018-04-12 00:00:00
11526907a9d9e94078d44fb1c4abb4ec,16c9179622cbd53ac83895bd09ea73c2,delivered,2018-08-08 00:56:34,2018-08-09 03:45:28,2018-08-09 20:33:00,2018-08-23 01:35:45,2018-08-20 00:00:00
df01c961b8b1ced70f72c8c77deb69ca,5bd6dfd802aad0ed86c9984ac51858e2,delivered,2017-08-09 13:43:26,2017-08-09 13:55:24,2017-08-10 17:20:10,2017-08-31 17:44:06,2017-09-13 00:00:00
2b57a0c3167cad0a95b15e00b748d5ca,35c202508df32b386d266f1cd73d3bf8,delivered,2018-07-08 16:16:13,2018-07-08 16:30:13,2018-07-09 08:46:00,2018-07-11 19:56:42,2018-07-25 00:00:00
269c345570f1003630764953f56f6abd,d122755f5989b6f6702431c0fe0dc767,delivered,2018-05-17 03:04:12,2018-05-17 04:16:22,2018-05-17 10:39:00,2018-06-06 18:26:35,2018-07-10 00:00:00
2868d7d031293f42d0004622a5b68418,8d814ba9c7c471f4d8849fa2438f7575,delivered,2018-07-12 00:02:10,2018-07-12 00:15:17,2018-07-19 15:01:00,2018-07-26 18:06:34,2018-08-16 00:00:00
a8e595153c8bec02b29e66399b21e1ae,36cee34dc9a7b76544d0f8c2ce2b54f1,delivered,2018-08-05 19:25:28,2018-08-05 19:44:19,2018-08-06 09:32:00,2018-08-13 17:12:53,2018-08-28 00:00:00
186f651321d21b2a793c4cd866b7b62b,c6fe189efa0b5b86e8df534630a6f051,delivered,2017-08-08 18:33:07,2017-08-08 18:45:17,2017-08-09 21:32:45,2017-08-17 19:16:56,2017-08-31 00:00:00
919baca007d9525b6668c18f79a33197,144d6b2679193370edcdceae5c0a407b,delivered,2018-08-21 12:26:53,2018-08-21 12:50:22,2018-08-23 17:10:00,2018-08-30 12:03:15,2018-09-24 00:00:00
ecb4d57a1f4dabdb34dcc3ddba82bc51,e6654f45929f2f4f59db8fee5b39b7f5,delivered,2017-04-28 18:08:44,2017-04-28 18:22:58,2017-05-03 15:47:34,2017-06-14 13:17:48,2017-05-26 00:00:00
840609035f6daa3db6277e7a033b3edf,080be8dccd7f4d3194611540f99b5299,delivered,2017-08-14 21:48:04,2017-08-14 22:50:14,2017-08-15 18:22:50,2017-08-21 18:29:58,2017-09-01 00:00:00
0040a56893444cb56cba7cfe2225e34e,74454d0e51e0eeaaaa9b7b135469c420,delivered,2018-01-22 23:50:35,2018-01-23 00:15:10,2018-01-23 23:46:54,2018-02-14 23:12:52,2018-02-21 00:00:00
9d116cdcb1a5c14a35e00b7ad54914ee,99650dd5591e92cbd43f8c81c42b2f92,delivered,2017-03-28 22:02:40,2017-03-28 22:15:16,2017-03-30 10:08:25,2017-04-07 14:40:07,2017-04-27 00:00:00
5cb5eea8db35f4d622fd1122e2841e39,ec0c759e9e38693281684942aa6bc86a,delivered,2017-11-26 11:57:34,2017-11-28 03:38:31,2017-11-29 12:42:15,2017-12-08 15:42:32,2017-12-20 00:00:00
532eef07d5a2ff826ffd6ef0979e1645,37c45c617af79121039feb49e7ec985e,delivered,2018-07-06 10:18:14,2018-07-06 10:32:06,2018-07-06 11:17:00,2018-07-13 19:47:54,2018-07-31 00:00:00
58a9eee77c75781ec6c4f725891c7747,76ff993eda8abab1781028a0ac19ed0a,delivered,2017-11-05 20:11:40,2017-11-05 20:26:45,2017-11-08 21:32:07,2017-11-13 18:54:39,2017-11-24 00:00:00
2508a4e7eaf40f21355892834c2eb54d,9dc43b5f2a289fa4e26d504ec141e07d,delivered,2017-12-04 13:37:59,2017-12-05 04:17:37,2017-12-11 19:39:42,2017-12-14 00:09:36,2018-01-04 00:00:00
d8434c09d07ff98eaf30d4b68b5d6cbf,9c991443e5f8f7fd0903a2ea9ec7a0ca,delivered,2018-05-06 14:28:03,2018-05-06 14:53:13,2018-05-08 09:58:00,2018-05-14 15:41:55,2018-05-29 00:00:00
77941f056519e1f7a848840651b359b2,f8ad6a093cf67d3c90f97bf70d2af76a,delivered,2017-11-26 13:11:16,2017-11-28 13:05:31,2017-11-29 19:09:09,2017-12-18 19:23:00,2017-12-11 00:00:00
5f92e202714f58d016aa087092c33fe7,2f9a21f241a3ccbbfa187ebdfebe4693,delivered,2017-06-28 11:58:51,2017-06-28 12:10:24,2017-06-28 14:52:04,2017-07-03 14:12:00,2017-07-18 00:00:00
3abd3ea64f72772ebe7fb7fdb73b8991,4d6ec8fe0f7d7bc9e3cecdd2d66f64be,delivered,2017-12-10 20:58:31,2017-12-12 03:49:52,2017-12-13 20:58:36,2018-01-07 12:44:34,2018-01-10 00:00:00
55205d82f3b72a235f58195bd491b1a9,2a395e7e1901e07fff39a55249a210eb,delivered,2018-08-10 16:43:56,2018-08-11 10:24:41,2018-08-13 15:51:00,2018-08-23 01:21:30,2018-09-06 00:00:00
506d2f43503ac1882d80adfd1f523fd5,649699452d03a53049e711ecf08fc0f3,delivered,2017-12-26 12:18:30,2017-12-28 02:35:44,2017-12-28 21:28:47,2018-01-03 19:33:53,2018-01-19 00:00:00
9124789e8acd7673ea0ce2bd9361a99e,b8c061f3ddf2be33218c39b02f99c812,delivered,2017-09-22 23:11:26,2017-09-23 13:50:08,2017-09-25 19:09:29,2017-10-02 22:39:33,2017-10-24 00:00:00
fd47237d0dcf975ae9a511199ef692cb,98c6cbcc4341a06f0703f53a0f7a798e,delivered,2018-03-13 11:34:35,2018-03-13 12:08:11,2018-03-14 16:12:13,2018-03-27 18:09:41,2018-04-06 00:00:00
8e0167d93d1c6bdf4595ee876ac8a842,1842c33f1a49f4a3f653e28a75254e38,delivered,2017-12-11 13:03:12,2017-12-11 13:13:26,2017-12-12 00:23:29,2017-12-23 15:53:32,2018-01-05 00:00:00
1a45b4961c8eecf15a433bb91990618d,d3ed2c4491a68c9acf08dd0595ae057f,delivered,2018-01-25 22:10:51,2018-01-26 03:16:42,2018-01-26 14:56:54,2018-02-01 22:05:47,2018-02-19 00:00:00
82b9b991770e6880a10a11c5a29da6d4,a04dce798419f82084975adb9d6a79d2,delivered,2018-02-09 18:43:27,2018-02-09 18:55:24,2018-02-16 22:18:29,2018-02-22 18:37:18,2018-03-06 00:00:00
6135f38f4bb6d100bd3b064ccaddf7b8,1ce6087cfb4834e9ec5e9ed3941448f1,delivered,2017-11-24 07:15:45,2017-11-24 07:49:36,2017-11-28 17:12:42,2017-12-01 22:07:06,2017-12-08 00:00:00
5d5158a88e86989b64a41c1c2aff9125,8e3ca91f267437eb1244bdfad334a7ca,delivered,2017-03-19 08:36:36,2017-03-19 08:36:36,2017-03-20 10:08:42,2017-03-22 14:27:28,2017-04-06 00:00:00
42ffa304e7e734f00e981f377dd18640,b050c06fc1598b88202301da05929d26,shipped,2017-05-06 14:29:00,2017-05-06 14:42:02,2017-05-09 07:38:08,,2017-06-02 00:00:00
836f9b5adb4fe06d8980fb71fa06b691,87ac54f29caef172849cce57d5128967,delivered,2018-08-13 19:30:37,2018-08-13 19:45:16,2018-08-14 06:03:00,2018-08-17 16:44:29,2018-08-30 00:00:00
90acf5654782a289ffd89f1759287595,c468f7532d2c5542841d9d75a254d8cb,delivered,2017-11-24 09:09:48,2017-11-24 10:12:24,2017-11-29 19:09:09,2017-12-11 21:29:02,2017-12-19 00:00:00
7d1195a1ae8175a0713fbeeedb018fca,6b4614b2b4a56af6749e512f9ca12941,delivered,2017-06-30 12:09:51,2017-06-30 12:23:33,2017-06-30 15:44:18,2017-07-10 22:47:28,2017-07-24 00:00:00
3c528555482dd82c04d09832f338e139,cc89c866db4f7b9cfecb9ae48c47fc20,delivered,2018-06-18 10:22:41,2018-06-19 03:57:11,2018-06-19 13:21:00,2018-06-26 22:12:20,2018-07-18 00:00:00
44ee389142c744e5c8e7b6c8343dbdc7,33e0063ceed8499d4c9906865945665c,delivered,2017-05-11 10:51:40,2017-05-11 11:05:15,2017-05-16 08:03:35,2017-05-19 11:27:50,2017-05-31 00:00:00
5c70dd56919e4ecb33f8d48067944b48,a016fe5ee20067bbf94ab0b66438845a,delivered,2018-03-26 22:25:35,2018-03-28 02:50:25,2018-03-28 21:24:35,2018-04-17 22:46:23,2018-04-17 00:00:00
574fe1739f65af76badd0999db300b4f,fd3a0b1bd209f0e7d420c9c3d1127613,delivered,2017-03-23 15:10:17,2017-03-23 15:25:11,2017-03-28 18:23:51,2017-04-11 10:16:56,2017-04-24 00:00:00
a44cd7ea931ed9138c6250dd5402eb7d,c43867621bf95a848e59bbbf9dbcad01,delivered,2017-10-17 19:40:22,2017-10-17 19:49:15,2017-10-20 20:33:44,2017-11-04 15:56:53,2017-11-09 00:00:00
379608a8412e127ea99752f0ae297408,16c43b2b6b665c7268566fc9def6c68b,delivered,2017-10-01 10:19:07,2017-10-01 10:28:15,2017-10-02 16:52:44,2017-10-17 10:17:48,2017-10-30 00:00:00
b07c9c5d4b4b96db91b933d31bed5248,2c106d45426c47aa075491442f2f0194,delivered,2017-08-23 07:40:35,2017-08-24 13:50:18,2017-08-31 19:25:52,2017-09-08 20:43:35,2017-09-13 00:00:00
e4e87503e23bd920473b4bbe54e015b5,713c42e5bbadd1ed6689da3a8cc51846,delivered,2017-08-22 10:55:25,2017-08-22 11:10:16,2017-08-23 19:16:38,2017-08-31 21:23:47,2017-09-18 00:00:00
4e9b5654a8e87fbf1f0010429835dbcf,ce00ac7b1fd65ef1493960dbca9ee71a,delivered,2017-12-01 14:30:08,2017-12-01 14:49:34,2017-12-04 18:23:15,2017-12-11 19:51:46,2017-12-27 00:00:00
1e023f96b2ab8ba32db4efacb8df5249,c316d9222671b33a8b0d8c6a3a39ae3d,delivered,2017-11-10 13:49:38,2017-11-10 14:07:17,2017-11-14 21:56:58,2017-11-22 19:24:31,2017-12-05 00:00:00
8a9ec714d97db36f469d62e3fa8d638f,7f6c94aed72e07dbb23e7d8431240e39,delivered,2018-03-22 14:19:29,2018-03-22 14:30:37,2018-03-23 20:04:26,2018-03-29 18:04:55,2018-04-11 00:00:00
fa5d6b6dd3a9ed01e21e57c5918e15cf,df5ddbc77e3bbc88b8fe3b62b8f60f11,delivered,2017-06-05 00:11:24,2017-06-05 01:05:08,2017-06-06 08:32:35,2017-06-14 15:32:29,2017-07-03 00:00:00
f97ae37bab6ff0db65aaecb82274d310,af04232e6381929996a00d8b5f2d4c5e,delivered,2017-11-12 15:37:14,2017-11-12 15:50:47,2017-11-16 21:45:41,2017-11-17 15:24:46,2017-11-27 00:00:00
fb98d749a39a0e47d64ec1e9cf90bb10,528fef52545ccd3a24969948244873f2,delivered,2017-11-29 10:48:08,2017-11-29 11:00:24,2017-11-30 22:22:24,2017-12-21 20:13:36,2017-12-22 00:00:00
2f987d84716580b1465f39247276a59c,aa4a725263c6983512c603c3ae6aa188,delivered,2018-01-15 16:19:51,2018-01-16 11:57:32,2018-01-17 19:22:43,2018-01-19 21:39:10,2018-02-01 00:00:00
3168c019f59ebcfa516b31feb623fc53,6e890915cba130f9217de9aab006d313,delivered,2017-05-12 12:15:44,2017-05-12 13:07:59,2017-05-26 10:54:07,2017-05-31 14:06:07,2017-06-13 00:00:00
0c511eb6cecb1f110a807dad27440c81,915411390c6b557e49b9cf369572d189,delivered,2017-09-26 14:45:50,2017-09-26 15:04:42,2017-09-28 15:28:02,2017-10-10 20:36:53,2017-10-25 00:00:00
d92770d2fc168b9bb6a9a15f640986e4,101379692221e06327461201d91def6e,delivered,2018-02-27 10:40:38,2018-02-27 10:50:26,2018-03-06 19:58:33,2018-03-07 12:28:40,2018-03-28 00:00:00
3812d41936079a1ccfa6e04ff9ea83e7,48951287f296dc428281ae12b23072b5,delivered,2017-07-11 18:23:45,2017-07-11 18:45:13,2017-07-12 18:22:34,2017-07-17 12:59:40,2017-07-31 00:00:00
5451dcf8797facb072201af54921f04a,63ca9e5b1b7438892210e079c71ca22a,delivered,2017-09-11 12:26:35,2017-09-11 12:43:24,2017-09-11 19:47:30,2017-09-15 19:31:40,2017-10-02 00:00:00
8d6793a90c7ed801dbea86d6271e3bfe,2285ef36bf9197241db9f8d3611aed8f,delivered,2017-03-14 14:41:27,2017-03-14 14:41:27,2017-03-17 09:14:04,2017-03-28 16:17:12,2017-04-07 00:00:00
ecd2748a24a9595ee9ae3ae645a01ae4,a70de1d2619f2113a39a18ad83dce472,delivered,2018-02-07 17:51:28,2018-02-07 18:14:59,2018-02-09 18:41:50,2018-02-17 16:13:01,2018-03-08 00:00:00
30727429f8337a76c80a10e0540ce073,adba6d1c777cd469f601d55fb66932ec,delivered,2018-06-18 22:44:39,2018-06-18 22:56:19,2018-06-20 12:27:00,2018-06-22 19:05:00,2018-07-11 00:00:00
37d24e9a88068283d102aebd4f765133,548d14db00395dec9825ea9673c7e672,delivered,2017-01-22 23:08:14,2017-01-22 23:21:47,2017-01-23 15:35:44,2017-01-26 13:51:54,2017-02-20 00:00:00
7e674200831cc38f43106d153aa17d7c,aa4b53b674e3a59192b63f78441760e8,delivered,2018-05-27 17:22:15,2018-05-27 17:35:08,2018-05-30 06:16:00,2018-06-15 17:22:35,2018-06-29 00:00:00
2c5835a7e64d6b55172fcb3d3e6cc811,148bb9f283f5eebbafda782b05d5d4d7,delivered,2017-05-23 15:03:59,2017-05-24 03:03:01,2017-05-24 11:26:39,2017-05-30 08:42:17,2017-06-14 00:00:00
1670149b3cfc61a2c70f3f6189f7005d,11a98fd756d133f16d8d8991c5acc95e,delivered,2017-09-23 15:29:35,2017-09-23 15:44:37,2017-09-27 15:52:43,2017-10-12 13:09:26,2017-10-27 00:00:00
c62746805b3e3593801b7880cd85c8f5,ca348a7bf8d71416697853c088e3963e,delivered,2018-06-15 16:27:07,2018-06-19 04:16:50,2018-06-19 14:11:00,2018-06-22 00:33:06,2018-07-05 00:00:00
6291632d14ae01709d25b7f6cf2f46d7,76c6d181a76f258f93118b3898bafed2,delivered,2017-08-22 13:25:49,2017-08-22 13:45:49,2017-08-29 16:58:11,2017-08-30 21:57:57,2017-09-04 00:00:00
6c6e590c8ce02ecc30bef8bd3b34d82f,4c2352fefc6c76c844fb918aa3a1478f,delivered,2017-01-29 20:37:04,2017-01-29 21:41:21,2017-01-30 08:27:47,2017-02-13 20:54:05,2017-03-20 00:00:00
5d9e2e83cfb9ded5dec80767e1d2226f,db3cd82f04f7b72045a8217f7f510739,delivered,2017-10-28 14:52:59,2017-10-28 15:10:18,2017-10-31 15:24:08,2017-11-06 18:08:51,2017-11-17 00:00:00
cb821fdd07b85eba7459df8a7859c65e,36ba36f9ad40d562a0e6a61c9ea02974,delivered,2018-06-04 19:22:19,2018-06-04 19:53:14,2018-06-08 19:13:00,2018-06-09 15:35:56,2018-06-20 00:00:00
99bff4b728e46cbbb19efcbfa4f172c0,f17f59d0945b9f7768af23f2b9685555,delivered,2017-04-28 11:42:52,2017-04-29 02:43:09,2017-05-03 07:33:36,2017-05-05 11:25:53,2017-05-22 00:00:00
3b85cb67e49cb00b5c0a3d83592a1fc0,4984a1b883dffa7490fcdc48866b23b4,delivered,2018-05-12 11:23:32,2018-05-12 11:35:11,2018-05-14 12:02:00,2018-06-04 21:07:07,2018-06-11 00:00:00
c39d785e16b7798f5c2654780d533ce1,e2247c693e819a841afbb62a59106ba2,delivered,2018-02-24 11:06:11,2018-02-24 11:28:18,2018-03-01 20:59:42,2018-03-19 18:51:38,2018-03-27 00:00:00
535ce049550012e1ffc2d07a327eceeb,f043fe51e8327ba739f878036fbe154c,delivered,2018-05-03 16:16:41,2018-05-05 03:10:12,2018-05-08 14:56:00,2018-05-14 20:27:50,2018-05-28 00:00:00
2b7c67fca0696d8eae5f3deb33637a2f,22abae8abdb65b160360a0e4a612bd2f,delivered,2018-06-11 01:12:18,2018-06-11 01:38:26,2018-06-14 17:20:00,2018-07-03 20:36:53,2018-07-12 00:00:00
72b85bb852d0147e3d23cfe9c224a5b4,ec23d9fe2b71eefa612c92bd43b04699,delivered,2018-03-06 01:16:25,2018-03-06 01:28:46,2018-03-07 22:49:22,2018-03-10 17:16:42,2018-03-19 00:00:00
b1148e3ccf84678b917d3f48cb4223b6,7106e4be1d24f336fcfabff97f4f54b5,delivered,2017-05-08 20:58:10,2017-05-08 21:05:16,2017-05-11 09:29:53,2017-05-15 17:26:33,2017-05-29 00:00:00
227e226c302f202f8fe0ac838846adf3,5909a65431ec7e73aebb28a25cfb8850,delivered,2017-12-06 18:59:33,2017-12-06 19:13:32,2017-12-07 22:32:02,2018-01-03 16:29:11,2018-01-03 00:00:00
0e66c646ef5d6364215ef15b3826c4c7,5a65eb00a924ba21a2a323650fe0a070,delivered,2017-03-31 23:54:45,2017-04-01 01:05:20,2017-04-03 14:43:24,2017-04-06 11:23:44,2017-05-17 00:00:00
bb30c3299c36702316a4207b8acae69b,5e39b01e3f43615d0665dda5be326edc,delivered,2018-07-18 11:38:09,2018-07-18 11:45:20,2018-07-19 10:15:00,2018-07-24 21:57:28,2018-08-10 00:00:00
3a242772733bbe85f793b47f375aaed4,933d04190021321a552e32ede56bc054,delivered,2018-03-31 19:16:29,2018-04-03 05:15:24,2018-04-04 03:32:10,2018-04-04 21:04:39,2018-04-12 00:00:00
3745ac683b5ef89d47799dcd2a703d99,cc872150beb54a70317bc37c1d62c9b5,delivered,2017-11-05 17:59:44,2017-11-05 18:11:17,2017-11-08 15:58:40,2017-11-17 16:57:34,2017-11-17 00:00:00
e080fb7aef4b2d5905e95cfbd4ddc138,8d1428dafa8c8d8018df598ec6fb9428,delivered,2018-03-22 21:29:11,2018-03-22 21:47:18,2018-03-28 01:32:23,2018-03-29 20:54:33,2018-04-04 00:00:00
e810b951987f209ae0bc4bd6279c837e,7d4f13c597af6a491ad6b96e4b7b1ae5,delivered,2017-06-18 22:48:10,2017-06-18 23:05:51,2017-06-19 20:04:19,2017-06-27 14:16:51,2017-07-07 00:00:00
55fe3844ec031c3bf60449b7e37d4d85,72f7c6ae75d7bb4765dc06b93e1dfd4b,delivered,2017-11-22 16:19:20,2017-11-23 02:54:26,2017-11-27 19:28:36,2017-12-01 13:57:52,2017-12-05 00:00:00
8c220191863704ecc09c293c1d723797,32c08ef292e0052b476b1fb965873759,delivered,2018-05-27 19:10:54,2018-05-27 19:35:12,2018-05-30 13:29:00,2018-06-04 20:07:33,2018-07-03 00:00:00
2048b5e98976fc5fc54b6405d6ac5284,e00fde757e39c319e1a52b9d1adf298b,delivered,2017-12-20 16:55:58,2017-12-20 17:03:20,2017-12-22 18:47:24,2017-12-27 17:37:41,2018-01-15 00:00:00
ba239cc3d3cdeccc06b0bae56e3e9f93,c0e4e6a34cb5fd137729e3628973f35e,delivered,2018-04-21 18:16:05,2018-04-24 19:24:26,2018-04-24 23:41:28,2018-05-04 14:57:46,2018-05-14 00:00:00
74003ffbdb30d86975836aa572b73fea,dc78d55133530e19155ad697d960e9df,delivered,2018-05-21 11:18:44,2018-05-21 15:32:03,2018-05-22 16:03:00,2018-06-05 19:04:15,2018-06-06 00:00:00
980044cb2540e5978dc610bcc47bb9e7,5c5539a9bb527a0c669e8addeff05e07,delivered,2018-08-01 01:11:52,2018-08-02 03:05:21,2018-08-02 14:20:00,2018-08-09 14:58:37,2018-08-27 00:00:00
596ebedbd7635ed05a529154e354de90,d3d9d1df376abf1650448aa8e7a23d28,delivered,2018-02-26 16:55:41,2018-02-26 17:15:35,2018-03-02 20:12:35,2018-03-09 00:50:30,2018-03-16 00:00:00
43a9357b0136ea0479069accd5ea0676,8312f4beb468fbdb53da67c16d66ec73,delivered,2017-12-13 12:56:59,2017-12-14 02:12:51,2017-12-14 15:34:26,2017-12-23 18:57:03,2018-01-08 00:00:00
61e5a319032ea9f5d404dd3f2cbe2a8f,6dc3ca63b413933ab4fd6581377a9a7b,delivered,2018-03-01 06:16:16,2018-03-01 06:30:20,2018-03-02 10:04:08,2018-03-06 21:08:41,2018-03-13 00:00:00
dd812caab973d1343bb8acb37736f55e,e82d6367836edabacca2a82a785e6e00,delivered,2018-03-29 18:23:50,2018-03-29 18:47:47,2018-04-02 23:28:50,2018-04-11 19:22:42,2018-04-17 00:00:00
df0fc2525c393ef5bcd58db7516a0fcb,6f7e4eda4a91a18114c7ae6458f4068b,delivered,2018-05-06 10:06:00,2018-05-06 10:30:49,2018-05-07 09:08:00,2018-05-15 21:07:42,2018-05-30 00:00:00
cac310d079865a77ed15919c1bf688f7,49f0845e03f0791e8d4f931ed1f942ba,delivered,2018-01-27 13:40:58,2018-01-30 03:47:33,2018-01-30 18:48:41,2018-02-20 15:49:26,2018-02-23 00:00:00
191bf2b9fb050515f22b85c7011efe08,417bf0d71345160d22bb8209548ae9ab,delivered,2017-07-18 09:30:46,2017-07-19 03:45:18,2017-07-28 13:10:16,2017-07-31 21:21:49,2017-07-31 00:00:00
9a918e2ef9219b192a90ce82eebe9e8d,e0bd63aa806c4fc7718dcfce3f3095c8,delivered,2017-10-16 21:49:56,2017-10-18 03:07:38,2017-10-18 18:42:17,2017-10-25 19:52:22,2017-11-07 00:00:00
34496066ab597d64e45c5f1352b7dfcb,2709855b67ea20424f0c32198ed417c9,delivered,2018-04-29 18:52:56,2018-05-01 05:13:55,2018-05-02 14:36:00,2018-05-10 20:28:57,2018-06-04 00:00:00
3ae7f9146be3fb4fed651a66c7650b19,1adf21f3b030df03819530024c21c2ca,delivered,2018-07-03 21:56:54,2018-07-05 16:33:16,2018-07-05 16:13:00,2018-07-12 14:18:30,2018-07-18 00:00:00
cac7e309df39d1f200b8ca086c4ab624,a8a9e48facf3dc7bdd3bb6d63c4efa54,delivered,2017-05-21 13:51:37,2017-05-21 14:05:16,2017-05-25 16:09:30,2017-06-03 08:32:36,2017-06-12 00:00:00
d08c7396fb82ad39db681f6692a7e112,6dc42edfeaaea7b6dd6bb759d731d1f4,delivered,2018-07-02 09:59:59,2018-07-02 14:50:35,2018-07-03 11:11:00,2018-07-12 00:44:30,2018-07-25 00:00:00
a6ec65788794fad0fbd2e2839c73fff3,7bea077aae57157afa56bacc3852f1f7,delivered,2018-08-18 11:46:20,2018-08-18 12:10:30,2018-08-21 12:36:00,2018-08-27 22:18:31,2018-09-10 00:00:00
a8858a23008217d160630ef24a83f155,9ed458b6c128228cc98433539b2027b2,delivered,2017-05-14 10:01:03,2017-05-14 10:15:17,2017-05-15 10:08:27,2017-05-17 10:12:40,2017-06-19 00:00:00
d0deccc9a14a13ecbca790453d394bf6,5c4a2cb7cf6f6dba62e24f7405c61425,delivered,2017-03-20 14:27:40,2017-03-20 14:27:40,2017-03-21 09:04:28,2017-03-30 18:15:27,2017-04-25 00:00:00
a902114dd9904d0720db65f860a98d7d,6266ee311ee0d42dfaa7963d78342a4f,delivered,2018-07-19 14:17:07,2018-07-19 14:30:17,2018-07-20 14:04:00,2018-07-23 20:44:49,2018-08-08 00:00:00
91c96626f9e13b1b71a1f3e7ed52dd7a,45442979a333bc62efccd8a2481481fe,delivered,2016-10-08 21:04:27,2016-10-09 02:33:03,2016-10-13 02:33:03,2016-10-26 14:33:48,2016-12-14 00:00:00
f55a684badae11bd4d494dd474d82130,3c984113b6e566d2dd37ded86c65eb0a,delivered,2017-09-06 10:21:17,2017-09-06 10:38:11,2017-09-08 19:51:33,2017-09-14 14:10:32,2017-09-26 00:00:00
7c07f56b7d198e14ff2e6a757644d55c,ee597fcbef53286684e7012332b44a10,delivered,2017-05-15 14:32:31,2017-05-16 03:15:28,2017-05-18 16:23:13,2017-06-06 12:07:06,2017-06-19 00:00:00
d0c4a5b064e0ec72eca6b1c01ade0181,e5451dc58f17a2109be360902da779ca,delivered,2018-06-24 18:51:01,2018-06-24 19:20:07,2018-06-25 11:48:00,2018-06-26 17:33:40,2018-07-05 00:00:00
f51c9940410ef77422e4efbca407c161,ceeaae7ee13b40a086d0140281bef2ac,delivered,2018-08-16 11:05:14,2018-08-17 03:30:17,2018-08-17 13:40:00,2018-08-27 13:26:40,2018-09-05 00:00:00
f4eda4d97fa21f60b8c95b433085d2f4,5c7a7303e8349978d086f3e5f349fe34,delivered,2017-11-23 05:13:03,2017-11-24 03:11:58,2017-11-27 19:30:00,2017-12-20 18:14:26,2017-12-28 00:00:00
6c37e2e64af539d44ec739bed4ff2b74,e308d751c2741e14cf3872387c71ccf1,delivered,2018-04-16 21:11:47,2018-04-16 22:10:17,2018-04-18 22:34:34,2018-05-03 21:58:01,2018-05-14 00:00:00
4a80d02a2e717959a7a3c7c8aafd6c72,0894c4cd09f3242122ce353289132c7e,delivered,2018-03-01 11:01:07,2018-03-01 12:10:22,2018-03-02 12:08:24,2018-03-10 00:52:20,2018-04-04 00:00:00
1055cb7f0f2cfc6ec8a445b1034c2546,9ea2023c5e8e3878a3674d6b761d3fc5,delivered,2018-07-22 11:12:52,2018-07-23 14:31:11,2018-07-24 15:56:00,2018-08-01 21:18:42,2018-08-17 00:00:00
f9f91e01e98440ee1e84dbcfad27fdbd,b85e5fff3dc72b68afe4d7791b495a62,delivered,2018-05-16 19:36:10,2018-05-16 19:54:42,2018-05-17 12:12:00,2018-05-23 00:12:14,2018-06-08 00:00:00
512f4f80b07d98a492f7e38f1736e1c0,350010e736cdc59d9b04c4835b38ee79,delivered,2017-05-25 21:48:06,2017-05-25 22:02:40,2017-05-26 11:57:38,2017-05-29 07:53:59,2017-06-07 00:00:00
350885c9ea4a1a48519246d7ea5518ea,ccc2d30d745db65793fa46ecb62b8181,delivered,2018-04-30 17:14:55,2018-05-01 02:38:56,2018-05-02 19:01:00,2018-05-03 22:54:44,2018-05-09 00:00:00
d99c77f6eb93e9cdfca26e997f54530e,d03195784405b22ba42a0d473ce01c26,delivered,2018-04-19 19:37:07,2018-04-19 19:51:01,2018-04-20 22:38:45,2018-04-27 13:34:30,2018-05-21 00:00:00
7e428638464d2ac1a885d50644f3d831,7ff90fe4b83711f0889f0967d50d1d4a,delivered,2017-05-21 22:00:38,2017-05-23 04:22:34,2017-05-24 15:33:31,2017-06-01 11:13:32,2017-06-13 00:00:00
0ae3c4bb3c5a368054435dc7325c5696,838bda281157e748923fa701e5b1d8d3,delivered,2017-09-26 12:48:15,2017-09-26 13:04:21,2017-09-27 18:29:43,2017-10-06 13:24:00,2017-10-18 00:00:00
c11493212dbcecf2a5b3645d0e3d1052,2f962a6adc1b7d674a0accf89b43ef35,delivered,2017-06-23 00:12:11,2017-06-27 04:10:17,2017-06-27 14:36:23,2017-07-04 10:03:30,2017-07-14 00:00:00
ed11bdc16e2933132c57eb7c0cb4d7d5,969d28cddf017728e3c7319fc2b16288,delivered,2018-06-29 10:35:54,2018-06-30 02:35:13,2018-07-02 12:33:00,2018-07-06 16:32:39,2018-07-23 00:00:00
f10282aa55ff8cf002a73620cd23e573,c92d229c20d50e665239023196185345,delivered,2018-01-03 16:33:03,2018-01-03 16:46:46,2018-01-04 12:34:04,2018-01-10 23:12:37,2018-02-01 00:00:00
08b450b388221bfe5472ed23887a7564,48484f48de7aa7c06c79b32d8a232793,delivered,2017-11-01 01:48:36,2017-11-01 02:06:10,2017-11-01 19:22:11,2017-11-07 16:32:13,2017-11-23 00:00:00
0d9d925e207cc6cdb378f3bd246c58b7,a2410764817b7c222e03169f7c531b08,delivered,2018-01-16 01:20:20,2018-01-16 01:33:02,2018-01-16 18:28:02,2018-01-17 20:39:07,2018-01-31 00:00:00
9a6a34598fd19ef622af85e158815dc6,4eac4449b2468a68990e3dc446e11fa5,delivered,2018-04-07 21:07:40,2018-04-07 21:28:16,2018-04-09 22:36:29,2018-04-19 23:22:02,2018-04-25 00:00:00
30686c06dbe287c1eed625281774a98c,c3251ec75a8e93d57da0991cf55aa763,delivered,2017-11-29 18:10:05,2017-11-29 18:37:26,2017-11-30 18:41:59,2017-12-19 11:06:11,2018-01-05 00:00:00
2feeb978d52b202f87c0237fd2564f19,a4753a09e2dd635834e03369a218a718,delivered,2017-02-23 10:38:19,2017-02-23 11:33:53,2017-02-24 07:33:51,2017-03-08 13:05:24,2017-03-24 00:00:00
f4f61b16e0eed6fa5b839b42a4b2b2d3,030ba01b106f8389716d742c08254b99,delivered,2017-02-25 01:52:18,2017-02-25 02:05:12,2017-03-01 14:06:33,2017-03-07 08:21:58,2017-03-22 00:00:00
27ac4b49ad26b510e55da059e19b57a1,1fda81133d4f067f76cc57be36cbf693,delivered,2017-07-18 17:05:16,2017-07-18 17:15:15,2017-07-20 15:27:40,2017-07-26 09:06:45,2017-08-10 00:00:00
ef4c9493836f7e9cfb813f3669166a7b,de36e4c77c4bea52cf99c1548689daa3,delivered,2018-01-10 18:55:42,2018-01-10 19:08:33,2018-01-12 22:14:18,2018-01-27 17:26:26,2018-02-02 00:00:00
fcb32634415b2501e381ee45da31708d,d5bde2a4746309bec5b5f3fb99c8985f,delivered,2018-02-27 18:40:34,2018-02-27 18:50:33,2018-02-28 21:37:00,2018-03-09 21:32:50,2018-04-09 00:00:00
6b7dd00f2893ddcaab6288375f3fbfd5,deb24660a108884bfd9475922bf7c204,delivered,2017-11-24 14:26:15,2017-11-24 16:33:44,2017-11-27 20:09:28,2017-12-08 00:26:57,2017-12-21 00:00:00
a16607f4220f0e60ab4c71b915dd380c,b85e4515c4b887303ecaabaf209afe88,delivered,2018-08-02 22:50:14,2018-08-02 23:05:14,2018-08-14 05:04:00,2018-08-27 23:48:48,2018-08-23 00:00:00
3bae20c7f7ad4cf125d51f381c55f8e5,4c2d679c35f8dc6620ccf96fde654f5e,delivered,2018-02-25 13:06:16,2018-02-27 03:31:02,2018-03-09 22:05:48,2018-03-30 01:02:21,2018-03-27 00:00:00
b0020f0c929a2ad38d93d733ad077ef7,68520ca38fc52a230773358e6589be2d,delivered,2018-01-23 18:18:10,2018-01-23 18:38:36,2018-02-02 18:48:55,2018-02-15 18:42:29,2018-02-16 00:00:00
e3956b68479689ff22eaf1f931ddaa29,79cfcbd00dfce1c4e9208032ab7aab15,delivered,2018-04-12 00:10:10,2018-04-13 02:11:31,2018-04-17 00:12:04,2018-04-18 17:12:59,2018-04-24 00:00:00
ba4b840815fdd65c4facf5b75fe22d3d,754306ad221b08afd2d3ee0e1e7c2c38,delivered,2018-02-23 11:40:23,2018-02-23 11:55:49,2018-02-26 21:22:19,2018-03-14 19:38:33,2018-03-20 00:00:00
b52d0fe87048b38e93f47e65fcf63fdd,4519aaa4b436db3df81e0cdd1f3afbb0,delivered,2018-04-13 17:44:15,2018-04-13 17:55:11,2018-04-19 04:54:49,2018-04-23 19:51:48,2018-05-02 00:00:00
08796d7a1fa345c5bce8f3f53435e21c,a5770b59e70395832ca615250e66bda8,delivered,2018-08-16 12:17:18,2018-08-17 03:10:10,2018-08-17 14:49:00,2018-08-20 20:03:47,2018-08-22 00:00:00
88c1da223617b94fe4a238ab01b8a541,1676f6b6f385955ca08fc58604321eeb,delivered,2017-11-23 23:46:16,2017-11-24 00:37:51,2017-11-24 21:03:05,2018-01-04 17:28:30,2017-12-22 00:00:00
42c74febe4e2c8abef75d91fc0bfe0af,2c0c51ec6129533e2190459049b4d257,delivered,2018-06-04 17:31:33,2018-06-05 17:31:08,2018-06-06 14:04:00,2018-06-12 16:54:24,2018-07-05 00:00:00
a1910c13f7264ec8e1b32221debcee26,5614a6b8b6919eb54f6feda7377b97cb,delivered,2017-03-26 16:11:09,2017-03-26 16:35:24,2017-03-27 15:48:19,2017-04-05 00:34:48,2017-04-18 00:00:00
7d71b84967ce50629f24530e64ba7938,ac9ae3c7de93573e219a1f10d7e71fca,delivered,2018-05-11 22:22:03,2018-05-12 22:15:20,2018-05-15 15:36:00,2018-05-21 23:52:38,2018-06-06 00:00:00
6c8409ca697ac1cdf422adf792fbf759,f5fd2458603abad7e210f21e31a16cac,delivered,2018-04-28 20:48:45,2018-04-28 21:10:54,2018-04-30 14:06:00,2018-05-03 17:44:38,2018-05-25 00:00:00
ed440d5c0b75f7384c1d6e7335400780,64b1683525b8d1bdb38fff26d98d1a8d,delivered,2018-05-23 19:58:48,2018-05-23 20:17:09,2018-05-24 08:22:00,2018-06-08 19:38:55,2018-06-26 00:00:00
8b425b3c35924fe439efd18791c0596f,d1e1bf25434c9bbc86c1f84f4b40ebb8,delivered,2017-04-07 15:02:50,2017-04-07 15:15:21,2017-04-10 10:25:03,2017-04-12 17:44:21,2017-04-28 00:00:00
f8812e9ef9494484aad51ddcd52ed382,a3c55d30bd801f65a0462dc4ffed901d,shipped,2018-06-09 20:40:23,2018-06-09 20:59:31,2018-06-11 13:54:00,,2018-06-26 00:00:00
3fe2752b68871c3a8fa897a947b10309,2a727a14825f79fd0eb41317d5d2e175,delivered,2017-12-26 16:46:59,2017-12-28 02:37:49,2018-01-02 15:08:06,2018-01-10 22:23:36,2018-01-19 00:00:00
07860da7c16265a28de8c2b2e9f4552b,e3d1323beac42a0618db14537566ade0,delivered,2018-05-26 10:54:41,2018-05-26 11:10:40,2018-05-28 10:06:00,2018-06-13 16:38:47,2018-07-05 00:00:00
574d6172ae1179b6855da44fa76d9741,edb18897a1ab021e4fcca9128b308c9e,delivered,2018-05-02 00:07:40,2018-05-02 00:34:18,2018-05-02 13:38:00,2018-05-08 21:31:04,2018-05-28 00:00:00
c56e2c015a90b5df2c2564aa5f15be50,84bff9902277d3155c02447484e34dbb,delivered,2018-01-30 16:46:20,2018-01-31 16:51:23,2018-02-05 21:47:54,2018-03-09 00:45:02,2018-03-01 00:00:00
52a36877de4e2af3ed6280b29d6e9ecb,334e83772fe7f91f6103c81d542b06c3,delivered,2018-03-22 15:11:22,2018-03-22 15:35:28,2018-03-23 20:41:31,2018-04-02 16:57:40,2018-04-17 00:00:00
b91aa06d6789368cd6ca8bdc293269db,5ffc4063da23635267f98ec4c2d6a9a6,delivered,2018-02-25 11:47:47,2018-02-27 04:30:58,2018-02-27 19:36:00,2018-03-13 16:12:39,2018-03-26 00:00:00
74962a666c603a2f294a4f3846ae3b40,368c60fb3449c4dfe62b3b23358f8966,delivered,2018-05-16 12:18:43,2018-05-16 12:39:42,2018-05-16 15:47:00,2018-06-05 14:37:46,2018-06-12 00:00:00
cce13b8231a7002dd50506e8c80f44ac,2078701371ebba3f7078c65e8baf9136,delivered,2018-01-19 12:56:10,2018-01-19 14:34:12,2018-01-22 20:23:06,2018-01-26 23:42:37,2018-02-09 00:00:00
b86790b00808be3c919f86fb5313ca08,f071fc29854206b94291632db6687bc3,delivered,2018-02-26 10:53:07,2018-02-26 11:10:16,2018-02-27 21:29:42,2018-04-02 22:42:45,2018-03-21 00:00:00
24e0084057806be6a9e72129fa0f16c2,6df187f50b6f213cbbd9cc838352d072,delivered,2018-02-08 13:25:52,2018-02-08 13:48:14,2018-02-09 17:52:09,2018-02-17 15:59:13,2018-03-06 00:00:00
6f82d9eeede34f94543730ab2db13732,bd51c278b0216610c52631720f4e87cc,delivered,2018-03-30 19:51:29,2018-03-30 20:07:56,2018-04-04 20:09:32,2018-04-25 13:48:39,2018-05-08 00:00:00
50b3cc3a81862626b3a95451c8928e19,acbd1a3a266aacb3bc900d3ad428666f,delivered,2018-07-11 20:27:24,2018-07-11 20:46:10,2018-07-19 11:43:00,2018-08-28 15:26:49,2018-08-09 00:00:00
5be9af49f40fc3bbb1c3c8aa5b7d8ee9,2ec5c991e9e555707bbf7a41d70dd5d6,delivered,2018-08-16 09:04:47,2018-08-16 09:15:20,2018-08-16 11:10:00,2018-08-24 20:41:38,2018-08-30 00:00:00
a3374c409bf808d17d67d18b3e578e68,f43f43ca7b596646c12c4ca7712c40cf,delivered,2018-05-29 23:21:10,2018-05-29 23:35:10,2018-05-30 13:34:00,2018-06-07 17:41:22,2018-07-30 00:00:00
8fc359cc10f3ab99032248ef5f152d4f,1d02449a44daa29a1ba7b66474a10f58,delivered,2018-04-10 14:43:10,2018-04-10 14:55:20,2018-04-11 20:18:25,2018-04-18 18:37:29,2018-04-30 00:00:00
11a8040304ddc9e67f7939587e9cf44e,3e8f6274492ec99e946fd2649fab95d8,delivered,2017-11-16 17:21:57,2017-11-18 02:15:23,2017-11-20 14:55:05,2017-12-07 21:56:49,2017-12-13 00:00:00
ab6d1b0b8360c208b62852f53726f0e6,c2ff01bd4fa72f9487ee397f6c5989d2,delivered,2017-12-20 09:56:35,2017-12-21 02:12:02,2017-12-26 17:17:16,2018-01-03 14:40:38,2018-01-24 00:00:00
1704f72e83ba22cfe2c2bacff1aba981,651fd31e68a2000d42d8d941c62fdaf8,delivered,2018-04-25 19:15:01,2018-04-25 20:50:07,2018-04-30 15:24:00,2018-05-05 16:22:32,2018-05-17 00:00:00
738129d32fe1f1ed56c7078789ebe85a,f15447473f2a1247ec9c2c4441465871,delivered,2017-11-24 08:54:54,2017-11-24 09:12:01,2017-11-28 22:16:59,2017-12-15 21:38:45,2017-12-08 00:00:00
1de621bc947402bc9becac77521734dd,d672ebb651d916036211ccae06e322fa,delivered,2018-07-23 15:50:35,2018-07-23 16:46:00,2018-07-24 13:43:00,2018-07-31 15:32:35,2018-08-08 00:00:00
f699a49449767451582084ff8c362ab1,b4a5c6d78aedd754aa33f66a23c20b36,delivered,2017-10-05 14:43:43,2017-10-05 14:56:18,2017-10-09 11:26:01,2017-10-13 22:10:03,2017-10-31 00:00:00
645ce4c96c7469ceddf1e970c2d5ccfa,f4059c700b41dd616aa65a2ef7886f7d,delivered,2017-12-11 20:13:36,2017-12-13 02:50:00,2017-12-13 18:21:51,2017-12-28 19:29:56,2018-01-16 00:00:00
ab29316ca52a6f49c3e55b77c1d6e4bb,265eaebad135d379c092f5a86012533e,delivered,2017-02-06 15:23:54,2017-02-07 03:55:23,2017-02-07 11:26:39,2017-02-14 11:37:40,2017-03-15 00:00:00
3b87bdeebf83a71ad36dff15f95892b9,a0713138dfe8f60c9335a1d2e5d5b504,delivered,2017-12-24 12:55:51,2017-12-24 13:07:38,2018-01-05 17:22:41,2018-01-16 21:53:08,2018-01-22 00:00:00
800e1eb8758f73d800f1a4c6fbad186b,8eae9b7ce7fe19155f390b90d7f1f750,delivered,2018-02-26 16:51:46,2018-02-26 17:11:13,2018-03-02 01:21:27,2018-03-13 20:24:21,2018-03-16 00:00:00
d250f8e317f2d2e56ae505561a800dce,dc6c2fa08420a97bcac582d6cf08742d,delivered,2017-11-06 10:42:55,2017-11-07 07:30:28,2017-11-09 23:12:46,2017-11-16 22:33:11,2017-11-24 00:00:00
e36361f00e1c093432050d4a52860c8f,d9a14369332805c9204ffce41311e330,delivered,2017-10-01 09:09:22,2017-10-01 09:24:37,2017-10-06 21:12:48,2017-10-16 18:46:42,2017-10-27 00:00:00
1eea1a20e6a12130a19a5299597af94a,00b14856ef33f09ac83df50620ce60b1,delivered,2017-09-20 01:01:00,2017-09-20 01:15:08,2017-09-20 18:41:34,2017-09-23 17:47:30,2017-10-02 00:00:00
9af0eca03dbb9e88a22037a282c3b7d4,c1a4fc58c4f59c4607372b85f3b968a9,delivered,2018-01-25 20:34:43,2018-01-25 21:28:12,2018-01-26 22:09:22,2018-01-30 15:08:46,2018-02-21 00:00:00
a4277113bcf10ed364a0182042fc8155,fd18e47a1f202967357c8d65c4b4a2ce,delivered,2018-05-05 16:59:04,2018-05-05 17:10:23,2018-05-10 11:17:00,2018-05-14 18:03:24,2018-05-30 00:00:00
ec83ca33654b7762ca475188a2152211,9b62dcdf7d09676e6155d051c2fa0121,delivered,2018-01-31 18:59:31,2018-01-31 19:11:18,2018-02-01 23:59:36,2018-02-20 17:07:45,2018-02-22 00:00:00
665f584a60984d1eeb1a0ac9c18585c9,21fbc9ed5116c69ccb4ee2c301b9d518,delivered,2018-06-07 13:02:13,2018-06-09 02:57:18,2018-06-09 09:28:00,2018-06-15 19:48:46,2018-07-11 00:00:00
287a3634b689a3b876e3993e081bcc6b,52189b813273fcf0a80a10465a09c7d7,delivered,2017-12-23 12:45:52,2017-12-23 12:54:35,2018-01-15 15:29:11,2018-01-23 16:28:14,2018-01-19 00:00:00
42a356367b6ad82cb9655b48a378579e,9fa4d146ce24e8a1fe04853edbc6953c,delivered,2017-07-10 11:57:51,2017-07-10 12:10:17,2017-07-11 19:07:35,2017-07-26 03:23:33,2017-08-01 00:00:00
90168dcfab7b04546b03342f246250e0,f6c75448c88917ea2a0d3ad1c5b478ae,delivered,2017-07-21 06:05:09,2017-07-21 06:15:08,2017-07-21 17:45:47,2017-07-25 14:43:45,2017-08-03 00:00:00
2e2df9453ec3bb97026c38881ecf83c4,1379a4317cf069d7e8bbb40a7330d02d,delivered,2017-04-28 14:32:30,2017-04-28 14:45:16,2017-05-04 13:49:50,2017-05-15 10:06:11,2017-06-01 00:00:00
382fe4c08d9dc3aec94cd1aeca20b992,625ebee3bb8680d39f443c840f5afdaf,delivered,2017-11-27 22:00:40,2017-11-29 02:16:50,2017-12-05 20:59:06,2017-12-13 19:42:55,2017-12-11 00:00:00
79600d8903faf815002622ab515263c4,b4e75503e84a8d6d68d2ca27d627f085,delivered,2017-10-25 15:45:05,2017-10-25 15:56:44,2017-10-27 21:29:36,2017-10-30 13:37:47,2017-11-07 00:00:00
0f245604c8cd12f87ac80e1e3ca4d306,acaebae4502720164ce62776c44a93cf,delivered,2017-12-14 00:05:15,2017-12-14 00:13:27,2017-12-15 14:57:43,2017-12-19 18:33:10,2018-01-10 00:00:00
c0ed1e5690afee470f14fca47046cffe,8760984f53eafccf312ae7b0feb57400,delivered,2017-05-22 12:45:35,2017-05-22 13:10:30,2017-05-24 10:33:44,2017-05-31 13:29:48,2017-06-16 00:00:00
f5354051d307a0a1205617cd0f0c1211,bab929f63a0e012fc8c24cb0341b93e3,delivered,2018-04-03 13:03:06,2018-04-04 03:15:46,2018-04-04 22:06:43,2018-04-26 21:08:34,2018-04-24 00:00:00
ae0fffa23dda62380795c427a8f734e8,f00ada1f8340fee461d7d4ddd48361e6,delivered,2018-05-17 16:54:50,2018-05-18 00:54:51,2018-05-18 19:00:00,2018-05-22 11:43:32,2018-06-04 00:00:00
15f8a954a337218a8196bae2dc3d801d,425b36d279cf6dbb60f27e5dfc83d68d,delivered,2017-05-31 20:11:18,2017-06-01 20:23:10,2017-06-02 15:49:56,2017-06-03 10:57:51,2017-06-23 00:00:00
76103be5bcccf8ca4360b4ae36af30e8,5872806a5616a6f8c60d50f4f692f7f6,delivered,2017-10-31 13:24:40,2017-11-01 03:26:15,2017-11-01 18:44:34,2017-11-06 14:11:51,2017-11-14 00:00:00
a631b4515c67c5d6bb0555df14875938,34d3f67c077f717c79ed2894dc39fdc4,delivered,2018-07-06 18:49:36,2018-07-06 19:11:12,2018-07-09 12:47:00,2018-07-12 12:21:03,2018-08-03 00:00:00
b719566c82ba52d70bc1312f2cd80fdc,d8463c9f93a5e29bc0b0acf26ef1c16b,delivered,2017-06-05 19:51:07,2017-06-05 20:02:01,2017-06-07 13:41:40,2017-06-13 11:18:18,2017-06-30 00:00:00
567818fc7d9f84b0f5eac47aef90658e,f2a3aa652e2951d22062c8a5e200ec05,delivered,2017-11-25 14:29:06,2017-11-25 14:36:27,2017-11-27 22:44:41,2017-12-26 18:42:20,2017-12-22 00:00:00
94b4af903ad83ece478fc0ae73a4c893,b8f2c8f6b0844b257350dc9aa1e823bd,delivered,2018-01-21 13:53:27,2018-01-22 13:50:36,2018-01-24 23:06:32,2018-03-02 00:48:50,2018-03-13 00:00:00
5414b0e876b7427a7ba97bfe78473b45,6aeae13dbea2ffe2c2633c8c8a62d9a6,delivered,2018-06-12 13:28:00,2018-06-12 14:05:00,2018-06-13 14:32:00,2018-06-20 12:21:24,2018-07-17 00:00:00
1860bb27ce7233f70443a1abacfca7a4,2122031cd11c82d905572a7958c2a117,delivered,2017-10-25 23:24:01,2017-10-27 02:55:17,2017-11-01 19:03:01,2017-11-10 21:25:52,2017-11-17 00:00:00
1445ddbb9a2054e295d0ae5b14b1cade,7bd425c3c361c9e83b81f32dcd2f34eb,delivered,2018-03-18 17:12:55,2018-03-18 17:28:28,2018-03-19 19:56:28,2018-04-21 15:56:43,2018-04-26 00:00:00
8179e1a142b156c4c24a824d0bf0af86,56d120375c35c6fffc447e47de0a8446,delivered,2017-02-02 00:09:40,2017-02-02 00:31:55,2017-02-06 10:05:35,2017-02-08 10:05:10,2017-02-27 00:00:00
2b99bf6a37b3b643b24ca08289526f96,9756f047557b34c039fa402a19c13975,delivered,2017-07-09 19:47:33,2017-07-09 20:03:17,2017-07-10 18:47:55,2017-07-14 13:16:59,2017-07-28 00:00:00
d9009d1d046dfcfcdc8deb608482e570,7e1936a6225e2de4e07205ba49dc7de7,delivered,2017-12-31 19:10:00,2018-01-03 04:35:38,2018-01-05 20:28:43,2018-01-09 13:23:20,2018-01-18 00:00:00
895764a4b54b7193c02aa784fabbcaeb,2a765049d9cac17ae2fe993bf573016a,delivered,2018-02-10 13:23:35,2018-02-16 08:07:08,2018-02-21 12:56:58,2018-02-22 14:28:42,2018-03-01 00:00:00
b5164c0cb0beb5a1936bc30fe510c0f0,e032c499a68a3985c1948ce28160a551,delivered,2017-10-10 20:15:22,2017-10-11 03:26:36,2017-10-17 18:39:06,2017-10-19 00:13:07,2017-10-30 00:00:00
7983542b1539fd0eb5c18d062ee04e34,708944782215b950642ef74c5843bb98,delivered,2017-03-08 10:56:06,2017-03-08 11:10:16,2017-03-10 12:04:54,2017-03-20 12:42:42,2017-04-04 00:00:00
204afbf2adcafc867358369a658ea7aa,876d6b3d97349e7c61c8d30a28a94c03,delivered,2017-02-01 20:22:04,2017-02-01 20:35:13,2017-02-02 11:41:27,2017-03-01 05:46:00,2017-02-24 00:00:00
2cba7b5e0e9007f221ab7acf2ca260e3,65eaeca6715cc2110a236f3881434876,delivered,2018-08-14 12:16:41,2018-08-15 22:44:00,2018-08-22 14:15:00,2018-08-30 14:32:40,2018-09-05 00:00:00
e785d10e3015fc46666c06b2e0f057dd,7fe584f189706f82214db7f22d01ea31,delivered,2017-02-25 18:56:50,2017-02-25 19:05:18,2017-03-03 08:07:52,2017-03-08 05:08:15,2017-03-20 00:00:00
b81b98eba30206623e22468d00e1b5e0,88b11ee803a205f49a15ba7ed9be5577,delivered,2017-12-08 10:05:36,2017-12-08 10:14:03,2017-12-08 17:47:10,2018-01-05 22:36:06,2018-01-09 00:00:00
76c675dc22e413baabf77157c12c5efe,3b0df9e78918d3dfcfd312ce0bccf312,delivered,2018-03-22 09:29:21,2018-03-22 09:49:09,2018-03-26 22:34:34,2018-03-29 19:08:53,2018-04-10 00:00:00
917768e19e9569bfff9fd9d8be93b11f,18aa3c47321254d8492205fc16b4f60b,delivered,2017-12-07 14:19:33,2017-12-08 02:37:28,2017-12-12 17:57:15,2017-12-14 21:52:30,2017-12-26 00:00:00
b5d8e4c3414692eee1f0a38254252823,fe32fbe2587ca3932ffc339e279938b8,delivered,2018-08-18 19:17:25,2018-08-18 19:30:13,2018-08-20 14:52:00,2018-08-23 21:04:42,2018-09-17 00:00:00
1de72b7f86891e58c71aa7d7f1761c6e,623a307787749b0101cfcc891023119f,delivered,2018-04-11 22:50:41,2018-04-13 02:11:02,2018-04-13 17:39:45,2018-04-24 22:39:42,2018-05-07 00:00:00
40b84381ff8cf557a3be3ad7b29421a9,8852f0c816da33fcb67540bb825df1f8,delivered,2017-10-17 16:54:34,2017-10-18 06:34:19,2017-10-18 18:46:33,2017-11-01 18:57:37,2017-10-27 00:00:00
e116eac042ce23ba779ba603da515b4f,3c17793e9482dd4a54bdb683410dce5b,delivered,2018-06-19 18:08:18,2018-06-19 18:39:12,2018-06-22 13:19:00,2018-06-28 19:55:50,2018-07-23 00:00:00
59ca2ef4d5025945db26ac0c64c718c4,70ac0f48b55ef3267582b84999affcf2,delivered,2018-06-27 09:29:16,2018-06-27 11:05:53,2018-06-28 11:40:00,2018-07-03 17:12:54,2018-07-19 00:00:00
57a82f32fdb1ce036662861d8dbb6a6b,58583807f8901eeed0810e81d58428fa,canceled,2017-11-20 21:36:39,2017-11-20 21:47:03,,,2017-12-01 00:00:00
e0bf284ffb712aa8780b96e701b6ff6d,20ce0356347a051b0c6dc9bde6edaec3,delivered,2017-03-23 14:22:04,2017-03-23 14:30:22,2017-03-24 14:34:36,2017-03-30 12:57:34,2017-04-28 00:00:00
ab4fc7cc026a9ea1a616584f9cfe4b9a,963544f76b9088090629e464c5947091,delivered,2017-10-08 20:32:53,2017-10-08 20:45:21,2017-10-10 17:10:20,2017-10-17 14:36:03,2017-11-03 00:00:00
ef024a488b15cc5163a3385a3f94ebe7,419a334020201f43279b54476743c7b0,delivered,2017-10-24 23:22:46,2017-10-24 23:35:26,2017-10-30 21:18:49,2017-11-07 19:41:47,2017-11-17 00:00:00
03c1d25d82f404ea1fdfae8eb0b4c314,18bf077cc226f63f9556ee53ecf916fc,delivered,2018-01-22 10:28:04,2018-01-22 14:16:17,2018-01-26 00:22:27,2018-02-01 21:48:25,2018-02-19 00:00:00
db851b28d3dbaa9b1b467dad083ff8fd,9c23b7d709b58ec30527be9dfe96e023,delivered,2017-10-22 15:15:11,2017-10-22 15:28:14,2017-10-24 12:17:43,2017-10-31 19:35:00,2017-11-16 00:00:00
d5ba80d74b52c335ae36398d6159e6ee,df0f79495c6708eb945df0f91d5eada1,delivered,2017-08-15 23:23:16,2017-08-16 23:55:09,2017-08-17 19:09:43,2017-08-21 18:43:09,2017-09-14 00:00:00
596288a27579ad1fec1d704efe7d9ab7,8e9e28f565a0e470a97fd879909388fe,canceled,2017-08-30 18:48:01,,,,2017-09-12 00:00:00
e9223fe7529db1d11fac85d4140bb536,aca362e0744d36fb0975539a8b8aab37,delivered,2017-10-16 13:40:00,2017-10-16 13:56:22,2017-10-17 14:07:30,2017-10-18 19:56:31,2017-10-26 00:00:00
315098e810ac2e1d1f22bf3db2a143e3,d066bb1d9c73f09ddf40e60deca1b926,delivered,2018-01-22 18:20:32,2018-01-22 18:34:01,2018-01-23 16:47:05,2018-01-29 11:58:55,2018-02-15 00:00:00
2b60eebc028bc36dca9f731556d1581f,3781d7c24d2229264855dfb1f859cf81,delivered,2018-04-03 17:59:49,2018-04-03 18:10:21,2018-04-04 19:36:34,2018-04-12 22:22:46,2018-04-24 00:00:00
3a9e44b449e2ec9986a329724bc824eb,8e46c55f2293dfb57e5e70080db74fe9,delivered,2017-11-25 16:03:03,2017-11-25 16:14:24,2017-11-29 23:06:17,2018-01-17 21:32:47,2018-01-12 00:00:00
a1eca0e86d2739a6adeb18015e4bc249,1b4f637f430b70b284f6c1c098214007,delivered,2017-11-09 20:40:43,2017-11-09 20:56:01,2017-11-14 16:39:17,2017-11-27 22:10:21,2017-12-07 00:00:00
bdbc09409e30b5ab9defc74def1e58d3,a935ffdd253b64c93207ca2419e6f95f,delivered,2017-05-06 20:57:08,2017-05-06 21:10:09,2017-05-09 09:11:28,2017-06-06 08:04:52,2017-06-02 00:00:00
f88829307eec85099ddcd3c06c6f5763,de79877745fff8a64a1007de3241a237,delivered,2017-12-02 10:06:05,2017-12-02 10:18:36,2017-12-14 16:11:40,2017-12-20 23:43:23,2018-01-05 00:00:00
c90fb992daf8f63f00c1f7819f0897ab,2c9a17c67c0122acf9d9ebe026d5c463,delivered,2018-02-19 09:38:41,2018-02-20 07:26:59,2018-02-21 16:13:41,2018-03-06 01:59:02,2018-03-15 00:00:00
944f138622bd3f426cb3c1588035ce87,c925aa23b9b1aefbe9df7f7deaae7715,delivered,2018-05-24 19:50:48,2018-05-24 20:14:54,2018-05-25 14:00:00,2018-06-02 15:12:41,2018-06-18 00:00:00
dbe7275504c44f616bb3af98bcf94819,d134d35910e60d5cbef24fdb02ae1234,delivered,2018-02-22 10:01:04,2018-02-23 02:10:56,2018-02-23 22:38:12,2018-03-16 20:47:20,2018-03-14 00:00:00
dd25c0d770dfe6c63eeb2949b311267d,ba42ca46af3bb6e79e02b0f3d6db6ca5,delivered,2018-05-07 16:19:44,2018-05-07 17:56:22,2018-05-08 15:22:00,2018-05-09 19:25:38,2018-05-18 00:00:00
98b59311f54a330a4abb1037b2a1449e,a68c9c1280d2f3b3ba772e0efe9d1468,delivered,2017-05-03 16:47:54,2017-05-03 17:02:31,2017-05-09 15:58:09,2017-05-20 11:48:05,2017-05-26 00:00:00
55ff9b1565b988a5125bc8f70a9df367,6ec31a741d153ca932c74542977087b0,delivered,2017-10-20 13:10:04,2017-10-20 13:28:06,2017-10-23 18:57:10,2017-10-24 22:04:32,2017-11-07 00:00:00
4f472a900e0778e5612c2320b5c0eefd,5553c68b594f5e4c3ccb4b21be5805e2,delivered,2017-08-16 02:00:10,2017-08-16 02:45:13,2017-08-16 17:36:59,2017-08-18 15:34:01,2017-09-06 00:00:00
8bfa83be33530ae82398716e67a2943f,6452d9268964d65bab708657e21be42a,delivered,2018-04-20 15:41:54,2018-04-24 18:44:54,2018-04-23 18:00:19,2018-05-08 13:08:24,2018-05-21 00:00:00
2fd1c83dd4714cf3cf796fffb6c8de62,7f51c513004ef3f35e834c142f286778,unavailable,2016-10-05 17:21:29,2016-10-06 15:55:40,,,2016-11-29 00:00:00
7283af6d0a493a44ede5ffbdd7b32c23,33b409e1d29ed99902a14c1b1f0313e0,delivered,2017-10-27 14:24:24,2017-10-28 03:07:16,2017-11-09 20:35:27,2017-11-14 22:11:59,2017-11-21 00:00:00
028d62c0fdae574114981f4fb33b5538,c6908fb668454ce4294172398b33d5ec,delivered,2018-02-27 14:19:11,2018-02-27 14:35:34,2018-02-28 19:09:22,2018-03-28 20:26:58,2018-03-27 00:00:00
d899e9de06c12640420a628524e4c092,122ebc312342fd97b92fca93ee20ac06,delivered,2017-03-29 22:02:57,2017-03-31 10:25:22,2017-04-03 14:47:45,2017-04-11 15:32:58,2017-04-25 00:00:00
f9b709a84c50f277996aa9f181738b73,d222eed68fae6795559f128effd81682,delivered,2018-06-20 11:44:11,2018-06-21 11:58:50,2018-06-21 14:41:00,2018-07-14 18:23:44,2018-07-24 00:00:00
31fbde650320b9ce55813e075a78aee2,6bebac2b80effd654b22673ae0b91570,delivered,2018-03-01 15:24:52,2018-03-01 16:31:17,2018-03-02 15:47:31,2018-03-08 20:46:28,2018-03-21 00:00:00
258b933113e8f7411e255b6fbbf16dc2,050a44e2a689099514443c37f6b36c6f,delivered,2017-06-16 20:09:54,2017-06-16 20:22:57,2017-06-20 09:21:15,2017-06-27 16:11:35,2017-07-10 00:00:00
b0562fe8f5e606d4effaea1c3acc8fc9,39c7cefe1084962c1eee5d5697761e5c,delivered,2018-04-03 16:31:37,2018-04-04 03:29:38,2018-04-04 21:49:33,2018-04-06 21:07:29,2018-04-13 00:00:00
3a096d99346df2d6c043165967ff011d,0e8332eff7b8fa0210bf0350bd2fd5d3,delivered,2018-06-12 16:59:53,2018-06-12 18:08:09,2018-06-13 10:16:00,2018-06-20 11:18:37,2018-07-18 00:00:00
b05c947b44026d14b7e7db05402d206a,5fae88aaa1d609913d1af660f27ae198,delivered,2017-11-08 19:30:06,2017-11-08 19:47:12,2017-11-10 21:34:45,2017-11-20 18:08:09,2017-11-29 00:00:00
426d4272fc71353cab0d91dc2658b066,5e4d3c08b1646a6f65b25bc68c619665,delivered,2017-08-06 18:41:27,2017-08-08 04:04:49,2017-08-09 17:29:35,2017-08-15 18:57:54,2017-08-25 00:00:00
86c81a5199aa303d0b44657a790f73bd,6d8c42467d463b248805d8ac8916c056,delivered,2017-11-28 18:13:19,2017-11-28 18:32:32,2017-11-29 15:32:22,2017-12-20 18:39:00,2017-12-19 00:00:00
d09a3206dedbbbf1b638fce8d0a27e85,7258ca5bfac037820d558f55911fef1a,delivered,2017-06-14 09:44:17,2017-06-15 03:10:33,2017-06-16 14:53:02,2017-07-03 07:05:38,2017-07-17 00:00:00
dec5c8b31036f767ced1d8a698be9a8e,6f145b8c9b8d449154c4c4bbf8be56ee,delivered,2018-03-01 17:43:18,2018-03-01 17:55:27,2018-03-07 00:15:01,2018-03-22 22:58:45,2018-05-08 00:00:00
95123e166ec553efe0364686f36d5ac4,cff30f996ccea86c8cfe874709bf7a97,delivered,2018-06-04 19:10:05,2018-06-04 19:30:17,2018-06-11 18:38:00,2018-06-15 13:44:32,2018-07-16 00:00:00
971171cf40bc61462c80044a0b198f61,8bd06115c743d1f722bc020dac2d3f40,delivered,2018-01-07 00:05:17,2018-01-07 00:13:20,2018-01-09 18:29:29,2018-01-29 18:56:39,2018-02-14 00:00:00
d6bfbcba448fc051ce09f23976bee3ab,bdfa49b754767de4e30d32d577b3953b,delivered,2017-11-09 21:26:08,2017-11-09 21:37:36,2017-11-16 18:28:47,2017-11-27 21:13:10,2017-11-29 00:00:00
eb45ce36240dbf895bef98be0d1a85d3,80a46d4f35bf6a44fb4194ff13d945c9,invoiced,2016-10-07 08:49:03,2016-10-08 09:30:22,,,2016-12-09 00:00:00
6d6d16957081d6989c08a9622183623a,bb0b2233b45074b8a5abdc679417bef3,delivered,2018-08-11 15:00:20,2018-08-11 15:10:15,2018-08-14 14:39:00,2018-08-15 13:25:37,2018-08-22 00:00:00
40dabf508156f3a0348eb2a656562b99,97ae9af8fd08e9d6027793548cf1f4e1,delivered,2018-02-21 15:24:49,2018-02-21 15:48:55,2018-02-23 00:04:21,2018-03-05 17:16:17,2018-03-15 00:00:00
5dff03e0fcebcf12872e1996a31c8bde,9bf40844c3ed592321649932a55aca42,delivered,2018-04-05 16:53:55,2018-04-07 02:50:28,2018-04-10 19:50:59,2018-04-13 21:05:34,2018-04-23 00:00:00
243d739824982fcf38760767a16aa453,532cf7f0a0a3e92890a87cbe8bba015f,delivered,2017-11-13 10:59:22,2017-11-15 02:56:14,2017-11-21 19:58:35,2017-11-27 23:33:11,2017-12-12 00:00:00
fe86dfed53c5a20c5ee0647ee04af884,2bdade632102b0fed078333e9d3256db,delivered,2017-09-05 14:59:04,2017-09-05 15:10:21,2017-09-08 19:52:52,2017-09-20 17:38:20,2017-10-02 00:00:00
44f1ed5ad211cfda9d2d52cc6564a36a,bc1ef992b4ac6e9d204ac47234fac097,delivered,2018-05-07 13:52:04,2018-05-07 15:54:49,2018-05-08 06:43:00,2018-05-16 14:17:34,2018-06-04 00:00:00
02a3c3a1c72dbff557b2f56fc0caa847,b4178949fd16cbd3f1f0c8b00e7773be,delivered,2018-08-07 13:01:58,2018-08-08 08:50:17,2018-08-09 13:22:00,2018-08-13 20:12:10,2018-08-20 00:00:00
bca60bd77479909368a9daf09029b75c,88f2b6eee4e03ef7a4278dcd98011a91,delivered,2018-01-06 08:01:19,2018-01-06 08:11:19,2018-01-08 18:50:06,2018-01-16 01:04:37,2018-01-24 00:00:00
70c3ef96b8128e86a710aea11adf6e63,33b34046e628d2c93d9ca4d7385b79d3,delivered,2017-12-20 20:14:27,2017-12-20 20:30:54,2017-12-22 21:36:01,2018-01-07 12:37:25,2018-01-09 00:00:00
278b6dc641ac6cf9abcfb8b2aa95a0d0,28e769bf73caf3dc734588072640486c,delivered,2017-02-01 15:41:43,2017-02-01 15:50:11,2017-02-02 08:50:00,2017-02-13 07:38:37,2017-03-20 00:00:00
73d5294ae18f1a7bf585f09e68bff19b,cc21cae5ab4a55eac15d6a1ba9075281,delivered,2017-08-30 01:01:47,2017-08-31 01:10:11,2017-09-01 21:15:55,2017-09-18 16:22:22,2017-09-25 00:00:00
bab7eb00c955b769472b2d3c20848026,3e3c0b3b23d15050ebec59ec39b3b597,delivered,2017-05-30 11:48:46,2017-05-31 06:50:30,2017-06-01 13:59:31,2017-06-07 14:50:11,2017-06-22 00:00:00
4687c3020abeb53cfbd7f64de9092b18,f86e6da8f5c09887def4a0276fcf0848,delivered,2017-08-19 15:56:19,2017-08-19 16:10:21,2017-08-21 19:53:52,2017-08-24 23:24:56,2017-09-11 00:00:00
6cf750e29805ce3d37382d97dc7eda36,8693e2404457b6e95581fc4dc776280b,delivered,2017-11-06 14:55:43,2017-11-06 19:36:24,2017-11-13 22:27:02,2017-11-29 16:59:49,2017-12-05 00:00:00
bc1f75764ae7021a6d37772dc55a3ebe,8439dffa697f30f666bded158980bdf4,delivered,2018-07-10 10:32:53,2018-07-10 10:45:39,2018-07-11 14:34:00,2018-07-25 12:36:45,2018-08-01 00:00:00
65d549dc989e0c1b68a8ee77cc3e3de9,2e462c1574e64c66142b135b786832f8,delivered,2018-08-15 18:28:58,2018-08-16 18:29:20,2018-08-17 14:53:00,2018-08-22 18:51:51,2018-08-28 00:00:00
0bf0591471117549d48c64d47aa33e60,bdcc20055a51ea3a85d7b9087f0a53ef,delivered,2017-03-21 21:46:48,2017-03-21 21:46:48,2017-03-22 09:38:38,2017-03-25 11:23:24,2017-04-07 00:00:00
29403a103be3d8cb0c34a1cd6a90aaaa,cc6c1cd59d584e5e12cc5c377f42c8b2,delivered,2017-04-12 13:01:41,2017-04-12 13:15:12,2017-04-13 12:16:44,2017-04-20 09:54:20,2017-05-11 00:00:00
a0e71b06151dd529dd0d71f578cd3457,d1852c771f218173ebde6d0fa31af036,unavailable,2017-11-05 20:59:18,2017-11-05 21:15:24,,,2017-11-27 00:00:00
72db4956f094dff247d75dd6735f2400,aba8474309cce50f19ab29cea5ff6b20,delivered,2018-01-26 08:01:35,2018-01-26 08:19:07,2018-01-26 21:36:38,2018-02-01 23:29:37,2018-02-19 00:00:00
97445d49acef660b9217b07d0fc1ce3a,86dc0008c3bf5f3509d99992746a98ee,delivered,2018-07-30 18:56:07,2018-07-30 20:20:24,2018-07-31 16:08:00,2018-08-07 16:36:55,2018-08-27 00:00:00
cd1d0fcb30750e22b9aa142cefdd532c,342e317a94e99f9100ce447a1ea53fb1,delivered,2018-05-13 12:06:03,2018-05-13 12:32:54,2018-05-17 15:06:00,2018-05-23 22:51:44,2018-06-08 00:00:00
f7dca277a6bb273200598f0e36319d94,5c5b874cbcfdabe3f6cd0e3494a0ec34,canceled,2018-03-28 15:49:07,2018-03-29 03:15:23,,,2018-04-20 00:00:00
ed346b70cbe34011ca44ffb08bbb84ca,4a14bc6096777af2242f207d52eba728,delivered,2017-06-23 19:38:29,2017-06-23 19:50:19,2017-06-26 12:37:57,2017-07-06 08:52:39,2017-07-13 00:00:00
64aea51c84f7779855364184e8ce95f1,f5d72595f4873c80a5d8846e2e773b7e,delivered,2018-03-30 15:47:09,2018-03-30 16:27:11,2018-04-07 01:28:43,2018-05-08 18:27:51,2018-04-26 00:00:00
dbec6fd4540dcda2662baf24a0bc8f0f,299339e09ea0ddc0b5ec0db726adae00,delivered,2017-09-27 00:10:07,2017-09-27 00:49:49,2017-10-02 20:34:05,2017-10-03 20:32:45,2017-10-13 00:00:00
f48c7b1f3fb890715e12d1f3217e99b3,e734336dd2c8ca98a1a475e565d83cfc,delivered,2018-04-30 00:53:54,2018-04-30 01:10:46,2018-05-02 15:22:00,2018-05-09 02:22:27,2018-06-04 00:00:00
91fb22794b4915b6dddd8e74705905f6,a2e2d0962cced12845a782c6727a6919,delivered,2018-01-23 14:55:31,2018-01-23 15:12:46,2018-01-29 18:52:02,2018-02-06 22:04:53,2018-03-05 00:00:00
c1307860856bd6bad58e1b21facf55cd,1049fdab788b0c4ecc56ccf1b7931657,delivered,2018-05-15 19:18:11,2018-05-15 19:36:19,2018-05-22 14:35:00,2018-06-12 17:08:57,2018-06-08 00:00:00
c9ebdcaac4bc255b035e5e250a45f7d0,6ca2317a896279a68296681391368d1d,delivered,2017-11-25 19:40:42,2017-11-27 19:39:13,2017-12-07 21:03:35,2017-12-19 15:55:53,2017-12-15 00:00:00
8f72b04d200c6c098df28f20abe1d4ce,fbbdec535f37e396e4495ff3b139ad3e,delivered,2017-12-01 01:42:19,2017-12-02 02:37:07,2017-12-04 21:44:32,2017-12-07 02:34:47,2017-12-26 00:00:00
edbba0310d0feea21acbde68a48a5613,c2a30b1aa2b0f4facc0dc0c32e4b9681,delivered,2018-08-06 18:32:29,2018-08-07 04:35:18,2018-08-10 14:36:00,2018-08-17 19:03:27,2018-08-21 00:00:00
e0ee14b660378f233bb2e93a868cffb6,55c883877ae7ffd119c0661e7413818b,delivered,2018-02-08 13:08:27,2018-02-08 13:29:26,2018-02-08 22:48:42,2018-03-03 16:43:02,2018-03-06 00:00:00
f1e21bf02dd5a9f69c64397ef7bd0433,298c879e4fc0844be75e87e613246470,delivered,2018-03-19 11:20:11,2018-03-19 11:31:39,2018-03-19 21:08:51,2018-03-20 21:48:41,2018-03-29 00:00:00
f9a14504eda279e33148ab16f0b231e8,2aade108824a2318fec68a76c899cea2,delivered,2017-03-04 15:23:16,2017-03-04 15:35:13,2017-03-06 12:16:26,2017-03-14 14:34:11,2017-04-04 00:00:00
1d791267fec7d64556bf4bdbaa5416c2,054e2d5e2e62f26e884cfd2e9bbeeab7,delivered,2017-12-01 16:58:27,2017-12-03 16:53:52,2017-12-06 16:42:12,2017-12-13 23:38:46,2017-12-28 00:00:00
61d54e16685b5da6db2e220e6588c376,21ce8c10c9805097875674f79709391b,delivered,2018-07-18 11:43:20,2018-07-18 11:55:16,2018-07-20 11:12:00,2018-07-25 15:26:28,2018-08-14 00:00:00
c7d3893304861d303bb8f6193525bbf0,7698bef62333112de2621e68de08bccb,delivered,2017-05-16 19:31:55,2017-05-16 19:45:19,2017-05-17 12:16:28,2017-05-23 11:25:27,2017-06-16 00:00:00
bcf65f82b751df0d1a320ae5078b92ab,22731f71ce593500e809e4abdea7f473,delivered,2017-11-04 18:20:58,2017-11-04 18:30:30,2017-11-06 19:47:40,2017-11-10 18:41:49,2017-11-27 00:00:00
7eb9bbd576fca30c40d1ed0f1908cf37,b0f787516b9c308d203ea1c61c81b602,delivered,2018-03-08 15:37:44,2018-03-10 04:31:41,2018-03-20 11:29:50,2018-03-21 21:27:45,2018-04-05 00:00:00
d534afd63735145130e0a58d2a5f302e,818c378ba7cd2f369e62b855795e8392,delivered,2018-03-28 17:55:07,2018-03-28 18:08:53,2018-03-29 21:52:06,2018-05-09 21:52:40,2018-05-14 00:00:00
f3f65564546eca69a8247a280e51a77b,12aeb676925aec00b8045ed2f8e13a3d,delivered,2018-02-02 11:45:07,2018-02-02 12:51:44,2018-02-16 23:55:03,2018-03-23 21:12:23,2018-03-08 00:00:00
4b5376c296cd9a73648c2910d5370cce,5cbac2fa414f629f944df5d2a77531e5,delivered,2017-08-17 18:36:43,2017-08-19 02:15:28,2017-08-22 20:06:16,2017-09-04 11:38:12,2017-09-06 00:00:00
4bd3e6b766bff00e2f3a4ba364f1a0ee,65d6969618e4c080e59ec2e1d4dad62a,delivered,2017-09-20 00:14:44,2017-09-20 00:46:04,2017-09-20 20:43:42,2017-09-23 14:26:07,2017-10-06 00:00:00
599397ef7d2f323138a290a4b33d20e2,3fa8a878ea8f9407cade40539961dac0,delivered,2017-11-24 20:11:08,2017-11-24 23:18:38,2017-12-01 12:42:21,2017-12-13 18:20:01,2017-12-15 00:00:00
29a2291d6d805fb5ed5585585715b98f,45a35262f49c7b1c8e9adc44537713a0,delivered,2017-03-31 10:55:07,2017-03-31 11:05:18,2017-03-31 13:18:40,2017-04-04 22:54:39,2017-04-25 00:00:00
a97966f92eb3e752eb75d29b3dadca1d,cb747ff2bbd153974250e103487644e5,delivered,2018-04-12 11:26:28,2018-04-12 11:51:38,2018-04-13 19:48:48,2018-04-14 18:39:30,2018-05-09 00:00:00
f7ac64d2fcdb2e5b73150c612248c8c6,48969e0a2e81b1be34e650c00415e030,delivered,2018-08-01 15:23:59,2018-08-03 03:30:22,2018-08-03 16:11:00,2018-08-07 15:57:28,2018-08-13 00:00:00
74540e40d4373528143680c4e1a8f2f9,0451da0cface080b24fd41460dba3f3e,delivered,2018-02-20 15:34:47,2018-02-20 15:48:52,2018-02-21 20:34:30,2018-02-28 20:04:08,2018-03-15 00:00:00
84f721afdc3f131a097e0b9627de1d71,32434d191e4705613fb94c15626989e0,delivered,2017-09-05 08:03:15,2017-09-06 03:04:04,2017-09-13 22:07:36,2017-09-19 21:25:59,2017-10-16 00:00:00
af0875390f2817270f7f82048e3bc867,d92dad317923ebe6000da15d6e1aff00,delivered,2018-06-11 19:21:45,2018-06-13 03:55:14,2018-06-14 14:25:00,2018-07-06 15:22:04,2018-07-04 00:00:00
13276f43d98e0303780a16f40116cbb9,9a01c7cc4f52b20701105871df725b76,delivered,2017-12-27 17:50:20,2017-12-29 02:09:32,2018-01-03 23:43:27,2018-01-22 21:11:49,2018-01-29 00:00:00
1987cfc8b059cc8a49d362fc64598db0,c22e071de80a5685d30ffdf9bd5e0a91,delivered,2018-01-05 13:55:20,2018-01-05 14:07:49,2018-01-08 19:07:43,2018-01-23 20:12:33,2018-02-06 00:00:00
9f0e70e8d046d9e0626bbdaf1aff88c4,6ef5c9f7a060756a678e74a07a3bdfd5,canceled,2018-01-24 12:12:58,2018-01-24 15:16:07,2018-01-25 20:53:51,,2018-03-06 00:00:00
5dec793c15adf83097986036f1072cfc,299ef46a16b3d65d750a2c77e25b774e,delivered,2018-05-03 12:40:24,2018-05-03 12:55:17,2018-05-04 12:55:00,2018-05-11 01:33:38,2018-05-22 00:00:00
b59976950624cdf5b8be6b9fddcb2460,8fa1188232c7e51082b4786190ac3e38,delivered,2018-05-30 18:42:21,2018-05-30 18:55:50,2018-06-04 06:50:00,2018-06-07 20:41:43,2018-07-05 00:00:00
1b4afae734d5015ce83f76cef15842a8,fed1995ba59ffb4d7ba82c1cdb39eb31,delivered,2018-05-03 12:03:35,2018-05-03 12:55:01,2018-05-03 19:01:00,2018-05-04 21:32:10,2018-05-11 00:00:00
5be6e9f87bc75b1fc82974ba71ba94f0,defb9c0a86e272b0fb45cb143176fb8a,delivered,2017-06-29 14:15:38,2017-06-29 14:25:18,2017-06-29 14:47:09,2017-07-12 16:23:33,2017-07-27 00:00:00
71081f5935795063b2da072531dcd1ae,d8b3ef6f73de33ae716e94d2478cc080,delivered,2018-02-18 22:08:48,2018-02-18 23:26:51,2018-02-20 11:05:07,2018-03-29 18:57:09,2018-03-22 00:00:00
c84d01937d1c2029a7f3628f55a3711a,4f234cf97bb16221526fd4fee0aafba2,delivered,2018-08-22 16:42:32,2018-08-22 16:55:31,2018-08-23 13:23:00,2018-08-24 19:02:25,2018-08-27 00:00:00
0c6829c9d92a6bb545d7bf1734d094c6,4adddc79dab2cd4d1dadc18dd4c1c14c,delivered,2017-11-23 11:33:08,2017-11-23 11:48:30,2017-11-23 20:13:22,2017-11-25 15:07:03,2017-12-05 00:00:00
2f79cd5d683bb9ec2efa2f436a05bc46,ff1389f501129392df8ac3a7f0ed2b35,delivered,2018-04-06 15:11:45,2018-04-06 15:30:15,2018-04-10 19:34:21,2018-04-23 17:46:29,2018-05-02 00:00:00
64436f4f8512c1b4391df3458e082b94,52ec5e0b9791f0d941ec15a8b2e7f3aa,delivered,2018-01-06 21:45:19,2018-01-09 07:17:40,2018-01-09 14:29:15,2018-01-22 21:08:58,2018-02-16 00:00:00
d2ff49a57446cba2b7cd5b8211d43db4,3c7c0817031460a455bb61fbc80515ee,delivered,2017-12-01 14:16:20,2017-12-01 14:39:00,2017-12-04 21:54:26,2017-12-08 14:52:08,2017-12-21 00:00:00
cb5856e20e27928c1e437683b9c0c9ec,142f6f2cb30ab640a015a226f78dc2c4,delivered,2018-01-27 12:57:09,2018-01-27 13:17:31,2018-02-09 13:03:40,2018-02-14 21:12:38,2018-03-06 00:00:00
b22b324b1e1fbc78c0f7006c3eacc3a4,8dc30f947f34a278c965a36c649a218c,delivered,2018-06-17 20:39:05,2018-06-17 20:58:36,2018-06-20 10:34:00,2018-06-28 21:28:52,2018-07-25 00:00:00
e306885612f169ec1b85ae71834e0e05,59022496d94c6627b7319e9ff4fc3ccb,delivered,2017-12-26 22:40:46,2017-12-27 13:37:22,2018-01-02 19:47:40,2018-01-09 16:10:43,2018-01-24 00:00:00
1e87c390d13bfd98cb5d56ae28b3c86a,9343ad636d5f8c53eccc5229f6b6ffe3,delivered,2018-06-21 16:36:00,2018-06-21 18:20:59,2018-06-26 11:53:00,2018-07-02 22:12:21,2018-07-25 00:00:00
43e38490d21c8c490334f75c5a7c2861,2f368064b4e6646a7784a46b03b4bcbc,delivered,2017-12-31 21:17:54,2017-12-31 21:27:24,2018-01-02 20:17:58,2018-01-05 17:59:20,2018-02-01 00:00:00
e8ede6a466c4c9bb0a9db9a3d87f7a63,b152ac3a2f6a8a54b8ba54e119e80710,delivered,2017-05-21 21:23:15,2017-05-21 21:35:22,2017-05-31 11:12:02,2017-06-08 18:12:17,2017-06-16 00:00:00
ed3f087b848244c46b0f1844ca35bb1b,d3556692bf4ee805f818f57eac54b0bc,delivered,2017-07-06 21:47:49,2017-07-07 02:43:59,2017-07-10 17:56:32,2017-07-21 18:56:42,2017-07-28 00:00:00
3547dafccc4b24ae123707474fafea10,c1aaf606d8bdfadf7d151680718f944b,delivered,2018-04-14 00:53:37,2018-04-14 01:09:24,2018-04-16 19:04:16,2018-04-20 20:19:26,2018-05-09 00:00:00
4bc3b7398353cdab6f94ca83978ed833,30cde80e58789a99caec00d5802c4cee,delivered,2017-07-31 15:10:08,2017-07-31 15:25:16,2017-08-03 23:17:42,2017-08-10 20:45:32,2017-08-22 00:00:00
0b9bb234d95f41600497d59b42087c39,0e708437e125673358d0d0143b692131,delivered,2018-08-13 14:31:00,2018-08-15 03:15:35,2018-08-15 09:57:00,2018-08-29 16:46:46,2018-09-19 00:00:00
f757fc88a9be2d57259be12e45955e7f,afcd4050c3409ceef1d6fb4358e70014,delivered,2017-11-10 15:55:41,2017-11-10 16:15:27,2017-11-14 22:41:22,2017-11-21 19:34:45,2017-12-05 00:00:00
6cd679600ca2abd4f9de83447ba7023c,6c3973958e6e188294b2e77b1fa50ed5,delivered,2018-03-31 16:23:29,2018-03-31 17:09:57,2018-04-04 01:58:23,2018-04-10 19:08:28,2018-04-25 00:00:00
01eb154e5aa06eaf50851577302a04a5,6e3d5df3e5aed86d96bb5d0234f4044e,delivered,2018-03-22 11:42:20,2018-03-22 11:55:35,2018-04-05 14:42:45,2018-04-09 13:08:38,2018-04-12 00:00:00
92332bfe0b5269414ff8497677a10d5f,3c38c986290171c64d66277d6fbb6be4,delivered,2018-03-03 20:44:13,2018-03-03 20:56:07,2018-03-06 00:12:57,2018-04-02 19:21:39,2018-03-29 00:00:00
9396e7b936a7db50860e1114de668210,aa545e89e0b56f447e7e088eaaee61d4,delivered,2017-12-22 12:13:55,2017-12-22 12:33:27,2018-01-03 18:52:32,2018-01-05 22:20:19,2018-01-12 00:00:00
94bccdb5b708ee435e70b46d4d5619e2,504918c93aeee8a262aefd3788fa90d0,delivered,2018-07-28 13:52:06,2018-07-28 14:05:12,2018-07-30 15:24:00,2018-08-07 00:32:13,2018-08-21 00:00:00
44d102270bbbdd2cfb70dfc5fe33c4bb,c04d6db0c1b3225098cd19c077d2089e,delivered,2018-03-20 14:55:41,2018-03-20 15:31:28,2018-03-22 20:17:07,2018-03-27 19:06:56,2018-04-09 00:00:00
471ca99c77519c786c0b63a0933b4b06,435f0eb5e9a9002e1bb367ef5fc8317f,invoiced,2017-06-10 02:09:35,2017-06-11 02:10:17,,,2017-07-05 00:00:00
30d7af26cb5f8577b5c6a0164dc814c5,e924482b6903522795771e672721f5d2,canceled,2018-07-26 12:45:33,2018-07-26 12:55:25,,,2018-08-07 00:00:00
8e7c39692005bd922dd07d56bd036e87,1e238842f13494d776b0a2a0f78b1e4c,delivered,2017-10-22 10:27:01,2017-10-22 10:49:19,2017-10-23 14:22:56,2017-10-27 16:39:20,2017-11-09 00:00:00
ee2f0d39fe889731ccbb005ff2404e34,f0ce08dc3466b665ed94ddf3033d0201,delivered,2018-06-17 16:57:20,2018-06-17 18:11:09,2018-06-18 12:18:00,2018-06-20 01:17:32,2018-06-28 00:00:00
fd7303a4968ffb3832a0bc5fca2d2b6a,91b3ab92e7279abc4955341318de42f2,delivered,2017-05-21 09:23:01,2017-05-21 09:43:07,2017-05-24 15:39:52,2017-05-29 11:59:31,2017-06-09 00:00:00
bd575d6ab64e8452789c304408f514eb,3cd2f012b213ae1cbcbf93630fe59d57,delivered,2017-11-03 12:28:32,2017-11-04 06:55:33,2017-11-09 14:17:08,2017-11-22 19:18:43,2017-11-24 00:00:00
b1f3a8cfd8b6995035f80044f6ffa85b,b085bfa9b1e902519eff7450d26b15e2,delivered,2018-04-28 23:18:59,2018-05-01 05:35:26,2018-05-10 14:04:00,2018-05-30 17:20:42,2018-05-23 00:00:00
29c5a7f7a7e0947fa6d28f355cd28c5f,8b5ac3704c58f8ab8591a68d5427f41e,delivered,2018-05-15 13:53:23,2018-05-15 14:30:39,2018-05-21 16:30:00,2018-06-06 15:04:08,2018-06-05 00:00:00
948d4a2cd33aa0d29d03495de3b86f9f,e14c2ef3e65d7a7e969506ddaeaef140,delivered,2018-07-04 20:23:36,2018-07-05 16:23:34,2018-07-05 14:11:00,2018-07-11 00:21:06,2018-07-24 00:00:00
1fffb8b3f671b92497da76aacd6abc72,ff361c0d307ae1d980189154e73fadc5,delivered,2018-04-26 23:47:49,2018-04-27 00:42:20,2018-04-27 15:04:00,2018-05-23 20:31:54,2018-06-12 00:00:00
8eadc079bd4cf0c38f40bf74468c47c7,05bb7b8653c0cc496b7d2db94a36b116,delivered,2018-04-05 14:26:15,2018-04-05 14:35:28,2018-04-07 01:23:19,2018-04-09 23:58:32,2018-04-23 00:00:00
e7741e6bb1dfbc9d36e13da26d517d4c,4b923bacae1c1ef7a16e931b3972e7f1,delivered,2018-02-08 23:06:53,2018-02-10 14:10:39,2018-02-14 20:26:40,2018-03-12 19:03:21,2018-03-09 00:00:00
f97ac032d629afe0a0680d4f00f10f4a,5a5143c3afc1d6e64c85c19d7e0b202d,delivered,2018-02-21 19:02:02,2018-02-21 19:16:01,2018-02-22 20:03:48,2018-04-03 19:28:39,2018-03-21 00:00:00
2ae74f27a662e60bf2efb26a4b8d81fd,59a862a8388fd8d470ba82f3bbbfe47b,delivered,2018-07-17 07:19:09,2018-07-17 07:35:11,2018-07-17 14:29:00,2018-07-30 19:51:48,2018-08-07 00:00:00
903c880841c9b1af32d6d086b9763133,e3a0c6f366f4c42aa1ec172813c88492,delivered,2017-01-25 00:47:25,2017-01-25 00:55:44,2017-01-25 15:50:43,2017-01-30 11:44:26,2017-02-20 00:00:00
6fccc57f4270cc3628193bd168efc780,84e9789e0b6dc1bfcf333d8e9f92826d,delivered,2017-02-06 14:54:29,2017-02-08 06:50:57,2017-02-08 09:04:43,2017-02-16 11:08:37,2017-03-23 00:00:00
03059ebda0b2ad61612b300fe34ed8e2,82b07eb04567873d275e64c6517407aa,delivered,2018-05-10 21:57:31,2018-05-10 22:17:01,2018-05-11 10:53:00,2018-05-30 18:58:39,2018-06-05 00:00:00
cdde449c1dcdc9aad3adc07b6de6659f,f329a4df695075c1440cd21aa2fe7bbc,delivered,2018-04-23 17:32:00,2018-04-24 18:27:55,2018-04-24 22:16:53,2018-04-26 22:14:46,2018-05-10 00:00:00
b009b4a885293bec82f26aec9664814e,d5565adb773b7b4a1645f5d938623531,delivered,2018-03-08 09:43:22,2018-03-09 02:10:05,2018-03-09 16:06:35,2018-03-16 00:33:03,2018-03-26 00:00:00
a7507007d328f9469ed7384cbfc8f7a9,5b81bcdd0bf1486ded3815d4955b8701,delivered,2017-12-06 13:18:40,2017-12-06 13:32:29,2017-12-07 19:53:23,2018-01-10 17:17:15,2018-01-03 00:00:00
e2add76d15b3e6cd98abe9947f421800,1a6f0cdd863b091f019a3fd3e38e71a7,delivered,2017-07-26 11:19:21,2017-07-28 08:43:40,2017-07-28 18:22:56,2017-08-03 20:44:40,2017-08-15 00:00:00
ff791efde2141f9985711e6b6f102004,289f58d12e1f8bb3557dd0e3ac818397,delivered,2017-11-18 17:47:29,2017-11-18 18:06:26,2017-11-22 20:48:24,2017-12-01 20:03:42,2017-12-07 00:00:00
4093f51e15660b0278941a5b38e694c8,fc87f30e7ef49bae010c715813850bac,delivered,2017-11-11 20:28:27,2017-11-11 20:35:41,2017-11-13 15:22:02,2017-11-20 11:41:26,2017-12-01 00:00:00
f8c4580716ac69092b8428753aab516c,bbe141b2d7930c7e7d084a162b0da9df,delivered,2017-06-24 22:36:34,2017-06-24 22:50:09,2017-06-27 16:04:20,2017-07-06 12:37:03,2017-07-21 00:00:00
2ce652745083fde285af6e431bc9aca6,7c07e516a60da9dd3c723fa02a1bc652,delivered,2017-02-08 18:58:04,2017-02-09 06:55:21,2017-03-08 15:34:09,2017-03-17 14:52:14,2017-03-21 00:00:00
b5a7d68509ebd7effa2445cff7eca791,9d1a96b181bc6f175146b254a2335e29,delivered,2017-10-16 10:45:33,2017-10-17 10:56:12,2017-10-19 18:06:39,2017-10-20 18:24:04,2017-10-26 00:00:00
fe5fdaa8ac452f9ef81b55b329d3b087,57a6d988264f01e13ed9338441859fc6,delivered,2017-11-12 20:31:20,2017-11-14 03:50:35,2017-11-14 17:02:30,2017-11-28 04:05:00,2017-12-13 00:00:00
8d36b9d7a238d9d50b8be72fe69ff6eb,6131b79a5a5915748c153d54102c6b32,delivered,2018-08-13 15:41:25,2018-08-13 15:55:18,2018-08-14 15:54:00,2018-08-17 22:03:41,2018-08-22 00:00:00
28fba8f2991648a76b354b784394b466,5a2f52069527fb95508503e3b05f6c23,delivered,2018-06-29 16:47:39,2018-06-29 16:55:29,2018-07-02 15:15:00,2018-07-06 16:12:33,2018-07-25 00:00:00
21dc00cebbf91043aad476465c49c42f,3a7e4bf43167782e1eb101439f668dad,delivered,2018-05-16 13:02:54,2018-05-16 13:19:30,2018-05-21 12:25:00,2018-06-04 16:08:51,2018-06-01 00:00:00
e7e735358f151cb9a27b67b559cb1402,cc1e2af5ae548340b3d661799813c8a9,delivered,2017-08-26 18:58:59,2017-08-29 05:32:10,2017-08-29 16:48:04,2017-09-04 13:16:58,2017-09-18 00:00:00
f55f2ceef609960024f449621f6f478b,b98e27275012bf2cd7c99e02edcf473f,delivered,2018-05-03 14:24:22,2018-05-03 14:35:28,2018-05-03 14:39:00,2018-05-12 00:49:03,2018-05-30 00:00:00
41cd08c1c7208915ee863f39716f63aa,dec1e10eaf73737ecbfa17a08db8b1d7,delivered,2018-04-04 16:29:56,2018-04-04 16:49:44,2018-04-05 19:02:33,2018-04-06 17:36:57,2018-04-19 00:00:00
002d040018d12a3853c059f7f23ab5b1,d7a77284d0a56f6b1ecb8c344b60d3e4,delivered,2017-11-19 19:16:07,2017-11-21 03:47:23,2017-11-21 23:21:31,2017-11-27 18:54:09,2017-12-08 00:00:00
55aa5052d111a948144ba6bcbc4016ef,236208b57e73c7feb1d9983c80982ad6,delivered,2017-07-11 19:38:14,2017-07-11 19:50:12,2017-07-13 08:36:19,2017-07-17 19:32:56,2017-07-31 00:00:00
c71168b3286e7c26a34e005edb6a63e8,f5dde50166526727f7184b05280ccc2b,delivered,2017-07-16 21:38:43,2017-07-16 21:50:13,2017-07-17 18:57:33,2017-07-24 19:04:02,2017-08-04 00:00:00
8844bd02142a136fea55527567960615,b15ffe105402d713c35c8fc6207f9a88,delivered,2018-04-06 11:34:08,2018-04-10 03:49:46,2018-04-13 01:18:30,2018-04-27 16:09:52,2018-05-18 00:00:00
71b2f4ee75a2ad70a20e594c8638b23d,c87bf6ea843a8e7ea30281c7b19f4ccd,delivered,2018-08-16 08:29:20,2018-08-17 03:35:15,2018-08-17 13:44:00,2018-08-22 15:22:39,2018-09-11 00:00:00
8c22c3283ad37daaacdf8d641f1c9cea,25135fbe738fe3ce62142b08c20a5208,delivered,2017-10-08 20:15:06,2017-10-08 20:28:20,2017-10-11 22:43:03,2017-10-19 18:12:20,2017-11-01 00:00:00
cdaa50d46a294c97f8505c6ac6145e23,7ffa96b0f921e027d6a4ff1589e67f7f,delivered,2017-06-23 10:13:05,2017-06-23 10:25:15,2017-06-26 08:02:58,2017-07-03 12:42:08,2017-07-17 00:00:00
b727ad9e7a5b561a3601faa56d0a1aa0,abed83306c8caa860249461858c86ac9,delivered,2018-06-14 18:13:15,2018-06-14 18:40:20,2018-06-18 12:28:00,2018-06-21 12:21:37,2018-07-04 00:00:00
4d15efdb77cf36c0c997ee21b8af3abf,5a8b59b9ba2a6afba177551609cdecf9,delivered,2018-03-02 17:07:42,2018-03-02 17:29:46,2018-03-21 18:48:46,2018-03-28 19:15:53,2018-04-09 00:00:00
6a29741b0ee05eaaa2b4dd7a40b55890,0b7fc1bb205ec431fb3f60ce4960393f,delivered,2017-12-01 12:16:42,2017-12-01 12:38:28,2017-12-01 20:09:59,2017-12-11 13:02:41,2017-12-29 00:00:00
295bbf539c1fe97db23dffa5e84387ad,5dd333426be0c72b783f2a752f1a911f,delivered,2018-01-29 23:24:50,2018-01-31 13:32:31,2018-02-02 02:57:51,2018-02-15 18:43:49,2018-02-20 00:00:00
16d56a02b43b518cd146d842555b22ba,183c90ac1c0a763b5c69fde1cc691200,delivered,2018-03-19 13:22:16,2018-03-19 13:35:38,2018-03-20 23:28:43,2018-03-22 16:08:48,2018-04-06 00:00:00
ba905c53634f259fa5738c7307a0d092,9d8630f8610246a55ea552bfabc443ae,delivered,2017-12-22 14:18:43,2017-12-23 02:15:38,2017-12-27 18:58:57,2018-01-03 12:27:47,2018-01-18 00:00:00
1b1b3a4e0fe992985df0687e28917050,ab3965ddf332775d0dc7643474dfcbeb,delivered,2017-07-04 14:51:14,2017-07-04 15:05:09,2017-07-07 13:46:58,2017-07-28 16:13:31,2017-07-28 00:00:00
a913ec1db6048950ba773ec6b408eeba,1bed7a0466a17b3a8ecb1fc7f16434a3,delivered,2017-03-27 20:24:52,2017-03-28 03:51:14,2017-03-30 13:13:27,2017-04-11 09:58:50,2017-05-04 00:00:00
6bda68469cce9437d05014ddb8d915fd,e9c1065e7af52438cc76757a979a8932,delivered,2017-11-23 17:53:16,2017-11-23 18:25:02,2017-11-28 20:45:02,2017-12-06 17:09:18,2017-12-15 00:00:00
d29833e31d88e77ae815681619836ae6,be14f9b446135f0def08472c7be6c2c9,delivered,2017-12-04 18:28:06,2017-12-06 02:39:38,2017-12-08 02:43:10,2017-12-21 21:55:51,2017-12-28 00:00:00
57e2143bf55c040c9f0c9b8e41b6a545,8183f63b81a2f6a9c37d7e3f283e9ed0,delivered,2018-06-09 10:46:15,2018-06-09 11:11:01,2018-06-13 08:06:00,2018-06-25 18:51:40,2018-07-20 00:00:00
6c88a4ceb710de8263b4aeb5ffa92afd,32ade00f5a433f04fbb179aca3051ba7,delivered,2018-03-26 14:09:48,2018-03-26 14:29:38,2018-03-27 21:57:38,2018-04-05 19:58:53,2018-04-17 00:00:00
b6c2cb2c2214d74e66ef92c726b5160d,163629f30be0f160d71b8d1a293ae199,delivered,2017-06-27 20:38:10,2017-06-28 02:15:19,2017-06-29 11:37:46,2017-07-04 14:51:43,2017-07-17 00:00:00
eda8ab7b9c9d5e8456d446ad54339c2f,9f7e510614e62267e24c6d880a0b1b20,delivered,2017-06-29 21:22:47,2017-06-29 21:35:11,2017-07-03 13:17:35,2017-07-04 15:16:26,2017-07-12 00:00:00
00a500bc03bc4ec968e574c2553bed4b,3d2f26eab3f79dd1fe9977f615e70c2f,unavailable,2017-11-23 10:53:01,2017-11-25 10:54:38,,,2018-01-08 00:00:00
49ed8238ac156a01d16ef8b89bc7f6be,cd1e89411cd35dac23808a7de0ec316f,delivered,2017-07-10 15:46:17,2017-07-10 15:55:19,2017-07-12 16:04:54,2017-07-20 20:55:54,2017-08-03 00:00:00
d5f1b4c2e52be04dafb9cdacb1b86921,c6a33681ab4438171d303107512a3878,delivered,2018-02-16 12:02:18,2018-02-17 03:35:27,2018-02-19 22:54:44,2018-02-26 17:13:18,2018-03-12 00:00:00
0a4e4a3dd6cacc3db584029b55817aac,5447af43cbd7d4c3a958bbdd1327b6e3,delivered,2017-12-06 09:47:39,2017-12-06 09:56:32,2017-12-13 16:43:06,2017-12-22 09:43:21,2018-01-02 00:00:00
49c17835ea2c85763d6747046c3f5f56,b4e632e75da7f40fb8ba5a8363950307,delivered,2017-08-29 10:36:43,2017-08-31 02:50:16,2017-08-31 21:23:42,2017-09-01 17:33:33,2017-09-11 00:00:00
18eb214910ec2bded53b74594b53a8ec,248a02852ca9e93f364a79a8afedaca1,delivered,2017-12-26 12:25:18,2017-12-26 12:48:57,2018-01-10 14:20:28,2018-01-23 22:19:33,2018-03-07 00:00:00
23b808b68625191fb96d7174795a65f7,2c060dcb93539ed5f001eda914e7d0e3,delivered,2017-11-14 23:00:12,2017-11-14 23:15:22,2017-11-16 22:03:09,2017-11-17 20:56:38,2017-11-28 00:00:00
174a6f88e36eb7f3307cebbc424d032c,5c4987d487bae4f2314177c5dfadad79,delivered,2017-07-11 14:37:46,2017-07-13 03:04:36,2017-07-14 13:32:25,2017-07-17 21:10:07,2017-07-24 00:00:00
24408ff152c5b18af22d2a927b0dc086,5e0200fc0acdce720809c3839da9ed9e,delivered,2017-11-12 23:26:59,2017-11-12 23:46:09,2017-11-14 21:32:25,2017-11-21 18:32:01,2017-12-05 00:00:00
4b13ca1ea8bafa9b670fd52cbf918fb3,8257e68ea0c6c6bd319175e224c307b7,delivered,2018-07-15 01:00:43,2018-07-15 01:15:08,2018-07-16 14:55:00,2018-07-20 16:25:54,2018-08-06 00:00:00
e0ac53e2928faa77ef5a89118e0a60a7,e9e387c9bedb7084eab985416d1f3368,delivered,2018-03-19 08:57:16,2018-03-19 09:09:03,2018-03-20 18:08:29,2018-04-06 01:54:47,2018-04-12 00:00:00
67a41e5f40c8ee15e8d00b64b363dfd0,0273345e320539cc7bf1f6469b2fa34d,delivered,2018-07-09 14:29:40,2018-07-09 14:45:13,2018-07-31 13:00:00,2018-08-06 12:42:56,2018-07-30 00:00:00
4e2a846769fc8af3af8b7826b058fe4f,a3b5428226ad4c042fed1da12cb6e683,delivered,2018-01-03 11:25:41,2018-01-03 11:34:23,2018-01-03 19:59:00,2018-01-11 20:34:05,2018-02-06 00:00:00
bbc7d177c97f61d86a7486d86ed7a8b2,b6f7351952c806b7362da8aea13998b1,delivered,2017-11-16 14:38:47,2017-11-16 14:55:29,2017-11-17 15:53:53,2017-11-22 23:31:46,2017-11-29 00:00:00
378d1ac3d8e22dd46990757398ae8500,001df1ee5c36767aa607001ab1a13a06,delivered,2018-08-05 23:14:45,2018-08-05 23:30:13,2018-08-07 11:21:00,2018-08-10 18:52:44,2018-08-10 00:00:00
e7d3f9457c859cd5b63a25a4c2afb2e0,e65509bad7e534de9c1f202b06901672,delivered,2018-01-18 23:26:10,2018-01-26 17:03:27,2018-01-29 22:19:36,2018-02-14 19:53:18,2018-02-09 00:00:00
843be4a0dcdb9716de7652d53af4acab,10bf225850ad702ff45fb5f9016bd1bd,shipped,2017-07-18 09:57:34,2017-07-18 10:05:27,2017-07-20 20:32:29,,2017-08-10 00:00:00
b03b6e2a421f511cd9f94627ba9910ed,e452990d3c151c3cc679f556393acc95,delivered,2017-10-20 11:05:57,2017-10-20 11:26:44,2017-10-23 17:30:02,2017-10-24 20:25:54,2017-11-13 00:00:00
cdc6ceaabb2f687c33736de20f6c0b98,d7486181fcd6b7aff07675c0b2d5e0da,delivered,2017-07-21 18:06:23,2017-07-21 18:22:56,2017-07-26 11:11:29,2017-08-04 20:12:29,2017-08-18 00:00:00
682bc14ace7856a832cef3a783e4886a,a0778b853584b734d017247ce2e34ffa,delivered,2018-08-22 13:54:18,2018-08-22 14:05:14,2018-08-22 14:38:00,2018-08-30 23:16:19,2018-09-10 00:00:00
acce8dc7c037773682b18bef8769e12e,523ef0301b07b218080390eefc7f50f9,delivered,2018-01-21 11:11:24,2018-01-23 03:37:16,2018-01-26 14:16:22,2018-01-31 13:48:29,2018-02-14 00:00:00
178e15ed751c7d56dfba347c28d50b06,9c0a49da7cf7fede3107389f707c6638,delivered,2018-02-18 13:18:53,2018-02-18 14:27:19,2018-02-19 20:23:49,2018-02-20 21:17:14,2018-03-06 00:00:00
31b398923275e2f66a56071ac111efd5,23991f5d59bfdef18b8fbf2547444ce8,delivered,2018-06-04 18:28:35,2018-06-04 18:50:12,2018-06-05 15:33:00,2018-06-18 19:59:46,2018-07-12 00:00:00
08a19256bfef2a2b1f0fc654723a9c71,8e75040b2365871c96071a3baa129e93,delivered,2018-07-01 22:41:26,2018-07-01 22:50:18,2018-07-03 13:04:00,2018-07-10 15:28:37,2018-08-09 00:00:00
f8df65fffdcd14979dee3b40b9aedff2,159f0b29e2f9c8adf07abd043af59b12,delivered,2018-04-19 20:47:57,2018-04-19 20:55:36,2018-04-20 18:26:45,2018-04-26 17:36:39,2018-05-17 00:00:00
42fbec9b92de96f320334c91f47e8b6a,c19ce4ec557c4b0d86dc3fa47a542502,delivered,2018-01-14 08:09:08,2018-01-14 08:17:23,2018-01-17 20:18:06,2018-01-22 18:39:49,2018-02-06 00:00:00
d8bf77c1506e2e7d360d527098156a30,10d802326ca8ea206bbdd8d8ff17c81b,delivered,2017-06-09 15:04:57,2017-06-09 15:22:08,2017-06-12 15:48:30,2017-06-16 15:29:29,2017-07-11 00:00:00
82721df8ff0f0ce187f64c59238e585b,9923fd1dde6b0f2423bc9fb3e1573687,delivered,2017-04-17 12:15:30,2017-04-17 13:05:19,2017-04-18 14:51:33,2017-05-03 08:55:52,2017-05-22 00:00:00
448e3433c1fdb3dc2678294be291a7ec,5f3f626700a3d4f153ae552760785e79,delivered,2018-06-29 09:30:46,2018-06-29 09:49:42,2018-06-29 14:58:00,2018-07-05 19:17:48,2018-07-25 00:00:00
cdfb4e1a6dae522cc12d2ac417205cde,01627a580ab45fa2f81561f3a7bb1d93,delivered,2018-04-29 14:57:06,2018-04-29 15:10:40,2018-04-30 13:43:00,2018-05-10 13:24:46,2018-05-28 00:00:00
0079bca8e89bd52fdb87408e4f3fb94d,137f50d5bfbcfb9578c50605cc9adb16,delivered,2018-05-03 18:55:20,2018-05-05 03:33:43,2018-05-07 11:10:00,2018-05-08 20:58:26,2018-05-18 00:00:00
c344fe0fa6569ff29fb0c6b832ef199c,f925fbf5f278221b92bd025dbc75bd40,delivered,2017-11-27 11:00:42,2017-11-29 11:00:31,2017-11-30 20:08:34,2017-12-15 18:39:01,2017-12-15 00:00:00
6490b668b6a0a9e14980564181095055,0d095616c201562b0eefaa56b107e1d3,delivered,2017-08-28 10:39:00,2017-08-29 04:44:51,2017-08-30 21:02:57,2017-09-08 19:52:20,2017-09-19 00:00:00
cd274d860b561e0f2270dfb45ef0f066,72aa5f0d097694365f0144c644db7d04,delivered,2018-05-25 20:43:41,2018-05-25 20:57:54,2018-05-29 07:34:00,2018-06-06 14:24:53,2018-06-28 00:00:00
cd331b21d76d7ea924a7bac8d8fd2f54,52068138897a9b301d7b1844e64912c3,delivered,2017-07-10 11:00:01,2017-07-10 11:15:14,2017-07-10 18:04:24,2017-07-12 11:32:32,2017-07-24 00:00:00
61f38a1759e511f01330f4e69cfbad42,bf8afe52e827df13a70b6f532d1c9ca4,delivered,2018-03-05 14:57:51,2018-03-05 15:10:30,2018-03-10 01:21:57,2018-03-28 01:27:45,2018-03-22 00:00:00
1c289ec3ff9bc97bb8042c71b244cd40,a2e93fff90db5e8dac6fec7c6629ff41,delivered,2017-08-28 14:40:23,2017-08-29 04:26:03,2017-09-01 19:11:57,2017-09-13 20:32:05,2017-10-02 00:00:00
aa92db44dee25eaf72133833ce253f92,8aa2bf57305447ace1ca0679861ce644,delivered,2018-01-20 14:30:32,2018-01-22 13:50:52,2018-01-24 17:48:43,2018-02-02 21:23:11,2018-02-21 00:00:00
8a73d5c259820a920b0a1bdd8dbaa6af,d9cc456ec33e4fd2894879a6c285c37e,delivered,2018-03-09 11:12:29,2018-03-09 11:29:48,2018-03-09 20:34:41,2018-04-10 11:31:54,2018-04-02 00:00:00
a011a4e5841d3aa378c2cee15499dccb,9385bae8bdcb4a5916f0e2eabe1475b3,delivered,2017-02-19 16:46:45,2017-02-19 17:20:09,2017-02-20 14:32:33,2017-02-23 14:41:54,2017-03-17 00:00:00
e8bffd810656b2ec376f2e724ed5d0d7,35722c9192c86e5a3f6416d8a2e5f036,delivered,2018-06-16 18:29:24,2018-06-16 18:57:31,2018-06-18 12:19:00,2018-06-26 14:16:34,2018-07-16 00:00:00
43101ee6b066954af2c1074445d240ec,b3eadd54a158b3e179e37ffcd09a97a4,delivered,2017-08-14 10:27:07,2017-08-15 10:56:08,2017-08-15 19:48:34,2017-08-22 19:44:57,2017-09-19 00:00:00
8ab912e617d7f994f6483cba8dfe66f5,626ed1dc1749a70eaa178b25c6d2b1f4,delivered,2017-11-10 18:22:23,2017-11-11 16:10:44,2017-11-14 16:09:45,2017-11-27 21:19:17,2017-12-05 00:00:00
3d4c0e002a7776c781b81c8a08193522,2132ba99628c9fe848aaa7c1264501e7,delivered,2018-07-09 16:49:20,2018-07-09 17:05:16,2018-07-10 12:48:00,2018-07-23 23:05:02,2018-08-03 00:00:00
e587da74353d520a30d8a30587229f22,20e75fcaff9e015835e787e7884d6bf4,delivered,2018-05-09 12:44:36,2018-05-09 12:55:57,2018-05-15 14:30:00,2018-05-18 21:11:57,2018-06-12 00:00:00
cf3bd7d805afecc817b4c3abadafced6,9a93ed7b2224760d24130290941c2556,delivered,2017-12-18 23:17:41,2017-12-19 01:31:26,2017-12-21 00:13:20,2017-12-23 13:55:54,2018-01-08 00:00:00
215d7142fdd00fa1b74d431776134c61,128fbd1489dd7982ba427dd3dc3f554f,delivered,2018-02-16 17:17:41,2018-02-16 17:25:31,2018-02-19 18:47:13,2018-03-01 22:49:08,2018-03-13 00:00:00
0927272c1caea73a32570e9de18c2bb7,c0186800fe9bb6579c73f2b2345cce4c,delivered,2018-05-28 13:31:20,2018-05-28 13:54:44,2018-06-05 12:35:00,2018-06-15 20:17:54,2018-06-20 00:00:00
19018a1b097164d2fadb3018902f3221,ca6daade283e024f6638daaef1dcb5fe,delivered,2018-07-24 14:11:22,2018-07-25 10:04:42,2018-07-25 13:04:00,2018-08-02 00:28:48,2018-08-15 00:00:00
97c404dfeae6c85bdf1e01bee13dddf6,121d975fd057bd1856669b183a42aec3,delivered,2018-06-20 15:25:44,2018-06-21 15:39:14,2018-06-26 14:06:00,2018-07-03 11:44:37,2018-07-20 00:00:00
9b868eea4222da7b3b56036ba3412cdc,c36a266acdb217c575a4ece200f88952,delivered,2018-04-16 14:08:56,2018-04-16 14:51:15,2018-04-23 19:03:58,2018-04-28 11:48:49,2018-05-17 00:00:00
ca850c73161fc3278d669cbd78b42035,46b22434607ae60187275007c9c806e6,delivered,2017-12-20 07:59:25,2017-12-20 08:10:08,2017-12-21 02:12:59,2017-12-30 16:58:37,2018-01-22 00:00:00
0f26ca22e6ca8daaeba3f8b5c03f2769,1b1998bf9c67f12faa484f9254f45288,delivered,2018-02-15 12:15:34,2018-02-15 12:47:25,2018-02-16 20:57:15,2018-03-08 00:23:26,2018-03-16 00:00:00
ed9122a05b31e08dfee728dbdc8a2e42,5dff24d9f9695d450bedd739eae31bb4,delivered,2017-04-14 16:44:22,2017-04-14 17:02:16,2017-04-17 15:44:03,2017-04-20 14:51:56,2017-05-08 00:00:00
a39390147d69c333ddd022bdd14614e1,cb130341d9f37ef10b77e69cec8a1f0a,delivered,2017-07-22 07:12:13,2017-07-25 03:35:25,2017-07-26 12:33:31,2017-08-03 18:17:48,2017-08-15 00:00:00
ffaabba06c9d293a3c614e0515ddbabc,27f334c3f646310457b7ab3135cd87c9,delivered,2017-11-23 14:43:38,2017-11-25 03:51:54,2017-11-28 22:08:24,2017-12-19 16:19:01,2017-12-21 00:00:00
afee33d890fd033519fe6309de74c611,fb87d8e165da802c640c324b05d7d8f3,delivered,2018-07-25 18:06:30,2018-07-25 18:24:14,2018-07-26 19:55:00,2018-07-27 17:32:32,2018-08-02 00:00:00
a96ff70398f289756fde50d1e0ed62bb,dc209078aac879d81cb29627ce96863d,delivered,2018-07-19 13:23:42,2018-07-19 13:42:57,2018-07-24 08:30:00,2018-07-31 03:46:57,2018-08-31 00:00:00
37197f05f26b5e5d97737023edcc9216,fac9fb409cebab1add7cc9f5ece2beb3,delivered,2017-12-16 15:45:02,2017-12-16 15:55:20,2017-12-19 19:15:52,2017-12-22 19:24:13,2018-01-05 00:00:00
db7f983ea878a7a976b84460bfb45ff7,05509f014a28f5b61343cbbd74b2a486,delivered,2018-01-17 10:40:26,2018-01-17 10:51:24,2018-01-17 20:09:10,2018-01-30 17:37:34,2018-02-21 00:00:00
e347669c9f1e06e47e56b30477d2eb1d,e0087603db4731f4cff40779af5576b2,delivered,2017-10-03 09:29:51,2017-10-03 09:49:26,2017-10-04 16:57:55,2017-10-16 20:13:05,2017-10-31 00:00:00
4af998cedd7a730d91aadf2ff5416a71,3a13bb744feb2f88f27a735cd0adb3c3,delivered,2018-01-20 23:36:07,2018-01-21 00:02:35,2018-01-24 22:38:45,2018-02-04 19:06:50,2018-02-16 00:00:00
6286969c45053d1fd12f25d712734b67,e3daf28a8580a00c3fb420f53aa7fb3b,delivered,2018-01-16 21:53:11,2018-01-16 22:11:10,2018-01-18 19:08:49,2018-01-30 13:08:30,2018-02-14 00:00:00
09777f429af8cc60d951cad68db15b6f,99c0630472d3966ff63c3eda902c1740,delivered,2018-04-08 08:17:22,2018-04-08 08:50:34,2018-04-09 18:42:29,2018-04-16 19:21:51,2018-05-07 00:00:00
a9d27991266888a1296ce1d63f767380,30facb8b391f9c46c757042b358b310a,delivered,2017-02-27 21:44:14,2017-02-27 21:55:15,2017-03-02 13:12:56,2017-03-10 14:17:37,2017-03-20 00:00:00
e76d6d6fbbef90b49c986259f44d2c20,a8cfc4868a3293b3f56a9da031a35e64,delivered,2017-01-31 12:54:44,2017-01-31 13:05:24,2017-01-31 15:30:24,2017-02-13 14:55:09,2017-03-15 00:00:00
174c83fcd9eb7abaaba69d49ea92ba96,dfe3aca628a60d3258e5cbf50dea699e,processing,2017-09-20 16:36:47,2017-09-21 02:55:37,,,2017-10-16 00:00:00
a23d281315a434afd0b7bf492ce6a579,ed41fe754f77becd2c70896dcc967aa0,delivered,2018-01-24 12:34:44,2018-01-24 15:18:24,2018-01-29 09:53:09,2018-03-07 22:45:09,2018-02-20 00:00:00
cddedff311702945e9c62236026dc3dc,4dc4eaabbe6f83dcfce7ee1b31af8c43,delivered,2017-04-04 19:19:11,2017-04-04 19:30:17,2017-04-05 13:34:52,2017-04-07 11:19:42,2017-04-26 00:00:00
b3ac86bf741341789a0603dc5f8b0ecd,a6704229ee78d78d49f01d64cc546bbe,delivered,2018-06-26 13:02:55,2018-06-26 13:16:25,2018-06-28 15:28:00,2018-07-06 17:43:36,2018-07-26 00:00:00
7bf7859f5438406cc20d6f6485cd8b4c,ef663a650737cf78d60a58e37173bad1,delivered,2017-12-07 11:01:19,2017-12-07 11:10:22,2017-12-08 17:39:45,2017-12-26 23:38:58,2018-01-03 00:00:00
c4719d30d03c72f392f08ca851924d93,f0fc9cc83d6c7baafa96cc9d3e06297b,delivered,2017-11-28 14:26:10,2017-11-28 15:06:39,2017-11-30 19:27:09,2017-12-02 00:32:31,2017-12-12 00:00:00
18c528b07b50f67122420d4b645dc84c,eb1df600a5bb309af1609d1fdad074ef,unavailable,2017-10-25 13:37:41,2017-10-26 02:56:53,,,2017-11-10 00:00:00
99d4cf1fbaf4104549feed3c138f63f7,a0ba455ec2854970e286ce33e4823416,delivered,2018-01-25 22:32:50,2018-01-25 22:56:57,2018-01-29 17:27:06,2018-02-08 23:51:53,2018-02-23 00:00:00
a452fba32eab28a4a62af18eed010c0b,5b316feca7e939c2199a4ee7223e2f51,delivered,2017-04-04 23:21:02,2017-04-04 23:30:19,2017-04-05 18:40:12,2017-09-19 13:47:09,2017-05-04 00:00:00
1e1f2f647008bb63f8fb6cfe18d64467,fb07a605560bc106800598d5f35f408f,delivered,2017-12-21 17:03:45,2017-12-22 02:51:16,2017-12-22 19:42:34,2018-01-04 17:33:48,2018-01-24 00:00:00
84d965c9482e83de042bcb2ed7330012,60fe1393f116cdef02aa0dddaef478c1,delivered,2017-09-25 06:38:35,2017-09-26 06:33:44,2017-09-26 12:49:39,2017-10-03 20:23:40,2017-10-24 00:00:00
cf68118a73d946c12f379bfcaa85e9f0,abe66a9f3f9742536d9a55cc91e7713c,delivered,2018-07-23 15:06:22,2018-07-23 16:04:55,2018-07-24 14:53:00,2018-07-26 01:51:50,2018-07-31 00:00:00
f27ae17adead1c0c2c6bff69eeb86231,104cbc90f897e27349a2b2e9c480980b,delivered,2018-03-06 09:12:56,2018-03-07 03:08:32,2018-03-12 14:34:23,2018-03-16 17:48:54,2018-03-16 00:00:00
2f655d9169f2159a439e96af86d28c12,2054e51b51d3fb89f5a3cc798fa4b2d7,delivered,2017-07-10 18:52:21,2017-07-10 19:05:13,2017-07-11 13:39:42,2017-07-18 19:39:38,2017-08-08 00:00:00
81d9549a0a8197c72b338f870174f397,3799b47e65ccc4c1e46c70278f711345,delivered,2018-02-22 20:02:39,2018-02-23 14:40:29,2018-02-27 02:34:05,2018-03-21 20:19:00,2018-03-19 00:00:00
364d9b97d95d0b5128f8c03467a03f04,efe8a9fc12246a46b2b6ee7344b9d03b,delivered,2018-05-10 16:31:34,2018-05-10 16:58:45,2018-05-14 12:02:00,2018-05-17 19:05:34,2018-05-28 00:00:00
5529158408e1c0b045ebb99b4d2fc5ab,b3a5d378512cc5c171a202a03122dd26,delivered,2018-01-09 19:33:25,2018-01-10 10:32:21,2018-01-19 19:52:14,2018-01-30 12:44:47,2018-02-06 00:00:00
0fcb1e2570afc2d20d3e369a90a39f94,42e6246ef081bd717d7bcb5ef7591a67,delivered,2017-08-29 10:18:09,2017-08-31 02:35:12,2017-09-01 21:02:37,2017-09-11 19:17:33,2017-09-19 00:00:00
fbd5e05472d96478065c44184440fe42,4e34fbf90d1ee5a1c45a85287186b7bc,delivered,2018-05-08 17:09:47,2018-05-08 17:35:05,2018-05-09 11:18:00,2018-05-16 12:36:55,2018-05-29 00:00:00
0382a97e1263d0013315090a6f4714f4,b81dbbd9b626394ff08e4ef7d8b19555,delivered,2018-05-09 09:42:35,2018-05-09 09:55:12,2018-05-10 08:53:00,2018-05-15 12:24:41,2018-05-30 00:00:00
cd68632e7dc6d980f29dc6826a936d03,0a9b104fa661da38bed249cddffb4ce3,delivered,2017-10-18 20:07:25,2017-10-18 20:26:20,2017-10-20 17:54:02,2017-10-27 15:19:09,2017-10-30 00:00:00
4f9b0bffe6ac71baea3848199b860f19,7a06b74ea00884ea9b93c22109473199,delivered,2018-02-07 23:55:04,2018-02-09 02:55:44,2018-02-10 17:05:51,2018-02-22 21:38:54,2018-03-14 00:00:00
ac046246a304e47bb50a9c923430aa55,6c8f5fc2f614c15dd249aa01a28958b0,delivered,2018-08-07 22:40:08,2018-08-07 22:50:21,2018-08-10 12:49:00,2018-08-16 19:26:57,2018-08-29 00:00:00
7af96e4998e17a87ca43a79b93e112c9,1c00c415c262d2dc99886b3b272bbd4f,delivered,2017-04-07 19:18:25,2017-04-07 19:30:14,2017-04-10 11:19:32,2017-04-20 12:45:43,2017-05-15 00:00:00
70a1e101876b8237f37d9f386090801e,4ce1ca1eff53aaba56568f8dd4465f56,delivered,2017-08-12 15:33:39,2017-08-15 03:43:59,2017-08-15 15:17:31,2017-08-23 18:54:58,2017-09-05 00:00:00
f300600f6249f0d8040644e6a39d134d,355a3acbbb6e562f2221b26de02308de,delivered,2018-06-25 17:58:26,2018-06-25 18:14:40,2018-06-26 13:28:00,2018-07-03 01:48:46,2018-07-24 00:00:00
0f63563be96b463e62d59a8d51ef5d3d,4e781ddd3194d45d2eb1b9b479a46cff,delivered,2018-07-17 11:15:03,2018-07-17 11:25:08,2018-07-18 15:10:00,2018-07-23 22:54:49,2018-08-08 00:00:00
f236819e9a9a500d22e10f03b877affe,cd5cae2f79217a00697a334d9c26ffd2,delivered,2018-04-28 12:23:08,2018-04-29 12:15:14,2018-05-02 12:26:00,2018-05-15 18:18:36,2018-05-28 00:00:00
e1000df659259b29cb73a4798ccd7454,feb21f4291037a45288a6266d66a0096,delivered,2017-01-18 23:02:45,2017-01-18 23:10:20,2017-01-19 15:02:12,2017-02-09 12:33:46,2017-02-28 00:00:00
3a0fca622908ee6ccd5f9f2ff9e41d91,7022ca80e9e04a1471c83127cbb653a1,delivered,2017-11-27 01:09:46,2017-11-27 01:19:22,2017-11-27 19:21:55,2017-11-30 03:33:31,2017-12-11 00:00:00
df8b7f153141f7be72d422ecae000dac,9c28140f25d740d75f46e9097da4970c,delivered,2018-04-28 16:11:52,2018-04-28 17:33:32,2018-05-03 14:00:00,2018-05-14 23:38:35,2018-05-28 00:00:00
d24be64fd6aadd3a06ae6afcf8785cc2,af172a1f0e9f76b6ae7b00ae07d1d035,delivered,2018-06-26 13:56:10,2018-06-26 14:17:16,2018-06-27 11:30:00,2018-07-06 16:17:22,2018-07-23 00:00:00
6ff7f56a09daeaed69f90107b12f32ab,545437b420c5314158794b5e5775cf57,delivered,2018-04-09 16:20:11,2018-04-09 16:50:13,2018-04-10 20:08:40,2018-04-16 18:21:58,2018-05-02 00:00:00
9cd5f349a759d059719d6f62cb3f84ac,eb67fcd5ae441f4db7c2e8046d632d34,delivered,2018-02-12 00:37:17,2018-02-12 00:50:35,2018-02-16 20:22:18,2018-02-22 17:18:53,2018-03-06 00:00:00
0493cfcda1fbe4c59f584aeffa96c098,dca277531e8f668e6053e87b931f3b93,delivered,2017-03-03 14:22:17,2017-03-03 14:35:08,2017-03-06 11:08:16,2017-03-08 13:41:52,2017-03-27 00:00:00
6ab6cbb9cdca38f755b319eac5846cca,736bd801b86c04f6b4444612b85aa752,delivered,2017-08-05 17:06:17,2017-08-06 17:10:18,2017-08-15 16:56:38,2017-08-16 20:32:33,2017-08-24 00:00:00
823f12d0e5ac14425963e6c920a6790b,e27552faadc9dcd4149c182e7b3e03d8,delivered,2017-05-12 22:39:27,2017-05-13 22:45:14,2017-05-23 15:28:00,2017-06-05 15:09:55,2017-06-16 00:00:00
4d91816c61cb9557eb207bcbf0929f44,9ddcd7504deb234b14f0d44bb47de04f,delivered,2017-06-10 12:53:02,2017-06-10 13:10:12,2017-06-14 15:34:08,2017-06-19 20:03:40,2017-07-05 00:00:00
e166acfe96bd9d1f25a6c905d7ca39fd,0504a5d74832ef83b263972cc39d7377,canceled,2017-08-12 14:01:23,2017-08-12 14:15:18,,,2017-09-05 00:00:00
d774b8d135addfe83ea0616b71a2f32a,02adbe89ad145c99f20d1f715635c7bc,delivered,2017-11-08 21:11:45,2017-11-08 21:26:59,2017-11-09 22:23:58,2017-11-21 20:14:10,2017-11-28 00:00:00
23e7258eff14f598753311325d867bbb,028c9129dd37494e17a3bf2adb34746d,delivered,2017-10-31 22:02:33,2017-10-31 22:15:08,2017-11-01 17:35:35,2017-11-06 20:21:31,2017-11-10 00:00:00
326a77a98aee180ac470bed8a09b406e,ee7260542fb88da65ec17ed913f499f6,delivered,2017-03-06 16:43:15,2017-03-06 16:55:14,2017-03-07 14:08:01,2017-03-17 06:14:01,2017-03-23 00:00:00
d555e208900fa538476880123fe0bf31,86b212924fe60bc925c0a8f0b0b14d87,delivered,2018-02-23 22:11:15,2018-02-23 22:27:36,2018-02-27 19:22:30,2018-04-03 16:16:34,2018-03-16 00:00:00
bb5247b3ad417db4b026c3d57e458a46,d71491ab8f43d315aa8efa10a1dde339,delivered,2018-08-13 10:48:58,2018-08-13 11:04:25,2018-08-13 13:07:00,2018-08-22 19:28:55,2018-09-13 00:00:00
4344a4b2bf0aef578e958bc3111b7c63,8a9e3fa1b04cb91e2a8565cc5927c4a7,delivered,2018-03-22 09:31:18,2018-03-22 09:49:09,2018-03-22 23:26:36,2018-03-31 11:56:33,2018-04-10 00:00:00
8716d097800b4155b24097b15ff45fe3,f8a55986bb0726b065364dd2ff6b84f9,delivered,2018-06-09 20:40:09,2018-06-09 21:00:07,2018-06-21 08:25:00,2018-06-30 16:12:41,2018-07-16 00:00:00
513ce9adddd9478074b801c06baa35d7,d9411be276b93a17b62919ef279125dc,delivered,2018-01-27 16:39:17,2018-01-27 16:53:11,2018-01-30 23:38:39,2018-02-26 10:32:43,2018-02-26 00:00:00
c8ea1ac95f4f994f94fb57e99dcca985,54cca8020b69fbb204ac117154b079b7,delivered,2017-01-14 01:16:14,2017-01-14 01:30:17,2017-01-20 15:20:37,2017-01-27 09:22:38,2017-02-14 00:00:00
7f09825a97c672aaad3bd6d4f7e5ebf4,bcc5a972d84f2adad7ddb44d42ca33b7,delivered,2018-03-10 22:42:17,2018-03-11 22:35:29,2018-03-14 18:32:05,2018-03-16 19:36:44,2018-03-22 00:00:00
de2ffdb58d14dd76c8863458e5be6b72,47c87e5d66159cc2b5907f9892b4144d,delivered,2018-03-08 21:34:01,2018-03-09 01:03:08,2018-03-21 22:16:37,2018-03-27 21:55:02,2018-04-04 00:00:00
56aa3b6b2c30314ee80914fea9543573,70972230081174ffa0f073a7fa56d95e,delivered,2018-08-08 19:46:37,2018-08-08 20:04:53,2018-08-09 15:15:00,2018-08-10 20:48:30,2018-08-17 00:00:00
10ed5499d1623638ee810eff1deccded,2bf569d940353f09136cab77b1e0e5a2,delivered,2017-03-21 13:38:25,2017-03-21 13:38:25,2017-04-04 16:30:16,2017-04-18 13:52:43,2017-05-18 00:00:00
c141123e3bc9866f39f5dd9a3b3bdefd,25941254085022c9513a7b83203bc2ab,delivered,2017-02-04 18:25:27,2017-02-04 19:04:40,2017-02-06 09:06:39,2017-02-16 19:15:41,2017-03-13 00:00:00
e9e55b29d529e773405084277bdf7659,0bb834758b9161844659f3d641da02af,delivered,2017-08-12 11:21:24,2017-08-14 13:55:16,2017-08-15 19:52:02,2017-08-23 18:24:14,2017-09-20 00:00:00
ddb580e0827e6b997875e7b5612b8093,dae88014152d7b4f68f7faf14e63b8f1,unavailable,2017-07-17 21:00:11,2017-07-17 21:15:14,,,2017-08-04 00:00:00
fa9b87fd80f047ab5016c45aa05fd748,b27c551e43c1966e610d4f4563490c75,delivered,2018-06-23 21:07:21,2018-06-23 21:37:04,2018-06-25 10:51:00,2018-06-29 22:19:02,2018-07-19 00:00:00
e7bedec1d62ead92670286e03350ee2c,c3b225d6f5e918b9fe48254413e27ba8,delivered,2018-04-30 11:04:32,2018-05-02 09:14:50,2018-05-02 14:26:00,2018-05-15 16:54:59,2018-06-18 00:00:00
f7fcd725cd824aa64ca719bb28ba81aa,1f059b871125fea14ec05a2310a238e1,delivered,2018-01-14 17:51:55,2018-01-16 04:31:01,2018-01-16 23:29:07,2018-01-19 21:26:53,2018-02-05 00:00:00
c401e0f907a3a0912a86473918b3aaa0,d5b3a9ad345f7f2d9580fbda193f1f92,delivered,2017-11-28 12:58:32,2017-11-29 02:16:49,2017-11-29 18:37:08,2017-12-11 20:33:02,2017-12-26 00:00:00
c21a68b298ad2f57646d554dcb49fed8,ea3985a57e4a42204cfb13b4ee2ed742,delivered,2018-02-22 12:05:03,2018-02-22 12:29:27,2018-02-27 12:56:37,2018-03-23 11:39:20,2018-03-16 00:00:00
e357bd17c927530e59b1740987b906d9,2d8ac47c29ec811ab30529fb46ec4e03,delivered,2018-05-06 21:30:39,2018-05-08 19:35:04,2018-05-09 17:12:00,2018-05-10 11:02:59,2018-05-17 00:00:00
35d68a1aa52f9ac1fa9aaaef9fadf355,b384da580de5e67a8bc4f8f585fdebf6,delivered,2018-01-25 09:46:25,2018-01-25 09:54:28,2018-01-25 23:52:18,2018-01-31 21:03:59,2018-03-01 00:00:00
0e33e4ed66579e92794c46a5232e51dd,54b25e37167d27e20dfd4dddfbf49faf,delivered,2017-07-28 09:06:33,2017-07-29 02:30:47,2017-07-31 19:05:53,2017-08-07 20:58:31,2017-08-21 00:00:00
ecf330e2463767d0a37a17786360899b,f98b1cd40f447698ca15964728343a7c,delivered,2017-08-04 19:47:07,2017-08-04 20:03:31,2017-08-07 20:47:38,2017-08-11 21:52:57,2017-08-28 00:00:00
338a7a740ce2d76ea9baa4f7ca2e81fe,1df9eaf9dd553c1fc6a84a7b84cd7176,delivered,2017-08-11 17:02:58,2017-08-15 03:50:25,2017-08-15 21:27:26,2017-08-23 19:50:04,2017-09-06 00:00:00
2e404f3ac4dd39d7054b4cbb88ce2c35,85ebbb19844b7b14f228ad32727d272b,delivered,2018-05-04 09:49:02,2018-05-04 10:11:27,2018-05-04 09:41:00,2018-05-09 12:08:37,2018-05-24 00:00:00
04d95724f8e595ca13c0806541d39973,e95994d81b2fd9150bace0cd8a7b8024,delivered,2018-03-19 10:05:40,2018-03-19 10:27:03,2018-03-20 17:12:19,2018-03-21 18:24:20,2018-03-29 00:00:00
9bb54391d0f998f18309470a84b2252f,c264c56f6d9b10e20a7ea7244b213640,delivered,2018-07-09 19:33:08,2018-07-09 19:45:16,2018-07-11 07:08:00,2018-07-25 21:11:53,2018-08-07 00:00:00
9e2d5a5568e945a766c01200f5f3cdc8,ec797945bf13ab061fb9cdd8aec60b34,delivered,2017-03-21 11:03:03,2017-03-21 11:03:03,2017-03-21 12:05:44,2017-03-28 12:47:50,2017-04-07 00:00:00
b0bc656fed47584c160f8cff2d7b8bbd,f4ad1c9eb0bed4469cbe0ff8f47bf634,delivered,2018-02-27 13:56:12,2018-02-27 14:10:22,2018-02-27 23:04:47,2018-03-16 14:16:19,2018-03-23 00:00:00
84bcc016602d9c00bc5178837cacf7e5,b88e5fcb328ccbab9b165162de7073e3,delivered,2017-06-23 10:32:48,2017-06-24 02:43:19,2017-06-26 09:47:43,2017-06-29 15:42:04,2017-07-13 00:00:00
4b8a3b3d574a15cac939eb0a2d4fecbe,7e8489343c128db8db8b4972a4abf343,delivered,2017-06-28 13:10:30,2017-06-29 03:04:21,2017-06-30 13:54:38,2017-07-12 16:23:33,2017-07-24 00:00:00
fe17148ab6bdbcf44f2da8a81c4ace85,777f62d9fa8a90d9536308bfa4181ab5,delivered,2017-06-01 16:25:59,2017-06-01 16:35:18,2017-06-02 15:09:55,2017-06-08 15:22:10,2017-07-03 00:00:00
2ce48a416ec4c72a129f73b550eecdbe,bb510d62433caad1abb45b96fa79ab78,delivered,2018-06-05 14:26:11,2018-06-07 02:54:58,2018-06-07 15:32:00,2018-06-20 00:12:18,2018-07-17 00:00:00
b29bd22b23303a9d539e7dafa573e282,20a51aff4b6703b2097dd814ab6ec6ca,delivered,2017-07-03 16:27:17,2017-07-03 16:44:44,2017-07-05 15:04:27,2017-07-12 19:44:47,2017-07-27 00:00:00
b9c18637e3b8ca78ccaa2aa1e5a947c7,755cbdd9590787b4213792e83aa3a709,delivered,2017-09-10 20:47:54,2017-09-10 21:03:40,2017-09-13 14:04:08,2017-09-19 18:48:53,2017-10-05 00:00:00
c7516640b8d59bcd16994661cfd3aa9b,76a7d53defecd1dcdcc056867ee18ea1,delivered,2017-11-22 21:04:11,2017-11-22 21:13:26,2017-11-24 20:48:35,2017-12-05 17:44:36,2017-12-13 00:00:00
b4accb9267acaa3fa236556695bc497d,a32b6f71f1fab7f00b04a1e0eaf34e9a,delivered,2018-02-14 16:41:24,2018-02-14 16:55:55,2018-02-16 14:27:45,2018-02-22 19:22:38,2018-03-09 00:00:00
5a7b40567394cf2a17b67ace5ea32329,d1ed41bc427405c1efa9aa30cde87249,delivered,2017-09-14 19:16:36,2017-09-14 19:25:19,2017-09-15 16:06:02,2017-09-24 13:14:56,2017-10-04 00:00:00
9529626cfc1865093c15f4a2c73346bc,dbdbb1c84857a77d65433e50db98ae7f,delivered,2018-01-31 16:37:20,2018-02-02 02:55:47,2018-02-03 01:48:55,2018-02-20 17:39:26,2018-02-26 00:00:00
94e5bc24a8c72a91a5fd82d86e186f8a,f76dd3ab12e755b609d13bd9c9dbdf6e,delivered,2017-11-27 20:58:30,2017-11-28 03:31:41,2017-12-06 03:03:35,2017-12-18 18:49:05,2017-12-26 00:00:00
1ec4b633f3c13e37a6207860df692d33,27d2ad0dcbca21dc78f6a4e7c94b1e4b,delivered,2017-10-15 10:59:23,2017-10-16 21:35:13,2017-10-17 19:14:55,2017-10-25 21:11:49,2017-11-14 00:00:00
3d1a23961fdfd767d8596bd2851bdb5a,c096164be716e1a2fafd609517dd9e83,delivered,2018-03-28 08:25:56,2018-03-28 09:35:16,2018-03-29 19:47:54,2018-04-09 20:58:30,2018-04-20 00:00:00
f621eb68770cb38f60aaa21464f12b42,7becf6b637cf3ea7924d105a6ac24428,delivered,2017-06-25 16:29:27,2017-06-25 16:45:07,2017-06-26 15:40:55,2017-07-23 15:04:19,2017-07-28 00:00:00
cca5e85092bfd9c1cb6c4d936cd86ecd,49d3feed347ec8f74aebf675a422a21b,delivered,2018-03-16 16:08:08,2018-03-16 16:29:23,2018-03-20 13:42:47,2018-05-05 12:53:58,2018-04-19 00:00:00
fb68a5c83b3883b7d059c2d799db4b20,967ccb59d2cc42657842f08146dfcabe,delivered,2018-04-06 11:17:17,2018-04-10 04:10:47,2018-04-12 02:28:25,2018-04-18 17:03:07,2018-05-04 00:00:00
1ed0a0954b445954a0117c4aaf449e28,7cfe835568484ae12607a6700d6aa8ab,delivered,2017-11-14 06:02:08,2017-11-15 02:51:42,2017-11-20 19:02:46,2017-12-01 20:07:25,2017-12-07 00:00:00
efa916a75b5d88fd21c5e217c691e81b,ee77f26187dacda2a0bb88236aa24bf5,delivered,2018-06-07 19:42:40,2018-06-07 19:55:49,2018-06-08 14:23:00,2018-06-22 01:08:28,2018-07-23 00:00:00
19361ecbebb52b787fc148e67ea73494,80accc68a8e6bbeab5b9da8b0e6d0b69,delivered,2017-11-29 15:33:17,2017-11-29 15:59:49,2017-12-02 16:44:47,2017-12-26 17:57:05,2017-12-28 00:00:00
eb6856a5040be42730df3dd8004a39f7,e23b113ed856cbee0875a148b8890bcf,delivered,2018-04-24 21:42:31,2018-04-25 21:51:11,2018-04-27 12:32:00,2018-05-05 01:03:20,2018-05-17 00:00:00
47deff0f69fd02d0085bd77d6c9c0181,c1a2b2493078b7f26bff65b957104f58,delivered,2018-07-24 11:03:25,2018-07-25 03:04:44,2018-07-26 13:13:00,2018-07-30 14:48:44,2018-08-07 00:00:00
2b109e28d89747fb2ab26a44ef4fe92b,9eb8a642c77dc5890eca62602f142e46,delivered,2018-08-18 14:48:50,2018-08-20 12:10:43,2018-08-20 14:20:00,2018-08-24 20:06:41,2018-09-05 00:00:00
2827c188ab72cdf3deba6e5058e9dcb1,6a403dfe7623d1672b0b17ae8cfd6f89,delivered,2017-05-16 10:35:37,2017-05-16 10:50:12,2017-05-17 11:56:58,2017-05-23 10:24:04,2017-05-29 00:00:00
57796a616d95192ef9a47a6634733f89,6822dd282ac1554e7bcc5e1755465ce6,delivered,2018-05-26 19:30:51,2018-05-26 19:49:40,2018-05-28 13:27:00,2018-06-12 19:52:18,2018-07-05 00:00:00
b69113e2cb7e946f2aca03d4eab65c0f,4abe2ccb6ff7688f9b478818219d1387,delivered,2018-03-07 15:59:01,2018-03-07 16:15:43,2018-03-08 18:42:32,2018-03-20 19:44:25,2018-03-28 00:00:00
eaf2b5caf6a00cc9f8a1fd9117ff924b,88b39eb19b4af48b2a6c853da0c0383b,delivered,2018-05-16 11:26:43,2018-05-16 11:35:28,2018-05-16 13:36:00,2018-05-24 15:12:09,2018-06-12 00:00:00
dec16faa1b0d9cf85ae3630def401cfb,43e4b82bff1bbd31273b414af1183c9d,delivered,2018-03-04 12:26:31,2018-03-06 03:49:40,2018-03-06 19:04:20,2018-04-02 18:31:44,2018-03-21 00:00:00
0de4d39666b134214c03a51f7d1eba45,bf7ad117f78331b6bba8bec4aa1ad3c2,delivered,2018-05-02 19:39:20,2018-05-02 20:53:21,2018-05-03 14:40:00,2018-05-04 20:11:52,2018-05-15 00:00:00
0c0432a85e60b5eae5f6b1e0c3ea9e0b,b6f5c3a185c33b9c12a722c46f5215c8,delivered,2017-11-29 14:25:30,2017-11-29 14:34:40,2017-12-06 14:55:18,2017-12-19 21:28:44,2017-12-20 00:00:00
8d6ed3e982e12a1684b31540309e044b,129468ef8647b08efc12e04af8506cfc,delivered,2017-09-13 15:10:21,2017-09-14 22:25:39,2017-09-19 20:19:44,2017-09-25 17:32:38,2017-09-29 00:00:00
d3775e436e60258e62e678a0f68a0f8d,b07bedd33ee49d60100a0edef8c9e237,delivered,2018-01-23 01:12:12,2018-01-23 01:19:24,2018-01-23 22:51:59,2018-02-28 22:15:11,2018-02-22 00:00:00
7090915026396fe970a03b8c4c6f0d95,479ec951e193807e2d8b3665b9c35502,delivered,2017-12-08 17:24:11,2017-12-08 17:32:27,2017-12-11 20:59:01,2017-12-14 21:56:50,2018-01-05 00:00:00
afacb4d50c5827bd19cc5e0c7e3d307e,0026955706fd4e2fa997f3f4c18d485a,delivered,2018-08-20 11:23:45,2018-08-20 15:11:24,2018-08-21 09:33:00,2018-08-24 14:31:46,2018-09-04 00:00:00
be0c138d4e6f463a36ed1cffcac6effe,d3aa335c99a06c2ce4cdd19fcaf444d6,delivered,2018-02-03 13:11:45,2018-02-03 13:30:36,2018-02-05 23:34:16,2018-02-07 19:53:12,2018-03-01 00:00:00
38b6f49502e64935521c6add952c4b84,510621143098ce0fca940026d20126d3,delivered,2018-04-20 11:43:05,2018-04-20 11:55:24,2018-04-23 10:15:20,2018-05-15 19:28:52,2018-05-25 00:00:00
0e98b09e43ae533343cdcb8b766dc4f1,8de9f19b9ae067619053a1bdc8dd73c1,delivered,2017-08-07 08:52:22,2017-08-09 03:04:11,2017-08-10 19:00:17,2017-08-16 20:22:00,2017-08-29 00:00:00
eb4d645f0a565f91e489a626b9b22334,4cf76a034161c9ca5e11089c3771c439,invoiced,2018-08-07 13:47:04,2018-08-08 07:10:13,,,2018-08-13 00:00:00
518180932a657bc87784d978e586649b,3b27da18d64ee8f7fb30825de5d4e78c,delivered,2018-03-13 14:56:35,2018-03-13 15:10:32,2018-03-14 22:03:38,2018-03-19 21:21:49,2018-03-23 00:00:00
b525c6d19f79d13ff968c544e517bafe,860f2edf83e2e21d5fdb5217f7635753,delivered,2018-02-14 20:56:34,2018-02-15 21:31:53,2018-02-16 19:25:07,2018-02-23 19:22:41,2018-03-13 00:00:00
e1da670d323874bc4ab65a65fd87eb05,0706bd15777b939c99aa344ccb34fbb1,delivered,2018-08-14 16:04:40,2018-08-16 18:50:23,2018-08-17 14:22:00,2018-08-23 23:28:27,2018-08-27 00:00:00
af63cdbb7da9c3dad9a96da39e71d19c,b2f7f9472b10903cea928ec4ca8cf2ba,delivered,2018-04-05 18:49:21,2018-04-06 18:48:59,2018-04-10 22:51:33,2018-04-19 13:58:52,2018-05-02 00:00:00
bbd7d3538d78b65d6bb78426d6c3d440,e88136596ab5944d24a59953d278e97c,delivered,2018-01-20 22:20:23,2018-01-23 03:52:46,2018-01-24 22:36:37,2018-02-05 20:03:47,2018-02-19 00:00:00
374bf858fdba6e44eed4fe7871a61dfe,c69b77c1f493621d22d5197faa4f21ca,delivered,2018-04-07 13:32:16,2018-04-09 08:09:32,2018-04-10 21:54:33,2018-05-01 00:48:40,2018-05-14 00:00:00
bcd3f0c10ca729cd572b499317d287d8,5a158dfc1554dd2b4fe7f3c2581993bd,delivered,2018-04-21 20:54:40,2018-04-24 18:06:13,2018-04-23 21:57:48,2018-04-25 23:04:31,2018-05-17 00:00:00
7f877edba51577b9054e7490ab7469e9,9aa6f4346dce412af1c614f252bebcc0,delivered,2018-08-15 10:59:53,2018-08-16 03:26:01,2018-08-16 14:10:00,2018-08-21 16:03:31,2018-08-30 00:00:00
b55b34e107238df26137bc117f892827,d28767001f8090e62a952170fab647e7,delivered,2017-12-06 22:55:35,2017-12-06 23:12:50,2017-12-08 23:48:20,2017-12-11 17:29:20,2017-12-22 00:00:00
1f7db95b8fd2c7432d59242430cb2163,e046f992a304cc92e1b00d7fccdf1c42,delivered,2018-02-08 10:33:28,2018-02-08 10:50:22,2018-02-08 22:32:28,2018-03-08 12:36:34,2018-03-13 00:00:00
36344f0d9c19b77add7676d9fd40d9d7,be09044593379378c199f7b255a940a1,delivered,2017-07-21 18:23:39,2017-07-21 18:42:48,2017-07-24 18:17:53,2017-07-28 20:52:41,2017-08-14 00:00:00
cec43e256e9f3bf26d135e87d53eaf8f,d87e6517280bfed1a89152f2119dfdcf,delivered,2017-06-23 15:57:50,2017-06-23 16:10:15,2017-06-26 13:09:29,2017-07-05 18:30:55,2017-07-17 00:00:00
b73782b4b4d8dbcffe7f3f9b76abb3ca,bfecc12a12bc030a1053d53726f44f4c,delivered,2018-05-17 10:38:05,2018-05-18 00:37:19,2018-05-18 08:53:00,2018-06-04 23:40:48,2018-06-08 00:00:00
5b4101f533b7c66611b649809ff634b1,67bebc02fe1882de7424ae7c032fbcf0,delivered,2018-08-07 14:44:15,2018-08-07 15:04:53,2018-08-09 12:52:00,2018-08-13 16:52:01,2018-08-24 00:00:00
267f545fd1427476ab844f4ceeeb9d7a,cbf7952fc32380ce494f8a312bc126de,delivered,2017-07-11 22:10:02,2017-07-12 00:45:14,2017-07-12 18:14:47,2017-07-18 17:32:38,2017-08-02 00:00:00
bd8ff252732819c1375fb43d9c3cf529,3ff6172542ecaff2e23fbb3c5396dde4,delivered,2018-04-01 16:46:20,2018-04-01 17:30:17,2018-04-03 17:44:22,2018-04-13 21:24:59,2018-04-26 00:00:00
03dd7d68a345c4fb5061f35f29ad959a,d107a7ac2cb11a52b6e269d277c17652,delivered,2017-06-15 11:14:43,2017-06-15 11:30:14,2017-06-16 14:27:50,2017-06-22 14:16:52,2017-07-10 00:00:00
88639fdb042f2080a58a9ed47b6d6a70,fc35134d5c5f79e5a0e585708e37bcd3,delivered,2017-07-11 16:03:39,2017-07-11 17:24:01,2017-07-19 20:09:39,2017-07-25 23:42:40,2017-08-09 00:00:00
7cdd2629d064a16cd4b221c55152bd85,1a5ef9971865332ed16ea68a589715cf,delivered,2018-03-19 23:15:13,2018-03-19 23:28:23,2018-03-20 21:42:47,2018-03-23 19:07:27,2018-04-06 00:00:00
d4123173199c1b729f667227e0646fb3,a33a47d4668af8ab6279b755180fb46c,delivered,2018-02-16 19:55:31,2018-02-16 20:07:06,2018-02-20 22:33:43,2018-02-27 16:16:04,2018-03-08 00:00:00
1acce04b55fc66a663c4ee941d0cf438,c742bd8203d001bcd20f7760b3987ed0,delivered,2018-02-27 15:10:11,2018-02-27 15:29:51,2018-02-28 18:12:43,2018-03-27 18:46:47,2018-03-19 00:00:00
af695d977f49fc0b29d716dce0c755fc,09bdb008aba35184628f9ae291c7a8ca,delivered,2017-04-01 12:25:33,2017-04-04 05:50:20,2017-04-05 07:16:05,2017-04-18 17:16:02,2017-05-05 00:00:00
48083a08d73ffd64fa2455e0ac576af5,eb8604264c616ccf2c09262519d37cc4,delivered,2018-01-24 20:40:08,2018-01-24 20:52:29,2018-01-26 19:08:32,2018-02-08 00:12:55,2018-02-21 00:00:00
3fddb37d99af3ae9c36dc26f4edb3afe,e44da066db72fa43e6bc6322590784db,delivered,2017-11-20 18:55:48,2017-11-20 19:09:31,2017-11-21 22:24:53,2017-12-01 14:09:16,2017-12-12 00:00:00
1d3915eb86fd868b7ec0e99e6f4e944a,ce85052e7c8d0ba011f6572ec235f41c,delivered,2017-12-04 07:03:40,2017-12-04 19:30:47,2017-12-05 21:53:07,2017-12-08 22:28:48,2017-12-20 00:00:00
2a96041dfde21cce25d270579cde8119,0a3d4445a6599dcec9458fb55b3bda89,delivered,2017-11-23 18:40:25,2017-11-25 18:36:56,2017-12-01 03:24:49,2017-12-12 17:44:37,2017-12-13 00:00:00
0115d160c5fbd758a139ff90821db60d,9e593469b6f1beac77c2da4d73bf1228,delivered,2017-08-29 19:14:43,2017-08-31 04:31:53,2017-09-01 22:15:54,2017-09-18 22:05:57,2017-09-15 00:00:00
2b65647aa9ac9b98dda58d6964296443,8d1249ba97d78cc22cf3be6853307f38,delivered,2017-09-11 16:54:06,2017-09-11 17:25:21,2017-09-12 19:37:33,2017-09-25 18:16:49,2017-09-27 00:00:00
1b4d9a7458ed02052dc6311884a2b1d6,2804c738f5e22c92129278e94d2f9ebc,delivered,2017-10-28 20:54:23,2017-10-31 08:05:56,2017-10-31 16:41:45,2017-11-10 22:54:00,2017-11-28 00:00:00
0b1b823864373547749dd203c2c4adef,68791a72ebc05929bc0f78dbdf2a5419,delivered,2018-06-25 23:47:50,2018-06-26 00:57:41,2018-06-26 09:19:00,2018-06-28 16:41:12,2018-07-16 00:00:00
9a94ba1f0117af7f8ff3a87cfb5b7054,803daef0181f2a265bbd1f2bda241e35,processing,2017-11-15 11:59:45,2017-11-17 03:35:27,,,2017-12-12 00:00:00
24dbd92c00bc26dd90a7bbd90f070517,16c196b91e10e2022aadf70716c6049b,delivered,2017-09-14 17:36:28,2017-09-16 02:50:23,2017-09-19 20:20:06,2017-10-13 21:17:43,2017-10-11 00:00:00
eae1293aeed65d7db9f483a53938a755,8c7e7585d2e4bd2317400c56295124b1,delivered,2018-05-07 18:24:06,2018-05-07 18:35:20,2018-05-08 11:17:00,2018-05-09 18:02:59,2018-05-15 00:00:00
80bd739a3930c25c28845586dae882cc,f6713f1b0063fa3da301e681ff0c2ab8,delivered,2017-07-31 11:18:13,2017-08-02 08:34:05,2017-08-02 15:13:21,2017-08-07 21:15:34,2017-08-24 00:00:00
d0240bcff59b720e55a2fc2c74344b6f,09f758f6da558eae5292b1a7718518b2,delivered,2017-02-06 20:11:26,2017-02-07 04:10:42,2017-02-07 13:22:29,2017-02-10 10:34:45,2017-03-15 00:00:00
9892a9783f6e0c59081ffd81ba011353,593d5f7d0a37236dc716353a76418345,delivered,2018-06-23 15:58:26,2018-06-23 16:19:34,2018-06-29 13:46:00,2018-07-03 16:09:02,2018-07-18 00:00:00
6771f603cb0053ec81ea51a2569ffcd5,8771869f4c94bbe33e23bf3277d5ca1f,delivered,2017-05-20 12:24:25,2017-05-20 13:32:19,2017-05-22 14:43:15,2017-05-26 08:51:52,2017-06-13 00:00:00
20baf04dd07db849cacb72e8cc0447aa,7d4b7b2c517be1c791bbaacd5532e98e,delivered,2018-07-05 19:26:00,2018-07-12 03:06:16,2018-07-18 14:34:00,2018-07-24 18:52:03,2018-08-06 00:00:00
6e468efb1a072c6e6824d7918f2eb206,ab58d6d2846ad28915bc42bf8f75a853,delivered,2018-07-23 18:46:56,2018-07-24 10:31:25,2018-07-24 14:24:00,2018-07-25 18:24:32,2018-08-02 00:00:00
cf82e732150db216a8f84a8f6a4c3e96,9677d2282168e413c000b3ca0ae8bd0a,delivered,2017-06-15 14:32:05,2017-06-15 14:42:48,2017-06-19 20:51:50,2017-07-03 15:45:02,2017-07-10 00:00:00
d0f997dc48964e4a7954a09afee32faa,25d26f1c55116588b67a8285516e039e,delivered,2018-04-12 22:43:33,2018-04-13 13:14:23,2018-04-16 23:11:30,2018-04-20 15:58:53,2018-05-07 00:00:00
de7160c97baceae5b576f3266f6b5752,96d41aa0f34b498afb810a4e4a583e8f,delivered,2018-07-22 23:58:52,2018-07-23 12:31:44,2018-07-23 13:36:00,2018-08-01 19:03:45,2018-08-13 00:00:00
8709d432916bb32dfc76488bde2bd31b,b170a6605f3743032f38d8a86c416181,delivered,2018-08-03 20:08:42,2018-08-03 20:23:57,2018-08-04 09:11:00,2018-08-07 14:14:41,2018-08-13 00:00:00
3bc8ed11854636da26d706f0bf61b3f9,b8fa0384b93837cca8bfb537c3c32a64,delivered,2018-03-03 10:44:09,2018-03-03 11:40:26,2018-03-05 22:08:20,2018-03-28 14:26:50,2018-03-28 00:00:00
d23957cc89dc81d6073de66716d2cf82,ab175dacdebe79d6ff8a26651a824d2e,delivered,2018-02-07 19:59:03,2018-02-07 20:15:31,2018-02-14 10:59:07,2018-04-11 23:17:35,2018-03-15 00:00:00
51be07c62b185afd2755c54ca70e2b9d,4d93c28d0b1188730ffe67454f8dac23,delivered,2018-03-18 17:18:56,2018-03-18 17:30:52,2018-03-22 18:46:43,2018-04-02 19:28:59,2018-04-18 00:00:00
b07d2a68cc3e97e707eb42d213983c66,412aabf43b3d45f1f6052e834c04df34,delivered,2018-08-09 21:16:06,2018-08-09 21:30:16,2018-08-10 14:58:00,2018-08-15 09:40:31,2018-08-23 00:00:00
970a70981a389f6826a1e0427823f9fc,fd866c2c21e9fe3acdd94820ad6628ca,delivered,2018-04-18 23:03:54,2018-04-18 23:15:24,2018-04-20 22:58:36,2018-04-25 20:26:40,2018-05-18 00:00:00
1c8166cad99e5856dfb7d622902c623c,39bebc8f7773085fe2d0e190058b444b,delivered,2017-11-24 10:25:26,2017-11-24 10:33:07,2017-11-29 10:19:08,2017-12-07 21:33:17,2017-12-28 00:00:00
9d53eb1894b55d3730b9291fb6a8886f,ec756a26794c98f59e76a82660386a7d,delivered,2018-03-21 13:27:31,2018-03-21 13:47:58,2018-03-22 20:52:37,2018-04-03 23:36:23,2018-04-12 00:00:00
49402cf6ac88b0b8e6d265001574fcc6,b3aec992532cef9690d04176efc48842,delivered,2017-12-17 21:38:54,2017-12-17 22:37:44,2017-12-19 17:47:09,2017-12-22 17:29:17,2018-01-05 00:00:00
b237e3e48b008b3ee341df062216e47d,a2364bcc6f7b38a923af0e7d939ecb0b,delivered,2018-02-05 00:09:43,2018-02-05 00:30:36,2018-02-06 16:46:30,2018-02-14 13:09:26,2018-03-01 00:00:00
6cf8530b5b6d67f4090e16f6ef4a4c76,7bd7c3630d55f5fd4bb300059125370a,delivered,2018-07-27 19:01:04,2018-07-27 19:15:24,2018-07-30 14:22:00,2018-08-02 17:34:29,2018-08-15 00:00:00
9d40c94d64ccd5ebd1cc2aa276e75522,032f3aa672886e0ba37ee901091d13b1,delivered,2017-10-02 17:41:37,2017-10-03 04:23:39,2017-10-04 14:10:59,2017-10-11 17:25:18,2017-10-26 00:00:00
7310c8820f4c9ee1ca0e4283b7c2130d,530103ea67e6552ec7b5875c1a7a8929,delivered,2018-04-03 09:01:55,2018-04-05 02:27:47,2018-04-05 19:41:10,2018-04-12 19:03:03,2018-04-24 00:00:00
d6d0323138c510e3816e00ac900d17b0,d8e4206bdc1de8c2f4726a17f28ada3c,delivered,2017-09-01 10:12:04,2017-09-01 10:25:45,2017-09-08 21:32:01,2017-09-12 00:02:41,2017-09-14 00:00:00
4ea1ece1ec047c5584158141afd4c500,937fd75e8fa32e22ad08d0f833c5d593,delivered,2017-11-26 20:44:34,2017-11-26 20:55:26,2017-11-29 00:24:25,2017-12-12 22:15:14,2017-12-12 00:00:00
37320ad8d22727a4905681854a14e2c2,97631da0103fb552f92d7917af5c7a5b,delivered,2018-04-02 09:13:55,2018-04-04 03:30:21,2018-04-04 19:14:49,2018-04-06 18:48:23,2018-04-18 00:00:00
8e3c10b463cb2ffb94546b5e9f05cd05,8e2e0eb8e828fd0fa012dbae8d10d6f0,delivered,2018-04-02 12:24:33,2018-04-02 12:35:18,2018-04-11 01:03:05,2018-04-26 13:57:24,2018-04-23 00:00:00
94b860984e79a390fa2d4793ddd46404,a7a2f43c562c74d555c0bf1e19fcca4b,delivered,2017-11-26 12:35:58,2017-11-28 12:37:57,2017-12-04 21:43:04,2018-01-03 18:39:36,2017-12-26 00:00:00
36da86192d48458dcb75f9f2bf4f249a,09c50d2e3af66a47ca1c6b4201c0da0f,delivered,2018-08-01 21:22:31,2018-08-01 21:35:17,2018-08-03 14:25:00,2018-08-09 20:14:40,2018-08-27 00:00:00
2c6d44f01372a531867c811ec5417ef2,3598960a3a0a4f66538e48e4335c3e1c,delivered,2018-03-08 09:55:44,2018-03-08 10:10:27,2018-03-13 15:34:55,2018-04-02 10:56:40,2018-04-19 00:00:00
01b15a896c5842077af2aaf4a9f94309,ecc61d0a88c7d1634a8e592121e14e8f,delivered,2018-03-23 15:51:16,2018-03-24 02:15:56,2018-03-29 17:34:50,2018-04-20 20:46:42,2018-04-12 00:00:00
381079cb5df71e26be946a6704990d55,7b6894ed690ada31d57a4c6e81edd7c1,delivered,2018-02-12 13:21:59,2018-02-12 13:30:44,2018-02-21 15:38:42,2018-03-07 21:42:45,2018-03-12 00:00:00
e418e6620e03b70aed56a90a2b92db5d,1ec45894c892082b5dfbe9ebf5c74078,delivered,2018-01-20 17:14:54,2018-01-20 17:41:29,2018-01-23 21:48:50,2018-02-05 14:13:22,2018-03-06 00:00:00
dd9768256f9f491643fb7b53fc193b7d,96bc42e21c7f606d1920c12965f67109,delivered,2018-05-12 22:49:25,2018-05-12 23:16:32,2018-05-14 19:25:00,2018-05-15 21:32:44,2018-05-24 00:00:00
4a34792ebbc108e28a7d9cc2332ed0e1,e6f379f514cfc3a51e06e52c2948f070,delivered,2017-06-19 08:18:34,2017-06-20 08:30:19,2017-06-21 12:45:28,2017-07-12 20:09:31,2017-07-21 00:00:00
acefa886e54be2156f0d139a106d063e,82bd67919890521899d17e35b2a8c37d,delivered,2018-06-25 17:43:30,2018-06-25 17:58:15,2018-06-26 16:52:00,2018-07-03 16:28:58,2018-07-19 00:00:00
11b2c36a481a4272681684f4b09ffabe,5ac5afb9030ae1388a544ef344997cbb,delivered,2018-07-31 22:32:36,2018-08-02 05:15:21,2018-08-02 15:32:00,2018-08-09 16:42:40,2018-08-24 00:00:00
b207236ad11942c69cec11bb58240dd1,b7db6432ef2cad09b9f6983eff19a04a,delivered,2017-10-10 17:43:33,2017-10-10 17:56:22,2017-10-11 20:19:55,2017-10-20 20:52:33,2017-10-31 00:00:00
ff48dd259d222401b52bf6416f896726,fe4534474f60ea37e72b0cc0e0fdc212,delivered,2018-04-10 13:40:37,2018-04-10 13:51:01,2018-04-12 12:38:35,2018-04-13 12:46:49,2018-04-26 00:00:00
87a838f48767365e2b786c485ef2e8b0,60c9723c5d232b784f10940175deb500,delivered,2017-03-16 16:16:02,2017-03-16 16:16:02,2017-03-21 16:08:17,2017-03-28 16:04:16,2017-04-06 00:00:00
893fff1e0e8a0597923ff86966aac6d1,48809a65c8830c54c2316d6a15e6b8da,delivered,2018-07-24 17:56:35,2018-07-26 03:10:26,2018-07-26 15:30:00,2018-07-30 23:08:44,2018-08-16 00:00:00
59a9693b0e9ec73f8ea51b90d5601604,79d4ffd2ae441840bf794949c94e3007,delivered,2018-05-03 12:40:10,2018-05-03 12:55:21,2018-05-04 19:01:00,2018-05-10 19:13:21,2018-05-18 00:00:00
57f6d3bb73ed5867cdf53c4acff3f994,73afc72acd21df38d6370f85e399dc31,delivered,2017-10-02 08:53:47,2017-10-02 09:07:12,2017-10-03 15:45:33,2017-10-25 18:29:00,2017-11-08 00:00:00
28f5847427849401fb017537fd20da41,617e79a8f584d33d7cd446ac3d1519a2,delivered,2017-01-25 16:32:21,2017-01-25 16:42:16,2017-02-06 11:54:31,2017-02-17 10:58:33,2017-02-20 00:00:00
f0089d43f99d1bc295c05699b4facbed,cab9419f31815dbc6727651e6408569f,delivered,2018-02-25 15:14:28,2018-02-25 15:27:50,2018-02-26 19:48:36,2018-03-09 19:59:02,2018-03-16 00:00:00
fcd6d198157dc9cdd9416a772c1b7a2f,5ca670a74a7cfa211af06f1159081446,delivered,2018-08-20 10:45:34,2018-08-20 15:10:35,2018-08-21 15:56:00,2018-08-29 12:54:30,2018-09-03 00:00:00
7a19a03fa5f748e858559ddde2408f4d,d9e2713ce1636a2e4987b42b58af0ca9,delivered,2017-09-06 13:17:20,2017-09-06 13:30:13,2017-09-08 20:22:35,2017-09-22 02:16:06,2017-10-02 00:00:00
d4c6aa2277352d92106b387b2ee13839,0b56b80573294f4d663d4abf0de19f03,delivered,2018-07-09 18:30:46,2018-07-09 18:45:21,2018-07-10 15:55:00,2018-07-13 21:33:48,2018-07-23 00:00:00
cd23f3689cab3a020096a36f849bcd20,869d14fde517fd8a5fa8016fbf4f7103,delivered,2017-12-14 16:34:00,2017-12-14 17:32:32,2017-12-15 23:48:45,2017-12-26 16:37:17,2018-01-12 00:00:00
96ba3ccac6dfb6a6610178fd893a3f3f,aef0e5b8ad9cbd02d85e0ea26e84cc35,delivered,2018-08-09 14:40:55,2018-08-09 15:05:23,2018-08-20 14:32:00,2018-08-23 14:18:35,2018-08-17 00:00:00
af71e9e2ee3f91d619aacab51fe2e75b,755988ebb76548960b6b01086b89b4ff,delivered,2017-10-30 18:55:33,2017-11-01 03:31:19,2017-11-08 15:46:33,2017-11-21 23:53:45,2017-11-14 00:00:00
159b0ce7faa02427505f3ce47f48e933,97ee0dd9c9e573259b0f212e6f61fb03,delivered,2018-08-19 21:21:37,2018-08-20 13:15:25,2018-08-21 08:32:00,2018-08-28 00:03:37,2018-09-14 00:00:00
1b8d897de53143a7b639d4870e6e3cdf,d75f92747d1fce34cfc812ee0eb0715b,delivered,2017-07-17 14:43:57,2017-07-17 14:55:25,2017-07-19 16:32:20,2017-07-20 21:49:31,2017-07-31 00:00:00
35042e718d492e293a6dc3f7d4916f39,79afd29615c4aa21d2e7f8f898634e8b,delivered,2017-11-28 15:43:22,2017-11-28 16:02:44,2017-11-30 17:12:27,2017-12-07 17:31:55,2017-12-27 00:00:00
cb21a02602964e085cb4e31a404a310e,cf82871e0b3d4abcbf2b66f5d788de10,delivered,2017-08-15 17:03:45,2017-08-16 18:25:14,2017-08-17 17:06:25,2017-09-01 20:33:27,2017-09-15 00:00:00
7593ea1c0af8d1c0915e186ec81d236a,10503e40cd8afbb32597f599442f3ae3,delivered,2018-06-10 11:00:13,2018-06-12 04:57:10,2018-06-12 13:39:00,2018-07-10 04:54:33,2018-06-26 00:00:00
3fb8682db347b51435096bfdfa799825,2aac31c75a6e3d0c60c20bcf2346ec70,shipped,2018-07-05 11:39:35,2018-07-06 02:55:12,2018-07-11 09:54:00,,2018-08-07 00:00:00
4dcc004247da52d053a714e7af29450b,b4161ffae9931bb851955779d2cda207,delivered,2018-06-07 10:58:35,2018-06-07 11:37:01,2018-06-11 09:20:00,2018-07-04 19:58:41,2018-08-08 00:00:00
eb46d05c021b6c642a9bb429a4a2eb2d,6c72660cf12c1182dec5dd6b28a3c59b,delivered,2017-07-04 21:21:17,2017-07-05 17:43:06,2017-07-06 13:47:37,2017-07-10 18:11:37,2017-07-17 00:00:00
bc15fbc81213ff69f9fb7ba05d73dc33,3dac9e1a5661fc3cd58ef484a1aa98a2,delivered,2017-06-17 11:32:51,2017-06-20 10:43:50,2017-06-26 16:33:45,2017-07-07 19:22:48,2017-07-13 00:00:00
f5a46e0d0f766ca0dd73ed331959ce00,a3cdec9b9b26126bc064274977f61cfc,delivered,2017-11-26 23:57:16,2017-11-27 00:18:39,2017-11-28 19:17:58,2017-12-06 01:11:47,2017-12-18 00:00:00
e23a2679ade434eac3bad78376898279,b477418308092b09b13af032ca19cc52,delivered,2017-10-23 15:02:24,2017-10-23 15:14:17,2017-10-24 19:29:48,2017-10-27 19:13:06,2017-11-09 00:00:00
4e77f81a29bcffe4eaf68247167bf623,4df514524572b4fd9472128050c9aa7a,delivered,2018-07-07 23:41:08,2018-07-07 23:55:12,2018-07-10 09:32:00,2018-07-11 22:58:28,2018-07-23 00:00:00
a6a7393d9243496c42984148541c0bc0,361f3288b93187d40ba2e3da34ec57c2,delivered,2017-07-17 21:22:49,2017-07-17 21:35:13,2017-07-18 16:32:48,2017-08-09 09:53:19,2017-08-16 00:00:00
f98baef215695ec027ca873850b8f5b6,3d14cf048ea77534ae4ac0305ac97479,delivered,2017-12-24 16:56:48,2017-12-24 17:56:22,2017-12-26 16:16:17,2018-01-03 19:21:57,2018-01-24 00:00:00
adac3a15974140170bdc3562dac02328,f3821d2acf742563a4ea73981a7b6c8f,delivered,2018-02-08 20:21:42,2018-02-08 20:32:05,2018-02-14 20:15:10,2018-02-27 16:07:44,2018-03-14 00:00:00
14475bfb58d520ab74383d026390abfa,85c6c4e698dd725c955890b4c5b54663,delivered,2018-08-15 00:19:02,2018-08-15 00:30:18,2018-08-15 12:53:00,2018-08-16 17:41:55,2018-08-20 00:00:00
3eda68d81b3be569f9e35651a18c8215,b0bb537e3254f453fd426715131a6370,delivered,2017-11-07 16:00:43,2017-11-09 05:31:36,2017-11-09 18:22:28,2017-11-24 15:49:09,2017-12-07 00:00:00
fd87d98feff1673e27f7302bceb00cf6,e7fce6d303c21699cef152e408b6104a,delivered,2017-06-25 22:55:27,2017-06-25 23:10:10,2017-06-30 17:05:03,2017-07-11 18:33:52,2017-07-26 00:00:00
2cbdd5d6294d199ecdb76f42b62b5bd1,b98f0b88c55d93ee3e2f03a3da19af76,delivered,2017-12-09 11:52:32,2017-12-09 12:51:02,2017-12-13 21:14:16,2018-01-02 21:39:04,2018-01-17 00:00:00
410ca30ef54d25e4deaf8d5babbed030,b4518272be4abd4fede98b38324944e2,delivered,2017-09-17 17:47:19,2017-09-19 03:37:52,2017-09-20 03:08:40,2017-10-07 13:46:51,2017-10-06 00:00:00
df428478aa9a594cfd597ef214e67b16,543326071ff0a33f9afae64b8b085390,delivered,2017-03-22 16:26:23,2017-03-22 16:26:23,2017-03-24 16:16:55,2017-03-29 08:10:08,2017-04-12 00:00:00
3cba655faae78feacf27f20900c776e0,0c7d17d2ae9a0c85566d9d58ea478a25,delivered,2017-09-06 20:10:17,2017-09-06 20:25:11,2017-09-12 19:12:55,2017-09-26 17:05:08,2017-09-26 00:00:00
cefbd4fd50b98076c4368935c620f88a,9f14633b2ed1374a45f4b85fd4241b4d,delivered,2018-02-14 13:06:04,2018-02-15 13:55:26,2018-02-16 20:42:50,2018-02-24 17:36:37,2018-03-09 00:00:00
ae49e90268bf29c43b79c9e447278c84,6ca5c385d8c155c371d98c756966498f,delivered,2018-05-09 17:37:12,2018-05-09 17:52:52,2018-05-11 15:02:00,2018-05-14 20:31:34,2018-05-18 00:00:00
0f1dea9ac2c2be3ef6885442dab7ef0e,a66bb70ae2854436813837d31757b08d,delivered,2018-02-17 11:48:42,2018-02-18 12:30:26,2018-02-21 19:31:47,2018-03-13 17:52:19,2018-03-15 00:00:00
a36ab298e151e229a2d1cb6bb0e5839a,947726cce590ac43ebb3ddfc6f361726,delivered,2018-03-31 18:54:48,2018-03-31 19:10:20,2018-04-02 21:08:58,2018-04-13 00:48:23,2018-04-26 00:00:00
32163a3da27e868cf12730227576ff1b,235dc25ef3e9ce5f942681ad165b673d,delivered,2017-02-03 19:23:59,2017-02-03 20:00:34,2017-02-14 15:57:25,2017-02-17 09:38:41,2017-03-10 00:00:00
b6a751bb917e5695cb0f957cc45d04f9,ae36db2e1b020ab88110f83e77888650,delivered,2018-05-06 22:25:27,2018-05-07 15:13:29,2018-05-17 13:38:00,2018-05-18 18:37:36,2018-05-29 00:00:00
cf8a303d6edcce23699d7797c71ca28d,5d0e7f0e38c367edd51a6bf3cc06bb03,delivered,2017-03-07 16:02:54,2017-03-07 16:15:11,2017-03-15 10:38:00,2017-03-29 15:14:13,2017-04-07 00:00:00
c5838d9ba4bd255c9bfb2f8f441f16f6,4855544785b1ffcb293db84c2f25aad1,delivered,2017-11-28 18:02:09,2017-11-28 18:16:49,2017-11-29 19:08:53,2017-12-02 18:30:00,2017-12-18 00:00:00
17c9fc03d3e268df0aa30810b0e74e9f,0e31c22ff407d2335ed90ee7ad12f2ec,delivered,2018-01-18 15:15:48,2018-01-18 15:36:16,2018-01-19 20:34:36,2018-01-30 15:18:57,2018-02-08 00:00:00
9dff990dca94f688d5a005c3da5d9a6e,fbcc01ea41e282f7de6a6161940f32b2,delivered,2018-06-11 20:19:59,2018-06-11 20:40:42,2018-06-13 14:19:00,2018-06-18 22:38:40,2018-06-28 00:00:00
c8e0d72c6ab615e05977b79e02110d41,25ed2cef5a8bb4452b7fb9d425ead0c6,delivered,2018-08-01 18:16:23,2018-08-01 18:25:16,2018-08-07 13:02:00,2018-08-16 19:03:25,2018-08-23 00:00:00
4a95fefb52a7a5a0d882ba840d33954d,5e6f9f9e30a4774f7b61dd275244465a,delivered,2017-02-15 18:47:48,2017-02-15 18:55:19,2017-02-16 15:16:51,2017-03-03 14:28:53,2017-03-16 00:00:00
66e2e7ab183de22fa431c8fc3351bef3,049c199936ffe4c8b0ceca25ff1be148,delivered,2018-01-06 23:04:35,2018-01-06 23:12:29,2018-02-08 14:37:29,2018-02-14 21:09:19,2018-03-19 00:00:00
ac0804adece431f14e99d82ab558c3c0,9ee8c24ef2b687bb98085fc8743ca3bd,delivered,2018-06-25 16:14:37,2018-06-27 08:30:45,2018-06-27 13:03:00,2018-07-03 23:14:41,2018-07-18 00:00:00
0ffaba549f161074760e4d3802fe8641,413632dd561a196650dfc76f1157889e,delivered,2018-05-09 15:24:34,2018-05-09 15:51:25,2018-05-10 14:28:00,2018-05-21 19:36:44,2018-05-28 00:00:00
63067dbad99fa8dd94df9e6983bff614,44fcfd5ab0c7c4858c5374ccf4e101b3,delivered,2018-07-23 10:07:57,2018-07-24 11:32:32,2018-07-24 15:49:00,2018-07-27 19:28:20,2018-08-15 00:00:00
b388f41e0d1fb1960c7a08852fbd1f40,895b7758d3e195210530db84a4161635,delivered,2018-08-02 12:06:02,2018-08-03 02:45:18,2018-08-06 15:14:00,2018-08-13 19:29:12,2018-08-15 00:00:00
15aafc9c68a1f0c0d2208dfbcc33a7f3,e1a947139beff6d76856cec5f6d6336c,delivered,2017-09-20 12:42:08,2017-09-20 12:55:21,2017-09-21 20:12:07,2017-10-03 21:48:54,2017-11-13 00:00:00
da9fa9ec3c77fa353f8eb20146bc9d6d,573073f1e3d820993ae5f7065b8f0f1c,delivered,2017-11-01 17:17:45,2017-11-01 17:31:14,2017-11-07 21:41:19,2017-11-08 13:45:07,2017-11-21 00:00:00
6d29261d1991c6c4e47ac40e5642e3c6,cd532e4c3bc0cae9e9edf92e0bbf9d00,delivered,2017-08-29 14:14:06,2017-08-29 14:25:21,2017-09-04 20:35:15,2017-09-14 14:27:38,2017-09-20 00:00:00
a84565af4cdf9483cc1cf6b94686a95f,b66124b45e367a0aa230614c0ad309d3,delivered,2017-09-11 20:01:57,2017-09-11 20:15:24,2017-09-14 19:52:51,2017-09-20 15:51:43,2017-09-27 00:00:00
88f21fa5e4006a6bdae3cb70f4fb50ca,75a42562aeef01fc9bca24f7bb6bbf72,delivered,2018-04-07 20:43:10,2018-04-07 20:55:33,2018-04-09 17:08:33,2018-04-23 23:11:28,2018-05-04 00:00:00
b01e3ee0b1aa883fb12d7161e3d979fc,a988a9f757ef47847e1db39244f18d50,delivered,2017-12-31 11:13:04,2018-01-03 04:28:32,2018-01-05 17:48:53,2018-01-11 21:29:10,2018-02-06 00:00:00
56f324c9f0ec2e68082d34b849622244,c2a147742844075d9ecd7f1b17964a3c,delivered,2018-03-22 10:01:52,2018-03-23 02:07:37,2018-03-23 19:48:30,2018-04-04 21:48:22,2018-04-10 00:00:00
1486d33f863a8330379a999cb8c1ec36,f34aa7e650b544b7ae00cc31aa12349a,delivered,2017-11-23 20:10:54,2017-11-23 20:19:56,2017-11-24 16:25:48,2017-11-25 16:38:55,2017-12-29 00:00:00
598788f17f3dca25dc5a133e532c4281,6aa59bed73896617a8ede11914d7dab9,delivered,2017-10-26 22:11:45,2017-10-26 22:26:13,2017-10-27 18:53:58,2017-11-06 17:59:31,2017-11-22 00:00:00
5d30afe97f086b0a5cd532422514c3b1,82723e224e9ab5346fcbcb7ffa88c8f5,delivered,2018-07-04 14:20:40,2018-07-05 16:31:20,2018-07-05 13:14:00,2018-07-06 17:04:12,2018-07-18 00:00:00
0a3de305844d2e1bf9a608e702ccd373,6494f42a695d013bf1049297c42f0def,delivered,2017-11-12 23:13:11,2017-11-13 23:10:25,2017-11-16 21:07:09,2017-11-24 21:26:46,2017-12-12 00:00:00
ea8a57a7184a47803131ab57b37e3d8b,468e0abd39582f1fedef2ff885ef67db,delivered,2018-03-22 08:30:07,2018-03-23 02:30:30,2018-03-23 19:33:06,2018-03-27 22:15:25,2018-04-04 00:00:00
3ef58c03dbc4c10cc2abb67fc6078763,5a98a55596a72ae6c2fad6894fe3426b,delivered,2017-10-10 12:28:18,2017-10-10 12:49:25,2017-10-10 20:13:47,2017-10-17 08:12:52,2017-10-27 00:00:00
304707f4c9c69f690f53f62b26f3e28e,c9a54b9593e4b12f9906035913676e44,delivered,2017-03-24 15:01:05,2017-03-24 15:15:10,2017-03-28 15:10:41,2017-04-12 13:29:57,2017-04-24 00:00:00
18b7254a8929c73f21d6f0387bbe9de5,bffbc4cf5f0e65d3fe69a18e7320cbee,delivered,2018-07-02 18:51:55,2018-07-02 19:10:36,2018-07-03 13:21:00,2018-07-04 15:06:13,2018-08-07 00:00:00
6e228f845ad0d104a3e3c343dbfd0c19,9f5d14a3c0a1ca30fb65b984c3123b69,delivered,2017-11-29 09:39:24,2017-11-29 09:49:26,2017-12-04 18:52:20,2017-12-18 18:49:19,2017-12-26 00:00:00
5bf226cf882c5bf4247f89a97c86f273,573f39624e482d14affea43eb0588fcb,delivered,2017-09-04 23:02:26,2017-09-04 23:15:14,2017-09-05 21:53:48,2017-09-08 19:31:52,2017-09-27 00:00:00
5d4ef7be8a0a3d0f0991bfc92e6bce32,7a978996d97636ab682a47e1ec07d7be,delivered,2017-08-08 15:00:29,2017-08-09 15:10:15,2017-08-11 16:01:21,2017-08-17 17:36:48,2017-08-30 00:00:00
5f6b2fc59bec17829d34517fef3e11a3,ee013420a910759ff3537fa962cd6592,delivered,2018-03-29 16:44:49,2018-03-29 16:55:30,2018-04-02 20:05:26,2018-04-04 23:34:27,2018-04-11 00:00:00
ff765ff5d0f040e643453390b1ed6573,9c60e9bafec8ab54675d3f12e5cc3760,delivered,2018-05-10 16:31:06,2018-05-11 16:31:39,2018-05-14 14:16:00,2018-06-01 16:52:09,2018-05-29 00:00:00
d55fd37fa9914b69900747d27335c7c4,08a4e770189d6ee87c5d3b58f9f191f2,delivered,2018-05-06 14:10:32,2018-05-06 14:29:50,2018-05-07 19:09:00,2018-05-08 14:06:30,2018-05-23 00:00:00
bb4eb3e71b30365a580e5a718bd8d1ae,e15fc5eebbb46681049d28f79fde5419,delivered,2018-07-24 08:10:01,2018-07-24 11:23:32,2018-07-25 14:06:00,2018-09-01 01:22:46,2018-08-22 00:00:00
64811ed51b1fed65cc4c71da8a19a826,fe3f1771c5a751fd38b941155cf5be01,delivered,2018-06-27 11:54:29,2018-06-27 12:08:32,2018-06-29 16:21:00,2018-07-04 13:54:52,2018-08-02 00:00:00
1449e2bfe7a48a4534cd242f0d60e414,9e6512d352103b6ecbbfebfe637ab5df,delivered,2017-12-30 16:52:49,2017-12-30 17:06:51,2018-01-03 21:53:28,2018-01-15 21:18:53,2018-01-31 00:00:00
0aaf81645c52d55b9baff5411037d070,73468cbbc184a28fd1648c37bb3cff88,delivered,2018-07-27 15:45:35,2018-07-27 15:55:20,2018-07-30 12:10:00,2018-08-03 20:04:22,2018-08-13 00:00:00
c520b0227dd173299c9739a4d65500f5,50f01f7a19be052db9d8f2259056ab58,delivered,2017-07-07 06:53:32,2017-07-07 07:03:19,2017-07-10 18:27:21,2017-07-26 20:41:48,2017-08-03 00:00:00
0a05e512c3e656802c930be4c1766c2a,d3a853408a30f995900bcd86f3b13923,delivered,2018-08-02 12:04:52,2018-08-03 12:06:05,2018-08-07 15:23:00,2018-08-15 18:32:13,2018-08-07 00:00:00
fde6349f293c21ee47453726cc800c04,0ad55d83ed9336fc724bcfc6d801dab1,delivered,2018-04-17 10:23:06,2018-04-17 10:53:11,2018-04-17 21:49:34,2018-05-09 14:11:37,2018-05-15 00:00:00
b2242476ef6b4f7c004e019f34f5d0a1,bcd0d44d9abda9abe9fe09cf36eb3ce6,delivered,2017-07-15 09:01:46,2017-07-15 09:10:14,2017-07-18 11:37:36,2017-07-21 19:03:19,2017-08-09 00:00:00
df0b4d4ca3e37ebafbe0610b32fb69f7,9a0348b087044cec2709f47dcd27d413,delivered,2017-07-17 22:25:20,2017-07-17 22:43:24,2017-07-18 16:38:27,2017-07-21 19:21:36,2017-08-08 00:00:00
591bbdc0cd7aae35890765d570a3f0b1,35edc87c2142977597491383fc6ad092,delivered,2018-03-05 09:47:52,2018-03-05 10:09:30,2018-03-09 03:10:55,2018-04-02 20:34:33,2018-04-03 00:00:00
36d9dbdecdcaa6c6811f7f272e447ec6,059e416e49b3c93b9e222bd2f39f0ed1,delivered,2018-02-25 11:39:37,2018-02-27 14:48:59,2018-03-15 19:05:12,2018-03-16 19:32:01,2018-03-20 00:00:00
865eeebc1cf8c4134e81028fbf1b12b8,e954e22a3cadb0bd6991008eb3d64803,delivered,2018-08-05 15:40:42,2018-08-05 15:50:16,2018-08-06 15:13:00,2018-08-09 23:28:36,2018-08-10 00:00:00
9370e7790e15adbc2492065d34524285,21b0f669f2a38c34edc678dd70605a4a,delivered,2017-09-10 15:33:31,2017-09-12 04:45:15,2017-09-12 20:03:36,2017-09-20 15:26:56,2017-10-04 00:00:00
69b0633a7da27b8044d4d706a557f472,89ff0384f0a749ebe7b8dbf654a622f4,shipped,2018-01-02 23:55:09,2018-01-03 00:49:52,2018-01-11 22:19:20,,2018-01-31 00:00:00
6b33f86e78800877d42365c81cdaf0cf,52c68a7d3a462c7e1ad2fea471dc555c,delivered,2017-05-14 16:59:35,2017-05-14 17:10:12,2017-05-22 10:09:03,2017-05-30 09:20:00,2017-06-14 00:00:00
9d1780c1dba60f1e3fc99e1072979110,6a432a8586bbd8cf62f617ff14fd64e5,delivered,2018-03-17 16:04:08,2018-03-26 09:10:13,2018-03-19 23:31:20,2018-03-28 19:21:54,2018-03-29 00:00:00
ebaa42a79f2add158467770ca61a11e0,f3908b6f7fb3faf818a27d8deaa73560,delivered,2018-06-13 08:50:25,2018-06-13 09:16:21,2018-06-19 15:19:00,2018-06-22 22:32:41,2018-07-12 00:00:00
0771dcbed01969791b77f20d05573b89,615fbaeb4332030104ecbf4ca33aa191,delivered,2017-06-30 17:47:14,2017-06-30 17:55:20,2017-07-03 15:39:55,2017-07-05 16:13:31,2017-07-20 00:00:00
6460c57b49a7ef155f5f1588ef5b4e60,a892d89a8126134ea70ec78d0a0f502d,delivered,2018-01-10 23:01:15,2018-01-10 23:13:30,2018-01-15 20:12:41,2018-01-17 18:35:28,2018-02-01 00:00:00
d40d7acb41c23539b6b47ea86e260c28,a0b883e84e3ca2f19b01ab28d6fea42e,delivered,2018-08-06 21:01:40,2018-08-06 21:15:18,2018-08-08 20:08:00,2018-08-09 17:44:28,2018-08-10 00:00:00
6260b8b7e35f7b2163df6a9eb133a072,91263ec82ca46a8d1ef6d2f0e07cbc46,delivered,2018-07-04 13:44:57,2018-07-05 16:01:39,2018-07-05 13:46:00,2018-07-13 18:42:49,2018-08-09 00:00:00
14f6c86b695ea4ddd3dd4386d10388b0,6fb40909e0386762d1c2b1af9e6505dd,delivered,2017-06-07 14:10:15,2017-06-07 14:25:18,2017-06-09 10:59:28,2017-06-12 11:37:38,2017-06-21 00:00:00
4383f393667331c267d9cdce510b849c,49ace87e9dad866bcc8b4a4a5be2b1ca,delivered,2018-07-24 10:40:12,2018-07-25 02:35:09,2018-07-27 12:37:00,2018-08-02 01:46:27,2018-08-13 00:00:00
90087834f1b051b9e44f4fdbe2aebd8a,a558798a2f1d319c9c8e1d2118972b6a,delivered,2018-01-04 20:10:54,2018-01-04 20:32:23,2018-01-05 21:33:07,2018-01-19 02:19:13,2018-02-08 00:00:00
3110fc0996c37031e67f3d28cd9b854c,b798ed6095f45336ec47d8709b987d43,delivered,2018-08-19 14:42:15,2018-08-20 16:15:23,2018-08-21 13:41:00,2018-08-27 18:41:47,2018-09-04 00:00:00
008ce8764db2e397e153000e017475b6,763a720a236f5b8efe8220ef8b87bc81,delivered,2018-05-18 20:42:47,2018-05-18 20:57:50,2018-05-21 17:38:00,2018-05-23 20:53:37,2018-05-28 00:00:00
0e40bd8d75ad8945ea6a9d1427142c49,7beecec5f95aaa9421845a4c79a246c4,delivered,2018-05-08 14:13:22,2018-05-09 14:15:09,2018-05-10 12:52:00,2018-05-14 20:32:52,2018-05-23 00:00:00
e368cd7fd76b9318bc4896345d71719a,c2722fd676f7f1ab5c4e736079b57596,delivered,2017-11-16 22:09:51,2017-11-18 02:50:24,2017-11-22 17:18:44,2017-11-28 23:09:09,2017-12-07 00:00:00
c130ce426e4cd480fb71381c3535a0af,9204d31ddd3d006667f483558776f556,delivered,2018-03-22 08:09:24,2018-03-22 08:28:55,2018-03-29 04:50:57,2018-04-18 14:12:09,2018-04-10 00:00:00
832e2ef8cdf39a442023921a0d81274c,45ab60122e0c12d8366ce8d1bbf567e9,delivered,2018-02-17 08:32:22,2018-02-17 08:46:56,2018-02-19 22:48:55,2018-03-01 00:47:37,2018-03-13 00:00:00
ba2f9f618bbb0aae209920d83b3773b2,4440d285b7b731e994671b0e4a361cee,delivered,2018-05-15 11:19:59,2018-05-15 12:34:35,2018-05-16 20:47:00,2018-06-01 20:56:36,2018-06-06 00:00:00
6525d9ab0bff6133c63e9c0cfa55bfbd,c832d152c856c6728494bc3290aae7e9,delivered,2017-09-11 11:28:21,2017-09-11 11:43:51,2017-09-14 00:57:56,2017-09-19 13:38:58,2017-10-09 00:00:00
6fd9c0f6410977614b5a56d7cdafbfeb,7635534e464209718016b21fd2d2fcc6,delivered,2017-11-18 13:28:29,2017-11-18 13:45:58,2017-11-21 21:25:50,2017-11-29 17:43:05,2017-12-15 00:00:00
48d4e2ea1003c1efbdc8c3cd4e0af69e,17b3e7f93c1683a293e92623a77cbf80,delivered,2018-08-02 17:41:41,2018-08-02 17:55:17,2018-08-06 06:36:00,2018-08-08 19:21:35,2018-08-17 00:00:00
991bb9cfd54d9ab89b563df31d3ed95d,de4a2b27fcbb6a43dffa4a65495e7956,delivered,2017-11-18 22:12:09,2017-11-18 22:30:24,2017-11-21 16:28:56,2017-11-29 18:49:43,2017-12-11 00:00:00
2f773c64787631d6c8c0b98193a166eb,e9ce07a8429320d678c5d43d1f54b750,delivered,2017-11-09 14:59:52,2017-11-09 15:10:34,2017-11-23 16:06:56,2017-11-27 17:38:01,2017-11-23 00:00:00
598e800e9ad9acb037af33b097ae436d,f70af1a55bb443930f41137eeaee382e,delivered,2018-03-18 16:02:06,2018-03-18 16:28:15,2018-03-20 22:13:42,2018-04-13 23:53:47,2018-04-16 00:00:00
389d99caa7584786ee8a27df1638f6ad,eb9607b7a646c48a5c0a94e6ef3c4dfa,delivered,2017-07-08 17:41:42,2017-07-08 17:50:21,2017-07-10 18:28:10,2017-07-14 19:47:52,2017-07-28 00:00:00
9804b55805c8c19afdf0e9af3e494a0b,6392803bb7bf94fdb660b2a57c149457,delivered,2018-06-03 13:58:14,2018-06-03 14:10:18,2018-06-04 13:12:00,2018-06-11 17:12:06,2018-08-02 00:00:00
6fe1a563bdf47496b8bba2d6c5149468,319bc74aa0d3a68dc4d3a98b9fecb45c,delivered,2018-04-18 12:14:14,2018-04-18 12:31:50,2018-04-19 19:28:27,2018-06-04 17:18:51,2018-05-22 00:00:00
efbeffeec3423546112aa13eefc4c185,83be2d70d23dff8950d003f73cc7fcaa,delivered,2017-12-15 11:35:49,2017-12-16 02:37:33,2017-12-18 19:57:10,2017-12-21 20:18:27,2018-01-04 00:00:00
39af2b85fcc6f1bd12289081f36b4a03,94d8b2dd7b914a42c966eec451f3ac1d,delivered,2018-03-26 14:32:23,2018-03-26 14:47:53,2018-03-29 17:56:52,2018-04-04 20:19:11,2018-04-24 00:00:00
ce5cc8db5db3cf165759073512ba3d82,4b62d0cad63bc44821375623cddc2835,delivered,2017-05-21 17:57:39,2017-05-21 18:10:18,2017-05-23 11:55:54,2017-05-26 09:39:56,2017-06-02 00:00:00
dee19a9ea2f63ca372aed6147e959b0c,fbab8bfa509fdb59b1a493bf43af86f7,delivered,2018-04-04 11:32:04,2018-04-06 03:08:25,2018-04-13 01:05:17,2018-04-13 17:09:29,2018-04-16 00:00:00
5a93cebb38f427b7931b20739631c9fa,8aab0bdf54d373f71d3a3fcc06e37fc2,delivered,2017-07-15 19:49:02,2017-07-15 20:03:15,2017-07-17 19:16:54,2017-07-27 18:55:48,2017-08-08 00:00:00
8f684cba1286ba5b549d75dd493e599f,b80791f990004efa9e9ae711929a71ca,delivered,2017-11-25 03:29:05,2017-11-25 04:30:55,2017-12-14 21:35:19,2017-12-16 18:21:50,2017-12-12 00:00:00
bc444369eaecdac2463e2551eff32463,744a80b67af618adfecb19c2b77e3618,delivered,2018-06-22 16:07:29,2018-06-23 15:15:54,2018-06-26 13:30:00,2018-07-03 22:28:05,2018-08-08 00:00:00
df9833929efe460f6b77cbf6e1616d1a,7fafc8356551ef67600a3f6359ac6d6b,delivered,2017-12-27 09:08:35,2017-12-27 09:19:22,2017-12-27 18:53:59,2018-01-05 00:51:54,2018-01-22 00:00:00
dd754ce1eba588bc6e8abfe24e08e791,9cf4166999de52ee29e3f654382bf761,shipped,2017-06-16 15:46:07,2017-06-16 15:55:28,2017-06-21 11:35:44,,2017-07-06 00:00:00
c2ddb96ac5a19ac184bc09cbd3c95522,c8ba8e335e38b67f23ff297491aca48f,delivered,2018-01-14 18:47:59,2018-01-14 19:09:18,2018-01-20 01:41:38,2018-01-29 23:09:39,2018-02-07 00:00:00
57cc72d3e635bf57199d76328279b875,6b3a94d9eb50fb6b8fe146eeaa06b575,delivered,2017-10-10 20:21:15,2017-10-10 20:35:23,2017-10-17 20:30:11,2017-10-26 20:11:51,2017-11-01 00:00:00
cb0a4ac036ff43852a47ceda4d254cdf,0075589b789b6bce7b058adab7e9a6f5,delivered,2017-10-03 22:45:24,2017-10-04 02:32:54,2017-10-05 17:14:44,2017-10-16 19:38:43,2017-11-01 00:00:00
2388959a19bd21ca9ce8639defeb9789,b24522673df202c02062231154a3675f,delivered,2017-04-05 21:26:56,2017-04-07 03:23:01,2017-04-13 10:35:42,2017-05-06 07:39:41,2017-05-15 00:00:00
0d43ce52df043a3cdf371f10d03764d6,66e7fa9567ac4e4f4a28f1a487e05c0e,delivered,2017-03-14 16:05:36,2017-03-14 16:05:36,2017-03-23 06:15:31,2017-03-29 14:33:51,2017-04-10 00:00:00
05d5a67b06f86425711075939a164657,716c95338343be76a421f05145f6d9b7,delivered,2017-10-24 09:17:09,2017-10-24 09:28:15,2017-10-25 22:45:59,2017-10-26 14:13:59,2017-11-06 00:00:00
749990ae992d496bb8ad6972705298f3,7c4d6cbb7855e8d33ad1087c14c3d0b9,delivered,2018-02-10 23:12:51,2018-02-10 23:29:44,2018-02-17 17:38:01,2018-02-20 22:18:52,2018-02-26 00:00:00
8678b97b317b045765dcbdf85bcb74fb,068826320c90fa65a4db813cb2e1878f,delivered,2017-11-29 14:21:01,2017-11-29 14:34:31,2017-12-01 18:38:36,2017-12-08 12:02:59,2017-12-19 00:00:00
faace5967166bad69dcbe73033140234,b759f7250ae814965050f028d53d1aca,delivered,2018-01-12 22:11:08,2018-01-13 13:09:52,2018-01-24 09:43:15,2018-01-29 23:27:50,2018-02-08 00:00:00
16e51875d15c3c8ae1f48c03b5db49d6,c19943d189d09c0daf5a6d31011d63c5,delivered,2018-06-01 16:19:27,2018-06-01 16:33:15,2018-06-04 11:39:00,2018-06-06 23:48:33,2018-06-26 00:00:00
e260cc3baa8f4aae3fab201ef60e1127,05b005e82f3f2dcc41b5504f00484e50,delivered,2018-08-17 10:59:04,2018-08-18 03:09:46,2018-08-20 13:43:00,2018-08-21 17:51:40,2018-08-22 00:00:00
b59eaa8e4e60d7bb5f7dc3ead40dbb52,0739089fe721910a47eca7ed9c938b92,delivered,2017-07-25 18:55:53,2017-07-27 09:50:17,2017-07-28 15:32:39,2017-08-01 17:29:51,2017-08-14 00:00:00
9ffaf572bc1223f9725b1835679ad356,eccbb8dbe5b62208582b1d3325aa124d,delivered,2018-01-03 21:40:58,2018-01-03 21:47:27,2018-01-04 20:15:25,2018-01-09 20:02:55,2018-01-30 00:00:00
96c9598c25e152e093aedcc8cf89ab0d,6abaa7c4f5f3b290c9f1557da81084fc,delivered,2018-04-03 22:30:08,2018-04-03 22:49:27,2018-04-05 22:58:28,2018-04-16 21:04:48,2018-04-26 00:00:00
3d894f368ae702ec71a9db9d4d21291d,b2ae80ffbea40a9641c1a368a6883841,delivered,2017-10-09 16:18:59,2017-10-11 03:35:14,2017-10-16 16:32:39,2017-12-01 18:34:25,2017-11-09 00:00:00
f256e6ae5f9bc6968eb25800d1360ab9,5e0c77608746c464f57855173086e0fa,delivered,2017-12-05 16:18:27,2017-12-08 17:30:24,2017-12-14 00:19:43,2018-01-09 17:57:27,2018-01-02 00:00:00
030c39b681ff2f80d984e9190524a029,40d765d8bd08edbea11e2857bb737b81,delivered,2018-04-29 22:45:30,2018-04-29 23:09:42,2018-05-04 15:19:00,2018-05-11 00:56:55,2018-05-23 00:00:00
472e43804bfd61093592dd9ada32ae2e,bbac29c51bb48d544ffaa7485344f42b,delivered,2018-01-14 14:43:52,2018-01-14 14:51:25,2018-01-16 14:48:14,2018-01-17 17:17:50,2018-02-01 00:00:00
92d277181976dd1ae82d2d739755ec17,aef25365c2c16bfaabe4dd0fe95cd9a2,delivered,2017-04-04 18:02:11,2017-04-06 02:43:18,2017-04-06 13:48:34,2017-04-10 16:54:45,2017-05-03 00:00:00
0b0e92124b8a170cb0d9bb34154aa70a,a01e5a14ca4da35a609812d73b7519f2,delivered,2017-12-07 19:42:11,2017-12-07 19:53:25,2017-12-08 22:48:44,2017-12-14 18:25:54,2018-01-04 00:00:00
03e4b19921428d651853f2935176e951,245330e667436609ed3e8ead1554eaf2,delivered,2018-01-14 13:37:42,2018-01-14 13:49:23,2018-01-17 20:37:57,2018-01-22 19:22:01,2018-02-05 00:00:00
66b12481cc96a1cd3433f135e812ce3a,ef553fe919dcf778989f099f9c02774e,delivered,2017-03-31 12:20:44,2017-03-31 12:30:50,2017-03-31 20:00:09,2017-04-12 07:34:42,2017-04-26 00:00:00
894f6e0db677f7c543348befc4ecc7da,9b1d5f24edbeae5ce310d1fe6a15fd8d,delivered,2017-09-07 20:32:33,2017-09-09 06:34:10,2017-09-15 17:33:05,2017-09-20 17:27:12,2017-09-26 00:00:00
7771f12b8336695166d8e1fc01bed225,9082b1568abf65c8110985c719dc70de,delivered,2018-05-31 17:45:32,2018-05-31 17:55:15,2018-06-01 13:32:00,2018-06-08 19:15:45,2018-07-12 00:00:00
f70c3715f767524c73970266ba6b859e,544c8a8a4783e8b6386ef5c01d39cd6c,delivered,2017-06-08 13:31:59,2017-06-09 02:35:28,2017-06-14 15:16:09,2017-06-22 16:53:45,2017-07-03 00:00:00
31015049cbc3685e5b4d13d8586598a3,932e3af0ee6c27729b0c388a58a67f20,delivered,2018-01-24 19:56:44,2018-01-24 20:11:44,2018-01-30 23:26:28,2018-02-06 20:50:00,2018-02-19 00:00:00
b825236418f4078920d15fa3d3813b06,e5517476444480870b49c0ee5a595064,delivered,2017-06-27 22:47:22,2017-06-27 23:04:29,2017-06-28 08:10:42,2017-07-03 12:49:40,2017-07-17 00:00:00
7876543fa2ace4e27b82861d1330ecb4,67dcf09944b3b8cfcb565059b9076770,delivered,2017-05-11 13:10:22,2017-05-13 03:05:30,2017-05-15 10:47:47,2017-05-16 14:37:59,2017-05-19 00:00:00
d61b915b69851aec8a8865f36cfd793e,102fc0966044243157bb81e4ee0a251e,delivered,2017-03-21 19:25:23,2017-03-21 19:25:23,2017-03-23 16:00:01,2017-03-28 14:54:11,2017-04-07 00:00:00
178dc9ffc66f1968787b253a9318cc29,5e4aafed1eb7b023330c6085ea689f04,delivered,2018-08-06 10:48:53,2018-08-06 11:05:11,2018-08-06 16:55:00,2018-08-07 19:38:24,2018-08-14 00:00:00
e06c161158d144e9f0f0d5d4c15f5f86,e139e0f648f7eec0a23a81ee995b5c15,delivered,2018-05-12 14:15:16,2018-05-15 04:34:59,2018-05-15 13:50:00,2018-05-23 17:15:50,2018-06-01 00:00:00
d432a2eab9f386c43387aa3105877c50,0ca895968ec8e786ad4dae4a41f019ae,delivered,2017-11-05 15:38:00,2017-11-05 15:50:34,2017-11-07 14:59:10,2017-11-13 18:42:45,2017-11-24 00:00:00
287791188818821b1e768b55b446bc27,a6f899e6783a09f47bce511ffb9a2d9d,delivered,2018-08-15 14:49:40,2018-08-15 15:10:22,2018-08-17 14:38:00,2018-08-21 21:34:38,2018-08-23 00:00:00
fd2b75f431649ee3de573b444d320f48,a5668d53c44bc380c43eb532779e0bf4,delivered,2018-02-22 11:33:04,2018-02-22 11:48:24,2018-02-23 21:19:22,2018-02-28 18:23:26,2018-03-14 00:00:00
f3e80ce79cc543e78b626ae391d7ee5a,48a4a699ce0b868c080335faf69be36a,delivered,2018-07-23 20:01:09,2018-07-24 10:31:01,2018-07-24 15:03:00,2018-07-28 20:15:01,2018-08-10 00:00:00
09a1022dc99a8046b87235a846062035,3312b16ef68684caca2d3b248358e2ec,delivered,2018-06-21 14:42:11,2018-06-21 15:00:08,2018-06-26 16:52:00,2018-07-02 21:22:23,2018-07-20 00:00:00
ef59d0e720795bd288acef80bd96d2cc,4918ba73173a0a5415bd47592a6ceb6a,invoiced,2017-01-30 21:56:11,2017-01-30 22:32:00,,,2017-03-15 00:00:00
6493662503709d0182824311f551c45a,2a2a2cecd84ffb9cde3499f39a21d647,delivered,2018-05-10 11:13:43,2018-05-11 03:10:47,2018-05-11 15:13:00,2018-06-06 16:11:58,2018-06-13 00:00:00
4c6f9679175cfb7119be763dd898c8a1,428e2a922b73a9f9fd3f463f767159ab,delivered,2018-04-24 20:14:17,2018-04-26 03:51:36,2018-04-27 10:55:00,2018-05-18 23:18:51,2018-05-15 00:00:00
e20563c6d7e937815ecdf726ecf3e178,4a60dbf4842521021274dcd3d7591e05,delivered,2018-04-03 23:13:38,2018-04-03 23:30:14,2018-04-04 20:42:22,2018-04-16 19:51:30,2018-05-03 00:00:00
2ca136ae4ca40cd3af16c1af7d324f38,9477fbe4ea6010b54d7611e62df2fe46,delivered,2018-03-12 20:38:44,2018-03-14 02:35:40,2018-03-14 19:22:04,2018-03-16 20:40:47,2018-03-22 00:00:00
9dfb9705fcbf1805dbdaec67d4149b3a,85cf8450289e9620892ba625caeac5cb,delivered,2018-02-04 11:31:08,2018-02-06 03:50:29,2018-02-07 19:07:12,2018-02-16 23:18:46,2018-03-05 00:00:00
b1399bbf348818a01b01e16f166f660a,bc653fc2b72cb987f615a7694cd84c6a,delivered,2017-12-03 21:27:18,2017-12-03 22:32:13,2017-12-04 20:19:29,2018-01-09 19:46:24,2017-12-29 00:00:00
e4f554199fc4df9e7b805b6a452de525,3d7f68f4b6d4afd0a243b5f6bc894b7c,delivered,2018-06-28 10:36:36,2018-06-28 10:50:34,2018-06-29 12:50:00,2018-07-02 18:18:29,2018-07-12 00:00:00
39c41eff1afea8c296062328350b9ab9,d7730e2701034d28abe61d4316137deb,delivered,2018-07-13 10:35:41,2018-07-13 10:45:13,2018-07-16 13:55:00,2018-07-20 22:55:53,2018-07-30 00:00:00
7aee6dc90a20749566f77e5c34a9c8e9,cafc7ca677c700a6cd857bfc9a1d68ed,delivered,2017-04-15 10:20:13,2017-04-15 10:30:50,2017-04-18 14:54:34,2017-05-03 14:54:50,2017-05-12 00:00:00
a5bd353b2ac215ebe5c34f03dcd5361f,a8f423ab70e96e28a8e4878179ea4505,delivered,2018-05-20 18:29:40,2018-05-21 18:55:22,2018-05-22 17:13:00,2018-06-06 23:08:54,2018-06-11 00:00:00
c81bd857bc1711b4f9cba7c927f16144,6d5c0b9b3d555fc575af115a09be3ba4,delivered,2018-05-04 07:41:31,2018-05-04 07:51:53,2018-05-04 10:14:00,2018-06-02 14:45:33,2018-05-25 00:00:00
163f329bfca575046bce743f0ec1f553,656cd8804dd6e53c365ce118a74c11b9,delivered,2017-10-19 17:01:02,2017-10-20 16:56:52,2017-10-23 16:49:54,2017-10-27 18:47:42,2017-11-07 00:00:00
dfa8413e7d36ab13ab6b12c6c55fdc2b,62817d108deb252360c3ba76fe55875d,delivered,2018-08-03 20:31:07,2018-08-04 05:05:16,2018-08-06 15:48:00,2018-08-09 21:32:05,2018-08-14 00:00:00
cc4400f0310bb2c674d44b2b0f3a6a67,08e4e47999175e049a948f577df3b84a,delivered,2018-07-28 22:14:06,2018-07-30 16:15:20,2018-07-31 15:51:00,2018-08-03 17:32:20,2018-08-15 00:00:00
d91a069afed21a6f7b095b0a908f5008,b7442c005410200e8e70b2404b79c56f,delivered,2018-08-02 12:06:09,2018-08-02 13:04:24,2018-08-03 15:46:00,2018-08-06 17:39:25,2018-08-10 00:00:00
768660774242dac542b536c230d3a488,a30e64a6b397b502d795e0c98b2ab8eb,delivered,2017-08-16 20:11:15,2017-08-16 21:35:21,2017-08-18 10:13:39,2017-08-25 22:59:52,2017-09-08 00:00:00
a3afc054794626fa838bdf3de6073232,b9d3bd71c5017c0154b2604823f3bbcd,delivered,2017-03-16 08:27:37,2017-03-16 08:27:37,2017-03-17 11:36:51,2017-04-26 14:27:59,2017-04-19 00:00:00
62f7289ebfb6bb8bcf133442c92558d4,323a3f2d3b2d3413da554ffd9e722d5d,delivered,2017-08-21 17:17:20,2017-08-21 17:31:35,2017-08-22 18:22:01,2017-08-23 20:39:01,2017-09-11 00:00:00
39cffde7cac18d45ba04d0eda617e06c,2facb156c86725054be0061baeca3131,delivered,2017-09-27 15:27:09,2017-09-27 15:49:18,2017-10-02 17:49:56,2017-10-09 19:37:58,2017-10-20 00:00:00
b938ac4d34d8d6e6cb9f8dbfa2042cc6,6d8b841ea5c42e4fcdd1c45ebd7db0f2,delivered,2017-04-23 13:44:53,2017-04-25 08:02:48,2017-04-25 17:25:20,2017-05-05 16:22:19,2017-05-15 00:00:00
7584bd8da96214989dcf9fbdb2268b65,c30ec940f81a313d41c75e8f2a076fbe,delivered,2017-11-22 16:43:46,2017-11-22 16:55:24,2017-12-20 18:07:05,2017-12-26 15:53:19,2018-01-04 00:00:00
99b3d468655df7494c3286c020507fc7,17b4d0277079480dea89af22967e5ac0,delivered,2018-07-28 19:09:52,2018-07-30 15:55:20,2018-08-01 15:17:00,2018-08-03 11:32:14,2018-08-20 00:00:00
28c3483a3f62b4b5bb0121055f94c951,52ee705c2f82596c0d545ae32fd128c0,delivered,2017-10-24 21:35:24,2017-10-24 21:49:27,2017-10-25 21:21:53,2017-10-26 23:13:49,2017-11-06 00:00:00
c46c54fce26cfc332abf6dc199edb7d0,2543192afb3af76708145bdcb29c53a8,delivered,2018-05-07 23:18:54,2018-05-07 23:32:50,2018-05-10 10:41:00,2018-05-21 22:52:43,2018-05-28 00:00:00
46f05e5ae3a2b822e2f4148d99f69ca4,4f531f24ba13efa329c743d01004891a,delivered,2017-01-16 19:24:49,2017-01-17 03:25:19,2017-01-17 14:16:56,2017-01-27 15:09:19,2017-03-08 00:00:00
4e7a31bc83274853a6cc6c41c0193830,ff02f44d3f50bba74d4e8679fb6f8a13,delivered,2018-03-26 19:02:57,2018-03-26 19:15:17,2018-03-28 00:46:40,2018-04-09 19:12:07,2018-04-17 00:00:00
15b801b0d323da81c4b78fb9b74e7a0e,94779b9caa445191a00444b6d61f257b,delivered,2018-05-20 21:13:33,2018-05-22 08:16:22,2018-05-22 13:57:00,2018-06-05 01:38:43,2018-06-14 00:00:00
2caf51ea139cc9003d6dee63bfea1106,6f3edfd86311ca018da6e04aef89fe79,delivered,2018-03-14 18:09:43,2018-03-14 18:28:45,2018-03-19 16:57:27,2018-03-23 23:06:51,2018-04-03 00:00:00
c0c9eba73d421ff348cf87bd24ca5609,cc4e9855d82fe909d861bcdf3dd081d2,delivered,2018-05-21 15:40:33,2018-05-21 16:55:36,2018-05-22 14:31:00,2018-06-04 14:26:43,2018-06-05 00:00:00
d1041fe78c4a6af27bccc94c92c5621a,d2cf1eae9394fb594641b0cbdcf2e337,delivered,2018-08-17 20:25:23,2018-08-17 20:51:53,2018-08-20 13:58:00,2018-08-27 17:23:42,2018-09-17 00:00:00
d6f69373bd8e19dddb4c20e6d01ea72e,d9ca76461d5435e359e3b78ff500062e,delivered,2017-07-19 18:49:32,2017-07-20 19:50:20,2017-07-21 18:56:58,2017-08-07 15:26:32,2017-08-10 00:00:00
9d2aa61b374fac5dd063f36fefa602e1,6bf5d790b895c0b3dfdbc9b865ac7372,delivered,2018-03-15 20:56:49,2018-03-17 02:50:36,2018-03-19 22:22:27,2018-03-27 16:34:40,2018-04-04 00:00:00
6a43d3b2cbb42f4e417faa5566a65469,3b3da83ec0ba0f4ac5ae88220bdab905,delivered,2018-03-12 14:55:12,2018-03-14 02:49:03,2018-03-15 20:42:40,2018-04-24 18:42:07,2018-03-29 00:00:00
93bd7dc1455d3109c84703ed2186cb35,b0a35e98a28ce055c5090da452a82973,delivered,2017-12-18 23:52:38,2017-12-19 01:13:20,2017-12-19 19:29:38,2017-12-23 14:28:51,2018-01-18 00:00:00
013056cfe49763c6f66bda03396c5ee3,d3d38825275e47847abef7e1936b3bcb,delivered,2018-02-14 12:48:24,2018-02-14 12:55:56,2018-02-15 20:32:36,2018-03-03 12:09:00,2018-03-07 00:00:00
091a28ca837aa39b709aa41c0ca3d24a,3c23abb98d078da4a47ba5558833d7c1,delivered,2017-09-04 19:37:37,2017-09-06 02:55:30,2017-09-06 22:32:40,2017-09-16 17:03:18,2017-09-29 00:00:00
e6cc2e902e9f3b9a8c3fd2f60447bfd0,039eebca4d46be9067692e9611a7207a,delivered,2018-08-12 19:17:28,2018-08-12 19:30:20,2018-08-22 12:06:00,2018-08-27 18:48:32,2018-09-04 00:00:00
0382be412d28f04f932ae97df15d634e,fc04cbc6a598681d02b85ad190f1aec2,delivered,2018-04-17 17:32:13,2018-04-18 13:52:04,2018-05-09 08:01:00,2018-05-18 17:03:43,2018-05-14 00:00:00
703a50ce51c6547dfde74fd28cd92343,6450a6eaa5bbcf30b86871cfab0c37b9,delivered,2018-07-10 14:31:41,2018-07-11 03:30:14,2018-07-12 14:40:00,2018-07-13 23:06:31,2018-07-19 00:00:00
12f55fbb20dd8ff71113349776b5642a,2c07b6a19d97919269fb1402e7b51b44,delivered,2017-09-29 23:50:02,2017-09-30 00:07:13,2017-10-03 20:24:29,2017-10-10 21:24:34,2017-10-30 00:00:00
5e3e4a506d4cacd33f33b902f7be3eb6,2c5abc3a69a51d27f10be032ab66beaa,delivered,2017-09-22 11:19:47,2017-09-22 12:25:44,2017-09-25 16:05:14,2017-10-03 19:57:09,2017-10-18 00:00:00
ba3a51757fdcfef1274e42c81786e4ff,f74a230eb772c5ee26a3239cd1debe94,delivered,2017-09-12 09:27:12,2017-09-12 09:44:32,2017-09-14 17:03:16,2017-09-26 18:36:45,2017-10-06 00:00:00
498ea4c2663176b7cfa758a867a65bc8,bc01adb313381f1bd84fb71425b8596c,delivered,2018-03-03 16:33:17,2018-03-03 16:48:38,2018-03-05 20:52:03,2018-03-29 21:51:02,2018-03-21 00:00:00
cd24c66d2639db024d0841891f1549da,9d8c01aab0d2735a5331ed317166cbd0,delivered,2018-04-10 14:53:49,2018-04-11 09:15:12,2018-04-13 22:26:36,2018-04-16 20:02:41,2018-04-26 00:00:00
1db48820d18841e3330e5721352b9387,b09883a38c50f6a64741985bd80ec237,delivered,2017-09-09 15:17:43,2017-09-12 04:55:06,2017-09-12 19:52:55,2017-09-26 23:02:08,2017-10-05 00:00:00
6477737031e3b8c8578883bfa897c524,1f4ec8b52e2199f2083d25ed7c58cdf4,delivered,2018-03-26 13:03:35,2018-03-26 13:15:41,2018-03-27 19:31:56,2018-05-03 13:48:29,2018-05-07 00:00:00
9e97400ef316f1d0209aec475ab50554,191ca3c59d3e5ed2fb88a3f3ed124acc,delivered,2018-02-25 23:33:17,2018-02-25 23:47:29,2018-02-28 23:53:07,2018-03-20 22:42:02,2018-03-16 00:00:00
87da1cc36517297d8a081a9a33185eac,d289f57701f2314ec1be1494f62d676a,delivered,2018-02-26 16:04:02,2018-02-26 16:32:43,2018-02-28 23:44:25,2018-03-01 16:42:42,2018-03-12 00:00:00
d0714b92348bdff5af0cabf84ae6c2c0,27c6db37b1f4e91aa4a4c1644b904799,delivered,2017-03-10 13:16:12,2017-03-10 13:16:12,2017-03-14 05:13:58,2017-03-22 08:33:05,2017-03-29 00:00:00
1ad61c926dff6777c28e962510cc2c71,554df5e6a0e1f9a755932c72b72ce69f,delivered,2017-08-21 14:18:21,2017-08-21 14:30:19,2017-08-22 20:28:00,2017-08-25 18:32:25,2017-09-01 00:00:00
65ef477f43ef52f4234fc5fff8df97e4,b1c6db035dfac86244c0f0b8d18556ea,delivered,2017-07-03 01:12:53,2017-07-03 01:25:09,2017-07-03 13:15:09,2017-07-11 14:37:54,2017-07-14 00:00:00
ec31537c89ffa5a4bf45b611c840708e,ca61d00c6a6f785ea1e7c987d0df9534,delivered,2017-07-16 20:53:52,2017-07-16 21:05:21,2017-07-19 14:57:42,2017-07-21 21:56:53,2017-07-28 00:00:00
784e19dd0615365f6a59789d659b2fe6,ecab37577258fe43ba4494a9dfe4af16,delivered,2017-05-23 23:27:52,2017-05-23 23:42:46,2017-05-29 12:12:17,2017-06-02 09:58:00,2017-06-16 00:00:00
758d8c3ddeba66a2a9cad6c8b043dd2f,024a05bd7b940e8cf5827498ed1e039d,delivered,2018-06-03 13:17:29,2018-06-03 13:30:22,2018-06-04 16:43:00,2018-06-05 20:50:54,2018-06-28 00:00:00
f697830f52a6a751ee9469385da12bf4,52e83c4772a5af30c49df5b4e74fe1f7,delivered,2017-11-24 15:59:07,2017-11-24 19:36:23,2017-11-28 17:41:24,2017-12-21 21:12:50,2017-12-19 00:00:00
aa20c8dee3466002e6bd9d64cdac1bdb,3657140e934d7cae7060c6ecf02a3a43,delivered,2018-08-07 10:06:59,2018-08-08 03:05:22,2018-08-09 13:06:00,2018-08-10 16:31:42,2018-08-15 00:00:00
6649d935be7a1df58b2dc3754fb17379,756fdeca18f4b3e84fa1123a3b967a26,delivered,2017-07-23 13:03:42,2017-07-23 13:15:20,2017-07-26 15:53:49,2017-08-01 18:18:54,2017-08-11 00:00:00
a958c924f6b23ca49ded10f6f5aa862a,6677de4eafbe968dcf5088ccc239aa33,delivered,2017-03-03 16:33:56,2017-03-03 16:45:10,2017-03-07 11:41:07,2017-03-09 16:12:40,2017-03-22 00:00:00
c0e9ca196d5699995f7b3987a8931ebf,a96409ee32065b754ef0d49cc8a80d5f,delivered,2017-05-08 13:01:31,2017-05-08 13:10:19,2017-05-08 15:39:46,2017-05-18 08:15:53,2017-05-31 00:00:00
152c657cdbdb6b803884cb4f691d17e9,153de0dfaa218eb8a6ffcc4bd5cd0f65,delivered,2018-07-14 17:06:20,2018-07-14 17:30:15,2018-07-16 14:56:00,2018-07-24 19:49:54,2018-08-08 00:00:00
8af380f996db86bc8ab5a4c0da0e91ec,48c139b76aea64c5a5f88b4f3bf57ca8,delivered,2018-04-01 12:30:49,2018-04-01 13:10:11,2018-04-02 18:32:35,2018-04-10 22:41:16,2018-05-04 00:00:00
dec95374a1bf2366249bf770e0568a85,378d61367c6ec285314c674bb3398b4c,delivered,2017-08-07 20:16:06,2017-08-07 20:55:08,2017-08-08 22:10:07,2017-08-12 10:22:12,2017-08-18 00:00:00
5b1376fe61863fe3508011db309e35fe,b9c504b633cd3d85d4128856a67209c2,delivered,2016-10-04 13:16:57,2016-10-05 03:11:34,2016-10-14 23:20:15,2016-10-17 20:24:25,2016-12-08 00:00:00
422643519f1061cfc8efcb75a97f87c6,eb8423de6e04d9f0972caa2fede3b30f,delivered,2018-08-09 22:53:59,2018-08-11 02:44:33,2018-08-14 13:58:00,2018-08-17 22:38:38,2018-08-31 00:00:00
1c4acc151bb811f44df88e95d31288c4,8fc86dddfcac06c7ad237d058df9d2ca,delivered,2018-07-25 14:25:40,2018-07-25 14:35:20,2018-07-26 08:45:00,2018-08-02 17:54:47,2018-08-10 00:00:00
3d27905aa7b2ee7fc7bac918f949ea18,6a2e3e4639c96b312ab2bf09548fb2a7,delivered,2017-12-04 23:04:46,2017-12-06 22:58:31,2017-12-11 22:57:56,2017-12-12 20:19:58,2017-12-20 00:00:00
52636dd3c039f62169b0eb724af63047,ffc2f51857cae8a61ec9f9a15c7861c8,delivered,2018-01-02 18:21:56,2018-01-02 18:31:14,2018-01-09 17:44:01,2018-01-11 22:38:54,2018-01-18 00:00:00
d3aa5667ad65af7fa58a5481d0aff07a,3f5939e06e89efd9e9ca8ef3ab9d68c7,delivered,2017-01-29 13:42:10,2017-01-29 14:31:11,2017-01-31 16:16:00,2017-05-12 13:43:02,2017-03-08 00:00:00
45863486f903e4fbfe9a18dd7aebb8d3,547d6ffb01ccfdcd3987a70bff3746d0,canceled,2017-10-20 16:14:06,2017-10-20 16:32:34,,,2017-11-01 00:00:00
a8bb77ab67213461d5c632d41df4fafd,2721ef590caf4432f4b543b9048f9cdf,delivered,2018-07-18 10:31:15,2018-07-18 10:42:08,2018-07-20 14:41:00,2018-08-01 16:12:12,2018-08-06 00:00:00
bc8e285705d492abebdf4fce7786ab80,074ad3e276e634301ea5e2d65817a2f8,delivered,2017-11-29 12:14:00,2017-12-01 11:31:32,2017-12-01 21:23:51,2017-12-15 22:38:55,2017-12-22 00:00:00
fd1272ba40a94a5fbc6e9548a8486867,2bfd566c10ff41c47dc6e2f9dd51b467,delivered,2017-11-01 09:57:54,2017-11-09 15:15:38,2017-11-10 22:26:35,2017-11-24 16:43:29,2017-12-01 00:00:00
3c4bb13fb00d3bc789b3dca0789480a5,be24ef8018f62f3b54f287c7e87d0abb,delivered,2018-04-12 14:44:36,2018-04-13 12:50:32,2018-04-17 23:08:28,2018-04-18 23:06:37,2018-04-30 00:00:00
0e3b58fbb4c7e525bdf7bcdde27a2881,c1f630f847fefcf231795c191cb27135,delivered,2018-04-15 22:10:05,2018-04-15 22:29:58,2018-04-18 16:16:47,2018-04-20 18:19:11,2018-05-04 00:00:00
2bd3710aaa1caffa42b8d737e093fec2,ea1817afaad169786d259346fdf888cf,delivered,2018-04-27 14:00:58,2018-04-27 14:15:19,2018-05-03 15:12:00,2018-05-08 17:14:54,2018-05-23 00:00:00
928491f9ad93ae20de89668ea4a968e0,f5159b3b9ccb129db32f08741a49346c,delivered,2018-07-22 10:18:38,2018-07-23 14:31:40,2018-07-24 15:28:00,2018-07-31 15:25:06,2018-08-08 00:00:00
85bb28ec7b858a8b703d82a51b3f5e1f,404563b19eb7787cb7a8e07e853f7250,delivered,2017-11-24 21:36:12,2017-11-25 04:32:30,2017-11-28 02:06:44,2017-12-06 18:48:07,2017-12-21 00:00:00
407d3134dc85d0544ca41fda99cb3ca6,0d785812b68075d9a8655a1b99838b3d,delivered,2018-01-27 19:53:01,2018-01-27 20:11:23,2018-01-30 21:35:24,2018-01-31 19:58:55,2018-02-14 00:00:00
ef759931a1e239c554b2d2a25957e7cd,7f92a5a3c124617036e08b36b671db1e,delivered,2018-08-20 17:34:52,2018-08-20 17:50:27,2018-08-27 14:24:00,2018-08-29 17:18:58,2018-09-11 00:00:00
1c9d3054ad510a747ec88979fc23ba1b,1db8643e88610cf793b25eee2f1f112d,delivered,2017-10-10 11:52:34,2017-10-10 12:40:13,2017-10-10 18:32:32,2017-10-17 20:23:34,2017-11-06 00:00:00
7f02d70013ec3fbf6a7f5791f936d832,7074b20d7eb3f9f5772cd7cb57943fdf,delivered,2018-05-08 20:06:20,2018-05-08 20:54:51,2018-05-09 12:55:00,2018-05-19 17:18:36,2018-05-22 00:00:00
c7977a0bc84c2c27cea943159176bebc,45a4a967fd7fc2a3db5085bc3910d620,delivered,2017-12-05 20:33:54,2017-12-06 10:30:56,2017-12-06 19:42:13,2017-12-23 14:44:22,2018-01-11 00:00:00
8f730a0eecbb6db8ee92ebb91e8f38b1,64d518d107bd6985494581f424c610e8,delivered,2018-02-28 12:17:22,2018-03-01 02:49:06,2018-03-02 14:52:16,2018-03-08 18:36:53,2018-03-23 00:00:00
bb65cf663cf96eb29d1ce02a381e8b62,b29530aa87c9b50aabb396553fdfb92c,delivered,2018-04-18 17:08:27,2018-04-19 17:07:30,2018-04-23 18:16:55,2018-05-02 19:49:01,2018-05-17 00:00:00
eae696a5d4f36a048c3c1e78d611253d,d7f9b99fdd55914fdfeeb0d1992e5a2e,delivered,2018-07-03 15:23:01,2018-07-05 16:30:42,2018-07-05 12:30:00,2018-07-12 17:33:40,2018-07-31 00:00:00
55e534e4404a08c4c40286d8c4fe238b,ed3aa2ddc14588b29300b12464ea6b5b,delivered,2017-06-11 19:57:45,2017-06-11 20:10:13,2017-06-13 13:18:19,2017-06-26 11:19:43,2017-07-07 00:00:00
2c6b178947f5f631ec35f2a04c65c6d0,f87712f15c2aa54a6fed9be2010db5e9,delivered,2018-08-06 21:31:11,2018-08-06 21:45:22,2018-08-07 10:52:00,2018-08-13 17:48:28,2018-08-17 00:00:00
4749a1374297f0088e587cf8cd9cc3f6,e84561f53798e85dd5b8f0714133a622,delivered,2017-10-04 09:58:44,2017-10-06 02:24:57,2017-10-06 16:14:36,2017-10-10 21:03:37,2017-10-26 00:00:00
2873470e494bfa664423c256505962e1,ea2ffcd3dfb1bf456448d1d3ae20a0a9,delivered,2017-02-17 08:54:33,2017-02-17 09:05:18,2017-02-17 12:39:34,2017-02-22 14:18:40,2017-03-16 00:00:00
b70023bffe55b2d36ea9ba3badb49622,99ef4e0aa84f8a7c85798e0555f76b19,delivered,2017-12-04 21:04:28,2017-12-05 08:31:18,2017-12-05 17:37:18,2017-12-19 21:52:40,2017-12-27 00:00:00
093a73d7cb4b891645273a1879e6161f,0e09f4a4b3b82f77dd0fb14effe37fc3,delivered,2018-04-16 11:14:51,2018-04-16 11:31:22,2018-04-19 21:06:56,2018-05-02 20:38:41,2018-05-10 00:00:00
3fe4ba391eeff167bfdda2c590013b02,a09edf8c1e842e94805a206b3d73eed5,delivered,2018-06-13 11:21:18,2018-06-13 12:09:22,2018-06-13 14:52:00,2018-06-14 15:03:26,2018-06-25 00:00:00
be01aa43cde592a2cb281cb5d36359d8,097384aa3c0d8e6b6646c11a53418cdb,delivered,2018-05-18 09:24:30,2018-05-19 03:12:59,2018-05-22 07:02:00,2018-05-28 20:08:23,2018-06-04 00:00:00
07cba3be3e87c6b1acd31377b79122b1,2e2efc3c05ffb5ca0d81afa1a4ddd4ea,delivered,2017-06-26 15:12:03,2017-06-26 15:23:49,2017-06-27 13:47:45,2017-07-06 15:03:16,2017-07-18 00:00:00
cb5c4ea12e93c16a94c2bf3dbafa0fe1,b66e464c6bbb6acb17a4bbb1c1c99bc3,delivered,2017-05-23 14:00:59,2017-05-23 14:15:25,2017-05-24 16:21:25,2017-06-08 13:58:27,2017-06-19 00:00:00
3146c0c437f6206198d8934ace1935e1,40ead1765c27ad42ebae2ecde1ece54e,delivered,2017-10-06 21:36:12,2017-10-07 02:25:15,2017-10-09 21:55:45,2017-10-20 22:37:27,2017-10-30 00:00:00
59da3bd70f1d9278c6ae1577cd16de12,115169e81289a703470c78057872755f,delivered,2018-01-14 08:18:41,2018-01-14 08:29:36,2018-01-15 23:42:37,2018-01-19 18:23:04,2018-02-08 00:00:00
10b969432209d7b8bd0ebb07fc6cf6cb,5593f43ee73a62a5502d1c575d96bfb4,delivered,2018-01-27 12:22:18,2018-01-28 12:16:30,2018-01-30 00:39:01,2018-01-31 21:13:09,2018-02-15 00:00:00
274a1c50ff2991f27b21bd8465c43882,1de54ffbfb658eec45cfc9bd9bfb2917,delivered,2017-12-16 16:42:20,2017-12-19 09:50:56,2017-12-19 18:49:36,2018-01-06 12:17:31,2018-01-16 00:00:00
4a544fe98dde76d5f78dde8a2a1986e7,5e954433dc8145a71eb80a6def852f5d,delivered,2018-03-21 15:48:52,2018-03-22 02:35:43,2018-03-23 22:33:16,2018-04-03 22:05:42,2018-04-13 00:00:00
0cb617c8bf1a34cf77947ac7d8b393f0,6344d00636d39fababe43b09e0159ca2,delivered,2017-03-06 00:52:32,2017-03-06 01:05:48,2017-03-07 13:34:57,2017-03-13 21:15:00,2017-03-23 00:00:00
421fc9c7335cfa178d12fb8605fe8030,73e5dad5870a74ccfe5e238302a8ff34,delivered,2018-01-23 15:34:37,2018-01-23 15:51:31,2018-01-25 22:24:21,2018-02-01 21:23:47,2018-02-16 00:00:00
e1b7c817cbe8c84aeaad8a92bc96970c,9734ba42a6232a561918467cef0c6d7f,delivered,2017-08-10 16:08:46,2017-08-10 16:25:08,2017-08-11 20:04:50,2017-08-23 20:17:45,2017-09-05 00:00:00
b4a53c840c47fa892902f68fd00c71cc,33552c5bee8385e905e8fee139427525,delivered,2017-06-01 23:44:31,2017-06-02 01:05:22,2017-06-02 16:03:09,2017-06-05 17:15:28,2017-06-14 00:00:00
b2882c91557edcc086bc11bc8aa0805a,690ba4d5f5c3850bc7377fe13e6f353f,delivered,2018-06-16 17:24:06,2018-06-16 17:38:50,2018-06-18 15:45:00,2018-06-22 21:04:21,2018-07-19 00:00:00
aa258c22c28dfa03522e7997c426e627,82bee56e5e5857fe1dcd984cb33b3558,shipped,2018-08-10 13:02:31,2018-08-11 12:55:26,2018-08-14 14:38:00,,2018-08-27 00:00:00
1fe59b7c4d7a5015c3c73464f4d2e719,693f0c6c1fe7edc469dd9bf07e358fa9,delivered,2017-05-22 16:30:28,2017-05-22 16:45:13,2017-05-23 15:03:28,2017-05-29 09:43:44,2017-06-13 00:00:00
84ddfd4c559558c53b5a4c6765e49be8,16d5e579f5c682f592d57463ea890794,delivered,2018-08-09 21:31:52,2018-08-09 21:44:52,2018-08-10 15:11:00,2018-08-13 22:35:48,2018-08-15 00:00:00
a38bcbcce65d77a0fc34b3ae0445896e,a8307ca53981c0c34879e4c00c4d9daa,delivered,2018-01-03 22:19:57,2018-01-03 22:30:22,2018-01-05 18:10:51,2018-01-12 21:22:52,2018-02-05 00:00:00
25329aedc3217909f194254caa1e2bb1,8e993fed68917a4e01069b16d9fb2e3d,delivered,2018-05-03 12:05:59,2018-05-03 12:54:57,2018-05-03 14:20:00,2018-05-07 17:48:54,2018-06-06 00:00:00
d6573c37b3389e591e6b1a8e286eac99,a5193734c2a6462a16cbcac9f059d36f,delivered,2018-04-19 05:08:09,2018-04-19 05:31:27,2018-04-20 17:35:26,2018-05-04 23:16:31,2018-06-07 00:00:00
ba992a67b91b76a97c227e1ad48658f5,f10d33418980c7f04fe434a6d6c85c5e,delivered,2018-08-03 14:48:15,2018-08-03 15:04:13,2018-08-03 13:58:00,2018-08-14 20:32:31,2018-08-30 00:00:00
d9fa5ad719e1732700ccfc765c6ff6a6,c4d577a3b00d363c6a6e57d629b4b558,delivered,2018-03-19 16:21:03,2018-03-21 08:47:55,2018-03-22 18:56:58,2018-04-02 19:03:44,2018-04-10 00:00:00
c671f90758b4e249a77ccaf0726e2fba,fbebdb808932c68bf8286924bebd2f35,delivered,2017-10-07 17:03:03,2017-10-07 17:14:11,2017-10-11 22:15:30,2017-10-21 12:41:03,2017-10-31 00:00:00
d3920d21fca6f163bb21d3fbf37270a7,c59a26fd6c8ed95ed5fae98fc9560f96,delivered,2018-08-07 18:37:44,2018-08-07 18:55:17,2018-08-09 14:33:00,2018-08-11 02:31:46,2018-08-10 00:00:00
b9131d62e87708cd77241974dd137644,24e460d9a4768124cfbaafe7821b4c89,delivered,2018-05-31 17:26:42,2018-06-02 03:31:53,2018-06-02 08:26:00,2018-06-11 15:10:55,2018-07-13 00:00:00
9ba0521c38be94b8c0028f57a8ec1625,8359a4e1beea4fed5c5fa85bafe7f41f,delivered,2018-01-02 12:04:00,2018-01-03 04:37:37,2018-01-10 22:28:38,2018-01-26 18:33:42,2018-01-29 00:00:00
7a47c118c1f2f25fe139e684610c3b97,fe259c53551918246c4d67649e1a9833,delivered,2018-06-12 20:08:15,2018-06-12 20:44:35,2018-06-13 10:18:00,2018-06-22 18:41:22,2018-07-11 00:00:00
4f4830984a832508339321d903174164,7faafe593337514d4a641f262f8df52f,delivered,2018-03-11 15:37:25,2018-03-11 15:50:35,2018-03-13 00:14:46,2018-04-17 17:44:33,2018-03-29 00:00:00
994fed4592791404bb97a20926ef793b,f48300b3e5f02355017a4fb7b3cbf165,delivered,2017-11-29 16:23:29,2017-11-29 18:12:42,2017-12-06 16:09:10,2017-12-12 17:41:48,2017-12-22 00:00:00
563a48e2c7312a1aeefbbae15eb17521,92e944661c1d4cbed22d076c56a0c811,delivered,2018-03-27 16:37:52,2018-03-28 12:55:20,2018-03-29 00:34:24,2018-04-07 11:28:51,2018-04-23 00:00:00
d3a2d71aecfd58b0ddd6b9d7b56ed55d,22a330de6f63a8d1631ce94b17a4fafe,delivered,2017-07-24 22:09:04,2017-07-24 22:23:14,2017-07-26 11:07:51,2017-08-09 17:17:38,2017-08-28 00:00:00
d0fd7d0f74f7fc059d90cd8280dccfe0,ca9645866af9d1031c01407bb61027d1,delivered,2018-03-22 17:47:48,2018-03-22 18:05:22,2018-03-29 17:06:12,2018-04-04 10:26:20,2018-04-10 00:00:00
71ffc719d4d2f2dd4f358a699fe72fac,c081e5560f2bc273db90a62b6170d30a,delivered,2018-02-01 08:10:40,2018-02-01 08:50:42,2018-02-02 01:32:12,2018-02-20 23:42:07,2018-03-01 00:00:00
dc0ca34b53f7a8ca4217e1dd6b32496e,c5e9fffc86cfd08b334b8926e15212ec,delivered,2018-05-22 12:43:25,2018-05-22 12:56:29,2018-05-23 13:41:00,2018-06-07 20:18:51,2018-06-14 00:00:00
b33e18d1fcf749a71353cb930defb526,fa38437126f3c5280251edb9230a1fd5,delivered,2017-10-01 16:44:00,2017-10-01 16:56:14,2017-10-03 17:24:23,2017-10-08 13:48:39,2017-10-23 00:00:00
fa1a82991080d1ed588c811aa7e8fdb6,a5fef962b76277b1f7be4cd07c6f9ed4,delivered,2018-02-06 17:44:57,2018-02-06 17:55:32,2018-02-07 20:33:33,2018-02-20 18:03:46,2018-03-12 00:00:00
5e8b4aa74976e14d93bdf32760b2e1f0,f629ff4435d49eeb39b038a67ca0f78f,delivered,2018-06-26 08:14:39,2018-06-27 08:11:50,2018-06-29 16:32:00,2018-07-03 21:44:00,2018-07-26 00:00:00
9569fe56b2cec2f82be5be811b498266,7832b66087e5858ae429867db0ba889c,delivered,2018-04-16 17:50:32,2018-04-16 19:11:39,2018-04-17 19:28:21,2018-04-18 19:42:37,2018-05-02 00:00:00
c81a53ce413fcbd0a95b2cd1f82602c7,852b5864d6d4cec1a712d2ec772e614b,delivered,2018-05-22 14:06:59,2018-05-22 14:34:40,2018-05-23 11:59:00,2018-05-24 16:42:33,2018-05-30 00:00:00
cc3ce3d2de338034139dce933aa0194a,d52f718ffe570d3b13b03311bde3a13a,delivered,2018-01-15 23:17:02,2018-01-15 23:30:00,2018-01-17 21:41:14,2018-02-06 16:22:56,2018-02-08 00:00:00
16a0100758e7dc53d0b3f271c63f4906,e61fe87b0864704d29fd5915b7387215,delivered,2017-05-12 18:13:32,2017-05-12 18:25:18,2017-05-16 10:54:00,2017-05-25 06:59:54,2017-06-01 00:00:00
4ffc1b827a6dd12870115ee85e68945c,2a879e93dbeca9d0ed0c16c960f3cdd8,delivered,2017-12-05 01:57:56,2017-12-05 10:05:07,2017-12-06 19:47:31,2017-12-15 23:16:37,2018-01-05 00:00:00
e4606fed871d036cbc9acbbd4e3282f1,0013280441d86a4f7a8006efdaf1b0fe,delivered,2018-01-08 02:35:36,2018-01-08 02:47:54,2018-01-09 15:44:22,2018-01-10 18:20:12,2018-01-24 00:00:00
3aaceb3d2496f25c10734bad0847657b,689aaf7d943b42227eaa5bd4a505fe2e,delivered,2017-12-24 16:15:05,2017-12-24 16:29:12,2017-12-26 21:52:21,2018-01-08 18:27:37,2018-01-22 00:00:00
2e2439a5475026018c3062e54f16f56e,ec89c677003879751aec04307129540a,delivered,2018-08-20 17:49:21,2018-08-20 18:10:00,2018-08-21 13:56:00,2018-08-30 11:58:39,2018-10-02 00:00:00
9435ca9f9a67ac50e1fef5dbd0c29518,e82bab9bfcad4584028d4ce864f9cf74,delivered,2018-04-16 10:31:09,2018-04-16 10:50:55,2018-04-26 12:59:00,2018-05-02 18:42:22,2018-05-14 00:00:00
cb2acc8f1def3d443b4716cdc8188102,cd66c6ddcfc749e99c24294f5c10d76d,delivered,2017-11-22 21:55:47,2017-11-22 22:07:26,2017-11-23 23:34:41,2017-12-01 22:34:40,2017-12-20 00:00:00
50620e639f6ed3116494d51bd888f449,ddf999d85abba0ea3319bb99dc8d7495,delivered,2018-02-27 10:20:34,2018-02-27 13:10:25,2018-02-28 21:37:23,2018-03-05 15:22:52,2018-03-28 00:00:00
97855256a6d84e478ae2894a9f8b0209,0b65a4d0707c6168a14491999220a2bc,delivered,2017-11-09 23:40:59,2017-11-10 23:46:31,2017-11-16 12:17:06,2017-11-23 18:55:34,2017-12-04 00:00:00
b84ecc7b64445484f0775bf89f139fcf,ff3c90446e084e96469868b72428e16d,delivered,2018-02-12 12:37:37,2018-02-14 07:46:51,2018-02-19 23:52:19,2018-03-06 22:18:30,2018-03-27 00:00:00
d5f958ee0f7fd3c31de97a5316655292,8b25e268c2f35378cb13b4aeee7ef12b,delivered,2018-02-10 08:39:03,2018-02-10 08:50:30,2018-02-14 18:49:00,2018-02-23 16:12:03,2018-03-07 00:00:00
23b051786ba773bb672b5c49456b8511,d55606cbf9e683ce2153dc986b823665,delivered,2017-02-05 18:08:39,2017-02-05 18:15:15,2017-02-07 09:13:32,2017-02-20 16:27:40,2017-03-03 00:00:00
bb6ad5da18745c25ea9a43797598dfb7,c2a1a15a515ad0cc603955060a46a30c,delivered,2018-01-09 23:19:04,2018-01-10 10:32:12,2018-01-10 20:48:34,2018-01-11 16:36:27,2018-01-26 00:00:00
cf893eae56a00ef5d7a02f3db19dd687,c5c18ee97e7c295ae57a2887c946ff80,delivered,2017-07-27 11:50:33,2017-07-27 12:05:44,2017-07-31 17:56:00,2017-08-11 17:52:33,2017-08-22 00:00:00
bd2b7745e4aba6100b89a52d7e6dc9e5,88f96ddc00a7cfd77acef6618ade7522,delivered,2017-03-12 22:14:20,2017-03-12 22:14:20,2017-03-14 14:21:59,2017-04-11 16:07:36,2017-04-11 00:00:00
62ef0cbba07110a267fa4206fcfe7862,aa0e9dbae0fd13c89d3de710a9f907a4,delivered,2017-08-23 14:09:01,2017-08-24 14:30:17,2017-08-25 19:57:32,2017-09-17 18:46:19,2017-09-25 00:00:00
0452090193a8d241f971d25e584e9ca0,91449a9f90feafcbfcb06adfa94f268e,delivered,2018-05-16 19:59:19,2018-05-16 20:16:33,2018-05-29 09:26:00,2018-06-06 17:11:21,2018-06-18 00:00:00
becacb74a2852573d3b095348a9da1ed,31ab6a796d6f50e7984aba374f115b28,delivered,2018-04-17 18:45:44,2018-04-17 18:55:25,2018-04-19 19:51:14,2018-05-04 11:48:31,2018-05-14 00:00:00
8fd54efdf2102a4ffc45a0738ed2c80d,274441782dc4d0fd178ee41e34c4fcdb,delivered,2018-03-06 19:04:37,2018-03-06 19:15:32,2018-03-10 02:04:24,2018-03-14 17:13:00,2018-03-16 00:00:00
4dbb5ab859405ac1cb171f7cd93e7f3a,d8a6298a435be79c1978e87053075869,delivered,2017-11-25 15:38:11,2017-11-25 15:52:00,2017-12-06 14:57:49,2017-12-15 18:46:40,2018-01-03 00:00:00
a5efe4e83ffd7dbdb8c8102c47331c63,33679460a15775f35c988ec8817f150b,delivered,2017-07-27 18:41:42,2017-07-29 02:30:39,2017-08-02 19:09:27,2017-08-11 19:06:07,2017-09-04 00:00:00
0bbed493fd86aa835b13d1ff5ad91928,40f3a8d02b47a0705c03269ffc9a76dd,delivered,2017-05-22 16:41:52,2017-05-22 16:55:19,2017-05-26 12:55:04,2017-05-30 10:53:15,2017-06-16 00:00:00
8cd59737a938a31e140272aabb715543,d1dcb2de346966e49bd9624ed8df0718,delivered,2018-06-29 09:09:19,2018-06-29 09:31:34,2018-07-02 15:54:00,2018-07-03 21:51:07,2018-07-13 00:00:00
f45db065a65c6f14f0ac1012f36cf250,4f26ff6d59c4bc4744d70fec4baf7782,delivered,2017-08-17 10:32:59,2017-08-17 10:50:09,2017-08-18 14:45:39,2017-08-29 17:55:05,2017-09-13 00:00:00
077934ed5527f66c12ae98ad498190e1,adcaeeb04652f5b33cd90d497c6cadd8,delivered,2017-05-23 23:52:30,2017-05-25 02:50:19,2017-05-25 11:56:54,2017-05-29 12:47:20,2017-06-19 00:00:00
d1bd3c7e3b0b992fce5f869db96e3b81,ca5da494dbc0e5cc1b5df9b6a1876d4e,delivered,2018-06-28 12:53:05,2018-06-30 02:35:13,2018-07-03 15:33:00,2018-07-10 14:27:32,2018-07-25 00:00:00
ce6d6c97c681b91f6a645bf24c8da7ff,996dddfbf0751298292794a9341ceb95,delivered,2017-12-01 20:36:32,2017-12-03 20:31:30,2017-12-06 19:04:33,2017-12-13 18:44:28,2017-12-26 00:00:00
afaaf57cbf11dfab11d3c74671837e10,453cc2aeba9aee3d111f7b2110267cc5,delivered,2018-02-06 11:55:19,2018-02-06 12:13:01,2018-02-09 12:51:25,2018-02-23 18:47:11,2018-03-15 00:00:00
3528ffd028404de1b01011b8c799bd6a,e5ec2ab6c7c12af8bafb41dfa65f1156,shipped,2017-09-21 22:22:18,2017-09-21 22:35:20,2017-09-22 19:32:23,,2017-10-25 00:00:00
1789de6268270fe6cffeb6071ee2a771,2e0b25d3a271e4c0f671acefb6cfaffd,delivered,2017-08-27 15:53:46,2017-08-27 16:10:07,2017-08-28 19:33:58,2017-09-04 17:38:37,2017-09-18 00:00:00
0bd6f6cbd1aa613a762bcc714ffcadd5,a2201a196851d833c88b932614aa23a1,delivered,2017-08-01 22:24:02,2017-08-01 22:45:06,2017-08-03 16:13:43,2017-08-10 01:13:36,2017-08-23 00:00:00
ca1c186adb5522172d58df18800ee2a4,d6f9c41d214bf25bb982f4ee56649529,delivered,2017-02-27 16:23:21,2017-03-02 03:55:34,2017-03-03 06:38:41,2017-03-15 16:35:37,2017-04-04 00:00:00
43ef9ff2ae77fa4e8097bf6a7d8ab842,0acec272a98f593837867858c336bc2c,delivered,2018-02-02 16:42:47,2018-02-02 17:23:49,2018-02-08 22:55:05,2018-02-16 11:12:15,2018-03-05 00:00:00
3efebcb1a80d41e5a7865605155b8c09,783d233e64f5c36e45794c0aa2c99401,delivered,2017-05-02 13:41:47,2017-05-02 13:50:20,2017-05-04 17:10:31,2017-05-08 13:57:47,2017-05-25 00:00:00
8e6560f082c82cd950eaeb5dabcbeea6,b3a442492d804e0df43ef6c7e410d8df,delivered,2018-02-07 03:14:50,2018-02-07 03:29:56,2018-02-07 23:34:05,2018-02-19 20:16:02,2018-03-08 00:00:00
36bcbda035e6775be01e15081157c4aa,d0f925724e01c44080ff511fc5021bba,delivered,2017-11-25 20:37:46,2017-11-25 20:51:56,2017-11-29 12:42:12,2017-12-28 17:28:15,2017-12-18 00:00:00
dde501be9ad20d82ea7709dbaade2aa0,616ab5714fcb791a7a63c1d7420e4c70,delivered,2018-04-07 13:51:32,2018-04-07 14:08:26,2018-04-10 00:31:21,2018-05-02 17:34:05,2018-05-02 00:00:00
7a1cfb8ab21a6a46e9b7d41c0e922eb4,5f7180ee849e6af7aa49bf7abf1eac79,delivered,2017-10-25 21:30:31,2017-10-25 21:49:15,2017-10-27 20:13:52,2017-11-09 17:22:40,2017-11-22 00:00:00
6848d71748f08564d5de7f474307ab59,9a8e5079815727677c72c4791d3c3a4f,delivered,2017-11-29 21:51:19,2017-12-01 11:31:18,2017-12-01 18:12:14,2017-12-12 17:19:27,2017-12-29 00:00:00
a6e9b80a7636eb8dd592dbb3e20d0a91,17ab24e33d80fb0660f01a61de8a2fc0,delivered,2018-05-30 09:11:37,2018-05-30 09:35:13,2018-05-30 14:19:00,2018-06-11 21:48:50,2018-07-13 00:00:00
d245a4f2e759575b2586b033bacdea52,83e1ca0c7de01b17939ac6af462892db,delivered,2017-06-05 16:37:47,2017-06-05 16:50:19,2017-06-06 15:20:52,2017-06-12 16:41:40,2017-06-29 00:00:00
7c3737205cc106d15b37199a8a95d0d4,15c1df605f5ac68ec5b9155103990024,delivered,2017-10-17 23:40:15,2017-10-17 23:49:47,2017-10-18 21:02:34,2017-10-19 16:30:05,2017-10-27 00:00:00
fb43ba30432ed7ccec662861d4959252,d6b516bb5a644120e852f11b8cdd0db1,delivered,2018-01-06 15:21:08,2018-01-09 07:20:04,2018-01-10 12:08:30,2018-01-13 16:41:49,2018-01-24 00:00:00
ac018e51985244ead60060db0a84f1ad,8a9003f36ee92e9312ee45a1280a0b7c,delivered,2018-03-11 17:09:55,2018-03-11 17:15:31,2018-03-19 17:48:49,2018-04-11 19:28:38,2018-04-11 00:00:00
11976fce6f2db8eb99598a3951b25137,5d21b4f43572b65ac05e74dbc206b51f,delivered,2017-09-28 17:36:36,2017-09-30 02:28:24,2017-10-04 00:10:04,2017-10-16 23:33:25,2017-10-31 00:00:00
f66b8bf378bdd2acca8604ef27039f1f,94316b10a38127d6f2291d061879acee,delivered,2018-08-09 08:24:53,2018-08-09 08:35:17,2018-08-09 14:10:00,2018-08-15 20:12:44,2018-10-15 00:00:00
d02add6627c4d73a21227674f39e6f86,e1e9b9c2601f12c07d764a115f54f6fd,delivered,2017-08-09 14:55:42,2017-08-09 15:10:27,2017-08-10 20:33:40,2017-08-25 18:23:19,2017-09-05 00:00:00
97552822029d7859e945e88913d3e814,bdb4be59f25a3097fc4cf1ff25ade1d8,delivered,2018-04-27 23:15:01,2018-04-27 23:30:40,2018-05-03 14:42:00,2018-05-08 13:49:48,2018-05-23 00:00:00
3b8e6e47439c0aa25ddb6cbfc6dc8ddb,14a178e3bdb0ffcd4c55f794baeea18c,delivered,2018-07-17 17:14:54,2018-07-17 17:30:09,2018-07-18 15:34:00,2018-07-21 21:06:39,2018-08-02 00:00:00
4e3e8eb882fdc3c1fd4195ea31e2212a,45cd55f84952b2e22134687d58c1411d,delivered,2018-05-05 21:12:28,2018-05-05 21:33:09,2018-05-10 10:44:00,2018-05-11 17:06:26,2018-05-18 00:00:00
54fa0e4cca081fc9d0a5c6759cc53adf,c9cb2952660c937cfa3a7e9d0e06b955,delivered,2017-10-09 11:38:18,2017-10-09 11:49:32,2017-10-09 17:28:39,2017-11-01 23:04:07,2017-10-31 00:00:00
b4c81661d8cdd68b499e77ba4ce04aef,7e3e7de1cbd8179bc8b6d599215f9b92,delivered,2018-01-10 17:23:32,2018-01-10 17:33:23,2018-01-11 23:05:39,2018-01-23 15:38:49,2018-02-01 00:00:00
dc2c80fa5a4e2aa29182d399748d548b,3d6ef247a5922e5ea04d1d8a03fbea07,delivered,2017-04-18 07:49:34,2017-04-19 02:50:47,2017-04-20 10:43:52,2017-05-24 14:10:10,2017-05-11 00:00:00
f1220f03c020da223e4280a3c8733e74,be2cefe1adaced8bb0a0b41a1bae24d7,delivered,2018-06-15 12:31:14,2018-06-15 13:06:35,2018-06-18 10:20:00,2018-06-23 00:49:30,2018-07-12 00:00:00
13fba1a42e51558ae3e8a86e0bbd9dd3,c603da2cef9367d777d325182a234d85,delivered,2017-10-09 15:14:31,2017-10-10 06:32:11,2017-10-11 11:10:40,2017-10-18 18:09:21,2017-11-03 00:00:00
c9890157779e80957a453686f65ed097,c23dcdc5159a1c67ad4de03186b8bc17,delivered,2018-02-05 18:35:05,2018-02-07 02:35:27,2018-02-07 20:22:38,2018-02-21 10:58:41,2018-03-02 00:00:00
2fa365c3be59336941f0c1b054917bb8,af4311063dbd2f020207988c96910a4f,delivered,2017-07-18 20:15:48,2017-07-18 20:30:09,2017-07-21 21:31:59,2017-07-25 14:53:23,2017-08-14 00:00:00
a64857875df4362cca149374111dd6f9,fad50c331c2852605dceb3e6d4f407af,delivered,2018-02-04 16:04:56,2018-02-04 16:15:27,2018-02-05 22:44:53,2018-02-15 13:32:26,2018-03-08 00:00:00
3f8d6d4cd34333e5cada298b7b09b719,43ab53dd49eed1db9a84112751175d74,delivered,2018-08-14 07:04:43,2018-08-14 07:15:12,2018-08-15 06:27:00,2018-08-16 21:16:38,2018-08-21 00:00:00
b03dfb47398de3e47e35c90db919d907,47fa58a5288e5ccfbc5e3c873cd9d5fa,delivered,2018-08-12 16:11:56,2018-08-13 16:05:58,2018-08-15 13:54:00,2018-08-22 16:12:00,2018-08-30 00:00:00
2de2c041ea1582bf4ddb539484e4ab0d,110200ea348b1c2a93d9278d1ea168ef,delivered,2017-11-16 20:47:34,2017-11-16 21:13:16,2017-11-21 15:06:58,2017-11-22 20:29:01,2017-11-29 00:00:00
968f909d3fba4660b8936a2d6041a917,dc7a1a8e4c9a1328df0511792fef6437,delivered,2018-08-07 23:39:08,2018-08-07 23:50:18,2018-08-08 14:52:00,2018-08-13 19:37:48,2018-08-16 00:00:00
43126a662685b18c4248ff1c8c58ca94,cc6aaedb9d848ba9f23c88f455e3556b,delivered,2017-03-23 22:59:10,2017-03-23 23:10:29,2017-03-24 09:56:07,2017-04-12 06:18:02,2017-04-25 00:00:00
565ab93665748ea6d06451a9181b9dce,52595a4c39c30c3694073c64c58ec89f,delivered,2018-06-29 20:08:23,2018-06-29 20:30:31,2018-07-16 15:19:00,2018-07-26 12:32:52,2018-07-23 00:00:00
81b34538b99858b1645dae735cc8f732,9abb7c4a06d207ee30516acd7a43b398,delivered,2017-06-25 13:26:48,2017-06-25 13:35:10,2017-06-26 14:43:27,2017-06-29 12:27:48,2017-07-14 00:00:00
2180c97a87cb56e53fff589f28985825,50ccf61ea77c231ba7bf387ab5dbae8c,delivered,2018-01-20 09:20:33,2018-01-20 09:32:59,2018-01-30 17:28:34,2018-03-01 12:22:59,2018-02-19 00:00:00
1a2aa47afe4b1d4eaef87715d1e40ef0,f6df5969f9120bc4448e888d5dcf04c9,delivered,2017-09-03 10:21:58,2017-09-03 10:30:11,2017-09-05 17:11:54,2017-09-12 20:47:59,2017-09-26 00:00:00
b0980803dc397415a4aee2d3a7c2604d,5589c868b8dd0d470ed657410b55a8f9,delivered,2018-01-15 22:15:13,2018-01-15 22:30:43,2018-01-16 23:34:13,2018-01-23 23:32:31,2018-02-14 00:00:00
8aa40dadd2c1f011024a9f8656853103,c4bc7e3472ec59cc181b8441fef3e0c3,delivered,2017-02-26 15:14:16,2017-02-26 15:25:09,2017-03-03 12:17:44,2017-03-13 11:22:07,2017-03-22 00:00:00
200b4f185c5ec3d68597e304f5d7dd6b,9cf3794454b4f859eaacbd7db13b7364,delivered,2017-12-01 17:43:18,2017-12-05 04:13:22,2017-12-05 21:13:39,2017-12-14 19:12:40,2017-12-29 00:00:00
04c2b3995f83a3db2540a9217254ef6d,7f8390bb894afc2fcf160888c1a418bd,delivered,2018-07-24 17:58:04,2018-07-24 18:10:20,2018-07-30 14:04:00,2018-08-03 18:36:42,2018-08-29 00:00:00
e314e6d789aed6dd06d509d869047a7f,85154b9d364ca9eca7b46775811dac73,delivered,2018-01-09 21:45:35,2018-01-12 10:28:14,2018-01-15 11:32:59,2018-01-24 23:29:37,2018-02-16 00:00:00
0540bf9189ef17aab470c4942f760e78,6e65c443e6d67127d9b1f0d14be75617,delivered,2018-03-16 22:04:37,2018-03-16 22:28:08,2018-03-22 11:54:26,2018-03-25 16:02:08,2018-03-28 00:00:00
a7e2e99e49329dff2ac305e42c7fb59e,545e4aa45bdeacbfdeb9c882dc0c4127,delivered,2017-10-23 17:49:19,2017-10-24 03:25:54,2017-10-27 15:49:16,2017-10-30 13:24:14,2017-11-03 00:00:00
9dc7367f5323e820036ac781a73715ba,785cf1911a25ae32110c5f7d98c4a7b9,delivered,2017-12-04 21:57:16,2017-12-06 22:09:53,2017-12-07 21:37:10,2018-01-02 18:49:58,2018-01-05 00:00:00
ae237f55b03395beb370fa960c98dcf0,992b4f232abcd759be707c69cba05805,delivered,2018-01-30 18:54:23,2018-01-31 14:31:43,2018-02-06 14:51:37,2018-02-16 15:08:12,2018-02-22 00:00:00
742e1bd3f538113e55f5bfbdf5fbdbe0,6df56d30934422b65d4a108c6b1b8b38,delivered,2018-06-14 14:37:25,2018-06-14 17:21:41,2018-06-15 14:15:00,2018-06-25 15:56:33,2018-07-05 00:00:00
be198c7ab23c5f91b691194386f3a132,0c1b8fe94f005491d94941f2e54965ed,delivered,2018-03-25 09:52:38,2018-03-25 10:08:02,2018-03-27 17:29:33,2018-03-28 18:40:40,2018-04-06 00:00:00
60b206a5b9791b512e2f06a91360039c,91efd983bc7d7abb0b86c11911e7a939,delivered,2017-12-23 17:35:03,2017-12-23 17:49:12,2017-12-27 20:04:56,2018-02-05 21:18:41,2018-01-22 00:00:00
ae7b08afee9ee717c25cbd511dc5f548,4040c1376c85d2a36fff4f3b8a24ad29,delivered,2017-10-15 22:15:30,2017-10-15 22:28:27,2017-10-17 13:48:08,2017-10-23 18:18:46,2017-11-10 00:00:00
f19aee0ec494fa468b59ae57ea6af345,7bdbb95d68b7d4edfe5fb9173398fdb0,delivered,2018-08-20 07:36:53,2018-08-20 14:11:42,2018-08-22 05:56:00,2018-08-29 18:51:30,2018-09-12 00:00:00
b7a194de2e14ca9f41580f8c6eb13660,b5e81700ea500023efd45a6f5683c230,delivered,2017-03-17 14:31:01,2017-03-17 14:31:01,2017-03-21 10:58:53,2017-04-05 10:20:08,2017-04-05 00:00:00
b1d654a4586eefddf31151bf787ff632,68398406288b2cee6f99d6b398fbb229,delivered,2017-08-30 13:51:42,2017-08-31 02:35:43,2017-08-31 18:34:12,2017-09-01 20:13:13,2017-09-12 00:00:00
7c92284adbec8033d160303d83065dbf,f4f811f335e7ad2807493faebcb874ef,delivered,2018-07-17 16:55:18,2018-07-17 17:05:26,2018-07-18 09:04:00,2018-07-26 18:26:44,2018-08-08 00:00:00
bb310183fd0dc613fbe383644fb159eb,f284a31612a177bc5b6595fc05883457,delivered,2017-08-25 09:18:32,2017-08-25 09:30:18,2017-08-25 18:37:37,2017-09-12 20:52:06,2017-09-14 00:00:00
317e9689b222bc8a5b08dfcb0c91b515,61afddb6bba5fc63e1a133ae84dc169e,delivered,2017-07-23 21:37:07,2017-07-25 03:30:34,2017-07-25 22:33:23,2017-08-11 11:07:42,2017-08-17 00:00:00
d56e037617638a36e0f7c40837bbca86,40f690829946d9fc65bd911b9f353be0,delivered,2018-05-02 22:10:35,2018-05-02 22:35:20,2018-05-04 14:25:00,2018-05-07 16:28:56,2018-05-15 00:00:00
a436479c10d07646de88aac101c689df,bad02fa91ee4c30b713b2be4d4a15650,delivered,2017-04-02 10:30:10,2017-04-02 10:42:48,2017-04-05 08:51:52,2017-04-13 14:08:02,2017-04-26 00:00:00
da291372a3562b947e6b2b57bbfa5b74,025dc05e57480935ecde93b27e3c283d,delivered,2017-02-21 23:17:02,2017-02-21 23:30:09,2017-02-23 21:55:35,2017-03-02 14:32:40,2017-03-22 00:00:00
3ccb100b5c1cdf02d6d178c014e83286,d9f669d2d9959193f0121cf7a8897893,delivered,2018-04-09 16:45:27,2018-04-09 16:55:39,2018-04-10 22:24:41,2018-04-24 20:12:41,2018-05-17 00:00:00
ef2926195d9d46ab02a86647edb201ee,4577619d76b693fe937e457ac8e482f6,shipped,2017-05-29 15:37:28,2017-05-30 15:45:31,2017-06-07 10:31:29,,2017-06-22 00:00:00
3d46adb746f95277b8567c00b7bbfc22,00efd0bb67f3af4d73269668a6cc8b49,delivered,2018-05-11 01:46:56,2018-05-11 02:18:11,2018-05-11 13:22:00,2018-05-16 22:58:49,2018-05-21 00:00:00
a1ab6845d58938601eb0043797e0c3be,1b0a18910e5f795fbd5bf07f830493fa,delivered,2018-05-14 12:33:23,2018-05-14 12:52:29,2018-05-17 12:59:00,2018-06-20 01:06:28,2018-06-05 00:00:00
d608286ecbddb598aeb024ef39d0a834,160dd77fbb49d3d77780f7cf549bfa6e,delivered,2018-05-01 22:29:52,2018-05-01 22:55:33,2018-05-07 15:03:00,2018-05-10 15:57:09,2018-05-24 00:00:00
55239e09e4cd4de5e2e69452283e9b36,b3e091c31147aa119a2679a245a4fd9f,delivered,2017-07-22 10:44:10,2017-07-22 10:55:08,2017-08-09 20:50:10,2017-08-09 20:50:10,2017-08-17 00:00:00
c76a06605f09c1a1e5cf90bea47a528f,9babe15f3a8d05c3ae49e0e57faa9588,delivered,2017-06-19 09:09:48,2017-06-19 09:25:18,2017-06-22 14:38:37,2017-06-23 11:59:32,2017-06-30 00:00:00
505ad05b659736f51f674522b701d9a5,496e44431a2a9a6be2eabb10d3ffa24a,delivered,2017-09-20 21:07:28,2017-09-20 21:15:29,2017-09-21 16:33:12,2017-10-24 14:28:42,2017-10-16 00:00:00
62260701eb6b51252ed47c4967b1a48d,1e6cd8588a826f646f124d1725eab3a8,delivered,2017-01-16 13:21:19,2017-01-16 13:30:18,2017-01-18 09:42:08,2017-01-20 15:47:40,2017-02-22 00:00:00
0094dc9ea7e3cd54d95aea42685673ff,5c98ab90d6e953f282ff28ebc43a090e,delivered,2017-03-07 21:48:19,2017-03-07 21:55:31,2017-03-09 10:02:59,2017-03-14 15:34:31,2017-03-30 00:00:00
60ae373ba04e16ccf9b64606d483d89e,c462a88b19b420fe7aaa41178a21fbc5,delivered,2018-03-11 18:18:53,2018-03-13 04:40:29,2018-03-13 19:37:37,2018-03-26 21:52:06,2018-04-03 00:00:00
5d0f727a08483d015171b66aca1fcb3b,708c76ecc87a8e284fab90713540c35e,delivered,2017-12-25 17:54:12,2017-12-26 17:47:25,2017-12-27 21:58:44,2018-01-09 22:09:54,2018-01-19 00:00:00
17c765461652f9154943bd66875b0686,a9bfd8ee325908638f8339f8e585c0c7,delivered,2017-11-15 18:28:27,2017-11-17 11:10:23,2017-11-21 17:23:28,2017-12-01 23:33:54,2017-12-05 00:00:00
1d8f2cafcb347e3b5ea42d8dbc744d7a,4e86d60284ae4ccc334b942df3cc388f,delivered,2018-01-04 16:50:36,2018-01-05 02:34:30,2018-01-08 19:39:06,2018-01-18 12:38:51,2018-02-01 00:00:00
97abc984480b7b063adb9e32e8bdbcde,20900bb42895ecd757d8ca51ac95140d,processing,2017-05-05 03:00:07,2017-05-05 03:10:13,,,2017-06-13 00:00:00
94539d5722ad55c3ae8c7369974b67ab,792176f239bc0c4e2f26a7703fcd27ed,delivered,2018-03-09 17:45:08,2018-03-10 18:08:26,2018-03-14 19:38:31,2018-04-03 14:02:49,2018-04-09 00:00:00
5faf0d5452c94e7bf899b764f9b4c949,b4e50b0383bf56d616c5a1f0210c50af,delivered,2018-02-02 10:11:25,2018-02-03 02:53:16,2018-02-05 21:24:59,2018-02-14 21:13:11,2018-03-05 00:00:00
cac0cf69e6b636454b35048fac095f75,20c34723b9fcadecc3820144daee995e,delivered,2018-05-09 06:59:28,2018-05-09 07:15:22,2018-05-10 18:29:00,2018-05-23 23:58:21,2018-06-07 00:00:00
dcc5949c9548f7fb6537e65fa17dd847,b7d29eec92c3ec18bb0ef32b7b557420,delivered,2017-02-05 14:30:42,2017-02-05 15:30:17,2017-02-07 14:21:16,2017-02-14 12:47:36,2017-03-29 00:00:00
0db395d667c4793655380026bad4a072,3e53d88998e3c00789d6a197a80aae16,delivered,2018-01-28 15:08:21,2018-01-29 15:18:33,2018-01-30 23:13:01,2018-01-31 21:36:52,2018-02-19 00:00:00
f6e8b0a2438b3f7753f7af393c416c16,2ca2f7dd6dc0683652217d8ed760009c,delivered,2017-12-14 23:45:05,2017-12-14 23:56:27,2017-12-18 20:33:27,2017-12-26 20:27:08,2018-01-12 00:00:00
520fa39fa9e4c0c4c59fa056a911ec62,f792452b3fbea0c1d7b4f5e388561e11,delivered,2017-12-18 08:20:15,2017-12-18 09:31:29,2017-12-19 19:33:50,2018-01-04 11:43:07,2018-01-11 00:00:00
750fac445e827530d79e0a2050dbcd9c,f742b8152818738cf8ed12cff171bad5,shipped,2018-08-12 10:12:40,2018-08-14 05:44:12,2018-08-14 14:11:00,,2018-08-22 00:00:00
d768ce9a72b741097aab143d6baf890a,b498c982e3f7163502774d5d250b59d7,delivered,2018-06-19 20:33:46,2018-06-19 20:56:41,2018-06-20 12:40:00,2018-06-21 16:03:10,2018-06-29 00:00:00
c5f692a4e47f015faa3f8a9b9d36aa03,eb3d937e14cd9040b4841334e8a12f0b,delivered,2017-07-31 17:36:20,2017-08-02 03:05:26,2017-08-03 19:17:36,2017-08-10 21:17:34,2017-08-24 00:00:00
479715da59efdc67c1722f985a94d18c,8683c94ecfeed1552bd8b944bf81d66d,delivered,2017-09-03 23:44:26,2017-09-04 02:31:38,2017-09-05 15:55:58,2017-09-11 17:03:14,2017-09-22 00:00:00
d0368fa99cb0d8c87221ad122cfc24b5,166c0a9fbab75b56c9be0d08f23878ad,delivered,2017-12-08 12:16:34,2017-12-08 12:32:23,2017-12-12 22:55:32,2018-01-15 15:39:58,2018-01-05 00:00:00
0c31ed220260a476cfe59bbb6608b7ad,d6e4c0ddccf1b679721fd6ee028a6f15,delivered,2017-06-08 12:08:05,2017-06-08 13:06:22,2017-06-09 15:36:48,2017-06-16 14:21:07,2017-07-03 00:00:00
10c2b05e3b425d09cb2a1fa7f08d701f,4d45f5b1f311c511f6410974f00b7e23,delivered,2018-02-15 20:10:16,2018-02-15 20:26:25,2018-03-02 14:17:55,2018-03-15 18:06:24,2018-03-23 00:00:00
00750f68bb64537034e93554c64b41b5,49b0b78f8fd6fc95605c46e685c4b611,delivered,2017-11-12 09:50:55,2017-11-12 10:10:32,2017-11-13 19:42:09,2017-11-14 22:34:39,2017-11-27 00:00:00
fb13fbd4a34b34b577d30914e6377fed,d3d9f504cd88e7b39219d190fa40d973,delivered,2017-10-01 22:58:56,2017-10-03 04:05:10,2017-10-03 20:53:30,2017-10-09 17:41:53,2017-10-25 00:00:00
54d6f9d8f56229d3da815add65ec2408,ab156e9202420e577b405360a7b29cbc,delivered,2018-03-22 10:58:13,2018-03-22 11:15:35,2018-04-05 20:07:42,2018-05-21 17:52:28,2018-04-30 00:00:00
46890e08c9857c130d637780139c0fe4,2e1e2e0e55ce61231ba6f4e0f29fe2eb,delivered,2017-12-05 23:23:09,2017-12-05 23:30:23,2017-12-12 16:26:43,2017-12-13 14:27:18,2017-12-21 00:00:00
1b5364692444d3fa21966ab73ae925ab,c9e1bf85960698190ad550557fa852d3,delivered,2017-05-07 01:20:15,2017-05-09 09:30:54,2017-05-09 14:20:35,2017-05-23 12:17:51,2017-06-01 00:00:00
5598c9279a720364f3f77991903482eb,528aa234565e7a9bf8bf57a60da5d6a8,delivered,2018-01-17 01:19:19,2018-01-17 01:30:23,2018-01-17 19:17:13,2018-01-23 22:38:54,2018-02-16 00:00:00
ec4d827c7096de48c5a84a438bcd8922,71c2fbcb3ce7ca6eab6cd1ef3fc8a852,delivered,2017-10-11 10:50:36,2017-10-12 10:56:12,2017-10-13 20:36:53,2017-10-17 21:04:10,2017-10-30 00:00:00
fedff8c18cd833ff96c2fb39874fb591,784858ab2fe13a7dbbb230885e0a6ad4,delivered,2017-03-04 15:03:13,2017-03-04 15:15:12,2017-03-07 07:41:50,2017-03-15 08:53:55,2017-03-27 00:00:00
9e5ce745945c1ffe01121296711a5663,88e61c7252619768a61932ecdb8df0bd,delivered,2018-01-19 16:57:27,2018-01-19 17:05:29,2018-01-24 23:27:56,2018-02-02 01:53:37,2018-02-16 00:00:00
4ba0b1853e0c90a33281e484fffc7308,de8aa5a7669b4bb632b6a7bb552b9ab1,delivered,2017-12-07 23:35:53,2017-12-07 23:52:28,2017-12-08 17:33:49,2017-12-23 15:32:05,2018-01-08 00:00:00
8738785542fcbf848621d353326ec75d,6388e7c216b24a512b375a525d7ff4b7,delivered,2018-04-09 22:11:01,2018-04-10 00:15:31,2018-04-10 18:02:09,2018-04-16 17:16:52,2018-05-03 00:00:00
445365618743df6b2fc99573390118c9,26b1ba320e6fee976e644d2df475c590,delivered,2017-11-28 16:49:25,2017-11-29 02:15:22,2017-12-01 19:26:43,2017-12-11 13:43:46,2017-12-19 00:00:00
e3aba2389e4a741a1707015e19a45c65,bc930ed083b508dd8130462a67b77aa3,delivered,2018-07-30 19:36:04,2018-07-30 20:20:08,2018-07-31 12:44:00,2018-08-07 10:26:46,2018-08-14 00:00:00
84ebc7aa538e4655d5d3c6810003c6f4,fc71d4f0cb765541e4498d257702421c,delivered,2018-01-06 14:43:51,2018-01-09 07:23:18,2018-01-11 00:29:48,2018-01-24 16:43:06,2018-02-08 00:00:00
ec5a5d1ef3b5144148279ec0141de946,5f32480dc2343d4b17ca455a8784522a,delivered,2018-06-16 15:17:42,2018-06-16 15:37:57,2018-06-20 16:57:00,2018-06-25 23:54:29,2018-07-13 00:00:00
cb5c4f59d4c15e190ec24d4607349a8a,72b6edc052a8e2605aaabe29f5d5e008,delivered,2017-11-23 19:14:06,2017-11-23 19:29:40,2017-11-27 15:58:14,2017-12-06 14:22:25,2017-12-13 00:00:00
270e2c93dda2be7908cdf2a877171b8d,a55000f612a137c7cd5026bbc796e260,delivered,2018-02-24 22:12:32,2018-02-24 22:30:31,2018-02-28 23:54:03,2018-03-08 21:27:26,2018-03-12 00:00:00
31a2fff09340d8ff99194ad110622ed3,5dd4e2c9c44b468ee34ce64762c56909,delivered,2017-08-15 21:05:41,2017-08-15 23:05:17,2017-08-18 15:48:00,2017-09-15 16:06:01,2017-09-13 00:00:00
d98a93a637c3178749cb3aaca843178c,d12fea71b52cdec3abb5e780f3a7d9b6,delivered,2017-08-19 11:50:42,2017-08-19 12:05:16,2017-08-21 14:22:13,2017-08-28 17:12:30,2017-09-13 00:00:00
cd5585a15881bccb1d4ea9cf3acd43a2,4d0385f91da40fca0b7ec34e597bb107,delivered,2018-05-15 22:11:50,2018-05-15 22:33:56,2018-05-16 12:32:00,2018-05-23 15:57:35,2018-06-05 00:00:00
793d395a896de12a846ed4f345bce550,acfa364ca85050e749b70c2a377b6e20,delivered,2017-09-24 09:27:24,2017-09-24 09:35:11,2017-09-26 19:47:01,2017-10-30 18:17:55,2017-10-23 00:00:00
6ef946c23a02ae5e2cfe4779ad34d805,bd62dc4bf97bb0039dd1d87c34b6dbf8,delivered,2018-01-09 23:04:22,2018-01-11 02:48:30,2018-01-26 18:39:03,2018-02-14 12:21:20,2018-02-14 00:00:00
ed552069bc1dfbbae315ecf454b1e5d0,1c901dd8f6bccda64fe8582fe3dd18a8,delivered,2018-04-18 15:38:50,2018-04-18 16:18:46,2018-04-27 14:36:00,2018-04-30 16:12:51,2018-04-30 00:00:00
48d91da7c9395c02b5d9e02dd9b8c278,4b82c85215dcc754dfada1802ae27a73,delivered,2018-07-16 15:26:26,2018-07-17 04:41:01,2018-07-18 14:02:00,2018-07-26 15:18:51,2018-08-08 00:00:00
d4caab8baf9f9ceaf622ebd8274b33e3,8cbb2335bbb18aa1d1c6e8af541925de,delivered,2018-05-07 15:28:43,2018-05-07 17:56:45,2018-05-08 06:32:00,2018-05-26 20:33:44,2018-06-04 00:00:00
ccc1762fa4bea334f80983e3f3a933b6,2b8139c2d4525cf24d1193894346b2fe,delivered,2017-08-28 23:31:59,2017-08-28 23:45:13,2017-08-29 21:52:21,2017-09-08 21:11:21,2017-09-18 00:00:00
f570a11e0e7dd954267c529ff67f4bf7,d134dfc169d8d1f9a7ea6c4857952143,delivered,2018-05-09 10:42:51,2018-05-10 03:49:52,2018-05-11 11:21:00,2018-05-22 11:59:29,2018-06-06 00:00:00
90e8f1b5d948640aeb5c7d68b2cc04a8,1749c10ae674ccbd3cb5054d29faca39,delivered,2018-04-27 22:50:44,2018-05-01 06:13:07,2018-05-02 14:07:00,2018-05-04 20:21:38,2018-05-14 00:00:00
85607d3592af1748d85f39e8f2d2709f,ac497ab9e107dcb22941ec3260174034,delivered,2017-05-12 16:53:50,2017-05-12 17:05:20,2017-05-17 11:55:06,2017-05-18 09:29:47,2017-05-23 00:00:00
011fcb4fabb3e142579ad63472b11227,1798df51bcc12309eb0ac35f5bb5875f,delivered,2018-02-10 10:45:57,2018-02-10 13:50:23,2018-02-14 19:58:22,2018-03-14 22:38:35,2018-03-07 00:00:00
4590ed099269ca54d108cfeee1fcc542,e843321c206b7b731b5b8a7a0ff7b13e,delivered,2017-11-20 19:19:07,2017-11-21 03:35:32,2017-11-22 23:36:51,2017-11-23 17:07:14,2017-12-04 00:00:00
3f72ea1795b17aa187fb729bd33b4f6f,39ac568a85d60b4ad618f2bb703fa7ac,delivered,2018-01-11 10:25:46,2018-01-11 10:38:28,2018-01-15 17:42:30,2018-01-29 09:42:58,2018-02-08 00:00:00
53b026d522b2c3bf414140d64da57a56,0554a7ce361c9f2dd3474c57f5baa308,delivered,2017-12-29 23:05:46,2017-12-29 23:17:27,2018-01-03 22:17:37,2018-01-05 12:37:26,2018-01-18 00:00:00
174ea733f2e5d5f7a5e720311acdf27b,d070c87ab93dcb76d18b098b81db5889,delivered,2017-02-22 22:25:20,2017-02-22 22:42:21,2017-02-23 11:06:02,2017-03-06 13:30:32,2017-03-27 00:00:00
3b95a15990c1bf022ab091bf7f9bcc28,e40736c0b4e32e738796a5fc57234dad,delivered,2017-12-04 10:59:18,2017-12-04 16:31:46,2017-12-06 23:51:58,2017-12-11 20:42:53,2018-01-04 00:00:00
a1e3ae78b2bf6dedf2c6a37f96e17900,e5864c2ed237c10842e95f1d8fe0cde6,delivered,2017-07-28 10:24:41,2017-08-02 08:34:35,2017-08-02 16:44:37,2017-08-03 10:32:39,2017-08-10 00:00:00
51759d8321ae577fc2d577b976f8130f,de5b74249fb3f1947ae0286c6098b576,delivered,2018-04-23 12:58:35,2018-04-24 17:45:41,2018-04-24 22:38:48,2018-07-02 23:18:11,2018-05-28 00:00:00
e90e7c747cb478cb9b973c929c0994e5,fb8ce23b2809c1804941ae306cba5ae4,delivered,2018-06-06 15:31:19,2018-06-06 15:54:21,2018-06-08 03:41:00,2018-06-19 22:06:38,2018-07-17 00:00:00
692648a2b4637c1a31bb54a978fe9822,9c163fbba40729af0b5fcece313797f0,delivered,2017-11-24 01:41:07,2017-11-26 01:35:27,2017-11-27 17:46:59,2017-12-06 23:52:00,2017-12-28 00:00:00
e0006b2f32e1921de703f8b17b01fab9,7da5a479dbe934f13742722cd566b282,delivered,2018-04-01 08:11:02,2018-04-01 08:27:13,2018-04-02 20:19:28,2018-04-06 23:38:25,2018-04-18 00:00:00
bfa8d4392d0f1d32de14ee40e286f094,03787ef7555b94c1a63477e7e7441881,delivered,2017-10-11 14:47:44,2017-10-11 15:08:24,2017-10-18 21:55:48,2017-10-30 21:12:46,2017-11-06 00:00:00
bb514bb949fb3d4837436e4df906cf5e,ce22b5ca740e6df7f82584b00580f446,delivered,2017-11-06 20:27:31,2017-11-07 05:31:35,2017-11-08 20:09:18,2017-11-16 22:32:00,2017-12-06 00:00:00
0d7fc3fc1f6267e80691b89236b7433c,235efb83cffa6226bb1e9083ebde2a6d,delivered,2018-02-04 13:19:56,2018-02-04 13:35:28,2018-02-05 23:19:01,2018-02-14 15:52:23,2018-03-06 00:00:00
6f69c7d5b18941f0e58ce99742b93694,14eef4c5daa9762a288b6c4b9372e3f0,delivered,2017-10-17 08:36:54,2017-10-18 03:15:47,2017-10-23 17:43:44,2017-10-27 14:08:45,2017-11-07 00:00:00
d2c8a179d7dd7749412fc021f8ce8212,1cdcff42fb99ee8d452a29856484240f,delivered,2017-11-24 01:13:00,2017-11-24 01:29:38,2017-11-24 18:58:40,2017-11-26 13:56:55,2017-12-08 00:00:00
82f1ef1e66fd6c8297a78ba0ed3a570a,6c57ef77cab6ab22eccd69f110983ecc,delivered,2017-03-15 19:41:03,2017-03-15 19:41:03,2017-03-20 10:47:29,2017-03-23 15:37:12,2017-04-03 00:00:00
15e67a6eec264915cd81f8f57dbacd81,9dbba2fa3f3df7cc62a6ced880ea920e,delivered,2018-08-07 14:05:50,2018-08-07 14:15:17,2018-08-07 12:39:00,2018-08-13 13:58:45,2018-08-21 00:00:00
4315647970ca486a6dff72dcb2c97e15,105e31e3b36d904c70058578126c4d12,delivered,2017-11-10 13:55:00,2017-11-10 14:07:41,2017-11-14 16:29:09,2017-12-02 00:34:25,2017-12-14 00:00:00
1fea99244761fe0359d759672fdbcf4a,f5f5d84155b71366648375418c62a566,delivered,2018-07-13 23:19:41,2018-07-13 23:30:16,2018-07-31 13:00:00,2018-08-07 18:29:41,2018-08-09 00:00:00
2ae0d5789dfb9195d410a8b56f7cc75a,5aa8afa0ae712a56a4bb2fb070d575aa,delivered,2018-06-10 10:38:57,2018-06-10 10:58:08,2018-06-13 13:56:00,2018-06-20 20:04:47,2018-07-17 00:00:00
cd450aa54feae01d9315612b1965c20e,5e594904686a0e927c468ef4ee47bf61,delivered,2018-06-22 20:50:36,2018-06-23 02:20:15,2018-06-27 09:29:00,2018-07-01 15:18:37,2018-07-12 00:00:00
57323a7f9df2ab8eabf8fb751d3f2334,c7f2968561f5d98aedb2b35aa91acb29,delivered,2018-05-30 16:11:45,2018-05-30 17:57:16,2018-06-11 15:16:00,2018-06-12 18:38:48,2018-06-25 00:00:00
e97c2d34117c7c16f7dbf87e2e4cc436,c7ac137565b28931ccc89b2841beef69,delivered,2018-02-07 10:36:23,2018-02-07 10:50:31,2018-02-09 00:34:16,2018-02-20 17:28:47,2018-03-14 00:00:00
2c7fa9ba8159b3183ee63a7ac9148038,e3f1cc8c8eb761eb9200a63f40d47b9a,delivered,2017-10-04 21:40:39,2017-10-04 21:56:18,2017-10-05 14:38:19,2017-10-14 01:25:50,2017-10-23 00:00:00
7c8cabe92b0d78f64750cd7091610d13,7d5c71c6e3bba01e44045b65721ebc8a,delivered,2017-04-06 19:10:24,2017-04-07 03:22:51,2017-04-10 06:16:46,2017-04-17 11:39:41,2017-05-26 00:00:00
c589e814418706326aedc9f6760fb8e4,99caa7dab4866c43392b1d377fe0f406,delivered,2017-06-17 14:11:43,2017-06-18 14:06:47,2017-06-19 20:49:54,2017-06-30 16:27:56,2017-07-11 00:00:00
068687bed88cddd9705b861e5ff18fec,1bc7096979db74678ff84d5a54599054,delivered,2018-05-08 09:54:55,2018-05-08 17:51:54,2018-05-09 15:10:00,2018-05-10 19:08:53,2018-05-18 00:00:00
9a0ea28810c690ef91b1a70c0ed9703e,48b7b0d91f71342eb16eb2598fbec30d,delivered,2018-07-03 07:07:56,2018-07-05 16:21:59,2018-07-04 14:02:00,2018-07-10 11:28:34,2018-07-26 00:00:00
f08fc2a6ab902c89cb3ceba4c9daec6b,ac789f180adacfb3a4e328ff5e712ebc,delivered,2017-06-22 18:39:10,2017-06-22 18:45:23,2017-06-27 14:13:35,2017-07-03 14:06:40,2017-07-14 00:00:00
7019575db90695209de9c7d983557bac,3b6a41078db04a74b3174a91fa35f7a1,delivered,2017-07-24 14:03:17,2017-07-24 14:15:21,2017-07-25 19:43:56,2017-07-31 23:42:21,2017-08-11 00:00:00
7536412c065c3c88cab8d15d406b24d8,b52171d5370a57ed48078d937381bdc9,delivered,2018-02-23 22:40:26,2018-02-23 22:50:36,2018-02-27 20:04:12,2018-03-12 16:54:25,2018-03-21 00:00:00
99258947dd1b1fda580de965e83f657e,a713fa2e20a364e681de7583a9271e07,delivered,2018-04-18 18:20:13,2018-04-19 16:29:02,2018-04-20 22:41:50,2018-05-03 21:03:56,2018-05-17 00:00:00
d4d140e1cbc20856440a8343432848c4,30e94070e398e38b4210bc35d84627fb,delivered,2017-12-05 23:31:12,2017-12-05 23:56:44,2017-12-15 13:04:41,2018-01-24 18:38:39,2018-01-16 00:00:00
4293c08add04a8db68205c16fcb0554f,cbd80968cb96e3a59fcce491c3788b29,delivered,2018-07-26 09:42:36,2018-07-26 09:55:14,2018-07-30 14:17:00,2018-08-07 01:07:48,2018-08-30 00:00:00
21ea7e4d14409db01f3c79aa48b465b9,28b58622eaf1c155869aeaf9e321a25c,delivered,2017-12-17 14:48:57,2017-12-19 10:20:44,2017-12-19 21:43:55,2017-12-29 15:52:59,2018-01-11 00:00:00
ae2d8cde918fe08a1edfce9e900c9480,5d322143a1048298f53a9ad41a350829,delivered,2018-01-13 22:38:58,2018-01-13 22:49:11,2018-01-16 00:04:33,2018-01-24 15:58:59,2018-02-07 00:00:00
360b84029c125bb8d4ede52585f058f2,22a62541ed4704ac4f51d175379222d7,delivered,2017-09-09 08:41:10,2017-09-12 04:50:16,2017-09-13 11:59:54,2017-09-14 09:47:30,2017-09-26 00:00:00
fdd86f104c7f379d881d8bf34c6838ce,7efebe067e3b3bd042b195aff931ed0d,delivered,2017-09-01 08:18:39,2017-09-02 02:55:18,2017-09-04 18:11:39,2017-09-20 21:22:17,2017-09-27 00:00:00
f408600ecfb1900d32519ca61e34e4f0,6952fcb78cb94f18e8bed5f290578f9a,delivered,2018-01-22 21:06:04,2018-01-22 21:14:39,2018-01-24 01:57:26,2018-02-14 19:38:43,2018-02-14 00:00:00
aab1dd46caa26c0abb120fc0dd2e7b29,803375c9f4f0d6ff92d41fdf97842f9e,delivered,2018-02-19 17:30:44,2018-02-19 17:47:08,2018-02-24 02:38:39,2018-03-08 21:51:23,2018-03-13 00:00:00
2c7c7906a21bcdda34af809ce7fa1a19,81e17805eff420f5dc3a32e67f366d13,delivered,2017-12-06 18:34:22,2017-12-06 18:49:59,2017-12-09 16:49:06,2017-12-20 14:49:00,2017-12-29 00:00:00
1ba5772ca0ab24b8c21ec26537acea23,4fc731f5601c2f6b0676bf85d1907e05,delivered,2018-06-04 21:59:40,2018-06-04 22:11:22,2018-06-06 18:58:00,2018-06-07 22:41:08,2018-06-28 00:00:00
897b4da63b6edde1a33a9fb7caf1dd10,7adb5b6a71b330eb4b3027a470fe74b5,unavailable,2018-07-30 07:38:21,2018-08-04 23:31:16,,,2018-08-16 00:00:00
a5a32befe5eebcc26930e213ffdf3369,3705330ddc148deb33331cf451b38b55,delivered,2017-02-20 14:21:09,2017-02-20 15:00:11,2017-02-21 14:00:02,2017-02-23 10:07:42,2017-03-17 00:00:00
d66690b9ba115c379910e119811db520,289e858c348b174706313d37ee8e246d,delivered,2018-02-11 13:44:58,2018-02-11 14:07:58,2018-02-26 21:47:34,2018-03-23 01:11:02,2018-03-12 00:00:00
b2953fe5cb836908b29ad9147658d6c0,978f40d2307d8ad848c2731201bf8f0c,delivered,2017-09-29 20:50:01,2017-09-29 21:07:20,2017-10-02 12:35:45,2017-10-13 20:53:50,2017-10-26 00:00:00
e5ede2994d0d9af5205331bb7b222d3e,ba8c40efa4d4cf98a7260ad538b5c927,delivered,2018-04-30 15:43:07,2018-05-01 02:38:15,2018-05-03 14:56:00,2018-05-04 20:38:42,2018-05-11 00:00:00
03ecec245220b63fd7f68c1737ba99ba,0d34797f478a608695b3635dfaf86733,delivered,2018-06-11 12:58:51,2018-06-11 20:23:08,2018-06-12 14:35:00,2018-06-21 11:37:48,2018-07-17 00:00:00
2242566da9e4bf1d65f3530015a389e1,2ba415ea226886658975ce7d79ecad08,delivered,2018-01-08 23:56:14,2018-01-09 00:54:35,2018-01-11 21:03:59,2018-01-15 18:56:54,2018-01-24 00:00:00
21a3c351610b2487460c404bbbdbda67,da71ef178a592dabc39893a5a4aea96d,delivered,2018-06-21 12:54:27,2018-06-21 13:25:10,2018-06-21 16:31:00,2018-07-11 19:26:35,2018-07-25 00:00:00
22b26e86702b56aa7da5d50d7aaacdcb,01f7aa57edc08e2285a8564127cf61f5,delivered,2017-11-14 20:32:00,2017-11-14 20:46:34,2017-11-17 15:15:39,2017-11-30 16:11:41,2017-12-11 00:00:00
3d7a0606016fe5d209e5224ffe77f7cc,fe2edb873d4b148dbddecf2946491360,delivered,2018-02-14 17:11:41,2018-02-14 17:28:07,2018-02-16 17:48:32,2018-02-21 21:49:06,2018-03-07 00:00:00
22268b58e6b35e218f4cf7928de636e4,66346a5f0be444305dba72915266aa80,delivered,2018-04-10 15:57:46,2018-04-10 16:11:33,2018-04-12 20:53:38,2018-05-03 16:14:42,2018-05-16 00:00:00
52cc3e73c44b95c3e54b97771869da1b,8db4e81d79f7af20f442859df6bc911d,delivered,2017-08-29 16:22:36,2017-08-30 02:15:15,2017-09-11 17:22:36,2017-09-21 20:48:33,2017-09-21 00:00:00
284d05f958811fe43d952eb2245b3f91,e055cf0cb36946f3b991df7d0f2d1d54,delivered,2017-03-17 13:25:34,2017-03-17 13:25:34,2017-03-20 09:41:51,2017-03-22 14:42:20,2017-04-05 00:00:00
917738df2199692a3d9b6d85680a6595,a33c1cabc586633efb1e16857766ed5a,delivered,2017-11-08 12:01:41,2017-11-08 12:31:00,2017-11-09 16:46:53,2017-11-29 18:23:50,2017-11-28 00:00:00
a8aa05063010ff66b802270e8bc9591c,bafdaeac2e5f141111bd3ba512c8c0d2,delivered,2018-02-26 18:18:58,2018-02-26 18:30:33,2018-02-27 18:57:37,2018-03-08 00:16:46,2018-03-26 00:00:00
dc765dddeedeb445940e0c8e9049e665,00fb765118b6d3b18dfc763dc3729a5b,delivered,2018-06-26 21:36:45,2018-06-26 21:47:17,2018-06-27 10:17:00,2018-06-28 20:32:42,2018-07-11 00:00:00
6ad7862e05692cc6d511bc83ee4669d9,530f348c82e444464998a543250a2a3e,delivered,2018-06-18 22:24:49,2018-06-18 22:56:03,2018-06-19 14:55:00,2018-06-28 20:03:28,2018-07-13 00:00:00
a9fa7ea99c0724de00e9d31f2a39a723,c3e4aeaece33e17cbdca142049cbc6ed,delivered,2017-11-29 14:57:40,2017-11-29 15:16:32,2017-12-01 15:03:52,2017-12-21 21:09:04,2017-12-21 00:00:00
22f3a2b22f414d974640db425514794d,2fb63e788bc5a760404afcf3ef8ff164,delivered,2018-08-08 13:37:57,2018-08-08 13:45:18,2018-08-09 14:47:00,2018-08-20 17:38:04,2018-08-30 00:00:00
8a01d49b3b06384490c34a71c6b5c384,f88756757844d773715d799b380a9b9f,delivered,2017-08-24 12:13:03,2017-08-24 12:25:23,2017-08-28 21:33:35,2017-09-12 10:27:28,2017-09-18 00:00:00
00d831d5c3ea03b7cd6f883ad799c7e4,7cc995918b7c4560b0f7ec54ef108d83,delivered,2018-03-12 11:56:58,2018-03-12 12:48:27,2018-03-16 00:08:32,2018-03-17 00:52:32,2018-03-26 00:00:00
e4fe3e1517012062f793eccf51260009,9cd51a56cf2a3d0c61525bfcbbcd7039,delivered,2017-12-03 16:49:21,2017-12-03 17:11:23,2017-12-06 21:33:42,2017-12-14 20:49:01,2018-01-09 00:00:00
a684a880595e155b09caa69ea219257f,6a43e91f4891c9b7b055cd37d1d0ed00,delivered,2018-06-10 18:51:46,2018-06-10 19:12:40,2018-06-12 16:59:00,2018-06-29 20:46:42,2018-07-04 00:00:00
9b9f25096c0717bf6728bd6d56a1d1fd,76529cd7a527c09775b6f65b5ea1cb5f,delivered,2018-06-23 20:49:39,2018-06-23 21:15:59,2018-06-25 13:21:00,2018-06-27 23:06:33,2018-07-23 00:00:00
e74c8d6962373b0c0e984e97fe2fa674,134a1bdf2deb906cf9e47363d42a8ff5,delivered,2017-05-18 12:01:53,2017-05-18 13:06:09,2017-05-25 09:54:11,2017-06-05 15:36:54,2017-07-03 00:00:00
776ee45444a92a50bfafdbc1054ec316,f6d542aeb738701de1005a737e727bff,delivered,2017-09-25 23:07:18,2017-09-25 23:27:36,2017-09-26 19:38:34,2017-10-02 17:34:02,2017-10-19 00:00:00
d1437fcc5adf19257e6e1bb890b6c94d,009556b29007b7233895402fac956591,delivered,2018-07-21 19:36:39,2018-07-21 19:45:14,2018-07-24 15:15:00,2018-07-25 19:50:44,2018-07-31 00:00:00
3e1aa6b604244eeffb1ca2c6205fcd22,0fffe99fde2e93c3f64c74b1ac419acb,delivered,2018-04-11 21:41:44,2018-04-12 05:35:21,2018-04-12 18:19:22,2018-04-13 18:31:27,2018-04-26 00:00:00
f22f7c2224c7f287948c77b0fa6da857,3b0c7e512a875c4507ec4cef54254805,delivered,2018-03-14 18:39:37,2018-03-16 03:31:28,2018-03-29 00:37:36,2018-04-06 19:57:34,2018-04-13 00:00:00
72c2a80ac95de7a1dcaca4f3ac3080b1,0e7c0d06d15100fa1e3316a135861e66,delivered,2017-11-28 12:54:10,2017-11-28 13:04:28,2017-12-06 01:44:29,2017-12-11 20:55:00,2017-12-21 00:00:00
f81872bf9ae3411093fd97c7f9d1b7e1,f717b98667c99b9bc4cb418cd644621e,delivered,2018-08-16 13:29:21,2018-08-17 03:30:23,2018-08-17 18:44:00,2018-08-20 16:48:49,2018-08-29 00:00:00
074241ce500ccb810dc2a36222167798,370518eb3880e605c398910e3bb0aa85,delivered,2017-11-24 14:41:59,2017-11-24 16:52:51,2017-11-28 20:37:06,2017-12-07 00:23:01,2017-12-15 00:00:00
52ae37876584cb6e2cf3848e834516e9,5ce13c48eb47d2c44d3f1e212e4186fb,delivered,2018-01-22 09:19:01,2018-01-22 14:14:20,2018-01-26 21:18:37,2018-03-06 12:50:26,2018-02-15 00:00:00
ed7646bd67d7f803bfe1d24cc78cd827,a8f61973eedaf5f3ca7ad94a31619ed0,delivered,2018-04-01 15:51:53,2018-04-01 16:08:32,2018-04-03 18:14:36,2018-04-16 14:12:15,2018-04-18 00:00:00
7cc5f7da21653de1b71a6f4ad590e5a1,2f21a50c8c1214f27c501848fce8eb64,delivered,2017-01-26 23:33:35,2017-01-27 17:31:13,2017-01-31 16:24:59,2017-02-13 12:17:40,2017-03-10 00:00:00
dcfdded3a6760b4e0ce1ef27aaf65b89,6b21a323b942df56524b937b5b063953,delivered,2018-01-11 16:20:12,2018-01-11 16:30:32,2018-01-17 20:19:04,2018-01-29 19:48:57,2018-02-21 00:00:00
567a46259e8902fca8f8a5ecb28e3298,61cfa6957de27aada429fb4b4498dbfe,delivered,2018-02-23 10:51:09,2018-02-23 11:10:42,2018-02-23 22:57:03,2018-03-12 16:31:41,2018-03-22 00:00:00
1b67b9f038612db0f4c111a7e2d52096,9d368365fbede6ab0cdb8751784cabde,delivered,2018-04-30 16:16:53,2018-05-01 02:39:01,2018-05-03 14:08:00,2018-05-08 02:38:55,2018-05-16 00:00:00
8fe9a4962c46faa2c658095c6f74acf8,9da937979e16df1ecf0215a234ec8786,delivered,2018-02-27 18:48:35,2018-02-27 19:09:09,2018-03-01 00:05:49,2018-03-12 11:46:48,2018-03-22 00:00:00
fac17da5f9e089e094cb2e19a4415d13,8c762c68957cf18ec40db1474c5b2d29,delivered,2018-05-11 14:33:36,2018-05-15 04:34:54,2018-05-15 13:25:00,2018-05-18 17:22:49,2018-05-25 00:00:00
c9ffd64db3f411822cf589bc1a567f0a,866b82dbabf18484e4bfbb565e1facd9,delivered,2018-02-12 10:02:41,2018-02-12 10:40:25,2018-02-14 20:15:08,2018-02-15 19:14:10,2018-02-26 00:00:00
311251ba5bfaf2e67111e56ddee44f14,4405d7268b1646ad195df880a70dc5da,delivered,2018-08-06 18:48:17,2018-08-06 19:04:38,2018-08-09 15:04:00,2018-08-10 14:12:51,2018-08-09 00:00:00
4ea8cf27d2783396b72f4f5f7b07250e,b0583de550099139bf3a61339dfe7e3c,delivered,2018-03-05 14:29:51,2018-03-05 14:49:30,2018-03-07 20:13:03,2018-03-16 14:25:27,2018-03-26 00:00:00
6539a21d87787dfca12d638dab136511,65ab7119dbac155fbf2012978dac9fea,delivered,2017-11-28 14:41:20,2017-11-30 14:35:17,2017-12-06 18:38:10,2017-12-15 23:37:23,2018-01-02 00:00:00
2d15973f99e220f278677b903faa8dbd,e65816228a615e97e84e7f5d0c3540ca,delivered,2017-10-15 01:16:54,2017-10-15 01:49:37,2017-10-16 19:58:56,2017-10-20 22:40:00,2017-11-07 00:00:00
a91126396e6f35f305397744f23f012e,9cb84aae8a6bdba16a587a7aa0494788,delivered,2017-05-29 13:01:05,2017-05-29 13:10:19,2017-05-30 08:47:56,2017-06-01 15:33:23,2017-06-21 00:00:00
689213e7743f18906e01c88ccd31e880,684081f8e0d6bbc105f7a210a8d80d3d,delivered,2017-06-27 12:44:13,2017-06-27 12:55:26,2017-06-27 14:36:12,2017-06-28 17:39:38,2017-07-10 00:00:00
d889a5c3c332cab5d493b0bdd9b8d295,9c1dd6baf3d63cf9c81525f321fcfafd,delivered,2018-02-02 16:36:09,2018-02-03 02:54:01,2018-02-05 21:26:50,2018-03-09 02:14:25,2018-03-05 00:00:00
837fd76b391ccd40162b81fca0334e45,23e9c4157d6c105f4f1b5581129d54b0,delivered,2018-07-11 10:34:33,2018-07-11 10:47:18,2018-07-17 12:04:00,2018-07-26 19:45:52,2018-08-06 00:00:00
4b79da007cc374ddaaa469af64c51cf4,2e7c6170cb5ed014b86c1cccdce049f7,delivered,2018-01-10 14:55:31,2018-01-10 15:12:27,2018-01-15 13:28:55,2018-01-22 18:18:45,2018-02-07 00:00:00
c38c4d91635ffe5f51811ff2d04a75ea,a1a566a0fb66a09572230d897d7f2b86,delivered,2017-08-16 15:57:00,2017-08-16 17:04:30,2017-08-22 20:54:44,2017-09-04 15:19:03,2017-09-15 00:00:00
f9b7ce576ae35e95dd79baeef9024e8e,2d982d6b51fd258cab18f1c86938fa3c,delivered,2018-01-10 16:33:39,2018-01-10 16:49:21,2018-01-13 00:18:52,2018-01-23 16:33:13,2018-02-02 00:00:00
0f88fcbdd500681c7245bab9a68eea90,3414eaa6e8afbdc7e2be673c8a71e22f,delivered,2017-04-10 13:32:46,2017-04-11 03:55:14,2017-04-12 18:27:40,2017-04-28 09:29:33,2017-05-12 00:00:00
bcd3587deb2f53804e0d3c39de932ec4,db0423dd92a3e1b5b52d158f40ceb777,delivered,2018-01-12 18:17:38,2018-01-13 02:09:11,2018-01-17 19:13:52,2018-01-24 19:13:05,2018-02-22 00:00:00
b30daa3083a4f16474a6976ca25d520f,f800529518f024fb68b8a716cddbbfe4,delivered,2018-04-06 16:21:10,2018-04-06 16:35:23,2018-04-07 01:32:05,2018-04-21 02:04:01,2018-04-30 00:00:00
842aaf73d95d6a487ed058289c941a4a,672095fce1717238bada161cc856dc1e,delivered,2018-07-29 21:02:08,2018-07-30 16:30:27,2018-07-31 13:39:00,2018-08-01 16:08:36,2018-08-02 00:00:00
78b7280b7eee81ae4e6a623c7c0b1723,ad4a3eb4d7a230b1bbcfab37724983d6,delivered,2018-01-24 07:55:04,2018-01-24 08:15:58,2018-01-30 16:47:26,2018-02-06 21:24:48,2018-02-16 00:00:00
883bebd3f80e509963fbeaa51abf7c0a,aa2ec7384c816e5766350628002e4f43,delivered,2018-08-17 11:24:37,2018-08-18 02:50:21,2018-08-20 10:09:00,2018-08-27 17:48:36,2018-09-10 00:00:00
d50719e017b64d66a6e1a52e765ecfca,2063c45d074e54ecc9e4d6efa05459a6,delivered,2017-12-18 20:55:46,2017-12-18 21:11:05,2017-12-28 20:25:16,2018-01-15 18:15:21,2018-01-23 00:00:00
e67079e951179d571be3c4bb463f47a7,c9b6c820eb45e89a822c0467eb468c74,delivered,2017-12-01 14:53:50,2017-12-01 15:19:09,2017-12-04 17:51:46,2017-12-06 22:22:37,2017-12-27 00:00:00
57d86c396c1d48482e96e9e4a0e14ffb,f90a7fee0ba9a9b8c9ccefa13c5abe4f,delivered,2018-02-18 09:37:19,2018-02-18 09:50:26,2018-02-27 16:59:03,2018-03-19 16:13:00,2018-03-20 00:00:00
26433be071eb28b998536367c0b2a6a8,e795c86066375fa459ee9af20e75d2d7,delivered,2017-03-15 14:52:55,2017-03-15 14:52:55,2017-03-17 08:46:22,2017-03-28 14:23:43,2017-04-11 00:00:00
9a7e84a8e7529c1027405b02b74fe068,6df909eb470e66d52de2332b9edf0b8f,processing,2017-08-29 17:18:49,2017-08-29 17:35:31,,,2017-09-25 00:00:00
a000067196006b1ac2a467ba2156b22d,448a13e993e05e92abc37b5ce19eb921,delivered,2018-08-27 20:31:22,2018-08-27 20:45:08,2018-08-28 14:51:00,2018-08-29 22:18:51,2018-08-31 00:00:00
62c7826e311deeddf387648c11f95711,c9ec31f8e947a02426eabeda861392c4,delivered,2018-05-23 09:38:00,2018-05-23 12:14:45,2018-05-28 12:14:00,2018-06-05 23:56:28,2018-06-27 00:00:00
6d181a7ca28c869ef15a62c76e94fbac,8df9620fc64c4bc7d034827e7bc68b6c,delivered,2017-11-10 15:00:48,2017-11-10 15:10:38,2017-11-14 16:48:32,2017-11-25 01:26:54,2017-12-08 00:00:00
149a156d90f9d0f82f554fba2f4a9cb0,0ea1ae45d45f7ee83bb2d6eb0c1fd03c,delivered,2017-08-15 14:31:33,2017-08-17 03:05:47,2017-08-18 18:30:00,2017-08-29 17:46:47,2017-09-11 00:00:00
21aa5570514b188b031255172b1e04bd,b924b981ecd4493825f0c54db5b4be8c,delivered,2017-01-16 22:58:11,2017-01-16 23:05:16,2017-01-18 15:12:21,2017-01-27 15:34:15,2017-02-16 00:00:00
e6cd4f25f98e93b4ee451af4b06c777c,64d0b45a2d375f50cf34382f6949d70d,delivered,2018-01-17 21:29:08,2018-01-17 21:50:21,2018-01-18 16:37:29,2018-01-24 13:12:51,2018-02-15 00:00:00
96b38b3c9a1ed37a972519924e133f63,7d4c5305941682463dcc781b09694830,delivered,2017-07-26 22:07:07,2017-07-26 23:30:12,2017-07-28 17:02:54,2017-08-16 17:44:03,2017-08-21 00:00:00
7ab921e3494bf8da3df2175e4370f87f,dc15621462fa5a5d68c6a2e7a67bd341,delivered,2018-06-20 21:24:53,2018-06-20 21:38:33,2018-06-22 15:02:00,2018-06-27 14:26:45,2018-07-23 00:00:00
44411d47c4ceddd847c094ee77fcbf45,ea660917a9a9f3b22f7f1994d66772ea,delivered,2018-07-28 10:35:24,2018-07-28 10:50:11,2018-07-30 13:37:00,2018-08-02 20:21:47,2018-08-10 00:00:00
3c314f50bc654f3c4e317b055681dff9,c17d38e818f10c91ebcd036bc835a648,delivered,2017-03-16 14:36:05,2017-03-16 14:36:05,2017-03-20 07:39:53,2017-04-24 09:18:11,2017-04-19 00:00:00
7602bfb77ab1d67fd9412ad0a048a221,36e20e5f3794cf014fef196438092c98,delivered,2018-01-12 23:06:52,2018-01-12 23:45:59,2018-01-15 16:13:37,2018-01-27 16:08:55,2018-03-02 00:00:00
25bf0be37db626d23704fecb85729aca,7ca182b6bf8a5f9ce44aee2e3212edc4,delivered,2017-07-18 23:13:57,2017-07-20 02:23:50,2017-07-21 19:52:53,2017-08-03 18:37:31,2017-08-11 00:00:00
0c894d8f095e6bb51a9f22123a149507,c5f2c64fb9e8baa1021a0627ad5f4245,delivered,2017-03-27 12:27:50,2017-03-29 02:10:55,2017-03-29 15:20:19,2017-04-05 14:48:45,2017-04-18 00:00:00
20f93cb03af912a0ffbac65b7e96fed1,54567959bcb46224d38c717de98439f1,delivered,2018-07-26 21:22:58,2018-07-26 21:35:20,2018-07-31 09:57:00,2018-08-07 21:21:20,2018-08-09 00:00:00
6dd5fbff4557f2db49bf8c5efe1a1583,4d8191b1fc062213093ebf08904026d8,delivered,2017-08-11 22:46:54,2017-08-11 23:03:44,2017-08-15 13:24:43,2017-08-29 19:46:13,2017-09-04 00:00:00
e1faf9211232539926d65299a9067f98,ac273047ab37c8e54e6622c2a58ccdf3,delivered,2018-07-30 22:49:08,2018-07-30 23:05:14,2018-08-02 12:52:00,2018-08-07 15:26:42,2018-08-07 00:00:00
af9cf6a8b011e9fea2be4c295942e58b,cf6825242ddd453dd3381bb0aa0976d3,delivered,2017-01-15 23:17:31,2017-01-16 17:31:36,2017-01-21 04:31:48,2017-01-31 15:57:50,2017-02-27 00:00:00
92013735c1ed554505fd8ce6ea7695eb,bdf8deb639a55e1f9ee26a5905456d40,delivered,2018-06-23 10:54:25,2018-06-23 11:14:53,2018-06-25 14:37:00,2018-06-26 22:12:18,2018-07-12 00:00:00
b161deecd4d00e692166e541a2bff028,dad907e170748a35ef4e92238b7308f3,delivered,2017-08-22 22:03:32,2017-08-24 03:15:49,2017-08-24 20:48:05,2017-09-05 22:33:55,2017-09-26 00:00:00
e313e28018f250ccec7488220bbfd285,16cde6d6cbee98347525853d76dac40d,delivered,2017-06-12 16:35:42,2017-06-12 16:50:15,2017-06-14 14:19:45,2017-06-19 14:54:43,2017-07-03 00:00:00
757c7e312cf79371dc63f370336ed41c,047b2318462162dea28e4b55638a327a,delivered,2017-11-15 17:37:44,2017-11-15 17:50:31,2017-11-16 20:36:53,2017-11-27 22:41:49,2017-12-11 00:00:00
935f9339b5dd814b7ff8cfbedf010732,6f2da93c70443d0dc6c0a0f7d24b2aa3,delivered,2018-05-29 23:23:00,2018-05-31 03:36:09,2018-06-01 14:40:00,2018-06-03 17:03:05,2018-06-21 00:00:00
eb8bb2327b51442c991b414ac3bc397f,578ce4a565c881e151e21d957f1ee3c5,delivered,2018-06-04 23:21:42,2018-06-05 23:15:14,2018-06-08 18:18:00,2018-06-11 18:46:25,2018-06-29 00:00:00
2d8929b98f4be1f692ab7d61afb727e7,ca68daf43755062d6b719a1b36f92eb0,delivered,2018-04-11 20:13:43,2018-04-13 13:15:08,2018-04-30 18:51:00,2018-05-12 11:24:42,2018-05-24 00:00:00
fe650e72e3f39d6c3a0e3d87da7971cd,ee3a81b2771fec5f9e982cdb1b3a4804,delivered,2018-03-26 23:43:27,2018-03-27 00:07:11,2018-03-27 18:08:39,2018-04-12 00:44:25,2018-04-13 00:00:00
4ab7b9945880c46a7fe643c2dacf9ce5,4e9b99cb1af6cfcdb7f1b1eebf15000c,delivered,2017-04-06 19:31:24,2017-04-06 19:45:14,2017-04-07 13:43:00,2017-04-12 13:57:47,2017-05-02 00:00:00
4fb59cc4950521f470473ef761b30d7e,e2eed9d273e12f782167ef6b5a5a1bce,delivered,2017-09-04 21:09:04,2017-09-04 21:24:08,2017-09-18 21:58:43,2017-09-26 20:13:40,2017-10-03 00:00:00
b3b663af930cb86b58bbebd928832b4c,d513bac7cc42bb5a6ee1acd1e1a3be62,delivered,2018-06-27 09:34:06,2018-06-29 02:35:17,2018-06-29 14:45:00,2018-07-04 19:54:53,2018-07-20 00:00:00
0d439757ecfbf3291e45eeed58215fe8,dd06327b9cd00c337fc10125c744c4d8,delivered,2017-08-30 17:20:54,2017-08-30 17:35:44,2017-09-01 16:06:34,2017-09-13 20:10:26,2017-09-19 00:00:00
674eb13687ba86abeaee12ece9ce0309,2dbffe025a0f463a039b8e98f85e7806,delivered,2018-08-13 12:13:40,2018-08-13 12:25:19,2018-08-14 10:27:00,2018-08-15 16:18:51,2018-09-26 00:00:00
0be4a277478192493eb95d8a53ec5912,7cc50a971eca3b67109b6ea86cb8e015,delivered,2017-05-31 19:01:22,2017-05-31 19:10:22,2017-06-01 14:03:27,2017-06-06 11:28:39,2017-06-13 00:00:00
d3439c4b5e0cbdec46f811946c2217e5,4f43800c561a29217ce7b1812270a79a,delivered,2017-09-20 19:43:04,2017-09-20 19:50:16,2017-09-21 15:45:13,2017-09-27 16:54:27,2017-10-13 00:00:00
5b85d25b6c241ebdfc09b3300a7af668,12547146321663dd440fb297f37346ca,delivered,2018-02-10 22:59:12,2018-02-11 00:07:46,2018-02-17 17:33:55,2018-02-22 13:51:27,2018-03-15 00:00:00
3a05158275b431c21a0f5969d602c890,ee7d24ac69ed563a8e722414bfc1cb8c,delivered,2017-07-30 19:04:04,2017-07-30 19:23:26,2017-07-31 17:59:54,2017-08-10 19:23:44,2017-08-30 00:00:00
b96f5299909903eedc435d396f90f726,f4af9116429bdaa90732a4ad05f1db2c,delivered,2017-01-26 09:50:17,2017-01-27 07:30:11,2017-01-27 11:33:02,2017-03-27 15:12:26,2017-03-06 00:00:00
1596533ff4cff89818b0490409f0c4f1,a4ce9ac789255d865310ffdf6586c2d2,delivered,2018-08-01 22:52:40,2018-08-01 23:05:11,2018-08-02 14:31:00,2018-08-03 13:38:45,2018-08-08 00:00:00
188b477021751fb5423a18b77aed2dd0,e6e690559912f9bd4b01c9ceb98af661,delivered,2018-04-25 17:26:11,2018-04-25 17:55:34,2018-05-03 08:22:00,2018-05-07 19:02:22,2018-05-15 00:00:00
6e5fda4cd8dbfe3f9c8485b8d10d7503,b5ed78953b6b308d4335360d6246bcc4,delivered,2018-03-13 15:27:37,2018-03-13 16:08:15,2018-03-15 19:36:52,2018-04-20 17:49:09,2018-04-26 00:00:00
02a79582212a06e4d617380fb2db8636,acad1895356162bac7a8215bd2ac7406,delivered,2017-12-13 05:40:55,2017-12-13 05:50:30,2017-12-13 14:23:02,2018-01-03 14:08:59,2018-01-09 00:00:00
844cf907092829d721bd444fc47377b5,10bc635dd02be0adfee347a616414b23,delivered,2018-06-08 01:16:21,2018-06-09 01:31:27,2018-06-11 15:16:00,2018-06-12 19:05:07,2018-06-26 00:00:00
d454cb4d38b256a9431bf8224f239960,c2abbbcf884e62c3e59e30777cc11320,delivered,2017-10-30 00:26:51,2017-10-30 00:45:08,2017-11-06 18:22:15,2017-11-10 17:52:20,2017-11-17 00:00:00
e98405be83624163fbaadf39f502cfb1,cb047fed186785a0792371ff0b2aff8d,delivered,2018-06-06 13:42:03,2018-06-07 13:57:33,2018-06-08 11:33:00,2018-06-19 09:53:30,2018-07-13 00:00:00
2ec5ae6b4bef1de1d800902041762302,4e508aee7341ba61e85f371d160ae396,delivered,2017-09-11 22:15:48,2017-09-11 22:30:11,2017-09-19 18:38:01,2017-10-17 01:42:17,2017-10-06 00:00:00
f9f5a6122ac5d668e8bf05b61354507e,2e63252a47cbfe8033e3b65e00e13f1a,delivered,2018-04-04 15:18:25,2018-04-04 18:28:22,2018-04-05 18:50:36,2018-04-18 19:07:51,2018-05-08 00:00:00
307c55be8a2874385621e8f31a1a7923,7ab187fb18385ade36c907a5220c33a4,delivered,2018-01-23 20:37:43,2018-01-23 20:53:55,2018-01-26 15:59:44,2018-02-01 15:48:35,2018-02-15 00:00:00
dee8d1d83278b2ec6e50c6472cd24c81,baa484e36b520c9d8931adc896ebc1c8,delivered,2018-04-05 20:25:28,2018-04-05 20:35:21,2018-04-09 15:52:10,2018-04-17 16:32:44,2018-04-30 00:00:00
88e583db0e0c8c29a91c2c68a0ee82db,c4ab204c9228aba26422ceec427ce1bc,delivered,2017-08-21 01:36:56,2017-08-21 01:50:15,2017-08-23 20:14:05,2017-09-04 19:07:33,2017-09-21 00:00:00
586c7a332a49228779ba40068cfeefb3,6565e3986825dc8741d0c41228ec6011,delivered,2018-05-14 11:29:01,2018-05-14 11:58:25,2018-05-14 14:20:00,2018-05-15 18:52:28,2018-05-23 00:00:00
c06efe1d3dbfb4878f8742b009d0d0a5,252e3019a511578779f6b9b0887ced45,delivered,2018-03-16 15:26:08,2018-03-17 15:28:29,2018-03-21 15:42:36,2018-03-23 03:27:43,2018-03-28 00:00:00
38acf4355fd1e66ca9b94df9f275b673,36a069e79c0ae8c66e4fcf2cb67bd490,delivered,2017-12-05 21:32:56,2017-12-05 21:58:47,2017-12-06 23:22:35,2017-12-18 15:42:18,2018-01-03 00:00:00
1094e838b998a10c8faf3bc0b77906df,7972b72a39b505982dba57710d018ebf,delivered,2017-12-03 14:59:01,2017-12-03 15:10:21,2017-12-06 21:38:32,2017-12-12 16:47:02,2017-12-27 00:00:00
dbc90d1425b57593618eae51de0bd3eb,126a434361ef6c6f07b7e51604b7b7c2,delivered,2018-04-29 19:29:20,2018-04-29 19:50:09,2018-05-02 09:18:00,2018-05-07 20:13:57,2018-05-21 00:00:00
21eaec27338dab3006319241bff4c002,a664eb820c2169b80e2999b80f22f960,delivered,2017-11-22 14:14:38,2017-11-22 14:26:49,2017-11-28 23:17:04,2017-12-11 23:25:47,2017-12-14 00:00:00
b6f200c5c4c61401491da12a925e588a,2813267edaf96ed6712fd80d1d6df6bf,delivered,2018-01-18 15:53:13,2018-01-18 16:16:18,2018-01-25 22:42:59,2018-01-29 16:26:58,2018-02-08 00:00:00
9d4ef6bf8501238d56e2c970ebae7d77,4c349f62d9adaeb0851c59901523668a,delivered,2017-09-10 11:53:37,2017-09-10 12:05:26,2017-09-11 22:04:10,2017-09-14 18:42:10,2017-09-29 00:00:00
d29212dbe4fbd99ab40e4853c6c09d4b,70c787ceba70e4f8cd193ed9f7e0f7d0,delivered,2017-05-16 16:34:38,2017-05-17 03:45:30,2017-05-17 10:35:05,2017-05-23 10:13:41,2017-06-05 00:00:00
2c08af91c0b50d5d87fd30ecb5cc0e31,d037533ae7cef4ebcda6155993afd958,delivered,2018-08-23 17:19:57,2018-08-23 17:30:27,2018-08-28 12:06:00,2018-08-29 17:08:46,2018-08-29 00:00:00
251fe947dc87c3ac12965b12bd34f160,e45fc68e618340baf7ced09aa8e0f5f3,delivered,2018-05-09 16:09:45,2018-05-09 16:30:42,2018-05-10 10:25:00,2018-05-16 14:31:33,2018-05-30 00:00:00
11756f86e163262523f75f21a3b127af,5a20ca312082cc032cb3404183049384,delivered,2018-05-08 08:11:02,2018-05-09 02:54:15,2018-05-09 11:49:00,2018-05-14 17:44:18,2018-05-22 00:00:00
ccd9ab6d617068dfcefbe49e1322c878,2f97b02d40643e010692dda69192260f,delivered,2017-02-18 17:58:31,2017-02-18 18:10:10,2017-02-21 12:06:32,2017-03-10 08:27:31,2017-03-21 00:00:00
d0fcf3d6dcc18a5c4ac51f06a56ec683,1741b977c920605ffb564947e40cdf0b,canceled,2018-01-31 13:05:16,2018-02-01 11:35:43,2018-02-05 16:47:42,,2018-03-07 00:00:00
2849a0f33a5aad6b84b7dd4139cf4ea7,e3912df9bb14bdb259a3ec5783a3feee,delivered,2017-06-23 09:08:13,2017-06-24 02:45:18,2017-06-27 12:17:31,2017-06-30 09:56:09,2017-07-18 00:00:00
b719af721da8bc41ee0636c4ca0d7960,d89233bb26267fbe7854eb9fde2ceb84,delivered,2017-11-17 19:53:41,2017-11-22 03:16:54,2017-11-22 16:18:53,2017-12-01 15:32:24,2017-12-18 00:00:00
1d205ebf60a8861d97019102c645668b,23f676f1621d02c0550aa550b094b849,delivered,2017-10-12 13:04:22,2017-10-14 18:33:36,2017-10-20 19:59:03,2017-10-26 11:43:41,2017-10-31 00:00:00
20c424e77ff7ac0e6db230f5ea655eab,9633917e5a4e349563a1a5df573cc224,delivered,2018-05-02 23:01:49,2018-05-03 23:10:54,2018-05-04 11:25:00,2018-05-07 20:45:42,2018-05-21 00:00:00
3f3bc6783bd7e2ae55ee7d50e0a855f5,62bb13fb5ca065250b38f8c929f08cda,delivered,2017-07-02 00:18:12,2017-07-02 00:30:11,2017-07-03 15:35:57,2017-07-11 16:58:58,2017-08-01 00:00:00
403b063e9e57ae6bbcfd6fae2bccfad4,c31a5c125845c57d4d939043eceaf511,delivered,2018-04-21 15:49:36,2018-04-24 17:53:00,2018-04-24 19:37:28,2018-05-07 17:04:03,2018-05-21 00:00:00
15b1aceab346b46189a6eea3b6f4b951,8ec1617ce630c731866f5a041b5d408c,delivered,2017-01-27 18:16:50,2017-01-28 10:31:24,2017-01-30 09:57:15,2017-02-09 09:27:56,2017-03-15 00:00:00
90ae88df789a81674fb44e769f09fabe,5bf56be4d02b521a28e37dba6326079d,delivered,2017-10-29 14:58:57,2017-10-29 15:10:17,2017-10-30 20:21:34,2017-11-01 21:48:02,2017-11-17 00:00:00
a8b78b69f09b2a198f5a89c1897f8c72,69cf4a24c1d0f920d30e57a9375ec0f7,canceled,2018-02-17 17:16:24,2018-02-17 17:27:23,,,2018-03-13 00:00:00
c6cb31f8b07b595bf517c4bc1e86d35d,1c247ed1bb41f396d77b442440331f3c,delivered,2018-06-24 20:33:41,2018-06-25 15:18:46,2018-06-26 15:52:00,2018-06-27 17:06:37,2018-07-13 00:00:00
0541ce103afcdd3940e866e3cbf7a77c,1e6ee77f5b9d165c26cd56dd39a83593,delivered,2018-06-24 17:56:42,2018-06-24 18:15:21,2018-06-25 14:31:00,2018-07-03 23:32:09,2018-07-24 00:00:00
5418b42df41271111a970b30657f32b1,31256979d0a35f42596fbd7ca81282ee,delivered,2017-10-08 15:15:44,2017-10-08 15:35:16,2017-10-09 15:10:00,2017-10-13 16:58:51,2017-11-07 00:00:00
d66cc5131251a9a5e42c649631dfbdaf,a417dc4a8f196046bf2e5f5c6a9bff7c,delivered,2017-03-28 00:08:45,2017-03-29 01:15:23,2017-03-29 15:48:08,2017-04-20 08:33:55,2017-05-10 00:00:00
5be7fcdba040de4538c9bd6fc2447973,cf612a028ded9ae8449386de8ba61e24,delivered,2017-09-01 11:06:32,2017-09-01 11:25:09,2017-09-04 20:49:49,2017-09-06 10:52:36,2017-09-20 00:00:00
4363ab80d1b250bca41ff7ed817788cc,c3ee7decdc6cad76fcbfea4c360943d0,delivered,2018-03-08 20:10:32,2018-03-08 20:29:10,2018-03-09 19:22:08,2018-03-19 18:02:19,2018-03-28 00:00:00
9b9a7ecc01bac06fcf3c50980c5ed885,48e25340f98151add48a2cfe2e944310,delivered,2017-08-13 05:31:14,2017-08-13 05:43:39,2017-08-15 18:45:36,2017-08-24 17:34:05,2017-09-12 00:00:00
45ee4a244dd8a9df576959533aca1d6b,f37a6d2033b44cf9861292d6e4561c44,delivered,2018-07-19 11:10:14,2018-07-19 11:25:21,2018-07-19 12:36:00,2018-07-26 15:57:40,2018-08-07 00:00:00
c7c6a739a8443d84f8be2528afc84d43,924e99fff64f1dea1d8be282018ec8a9,delivered,2017-05-18 03:30:43,2017-05-18 03:42:29,2017-05-29 12:52:08,2017-06-05 16:32:56,2017-06-29 00:00:00
38f6871a527b1bba63f4db9b0f3dee2d,db49fe520cb46f61abd48dd7ac799885,delivered,2018-06-14 19:35:01,2018-06-15 02:17:23,2018-07-06 08:32:00,2018-07-11 15:40:55,2018-07-11 00:00:00
83b730ab4cac58471d803672a6688b5e,f05131b9ff23ce30a8b8ab9d416bba8b,delivered,2018-03-11 10:55:17,2018-03-11 11:10:15,2018-03-12 23:41:24,2018-03-16 18:06:48,2018-03-22 00:00:00
eb2b517f75155a31a8a7fa12df7769ce,fc2a209aa31f3e9d4df7bdb03137b67a,delivered,2018-02-24 12:35:33,2018-02-24 12:50:21,2018-03-02 01:03:52,2018-03-13 12:15:50,2018-03-21 00:00:00
d8a40a1358d3b2dca231abdaa566b054,83913bf92fd18aeb5d5763e3bc298d26,unavailable,2017-01-25 01:20:19,2017-01-26 01:25:07,,,2017-03-16 00:00:00
9d4f64a1f986f46f1a1b1ffe3237c5d8,0b654c00a7c2ec822f72fb88fb0510f2,delivered,2017-07-06 13:35:07,2017-07-06 13:50:13,2017-07-07 15:11:24,2017-07-19 17:14:29,2017-07-28 00:00:00
eddfc2187c80775af2e7aa42cfed8989,f065f9395bd92e7f1e27e142c9b81cbc,delivered,2017-07-18 20:59:45,2017-07-19 21:05:16,2017-07-21 21:42:21,2017-08-07 20:12:49,2017-08-18 00:00:00
f244841f5a461472de8de82f023b1371,58b3208913cae35dadfac41929721901,delivered,2017-06-25 22:22:30,2017-06-25 22:30:15,2017-06-27 10:35:41,2017-07-04 13:17:30,2017-08-08 00:00:00
d5575392b459cfde23795e925c6ce5d4,ccd3a01047cfa241b01647fa70614877,delivered,2017-02-27 11:58:28,2017-02-27 12:10:22,2017-03-06 04:54:51,2017-03-10 13:09:40,2017-03-22 00:00:00
d7dd7b5a139c49fb68a6977797599973,545c79b40c22b0a53abea88e0948c862,delivered,2018-04-09 17:39:10,2018-04-09 17:51:31,2018-04-10 19:28:40,2018-04-16 17:51:09,2018-05-04 00:00:00
b3c0d30328473d54c9e53a0e9aa04aca,58fba16038794a623b95dcc8eaf29f76,delivered,2017-11-07 20:49:32,2017-11-07 21:51:40,2017-11-08 13:46:56,2017-11-16 18:11:44,2017-11-30 00:00:00
c89d81740da0f2eca4cdbac9c558ed6a,6087ebd38fb5b21f70e89b269e66f50d,delivered,2017-10-28 14:16:58,2017-10-28 14:30:16,2017-10-30 20:37:54,2017-11-08 16:54:45,2017-11-21 00:00:00
d9fa17951c63adc1a26a35209c26eeb7,c392b3f933878be846c4301608458aa2,delivered,2018-08-21 19:12:30,2018-08-21 19:25:17,2018-08-23 13:46:00,2018-08-24 19:58:37,2018-08-27 00:00:00
899dd9d7844ca79134ec8e611f7b4ed1,0d9c0797cad5c54ccfeab072bcaaa3b3,delivered,2017-03-13 22:17:31,2017-03-13 22:17:31,2017-03-15 09:12:21,2017-03-27 14:43:19,2017-04-05 00:00:00
784a3de867a5e44b45ebe50f1640ab14,e0a598d0d874ed0fff20c7e71dbb26f9,delivered,2017-11-09 15:49:25,2017-11-09 16:07:16,2017-11-11 00:18:20,2017-11-14 23:08:45,2017-11-23 00:00:00
e4c540c341b9a50b1a1b28e71867eb5b,5c351d3b7eb465775ce1405dbe49cb23,delivered,2018-04-26 15:55:42,2018-04-26 16:11:01,2018-04-26 14:55:00,2018-04-27 17:24:52,2018-05-09 00:00:00
0756fac8c4aef0446002871923cc6b8f,954044bfd6fb537969f65fb21750ae1d,delivered,2017-05-08 17:27:02,2017-05-08 17:35:12,2017-05-09 10:13:55,2017-05-15 10:12:44,2017-06-01 00:00:00
ecdaf77dd1a8f3bbb92d88b14869b2f9,8ce0f4282d62b0df327e7873a5408599,delivered,2017-06-28 16:35:20,2017-06-28 16:50:28,2017-06-29 12:08:06,2017-07-07 17:55:24,2017-07-26 00:00:00
f2f0e2137eed28bd2c8531655ddb7d77,b07b8de547b39b7864c6b7fc1ff90af0,delivered,2017-10-05 23:06:13,2017-10-07 02:25:02,2017-10-11 21:54:57,2017-10-28 03:03:02,2017-11-22 00:00:00
444a79f029a4c3fb4a713ef828f6800d,10926161cddd1f0ad0e0c705109a334c,delivered,2018-03-22 16:52:17,2018-03-24 02:28:44,2018-03-27 01:58:45,2018-04-14 16:24:36,2018-04-13 00:00:00
2fec4096e4bb7a55405ef23109cd7337,145739ac2d9523be4e6c15058718fab9,delivered,2017-06-23 22:01:55,2017-06-27 04:23:21,2017-06-29 14:28:57,2017-07-07 21:24:44,2017-08-02 00:00:00
7776ca93188e915b1100fe8221bc5fa5,63c87c47825c57a0d05099f814831e9e,delivered,2018-07-13 00:03:22,2018-07-13 12:55:36,2018-07-13 14:02:00,2018-07-20 21:26:32,2018-08-03 00:00:00
6c5668e3fb9c385112fb6ab07093253e,9e251e05bdbbc4d3d7098a5f29c5da9b,delivered,2018-03-14 10:30:32,2018-03-14 11:09:02,2018-03-15 17:36:31,2018-03-28 19:12:12,2018-04-06 00:00:00
7000efd8e07cc944c89c1ad6fc95d319,cb8250659b3d34c3f3d183df5fea2339,delivered,2018-01-25 10:08:54,2018-01-25 10:17:55,2018-01-25 22:03:38,2018-02-10 02:05:15,2018-03-06 00:00:00
f95e68e0a929684e9e406ad28d6604a3,0cfe7792c4a6d243bbd920c0d71a9c46,delivered,2018-02-23 19:53:43,2018-02-23 20:10:25,2018-02-27 00:27:10,2018-03-13 21:07:05,2018-03-19 00:00:00
aba02e203a50c9dcf7c2b6b210b5f6eb,b7fc8e04ed80320673fef972447e3551,delivered,2017-11-22 14:55:46,2017-11-22 15:06:37,2017-11-23 17:12:28,2017-12-01 00:28:05,2017-12-08 00:00:00
f56dddd5a49e282a2747a25d6d7d1bf2,62af946cc2a3c3a615c3a9b5074cd271,delivered,2017-11-23 17:17:55,2017-11-23 18:55:40,2017-11-24 22:54:29,2017-12-11 15:10:09,2017-12-14 00:00:00
4b04e5a08d1176f2e591c79479364956,5069b5cfb3f053ce9962cf6ea0c9896f,delivered,2018-04-08 17:45:33,2018-04-10 16:35:19,2018-04-11 22:14:31,2018-04-26 19:56:44,2018-05-02 00:00:00
40dc3a64281055bc8778d0281421bd63,bcdb369a0f86bdc5c9ce1b19123ef712,delivered,2018-05-19 20:03:25,2018-05-20 00:41:49,2018-05-22 09:05:00,2018-06-11 18:11:17,2018-06-08 00:00:00
dd7cf61b3197740df7b6bf61bbfa6994,ed55323db262c574ffd5a532cfa08df4,delivered,2018-04-11 13:20:02,2018-04-11 13:35:18,2018-04-12 22:38:29,2018-04-16 19:51:31,2018-05-04 00:00:00
d978c11617c8cb9394b09ecf7c7ff182,4643c7e134268233625982a0556d1d11,delivered,2018-05-17 21:38:35,2018-05-18 02:54:20,2018-05-18 15:29:00,2018-06-05 17:46:50,2018-06-06 00:00:00
19c339969d909ed2babf33e7ca9e61c7,302236291b9fcf26861aa5305cdc0903,delivered,2017-08-25 10:43:58,2017-08-29 04:30:13,2017-08-30 17:49:45,2017-09-08 20:02:44,2017-09-21 00:00:00
40a9be4510459ae28841128e5938153f,063a4ff31bff767c4a8fe77696eb3892,delivered,2018-08-14 17:42:23,2018-08-14 18:15:24,2018-08-22 08:39:00,2018-08-27 20:38:27,2018-08-24 00:00:00
98c7a766f2c811842be91b29a02515a8,ee26a238cb3afe255bf745d541e83c2e,delivered,2018-03-25 18:27:37,2018-03-25 18:48:09,2018-03-26 19:36:59,2018-04-12 22:56:59,2018-04-24 00:00:00
dad4408fb39e21cd4dd146ccf6c9d621,116d853f173cfe18e5c38d3cf786c278,delivered,2018-06-17 16:30:46,2018-06-17 16:59:50,2018-06-20 12:52:00,2018-06-29 00:32:45,2018-07-18 00:00:00
9b50e476c16af06059742383c202515c,4f26879337390e61318a8a4fd192faa3,delivered,2017-06-18 19:36:36,2017-06-20 11:10:33,2017-06-20 16:09:25,2017-06-28 14:57:51,2017-07-11 00:00:00
35d3a51724a47ef1d0b89911e39cc4ff,27ab53f26192510ff85872aeb3759dcc,delivered,2016-10-04 14:23:50,2016-10-05 02:44:29,2016-10-14 02:44:30,2016-10-26 15:03:52,2016-12-20 00:00:00
554e0040525310e842d969553ab5b594,2fba5029746e51d217aa5deced85a386,delivered,2017-11-30 15:36:10,2017-12-02 02:52:03,2017-12-05 14:47:01,2017-12-18 21:09:03,2017-12-28 00:00:00
450c38e2c35be1d12fb07ad8c2432ebd,7b530dd0b6024eaf341aae361f575254,delivered,2018-02-05 20:08:57,2018-02-05 20:29:48,2018-02-06 22:08:56,2018-02-19 17:52:24,2018-03-08 00:00:00
39597e816452d67775b185a4de2f583f,f927df0da3a9b4cbc4855bed6bc5b3cb,delivered,2017-07-27 18:05:53,2017-07-29 02:23:39,2017-07-31 17:07:57,2017-08-11 21:22:02,2017-08-18 00:00:00
a54631fe619310f5beb87f833a0467e8,f8e2143e935803a90abc0998e9aa5081,delivered,2017-09-19 08:39:35,2017-09-21 02:46:52,2017-09-22 18:52:23,2017-10-02 18:08:01,2017-10-06 00:00:00
4ced9870d4ae74e72958ff7d640fe303,480dc46515697aa029be23aca93a58a8,delivered,2018-04-26 00:53:15,2018-04-26 01:10:25,2018-04-26 14:24:00,2018-04-30 21:28:40,2018-05-18 00:00:00
591083bc42b589c7052118aa83118e76,276df8efcf9602ecddaa00e349eb79b3,delivered,2018-01-02 22:09:17,2018-01-02 22:19:30,2018-01-03 21:10:00,2018-01-23 13:54:57,2018-02-06 00:00:00
2b88a26c626a1091116a727133c5a1c6,2d05a3af79bd57cecb97416cfd6bf5fc,delivered,2018-05-12 19:14:02,2018-05-12 19:30:24,2018-05-15 13:29:00,2018-05-23 15:52:19,2018-06-07 00:00:00
3e92e84e557bec2d9fa0d853b3e855e1,b01a34434d0cf0d75005e5162a3b9798,delivered,2018-08-19 11:52:24,2018-08-20 11:32:38,2018-08-20 15:18:00,2018-08-27 15:04:53,2018-09-06 00:00:00
a1b9ae5b3934e2757434214f3acba4a4,bd033af61f41af8f776a036fc7ad1a1a,delivered,2018-07-30 11:34:41,2018-07-30 12:20:06,2018-07-31 11:24:00,2018-08-11 15:26:39,2018-08-03 00:00:00
51b49289046dde9892d02a06418f6b89,723a5aaedfd28127b7f4bf4ead493c51,delivered,2018-03-06 13:15:48,2018-03-07 02:35:29,2018-03-07 20:59:14,2018-03-17 14:52:18,2018-04-11 00:00:00
b6bce07e667be9039b22c511e12bfc0f,eb70046d0c5ccb4fbbbca4b8066b8626,delivered,2018-01-26 19:53:15,2018-01-26 20:13:22,2018-01-29 22:10:46,2018-01-30 20:27:52,2018-02-09 00:00:00
2011387fcf68d0d56838be05771c4db8,2237144a10689251d71b7a4d2784cf81,delivered,2018-02-11 00:58:52,2018-02-11 02:09:07,2018-02-16 18:52:47,2018-02-27 00:23:04,2018-03-12 00:00:00
396ecd66e534ab22f8c11be648298286,0fb80a7fe135dc3abd1469007f5b9ac7,delivered,2018-04-18 09:21:18,2018-04-19 08:15:33,2018-05-02 08:51:00,2018-05-09 12:34:43,2018-05-17 00:00:00
2c743fa9aec96b772983e9ab98eda2b2,5846e59bc6fedf6418b9f8bcc74fb06e,delivered,2018-08-19 20:37:18,2018-08-20 13:10:19,2018-08-20 14:32:00,2018-08-24 20:55:59,2018-08-30 00:00:00
82d070e34602e993e119f3475f804639,7b2263dae41524e8a4b5ba0f101c4ddd,delivered,2017-08-03 09:26:42,2017-08-03 09:43:39,2017-08-07 18:35:58,2017-08-17 19:22:31,2017-08-25 00:00:00
a7cc3c29f697ab59a78584b9b793b686,22766d08b5c5b8f81c71719f725999d7,delivered,2017-11-24 23:25:01,2017-11-25 15:10:50,2017-11-28 17:39:02,2017-12-05 00:09:37,2017-12-15 00:00:00
e343a798d653d6f5c1f48a4a7ef10337,9d5eb4a7ada5ec00a0fe29ab80e194f5,delivered,2017-11-13 08:43:22,2017-11-14 03:55:35,2017-11-14 19:06:45,2017-12-06 21:48:46,2017-12-04 00:00:00
30d26db01f4ba88841bfbdbf5aaa8711,793c6305b1e85bc03a82e464e28533fd,delivered,2018-05-06 14:10:05,2018-05-08 04:55:48,2018-05-10 12:27:00,2018-06-03 15:26:47,2018-06-12 00:00:00
803fb022a1abcf6fa24b70fee9c7ac7d,c1104fac5436b5fdc87384ade7034be1,delivered,2017-04-17 12:47:04,2017-04-17 13:05:46,2017-04-18 10:50:17,2017-04-20 08:26:20,2017-05-12 00:00:00
618db255ea9978349362f2f0e3ec1aff,753f15432f1c08ae572776869f9b5423,delivered,2018-03-29 23:22:37,2018-03-30 22:55:12,2018-04-03 00:43:44,2018-05-16 17:42:32,2018-05-09 00:00:00
0cee95c34f2cd6a8e38d9b170b9a468e,571a23f3549e26b246809b4938612eab,delivered,2018-04-19 20:41:19,2018-04-19 20:55:24,2018-04-20 23:03:55,2018-04-23 20:37:20,2018-04-27 00:00:00
482538374ee64ae910d1c2e2d7d58f28,9262179b4bbc5d177135b4916c45341b,delivered,2018-03-21 12:53:47,2018-03-21 13:35:28,2018-03-23 13:42:50,2018-04-23 14:46:52,2018-04-12 00:00:00
6828ba023d753e69328bc0b6e4153cb4,5639a58bc71ac1f158f163a3fd9a1d46,delivered,2017-09-01 13:34:06,2017-09-01 13:45:13,2017-09-04 19:35:45,2017-09-11 18:53:38,2017-09-21 00:00:00
349982921dd24028676e068b97e126c8,5e6e72b76179c156b3e332b43127ad4a,delivered,2018-06-14 20:42:39,2018-06-14 20:56:34,2018-06-20 10:32:00,2018-06-23 12:32:12,2018-07-18 00:00:00
21af570a43e64c302adcbe61ad045303,bc88c2c13118238d476e8b8b9403ee82,delivered,2017-06-05 17:25:36,2017-06-05 17:42:28,2017-06-09 13:17:49,2017-06-13 17:07:11,2017-06-19 00:00:00
9cd5810e0e93f3aa22403b2a7371d1a2,ffb6bb7dbfa226abbb5f1c27bb3b7a6f,delivered,2018-03-02 22:35:14,2018-03-02 22:55:33,2018-03-07 23:58:36,2018-03-16 18:53:23,2018-03-20 00:00:00
1cdbaaa0377025fdc1847dd3619f88db,b4723aaa1b0372ec3faa788d944a1e82,delivered,2018-03-02 21:53:30,2018-03-02 22:30:44,2018-03-06 16:49:04,2018-03-26 18:05:49,2018-03-21 00:00:00
f16df3ab38440d905b5b78fe89972f69,f1df48ddc91e0a1605bfa9d1a96b9d27,delivered,2018-04-06 22:42:39,2018-04-09 08:35:10,2018-04-09 21:46:28,2018-04-13 16:16:37,2018-04-27 00:00:00
abb32e3dfb9704d1e5b0c0b843218a4e,1cc9cdbf6072b4b59de7b37081dfcdf2,delivered,2018-08-10 15:58:14,2018-08-11 15:55:18,2018-08-13 14:08:00,2018-08-21 22:29:31,2018-09-04 00:00:00
877a74a0ee5c1f719f39f4f11d2fc19a,5f87c05477db2d22c63b718299c9c03e,delivered,2017-11-27 00:25:10,2017-11-28 03:31:49,2017-11-28 18:12:01,2017-12-19 20:06:44,2017-12-20 00:00:00
99f5faa8c29a7443038cef67c91b9258,16ed9e72e4d0ee2e1d537843b015d44d,delivered,2017-05-19 13:00:09,2017-05-19 13:10:17,2017-05-20 08:52:10,2017-06-05 13:57:59,2017-06-21 00:00:00
3856ea28b2b7b0bfa3123457ca8fb088,ae09265033c20c67616e5ce8369d7537,delivered,2017-05-23 14:48:19,2017-05-23 14:55:21,2017-05-25 10:09:29,2017-06-02 13:51:53,2017-06-14 00:00:00
d94b926061ca5111c67286a565441819,a5d9bc45da6313c456b52a0d2421b218,delivered,2018-03-18 17:03:06,2018-03-18 17:15:28,2018-03-21 18:08:59,2018-04-04 15:28:36,2018-04-10 00:00:00
a48ae75aa612f90baba858aec925314b,305ef4f0803592a0f0ea0c55091d76bd,delivered,2018-04-13 17:57:19,2018-04-13 18:11:50,2018-04-16 16:28:26,2018-05-03 18:11:56,2018-05-15 00:00:00
0b4ed5311f55b9b8f0f30b35e5b45dbd,3e3196d8c97e8351de8a7a3bc0d06211,delivered,2018-05-30 22:55:26,2018-05-30 23:10:06,2018-06-01 14:14:00,2018-06-08 20:20:53,2018-07-20 00:00:00
8a1af4b10efdc90daa0fbd611fee2420,1eabd60f2859a5dce0e8f87218540fb6,delivered,2017-11-11 18:12:32,2017-11-11 18:26:44,2017-11-14 16:36:24,2017-11-18 16:15:30,2017-11-27 00:00:00
7e58d43378f4a2f37979592dbffac279,9fe891b80c54c35613d1c6c1b0431072,delivered,2017-06-14 13:56:57,2017-06-14 14:10:18,2017-06-14 15:16:23,2017-06-19 07:04:15,2017-07-07 00:00:00
7b6058eb290bb954e39d59cffd022a29,56cc362401f4a24b064c7156830bb758,delivered,2018-07-21 20:45:53,2018-07-21 20:55:26,2018-07-23 16:19:00,2018-07-24 15:41:09,2018-08-07 00:00:00
4140fb83a84c614859497ddf5333334f,57cf34cd1fbe463134f112c074dfcfdb,delivered,2017-07-13 15:27:00,2017-07-13 15:44:27,2017-07-19 20:39:00,2017-07-27 16:59:44,2017-08-04 00:00:00
b92ec5e62d4f9b08ea4d6dc83f36966a,434ee50f2525e8d59399d0c4555625ee,delivered,2018-05-02 22:47:42,2018-05-03 00:13:05,2018-05-03 16:38:00,2018-05-14 18:22:37,2018-05-28 00:00:00
f3c3e7c2599773787504ad99a2cc65b2,7311dcf40638462f69a3538c854079be,delivered,2018-03-20 16:08:49,2018-03-20 16:29:30,2018-03-23 22:21:42,2018-03-28 19:56:46,2018-04-11 00:00:00
1f6ff1cb25a63092474cd3c83cfd9776,a8cd53df5e08e2946e2c113f7f75a962,delivered,2017-11-12 19:59:03,2017-11-12 20:10:41,2017-11-24 15:05:43,2017-12-04 20:27:29,2017-12-06 00:00:00
5c1995c020e0a3b2b23152b3fcfcda76,30ea5c5d1dde9db53e5a0f0a89474f29,delivered,2018-02-25 17:55:09,2018-02-25 18:10:37,2018-02-27 03:17:37,2018-04-04 14:04:16,2018-03-16 00:00:00
0b8315fe345e3639eb0a1a2d6e122d36,32d35b37495c90b91603ed706ff912d6,delivered,2017-10-01 09:57:51,2017-10-02 02:33:30,2017-10-02 21:11:29,2017-10-17 20:55:38,2017-11-16 00:00:00
036ca0743763d04fe093cfecfa2b2e14,5b3b4e44b50bdde1b3454ac5d970205a,delivered,2018-06-27 17:45:51,2018-06-27 18:12:49,2018-06-28 13:55:00,2018-07-03 19:41:42,2018-07-23 00:00:00
693905d735d428024ea837ec19c2e9b0,9816698ee0627f1826213c50de653a66,delivered,2018-03-17 09:24:55,2018-03-20 03:35:48,2018-03-20 21:50:59,2018-03-21 14:22:47,2018-03-29 00:00:00
2f7d7a6a999ef8c67d93d38849d773e9,fa6fbbb2080646acae977bf2e44af98b,delivered,2017-06-01 14:16:05,2017-06-01 14:25:16,2017-06-02 10:48:16,2017-06-12 17:38:01,2017-06-26 00:00:00
dd1dfe88448d5571a97af819c52776b4,6f8c1f9a45ed437e37b40ee55adb862f,delivered,2017-09-12 09:01:30,2017-09-12 09:10:12,2017-09-12 21:30:01,2017-09-19 18:23:07,2017-09-28 00:00:00
6ab1c2fed90bf0906b4d5b51f7d333e6,6722ce55e2e440fdbcf925f4b3c01f31,delivered,2018-04-17 00:35:26,2018-04-17 00:50:23,2018-04-17 19:36:26,2018-05-07 17:34:56,2018-05-21 00:00:00
fa4ee681ec32520f00735c89736b5d41,0c0876b2cca2dd85f4f6401182ab7691,delivered,2018-06-24 10:28:15,2018-06-24 11:18:20,2018-06-28 06:03:00,2018-08-01 15:39:02,2018-07-19 00:00:00
220d51765a0cb5fd731934046856d5bb,44edfdeb25a4a533df2761f27356f204,delivered,2018-04-03 18:51:47,2018-04-03 19:10:05,2018-04-05 19:16:49,2018-04-18 16:46:51,2018-04-25 00:00:00
e0e2edac81c419b8973a6a1ffd13e648,1ad8beeb3762c22ddacee549be4fe834,delivered,2017-04-06 19:37:23,2017-04-06 19:50:22,2017-04-11 09:08:43,2017-04-20 07:30:03,2017-05-04 00:00:00
1f2c730715e25c512d5beee0f697bedb,7fc628a559c6028fbd2f028fdeabd30a,delivered,2017-08-21 00:02:33,2017-08-22 02:25:14,2017-08-24 19:41:27,2017-08-26 13:13:38,2017-09-01 00:00:00
ff564b0dff20427ba484d7e2efe7e7e5,632e2539c6f66f8a0f559f450d24fb5a,delivered,2017-09-14 12:02:08,2017-09-14 12:15:12,2017-09-18 22:38:00,2017-09-27 19:36:44,2017-10-06 00:00:00
2e25edce866b2fcb977f54d25a294b09,ff0bc5b8c87f66b090cee153945aa142,delivered,2018-06-25 19:20:41,2018-06-25 19:42:19,2018-06-27 10:23:00,2018-07-13 16:58:26,2018-07-19 00:00:00
8833f31fc345a814293e41677c701c27,9ee410cee2322bd96ad9ed1949a48333,delivered,2017-11-25 21:39:13,2017-11-25 22:33:17,2017-11-28 20:41:34,2017-11-30 22:18:46,2017-12-11 00:00:00
f3f12fc90564a9b036680a887cd64668,3c521eac04e2dca4702dcc69789618c2,delivered,2016-10-04 13:15:52,2016-10-04 13:47:06,2016-10-30 13:37:48,2016-11-01 18:07:25,2016-11-24 00:00:00
7b2e13ced9ab0896a7cea86bf29c3ec9,bf354810e17773bc2d0d71a6ede7fcd7,delivered,2017-12-27 14:03:44,2017-12-27 14:12:33,2017-12-28 19:12:40,2017-12-29 14:08:00,2018-01-22 00:00:00
cee0d3db23e58081262faf1ee22ded6d,d5177ec73984b17dee2526644f0fed7a,delivered,2017-03-17 20:34:53,2017-03-17 20:34:53,2017-03-21 06:34:16,2017-03-28 13:16:07,2017-04-07 00:00:00
bc85efebf9bf2dabe2669439f67d1f75,00cebf30eafc51ca426a54082d26ddf3,delivered,2017-07-26 17:39:39,2017-07-26 17:50:20,2017-07-31 17:04:13,2017-08-03 18:28:00,2017-08-29 00:00:00
f3a47ba087f05d39a74ed1b653f0be1b,b7fbfcea57659b5d18c20c95db45e908,delivered,2018-06-28 08:15:31,2018-06-28 08:30:34,2018-06-28 14:31:00,2018-07-03 20:46:26,2018-07-20 00:00:00
55ff54e053fea20c279fe3c8b698bcca,04239f6a8db7da8265f4909a4a10f8a5,delivered,2018-01-14 19:38:10,2018-01-14 19:48:58,2018-01-15 19:43:54,2018-01-20 10:19:29,2018-02-07 00:00:00
6b5ccf5385890198c54fa97afe4812bc,15c523e088107f017c3b74f5874a0f43,canceled,2018-01-30 13:37:28,2018-01-30 13:51:21,2018-01-31 17:22:03,,2018-02-22 00:00:00
901465dae974188b53519b6a0e180622,c0cbf71f864ecca973178595e04ae943,delivered,2017-09-14 19:30:45,2017-09-15 19:44:03,2017-09-19 15:07:58,2017-10-03 20:10:41,2017-10-09 00:00:00
cb71bd92e29c501f67b650fa19bee739,5f63d186b5f09cdc96557cbc824f7352,delivered,2018-04-18 22:41:31,2018-04-18 23:20:33,2018-04-19 19:41:56,2018-04-27 21:03:52,2018-05-23 00:00:00
1cc1289499f63feb5febc86506a7052c,126b1f7b1f9d161ab549ee52a2881142,delivered,2017-09-15 14:13:49,2017-09-15 14:25:19,2017-09-18 19:34:56,2017-09-20 22:03:16,2017-09-27 00:00:00
d48eebefd9e752c709a4acef8c588a40,cfc067af10539bd089401dfb05fa6e55,delivered,2018-07-18 19:55:21,2018-07-18 20:05:16,2018-07-19 13:48:00,2018-07-24 20:06:46,2018-08-01 00:00:00
4e89a19cd340e7e72a5ad89b2fdf1642,ed5de0bdaed5e7afbe3fd0ef2a2e6569,delivered,2018-01-19 23:15:27,2018-01-20 23:20:15,2018-01-24 23:09:52,2018-02-27 20:06:26,2018-02-20 00:00:00
f2c1189d5573ecb3a877c91242289b4f,2d7f2548519dc39706061705dfefff51,delivered,2018-06-24 17:36:05,2018-06-24 17:59:22,2018-06-25 12:58:00,2018-07-09 16:21:50,2018-07-23 00:00:00
9277c21000c5426f4de2158dd377a676,92cac5e07ef9d027b0a07d442053d53c,delivered,2018-07-11 16:07:05,2018-07-11 16:26:38,2018-07-12 11:49:00,2018-07-26 03:11:45,2018-08-15 00:00:00
3f6efc4ada967d7b5ad1b6c30ca43b96,b107800c872a68d1703ddfe3c2dc961d,delivered,2018-01-14 16:56:20,2018-01-16 03:51:08,2018-01-16 18:36:45,2018-01-22 20:32:47,2018-01-30 00:00:00
e75a7233bc67f958969f8c0cc950b999,965eedb09fc3ff483a7964148b3d9596,delivered,2018-05-01 21:53:00,2018-05-01 22:16:31,2018-05-03 15:33:00,2018-05-07 15:37:48,2018-05-24 00:00:00
a9ca52be3b3e9d4dc6b7d66e2712b35f,e6f9f570718a77ca7fa6e26ce9ec12ed,delivered,2018-03-26 09:19:53,2018-03-26 09:35:34,2018-03-27 20:12:35,2018-03-29 13:37:52,2018-04-06 00:00:00
af6a9f579c74afeefcd5f32733c11a32,8d8784f0134f4d714e28bc36cb5a5101,unavailable,2018-03-23 16:45:16,2018-03-23 16:55:56,,,2018-04-05 00:00:00
cde746ccdc9bd5d1ee4772ec20c7bd13,a147075ce27d034c5aafc6477a4ebb72,delivered,2018-07-26 13:48:08,2018-07-26 14:04:56,2018-07-27 12:39:00,2018-07-30 13:03:48,2018-08-03 00:00:00
80a2390298a9aa384d2f36f18e5e4f45,2969538afaaa23e75f428b2d8f21f526,delivered,2017-12-10 12:28:12,2017-12-12 14:49:19,2017-12-15 19:58:11,2017-12-28 15:09:37,2018-01-08 00:00:00
69ab22fd4d1d7d39481c76b4da5b9621,0a20f53373edf1ca3cb2cafa85203d33,delivered,2017-03-04 19:30:19,2017-03-04 19:43:10,2017-03-06 09:34:50,2017-03-11 11:57:36,2017-03-23 00:00:00
9cef7eef349dd605b870fce05c57765f,a241ef5f3554f7a8184134b5fe5bb666,shipped,2018-03-21 11:50:08,2018-03-22 02:51:03,2018-03-22 21:36:38,,2018-04-12 00:00:00
9762ce369c139815a59772bd1efe4496,6d5097d527f1fff08f0eb49eae46dea2,delivered,2017-03-04 17:36:19,2017-03-07 04:23:22,2017-03-08 13:22:56,2017-03-13 08:07:50,2017-03-24 00:00:00
7773180c4a22f3438081f3a2b32f86d3,0b47ec0351108af80246d8f74b65d63a,delivered,2017-08-20 16:09:44,2017-08-21 16:25:53,2017-08-22 17:33:05,2017-08-28 22:47:49,2017-09-13 00:00:00
22a7f3846cb3968336eda252420a6920,10ca6e617f38bd5d217ba0fea655b709,shipped,2018-01-24 18:19:18,2018-01-24 18:37:41,2018-01-25 17:41:56,,2018-03-01 00:00:00
4ba4f54f9d165d6e980bdfdf8b4c4d11,c26bb02989b33808d6c78a387f27fd34,delivered,2017-02-06 22:29:01,2017-02-06 22:35:20,2017-02-07 09:39:44,2017-02-13 11:07:47,2017-03-07 00:00:00
a4d8035f68861eb2586aab582f8f343a,3140172c6ff4a7d62ac9bf889ef87531,delivered,2017-12-25 23:17:06,2017-12-25 23:28:19,2017-12-26 22:47:14,2018-01-05 21:53:36,2018-01-19 00:00:00
a688c7001406d268e4d8779ab25573a1,a96197eaa080b70dce66bc848e60653d,delivered,2018-01-30 09:47:46,2018-01-30 10:35:26,2018-02-01 18:37:32,2018-02-14 18:38:49,2018-03-06 00:00:00
3a38a4a145c96019a17b640f053aecb9,3c91aa889d9a3759a470c711dc28ba7f,delivered,2017-12-02 21:23:31,2017-12-05 04:13:25,2017-12-05 22:12:58,2017-12-18 14:17:23,2017-12-28 00:00:00
87a9c87504af54b4d4a686bad72a8e27,889987ae94247fa153d244032f57ee5c,delivered,2017-04-02 22:29:32,2017-04-02 22:42:47,2017-04-04 10:10:30,2017-04-10 12:35:12,2017-04-24 00:00:00
015183dcb37f19e0456905fa5aac0b69,8148b073080f653d3a86ef8fc3dd6b43,delivered,2017-03-06 09:23:13,2017-03-06 09:35:21,2017-03-07 09:04:23,2017-03-09 13:14:45,2017-03-23 00:00:00
9dd9eb1d7c035198b06f1775e0711a59,b26f48357d67172f0343e920a2c64f15,delivered,2018-07-07 16:39:15,2018-07-07 16:50:17,2018-07-10 11:05:00,2018-07-11 23:06:39,2018-07-19 00:00:00
14aa8f56b7d871b721f38b3e355dfb94,0157d2d9039fc91ade6a389d733d8a16,delivered,2018-05-09 13:44:18,2018-05-09 13:55:13,2018-05-10 23:22:00,2018-05-12 03:06:30,2018-05-17 00:00:00
9ebce80553b159623a9ee681dc7b0c2a,3d2f3aecac5b243372d17898c8fbac83,delivered,2018-04-02 23:03:14,2018-04-02 23:15:19,2018-04-04 18:03:29,2018-04-11 19:14:47,2018-04-18 00:00:00
44a7a7517b62c54dff21797684d6425d,a5051052c4be00ce48877050cb00b70c,delivered,2017-09-17 10:03:12,2017-09-17 10:10:18,2017-09-18 19:02:38,2017-09-27 17:43:00,2017-10-11 00:00:00
4e296794d96b6f50740af9a477b6e9c6,c3407c4d129552dba7791a32a5ec8e27,delivered,2017-10-23 16:09:46,2017-10-25 02:26:25,2017-10-27 21:28:50,2017-11-07 17:03:06,2017-11-09 00:00:00
aa12e7b2813e3bd684267ce9053298a7,560a8e01b6209b466db525b3f3bfbae2,delivered,2017-10-04 11:03:19,2017-10-04 11:24:30,2017-10-04 17:27:34,2017-11-06 18:58:40,2017-11-09 00:00:00
e6cf0d38d94daa288c71e31d38715fff,531c68ec664816e655ac49a23aa51124,delivered,2018-01-31 16:29:28,2018-01-31 16:51:20,2018-02-03 02:17:46,2018-02-21 20:18:31,2018-03-02 00:00:00
567694848ecdb6633bef4b3b48bbc4d2,1dfd48301b28878efff134d241e05a29,delivered,2018-05-09 15:56:50,2018-05-09 16:16:59,2018-05-11 12:26:00,2018-05-29 17:27:41,2018-06-11 00:00:00
35253375b48f367b1d654e9b1d762ea7,bb5fdae340b410274a7aa28d2796bb3d,delivered,2018-03-15 15:09:18,2018-03-15 15:29:25,2018-03-16 19:46:31,2018-04-03 21:16:26,2018-04-17 00:00:00
f4044d3433dd6aa1337504bd223baa5e,0126e712caf48d6cf32ffbdce563d2c3,delivered,2018-08-17 09:26:48,2018-08-17 09:50:13,2018-08-17 15:46:00,2018-08-24 19:21:16,2018-09-03 00:00:00
7a329b60eae7f23f2633872c2682bf88,979c0ccc4e88416b4131dddc48e74da5,delivered,2018-01-31 14:21:53,2018-01-31 14:35:32,2018-02-07 00:36:25,2018-02-07 23:22:42,2018-02-21 00:00:00
66b93a1ec24a54f71f9577e88b61dd99,bb04c497a373589c1c05fc047c8f8388,delivered,2017-06-17 23:19:18,2017-06-17 23:30:10,2017-06-19 21:35:30,2017-06-24 10:32:10,2017-07-21 00:00:00
ffbf2682f6e33c8cbac96e6862a95920,3df48329a6d0a58fce24958eb175d12a,delivered,2017-12-27 00:27:04,2017-12-28 02:37:41,2017-12-28 17:48:11,2018-01-04 23:48:32,2018-01-24 00:00:00
add3094f9efba79b138dd089077c8e20,bffcad9683349765ee3c7984225e4402,delivered,2018-07-21 13:31:13,2018-07-21 13:45:10,2018-07-23 13:54:00,2018-07-26 16:11:59,2018-08-09 00:00:00
9e079abd2ca9af66e7584c00d6551890,28ba18b7c28a70239b1c2f9cb61b7d23,delivered,2017-02-16 22:44:03,2017-02-16 22:55:15,2017-02-17 11:24:46,2017-03-03 11:34:52,2017-03-17 00:00:00
4b938d32f7c4a575aea3a5cbb5ef03e0,873d38fe31293aa004d5111a11f3b51b,delivered,2017-10-17 19:05:00,2017-10-17 19:14:18,2017-10-18 13:16:10,2017-10-24 21:38:52,2017-11-10 00:00:00
fe041ba1c9f54016432fa6ee91709dbc,7243a2e9ec5d80fa20402f7a1e14afff,delivered,2017-12-06 22:24:21,2017-12-06 22:33:33,2017-12-12 13:47:57,2017-12-19 18:08:59,2018-01-10 00:00:00
7eb6bfea5daf19a607f08fd25ea7672a,b30e4f64673460bd0dc5c76eb312267a,delivered,2017-11-23 22:35:26,2017-11-23 22:48:38,2017-11-25 00:24:25,2017-12-04 15:22:40,2017-12-21 00:00:00
f062eadab4f6382208fe17ca7fbaaec3,e9e9a9a6ec884c59604a1fd8190baa5e,shipped,2018-05-14 09:01:37,2018-05-15 03:55:45,2018-05-15 12:37:00,,2018-05-30 00:00:00
55965253f02e0f625cfd4efb9c0f4178,602ef39386848c72a48f485b51dee1f9,processing,2018-04-11 17:08:59,2018-04-11 17:31:51,,,2018-04-23 00:00:00
e2af4ae300d48b96b78846e01a26c034,2b1d9712b1f02598be78af6b46a741d6,delivered,2018-03-06 23:27:33,2018-03-08 02:30:50,2018-03-14 20:19:33,2018-06-18 17:38:55,2018-04-03 00:00:00
62c4fd481d60fc62e465737c7f09ee92,4865ae2e1e65f3f21f22e0d481915868,delivered,2018-02-28 13:40:50,2018-02-28 14:50:15,2018-02-28 23:52:16,2018-03-02 17:51:56,2018-03-13 00:00:00
a49703fda0b42ab0a87e062624ea2f43,bb4d4bc4ae2ade2dfb029a85170842c3,delivered,2018-08-04 13:45:37,2018-08-05 13:44:23,2018-08-06 14:50:00,2018-08-13 17:36:48,2018-08-21 00:00:00
26cdf11da38117ed1bca961a210dd21d,898c951d2faff7482c962f6ec525adb6,delivered,2018-02-27 09:06:14,2018-02-28 09:50:59,2018-02-28 18:29:16,2018-03-16 18:52:19,2018-03-29 00:00:00
d9b926f382e364900c6af21aeaede034,283c934c7ac7c2da310b1f4d826c6d0b,delivered,2017-07-05 11:32:56,2017-07-06 03:25:30,2017-07-07 13:55:44,2017-07-14 20:46:47,2017-08-02 00:00:00
ea153a1ffcb167446901237714816a03,a4d0dd278a425410a8fc24e0d8711a27,delivered,2018-07-23 08:49:14,2018-07-24 11:32:32,2018-07-24 16:02:00,2018-07-27 20:12:49,2018-08-07 00:00:00
bb4fde546bfa4ba7795ccc8f24750fb5,3bf8c41d1072b609960bc3abc510b5e9,delivered,2018-07-25 15:53:58,2018-07-25 16:05:24,2018-07-26 11:41:00,2018-07-30 14:46:38,2018-08-16 00:00:00
bef626fc782c8b4f824510ddf2e335ac,72d3414ecbce9f4d2ddab40a0e7c8747,delivered,2017-08-07 21:58:33,2017-08-07 23:03:16,2017-08-09 20:52:08,2017-08-17 21:59:58,2017-08-31 00:00:00
a092ef2b8b50d03343185e73609bb42d,1b3a2efa5be29f21adb3ffd8cdac5699,delivered,2018-04-25 14:34:05,2018-04-25 14:51:44,2018-05-02 11:58:00,2018-05-08 17:28:27,2018-05-18 00:00:00
32fa6763db15359ea4f0f07ae6021ee0,b9ace16b956eb4ec460f6adbb5c9e9f8,delivered,2017-09-11 15:25:02,2017-09-11 15:44:03,2017-09-12 19:56:34,2017-09-25 21:21:43,2017-09-21 00:00:00
f9b05369b4ec092bbd3b32358b71fefe,0d93baa3d4a53c255f0a4389a022c0df,delivered,2018-07-28 13:42:31,2018-07-31 04:05:50,2018-07-31 14:18:00,2018-08-07 13:52:49,2018-08-29 00:00:00
593dcbc6068648f021eb48b2d55ae96c,c14a1f8f7ebc33fced32cd35f5e4b385,delivered,2017-07-25 19:19:03,2017-07-25 19:31:24,2017-07-26 20:14:03,2017-08-01 17:23:57,2017-08-14 00:00:00
98464a5096e400810b94bb93f38924c9,24301c6ce48874a51221d4e5584a7885,canceled,2018-07-12 12:01:37,2018-07-12 12:15:29,,,2018-08-07 00:00:00
ec0a4a160c4311f1a8c9d4d79872de75,4b1827ec0c64d72de57b69f7213aa307,delivered,2017-07-29 02:26:54,2017-07-29 02:44:14,2017-07-31 21:51:53,2017-08-11 16:56:08,2017-08-24 00:00:00
456fdff01161801683089ddaa6b806a0,cae6a647977d2efc095607e5944ed486,delivered,2017-08-22 09:45:04,2017-08-22 09:55:36,2017-08-22 17:23:42,2017-08-28 15:53:32,2017-09-12 00:00:00
01c26a0b2736899633cfd6a3c1749428,47bbec3546f4004399e1e60aac67315a,delivered,2017-04-08 18:39:14,2017-04-08 18:45:12,2017-04-11 15:23:15,2017-05-19 17:53:48,2017-05-02 00:00:00
6939929750f1b79c68d653a9402d14a3,25e1b9e1bafe3e3ed4b3f37fc6c8136b,delivered,2017-10-05 20:25:27,2017-10-05 20:44:47,2017-10-06 18:06:28,2017-11-10 23:58:33,2017-11-03 00:00:00
0d800c3800fa49e84cbcbd26b1dcd510,db6174ff0d973672c0de09218a52ce88,delivered,2018-01-16 13:49:25,2018-01-16 13:57:36,2018-01-17 18:43:52,2018-01-24 20:53:28,2018-02-07 00:00:00
caeaea502e2e79a553edccabb2b65378,ffcf601742639fe15057352054f9e8fe,delivered,2017-12-28 21:30:04,2017-12-28 21:38:20,2018-01-02 21:09:55,2018-01-05 19:24:00,2018-02-06 00:00:00
0c0b4c682dc77d70dbc4cf1ed44ede36,a4f7787cc8dffd6006149cdff5abed26,delivered,2018-08-16 13:47:57,2018-08-16 14:04:14,2018-08-16 14:43:00,2018-08-17 15:44:25,2018-08-21 00:00:00
3f98a80c882c8294f35d35a4667490c4,d4263052448f5ad677572f14f531272f,delivered,2018-05-20 15:13:58,2018-05-21 16:35:50,2018-05-23 09:02:00,2018-05-29 18:22:38,2018-06-13 00:00:00
39a37ffff66dc65f24af1a3ee533330f,75e48e02a2a53e5f2c448187c3d3f3fd,delivered,2018-03-18 14:15:09,2018-03-18 14:28:22,2018-03-19 18:24:48,2018-03-29 22:04:26,2018-04-19 00:00:00
d62354cddc18720cf8a24b521570a8f7,97170ff49eb12980f83d493178bc8e66,delivered,2018-08-17 22:52:18,2018-08-17 23:09:37,2018-08-20 09:25:00,2018-08-21 15:50:58,2018-08-23 00:00:00
e1d588525687728bd046a5808e6556b8,54e05c8a9879acaa3e27c073f27db732,delivered,2017-11-24 09:03:40,2017-11-24 09:14:34,2017-11-24 23:13:41,2017-12-20 17:22:18,2017-12-20 00:00:00
c3c98f7bb3b28a9b25cf5a86e4472143,359373e2e790686bd10c3545ede095ac,delivered,2017-12-07 07:52:08,2017-12-07 08:10:40,2017-12-07 19:12:22,2017-12-08 16:38:07,2017-12-26 00:00:00
cb79e5ec2d8876fed8bf53a82a5c2e28,ce4c65bbf2f222f0e30ad0c5c52a0cf8,delivered,2017-06-04 23:14:03,2017-06-04 23:25:14,2017-06-05 15:09:26,2017-06-26 14:19:34,2017-07-17 00:00:00
3be02448faefd4cf9a63648ccf10c1e1,2060973f15beb0d3d9be56ab5b49d2b9,delivered,2018-07-29 14:41:38,2018-07-30 16:25:26,2018-07-30 14:38:00,2018-08-10 15:15:02,2018-08-17 00:00:00
a9cd231f6c06e66f3a4f7cbafb0aa5ea,20e8ca1ff35372c5343e86cb0b3bc94c,delivered,2018-06-19 20:52:52,2018-06-19 21:18:41,2018-06-20 15:08:00,2018-06-22 16:18:52,2018-06-29 00:00:00
8eb851dc2ae7fb68b456ed19a5afcfaf,f23c04583f5fdd6936a0cbb51f3810a6,delivered,2018-04-27 20:11:43,2018-04-27 20:32:20,2018-04-30 15:04:00,2018-05-02 16:39:42,2018-05-23 00:00:00
b647f540d673c123ae558b52796b5124,5b30f5a19fb29264a538243d78caea18,delivered,2018-07-26 16:11:46,2018-07-26 16:25:24,2018-07-27 14:05:00,2018-07-31 16:16:45,2018-08-13 00:00:00
92c6c7adf4c5b367d2da122056510dbd,c746781a7b58448db766072fe76b94bf,delivered,2018-04-18 17:42:25,2018-04-18 18:36:38,2018-04-19 21:46:49,2018-04-25 21:32:13,2018-05-25 00:00:00
c001b13ba85884577bf33d95926dee34,a22baed8eac75ef4873358887805a3f6,delivered,2018-05-03 02:05:06,2018-05-04 02:55:25,2018-05-04 13:46:00,2018-05-05 11:41:24,2018-05-17 00:00:00
20415b774cb7182a95736e3c1e4ea5cc,20dcb82c76edefd2efe1da92ac45e31b,delivered,2017-08-28 15:39:42,2017-08-28 15:50:29,2017-08-31 20:32:24,2017-09-08 16:07:52,2017-09-22 00:00:00
1bf8b5f1e3bc76dcaa6414b170ef3ae0,92a03bee8af53fe8999c5a3eb9645c9f,delivered,2018-06-05 14:55:28,2018-06-07 02:54:43,2018-06-07 15:32:00,2018-06-11 23:02:14,2018-07-11 00:00:00
c0418061e5a00ab846159a3cd0b86ce6,7d7e1a20038b10bce939fe27b99e400f,delivered,2018-06-14 13:17:56,2018-06-14 13:38:32,2018-06-20 11:17:00,2018-06-25 18:18:36,2018-07-12 00:00:00
a9491b6c990bc3b79967c5f058e46d8f,ef1615358c72dae1c068aedc495a13f3,canceled,2018-08-16 13:07:32,2018-08-16 13:23:58,,,2018-08-24 00:00:00
dd861b5afa4b5008162b6591bbc43422,adece3d335689229657db410eba4da36,delivered,2017-06-11 20:41:25,2017-06-11 21:02:18,2017-06-19 16:23:06,2017-06-26 17:11:55,2017-07-14 00:00:00
947c4f07e94867a7344550a2b9969c13,e52da367986f568feec3588c0a7c7634,delivered,2017-12-09 21:36:40,2017-12-09 22:31:30,2017-12-11 21:26:57,2017-12-22 22:59:22,2018-01-10 00:00:00
c304f3e442b44b23d4623712988c3734,6c57ea1c63351b81d80f31330c6ca6a8,delivered,2017-09-02 09:31:14,2017-09-02 09:45:13,2017-09-04 22:25:54,2017-09-15 14:46:34,2017-09-26 00:00:00
040df517e85524968f559f37441b705e,b08388f79b3d1431d4d711ad96e26209,delivered,2018-03-22 14:56:45,2018-03-23 02:30:44,2018-03-28 16:02:39,2018-04-03 19:19:33,2018-04-17 00:00:00
0eb50e50bc4f98118d7a1d60c0a17049,9140ef471172322ae85656535d17715b,delivered,2018-04-07 00:12:36,2018-04-07 00:31:03,2018-04-30 12:20:00,2018-05-08 14:34:57,2018-04-26 00:00:00
7b8ad11294a3f23e9695000ab5f07a42,8b0f99083bbd56d7ff4c162a33d76847,delivered,2018-07-31 12:17:09,2018-07-31 12:44:33,2018-08-09 15:10:00,2018-08-10 19:30:59,2018-08-06 00:00:00
d73f657ce49ec301ac81116e74bd0571,f1baec652cbfe952345ee31c8b20f4f5,delivered,2017-10-22 23:59:59,2017-10-23 00:14:23,2017-10-23 19:00:01,2017-11-14 22:09:17,2017-11-22 00:00:00
31ff8f3524c7ae644eb02b5b78f30301,aa3546e1c3340e5f8e971f07acdef1df,delivered,2018-04-05 12:03:45,2018-04-05 12:28:29,2018-04-06 23:16:45,2018-04-11 00:11:03,2018-05-03 00:00:00
5ddffd82198ca5fd512883316c2c865b,fc5c09d0b99197f393e86cf4cbb0cfac,delivered,2018-02-24 10:46:36,2018-02-24 11:08:36,2018-02-27 17:34:44,2018-03-01 19:59:15,2018-03-12 00:00:00
1f2715f75ad527f2090c7824de573b9a,9113d7df5ef31cbc1cea9dec01e132c1,delivered,2018-02-20 09:13:27,2018-02-21 19:15:42,2018-02-22 20:23:41,2018-03-09 21:51:40,2018-03-16 00:00:00
19a88878097106f2e1dc6f056cba940f,cfb4fa55f883a3e7ee496c5c57cf0d67,delivered,2017-08-20 21:00:34,2017-08-20 21:15:20,2017-08-21 18:44:32,2017-09-06 14:59:13,2017-09-11 00:00:00
a3e0b8ca088f810101511ed40fa91b49,32d4464f82b8f0d85df3b91caa5219a3,delivered,2018-02-27 01:27:13,2018-02-27 01:50:58,2018-02-27 17:13:36,2018-02-28 17:44:00,2018-03-13 00:00:00
47c64271af23d7ec38d059a3de600de5,3ddcaa7395065925ee6015e9c279ff2c,delivered,2017-08-13 16:24:18,2017-08-13 17:00:15,2017-08-15 20:07:24,2017-08-18 20:39:38,2017-09-08 00:00:00
25989a7e7af41df0616109b8776aa0f7,69f06692f41513d9fb22e38c22491048,delivered,2017-07-20 12:11:33,2017-07-20 12:25:13,2017-07-28 10:56:43,2017-08-09 19:46:41,2017-08-21 00:00:00
f80e68b525d4ea7025db2f4648d4007d,46e8cc38dc8f69d926b477f403832417,delivered,2018-05-23 00:01:15,2018-05-23 00:56:19,2018-05-23 12:43:00,2018-05-24 14:58:53,2018-06-05 00:00:00
0a8b3b277ffe67981af7d4a14e7f98d5,c4294894c16e414384e2ecfa9c70206a,delivered,2018-06-14 07:01:36,2018-06-14 07:17:55,2018-06-19 14:13:00,2018-06-21 19:56:29,2018-07-04 00:00:00
a4e0f89a82f1347a0ec0c4a2f3bc2722,17c736f2e68e713ac4e1c9d0eedb4cf8,delivered,2018-06-12 01:17:34,2018-06-13 01:19:17,2018-06-14 12:16:00,2018-06-27 12:03:36,2018-07-24 00:00:00
7074777048d6873978e44c5b4b7bc3b2,eb51998e3c8848abaeef8f557a8e2db1,delivered,2017-04-09 16:48:34,2017-04-09 17:02:05,2017-04-10 13:48:25,2017-05-11 22:11:19,2017-05-16 00:00:00
330e33c1447ae3b325c4d6e64302523a,d80332c633fb82d9800aa6f1727f6d97,delivered,2018-06-25 09:08:30,2018-06-25 09:32:50,2018-06-26 10:21:00,2018-06-27 13:26:45,2018-07-26 00:00:00
811b70e43e686c9cc60da34db3f4176d,22a84c58ac535245cd55a66b9d982d05,delivered,2018-01-24 11:20:45,2018-01-24 11:48:30,2018-01-24 22:26:49,2018-03-14 01:46:39,2018-02-23 00:00:00
746f5cee378062b6502e0138b72969a7,ef96e3a1d97c843600855e1d878731e7,delivered,2018-01-07 15:57:33,2018-01-07 16:08:23,2018-01-08 21:45:19,2018-01-25 20:51:41,2018-02-06 00:00:00
b510a3b0e7d3af5d6a6021fb316dc676,0ebc6c73d89878fb3a1d039df4f3c8a1,delivered,2018-01-22 19:06:00,2018-01-22 19:14:35,2018-01-25 18:21:30,2018-01-27 11:41:13,2018-02-06 00:00:00
546ffb713086001ce9f0009158f88b73,9fa9fdb373ab71b7d9081e43795accd2,delivered,2017-09-13 09:39:13,2017-09-14 02:45:13,2017-09-15 16:12:44,2017-09-16 13:43:31,2017-09-25 00:00:00
009ac365164f8e06f59d18a08045f6c4,7887f43daaa91055f85b6dd23cccdfcb,delivered,2017-11-23 00:03:52,2017-11-23 00:11:24,2017-11-23 15:16:58,2017-11-29 16:33:25,2017-12-13 00:00:00
dd7215a0ed61521e7b5a7964939f4e09,79b432f91863af9a5166045f1574b5f5,delivered,2017-11-20 12:48:23,2017-11-20 13:18:28,2017-11-22 20:32:52,2017-12-07 20:17:09,2017-12-12 00:00:00
0ed46f17da8a1c3bd0ed5fdfc50decc4,87f135f5f28a7056c1076dd8dd122e5f,delivered,2017-01-10 22:23:11,2017-01-10 22:30:24,2017-01-13 09:48:50,2017-01-23 10:12:14,2017-02-24 00:00:00
4fd0ae446e2a80905f26ec0cf87f10e5,8dd6dbd5b96c1763204a1b708ac94dc1,delivered,2018-03-24 20:18:27,2018-03-24 20:30:28,2018-03-27 14:57:56,2018-04-13 20:48:22,2018-04-19 00:00:00
14ac73e061a88e655cc2d6b984f3c81d,8ff463c5677e1f1ccedabe1c90d3d53e,delivered,2018-01-26 21:18:51,2018-01-26 21:32:07,2018-01-31 17:05:33,2018-03-05 23:33:23,2018-03-02 00:00:00
2743e4444be8f3c17243ff49bcba405b,0135196a168da02f97f00b7300af0baa,delivered,2017-11-08 06:16:09,2017-11-09 07:30:29,2017-11-09 16:48:45,2017-11-28 20:37:02,2017-11-28 00:00:00
d844ebe59ec9b98b8924bd851d0df4f8,d2e47cfe6b8852e27d59b097a10f6919,delivered,2018-03-30 11:56:19,2018-03-30 12:47:24,2018-04-02 20:07:45,2018-04-06 23:42:44,2018-04-12 00:00:00
0f7a031ff7235289c8ce7270cac7c4ec,489d6e5705b34ec43cbe7cc16344a45d,delivered,2018-02-21 08:54:02,2018-02-23 02:10:46,2018-02-28 21:23:36,2018-04-11 20:43:24,2018-03-16 00:00:00
197d84e2ece06ce7dadc32767ef5bf0e,8fed71909d80c2cfb8ef1f34478c3fd6,delivered,2017-10-12 06:57:17,2017-10-12 07:14:19,2017-10-16 22:14:10,2017-10-23 19:19:08,2017-11-07 00:00:00
a8a42525a528f4f3b6c343d8cfa0a374,11d4407faece8a6220c06056f36dc9af,delivered,2018-05-28 20:41:23,2018-05-28 20:50:40,2018-05-29 13:27:00,2018-06-09 12:28:29,2018-06-28 00:00:00
beda39ef81ca80ce3226111dd4f35155,17c129a1c8fdcc29710620f9f73a4ebb,delivered,2017-09-10 17:45:39,2017-09-10 17:55:09,2017-09-11 09:46:43,2017-09-18 15:46:57,2017-10-02 00:00:00
f7cb1a22366eb2e46a22d3626871d1d5,b4cfb1e6c0a0632e1d5dbe3ccfb18ef1,delivered,2018-05-02 15:14:09,2018-05-03 15:10:27,2018-05-03 13:02:00,2018-05-30 20:41:15,2018-05-23 00:00:00
f62bcc40f1e01d7e8a16053541c8b8ef,b89d58bfd8cf424d18ea6f6a84ed311f,delivered,2017-11-30 21:56:38,2017-12-01 10:31:23,2017-12-02 00:06:57,2018-01-09 21:49:29,2018-01-02 00:00:00
5db6441405aea9ad24023a8c10fb6736,e8280150928b880e63d60cfcabdc25d3,delivered,2017-11-06 10:09:04,2017-11-06 10:26:49,2017-11-08 22:11:30,2017-11-10 22:22:51,2017-11-17 00:00:00
b68657d2b49e65f89329eebfa2742203,77d9715f1f8189f299ef47380319485f,delivered,2018-03-05 22:50:41,2018-03-05 23:28:38,2018-03-06 20:56:38,2018-03-27 19:28:46,2018-04-19 00:00:00
a7ba0112ae1019055442b330ee484e67,ea1d4ec39f9bf905313d548b80cba47b,delivered,2018-01-27 23:34:12,2018-01-27 23:55:52,2018-01-31 00:47:02,2018-02-02 00:26:50,2018-02-19 00:00:00
de9e0f42dd4a42ac4a00c027dc44eea9,899be4b651267f248003b1bf34fa64b7,delivered,2018-03-11 22:56:57,2018-03-11 23:06:08,2018-03-12 18:55:24,2018-03-24 17:58:47,2018-04-06 00:00:00
12c876d1fcac530f4415cb03afc041a6,07290721bf998f2a8230469bc3862a5f,delivered,2018-04-10 15:41:14,2018-04-10 15:55:16,2018-04-11 22:51:00,2018-04-19 21:56:39,2018-05-04 00:00:00
5278efafa60c7005d03202b122eaea55,48898c590cea82870dd37261da197a08,delivered,2017-08-18 22:01:21,2017-08-18 22:25:19,2017-08-22 20:28:02,2017-08-23 15:18:31,2017-08-31 00:00:00
5c11e238c0563cab5491de26eb68f99a,0017a0b4c1f1bdb9c395fa0ac517109c,delivered,2018-03-03 18:44:01,2018-03-03 18:55:27,2018-03-05 19:25:05,2018-03-23 22:18:56,2018-03-22 00:00:00
1c859fbb6e7f238f3f6134628b845f3a,cf7fbb3d098ccbae4c45969dc2da367e,delivered,2017-06-04 11:42:38,2017-06-06 13:30:48,2017-06-12 10:48:30,2017-06-19 19:07:37,2017-06-28 00:00:00
4314a231faafb2397df995a2fe22618f,e9c53bc9bc8e4fa86eec3cc712c42c51,delivered,2018-03-08 16:24:48,2018-03-09 02:31:06,2018-03-09 21:09:50,2018-03-15 11:51:28,2018-03-29 00:00:00
e1c7bc80ff13024585f11c5d149f3c8a,fb62d928d6792220442f770dce17a56c,delivered,2018-05-24 17:51:07,2018-05-24 18:38:50,2018-05-25 11:13:00,2018-05-26 12:45:49,2018-06-11 00:00:00
750d41eea698eb46b84a70de18de2a5f,b0c50b7b62fb053d5cc61ac72510db81,delivered,2017-09-11 16:11:29,2017-09-12 22:55:15,2017-09-13 16:41:56,2017-09-22 17:52:36,2017-10-05 00:00:00
ecc812c240c4f03824a3c5d7e3b6d351,760e2f7a591535e202953fe18688b31f,delivered,2018-04-23 14:57:13,2018-04-24 19:02:47,2018-04-27 14:41:00,2018-05-03 00:51:52,2018-05-09 00:00:00
e528f5fb562c9053119f71d32acb91ba,b173f79bb1d308fc5703ecb25888a0f8,delivered,2017-10-18 09:57:45,2017-10-20 07:05:14,2017-10-23 20:48:43,2017-11-03 17:32:40,2017-11-14 00:00:00
a74e83bef10070f30831ad61d579a408,2c7e09453a08b081ddc049e7ff4f8fa2,delivered,2018-07-18 17:11:37,2018-07-19 03:02:28,2018-07-19 11:53:00,2018-07-25 14:54:26,2018-08-02 00:00:00
b07a843b1265472b48158269f4de8c36,c9cee7df05c70b8c6cf3fe9c3a9d4bb8,delivered,2018-01-10 10:13:31,2018-01-10 10:32:07,2018-01-16 21:16:46,2018-02-07 23:59:55,2018-02-08 00:00:00
a20d38e431ba45fd0e34c5e8e82fe4c0,20d2549d5d79d62df5e11af270ce231a,delivered,2018-03-15 14:58:40,2018-03-15 15:15:45,2018-03-16 22:42:02,2018-03-21 14:38:38,2018-04-06 00:00:00
c3e622f24839ec7bd509af46cc7cde22,18f8b1df349834d30e2e56ae266236ee,delivered,2017-11-29 23:47:39,2017-11-30 00:16:46,2017-12-08 01:12:43,2017-12-18 21:54:13,2018-01-02 00:00:00
cc16ebef1f3a4045ed7084406d057749,c2dd4419fff3be4ee48f93165e30984b,delivered,2018-05-21 00:55:44,2018-05-21 01:10:23,2018-05-21 10:21:00,2018-06-07 21:47:29,2018-06-12 00:00:00
601aeff176a15b40925c874c87b0cc16,f2bd912dcfcf35f4ed1c60688bf4705d,delivered,2017-08-12 09:32:20,2017-08-12 09:43:45,2017-08-15 11:43:54,2017-08-18 17:03:30,2017-09-04 00:00:00
53f8daea6e8c8d787695830a448a3e67,09964655437e26066ed5c95ef397971a,delivered,2017-12-02 22:58:07,2017-12-03 02:43:35,2017-12-08 15:33:57,2017-12-29 19:18:08,2017-12-28 00:00:00
0c905768040f5d51c3cccf00256ddcd3,b881f59b31df61f2728d3d9b42e93edc,delivered,2018-08-03 19:12:10,2018-08-04 19:05:21,2018-08-07 14:33:00,2018-08-13 16:38:54,2018-08-22 00:00:00
4fb7f20700ef54b2bad00ee038997999,9dcae53ab538f590632153ae2554b1bc,delivered,2018-04-18 18:22:05,2018-04-18 18:50:13,2018-04-19 19:41:51,2018-04-24 18:18:46,2018-05-11 00:00:00
4ee4b8462b9a39ac1fa86e28bcc22ad3,349784e36eb31eb41120cf88c5c3a64a,delivered,2018-08-14 11:31:21,2018-08-14 11:45:16,2018-08-14 16:03:00,2018-08-22 20:57:19,2018-08-24 00:00:00
fc608ec5eadbd9c3b59babdc1f7ebca9,6b09c9068f0143baa594184b79cfc99f,delivered,2018-07-23 21:50:23,2018-07-24 10:31:28,2018-07-27 12:00:00,2018-07-28 19:57:40,2018-08-01 00:00:00
1572f182d2e056c2c49d7ee8a7bbdb28,1954de6a9870b036dd839a08d776d309,delivered,2017-08-13 14:05:11,2017-08-13 14:23:44,2017-08-18 19:51:43,2017-08-28 17:55:56,2017-09-05 00:00:00
6bf735a4c4886608f57fda916dfa6225,002408f390f729598bbac1ef9421c6ae,delivered,2018-01-10 17:01:34,2018-01-10 17:13:25,2018-01-13 02:22:09,2018-01-31 19:06:43,2018-02-07 00:00:00
d0eb69a1a436e3d9536dcd767b75f987,3065950358713c7541fe0f220ee25140,delivered,2017-02-15 22:46:12,2017-02-15 22:55:21,2017-02-17 16:43:46,2017-02-23 08:17:06,2017-03-21 00:00:00
f8b61378d33d8f856f9c4a94a114ad2d,c3bb0f6b7cd4686a3cb0a3ed4dcba76b,delivered,2017-12-25 16:32:33,2017-12-25 16:49:02,2017-12-26 17:09:09,2018-01-16 22:41:51,2018-01-26 00:00:00
9dc1565f8a955146f6a2d098f8694db5,5d880b1217c1ef3b99ee42e52a79b92a,delivered,2018-04-30 21:21:28,2018-05-01 03:15:47,2018-05-03 09:51:00,2018-05-10 15:46:45,2018-05-24 00:00:00
004b62108b876867938746ad3154167f,7ddb7e4242fcc518842aade22f5bee4d,delivered,2018-07-04 20:34:26,2018-07-05 16:40:11,2018-07-11 14:12:00,2018-07-13 02:46:28,2018-07-19 00:00:00
973753497a88aa596b6b6a94c0f5e0d9,fc6a3242f47ac9f9c9f40eebe1831a29,delivered,2017-12-20 16:53:50,2017-12-20 17:02:24,2017-12-21 20:39:53,2017-12-26 19:35:18,2018-01-16 00:00:00
f0ad6b89b7bb4a740b8121a4a69511fc,23267a340cb0e9928fca29f239429b11,delivered,2018-05-03 14:00:59,2018-05-04 03:51:50,2018-05-08 11:55:00,2018-05-16 18:48:15,2018-05-30 00:00:00
353772de52bcff5f876d8be65bd4f4d9,d9579365eb6cfb3906a6b2587a966f9b,delivered,2018-07-27 11:27:33,2018-07-27 11:35:18,2018-07-27 14:55:00,2018-08-03 16:46:48,2018-08-16 00:00:00
5797b09452273744ac62c38230d88248,2daf50201a5e309f6be0fcb20ff2ddd5,delivered,2018-07-15 11:35:52,2018-07-15 11:50:11,2018-07-26 07:18:00,2018-08-01 14:37:37,2018-08-15 00:00:00
b973e51d5b8172ede592b1378db59175,1b70b7fe9d34b71a39cecb0f79a6fa89,delivered,2018-05-19 16:23:46,2018-05-19 16:32:11,2018-05-24 09:27:00,2018-06-05 19:21:45,2018-06-06 00:00:00
84c8d881929cf4e631a02b92afbb9524,95a7881d2f0097b979044a33f69a513f,delivered,2017-10-13 12:03:00,2017-10-14 12:14:10,2017-10-16 14:53:03,2017-10-25 17:52:58,2017-11-14 00:00:00
1ab042feaa17c3f7a85da45fe9a29a78,8689f13435f4c1c06449544409eea443,delivered,2018-05-10 17:20:31,2018-05-10 17:38:09,2018-05-11 14:17:00,2018-05-16 15:42:05,2018-05-28 00:00:00
cd26f38f85079dc481e75845b1043af2,cdae9ff1bbb32efe13244886b1e09571,delivered,2018-03-15 16:47:45,2018-03-15 17:10:12,2018-03-16 22:42:02,2018-03-23 01:58:51,2018-04-03 00:00:00
8be77876ac9c4b149404292ab1538b20,f67e4d84b3f003474bcb280eb4814ac3,delivered,2017-09-09 21:36:02,2017-09-09 21:50:10,2017-09-11 21:39:44,2017-09-15 20:42:06,2017-09-21 00:00:00
24a36fdfb713ce43bf2b074fdc339995,243dc9231b876da619e0d87d9d05a223,delivered,2018-01-29 15:03:34,2018-01-29 15:18:50,2018-01-29 23:52:50,2018-02-07 01:11:50,2018-02-23 00:00:00
22ec9f0669f784db00fa86d035cf8602,d0d7086dea6fcf42b9b690b9f3745c58,delivered,2017-12-03 21:45:23,2017-12-03 22:08:00,2017-12-07 19:17:29,2017-12-08 17:19:00,2017-12-20 00:00:00
f9f9db702438563b3248048f436bf2a0,72f9e063c7f669ab27e058a39ad1deb5,delivered,2018-01-12 23:15:47,2018-01-13 00:07:31,2018-01-15 22:55:53,2018-01-17 22:12:56,2018-01-30 00:00:00
9516708e3c4612677ddf7c9167b54076,1e677e002df7792bfb7054bc1c3e1435,delivered,2018-02-14 12:29:36,2018-02-14 12:47:15,2018-02-16 22:43:08,2018-04-06 23:21:09,2018-03-07 00:00:00
d0fa5573398a294b08b8c525a9786b3f,7810040766f04eddcb0c15400da11c22,delivered,2017-08-21 10:28:58,2017-08-21 11:04:38,2017-08-25 18:57:24,2017-09-19 21:05:04,2017-09-21 00:00:00
19c36691fd116059bf49b7960f1db743,02625456293ab29f0b11a84835a8c0ab,delivered,2017-10-24 14:33:12,2017-10-26 03:09:41,2017-10-26 20:10:03,2017-11-08 16:18:46,2017-11-14 00:00:00
bd642c6155f02b3fb7eb4a527389fa64,036f3be5c1b9e3684b52ba2954ee35ce,delivered,2017-05-15 20:19:09,2017-05-17 03:45:33,2017-05-17 11:57:01,2017-05-26 15:23:44,2017-06-14 00:00:00
d66019cee9362dc5fb477e354c7cedf2,a2d6f67ddab4bf3f030cf1efcf214c7a,delivered,2017-05-19 09:08:04,2017-05-19 09:22:26,2017-05-19 12:59:27,2017-06-01 13:03:02,2017-06-21 00:00:00
d5244670e213108e7d21f54a42548613,b960433ecd19b8c8507fa68fc46c30d8,delivered,2018-08-11 20:55:28,2018-08-11 21:05:14,2018-08-13 12:14:00,2018-09-01 00:36:42,2018-08-28 00:00:00
4637dbe88df1c99a56490330b954471e,73395b6c08f8e6f156a7c9327a32ad7f,delivered,2017-12-21 09:44:39,2017-12-22 09:10:36,2017-12-23 00:09:39,2017-12-27 17:19:05,2018-01-16 00:00:00
4023a76299303d17458bcb9419d0f6e6,9d463820dba452ab51e07e689894fb14,delivered,2017-09-08 11:56:14,2017-09-08 12:05:32,2017-09-08 18:32:27,2017-09-12 18:46:23,2017-09-26 00:00:00
322b584bcce9a2ecb8d00ca5de3ac302,db55a81f2e96b91b662e38feab7f3f7c,delivered,2017-12-11 18:46:32,2017-12-11 18:54:27,2017-12-15 13:29:53,2017-12-29 05:33:19,2018-01-15 00:00:00
984d4e0bbcbf4680816e91b76477a8d1,1ee66290ddf474726de77ca35bad9c3d,delivered,2018-06-27 18:28:23,2018-06-27 18:50:46,2018-07-05 16:01:00,2018-07-11 19:51:06,2018-07-30 00:00:00
07bdb6811431a929abbd2ada5c891dc5,042d3b446910e8338a3a8bad1dafe7e7,delivered,2017-08-03 18:07:28,2017-08-03 18:23:32,2017-08-04 20:34:38,2017-08-08 16:52:48,2017-08-23 00:00:00
7730e06abd27a0f67b9f462ad9bad838,8007b5598d9908bca93e9755793634de,delivered,2018-07-20 23:03:32,2018-07-20 23:15:11,2018-07-23 11:37:00,2018-07-27 20:48:33,2018-08-06 00:00:00
8e4b89ec7102d637fcb7388ddc61d5c7,7e1fefac4949b05bbf651b093817fe1f,delivered,2017-05-27 08:57:04,2017-05-27 09:10:11,2017-05-29 15:44:54,2017-06-08 16:49:58,2017-06-20 00:00:00
67ad45f6efc3483b12ad1dcc36d868b5,ec1b4e42ecfa400b92f92733673f67ca,delivered,2018-08-06 22:06:15,2018-08-06 22:15:20,2018-08-09 12:25:00,2018-08-16 16:15:52,2018-08-17 00:00:00
fae7ec9e7beff1d7e8ba7161738e557f,a95a14821505950abf17a562b31d1bf9,delivered,2017-06-19 20:18:51,2017-06-21 02:15:35,2017-06-23 08:35:48,2017-06-28 13:22:06,2017-07-11 00:00:00
8a9834818b80c700d003832e77e0880b,36ef77f5fae835c731e0ef3a3c9a4625,delivered,2018-04-07 22:40:04,2018-04-07 22:55:11,2018-04-10 19:07:44,2018-04-11 20:10:41,2018-04-24 00:00:00
d3a156f7a2b75eb91917689326171a3d,574784507f8c418dc386a0961453a3c0,delivered,2017-06-27 11:35:20,2017-06-27 12:30:53,2017-06-30 14:39:48,2017-07-11 20:18:00,2017-07-19 00:00:00
1ae5e030d89d7b67c836e475fd6724e7,aa1dc043644fb51e654c0fbb6edb66cc,delivered,2018-05-08 16:05:31,2018-05-08 16:18:20,2018-05-09 10:16:00,2018-05-16 18:44:33,2018-05-28 00:00:00
adb271230fcb815525a44dc582e2aca4,1e27003e2be80002823449d52e6d6f95,delivered,2017-09-03 01:41:54,2017-09-03 01:55:09,2017-09-04 13:09:17,2017-09-11 18:04:24,2017-09-26 00:00:00
67528c4b8b629d9cbb51da492c6a9ec4,c7b11b637c5fc27c489e16d1fe801af4,delivered,2018-07-22 13:01:27,2018-07-23 11:31:25,2018-07-24 15:56:00,2018-07-26 23:12:36,2018-07-31 00:00:00
8e7fa56d527246ac36501c8bb7dc1acb,50ef809a5249eba40232a9d91d3992d0,delivered,2018-02-03 15:26:44,2018-02-03 15:50:12,2018-02-06 01:33:06,2018-02-21 03:13:42,2018-03-02 00:00:00
d82fd3fc3c5ceb51ec5f5db847dbe0a9,b38fe1a2c24f64d3415260f865f25a72,delivered,2018-01-30 13:49:17,2018-01-30 14:15:16,2018-01-31 22:33:11,2018-02-02 23:26:58,2018-02-15 00:00:00
e5967b8295716dd4da3550bb3fe5cf58,95285b629738c99ef620e8f7f22295c5,delivered,2017-12-06 10:20:11,2017-12-06 10:31:36,2017-12-11 19:53:08,2017-12-15 20:33:22,2018-01-04 00:00:00
bdb2a4829fa0c44316c6355477f69c3c,b10e80812be888f9a6debafcbbad32bd,delivered,2018-08-15 11:58:30,2018-08-16 03:15:18,2018-08-16 15:13:00,2018-08-17 22:48:28,2018-08-20 00:00:00
e53516f14e3cc830f4afa84315707e9a,036a6fb17c53bf6788807347320e8bf1,delivered,2018-02-17 14:05:18,2018-02-20 07:15:36,2018-02-26 16:43:24,2018-03-21 14:36:42,2018-03-14 00:00:00
e33d8345fd55476c9fc022be9809a8e4,3752ad0300f5153523f4db639d6c7a89,delivered,2017-03-31 16:06:53,2017-04-04 06:02:47,2017-04-04 16:57:12,2017-04-11 12:39:23,2017-04-25 00:00:00
0e849e380bc578c72e6e7273210c74af,e2521351e6aa5ab0d7ed5cd7f7880014,delivered,2017-04-29 21:13:50,2017-05-03 15:42:26,2017-05-04 14:14:49,2017-05-23 12:13:36,2017-06-13 00:00:00
cddb49503674fc983e56f506266cb68a,149fa0076bccc504ba9a6464a9ad7906,delivered,2018-05-12 13:32:27,2018-05-12 13:54:54,2018-05-15 13:46:00,2018-05-16 21:51:27,2018-05-23 00:00:00
56b63c7382a444bc8eac58cd4d161da0,4f9e473da3d7122babdf130f1edd1c5b,delivered,2018-07-19 21:42:17,2018-07-19 21:55:17,2018-07-20 06:56:00,2018-07-27 18:05:53,2018-08-13 00:00:00
d205a43c0e35aacecbf9e14c272c7d20,991912f8e7ebc0451277681f0e2ce523,delivered,2018-07-02 14:07:18,2018-07-02 14:15:14,2018-07-02 16:20:00,2018-07-05 22:34:36,2018-07-27 00:00:00
1fc6ace55ac5c5d93cbe7ce9b4ea9bb3,ad8b9a0b04642da87ce686cc78942670,delivered,2018-03-16 14:01:32,2018-03-16 14:11:00,2018-03-29 20:48:43,2018-04-02 20:07:42,2018-04-13 00:00:00
2b9f8ad9f32e83a7cc84270f04858de6,628c270864d9dfcec3756dcd5632bf3a,delivered,2017-08-08 19:18:54,2017-08-08 19:35:14,2017-08-09 14:11:25,2017-09-01 19:51:44,2017-09-20 00:00:00
4d8facc97be05fe7125870fb933e0362,7ca383390f38031938923c14a7869feb,delivered,2018-03-12 17:41:32,2018-03-12 18:09:37,2018-03-13 23:27:18,2018-04-07 14:54:36,2018-04-03 00:00:00
e0abb8df68a21dc73ca95ee8bdd28d00,ff3c973762fd39294c6bfaf9a2c537c7,delivered,2018-07-20 16:28:33,2018-07-20 16:44:11,2018-07-21 09:06:00,2018-07-25 00:48:29,2018-08-06 00:00:00
14e4ba20c3a5b38de7c1e5edab904bf9,ee62bc8402e533e9711aa2f3d56f4b0c,delivered,2017-07-14 09:20:21,2017-07-14 09:43:48,2017-07-18 16:14:58,2017-07-26 18:18:01,2017-08-08 00:00:00
4fea2d9b1556c6f36a21a75b5ba71246,847077d28012353a648c9d346ea87d3d,delivered,2017-02-07 09:20:01,2017-02-08 03:23:05,2017-02-08 10:29:41,2017-02-16 07:22:26,2017-03-06 00:00:00
8ff2a1bb6ca93be212d4ecf85de7e14f,430c04898ef30536fd1ee210b68c1c74,delivered,2017-05-04 11:45:40,2017-05-05 21:25:08,2017-05-09 14:00:44,2017-05-16 11:27:36,2017-06-01 00:00:00
3189cf8674c0de19050957fe2fbdf671,f64ceae22c9f06b9b6e36e004c23d9c3,delivered,2018-02-26 09:30:30,2018-02-28 10:40:34,2018-03-02 19:22:58,2018-03-08 23:01:34,2018-03-16 00:00:00
f9bb72cf336b553a0895edff8be3b787,76bc16d171473f2d3048da482580b8f1,delivered,2018-07-28 06:11:36,2018-07-28 06:25:06,2018-07-30 13:05:00,2018-07-31 22:23:37,2018-08-06 00:00:00
856370edb6a779071858ac53fbce9aeb,14db24a68650994f614013d2d28cd606,delivered,2017-12-16 18:49:14,2017-12-16 18:56:30,2018-01-24 17:25:08,2018-02-02 21:47:31,2018-02-09 00:00:00
1525f8f0c2985955d93907fa19a9cc3a,c90da9c377a0232004718a9fedf148c9,delivered,2017-11-04 00:10:23,2017-11-04 00:25:57,2017-11-08 19:24:54,2017-11-18 00:43:03,2017-11-29 00:00:00
51588073e1f9014c44225282b8921690,b19843268a4daac1043e513eaecf99f0,delivered,2018-03-20 16:48:24,2018-03-20 16:56:01,2018-03-22 19:32:59,2018-04-02 18:45:45,2018-04-18 00:00:00
0a8758ec6f399b52f2ecb7b1a0c4c16c,8e98bf676f11db9fd078edd4d3dad51c,delivered,2017-11-25 17:33:04,2017-11-25 17:53:04,2017-11-29 21:05:01,2017-12-09 21:12:27,2017-12-19 00:00:00
ba19b234cabc645ff31e7c3a0076de18,5c662da3721a7e6cd69388f0a26c04a5,delivered,2017-11-24 21:37:27,2017-11-25 00:36:01,2017-11-28 18:09:25,2017-12-20 18:04:24,2017-12-18 00:00:00
96ddb50f66e3e4afbcf614a6f6e88d0e,8efdae919062dee558a1f89dd6e62bf0,delivered,2018-03-20 12:58:17,2018-03-20 13:15:28,2018-03-21 18:44:39,2018-03-22 21:06:36,2018-04-02 00:00:00
a17bcc333f4e645ec9c31d9b75d1ed89,6cd8ae3b1c2b8cd4dcdf241db7ada313,delivered,2017-09-05 07:49:42,2017-09-06 02:50:25,2017-09-14 20:14:48,2017-09-20 16:56:10,2017-09-22 00:00:00
688c85d1e56b382a67c05b5807521e92,250140565b02546b115981ac3442ed86,delivered,2018-05-13 19:47:01,2018-05-15 04:12:18,2018-05-15 15:02:00,2018-05-21 13:14:49,2018-06-06 00:00:00
739677eada57f8079787189697f71d74,60295e486ecc60549fd858f3eb8395f1,delivered,2018-03-08 12:00:34,2018-03-08 12:15:25,2018-03-09 17:52:07,2018-03-16 18:24:52,2018-04-02 00:00:00
6cff0bbcafb7486dd85cda3c8171cf9a,1e492f4fb4ccdab801d2b7787855f189,delivered,2017-09-12 16:38:26,2017-09-12 17:20:06,2017-09-13 17:03:55,2017-09-19 20:37:49,2017-10-03 00:00:00
a0c743456ff5737ebbcdaa56c9b2869b,99b4ce490808a0c69cb61bbf585c7967,delivered,2017-11-20 11:46:56,2017-11-20 12:07:37,2017-11-21 23:38:53,2017-11-23 23:13:16,2017-12-27 00:00:00
3b950d21f427aa8164e70c667017b97e,607c2d89ceb54c4f5b248ba4e969d65a,delivered,2018-01-24 12:29:14,2018-01-24 15:08:02,2018-01-25 17:08:16,2018-02-18 18:22:01,2018-02-22 00:00:00
7f09bca31b66e6df150a8030c5a534cf,55345989bcd31ff1780e6b2365bcf078,delivered,2018-01-15 09:14:15,2018-01-16 03:36:42,2018-01-18 14:08:57,2018-01-23 13:04:32,2018-02-07 00:00:00
ceefe38963a74828ec008a3985a2c517,08a4aa30c0eea37598e0a8095910b491,delivered,2018-06-18 19:54:17,2018-06-18 20:36:50,2018-06-19 14:28:00,2018-06-20 15:42:53,2018-07-04 00:00:00
334ea0d577d6491e3b5ea4b5fdc76a75,d601733cfaccb4f1424e8db9bfc2fef4,delivered,2018-03-26 13:02:11,2018-03-26 13:15:28,2018-03-28 18:36:43,2018-03-29 20:18:55,2018-04-06 00:00:00
f81315a9288555238f4f14f53669cc4d,826d38ccdb8111123c0842ce53ba3c68,delivered,2018-06-21 15:09:17,2018-06-21 15:39:15,2018-06-22 14:11:00,2018-07-04 18:22:51,2018-07-20 00:00:00
e917a7cb4d175976dd50e47989af2077,beba57483041cfae26ab1d42f0d36a37,delivered,2017-12-30 00:34:57,2017-12-30 01:07:57,2018-01-02 21:06:40,2018-01-18 01:28:56,2018-01-30 00:00:00
6ce317b426646bc2042821d2428dfd2f,743e5db38ca5829692d7e8047a9a60e9,delivered,2018-06-21 09:15:14,2018-06-21 09:43:03,2018-06-22 14:53:00,2018-06-25 22:14:48,2018-07-04 00:00:00
89d9b111d2b990deb5f5f9769f92800b,9a1afef458843a022e431f4cb304dfe9,delivered,2017-10-29 16:58:02,2017-10-29 17:10:09,2017-10-30 15:58:52,2017-10-31 15:33:47,2017-11-10 00:00:00
18259cce830d6f0f67331bafa6cbe93d,a280a323beaedcc912723cdf400d7b4f,delivered,2018-04-16 19:50:42,2018-04-16 20:15:26,2018-04-17 20:51:46,2018-04-20 13:13:39,2018-05-10 00:00:00
9a4705eb98d3d163623b45352b54919a,33f94cb672301b24d91aac31b9ff9178,delivered,2018-04-09 20:05:15,2018-04-09 20:29:55,2018-04-10 17:21:31,2018-05-02 17:28:34,2018-05-03 00:00:00
835c4371614f69189484aaad9a4087dd,dcc70a05d8629326f7ab1f8072cacf08,delivered,2017-09-17 18:04:09,2017-09-19 03:38:02,2017-09-20 19:15:22,2017-09-28 18:26:53,2017-10-09 00:00:00
d5f00152185286db9711864486393e32,5e1a13f06c19ab11130f53d716684a6c,delivered,2017-03-17 08:26:42,2017-03-17 08:26:42,2017-03-17 09:37:43,2017-03-27 10:10:10,2017-04-11 00:00:00
5ddea4bc0239f874cd7d6fd398d6045a,5d939e33176380aeed97a1ca037382f0,delivered,2017-06-05 17:54:00,2017-06-07 02:22:32,2017-06-07 11:41:51,2017-07-01 15:24:57,2017-07-04 00:00:00
574b55f36546f8673e31a60365b5da3a,2d1110b31e61ee52cd688d89dc70549f,delivered,2017-11-10 23:54:17,2017-11-14 03:50:45,2017-11-14 18:52:07,2017-11-16 15:48:39,2017-11-24 00:00:00
95164a281f8f12427079265d1a0e2e21,92a7ae95009e9a6aaa9b15b9d2695049,delivered,2018-03-26 16:15:20,2018-03-26 16:30:20,2018-03-27 23:12:32,2018-03-29 17:34:44,2018-04-06 00:00:00
700546945c05f91ea52fad741062bce9,b94f060aabc0001e614ca7aca2761039,delivered,2017-11-24 17:56:56,2017-11-24 21:16:29,2017-11-27 22:04:28,2017-12-04 16:23:27,2017-12-15 00:00:00
fb7a3213facd63106674c2d4fe0813ae,72ad3b059873841f4e0cc95d7eb93de2,delivered,2018-05-07 21:54:51,2018-05-08 04:32:55,2018-05-08 13:16:00,2018-05-17 21:32:00,2018-06-13 00:00:00
f15a9d9b458aa040e6c47b6bb2311fb4,37e814aa0b2b15f198064bc42bc5886e,delivered,2017-05-16 21:55:21,2017-05-16 22:05:13,2017-05-18 10:45:52,2017-05-23 10:47:47,2017-06-07 00:00:00
0c7019c628b3991e648a3769eff36f6d,815d430c8c4c1fd1980edd447ac4f8b6,delivered,2017-06-25 15:58:28,2017-06-25 16:05:10,2017-06-26 10:22:51,2017-07-07 20:05:51,2017-07-24 00:00:00
a12362add53762f2cdf644889917fea4,7f9a25e3e3f8323eaf21a6c4e09a29ec,delivered,2018-06-06 20:52:01,2018-06-08 03:13:36,2018-06-08 15:48:00,2018-06-16 00:14:37,2018-07-17 00:00:00
9bdcb4559b75d21a22fcd868d9e5dfec,6de980369453bc98c75da669412a0e85,delivered,2017-11-24 19:51:23,2017-11-24 23:12:34,2017-11-25 16:35:13,2017-11-30 16:05:23,2017-12-15 00:00:00
07b6b194d5b1f0c26bbc794748048aeb,7be2fab6281a2ec4df4b9de1e47d9217,delivered,2017-10-18 23:38:10,2017-10-18 23:56:30,2017-10-19 21:44:02,2017-10-20 16:46:50,2017-10-30 00:00:00
2db42ea65de6f21be729a6671b074a4b,21b9f862d8113b3b25bb49910352483c,delivered,2018-06-23 12:14:52,2018-06-23 12:34:56,2018-06-25 14:12:00,2018-06-26 21:21:20,2018-07-05 00:00:00
cd6d5ca28fe5c4aabf7aec6f2968bd49,a716b6eccbe4faea73f0d19022e377bc,delivered,2017-11-28 21:10:55,2017-11-28 21:36:22,2017-12-01 14:35:10,2017-12-18 22:24:49,2017-12-18 00:00:00
d74cdf7dea16668a34d57964004f0e94,0d084e109d08dc18e40858b407ce7c6b,delivered,2018-06-16 21:49:37,2018-06-19 04:16:51,2018-06-19 13:17:00,2018-06-25 20:32:44,2018-07-11 00:00:00
734e66350ff1d845ab707409554c76c4,973bc0291bb6c58f5cc8b0f838d2772a,delivered,2018-08-03 17:05:23,2018-08-03 17:15:27,2018-08-28 12:08:00,2018-09-03 22:50:57,2018-08-17 00:00:00
ebe702debf95ffef903434389a46876f,87cf8768894da2774a9ba8e181bcd84a,delivered,2018-05-06 00:14:52,2018-05-06 00:30:06,2018-05-07 14:11:00,2018-05-10 20:25:22,2018-05-30 00:00:00
e0f7f2941ad3a817c0cdb8f90b13f0f3,b0122e56650079ca699d17446a11bfbb,delivered,2017-11-23 09:57:47,2017-11-23 10:12:34,2017-11-28 19:48:45,2017-12-04 17:58:04,2017-12-26 00:00:00
f859266ccfc29caf67429ae86f081f7a,4ec889f3d9cd212d69b57bf84fe19f61,delivered,2018-06-03 08:25:31,2018-06-03 08:50:07,2018-06-04 15:30:00,2018-06-11 23:41:53,2018-07-17 00:00:00
2babbb4b15e6d2dfe95e2de765c97bce,74bebaf46603f9340e3b50c6b086f992,delivered,2017-02-18 17:15:03,,2017-02-22 11:23:11,2017-03-03 18:43:43,2017-03-31 00:00:00
543842af6f788d8bdaf1b1e63c0d3da1,57c0ca1180ca7cc6d077b34a91cc685e,delivered,2018-04-06 21:03:28,2018-04-06 21:15:26,2018-04-07 17:25:49,2018-04-10 18:28:30,2018-04-26 00:00:00
e72ce58da5fa186692fb2a9d253c0cbd,eb4e1a00320b05de70f104ef47d3f20e,delivered,2017-10-03 09:49:10,2017-10-03 10:07:16,2017-10-04 10:10:19,2017-10-06 21:51:17,2017-10-19 00:00:00
53d6fdda7e6cd60c16d5051f00ac2af3,f33ce5c93bb775dce8f1ee9e1055e65e,delivered,2017-08-29 22:35:42,2017-08-29 22:45:16,2017-08-31 19:36:58,2017-09-05 19:16:04,2017-09-15 00:00:00
294a004bc4c2a5e3d9404a213164afe1,d60977f266fbf35d13d563da7286f472,delivered,2017-09-05 21:25:02,2017-09-05 21:43:28,2017-09-06 16:08:49,2017-09-13 19:07:10,2017-09-28 00:00:00
dfbdae4128710f6f089dca71d4bc4844,ec8622d7f25a5dd7c86068d56006831f,delivered,2018-08-06 19:36:46,2018-08-06 19:50:19,2018-08-09 13:10:00,2018-08-13 11:46:33,2018-08-15 00:00:00
fcb2af36166db4e5d7ac2491544cc1e9,40332f0f0eae03d84f6070310bdc06b5,delivered,2018-07-30 22:49:40,2018-07-30 23:05:13,2018-08-01 09:37:00,2018-08-07 15:16:51,2018-08-10 00:00:00
77cee551ec0bfd054f82bd2495d2fcd6,9781b638c3b040f81afc6d7770bff92d,delivered,2017-07-22 11:03:06,2017-07-25 03:30:32,2017-07-25 22:04:54,2017-08-04 16:45:00,2017-08-15 00:00:00
bcfb752924c7ba8161720a345e940d23,791b1f2ebf981ee9867bba35359d8d3c,delivered,2017-12-19 12:26:24,2017-12-19 12:36:23,2017-12-19 20:52:08,2017-12-21 01:27:10,2018-01-08 00:00:00
05234d05cd854695218f98bf84cd2489,e5dd0085eaef3be8578a19a6e88c7e10,delivered,2018-05-21 21:41:26,2018-05-22 00:32:41,2018-05-23 13:55:00,2018-06-04 23:23:41,2018-06-13 00:00:00
80a4a10c7eb09d49ba31fc55d4efa53c,79718a1dd008d064a07683e902214896,shipped,2018-03-29 10:09:20,2018-03-29 10:27:49,2018-04-05 23:41:43,,2018-04-17 00:00:00
d32642f6d232b67e805b482eb0beae4f,ded7ebb4fd8eec0e280d33897cf98b05,delivered,2018-04-19 08:48:52,2018-04-20 08:52:48,2018-04-20 19:47:34,2018-04-23 17:18:45,2018-05-08 00:00:00
96174b2c267b2d46452c03ffcc689468,841d9849f0dcd896650fdaa9b8807210,delivered,2018-03-03 14:04:33,2018-03-03 14:31:14,2018-03-06 01:14:55,2018-03-23 02:02:36,2018-03-21 00:00:00
7b53d37cd3cdc55e289fe498a1f22b01,cb40f963a5e723ee4d756e4e68935006,delivered,2018-03-25 10:15:15,2018-03-25 10:27:29,2018-03-27 18:42:54,2018-04-02 20:46:30,2018-04-13 00:00:00
1ea1fb68cd910d7d689029bb60ebca1e,6822f46865b8f8e0a217d5352d1e5355,delivered,2017-04-28 09:00:27,2017-04-28 12:01:05,2017-05-02 13:57:12,2017-05-08 12:03:36,2017-05-22 00:00:00
9edb1acec4ceb154e425aa9248286f7e,2581b03d7d7ac9f8f4969d54ddf0c07e,delivered,2018-08-06 21:31:52,2018-08-06 21:45:10,2018-08-07 15:34:00,2018-08-13 20:52:33,2018-08-27 00:00:00
a120492dcf7f876a21a0b2d2aea9cee2,4ac494b0c28cd89db216a6520eb4796f,delivered,2017-10-17 22:10:03,2017-10-17 22:26:43,2017-10-20 20:57:58,2017-10-30 17:41:49,2017-11-16 00:00:00
3deeaa4d253d9612fe55428163839325,fdf2f42ec3ca9c7b2443d1501ba9f0db,delivered,2017-08-22 15:08:05,2017-08-22 15:27:10,2017-08-24 16:43:28,2017-08-25 16:20:31,2017-09-04 00:00:00
c6a4e191a2e0e802fd5006378e6b47bb,dbb265d79cf695065da3624264c7a93e,delivered,2018-08-23 13:56:52,2018-08-23 14:10:15,2018-08-28 06:20:00,2018-08-29 13:51:33,2018-09-03 00:00:00
36e980f3cbdf9a14bd099f32b2e46ee7,968e2eb4991b10dd284390b31df9d4f7,delivered,2018-08-10 15:51:24,2018-08-10 16:05:12,2018-08-21 13:47:00,2018-08-24 23:21:58,2018-09-14 00:00:00
40bb654f08a089c46353cea13d590ac9,73681df190083ea166315c4a23598f83,delivered,2017-03-07 09:35:48,2017-03-07 09:45:17,2017-03-08 09:42:43,2017-03-20 15:32:54,2017-04-11 00:00:00
a6f6c66669d5b0b2c33c66780c0ef4ce,3ec0ec31a0c1db0eb91cad58547e3e14,delivered,2017-10-16 22:10:03,2017-10-17 22:26:42,2017-10-19 17:43:03,2017-10-24 17:04:37,2017-11-01 00:00:00
fc6c2b2dc641e9b43804f733841f943e,27cb94d7e0d417891e662f211e26136e,delivered,2018-06-13 20:00:40,2018-06-13 20:20:47,2018-06-14 15:29:00,2018-06-20 17:37:54,2018-07-17 00:00:00
0603e869ecff28981f22e3ea3e91911b,39bbb4f1b13debf6e93d4a8dd51974aa,delivered,2017-09-26 17:48:04,2017-09-27 06:56:09,2017-10-03 17:25:21,2017-10-09 18:18:43,2017-10-20 00:00:00
7d038f7eeec76a7eb898fef8a12e6157,61e6da519b71bef0cff6229f20cf8308,delivered,2018-05-22 15:29:15,2018-05-23 02:15:40,2018-05-25 15:00:00,2018-05-28 23:18:30,2018-06-01 00:00:00
0f96e9894259aa8c07c655cabec46c2c,6e00d34e9006babf73c9b1056ab870fe,delivered,2017-05-19 16:25:54,2017-05-19 16:35:21,2017-05-22 18:37:01,2017-05-25 12:18:06,2017-06-08 00:00:00
449e69903d607f22bf9e35e3833f23ba,df0eade4c5dfac02b7554d2d4a86f422,delivered,2018-04-05 08:37:49,2018-04-05 08:50:18,2018-04-07 16:48:42,2018-04-19 00:18:53,2018-05-02 00:00:00
64fd58a06f0a4797024c9593a181f67f,d3b24bbbb76eeeca11311476d2293830,delivered,2018-01-02 16:48:39,2018-01-02 16:58:29,2018-01-03 17:34:11,2018-01-08 18:39:05,2018-02-05 00:00:00
5a6879f3d732e716425f7ae07f217d1f,08de2bfdaeaa2ab216ba4a874bf9a4c0,delivered,2017-11-16 15:07:06,2017-11-16 15:15:39,2017-11-17 17:02:34,2017-11-26 14:07:55,2017-12-12 00:00:00
66c8850e9f6bc2f81873165c41901706,b77e9f78e46a3fb8102d77740a2263da,delivered,2018-04-01 18:09:28,2018-04-01 18:27:51,2018-04-02 19:36:42,2018-04-03 12:22:34,2018-04-12 00:00:00
becfef8632cb82841c516ee0270695e9,cb45ee488170a8ed253e93bc5a1a44c3,delivered,2018-02-21 20:46:20,2018-02-22 20:45:31,2018-03-05 20:18:33,2018-03-13 00:48:37,2018-03-27 00:00:00
649fbfef8ead059794ca4dff975904d0,4a4a9d30308a7275440ff5514f22d367,delivered,2018-04-23 16:20:13,2018-04-24 17:43:52,2018-04-24 02:17:23,2018-05-03 19:51:27,2018-05-11 00:00:00
f0d7cf07c69af0fc5220aa73b44efa81,e46f1a077cf15ef0816dd55f6acabe0b,delivered,2017-12-18 10:19:45,2017-12-18 11:32:00,2017-12-19 17:46:45,2017-12-29 20:00:04,2018-01-05 00:00:00
6509efe5f7fec11ff1e44d9232103a0e,aa5304b7b30d0035da0b2538598d8e1f,delivered,2017-12-08 17:26:18,2017-12-12 03:36:29,2017-12-15 15:12:46,2017-12-19 17:16:52,2018-01-11 00:00:00
7d7bf3ee337c36ce012762da5f28f53a,75435919ec1c2171f20033e15cbaf004,invoiced,2016-10-07 10:46:03,2016-10-07 12:14:45,,,2016-12-01 00:00:00
5a324aea69fb5ae9e8a20527b99176da,7d82ca4adb887b686e382a29b7041281,delivered,2018-02-24 17:47:27,2018-02-24 17:55:33,2018-02-26 19:48:00,2018-03-07 16:48:03,2018-03-16 00:00:00
479c3d9dbad0a2c502fcb73fd59c65b3,8cca023b5d133ac5e6e6d5dbc06dc1ce,delivered,2018-02-25 18:03:16,2018-02-26 18:10:24,2018-02-27 19:02:37,2018-03-22 19:29:49,2018-03-20 00:00:00
dc7ddd4a05f0c561ece12f352cc4cf33,a6ed13afb1aff49a04b5de487a7c6c59,delivered,2018-06-06 15:26:45,2018-06-06 15:35:27,2018-06-08 11:21:00,2018-06-11 16:00:09,2018-07-03 00:00:00
17e3bdfb40f275e758587eb0df1e7516,d3635b8eeab30334c8add14ca042370e,delivered,2018-03-28 16:56:28,2018-03-28 17:08:05,2018-04-02 20:10:39,2018-04-03 23:05:35,2018-04-10 00:00:00
a741e58f892ca29c438e254e4ce4f426,f7745233611313075d6bb50c48c2927f,delivered,2018-02-01 10:31:58,2018-02-01 10:52:06,2018-02-06 15:09:01,2018-02-23 16:19:21,2018-03-01 00:00:00
12a408b60b694ab095783ea92af18e1d,33b04ed3a65920372c212f95cb9fa5ca,delivered,2017-11-24 13:58:39,2017-11-26 13:55:50,2017-11-28 20:37:09,2017-12-11 21:27:12,2017-12-19 00:00:00
660f07387a59952dda6a3ec2377eafee,b5e68fb5e0d12c368f0c52b434a69cf9,delivered,2017-08-19 17:51:46,2017-08-19 18:05:16,2017-08-21 18:52:27,2017-08-31 18:50:10,2017-09-13 00:00:00
e37531db8933bdce0f86e9dc3768759e,74380820e581b5e8585abc1b5e11c079,delivered,2017-08-07 21:48:23,2017-08-07 22:25:11,2017-08-08 13:00:00,2017-08-16 11:42:26,2017-08-29 00:00:00
1d6df969542603d9f097e871bff9a9b7,7c27dc2e3534b87df8eb7cf622b88a81,delivered,2018-02-13 12:31:16,2018-02-13 13:35:28,2018-02-15 15:13:17,2018-03-14 18:46:34,2018-03-07 00:00:00
a63792bf510613cc7d8182ece331499e,c6e3e7289d31172d406b128104f435d8,delivered,2018-03-05 03:46:03,2018-03-05 04:15:36,2018-03-06 00:47:24,2018-04-10 21:54:24,2018-03-27 00:00:00
57a0aadef1c7db2296177ef296c89517,8f192b781ccafbd810abace7c855190a,delivered,2018-05-04 22:10:34,2018-05-06 12:53:27,2018-05-14 11:02:00,2018-05-21 22:19:34,2018-05-28 00:00:00
2f56519b321029d00d23815e4888ea4c,57fcccece831eb911b3365c3b3689db7,delivered,2018-03-08 15:36:53,2018-03-08 15:55:46,2018-03-09 22:28:40,2018-03-20 21:58:38,2018-03-29 00:00:00
aab8c7dc7990b7626dff6f216cf44b99,9bdd006e7722078bef3dc58b0a39712f,delivered,2018-02-21 14:30:22,2018-02-21 14:49:31,2018-02-28 02:00:34,2018-03-01 02:12:03,2018-03-07 00:00:00
6e85f186f455d947bd6f50b1bd9b7c0b,819de25ead97f171c5aca3e76048c843,delivered,2018-02-28 22:20:53,2018-02-28 22:30:47,2018-03-02 21:41:29,2018-03-15 19:58:31,2018-03-27 00:00:00
b925a62bfdf14b152f2fb572d1aa672c,c8707c963b890f39de31f9bf371d1225,delivered,2018-05-01 02:33:53,2018-05-01 03:55:17,2018-05-03 16:38:00,2018-05-11 17:45:59,2018-06-08 00:00:00
ca929fa6d3db41b0d698c716875ccd26,547cffdadc2bf8d206dde24a492c82f4,delivered,2017-05-15 21:07:20,2017-05-15 21:15:14,2017-05-16 12:43:57,2017-05-26 07:08:02,2017-06-07 00:00:00
b457d7e47d6cdeb247295594ca600cb4,6d207296a79092cb51acbeabdac7b375,delivered,2018-03-30 14:57:39,2018-04-03 05:48:36,2018-04-04 20:08:47,2018-04-05 21:18:30,2018-04-12 00:00:00
aeae941043a08ea723601801bb43005b,aaa47fdb785f4c0707af8f2195eea941,delivered,2018-03-09 00:09:48,2018-03-09 00:59:17,2018-03-09 20:06:44,2018-04-10 16:45:37,2018-04-02 00:00:00
6d7d0d56c64bb5a9c735dbf24d838bf8,aa9982bcb598edfa7ac5bb9c48b24955,delivered,2017-11-05 19:52:47,2017-11-05 20:10:26,2017-11-06 14:09:07,2017-11-10 23:43:47,2017-11-27 00:00:00
e28ec57978089b6f7da5224e2e682c0a,9a5877f8f6e46206edde862c4e29839e,delivered,2018-03-08 19:54:34,2018-03-08 21:09:09,2018-03-12 21:29:26,2018-03-29 01:41:40,2018-04-06 00:00:00
b8ec4e11fac601907005c18a78ccbae7,d97b12cd0ea8ce1f4fceeceb8024cbd1,delivered,2017-08-14 10:39:02,2017-08-16 03:30:24,2017-08-16 20:12:47,2017-08-17 18:21:41,2017-08-25 00:00:00
941d8ea654e3550842584075b13918ef,12cec4dfdc542a9bfd8ae48877401524,delivered,2017-06-18 19:43:10,2017-06-19 19:50:16,2017-06-27 09:04:55,2017-07-04 13:59:55,2017-07-18 00:00:00
36a2993f853a2f6132cdda1475bf2acb,d85c5d6bf587adf9dd4852ca1d189834,delivered,2018-04-23 22:25:36,2018-04-24 18:59:38,2018-04-26 10:33:00,2018-05-07 19:11:22,2018-05-14 00:00:00
cb71bbdb68e876878e7c73346725a901,7df0a02f3a48198615dec3720500fe42,delivered,2017-01-25 18:51:43,2017-01-27 11:55:38,2017-01-27 15:49:36,2017-02-15 15:28:58,2017-03-08 00:00:00
604b550c04e61700ab7bcb2ac5b5ca53,97ab733376d9693af39f976a97e4b7b2,delivered,2017-10-15 13:01:37,2017-10-17 03:49:37,2017-10-17 19:03:05,2017-10-18 21:05:23,2017-10-27 00:00:00
d3c0900d545b18474cff0e9d577c3043,adc855b663abfe7d7956b27bae71a6dd,delivered,2017-07-03 12:22:13,2017-07-04 04:35:32,2017-07-06 07:27:38,2017-07-12 19:09:41,2017-07-31 00:00:00
388815a1ed5c112e3588771ca6d8b276,9a0688b0e8ed035cbd5fde3aedc0dbbe,delivered,2018-01-18 16:38:14,2018-01-18 16:57:40,2018-01-19 18:06:05,2018-01-23 18:59:07,2018-02-02 00:00:00
45ab6766f52882fd2bdcbcc11cb9a392,cbeaa18cb507d2454256029deb5ebdb5,delivered,2017-05-23 00:53:03,2017-05-23 01:05:36,2017-05-23 15:14:06,2017-05-29 08:37:37,2017-06-19 00:00:00
c27cd942c2a926d25153090afa106ceb,0e772d9e02b17408e716f35cd1dcc222,delivered,2017-06-15 14:26:01,2017-06-15 14:45:15,2017-06-20 14:22:03,2017-06-26 11:23:32,2017-07-10 00:00:00
fcb5ccb37b435c44c57d9c7caf3e7623,6074ed4fa5c65bcf3123341de0ebe533,delivered,2017-08-28 13:41:23,2017-08-28 13:50:18,2017-08-30 12:59:58,2017-09-05 17:47:58,2017-09-22 00:00:00
8ed4ed298924cd3a04016d50a5751e88,44531f7ae52e2312ab3ca7f58778b41f,delivered,2017-03-26 10:54:33,2017-03-26 11:05:11,2017-03-27 14:37:01,2017-04-05 08:53:52,2017-04-25 00:00:00
ef6cae0913beb2c708d2305fa7c2764d,745f4f23b7e50c87101800a29dec4d5c,invoiced,2018-01-17 05:12:49,2018-01-17 05:29:48,,,2018-02-02 00:00:00
82d8553c3dd123ec5e37807edc69fc76,f1c9c06e1b19e18a14c43420d281d1c4,delivered,2017-07-11 09:34:40,2017-07-13 02:50:14,2017-07-13 14:45:46,2017-07-25 19:47:17,2017-08-04 00:00:00
0cd059c0a0fa574521d20387f7156ed3,2f32a584ced80167b95fa5b259801864,shipped,2017-08-12 16:31:47,2017-08-14 09:25:11,2017-08-15 15:30:00,,2017-09-06 00:00:00
f4fa37effe654cb2651b97dbe1e026f5,6afd81b08532b9e05f3dc2e988793e4e,delivered,2017-08-03 15:39:59,2017-08-03 17:15:16,2017-08-10 17:07:30,2017-08-18 15:32:41,2017-08-25 00:00:00
bdb86a981cb75aa7ea9ca816e2485904,d4aadc1451a181aa980044087d8a3206,delivered,2018-05-29 13:25:55,2018-05-29 13:57:58,2018-05-30 14:35:00,2018-06-08 04:56:48,2018-07-20 00:00:00
0a32aa7d8d3f344fb31eac306336daac,a9929fa5f092ace247a1ea0a3469bbee,delivered,2018-04-18 09:52:35,2018-04-18 10:11:01,2018-04-18 23:24:33,2018-05-02 15:12:14,2018-05-11 00:00:00
4c3db9c6971f8d7a6f2b85260880bdc3,237f172658ffb3162e16c6a8cda2c330,delivered,2018-01-17 11:09:04,2018-01-17 11:16:25,2018-01-18 21:48:59,2018-02-02 13:58:38,2018-02-16 00:00:00
a0cd5eaf9f92718cdd22216a1c8bb103,3219ad49883f21b989a17875c73ab863,delivered,2018-08-14 18:33:48,2018-08-14 18:55:25,2018-08-16 14:04:00,2018-08-21 17:35:26,2018-08-29 00:00:00
ca1e3b1d345a9808d206c244778976eb,b4b4dca3887b96872d26c7570097db7d,delivered,2017-11-30 09:06:04,2017-11-30 09:15:33,2017-12-04 20:48:57,2017-12-27 14:18:10,2018-01-05 00:00:00
203acfb176ad05fd52bc951bd747ad91,77ad3a93d1cfb9881f54f9747d1d040e,delivered,2017-11-20 21:36:25,2017-11-20 21:47:03,2017-12-27 23:17:02,2018-01-15 22:21:42,2017-12-13 00:00:00
682cfbaff9203b12d90db121371a67c3,f62aab8e44728f92519f52c38bba97b9,delivered,2017-08-21 20:47:58,2017-08-23 02:55:25,2017-08-28 20:11:41,2017-09-09 16:13:50,2017-09-15 00:00:00
61746b0be79904d743172e06cb874018,d84e80f1f71dab90d84eb7f7d8a81a3a,delivered,2018-03-09 14:05:05,2018-03-09 15:00:22,2018-03-09 23:18:37,2018-03-11 13:32:38,2018-03-21 00:00:00
ca586f4a85ee254cc0b4e01e30809cb1,afd985a81dce5f03f9c6b167a033c7a6,delivered,2017-06-05 21:59:40,2017-06-05 22:10:22,2017-06-06 15:23:37,2017-06-12 17:17:58,2017-06-28 00:00:00
156d8a00b4b8bb9ef74ca1e450035eb8,a927ff01b2ce8eda3341ba16a1e80068,delivered,2017-12-03 10:24:02,2017-12-03 10:53:19,2017-12-05 22:56:56,2017-12-09 00:42:21,2017-12-20 00:00:00
9a8cd6b0ac8e80fe4e72e9de1aee04cf,6326b06eee393fffe30a79be062bb004,delivered,2018-04-25 11:42:05,2018-04-25 11:55:14,2018-04-26 06:40:00,2018-05-02 23:58:29,2018-05-17 00:00:00
05f0c78f07cfc889061aba07e9eff066,3021d0131228fc66c7b3bec2308617a6,delivered,2018-01-26 10:59:37,2018-01-26 11:14:05,2018-01-26 22:22:37,2018-02-03 00:48:57,2018-03-01 00:00:00
14476cba4d3587039214504002fd09ab,3a6452798a9be86faae0891e86abe1c2,delivered,2017-10-26 13:29:49,2017-10-27 03:10:27,2017-11-10 00:09:06,2017-11-22 17:18:45,2017-11-14 00:00:00
08d84fb0470993741ba4f7db2b3ac601,c61ae9f1f2351bbd660334ae4775cf10,delivered,2017-06-18 11:20:28,2017-06-20 10:30:23,2017-06-22 12:33:17,2017-06-23 13:09:20,2017-07-05 00:00:00
bd653591a61bb3875b4f0f890696a61f,2690e327b07f3f572c2cff4b828c266a,delivered,2017-08-27 18:18:40,2017-08-28 18:25:08,2017-08-30 12:17:46,2017-09-21 20:00:18,2017-09-20 00:00:00
de71166519878c2eefa30e4203d31c92,dd17a047f6e979e723bb5fecc4b78df6,delivered,2018-02-25 22:10:36,2018-02-25 22:28:01,2018-02-27 13:52:01,2018-03-15 22:28:42,2018-03-23 00:00:00
fb3ed0c8db7703fbb2d80419bfa7576a,764565fc5a2ecb94c5fceddc76762020,delivered,2018-01-03 20:59:21,2018-01-03 21:31:34,2018-01-05 13:04:41,2018-01-12 22:42:08,2018-02-01 00:00:00
28fc2d3b6b9c5214e2ccdf189ba572af,23964fc361f9494ed6fb1db09507ce6a,delivered,2017-05-04 21:29:55,2017-05-04 21:42:17,2017-05-05 13:57:11,2017-05-17 09:15:39,2017-06-05 00:00:00
da7edb9956cbe0ef5c50126e1bb784b9,fff39f01a81d96b066b1893ad395a98b,delivered,2018-07-01 11:49:01,2018-07-01 12:09:26,2018-07-03 07:28:00,2018-07-04 18:14:58,2018-07-24 00:00:00
ab3564822a24b5d7496a7ca54b0a2f62,10ee255a9c015e0148f2bc3bbb595e6b,delivered,2017-04-10 16:21:37,2017-04-11 03:45:36,2017-04-12 11:55:37,2017-05-03 13:49:57,2017-05-12 00:00:00
28509a1c959e460948d32485cac51f9d,a5f8960eef588aeaa9d1af800ef40607,delivered,2017-12-04 13:36:59,2017-12-04 17:14:40,2017-12-12 18:32:53,2018-01-23 14:12:48,2018-01-10 00:00:00
31f67bef2180ffdf0dbf11db4b0a4380,5509b11339d759e867ea2dfb58075def,delivered,2017-06-28 01:47:40,2017-06-29 02:42:33,2017-06-30 13:02:36,2017-07-21 21:55:28,2017-08-01 00:00:00
9e4b884a908c8fd41a0fbe60c53b58c2,51ee0f032ca8ee8e08c07ab531787d23,delivered,2017-12-19 17:52:01,2017-12-19 18:52:31,2017-12-21 21:43:12,2018-01-09 12:52:52,2018-01-17 00:00:00
e0f04a1acc50a7daf0cbb0654d438725,fa2ecb119951fe7045f5608dc046ee0f,delivered,2017-08-30 18:37:23,2017-08-30 18:45:18,2017-08-31 17:35:03,2017-09-11 22:18:45,2017-09-21 00:00:00
ce6773b2916ebbc43dcaa762c0c6f9b2,667c857bad32b1b14826b5d48a1d5f41,delivered,2018-07-30 18:36:41,2018-07-30 20:00:27,2018-08-01 08:15:00,2018-08-02 20:32:07,2018-08-09 00:00:00
54a1ba9a8bb07a2013657c2a49ed05d9,88d26eaf6d13a645becb1e10db21666e,delivered,2018-07-18 20:30:05,2018-07-18 20:55:24,2018-07-19 13:50:00,2018-07-20 18:06:18,2018-07-30 00:00:00
b05922c45fc699ae9049a2c5add3e02a,a5a79d9745f4fa50300664e5a4efd247,delivered,2017-02-02 07:05:42,2017-02-02 08:00:08,2017-02-09 07:25:55,2017-02-17 10:21:40,2017-03-13 00:00:00
293cc84f84b10fcc962fb304ff3fdc8a,77ea2ec98e943bee47f47e77050b9855,delivered,2017-07-14 20:33:31,2017-07-15 20:43:35,2017-07-18 16:59:15,2017-07-19 13:44:56,2017-07-27 00:00:00
198edc616965e287128e8854d4ac8b4b,d9da5132fe53f05156b9eac8546140e2,delivered,2018-08-03 10:03:39,2018-08-04 05:05:16,2018-08-06 13:09:00,2018-08-07 17:14:26,2018-08-08 00:00:00
2537dc25ebd836a44792c49ab1914c7d,44e530a27be6cdcc7b0514491f0ddb67,delivered,2017-09-13 10:36:49,2017-09-14 02:55:42,2017-09-14 15:32:03,2017-09-18 20:22:33,2017-10-11 00:00:00
32a4b9871a273951733039d98aafff79,53338024c32e3b9adecda91f84a882ed,delivered,2017-10-04 19:50:18,2017-10-04 20:04:50,2017-10-05 16:07:59,2017-10-13 19:00:16,2017-11-01 00:00:00
4666d7a562ea830360d849b989de728e,c7a126e599b16391681b11a1ca602b51,delivered,2017-11-28 07:35:01,2017-11-30 07:33:07,2017-12-04 11:12:09,2017-12-11 20:19:02,2017-12-18 00:00:00
3a344ea044dda2d453edcdab86759512,f8bf07e35fbab71c21bb83e632da07c5,delivered,2018-02-04 18:52:56,2018-02-04 19:09:41,2018-02-09 23:51:13,2018-02-15 22:52:04,2018-02-21 00:00:00
26c0e220263a4fc921bee00916855eaf,e2aacee0b75ff97882ff482091869a64,delivered,2017-11-28 19:05:37,2017-11-30 02:26:02,2017-11-30 22:15:26,2017-12-20 21:11:00,2017-12-21 00:00:00
fa98ac229e1905528d35a47acfe95733,5df745fd89c4f2b7c871a74ef0bc1c0c,delivered,2017-11-29 10:29:48,2017-11-29 10:59:55,2017-12-06 15:47:27,2017-12-20 21:07:21,2017-12-22 00:00:00
3e0f66626b1d306ce899a69a2b474034,d51f3905720a441849e13e5a99e2496f,delivered,2017-10-04 09:06:42,2017-10-04 09:24:28,2017-10-05 19:43:35,2017-10-11 18:29:45,2017-10-31 00:00:00
2474b5060c1dfacbb46002aa2563f9bc,56eae93c3c9be2ecd4da5e3d32c59a29,delivered,2017-11-26 15:04:12,2017-11-26 15:15:03,2017-11-28 13:18:36,2018-01-15 13:07:28,2017-12-29 00:00:00
788e7378d74502a8c60a80b6c66552b9,808c3ef691a670d41d1e3ade30740cb8,delivered,2017-05-09 22:20:15,2017-05-09 23:15:19,2017-05-16 09:17:48,2017-05-18 08:35:38,2017-05-25 00:00:00
b7c08284b115aea29927fb5c60c35ee3,1384d3df457e46094af875fc6b89e44a,delivered,2018-01-27 18:04:38,2018-01-27 18:13:25,2018-01-29 14:17:00,2018-02-08 21:24:59,2018-02-22 00:00:00
d087b8e096ca051f548e29b324272834,ccd67b62873f83da80201df2bc4dcf3f,delivered,2018-03-06 12:28:34,2018-03-07 02:49:00,2018-03-07 20:44:45,2018-03-21 22:50:40,2018-04-02 00:00:00
40fd7796808d1a802284c3f91ed4feb0,fb4e1b45f0d34bdd20602e9bb7cc5dc7,delivered,2017-11-24 12:56:21,2017-11-24 15:12:53,2017-11-27 22:36:58,2017-12-13 16:12:42,2017-12-19 00:00:00
2058cb04c2f484f6c016669b62e2c3e1,dd021c14096bdb7cb3063d27171528bd,delivered,2017-12-01 11:12:48,2017-12-01 12:31:33,2017-12-01 21:17:31,2017-12-20 23:27:15,2018-01-03 00:00:00
3d996bbec62b68df7d6b45c2f04ff1d7,4a2b17a3baacbb0006395fff389d4738,delivered,2018-01-17 13:53:25,2018-01-17 14:10:30,2018-01-18 22:46:45,2018-01-26 14:22:03,2018-02-07 00:00:00
3c469482cf99003bb0246dc0396eafa4,5bbf5988e9a6e1d1cad707bcbf737096,delivered,2018-05-29 14:34:28,2018-05-29 14:52:26,2018-06-06 15:18:00,2018-06-22 16:04:56,2018-07-26 00:00:00
96e78a16640bdff7370dd73cb821fc01,950212a2b67caa64e9628f68a58b3314,unavailable,2017-07-02 22:15:35,2017-07-04 03:50:25,,,2017-07-14 00:00:00
ce3756a051e619f9a749a8795aee498f,e4e0289744e52cb66d68ae3ad7b49bd9,delivered,2017-03-01 14:50:29,2017-03-02 06:45:14,2017-03-03 13:05:49,2017-03-14 14:03:13,2017-03-22 00:00:00
5eeef0a291829b4a3e2ebfd8effac242,940c3a34a89c24181632bd0a851328be,delivered,2017-06-12 22:15:32,2017-06-12 22:25:18,2017-06-14 14:40:09,2017-06-23 11:59:29,2017-07-05 00:00:00
2ebbf6f8d62476a737f41cd9c8679e5f,4f3f9a69495d193e02589bb1ca6a3421,delivered,2018-08-23 11:45:59,2018-08-24 03:10:23,2018-08-27 13:42:00,2018-08-30 22:31:35,2018-09-06 00:00:00
72440dd8694d68e0ec2dd68e3fc3cbab,7ba93cdef10bbf6aac6001d25a90780a,delivered,2018-06-26 19:37:03,2018-06-26 19:50:14,2018-06-29 14:04:00,2018-07-10 16:51:19,2018-07-24 00:00:00
e9f267751db5678db874f632592a2c0d,c2c4da97389cc67625777ddca20faa00,delivered,2017-07-28 22:00:31,2017-07-28 22:15:12,2017-07-31 15:03:08,2017-08-01 16:46:55,2017-08-21 00:00:00
ae89f3c648838ad99ed4616f05b2662a,96126c52e2b0c58916768743af639500,delivered,2017-06-01 18:58:15,2017-06-03 02:35:29,2017-06-07 15:39:10,2017-06-19 13:28:10,2017-06-28 00:00:00
40599d3d28b75746952ded75566637b9,efdf4a7c78d7c364046efb69035d1d4f,delivered,2017-01-05 13:01:48,2017-01-07 03:45:49,2017-01-11 16:08:53,2017-01-16 15:43:21,2017-02-13 00:00:00
1d9c55c6ee885e00633510da321b569f,bb2187052a533150cfa6b773b66c2c30,delivered,2018-08-03 10:53:28,2018-08-03 11:05:23,2018-08-06 16:15:00,2018-08-08 16:27:40,2018-08-14 00:00:00
cdff64a3d91c04db0d85fc966fbef30f,e61cced184beb8e5820b59f566cd21db,delivered,2017-11-28 22:17:33,2017-12-01 10:31:45,2017-12-05 15:41:07,2017-12-07 19:43:11,2017-12-13 00:00:00
364578a2d4829f6a7aeccb9f1e25f5be,e557c28ccd3c3442c255d8f05d8b2b4b,delivered,2017-10-13 03:04:03,2017-10-13 04:06:26,2017-10-16 20:17:36,2017-10-17 20:54:42,2017-10-25 00:00:00
bc0ce3adf08cf5e5c91ca98d2fa6f27d,1e14254fb83d77252da5bc018f3bb076,delivered,2018-06-13 20:44:34,2018-06-13 21:00:19,2018-06-14 13:23:00,2018-07-10 18:23:33,2018-07-20 00:00:00
b1e5cc374b5c4f7c12ef420d322b07e1,1cc59368b661643f4c6637fa51785b39,delivered,2018-02-11 01:24:24,2018-02-11 02:28:53,2018-02-14 23:09:25,2018-02-15 14:09:45,2018-02-26 00:00:00
7644fdc557b95c452791b3c1791efc08,23a6e39515e87e3a35453b2bba148e1c,unavailable,2017-11-24 11:02:33,2017-11-25 05:49:40,,,2017-12-20 00:00:00
87c15b8f29f9fc59405db62dcb5697c9,fcdcec28d1b560be4070d27f452c3db1,delivered,2017-02-09 13:16:39,2017-02-09 13:30:13,2017-02-15 10:32:28,2017-02-21 12:53:47,2017-03-22 00:00:00
c7d862d2519c66e5adf8067b6b994ec3,2b2952b3bf40dd1863ab5fc6e6100951,delivered,2018-03-19 01:24:20,2018-03-21 02:51:09,2018-03-23 00:51:42,2018-04-03 17:34:36,2018-04-11 00:00:00
6218641ca6d233dc693bd8e99979345f,b2b4b933278bb7bd48317cb3e45a77bd,delivered,2018-05-17 10:29:15,2018-05-17 19:34:59,2018-05-18 14:37:00,2018-06-05 10:51:37,2018-06-21 00:00:00
1e310dc1d0b3a93f312df7790362c66a,f8908f98386bc7c834c4eff48a959f8a,delivered,2018-02-07 20:38:21,2018-02-07 20:49:09,2018-02-09 14:17:50,2018-02-27 16:42:40,2018-03-05 00:00:00
a2c0b2415d93b4f58c27e69c87035638,41d8bbee1c02a36bcc5ccbe2d5f0a85b,delivered,2017-05-29 12:08:15,2017-05-29 12:22:45,2017-05-31 11:04:35,2017-06-07 12:16:28,2017-06-23 00:00:00
d9547df3c08b9a1d75ac31317de05c25,03484d8666a3cecf775ab6eeca4576ec,delivered,2017-05-11 02:07:10,2017-05-11 02:22:55,2017-05-12 15:54:38,2017-05-23 19:36:47,2017-05-31 00:00:00
8cbb6ada60ae90f4d6f76d2a7bb5e085,0f28203c5b6a0b0831a64782419024a4,delivered,2018-01-30 21:03:55,2018-01-30 21:15:35,2018-02-02 00:03:09,2018-02-16 00:13:30,2018-02-22 00:00:00
076e78b027f88320defc1d6ab23d6793,924ab9b5c64efe4a4c8bc973300e3a79,delivered,2018-07-08 13:37:07,2018-07-08 13:50:17,2018-07-13 13:38:00,2018-07-21 13:42:49,2018-07-31 00:00:00
889ea351c8a3773acec1c4652d87a9c1,39d3d4b442a8f280d85cf9929e286a5e,delivered,2018-05-13 19:53:11,2018-05-13 20:13:19,2018-05-14 13:01:00,2018-05-17 12:22:02,2018-05-30 00:00:00
0f9482b2e24effff84c7c84001592e55,dcddb6aa499ad3c90ed6fda4ac98fb37,delivered,2017-06-08 16:18:06,2017-06-08 22:31:25,2017-06-09 17:10:22,2017-06-24 10:06:52,2017-07-12 00:00:00
7fd63c1753363cc09b87c6c2176b4d93,95a2102a6a6ce59383f85e2d59d0dddb,delivered,2018-03-28 21:07:53,2018-03-28 21:15:21,2018-03-29 17:46:40,2018-04-09 20:26:55,2018-04-30 00:00:00
f76d2b6e418d8642c27cec2e51dc7e51,ee8de56c6d0aba2b21f0be2cbb4fecbc,delivered,2018-02-06 16:59:43,2018-02-06 17:15:31,2018-02-08 20:43:05,2018-03-14 20:58:55,2018-03-08 00:00:00
b5781a5976dad5a78067d528713ef47e,daa2305279978c8d98ad9b317c9a9965,delivered,2017-10-21 15:40:00,2017-10-21 15:49:35,2017-10-23 20:04:06,2017-10-31 20:22:04,2017-11-17 00:00:00
2648fe7249648d37eb43410849940f20,3a91c3b48757d501062011f3d5508576,delivered,2018-04-28 09:10:02,2018-04-28 09:35:09,2018-05-07 06:33:00,2018-05-22 12:58:34,2018-05-30 00:00:00
fa82d85bb112828230b13452cbd18595,2ee4ab7bce291f4adeec13705aaccb78,delivered,2017-10-26 18:44:28,2017-10-26 18:55:06,2017-10-27 20:18:35,2017-10-31 16:48:01,2017-11-08 00:00:00
8c81595257edb72a9b20d995eaae0319,a746774b7095aff23fd5bbdcd85c29d5,delivered,2017-05-28 11:49:27,2017-05-28 12:02:42,2017-05-29 07:39:56,2017-06-13 14:43:56,2017-06-23 00:00:00
e5c543adb388da035a48a7b7fd057f5a,571f6f28fb074b6b25fe0b1f0cec0f74,delivered,2018-08-19 18:33:26,2018-08-20 12:50:18,2018-08-21 14:12:00,2018-08-28 19:42:22,2018-09-04 00:00:00
74b18216da6ff5d0c63f6ed96d63125a,e4aea95358ec5c29077375c4ba98a975,delivered,2018-02-27 16:26:05,2018-03-01 02:50:43,2018-03-01 21:36:57,2018-03-21 12:23:30,2018-03-22 00:00:00
17eac0100357cfc8fb5d6433a847c8ea,ea455755b0f319b23f1dbcee40c33b70,delivered,2018-04-05 03:18:23,2018-04-05 03:30:12,2018-04-05 17:47:56,2018-04-12 16:56:35,2018-04-30 00:00:00
38b85b28d1af68ede15c12548165fb76,55749e3dc08c59d2328867f072b0801e,delivered,2018-06-16 15:14:02,2018-06-19 03:36:47,2018-06-19 10:45:00,2018-07-03 00:46:41,2018-07-17 00:00:00
876ac30251a0518e1fd87b6ec049df00,e77a1ae75eaa0ac5847dbc701aaa9f6d,unavailable,2017-07-27 12:37:27,2017-07-27 12:50:16,,,2017-08-23 00:00:00
147358ddf9e49b36b1e82b648678d1f8,a9dcb8164722250daded5f3dbd25891f,delivered,2018-06-25 21:29:34,2018-06-25 21:53:17,2018-06-26 13:20:00,2018-06-28 15:10:57,2018-08-01 00:00:00
a96cbf770c38f70192fa361dba05fe32,c31d16b70312fe66efe4c36af432f1c1,delivered,2018-05-09 10:54:32,2018-05-09 11:11:47,2018-05-10 11:27:00,2018-05-23 19:41:29,2018-06-05 00:00:00
964c6b3ee27c9fc1f196358f7065e774,865797c9ea7b60434851c0480a3245de,delivered,2017-05-11 13:35:03,2017-05-12 13:42:53,2017-05-15 13:24:19,2017-05-23 13:13:44,2017-06-02 00:00:00
cae5561bbfbf3f71fd6a01bc0527fa78,c878ee266c15654f3e1dc4424520fc24,delivered,2017-09-22 19:58:59,2017-09-22 20:10:15,2017-09-25 15:52:38,2017-09-29 20:47:45,2017-10-09 00:00:00
3e43f42c0a7ba91dfa09d2bfa1969c2f,b731b75ff482408e50e6ccef05579637,delivered,2017-11-01 18:09:56,2017-11-01 18:31:00,2017-11-06 20:09:19,2017-11-13 21:04:12,2017-11-22 00:00:00
88d027f03744cd2419cc5f1a64a9b7d6,a9ea7e7eb22365e3e98eb723f0662066,delivered,2018-05-08 08:10:26,2018-05-08 08:29:54,2018-05-10 18:29:00,2018-05-16 21:42:40,2018-05-25 00:00:00
cc1ddc7d7f30076a8cf87d86eecd6606,f1c13ca7dd66cb7def52fad853075af3,delivered,2018-03-09 21:08:50,2018-03-09 21:31:51,2018-03-14 01:09:54,2018-04-10 16:05:45,2018-04-04 00:00:00
9d213668c4ebe6456b23732ecb5e3dd0,7c0d9a569d93f7c312e5267d26ede2ab,delivered,2018-05-12 18:20:32,2018-05-12 18:36:12,2018-05-16 15:01:00,2018-05-18 01:17:26,2018-05-24 00:00:00
b8188e1985fbf9e2b94e3a0b64d58074,8da05b4f4446f3369da2122d0b381c3b,delivered,2018-03-29 14:21:49,2018-03-29 14:34:21,2018-04-04 21:42:18,2018-04-05 13:41:27,2018-04-18 00:00:00
3b28fc69f78de028ac7f69ee6b56b39f,983a13f79678f3fbcca8e7756afd73cc,delivered,2018-06-01 12:05:49,2018-06-02 03:31:47,2018-06-04 14:29:00,2018-06-08 16:36:36,2018-07-04 00:00:00
b97a140f6a4f36f110893d4b90929c0e,ad3011507c90255bf37450cb9fcfadd9,delivered,2018-03-21 08:49:14,2018-03-21 08:56:06,2018-03-23 00:18:42,2018-03-27 21:08:03,2018-04-09 00:00:00
c5c9feca4af167e1f31c50e7732c24d1,0d75ef58179150916ba5ad00a97c6e91,delivered,2018-05-08 13:46:14,2018-05-08 14:15:30,2018-05-11 08:17:00,2018-05-16 13:07:41,2018-05-30 00:00:00
f73141ba0f038a2d7c632da81b6b202c,6a3669723412b7c588ccecdd1b6a42da,delivered,2017-10-10 08:21:23,2017-10-10 08:35:25,2017-10-11 17:43:10,2017-10-18 23:32:39,2017-10-27 00:00:00
3cee2cdd98c20d7092569ca549afa958,62ba5f57460e0a4a9550be3aef89cb34,shipped,2017-11-05 12:18:41,2017-11-05 12:46:06,2017-11-07 18:53:15,,2017-12-05 00:00:00
25dbc50976d47cd055b0317ac694c574,f8f20eeb0195d8943f36a69f94c09268,delivered,2018-01-05 12:49:48,2018-01-05 13:32:10,2018-01-08 11:48:12,2018-01-19 17:42:56,2018-02-08 00:00:00
b4e33e55022ad7df2aceed384e698dd5,993c732e660cdc194c3438f796e8cde4,delivered,2018-02-11 19:01:35,2018-02-15 03:55:54,2018-02-15 19:06:49,2018-02-19 20:37:19,2018-02-26 00:00:00
12e3ed1a5c67c52f23eee00fd8c43129,0fc3b282ee61e08518c98a8551cab6b2,delivered,2018-01-05 22:57:36,2018-01-05 23:07:36,2018-01-08 21:53:17,2018-01-11 21:42:15,2018-01-30 00:00:00
d8ca37d221e2fa2bfe2393c1eb2fc26f,dbe6581d31c6404b8b3c07dbf954108e,delivered,2017-06-09 10:43:31,2017-06-09 10:55:21,2017-06-13 12:26:58,2017-06-21 15:41:49,2017-07-17 00:00:00
fff8287bbae429a99bb7e8c21d151c41,6c1e92a209dbf868706caa831090941e,delivered,2018-03-17 12:11:45,2018-03-17 12:29:22,2018-03-21 19:22:25,2018-04-07 10:07:48,2018-04-19 00:00:00
a6ff9f38d02f65f7ad74bfc2dd1813cf,6e2a35662f0ad6eb33998f94a69e8a24,delivered,2018-05-28 00:30:36,2018-05-28 00:56:15,2018-05-29 09:51:00,2018-06-07 21:58:41,2018-06-28 00:00:00
52bf28ebedb0f11a3ba0efec670acd4e,cbfae93b97f390b17f150908bb37a570,delivered,2018-03-29 17:05:37,2018-03-29 17:30:57,2018-04-02 21:56:26,2018-04-19 23:40:37,2018-04-19 00:00:00
ce536b5da70fdfb483a7de09c5a3e189,e4cb46ffe9e1dfda487f7fce939f7c7b,delivered,2018-03-26 08:15:19,2018-03-26 08:27:34,2018-03-27 19:34:37,2018-04-05 00:16:28,2018-04-06 00:00:00
83177602aad708cea549501386b021c6,329e57e436b3d2e6629801cf5724368f,delivered,2018-01-22 21:17:58,2018-01-24 11:12:35,2018-01-26 17:52:42,2018-01-29 12:58:46,2018-02-06 00:00:00
1a2b31addf5b14004c2064dfc912ed79,4961acfc1ea52d49584a08d6c3b3884e,delivered,2017-10-12 14:55:11,2017-10-12 15:09:35,2017-10-18 16:23:26,2017-10-31 12:34:04,2017-11-06 00:00:00
759daf685e390bf00ca48c53b132205b,6c6c996c95c2d86bbd4df7ac156716a3,delivered,2018-02-20 20:51:30,2018-02-20 21:08:02,2018-02-22 00:28:31,2018-02-23 19:37:08,2018-03-06 00:00:00
93801c56104b64db4270541adeb26697,7fd76f149355246789c4a0dd1a2712a0,delivered,2017-03-26 11:26:45,2017-03-26 11:42:17,2017-03-27 08:24:40,2017-04-05 16:05:54,2017-05-02 00:00:00
1bac6ce688aa1bcae651dfcfecfe7aef,81b4ba946ec6aedee06c4cbcdced1842,delivered,2017-09-30 22:14:29,2017-09-30 22:28:10,2017-10-04 16:08:23,2017-10-09 17:08:13,2017-10-27 00:00:00
4fe684f6261471c275d37f5b56bd60d5,3c9b4585731cc6bb949be5169f57956c,delivered,2018-02-05 23:14:29,2018-02-05 23:29:33,2018-02-09 17:14:33,2018-02-15 16:28:45,2018-03-05 00:00:00
2533ad1fecbc15eab2fab48ddc699954,b371ddfaecd1d84938c3f6d65f420aca,delivered,2018-05-15 08:43:44,2018-05-15 08:55:32,2018-05-15 15:56:00,2018-05-19 01:21:31,2018-05-29 00:00:00
2f90dccb2a52cf21e5f2886dbb8e7eda,902dbd012843fe49743fce302a7765fe,delivered,2018-04-26 15:58:08,2018-04-26 17:10:06,2018-04-27 14:08:00,2018-05-04 18:28:54,2018-05-18 00:00:00
c2cf3ca69af4ed31917198c6ba97107e,facdebe2c7dd497ca57b102f97cf8dd3,delivered,2018-05-22 12:06:14,2018-05-23 02:38:45,2018-06-05 12:47:00,2018-06-09 14:08:35,2018-06-12 00:00:00
e1898701036fd8cad076b8ed42caf78c,7ddce17509d4f0e783a50a8d92ff1cb6,delivered,2018-01-02 14:43:05,2018-01-02 14:52:26,2018-01-03 22:37:40,2018-01-17 20:42:56,2018-01-26 00:00:00
f63534bddbd95cda0a1f281a1994a1ef,57abf224cb31e916d2e8f86fca92e631,delivered,2017-03-14 02:01:32,2017-03-14 02:01:32,2017-03-15 14:26:18,2017-03-20 14:22:00,2017-04-17 00:00:00
dcad23c1f8ff76266e355d173380b1eb,9a7d2f02363a5baffe17935aac9a56e8,delivered,2018-06-17 16:09:17,2018-06-19 04:16:47,2018-06-21 07:14:00,2018-06-26 15:20:52,2018-07-19 00:00:00
38da3029219c1f40f3eaaae897430c3f,02565e515373d4e26cf406ab3fa5ed0b,delivered,2017-09-05 07:54:09,2017-09-06 03:03:58,2017-09-13 17:13:04,2017-09-19 20:33:06,2017-09-27 00:00:00
fa96c5866627abf8d7c8e2e371eb2504,00b6731ea206414be73f8c73bec1951e,delivered,2017-12-12 22:27:23,2017-12-12 22:36:30,2017-12-14 22:19:42,2017-12-28 16:47:25,2018-01-10 00:00:00
107dd1a330a238450ede59d055f43fbb,040cc0201a8b98d2c1ed270d6b52d561,delivered,2018-03-19 08:48:09,2018-03-19 09:08:57,2018-03-21 20:16:29,2018-04-17 17:31:50,2018-05-07 00:00:00
b4cac287aa00c47e84e6e899d809a9e2,071ea3439c8c9148700ba643a50d0875,delivered,2018-08-01 21:38:35,2018-08-01 21:50:17,2018-08-02 17:00:00,2018-08-07 15:48:40,2018-08-13 00:00:00
46eb75885eca03736c4188871c0a9ba3,5371cc1698f54400f167d8fc79d6ad93,canceled,2018-01-29 22:54:58,2018-01-29 23:11:24,2018-01-31 22:28:35,,2018-02-23 00:00:00
ba0c09b77bd8f01147e2e0cd34bc30a9,6215243a6d2386dc223d34b3ae22b468,delivered,2017-07-12 11:48:27,2017-07-13 11:55:13,2017-07-17 13:12:57,2017-07-20 19:19:42,2017-08-01 00:00:00
b740e269153085cde628edc64b3ef029,8df4a236a4d1d6ccf5f838cd45a3e3c4,delivered,2018-01-09 15:59:12,2018-01-09 16:10:25,2018-01-10 16:39:56,2018-01-20 00:24:34,2018-02-15 00:00:00
a187f41f4cc3a98eaf1e82f8b79c6fb2,6cee76d1e3c3c310a01384d453f50e3f,delivered,2018-07-24 11:14:25,2018-07-24 12:04:31,2018-07-25 11:29:00,2018-07-26 16:22:50,2018-08-02 00:00:00
c0980db7048da7ab8724b3d733cdc449,142d1f89c2905c77a85df38fb3a0ae7a,delivered,2017-06-23 20:41:45,2017-06-24 02:35:17,2017-06-26 12:51:58,2017-07-10 18:52:53,2017-07-19 00:00:00
f6dc27f458238a8916cdac32d9275d66,6c33ccb5da77dfb0538222fafb1d84f2,delivered,2018-03-28 22:21:11,2018-03-29 07:50:17,2018-03-29 19:58:45,2018-04-06 23:11:13,2018-04-16 00:00:00
067bc1024a45f0e3cf23b724757e55e2,6d13dcf9140e8203f98049ac8c1989d5,delivered,2017-05-19 01:33:50,2017-05-19 01:45:06,2017-05-19 11:15:42,2017-05-24 17:03:18,2017-06-14 00:00:00
b69321fb7d3000994c5a2b55c4f3cb01,40260703a69455806051f4b6609ed08b,delivered,2017-12-03 20:14:21,2017-12-03 20:24:40,2017-12-06 13:53:06,2017-12-14 20:22:50,2017-12-27 00:00:00
2a8dda5bf0b2fc7f28cc417b83441629,d0b07a67af7987fb658cba045ac56923,delivered,2018-02-09 13:48:28,2018-02-09 14:15:40,2018-02-09 22:52:25,2018-02-23 20:45:02,2018-03-29 00:00:00
0e95a07f6a6a936f84a55c8ff5449185,740756dfbcede6ed5f39ac81df16f46f,delivered,2017-08-22 19:49:08,2017-08-22 20:06:25,2017-08-23 21:05:07,2017-09-04 19:51:40,2017-09-14 00:00:00
b9f3d81dec070aef9c5771e70dc92db3,d2fe8998471080908e07c6779af016c9,delivered,2017-12-04 17:54:28,2017-12-04 18:41:16,2017-12-05 23:36:58,2018-01-13 18:42:52,2018-01-02 00:00:00
ca978d2459ea2c5ef6d5fde02be26b9c,f255d679c7c86c24ef4861320d5b7675,delivered,2018-03-06 09:16:56,2018-03-06 09:29:07,2018-03-06 18:51:58,2018-03-07 20:58:53,2018-03-19 00:00:00
8194f59689e6129d3bd13dce90d86c2b,dedde08e78927404d71a4ed03ffc5189,delivered,2018-01-18 15:29:09,2018-01-26 17:03:36,2018-01-30 00:43:11,2018-02-14 21:30:02,2018-02-15 00:00:00
7aad54859be57990ed094ca49a651d11,456fef68d0a3c0307559d8c5611b32f5,delivered,2018-04-21 00:42:04,2018-04-24 19:07:10,2018-04-25 16:07:00,2018-05-07 23:36:56,2018-05-18 00:00:00
7c91c3456c73201bef537307835f6ac4,9bba6755656e080e145067f9f9cbcb61,delivered,2017-10-21 07:28:25,2017-10-21 07:45:15,2017-10-23 19:13:39,2017-10-25 18:48:33,2017-11-03 00:00:00
ec26c1491fdcbe838088423209459e36,78eaf64bbec5be698446f147a94ff08c,delivered,2018-02-11 09:47:36,2018-02-11 10:08:52,2018-02-16 21:42:27,2018-02-26 18:18:56,2018-02-26 00:00:00
2f63fa144638f7ade6cb643585538161,4fd530fb0a2670c2016db3210471fc7d,delivered,2018-07-23 09:53:53,2018-07-23 13:04:18,2018-07-23 16:20:00,2018-07-26 20:04:46,2018-08-14 00:00:00
99b1cf2d12de43d084557a08d0c448e4,06958f45f5a2881a4e60eb8f7283b2be,delivered,2017-11-30 18:46:44,2017-12-02 02:51:20,2017-12-06 19:53:46,2017-12-18 20:18:45,2017-12-26 00:00:00
976eb687b0b3abd85328670ccd88e06b,f3de2a6514c45418b02ad1365c36d0bd,delivered,2017-09-18 14:02:23,2017-09-18 15:55:28,2017-09-19 13:23:59,2017-09-25 18:34:40,2017-10-06 00:00:00
4a8a7a258a9aea5f2d644c863f0c1450,3ef9db9d27ff41f65a8d8cc8aea159c6,delivered,2017-03-30 08:35:41,2017-03-30 08:45:16,2017-03-31 19:27:42,2017-04-12 14:12:31,2017-05-02 00:00:00
08e617c0a81895c4d5f6ab1e4a20fad0,a2ca0ba8cb6271f95f286421b60681aa,delivered,2017-01-27 14:01:20,2017-01-28 03:31:21,2017-01-30 15:45:48,2017-02-02 12:07:30,2017-03-03 00:00:00
84ef655de633562e82760bbd2b1a1b63,173c51aa6426097b70349ba4628425f0,delivered,2018-06-28 14:51:39,2018-06-28 15:11:45,2018-07-04 14:12:00,2018-07-10 17:46:49,2018-07-25 00:00:00
c39f9e3a2a8caa1837ce092c7184e2cd,40a8f1446ae460cac9c08a0e7d9f303b,delivered,2018-04-12 14:12:39,2018-04-13 02:32:16,2018-04-13 17:15:26,2018-04-26 13:32:24,2018-05-09 00:00:00
d43f8d7052d9022a8fe3a804942298ce,4cbcd242205e450b7d8756ca7aa31ad4,delivered,2017-08-17 09:11:33,2017-08-17 09:25:22,2017-08-24 13:22:52,2017-09-04 21:46:00,2017-09-19 00:00:00
2b509531faa45e6f3dbaa09e3f3eb839,3830cb83469e25f0bce76b907d9b61c2,delivered,2018-06-07 09:06:07,2018-06-07 09:34:25,2018-06-07 13:27:00,2018-06-15 01:54:30,2018-07-16 00:00:00
f458316312c3e16919d3eb5f56c95930,7225c68afeaf2d5b575bd6d1aac6ba0c,delivered,2018-05-18 15:23:48,2018-05-18 15:37:41,2018-05-21 14:11:00,2018-06-07 21:38:35,2018-06-19 00:00:00
f238657140944de62a948d0c66b25f73,de63930c24dd5bdc880126cf472b2e47,delivered,2017-07-19 16:59:55,2017-07-19 17:10:15,2017-07-20 16:16:57,2017-07-27 22:17:58,2017-08-17 00:00:00
d908e170d2b2f6e8a4ebe7dc3bcba4c4,fbdfc05b52cec908b4931110f66c0184,delivered,2017-08-02 16:56:47,2017-08-02 17:10:22,2017-08-03 19:17:29,2017-08-09 19:46:39,2017-08-15 00:00:00
aee0d5464f3b889a06716a820b1a60e3,b3ade267c69f240d19dfa6a302d0803a,delivered,2018-08-12 20:14:22,2018-08-12 20:25:11,2018-08-13 13:25:00,2018-08-18 13:54:51,2018-09-13 00:00:00
6aa3386e7cd429b12ab0c288acf52e41,e80fcc7903fb212f8f326277a3adc529,delivered,2018-08-18 21:46:18,2018-08-18 23:31:33,2018-08-20 10:25:00,2018-08-22 12:56:37,2018-08-23 00:00:00
9b969dc1831f8b2f90581c70b2a98820,a1f538df7a149071cca015c5b61b2c5c,delivered,2017-11-27 13:29:08,2017-11-27 13:39:32,2017-11-29 00:38:36,2017-12-06 20:51:56,2017-12-19 00:00:00
711394bfbb9d7d943d8de2ddc5f59f23,18521130f0f00afe12cbc9011405af3f,delivered,2018-07-02 17:11:15,2018-07-02 17:30:17,2018-07-04 14:39:00,2018-07-07 15:51:27,2018-07-27 00:00:00
928186dcfbb7994142aaebad08b3bd90,ad320ddb59cbeef8b4d647bcb770c33f,delivered,2017-05-18 11:23:26,2017-05-18 11:35:11,2017-05-19 09:13:37,2017-05-24 15:57:59,2017-06-07 00:00:00
ae2756437d2b0a5f0c9702d7ea130e41,9f3a6a3bc8190b848832ad6916ccedf1,delivered,2018-02-09 21:51:44,2018-02-15 04:07:27,2018-02-15 23:29:11,2018-02-27 19:32:54,2018-03-08 00:00:00
9828f937ea8a8105f999b119b9d677de,ca75ea356f366d4d44b7607dc119f0c9,delivered,2018-08-03 10:49:03,2018-08-04 10:45:18,2018-08-06 14:11:00,2018-08-08 23:08:32,2018-08-14 00:00:00
d3f9832594bb9037370cdf8bdcd052cd,1d63533f078557f7ef9ebece8482cc21,delivered,2017-12-15 18:05:43,2017-12-15 18:17:18,2017-12-20 17:39:00,2018-01-08 19:19:27,2018-02-14 00:00:00
f1663bd29a998b1fa47ee2b0e681bb39,b429e53162be13ff540986e8b19a10e9,delivered,2018-03-31 20:05:18,2018-03-31 20:47:32,2018-04-04 01:06:41,2018-04-12 19:58:28,2018-04-18 00:00:00
a1fb0092d4374d4f3a232d9fff762b14,67d488055120635ad1e8f3913bc980a0,delivered,2018-03-20 10:49:06,2018-03-20 11:08:07,2018-03-22 20:52:01,2018-03-27 01:26:26,2018-04-09 00:00:00
4513c6dc83f860eaafd23be741673689,70fc204d6c0b0a00911ba3813eac28ee,delivered,2018-01-30 12:19:51,2018-01-30 12:35:22,2018-02-05 10:42:35,2018-03-05 16:58:52,2018-02-21 00:00:00
55af89bd3634844abc96b00c4caa76a5,43e2c04ed657fada56adb13d4318760a,delivered,2018-07-29 13:48:04,2018-07-30 09:31:10,2018-08-06 16:47:00,2018-08-10 17:56:54,2018-08-24 00:00:00
f98ae2d419ae86aac83c5277721814c2,5f37908cd42604693554fc4d693d8831,delivered,2018-02-25 20:10:26,2018-02-25 20:27:46,2018-02-26 17:19:35,2018-02-28 17:49:16,2018-03-13 00:00:00
f92947b16fe446ea59a6d3de2cd7b819,2353f5b23c907409f668b09d1d2fb9e9,delivered,2018-05-14 23:49:10,2018-05-15 08:35:25,2018-05-15 13:50:00,2018-06-04 22:16:49,2018-06-28 00:00:00
00310b0c75bb13015ec4d82d341865a4,0dad07848c618cc5a4679a1bfe1db8d2,canceled,2018-08-15 14:29:08,2018-08-15 15:04:25,,,2018-08-29 00:00:00
76de453124b28829812bb21711bd725c,2d1f56066f0eda08b5c630ba30faa6ec,delivered,2018-01-06 18:31:23,2018-01-06 18:37:33,2018-01-08 21:33:45,2018-01-16 22:10:10,2018-02-05 00:00:00
cb377b36915d19e7cab97dd57c5055aa,adba4f965e4f017e8b864969ef87cdce,delivered,2017-12-04 21:25:26,2017-12-05 10:30:58,2017-12-05 22:36:49,2017-12-07 19:13:52,2017-12-20 00:00:00
6f21315112f543e3009995c7d0391473,070bca17bc76a393ba985b11b2f9deda,delivered,2018-04-23 12:47:50,2018-04-24 17:37:20,2018-05-02 13:23:00,2018-05-08 14:55:35,2018-05-24 00:00:00
b24ca23650d6ea6cf647d35ee3e754d3,cdb37e9afb983079b34b25f5eb73ab52,delivered,2018-03-02 14:43:48,2018-03-02 15:12:24,2018-03-07 20:58:41,2018-03-18 14:31:58,2018-03-22 00:00:00
2266500ca5b798560c757fd60dd13462,9fc30ee5c1a1788db28ccebe3a0eba1a,delivered,2017-11-30 14:31:03,2017-12-01 11:31:14,2017-12-04 22:09:27,2018-01-03 23:27:38,2017-12-22 00:00:00
60a26e7da163421d81c18e6e23375ead,45da0285d7592b0548455642d83e2166,shipped,2017-07-01 15:25:21,2017-07-02 15:30:12,2017-07-04 15:34:33,,2017-07-27 00:00:00
0c065ce922f289db756e5505cb2d71d7,a099ef58556b050a3aee59af3ad33764,delivered,2018-05-08 19:35:01,2018-05-08 20:54:57,2018-05-11 13:25:00,2018-05-15 19:48:38,2018-06-01 00:00:00
cecb76748848cc8dc67013c58902eae0,d713fd34d0c5b31a9183e06bb38e73f0,delivered,2018-05-02 14:36:01,2018-05-02 17:54:26,2018-05-03 09:34:00,2018-05-09 18:42:27,2018-05-24 00:00:00
4b7a96b5535dc126f27ff16f50cdc7ae,53c1956d88292139dd790ff574adb833,delivered,2018-01-22 12:14:21,2018-01-22 14:53:40,2018-01-26 22:18:57,2018-02-10 20:08:49,2018-02-23 00:00:00
19d4c970e6cc7d33e2669b256238e307,e4a9dbf01cbf4d9ad855747b7b32e2da,delivered,2017-10-30 00:38:27,2017-11-01 03:30:17,2017-11-01 19:52:09,2017-11-08 20:33:04,2017-11-27 00:00:00
aa906fa25e77d1ba6d307e13b461ac48,401575e6ab34a1d57b073d7ec96d6dc3,delivered,2017-11-10 12:15:50,2017-11-11 03:10:32,2017-11-14 23:17:05,2017-11-23 19:09:21,2017-12-06 00:00:00
c36e554ee01d62169dcff7d661d80922,f3495edf5a110bcf9a3009dc6d61a3ba,delivered,2018-06-19 09:17:04,2018-06-19 09:36:46,2018-06-22 12:01:00,2018-07-09 21:46:41,2018-07-18 00:00:00
320ecf6854e14e86b022c562c759b713,c9ed1372491fe078c373a4d099778146,delivered,2018-02-03 18:57:58,2018-02-03 20:10:10,2018-02-05 23:52:00,2018-02-07 19:45:04,2018-03-01 00:00:00
e980e6b7eb7563bd75881a2f323e3e78,51334f2b084155eea99d2433a035ae66,delivered,2017-12-20 12:22:08,2017-12-20 12:32:06,2017-12-20 22:04:02,2017-12-22 22:51:47,2018-01-09 00:00:00
26571b3afa2184e8287729d2a84f92f1,eff78d41219eb87ed8724e0670a1acf4,delivered,2018-04-21 17:22:16,2018-04-24 19:18:17,2018-04-25 11:47:00,2018-04-27 00:07:48,2018-05-16 00:00:00
17ade9a25d129b033c406e6d31b31a85,dd7148aec251124d2e36e35ec175b66d,delivered,2017-03-03 08:55:57,2017-03-04 02:24:05,2017-03-14 10:25:43,2017-03-22 04:27:45,2017-03-24 00:00:00
102b81e48c621d25f4c7ccb27af0ffc6,bbb1f572f496bed6a095cdc073c45311,delivered,2018-08-18 16:22:29,2018-08-18 16:35:13,2018-08-20 17:52:00,2018-08-22 17:06:50,2018-08-23 00:00:00
0c51fc08a502b9c73f0476234f991613,1a56ca3ed189c5846bffb53057e0e0ca,delivered,2018-03-08 09:56:08,2018-03-08 10:10:26,2018-03-09 16:58:41,2018-03-20 23:58:22,2018-03-26 00:00:00
576a4c1c23fdba52cef2228ad0232cc6,02aba7ae34101544b479f4487f53fb28,delivered,2017-08-21 22:05:18,2017-08-21 22:25:58,2017-08-24 13:11:58,2017-08-28 17:37:28,2017-09-11 00:00:00
a471834c9ff33eaa1ba3b5aa8d6d0180,2df956ada7e6232337882a9947cc0d93,delivered,2018-08-14 12:36:40,2018-08-14 12:50:29,2018-08-14 15:03:00,2018-08-21 19:08:57,2018-08-27 00:00:00
ddee206e57fa8a88cb37d640dbd73477,4149bdb48e912fba1b82209e8523fe6f,delivered,2017-11-15 13:29:29,2017-11-15 13:35:30,2017-11-17 21:22:53,2017-11-22 17:02:46,2017-11-29 00:00:00
595a99ff17a6ca3ab990cc37da29fd2a,1c62f4cf3548c3400a0ad526c945481e,delivered,2017-05-23 10:13:30,2017-05-23 10:25:23,2017-05-24 09:12:25,2017-05-29 10:44:43,2017-06-14 00:00:00
c33c6f0573546babb3f2ec2f6c1a7825,21db0c3e5bd5078b930999e60c82a63a,delivered,2017-03-29 14:45:25,2017-03-29 15:55:19,2017-04-04 13:25:09,2017-04-10 10:57:38,2017-04-18 00:00:00
63fe9908d3d71e2355d3abbd56af7af4,99ec403e5635446f0677ac2752b2c0c3,delivered,2018-02-02 15:48:20,2018-02-02 16:09:02,2018-02-05 21:08:56,2018-02-15 21:51:35,2018-03-05 00:00:00
b237f95fe1b25147f47f26e69b4214fe,3f093776a4d97894c51992db9ffb1257,delivered,2018-05-07 00:32:18,2018-05-08 19:53:08,2018-05-09 11:20:00,2018-05-18 22:31:32,2018-06-14 00:00:00
206a9f788eabd24e87d7475ce4382a9d,29e75c5bc4d598db86b874311d317d69,delivered,2017-07-14 17:32:19,2017-07-15 17:43:37,2017-07-20 17:42:22,2017-08-03 20:07:32,2017-08-07 00:00:00
05c491d6be497dcfa89fdb1f9eb41004,0e3b2ecc8d50d0c212672aa10520e74c,delivered,2017-11-21 15:12:42,2017-11-21 15:26:55,2017-11-22 17:58:42,2017-11-28 16:58:46,2017-12-08 00:00:00
8b7d4b3e8eca5cae93f948e0d7b67406,76d4a3d0005fc2a1c3d995a062bfc72d,delivered,2018-01-25 10:24:24,2018-01-27 02:43:27,2018-01-29 14:04:20,2018-02-05 19:48:59,2018-02-19 00:00:00
3118c0aa61dc4829da442c97ff41d2dd,a9584c57b96de5f09b0bd01550b2f612,delivered,2017-12-28 12:57:08,2017-12-28 13:08:24,2018-01-03 20:46:49,2018-01-08 20:09:49,2018-01-24 00:00:00
8730eb6033096bc99877b2f10d4de04a,ea3acd2d48472322455ab1b6ed05f253,delivered,2017-11-29 15:51:14,2017-11-29 17:11:45,2017-12-01 19:38:32,2017-12-11 20:33:15,2017-12-14 00:00:00
cfeadbadadd7a16f2f95fc7a556f16fe,96fd44add323bdcc82ebbd23b4752ac0,delivered,2017-05-23 21:10:31,2017-05-23 21:23:12,2017-05-29 13:49:58,2017-06-01 13:22:21,2017-06-27 00:00:00
ecbfdf489fbd7cfdb3598186d8891670,499c4320641fd7bad9530372ad01098b,delivered,2018-01-13 16:37:39,2018-01-13 16:49:41,2018-01-15 17:53:02,2018-01-23 19:41:21,2018-02-08 00:00:00
a78d782caeeeed8f53cf19d524504e00,e7104d922b9a5e57bda9f1bb619d9013,delivered,2017-11-22 23:59:40,2017-11-23 00:12:42,2017-11-24 22:13:10,2017-12-01 20:18:02,2017-12-22 00:00:00
d42ee092dd327bf569aa4406ceb2ec61,38b0f50e9a57a11d7a4af9a6fe006ea9,delivered,2017-09-17 18:19:41,2017-09-17 18:30:13,2017-09-21 15:00:14,2017-09-25 22:07:34,2017-10-06 00:00:00
08b3dc9205759c9df94d231f6257b344,347c6e5b1c1661f05ddc3f89ca90cb1c,delivered,2018-02-04 17:11:02,2018-02-04 17:49:15,2018-02-05 23:52:21,2018-02-07 20:04:44,2018-02-21 00:00:00
b11a56abf15c11b6a5c248689c6525af,967400dffafeb6bd681d17b5c57cbc46,delivered,2017-07-10 14:07:43,2017-07-10 14:23:25,2017-07-11 22:38:56,2017-07-12 18:04:05,2017-07-21 00:00:00
2816a544a7b660bddd5694f1f626e57a,251bdb1172c30a65570d897d532b48d4,delivered,2018-03-20 20:47:58,2018-03-20 21:08:31,2018-03-21 19:48:21,2018-03-29 21:37:20,2018-04-10 00:00:00
dcb51dcb7db5cd9a3d44ebf6002bc080,da39612672f966a88588320e7dbacc0d,delivered,2017-08-04 12:51:21,2017-08-05 02:55:30,2017-08-07 13:27:32,2017-08-11 16:42:28,2017-08-24 00:00:00
00010242fe8c5a6d1ba2dd792cb16214,3ce436f183e68e07877b285a838db11a,delivered,2017-09-13 08:59:02,2017-09-13 09:45:35,2017-09-19 18:34:16,2017-09-20 23:43:48,2017-09-29 00:00:00
667ab8124d743a73a082c04d1ad8baf0,045c9c5743635d72e9ce2c5e5dd6771d,delivered,2017-10-24 19:43:56,2017-10-25 02:08:45,2017-10-27 20:28:40,2017-11-07 23:09:01,2017-11-16 00:00:00
8faf0ebac1a886f5df3dc9bd7ed39b58,88dc5c43f74b840f951227bbdbeb1d8a,delivered,2017-07-04 14:32:31,2017-07-04 14:45:22,2017-07-04 15:26:52,2017-07-10 20:12:58,2017-07-26 00:00:00
41ff57991323caba17252cab8f98598d,9e7e855c875c273112820c0eb1c836b6,delivered,2017-02-21 19:06:14,2017-02-21 19:22:34,2017-02-24 08:51:29,2017-03-06 11:41:50,2017-03-22 00:00:00
b262d7f5db1e8a9c23bfb44558c7e4ba,fde680ede5f8b0a4ebaa0fcd7da97f07,delivered,2017-10-17 15:56:27,2017-10-17 16:14:44,2017-10-21 12:27:43,2017-10-28 16:11:35,2017-11-06 00:00:00
3298e7053c95993e6eb284ef3d254b49,62284ba2057b775c15b0abe3c6db005d,delivered,2018-08-20 14:51:27,2018-08-20 16:31:45,2018-08-23 11:04:00,2018-08-30 12:48:38,2018-09-13 00:00:00
0229b2e398fde4545d32b5bb232973ad,4b2ef9e978a3fb2cf7ea6ca5f7792dd9,delivered,2018-03-21 15:11:48,2018-03-21 15:27:53,2018-04-18 18:21:18,2018-05-05 01:49:46,2018-04-26 00:00:00
09ae30c3aa82707a515bda0df370f7d2,01a52718e4ca43d2cc1da7c9209a6325,delivered,2018-04-15 21:34:02,2018-04-15 21:50:03,2018-04-16 23:21:51,2018-05-03 17:05:11,2018-05-09 00:00:00
cd4f9a974c6789b89069a844779294a2,7bc9b7017eab15299f2e16233739e918,delivered,2017-09-09 16:57:13,2017-09-09 17:10:19,2017-09-12 20:44:36,2017-09-18 20:55:39,2017-10-04 00:00:00
38006c12e16c03c74e2eb3113e238e5f,5e39953d1ba9f7f91224484c73f3b0bb,delivered,2018-05-04 20:06:46,2018-05-04 20:15:20,2018-05-07 11:06:00,2018-05-09 21:48:59,2018-05-16 00:00:00
78c2bc594a0e2c77b9319a281f7bb7af,d8b8d43321df5d73fc4b3aa748ca2067,delivered,2018-04-11 11:12:46,2018-04-11 11:30:23,2018-04-13 22:22:33,2018-05-24 13:33:53,2018-05-15 00:00:00
018bb1508d9156b81990407b91fb35a8,ab65db409c590bb188616224a7e76cf7,delivered,2018-08-15 21:27:41,2018-08-15 21:44:05,2018-08-21 15:50:00,2018-08-24 21:44:36,2018-08-30 00:00:00
5c7d0a72d5ce2ffc03f4a86238abcd9d,0dd884f71795de2277b374e5714f7102,delivered,2017-09-06 05:47:55,2017-09-07 06:42:33,2017-09-08 17:51:51,2017-09-15 15:04:00,2017-09-28 00:00:00
936124bcca6eccc3f937c560b4c97d69,ee93c4b6cc8819eef9c8fdd33d3b29ed,delivered,2018-07-12 10:24:05,2018-07-12 10:35:18,2018-07-13 15:06:00,2018-07-20 16:50:31,2018-08-02 00:00:00
dbbb8658d9a27d2be4cefb9a9a5d9e33,1557244dadd25bbf0b7c24aa8c76cc2c,delivered,2018-05-29 21:59:03,2018-05-29 22:32:46,2018-05-30 14:40:00,2018-06-02 13:41:58,2018-06-21 00:00:00
b38c1ea8a0202a0c367fa61b498b1749,36bfbbbe0a074d32bec3c08cb9111384,processing,2017-03-09 19:35:08,2017-03-09 19:35:08,,,2017-04-11 00:00:00
be4ce210f993d9e26a013ae7e93b6893,4e25d8a3eb725a54cb86bebd52968a98,delivered,2017-11-09 19:18:12,2017-11-11 02:55:41,2017-11-16 21:15:46,2017-11-17 20:21:19,2017-11-23 00:00:00
9dfcb922e1243614936a4e9514ce45bc,16b3f5b8bfeb45aee620672091a81995,delivered,2017-06-02 12:26:55,2017-06-03 02:35:31,2017-06-06 05:27:31,2017-06-12 08:05:37,2017-06-27 00:00:00
165a2e916fc69271b37274d45032b3cb,9e404dfec66c0af0cc6898e439b85b9c,delivered,2017-10-09 11:23:41,2017-10-10 03:26:19,2017-10-10 19:58:02,2017-10-17 17:28:01,2017-11-03 00:00:00
5705f0ab5240ded54a1da959e74813c3,dd1334e544ce77604d3da0793d6a6c80,delivered,2017-10-11 21:54:06,2017-10-13 15:56:28,2017-10-19 13:06:25,2017-10-25 23:21:38,2017-11-01 00:00:00
f99df3f2b81c3943921a338bc03994f2,773fec0d5939f1896c867963d0226081,delivered,2018-04-28 10:24:22,2018-04-29 10:34:49,2018-05-15 07:40:00,2018-05-16 13:58:24,2018-05-22 00:00:00
0a53fca4f1040863a7aa5e7b0634ac09,de44ecdecadfbd5d7c4943889af1c915,delivered,2017-10-15 16:30:51,2017-10-15 17:36:18,2017-10-16 14:48:13,2017-10-18 16:41:35,2017-11-01 00:00:00
6cdff0742900c90e18fd4afb296ffb49,611f242bc215745857b56cace74282e7,delivered,2017-09-11 09:34:15,2017-09-11 09:45:19,2017-09-12 19:03:57,2017-09-19 13:52:22,2017-10-02 00:00:00
982bda28a7b217851c89aec9e7ea5c6d,19828778bc743cbc74d195dacf2e28ea,delivered,2017-07-30 01:52:02,2017-07-31 06:45:09,2017-07-31 18:26:55,2017-08-10 19:54:47,2017-08-22 00:00:00
343d0d5dcda28198afc688aaa821762f,de03a1499d92ae668adf7cbe3436ad1d,delivered,2017-11-07 23:35:30,2017-11-08 01:26:21,2017-11-09 18:36:28,2017-11-21 12:17:11,2017-12-07 00:00:00
5128188ca97d5ec2767217149eb8df4f,8f825262875c0dbab7311036e6ade6f1,delivered,2017-11-18 12:45:06,2017-11-22 02:47:27,2017-12-09 00:24:31,2017-12-14 11:47:01,2017-12-11 00:00:00
f8f45ebeb38088c44d98d201371ea345,c3828fcf7c3e8abc8d38eae8992e1842,canceled,2018-02-11 15:59:41,2018-02-11 16:10:29,,,2018-03-09 00:00:00
97967e720610b3e51b1203d91c1a746d,901bacd94634bb0e5bd777922611543a,delivered,2017-08-25 17:35:31,2017-08-25 17:46:19,2017-08-31 13:25:10,2017-09-22 18:08:13,2017-09-27 00:00:00
b4bd3f1c1c19dd899d3a534abb0b8eb0,d7537b3c5b91b42e9ae5db7a5373b50d,invoiced,2017-07-30 03:14:20,2017-07-31 03:23:00,,,2017-08-23 00:00:00
4a5bef9407a9fb11676211fba6b07c1c,03648b0b80b0733591115d811b7420e3,delivered,2018-02-20 18:55:39,2018-02-20 19:05:34,2018-02-22 00:22:06,2018-03-14 23:02:18,2018-03-15 00:00:00
1e0d311945858b3394e3b6860838c9f7,b9c20ab23c96e9531dfd3e7020def950,delivered,2017-04-20 19:08:42,2017-04-20 19:21:54,2017-04-24 10:05:44,2017-05-02 17:44:17,2017-05-26 00:00:00
1dcf0c8cd36ffaf57784fbdc90079310,34955e04695a861e22cfc5600244118d,delivered,2018-04-19 21:16:39,2018-04-19 21:31:03,2018-04-24 17:17:41,2018-05-09 18:39:56,2018-05-22 00:00:00
7f4990a3cadc07c4c72c6a2b5026732b,98beedf49bf1d0116940ae4de3f514aa,delivered,2017-04-26 17:26:18,2017-04-26 17:42:27,2017-04-27 10:22:11,2017-05-11 14:58:08,2017-05-24 00:00:00
c0abd38f3c86c3d4996c94bcf99df796,36f58303deca083523374389d472bfec,delivered,2017-08-29 09:29:34,2017-08-30 09:35:13,2017-08-31 19:37:25,2017-09-06 22:15:40,2017-09-20 00:00:00
f67127a9ba4a450102c1753368fd574e,e157b29fc9776fe9ab6ba2bd3f0cb002,delivered,2017-12-28 23:17:13,2017-12-28 23:27:09,2018-01-02 18:34:45,2018-01-09 21:43:19,2018-01-17 00:00:00
24991dc7bdf90c687d06964b2459932c,071dec660b92cf4f691f1ad4277ea267,delivered,2018-05-18 15:20:00,2018-05-18 15:37:33,2018-05-21 09:16:00,2018-05-22 21:04:04,2018-05-30 00:00:00
ade69ba18f873dc21f043783d60beeb6,c795e55ace97cf16ec76d19128d8af87,delivered,2017-11-28 10:12:32,2017-11-28 10:40:26,2017-12-01 19:49:12,2017-12-14 22:07:17,2017-12-21 00:00:00
983ee8a15c6bc4fab3c4f5503259ed37,abf1a0d261ee8e27ea07f10bf7c9e95d,delivered,2018-02-23 11:55:53,2018-02-23 12:10:35,2018-02-26 19:57:03,2018-04-19 16:44:43,2018-03-29 00:00:00
92a327e7271313540958cf048ff5c2cd,d0c71544b9d999fd56911fbce19fb35b,delivered,2018-06-14 15:23:38,2018-06-14 15:38:52,2018-06-14 15:41:00,2018-06-18 20:48:48,2018-06-29 00:00:00
f037570b9dc59fcdd25a6d3e87135ce4,fc1533d533d97f6b04f4eefcbc1868b5,delivered,2018-05-26 00:34:58,2018-05-26 08:35:17,2018-05-28 14:08:00,2018-06-07 20:12:18,2018-06-28 00:00:00
ff6ab7a209609f6d415e5465e903bbe0,5cca92fc0d4ae1f2d79442783441091f,delivered,2017-10-31 10:49:23,2017-10-31 11:06:19,2017-11-03 12:51:54,2017-11-06 22:09:32,2017-11-08 00:00:00
a4d1329847951b717f1049a774984fce,0bba96d74b097f702d796d016ea4891b,delivered,2017-12-04 09:17:35,2017-12-05 10:30:50,2017-12-06 21:39:04,2017-12-15 17:46:07,2017-12-27 00:00:00
10a94cfc443be920ad332f21f5285d0a,8c0ed8ab496f6c6c4dbba03d73a43557,delivered,2018-01-02 15:21:34,2018-01-02 16:31:41,2018-01-08 23:28:00,2018-01-20 17:47:05,2018-02-05 00:00:00
0ec1e92bb5190cb24b2b414151894032,fa9b3cd2e99e5241efe68dea5b19f1b0,delivered,2018-06-12 14:35:06,2018-06-12 15:05:45,2018-06-13 14:36:00,2018-06-21 20:18:44,2018-07-12 00:00:00
c1c86ba217bd2363ca1f95f2f6d19abf,0ef0ce71f70fa4dfeffca02866a9f0e6,delivered,2018-04-17 14:32:21,2018-04-17 14:52:42,2018-04-18 19:57:36,2018-04-19 20:10:38,2018-05-04 00:00:00
709926b31b6288e322d926e2b93459b6,23ac779aa02fd8ec91b381549a60c4ca,delivered,2017-08-25 17:46:31,2017-08-25 18:08:17,2017-08-28 19:12:30,2017-09-04 16:28:48,2017-09-19 00:00:00
96b0bbaa7c919540b78e7c4f1223cd0d,92305c11a1f68c003ad4ae6dd611c026,delivered,2017-09-24 06:37:27,2017-09-24 07:46:21,2017-09-25 17:57:49,2017-10-06 20:42:28,2017-11-03 00:00:00
010e7dda85fff564e8b7076ae3928efb,76c6370ab8b030109448c39db2b9e08c,delivered,2017-11-27 14:26:40,2017-11-29 14:33:42,2017-12-04 23:18:52,2017-12-12 21:49:55,2017-12-18 00:00:00
483ff5a41552b4071ff9d8bef07c6ee7,d4420d4e2444c03abf4a6e64563feea1,delivered,2018-02-16 13:57:31,2018-02-16 14:06:49,2018-02-23 22:52:14,2018-03-05 20:08:10,2018-03-19 00:00:00
ba5708c791f09d3ca5c69708140f58f5,5bbf9589dde0cc04af86400ba06328d6,delivered,2018-05-09 16:16:30,2018-05-09 16:30:30,2018-05-11 13:44:00,2018-05-17 23:58:27,2018-06-05 00:00:00
6243a6ba7e6150edfa7227f96c72de74,365b0f8d41438069e3d02ca7cb0e1f35,delivered,2018-05-14 23:12:56,2018-05-17 08:36:23,2018-05-17 11:48:00,2018-06-02 16:52:30,2018-06-01 00:00:00
970aa8797f1c8f254fb4e76d3d9ba9a7,bb90fe63b16b6fcd28b01ddc2ad66777,delivered,2018-05-04 17:49:52,2018-05-04 18:15:55,2018-05-07 14:12:00,2018-05-14 22:37:36,2018-05-30 00:00:00
6390d8596b48fe36ecbd508af3770dec,5f302af18bb0da175bc7b0eff5307451,delivered,2017-11-24 12:58:54,2017-11-24 15:13:32,2017-11-27 21:48:39,2017-12-05 00:32:49,2017-12-28 00:00:00
f4eac8362e4d9737df507555b8894b68,e6f80de619482c71a9a08d37b87ffe54,delivered,2018-03-01 21:22:45,2018-03-01 21:35:39,2018-03-02 21:37:39,2018-03-20 00:52:01,2018-03-29 00:00:00
aa2ae4efd578f1c304128a899e4d1a17,3cb66f1169b5dd1fc680f9a951641612,delivered,2017-06-08 22:46:23,2017-06-08 22:55:08,2017-06-14 08:05:16,2017-06-22 08:34:03,2017-07-04 00:00:00
6e913f64d31f551cbbc72e703744e52f,1fbc6ac732dc145df4be72bd4d75ca04,delivered,2018-05-06 14:24:39,2018-05-06 14:35:10,2018-05-11 12:25:00,2018-05-21 13:08:33,2018-05-18 00:00:00
cc852cf36cf64a124456f5f10b2142ae,986be13e0019c9cafc514e4773ffbec0,delivered,2018-01-11 15:17:23,2018-01-11 15:28:32,2018-01-16 20:52:33,2018-01-17 16:29:13,2018-01-26 00:00:00
ca93131de2c3fc58df457b40df4aff78,deab342c08035ecf5e8f2f8ee5d3b961,delivered,2017-11-24 19:28:28,2017-11-30 15:14:23,2017-12-01 19:12:59,2017-12-18 16:19:25,2017-12-14 00:00:00
bf9d1c19aaa57a10e2c963fa10f75b47,9c42f2aac913d97745a24f4dd00bf2f5,delivered,2018-04-06 06:59:43,2018-04-06 07:10:12,2018-04-10 00:26:33,2018-05-07 20:12:18,2018-05-09 00:00:00
dd65ebf209e7f649ebd0db15a8f61b24,014945a1b791b4b3585bc9d2e8a85d82,delivered,2017-07-04 21:39:30,2017-07-06 03:15:36,2017-07-06 14:42:30,2017-07-11 13:03:46,2017-07-24 00:00:00
6cfff87e38aec01ac371bafe086e3f56,74b865cc72a895105db6ca881627a6d2,delivered,2018-06-06 15:23:34,2018-06-07 07:55:13,2018-06-07 12:05:00,2018-06-18 13:22:30,2018-07-19 00:00:00
81e5f25cdc0610fbdf2d8fd215b45e0a,e3bef767f6dc94074d9f029511f65dac,delivered,2017-07-27 12:07:53,2017-07-27 12:22:47,2017-07-28 18:59:34,2017-08-08 18:34:05,2017-08-24 00:00:00
eb1d0d94d6bc790ec20faa649d68f58e,1d528c027a4a347f6514ece9affa4cc3,delivered,2017-08-05 18:13:21,2017-08-08 03:55:47,2017-08-14 15:46:52,2017-08-17 17:05:57,2017-08-25 00:00:00
cad39f1647e3828163e49718ea495994,49e714a43f8bd467468c982da1b1873b,delivered,2017-10-29 16:24:24,2017-10-29 16:35:19,2017-10-30 21:23:35,2017-11-10 22:31:45,2017-11-27 00:00:00
d59f1caeb15c7889dc992ee9b7ef9393,176ea1243df9a989902c264081d7384c,delivered,2018-03-02 17:08:30,2018-03-06 03:49:13,2018-03-07 00:21:45,2018-03-07 18:29:04,2018-03-14 00:00:00
0f6b7fd8b1ca2b342b4629b5c8a4435b,0a0b289b31e52a51a3368b171806a8fa,delivered,2018-05-28 18:16:19,2018-05-28 18:36:12,2018-05-30 13:54:00,2018-06-14 00:19:36,2018-07-16 00:00:00
72ec38baa39449f9ab884a84c5c8f4ef,c29938a93f8ece506055a0d148460e3b,delivered,2017-09-27 16:03:02,2017-09-29 02:14:40,2017-10-04 13:45:32,2017-11-10 19:03:45,2017-10-24 00:00:00
74679da034802e519a33e412d6b3fba2,4dd4747ac9bb7986b4a80082e193969e,delivered,2017-11-08 13:10:52,2017-11-09 13:07:53,2017-11-11 00:18:21,2017-11-20 21:28:43,2017-11-30 00:00:00
e1567351759b0e1ba43830da0349dd1d,2e6917b2bc0ad0cbff4525e986bf2ed9,delivered,2017-05-26 13:28:20,2017-05-26 13:42:05,2017-05-29 12:23:49,2017-06-01 13:42:27,2017-06-20 00:00:00
59695116e3986b9eb1eb35d5d74e728b,aa2a149c3d5e95e6fac7d1cc6bd8fd27,delivered,2017-02-06 14:49:45,2017-02-06 15:02:35,2017-02-07 11:23:03,2017-02-16 13:29:06,2017-03-09 00:00:00
a8820cdff4c7f3a17ccac2b31c42340e,f0cce30b54f541b14dea8ad47f63282a,delivered,2017-07-26 13:18:07,2017-07-27 12:15:16,2017-07-27 17:49:48,2017-07-28 15:14:24,2017-08-08 00:00:00
869a11332dfbdd33131c16f1ef2d75bf,45239e2efb1a649a70e3a709cab96bc3,delivered,2018-06-18 21:47:32,2018-06-18 21:58:18,2018-06-19 11:47:00,2018-06-20 18:12:26,2018-06-28 00:00:00
8f09ac6e9b4016ac9b69b4b6559d8ecb,76acf234b7ac154f7e0033ac6b88808c,delivered,2018-03-10 08:28:02,2018-03-10 08:50:31,2018-03-12 21:07:17,2018-04-13 21:56:58,2018-04-05 00:00:00
173e03e3afede01446cd36851e3173dc,351ba257ff8f46b84420f830e5bcedd0,delivered,2018-06-01 12:00:08,2018-06-02 03:31:48,2018-06-04 17:55:00,2018-06-06 15:23:02,2018-06-26 00:00:00
9fff263519b16922d71e07a6706a0ef8,fda0335b2cc8ceacf98e89f40daaa7cc,delivered,2017-02-25 10:09:02,2017-03-03 02:30:29,2017-03-03 15:53:34,2017-03-14 10:46:02,2017-04-03 00:00:00
1c47e7875c7c3bd3399467e179c5c3bf,920262e9d102e1706e797902ac8e9d4b,delivered,2017-01-27 01:24:22,2017-01-28 03:31:13,2017-01-30 11:45:17,2017-02-08 10:45:40,2017-02-23 00:00:00
a3d715c13af177125a462b543a9a97f4,74bee0619fc86a63d3b020f457efb338,delivered,2017-10-14 14:08:47,2017-10-14 14:26:00,2017-10-16 22:13:00,2017-10-19 23:06:37,2017-11-01 00:00:00
aa6f6f661c3e88e007c6cb03ca1e55e3,83b49b4dd32370d23bb5813628dddeb4,delivered,2017-10-05 13:49:38,2017-10-05 14:07:14,2017-10-05 19:44:33,2017-10-09 20:12:51,2017-11-08 00:00:00
9823427fadb4fca57cb5e1d4d2b07a8b,a5cf58a2f2deb1b4fe6d8496835ae8fc,delivered,2018-01-26 12:44:07,2018-01-27 02:41:23,2018-01-29 19:33:51,2018-02-15 15:14:20,2018-03-02 00:00:00
6d3f615ed5f5521c748aa7a71308a880,24e087703533b976db3e2d867e2b07af,delivered,2018-03-12 17:15:43,2018-03-12 17:31:41,2018-03-13 19:56:38,2018-03-19 20:58:30,2018-03-28 00:00:00
086336eee2f5956e2a6a18369abd023d,29b585519cea01e9367649155a072065,delivered,2017-07-30 03:10:40,2017-07-30 04:43:12,2017-08-01 20:22:53,2017-08-02 18:33:42,2017-08-11 00:00:00
bf4e354422376ccee274a76ef5f26817,ffb0327dd973137e6795f0a714f4aa0e,delivered,2017-10-22 10:16:10,2017-10-24 03:35:15,2017-10-25 17:43:06,2017-11-07 20:07:00,2017-11-17 00:00:00
c477a36e7fcc7a915483289ed00f6ee4,890a87ab82ebd8875ee62996b9c6f067,delivered,2017-09-05 15:30:01,2017-09-06 03:04:15,2017-09-06 22:19:03,2017-09-14 23:17:36,2017-10-06 00:00:00
4f465645306f7ff736f2b87d32ed65a3,8c20e2e6a5c8c7a3b3dd91f0a5c4ea18,delivered,2017-03-09 10:15:25,2017-03-09 10:15:25,2017-03-10 09:27:24,2017-03-15 11:11:45,2017-03-31 00:00:00
6b95cbf782c29411b0d5feca16490ceb,1a0d6e9c1a8483fbeec12da522abc4b9,delivered,2017-02-09 13:15:09,2017-02-11 02:45:32,2017-02-13 08:17:32,2017-02-16 17:56:10,2017-03-08 00:00:00
e9a04e230494b2b61ebb85529c4f9269,f0d3477ffb762f6ca6c099d34ca9589b,delivered,2018-02-26 10:09:01,2018-02-26 11:01:16,2018-02-26 23:22:35,2018-02-27 23:22:22,2018-03-12 00:00:00
8d771479430ddcc5431d2ef4aa207204,93af7e4b75f74f04187970ba13ab3873,delivered,2017-06-06 21:31:50,2017-06-06 21:45:13,2017-06-10 09:49:28,2017-06-19 14:41:48,2017-07-03 00:00:00
8c7e112e6142410327c019e28d65d751,a7da632ce5f962abe073f312f5a1b390,delivered,2017-09-02 10:04:34,2017-09-02 10:24:13,2017-09-04 22:19:05,2017-09-12 22:45:27,2017-10-02 00:00:00
13c0445b9e1b9ebf53dc83fce3600a36,cb7ef8c9ffb93651ed0c35b48c7a7a18,delivered,2018-07-31 10:57:20,2018-07-31 11:10:19,2018-07-31 15:02:00,2018-08-27 18:06:38,2018-08-14 00:00:00
f0ea851516ffb7fbea588f7d200e3d43,b1a44e11c4baa2880439e1104a77130c,delivered,2018-04-15 13:07:24,2018-04-17 05:50:42,2018-04-17 18:58:35,2018-04-24 10:08:48,2018-05-10 00:00:00
a2aa0f43175b887d8c74e0c15811e9c5,4c95c6380e5b2adc0138b618e6e53bc4,delivered,2018-04-26 17:11:38,2018-04-26 18:02:11,2018-04-27 12:32:00,2018-05-03 21:04:09,2018-06-04 00:00:00
a61151bf7c6ab99c973aafb3382f4781,c8e41791508ca5cf1fe0d9d49c75cf31,delivered,2017-09-11 12:00:17,2017-09-12 12:10:18,2017-09-19 18:25:08,2017-09-28 20:21:41,2017-10-17 00:00:00
2095778434755b568ba4c3c2325096fe,6b80e7baf526578fe089f9e374acaee3,delivered,2018-01-03 17:47:40,2018-01-03 17:59:39,2018-01-05 18:49:15,2018-01-08 16:57:43,2018-01-19 00:00:00
dc69158eb223d2e98bbaaba4c9f81c87,598e7fb8c2d8ba0f3a6a8609cf321111,unavailable,2018-01-13 12:26:08,2018-01-13 12:38:31,,,2018-02-15 00:00:00
9bd2f19fdebcf5928f0971caeac464d9,3dfb839c63ae6b7545b643714e1b6dc3,delivered,2018-06-01 06:55:40,2018-06-01 07:42:11,2018-06-05 12:06:00,2018-06-15 00:41:31,2018-07-18 00:00:00
834c0c3f9b8fefb5198351db0198f1c1,acb9852459ed760caf336f578fe4f920,delivered,2018-02-02 18:43:42,2018-02-02 19:41:58,2018-02-06 01:14:55,2018-02-19 17:23:09,2018-03-06 00:00:00
161ebde0e43f4055e358fa509d9565e5,38217bd5799b8adb5ceec1a5f717f20d,delivered,2018-01-11 20:40:01,2018-01-12 09:28:28,2018-01-16 22:14:28,2018-01-18 00:38:44,2018-01-30 00:00:00
a1cc6e60e142d31a699056328d83cf82,48af95a46c13d4d160cecc586b460fe1,delivered,2018-04-08 12:01:38,2018-04-08 12:15:17,2018-04-09 22:36:31,2018-04-18 15:12:34,2018-05-07 00:00:00
6be5314bc611a32a245f5111c8ba1089,c780e173716b253dd27f73f0f738a559,delivered,2018-02-22 18:16:01,2018-02-22 18:30:35,2018-02-27 21:24:02,2018-03-10 20:18:35,2018-03-13 00:00:00
8132a60205ed37c702e8017466cbd218,2908f1bb8393b2ef0a9e98d86511fc9c,delivered,2018-03-04 18:49:19,2018-03-04 19:09:10,2018-03-06 21:39:56,2018-03-20 19:03:38,2018-03-29 00:00:00
a6da096d974acc000962856d7386448a,99a9af34c9f3d18491e8facad007be44,delivered,2018-01-17 12:29:36,2018-01-17 12:39:22,2018-01-18 21:39:04,2018-01-26 19:56:48,2018-02-09 00:00:00
eac9a6eb5ffd533239d332b2171c7bcb,76d021f040aed67b05b1c76350fa4a35,delivered,2018-02-21 10:46:33,2018-02-22 11:15:34,2018-02-27 14:23:39,2018-03-09 22:06:47,2018-03-16 00:00:00
baba7caf6a8e4b9d6079db11ac925a4e,2e5dabe6dab5a3fde1bcc01ec8e59b54,delivered,2018-07-15 19:52:17,2018-07-15 20:04:04,2018-07-18 14:48:00,2018-07-23 21:41:50,2018-07-31 00:00:00
d0b199e7a170e05f24540eeb3fd3b278,e6a63945f0d37ea54dbb72ccae2b2d0d,delivered,2018-03-09 11:31:04,2018-03-09 11:50:49,2018-03-10 14:24:46,2018-03-16 23:16:30,2018-04-05 00:00:00
edf0efdd0fb952f2a470f4a5d871b7d5,2a3acbde44001a8cba897c98af2f135a,delivered,2018-05-01 18:37:44,2018-05-01 18:55:08,2018-05-07 15:03:00,2018-05-11 17:14:59,2018-05-30 00:00:00
43d7305914fd70e58c762b287e0cde53,1fb66ad268ada441d2005c9e0d598c82,delivered,2017-12-11 18:26:14,2017-12-12 03:33:25,2017-12-13 14:33:10,2018-01-03 18:16:50,2018-01-19 00:00:00
e0ff4f042465bf3a83ab05b537d1c90e,35ccaf85cd6559f85e62b1968fa763b0,delivered,2018-05-28 19:57:32,2018-05-28 20:10:23,2018-06-01 11:20:00,2018-06-06 16:38:37,2018-06-28 00:00:00
11a3a7fd35fb7f7f7b873f9a150dd5e2,c51cc0a06a634f8b31917bbc0600619a,delivered,2018-05-11 08:26:52,2018-05-11 08:58:01,2018-05-14 14:45:00,2018-05-23 12:24:27,2018-05-21 00:00:00
ac179dbb60a22d59a51a123174c4a837,0c4e94327d4955e913fd4fe94f0217ae,delivered,2018-08-13 11:33:51,2018-08-13 11:45:09,2018-08-14 15:34:00,2018-08-27 18:17:41,2018-08-29 00:00:00
7bb355355c075d74665d97db859cfb45,ff5a0334a979c80401bdb686ebe6512a,delivered,2017-11-30 11:48:20,2017-11-30 13:31:19,2017-12-04 17:54:48,2017-12-14 14:22:40,2017-12-27 00:00:00
9b93fbe03f143eae32056e9305dfec58,6ff0fee93d2dc903b5a87946585e5d94,delivered,2017-04-19 13:52:00,2017-04-19 16:22:18,2017-04-20 13:55:01,2017-05-03 18:33:06,2017-05-15 00:00:00
035c01a45e289b155db4e47cf39b29d3,d68f9c633f9ab44265b54f3792fcbe71,delivered,2018-08-06 22:01:08,2018-08-07 06:05:33,2018-08-17 13:23:00,2018-08-23 15:03:10,2018-08-28 00:00:00
20c98a39c44583471ee358e7fa0db82f,b00d29558feacdefd4faf0c317f10130,delivered,2017-10-10 20:37:16,2017-10-10 20:49:31,2017-10-20 20:45:33,2017-10-27 23:12:41,2017-10-30 00:00:00
6c188fc65509444271c3c57cb038bc06,7e4f31a4c2b7af85e49da1aea4c3db90,delivered,2018-01-12 13:44:28,2018-01-12 13:54:25,2018-01-16 16:18:15,2018-01-22 17:56:51,2018-02-06 00:00:00
d536b84091b6a78e8ee96dc108b21a8e,e1b154db90ab51a05208751d9ac37984,delivered,2018-01-31 08:31:53,2018-01-31 13:51:35,2018-02-02 00:22:03,2018-02-20 00:43:07,2018-02-22 00:00:00
24262a5b351a1cb6a2585ef93c92713a,eaf7daeb68a40e006b443f9256fd2bfe,delivered,2017-02-15 11:21:34,2017-02-16 02:30:12,2017-02-21 14:38:30,2017-03-02 18:57:48,2017-03-16 00:00:00
6631686db32c17309079cd521afd5a7d,fa50e1ab4bfb82d7f1fd7f6f78e6c830,delivered,2018-02-01 22:52:28,2018-02-01 23:10:38,2018-02-05 14:38:50,2018-02-16 21:42:09,2018-02-26 00:00:00
1661423345a0ae07b17e433cf752e17b,235b447743d3477804d522f24c690bcd,delivered,2018-03-28 14:48:43,2018-03-30 03:08:47,2018-04-02 20:52:44,2018-04-09 14:36:38,2018-04-17 00:00:00
41ce1e9cd5fac4c3171a6e1c4dd6281e,5c2d3c0822ac1b289a52d8d0081435fb,delivered,2018-05-18 19:05:00,2018-05-18 19:15:17,2018-05-22 06:18:00,2018-06-06 17:38:39,2018-06-07 00:00:00
457ff6fc631dec2673f906c3748b24ad,50a00746e839a9c4a3b0504b12d11b32,delivered,2018-02-26 16:01:34,2018-02-26 16:31:34,2018-02-28 18:48:45,2018-03-08 00:52:10,2018-03-20 00:00:00
db219864b2403e1856929bf85948989c,dc66dfa661b23e0774853b085f86b75f,delivered,2018-06-19 16:32:12,2018-06-20 02:55:09,2018-06-20 14:51:00,2018-06-25 18:47:48,2018-07-19 00:00:00
340f19321c9eaa5865ffcd8f90e7530d,30a79879ae652548480a139d7d6a3a66,delivered,2017-03-28 21:08:51,2017-03-28 21:23:02,2017-03-31 15:58:00,2017-04-05 13:46:01,2017-04-27 00:00:00
a14173b7936139e28cd1aa620eada598,7670015fc62bb81758579a5e88de8596,delivered,2018-08-04 15:08:20,2018-08-04 15:24:04,2018-08-07 13:29:00,2018-08-13 19:54:46,2018-08-20 00:00:00
988601ceae0e294c4482e8ef89e4bfd7,ce0464d16964890124610cd20d584588,delivered,2018-07-02 12:52:55,2018-07-02 13:10:12,2018-07-03 12:12:00,2018-07-06 13:33:10,2018-07-20 00:00:00
2339f2753971c30de3edcc1d6011d360,af5e2b059d78f3d1a30f352da43ca1c0,delivered,2018-01-20 19:45:07,2018-01-20 20:00:15,2018-01-22 20:03:36,2018-01-27 13:39:00,2018-02-14 00:00:00
c66355d90f2d434148fbabc507d60ffc,e039b096c7512203e0875e9f26ccd6c6,delivered,2017-12-31 16:33:22,2018-01-02 17:49:32,2018-01-03 18:07:04,2018-01-05 14:51:50,2018-01-18 00:00:00
40de47dfa620d667117e4a6067b6e1ec,9f64391c68c234a7264087c2d0c1ac76,delivered,2017-09-01 20:05:55,2017-09-13 21:58:38,2017-09-04 20:36:58,2017-09-08 20:41:16,2017-09-22 00:00:00
0da30436a667e82020c86b5da53c0b21,173dc820ddfe9158a405a66f49c6b016,delivered,2017-10-02 13:26:57,2017-10-02 13:49:17,2017-10-05 15:52:40,2017-10-16 23:37:27,2017-10-27 00:00:00
e759e1b127010b3f3da189a919ae300c,709f16434c52bb050358b970cdc88abc,delivered,2018-01-12 16:51:19,2018-01-12 16:59:28,2018-01-16 13:22:45,2018-01-25 22:18:56,2018-02-07 00:00:00
271d4e7bb763fdd2d4975ca1421ff1cd,b59bbdb15afd9b563d1347e758f7c599,delivered,2017-08-26 21:49:01,2017-08-26 22:16:16,2017-08-28 21:24:33,2017-09-01 20:46:28,2017-09-18 00:00:00
165ee1a310dfbfa598f465cece5cc5bd,3c0323d8fbcdde434127b90b7039717f,delivered,2017-09-15 20:55:35,2017-09-15 21:10:12,2017-09-19 12:14:23,2017-10-20 21:26:43,2017-10-16 00:00:00
5115b5f8076ff01f14782576bbfafb16,abfd867fed6d5c27f2c89e7b14181c40,delivered,2017-07-30 21:21:29,2017-07-30 21:36:06,2017-08-07 20:09:47,2017-08-11 20:49:44,2017-08-30 00:00:00
755015d7c8fbbcf497a8807b9fee535a,f4fe4648d8b034dfa1cf8dcfc7bb89dc,delivered,2017-12-22 10:39:06,2017-12-22 10:51:03,2017-12-22 21:33:29,2017-12-29 16:02:58,2018-01-31 00:00:00
89e371394a8b2bf6c2648361a2e60b24,781a3ab88167cad21622409d2d9209a9,delivered,2017-08-16 21:44:22,2017-08-16 23:25:40,2017-08-21 12:16:52,2017-08-29 10:58:15,2017-08-29 00:00:00
a68ddd6009f7c4914e2bc86567262d3b,f004d31d81706b3f328f46dda10d9ef3,delivered,2017-10-30 15:40:02,2017-10-30 16:31:24,2017-10-31 16:43:44,2017-12-02 00:41:52,2017-11-21 00:00:00
1b122a7be89622f672bb41380a83b69f,a22a8f5ed1ba23d4aca05ed33b2917ac,delivered,2016-10-08 21:37:30,2016-10-11 22:02:13,2016-10-14 18:00:00,2016-10-15 22:02:14,2016-11-30 00:00:00
c6eb5dced200e49271f44b142658b6bb,b3089a062b28ec2e5acb0e545c078ed5,delivered,2017-01-25 22:19:51,2017-01-25 22:30:25,2017-02-06 11:54:29,2017-02-08 10:17:35,2017-02-20 00:00:00
937a3346c9e90b215e5fe19119a0d4d5,50a7be6f38894cc62d45f7df9a48d436,delivered,2017-09-14 11:19:55,2017-09-14 11:30:20,2017-09-15 20:34:49,2017-09-18 22:04:05,2017-09-26 00:00:00
231d32fab33b75ec36a075c7982d0803,eb31a8edc763589acbb30bcf919d9c91,delivered,2018-02-21 12:46:05,2018-02-21 13:08:55,2018-02-22 18:54:17,2018-03-10 17:28:40,2018-03-13 00:00:00
1b951d324afaebc435f2fcac5f8fef1b,be279ff076ad2fa8bda5c64b5e778c97,delivered,2017-07-06 15:51:25,2017-07-06 16:04:17,2017-07-07 17:12:22,2017-07-20 20:36:06,2017-08-11 00:00:00
175dce49b5ee048156291ea4dadd9f57,9f4a2688ad743c4ea190c4c4dba104e8,delivered,2017-03-02 09:43:10,2017-03-03 02:15:49,2017-03-03 09:37:53,2017-03-08 14:36:43,2017-03-22 00:00:00
e957b106ffd9736003e8249630634a04,b0b20ec1d0a78467f48fa124af23ad81,delivered,2017-10-03 15:51:19,2017-10-03 16:07:16,2017-10-04 20:25:33,2017-10-16 18:42:07,2017-11-06 00:00:00
6070ab7b5e87d4ed488918683d044bfa,ed2f0df9d569485c302eb6405a4700f1,delivered,2017-09-03 21:18:38,2017-09-03 21:30:22,2017-09-04 18:56:49,2017-09-12 19:25:49,2017-10-03 00:00:00
56580e29cdcf56834efd1a9eb48e5f35,69cd54f7f6f6d66a47adf923bfd0682b,delivered,2018-08-04 10:41:25,2018-08-04 10:50:14,2018-08-06 13:45:00,2018-08-10 22:38:31,2018-08-20 00:00:00
3a1400b5d4dd3082a4bc8a64d66f6d90,947973a1b01d190f9df10e8f289597b4,delivered,2018-03-20 17:19:26,2018-03-21 17:28:20,2018-03-22 20:49:42,2018-04-04 15:27:23,2018-04-10 00:00:00
2c6317c88d6837efdfecf7cb190c0cd9,0f6523f5cb5fd85eb6e608726696f690,delivered,2017-11-08 08:26:59,2017-11-09 04:31:12,2017-11-13 16:18:34,2017-11-17 20:56:29,2017-11-29 00:00:00
ab06f1364ba62e1b45ae716575d0b546,80e27a85f7cac0e732e16e034f75ebfb,delivered,2018-02-25 11:22:27,2018-02-25 11:35:33,2018-02-27 22:24:57,2018-03-02 17:32:33,2018-03-13 00:00:00
c2376b3688a7b2bad91daeccb5097ffc,60e55bb499b71f520bb1a1c15d0233fa,delivered,2017-09-10 08:56:41,2017-09-12 04:44:54,2017-09-13 17:50:04,2017-09-26 17:27:51,2017-10-05 00:00:00
b2d7cdefb5c17f098e82a26005b7ff89,a7fe9d419746fc1f2587bf3ca74236f5,delivered,2017-11-06 11:49:46,2017-11-06 14:33:04,2017-11-07 13:02:50,2017-11-14 19:33:29,2017-11-24 00:00:00
2f248593ccadf252a08dc725c7ac467e,f9b34051f09f85c1b208ce8cb3cebcc1,delivered,2018-06-14 11:19:09,2018-06-14 11:43:01,2018-06-14 13:56:00,2018-06-20 22:51:40,2018-07-19 00:00:00
7851b0e7d1a57f3a39d5e805307f72f9,6f067a278edf15600f370d2a87ce6e4f,delivered,2018-03-05 23:50:06,2018-03-06 00:08:39,2018-03-07 00:58:37,2018-03-26 21:12:11,2018-04-02 00:00:00
c9721963d4b95316401d2d75621f353c,f3f6dd88a16304070d3f73841a38c527,delivered,2018-07-26 11:39:07,2018-07-28 02:50:27,2018-07-31 06:39:00,2018-08-06 16:03:39,2018-08-20 00:00:00
6fbd65f0ae756ffd1692f812a7b411a4,edc15b95535d94c37e3ae1082d5ce492,shipped,2018-05-06 07:43:54,2018-05-06 07:55:07,2018-05-07 13:31:00,,2018-06-08 00:00:00
5e76e2e15855045054765a7690a11f71,33d9f03cace07118c281874c2aa6e22b,delivered,2018-03-16 21:49:01,2018-03-16 22:08:26,2018-03-19 19:20:47,2018-03-27 20:08:48,2018-04-17 00:00:00
1ce405beadd6bae1e6337ebc563b3b93,8df44d31aeb575a774f99c98b19e80f6,delivered,2018-03-13 16:11:56,2018-03-13 17:07:53,2018-03-14 22:08:57,2018-03-29 00:28:34,2018-03-29 00:00:00
4af8a8384c4092c4cf301aaecfdb5007,d203640f43b16ed84faf7c5895e28202,delivered,2017-06-13 10:02:31,2017-06-13 10:10:23,2017-06-14 09:58:05,2017-06-16 17:26:31,2017-07-18 00:00:00
8572811ca6f313e1da609f4728ff2612,d17506f80de12a65411560016c3317a5,delivered,2018-06-07 09:28:29,2018-06-08 02:56:18,2018-07-03 12:16:00,2018-07-04 15:22:18,2018-07-27 00:00:00
89e0ae495fe8fa69f8e5a8351ec325a5,a1f27ba837ed167d3c9830a40e014a77,delivered,2018-08-15 09:02:01,2018-08-15 09:15:17,2018-08-15 14:05:00,2018-08-17 00:24:56,2018-08-27 00:00:00
ba811df8f38f8b18170fa9d29732ed0f,5f82ddc00ed8b6e8cd8792788c2f5b7a,delivered,2017-04-05 11:18:17,2017-04-07 03:15:29,2017-04-07 14:42:18,2017-04-17 09:54:11,2017-05-04 00:00:00
7e17bef0b77734da366177cd331ed66b,40d5f204b84520a278cdc2ab9c557cee,delivered,2018-02-27 14:01:07,2018-02-27 14:10:57,2018-03-01 22:36:39,2018-03-05 22:35:24,2018-03-13 00:00:00
a9e5c8ee36309e5b4e9dfa5bb219f6f5,3f69775c4daa9083f46a17bfbc5a05da,delivered,2017-06-05 19:10:23,2017-06-05 19:25:11,2017-06-07 11:23:10,2017-06-27 18:09:41,2017-07-11 00:00:00
7d51d88244e80164e317acbec4b7c643,c3aa3310a31edc113ec7118b4d13223d,delivered,2018-05-24 15:48:58,2018-05-26 02:31:59,2018-05-29 09:40:00,2018-06-17 05:56:47,2018-07-04 00:00:00
a3eb93cccf2b5bc0c2f0efcd29d0b412,c2bf258c3921897070734a02d16abd4e,delivered,2018-01-18 01:16:45,2018-01-19 15:59:19,2018-01-25 00:07:06,2018-02-05 19:28:43,2018-02-14 00:00:00
6ef401cf776e0393085115618d39f6a9,bba03ef582638ab9f9c9b38eb0392daf,delivered,2018-06-07 11:06:53,2018-06-07 11:37:02,2018-06-07 14:04:00,2018-06-21 15:08:30,2018-07-17 00:00:00
cab5ff5f1347330a7576a8aa80bd1774,1a5dca881b4fc9ed776930b3dc9ccfe0,delivered,2018-06-27 11:57:41,2018-06-27 12:10:12,2018-06-27 11:10:00,2018-07-02 15:03:45,2018-07-18 00:00:00
cf851a3ce6ce940823fdfb5b0a8eb337,bb026a0a19125263b0bfe39a1e72b28d,delivered,2018-07-16 13:15:57,2018-07-17 03:40:52,2018-07-17 13:01:00,2018-07-28 21:04:26,2018-08-21 00:00:00
87a12102217bbaab0f4184b345e9177a,62805c7202ebae4415d403475af64b12,delivered,2017-03-16 13:58:03,2017-03-16 13:58:03,2017-03-21 10:37:57,2017-03-24 13:24:41,2017-04-11 00:00:00
bc2c82b0ef78d2252b6176d1972db7c9,81a478af8cea558a5a07090725be2acd,delivered,2017-11-13 21:50:45,2017-11-16 12:56:23,2017-11-17 22:48:34,2017-11-26 18:54:52,2017-12-13 00:00:00
807303007d46225288462ecc115905fe,5dac2f05fd146bd6f93452ece17711e5,delivered,2017-07-06 10:23:06,2017-07-07 02:50:35,2017-07-11 14:04:50,2017-07-12 16:57:04,2017-07-20 00:00:00
ef4c4177fd4633c990adb181230e19f5,2f9b39d0a777ef84929837be047f2fd1,delivered,2018-07-23 19:49:26,2018-07-25 02:50:20,2018-07-25 13:27:00,2018-07-31 13:56:49,2018-08-15 00:00:00
c067fd2a8d499e47d3399202a11d268d,8dfb803b02fce136d979fa2c108488bd,delivered,2017-05-10 20:40:23,2017-05-10 20:50:18,2017-05-15 06:34:48,2017-05-23 16:44:50,2017-05-30 00:00:00
d482a118baf85884aef656c9d75c5c8e,d697b4cd06da932225ff33cec30cea73,delivered,2017-10-30 07:49:26,2017-10-31 04:26:52,2017-10-31 18:20:05,2017-11-01 19:53:19,2017-11-10 00:00:00
73ed85f5462f78670fcd66c2ccd79f06,55f3757ef1ecbd686debb21f5a2521c4,delivered,2017-07-13 19:56:22,2017-07-13 20:05:17,2017-07-21 19:57:38,2017-07-28 21:03:36,2017-08-01 00:00:00
8e6489f6465abb18e5b17cedfcdb66f4,04701338c86b6225dac722093cc6b467,delivered,2017-03-16 12:22:33,2017-03-16 12:22:33,2017-03-17 08:28:03,2017-03-24 11:33:36,2017-04-04 00:00:00
07420892c4caddea9908f3e55218a5ba,26a5c57589e5377416c0544bc8f9daf0,delivered,2017-11-14 14:17:00,2017-11-14 14:27:15,2017-11-16 14:51:27,2017-11-22 19:47:43,2017-12-12 00:00:00
20b35fad7bb43c9b2e1d1b2e7b894ac5,b1205c9177acc8ede829761d8dc7f1f7,delivered,2017-07-24 23:28:12,2017-07-24 23:43:12,2017-07-27 10:02:37,2017-08-16 17:43:51,2017-08-07 00:00:00
8291e8efa521e4c0f5166d383b34f928,e79d282307344e57597bbc916246d1b5,delivered,2018-04-16 19:35:39,2018-04-18 02:11:23,2018-04-18 20:22:23,2018-04-30 15:56:59,2018-05-14 00:00:00
ac9a25281ccc31b31fc2e9cdac94d9f2,69fefe761b19d32ae23f141f73004e4f,delivered,2018-01-14 21:18:04,2018-01-14 21:30:36,2018-01-19 14:19:31,2018-01-26 23:08:57,2018-02-08 00:00:00
5d60fb004df189c63dde348d81c6b4f7,bc91b46496dea39b6dd419cd54ee9cc2,delivered,2018-06-05 18:25:41,2018-06-05 18:52:32,2018-06-08 14:40:00,2018-06-15 20:02:51,2018-07-13 00:00:00
521042c8d1bf073568b27c69b4496298,f07b6df75505e68e57a684ab4c4e5783,delivered,2018-04-30 23:26:58,2018-05-03 03:53:02,2018-05-03 07:48:00,2018-05-07 20:12:04,2018-06-04 00:00:00
0409a79770433fbb5610660b8f8cd69d,56893da41f4c6bb7e20dd7b135e487da,delivered,2017-06-14 23:48:42,2017-06-15 00:43:12,2017-06-19 19:02:54,2017-06-29 08:21:11,2017-07-13 00:00:00
88d7e753142771dcd0b1e0ad155fc626,b8c4d65bf3206ebf8fe12688f304b54c,delivered,2018-05-11 11:08:39,2018-05-11 11:37:15,2018-05-11 13:14:00,2018-05-17 01:10:48,2018-06-04 00:00:00
cfb25af2ff2642d7d6fad1a71d577e0f,579e53897a434649c5a4f6c82adb68ef,delivered,2017-04-15 16:22:04,2017-04-15 16:35:09,2017-04-17 09:33:46,2017-04-22 12:25:02,2017-05-08 00:00:00
43f4a8049581a91b58328ac686bb91e5,1a155dcdbb18fc4edd3e90297300f570,delivered,2018-02-23 10:45:12,2018-02-23 22:35:25,2018-02-26 18:09:46,2018-02-28 01:36:36,2018-03-09 00:00:00
006e05e81c068ddc38e48ebe189b922e,ebcf50ec311622a9b17a720a655a489b,delivered,2017-12-27 21:50:43,2017-12-27 22:07:25,2017-12-28 19:29:28,2018-01-03 11:14:47,2018-01-24 00:00:00
10d1972b20dac93fd5808fa6de667a42,5865692d34fba99712f77a8a5cfc8d59,delivered,2018-02-17 11:20:33,2018-02-17 11:35:30,2018-02-20 17:25:00,2018-02-22 19:42:30,2018-03-06 00:00:00
fc9cb1d496b03a40d603876228b48bff,f9dfa0a2934ffbb22e66924952548be8,delivered,2018-05-02 22:30:03,2018-05-02 23:30:27,2018-05-03 13:33:00,2018-05-08 15:58:50,2018-05-21 00:00:00
e3ed33286490140b86ee2ac0bebe917a,d02e1d2d293df869586ab6929c8d3bba,delivered,2018-06-14 13:30:07,2018-06-14 14:31:50,2018-06-14 14:51:00,2018-06-21 16:23:32,2018-06-26 00:00:00
e847ea44928b27b43984d79532b7ae20,66cdaaa835a514eaafde24585709de8b,delivered,2017-09-20 18:00:58,2017-09-20 18:10:21,2017-09-21 16:42:20,2017-09-25 13:30:03,2017-10-11 00:00:00
01f216b447564f9ea791b521db577ccb,39d5f491d314a5e26d16cf74581bff02,delivered,2017-01-24 18:44:53,2017-01-24 18:55:14,2017-01-25 09:21:47,2017-01-31 07:35:52,2017-03-01 00:00:00
2f09cfdd62015ef0e5413bfd309bd812,caacbb68ff2f575e2459197441daa867,delivered,2017-11-10 11:07:13,2017-11-10 11:27:10,2017-11-16 20:27:39,2017-11-25 14:16:48,2017-12-01 00:00:00
0baf7e063341d21b649aa73045ce5395,4bf9f58ae9877a24ad03ac204eb89652,delivered,2017-10-20 19:45:06,2017-10-21 19:49:16,2017-10-25 21:46:56,2017-11-06 20:08:53,2017-11-28 00:00:00
774e1d0dad9de39af357f92c7180e21f,e84338f7bbffc375080368e46b22c37c,delivered,2017-11-12 21:31:27,2017-11-12 21:46:57,2017-11-16 19:58:00,2017-11-22 18:32:50,2017-12-05 00:00:00
4dc81e62709adee10f0cb4008483fe02,d7abe27b864fe214590fc4d400c74e61,delivered,2018-01-11 18:37:03,2018-01-11 18:47:47,2018-01-16 18:38:03,2018-01-29 21:39:19,2018-02-06 00:00:00
d1ca0c1c5f78ecd17ab721d805629eb7,9739ff8d93cf3032dc57d7c0f20d0de5,invoiced,2017-06-02 09:45:29,2017-06-06 13:25:42,,,2017-06-23 00:00:00
96df7a5f865a5f48c7637407b4f55be6,6a26e32a65e1655aaa042050e407e825,delivered,2018-05-25 10:42:57,2018-05-25 10:57:11,2018-05-28 12:35:00,2018-06-13 19:32:19,2018-07-13 00:00:00
9e528d40350e823ff188831cb38696c3,25a6d4599c06263efe994de519d09ea4,delivered,2017-07-26 11:58:49,2017-07-26 12:10:11,2017-07-31 16:32:37,2017-08-10 17:29:19,2017-08-21 00:00:00
f661f51c758806f369cc3c485ff6e936,a3f30a0973980e1dfd6a1ba1ce4aa754,delivered,2018-07-17 19:00:52,2018-07-17 19:21:50,2018-07-19 12:50:00,2018-07-21 17:44:32,2018-07-26 00:00:00
5e4ef21263c26f393f06c68bb2ac73c0,1e1eb493ebb506c5746599158df96f52,delivered,2017-10-18 21:14:16,2017-10-19 03:14:00,2017-10-19 16:57:53,2017-10-20 17:13:45,2017-10-30 00:00:00
d233396e96f47b3dd9eeb52c797dc56d,7e811989da42b4b4a854cde88ab2d67a,delivered,2018-01-31 20:19:53,2018-02-02 02:54:20,2018-02-07 19:12:43,2018-02-14 15:27:49,2018-03-06 00:00:00
5b19559d742224610c730e73362fd0e4,48978b3b05f04639d393318bb74c459b,delivered,2017-10-06 18:25:22,2017-10-07 02:45:11,2017-10-11 20:37:42,2017-10-18 16:51:55,2017-10-24 00:00:00
f6bceb62b35d3e5335db07a36336bd6b,76ce8c1a4d84a87debbd58947bcfe8b5,delivered,2018-04-05 20:33:18,2018-04-05 20:48:54,2018-04-07 01:34:32,2018-04-20 17:56:44,2018-05-03 00:00:00
8b736a8b92d9cf8b26e6754141bf6657,722f3c29eca750d5eb93d5a1f67cc74c,delivered,2017-11-09 15:11:06,2017-11-11 02:50:47,2017-11-17 19:34:39,2017-11-27 15:48:58,2017-12-12 00:00:00
f16541fd87ae67e35a8e464c49379348,9a51942bc62ef2eb2ca56a830515154a,delivered,2018-03-05 11:07:23,2018-03-05 11:29:39,2018-03-06 17:54:02,2018-03-13 12:07:32,2018-03-26 00:00:00
b8cfc70398c982df76df0917f55d96b9,97c9d8b2434624d9179f776ee63e2fc7,delivered,2017-08-27 15:27:06,2017-08-27 15:35:17,2017-08-28 18:31:38,2017-09-01 21:37:52,2017-09-19 00:00:00
776dacaa12837ac069fdb198f46c7a78,5041a36bdc802fc3c9bd86e381d26834,delivered,2018-04-24 20:42:28,2018-04-24 20:55:35,2018-04-30 06:24:00,2018-05-08 16:16:38,2018-05-25 00:00:00
ecb17a16374a8822430c8edb3358a407,fc983c513a5b593a724e389bf39f98a0,delivered,2018-03-11 20:43:59,2018-03-11 20:56:15,2018-03-12 20:41:49,2018-04-26 20:58:35,2018-04-10 00:00:00
d57880ebc950c50f75a5373d64b9bbc6,d270b55f727f490ae9bf92daef4d0b4f,delivered,2018-08-14 00:22:06,2018-08-14 00:30:14,2018-08-17 15:37:00,2018-08-22 21:16:52,2018-08-28 00:00:00
398abc38612b5d4dd9f77541c38d06ce,2e1e7b3519fa8aa9e89903b63dfd2bc9,delivered,2017-12-10 18:58:52,2017-12-12 18:51:38,2017-12-18 21:27:24,2017-12-19 20:23:35,2017-12-29 00:00:00
b6c8a981ff2379f36a347ec8c9e2ae56,ada4dfd6792c896bde2e1ddf7ec3c196,delivered,2018-01-05 10:24:17,2018-01-06 07:54:50,2018-01-10 00:14:23,2018-01-10 13:40:09,2018-01-24 00:00:00
ed17f0572bc6ccdacbb220b282a6387c,456bc15b6d6ff358f65574b05e443459,delivered,2017-08-02 14:08:19,2017-08-04 02:15:17,2017-08-08 18:53:48,2017-08-18 08:53:42,2017-09-01 00:00:00
2ab305b81b2baf1a5f6031e36b0e4044,9963036a989c5740a45ab86f768c6b1f,delivered,2017-11-23 18:07:41,2017-11-25 03:39:27,2017-11-27 17:42:14,2017-12-06 15:46:49,2017-12-19 00:00:00
47e786d6d06274aaf984ca007751f3f0,5a79df8ba29b9929e31e7afa92757ea7,delivered,2017-08-11 15:07:07,2017-08-11 15:23:38,2017-08-14 14:05:28,2017-08-17 19:17:46,2017-09-13 00:00:00
11563e2d112ca4e95411cc5f2af8139b,b5fea8074c76ea7879ee702452dcacff,delivered,2018-03-11 19:04:17,2018-03-11 19:15:30,2018-03-14 00:48:43,2018-03-16 19:11:16,2018-03-22 00:00:00
9839529a810b520a23afe17f48978595,87cd951a01b0aae445cff97f27028d0e,delivered,2017-09-05 11:07:37,2017-09-06 02:50:45,2017-09-06 20:32:50,2017-09-08 19:03:28,2017-09-18 00:00:00
d7c2a15ddc9a397ac817ceb0c981e198,f5994fd72a4b5fc12d60b784548d8d7e,delivered,2017-03-26 13:31:03,2017-03-27 13:35:18,2017-03-28 11:30:18,2017-04-03 16:13:54,2017-04-18 00:00:00
ff646f0b1571ec3bb3b46ddecce4d991,6efbcf8bcc4b8dc2de1d9573021c82a3,delivered,2018-05-16 12:09:06,2018-05-16 12:39:20,2018-05-16 14:13:00,2018-06-08 18:32:22,2018-05-30 00:00:00
1db5f7be6c0e5b942a24957fae155f28,855fd5747207a6fde9c90bdc1bde58f6,delivered,2017-06-08 08:58:53,2017-06-09 02:30:28,2017-06-12 14:54:35,2017-06-14 14:12:19,2017-06-29 00:00:00
f642a23f1bb1153eeba8cc4d86a05b97,3945200271ed545ce4ece4760c26bbd5,delivered,2017-10-22 15:28:07,2017-10-22 15:49:20,2017-10-25 11:13:16,2017-11-09 20:31:53,2017-11-14 00:00:00
acc128e9293460781736208a647dd87c,a1e7727063333b459f6851aeafe375c9,delivered,2018-01-30 01:00:05,2018-02-04 23:31:38,2018-02-02 00:42:59,2018-02-14 16:23:34,2018-03-01 00:00:00
b609be3f65463a74e28cebbbe7eb1203,dd5fe640c8c5edd9fa2acdad4be7d4bd,delivered,2017-10-27 20:27:08,2017-10-27 20:46:43,2017-11-03 18:36:53,2017-11-22 18:18:47,2017-11-27 00:00:00
6ed4f19dc97f2a4b5d0f15651247dbca,6b7e649105e4c5388bd8c3c4e9efcff3,processing,2017-01-18 09:52:32,2017-01-18 10:05:11,,,2017-02-28 00:00:00
7fe52ebfeef6316229e2078ec77ea998,c5838669c422a56df9a158fc2acfd297,delivered,2017-10-05 07:37:35,2017-10-06 02:28:38,2017-10-06 16:13:16,2017-10-17 18:38:15,2017-11-09 00:00:00
0bfef24c6be372da610fb6c17ca1dafc,9700e1edad3c5eb426b3db0e0287e2ff,delivered,2017-12-08 00:18:18,2017-12-08 00:31:32,2017-12-08 20:32:45,2017-12-13 16:58:02,2018-01-05 00:00:00
5cc52573e9c54f9546ad4e8fa7183c69,89d73d4cdecff8b331930dead1958c48,delivered,2017-08-27 16:55:02,2017-08-29 04:30:49,2017-08-29 16:13:11,2017-09-11 16:26:58,2017-09-18 00:00:00
f0af7cfe83fc294d7ad7326b4974a59e,7d25e23e75e9e1bb537fb651c89df928,delivered,2017-06-28 19:50:28,2017-06-29 02:55:10,2017-06-29 14:39:54,2017-07-10 18:42:29,2017-07-11 00:00:00
8c62ac6305c0078f826e3db23723a27f,a1fe27618b1d104361bd5a5fcc542d62,delivered,2017-07-11 19:58:43,2017-07-12 02:24:14,2017-07-12 19:12:11,2017-07-24 19:04:00,2017-07-31 00:00:00
57e24e99080124f19065793442fd6a5b,5d7970d7c8dd592b60af9a22922c4908,delivered,2017-06-29 17:01:16,2017-06-29 22:03:40,2017-06-30 14:19:58,2017-07-03 15:11:13,2017-07-12 00:00:00
890950459d93d42060f57d04ab680600,d7dfcfd41adf9bb80e3f2838b3be52b3,delivered,2017-04-29 08:31:54,2017-05-02 09:30:17,2017-05-02 16:17:01,2017-05-08 10:04:37,2017-05-25 00:00:00
398fc351cacc0a65bea6fead1c065520,f63d914e794b8fbcd7bcace71693e22e,delivered,2017-06-29 13:18:38,2017-06-29 13:30:21,2017-06-29 15:43:56,2017-07-07 22:02:57,2017-07-19 00:00:00
8283e42dd17845a4b3621ca92e934866,33c16b55f11d7b3737f9f20eb3860664,delivered,2017-12-04 22:17:15,2017-12-06 22:32:58,2017-12-08 00:51:53,2017-12-18 21:42:22,2017-12-27 00:00:00
a614d00ec4aae901097a6c85ad8033b7,77e0f0971d7d7e680b258472dab6b01b,delivered,2017-06-14 11:50:36,2017-06-14 12:05:42,2017-06-19 13:09:17,2017-06-23 11:06:40,2017-07-07 00:00:00
c9b8db1f0bbeafcbea122f1fb447a1c3,41d681fd4ec9ef36e3429b2c19671000,delivered,2017-11-05 16:45:58,2017-11-05 16:55:50,2017-11-07 14:38:36,2017-11-10 17:32:55,2017-11-24 00:00:00
1e57bb5d95b6233ac77353120c7c23f6,782d7378428276999daf47cec05cb938,delivered,2018-07-04 16:07:06,2018-07-05 16:11:43,2018-07-10 14:33:00,2018-07-12 19:03:24,2018-07-24 00:00:00
5f53ad559baa843298f7772942dbc6fb,7ce5a437177a6a42ca15e3a62a494ee7,delivered,2018-01-20 22:57:00,2018-01-20 23:20:11,2018-01-22 15:11:57,2018-02-03 18:28:40,2018-02-19 00:00:00
85951c338d992f64e7abac3d611dba6d,d178f8dff09cb8ae2398c64c4a32f66d,delivered,2018-08-21 12:27:03,2018-08-21 12:35:15,2018-08-22 15:44:00,2018-08-27 16:52:33,2018-09-04 00:00:00
44997fe5448fcd26b6c093cd6efda36b,d7f396c0e3a3b362895f12f2163fe4a8,delivered,2018-07-30 16:24:44,2018-08-02 13:43:29,2018-07-31 12:50:00,2018-08-03 19:31:55,2018-08-08 00:00:00
c3341ac81d23f61418efcca37cff454d,255a8946290522f5dd7470c385ee3a54,delivered,2017-11-09 01:23:34,2017-11-09 03:31:16,2017-11-09 15:56:52,2017-11-21 02:16:58,2017-12-05 00:00:00
462ac93c107f9de96346db36168256c1,aa669113d84e54772dcff82d3dd74177,delivered,2017-11-11 12:55:29,2017-11-11 13:06:54,2017-11-16 14:12:14,2017-11-25 00:53:40,2017-12-06 00:00:00
302af85f51f58d45da103dc1d801704b,4b4d8cb0ca06c2795b7ff3e735a841e6,delivered,2018-07-26 17:25:18,2018-07-26 17:35:22,2018-07-27 10:55:00,2018-08-01 19:51:13,2018-08-09 00:00:00
57ee82f12deff0a89b3429c8fc1b4bb0,7d3206e9295c66978d6fa00bb9e85736,delivered,2017-06-21 13:40:51,2017-06-21 13:50:17,2017-06-27 15:08:25,2017-07-10 20:06:07,2017-07-13 00:00:00
a23d7ad984b39e2cebe34619c1774cd0,12285229ebd49a823a9681153fd08ed8,delivered,2017-04-18 16:53:35,2017-04-18 17:02:25,2017-04-19 16:27:41,2017-04-26 11:27:57,2017-05-09 00:00:00
2ea452fc04a09e17a3c70294527aa180,7f01b2ab9825e39a0f74ab2165f0b65e,delivered,2018-04-17 22:01:59,2018-04-17 22:15:22,2018-04-27 09:09:00,2018-05-02 14:14:38,2018-05-17 00:00:00
08a8e10798c6955302701d17eb84fdc0,0cbab479f583876bf94810bb85aca618,delivered,2017-03-15 12:19:23,2017-03-15 12:19:23,2017-03-17 07:07:39,2017-03-23 09:12:05,2017-04-03 00:00:00
389a9ea0a3b847e32aafa6fc297e2a9d,2e42d02be69c165df14baad9a1222f1f,delivered,2018-06-12 16:20:38,2018-06-12 17:11:38,2018-06-25 11:39:00,2018-07-09 22:51:22,2018-07-03 00:00:00
6512b3c07826f1163a862a02d2f54351,350800e876179dd0dfe093a6fcf0789b,delivered,2017-08-11 14:01:19,2017-08-12 12:35:19,2017-08-14 14:58:03,2017-08-31 14:45:59,2017-09-11 00:00:00
7bba749eac1bb22b7afe577fa772f2c5,f4aafd406bb5c1eef5305b37167fb6be,delivered,2018-05-15 23:56:01,2018-05-16 15:59:35,2018-05-18 13:05:00,2018-05-24 16:22:28,2018-05-23 00:00:00
90d1a65c251d2487732eb66b09c882ce,f03a3e2c416535af289cdf5472d33b18,delivered,2017-06-11 20:33:08,2017-06-13 03:45:12,2017-06-13 13:38:08,2017-06-21 16:09:39,2017-07-05 00:00:00
3d0acef161147c90c2fd5e7cd8e199e1,ee7466b4c80f1bc4f55f2c2ecb0e7c6f,delivered,2018-01-14 22:33:42,2018-01-16 03:37:30,2018-01-16 17:35:03,2018-02-02 01:19:41,2018-02-21 00:00:00
b4fc7a3f3bf7a4c6b5b46291dd4be977,429d73b3f996315634920810d43ab637,delivered,2018-06-19 11:24:48,2018-06-19 11:57:58,2018-06-20 07:28:00,2018-06-26 13:32:41,2018-07-17 00:00:00
59a0441d0335d0179d1077e2dcb46cdc,3ca03e41e99b1ff6bad537dd6d0d81e5,delivered,2017-07-24 13:37:05,2017-07-24 13:50:09,2017-07-26 17:49:54,2017-07-27 15:17:55,2017-08-09 00:00:00
cbd69e60b3e3e708684855cf2ee1a6c8,018e70256a4328c4450b52947144f50b,delivered,2018-05-15 10:51:38,2018-05-15 11:31:48,2018-05-15 15:02:00,2018-05-16 13:58:26,2018-05-23 00:00:00
1cb8d8c748210e32870b735efcd38fa3,9e96eb974f4ac250470b35f5e7a39c1f,delivered,2018-02-28 19:00:35,2018-02-28 19:10:37,2018-03-02 20:37:31,2018-03-05 19:12:11,2018-03-14 00:00:00
63bf3dbf1c64d993b4b9eecac8fecc48,91f008b7a2e8634c6788628d9a36638d,delivered,2018-02-07 08:26:34,2018-02-07 08:50:36,2018-02-15 22:13:12,2018-02-28 16:33:41,2018-03-13 00:00:00
a0fb93bd5792f18bb55f4dde921ed0cb,568b842cd1debf5c70b350e7fa0b1a1b,delivered,2017-12-27 10:25:49,2017-12-28 02:35:50,2017-12-28 21:39:06,2018-01-03 20:05:23,2018-01-23 00:00:00
66992d85a03399bdd59dde2b786c8e31,09a96fd349ea0b1ab69fc3b5ff0d46cd,delivered,2017-10-06 11:17:01,2017-10-06 11:56:25,2017-10-09 22:14:15,2017-10-16 19:25:36,2017-10-31 00:00:00
9a7d7672806f5cfd6bc9cbd5a060806f,bcd9f9f62adf6abf013f578204bf83a8,delivered,2018-07-19 07:48:00,2018-07-19 08:02:40,2018-07-25 12:20:00,2018-07-31 17:18:39,2018-08-16 00:00:00
b5520058eae8480710f67d8124db1606,b5bd92785c8011898bf80b794823e960,delivered,2018-03-22 14:03:03,2018-03-23 02:15:48,2018-03-23 19:33:09,2018-04-03 19:48:51,2018-04-12 00:00:00
fa609e805ef70799ce6c12d7d0763545,be94819d23e284279425496d0e695777,delivered,2017-04-14 23:56:08,2017-04-18 04:03:13,2017-04-18 15:22:19,2017-04-23 08:17:58,2017-05-08 00:00:00
8eda634e0a441cc94d73885ca16ecadd,be3efea598bbef6c123da326f3a354bc,delivered,2017-10-06 14:42:12,2017-10-06 14:56:13,2017-10-09 22:12:38,2017-11-04 10:27:41,2017-11-03 00:00:00
ff96ea4ad10c612930198ecb923eb7a9,3327a030d63c972d0a0a88f8a01f0955,delivered,2017-09-25 21:38:16,2017-09-25 21:49:53,2017-09-26 21:14:17,2017-09-27 16:14:07,2017-10-10 00:00:00
aa4cb17e191453bc29e2d1f67f38a4ab,d753559916f138b54ea079e70bc986d5,delivered,2017-11-29 14:41:17,2017-11-29 14:58:43,2017-11-30 20:57:00,2017-12-11 12:41:48,2017-12-19 00:00:00
6538c9e08179995c8f73f5ab8ce6e9f8,2d7bb612055f3e72c58964aa484f5c8e,delivered,2018-07-13 12:00:52,2018-07-14 02:50:14,2018-07-16 15:06:00,2018-08-02 23:26:32,2018-08-23 00:00:00
d36c084b5daf9cfc67fb1164f2c2bd0b,174686c8e1e322ec30471d0515448cfe,delivered,2017-09-25 15:17:56,2017-09-25 15:30:17,2017-09-29 19:59:48,2017-10-09 19:40:04,2017-10-23 00:00:00
bb13cb6c4afe0e0dbb504283c6ee7992,6a4d9f873465b6aa031933021eab4f9c,delivered,2017-09-11 12:49:36,2017-09-11 13:04:06,2017-09-11 20:17:42,2017-09-13 13:53:11,2017-09-27 00:00:00
a2277bc3fbc7188630d4b36e34e8cc43,3c655f8ccf3f966e12578098061c64d8,delivered,2018-06-13 23:39:21,2018-06-13 23:59:13,2018-06-14 14:20:00,2018-06-15 18:42:03,2018-06-29 00:00:00
022ba76c6e0c4336514521a8cd4b8fbb,09dd621bd52c70a32eb2e306ef235b9a,delivered,2018-06-17 22:36:20,2018-06-17 22:59:00,2018-06-18 13:57:00,2018-06-27 14:55:43,2018-07-16 00:00:00
29a3f9363409cd00a7860cb0e8d5c460,16b167f5424e2d0d097bf0abea502637,delivered,2017-02-23 12:20:44,2017-02-23 12:33:34,2017-02-24 08:29:04,2017-03-06 10:24:55,2017-03-24 00:00:00
dea423aff47d60bcd5f0678234bf8c3f,aa04f4a6ef53a5e85ea9e6fb2a89d043,delivered,2018-08-06 18:38:10,2018-08-07 08:44:57,2018-08-13 15:11:00,2018-08-14 19:49:06,2018-08-14 00:00:00
18eeebaf3c1d7f3bd775b5a8d36bb635,dd8fd4a958c49d92d56c854065d11234,delivered,2018-05-14 23:45:21,2018-05-15 00:11:03,2018-05-22 14:47:00,2018-05-24 22:41:49,2018-05-25 00:00:00
5245b2a0d8f76eae66a2e6c81528e430,deb227a8db451a4b1524b5cbfb45dc8e,delivered,2018-03-18 11:53:59,2018-03-20 03:35:32,2018-04-07 01:16:44,2018-04-26 21:58:38,2018-04-13 00:00:00
4a3848a973c57b3f244f9a2433b43a0f,168f76a5acc40fb40753efcfade1688a,delivered,2017-10-24 08:16:53,2017-10-25 02:14:28,2017-11-09 21:22:15,2017-11-10 03:03:38,2017-11-06 00:00:00
4ab03c392cee35c50b2bb0c1190618de,17acafdbb192d45b5d7f4c8ae536bd0b,delivered,2017-10-10 20:42:21,2017-10-10 20:56:22,2017-10-13 13:42:11,2017-10-19 19:35:51,2017-10-27 00:00:00
9dd9186fa80eff8f1a2c916957e8444b,30bf1aeb9b06986f63b155fd9e8e7d08,delivered,2017-05-03 23:41:12,2017-05-03 23:50:08,2017-05-09 13:46:29,2017-06-10 06:39:23,2017-05-31 00:00:00
0363c3cd0593c841b52d9817c89beaed,3752551df5449159b916410bb81a13c0,delivered,2017-08-18 15:30:23,2017-08-18 16:05:27,2017-08-22 18:41:38,2017-08-28 17:13:22,2017-09-13 00:00:00
0c2be278c997477b9910904d12e520a2,76d15afa8f4f626324f6f05257f1a089,delivered,2018-06-16 17:16:44,2018-06-16 17:38:48,2018-06-18 13:33:00,2018-06-19 17:41:24,2018-07-23 00:00:00
228df0c2e8c23cc26e2a14eeb701fba7,39367b00f36991646d44d945443a980f,delivered,2018-08-20 08:17:29,2018-08-20 14:15:32,2018-08-21 14:24:00,2018-08-27 15:27:42,2018-08-27 00:00:00
60e8b42fc95ec83d1e3bc2c7f7b4350d,0a7aa99ac73533c0ba784bcc47b1c5e3,delivered,2017-07-28 18:33:50,2017-08-02 08:33:20,2017-08-01 19:19:44,2017-08-07 18:23:53,2017-08-21 00:00:00
d71112c1e6312bdd9d6543a9b6902789,eb54825a36f59c2693676f375c2426d8,delivered,2018-04-02 19:06:24,2018-04-02 19:15:21,2018-04-10 18:31:43,2018-04-16 17:53:40,2018-04-30 00:00:00
499779bd7b24368c556437767a73189c,528c4e8a1b6092d20f796e66dd90c3fd,delivered,2017-10-31 18:53:11,2017-11-01 19:06:45,2017-11-04 05:47:36,2017-11-04 15:45:46,2017-11-10 00:00:00
5001ef7f5cc08023f39a4f6b7c09b5f5,b970847909a71ab7da63fe4fa663987e,delivered,2018-05-16 22:28:23,2018-05-16 22:55:46,2018-05-17 12:46:00,2018-05-21 19:52:44,2018-05-30 00:00:00
dd873443c3a8427c7a65cfe4c9671b1a,6c158cfc6c0d09c37f7676a42c94e527,delivered,2017-12-14 19:32:36,2017-12-14 19:44:24,2017-12-15 17:57:10,2018-01-05 16:07:21,2018-01-16 00:00:00
4fb3509d3efabb076843cd252a3e5562,fa09651333a13aed1e6a71dab1988475,delivered,2018-07-16 19:37:57,2018-07-16 19:50:16,2018-07-17 13:56:00,2018-07-20 16:44:25,2018-08-13 00:00:00
8a1f37725eebf19474556726f014f72d,f199a88e43318ed6123809a929e93f69,delivered,2017-05-08 17:30:15,2017-05-08 17:42:41,2017-05-12 12:26:42,2017-05-22 16:05:19,2017-06-09 00:00:00
6eaaffffd1626d0920aff38b38e70acc,bdf4631215753b66ad1fcc3d70d61499,delivered,2018-07-25 11:57:20,2018-07-25 12:05:58,2018-08-09 14:52:00,2018-08-14 20:36:55,2018-09-05 00:00:00
74c5848d6368e4e8e59e65c68c681a4d,e2292acdd1a58281f6ad236ca88cb914,delivered,2018-02-08 23:42:59,2018-02-08 23:55:25,2018-02-15 22:23:15,2018-03-01 21:41:19,2018-03-06 00:00:00
66b821651549a29e32bf9459b82288cd,7ed3af4c1229d471d59188560293ea2d,delivered,2017-05-21 12:45:22,2017-05-21 13:06:31,2017-05-23 14:28:50,2017-05-29 16:12:32,2017-06-05 00:00:00
075cc7ce268544c780299db653d21467,4803684a58eb452daa4190b0e1aff8fe,unavailable,2018-04-20 09:39:52,2018-04-20 09:55:19,,,2018-05-08 00:00:00
b2f58affcc178fea2daaf834f1acff5e,f6c6d3e1e20969a5eed982163f959719,delivered,2018-07-14 14:08:11,2018-07-17 04:31:33,2018-07-25 11:18:00,2018-07-26 19:18:32,2018-07-30 00:00:00
60b4528b577937165a412ba177de3606,9a460b0b588e9ecea4e4fd2b169809fb,delivered,2018-07-18 09:11:35,2018-07-18 09:25:09,2018-07-23 13:21:00,2018-07-24 15:32:48,2018-08-03 00:00:00
2ee3ac9eae989dd8029015f1cb956021,3776a22e0579b156f6c7664e0a9b640d,delivered,2018-08-23 14:21:50,2018-08-23 14:31:00,2018-08-24 14:56:00,2018-08-25 14:03:28,2018-08-28 00:00:00
359180fd55339aba98fec565c2e88ebf,98b4ba4e8a1d0b2877ca4161e3e03cd2,delivered,2017-08-14 14:33:26,2017-08-14 14:50:17,2017-08-15 19:02:56,2017-08-26 15:45:56,2017-09-08 00:00:00
23b1eb268049c1d2a04b22784867e75b,64d38c0ab6c52f6cb38f3f3db627ff8c,delivered,2018-07-01 21:19:33,2018-07-05 16:15:48,2018-07-03 12:06:00,2018-07-05 21:04:11,2018-07-30 00:00:00
a13566e1ef3931ee9fc63bc9903446bb,db29c736e0b18b8679863653beef3fe5,delivered,2018-07-09 15:47:59,2018-07-10 15:46:49,2018-07-11 14:48:00,2018-07-24 09:14:35,2018-08-01 00:00:00
47b6cc93a89600d942bc5dec4978e6a3,04cd1987a809f1275e80cfa0030b39b3,delivered,2017-05-04 21:49:52,2017-05-04 22:02:50,2017-05-05 15:24:46,2017-05-12 13:06:39,2017-05-29 00:00:00
ea1ac32e51a066d17b2ae8647eac38a8,e42a19f44a0a2587ff8217fa88527c2e,delivered,2017-09-05 20:07:13,2017-09-05 20:23:55,2017-09-13 14:46:06,2017-09-15 15:22:08,2017-09-22 00:00:00
ee28f84fa04da5254221a38a49924618,08d9fa34b8f63361201b4f2548c3c384,delivered,2018-05-24 20:12:30,2018-05-24 20:37:36,2018-05-25 11:26:00,2018-06-05 18:43:44,2018-06-20 00:00:00
42f7bf917a01e9df984da60684443525,0ab87fb389aa01d052cba00225ef7b31,delivered,2017-12-07 10:25:18,2017-12-09 02:38:32,2017-12-11 20:38:58,2017-12-21 18:09:16,2018-01-08 00:00:00
3018245b4917c2d6e6ad5deb7a5cc600,4671612422311f6cb6500de36abbce07,delivered,2018-03-04 16:45:30,2018-03-04 16:55:55,2018-03-06 00:41:29,2018-03-16 23:04:58,2018-03-27 00:00:00
163f8eb1b8e1a57c3ff383c09e13d42c,6964708c7ac9eb36c31193d480ec96f3,delivered,2017-04-13 16:00:12,2017-04-13 16:10:10,2017-04-19 09:43:15,2017-05-05 12:26:47,2017-05-09 00:00:00
1dec400990c7e09b4d4cadbf563dc393,b0bd07e1779b0141218d26e55f07ec58,delivered,2018-01-02 17:29:06,2018-01-02 17:37:25,2018-01-09 15:37:25,2018-02-02 20:45:02,2018-02-08 00:00:00
c11e4b7ceb73050e960f5b9ff6b75a72,0ea7e975722227d74d3df0dae03de8c2,delivered,2017-08-10 11:16:34,2017-08-10 11:30:14,2017-08-11 20:41:41,2017-08-23 17:42:12,2017-09-14 00:00:00
7ad268e7217705092ee455d9bd8d3aad,13e0be29519dd29995c22431c806d139,delivered,2018-05-14 16:48:13,2018-05-14 17:18:39,2018-05-15 15:39:00,2018-05-21 13:24:45,2018-06-05 00:00:00
12eb336877aa5f2ac2449e22b06ba84a,8ebccdc62dffa0f12b910ffed2214438,delivered,2017-09-26 09:13:36,2017-09-26 09:28:10,2017-09-26 16:25:21,2017-09-29 21:13:04,2017-10-24 00:00:00
d78e5c7a11bcb261103cb4269bd37fcf,56c0118c75dff04412ba1c7c41243dd3,delivered,2018-08-11 14:35:56,2018-08-12 14:30:17,2018-08-20 14:02:00,2018-08-24 18:03:44,2018-09-03 00:00:00
883ee9317106f1b48b157ecaddc83f64,ec067210c41cbde7668db4696ba7e222,delivered,2018-08-15 16:58:47,2018-08-15 17:10:20,2018-08-16 13:48:00,2018-08-23 17:36:39,2018-09-18 00:00:00
c8552e53c39ddd0a833f474899d5a966,d38229647c61a836c961b3c045c42a2b,delivered,2017-10-19 17:13:20,2017-10-19 17:28:08,2017-10-24 18:28:03,2017-10-26 22:22:35,2017-11-10 00:00:00
cba21bedbcfe88bcc7e6918e9555355c,24c7b4e5422cb09dd297eb1b3fc7565e,delivered,2017-11-30 15:43:15,2017-11-30 15:53:25,2017-12-05 19:46:37,2017-12-07 17:19:18,2017-12-18 00:00:00
25bdb01ef5c61f25fb821a72b1223a8d,13ce0586d3fbe51852a3891ee929c7b7,delivered,2017-10-16 23:12:19,2017-10-16 23:28:16,2017-10-18 21:33:48,2017-10-23 22:53:59,2017-11-07 00:00:00
f1631176a5776079ef8293f9c66f1a90,3b5a559898d679155d44fdc46c572d85,delivered,2017-04-04 19:53:50,2017-04-04 20:05:08,2017-04-05 08:22:36,2017-04-07 11:46:53,2017-04-25 00:00:00
e8250a89f967d49af320330c8660a9a2,d48576ca60e60c16d78400f3ac8ad9ed,delivered,2017-04-09 23:26:56,2017-04-11 04:02:13,2017-04-18 15:56:18,2017-05-02 09:59:51,2017-05-09 00:00:00
7e206e82d450357c6d35c6a4f69e0c24,325bf0d681bf083e68bc8aa53e1750ce,delivered,2017-05-29 20:37:01,2017-05-29 20:50:11,2017-05-30 07:30:06,2017-05-31 12:56:42,2017-06-09 00:00:00
e3c67a4bac0845d3ae12bb4ba0c667f9,99a33386a35dedf99ff14051353d0c13,delivered,2018-04-15 20:22:16,2018-04-15 20:30:58,2018-04-16 19:04:20,2018-04-20 21:22:45,2018-05-22 00:00:00
1cd27ea64a7708735cd38f4eae93a8d9,e948444f124792c053b8e3d009a3bd8a,delivered,2017-11-21 11:14:22,2017-11-21 12:31:32,2017-11-22 20:48:32,2017-11-30 14:23:31,2017-12-08 00:00:00
23558e6c96b846224ae65c90217b9caf,a83d26c9cc247262c5c8210d81cd2ae5,delivered,2017-05-13 09:43:02,2017-05-13 09:55:07,2017-05-16 16:02:15,2017-05-22 15:27:41,2017-06-01 00:00:00
25133adfabbfa91f52ed184519933c11,8fbbac627bea0879f8e10689ccc2993a,delivered,2017-07-10 14:55:01,2017-07-12 02:15:35,2017-07-18 18:18:00,2017-07-25 19:32:09,2017-08-01 00:00:00
1782847cd777a73e73b847dc72144d19,2588b4a39140feeab5d4ad3131067d25,delivered,2018-01-20 11:39:20,2018-01-20 11:57:48,2018-01-24 15:59:59,2018-01-30 12:23:40,2018-02-19 00:00:00
033c0d8e5bce8110d7900e088c75389d,77f5768427f2e8bc2958b4d206581529,delivered,2018-06-07 17:22:20,2018-06-07 17:37:55,2018-06-11 14:38:00,2018-06-14 18:32:51,2018-07-05 00:00:00
249139c9c4f86f01c083fbd3e8975916,d9075d7e457711f4bb74bd30f94be722,delivered,2017-02-21 22:20:27,2017-02-21 22:30:19,2017-02-24 15:47:42,2017-03-20 14:48:09,2017-03-30 00:00:00
b6c9788b02384545ab73b0ec85729995,9eadf355fd25351e0b159a7932d90f54,delivered,2017-08-02 22:47:59,2017-08-02 23:03:16,2017-08-07 19:08:34,2017-08-14 18:42:34,2017-08-24 00:00:00
0cf94dad2e99f0fb2c10e52d62c4e560,9382c9d760d5a61dbd8d18b2accc27f1,delivered,2018-08-19 18:39:12,2018-08-20 12:50:35,2018-08-22 16:04:00,2018-08-28 15:46:47,2018-09-03 00:00:00
60d7b5480cf32dcb95bbd0155f6c6e36,794b8e1820dacb6050f7c374fdaf5515,delivered,2017-12-12 22:57:21,2017-12-12 23:12:36,2017-12-14 13:28:42,2017-12-20 20:23:14,2017-12-29 00:00:00
2b7a74de7a07d7c71956b675cd98116b,c6905d999d1f43ece368224f28ffed47,delivered,2017-09-18 22:10:29,2017-09-18 22:25:37,2017-09-19 21:22:20,2017-09-22 21:37:53,2017-10-09 00:00:00
04b037305ba882bf9510568fe6c1615b,c7f2aa41726d05bcc6db32812fbf95ba,delivered,2018-01-13 17:56:43,2018-01-13 18:09:25,2018-01-15 16:29:05,2018-01-22 20:47:40,2018-02-06 00:00:00
183c26d5b5da5d721efce979e918d1ff,6b15985889e3ae40fe81049d1d4e2066,delivered,2017-08-25 08:47:46,2017-08-25 09:04:56,2017-08-25 19:59:56,2017-09-01 19:12:28,2017-09-19 00:00:00
95041d0854644b3f5210e99aae26234c,d56f09ea0b282b3dff43d71600d7b053,delivered,2017-08-04 12:41:49,2017-08-05 03:03:11,2017-08-07 14:06:51,2017-08-15 08:54:04,2017-08-28 00:00:00
620b1ca38d9baa23b6691ef54153af7a,68d2bb06560ddb0fd0f1cb5c13a75b38,delivered,2018-01-04 11:04:51,2018-01-04 11:13:21,2018-01-08 23:27:25,2018-01-17 20:47:46,2018-01-30 00:00:00
9d343b43e2a3552fdfaff5ad21a9af61,a0c5cbf7dae5ccd736f5c2576bccf564,delivered,2017-04-01 00:54:10,2017-04-01 01:05:30,2017-04-05 06:50:07,2017-04-17 17:36:58,2017-04-26 00:00:00
f9ae93cf1664881693318b7684ab45b3,d726d766a679f3818fa5324c8b4bad77,delivered,2018-01-14 20:37:27,2018-01-16 03:51:21,2018-01-18 17:26:50,2018-01-30 19:26:06,2018-02-09 00:00:00
21d7cc8e7e9305ef7b30554a2227493d,8411ebc48b2b55c49a6db456bdf84f46,delivered,2018-08-09 16:24:32,2018-08-09 17:35:17,2018-08-10 14:49:00,2018-08-27 13:42:30,2018-08-22 00:00:00
8e0681f2a4f1f64042b59780dc46125d,06dcae7b409e7ee3098993674b02f1c4,delivered,2018-05-21 16:27:39,2018-05-21 17:33:51,2018-05-23 14:53:00,2018-05-24 16:44:50,2018-05-30 00:00:00
d8c4293616878e2f015351d8f1445880,30dc4f27dcf5d2ebf9a48f7799229ad3,delivered,2018-06-11 13:51:38,2018-06-11 16:31:41,2018-06-12 15:44:00,2018-06-15 19:56:54,2018-07-05 00:00:00
5719025bca0cfdf25087cec11bd755a8,f1e88b685b2948d76c2b11b26c4801bb,delivered,2018-03-06 13:35:01,2018-03-06 13:50:48,2018-03-07 19:39:04,2018-03-10 20:38:23,2018-03-16 00:00:00
d1f4dfa01135ba65f2013f1c9e8dcc58,4d6ef25c25da36d22c1ffa42de71a136,delivered,2017-07-13 18:26:10,2017-07-13 18:44:05,2017-07-14 17:04:58,2017-07-26 10:17:43,2017-08-14 00:00:00
95640f66424853e44e3ffb0cdd8974f6,3f931d76579122411d593b5b919da7d0,delivered,2018-08-05 11:38:06,2018-08-05 11:50:11,2018-08-07 11:46:00,2018-08-16 15:58:57,2018-08-23 00:00:00
9e90b00b6d923fe64fa53888a5643760,bb5bc982bc0056028d8a86831da1611e,delivered,2017-05-31 21:19:45,2017-05-31 21:30:27,2017-06-06 12:37:19,2017-06-16 17:39:54,2017-07-03 00:00:00
66a8d9453b15cd3fe5a7322ad363ad7f,e17b90864f5b705f733e573bf2ba2a81,invoiced,2017-05-14 18:25:10,2017-05-14 18:35:20,,,2017-05-31 00:00:00
850a1a50b15538e71f05dab30ce0099d,9d45c597af42669c1c82e5bd832550b1,delivered,2017-10-20 09:46:43,2017-10-20 10:05:56,2017-10-20 17:18:09,2017-11-10 14:32:37,2017-11-09 00:00:00
a3ba7fa5266d62188949da3d6ccc3884,66291a46c0d82f09f3b211f6cbfc37c0,delivered,2018-02-06 14:10:08,2018-02-06 15:55:54,2018-02-07 22:41:57,2018-02-26 14:48:49,2018-03-08 00:00:00
26fc240b5fd33abb402b5ccef557ec7a,f9a8d0892028ccdbc5fbd0f1966841ad,delivered,2017-08-14 10:08:53,2017-08-15 12:55:27,2017-08-16 20:57:36,2017-09-01 18:08:09,2017-09-20 00:00:00
0cc893e70885ba7fc151e85141326ef5,55836520f2093cbfbbcc28fa0de53223,delivered,2018-08-14 11:40:48,2018-08-16 04:35:14,2018-08-16 14:41:00,2018-08-17 22:58:49,2018-08-20 00:00:00
4b219c12fdb241d6c04908f66f8133bd,c458b7d924dbf3e547f4fe02a7229d9c,delivered,2017-07-23 15:52:03,2017-07-23 16:05:25,2017-07-25 14:29:35,2017-07-26 14:56:36,2017-08-07 00:00:00
5f5d82c66499b9a72f7e8071477aee00,2e3a0d5dfa1d77144e41d8219fd8934f,delivered,2017-10-31 19:33:20,2017-10-31 19:47:43,2017-11-01 18:33:02,2017-11-03 16:29:53,2017-11-10 00:00:00
d25091a3e5d9d4a0a83ad9413f8828d2,0d4f8e1cec254ed9c1fd1b02d26fabf8,delivered,2018-05-10 07:34:35,2018-05-10 07:51:41,2018-05-10 12:08:00,2018-05-16 18:28:45,2018-06-11 00:00:00
70b6d521ebcb927f3a990459bc4a7c49,be17c41e62ef70c6c56d94abcc38d7d6,delivered,2018-01-22 14:28:06,2018-01-22 14:36:29,2018-01-24 22:27:15,2018-02-08 19:08:57,2018-02-22 00:00:00
ca912a872db02043825792fbae103921,86babf05fcecf5b9c1f1d6a9c42b49f6,delivered,2017-09-04 16:39:26,2017-09-04 17:15:22,2017-09-05 19:55:52,2017-09-12 17:13:42,2017-09-28 00:00:00
97cd8f499c48c7f5ddc59d8e9d79f314,cfafd394b1da74f1efafa1e733f25bfa,delivered,2018-06-05 11:11:48,2018-06-05 14:31:50,2018-06-08 09:51:00,2018-07-10 14:12:20,2018-07-13 00:00:00
68507de712879fdc905ed762ee009d0b,31d42a8bea9c9a90ff89130fadc78477,delivered,2017-11-28 18:28:30,2017-11-30 02:24:14,2017-12-02 14:07:57,2017-12-11 16:46:58,2017-12-18 00:00:00
b7e27e42f8977f361d7a169003a0bd51,7d9b47e1d596469583d9a81a309406cb,delivered,2017-05-23 13:26:58,2017-05-23 13:43:06,2017-05-25 11:49:15,2017-05-31 12:44:52,2017-06-14 00:00:00
65377f2460bd19606a6279134627ca05,12e5815197a9e9eee704d54acaccdc27,delivered,2017-04-22 17:22:12,2017-04-25 07:42:10,2017-04-26 12:16:56,2017-05-03 15:13:58,2017-05-17 00:00:00
36db19001f33a6f23042adbc4a0e30a5,2421c7be6e7456c06f434ff26cb4223a,delivered,2017-08-28 23:02:43,2017-08-28 23:31:09,2017-08-30 17:17:52,2017-09-08 20:51:37,2017-09-19 00:00:00
020d90b47730f065a03723587c20a57f,87fa03356ab0502083e0359921f4b780,delivered,2018-04-27 11:14:54,2018-04-27 11:30:31,2018-05-03 14:27:00,2018-05-04 21:42:50,2018-05-16 00:00:00
e1f0086d7b409eb76308869bdd4e39b5,b823898132fae4b6627d8d3a9847ab23,delivered,2018-08-09 18:13:21,2018-08-09 18:25:16,2018-08-10 12:57:00,2018-08-16 18:48:40,2018-08-22 00:00:00
5f2f7f1d1bdd3ca990d45003f8f3c522,eaf9f909ac21d94f5f26666f93b05efb,shipped,2017-08-25 23:34:46,2017-08-25 23:50:13,2017-08-28 15:43:22,,2017-09-22 00:00:00
d5242ba9470b26e23e540d936c9c59b0,bc41e7e83e0cfe073564836a0d3a7645,delivered,2018-03-05 09:53:46,2018-03-05 10:09:35,2018-03-13 22:38:37,2018-03-22 17:22:42,2018-04-06 00:00:00
7d00513b69718715b52d242ae838730e,baf139d17c0df8f5a049b57af7642f3a,delivered,2017-04-10 19:52:53,2017-04-10 20:05:12,2017-04-13 15:14:10,2017-04-20 11:34:45,2017-05-04 00:00:00
ad570565d539dc76d6573905696f1a0d,5b0d3d9c76c0a60b0391d4d9de71636d,delivered,2018-04-01 22:08:09,2018-04-02 15:32:30,2018-04-03 18:38:55,2018-04-21 18:18:43,2018-04-30 00:00:00
ce22c4e0009f3c42ea02d36a32e2b91b,a16ee97d596fd929d9f9c24262e3af3f,delivered,2017-07-06 08:12:15,2017-07-07 02:45:25,2017-07-07 15:59:36,2017-07-21 16:39:50,2017-08-01 00:00:00
17154f3e0cb2f2ecf1f80653696ec3eb,28dd24c1893bfe62156c422f3b1c6146,delivered,2017-10-30 10:42:16,2017-10-31 21:31:11,2017-11-01 19:47:30,2017-11-29 10:40:28,2017-11-13 00:00:00
9c595e16a30ed3d4190c5d512eb1ad17,9c966ae5331919d6657daa55149999a9,delivered,2018-04-21 15:50:54,2018-04-24 18:04:02,2018-04-23 22:51:11,2018-05-19 00:56:43,2018-05-17 00:00:00
2bc2d6094a9d3a086277687c589123af,1300309886aad22fdd4ed0f2d088cb3e,delivered,2018-03-31 15:54:55,2018-03-31 16:10:18,2018-04-03 19:38:37,2018-04-13 21:12:03,2018-04-25 00:00:00
6c27984bddb654e222cd1b9a238d2e74,722dd6e14d2f43121531d24edae4e1e7,delivered,2018-05-17 16:38:34,2018-05-18 04:54:43,2018-05-18 13:51:00,2018-06-04 15:51:46,2018-06-11 00:00:00
7a3f8080c604ded6519cd5b601f690b7,804e210975d02fbfc866515639f30135,delivered,2018-05-06 11:28:38,2018-05-06 11:50:28,2018-05-14 13:52:00,2018-05-30 13:07:50,2018-06-05 00:00:00
c3e40fee340399205d38e93fe4fa21d1,ea5e1759ecfbe4732f821faeda4eaf0d,delivered,2017-10-23 13:08:00,2017-10-24 03:56:24,2017-10-26 13:49:47,2017-11-03 21:13:38,2017-11-14 00:00:00
88857d91dc3370190060f4b06041e708,5e39e3191dfd85aae4d6142570b57297,delivered,2017-12-04 01:27:58,2017-12-04 01:38:39,2017-12-07 00:04:10,2017-12-27 13:06:13,2017-12-27 00:00:00
adfbf6c2a620196f9a3ec747491c72b7,5b670130533827957619dfe306899fdd,delivered,2018-01-29 19:54:35,2018-01-29 20:12:11,2018-02-03 17:12:50,2018-02-27 13:27:35,2018-03-01 00:00:00
8dea6d01aada11dcf29deef2e364ec7c,af79a103d1cc45faaa5b599240c647f8,delivered,2017-08-14 09:42:17,2017-08-15 03:55:19,2017-08-18 17:24:42,2017-08-24 21:57:52,2017-09-13 00:00:00
7b2a386afd3204c89e56c280c352360f,ae50af5e4ca14b19a311752271ab9166,delivered,2017-11-13 19:53:29,2017-11-14 03:36:00,2017-11-14 23:57:46,2017-11-21 14:25:45,2017-12-01 00:00:00
12e5dd0c975bc753570697dfc4901596,ccd4696409883784ec3125db911072e2,delivered,2017-05-30 18:54:05,2017-05-31 06:50:24,2017-06-02 10:26:13,2017-06-07 14:41:34,2017-06-22 00:00:00
d265a381a2364eafd9b07a7800ccbee6,b4db5729c518c40199e3ecab87a33843,delivered,2017-12-13 02:38:27,2017-12-14 02:12:06,2017-12-15 17:29:29,2017-12-28 15:06:49,2018-01-10 00:00:00
760df3891e22cf70c392a223b1c7e929,f583d14f88786e6534a3accf5a082b75,delivered,2017-11-28 10:17:50,2017-11-28 10:40:31,2017-12-01 23:05:01,2017-12-13 19:43:35,2017-12-29 00:00:00
f119f2d71c96714540bb893bff51e122,4f999370ed9377175722063352c8db16,delivered,2018-05-31 22:31:15,2018-05-31 22:50:28,2018-06-01 13:06:00,2018-06-02 17:28:32,2018-06-26 00:00:00
e4a95c672918cd518a26dd7426ddd817,99dbaf35f133854e08dd7de1a74b84bf,delivered,2017-03-27 07:17:54,2017-03-27 07:30:11,2017-03-28 11:42:58,2017-04-06 17:24:25,2017-04-17 00:00:00
b04788c970b01f09f759c59e5dfaf09b,c34dab876dfb39d86d68b291d84488f6,delivered,2018-02-15 12:31:35,2018-02-15 12:47:50,2018-02-16 21:53:12,2018-02-21 16:47:39,2018-03-07 00:00:00
b2b8934746a9afa7b38c8c1f88268ecb,681986e7db7f47399570f6ed6a34f53c,delivered,2018-08-02 12:06:07,2018-08-02 13:04:06,2018-08-08 14:20:00,2018-08-13 21:38:56,2018-08-20 00:00:00
affeacf7cc639bfc67240a58cd12e3e0,d4f50b1276863410efabe595b9691bbb,delivered,2018-05-10 17:03:16,2018-05-10 17:37:42,2018-05-11 11:55:00,2018-05-18 17:20:58,2018-06-11 00:00:00
c1d56b2ecba4d7cef028f838f3a460d7,841588ec55d017bfc541493da447ce61,delivered,2018-04-02 19:52:52,2018-04-02 20:09:38,2018-04-03 18:38:44,2018-04-11 23:35:22,2018-04-26 00:00:00
9a3e437ab219133c20a7033be9087edf,3c03fed2df425b8291c5913c52b51b84,delivered,2017-01-07 20:45:31,2017-01-07 20:55:10,2017-01-10 13:46:14,2017-01-17 11:38:10,2017-02-07 00:00:00
ff3b94727ca0765e98e12e3eda65f82f,4cd92fd443bd63320e3220e90ca48c31,delivered,2018-02-04 17:11:33,2018-02-04 17:49:02,2018-02-07 18:18:53,2018-02-23 22:03:28,2018-03-06 00:00:00
92e1642faecf2c2b85b739dbd78bc429,bff3154a4457a06b7829afb3d237231b,delivered,2017-09-22 10:43:01,2017-09-22 10:55:14,2017-09-22 21:17:53,2017-09-29 22:37:31,2017-10-09 00:00:00
801efaf8f3dc441dfd2e48e11ae56625,a8ba6112c4cc9209f80f14354e2d50a3,delivered,2017-12-12 08:39:09,2017-12-12 10:32:39,2017-12-13 18:38:53,2017-12-18 20:09:12,2018-01-11 00:00:00
c3446ae06c997834544dd978e2c4cf7c,340172e02c380c49afcd9cfc2dcb8dae,delivered,2018-04-30 12:13:31,2018-05-02 09:14:54,2018-05-03 16:45:00,2018-05-17 18:44:20,2018-06-05 00:00:00
eaaee645b1c3232e02feea76ef993a9e,a02c3848a807fdc92f85e7f72225e1f9,delivered,2017-05-10 18:13:04,2017-05-12 02:50:30,2017-05-16 16:54:29,2017-05-22 14:37:51,2017-05-30 00:00:00
b36d9c84b0033e4366759f851db473a8,6b23bd7d2d73082f729ce2be985ce562,delivered,2018-07-24 21:17:34,2018-07-26 03:24:17,2018-07-31 14:53:00,2018-08-08 13:22:10,2018-08-17 00:00:00
0c635f2fc897dc04b56643f997f25d33,f99b5c67d9517ee04168e778a38581e1,shipped,2018-03-17 16:43:04,2018-03-20 03:28:22,2018-03-21 19:04:12,,2018-04-17 00:00:00
34e63d1843fa8269ed932133c6b58a3f,239455f28434a06ae5f5c0a97eb0f718,delivered,2017-07-31 12:32:16,2017-07-31 12:45:15,2017-08-02 15:42:52,2017-08-16 16:00:12,2017-08-30 00:00:00
b6718d42f2393bde8ae9b32034d0384c,eea7c7cae7cb169c210ed31a5b25180c,delivered,2017-09-02 11:53:10,2017-09-02 12:05:40,2017-09-05 18:21:56,2017-09-12 20:41:54,2017-09-22 00:00:00
6942aa7dee89fafe04b6ff790e74912e,b9e6598bfc63561d92e38ba3af29aeca,delivered,2018-04-08 21:59:45,2018-04-10 03:55:26,2018-04-10 18:58:36,2018-04-14 04:42:04,2018-05-07 00:00:00
0328d8f9de9ac416aef56ea44972a5d8,93981a3a039274f7c0f9dfaa22318d78,delivered,2017-10-18 16:06:09,2017-10-18 16:34:55,2017-10-19 15:49:05,2017-10-24 14:38:30,2017-11-07 00:00:00
b410dc915246a26c7dbf229a2a521f45,13f26b28be5fac505750a3928f6e7a71,delivered,2017-08-20 08:48:06,2017-08-20 10:32:21,2017-08-22 20:27:44,2017-08-24 18:23:57,2017-09-11 00:00:00
ad5bf590212b05339591fac819fec669,61c40fbd64ecfee5270d6f9f2202c484,delivered,2018-05-26 11:41:20,2018-05-26 11:55:12,2018-05-28 13:27:00,2018-06-04 20:11:03,2018-06-28 00:00:00
0b35523db4e1c1ee70badc36fc9a4dba,8f37482013a6566f7d5610c5210a096e,delivered,2018-03-22 11:06:10,2018-03-22 11:15:52,2018-03-23 03:35:02,2018-03-29 19:48:45,2018-04-27 00:00:00
94392cf6467d0d71ec5fcab718cf3094,d20b51ca1b75f352d433945310a4d92f,delivered,2018-01-05 22:22:05,2018-01-05 22:32:28,2018-01-08 15:54:42,2018-01-29 18:38:40,2018-02-08 00:00:00
ca4cdcd5dd22d5e149f43c6a7bc647b8,84f4922d699c6dab0edd9af96127daae,delivered,2018-04-25 14:13:22,2018-04-25 14:33:18,2018-04-26 15:24:00,2018-05-08 00:03:46,2018-05-15 00:00:00
39c31edc53ca82584b62224bcbce3801,4a7c91686b03dd70aca918a3a3ffdebd,delivered,2017-08-15 19:50:54,2017-08-15 20:45:04,2017-08-16 21:13:28,2017-08-22 18:33:40,2017-09-08 00:00:00
3172aacd2f6930dd21d765190030ff56,6bb83f8a83c23d64aec3dcb40008768f,delivered,2018-06-13 22:59:01,2018-06-13 23:38:36,2018-06-14 14:48:00,2018-06-16 01:45:38,2018-06-25 00:00:00
2de2a81f489e7ac7cc08d8e49dbd6c13,6ecc9ffea3c99ee79b129141c425a686,delivered,2017-10-28 19:51:27,2017-10-28 20:05:51,2017-10-31 16:03:54,2017-11-03 20:53:42,2017-11-22 00:00:00
8d6eadbda0197bd0dda13db3e179117e,94510e601285af55c734ebb2deef6859,delivered,2017-11-28 14:08:14,2017-11-29 02:22:36,2017-12-01 19:28:57,2017-12-13 16:36:40,2017-12-20 00:00:00
af3cf27fd4a38a5663f9e15f0fc8b984,3089385be2a012ced96c93c321ba78fb,delivered,2018-03-09 08:35:50,2018-03-09 08:48:27,2018-03-09 19:18:33,2018-03-16 17:58:28,2018-04-12 00:00:00
eb26692da69e9d30670c6e364921c1d3,57f15f1d728bd575e612f8e997f9c04d,delivered,2018-04-26 21:53:59,2018-04-26 22:11:00,2018-04-30 06:23:00,2018-05-05 17:36:42,2018-05-21 00:00:00
3669a1658de0b6df4a21845696974094,6cb4c7f27681594075676ae0db2b2986,delivered,2018-02-18 03:46:21,2018-02-18 03:55:25,2018-02-21 20:56:41,2018-04-02 18:44:24,2018-03-21 00:00:00
2f72a08e8fc765e47fd2f4f2eb7a3704,b2094bed49f0b4ad05a770234d42af20,delivered,2018-08-23 10:47:14,2018-08-24 04:05:12,2018-08-24 11:53:00,2018-08-29 19:06:43,2018-10-01 00:00:00
a75aad2fd41164a516a1257b45670f4d,18787b752a0bbc71f492be954553e985,delivered,2018-02-27 19:39:21,2018-02-28 10:15:32,2018-03-02 10:58:53,2018-04-20 19:57:30,2018-03-20 00:00:00
53d5259ef5bbe36d8c79dcf455328dba,5e67f305818c42335d4a735777e05cb7,delivered,2018-03-15 16:04:46,2018-03-16 16:09:48,2018-04-03 20:33:03,2018-04-19 20:08:48,2018-05-02 00:00:00
cb59450fc63a9e7303fb29fbd71748a0,30a92a7d3358014c9dfda6b5ec841b44,delivered,2018-08-13 13:14:08,2018-08-13 13:44:25,2018-08-15 09:03:00,2018-08-23 17:26:43,2018-09-26 00:00:00
631e1f23f43b7ccee3a0792a1852c931,b58dcebd1080a35715998c1c6b9f4d81,delivered,2017-11-24 01:39:47,2017-11-25 03:34:30,2017-11-28 23:07:36,2017-11-30 23:47:05,2017-12-11 00:00:00
51b3d3b824ebde9c8e8d84d17e98d88b,659affc86c33bd8d4a7a551a1d721c59,delivered,2017-05-08 12:49:28,2017-05-08 13:05:49,2017-05-09 12:44:37,2017-05-24 06:12:01,2017-05-31 00:00:00
7a1fadde9a014947dc553d03acec903c,1157f1b869ab1f5edbbdfaec8169a3f3,delivered,2018-05-08 21:49:05,2018-05-10 03:10:14,2018-05-10 15:34:00,2018-05-30 16:33:19,2018-06-21 00:00:00
2ec9a4e04a3eaafb24145d4b619d4e5b,bb9971033e1b456cc4a6bb92a46591ef,delivered,2017-07-07 23:22:04,2017-07-11 03:50:16,2017-07-11 18:07:39,2017-07-21 17:26:42,2017-08-10 00:00:00
198f0c6f61edd39b202f7ca9091f1ece,6995cb3bb43e00de50cdc447cea8cd74,delivered,2018-08-10 14:53:51,2018-08-10 15:05:18,2018-08-15 10:33:00,2018-08-20 22:57:51,2018-08-29 00:00:00
42c2a157693d131ba7b7a4388ff9c21e,d374fb73810313335ae41f1e4cebe22c,delivered,2018-06-27 16:40:01,2018-06-27 16:55:20,2018-07-03 05:28:00,2018-07-06 13:58:53,2018-07-27 00:00:00
6bd3f20d0cd7f8585d0dc4056646ced9,d475c4d0fc60512dd6c566c7d676d6fe,delivered,2018-04-20 10:12:56,2018-04-20 10:33:15,2018-04-20 19:42:05,2018-04-30 13:44:42,2018-05-15 00:00:00
361b25aadc736b36d30d7ecb84117c31,1b2eee54eeb59382525787aeb6329bb5,delivered,2018-06-03 21:19:21,2018-06-03 21:30:10,2018-06-05 10:15:00,2018-06-23 11:26:41,2018-07-16 00:00:00
a9bfa6ed984d0688f6e53d537d9f69b0,2e086d3b6cceaa2d572fd61882927b96,canceled,2017-07-26 17:06:02,2017-07-28 08:35:36,,,2017-08-08 00:00:00
464fa85d33903ce6bbc98bc18223dfe2,826b728b12e365d25f6bc3cdf741ee8a,delivered,2018-06-11 17:16:10,2018-06-11 17:40:36,2018-06-13 12:33:00,2018-06-18 14:39:00,2018-07-04 00:00:00
dcaeb1396857c15c0cba7456fb469c3e,84e06b0b8018523fa9dc798e10d9a1bd,delivered,2017-11-13 12:07:07,2017-11-14 03:46:32,2017-11-14 19:53:08,2017-11-20 17:14:50,2017-12-05 00:00:00
613d338b0c2fb3b1dd0a73d6f3bfbdcc,b21a7906cbe11eb7501347233fa7bc7a,delivered,2018-01-09 14:39:23,2018-01-09 14:51:37,2018-01-10 18:42:35,2018-01-18 22:09:11,2018-02-02 00:00:00
0f72cb4b59a055ff45e334ecfe7cfee1,ae3ce308f85e15bf567f0c3f7ed0c1cb,delivered,2017-10-25 23:38:10,2017-10-26 02:33:04,2017-10-26 18:58:01,2017-10-27 19:45:54,2017-11-13 00:00:00
f809dbd06c5d2816ae17cae070339ed6,7c629fbcb45f2b7dddac145b8de1ef9e,delivered,2018-06-13 06:52:35,2018-06-13 07:13:07,2018-06-14 13:39:00,2018-06-29 17:09:06,2018-07-16 00:00:00
3c2cc795eaa5a2e2781b13d50f54ce11,ef1a32b28d9f91c5bb5d9e090988cc46,delivered,2018-02-05 01:24:27,2018-02-05 01:35:24,2018-02-06 14:53:44,2018-03-01 23:59:26,2018-03-09 00:00:00
67ac603e90054a9d303d24bd48fecaa5,ef1eff472a8b759da492a2c060b23273,delivered,2017-10-27 19:27:58,2017-10-27 19:46:27,2017-10-31 21:03:02,2017-11-14 21:58:37,2017-11-24 00:00:00
b75a194685421be6ebb7b18c2ec9faa3,63a1b05b88005f6b669c49572da62f6f,delivered,2017-11-06 14:37:30,2017-11-06 22:36:24,2017-11-21 17:22:26,2017-11-28 22:39:03,2017-12-07 00:00:00
8c53283eca3bc0e603a48f2b8725e96f,460137bbe214bff87bb79f1c0aa1de66,delivered,2017-02-18 15:41:49,2017-02-18 16:20:15,2017-02-21 12:41:37,2017-03-01 15:17:40,2017-03-17 00:00:00
3cf387bb14e9db171ccbb9b87ea607bb,0b240c246a1a3eceb71f40a707cc23c9,delivered,2018-02-27 10:55:42,2018-02-27 11:09:53,2018-03-12 18:18:29,2018-03-19 19:44:44,2018-03-23 00:00:00
12b565379c9d4cf9752858a558325014,633429bf89b9c39b4269ebe8936f16e7,delivered,2018-03-07 13:35:47,2018-03-07 13:48:09,2018-03-13 23:17:39,2018-03-21 01:07:45,2018-04-09 00:00:00
9c97b6fd565f95265f18684e83c99bd3,dd563e74bbb43d435ebd0628fcb42852,delivered,2018-02-08 14:00:52,2018-02-09 18:50:33,2018-02-14 15:48:39,2018-02-27 20:28:49,2018-03-06 00:00:00
0f7f5047fb2535359f03240b1697085a,5890deddf0b6b96d8efbe6e96f0cdc88,delivered,2017-10-23 09:45:35,2017-10-23 09:56:23,2017-10-25 21:47:28,2017-10-30 22:07:56,2017-11-10 00:00:00
0a0cda0a8f1fac8330c16b7a8b38bfb8,bb0ca8e854a4a269f7d18895837927f7,delivered,2018-03-07 17:51:50,2018-03-07 18:10:17,2018-03-08 20:16:19,2018-03-22 14:04:09,2018-03-29 00:00:00
4543bf01c903f993fb532fcd4e147267,901deca092d5979cdeb993afc23792d4,delivered,2018-04-09 10:01:08,2018-04-10 09:55:16,2018-04-11 18:51:04,2018-04-23 23:46:33,2018-05-03 00:00:00
dca570055f40d024d88a2d48de7e502e,b543260a569103c1b2001040989d1dae,delivered,2017-11-11 08:32:06,2017-11-14 04:10:36,2017-11-14 17:02:25,2017-11-20 19:31:35,2017-12-08 00:00:00
4391a26ed0c1a51aab108f63313c0b28,0779a3ea937f2e3faf95a21494a9a917,delivered,2018-03-05 10:57:07,2018-03-05 11:15:45,2018-03-07 21:54:34,2018-03-21 16:53:06,2018-03-26 00:00:00
caf10b4f81696bae84a2448c0767b3b0,b63c9cfc5dcb06ed307ca95957fa216c,delivered,2018-01-11 10:56:15,2018-01-11 11:09:12,2018-01-13 01:13:05,2018-01-16 19:07:03,2018-01-26 00:00:00
9b11f3c4f8e84ce1374d64914b6a00b0,a9c0084d26d27e5606169d2ba260bba3,delivered,2017-05-05 21:07:46,2017-05-05 21:22:22,2017-05-08 11:44:14,2017-05-13 11:21:59,2017-05-30 00:00:00
ec02fec9423ae39b2f91ff964bdfd87c,3c25754d740689baf315fde841fe8062,delivered,2018-05-17 16:35:33,2018-05-17 23:33:34,2018-05-18 14:31:00,2018-05-21 20:19:53,2018-05-30 00:00:00
1f06e0b20a4b5a839950bf1f9f779957,b3e20bc2f01a785db7cf2ca23a0929fd,delivered,2018-08-04 21:52:27,2018-08-04 22:05:09,2018-08-06 14:21:00,2018-08-09 14:57:52,2018-08-16 00:00:00
07bf5c685616f41e3e2ec06b6f5623ff,8ba0d90bb352406b0005d8c54ddb93c6,delivered,2018-02-26 09:47:20,2018-02-26 10:11:15,2018-03-08 22:01:33,2018-03-23 02:22:04,2018-03-23 00:00:00
09af242285bcc7d2f8b12ce33dcfcb7f,64a097bd5b5ee7b766f29547a2bfdc40,delivered,2018-01-12 22:17:04,2018-01-12 22:28:24,2018-01-17 22:35:56,2018-01-29 21:42:25,2018-02-16 00:00:00
8a5631237c1d8626971f2867b25c076e,3e6ed5c2c1fc1db541037c7d9577d675,delivered,2017-05-11 14:52:11,2017-05-12 15:02:41,2017-05-15 13:58:22,2017-05-23 11:47:56,2017-05-31 00:00:00
0a65a87966cf47b05a559b462c8754dc,d5474fd02ad681bd3aa0e1f62b962b4f,delivered,2018-05-30 11:19:02,2018-05-31 03:15:24,2018-06-04 15:31:00,2018-06-05 12:52:09,2018-06-25 00:00:00
4cecffb90b6d7da8034c59c80ac60086,dc32f9add7f63d48c4cd2b6956e55380,delivered,2017-11-16 15:50:27,2017-11-16 16:09:20,2017-11-17 17:22:47,2017-11-24 18:54:24,2017-12-13 00:00:00
d233c4818e81c8e59a0b974210ae88a7,972baecb256cb559fa77c35e421c39b1,processing,2017-09-26 13:02:12,2017-09-27 03:05:58,,,2017-10-31 00:00:00
f77a966a5b4d9d5e7bbf4f70d3d57a65,30d7816f8e28564779e017bebac41d39,delivered,2017-03-29 20:17:57,2017-03-31 10:25:21,2017-04-03 16:39:56,2017-04-07 12:56:17,2017-04-18 00:00:00
f23a386d7f29aef06a450737a8239bc2,d1be6810c65bfd8455ceeccc8bb97706,delivered,2018-05-20 13:26:29,2018-05-20 13:50:12,2018-05-22 07:07:00,2018-05-24 15:58:39,2018-06-06 00:00:00
839b7051ec3965f51479de677b695b59,d84969f52347f5ec46c190faf18437b3,delivered,2018-04-21 16:00:29,2018-04-24 17:56:09,2018-04-23 23:32:59,2018-04-24 23:48:51,2018-05-10 00:00:00
9b154f568f003a7bb924121e0f6bec40,8ccafc03ea8240cdbb0e0ad195be5411,delivered,2018-05-27 18:47:10,2018-05-27 18:55:20,2018-05-28 10:01:00,2018-06-14 16:52:37,2018-06-29 00:00:00
51274dc531d06d31c1e36aeadd41bc05,c1082c577614757615b849f2e56471e0,delivered,2017-11-25 01:52:27,2017-11-25 04:14:29,2017-11-28 00:52:33,2017-12-07 01:12:55,2018-01-10 00:00:00
cea2fe1d50aefdd1f048eb16503e32b0,5e7c18a22bb8127eb99cafacc1801bfa,delivered,2017-09-29 18:57:45,2017-09-29 19:07:14,2017-10-02 19:38:53,2017-10-06 20:46:49,2017-10-30 00:00:00
cd95c47ac16f038d3b47edbcf984d942,06a2aad63bd0acb89e39ea3c8dd8263a,delivered,2018-08-20 22:32:41,2018-08-20 22:49:49,2018-08-21 13:10:00,2018-08-27 14:39:42,2018-09-05 00:00:00
17af4418ba1023eaf47d0b84ad656c42,11db63d961c182ad4528247f61bf42e1,delivered,2018-01-10 13:41:59,2018-01-11 02:36:18,2018-01-19 19:48:49,2018-01-25 15:38:47,2018-02-08 00:00:00
d6000a48fcae57594e206e24ad3db5a8,1ce20bce5f8cdbc2f8b32dac98b7ac39,delivered,2017-06-24 11:43:21,2017-06-24 12:37:32,2017-06-28 13:24:57,2017-06-30 11:46:38,2017-07-18 00:00:00
615cc334a44e9fdc646ece2bd6de2c26,b5d86378a4bb9da33e1b66f4100ec9dd,delivered,2018-04-22 13:54:12,2018-04-24 19:09:30,2018-04-26 14:46:00,2018-04-27 23:40:51,2018-05-09 00:00:00
61f3f649c1807a50b9bc39838901a844,d65e28d2294fbbb0478399253357ed8c,delivered,2017-05-03 11:39:00,2017-05-05 02:25:10,2017-05-10 09:17:01,2017-05-16 11:03:35,2017-05-31 00:00:00
745ec59acda70b8a8aa10a28f36b50f2,d151c22c0b3a96aa714ede5e3e0320bd,delivered,2017-05-28 14:45:44,2017-05-28 15:01:55,2017-05-29 10:02:25,2017-06-06 08:41:29,2017-07-05 00:00:00
09684ae9062cccfa9bbd158453857401,d5774716ffceb3b77efa1c03fefb022b,delivered,2017-12-29 15:31:57,2017-12-29 16:07:53,2018-01-02 20:02:49,2018-01-12 21:23:22,2018-02-05 00:00:00
0eae0f41c21b51e8e0cac72a9548c7fe,75266ba4029d4d8598177c7a906e952a,delivered,2017-11-24 09:33:15,2017-11-25 04:55:15,2017-11-28 17:13:40,2017-11-30 03:54:30,2017-12-11 00:00:00
3cc9d5a300b1d161dc58ab94a27f4875,f4c30b52f5f21b8c73247a7bea771aa1,delivered,2018-03-23 06:15:20,2018-03-24 11:32:23,2018-04-03 17:10:51,2018-04-10 20:24:38,2018-04-17 00:00:00
96579b3ca52d82b041b4fc2be5ffb7a9,aca07363faae329c661a78cde67fa9c7,delivered,2018-01-10 08:27:45,2018-01-10 10:31:50,2018-01-11 14:21:51,2018-01-15 18:06:20,2018-02-05 00:00:00
2c4332bcf4179d16ad05541d8ddb7f58,457aeeec2a336c2fb6d7d4c8b28e621c,delivered,2018-05-21 12:30:23,2018-05-21 15:31:51,2018-05-22 12:26:00,2018-06-08 11:40:59,2018-06-12 00:00:00
0573f95b59b51f2d7d98d882d64e05dd,996c755332451ffc8970c79ee2139dfc,delivered,2017-10-18 21:51:05,2017-10-18 23:28:18,2017-10-19 15:44:57,2017-10-27 23:17:57,2017-11-09 00:00:00
810ea3f99fb113258f0ddba1e22288a8,07b76545955bb12bf63e6e5cfcaf60b5,delivered,2018-03-20 16:37:51,2018-03-21 02:56:21,2018-03-21 18:34:49,2018-04-06 01:08:57,2018-04-17 00:00:00
538f56b420aef05904848cded0109e02,ff8b10ae20558c8201652e505e41b0fb,delivered,2017-05-29 12:53:04,2017-05-30 04:15:18,2017-05-30 10:35:24,2017-06-07 16:00:12,2017-06-23 00:00:00
60e973e2a18fd001d175e5bdd83a2e2f,b58fbf23126951dc9923dac0a51e0dbe,delivered,2018-04-20 17:07:28,2018-04-24 18:13:25,2018-04-24 18:18:39,2018-04-27 18:58:40,2018-05-17 00:00:00
32fdcc586467aa637465758e27c36f6c,f9db12713a1ee58b8ecbfef4943a95d6,delivered,2017-08-13 14:22:44,2017-08-15 03:50:21,2017-08-16 17:04:38,2017-08-29 18:05:18,2017-09-11 00:00:00
eed8debf59615c453bc1ebeccc519bb1,1911d37a93b5c3c8769f3d5927818bdd,delivered,2017-10-26 21:13:54,2017-10-26 21:26:37,2017-10-27 17:04:02,2017-11-07 18:52:14,2017-11-23 00:00:00
31db4f9c6c262ac89aab6f7e4c9014e7,533a802ab85028e2ac3771bab3920e8c,delivered,2018-04-05 16:09:49,2018-04-06 16:10:42,2018-04-10 17:16:51,2018-05-01 18:27:19,2018-05-14 00:00:00
8fb7236f391b9205b932db6f239478c0,40e6102abbae17bcfd69cd6feaedf315,delivered,2017-11-27 23:25:48,2017-11-27 23:39:22,2017-11-28 23:18:54,2017-12-07 17:33:45,2017-12-19 00:00:00
3311cd7f364b477a3538e0f96acc9403,18977eef0afd3c5025c50cfeaaf1dd2b,delivered,2017-10-13 15:12:15,2017-10-13 15:49:33,2017-10-23 19:36:00,2017-10-31 22:46:56,2017-11-09 00:00:00
6ee1c0ae2850fce0967f050c82d6a532,34be6f90979b8a6c6b881e48bde327cf,delivered,2018-08-20 07:07:54,2018-08-20 14:11:08,2018-08-22 14:16:00,2018-08-23 22:18:52,2018-08-23 00:00:00
0667c8670e40ad2783c71d45ceb361e0,2d0fe5ffb462d2ee79285cb1d75e8fbf,unavailable,2017-08-27 20:25:18,2017-08-27 20:35:20,,,2017-09-20 00:00:00
d61bffbc774423716f28903a5df2c4f8,5e9470d01097fbbc867ba33e2951da37,delivered,2017-11-27 14:05:17,2017-11-29 13:58:35,2017-11-30 23:16:36,2017-12-26 15:59:38,2017-12-19 00:00:00
e77b2b3ed9f949ad731cb0cc10a59000,0841a3b87693f387daef11ec89e33d8a,delivered,2017-06-17 21:21:25,2017-06-17 21:30:15,2017-06-19 21:22:13,2017-06-28 15:51:54,2017-07-11 00:00:00
776a4baf188ac5bceac98950a0c2d0e6,9b346222f99aa5a395b40a266e38a0c5,delivered,2018-06-27 14:28:06,2018-06-27 14:51:50,2018-06-28 11:47:00,2018-06-29 20:03:59,2018-07-12 00:00:00
8b9563eca3fcbc37caa2455d0dadc3bb,214218d25a570354c72674ee539a0857,delivered,2017-11-23 13:34:10,2017-11-24 03:10:56,2017-11-27 17:57:39,2017-12-21 12:35:31,2017-12-21 00:00:00
bd385d0011b10c0d7aefa73aae6ef935,93ec087aae32d7db63b1b561a2b6177f,delivered,2017-11-18 10:38:05,2017-11-18 10:50:58,2017-11-23 00:08:34,2017-11-27 20:38:43,2017-12-07 00:00:00
edce2b8ca0cd95e95e9fdd2367beb2e3,ff7920f10be4fe1845f0f029ec67bb9f,delivered,2018-02-25 23:44:16,2018-02-27 04:31:06,2018-02-27 17:20:07,2018-03-14 16:52:07,2018-03-26 00:00:00
ac96b69cd0b0e6bd885693f7d6038d6a,a6f1d9dcacb3094e9a84a0c40a26ce0c,delivered,2018-05-13 09:28:31,2018-05-13 09:53:02,2018-05-14 10:35:00,2018-05-17 11:52:06,2018-05-30 00:00:00
4294e241abc5a583ac06ee97d557745f,87a887e1089dce0c7fed596e76039b27,delivered,2018-03-04 16:29:24,2018-03-04 16:48:33,2018-03-08 21:09:35,2018-03-20 21:58:29,2018-04-02 00:00:00
638a540852799faabe1c7c5647646c4e,32e23352f904da0c1128c0e9cf4ee89e,delivered,2017-04-28 12:11:11,2017-04-28 13:04:29,2017-05-03 11:11:29,2017-05-12 14:14:39,2017-05-24 00:00:00
333f779291304a442b0a2ed6bc14a021,615f225101ea99ece61b5912b103f5b0,delivered,2018-03-23 13:42:50,2018-03-24 02:28:47,2018-03-27 00:14:42,2018-04-09 14:26:47,2018-04-13 00:00:00
8b903d86c7982e5c63625f062c56f854,121367934eaca87a7368689b0b45d96c,delivered,2017-07-14 15:16:46,2017-07-14 15:30:10,2017-07-17 19:43:32,2017-07-19 16:39:48,2017-07-27 00:00:00
38a747fb2e7915ca7157237088020cf1,142fe8eada241df2f071e978e6dbc04c,delivered,2017-08-04 20:24:13,2017-08-04 20:43:41,2017-08-07 18:04:00,2017-08-08 20:56:59,2017-08-17 00:00:00
a8f1a0a4af9a038ba340364a741a602a,607d0000aa9de05c99eb26ea53c69011,delivered,2017-02-24 17:07:05,2017-02-24 17:22:10,2017-03-02 06:57:29,2017-03-13 14:45:15,2017-03-24 00:00:00
030aeef4719e9d33e0c39bd00a9a14be,b33f0975ea69aae6fac18326ac5bfb0b,delivered,2017-06-30 19:24:36,2017-07-01 19:35:09,2017-07-03 14:59:32,2017-07-18 14:12:02,2017-07-13 00:00:00
a2fa7df5807485a55ac3b93295170f35,34a27b0068e9e77d116bb342e7daab63,delivered,2018-01-27 13:53:29,2018-01-27 14:12:49,2018-02-01 00:35:02,2018-02-14 16:49:01,2018-03-01 00:00:00
d79c78890576be22b52f51017414f3ca,681bb5b35f14531ea87a864968eef187,delivered,2017-12-10 22:01:40,2017-12-12 22:10:50,2017-12-15 20:48:38,2017-12-17 20:04:31,2017-12-29 00:00:00
ba7517020cc8cdda51bffbd30bb1b781,ff9fb29b08ea8f4564e23dac02a225fa,delivered,2018-07-03 12:58:14,2018-07-05 16:21:27,2018-07-04 14:50:00,2018-07-07 14:51:01,2018-07-25 00:00:00
4969de35fd774f0dc8cdb13b069135df,830ec88fee7a04e5a14260822c2c701f,delivered,2017-11-24 12:47:51,2017-11-24 14:57:37,2017-11-28 19:27:06,2017-12-06 22:52:29,2017-12-15 00:00:00
e3ec20444467431fabc412069b7b02de,29591e42655ce3a50d2631996ad7ba43,delivered,2018-03-23 07:25:06,2018-03-23 07:35:35,2018-03-27 01:32:52,2018-04-09 15:17:37,2018-04-13 00:00:00
328f1e996c8251549a0e319d7eaa0f31,2812716875f56d7c667d9a82f4b77d72,delivered,2017-11-08 21:26:09,2017-11-08 21:46:24,2017-11-09 14:58:26,2017-11-17 11:46:56,2017-11-22 00:00:00
c6f49a15fe46f3d10b7fb0ad871f8ba3,27491faf06df356047e13ee27b0f2cd7,delivered,2018-03-21 08:39:51,2018-03-21 08:50:32,2018-03-22 20:49:39,2018-03-29 21:16:43,2018-04-09 00:00:00
bfa10a79da20194eb33afb833020e3eb,f5e85d85dbeb2debc1f3823cfce633c1,delivered,2017-09-06 12:18:55,2017-09-06 12:30:14,2017-09-08 19:21:53,2017-09-15 21:27:52,2017-09-29 00:00:00
12e4fbad3ebed6412967a3fd5818c456,351cc738149ae51cf174497c31325788,delivered,2018-06-13 11:43:43,2018-06-13 12:32:39,2018-06-13 11:43:00,2018-06-22 21:32:34,2018-07-18 00:00:00
89126186f0b78662f15170c9e65ee9bb,cd3d0bb78975094b490171b65bca8c64,delivered,2018-02-14 19:09:14,2018-02-14 19:28:16,2018-02-21 18:39:03,2018-03-15 01:06:49,2018-03-19 00:00:00
dce45bc65432c8a78cbd021460178145,166cb796fb9a2d5c5ce8bede811f3839,delivered,2018-02-15 10:19:55,2018-02-16 07:51:01,2018-02-19 19:42:14,2018-02-28 14:49:22,2018-03-13 00:00:00
29fafeedea8220ed8162dcafe8a89483,574e7fc4efc2ba7caa7c4a006633f6bd,delivered,2018-07-26 22:34:04,2018-07-26 23:04:17,2018-07-27 14:24:00,2018-08-02 22:58:50,2018-08-15 00:00:00
b2da70916ed4e4cde3df9e1381154631,3031f51fc039076cb3843d4eca6a6fc6,delivered,2017-12-19 16:18:24,2017-12-19 17:19:22,2017-12-20 20:09:52,2017-12-27 21:17:25,2018-01-19 00:00:00
ec34ce0f06a9a35ebf0f0496d595bc84,d3cafb429363e1c6b3a3af369e31728a,delivered,2018-03-05 19:13:59,2018-03-05 19:28:32,2018-03-07 19:15:05,2018-04-09 18:47:34,2018-03-29 00:00:00
82fae4d3818a5f80851df0cc8c94aa7e,e36e321d6221a2d35b686a0ae10b4323,delivered,2018-01-16 20:27:37,2018-01-16 20:38:26,2018-01-18 20:58:45,2018-01-26 12:06:58,2018-02-09 00:00:00
727732b8eb487f1ff4dbd15c610f994e,daf581655538cc0774648e29c1361163,delivered,2017-07-17 03:37:39,2017-07-17 03:50:10,2017-07-17 15:27:27,2017-07-27 19:27:47,2017-08-10 00:00:00
f28950936ddcde93718b2be1097aed84,178d193e007371f993f6b1d3442a6519,delivered,2018-01-11 08:46:14,2018-01-11 08:56:24,2018-01-26 17:32:57,2018-02-01 01:34:47,2018-02-15 00:00:00
8a321ac5f4ec102c87791bd745cb3fbf,8779b7cd60feec38f2186e9ebab8b034,delivered,2018-01-14 22:38:49,2018-01-14 22:49:39,2018-01-15 22:29:42,2018-01-17 21:54:48,2018-01-30 00:00:00
e2faa52f99b7893fb663270530caf2fc,f1d3bd4e6b8c7df24fef98121bd8710d,delivered,2017-06-01 01:02:27,2017-06-01 01:42:28,2017-06-05 13:05:04,2017-06-07 15:27:29,2017-06-22 00:00:00
0744f9056deb109779f1b309822c0d02,51485e00d58dd4f20f248c9b33d6b70f,delivered,2017-11-01 22:42:19,2017-11-01 22:55:30,2017-11-03 14:26:54,2017-11-09 20:22:17,2017-11-29 00:00:00
752fa58357e17806a310c0739bf909fb,7d88070a629d7cb6d17074ff91e68503,delivered,2018-06-17 21:17:28,2018-06-17 21:37:59,2018-06-18 13:35:00,2018-07-04 14:03:10,2018-07-24 00:00:00
c69e067f9b64eea56517834d123baf0e,ba5bcfbc3a5e2dfa78d63431c45c9f27,delivered,2018-02-22 17:35:01,2018-02-22 17:55:25,2018-02-27 17:20:01,2018-03-07 22:28:30,2018-03-16 00:00:00
db7a9e1d2cbac54cc7ead44f1ae8535c,3eda5c7e6340baf62f38dec00856a877,delivered,2018-02-16 16:32:47,2018-02-16 16:46:57,2018-02-19 18:29:11,2018-02-20 19:45:03,2018-03-05 00:00:00
bd6bb458a1a35cbd726f2e1748e7d21f,76827597c27d661660fd432bd51d9f2c,delivered,2017-04-17 11:43:12,2017-04-18 04:02:21,2017-04-27 16:53:59,2017-05-09 17:55:05,2017-05-17 00:00:00
dcd7bf0e4548b5a99e81cca7a7160042,b30192224acb66749e127b1e0c733d0f,delivered,2017-07-24 08:31:39,2017-07-25 12:24:09,2017-07-27 17:14:56,2017-08-08 18:38:45,2017-08-18 00:00:00
c44fcdcfefce1eafc0ca64ca3d6af678,4f1aa01aae297b7aeef876fecdedd3db,delivered,2018-02-02 14:50:36,2018-02-02 15:18:03,2018-02-03 00:42:27,2018-02-08 18:22:26,2018-02-22 00:00:00
37e0ffe09382d012cc039562b646689a,700d485889431792d24c8e2d506a1ebb,delivered,2018-01-22 23:58:22,2018-01-23 00:15:16,2018-01-25 14:52:50,2018-01-31 20:23:46,2018-02-14 00:00:00
1bc3ce28b0a3f83481e648fb1881e44b,938c5492656668efe07932ca08db10ec,delivered,2017-03-24 21:59:56,2017-03-24 22:10:09,2017-03-27 10:20:05,2017-03-30 15:27:57,2017-04-20 00:00:00
3724d3f2c0cf415269a35992df297fac,77a0678c369e67b6a44651440e613ca8,delivered,2017-09-19 23:24:10,2017-09-19 23:35:22,2017-09-22 19:07:38,2017-09-28 20:55:14,2017-10-17 00:00:00
26691a6d8902f95be91e566557db80aa,f1ecdbb729138bb75de8fe1fdf213254,delivered,2018-08-02 13:46:32,2018-08-02 14:04:16,2018-08-06 13:29:00,2018-08-09 16:41:47,2018-08-10 00:00:00
2c13bb8f7c76a004da31e89b0b06d9af,1e2968f158c10197bda882f5be736e2d,delivered,2017-08-04 10:33:37,2017-08-08 04:23:57,2017-08-14 13:57:51,2017-08-22 17:37:36,2017-08-28 00:00:00
56805b4cf0ebc9cd9f7619783cae47e3,2fb783fec30b74ec5fa605a8ec007357,delivered,2018-07-19 09:52:22,2018-07-19 10:05:12,2018-07-23 11:35:00,2018-07-26 20:41:22,2018-08-10 00:00:00
e2b075864104d008c831b5c105a76608,5509ac302e3aabe10b2bd4a9e5d10675,delivered,2018-01-16 21:49:54,2018-01-18 02:11:40,2018-01-19 01:33:31,2018-01-30 17:18:53,2018-02-15 00:00:00
35c59a35853cb88d8209641947d505d7,e9155190b15b9ba34f65a95131cbc7b6,delivered,2018-04-05 16:50:22,2018-04-05 17:09:50,2018-04-07 01:48:07,2018-04-24 23:23:00,2018-05-07 00:00:00
87535fa56878c9268e33726aa9085de4,27243f64062caa718113a903c15e854c,delivered,2017-08-08 11:03:13,2017-08-08 11:15:08,2017-08-12 10:48:51,2017-08-21 17:24:37,2017-09-06 00:00:00
7ab3f019887a8ff74dfcc7fd1d1d51f9,62eca15985571878b8fe17b3b07e83ae,delivered,2018-03-09 19:01:10,2018-03-13 04:15:50,2018-03-13 17:49:44,2018-04-05 18:14:59,2018-04-16 00:00:00
b23878b3e8eb4d25a158f57d96331b18,648121b599d98c420ef93f6135f8c80c,delivered,2017-05-27 19:20:24,2017-05-27 19:35:17,2017-05-29 04:49:37,2017-06-07 08:53:10,2017-06-29 00:00:00
fd4a7190606c77ffa23d74c44119d191,ec0410d8b538eeac93d523a1d9c16955,delivered,2018-04-25 06:15:16,2018-04-25 07:00:53,2018-05-03 15:12:00,2018-05-17 19:43:47,2018-05-29 00:00:00
a99f93323678f28e79a48b368cbbabd1,73236a0796f53d60d4530e30df0cef8d,delivered,2018-01-07 13:50:17,2018-01-07 14:07:01,2018-01-10 19:38:40,2018-01-11 21:15:32,2018-02-01 00:00:00
ebe70675ae793b444779a82a58b30e91,da49aa85426b211073305504a48cdb26,delivered,2017-08-06 16:47:20,2017-08-08 04:24:34,2017-08-09 16:54:11,2017-08-12 11:23:43,2017-08-30 00:00:00
325c8590cc232d3faa8e49c293e7ea2c,fd7bd57164ba6a5dd0d9e6b9b92a67ec,delivered,2017-06-06 17:00:18,2017-06-06 17:50:21,2017-06-07 16:10:44,2017-06-09 14:27:40,2017-06-20 00:00:00
f8b9e2dd99eccea8ac036c6a02afafa0,49a4a6ad871b869b17d18093427d5fb6,delivered,2018-07-22 23:03:17,2018-07-23 12:31:41,2018-07-26 09:42:00,2018-08-02 18:10:53,2018-08-10 00:00:00
2736bf7aab22cee55c31e7fedc6e2a45,33769b3c776634c84e4db64526bb4b4a,delivered,2017-08-10 12:01:50,2017-08-11 04:26:28,2017-08-11 14:54:32,2017-08-21 22:16:50,2017-09-01 00:00:00
97c400db1c80dfef436580bfdb07a181,2108cb2ccd6811d5118b77d19957b536,shipped,2018-03-19 22:33:16,2018-03-19 22:48:19,2018-03-21 20:05:34,,2018-04-10 00:00:00
29d13613de8487345b1758b80b71a6ca,33582725a4904e1e970d0caafb0dd3c2,delivered,2018-06-09 16:15:40,2018-06-09 16:29:23,2018-06-11 15:50:00,2018-06-15 21:33:59,2018-06-21 00:00:00
ebadd982d8263f974539943515e541d2,c2325ee9d69aac97898e27f66ecabcd8,delivered,2018-06-08 16:00:35,2018-06-08 19:31:06,2018-06-11 14:48:00,2018-06-12 17:33:10,2018-06-25 00:00:00
a6423bdf695471b0589a7f4f94685168,606c835a5ed0e7f5c1917e3fd48d5615,delivered,2017-11-09 20:10:25,2017-11-11 02:50:26,2017-11-16 21:08:40,2017-11-24 19:56:49,2017-11-28 00:00:00
4f8fb49bd955f713c79333a0a2d9da57,dde98f2e220592ae6068bb273ec5c11b,delivered,2017-12-26 11:50:49,2017-12-26 12:49:21,2017-12-27 17:54:43,2018-01-10 15:36:43,2018-02-01 00:00:00
6f41a6473f4122e2cdc762a8988a67f0,7d6686ade7e6f02b2f3945b36d902fa1,delivered,2017-09-07 17:09:13,2017-09-07 17:23:53,2017-09-08 18:27:54,2017-09-11 11:34:24,2017-09-20 00:00:00
2383d9fafbf6a8af2c96b3ffd0c70280,d350ca4e34aea98186009fdbd7bba4ea,delivered,2018-02-25 19:55:36,2018-02-25 20:08:12,2018-02-27 18:09:41,2018-03-07 23:09:31,2018-03-20 00:00:00
3a147797c76836e07f7e3754ac79741f,71dd64cb7e34702bcce7df3d1540bea5,delivered,2018-07-19 12:40:42,2018-07-19 12:50:15,2018-07-20 10:27:00,2018-07-25 15:32:24,2018-08-02 00:00:00
75020ffff57f14ba95e2562980ae510f,8626b742980d50fcc8d6e699cc7720fd,unavailable,2017-09-19 17:40:29,2017-09-19 17:55:16,,,2017-10-11 00:00:00
6d983186ed41c01b43e558f2d7a68010,06079613a06e0e5f7eb9bbeadd0d9de2,delivered,2017-12-07 09:02:01,2017-12-07 09:10:41,2017-12-07 21:07:31,2017-12-26 22:24:57,2018-01-09 00:00:00
a21ad1cc789ec5368666232433df4826,18f74e80a2e036258a58f1529b476f50,delivered,2017-11-24 22:48:54,2017-11-25 01:52:41,2017-11-29 17:25:55,2017-12-09 18:05:00,2017-12-14 00:00:00
5cdfba01ba3c4b8c6b31ac8573b2432f,eee89f96e3c018d7fcb143f8916e60eb,delivered,2018-06-20 11:16:03,2018-06-20 11:43:47,2018-06-20 14:50:00,2018-06-21 13:21:47,2018-07-03 00:00:00
272f2c7a76c95a5f4bae0c236a21df6e,6d62379ed5ccc900be46d1f2da4ead92,delivered,2017-07-29 20:47:20,2017-07-29 21:03:27,2017-08-01 23:26:27,2017-08-10 18:32:41,2017-09-05 00:00:00
9048f1cdb0bbc082cc3bdd315f052bf3,4df72ed5240f354774615dbdecdf3d30,delivered,2018-04-27 21:12:00,2018-04-27 21:30:24,2018-04-30 15:00:00,2018-05-02 17:33:14,2018-05-11 00:00:00
e61f67f0173c144d55e1386e2bce1686,145f7dc2715c0ae1b1cd74f05d4cbc93,delivered,2018-03-02 16:36:24,2018-03-02 16:50:31,2018-03-06 17:32:54,2018-03-08 12:11:31,2018-03-14 00:00:00
cbe22f8d51444e6cc27868a2ec81062e,dd3ecc2c18f356a45945ea903acc088c,delivered,2017-10-15 21:08:08,2017-10-16 21:14:31,2017-10-18 19:14:44,2017-11-03 17:33:35,2017-11-03 00:00:00
21cd0176d6da15971444fa43f4e02137,51096146766468b38dc9eaf200413dd7,delivered,2018-03-18 20:26:08,2018-03-18 20:47:55,2018-03-20 19:11:36,2018-03-22 22:18:30,2018-03-29 00:00:00
75badba50a0589b5831dcf59c25638d2,90110050bbad8e4a17d5fbf0152eb950,delivered,2018-03-29 10:43:43,2018-03-29 10:55:14,2018-04-05 01:48:46,2018-04-12 19:33:03,2018-04-17 00:00:00
fd2aee7994becefcf7b6dc6b6b9e7621,843d0c1ec89e577993907ee5d3c37969,delivered,2018-03-05 13:57:25,2018-03-05 14:10:24,2018-03-09 22:42:26,2018-03-23 21:05:56,2018-03-26 00:00:00
c33d4d6f164d581e80ca8b8b11bf45ae,b72250b3fe9705bd075b55d6d0c0ff85,delivered,2018-06-17 13:26:47,2018-06-18 12:02:09,2018-06-19 15:37:00,2018-06-21 22:41:50,2018-07-12 00:00:00
fe59965bfbf484aee4f2503efbd933d6,96a382945e9f743a47d2597c7802c431,delivered,2017-11-27 11:12:20,2017-11-29 11:10:55,2017-12-05 22:52:49,2017-12-18 14:17:21,2017-12-22 00:00:00
429a6c4124bbd33e2d57830062724194,bd715a2f7e6082b95424725333c54a83,delivered,2018-07-17 08:35:58,2018-07-17 08:45:16,2018-07-17 13:28:00,2018-07-27 19:54:25,2018-08-03 00:00:00
020aec76c43508e4214579c52c1133f4,d61274989a1013559fec1e4a020eeb0c,delivered,2018-06-25 22:45:30,2018-06-26 00:33:21,2018-06-26 14:02:00,2018-07-02 19:47:49,2018-07-25 00:00:00
cc11801c1a3fe1bf0c3866b6890e8dfa,7b1c34e979e189e971f1b2a9a6925d0d,delivered,2017-10-10 10:33:23,2017-10-10 10:49:31,2017-10-11 16:46:44,2017-10-30 17:22:35,2017-11-07 00:00:00
c67e5216a65692a116a99fa61da0294e,7f47a7d349a434260b82b105c1f189a9,delivered,2018-06-25 17:47:06,2018-06-26 04:59:20,2018-06-26 09:19:00,2018-07-03 23:52:22,2018-07-24 00:00:00
9b948dcaaa76c166e78628262127e680,7fda42693a1eba46d81cdd45568968a7,delivered,2018-06-07 16:21:37,2018-06-07 16:41:45,2018-06-08 13:55:00,2018-06-13 15:44:52,2018-07-12 00:00:00
42ea71d8cae652692428a40a61e7d8e2,e1559e6600c5c302ad627aba318a76c4,delivered,2017-11-28 00:36:27,2017-11-28 01:31:28,2017-11-29 00:09:20,2017-12-01 22:18:28,2017-12-18 00:00:00
9a3966c23190dbdbaabed08e8429c006,3be2c536886b2ea4668eced3a80dd0bb,delivered,2017-02-04 18:54:15,2017-02-04 19:22:25,2017-02-07 14:03:10,2017-02-09 13:37:54,2017-03-31 00:00:00
156254aa58b87bb7bad0f9e82f9bd5f9,078ea5f10bc5c1fc06b34ee38c7ed24c,delivered,2018-02-01 12:23:32,2018-02-01 12:35:27,2018-02-02 15:32:33,2018-02-17 00:25:01,2018-03-02 00:00:00
58886807e36e0914413be7ba2102692b,91e016899c1d91431bd46cc138f80d44,delivered,2017-04-05 21:25:08,2017-04-05 21:35:09,2017-04-07 16:27:53,2017-04-13 14:18:13,2017-04-28 00:00:00
97e080a21be085e3e36d5f7c0f8f0b43,92b28c41e27f5ad13c88675d208d3d3a,delivered,2017-11-01 14:36:07,2017-11-01 14:50:13,2017-11-09 15:26:48,2017-11-14 17:39:31,2017-11-28 00:00:00
34080c138f92d6ea70448a0403b25d00,74275e53bf0e6630c489f669cb3a8b61,delivered,2017-05-09 20:53:08,2017-05-09 21:02:48,2017-05-10 10:58:52,2017-05-23 06:27:37,2017-05-29 00:00:00
63cb6e6a5632d2fa0406a8f3c6eae8cf,8c0f9eac2698a33a01f8e7c74a6776ef,delivered,2017-09-16 16:11:59,2017-09-19 04:06:18,2017-09-19 20:37:54,2017-09-25 21:55:33,2017-10-06 00:00:00
de7eb461dcb1d9e5bdfa4a25fe8a51d4,efc29c72319ab5d5610f0421abc16554,delivered,2017-11-20 13:27:28,2017-11-21 04:10:19,2017-11-22 20:54:37,2017-12-08 14:09:51,2017-12-13 00:00:00
fc72d25952f5957a412411253f5804a7,5b76c1a96fc01949502602e1eec0e4d9,delivered,2017-02-09 09:23:21,2017-02-10 02:45:20,2017-02-15 10:32:23,2017-02-22 16:58:39,2017-03-13 00:00:00
4974c65072c3a0265ef2be771aae8251,0c137d76fe12fdf5abcbefed887f2b95,delivered,2017-08-01 22:58:08,2017-08-01 23:10:17,2017-08-04 13:24:42,2017-08-09 15:35:26,2017-08-23 00:00:00
105c03baa047b0d003f78f9566ee0984,cd8ac46f1eec8868e3aea3b40b220a0b,delivered,2017-12-22 09:14:27,2017-12-22 09:30:42,2017-12-22 19:45:03,2017-12-27 18:43:20,2018-01-12 00:00:00
ac5daeb29c4fe812e7e48753b886f6f1,996fc914eaa8fde73a6ea961bd42fa37,delivered,2017-07-14 11:25:07,2017-07-15 11:23:25,2017-07-17 18:12:01,2017-07-19 19:07:52,2017-07-31 00:00:00
bc99558709784e3ae0b9f8dbff8c06f0,d83753f7658bcc23859c5f1988cdf50f,unavailable,2017-11-01 14:27:33,2017-11-01 14:45:51,,,2017-11-14 00:00:00
b2dddd3ac6945bfb4a4a8b336d830a64,547d7962c21b9a177226c430300019ab,delivered,2018-03-06 18:38:25,2018-03-06 18:49:34,2018-03-12 23:32:44,2018-04-04 22:19:12,2018-04-18 00:00:00
b431ef5386c1579fc784586883d7ac91,4ab64c670b01bdc70c2d4bb3b80e4961,delivered,2017-07-08 21:44:48,2017-07-08 22:03:40,2017-07-11 19:32:42,2017-07-14 18:56:39,2017-08-01 00:00:00
932ec6d82ea79bd299298072b7da0fde,e123e4ba94ecaa31147de27b7823547a,delivered,2018-08-10 12:24:15,2018-08-10 12:35:24,2018-08-13 12:02:00,2018-08-17 17:38:40,2018-09-11 00:00:00
5c4f206f887c5afc6acb306477d65807,9b276b965cf5220a0fcfa70a8da435e6,delivered,2017-05-15 10:46:00,2017-05-17 04:05:21,2017-05-18 15:27:24,2017-06-05 18:55:00,2017-06-20 00:00:00
07680abcc9878ad415215bf0945baf7a,9fd29314a799da1d88ba45fc957b84cf,delivered,2017-06-12 15:06:54,2017-06-13 15:15:10,2017-06-16 13:25:35,2017-06-28 14:57:55,2017-07-18 00:00:00
7b2e06fd0a893c5d11fbebd65c872ed1,3f618b0672cd14c6fc5770902dcff0cf,delivered,2018-04-11 16:15:39,2018-04-11 16:32:56,2018-04-13 19:48:25,2018-04-25 18:21:59,2018-04-30 00:00:00
ee95946f63d71c44f715e74b27adb2cd,d30990aa307dd48e6e9a054b87372fca,delivered,2017-07-31 07:55:54,2017-07-31 08:10:08,2017-07-31 17:39:37,2017-08-09 15:57:33,2017-08-22 00:00:00
d205894f6421e164996e5cc460dea4ff,71cc3bf088359c35394726b0334ec7c6,delivered,2017-09-04 14:26:44,2017-09-05 04:24:11,2017-09-06 15:26:14,2017-09-14 14:33:28,2017-09-28 00:00:00
4f8a03b97cc268f215aa05dd3aaf9147,a8e1534967a98eddf3a2a0b58c99a1e4,delivered,2017-09-22 19:32:41,2017-09-22 19:45:34,2017-09-25 19:06:24,2017-09-29 13:42:04,2017-10-17 00:00:00
9d3c48c87bfb7e8b574b4d375f882841,b7140a4b63f7ad250e00266372f28787,delivered,2017-11-24 21:41:40,2017-11-25 00:35:37,2018-01-04 23:05:47,2018-01-23 22:36:09,2017-12-21 00:00:00
6482a6de4a9253a18abae1bc97af64aa,9bc32a462fa8f837c3d8a07e927575e7,delivered,2018-02-20 09:22:24,2018-02-21 11:59:47,2018-02-23 00:12:32,2018-03-07 21:34:21,2018-03-16 00:00:00
e186fd488370885035932d8efab4212f,70d5b566fed999d6368bff3a8da63e56,delivered,2018-08-02 22:27:23,2018-08-02 22:43:54,2018-08-06 14:15:00,2018-08-08 22:12:40,2018-08-09 00:00:00
5ab277636dad461ec1c74f6f787c4ed0,dbba87b8672b7dda2d33a7dd2f984b7a,delivered,2017-09-12 21:39:19,2017-09-14 10:45:11,2017-09-18 23:12:38,2017-09-26 20:37:52,2017-10-03 00:00:00
84cad53638357a9971c4485adad123e8,4e3bfd141fb6f7efbad8d2f404d77a9e,delivered,2018-01-27 13:19:32,2018-01-27 13:33:07,2018-02-01 00:05:13,2018-02-03 01:08:55,2018-02-14 00:00:00
1f31a04201c7a177ad2e98405b18f8ef,7f687ffdc5f0bc5f78032cfe69579a24,delivered,2018-03-12 16:40:00,2018-03-12 16:50:44,2018-03-13 22:58:27,2018-03-15 15:48:54,2018-03-22 00:00:00
354fa109f2f8c98606b21722fc02433f,c71808bea8b5b4d596f7289d199495e3,delivered,2018-06-25 02:24:12,2018-06-25 02:37:03,2018-06-25 11:20:00,2018-06-28 16:41:32,2018-07-30 00:00:00
b99217b1fcf2fdeace7b8d869b76cb91,8325d6e7af2f2bfb58cf040729b232dd,delivered,2018-03-07 17:42:06,2018-03-07 17:55:36,2018-03-08 20:09:40,2018-03-15 22:04:49,2018-04-02 00:00:00
b1a8f60830ea890c9e1ec75df6275626,5a7b558ef33809090f2d5b40820aa2cd,delivered,2018-02-02 09:01:47,2018-02-02 09:35:39,2018-02-05 10:36:48,2018-02-15 17:25:28,2018-02-26 00:00:00
60808ac1c068fd05819ae92b344d9b0a,319eb855f62e79c2fdede2f39ce16b27,delivered,2018-02-01 16:28:00,2018-02-01 16:56:52,2018-02-07 22:38:32,2018-02-16 17:48:32,2018-03-02 00:00:00
6b4329eec5141eb456ea3e8a2dd02f62,e7629e1a9eeec0931a10225eaf7603fd,delivered,2018-07-20 14:56:28,2018-07-20 15:10:11,2018-07-24 07:45:00,2018-07-25 12:08:23,2018-08-02 00:00:00
f8d8215245fbbc9a2d8a4b94ec2ba540,db0c677824d04f451ad5c1e68c99579f,delivered,2018-07-21 10:14:11,2018-07-21 10:25:12,2018-07-23 12:39:00,2018-07-26 18:14:41,2018-08-07 00:00:00
0d50b2840102f8cec365fffa6d42a690,bc3d7042571374cb834fcc9fd4589b14,delivered,2017-06-01 19:12:32,2017-06-01 19:25:16,2017-06-06 14:08:35,2017-06-09 09:12:31,2017-06-22 00:00:00
c17d6a9708cfd25cb90e960da4123e07,4c1a5dc3d05bbb5004b795e136809b6e,delivered,2017-10-11 14:27:17,2017-10-11 14:45:38,2017-10-16 18:30:10,2017-10-26 16:47:47,2017-10-31 00:00:00
9bb34c27042d6bab11b0cd8d50d6c00b,3c3d147bd78ea075fc4c0bea0609c8b5,delivered,2018-08-22 10:49:05,2018-08-22 11:04:36,2018-08-22 20:13:00,2018-08-24 00:31:59,2018-08-27 00:00:00
9378f7fb4dad9527f338b16cd75fc196,75453526d14f384f99db4628f4b0cd33,delivered,2018-05-18 11:14:26,2018-05-19 11:11:00,2018-05-22 16:09:00,2018-06-06 23:38:38,2018-06-11 00:00:00
befdef0aa27a4e172dcbe4e40784c29e,2266fa2bf9f66540147b20725d834d85,delivered,2018-01-17 21:07:05,2018-01-17 21:17:32,2018-01-18 21:41:29,2018-01-25 23:22:26,2018-02-16 00:00:00
f4828ff963f97cbba213b56e3154ef2f,9c58d0e1a56386c34bf6fbfb2a2b9128,delivered,2017-11-26 10:04:26,2017-11-28 03:40:16,2017-11-28 14:16:52,2017-12-08 20:22:39,2017-12-21 00:00:00
bbd63ef30a5e6276e5353d5736b8bd21,0af639cd64d4187391e1dfe23890b54e,delivered,2018-01-22 00:17:46,2018-01-22 14:05:00,2018-01-23 20:07:49,2018-01-31 13:35:30,2018-02-14 00:00:00
3900e55728b32ec688e43f5afd3e3426,1be4934d39f92b44504aa956eb4c032e,delivered,2018-04-11 15:53:57,2018-04-11 16:10:44,2018-04-13 19:48:51,2018-04-18 09:31:26,2018-05-04 00:00:00
5e1efbce448f504da54b954d24342d74,4ecafbcee7a90b1cd465a44496eb6789,delivered,2017-03-11 09:56:32,2017-03-11 09:56:32,2017-03-13 10:35:06,2017-03-22 17:38:02,2017-04-05 00:00:00
09f86b7099faeb6a9d85623c5dba9665,54da6f5f969bb4601f0d78611694232e,delivered,2017-02-08 22:12:14,2017-02-08 22:23:27,2017-02-09 15:34:20,2017-03-08 13:56:01,2017-03-13 00:00:00
a4a495e7d0758f5523480d2f4cd12515,406dd0da809653b16826de554ed06d3a,delivered,2018-07-23 11:28:42,2018-07-24 11:31:55,2018-07-24 11:47:00,2018-08-02 11:52:57,2018-08-17 00:00:00
fcbfb4bc844bc55598f7c04fb2b7c294,e10f6446a2847466d0b1c76265210a38,delivered,2017-11-23 14:24:05,2017-11-23 14:31:26,2017-11-27 18:38:21,2017-12-04 19:57:11,2017-12-13 00:00:00
c32a0539c59defb972213eea546f29a8,fb3467703a7b1026596f80b0a2c6da5b,delivered,2018-05-14 20:14:27,2018-05-14 20:37:58,2018-05-15 14:53:00,2018-05-21 13:03:12,2018-06-12 00:00:00
531aae9367e7b780bfbff01b3ff45ad6,e1fc2e7f4d1a81d4a8809cc57a5b2cee,delivered,2017-09-29 19:24:33,2017-09-29 20:00:09,2017-10-02 19:59:45,2017-10-09 21:45:58,2017-10-24 00:00:00
827dd37ba0e191a8cce10c6722187e24,6a6f8815c1cf278751f8a0f09c9dcaee,delivered,2018-05-02 15:49:08,2018-05-02 16:19:48,2018-05-03 13:48:00,2018-05-07 13:52:34,2018-05-14 00:00:00
3d7d095c15be6f2b4618459d23e072cd,6220c0665e1834766a50a791808409c4,delivered,2017-04-26 14:18:33,2017-04-26 14:30:18,2017-04-27 17:18:19,2017-05-04 12:15:27,2017-05-24 00:00:00
daba15b22482aef49b282fcee1f05bc3,7fadd7adb85b1f419b8eb907f2159527,delivered,2017-12-26 22:50:17,2017-12-28 02:35:50,2018-01-04 12:51:41,2018-01-19 18:18:49,2018-02-05 00:00:00
8b1bfbfc74c64dd70c5a0b49a530badc,b474e691a9ca5f9f4873e2f6e493f2d6,delivered,2017-12-08 17:54:27,2017-12-08 18:10:14,2017-12-20 15:13:40,2017-12-22 17:04:02,2018-01-03 00:00:00
e92b2d83c0c4f6e2f95b1f178a994bdd,3dbb2c10191d6da5668f35f0dfe989af,delivered,2018-03-18 14:33:23,2018-03-18 14:50:42,2018-03-19 17:24:28,2018-03-23 23:41:38,2018-04-16 00:00:00
75bbbd85d3373487642cee8e47902587,e1067f71121e6de6102b10bcef4b3e2d,delivered,2018-07-21 08:19:12,2018-07-21 08:30:09,2018-07-23 15:13:00,2018-07-26 01:18:28,2018-07-31 00:00:00
a2703dddc710908105939e9272116d13,c8eb478c319bba82678f40da13b3fb91,delivered,2017-08-16 21:38:21,2017-08-16 23:15:17,2017-08-18 15:47:48,2017-08-22 15:42:57,2017-08-29 00:00:00
266320cfaaa3ed9a087b2a2dad7ddda7,feecad59da8b9119cc7c6c2035597783,delivered,2018-02-26 22:43:30,2018-02-28 09:56:07,2018-02-28 22:41:40,2018-03-18 19:33:35,2018-03-20 00:00:00
f79be098ac7bd8ee0c272aa8f6b61d50,c043dc0a96a5b7025d902c6766d70aa1,delivered,2018-07-10 15:33:31,2018-07-10 15:46:42,2018-07-10 14:35:00,2018-07-13 18:57:41,2018-07-25 00:00:00
2efd657a8f5b7085278963c6e1a5f0a7,01a29eb8e6d484de55f3d2a9d6b7bcbe,delivered,2018-07-11 11:55:56,2018-07-12 03:15:22,2018-07-17 13:32:00,2018-07-26 15:27:48,2018-08-08 00:00:00
8b94c85a97b61f51a419a57e451d4e3a,54078a8661b0336a50e00afab86da419,delivered,2017-01-11 12:49:53,2017-01-11 13:05:35,2017-01-12 15:13:58,2017-01-18 10:37:56,2017-02-23 00:00:00
70d8acc0832b3dd2048b71a6fe492257,ee71738b499b48c62028729cc9fcb5da,delivered,2018-02-20 07:44:11,2018-02-21 08:30:23,2018-02-22 19:58:54,2018-03-09 11:58:23,2018-03-16 00:00:00
ce08cb25c768080aa3e01a96e5ff6339,5802030cc7ef2230859ba910d312a219,delivered,2018-03-19 17:19:47,2018-03-19 17:49:41,2018-03-21 18:48:53,2018-04-05 00:38:43,2018-04-24 00:00:00
a29d7508838071b10532d46b952a1318,a370a5c4df3f219c112454ec1748a879,delivered,2018-02-13 17:15:37,2018-02-13 17:27:35,2018-02-14 15:22:51,2018-02-26 19:14:10,2018-03-12 00:00:00
74814089384762f3833de42b05c9c2c7,60c3b5e9a49680687f57dec245ff4878,delivered,2018-06-02 22:27:59,2018-06-02 22:51:07,2018-06-04 17:19:00,2018-06-15 08:34:54,2018-07-19 00:00:00
5cc9158bdd66e341bc4085933657d306,2036ed39d0a4b13003cd73342a6b009e,delivered,2017-10-18 00:50:18,2017-10-18 01:10:55,2017-10-20 19:37:32,2017-10-26 21:18:01,2017-11-10 00:00:00
a951e33707c482b3162485996e1d0393,2a4724a4320ba30b69c549ff4c32e2d0,delivered,2018-02-14 21:08:07,2018-02-14 21:48:03,2018-02-15 17:43:28,2018-02-27 22:07:52,2018-03-12 00:00:00
303a6a45fae43f865173d8b5bfff6518,1110dc7c2758d3b492037875d703da52,delivered,2018-01-26 11:26:07,2018-01-26 11:39:37,2018-01-26 22:52:22,2018-02-08 19:07:19,2018-03-01 00:00:00
9486c11941b06fdf44a70c74c0d03ed3,6572a6aa6fe3f3f54977bbfac36d64a5,delivered,2018-06-01 17:41:18,2018-06-01 17:55:19,2018-06-04 13:16:00,2018-06-11 15:56:55,2018-07-18 00:00:00
a6416406ea6958fce23536fa5eb5ce00,e2691bbce4ba37372feb78d4f507fa3b,delivered,2017-08-22 20:17:34,2017-08-23 20:25:14,2017-08-24 16:13:27,2017-08-29 12:30:00,2017-09-12 00:00:00
6a1b1daa125c4b8bc963eed285ae2a95,3364d6e5ab62686255cf5c182bfb8272,delivered,2018-07-08 15:46:48,2018-07-08 15:55:20,2018-07-09 19:38:00,2018-07-14 00:38:43,2018-08-01 00:00:00
4992c33902c32884bbf438c7e9322703,59b108a428266ece834bbc25dcbe23a8,delivered,2018-03-12 09:06:55,2018-03-12 09:29:33,2018-03-13 03:14:28,2018-04-03 01:07:01,2018-04-03 00:00:00
386e5a0d245db263a8feb241916a4e4c,68670179b351515976ce1b6375b66df4,delivered,2018-04-27 13:34:56,2018-04-27 13:53:07,2018-04-27 15:32:00,2018-05-08 17:35:29,2018-05-28 00:00:00
710b77f06bbd6da0be12265c7d1d5911,754df56aa692b73055a6969c9f72796e,delivered,2017-03-08 19:56:12,2017-03-08 19:56:12,2017-03-09 10:01:55,2017-03-17 09:57:06,2017-03-29 00:00:00
8fc027e2e96d738a4816f043f2c946ba,ddafa7f909212324579af94f5f8199c7,delivered,2017-05-04 13:11:40,2017-05-05 13:25:18,2017-05-10 11:10:13,2017-05-27 17:34:55,2017-06-07 00:00:00
237377b772b133dc1eae831d81a1005c,13208e52f365a5397f177b4b4120c895,delivered,2018-01-29 21:31:05,2018-01-29 21:51:29,2018-01-30 20:39:43,2018-01-31 18:18:57,2018-02-14 00:00:00
3bee0a6bb3f8fa5eb8dae9b65fc7944d,65f4398233c24732b9d2effa4d7e83dc,delivered,2017-04-15 12:49:29,2017-04-15 13:01:48,2017-04-18 15:13:13,2017-04-20 16:40:20,2017-05-08 00:00:00
78dd4d44bbfb0b42767c327d6d8783b5,2a6d4abe703e21ca5f502c5f0516247e,delivered,2018-06-26 14:16:08,2018-06-26 14:34:22,2018-07-04 12:46:00,2018-07-10 07:16:30,2018-07-27 00:00:00
ed6878f64d1bb00f07e210dfaaf9e4d3,396e166b4e65309db46b7c9945c89a33,delivered,2017-01-20 13:32:34,2017-01-20 13:45:10,2017-01-20 14:34:29,2017-01-31 13:48:00,2017-03-10 00:00:00
3a445f42bc5c0d6f94bba006b7de2a85,d4a4c83732d4270a8c93260be1c189ed,delivered,2018-02-23 19:07:56,2018-02-23 19:27:50,2018-02-28 01:03:35,2018-03-15 00:52:15,2018-03-20 00:00:00
c41906f7053eefe5d449b6b4507fb216,383336a9e5a474511f40c413fe6db79d,delivered,2018-03-19 12:50:41,2018-03-19 13:09:19,2018-03-20 18:40:42,2018-04-04 00:48:27,2018-04-11 00:00:00
a41db3ba7cb50a96c768af70cd98e189,ace37fcfc4a7320b5dce79426561a8df,delivered,2017-12-22 20:43:43,2017-12-22 20:53:20,2017-12-26 23:33:27,2017-12-28 21:32:53,2018-01-18 00:00:00
b3e8dcfb9aeb7215dd9f011e8c7668c7,14f35f6d18dde51c34c753e833382099,delivered,2018-07-27 13:28:43,2018-07-28 02:50:16,2018-07-30 12:24:00,2018-08-02 19:57:35,2018-08-13 00:00:00
c40237d964e0676cc87ba24353c48b31,ac5b222df9496799df0460da19cbf5b4,delivered,2018-07-21 22:32:34,2018-07-21 22:45:13,2018-07-25 12:53:00,2018-07-30 15:46:48,2018-08-08 00:00:00
b102b42cde7719ae4b7c0163cf4d7dbe,6df75bdce4569326dcfdf7fc9bbe5981,canceled,2018-08-29 10:15:27,,,,2018-09-05 00:00:00
00a3f1ef430d3984dece2f39d6cbf431,6220c6ab35c110dc7945b0bba49dc486,delivered,2018-05-18 13:28:08,2018-05-18 13:55:09,2018-05-21 11:44:00,2018-06-06 15:42:48,2018-06-06 00:00:00
587359e7534c6f6cb987a31070b3171d,fcb92cb7bc58b2094b53728ccceab668,delivered,2018-06-06 08:09:41,2018-06-06 08:30:33,2018-06-07 07:52:00,2018-06-19 23:28:36,2018-07-13 00:00:00
a03470241e25eb070bf902c2c1914658,8f0fe181279a14f699d672200fe13d92,delivered,2017-08-07 11:21:25,2017-08-09 02:45:21,2017-08-09 17:15:44,2017-08-23 21:24:10,2017-09-11 00:00:00
5c533da06d7dfe10d9d44dbcc8bdbc6b,1285e7456591a89200ad22c4015c09ea,delivered,2017-07-02 13:10:36,2017-07-02 13:25:09,2017-07-07 17:39:39,2017-07-26 22:53:20,2017-08-02 00:00:00
17ccd767f82739a919e20ae38fb692d8,a55b337df916dea7cd0da42b520077ca,delivered,2018-01-31 18:00:29,2018-01-31 18:10:35,2018-02-05 19:27:54,2018-02-21 20:47:06,2018-03-05 00:00:00
4d6f99dd1c15b51cdaf72f7b14223d26,0012a5c13793cf51e253f096a7e740dd,delivered,2018-03-05 14:54:23,2018-03-05 15:10:29,2018-03-12 11:33:01,2018-04-09 17:41:50,2018-04-17 00:00:00
add65839c01cc30f0b205ae60ac6d508,2d96f476b569d9c4054ce0a232321f03,delivered,2018-02-10 23:00:59,2018-02-11 00:15:28,2018-02-14 19:58:27,2018-02-26 14:09:58,2018-03-16 00:00:00
d37320918ed46f4cd29a218da930fb0c,697b3df5be3d381b8b8116e35c51fb97,delivered,2017-11-24 20:24:12,2017-11-24 23:32:34,2017-11-29 18:53:52,2017-12-02 10:53:22,2017-12-08 00:00:00
d0c5da1cf512738b0f7bef215b1e12c2,54b176f522b30ea31266ef985a114348,delivered,2018-01-02 14:48:36,2018-01-02 14:55:28,2018-01-03 18:09:00,2018-01-05 21:23:52,2018-01-22 00:00:00
260f6f8e1f649aa1a17a1cbcaffe7726,9432681221f462df34a46ddb23b6e722,delivered,2018-03-22 09:58:33,2018-03-23 09:55:23,2018-03-28 22:22:13,2018-04-13 19:09:50,2018-04-19 00:00:00
bdd42e997b3dafd18ddcc233ad9c5195,28968687a38c3cfa28f5ad351a41f35e,delivered,2017-10-19 19:20:21,2017-10-20 02:49:28,2017-10-27 22:48:47,2017-10-31 14:38:48,2017-11-07 00:00:00
6b798131bceb2a16e7dc1c677fcba6c0,92beaab3ca764d8f985b7d1d0320fa59,delivered,2017-08-28 13:04:18,2017-08-28 13:15:21,2017-08-30 20:12:57,2017-09-11 16:23:24,2017-09-22 00:00:00
90f7af0187e8633c3a1f22e397558fe1,b6b3a3f4c32385118e71b2dbd62f3236,delivered,2018-03-25 00:02:44,2018-03-25 00:15:58,2018-03-28 15:36:38,2018-05-08 21:55:42,2018-04-17 00:00:00
719a96d91d44ae214ba638b02db33331,b5d5a9c1b46698fde8e82171124dcf4a,delivered,2017-11-24 20:36:18,2017-11-24 23:34:29,2017-12-04 15:42:23,2017-12-05 15:14:10,2017-12-08 00:00:00
3e8da710b34d2815151f363f08ea11d2,1361cfa4b794a92df80b42811ec332d6,delivered,2018-05-16 18:30:20,2018-05-16 18:57:17,2018-05-17 11:33:00,2018-05-18 20:56:47,2018-05-24 00:00:00
f303983d1d0592df48b9dc1cea9bb871,855defd5536f14c713b89056b7bae001,delivered,2017-03-25 22:09:03,2017-03-26 22:22:26,2017-03-29 12:54:18,2017-04-11 14:25:24,2017-04-20 00:00:00
b0181a2b3c9f39595fb01f97519d015d,f7890ecdf565bc15a50ffb3743cdb0c8,delivered,2017-11-20 18:34:17,2017-11-20 18:48:14,2017-11-23 17:46:41,2017-11-30 16:33:54,2017-12-01 00:00:00
004345d16a1ab2c21962992c721c8643,3b723b649feb48f3cfbb9c728efb3d7d,delivered,2018-07-04 06:45:05,2018-07-05 16:09:18,2018-07-05 14:08:00,2018-07-11 17:26:37,2018-07-30 00:00:00
7530b513e10d1b7a2b03962be180f627,a0ace797df6c4f31dc42c2a334a91080,delivered,2018-05-01 07:35:17,2018-05-01 07:53:20,2018-05-03 14:15:00,2018-05-08 19:19:03,2018-05-14 00:00:00
5f39964152b7c80a427cc4bffdfe757a,8eb70e6a3cafa3996513b3b3add195fc,delivered,2017-12-21 21:41:31,2017-12-21 21:53:22,2017-12-22 21:08:52,2017-12-26 23:56:55,2018-01-11 00:00:00
e19274a19a1bd491db0a6eede0c09846,8392d60987df82b73c23e609f3dc2f5e,delivered,2018-06-28 17:14:35,2018-06-30 02:35:11,2018-07-02 21:27:00,2018-07-12 21:32:04,2018-08-07 00:00:00
b4a2d8c2d3ee496cb458b05f6d52b538,2ad717e171d505669fc33ab5989d919e,delivered,2017-05-01 20:18:25,2017-05-03 14:30:36,2017-05-04 15:28:58,2017-05-10 14:07:37,2017-05-29 00:00:00
cf3c027d09d7b808bb4bd79207ae6df0,08c8ccac72cca999d16588dbf7369104,delivered,2018-05-10 12:09:59,2018-05-10 12:31:27,2018-05-11 11:50:00,2018-05-16 20:27:57,2018-06-06 00:00:00
d95fe33125690d67196ca4e9b56eee2e,85c3e565ce3826154c5cfb9821d6cf6c,delivered,2018-03-18 11:49:17,2018-03-18 12:08:11,2018-03-19 17:16:52,2018-03-29 23:05:32,2018-04-18 00:00:00
ee234bfd26ca588915483995d811c1d0,b0232f62bd310b605fc9ba834860ce2c,unavailable,2017-11-29 08:39:03,2017-12-01 14:11:36,,,2017-12-21 00:00:00
e726c0e987fd6d15b61c7effe28bde27,109f80397e4897bbcf56313c25850332,delivered,2018-05-13 21:29:49,2018-05-13 21:52:27,2018-05-14 16:15:00,2018-05-16 21:10:54,2018-06-08 00:00:00
b240c1bc75d70d50013f23ca255b7ac9,8d20d8d70efcc6b8870dd6048eb5ce7c,delivered,2018-04-11 14:28:22,2018-04-11 14:49:59,2018-04-12 23:33:33,2018-04-16 20:45:29,2018-05-04 00:00:00
d3832688c496edd26aec8c5cc6672a99,db6339614f8d2a7d0838aa71b0c1b78a,delivered,2017-11-07 22:12:52,2017-11-07 22:30:38,2017-11-10 17:51:23,2017-11-22 17:42:02,2017-11-28 00:00:00
e1d72d08a94712bb04f2e4194ba776b8,73ef39f6e02433d37c9831e22b783924,delivered,2018-07-30 13:53:57,2018-07-31 07:30:52,2018-08-03 11:59:00,2018-08-09 15:13:58,2018-08-24 00:00:00
1c0490571354a25001e89c6de9598839,68c64357714891130ff841271d1a2e1e,delivered,2017-08-17 11:14:52,2017-08-17 11:30:22,2017-08-17 19:10:21,2017-09-19 17:39:27,2017-09-13 00:00:00
ba3bd287d88367a6ecf4ebc58a5b1478,e91503530b1cefba049de9094de44bc8,delivered,2018-03-17 23:19:45,2018-03-17 23:30:30,2018-03-23 17:41:56,2018-04-02 23:27:00,2018-04-09 00:00:00
0a6312b2e86fe734ebbddaae7fabd14d,98a95db6578e2df8a4786793c89944cf,delivered,2017-03-25 21:50:25,2017-03-25 22:05:09,2017-03-27 13:12:46,2017-03-30 14:38:04,2017-04-19 00:00:00
dacd45999c3175778f90426dc0dfbebc,de109e69fadb52d5b40c1fc211fab539,delivered,2017-11-14 19:33:12,2017-11-15 02:46:14,2017-11-20 19:38:42,2017-12-01 17:12:55,2017-12-11 00:00:00
4b723c793fead9a09146174b94577802,bf9c8d8a4ada55c82c2add8a9c8bfea7,delivered,2017-09-02 10:33:40,2017-09-02 10:45:18,2017-09-06 21:10:13,2017-09-18 22:32:43,2017-10-05 00:00:00
1e67260976522356b4a98ce72e776783,7d2b8943e1ba0a0e2e31950f47e1dd28,delivered,2018-05-07 21:12:21,2018-05-09 03:33:53,2018-05-14 11:16:00,2018-05-17 15:08:51,2018-05-24 00:00:00
caa35247989b88633f114300d557a468,2b5c7803f4d673d4da6cb7950c1141ec,delivered,2018-03-23 10:22:33,2018-03-23 10:35:36,2018-03-28 20:47:05,2018-04-06 01:46:42,2018-04-24 00:00:00
f34e0df97c804d04e00ec61cd77cf9da,ca03eab600d87d8723f523aa00aa0d64,delivered,2017-07-11 17:50:45,2017-07-12 16:05:25,2017-07-14 13:33:28,2017-07-28 17:59:07,2017-08-08 00:00:00
f77dc5ef53142abf2e1734622d81f664,29c13f323716a5bbd7356343e45d9868,delivered,2017-01-15 17:58:43,2017-01-17 03:21:45,2017-01-19 09:15:39,2017-01-26 15:11:47,2017-02-17 00:00:00
a02645d92386768ae0cc1869eddcd6ef,3bae25a6da778a2df746084b24cd01c8,delivered,2018-07-26 11:02:29,2018-07-28 02:35:11,2018-07-30 12:45:00,2018-08-02 01:11:51,2018-08-06 00:00:00
63395e53d28e53559462a08ceb1b2df6,2376ec94b82677987ff7293bfd6d060b,delivered,2018-08-07 14:45:43,2018-08-07 15:50:49,2018-08-09 14:57:00,2018-08-16 21:28:37,2018-09-26 00:00:00
2c06e80ee31e3bc878d17d0c6abb8f4c,edeead8c26c3ef19bd2dfba58ae98e35,delivered,2017-02-26 01:33:08,2017-02-26 01:42:10,2017-03-15 06:55:36,2017-03-23 21:12:19,2017-03-20 00:00:00
d5ee3e8f7e55a206d8c523ce9f507e3c,5f1e5d413891630c9942247b3e795965,delivered,2018-04-20 07:24:50,2018-04-20 07:51:29,2018-04-23 20:52:01,2018-05-06 10:38:53,2018-05-18 00:00:00
26721f2618b745ded2575dc7bc35dd08,0cf14158e95def517e2268fb9fb799ca,delivered,2018-04-17 18:16:55,2018-04-17 18:32:21,2018-04-19 02:12:32,2018-04-30 22:42:45,2018-05-16 00:00:00
b1a4848ea79dd95fd703aa8eebcfdf28,6d7c0573365219e798ffe66dc2a9e7ff,delivered,2017-10-13 13:56:40,2017-10-13 14:14:22,2017-10-13 21:45:57,2017-10-20 16:43:59,2017-11-03 00:00:00
c1dfbe8a3ce81f3fd38d2d5f50e84be6,cce631765a9e31068af38b7e668fed9f,shipped,2018-03-15 15:00:15,2018-03-16 03:50:40,2018-03-23 15:46:23,,2018-04-10 00:00:00
75263102ad0ad256a7bc7c47daf26857,d952d0a219ee17d64a7103ddba3feb5e,delivered,2018-08-13 19:14:33,2018-08-14 19:10:15,2018-08-17 13:24:00,2018-08-24 18:26:33,2018-09-18 00:00:00
a39dde177899dc1b42c696690b2d7166,86b2c88f97d0b9b421b8bd62be63faae,delivered,2018-01-02 22:59:30,2018-01-03 13:41:23,2018-01-04 18:04:12,2018-01-19 01:22:10,2018-02-06 00:00:00
8deeb79137075638ab088643f9fe8c17,c171b720b07a79a5f662c1c315071880,delivered,2017-04-19 15:29:05,2017-04-19 16:15:17,2017-05-17 15:18:30,2017-05-29 10:39:35,2017-05-19 00:00:00
2e444ba1fd25a9eafb09a719e65b5421,cadc3ba7b24012a7bf18d316c2dd6c6b,delivered,2017-09-12 13:45:20,2017-09-12 14:04:29,2017-09-13 20:38:09,2017-09-18 17:53:25,2017-09-22 00:00:00
03b5ec589ff32d3dac9dd2f9f06496d6,4354e2cf53a8b26f617d9b454d0f3564,delivered,2017-05-27 12:16:38,2017-05-27 13:05:23,2017-05-29 09:47:06,2017-06-14 13:18:07,2017-07-03 00:00:00
f65c770d505adf4e530feafa23e16f4f,1d3ad60d94e29ef73d7d2fd4ce8a8fac,delivered,2017-04-12 15:59:48,2017-04-14 02:45:45,2017-04-17 12:01:18,2017-04-20 11:05:44,2017-05-08 00:00:00
ae742f1350cc572e8e8c752625b53829,9f24e442cd91c1da583a59e4da9a7533,delivered,2018-06-13 15:11:43,2018-06-14 15:20:59,2018-06-14 18:57:00,2018-06-15 17:12:54,2018-06-25 00:00:00
6c11290f82789339975290feb4a58983,e1c41b00a132aba2fd305da3ec4aab06,delivered,2018-06-15 09:20:21,2018-06-15 09:38:45,2018-06-15 12:27:00,2018-06-18 21:52:16,2018-06-28 00:00:00
518a27a223dd20b3d2030d2a5d9574e8,97e26cefab033c1e46bee19ea8341fc0,delivered,2017-08-09 22:51:51,2017-08-09 23:05:18,2017-08-15 19:42:13,2017-08-17 17:04:12,2017-08-30 00:00:00
884f74c6b1d625c13e1ef12d7314a2a9,b95c303652bfe9fa2d4851ec82983c2a,delivered,2018-04-26 12:44:27,2018-04-26 12:55:32,2018-04-26 13:43:00,2018-04-30 11:18:21,2018-05-22 00:00:00
fe77e2fdbb1b332cfbabd01709f805e8,a7f101f963004132b71c871d36a922e4,delivered,2018-04-24 22:42:31,2018-04-24 22:55:27,2018-04-27 07:31:00,2018-05-04 20:28:22,2018-05-17 00:00:00
8141520643442c50aa531801cbc79e46,a8e7d88628f29e914e2c74b804e573a8,delivered,2017-01-29 21:46:14,2017-01-29 22:33:19,2017-01-30 14:42:42,2017-02-02 17:39:22,2017-03-03 00:00:00
2af768daf2646f316e9457e1f10b2428,47f1f1245c92a6897e654d5f0c0a3f0d,delivered,2017-06-05 17:53:59,2017-06-07 02:22:31,2017-06-07 15:58:40,2017-06-19 20:38:37,2017-07-05 00:00:00
b712b4e550ff93a128404e9362d7958b,cb8c8c74f46c1f16b9422cc76efe9534,delivered,2018-07-21 00:39:47,2018-07-21 00:50:11,2018-07-23 06:43:00,2018-07-26 20:15:38,2018-08-02 00:00:00
9cef759af57cfbaf537221a36730209f,982bd9951046d28f83d0cab9fde6ea57,delivered,2017-06-08 16:35:54,2017-06-08 17:03:55,2017-06-13 13:02:43,2017-06-21 21:46:50,2017-07-11 00:00:00
afc2fbf9c74b731c616892314ac3e201,0496ba4893dc2332b957b3ac5cc5a60f,delivered,2018-05-12 17:24:36,2018-05-12 17:35:25,2018-05-14 14:25:00,2018-05-17 22:37:39,2018-06-01 00:00:00
1f875e0ba15ed5389a8a2fbedd45f1ab,65966fb31244e723f2b44a839e921e39,delivered,2018-05-11 12:53:29,2018-05-11 21:37:05,2018-05-14 13:11:00,2018-05-17 20:22:01,2018-05-25 00:00:00
5caa25c9728cc479d73358c3cd899f08,36ab8aaa5cc1c5972e45deec833beff6,processing,2017-06-06 21:42:04,2017-06-06 21:50:21,,,2017-07-07 00:00:00
9900cb70a170fc8270433a79b6cca56e,0beac38aa6cad393f933d71c2a4758b6,delivered,2018-05-08 22:39:22,2018-05-08 22:55:18,2018-05-09 13:39:00,2018-05-15 20:14:33,2018-05-24 00:00:00
7f802d7c70300edaea3d120f8c34843a,4f92392f2442e7f7d9b6a055eb042ce5,delivered,2017-07-02 13:10:57,2017-07-02 13:25:11,2017-07-06 07:22:18,2017-07-10 18:27:42,2017-07-31 00:00:00
dab24a5b64be23f0c6c7a4ebcded8f0d,31678010a352c0368e3f35edb1cde0ca,delivered,2017-07-18 10:25:44,2017-07-18 10:43:34,2017-07-18 18:47:49,2017-07-21 18:53:45,2017-08-07 00:00:00
c8c474f20a667ba003a1f6e929fc3a44,ad06b03685e254053b83d5d07baded8f,delivered,2017-10-03 18:31:02,2017-10-05 10:35:27,2017-10-05 16:04:28,2017-10-16 23:23:50,2017-10-30 00:00:00
76b2130e88deabfcb586db50ff98e3b5,86258c28f995c44e1d2e5ba3b1f5f0c2,delivered,2017-12-05 15:06:41,2017-12-05 15:31:03,2017-12-06 21:23:11,2018-01-04 19:52:28,2018-01-08 00:00:00
42bb3b75e450242d115666d5626fce15,29bdf6776696ece5110768ef0a897988,delivered,2017-11-26 23:37:43,2017-11-26 23:53:37,2017-12-01 00:21:53,2017-12-06 19:45:36,2017-12-11 00:00:00
ebe68f8677e52fa72bb060f50dad8e1b,cdaa1e094f5dfa63a298ec6bce5593e5,delivered,2018-01-09 23:01:33,2018-01-11 02:35:43,2018-01-11 18:32:49,2018-01-23 18:58:46,2018-02-09 00:00:00
c25ada6e50a408a7219bea45738372b2,c009ac49d03a1dac5abe6b3bdb43729e,delivered,2018-01-18 10:32:05,2018-01-18 10:56:00,2018-01-18 21:25:45,2018-02-08 13:15:38,2018-02-15 00:00:00
103d223291ed362a58f685884fdde6c3,05a54aaa942e6ca83da992f943f87cd1,delivered,2018-02-20 10:06:11,2018-02-20 14:35:29,2018-02-23 16:24:29,2018-02-26 22:06:41,2018-03-06 00:00:00
8e2f8b9c4a47354c52c4bc7701e933b0,ab3f497fe43e78bb29becaf30233096d,delivered,2018-03-21 10:57:19,2018-03-21 11:10:40,2018-03-22 23:52:02,2018-04-13 20:48:34,2018-04-12 00:00:00
2ce7fb3d9314c0a8e4e8c04eb1224919,695e30701cad491515e5f4f0e69bd3db,delivered,2018-06-10 12:42:23,2018-06-10 12:57:11,2018-06-13 07:24:00,2018-06-28 15:17:02,2018-07-17 00:00:00
9a7fc3b0802afc9b2b46c1e2f323a738,c3860745545e4c4f20c349a4dac765a5,delivered,2018-07-19 11:12:30,2018-07-21 03:30:17,2018-07-24 13:58:00,2018-07-31 18:22:49,2018-08-16 00:00:00
565ccfa6f9e28da74700c42da9deb949,a6bd20291ac4e6a4229459c6af42f828,delivered,2017-08-30 16:22:12,2017-09-01 04:32:57,2017-09-04 13:14:58,2017-09-20 15:52:25,2017-09-27 00:00:00
a46673a644bf3ee145a6afe288ed3e92,335f6adf170fc79daf3d75393afd97e8,delivered,2018-03-07 14:50:18,2018-03-07 15:31:42,2018-03-09 17:52:08,2018-03-20 17:27:50,2018-04-04 00:00:00
0ae4c9a0bb0c65a89aaf840c9b08ba43,cad95dd35e0f2ec6f2f0522a3fad9542,delivered,2018-02-16 17:33:53,2018-02-17 17:27:24,2018-02-19 20:25:14,2018-03-05 16:57:07,2018-03-13 00:00:00
3c5246b7fb777b09b9517771ca289331,7ee15d0d731c2012e95f4779068c1647,delivered,2017-11-26 20:23:02,2017-11-28 20:31:14,2017-11-30 19:52:59,2017-12-06 14:58:42,2017-12-18 00:00:00
f6670eadd56bce14f9aa4623bb40c7cc,95425cd5d47d6f05ac54dc500abe1eeb,delivered,2017-08-10 17:09:39,2017-08-10 17:25:13,2017-08-11 19:11:18,2017-08-21 21:08:05,2017-09-01 00:00:00
ee2b11b5601e9de355fb771525a195ce,225634426cfd64638ae97bf60e190f5b,delivered,2017-11-20 17:08:59,2017-11-20 17:19:30,2017-11-21 20:38:55,2017-12-01 10:43:46,2017-12-15 00:00:00
8bf5f7691f5059f401c9b3954acb39b8,94d721a32e13c4675216bc3b34f12272,delivered,2018-08-21 14:20:40,2018-08-21 14:30:56,2018-08-25 08:38:00,2018-08-30 21:39:34,2018-09-26 00:00:00
234dea860a599db97cc16cc2dd9b5f0d,8ba919338517e7b12449c927219a9f95,delivered,2018-04-21 08:59:05,2018-04-24 17:41:33,2018-04-24 19:31:27,2018-04-26 20:52:12,2018-05-11 00:00:00
f336c8ae5359af5ad4dc657f0ca2468d,7ad257dbeec09b715a8c65fc2fe83a33,delivered,2017-08-27 19:05:23,2017-08-27 19:24:54,2017-08-28 19:56:37,2017-09-11 16:26:11,2017-09-20 00:00:00
bb1e5e5a7e290c28d800a04c53720095,8cfc802351f91163097e12fd2168b7b6,delivered,2017-10-25 13:15:38,2017-10-25 13:29:03,2017-10-27 14:51:23,2017-11-06 19:19:32,2017-11-21 00:00:00
2904d3ae0064e840ffb4798ba4a12ae3,261cb4f92498ca05d5bd1a327a261d9c,delivered,2017-09-12 08:00:03,2017-09-14 02:50:22,2017-09-19 19:27:49,2017-09-25 21:22:39,2017-10-05 00:00:00
f74a620e4d4599312c1832ca0afe0588,ead09e2f88cb2d917b5bdd199db50911,delivered,2018-07-03 10:16:32,2018-07-05 16:21:00,2018-07-06 08:46:00,2018-07-10 23:18:41,2018-07-25 00:00:00
7102cea582cfe5c2976f0a8229d26e6f,323cfe9bc2975b388380a0dcce908beb,delivered,2018-02-16 14:41:37,2018-02-17 14:35:29,2018-02-20 02:33:43,2018-02-26 21:39:13,2018-03-15 00:00:00
1777f6d0dafb34a24cffac1c7ad5d618,defb33f2396ced51448688aefdf54dd2,delivered,2017-10-23 21:45:43,2017-10-23 22:06:36,2017-10-24 22:33:32,2017-11-07 22:38:40,2017-11-09 00:00:00
dcea02e816d99fa3394ac1069c80a1ad,a0debf00af8b41b5d1ae13b4400f6a9a,delivered,2018-04-11 10:47:43,2018-04-12 07:51:22,2018-04-12 18:17:44,2018-04-20 16:11:55,2018-04-27 00:00:00
8cafeef132aa9cfe9a86b1162012e14b,c359ce2312a7a26f1e34d8d4721bea33,delivered,2018-02-07 20:57:16,2018-02-07 22:00:24,2018-02-17 00:37:56,2018-02-28 19:36:14,2018-03-15 00:00:00
6f4a1ccdb6d8b5f5249737581a50b1ea,4db197e249f43396789685f78b90a530,delivered,2017-03-14 13:06:10,2017-03-14 13:06:10,2017-03-22 13:46:07,2017-04-04 12:20:07,2017-04-28 00:00:00
bcbca462c055855afe0cb0df7b6a09f9,2ff3d530fd1c82961515acd088731097,delivered,2018-03-12 17:26:02,2018-03-12 17:35:54,2018-03-13 23:12:23,2018-04-13 14:56:36,2018-04-03 00:00:00
9da8ef7171b203799d1fac783097c70d,7186174ecd4121c35219e1874fc4eb48,delivered,2018-06-04 20:07:58,2018-06-05 20:12:17,2018-06-06 14:41:00,2018-06-13 15:08:58,2018-07-11 00:00:00
68ebbbf9a7236276c1c324a5c4abbcbf,aa119c06a32aab3118de467432757566,delivered,2017-10-16 01:53:47,2017-10-16 02:07:35,2017-10-16 21:13:04,2017-10-25 18:49:59,2017-11-03 00:00:00
c02a5571a92c4122218c6471c440567a,67de99df30be5012ce8bfd6501f3c8b4,delivered,2017-07-26 08:58:54,2017-07-26 09:05:16,2017-07-26 14:32:55,2017-08-03 20:32:46,2017-08-17 00:00:00
b6fedebf9c9b16a18f2db9814cd79353,bbeed623fb4237f3e611fe0b2195e03d,delivered,2017-12-05 23:26:14,2017-12-05 23:35:25,2017-12-06 15:28:06,2017-12-21 17:48:55,2017-12-29 00:00:00
68999281f861381c5d124f1f0805daba,778f92552296fa2e9a576df5114be74c,delivered,2018-08-16 17:32:11,2018-08-18 03:09:50,2018-08-21 14:48:00,2018-08-27 22:14:27,2018-10-02 00:00:00
c921b31250ffb9719326413202688113,012e0c27bbc549e7c249ee9042d58f7b,delivered,2018-05-07 13:37:30,2018-05-07 15:33:06,2018-05-09 15:14:00,2018-05-21 13:14:32,2018-06-05 00:00:00
7f949bbc94c8580ad60e90fd93358395,236ec63256bb9c3e17bf8a07a310e353,delivered,2018-02-14 23:28:31,2018-02-15 20:46:36,2018-02-16 21:22:24,2018-02-27 00:41:38,2018-03-13 00:00:00
a1cff9f46b83ac0fb525c755e46851f8,9512f6c2d4c5fc7426cc9951329f8b20,delivered,2018-03-14 22:47:12,2018-03-16 03:45:25,2018-03-19 16:54:48,2018-04-26 17:04:23,2018-04-05 00:00:00
1d0e8770169496e47622b6cbc0d10bda,e3cfff24939005d30dd3a046848227d6,delivered,2017-02-22 14:08:00,2017-02-22 14:22:20,2017-02-23 15:14:01,2017-03-01 07:12:57,2017-03-21 00:00:00
654d83ca191e00d3fa5258cf9ee21543,8218f3aa0d0025daa5ca56fbc3a237fe,delivered,2018-01-05 06:23:02,2018-01-06 02:27:50,2018-01-10 18:23:56,2018-01-16 14:43:32,2018-01-31 00:00:00
d22cef32310bb1950b78612b7c15ae9a,7c15abcfef924a6e0f7865d0982e0cb8,delivered,2018-06-03 09:46:56,2018-06-05 04:51:44,2018-06-05 14:03:00,2018-06-08 11:34:29,2018-07-11 00:00:00
5f5ef03caf7e16f975b0fbd9ac1d3db0,d994da78ae72999d6c55340049fe86b6,delivered,2017-12-05 09:03:48,2017-12-05 11:02:59,2017-12-19 22:20:05,2017-12-29 16:18:52,2018-01-04 00:00:00
a516c9c0848ac05520b05e9e06e981b8,02da7b02a5b13eaa8a12755d27593940,delivered,2017-11-24 18:51:52,2017-11-24 22:15:40,2017-11-27 22:44:36,2017-11-28 19:18:42,2017-12-08 00:00:00
2ca6b9b8798581bc3eca169d3a002f8d,30be2c49f175feabf0d506b1b719e9ed,delivered,2017-06-14 17:47:53,2017-06-14 17:55:13,2017-06-16 13:43:08,2017-06-22 15:08:00,2017-07-05 00:00:00
7b146a6eac41426787d8f35a3df4a700,60df128a3eed331273ac55fa678deb8a,delivered,2018-03-26 21:47:14,2018-03-28 02:47:26,2018-03-28 18:51:31,2018-04-09 21:22:22,2018-04-06 00:00:00
18498dfc9ebdeca5bcf52d70409adb15,30c2a370ec714c4dd8c14de7fe0e00a2,delivered,2018-01-15 12:47:33,2018-01-17 03:35:24,2018-01-17 22:18:35,2018-01-24 15:37:10,2018-02-07 00:00:00
52fbc14060ffe1b2c4ab8657fa248084,ae17c6f1f816d6367af9a06561140c16,delivered,2018-02-18 15:06:19,2018-02-18 15:26:42,2018-02-23 19:48:58,2018-03-05 16:49:41,2018-03-13 00:00:00
800a5a27188c4ceb9f70a42ce8a556bd,d42e5bc093be3c0811a2155517721375,delivered,2017-05-04 16:51:13,2017-05-05 02:23:50,2017-05-05 14:32:59,2017-05-19 08:57:51,2017-06-02 00:00:00
dd2e209a7ec50b29ea0f6f39891e5c5a,b60eb21003d0de2edff23983fd83e2fd,delivered,2017-10-16 16:23:33,2017-10-16 17:02:54,2017-10-18 18:29:58,2017-10-25 19:18:55,2017-11-01 00:00:00
c28999f880aa66431b70511211d4ac6a,2827c6ef386603030760339bd1976189,delivered,2018-04-28 21:06:58,2018-04-28 21:32:25,2018-05-03 08:05:00,2018-05-04 12:09:04,2018-05-16 00:00:00
27d206cb406ccf1605103f9e5339f004,98caa17d5b6f3807225c87381da61931,delivered,2018-01-03 12:54:17,2018-01-03 13:31:53,2018-01-05 11:53:01,2018-01-11 16:52:52,2018-01-31 00:00:00
130afe1134371f8c69afe4999fc8d671,e42b34f1da8134e1eb83af0ecb8ab308,delivered,2017-08-03 20:52:33,2017-08-03 21:05:14,2017-08-04 18:57:38,2017-08-14 19:10:00,2017-08-25 00:00:00
2e3d96522c8c378d4135c12a65c977aa,cd0a090974c3b64acf613c18f9fcfe83,shipped,2017-11-23 17:11:23,2017-11-24 10:11:48,2017-11-27 18:52:06,,2017-12-18 00:00:00
fec19bf476e77a007cf78400a667ad64,dad59c22880eeb3d23628553ad9bdf3c,delivered,2017-05-27 20:21:07,2017-05-27 20:35:10,2017-05-31 11:57:47,2017-06-05 14:23:40,2017-06-21 00:00:00
9ac6af8b99d3bac9717dfb60bfdaed60,929ee05b81b47fa8730456de87216ab2,delivered,2018-07-22 13:04:52,2018-07-23 11:31:23,2018-07-23 08:46:00,2018-07-26 17:21:37,2018-08-09 00:00:00
0b6230647ed16f4b3e70282dc4b5b87f,a86efb07b29b0ab31a5c6047c600edab,delivered,2018-05-16 13:05:37,2018-05-17 19:36:10,2018-05-30 12:38:00,2018-06-12 19:06:34,2018-06-14 00:00:00
5448a97fc343f6f23807effd01938241,f22449ebc3dcc171a096c27de4c3a901,delivered,2018-02-28 16:47:08,2018-03-02 02:11:00,2018-03-08 15:06:34,2018-04-12 00:05:00,2018-04-06 00:00:00
6f3772f092a98dfbb37265f3186ba374,cf27fa6e72bce3581bafc0fce8261a18,canceled,2017-05-26 12:42:13,,,,2017-06-09 00:00:00
e439c4c76d0ddcee47707e6353dc21af,89d8f6feb5a9c81286b5d34fdfe8042c,delivered,2017-06-08 08:41:16,2017-06-09 02:15:14,2017-06-09 16:33:12,2017-06-21 15:36:55,2017-07-11 00:00:00
77ed87f3ac41afc8135ce7cf831691d5,b57974de46d4b2474514538cf1451c99,delivered,2018-04-11 17:49:01,2018-04-11 18:10:49,2018-04-17 20:13:24,2018-04-25 01:36:20,2018-04-27 00:00:00
de886fcb580e685359a5d359555bf1cd,6d9cfabdaf17081465bf60f32321eaa6,delivered,2017-09-16 09:32:11,2017-09-16 09:45:12,2017-09-19 16:33:45,2017-09-29 23:11:43,2017-10-09 00:00:00
2bd83192ab8f2f55212ebf3eb97cd609,3ffa17760a6f58060722fc5bec444d3a,delivered,2018-05-09 10:43:53,2018-05-09 10:55:25,2018-05-09 16:02:00,2018-05-15 18:28:41,2018-06-19 00:00:00
38fa147f3463d7751cb8a2b2455d628c,3aa07c52ba6832f2d4ba030134320b5d,delivered,2017-04-24 20:30:12,2017-04-24 20:45:13,2017-04-25 11:38:15,2017-05-03 13:26:37,2017-05-17 00:00:00
b14d78f87f74ceb20b968d853cac66cb,b619b19ef9db35dde9e6e01483e204d7,delivered,2017-06-27 14:33:15,2017-06-28 02:44:19,2017-06-28 16:21:11,2017-07-10 19:41:40,2017-07-17 00:00:00
f16558dfebe7951628f0f25e6155dcb6,23cbdb36051e1a2dbb401e0d83f91ddc,delivered,2018-07-17 23:24:01,2018-07-19 02:45:25,2018-07-20 13:22:00,2018-07-25 22:04:21,2018-08-02 00:00:00
02d84940c88e0c1c91ec65aeb663578d,59f61bb586b093c1815a72b3c129cc8f,delivered,2018-02-03 11:41:57,2018-02-03 11:50:28,2018-02-07 00:36:26,2018-02-07 15:28:52,2018-03-01 00:00:00
f3ef0ddf732dfd6a0c31fe3f8cd3b948,05442d85c4114266feb6a926dacb7580,delivered,2018-06-21 20:47:22,2018-06-21 21:18:11,2018-06-22 14:09:00,2018-06-30 16:25:42,2018-07-04 00:00:00
aab255ef2ea7066420316c7ae7094fe2,9b21003409394a234def7b16a139b70f,delivered,2018-08-17 18:47:21,2018-08-17 19:10:26,2018-08-20 11:24:00,2018-08-21 14:44:46,2018-08-23 00:00:00
25a35f3ddac45387a6140eefc740d2a5,a41d43f55131377f2491f8ac6f9cdf20,delivered,2017-08-22 16:09:36,2017-08-22 16:27:35,2017-08-23 18:58:56,2017-08-24 18:11:40,2017-09-04 00:00:00
6f9f51617d16189c2f4cd4e84f92afce,eca75e9adc8c91318ff3031a136b5130,delivered,2018-05-02 00:14:36,2018-05-02 00:34:04,2018-05-03 15:09:00,2018-05-04 20:12:01,2018-05-21 00:00:00
ef6fc648385ffc846ee9b98cf2492d59,69ca21797c2f506e1776ff086dd987f9,delivered,2018-02-06 19:46:51,2018-02-06 20:50:49,2018-02-07 23:47:35,2018-02-16 18:48:36,2018-03-06 00:00:00
e7e818ad5eb0eddc4d7fb9bdade265dd,d7ef5b9915f1b49111337dc50f579ea1,delivered,2018-06-09 14:20:15,2018-06-09 14:35:14,2018-06-11 06:18:00,2018-06-20 00:20:45,2018-07-13 00:00:00
8a73953585d1e53096b1003a5e2dfa4b,f22b65b568ee679fc4f343391919c54d,delivered,2018-03-05 14:46:20,2018-03-05 15:49:42,2018-03-06 20:17:58,2018-03-12 21:40:37,2018-04-02 00:00:00
d9c720e3a638349cc85d8f2f1eff6ab7,a881d768651dbf7f348ee3eb81e18139,delivered,2018-06-09 19:07:39,2018-06-09 19:15:20,2018-06-11 17:17:00,2018-06-12 15:33:09,2018-06-20 00:00:00
ec6e95dcca4c512f5302ba944bb0e2b4,8509865d572d9f571742875e5a6b41a9,delivered,2018-01-26 14:45:19,2018-01-26 14:59:15,2018-01-29 21:52:38,2018-02-02 19:24:02,2018-02-19 00:00:00
05ed121680df9ec2f89d4dc29310333a,05c21a5b935941bf33883571a74defa9,delivered,2018-03-05 07:27:39,2018-03-06 04:08:25,2018-03-07 18:33:58,2018-03-29 23:28:42,2018-03-26 00:00:00
d4daa9ee1fe28458773297759dbfe2bc,6519f59a7687a4661f7c8a7e24f28f94,delivered,2018-05-08 11:15:05,2018-05-10 02:57:14,2018-05-11 19:00:00,2018-05-14 21:36:38,2018-05-21 00:00:00
cbcd88d04afac8b9bfc8e6d7a7f6e491,91b4af9b2ac8383791cbdd789c95383b,delivered,2018-05-09 10:43:39,2018-05-11 03:37:38,2018-05-11 18:17:00,2018-05-14 16:08:52,2018-05-17 00:00:00
2d17c499d9ed8dbdfb97368c0f322dc0,075e31dfbe61654855be4e32392358e5,delivered,2018-02-17 12:06:46,2018-02-17 12:15:25,2018-02-20 10:22:32,2018-02-27 21:24:52,2018-03-16 00:00:00
e077d52f6cbef7bb5e3e3e147e44a189,7569ca3fd4cac49c36300b217d638628,delivered,2017-11-05 19:45:10,2017-11-07 07:30:48,2017-11-16 19:56:52,2017-11-28 17:04:42,2017-11-24 00:00:00
a7cc09fb58107d971a9b1f94e176a910,5e3946a8c130e68f45ccced8781e419e,delivered,2018-04-21 20:55:09,2018-04-24 18:09:42,2018-04-23 20:30:52,2018-05-03 21:46:26,2018-05-15 00:00:00
4552d969c2ffe2ac446b7a970e6953fc,3b0b34191384cc53acb9197de6d8f3a4,delivered,2017-10-06 18:38:28,2017-10-06 19:49:18,2017-10-20 18:47:25,2017-10-23 19:50:07,2017-10-24 00:00:00
2499ab8c0f7060efb2d80d1870716aeb,547509d91533b2cccf46afac69761fd0,delivered,2018-05-17 16:46:36,2018-05-18 00:55:23,2018-05-22 15:31:00,2018-06-08 15:12:28,2018-06-05 00:00:00
723eb8a15a9c1cd6038c3af64f0b0fad,bce59a361a8800fd7f430a5617ffe165,delivered,2017-05-26 13:08:15,2017-05-26 13:22:26,2017-05-26 14:47:55,2017-06-07 16:24:36,2017-06-29 00:00:00
9ddce686be2661872d8a63788bd96cbe,1617a08d5850cf9628908bf7339c4245,delivered,2017-05-01 19:21:07,2017-05-01 19:30:21,2017-05-05 15:17:50,2017-06-03 14:22:13,2017-06-02 00:00:00
3611d4d344fa0dac68f00c56184ae7c6,e2717e34c75024c80c64b0a32ec494c0,delivered,2018-02-14 15:08:36,2018-02-14 15:25:23,2018-02-15 20:58:42,2018-02-22 17:08:03,2018-03-12 00:00:00
571ceb25e5db8f2493bdc932ae31e994,e04d54b5ba132b01e15cf50ccde581a6,delivered,2018-01-08 08:53:52,2018-01-08 09:07:58,2018-01-11 01:40:32,2018-01-16 14:41:43,2018-02-02 00:00:00
212c15b59573b9d8f5237f680f1f4719,1596ba8ece28220881f4ac1e07014b39,delivered,2017-08-09 10:08:24,2017-08-09 10:24:31,2017-08-11 18:09:55,2017-08-15 18:27:48,2017-08-30 00:00:00
f186d03d544280e8b47474d4ca836ac5,e9834259b7af39831ea294e02ea07a54,delivered,2017-05-12 15:34:02,2017-05-12 16:02:40,2017-05-15 11:53:57,2017-05-18 09:11:41,2017-05-22 00:00:00
681b8fe190dea1a0fcb73637796862c5,ea8b39e51d9127623cdc47baf2ce8762,delivered,2018-02-02 20:29:04,2018-02-02 20:50:56,2018-02-07 20:18:57,2018-03-05 20:54:36,2018-03-02 00:00:00
e7666f6bc0e98144ecc793ddbbdccc08,b0902450a721bbf06e520c99318a63a0,delivered,2018-01-23 14:58:44,2018-01-23 15:12:54,2018-01-31 19:07:57,2018-02-01 18:54:33,2018-02-07 00:00:00
e4798e36e5f3fb9c75a695fdb0a2936a,4951c120d471e3e81f9c23fdf62e0f10,delivered,2017-05-09 13:49:02,2017-05-10 02:45:33,2017-05-10 10:57:21,2017-05-11 08:36:32,2017-05-17 00:00:00
e1a6a65ef3f7bc155b0e21555a728931,63a710384d8293cd7dc192503569a34e,delivered,2017-10-18 13:43:32,2017-10-18 13:56:15,2017-10-19 20:46:50,2017-10-23 20:52:04,2017-11-09 00:00:00
c62b6637a1c509d71c093e1e950c2ece,1d291010b33949bf8c1d8b1338d15daa,delivered,2017-10-02 18:14:44,2017-10-02 18:28:18,2017-10-04 16:09:18,2017-10-09 22:22:12,2017-10-24 00:00:00
98efe48952662e6a45a1dc51770039d2,c2834e3d708a9530dbe9ac9b9e81a3df,delivered,2018-06-16 07:41:21,2018-06-16 07:58:21,2018-06-20 17:17:00,2018-06-25 15:36:35,2018-07-16 00:00:00
1f04f45771eed910a8d58e5c52604660,eaf673c8640de260cb58679e0e159cb4,delivered,2018-02-19 13:42:51,2018-02-19 13:50:57,2018-02-23 01:03:49,2018-03-07 22:52:10,2018-03-13 00:00:00
0a00e9b0112a0e7ba031426a31659196,d6ae8fb84a31394c5efdbb375c1d49ab,delivered,2018-08-06 13:32:49,2018-08-08 04:35:17,2018-08-08 13:23:00,2018-08-15 18:26:42,2018-08-22 00:00:00
0a46b68a258a6a2a44012e312063afa9,1ab9a596215dd981d4af34b1f89eadca,delivered,2018-02-01 11:58:40,2018-02-02 02:54:33,2018-02-02 16:15:04,2018-02-17 15:04:20,2018-03-12 00:00:00
3f44656d9d3ebf0e6a4932454ad04ca0,336b6f8b290fd1dcbf2f9011c0fa6f5a,delivered,2018-01-02 16:17:43,2018-01-02 16:30:27,2018-01-03 21:42:45,2018-01-09 17:37:03,2018-01-31 00:00:00
9480685ea21e5f7710d04bd2bc5a5b39,410c29f04861e22c4168818442128938,delivered,2017-12-02 21:36:15,2017-12-05 04:17:32,2017-12-09 09:51:30,2017-12-17 20:29:57,2017-12-29 00:00:00
3403652cfc8a16f52dee61e12bbf1734,51b18b1df1acca444689cf28ca0632d2,delivered,2017-12-04 20:29:17,2017-12-04 20:38:22,2017-12-05 23:04:24,2017-12-19 19:48:48,2017-12-27 00:00:00
3d5aa3b04a54208866a9a716d80e6b89,8eb106d11a08c40ba310649b452427a8,delivered,2017-07-12 02:21:38,2017-07-13 02:56:11,2017-07-13 12:09:27,2017-07-24 19:55:02,2017-08-09 00:00:00
8f696262d8132fbdbce8c529808084dc,978e12fa282adbbfdf238bbfc43bbc32,delivered,2018-03-26 13:43:36,2018-03-26 14:13:43,2018-03-27 19:52:08,2018-04-04 17:03:59,2018-04-12 00:00:00
e1e4ca9c13b18a9460faf44eac336bfa,5f70b88d3ca33ef00c753f350cdbc83d,delivered,2018-01-10 10:31:41,2018-01-10 10:49:29,2018-01-13 01:21:34,2018-01-24 15:32:32,2018-02-06 00:00:00
a84c6f3ee879e72955a3fcaa2dc55771,836d36fe0e20e7fe17d828cb4af09008,delivered,2017-04-10 22:31:06,2017-04-12 02:42:29,2017-04-17 14:54:11,2017-04-27 12:19:26,2017-05-10 00:00:00
b9ae09da0b039cc190c9d1cb607a4392,bf5b4a36dd34728d4ef30e6085f22ab3,delivered,2017-11-02 10:58:20,2017-11-02 11:10:45,2017-11-03 22:25:52,2017-11-10 20:54:33,2017-11-28 00:00:00
f1096b41dcbdf89e08328fe0a54ab07c,d11cb171825cb0bf398f3af72f53192f,delivered,2018-03-21 10:31:28,2018-03-22 10:29:30,2018-04-05 13:16:58,2018-04-27 19:18:46,2018-04-18 00:00:00
32cba3ccd7c1594ef6f9bc886ae3a460,f23196bafc986b19ef1376642e907527,delivered,2017-10-23 12:08:17,2017-10-23 12:21:20,2017-10-26 19:17:55,2017-11-01 18:57:36,2017-11-16 00:00:00
1146fb180e28dfbfdbfabd7249026429,7dbbcbff88444c3fcce705d185a3c024,delivered,2018-02-23 11:04:11,2018-02-23 11:30:40,2018-02-28 20:47:34,2018-03-03 14:04:16,2018-03-16 00:00:00
c76a39319cf13b7f3b9e3bded3315f86,5703f4cb0c712d838bee4c53f7655c6a,delivered,2017-05-11 01:40:51,2017-05-11 01:50:15,2017-05-15 13:16:51,2017-05-19 09:04:57,2017-05-31 00:00:00
6d166a44957a119a79b6213272be7841,42aea70a3c46ebc54431c9cdc496ace6,delivered,2017-08-07 17:34:04,2017-08-07 17:50:19,2017-08-11 19:11:43,2017-08-24 15:47:46,2017-08-29 00:00:00
2a631e30de2dfb9f193f5f25f13a3a36,b1d892aa7b187f3e981f1ee0f4799f59,delivered,2018-03-14 09:44:29,2018-03-14 10:28:03,2018-03-14 23:21:16,2018-03-23 20:41:40,2018-04-05 00:00:00
05426618bfbb87e04fdd3a60a5bfef38,60eff00208ce766f18aed247d50c4cba,delivered,2018-07-19 19:39:12,2018-07-19 19:50:10,2018-07-20 16:08:00,2018-07-30 16:12:14,2018-08-13 00:00:00
b19157c739687db4c2150c98b715be45,d92e618309ada8c1a0ad0262cfe02ea2,delivered,2017-11-16 17:06:25,2017-11-16 17:15:51,2017-11-21 16:13:07,2017-11-28 15:58:58,2017-12-05 00:00:00
78a040518000bd952718c7c856d1d3fc,f89dfd053604484eaa990ca4f8a0ece2,delivered,2017-04-24 22:34:57,2017-04-25 11:15:12,2017-04-25 12:53:16,2017-05-05 18:27:51,2017-05-18 00:00:00
beb26e1a5f2e5c3c0d0367c82b2f5849,48096908574b82eb70950c339d4373ee,delivered,2018-02-12 19:04:46,2018-02-16 07:50:56,2018-02-16 23:48:59,2018-03-07 16:56:46,2018-03-14 00:00:00
1dc515b4707d902bf791694a88e51d83,b7eb8f8399336228bb39564d05bafbd6,delivered,2017-10-20 16:01:29,2017-10-20 16:14:35,2017-10-24 11:46:06,2017-10-27 17:05:07,2017-11-08 00:00:00
51b961a61693c869d201aee32178ad77,c349ba43b52928ebdd45c31c6f741d6e,delivered,2018-02-22 17:50:41,2018-02-23 02:31:17,2018-02-23 23:28:49,2018-03-12 15:44:31,2018-03-19 00:00:00
ab086c339b4c94681a4758724c5ceecc,e274a4472f8b3ceac646447f71d3afce,delivered,2018-08-23 17:09:58,2018-08-23 17:25:13,2018-08-28 13:25:00,2018-08-30 16:27:40,2018-09-24 00:00:00
fbacbe04cbdc1c9aadf3409a9aa1e9a0,174ab3e10eca3720a1690756f6b9a41e,delivered,2018-03-16 11:57:49,2018-03-16 12:10:28,2018-03-17 00:38:52,2018-03-21 16:35:52,2018-04-10 00:00:00
008eaf9004164883520d0bd32b107261,b2a65630374da38ec0653226f3ea4dbb,delivered,2017-07-10 20:42:56,2017-07-12 02:10:13,2017-07-14 13:47:42,2017-07-21 20:34:41,2017-08-08 00:00:00
881a958cb19a9f7d316cec8af42685b2,98b139cb66bbb2eb92119b5ce3d42fa0,delivered,2018-01-24 17:17:05,2018-01-24 17:33:00,2018-01-26 19:25:47,2018-01-29 23:33:55,2018-02-08 00:00:00
12fd4ba303cb9951f45b3ce9b6ba764b,8b4639324f4de248b5196a893aaad0eb,delivered,2018-03-18 21:13:46,2018-03-18 21:30:28,2018-03-19 22:46:39,2018-04-10 22:14:46,2018-04-13 00:00:00
78897a5fe1c573c63f82070220ff2da5,2c4c10219e88c96182dd31e470b89c6d,delivered,2018-08-22 14:53:58,2018-08-23 14:50:22,2018-08-24 12:26:00,2018-08-31 02:36:23,2018-09-04 00:00:00
bf5026cff67c23ae27d65510d8ddf30e,110d797e5a5055538df046c2cad8f3d4,delivered,2017-05-19 18:12:19,2017-05-19 18:30:26,2017-05-23 13:00:57,2017-05-25 16:34:06,2017-06-09 00:00:00
798e490407d2a787a92d3b4769cd94a1,e05192daa12f2f52c5a1ba6acc464b8d,delivered,2017-11-24 00:57:29,2017-11-24 01:29:11,2017-11-24 17:46:44,2017-11-27 13:54:02,2017-12-08 00:00:00
d671370d11048a2dab56335d3d91823e,f434242d1d0dc1d70997f01f7d02e065,delivered,2017-11-25 07:57:14,2017-11-25 08:15:27,2017-11-30 18:44:40,2017-12-29 20:18:52,2017-12-19 00:00:00
68dfc0cac13912ba836bc59a40e10509,0fb6e4efad5a7bb20128df51837fcfc5,delivered,2018-03-03 21:59:29,2018-03-03 22:31:10,2018-03-06 23:38:33,2018-03-08 19:36:29,2018-03-15 00:00:00
6db9a7ff76608a32f0f526347572046f,f36148be7e27209db77b24b2fc7d0c13,delivered,2017-04-22 11:42:28,2017-04-22 11:50:19,2017-04-24 11:02:01,2017-05-11 10:47:59,2017-05-26 00:00:00
840cfabd91dbe1c98ad86fe2e7bc3ad7,3370295abeafe41d497d1d993f57d7c9,delivered,2017-10-17 01:19:17,2017-10-18 02:58:57,2017-10-19 19:00:30,2017-10-26 21:08:28,2017-11-09 00:00:00
6add4f25c1ffe76a240131e1e2158b1a,106a04e2dd5442bf459d06af3d28c625,delivered,2018-05-26 13:12:31,2018-05-26 13:38:12,2018-05-28 15:55:00,2018-06-09 15:51:08,2018-07-11 00:00:00
12e4a8a3ce5999f5d237b1e27b06c60c,c0d06b9010ee9c967e59e4132bab9f0d,delivered,2018-08-06 09:09:46,2018-08-06 09:24:33,2018-08-07 14:06:00,2018-08-21 20:08:43,2018-09-11 00:00:00
1a510b9dad9c83a12012f3e801a015d0,ae48bf01c67e0a7949748fb660c09d37,delivered,2017-08-20 14:58:51,2017-08-20 15:05:19,2017-08-22 14:56:44,2017-08-28 18:27:49,2017-09-11 00:00:00
12b3cb06983f9c76f13d142a0eccb640,7be0c64fb878990a23edc4db7516bb0d,delivered,2018-05-22 22:07:46,2018-05-24 02:34:50,2018-06-06 11:20:00,2018-06-09 00:06:23,2018-06-14 00:00:00
11572de9a5e342dcd81a2843b998d4d6,0a558d12e4f17bdc05e2a498747d0e07,delivered,2018-08-12 13:02:52,2018-08-12 13:15:11,2018-08-13 12:19:00,2018-08-15 19:47:47,2018-08-23 00:00:00
0c9c2a32f57d7b49bacbe81e5534cbba,fe35fc9623da5e8bffda3ea33249dd5f,delivered,2018-08-06 17:38:02,2018-08-06 17:50:26,2018-08-08 18:21:00,2018-08-15 03:12:26,2018-08-17 00:00:00
419aa3b89330662c6c903d25b3be8619,f1ae10afb8ffce973dc435056dd3634c,delivered,2018-04-11 10:47:52,2018-04-11 11:10:56,2018-04-14 00:08:34,2018-04-19 22:22:24,2018-05-02 00:00:00
52f8732e6b72c0e21fa23aa1101c88ea,ec4cf575b6ac1e83cbadda96d884d181,delivered,2018-04-24 22:33:30,2018-04-25 17:12:46,2018-05-09 15:14:00,2018-05-10 19:19:49,2018-05-23 00:00:00
1b2e44e830918f5c5e04b447ba4e9060,a5a6d4a071449fd27f47387b98e3b76b,delivered,2017-10-31 00:01:18,2017-10-31 00:15:21,2017-10-31 16:53:39,2017-11-01 23:53:42,2017-11-08 00:00:00
542def2bcb1a98c1ad42b899b560ae53,ba50da1ffe30c57a7b597d8c8f917193,delivered,2017-06-30 17:52:06,2017-06-30 18:05:12,2017-07-03 15:36:45,2017-07-08 14:08:36,2017-07-20 00:00:00
07b21e603088925f04bb9034954fe5fa,3161a1718e27e1af7db824fd410c25b1,delivered,2018-05-09 08:56:03,2018-05-11 03:37:29,2018-05-11 13:33:00,2018-05-24 18:05:15,2018-06-07 00:00:00
10301e5344cb0afaf8df8ab85051ce2e,5ccf71718d9dfedb398e1e8dc89840c3,delivered,2017-04-09 12:12:04,2017-04-09 12:25:53,2017-04-10 16:17:49,2017-04-13 16:53:19,2017-05-08 00:00:00
a3b689139778b720d33d0a5c8b1d344d,df9db16c77bd14a170dded942c20c8bc,delivered,2017-10-16 18:03:19,2017-10-16 18:24:49,2017-10-18 18:02:57,2017-10-23 18:45:10,2017-11-28 00:00:00
d6b59aff700e82a5581e74b3856fbaab,72add8d7d9393b84c45f92196ff85f29,delivered,2018-06-24 17:12:30,2018-06-24 17:34:10,2018-07-03 14:41:00,2018-07-06 17:35:42,2018-07-24 00:00:00
feea392f967ca802356423ab50673a92,f658dc781fddbf12eb086be4d8228663,delivered,2017-12-14 14:13:35,2017-12-14 14:32:57,2017-12-15 21:44:46,2017-12-28 19:14:04,2018-01-17 00:00:00
23371f485b357c6cc3987ceec664e973,7e5e938f81a54af60f28aebba0d4e899,delivered,2018-07-14 11:33:55,2018-07-17 05:30:39,2018-07-17 14:00:00,2018-07-26 18:36:33,2018-08-03 00:00:00
7741920e0d6fbe24002521fc9a6a9296,b2c356033817f0ae441e1150b19c2d22,delivered,2017-06-16 16:49:52,2017-06-16 17:02:59,2017-06-19 19:04:24,2017-06-28 08:46:42,2017-07-10 00:00:00
dbdca64c9588e8e426af7f9244a7c546,601a560d4b23a44c2fa46d012210992e,delivered,2018-01-08 09:35:21,2018-01-09 07:22:45,2018-01-10 22:30:22,2018-02-03 18:40:13,2018-02-07 00:00:00
336b23be3e03293e27330af8c716f0da,22e91bfa903e38dfd2ca23f7e5d650ae,delivered,2018-03-17 13:54:33,2018-03-17 14:10:24,2018-03-29 20:05:38,2018-04-04 14:46:40,2018-04-17 00:00:00
3a203dae3518150da6b12031076d6cff,220634de361280bbddac4dc3feb47d21,delivered,2017-04-27 12:51:37,2017-04-27 13:25:28,2017-05-03 12:42:34,2017-05-22 14:04:45,2017-06-22 00:00:00
b895ff08d9469500cf3c3b1ebdee68f0,95a9ff2b2271177a20453388698d84c0,delivered,2017-11-18 18:10:37,2017-11-18 18:26:58,2017-11-21 13:17:08,2017-12-07 21:09:13,2017-12-14 00:00:00
cf1a41ef29ec5a9935e2d1809af97312,baede87c2d2b3c061039482314cd988e,delivered,2018-03-16 14:56:18,2018-03-16 15:09:42,2018-03-19 19:28:23,2018-04-04 20:58:44,2018-04-10 00:00:00
db02019c217bc64e86e43a98890e552a,4fac0d504fb42e5fa2fa0c666d1d6d81,delivered,2018-01-05 00:22:34,2018-01-05 01:32:24,2018-01-05 17:38:20,2018-01-22 22:23:35,2018-02-05 00:00:00
80ee0a82f590558e393bafe1232ae1f9,23cc364ad40066c905c1a07e4971621a,delivered,2017-05-18 11:00:04,2017-05-18 11:10:17,2017-05-26 07:37:54,2017-05-29 11:42:20,2017-06-14 00:00:00
45875d4bdc0209b3020175f4151d9850,ee9396d603a68c2c666ea2f0753d256d,canceled,2018-05-17 16:38:50,2018-05-18 00:14:48,,,2018-05-29 00:00:00
92513d9a04507b68515a1866806bcf6c,122e1d8f580d56ec9462af1fc65a4a56,delivered,2018-08-17 17:59:38,2018-08-17 18:10:20,2018-08-20 14:00:00,2018-08-24 23:41:31,2018-08-28 00:00:00
522b2777aac040e0393106af251e3a1a,2e6c46d88036d32a6244dc422fdbcb54,delivered,2017-07-13 17:53:07,2017-07-15 03:25:54,2017-07-17 18:57:36,2017-08-07 12:56:55,2017-08-04 00:00:00
57a82955454fb2a9a18633d841ac480d,d444a4b4041d3548e01c57b178615b56,delivered,2017-10-13 10:47:11,2017-10-13 10:56:23,2017-10-16 21:05:00,2017-10-18 22:42:28,2017-10-25 00:00:00
e8606bd877aee06d98501a6436ee8576,20c6e80eac41498aa2df150ffd6b4acb,delivered,2017-09-18 18:09:20,2017-09-18 18:25:13,2017-09-20 21:23:58,2017-09-29 12:21:40,2017-10-04 00:00:00
50bc3ad74263a2d98d61098a008bf166,6efc35bf138c5027a60a0d358d402fd2,delivered,2017-10-19 15:38:04,2017-10-21 02:49:39,2017-10-24 15:59:52,2017-10-31 17:59:53,2017-11-09 00:00:00
42bfc988bbf084b1a7931003522a3ba6,90cd3c1335ea14527183b56a1e285809,delivered,2018-06-20 21:00:41,2018-06-21 03:17:52,2018-07-04 15:03:00,2018-07-10 17:44:33,2018-07-26 00:00:00
2a3d67c0d2045bf67abb3d8f320ac29f,596201f6091e62ac70da64aad9d0ba58,delivered,2017-01-21 18:17:14,2017-01-21 18:30:10,2017-01-23 14:32:55,2017-01-30 16:12:18,2017-02-28 00:00:00
27a6ada08a4daaa908ef8f862441e486,6bee504481a56460103ddf7f6d23ac98,delivered,2018-01-30 11:24:41,2018-01-31 13:32:18,2018-02-05 19:32:21,2018-02-22 22:16:53,2018-02-22 00:00:00
18106b93c4a03b618998d249d2249433,0ba3ac8dad569436d0c77de79c102b01,delivered,2017-11-19 16:09:04,2017-11-20 16:14:22,2017-11-21 15:08:51,2017-12-09 16:26:53,2017-12-13 00:00:00
e919a8a3ee2a37858e8b5136a6ac5fd4,b25b88372b9bd71f0da55024731bcfce,delivered,2017-08-16 20:22:28,2017-08-18 02:35:19,2017-08-18 16:32:45,2017-08-24 16:12:32,2017-09-12 00:00:00
2669093ac4da5e6445749e5e36e24c6c,f836b48f2ee74cdb3fa9bcab656902df,delivered,2017-07-31 11:59:28,2017-07-31 12:10:18,2017-08-02 18:13:45,2017-08-07 14:37:26,2017-08-17 00:00:00
ac284fb15053d666dfb6128354f0e662,7a4e42927347804cbbc5b584d003bef6,delivered,2018-08-22 14:14:50,2018-08-22 14:25:19,2018-08-22 13:46:00,2018-08-28 21:32:27,2018-09-14 00:00:00
ee9ca989fc93ba09a6eddc250ce01742,eed931d3a5222a9a511d18be7fd2a5ba,delivered,2017-05-12 16:24:51,2017-05-12 16:35:21,2017-05-18 15:24:38,2017-05-24 12:26:59,2017-05-30 00:00:00
0cf8368e4bd533308d1d3b77bd9f2844,300b0dd79dc0dd388ee25b66631ea2ef,delivered,2017-07-12 21:25:11,2017-07-13 17:30:11,2017-07-14 15:47:50,2017-07-27 18:44:45,2017-08-15 00:00:00
5b5153bb02f4f2e953e5a87aa1cc8389,7f52398a75fde579f87d3a1a41b3e665,delivered,2018-04-02 15:09:04,2018-04-02 15:32:32,2018-04-03 19:58:41,2018-04-23 20:36:44,2018-04-25 00:00:00
541e38b8cb17dc622161e1e475b308bd,973b7fb9752333c4abd3975a397cda2e,delivered,2017-03-13 21:19:38,2017-03-13 21:19:38,2017-03-15 12:11:21,2017-03-24 15:07:18,2017-04-05 00:00:00
32a125a6a8216eaa745d0e33eabc4218,0641d9adafb540d8a4cbb584a9b4ea03,delivered,2017-10-03 07:34:54,2017-10-04 02:56:31,2017-10-10 21:02:44,2017-10-17 14:24:49,2017-10-25 00:00:00
08f037463ef8a43a35237ad2029f316b,7c29841bc24b6a0a94f8f6a9769fb54c,delivered,2018-05-22 21:30:02,2018-05-23 15:35:27,2018-05-24 15:02:00,2018-06-05 20:52:10,2018-06-06 00:00:00
fb7adb432e30eeecceeca74ee261fc36,8ca8e4658e8e33b72a7f44bbe38ce1cb,delivered,2018-05-25 18:16:58,2018-05-26 10:58:41,2018-05-28 14:08:00,2018-06-19 21:22:12,2018-07-03 00:00:00
10a44d7bc8f54ea814e6020e0f3e5fbe,69e814803fa51a94821c0064b6d82cb3,delivered,2018-07-24 19:32:32,2018-07-24 19:45:16,2018-07-25 15:34:00,2018-08-06 19:34:35,2018-08-15 00:00:00
abbfc7ae64d171744f8143a68e3cbe1a,a7ab0106cecc1a6a3a73465346876ea0,delivered,2018-06-07 18:53:32,2018-06-07 19:16:43,2018-06-08 14:40:00,2018-06-13 16:10:58,2018-07-03 00:00:00
7955ebc3660bd2a004a4eaa016b3a190,cea436373ebc00f078516007dc42df58,delivered,2017-05-23 11:14:47,2017-05-23 11:25:12,2017-05-24 11:04:09,2017-06-08 16:06:58,2017-07-20 00:00:00
1b8f75e29021e163d5b4005bbde9a82f,a28d20c8d4d653a65bab71ff43c9dea2,delivered,2017-11-18 17:05:58,2017-11-18 17:26:16,2017-11-22 21:22:44,2017-12-05 19:03:26,2017-12-15 00:00:00
71425ecd58b4f20236e557902a9743f7,27f23d8561167f6d79c935f4bd5c80a4,delivered,2018-01-10 22:35:16,2018-01-10 22:52:26,2018-01-13 02:42:59,2018-01-25 23:37:33,2018-02-08 00:00:00
d646d163f7d7fceab2954628f695a033,0600e7baad27ff0e4791e270351cccf1,delivered,2017-11-07 18:39:46,2017-11-07 18:50:40,2017-11-09 19:45:55,2017-11-20 17:52:52,2017-11-29 00:00:00
acfed64ad00ae8fe023c91e65fb3f85d,9b3319b3639c92cd2e4a99bdfd0595c7,delivered,2018-05-09 15:45:53,2018-05-09 18:54:11,2018-05-10 15:24:00,2018-05-11 21:28:54,2018-05-21 00:00:00
aee1d58c19e4c807e9b27cb48398df82,da5d96580f18bbaa1b06d6678cb50acc,delivered,2018-04-16 20:16:20,2018-04-16 20:51:34,2018-04-18 22:28:32,2018-04-24 21:34:41,2018-05-22 00:00:00
5b11be6198779a98de48e7ad6ad1c941,67fa506d20ee22b03dadaa961aead8ca,delivered,2018-06-15 11:30:25,2018-06-15 11:59:16,2018-06-18 15:40:00,2018-06-25 18:58:30,2018-07-18 00:00:00
70a272d1c01754b91a8709ae7efe27be,cc1b10d7aa89d1e6b6ed4e336129ac27,delivered,2018-07-12 17:48:39,2018-07-12 18:15:17,2018-07-18 13:20:00,2018-07-24 15:46:31,2018-07-31 00:00:00
4c15be541d4e1dfea4ce3642c51ea7f8,7046efd51dacca9d970559ea5be4a672,delivered,2017-05-25 08:39:38,2017-05-25 08:50:11,2017-05-26 12:57:41,2017-05-31 16:48:16,2017-06-27 00:00:00
2f2ca51ccf3c879cb07c99a11755af14,59fb6b6e4bbbf5ca5d6f05d469d97ea8,delivered,2017-11-21 15:33:52,2017-11-21 15:46:59,2017-11-22 16:51:43,2017-12-04 23:17:00,2017-12-28 00:00:00
faa068942b581bc31538abdea52e6f35,ea413fb6be454c30f1bc38aa40fc0476,delivered,2018-04-23 12:19:15,2018-04-24 17:19:16,2018-04-24 17:06:55,2018-05-07 21:47:29,2018-05-17 00:00:00
eedfea77a364bd7d7081632d66520b89,0c958e86e19ad0bba6f1507ac50e764d,delivered,2018-04-14 15:55:48,2018-04-17 06:11:20,2018-04-17 21:50:38,2018-06-25 21:05:37,2018-05-23 00:00:00
a911df1b9a76faaf67ece263358e285d,6722b211493615e10b66f7aba128121d,delivered,2018-01-11 19:54:18,2018-01-11 20:07:32,2018-01-12 23:22:58,2018-01-16 17:53:25,2018-02-05 00:00:00
ee4e3eec29f5f79b788a34d085455726,3be1f2f8fd0c0de7b6af157ed9839fcb,delivered,2018-01-14 16:54:27,2018-01-14 17:08:54,2018-01-16 00:18:05,2018-01-22 15:12:54,2018-02-05 00:00:00
6c790e53d7f40d0cb7e55134f1a7e009,3eb8781b935090e46b0c793be17843a0,delivered,2018-05-19 22:23:18,2018-05-20 00:34:27,2018-05-22 07:17:00,2018-06-06 17:34:34,2018-06-11 00:00:00
70635d01f32a4247c5afa2052215d892,5fa09f396373904956de2a879ecb7e2c,delivered,2018-04-18 10:02:03,2018-04-18 10:11:09,2018-04-19 20:50:38,2018-04-26 11:25:31,2018-05-15 00:00:00
9a0b11195cf290a03146c9aa0ceaefc5,f8f880c7239ce67ba550d841a01fb17a,delivered,2017-10-15 13:01:43,2017-10-15 13:14:19,2017-10-17 22:03:35,2017-10-27 21:39:37,2017-11-01 00:00:00
cd98f2d08f3ae54d290fa99c0c242388,4446cbdabb4dd80d030206fe3d3a398b,delivered,2017-03-17 14:01:34,2017-03-17 14:01:34,2017-03-23 06:03:35,2017-03-29 11:27:07,2017-04-13 00:00:00
4cd88e929bc2c3be1b5e48b3a4c1e287,085adf5a46465947d3adf0c5f4505a46,delivered,2017-11-15 23:41:10,2017-11-15 23:50:29,2017-11-21 22:43:49,2017-11-24 16:19:18,2017-12-27 00:00:00
c3e5589dacc9d42e41377ef559d9a159,8bd76c6205ab4f2d1f092c5e963726e4,delivered,2017-10-09 10:48:10,2017-10-10 03:35:18,2017-10-10 19:18:26,2017-10-24 21:29:59,2017-11-09 00:00:00
db18d072fff5f67b311bf00d7ebd1d64,2b90afe122d662e96837a5441166be32,delivered,2018-01-17 22:03:50,2018-01-18 21:57:27,2018-01-19 22:22:03,2018-01-29 18:03:01,2018-02-19 00:00:00
cd6cdd3e527f46113dcab23d5f27c0fe,ec56b6bee3c781e39de8d735fa29f1c7,delivered,2017-08-07 10:21:18,2017-08-08 03:50:27,2017-08-08 15:52:00,2017-08-14 17:09:24,2017-08-31 00:00:00
60762802b48bb6d256d55b013d115013,01be2c0c2d55c597b5ec011e26e4b0d1,delivered,2016-10-04 14:49:13,2016-10-06 16:03:34,2016-10-30 10:04:46,2016-10-31 23:13:42,2016-11-24 00:00:00
b9bf94ff5b1f62b2a075bca13eb69bdc,8c3311e2986b4d0585b9e03aca32d64d,delivered,2018-05-02 18:51:12,2018-05-03 18:55:33,2018-05-04 14:56:00,2018-05-14 16:19:02,2018-05-30 00:00:00
4587eb8e812c2627dfa490ffca18612a,f2a56254be48b5d4215e56593f55381d,delivered,2018-01-29 16:07:27,2018-01-29 16:36:50,2018-01-30 18:48:44,2018-02-01 00:23:11,2018-02-14 00:00:00
30eefcc39df18702a6f28ff1a98a0a61,673f9007d15b360bf5b259a7dd9057c7,delivered,2017-05-22 15:46:17,2017-05-22 15:55:19,2017-05-23 13:36:54,2017-05-31 15:29:49,2017-06-22 00:00:00
c95fbcf33d5ba15af6f43da58b673828,b071cdcda7cce65633507bd9887a6b67,delivered,2017-07-04 10:52:23,2017-07-06 03:25:28,2017-07-06 13:14:34,2017-07-12 19:51:54,2017-07-26 00:00:00
ee1d764213dcddf5a39ca6107a6a0ca8,1a89679a296852822ca3573d8ea0d041,delivered,2018-05-04 19:55:46,2018-05-05 19:50:51,2018-05-07 14:11:00,2018-05-18 21:12:10,2018-05-24 00:00:00
3bdb9c65ca79d76edc98ae76864b3d00,2d548a05639982756145f816a600751d,delivered,2017-03-07 10:46:11,2017-03-07 10:55:20,2017-03-07 15:35:00,2017-03-11 09:03:29,2017-03-24 00:00:00
dfaec723e43ffd36724e080018beeb1a,51715f7447120af4a92eaa0336ed0401,delivered,2018-03-01 14:58:33,2018-03-01 15:15:47,2018-03-02 19:18:50,2018-03-05 17:28:53,2018-03-13 00:00:00
914bd7644db3ffde7e1babea42768e0b,3eb7136aaa3e0bab17a7b7e7280286a5,delivered,2018-01-27 11:08:01,2018-01-27 11:16:21,2018-01-29 18:29:34,2018-02-09 16:38:27,2018-02-23 00:00:00
6987c0cd8bb9f8e32f9c863f2fd1848e,e9731e6f3634f1138c51c9a27629642c,delivered,2017-12-27 21:17:58,2017-12-27 21:28:23,2017-12-28 20:13:57,2018-01-18 17:51:34,2018-01-29 00:00:00
77b186cb82b0157522fdab38d85c4807,b9262f4d64091526ed0f2f7b0772e181,delivered,2017-08-11 19:19:35,2017-08-11 19:30:22,2017-08-15 15:52:02,2017-08-21 21:25:27,2017-09-06 00:00:00
323c0a5365ebdafdd12959475e60b057,5567b3e3e9aba361c3ebf8f9530addbd,delivered,2017-12-03 15:43:02,2017-12-03 15:54:25,2017-12-06 21:09:14,2017-12-09 14:37:03,2017-12-20 00:00:00
184ed2b4ce624742505cd97fec5e9ea3,7a9efb7c1ba67e844ce53d4c8f6175ee,delivered,2017-08-24 15:16:49,2017-08-25 02:50:53,2017-08-31 19:42:43,2017-09-06 16:25:03,2017-09-14 00:00:00
df5465f66ef6f3f877889281259aab02,b216c4bec6b8a74468bf72ee6b9f4f25,delivered,2017-10-03 13:27:24,2017-10-03 15:04:55,2017-10-06 20:49:53,2017-10-10 21:28:33,2017-10-19 00:00:00
3d7b0b699c4690a1cda8c8cef8c5b95c,4e370c59312c496f0889649b9c9a761d,delivered,2018-01-22 10:21:21,2018-01-23 10:20:30,2018-01-26 16:12:56,2018-02-06 16:13:51,2018-02-14 00:00:00
3ed2296452fe2eb69e2cc8cc8ec2c3b4,32c245ec693348fa05469797e4fc6346,delivered,2017-04-10 00:33:33,2017-04-12 02:50:23,2017-04-17 12:12:47,2017-05-16 10:09:59,2017-05-02 00:00:00
0b4b622bf03bb66e9d44bc4b86c20dff,bd6ba2b9c68f85b6386b3b3b087c4050,delivered,2018-02-18 22:21:53,2018-02-18 22:35:24,2018-02-19 19:13:26,2018-02-21 21:32:48,2018-03-07 00:00:00
2459807af0cad1161d053ae93c170398,93bcaca0ba9906b15984025eb1ff7d06,delivered,2017-11-08 13:42:56,2017-11-08 13:50:33,2017-11-09 18:44:50,2017-11-29 23:58:06,2017-12-07 00:00:00
71b74d0e5cfa77c4b848bf0dbd8f7117,13a71d9aec2b8b2dfdc823428885df9f,delivered,2018-05-02 09:36:33,2018-05-02 09:57:25,2018-05-04 14:25:00,2018-05-07 16:07:52,2018-05-15 00:00:00
d5a2d5dbc8d728f724b8427dae1f97ba,902a5f99886bdcb0b07c773da329071e,delivered,2018-08-17 11:10:21,2018-08-17 11:29:31,2018-08-17 14:34:00,2018-08-22 01:55:26,2018-08-24 00:00:00
6d2723b45ea982b9ea010813e96115ba,f0fd5014127731d2b97372f7a4012535,delivered,2017-07-12 11:29:42,2017-07-12 12:30:14,2017-07-14 14:55:47,2017-07-21 18:03:56,2017-08-09 00:00:00
7b138921061fdd90eace63dea3d27475,f856a9146afc00dcda2ebb35a08520ae,delivered,2018-02-28 02:07:10,2018-03-01 03:20:31,2018-03-02 20:22:17,2018-03-15 16:21:52,2018-03-21 00:00:00
51d714716b4df5d56ae92f97bf5a327d,8c24bc448e42d1d62bb397209ecbd3cc,delivered,2018-05-04 07:29:14,2018-05-04 07:51:49,2018-05-04 17:39:00,2018-05-07 21:19:55,2018-05-16 00:00:00
e4dbab8bc2ed64c1bfeb63cf0765c0c1,3a62a8f729ab13f742c0d4f797e61278,delivered,2018-03-02 12:08:34,2018-03-02 12:28:57,2018-03-06 22:42:27,2018-03-16 19:04:22,2018-03-20 00:00:00
ca5fde2f82e0bb2a7e7727f165b28abe,04c988f07a548026c43187109042f220,delivered,2018-04-16 21:25:47,2018-04-16 21:52:22,2018-04-19 19:44:35,2018-04-20 20:51:27,2018-05-03 00:00:00
ebd0eab2867a20cb181ae2222a511546,59c9e900784c31f835c751a70ec7eb79,delivered,2017-06-19 09:30:32,2017-06-21 02:23:52,2017-06-23 11:05:01,2017-07-07 19:19:35,2017-07-13 00:00:00
38b5a7a908e197731bb3e8e7f43abc06,368c14840a81d5c727b3407acb2f2fe5,delivered,2017-08-01 11:17:53,2017-08-02 03:04:04,2017-08-02 20:33:04,2017-08-07 22:27:51,2017-08-21 00:00:00
2e60890d387b9bcd29da579f25afd034,9899ea2c323e2472f039802c86f07009,delivered,2018-01-15 10:32:19,2018-01-17 03:34:28,2018-01-17 22:51:50,2018-01-19 17:42:03,2018-01-30 00:00:00
457cb961f89e32569e2d9a737a65b3bb,190b936129e075641c5557538def8b25,canceled,2018-02-08 17:02:46,2018-02-08 17:40:29,,,2018-03-16 00:00:00
cd0589dd69b11dbb8ca5adbe3fb753e6,96e58fd0928ffbeb0a2fca4506a24e5e,delivered,2018-07-12 21:30:21,2018-07-12 21:44:00,2018-07-13 14:47:00,2018-07-15 13:04:07,2018-07-24 00:00:00
279a3bc53e370f1614e3205bf4946041,e2296cf6cb7592ec351337ad27a9e760,delivered,2018-07-22 13:31:15,2018-07-23 11:31:23,2018-07-24 08:30:00,2018-08-02 02:57:38,2018-08-10 00:00:00
5b18b03607394168a3dd744501c2dd00,2f2401f2db261390f4e64bec0b6bcad9,delivered,2017-10-13 21:25:14,2017-10-13 21:35:11,2017-10-17 19:13:07,2017-10-23 19:53:15,2017-11-01 00:00:00
5f929df885d4393e05e934cb6c7a720f,7421a693fa1b37e8aaea869860e32eb6,delivered,2018-02-17 22:06:12,2018-02-17 22:15:34,2018-02-19 20:19:09,2018-02-28 23:37:16,2018-03-19 00:00:00
2ba7606d460463236bcf10ed3f6510d6,23d5b279d5896ea44d3241ae2878418d,delivered,2017-10-25 17:17:56,2017-10-26 02:56:16,2017-10-26 20:24:05,2017-10-27 21:12:24,2017-11-08 00:00:00
9c7495bbff3f9fdbd9320ba46b827a2f,ea7f7e38c00b5967985cdbce2ea81c08,delivered,2017-07-13 13:06:28,2017-07-13 13:23:26,2017-07-14 09:27:40,2017-07-21 19:13:44,2017-08-14 00:00:00
18b0e5ee71617b58ca825b6ea8d94255,53cc124c5fe39077134aa18974738d60,delivered,2018-01-13 17:26:02,2018-01-16 03:51:02,2018-01-16 22:47:04,2018-01-19 20:58:49,2018-02-07 00:00:00
a99b675cd2dcd649c283ec1ba49b92af,375218fb5cb847e5cdcb129195f11826,delivered,2017-04-25 13:34:23,2017-04-25 13:45:11,2017-04-27 08:45:14,2017-05-03 12:47:51,2017-05-22 00:00:00
845d8a54af235bee2c6f64f11c13c9cb,5b1ec7f80273a8f34661d005f2f00071,delivered,2017-11-24 12:58:55,2017-11-24 15:14:28,2017-11-30 17:16:57,2017-12-07 17:49:03,2017-12-14 00:00:00
f247ddbea2a3d9e88b688d08f946db4c,ba9aef23b79c16ffd75994ead61491d8,shipped,2018-01-16 01:25:39,2018-01-16 01:35:22,2018-01-17 17:32:50,,2018-02-06 00:00:00
ac446e82125c862fbe4c638d69f807bb,259d52789dc5f2323c01238c73a28abc,unavailable,2017-04-06 13:17:49,2017-04-07 06:42:27,,,2017-04-28 00:00:00
e5cc27d75a954127a43ba4588677c697,e0107dab0fea0e47d30a07eee47d067d,delivered,2017-07-21 10:35:38,2017-07-21 10:50:09,2017-07-21 16:07:37,2017-07-28 13:52:25,2017-08-10 00:00:00
a844daee74fb53c1529f299ffef7444f,b014312ebd8173045d3f3b0770ab79a4,delivered,2017-09-19 23:18:38,2017-09-19 23:30:14,2017-09-22 19:26:32,2017-09-27 20:33:22,2017-10-11 00:00:00
7a48707977aa3d886e8410784c5e5cb2,933f61451eff295332a383f8f9f6cbdd,delivered,2018-06-26 12:16:35,2018-06-29 02:55:24,2018-06-29 14:52:00,2018-07-02 16:22:10,2018-07-13 00:00:00
49af403fd43b8ca8b5f7b74845bf1f66,0a9d4a8cc8cc049accf5701f9756b280,delivered,2017-07-20 10:18:48,2017-07-20 10:30:11,2017-07-20 21:32:50,2017-07-21 14:08:59,2017-08-03 00:00:00
85009f731c1559c53d150e4b3fa7f8a5,25da133d61233ee59bc86cc5cba4a64e,delivered,2017-09-09 12:22:52,2017-09-09 12:30:11,2017-09-12 20:04:15,2017-09-13 17:06:04,2017-09-21 00:00:00
96b0f7debb763d6546823ac47d15e739,5aaaebcba0ba8c29c8414f2f08224d58,delivered,2018-04-20 22:57:27,2018-04-24 18:39:49,2018-05-03 07:49:00,2018-05-07 20:13:52,2018-05-21 00:00:00
2158e65196d4219c8f22cf686e1cc8de,5515585fb72bf6f55dc98b21281cd3c3,delivered,2018-03-15 09:37:51,2018-03-15 09:50:52,2018-03-29 19:56:48,2018-04-04 22:14:49,2018-04-18 00:00:00
297885db9322571cf7e8f87662362888,c0fe767fcab876d0056471c18e1b01f2,delivered,2018-01-12 21:44:42,2018-01-12 21:51:21,2018-01-15 18:23:05,2018-02-01 21:48:19,2018-02-26 00:00:00
bb0c84a759545be3fa2155ad0d43444d,29f0a8c1652a2f41c810820767c688da,delivered,2017-07-11 00:12:48,2017-07-12 07:15:09,2017-07-13 17:06:04,2017-07-14 16:32:30,2017-07-26 00:00:00
35aba7f433d46b2f03caae475720adb0,b29f247848bd47bb534c6c2d40f8bb2b,delivered,2018-01-19 00:57:19,2018-01-19 01:15:14,2018-01-19 23:04:39,2018-01-22 12:18:58,2018-02-05 00:00:00
7d5dabfc11c26a559185a38245fafda9,eab8b106f4de1ec9f900b12a0e8303df,delivered,2017-05-15 10:20:36,2017-05-16 06:35:18,2017-05-17 09:45:16,2017-06-06 11:56:36,2017-06-12 00:00:00
ef2d4e1e249df529bd9607d86aac1422,3ef8b5021ce1e54df184202310c4fcb8,delivered,2018-03-10 10:19:05,2018-03-10 11:00:25,2018-03-13 16:05:49,2018-04-02 20:25:51,2018-04-05 00:00:00
3ae6f437745a33a4fe67a0e350dadf7b,d5dfc452f419d7e65be5d9b81d1df7ef,delivered,2018-06-18 20:33:39,2018-06-18 20:56:56,2018-06-19 14:26:00,2018-06-22 15:56:46,2018-07-11 00:00:00
97ed3c46d9b6ed13afaa7d8779322d5b,e06e47b5560e84764eff2349b2b33f31,delivered,2018-05-22 19:00:29,2018-05-22 19:17:27,2018-05-25 13:48:00,2018-06-03 12:51:45,2018-06-07 00:00:00
f2a5651dedee83dc9eba7d0cb9703660,bac2d6a45da3161ce6bcf6a09118b99e,delivered,2018-04-09 15:49:31,2018-04-09 16:10:13,2018-04-10 21:29:00,2018-04-19 21:14:55,2018-04-27 00:00:00
2cc9c93cc397ccf52de57fda56c36c03,f38c843311c015d30911b4bf8b2d0a98,delivered,2017-11-24 19:21:47,2017-11-25 14:33:31,2017-11-28 23:06:56,2017-12-12 14:34:56,2017-12-19 00:00:00
18050dfa4c5ef22446a2068184b7365b,7108879872a17e0bdf96b1fee4ac5146,delivered,2017-11-14 10:17:06,2017-11-15 03:07:04,2017-11-23 18:21:10,2017-12-09 16:42:42,2017-12-08 00:00:00
6b2c8c168c14d73b346536f784d52996,2ecaabb8e0bd2a2a316d07dcb3fadc18,delivered,2017-12-13 19:22:05,2017-12-13 19:32:22,2017-12-15 01:09:06,2017-12-26 15:33:57,2018-01-08 00:00:00
fcaae2ec3667a30a9164785ba78306b9,c336a1d0139a6fc12cea3220508e2e23,delivered,2017-09-25 11:13:43,2017-09-25 11:30:24,2017-09-29 19:27:38,2017-10-14 17:12:16,2017-10-18 00:00:00
bb98c9fdb30b2e14fede53a445d2b5aa,bf4f335181c6d1217626c42b84fbac03,delivered,2018-05-05 12:26:11,2018-05-05 12:53:15,2018-05-07 07:36:00,2018-05-10 21:17:24,2018-05-23 00:00:00
510e8baa207d989f72b11146c37f3411,d928e87d2f913e6d1a90d831bd6ffb71,delivered,2018-05-15 20:38:28,2018-05-15 20:56:15,2018-05-16 10:45:00,2018-05-23 17:34:53,2018-06-06 00:00:00
e4ad38b7d367f170920f47916776a66e,fc0505a97dd36f988806bba5178aef83,delivered,2018-06-19 22:43:21,2018-06-19 23:18:56,2018-06-20 14:18:00,2018-06-27 14:18:38,2018-07-18 00:00:00
242abbd943f7575e312d33f95699a6e2,35efe094e4bca7a3e54f93729eaefb87,delivered,2018-03-20 10:18:43,2018-03-20 10:30:41,2018-03-22 21:41:29,2018-03-28 21:07:11,2018-04-12 00:00:00
40596a0f1a0f7334d7ced24f901fbf46,cad3755cd25620f59e9194b0dc9b7e95,delivered,2017-07-12 20:20:24,2017-07-14 02:25:07,2017-07-14 17:51:36,2017-07-20 15:33:36,2017-07-25 00:00:00
4320677b3638816c46bb7ecdf9533fd0,70c464461bb3e1353832e03d6902f69e,delivered,2018-06-12 22:55:46,2018-06-12 23:21:42,2018-06-15 10:34:00,2018-06-28 17:47:16,2018-07-19 00:00:00
512b3b290e4ae81c363cb58e5aa19b6e,a97257b58f2f5ffa5904acf44e29c29d,delivered,2018-03-16 15:36:56,2018-03-16 15:49:46,2018-03-19 18:03:13,2018-04-06 19:04:44,2018-04-04 00:00:00
835654b76a16c7f8b71678907312f8b3,d26c3ddd8d86568b8519393578c78c0f,delivered,2018-07-10 06:45:51,2018-07-11 06:45:52,2018-07-11 14:52:00,2018-07-14 00:28:25,2018-07-19 00:00:00
d836abb4444d8594455e9766104e958c,16b084ebbbdd6de39ed8789dbdb79792,delivered,2018-07-22 17:23:48,2018-07-27 23:31:14,2018-07-24 15:11:00,2018-07-25 18:09:23,2018-07-31 00:00:00
3a46c264be2fad6d10c5a7362d8cc2ff,d2444de8891a512538c0a0f8487382a8,delivered,2018-04-17 11:58:28,2018-04-17 12:30:20,2018-04-19 19:41:56,2018-04-30 22:33:17,2018-05-23 00:00:00
a36377eeeea09365dfc5cf7e79207cbf,9203c398c857def612b4ed2bac557422,delivered,2018-01-24 17:21:41,2018-01-26 03:15:59,2018-01-29 20:12:06,2018-02-05 16:57:45,2018-02-19 00:00:00
7bfe0fc4355e0e894ad862a798e5e186,415058f56060d61d50185cccbf45bc4a,delivered,2018-06-01 18:37:04,2018-06-05 04:52:00,2018-06-06 11:48:00,2018-06-14 19:44:41,2018-07-17 00:00:00
529460a1e8c35eb84f5c6252d78ad573,9c739f57bef3c86f4374bf4a82392b3a,delivered,2018-03-23 22:18:35,2018-03-23 22:30:33,2018-03-27 00:28:27,2018-04-10 22:12:43,2018-04-13 00:00:00
c4882d58d75f61178288f42e4ca371a9,31c8fc6d5400513f830dd45b914a3ac4,delivered,2018-05-08 11:14:12,2018-05-09 04:31:13,2018-05-10 16:09:00,2018-05-11 20:22:22,2018-05-18 00:00:00
9c9d903ee688363d1efb6cf097ec00b7,5600f98136f85ccdbc6f256643fc0b12,delivered,2018-08-21 17:33:29,2018-08-22 03:45:21,2018-08-24 19:07:00,2018-08-27 17:50:59,2018-08-28 00:00:00
ea82d188c1d5016bf0e9713f68ba0385,b4850413a805990a1af8474d677a9221,delivered,2018-02-07 03:29:42,2018-02-09 02:50:43,2018-02-09 16:31:52,2018-02-21 19:29:23,2018-03-12 00:00:00
45f7d9a94705872dad55bc0c688f9cfd,dd2e783f6686ebbe2c6872a310044dd3,delivered,2018-03-26 14:02:36,2018-03-26 14:15:17,2018-04-03 21:35:53,2018-04-11 23:12:18,2018-05-03 00:00:00
2758c6bd8a5f63f45b2a790b1b9db766,419845f531b2ca7b8151ed574bfe68ba,delivered,2017-06-06 22:52:22,2017-06-08 20:55:19,2017-06-09 16:33:13,2017-06-19 18:02:59,2017-06-29 00:00:00
d8448e657de2d4181e64b8fcf0506e9f,857fe2cf34013d9e05b48703c0460f0e,delivered,2018-07-16 13:04:10,2018-07-16 13:15:20,2018-07-18 12:31:00,2018-07-25 12:37:29,2018-08-14 00:00:00
55e6b6da22f9fc2e3482b436eeea7da3,cfba97fe78a7160932c18b90b3a566a9,delivered,2018-01-18 12:49:48,2018-01-19 14:19:24,2018-01-29 19:53:36,2018-02-16 16:23:00,2018-02-16 00:00:00
76d02bba227a9b675d413ce36b7231c6,753c62e8a94b6f213074e9a8999e6922,delivered,2017-09-16 16:24:07,2017-09-16 16:35:16,2017-09-19 19:58:11,2017-09-27 16:14:30,2017-10-04 00:00:00
9100ea91afedf9030ae77fe3871d7df6,f36f1cc87b493a0c0b7a5325e00ce8d8,delivered,2017-06-11 16:22:09,2017-06-11 16:35:20,2017-06-12 16:28:59,2017-06-16 15:07:46,2017-07-06 00:00:00
e2d4ba7d12faf84e6c6fc0db5a766352,7e3ac092bcad81adc24ba53f4f147f82,delivered,2017-12-19 21:17:02,2017-12-19 22:18:27,2017-12-20 20:37:29,2017-12-27 20:07:02,2018-01-16 00:00:00
667e11eca18e4b0a93611781f8b18302,5f8a2a8ed58a2be568b3fc73b3eaebc3,delivered,2018-01-10 20:38:41,2018-01-10 20:49:19,2018-01-11 21:47:11,2018-02-10 19:35:09,2018-02-07 00:00:00
5d932f2c9933e832f4a37999ccd03baa,0a90a58aa6815f51b8178742ab711588,delivered,2017-09-28 14:53:37,2017-09-28 15:07:14,2017-09-29 19:43:48,2017-10-02 13:23:30,2017-10-16 00:00:00
c0ab80c9e6beca100fc0f174135e8503,ef3223fd7551319d1b24ab755782bd8a,delivered,2017-09-08 20:16:36,2017-09-08 22:10:17,2017-09-12 21:47:39,2017-09-18 20:37:57,2017-09-28 00:00:00
b6cc6c3ee09a6542d7cb6fa9a4e13a9f,112bade7b7b461df9734fb6fa2ec6b2e,delivered,2018-01-03 14:24:39,2018-01-03 14:31:31,2018-01-05 12:30:10,2018-01-06 13:57:31,2018-01-19 00:00:00
c7c04230198e37566eee8abf31314112,4de495b9945a8375377fe484c4e14269,delivered,2018-08-13 22:26:53,2018-08-15 03:24:14,2018-08-15 09:15:00,2018-08-24 16:11:33,2018-09-12 00:00:00
7d3ee0bd440416eb22946dad24f7e4c2,b816880c005e53a668a18deccad9d09c,delivered,2018-07-09 08:21:46,2018-07-09 08:30:11,2018-07-11 12:30:00,2018-07-13 22:50:57,2018-07-19 00:00:00
e789b08c3fb5797b52856358c169f9c8,802ee7e57030309976c860fc1187911a,delivered,2018-04-14 15:35:54,2018-04-17 04:54:34,2018-04-18 20:18:26,2018-04-19 20:47:41,2018-05-03 00:00:00
809c4ebcc270057a021dc813195717e3,b619645cc9bbb180e825d6416202e380,delivered,2017-05-16 21:37:14,2017-05-18 02:30:31,2017-05-23 09:21:25,2017-05-25 10:09:42,2017-06-08 00:00:00
afed09b5bb55a88be1b4d56a082fe1ad,d052dd92c5be64d0b7ead6ee23dad19d,delivered,2018-02-27 14:31:08,2018-03-01 02:49:01,2018-03-05 23:00:01,2018-03-21 22:04:30,2018-03-22 00:00:00
e2dc8a03b3380b3a3fa8c7e175e97688,40147b71f43d0868b05eb02cb76a3c62,delivered,2017-03-02 12:56:12,2017-03-02 13:10:31,2017-03-02 15:09:14,2017-03-07 09:54:00,2017-03-21 00:00:00
8de424d1353fe39adcd2d41a7d222369,a80b53f8e764ce78e5e408606289d632,delivered,2017-11-07 19:15:22,2017-11-07 19:27:03,2017-11-08 20:19:45,2017-11-14 18:55:22,2017-11-21 00:00:00
f19f30f5a7f8617f580ec6633c0c8c6e,a0ca31686bfe40b0a75c24a9a052f3d2,delivered,2017-11-24 10:41:56,2017-11-25 04:55:01,2017-11-28 19:02:39,2017-12-08 19:28:51,2017-12-18 00:00:00
b9112b92cb06978082fbe1e5576ad73b,8c540cac10a36db391022e23199e0c90,shipped,2018-07-10 00:36:34,2018-07-10 00:50:24,2018-07-11 12:16:00,,2018-07-19 00:00:00
4244beeae3f68e6527250aa88ea5346c,e22da2634721c7cb676fc0a5da6317f3,delivered,2017-09-15 16:33:32,2017-09-15 16:50:15,2017-09-20 18:27:58,2017-09-22 17:52:10,2017-10-10 00:00:00
f1c678e4d14a34ff56f675634bce6b15,001f6f1a5e902ad14e1f709a7215de11,delivered,2017-02-07 20:32:13,2017-02-07 20:45:16,2017-02-10 14:04:03,2017-02-16 10:45:58,2017-03-06 00:00:00
4c9c1b7d13bdca531491cb759e9f5786,5d8770e1e5351610824a8a05b6587f3d,delivered,2018-04-06 19:38:32,2018-04-06 19:50:12,2018-04-10 00:29:35,2018-04-12 18:52:44,2018-05-02 00:00:00
a892aed3f3e6cbf712088cd2dd21b733,ad5febb03c3a203048b5f993117e4c37,delivered,2018-01-16 23:36:29,2018-01-18 02:11:31,2018-01-20 00:12:47,2018-02-16 21:06:35,2018-02-15 00:00:00
0b2e6b4673da2264a5318ef4abe1fd44,572e91607e3ec9c563b322b8e5c9dfcc,delivered,2018-07-03 18:09:03,2018-07-05 16:18:53,2018-07-04 11:07:00,2018-07-06 19:59:49,2018-07-23 00:00:00
6259fec518c1b381ebd6b4eb06ffbaab,56f620364638aeb0bbbd9d43fe4b8e22,delivered,2018-04-30 13:26:27,2018-04-30 13:52:12,2018-05-02 11:57:00,2018-05-08 16:11:55,2018-05-17 00:00:00
c5f5087eaff455f93653900411e34432,ae141982896c1f1f8a238ff81ac1d0e3,delivered,2018-03-06 16:25:36,2018-03-07 02:48:31,2018-03-14 02:41:45,2018-03-16 20:40:53,2018-03-23 00:00:00
186479344a69b9f7b3135a60364d4243,280773df68bafbf4ae85e62bd659d67b,delivered,2017-06-08 17:16:05,2017-06-08 18:43:25,2017-06-09 11:55:55,2017-06-24 11:19:26,2017-07-12 00:00:00
d9d133e8194b34d22ce9157f4f2ab959,8ddaf104fc2cc74dea6222727b0c67e8,delivered,2017-07-19 15:38:45,2017-07-19 15:55:14,2017-07-21 11:59:29,2017-07-22 12:57:30,2017-08-04 00:00:00
5622ad01924109b081d3f0f7fdd45f71,91fc7465107d197ce60e483d9f601dc8,delivered,2017-03-31 10:53:45,2017-04-04 06:05:09,2017-04-05 16:23:12,2017-06-14 13:06:39,2017-05-04 00:00:00
31a6cbe67abc9e5414688f0f59681ec0,6cacf8729fd44aeebced2d7663c0190f,delivered,2017-06-23 17:27:42,2017-06-24 17:43:11,2017-06-26 09:17:19,2017-07-07 16:06:47,2017-07-19 00:00:00
a29361cea3ac5ecb55cfc2c64b6c339a,674a4d874e368f09a9760046e9e4a3e0,delivered,2018-02-25 15:39:46,2018-02-25 15:55:27,2018-02-26 19:28:08,2018-02-27 14:12:29,2018-03-12 00:00:00
8403fda2f0b14fb120f1bd362fe4331b,219b783acacc9b54bf6360dae4f1559b,delivered,2018-01-16 22:24:09,2018-01-16 22:32:27,2018-01-19 19:05:43,2018-01-21 11:56:42,2018-02-01 00:00:00
927b3accc4f1676b309f920342376b30,ead851e04860fa301d5414fc0e661fde,delivered,2017-11-24 19:38:35,2017-11-24 22:55:23,2017-11-27 12:19:39,2017-12-07 02:46:54,2017-12-21 00:00:00
0c38db7d528620e574c47997981525da,e221c5326af90a53996f0e997deb2371,delivered,2017-02-24 10:39:55,2017-02-25 02:22:43,2017-03-02 14:09:07,2017-03-10 05:57:54,2017-03-21 00:00:00
790d715ec54b44543811d672d5237cfb,9b44ba81faf0ddf515f9da9327b67ef4,delivered,2017-12-20 08:17:19,2017-12-20 08:31:51,2017-12-22 22:27:53,2017-12-27 15:19:55,2018-01-15 00:00:00
0927a4ea2d6af04c6e8a1aecd4f9951d,c8c62d4767ce11a1611db2fbd5af9a0e,delivered,2017-01-22 21:25:01,2017-01-22 21:35:42,2017-01-26 05:51:33,2017-01-28 10:58:56,2017-02-28 00:00:00
af98e1e5421477499fbe040966fcfa0b,98e8065494a4f1f9126c7ada1046c35b,delivered,2018-06-25 17:16:09,2018-06-25 17:34:14,2018-06-29 09:42:00,2018-07-03 03:20:42,2018-07-17 00:00:00
dc6d833bfea9fd5fbb4336fbc918b39b,2167ca370be650668f7a989edc1647b4,delivered,2018-01-10 13:40:53,2018-01-10 13:48:36,2018-01-11 19:03:38,2018-01-16 19:55:29,2018-02-06 00:00:00
6988f822e1f28e1b302229e4cf454bf9,942e980b77548888b37f7630fb3725eb,delivered,2018-05-09 01:28:45,2018-05-10 07:36:27,2018-05-10 15:25:00,2018-05-14 22:48:25,2018-05-23 00:00:00
34e2c492f1b85dc6866994a37cf69ecd,e285400ec8226041d495ce319fa3e870,delivered,2017-03-29 22:10:14,2017-03-29 22:22:30,2017-03-30 16:09:42,2017-04-18 12:47:02,2017-04-26 00:00:00
60b3db6cf502ca52a4a43946008b1600,591ad62408a85c556cfbaf0ea6dc9f76,delivered,2018-07-31 20:56:04,2018-07-31 21:31:30,2018-08-01 16:11:00,2018-08-07 19:06:49,2018-08-10 00:00:00
11a132c691ba6602d0cad2e1eea1bc14,fc8919341d4799fad9714cd5f33daa3e,delivered,2018-05-12 18:13:33,2018-05-12 18:35:59,2018-05-14 10:18:00,2018-05-22 20:04:35,2018-06-01 00:00:00
de05dd73ee1b5a964eaa56f814c49851,a5f97dadc879a0cba20bf9650b1bd888,delivered,2017-01-21 18:17:15,2017-01-21 18:30:09,2017-01-23 18:14:17,2017-01-26 15:18:51,2017-03-08 00:00:00
5a395f4b4dcbc42442cc6c5945c6ee0a,54924015f5ff876bf1506ed02be2288e,delivered,2018-06-27 13:17:02,2018-06-28 09:10:39,2018-06-29 14:51:00,2018-07-30 16:43:32,2018-08-02 00:00:00
4b3b2a4d7cfb8d3ffdc5d92337550ae9,c533b7bc7ce39f7ec56eb97aeb7dd087,delivered,2018-01-23 23:47:34,2018-01-24 00:39:24,2018-01-24 23:56:22,2018-02-05 20:35:10,2018-02-19 00:00:00
347d96fed35c336eb4656e8965e0d1b4,fe8b05c841c9207129d9a4469a9a9835,delivered,2018-01-16 11:04:42,2018-01-16 11:14:25,2018-01-18 16:41:32,2018-01-23 23:38:44,2018-01-31 00:00:00
d73ddd98199cde252b1c0ee783374da9,f7de450d64f79362f330ce89ae6ff045,delivered,2018-06-26 15:36:37,2018-06-26 15:56:53,2018-06-28 12:10:00,2018-07-04 21:34:39,2018-07-27 00:00:00
bc4cc0e6280520545652f31936abe65e,a34a14a30f048a27d535106ad4342106,delivered,2017-07-23 15:23:25,2017-07-23 15:35:39,2017-07-24 19:44:26,2017-07-28 18:19:52,2017-08-11 00:00:00
d7108e3ddf254c6b56ec41b3a4e0567e,8326dc987e109ccc766ec060e311ab93,delivered,2017-05-19 18:36:32,2017-05-19 18:50:15,2017-05-22 13:25:36,2017-05-31 13:52:11,2017-06-21 00:00:00
ffa93f1bd7c0039af32324fa5d3cf1e6,6a6db33845bd12ddaa6a5a400bde9af1,delivered,2018-04-28 18:58:32,2018-04-28 19:11:04,2018-05-04 15:05:00,2018-05-08 16:25:49,2018-05-17 00:00:00
3aea5a83ca5bc41e6ecd21afd19bbd81,aff521ae3a328c4c9601f45f907cc7a5,delivered,2018-01-15 15:47:39,2018-01-16 15:36:25,2018-01-17 21:04:25,2018-02-06 22:28:35,2018-02-16 00:00:00
eb208b2789d0b383599396c007996073,d29cf7c7a5915d7c7e6bdbeea4aece3f,delivered,2018-05-18 00:47:02,2018-05-18 04:14:35,2018-05-21 15:33:00,2018-05-22 17:45:00,2018-06-01 00:00:00
a8e1657f8ba8503d95b3da051b7c7343,0841d3b6ce285b44d072153fad3a0e8a,delivered,2017-05-31 20:45:16,2017-06-01 14:42:35,2017-06-09 16:24:58,2017-06-22 14:34:35,2017-07-07 00:00:00
5ce588b4250c184137ab69ce569c917d,fdf7ff3d7a219e22cd23ab62dfb2348b,delivered,2017-12-17 21:03:28,2017-12-17 22:10:58,2017-12-20 21:43:11,2017-12-28 16:17:50,2018-01-05 00:00:00
8ab0025e639ebf540367464e1c8c8d9b,cd468aa55db7ae88a497a08f2f05bbd0,delivered,2017-03-27 21:56:21,2017-03-28 22:02:56,2017-04-03 13:47:07,2017-04-17 10:28:14,2017-04-27 00:00:00
6895b2b445ba6fc95b205ec5d0d5f25f,912df14a9a50a2afed74da3cd7d3abbc,delivered,2018-08-19 10:36:45,2018-08-20 11:32:06,2018-08-21 14:01:00,2018-08-28 16:48:51,2018-09-12 00:00:00
8b22958a1b6c74b753579682cc05bf21,1d7e8ca9d132fb1570d6290fd89cfb72,delivered,2018-03-25 15:47:42,2018-03-25 15:55:23,2018-03-30 02:50:54,2018-04-10 23:56:33,2018-04-19 00:00:00
f7b81026b3df84615ec2f1b82e35ea81,99395303dd04655721e445e047a2cabc,delivered,2017-04-19 17:48:24,2017-04-19 18:01:56,2017-04-20 18:53:02,2017-04-28 10:22:54,2017-05-09 00:00:00
e9ec3efbf0e86ef6cbb3d7ad4010314b,479352e00cdace27c97cbfeef285327d,delivered,2018-03-31 22:03:55,2018-04-03 05:49:09,2018-04-03 19:54:23,2018-04-12 22:22:22,2018-04-18 00:00:00
875465832a4acaeac638683b74ba9886,9fdfda7267b95b767604b9c8c8431623,delivered,2017-03-09 14:21:58,2017-03-09 14:21:58,2017-03-15 11:29:55,2017-03-22 22:07:29,2017-03-30 00:00:00
b769eb33d511dc1b52b8c6d45522a101,b67a2c02b5d02f770e322cf5961378f9,delivered,2018-01-10 21:11:25,2018-01-10 21:29:06,2018-01-15 13:25:40,2018-02-15 22:18:45,2018-02-19 00:00:00
6a541ecac40dc865265adbecf4841842,4d316747d674488ae8495281ddd75281,delivered,2018-05-11 20:22:23,2018-05-11 20:35:19,2018-05-14 13:42:00,2018-05-25 22:12:13,2018-06-04 00:00:00
68931f0c8d94e2097accb925c9d37627,5fe192bae45fa922d7d7aaa2fcb75247,delivered,2017-05-25 23:32:26,2017-05-25 23:45:08,2017-06-16 14:16:56,2017-06-19 12:49:46,2017-06-19 00:00:00
e003ef7043c4587ceeedca63a9e06054,d963a4114478c61b46c9287d5cc18741,delivered,2017-04-25 21:49:31,2017-04-26 09:35:59,2017-04-26 15:22:55,2017-05-10 09:55:57,2017-05-23 00:00:00
a9afb8f30ea1c72dd798b8eeaefcdff5,784d53f82704adefd20a72c120fda8a9,delivered,2017-05-12 17:34:31,2017-05-12 17:45:13,2017-05-19 13:42:41,2017-05-22 16:06:24,2017-05-30 00:00:00
cfa5f05fcf442b5faa1cffd73b4fd9ee,8ff142e1e53169103945b4bed865318b,delivered,2018-07-02 12:41:34,2018-07-02 12:55:51,2018-07-04 07:03:00,2018-07-10 23:46:26,2018-07-20 00:00:00
14ee9719cb142bf6f26349118ebac994,f78345da486d6203f7e3ccc42d09aa69,delivered,2017-11-23 13:18:15,2017-11-25 03:33:52,2017-11-28 17:16:58,2017-12-01 23:43:48,2017-12-20 00:00:00
8a46b59172f78204da218936cf1bc113,27dd10f1b20e6b39cdd260a949cec32d,delivered,2017-08-20 18:53:57,2017-08-22 03:45:54,2017-08-31 18:05:12,2017-09-09 00:12:17,2017-09-22 00:00:00
6c42e7be04d9ebf21c409e265ef01c5d,677f16cb92bfcbced2d36c587f719b78,delivered,2017-04-13 11:29:10,2017-04-17 19:10:06,2017-04-18 11:03:19,2017-05-02 12:21:21,2017-05-15 00:00:00
94caf828558aed4dc7cb9da3711a5c5a,ce6d725ed1334c3edb9af03a7c53c84d,delivered,2018-04-21 11:06:56,2018-04-24 19:28:44,2018-04-24 21:29:44,2018-05-18 16:21:57,2018-05-16 00:00:00
029a092ea19290f774d21c51fd7ac45f,2cd8c5d16f98a776a87ccfeb14c0ed33,delivered,2018-01-29 17:33:48,2018-01-31 13:32:03,2018-02-01 18:25:37,2018-02-05 18:17:08,2018-02-26 00:00:00
c8b5a04212ccaad7ba2b0a39fb8d0a1d,8e87eb5d72c4ff2d3a8593c95d709baf,delivered,2017-07-14 16:35:47,2017-07-14 16:45:26,2017-07-20 20:09:56,2017-07-28 20:27:47,2017-08-09 00:00:00
1f00663cd69beff0e8f5bf56988c9266,c6edb49f1865ee09a53a162607b354b6,delivered,2017-08-12 16:51:40,2017-08-12 17:05:21,2017-08-16 18:52:29,2017-08-21 20:22:34,2017-09-11 00:00:00
75da883b23f0ee17fc5811bc5573d225,c866eea1cab82a2e1d00910b572d202e,delivered,2018-01-19 16:34:05,2018-01-19 16:59:48,2018-01-24 15:55:11,2018-01-30 19:47:46,2018-02-14 00:00:00
4a6de96da1acf53b98a7185f65af99c2,59e211a0b4e0271d1155a269ec01d020,delivered,2017-11-09 17:47:43,2017-11-11 02:55:46,2017-11-13 21:32:03,2017-11-16 20:58:34,2017-11-23 00:00:00
068bd285dca5547429e81de9e95ff9cf,6e2f130b4259627650baa0c9ce0bd645,delivered,2018-01-14 17:25:11,2018-01-14 17:36:34,2018-01-29 22:13:15,2018-01-31 10:22:04,2018-02-09 00:00:00
36c63c436db70954885798ade7b2e30f,7713f374a02bd9712b22f044340d22a1,delivered,2017-03-22 22:36:26,2017-03-22 22:36:26,2017-04-07 10:46:02,2017-04-12 18:23:03,2017-04-25 00:00:00
4549b64678720dc5a26b734faa820d93,3a367d4ce32b3b029e2bbff5f2fecdd5,delivered,2017-10-03 20:46:57,2017-10-03 20:56:32,2017-10-04 20:23:26,2017-10-13 22:48:33,2017-10-30 00:00:00
08523d94685d7c7efc1381136873cab3,01c2a51e4844df386c8bbd058978052c,delivered,2017-11-17 00:49:51,2017-11-18 02:29:06,2017-11-22 15:18:54,2017-12-05 11:38:34,2017-12-14 00:00:00
ae1cb31659e2cf358e7b3388cbf1abad,bbf249561e84f966c88f8d70e9c714fc,delivered,2017-08-21 19:49:34,2017-08-21 20:05:52,2017-08-29 18:51:11,2017-09-01 21:53:51,2017-09-15 00:00:00
96e4e8d7578138ee620bd65cced420db,da6adc0743aa6dc5915ce78d75e15f5d,delivered,2017-02-05 21:20:34,2017-02-06 21:25:14,2017-02-07 09:46:21,2017-02-23 16:05:40,2017-03-29 00:00:00
80ac215e5fbfa62e737e8d47e2287b2c,c6e4affe776c84f449dfe5de63939208,delivered,2017-10-28 19:43:21,2017-10-30 21:31:34,2017-11-10 13:34:55,2017-11-19 11:48:31,2017-11-30 00:00:00
d0c7cbf522cc8fd33f0eede7f124db41,b63f9ce4daa4f644ab9caa56c9b5c2c1,delivered,2017-12-08 00:47:13,2017-12-09 15:38:22,2017-12-12 22:06:58,2017-12-16 00:45:54,2017-12-27 00:00:00
b45a8e6ce0030929914dfd68dd710586,70dadbeed0be77f34405407a8f5b1024,shipped,2018-02-19 17:20:06,2018-02-19 17:30:30,2018-02-20 22:46:59,,2018-03-20 00:00:00
ce387eba3b0e5a8145a79db39394f728,b1cf15b2a25c647c2de2ff757c033b94,delivered,2018-06-27 07:11:00,2018-06-27 10:51:45,2018-06-27 10:16:00,2018-07-03 08:45:54,2018-08-01 00:00:00
ee84d18908ccf2b4c57008c552b98d1c,fc709ab645b71acd6046aeb03b590aa5,delivered,2017-10-09 12:34:39,2017-10-10 03:26:26,2017-10-16 19:04:42,2017-11-07 00:26:48,2017-11-03 00:00:00
75e659c8ca6e2872f6d35430337e5dc6,1755f2846673a250cf4013174dfaad38,delivered,2018-08-04 06:24:25,2018-08-07 06:05:36,2018-08-07 11:43:00,2018-08-11 13:16:37,2018-08-20 00:00:00
368b20312c68710e9d75cbb5cef5c469,b85a55907f00013ed7b953a50de74e12,delivered,2018-01-01 22:40:31,2018-01-01 23:36:56,2018-01-03 12:33:09,2018-01-09 20:14:51,2018-02-02 00:00:00
147208dc7ffe7dc225aaf26e5e193b44,8d4c26167eda62aa307cc99050e5cf8f,delivered,2017-11-18 11:44:26,2017-11-18 11:55:34,2017-11-21 18:09:59,2017-11-29 13:54:49,2017-12-19 00:00:00
a6cf71d9fd08019c865e09285ef911b8,8aaaa1297f97f4de055de7a6c34be730,delivered,2017-09-04 20:58:29,2017-09-04 21:05:36,2017-09-05 19:47:06,2017-09-14 22:06:28,2017-09-26 00:00:00
71a9bc15cae2d58e86e4be7ae0ddc592,91e482f8c3164d3ccca546c08023e115,delivered,2017-07-20 19:17:05,2017-07-20 19:30:09,2017-07-21 17:38:36,2017-08-21 16:50:12,2017-08-23 00:00:00
3c220c0a8ae53cc9f24d007cb5b1a15d,12ddb653ddf28191dc4b375dd183febf,delivered,2017-02-13 15:36:20,2017-02-13 15:50:18,2017-02-14 16:51:50,2017-02-20 11:27:55,2017-03-14 00:00:00
6bff6f42199acae6d8ba7c16f1aea5de,f21ff61b605499592c0f6c7f1f899489,delivered,2018-03-08 10:58:38,2018-03-08 11:10:42,2018-03-16 21:33:02,2018-03-26 18:08:40,2018-04-03 00:00:00
8bd24d561ec1ec5f12ca94ba62f44909,236d076b6582dd0da2fdfa1c7604dd7c,delivered,2018-06-07 10:21:23,2018-06-07 10:34:43,2018-06-14 15:05:00,2018-06-18 23:56:29,2018-07-04 00:00:00
70a25f8b804c7e220927839f1b869626,2c13b31ed30512fc84164e15692dcf53,delivered,2017-03-30 13:28:48,2017-03-30 13:42:17,2017-03-30 14:25:26,2017-04-03 17:20:13,2017-04-19 00:00:00
e18e04e7700b1fa84a2aba133af245f8,28039e5ebd1d086365ff6797ea5ba4a3,delivered,2018-01-13 16:34:22,2018-01-13 16:49:29,2018-01-15 20:03:35,2018-01-16 23:03:17,2018-01-30 00:00:00
dba786faebc1f0b354571debd40bda8e,bb28649d3f59034b560a60811de5b020,delivered,2018-04-16 22:38:48,2018-04-16 22:50:29,2018-04-18 22:19:22,2018-04-26 21:13:47,2018-05-15 00:00:00
f82746601c1969d00d63e14a786f322d,054ab203cd9764221a28a41cce1e8cd0,delivered,2018-08-20 17:16:49,2018-08-20 17:30:24,2018-08-21 13:59:00,2018-08-29 19:06:50,2018-09-04 00:00:00
7b8b1e2fbbe6a726e3bd583956716bcb,730e00f0a2f7a11f11644df88fb41e7c,delivered,2017-06-08 13:14:58,2017-06-09 02:35:16,2017-06-09 15:59:32,2017-06-12 17:37:53,2017-06-22 00:00:00
2d27ee9bbc377938d4a8c5a8efb16551,f1a239b72ea3fade1066471be5a5eb27,delivered,2017-11-08 17:38:41,2017-11-09 17:47:53,2017-11-11 16:44:23,2017-11-16 10:21:39,2017-11-22 00:00:00
3e341725cddb1523a88a68e64d7ce0cf,338e3b69e48bfd76a9eb4e963dcecb2f,delivered,2018-03-12 19:56:52,2018-03-14 03:08:24,2018-03-20 00:16:24,2018-03-28 20:05:24,2018-03-23 00:00:00
952ae74fec51be4a3dd2b542bd77843d,eba6b4c02a87d8d361314e878cd67fdb,delivered,2017-06-28 10:48:08,2017-06-28 11:05:10,2017-06-28 16:16:22,2017-06-29 11:39:35,2017-07-11 00:00:00
282173a7e501a3bcdf5ac035f2da53ed,127016e771ff3dea1a8c2c22f09868d8,delivered,2018-08-16 10:15:45,2018-08-17 10:10:15,2018-08-20 15:29:00,2018-08-23 16:36:43,2018-09-04 00:00:00
b77ce1aa2e42c0482b3291e3e269bc10,9c94ae21b6425a70d0673f4421147906,delivered,2017-05-17 03:30:30,2017-05-17 03:45:14,2017-05-19 09:27:44,2017-05-24 10:52:14,2017-06-16 00:00:00
81fb90c1485e2ff8b2fdd37b0472ba9f,fae5d5fa492706b4c5c236fa57642e6b,delivered,2018-04-06 10:02:17,2018-04-06 10:15:16,2018-04-07 01:42:39,2018-04-12 19:22:22,2018-04-30 00:00:00
3bccfd7e1731434bef6a720c0411bb06,92c5fc293d0fb1c8374516492bb5ff4c,delivered,2017-10-11 13:01:51,2017-10-12 12:56:26,2017-10-17 14:12:51,2017-10-21 00:51:24,2017-11-06 00:00:00
0acff4874d0f6558ab78a80bb4c8a3ff,e7bc43bd991299745f29c9f38d0eb322,delivered,2017-03-11 23:32:41,2017-03-11 23:32:41,2017-03-13 13:11:52,2017-03-24 13:08:40,2017-03-31 00:00:00
c34669131c7b65bd32282de48c9d4112,1dd8ff8ec5a03f1ea1996060c0520667,delivered,2017-12-12 20:04:27,2017-12-12 20:15:25,2017-12-13 19:42:51,2018-01-11 23:57:00,2018-01-19 00:00:00
1d5bd99b9b20b17bd85826aba9c18994,0b9a169354c3525fe15c74baee76fcbc,delivered,2017-02-03 12:54:08,2017-02-07 03:45:21,2017-02-08 14:33:59,2017-02-17 17:04:57,2017-03-22 00:00:00
cfea2c141cacb975b65831b7ffd6d194,6a95d327abbbcd54e780a8b44e0d17bb,delivered,2017-11-12 15:41:02,2017-11-12 15:51:06,2017-11-21 19:57:17,2017-12-04 18:08:55,2017-12-13 00:00:00
d8a7de021e5dfac3c36636fc6ef861c9,fbf80d284c6f23caaf933fd4298ebb5d,delivered,2017-03-06 09:44:32,2017-03-06 09:55:10,2017-03-07 15:39:41,2017-03-13 11:38:46,2017-03-24 00:00:00
9d128b33292eb10e072f1eaacb9b07c4,f947df10435b901a1ec4e36102afab47,delivered,2018-08-16 13:00:52,2018-08-16 13:15:27,2018-08-17 10:05:00,2018-08-28 18:58:42,2018-08-31 00:00:00
9cef4f2469402d5f1aa5b5122441684c,ea02eb9876454cdc07707cc4352db963,delivered,2017-08-19 15:13:19,2017-08-24 18:46:38,2017-08-28 22:47:41,2017-09-13 18:19:46,2017-09-20 00:00:00
a38d122ad3e07ca8d13e4a42059b98d2,b94ee75cf54fccac2d338ff56f45744a,delivered,2017-08-22 09:24:13,2017-08-23 02:46:30,2017-08-24 19:14:00,2017-08-30 20:08:04,2017-09-14 00:00:00
6b67c8a7a8d08df9590f2ee347cb6afd,8941fa318a1a672562dcbad8b27b7ec8,delivered,2018-01-23 11:57:17,2018-01-24 15:57:43,2018-02-02 18:22:21,2018-02-16 18:22:27,2018-02-21 00:00:00
e9b6fe47a8f2ede1804ef5feefbabe83,25543acf1f4678661727be65a20dacad,delivered,2018-02-13 00:03:01,2018-02-13 00:10:30,2018-02-14 18:33:09,2018-02-20 19:17:03,2018-03-12 00:00:00
84f55f5646e749a7df1a4ec73e7ddb48,cd72bdc2b2fe53268c411b2f8912fd82,delivered,2018-04-25 12:05:05,2018-04-25 12:15:25,2018-04-26 14:15:00,2018-05-19 17:27:41,2018-05-23 00:00:00
cf96b3a15cf1f61c5398ae91f1cbd75f,0eccd889365bd8b8169547bbc25eed73,delivered,2017-10-15 22:18:18,2017-10-16 22:28:19,2017-10-19 12:32:49,2017-10-28 16:32:48,2017-11-07 00:00:00
1bec7861a092429c4f37133660e501fb,117a305bbf1e9a2f1f590e4561842469,delivered,2018-05-18 12:20:04,2018-05-19 02:59:02,2018-05-21 12:05:00,2018-06-07 16:38:48,2018-06-13 00:00:00
afe88388e4101e5724c27c83f0aca398,14bfdb077e1683258a8069501d9957aa,delivered,2018-06-21 20:30:41,2018-06-21 20:57:08,2018-06-22 10:35:00,2018-06-28 19:03:31,2018-07-13 00:00:00
335323aed1f406d4ee11ba438e5de1bc,af15e9bd1c4094bcdce4d3c9115e3dbf,delivered,2018-01-12 09:31:32,2018-01-16 03:40:08,2018-01-19 13:03:52,2018-01-30 23:51:44,2018-02-08 00:00:00
530b181c9c1dd346c4ba0dd011b8d8f9,a70cecf0200548579a652f8e21a28dc4,delivered,2018-05-21 19:46:07,2018-05-23 02:38:32,2018-05-25 12:40:00,2018-06-03 20:12:06,2018-06-07 00:00:00
23c9d37f66d443b16767321d11d70821,c0c87406b399231a6da7f06fa1a14c8d,delivered,2018-01-16 16:45:04,2018-01-18 02:12:50,2018-01-20 00:14:42,2018-01-29 21:08:52,2018-02-06 00:00:00
f8b730c3feb3136010e89c9acd18cdad,a3a5c7b1fffe9ebc5272b53e9b21176b,delivered,2017-12-10 16:22:08,2017-12-10 16:34:23,2017-12-12 19:42:51,2017-12-15 23:35:03,2017-12-28 00:00:00
edaddb20d1600fbf9e1cd5d30a7e9198,1f4ceb40514a12222ea7310162a29f94,delivered,2017-10-08 09:31:45,2017-10-10 03:56:32,2017-10-10 21:03:35,2017-10-17 17:55:52,2017-11-07 00:00:00
8def5d8e86971efa694dc5192fb2258e,436bb7ba9296d93ab5e8eb0ead3b2bb6,delivered,2018-07-05 20:07:34,2018-07-06 12:11:01,2018-07-09 09:36:00,2018-07-10 19:06:45,2018-07-18 00:00:00
ad1c343f53639ad550761c2653c191b0,38563843fdf71adbd87b421a7932d94e,delivered,2018-08-08 10:04:29,2018-08-08 10:15:21,2018-08-15 07:53:00,2018-08-22 11:32:05,2018-08-31 00:00:00
80cfa0890f4319950ce8e5dae346a7b5,bb8c7236666ecd5eeb745a5452ad3f10,delivered,2018-08-20 15:47:56,2018-08-21 04:15:26,2018-08-21 12:44:00,2018-08-25 17:52:54,2018-09-03 00:00:00
05b126974a95c4a8c2ed51e8e0334c6e,fca1f22de13081a34651c48cbb5cfb01,delivered,2017-07-17 15:23:31,2017-07-17 15:35:08,2017-07-18 14:10:13,2017-07-28 20:23:55,2017-08-14 00:00:00
d97cacbc87a70c0a938044518f7c31c2,687dba758662ac064303b3087930c12d,delivered,2017-03-14 19:30:51,2017-03-14 19:30:51,2017-03-28 18:42:58,2017-04-05 15:42:33,2017-04-13 00:00:00
4cd1bfe6723bb2e83a8045cbea275c65,1732351234779d12dcc355581d02d7b9,delivered,2017-06-08 07:24:22,2017-06-09 02:25:26,2017-06-09 11:58:44,2017-06-16 13:06:52,2017-07-13 00:00:00
119d388c6a2ceb03620dcd86c45f65a5,9ab223471e12c827aefff3c0af9483a3,canceled,2017-11-15 10:43:14,2017-11-15 10:56:12,,,2017-12-05 00:00:00
d9b4254b30f9bda1e6cb94a67cd42cf5,b00f7bd546cc64054eb4590cc37bc2fb,delivered,2018-01-06 10:27:29,2018-01-06 10:37:56,2018-01-09 23:19:44,2018-01-29 19:09:19,2018-02-06 00:00:00
2ccfb56c4a7060de9778668844658588,0f6a4a64f5e8d60b96555758c8b06585,delivered,2018-03-09 16:43:14,2018-03-09 16:55:35,2018-03-12 17:28:34,2018-04-18 15:07:29,2018-04-02 00:00:00
8f1a2266f747c7d0e62d992a6b411c60,c36dcac28596ab129461788cf382fdd4,delivered,2018-06-19 13:00:38,2018-06-20 14:38:47,2018-06-20 13:43:00,2018-06-28 20:08:52,2018-07-16 00:00:00
5d284e172fe3bafba10f2c60e3ea2047,79bf49fff32de9cb236d31bcffa1d6ef,delivered,2018-07-31 14:55:13,2018-07-31 15:44:37,2018-08-01 13:49:00,2018-08-09 18:58:48,2018-08-14 00:00:00
91e6838f3091d5ea8d82bc61a52b5d58,84224aa8a8d7d7a16e6ed976990b9cdf,delivered,2018-05-17 16:42:45,2018-05-18 16:58:23,2018-05-21 12:03:00,2018-05-25 19:57:34,2018-06-01 00:00:00
877ee05a3ef8f89df314644a0136090c,5ecc8bd7098790f73cb7b580afb1caef,delivered,2018-08-21 08:16:01,2018-08-21 08:30:15,2018-08-21 14:11:00,2018-08-24 16:36:41,2018-09-11 00:00:00
13571ddc96bacd5acda85d1a87625bf7,a4c045252d9ee400da61eb5b562aa8e1,delivered,2018-04-19 09:42:50,2018-04-20 07:31:32,2018-04-24 16:58:37,2018-04-30 22:12:11,2018-05-21 00:00:00
a0c98bdda8405aeaa4b87bdcdd25da22,79dd597ff7e371b512f0a22caf4a08dd,delivered,2018-08-17 12:39:50,2018-08-17 12:55:22,2018-08-17 12:37:00,2018-08-27 23:08:26,2018-08-30 00:00:00
af0d2135b91bb01826f495ff0d828b8e,2f24533fb68b221af9943f165c9d69b9,delivered,2018-03-28 08:57:31,2018-03-28 09:10:21,2018-03-29 20:23:04,2018-03-31 11:34:31,2018-04-10 00:00:00
847895ff42365e8959cdf2ef63afb847,910a3a50acd58e3d700e8e0860524a42,delivered,2017-05-10 00:18:20,2017-05-10 01:25:22,2017-05-11 13:43:37,2017-05-19 13:19:56,2017-05-30 00:00:00
4649c5e95df94c2a37938bed23879e64,35342093ef375b502a9dd9f52a4cc06a,delivered,2018-08-10 16:52:54,2018-08-10 17:05:21,2018-08-14 13:08:00,2018-08-18 17:08:40,2018-08-31 00:00:00
f717c2ba5591ca0c4dfc970c3762fd43,c92b21c93e0e1b1a5cd4de124784d8c2,delivered,2018-06-26 11:33:24,2018-06-26 11:56:59,2018-06-28 09:10:00,2018-07-03 20:16:34,2018-07-17 00:00:00
0dd723c6398f43e82b3916b7f2cc8e59,b8d96d8d84e39605b6eea85eda6b080e,delivered,2017-12-04 20:28:03,2017-12-06 02:50:32,2017-12-09 16:48:59,2017-12-26 17:12:39,2018-01-09 00:00:00
25d3716d0097db13efad1ec47ea26551,e6f635217be521e389d16f31394cae5f,delivered,2018-08-06 20:58:20,2018-08-06 21:10:15,2018-08-07 15:40:00,2018-08-10 22:12:07,2018-08-21 00:00:00
cdd2bd78457525991f04c54ebf835027,15220c6163daf6422c2afa69504e75b3,delivered,2018-01-28 22:16:51,2018-01-28 22:37:28,2018-01-30 14:29:07,2018-02-09 21:43:19,2018-02-26 00:00:00
201776a9ceca3a375c7e32fdb22c9675,a9cb426b0db0ee6d1ba8163ac9518012,delivered,2017-11-15 23:10:30,2017-11-15 23:26:24,2017-11-17 12:24:53,2017-11-21 18:41:40,2017-12-08 00:00:00
cfcab3d63fc144cd189d0af6e9213053,3906fa15ec054091d71e1ab2d6fdb3ee,delivered,2018-02-04 17:12:31,2018-02-04 17:29:36,2018-02-06 23:13:14,2018-02-07 21:39:35,2018-02-22 00:00:00
99379b2e7a8197520ce4c04865544bab,0bfc3cc0012bf277dce70f42fad57b95,delivered,2018-01-19 12:40:16,2018-01-20 12:37:18,2018-01-23 20:38:37,2018-01-29 17:17:13,2018-02-05 00:00:00
8a302d5e7a9bf8493bce42dd0d629643,c6b64401a0be444212469af843064dda,delivered,2018-01-13 21:30:19,2018-01-13 21:49:14,2018-01-17 16:08:58,2018-01-26 18:15:22,2018-02-15 00:00:00
765e82006189100419015233bf26be8a,dd4a80c1daa4fc1d5b27af36e5f44f2b,delivered,2017-01-28 19:50:15,2017-01-28 20:31:33,2017-01-30 11:32:54,2017-01-31 17:42:11,2017-03-27 00:00:00
2ca68e6f3682ab0ee4ae0c4f069772d7,1199615452acb7d59d0155b46a60a190,delivered,2017-09-26 17:29:19,2017-09-27 03:35:02,2017-09-28 18:57:59,2017-10-02 18:41:44,2017-10-19 00:00:00
dae4fcb62b78ccf2ff3ac4d49113a8f5,cefbe92afc1f162d27509c145d1614e0,delivered,2018-06-28 10:26:00,2018-06-28 10:50:29,2018-06-29 14:59:00,2018-07-13 22:52:07,2018-07-30 00:00:00
beed527292a9e9a0e10bc602565b510c,75db86952131820b90d0a7d574f23a3b,delivered,2017-11-25 00:05:21,2017-11-25 02:54:30,2018-01-04 20:23:03,2018-01-21 16:58:37,2017-12-21 00:00:00
6703ec8f95d980d0f4b7ca9a61f0d0c4,46819df406e6d3b016e6d3cda0d1bdac,delivered,2017-12-22 22:02:29,2017-12-22 22:11:24,2017-12-26 22:53:39,2018-01-11 00:04:55,2018-01-31 00:00:00
3a6bf12cb580b92b0d58b93fd1a35e17,503338c1b6e6a0cb8cd2f848c42c7207,delivered,2017-12-05 21:18:13,2017-12-05 21:29:30,2017-12-06 23:51:59,2017-12-07 22:28:52,2017-12-21 00:00:00
8a7679380ddbbbe7495aa2d1cafd515b,9820e5ca96a381bc3166b135b064b64f,delivered,2017-03-19 13:58:43,2017-03-19 13:58:43,2017-03-21 13:14:20,2017-05-26 10:41:52,2017-04-06 00:00:00
758888bc05afa2d25b8ebd3c47020016,20f090cdeeda1b2c7028fd2d2b7ff9d4,delivered,2018-04-17 18:36:27,2018-04-17 18:51:36,2018-04-19 19:36:43,2018-05-04 17:20:52,2018-05-15 00:00:00
cb8ec27d37e47fdbc81f78fe926c7dbf,880f803b30720595342da61f84e0b3ce,delivered,2018-05-07 15:34:29,2018-05-07 18:09:48,2018-05-14 15:41:00,2018-05-18 16:19:56,2018-05-24 00:00:00
3cf9e0e6567aaa4e7698c34679d269de,7e05898c682a8f567e1e23aae622272d,delivered,2018-08-08 12:05:49,2018-08-09 15:45:13,2018-08-16 13:32:00,2018-08-30 19:02:55,2018-09-12 00:00:00
161e17b4ed2cf41cdb401cb16a78fe99,d4126d6be9549edce883718b6af9ccaa,delivered,2018-02-24 15:22:38,2018-02-25 15:40:24,2018-02-26 19:03:35,2018-03-12 16:26:31,2018-03-26 00:00:00
af0139a90e4b6d6681ce1d5c02db67f4,0d7606cb5b074d100e373c7a43082b7f,delivered,2018-07-26 10:10:10,2018-07-26 10:25:11,2018-07-26 17:42:00,2018-07-27 21:51:51,2018-08-03 00:00:00
5927bb00efcc2db67e6e98500fa49629,7bcba019e4d8bf4e23f5b6e15bc50d3d,delivered,2017-08-02 11:19:52,2017-08-02 11:30:21,2017-08-03 18:09:55,2017-08-08 10:57:39,2017-08-22 00:00:00
1b90587d2255b7eb1dcc4d2c7eba1c54,c864ab08bb4dee24abda9f5d464194bb,delivered,2018-01-18 14:08:58,2018-01-19 02:38:48,2018-01-19 23:39:08,2018-01-23 17:12:41,2018-02-09 00:00:00
958064d074b8767d4e9a988f63c1633f,867b9a828a0ada03ab7b1cb5ee6c325f,delivered,2018-08-03 13:22:35,2018-08-07 04:44:39,2018-08-08 15:54:00,2018-08-13 13:45:32,2018-08-15 00:00:00
20eb5996ce527db33024aa9f2bea69aa,3da95d69ae46803a5a7bca3c2c175afe,delivered,2017-12-12 08:51:04,2017-12-13 02:50:03,2017-12-13 21:48:28,2017-12-26 16:17:40,2018-01-09 00:00:00
a6f521d5e68e95961ac13d448a960fd7,6999f4d337ab6bf57edf289703244131,delivered,2017-04-26 22:51:19,2017-04-28 11:44:07,2017-05-03 09:20:43,2017-05-25 14:42:40,2017-05-31 00:00:00
0946ea44283ef9035521460a12da1569,4d54b74513ea9a321781f3838c7cffb5,delivered,2018-03-17 18:24:43,2018-03-18 18:27:29,2018-03-19 23:03:33,2018-04-20 16:37:19,2018-04-12 00:00:00
4382b7af38e2034ff26273519819f2d2,660a5acfb2835dd4b993ab8850da4a1a,delivered,2018-03-02 17:01:58,2018-03-02 17:15:39,2018-03-06 03:13:11,2018-04-27 20:41:09,2018-03-22 00:00:00
b7867c80a94b0b3e95293f637d913dbd,d265c86d8b40bed20166f5b45befb303,delivered,2018-03-15 23:18:09,2018-03-17 02:55:22,2018-03-19 18:05:14,2018-03-21 20:32:54,2018-04-02 00:00:00
e4c01d7732af07fff2a3e083d93f0581,d4d1005e3934eff533fddab9afb213cb,delivered,2018-04-01 13:30:48,2018-04-01 13:47:30,2018-04-02 19:12:19,2018-04-03 21:12:01,2018-04-12 00:00:00
3b28f0058ea921e275c87efadc8f7c32,a0ffcb12d9a0552652f35c3e54639a8b,delivered,2017-07-31 15:07:15,2017-08-02 03:03:48,2017-08-03 19:29:30,2017-08-10 00:13:59,2017-08-28 00:00:00
69697763300040978b1c88f1bb60ad24,907d77f631b9ca3c2e1f6e38c0905d48,delivered,2017-10-27 09:15:13,2017-10-27 09:29:29,2017-11-08 18:54:52,2017-11-13 20:24:37,2017-11-09 00:00:00
d5fcb259843dadf4153e199f5d555aae,8a2ea7fedd47a6146d82b7926cdf452f,delivered,2018-05-14 13:48:34,2018-05-16 03:35:30,2018-05-17 13:19:00,2018-05-18 18:36:56,2018-05-23 00:00:00
0e41154364b2f30bb4b7a09519978b55,6bf10d8057981be8bed1925ea7594490,delivered,2018-01-26 12:53:48,2018-01-26 13:12:36,2018-02-02 01:23:49,2018-02-15 17:25:21,2018-03-02 00:00:00
3aa10c989edd094089e4d051e4d700cf,70fc1f96a2fae9693b320e71f0275aef,delivered,2018-03-19 22:57:21,2018-03-19 23:09:03,2018-03-20 19:58:55,2018-04-04 19:07:43,2018-04-05 00:00:00
6c00e2ff02bbb412fcdd1b68c6b47436,27dbc23c3d2ed8f7ca9cb534d27d5192,delivered,2017-08-30 23:04:20,2017-08-30 23:15:15,2017-08-31 20:49:16,2017-09-01 12:22:38,2017-09-12 00:00:00
707b5fed9a986693aeb075d87589c4f8,c3f6321d8e9db88a79f98deb484b0871,delivered,2017-11-02 17:36:04,2017-11-02 18:34:05,2017-11-03 21:23:30,2017-11-09 22:42:08,2017-11-24 00:00:00
4450dd016b7fd4215c35bc0bf87b461e,4d92185c410cc29f7efa68c4f966d19a,delivered,2018-01-23 17:08:56,2018-01-24 20:11:47,2018-01-26 15:07:57,2018-01-31 00:26:32,2018-02-08 00:00:00
699787f56da4a1d2e5ef4ac575681986,5a5f0cac382c8ddc94653446e4270ccc,delivered,2017-12-08 13:27:51,2017-12-08 13:38:23,2017-12-11 21:27:05,2017-12-28 22:57:13,2018-01-10 00:00:00
fad470f7841d90564d1d57919dc69bda,02b81e78d15d013c5de9a2e89ceddb0b,delivered,2018-08-14 12:13:04,2018-08-14 12:25:17,2018-08-14 14:22:00,2018-08-17 23:08:43,2018-08-27 00:00:00
d64ee3fd40afdbc9f1d4af84423995ed,1c930273d3c7cc56c31745ff0b835f24,delivered,2017-07-03 10:34:32,2017-07-03 10:50:15,2017-07-06 13:32:15,2017-07-14 15:55:03,2017-07-25 00:00:00
89cfeacd717a4616a558ca9118b13553,cac95cb6f2ecd1894f5f3eeec6d2dea1,delivered,2018-01-23 21:06:48,2018-01-24 21:18:09,2018-01-29 23:28:53,2018-01-30 13:08:33,2018-02-07 00:00:00
e623ce1206781e57a58020bca18aeb28,6d71f3c2700fcf29edc036e602af2088,delivered,2018-01-30 23:41:41,2018-02-01 09:53:13,2018-02-08 02:08:41,2018-02-21 17:19:12,2018-03-13 00:00:00
6afee35d4619c0d99cbf16d1e4e461eb,3ebb2313b3dc80faf4ed6d711ab7f53c,delivered,2017-08-06 08:49:24,2017-08-06 09:03:14,2017-08-07 14:27:35,2017-08-29 21:33:59,2017-08-29 00:00:00
6242afc7de2ac0fbcb5219a2f389b324,46049b4d9873d5e84f4a368db26da7b6,delivered,2018-04-13 20:48:54,2018-04-13 21:09:39,2018-04-18 21:47:42,2018-04-23 19:36:41,2018-05-08 00:00:00
154ff64668cf2822704c69bd957a8c6e,d5fc781810a027b383ef15f761be0959,delivered,2017-07-01 05:14:05,2017-07-04 04:15:15,2017-07-05 09:56:42,2017-07-06 15:57:34,2017-07-14 00:00:00
5d05ba02d8d5d85144c3c1d7ea3f0aa5,d2b619b5ce9569c69e4ffeacd301361f,delivered,2017-07-31 13:06:27,2017-07-31 13:23:11,2017-07-31 18:19:55,2017-08-07 19:51:56,2017-08-22 00:00:00
bdf2706f341d19f5943d9a5c7355d045,9897219aecb9d3f94e1e37783c5eccdc,delivered,2017-09-01 00:13:26,2017-09-02 00:06:06,2017-09-06 23:42:14,2017-09-08 22:06:43,2017-09-18 00:00:00
96e83ce2f455f3e80e37bcb428fb7405,fd5c9b3e358a87a8fb22ea9a996949f4,delivered,2017-12-02 12:37:39,2017-12-02 12:58:33,2017-12-04 21:13:52,2017-12-11 22:41:50,2017-12-29 00:00:00
6636dd85ee82b4092b9214cc640adacc,b43821e1eccc47605f23a4476e148f3f,delivered,2018-05-13 19:59:38,2018-05-13 20:13:27,2018-05-14 15:45:00,2018-05-19 01:42:47,2018-06-08 00:00:00
9d4ff04268ad793e7cac36f6224d44dc,bbbb6bbcabbb1712d83b6d996869b412,delivered,2018-08-13 14:36:26,2018-08-13 14:50:18,2018-08-15 11:14:00,2018-08-20 18:51:40,2018-08-24 00:00:00
852d591ac66808ba170d243164600420,20eab7f90e4ca36457cb0e4ba3cf2ccb,delivered,2018-06-01 13:48:45,2018-06-01 14:11:51,2018-06-01 13:28:00,2018-06-06 17:26:41,2018-06-26 00:00:00
3ef716b6f672d016c160b4187f0b071f,18d42eeb3ceb5ab86dbb6cf6c79e2e21,delivered,2017-07-12 13:26:16,2017-07-12 14:10:18,2017-07-14 16:29:37,2017-07-17 20:33:41,2017-07-25 00:00:00
3010634b05f5caa199440db6b0b32da4,c25756a47621cd045fbfb4ba621ebcbc,delivered,2017-05-05 15:37:18,2017-05-05 15:50:15,2017-05-08 11:44:28,2017-05-17 09:49:44,2017-06-05 00:00:00
a985d695ba083a66246dd48086ad4cab,db9fca3fe54ebcbdb9ccf151ab539a1c,delivered,2018-03-14 10:11:04,2018-03-14 10:48:41,2018-03-14 20:22:36,2018-03-22 15:28:56,2018-04-06 00:00:00
dd91bcebe3c4f665242db31b800a2b59,f76cd756cb7b70b6f769c529728596ce,shipped,2017-06-25 16:47:48,2017-06-26 16:50:19,2017-06-28 11:32:31,,2017-07-07 00:00:00
11a239a4801f822c98f826b625fc9baa,1b55371dee453c946fe64347a326f0b4,delivered,2017-10-03 18:07:53,2017-10-03 18:24:37,2017-10-04 15:42:16,2017-10-14 14:53:41,2017-11-06 00:00:00
0ef716d86b77c7bf750b25ef9249d193,565cac2d738e69ba2d8369747e27e475,delivered,2018-08-02 12:42:08,2018-08-02 13:25:13,2018-08-03 11:25:00,2018-08-13 23:31:57,2018-08-27 00:00:00
d258634007adc92b160fdbb262456655,8f727a6774a40d2374815831f91e0d0c,delivered,2017-05-15 15:38:11,2017-05-15 15:45:16,2017-05-16 16:02:18,2017-05-22 11:37:52,2017-06-07 00:00:00
3ae5336eaaf24d7728df78a105ed61af,bcd4be22349c077e997a325f0a5b8e81,delivered,2017-05-20 17:14:45,2017-05-20 17:25:13,2017-05-23 15:54:37,2017-05-31 07:18:05,2017-06-13 00:00:00
90707a3b41e1c6cde0740f9754490e92,015c5e6d8c584992072dd7b69f2fad3e,delivered,2018-05-21 19:51:55,2018-05-21 21:36:08,2018-05-22 14:18:00,2018-05-23 15:14:20,2018-06-01 00:00:00
701346c966bac66c241f305dabd8f61d,612b779c8394301bc22771a63e4e7a0a,delivered,2018-05-03 15:12:05,2018-05-03 15:34:52,2018-05-04 13:39:00,2018-05-11 21:43:59,2018-06-13 00:00:00
928d6bcb24344911f6d0003585b91dab,7588edc8a7018172fa514eaa6cd3e909,delivered,2017-09-14 10:29:35,2017-09-14 10:45:13,2017-09-15 17:38:01,2017-09-27 21:18:00,2017-10-03 00:00:00
c2bb89b5c1dd978d507284be78a04cb2,6357fffb5704244d552615bbfcea1442,delivered,2017-05-23 22:28:36,2017-05-24 22:35:08,2017-05-29 02:03:28,2017-06-09 13:35:54,2017-10-11 00:00:00
4296801e936343a5f6a38e29143c0f88,8b26e9f4e8dadffe40b101bea7634b9b,delivered,2017-11-06 08:38:45,2017-11-06 08:50:26,2017-11-09 19:09:29,2017-12-05 21:38:54,2017-11-30 00:00:00
1dc0b2e5397cff8b103ba38a2a147869,eef33d691ec940e4c72ff018c1ecfe99,delivered,2018-03-05 21:47:33,2018-03-05 22:08:46,2018-03-07 17:46:58,2018-03-20 19:46:35,2018-03-21 00:00:00
648c8fc147248b2db527bd25821f67af,b6ab7cabd5b094d098e1a1557a6d3f0d,delivered,2017-06-12 10:34:29,2017-06-12 10:50:08,2017-06-16 12:46:42,2017-06-22 16:36:36,2017-07-14 00:00:00
b2f4d61781e3120462270cc41f9693eb,496a959e5d8dd7bea89fad0ef7dabe36,delivered,2018-05-24 13:02:05,2018-05-24 13:13:26,2018-05-24 14:16:00,2018-05-29 17:27:11,2018-06-11 00:00:00
8d7ab0caaba5e4a2f8e11caff31dfe48,50aaed44e9c8129beddba50bf99c232a,delivered,2018-07-31 20:18:46,2018-07-31 21:00:12,2018-08-01 14:35:00,2018-08-02 18:11:47,2018-08-06 00:00:00
c21e26a623796821b827547ac056684c,8a4e02df6c9e3dd7e603d1a1face907e,delivered,2017-11-25 15:58:13,2017-11-25 16:31:30,2017-11-29 20:36:52,2017-12-31 09:26:24,2018-01-03 00:00:00
388093f2361bae7f871b80bf9673e2ee,65eb3588197e862f2f8b129ff7a9d3bb,delivered,2017-06-18 15:57:48,2017-06-18 16:10:12,2017-06-20 08:39:42,2017-06-21 18:24:37,2017-07-12 00:00:00
0bb6d291f1488ae4922e89c2f6105f33,ace44b787aaa9e76275ef9e5c226f5d2,delivered,2018-07-11 10:49:57,2018-07-11 11:08:23,2018-07-11 14:01:00,2018-07-14 00:37:25,2018-07-31 00:00:00
fe60bad9c284d296c50b267f32a70da8,6f77c9578a65aba965ffb1634406249f,delivered,2018-06-14 20:24:49,2018-06-15 20:03:23,2018-06-18 14:41:00,2018-06-22 14:51:24,2018-07-25 00:00:00
5d77e951a4327143b2844fb532e7ac82,e1d4f9b115810a63ce6b0dea47172847,delivered,2018-08-02 20:13:58,2018-08-02 20:25:14,2018-08-03 14:46:00,2018-08-10 22:43:47,2018-08-16 00:00:00
c47ea271246fcfab187252dbabda3bb1,87ef858df37804b3770548b5252539d7,delivered,2018-06-04 13:53:35,2018-06-04 14:10:56,2018-06-05 10:39:00,2018-06-06 22:41:57,2018-06-28 00:00:00
7d92b1e737c6ee25a66b4bddf1f8be8d,b52dc9b0b38a7c414ffb6da8aec8d27d,canceled,2017-09-01 22:43:44,2017-09-01 22:55:23,,,2017-09-14 00:00:00
caa15e1aa25a513739966e10636def94,c93f48778b314ed87df5cc23762eea20,delivered,2018-03-04 18:00:31,2018-03-04 18:10:32,2018-03-09 02:26:22,2018-04-10 18:22:24,2018-03-26 00:00:00
5572ccc94fef3d4af1107bad26cd1e3d,5db5ed3c6bcc57e734b8c976c869bb8b,delivered,2017-04-25 15:33:46,2017-04-25 15:45:14,2017-04-26 14:33:30,2017-05-05 14:13:52,2017-05-12 00:00:00
da9e241d42acffe7f3a590e13f030df0,f4cc57a35bb6051404931c810608f646,delivered,2018-07-08 21:08:26,2018-07-08 21:25:20,2018-07-09 14:48:00,2018-07-13 20:37:32,2018-08-07 00:00:00
49268496ecf8148bd16540c2a23c6c70,ffaa23e5ad898d7e2b73cd716dcbc43a,delivered,2017-01-19 23:12:08,2017-01-19 23:25:11,2017-02-01 18:06:52,2017-02-01 18:06:52,2017-02-15 00:00:00
a767f123fcb9ebe4eea953349dfd5a81,e8945aceed698580f92f6d9e4ecaf34e,delivered,2018-04-05 07:53:47,2018-04-05 08:10:08,2018-04-18 01:52:38,2018-06-05 18:11:00,2018-05-04 00:00:00
b029a781059e5676835a903e614e845d,f73fb741184bd9607c48d8a226a241eb,delivered,2017-07-29 18:10:40,2017-07-29 18:23:30,2017-08-01 17:35:11,2017-08-07 21:00:00,2017-08-25 00:00:00
0a52d1f5b66c689f3955b3711ba7cc17,e827a60ab3c273d88ef8c4b401ce344b,delivered,2018-02-03 20:29:25,2018-02-03 20:49:59,2018-02-05 20:42:51,2018-03-12 22:28:25,2018-03-13 00:00:00
826a93df8a62b6ce26a14ebd2fc0e93c,36ff08e1357f1f20911a508fa79a4d3c,delivered,2018-03-10 19:20:48,2018-03-10 19:35:23,2018-03-13 17:18:58,2018-03-18 18:22:36,2018-03-28 00:00:00
5d4f3f9b6abf5c659c1fa69c55de35d2,44ce310a65512faeb94d2a990bded67a,delivered,2017-12-06 13:05:13,2017-12-06 13:15:22,2017-12-07 00:38:52,2017-12-18 17:29:10,2018-01-12 00:00:00
d272d218ea6116d8475fc36f7ea444e6,c0612b5beab45fd1d386f08da1ee642c,delivered,2017-11-21 21:35:11,2017-11-22 21:31:33,2017-11-24 23:18:49,2017-11-30 17:37:37,2017-12-20 00:00:00
f8033eab5248939afe7fa7feb4ac4866,397010ff25567bfea9f77fb921c4d90f,delivered,2017-10-27 23:54:00,2017-10-28 01:30:57,2017-10-31 21:25:50,2017-11-07 20:36:29,2017-12-11 00:00:00
45946efb64c679365ecd3938a0771220,a283b1e74d1373d37133117c9f940225,delivered,2018-02-28 14:55:03,2018-02-28 15:12:06,2018-03-05 20:17:11,2018-03-28 23:15:35,2018-03-21 00:00:00
fe1b0a4dc611d913e254aed3a59071f2,5ee7173a4523b98db170d80f314e6022,delivered,2018-05-08 09:36:36,2018-05-08 09:50:55,2018-05-09 15:24:00,2018-05-10 12:59:56,2018-05-16 00:00:00
9f2b23380dcf7e8f6984dbbf19bb3e3f,753bc7d1b2d50787c5b275751d89dc52,delivered,2018-03-01 15:13:05,2018-03-03 02:35:40,2018-03-06 19:04:14,2018-03-16 23:42:45,2018-03-23 00:00:00
3971183c24a8511a1e70df6ba7dd4d7c,daa2f1f018a0e1cd2ced2d84ac489880,delivered,2017-08-01 02:27:28,2017-08-02 11:25:38,2017-08-03 18:17:48,2017-08-08 20:42:25,2017-08-23 00:00:00
7bbc66a921e0671f689e2bb419d3cf09,79bcc2daa707ab5534f2dde14f6491d0,delivered,2018-03-21 11:40:56,2018-03-21 11:55:44,2018-03-22 23:52:49,2018-04-05 20:54:42,2018-04-03 00:00:00
31b0dd6152d2e471443debf037ae171d,031f08a1ebdcfb5e706831bf64de3860,delivered,2016-10-05 12:32:55,2016-10-06 16:03:45,2016-10-10 16:03:46,2016-10-13 16:03:46,2016-11-23 00:00:00
0aa1d9509ae8e0c76c03ad7ba91dc81a,2b25f2ba843e1bae62f28c7f43211a06,delivered,2017-05-12 07:59:02,2017-05-12 08:40:05,2017-05-18 14:30:57,2017-05-25 16:17:53,2017-06-14 00:00:00
55acf4fa9e52530422b78ece74bb0314,c22dbe015ce7e51a767e4085d8920052,delivered,2018-01-21 21:53:07,2018-01-22 14:01:31,2018-01-23 21:36:56,2018-01-26 20:21:21,2018-02-06 00:00:00
67f38c0b9d8a42541af92de7b6a19ea5,46ae9e1a0e2b936715ed2634a524f8ab,delivered,2018-07-27 16:59:35,2018-07-27 17:15:17,2018-07-30 12:17:00,2018-08-01 16:08:40,2018-08-06 00:00:00
f732c55a86efa8dc400f0f4fae25a411,2a65e1ddf149b70a450c12196a47a618,delivered,2018-03-19 14:05:30,2018-03-19 14:29:30,2018-03-23 03:37:40,2018-04-02 19:52:07,2018-03-29 00:00:00
e8d5ac327490a6d1580be779a264c2fb,80c6469c7aec5761a0a4805b335c321b,delivered,2018-04-23 09:02:49,2018-04-24 17:13:21,2018-04-23 23:51:12,2018-04-27 00:21:48,2018-05-11 00:00:00
856f18ac2d008bc9a92673a46c6057ce,8cb9eb84a7f0adedb74b7f26481d16cb,delivered,2018-04-15 18:00:27,2018-04-15 18:15:14,2018-04-17 18:22:47,2018-04-19 18:32:27,2018-05-08 00:00:00
3d58fd1ee438a43f2a826dda6b013519,96c492da7645ca77d09a59b20d415cfe,delivered,2016-10-06 19:33:34,2016-10-07 10:13:16,2016-10-21 16:21:57,2016-10-24 16:21:57,2016-12-06 00:00:00
6ace9f71dee0013cc1f49942b5279b0c,1fba089c83acfa7fea32a1e506c67e83,delivered,2018-01-07 20:14:57,2018-01-07 20:27:33,2018-01-08 16:55:01,2018-01-17 20:22:20,2018-01-31 00:00:00
184dd3c3d6153c3128cf53c3f7c9d60c,343b8c8b992d017783971ceb4db3ebd2,delivered,2017-12-26 09:52:49,2017-12-26 10:06:25,2017-12-28 20:30:57,2018-01-09 12:48:53,2018-01-29 00:00:00
ef3defd6c98b9391dfe8737b97117d5c,c0234f74bd744235391ab8de98f0082c,delivered,2018-04-19 22:37:35,2018-04-19 22:53:59,2018-04-20 19:34:46,2018-04-27 19:28:32,2018-05-10 00:00:00
9da51871b26e9f5356a2544f6540f900,267291cbcb846193728b5c986fc7d703,delivered,2018-07-23 22:37:15,2018-07-24 10:31:29,2018-07-25 14:54:00,2018-07-26 18:33:26,2018-07-31 00:00:00
53c9a0d2bf333276fee812b2f2bcec0a,837d399baf16c7a8a2f649ee733d6426,delivered,2017-04-26 00:35:34,2017-04-27 13:05:31,2017-05-03 08:38:38,2017-05-08 11:40:30,2017-05-30 00:00:00
f66e22fa5ae59f9dbf674b28f1c8d318,d0c3b7ad240bf5b2ee00789b21f63988,delivered,2017-07-17 21:36:36,2017-07-18 06:15:19,2017-07-18 13:28:24,2017-07-26 10:26:43,2017-08-08 00:00:00
a6bd51bccacef7aef150dd6a39f26e42,deb583878352e3b5b9c62e20dde612c5,delivered,2018-06-12 21:34:25,2018-06-12 22:01:44,2018-06-13 09:28:00,2018-06-21 17:46:39,2018-07-13 00:00:00
a080255684c6772ec5153e1b847c9240,7dab36b82e07d989f8baffeded52c492,delivered,2018-08-12 22:57:03,2018-08-12 23:15:15,2018-08-13 10:40:00,2018-08-20 19:08:25,2018-09-25 00:00:00
bb9fd560a08ca7403789dedaca85da14,fa56d5dbed23c641e19a12b6d7392833,delivered,2016-10-04 21:25:32,2016-10-06 15:46:29,2016-10-27 19:02:09,2016-11-05 11:04:57,2016-11-28 00:00:00
0b84f3f6163172e6ede5bbd0b5b98394,1bc8d7df252ed7ef6595a0323345ddac,delivered,2018-08-15 23:04:04,2018-08-15 23:15:19,2018-08-17 13:27:00,2018-08-24 20:58:36,2018-08-30 00:00:00
5f153c3049d1a1a368e43348928a8047,59949cb209923e327fb460e6e4854eda,delivered,2018-05-11 17:09:38,2018-05-11 18:06:55,2018-05-16 14:23:00,2018-05-24 12:48:41,2018-06-06 00:00:00
1a0da2935bfb1baa0def0327be1a7563,5d9b63267a7c9e53f6cabd2a9a0bb708,delivered,2017-11-24 16:32:06,2017-11-25 03:52:48,2017-11-27 17:22:05,2017-12-20 01:19:12,2017-12-26 00:00:00
24a79b2260e2a5084dfe1a16ce5e6b3a,3b7c59a784c27bda46a00b51d1b2613b,delivered,2017-10-03 12:24:25,2017-10-03 12:49:35,2017-10-04 16:13:04,2017-10-11 12:49:04,2017-10-19 00:00:00
82d395c41e63ecd1c43692400e172f93,af5e52338019c5319e864fbf211c6554,delivered,2017-04-01 19:53:54,2017-04-02 20:03:14,2017-04-05 12:56:38,2017-04-17 07:04:00,2017-05-09 00:00:00
7fce12aba835839d28dd66327905bc60,25fd864d5b0b7ccfdc137490a3586cb6,delivered,2017-04-24 20:45:32,2017-04-24 20:55:16,2017-04-26 07:26:16,2017-05-12 11:27:13,2017-05-18 00:00:00
63f040d4a7b09c928627e309f6c17552,e313546dbba6949c750c058d3ee6a7db,delivered,2018-06-07 13:19:51,2018-06-07 13:39:01,2018-06-13 13:41:00,2018-06-25 13:03:07,2018-07-20 00:00:00
0b3aeaf1fb363edeaf5062df39515084,95f3b1905c7702b401a038234fdb722c,delivered,2017-03-23 17:41:45,2017-03-24 06:35:32,2017-03-24 15:05:00,2017-04-17 12:36:59,2017-04-27 00:00:00
706a381b79e44be10223ef1a12a71d8f,ea1a7e568d29b9c22eb2c99be8c93243,delivered,2017-12-04 21:26:17,2017-12-05 10:30:56,2017-12-05 23:34:53,2017-12-28 20:45:19,2018-01-02 00:00:00
f2c1fe3c326767f9d341cb347f30ea1f,daa07f7d9d5228fd3e95f67460c1111c,delivered,2017-10-07 22:33:08,2017-10-07 22:49:13,2017-10-11 22:27:36,2017-10-18 17:55:29,2017-11-06 00:00:00
e80af3d621fbc7add2b8a64511f1012b,f6a795133cf03ddb8785bae6a82825ed,delivered,2018-06-05 16:34:56,2018-06-06 16:34:31,2018-06-07 12:01:00,2018-06-13 19:56:22,2018-07-11 00:00:00
191fad9a46d531249b20f63ff199efe2,8890d07ab4c442d0dc26624f6b4b9d08,delivered,2018-07-05 00:46:29,2018-07-05 16:33:12,2018-07-05 15:19:00,2018-07-09 19:40:54,2018-07-27 00:00:00
f3f6800d0fe47e0c400a1ea6330ff68a,56dc5cd1f1139873dd8df0c85489ef2c,delivered,2017-12-15 10:34:26,2017-12-16 02:33:23,2017-12-18 17:38:59,2017-12-27 21:38:42,2018-01-18 00:00:00
b0825b6fea4f0e1e60bacfdc2a4d88ab,9ce91004696bebf1883c57d74ecce489,delivered,2018-06-21 17:44:36,2018-06-22 03:17:22,2018-06-22 14:58:00,2018-07-04 17:26:41,2018-07-20 00:00:00
cc28b66895e0f6bfd7050ab5bc7b39bd,a2ea4194defe74e061e09d5edae0f67f,delivered,2018-06-15 20:46:53,2018-06-15 21:22:52,2018-06-18 12:06:00,2018-06-22 17:44:53,2018-07-17 00:00:00
c5d41b216e4b42500c5da2be17a74065,9fbabbe4238be3f2033ededc2d212b6d,delivered,2018-05-21 21:42:42,2018-05-23 12:54:35,2018-05-24 14:22:00,2018-05-28 16:41:56,2018-06-11 00:00:00
56cb6b46e4f5912e168d6b1394525ce5,697e36f0c22d214ee7e86f2b8e017988,delivered,2018-04-24 22:43:28,2018-04-24 22:55:25,2018-04-26 14:25:00,2018-05-12 00:58:55,2018-05-14 00:00:00
09c681e9069e20d7f2ecd587151f1b88,4ccadb3017d7e9ee8ba9523f00e6759c,delivered,2017-11-29 18:12:11,2017-11-29 18:37:14,2017-12-07 18:09:40,2017-12-20 17:32:38,2017-12-26 00:00:00
8a6b47967a3590fb66d3b0a503b7e155,bccfe06250055c135abf6de08a1b64f4,delivered,2018-07-24 13:07:51,2018-07-24 13:44:29,2018-07-25 14:19:00,2018-07-26 14:08:47,2018-08-02 00:00:00
a3ab1f6066a1d294342241bbe29e363a,f8ab509b172a033201a75cade2f4f727,delivered,2018-05-16 13:50:24,2018-05-16 15:18:00,2018-05-21 15:42:00,2018-05-23 18:40:51,2018-06-01 00:00:00
0749bdde40245b5fb3b375dadfd4ebe3,9425138786a500f53870c673b2000da1,delivered,2018-02-20 21:32:10,2018-02-20 22:07:59,2018-02-23 16:46:35,2018-03-07 19:42:26,2018-03-15 00:00:00
c8e75378d45ac6daae73b7ff2d236798,ff99ec31eacd560b39d8ac9bc9b3e79d,delivered,2018-07-04 16:57:26,2018-07-05 16:10:05,2018-07-05 14:58:00,2018-07-06 15:22:02,2018-07-17 00:00:00
24ee049b7819170224ee7e5eca0494e9,ada0f066567ebdf46d1aad320bd0d73e,delivered,2017-03-26 13:05:55,2017-03-26 13:15:15,2017-03-28 09:42:45,2017-04-03 13:50:06,2017-04-13 00:00:00
81101f8021e6efa35db428bbaf886a29,2c40654c7a98cad6b17035355c1bcb2e,delivered,2017-06-12 19:12:17,2017-06-12 19:25:21,2017-06-14 13:53:35,2017-07-17 15:56:03,2017-07-03 00:00:00
8c2ce23c23c5fb37140ee0a5462e4e53,9b17b89440b919ae4bc6faee3c8058bc,delivered,2017-05-09 15:19:43,2017-05-09 15:30:23,2017-05-10 14:24:57,2017-05-26 00:23:29,2017-06-02 00:00:00
913a3be1eecf771ac6f66727e2b9f312,ecd28b43cc8187e1af32bf036e6e106d,delivered,2017-12-15 00:48:27,2017-12-15 00:56:26,2017-12-18 20:42:27,2017-12-26 15:52:06,2018-01-23 00:00:00
b19c9babb9e3821296dbd532f9adb5e9,e122fa5dc2e0a22f12e3fa48cfa64116,delivered,2017-11-22 14:08:59,2017-11-22 14:27:26,2017-11-29 20:46:52,2017-12-08 22:23:29,2017-12-22 00:00:00
d418f98c27bf805b915d01108230ea55,01c013b2259ff571bb7481d62fd96e67,delivered,2018-03-06 18:31:06,2018-03-08 02:15:31,2018-03-08 20:17:19,2018-03-23 01:13:08,2018-03-26 00:00:00
2e5f5fa378d4e95d6db046bb596c4ae9,e241023b29074811fa57bab971ed051b,delivered,2017-03-31 12:40:42,2017-03-31 13:05:22,2017-04-01 06:26:58,2017-04-07 17:05:39,2017-05-09 00:00:00
5daa05e23e3d4dc6b95c1fa49dbfab7f,acb3946dc3dbc302f2cced7d3fabd2df,delivered,2018-06-04 09:50:31,2018-06-04 10:50:57,2018-06-05 14:24:00,2018-06-13 10:22:44,2018-06-28 00:00:00
ed8e9faf1b75f43ee027103957135663,14fcb7be0e0a5868f190e1cda895d6fa,delivered,2017-11-29 15:10:14,2017-12-01 11:31:53,2017-12-04 19:48:46,2018-05-21 18:22:18,2017-12-19 00:00:00
bfb1a4b760e9c724cd7e14be83b61b54,b9736d05df2bbda10cacc254733cf9cd,delivered,2018-05-20 20:24:03,2018-05-21 21:54:11,2018-05-22 14:28:00,2018-06-09 12:16:28,2018-06-14 00:00:00
746e0019b6fc6170534f81e45e8d55ec,d5485a1a47978e2963a3479a5bef5155,delivered,2018-04-22 22:48:12,2018-04-24 18:30:09,2018-04-24 01:06:34,2018-04-24 17:06:38,2018-05-10 00:00:00
49a898ddad77a56cfcf158749854222f,44f04a8bab3d0c656a642c2eed0dca5b,delivered,2017-07-25 12:29:36,2017-07-25 12:45:19,2017-07-26 11:21:42,2017-08-01 16:06:53,2017-08-23 00:00:00
d3dd1ce5e559c62090b7056d7ce0ff0c,b556512c00e55381701d6ecef49852c1,delivered,2017-12-13 01:25:01,2017-12-13 01:36:24,2017-12-14 00:33:08,2017-12-16 12:27:47,2018-01-08 00:00:00
9b667954862fd67b43075ae4861454af,553ebb0d7bef0d8be08b4bcd9c3a679b,delivered,2017-10-27 20:52:38,2017-10-28 03:06:23,2017-10-31 21:43:33,2017-11-08 23:26:27,2017-11-21 00:00:00
28f729f6f9703fdfc79ea4bf54d4f61a,8c8415d8edb6384e13520e1a895e22f6,delivered,2017-05-11 18:46:35,2017-05-11 19:02:07,2017-05-12 13:19:39,2017-05-22 14:57:50,2017-06-06 00:00:00
a49bb03badf724e5180699f77387a444,691baba358611db5368f5441c8975113,delivered,2017-05-05 12:35:47,2017-05-06 02:15:59,2017-05-17 14:02:08,2017-05-25 15:42:10,2017-06-09 00:00:00
80e9acbfd99b46609bded7263945fe15,9472d282b4d8b3cf62bbc7933b2215ba,delivered,2017-01-28 12:20:43,2017-01-28 12:30:31,2017-01-31 06:43:58,2017-02-09 10:03:20,2017-03-17 00:00:00
71a245e8b9ca85f13012c1931e91f1f4,9ee92db26a39b7ca9579756ac1bcec81,delivered,2017-06-20 12:29:53,2017-06-20 13:32:36,2017-06-22 16:31:31,2017-06-28 14:57:43,2017-07-12 00:00:00
a739fcccb40864a2f8519586218b25a4,67b3defb24f008787b9dcc8713c2abf1,delivered,2018-04-23 12:46:49,2018-04-24 17:34:58,2018-04-24 22:28:55,2018-05-11 17:56:49,2018-05-25 00:00:00
6c0c4ed997d520a3b737650e43c8e042,e8c2884e61a7c098543e33fcc3ba4be2,unavailable,2017-03-04 23:45:25,2017-03-06 01:05:32,,,2017-03-29 00:00:00
2c7fb42aff5feaa5cbbab17158eafda4,d77424b83cb49f6905db2e0679c55353,delivered,2018-05-17 20:06:23,2018-05-18 01:57:18,2018-05-18 14:09:00,2018-05-21 23:04:19,2018-05-30 00:00:00
4328f885375acef4b6fc70a1d39b429c,54dee92b2116939d66ffbca86bdba777,delivered,2018-02-27 15:11:30,2018-02-27 15:29:43,2018-03-02 16:52:48,2018-04-04 17:39:26,2018-03-23 00:00:00
e05ff0b1f94aa4420894333587a2ff1b,1160a851f085cd83176e0e32dcbe2687,delivered,2018-02-24 18:25:25,2018-02-24 18:47:21,2018-02-27 17:48:57,2018-03-16 18:19:37,2018-03-27 00:00:00
ab98ae53ea3aa5c0c205452e32cc099b,f959348f343a0d3093d076e19e59d214,delivered,2017-07-03 13:27:52,2017-07-03 13:35:16,2017-07-05 15:49:32,2017-07-21 00:34:00,2017-07-25 00:00:00
2faf6894dfaf3faace515f0a830d69b4,19e3f061b5d200ed3c38d54372896e48,delivered,2017-07-17 07:28:22,2017-07-18 05:50:20,2017-07-24 19:06:40,2017-07-28 18:55:44,2017-08-16 00:00:00
58ee11026c2fdda6ff738c392cc5fb00,4aede30e7fba0851ea1d42c960892843,delivered,2017-08-01 14:51:29,2017-08-03 03:04:56,2017-08-03 15:26:08,2017-08-10 18:05:05,2017-08-23 00:00:00
6ed234c648ccdf0be691d96c9aecbd34,0435f56ca2461ef676149d29d9f0b5d4,delivered,2018-01-31 16:10:02,2018-02-01 16:15:09,2018-02-06 22:22:13,2018-02-09 18:19:51,2018-02-16 00:00:00
cabe719436d999cfa9182269a11a1308,1012e503144b12e7325f122c7b42c7c4,delivered,2017-06-11 12:06:08,2017-06-11 12:15:47,2017-06-14 17:22:09,2017-06-21 17:33:18,2017-07-17 00:00:00
e63535549952058863a162a6c807e0d6,040e8bf7215dd067e3be59eebc2dd6b4,delivered,2017-12-19 17:14:05,2017-12-21 02:12:39,2017-12-21 22:19:09,2018-01-05 21:27:05,2018-01-24 00:00:00
e02d97dcec0827bc0ac1ed539b48e546,1f7a22279c8d2dcb4819098ba596d3f8,delivered,2018-08-07 11:03:50,2018-08-07 11:15:14,2018-08-07 14:15:00,2018-08-10 21:32:06,2018-08-14 00:00:00
1af76094e8921f4fe77e6ccc5878f313,1964cbc4f686c7de6ced7a1e10479987,delivered,2018-02-15 16:08:06,2018-02-15 16:46:38,2018-02-19 14:28:55,2018-02-20 15:03:57,2018-03-01 00:00:00
d5a6117da9e539f1a08e0443644788ff,75d1ae5c2bcbc14de4a8ec95bfc28dfa,delivered,2018-06-29 21:53:40,2018-06-29 22:10:14,2018-07-03 05:48:00,2018-07-05 22:24:28,2018-07-20 00:00:00
72cd8348e9ca7da3caf7a2c3f09ec40f,d47045b724e2376fcd8fb1835e472cf4,delivered,2017-08-07 19:54:40,2017-08-07 20:25:19,2017-08-10 14:52:09,2017-08-28 13:59:46,2017-08-29 00:00:00
b6e916862e541946569d34420c6e9145,90aa1e76707ec7f4fc26e743c1fd6e58,delivered,2017-10-11 10:16:40,2017-10-12 02:28:45,2017-10-16 23:32:13,2017-10-25 19:56:04,2017-11-08 00:00:00
6a5c18ff38627e8e7fd671b499d01426,d62f56ddbccf183f9f19d63305ffa866,delivered,2017-05-24 11:15:13,2017-05-24 11:30:11,2017-05-25 09:59:24,2017-06-01 17:15:46,2017-06-16 00:00:00
529bc1df87311518b0facbd66aa23964,3642fb7925baaf636f8adbfa18653889,delivered,2017-07-03 18:52:05,2017-07-03 19:04:01,2017-07-04 16:05:09,2017-07-11 19:51:56,2017-07-25 00:00:00
567711f5024cc71158bb84f67b82aac0,9a4334a8508329317393b7e5b4556555,delivered,2017-08-08 16:36:40,2017-08-09 07:10:20,2017-08-25 21:52:39,2017-08-31 19:52:54,2017-09-04 00:00:00
e4754a75cdbb41cca731528ea407e626,3f7b1dbada6110b581bd17c7069b4876,delivered,2017-11-10 20:48:42,2017-11-14 03:55:21,2017-11-14 16:48:37,2017-11-25 12:17:02,2017-12-07 00:00:00
417abe2ef3ebf13d2ce7606ebadbf834,477a484310a6e08c81b441229fa2c0fa,delivered,2017-11-26 22:59:43,2017-11-26 23:13:14,2017-11-27 23:08:53,2017-12-03 12:43:34,2017-12-11 00:00:00
63dba135b96cf8bb30f38a43bc02eae9,b4b65d711eb28e9b20f7ecbf040c384b,delivered,2017-04-24 23:09:44,2017-04-24 23:22:28,2017-04-28 08:33:34,2017-05-10 20:58:02,2017-06-02 00:00:00
31fca6f177220b53db96805f70b9fe3f,45fe2252085862b525531b84784925ba,delivered,2017-12-21 18:20:28,2017-12-21 22:16:26,2017-12-22 18:37:38,2018-01-03 17:37:05,2018-01-19 00:00:00
d6235477014458ade86158040370fca8,85f4e1a23fa6be40331706e9eebbdaa1,delivered,2018-03-03 23:35:15,2018-03-03 23:48:22,2018-03-07 02:14:30,2018-03-16 23:12:57,2018-03-16 00:00:00
465ea0b7e27f7e09d3667cb42f5d8648,f6d214193841390197663b8dec793597,delivered,2018-07-03 18:15:56,2018-07-05 16:40:13,2018-07-10 15:10:00,2018-07-11 20:27:29,2018-07-19 00:00:00
cd74a91dd30cefd81bb6fc1eeb749473,7963b68b8cafe62ed0f95b3feee17423,delivered,2018-04-13 19:30:04,2018-04-13 19:50:58,2018-04-18 19:11:51,2018-04-24 18:25:59,2018-05-04 00:00:00
d75c3e13ca11e2e4e4a534f5533adba8,5592cab4ee97450814ad8a0a6bcc79d2,delivered,2018-02-01 13:59:49,2018-02-01 14:15:13,2018-02-02 16:27:13,2018-02-15 15:45:05,2018-02-23 00:00:00
8f2fade43847d13f64fb7b7a0667e03f,ba4e75e162e931175dd3bfa70e4eaa08,processing,2017-12-23 14:20:57,2017-12-23 14:32:24,,,2018-01-30 00:00:00
9ef657cb5874904c5d3a1a46faeefd7d,bf4f419c2751b868c3d52a4d4bba20a7,delivered,2018-03-08 09:25:06,2018-03-08 09:48:44,2018-03-08 21:17:35,2018-03-09 21:48:46,2018-03-20 00:00:00
6d28c55560d42abc3d1b0070a87151e6,1539376b01ad1ce07852ae63ecabc919,delivered,2018-04-27 00:28:31,2018-04-28 02:51:51,2018-04-30 14:44:00,2018-05-04 17:32:56,2018-05-18 00:00:00
81592016a877513bc82acdf4a27dd987,c9e7574711d3c581d3f8acb0f5f116a1,delivered,2018-06-22 08:15:13,2018-06-22 08:35:29,2018-06-25 08:59:00,2018-06-27 13:46:39,2018-07-05 00:00:00
950bb159eea525ff8947b92c93b02f8e,ff299a256be6affac0ae1207c1b4a9b8,delivered,2017-09-10 01:23:58,2017-09-12 04:55:08,2017-09-21 23:03:22,2017-09-23 17:09:13,2017-09-27 00:00:00
fb38f809a5084e2ad016d4ed46d60780,03b55ad524882ea886665ce748ad0c0f,delivered,2018-03-19 21:12:06,2018-03-19 21:28:39,2018-03-21 18:49:48,2018-03-22 20:22:11,2018-04-13 00:00:00
543dbae182bd4940d1db691141165e0a,e12a48d77b46d7e64fd1480133932637,delivered,2018-02-20 15:41:09,2018-02-20 15:50:30,2018-02-26 20:17:16,2018-02-27 19:42:14,2018-03-06 00:00:00
9642b13c114c03323a92dfa7aba902d7,72ad0ff129d7624c23294c857689020c,delivered,2018-01-16 11:53:18,2018-01-16 12:16:22,2018-01-17 15:53:14,2018-01-31 09:41:25,2018-02-07 00:00:00
90f6194c9f26e2f8d1f955c7bf4c5f5b,f55f4c4973760ee7f6e170381f993729,delivered,2017-08-21 18:42:30,2017-08-21 18:55:14,2017-08-22 12:40:00,2017-08-25 19:58:05,2017-09-11 00:00:00
fa15822d98611a4ab8e33249b788ca7d,a6084fc44d5a09f247a4a2f1d49f6f58,delivered,2017-07-20 17:32:31,2017-07-20 17:45:20,2017-07-24 20:47:43,2017-07-30 12:42:02,2017-08-11 00:00:00
94aa3ae1cb5c1c152c6cc757b68bb659,e117eacf032d0011156eea7df55e6b2c,unavailable,2017-09-26 15:31:52,2017-09-27 02:49:17,,,2017-10-26 00:00:00
40a5bd91abf23d336d1f3584101d860d,2d00abc66dd2095a9e9875724bf05868,delivered,2018-03-12 09:58:01,2018-03-12 11:00:32,2018-03-13 17:47:42,2018-03-26 18:51:57,2018-04-09 00:00:00
68415d57efd64c95acde8ec7720ebbe2,3d9185d4067959a7698dd058212314a1,delivered,2018-03-10 13:49:08,2018-03-10 14:08:37,2018-03-12 16:08:44,2018-04-03 23:57:24,2018-04-09 00:00:00
453887e7d1a2fbd4beda6f9dbeaf1b4d,206b95f269e82fedad69fbed4cc0702b,delivered,2017-09-07 18:05:42,2017-09-07 18:23:24,2017-09-13 20:36:34,2017-09-18 16:38:06,2017-09-29 00:00:00
d831255ebb12ef3a8d6dddb6fb54b5c8,61e37cd4d08ef3e66a5101b5545aadf4,delivered,2018-08-16 17:12:33,2018-08-17 03:31:48,2018-08-17 13:53:00,2018-08-28 13:38:49,2018-09-18 00:00:00
0c5a7b3c5703837ef40113972224a978,0b625a2816bc92763dff9538ee30414a,delivered,2018-03-30 20:06:55,2018-03-30 20:27:19,2018-04-02 22:43:00,2018-04-04 00:56:33,2018-04-12 00:00:00
ce82f937c1c716589386a8d4d0cb6747,7349346f299c03c2d2f3e13a2d1f8944,delivered,2018-07-23 14:29:11,2018-07-28 23:31:03,2018-07-24 13:19:00,2018-08-02 18:20:22,2018-08-13 00:00:00
5cd95f0cc60ce2902bb618921d212463,3ff1fd17fdf072b568d67bbb73859d31,delivered,2017-08-12 16:30:37,2017-08-12 16:45:12,2017-08-14 19:08:01,2017-08-15 17:26:27,2017-08-25 00:00:00
078095c153e500cfcdd068f00b8d2e98,fa40ca124c4f1de21f3a5b4aab3819ce,delivered,2017-08-24 11:36:36,2017-08-24 11:50:18,2017-08-29 15:49:14,2017-09-05 17:38:06,2017-09-20 00:00:00
22e3e9f45e1ed459c57f99675f92a1ac,603273481be95d9d344985aa3322f7cd,delivered,2018-01-15 10:33:41,2018-01-15 11:30:27,2018-01-15 21:43:14,2018-01-29 20:36:48,2018-02-09 00:00:00
cf954e7391c1981cc9090267aec67ee9,72601f9936d6de055e5e2c1287c6d2f4,delivered,2018-04-19 08:26:03,2018-04-19 08:35:11,2018-04-27 12:30:00,2018-05-09 21:41:20,2018-05-09 00:00:00
229d2824e311bf2592b6b7ce32af04a8,6d257eb6ad859a44e9f7815a121cc9e7,delivered,2018-04-23 12:12:24,2018-04-24 17:22:49,2018-04-24 18:38:47,2018-05-10 20:36:02,2018-05-28 00:00:00
dc8ffb2856b34d44541032dff3d0eb5c,e978df5aa1ae62d8844d55cfff14c2d6,delivered,2017-11-24 13:14:18,2017-11-24 15:52:46,2017-11-29 20:52:26,2017-12-04 23:07:48,2017-12-18 00:00:00
9731600489418b72d2c8c1c914fbf05b,104c96b728444d3f6ab91732fe20ff61,delivered,2018-01-17 17:43:33,2018-01-17 17:52:21,2018-01-19 16:58:51,2018-01-27 14:38:58,2018-02-01 00:00:00
85ba2d8c74a7f713dedef40f2d926fd1,e8226f36b6f33382a5da4abc7392d629,delivered,2018-07-25 13:04:29,2018-07-25 13:15:16,2018-07-25 15:19:00,2018-07-30 22:33:06,2018-08-09 00:00:00
7b1dc739a78d04563a4fd62f5a6b454f,b6d43bdf1d5537d9a1d9011e8044eac6,delivered,2018-01-03 19:46:53,2018-01-03 19:52:23,2018-01-05 11:43:15,2018-01-09 17:14:07,2018-02-01 00:00:00
d1317386b0c2c4396a15bc89ec59b04c,c754052065714c0e304de22a0e5b7749,delivered,2017-10-17 12:06:23,2017-10-19 02:49:44,2017-10-20 17:10:02,2017-10-25 22:12:37,2017-11-03 00:00:00
0108c64ec135e4a7a75e9b5102af9bfa,6ce3934a71cf3aa6ff51b5298ed06d9e,delivered,2018-01-29 08:26:22,2018-01-30 05:31:38,2018-02-01 12:56:50,2018-02-22 18:17:08,2018-02-26 00:00:00
7c1336779536fdd545a35df012e0ed5e,f560ee44b1e7d019ae15e4c4ed624d22,delivered,2018-07-17 15:03:18,2018-07-17 15:15:13,2018-07-19 14:56:00,2018-07-23 21:39:36,2018-08-02 00:00:00
5ff6b97d147ddae53ab72fcabecf8103,aed30fc350a9f6480062310fc0fc08e9,delivered,2017-11-30 15:54:05,2017-11-30 16:02:19,2017-12-04 18:22:10,2017-12-07 21:06:40,2017-12-22 00:00:00
8a32f78d59c6aec1ebdfaf5788bc84b1,bd4afd3a9f1b50e574d0e5aac2f42d3b,delivered,2018-01-23 15:03:03,2018-01-24 02:35:46,2018-01-24 23:28:39,2018-01-30 20:29:12,2018-02-20 00:00:00
852ea7126685eecadb2903ab2dea67ef,f4e35567dd4a7698f0dc5607f1f065ab,delivered,2018-01-08 17:38:00,2018-01-08 17:49:14,2018-02-09 13:04:03,2018-02-28 16:55:48,2018-03-16 00:00:00
882cc2d9218a566e31934f8d5dceb1fd,cf5186e095b1b6a663be940b4b4e6ed2,delivered,2018-02-01 10:28:21,2018-02-01 10:52:02,2018-02-05 17:27:04,2018-02-15 17:31:09,2018-03-01 00:00:00
fc118fb67a906addaa99d4d64598038b,3d201fb02c951d1b0abee458b8845810,delivered,2018-03-22 20:57:55,2018-03-22 21:10:34,2018-03-26 22:38:54,2018-04-09 20:48:43,2018-04-12 00:00:00
631d1fbe8db293dd7ad93b6cdae940f6,1504df6da856dcc3095690ef54313868,delivered,2018-04-05 16:01:23,2018-04-05 16:11:01,2018-04-07 01:22:15,2018-04-19 16:34:42,2018-05-08 00:00:00
b5b45b75641df9adb6a1a1609bcb77f9,f06e94172dbe350cdf8729a64ad2565f,delivered,2018-07-31 10:47:08,2018-08-01 04:35:20,2018-08-02 11:36:00,2018-08-15 18:58:55,2018-08-15 00:00:00
c5989f8c23c011b7b23df896a51fa92d,d69049b6e88258a24347911b615f141d,delivered,2018-06-28 20:58:55,2018-06-28 22:01:13,2018-06-29 12:07:00,2018-07-13 00:08:42,2018-07-25 00:00:00
c5ee9eb8e2d188b9972722e4d5300390,529736390504d71a832316e5a2c621df,delivered,2017-12-14 19:35:35,2017-12-14 19:43:24,2017-12-15 17:57:09,2017-12-21 23:27:10,2018-01-10 00:00:00
0707e2f91c707859b79e711d852150c8,09d1bc53f084c9c2a597d1a7d6329ecb,delivered,2017-03-24 00:40:13,2017-03-28 03:55:23,2017-04-06 14:50:54,2017-04-13 23:44:52,2017-04-19 00:00:00
abc8ac6610c6497964008b940aa99342,2b564a5a4f56272bcfdb62000446f35f,delivered,2017-05-25 10:21:49,2017-05-25 10:30:24,2017-05-26 12:53:30,2017-06-02 12:32:19,2017-06-23 00:00:00
1347a24fc320c48fcaf6ed2bed66ee30,0205715514ce31607e0438aa7421f189,delivered,2018-06-28 23:30:32,2018-06-28 23:50:55,2018-07-04 09:13:00,2018-07-09 18:56:51,2018-07-24 00:00:00
24704829c5d1485dea2f9f4c28356b9e,38ce12876088bff0ac800165af832d36,delivered,2018-07-19 18:54:57,2018-07-19 19:05:16,2018-07-23 15:35:00,2018-07-27 21:16:35,2018-08-10 00:00:00
a7e51dc801d3f66371a8896d54d04004,6384399c57d1a00e1de8a4d66df1fc92,delivered,2018-01-21 16:31:04,2018-01-22 13:53:41,2018-01-23 22:38:53,2018-01-27 18:05:05,2018-02-07 00:00:00
2c797872f1e3a01d1594281f5f3b7762,df19927e6e168f3638e5b9a638af7462,delivered,2017-04-29 02:20:37,2017-04-30 02:30:08,2017-05-02 13:24:02,2017-05-10 08:40:14,2017-05-23 00:00:00
0b82d0616f1ad8da15cf967b984b4004,986632b40c38f4240caf8608cb01d40d,delivered,2018-08-03 21:35:53,2018-08-04 04:25:14,2018-08-08 14:26:00,2018-08-09 21:42:08,2018-08-10 00:00:00
5ceeb4a88fc37f44a87467ff7d05d23a,df1d52ea9544f86e156f183dff5a226e,delivered,2018-03-03 18:57:38,2018-03-03 19:08:58,2018-03-07 20:33:14,2018-03-27 23:07:43,2018-04-02 00:00:00
693675b8c01ce4f45378b230cc1d15b9,53a5f51bfd61224352810a4b5d33edae,delivered,2017-08-16 21:45:43,2017-08-16 23:25:41,2017-08-17 17:13:09,2017-08-25 19:17:29,2017-09-08 00:00:00
94f6265a57323f7ddf9795f2d46a50e8,14f1a2e0bb22b05c7a7666a195c2faa7,delivered,2018-01-09 12:35:42,2018-01-10 10:32:32,2018-01-10 18:12:45,2018-01-25 15:35:44,2018-02-09 00:00:00
01da5549f136167573c8a302f008557a,c6905c5022f61e99e31ded5f939e702b,delivered,2018-04-08 17:01:55,2018-04-10 03:55:21,2018-04-10 23:34:32,2018-04-17 22:44:37,2018-05-07 00:00:00
ba67c6b69ba40e05d03595b0b0730437,4194848ead37f7778bef2a42bcaa4f8e,delivered,2017-11-24 11:05:48,2017-11-24 13:13:17,2017-11-29 22:38:55,2017-12-26 18:59:06,2017-12-19 00:00:00
52a96c4082dfe660d01acfdc740c4f61,6dbc1688502d1c05c3022748d524d8e0,delivered,2018-04-24 01:00:28,2018-04-24 18:11:13,2018-04-24 17:51:06,2018-05-09 20:56:37,2018-05-23 00:00:00
91fb016286a84fa7006aa6033499914b,8168eb2d364979841e0133f256eee535,delivered,2018-08-01 17:19:21,2018-08-01 17:30:19,2018-08-02 12:20:00,2018-08-22 15:51:21,2018-09-13 00:00:00
0d7fa46a537318ea56d17071cd6dff66,89c1908fb6778e5180eed81f21f042e5,delivered,2017-09-21 10:41:55,2017-09-22 04:05:12,2017-09-25 19:43:33,2017-09-28 19:38:08,2017-10-16 00:00:00
eebc0f233f0318fb0523e33ab07e2e36,4aa821f5896619516a18776c7df1c143,delivered,2017-11-13 16:27:18,2017-11-13 17:08:42,2017-11-16 13:19:06,2017-11-28 19:54:43,2017-12-05 00:00:00
ff1a5ab32e4131d647fa856bee2d4ff5,cabbefcde0d172ce74bc7fd88aea6664,delivered,2018-03-15 16:38:43,2018-03-15 16:50:44,2018-03-20 13:47:19,2018-04-22 18:19:49,2018-04-10 00:00:00
73fa7b2ad233f0cf7283b818df0a067e,b063ddb82cfde9835547fa94eb209c82,delivered,2017-04-27 13:41:28,2017-04-27 13:50:20,2017-05-02 16:33:26,2017-05-08 10:45:39,2017-05-29 00:00:00
810190f42a178c26e28a932e70533d32,04a4616473f68f368a666ddddfcc9e59,delivered,2018-01-23 11:54:32,2018-01-23 12:18:02,2018-01-24 23:35:40,2018-01-26 18:33:13,2018-02-07 00:00:00
83d918d0715c6c4700e6d841e36f30a0,cce82cf61ff003ab6f98e70e92045614,delivered,2018-05-15 11:26:53,2018-05-16 09:35:18,2018-05-16 14:04:00,2018-06-09 00:06:28,2018-06-07 00:00:00
7ef2e75823b06b05aec1e71f3b2b22fa,2232236611f1458f825a31b9cfbd0997,shipped,2017-09-09 10:35:53,2017-09-10 07:05:15,2017-09-15 22:33:36,,2017-10-04 00:00:00
670a5914a42d04c7cb903febf1303662,7d7197562f016c087c9bfb40e4128672,delivered,2018-05-18 15:45:51,2018-05-19 02:58:45,2018-05-21 15:27:00,2018-06-05 21:30:00,2018-06-06 00:00:00
d77a74efe1dd9a668ec9813f9c3a13c7,29c763ad4cc65acf8f721f394755d05b,delivered,2017-10-08 21:59:58,2017-10-08 22:14:17,2017-10-09 22:14:59,2017-10-16 19:37:44,2017-11-08 00:00:00
02a065131a2d2b72b45e2c63135606ad,1d917604cae5efcfe88ac9a27f8455d8,delivered,2018-04-24 20:08:37,2018-04-26 03:35:19,2018-04-27 14:53:00,2018-05-04 11:16:52,2018-05-18 00:00:00
49096a052563c7c07964cb46f6f4d572,a441c76bdc95aee0610d80ad242f00cc,delivered,2018-08-22 10:51:09,2018-08-22 11:04:36,2018-08-28 13:36:00,2018-08-30 22:16:30,2018-08-30 00:00:00
af76a45a10524549102e010f2bd9d3cd,a44a4a6e7b2c7cc8ae47bcc8bdb3cdd5,delivered,2017-10-23 19:32:01,2017-10-25 02:28:34,2017-11-01 20:27:30,2017-11-06 21:09:40,2017-11-14 00:00:00
8690e66d045afe5a5bd8b559cacd335a,509865be40d14361077df35e35971edc,delivered,2017-11-24 10:20:03,2017-11-24 12:14:31,2017-12-12 22:04:23,2017-12-15 17:14:20,2017-12-13 00:00:00
410bbe52ea797b594e24bf3d7dadf8d4,2c9ca7492802d8e628247622380f17e5,delivered,2018-02-06 20:56:59,2018-02-06 21:11:13,2018-02-21 18:08:45,2018-02-23 22:17:10,2018-03-26 00:00:00
4fd1eaa23a51a767193af5013ae6dbff,bf54200b24fd3f5dab6350f5b0bb1999,delivered,2017-07-25 23:34:45,2017-07-27 11:50:20,2017-07-28 15:08:09,2017-08-04 19:19:48,2017-08-16 00:00:00
ddb980db437e5a69e48989e4f4dab66e,8dd3240312527b0908864e9a69d35722,delivered,2017-10-25 08:43:59,2017-10-25 08:56:24,2017-10-25 20:55:01,2017-11-06 16:51:13,2017-11-16 00:00:00
db4cb930416730b7d23d9a87bc67b497,e59f29432d7235645e652d594ded849b,delivered,2018-02-26 18:41:23,2018-02-26 18:55:29,2018-03-07 22:34:19,2018-03-21 23:52:06,2018-03-26 00:00:00
1ce630b94c04093fbbb40498068f46b0,f6a8283a091af2e766f118cdfa683a99,delivered,2018-03-28 08:59:42,2018-03-30 03:15:45,2018-04-02 16:52:16,2018-04-09 19:02:33,2018-04-26 00:00:00
d8d875126ddbeec8b736ffd7f0b1a4c0,8c78a97fcd0fbb96167dee28dacd58bf,delivered,2018-07-30 20:53:30,2018-07-30 21:40:05,2018-08-01 12:31:00,2018-08-15 00:52:56,2018-08-21 00:00:00
c2ef874559083f9b66c092fe59f382b2,0b1353eb976bcec7ee3c4a354954e055,delivered,2018-05-03 00:19:22,2018-05-03 00:47:11,2018-05-03 15:11:00,2018-05-04 19:22:55,2018-05-18 00:00:00
3b253446924d20b4bb7220dfa7c68149,6e66d1c6c344f7d223bb34a4831c6ecb,delivered,2018-04-01 19:10:56,2018-04-02 19:08:00,2018-04-04 18:06:48,2018-04-12 19:04:11,2018-04-30 00:00:00
9f6bea24fd370c2775d47a3525a4c534,d88f168f45b0a2c1acf6f1bb3bc37e0c,delivered,2018-06-04 15:02:34,2018-06-04 15:15:24,2018-06-25 15:20:00,2018-07-03 21:28:01,2018-07-30 00:00:00
575adb5505ef5b3d5f4bc097777f3c97,1d1df1aa038bf3f77072d3278ff03d86,delivered,2017-12-28 16:58:09,2017-12-29 02:08:23,2018-01-02 19:18:35,2018-01-05 17:10:02,2018-01-24 00:00:00
a13a672c837fcc0a47e85f93f3a8de73,5269830fcb286861dbec4dec7da764c2,delivered,2018-01-27 12:28:23,2018-01-27 12:37:25,2018-01-29 18:44:12,2018-01-31 00:18:52,2018-02-14 00:00:00
3410526e055530279c894ab7542c827f,e1cc911510f96b0129938a5f8bee2fdb,delivered,2018-08-13 21:14:47,2018-08-13 21:25:45,2018-08-16 11:43:00,2018-08-23 19:08:39,2018-09-18 00:00:00
08eb6a0ddc93b1cf16dd629389dc691b,4271157a005679fb4c9005d64055d91f,delivered,2018-03-09 23:10:40,2018-03-09 23:20:31,2018-03-13 20:48:48,2018-03-23 02:24:57,2018-04-03 00:00:00
af533a27d10b603c1d46186437ed4896,7717c618c3c9402f7a090c3848e1f8ed,delivered,2017-04-25 14:36:27,2017-04-25 14:45:16,2017-05-05 09:42:50,2017-05-15 13:46:46,2017-05-16 00:00:00
4310f91feaa68e3b065256b3a4debe75,8b2ad21c897519e83fae6357076e7720,delivered,2017-12-01 11:23:13,2017-12-05 04:13:30,2017-12-06 21:35:53,2017-12-08 16:51:43,2017-12-22 00:00:00
b592237b8cad838d0ff4b33fceb46a01,a01db3d31374817c4f5694fa39498580,delivered,2018-06-29 20:59:10,2018-06-29 21:10:45,2018-07-02 07:17:00,2018-07-05 15:12:51,2018-07-19 00:00:00
da54ad083bc7a0be3d23ddbf932d24a8,badae3d50f5d9776503033061cd21a2c,delivered,2017-09-30 06:32:38,2017-09-30 07:04:27,2017-10-02 16:28:07,2017-10-06 22:46:50,2017-10-24 00:00:00
826781a83e7fab9989e0882180d2adc2,8d8e4f7961914580fefe9e4ccb4df76f,delivered,2018-08-02 23:15:49,2018-08-04 04:05:24,2018-08-06 11:43:00,2018-08-28 23:18:28,2018-08-07 00:00:00
178a25841b0490cf789963c9a98cac1e,65efe371830251eb82424c62661f1ffa,delivered,2018-05-12 13:41:48,2018-05-15 04:35:11,2018-05-15 14:51:00,2018-05-23 14:36:44,2018-06-06 00:00:00
a2e99a88e70a8ad5a4cf5dd2c13aff8f,78cfeec6e3001828529400f0cb18c8cf,delivered,2018-03-08 16:11:27,2018-03-08 16:31:40,2018-03-09 18:28:51,2018-03-27 21:46:59,2018-05-03 00:00:00
2b3ec451746cbc17ebae5c0b8fc74406,51fe34b9ac5cd71384bad7afde1445fe,delivered,2018-01-08 22:24:50,2018-01-08 22:37:28,2018-01-09 16:25:56,2018-01-25 16:34:18,2018-02-09 00:00:00
4625faca20a0183173ecfee87d9f92b7,31ebdb35a5d7d36da53c821fcd112700,delivered,2018-03-09 10:52:18,2018-03-09 11:55:47,2018-03-13 01:03:06,2018-03-29 23:38:42,2018-04-12 00:00:00
0efd6177ac7aab7f85f78796d324b321,f37b7cd28154c2c80457b37f12e06247,delivered,2017-06-15 18:43:48,2017-06-15 18:55:12,2017-06-16 16:12:04,2017-06-22 11:26:02,2017-07-13 00:00:00
d1ee985bf7378b46fd1058b35c8132da,7bd970d498ab2a1515d5d0095bb7cbc1,delivered,2018-08-07 18:18:47,2018-08-09 03:44:53,2018-08-10 17:15:00,2018-08-20 23:36:56,2018-09-20 00:00:00
f1fe1abe0870b0cc06a9c43744964f69,573f6000cfdc9b1471bf5d5cc16b4b4d,delivered,2018-01-14 11:11:48,2018-01-16 03:38:34,2018-01-17 17:28:40,2018-01-22 23:06:17,2018-02-07 00:00:00
32bc13d17332ed4f07e360611c146b87,b8348d16ccd9eaf1b07cd2faeaa12d76,unavailable,2017-11-28 22:54:39,2017-11-28 23:10:57,,,2017-12-20 00:00:00
239bb6bf3c69a8b5a8da5eab92f1444b,35dd70767e04679612adf5506b498142,delivered,2017-10-10 21:38:55,2017-10-10 21:49:33,2017-10-23 14:45:41,2017-10-25 19:23:45,2017-10-30 00:00:00
fe9ff842f65047f5a82c48905a18cc98,f1847e1108766f3e77e212b82d2909e0,delivered,2017-02-01 15:25:47,2017-02-01 15:41:43,2017-02-02 11:47:57,2017-02-06 09:17:50,2017-03-07 00:00:00
2b816c3dd6289435f8cbb71f22f4061f,4382a843aa3bf7571f81732d6262bc41,delivered,2017-08-20 18:59:55,2017-08-20 19:10:18,2017-08-21 18:44:35,2017-08-24 20:47:41,2017-09-20 00:00:00
28e1ea60cba1b06473eba84efa915385,8d34c7573e1923c6d08b3c1adbcae6f7,processing,2017-12-02 20:47:50,2017-12-02 20:57:25,,,2017-12-27 00:00:00
c7740e0a4fdfedf93d82593caadc5640,6a842e6565c1a29ed2d1f486297224ac,delivered,2018-04-10 16:46:48,2018-04-10 16:55:41,2018-04-17 21:32:01,2018-05-03 20:48:48,2018-05-02 00:00:00
f01bca7e8e6bedab1bbcee4ccddca238,eaf8703c9d2a4ca025cab53e61a82ab7,delivered,2017-08-01 09:29:44,2017-08-01 09:45:17,2017-08-01 21:37:25,2017-08-10 20:17:55,2017-08-23 00:00:00
04031be66943a9c385ff683fcc99d288,b9313515b2c2bfce4c61816d2b0b9217,delivered,2017-09-16 02:31:26,2017-09-16 03:04:00,2017-10-16 20:33:21,2017-10-23 17:18:18,2017-10-04 00:00:00
8b9ac5a8d0bb9e3350171b0a7e89cc5e,e919c40f6a9c942c75efe9d5afd724a8,delivered,2017-11-28 15:26:49,2017-11-28 15:38:29,2017-12-01 15:18:51,2017-12-11 16:09:49,2017-12-21 00:00:00
b92777d39afa7f58503ecfdfaf255972,0d381842c7073a0180b7dd55a1bd49c1,delivered,2018-03-25 16:11:10,2018-03-25 16:27:42,2018-03-27 22:52:26,2018-03-28 23:57:22,2018-04-06 00:00:00
08d48caf3c6278c63213deae0000975a,1970ae021f65edd548c338b11bdd98a7,delivered,2017-09-18 10:44:44,2017-09-18 10:55:44,2017-09-19 15:11:58,2017-09-25 11:42:15,2017-10-18 00:00:00
4fded332eaac22d47981cbf6eb6e7eb5,3114436e1d68897b9f70955b6fcd4018,delivered,2017-07-22 15:06:27,2017-07-22 15:15:22,2017-07-26 01:07:48,2017-07-31 22:07:45,2017-08-15 00:00:00
0f2fc60f7acb6782b5490389a5a89c08,1fb677ba61c86efb05836475022c5d98,delivered,2018-07-26 08:55:04,2018-07-26 09:05:11,2018-07-26 13:41:00,2018-08-09 09:03:53,2018-08-15 00:00:00
9d0e743a98942852dc5092952b91b470,4b92257e64f8b355f6bef19fe858a85b,delivered,2018-02-09 19:52:10,2018-02-09 20:07:58,2018-02-14 13:09:29,2018-02-26 17:23:34,2018-03-13 00:00:00
771d515757315655434c93d52615af6d,63acf2ff67f7e843a45a2201eb7bd925,delivered,2017-05-24 22:37:32,2017-05-24 22:45:18,2017-05-25 09:27:11,2017-06-01 13:15:43,2017-06-27 00:00:00
10e080f0e43ef41f43b9ff6da4451835,015b2612205bc9e481b7443591eb08fb,unavailable,2017-03-02 21:27:17,2017-03-02 21:35:21,,,2017-03-28 00:00:00
d1d82aade0787cfad8be29a6afcc6401,84ff0ecfdb0a9d436b5fad4bf784f835,delivered,2017-06-01 17:40:00,2017-06-01 17:55:13,2017-06-02 14:20:06,2017-06-19 14:14:43,2017-06-26 00:00:00
b8d1bd1e3948db524e062b07ae141cc2,b9b635e308a441c0b4719d6969880a59,delivered,2018-06-18 16:25:26,2018-06-18 17:01:30,2018-06-19 13:57:00,2018-06-22 18:26:44,2018-07-11 00:00:00
8a7f0e6d9767d52a05dd48229e24d766,cae42b13efa7b8b3ef6757d1c2aa2d06,delivered,2017-01-25 16:25:03,2017-01-25 16:35:18,2017-01-27 11:50:53,2017-02-02 17:07:20,2017-02-22 00:00:00
1b5c8fc44d61c185e5b3f00b73cc476f,e39ab6a98380f9071aa15938efb05d76,shipped,2018-06-29 15:49:25,2018-06-29 16:11:33,2018-07-02 14:42:00,,2018-08-03 00:00:00
33c951f1c58e9cffbb5d580ba22a7158,c5c2fda0ce0bfc32bcf8f6ccb7f8ec72,delivered,2017-07-24 13:22:13,2017-07-24 13:43:13,2017-07-31 19:37:49,2017-08-07 12:32:21,2017-08-17 00:00:00
5c893bd9b632cb0b5a09b68977c045b6,91dd42c2ca86cf3cf31838dcc106e2ee,delivered,2017-12-15 15:04:09,2017-12-15 15:16:21,2017-12-20 14:43:03,2017-12-29 18:06:14,2018-01-15 00:00:00
d41e788456c003180df7deee0def224e,6689d86d2dd1f71cd6b181e86d866ede,delivered,2017-12-13 00:23:39,2017-12-13 00:33:24,2017-12-14 22:43:21,2018-01-17 11:33:27,2018-01-10 00:00:00
2f0bf599e06ae4fcb639c0acaac2f0ee,0a088a15031cf50f98f92d3e525ec7a3,delivered,2017-03-09 10:24:00,2017-03-09 10:24:00,2017-03-09 10:50:32,2017-03-14 08:17:56,2017-04-04 00:00:00
95247e44ffe87a1402f04c0023650fb4,1b1df3f7ad4fb62fac0fcde671089db8,delivered,2017-07-18 12:01:46,2017-07-18 12:15:15,2017-07-26 21:24:48,2017-07-28 12:33:18,2017-08-17 00:00:00
c9fb7a1e46a9fa7dc0b77b65935cde71,c755d10fe5a60e634531af30e47e8089,delivered,2017-08-20 18:35:41,2017-08-20 18:50:16,2017-08-24 16:05:53,2017-08-28 12:21:02,2017-09-14 00:00:00
f97038209977e4fcbbbb7ca58e55bc1b,b6fb8befdae4a1e9bfc7eed84dd852a5,delivered,2018-03-21 08:43:59,2018-03-21 09:08:16,2018-03-23 00:28:27,2018-03-31 15:36:48,2018-04-09 00:00:00
bc4405c7d2cce1bf68c0227631d2b9d8,352aabc5950671daccf6d97a694a0379,delivered,2018-04-19 14:59:48,2018-04-19 15:11:41,2018-04-21 00:52:22,2018-04-28 14:06:33,2018-05-16 00:00:00
985f418428a2040e904e93491b78c1f1,3448488008d7d108e6293951e93b5d91,delivered,2018-02-20 13:52:36,2018-02-20 14:09:31,2018-02-26 22:43:15,2018-03-07 21:19:44,2018-03-12 00:00:00
ae12d5e31aa2de9ee3d670d70b09e534,2ef2d8073bd9cf0ed98b6bc8291dd18d,delivered,2018-04-27 16:05:43,2018-04-28 16:13:29,2018-05-03 16:51:00,2018-05-07 18:55:08,2018-05-22 00:00:00
f299e3cfbddf9de401e1f1adf33cd788,487ed3b1b98379e4aa9ce58cf75c51be,delivered,2018-02-22 09:03:57,2018-02-23 02:10:42,2018-02-27 05:06:58,2018-03-05 16:25:12,2018-03-22 00:00:00
4a98152d0c65138f9f701c576b24b7b7,79754884aaf13f155f4f64fc180b96a7,delivered,2018-03-20 00:33:02,2018-03-20 00:45:31,2018-03-22 20:52:06,2018-04-08 15:26:28,2018-04-12 00:00:00
24341ac85c8c726efbf9b78eb47982aa,a96c3e3b619af8097f2664ff6af50487,delivered,2018-04-25 23:52:06,2018-04-26 16:15:41,2018-05-04 16:04:00,2018-05-11 21:22:06,2018-05-23 00:00:00
0cc9d4d8d1534bc29d091be67ffabdab,cc0be152b8158ae5ddccacd8efb97076,delivered,2017-04-20 12:25:54,2017-04-20 13:06:07,2017-04-24 14:55:48,2017-05-02 13:34:27,2017-05-19 00:00:00
8732033fb707f8ee6155112c39a727b4,d34dfd38d5a09cfde6f512ed4ecb9600,delivered,2018-04-19 18:50:44,2018-04-19 19:10:58,2018-04-20 20:12:33,2018-05-11 11:13:44,2018-05-18 00:00:00
586beaa2e8ffefdedcba61bfabb0c9d4,2cfd03d5f98b80ec794362fc02d39fe0,delivered,2018-06-25 14:03:27,2018-06-26 05:37:15,2018-06-26 11:39:00,2018-06-27 19:18:40,2018-07-05 00:00:00
b64ab89f127a1163a4412506e5236c50,03b1280fd15563f3814e6b0812638ca1,delivered,2017-09-22 15:21:10,2017-09-26 03:56:16,2017-09-26 20:50:02,2017-10-06 15:25:57,2017-10-27 00:00:00
e128a277a345197ba9155d63c2666f99,7d8b23fa4fbd0c8c95d7e8da1c5e84ba,delivered,2018-06-19 09:04:16,2018-06-20 02:55:13,2018-06-21 13:12:00,2018-06-26 18:58:32,2018-07-12 00:00:00
0f8415c6898be42b337b26a77fcecbee,989f677f902616c785e3681d2fe63b75,delivered,2018-08-01 11:11:04,2018-08-01 12:30:36,2018-08-03 13:50:00,2018-08-10 18:18:21,2018-08-20 00:00:00
52218f4751320d86d5d074d16ad05dd4,f41553f56ded7abddc895d3e4ad4c2c9,delivered,2018-01-24 16:10:45,2018-01-24 16:39:11,2018-01-25 15:47:59,2018-01-31 12:51:23,2018-02-16 00:00:00
4f5dbf6461099742aada5e5960f721c4,e3b25a8708f4f6e2f7b6fb5caa2eefe9,delivered,2017-05-23 19:02:00,2017-05-23 19:15:14,2017-05-24 09:34:16,2017-05-25 10:04:57,2017-06-05 00:00:00
a229f8f10db36361d958831698ea6e68,7d230284e062002029881fcfbf09c419,delivered,2017-03-24 13:56:45,2017-03-24 14:05:31,2017-03-27 17:07:04,2017-03-30 13:21:31,2017-04-12 00:00:00
209b30577b4c8a3f622822461ede363e,f3cbdf0bb95fae3bb4697ed194df25c1,delivered,2018-04-04 20:50:52,2018-04-05 08:10:06,2018-04-06 00:51:15,2018-05-04 23:02:13,2018-05-09 00:00:00
03dde7ab63940fbffd10162a74347e95,5934b56aaab3f88d76e0f002d7eb8802,delivered,2017-06-10 17:57:12,2017-06-10 18:10:23,2017-06-14 06:19:41,2017-06-16 14:05:51,2017-06-29 00:00:00
922404efb7691bc5f4c252544e580266,fd6a4522daa083c5ecd8d3277e9752b4,delivered,2017-11-25 01:50:13,2017-11-28 03:32:18,2017-11-29 22:48:29,2017-12-05 22:48:10,2017-12-27 00:00:00
2559552ea70a7caa245eca67f410a3f4,ebe02b455bc2f5f8828a89d8bd96cded,unavailable,2017-10-22 20:44:47,2017-10-22 20:56:31,,,2017-11-08 00:00:00
9a1d40af77296d2106a872c60ec7d3b4,1c5a586356edd21e05e3054757b834a4,delivered,2017-10-20 09:36:36,2017-10-20 09:49:38,2017-10-23 19:23:41,2017-11-03 19:53:00,2017-11-22 00:00:00
60c8ff275c52d58ac6693a516ff2593a,3976ebc60f76b8b22e5ac55a9f222ce9,delivered,2017-09-25 20:14:02,2017-09-25 20:24:43,2017-09-27 15:38:08,2017-10-03 23:30:18,2017-10-19 00:00:00
af9f47d85cb6d0717a873ddb331a1b6b,78a2bb308b28ab12eb41b8b582a67ff8,delivered,2018-04-05 22:42:35,2018-04-06 22:35:16,2018-04-09 22:04:10,2018-04-25 13:44:44,2018-05-08 00:00:00
d6e8839199c7ca3b2d7aede27fb9659a,a48363bb61734f93041fbc103db9fe74,delivered,2017-11-10 23:04:29,2017-11-10 23:26:59,2017-11-13 21:32:03,2017-11-16 20:46:53,2017-11-24 00:00:00
0691511b757c6190f85d5c20481ddae1,0bdaf62bf3211420cb25a16386b56801,canceled,2018-07-17 23:30:05,2018-07-17 23:41:42,,,2018-08-03 00:00:00
cd76219509e0336ea669b48075e068e1,02cb3b6962a2d852ff7beaf4e303c71e,delivered,2017-09-06 19:27:08,2017-09-06 19:43:29,2017-09-08 18:32:26,2017-09-15 16:06:50,2017-09-26 00:00:00
f63fc1c003e6328d52c7a49b28d9717a,4fc3826b952eb6ca326617fa740265d2,delivered,2018-08-25 16:18:14,2018-08-28 03:50:16,2018-08-28 14:39:00,2018-08-29 14:37:52,2018-09-03 00:00:00
9e1b037882254a396408181e76546b01,f5a615f0b025dc0ce07ed1f331e87b75,delivered,2018-07-23 17:26:47,2018-07-28 23:31:07,2018-07-24 15:55:00,2018-07-30 17:11:31,2018-08-13 00:00:00
7fccb4a84a452c9ecd61ba5c182161a6,a6aecb91639368b7b5d49c46adc1064f,delivered,2018-05-09 18:26:17,2018-05-09 18:35:18,2018-05-10 09:53:00,2018-05-14 18:05:14,2018-06-07 00:00:00
5ca60cc1a00a1d2f3090cebdd57c696e,965f78e2702c7775431e6a79a21ce549,delivered,2017-04-25 08:34:36,2017-04-25 08:45:08,2017-04-25 12:29:35,2017-05-12 13:13:42,2017-05-24 00:00:00
39897c1c37144a25b897e4d5c98fed20,c6dcc1dce60566f15d0ce235d92afeb6,delivered,2017-07-28 06:22:12,2017-07-29 02:23:19,2017-07-31 18:05:48,2017-08-08 21:43:37,2017-08-17 00:00:00
3c7d5206607a15b5eb46f553865a5599,fb8d4247e5e0eb4d3b7d110c5d2a9b69,delivered,2017-03-18 21:57:42,2017-03-18 21:57:42,2017-03-23 08:42:42,2017-03-29 12:58:01,2017-04-13 00:00:00
cfbff5e327712bcb7b76b34bd4655a95,52bfcbea8ba14168d4f6bdf089a9b591,delivered,2018-03-05 14:34:39,2018-03-05 14:55:43,2018-03-14 17:21:07,2018-03-29 21:48:32,2018-04-10 00:00:00
9d0516ad96d793d308cec3c5929ed649,308afed7ca59239797d7ecd2ccd7c956,delivered,2017-12-18 20:09:35,2017-12-18 21:11:14,2017-12-20 08:55:28,2018-02-05 19:53:16,2018-01-17 00:00:00
090eeebdb88e50484b9d37e863df829b,5c262efffdde5bd254f59c97cf8c9b42,delivered,2017-07-20 08:31:59,2017-07-20 08:45:11,2017-07-26 11:34:15,2017-07-31 20:39:52,2017-08-18 00:00:00
23a67c03abc9968c561353d66f48acc4,e5d29cf37580b4b6232c0cf1df444901,delivered,2017-07-15 16:11:19,2017-07-15 16:32:37,2017-07-21 17:41:14,2017-07-25 19:34:15,2017-08-04 00:00:00
101dd34c03c31b22d56fa2f1973b1e85,68ffaee0e0cba1ec2e5fae05c3172814,delivered,2018-05-20 20:40:41,2018-05-20 21:01:33,2018-05-21 14:19:00,2018-06-05 20:48:37,2018-06-11 00:00:00
e532f7295954413d41002fe78ae8a4d8,cb2b14b433f2a2ae74a15b9462b81ae8,delivered,2018-03-16 15:35:46,2018-03-17 02:35:35,2018-03-20 01:12:43,2018-03-23 23:32:14,2018-04-18 00:00:00
e7da0ff2cbf2eeb09296e1df48925afe,2450dbfb75233ae7634514332f558c18,delivered,2017-03-06 15:00:49,2017-03-08 03:05:11,2017-03-13 09:31:24,2017-03-17 13:59:46,2017-03-30 00:00:00
4ab8b7a8e23908984157974ae4ad6436,21b90719d24eb01136a753197b79bb3b,delivered,2018-05-29 08:17:20,2018-05-30 08:15:17,2018-05-30 14:33:00,2018-06-01 15:20:00,2018-06-14 00:00:00
5df3ca6f9f8ff2d461a774ae097f9809,098bf3f2bb9f2bcea54e27d17f29c000,delivered,2018-04-15 20:47:36,2018-04-15 21:09:50,2018-04-17 22:26:43,2018-04-18 22:51:32,2018-04-30 00:00:00
d91340e9348bc8b0e4971c128f2c0254,630ae1af96136635d7757c7eeeb743f4,delivered,2017-10-10 21:15:04,2017-10-10 21:28:33,2017-10-11 18:35:54,2017-11-10 21:06:44,2017-11-03 00:00:00
b4583d271827d4824cdf5ae34b21322f,01d5f7506a41927955ef41a530329c30,delivered,2018-03-18 18:13:05,2018-03-18 18:27:31,2018-03-21 21:29:47,2018-04-18 17:28:39,2018-04-09 00:00:00
c9365b99c90ef6473a7d9cda98faee6a,9c92bf6c552a735ca395ce754a61ce31,delivered,2018-07-22 23:12:02,2018-07-23 12:31:41,2018-07-27 08:57:00,2018-07-30 22:08:48,2018-08-02 00:00:00
5f04f4d6318ce8bdd9043545285b4def,f5d9940e5da79a1324329fa16246e012,delivered,2017-10-09 08:46:23,2017-10-09 08:56:24,2017-10-13 18:52:01,2017-10-17 15:57:43,2017-10-31 00:00:00
7a958cf333909948af12322dae6f17d2,b0e251b808b0e15f4232f5b7be0dde2e,delivered,2018-03-10 20:04:50,2018-03-10 20:15:22,2018-03-14 01:05:25,2018-04-02 14:12:34,2018-04-11 00:00:00
e49e382e440b76f65be6ce311948835c,0971df83869ecd83b4282f773573bff3,delivered,2018-06-10 18:05:07,2018-06-10 19:38:14,2018-06-11 15:53:00,2018-06-15 18:58:36,2018-07-05 00:00:00
0d760576500ea8611379a97ddcebf3db,f7f4c88bd5093db7e3fc7baad3cd8deb,shipped,2017-09-16 12:30:24,2017-09-19 03:44:09,2017-09-20 16:09:20,,2017-10-04 00:00:00
10a0ce1277f3743242205061fccbb7c1,e5da2ac4b7d09ea27b0bc61081ce1034,delivered,2018-03-17 11:24:48,2018-03-17 11:35:27,2018-03-20 20:44:48,2018-03-23 00:42:01,2018-04-19 00:00:00
b71f2bcb304134cd03bb33a3f86a5a46,6ceefbf760c72b3b5baf60449708aa52,delivered,2017-11-07 10:17:30,2017-11-07 10:30:31,2017-11-21 11:58:34,2017-11-23 18:29:29,2017-12-07 00:00:00
c7cdb5ada4357751c31d84f94d1a14f7,b10f350b627f87c6fd77d761ac7e6813,delivered,2018-07-16 09:04:15,2018-07-17 04:31:13,2018-07-19 14:22:00,2018-07-23 11:40:47,2018-08-06 00:00:00
aa27bd1341335b1891bbcc4e1967b402,3b5676320f2df56236b2086a3f4b7da9,delivered,2018-06-06 21:32:22,2018-06-06 21:55:04,2018-06-08 11:40:00,2018-06-19 17:08:39,2018-07-17 00:00:00
9e677b4bbd5d55506d4d8f1e5182dcb9,e5e2913c105c1f443f9f999e975900bd,delivered,2017-04-01 17:24:26,2017-04-01 17:35:11,2017-05-12 08:29:32,2017-05-13 09:44:45,2017-05-30 00:00:00
d34eb5c929ae5f0d803924b567328c56,40941c77d00d4111644b0356f08bb7df,delivered,2017-09-02 20:57:55,2017-09-02 21:05:25,2017-09-04 19:33:54,2017-09-16 16:12:08,2017-09-25 00:00:00
2cd7c5efeb90335265680de1f5a82a44,c9dda9c54e2f0ad877222c042f8d8d3b,delivered,2018-05-14 11:35:43,2018-05-14 11:58:30,2018-05-15 15:16:00,2018-05-23 16:48:25,2018-06-05 00:00:00
f38becfd5e80f3d9d988ecab0b0a8d41,dee0b47c356fb2f279e00e8df7c691e6,delivered,2017-06-06 20:36:40,2017-06-06 20:45:16,2017-06-07 10:04:14,2017-06-16 16:49:47,2017-06-29 00:00:00
112b993827414a482ef6534e251fad3a,88eddac47472e08eb17d96a25969a655,delivered,2018-01-29 17:26:51,2018-02-03 23:31:58,2018-02-01 18:48:38,2018-02-02 19:52:43,2018-02-14 00:00:00
ea07fcd3f9385395f50217c8ca1eaa45,a7b8d98d59a1a44a4f78408b257b3ff1,delivered,2017-11-14 08:29:08,2017-11-14 08:46:24,2017-11-14 23:16:47,2017-11-21 14:21:58,2017-12-05 00:00:00
413ed3d6c1555e1fb50e298ebcc18495,4e672fa8f53f161e3df949a801025ba9,delivered,2017-11-10 13:46:55,2017-11-11 02:50:48,2017-11-17 20:16:48,2017-11-28 20:28:48,2017-12-06 00:00:00
632d5f1544d56eb72ec8566d324f4d06,c03054b9bb8c3bbd55fb3f8c2aa54dbe,delivered,2017-11-29 20:43:48,2017-11-30 09:52:25,2017-12-04 14:51:58,2018-01-04 20:36:57,2017-12-22 00:00:00
bff58e0e0d9a5f132abe7c2204b156c8,fa2c1dccb281817f710caaefcd0d254e,delivered,2017-05-22 22:40:39,2017-05-22 22:50:11,2017-05-26 15:20:31,2017-05-27 10:07:55,2017-06-14 00:00:00
41c350b4fbc29efe17a778365a0a5d08,42bb785f5ebc990d77c23aa2e1d6f3c7,delivered,2017-04-30 21:10:28,2017-04-30 21:25:16,2017-05-02 13:58:15,2017-05-11 16:12:39,2017-06-01 00:00:00
39b07544f44827ecfb759a3544ccab72,dcbfb65ae9125d8e25367087650ad49c,delivered,2018-07-31 12:39:25,2018-08-01 03:31:38,2018-08-02 12:53:00,2018-08-03 19:22:12,2018-08-08 00:00:00
1f88dfdb109093f6b629f1e6d75af30c,72ae07582db913432142229f2e1f6701,delivered,2018-03-26 08:35:03,2018-03-27 08:30:07,2018-03-27 19:27:02,2018-04-09 15:06:51,2018-04-16 00:00:00
548593d537ea3f5e453588407a484d81,2294a7c127e0aabbd84d87b5f50adb3b,delivered,2017-11-28 19:57:43,2017-11-28 20:15:45,2017-12-04 19:38:29,2017-12-20 00:04:09,2017-12-21 00:00:00
f6e6afb31fd4986da7ac663a6b0c93b4,4ad64ec5df1250c507ae691e159c69aa,delivered,2018-04-08 13:21:28,2018-04-08 13:30:25,2018-04-10 02:28:35,2018-05-11 21:29:56,2018-04-30 00:00:00
1ecda016913167c1bc9dee2cce81c7da,86449fa8124082cf35a0555fc351f631,delivered,2018-04-26 23:07:03,2018-04-26 23:31:16,2018-04-27 12:19:00,2018-05-16 10:33:56,2018-05-24 00:00:00
1f3035a17d5528bb461a938d381c9d65,359ef52d8f7d03963687f1f864794d2c,delivered,2017-05-01 17:53:55,2017-05-01 18:05:47,2017-05-02 17:51:38,2017-05-12 15:05:53,2017-05-23 00:00:00
23ed60a4ded86a966ca7f216147a3bec,2924d845c6ead1388824e85bb2fb10ee,delivered,2018-02-01 19:51:04,2018-02-02 11:55:32,2018-02-06 22:29:08,2018-02-20 00:25:32,2018-02-26 00:00:00
fd090af4abab8284bf7d35b41d2075ce,5e0ab02d8c43402944f39559568c9c71,delivered,2018-01-23 09:07:31,2018-01-23 09:13:22,2018-01-24 15:24:58,2018-01-25 20:32:51,2018-02-07 00:00:00
c0221d9a3d1707e52d0a75170f33e622,1a3d17d034d62ce590495e6b1d3efc6b,delivered,2017-03-04 23:21:49,2017-03-04 23:32:16,2017-03-07 17:11:37,2017-03-13 13:14:55,2017-03-27 00:00:00
bc8040ec215e524e30722602d813a804,2d13a1c3721faaef560f45099efccc9d,delivered,2018-03-01 20:46:25,2018-03-01 21:09:35,2018-03-02 22:13:41,2018-03-15 10:52:15,2018-03-26 00:00:00
44112fd5bb8ad2e4ce496e28c8c4258e,09dab3740fc9939d1978f358319cc0eb,delivered,2018-03-06 21:36:26,2018-03-06 21:50:36,2018-03-09 17:36:40,2018-03-22 20:52:59,2018-03-27 00:00:00
4d177a59bedcc26843b61e6b4078e4fc,94ae6e074c702c4c67321c0edbca3ca6,delivered,2018-04-19 13:00:52,2018-04-19 13:15:20,2018-04-20 19:07:44,2018-05-09 18:50:04,2018-05-22 00:00:00
e05db2f0411d7fe6af92d64c6fc4bf9d,5644e275e55a02bf7d15afc23ce53910,delivered,2018-07-11 12:02:12,2018-07-11 12:15:10,2018-07-11 15:05:00,2018-07-13 18:51:24,2018-07-25 00:00:00
2d9a709258fa92bdd1a64e72bbf839d1,03a418d38babc71339571a01488aac1f,delivered,2017-04-25 07:50:21,2017-04-25 08:15:32,2017-04-25 09:19:39,2017-05-02 16:22:12,2017-05-16 00:00:00
23d0b20c60078dcc168f59918e82f76f,904aa283282e380b879c883a9bcea050,delivered,2018-02-17 18:34:30,2018-02-17 19:06:38,2018-02-21 20:56:41,2018-04-03 20:02:08,2018-03-16 00:00:00
564a8a107b3cf23a00e2da12351a9797,02af9983dee3e98a57adc7b02f17de3a,delivered,2017-08-01 15:59:54,2017-08-02 07:30:15,2017-08-04 15:54:48,2017-08-09 17:21:43,2017-08-21 00:00:00
cfa3e6925faeafb049f7bf5f1a133757,5af9164d1406a7f016a689a9e7c38427,delivered,2018-02-08 09:03:13,2018-02-08 09:15:32,2018-02-08 23:12:21,2018-02-19 21:58:32,2018-03-06 00:00:00
742aea07dd8f1cc25098f44089301a0c,4b475c967c016e2a337fe9e1f803c195,delivered,2018-03-21 19:36:38,2018-03-21 19:47:59,2018-03-23 12:17:28,2018-03-28 16:48:35,2018-04-03 00:00:00
f80d41039694cf8ab589eb22e0091fdc,5867de51a21c57d3b31f121bb9e1cd6f,delivered,2017-08-14 20:17:00,2017-08-14 20:50:15,2017-08-15 17:33:40,2017-08-23 13:46:31,2017-09-05 00:00:00
65ae980faa8eb2cfa02e439832516930,1ccab9e5dfccf17ad4eef7a08b8f71cd,delivered,2017-12-10 16:49:17,2017-12-10 16:59:23,2017-12-14 14:33:11,2018-01-03 16:32:49,2018-01-08 00:00:00
cb44ede59056dd2add95fb810b393786,6f3a42b6df965a08f68a19a2b1ce4323,delivered,2017-10-17 15:02:56,2017-10-19 07:37:06,2017-10-24 16:05:52,2017-10-30 18:43:59,2017-11-08 00:00:00
18ffbbb8c91cb6fbacf944eea0d51552,f5f1ac51f4b9a8ceeec0df3536ccbb7a,delivered,2017-12-12 19:00:05,2017-12-12 19:10:03,2017-12-14 11:38:52,2018-01-05 22:17:22,2018-01-15 00:00:00
97d9d1b260af0792ba6514158fb10195,c8fb2bac848317504f5193332adc7d27,delivered,2018-06-21 19:34:46,2018-06-26 05:13:08,2018-06-26 08:05:00,2018-06-29 14:55:03,2018-07-17 00:00:00
70215c7031c6fdd581a2d729c93987e6,d02f55b09f69dde4c0ac66e778039993,delivered,2018-05-01 22:40:02,2018-05-03 03:53:02,2018-05-03 09:20:00,2018-05-09 22:24:30,2018-05-28 00:00:00
6d8e4a82843cea684d20aa10f91fe33a,f7a08724e0b381e81a146a427d58af06,delivered,2017-03-18 11:40:36,2017-03-18 11:40:36,2017-03-22 06:51:56,2017-03-28 15:26:00,2017-04-11 00:00:00
986f9a6bec9c49daf91e0a02a63885d0,2c5f331dab75886896a9513450609620,delivered,2018-07-28 13:18:56,2018-07-31 06:35:23,2018-08-01 09:32:00,2018-08-04 17:56:40,2018-08-20 00:00:00
880ba0831c3fe181b5096a98d3c755e4,5fb7662b5f14f01c2a37b381becceca4,delivered,2018-03-26 20:27:03,2018-03-26 20:47:01,2018-03-29 01:32:56,2018-04-02 17:32:02,2018-04-18 00:00:00
7be14973fae210892bdead0de13695e6,c850dfc9a3bc506054fd70113a026166,delivered,2017-04-03 20:31:00,2017-04-03 20:45:13,2017-04-06 15:24:46,2017-04-18 13:33:59,2017-05-09 00:00:00
44d075f07cb67c5fa539041c4548953a,fe0d2c3b6048199a658d47a9c023d81f,delivered,2017-08-31 11:44:16,2017-09-01 02:15:35,2017-09-04 13:25:14,2017-09-11 16:37:49,2017-09-20 00:00:00
4696eb8d8514a43861661047a268e6aa,2b641d0a8bb26b8d5a6e653490f3902f,delivered,2017-12-20 18:43:17,2017-12-22 02:51:07,2017-12-22 21:03:17,2018-01-03 20:32:31,2018-01-16 00:00:00
72f14114cc84c8ee7e687e6a1233f396,914814ff08304c2914d4de10a8ca82e8,delivered,2018-05-13 21:04:49,2018-05-13 21:33:07,2018-05-14 13:55:00,2018-05-15 14:00:15,2018-05-25 00:00:00
77f120015ca363b1f0bd4c879f902eab,112187d9befa05e2fef9384a900e404c,delivered,2017-04-02 16:31:42,2017-04-02 16:42:26,2017-04-03 15:40:28,2017-04-06 14:24:02,2017-05-04 00:00:00
7a0e460794b2d836da856ca4c3db095f,134c1eae2d05bfbd29cfa49fe67f7404,delivered,2018-07-01 22:08:01,2018-07-01 22:29:56,2018-07-09 13:39:00,2018-07-12 20:16:13,2018-08-07 00:00:00
29378e35942d709318a61535d08a23c1,78adbfae7d012f14c600000aa322fa02,delivered,2017-10-07 11:58:05,2017-10-07 12:07:52,2017-10-20 13:49:52,2017-10-30 18:29:20,2017-11-01 00:00:00
03ce210a1614bb5a5bd3f4e3296840a1,fe007b524829f7a174ea059a23bd0a32,delivered,2018-01-22 18:06:21,2018-01-22 18:16:51,2018-01-23 18:33:51,2018-01-26 18:49:56,2018-02-14 00:00:00
00276d5c3491fbf55305e26891040df9,54686c41e86854e35879efbd1c2cab1b,delivered,2018-02-13 11:47:21,2018-02-13 12:55:57,2018-02-20 23:19:10,2018-03-16 19:57:52,2018-03-22 00:00:00
c3b858557fb35d3646273135dcf96da8,3eb07d46f0f08e9bc8e8322694b46dbd,delivered,2017-11-15 01:12:21,2017-11-17 04:06:28,2017-11-20 17:54:46,2017-11-28 02:58:52,2017-12-12 00:00:00
45060534aef780077c10103b60fe71c4,a34cb9acedf3c08390532e4df4f38ac7,delivered,2018-07-03 15:40:07,2018-07-05 16:12:38,2018-07-05 14:12:00,2018-07-10 20:08:37,2018-08-03 00:00:00
6785389081b96dc1acd26dc72ad54080,f300542c9f0c858aac2c6109f35d16c8,delivered,2018-03-07 12:41:13,2018-03-07 13:20:27,2018-03-07 23:22:40,2018-03-14 16:53:38,2018-04-09 00:00:00
88898c8b7a5b7d3e2291e990f93d274a,767f554678ccdff4206b3fb34329219b,delivered,2018-03-04 18:43:35,2018-03-04 18:55:33,2018-03-12 17:12:10,2018-03-15 20:12:00,2018-04-02 00:00:00
ea3ae6fbee484133e325f4e1b984d108,23ee2e391c931ab46fbe5b0586b3c080,delivered,2018-04-16 22:16:26,2018-04-16 22:32:29,2018-04-23 16:14:48,2018-05-02 18:24:53,2018-05-16 00:00:00
f1997789bf60765f135ec0f174be55e3,49cbac2b39ac1280d471e14747b13df3,delivered,2018-04-12 11:09:29,2018-04-12 11:31:25,2018-04-12 21:36:54,2018-04-27 20:03:22,2018-05-14 00:00:00
9e6cda6c54e003fdcaea831eed747e88,46090a65387cf50140673902ef9c79fa,delivered,2018-03-22 14:12:26,2018-03-22 14:30:25,2018-03-23 22:41:35,2018-04-21 13:54:45,2018-04-25 00:00:00
ad0601d72c6f5d20f194290cb517e6e4,e4ba7046c6af14b3fa80882af86f4087,delivered,2018-06-12 19:36:25,2018-06-12 20:06:15,2018-06-13 14:32:00,2018-06-18 14:06:30,2018-07-05 00:00:00
d0d5164d91d59570247b483352eee612,d9b9801abf6ecdfcf595da6a2a69e8af,delivered,2018-06-16 11:15:23,2018-06-16 11:37:53,2018-06-19 14:07:00,2018-06-23 12:08:30,2018-07-11 00:00:00
b461e43868116fb81d1d91959ae5ea65,dce6f9a140fd4b1c5941da022a650535,delivered,2018-07-22 15:53:46,2018-07-23 12:32:05,2018-07-23 15:44:00,2018-07-27 20:46:42,2018-08-08 00:00:00
89b158fc23656141a5e33e93954d025b,93a8571aba21529cf631be8c49e279df,delivered,2018-03-24 16:38:22,2018-03-24 16:50:28,2018-03-27 20:07:47,2018-04-18 00:56:57,2018-05-15 00:00:00
5a4f5ba731f3289ca552e3ee5dcbc5cb,5cdf3d04ce2b852b63a52afdc6b9c876,delivered,2018-03-13 21:41:41,2018-03-13 22:40:31,2018-03-15 00:41:42,2018-03-19 23:06:50,2018-03-29 00:00:00
cc156335b424a3dea39dd5b6f15a0edb,fdcb55239eb5b9bd6f9d2ccc88b59fbd,delivered,2018-03-26 08:46:49,2018-03-27 04:08:33,2018-03-27 18:21:50,2018-04-03 13:28:52,2018-04-19 00:00:00
0265de29d2bf47d85101018e7f7d4ff6,adf1ecaca5e192f1356ed0760e5432ae,delivered,2017-04-30 07:43:30,2017-04-30 07:55:11,2017-05-10 18:41:46,2017-05-18 08:19:06,2017-06-06 00:00:00
3c860daefaca397a28e5f1909a3d6813,3537e21321dd0d2017d3a536dd8fe74d,delivered,2017-03-07 21:54:39,2017-03-07 22:05:10,2017-03-10 11:37:05,2017-03-21 14:37:40,2017-04-10 00:00:00
537690295b4d85739ba8cbf72ece30b6,5fa9b1b199d0f77c57d2c30367b1c153,delivered,2018-08-05 10:14:59,2018-08-07 04:35:17,2018-08-10 19:52:00,2018-08-11 16:37:20,2018-08-10 00:00:00
0d1b16176c5cba495de3f14a538f5ec1,0805ec85ad1a04d1a6518c313542a0ff,delivered,2018-02-06 20:43:14,2018-02-06 20:56:16,2018-02-07 19:26:23,2018-02-08 16:56:34,2018-02-22 00:00:00
c7f036825b3a87b42323205cee8a693c,a8d604c2782c27e60c3023fa86567794,delivered,2018-07-06 11:22:25,2018-07-06 11:31:20,2018-07-10 10:25:00,2018-08-08 23:08:53,2018-08-06 00:00:00
254fcbb680005c7c48a119e4a4ac5b98,185c9124371e3faa4e4199e70d945b83,delivered,2017-05-12 22:30:52,2017-05-16 03:35:35,2017-05-17 09:46:28,2017-05-26 10:26:34,2017-06-13 00:00:00
faabc69ee9f9b4e81c8a4504fdacdc50,ea4e1807aabc4609b7ace0a75efc0c49,delivered,2017-11-28 12:00:49,2017-12-01 11:31:56,2017-12-02 04:37:38,2017-12-28 19:02:55,2017-12-26 00:00:00
679c0e911bed52d5404ba07a1e2e1715,a000358e67061a087b14a812d621ab2d,delivered,2017-11-15 19:59:14,2017-11-15 20:10:35,2017-11-17 19:44:38,2017-11-18 13:12:52,2017-11-29 00:00:00
a923f706eeccdbdf02d5db99c8550c8d,4269b7f508bcab4a6efbdef0636e4848,delivered,2018-03-02 11:34:22,2018-03-02 11:55:45,2018-03-03 00:13:51,2018-03-20 21:47:42,2018-03-28 00:00:00
5af817dcc7682f13101dbdef134be4e0,74d926a57beb2bbd42d8b69f723128a8,delivered,2018-01-24 11:10:09,2018-01-24 11:16:25,2018-01-30 01:12:47,2018-02-14 22:16:50,2018-02-19 00:00:00
3951193545025398d0fa18b7e2f836be,90a9c48d9d8440f1583a142142b99b1f,delivered,2018-05-23 08:36:35,2018-05-23 10:36:11,2018-05-25 12:25:00,2018-06-04 19:16:39,2018-06-13 00:00:00
e3e1d2fe1c3f816ace8a772a4dff8a1d,e8f6f2dc565be3effe09647d2aa8d8fb,delivered,2018-01-11 16:30:15,2018-01-11 16:48:34,2018-01-20 00:04:28,2018-02-15 10:38:46,2018-02-05 00:00:00
1e35e26cfef4f75615b68acd81d89ffb,7d30bd6a9ffa5b22814001292ec14686,delivered,2017-07-28 21:33:15,2017-07-28 21:45:06,2017-07-31 19:22:11,2017-08-03 21:37:50,2017-08-14 00:00:00
5c821b37fad60b510aec78ab1883a584,d7ce53e72912943db6ebbd0c2d5e9c84,delivered,2018-02-28 15:59:59,2018-02-28 16:16:04,2018-03-02 00:42:36,2018-03-22 15:17:37,2018-03-22 00:00:00
1857f0409d8180beab0cbec5cd97478f,73a3f9242c638f8dbc3efdbbc5339f97,delivered,2017-12-13 15:36:27,2017-12-13 15:50:39,2017-12-15 16:37:58,2017-12-20 16:35:04,2018-01-02 00:00:00
a1370d5fa6508c13787ae000e5d2ad77,7bddfca0e860e120fd4ef769c449ddd4,delivered,2018-06-20 23:11:46,2018-06-21 01:17:19,2018-06-28 14:40:00,2018-07-03 04:28:44,2018-07-20 00:00:00
0ce5b90b3bd06c388f87fd281ff7eba7,16730aef160c3f0c10569888ea9adb05,delivered,2018-02-16 11:11:45,2018-02-16 11:27:37,2018-02-21 17:53:23,2018-03-06 23:16:48,2018-03-19 00:00:00
63c1f65a4171fb69929e4fd2652f5617,cda19b7949fedcc5277c7021a8d309e4,delivered,2017-09-29 09:17:19,2017-09-29 09:28:15,2017-10-02 19:04:20,2017-10-07 14:36:51,2017-10-25 00:00:00
d662d012f313d50b0c2a39e6d4f88562,4d12da03af6b4513c13c61dcc5171626,delivered,2017-11-28 13:05:49,2017-11-28 14:20:04,2017-12-04 16:59:59,2017-12-21 17:59:05,2017-12-26 00:00:00
d00179bc87932107ac934cad54be82c6,c6f42e5dd569247aab7d16bbe7283d9c,delivered,2018-05-25 16:19:08,2018-05-29 03:35:20,2018-05-30 09:22:00,2018-06-15 18:40:53,2018-06-29 00:00:00
a06cb110601fc18a65761940112147e1,f7b33db289b360763ba82a6713db8823,delivered,2017-12-11 21:45:28,2017-12-11 21:53:32,2017-12-28 16:07:49,2017-12-30 12:48:54,2018-01-22 00:00:00
96500f175401baa18ab94e059e3c7ab8,85a9defbcbb5d1fd61c959e35d48fe5c,delivered,2017-05-16 16:27:41,2017-05-16 16:35:20,2017-05-18 06:11:40,2017-05-24 12:18:12,2017-06-05 00:00:00
82f5146f4cbd867e3dbd244cef22f2e0,bd40faeeca500f134adf9aebc81453bb,delivered,2018-07-06 21:11:14,2018-07-07 18:45:50,2018-07-11 14:36:00,2018-07-19 15:26:59,2018-08-09 00:00:00
bdad3d80ef54495a3c2d7c620752ddfd,9b97e240c29d2750738438d1e147daa7,delivered,2017-12-28 13:47:30,2017-12-28 13:55:30,2017-12-29 20:53:30,2018-01-09 19:24:46,2018-01-26 00:00:00
2476a3346dc4a10dd9238bc6dac93f89,0e665af399629d6d496da8998a5ccbae,delivered,2018-05-29 19:35:46,2018-05-29 19:55:53,2018-06-05 12:11:00,2018-06-07 14:48:43,2018-07-05 00:00:00
87b4a3f473682f0b4c87060b0370d4b1,40a2ae9c0a20cb33e84a612a9585db55,delivered,2018-03-29 10:21:14,2018-03-29 10:30:18,2018-04-03 18:46:23,2018-04-16 18:28:38,2018-04-17 00:00:00
2ef4a11b6e24fdfbb43b92cb5f95edff,ee1cfdc92e449920e25d3ca4ab4da4f6,delivered,2018-07-23 18:35:14,2018-07-24 10:31:25,2018-07-24 14:37:00,2018-07-27 14:04:10,2018-08-06 00:00:00
c3547ff2a0fb9751d7b6aa7f7346695f,f7c04dbf91899845f2895f676b366212,delivered,2017-03-26 13:16:52,2017-03-26 13:30:10,2017-03-27 15:48:23,2017-04-04 09:58:10,2017-04-18 00:00:00
94a91dc173a9cc2a6b4d38be8f8d832f,edce7681f7a9c927027eefbc0d8e3ef3,delivered,2018-04-15 22:47:28,2018-04-15 22:55:15,2018-04-17 23:05:27,2018-04-20 23:36:28,2018-05-09 00:00:00
d900dcc636a20564de0edda6a808b44a,d695ab7244b50995dbbed9c1c5c81d57,delivered,2018-01-10 22:07:20,2018-01-12 02:37:35,2018-01-15 09:10:33,2018-01-23 02:36:30,2018-02-05 00:00:00
4792d1ecf41afb08745855d6ae845d90,ebd041ed34b52f107ec31fbe185b9603,delivered,2017-12-28 12:31:00,2017-12-28 12:47:24,2018-01-04 23:42:47,2018-01-11 21:13:40,2018-01-29 00:00:00
d6018fa8e6aaedac9d0432e734f94503,189fcd2b9b28cecd5dca3f25c2e119cc,delivered,2018-05-01 19:28:53,2018-05-01 19:52:46,2018-05-03 13:45:00,2018-05-15 19:41:07,2018-05-21 00:00:00
407650da5ce96e8de0290f05086d3b49,c2fc0c3b579720212343725ebfdbad6c,delivered,2018-03-31 13:18:49,2018-03-31 14:07:58,2018-04-02 20:34:47,2018-04-03 22:37:43,2018-04-12 00:00:00
292763c479eed9e980ac01583f89db93,5ce95c9b45fe22b1f217f8fd928ac456,delivered,2018-03-31 20:15:37,2018-04-02 18:52:23,2018-04-04 17:23:23,2018-04-07 16:16:29,2018-04-12 00:00:00
e91d272e6028aee005564c010fb10661,c74c3cae0cbfbc08f7b00ee31eb254ff,delivered,2017-07-10 10:39:34,2017-07-10 10:50:25,2017-07-11 21:37:51,2017-07-14 20:01:38,2017-08-03 00:00:00
92460f9c0d34e466aef5b66f5c2ab91a,44f7cdbdaa2f209f0bbedbc33f49d1d3,delivered,2017-04-04 10:30:20,2017-04-06 02:42:56,2017-04-07 15:46:25,2017-04-17 13:30:09,2017-04-25 00:00:00
c32bd7da48be8ce34e8e656099ac3fca,e49ffed12a438e0526f7d7f575649066,delivered,2018-03-21 15:08:47,2018-03-21 15:27:55,2018-03-23 01:23:36,2018-04-10 21:11:47,2018-04-12 00:00:00
4ef17302794696ffb96bbce3b81d3030,8198f185b4b0aa7deea981ca451b1b1b,delivered,2018-02-03 10:26:44,2018-02-03 10:40:35,2018-02-06 20:42:47,2018-02-16 21:05:26,2018-03-06 00:00:00
effe6b3c0a442e88e41a15c0cdd09a83,b2dfb42b62eed0666aef0b9e660de51b,delivered,2018-01-19 18:06:15,2018-01-22 14:12:41,2018-01-25 21:12:45,2018-01-31 17:57:48,2018-02-09 00:00:00
de2bff9e29299dc921f2e276c8408400,b9025d9e21715cc1eac81b2e40ee94d9,delivered,2018-04-02 22:30:35,2018-04-03 08:09:01,2018-04-03 18:25:54,2018-04-04 20:03:43,2018-04-12 00:00:00
4d920656159629630f3cca4092065c72,9370fe4ed90a768d1529b5798df4c18e,delivered,2017-11-27 18:18:16,2017-11-27 19:01:16,2017-11-30 17:33:59,2017-12-08 14:54:51,2017-12-15 00:00:00
5f89e6b3012e74ef28fb09e73d8ae01c,aa9a52398f8c0dcd6153561448c6a1b5,delivered,2018-04-11 23:27:05,2018-04-13 12:50:04,2018-04-16 18:52:35,2018-04-21 11:26:55,2018-05-04 00:00:00
ec903a8a6748772912afacb2f8fa3535,12fbfc2753644bea26a74338860183d3,delivered,2018-08-22 00:09:35,2018-08-22 00:24:25,2018-08-24 12:26:00,2018-08-29 17:09:39,2018-09-03 00:00:00
f5dd51c457b73189d026d11c82ce77ba,b71209f45f0ec8f7db763faf4c9e3812,delivered,2018-06-12 19:31:44,2018-06-12 20:05:53,2018-06-13 14:27:00,2018-06-25 17:43:31,2018-07-12 00:00:00
bfabc9ca0342b03adf7e07f25c4a4058,8e5f7b82138c72617047b404d87c0ee0,delivered,2018-08-04 16:27:58,2018-08-04 16:44:19,2018-08-07 13:48:00,2018-08-10 19:58:42,2018-08-16 00:00:00
d70611b8e23ca3e2ad56889d3144c086,2c66657b5894a2f00212a533f2cbff92,delivered,2018-01-19 09:50:58,2018-01-19 10:15:38,2018-01-19 23:18:48,2018-01-30 19:21:36,2018-02-15 00:00:00
528b9cd42ab9f06d9cbf1416835076da,7b5e57989920185e8d4256e86df71f24,delivered,2017-08-18 11:37:52,2017-08-18 11:55:08,2017-08-18 17:23:16,2017-08-29 16:53:44,2017-09-15 00:00:00
4c520618a0cc5957cd116b12a553770d,097c40e3f812fb54de808f30537ee3e4,delivered,2017-10-19 14:16:22,2017-10-19 14:30:24,2017-10-19 20:09:31,2017-10-30 20:38:59,2017-10-31 00:00:00
8d3b97f37bdd7afa5d348afb305858be,07639b3edaab833c39efd14a1a950199,delivered,2018-06-21 14:57:23,2018-06-21 15:17:53,2018-06-22 12:48:00,2018-07-03 20:02:40,2018-07-24 00:00:00
ada1a38681627159c9618c5c7f047885,abb4e48f24fff1c4bed414e1a4dd8bf0,delivered,2018-02-08 16:56:03,2018-02-08 17:40:24,2018-02-10 17:12:00,2018-03-07 21:54:52,2018-03-19 00:00:00
dedbf4a9f32dd77fa0d5db00bbf70b31,512434f206598b09cd497e945a550558,delivered,2017-09-17 11:01:22,2017-09-17 11:10:16,2017-09-18 14:09:59,2017-09-29 13:40:10,2017-10-09 00:00:00
ac503eb8068440b8eb603d5df863dced,46635463d50841ed697108468bb0389a,delivered,2018-06-28 12:54:06,2018-06-28 13:11:05,2018-06-28 18:59:00,2018-06-29 21:21:51,2018-07-12 00:00:00
d8f367dd5e7df2171c1f718170dbee73,6a23d338a1d64fbfeef7b1ea3795b060,delivered,2017-05-12 18:59:04,2017-05-13 02:50:22,2017-05-15 14:50:23,2017-05-19 13:54:48,2017-06-01 00:00:00
861c9fbad462917e9c57742085a3e2dc,f90f3568abbdade70b4b39c6a219db3a,delivered,2017-07-28 00:39:07,2017-07-28 01:20:06,2017-07-28 15:33:55,2017-08-03 17:04:27,2017-08-29 00:00:00
ad3a34aa245c0c0a12989188dfa354e0,b4e6e7f253b6e4c93782d7899d2cc3c0,delivered,2017-04-23 21:58:13,2017-04-23 22:10:13,2017-04-25 07:17:37,2017-05-19 15:23:59,2017-05-24 00:00:00
411d2a5826116cb819444537c0d0360d,4c4cd07e2f89dea5a2c798712dfd3b9f,delivered,2017-11-10 19:14:33,2017-11-10 19:31:03,2017-11-16 18:22:58,2017-11-21 19:34:55,2017-11-30 00:00:00
0fad42f3bb740701e7c913dcdcffe42c,2e50003890535715c272f3c4aadd86f1,delivered,2017-08-16 20:37:48,2017-08-16 22:25:14,2017-08-22 18:51:44,2017-08-28 19:03:35,2017-09-08 00:00:00
5bdef5e4235fe07e011df57d8ae8b041,1a72cda849bdeb05ef203a6f131535d7,delivered,2018-05-03 19:34:47,2018-05-03 19:51:18,2018-05-09 15:48:00,2018-05-15 15:37:01,2018-05-28 00:00:00
3f8a2bff65c16d22759ba92a4b7e1912,1334bf7fbbec2d3c41d69011aef3521b,delivered,2017-07-12 20:50:34,2017-07-12 21:03:13,2017-07-13 19:43:45,2017-07-19 18:43:31,2017-08-01 00:00:00
bf0fbfbaceba1d05f31c53ef4303ff9c,5620b482dd82a92c989c7f4d456e68e5,delivered,2017-09-13 16:51:13,2017-09-13 17:05:21,2017-09-15 18:37:49,2017-09-26 18:42:19,2017-10-05 00:00:00
4aa92c909b164d4b1529ca7fbbe2fd73,e77aa2c814bae1f2ac83f64322ca560d,delivered,2017-09-17 22:43:14,2017-09-19 03:55:28,2017-09-19 18:30:19,2017-09-25 19:38:00,2017-10-09 00:00:00
c5aa608be7773dfa4624ed1c239bae4f,b07937265615c5e0deab6c26429590d9,delivered,2018-02-21 06:34:33,2018-02-21 07:25:09,2018-02-27 14:42:28,2018-03-02 17:29:01,2018-03-07 00:00:00
6e28885b3b46ef6ae9dfa9209e1c8c48,7c3944f1b25c635da4e81b7e2c712a7f,delivered,2018-05-30 16:02:54,2018-05-30 16:16:49,2018-06-04 13:33:00,2018-06-19 13:58:32,2018-07-16 00:00:00
edbfaeb8ad1b74d2dd3fa417465617fe,e24a84b778dca41f3760946e3ececa16,delivered,2018-04-19 03:39:51,2018-04-19 04:21:02,2018-04-19 19:06:34,2018-05-07 13:49:50,2018-05-21 00:00:00
c8f3d770e7079f62444e211a882f3da2,1dbb9f7a4861e11d0bd9c1a69c6c9c93,delivered,2018-07-20 20:19:59,2018-07-20 20:30:16,2018-07-23 14:58:00,2018-07-31 14:48:38,2018-08-08 00:00:00
4e5e560075bde8260400f40135c0375b,65ecebde547dfc78455c91d11675de29,delivered,2017-03-16 20:10:03,2017-03-16 20:10:03,2017-03-17 09:18:22,2017-03-23 12:09:09,2017-04-06 00:00:00
c04c5f68abfb7204058b07c303fb34cd,6622cacddfb9c59ceba605b4bfb86d95,delivered,2018-01-14 01:57:36,2018-01-14 02:09:41,2018-01-19 01:16:41,2018-01-20 12:18:32,2018-02-05 00:00:00
a027e89cd6295407d6e1f2d2a8f73523,432409d104be0801dea2ce3ae6bf094d,delivered,2018-06-09 11:13:03,2018-06-09 11:38:42,2018-06-11 13:59:00,2018-06-15 18:03:34,2018-06-28 00:00:00
927a7c08b956e780d1a418ec9b5b1551,c3adf50520dd57bd31716b9334328671,delivered,2018-08-05 22:50:05,2018-08-06 08:50:56,2018-08-09 13:58:00,2018-08-17 19:32:25,2018-08-30 00:00:00
482b0898624ebab18e90d224126c98a8,6e422478a5ccc422a4a7e50df1bff41e,delivered,2017-11-21 10:46:57,2017-11-23 02:35:22,2017-11-23 22:32:01,2017-12-21 14:22:58,2017-12-12 00:00:00
ca74c4578655b86241c7453694e29d83,4845d49bb7438b41285097b65d1d3400,delivered,2018-03-14 23:32:21,2018-03-16 09:42:40,2018-03-19 08:48:49,2018-03-24 15:38:33,2018-03-26 00:00:00
96d475858d7ac83b3f89e500dfb736a3,56327d59c871dd2d1ccfafbc6db5d6ef,delivered,2018-06-01 11:20:52,2018-06-01 11:32:20,2018-06-04 14:18:00,2018-06-12 23:14:39,2018-07-19 00:00:00
ea461a2421a4be04b0d69e11e12788ca,4d4235152fdfccd1aeab816d867a9447,delivered,2017-11-13 21:19:37,2017-11-13 21:31:09,2017-11-14 22:02:41,2017-11-22 13:33:44,2017-12-07 00:00:00
9459fe4630e1165c113f9fdb4ad5b261,737044a1637b4c3e17f927d096620325,delivered,2017-11-17 10:25:11,2017-11-17 10:51:06,2017-11-17 19:56:46,2017-11-21 20:43:03,2017-12-05 00:00:00
1ddeff2fa520dc8916dc524bd3b0e58e,5f73a8fc5344255da18713fa31019e87,delivered,2018-08-06 13:49:56,2018-08-06 14:05:26,2018-08-16 09:28:00,2018-08-17 14:18:25,2018-08-22 00:00:00
101280a25cfcd2e133000129f24d17d7,47fc3081baaa11c5938977e8a051b342,delivered,2018-02-26 16:43:25,2018-02-28 09:56:35,2018-03-02 11:17:27,2018-03-13 21:33:02,2018-03-21 00:00:00
cef9742a4d6a0ad30273fa8f19015fe0,3a4e3c57a8f10a2ba77a2e4d551ffe7f,delivered,2018-04-10 09:28:24,2018-04-10 09:50:55,2018-04-11 16:12:14,2018-05-09 18:45:51,2018-05-08 00:00:00
031a9aee4d307a1ae62ed71224c63215,bf3a6e18cbf1a91fae6bfab562949722,delivered,2018-02-15 15:14:44,2018-02-15 15:27:22,2018-02-17 01:33:30,2018-02-23 16:28:43,2018-02-26 00:00:00
aa413696416fac21a0e58f3e6802978d,f7e5540aa410fe3af85c74fdf897a0a3,delivered,2018-04-24 20:56:03,2018-04-24 21:13:00,2018-04-25 13:58:00,2018-05-04 17:21:56,2018-05-22 00:00:00
8af74b9528c1d75ba1b3e3dd0af6e9c0,674c04904747c07295ee1e256c6f4dcb,delivered,2017-09-15 09:21:45,2017-09-15 09:30:28,2017-09-18 22:25:03,2017-09-21 23:22:43,2017-10-04 00:00:00
1ad9392f23bf7f28facc4ed0c2fcb7b6,eeb1b872033e14b1549872fd8f9e4d36,delivered,2017-02-23 12:22:43,2017-02-24 02:45:24,2017-02-24 14:40:04,2017-03-03 15:54:06,2017-03-22 00:00:00
5bbb9f480d85449ab94a389f7cdae20b,eb133f781391608caf3443da896ade64,delivered,2018-01-08 13:04:03,2018-01-08 13:11:31,2018-01-10 18:09:46,2018-01-15 18:12:18,2018-02-01 00:00:00
5a43c2440a787e84e9f3060ab257fbdf,3f4e19268241474268bdb9db41441463,delivered,2017-09-16 14:02:51,2017-09-16 14:15:15,2017-09-26 19:17:06,2017-10-02 17:54:24,2017-10-17 00:00:00
2c610c4cfabedaa397223d33eb6ca9d1,6e895e6ca85e773b3107ce38225fc4a2,delivered,2018-05-08 13:31:51,2018-05-08 13:50:26,2018-05-11 14:25:00,2018-05-21 20:27:58,2018-06-04 00:00:00
8b7e7fa76762ddabf276b848797bad08,437f15a0c773d0b9cf45f7b1812515ae,delivered,2018-02-08 18:35:24,2018-02-08 18:50:48,2018-02-09 17:04:23,2018-02-19 17:22:10,2018-03-05 00:00:00
1cf7badecfe67aca1d27e5fbaedf2c64,7ea1617d2d2b80eab136466f21021175,delivered,2018-04-26 13:46:58,2018-04-26 14:11:57,2018-04-27 14:26:00,2018-04-28 16:56:34,2018-05-10 00:00:00
fe168a6c6b0558d8b3767bdb616f87a4,9f9c074b8bd8cdd4c51eacdb9c8c00e9,delivered,2018-05-13 21:20:26,2018-05-13 21:33:07,2018-05-15 15:00:00,2018-05-23 21:08:50,2018-06-04 00:00:00
8780697430377d453d0cf3f29848a515,ab8cc597748aa43d9e07953a78c5c303,delivered,2018-07-14 16:36:52,2018-07-14 16:55:25,2018-08-02 16:30:00,2018-08-07 15:17:49,2018-08-29 00:00:00
879b58a815d7bde03a866d8db6454ff0,baf8357713e1821091ed36007fb1c4a6,delivered,2018-02-03 00:27:29,2018-02-03 00:51:43,2018-02-07 00:36:26,2018-02-07 15:28:52,2018-02-26 00:00:00
69e8ee164e944cbaff1691440ed94f65,c402d113a3e2da03996cf89a164cf007,delivered,2018-06-25 18:06:01,2018-06-25 18:15:24,2018-06-26 12:44:00,2018-06-30 12:48:56,2018-07-16 00:00:00
ee24b5ab6e72c956f37630115a3c5cc5,9d7b386d6dbdd05a9f181028f8bc9a30,delivered,2018-04-04 17:20:44,2018-04-04 17:30:24,2018-04-07 00:03:47,2018-04-09 23:38:34,2018-04-19 00:00:00
b3fecd6def645344f844fc19117ffcd8,4f848cc5e340405d56e2e6b7723bf8c1,delivered,2017-03-05 08:38:26,2017-03-06 08:42:47,2017-03-18 07:23:59,2017-03-21 12:42:12,2017-03-23 00:00:00
455e1d46fddb5da406e019d2ad34462e,c1537c6f518d254b6d7060f966b7bcd8,delivered,2018-03-25 21:14:19,2018-03-25 21:30:47,2018-03-27 05:48:45,2018-04-17 19:47:27,2018-04-23 00:00:00
137f57a202d83cd03668234859e1b2a9,67dc4248572d349a89b5b433c09736fe,delivered,2018-08-04 20:13:50,2018-08-04 20:30:16,2018-08-06 11:52:00,2018-08-13 23:40:44,2018-08-29 00:00:00
38776c227318fc6906defc2d197cb17a,ae22e15aa05dbb05e754b9cd2c4846ac,delivered,2018-06-06 14:49:21,2018-06-06 15:13:01,2018-06-08 09:29:00,2018-06-11 20:52:31,2018-07-03 00:00:00
846ddcf1c6b8e75dc7639b3ba919937c,45067e8e59e7901213581b2ca0cee6b7,delivered,2017-10-14 09:31:00,2017-10-14 09:45:14,2017-10-19 12:12:39,2017-10-22 16:48:41,2017-11-08 00:00:00
a4d1612b7bfa43ca6f14b27bfda0d1cd,307da6d998b08b4265bca9b94eb21d79,delivered,2017-05-30 22:30:32,2017-05-30 22:45:19,2017-06-05 09:52:01,2017-06-13 14:56:04,2017-06-26 00:00:00
5bfad1932352fcd447ddb67c215b5552,a31e1fd9832dd7669cf71d1f8a6170b6,delivered,2018-02-15 15:56:28,2018-02-15 16:10:37,2018-02-21 20:09:16,2018-03-05 20:37:13,2018-03-08 00:00:00
d0b446af99e79a960dd8c63777fc65df,9e63980f2ac755983af98be7a236a234,delivered,2017-10-21 20:21:29,2017-10-21 20:35:20,2017-10-24 21:04:18,2017-11-04 13:33:35,2017-11-03 00:00:00
24e69f36003ec9ad845a8490993c57cd,6dfd42af4aa3cd33204c2fc4605ebee9,delivered,2017-12-28 21:44:12,2017-12-28 21:56:21,2017-12-30 12:49:17,2018-01-12 22:46:52,2018-01-29 00:00:00
aee7c19a75c89bf126f4ffc9cfea0d0d,6da0638fceb67e0eb80766bdf036b0ec,delivered,2017-07-14 09:47:24,2017-07-14 09:55:11,2017-07-14 18:47:59,2017-07-28 19:31:28,2017-08-21 00:00:00
729d6ac59d920fd1fb1be86480db4325,34b3293a194f0738ffb98e945c939ce5,delivered,2018-02-12 20:10:50,2018-02-12 20:28:14,2018-02-16 23:38:59,2018-02-26 21:55:10,2018-03-07 00:00:00
7c769f1263d481510a383d435d81095f,ab1da939a9aea39af860d8da9a63e9d1,delivered,2018-02-08 16:15:14,2018-02-09 16:10:42,2018-02-15 15:53:14,2018-02-21 20:04:42,2018-03-12 00:00:00
983878e0dee08c5570f8ec3162ac5927,c5eca7583f81d2c723b797c2e710f0e0,delivered,2018-04-19 10:10:12,2018-04-19 13:35:20,2018-04-20 19:09:53,2018-04-26 17:08:58,2018-05-14 00:00:00
8f642c94980ebe5d01b42807bc732650,a086b1ee2f6f30b49960b5b1d2872647,delivered,2017-10-06 14:32:11,2017-10-06 14:49:13,2017-10-14 15:57:41,2017-10-25 18:03:12,2017-10-31 00:00:00
8b077b8596bc4dddd67331311917d107,6104de8d891cf5373cfd7365b71a2b3f,delivered,2017-04-03 11:47:47,2017-04-05 02:42:40,2017-04-11 11:33:04,2017-04-17 09:36:04,2017-04-24 00:00:00
a03bcd3a3d6e8009b9253928c9db4d4f,7dfff072f58e3139071c29396007097b,delivered,2017-10-11 13:56:49,2017-10-11 14:14:16,2017-10-20 12:58:59,2017-11-01 18:38:59,2017-11-23 00:00:00
ca710aeaf469a14db2f46bf1bf7f5c54,a98e0b3366f5ae4760cd3764c5b518f9,delivered,2018-02-17 14:21:33,2018-02-20 07:27:31,2018-03-14 21:46:27,2018-04-02 16:38:57,2018-03-14 00:00:00
61b3b6333b91d2908d5b7ab095ffb8f1,8424a6d15ed35d8eb8b07d180def3653,delivered,2017-07-18 15:02:14,2017-07-18 15:15:12,2017-07-21 20:12:32,2017-07-25 12:57:35,2017-08-09 00:00:00
5ecd7af8497c9aeba11b9f0c79c0b466,69c47fa9916a4e82ac61f93d8e822935,delivered,2018-04-01 21:40:16,2018-04-01 21:50:23,2018-04-02 19:41:55,2018-05-08 09:23:41,2018-05-04 00:00:00
f9ccaff7267fd0cf076e795b1fae8b69,deaf712a6d30217071ce4d2cf4e0ef79,delivered,2018-08-10 13:47:16,2018-08-10 14:04:44,2018-08-16 13:57:00,2018-08-22 23:03:23,2018-08-23 00:00:00
90553773adebd97e53db3810be841c91,3f774a8ca68da8fc546c22ba0e483568,delivered,2018-02-11 11:50:35,2018-02-11 12:08:56,2018-02-14 19:40:00,2018-02-20 20:18:50,2018-03-09 00:00:00
09816d25300df1b7cc5c78edc96f55da,3d64967ab5012122e071d526a18038d1,delivered,2017-12-23 21:58:49,2017-12-23 22:10:23,2017-12-28 19:04:06,2018-01-06 15:42:25,2018-01-24 00:00:00
ba9db9fb21617fd062fee898664e4996,02e3c16610531c771a70c55725f36cfc,delivered,2018-04-16 23:22:47,2018-04-17 23:31:48,2018-04-23 10:10:43,2018-05-02 20:44:32,2018-05-16 00:00:00
51bd57353e3e9dc73134394fac6f3ba5,d02028ce4af456706b1ea6038e902a3e,delivered,2017-07-02 20:11:48,2017-07-02 20:25:14,2017-07-04 15:34:45,2017-07-11 13:32:33,2017-07-26 00:00:00
84a0da4c506ee63e6163cfab9141964d,f7aa8e63ec5f931263acfecaaa58b7a4,delivered,2018-03-07 16:53:53,2018-03-08 02:30:50,2018-03-08 20:27:18,2018-03-17 13:52:36,2018-03-23 00:00:00
f28cf65c040ec0031234f04085debe30,82dca5a0d58f3e7847e28a177e70f1e0,delivered,2018-03-10 12:12:15,2018-03-10 12:28:18,2018-03-14 21:05:37,2018-03-20 20:48:44,2018-04-05 00:00:00
648fd7a88c08b7d6fdf29c28361c87d5,17f0a8fbb9f43468d2592cff8a70cce2,delivered,2017-11-25 01:06:42,2017-11-25 03:52:51,2017-11-27 16:48:52,2017-12-07 21:17:07,2017-12-22 00:00:00
19f8033200723ac16aa147cf1add96c1,e36fbeb0ed7be80a574afd5fb9110dac,delivered,2018-02-17 01:22:05,2018-02-18 01:15:26,2018-02-22 18:05:23,2018-02-23 21:08:29,2018-03-05 00:00:00
3514fd00653caace61ea8ad6cd20c017,806c46dc97eaec94343ed413566a39f8,delivered,2017-03-16 11:18:01,2017-03-16 11:18:01,2017-04-13 15:34:05,2017-04-18 12:34:46,2017-04-27 00:00:00
5d366aa092ca44b2efb23f0c5d1e3726,0a42cf907d8c09bedbf6e69ccf60b7f9,canceled,2017-06-16 15:39:20,2017-06-16 15:50:22,,,2017-07-10 00:00:00
16973899e06db09cccd13b671d2d765d,261e920cea4cacce7ac6883550a2487d,delivered,2018-03-15 10:38:25,2018-03-17 02:35:39,2018-03-22 21:33:08,2018-04-16 16:58:52,2018-04-03 00:00:00
bbbaa059721d8a17be92ed10c61d2a59,ed4e522d0b167af01b227afe8bf28fe6,delivered,2017-06-07 23:16:59,2017-06-08 23:10:10,2017-06-16 13:34:57,2017-06-26 18:17:51,2017-07-04 00:00:00
20eb7eeb96c1d064240b1c21ab810398,61a382dc46de6a3fb729432181a69516,delivered,2017-09-30 19:22:52,2017-09-30 20:14:12,2017-10-02 19:59:46,2017-10-17 17:53:53,2017-10-30 00:00:00
7139a3b215ea730e2db624cc99820578,5258ddb267b5d4cd0ebb504ebc69b804,delivered,2017-09-04 18:46:38,2017-09-04 19:15:15,2017-09-06 13:17:04,2017-09-12 18:23:10,2017-09-22 00:00:00
e05d47db6161413ab417d533c1424904,7dd6760d5d15c01665336a2a040d4d37,delivered,2018-01-22 13:43:38,2018-01-23 03:39:04,2018-01-23 18:22:04,2018-01-25 22:06:09,2018-02-06 00:00:00
b6446a611bb9c288f42fc87611d4d2b9,c029dfbb73a59f46affafca213c29747,delivered,2018-03-04 14:04:42,2018-03-04 14:28:43,2018-03-07 22:05:15,2018-03-22 17:27:30,2018-03-26 00:00:00
12994c8b16a5e15fbbecf653c20a0a39,04bbdc3ac9295507b111d49f4d110eb1,delivered,2017-05-31 00:51:26,2017-05-31 01:30:15,2017-06-01 13:33:29,2017-06-06 16:47:32,2017-06-27 00:00:00
e2f221486e4e15ef55da8a8101d53b51,87bbac135360225f64beab40f0a78d3d,delivered,2017-08-03 16:56:22,2017-08-03 17:23:46,2017-08-04 19:46:57,2017-08-11 18:17:02,2017-08-28 00:00:00
13ce7f4beebc91755492c12e77093d10,e8044b8d644927aa85a0eacf725fcf99,delivered,2018-05-30 11:33:10,2018-06-05 04:12:50,2018-06-05 13:12:00,2018-06-13 21:03:34,2018-07-04 00:00:00
f791b3e41bbd74269effdae85dd311ef,223345b23d267598be393e1b629c098a,delivered,2018-06-19 09:11:42,2018-06-19 09:36:46,2018-07-03 12:16:00,2018-07-04 22:20:48,2018-07-19 00:00:00
62943af23e4392386dd77cdb5ed079e0,d7d084e643f5ec3bbb84f4e4639e510f,delivered,2018-02-19 15:37:47,2018-02-19 16:46:57,2018-02-21 18:03:50,2018-03-10 17:12:17,2018-03-15 00:00:00
9f94d18d96cdee37300256e7284d7de9,f7781053e9747cf9af8e900812a21e53,delivered,2018-03-05 18:17:36,2018-03-07 02:48:56,2018-03-07 23:07:17,2018-03-19 23:52:24,2018-03-27 00:00:00
d9206b6df475ed69a1f7de7ecc2d9401,dfe36f6f91b8ee76334aa784f298e3ba,delivered,2018-03-19 10:17:09,2018-03-20 03:10:46,2018-03-21 19:03:12,2018-04-27 22:48:21,2018-04-12 00:00:00
c29422d62477f7eea0a105efc492443f,bf9ddf351440169df6a18ace6f14e1ea,delivered,2018-01-15 13:55:32,2018-01-15 14:10:43,2018-01-16 18:21:40,2018-01-19 15:22:51,2018-02-05 00:00:00
a755e8bb9632b9db4b49aa46b30a2fee,09256eecda76e5ebd891970539e9746b,delivered,2018-07-20 18:13:40,2018-07-20 18:25:15,2018-07-23 14:07:00,2018-07-30 16:24:26,2018-08-15 00:00:00
03cd43eb7c373b23a0b55c1c8f76c861,14d70a0cee529bb63fec5712914c3938,delivered,2018-06-28 10:17:16,2018-06-28 10:31:33,2018-06-29 14:45:00,2018-07-04 00:51:59,2018-07-23 00:00:00
d32c308cae5b8c416907dc360ac819fe,174a247558b42728a22d8c5ee161c424,delivered,2018-04-30 22:10:27,2018-05-01 03:32:39,2018-05-02 13:08:00,2018-05-03 17:26:37,2018-05-17 00:00:00
1617449e333a6b58fd912b6a4f25330c,e383b75eb8a0fc78d4303be8123c7074,delivered,2017-03-13 18:13:52,2017-03-13 18:13:52,2017-03-14 14:24:23,2017-03-16 06:12:06,2017-04-03 00:00:00
b89d3f466656d80cfaa4bf9698218c83,ac197c0eb5cf980ee812fe961476814a,delivered,2017-02-01 12:44:51,2017-02-03 03:41:26,2017-02-06 10:04:38,2017-02-08 09:23:59,2017-03-14 00:00:00
efbc31f25e73773a418a59dcd5ee7fee,7f7ed2ef1ed98f6618c59d546f24459c,delivered,2017-12-14 14:21:08,2017-12-14 14:33:02,2017-12-18 14:22:48,2017-12-27 18:09:53,2018-01-18 00:00:00
8bf374450911ac76af4ba0a4f1233d0e,05f224f92bc94da937b108bb3c9af282,delivered,2017-10-13 11:46:19,2017-10-13 11:56:16,2017-10-18 16:28:12,2017-10-20 17:15:06,2017-10-26 00:00:00
48bf48be5229515b4e7beebaf2eb2d98,74e0a4d621d8f450a9bf033bd8e39123,delivered,2017-10-26 13:07:54,2017-10-26 13:33:44,2017-10-27 18:16:09,2017-10-28 14:07:42,2017-11-08 00:00:00
1d56a69c61d4c1cfa98fd5379f4f22fe,bbd6514b6c09971bdc16eed023d04f51,delivered,2017-07-30 15:12:21,2017-07-30 15:25:09,2017-08-01 17:22:49,2017-08-04 20:25:35,2017-08-24 00:00:00
bd9d255d535e79d6178400fe2aaec59a,26a122b790648718c0e63c4ba55bcf4b,delivered,2018-04-05 16:12:14,2018-04-05 16:28:49,2018-04-07 01:20:55,2018-04-07 16:30:59,2018-04-17 00:00:00
b178e047b185d2f781a3646f88ec3e52,bbdab4e146801ce1813253529c3ac698,delivered,2017-09-11 23:46:26,2017-09-12 00:44:04,2017-09-15 23:42:38,2017-09-19 22:14:56,2017-10-04 00:00:00
848bb02f182d3cd9c820281db86fc743,c76de7b6f32b0e9b8576045f3b4e0c99,delivered,2017-05-19 10:42:47,2017-05-19 10:55:26,2017-05-22 14:23:13,2017-06-06 16:10:17,2017-06-14 00:00:00
5bebe0296b65287e94b489cd279782cc,e3e47ad0e26636dadc729691ce8b5e86,delivered,2018-08-17 11:51:36,2018-08-18 11:50:59,2018-08-21 13:28:00,2018-08-22 18:21:40,2018-08-23 00:00:00
1ffa5b452e69441a703d3c4af70e028a,b9c3bd90968c0b0f2e7fd871efa43ae4,delivered,2018-04-19 20:57:08,2018-04-19 21:10:18,2018-04-24 20:58:44,2018-04-28 12:32:51,2018-05-25 00:00:00
533e69dda70ac7671a0bda8bb5fc08db,b43b66d0bf62b519a78dec638270e225,delivered,2018-08-04 14:55:00,2018-08-06 08:44:39,2018-08-16 14:16:00,2018-08-24 20:15:47,2018-09-04 00:00:00
4772a4a9429a2a6bb2dbb664b711eef8,92d31a8892a9b50499a907082ae5e187,delivered,2017-12-07 16:16:48,2017-12-07 16:31:50,2017-12-09 13:28:24,2017-12-15 23:49:04,2018-01-08 00:00:00
87c1c6290f9a38a66bae906e0d230d3d,2277d479ba033b5878e10616e0cda399,delivered,2018-06-26 07:21:27,2018-06-26 07:38:03,2018-06-26 14:43:00,2018-06-28 17:28:52,2018-07-19 00:00:00
0b375c9434c495b5759da891d8b26bf4,ab8fe6f7befe06ef4536fb2ed52a4c21,delivered,2017-09-18 00:32:11,2017-09-18 00:45:10,2017-09-18 22:22:21,2017-09-19 18:37:57,2017-09-29 00:00:00
553fee3c21ab4328508c8e467806613e,434c715a38dc04eda3d438177d1dd98e,unavailable,2018-01-12 23:57:07,2018-01-17 08:30:45,,,2018-03-02 00:00:00
f24b2cd1d57f9c6405a1840ba856f421,41e8e79dff11a420fa5f43a7fb053034,delivered,2018-05-15 13:28:49,2018-05-15 13:55:00,2018-05-17 06:56:00,2018-06-01 20:38:49,2018-06-06 00:00:00
4c0bc0ca54c4656b765b25b111eca0b0,45b8c320f2670f8a7760e8c3761f2657,delivered,2018-04-24 17:31:53,2018-04-25 03:51:31,2018-04-26 07:09:00,2018-05-18 20:48:53,2018-05-25 00:00:00
0e5f408dbf29e3e4a1cbbf07e6dc04f9,c6102d390ac140f0dc514157701a3e1c,delivered,2018-06-18 10:15:59,2018-06-18 12:02:01,2018-06-18 18:57:00,2018-07-02 14:15:08,2018-07-16 00:00:00
fb63c6ffdd965418ce463c165f2f0efc,e286acbf69751918e6e445bc1e8f07fc,delivered,2017-10-22 07:28:18,2017-10-22 07:49:10,2017-10-23 17:39:13,2017-10-24 15:14:08,2017-11-07 00:00:00
213d94bed720c45326d1fea2f7fc2b92,14b6f4189d383785662ff6bf3a9c32e3,delivered,2018-07-23 15:19:02,2018-07-23 16:20:16,2018-07-24 15:12:00,2018-07-27 20:42:28,2018-08-06 00:00:00
aba96743af8df174b11c6b6e8a9360a2,944eac17089e8ffd72fee9cd656c5444,delivered,2018-01-04 12:56:34,2018-01-06 02:31:43,2018-01-08 21:54:05,2018-01-23 15:34:14,2018-02-01 00:00:00
f205c6826655efc71379acaa53d3b83b,25033515ca54549ab33a66e549c6f2de,processing,2017-09-29 00:54:27,2017-09-29 01:07:07,,,2017-11-10 00:00:00
4b7f3bc13a8180b1cb4de82745278846,14c9e6c08c67f35306e26da826b1b4af,delivered,2017-12-23 17:36:05,2017-12-23 17:49:13,2017-12-27 13:45:09,2017-12-30 11:38:36,2018-01-31 00:00:00
4a0b592d4d6082de8155698ca49c6345,e1b1416cc9565ebdb336ddaf12fd9229,delivered,2018-07-23 16:39:54,2018-07-24 08:31:39,2018-07-24 10:21:00,2018-07-26 17:11:42,2018-07-31 00:00:00
f9651b358b6d207c7bd6c83078948f27,dde778728d07441a1911d9d356e3d749,delivered,2017-03-27 22:06:53,2017-03-27 22:23:24,2017-03-28 15:13:53,2017-04-07 15:09:58,2017-04-20 00:00:00
7e3154615c510971dc93f2d63397b3db,754af71a315386565b9d6c667afb2cf6,delivered,2018-06-15 10:28:15,2018-06-18 15:57:00,2018-06-20 11:59:00,2018-06-26 18:34:52,2018-07-26 00:00:00
4245512813e76dedfec361b0da793222,25a981e4c777512271ec9d578f8ae214,delivered,2017-06-21 14:47:50,2017-06-23 02:30:48,2017-06-23 10:43:58,2017-06-26 11:08:14,2017-07-04 00:00:00
dbf30005e577a1120ad6ee6630cd8720,160454c8526f965c5fa679be50364c4d,delivered,2017-08-20 12:02:12,2017-08-20 12:15:20,2017-08-23 20:25:17,2017-08-28 14:36:42,2017-09-13 00:00:00
c50a61769f40b372bbbd80499c805d9a,3e26a4bb735d6ca03379a86274ed9229,delivered,2018-07-05 11:49:09,2018-07-06 02:55:13,2018-07-11 14:12:00,2018-07-12 19:37:49,2018-07-19 00:00:00
1e8d7572730e1a9c9498d628313192b4,7c4ac40944ae48e97672477c16ad3e2b,delivered,2018-04-26 15:26:06,2018-04-28 03:33:00,2018-04-30 11:19:00,2018-05-07 16:57:40,2018-06-12 00:00:00
f4c8338a46de11977d4378c185a9dbaf,158a85476cfa94b54ad3811bd8e3ec57,delivered,2018-04-23 23:25:41,2018-04-24 17:30:16,2018-04-25 11:55:00,2018-05-07 11:22:32,2018-05-15 00:00:00
46e0714284d1eddaea3742d19ed0adf5,7d53bd0123b89358ef64d52ac2425e28,delivered,2018-01-10 01:42:58,2018-01-10 10:31:50,2018-01-10 19:55:06,2018-01-22 19:07:15,2018-02-06 00:00:00
ccd9c560145e965fc5c037e0cc1160b8,c4ce6be40d0061a63e09a91bdd9963f2,delivered,2018-01-17 22:39:40,2018-01-17 22:50:13,2018-01-22 22:53:09,2018-01-26 19:49:09,2018-02-08 00:00:00
941019ce2dd2c6e0283d3dd469b1c5a0,d115aaf6fb79cd479663952ea015e1f5,delivered,2017-03-27 14:36:39,2017-03-28 14:30:15,2017-04-10 15:46:17,2017-04-27 14:07:10,2017-05-16 00:00:00
adecfaa4b38662b16aa0fcbe33d5fb1f,f104a90b742e0d6d7bcc10dd187bc2f4,delivered,2018-01-25 08:16:22,2018-01-25 08:33:50,2018-01-30 23:35:14,2018-02-15 20:08:57,2018-02-26 00:00:00
6a839cefad7d1b9fe3cf83d0b5714fa3,ab68211f0ce4caceb4fa3a72f222deeb,delivered,2018-01-08 19:49:22,2018-01-08 20:36:26,2018-01-09 15:34:23,2018-01-17 22:48:28,2018-02-06 00:00:00
8c1538f82eb9eab8cad2da706a90df93,4b9dd5c5b1842454d365eea181e77012,delivered,2017-06-16 14:15:16,2017-06-17 03:42:22,2017-06-21 18:43:45,2017-06-26 13:21:48,2017-07-06 00:00:00
247c317b5fb8366262f84e1a5e99dc22,bc251d1c25a7713b2bc3ee7806616135,delivered,2018-03-13 18:04:21,2018-03-13 18:40:32,2018-03-16 20:27:30,2018-03-20 18:57:32,2018-03-29 00:00:00
c228d74a177133cf18cf69486c3fcd10,5ba3002b920d588cc7e1e1a796713e0b,delivered,2018-04-05 22:31:47,2018-04-05 22:49:06,2018-04-07 01:21:25,2018-04-24 15:23:02,2018-05-03 00:00:00
1c4c5941a5469a3259096232a68c3e70,96939536022d45ecbcb1362dd130172d,delivered,2017-10-25 15:20:05,2017-10-25 15:28:38,2017-10-26 21:23:55,2017-11-01 20:15:39,2017-11-14 00:00:00
029de66f2ffa0e793ca2aad5e304a748,af36102025fd8041e660558de504dade,delivered,2018-03-04 17:04:40,2018-03-06 03:35:31,2018-03-08 21:16:26,2018-03-20 11:56:53,2018-03-27 00:00:00
c88fd0ebff880ffd57fe7f6528f8dc6d,a404cf429e01bc5a46671c0b95484026,delivered,2017-11-03 11:43:16,2017-11-03 11:55:49,2017-11-06 22:42:06,2017-11-13 18:38:51,2017-11-30 00:00:00
a657eafd7fea4c928535644e36a20108,da1a87cad3822ef3a0c70db2aececab3,delivered,2018-01-24 10:48:15,2018-01-24 10:59:31,2018-01-26 00:09:08,2018-02-22 21:23:01,2018-02-26 00:00:00
49c0586d77735f8fdc96c83dd76ac808,c0fe20e105ef2b292a69762bcdd42308,delivered,2017-05-10 00:21:17,2017-05-10 01:25:42,2017-05-11 12:28:39,2017-05-12 16:48:00,2017-05-18 00:00:00
1c03ba88bad43efaf8139c1e966ef211,65d8aeb39bb0e6d72380d2c2d9fe48dc,delivered,2018-01-20 12:06:44,2018-01-20 12:15:14,2018-01-22 14:24:53,2018-02-09 19:58:57,2018-02-15 00:00:00
213a17bb373d57763822d78e40e7ca38,078a2f61525075c9f8bb16f202854ff7,delivered,2017-04-21 21:53:53,2017-04-22 22:01:39,2017-04-27 05:43:02,2017-05-15 14:20:00,2017-05-29 00:00:00
d48c000420ecc626fa621ab2f206fd85,e79f0f134f65def68b2af1eb9969f58c,delivered,2017-02-15 11:43:37,2017-02-15 11:55:20,2017-02-17 13:32:14,2017-02-23 12:53:08,2017-03-14 00:00:00
67c8fda9d347535e923f93614f2b44e0,ec0c08af5c172f4e494932f5c75e4458,delivered,2017-11-25 02:11:32,2017-11-28 03:18:25,2017-11-28 19:29:05,2017-12-13 21:36:43,2017-12-15 00:00:00
e1df35a4d8a73d8ad53be0f5993e6af4,f3a4644c8ed85a663dcfcea1e815e83a,delivered,2018-04-04 17:23:21,2018-04-05 02:30:25,2018-04-05 22:46:42,2018-04-19 22:33:31,2018-04-30 00:00:00
d11dabeea9817f9d7233bf03790d2f25,fb1edacaed9e826ba1d26577ac427d25,delivered,2017-06-28 18:40:12,2017-06-28 18:50:21,2017-06-29 10:09:55,2017-07-19 19:44:04,2017-07-20 00:00:00
5498bf7c13194844d474e73da1ab8bb1,de90bb921bd5c53089b9972b56b9a553,delivered,2017-07-20 12:05:59,2017-07-21 02:50:15,2017-07-21 17:14:26,2017-07-26 19:23:00,2017-08-11 00:00:00
58598ce81b3b904e276c132cf685d0f9,c3812dedbb82a8b342df8c1625420ed5,delivered,2018-03-10 07:47:35,2018-03-12 08:35:32,2018-03-12 19:18:38,2018-03-21 22:51:26,2018-03-28 00:00:00
ee8479682bda7a58ee0cae4c73643816,4e94905925e1f8fb4eb6d57e6e1bcaa0,delivered,2017-12-02 09:43:06,2017-12-05 04:12:16,2017-12-05 21:43:49,2017-12-26 14:23:20,2018-01-02 00:00:00
53172252fda6ac3410a2d093e143d2dd,08990861309c229653bd4f67b9c3d2d5,delivered,2018-02-01 11:34:52,2018-02-01 11:50:33,2018-02-01 21:31:36,2018-02-02 22:18:39,2018-02-19 00:00:00
49ec9dd0000c7df85f49fa626edbae3a,911d64d56ccb83c1557162f990b45a88,delivered,2018-08-20 08:21:24,2018-08-20 14:32:57,2018-08-21 15:46:00,2018-08-29 18:38:33,2018-09-11 00:00:00
1b15974a0141d54e36626dca3fdc731a,be1b70680b9f9694d8c70f41fa3dc92b,delivered,2018-02-22 15:30:41,2018-02-24 03:20:27,2018-03-02 00:18:01,2018-03-05 15:22:27,2018-03-08 00:00:00
3ac9f29f627096a68b91ec5db427f94c,c3283d189ce91fe3a6a69c7d6aa3a5e5,delivered,2017-11-25 15:49:21,2017-11-25 15:57:25,2017-11-29 21:07:01,2017-12-04 23:18:31,2017-12-15 00:00:00
72f2b0985c221947500b786ead233a87,0ce079ec4ad92f74a0cb8141907547f8,delivered,2018-02-12 21:54:11,2018-02-12 22:40:29,2018-02-20 11:28:32,2018-02-27 22:23:45,2018-03-06 00:00:00
bcb761f4d8fa749e23ae01bebabe8b78,493f02406fba095160b473a15cf9f9b9,delivered,2018-01-11 08:25:00,2018-01-11 08:32:25,2018-01-11 18:37:50,2018-01-16 19:16:29,2018-02-05 00:00:00
fa1ef91c1e8b0e6058d8d16cfe230ff4,5aea25930a6a9c51f4df7dc5c90dbeea,delivered,2017-07-24 18:27:13,2017-07-24 18:35:23,2017-07-26 00:55:48,2017-08-02 20:41:46,2017-08-15 00:00:00
b5e0fde1c337ebf2f84dbcddde845156,e04ba865d0f1f8b3bfa981aef3f40eea,delivered,2017-08-09 14:55:32,2017-08-09 15:10:22,2017-08-11 19:21:56,2017-08-18 21:16:35,2017-08-31 00:00:00
bb0b676d5b0925b1ef529d78548c37b9,c62c0c73fc8902fefd4dd54b2e490662,delivered,2018-04-18 22:25:30,2018-04-18 22:35:19,2018-04-21 00:24:33,2018-05-08 19:54:57,2018-05-16 00:00:00
408df9004bd631081333aab0584bcfe4,1d4cc802687967bdde540ab57f9fbd55,delivered,2018-04-12 09:16:20,2018-04-12 09:30:11,2018-04-13 17:21:08,2018-04-17 22:58:24,2018-04-30 00:00:00
0584a31bb6abbd3dcc27e2d464ac863d,547b138492fe9767762865f216a83e5e,canceled,2018-02-18 15:06:15,2018-02-20 07:11:01,,,2018-03-06 00:00:00
f076e6d4f9afe2b9f866bc0dc20abc6f,392e56f99219f4f378b8ef5ac613621f,delivered,2017-04-05 15:41:09,2017-04-05 15:50:24,2017-04-06 13:03:21,2017-04-11 15:37:43,2017-04-26 00:00:00
804f733828d8587c734a1d8fc5634e06,4270f23425b159140e10ed2fd1827a8b,delivered,2017-02-05 18:47:44,2017-02-05 19:01:52,2017-02-15 10:03:15,2017-02-21 09:58:49,2017-03-03 00:00:00
1db33e72df6ceae6380551c0b6022079,40715b0fba77c4b3b0821ed73ea46028,delivered,2017-12-12 12:15:54,2017-12-12 12:32:45,2017-12-13 19:35:29,2017-12-27 16:36:49,2018-01-05 00:00:00
955cfc6fc88baf05abb8692e1285a9d2,9ded6ec164c309d21d79dc6f53e14610,delivered,2017-10-05 17:59:58,2017-10-06 17:56:18,2017-10-07 11:13:45,2017-10-18 19:19:04,2017-10-30 00:00:00
0de63dfb56f4aeb1c82c093272dd593a,512966bc5f391e213ef515141a15f268,delivered,2017-11-24 09:55:29,2017-11-25 05:50:44,2017-11-27 16:09:11,2017-12-12 17:38:00,2017-12-20 00:00:00
d8bd1a832e609b5dfb2e9ff4591720b8,3ace8556f39e277f89d4e406bd9954db,delivered,2018-05-09 16:14:20,2018-05-09 18:13:39,2018-05-16 05:29:00,2018-06-05 20:38:58,2018-06-13 00:00:00
274cf015cc561f478982ccea728fc1b6,bf4672f1d0d89b6a477e91f6ee8ff166,delivered,2018-04-22 17:48:24,2018-04-24 18:34:00,2018-04-25 16:07:00,2018-05-10 20:27:04,2018-05-18 00:00:00
b04d1dd669ddb039cfc706d7bc859e70,7313aa485d8969d6cb3970d49e9f457e,delivered,2018-08-06 21:43:01,2018-08-06 21:55:19,2018-08-23 15:11:00,2018-08-28 11:54:52,2018-08-29 00:00:00
434061e3b7fa3c393982a25fe1664a57,9a269094d15af95a26f31d7b7bc1637a,delivered,2017-09-27 21:08:28,2017-09-29 02:30:35,2017-10-04 19:29:58,2017-10-17 16:49:38,2017-10-24 00:00:00
fa200e49cb5e3ae19cde414d9d9161d4,8c249a8270e7388f730eba7a657c2318,delivered,2018-08-18 15:35:12,2018-08-18 15:50:08,2018-08-20 15:29:00,2018-08-23 16:35:34,2018-09-11 00:00:00
54145c3186301069402e7e07a5e14d2d,179c51ca556550022f1563a7a6f23d44,delivered,2017-04-17 10:54:27,2017-04-19 02:45:50,2017-04-24 15:43:15,2017-05-02 17:15:59,2017-05-22 00:00:00
4c4d0f4c8d4f702981b6ecad4dc40ca4,71fa23a1c02f3750da18c91a830abd5d,delivered,2017-12-06 02:25:40,2017-12-06 02:50:45,2017-12-07 01:13:29,2017-12-14 00:49:10,2017-12-29 00:00:00
6adcecbe14853c4a59e88f497152d83c,c702d44160f436c39dc122a2c9e22d2e,delivered,2018-06-21 22:59:57,2018-06-23 02:36:08,2018-06-25 08:05:00,2018-07-04 12:31:51,2018-07-20 00:00:00
a757a56d0e861a38647169019a35ef8d,c6ff821f69a0dec55cfc2694414e45e4,delivered,2017-11-20 11:46:59,2017-11-20 12:09:22,2017-11-23 00:12:13,2017-12-13 19:12:46,2017-12-12 00:00:00
947a5a30a6e7ca913d5404922abd8fa7,2138e4d32859702d18fcee1c6268d37c,delivered,2017-11-27 20:04:14,2017-11-27 20:19:27,2017-11-30 16:36:59,2017-12-15 14:48:07,2017-12-18 00:00:00
3f6bb104a95e5d4476c4f49d96951475,dc85ba03d8f3d7b2f51666a6f849641a,delivered,2018-04-21 16:29:44,2018-04-24 18:46:53,2018-04-23 22:12:55,2018-05-03 23:41:58,2018-05-10 00:00:00
f81189aaeb2e561e2e9fe0faec4bbbc3,5a77562cdeddbd42ded18121c499061e,delivered,2018-08-02 12:06:34,2018-08-02 13:05:13,2018-08-03 11:25:00,2018-08-08 13:05:17,2018-08-13 00:00:00
6223139448b298754a0f5750c9f1db6a,09a7e4373b4208249ed773ac7ce87f1f,delivered,2018-04-16 15:59:45,2018-04-16 16:11:07,2018-04-21 00:31:37,2018-04-26 22:54:38,2018-05-09 00:00:00
2e9d8685e015feaba98d02e5544583f6,d1c1552729f4a36ad3f2e9f2103681e1,delivered,2017-08-30 13:54:04,2017-08-30 14:05:32,2017-08-31 19:33:50,2017-09-06 21:57:41,2017-09-22 00:00:00
61c79497eea86e34bf9354c13313b7a8,f3834ac0ac0daed5adbe81da85717fdc,delivered,2018-03-15 00:40:57,2018-03-15 00:56:15,2018-03-15 23:38:23,2018-03-26 21:41:33,2018-04-06 00:00:00
725cf8e9c24e679a8a5a32cb92c9ce1e,74be082247cd677a147d83ee670e9d53,delivered,2017-06-08 21:00:36,2017-06-08 21:15:16,2017-06-23 13:03:27,2017-07-06 09:22:00,2017-08-02 00:00:00
304f936dacbeaf1ba58639e6c57b4190,7e8d9b9fed93abc019690c1858753e88,delivered,2017-09-15 10:13:09,2017-09-16 10:23:30,2017-09-18 17:58:57,2017-09-19 20:34:02,2017-09-27 00:00:00
9857b5a9423566b75667ef0fb926bd5b,380836707fbc92b86912f06cb61db79a,delivered,2018-08-10 03:22:25,2018-08-14 04:30:20,2018-08-14 17:20:00,2018-08-20 20:38:51,2018-08-30 00:00:00
29377327915fc5e9d1e25a966ddc0f0f,f4eaaaa6f0cebeb7c70983d624dd648e,delivered,2017-04-28 11:58:19,2017-04-28 13:04:05,2017-05-02 15:59:28,2017-05-10 12:46:54,2017-05-24 00:00:00
24ad06b906180974c449ff61e10cc618,75c7f286ce3498129e5b1cda16ec5cfe,delivered,2018-07-19 11:57:58,2018-07-19 12:05:22,2018-07-20 17:13:00,2018-07-23 18:06:27,2018-07-27 00:00:00
77e14af3a32e9b3c2eefbf56eac92cc6,a483d29b933f7cdd870da777f32e91b1,delivered,2017-12-14 14:04:18,2017-12-14 14:13:32,2017-12-19 23:27:10,2017-12-28 17:14:18,2018-01-10 00:00:00
152d7c3d97e950fdb5bcaf5420a6e561,0c7648ae4276c0a9da0f437e07836798,delivered,2018-06-10 03:46:32,2018-06-10 10:30:58,2018-06-13 14:53:00,2018-06-19 00:22:32,2018-07-05 00:00:00
a0fe3a166733b6b4c91bca9b1cd91972,e0305458d0f5468db433ec4a032b45a9,delivered,2017-06-17 16:59:42,2017-06-17 17:10:18,2017-06-19 20:31:50,2017-06-27 15:14:32,2017-07-13 00:00:00
fd13714714b7c5802d61b83fe992d39e,38f40fc86a056151f29436ecd9ceb412,delivered,2018-02-04 22:25:30,2018-02-04 22:35:32,2018-02-05 19:51:35,2018-02-20 23:09:26,2018-03-05 00:00:00
36d72a17237aaecbc83158d0270b622c,77da1fb2f68e50fabf4322cf29885578,delivered,2017-03-13 19:10:13,2017-03-13 19:10:13,2017-03-22 08:34:34,2017-04-05 12:18:00,2017-04-13 00:00:00
8371302dbc6d728923e1cb35d318565f,d699d22b2c26086af9d5b38a601a2247,delivered,2018-06-19 09:58:50,2018-06-20 13:21:26,2018-06-21 07:12:00,2018-06-27 13:08:48,2018-07-11 00:00:00
c5bc852c581a2a4b56aacec903138baa,5261db1ae37e32512f4e406d0db1a3ea,delivered,2017-04-10 17:49:28,2017-04-10 18:05:09,2017-04-11 17:43:59,2017-04-20 14:34:06,2017-05-09 00:00:00
33feb9bd131e2e8e85cc143ad2bddc85,0c31132b8ad88895a3412dac10738bdc,delivered,2018-03-07 20:14:10,2018-03-07 20:29:27,2018-03-08 19:04:39,2018-03-27 22:03:48,2018-03-29 00:00:00
0e5c7d003ff6919e7633939b2cb151fd,ff869205a42a4de9aa4a4bc357c62507,delivered,2018-02-07 19:01:39,2018-02-07 19:10:35,2018-02-08 17:18:59,2018-02-22 18:12:19,2018-03-09 00:00:00
cb7e54b683ab7303fa52e2c3975801a6,de43c91b27ac6a591f999040a7ee9342,delivered,2018-08-01 20:23:30,2018-08-01 20:43:59,2018-08-03 16:29:00,2018-08-10 17:12:24,2018-09-17 00:00:00
7a1b533ffb0d462fbbd28037d3540a13,a0c4d64629ab08b4c1491e9117e0d3fb,delivered,2018-07-22 23:04:15,2018-07-23 12:31:41,2018-07-24 14:30:00,2018-08-01 18:52:29,2018-08-16 00:00:00
50f357099566f1be7abfaf8d9dc5b004,04356ca5b944f7a92d6b103bdb44268a,delivered,2016-10-07 17:13:42,2016-10-07 17:31:48,2016-10-21 16:34:06,2016-10-24 16:34:06,2016-11-29 00:00:00
164aa207e1b3a4ae050656051249e753,bf36e212151102fe45397327fd25c235,delivered,2017-07-04 16:04:38,2017-07-04 16:15:21,2017-07-05 17:35:48,2017-07-14 20:15:35,2017-08-02 00:00:00
69b12121d8945a3eb37c23bfd3a9d0c9,16cfe4eeb79c435605a28eea32eb94d8,delivered,2017-10-13 11:16:27,2017-10-13 11:28:21,2017-10-19 22:51:16,2017-10-23 18:32:37,2017-10-25 00:00:00
9e33d956d1112885d1ad919e54d05697,29ca898d3b92f3578a9b0d7d11bbf6d8,delivered,2018-05-06 22:09:30,2018-05-07 15:15:43,2018-05-08 13:08:00,2018-05-16 21:38:24,2018-06-05 00:00:00
1901945d048ddbc33ff8415524c892c8,2192a7f0e014eabbe36d560d31681cfc,delivered,2018-05-23 10:10:08,2018-05-23 10:36:00,2018-05-23 14:19:00,2018-05-24 15:57:46,2018-06-05 00:00:00
6d23c62a64505799abe7e3195e81aa73,68f8cb86c3336f9b795e0fec4331d999,delivered,2017-12-04 23:03:31,2017-12-05 10:30:53,2017-12-11 21:58:32,2018-01-03 12:37:34,2018-01-02 00:00:00
75dcb90eaffb6ce748938d1b67b1ad87,a71864539ac6fb91e3fea25f0a786798,delivered,2018-08-22 15:57:59,2018-08-23 19:05:26,2018-08-24 11:18:00,2018-08-29 17:18:43,2018-09-14 00:00:00
d46dac528dbfb09fdfc6a62c82d18694,2f3982443d47c0cdbfb4d2a1bb6198bb,delivered,2018-07-04 12:27:07,2018-07-05 16:21:24,2018-07-05 13:27:00,2018-07-10 21:23:38,2018-07-25 00:00:00
e762633655ca1d869d2036864e96fb6f,b45ef5a4dd1e77011397f8a96bf60f07,delivered,2018-08-05 22:41:40,2018-08-05 22:55:17,2018-08-10 19:12:00,2018-08-13 23:26:26,2018-08-13 00:00:00
7b324b5737fa42a7fb6df7c3769c3c9f,576916fabbdde01d0c6f6b66980639f3,delivered,2017-08-15 19:40:11,2017-08-15 21:24:50,2017-08-17 19:07:45,2017-08-22 22:34:00,2017-09-12 00:00:00
2c353c9011928609140c2fe8c3f925a5,e8e3d8d996f2b2945feab63c6c337989,delivered,2018-02-02 12:32:57,2018-02-06 05:31:46,2018-02-07 22:52:39,2018-03-07 19:32:59,2018-03-12 00:00:00
732c61dedcbe590b6b5d8a7609bf25b2,f4f26be1188a8977388672a08eabacbf,delivered,2018-01-08 15:23:31,2018-01-08 15:33:18,2018-01-08 23:33:03,2018-01-10 21:36:54,2018-01-31 00:00:00
73c67371d275029330214fcd2b439fcd,69183687970f872e3ff323cc65de88f6,delivered,2018-06-23 17:11:17,2018-06-25 10:53:50,2018-06-25 15:26:00,2018-07-09 21:32:10,2018-07-27 00:00:00
837ca96a36038f5782cee52efb754480,4b5eba565e8ef05bb726f5801be526ea,delivered,2018-03-15 12:02:37,2018-03-15 12:15:43,2018-03-27 23:44:55,2018-04-17 13:26:39,2018-04-18 00:00:00
91a9feb6ce38def7289c5ba5a7e021fc,b579def4c83db752cba104c7fd9f5da1,delivered,2017-12-21 22:44:47,2017-12-21 22:56:26,2017-12-22 19:47:19,2018-01-09 21:03:03,2018-01-17 00:00:00
ae5176160fcc23563149dd28b4137b6d,c3e330dca0531fa7992cd8aa1628f979,delivered,2017-04-05 09:55:00,2017-04-05 19:10:18,2017-04-07 10:15:25,2017-04-12 07:18:48,2017-04-24 00:00:00
93ae3d70a721582a8c0a1d28d804f947,2d994a14e9afaada433bf6e7509a8272,delivered,2018-08-07 20:40:10,2018-08-07 21:04:54,2018-08-08 16:38:00,2018-08-09 23:52:32,2018-09-03 00:00:00
646a1b93987d2552d842a2f34db266fd,20a6f66a60ad60d0ad594a9a208093d3,delivered,2017-12-04 13:31:34,2017-12-04 17:14:35,2017-12-06 12:46:53,2018-01-03 17:10:27,2017-12-29 00:00:00
49b2e22ab4e36837e0c47657dd8e390a,92b28bffd6f61c055ecece37f93c8e5b,delivered,2017-06-06 15:56:55,2017-06-06 16:15:34,2017-06-07 11:41:51,2017-06-19 21:37:44,2017-06-29 00:00:00
574b6436062a78088de8066ee209f9a8,6c25937c262cef6eff02af941c5c6b1b,shipped,2018-03-16 12:01:03,2018-03-16 12:10:32,2018-03-20 16:42:09,,2018-04-12 00:00:00
525c195315397b46cc4a8b1727d1d426,c37e9e3df9ea0bec2a24a0c5940e3537,delivered,2017-12-15 08:44:39,2017-12-16 02:39:37,2017-12-20 22:04:57,2017-12-23 18:51:31,2018-01-10 00:00:00
b801ae96fd6e107d3bc7695d36c62f4d,296fcc2b01c2775c429d694cbdf7433c,delivered,2017-02-21 02:53:38,2017-02-21 03:05:10,2017-02-21 08:27:25,2017-02-23 11:03:56,2017-03-20 00:00:00
8a93a08970bdbe30795050e234aee858,201e36d57411ab16157cd234082bdad8,delivered,2018-01-04 07:32:19,2018-01-04 09:03:23,2018-01-05 17:25:42,2018-01-20 15:33:33,2018-02-02 00:00:00
2e1cd6330c3813613972ac6976386c33,33e6dc4dd3e936799b77a6a204dc5d9f,delivered,2017-07-06 10:23:06,2017-07-07 02:50:55,2017-07-11 13:49:34,2017-07-12 17:18:10,2017-07-24 00:00:00
1429d024a5b24651ee03fd7216d95247,700864a2937ee34dee15a39ef4df15a6,delivered,2018-05-20 21:37:34,2018-05-22 07:55:16,2018-05-22 11:56:00,2018-06-21 11:32:27,2018-06-28 00:00:00
000f25f4d72195062c040b12dce9a18a,86ade8ebc14f18dd6c3ea75bd0eb7534,delivered,2018-03-07 10:33:13,2018-03-07 11:10:11,2018-03-16 15:58:31,2018-03-22 16:51:52,2018-04-11 00:00:00
fb4b0b0096d14fc21dd9baf7881283bf,859f28742567ec1ff37448113ce81a6a,delivered,2018-04-15 11:21:00,2018-04-15 11:31:07,2018-04-17 12:58:39,2018-04-24 20:21:56,2018-05-16 00:00:00
5834f2a1c94daee3cda85aa62af0a929,05d6dccf0ec00ec89c4462f9925903e1,delivered,2018-08-16 16:04:57,2018-08-16 16:15:32,2018-08-20 17:10:00,2018-08-22 17:32:30,2018-08-21 00:00:00
50d8c54f968d5b38446e26e018dc89c9,2d2946312ddf1d3549995ea0d0b7801a,delivered,2017-12-20 09:15:57,2017-12-20 09:30:09,2017-12-20 17:29:16,2018-01-19 01:39:00,2018-01-31 00:00:00
5178acb217f7a75ee85a3dd00eacdad7,c7696afca0e9b7090f5e295c7dff682b,delivered,2018-03-19 15:27:40,2018-03-19 15:50:03,2018-03-20 21:55:43,2018-05-22 18:16:34,2018-04-10 00:00:00
21acf351fd39c8a80aa62aed0b2fd28a,34d1179b8485fd694eaeaf5ba3ec0664,delivered,2017-10-11 13:27:06,2017-10-14 18:34:58,2017-10-16 21:22:35,2017-10-23 22:39:44,2017-11-01 00:00:00
97479dca48e26f93b2d370551d4603c5,913a32a0484c74b243581cd8b1821ae9,delivered,2017-09-06 17:41:59,2017-09-07 17:50:11,2017-09-12 14:56:30,2017-09-18 15:14:12,2017-10-03 00:00:00
642e30dc3dee21998e3692a38e312bb3,931e89887633d3e4f088f8de9315292a,delivered,2018-05-10 16:55:31,2018-05-10 17:10:27,2018-05-11 14:28:00,2018-05-31 19:05:39,2018-06-05 00:00:00
fb434a316418f41addb2ed20a04d5050,fb1bc88739493ba4c50529dbb998a628,delivered,2017-11-27 20:30:30,2017-11-27 20:39:42,2017-11-29 18:09:03,2017-12-07 01:09:58,2017-12-22 00:00:00
84d69a23359293cc4fe3cea41ef46c58,94dff73515858def7975ae5c2ec9e752,delivered,2018-02-28 11:19:13,2018-03-02 02:10:41,2018-03-02 19:24:27,2018-03-19 23:08:45,2018-03-26 00:00:00
c6d756e17863979439aee2e5e7a74ed6,7b67bd4af8d28c39d5440115002bd1a1,delivered,2017-08-18 21:32:52,2017-08-18 21:45:16,2017-08-21 15:36:59,2017-08-31 15:08:24,2017-09-12 00:00:00
d812dbfcae5778a9864fae0dfe22d9c9,74b3e5226e7940426a40067ae969bf30,shipped,2018-04-23 17:27:41,2018-04-24 18:41:35,2018-04-24 22:42:29,,2018-05-14 00:00:00
57ec43facf6675a86b249b5c44867350,844dbd978c6fe91dcaf59a20e93de660,delivered,2018-04-30 16:01:04,2018-05-01 05:55:11,2018-05-02 13:36:00,2018-05-23 16:12:10,2018-05-24 00:00:00
0de1fcbcf77497b2d0223441f6f59e20,76545fad2a6367925ea7877ca21d7374,delivered,2017-08-06 13:47:45,2017-08-08 03:55:30,2017-08-08 12:28:44,2017-08-18 20:24:53,2017-08-31 00:00:00
a968bece60cce24072b4a3a5175c454c,a5d55a74f380d575e1b4c4e4ccd8b42d,delivered,2017-11-08 10:47:47,2017-11-09 05:31:34,2017-11-09 21:58:43,2017-11-23 19:57:29,2017-12-08 00:00:00
43424eb217e25cdb0dd935ff90f8188c,c1e1e15c2553a234e00a55f9abb07a63,delivered,2017-09-19 12:12:23,2017-09-19 12:25:17,2017-09-20 17:09:03,2017-09-22 16:21:21,2017-10-05 00:00:00
65357d7465edecb310d5cfd8551f87a2,a786100ee43299742402a4b3638857fc,delivered,2017-02-07 12:53:24,2017-02-08 03:15:29,2017-02-08 12:03:49,2017-02-10 09:51:35,2017-03-02 00:00:00
4c7bd0abf84a8261c6d1af7ebb5819ad,21c23f66732782a0cf2491c3188f09fb,delivered,2017-05-27 15:47:58,2017-05-27 16:02:24,2017-05-29 11:09:43,2017-06-05 16:27:38,2017-06-21 00:00:00
9f392510db2297f0446b6bb17719333c,deba7800cadd368aa9a7fb477f78864e,delivered,2018-04-16 23:22:51,2018-04-16 23:35:11,2018-04-17 23:16:16,2018-05-09 14:12:12,2018-05-21 00:00:00
9438f6c0cf20659264fb0e46832b4da1,7d1024357831521669fd088bf020652f,delivered,2017-10-30 11:29:57,2017-10-31 03:55:26,2017-11-03 19:54:59,2017-11-29 00:13:31,2017-11-23 00:00:00
16816559da5727e021514080413bf96d,275929ca67961c4ea678334b15369dd8,delivered,2018-03-09 14:23:12,2018-03-09 15:00:19,2018-03-13 09:53:38,2018-04-02 22:28:24,2018-04-03 00:00:00
f90e3dbda8d123ab2f100a1538f5a43c,563ee9398fd0dfedece958762eb57a42,delivered,2017-11-17 19:41:31,2017-11-17 20:35:37,2017-11-23 16:12:44,2017-12-07 23:21:45,2017-12-14 00:00:00
78ef246c8a753452a6464f1f66603fac,5fc71ad3dce68409800df24dcad0288a,delivered,2017-09-25 16:06:20,2017-09-27 03:05:55,2017-09-27 19:13:41,2017-10-03 13:25:38,2017-10-19 00:00:00
2c9bbc00b2b47515826f048e26f1439a,4d1efe078c3e9d9671b0ee9b8dc89d6a,delivered,2018-03-28 15:17:03,2018-03-28 15:30:20,2018-04-02 18:20:59,2018-04-16 22:14:39,2018-04-30 00:00:00
3ad9c9361030d56559e313f87dd8dbb3,3d813d6489de54fbf5575d524fd40bd9,delivered,2018-05-14 10:10:50,2018-05-14 10:34:56,2018-05-15 13:13:00,2018-05-18 13:38:57,2018-05-25 00:00:00
2e1071b4baf7fcace9e44057dbc32fbd,364459e1449293f93efb99239e0494d5,delivered,2017-05-01 17:56:51,2017-05-01 18:05:38,2017-05-02 15:14:24,2017-05-11 10:23:00,2017-05-23 00:00:00
5b944386c869819d045c1388bb686124,d9e67dbdc0e7ff5a0ccbb30c9414fbd2,delivered,2018-08-11 08:44:26,2018-08-12 08:35:10,2018-08-13 16:01:00,2018-08-14 21:24:35,2018-08-17 00:00:00
abb71d0110c4be1a1a0c52f929cab4a3,9f9717a71bd8f6e5600b4faad20c20fb,delivered,2018-04-05 22:21:10,2018-04-05 22:30:25,2018-04-07 01:28:45,2018-04-11 18:10:49,2018-05-02 00:00:00
bc1b85147b5edbb7cbefcf5c1bd5ded9,6a14261933e6337fd29022acdd3a26cc,delivered,2018-07-24 11:50:06,2018-07-29 23:30:54,2018-07-24 15:16:00,2018-07-25 20:56:35,2018-08-01 00:00:00
f810273bc84ceae52faa5a78522cd46d,6b8d7030c9c54921934afe7ec1cbe2e1,delivered,2018-02-22 17:06:07,2018-02-24 12:50:22,2018-02-27 20:21:42,2018-03-10 19:28:45,2018-03-21 00:00:00
6b71838c4be9dce33810de87c333e365,8b1f6b37bd99fe9ccfb4a3fbffde8d44,delivered,2018-01-14 22:34:42,2018-01-15 22:30:47,2018-01-17 17:47:17,2018-01-18 21:45:59,2018-01-30 00:00:00
3275a8f39d7083740fdceb655f9220a2,0735127fb140700b0cb93cff41ab55c4,delivered,2018-04-28 13:19:37,2018-04-28 13:34:34,2018-04-30 11:10:00,2018-05-05 11:26:42,2018-05-24 00:00:00
27d948e8e3d9abb11648cfa05b1ce3f7,a847a0b2cb5ea86de89246ef45c5b63a,delivered,2017-10-05 15:02:28,2017-10-05 15:14:22,2017-10-06 17:37:15,2017-11-03 21:22:55,2017-10-31 00:00:00
ef43444651cdedfaefc1123e4acd02aa,1cd96d1a642496e8967965c311f98b1a,delivered,2018-05-28 18:09:57,2018-05-30 02:32:05,2018-06-07 12:35:00,2018-06-12 09:35:50,2018-07-11 00:00:00
fd018a548150063127f7b24e9d3eae71,11a5ff795f329ad5bed0b30756f00cbf,delivered,2018-08-10 18:41:23,2018-08-11 07:05:08,2018-08-23 19:34:00,2018-08-24 17:44:44,2018-08-28 00:00:00
8c3651ff7833e7345fd13c7132f9880c,568f8c7d0e1e623a8dae413108936afb,delivered,2017-12-01 23:22:57,2017-12-01 23:32:12,2017-12-04 15:49:00,2018-01-06 17:25:07,2018-01-04 00:00:00
a4b30e4c46015671c65f51173324a3f7,719a37a84baad6dd9088e3c288533e1c,delivered,2017-08-31 21:20:34,2017-08-31 21:30:13,2017-09-01 21:33:55,2017-09-19 21:25:42,2017-09-28 00:00:00
b4e154c611973630ea64ad7f8daa133b,4d5d91c2c6c5cb1db85e1754508721ab,delivered,2018-01-30 01:39:14,2018-01-30 01:53:31,2018-01-30 18:48:45,2018-01-31 16:17:12,2018-02-21 00:00:00
2faa51e1d770110c3f415c9b0a957156,01f7a6194359c08da2d2c27e1b52101d,delivered,2018-04-28 16:37:31,2018-04-28 16:53:29,2018-04-30 12:42:00,2018-05-04 20:44:30,2018-05-22 00:00:00
20d3cca1f6e329c19da781f029eed0e8,a8ced2b91d17302bd3ee6c5d936a6c1c,delivered,2018-05-18 00:32:06,2018-05-18 03:56:24,2018-05-21 11:04:00,2018-06-01 18:11:16,2018-06-12 00:00:00
14433250d2268548a917e1a0bdfd19c1,4b202c77564f830955d8b8c07a5f2967,delivered,2017-09-02 16:19:42,2017-09-02 16:30:17,2017-09-06 14:07:55,2017-09-14 20:10:25,2017-09-22 00:00:00
f28a15daf894f299ef995958883bcaa7,6102475657db1421e4637121b495bf3c,delivered,2018-07-06 14:00:33,2018-07-07 13:55:10,2018-07-27 14:01:00,2018-08-01 19:39:52,2018-08-08 00:00:00
ef8c51f3610d990552701e064e71291f,5382e619221117fc8021550996a4e417,delivered,2017-11-17 15:31:37,2017-11-18 13:30:43,2017-11-20 17:33:00,2017-11-28 22:57:06,2017-12-11 00:00:00
9d801d85cc51d478469f2e1b0f9a9cf8,55e464d4a5fbaa7307ecce03b03944db,delivered,2018-04-11 06:09:52,2018-04-12 08:32:36,2018-04-12 20:44:48,2018-04-24 16:03:14,2018-05-08 00:00:00
2bfe52167cb0f38cfbbdca7154dc3da4,6b4407e55115a2b1ca3e6172366b9a79,delivered,2018-07-09 12:30:20,2018-07-09 12:45:14,2018-07-09 15:44:00,2018-07-12 16:03:33,2018-08-06 00:00:00
a73b88538d5028e0bb2e13ced8597968,9ca407c93a739be253fc830e87f846af,delivered,2018-02-26 09:01:24,2018-02-26 09:10:37,2018-02-27 23:42:13,2018-04-10 21:04:05,2018-03-21 00:00:00
4df0b86780c89ad52e85659f63466a85,ae6173b4c01a70a641f4929a88d0ab51,delivered,2017-12-09 13:30:47,2017-12-09 13:51:39,2017-12-12 22:28:40,2017-12-18 21:45:35,2017-12-28 00:00:00
cb8a63e70a7f664281f701b6abd79fe5,466fc410d15081af6868cdf2fa2322ce,delivered,2018-08-17 07:09:44,2018-08-17 07:38:59,2018-08-17 14:20:00,2018-08-23 17:12:00,2018-09-24 00:00:00
0dac27d443a138000f35bd9137ecd1fc,c50d3c4249e1bd0372df487ad95d8264,delivered,2018-01-11 22:48:59,2018-01-13 04:55:05,2018-01-17 19:28:55,2018-02-01 00:04:21,2018-02-08 00:00:00
d1e25e1fe0cdb8987cf35b0fbbea7211,4376e5c6b1b068c3f95f0756d5cd67e1,delivered,2017-10-25 13:04:13,2017-10-25 13:14:47,2017-10-27 21:17:38,2017-11-08 19:56:34,2017-11-17 00:00:00
5fb184d57598bf4e6e126258d3cca7cb,699f68ea605d2981a8d576032e32d435,delivered,2018-02-06 21:36:50,2018-02-06 21:50:30,2018-02-09 21:20:00,2018-02-20 20:17:20,2018-03-02 00:00:00
22e2920ae393b864f42f2b5444f15cc7,d59c07c280cd5843b2e93816baa05944,delivered,2018-04-30 17:07:21,2018-05-01 02:38:52,2018-05-02 16:35:00,2018-05-04 04:56:25,2018-05-11 00:00:00
131f1fe7a8b25ef8d4edf5a639662805,740a0d100ba26c35140364abf56144d0,delivered,2017-06-07 20:24:07,2017-06-09 02:50:08,2017-06-09 09:31:08,2017-06-26 10:48:38,2017-06-30 00:00:00
83aae23d3e3e6446e3dd43b893082a71,f2d350dc2df072cdf238717b26dcd89c,delivered,2017-07-04 08:27:44,2017-07-04 08:43:47,2017-07-04 15:21:46,2017-07-06 15:33:15,2017-07-26 00:00:00
9c984f2c226fb999a439fcc64c73caa2,160cc5a8d976cb41c7c1d059a01c8cd8,delivered,2018-08-12 20:09:11,2018-08-12 20:44:07,2018-08-13 15:27:00,2018-08-17 21:48:30,2018-08-28 00:00:00
8ee1dd1c11ed9f30a52532553ebbae2d,5ccbd73eb243ababc827c7604b137faa,delivered,2017-10-16 12:15:52,2017-10-16 12:34:10,2017-10-17 20:17:48,2017-10-23 17:24:04,2017-11-06 00:00:00
b2a791af09fe22457639f9c0f7bdb1cf,a17931d6a6af94fa006afbb9fc4bd757,delivered,2018-01-22 19:16:08,2018-01-22 19:36:20,2018-01-23 23:42:04,2018-02-01 00:23:19,2018-02-14 00:00:00
35ea60fdf15c6d4bfaf7750309268f06,080be5dc04b35ff24c71365cbeb76862,delivered,2018-01-27 02:38:53,2018-01-27 02:56:19,2018-01-30 01:41:15,2018-02-06 13:26:35,2018-02-20 00:00:00
e787cf3437f6f847e25838682a4696a6,58ba84298cd4d84596b18d7f92882fe7,delivered,2018-02-16 13:41:51,2018-02-16 15:15:24,2018-02-19 18:52:17,2018-02-21 20:53:59,2018-03-09 00:00:00
676041b8a5301ce900ada76a777fc3fe,de824925db8e6b5b73b972779dcf5736,delivered,2018-07-25 20:54:55,2018-07-25 21:05:15,2018-07-27 11:29:00,2018-07-31 15:37:31,2018-08-10 00:00:00
225d7c8785527da15a95cb218ebb07d5,94fa18bf8b6c02db83202ec61b48778d,delivered,2017-04-10 21:13:20,2017-04-10 21:25:14,2017-04-11 16:26:26,2017-04-17 11:05:12,2017-05-02 00:00:00
aa171699ddfdc0a2db68be25bd08ea2d,6edf692fc07691c010452f3de9b6df56,delivered,2017-03-14 23:39:12,2017-03-14 23:39:12,2017-03-16 09:55:00,2017-03-22 12:42:47,2017-04-05 00:00:00
47cfbb8818b5ab3dc290a1ee38d6f0b9,46e062b89efcb2d995e223cdf27783d5,delivered,2018-03-12 11:56:31,2018-03-12 12:40:27,2018-03-12 22:31:24,2018-04-11 00:46:37,2018-04-02 00:00:00
ac5191d38d98b832e91b416ce1b61e3d,021633f35ba9c0e00fce2f9a31281c71,delivered,2018-07-01 20:45:14,2018-07-01 21:10:07,2018-07-04 11:36:00,2018-07-12 14:48:45,2018-08-10 00:00:00
864bbbc2d9b4d93e42578520d5ffcd71,4c1c84ba008ab2985b9fd2b941800c3c,delivered,2018-04-10 21:18:01,2018-04-11 09:12:19,2018-04-11 23:32:19,2018-04-14 14:56:54,2018-04-23 00:00:00
07e481567db300783aa22d7cd202f1b8,e963d9adbf9ceb6f1dab520661946e3e,delivered,2017-05-22 11:04:34,2017-05-22 11:15:20,2017-05-23 14:43:44,2017-05-29 07:00:10,2017-06-07 00:00:00
79727706d7b541683bd5e4f0d1554076,b95642e76771f58cb75e07e800abd9d6,delivered,2018-04-27 21:25:00,2018-04-27 21:52:34,2018-04-30 16:40:00,2018-05-09 15:06:32,2018-05-25 00:00:00
1b804e1538237ff9677bec6a2e69ed69,0ee24ea2554cdc802c5822361aa82576,delivered,2017-12-05 21:00:17,2017-12-05 21:22:27,2017-12-11 18:48:49,2017-12-26 17:35:17,2017-12-28 00:00:00
65afe7bafea88efc7a99cd3cf3838bed,70aecb98ec965a174733a3021c64373b,delivered,2017-12-06 09:41:25,2017-12-06 09:50:23,2017-12-07 20:28:23,2017-12-14 21:35:12,2018-01-11 00:00:00
36ac24408c8961fa716d34c9cb8aaf17,e9890eff52c96a26d5fbfec4d173aa57,delivered,2018-03-11 22:13:30,2018-03-11 22:28:03,2018-03-14 21:52:24,2018-03-28 15:48:29,2018-03-28 00:00:00
aafc642ce2d657010c46d929998e5bd0,ac1910c069e1fdeaffd4ce86f1245340,delivered,2018-07-21 11:47:50,2018-07-21 11:55:17,2018-07-24 13:05:00,2018-07-27 01:03:24,2018-08-09 00:00:00
b7f2aa0212addcb6e1194bc50796de24,85e5ae9b7c9b84a5c2939086011e1f76,delivered,2018-04-11 11:43:45,2018-04-11 12:10:29,2018-04-12 19:21:50,2018-04-13 10:49:46,2018-04-24 00:00:00
486189e06030d36779e10e55b6220d87,56f298c3c06de7ccbb65d45171e17d90,delivered,2017-10-17 08:37:59,2017-10-17 08:56:21,2017-10-18 18:33:02,2017-10-20 23:22:13,2017-10-27 00:00:00
3f0c4716830a238b2b31f0ea8e6abeb4,85a12516acdac9ff93fa0b54dad839b0,delivered,2017-05-11 13:08:04,2017-05-11 13:22:09,2017-05-12 09:57:59,2017-05-23 15:21:21,2017-06-02 00:00:00
548f7e02cb2bf6dd7bbb79cd51084ddd,c6f024fa9d453eb30eb701965ac1dac7,delivered,2017-06-25 23:15:17,2017-06-25 23:25:11,2017-06-26 14:53:59,2017-06-30 15:03:21,2017-07-14 00:00:00
c82910354fbdc0bc475f3ee34607fd63,3c5846b47d54a0d65ba29fa2ff9e25a1,delivered,2018-07-04 10:45:14,2018-07-05 16:31:05,2018-07-11 10:40:00,2018-07-27 21:37:40,2018-08-02 00:00:00
dc3f21586424183d783b18a97b5bee0c,e277534038be16ddda0793b9c079fc7e,delivered,2018-01-21 09:12:35,2018-01-22 13:45:33,2018-01-24 17:28:48,2018-02-02 22:54:15,2018-02-14 00:00:00
ae6d0f3cc69623d6826ea64fa05a0158,807273345adca6ba9c3ddf306db4a6f0,delivered,2018-08-07 12:07:02,2018-08-07 12:24:50,2018-08-08 15:47:00,2018-08-21 15:03:37,2018-09-10 00:00:00
2043f9d91a5fa13a0b5aec806b6a4c27,4e6cbbded5283922cf0ae536c8785239,delivered,2018-03-19 19:42:23,2018-03-19 19:55:40,2018-03-20 22:08:56,2018-04-04 20:45:54,2018-04-13 00:00:00
caad12af34fbebf34b56c9a05210f5e8,4acc0bd454598ed8783dff058d355a1b,delivered,2018-02-01 09:49:16,2018-02-01 10:11:09,2018-02-07 00:10:56,2018-02-07 22:32:36,2018-02-22 00:00:00
6a9dd97887fbcc5e5bb1e10c9b019acb,5d3507a78913086108780c26aa502cc9,delivered,2018-06-11 13:15:42,2018-06-11 13:38:50,2018-06-11 14:25:00,2018-06-18 16:24:32,2018-07-05 00:00:00
51f0c74a5a4bb9d033837707f629b9b9,6cb1befe6e1531894ac1f6f39f2695ca,delivered,2018-06-20 12:42:43,2018-06-20 13:21:10,2018-06-22 09:21:00,2018-06-25 15:12:12,2018-07-05 00:00:00
793353e9c611a9aab6769fecbc7c65fd,f1000cd85936267cdb2aafa66f4f798e,delivered,2018-03-07 12:24:36,2018-03-07 12:35:43,2018-03-10 01:03:49,2018-03-13 23:14:48,2018-03-19 00:00:00
3c7aeb3b47d45fd1c705fcde36ad4aeb,1cf6fb70aa02759385f6fef187bdf21c,delivered,2017-04-24 23:18:23,2017-04-24 23:35:06,2017-04-27 14:53:54,2017-05-08 10:04:18,2017-05-11 00:00:00
437f5369f126238624d421f44b3eb1db,9da31b8e8f438421c5a3f43b0b7a7e3f,delivered,2017-06-19 14:31:01,2017-06-20 06:36:13,2017-06-22 14:09:51,2017-06-26 13:52:08,2017-07-19 00:00:00
a87d8e4358ec8697c2eb5dbcc42f8330,7fb60bfe0fc82857d599d184dcbb92e5,delivered,2018-08-01 18:27:35,2018-08-06 23:31:34,2018-08-02 11:54:00,2018-08-07 17:41:32,2018-08-16 00:00:00
783f0149c8c49e2539f7a09dc2237b5b,a43f1d2370a5a5f59437fb8a30b0cc81,delivered,2017-03-22 15:35:53,2017-03-22 15:35:53,2017-03-23 05:43:38,2017-04-03 15:03:24,2017-04-24 00:00:00
f57b4fe233109844dc3289389c590931,4e029eafee6a6d9f742887ab3ee01f7a,delivered,2018-04-12 10:21:08,2018-04-12 10:35:18,2018-04-19 14:07:48,2018-04-20 22:52:12,2018-04-24 00:00:00
b8d5fe8c7958a04cf0e4977be468e370,94ab314d7057c05608e4c809844204d8,delivered,2018-07-05 09:00:13,2018-07-05 16:17:01,2018-07-05 14:19:00,2018-07-06 17:48:37,2018-07-18 00:00:00
7001c5d40dac04eddedef23c5d003e44,2182d65020bc195497d58fc189aff303,delivered,2018-05-22 11:57:08,2018-05-23 02:38:41,2018-05-24 16:17:00,2018-06-04 21:58:29,2018-06-06 00:00:00
19c54d85fa291d4193fe838cbde71403,14eeea169995dfbeb15c6aa67faf49eb,delivered,2018-02-26 20:19:48,2018-02-26 20:28:49,2018-02-28 10:38:47,2018-04-10 20:38:44,2018-03-19 00:00:00
c3c43f981d3e0062be20a74626d52469,161adf57eacecee9b4bcdad3886f8225,delivered,2018-01-07 15:04:53,2018-01-07 15:12:28,2018-01-08 21:29:30,2018-01-13 10:53:12,2018-01-31 00:00:00
cb303a906d3da8596487dc9de116fae8,327927b2dace55da79e24be043558518,delivered,2017-12-08 23:55:40,2017-12-09 00:11:43,2017-12-12 20:13:27,2017-12-27 03:48:46,2018-01-16 00:00:00
e54db55a39ec332bc36c1176f6eb4773,7a1456f70a0751c02f6d7e0f3028d96e,delivered,2018-01-29 12:52:36,2018-01-30 05:31:30,2018-02-02 23:48:46,2018-02-28 00:15:21,2018-02-22 00:00:00
03552fc24c87d99787c9e2e961bddc9b,d0ea9e4c581e61a68de4994445f4e5ca,delivered,2017-08-15 08:45:42,2017-08-15 09:03:52,2017-08-15 15:34:01,2017-08-17 21:37:31,2017-09-06 00:00:00
1877896ffdee42ba8ea0d397fb9ece25,5a5dca50415c38eae3e61118d6b55491,delivered,2018-04-07 00:42:45,2018-04-10 03:55:10,2018-04-10 17:23:27,2018-04-16 15:48:28,2018-05-11 00:00:00
776ea29061e4670020bc84470311cc4d,bd1cd40d508c2fa2726df9ee675d2a06,delivered,2017-12-21 21:18:08,2017-12-21 21:31:09,2017-12-22 22:22:34,2018-01-13 18:37:38,2018-01-22 00:00:00
5f06c417723455e7b8476bfe7c312bd5,bd871bc59dc50e6113fa3ae0653bfa67,delivered,2018-01-19 09:39:30,2018-01-19 09:53:21,2018-01-19 18:52:44,2018-01-24 16:57:28,2018-02-14 00:00:00
1376095cf526ffe25c7f4783254ec3c4,acf9d0c3415836e92b81bce2ecbe20af,delivered,2017-10-06 16:09:12,2017-10-06 16:26:25,2017-10-11 15:34:47,2017-10-16 20:52:16,2017-10-30 00:00:00
4f83719808124739d1936b272a2a3750,f9b4364d72fa2633b5eaaf6626e19cd9,delivered,2018-05-02 14:40:20,2018-05-02 15:21:52,2018-05-03 11:36:00,2018-05-07 18:46:00,2018-05-28 00:00:00
7059c2afa0f74d0d09b1a8bd04ed2f7f,a73df1399fcfdd1ec926551d0be93d00,delivered,2017-06-14 11:45:55,2017-06-14 11:55:22,2017-06-26 13:29:36,2017-07-06 17:33:06,2017-07-17 00:00:00
f40ef9a47f9670b54b9e350f354795a2,7f34b9bf56cacd4cb15a9c221c7d31da,delivered,2018-04-21 14:57:23,2018-04-24 18:51:22,2018-04-23 19:14:20,2018-04-30 23:04:27,2018-05-11 00:00:00
0560378d48b9de8b969d8f5601e3767e,c4f1859b6bcb6595557c1f4ffcfbab30,delivered,2017-09-21 08:32:12,2017-09-21 08:44:30,2017-09-22 00:03:20,2017-09-29 20:29:50,2017-10-13 00:00:00
1aa6cb753e28c675560a88d1f9c80e86,c7ba975e53d533bc7596775b69c4db88,delivered,2017-09-03 23:03:34,2017-09-03 23:15:15,2017-09-04 19:18:46,2017-09-11 17:15:13,2017-09-21 00:00:00
0e3101d26015f1df99a269aeb3fbb02a,dc9c296548c6cb9a05e941ca6dafc722,delivered,2018-02-07 13:12:07,2018-02-07 13:30:28,2018-02-09 22:43:09,2018-03-23 12:14:41,2018-03-13 00:00:00
9f9df59d8852ad5630e576aa48249c26,a24c81f5fecf3ffa0229b20a87ff1166,delivered,2017-07-14 21:24:26,2017-07-14 21:35:10,2017-07-17 18:49:56,2017-07-21 19:33:35,2017-08-07 00:00:00
bea9b92d7a14b236b96eb9fc71c28e02,30d7198ae94852e95a5afef8039145e4,delivered,2018-04-25 22:01:26,2018-04-25 22:15:18,2018-04-26 13:53:00,2018-04-30 15:12:45,2018-05-18 00:00:00
39ce67c7db740ee02e0c17fc02b0292d,32598a93be7614cfdbe84634aae6e4a8,delivered,2017-06-29 19:21:05,2017-07-01 04:50:17,2017-07-03 15:37:50,2017-07-07 17:15:50,2017-07-27 00:00:00
1f8bd4405ad54632f3ba92b6bd9e5661,98e143dce6b7d3170059e38c6d9d7961,delivered,2017-12-18 09:20:46,2017-12-18 10:18:22,2017-12-18 20:13:40,2017-12-22 17:47:04,2018-01-12 00:00:00
3c0d5df689836dade4fd8ec4629ab387,733a700aca066a97b53dac80071c007c,delivered,2018-01-09 19:35:04,2018-01-11 02:48:28,2018-01-16 17:53:29,2018-01-20 12:11:31,2018-01-26 00:00:00
c87aeaf4ab89100adcaee5b3123408fe,e234a6c8da98ead2209ef309a41a7820,delivered,2017-10-18 11:18:36,2017-10-18 11:35:26,2017-10-18 17:03:01,2017-10-24 22:21:39,2017-11-06 00:00:00
f80060bf53cc4e98a9eb5d2dba263381,a6a8efca07371b6613ae36b5abe39e88,delivered,2018-01-04 12:52:13,2018-01-04 13:09:20,2018-01-05 16:12:25,2018-01-09 15:22:53,2018-02-01 00:00:00
a78164444ccfb34deace5aeee405f3a3,c4d87c0bf30269d2d7b6f5ab886b1fee,delivered,2018-08-13 21:55:54,2018-08-13 22:10:12,2018-08-27 19:03:00,2018-08-29 00:28:31,2018-08-28 00:00:00
1d93a1f67fad3e9c8db7cf8ba268c790,c4d041eb7396b376269facd39d1045b8,delivered,2017-12-09 23:58:26,2017-12-10 00:10:19,2017-12-11 21:07:02,2018-01-02 17:47:20,2018-01-09 00:00:00
53fd3dd3b669e8e5e6bbf3d9e0403643,752c20c019899b96b3740dcf1e43ba3d,delivered,2018-01-18 17:15:08,2018-01-20 09:08:37,2018-01-25 23:58:28,2018-02-05 16:04:40,2018-02-15 00:00:00
8818ff7a81f4751daa9dcd455f1c9379,99b0c582915e28a4321e5ffedd15be6b,delivered,2018-03-12 15:35:55,2018-03-12 16:20:23,2018-03-14 01:08:21,2018-03-15 19:41:31,2018-03-26 00:00:00
024d56279184e5cb942d9abf28fc14e6,4cb9602acb31a0dbf81de01a43d2d4db,delivered,2017-05-21 17:56:38,2017-05-21 18:05:16,2017-05-22 15:53:44,2017-05-23 11:14:36,2017-06-02 00:00:00
4940ddf2b7091647a772152ed1de4a2b,c24638e1ff5efad8e21f689d7a1f0c6d,delivered,2018-08-11 18:52:49,2018-08-11 19:05:17,2018-08-13 09:03:00,2018-08-21 23:26:27,2018-08-31 00:00:00
fbaee591810d3fe0adba011d245616e2,3101541ce748b5b519502b237d72b5d5,delivered,2018-04-23 16:01:06,2018-04-24 17:24:00,2018-04-25 12:24:00,2018-05-07 22:26:39,2018-05-21 00:00:00
adde6f841dc05dfe3899ed053001e5bc,1f27d4af7d5199e0bd0879d06f7d2b4d,delivered,2017-05-14 17:02:54,2017-05-14 17:15:20,2017-05-15 11:36:18,2017-05-23 10:42:20,2017-06-02 00:00:00
c5ef3528eb12fb5bef1ecfcd6f72843c,ae6a7336a0d9c66679da191b5bd246a6,delivered,2018-02-17 01:25:38,2018-02-17 02:07:42,2018-02-23 00:39:02,2018-03-07 22:36:45,2018-03-15 00:00:00
bd2e19f9042680bd81bd82e31fbf09cc,58416cd113079ae4530f39a139700859,delivered,2018-05-02 17:24:08,2018-05-02 18:18:34,2018-05-15 07:43:00,2018-05-23 15:50:44,2018-06-07 00:00:00
6afe56a58c8b67e87e2abd3e88c4f41d,767e4ba055522e74663c7e2de6630844,delivered,2018-01-27 10:55:50,2018-01-27 11:16:00,2018-01-30 23:37:00,2018-02-01 22:18:47,2018-02-21 00:00:00
a75fdbe33591254e4e2affc92886061f,b8238ce07cc469b6ce181da12100fd60,delivered,2018-06-24 19:31:43,2018-06-24 19:59:56,2018-06-25 13:34:00,2018-06-28 14:36:52,2018-07-17 00:00:00
b36db5f5ccb37354e4ea2e637d9058c7,4e450c718101f7b28c357a474c2951c5,delivered,2018-04-29 18:18:40,2018-05-01 05:54:56,2018-05-02 07:12:00,2018-05-04 16:24:32,2018-05-18 00:00:00
e5d6133b023d919f6aa7a4b3e33eca78,76f89d897d86a1c0535a302793bd16c6,delivered,2018-06-10 22:57:36,2018-06-10 23:10:57,2018-06-11 15:16:00,2018-06-12 20:49:51,2018-06-20 00:00:00
743419ee64432e471c306434e29245b6,3c6d4ce91828717abdbb165d5d80e040,delivered,2017-05-12 10:05:16,2017-05-16 03:35:27,2017-05-16 11:49:46,2017-06-05 17:07:29,2017-05-30 00:00:00
ba9ec6bfbbe8454a533f194e8cd420f8,f3201a8a4ea32786b7b5948da7e7a50b,delivered,2018-03-28 16:09:21,2018-03-28 16:27:50,2018-03-29 23:54:35,2018-04-04 17:51:04,2018-04-17 00:00:00
0629053d0e1e598c7a5048031e19e31b,5fbc3ff103d135045b4bd2e77ddac6a0,delivered,2018-06-25 21:39:42,2018-06-25 21:53:29,2018-06-27 08:20:00,2018-06-29 19:34:48,2018-08-02 00:00:00
dd5ebf00c3d8b88a41ec9c8450ec59db,d5d929d5e3d3f1388463578a8516104f,delivered,2017-04-12 14:47:15,2017-04-12 14:55:20,2017-04-13 11:54:30,2017-04-18 12:27:13,2017-05-04 00:00:00
d8e06a0d47d09dae630bf252bbf904b9,980ce384cf75d4d521939629585ff283,delivered,2017-10-24 13:18:46,2017-10-26 02:56:25,2017-10-27 15:07:56,2017-11-01 19:49:49,2017-11-06 00:00:00
27d100303d20caf196f550e504ba6240,c9785a6ba20cc13ed3c0ac679ced9067,delivered,2017-03-18 00:23:02,2017-03-18 00:23:02,2017-03-20 15:36:45,2017-03-23 18:00:41,2017-04-10 00:00:00
5d636e00c8235b39e3149dd8ddc949b8,c1b3478907a0889328e147a2a3d7ccfd,delivered,2017-08-08 20:01:23,2017-08-10 03:24:17,2017-08-11 17:23:15,2017-08-18 18:43:41,2017-09-01 00:00:00
684eb867dfdc67690e5160c9e1bca789,3614b14d84a7dff8478e262ed746837b,delivered,2018-04-30 01:08:25,2018-04-30 01:34:37,2018-05-03 11:09:00,2018-05-16 16:22:31,2018-05-28 00:00:00
a93735055445ed9a73d81caa09196c28,f4c8e771644395dea2f5dd68c227794f,delivered,2017-10-08 21:38:35,2017-10-08 21:49:24,2017-10-10 17:09:13,2017-10-16 18:27:38,2017-11-06 00:00:00
9bfd250b031431f5c2da711411912271,7122955e585bdb0e1f57eb54b220f783,delivered,2017-05-08 13:26:57,2017-05-08 13:35:20,2017-05-09 12:44:36,2017-05-17 14:14:34,2017-06-02 00:00:00
6acc8234fbe95cdf6e5e160bc5a23ad0,a3d0f1e0bd25da3fb9e002c697d1f86b,delivered,2018-06-05 19:43:40,2018-06-07 03:12:24,2018-06-07 10:19:00,2018-06-12 17:58:42,2018-07-12 00:00:00
760aa40d309654d447f272293804ff2d,ed40e92a9f7a1e3c77774cf6f813f3c1,delivered,2017-07-08 12:44:47,2017-07-10 15:03:25,2017-07-11 18:44:04,2017-07-14 17:35:48,2017-08-01 00:00:00
27a14f1949c308b236684c6b7732eb03,233f73a4bc9db336b82cb23cf5ff2701,delivered,2018-02-27 18:11:02,2018-02-28 13:15:38,2018-03-06 18:43:31,2018-03-07 20:46:57,2018-03-13 00:00:00
3e64ee45a339ce09c4e27564b45ba09e,530220145a68ef57f0cc54faf1061f8c,delivered,2017-08-07 20:11:56,2017-08-09 02:50:33,2017-08-09 19:46:00,2017-08-15 17:42:30,2017-08-25 00:00:00
61790fe4ff4404bb97422d5a31978cb9,0fdf65539a0e44008d8e10271d7d2776,delivered,2017-07-20 18:10:20,2017-07-20 18:25:18,2017-07-21 20:09:37,2017-08-01 18:32:04,2017-08-25 00:00:00
855729ceef5841ce6e1c564027caf14d,6e44eda9d6ef9a3b9252f5848a9da93f,delivered,2017-02-04 17:54:03,2017-02-04 18:05:10,2017-02-06 12:03:51,2017-02-13 12:17:31,2017-03-03 00:00:00
5f9d451c16dd5f947f00e134f0ba3c9a,8a3da20a6b870824cb0ee7be8d43732f,delivered,2017-11-15 16:48:17,2017-11-17 03:46:20,2017-11-22 19:58:47,2017-12-01 01:40:05,2017-12-06 00:00:00
32be14d87b5440681042a2135db3e6b5,5630d1e56c15300cc61665fc9b5d8239,delivered,2018-07-04 22:33:13,2018-07-05 16:35:10,2018-07-06 08:16:00,2018-07-10 13:12:08,2018-07-25 00:00:00
17191bb9601eff541e70874ec9c19655,121782b357dc1d54f5fef99674334eeb,delivered,2017-08-10 14:31:04,2017-08-10 14:45:18,2017-08-11 17:04:19,2017-08-25 18:37:42,2017-09-18 00:00:00
9c3d371454ceddff5d8fa8aa86ac7c1e,e8d796c25778bdcfe7e82a408b7d50da,delivered,2017-04-19 17:50:59,2017-04-19 18:05:17,2017-04-22 13:07:48,2017-05-18 13:55:40,2017-05-09 00:00:00
a2d01a5078b6db733e95d6ab9ed4b25f,cbb23af73864a7c5000aa9db101fae1b,delivered,2018-02-07 18:16:21,2018-02-07 18:30:51,2018-02-08 16:28:26,2018-03-01 14:44:57,2018-03-05 00:00:00
a40e629418969dbfd34d88f4c8f94921,a65d03fd558a48255ecc19c22141edaa,delivered,2018-04-09 09:59:54,2018-04-09 10:15:24,2018-04-09 22:06:41,2018-04-12 16:03:57,2018-04-25 00:00:00
1eae54a6465971a0a8814ed25dbafec8,e4f80cc8752fcbde6a3daf9d4d8cb36c,delivered,2017-10-09 20:20:21,2017-10-09 20:35:35,2017-10-10 19:33:28,2017-10-19 22:41:30,2017-10-31 00:00:00
cfbf015b7e4efd77c1a2ee7e337aea60,edcf7a40177860129f595fbc4d202a91,unavailable,2017-11-07 17:12:46,2017-11-08 03:46:22,,,2017-11-30 00:00:00
f5c1445b3732010dc5ad14eff121f7d0,c1b2a792a8f36955b3dcb27c2485aabb,delivered,2017-11-27 11:26:40,2017-11-28 03:32:13,2017-11-28 16:57:10,2017-12-04 22:58:47,2018-01-10 00:00:00
7bc2a035233bdec3f84bef1cc364a2bb,32c69739e4e9928b4b7b4f96746cbfc5,delivered,2017-07-27 15:10:24,2017-07-27 15:25:16,2017-08-03 17:35:23,2017-08-12 12:39:56,2017-08-18 00:00:00
e4fbee33c090a0bb7899c33f71539524,31ba9ac0e4754bbcd068424aabfc99e3,delivered,2017-06-10 21:50:44,2017-06-10 22:05:12,2017-06-12 17:57:52,2017-06-19 21:13:38,2017-07-10 00:00:00
1594af7e73f90ad0bc2e6d7549ac2da5,82b4582ca53e348c274cb881878ab776,delivered,2018-03-16 18:29:26,2018-03-16 18:48:16,2018-03-20 19:42:51,2018-04-10 19:48:27,2018-04-18 00:00:00
20ae826906b71180a5dff1439bb5a100,d361e6336bba45c1977d8dc72783b309,delivered,2017-10-10 18:55:38,2017-10-11 03:28:23,2017-10-11 14:50:38,2017-10-18 21:12:17,2017-11-08 00:00:00
5b9f98f4f7f84913dfb746a86bb11ab1,95879700e06973f767b965aa8972150b,delivered,2018-02-18 07:45:02,2018-02-18 07:55:21,2018-02-21 18:48:48,2018-04-03 22:47:23,2018-03-15 00:00:00
20316f53ea8065f870f90eb423b39b1a,f6d3809fa11cfb64661d3e2a5ae87dea,delivered,2017-09-13 16:12:04,2017-09-13 16:25:08,2017-09-14 16:32:14,2017-10-06 19:14:59,2017-10-06 00:00:00
836cf5adc20e4279f9f34c4dd09c5668,a30879d9154b6fbdfdab1a98ca98f83d,delivered,2018-05-04 19:50:51,2018-05-08 03:52:29,2018-05-08 19:02:00,2018-05-14 21:56:28,2018-05-18 00:00:00
baa356809d65f9a3e5eef9a8a51c1f22,a9d4d5f1e35e1255228f972bf67c9a4d,delivered,2017-06-14 17:57:21,2017-06-15 06:43:01,2017-06-22 10:39:51,2017-06-28 14:07:22,2017-07-21 00:00:00
2362f0e9afcae197310501d93b070bb6,faa44d6a18c50d95adfcb8b7fcf075fd,delivered,2018-05-13 21:50:15,2018-05-13 22:13:28,2018-05-21 14:11:00,2018-06-05 14:28:54,2018-06-05 00:00:00
45f609157f70cc8017bc5c1d617ef629,18253aef19953455f24a7c0bc8de23bd,delivered,2018-05-04 23:32:23,2018-05-04 23:50:23,2018-05-08 10:01:00,2018-05-09 19:08:39,2018-06-11 00:00:00
2d4d53a3344eb5deee068827c495bf51,82c8c10b98b1236e5bc65464c27799c1,delivered,2018-01-29 11:31:57,2018-01-31 13:31:30,2018-02-01 21:46:09,2018-02-05 21:48:25,2018-03-02 00:00:00
637b63dcab3f45274f131fbfa8662113,47b51ee75950e1377d90630dd2ffc6a8,delivered,2018-03-15 18:24:17,2018-03-17 02:45:35,2018-03-21 16:42:29,2018-03-27 17:17:44,2018-04-03 00:00:00
3c8c8b2ae428da4a2bd9c4547354630c,bf0a12f5106399cf7fab2db73daab9a0,delivered,2018-07-04 17:42:33,2018-07-05 16:33:14,2018-07-05 10:43:00,2018-07-12 16:38:55,2018-08-01 00:00:00
5d3f17189564c02461ad6f05854bb5a3,c7e4c8fdfd7d2ceac800a0b4ce43887e,delivered,2017-08-01 17:53:32,2017-08-01 18:05:18,2017-08-02 17:47:22,2017-08-08 19:25:04,2017-08-21 00:00:00
6a90c84c2efab9939e578dee122b521c,b9699b7bf33f35c934fd99c1c25bb2e9,delivered,2018-07-29 11:00:39,2018-07-29 11:15:16,2018-07-30 12:06:00,2018-07-31 15:51:06,2018-08-02 00:00:00
b40a0752445a5228f3063cc30201bb11,15b359e85cd990ffbc6e10ef35ded3fb,delivered,2018-01-17 18:11:31,2018-01-17 18:19:22,2018-01-19 19:46:49,2018-01-26 19:55:44,2018-02-09 00:00:00
8304f049f874798b19276d475a0b1851,5044e8b37438c40fd1ec142dfb1d6807,delivered,2017-12-08 23:44:20,2017-12-08 23:54:39,2017-12-12 13:33:30,2017-12-26 15:14:42,2018-01-04 00:00:00
560f8dd770a2b2c009a4fc935c507014,8ba0374666bfb38c409875762a5af81e,shipped,2017-12-16 18:51:09,2017-12-16 19:10:22,2017-12-19 20:28:56,,2018-01-12 00:00:00
1bab231e166587a2e6834a89ab97b32d,d72b1a778aaf7acc1aa5284566ab3d5c,delivered,2018-06-04 10:45:08,2018-06-05 14:32:20,2018-06-05 12:54:00,2018-06-11 16:43:46,2018-07-11 00:00:00
e68888548de4c863a78ae2de41ec0215,146e4280cf2ae3158d04fd3ad83a8b8d,delivered,2018-01-03 19:06:33,2018-01-04 16:37:23,2018-01-09 17:57:30,2018-01-26 22:43:00,2018-02-05 00:00:00
e94197623546186601aa880a31269468,14186c553b29f6df953ead9fff17bd4d,delivered,2017-07-11 07:53:49,2017-07-13 02:50:21,2017-07-14 15:36:40,2017-07-17 18:48:08,2017-07-25 00:00:00
b2206d0ce2ecabdb39fcd5ce941805ad,7b11c617863d7b6170f508363593b4bb,delivered,2018-05-14 13:12:20,2018-05-14 13:31:06,2018-05-17 12:42:00,2018-06-08 17:32:09,2018-06-05 00:00:00
d3045e7fe9e2988614cbbaf560c424f7,c1f0ff2ccfc9b49878a1149829f6c41f,delivered,2017-08-03 14:18:06,2017-08-03 16:10:24,2017-08-07 19:54:43,2017-08-17 18:43:46,2017-09-06 00:00:00
72e300729f4020d73fe590991e104c15,5f1dbfa73c69597e5970218986ec1704,delivered,2018-08-08 12:07:48,2018-08-08 12:25:09,2018-08-09 12:35:00,2018-08-16 21:05:00,2018-08-28 00:00:00
2df92600294b6acc114b86b79dfff0f3,b88899ad705e9d9e1874c2f507e17477,delivered,2018-03-08 16:01:39,2018-03-09 02:31:27,2018-03-09 22:14:43,2018-04-20 20:58:44,2018-04-10 00:00:00
65c599e3998c4243f4e62affbf5bcdd7,cd8297dac73c55a89cc61dddf4027a55,delivered,2018-08-19 18:06:33,2018-08-20 12:50:44,2018-08-20 14:32:00,2018-08-23 20:16:43,2018-09-11 00:00:00
9e782eef55c0f6f0a4de48f967232e91,6108edce175bb2a5d603884594fae1d5,delivered,2017-10-07 22:42:26,2017-10-07 22:56:12,2017-10-09 22:00:08,2017-10-13 18:58:36,2017-11-01 00:00:00
c082fba06abf4ecfda79646a32f64954,e6548333c31a8c8ecb9e78c48e18e35f,delivered,2018-03-02 09:34:05,2018-03-02 09:50:29,2018-03-07 20:22:15,2018-04-05 21:33:21,2018-04-05 00:00:00
4c3bec2f85aac1c764e1597247d92b0e,f622c9fe9b9ebbcd0b581ac520929471,delivered,2018-03-27 15:46:07,2018-03-27 16:08:50,2018-03-30 00:04:49,2018-04-10 18:41:22,2018-04-17 00:00:00
5c8b55fb57c1225d199343bbc1ab6ee0,1eff19fe44b2cb9e89168ff458dcbe0e,delivered,2018-02-21 22:42:26,2018-02-21 22:55:21,2018-02-26 15:33:37,2018-03-28 01:34:45,2018-03-23 00:00:00
e980f0348ae8c85c6eb7e23e9ee42b27,7a963c3034d1ada261ac346c56843264,delivered,2018-02-26 19:22:56,2018-02-26 19:35:25,2018-03-02 01:08:53,2018-04-12 21:18:32,2018-03-26 00:00:00
9146c78cd5cb5e53ee985a7feb72e76f,a6aba9b57d75ef3dec99ea987448a574,delivered,2018-08-08 13:12:26,2018-08-08 13:25:19,2018-08-09 20:29:00,2018-08-15 00:38:41,2018-08-16 00:00:00
79fe48b364804e62431c8f465e16f76e,857fe5831ff74761c8b171203310c83c,canceled,2017-11-09 06:13:41,2017-11-10 06:10:31,,,2017-11-29 00:00:00
9f8de1f38dabace7c615d1e41fa7b2bc,21e9efc286abfd10df26c15bd886a591,shipped,2017-09-26 13:48:26,2017-09-26 14:04:28,2017-09-26 20:04:54,,2017-10-24 00:00:00
47c9687751ccee4ea76cf6386b30336d,ee1ab380ee6e7ce7c3b2ce566a9f13db,delivered,2017-11-29 01:41:18,2017-11-29 01:58:09,2017-11-29 19:59:08,2018-01-09 21:29:28,2017-12-19 00:00:00
b6a9a9bf76b62a0f4cd266998d553b11,968299ea8e077dfaebeaf2e1a5e63681,delivered,2018-04-04 17:41:15,2018-04-05 17:35:32,2018-04-10 13:28:32,2018-04-23 18:58:42,2018-04-27 00:00:00
0cbe02c76316799a31b1de5bed001c5d,5833a1a8d62b965ca0f8205a8bcb32fa,delivered,2017-07-18 19:00:59,2017-07-18 19:15:10,2017-07-20 09:51:12,2017-08-09 20:10:15,2017-09-04 00:00:00
6c68a23b65de2e78101213c5c3a93cbb,c6cb85c4524d4e9a3f0a514c5d2dbaec,delivered,2018-05-07 21:52:04,2018-05-07 22:11:35,2018-05-09 14:05:00,2018-05-18 18:52:02,2018-05-25 00:00:00
43c1be92476a64a1b407df92c9a8c903,7ec1ad452ada8f78aaf18022c32ee61a,delivered,2017-08-19 01:13:11,2017-08-19 01:44:29,2017-08-22 17:53:56,2017-08-29 17:23:39,2017-09-11 00:00:00
705a85a85b9ef0cdf9d7bbd1ade4adde,26f501c8aecc330f4717e84328f09114,delivered,2017-09-14 22:00:10,2017-09-14 22:15:13,2017-09-18 15:42:22,2017-09-27 20:07:50,2017-10-02 00:00:00
a9c323b00a97a60deb81c33473090eff,265106dcf47e77b56e7d67dbfcc3ccf7,delivered,2017-05-08 06:06:35,2017-05-08 06:15:12,2017-05-09 10:50:10,2017-05-18 11:07:45,2017-05-31 00:00:00
638407085366c5781b3cf8140fce7423,e12442fd928531ac63187816f2e6e860,delivered,2017-12-04 10:55:47,2017-12-05 04:19:32,2017-12-08 16:39:04,2017-12-19 20:29:01,2018-01-08 00:00:00
9c7cad7063cd09133cd0e5a5ee540de3,d2310302109fa9701bf2aec2168f77ab,delivered,2018-06-28 19:19:18,2018-06-28 19:35:09,2018-06-29 13:41:00,2018-07-02 19:28:40,2018-07-26 00:00:00
c51896219e771f4b680de92cc5b286c5,b9c95668ad9ee625c8d4e4d94f02f259,delivered,2018-08-21 15:18:22,2018-08-21 15:30:53,2018-08-22 12:28:00,2018-08-30 21:58:24,2018-09-06 00:00:00
c11457253eefe1635e2c7acbf249aa1a,93c614a0e7397b6bf4173f3c62cc0c87,delivered,2017-11-06 14:13:32,2017-11-06 15:31:26,2017-11-07 22:38:38,2017-11-13 21:28:37,2017-11-29 00:00:00
4170c6a8a42c20c1356a88bcbf187efb,b6d434677691cbb44f5f578d39f7e125,delivered,2018-06-14 13:13:24,2018-06-14 19:37:40,2018-06-15 15:05:00,2018-06-18 18:12:36,2018-06-28 00:00:00
0205c3dd6f4d8e348ee72fffd114fec4,67a1b364b073c272cc412276247ebe7a,delivered,2017-07-24 21:41:24,2017-07-24 21:55:17,2017-07-26 16:33:08,2017-08-10 18:49:57,2017-08-30 00:00:00
d4173a3970a4e6d7e3ccb14a264871de,f330cb20d9d9c5779de924d6a5fef754,delivered,2017-11-21 16:54:11,2017-11-22 02:46:53,2017-11-23 16:26:55,2017-12-04 21:22:11,2017-12-14 00:00:00
04064f81e71399939f72222d7c701c47,32f017b7a69559932809332f389cacb8,delivered,2018-05-03 11:00:41,2018-05-03 11:54:38,2018-05-07 14:46:00,2018-06-13 21:47:35,2018-05-23 00:00:00
a1c5f3004b6d0b17e7c63521c8971be1,9dec830daa11b124295669f31bb56e39,delivered,2018-04-18 11:56:55,2018-04-18 12:09:55,2018-04-19 21:04:06,2018-04-30 17:06:43,2018-05-16 00:00:00
f26bbe1ba1d50321617831285d0fe62c,90caf8b673ecd91ba4242435c5ff5506,delivered,2018-05-07 23:56:44,2018-05-08 00:13:35,2018-05-09 15:34:00,2018-05-10 19:31:44,2018-05-16 00:00:00
c9db7e953006c9303b92dea9d91878bc,7b131e878811275a3d853de519c82787,delivered,2017-11-30 18:10:06,2017-11-30 18:37:22,2017-12-05 16:04:35,2017-12-15 19:21:53,2017-12-26 00:00:00
c1ab86138a2e18e81c0390d8d9f96f86,d1f8f612e6392284c50933ccee7966db,delivered,2017-11-28 10:04:24,2017-11-28 13:00:51,2017-12-01 21:03:20,2017-12-17 13:16:32,2017-12-27 00:00:00
442474d2063d0b9b957785f2e4773865,0b6ed326f1c69e74848157dc00027c91,canceled,2017-08-13 22:24:19,2017-08-14 22:45:11,,,2017-09-01 00:00:00
9fcad2458d10ff81bb03d63253ac603d,1b4b059fc494b7bdb95aa743187dc92e,delivered,2018-07-17 21:52:55,2018-07-17 22:05:20,2018-07-19 14:48:00,2018-07-23 20:02:59,2018-08-02 00:00:00
808b48ab7f6fab2f801fc89c447c7eab,740d966972fc4d7b3911eb5bf066f510,delivered,2017-11-24 22:05:56,2017-11-28 03:33:23,2017-11-30 21:14:49,2017-12-13 22:14:34,2018-01-03 00:00:00
f0b28558fa13c7391016b869eded8a0d,6f90c8656c371ac9988510b58a6d1e62,delivered,2018-04-18 20:35:13,2018-04-18 20:50:33,2018-04-24 19:54:27,2018-05-07 17:28:54,2018-05-22 00:00:00
5738b1361143b2ba3e59fcb5dffc7114,79836f353f3bf93edbfb6145332ec447,delivered,2017-11-27 16:58:04,2017-11-27 17:20:03,2018-01-04 20:49:13,2018-01-30 18:32:21,2017-12-20 00:00:00
dd50563189de348b0403be6825ed14f6,f0f9a47c97201cc9a55283fc343b6be1,delivered,2017-12-25 21:35:02,2017-12-25 21:48:40,2017-12-28 18:13:36,2018-01-10 13:12:01,2018-01-22 00:00:00
798ebeeeb20c3abc17b6012098d1fa61,8fc76f2c69a743473a5aa6af762dab37,delivered,2018-06-15 11:36:26,2018-06-15 11:59:24,2018-06-18 09:04:00,2018-06-20 00:48:23,2018-07-04 00:00:00
4486a084f4b0d0cc0f481087c1480bc7,4da23965c5d68f0f29f9ca338c9c8b06,delivered,2017-12-08 19:52:50,2017-12-10 19:50:24,2017-12-12 19:44:13,2018-01-11 18:28:38,2018-01-05 00:00:00
e742341b8b6bf5a833c52f7c607f6b69,cc0921640905363b59ccff2a82f9c415,delivered,2018-07-20 19:48:10,2018-07-20 20:04:03,2018-07-23 11:42:00,2018-07-30 17:46:39,2018-08-09 00:00:00
e4d2316908e7852424fa2c997f0e3283,b2a18c78c1d96ebdaaaf51731c0c45c9,delivered,2018-04-16 14:25:45,2018-04-16 14:35:28,2018-04-23 10:12:12,2018-05-08 22:07:52,2018-05-17 00:00:00
fc68d45fcd6b69813ab9159228c0b81f,82915940532c766c49e832b009f9cccd,delivered,2018-08-22 10:46:11,2018-08-22 11:04:32,2018-08-23 14:18:00,2018-08-24 19:06:33,2018-08-30 00:00:00
b4578b55341912d52f9d1a141ba9e440,0707625ba315d67587771dfa3e945288,delivered,2017-09-14 11:46:56,2017-09-14 12:04:31,2017-09-15 17:57:52,2017-09-18 19:20:55,2017-09-28 00:00:00
a11e916995a120fce0b1528d2555151b,82051ce87c5771da69cc903239d13ffc,delivered,2018-05-02 08:24:41,2018-05-03 03:35:09,2018-05-03 13:54:00,2018-05-16 20:04:04,2018-06-05 00:00:00
f9b08c26496de3604c13a613383165b0,2219b0dd093603c190c5c9e9236d553b,delivered,2018-03-07 18:09:41,2018-03-07 18:29:56,2018-03-08 20:05:28,2018-04-11 19:47:24,2018-04-09 00:00:00
147858a6d815c446dfb3d11e20019757,b147d384b96247c9b9f589261fa93b6f,delivered,2018-05-14 18:58:00,2018-05-14 19:18:12,2018-05-15 10:45:00,2018-05-18 21:26:48,2018-05-29 00:00:00
4c8eac76de32572cebc64aca0f263e2a,12029efbcd83212db276db34e8d6f802,delivered,2018-02-27 21:30:28,2018-02-27 21:48:34,2018-03-05 19:27:04,2018-03-29 21:51:49,2018-03-21 00:00:00
1c5072c286f0b04c4cbd03de8af6136d,59543fe66c27b7ef5544499592f5d133,delivered,2018-06-07 14:38:36,2018-06-07 22:33:25,2018-06-08 15:46:00,2018-06-14 02:56:49,2018-07-11 00:00:00
441c5a5da055ac9043e37bc8b976654f,e443687342a318891ded77cd6b35ae4e,delivered,2018-08-10 12:48:27,2018-08-10 13:04:45,2018-08-13 14:24:00,2018-08-21 11:13:28,2018-08-31 00:00:00
c1d7c344beb7643af2f26a7b7cbecd5e,4ca39a384a51c378303737fa14db7ae9,delivered,2018-05-09 17:17:44,2018-05-09 17:36:21,2018-05-16 13:41:00,2018-06-07 00:48:15,2018-06-08 00:00:00
c465b4dc1929898adffb867fb70fbadd,2f2ece3064897201806746d7d40eb1a5,delivered,2017-09-04 18:58:47,2017-09-04 19:15:15,2017-09-06 17:54:58,2017-09-11 19:56:41,2017-09-15 00:00:00
84f61de0b1993beb8c361f2b2d84c16f,3520a938f7623a878a5c86cb2c3842f6,delivered,2017-12-12 15:27:21,2017-12-12 15:50:55,2017-12-28 12:33:46,2018-01-04 18:14:50,2018-01-18 00:00:00
baa297bb0f3189e5aec7838ec35b5efc,d0a038bb17c57b327e1e499b1806122a,delivered,2018-08-06 22:27:35,2018-08-06 22:44:33,2018-08-07 14:53:00,2018-08-10 17:39:58,2018-08-21 00:00:00
2eddb869e994d4a82873f1ed56297e67,12391d981c9187cbb96775aebc92f772,delivered,2018-06-14 18:43:00,2018-06-14 18:58:12,2018-06-19 06:08:00,2018-06-30 15:26:59,2018-07-11 00:00:00
24b2d434709c901b14bca606ef51cecd,fd1600e4be4ca48f98c8f5f1a567d2e8,delivered,2018-08-04 20:32:29,2018-08-07 04:55:23,2018-08-07 14:37:00,2018-08-09 22:38:33,2018-08-13 00:00:00
129751cc187cf2f43dcb7ea8f8fdcf0d,8be380ca41df056cfc4917289865b1ac,delivered,2017-08-22 20:50:03,2017-08-22 21:06:33,2017-08-24 13:43:04,2017-08-29 18:12:47,2017-09-15 00:00:00
8fcd3ca09f0920161eb54634ad10a86c,3b5308a70b947b88e93dd3667d4f7658,delivered,2018-02-06 14:20:33,2018-02-06 14:30:37,2018-02-20 14:23:39,2018-03-22 00:48:54,2018-03-23 00:00:00
38801dcdd44030c1317f837202c28501,1ffad0cd8f3ab1b5d888a4670cfa6a96,delivered,2017-09-19 13:22:56,2017-09-20 02:16:29,2017-09-22 18:27:17,2017-10-03 18:51:36,2017-10-11 00:00:00
fbc12089bbd03e3a825625899c8c8f92,17abf348943d3a3ad0573f2910035417,delivered,2018-05-11 13:51:11,2018-05-11 14:16:32,2018-05-14 14:00:00,2018-05-21 16:16:26,2018-06-04 00:00:00
59362dfdfc742008cd6889fda33dd61e,d0b9308df89064e7da109b8bfa722bee,delivered,2018-05-31 15:32:11,2018-05-31 15:51:49,2018-06-01 14:42:00,2018-06-22 20:18:47,2018-07-24 00:00:00
1c5e5f8876d71c023da34d2abd4c9f26,9faad560424c4b5092344a27c98ab43c,delivered,2018-02-01 21:54:10,2018-02-01 22:12:11,2018-02-21 02:47:58,2018-03-06 16:23:23,2018-03-01 00:00:00
003cc6161d7a2593f2525cce0c330d32,7d9802889236ab8fc541bfb438978cd7,delivered,2018-08-03 19:33:35,2018-08-03 20:04:14,2018-08-06 15:02:00,2018-08-07 11:32:11,2018-08-08 00:00:00
38e80d72b34e2f2812529ccf6edbdbb4,09dc6ab8331acc30ed0e578301d5fd12,delivered,2017-09-27 21:41:08,2017-09-27 21:56:21,2017-09-29 16:53:39,2017-10-02 20:57:27,2017-10-20 00:00:00
b56c486f60a660f25910c3842f15e886,01f73b778c4f92ec0b55fa90e306d82b,delivered,2018-07-26 10:06:35,2018-07-28 02:50:19,2018-08-01 15:12:00,2018-08-08 14:23:40,2018-08-16 00:00:00
cb344f22b72163e62e6ded63d2e2606e,bff88438740222ebb8b541d836faa509,delivered,2018-08-13 11:43:17,2018-08-14 11:44:18,2018-08-17 15:06:00,2018-08-21 23:47:29,2018-08-23 00:00:00
b997ce40f469fbcd2e163e6a2df04de8,e193e498ca7e4b73bf1d55f365b6f64b,delivered,2017-03-25 14:30:46,2017-03-25 14:45:11,2017-03-28 11:42:59,2017-04-03 16:53:51,2017-04-19 00:00:00
cc3de1b196170ae020cf79cde9883058,e1be54348f99cd564abe01493dbb0a69,delivered,2017-11-13 20:04:00,2017-11-15 02:51:24,2017-11-16 20:48:25,2017-11-24 19:03:15,2017-12-08 00:00:00
5cb890a68b91b6158d69257e4e2bc359,2c23489c329798c266c3ffcd50dbdcf8,delivered,2018-01-24 12:33:57,2018-01-25 12:31:18,2018-01-26 21:46:34,2018-02-01 21:43:45,2018-02-19 00:00:00
8df5cf9e272e804f5330340384db94d6,115e82e1390fcccdbd8cf09000012a94,delivered,2018-01-19 09:30:05,2018-01-19 09:39:28,2018-01-22 17:39:29,2018-01-30 23:57:04,2018-02-21 00:00:00
e77f560df130ed0c0170ca3c556ea1d5,55e87651358d96661db34c9ad0082e7a,delivered,2018-06-17 08:53:07,2018-06-17 09:13:26,2018-06-18 14:05:00,2018-06-28 11:56:19,2018-07-24 00:00:00
aef03c27f5449124b7b71ef2164df561,a4f866fffea84c408569acad1def536b,delivered,2017-06-30 16:22:00,2017-06-30 16:35:09,2017-07-04 15:55:33,2017-07-05 14:46:39,2017-07-13 00:00:00
2d5eba84336d0f61b5cc25228d21b8ee,2d2108037a40de9d1840132472967eb8,delivered,2018-03-19 09:30:21,2018-03-19 10:07:25,2018-03-21 20:05:12,2018-04-10 00:08:24,2018-04-13 00:00:00
e2fbe37c6717808ef07b8f2b1cc63c40,dd898ada47b8dee6bdafc7e687cd6cd1,delivered,2017-11-09 11:52:53,2017-11-09 12:06:42,2017-11-10 21:21:36,2017-11-23 18:02:22,2017-12-07 00:00:00
6d2f0dccc294bd2e21a2c8c93d0121bc,e922966c2220982b15f19e2d22336d5a,delivered,2018-06-26 17:57:15,2018-06-26 18:18:31,2018-06-28 14:47:00,2018-07-03 18:54:55,2018-07-24 00:00:00
b5d9197eb2402184f5661ee98acf0271,ba5720d67e8a8e668a4e646000837edc,delivered,2018-03-14 21:29:52,2018-03-15 18:28:43,2018-03-20 21:36:56,2018-03-26 20:44:57,2018-04-02 00:00:00
b4408ccc8e2918d17baf170da937ef2f,c66283ab8b63725c2be75ddd50c93552,delivered,2017-07-26 17:52:21,2017-07-26 18:03:29,2017-07-28 15:10:26,2017-08-09 17:09:13,2017-08-23 00:00:00
a31b7701247f69c640631ad0bcd130ef,f44874b79296f9379e81705ae1aa9a85,delivered,2018-03-28 16:01:05,2018-03-29 15:55:20,2018-04-02 20:19:10,2018-04-25 14:33:41,2018-04-26 00:00:00
982f1dba4ba6a565f56a2f51e6a68740,63cfe513a46b520d5aeefed515d6a1bd,delivered,2017-09-14 01:00:31,2017-09-14 01:10:15,2017-09-15 19:26:09,2017-09-21 18:32:09,2017-10-04 00:00:00
c93d6b0cbd51a29939f48107e4a7425e,4d45302cfb4e0c6404ebe65cbcaaa83c,delivered,2018-02-06 12:15:37,2018-02-07 03:10:47,2018-02-08 14:07:59,2018-02-19 13:14:54,2018-03-02 00:00:00
f8b959d98886eb608247e99500dc7b27,baa315938f6a7dabb22eaf39fa899549,delivered,2018-03-03 20:44:07,2018-03-03 21:08:44,2018-03-06 16:52:47,2018-04-06 21:19:19,2018-03-26 00:00:00
33b1b34b5bb565c5bdea6e2995ac1cab,4841e756408158f684e7af4cc56e3962,delivered,2017-10-03 14:57:39,2017-10-05 02:56:34,2017-10-06 19:53:19,2017-11-16 20:57:52,2017-10-30 00:00:00
a37fcd79d371bcc1cfb7c63a00a3c770,89455e55be2ea1c28c8f78b64c359fc8,delivered,2018-05-29 20:28:26,2018-05-29 20:54:03,2018-05-30 11:02:00,2018-06-04 19:26:52,2018-06-21 00:00:00
9dd59f7ebb5a498a78c92b880b30dcf1,bc72495843a3e1ac1a45ba7d45d59786,shipped,2018-06-13 10:07:16,2018-06-13 16:05:44,2018-06-15 07:46:00,,2018-06-28 00:00:00
d8c132b9c7b4a1c50aa55a1280e9496b,3e36c535cd70fc8d2280cd32229a451b,delivered,2017-11-24 17:52:12,2017-11-24 21:16:16,2017-11-28 17:32:32,2017-12-06 21:27:05,2017-12-22 00:00:00
de1288b53d00f641d4de97992ba09703,d2f71573dd23cd9672d89d9c562cfd14,delivered,2018-04-29 10:26:16,2018-04-29 10:52:09,2018-04-30 14:09:00,2018-05-11 22:22:02,2018-05-29 00:00:00
806508916d09b540a66a7487473a6e7e,0e72c3dc4b08b7685316c370742511e3,delivered,2017-10-22 01:17:22,2017-10-22 12:49:15,2017-10-23 19:06:46,2017-11-03 22:47:47,2017-11-17 00:00:00
d71fc3033bc27e81b5a946294eb577dc,d134e0c1f138c383dbbaec56a8146a96,delivered,2017-08-18 13:53:01,2017-08-18 14:10:14,2017-08-22 21:41:24,2017-08-25 20:15:21,2017-09-12 00:00:00
1a9b5dd397fc3ec9e54ff4b9a738a37e,816b2a113af5fdab13acb5d51b471913,delivered,2018-08-16 10:28:10,2018-08-16 10:44:05,2018-08-17 15:26:00,2018-08-23 23:41:23,2018-09-03 00:00:00
45f323ee344dfe76bcd78bc41c962c91,91eaf667c6a3a4a40a147e8ac21f1877,delivered,2018-08-02 12:04:55,2018-08-02 12:50:19,2018-08-03 10:29:00,2018-08-27 20:18:43,2018-08-22 00:00:00
98b3b28db55c9f6e365c56f05004d3b5,fc2f1cde057c9c2675602bc90d36b54a,delivered,2018-04-20 15:06:49,2018-04-24 18:39:32,2018-04-23 23:38:39,2018-05-15 15:46:32,2018-05-30 00:00:00
02b73712c7944322d0b5a314f2424ee4,d9778e3e408e8c54bdb818ab6bdccc39,delivered,2017-09-16 10:25:55,2017-09-16 11:03:43,2017-09-18 18:03:39,2017-09-26 21:42:41,2017-10-06 00:00:00
468459668c11750c4d0a52b54045bf48,fdf260f95dfd0df0da8955f6152e0f60,delivered,2017-07-14 03:36:54,2017-07-14 03:50:07,2017-07-21 14:21:35,2017-08-03 18:29:35,2017-08-21 00:00:00
d2ce9688abb199cda1a106b293847827,af48ad11489d099769bdacaa419d6bc9,delivered,2018-08-26 16:12:27,2018-08-26 16:25:17,2018-08-29 14:49:00,2018-08-31 01:03:11,2018-09-05 00:00:00
2f346d92b11fcc7c342b3392b174cf3b,d8312a2d5a108ccc4d43cf2cc7f5a10e,unavailable,2017-12-07 11:53:32,2017-12-07 15:23:44,,,2018-01-08 00:00:00
a90923ac16a91b92fe65f33d0858827b,f1d40f1dfc6285e66a5d5c0c956bb178,delivered,2017-07-18 10:28:06,2017-07-18 10:43:35,2017-07-20 20:44:23,2017-08-02 14:21:47,2017-08-07 00:00:00
3d217b7bcefc3bc37d3fbf5a1b7fc009,3aec4688b93d6061ec5061721ad493a7,delivered,2018-06-27 10:00:36,2018-06-27 11:06:43,2018-06-28 14:55:00,2018-07-12 16:01:55,2018-07-26 00:00:00
4386700b3af86ed03733e04c9d3b2926,196b1744b9b46f66568356e20ab4a968,delivered,2017-09-22 11:07:49,2017-09-22 11:28:03,2017-09-26 12:37:54,2017-10-09 19:48:23,2017-10-18 00:00:00
f926f5a21b7bab3b81bffa528bcb1ea3,02d6d55e8f7b1d7bb212ea9363d51569,delivered,2017-11-24 17:58:50,2017-11-24 21:16:37,2017-11-28 21:09:55,2017-12-04 19:56:53,2017-12-18 00:00:00
4755001364cec8b76f33c43498698889,7aa6a8e8ed84654a683a4c0100dbc0e7,delivered,2017-04-26 09:36:59,2017-04-28 11:47:04,2017-04-28 11:58:38,2017-05-08 14:23:11,2017-05-17 00:00:00
05712f43d1c39effad171a8b0344940a,ae629dfbdd8b33fa29028ff92179a62c,delivered,2017-12-03 15:50:24,2017-12-03 15:59:21,2017-12-04 22:09:21,2017-12-19 19:26:44,2018-01-03 00:00:00
7343951818332032146c6e09dd824443,9cf66f100674f9c49ad1cce8c54545ba,delivered,2017-10-10 19:29:16,2017-10-10 20:06:15,2017-10-11 19:20:15,2017-10-18 19:06:55,2017-11-01 00:00:00
a426bb94ff487c1e28c20c73d5f99cd0,ac4235b361fa3cba41eec937e58cdcee,delivered,2018-03-21 13:58:10,2018-03-23 02:10:32,2018-03-23 22:10:45,2018-04-14 13:28:50,2018-04-13 00:00:00
fab554de6022bbe68f2e742d63440861,c1bbcb6dbd118abbac93f66aa17f56f6,delivered,2017-10-16 20:05:03,2017-10-16 20:14:50,2017-10-17 15:44:57,2017-10-27 21:03:36,2017-11-06 00:00:00
90e0d38d1d5842547ebd5cb95069c1f7,8c7ff75abf2f52700bd2724b7e4a3589,delivered,2018-06-05 21:24:04,2018-06-06 21:32:01,2018-06-11 15:07:00,2018-06-12 20:26:47,2018-06-29 00:00:00
aaee808634adf6a6f4bdd2354f43f448,c5cb6707ec7496b205b38c522ca44bcf,delivered,2018-06-05 09:21:25,2018-06-05 09:35:14,2018-06-08 14:04:00,2018-06-09 19:47:37,2018-07-27 00:00:00
e0f3b3fba41526eb8feea1da8123fc20,2a1051b096dd40c017d64c995cf8afee,delivered,2018-06-30 11:02:45,2018-06-30 11:15:15,2018-07-03 12:11:00,2018-07-05 19:58:41,2018-07-27 00:00:00
c1eab66ff6c440a9f5d92f83b8f10550,31c45b49a140bc7c8a9bed80e74e8660,delivered,2017-10-29 03:49:38,2017-10-29 04:05:37,2017-11-01 00:22:17,2017-11-09 19:02:39,2017-11-24 00:00:00
4dcebe90e2424ee4fc1a68c8d39aa533,c284b3268ce8f5aa06638a4cab2fac8b,delivered,2017-10-05 17:01:01,2017-10-06 02:14:31,2017-10-06 18:56:01,2017-10-18 00:53:09,2017-11-07 00:00:00
414aa35f4bb723e9b5787467f282450e,d3ad5de502066d0628115a3efa4e91c2,delivered,2017-07-24 18:20:10,2017-07-25 03:25:32,2017-07-26 10:28:06,2017-08-02 17:46:01,2017-08-21 00:00:00
460e04c3cfd044ed625de3225dd24d4b,6f072676854cc4e79618094488c8c854,delivered,2018-04-16 19:07:53,2018-04-16 19:51:52,2018-04-17 21:42:39,2018-04-26 13:26:40,2018-05-17 00:00:00
10605be2fc9784c0fd19b78f8b1924c0,0ae2b2edee0a604c92ccf6ed3c64376c,invoiced,2017-08-26 10:06:15,2017-08-26 10:24:34,,,2017-09-18 00:00:00
b3ba3fb3a14a0fd1a425706e71b7de10,b59b9200abefa3aef8728bddb76a9d8c,delivered,2018-03-01 16:19:30,2018-03-01 16:35:40,2018-03-06 22:58:54,2018-04-04 19:36:34,2018-03-29 00:00:00
97135194e893f6fd1c61580f1eb37bda,c5574d7bfd26dc4517a030d20c8a2711,delivered,2018-01-11 21:58:01,2018-01-11 22:10:28,2018-01-26 13:29:21,2018-02-14 11:58:30,2018-03-19 00:00:00
9fa4a4aa87aaf6ac40f2e59527d91436,40441ee9b105826ace0b2fe0134c9ac3,delivered,2017-08-20 00:39:57,2017-08-20 01:45:09,2017-08-22 23:27:52,2017-08-29 22:30:01,2017-09-15 00:00:00
1d1e5f659ad884a3f1a760dd28e5606a,f211017372dee93377fa125ea22d3871,delivered,2018-07-19 19:58:04,2018-07-19 20:05:17,2018-07-20 11:40:00,2018-07-30 13:41:41,2018-08-03 00:00:00
0e7ce85328efacb39ce2cb345850b969,c56e3d7111c92cc344142fe21cdc6cae,delivered,2017-06-02 08:25:41,2017-06-02 08:35:21,2017-06-02 16:58:02,2017-06-14 11:38:30,2017-07-06 00:00:00
0d78ff8b7d8f2a3590a2e4745240f97b,2bd3ae402537c443ec6aab0feb74cd65,delivered,2018-01-27 12:32:23,2018-01-27 12:53:25,2018-01-30 22:46:42,2018-02-14 21:39:01,2018-02-14 00:00:00
35aa6b03b34d8d0a5c1eaae2bb5fcf76,18f5e4ab94b6b5fdcf32dade57defe50,delivered,2017-01-31 17:40:36,2017-01-31 17:50:13,2017-02-02 09:29:14,2017-02-20 15:19:06,2017-03-10 00:00:00
1ff300a1e66c173fd9dba91d3b3db4d1,9eb08c0928c156fd96e6a7a01e5a1cb2,delivered,2018-07-30 22:58:54,2018-07-30 23:31:40,2018-07-31 14:47:00,2018-08-02 16:16:30,2018-08-07 00:00:00
7e8072dc0f35ebb0c1b2a4743e0f179a,8a8476a80099f2b63c573d23679532ec,delivered,2018-06-27 14:07:03,2018-06-28 20:10:14,2018-06-29 08:25:00,2018-07-11 00:12:50,2018-07-27 00:00:00
913b2ec0a92a754a5bca7ee6169147b5,1c39d56b27096ba58f7c6ae5525b5725,delivered,2018-06-09 15:47:43,2018-06-12 04:17:20,2018-06-12 11:16:00,2018-06-20 19:05:14,2018-07-05 00:00:00
be64b86415ab3c14a508e61cc6cfceb9,cb67b9222a5598131f83bf79b180f502,delivered,2017-12-05 11:39:09,2017-12-06 02:50:37,2017-12-07 18:34:51,2017-12-19 20:29:34,2017-12-28 00:00:00
657b8dbc222ac9b5b61eab078c16b3c2,95ad9c9815171d2f4bc4a6267bd8b05b,shipped,2017-07-13 17:30:30,2017-07-15 03:33:15,2017-07-18 18:04:16,,2017-08-04 00:00:00
49a8c35e52085c0a43f03250d944f2f9,f4eee7d403366b7c3262786e1e9a2823,delivered,2017-11-08 11:45:40,2017-11-08 12:31:00,2017-11-10 12:08:50,2017-11-17 16:04:33,2017-12-01 00:00:00
79581b0708489f6f9539c0d29dc53bb7,8f5fedc7ca7d912c79405b85f9d9299b,delivered,2018-07-22 21:51:37,2018-07-23 12:31:38,2018-07-24 13:33:00,2018-07-30 20:46:41,2018-08-16 00:00:00
3975a2d7a39b69a8af9b8433ad7a4088,b277706d4d2b4ce453b7e6abb03a1bbf,delivered,2018-06-26 10:35:45,2018-06-26 10:58:12,2018-06-26 14:45:00,2018-07-07 12:20:45,2018-07-17 00:00:00
da653ab16948a67d437ce755a30a7b0c,01afc06d7738a5a4b90959f387073912,delivered,2018-03-31 13:36:37,2018-04-01 13:35:17,2018-04-02 12:51:01,2018-04-03 23:36:44,2018-04-12 00:00:00
634adfa0f5cb0fd3a7c932f3b5b463fa,30a8b5ade8becba3f5886e3d984dabad,delivered,2017-09-09 08:45:10,2017-09-09 08:55:11,2017-09-13 21:44:59,2017-09-22 20:19:57,2017-10-02 00:00:00
0611e51b65ca1c2274c5a2463141dcb6,0a53041ab2e72cccb3329613978e2e2e,delivered,2017-10-10 14:24:10,2017-10-10 15:06:47,2017-10-11 19:53:48,2017-10-20 22:04:14,2017-11-06 00:00:00
efaf4d6a16d8eac0474f3f0b6e632a74,61c762a7d424e2426520553558a1706c,delivered,2017-10-02 22:18:20,2017-10-02 23:00:06,2017-10-05 16:58:07,2017-10-10 17:54:38,2017-10-31 00:00:00
a77c9550c32e540e8798334f832b522a,f28dbad47bec24355005c467a2f6e703,delivered,2017-05-26 10:02:25,2017-05-26 10:15:13,2017-05-31 11:27:15,2017-06-02 15:02:36,2017-06-08 00:00:00
e4020f274902a070b403d4f914dee557,98a8003e51fa117ecb46c24ef8f419df,delivered,2018-06-13 20:58:34,2018-06-13 21:20:11,2018-06-14 10:37:00,2018-06-20 13:12:08,2018-07-03 00:00:00
794ea528b03e4375968453d2974c6ce2,55ebb25019b36dad5e9aabd5475ce7f5,delivered,2017-06-13 21:34:47,2017-06-13 21:45:19,2017-06-16 12:49:23,2017-06-17 22:36:33,2017-06-27 00:00:00
214ee2e6750c4a27ac6121b731034858,12c0343740ea01133f44fe7593e30e09,delivered,2018-07-19 15:00:52,2018-07-20 04:55:25,2018-07-20 12:16:00,2018-07-26 20:04:36,2018-08-07 00:00:00
3fe4e2a59fdfde29f26bb836298997bf,e78962abffd0512b03a8a659eb4246af,delivered,2018-03-26 09:53:17,2018-03-28 02:47:17,2018-03-29 20:52:00,2018-04-05 01:19:06,2018-04-20 00:00:00
bf237ea364c3113c48cb2815b7bbe2c9,094bd1aaa3142c2422ae41136f482ad0,delivered,2017-07-21 12:24:16,2017-07-21 12:35:16,2017-07-24 14:56:32,2017-08-01 19:43:30,2017-08-11 00:00:00
106d8484bb6bb4ff239daff27fc4feb6,7dfa5f2f758adf5d769a3941649e733e,delivered,2017-06-12 22:55:41,2017-06-12 23:10:20,2017-06-19 13:32:02,2017-06-22 09:45:01,2017-07-05 00:00:00
68478192b2b8e0b480a2d3b3d18cce9b,dd7c1a80971bb39440c1a9b6b814eaa1,delivered,2017-05-11 13:06:34,2017-05-12 02:45:14,2017-05-13 07:23:36,2017-05-16 18:14:32,2017-05-29 00:00:00
1fac502a34e64b8fe035b46bf6162f83,d6a855553de81fa086a4d6dc6d414a26,delivered,2018-03-27 19:22:57,2018-03-27 19:35:18,2018-03-28 14:47:43,2018-04-12 22:12:55,2018-04-19 00:00:00
e1dc59c8a0073f7889eb0b714c97eacf,dcab6d1bc2d31dccdaac39934b30cba2,delivered,2018-08-04 19:12:55,2018-08-07 04:24:35,2018-08-07 14:53:00,2018-08-13 17:08:38,2018-08-20 00:00:00
040a7d867d3a82c3dbe047e96515bd09,0c304fb37832102b8d85acbc63709bb9,delivered,2018-02-20 09:03:00,2018-02-21 06:25:13,2018-02-22 18:19:21,2018-02-28 20:12:53,2018-03-14 00:00:00
8d7c561ff34d8fb665da2d7cd9eea5ea,e3267c909d1d6265381c696a7576de9c,delivered,2017-07-31 14:00:27,2017-07-31 14:10:16,2017-08-03 20:09:48,2017-08-09 20:32:58,2017-08-24 00:00:00
4e007faa0b64196f3b99b484f462e2f1,286151ca7dd479857e51fd9c240a8103,delivered,2017-06-13 22:02:51,2017-06-13 22:15:24,2017-06-16 14:42:51,2017-06-29 14:39:57,2017-07-06 00:00:00
7d0f5759a0eac0f20456bb8a36547bf5,e5583a36cc70b95b339afc5d67c5efa2,delivered,2018-03-19 00:31:01,2018-03-19 01:10:36,2018-03-26 20:42:38,2018-03-28 15:24:38,2018-03-29 00:00:00
9c319e5a1a2056f61e9f44bd5be2f11b,f7b4e6d3dc1e22181f6c07c25be39538,delivered,2018-08-08 08:00:57,2018-08-08 08:10:13,2018-08-08 14:24:00,2018-08-13 18:32:05,2018-08-21 00:00:00
7f15ae6f11b3789f24b78010cf34ecb5,390de7a8ca8084f7cfe547e3e96ed45f,delivered,2017-06-29 11:49:26,2017-06-29 12:04:17,2017-06-29 15:41:33,2017-07-13 21:47:29,2017-07-21 00:00:00
289e6f8bee1d0394dda10569516bfb27,eee34916bd1e46183d946404ab502a09,delivered,2018-01-31 21:22:24,2018-01-31 21:35:32,2018-02-01 18:32:43,2018-02-09 19:17:05,2018-02-23 00:00:00
2ff5e4926327864448d6e63f2a7fea15,f417b6a6c162da3cb18a21caac0ec91a,delivered,2018-06-17 22:55:08,2018-06-17 23:13:28,2018-06-19 12:28:00,2018-06-26 23:33:02,2018-07-16 00:00:00
d29eab9897f34e95d170c97d9262ab7a,041c0e4484d223d63bae84fad54c516c,delivered,2018-01-11 22:18:42,2018-01-11 22:31:31,2018-01-15 14:49:46,2018-01-26 21:38:40,2018-02-06 00:00:00
04ee5eeac980a849efb5ac99abf87259,875821ff77f94d5c8960cccdc48500e8,delivered,2017-08-23 16:01:02,2017-08-23 17:34:50,2017-08-28 12:03:41,2017-09-01 20:07:46,2017-09-13 00:00:00
6a8456c9e88a7b8905c7fede59f25b5d,a21fcb6d658ec7eed4d41d174cfe321f,delivered,2017-05-19 18:42:14,2017-05-20 04:15:21,2017-05-22 12:57:06,2017-05-24 10:19:30,2017-06-02 00:00:00
3a17fd4120bf394dc3968c52f703fe07,50d9df43bba18bb39591db6e0002a916,delivered,2017-03-20 11:01:19,2017-03-20 11:01:19,2017-03-22 11:54:41,2017-03-29 14:27:34,2017-04-10 00:00:00
3a594497943c5d46c735d2b2417f43b6,6ce7a179a811a6368132958ac7c9dfee,delivered,2018-01-21 11:47:31,2018-01-23 03:52:22,2018-01-25 00:13:40,2018-03-01 01:13:20,2018-02-19 00:00:00
4971e311356ab2972110bcebd76e48c0,2ac3a043592924a116eeac9dc25d1399,delivered,2017-10-13 11:11:03,2017-10-13 11:35:23,2017-10-13 19:27:39,2017-10-17 21:05:47,2017-11-06 00:00:00
58203fd5634402dfe49f2fb7ff670f47,5bd4243adeabb4b9ad566d3f34067322,delivered,2018-01-08 11:20:52,2018-01-08 11:32:27,2018-01-08 19:49:16,2018-01-19 23:52:28,2018-01-24 00:00:00
9f8ccad2702a1ddd203c159ba49e3018,dc785164d7124591a6e0088fb6c62f61,delivered,2017-09-10 17:28:12,2017-09-10 17:43:51,2017-09-12 20:49:35,2017-09-19 16:54:07,2017-10-03 00:00:00
a78827f77fce6acac3db78145b4c7f4a,9f74f66b1e347f122d8aec82f8dc4633,delivered,2017-04-01 15:13:25,2017-04-04 06:05:34,2017-04-06 05:28:09,2017-04-10 13:28:18,2017-04-28 00:00:00
e7daaee877792db6b869745a7bcca11d,09e038e546d675d90397d0069311cb0d,delivered,2018-08-08 18:18:08,2018-08-09 18:10:22,2018-08-10 14:27:00,2018-08-15 15:21:58,2018-08-21 00:00:00
e55b8c5adaece78a8727257a535b0156,1ccbd390e07c1663dccd2b14c9b03fe5,delivered,2018-02-02 16:12:56,2018-02-02 16:36:24,2018-02-07 23:37:09,2018-02-11 21:16:42,2018-02-21 00:00:00
e5f2efaee72a24f3605bb8217d862a2c,04b725a28205418c69b04add79d91c0b,delivered,2017-12-27 07:28:00,2017-12-29 02:10:28,2018-01-04 22:59:05,2018-01-15 14:07:08,2018-01-26 00:00:00
e2d38ab302de39ef3087f6a3a58c8e6d,97b1bb18e17815a38e2cd2f8e1e0078c,delivered,2018-04-25 16:08:27,2018-04-26 08:15:19,2018-05-02 10:32:00,2018-06-06 22:52:35,2018-06-06 00:00:00
de4f573359ebca3ee24bbe7cddb31052,6d867512b712b31761b98d42894d9eb2,delivered,2018-07-21 13:22:01,2018-07-21 13:35:16,2018-07-23 15:14:00,2018-08-04 14:11:56,2018-08-22 00:00:00
f3fdee8d27166359de2abe05ec16b351,c93e142e933bb44b34c4a1523308e4e4,delivered,2017-11-24 17:09:16,2017-11-24 20:52:18,2017-11-28 22:03:50,2017-12-23 14:58:45,2017-12-20 00:00:00
edb7ff04046ebd1f274c506a91568601,2ef4a56579ebc92bab401657923e7d4c,delivered,2017-06-14 16:07:23,2017-06-15 16:10:14,2017-06-16 13:48:08,2017-06-22 15:22:27,2017-07-07 00:00:00
29bcc6a8befe426cad7140eb616f16fe,a1297c92880354fb9a879330add244ed,delivered,2018-08-04 18:27:23,2018-08-04 18:44:14,2018-08-13 15:07:00,2018-08-14 21:58:37,2018-08-17 00:00:00
8f909d2a25c1618219801a24a48871de,dee732c17e04331899e26cad25503562,delivered,2017-03-16 15:12:12,2017-03-16 15:12:12,2017-03-23 16:34:22,2017-03-28 14:44:17,2017-04-19 00:00:00
3c20f6cdfc62556d4c0ee421cbff6d76,cc68ba72a04699ed98d427a2cfe9a585,delivered,2017-06-03 14:37:38,2017-06-03 14:50:09,2017-06-05 15:54:17,2017-06-29 10:45:32,2017-06-30 00:00:00
4ff46a29d577865d29d0f31408b3eddf,89ee23cf8b826a758b7e2fa15582ca2d,delivered,2017-09-01 16:26:43,2017-09-01 16:45:04,2017-09-02 15:28:08,2017-09-08 18:43:44,2017-09-28 00:00:00
29f86ab2838875a2fa6f612f9e21d421,31c1190ddfd72fb7643822fa21bf0dd7,delivered,2017-08-19 21:28:23,2017-08-19 21:44:22,2017-08-22 18:03:25,2017-08-28 18:44:49,2017-09-12 00:00:00
cd6abb02d781babd935ee80555d3972e,cc39c95f4a46addd1f64da1ea88f95fb,delivered,2018-03-02 23:04:39,2018-03-02 23:28:38,2018-03-06 19:49:04,2018-03-09 23:37:25,2018-03-14 00:00:00
1bcc9dd1dbb385cedfcf4d96da5af4ff,6b2a1131b5665f2625535c426047add0,delivered,2017-03-04 19:17:51,2017-03-05 19:10:11,2017-03-06 14:03:40,2017-03-18 10:37:28,2017-04-10 00:00:00
4703d00191e1f41e4d2f979ff7612729,4b0428f336231fc285fe5cac671a24a2,delivered,2017-09-15 12:32:27,2017-09-15 12:50:33,2017-09-18 16:48:24,2017-10-02 19:58:39,2017-10-06 00:00:00
2e9a9304c77e1fd0d01352a9cca46f31,8dbd4ea7dc84915203eb642a97fdbd77,delivered,2017-11-26 21:20:20,2017-11-26 21:33:17,2017-12-01 19:57:33,2017-12-06 16:55:01,2017-12-12 00:00:00
a078dc6e0c09350ed278918b2d30a5e7,e0567d3bebd1a849f6b13f9efec17d88,delivered,2017-07-28 13:37:15,2017-07-28 13:50:19,2017-08-21 17:37:46,2017-08-30 22:46:27,2017-08-22 00:00:00
99eff86b0ca661145879df56d726fd19,bbb1072005d6085620aae34c1b06a6b2,delivered,2018-05-05 20:17:04,2018-05-05 20:30:45,2018-05-07 12:11:00,2018-05-14 20:46:54,2018-05-30 00:00:00
11ab684b9f8c74b9b0652e6352d1906a,75f7b51090b336767b17dc099916f20f,delivered,2017-06-05 09:00:31,2017-06-05 09:15:14,2017-06-09 15:28:28,2017-06-29 13:57:50,2017-07-04 00:00:00
ca263afd88a8a1200605adbd4b63cd7d,2f6014fe90cb09655c6f5d9259381c8e,delivered,2018-01-12 18:17:53,2018-01-12 18:48:27,2018-01-16 17:34:52,2018-01-22 18:33:16,2018-02-02 00:00:00
3d48ddecaa9e06e1bb64461135dd7be2,79bf5679784b79e98f78639763b6dd2f,delivered,2017-07-12 19:23:25,2017-07-13 03:04:33,2017-07-14 16:42:16,2017-07-24 18:47:55,2017-08-04 00:00:00
ebc291ccb847d85f438a0b661490ac16,845eeb91509cf49e43a6730a4edeed0a,delivered,2018-01-08 20:13:14,2018-01-08 20:28:02,2018-01-09 22:27:25,2018-01-30 23:22:58,2018-02-09 00:00:00
f0ac8024ca852f443c16cb778445a4e0,3a17d2a2e4f6704f17a04491bbb5c352,delivered,2017-09-06 12:20:48,2017-09-06 12:35:19,2017-09-11 20:07:46,2017-09-18 21:15:58,2017-09-28 00:00:00
9508c52fce9468c56973500f75dbad5b,b0609e4e1e28ba6d9744ab92d21c05a6,delivered,2017-08-18 16:26:37,2017-08-19 02:24:50,2017-08-23 18:52:22,2017-08-29 12:19:30,2017-09-12 00:00:00
b55d2a96491140f09e6d673289453c24,58d495e44a163e9ed6171f593a5017a1,delivered,2018-03-07 22:25:55,2018-03-07 22:35:35,2018-03-08 20:56:18,2018-04-24 19:46:58,2018-04-03 00:00:00
82ee2df3a8f23cfa9208bde62204119e,eed861a4d93122d915f69afc155e36f4,delivered,2018-04-08 21:41:11,2018-04-08 21:55:23,2018-04-09 20:03:13,2018-04-18 19:59:29,2018-04-26 00:00:00
8a6b8c7658bafc61e02ea8982ffa1d4e,971fc118b16e18e76c8ed6d0b1d8a67c,delivered,2017-04-06 19:32:34,2017-04-06 19:45:15,2017-04-13 10:24:42,2017-04-18 15:59:39,2017-05-02 00:00:00
9d465e0a985e7dbc3c4b76c71a479a1f,e0687401f071bb242facb170a3fa577c,delivered,2018-06-17 00:36:06,2018-06-19 03:57:34,2018-06-20 12:27:00,2018-06-25 19:36:27,2018-07-18 00:00:00
e6f96e33b5d31862c79ab7b0eea58d25,668e2c11ab1df90de33d1cace27c1840,delivered,2018-03-11 15:03:02,2018-03-11 15:10:31,2018-03-13 17:05:00,2018-03-20 02:42:04,2018-03-28 00:00:00
2af6a9d6406504aa92a844c413551a60,6d4de01858d5789580f759aad62377a6,delivered,2017-09-10 23:10:10,2017-09-10 23:23:22,2017-09-11 20:32:12,2017-09-12 17:16:03,2017-09-21 00:00:00
4d6f79209e34185f85488e65c20c63a8,2b456258ddb10164544de0a042fa0e3c,delivered,2017-11-27 17:51:39,2017-11-27 18:11:07,2017-11-28 21:54:52,2017-12-15 23:23:46,2017-12-26 00:00:00
26ef358c39e6d1537243a3ede175c8c0,982b5a55e0c254aad4e8a083ed3e2072,delivered,2018-05-09 11:07:14,2018-05-09 11:34:56,2018-05-10 15:17:00,2018-05-17 15:52:09,2018-05-23 00:00:00
eba24b2dcc75d6fb248e917715a425d5,74203cd183d2faf3deb5629c6846362b,delivered,2017-05-06 21:17:01,2017-05-06 21:25:16,2017-05-09 08:16:40,2017-05-10 11:28:14,2017-05-19 00:00:00
132f922490ba371efd891cf7f81648e1,866a094bef59e8319d5b5d363ceb48c4,delivered,2017-08-04 19:07:49,2017-08-05 11:23:15,2017-08-07 20:19:25,2017-08-24 21:37:28,2017-09-01 00:00:00
b7be5a34ce10bf066ff8013867a3f004,29072a6ab1c1525151ab6f4fc0beb26a,delivered,2017-03-31 00:21:25,2017-03-31 01:15:06,2017-04-07 15:12:39,2017-04-25 10:48:00,2017-05-15 00:00:00
562194d4cd77e33b171957ba3c8526a1,c30e67d247c28f04ad357466c40731bd,delivered,2018-03-18 19:46:24,2018-03-18 20:07:33,2018-03-20 20:26:38,2018-03-25 16:06:26,2018-04-05 00:00:00
3c3c6b986a4d292ad99cabd0f60a482c,edc5e39f9b4c07f4392c83c6f762e5a5,delivered,2017-08-28 15:47:18,2017-08-28 15:55:19,2017-08-29 20:40:07,2017-09-09 19:16:39,2017-10-09 00:00:00
bc3d816db1aa7215dbde5b1b00d3d32b,e02fa39e3e692cfc33116a230ee55e11,delivered,2018-05-15 22:54:51,2018-05-15 23:14:13,2018-05-17 09:06:00,2018-05-22 17:15:30,2018-05-30 00:00:00
3a5f9959785e2cc88b4618dec84a5834,4aee9f8027afb09c8490b3d91f3421d7,delivered,2017-02-14 15:31:29,2017-02-14 15:45:20,2017-02-15 10:40:32,2017-02-23 16:43:57,2017-03-21 00:00:00
3ad9ae84ca65db282ae34e9c9aeeaf7c,c04734728558c8ad7e4b1db771fde5e3,delivered,2017-11-07 16:54:04,2017-11-07 17:06:43,2017-11-08 20:34:57,2017-11-14 19:36:55,2017-12-05 00:00:00
5e7610e3386d2abd9358070c4b9e29e8,9c4ba8502cbe151c70ef8cf334a165b5,delivered,2017-07-20 17:33:31,2017-07-20 17:45:20,2017-07-31 11:45:54,2017-08-11 19:59:58,2017-08-25 00:00:00
979413f37ff3d29ddcd3bdb3ec55df41,a012eda60386836ce9721240e137f5d6,delivered,2017-08-24 22:48:38,2017-08-24 23:05:12,2017-08-25 20:06:30,2017-08-29 22:28:08,2017-09-06 00:00:00
146b5dee10d8a77d71b6e9341fe0a154,6e9bb38cd7ee75a5b41591bae25ed17d,delivered,2018-05-13 18:33:08,2018-05-13 18:53:53,2018-05-14 13:34:00,2018-06-02 01:03:57,2018-06-07 00:00:00
5a8badb776e5585c274fe19201012249,ef22056dc8495090cdc55992aa9ef1a5,delivered,2018-03-07 21:02:00,2018-03-07 21:10:36,2018-03-13 01:03:06,2018-04-09 17:56:26,2018-04-05 00:00:00
a9fc49d2e84da72c75e2fdb6311a221c,0e594a1aecb1546023cbd1ede618d735,delivered,2017-06-05 22:26:58,2017-06-05 22:35:21,2017-06-06 11:40:23,2017-06-13 06:18:03,2017-06-28 00:00:00
19af5e1e647ae04a3a572d7d5bbd9e1b,8bf8245e125ef3137806f9aeff784809,delivered,2018-02-26 11:03:10,2018-02-26 11:15:33,2018-02-27 23:32:34,2018-03-02 18:13:55,2018-03-12 00:00:00
e5f0df20f3f036b329b93eb2fde29a61,f74bef75a01750b1517011b59eb1c000,delivered,2018-02-24 20:43:42,2018-02-27 04:31:07,2018-02-28 19:09:27,2018-03-14 01:31:10,2018-03-16 00:00:00
ed12f96f2c849c98deacc01a9f22129d,29481695bec444c42345e81fbccc7370,delivered,2017-12-14 14:53:42,2017-12-14 15:13:38,2017-12-15 20:53:19,2017-12-27 20:34:54,2018-01-16 00:00:00
3096389e5807ca3a952f80c8d2ee788a,5e7a86473798e8b4112bac5d369cafba,delivered,2017-11-23 17:45:59,2017-11-23 18:55:31,2017-11-27 20:06:36,2017-12-06 12:04:15,2017-12-15 00:00:00
8d1a2d41aeaade25066693b149eb294b,2817f7dee69f30623b6eb103c171c26c,delivered,2017-12-19 00:59:47,2017-12-19 02:50:39,2017-12-20 19:42:18,2017-12-26 15:52:32,2018-01-12 00:00:00
7b689d6aafb025278c974ded9940fc31,ad536b13b5693af9bbedc3daf0529130,delivered,2018-01-26 15:36:01,2018-01-26 15:58:13,2018-01-29 20:36:35,2018-02-08 19:21:47,2018-02-22 00:00:00
92822ff2220ab001aba01e753780cfe4,545aa46e4e68df2b3b8dcc06f735e179,delivered,2018-08-19 20:54:41,2018-08-20 13:15:30,2018-08-21 15:06:00,2018-08-29 15:31:36,2018-09-03 00:00:00
0c40becf669d1e6da9a8af153c382799,d6679f9035899b94503bb782c8352752,delivered,2018-04-07 11:13:14,2018-04-07 11:28:13,2018-04-10 00:02:25,2018-04-25 17:24:51,2018-04-26 00:00:00
ac2a908690e426e5105a42ead9dfd2b7,dbfad0a53ac126e84b2de23ed0f5b7c6,delivered,2017-06-19 08:57:29,2017-06-19 09:10:12,2017-07-04 14:13:37,2017-07-19 21:19:52,2017-07-21 00:00:00
e7567e43caf379d79065cbb612f06554,81b9ba290aa678e3b563af21d7b93b20,delivered,2018-01-17 06:15:52,2018-01-17 06:26:27,2018-01-25 22:42:57,2018-01-26 19:48:58,2018-02-07 00:00:00
f23bef5ff346873476747ab073a43877,0c9be1ec8a88da24743626fd0384ff46,delivered,2017-05-05 20:20:18,2017-05-09 09:45:12,2017-05-15 14:28:28,2017-06-01 14:48:26,2017-06-05 00:00:00
d17638ac2491f744bd174a75e2b9c4dc,61d03c7d32818bdb8eb0aad9e29332c1,delivered,2018-04-04 21:08:38,2018-04-04 21:28:31,2018-04-06 00:28:23,2018-04-14 00:58:54,2018-04-23 00:00:00
4c6f0636c0c9ee094350e2ed1884c068,5a5a75d11cf6794417f567dd826d7475,delivered,2018-02-15 16:04:24,2018-02-15 16:15:27,2018-02-16 20:57:16,2018-03-15 19:22:43,2018-03-14 00:00:00
7844eebb3536df34f62c7b819ac8c4d2,5e5564ba592b4a8ef0130a0f78356a16,delivered,2018-04-26 10:53:16,2018-04-27 08:12:15,2018-04-27 14:03:00,2018-05-08 21:58:47,2018-05-22 00:00:00
fb346ef4f28ae1f94f8555c7364c007c,9b81f09686cac80db4a3f37ec6ad91a3,delivered,2017-10-01 17:29:23,2017-10-03 04:28:26,2017-10-04 16:35:57,2017-10-05 17:25:11,2017-10-18 00:00:00
0ac6093ec7bb2a5eb1da4961999ee9d6,d3f497230c673e3eb4362335acdc799e,delivered,2018-02-03 16:22:19,2018-02-03 16:35:29,2018-02-06 00:15:40,2018-02-18 17:53:09,2018-03-07 00:00:00
9a3deccd2b0279aa76825542a6146030,ccd1069d389fdc3a3b3f0845e3515334,delivered,2017-05-16 17:43:56,2017-05-18 02:15:21,2017-05-19 12:00:13,2017-05-31 14:48:09,2017-06-20 00:00:00
2e63900419b641113428990171e12fba,c992debfa22b28e51e968fc6478ca626,delivered,2017-11-15 15:56:13,2017-11-15 16:08:05,2017-11-24 21:51:54,2017-12-06 16:49:18,2017-12-06 00:00:00
9c6939a937801d0069e9086f8ee2beee,2dc5d7df6257d7d4139a517880b26cfe,delivered,2018-01-11 15:56:56,2018-01-11 16:07:36,2018-01-12 22:49:26,2018-01-22 21:03:29,2018-02-09 00:00:00
f29b9aad274db0c763f241cfe781466f,f9a0d03e126d03c30a7a1b526137338c,delivered,2018-02-15 10:01:28,2018-02-15 10:15:24,2018-02-16 18:51:23,2018-03-10 14:36:23,2018-03-13 00:00:00
03c6fd082fce47bdd5e0dc1f81a9626f,3347f8d33927f9bb5159b2aa82b3d622,delivered,2018-05-12 20:50:47,2018-05-12 21:15:55,2018-05-15 07:55:00,2018-06-05 18:06:34,2018-06-11 00:00:00
f201da96764d726364db850f2558f842,21626e6f5cad9a65b93b72bc2ac621aa,delivered,2018-04-05 22:00:32,2018-04-05 22:10:15,2018-04-07 01:28:39,2018-04-09 16:06:52,2018-04-23 00:00:00
24496db5f9de478a647819c7eb075504,4c8e4c469add9342e1b2f8b20140625e,delivered,2017-04-28 14:41:39,2017-04-29 14:35:13,2017-05-02 11:23:16,2017-05-09 16:21:31,2017-05-30 00:00:00
8fefd06158a60ed8326f8569d57532af,26bd92c58cbc9acf8e286bbdeea7ee61,delivered,2018-05-21 16:38:04,2018-05-22 16:58:22,2018-05-23 15:38:00,2018-05-24 17:27:25,2018-05-29 00:00:00
d6f1fd48e3b9fbaa5ed2794838559afb,1258e0a6212e3969e7c1a9588a4d2d24,unavailable,2018-06-25 00:03:57,2018-06-26 00:18:00,,,2018-07-13 00:00:00
9387d427f564a63a5d9e87418dd48a54,35c6e01d0a534d4b583820e1c37da893,delivered,2018-02-18 12:26:53,2018-02-18 13:30:20,2018-02-19 20:56:36,2018-03-08 11:57:46,2018-03-12 00:00:00
fe386506094fadffd450e5754b5d9c17,44451746f6c73558a7736a09766921ad,delivered,2018-06-23 18:49:55,2018-06-23 19:16:11,2018-06-26 15:14:00,2018-07-03 16:08:59,2018-07-26 00:00:00
31cee66926e60ce4e5af0e4b9e2886d7,235e370b48423c2e8fed39564743df8f,delivered,2017-12-02 08:50:05,2017-12-02 09:09:17,2017-12-04 20:10:22,2017-12-11 20:18:58,2017-12-29 00:00:00
cb61ea5ecf3a762ee7460dc23d50fffd,2d5e77fae689aee9992cc9669cb61710,delivered,2017-12-20 15:14:25,2017-12-20 15:31:27,2017-12-21 23:13:42,2017-12-22 20:17:13,2018-01-09 00:00:00
d6a1328be8ee25bcec02c6c659e41618,72ca022d5f986cbeba818c19e6cd2f75,delivered,2017-09-02 12:24:01,2017-09-03 12:30:15,2017-09-04 17:14:54,2017-09-05 20:17:46,2017-09-15 00:00:00
37660ed0022803717d2eb7bac4300621,5cd812c5b28b235cfb60b9e5a194bd7c,delivered,2018-03-03 23:43:42,2018-03-04 23:49:02,2018-03-05 22:16:43,2018-03-06 15:16:39,2018-03-15 00:00:00
b8adb375ae50156f70a940103fc0f4f9,eb3d2af3c4de34e553dd52e7c5d94736,delivered,2017-05-15 18:37:38,2017-05-15 18:45:22,2017-05-17 10:00:35,2017-05-29 10:41:32,2017-06-19 00:00:00
52b97b975715b37423f069909d441a50,c7a628466b3252e46442779e2973914d,delivered,2018-04-09 16:35:21,2018-04-09 16:50:06,2018-04-10 20:51:26,2018-04-20 11:59:02,2018-05-14 00:00:00
1a89170dbb050ebb1530d3f2c574d4dd,83118e93b969419946159bf8520873ef,delivered,2018-08-24 19:51:08,2018-08-24 20:04:17,2018-08-27 13:38:00,2018-08-30 13:32:19,2018-09-14 00:00:00
3a8a097ab8e052e5f80441c9eb0d6b3a,1739c956a6e824670823a1b7cd970ff0,delivered,2018-05-07 16:56:47,2018-05-07 18:09:41,2018-05-09 11:03:00,2018-05-16 13:45:48,2018-06-04 00:00:00
166b91d58933959ea50aad0939cb5caa,c15180baaf5da7b429190c033c01ced6,delivered,2018-01-10 21:23:11,2018-01-10 21:33:22,2018-01-16 18:22:06,2018-01-24 15:03:13,2018-02-09 00:00:00
81369b7885f7b27b5e7c427f1a812374,b3693344be6dbc656b4783db6285d419,delivered,2018-01-03 01:34:09,2018-01-03 01:49:03,2018-01-03 20:13:30,2018-01-13 15:52:22,2018-01-29 00:00:00
32f0d08563a05bd541da24218934fdab,a4ed10c73967572c3dd19e759113a1aa,delivered,2018-05-09 11:29:02,2018-05-09 11:51:47,2018-05-11 14:51:00,2018-05-17 19:06:47,2018-05-30 00:00:00
a78a401e218732db3fd0ac73befe4973,c4144aa564aa4b24b96fc0c7abbcbdd1,delivered,2017-11-27 12:30:30,2017-11-27 12:39:22,2017-11-28 19:58:39,2017-12-05 16:14:57,2017-12-15 00:00:00
36f4478e93bb401c1938f739d085591a,cb40a9918ea5f312c3e82e50c7b0fe46,delivered,2018-08-18 11:21:16,2018-08-20 11:31:41,2018-08-21 13:46:00,2018-08-27 18:56:37,2018-10-03 00:00:00
65beeed06eb791b6c1026364455fdca3,39edf0ac747c7864c5883f9172060c31,delivered,2018-03-12 22:07:56,2018-03-13 00:40:28,2018-03-13 19:47:58,2018-03-15 21:38:25,2018-03-29 00:00:00
e0e56ee9a26b56fbc06c26bdfd061f2b,219d6f108f8b4383b5e0c1c87510514c,delivered,2018-08-16 15:45:56,2018-08-18 03:09:44,2018-08-21 13:01:00,2018-08-24 21:59:39,2018-08-27 00:00:00
4abba1209ac9ef2480b19c2e88391f23,5ee78fcb306b9b6f586a4e0add28b5a3,delivered,2018-08-01 13:38:03,2018-08-02 05:30:48,2018-08-02 15:01:00,2018-08-06 16:57:01,2018-08-10 00:00:00
43c04de0613b79c2470b22e171cc848d,9cd2bb095cc77fbe30747184de151b0f,delivered,2018-07-22 01:59:39,2018-07-23 11:32:18,2018-07-23 12:29:00,2018-07-24 19:22:27,2018-07-31 00:00:00
2829e7fdff89a6af03cb5de5348ecf3f,5c8484a2f90eef08c69c1295b3d33049,delivered,2018-08-10 18:38:16,2018-08-10 18:45:17,2018-08-13 13:58:00,2018-08-23 17:48:52,2018-09-10 00:00:00
7a74611af770d37eb88aa4c25cc04eb6,130ee9e3044b8bb7d6b1a012428b1860,delivered,2018-05-22 20:08:06,2018-05-22 20:37:00,2018-05-29 13:27:00,2018-06-01 13:38:53,2018-06-06 00:00:00
a4c753e682af75ae3bfafe65f6133f2c,3a5e10ad0ad52a6507a0431bc4b4e717,delivered,2018-05-26 20:09:27,2018-05-26 20:29:49,2018-05-28 13:33:00,2018-06-03 16:32:14,2018-06-29 00:00:00
18a5254b4a88faa21f6d9c53abc79924,167543c00422a2b6d100b6fab8e21c63,delivered,2018-04-14 11:08:03,2018-04-17 05:49:55,2018-04-17 19:16:36,2018-04-26 18:57:13,2018-05-11 00:00:00
e8df3922b27283e487dfe7c7c0eb149b,02aecf671e2e14f201bd51873575098a,delivered,2017-08-17 14:32:14,2017-08-19 02:26:25,2017-08-21 15:38:02,2017-08-28 18:53:06,2017-09-11 00:00:00
a8ffeec877ba50593ec90692e457e042,125fa3d4cb9eb0e0fcfa62eeef9eecec,delivered,2017-12-20 12:57:29,2017-12-21 02:12:05,2017-12-21 22:06:47,2017-12-26 22:15:59,2018-01-15 00:00:00
d9abc12fab04ae2bd6cd0a45a66ca19f,c218529250a07c74ca7097f1ca468751,delivered,2018-05-22 13:25:08,2018-05-22 13:54:48,2018-05-24 15:35:00,2018-06-06 22:52:35,2018-06-13 00:00:00
36a21ebc447622cc9eb08312851c256c,85458cd2d0d7e8ae462588018d9725ff,delivered,2018-04-05 22:09:05,2018-04-05 22:29:11,2018-04-07 01:05:05,2018-04-12 18:58:40,2018-04-23 00:00:00
0fe0304e435117f8e45fe2b298ed25bd,1633655b3bf301a3f8b9e7d1d5d1a620,delivered,2018-03-20 16:16:56,2018-03-20 16:29:35,2018-03-23 23:33:04,2018-03-29 21:42:05,2018-04-06 00:00:00
228733587bbf9886c728aa6bad66fe57,7cec1a9545939929a4a4261575ed421b,delivered,2018-03-02 19:14:43,2018-03-02 19:48:46,2018-03-06 17:53:16,2018-03-29 18:48:57,2018-04-13 00:00:00
660c1d7b1c79eac538006732c1246f32,e3ad13593ae3a76a29112cc827f33675,delivered,2018-08-13 20:46:51,2018-08-13 21:04:15,2018-08-15 05:41:00,2018-08-21 22:43:34,2018-08-31 00:00:00
1f09e3685a5270799e2f5c3199936edc,609b96c75fd36caa48cda6817733557e,delivered,2017-08-03 12:23:10,2017-08-05 02:55:37,2017-08-07 16:12:48,2017-08-14 11:47:50,2017-08-25 00:00:00
68350de28c940e619bfce38aa0001ef2,583c711cb83b8f2ef170484758d2a4d3,delivered,2017-11-02 19:52:30,2017-11-02 20:10:29,2017-11-03 20:12:54,2017-11-06 18:21:18,2017-11-16 00:00:00
9991ee8a375a021fcb40b5ecf9902e5d,eb97846f551d8d032bca44331f22dcb1,delivered,2018-08-03 11:06:47,2018-08-04 11:04:05,2018-08-06 14:17:00,2018-08-10 20:48:34,2018-08-15 00:00:00
e3c8f0ea157b6f608ea5827c5b39c2bd,68645a64c1d4a9af8f3f89e5f450b3f7,delivered,2018-03-14 02:36:44,2018-03-14 03:08:33,2018-03-20 19:09:34,2018-04-04 01:42:46,2018-04-16 00:00:00
0cb32545f515420d9f3cba2c55ae3c4f,4964b245573f51603b9782d3a365caf6,delivered,2017-11-02 04:26:06,2017-11-02 04:46:47,2017-11-06 10:32:50,2017-11-16 22:09:06,2017-11-28 00:00:00
f1557b51d80a217105b6edae448b5548,e192a4b7a58ae822f25638fb7e0935fb,delivered,2018-06-18 13:41:18,2018-06-18 13:55:56,2018-06-21 13:32:00,2018-06-22 18:04:32,2018-07-03 00:00:00
c55faa68b4c77433099c244b2b441dc0,2e6c0ccdb5b36d98492e1ebe5a372146,delivered,2018-01-10 18:50:26,2018-01-12 02:36:45,2018-01-15 17:45:15,2018-01-30 14:12:51,2018-02-09 00:00:00
7225ec04629fbb109ed6629050e4465b,e53fb8494a41b514db4d80fafa628320,delivered,2018-04-16 08:29:40,2018-04-17 04:54:32,2018-04-17 17:22:23,2018-04-24 14:03:30,2018-05-17 00:00:00
4356e7c55bfb4c23c67ebbd0b1365bf0,25544e125e705786caa6714e4cb1df30,delivered,2018-06-16 21:28:29,2018-06-16 21:55:47,2018-06-20 09:24:00,2018-06-21 22:41:27,2018-07-11 00:00:00
d340bf9b2514974a57c9c2cb9020e259,46019e471f972abfa236b1dcc2b46ce2,delivered,2017-11-11 09:18:07,2017-11-11 09:30:47,2017-11-14 22:41:26,2017-11-22 02:09:05,2017-11-27 00:00:00
8b5780447e4ee0bfdd231f03e725a3aa,0e84f0cc6f9ed4c6ee157f62318c0742,delivered,2018-01-31 12:59:43,2018-02-01 13:10:43,2018-02-06 22:06:38,2018-02-14 16:52:28,2018-03-01 00:00:00
dc141e2a2a7e6369a1cf7acf24d54068,1742f9e84f26bdae2aa80ad287934f5d,shipped,2018-03-31 17:36:00,2018-03-31 17:55:13,2018-04-03 19:51:58,,2018-04-25 00:00:00
7400bc8ee7d289b54690fd540a3cdb8b,fadc0b6877f82d5a8426ea45e900b21a,delivered,2018-05-08 12:55:57,2018-05-08 13:09:40,2018-05-15 13:47:00,2018-06-04 19:48:27,2018-06-01 00:00:00
dde2fb922a5e542ca84560b67901f351,fa35c2eb47d2ac9cd12506c23024faf1,delivered,2017-02-14 15:42:39,2017-02-14 15:55:34,2017-02-15 14:32:27,2017-03-06 14:06:56,2017-03-27 00:00:00
77fd1bb7a079c323766c396f21602228,99a041726abd378156681a6f5f519684,delivered,2018-01-08 09:03:01,2018-01-08 09:10:28,2018-01-09 17:18:53,2018-01-10 12:50:45,2018-01-24 00:00:00
fed39ea4db65131e475d2f1ed267cf1e,e724d380e31da91cf1b08843ca18d53c,delivered,2018-01-09 08:47:09,2018-01-10 10:31:40,2018-01-22 21:28:40,2018-01-29 21:35:03,2018-02-09 00:00:00
4fc507af490f1dfdd4eefcc6a0144b40,47fb59334a16872aab42fd62cf1665fa,delivered,2018-01-27 17:25:57,2018-01-27 17:37:20,2018-02-08 22:13:17,2018-02-09 20:34:48,2018-02-15 00:00:00
0d2b97cf9a17b4e44a12371fa7536c1c,a10f809da5724187f9886fb340997c50,delivered,2018-07-22 09:28:51,2018-07-23 11:31:46,2018-07-24 14:28:00,2018-08-04 03:08:45,2018-08-09 00:00:00
425db79ac88bce97ec9884db3be0e019,9446e9602579c66ccea1df94a8e1dcfa,delivered,2018-05-19 17:55:39,2018-05-19 18:18:51,2018-05-21 14:57:00,2018-05-24 17:18:38,2018-06-07 00:00:00
07f6b1ad9ba4f7a4d2326adf7b8f517f,0cd47abbc8d9c815ff586e5b21280105,delivered,2017-08-23 16:15:30,2017-08-23 17:32:48,2017-08-25 12:23:40,2017-08-31 20:27:31,2017-09-13 00:00:00
ea1e1ffc5007718537ed671406b8538d,2db1a414c23fd5195a1a90da12cd28c5,delivered,2017-08-08 18:54:11,2017-08-10 03:15:36,2017-08-10 20:17:39,2017-08-15 15:17:32,2017-08-30 00:00:00
fef460386535d68be40b5323a195b4b1,9f91a746be44192dc25de0c87d35e0c6,delivered,2018-06-12 08:01:26,2018-06-13 05:32:31,2018-06-13 10:39:00,2018-06-20 18:35:19,2018-07-16 00:00:00
089099bac717ea03540251a8c02858b6,7f52f3f969ad5ea4a7b9828b41fe4913,delivered,2018-05-09 20:44:52,2018-05-09 21:15:16,2018-05-11 13:55:00,2018-05-16 19:06:07,2018-05-25 00:00:00
435f60d4f7e71b80e2fc988cb76eb68b,d259c07a3daff5f3b6d7e7842871fde4,delivered,2017-04-03 09:02:59,2017-04-04 05:45:33,2017-04-05 16:22:30,2017-04-13 13:10:28,2017-04-26 00:00:00
d1a5645d176964e7fc023cfc80d06f1a,d3eb15c5980e25bf63acd83816968909,delivered,2017-12-30 22:29:45,2017-12-30 22:38:27,2018-01-02 17:13:57,2018-01-04 12:52:55,2018-01-18 00:00:00
39b9820979b360fd55967934e0bc3f80,1d446ada44950f2608dc0c04c9b74bef,delivered,2017-11-26 19:09:22,2017-11-28 19:53:26,2017-12-05 08:52:54,2018-01-10 18:04:20,2017-12-21 00:00:00
d9064a51ed213dcd0cfe59a9039ec458,8c7a3139130cd3e36983e6f7626ccf6c,delivered,2017-11-12 21:15:17,2017-11-12 21:30:25,2017-11-16 18:09:24,2017-11-17 22:56:37,2017-11-27 00:00:00
aa5d6c8f531d300ba705fa1f78e02a9c,c0654c567bb1c55fb860c16d8fbcbbb3,delivered,2018-05-26 13:30:50,2018-05-26 13:50:57,2018-05-28 14:01:00,2018-05-29 19:41:01,2018-06-20 00:00:00
91c3ea3f720dd9cc12b762347379b0eb,930cddd48e6ae47a5922cff200d54069,delivered,2017-08-25 21:13:15,2017-08-26 02:10:11,2017-08-28 20:33:52,2017-09-05 17:12:03,2017-09-14 00:00:00
c32cfe30ac8d846c41d6695f9967bd04,c2cf124b411389488351af371f0433f5,delivered,2017-07-06 10:14:35,2017-07-06 10:25:18,2017-07-07 18:59:37,2017-07-21 16:52:42,2017-07-28 00:00:00
ee0431aa779ab9e13b643a5aaaaca67b,378a3995b1ee9e90d80e8e57e6e64862,delivered,2017-10-17 13:54:53,2017-10-18 02:58:31,2017-10-20 22:34:46,2017-11-03 17:51:51,2017-11-06 00:00:00
fd1dfd657df57a8183a8bd5ad5725538,37eeab71386686bbc66ecf73feb97e88,delivered,2017-03-01 23:34:48,2017-03-01 23:50:10,2017-03-06 11:46:03,2017-03-08 06:52:23,2017-03-20 00:00:00
a94b9255b3c3ebd206b09a5625e39ea2,92630c29ae3735ed24891feef3e66906,delivered,2017-06-04 21:12:58,2017-06-04 21:25:18,2017-06-13 14:16:36,2017-06-30 15:53:32,2017-07-07 00:00:00
d089c57c3f1314fa5bb23b8416231e81,11933b54094b0c1af8483c4d91abf345,delivered,2018-07-22 17:07:50,2018-07-23 12:32:15,2018-07-23 15:13:00,2018-08-01 19:02:32,2018-08-15 00:00:00
7d026db5c988be1bc3facec0e7fdb8c9,2e2a12a844ce176824840037f43a37ad,delivered,2018-08-07 17:08:54,2018-08-07 17:25:06,2018-08-14 13:09:00,2018-08-23 16:04:37,2018-08-28 00:00:00
d2b819d0452d793d35f2f462a37e3067,6df0e825a44f68c553829958bce20569,delivered,2017-05-25 10:24:21,2017-05-26 02:42:31,2017-05-26 08:05:55,2017-06-09 13:55:02,2017-06-29 00:00:00
bbdef4b5ecad947f721ab789db1dd57f,e4021257f141caca88c5cc080773eda3,unavailable,2018-03-04 22:14:40,2018-03-04 22:28:45,,,2018-03-15 00:00:00
a7adf8d0ab081caab51b96af34523e00,4b7a8bde4d6788812ce5e49666666f25,delivered,2017-08-15 17:05:06,2017-08-16 18:10:15,2017-08-18 21:49:55,2017-08-28 20:21:47,2017-09-06 00:00:00
eb5601a8a1f6ef9ce717d9862bc78722,0ffce45bf9ee56cc2fd80f6a1ebf68fb,delivered,2018-02-08 08:40:42,2018-02-09 10:11:46,2018-02-09 19:28:46,2018-02-21 21:16:46,2018-03-06 00:00:00
119f5a78ea23b1b012dfe576225b5d10,d2e59c436a5d597214c54ea5acffdbe7,delivered,2018-06-29 12:24:19,2018-06-29 12:35:10,2018-07-02 14:28:00,2018-07-06 17:41:48,2018-08-01 00:00:00
1e12bd2ecc7b4ed9cb562be4e64cbd7f,d4dd8c03527a45f25fffb55a071fdf21,delivered,2018-05-20 19:40:56,2018-05-20 19:50:44,2018-05-23 13:39:00,2018-06-08 17:04:06,2018-06-14 00:00:00
db29e664063fa3557cde395e02920f42,45c0488bbf01d069aa286319b66e22e7,delivered,2018-08-12 20:10:32,2018-08-13 20:10:08,2018-08-14 11:50:00,2018-08-18 13:48:21,2018-08-20 00:00:00
21be81b09ccb9f3d183ce25919c8c30f,12e7704344fbf19e9fad7fde7d56396e,delivered,2017-08-08 17:28:45,2017-08-09 17:35:13,2017-08-10 17:52:14,2017-08-19 16:27:31,2017-09-11 00:00:00
a62140d1eb99239dd849b909a48a0971,b5ec169666804af7265677402e9a8017,delivered,2018-04-24 06:36:45,2018-04-24 18:54:10,2018-04-25 13:40:00,2018-04-26 21:51:46,2018-05-09 00:00:00
7e8734a38ac8a79a7235d256f581e885,7cb07e905e7172ce6c04eea5eed5888d,delivered,2018-08-07 08:05:25,2018-08-07 08:44:46,2018-08-07 13:50:00,2018-08-14 18:37:38,2018-08-20 00:00:00
761f951c436266ce8269f9aeb52ee5e1,f75a9fad9c2ef07542ad3eb5c7f1c5f0,delivered,2017-07-30 13:28:34,2017-07-30 13:43:24,2017-07-31 18:01:26,2017-08-04 18:23:04,2017-08-22 00:00:00
177f8b6f0cfd6ef224d0caf1e59d89bd,e1fdfa0695ef19dbfa1018d021dec182,delivered,2018-06-09 16:12:08,2018-06-09 16:29:07,2018-06-14 14:18:00,2018-06-20 16:56:57,2018-07-11 00:00:00
7f88683c8e73da556d652a823d4050f4,feb9f770bdcc1711e9dd4996adea10fa,delivered,2018-08-09 07:32:45,2018-08-09 07:45:09,2018-08-10 15:39:00,2018-08-27 23:22:26,2018-08-31 00:00:00
c52321f7707d043322eba0bb9c6c1ef4,f1dc75a4e0484d21ede6e536651e1282,delivered,2017-12-10 17:17:15,2017-12-10 17:30:15,2017-12-11 17:04:56,2017-12-18 21:43:08,2018-01-04 00:00:00
54489dc43b208728294699a03e704d91,6d068eaaa0e34a46d80e4a90b44eca3c,delivered,2017-07-26 19:42:06,2017-07-28 08:30:21,2017-08-04 18:55:05,2017-08-17 12:24:56,2017-08-23 00:00:00
98a09776f1286cbe1bfaa2379e33ba8d,985df90166f0acca910f2105d53d6d65,delivered,2018-06-18 19:01:08,2018-06-18 19:21:29,2018-06-21 15:05:00,2018-06-25 16:46:34,2018-07-11 00:00:00
662cd2dc83f47160dd07e1717bdb2ce1,c11458367a14104e50b36be2d46476ba,delivered,2018-01-16 14:19:53,2018-01-16 14:31:34,2018-01-19 00:56:33,2018-01-24 21:51:31,2018-02-06 00:00:00
10b0cc08700da34fd2c2778af9ab388b,698db0bcb90cedf04468cb9e52e8c146,delivered,2018-03-11 22:12:18,2018-03-11 22:28:08,2018-03-12 17:06:55,2018-03-15 19:32:37,2018-03-23 00:00:00
9b0736df64a320c985e2aa02453ce16f,c65cebfe321c38481ddf6a4d46d3e542,delivered,2018-08-23 11:37:30,2018-08-25 02:44:35,2018-08-27 14:33:00,2018-08-28 13:15:47,2018-08-28 00:00:00
e1f7fd4580eedbf377860d89efe997d5,bba4cecac73ec3d2e47ad263c28fb1dd,delivered,2018-03-04 14:53:20,2018-03-04 15:09:02,2018-03-05 19:12:27,2018-03-06 21:43:00,2018-03-15 00:00:00
5357520c35cc3e6341658161b67151b1,7917a76ef82ca4be5ab0f9e211a45459,delivered,2017-12-25 19:38:33,2017-12-25 19:51:24,2017-12-26 17:58:54,2018-01-09 17:29:33,2018-01-31 00:00:00
b151fe5e854b99ee8ff6186d8e67a0c5,9cc61c2f285df20ce83ab844fd62df80,delivered,2018-05-25 11:11:47,2018-05-25 11:36:56,2018-05-25 14:56:00,2018-06-01 19:28:18,2018-06-25 00:00:00
f329e0268c6dd7c8492893d6049b7075,69de578127c288e2cc3c2e5362cc7202,delivered,2017-10-11 10:24:12,2017-10-11 10:35:24,2017-10-20 12:58:57,2017-10-24 15:43:15,2017-11-21 00:00:00
e2f3a90e59ee340336eda6e45ce3fb24,8fcb2ac952f183f3695080630fa8020c,delivered,2018-01-09 19:54:35,2018-01-09 20:11:36,2018-01-10 20:52:49,2018-02-03 00:46:07,2018-02-05 00:00:00
2b40e7763ce2a2fbeb3e63dd4a498702,57e3c7b4d479d52601eae8365dc9aec8,delivered,2018-01-24 09:52:23,2018-01-25 02:57:58,2018-01-26 16:42:01,2018-02-26 20:29:13,2018-02-23 00:00:00
506fad0fc79d02f8f890d91eeb9fddf5,0dc9cad43f5f7fc790046796d674f017,delivered,2018-01-15 20:01:51,2018-01-17 03:39:29,2018-01-17 19:59:15,2018-01-18 16:18:54,2018-01-31 00:00:00
4fdddb85c674036842fa2c86494e8890,33d93708f11200d40ac11a4efab3bbb0,delivered,2017-10-11 13:01:22,2017-10-11 13:14:18,2017-10-16 21:18:21,2017-10-26 00:07:01,2017-11-03 00:00:00
6b5a2cfa488fc5324f22cafe995bd8eb,ea0b4bff98df39909d0bab62c60e0725,delivered,2017-09-16 17:43:25,2017-09-16 17:55:17,2017-09-19 15:04:43,2017-09-20 20:33:38,2017-10-02 00:00:00
4d6654ead4a57a151e3df6fb20052675,febd81b18b250796ff4a0d2df1ed5ce9,delivered,2017-12-12 14:28:21,2017-12-12 14:34:28,2017-12-13 23:37:08,2017-12-19 16:43:16,2018-01-26 00:00:00
41028caaf199df18f6fbf94e3ba6180c,d325c94c9291ed4d4eff97bc40981b6a,delivered,2018-01-22 21:45:48,2018-01-22 21:55:30,2018-01-31 02:06:58,2018-02-08 19:28:30,2018-02-14 00:00:00
80c6a53cf1e905c00caa7d3d85a4bdb1,c749739d85d86137c648abbad19d7953,delivered,2018-08-04 19:24:25,2018-08-04 19:35:18,2018-08-14 16:04:00,2018-08-24 21:11:57,2018-09-06 00:00:00
0fb55482ffb326ed131c67051fe87192,934e65df19ff6cab141d3ec2b1a14e2a,delivered,2017-04-25 21:08:54,2017-04-25 21:22:34,2017-04-27 12:32:08,2017-05-11 18:47:46,2017-05-16 00:00:00
91cff4226206f54ade306c921d59f121,1dbf5bed644bbcbdf476f2fafd4806ff,delivered,2018-01-29 19:18:47,2018-01-29 19:31:47,2018-01-30 19:54:30,2018-02-17 01:11:48,2018-03-02 00:00:00
e6c31d156f3b4cbe1942da11b01e386f,bc8a1d920fcb50b72672cab95f989206,delivered,2017-05-19 09:41:53,2017-05-19 09:55:13,2017-05-19 10:31:35,2017-05-31 16:33:08,2017-06-19 00:00:00
205f0525fe708de4db2434516fe7c376,498fa6a4a7e975bd0c9ec575e936c1ca,delivered,2018-07-19 15:21:31,2018-07-19 15:35:20,2018-07-25 09:54:00,2018-07-31 18:54:42,2018-08-08 00:00:00
e462b9c1dbe3c306a5b7b78d72dd7f79,ab81dc95c137f31d229c1b9c4e901149,delivered,2017-07-25 00:12:29,2017-07-26 02:23:18,2017-08-03 21:14:35,2017-08-17 11:10:06,2017-08-22 00:00:00
9f6dfd14e123bd6e6372b4c0723a0d8e,4d0c498f71f4f6b3950043cf3b4e96ec,delivered,2018-07-30 17:09:29,2018-07-30 19:31:37,2018-08-01 07:56:00,2018-08-03 21:04:00,2018-08-07 00:00:00
b04477ada8d2ad7fa9d95358baaa785d,fc29af95ef22de1bc3dbfc54556ffb0a,delivered,2017-12-21 12:27:13,2017-12-22 02:38:50,2017-12-22 23:34:09,2018-01-06 13:39:08,2018-01-26 00:00:00
33bf2ecd9c887519e7c11288384fa270,840833b0bf68bad85ab152ef87024316,delivered,2017-06-20 14:02:23,2017-06-20 14:15:14,2017-06-23 10:43:54,2017-06-26 13:57:58,2017-07-04 00:00:00
9b652bd154e0804cb616f5e7c991e3f2,07bb973d937f79716f72adaccd6a4d17,delivered,2018-01-06 18:03:07,2018-01-06 18:13:24,2018-01-10 18:40:18,2018-01-19 20:38:44,2018-02-08 00:00:00
d92197e1617b69200451debc2626c333,a45ca5e6fc32bfa5bfae981107d3ef27,delivered,2018-05-19 09:12:17,2018-05-19 09:39:47,2018-05-21 15:54:00,2018-06-12 18:08:33,2018-06-21 00:00:00
97d2f8fe76f2f253b8291e17b5383884,5458c93e0db88f9b885bc7dbc3bfa2a3,shipped,2016-10-05 11:54:15,2016-10-06 15:51:26,2016-11-14 09:28:51,,2016-12-07 00:00:00
5e87cdbe29d6065faf8da598dfea8f6f,415390b79faebd1557378d29ac28fed7,delivered,2017-12-17 20:34:18,2017-12-19 14:32:25,2017-12-20 15:28:37,2018-01-03 22:36:13,2018-01-11 00:00:00
44f9d1c2b55cc4c403da0524e3d727c4,7dae275a0c48d70976e53b4417324dd5,delivered,2017-08-20 19:18:04,2017-08-20 19:30:21,2017-08-21 21:38:03,2017-08-22 15:56:10,2017-09-01 00:00:00
81b2727cf9cd65cf272e2ff378840983,d28ef63a068779849b838596bc75d6f7,delivered,2018-04-25 12:31:38,2018-04-25 17:35:30,2018-04-27 09:13:00,2018-05-03 00:36:31,2018-05-08 00:00:00
57c18f4284e896f80e8b81086c4f95ef,fbfdd7fe2c8685586b7e44a2970d0727,delivered,2018-02-01 06:55:18,2018-02-01 07:10:39,2018-02-01 18:12:23,2018-02-02 19:13:04,2018-02-19 00:00:00
89e4480fbd3d9e4798dc09b84ec53334,e84108e0a42d2fcc75aeb0580bc46c0e,delivered,2018-05-10 17:26:25,2018-05-10 17:51:13,2018-05-14 06:36:00,2018-05-23 21:32:46,2018-05-22 00:00:00
80d0ad65de53f6ff0e3ebcbc52d3b3b8,679b2f8af0e0d2b38db0486e5ac4e5fc,delivered,2017-12-20 21:09:05,2017-12-22 02:51:03,2017-12-26 19:12:31,2018-01-08 14:48:23,2018-01-19 00:00:00
dad1e3ac5ffebd3fb9664bdf1efd3064,6ac7224337d1da0e6d408e6be63d3222,delivered,2017-11-24 15:27:29,2017-11-24 20:33:36,2017-11-27 22:29:19,2017-12-13 00:18:59,2017-12-22 00:00:00
9730a429f7355c2dcdbcfef54b638172,a613fd651e8ace0cfe8e7b43534d9752,delivered,2017-09-16 12:47:53,2017-09-16 12:55:15,2017-09-18 13:45:32,2017-09-25 19:03:21,2017-10-10 00:00:00
6acf2b0f288195a72858fa65ff2c43c7,48a2ff6dd87b7dea2ad5a878a393809b,delivered,2018-07-25 09:57:52,2018-07-25 10:10:17,2018-07-25 11:19:00,2018-08-02 11:28:39,2018-08-15 00:00:00
d263c6d795845c0224adf410912ba638,2f17624c9528bb0a4890103370ffc393,delivered,2017-11-28 20:32:56,2017-11-28 20:56:57,2017-12-04 17:58:09,2017-12-15 19:18:39,2017-12-18 00:00:00
16c3ca58f55e1752c30c707a7612b879,0338c6d579ef5642c7b1c9e565a6c812,delivered,2017-04-17 09:17:54,2017-04-18 09:21:55,2017-04-18 14:51:37,2017-04-20 11:40:07,2017-05-09 00:00:00
f8165cb41863e5548cdf01f1463b405c,0e40e144fff28a4a3ecb37bb48f201aa,delivered,2017-09-17 13:14:32,2017-09-17 13:25:51,2017-09-19 14:23:55,2017-09-20 19:44:01,2017-09-29 00:00:00
f889e402bb8fdb62c8e73bb3764cf6a9,43cf08176e52c596d62aacc25141a08d,delivered,2018-03-01 14:58:00,2018-03-02 02:10:03,2018-03-02 23:23:14,2018-04-08 16:50:52,2018-03-22 00:00:00
071516a72b8a838c15842568d1b995f9,f9de22ef0f044b7f27d5023343857b77,delivered,2018-06-11 18:43:32,2018-06-11 19:02:53,2018-06-12 15:23:00,2018-06-14 17:56:25,2018-06-28 00:00:00
795b0bc608229d7cb45e79030bfa7d4b,ab33748513d842c1bcab5fa685c41449,delivered,2018-01-13 18:34:27,2018-01-13 19:30:54,2018-01-16 15:25:57,2018-01-23 00:14:13,2018-02-16 00:00:00
2341e8f8010d9fd0e367ae298fb20ff0,ca5efffb392fef60affffade3e116f2b,delivered,2017-11-22 14:53:56,2017-11-23 02:47:36,2017-11-23 22:57:15,2017-12-04 23:38:29,2017-12-20 00:00:00
b4700fc91bb3fbc155bfc04ae821ba04,8d619f80aabf169920e723ebf035f577,delivered,2017-02-04 22:46:24,2017-02-07 04:10:33,2017-02-08 11:03:45,2017-02-22 06:57:49,2017-03-30 00:00:00
040d7a91a18a8d2262e45df7c8ea8051,b07d3845ff0addca8fc9fa54ea872c84,delivered,2017-08-08 10:51:20,2017-08-10 03:15:49,2017-08-11 18:42:12,2017-08-15 20:24:43,2017-08-28 00:00:00
cb40305e23621178c3301f1a202b87ca,daae52fc30b6ee78b90d74b084f00eac,delivered,2017-08-28 21:16:21,2017-08-28 21:25:18,2017-08-29 22:20:03,2017-09-11 17:29:53,2017-09-18 00:00:00
e75f1da586f734da31fb56a851068857,12f7134c678d3f3c6fb6ca7c8fce4d3a,delivered,2017-11-17 15:30:03,2017-11-17 15:47:46,2017-11-21 23:11:23,2017-12-06 17:16:11,2017-12-18 00:00:00
2868cec2c0d3cc29873e13a46f55f532,4620a55c9740b01b892fca96e3c065c0,delivered,2018-07-24 19:04:45,2018-07-26 03:05:16,2018-07-27 15:34:00,2018-07-30 15:38:48,2018-08-16 00:00:00
96c284fea37bf65abad9c4c8847a869c,c5a311bf217bf68d1bd93fd7854e72ed,delivered,2018-01-23 11:15:16,2018-01-23 12:18:02,2018-01-24 21:44:17,2018-01-29 19:39:07,2018-02-15 00:00:00
63b70949bbcc27f05bdf0c0da367cab7,f8255a04747feced890cd9fc348d91f6,delivered,2018-01-02 12:13:57,2018-01-02 12:29:22,2018-01-10 00:32:49,2018-01-11 22:42:10,2018-01-24 00:00:00
a6a1b8d3aef88816d4db15d9edde7b5d,b7ae8ccf4db05cfdefe709e22ccce819,delivered,2018-03-18 14:57:35,2018-03-18 15:10:29,2018-03-19 19:48:55,2018-03-24 07:08:43,2018-04-30 00:00:00
45881bf836d74c8e321eb6467c8eef47,da88831d5e0390c2791ab38acd5ca5e7,delivered,2018-02-10 09:41:24,2018-02-10 09:55:29,2018-02-19 09:35:06,2018-02-28 21:34:09,2018-03-14 00:00:00
cce3f49cd454ef2ad2924bc694eb1df8,b315622e6aa6f42dadc791504ffb88d2,delivered,2017-12-06 16:08:08,2017-12-06 16:31:56,2018-01-15 16:33:31,2018-01-29 20:18:58,2018-01-22 00:00:00
201110a18965fc0d621ebf10a2a69288,daeac7c683a60e1e0eabc8ba0df9d3a5,delivered,2018-02-14 13:16:13,2018-02-16 07:47:01,2018-02-16 19:28:32,2018-02-22 15:37:52,2018-03-12 00:00:00
6500414804835661998007480dff5709,bb161d1bf200ae7f95379a2fa7ab0aa9,delivered,2018-05-06 15:09:38,2018-05-06 15:33:36,2018-05-07 15:15:00,2018-05-08 18:12:51,2018-05-22 00:00:00
7254b66719addb416bd46b5f01fbfa67,d6c42f56690e13e859a8b1f901aa0228,delivered,2017-05-29 08:37:51,2017-05-29 08:50:07,2017-05-29 10:55:11,2017-06-05 13:42:32,2017-06-27 00:00:00
87dc3fd7007c4660f83c57f210061b28,82551e1ab57801c1525f0ffe428fc6d2,delivered,2018-08-15 10:50:50,2018-08-15 11:05:08,2018-08-15 15:10:00,2018-08-29 16:57:41,2018-08-30 00:00:00
e4ba1a004c49a4399b0cd95fdc64a7e4,1983924d8cecd6fbe2687328834d8526,delivered,2017-12-12 15:27:12,2017-12-12 15:50:51,2017-12-18 12:42:23,2018-01-06 14:10:12,2018-01-08 00:00:00
676a0d0cd3f3ceb3335a3e17420eed92,48f1810d593e6076b270d702d62daa4c,delivered,2017-11-29 09:22:07,2017-11-29 09:39:10,2017-12-01 15:38:43,2017-12-07 18:29:30,2017-12-19 00:00:00
10f5c2d2d4bfa731b1ea9cdcb6175099,1913fc558212417b4bc2c481af3f0ec9,delivered,2017-08-31 13:13:43,2017-09-01 04:33:55,2017-09-01 21:34:35,2017-09-21 18:22:44,2017-09-21 00:00:00
bc4f1f54c637e35122e5e9e5fa2fe7ca,229eb8c50472861a34583e5d68fd3bbd,delivered,2017-10-16 10:52:13,2017-10-16 11:14:08,2017-10-20 10:43:55,2017-11-22 12:18:33,2017-11-09 00:00:00
51c1232b13f85df0b7704af559d49c07,0230afeb8b53c8833e1cfc3a17ee2016,delivered,2017-07-15 16:28:04,2017-07-15 16:43:38,2017-07-17 19:13:03,2017-07-18 19:16:02,2017-08-01 00:00:00
5e6f7229aec06e67732033777ee84816,11787df0ce15c1f8f9810e452fdf3925,shipped,2018-08-17 11:55:11,2018-08-17 14:27:13,2018-08-20 09:16:00,,2018-09-04 00:00:00
34fa8bc180c03d1b4c70250bca0adace,0c5f7a031b2d75ca9866d5fba3382b9c,delivered,2018-01-27 11:26:07,2018-01-27 11:36:25,2018-01-30 22:41:43,2018-02-05 20:07:14,2018-02-20 00:00:00
92723afaec3525daf0ecfb20994aafa0,98d51e185f51731dfe310ad4f4c16af9,delivered,2017-09-25 12:00:08,2017-09-25 12:10:16,2017-09-26 14:32:17,2017-10-02 17:37:59,2017-10-10 00:00:00
bc238a82710ad46b0977e570ab085926,5f776a5ed2ba1e7e308db6fd7639ede1,delivered,2018-02-09 23:05:25,2018-02-09 23:27:48,2018-02-15 16:28:54,2018-02-26 21:29:05,2018-03-08 00:00:00
a5a1cabede9ba7b85cc04f0c65bddb88,c364f67e37eacbbc562be9a71889bc2a,delivered,2018-08-03 00:15:35,2018-08-03 00:25:16,2018-08-03 12:12:00,2018-08-07 20:22:52,2018-08-13 00:00:00
717655141667e7ddd98d141db089030f,c238a7a6b8fc156a606a9577031bfa43,delivered,2018-04-27 16:25:21,2018-04-27 16:53:04,2018-04-30 11:48:00,2018-05-22 15:34:38,2018-06-01 00:00:00
0e2fe4a9435f66fade2904a904a0adaa,51fc4f4614c406974c4bfd7a5a5ff8c2,delivered,2017-03-01 20:47:26,2017-03-01 21:02:17,2017-03-02 08:48:41,2017-03-10 09:27:35,2017-03-22 00:00:00
6f8de3779a7d0b86f8fc43a262e81b65,378ffabfeb53352f6624c6911cecf3f2,delivered,2017-03-02 06:57:21,2017-03-03 02:30:15,2017-03-07 10:58:01,2017-03-16 04:32:27,2017-03-24 00:00:00
ad6f615c60eaf5e837c529d111f0877a,bac0a8908cb0b1e318878367b7afb88c,delivered,2018-05-14 10:15:00,2018-05-15 10:15:41,2018-05-16 13:52:00,2018-05-21 23:04:38,2018-06-08 00:00:00
9a34a9ac2fd3c9b5b749595e5d4df912,c2706167b111035a511156dede76030d,delivered,2017-06-06 16:01:30,2017-06-06 16:15:35,2017-06-07 15:48:57,2017-06-08 12:35:47,2017-06-20 00:00:00
ecae73914f65a01db35cc609281364ef,d19ac15829280ea8c8f870d7e2d49fb1,unavailable,2017-05-31 09:52:11,2017-05-31 10:03:24,,,2017-06-26 00:00:00
a1e04e78fc657db74aaba58eca1e87a9,9939eea65706fa34a920723f50ca07d2,canceled,2017-07-26 13:39:14,2017-07-26 13:50:21,,,2017-08-15 00:00:00
3a5857b4cd8ffffc419e48b047920183,057bb54363f46f97416ba8888ea1ccb0,delivered,2017-11-28 21:04:55,2017-11-30 02:22:25,2017-12-04 22:09:06,2017-12-05 20:38:49,2017-12-13 00:00:00
8e481ac12e05d41b6bcda081f132789c,d3f54319918ee4dd964f22fc215527bb,delivered,2017-03-20 17:54:15,2017-03-20 17:54:15,2017-03-21 08:17:28,2017-03-28 17:05:45,2017-04-10 00:00:00
ea1104bc82d4e7144bb17b3d7853a930,b5fafd3b606b479ad14ecad6eeeade71,delivered,2018-05-11 10:13:31,2018-05-11 10:29:50,2018-05-11 14:17:00,2018-05-17 19:03:05,2018-06-06 00:00:00
149f7e7d7dd01505a6b7f2f5ea5226df,ed34da9abb1d9f7a8d64d9204d8a9ee7,delivered,2017-06-08 19:15:15,2017-06-08 19:35:09,2017-06-09 15:12:28,2017-06-10 07:11:50,2017-06-22 00:00:00
b8ee772df07134efe7ac03586de22add,5fc9a903467ab21191eab7accee61ed6,delivered,2018-03-05 13:32:23,2018-03-06 03:49:02,2018-03-14 18:48:31,2018-04-07 00:58:31,2018-04-20 00:00:00
e0ca48c3d8bef74e0cf6e6847b47f2ef,00ccce5462294b682e2a5b34bc37c3d5,delivered,2018-01-09 07:29:28,2018-01-10 10:32:23,2018-01-10 18:25:54,2018-01-22 23:58:47,2018-02-14 00:00:00
f7bb1808de8fcbb7b751fd8f7687f14d,2aa9a7aba78493bf62442d664a90fcc7,delivered,2018-01-06 23:32:55,2018-01-09 07:20:47,2018-01-10 19:39:02,2018-01-19 21:43:14,2018-02-08 00:00:00
68fa625f02107978e969340da28d0c89,1da22604a27387196b8a4cf970336f8a,delivered,2017-05-10 22:45:21,2017-05-10 22:55:16,2017-05-11 11:52:00,2017-05-12 11:12:18,2017-05-18 00:00:00
93c244c6bb63cafcde3117a2b2a5e151,0e72af1dbf7a7c521b03af207c03d86d,delivered,2018-05-03 12:32:25,2018-05-03 12:55:01,2018-05-04 13:38:00,2018-05-10 23:54:33,2018-05-22 00:00:00
e56705e29ca62edcbae910d46fbcb427,88b3e8bff879958140426fb393a59a99,delivered,2017-09-15 15:23:00,2017-09-15 15:35:13,2017-09-18 18:41:51,2017-09-28 21:25:54,2017-10-06 00:00:00
c53d2f2ce4d10360456c69e19f991aff,583f0880f0da846ee41ecaa197a19a8e,delivered,2018-02-07 11:37:24,2018-02-09 02:50:38,2018-02-20 22:52:52,2018-03-05 17:22:45,2018-03-08 00:00:00
816f324de6dab02dd379c72216ba5bff,4d13bf4adf89eacf8b263312d35f1178,delivered,2018-05-10 08:06:33,2018-05-10 08:18:23,2018-05-10 13:39:00,2018-05-11 20:26:17,2018-05-18 00:00:00
6a563d5c27906c986e6b2e4f79f25329,732942cf061a8a17434dea4405c123c9,delivered,2018-03-29 19:26:28,2018-03-29 19:48:30,2018-04-03 23:25:21,2018-04-17 14:26:33,2018-04-18 00:00:00
d57c982355905f7bf6cd8aad41ccc658,3650fe0f5a9f5c25ba64bd15f5b6cfa6,delivered,2017-08-31 15:28:40,2017-08-31 15:44:58,2017-09-01 17:23:34,2017-09-12 19:08:00,2017-09-26 00:00:00
5f41ba651ddd43c1070bd2db77b00b00,459ed37bd5f3085c25cd98487ce1ebb0,delivered,2017-10-10 11:11:44,2017-10-10 12:14:55,2017-10-11 21:13:36,2017-10-17 17:42:50,2017-11-01 00:00:00
f96b5be713a2dc433abc88d692ace652,a8e11d57d30e638bff0d3714ccb15087,delivered,2018-06-14 00:49:15,2018-06-15 02:17:22,2018-06-18 13:27:00,2018-06-25 16:12:30,2018-07-17 00:00:00
6021e72cbaae84fabb1a8d6908d2e407,b851a3f4dd9ebd285ee43d7fba3b5102,delivered,2017-08-22 10:27:11,2017-08-22 10:45:49,2017-08-24 15:23:01,2017-08-30 20:55:00,2017-09-20 00:00:00
6145ff8dca32adeb820e1405c8483bdf,7a733e972010c8be298c2e2fe705f05e,delivered,2018-03-01 14:06:53,2018-03-01 14:56:54,2018-03-05 20:13:55,2018-03-21 19:56:53,2018-03-20 00:00:00
b62001b38d12c99ffbafa1c609797348,8cb5d5e180e4dbdffdc4af261b618790,delivered,2018-04-06 14:14:21,2018-04-10 03:49:50,2018-04-11 22:41:05,2018-04-16 21:12:33,2018-05-07 00:00:00
f750f65f581fc36b42bf2f2f70b4dd19,1ea61d2ebc0a3d215b45a19a8e42fc98,delivered,2017-06-30 16:41:53,2017-06-30 16:50:10,2017-07-03 16:59:26,2017-07-11 14:43:57,2017-07-26 00:00:00
cc65ff3459f07735c94663725a5ce22b,9d74064a5d0b05bfe0d1af0937b89ff2,delivered,2017-10-07 21:13:02,2017-10-07 21:30:24,2017-10-11 13:44:49,2017-10-13 19:00:12,2017-10-26 00:00:00
1b4c43e3067965965564641bf4a921b2,50b67e49412e93a5d37e790592da9006,delivered,2017-12-19 21:13:33,2017-12-19 22:12:21,2017-12-20 20:09:51,2017-12-26 17:53:40,2018-01-16 00:00:00
5334fbbb18fa16b1579236c773a1ead2,ef36e9fff8f8c311bdb8d8aaaf3c3f0e,delivered,2018-06-26 13:08:08,2018-06-27 08:54:23,2018-06-27 11:10:00,2018-07-10 20:28:52,2018-07-27 00:00:00
1ad01d500af41c23f0f84509df94f797,3530865b2f80d5b074540d8a2fed21c0,delivered,2017-11-10 22:16:19,2017-11-11 16:30:44,2017-11-16 19:19:43,2017-11-21 19:04:39,2017-12-05 00:00:00
ccaca3cf7deefb7e24e36ed8cd85c647,d4a0d0bdf1cc15d65d9ced47cbec5343,delivered,2018-05-07 10:00:08,2018-05-07 17:17:39,2018-05-08 16:47:00,2018-05-22 21:20:52,2018-06-08 00:00:00
3bc0b582f495fdc4dbec054f04f9fa3a,27a265848933c38398bf255657aab5b2,delivered,2018-04-15 15:10:31,2018-04-15 15:30:26,2018-04-16 22:51:07,2018-04-20 22:46:42,2018-05-03 00:00:00
de57d3e5ce7ac9d723a9572aac2b7fc3,be6c54c193f6d2ec2724c0ab827facef,delivered,2018-07-28 13:09:38,2018-07-28 14:30:45,2018-07-30 13:55:00,2018-08-07 20:21:42,2018-08-16 00:00:00
616af40af63ff5056d43ea07a322c10f,fd8a555de51282eecd0be08daf81f3f7,delivered,2018-07-31 20:25:03,2018-07-31 21:00:16,2018-08-01 19:02:00,2018-08-02 19:58:27,2018-08-03 00:00:00
c876d6fb9e48f2d2e622c9e3a716a8d7,1249216300a4e60540c3f24822285de0,delivered,2017-05-15 14:52:41,2017-05-15 15:05:16,2017-05-17 09:32:11,2017-05-19 09:39:45,2017-06-07 00:00:00
a89c99af44728fa4a6353bc609820a3d,495cbebb7b69df24dfd02552fb6e7cf8,delivered,2017-04-03 14:31:39,2017-04-03 14:45:07,2017-04-18 13:13:59,2017-04-28 13:52:13,2017-05-12 00:00:00
bdef95213c6176d9f65a227aba558463,f8ea9a3f142e872b1e796bd1e809dd73,delivered,2018-01-17 11:12:23,2018-01-17 18:29:53,2018-01-23 21:48:50,2018-01-29 16:48:37,2018-02-16 00:00:00
ee04737d79939a0ff52a84c34c430093,96ec0d151192d831ad616d59b8be2b53,delivered,2018-06-18 10:21:12,2018-06-19 03:57:38,2018-06-19 15:06:00,2018-06-25 14:58:29,2018-07-17 00:00:00
343411396257f27dff4fe2c2a174fe98,2aa1ff5c1969377d2e079814478486e0,delivered,2017-12-22 19:16:24,2017-12-22 19:30:01,2017-12-28 13:57:11,2018-01-13 12:58:58,2018-01-31 00:00:00
d52ec59371d4477349b3a26e9607dc2c,0f99c31bedc34957e0dd7689d593a3b6,delivered,2018-05-07 18:09:56,2018-05-07 18:34:54,2018-05-08 13:57:00,2018-05-10 23:03:29,2018-05-18 00:00:00
7135f4f1e5b1446f684e07b10b5b057b,67f15431bdbe78ead5de2c265f2c0a5c,delivered,2018-01-11 22:08:59,2018-01-12 22:08:13,2018-01-15 17:47:06,2018-01-17 23:38:36,2018-01-29 00:00:00
882b68d1f14f22a2658e0de1ab4b0785,3191517c6289945562bb344f6c6ac41c,delivered,2017-11-24 17:05:16,2017-11-26 17:18:29,2017-11-28 17:32:42,2017-12-06 19:55:06,2017-12-27 00:00:00
74e801561512a92bdc060773683b7a54,0c37e6b998e499f5716f0f3dd4ea98f1,delivered,2018-06-18 22:40:47,2018-06-18 22:56:25,2018-06-19 09:24:00,2018-06-28 15:18:41,2018-07-05 00:00:00
2e241dd7ebbf1f048d5e0783826066c0,2ee50c8acce81885e23eb2b2f8e09f0c,delivered,2018-03-18 21:50:07,2018-03-18 22:07:44,2018-03-19 21:42:40,2018-03-27 23:11:26,2018-03-29 00:00:00
6b47aeb5acd9b0fc45cfa4cda0b42c5f,b8cf26d2f27185937b72500471712c97,delivered,2018-02-26 16:18:53,2018-02-28 10:11:07,2018-03-01 23:27:34,2018-03-16 13:32:41,2018-03-26 00:00:00
b12e5d725658a4566286153c51727af2,2312b7bbf7f097b43ba5e3feb3429f59,delivered,2017-05-07 13:05:13,2017-05-07 13:15:17,2017-05-10 14:51:01,2017-05-17 15:17:51,2017-05-29 00:00:00
f9e6499752da6fc8ae3b440055370d8f,bfa4fb88e998929d9f6bfee1eed971b5,delivered,2018-08-08 20:36:30,2018-08-08 20:50:06,2018-08-09 16:41:00,2018-08-16 19:41:33,2018-08-27 00:00:00
773faf2cf389b73fc799394b721262cf,ed66489b1dcdbec92339e8b217a5d733,delivered,2018-01-18 21:47:52,2018-01-18 21:57:28,2018-01-22 21:29:02,2018-02-08 13:18:34,2018-03-02 00:00:00
61fd7198f99b6dfea49f9a7cd0fe2789,d2c5dc31f86d6780700991aca2cd59cf,delivered,2018-01-13 11:52:09,2018-01-13 12:09:13,2018-01-17 16:16:45,2018-01-30 21:35:10,2018-02-15 00:00:00
b3afc9f329dba74751f0b2b1586bb103,b568fb9eee797c93e4f2c71a52cf0c99,delivered,2018-01-28 16:30:40,2018-01-28 16:38:57,2018-02-14 20:38:54,2018-02-20 21:27:48,2018-03-05 00:00:00
78d08dbbd210373254dc4730f3aa25a0,ce4018601d4af948986a99fef26550f3,delivered,2018-02-08 18:57:32,2018-02-08 19:10:34,2018-02-09 17:08:48,2018-02-16 00:15:31,2018-02-22 00:00:00
4568bd0a9ecf831c2b27743ccf0f2015,6aef8b4eabee28b90344d0d4611df15d,delivered,2018-06-25 18:13:33,2018-06-25 18:50:22,2018-06-27 08:35:00,2018-07-12 17:33:39,2018-07-24 00:00:00
a8dfd32371cae5bb9f2373b0be0d924a,eedb72d256dbf0ddef234716ead08bf1,delivered,2017-07-16 08:37:49,2017-07-16 08:50:07,2017-07-17 21:58:39,2017-07-19 18:54:44,2017-08-04 00:00:00
acf63fc70f653d6bd063dafc3701eafe,382ba68dec58c88eeb698f87a50d2740,delivered,2017-09-22 11:28:46,2017-09-22 11:44:35,2017-09-22 17:04:57,2017-10-03 17:27:01,2017-10-16 00:00:00
d8f4c65b2259adf42e2f7f51a82fc8d0,19c30d0bda26f7212ad56f6b31821a24,delivered,2018-06-04 20:55:31,2018-06-04 21:12:47,2018-06-07 14:23:00,2018-06-15 16:53:36,2018-07-18 00:00:00
14ca875b00d9cb1dccb7149f17a31fdc,74aa1f5f7e42e7d3790fe88086ae4468,delivered,2018-05-06 03:10:51,2018-05-06 03:33:57,2018-05-07 14:34:00,2018-05-15 21:16:33,2018-06-04 00:00:00
9b881df263e0c26b3fb8584bc0da7317,0c4a8b93effd07ade151a4961ae8791d,delivered,2017-11-30 20:29:44,2017-12-02 15:38:16,2017-12-05 22:38:50,2017-12-11 18:29:20,2017-12-22 00:00:00
95602660d1840a734d33125e90ce2b00,32b2db79dd0afcd6292543f98621f21a,delivered,2018-08-01 09:13:58,2018-08-02 05:15:19,2018-08-02 18:07:00,2018-08-03 22:08:42,2018-08-09 00:00:00
53cbb231b2386587ee92b4d0d2fe7641,a63ae89ca8c15d45f230266ffec82137,shipped,2017-12-05 23:25:37,2017-12-07 23:18:28,2017-12-13 16:38:47,,2018-01-05 00:00:00
9e0a1a3c6816ec9c34b90123c3b31d4f,99b41af9f45019f3b62993c1532bfc2c,delivered,2018-04-07 09:50:43,2018-04-07 10:08:22,2018-04-10 18:49:26,2018-04-19 17:08:32,2018-05-11 00:00:00
abbf6b153da3839e0c12cb1e78c1569a,5c8e8544d3e19fb8d470ce1b2cab5f0a,delivered,2017-07-19 14:11:22,2017-07-20 12:05:47,2017-07-25 19:34:10,2017-08-01 17:42:35,2017-08-14 00:00:00
ed75cc8989121918832e0dcd3de3b3a7,928277e1b8ac8d887b866c84bc63b93c,delivered,2017-08-10 15:22:16,2017-08-12 02:45:40,2017-08-18 19:44:59,2017-08-23 19:52:52,2017-08-30 00:00:00
7d82352218a3ff20e045b8e5062dc39c,fc3731c564285a1fdc852355848fe3a8,delivered,2018-03-23 16:01:35,2018-03-26 09:50:29,2018-03-29 21:07:41,2018-04-05 18:19:13,2018-04-12 00:00:00
8e69cb6bacc0ad1b8f16f6990e9375ac,3d0b25a53e5aa536ae355886c606ed5e,delivered,2018-03-24 09:37:26,2018-03-24 11:41:17,2018-03-26 18:52:07,2018-03-28 14:37:52,2018-04-10 00:00:00
c8e0e4f524c41556bad4eea44f53211c,6393c8f2de03b53e90386363ef416c4b,delivered,2018-08-11 23:40:17,2018-08-14 04:55:35,2018-08-16 14:16:00,2018-08-23 19:18:49,2018-08-28 00:00:00
14c13b6fd4bed33eb940ae31c5cafb43,0fc67df194c5187c17d22b318e2ee280,delivered,2018-04-13 15:49:18,2018-04-13 16:13:19,2018-04-16 22:24:39,2018-04-17 13:38:29,2018-04-30 00:00:00
4f6b1944e5dab6270cb4010b00edb3bc,569cbbfadfdffd4544f71eb41e19d28d,delivered,2018-07-04 15:54:10,2018-07-05 16:31:38,2018-07-06 11:05:00,2018-07-09 19:34:33,2018-07-23 00:00:00
ee86b68eb9222b0cad7da50f4f758a35,14acb30bbc064408dcb8cdd3c92b0c97,delivered,2017-05-17 17:44:34,2017-05-17 17:55:12,2017-05-18 16:28:06,2017-05-20 08:44:01,2017-06-09 00:00:00
347fd41d0f1089cc83a4fc100a95f3f8,dc520404eec2487b577e0c13a64a48ff,delivered,2017-05-15 09:38:12,2017-05-16 03:22:30,2017-05-17 14:45:29,2017-05-22 17:15:10,2017-05-24 00:00:00
be2833555cf50be44d494f1fb8c95ec3,9c3d64bd3fa02950338d3e23e3327bb0,delivered,2017-07-17 22:29:36,2017-07-17 22:43:23,2017-07-19 16:47:34,2017-07-21 15:42:34,2017-08-02 00:00:00
603d76b730c972775ccf2a910bf23490,97a148c9ad25b3c15b299382a18f12c4,delivered,2018-03-26 14:48:36,2018-03-26 15:08:46,2018-03-27 17:31:14,2018-04-02 19:03:18,2018-04-18 00:00:00
6dc3e3b2cee53031d832943548d16db9,3946e462dbdea5c684aa376441820496,delivered,2017-11-13 18:10:59,2017-11-13 18:30:49,2017-11-17 15:42:53,2017-11-27 18:45:04,2017-12-07 00:00:00
e88f34a80788f768c175e94c622d7559,72f3a880646656ba2417d4b82a727530,delivered,2018-04-11 13:22:20,2018-04-11 19:55:17,2018-04-12 18:28:20,2018-04-17 16:28:50,2018-05-04 00:00:00
027fb2504084c231e857f6cf558a9992,6d1e32657aaa25b6910098474e699e9a,delivered,2017-10-09 23:05:41,2017-10-09 23:14:41,2017-10-10 23:34:51,2017-10-14 00:43:37,2017-10-27 00:00:00
df413df02c32f319cb51828513261aff,502dc9015b331ead5e41cc9b05483634,delivered,2017-10-17 18:12:23,2017-10-17 18:28:19,2017-10-30 20:22:09,2017-11-06 18:09:45,2017-11-16 00:00:00
c464355f722adad51476d92a1182d3f8,d789d104ff47289042198c1a44f94441,delivered,2018-06-27 18:26:22,2018-06-27 18:35:13,2018-06-28 06:04:00,2018-06-29 17:03:24,2018-07-16 00:00:00
e618cc48dc1a9bcbdb3f9743e25a36f1,bcf9a8df4d68e15e629cbfb6d57458ac,delivered,2018-07-04 17:09:05,2018-07-05 16:25:46,2018-07-05 12:50:00,2018-07-10 21:16:38,2018-07-23 00:00:00
5ad066b6e468fcd60b0d871bfa99112a,00c7e84c0c77753093b456d787638eed,delivered,2018-01-22 15:06:20,2018-01-22 15:18:30,2018-01-23 22:46:39,2018-02-05 15:38:06,2018-02-23 00:00:00
fdc6a2cbab0fdf2d9b3e54c5bf3f5b28,33b2bbe2225b2bfe65cf4e29ec17a23f,delivered,2018-07-30 14:01:12,2018-08-01 02:44:15,2018-08-01 22:17:00,2018-08-02 21:27:46,2018-08-02 00:00:00
421bb69fc426ab8530ef85399541a9ac,ebc3b08c677f9b7b302982773fae3dbf,delivered,2018-08-03 08:40:58,2018-08-03 08:55:20,2018-08-06 11:32:00,2018-08-13 20:48:30,2018-08-27 00:00:00
a5542d780161a0c1c649d4e0f44540c8,887c7d62748394a839bccbedc3175ace,delivered,2018-01-08 12:25:43,2018-01-08 12:35:51,2018-01-11 17:58:45,2018-01-19 16:06:26,2018-02-08 00:00:00
438f8c9a0abdfdd3401b52e89084c612,9f5d8c4f6c4ca201d03d3a9d50704f9a,delivered,2017-02-13 18:50:16,2017-02-13 19:03:08,2017-02-20 07:32:24,2017-03-02 15:38:06,2017-03-17 00:00:00
d5ffe90efc926eb06d91f74d75dc28d3,637d0dee99f2be0a797c3d25c03bf7bd,delivered,2017-09-04 19:19:37,2017-09-04 19:30:19,2017-09-06 13:17:04,2017-09-19 15:54:38,2017-10-02 00:00:00
c6be81e3c1e9e15e5893e19d7ce49647,57de18af3ee9319c436bc09bfb515b5d,delivered,2017-01-26 20:15:14,2017-01-27 10:45:37,2017-01-30 17:25:25,2017-02-02 12:54:48,2017-02-22 00:00:00
f9ea79e9f9906b0d3b9c85e8931e8efb,66f7239eb8c5c7a3cbcee6a5a45cfa11,delivered,2018-08-16 09:13:02,2018-08-18 02:55:19,2018-08-22 14:29:00,2018-08-29 21:06:39,2018-09-14 00:00:00
ea0ea2ab3f42182e8f428012daf9834b,792e0b99080e4e1ed931c023ad523a5f,delivered,2018-06-08 20:05:15,2018-06-08 20:49:36,2018-06-11 06:47:00,2018-06-19 14:29:32,2018-07-16 00:00:00
51a5a1d89c87180cafd033debbc60f31,c22c943a0e0b37c695c2b7f1ec195c41,delivered,2017-11-02 22:14:17,2017-11-04 06:10:23,2017-11-07 18:07:03,2017-11-29 17:21:42,2017-11-28 00:00:00
920be4fca795a06506d8e91212202f95,1e5b8d093d9b49f9f412692df893c72d,delivered,2018-04-02 08:42:38,2018-04-02 09:28:33,2018-04-02 22:46:54,2018-04-21 16:48:35,2018-05-08 00:00:00
a0c1ac2d2b7ee099ba14b612a76b6187,03c546b7602c2844a20de363905be285,delivered,2017-09-02 09:17:19,2017-09-02 09:30:14,2017-09-05 20:56:50,2017-09-08 18:33:12,2017-09-26 00:00:00
6031ab00318c3f43e623b567c6073e32,45d5ae1bc6d95e9993132897628af533,delivered,2018-06-18 18:57:32,2018-06-20 02:37:47,2018-06-22 13:43:00,2018-06-29 15:38:55,2018-07-13 00:00:00
ad6229f4737a85bbd91c6f49bb87b599,30468d188d93124075e09c09d58ebc6a,delivered,2017-06-12 14:29:13,2017-06-13 03:50:24,2017-06-13 14:32:36,2017-06-16 15:40:42,2017-07-07 00:00:00
d72e8cc4d5efd1b5149f68dffc423772,68745ec5a6e2a85bc4acad76a8641c2c,delivered,2017-03-12 10:24:33,2017-03-12 10:24:33,2017-03-13 15:59:37,2017-04-03 14:40:06,2017-04-07 00:00:00
0cf52f585ea2179c0bfd06b1a7acf3f4,f1022b3ef53cf4c19c23dd26be54a04e,delivered,2017-09-01 00:21:18,2017-09-01 00:48:53,2017-09-01 19:12:00,2017-09-22 19:53:07,2017-10-04 00:00:00
d0963bb4fb0e49ea7dd1b7ebece20a27,5e34f60249173c750d8bab6f0cdf4067,delivered,2018-08-20 15:36:20,2018-08-23 12:25:20,2018-08-24 13:47:00,2018-08-30 13:32:23,2018-09-11 00:00:00
27446e58f8fae19b8a6bcd15ca43f0ac,7cfab6c12495b3bf806ee0fd3565008f,delivered,2017-10-13 08:20:13,2017-10-14 08:28:08,2017-10-16 21:29:00,2017-10-25 17:56:10,2017-11-07 00:00:00
6b44342ff71a8b9c36b706c13e015cf0,9f01e153c37aecf0d5d90321547740ab,delivered,2018-01-18 15:08:23,2018-01-18 15:19:40,2018-01-19 18:51:38,2018-01-29 23:46:55,2018-02-08 00:00:00
eac9fa296664c0f38ee19863c7346e32,a453da7d729e434b71f6d69009f3fcf9,delivered,2017-03-25 19:24:20,2017-03-25 19:35:19,2017-03-27 14:48:44,2017-03-30 11:04:06,2017-04-13 00:00:00
1a0977847a5ddeebdf419ddd4a94402c,ae630adbbd01f043a5460ef9910931e7,delivered,2017-04-08 05:48:47,2017-04-09 06:05:05,2017-04-11 06:28:00,2017-04-20 14:55:57,2017-05-22 00:00:00
c1a3ddd24fa595bc9977071be7eab467,e1a734dcac8e67ac23fa1102fa8cbb79,delivered,2018-06-20 09:19:03,2018-06-20 18:47:19,2018-06-21 17:17:00,2018-06-26 23:44:48,2018-07-26 00:00:00
d828bfc73f08a09b4d5e7fc4671917ab,3581cfadb118ba1d36cffc71b47efa39,delivered,2017-11-28 19:18:24,2017-11-28 19:35:24,2017-11-30 16:27:06,2017-12-01 21:16:37,2017-12-12 00:00:00
c02aa26d0308ee2afae3da6c46e16b55,f3cc45a6cab182fc575c975c9c400449,delivered,2018-06-19 12:07:50,2018-06-19 12:18:46,2018-06-20 12:36:00,2018-06-21 22:51:52,2018-07-03 00:00:00
3f3f022e19c72f9c44abd54949a5d9ab,b185b126fdc8f60cb8be77078546d1e2,delivered,2017-02-14 13:18:53,2017-02-14 13:30:16,2017-02-15 06:47:29,2017-02-21 16:44:53,2017-03-15 00:00:00
7604b2e3523cee6efa15d486cddf96c4,7cd513bafb9ddd55a2777c37cf1a7d6f,delivered,2018-04-30 17:09:56,2018-05-01 02:38:31,2018-05-02 09:01:00,2018-05-07 22:03:53,2018-05-23 00:00:00
77ea41cd71582db7c8dc337bbe28b561,7b680958f51abe7d42751d02c4e7fc63,delivered,2017-04-04 15:55:58,2017-04-06 02:43:19,2017-04-06 14:43:43,2017-04-12 17:35:46,2017-04-25 00:00:00
fb86c32ba3e47fe560bf6d7e16ab2909,5b1744540d6008b84d219500ac01df92,delivered,2017-05-18 10:46:47,2017-05-18 11:02:46,2017-05-22 13:25:38,2017-05-27 05:33:11,2017-06-19 00:00:00
e7d5d3a2104b6fd0c40ae6bf6b10ae7b,6c1d23433e5c3b7c981571328ce7d6f6,delivered,2018-04-15 23:10:48,2018-04-15 23:32:29,2018-04-16 22:38:46,2018-04-21 00:08:30,2018-05-09 00:00:00
15d7f7e31e30d22d476a7049de63b2dc,d38882820e53cc96b6c04c82bd024d0b,delivered,2018-05-24 15:26:24,2018-05-26 02:18:31,2018-05-28 14:29:00,2018-06-01 13:58:26,2018-06-18 00:00:00
ccc9547a7a8d9cced273a483d286f737,c7b0b905d25e2a24f93a9c23bd4e569d,delivered,2018-06-05 08:57:43,2018-06-05 09:11:03,2018-06-08 13:22:00,2018-06-23 00:18:24,2018-07-18 00:00:00
47d4cec8efbcb39b6dad3398a957ae67,ff6414bc057a2275b727e817428a1637,delivered,2017-12-29 09:13:12,2017-12-29 09:31:27,2018-01-02 18:19:11,2018-01-22 23:09:32,2018-02-05 00:00:00
43ed4cdd5a109c56d4d8339c603cf216,5264c52c5c2654d13ccb5e2532ddbe11,delivered,2017-11-24 17:14:32,2017-11-28 03:32:42,2017-11-29 22:09:53,2017-12-15 18:32:10,2017-12-18 00:00:00
e36352245dc5d4bb3260cd9e14025cac,481dbdf8c1a918a2b475da7f8628ff19,delivered,2017-12-19 11:17:14,2017-12-20 06:54:27,2017-12-22 00:28:52,2018-01-02 14:49:16,2018-01-18 00:00:00
ae22ff58af6a02d30bd820bfc1f2cb3f,3880aabaf613da4ec5926118368cb1ae,delivered,2017-02-13 18:39:12,2017-02-15 02:50:16,2017-02-17 07:14:54,2017-02-23 15:54:50,2017-03-22 00:00:00
5f05bbaff4caf46b6a0f6b4b4db85392,19e73590fcf381227b1cd26efb6fffca,delivered,2017-05-10 09:11:05,2017-05-10 09:25:11,2017-05-11 12:28:32,2017-05-16 17:03:31,2017-05-23 00:00:00
62419df94d06b6b6bf72229e1acbf3fb,11fafdac97dcd334c09f16efc5ec0fb0,delivered,2018-08-21 09:59:38,2018-08-21 10:35:24,2018-08-22 15:07:00,2018-08-23 23:08:36,2018-08-28 00:00:00
03ee388839265510fa5edd811e0e1485,da1c518df645c2ac617582c9c5c36faa,delivered,2017-10-13 01:34:13,2017-10-13 01:58:41,2017-10-16 22:48:41,2017-10-26 19:58:54,2017-11-01 00:00:00
3814590ae0c00af31f205e41ebb9b270,e28fd47166be6c878520ec6039305379,delivered,2018-05-21 11:40:23,2018-05-21 15:32:01,2018-05-28 12:10:00,2018-06-06 11:45:30,2018-06-04 00:00:00
5619a43b2e52eacbfaafc5c569c1866d,61e4bd7aa14615235bfe015555cb2b97,delivered,2017-11-11 07:19:12,2017-11-11 07:30:19,2017-11-22 10:21:31,2017-12-01 20:33:45,2017-12-01 00:00:00
4c1b702493f9e6a8e7ab024bd34ba0d4,b60c51ace71de22be01c829273960649,delivered,2018-08-02 19:09:09,2018-08-02 19:43:54,2018-08-03 09:15:00,2018-08-09 18:44:36,2018-08-16 00:00:00
12f3b807beab1531c618404375262147,a2d755d99c00b6bc5c1a081f184ac4c3,delivered,2018-02-11 22:31:31,2018-02-16 08:10:27,2018-02-26 17:37:11,2018-03-16 00:57:17,2018-03-23 00:00:00
0608b2d283db5e818a5056e8afc122b5,7236ccefd5966e8c04b55d723fbd0ad6,delivered,2018-03-14 11:26:07,2018-03-14 12:40:27,2018-03-14 23:16:44,2018-03-19 14:27:45,2018-03-26 00:00:00
eec96e109793723fafd793678f1cdcda,64e9ff6e862a7b8d3072dc4f1d126829,delivered,2018-02-02 16:21:34,2018-02-02 16:55:52,2018-02-05 15:52:17,2018-02-09 17:52:11,2018-02-26 00:00:00
7dcb3c2cc15f5bcb73f79ee65a917b0f,4e0978b1692b2e66e9537b7a2e595ed9,delivered,2017-07-31 10:38:27,2017-08-02 02:56:03,2017-08-03 18:45:39,2017-08-03 19:42:38,2017-08-18 00:00:00
e84f18bf4ee058607a5dfa5ac98e0317,40f1ce8edb2bb741ab5bc44524d858bc,delivered,2018-07-21 20:47:45,2018-07-21 20:55:27,2018-07-23 11:17:00,2018-08-03 18:23:43,2018-08-16 00:00:00
2974064c396f0496d1eba4b3c49cd772,35c908161260a179c555565db5170a80,delivered,2017-09-12 15:03:34,2017-09-12 15:15:14,2017-09-13 21:51:58,2017-10-06 18:35:28,2017-09-29 00:00:00
309f3a08287b7191569a15914e64c3d2,d5feb26fb82922d91ca38c1ebd732861,delivered,2017-12-18 20:22:58,2017-12-20 06:59:39,2017-12-21 01:52:49,2018-01-10 18:08:51,2018-01-12 00:00:00
eb64ebb7904dcdeb9220cd737245f099,8573e76f8a12ad71adb606f799df41de,delivered,2017-03-20 21:43:56,2017-03-20 21:43:56,2017-03-22 10:59:32,2017-03-29 17:13:16,2017-04-10 00:00:00
76437a7cb17e400752d72fe54dd85c77,3dbfb74b6eb61aaf62c882772483577e,delivered,2018-05-04 18:40:40,2018-05-04 18:54:03,2018-05-07 15:25:00,2018-05-12 15:48:51,2018-05-30 00:00:00
af95d7a4f9643401325ec89b4f7f8afe,f4148260a4a09bd6d25af93188d106d7,delivered,2017-05-31 06:32:49,2017-06-02 04:32:37,2017-06-02 13:41:09,2017-08-17 17:47:41,2017-06-13 00:00:00
f4288260e85613d9d57f2024a18aa66f,859059cd1325a313f01afceec1d0f007,delivered,2017-10-06 21:21:41,2017-10-06 21:28:21,2017-10-10 15:18:26,2017-10-24 22:59:41,2017-11-03 00:00:00
a8ad75728836e5b2103463b917d0e6f4,64f109e8f4a2c0380642a902d653010d,delivered,2018-08-01 21:08:42,2018-08-02 21:04:14,2018-08-06 15:32:00,2018-08-08 18:22:18,2018-08-08 00:00:00
d0d81e67c6d3eaf8e25100c3d1499bc7,c3cf3a68467bb02ca0baa072998134e9,delivered,2017-04-13 09:46:34,2017-04-13 09:55:18,2017-04-13 17:00:11,2017-04-20 09:23:25,2017-05-05 00:00:00
db21eaa63f7c06553ad9d2d4f25e41d4,7ea120e1e7358d3195f86061f8a95efe,delivered,2018-02-28 12:33:09,2018-03-01 02:49:17,2018-03-01 17:16:55,2018-03-19 22:29:40,2018-03-19 00:00:00
5d4a1a39a8e54051757df8e8f570c8bd,dc014c2e4c6478e34deec3e0031680ee,delivered,2018-08-06 13:05:41,2018-08-06 13:15:23,2018-08-07 11:12:00,2018-08-10 21:04:01,2018-08-16 00:00:00
c214276ccd69c3953f880b487209f47e,7a3a3328b35a65930d54ebbb1b491501,delivered,2017-07-08 15:28:20,2017-07-08 15:43:15,2017-07-10 17:37:50,2017-07-11 12:37:18,2017-07-21 00:00:00
640cd45f7639ea623c321536c40314d6,217647640ee5d5332c82ac44af9b2795,delivered,2018-06-03 13:59:24,2018-06-03 14:10:07,2018-06-07 08:26:00,2018-06-11 19:18:44,2018-06-29 00:00:00
6b781abc1a8a63b101940adafe378210,31613d1228d85ed1b96fd2801085cb95,delivered,2017-06-21 10:00:23,2017-06-21 10:10:15,2017-06-22 14:58:09,2017-06-27 15:25:51,2017-07-11 00:00:00
1a2f4aabfa214fe68709e19867d2456e,17ebe690176d8bf50e67771bb2de9939,delivered,2017-12-28 15:28:13,2017-12-28 15:47:33,2018-01-02 16:19:40,2018-01-09 20:14:55,2018-01-30 00:00:00
fc991324e1f2eb85fdc4157435754a30,0c1a1bd01d912098607c17888d4ca485,delivered,2017-09-22 14:49:07,2017-09-22 15:05:32,2017-10-02 22:36:38,2017-10-23 17:24:05,2017-10-20 00:00:00
54294e5e2e918ef6ac62494144f35b06,dbc7759aa7e8ffc99969c2799716c2f2,delivered,2018-08-13 20:33:57,2018-08-13 20:45:18,2018-08-17 15:18:00,2018-08-28 13:09:33,2018-08-20 00:00:00
2824dbb32a0701afe0730559fbbd6513,23b40690dff585bfde5cb80fdc6b8161,delivered,2017-12-12 09:36:27,2017-12-12 10:35:29,2017-12-13 22:16:40,2017-12-15 19:26:34,2018-01-05 00:00:00
eff124e4c7161cdbc3ecd912e716715e,fde3437df8ad2725ff8d0d27e5173ba3,delivered,2017-09-30 20:52:51,2017-09-30 21:07:10,2017-10-03 17:20:21,2017-10-04 18:09:39,2017-10-20 00:00:00
3eee460ccbd66774ae2b37cd8ea50ede,508f08d4f9f212633087df16edd11efa,delivered,2017-04-21 16:07:32,2017-04-21 16:21:28,2017-04-26 15:39:09,2017-05-04 12:27:26,2017-05-15 00:00:00
2af90e72b95362d3b1fe9561ebb3c142,c9d341558d0b897fd4bc48e55f1572bb,delivered,2018-06-20 14:47:50,2018-06-20 15:19:04,2018-06-22 15:30:00,2018-06-28 13:17:51,2018-07-19 00:00:00
d78540a9a3b9a2a1853aac62a265229a,d3f0c0ddeaa4a247d058533fb3ba29c1,delivered,2017-11-13 08:49:33,2017-11-13 09:06:27,2017-11-17 19:51:04,2017-11-27 23:41:14,2017-12-08 00:00:00
5b35972421686a8a4758f542bf3fce74,2e3ae3d38cd0aaf455b2d381b4d8ac34,delivered,2017-07-27 15:39:21,2017-07-28 08:30:25,2017-08-01 18:17:50,2017-08-08 19:48:01,2017-08-29 00:00:00
3366be2b7b4862b8defdcd2409db58ff,dcdeb065392b1d67adb1f83e671881f0,delivered,2017-03-12 17:42:59,2017-03-12 17:42:59,2017-03-17 08:55:05,2017-03-21 10:28:04,2017-03-30 00:00:00
4f8aa330d043e9db140284db7a6c3359,cd4260e37ba9618a2aca53bd78ca9a8d,delivered,2017-10-24 22:05:41,2017-10-24 22:26:12,2017-10-26 16:12:19,2017-11-20 18:35:39,2017-11-29 00:00:00
06debbd4d40f6d36dc28c4f7dc647c1b,ba4d6453843dce644cb8989cf3267583,delivered,2018-04-03 21:16:27,2018-04-03 21:30:20,2018-04-06 00:22:08,2018-04-11 15:08:38,2018-04-27 00:00:00
a16de84e54832907eaaa4084dd0d90d2,d483bba64e114461269d13a1cd94606e,delivered,2018-08-04 15:27:11,2018-08-04 15:44:06,2018-08-06 15:13:00,2018-08-14 00:08:30,2018-08-23 00:00:00
900275f91d7995048467ce817caf670e,6a0025b170c9bf01481303d361200524,delivered,2017-03-07 09:17:10,2017-03-08 03:10:10,2017-03-08 16:15:31,2017-03-13 10:51:35,2017-03-30 00:00:00
7beb8dfe9d03e7b0b7d7b811842a0fc0,781d3b0a052f4b0b790138d3cda4f1b0,delivered,2017-04-29 23:36:31,2017-04-29 23:45:12,2017-05-04 15:56:16,2017-05-15 11:36:19,2017-05-31 00:00:00
3908808de1bc14e2592cbdd80fd41729,211b6b842344829a0e56b92942cd83c9,delivered,2017-05-09 23:03:41,2017-05-09 23:10:23,2017-05-11 12:19:48,2017-05-18 12:36:43,2017-05-29 00:00:00
4e01c9b57e9b37add580871564686c4b,9ebea34aad885332b9eaaea955f03f1b,delivered,2017-05-26 18:31:02,2017-05-30 04:45:21,2017-05-30 14:19:09,2017-06-20 15:46:37,2017-06-23 00:00:00
b2577a85da095de811cdab2a22a983ad,780f26029159cde86df8874981417738,delivered,2017-03-04 15:27:36,2017-03-04 15:43:24,2017-03-06 12:24:48,2017-03-09 18:15:08,2017-03-24 00:00:00
1308401e91987ef9e69d495e612e7919,87d9d97eeb3bc6c5fbfa170798b72ee9,processing,2017-08-06 22:05:59,2017-08-06 22:25:07,,,2017-08-28 00:00:00
08c3d8da1ee7ffc88a41cd145a4675ba,d2d9a4db01878197408189a2dd4173f2,delivered,2018-05-07 10:48:57,2018-05-08 20:15:27,2018-05-09 10:13:00,2018-06-05 15:40:55,2018-06-05 00:00:00
b4af9113418b5d23955be04b49dc6f96,743e03b04c07927ef9eeaacba5fdd2fa,delivered,2018-07-31 16:06:29,2018-07-31 17:31:11,2018-08-01 15:31:00,2018-08-03 11:03:58,2018-08-13 00:00:00
76013ca21d1b217c99b5c350c6e67a11,ba5b9e7ebd1bdefcfbc552ee0558226e,delivered,2018-08-16 22:10:53,2018-08-16 22:29:22,2018-08-20 15:04:00,2018-08-23 22:46:43,2018-08-28 00:00:00
5c5e8bf7719ca2cdd3e2950cefe0d1dc,977be52ad5648f2bd0031fe04ce14073,delivered,2017-05-19 19:08:46,2017-05-19 19:25:22,2017-05-23 15:48:57,2017-06-05 08:24:49,2017-06-13 00:00:00
363814e98fb75811e4465c3b7fc84ca5,4aa0d6adee059182407747d0e67da28f,delivered,2018-05-31 20:57:21,2018-05-31 21:13:11,2018-06-08 13:43:00,2018-06-13 18:42:05,2018-07-20 00:00:00
90a0c698629f47fca8164e158d089517,9f6661ae61b5a699dd702a84054d4dbc,delivered,2017-05-28 13:33:35,2017-05-30 05:20:15,2017-05-31 03:13:05,2017-06-12 09:37:28,2017-07-27 00:00:00
ec6cefe08111fd7ada75b6c9af232fad,f2f3f4bc779a4d7689b8da35a1014bbe,delivered,2018-08-20 15:14:49,2018-08-20 16:35:16,2018-08-22 14:50:00,2018-08-29 18:43:26,2018-08-31 00:00:00
926f4d2c77e865137fca6a656848dc74,b10c6816ed82c1556646cf7708f3be4f,delivered,2017-07-16 22:11:51,2017-07-16 22:25:15,2017-07-17 18:49:55,2017-07-21 23:09:52,2017-08-08 00:00:00
bdfd44c4a136b8a4a7f9feeab5095a1d,6be44f459238b921b212e6f8d04fe797,delivered,2018-02-05 11:12:22,2018-02-05 11:36:09,2018-02-06 19:13:14,2018-02-14 23:38:52,2018-03-02 00:00:00
a32a6f021e727df428f98b6a9f2f4df7,5e29bb9b184e9f3bcee13db7c02f13d6,delivered,2018-04-04 09:16:29,2018-04-05 02:10:42,2018-04-07 01:17:46,2018-04-24 17:32:28,2018-05-04 00:00:00
40c8cd121d8e213fd48d0f30c9ed71e5,60d33aaf1226dd0914d98119609f8193,delivered,2018-06-04 10:03:22,2018-06-04 10:15:16,2018-06-04 15:02:00,2018-06-06 20:12:42,2018-06-28 00:00:00
0a40f88667e7bbb7ef87efaa9a2177ea,2b351cba14fa5f852a79a52516d5e823,delivered,2018-02-23 21:45:45,2018-02-23 22:07:37,2018-02-28 02:35:24,2018-03-06 13:59:28,2018-03-15 00:00:00
bb811eeb7b44ed64156b1f4901013e71,c069f5b87e9489ae68c3863baea33bcc,delivered,2018-04-03 15:39:58,2018-04-03 17:10:40,2018-04-06 00:46:34,2018-04-16 23:03:37,2018-04-27 00:00:00
bd73cfaa5ccb07b2a3fc1c05aed691d9,a9adc0a6fdf1a3ef897aaae459de857a,delivered,2017-06-12 13:44:26,2017-06-12 13:55:24,2017-06-16 12:57:26,2017-06-19 10:58:06,2017-06-26 00:00:00
c53752e8e385c6e3148ba930288daf49,dfb122f7b4d92f74bad5489fe87b9a9a,delivered,2018-04-15 08:45:56,2018-04-15 08:55:22,2018-04-19 20:40:51,2018-04-27 21:04:09,2018-05-11 00:00:00
4fa0555af785b01d6fd80634b8c3a87a,d9fbc5310983b8d38e97846ce8dc46a5,delivered,2017-03-15 19:08:27,2017-03-15 19:08:27,2017-03-16 11:40:44,2017-03-23 07:29:23,2017-04-05 00:00:00
b95abf4aa5b57ad7551356eca72b53fe,f142390d014395d7bf779fca41013d91,delivered,2018-01-16 14:36:20,2018-01-16 14:51:35,2018-01-18 15:38:49,2018-01-24 19:34:38,2018-02-07 00:00:00
d5d0a8a952a3b7592fe9d29bec801ca3,937842321212a49449c12718a55c14b8,delivered,2017-06-26 00:53:35,2017-06-26 01:03:05,2017-06-26 15:11:52,2017-07-21 18:53:52,2017-07-20 00:00:00
ed8e52d1265866c8e90410e3404bd82e,00b4a445a17922526d9b64e567ac2865,delivered,2017-07-09 17:14:36,2017-07-09 17:25:12,2017-07-13 17:42:34,2017-07-17 16:33:20,2017-08-07 00:00:00
c383ab7c64e3ee1503e3574b22e37dab,0ecec081acf716b8ae4ee28348f7b04a,delivered,2017-01-28 23:09:31,2017-01-31 04:34:49,2017-01-31 11:30:09,2017-02-20 09:21:31,2017-03-10 00:00:00
b02e2c6aae2e972475db33cb658c1674,bd95aca0181fb7391e8cb7cc6fb6c201,delivered,2017-05-19 07:54:25,2017-05-20 03:55:11,2017-05-22 09:02:10,2017-05-26 10:37:14,2017-06-12 00:00:00
1896eb87ee7c0749928d79d5ed329e02,fbe72cfa6ea0eedd96381d0a68eff8af,delivered,2018-02-01 16:38:39,2018-02-02 02:54:36,2018-02-03 01:12:58,2018-02-06 21:46:41,2018-02-19 00:00:00
d3d77c4984354c4bcb02fb10f11b7a06,61bc5bbe87866cc8f591df4a4adf0086,delivered,2018-05-15 23:55:39,2018-05-16 00:16:20,2018-05-16 13:29:00,2018-05-17 19:54:43,2018-05-30 00:00:00
68b598d9359833f3f45c0762f8226899,929cf2637a672f230fd0e4c2501f455f,delivered,2017-09-17 20:17:49,2017-09-17 21:00:08,2017-09-18 18:37:25,2017-09-28 17:28:11,2017-10-13 00:00:00
14471044e634ad522425a0ba352ad19f,c318897d9597487310dfdbbcf0d2cdb4,delivered,2018-01-11 15:53:20,2018-01-12 02:37:31,2018-01-12 20:46:39,2018-01-23 21:49:17,2018-02-09 00:00:00
238316b0b618fa83761d76afebbf6e46,10aab4c4b2ab24797517dde37deae450,delivered,2018-08-12 21:33:04,2018-08-13 21:25:19,2018-08-14 15:03:00,2018-08-21 20:42:43,2018-08-28 00:00:00
9afd8c01b4275be61d70a520d948f516,52b2d0362545f2dca547b10b20fa157b,delivered,2018-01-09 15:14:24,2018-01-10 10:32:27,2018-01-15 16:52:43,2018-01-16 12:37:02,2018-01-26 00:00:00
c0bc6e5c9ad833c1a7a566871b33c938,bfc0d6ebdaec3937d7dffc39fa93fb91,delivered,2018-08-03 09:33:05,2018-08-03 09:45:15,2018-08-06 11:43:00,2018-08-10 15:21:19,2018-08-15 00:00:00
53d9e9ca11320965aa55056b5439a1c5,b495f4cb5075ba6f945da71e64575cc6,delivered,2018-03-27 13:54:14,2018-03-27 14:07:56,2018-03-29 01:08:43,2018-04-14 13:21:28,2018-04-11 00:00:00
bfecda2be7a503224f13234cb08be8b1,d8739392e97aa00d19ed4f23b60faca5,delivered,2017-06-30 21:15:32,2017-06-30 21:25:14,2017-07-04 15:25:11,2017-07-17 13:31:56,2017-07-24 00:00:00
b8e3ff54d639c2f49ecf02fd959dea2c,dd88af80cbc3f450ea4d9d622cc7b339,delivered,2018-08-05 10:36:13,2018-08-05 10:50:08,2018-08-07 13:44:00,2018-08-13 16:31:50,2018-08-23 00:00:00
09c74db044dfe6e7f2a6b6a6750f36cd,1fc9edfa5157a14833804b4ffeba2c2f,delivered,2017-04-09 19:53:32,2017-04-09 20:05:44,2017-04-10 08:52:00,2017-04-13 12:18:07,2017-05-02 00:00:00
00c42b1633c1b2fa4e937bf312466561,36d63113a38882f3f464f8eaa96c4b1c,delivered,2018-01-13 13:52:54,2018-01-13 14:09:30,2018-01-15 19:32:48,2018-02-08 21:12:51,2018-02-15 00:00:00
29985fe387407ff7f6904b294fb89028,bbcd801cba7b655a6aab583778eb6af8,delivered,2017-02-12 15:53:19,2017-02-14 04:10:25,2017-02-15 11:08:42,2017-03-03 09:28:01,2017-03-14 00:00:00
7282f35aaea3e151109787d09a275ec9,825c03d459e494071103e0d699ea943d,delivered,2017-12-07 10:53:40,2017-12-07 11:10:16,2017-12-08 18:36:05,2017-12-19 00:53:35,2018-01-03 00:00:00
c84e2530cbce4be46027e60d09141460,8a76cd2af176031f530d4d9447adba59,delivered,2018-02-06 23:32:19,2018-02-06 23:49:11,2018-02-07 22:57:09,2018-02-09 20:53:30,2018-02-22 00:00:00
486d84b8203180049eecab6c2cb5634e,65cf39cccbe70432b00537ef75d14254,delivered,2018-03-15 17:52:22,2018-03-16 09:42:41,2018-03-17 16:44:46,2018-04-02 19:58:55,2018-04-04 00:00:00
1790c6f253dae58fa859ae0c94bbffad,d8e1b13f6c0d485a4ee8214b8be92c6d,delivered,2018-01-30 13:12:42,2018-01-30 13:34:42,2018-02-08 21:07:31,2018-02-09 20:03:06,2018-02-15 00:00:00
ab291c01a71273689c1e6ea624b083dc,b02b5414a09c6cbb996087e9da2f4f84,delivered,2017-07-23 12:06:36,2017-07-25 03:50:15,2017-07-26 11:28:01,2017-07-30 14:22:04,2017-08-15 00:00:00
2e3d78ca3205d0f465ee058d803f4b4f,c6a61eb5f0c459e69f952c493285a7f9,delivered,2018-02-11 14:44:02,2018-02-11 14:55:29,2018-02-16 19:21:58,2018-02-23 18:13:13,2018-03-08 00:00:00
f668d0f937d3cc7fb451feb48edba7a7,937005e0b96869b2da35d95841baeda1,delivered,2017-08-30 23:51:01,2017-08-31 00:06:02,2017-08-31 13:28:14,2017-09-04 19:25:48,2017-09-18 00:00:00
bd250808f4d75fb0d98087a8559e2a03,1632df7f3854363244264c44f9b4ce24,delivered,2017-08-02 18:40:28,2017-08-02 18:55:19,2017-08-03 16:17:39,2017-08-08 18:26:14,2017-08-28 00:00:00
6e7c58476aeeb4f0a2313cdd43477570,e7ebbd0d2040c613833b41293f81ca8f,delivered,2017-07-03 17:01:13,2017-07-03 17:15:15,2017-07-20 20:55:54,2017-07-25 19:07:51,2017-07-28 00:00:00
7388c6ff667e30b4ba78bdca9dccd818,336fbae7f609704cbff29abfa3c5cf87,delivered,2018-06-05 18:11:03,2018-06-05 18:33:30,2018-06-06 14:19:00,2018-06-11 18:24:23,2018-07-17 00:00:00
4c966c07e48f5460c75f69d0352a61be,5465b7f5a979c889d268c5e502aea50c,delivered,2018-06-11 17:56:07,2018-06-13 02:18:39,2018-06-14 13:54:00,2018-06-18 17:46:34,2018-06-29 00:00:00
d8bd333ce65e76948e3468e2de08cb8a,f7d23b42541edac2c5ec83a6c7baabf0,delivered,2018-04-22 16:06:51,2018-04-24 19:02:47,2018-04-23 12:42:06,2018-05-01 00:51:28,2018-05-28 00:00:00
ac7e043e7f3ef81cfd073dbaa2f248ac,c1263a9c22f0a4e9d49ebcea620e5a34,delivered,2017-11-17 19:55:05,2017-11-17 21:15:52,2017-11-21 21:33:05,2017-11-25 15:43:02,2017-12-13 00:00:00
5d00da307fb1f170ba75e37b6ff2343d,c45c94c93f9a671931d5ae160b2d3b04,delivered,2018-06-11 13:55:47,2018-06-11 14:18:50,2018-06-20 14:16:00,2018-06-26 20:32:02,2018-07-13 00:00:00
1b2bb7c2c68e882ede350ac20436790b,ce524b6b5ca2131158ab250cd35fafb2,delivered,2018-04-21 14:21:50,2018-04-24 18:06:15,2018-04-24 17:32:14,2018-05-11 20:28:28,2018-05-21 00:00:00
6d0e0e8907efa53405051c14ba17f58e,c2430380d5d3ec51f5f8128805b6666d,delivered,2018-05-28 22:22:56,2018-05-28 22:35:51,2018-06-01 14:10:00,2018-06-08 16:50:42,2018-07-04 00:00:00
c1c34e864bc6e293265a132e445dc4be,afd06216cd9836bd133a2cdfac65a6a8,delivered,2018-05-06 18:38:23,2018-05-07 09:14:03,2018-05-07 13:54:00,2018-05-08 20:04:02,2018-05-22 00:00:00
b6daec0cfa9a03c5989e15db310e0252,37c9b8758f5973da26ea6a1912251b3f,delivered,2018-06-08 15:05:01,2018-06-08 16:30:39,2018-06-11 09:37:00,2018-06-25 23:38:36,2018-07-17 00:00:00
f85e82f7a3b6d26dc7d16b7c2c39b31a,d01826743562fd76692b98829e8404d6,delivered,2017-01-29 17:44:07,2017-01-29 18:32:05,2017-01-30 13:14:56,2017-02-08 07:01:08,2017-03-09 00:00:00
fab81f2fc065871a42ac06b9bedc78b5,913cbaee66a2777c7f7546c626ab7bd8,delivered,2018-06-20 16:15:40,2018-06-20 16:43:20,2018-06-21 14:52:00,2018-06-29 15:03:30,2018-07-24 00:00:00
0120e3dd2696a3bbb68dc2860815f7f2,67ec7f982297cfb734824a3b3a7a56c0,delivered,2018-03-26 11:47:03,2018-03-26 11:55:26,2018-04-03 01:18:31,2018-04-10 20:58:29,2018-05-11 00:00:00
bb7d0e5b853f82d1aac9d4f51ec59500,aa3feb1d75f1019a22cc8a83c06c1c63,delivered,2017-11-25 10:03:01,2017-11-25 10:14:54,2017-12-01 01:09:15,2017-12-23 16:48:54,2017-12-19 00:00:00
ca03bab92d64981b404602a7450b784c,d7bcf7eb4974e8da00d2107856aa0f5a,delivered,2017-08-11 16:24:52,2017-08-11 16:43:51,2017-08-14 16:12:41,2017-09-05 14:17:12,2017-09-06 00:00:00
f5090f33660f2488a5358a5694e0a64b,fb9a8add106341f589bc7a33a012f668,delivered,2018-07-02 14:43:39,2018-07-02 14:55:08,2018-07-03 13:57:00,2018-07-09 20:06:41,2018-07-27 00:00:00
4db12ae1b5826c465cb48c30426fe425,75865da115ee9a57b4d2367432ad2cdf,delivered,2018-04-08 15:45:26,2018-04-09 16:11:02,2018-04-10 19:31:28,2018-04-16 18:11:55,2018-05-04 00:00:00
c28475e383b1ded793fe443af4d1efca,ca1f590191e53132651120a6e83a8de9,delivered,2017-10-05 12:29:35,2017-10-06 12:35:19,2017-10-11 17:40:32,2017-10-24 06:21:27,2017-11-09 00:00:00
613dd9eddeb3acc5e976fbd3066be456,6dda15d69e3133ad7e89e73a2e897dd0,delivered,2018-06-03 18:26:17,2018-06-03 18:49:58,2018-06-06 13:12:00,2018-06-11 12:57:28,2018-07-05 00:00:00
353dd28caf3128fc754969ad49548d6b,a255c2d8c45fba974e6a8119544d79e0,delivered,2018-06-21 21:01:12,2018-06-23 01:15:51,2018-06-26 14:07:00,2018-06-30 00:14:45,2018-07-19 00:00:00
5601f8087eba0875919b57d5ca81d184,0e4632e78dcf05fc45aded8e52b25c32,delivered,2017-08-27 14:52:21,2017-08-27 15:04:13,2017-08-29 15:50:11,2017-09-06 20:33:37,2017-09-15 00:00:00
faaebc7c108d02eb661c909dea827370,a88e515946bed4cbc70e9830044a7cb2,delivered,2018-06-11 09:56:38,2018-06-11 10:17:34,2018-06-14 12:25:00,2018-06-19 19:33:30,2018-07-11 00:00:00
f1dee8f6b8d42d98d0f48b711a6a6d35,b02dafd608dcc07b89044f6ec2dec31d,delivered,2017-08-04 12:15:17,2017-08-04 12:30:14,2017-08-04 18:52:07,2017-08-10 20:17:52,2017-08-28 00:00:00
a04995b6f39e30fbf244133abe9fd71c,a85638ed41e850dcc25660472cbffbb4,delivered,2017-08-06 12:19:52,2017-08-06 12:30:16,2017-08-11 19:16:04,2017-08-30 16:27:47,2017-09-11 00:00:00
fddac1185cdd53d496b4279d6fda1112,f02a9393c5ca1f304f70d91f76a3a585,delivered,2018-08-06 22:26:13,2018-08-07 04:35:11,2018-08-08 11:22:00,2018-08-13 18:42:31,2018-08-17 00:00:00
1f70c1dfe04e99af2bd64337afa0613d,eefdefad8e1f3468d6a1adab05b3f3b6,delivered,2018-03-01 19:25:49,2018-03-03 02:50:54,2018-03-06 18:56:32,2018-03-17 15:03:20,2018-03-29 00:00:00
223a155e5dad113ba43fff75ecbb3d06,d86b3fd8a411243077abf47be7622496,delivered,2017-11-25 16:35:58,2017-11-27 16:39:37,2017-11-30 17:34:00,2017-12-19 19:35:28,2017-12-26 00:00:00
f3b0e97ac641a7d5658fb2b26fff0ec7,c727f1d122b7855b19bdf862e5ccd0ed,delivered,2018-07-02 20:05:35,2018-07-02 20:30:38,2018-07-03 15:14:00,2018-07-04 22:21:33,2018-07-19 00:00:00
ed510933339bd7b6d8e16d6c83026998,7d359bcf9aef31f6554888f41559848c,delivered,2017-09-01 08:03:41,2017-09-01 08:15:21,2017-09-01 18:53:25,2017-09-05 21:03:24,2017-09-20 00:00:00
62f8b4d7c208d43df56f66ad44f2a4e4,637f21cf43b788aa092fed350538f00b,delivered,2017-04-01 14:39:21,2017-04-01 14:50:18,2017-04-03 14:43:50,2017-04-06 20:42:51,2017-04-25 00:00:00
26844c5a3b10d4ae5366ac6bfc55680a,8ba064a834f4db74dd398b57f56fa40c,delivered,2018-03-11 13:09:13,2018-03-11 13:48:01,2018-03-16 01:12:53,2018-04-06 23:24:47,2018-03-28 00:00:00
9a84ad63a942918f330f5009401daed0,bbe15d08a1a1f8283a2278dfcbe85148,delivered,2017-05-21 07:57:56,2017-05-22 10:41:39,2017-05-22 09:41:01,2017-05-29 09:09:59,2017-06-16 00:00:00
90a2a9d4bf425c5a385fa319833fe1bf,fb2112d2ad55c684bca971cc7c1f8c49,delivered,2018-06-11 22:22:13,2018-06-11 22:41:23,2018-06-12 13:39:00,2018-06-13 17:18:41,2018-06-20 00:00:00
d1845227bab7e5c1f169cf2a98d742a1,11b99af21f03410bf5a169d80d3e5264,delivered,2018-03-02 16:01:55,2018-03-02 16:40:29,2018-03-05 19:10:08,2018-03-10 16:28:45,2018-03-20 00:00:00
add98bb9caa9f37e7d0702845c3a5db5,90776ffa40604fb8ef0911e52c4c1d02,delivered,2017-02-07 21:46:58,2017-02-07 21:55:14,2017-02-09 14:38:45,2017-02-13 08:57:43,2017-03-07 00:00:00
27aeddc0f8afd2314aeacc0d0cbbb5e2,d54c37dd23cac89a76322e4b2a6ab3bf,invoiced,2017-05-01 16:19:07,2017-05-01 16:30:39,,,2017-05-25 00:00:00
8cff0b9c9223d214d619f483f51b8979,9c171c05b25ab7bf71e655c39cf254df,delivered,2017-06-12 23:07:11,2017-06-12 23:15:13,2017-06-13 16:22:46,2017-06-19 19:03:30,2017-07-05 00:00:00
077d6b93c4e88d06b124cf24fb67a28e,1ae626094b558418fce6729a98a2f4dd,delivered,2017-06-17 17:11:05,2017-06-18 17:05:13,2017-06-26 07:27:50,2017-07-04 16:02:51,2017-07-17 00:00:00
807cabbf50cda6f87625bd1c61a6977c,5b7f46966e6e8992e9f9b0bb973ecc3d,delivered,2017-12-01 06:27:58,2017-12-02 02:52:11,2017-12-04 22:12:49,2017-12-19 22:13:45,2018-01-04 00:00:00
2cfe487abef71e655486b036f6c89636,87ee8a4955118ec3f3077ac7bb6faaea,delivered,2017-03-14 09:46:48,2017-03-14 09:46:48,2017-03-16 07:12:23,2017-03-21 07:55:32,2017-04-04 00:00:00
d6d672062a715f1a2bd844d2797c1dcd,df155cd436a2de57875f8bc1b425ca3c,delivered,2017-10-22 20:36:40,2017-10-22 20:49:25,2017-10-23 16:26:10,2017-11-07 20:38:13,2017-11-14 00:00:00
e95ed5089744d5ca7ce51a9f222ff49a,d097afda041bfccfec121cf5b4b5b11e,delivered,2017-12-04 14:28:33,2017-12-04 16:48:50,2017-12-07 13:33:09,2017-12-13 22:22:30,2018-01-02 00:00:00
d11ac1d30aa28bac52a87c61ac170cea,25917f573b745e578189257ef1f60fea,delivered,2018-08-23 13:33:34,2018-08-23 13:45:12,2018-08-27 11:06:00,2018-08-29 15:16:42,2018-09-14 00:00:00
f993d127ffb4f4a6ad0cd89f48dc0b4f,14a1c38058eabe88912d5566de499c6f,delivered,2017-05-15 20:52:13,2017-05-15 21:05:16,2017-05-22 14:33:47,2017-06-01 13:08:06,2017-06-06 00:00:00
9094084d8327200637ee690adb247b4e,0d4f50463ad5e8dc3e4471cd7957eed3,delivered,2018-03-20 21:37:51,2018-03-20 21:50:28,2018-03-21 20:20:37,2018-04-13 20:29:40,2018-04-11 00:00:00
239960d8af96f541e9a7153b57c0f4de,9dd11f3718d972116eec267c2c2e317f,delivered,2017-07-02 13:09:40,2017-07-02 13:25:14,2017-07-04 15:19:33,2017-07-06 23:36:40,2017-07-21 00:00:00
ea74c0ec2238c2e2ad552859f6f30d37,3994260fb8f75599fce4b654e1b2cb53,delivered,2017-12-06 15:44:09,2017-12-08 15:38:27,2017-12-12 02:35:06,2017-12-19 21:33:51,2018-01-02 00:00:00
6f5fff0c1ce75356fb269909f4120482,8c2cea1c9adb39f9cbf4867647dea1b7,delivered,2018-01-15 15:44:37,2018-01-15 16:30:41,2018-01-17 19:16:12,2018-01-25 17:46:39,2018-02-14 00:00:00
08fb5d31021fb887ce4ab33b8cdb804e,6ed30ec7af7258861705f6c7bf352ed2,delivered,2018-08-16 01:53:48,2018-08-16 02:05:11,2018-08-16 14:52:00,2018-08-28 20:58:31,2018-09-10 00:00:00
3eabbfdaf7e3dab4e322b3e40d35ff04,c0cac061cf2beecfb295dd69b73a7508,delivered,2017-09-10 13:35:49,2017-09-10 13:50:09,2017-09-12 00:41:51,2017-09-15 19:23:26,2017-09-28 00:00:00
66cb680674721f9816e366a15a93633f,a9f2b77340d17022d89356ef597b2f3a,canceled,2017-03-28 20:53:24,,,,2017-04-17 00:00:00
14b8b441b89cdc057ecd6160b56aa1e6,437b8a8795404b63e5ab18216af0a2d4,delivered,2017-06-09 01:00:53,2017-06-09 01:22:44,2017-06-14 13:57:51,2017-06-19 18:54:26,2017-07-04 00:00:00
d75df4013540c60cf8eb7c6e57aab1d9,95c7d7d6100ea20ece117fd63edf1e51,delivered,2017-12-03 10:26:42,2017-12-03 10:53:19,2017-12-05 21:57:30,2017-12-14 17:26:25,2017-12-27 00:00:00
b9eaa4a76558ca828580d82dec38cca9,15682e5411338f13bfe06c922de887e2,delivered,2018-08-05 17:04:16,2018-08-05 17:15:14,2018-08-09 13:57:00,2018-08-17 00:44:34,2018-08-17 00:00:00
ae6770c71e1083a03742c4b82d98076c,dd4f2d0c1912aff03fd6980ddb32a214,delivered,2018-03-14 07:11:17,2018-03-16 03:50:28,2018-03-20 17:24:36,2018-03-29 22:19:17,2018-04-03 00:00:00
e9c1cd6b45624aa77cf10be70487d8e8,dccf493f361140030072a818e8f0bb86,delivered,2018-07-15 09:15:30,2018-07-17 04:31:33,2018-07-18 12:31:00,2018-07-26 11:08:57,2018-08-20 00:00:00
083715659baf44018ac67f7914b85cdb,f2865b6b88ce263c27c20b3156712eae,delivered,2018-05-19 12:27:20,2018-05-19 12:59:35,2018-05-21 15:24:00,2018-05-24 16:21:50,2018-06-06 00:00:00
12ac7c00d4dfff0c7b8f7b3a8d6c6943,bf4a62c86fe1f911d4ebe1ab1a9ded08,delivered,2018-03-27 21:45:39,2018-03-27 22:07:41,2018-03-28 23:18:50,2018-04-17 02:35:33,2018-04-19 00:00:00
1d85f2f091ba615cbd003bf7d3edc703,b40bc204d9bccb87d0afa5cefba3514b,delivered,2018-04-10 14:09:05,2018-04-10 14:30:11,2018-04-13 20:14:27,2018-04-16 17:28:33,2018-04-26 00:00:00
2d3390e82fa2179935440626c58baf1a,c031cf438eaa6c40ffc3b376e05857d1,delivered,2018-06-13 22:15:06,2018-06-13 22:39:23,2018-06-14 12:48:00,2018-06-18 13:04:17,2018-07-20 00:00:00
cf34fe44babb9fd001a001acfa43cabf,fe082a45e6e64db9443e39ef7e3d415a,delivered,2017-11-06 18:36:52,2017-11-07 04:32:03,2017-11-10 22:07:45,2017-11-18 09:21:44,2017-11-24 00:00:00
074eec999695249a1f80e3c7ea1aab01,5d5b87f8daede7b7ade03d9d96a54c77,delivered,2018-03-05 10:51:11,2018-03-05 11:09:41,2018-03-05 19:52:12,2018-03-29 21:14:41,2018-03-22 00:00:00
f32ab6433a3b9bedad85ce3730b861e3,d08ef9c7fdd7f55373f1e9f346e60e1b,delivered,2017-09-25 12:23:20,2017-09-25 12:35:19,2017-09-25 19:25:50,2017-09-26 18:48:52,2017-10-10 00:00:00
9ba78ea9b6527e1882ae9c8a47c8f4b4,01311c3c93d566f9b8991cd06a0d33ee,delivered,2018-01-26 01:09:48,2018-01-26 01:17:26,2018-01-30 18:29:02,2018-02-01 15:22:50,2018-02-09 00:00:00
4a7cf245701068d38d441791b735e4bd,1d3b24ba06f2e3fa4bfa74fd70d2310f,delivered,2018-05-07 20:36:47,2018-05-07 20:51:50,2018-05-08 15:04:00,2018-05-09 22:38:53,2018-05-17 00:00:00
85b3107b92fa3be19162c3ceed1bb0b5,cce59bef65abed82362de9db845b005d,delivered,2017-08-16 18:35:07,2017-08-16 20:05:16,2017-08-18 20:50:00,2017-08-29 11:36:21,2017-09-12 00:00:00
f8cbe869cc12ad59a53e2efa569d7e34,67fce71cc00b76f5078ceecad54dda52,delivered,2017-12-28 23:10:43,2017-12-28 23:16:31,2018-01-02 23:03:21,2018-01-05 14:49:17,2018-01-23 00:00:00
d26844690f17c5d19b50a5862b8d2a45,f1a2fe3e3ccdd6c22c7b98d1bcd4a427,delivered,2017-11-26 20:39:49,2017-11-28 02:55:02,2017-11-28 17:47:51,2017-12-05 21:34:54,2017-12-18 00:00:00
ea694a00fc5ee055808a425d0b1b8699,d8e02d2a14c14ae4be20a05f2215ab34,delivered,2018-02-03 12:46:10,2018-02-03 13:11:51,2018-02-05 22:37:30,2018-02-22 18:49:56,2018-03-01 00:00:00
41302ef57ccbb4cb215dd5ead09b286e,32dde81e7516761c7efe1e877adaac22,delivered,2018-02-24 18:45:45,2018-02-24 18:55:25,2018-02-26 21:23:26,2018-03-05 22:52:40,2018-03-16 00:00:00
0f2f7e210f5079ed1f797cb4aed6dfbc,93d186739ba905a3489bf2f239a97167,delivered,2018-05-02 15:40:15,2018-05-02 16:19:50,2018-05-07 09:22:00,2018-05-11 12:33:07,2018-05-29 00:00:00
0f28d51fdd4828907bdc58b57f672e84,bc4011fd2a5106761b5ba943c8fbd1b2,delivered,2018-02-17 15:54:49,2018-02-17 16:06:43,2018-02-21 17:39:16,2018-03-08 17:58:42,2018-03-13 00:00:00
065881aa6f8059a970c8fd9947f717e4,1db1d512baa3377e9356150fb80eef98,delivered,2018-01-17 19:32:02,2018-01-17 19:49:51,2018-01-19 23:39:07,2018-01-29 18:28:41,2018-02-08 00:00:00
e55507dc5f963fbdb8ae1c47181974b5,eb9f81343ccb0361b66606660a0941c2,delivered,2018-04-22 12:36:57,2018-04-24 18:48:15,2018-04-23 18:46:53,2018-05-05 15:38:46,2018-05-25 00:00:00
137843e808a43d21cdfaee7fa80fb487,3283abacb775a93f517302541826d786,delivered,2018-07-23 11:39:07,2018-07-23 14:00:17,2018-07-25 10:43:00,2018-07-31 15:40:50,2018-08-10 00:00:00
a35fd7132a1518638f560fec8f10a8af,76efe6e4900b23c6bc5190ea0b94a783,delivered,2018-04-20 11:07:05,2018-04-20 11:15:16,2018-04-23 14:42:22,2018-05-12 03:13:40,2018-05-25 00:00:00
616dfda2aa81fd23f5e8f47619f650be,494d0c71dffcc8d13d196e637a65cea9,delivered,2018-08-19 22:14:43,2018-08-20 13:31:40,2018-08-21 14:20:00,2018-08-27 16:48:38,2018-09-12 00:00:00
17d018174e8bb3a09152f926cc684ad2,86bf55f44d8c6260b6d4b5ee9fda81fa,delivered,2017-08-02 16:19:57,2017-08-02 16:30:19,2017-08-03 13:27:49,2017-08-21 19:05:50,2017-08-28 00:00:00
fd607d0a02cb276bc764a15f80f0423f,fef79774a4f4ef014078bcb0b42d0cc5,delivered,2018-07-26 09:13:04,2018-07-27 02:24:15,2018-08-07 09:28:00,2018-08-16 17:12:37,2018-08-16 00:00:00
4dfd0288206587af20e886504b8eeb37,8c94bc7ec97ffe799e9e029ff491b5f3,delivered,2018-05-04 08:18:10,2018-05-04 08:31:50,2018-05-04 13:38:00,2018-05-10 23:34:55,2018-05-28 00:00:00
58a18ff759db7b6e8f84744c86b9b461,5d0cb2ee87cc765656ecc5b99d6bf809,delivered,2017-12-01 11:26:52,2017-12-02 02:37:21,2017-12-06 22:14:32,2017-12-12 17:34:09,2017-12-19 00:00:00
86336bae769e4fb1af25f7bdb4b12cea,497dd0ccf25ca6a7079db90a7de1f70e,delivered,2018-05-20 00:10:13,2018-05-21 07:10:33,2018-05-23 08:52:00,2018-06-08 18:44:36,2018-06-22 00:00:00
b70fb0265f4059cdf874d341878a64f4,d6f6c463e4a50601d5e92eef94beeb1c,delivered,2017-11-09 13:05:48,2017-11-09 13:16:01,2017-11-10 20:16:34,2017-11-13 21:37:43,2017-11-29 00:00:00
5e7254b606481fc2af9d54c0e86f8995,57dfb131ecfc38c01347694e99e876c7,delivered,2017-02-19 16:06:27,2017-02-21 04:45:37,2017-02-24 05:35:59,2017-03-02 06:58:01,2017-03-17 00:00:00
b925013f2e110c15dd382961cf7e6538,f543d24d24bd70b892d97a064c5c0fa7,delivered,2018-04-18 11:48:54,2018-04-19 02:40:44,2018-04-19 20:48:48,2018-05-07 15:42:59,2018-06-04 00:00:00
29fe4737eeefc4e09a905f66b9b8989c,b91cbb69599f187b5da2cd1b393faf9c,delivered,2018-03-20 10:26:50,2018-03-21 02:51:00,2018-03-22 20:22:00,2018-04-25 21:32:43,2018-04-11 00:00:00
5f34442510676049d6fb07c99a32db56,6b0c6ebb1217e1feabecccf409b064e4,delivered,2018-02-18 22:17:04,2018-02-20 07:11:11,2018-02-21 21:04:21,2018-02-24 00:23:31,2018-03-06 00:00:00
385419e97be72d63a6bf3c005c838df2,8cb56399bb0ca3ae0549dae672b8caa1,delivered,2017-11-22 14:05:45,2017-11-22 14:17:36,2017-11-23 20:18:56,2017-11-27 16:56:35,2017-12-04 00:00:00
76575700bd0fef8974ff82601ad505bb,12774bb90c671b3fcd38673b4f518963,delivered,2018-04-17 11:39:59,2018-04-18 06:11:59,2018-04-18 18:05:39,2018-06-02 01:14:32,2018-05-15 00:00:00
3f42893ac4bf0ff60f79ff701a65d0fe,ed38a61373fe3f09c5b76fff2c550312,delivered,2018-02-20 22:47:24,2018-02-20 23:07:36,2018-02-22 10:56:44,2018-03-12 16:39:42,2018-03-14 00:00:00
ae430928e30cb683e5b0bd55a74bcc69,80462a2ebef4fa9fa5630530d25d19de,delivered,2018-01-06 00:56:17,2018-01-06 01:07:54,2018-01-09 20:18:29,2018-01-13 01:47:49,2018-01-31 00:00:00
44699b6718b35247c4ae1e798d0ec533,b12903e05aaab54fe9fa5dfc3fc5a29e,delivered,2018-03-21 11:40:52,2018-03-21 11:55:42,2018-03-22 21:46:46,2018-04-17 00:43:28,2018-04-20 00:00:00
3296617b0f860015465b3259c42115b2,4c0db677ace7cfb1bc3b297422510dea,delivered,2017-11-20 11:27:40,2017-11-21 03:46:28,2017-11-27 16:34:51,2017-12-04 17:58:56,2017-12-12 00:00:00
2e4b8f3c830953a48af0475828ce834e,9ead440af699d23efa370268809949f3,delivered,2017-11-25 20:18:51,2017-11-25 20:34:52,2017-11-27 19:39:47,2017-12-05 19:54:48,2017-12-20 00:00:00
b867ed36fe57004358a5c654d886d389,c6ea850448ad7e05a9f46ddeb5673832,delivered,2018-06-07 13:17:32,2018-06-08 02:56:29,2018-06-08 09:49:00,2018-06-19 23:50:44,2018-07-05 00:00:00
b1594ffba16780b2a49a52748aa09236,713b24c7dcfc8fa370d7cde487f374d4,delivered,2018-05-12 15:27:36,2018-05-12 15:59:48,2018-05-14 17:09:00,2018-05-19 11:44:49,2018-06-26 00:00:00
7916fec582cddf20c22b688451f880f8,6eb4835ec4d320eb3f58162e69173cd2,delivered,2018-01-28 17:49:59,2018-01-28 17:59:40,2018-01-31 22:28:50,2018-02-07 11:34:24,2018-02-20 00:00:00
41836f397274f4d68b799f26e6a8ea2f,acc83ff0711e383c4c56a4195c706172,delivered,2017-10-22 13:40:37,2017-10-22 13:56:05,2017-10-30 19:06:53,2017-11-03 17:43:56,2017-11-22 00:00:00
1457abef78cd241e85fd946503cb4e16,344ee65ac116bd585ab8ee04a18597e5,delivered,2017-10-27 13:13:53,2017-10-27 13:30:09,2017-11-01 00:03:26,2017-11-07 19:16:47,2017-11-13 00:00:00
3dad0905a583dc80815b7666efddc84d,e17dbbd9f659bf72e9d742658f9f3d6f,delivered,2018-03-19 12:57:59,2018-03-21 17:30:21,2018-03-23 00:42:26,2018-03-26 19:19:03,2018-04-11 00:00:00
e13b7cac52f0c00ed3b51fc684c5cf2e,96d1713591b39d1ea168e31d06071d45,delivered,2018-05-04 17:03:07,2018-05-05 17:10:15,2018-05-11 19:12:00,2018-05-21 21:58:54,2018-05-29 00:00:00
0f5661c2134ca73a132194dde6558006,7730d05bf925086694627bb1c4e57af1,delivered,2017-10-11 20:20:45,2017-10-11 20:35:11,2017-10-16 13:10:57,2017-11-04 11:02:57,2017-10-24 00:00:00
ea7dfe9f928b33cb2e9d8bc99dd7e0f3,1f4245dc6f80d6abb777130b11e18d05,delivered,2018-07-04 12:28:32,2018-07-05 16:21:06,2018-07-05 14:19:00,2018-07-11 00:31:54,2018-07-26 00:00:00
317fb26a1a8a29eb9d6e36996afcffc2,69fdb7db243eb360952366fdc4c4929b,delivered,2018-01-25 12:01:41,2018-01-27 02:41:26,2018-01-29 19:29:10,2018-02-01 14:26:32,2018-02-09 00:00:00
2504a8e58ea5a99cad95669ca061e307,4511d912cee18b90baab41f94f418b8e,delivered,2017-10-20 00:20:18,2017-10-20 00:38:27,2017-10-20 20:45:34,2017-10-26 17:06:57,2017-11-13 00:00:00
11bfb5214a47c5a12e3dab8cac01c304,fbdea18ec346682a0dd7c542c56e74ff,delivered,2018-02-19 12:09:02,2018-02-19 14:35:28,2018-02-22 17:49:01,2018-03-17 02:22:03,2018-03-12 00:00:00
24452cdc2a280a9404d38722fa017002,a59f08487d3d2137f5f845e1b59b24f4,delivered,2018-02-17 12:21:38,2018-02-17 12:35:31,2018-02-19 19:38:39,2018-03-07 21:25:27,2018-03-14 00:00:00
ae97799b02696e7937ea854ed542d015,48d9269e44b63f369a6eeb4024456cfd,delivered,2017-03-02 16:12:33,2017-03-02 16:25:10,2017-03-03 09:20:47,2017-03-14 11:08:56,2017-04-03 00:00:00
d682106fb1b9944e800954febfa1a0e1,e3fc2717c94f6a26b87eff6a7a64cdb2,delivered,2017-11-13 10:08:39,2017-11-14 04:15:40,2017-11-14 17:14:42,2017-11-21 18:22:54,2017-11-27 00:00:00
4ac97698600fa74206fd156b0bcefa6c,4990b5e2dafcbac0359044f3051f9f11,delivered,2018-04-25 18:29:03,2018-04-27 03:51:00,2018-04-27 13:45:00,2018-05-04 21:10:46,2018-05-25 00:00:00
e24482f15e14b7c0adfe34b1c0542e43,381408c4cb32738d5008a1bfd66d6e4c,delivered,2017-08-11 20:05:11,2017-08-11 20:25:07,2017-08-17 20:49:52,2017-08-25 17:55:12,2017-09-04 00:00:00
c4f3f1fa5eadd2ee5d28be9bb77361bf,f7d7d5f594784d2844469aefcc6d53ff,delivered,2017-12-04 10:01:04,2017-12-05 11:25:04,2017-12-07 14:14:28,2017-12-13 01:18:29,2017-12-20 00:00:00
7d1541a6b298a1d3e07f889c595e69c3,609ced3f24911300f173a55c54790bc0,delivered,2018-07-28 13:10:21,2018-07-28 13:24:14,2018-08-03 14:29:00,2018-08-11 18:02:50,2018-08-23 00:00:00
4f669a887423b7e406dfb11071c12e57,7f8c22e5445a3212d01f3f1798231136,delivered,2017-12-08 22:16:35,2017-12-08 22:30:08,2017-12-11 19:59:45,2018-01-04 23:43:09,2018-01-05 00:00:00
0508c1d4ce32ccc40fc59d0592478608,6c496722271e456537aa324397cc46af,delivered,2018-06-04 16:33:24,2018-06-04 16:53:01,2018-06-07 14:02:00,2018-06-19 19:18:49,2018-07-13 00:00:00
1762d5c6c1f5efce31b1d21339212730,e0e9f2360f3bfc062e29e83f96aa50fb,delivered,2018-01-25 19:36:42,2018-01-25 19:52:29,2018-01-26 18:48:54,2018-02-01 19:16:53,2018-02-21 00:00:00
b2570cac8c080890a2c0fb63a5cb6ca6,18a6f45b5b6ac7558018737eeec04faa,delivered,2018-01-04 12:33:11,2018-01-06 02:08:21,2018-01-08 17:27:56,2018-01-12 00:07:42,2018-01-22 00:00:00
d5197f36151ab7d4d0c00b7606af9117,fa5aaa6f6abe8e0e15da8752c678b7da,shipped,2017-04-27 13:16:53,2017-04-27 13:30:09,2017-04-27 15:45:30,,2017-06-13 00:00:00
ee02ac266a995c96fa748ee29a6986aa,e3298156bce8173bef2a1711f27f6242,delivered,2018-05-11 23:41:58,2018-05-15 03:35:13,2018-05-17 14:17:00,2018-05-22 22:40:40,2018-06-06 00:00:00
cecccaa359491439461332bbb0dad3d5,6e99733532423390e0d537024ac60812,delivered,2018-02-28 23:35:06,2018-03-01 00:20:27,2018-03-02 17:57:06,2018-03-28 00:09:03,2018-03-29 00:00:00
4e3b98e5d43c106c546ac2dac4ea5db6,697a4f507f70615d3dd62d8326debbcd,delivered,2018-05-27 14:54:36,2018-05-27 15:11:08,2018-05-28 14:39:00,2018-06-06 16:42:53,2018-07-04 00:00:00
db55d12cb2a29fdf6814668f79a90b1c,b23622315fe752abb314be2478bacff2,delivered,2018-03-03 13:34:00,2018-03-03 13:48:52,2018-03-06 01:35:08,2018-03-09 14:59:25,2018-03-21 00:00:00
eee39147362c420a076b96cfe10c8154,2739c30019a6f35c05f16c9fa4f44e92,delivered,2018-06-02 19:19:00,2018-06-02 19:35:09,2018-06-04 14:01:00,2018-06-11 21:28:38,2018-07-13 00:00:00
397a03ca45a771d2663ae74a6ab74e53,ae9e2c35eaddbe0c57e9303125afab54,delivered,2018-04-09 10:39:46,2018-04-09 10:50:27,2018-04-10 21:56:25,2018-04-13 23:18:20,2018-04-27 00:00:00
b446a93ccd5bf1a2c97c4fe3cdfe2707,68eb20944e41567dd783b2d43dd89af1,delivered,2018-07-05 10:02:18,2018-07-05 16:08:09,2018-07-05 13:58:00,2018-07-13 14:36:47,2018-07-18 00:00:00
38c0b09e36d478fb62769ec5701e0e92,9aa112de315a66d5900c06c0e4796525,delivered,2018-04-04 12:18:22,2018-04-05 12:10:25,2018-04-07 01:14:41,2018-04-26 23:39:03,2018-05-08 00:00:00
d9cec2829cd4998f4d6ea00861d2a689,7ee577ddd7ce2caa771bdc7be6c030bc,delivered,2018-05-01 21:27:28,2018-05-01 21:51:35,2018-05-03 15:05:00,2018-05-15 16:51:55,2018-05-29 00:00:00
7beece85fb714c481300a516c9fb1ade,be10e7b8bc2d78cea9bdc7421f2fd811,delivered,2018-05-14 07:29:34,2018-05-14 07:52:13,2018-05-15 11:19:00,2018-05-19 14:12:39,2018-06-04 00:00:00
c74781be12a00f1e31f7160673c27190,ad4aa03becd869f5d8282705318243a5,delivered,2017-03-29 11:10:43,2017-03-29 11:25:15,2017-04-10 16:57:57,2017-04-20 08:49:03,2017-04-19 00:00:00
78072efdb0265b1a3f43b4881fe9bfc2,78b6384ae33ffa33ec94944d1722dac1,delivered,2017-03-07 10:49:39,2017-03-07 11:03:27,2017-03-09 08:47:44,2017-03-29 10:38:52,2017-04-07 00:00:00
c6ce16ec9d90cc25b3372ce14fbfb327,bb630c00a0af458a077c9557a62e6c70,delivered,2018-05-15 17:05:39,2018-05-15 17:37:41,2018-05-16 14:24:00,2018-06-05 20:26:23,2018-06-05 00:00:00
08213e46524c11c2501c5d0a59ff8b7a,743b9baadaa9734c4f4955e2848448ef,delivered,2018-04-21 17:55:05,2018-04-24 19:23:54,2018-04-25 15:02:00,2018-05-29 00:20:46,2018-06-01 00:00:00
0597a201736db0915eac0e92b5e0f6d9,a6fd70c8725a1c1eaa8b34d42bf80f9d,delivered,2017-10-09 11:16:40,2017-10-11 07:36:49,2017-10-11 21:25:16,2017-10-16 20:59:35,2017-10-23 00:00:00
530f9d2b2d0d22bbc477cdacbaa49fb6,dc828447e88442f86ee27cabb4d7aafc,delivered,2018-04-13 22:56:10,2018-04-14 18:35:22,2018-04-18 20:08:42,2018-04-23 19:41:47,2018-05-08 00:00:00
135d10c8c1fb10e298bb58356509e2c7,a3e787cc07eaef73b3bc59601867df94,delivered,2018-03-28 10:54:03,2018-03-28 11:09:07,2018-03-29 22:08:49,2018-04-02 21:38:43,2018-04-10 00:00:00
d7085875e0a68ee25df2db4f1ec9fc61,5de02bda3b4477547636e31d0bc5d0f5,delivered,2018-01-26 17:28:49,2018-01-26 18:00:12,2018-01-29 21:09:23,2018-02-02 18:18:51,2018-02-22 00:00:00
2c323f358d850442d6bc5ab01cda8608,8d84bfdee3c404fcc4e5dd59c0caa993,delivered,2017-07-14 12:55:19,2017-07-18 06:15:20,2017-07-20 20:33:56,2017-07-28 18:56:28,2017-08-07 00:00:00
30d3248b5934e2b1e6e6974fd27d0720,c859800e47b268489f7ee387c913a409,delivered,2017-07-31 21:58:01,2017-07-31 23:23:28,2017-08-01 18:06:08,2017-08-09 18:28:06,2017-08-22 00:00:00
32bc89adafbfd38be0cf6931769c6a6d,e740d1c438e9072d5a23b6dd96e59b8b,delivered,2018-07-20 09:34:27,2018-07-20 09:50:11,2018-07-25 13:50:00,2018-08-05 15:11:40,2018-08-13 00:00:00
0c6036de51fa390a9f4491643bfcf4df,30d9367a01aa566cd76f62e91cdd40c7,delivered,2017-02-15 09:35:30,2017-02-15 09:45:10,2017-02-17 13:54:04,2017-02-21 17:46:20,2017-03-16 00:00:00
986eb0e0707439d7852369091e0fa8d9,60c802af0877256040e46984f351f3e6,delivered,2018-05-16 09:56:56,2018-05-16 10:12:47,2018-05-17 13:50:00,2018-05-21 21:22:42,2018-06-04 00:00:00
80501e8921c07f421d238fdf268c5ce4,ad12d172109b5b6e44b4fa23c2b6a71d,delivered,2017-02-15 23:30:52,2017-02-15 23:43:13,2017-02-16 14:46:30,2017-03-05 09:43:02,2017-03-20 00:00:00
1e74416e1dbc181320083b6e4402cd10,3af8c997697c3c3665a4457f2d4aedd6,delivered,2017-10-02 22:00:03,2017-10-02 22:14:19,2017-10-04 11:26:27,2017-10-11 14:22:29,2017-10-24 00:00:00
3a1c434d917a8b25f7862cfa17972aae,f07ea18c059c8cd1584a035a3ed36e63,delivered,2017-03-11 11:41:42,2017-03-11 11:41:42,2017-03-13 10:48:12,2017-03-20 13:06:17,2017-03-30 00:00:00
b761638825ae06cc0b14018811fd7ab9,80ae2b955cc61a3d39194572dd3fb0f2,delivered,2018-03-15 15:23:41,2018-03-16 04:15:09,2018-03-21 17:10:57,2018-04-12 15:56:22,2018-04-12 00:00:00
9dc7932b1c116c2d56c1a2c52442d0cb,8fbc83a81b0932d879c867a675080329,delivered,2017-07-18 15:22:12,2017-07-19 17:15:15,2017-07-21 20:03:21,2017-07-31 18:17:45,2017-08-14 00:00:00
3c74b996c9db669050e3daf79f49d71d,00426311a53f3c052943c88b692a3be2,delivered,2017-12-13 15:35:25,2017-12-13 15:50:31,2017-12-18 19:09:30,2017-12-26 19:52:08,2018-01-15 00:00:00
1f4994f63a494cae176662935b4a8342,eeaa1871ebedbcbfc00f12d5a36bfd8d,delivered,2018-03-30 19:54:23,2018-03-30 20:10:12,2018-04-02 21:48:52,2018-05-27 10:12:33,2018-04-26 00:00:00
8a900546a08c4b2d69804b4746a67e88,e939c8ca483409e35988309791b530fb,delivered,2017-04-24 12:19:48,2017-04-24 12:30:47,2017-04-25 11:08:59,2017-05-12 10:34:40,2017-05-11 00:00:00
518e28f28e634069d2f5d642dd7997b7,a33f9d4e44d881d0dcc5493dec5cd26d,delivered,2017-04-18 18:39:50,2017-04-18 18:50:20,2017-04-28 05:53:27,2017-05-06 10:51:23,2017-05-16 00:00:00
b09d5d8070a14f3f95bbe313d671c57d,6d275f56d920b05452973c63fadf039b,delivered,2018-05-18 12:09:57,2018-05-18 13:05:41,2018-05-22 14:35:00,2018-05-23 16:42:28,2018-05-30 00:00:00
d4cb2cf063b936e3836fb62b7f296367,3ac33fb9cefa02c073a17df141a67c9f,delivered,2017-07-25 19:47:41,2017-07-25 20:03:07,2017-07-26 18:42:21,2017-07-31 18:14:08,2017-08-15 00:00:00
e382697bc6a23a51577144bd2c8f74d9,e1809e05d22479eab5c1870280f9eabf,delivered,2018-04-13 09:08:23,2018-04-13 09:15:16,2018-04-13 22:03:45,2018-04-20 21:14:38,2018-05-03 00:00:00
c36c62b3930f8c218cb3d6de52107992,a0b18d05551e69bceada8f7728f4ab27,delivered,2018-04-06 10:55:17,2018-04-06 11:10:44,2018-04-07 01:17:43,2018-04-12 18:51:07,2018-04-24 00:00:00
b2250cc556e74e210e38451b309e63e6,5ede34a01165a4bb139990645c5bb314,delivered,2017-06-08 23:48:09,2017-06-10 02:50:46,2017-06-13 13:43:01,2017-06-21 16:03:26,2017-07-03 00:00:00
67796dbbc55a23910220b90d80294285,f4cb9f8b733ee9fb3f30b64b22ea92eb,delivered,2017-09-15 16:24:23,2017-09-16 02:50:10,2017-09-19 22:25:37,2017-09-25 18:47:42,2017-10-09 00:00:00
f26acc71de5cd391e3a2fc13a5820895,177f63284a3add187b4d5edde00831b5,delivered,2018-01-16 13:36:57,2018-01-16 13:50:51,2018-01-18 01:09:49,2018-01-31 22:12:48,2018-02-16 00:00:00
3e41fd4c8d9609903634b36c09183b78,a03fb45a2d3d8ccc2e66cd19cd7ab812,delivered,2017-06-11 20:39:55,2017-06-11 20:50:16,2017-06-12 15:45:03,2017-06-16 15:35:58,2017-07-03 00:00:00
534c32e4a4a598bf5fb7d99a2cfd0f62,55c3657d0c8bb26f601ebc8d6d56e75f,delivered,2017-12-13 20:59:43,2017-12-13 21:10:53,2017-12-16 00:07:02,2017-12-26 14:18:50,2018-01-08 00:00:00
378b4eebab6321d6b446806691615ee1,fea39dc274368a2dcdf62995ea14d78b,delivered,2017-11-14 10:43:54,2017-11-14 10:55:33,2017-11-16 14:32:20,2017-11-22 02:24:50,2017-12-05 00:00:00
3c057da49a74023e52c0ec5ba76843c0,e1cec7320862fd69efe785e3d8f90c1e,delivered,2017-11-22 13:53:31,2017-11-22 19:30:28,2017-11-24 15:18:13,2017-11-29 17:48:21,2017-12-04 00:00:00
64b94e056cc445b99fe4059c9f968d26,f4d084acffe45fa5b2f8b6897c0e596c,delivered,2018-04-23 11:59:33,2018-04-24 19:17:56,2018-04-24 22:14:03,2018-04-25 13:39:00,2018-05-10 00:00:00
3cfb7adfbc262ab9088ebe345a8aaef1,1aa0903cfd53ba0ba3053f3892d00740,delivered,2017-12-18 17:29:26,2017-12-19 10:10:41,2017-12-21 19:52:45,2017-12-22 16:34:16,2018-01-05 00:00:00
99dfcc83525b208fd377c1f81ab0d96e,925b74a503c1d6941ffbffe957ffab67,invoiced,2017-11-25 20:54:04,2017-11-25 21:56:05,,,2017-12-27 00:00:00
5007ef2d1751857fb87921606c3c617f,9e777a0285e680303f875f4b9d8370ce,delivered,2018-04-26 16:18:30,2018-04-26 17:09:59,2018-04-27 11:19:00,2018-04-30 23:28:53,2018-05-10 00:00:00
c2b170fa201b85b5a2447365d111af05,b09b3e158567acb2d422df42855df6b4,delivered,2018-07-15 15:10:11,2018-07-15 16:10:19,2018-07-26 07:18:00,2018-07-30 18:51:04,2018-08-08 00:00:00
dc29f6e951801aef32e47bfb534d0c39,d8f4276da09c01298b52084ccb4777bb,delivered,2017-05-11 12:29:55,2017-05-11 13:05:49,2017-05-12 15:55:29,2017-05-16 14:17:47,2017-05-31 00:00:00
048937ad68e3d2ec6e64f5105184589d,9b474f065e302d1dbfb227075c1513c8,delivered,2018-05-06 15:38:02,2018-05-06 15:50:45,2018-05-10 12:27:00,2018-05-23 11:25:25,2018-06-12 00:00:00
f5318f2526a744099fb9be520a5708fa,3c3e21e1c8c76a166bd704a70df5bcfb,delivered,2018-07-15 21:14:49,2018-07-17 04:31:25,2018-08-01 13:51:00,2018-08-06 19:13:24,2018-08-03 00:00:00
208d2f562248053cf12d13a00b6777fb,4ba45af37882ae7e11e4d8715cf82ffe,delivered,2018-05-26 18:55:12,2018-05-26 19:10:20,2018-05-29 09:39:00,2018-07-10 23:41:39,2018-07-05 00:00:00
33a7be9f2bec8e80a6d2643e39843601,ae21b1c518e88fe41f76c29d836b869a,delivered,2018-04-18 19:37:53,2018-04-18 19:53:15,2018-04-19 23:56:43,2018-04-20 15:58:34,2018-05-04 00:00:00
00eead1d5a799277ef3d6b387b0bebef,c713fee6f70301b6bf60701902502703,delivered,2018-08-27 18:45:54,2018-08-27 19:04:07,2018-08-28 14:17:00,2018-08-30 21:31:37,2018-09-06 00:00:00
1b28920b3083a7e83efa240c1a6044c8,34c963eb186886d8b6c86c1678b98953,delivered,2018-05-21 14:47:30,2018-05-21 16:15:34,2018-05-24 15:14:00,2018-05-28 17:40:57,2018-06-18 00:00:00
43e377b8eb0c36efdec49438986066b3,277046fb06e3f5185b0f4a816b811286,delivered,2018-03-12 23:16:34,2018-03-14 14:28:54,2018-03-14 23:11:06,2018-03-17 00:07:40,2018-03-22 00:00:00
b4f9debbfa5a394d7f4ab610fd8eae11,da861fc4d39b9c8b932c6967c8000b4e,delivered,2018-03-02 10:08:10,2018-03-03 02:50:48,2018-03-07 02:26:55,2018-03-24 03:32:12,2018-03-20 00:00:00
c4a1796b7d23ecebfc720e4dcd2744a2,5845a9b62ccc752c9fdfd407511f79c8,delivered,2018-02-05 09:58:29,2018-02-05 10:10:22,2018-02-05 23:18:28,2018-02-22 19:51:27,2018-03-08 00:00:00
88008081e510164b2d0acafb67262843,85e8fc76b13b7e52621cc5a28a13ca39,delivered,2018-05-15 15:14:54,2018-05-15 15:35:11,2018-05-16 13:11:00,2018-06-01 22:05:13,2018-06-01 00:00:00
6496123f97cc047a754312e1de27f81f,cb9ab1758a70183fb6920f7e0f9a2805,delivered,2018-02-15 22:09:51,2018-02-16 23:30:30,2018-02-21 14:43:10,2018-03-15 21:16:49,2018-03-09 00:00:00
7182e129d91eb324a925d8f1f8221d88,002834b4d901534f48d9e9a72047b288,delivered,2017-10-08 17:38:00,2017-10-08 18:29:35,2017-10-09 17:07:15,2017-10-13 18:19:49,2017-11-08 00:00:00
959ceecf84ceaad064c8c99f1970fb53,6d810c063cf4f8b61034a89103ae9cba,delivered,2017-11-26 20:13:08,2017-11-28 20:15:42,2017-11-29 18:33:01,2017-12-04 12:18:11,2017-12-22 00:00:00
67fcbb862147c691c399883bfafef134,44cc5d40e9a1cb920bfe0cf26164ceb4,delivered,2018-01-26 09:13:12,2018-01-26 09:42:21,2018-01-26 17:17:06,2018-02-07 20:55:51,2018-02-19 00:00:00
912a3bbff3a8f1111bad251a57063042,c760888b039d175b2989803228fbbe68,delivered,2018-07-18 09:53:11,2018-07-18 10:05:20,2018-07-25 14:20:00,2018-07-28 18:32:59,2018-08-20 00:00:00
5e126b0990d319279bcc8e8e8e5ba03c,5df03f4f656f9660622fec4e725a599a,delivered,2017-12-09 23:11:20,2017-12-09 23:18:34,2017-12-12 16:07:49,2018-01-08 20:39:36,2018-01-12 00:00:00
e588764e20ea16aa323300b4b52de660,493db3eca4ddc49b4c6a71d743aef4b0,delivered,2017-08-07 22:03:59,2017-08-07 22:45:17,2017-08-08 17:33:35,2017-08-25 18:07:52,2017-09-06 00:00:00
b1dacd22636963809c005e934e4f382f,dcc0ef7e6533ad77e9f1e7b9f5e7de5c,delivered,2018-02-04 10:22:33,2018-02-04 10:35:19,2018-02-05 23:06:34,2018-02-27 18:25:36,2018-03-13 00:00:00
6d1b9596309214cfb2c38ae9d0d167dc,0d10db5d9ade6471a4a621bf1da107fd,delivered,2018-02-28 15:14:19,2018-02-28 16:20:35,2018-03-01 23:13:44,2018-03-12 15:41:58,2018-03-22 00:00:00
cccc552d302f1b03c5e33e753811c173,5b3d0a70b5d6b451ee3b44228aa82e1f,delivered,2017-12-08 10:04:03,2017-12-08 10:13:37,2017-12-11 16:58:04,2018-01-04 22:12:56,2018-01-09 00:00:00
aec6c9f96db18be9eaa8730d376a916d,b35b9f5d340006ae908ea31e7439c9e6,delivered,2017-07-15 15:51:19,2017-07-15 16:05:21,2017-07-17 16:23:55,2017-07-24 23:37:32,2017-08-08 00:00:00
29b864f0e9959e828d0be8a00fba46bc,6e7327737d52fc646245974b828201e7,delivered,2017-07-15 18:40:54,2017-07-15 18:55:15,2017-07-17 21:46:46,2017-08-25 15:49:33,2017-08-16 00:00:00
039bf70a4c27073ca9d7a4e509b42dc1,f7a7fe1aa3478530445edb70fa6527b6,delivered,2017-06-23 17:47:51,2017-06-23 18:03:45,2017-06-26 14:58:09,2017-07-01 10:12:59,2017-07-06 00:00:00
aff878fbdcc993da8042d0c8edb781f6,120dfec0086ce8999e870485b9fb0f38,delivered,2017-03-04 08:04:47,2017-03-04 08:15:14,2017-03-07 10:07:04,2017-03-15 09:48:38,2017-03-23 00:00:00
892fe89649cc60aa530437d9f856a7ad,2fc1d7949996e14506848b1086aecf75,delivered,2017-12-11 22:40:54,2017-12-11 23:36:03,2017-12-14 13:48:53,2017-12-16 18:47:05,2017-12-29 00:00:00
ad65db823bb3d24954abfc66ee67b165,b988047badca8720f31e6643508d0500,delivered,2018-07-01 17:41:47,2018-07-05 16:10:37,2018-07-05 11:11:00,2018-07-11 13:12:08,2018-07-23 00:00:00
ce70855bb79f7086da0e4974f7324ac1,4809d3c78424746461ee02f5d3982ecd,delivered,2017-12-10 15:27:40,2017-12-10 15:35:30,2017-12-11 19:57:24,2017-12-28 15:09:11,2018-01-04 00:00:00
f62bd55133b35f243bfa088d581b4e4b,9b36a43eca86ec3b4e78f95ae56e8fb5,delivered,2018-06-21 21:30:51,2018-06-21 21:58:56,2018-06-22 11:21:00,2018-07-03 20:18:53,2018-07-16 00:00:00
55f95b4afd88a480bacd1acd837e5953,7744d6d84e95cfc8f50a4ce747ba21e4,delivered,2018-08-17 09:49:42,2018-08-17 10:09:27,2018-08-17 12:37:00,2018-08-28 23:28:40,2018-09-11 00:00:00
d6cfbbc373ed608382eb737609c4c3d1,3e61daa21e4a621bad3dbae9fa0939a4,delivered,2018-06-19 14:23:52,2018-06-20 11:43:31,2018-06-21 14:08:00,2018-06-28 16:24:35,2018-07-18 00:00:00
f130f074bea141b1b46b3d419a805379,255afbbf95157e48880ea000e88fd7e5,delivered,2017-12-29 18:56:31,2017-12-29 19:06:19,2018-01-02 18:17:29,2018-01-13 01:42:57,2018-02-02 00:00:00
f949b232699d223e7dddbc3ad83b7ef3,206b92df8c881156a32a4d6f759f1bf0,delivered,2018-05-08 16:43:18,2018-05-10 03:55:16,2018-05-10 12:18:00,2018-05-14 22:19:50,2018-05-23 00:00:00
ac3fcd67437432bd0f3a05aade719e7b,3f1ea323922032ac23b7ef91f69a95a3,shipped,2017-05-02 15:23:09,2017-05-03 15:31:52,2017-05-04 11:50:39,,2017-05-25 00:00:00
eac90790570a2c6eae97928fb9a3383e,f48846a6588c8bd78f09e4255b9b5379,delivered,2018-01-20 22:59:25,2018-01-20 23:20:15,2018-01-22 22:51:52,2018-01-24 17:25:41,2018-02-06 00:00:00
2601721455b7ad9852fb9ae9d0583221,dc9b9833e71ab4308611b49276583eb8,delivered,2017-10-25 09:34:17,2017-10-25 09:49:19,2017-10-26 16:03:38,2017-11-02 22:13:36,2017-11-22 00:00:00
588650778ae3d824e5ff92a2bc391b9e,4f38de639d3026c6230908f7fc9a2bd2,delivered,2017-11-29 21:30:30,2017-11-29 21:39:28,2017-11-30 23:51:48,2018-01-11 18:10:48,2017-12-22 00:00:00
0a06a0fe44df214d7b351f21a1bb31aa,6347d009d824a697594134c029ef771d,delivered,2018-06-07 21:12:49,2018-06-07 21:36:25,2018-06-08 09:49:00,2018-06-10 19:08:51,2018-06-25 00:00:00
0e8644614e6e4e3a5a0eced489c045be,fc1d376043cc1aa07a8234e6f6f07796,delivered,2017-08-28 20:52:00,2017-08-30 02:15:55,2017-09-05 15:55:56,2017-09-29 19:35:44,2017-09-28 00:00:00
304420b2003f38e05acd16b80728e66c,f343b18b1ec901ef04874b9ab1a1c366,delivered,2018-06-21 20:53:59,2018-06-21 21:18:21,2018-06-25 09:43:00,2018-06-28 20:58:58,2018-07-19 00:00:00
ce567b5a7b6da61e51d45dfb2e1553c6,5a90689b0145c093e3a5ff5deae67eba,delivered,2017-11-25 19:50:11,2017-11-25 20:11:12,2017-11-28 13:52:42,2017-12-26 20:24:51,2017-12-22 00:00:00
43cdace79982e3365d435048c203cde9,14b7979700eeefcb40f5b2f054fbee53,delivered,2018-03-11 11:40:39,2018-03-11 12:20:32,2018-03-12 21:50:42,2018-04-03 03:08:46,2018-04-02 00:00:00
a853e48c187e12b0d92211b4530df02b,56609d40516241d3e9fabbd86ac80c46,delivered,2017-10-24 11:24:31,2017-10-24 11:35:19,2017-10-25 15:23:09,2017-11-03 19:43:35,2017-11-14 00:00:00
7dca7e268d48febba328f16ddec37584,f5afa12435f1d113ad3e53d1fbbcdaa9,delivered,2017-09-05 19:17:03,2017-09-05 19:25:18,2017-09-08 19:57:54,2017-09-11 17:37:26,2017-09-19 00:00:00
e8b796d802e4323ebd1f364b69141f60,71504c02cd37b29d6d85f9dc90a6bd55,delivered,2018-08-08 17:46:56,2018-08-08 18:05:03,2018-08-09 12:59:00,2018-08-13 16:31:36,2018-08-17 00:00:00
73cfcda5215dcc0c2a5839f4ea320288,a5f535d75ecc62d3f397beb5802b5ce9,delivered,2017-05-09 13:02:10,2017-05-11 04:22:31,2017-05-11 12:02:36,2017-05-25 11:43:16,2017-05-31 00:00:00
957835fcdd687e80443310e35eb113b9,9bec7bf329bb42d2b50f3beb9e028b2e,delivered,2018-06-01 10:21:24,2018-06-02 03:31:42,2018-06-05 08:53:00,2018-06-07 14:31:50,2018-07-04 00:00:00
996b9b38894cc8cdd6b9c460ced57972,4a8f757ac86c84c4e3c8b0f18c90b381,delivered,2017-08-26 13:08:03,2017-08-26 13:24:40,2017-08-28 20:11:25,2017-09-12 13:22:22,2017-09-19 00:00:00
9f6792a082a71398109a94b8039d3c07,bbb2c952b4db558ca2132fd705d6bc5f,delivered,2017-10-20 10:39:57,2017-10-20 10:49:36,2017-10-23 21:55:10,2017-11-10 23:37:02,2017-11-17 00:00:00
baa1cc285dc359539824dcc3d6799044,77bc6647d4153a4c9c2e74549dd1629c,delivered,2018-07-20 20:10:49,2018-07-21 15:50:15,2018-07-24 09:05:00,2018-07-31 21:32:40,2018-08-08 00:00:00
bc382cd676f08eb90614a59793568c19,2877d92a0925bf30fe19e44ef779e533,delivered,2018-06-21 20:09:02,2018-06-23 01:40:28,2018-06-26 12:13:00,2018-07-03 21:38:54,2018-07-20 00:00:00
c100c80e0f97369fe40a0e99db6f638e,2d5beff4da9dad1f6a2abfb30f7f917e,delivered,2017-03-29 13:23:13,2017-03-29 13:30:17,2017-04-05 12:57:07,2017-04-11 12:46:58,2017-05-04 00:00:00
f63a31c3349b87273468ff7e66852056,bf04d8d8923728c5bc0e982837507773,delivered,2017-12-29 16:20:43,2017-12-29 16:38:26,2018-01-02 19:24:58,2018-01-10 20:07:24,2018-02-09 00:00:00
39bbf01b4fdb433927dd3fa6177607da,535ea92ca9d049b0601f1ada42396b67,delivered,2018-05-29 21:42:07,2018-05-29 21:54:01,2018-05-30 14:03:00,2018-06-01 22:08:39,2018-06-21 00:00:00
733a314aba3d2c8dae43f32bacb087d4,18d8c43eed6c7199de077013a90c84a9,delivered,2018-01-22 23:37:29,2018-01-22 23:53:10,2018-01-24 18:22:56,2018-02-14 22:00:07,2018-02-16 00:00:00
1a0ce44b1b78ab7a0abb0bdf7062b2c4,7fe9e9279e99a8cedebba562afb56986,delivered,2018-04-26 20:01:36,2018-04-26 20:15:11,2018-04-30 14:44:00,2018-05-03 22:35:46,2018-05-18 00:00:00
cc7c3c9e0e52b2748d1843228f84c9ad,3b1aeee621c38f6606cc23392ef2fd49,delivered,2017-05-18 17:09:25,2017-05-18 17:25:36,2017-05-24 15:11:20,2017-06-05 14:42:51,2017-06-19 00:00:00
1539046dbe3e4a2ea41e0fc3e7e50cc5,edb19eef9b4f25d30662d8964f0c830b,delivered,2018-08-12 12:12:27,2018-08-12 12:25:15,2018-08-16 13:28:00,2018-08-23 00:58:41,2018-08-24 00:00:00
7073808620bfe344668e896056584155,1bee0a2d60304df3001ac352088358aa,delivered,2017-06-22 22:39:15,2017-06-23 02:25:55,2017-06-23 11:31:59,2017-06-28 11:34:52,2017-07-12 00:00:00
0d3e9a1db3f3e32d92a74cf84605172d,242286573731605587d92d0fd8162a09,delivered,2017-02-22 14:52:58,2017-02-24 02:50:27,2017-02-24 10:51:02,2017-03-07 14:38:11,2017-03-31 00:00:00
132ca56f1aac17fe178eacedb5a81e6e,2f8028dbc5cdde692d56fc83b800ae3e,delivered,2018-03-04 21:47:15,2018-03-06 03:55:29,2018-03-06 19:38:52,2018-03-29 01:12:05,2018-03-28 00:00:00
42b0a4705f0e4429580990e6e0657529,c23481fbfc70d04153ba7bf389b90574,delivered,2017-02-24 22:27:07,2017-02-24 22:35:18,2017-03-02 08:21:36,2017-03-08 05:35:18,2017-03-21 00:00:00
4737b02132337915fba0ef3a393a93d6,863c3f24261f7f0b1a300894d650b299,delivered,2018-01-14 15:10:45,2018-01-14 15:17:29,2018-01-15 17:28:36,2018-01-22 22:26:33,2018-02-05 00:00:00
ff72c6a3d900139a98122f63673dbb11,e5035143901c34019cf352f0ce00a0b1,delivered,2017-02-14 23:38:33,2017-02-14 23:50:14,2017-02-16 10:57:44,2017-03-02 09:51:54,2017-03-17 00:00:00
55534471fcbe2dd1436234e7cfa4de5a,45d4c985e099f810d4371fa4168c1a94,delivered,2017-10-27 23:58:46,2017-10-28 00:31:49,2017-10-31 16:48:01,2017-11-06 19:51:34,2017-12-19 00:00:00
452598fd9959ef5d771aaaac130c48ab,7f3cc28958971d79bf8485cd942e17ef,delivered,2018-01-03 10:00:53,2018-01-03 10:09:32,2018-01-05 17:29:11,2018-01-16 14:19:32,2018-01-31 00:00:00
db324d2ccb4e9f72df1e28287c339c49,18467749cf3ad014c2562def1727fb2c,delivered,2017-10-12 18:42:59,2017-10-12 18:56:15,2017-10-18 16:14:08,2017-10-19 21:44:46,2017-11-01 00:00:00
c6a76def310a4f508d6b11884e8a01f5,e6dee5fa43fbcf8448111437afb29ba4,delivered,2018-02-06 13:38:00,2018-02-07 18:14:48,2018-02-15 19:19:55,2018-02-27 23:56:55,2018-03-05 00:00:00
66794c8e67490721d1650537f7d82026,14ac3f6c786badca32dbb3a6d6234900,delivered,2017-07-11 18:42:48,2017-07-12 06:44:04,2017-07-14 18:34:27,2017-07-19 19:03:16,2017-07-31 00:00:00
d8c2d5ded5aae20ac6a6e9ef34d9c3dd,0d5ad5130aba65dee9bb68e0496c37aa,delivered,2018-07-23 01:03:24,2018-07-23 13:31:26,2018-07-26 12:01:00,2018-07-30 18:29:45,2018-08-09 00:00:00
e2ae500f28aab47adcb9f215fac99b5b,82d90cc533f921fd3b90ff87d197eeed,delivered,2018-06-13 23:05:29,2018-06-13 23:18:59,2018-06-14 10:17:00,2018-06-20 21:28:39,2018-07-11 00:00:00
967154cf59bc2aeeb0a0e11f41a508af,9e5c0e7ea478666e07bb55d81ea881e6,delivered,2017-05-22 20:52:06,2017-05-22 21:02:54,2017-05-23 15:29:51,2017-06-02 14:13:01,2017-06-13 00:00:00
f2b12679297e36967f32d0f6d776a23c,dac424b7c982443e0d3b8b901b806e3e,delivered,2018-05-09 12:03:11,2018-05-11 02:57:51,2018-05-11 14:08:00,2018-05-17 14:51:13,2018-05-28 00:00:00
52a5a288dcbb4561e2c2354115357b5c,b2bee6fc26529d1c24a385b8632a5409,delivered,2018-03-28 23:06:05,2018-03-28 23:26:41,2018-03-29 20:03:57,2018-04-02 19:51:38,2018-04-10 00:00:00
479374e6d18c89bd20eb4c80cc291fc6,510cfcb8cd118cd47b5eef32337a58ef,delivered,2018-06-18 12:48:25,2018-06-18 13:16:36,2018-06-19 06:58:00,2018-06-22 18:38:37,2018-07-16 00:00:00
62e27d060f7d7b3d2fd424b0e1d7adaa,ebc37754efcd5ef1954d9980073a6c00,delivered,2018-04-09 20:14:31,2018-04-09 20:30:14,2018-04-10 21:14:36,2018-04-16 19:55:33,2018-05-02 00:00:00
9d00e5dd1d0a6dc258a09e9c90854357,6088f7a0127c12595d6335b10bb37a2d,delivered,2017-01-09 14:04:26,2017-01-10 03:35:54,2017-01-11 15:47:40,2017-01-16 17:01:50,2017-02-15 00:00:00
50cd705ea531362cb179d7fbf877344c,206fd19fc2dc8738a59823f0afdc75ad,delivered,2017-03-22 10:30:11,2017-03-24 01:32:08,2017-03-24 13:00:12,2017-03-30 11:30:09,2017-04-12 00:00:00
40e7e406d2aadf3fb95b04e41909b29a,dbe13d410af5fe987a870ff4d537ba46,delivered,2018-08-14 19:30:13,2018-08-14 19:45:23,2018-08-17 15:25:00,2018-08-24 17:42:37,2018-09-14 00:00:00
1ceb32dd258e3c9be6212f7dd5688ffc,18d25eff8e2e053d534e174f86443f25,delivered,2018-05-09 18:20:05,2018-05-10 18:18:25,2018-05-15 13:55:00,2018-05-18 20:17:49,2018-05-24 00:00:00
3843764d4f30d3653388f1b55c3a9ac5,6f47bf761ea5cbc060f0ac4b4fce666e,delivered,2018-07-03 11:40:00,2018-07-05 16:09:12,2018-07-03 15:47:00,2018-07-06 12:14:57,2018-07-25 00:00:00
8ffb58ad396250f240a3969dfbbc586c,830c072c1506fb76d4adb3ec52058ea0,delivered,2018-07-15 13:44:55,2018-07-15 13:55:17,2018-07-24 19:07:00,2018-07-25 21:32:37,2018-08-01 00:00:00
6d1e97bacd68745af282bb942bf82a6b,64c593174237d13ee273bca8f9fccf06,delivered,2017-10-20 12:46:17,2017-10-21 12:49:29,2017-10-24 16:07:47,2017-10-31 21:24:31,2017-11-13 00:00:00
5fd42e84b68c024a8dca0dbd781279aa,f3b198bb94854a5c2a916f79dcf980a4,delivered,2017-10-30 20:20:27,2017-10-30 22:32:12,2017-10-31 16:47:52,2017-11-17 01:21:33,2017-12-06 00:00:00
8953a647003d73790117d36c57de87b8,c835f0b83294d1f91bf64be9c7520aab,delivered,2018-08-05 17:12:09,2018-08-05 17:31:16,2018-08-09 11:31:00,2018-08-13 18:36:48,2018-08-13 00:00:00
18378468bb910957d971170b04dcab36,0437042370a13825737a6b3ec892166a,delivered,2018-01-23 22:35:42,2018-01-23 22:53:26,2018-01-25 01:26:44,2018-01-31 20:33:11,2018-02-19 00:00:00
818961050c379d7725bfa37c6f6c40ce,312174cad7559a8fbbb3a196b96ea7fb,delivered,2018-04-04 16:35:52,2018-04-05 16:35:20,2018-04-07 01:22:19,2018-05-14 15:56:40,2018-05-11 00:00:00
2d9ef7f1b2ca0880fe896fa2a4b7c5bd,28184f0fae57155bb83933e2c3bb205e,delivered,2017-08-25 22:59:09,2017-08-25 23:10:13,2017-08-29 20:27:41,2017-09-11 20:21:59,2017-09-19 00:00:00
734241db1abdbddb6dbb6fcf6671ed08,790b7e044becdf5408d21b59cdc85b10,delivered,2018-05-04 09:09:50,2018-05-05 03:33:41,2018-05-11 13:49:00,2018-06-05 19:38:31,2018-06-07 00:00:00
941d226d049bdb705438d2df05047b54,054768a77848b10d24141691cddd0ed1,delivered,2017-09-21 22:27:12,2017-09-23 02:26:18,2017-09-25 19:54:52,2017-10-05 14:52:47,2017-10-25 00:00:00
2f2c7830ba7d481daf04619aafd7878f,e3a6127d908abfd1fcbc97618672f72a,delivered,2018-05-19 10:08:59,2018-05-19 10:30:47,2018-05-21 15:22:00,2018-05-22 19:38:50,2018-06-04 00:00:00
a7736098008bf1d6c7f3e9e72ca06081,af7ed4a121e97a66394c6703635bb478,delivered,2017-05-23 19:24:53,2017-05-23 19:35:11,2017-05-25 08:26:40,2017-06-29 07:27:38,2017-06-05 00:00:00
168d45af7dd36e96d0a16120eafce384,4bd50b16b68527f8f97edd3950ca2a75,delivered,2017-09-15 23:28:26,2017-09-15 23:43:57,2017-09-19 16:24:09,2017-09-27 20:04:06,2017-10-11 00:00:00
a0f5fea75f554a37cc21f2db68319ce0,c021182f0eb57d18ef4283cff6d0c724,delivered,2017-04-20 19:21:32,2017-04-22 15:21:15,2017-04-24 13:20:27,2017-05-02 15:51:25,2017-05-16 00:00:00
26fb6c984069988017b2d12b79849865,6ad1ab20e1583a1e1d20961b363df092,delivered,2017-01-24 11:41:58,2017-01-24 11:50:19,2017-02-06 09:18:57,2017-02-08 17:22:04,2017-03-01 00:00:00
3a80aeee2f23cb1e2052c30a451779ee,9cf7e4c300a885fa7f2274dd65a914b8,delivered,2017-05-02 12:48:11,2017-05-02 13:10:43,2017-05-02 15:07:42,2017-05-12 13:04:40,2017-05-25 00:00:00
5e0d84280f3a96b37d0228b21ffeb4f6,e9a31b63dccb0bf5d0f7eb63679dbc36,delivered,2018-08-21 13:04:02,2018-08-21 13:31:03,2018-08-21 14:41:00,2018-08-23 01:24:25,2018-08-24 00:00:00
b2dc8106ee4d388e5f4adb1db500ab77,bb416a6beaeed76fa660ac46a7c09d15,delivered,2018-01-16 23:44:05,2018-01-17 09:31:20,2018-01-17 19:29:14,2018-02-16 01:07:03,2018-02-15 00:00:00
c8ebc5287c1e130db3ef5c6d50dc24eb,6eac3e5927971218ddf536df5dcff1de,delivered,2017-11-24 11:16:25,2017-11-24 13:15:33,2017-11-28 23:59:05,2017-12-21 22:28:43,2017-12-21 00:00:00
71f7457d0d3ff13a7f9f76b1612d4237,081f93ad5ce5604b882889f5bb44359f,delivered,2017-09-03 19:20:43,2017-09-03 19:30:14,2017-09-05 12:22:01,2017-09-06 22:07:36,2017-09-19 00:00:00
35d971e053ae2a9d79f26918b35c65a3,0e27562cb35ddcd081de10400d14b38b,delivered,2017-12-06 12:24:12,2017-12-06 12:33:26,2017-12-06 20:29:49,2017-12-13 20:14:41,2018-01-08 00:00:00
67181f4e71a741e7693f8546045a40f9,c750ac5874b242f3af515c5fdb389834,delivered,2018-05-19 09:21:47,2018-05-19 09:39:50,2018-05-21 14:41:00,2018-06-07 14:28:36,2018-06-18 00:00:00
83329d0539a9b3f087f05db119bee0d6,c8881515a45dd6f97054f6501441e421,delivered,2018-08-14 17:49:36,2018-08-14 18:35:18,2018-08-15 13:55:00,2018-09-11 00:37:34,2018-08-24 00:00:00
aaf3296abd366f76ed7d26fe0ea4cdaf,6ea6833bafd5a01be6aad92305a57e9e,delivered,2018-02-12 03:28:04,2018-02-12 04:20:20,2018-02-14 22:42:26,2018-02-27 18:22:38,2018-03-07 00:00:00
fab28f3d1cfbe171566884703d82682e,87bd31960d1a15744a96ea9fc9a95b8c,delivered,2018-04-21 09:18:13,2018-04-24 18:25:30,2018-04-23 23:35:37,2018-04-24 15:28:41,2018-05-04 00:00:00
7b70ed12304671aecd4d8fef24017f5b,b020bda0edc442d4eb31de615f27db01,delivered,2018-06-05 10:21:06,2018-06-05 14:31:30,2018-06-08 15:05:00,2018-06-21 21:38:23,2018-07-23 00:00:00
66ea949bccf5b81da9cf52b48be222ce,14640d8ed2e2913c23c7fe7b959c505d,delivered,2018-06-01 16:35:17,2018-06-05 04:31:01,2018-06-06 12:42:00,2018-06-12 22:25:52,2018-07-23 00:00:00
9ad0a499e1f35f8609a2dd4ad6c203ca,ba918f303c01fdb6620798b7d144d9ba,delivered,2018-04-11 11:25:31,2018-04-11 11:50:14,2018-04-11 21:12:58,2018-04-17 19:18:30,2018-04-27 00:00:00
b04860f9f7889ebd859a225e5fbaf743,5c2ad7712ef84e3eeb0fdc51818edb62,delivered,2018-06-20 09:34:37,2018-06-21 04:36:17,2018-06-22 10:53:00,2018-06-26 01:22:11,2018-07-04 00:00:00
102253fe87d606ab9c413be7b9caba5f,396f15716ae94de342e646bbe8fb8182,delivered,2017-08-31 16:06:10,2017-09-02 02:55:18,2017-09-04 18:06:57,2017-09-11 22:48:50,2017-09-21 00:00:00
90b7db4287fa01d28675c2af8e535b69,201fcad158325596d2f4d83cbeebbdb6,delivered,2017-02-20 10:52:15,2017-02-21 04:50:24,2017-02-22 09:41:40,2017-03-10 09:58:05,2017-03-29 00:00:00
3b090f7fe6e2cf01b468a154dc9c546a,f216b1b065c06506b3e95e6681d4522a,unavailable,2017-12-06 11:06:41,2017-12-06 12:12:37,,,2018-01-03 00:00:00
ccbbefa45f3de84ef18124da1beedf7d,cb013c379aa9b1ad752096be81a9f605,delivered,2018-07-10 20:01:59,2018-07-10 20:15:23,2018-07-12 11:04:00,2018-07-16 12:28:26,2018-07-26 00:00:00
0a02d8b1995030c91c63add1acba1fb2,6091f333209123c861ccfb14f0816132,delivered,2017-05-27 13:48:50,2017-05-28 13:55:15,2017-05-29 15:43:21,2017-05-30 09:34:03,2017-06-09 00:00:00
dbd51aaa65a18413d5c1a97a0bc41bf4,795212349b7312d0372f15dbae9c6973,delivered,2018-07-23 23:22:30,2018-07-24 10:31:05,2018-07-25 11:02:00,2018-07-30 17:30:59,2018-08-16 00:00:00
15ad076013b4586c67a8eaa4c0fa4370,daa9d752a63760207323b45787f44a42,delivered,2018-05-02 23:23:48,2018-05-04 03:31:33,2018-05-04 14:25:00,2018-05-14 21:40:55,2018-05-29 00:00:00
f5685731d11d379083cd2f148a40f1c4,f836a29e1a927aab7f5edfc9612bace0,delivered,2018-03-23 22:57:17,2018-03-23 23:08:25,2018-03-27 01:46:49,2018-04-02 22:08:47,2018-04-11 00:00:00
4809cd2c1bf682210c70023118f90090,ee3f0efcd36902c8e344d4f6775935b0,delivered,2018-07-31 14:42:31,2018-08-02 05:30:50,2018-08-03 10:05:00,2018-08-15 00:04:58,2018-08-21 00:00:00
2831c6a69eccc212a3c595b7f93ef1c3,8c3ce566744a14223843388d68d174b5,delivered,2018-01-21 09:37:59,2018-01-23 03:38:54,2018-01-23 18:22:47,2018-01-30 21:05:55,2018-02-19 00:00:00
a1719b472676076ed0773bfbad39a13a,6d132702f1b71f8c2c8393c6feeddb53,delivered,2018-02-15 17:43:12,2018-02-16 12:35:28,2018-02-21 14:47:13,2018-02-27 00:22:32,2018-03-09 00:00:00
fee8776149b7a035c6cd262ac33d4bd6,b9be4e17cb15a55a8831710d16b78c7c,delivered,2017-05-20 14:00:07,2017-05-20 14:10:21,2017-05-24 14:11:47,2017-05-30 08:24:03,2017-06-13 00:00:00
689bb5b4071b09f5e0c4e3633886d3df,a64142e66e1ec74aedc81b5d63874e92,delivered,2018-01-09 13:53:18,2018-01-11 02:48:23,2018-01-15 22:51:50,2018-01-24 13:18:12,2018-02-06 00:00:00
114c4a21b3e731dc655812de85018fd3,b687ecffe1517b78c300fac5785fa37e,delivered,2018-01-16 12:13:23,2018-01-16 12:52:43,2018-01-16 21:28:58,2018-01-23 19:37:12,2018-02-14 00:00:00
5d8dce0f4c7092c6e30ad47479654a0c,bd999da6d06c37baf8f1b4f48beb96bf,delivered,2018-04-11 10:47:42,2018-04-11 11:10:44,2018-04-17 20:04:03,2018-04-18 19:58:44,2018-04-26 00:00:00
94e8d839953377c0025c4596afec9cc8,d679823b75b44acc3a4a542b90f29887,delivered,2017-06-10 17:19:22,2017-06-10 17:35:06,2017-06-16 15:50:47,2017-06-30 13:57:51,2017-07-07 00:00:00
9e8835f613d3d61b5c4aeae2550b893a,1b5db70f5a471093cb88e558bdee77ae,delivered,2017-10-18 16:42:42,2017-10-18 16:56:45,2017-10-24 19:22:45,2017-10-31 21:47:42,2017-11-08 00:00:00
fa642a520fa06e31dd5b64808e1fa92d,179a14666a837084056cded7b355be39,delivered,2017-11-15 11:20:30,2017-11-15 11:30:34,2017-11-16 16:36:59,2017-12-11 23:28:52,2017-12-11 00:00:00
051c701261744807b2535ab976842f7e,fc081ae245389c9660e0fdc15c33a804,delivered,2018-07-08 14:18:22,2018-07-08 14:30:11,2018-07-10 16:28:00,2018-07-11 21:51:32,2018-07-19 00:00:00
36cdcd48e9697951eef9c32ef39dc9f3,e277b8e4745cacd511e18bd6d7686227,delivered,2017-11-24 14:35:10,2017-11-24 16:35:13,2017-11-29 20:35:48,2017-12-19 20:44:52,2017-12-15 00:00:00
3489314598632acec4c8a6aee1c781ce,7634df701617e30e218536ba7730c480,delivered,2018-01-17 16:47:05,2018-01-17 16:55:02,2018-01-18 23:18:45,2018-01-26 14:35:11,2018-02-14 00:00:00
341eef9a571acc5c7dc233b44c9fda31,2c9e2ef97744828d58f63b1758e118d3,delivered,2018-03-20 16:02:58,2018-03-20 16:15:28,2018-03-21 20:22:21,2018-04-04 01:08:29,2018-04-20 00:00:00
8f90b6b9a8cf2cbf9f41796aed73f8c0,afec108e02de0985e52fddcbbd1cc404,delivered,2017-05-30 17:36:54,2017-06-01 04:10:13,2017-06-02 05:44:51,2017-06-13 13:20:16,2017-06-28 00:00:00
ad86b0d3d5cafc39d8b70a248b46cfa6,e4187e722cbd5b6db4b0c68b68b8c573,delivered,2018-04-12 03:50:51,2018-04-13 12:35:19,2018-04-16 20:25:42,2018-04-30 17:24:42,2018-05-09 00:00:00
363fe8f62de97e4334f5c88e3d9e73a8,96215fbe32b8d5475f7ba7c4e9593dce,delivered,2018-03-23 13:58:15,2018-03-23 14:15:34,2018-03-27 00:48:43,2018-03-29 21:26:39,2018-04-20 00:00:00
3aa9a689b3c0ef2d13623d763c96ddbb,02405cd33ab625b311b3aabe5402dcf1,delivered,2018-02-08 10:31:55,2018-02-08 10:50:14,2018-02-08 20:54:51,2018-02-19 19:22:14,2018-03-07 00:00:00
b144a6fef45d3b18724be5d033e8d500,1457db4694dabd9ee0aaa7a8def2b152,delivered,2017-05-21 15:09:43,2017-05-21 15:25:12,2017-05-23 15:33:25,2017-05-29 07:38:51,2017-06-16 00:00:00
35ae091cd580f7c6dbb7f8c1552740fd,9f5248d1ba1badb231a1da9217f77f78,delivered,2018-08-15 14:04:47,2018-08-15 14:44:03,2018-08-15 13:46:00,2018-08-20 18:28:24,2018-08-24 00:00:00
ca1e57dd2789cc1abefc1e5b9a76e26f,091ff9c4a63d65946d250b782fd7c5d9,shipped,2018-03-21 13:44:57,2018-03-21 14:11:50,2018-03-23 20:42:16,,2018-05-02 00:00:00
35a972d7f8436f405b56e36add1a7140,898b7fee99c4e42170ab69ba59be0a8b,delivered,2018-08-29 15:00:37,2018-08-29 15:10:26,2018-08-29 16:57:00,2018-08-30 16:23:36,2018-09-05 00:00:00
189c15784564492070ee3f1c8dbef1cc,b09dc8b0b3756201b63501ed4ab54ee2,delivered,2018-03-25 16:13:44,2018-03-25 16:27:55,2018-03-27 19:48:36,2018-04-02 12:46:56,2018-04-23 00:00:00
cd44314b084629fc21d3a0dca3147f7d,11653da9bd935f545a6bb58b7dc41d99,delivered,2018-04-23 10:29:54,2018-04-24 18:19:43,2018-04-25 15:33:00,2018-05-07 23:02:48,2018-06-01 00:00:00
c1414100e5e04a4b7a2ddb9b080ec71b,9559bea347a4a803e8c59cf932af109e,delivered,2018-04-02 16:06:57,2018-04-03 05:49:01,2018-04-04 19:02:27,2018-04-26 15:37:36,2018-04-19 00:00:00
d512bd494537d839564f29a45558e105,e718b9b7ba3000044cac320e06d5bffb,delivered,2017-11-28 14:44:22,2017-11-28 15:06:53,2017-12-04 13:57:44,2017-12-08 22:19:32,2017-12-18 00:00:00
78c96fa659d86790819c423216522535,105507c4c509dd35a7c26e05c7039089,delivered,2017-06-16 21:25:14,2017-06-16 21:35:12,2017-06-21 16:02:57,2017-06-30 15:26:42,2017-07-18 00:00:00
6a3e9cd3ebd3eaf6a53cb71cb50941c4,d5b5f8b2c900c6a6eed9d277f88d7ac5,delivered,2017-11-30 20:04:59,2017-12-01 09:31:01,2017-12-01 19:37:05,2017-12-12 19:37:47,2017-12-29 00:00:00
c56db498f3d3ce91df4715ff0420c0e3,7fc312a35a396ec1fc4b700b940049e7,delivered,2017-09-26 13:22:30,2017-09-27 02:56:45,2017-09-28 17:55:43,2017-10-04 17:16:12,2017-10-20 00:00:00
666e09695a076343da1fb9643f68adc7,f457ae29820089a077b166bcf2182d9d,delivered,2018-08-01 22:38:34,2018-08-01 22:50:19,2018-08-02 13:38:00,2018-08-07 17:12:08,2018-08-16 00:00:00
35326cf9d55498696560de9c17be2511,7472d021279cecc1849f2814b31534a6,delivered,2018-08-09 04:25:07,2018-08-11 02:50:22,2018-08-15 05:41:00,2018-08-16 17:26:44,2018-08-17 00:00:00
c6f6b7098338abbafdecc3ee3ff4bb66,0dc4a355b233bf1293b73157c381c3d7,delivered,2018-08-04 13:42:55,2018-08-04 13:50:16,2018-08-06 12:01:00,2018-08-09 16:28:49,2018-08-22 00:00:00
6616b080a04b814ab8245f7d0d386025,57ee2d5f51a310a71492b33966297b9a,delivered,2017-04-17 00:35:09,2017-04-17 00:45:55,2017-04-17 11:50:29,2017-05-06 07:58:35,2017-05-17 00:00:00
44bdc4b28df8782f4190e4abfcc8cc5e,904d174cf7b82c28c74734dafe925489,delivered,2017-05-08 11:39:43,2017-05-08 11:50:09,2017-05-12 19:36:08,2017-05-18 06:59:35,2017-06-12 00:00:00
4dd4f82ffb6e497890e03dce4464ee95,7b211e4d56ff38f1b0bdeee347c825a8,delivered,2017-12-09 12:02:37,2017-12-09 13:12:01,2017-12-11 19:53:32,2017-12-15 12:18:42,2017-12-28 00:00:00
73a15e8fc5de8485d1f16639bc66a273,7c176c08ef456df175f90494caa9074c,delivered,2018-08-14 18:03:56,2018-08-14 18:30:22,2018-08-20 16:13:00,2018-08-30 19:54:23,2018-09-21 00:00:00
fd983d35a20d34f2b4bb9a157636ad51,ef21b7396cece7d3d4b2a7fa48e4582f,delivered,2017-12-01 21:46:36,2017-12-01 21:57:23,2017-12-08 11:57:41,2017-12-22 00:58:58,2018-01-10 00:00:00
57de08bdf9af8887e90203f0a8e22cef,5664c99c72a7e730f84d58a4124e1fe4,delivered,2018-03-31 12:04:24,2018-03-31 12:15:05,2018-04-05 21:58:41,2018-05-06 15:38:51,2018-04-24 00:00:00
85194cc4465ab41c762612c2d288ce8e,519c2ade7c1ac88ddb2a0e01477dd70c,delivered,2018-02-06 18:45:44,2018-02-06 18:55:36,2018-02-07 22:49:43,2018-02-22 14:13:02,2018-03-13 00:00:00
be5435c57df6900352df2542b39a99de,a130282ae152ff07a4c853008884ed9c,delivered,2017-12-08 18:25:45,2017-12-08 18:35:24,2017-12-12 22:19:19,2017-12-19 13:04:12,2018-01-08 00:00:00
4d8bce6f55c5f41f046cad9b87cb8fe1,12de00e563e11d97d25becba03d0db2f,delivered,2018-05-05 16:21:56,2018-05-05 18:15:18,2018-05-07 16:34:00,2018-05-08 21:08:38,2018-05-24 00:00:00
81928f41f8a362d614d4e4073d24de07,1b985d3713dd6d3170040e3d0aaf8cc9,delivered,2018-05-08 20:06:01,2018-05-08 20:54:55,2018-05-14 13:01:00,2018-05-21 14:26:36,2018-05-28 00:00:00
5020a3db49225f967490d76021c7d13a,5a8b3e70cb6bfdbc353bcb5ae2b4d4eb,delivered,2018-01-28 23:36:01,2018-01-28 23:58:29,2018-01-31 22:45:00,2018-02-08 16:26:10,2018-02-20 00:00:00
7e429b54c3c0a8b4206c8d42b6a55bf8,687b0e4d0c667dc8d20a300c8b0635d1,delivered,2017-07-12 15:09:25,2017-07-13 03:03:56,2017-07-14 17:45:44,2017-07-26 12:46:47,2017-08-03 00:00:00
257b54c7aa667fa7865055803a58a737,7330d34b5bda6028598cc40d357a8874,delivered,2018-01-23 14:11:49,2018-01-23 14:32:35,2018-01-26 16:33:12,2018-02-03 14:51:28,2018-02-23 00:00:00
de86d263fd8adbf70b390a50f59266e4,9ef7bea580502adf844b3870ab381495,delivered,2017-11-27 13:49:21,2017-11-27 13:57:30,2017-11-29 17:55:15,2017-12-13 10:28:39,2017-12-18 00:00:00
3caf494d4c5d2bd8d542138e316ad680,b4431c0d23dfe71e608a3e723ad5c1a0,delivered,2018-05-07 22:23:50,2018-05-07 22:35:19,2018-05-08 11:31:00,2018-05-11 00:19:22,2018-05-25 00:00:00
917c51358bf547a3796e4891113062cb,869b351c228dfe4cd16d6b7695339578,delivered,2018-06-18 10:43:08,2018-06-20 02:54:57,2018-06-26 15:16:00,2018-07-03 22:32:23,2018-07-18 00:00:00
dc72bbc96294739757a895a8e6ec0d5f,3b2f361140b11494153fd5f7cb0c7cdd,delivered,2018-05-14 20:43:23,2018-05-16 03:55:02,2018-05-21 14:15:00,2018-06-05 14:06:52,2018-06-07 00:00:00
7b70e6de1d128a5d14fa078e615d837f,d7f0e97224e87c4a571980b74994a951,delivered,2018-02-17 15:05:45,2018-02-20 07:07:31,2018-02-21 12:37:00,2018-02-28 14:00:02,2018-03-15 00:00:00
504de5f90c4a0b094b0bc81db7999cdb,e047f484b8447314b1a1e55bdefa4ff9,delivered,2018-01-03 16:37:06,2018-01-03 16:47:23,2018-01-08 16:33:03,2018-01-15 23:18:48,2018-01-30 00:00:00
ab2e18197d676ace96bcaab0aeb2a820,5ce188ad5db48e889d087639680c7ef4,delivered,2017-07-14 08:20:50,2017-07-14 08:30:12,2017-07-15 01:11:21,2017-07-27 18:39:26,2017-08-18 00:00:00
880818864a5b124a7e8784b03caa1d84,01571872abf22fe5f1be95d63d768575,delivered,2017-09-16 18:16:20,2017-09-16 18:30:10,2017-09-18 21:10:35,2017-09-21 18:04:23,2017-10-05 00:00:00
04b9b5e585a9c4f0a8e54706eb6dca47,2bc1edf09bf68e261314a5142481290c,delivered,2018-05-06 23:03:53,2018-05-08 19:52:57,2018-05-09 13:58:00,2018-05-11 20:32:51,2018-05-23 00:00:00
f46e4c3b10d88caacf23b8ee4d674d7e,5e770b11141590d895e35d909ff36c0c,delivered,2018-08-02 16:31:11,2018-08-02 17:04:04,2018-08-03 14:12:00,2018-08-09 20:38:41,2018-08-21 00:00:00
e18f65e5aba8eaf869f312647644d9ae,bb16eb9b2572c004cc5eabd905ff5c74,delivered,2018-03-26 13:08:03,2018-03-26 13:27:29,2018-03-29 16:38:53,2018-04-02 16:19:14,2018-04-12 00:00:00
1daadb218e1c16168ce3c3888ade376c,e82808bc00d7a537dd141d2979b9398f,delivered,2017-03-14 18:21:21,2017-03-14 18:21:21,2017-03-15 07:20:17,2017-03-23 17:18:15,2017-04-12 00:00:00
28037715728a348c84215e5db015de7e,4d6c393e8d157f91ced96c5a89beeb77,delivered,2017-09-29 15:43:51,2017-09-29 15:56:17,2017-10-03 21:10:30,2017-10-09 17:03:31,2017-10-23 00:00:00
5965b589a33443dd1f820eb7df39762a,e7e6da2ddce69ab0bf01d7ed4dbd0856,delivered,2017-01-05 13:36:41,2017-01-07 03:44:29,2017-01-11 16:08:52,2017-01-16 15:53:34,2017-02-01 00:00:00
9774344f0f459e094eca1d2cec55d41c,20f0b1f991f8670e4421b202c2f8f454,delivered,2017-03-26 14:50:21,2017-03-28 03:51:12,2017-04-11 15:19:52,2017-04-19 14:43:47,2017-05-03 00:00:00
7e057dac0629fd5a4b43f092df2adb86,4fa00e989992cc755f0e1fe2a1b89ee7,delivered,2017-09-18 14:21:03,2017-09-18 14:35:21,2017-09-18 20:56:01,2017-09-25 20:42:33,2017-10-05 00:00:00
b8585b755e4a6d296c78133909d74022,c6120aa7dc24c885d3aa523a74de5fa3,delivered,2017-08-28 08:26:30,2017-08-28 08:44:22,2017-09-01 12:26:41,2017-09-06 18:29:58,2017-09-18 00:00:00
655a5b69bafd871b61130f67836142ae,21906853307eab2fb1743556a919e9bd,delivered,2018-07-24 08:08:39,2018-07-24 11:23:31,2018-07-25 14:01:00,2018-07-30 16:16:49,2018-08-14 00:00:00
b0228af1eafc5eff8a23e1d9257f33fe,b31ff72863820596a3e7bdc9ebac3e54,delivered,2018-01-29 22:03:10,2018-01-29 22:13:30,2018-01-30 22:26:46,2018-02-21 15:55:53,2018-03-05 00:00:00
0b528dd823a72d145a342b30a202dfa2,1e693b1529d492f7e34a9ed0a166119a,delivered,2018-04-16 16:31:50,2018-04-16 16:53:38,2018-04-17 19:29:30,2018-04-24 17:49:03,2018-05-09 00:00:00
572c4bbf0f5f85a9b4a2c4fe0c7f04d5,93ccdc49f22d1b0e3664b2bc328cf23d,canceled,2018-08-30 15:11:58,,,,2018-09-14 00:00:00
8705f63a4f33f2570126a9f57336b1e4,adb8a86c72b4a2451e52a6c197a24c08,delivered,2017-11-29 15:41:09,2017-11-29 16:31:02,2017-12-05 11:29:04,2017-12-21 19:15:24,2017-12-21 00:00:00
64b1521e5b9b804d124fe8a6edce33a7,4c9e1ab2cfb96d734f06e5bc04219139,delivered,2017-11-27 23:03:26,2017-11-27 23:11:24,2017-11-28 19:36:40,2017-12-05 01:42:19,2017-12-15 00:00:00
08f47d708b29e500be7ee1576343f2f9,ae8dce2bd3be3a25622d54adbaf92a27,delivered,2017-10-17 10:30:04,2017-10-18 03:14:39,2017-10-23 17:22:17,2017-10-26 18:41:54,2017-10-27 00:00:00
bd587bc48c1f658360c660c0004b94aa,4e416e608a9a7817616f9813237e5e23,delivered,2018-01-19 10:41:52,2018-01-20 09:07:49,2018-01-26 16:26:02,2018-02-01 00:22:22,2018-02-22 00:00:00
6f518b2ff981751788c8e7dfe7dfbf90,b893fdf0dff65ca2fb524cfbfa9039d2,delivered,2017-09-16 20:50:42,2017-09-16 21:05:39,2017-09-19 13:39:00,2017-09-29 20:11:51,2017-10-19 00:00:00
9b8254228cafa6a7e497fc21d7268c05,321677fd4e060edfe35b0d16dbd36887,delivered,2017-04-30 22:41:45,2017-05-03 11:15:39,2017-05-03 14:33:59,2017-05-11 16:04:28,2017-06-02 00:00:00
c327bf79ca9f0099dd58157ec2b71839,6e2243e81dfbcf77269277d8b90834ed,delivered,2018-06-13 20:56:31,2018-06-13 21:20:37,2018-06-14 13:50:00,2018-06-15 17:11:02,2018-06-25 00:00:00
0afa4eb653f04cb1809253eb3b1f9768,78986fff122c92ab8aaa1724ba0c2782,delivered,2018-02-07 18:50:06,2018-02-07 19:10:12,2018-02-08 20:46:50,2018-02-22 21:23:15,2018-03-14 00:00:00
d9fa4ce136debee4083c12f5073aeb79,a581a65a64706359a642917e16faf4e0,delivered,2018-07-10 07:55:10,2018-07-11 03:35:23,2018-07-11 13:11:00,2018-07-13 22:32:22,2018-07-30 00:00:00
0438652a8cef245640be57b30610a4fb,31be8c287cde2933aefd80ec4b107011,delivered,2018-04-03 12:06:28,2018-04-05 02:28:25,2018-04-05 23:48:42,2018-04-16 22:03:06,2018-04-20 00:00:00
5754e773f5f53dbb1fd793be8d1250eb,863b6f610daba16f259325f21c9d8797,delivered,2017-11-04 14:34:23,2017-11-04 15:35:32,2017-11-06 19:32:17,2017-11-14 21:43:03,2017-12-01 00:00:00
89cbe85970695c78a58dd5f1d0e0fd35,6afa201524991b8651d2f8bf560e9697,delivered,2017-12-09 15:25:17,2017-12-09 15:32:31,2017-12-13 13:44:40,2018-01-26 17:24:15,2018-01-10 00:00:00
24bff6c6e26ab1c7ba6bafb8f08773b1,62f7e224a1edaff2bca054bf5f6d0ddb,delivered,2017-12-20 17:40:00,2017-12-20 17:52:26,2017-12-21 22:51:37,2017-12-28 19:13:43,2018-01-15 00:00:00
7e50c38a07a419235566099ec4437340,e3aa506516263812f35b7a8636afc9b5,delivered,2018-02-06 16:29:27,2018-02-07 10:35:35,2018-02-08 00:11:41,2018-02-21 15:42:29,2018-03-06 00:00:00
309378cec0942c01685b652408b9aed8,c41b61f4fa5e1b61423373c084975a1c,delivered,2017-05-24 17:26:18,2017-05-24 17:35:15,2017-05-25 12:55:55,2017-05-26 10:37:10,2017-06-07 00:00:00
f18b92389bed71bfae76291cfd566bf8,0aaa9def0aba9123ce44d2d7ea4f44a7,delivered,2018-04-27 15:55:27,2018-04-27 16:11:13,2018-04-30 12:38:00,2018-05-11 17:28:43,2018-05-17 00:00:00
bab4c3b7d9e904b2e991490cd65ccae7,32352977d8f006ca69685799ba6d9275,delivered,2018-02-08 21:57:26,2018-02-08 22:08:55,2018-02-09 22:09:00,2018-02-20 13:43:15,2018-03-12 00:00:00
d7f48a8882bf0e1c1282d5204e96e24f,2440e73a8c1590de0389cf3eb7d24db0,delivered,2017-09-20 16:30:43,2017-09-20 16:44:18,2017-09-21 17:18:35,2017-10-10 18:27:55,2017-10-26 00:00:00
e0324d1696ac7872c9dcc6ea30afad20,ccdcf5a3241fa4143b5e8e92199a5c4a,delivered,2018-06-18 11:26:16,2018-06-18 12:19:00,2018-06-19 13:10:00,2018-06-20 20:38:23,2018-06-28 00:00:00
b899ac30c0df28d003611ad4999aa487,8611ae68bf0c696719534f605dfb9547,delivered,2018-08-02 12:06:05,2018-08-02 13:04:12,2018-08-06 15:00:00,2018-08-10 15:21:40,2018-08-14 00:00:00
677f9173f4c3d73675716a1200c8486d,37d9801675e66e0915c45e9c7c583ecd,delivered,2017-10-06 16:35:52,2017-10-06 16:56:22,2017-10-09 17:03:02,2017-10-11 18:27:54,2017-10-27 00:00:00
2f4912b4871e8127d9932edd5a1ae62e,7f386e66390fd2b7cd15ebe5c7c52cf7,delivered,2018-07-15 23:31:54,2018-07-15 23:45:14,2018-07-16 14:24:00,2018-07-24 14:08:41,2018-08-03 00:00:00
e7a399d4c4bdaa4f83d736becb1ceebb,9ea898ab4b97ee77a6694ebcdcb1e3c3,delivered,2017-08-18 07:39:07,2017-08-19 07:45:09,2017-08-22 20:44:43,2017-08-28 19:26:02,2017-09-15 00:00:00
de59016b99422f0bbd7e51a301bf2578,bee4e134573a69da08ec778c2ee62eeb,delivered,2017-01-20 01:59:05,2017-01-20 02:22:15,2017-01-20 11:36:02,2017-01-25 16:37:49,2017-02-28 00:00:00
e6a9a4963c309a68db1f1a515e700764,32fdc4fcee9bccaf828edad48942dd0c,delivered,2017-02-01 21:45:04,2017-02-03 03:45:20,2017-02-03 10:39:24,2017-02-07 10:58:58,2017-02-27 00:00:00
cf4ea4240b59ec0f7500690949509fc1,408003c6f7d23116e531c4cdbf633140,shipped,2018-04-29 13:50:30,2018-04-29 14:13:44,2018-05-03 14:26:00,,2018-05-15 00:00:00
5e5d67ba461a7218183df5ac644c4a8e,06d1ee5468d9a2c7acbbc36630dc6c87,delivered,2018-05-16 17:28:18,2018-05-16 17:57:40,2018-05-17 12:44:00,2018-06-06 17:44:32,2018-06-07 00:00:00
b2c1d65b858a8658622354076fafbd0c,2cb79aea06667972ae3cacb4fef8cb08,delivered,2018-08-09 12:50:30,2018-08-09 14:30:16,2018-08-09 13:57:00,2018-08-20 20:03:02,2018-09-03 00:00:00
171b95be9dfea0748f5bb8f017882f8f,3273995840902d252440178106c55f24,delivered,2018-08-14 08:42:14,2018-08-16 03:15:29,2018-08-16 10:55:00,2018-08-17 17:44:34,2018-08-17 00:00:00
074fe9591f975471a7aad1d0d6ff6db0,105de8232447ebeb61ad4448d5549236,delivered,2017-08-31 00:46:38,2017-08-31 01:06:21,2017-08-31 16:23:27,2017-09-14 20:26:03,2017-09-22 00:00:00
9201f7a169a49789138b5f56b5190362,f07241bfd895f4dfc8728bf7753dd0eb,delivered,2018-01-20 18:36:15,2018-01-20 19:09:32,2018-01-22 22:16:23,2018-01-23 19:32:54,2018-02-19 00:00:00
7c1e7c128210689fc46f3412f765b678,7494ae1e55023e9aec5848c8021096ad,delivered,2018-04-12 12:03:01,2018-04-13 02:11:02,2018-04-13 18:38:43,2018-04-18 16:12:21,2018-05-08 00:00:00
3485750732f5130f210ecbed8073213a,258e996a14e61bfb2f47235c39bb415a,delivered,2018-04-12 13:16:28,2018-04-12 13:30:54,2018-04-13 19:03:54,2018-04-23 13:32:30,2018-05-08 00:00:00
201f31fb8c21cbe559ac45d1de5f4392,c4c271a679216c43812602c08b2104cd,delivered,2017-02-27 15:39:41,2017-02-27 15:50:17,2017-03-01 11:06:01,2017-03-14 15:47:50,2017-04-06 00:00:00
a57b5f06fb5152039fbc5c54a595efd0,2f3d40d45e3136aebef9e2ed3c3fb950,delivered,2018-06-02 10:22:24,2018-06-02 10:31:04,2018-06-04 13:36:00,2018-06-07 18:07:47,2018-07-11 00:00:00
4a4c61548dc56e17085376dffdec5d8b,232be61e81da1afafa33c3888fead05e,delivered,2017-12-24 16:32:14,2017-12-27 04:09:48,2017-12-27 23:26:59,2018-01-03 16:16:23,2018-01-23 00:00:00
26d4d0baf40502a8e679e615378b7243,67298a5ff907d51a64be0bfafc0ad744,delivered,2017-10-19 19:46:12,2017-10-19 20:05:07,2017-10-20 15:34:01,2017-10-23 20:31:42,2017-10-31 00:00:00
fdcafe63dae6994927f09336202f66ea,da338d46857a5eb4eef98d487b841137,delivered,2018-06-10 23:08:53,2018-06-10 23:37:33,2018-06-11 13:03:00,2018-06-20 17:52:08,2018-07-12 00:00:00
b80d00e60a179d02f242e3f420023c78,283081efda8421b64dceba3e98ed43ab,delivered,2017-03-01 00:44:11,2017-03-02 03:50:28,2017-03-08 15:43:14,2017-03-18 10:24:45,2017-03-28 00:00:00
723e240c9c7fab76e64b2c232afb8bd8,bcf1316f0bc85a5626519e9bb1205c1b,delivered,2018-04-06 14:35:56,2018-04-06 14:50:23,2018-04-10 17:26:48,2018-04-12 19:04:45,2018-04-24 00:00:00
e5a088f3a505f0b0f0f28fda9fef8cb3,8bad53a8b3d92e08b774cfab3f42267e,delivered,2018-03-29 10:06:40,2018-03-29 10:27:50,2018-03-30 00:08:41,2018-04-18 18:05:16,2018-05-02 00:00:00
2fadef94d26b8d88791d48a31129380d,75b624bb42d33a3c173bd4573a11a854,delivered,2018-03-17 18:07:02,2018-03-17 18:28:03,2018-03-23 01:20:00,2018-03-28 23:56:50,2018-04-05 00:00:00
d884aeded7a463f237549f42945b729c,c329b3a16b13d583e13daa8a840f7193,delivered,2017-05-16 08:28:49,2017-05-16 08:42:18,2017-05-22 14:24:52,2017-05-29 10:19:19,2017-06-07 00:00:00
379f6f44af7b0f3dac181df7361bd70d,9ee7ba2026070f1f3975a61568f0fa70,delivered,2018-03-10 11:37:07,2018-03-10 11:50:31,2018-03-12 19:07:37,2018-03-19 20:31:56,2018-04-12 00:00:00
51fe58b46fd2894df4be24d9ef1f2c62,b1e13877edaf63421a7af2fef00f2f5f,delivered,2018-04-14 10:47:56,2018-04-15 10:51:22,2018-04-17 11:02:22,2018-04-26 18:50:48,2018-05-09 00:00:00
8365144952c18f57c7a84e62d664d2d9,c681bd40e6293ff56e122d6360aa233b,delivered,2018-06-22 20:10:08,2018-06-23 02:20:11,2018-06-26 15:07:00,2018-06-29 20:48:46,2018-07-19 00:00:00
eaa96511c925f79170baaff57cd261ec,08cc63a3c19e9e887d0d4c9d74b58acf,delivered,2017-10-31 07:15:11,2017-11-01 03:10:17,2017-11-03 20:51:50,2017-11-17 12:28:23,2017-11-21 00:00:00
194c41a679d0bdc8d7de9762d9e7ea98,37ee2dc9e5c2c8012af3d17935d1d530,delivered,2017-07-10 09:19:57,2017-07-10 09:30:17,2017-07-13 12:49:18,2017-07-21 16:02:58,2017-08-03 00:00:00
23576700c0f11e7783cebff88823d10c,b262f00d6317f498f4a4e97a97211e5d,delivered,2018-06-11 19:30:05,2018-06-11 20:04:04,2018-06-12 15:09:00,2018-06-20 17:58:32,2018-07-11 00:00:00
2daee070f2042c8b7a8e9fdde778a31a,915c5c52a3d9ba34bede37def2979079,delivered,2018-06-29 23:30:20,2018-07-05 16:11:40,2018-07-06 08:32:00,2018-07-11 23:48:28,2018-07-25 00:00:00
4354f0ac2e0b3501ff31c4752424e51a,2e3e670b12f449cee5a3acadd79487e9,delivered,2018-02-03 00:51:00,2018-02-04 00:52:14,2018-02-08 00:43:16,2018-02-23 02:00:06,2018-03-05 00:00:00
0f21631dd255a459deaaafb7a98600dd,c75bab5761473acd4dab00d2ef0e4775,delivered,2017-06-13 17:10:36,2017-06-13 17:23:15,2017-06-14 07:58:04,2017-06-21 16:33:05,2017-07-12 00:00:00
9f8e1e683e02e3aef599ac6fa4cc6b21,6f97c50773c310a9c35d8897b6083e87,delivered,2017-07-20 20:53:44,2017-07-20 21:05:16,2017-07-21 19:44:31,2017-07-26 22:02:58,2017-08-09 00:00:00
952df1e461dd66df573519eda08191f1,7c1870d97afb5c21263b8bbbfb850d7e,delivered,2017-08-16 19:02:40,2017-08-16 20:25:16,2017-08-21 22:12:28,2017-09-27 08:08:57,2017-09-20 00:00:00
c72e93d7e98b14432271347cec69043b,e19b49a1c05d6f9016f3cabab37fb45a,delivered,2017-04-25 22:48:07,2017-04-27 13:32:48,2017-04-27 08:04:28,2017-05-11 10:32:43,2017-05-19 00:00:00
c0d9cb07f94365a3f747472d6121a158,29351e4f1fcfd1468cd282296d2e4d72,delivered,2018-05-07 20:27:12,2018-05-07 20:51:25,2018-05-10 16:37:00,2018-05-11 23:47:00,2018-05-17 00:00:00
efc035fd1de66e8eba117b98ae0b1f7f,29583a7a872a08058879bfbf416409a8,delivered,2018-05-26 10:10:47,2018-05-26 10:30:27,2018-05-28 16:56:00,2018-06-27 11:13:43,2018-07-05 00:00:00
696f162404ac464c3b87a9b64ae1fd29,3c2d8207d2ad37609ef4c2a840605ccb,delivered,2017-12-26 21:50:31,2017-12-28 02:35:21,2017-12-29 20:35:08,2018-01-08 18:11:59,2018-01-19 00:00:00
ca7296a83aa279afb28c2388a4f48891,daada56f7d2e74dfd291d652b7e03ac2,canceled,2018-02-07 09:48:08,2018-02-07 10:10:17,2018-02-08 23:26:57,,2018-03-07 00:00:00
2efd11439a203a20e9a473a10a2c18f1,89cb8fae9cb1735dc8a51c2b6ef5c80b,delivered,2018-04-22 09:56:24,2018-04-24 17:16:59,2018-04-23 20:07:54,2018-04-25 12:28:05,2018-05-18 00:00:00
32b808465502f4cc7e17777151e294ce,d03b00f4fb33c630010258903c8bd705,delivered,2017-02-17 08:30:34,2017-02-18 08:35:09,2017-02-20 17:10:01,2017-03-08 05:26:13,2017-03-20 00:00:00
e179df200326739d8a8bc2353c2c7699,ef7e64330764ee3f5cdaff632d5f514b,delivered,2018-01-09 12:04:32,2018-01-09 12:12:29,2018-01-09 20:52:56,2018-01-20 01:03:54,2018-02-05 00:00:00
61c1e3cb15d9537106e729de9d839b6b,160ad5582eefd624723f85ae2a8adc17,delivered,2018-03-20 20:26:54,2018-03-20 20:48:14,2018-03-22 21:18:52,2018-04-18 17:19:40,2018-04-06 00:00:00
1c725471b90964d3b52d602359690718,c8890cf7bf6ca9d0bb40a2d4ec4a8ace,delivered,2017-08-31 22:22:19,2017-09-02 03:04:32,2017-09-04 19:12:21,2017-09-15 18:48:18,2017-10-05 00:00:00
b60358f8d4534fb99bb8d06929e1b02f,d60fdd154fab99332be4a4b422d8a18e,delivered,2017-02-25 22:03:22,2017-02-25 22:10:18,2017-03-01 13:48:55,2017-03-07 07:35:39,2017-03-22 00:00:00
f8dc34a2f4d0e6c9bc9f35cc0e4f5cd8,cf20e2e0825a11a060a95b007a4ec217,delivered,2017-10-27 12:03:59,2017-10-27 12:15:16,2017-10-31 21:13:51,2017-11-07 19:33:24,2017-11-17 00:00:00
431a4888e53cb066a60108014f340221,e7a9e21addb648f463711dc6c0370a6b,delivered,2017-05-09 22:37:55,2017-05-09 22:50:13,2017-05-11 15:03:52,2017-05-19 09:38:36,2017-06-08 00:00:00
f4ad9bbc0de4e373a5441d8b2d4de474,3ec01ba0003c6a5bdea2b11f450c05dd,delivered,2018-01-18 12:55:21,2018-01-18 13:13:08,2018-01-20 01:38:25,2018-01-22 21:58:28,2018-02-02 00:00:00
ef2ae6f6dbd9a78f9634b9fe22b0bee7,19aa69b9c2589d4a9e17be4d95ea4067,delivered,2018-08-05 13:49:08,2018-08-05 14:04:27,2018-08-07 10:35:00,2018-08-21 14:11:24,2018-08-16 00:00:00
4ffd6039e12a24d2083cd4a4dda4791d,c673c965c3b739e6964b3ac9a0618ec3,delivered,2017-06-01 10:24:52,2017-06-01 10:35:22,2017-06-01 16:04:22,2017-06-13 14:12:37,2017-06-26 00:00:00
6dddec4ff6cf5567af3fe54023e28500,fc9338669f6991ca326f7b892001d021,delivered,2017-05-30 23:27:47,2017-05-30 23:35:18,2017-05-31 10:46:53,2017-06-05 15:22:08,2017-06-22 00:00:00
1be578faaacbe5ff9885364c415d4763,f822b1c76826e07be34e43ef896901ee,delivered,2017-03-02 09:21:01,2017-03-02 09:30:09,2017-03-08 13:39:20,2017-03-14 12:04:00,2017-03-28 00:00:00
6b95f3947c608c074045e6aa14790de2,414c7f3b03fb1987a4dc6d1441ee54c8,delivered,2018-04-30 10:39:26,2018-05-01 06:15:14,2018-05-03 15:05:00,2018-05-14 21:22:28,2018-05-28 00:00:00
0853e0536bc0b71240beedd97501bd7b,8fbbbfec010bde32cd194f99deed1d71,delivered,2018-07-15 07:05:30,2018-07-15 07:23:55,2018-07-19 09:14:00,2018-07-24 21:09:34,2018-08-16 00:00:00
629fa315ff87642a19a2464a30d7a6b4,9c112ce3719cf1d699e888a22df38e90,delivered,2018-03-28 15:01:02,2018-03-28 15:10:16,2018-04-11 00:17:20,2018-05-04 18:48:50,2018-05-16 00:00:00
15d2b3dbcf33db614663846c65954138,c6736488ef08396f75bdddf8d4897625,delivered,2018-01-09 14:26:27,2018-01-09 14:36:26,2018-01-10 19:10:48,2018-01-12 21:07:07,2018-01-26 00:00:00
5588518c1109461f52350bb98249b9f6,31dfa81667218110f94f93dbd22273dc,delivered,2018-04-13 20:40:59,2018-04-17 05:50:27,2018-04-30 13:44:00,2018-05-03 22:16:42,2018-05-15 00:00:00
b4b9bb7dcd61983e42bcf0d13ab3f704,3516087073944b772c2f8b3d0f93a31b,delivered,2017-11-07 19:31:50,2017-11-07 19:50:50,2017-11-08 20:21:19,2017-11-09 22:33:58,2017-11-21 00:00:00
e2e59afe0cbf5893e29bb89ce6691c39,cf596d99411c2bf11fb8629cc050210f,delivered,2018-08-19 12:56:16,2018-08-20 11:49:41,2018-08-23 15:02:00,2018-08-29 15:58:49,2018-08-31 00:00:00
779f3890fa0528852a6d4c46cd5772cc,0907b6bd2c685ff7b56d3fb62820e583,delivered,2017-05-29 19:40:15,2017-05-29 19:50:16,2017-05-30 15:10:38,2017-06-05 15:16:40,2017-06-21 00:00:00
0bcb4fff8fdbd415067a30c6694deb7a,f937e630bfeeb7660855a336440d9bcf,delivered,2018-08-13 11:24:57,2018-08-13 11:44:18,2018-08-24 13:50:00,2018-08-28 19:18:29,2018-09-11 00:00:00
1ff3fa09d18389ae97c96c0dd2edd0d7,844a797ceb9452c8d732e300b299ba5c,delivered,2017-11-06 15:00:50,2017-11-08 08:06:49,2017-11-08 20:31:41,2017-11-21 21:44:24,2017-11-27 00:00:00
3de0dbeea06cef3f62afd5bb4f225384,5b87ff0df63b832ccd0957dd27cfaba1,delivered,2017-11-05 12:09:46,2017-11-05 12:26:19,2017-11-07 19:28:56,2017-11-23 05:03:06,2017-12-11 00:00:00
62c551a5cd4d376bfe83d4b36eab3386,9fbc3f8bc8a40d11a0ef3ab422abc7be,delivered,2018-05-08 22:15:43,2018-05-08 22:31:44,2018-05-09 16:34:00,2018-05-11 20:52:48,2018-05-18 00:00:00
aa8f6d56fec7ed94ca4797b24e3ae66b,3dcc24d5fb7e682f7eda78478fb306f7,delivered,2018-05-16 13:20:48,2018-05-16 13:33:41,2018-05-17 14:02:00,2018-05-18 20:19:46,2018-05-29 00:00:00
fd59d30be66e08073ff9f28b36babc05,686a0c0a3bd04f20157a798e5879f9f3,delivered,2018-05-14 11:20:22,2018-05-15 04:34:54,2018-05-18 13:20:00,2018-06-01 13:12:15,2018-06-12 00:00:00
02b9a87c19eb57b9ebaebb3a6850de9f,d339519755a16bc40e45c2491af7b918,delivered,2017-10-25 15:26:03,2017-10-25 15:46:00,2017-10-27 18:09:57,2017-11-06 23:26:20,2017-11-17 00:00:00
5daaa187e63c2f1c7636a129c6afc3c3,6e395adcac53d7819940f584122d9fa9,delivered,2018-08-07 09:46:50,2018-08-07 10:04:48,2018-08-09 07:14:00,2018-08-20 13:09:15,2018-09-14 00:00:00
00f7c5b41250e0126ced62d612ff4711,3c5aa62fbe268c0beee7bf98386b421a,delivered,2018-01-11 10:30:03,2018-01-12 02:35:28,2018-01-16 00:24:47,2018-01-23 20:34:47,2018-02-14 00:00:00
21adb757aaef1f7f6240352b33d30e5a,3ee189647295a370a1efe464e24918bf,delivered,2018-04-02 17:27:30,2018-04-04 03:09:03,2018-04-18 23:36:59,2018-06-11 23:41:52,2018-05-16 00:00:00
175f78291b6a5157427421c494d402c9,08fc431ce96ad22194b0a00be7100917,delivered,2017-05-17 10:02:28,2017-05-17 10:15:16,2017-05-19 10:04:10,2017-05-27 03:55:42,2017-06-08 00:00:00
830e8ecaa817b531901cfa5dc4a68ba3,36f11bc2f238337dd8856c7b60603e2e,delivered,2018-07-30 17:38:47,2018-07-31 09:30:36,2018-08-01 09:09:00,2018-08-02 21:57:49,2018-08-07 00:00:00
dcd8d1436b8fcc5acd68228aafd77de6,1b9598a9203f9fc644cdbb61d47af9f6,delivered,2018-01-01 14:15:47,2018-01-03 04:29:08,2018-01-03 17:51:59,2018-01-08 18:10:31,2018-02-02 00:00:00
5c8016724722d7906a7e8cfa22d7727d,0c89c6b8a3eb1a427ae8f50fa500f009,delivered,2018-08-05 03:33:39,2018-08-05 03:45:10,2018-08-13 15:06:00,2018-08-15 22:54:38,2018-08-16 00:00:00
92e84486f579af569ada10423502d997,d10629372592c7e98e0ee8dcf235637f,delivered,2018-06-20 18:38:29,2018-06-22 02:58:13,2018-06-22 12:45:00,2018-06-28 20:07:49,2018-07-20 00:00:00
910a48f54e6c4306950210893f7cf498,8604d93017eead9cf30eab424c9adbce,delivered,2017-05-02 19:58:30,2017-05-03 11:23:06,2017-05-18 07:27:41,2017-05-22 12:46:07,2017-06-06 00:00:00
086700af881b71e5ef67cfc7ecf4a7a9,ba6e05bfaabd015a16281dcc603a1152,delivered,2018-06-05 15:09:58,2018-06-07 02:55:12,2018-06-08 14:40:00,2018-06-15 19:52:21,2018-07-12 00:00:00
28f5b7eeb630d537533dec10991130fc,1c362ec19c48872fbc1a38557234ae1d,delivered,2018-08-13 16:57:13,2018-08-13 17:10:09,2018-08-15 12:53:00,2018-08-23 12:46:29,2018-08-30 00:00:00
5999ead09f96d2b827245b36f86901bd,f73641073710044575aeed548afdebdf,delivered,2018-02-11 00:34:22,2018-02-11 01:35:20,2018-02-14 16:38:45,2018-02-21 19:54:47,2018-03-16 00:00:00
966062059c3a9b092ff73eaf25310b14,7a30312430d50a32a7977af30f98100f,delivered,2017-11-11 15:43:42,2017-11-14 04:26:47,2017-11-21 15:14:49,2017-12-05 01:44:46,2017-12-06 00:00:00
27ee3c5633d367f617c3dd7c5037edd7,0d68f4d8de943d4d32ec8f72f1d88230,delivered,2018-03-31 21:10:02,2018-03-31 21:27:42,2018-04-04 21:28:49,2018-04-05 13:38:32,2018-04-19 00:00:00
3f6a663f694c4e450b66eb8ecbdf73a1,d7e909b52a02e9038f37a0aada602219,delivered,2017-05-28 18:06:49,2017-05-30 04:25:18,2017-05-31 09:41:15,2017-06-01 13:32:37,2017-06-09 00:00:00
3d0e80567ee51ea2f1b6c2988e9b7c3f,1ec77d6842fe27fbd38a9341f7e3a666,delivered,2017-08-15 13:56:14,2017-08-15 14:44:23,2017-08-23 13:58:06,2017-08-24 22:44:59,2017-09-11 00:00:00
58c8cede2c1378f73db545a4e50b1f87,1e613beca8e08db97c1162b5cea9d6a8,delivered,2018-02-02 14:10:35,2018-02-02 14:33:28,2018-02-05 23:43:08,2018-02-16 15:23:04,2018-03-09 00:00:00
cc39eb27597876b3ad16c246ffcfd8de,6e3adf567210b700ceb44c9c59562751,delivered,2017-10-06 08:42:02,2017-10-06 08:49:14,2017-10-10 18:09:21,2017-10-14 00:22:10,2017-10-30 00:00:00
44bce00bb8a4926420b68edb36e04fbb,ee79b02b37e930b7428b9b799b75d08c,delivered,2018-02-03 20:56:57,2018-02-03 21:10:40,2018-02-06 17:19:05,2018-02-26 17:43:35,2018-03-07 00:00:00
2b25df22054b449145255218a1d25552,46d2e019708c24dcdd7876d13010570b,delivered,2018-02-13 19:01:08,2018-02-13 19:15:29,2018-02-16 19:55:57,2018-02-19 21:25:25,2018-03-01 00:00:00
85e710051891004eca4f527adcadd0c3,21ad7ae980e9af43f2b9c5908c5307e0,delivered,2017-04-21 20:53:30,2017-04-21 21:05:10,2017-04-25 13:46:42,2017-05-03 12:00:04,2017-05-16 00:00:00
8543d2d86c69647af5e2d957c3d21b85,912e1ba087c69b4cedf63bb560839ad1,delivered,2017-10-05 16:05:46,2017-10-05 16:14:26,2017-10-06 13:14:13,2017-10-17 19:17:25,2017-11-07 00:00:00
73359e88646e3c2572f97ecc95ada233,97a60f861092d9fab4b33578af8316c3,delivered,2017-11-17 13:12:10,2017-11-18 02:30:30,2017-11-22 20:21:04,2017-11-27 23:31:56,2017-12-15 00:00:00
cd994d365e6a5dcaa94ff5f3fadb0ad8,11ad10d9633e704794cda59de17627f1,delivered,2018-04-01 18:36:29,2018-04-01 19:27:22,2018-04-03 11:58:52,2018-04-08 13:04:52,2018-04-12 00:00:00
9e56701dd6b4f2e852c9ead486754088,ac122c0b1edaebef0ccc35ef7338d865,delivered,2018-04-29 12:36:40,2018-04-29 13:15:23,2018-05-03 14:00:00,2018-05-17 18:40:49,2018-05-29 00:00:00
6a14c2d163a90849493a292ab5df7f36,2d28c76b894d734ea4187948f160164c,delivered,2017-11-16 13:21:10,2017-11-16 13:35:41,2017-11-17 14:08:38,2017-11-27 17:58:24,2017-12-08 00:00:00
fd03c7890697c1851de6e8ab82086a4b,332323edcb71766f4b45c1e8de1f234b,delivered,2018-05-15 08:04:56,2018-05-15 08:35:00,2018-05-15 13:41:00,2018-05-17 17:03:04,2018-06-11 00:00:00
70e4c52c261e4b62fa3d02aa61c45378,01e8d5326e968623bf4f1b620709c1c4,delivered,2017-07-22 09:09:59,2017-07-22 09:23:04,2017-07-26 20:29:44,2017-08-01 17:05:22,2017-08-15 00:00:00
7885efcad4dae013491156c565d65d50,441746e39df2b72757086025aaa792f6,delivered,2017-12-05 23:36:49,2017-12-05 23:57:03,2017-12-11 17:52:07,2017-12-16 17:48:41,2017-12-21 00:00:00
3eb18430be4502566fc9ac46bdce44b1,46a6fa15b9f59db51c19aab8f0312bac,delivered,2018-03-07 14:46:20,2018-03-09 02:10:27,2018-03-20 16:32:54,2018-04-03 12:16:22,2018-04-10 00:00:00
2ee6a55f531c6d9e507e1b4c7bb0156c,a94a18b754523b6845747ab60c906ece,delivered,2018-05-01 15:38:48,2018-05-01 15:53:50,2018-05-03 13:59:00,2018-05-09 18:59:42,2018-05-22 00:00:00
6224401eebe13e25d470d8d6a9ef225e,00a860aeb15fb205efdb0c689d8f9c6a,delivered,2017-09-05 22:26:58,2017-09-05 22:43:53,2017-09-08 19:42:14,2017-09-12 14:29:00,2017-09-29 00:00:00
299b7bf26c8ebb5296830db0f1b2e662,bb63be17869fa798dd6a6454e9ecd0cf,delivered,2018-02-05 07:57:10,2018-02-05 08:10:25,2018-02-06 01:28:40,2018-02-06 15:41:55,2018-02-21 00:00:00
9f2c42d6f142a06f2c575576ad53adb3,2bda210d6ba9159f9e54128441d15a68,delivered,2018-08-11 16:35:17,2018-08-11 16:50:25,2018-08-23 15:57:00,2018-08-27 21:40:40,2018-08-24 00:00:00
e3027423471c37ce2c9097bdec11b19d,1f8ebd8e48d64e2bd8de124817a01a60,delivered,2018-02-19 12:41:45,2018-02-19 12:55:51,2018-02-21 15:13:23,2018-04-03 20:38:49,2018-03-23 00:00:00
42202323e8e5319c107e361d55ad0de6,922122af0fe111255b865b3006695937,unavailable,2017-10-30 16:06:30,2017-10-30 17:31:35,,,2017-11-10 00:00:00
68a36ddf13d6fcdd7ea00d9ce11026b9,1ec9ca87ae6934e29a7f169ddaf26b34,delivered,2018-04-27 16:51:52,2018-04-27 17:33:10,2018-04-30 10:53:00,2018-05-11 20:34:46,2018-05-28 00:00:00
7ca7a07f7d966253bdf088730665e423,da7fc451a51f38c8c1b8b48dede669be,delivered,2018-03-28 00:23:11,2018-03-28 00:35:21,2018-03-29 22:05:11,2018-04-20 18:06:30,2018-04-20 00:00:00
eb0aa3dd66fc926068964d23504f8426,7cac3d97424aaeb9e83351311224d638,delivered,2018-07-02 19:56:43,2018-07-02 20:10:19,2018-07-05 14:21:00,2018-07-06 17:48:34,2018-07-18 00:00:00
cd068e0974cffc5007e3b5dcb416da26,f84215c0b6b3e126a0287ade8fcb0a91,delivered,2017-01-25 15:19:12,2017-01-25 15:30:19,2017-01-26 09:13:58,2017-01-27 18:12:37,2017-02-28 00:00:00
bb87d6748da724f69c5e62274dc7aae6,365ad3f217e2d051fd7f5daf436e4ad8,shipped,2018-05-10 16:44:57,2018-05-10 17:09:29,2018-05-12 08:55:00,,2018-06-13 00:00:00
a8855ad9dbd6bd7a3fddd86f1ac4011b,2cfd19ea775aaa1b1cf5e283c4d4aa79,delivered,2017-10-11 08:32:20,2017-10-11 08:49:07,2017-10-16 19:42:05,2017-10-20 20:52:12,2017-11-03 00:00:00
eef26c46e9fd031a373c429edc171b59,e2da939d767d0b2bad9ff78463b23256,delivered,2017-06-19 21:27:05,2017-06-19 21:35:29,2017-06-22 10:25:50,2017-07-03 12:09:45,2017-07-19 00:00:00
70c211135ce0c4f9d2eb19d0e95fb667,1027c017efceb6c66d22e9a51a2e42b6,delivered,2018-03-16 09:49:51,2018-03-16 10:24:41,2018-03-16 19:09:15,2018-03-22 19:48:38,2018-04-10 00:00:00
4fb22a6181117d7a0532aab46cef0e03,d8297abd5bb5a4e26734e8fb3b57a79f,delivered,2018-03-19 23:36:24,2018-03-19 23:50:30,2018-03-21 21:05:13,2018-04-27 00:58:25,2018-04-09 00:00:00
e55a9d669bfd16074230197d17e39034,79da4122efa01df877a02a7d0d0b58bc,delivered,2018-08-08 11:54:29,2018-08-09 15:55:13,2018-08-10 12:08:00,2018-08-13 16:08:30,2018-08-13 00:00:00
2eebfe86623a5c27b603e640e96d8c80,f5b409952043a95b38876ab5a04f6855,delivered,2017-11-17 22:40:22,2017-11-17 22:55:27,2017-11-21 15:38:55,2017-12-01 19:17:03,2017-12-12 00:00:00
c6ad9ae898bc6bc0f0ac50109d8e45cc,43f00561c2493b127004fd24ce4661ad,delivered,2018-04-13 17:38:31,2018-04-13 17:52:22,2018-04-17 21:15:55,2018-04-27 20:33:12,2018-05-18 00:00:00
d5ae5d1e79f681da04dec1b4274a0f6f,475a4966014db58028097860de739ff2,delivered,2018-04-04 07:26:39,2018-04-05 02:08:35,2018-04-05 17:54:46,2018-04-07 00:31:36,2018-04-19 00:00:00
54edbcd83d8fbad3487e450926ce78f0,4fc70bd3a64aa5d6a650bb738881c487,delivered,2018-07-25 17:00:25,2018-07-25 17:10:21,2018-07-31 15:55:00,2018-08-07 20:57:40,2018-08-16 00:00:00
f818a0090e91cbb10496d6bffcf1ae3b,c6277140f420b8b4479a5d4d090f95f4,delivered,2018-07-24 15:21:59,2018-07-26 03:10:16,2018-07-26 16:10:00,2018-07-27 18:49:30,2018-08-03 00:00:00
30dfd9f2d61a37d83d75eaba39d110f6,16fd9e227064982140afdb3e1795f1da,delivered,2017-06-19 10:06:35,2017-06-21 02:15:34,2017-06-22 14:58:08,2017-06-27 14:45:51,2017-07-07 00:00:00
363177bc6f8d8d0c551b5b623bad4381,8983e99a8423de59026ef4f955f418ef,delivered,2018-07-31 16:17:05,2018-07-31 17:31:11,2018-08-02 14:02:00,2018-08-06 16:37:27,2018-08-14 00:00:00
a9b030fadde5aba797d5401eb6623d12,9e649fae70694846548fe4210fc9df64,delivered,2017-04-27 20:13:34,2017-04-27 20:30:09,2017-04-28 15:02:50,2017-05-04 13:13:46,2017-05-25 00:00:00
ee6abc7b6740c2761cbf529f8bee987c,3a2406d64f403959b195e75ca8796bd4,delivered,2017-11-13 02:47:18,2017-11-13 02:55:21,2017-11-14 20:35:09,2017-11-24 18:14:44,2017-12-07 00:00:00
6b14d575fb796f6ac64e4a07cdcb645c,1e3e2301d4b26d2edc2ce9879334310d,delivered,2017-09-14 14:34:20,2017-09-14 14:45:15,2017-09-15 21:57:30,2017-09-21 15:21:42,2017-10-16 00:00:00
71cddfd6e49811c604b95c4b69c4393a,169353d6aa4af9262b05d2e73eec18d9,delivered,2018-07-30 20:23:57,2018-07-30 21:00:12,2018-08-02 06:07:00,2018-08-06 19:32:00,2018-08-16 00:00:00
ea73df32b183eafce925fe41bad50bdc,87f45f57efec3372460df1f4b8229630,delivered,2017-08-24 22:22:09,2017-08-25 22:30:07,2017-08-29 18:29:07,2017-09-01 21:42:11,2017-09-20 00:00:00
7d29f6f9adf5eff8091d18cc88e4ed21,27b6ca727992c88f56ad187bec38aaa4,delivered,2018-05-18 00:32:21,2018-05-18 03:56:18,2018-05-18 14:20:00,2018-05-22 22:12:30,2018-06-20 00:00:00
e897aea81bea04f49694c98f417b7a33,fc085b03dee6a7b5da90e52398b0ca80,delivered,2017-12-26 12:42:24,2017-12-27 04:07:14,2017-12-27 20:47:44,2017-12-30 12:39:03,2018-01-19 00:00:00
a94c3f9f786e8db6bb345f6489942a3a,0bc2c14672dbd55d2657dc1913bdd03a,delivered,2018-04-29 21:33:01,2018-04-29 21:50:22,2018-05-02 14:34:00,2018-05-09 22:54:43,2018-05-25 00:00:00
3549d4f44bac42a299415349e0fcad15,ca090843ee5ff7e0f8168d693f8b60c4,delivered,2018-06-10 19:09:32,2018-06-10 19:37:55,2018-06-11 16:17:00,2018-06-21 18:38:35,2018-07-03 00:00:00
9292f2ff747a4f8c6580fc8377bb1c8b,5d92dd5eb8116c8d01b2aac78ece950b,delivered,2018-05-05 12:33:51,2018-05-05 12:53:23,2018-05-09 15:48:00,2018-05-25 18:26:39,2018-06-07 00:00:00
aaaea350ff8a957595f3c631d6b63d1b,208954ebe4665c5b2392ff5b25e918c2,delivered,2018-04-21 10:23:41,2018-04-24 18:03:32,2018-04-24 23:44:41,2018-04-26 00:06:33,2018-05-04 00:00:00
759e09770aa64cad53817b9925e381d8,44e071e068f1e5d45b15bffe2793e8a1,delivered,2018-05-04 16:22:34,2018-05-04 16:35:29,2018-05-09 15:48:00,2018-05-14 16:31:11,2018-05-30 00:00:00
db1a3b6bc463c229abf2699244173f49,ebac3c15b74e9b4c4b679fe173ec5798,delivered,2017-02-01 13:18:42,2017-02-01 13:25:25,2017-02-02 18:59:06,2017-02-09 08:08:39,2017-03-10 00:00:00
832a1a932cc75d80eed688d84730c5b8,64eef463bfd45d9c0a5fd1e74fcb9df6,delivered,2018-05-09 12:36:31,2018-05-09 12:55:53,2018-05-09 13:58:00,2018-05-10 22:52:51,2018-05-18 00:00:00
46162b40be0f9a769ab382cfac1d9a20,5297ee74ebc6c60b203e91782c3205d1,delivered,2017-08-15 21:43:53,2017-08-15 23:44:58,2017-08-18 13:41:36,2017-08-24 17:14:20,2017-09-12 00:00:00
1d6632a2caaca23824c538190fe607c9,f99eb2da89802e586146a5761062369c,delivered,2017-05-08 22:16:40,2017-05-11 13:15:13,2017-05-11 13:21:52,2017-05-21 07:43:41,2017-05-19 00:00:00
ab2074b3788d9e68a23db714cbf70f9d,f37890d388737e92090645a16ae76d22,delivered,2017-02-14 18:12:11,2017-02-14 18:25:13,2017-02-17 14:18:53,2017-03-03 15:25:57,2017-03-17 00:00:00
4584d6304fea8191d84facfb8370ef4e,499654dd7432303d04c7f7de76ce94ff,delivered,2018-03-17 08:39:05,2018-03-17 08:49:44,2018-03-20 01:24:41,2018-04-03 23:26:42,2018-04-05 00:00:00
bb2f49021e639f2b351a01ad37f5e49c,7bf62544a16413d96977d97e26f83828,delivered,2018-04-24 09:09:27,2018-04-24 17:46:52,2018-04-26 09:44:00,2018-05-05 14:41:34,2018-05-14 00:00:00
8ae8b33f63d9924a2db9ec6c1e98fd35,185830935eb09d19b034abbab645177c,delivered,2017-04-03 14:04:19,2017-04-05 02:35:32,2017-04-25 16:36:26,2017-05-05 06:06:12,2017-05-05 00:00:00
21608598d187cb9b14e7b81978c0e6bb,e5d7a41225348988930f7e38c2b5a434,delivered,2018-03-24 19:02:15,2018-03-24 20:08:25,2018-03-29 01:32:02,2018-04-19 21:11:56,2018-04-13 00:00:00
69d76a8ebac09af3034e69f11e207080,5b6887e0de5e1e295dd2bab123641596,delivered,2018-05-08 14:33:38,2018-05-10 02:57:26,2018-05-11 14:23:00,2018-05-17 16:38:25,2018-05-28 00:00:00
41e3ce048062d98a9fc6b5f911526a6b,6a818072fec0af908e7928379eed919a,delivered,2017-12-20 18:56:29,2017-12-20 19:09:34,2017-12-22 20:38:42,2017-12-27 19:26:58,2018-01-09 00:00:00
6125b8598105f92aeac157727ff3bfc4,24e437d5b5e5b3315295ffe2fe9ac376,delivered,2017-11-23 21:57:53,2017-11-23 22:13:34,2017-11-30 18:37:30,2017-12-05 15:17:43,2017-12-28 00:00:00
626364b566711c4fb17291425360b470,d8a80fca5d64fffc7ff51bc538b19930,delivered,2017-08-02 20:49:12,2017-08-02 21:03:36,2017-08-03 19:22:07,2017-08-04 16:56:50,2017-08-17 00:00:00
8c7a5e0c8c232e87d70485ec3ce91549,9c32fd0f6852e77226bd2309dae25097,delivered,2018-03-02 00:15:24,2018-03-03 00:40:27,2018-03-05 18:19:04,2018-04-03 23:08:29,2018-04-04 00:00:00
6ee722cd81ebe249b83c6351f725bbb5,9d5ff5d7ce2e4bc386bf11b9adb46a19,delivered,2018-02-21 11:22:22,2018-02-22 02:28:24,2018-02-26 19:55:42,2018-03-26 15:51:47,2018-03-23 00:00:00
ebd997c20fa6011d7d198f1d8d13572c,58d7459a284ca15e27a296ae1f0244d3,delivered,2018-01-04 00:12:07,2018-01-04 01:31:28,2018-01-05 00:49:34,2018-01-22 13:28:36,2018-02-06 00:00:00
b70b7c8ce83925f3477f223f0997f0fd,83664b90cbc9021dc475957df7cd4144,delivered,2018-04-14 19:05:41,2018-04-14 19:31:25,2018-04-16 23:05:31,2018-04-17 23:08:31,2018-05-02 00:00:00
4d24605b62596483861b472f2c596e23,fa35f61d3b39768d840175d525433d13,delivered,2018-08-16 19:39:38,2018-08-16 19:50:20,2018-08-17 10:05:00,2018-08-20 17:31:50,2018-08-23 00:00:00
3daeecbd44a76530c8e9d0ac1ea4f581,47891aa056fe45c505f7c7a65eee6de2,delivered,2017-10-02 15:05:06,2017-10-02 15:50:28,2017-10-04 15:19:08,2017-10-05 15:47:41,2017-10-18 00:00:00
b9e94fdb4a15c04cbde632c381826608,bc9b1d17c0cea5e7ff2d2b42a184ea85,delivered,2017-08-16 15:31:02,2017-08-17 15:55:18,2017-08-18 14:45:38,2017-08-29 12:26:16,2017-09-14 00:00:00
9ea6398b10d10c356659219b846d13f1,2161ca88caffc66dc0a3659788ab1148,delivered,2018-01-29 10:23:31,2018-01-29 10:39:33,2018-02-02 15:28:18,2018-02-15 00:48:43,2018-03-06 00:00:00
a18986d0ee0fd3e2c6fe3fdd23ca31ca,56684dd8600c1d4dae46fb02ade08a0c,delivered,2017-05-04 10:39:26,2017-05-04 10:50:06,2017-05-04 15:21:16,2017-05-12 13:49:50,2017-05-31 00:00:00
52255374a680dc42f27d475d23dec0cc,caf7dc5f0e2966d341184f771f92fe4e,delivered,2018-02-22 20:04:51,2018-02-22 21:00:25,2018-02-23 22:57:06,2018-04-05 18:54:16,2018-03-21 00:00:00
9a153d3651e569cbab9fa589c6554972,daa1cd9ce91af39a90ddd87d37f99f7a,delivered,2017-04-01 10:43:50,2017-04-04 05:55:18,2017-04-05 13:53:09,2017-04-08 23:53:14,2017-05-03 00:00:00
faf1c7dc5723c7925924611362802505,dc2aba65bed3f2645724f08112d296e1,delivered,2018-03-20 17:44:51,2018-03-20 17:55:36,2018-03-21 18:36:45,2018-04-03 22:12:16,2018-04-12 00:00:00
61adc85552ac2f95e8d9ce8274b3bdaf,262a5aae90d33cc2a388984ddb13eae1,delivered,2018-07-10 10:13:00,2018-07-10 10:25:15,2018-07-11 14:54:00,2018-07-12 18:49:45,2018-07-18 00:00:00
ac243a18eff7270f50fcf5f8f94b19d6,48bfe3560b84c37213a3c4a178d6ca67,delivered,2017-10-19 14:39:13,2017-10-19 14:56:31,2017-10-23 19:49:56,2017-10-24 22:56:11,2017-10-31 00:00:00
bec2a4b30521bb90ef689feeadb8decf,bdd8503095e84d7f2e416c70d2b62afc,delivered,2018-02-05 21:46:11,2018-02-05 22:09:50,2018-02-07 15:24:53,2018-02-14 19:17:30,2018-03-13 00:00:00
3f113daaf8b405bcc4349a2812061fa4,5a3260cfde2a918b597dada7ddd247bb,delivered,2017-10-27 18:24:19,2017-10-27 18:35:15,2017-10-31 16:35:54,2017-11-01 17:42:09,2017-11-09 00:00:00
dab96f487f4979e8da25ec94ecc1f33a,7c19c4f65e4cc127df40bee5c38cc0fa,delivered,2018-08-16 11:23:26,2018-08-16 11:35:14,2018-08-17 12:43:00,2018-08-27 22:32:45,2018-08-28 00:00:00
32cd8c1de0b106ac12c8bac666e9e1fc,59369b62f15106cab010e178b8b2703a,delivered,2018-02-27 16:15:40,2018-02-27 16:35:35,2018-03-02 17:32:34,2018-04-12 23:07:53,2018-03-23 00:00:00
cb6788e2b64ab1ddde45555de93c809f,f2b499ee9f960ec191bd4377944def3d,delivered,2017-11-26 16:32:37,2017-11-29 09:10:38,2017-11-30 17:09:45,2017-12-14 09:43:24,2017-12-20 00:00:00
72cb6d46554fe12d2931f8c16f386f51,3816366333bcbe1daabd284b6c4daacc,delivered,2018-08-16 12:51:38,2018-08-16 13:05:27,2018-08-17 15:24:00,2018-08-28 21:46:47,2018-09-14 00:00:00
ca559ea53cf10ff35d00de057f02b8d3,94179a63403312836ef05d67aeeeb53a,delivered,2017-05-24 19:38:41,2017-05-24 21:30:15,2017-05-25 14:59:05,2017-06-13 17:24:57,2017-06-26 00:00:00
3b096d44d833b0bc4714a1ab1ba9d563,04c974cb72247502a35e024f689cee79,delivered,2017-09-10 14:22:02,2017-09-10 14:30:21,2017-09-12 20:13:24,2017-09-18 19:24:43,2017-10-03 00:00:00
8811b551e13f7f1be237272ebb8c30cb,caa4f57153e47838c4335d18d96bdc38,delivered,2018-03-08 00:01:28,2018-03-08 00:16:10,2018-03-08 16:38:49,2018-04-02 20:39:22,2018-03-27 00:00:00
2a1ceca1522e8bf484583ef111e921c4,96f1ea7875a9fcfee0be3af8015f48cd,delivered,2018-07-13 20:00:52,2018-07-13 20:10:22,2018-07-16 14:22:00,2018-08-09 02:17:19,2018-08-28 00:00:00
9af45b618745db1a57fbfbeaceedc889,4e798bde1c7399fbb0763d0f35d9af07,delivered,2017-02-18 16:54:35,2017-02-18 17:10:12,2017-02-20 06:43:35,2017-02-22 16:22:09,2017-03-17 00:00:00
a3d3f48cf45e81344a235255f2dd9010,6f86f1485e960867aa28e1b5c7379d39,delivered,2017-12-18 13:51:18,2017-12-18 14:57:26,2017-12-19 18:18:49,2018-01-10 00:27:25,2018-01-16 00:00:00
0450f2effaa0b03d5c7c5456338f48ff,55107bcafecb383c71aed2728382a3cb,delivered,2018-08-17 16:58:09,2018-08-17 17:30:08,2018-08-20 15:50:00,2018-08-27 17:48:22,2018-08-31 00:00:00
9f8a784a4565b08782de30ee2f76935d,738f5e7358ad876f44a71128a837382b,delivered,2018-04-11 10:59:02,2018-04-12 07:51:16,2018-04-24 10:38:55,2018-04-27 20:56:52,2018-05-11 00:00:00
cd94df7a0a839741782e115e9cb997fe,8760ab7344f7785a24d6f09b4fad0def,delivered,2018-08-09 10:30:41,2018-08-09 10:55:18,2018-08-14 14:27:00,2018-08-17 21:33:39,2018-08-29 00:00:00
638a3000bf49c1eeb47e1d9df75d5e17,b810f602eb5c930e434940744adcb2ae,delivered,2018-04-12 21:25:16,2018-04-13 13:29:47,2018-04-17 20:57:46,2018-04-28 19:56:29,2018-05-03 00:00:00
9330e9298742ceea6f94f67a4c6dd785,6010134991a5c1a1d48ad3b34b1f3307,delivered,2018-02-15 08:48:33,2018-02-15 08:56:16,2018-02-21 21:09:07,2018-02-27 13:26:26,2018-03-12 00:00:00
ececf780cb6aad2ed0ecc2d7f316a999,8d0ac85590ac364947222f448469095c,delivered,2017-12-02 09:52:18,2017-12-05 04:13:25,2017-12-05 22:18:52,2017-12-15 18:55:06,2018-01-02 00:00:00
1677ba61b392f10188d04d4806e32c9f,7f9b9327cacf423126450240ce21a934,delivered,2017-11-20 15:30:16,2017-11-21 15:35:05,2017-12-20 10:59:03,2018-01-05 21:34:58,2018-01-12 00:00:00
7fbae6a6c7e8dc9e1ba716644c416dd9,32e2a69fb11e96ef27db307b21db154e,delivered,2017-06-27 15:59:39,2017-06-28 02:35:33,2017-06-28 14:27:57,2017-06-29 13:22:39,2017-07-10 00:00:00
ea62fcfe059c27c0f6b4b2d7cddb9e6f,4bc3f90f50aa57cd89b293bb488a38ad,delivered,2017-11-30 20:01:11,2017-12-01 11:32:04,2017-12-06 22:54:51,2017-12-08 19:35:36,2017-12-18 00:00:00
885bfb849481052082fdecde1e4b724a,8871744f347a26868d7ac1756c0cebb5,delivered,2017-11-18 08:18:13,2017-11-18 08:36:03,2017-11-20 18:21:35,2017-11-27 20:06:45,2017-12-11 00:00:00
f8711e1ed6430a40651f6613544e52c3,c038011fae88e7294cb5fd57d553af96,delivered,2018-01-05 20:12:57,2018-01-05 20:27:56,2018-01-08 20:16:20,2018-01-17 16:22:58,2018-01-31 00:00:00
1308c44f18e5540085f871ad46fe05e7,a1f418492efe00099932803ee540374d,delivered,2018-04-29 19:02:03,2018-04-29 19:15:15,2018-04-30 12:20:00,2018-05-08 19:12:50,2018-05-23 00:00:00
38df34f6963826eaf92a536dff64393a,29c04628dbc04fa96b97d33891cc3597,delivered,2018-05-27 00:31:57,2018-05-27 01:02:21,2018-05-29 13:35:00,2018-05-30 22:51:30,2018-06-20 00:00:00
2abacd34704c8bef054772026c97157a,c1404cd823662af70759b6f5078a576f,delivered,2017-06-23 17:21:18,2017-06-24 02:35:19,2017-06-28 10:17:33,2017-07-10 19:03:31,2017-07-25 00:00:00
2dbba3ef1fa8a1a6f4ae1de6b6fd092f,b7e0c781ef183b4fdfc3d79fa4588c5f,delivered,2018-04-13 08:28:42,2018-04-13 08:50:53,2018-04-13 18:36:39,2018-04-24 00:48:31,2018-05-09 00:00:00
2bfa7e40282f34e7c06a00cfd2cbe1ab,36c4ffeeede9b0c538acb8d23fa6988c,delivered,2017-12-30 14:42:08,2017-12-30 14:51:29,2018-01-03 16:04:57,2018-01-15 14:32:53,2018-02-05 00:00:00
c0141f939a5a2e130bb9e329eaa20e2a,329fcf50087d2f2fae1b09d0e10baa00,delivered,2017-07-25 16:10:21,2017-07-25 16:23:23,2017-07-26 15:36:25,2017-08-01 20:04:31,2017-08-16 00:00:00
1630676be03651738ab38bdd77ce6e67,446a6279fe5b28577077ebcc18daee62,delivered,2018-06-02 21:48:38,2018-06-02 22:11:36,2018-06-04 15:15:00,2018-06-07 17:12:20,2018-07-05 00:00:00
59fbbd67b9aa1cb1e222932e9d4f3b79,3c57da35028a1bc160bb3c60603c8072,delivered,2017-11-26 10:39:33,2017-11-26 10:52:26,2017-11-28 23:07:36,2017-12-13 17:58:53,2017-12-22 00:00:00
116665b63c365f63f79ab891a4a88cfd,e4041e33b658e847dc2627705fb128ec,delivered,2018-03-03 10:20:26,2018-03-03 10:35:47,2018-03-06 23:33:18,2018-03-21 10:48:34,2018-04-02 00:00:00
a567555641df2aefbf04d63d0edfb836,498e9119de4db24f0d6414bcf6cac414,delivered,2017-06-08 19:50:58,2017-06-08 20:02:34,2017-06-09 14:36:33,2017-06-10 06:35:56,2017-06-22 00:00:00
582037320d4b45790340d0ceedac58a3,cc3af9d29350c28116f07aed3c92d267,delivered,2018-03-08 16:10:00,2018-03-08 16:55:51,2018-03-10 01:05:16,2018-03-20 23:54:26,2018-03-27 00:00:00
2e902692c167fd257e783627a147da98,71a73731172b757f95114d03aee0c5c5,delivered,2018-07-26 14:26:52,2018-07-26 14:35:21,2018-07-27 14:21:00,2018-08-01 23:18:51,2018-08-23 00:00:00
bf5a44a0843a026ecf32a63d882550f5,9c296bfe22d67feac315424199ca7b3d,delivered,2017-03-01 09:13:57,2017-03-01 09:25:10,2017-03-03 14:18:38,2017-03-08 10:26:02,2017-03-27 00:00:00
0c8813b39ba09cc6fadb5ce2c80671fb,476249756d8e4fae218d4f3b6af0026b,delivered,2018-03-30 09:14:04,2018-03-30 09:55:22,2018-04-04 19:12:30,2018-04-17 17:57:26,2018-04-18 00:00:00
1800047130a05e584deadf5893a3c74b,fa8bd7fb24bdbc085a2e0676ce5461cc,delivered,2018-08-22 20:57:08,2018-08-23 20:55:29,2018-08-24 11:59:00,2018-08-30 22:51:54,2018-09-24 00:00:00
a0f71283b8cf0eeaeb3bbba7894ae11c,2770409fd18c512aede9a57aa79197e8,delivered,2018-08-11 21:31:55,2018-08-11 21:44:17,2018-08-21 15:37:00,2018-08-24 21:22:41,2018-08-31 00:00:00
2c5925c8d72a163016e91d103b67ac9d,7e61519c3a9b622a4211588b43c03de8,delivered,2018-04-17 12:10:08,2018-04-17 12:35:13,2018-04-19 21:46:48,2018-05-07 08:53:04,2018-05-28 00:00:00
3fd2328e67f3fa7eefe3738b5eccc86c,4a1d9976177eedd8d7491ec69593ab77,delivered,2018-07-24 15:47:52,2018-07-26 03:15:22,2018-07-26 13:08:00,2018-07-27 17:58:45,2018-08-01 00:00:00
a4bed2a96bc765394d832c0d9199b6bf,8555899019bfb22364b64488194b8ade,delivered,2018-04-23 13:38:01,2018-04-24 18:14:55,2018-04-24 23:21:58,2018-05-03 00:59:53,2018-05-17 00:00:00
0bd66289bf194ff3edb0841291f58da1,35a5f209fb977870cf57ca5564033679,delivered,2017-04-13 22:40:08,2017-04-13 22:50:21,2017-04-20 10:47:48,2017-04-28 09:16:15,2017-05-16 00:00:00
9a99c1f97699ec839f7966eb7c7d5afa,051471ca58786b55a780eddd05465e89,delivered,2018-07-25 15:54:26,2018-07-26 15:50:19,2018-07-27 13:52:00,2018-08-01 14:18:35,2018-08-08 00:00:00
73df19345d0de1ae473fdfd37070f16c,9cd05016183fe6b9435f5b6d3c100b93,delivered,2017-10-18 14:25:56,2017-10-19 09:28:12,2017-10-19 21:28:49,2017-11-01 15:27:50,2017-11-14 00:00:00
190d1b221eb8c4e51953c2542c6acc61,97664c4def96cf5c56c4cfc28c5062cf,delivered,2017-08-16 19:56:43,2017-08-16 21:55:22,2017-08-18 13:39:52,2017-08-23 16:33:30,2017-09-11 00:00:00
cc145c0ced2265574e7e11c71735b5ac,e71ea98044f54ca22d2ad0e652334d3c,delivered,2018-05-05 13:31:09,2018-05-08 04:14:54,2018-05-10 18:29:00,2018-05-16 21:31:37,2018-05-28 00:00:00
09fdca9b7c6771946a1cac89dd7e89a2,27283ca25c73e34079ac7f01091d5a43,delivered,2018-01-08 19:33:40,2018-01-08 19:48:18,2018-01-09 23:44:07,2018-01-18 08:48:43,2018-02-05 00:00:00
6202879760565b03f9d963460fc68812,ff78aef48af5f0cbdec5db7d463c3c39,delivered,2018-05-08 20:46:17,2018-05-08 21:11:56,2018-05-09 16:27:00,2018-05-10 12:21:30,2018-05-16 00:00:00
fd2bcdc6e3cfe79cc7ee426bedb8d467,7563f36d8dcfb6a9f7a547ed430f0f23,delivered,2018-07-18 18:20:39,2018-07-18 18:30:24,2018-07-19 13:42:00,2018-07-20 18:47:35,2018-07-30 00:00:00
33711ce52ccf7b8dcb0deaf37f573d32,2378c9eb16e57f8e54b53be8009affd9,delivered,2018-01-11 19:53:38,2018-01-11 20:07:24,2018-01-17 01:33:29,2018-01-24 13:57:05,2018-02-05 00:00:00
05b6dcf764ce18df76138d88dba0aa7d,3aa3ea759f5e05fa8a02c9eddfbeb090,delivered,2017-09-30 20:27:08,2017-10-03 06:34:06,2017-10-05 11:32:56,2017-10-17 22:08:18,2017-11-01 00:00:00
7c735235d243792b7c57ed3ee240bcd7,ed754566e72104e594b0cee23c4feb02,delivered,2017-11-30 15:47:51,2017-11-30 15:57:24,2017-12-01 14:37:42,2017-12-05 20:52:11,2017-12-18 00:00:00
91481fd2c4c491b2e7b8fc96167b68ca,ba2a3c3376d6aea33f833aa74d9558be,delivered,2017-09-06 10:35:27,2017-09-07 10:43:30,2017-09-12 18:57:26,2017-09-20 21:22:27,2017-09-27 00:00:00
48ae7c42ef48317f964c51175915407e,3c3b6570549f1c5b37ac7d54a9d4a893,delivered,2018-05-21 11:20:18,2018-05-22 09:36:36,2018-05-22 14:21:00,2018-06-07 20:15:30,2018-06-13 00:00:00
52d460ae47aa90f9b540f2f869f62d41,183cd2d0c831f0ed7444c34ad10262a9,delivered,2018-01-07 22:06:21,2018-01-08 22:31:38,2018-01-09 16:18:59,2018-01-16 14:42:44,2018-02-07 00:00:00
7019f5477dbad7fdefd5d328efb829d6,fbc7c597b3ce5501e425b94532f86340,delivered,2017-10-16 22:17:52,2017-10-16 22:28:16,2017-10-20 21:50:05,2017-11-03 19:52:14,2017-11-14 00:00:00
04d4e970b194babf5a7b70b11381f6ac,f6a61cd798bac1bb08e6317e766d9de6,delivered,2017-12-28 13:05:53,2017-12-28 13:13:31,2018-01-02 18:22:44,2018-01-05 23:34:26,2018-01-17 00:00:00
88a7f34793df2b92c81d02a09cec8e89,10faf9e153a1ce492d6d06a2a8006df7,canceled,2018-08-06 15:55:10,2018-08-07 04:44:43,,,2018-08-21 00:00:00
3f03a16ea2034e425f930d42cd315637,e4f90f5388455b2dc99224808218a4c9,delivered,2018-04-15 23:17:26,2018-04-17 05:49:57,2018-04-17 18:31:41,2018-04-25 18:12:16,2018-05-21 00:00:00
63b490210af6588f2cefc015579a923d,2644c1d41a9f5b19eb306325817c122e,delivered,2017-08-17 13:39:57,2017-08-17 14:05:22,2017-08-22 16:42:35,2017-08-25 15:01:03,2017-09-06 00:00:00
40b726690a12c5fa40e3e0727ad87835,b7d8cbd463b65664e02d93bba235b4aa,delivered,2018-06-29 09:30:16,2018-06-29 09:49:42,2018-06-29 11:12:00,2018-07-04 16:32:36,2018-07-23 00:00:00
cb7911a7f5f016586dcdf66a52c1f096,036386bf476a9425bddf9639364e2907,shipped,2018-01-16 17:11:07,2018-01-16 17:32:45,2018-01-19 18:57:52,,2018-02-06 00:00:00
32a9917a34f07cd1a2c04102e4989e4f,cfd87c1d660bf2efc5ce870c62ca3f78,delivered,2018-02-17 12:44:07,2018-02-17 12:55:49,2018-02-23 00:45:26,2018-03-13 22:14:23,2018-03-19 00:00:00
f4d71a4da431f1650c221ad918e22290,bbfdaee8d0707c77fbd48fe08db7347b,delivered,2017-05-19 12:44:30,2017-05-20 04:25:22,2017-05-25 11:15:09,2017-06-05 17:13:32,2017-06-12 00:00:00
9e44e89d954ea1052e1ecb4f803251fa,3f6a6eb34d4017a2af3de15d8d19750f,delivered,2017-10-14 13:31:41,2017-10-14 13:49:26,2017-10-18 17:17:49,2017-10-23 23:41:50,2017-11-13 00:00:00
3e79636f6031f6b4f05b671928369588,a0c1bbd0f275db18373071736a2050d1,delivered,2018-02-19 11:31:42,2018-02-19 11:47:39,2018-02-20 23:09:25,2018-02-23 19:51:48,2018-03-12 00:00:00
c488c9d2cc2f504be29a438ffc08ee6b,91de39cfb08223e17c91d3ccd49b4387,delivered,2017-09-11 11:27:51,2017-09-11 11:43:50,2017-09-15 19:45:54,2017-09-19 18:23:07,2017-09-21 00:00:00
6d1f29a9262130c47ca823ee31e85c17,065faa2d1bb6b297ca28a01d32519efb,delivered,2018-07-14 17:18:44,2018-07-17 04:32:11,2018-07-18 15:29:00,2018-07-24 18:38:46,2018-08-03 00:00:00
f469782148dc2783107dd5159be50b54,272f8ef0438befa0ddf34770d5f6fc1c,delivered,2017-12-11 23:43:58,2017-12-13 02:51:06,2017-12-14 22:22:00,2018-01-05 17:42:39,2018-01-10 00:00:00
ccdd16bba48215215c7d17240f07eb66,fb413491947c3cdaa43ee5a05f1074fb,shipped,2017-07-18 21:16:16,2017-07-18 21:25:15,2017-07-21 20:59:25,,2017-08-09 00:00:00
fdcca0e15a4d03e3fb89fb14664a3744,58ee086556a160d66dc3f6d43b4efcc3,unavailable,2017-09-11 20:02:08,2017-09-11 20:15:25,,,2017-10-02 00:00:00
833ca9217bfe9bb17bcf56f645362ac6,ba3f266faa29d2de0d04726651aeaa5e,delivered,2018-01-23 16:14:56,2018-01-24 02:36:32,2018-02-06 17:13:12,2018-02-26 14:29:30,2018-03-08 00:00:00
8d1c5a867cd01e45e5fc57dddd896f00,f68c9552d4a213e753972820790aa3fd,delivered,2017-07-03 16:36:30,2017-07-04 16:43:56,2017-07-07 20:29:29,2017-07-26 20:07:47,2017-08-09 00:00:00
414a90ed19b714b5176c78ec8bbd8388,f883ba642f4dca60e7c2fa6b0825da3a,delivered,2017-10-19 14:12:46,2017-10-19 14:29:02,2017-10-19 20:00:23,2017-10-25 20:33:05,2017-11-14 00:00:00
7d1b1cc13d2c22c1cad811b1fafd0537,be85cbbefe4a42be14dda9f1ef608918,delivered,2018-04-25 01:01:56,2018-04-25 01:15:09,2018-04-25 14:47:00,2018-04-26 20:41:46,2018-05-09 00:00:00
7ce665a17cd6cb68137dc2816937a8a5,9b81e78ece4755a8554bda67601746ac,delivered,2017-08-02 16:17:16,2017-08-02 16:55:07,2017-08-03 19:36:48,2017-08-09 19:51:21,2017-08-31 00:00:00
7efd95780798d3826acbaafd16953320,50ca06c1cb4e30e908c3f232e4d692e8,delivered,2017-11-19 10:04:04,2017-11-20 10:15:41,2017-11-21 21:52:54,2017-11-29 19:03:25,2017-12-12 00:00:00
b95cae4001dc3efdaa739478cf9c92e4,79de53946db384e2d7a9bd131792ad17,delivered,2018-05-22 01:43:18,2018-05-23 02:38:41,2018-05-25 13:47:00,2018-06-03 14:53:21,2018-06-11 00:00:00
22d9f175d75a69bcfa445d7e1bc82ed3,919cdb17221af991200e5c3a283cb85d,delivered,2017-11-09 15:06:08,2017-11-10 03:27:02,2017-11-14 19:52:00,2017-11-17 21:51:27,2017-11-23 00:00:00
eda850474bf71f5b4264dcd0dabbdff1,bb69f8f77059a3d1c6bb2242b10b4f56,delivered,2018-02-05 22:41:13,2018-02-05 22:50:45,2018-02-07 14:42:48,2018-02-14 18:39:06,2018-03-01 00:00:00
1c975752f5a57d5899c8d8730391ae07,ec450e291bae7ed8a48269f2197e3f26,delivered,2018-02-22 16:44:49,2018-02-23 19:15:19,2018-02-26 23:49:53,2018-03-08 13:14:35,2018-03-22 00:00:00
bfef81581affa2b4c59018ed748cd663,396092ad2cd63fcdcc4beebcce77460e,delivered,2017-03-28 13:49:04,2017-03-28 14:02:29,2017-03-28 18:43:17,2017-04-11 10:31:08,2017-04-19 00:00:00
91e573f4d0f3c29490414ff2f58a423c,cecbbfebf3d0f81403e8a660faa0e43b,delivered,2018-08-02 12:06:07,2018-08-02 13:04:19,2018-08-03 15:46:00,2018-08-07 17:16:10,2018-08-10 00:00:00
73ae5d6f229b194332eca5178d70d08b,9637dbdfd402476721bceb1525cec2d5,delivered,2018-05-03 19:10:51,2018-05-03 20:15:21,2018-05-09 15:42:00,2018-05-15 23:28:27,2018-05-30 00:00:00
728aef02244c36e1fc4ccfa9c0399c7c,20702a6b4a67c5d475a07691aa3e837c,delivered,2018-06-25 13:09:22,2018-06-26 13:37:14,2018-07-03 13:25:00,2018-07-06 16:41:40,2018-07-20 00:00:00
b9930364db10972dbd6d278d5d7cef98,66e52e6917b08a61a8e08f59fe95a282,delivered,2017-05-07 11:01:18,2017-05-08 13:50:16,2017-05-10 09:17:31,2017-05-19 08:51:59,2017-06-08 00:00:00
ac48e79befd4d8cbfb58047dde3e43cf,4d95310e7834918e1575b9e9e456bafd,delivered,2018-04-01 20:47:22,2018-04-01 21:30:26,2018-04-02 18:11:18,2018-04-07 12:41:03,2018-04-20 00:00:00
6e787abee7049d6c51663bdf25a4b2cf,edbe69fae8335bc4aab71431a8cfe6d3,delivered,2018-07-20 08:57:42,2018-07-20 09:15:12,2018-07-23 15:42:00,2018-08-08 15:31:18,2018-08-08 00:00:00
2fac55edfd9754d1a0e7ecc67d48d08d,5a108f7c19bf77ac04a7d2a1ebb73a6c,delivered,2018-06-18 11:53:41,2018-06-18 19:39:50,2018-06-20 14:30:00,2018-06-26 15:12:55,2018-07-17 00:00:00
76d3da933ea02dff5b27a64415350c37,37c3aedbb5e47029dfacc96860f24058,delivered,2017-10-22 22:00:35,2017-10-24 06:36:45,2017-10-27 21:17:54,2017-11-06 19:54:55,2017-11-16 00:00:00
912859fef5a0bd5059b6d48fa79d121a,b8c19e70d00f6927388e4f31c923d785,delivered,2018-08-29 09:48:09,2018-08-29 10:04:16,2018-08-29 19:01:00,2018-08-30 23:28:52,2018-09-04 00:00:00
a55945f45b2bf0c2b8b3ffae52d10213,2fe73fd71a309402c99f449f8612fbc0,delivered,2017-09-18 23:20:23,2017-09-19 15:30:16,2017-09-25 19:57:39,2017-10-10 19:23:50,2017-10-06 00:00:00
ca51350120ddaa92278a0ded310d5d49,414efb60391a008d3ec2bce97e0c925d,delivered,2017-05-21 20:23:54,2017-05-21 20:35:14,2017-05-22 19:27:45,2017-05-30 09:07:58,2017-06-14 00:00:00
855e1b20c8aa2964bb871fd9cb5458f5,49c54a23a4c399768899b44ab295e66b,delivered,2017-02-28 19:14:34,2017-02-28 19:30:18,2017-03-08 14:52:02,2017-03-14 13:27:53,2017-03-22 00:00:00
aff4f3bc26eab89509ea11af24bd9cd6,db0515d79eb9bc8b1244b6acb3a338ea,delivered,2017-11-25 16:14:28,2017-11-25 16:31:17,2017-11-27 23:44:26,2017-12-07 14:38:48,2017-12-19 00:00:00
73211682c98aac44eb45ceae86828386,6386b3c166607a58cb5cbf07bc80d650,delivered,2017-12-11 15:48:54,2017-12-11 15:57:27,2017-12-12 22:32:39,2017-12-19 19:46:05,2018-01-04 00:00:00
2f80e75d1ecbb82164966f64abf451fc,08694effa5271573bb42ce0e483e3e8d,delivered,2018-02-23 10:46:06,2018-02-23 11:10:46,2018-02-27 12:47:41,2018-03-20 20:02:12,2018-03-19 00:00:00
eecbb8240f0eb71bec072e86dc50d8be,8333021eae0889032f2da220bc779ef3,delivered,2018-03-15 08:23:18,2018-03-15 08:35:27,2018-03-16 18:03:00,2018-03-23 04:58:39,2018-04-05 00:00:00
1f6c594830067e510e93534e3e3d0a2d,1dffde6bb897e1cc36b55f2798b37965,delivered,2017-08-04 04:37:15,2017-08-05 03:03:24,2017-08-07 18:35:35,2017-08-15 19:43:52,2017-08-28 00:00:00
df6ab6dda739712cd11176b2d63e4575,f1872d2ed7ebef7c73c48d768f6f67f6,delivered,2018-04-18 13:59:11,2018-04-19 02:15:09,2018-04-20 15:36:25,2018-04-27 14:52:59,2018-05-11 00:00:00
b2216d1896487e630240917ecbfe988f,737f7fdf74b45bc7e3158f97608ce2ef,delivered,2018-06-20 15:34:25,2018-06-20 16:01:43,2018-06-22 12:48:00,2018-07-04 01:10:52,2018-07-20 00:00:00
e1dbf5fa2a0830e4f3464b2d7aeb1ed5,2af65fbf463dfa4d31eaa7f716757bf3,delivered,2018-01-11 21:04:26,2018-01-11 21:16:33,2018-01-12 23:39:35,2018-01-19 14:27:45,2018-02-05 00:00:00
bdccf03ca8600528b6f897db4f6329ef,bcbd6cac6872d044a9ad40f105793e57,delivered,2018-03-12 12:13:08,2018-03-12 12:29:14,2018-03-13 18:38:38,2018-04-16 15:58:40,2018-04-03 00:00:00
de7cb4087303bc8d6dac30bc222fdc12,e1241c29ae97acf6ddc9ff1f93c489b6,delivered,2018-01-24 19:13:01,2018-01-24 19:31:48,2018-01-25 16:19:07,2018-01-30 00:03:37,2018-02-20 00:00:00
f7a3c0a5fc27b55750ca588c7d0c8aa3,44a556fed9962dfe30822201a3b2b429,delivered,2017-12-02 11:35:03,2017-12-02 11:50:41,2017-12-04 18:22:09,2017-12-18 17:32:38,2017-12-28 00:00:00
efbba0637ff7fe0491ef039d3cc3d586,78080be5a90a5c6c1238c4dfb20c99ad,delivered,2018-06-28 17:51:59,2018-06-28 18:10:38,2018-06-29 14:55:00,2018-07-10 00:04:45,2018-08-08 00:00:00
8ef7f8c19a00b45667841442d36ad903,916eaf991fa5c9981e39f525efcd4bc5,delivered,2017-12-16 19:26:16,2017-12-16 19:38:28,2017-12-19 00:04:21,2017-12-21 18:17:48,2018-01-05 00:00:00
52763116adc954bc1620d419789e7e7c,1b26e13f6157f4b381c66394691722b9,delivered,2017-12-20 16:19:03,2017-12-20 16:32:01,2017-12-22 16:27:20,2018-01-07 15:33:59,2018-01-19 00:00:00
fbcb9c1c272d20d294b3d5cc25ccc417,57125f5e79965d52dfa4302dba5d869f,delivered,2018-04-02 12:04:17,2018-04-03 05:30:17,2018-04-04 20:58:46,2018-04-17 19:32:43,2018-04-23 00:00:00
9ffb318d17153de8c18c817b99338e0a,73e4c635d08b25002d658862b34ee054,delivered,2018-08-21 00:10:53,2018-08-21 00:29:17,2018-08-21 14:15:00,2018-08-23 21:52:03,2018-08-28 00:00:00
5213c9e107ccd1c4753c20f7be696c49,89ee8f2ce27588d9f8a8b7d0458e43ca,delivered,2018-02-15 18:45:11,2018-02-15 19:06:16,2018-02-19 23:08:16,2018-03-05 18:28:34,2018-03-07 00:00:00
16f981e32cf73c22679a3b0b76d97223,24a7e57f0bc1f83651b27e128845e8c5,delivered,2018-03-06 19:01:40,2018-03-06 19:10:31,2018-03-07 20:34:59,2018-03-09 23:24:51,2018-03-16 00:00:00
5c486eb3b7347dd7ae1661ea6e8216be,9a8944e4f0c99c1120656f4eba62cab5,delivered,2017-12-14 00:51:08,2017-12-14 01:40:52,2017-12-15 22:35:17,2017-12-19 18:12:34,2018-01-03 00:00:00
e5f7dd43f840110435bdff296a628437,e32045c064604d4d2c3608a7330e762e,processing,2017-09-19 19:40:50,2017-09-19 19:55:17,,,2017-10-27 00:00:00
def59cab0d40fb6e73cf4a05911344df,aaac580394d307641eaa83279b83fbdd,delivered,2018-06-17 15:15:27,2018-06-19 03:36:41,2018-06-19 15:45:00,2018-06-26 00:31:59,2018-07-24 00:00:00
5e1857259e2b652b8dbdceca9ee2321f,fb2d2a4b73319cb116cf1f6f2b660032,delivered,2018-05-10 06:28:56,2018-05-10 06:56:42,2018-05-14 13:52:00,2018-05-19 17:06:37,2018-05-28 00:00:00
6c57b7e61cc0daf0946ad4dcaac70b20,0ae66bc8267d2940841c0a53fba6efed,delivered,2017-11-15 19:40:56,2017-11-17 03:55:28,2017-11-21 16:13:09,2017-12-07 23:54:44,2017-12-15 00:00:00
03abe0f86b91213bd62793ca180b232d,badd985462c8b012533248eef2b4bd86,delivered,2018-07-09 22:03:53,2018-07-09 22:15:17,2018-07-10 10:15:00,2018-07-31 11:28:45,2018-08-03 00:00:00
aa168056de685bc1be4c86543a14a845,8795d0d8d0948546b317fff2230687a0,delivered,2017-09-08 10:13:40,2017-09-09 13:44:19,2017-09-11 22:21:22,2017-09-23 15:14:07,2017-10-05 00:00:00
862c4f2bb3b1157099aaf23955a73228,782b181274f4857d96fd9b59345d31b6,delivered,2018-02-08 18:40:20,2018-02-08 18:50:51,2018-02-09 20:12:16,2018-02-25 15:24:38,2018-03-02 00:00:00
dabb5a87a6d9cc1388abf76cdcf76e5b,ea846bd28376b61e0da78638d96c5931,delivered,2017-08-28 11:26:24,2017-08-28 11:35:22,2017-08-28 17:58:15,2017-09-02 13:00:03,2017-09-18 00:00:00
f3a50308e4cfa086a4e579f79bdff1d8,1c06e71f1c3bf003fdc2cf7087d825b1,delivered,2018-01-15 10:31:40,2018-01-16 03:38:37,2018-01-16 17:03:57,2018-01-23 21:56:50,2018-01-30 00:00:00
2c085be01cf9f459a741b95e7d81860f,f54b53acaa1e92840ffd3c8773e00ffb,delivered,2017-10-06 15:35:13,2017-10-06 15:49:29,2017-10-13 18:33:44,2017-10-16 18:50:18,2017-10-31 00:00:00
ca5806ea7cd456a6c3ec4e7591331402,29bb15e13f62057599589a7ab73336f5,delivered,2017-12-28 16:59:22,2017-12-28 17:08:20,2017-12-29 14:08:48,2018-01-09 19:25:11,2018-01-31 00:00:00
957d88bc917940febb453782827cbaa2,2c7884a2190bdc520da920a0abc3a6df,delivered,2017-08-21 23:56:37,2017-08-22 03:25:18,2017-08-22 19:28:05,2017-09-04 17:21:36,2017-09-25 00:00:00
d8d4fd7b15d5b9cb93926c29f7f3066c,a4a766ed0dc895e33d2f962b53a21e4e,delivered,2018-01-25 14:36:48,2018-01-27 02:40:02,2018-02-01 01:26:31,2018-02-16 19:05:59,2018-02-20 00:00:00
dd5371622a32b1a8fc1726facf274115,1f1ed44c44e54d94c0463089b597d2ca,delivered,2018-04-25 22:49:29,2018-04-27 03:50:49,2018-04-27 15:09:00,2018-04-30 14:19:30,2018-05-11 00:00:00
5f85459f27e5e4c8cca0a18f9576c6b5,9d9ed8461ab0d39ca9950f78958114f1,delivered,2017-10-12 11:12:39,2017-10-13 11:26:46,2017-10-13 22:45:57,2017-10-19 19:36:04,2017-11-06 00:00:00
4d3bf07ef40875871c01c931d3755940,cf94c4b546f0a5d72297e3b559080483,delivered,2018-05-16 01:18:19,2018-05-16 02:30:20,2018-05-18 14:22:00,2018-06-05 22:17:32,2018-06-05 00:00:00
23d2b40718f8b1693ff67644c21d9f70,48c3ca16bfa9844412c2eb204a6e3840,delivered,2017-08-20 22:08:30,2017-08-20 22:24:45,2017-08-21 22:07:32,2017-08-31 23:15:10,2017-09-21 00:00:00
348ca978ba86600e3f6e9b984c52e6d6,d683a82f865da969726293b2a90e7f85,delivered,2018-08-16 06:44:27,2018-08-16 06:55:10,2018-08-16 08:42:00,2018-08-27 21:22:49,2018-08-31 00:00:00
8258f7e8bc8122521bed9d5c4c91a1c6,95539321a91156c4393281cee799ef41,delivered,2018-08-13 13:36:05,2018-08-13 13:50:23,2018-08-16 15:18:00,2018-08-20 22:04:03,2018-08-21 00:00:00
ca8fdc1b534df33544ec27fed6dc5fbd,ca868a96b4d2898ce29fb5762fb5f19f,delivered,2017-10-03 15:29:51,2017-10-03 15:49:39,2017-10-05 14:18:15,2017-10-13 17:08:04,2017-10-26 00:00:00
f61f547d212a8e108eb2a928aaa5fb03,15f2c50b98a1de718c34e7d888f40a68,delivered,2018-01-12 20:19:49,2018-01-16 03:51:09,2018-01-19 23:04:46,2018-01-30 19:23:26,2018-02-15 00:00:00
6be7d999fa8bac782218f8e6281ff562,c81fe5c30e1cfabfeb1225fa672ffafa,delivered,2018-03-07 19:19:24,2018-03-07 19:35:36,2018-03-09 20:18:44,2018-03-27 21:28:41,2018-03-28 00:00:00
132f1e724165a07f6362532bfb97486e,b2191912d8ad6eac2e4dc3b6e1459515,approved,2017-04-25 01:25:34,2017-04-30 20:32:41,,,2017-05-22 00:00:00
7f3572310e595ebd4a32c7124b1d9766,1918658fc7c2182ff0e4f0a6a2f1973d,delivered,2018-02-22 13:12:44,2018-02-22 13:28:22,2018-02-22 23:09:20,2018-03-07 20:41:55,2018-03-15 00:00:00
27704e7d86a04739ad6b19bbc202cd4d,f0657244a858139dd9142b062d8903af,delivered,2018-07-02 23:33:22,2018-07-02 23:50:04,2018-07-03 14:45:00,2018-07-04 15:41:03,2018-07-16 00:00:00
b59dd155566e5ce134bddffdc26e471c,7d2af39c5453e92ad7baad03e370f1d7,delivered,2017-12-27 19:48:04,2017-12-27 19:59:24,2018-01-02 13:48:48,2018-01-06 12:58:58,2018-01-30 00:00:00
0f9e79a42b9e6e14a8d7f913b4da0239,5e50e403092cc3519f7f59eb409084d2,delivered,2018-03-05 14:00:30,2018-03-05 14:15:25,2018-03-07 02:09:47,2018-04-06 20:02:40,2018-03-26 00:00:00
5ed3ad68a6b539929adf6d324f01ff01,26c3ccb63c6e599268b153a87eb1bb49,delivered,2018-05-30 18:29:21,2018-05-30 19:51:12,2018-06-01 14:11:00,2018-06-15 22:07:30,2018-07-11 00:00:00
641ad3cb05f84cf88956f08997234c7a,d941943a6ab8e6e06edb6377763879d6,delivered,2018-01-29 21:29:36,2018-01-29 21:51:27,2018-01-31 22:58:39,2018-02-15 13:33:41,2018-03-02 00:00:00
5ae6d4878571e9513c93413ee5ea1fe2,9a913ef439fcfc71384ce3cf53e7a780,delivered,2018-05-29 01:12:50,2018-05-31 03:10:15,2018-06-01 12:33:00,2018-06-12 07:20:55,2018-07-04 00:00:00
536a79f3bcb2ac2163cd5c46695fb573,4981bb38a647b9d462e1f4a278179ade,delivered,2018-08-20 16:15:21,2018-08-20 16:50:01,2018-08-21 08:33:00,2018-08-27 23:37:52,2018-08-28 00:00:00
d16fbfb439fe82b7efb949345d70611f,f5003c157ffa6c1e541146ddcdade179,delivered,2017-08-27 10:14:44,2017-08-29 04:35:26,2017-08-29 18:16:02,2017-09-08 20:17:45,2017-09-14 00:00:00
00a250dbdb3153cc6ecf4d3f07ef6a17,ccff27cfcda46bdff5e51b6e6711a85c,delivered,2017-12-10 18:07:24,2017-12-10 18:15:33,2017-12-12 21:07:48,2017-12-14 17:47:58,2017-12-29 00:00:00
3b29577134414b4e92667a99da76dbd1,a92da5f6ab925f1b45c83cef38a87fe0,delivered,2018-01-19 14:29:39,2018-01-19 14:57:13,2018-01-23 00:36:35,2018-01-24 19:41:44,2018-02-09 00:00:00
914adac0c24300aa223dbaacfc7f4467,1449d3e0d5b343bd18e67b49ff864c82,delivered,2018-01-12 07:32:31,2018-01-12 07:48:10,2018-01-16 15:15:44,2018-01-26 19:48:58,2018-02-16 00:00:00
b9885c0bcf45df857434c48dccfcd3fc,48de5b946513fafa92ce12456ca56627,delivered,2018-08-21 22:20:19,2018-08-21 22:30:26,2018-08-22 13:26:00,2018-08-30 11:22:16,2018-09-20 00:00:00
a487f3a5b2b3e028ef50c93210a69e71,7a0e84fdd2b16140c23afec336362877,delivered,2017-05-04 07:21:32,2017-05-04 07:35:17,2017-05-05 13:58:12,2017-05-09 20:32:58,2017-05-25 00:00:00
d207cc272675637bfed0062edffd0818,b8cf418e97ae795672d326288dfab7a7,delivered,2016-10-03 22:06:03,2016-10-04 10:28:07,2016-10-21 14:23:37,2016-10-31 11:07:42,2016-11-23 00:00:00
3d9f6e0596bf63fe5fb13f2b9782f621,65ecd6de31c8b787336b8fc9b4be4b2c,delivered,2018-02-17 20:38:50,2018-02-17 20:55:32,2018-02-22 19:13:17,2018-03-08 18:34:48,2018-03-16 00:00:00
21dfb91aa3e9fa351ae6f12da1c53fb9,747f269fa325a88eafb143596cceb27b,delivered,2017-02-04 19:06:36,2017-02-04 19:22:35,2017-02-24 11:27:39,2017-03-11 10:04:04,2017-03-03 00:00:00
4dea0f922f4dd1f6db6379f7ad64ede2,ecc519b96e049292f86c9fbeee96097b,delivered,2018-06-04 19:54:49,2018-06-04 20:11:50,2018-06-05 13:31:00,2018-06-06 19:54:46,2018-06-28 00:00:00
a0a61328bad595cbe8e180cc3cdd4ced,438488a4ee40335948e2e3f5cfc74111,delivered,2018-03-13 17:47:54,2018-03-13 17:55:44,2018-03-14 21:35:43,2018-03-16 22:52:02,2018-03-26 00:00:00
284fad6ff6974adc6de4153ed188acd6,2428ce92c7cecc70052fdbe27248797e,delivered,2018-05-17 08:35:28,2018-05-18 04:54:44,2018-05-18 15:06:00,2018-06-04 19:08:45,2018-06-05 00:00:00
e751ba1264eb343ed364486c2fde3e58,acf88257f23504358aaf7f4a2ac091c5,shipped,2018-05-02 19:27:07,2018-05-02 20:38:36,2018-05-07 15:00:00,,2018-05-24 00:00:00
dcc9db54a4861b6fad2db082fbcdbffc,c0f79ac4ba4aa7a1acd6f1a27940753d,delivered,2017-12-29 18:57:50,2017-12-29 19:06:20,2018-01-04 21:03:55,2018-01-08 12:42:51,2018-01-18 00:00:00
421eaa852399cc515551fab116db12fe,ac974498571869277f1940898026acdd,delivered,2017-07-14 10:31:40,2017-07-14 10:45:19,2017-07-14 18:27:36,2017-07-22 13:52:13,2017-08-21 00:00:00
a5a5537520c39fc7d242138689e1f77e,b10719011181e9c3e2833f87982abf6d,delivered,2018-08-05 20:01:32,2018-08-07 04:05:12,2018-08-07 15:59:00,2018-08-22 00:08:41,2018-08-24 00:00:00
101181f5adb1f9b1084fc5ded1160d75,35cd76ea1bbf59e4fa073e8288b80dc0,delivered,2018-08-06 21:35:03,2018-08-06 21:45:22,2018-08-07 14:08:00,2018-08-13 17:18:43,2018-08-28 00:00:00
4adb4da068a3bd12d93a6e1d2deabee2,5a8e30b97c66494c399c5c17ba6ba940,delivered,2018-02-18 19:22:41,2018-02-18 20:26:59,2018-02-21 08:03:51,2018-03-08 00:48:00,2018-03-13 00:00:00
9fe311dd7e1b6943bed63fd01c7e5829,2dab706c04920c7225853f5a75a27415,delivered,2018-08-13 16:06:32,2018-08-15 03:31:47,2018-08-15 15:07:00,2018-08-22 14:11:40,2018-09-06 00:00:00
bc28dcffa1198da2f880edfaa2a9a4bf,5bfc79d0925e03e4d2c0bf51ffd1003d,delivered,2018-06-28 08:58:22,2018-06-28 09:10:29,2018-07-19 11:43:00,2018-07-27 21:41:45,2018-08-09 00:00:00
67b5447a2cf4e164c948e2ef8e2c41e0,262f98265a50d9783d5ca0e170c6fde3,delivered,2017-10-19 23:41:12,2017-10-19 23:56:14,2017-10-20 17:36:37,2017-10-25 16:28:56,2017-11-13 00:00:00
4209568bdd63e8210d5697d19daa273a,c4ff6e8b5ada8e701e1388a369137122,delivered,2018-06-16 18:40:12,2018-06-16 18:57:39,2018-06-20 13:21:00,2018-06-25 23:58:27,2018-07-12 00:00:00
f2313f0b5d57b48400ee2486d99c24a6,e826899b27fc36edf4c85c9fd87f16af,delivered,2018-05-06 20:14:45,2018-05-07 09:56:12,2018-05-08 12:56:00,2018-05-14 23:28:44,2018-06-05 00:00:00
28b2ab76328cbe5369a5717a90b26830,2bef8c14a809c0f0a5a03b8c918de66f,delivered,2018-01-25 23:59:09,2018-01-26 00:17:27,2018-01-26 18:56:32,2018-03-02 17:13:22,2018-03-02 00:00:00
4f85d5b9b7d5cdc7e7f6ceb64aa47f5b,8a2d8ef5b8f61f14709d8de117293969,delivered,2017-08-11 17:17:14,2017-08-11 17:30:08,2017-08-14 19:31:21,2017-08-25 21:06:30,2017-09-13 00:00:00
94d184110abf5d80e6d1a37951556c61,6ea901421d5915ebf48d42ddee1429a2,delivered,2017-11-06 13:35:31,2017-11-07 07:30:37,2017-11-07 22:16:53,2017-11-16 18:07:29,2017-11-29 00:00:00
00e7ee1b050b8499577073aeb2a297a1,06b8999e2fba1a1fbc88172c00ba8bc7,delivered,2017-05-16 15:05:35,2017-05-16 15:22:12,2017-05-23 10:47:57,2017-05-25 10:35:35,2017-06-05 00:00:00
e85c92ee6a3ba1ef47e41c23286314d9,66657bf1753d82d0a76f2c4719ab8b85,delivered,2017-02-10 10:19:22,2017-02-11 15:45:19,2017-02-14 16:18:14,2017-02-22 12:07:56,2017-03-07 00:00:00
315525dbd71c2330c3f38a92d8fbba32,a6732693634250c33930da5ab192f75f,delivered,2017-07-11 20:32:24,2017-07-11 21:03:46,2017-07-14 20:49:43,2017-08-01 17:19:43,2017-08-02 00:00:00
c208db5638f7f1cd04d185856852f864,00062b33cb9f6fe976afdcff967ea74d,delivered,2017-03-15 23:44:09,2017-03-15 23:44:09,2017-03-17 15:01:29,2017-03-24 14:59:53,2017-04-04 00:00:00
0119e98feb97441cb456c010c25b04ff,cfa9e5ae05a54e058846a30a2c288118,delivered,2018-01-22 11:52:53,2018-01-22 14:54:20,2018-01-24 22:33:51,2018-01-31 16:34:50,2018-02-21 00:00:00
ce335ca8132267870979c8349b792230,3931381dcf232cb7ac292790102be496,invoiced,2018-05-07 18:53:22,2018-05-07 19:15:28,,,2018-06-04 00:00:00
a4003dc7a43aebf4aa6543e230de8de4,828db65d844ec784bcaf78ccfa9e51ef,delivered,2018-08-01 18:53:38,2018-08-01 19:05:19,2018-08-02 11:54:00,2018-08-06 22:01:59,2018-08-31 00:00:00
776cdb75db89297ce0fd26c15adac1a4,1b9fb3a5ba819d423e454654ab33b595,delivered,2018-07-14 18:10:22,2018-07-14 18:30:21,2018-07-17 10:29:00,2018-07-20 21:32:49,2018-08-10 00:00:00
616fa7d4871b87832197b2a137a115d2,bf6181a85bbb4115736c0a8db1a53be3,canceled,2018-10-01 15:30:09,,,,2018-10-23 00:00:00
2dc82d1bd19ac194b91db9b17adc5a62,aeb39899f743c5f0c51f233e3ed21b0e,delivered,2018-08-17 22:06:01,2018-08-17 22:29:57,2018-08-20 14:24:00,2018-08-24 16:19:44,2018-09-05 00:00:00
a9f360ab2855d6db342c8344cbfa5989,aafe79f49e24b36218443b413e6affb5,delivered,2018-07-06 19:50:07,2018-07-06 20:10:58,2018-07-10 13:06:00,2018-07-13 16:38:47,2018-07-27 00:00:00
3928bef4d3f8fa821470cf243db72d24,24414a412311a39ecea65effcebfda99,delivered,2018-03-30 20:12:35,2018-03-30 20:27:19,2018-04-02 18:04:14,2018-04-12 13:28:26,2018-04-27 00:00:00
24b54d866e249786f29f8ffba3f0d003,d61aa438586a325f237eb96134c4fd97,delivered,2018-04-30 13:13:25,2018-04-30 13:34:31,2018-05-03 09:26:00,2018-05-10 20:47:32,2018-05-28 00:00:00
2c8d9784e391f6ad2c09094366d48226,15397786b3c38d34b68114c1d4c012b4,delivered,2018-05-22 21:43:20,2018-05-23 21:55:40,2018-05-24 09:14:00,2018-06-08 18:29:49,2018-06-06 00:00:00
1a11672a79fb683c30fea0100e3a1c88,3ee5d5fbd5e3ce2a802137a52f7546aa,delivered,2017-05-04 08:41:54,2017-05-04 08:55:08,2017-05-04 14:44:02,2017-05-08 10:32:20,2017-05-26 00:00:00
a2fa22a393056c36e59fc9059b443433,38696b58a710bde65f89042dcb1b4f04,delivered,2018-06-08 16:31:34,2018-06-08 19:31:06,2018-06-14 15:02:00,2018-06-25 11:08:40,2018-07-12 00:00:00
56a4b8bc220c0a92f54ecb2e2ba0029e,9e0343bea00991ed1a866327ae1998ea,delivered,2018-01-09 23:11:54,2018-01-11 02:35:50,2018-01-11 19:39:15,2018-01-31 19:13:15,2018-02-23 00:00:00
06c0d448cbbe294852cab1310c63ab3b,d854153b7476df74f10bda5c56d37413,delivered,2018-04-22 20:19:12,2018-04-24 18:48:32,2018-04-23 23:04:46,2018-04-25 19:52:40,2018-05-14 00:00:00
248c51607bd50b4a44aae4427a56a9de,a867a4943d0b4674046cdff5009c462a,delivered,2018-07-28 19:55:38,2018-07-28 20:10:11,2018-07-30 14:04:00,2018-08-06 17:36:39,2018-08-24 00:00:00
34280c3bc1c50403f0f1d4b272565256,5404fb64ba67daea8fbe839265bbca6e,delivered,2018-07-04 20:57:27,2018-07-05 16:23:07,2018-07-05 14:45:00,2018-07-11 14:54:45,2018-07-27 00:00:00
cccb62677b6ed93ec68f4428a0ad81ee,e35998e9688518ac4b2098a9c159e8b4,delivered,2018-06-27 09:21:40,2018-06-27 11:06:12,2018-06-29 14:51:00,2018-07-02 18:48:48,2018-07-16 00:00:00
182249661a8adda147e800e137d02999,a0f09497e2119a5fa038fd6e03d78381,delivered,2018-03-05 18:12:28,2018-03-06 03:49:36,2018-03-07 17:52:00,2018-03-14 20:38:26,2018-03-22 00:00:00
22dc3b0b3af4edea06fb011a04ee20b5,3b6fedb8d82234fc49841755445308c9,delivered,2018-05-01 21:11:39,2018-05-01 21:35:44,2018-05-02 13:37:00,2018-05-09 20:29:32,2018-05-29 00:00:00
3b87501b004a28e5fae58597d0e021f5,e74ec7a00638b04285810ab01eaaaa53,delivered,2018-07-11 13:36:57,2018-07-11 14:06:16,2018-07-13 19:44:00,2018-07-14 17:32:21,2018-07-23 00:00:00
6e8e751584b3e3141e3e3c39f71408c2,85442da9cbd169529443a1d088a56346,delivered,2018-06-27 11:23:15,2018-06-27 11:35:17,2018-06-28 14:54:00,2018-07-11 23:34:40,2018-07-24 00:00:00
dfd5653b035d78ae9984f014e5903709,7a016e0365d83ace51004c940f13aff3,delivered,2017-04-10 01:23:48,2017-04-10 01:35:19,2017-04-10 10:20:05,2017-04-13 12:54:11,2017-05-12 00:00:00
ef0bfeea98c53b5b6fc4d39a7eeae081,d1ca2f71f763751aed6278bc5916151d,delivered,2018-03-21 20:09:14,2018-03-21 20:28:35,2018-03-23 01:13:06,2018-03-26 18:48:36,2018-04-03 00:00:00
769246167cd690b84b951cbef38d3d7c,e6813a060241b53a0f13bcc2c0545685,delivered,2017-03-06 23:12:35,2017-03-06 23:25:17,2017-03-17 11:55:16,2017-03-24 19:07:58,2017-04-13 00:00:00
814948d5529f58dfc7bf33ac7f6adba4,c1920381ca76e6233bb28335454d6799,delivered,2018-02-12 21:43:34,2018-02-19 08:55:34,2018-02-22 00:03:54,2018-02-27 16:35:36,2018-03-09 00:00:00
968ce3e13bbc09dc91d26a2f0208d99d,4889663f71ee9ec7d63cc79b7fe776f6,shipped,2018-03-04 14:24:23,2018-03-04 14:35:33,2018-03-07 02:07:10,,2018-03-22 00:00:00
6ee1cea1b2edcc713f83ebfbccbc57f9,bdf997bae7ca819b0415f5174d6b4302,delivered,2018-07-29 20:39:20,2018-07-29 20:55:21,2018-07-31 12:39:00,2018-08-03 16:48:40,2018-08-09 00:00:00
5798f00aab0a4ab662bf6fcb12632d79,7da45c2431d6a2443fcf10146adb3323,delivered,2018-07-24 14:50:17,2018-07-24 15:04:33,2018-07-25 15:09:00,2018-07-30 17:33:27,2018-08-16 00:00:00
97117f0564b324e2fde477ebb108bc11,f9030d8a14f66c686bbede3e008f3e11,delivered,2018-01-08 23:16:26,2018-01-10 10:32:45,2018-01-15 20:33:22,2018-01-25 01:15:03,2018-02-02 00:00:00
1465a7b4d155c2736d2e73c53d7f0441,6faf168195ded35ec08a4de7b72d0953,delivered,2017-11-22 20:02:58,2017-11-23 02:48:10,2017-11-23 19:52:10,2017-11-25 13:58:46,2017-12-04 00:00:00
2cfd5a10761ea2f9ebe13e7204c54c37,67d578918d024742ac444aac83cc6978,delivered,2018-01-22 20:47:30,2018-01-23 17:28:27,2018-01-25 16:58:58,2018-01-31 22:48:53,2018-02-19 00:00:00
0eb4cf49eff3cd15badb759ac543cd2a,fe0780350ac065fbe8559b48a8d5ebf7,delivered,2018-07-29 19:05:27,2018-07-29 19:15:13,2018-07-30 08:45:00,2018-08-02 18:34:45,2018-08-08 00:00:00
1dfdbd592873be9e467a641589b7595e,b1e427ff221ac2de74bf451c5e3d7206,delivered,2018-03-01 19:12:54,2018-03-03 02:51:26,2018-03-06 01:08:53,2018-03-15 22:04:32,2018-03-21 00:00:00
7c20350eeb926e1c63abe7eddeb439ba,6f0ab5342faa11fb372c28c756d4fd9c,delivered,2018-08-21 23:01:28,2018-08-21 23:10:15,2018-08-22 13:01:00,2018-08-27 19:58:28,2018-08-29 00:00:00
0d23171e8f59317b049b93ff11bf3cb7,77bcb93bc3e478b31dbaec0f96d3c3b6,delivered,2018-07-20 12:35:02,2018-07-24 11:32:36,2018-07-24 13:21:00,2018-07-30 22:18:31,2018-08-06 00:00:00
c4f4e4d627be7a7e0ca6af0fe3dd08af,63bd88b83df0481864b79579cd2d7f6b,delivered,2017-11-30 09:20:13,2017-11-30 09:50:36,2017-11-30 18:39:12,2017-12-11 19:07:04,2018-01-02 00:00:00
75a3f30121c49c5ad0085de582ba2451,7d14393ae77ef2bae04901d86cbab86d,delivered,2017-06-06 00:49:51,2017-06-06 01:05:45,2017-06-06 10:34:32,2017-06-08 14:57:37,2017-06-20 00:00:00
48b30a476f1500e10dcf059b5adf750d,e3efb89ac66e607b7f17cce348abba8b,delivered,2017-06-23 15:05:19,2017-06-23 15:24:24,2017-06-27 08:18:35,2017-07-05 14:05:57,2017-07-19 00:00:00
1b81f91da4e3e80f225b9295696ca22d,beaa1d62438dc5303332577903629d07,delivered,2018-03-07 23:40:22,2018-03-09 02:35:29,2018-03-19 18:41:52,2018-03-20 19:38:28,2018-03-19 00:00:00
a4092b79e25e9a156276bacf4868112f,27d7695af1d20ffceebf9c0ecd4dd53f,delivered,2017-08-09 17:05:40,2017-08-09 17:15:25,2017-08-10 18:02:59,2017-08-21 19:04:43,2017-09-05 00:00:00
d1ccec3180d63d8bfd37f65d34f07da5,6130b51fcec3b20306df2145393397a2,delivered,2017-02-03 16:30:51,2017-02-03 16:45:11,2017-02-07 11:51:28,2017-02-20 13:32:30,2017-03-08 00:00:00
6d77e82393612bee76e53595fd945726,54f474afbcc4d8d64551748e84bab206,delivered,2017-10-16 23:19:13,2017-10-16 23:35:39,2017-10-17 14:49:32,2017-10-18 20:48:04,2017-10-26 00:00:00
69219bd2a51085b84942501a7db3aecd,5692503672b8c0d9c5dd074d5d62796e,delivered,2018-08-02 20:09:31,2018-08-04 04:15:59,2018-08-06 13:31:00,2018-08-11 17:18:31,2018-09-14 00:00:00
4b2dd087c84d86e1b2ed309171ee0f96,c9b928a77a8b9f620c9540746d6eeefc,delivered,2018-03-02 19:17:32,2018-03-02 19:30:25,2018-03-07 19:34:23,2018-03-23 18:26:53,2018-04-02 00:00:00
eac1fde2c419db91e5e85525ff33fbc9,57e8f62601a7a9f9b62e1ae00b9dcfee,delivered,2017-08-01 22:04:23,2017-08-01 22:35:14,2017-08-10 17:18:11,2017-08-25 16:26:43,2017-09-04 00:00:00
ddbdd2d1389314951bcd19560cac6ceb,8a11dfeac0d3ef8f1e6667d99da7189b,delivered,2017-08-05 14:08:13,2017-08-07 15:25:16,2017-08-08 15:22:36,2017-08-16 18:42:30,2017-08-29 00:00:00
86cb9332fe84110d1025f91049fdfede,ad3e37dfe45b8580f9e0da8bda428089,delivered,2017-05-18 23:23:07,2017-05-18 23:35:12,2017-05-19 14:49:03,2017-05-30 09:12:24,2017-06-20 00:00:00
d8db06da4e2a4c2b6eeafaaeaebc21fb,834441d51e01d38a6035554cb25ed9f7,delivered,2017-11-08 13:15:18,2017-11-08 13:30:47,2017-11-09 15:16:55,2017-11-22 18:51:24,2017-11-29 00:00:00
acf3b6db7983342f3be14093471c84f5,578b6038884e899b536adcf02180f083,delivered,2017-10-13 22:30:47,2017-10-17 03:45:58,2017-10-18 21:58:47,2017-10-20 11:43:41,2017-10-25 00:00:00
b64ac23ab101c7a751f630414df68790,0e842b1aae47b4579c8495a93fe0aae6,delivered,2017-02-02 08:47:57,2017-02-02 17:15:15,2017-02-03 09:01:20,2017-02-10 14:52:22,2017-03-01 00:00:00
71c04eba03595f13adc87878455ffa92,e0064e1417dc16cadb558d1c5c0db377,delivered,2018-03-08 23:18:44,2018-03-09 00:32:23,2018-03-19 23:34:30,2018-03-27 16:58:31,2018-03-27 00:00:00
dc65a9b6855f6b8e44c417736cfb340d,d94ceba93d16afa686f9b1c085061a08,delivered,2018-07-14 19:19:05,2018-07-14 19:30:16,2018-07-16 13:37:00,2018-07-24 12:13:33,2018-07-30 00:00:00
64dca5c8f3f8a2c183455337d46ce896,316c698bdf2ad2046b2a3b5fcf9a4fcf,delivered,2018-03-21 14:58:45,2018-03-21 15:15:33,2018-03-27 23:18:39,2018-04-11 11:38:47,2018-04-12 00:00:00
9ecc5c5e57de488331667fb8c3d5f689,6adf93122eaabf5504841bbaaa04b99c,delivered,2018-06-18 19:09:58,2018-06-19 03:57:38,2018-06-19 16:32:00,2018-06-22 15:36:27,2018-07-13 00:00:00
fada50d2d61b65968d13d80940852475,7e05dc51bd5538d2f207b909ee47341b,delivered,2018-07-31 16:19:27,2018-07-31 17:31:12,2018-08-01 12:20:00,2018-08-06 21:03:58,2018-08-22 00:00:00
4263982d4e708f50640e858a5cce3baa,5277d855d8cb2479fe5bb9d101ae8ec0,delivered,2017-12-26 14:31:08,2017-12-26 14:49:13,2017-12-26 22:16:02,2018-01-03 17:47:58,2018-01-26 00:00:00
9f35328dc92b28c67517b812818dc6a8,0590c3c795016c3e5eea083a2e1f21b7,shipped,2018-01-28 18:08:56,2018-01-29 18:12:16,2018-01-30 18:08:45,,2018-03-02 00:00:00
f12cefe9433959386542247656221808,5d6d4a900e250bbef1deb1167433fbfc,delivered,2017-03-30 17:31:18,2017-03-30 17:42:41,2017-04-10 13:50:40,2017-05-05 00:13:07,2017-05-12 00:00:00
c7e6c5f6d269f68287d1d2471d70bf9f,f6dfe79686df0085bcb676cffd06b3e4,delivered,2017-09-14 19:50:33,2017-09-14 20:06:09,2017-09-15 12:33:44,2017-09-22 20:49:39,2017-10-03 00:00:00
7900eb5f4c656f8e2b69ff8751a09e8a,c1a4c8eba56bf95b78267d837d0d3568,delivered,2018-03-27 11:08:41,2018-03-27 11:27:48,2018-03-28 17:58:50,2018-04-10 23:56:44,2018-04-24 00:00:00
f80896ddec0878ff2475719a8784d53c,502e8addaeba926b9c154da9f3bbbecf,delivered,2018-08-16 15:02:31,2018-08-17 15:09:48,2018-08-20 13:22:00,2018-08-28 22:08:29,2018-09-24 00:00:00
a22df5d3fb8b3ec7e7adea94b1a4b967,f4667e52764fe8c934d545bd591d6946,delivered,2017-08-30 15:05:47,2017-08-30 15:15:25,2017-09-04 21:35:35,2017-09-14 11:44:40,2017-09-28 00:00:00
3025217f257165e00d2312dfe35a9b60,6baa5d0b60503b34549d866964173e16,delivered,2018-04-20 12:55:23,2018-04-25 04:11:11,2018-04-25 15:03:00,2018-05-02 13:48:50,2018-05-30 00:00:00
a4bcb4d049dc5b179e9ba02e64e38319,f9f48b7a817c0e55838139e7f03bb8f3,delivered,2018-05-07 17:25:59,2018-05-07 18:10:36,2018-05-08 15:41:00,2018-06-07 19:52:43,2018-06-11 00:00:00
004d76fef3dd46eb4f70da049c8d1f93,e600c255f682a86dfd0c57d3b1d7417b,delivered,2017-12-20 06:42:39,2017-12-20 11:10:33,2017-12-21 21:26:54,2017-12-26 20:52:29,2018-01-15 00:00:00
873b89c80c9a05f055f4670e055293ce,0205014bc84053ecae74d11d89f35f3c,delivered,2017-11-09 14:52:02,2017-11-09 15:07:10,2017-11-10 16:07:51,2017-11-21 14:59:05,2017-12-01 00:00:00
4c365e193d687efcaf025374ce057497,9d7be57ddc14f4872c4482d2eb258940,delivered,2018-05-09 08:47:44,2018-05-09 09:10:54,2018-05-09 12:29:00,2018-05-10 20:48:41,2018-05-21 00:00:00
4da9b175d4de58460535384da0f32f05,fdf5d4db9c10832e078f97fc5133074d,delivered,2018-04-29 21:53:18,2018-05-01 03:32:25,2018-05-02 15:20:00,2018-05-04 16:48:36,2018-05-14 00:00:00
6ed584543833dc37e292f333c63778f9,35f3104359010b4b976c2715ebbe8253,delivered,2017-03-20 21:53:34,2017-03-20 21:53:34,2017-03-21 11:29:44,2017-04-06 06:18:00,2017-04-10 00:00:00
75ddd6487d905b598d5dd7ce18351b02,b508681ed2399a6483ee9e5117baa082,delivered,2018-01-14 11:11:24,2018-01-16 03:36:32,2018-01-19 00:01:47,2018-01-26 15:23:07,2018-02-05 00:00:00
ac3bbb3fc408398a21fd798ff938c129,13be671c358636700d14125a912ffb99,delivered,2018-05-14 12:49:22,2018-05-14 13:16:54,2018-05-16 13:24:00,2018-06-20 22:48:30,2018-06-01 00:00:00
3fe73ed9f9247ec5ecf012be58e14579,f1996a8bca0cd0c205f131c476943130,delivered,2018-07-04 07:34:04,2018-07-05 16:24:37,2018-07-12 13:50:00,2018-07-24 00:03:31,2018-08-01 00:00:00
e21afd8936862499caccb6bc8dc749b7,8c5db6ab949fe1969b5c5adb8bcc75e6,delivered,2018-05-12 13:55:25,2018-05-12 14:12:12,2018-05-15 15:02:00,2018-05-16 13:28:33,2018-05-24 00:00:00
4c5b8b3b4df35733589fd795aa7e0d17,c26f75082b6f48de002fb3d255cc4683,delivered,2018-01-08 07:55:37,2018-01-08 08:07:30,2018-01-10 22:19:19,2018-01-25 20:04:30,2018-02-07 00:00:00
54e9851195e7b44a91adc2564e4d082c,bda3c56dbd200fd227650ef3d73978fd,shipped,2017-02-22 12:12:53,2017-02-22 13:05:16,2017-02-24 14:52:35,,2017-03-29 00:00:00
4863e15fa53273cc7219c58f5ffda4fb,d585ba9998251ba8cc0ee6ed21683b0d,delivered,2018-01-23 01:12:12,2018-01-23 01:19:25,2018-01-23 20:45:06,2018-03-05 16:23:02,2018-02-26 00:00:00
505bf01f1db6a65a3696e66ed7d44500,508510144b3fa2c6615639d97f86db55,delivered,2018-02-04 14:43:48,2018-02-06 05:31:47,2018-02-07 19:33:39,2018-03-05 10:39:04,2018-03-12 00:00:00
e4edd7f42d1e4c150c41533aee5e7a36,308d4cf02943e88824df8b602f610931,delivered,2017-04-05 21:17:47,2017-04-05 21:30:15,2017-04-10 16:22:28,2017-04-17 11:06:16,2017-04-26 00:00:00
072577283d9ec2718f05c37d141d65de,93e5e053fee7863481445ab2f577c8d4,delivered,2017-09-22 09:01:26,2017-09-22 09:10:23,2017-09-25 21:52:52,2017-10-03 20:26:53,2017-10-09 00:00:00
6bb9879bb3cae417e534baf8c84cf26e,c6ce0c0c6894adce607013e6f0543308,delivered,2017-11-25 09:21:32,2017-11-25 09:33:38,2017-11-29 23:31:53,2017-12-16 11:38:46,2017-12-19 00:00:00
25663824cc56a3ac5c5674a1df0567da,8be2f2b274298b57c07e4b55a77ae11f,delivered,2017-11-24 19:33:56,2017-11-24 22:57:38,2017-11-29 23:16:58,2017-12-07 12:53:30,2018-01-03 00:00:00
a83caeb2e8820ea81aed1583aaecc19f,cecc877dcada3f1b054ea18465e1795f,delivered,2017-05-17 11:19:41,2017-05-18 14:10:16,2017-05-19 12:25:27,2017-05-26 15:42:11,2017-06-06 00:00:00
1339b6c9436a2ac70c404ab3b35deac7,288f149562c32b5c08d531af328609e3,delivered,2018-08-03 15:44:07,2018-08-03 15:55:28,2018-08-06 14:27:00,2018-08-09 19:58:22,2018-08-17 00:00:00
97cbadeb1b5e215ee40649888763f85d,aa8fa07c45822fc5fd6bd35e0a65dbf8,delivered,2018-05-01 11:10:57,2018-05-01 11:36:17,2018-05-03 06:31:00,2018-05-16 19:05:21,2018-05-24 00:00:00
d6d993e7d10a1d9f783038e18d115a90,aa2ebf632218f1246a1189e1f1241178,delivered,2017-09-27 10:20:28,2017-09-28 09:56:19,2017-09-29 21:03:31,2017-10-05 16:55:09,2017-10-23 00:00:00
201a1768a7050d53fdc64d42ff882422,c82b78fd9e825027edee984dfd281127,delivered,2017-10-16 12:05:22,2017-10-17 04:08:20,2017-10-18 20:12:35,2017-10-26 21:27:37,2017-11-01 00:00:00
bd2fef198085db0b586b9c71aa2d35da,fd78e5e3abdc375368456fe738694c00,delivered,2017-03-27 11:26:48,2017-03-29 02:15:16,2017-03-31 08:13:51,2017-04-07 14:28:38,2017-04-10 00:00:00
9941a0a6225e94809b6d9955bb16b594,7ea85f585581eb47056e7d88bc9dd900,delivered,2018-03-26 10:35:15,2018-03-26 10:47:54,2018-03-26 23:08:47,2018-03-27 17:12:59,2018-04-09 00:00:00
b88b8337c47b229661db8279774bf6d4,21d33cd24f2d3c53dac9f3ccca13d0b0,delivered,2017-12-08 09:12:15,2017-12-09 02:35:23,2017-12-12 21:59:17,2017-12-13 19:59:11,2017-12-27 00:00:00
f8cb4efdea8763488b96468162ab5e93,cd7cd63216b250f2ad1f56ddbf0ad588,delivered,2018-05-08 12:26:55,2018-05-08 12:56:48,2018-05-08 15:19:00,2018-05-14 23:56:58,2018-05-22 00:00:00
2395fd4999715780712fd089ccc57d50,ebb851f5d35f63b33ec866a0d598427d,delivered,2017-07-23 07:36:10,2017-07-23 07:45:07,2017-07-27 15:05:35,2017-08-01 18:36:38,2017-08-15 00:00:00
bdd235f0cec5fc3c21249b12446542c7,a36a736c8e0286e11a01c4dc3f35dbc7,delivered,2017-05-09 23:22:43,2017-05-11 03:50:13,2017-05-11 14:44:44,2017-05-23 06:25:56,2017-05-31 00:00:00
60af278f906288b007abe310c7dd3223,a7983813bf5a1e4e405d2e62ea2bcd4c,delivered,2018-08-19 08:57:45,2018-08-20 11:10:05,2018-08-20 13:14:00,2018-08-22 17:11:55,2018-09-04 00:00:00
a0eb4b1d3b5e4c29890291cc63a8eb20,3b396314ce0b8974b7061c0d11212416,delivered,2017-11-27 13:25:29,2017-11-28 03:31:16,2017-11-28 18:06:51,2017-12-21 14:37:11,2017-12-20 00:00:00
be73d4698f2f4939662dd7788cf3dad3,c4f67a171b27e7cb73bf6052ea780f32,delivered,2017-07-14 16:35:07,2017-07-14 16:45:18,2017-07-20 17:13:04,2017-07-27 19:55:50,2017-08-07 00:00:00
9735dec1ed2250c0791871ceed7a0161,12388b49e68e75381131ee52c3b990de,delivered,2018-01-24 22:54:12,2018-01-24 23:16:10,2018-01-29 18:07:11,2018-01-30 23:58:46,2018-02-08 00:00:00
4161798c09365bbbcacafab93fa8a790,a95a013cc034f54bc1b6481e412ff482,delivered,2017-02-14 16:58:11,2017-02-14 17:10:06,2017-02-16 15:22:29,2017-02-20 14:03:25,2017-03-15 00:00:00
1a9979add53335be401feeaca64ee040,530d8874530097fe08d07d999b63c780,delivered,2017-05-09 02:36:03,2017-05-09 03:42:09,2017-05-09 12:10:23,2017-05-17 12:57:45,2017-06-05 00:00:00
36aa7a4fce4353a2a7f6d2aa9448900f,3cff79bc3cc73ae212fbc01eb269acfe,delivered,2017-01-20 14:27:46,2017-01-21 03:06:44,2017-01-23 09:01:45,2017-02-03 10:38:55,2017-03-06 00:00:00
df10d0bdfbbb6fb8e810bc327037518d,f4ce8a125e603505119b18e5a1d3bab1,delivered,2018-02-25 18:06:06,2018-02-25 18:15:30,2018-02-28 19:07:29,2018-03-29 20:12:56,2018-03-26 00:00:00
1e9352dba893481b509cf78caedc1cc5,f80a4ebe5d3be56c0c304a5a1ee02918,delivered,2018-03-20 08:50:42,2018-03-20 09:08:36,2018-03-27 04:52:49,2018-04-23 16:46:35,2018-04-12 00:00:00
ae9c433acd3649acfb7c7bf169b307da,f315a90272ed1b6613938fbf58f0c329,delivered,2018-05-01 19:24:10,2018-05-01 19:35:26,2018-05-02 13:36:00,2018-05-25 15:06:51,2018-05-24 00:00:00
8d625aa81a50cd3c9f3676de0f72c111,525f45969d83e93945484be16947473e,delivered,2018-04-12 15:00:33,2018-04-13 13:14:36,2018-04-13 22:13:34,2018-04-30 21:40:35,2018-05-07 00:00:00
f31dd475a9e762d3b7b023b77d03a8e1,878bf7754a5b3f732a8b6c3d5621e2ff,delivered,2017-05-05 18:54:54,2017-05-05 19:10:06,2017-05-10 09:54:39,2017-05-16 09:32:35,2017-05-30 00:00:00
74e85c9073bd0cf474433bd75c31aac2,30f64100324740467832c33c5c95a79a,delivered,2017-04-05 13:47:30,2017-04-05 13:55:12,2017-04-06 19:22:48,2017-04-10 15:57:47,2017-04-28 00:00:00
497bb8ade48b55b142982e508307a14d,ada7aa64fd4dd0de6d39f26908808090,delivered,2017-03-09 14:24:57,2017-03-09 14:24:57,2017-03-10 12:59:17,2017-03-14 14:22:56,2017-03-28 00:00:00
0549a140f31f96d7cafd46b91d604c06,c798702c7aeaca1e47c10e45742b5c02,delivered,2018-05-06 21:44:22,2018-05-07 10:11:18,2018-05-07 10:40:00,2018-05-14 17:12:01,2018-05-24 00:00:00
f669d5e1f9c13992b70a6d8fdfaa3e15,144717d8af78109c81837d3935735d48,delivered,2018-05-04 16:48:24,2018-05-04 17:10:04,2018-05-09 14:59:00,2018-05-16 00:46:45,2018-05-25 00:00:00
464cb95a770d35deaad9a87fcabc9f5b,7aa5e48a919e52f158907a0816e454cc,delivered,2018-08-21 09:04:45,2018-08-21 09:15:23,2018-08-21 09:16:00,2018-08-23 23:27:37,2018-09-10 00:00:00
1433e41f5b7837f6518b2184d3f9af84,56e0d7f255712e35eca5efc820dadab1,delivered,2017-08-17 21:15:13,2017-08-17 22:05:19,2017-08-18 20:17:48,2017-08-28 18:57:54,2017-09-13 00:00:00
a6d454a822e1617a913f0f3d0f20f601,eb230c5952e4dbd6482a61f3da20475d,delivered,2017-04-26 07:39:01,2017-04-27 13:10:43,2017-04-28 07:42:01,2017-05-08 14:05:51,2017-05-17 00:00:00
1de86d094f7dd41cca13d246d3b7fd07,0462ec49c7305de0305ec03923c990c1,delivered,2017-11-04 11:25:14,2017-11-04 11:35:32,2017-11-07 14:48:06,2017-11-13 23:06:45,2017-11-28 00:00:00
cc9354480b3cbcd3978c54317929f536,e997d50cc8d98d1c7445f8e6e79c9852,delivered,2017-10-30 16:32:09,2017-10-30 17:31:33,2017-11-01 17:53:47,2017-11-06 17:02:25,2017-11-17 00:00:00
c06778fe7190305b40c98b8cab8c2686,01eb5d87b91efdf894ea8fd03ca2a188,delivered,2017-03-31 12:11:02,2017-03-31 12:23:51,2017-03-31 12:53:36,2017-04-06 13:53:47,2017-04-25 00:00:00
83ce097e3397deaca1b9af25b0e0b469,ed9a27a69eeedb2c7a9107fbd903ec0c,delivered,2018-05-19 23:44:09,2018-05-20 00:36:56,2018-05-21 12:02:00,2018-06-12 19:46:36,2018-06-06 00:00:00
6687cfa8becfa1f96e707fea36a8f5e4,8db300ca65a7fb8ae313ddd24b460e24,delivered,2018-02-10 12:24:08,2018-02-10 12:35:46,2018-02-15 15:59:02,2018-02-22 11:26:52,2018-03-08 00:00:00
5ab86968467c65a96b9a6437e9e83164,f778f02c91c3d2b58136d23ff663cc23,delivered,2018-05-17 20:48:34,2018-05-19 03:15:28,2018-05-24 13:27:00,2018-06-08 20:29:40,2018-06-06 00:00:00
e32a92918d2cdf233b619daa465cfb6d,efe125b54949364f392f99e7e9b93ac3,delivered,2018-05-24 00:53:52,2018-05-24 02:18:08,2018-05-24 16:15:00,2018-05-25 17:42:20,2018-06-11 00:00:00
1861e4e81b5e158dc1b6007cd95a61cd,7a446e358905474df5d0276236e4cf80,delivered,2018-05-07 07:36:50,2018-05-08 03:51:54,2018-05-08 14:17:00,2018-05-24 23:57:32,2018-06-04 00:00:00
3e72677344408fece35547ac4c8ebb94,bd4a8885eb34fde35641c041de257375,delivered,2018-08-28 01:57:12,2018-08-28 02:10:09,2018-08-28 14:39:00,2018-08-29 19:26:32,2018-09-03 00:00:00
8a5dedf23891883d88a7f6e28b880c8f,60c06a57fc591a04007cc99b992309d6,delivered,2018-04-16 13:01:39,2018-04-16 13:55:38,2018-04-18 17:38:54,2018-05-11 21:23:40,2018-05-08 00:00:00
86ec1d0936a3bf98ae768319835014be,c03fc422f2334cea87462b474f749cc9,delivered,2018-02-11 19:19:19,2018-02-11 19:30:30,2018-02-15 03:37:16,2018-03-10 14:48:34,2018-03-15 00:00:00
be5c91507e2c4ef294ee991d22b2d8e2,b8625aa8f28a89a33efe989f14d9fe29,delivered,2017-11-29 16:39:11,2017-11-29 18:12:34,2017-11-30 18:23:17,2017-12-02 20:27:00,2017-12-13 00:00:00
2c5871f32e23db4f41bf1c58df2f1bee,072495211b56605859c385bdbd35103a,delivered,2017-10-11 09:23:44,2017-10-11 09:38:19,2017-10-13 14:00:39,2017-10-23 20:33:13,2017-10-30 00:00:00
ddb28e64f7c595f1023404edab2df6c7,9982795598ae2714885ecb26b4247fda,delivered,2017-11-15 18:17:28,2017-11-15 18:27:13,2017-11-22 20:04:18,2017-11-27 22:44:33,2017-12-08 00:00:00
fe456fd2155744fb9a7180989d61c30d,c583f53deb44f18dd6def0714c11cb69,delivered,2018-06-22 08:03:22,2018-06-23 01:40:22,2018-06-27 10:23:00,2018-07-04 18:46:43,2018-07-23 00:00:00
22aa38d79daf931ecd4c115fdb1f9c05,1f849b0c9d0b1d49cfaf183090f9f2c1,delivered,2017-08-27 11:29:23,2017-08-27 11:45:10,2017-08-30 19:57:58,2017-09-06 19:48:42,2017-09-27 00:00:00
ba41a24657e04c46f93a0c763f8a5646,05ef118f93c526baee95865084ed4ab1,invoiced,2017-05-12 13:55:58,2017-05-12 14:05:21,,,2017-05-30 00:00:00
ade74a481419f780807e4b4149e1c49b,ff254b653da23dd3849befc8e10e56cf,delivered,2017-08-10 21:32:07,2017-08-10 21:45:16,2017-08-17 12:26:38,2017-08-29 20:51:48,2017-09-18 00:00:00
112e4bf33b48220e04bb8fac65cce36e,1a7998311dc094daaa4dcf05cc9955e7,delivered,2017-11-21 23:34:36,2017-11-21 23:50:19,2017-11-22 15:24:50,2017-12-08 20:35:33,2017-12-11 00:00:00
c905cacaa6e015fbb73787c7c31fabaf,6af03066082921bc62c125b085440b76,delivered,2018-03-09 11:56:50,2018-03-10 13:27:52,2018-03-12 18:42:26,2018-03-23 18:15:53,2018-04-09 00:00:00
9ee00d9d44d9a242646b54a038c288cc,b53366ff048ac96275d312d7f18e5a3b,delivered,2018-02-22 22:59:05,2018-02-24 02:50:48,2018-02-27 23:48:53,2018-03-02 19:04:14,2018-03-08 00:00:00
9951333a5f09b5c054baa1f1c43887c8,d8ab5b41d7a5762f09f5327d552dda1c,delivered,2018-06-12 16:36:31,2018-06-14 02:39:30,2018-06-20 13:15:00,2018-06-21 15:38:56,2018-06-26 00:00:00
a10055536fe311de2b76c8b7040cac85,3ceb1d618224bd9b3bef7cb69a44442c,delivered,2018-07-18 23:14:18,2018-07-18 23:25:13,2018-07-20 11:41:00,2018-07-25 19:18:34,2018-08-03 00:00:00
f6c7eba2dda849d3fe744fd74907296c,3edf1142901dcc868ace8ad17460326e,delivered,2018-05-23 17:57:54,2018-05-23 18:17:10,2018-05-25 08:40:00,2018-06-05 14:08:55,2018-06-11 00:00:00
7bc63e447b9ad4b44da2f65bd74bf793,0b1b2bec0274b05ba3d6773573b286e6,delivered,2018-04-28 15:06:31,2018-05-01 06:12:49,2018-05-02 13:17:00,2018-05-14 12:56:02,2018-05-25 00:00:00
1f9ed60661469689dae5955276ef81a5,46853a08808655a711805c973b549079,delivered,2018-08-02 18:56:22,2018-08-02 19:10:22,2018-08-07 11:15:00,2018-08-10 13:08:41,2018-08-20 00:00:00
279cc62fe9c5a9e6a7ad5a7536560944,452029fda060d82aa31f0345259f5481,delivered,2018-08-19 23:00:16,2018-08-21 04:30:19,2018-08-21 15:12:00,2018-08-27 13:18:57,2018-09-04 00:00:00
6b313b07f096e0b9354fd4f097abaed6,9279b96ee5b2b0f686e5a28d8cc1739b,delivered,2017-08-02 17:27:45,2017-08-02 17:43:24,2017-08-08 12:32:57,2017-08-15 17:03:57,2017-08-28 00:00:00
93c6619a4bcc406da04323380c97d896,a56b4cea59c2dac239098f58dbf22a7b,shipped,2018-01-26 11:24:27,2018-01-26 11:39:36,2018-01-29 20:42:48,,2018-03-05 00:00:00
29c69ae727d8bb736031fca3caa080a9,831fc42cbb28facf21ef22c90a53e85e,delivered,2018-06-25 17:30:36,2018-06-26 17:35:44,2018-06-27 10:32:00,2018-07-04 22:18:42,2018-07-23 00:00:00
8a170c32858870f69d7a3477fcca9a4b,3f6cd3d8326965c0d9cc53a851559a0e,delivered,2017-09-05 12:49:09,2017-09-08 09:30:18,2017-09-08 15:15:00,2017-09-20 20:09:40,2017-10-10 00:00:00
6bd24c02ac923942e7428dde3797ecd4,fe2218eead180310317b543edf415e2b,delivered,2018-04-25 09:23:37,2018-04-25 09:35:27,2018-04-25 12:00:00,2018-05-05 15:33:33,2018-05-18 00:00:00
5429402f55e24651d38a030602f4b50c,938e497ea26829c6f9a44f67137c8a3b,delivered,2018-02-02 20:04:43,2018-02-06 04:33:00,2018-02-06 15:55:54,2018-02-14 18:08:13,2018-02-26 00:00:00
fb778dbecc94ac70dabbc1bf2d339e0a,1508b69411adce05d88efcb7cc673977,delivered,2017-11-24 16:17:29,2017-11-24 20:13:58,2017-11-25 15:56:51,2017-12-21 19:27:49,2017-12-22 00:00:00
53555a45da468a1ae66bd1572a7002e6,7ab483b1f17bdd6c1f0707325eebb01a,delivered,2018-07-04 19:52:09,2018-07-05 16:11:35,2018-07-05 14:52:00,2018-07-11 18:08:38,2018-07-25 00:00:00
0588a3721b3d0a1f0b549fb84fd9cf10,7ba8828b204ff74e292e6a82f84415de,delivered,2017-12-23 18:27:54,2017-12-23 19:31:02,2017-12-26 16:58:22,2017-12-29 15:58:25,2018-01-22 00:00:00
9cc24e01fbb1cfd8cbb426c88f52ab23,4b60092c1249e811f93fe1e171cd4c8c,delivered,2017-07-27 20:52:24,2017-07-27 21:05:17,2017-07-28 17:36:41,2017-08-01 18:21:55,2017-08-09 00:00:00
1b8745ddd6a7e93533359bb9e6bc91f4,71225a0d901fde1ab429bb0c14978b41,delivered,2018-02-02 22:40:13,2018-02-02 23:50:13,2018-02-08 23:52:32,2018-02-19 14:52:17,2018-03-12 00:00:00
e02e028e7d2ce34852594cbb87cb7629,443fb38bef9cd479ea0f132d98d6713e,delivered,2018-07-01 21:45:30,2018-07-05 16:04:53,2018-07-05 14:41:00,2018-07-10 18:51:35,2018-07-18 00:00:00
a214ab5dc32ac17a484d2e0f95f8c90b,e0b89d3345cbf9eaaa1bb96aef164b22,delivered,2018-08-01 12:28:56,2018-08-01 13:04:33,2018-08-03 12:51:00,2018-08-10 02:08:33,2018-08-10 00:00:00
8341d1e71471e5648920efec5acd822c,14140fd1c37b9be37a147bf90ecb6060,delivered,2018-02-14 15:25:48,2018-02-14 15:35:38,2018-02-16 02:12:30,2018-02-19 19:03:53,2018-03-01 00:00:00
7ae7179411c2f0b4cb5d98d2254ca59b,d346fa426e80f9eabb3da46ee027a73d,delivered,2018-08-17 00:35:42,2018-08-21 04:50:18,2018-08-21 13:51:00,2018-08-28 18:02:00,2018-09-06 00:00:00
3040863957c9336e7389512584639bb5,f6a9bfc46722d91dc2306b08a0b8e11a,delivered,2018-03-23 16:36:07,2018-03-23 16:50:56,2018-03-24 01:31:03,2018-04-05 20:32:38,2018-05-02 00:00:00
8f5b71cb7b725a21f373cf39ddf4bfbb,3d6ac2c1525fec617090518a900b4cc4,delivered,2018-05-10 13:48:32,2018-05-10 14:16:09,2018-05-14 06:41:00,2018-06-06 22:58:32,2018-06-06 00:00:00
e9a88f18e874c214619d73691f41ce5e,0a22b6d860477125f1aa8484c4887615,delivered,2018-06-23 15:19:01,2018-06-23 15:38:44,2018-06-26 08:42:00,2018-07-02 19:11:16,2018-07-23 00:00:00
f201d0924f68c1eadbe0e527ae947481,2c0447ab1223f91bff38da0d34153e1d,delivered,2018-04-21 17:20:44,2018-04-24 17:59:23,2018-04-23 19:14:27,2018-04-24 19:36:32,2018-05-10 00:00:00
7b53b1cf65f789e7dd9e71e8129c31a5,cbfbc8f298774e3466e80306f6cee1a2,delivered,2018-01-27 12:08:57,2018-01-27 12:18:20,2018-01-30 14:26:09,2018-02-27 19:13:21,2018-02-20 00:00:00
8e21294be5e4cba1d069be0f7d4eaae1,2df78ad2d147f2706a92137a24ae452d,delivered,2017-12-14 16:59:20,2017-12-16 02:51:30,2017-12-20 20:47:18,2017-12-28 16:38:58,2018-01-09 00:00:00
ea596ac84581cc15c1d4d3fbf69acf04,9abf15a2f31830651027730d7be7c382,delivered,2017-05-31 21:21:27,2017-05-31 21:35:07,2017-06-02 14:49:07,2017-06-07 18:06:49,2017-06-21 00:00:00
c69e7e591d11462c6a11215e52c4329b,1c1e1532dcfb2dba978d8f91fef9484f,delivered,2018-06-17 22:05:56,2018-06-17 22:32:30,2018-06-19 13:48:00,2018-06-22 17:32:30,2018-07-05 00:00:00
d65342a5836898c61a3ca324c2226927,d84789ac57945e39f324f63e2059b36f,delivered,2017-10-16 10:05:47,2017-10-16 10:27:29,2017-10-16 19:35:27,2017-10-29 14:39:47,2017-11-08 00:00:00
20558ca5369266042d7354ad272ce035,7a3eeb05f6f5d2ae7197941b5b2042fd,delivered,2018-03-01 22:05:24,2018-03-01 22:15:36,2018-03-06 02:04:09,2018-03-16 16:07:29,2018-03-20 00:00:00
c4e8de1b1ec983e061c3ff765be41405,c3b95e06aec930357964374b1a004941,delivered,2018-04-25 22:21:30,2018-04-25 22:35:12,2018-04-26 13:20:00,2018-04-30 20:12:40,2018-05-11 00:00:00
68490c57a7a7ef7602fec9765720fc48,eacf93d5618971d7871e78e53bc4d24d,delivered,2018-05-01 22:42:56,2018-05-01 22:55:34,2018-05-02 14:53:00,2018-05-16 21:28:47,2018-05-30 00:00:00
4d9bdc2fb2669f62c3f9b40eb1a41c4b,d4b0aac5c815e51d81bfb5b93efa1fa7,delivered,2018-07-05 12:34:33,2018-07-05 16:10:02,2018-07-06 10:57:00,2018-08-21 15:49:44,2018-08-13 00:00:00
febdd8913edff4946861c4fb4e191828,91418895be4807d7cc617ba822fdc1ff,delivered,2018-07-16 22:48:07,2018-07-16 23:00:40,2018-07-17 14:23:00,2018-07-24 16:41:43,2018-08-08 00:00:00
a04639b53f2cbd1f77b63ed44168566e,3d3e7494fc24a4f50a6bff232428f8fe,delivered,2017-04-16 22:01:47,2017-04-18 04:11:02,2017-04-19 15:05:45,2017-04-28 10:35:38,2017-05-25 00:00:00
db582aca3fc2d44e76fa63eb576032c5,1f65ffa28b17071b335111d630ac7837,delivered,2017-05-04 13:31:14,2017-05-04 13:42:29,2017-05-11 10:51:49,2017-05-12 09:42:00,2017-05-25 00:00:00
7ce709f07a1593a395e419ec63e8a766,bf0d532260f2716121748dff1564a117,delivered,2018-03-09 14:16:32,2018-03-09 15:20:31,2018-03-12 16:28:39,2018-03-26 17:13:00,2018-04-04 00:00:00
86730759997ebded9a8c14a211244a4f,5a68256bbda0c9039b25af6329d39a38,delivered,2017-03-20 11:44:58,2017-03-20 11:44:58,2017-03-21 10:37:02,2017-03-27 14:04:07,2017-04-10 00:00:00
d19ac15d2d6a66a837bc8bff474218b2,65f9fcdfff4dad68c4d46b256227f406,delivered,2018-07-30 01:23:40,2018-07-30 18:31:09,2018-08-06 15:08:00,2018-08-17 22:03:16,2018-09-20 00:00:00
4f037f852cf9b1a96760775d55221c33,099da9e0fc3ea53e74144c6f8427ae07,delivered,2017-09-11 22:29:32,2017-09-11 22:43:52,2017-09-12 19:11:31,2017-09-27 16:10:48,2017-09-28 00:00:00
2ca8cb6bbc44be38933576d3355ab023,ecc01a7db7e16645ce32042b7f83beb5,delivered,2017-12-30 14:32:09,2017-12-30 14:46:38,2018-01-02 16:05:02,2018-01-31 22:35:15,2018-02-01 00:00:00
236ec68da130bed142ae4b3f355fb871,49ba3ceaad54253d0474dc4843e932ce,delivered,2018-04-05 22:53:51,2018-04-06 11:10:36,2018-04-09 21:41:11,2018-04-19 14:46:49,2018-04-27 00:00:00
de0076b42a023f53b398ce9ab0d9009c,9c48b4a1e7be90b187665db74770750b,delivered,2017-12-04 11:15:54,2017-12-27 14:03:00,2017-12-29 15:18:30,2018-01-09 19:26:55,2018-01-05 00:00:00
0ab4790a52443a30df72f298b03077db,6cdcd721d17f36e52099be0d2a99e25b,delivered,2017-08-02 07:26:53,2017-08-02 07:35:18,2017-08-04 18:28:55,2017-08-07 16:07:45,2017-08-15 00:00:00
bfa7102f2f9eb8afc761f1eedb37c744,d738c27ec39bc3dc997ca02f61c2616b,delivered,2017-03-16 11:15:22,2017-03-16 11:15:22,2017-03-24 18:22:44,2017-04-03 13:54:46,2017-04-11 00:00:00
0347673d14e454a696bca6aebe61f23e,f1d2dccf40e047efb9b678cde4a123cc,delivered,2017-11-27 14:54:37,2017-11-27 15:18:03,2017-12-06 13:54:51,2017-12-22 12:27:00,2017-12-19 00:00:00
43ad25e09be659b55ed165e2dd94f360,46aa4fd9f28218dc3f9f057b90b01255,delivered,2017-04-26 12:18:53,2017-04-27 13:23:02,2017-04-28 17:47:18,2017-05-09 08:29:08,2017-05-29 00:00:00
c04e014dcd8cd03c0965032a263f2a8e,7047310f94a69fcacee337a4a8e5ef66,delivered,2017-11-20 18:05:05,2017-11-20 18:13:24,2017-11-22 18:22:07,2017-12-01 16:22:50,2017-12-12 00:00:00
965feb5d147d2e59d18eb3f9a1b4d5a2,4c66e063c2ed8691306b5828b5c66323,delivered,2017-06-22 15:26:44,2017-06-22 15:35:19,2017-06-26 11:39:30,2017-06-27 14:47:47,2017-07-06 00:00:00
e3f63d695cfe84fa1e2631900ff2b456,304c8c302baea45729b11b7b75a5de2a,delivered,2018-04-20 10:57:14,2018-04-20 11:12:36,2018-04-23 10:17:45,2018-05-08 12:49:50,2018-05-23 00:00:00
03368cf33950e57f7da415d43f792e0d,8399f53660e61c830a30beaf52472f10,delivered,2018-06-26 09:15:20,2018-06-27 08:11:52,2018-06-27 11:46:00,2018-07-04 12:19:36,2018-07-31 00:00:00
9a782f23eb6da2242a6a594ddaf8bbd9,78e98673c2c07e2fcec182b32d12a0c5,shipped,2018-07-16 14:15:43,2018-07-16 14:25:17,2018-07-17 13:01:00,,2018-08-06 00:00:00
02f8584bbcb3aeae87d8e697737fb5b1,dd19811f111cf44a0e3d97b617373301,delivered,2018-06-11 17:29:39,2018-06-11 17:59:58,2018-06-12 14:01:00,2018-06-13 21:50:49,2018-07-12 00:00:00
22f82f4ddd82eaceedd37f1da79e4e91,57706311eaa9567de77ec5cd329eeb7f,delivered,2018-03-02 10:05:07,2018-03-03 02:51:03,2018-03-06 20:12:45,2018-03-20 23:04:41,2018-03-21 00:00:00
ade009c6183b28931a1ea0841dccaa94,57ab0b86739f534f806ac41de113296f,delivered,2018-07-23 08:26:54,2018-07-23 14:31:47,2018-07-26 13:39:00,2018-07-27 20:08:39,2018-08-02 00:00:00
b3f053abcd9dceb75b5e7bf7e0ac557c,bbe6e0278fc1136ce2de5a39efcc2a8d,delivered,2017-10-24 09:25:12,2017-10-26 03:08:50,2017-10-27 20:47:04,2017-11-13 22:06:45,2017-11-22 00:00:00
07dee0f0916a444098de4beea749c5e5,f4b583877f26ed2e5eb4f1a1d9369695,delivered,2018-02-02 13:58:20,2018-02-05 11:30:03,2018-02-05 22:53:18,2018-02-19 23:04:25,2018-02-26 00:00:00
c73f8cc3ea18990249df87fd4af96899,190ca40cfc70a35c96a6f3af9a9ec98b,shipped,2017-03-04 15:13:24,2017-03-07 04:10:35,2017-03-07 15:42:30,,2017-03-30 00:00:00
6e869d1907ce294ac97ad48718569c68,1460cbfc1a51e99e846715bd9e430f11,delivered,2018-02-03 19:45:05,2018-02-06 04:33:11,2018-02-19 22:16:52,2018-04-02 19:14:40,2018-03-28 00:00:00
69f645b07a409fb02369b4f665295d7f,2db50dfe7ae7fcd6f6c1be67f24704cd,delivered,2018-04-11 14:15:32,2018-04-11 14:32:20,2018-04-12 00:14:28,2018-04-13 16:44:30,2018-05-02 00:00:00
d29389c3c21bb08880e15429748e5ff4,9c77fb557d9f0893953dc65765db1ba7,delivered,2018-03-19 00:18:50,2018-03-19 00:30:36,2018-03-19 19:28:31,2018-03-29 14:59:39,2018-03-29 00:00:00
d10503eeef371049c26e11de7d6552dc,5429c758eacf141b7a8a16e40979c9f3,delivered,2018-07-11 16:05:35,2018-07-11 16:15:17,2018-07-12 13:58:00,2018-07-13 16:03:14,2018-07-20 00:00:00
4cd0392f4d2e88d71f9b8a2283806f53,c09c310fa27c644ae4c7b02b09877028,delivered,2018-01-24 18:19:05,2018-01-25 02:38:11,2018-01-25 22:38:55,2018-01-29 22:53:06,2018-02-19 00:00:00
8ca358a9578fb7919efe79785693d479,73137fc8b946c9096848aa6c67aa83e3,delivered,2017-05-10 15:51:43,2017-05-11 06:35:29,2017-05-11 09:44:50,2017-05-17 10:04:59,2017-05-30 00:00:00
f9b9315ba69bd868c7a741f96f944dfb,677569aeadbd20c685728650b69130fb,delivered,2017-07-24 14:50:46,2017-07-24 15:03:30,2017-07-27 16:24:19,2017-08-15 13:04:48,2017-08-21 00:00:00
f28f39649e3b855c1e269fde05f2629f,c900738d9a4481241c132177fdb51380,delivered,2017-07-26 09:20:33,2017-07-26 09:30:18,2017-07-28 16:09:32,2017-08-01 17:47:54,2017-08-10 00:00:00
432c429c86371b479f48d4aed000409d,720091e847553538ebc1c9ee683f18bd,delivered,2017-09-19 09:49:05,2017-09-21 02:46:19,2017-09-21 18:23:15,2017-10-03 18:50:19,2017-10-17 00:00:00
5e8125228086e366702d4aab930260d9,fbdf17d388eb76b9429b4f7aef836f63,delivered,2017-11-25 15:37:54,2017-11-28 02:56:05,2017-12-01 22:09:08,2017-12-18 19:26:45,2017-12-20 00:00:00
1a78873aa81c079a98bd58e77ea6a5aa,1df9961ffcedd6486e64a068c401d303,delivered,2017-12-07 17:48:49,2017-12-07 18:20:30,2017-12-08 23:04:10,2017-12-15 16:53:26,2018-01-02 00:00:00
6ffb6234c4ed70abafb657b0111fa8c6,6e8dfafb3f724a86fee4a2ac82eb3b47,delivered,2017-06-23 01:18:26,2017-06-23 01:30:07,2017-06-26 13:03:49,2017-07-12 13:41:38,2017-07-18 00:00:00
150d57489c190648d7496031f9d449d3,0d2ebe560b5e8a4dc417435cb090eccf,delivered,2017-08-02 17:45:38,2017-08-02 18:05:08,2017-08-03 19:34:24,2017-08-07 18:53:41,2017-08-24 00:00:00
7f4543ed4571a4dba6f757f8d0669756,377b2cc53afa03ea26f0a70208ec4bf7,delivered,2018-06-26 21:16:55,2018-06-26 21:30:18,2018-06-27 10:55:00,2018-06-28 18:18:37,2018-07-11 00:00:00
e0eaf809859a6844fa893ae9c9af2ddc,7029a3107d8d456eec9c11bb8684c1b3,delivered,2017-10-11 19:33:33,2017-10-11 19:49:13,2017-10-16 09:49:56,2017-10-25 16:43:06,2017-11-03 00:00:00
1a5bab5fc9814b7cc524a323bd4e80b4,74741f26d461854aba87ef316dd54b9d,delivered,2018-06-17 16:11:42,2018-06-17 16:32:22,2018-06-19 10:55:00,2018-06-20 15:36:53,2018-07-05 00:00:00
fe51b7fac3bea42115fa1c3b8973cba7,6d5e1d35a851d675a22340b72a01a285,delivered,2017-12-12 21:34:07,2017-12-12 22:23:29,2017-12-15 16:16:36,2017-12-18 12:28:57,2018-01-15 00:00:00
e72511587872c5769d43aeda089b28ca,d5e32f4d48eefeadfbcb1b8e068369fe,delivered,2017-11-27 11:26:16,2017-11-29 11:37:15,2017-11-30 21:51:22,2017-12-14 21:21:33,2017-12-28 00:00:00
1a20ab8b4c6dc17ffd5ec843d425e039,61796c6f77ebcb1897edf4a87ad5fa2a,delivered,2018-01-26 08:17:40,2018-01-26 08:29:50,2018-01-31 22:43:02,2018-02-01 23:39:27,2018-02-09 00:00:00
885c76f54371ef662fb8e97b3338782a,4f37db872751039e79a1340249336e59,delivered,2018-03-07 17:51:30,2018-03-07 18:10:15,2018-03-08 19:02:15,2018-03-14 02:32:38,2018-03-23 00:00:00
0f63808f83bf11bad13ddac9234dc419,1d8b2185936f79f4905ce9b17a40ff05,delivered,2018-06-13 12:42:06,2018-06-15 02:37:31,2018-06-27 07:59:00,2018-07-03 17:52:52,2018-07-20 00:00:00
68c266b203d2b5b9e4f724d2b0bf532f,56a399b7bf72b40c77f30f3d9f474611,delivered,2018-07-03 23:08:45,2018-07-05 16:27:08,2018-07-05 14:28:00,2018-07-09 20:36:45,2018-07-19 00:00:00
b36f1b439a234966d6d7dd52646bfd39,47202e05f5f0a38ce9f89ad7f7d5ccbe,delivered,2018-07-20 21:57:45,2018-07-20 22:10:16,2018-07-23 13:53:00,2018-08-03 16:48:48,2018-08-09 00:00:00
2f669a3575b067a0f0b88d47f53709c2,f02997f50d14ca353efc7da32d363a8d,delivered,2018-04-29 20:45:10,2018-04-29 21:10:05,2018-05-02 12:26:00,2018-05-09 18:58:30,2018-06-05 00:00:00
447bd8e2281ef147772c942e18c2229c,516183bb499f5c0a1c467cad231e5cfc,delivered,2018-05-18 22:11:22,2018-05-21 17:56:38,2018-05-22 09:40:00,2018-05-23 15:25:07,2018-05-28 00:00:00
f9d90a312f7c442297e418dbf9564475,35b031db03bcb2b6e37e2ed393ab3720,delivered,2017-10-17 16:03:38,2017-10-18 03:14:41,2017-10-19 16:46:53,2017-11-09 15:27:35,2017-11-08 00:00:00
dde3bf0e00ce7839990af294a0897426,4b631a6c9dc0f91a36bc3ece5df5ba11,delivered,2018-04-10 10:21:47,2018-04-11 08:50:52,2018-04-12 23:38:37,2018-04-24 18:58:41,2018-05-07 00:00:00
95a1df36f1ae09c33e97d8e7ffd71273,99923b03e0bcc01975a71c7ae9a79942,delivered,2018-01-14 16:38:22,2018-01-14 16:48:34,2018-01-31 16:13:02,2018-02-10 02:29:53,2018-02-15 00:00:00
91582e33b7943eb270559a4e9acbd44d,925533ec4e032b991c9c2d817c378711,delivered,2018-01-19 11:44:32,2018-01-19 11:54:32,2018-01-23 14:36:36,2018-01-25 17:36:43,2018-02-09 00:00:00
d8cdb1ec6e73dc6a9fcf2b7700afaf3c,fcb2ef0d55a8f60738b15012aab22da7,delivered,2018-03-18 19:56:52,2018-03-18 20:10:31,2018-03-20 15:54:56,2018-04-05 23:36:33,2018-04-06 00:00:00
342cf69b4246df3d10f217d51f73d01d,77961ccd1178bd74513c38a56252dd38,delivered,2017-10-03 22:01:54,2017-10-03 22:14:22,2017-10-04 21:16:18,2017-10-16 19:22:14,2017-11-01 00:00:00
0654ec8b2a748a63a67ea1e763857357,0ddec1e0f5e5fcc429b215af8b967b33,delivered,2017-10-26 06:25:01,2017-10-26 06:35:20,2017-10-26 19:18:13,2017-10-30 17:55:50,2017-11-08 00:00:00
bd926618e549292e1aedabc96e833117,4510e3aefcc54f455571f665f6d0034e,delivered,2017-08-20 20:40:46,2017-08-20 20:55:24,2017-08-24 21:23:58,2017-09-07 13:12:21,2017-09-22 00:00:00
350600c11f111d462b138f8e6d1a36e7,0fb5021bb0f0d46a5a11c1a668931be1,delivered,2017-09-10 16:39:48,2017-09-12 04:15:37,2017-09-15 19:03:41,2017-09-30 12:47:14,2017-09-27 00:00:00
3e30da31e3bf405f3a0b771a7d935322,6c6151509750f656712f230f8ea8c3a0,delivered,2018-01-18 19:33:23,2018-01-26 17:03:37,2018-01-29 15:09:45,2018-02-08 20:32:49,2018-02-22 00:00:00
c8dc9486538955f490d0a13d54f76fe0,d7b03ef4577510e4de7c52b45b689d81,delivered,2017-10-06 19:38:37,2017-10-06 20:49:28,2017-10-20 14:28:45,2017-11-03 18:33:50,2017-11-10 00:00:00
4abf80e2c1c93771ac91d806e4e51c91,f4130da97144e87675795944bb522ae3,delivered,2018-05-02 09:04:43,2018-05-03 04:12:56,2018-05-03 13:17:00,2018-05-04 16:55:47,2018-05-16 00:00:00
f69de9f3c79fe9e8689a3718ea110a12,cbeff49531b84619a15169ed10ccac20,delivered,2018-03-21 14:03:09,2018-03-21 15:50:40,2018-03-22 22:03:21,2018-03-27 20:47:38,2018-04-09 00:00:00
2dc3a1303e348a49718ef4a190d14eb8,11a4c8abedc298e5fd500b5b2cd55d70,delivered,2017-09-13 18:48:47,2017-09-14 08:15:20,2017-09-20 18:14:07,2017-10-31 12:04:03,2017-10-11 00:00:00
2ce016258780a25ea0247d80ab0d7d08,bf02a543ec9f5b78a2674f789ad7d816,delivered,2017-11-25 12:04:21,2017-11-27 11:57:28,2017-12-15 15:33:30,2017-12-18 13:16:44,2017-12-12 00:00:00
8a9c92e30e40b3396b2b697f38273972,8844d0cc6a328c1a0ccb6d49f34b2357,delivered,2017-07-12 20:13:21,2017-07-13 03:04:03,2017-07-17 16:02:44,2017-07-24 19:54:57,2017-08-07 00:00:00
b511f786475cb429361d4d269c1bbef9,1da2620e2c9b0badca933d988c22e79a,delivered,2018-08-12 21:58:25,2018-08-12 22:10:11,2018-08-14 11:24:00,2018-08-22 00:57:42,2018-09-04 00:00:00
942cb81b8e0a2f33510159729f69d8b1,ccaab0962b09a9070e3076588f0fd069,delivered,2017-01-24 11:24:20,2017-01-30 09:28:02,2017-01-30 10:53:17,2017-02-08 10:45:44,2017-03-15 00:00:00
9079f0a7009de87ec70254bdf060369f,1c476e17222ee78216feb6a315ef6be1,delivered,2017-07-13 14:51:58,2017-07-13 15:04:12,2017-07-17 19:09:47,2017-07-27 19:38:37,2017-08-04 00:00:00
8b3ccc5332b429f163452dc90d206891,9a96f3c8f835ca51e5aed5672e0d034a,delivered,2018-04-13 18:15:53,2018-04-13 18:31:05,2018-04-16 23:25:51,2018-04-17 23:15:26,2018-05-02 00:00:00
4eca6c2d172953276c75dd0e1bedce25,8f3419df1806ae4718c94209d5fed4ea,delivered,2016-10-06 16:13:30,2016-10-06 16:51:46,2016-10-10 16:51:46,2016-10-13 16:51:46,2016-11-28 00:00:00
8c46cc97ee8884e95fc747ef323d6c08,8e60af7d7b0146279b12718678a0d3b0,delivered,2018-04-24 16:46:34,2018-04-24 19:08:49,2018-04-25 12:42:00,2018-05-03 21:34:52,2018-05-18 00:00:00
93be7858268330a9f500c3871956e0df,b922f84d5fd5611d5e3a0301e57c18c1,delivered,2017-12-22 11:41:44,2017-12-22 11:52:32,2017-12-22 20:54:47,2017-12-26 16:55:39,2018-01-12 00:00:00
a9804876068f1dabd611c3c2d5d67577,f321c4161bb4e4f8c2af3c37e4f8fc95,delivered,2017-11-25 09:58:27,2017-11-25 10:14:53,2017-11-25 18:45:06,2017-11-28 19:23:07,2017-12-18 00:00:00
9c4d23ed96872c52ce913a212b38a54c,664277e10431798b63a9e7d48be4498c,delivered,2018-04-05 14:22:17,2018-04-05 14:35:28,2018-04-07 01:16:47,2018-05-05 12:11:41,2018-05-07 00:00:00
2c67429ed3521f3a95fa98f4bad3919a,c380b1c3bb067cf2e17681a4d5079bb5,delivered,2017-07-06 16:04:49,2017-07-06 16:15:21,2017-07-10 19:13:51,2017-07-17 20:08:40,2017-07-28 00:00:00
bace2325d40b46985f9e94e0aff26b2e,c6562e538a012b47a612a130c5d02215,delivered,2018-02-20 17:23:36,2018-02-20 17:35:28,2018-02-21 18:17:12,2018-02-27 17:10:00,2018-03-19 00:00:00
81ed84aeb6c20f643158b0e0ec587bd2,b57984fac2939e5266c206bd72f786d3,delivered,2018-06-20 22:52:06,2018-06-21 01:38:41,2018-06-28 10:19:00,2018-07-03 21:08:47,2018-07-23 00:00:00
f5b364f870f2417bb837200eac7677d6,76190209cd924a1054418c59c03c16c8,delivered,2017-04-12 12:53:23,2017-04-13 02:42:25,2017-04-13 15:48:01,2017-04-19 11:14:07,2017-05-04 00:00:00
b70b8b3007ddfc929dca4a5c3a183853,568c81833b6a399048abaa240f19927a,delivered,2018-03-22 14:19:08,2018-03-22 14:30:33,2018-03-24 00:48:29,2018-04-06 02:08:25,2018-04-16 00:00:00
fd513fb508fefbe0ce7bfb8fd1bee4fc,11a8105af3ed32d4a92f696b33c7ca7a,delivered,2017-10-16 08:53:17,2017-10-16 09:07:24,2017-10-18 15:18:04,2017-10-23 21:59:05,2017-11-07 00:00:00
dbeb15c52e114604b6f96141f354fbc6,6384c5c7527d8e7ddfc4d59b59868c40,delivered,2017-09-17 09:42:42,2017-09-17 09:55:15,2017-09-25 18:02:42,2017-10-20 21:03:18,2017-10-13 00:00:00
c69100676baa7e0edfa0e2ce74d034b7,09e3d93a7fa1a9ee761515837305909c,delivered,2017-08-18 10:03:03,2017-08-18 10:15:12,2017-08-22 00:16:05,2017-09-04 20:07:34,2017-09-12 00:00:00
312182e0c020c06cbe244ddb6d4fe780,7d1d607f1a17cb187a4c3e557fd8575d,delivered,2018-05-14 11:58:02,2018-05-16 03:55:02,2018-05-16 15:56:00,2018-05-18 22:55:51,2018-05-22 00:00:00
d98ac39e656f2ec3c692bb141a43f2ee,f9e600782b270dbc008106255da508dc,delivered,2018-05-21 16:03:23,2018-05-21 17:17:17,2018-05-24 07:31:00,2018-05-28 19:21:57,2018-05-29 00:00:00
2cb3993eaa60e2113a6876e335310e01,1adf41d17328d220e50a354e6ca2be6a,delivered,2018-01-29 12:11:32,2018-01-30 12:14:20,2018-01-30 21:14:58,2018-02-20 23:17:16,2018-02-22 00:00:00
fe7b0ea37e5952dd4b891cb81ccdfeb8,c526b224bf15d912e5dec4f77c71eea0,delivered,2018-04-17 16:36:54,2018-04-17 16:52:11,2018-04-18 19:34:34,2018-04-26 18:48:32,2018-05-10 00:00:00
da606ec845c4d88420f977fc45aef3bc,232905d9f2c8a5a2df45a197483a029b,delivered,2017-07-07 19:14:34,2017-07-08 13:45:16,2017-07-10 19:52:07,2017-08-01 18:18:53,2017-08-07 00:00:00
05bc33363c34f9c8172bd111029be2e1,af550b25195546a8ed88b2b89b1d0fa3,delivered,2017-08-06 18:21:31,2017-08-06 18:35:11,2017-08-07 15:12:28,2017-08-11 21:00:02,2017-09-05 00:00:00
8333db5c98fd7edd209091180ed9ca44,9bc1e773143f70089e9d0feaf0fbb5a9,delivered,2017-11-09 22:23:13,2017-11-09 22:35:34,2017-11-10 15:34:53,2017-11-14 19:54:31,2017-11-29 00:00:00
e16e5b4572640ddc3de053a9b0f6432b,5fe9534ea2fcc99fcd42e7d1d8ab9910,delivered,2018-03-05 15:34:40,2018-03-05 16:40:25,2018-03-09 15:38:36,2018-03-17 00:05:56,2018-04-02 00:00:00
1037296944bfbaf6fd76e82083f7d385,f127b7c59b5d316ec443541776df175b,delivered,2017-05-25 14:29:42,2017-05-25 14:42:38,2017-05-26 16:12:25,2017-06-07 17:41:07,2017-06-28 00:00:00
295c561af8870661a833aaeb65574d0d,9f0a88b6c6f7d32816f8c1ebc97f7dba,delivered,2018-07-29 08:32:21,2018-07-29 08:45:08,2018-08-01 15:38:00,2018-08-03 23:46:38,2018-08-17 00:00:00
11b99e821d37f36ac4b10aff65eee3d6,809b027629881c9b9519773a18ee7b53,delivered,2018-06-07 14:44:03,2018-06-07 15:01:05,2018-06-08 14:32:00,2018-06-13 23:04:06,2018-07-03 00:00:00
1700e1cfac9c6837da3ccdb6c36c77de,3f3c7b01b38222e1e68d3f03df8cd439,delivered,2017-12-25 21:22:03,2017-12-25 21:30:21,2017-12-27 19:10:06,2017-12-28 21:14:15,2018-01-15 00:00:00
a91a58a44e67c3abb999f2ce1eb30b9a,d769538f29c012075ba25f00b68a3ca6,delivered,2017-04-04 00:28:35,2017-04-04 01:05:17,2017-04-04 15:28:39,2017-04-10 17:30:08,2017-04-25 00:00:00
3832701f27be0501b19e91bbb04e5cde,e3378b4e8219f3f5f90a6515a9a57136,delivered,2017-09-11 20:37:17,2017-09-11 20:50:14,2017-09-12 21:12:39,2017-09-19 13:47:59,2017-10-02 00:00:00
785b7455ab5bec2f5e04de3cf829209d,5affcc0cbdac28f6974a3b119801ef32,delivered,2017-12-03 19:24:22,2017-12-03 19:33:52,2017-12-04 21:23:05,2017-12-11 14:34:53,2017-12-28 00:00:00
0468a84e6df93886189d80fce46bbfee,f3084e580643e82bf08226815a75608b,delivered,2017-03-20 20:21:14,2017-03-20 20:21:14,2017-03-22 08:24:17,2017-04-05 09:48:08,2017-04-24 00:00:00
85db8414f3621cac0466dedef7534751,4f1a7ec25f48a6726d5c30ecead0b2e0,delivered,2018-02-05 09:18:11,2018-02-05 09:30:33,2018-02-06 22:45:02,2018-02-10 16:02:38,2018-03-06 00:00:00
7d6ffa9ff53fd7da04eb9025ba231be2,3b4e125304019edf064d24a81c22815e,delivered,2018-02-23 21:52:14,2018-02-24 16:27:13,2018-02-26 18:19:19,2018-03-06 20:38:54,2018-03-19 00:00:00
14d5f7d2a3755fbd4df406ef4c4b400c,ef83517e216e34d7794ac4cff7a3fe00,delivered,2017-06-16 21:56:17,2017-06-16 22:06:13,2017-06-21 16:02:58,2017-06-30 13:35:02,2017-07-10 00:00:00
a9d6b730b2ad516caeb90d9fd52c7300,13477c22e6b7c686971a1074215eafcb,delivered,2017-07-23 20:17:44,2017-07-23 20:30:12,2017-07-24 18:32:10,2017-08-07 17:02:47,2017-08-23 00:00:00
050a64172dd384db4597d5f3bdcf2137,db85776d3a2c4b18bb7b7eb0ee0cd3fc,shipped,2017-12-11 09:58:07,2017-12-11 10:11:02,2017-12-15 21:42:29,,2018-01-09 00:00:00
33fc60c6e27e2f4a0c98e95b5c0bceb9,9c38a9ad277601382ee3ce64e76f8acf,delivered,2018-06-23 17:53:46,2018-06-23 18:18:52,2018-06-25 17:50:00,2018-07-05 18:21:06,2018-07-23 00:00:00
3ed6bdde461210d79c78d2ba9327e03f,b762be58e42c9379a0bc7f4d25015624,delivered,2018-02-11 14:51:37,2018-02-11 15:08:12,2018-02-16 19:28:57,2018-02-26 23:50:02,2018-03-16 00:00:00
90a0bd8d00c4afbc283188ad3e9448fd,d148f5756c15a01207d47e46cc45e21d,delivered,2017-05-03 12:29:40,2017-05-04 02:50:31,2017-05-04 11:32:22,2017-05-15 13:25:08,2017-06-08 00:00:00
9ae9b5ec8468df37992bd720ed4683f0,20dbe594cf931ca16ea3b7a86e2a5ce2,delivered,2017-08-03 21:39:02,2017-08-03 21:50:19,2017-08-07 16:04:01,2017-08-12 15:37:04,2017-08-23 00:00:00
62e177f7144113315a7baf514a10e307,909c0aea2e54f33342133cc017512a17,delivered,2017-10-10 17:39:51,2017-10-10 17:56:08,2017-10-19 17:18:50,2017-10-20 17:13:14,2017-10-23 00:00:00
22e737b729bfdec35e6fcbc9bbc518e0,a24eb5ce89cb76e022bfa66a14535522,delivered,2018-07-31 15:06:09,2018-08-01 02:35:14,2018-08-01 12:13:00,2018-08-07 21:32:19,2018-08-23 00:00:00
cfed507ac357129f750f05a0d7d71b15,088d20d5878711d537176871a6e850e4,delivered,2018-02-25 12:15:02,2018-02-26 22:10:27,2018-03-08 18:06:50,2018-04-06 01:26:34,2018-03-27 00:00:00
014e36af18c280a94d880a16b2f00713,0523cd19f27a70bda29f2efb68a2db10,delivered,2017-11-01 18:14:32,2017-11-02 02:35:56,2017-11-03 19:14:58,2017-11-09 20:18:46,2017-11-23 00:00:00
f222fcfc65ff1398b47dc51ab30d8d60,1698d043cea87957997792254a01fd62,delivered,2018-07-03 21:35:48,2018-07-05 16:40:55,2018-07-04 15:03:00,2018-07-06 10:42:12,2018-07-20 00:00:00
6e7898e06393adab4c3c2a7e2f56fe2b,a0e94be606028d202f449cb466f47081,delivered,2018-08-16 19:34:40,2018-08-16 19:49:34,2018-08-17 15:24:00,2018-08-29 23:36:28,2018-09-05 00:00:00
5680b2a510b3058b5b17603c79ebcf67,ce7664b8e10ebe083da81001e5f76975,delivered,2017-09-23 07:22:24,2017-09-23 07:35:08,2017-09-25 19:22:34,2017-09-29 18:43:45,2017-10-18 00:00:00
4cf7b60ee5bf3891424ddb434b261cd5,3b6fe3d556f810c109eb9987775e8aec,delivered,2017-07-05 17:44:29,2017-07-05 18:03:38,2017-07-06 18:24:42,2017-07-19 19:56:51,2017-08-04 00:00:00
ea5297250d0c2563b690058187a05981,802f8835a5af80d7e12568078f24ce18,delivered,2018-06-27 17:23:56,2018-06-27 17:35:11,2018-06-29 15:24:00,2018-07-05 19:42:04,2018-08-17 00:00:00
8bae398ae3bdca643616198d918aa8c6,5e89bec0749c70102f5a0d04c1a371bd,delivered,2018-05-02 13:05:22,2018-05-03 09:55:49,2018-05-04 15:01:00,2018-05-14 17:08:21,2018-06-11 00:00:00
40eccc6e24dab20604e730a4245b38fe,e5b126f41141f1f935266d68e6df0fad,delivered,2017-11-12 17:09:28,2017-11-12 17:26:45,2017-11-14 15:57:00,2017-11-21 23:52:06,2017-12-04 00:00:00
21d84fdbaead25cecf565df87958cbb0,65f2494b7f5169c8b680f5d0c574f1b0,delivered,2017-12-23 12:36:46,2017-12-27 04:08:41,2017-12-28 11:27:36,2018-01-10 21:23:15,2018-01-30 00:00:00
88791555f9832d0bee1f87f2074392ef,ac23640ef05c70108abe56d93e23f260,delivered,2017-12-03 00:00:10,2017-12-03 02:43:35,2017-12-05 21:28:45,2017-12-19 20:48:11,2017-12-28 00:00:00
73c8f90c96ee59ece32c193b2755b800,9906056eac7983de089dbd0ca9ec7cc2,delivered,2018-05-09 19:32:24,2018-05-09 19:52:27,2018-05-10 12:30:00,2018-05-16 17:32:41,2018-05-28 00:00:00
f03261655a392f45397fe9e28e7f7d9f,c03ff8d52da1e44e7d6eb550e2c0193d,delivered,2017-05-08 22:15:14,2017-05-08 22:25:12,2017-05-10 17:28:02,2017-05-29 07:58:31,2017-06-08 00:00:00
2c147afbdc4abf206bb061dbadef515a,60f3c199c495a872615c48f1d2abf372,delivered,2018-03-24 08:12:51,2018-03-24 11:48:09,2018-03-27 17:42:23,2018-04-09 21:37:46,2018-04-17 00:00:00
1578453b93b542fbde0dd65c46a7dbf7,6145a1c208d95c11171e447c4368c855,delivered,2017-10-24 00:57:44,2017-10-24 01:14:07,2017-10-27 12:16:47,2017-10-30 20:12:27,2017-11-06 00:00:00
c5eb20ae1c43449285cdab2d15a04816,fabe24d7541900867692e15b61361bbb,delivered,2018-07-10 14:05:53,2018-07-10 14:15:17,2018-07-10 15:27:00,2018-07-13 19:38:25,2018-07-26 00:00:00
a7b1bca7ec838a8ddb2a1a1403c5d1d2,96a5bdb1cc0ed145671d0fb83200b8a0,delivered,2018-05-10 17:04:17,2018-05-10 17:15:20,2018-05-14 13:58:00,2018-05-23 15:28:35,2018-06-18 00:00:00
186e84bd74bc46e35d08618b33f828f1,234e3041fff1dc27bff9ddc5a7bbc7c6,delivered,2018-06-29 16:17:30,2018-06-29 16:30:13,2018-07-03 11:11:00,2018-07-12 18:31:43,2018-07-31 00:00:00
5e0ff060a686922559e33f8dbe998e41,ba03825db0f92dbade0ec0278a6e26ae,delivered,2018-07-24 21:30:58,2018-07-24 21:45:09,2018-08-09 15:19:00,2018-08-13 19:16:51,2018-08-15 00:00:00
7131fc1c1df3fd46d8febdd59e06b52b,a6961dc03f1ee1b29e69263585968776,delivered,2018-02-12 09:33:06,2018-02-13 09:30:22,2018-02-15 20:06:44,2018-02-23 17:17:10,2018-03-08 00:00:00
eef924919d7199a92f9a37712b57885d,3ee53bd204feee730d2a84ddf5e52997,delivered,2017-07-08 21:51:52,2017-07-08 22:05:28,2017-07-18 15:21:31,2017-07-27 23:53:49,2017-08-03 00:00:00
b35945f2f7f01113c25e3029adafc413,63668a186f89df966027cb0a62b5989f,delivered,2018-07-06 16:25:16,2018-07-06 16:51:17,2018-07-10 15:03:00,2018-07-13 15:27:47,2018-07-31 00:00:00
87505fcc62d2679d048529cf9fcb6ca1,1737dfc3d25cf828b2568543193ee5c1,delivered,2018-06-06 16:47:19,2018-06-07 17:00:10,2018-06-08 15:48:00,2018-06-11 13:38:29,2018-07-03 00:00:00
02c05171c3cd91c2cdce7e0f861c9a9d,c8b08d1441e0f47d9190771f10ed8c58,delivered,2017-12-22 13:13:20,2017-12-23 02:15:37,2017-12-27 17:18:18,2018-01-03 16:57:22,2018-01-18 00:00:00
1cc0e6e0f0b84a446c91dbc76f67f59c,5ee4b94ac8cfd32373f33e359e565d31,shipped,2018-03-12 01:17:08,2018-03-12 01:30:22,2018-03-13 21:55:27,,2018-04-19 00:00:00
247dc699abf8f4b21d26f2bf1ee3aa14,c6221026bf99d09217e9a2cc3da8cc4d,delivered,2018-08-21 13:46:22,2018-08-21 14:10:22,2018-08-27 12:14:00,2018-08-29 02:48:35,2018-09-21 00:00:00
66c76ccb13c70d0badbc7764358ee4c0,3bcf1cad74998c8773a13cc46a2e083d,delivered,2018-03-27 08:56:03,2018-03-27 09:10:18,2018-03-29 23:28:42,2018-04-04 01:44:45,2018-04-24 00:00:00
087e4c8f6ced94c453d434e9b2490e69,37075c62d22a087a6fbb30b8c6abcff3,delivered,2018-03-08 09:29:43,2018-03-09 02:15:47,2018-03-10 01:27:46,2018-03-21 18:38:52,2018-04-12 00:00:00
b271c938db8f7fbc62ab95a19eb2becb,5ed6898bd3fdc2ab89d77d5581a8671e,delivered,2018-07-02 20:03:25,2018-07-05 16:10:47,2018-07-04 13:53:00,2018-07-12 20:08:32,2018-07-27 00:00:00
820c39d59fdb0ec31f14070eabca7a15,bb236a7c776991c064b371715a445b78,delivered,2018-05-29 11:31:30,2018-05-29 13:31:16,2018-06-04 10:52:00,2018-06-27 18:06:31,2018-07-20 00:00:00
e37cbc5ed765e289a3bcb33581cac511,f12a3695295c75b962b9fda0c33fe1fd,delivered,2017-02-26 13:20:20,2017-02-26 13:30:15,2017-03-01 10:45:52,2017-03-10 14:07:51,2017-03-22 00:00:00
b436b8e97cf3055b5cddcb972266ac06,71d3c44032999ca7e2dcce2f29f42b5c,delivered,2017-05-31 21:42:12,2017-06-01 03:55:27,2017-06-05 09:12:20,2017-06-06 09:52:25,2017-06-13 00:00:00
0922de4af18de92fdca6fed66b34b66f,35ad814595f534fe564bec2692ae47be,delivered,2017-03-20 15:58:31,2017-03-20 15:58:31,2017-03-21 10:37:03,2017-03-27 14:05:45,2017-04-10 00:00:00
25ac4ce9dc6e0aec3de36e0f11979484,152985734e3a52cf30640ea5768f46a3,delivered,2017-04-24 22:19:46,2017-04-25 21:22:45,2017-04-26 13:52:28,2017-05-02 12:40:56,2017-05-17 00:00:00
640f82f9967dcab29b95d5a62abf911b,e442a1aae863be621f90b9c7be165e71,delivered,2017-06-14 06:53:41,2017-06-14 07:02:22,2017-06-16 12:49:22,2017-06-29 19:33:50,2017-07-19 00:00:00
969200ee36ad9393f34cdd430ce2bde2,dbd916437636328c44cf34c0420e5dff,delivered,2018-05-10 19:38:10,2018-05-11 19:37:45,2018-05-12 08:56:00,2018-05-15 18:16:47,2018-05-21 00:00:00
a97ed6ffd3a1daacc526d95fe844c8a5,71de3242dc0b615d49a21f88f69b8a94,delivered,2018-05-14 11:40:30,2018-05-14 11:58:37,2018-05-14 15:09:00,2018-05-16 18:24:47,2018-05-25 00:00:00
715c19fb47250380be905cedcd442b5a,c4c6c94008d78e5d4a19b04c411b607f,delivered,2018-07-03 22:21:59,2018-07-05 16:41:11,2018-07-05 15:03:00,2018-07-12 18:36:30,2018-07-26 00:00:00
62eb76321ff33a367a805bc9d0701dda,79c090adb313943d8768fde92fff41da,delivered,2017-12-02 08:50:35,2017-12-02 09:00:04,2017-12-05 00:19:42,2017-12-15 18:32:49,2018-01-09 00:00:00
926acb1d2439604db4c85e302ac70706,2a67ec6f5057c0733ef3944578189837,delivered,2018-01-10 17:20:01,2018-01-10 17:31:59,2018-01-11 22:28:40,2018-01-26 21:05:42,2018-02-08 00:00:00
e9da851726e9f0353b030a99d5e62a10,c6cf15c443cdb98dfb0193fea429834a,delivered,2018-01-02 14:40:45,2018-01-04 05:12:26,2018-01-05 00:34:42,2018-01-10 13:04:23,2018-01-31 00:00:00
4ffcc2f0e8f54f36e73b83db8d8c494d,ed08de22529bac3adf7d5fd900b5c20f,delivered,2018-07-09 18:11:59,2018-07-09 18:25:13,2018-07-11 12:38:00,2018-07-13 21:21:36,2018-07-24 00:00:00
b304857eafb27666d96c8fca31758a13,46b2c10f2aa1bed65b95d2593eb816b3,delivered,2017-11-25 08:55:26,2017-11-25 09:11:39,2017-12-07 21:59:02,2017-12-19 23:53:27,2017-12-15 00:00:00
d589713c55157332c231aee13c4a9120,fac81b058d7a8e426b5f62bd1d72c774,delivered,2017-10-22 12:06:05,2017-10-22 12:14:20,2017-10-23 17:43:18,2017-10-28 14:47:45,2017-11-10 00:00:00
699d09b1aa108d97e430e3b6062f554a,bae93fc9d3153d190f10dfaa31252ea9,processing,2017-03-15 21:29:20,2017-03-15 21:29:20,,,2017-04-26 00:00:00
fda622cad4b8247deacafdb16ea67c73,fd888c7ef2b99e3b852ad4360418423e,delivered,2017-09-02 12:55:37,2017-09-02 13:05:16,2017-09-05 18:42:21,2017-09-13 19:13:40,2017-09-28 00:00:00
0f43e80d0a685d7099f70b683b24c190,536a2fcac70ed8aff558adb4f533a6af,delivered,2017-06-28 08:54:35,2017-06-28 09:05:21,2017-06-28 10:44:07,2017-07-11 17:11:25,2017-07-20 00:00:00
1724ccd8176515fc4b2676226b895ea1,85c770d9479d48f9130bf6a4eee132ba,shipped,2018-08-18 19:11:09,2018-08-18 19:30:16,2018-08-21 13:53:00,,2018-08-28 00:00:00
6b273a63c1e26cdd0d6c8099218fd1ac,0a87bd2ceb3e27e223105f958aecbce7,delivered,2018-04-17 12:00:34,2018-04-17 12:30:07,2018-04-18 19:37:24,2018-04-23 18:18:37,2018-05-04 00:00:00
c02b94fd5ea9686eeb34331524f3bef9,36be9f0a93e20cb6cc1f1a184acfd94f,delivered,2017-07-22 16:51:53,2017-07-22 17:05:16,2017-07-24 14:49:43,2017-07-29 13:56:43,2017-08-15 00:00:00
c6b9d214855dbd27b6a58f9738425f62,70da6bf62439a98c65f757d70c6a213d,delivered,2017-11-28 16:55:41,2017-11-30 02:25:13,2017-12-04 20:12:40,2017-12-19 02:13:48,2017-12-19 00:00:00
a0cc0059e8c2776db27692b4cf30414c,dc1772c9b9f557dc7d7c33040342840d,delivered,2018-01-20 13:31:23,2018-01-20 13:42:13,2018-01-22 17:33:59,2018-01-31 23:28:52,2018-02-14 00:00:00
db83da303bf20ca0e0c62da48bc6ab67,4c05177cb2bae0f8a47e0e9fa3710023,delivered,2017-10-05 16:37:16,2017-10-05 16:49:30,2017-10-06 21:52:05,2017-10-11 19:44:05,2017-10-27 00:00:00
73ba8619ddfc6efed5a3e4331c791f0d,b25733427eb5357a483382ac859982e4,delivered,2018-06-16 18:52:33,2018-06-16 19:18:01,2018-06-19 14:33:00,2018-06-22 16:08:39,2018-07-12 00:00:00
b19729f4717938d651f26d5f33dffd72,427a6293e6afb7796ed327369e5f01da,delivered,2017-11-14 08:47:29,2017-11-14 09:07:00,2017-11-17 13:02:32,2017-11-29 23:58:06,2017-12-08 00:00:00
a452f232f2844160f507c536f84d9ffe,58070208c2da84fb6139732d3f7617dd,delivered,2018-02-05 12:21:04,2018-02-05 12:30:24,2018-02-07 21:04:27,2018-03-01 13:47:17,2018-03-12 00:00:00
c40efee56f8625b53e4d6e8a1119cbb7,7da87052aa6724fa500e8c22e3f9aa00,delivered,2017-06-20 09:22:33,2017-06-21 02:25:27,2017-06-22 13:52:20,2017-07-03 19:47:37,2017-07-18 00:00:00
8df8c3199fb229a1472b0a47e3b106ae,b2e28a076bc94c06918d88116a0050f6,delivered,2018-05-24 13:50:33,2018-05-24 14:19:49,2018-05-25 14:54:00,2018-05-28 19:38:26,2018-06-11 00:00:00
e454f35044003de39e10f976817edc27,169488681038e66fd9023f2a5f33d7f5,delivered,2017-09-25 13:39:49,2017-10-06 15:14:17,2017-10-09 15:49:44,2017-10-19 17:45:54,2017-10-23 00:00:00
53d6886c41145775a6da5200aab4344d,df26da0c53de7583fa3ca5a8ba04ae53,delivered,2018-06-25 19:54:17,2018-06-25 20:17:52,2018-06-29 13:46:00,2018-07-02 13:08:37,2018-07-18 00:00:00
2abb4e1bb6b3c83202111a0900d6fad5,d0304e4f4b20eabcc1d7e205d920307d,delivered,2017-12-30 14:07:57,2017-12-30 14:18:46,2018-01-05 22:10:21,2018-01-25 00:03:08,2018-02-05 00:00:00
8ea880abf2e8db76cfc77ab8f1b9dcce,7354130c5fafcc715d2f1d774428effc,delivered,2018-05-07 14:03:15,2018-05-08 14:30:36,2018-05-09 11:18:00,2018-05-22 17:12:55,2018-05-30 00:00:00
d3537c571b02f225be1bc2d3b936beff,349b2e9e2e79369510631a8c2cae05b2,delivered,2017-11-27 17:55:33,2017-11-29 19:16:52,2017-12-05 21:53:15,2017-12-21 23:52:07,2017-12-20 00:00:00
e9f522c53167fa577d6c160031595440,dec8e68b841806ea78cfbc8048b391f6,delivered,2018-04-25 11:30:22,2018-04-25 11:52:06,2018-04-26 10:02:00,2018-04-27 19:24:53,2018-05-08 00:00:00
4c0b7cef000c9351cd7f160ad283a0f8,a4f81e9b7951f9295bc9286fbd48f7cf,delivered,2018-08-15 21:01:07,2018-08-16 03:25:14,2018-08-16 14:12:00,2018-08-17 13:41:30,2018-08-20 00:00:00
a5ace85930526f2e2c1f06c2d3383e90,adfa31b007a919da559f665074d13474,delivered,2017-12-02 14:45:57,2017-12-02 15:01:07,2017-12-04 18:58:13,2018-01-07 16:03:18,2018-01-04 00:00:00
7d316b369d4c6b0a4ebeebbff5f65466,2065794a97f31e096168ad17c3b2c695,delivered,2018-06-08 12:12:54,2018-06-08 12:36:40,2018-06-11 12:55:00,2018-06-15 15:37:46,2018-07-04 00:00:00
bee5bc36d798e3675faa04ac679620dc,fad0842d5a92734de3060f71a8edbc8e,delivered,2017-08-21 22:44:52,2017-08-21 22:55:16,2017-08-22 18:22:01,2017-08-31 19:33:08,2017-09-13 00:00:00
5193dd91fa48d25115ad8e6c93067e47,e0c97b945a6b071290605a0e1e6f2ce3,delivered,2018-02-04 17:11:17,2018-02-04 17:29:31,2018-02-06 22:56:33,2018-02-24 16:19:07,2018-03-09 00:00:00
afa28a40d797205357162090d6381e40,ec5d1a0d9c41f3d4ed41942d4e4f31d9,delivered,2018-04-03 16:39:17,2018-04-03 17:15:31,2018-04-06 18:52:34,2018-05-02 17:53:41,2018-05-02 00:00:00
5403c98d48610456dc07a78bdfc4ef9e,3440a5e520b9434c54cadba964374034,delivered,2018-03-21 21:34:07,2018-03-21 21:48:58,2018-03-23 23:08:45,2018-03-29 21:07:28,2018-04-18 00:00:00
ded0d9b3df9ac8d6ea99bc2f88762481,95b5b9ad0cc4c0026a9671d124359f92,delivered,2018-01-18 00:08:00,2018-01-18 00:15:22,2018-01-18 22:43:57,2018-01-26 13:39:09,2018-02-16 00:00:00
c84f1a505efddec0e506e95d377d1e82,8e3ecb30c0ac319e8e281b58f7df2fc6,delivered,2017-12-13 10:14:47,2017-12-14 20:30:40,2017-12-15 22:21:24,2017-12-27 16:59:19,2018-01-10 00:00:00
0115abf6b892040abfdd5bdfcb6b2c51,55e24d33ade77f949c22b6e008801c15,delivered,2017-04-20 12:32:37,2017-04-21 05:10:46,2017-04-26 19:15:29,2017-05-15 11:51:50,2017-05-10 00:00:00
f33aa647f08ec9623c76b6212be92333,f6750b796dc102521e62579639ad43b1,shipped,2017-05-23 17:03:13,2017-05-24 02:55:37,2017-05-24 12:31:48,,2017-06-19 00:00:00
fb239dec6971179d84f8ad7b5f5308d8,16fac45765973778094395bcaa2ba122,delivered,2017-02-11 10:56:36,2017-02-11 11:10:13,2017-02-13 14:22:47,2017-02-16 14:08:52,2017-03-14 00:00:00
03c16ffcf7b8792fa870d8cd7abc4b7f,87976cbdc669a9bb8ebf166b3c2175b6,delivered,2018-04-25 14:57:23,2018-04-25 15:12:17,2018-04-26 17:02:00,2018-04-27 21:12:40,2018-05-04 00:00:00
8272b63d03f5f79c56e9e4120aec44ef,fc3d1daec319d62d49bfb5e1f83123e9,delivered,2017-07-16 18:19:25,2017-07-17 18:25:23,2017-07-20 15:45:53,2017-07-31 18:03:02,2017-07-28 00:00:00
ddab33a3767adc5482ce342389003a52,7a174dc91d52a8dbc4263714532799bf,delivered,2018-02-03 08:53:26,2018-02-06 03:48:31,2018-02-06 23:21:40,2018-02-20 21:39:17,2018-03-08 00:00:00
a68acca6a9d961ca300028f7660afae0,fb497fa42c45ae32dacccb4c252b6a75,delivered,2018-04-26 19:12:44,2018-04-26 19:29:58,2018-05-03 11:11:00,2018-05-04 15:28:35,2018-05-23 00:00:00
4e569a26328664b975f0fea724647fe9,7c87a3891b2629848f3369eafacf7e0a,delivered,2018-07-20 02:27:56,2018-07-21 04:05:20,2018-07-23 15:04:00,2018-07-24 18:18:42,2018-07-30 00:00:00
e4ee5415a0143c9daddc7d4bc0fa0389,45ed75befe5874c6fd8f10e210e00472,delivered,2017-10-31 09:39:09,2017-11-01 03:26:26,2017-11-03 20:23:48,2017-11-08 19:19:02,2017-11-14 00:00:00
1cbf9273aec786608192e5e3ccdc936c,17eeec12d0709f7095f937373f3e170f,delivered,2018-01-31 23:35:19,2018-02-01 03:12:09,2018-02-02 01:59:35,2018-02-09 18:47:02,2018-03-01 00:00:00
97abdc70b137f4f0934fb120debe3b58,b8462c3f21655612e6a542de03fc2017,delivered,2018-02-22 06:09:19,2018-02-23 02:15:33,2018-02-27 21:09:47,2018-03-09 19:32:02,2018-03-20 00:00:00
a03ba18c4454de2b89c3950fadd3748e,179e91a770ae20a05066598888a0d3ae,delivered,2018-03-19 16:44:28,2018-03-21 02:48:36,2018-03-22 21:33:38,2018-03-27 02:04:01,2018-04-16 00:00:00
0a9ce4ac2d44f45f52feb4747f238d5d,99ca20e7ddaa6079cc0399bb88d3513a,delivered,2018-05-15 17:38:49,2018-05-15 17:54:34,2018-05-16 12:19:00,2018-05-25 20:53:40,2018-06-07 00:00:00
e32f30334d29fb3811f44538904a8517,87601c2e5f41dbe016d4693dc1ba415a,delivered,2017-03-15 18:31:57,2017-03-15 18:31:57,2017-03-20 09:24:02,2017-03-24 14:14:14,2017-04-10 00:00:00
c60a7bc7ab46cda8a60c952aacc83a17,f86f4d4f571b4dbdc6339d76c009c832,delivered,2017-12-25 19:20:31,2017-12-25 19:30:23,2017-12-28 18:22:30,2017-12-29 19:19:39,2018-01-15 00:00:00
ada812c7806382c3085a5f5024bc17ca,455035066e8cf2ed71bf3f6b758593c3,delivered,2018-07-18 16:17:54,2018-07-20 04:45:16,2018-07-20 12:54:00,2018-07-27 12:35:44,2018-08-02 00:00:00
04ab36803e2945bace40db80eaa54bc4,9ced49d0bd7708f54703e002aeb7a77b,delivered,2017-10-10 17:58:51,2017-10-10 18:07:56,2017-10-11 19:37:15,2017-10-26 18:22:27,2017-11-01 00:00:00
5f244a6504c6895a4ab7c4cafe9b9a43,43204f0e1f4bf07cb995be5597dae27c,delivered,2018-03-27 20:14:37,2018-03-27 20:30:15,2018-03-28 17:14:33,2018-04-13 17:56:37,2018-04-27 00:00:00
104a4ed42832085322a2ef0d1649b284,c9de6921188c1882c48bb6ed884809b7,delivered,2018-05-10 11:17:51,2018-05-10 11:51:42,2018-05-11 15:31:00,2018-05-18 15:13:00,2018-06-05 00:00:00
f3028a8f41ea1ee2b461420913663f97,4bb49ea252f313410f78be74bc1e33eb,delivered,2017-02-07 22:52:44,2017-02-07 23:05:12,2017-02-08 09:46:47,2017-02-14 10:48:16,2017-03-22 00:00:00
6367e1839d93eed7f1f74c9fe5daecfb,b61ec458f485a27f475adffc91b6f55f,delivered,2018-01-20 11:10:49,2018-01-23 03:52:43,2018-01-24 00:04:18,2018-01-31 16:26:53,2018-02-15 00:00:00
de3af37c394d28dbda628ece8f1997ab,1b94340d3f245cd2045de2ef92cfbfaf,delivered,2018-04-26 09:05:30,2018-04-26 09:56:22,2018-04-30 06:22:00,2018-05-04 20:51:31,2018-05-18 00:00:00
504b7cb87442ebd376fbcab13b114a3f,86154d1d9f7bfa63c082686f2c694d94,delivered,2017-11-04 18:59:16,2017-11-04 19:10:32,2017-11-06 22:05:20,2017-11-10 20:07:55,2017-11-29 00:00:00
821e2d51e9088af9975ede10f80a04a3,82958ac08ce23a52ec58455d42ee50be,delivered,2018-02-18 15:52:03,2018-02-18 16:08:00,2018-02-19 23:28:47,2018-03-06 21:36:50,2018-03-21 00:00:00
0dfa57672b4853ecb26cd28c31a79e54,a5782932b3b7605bfd659aaca5a0c728,delivered,2018-08-07 18:58:52,2018-08-07 19:24:55,2018-08-15 12:03:00,2018-08-16 16:46:33,2018-08-31 00:00:00
b84153f6ef50c6f07d2919e984c1f761,e15320a1ba99c3b56cc50e492e6c0c48,delivered,2018-02-02 15:38:04,2018-02-02 16:00:37,2018-02-03 18:38:53,2018-02-26 14:32:49,2018-02-20 00:00:00
63427723caf2bf22cb154f3d26951677,d247ffe58f195ed4a80b16c53d4692ce,delivered,2017-04-10 17:05:26,2017-04-12 16:10:14,2017-04-18 12:32:55,2017-05-02 10:38:09,2017-05-09 00:00:00
997cd0cc21c4cc23cf4b07c4f53834db,037f0855b92185d84c858adce4e714dd,delivered,2018-02-11 12:49:34,2018-02-15 03:51:36,2018-02-15 21:09:00,2018-02-23 19:29:48,2018-03-13 00:00:00
3d5eced976da12ad3c2f05314fa911ba,b7a1c37068a469c85722ec4d147245ec,delivered,2017-10-12 09:57:12,2017-10-14 03:49:21,2017-10-25 21:09:51,2017-10-31 22:12:12,2017-11-13 00:00:00
0960eb7bc90d80c2f02eddc17c25ee2f,0daa7bd937255d73f48e190e51151a17,delivered,2017-10-05 10:40:02,2017-10-06 10:42:22,2017-10-07 11:56:58,2017-10-27 19:22:05,2017-11-13 00:00:00
e471d6505cc20e9f3dbb8a6645eb57be,a484c1d24719b320e17bd74f602a32e4,delivered,2018-06-17 19:55:16,2018-06-17 20:17:46,2018-06-18 10:03:00,2018-06-19 21:13:33,2018-06-28 00:00:00
279a913334ec7a5075f8d31c6a669f05,e0ff7ca97a683e220ddca80680ecab80,delivered,2017-09-28 15:02:54,2017-09-28 15:14:21,2017-09-29 16:58:01,2017-10-03 19:22:05,2017-10-23 00:00:00
7c0d40604f9f50fd1995e4f27c08d0d3,52f2245eb76402e2d7dc2e746e298790,delivered,2018-03-15 13:51:52,2018-03-15 14:10:01,2018-03-16 18:04:06,2018-03-28 19:48:23,2018-04-09 00:00:00
728aada863981162c695a2b288d9b410,41642fab6f0a09b5c433637015ddaee2,delivered,2017-07-06 22:54:18,2017-07-08 03:30:30,2017-07-13 19:42:06,2017-07-24 18:32:44,2017-08-09 00:00:00
612951fa21ca749d62ad2b4f3e0757dc,f4bf6d85408fc27f31b125cd16da9e75,delivered,2018-08-06 09:57:33,2018-08-07 09:50:17,2018-08-07 14:13:00,2018-08-10 19:28:43,2018-08-23 00:00:00
6a5c76325c753e637e28d3efd69e0a0b,dd1637352ae823760e3d2b32c86b9c18,delivered,2018-08-01 20:50:05,2018-08-02 05:30:47,2018-08-03 14:53:00,2018-08-10 14:44:52,2018-08-30 00:00:00
7a3d2ead5f0bfacb2e4f56f869135853,94bbaeb7ce7b68494d2f6aacec994d24,delivered,2018-03-21 21:30:31,2018-03-23 02:30:45,2018-03-23 18:58:42,2018-04-05 21:38:26,2018-04-17 00:00:00
82053c99a8faf111b6fee27c87af56c7,b56ec5827b0b077288ab9f729dcb0837,delivered,2017-07-12 15:45:18,2017-07-12 16:03:51,2017-07-13 21:47:49,2017-07-19 17:45:57,2017-08-03 00:00:00
c4941ed8d133f1187e9936ac042c11a9,927259947d3613640540d0e61bdfdf84,delivered,2018-04-15 22:55:35,2018-04-15 23:10:11,2018-04-19 20:03:58,2018-04-24 18:51:31,2018-05-07 00:00:00
2c75c33f103e365438cc19a05d444b7f,409f91c4538ee2dd4b26280baf0df01a,shipped,2017-03-04 11:37:26,2017-03-07 04:05:27,2017-03-08 10:42:02,,2017-03-29 00:00:00
35ab20ce8b706d54507640a4a7b0ff35,a80975f072a5d075a4ae83000d63ea49,delivered,2017-10-20 16:29:26,2017-10-20 16:49:12,2017-10-23 15:42:38,2017-10-27 22:51:17,2017-11-09 00:00:00
ed4bfa707956ab491448f8f28a48f6c6,6fe3ea5de1d1730d4d03b83ee3f6d257,delivered,2018-08-06 12:57:57,2018-08-06 13:10:12,2018-08-07 09:53:00,2018-08-10 16:30:52,2018-08-15 00:00:00
6028bb741411d00137dc970152799c9a,e8e4c41992e7438f77ecce2d5233be74,delivered,2017-07-05 20:21:44,2017-07-07 02:46:16,2017-07-07 16:53:43,2017-07-12 15:37:30,2017-07-27 00:00:00
44676f5946200b6318a3a13b081396bc,9d3da05c54f78aa53bbf63126a911b72,delivered,2017-11-29 11:27:12,2017-12-01 11:32:09,2017-12-01 22:28:59,2017-12-19 19:29:37,2017-12-26 00:00:00
4e15214b61d5e952ea58075636fc6e99,84f73ca99a149e5a5d3f5eb3b83e2e8b,delivered,2017-03-06 21:39:34,2017-03-08 02:43:15,2017-03-08 14:01:49,2017-03-23 06:45:01,2017-04-03 00:00:00
635607b37cf3b851396ef5a76be8b89f,332153cb7b2d1057579a81e9cf77c5f5,delivered,2018-07-26 13:16:06,2018-07-26 13:30:34,2018-08-03 13:21:00,2018-08-06 22:54:30,2018-08-13 00:00:00
b9091887b2df90201bd6ba74c3187934,abbd729eb82f54309a051a9a003bb6a1,delivered,2017-02-18 14:39:44,2017-02-18 14:50:11,2017-02-20 14:32:40,2017-03-02 14:57:36,2017-03-21 00:00:00
0397de68fce44f5cdd948f2a5e83862b,049a364f58c2436196be4378cf9b2ff0,delivered,2018-08-15 17:44:29,2018-08-15 17:55:15,2018-08-16 15:26:00,2018-08-21 22:28:33,2018-08-30 00:00:00
1e4517d4bc3d36a859ca530b462408f5,8e5ff5b2e471e587007f854eb248721e,delivered,2017-09-21 13:09:26,2017-09-22 13:15:25,2017-09-25 19:24:57,2017-10-04 13:35:59,2017-10-13 00:00:00
7113e8344293a6a03453110d67c7f533,8b7ab6f3bd953bf7839099fffdbfb086,delivered,2018-04-25 12:08:11,2018-04-26 03:55:18,2018-04-26 15:00:00,2018-05-03 16:07:29,2018-05-18 00:00:00
e32f6ad72bac26ad16654d66fa372891,2c27f5c9e560e9897611c61003fbbbe9,delivered,2017-11-25 16:32:06,2017-11-25 16:51:42,2017-11-27 20:52:02,2017-12-02 12:47:09,2017-12-21 00:00:00
6aad3bed746944c70143bcbcadb6c5ab,2b0c7e192538f2086b62e93df18bf446,delivered,2018-06-06 17:40:27,2018-06-06 17:55:08,2018-06-07 13:32:00,2018-06-11 13:19:00,2018-07-13 00:00:00
c8f21ae0d8ea0dc3d6cbd9ef66d4981f,b2aac5b10e65f29a30674421c6a53517,delivered,2017-05-02 10:51:29,2017-05-02 11:03:05,2017-05-04 07:35:54,2017-05-11 11:34:50,2017-05-31 00:00:00
ef2a479a9f30595348e50c5d1eb52bd2,a4700163c178904b20784f35ba0bb2c6,delivered,2017-05-01 21:14:31,2017-05-03 11:42:33,2017-05-09 13:47:13,2017-05-17 15:39:47,2017-05-25 00:00:00
50f3e6d7b9a5fb163548ea2591cb7cd8,3b51c86e2271c280b61245552090c7a2,delivered,2017-05-16 08:11:52,2017-05-16 08:25:11,2017-05-25 09:19:37,2017-06-01 12:25:53,2017-06-05 00:00:00
44cdca8bf38481139be54d6defa74a02,588ef0ac9dda15671d5b8cb01687e8ea,delivered,2017-03-16 19:03:56,2017-03-16 19:03:56,2017-03-17 10:36:41,2017-03-21 11:18:33,2017-04-06 00:00:00
4e71d6b2e9f221c46838b30c18443f84,db1b14bc26ae944bdf0cec69ccf63398,delivered,2017-04-16 19:58:37,2017-04-16 20:05:17,2017-04-20 16:15:44,2017-05-02 15:54:03,2017-05-24 00:00:00
e88f2d374afb179c85305c2e855f9d04,fed0ff024b3a8669c894875e9bbf96d4,delivered,2017-08-21 15:53:41,2017-08-22 16:08:44,2017-08-29 11:05:28,2017-08-31 17:26:00,2017-09-19 00:00:00
c998e2a47c31a541308c5a5529a5984c,f54984aefe46119362bc6a5cefdd90e0,delivered,2018-06-29 01:02:55,2018-06-29 01:15:10,2018-06-29 14:47:00,2018-06-30 16:08:52,2018-07-17 00:00:00
945fb6d37a9ca75061ff8741ae8c19ab,2ce5aa9694357295fe3be39eec08fe85,delivered,2017-06-06 16:19:01,2017-06-06 16:50:27,2017-06-08 12:38:36,2017-06-16 18:51:42,2017-06-29 00:00:00
46df573bb73f96f2ac4ed61858107f75,73de624c5fa35f4c6207d7fbd1f87c3d,delivered,2018-03-30 18:55:43,2018-03-30 19:10:13,2018-04-02 23:07:56,2018-04-06 18:22:07,2018-04-25 00:00:00
b6da9829ce73e764c8023c98aec4c11b,498d10271008cca804780b5d186d2d82,delivered,2018-05-07 18:29:38,2018-05-07 18:50:09,2018-05-08 12:42:00,2018-05-12 16:32:26,2018-05-22 00:00:00
9e9138bd3b507ef4abf1341561eef059,fac45bc076b68600b3fb2a5b9ec76d90,delivered,2017-12-13 10:10:04,2017-12-15 10:10:03,2017-12-15 23:39:12,2017-12-30 14:44:40,2018-01-10 00:00:00
5b90b7cd9f630bcd19a1c11018344276,5ffcf72b399d2661c3c65d842934f2a7,delivered,2018-02-26 12:21:19,2018-02-26 13:00:21,2018-03-01 17:37:14,2018-03-23 02:51:13,2018-03-19 00:00:00
f143b4254265e2ee46406904b7a5b746,6c159355cf46af35ee0afdefd08259f8,delivered,2017-06-12 20:51:00,2017-06-14 02:31:24,2017-06-16 14:23:01,2017-06-27 17:19:55,2017-07-11 00:00:00
53a72dbf29b3890aeae332e05c763169,56df243d9620485f06c20ca3325ca706,delivered,2017-12-05 14:47:59,2017-12-05 14:59:21,2017-12-06 15:24:57,2017-12-27 21:10:33,2018-01-03 00:00:00
1268893eaba8446ae1a02da9bb6f4ef1,2e5b485a6182cb307549473e251dd4cb,delivered,2018-07-28 13:27:25,2018-07-28 15:10:15,2018-07-30 16:13:00,2018-08-06 23:57:34,2018-08-09 00:00:00
426e4334378411f7d0ebc7ad5894acd7,d2ebcca77f822a056f56021a8b6c7c26,delivered,2018-08-14 21:16:47,2018-08-16 03:10:20,2018-08-16 10:17:00,2018-08-28 20:51:40,2018-09-13 00:00:00
5a32dae759e50279bf8e1b2be65edd27,6b5aaff0e495149ec28705162bba2fe4,delivered,2017-09-28 23:13:40,2017-09-28 23:28:06,2017-09-29 13:37:28,2017-10-01 13:16:42,2017-10-16 00:00:00
0232512713ff84ce6ae5c96971894149,dd697a2e78207fa7b19293cccfb33729,delivered,2018-03-25 11:20:56,2018-03-27 03:55:46,2018-04-10 18:26:48,2018-04-11 18:48:49,2018-04-23 00:00:00
4b8a9df9ba274aad716c78563815150f,98b6a69c914d183f551a75957794034f,delivered,2017-11-24 13:51:40,2017-11-24 16:13:35,2017-11-28 23:07:37,2017-12-12 21:21:57,2017-12-19 00:00:00
bd90d63806137364d76965e61cfd6a28,0bd51eff36516c236f8eebce83579c43,delivered,2018-02-28 15:46:27,2018-02-28 16:16:04,2018-03-01 21:22:58,2018-03-08 17:39:48,2018-03-22 00:00:00
37f67c0f08baff980a2be6e9216099dd,c4b610f8ee40f07c6f712253a91ab0a1,delivered,2017-08-15 12:05:00,2017-08-15 12:30:10,2017-08-17 19:13:28,2017-08-21 18:59:46,2017-09-12 00:00:00
b03fd938df9e8a597888994c096914f4,2e62730cbf704c88f31e3bea032a3e8c,delivered,2017-01-30 20:27:40,2017-01-30 21:34:38,2017-02-08 06:18:55,2017-02-21 12:17:54,2017-03-20 00:00:00
fae8533726bd31cbcb92d9bdcaf5e92f,213089066b2d574340d8bfa235e96e87,delivered,2018-08-01 17:38:11,2018-08-02 05:30:47,2018-08-16 09:28:00,2018-08-21 16:40:36,2018-08-27 00:00:00
dd6ce2ca4b4f2f7b5698be76252d4c8e,2f9665008b5e1b69ca1799f5554778cc,delivered,2017-06-12 23:06:47,2017-06-12 23:15:18,2017-06-22 15:32:06,2017-07-04 17:39:44,2017-07-03 00:00:00
88daafa15ce9145c1cc5d0a5b4fcaab1,5e47f0b16c49d0a6b4fe98c879bd5f3a,shipped,2018-03-19 17:28:25,2018-03-19 17:55:46,2018-03-21 18:48:34,,2018-04-13 00:00:00
cfc5bb201c1c2e3cb2a87ef3ef4b5357,92db95c5c6712934fb892c519b3aab15,delivered,2018-02-28 18:34:47,2018-03-01 18:30:56,2018-03-03 01:52:14,2018-03-13 19:57:28,2018-03-21 00:00:00
c297e25bd82cc7de06d7cb843e1c599f,c675a2376ab75226f62b515ef498ba9b,delivered,2017-11-15 19:10:47,2017-11-15 19:26:19,2017-11-16 15:34:47,2017-11-24 21:48:35,2017-12-06 00:00:00
3a66d09f5706316fe219b632a7ba335d,3452e28259248bd268d8ac13c8446779,delivered,2018-06-05 20:49:40,2018-06-07 03:12:10,2018-06-07 09:04:00,2018-06-15 18:36:47,2018-07-17 00:00:00
fe9d34568d9ac7651ff018def29da70f,419de035a0a31527733258cce22a7bff,delivered,2018-05-10 03:38:27,2018-05-11 02:57:34,2018-05-12 08:18:00,2018-06-04 23:21:55,2018-06-08 00:00:00
aed8416bdc381185e18b6461d92b7456,222e58b2c32ff5d58bff9031851e1003,delivered,2017-02-13 17:59:42,2017-02-13 18:10:21,2017-02-17 09:54:41,2017-02-24 09:36:02,2017-03-14 00:00:00
0543af37e49147c9e0293a6d700917cb,e2983b42ccebca9712d4c730925f3ff9,delivered,2017-06-08 06:44:00,2017-06-08 06:55:07,2017-06-08 15:04:18,2017-06-09 16:29:28,2017-06-22 00:00:00
3879804f9a1c6b1f68351355cbe6aa6d,f35c644dfcac59c0653f4dbff3c3e1bd,delivered,2018-01-06 16:40:02,2018-01-08 11:11:25,2018-01-08 22:33:49,2018-01-10 20:33:26,2018-01-31 00:00:00
178b158907db264674bbb552dd781169,78eb357340012ea630b73f91be6050b1,delivered,2017-10-19 16:35:27,2017-10-19 16:49:42,2017-10-20 19:08:12,2017-10-25 19:33:17,2017-11-08 00:00:00
63bb3cc42964994be6481295c706c8f4,9a3d1f2c161063cdfa6944e31352c45c,delivered,2017-11-25 11:46:34,2017-11-25 11:57:34,2017-11-28 18:04:28,2017-12-21 16:23:03,2018-01-03 00:00:00
4f369e46adec128db04e9e4e4d5f9831,0cbfc1862c3b8d862d15964d5ee3156f,delivered,2017-08-04 08:50:18,2017-08-04 09:05:07,2017-08-04 16:05:59,2017-08-11 16:33:59,2017-08-28 00:00:00
2a1a4f4ee767e53596c8202e5bc041e6,fba9938946afd9cd58e7be16ddbe9c19,delivered,2017-10-16 18:18:21,2017-10-16 18:35:18,2017-10-18 19:27:38,2017-10-25 18:26:11,2017-11-06 00:00:00
1643b03ca11567c439096a981a2dc14c,1576435038c52a6ec02a0a6e23670ced,delivered,2018-04-06 17:45:28,2018-04-06 17:55:25,2018-04-09 23:21:48,2018-04-11 17:24:39,2018-04-24 00:00:00
96a54272b41b5689f72e71e52cd9d3f6,94ed4f73e041f303e134d5301242aa20,delivered,2017-11-07 22:54:11,2017-11-07 23:06:16,2017-11-22 19:28:31,2017-12-26 23:58:47,2017-12-06 00:00:00
d2f55c412b906bd31c6a464fcd59ee26,80cbadc786014b90f9ca6ca5eb2017b5,delivered,2018-01-08 13:16:19,2018-01-08 13:31:55,2018-01-09 22:48:47,2018-01-22 17:48:53,2018-02-01 00:00:00
87cb6bc6178f0a340e40123b7b042243,8cc2e82d06a4d26a4f9a6863f052d271,delivered,2018-04-14 20:19:07,2018-04-17 05:55:35,2018-04-24 00:54:51,2018-05-02 18:41:22,2018-05-17 00:00:00
4ae0a4ebc7224b287836fc665b499b69,d66fa96edd46013ecf2ee21ee3213c5b,delivered,2017-11-25 00:20:28,2017-11-25 03:11:26,2017-11-28 21:47:36,2018-01-04 16:17:48,2017-12-22 00:00:00
78eea5889aca707004f143f0f21f9c9d,db0900b1316983cf17883bc825c2c212,delivered,2018-02-17 15:19:57,2018-02-17 15:30:27,2018-02-20 19:19:13,2018-02-27 22:12:22,2018-03-13 00:00:00
5fe1e6d0ef84cf34adf79cdc569a3b72,ba5ea075962cdcff04b20125e61abd7a,delivered,2018-02-06 18:07:29,2018-02-06 18:15:36,2018-02-07 20:22:39,2018-02-23 23:57:10,2018-03-06 00:00:00
8639704c24e02476092cfccc3d4fcda5,c1797b9677f373db559a181a226f1c4f,delivered,2018-03-22 16:46:47,2018-03-22 17:30:27,2018-03-23 22:08:38,2018-04-04 22:14:27,2018-04-23 00:00:00
7d95b7b7b3b608ce023db6ed122d47d7,57f2f8e668dbebe70d744e81b09c5688,delivered,2018-08-15 22:30:27,2018-08-17 03:31:11,2018-08-17 11:10:00,2018-08-23 14:52:52,2018-08-24 00:00:00
284e6746559a13cf16f5941bc6872c4a,27819c7bf58f2f0880a4a36c83a4ec04,shipped,2017-12-08 06:40:39,2017-12-08 07:11:04,2017-12-12 20:09:35,,2017-12-27 00:00:00
eea701bd5c437bfaf0e473c9012e9aae,985106ebf9db15b5b9519021e22af000,delivered,2017-07-24 18:02:24,2017-07-24 18:15:08,2017-07-26 03:11:13,2017-08-01 19:35:41,2017-08-24 00:00:00
9c9f7b0c21d98c81b75246bb758c386e,bc523f15892160de30ef845c2a2d406c,delivered,2017-10-19 23:00:57,2017-10-20 00:06:03,2017-10-20 20:59:07,2017-10-27 18:43:42,2017-11-10 00:00:00
324390b70e40e80315c594d323f03798,fce4759d6e9d0ff4f6cbe26defda94e1,delivered,2017-10-06 22:30:26,2017-10-09 10:14:24,2017-10-09 20:56:10,2017-10-13 18:13:13,2017-10-24 00:00:00
0d6fbe13e1bee14aa67cfcda25ee1781,a85aa0eaabbe195c286dedb52f4c8d21,delivered,2017-07-04 22:57:31,2017-07-05 17:40:17,2017-07-06 15:40:01,2017-07-13 21:37:02,2017-07-26 00:00:00
89e2bc56c561f718d762250d9d6eb0bc,1f144031daea5ff030f43cbd0fa1a63d,delivered,2017-07-27 20:09:44,2017-07-27 20:25:20,2017-08-01 19:27:23,2017-08-09 21:17:45,2017-08-18 00:00:00
da779b6680b82d9dc38f900be7380323,7175c3ddc838d1b8c05b7b6db00116cb,delivered,2017-07-23 18:42:22,2017-07-23 18:50:21,2017-07-24 16:56:45,2017-08-04 17:25:42,2017-08-23 00:00:00
72cc323f3c9599bd8a9b0da165a18094,db5f034dd00f1a2750926b34522f7761,delivered,2018-02-02 18:17:40,2018-02-02 19:03:08,2018-02-05 22:19:38,2018-02-06 19:49:02,2018-02-20 00:00:00
a29fb245759386c446688eb1d7e07120,bd6415726ba4ca2aeee0ab3ae08bd1cc,delivered,2018-04-11 10:47:51,2018-04-11 11:10:52,2018-04-12 19:18:32,2018-04-18 16:05:37,2018-05-04 00:00:00
e7d13304a29e6bd28f4a937a5f2507e5,339af9088f2a9c29a73e37c89bb4aaba,delivered,2018-05-08 14:12:49,2018-05-08 14:30:37,2018-05-09 10:13:00,2018-06-15 13:48:47,2018-06-01 00:00:00
d89f2bc7981ac77675e55868ec92f7c4,f5f6c170b9d5baddcecb941d12b9148e,delivered,2018-01-15 14:19:16,2018-01-16 03:38:48,2018-01-18 18:49:14,2018-01-22 13:29:24,2018-01-30 00:00:00
54b267f79786d7ac585ab0aac88d6da6,94873ba8c3246266e41b6f9bd3bc1cca,unavailable,2017-07-24 23:36:40,2017-07-24 23:50:15,,,2017-08-04 00:00:00
c62845da78b3e229cd5e0914607771e7,89adeb7c49556fb4c0ea5a90291e8a62,delivered,2017-06-01 16:23:58,2017-06-01 16:35:19,2017-06-02 15:30:16,2017-06-13 11:28:01,2017-06-22 00:00:00
793a100cf28df6888d0a77ae91032263,d220f8978da3b1262782fc27c5caf747,delivered,2018-03-15 09:46:23,2018-03-15 10:30:43,2018-03-16 22:42:01,2018-04-27 18:58:42,2018-04-03 00:00:00
8a9e343b555f0310262707c47d4909bf,cb03a28ce49098248b6722c38d00320c,delivered,2017-09-11 13:36:18,2017-09-12 04:55:19,2017-09-12 20:16:35,2017-09-19 18:24:56,2017-10-03 00:00:00
7889e9a569a5488a0c9d93381a13d5ba,d49398157dec1751afd66073d61c5443,delivered,2018-07-04 15:19:13,2018-07-05 16:13:18,2018-07-05 13:59:00,2018-07-10 20:28:46,2018-08-01 00:00:00
15b491e3b8cc65b5a45e2b1bebd89042,351635175fa82fa267190c70c28d7996,delivered,2018-07-05 16:46:55,2018-07-06 12:11:00,2018-07-10 14:30:00,2018-07-13 00:08:26,2018-07-18 00:00:00
61a9adbc73db5e5c33e5d6d528f8846e,d5530638f8cd8082128e4e66392595b7,delivered,2017-07-19 11:57:10,2017-07-19 12:10:25,2017-07-20 19:49:37,2017-08-01 15:48:01,2017-08-11 00:00:00
d692f0481bd794d936f4dd5bc15b461f,c89b7f5621fd31116496f32f0090687e,delivered,2018-04-02 15:14:35,2018-04-04 03:09:00,2018-04-04 21:33:05,2018-04-11 23:12:21,2018-04-23 00:00:00
1aaa0de1005b5e253fd4805a69715d65,4cb3cebdeb4cd995bf7aa8d6a2311734,delivered,2017-05-01 21:58:35,2017-05-03 11:15:37,2017-05-05 15:08:36,2017-05-11 15:07:45,2017-05-23 00:00:00
5f67873cb4b18c98b9f2015eaae0a752,985473c68761202c6c666b4b8be681a5,delivered,2017-08-23 11:17:29,2017-08-24 03:05:22,2017-08-28 20:43:38,2017-09-05 20:34:59,2017-09-19 00:00:00
777d466afbadf685826ca5de0e152684,0e8c082d3f791f7a8e681a8afbb3853b,delivered,2017-06-06 12:38:42,2017-06-06 13:42:50,2017-06-08 15:06:02,2017-06-13 15:22:37,2017-06-27 00:00:00
103298c1f34006ce17094246325d0322,389bcb3fa1beaa437287cb5784316286,delivered,2018-06-28 23:24:34,2018-06-30 02:35:15,2018-07-03 17:14:00,2018-07-14 12:03:37,2018-08-03 00:00:00
56a80792281d114fba8f25d20fb087e4,5b5f9dc350d00efc166dd828b9950edd,delivered,2018-02-10 23:18:21,2018-02-11 23:10:21,2018-02-14 20:52:42,2018-02-27 23:44:54,2018-03-12 00:00:00
cf2b1b5aa5205a5c2e895d05702ba9fd,bfd018af662649c8de5067e6564953c2,delivered,2018-08-10 16:02:36,2018-08-10 16:10:20,2018-08-14 14:20:00,2018-08-15 17:31:49,2018-08-15 00:00:00
c74cf1ca276671008659269ab5a0d058,cada61a3712a4c8ba5d7f30dad2b454a,delivered,2017-12-16 14:34:51,2017-12-19 09:51:54,2017-12-21 19:17:19,2017-12-22 16:27:59,2018-01-05 00:00:00
b1b7fb18867782ce1a5d931650b3ee5a,5dc7b6b6d2c5ccabe66680825f740cbe,delivered,2017-11-09 19:02:22,2017-11-09 19:11:29,2017-11-10 22:09:27,2017-11-16 17:51:11,2017-11-29 00:00:00
cdeb08f89f720090a01797f553cc8fcc,1d0da8bb4dd97014f97ee0e96df2be75,delivered,2018-07-16 22:53:03,2018-07-16 23:00:40,2018-07-17 14:23:00,2018-07-26 14:08:52,2018-08-03 00:00:00
c20d393462543fa2a0fe511aca2245e7,90043fb9e26697db68f4bad3e4783ee4,delivered,2017-05-05 08:50:28,2017-05-05 09:02:12,2017-05-11 10:20:24,2017-05-22 11:54:34,2017-06-05 00:00:00
e570b7a982fdedf52878701b861610bb,d3ed0bc84d6917aec56f78c98edeb2c4,delivered,2018-06-27 08:21:01,2018-06-29 02:53:23,2018-07-03 10:59:00,2018-07-21 15:24:38,2018-08-01 00:00:00
5e9a82a7ea8034ac99aa27cbb7bff356,3a03d0a8709a3334991e4d5b416174d3,delivered,2017-07-24 17:28:41,2017-07-24 17:45:12,2017-07-25 19:13:32,2017-07-31 18:12:25,2017-08-11 00:00:00
c14276f26a0791a1773e6da7b07db230,86aa08ad9b72bb15edf9488c82b68ef3,delivered,2018-08-26 18:03:59,2018-08-26 18:15:11,2018-08-27 16:34:00,2018-08-30 22:52:54,2018-09-13 00:00:00
76fa5079bacbb2380a971adbbc40676f,c289a8b97cf8f2002294264da18523aa,delivered,2017-11-25 07:56:05,2017-11-25 08:15:28,2017-11-29 13:38:40,2017-12-04 23:57:39,2017-12-29 00:00:00
37c784fc18298a8c578de2bf806fdcff,39623b729aa1b91a230f0390b610271d,delivered,2017-11-07 17:16:07,2017-11-08 03:26:37,2017-11-09 16:42:01,2017-11-16 16:03:41,2017-11-27 00:00:00
987e9593668be10f799158973ca6fb87,d1dac904be59e9a142e30ad313465c2d,delivered,2018-02-22 20:50:24,2018-02-22 21:08:28,2018-02-23 23:39:23,2018-03-15 22:33:17,2018-03-16 00:00:00
c2f98ca0df773c12e9a3001fd986d24c,a5fc400813ef7b63bbc32b0b78dac4a9,delivered,2018-08-14 13:26:38,2018-08-14 13:44:20,2018-08-15 14:14:00,2018-08-21 23:46:23,2018-08-23 00:00:00
2668da32aacf500cc535a4915f6efd91,bf44c65b0e07eaa3659c0c5c9ecbce69,delivered,2017-03-18 18:00:19,2017-03-18 18:00:19,2017-03-22 06:51:56,2017-03-29 17:07:43,2017-04-13 00:00:00
1265611726ff5db3cbc89ad405de41f2,0d1d140a2eba714646e5412bb9ffe112,delivered,2017-11-17 21:14:58,2017-11-17 22:00:25,2017-11-20 19:24:26,2017-12-12 00:49:53,2017-12-13 00:00:00
d85ce87a3af93d77d9ffb99a90c76710,0e0af490d67b53659df4023f40355891,delivered,2018-08-24 15:05:27,2018-08-24 15:24:44,2018-08-27 12:30:00,2018-08-28 19:38:38,2018-09-03 00:00:00
af516db8ac29ad210281b90ef0a33d19,5d9c4fa98b6581a8b423c21a9b9c42da,delivered,2018-06-14 16:31:54,2018-06-15 16:40:46,2018-06-20 03:09:00,2018-06-30 11:28:40,2018-07-12 00:00:00
768af91be1cb476b3377ca5adf097203,6143a8e0179e0771a2338d843163b338,delivered,2018-01-25 16:56:25,2018-01-25 17:13:21,2018-01-26 20:56:56,2018-02-14 19:51:43,2018-02-19 00:00:00
49bd41f48c18196e903f49c327dc57f6,a97720ccb43c16804cdb040cb2abb010,delivered,2018-02-02 03:44:56,2018-02-02 03:55:22,2018-02-02 17:03:18,2018-02-09 17:52:26,2018-02-26 00:00:00
c6af19efddaab0233a1eeeb34402bb99,830fa7b2112959241fe6bae73110c547,delivered,2017-11-22 10:45:53,2017-11-22 10:59:21,2017-11-22 22:46:48,2017-12-05 22:36:54,2017-12-18 00:00:00
72e0f9322488f1699387c833d459d87b,7b6e9e865f38a9302c055f5a9215b66a,delivered,2018-01-21 23:11:15,2018-01-22 14:03:40,2018-01-31 20:33:06,2018-02-09 22:17:58,2018-02-06 00:00:00
7cb0462fe3de278ba58f5ae3e6bdac4d,200dd0eca06c80249f4f9960b940eeb3,delivered,2018-08-08 23:32:31,2018-08-08 23:45:14,2018-08-09 16:08:00,2018-08-21 12:55:28,2018-08-28 00:00:00
33d14124f0c894a2390998ae1015abf7,758d50f309f2f5f92b1d45497b54bfb6,delivered,2018-08-05 18:40:12,2018-08-05 18:50:11,2018-08-06 15:42:00,2018-08-07 18:46:37,2018-08-13 00:00:00
6fc77fe0941b9747d5cc3deae6025a4e,8d7bcfbe8caf1c7d288c6aabb3fec69f,delivered,2018-03-01 18:30:52,2018-03-01 19:09:35,2018-03-03 16:13:08,2018-03-16 22:51:53,2018-03-28 00:00:00
8e90c3fae41af15f01fac3ca5b6037fb,edd4409bccadd8e40596bb9d66c91bf3,delivered,2018-03-07 00:16:37,2018-03-07 02:01:02,2018-03-07 18:07:35,2018-03-15 20:11:31,2018-04-09 00:00:00
b77da58943f12a6562df928e821440c9,9016eebc5e82203ee2a3f014ec00c808,shipped,2018-06-28 20:56:28,2018-06-28 22:01:13,2018-06-29 14:20:00,,2018-07-24 00:00:00
849d475e530e0dc2250a64fca7a93dbd,77d891f6da5c895bd54f19bcd9c78de1,delivered,2018-01-31 19:19:07,2018-01-31 19:30:27,2018-02-01 19:29:29,2018-02-19 21:37:20,2018-03-01 00:00:00
2ee0dd09094bb9568b06bc1ffbe9f4ec,76df3b6412d4883dbc84402a5c659b5d,delivered,2018-05-28 21:02:23,2018-05-30 02:13:51,2018-05-30 10:17:00,2018-06-26 21:24:45,2018-07-05 00:00:00
9aeafd098ce4b1ba99079b89a2ea3d49,ce044d9d17e942154d8b9d2e45da8dc9,delivered,2018-02-06 09:12:57,2018-02-06 09:30:23,2018-02-08 00:28:35,2018-02-19 14:35:50,2018-03-06 00:00:00
f7772489190a216873e672f837696a40,bb361bac285a47a4b5eb3b3310fd0835,delivered,2018-02-18 21:06:07,2018-02-18 22:07:24,2018-02-19 19:59:44,2018-02-25 15:34:02,2018-03-12 00:00:00
c217d6e1f593a5fae1b7efaf4dd26201,5199bb48202f3031e57bfa84b3a1f740,delivered,2017-12-21 16:09:48,2017-12-21 16:30:04,2017-12-22 17:48:02,2018-01-10 15:37:34,2018-01-22 00:00:00
bc2ca758b82d10e0d335c8eb12349128,71470c77752ae4d613157eadefe91165,delivered,2017-06-25 01:02:11,2017-06-25 01:10:16,2017-06-26 14:40:12,2017-07-06 14:37:30,2017-07-20 00:00:00
69461f29dab0cf81b5f953ae062a767c,210ffab666bcaddb7fcd01a83ab41287,delivered,2017-07-14 17:35:06,2017-07-15 03:25:52,2017-07-19 16:44:51,2017-07-20 17:26:57,2017-08-01 00:00:00
a96a09a27673f20f77e888e9cb0b864b,d56ce285564b088a3815fb59f5be3319,delivered,2018-01-16 16:38:03,2018-01-16 16:52:20,2018-01-23 00:21:38,2018-02-05 22:13:38,2018-02-08 00:00:00
b5199c66306c07a949f9a9069f7fda57,306cd7574a5c838fc55238047aa8df9b,delivered,2017-08-31 20:54:05,2017-08-31 21:05:40,2017-09-04 21:03:08,2017-09-12 21:41:57,2017-09-20 00:00:00
1312c3e9b13335ff82ee5ee0599e9e60,c1e9dba3947601bb23131049e3ec1952,delivered,2017-09-18 13:36:42,2017-09-18 13:50:15,2017-09-22 18:06:03,2017-10-16 09:56:50,2017-10-10 00:00:00
821ab83aee62992191306118d37fcb3c,7cd727f4c16ab0b4ba4cfd760cee2316,delivered,2018-08-27 08:51:54,2018-08-27 09:05:15,2018-08-27 15:48:00,2018-08-30 01:53:46,2018-08-31 00:00:00
7d695cbb791e6b56ac8a913e1fa9fbe8,b8febf0469319c4cbb2379e1a0e6fb6c,delivered,2017-08-02 10:22:16,2017-08-02 10:35:23,2017-08-02 23:57:39,2017-08-07 22:26:58,2017-08-25 00:00:00
59ee573107dc652d64099e2e834aa730,cd7ee6e3367e5736cecb04f82769db7b,delivered,2018-05-21 08:15:43,2018-05-21 08:31:00,2018-05-22 15:30:00,2018-06-02 21:56:27,2018-06-08 00:00:00
31b7c794ac6847e341414fbd8eaa35b2,867373f3bc57c4e4b2325fd2cd0eff02,delivered,2018-05-07 12:59:34,2018-05-07 16:34:04,2018-05-08 12:22:00,2018-05-09 17:41:31,2018-05-17 00:00:00
5d1ab3e75c76552ea4661a441fe24d78,892531dd80efb5118f754ca4edaa3a74,delivered,2017-09-14 14:16:00,2017-09-14 14:30:14,2017-09-15 15:51:41,2017-09-22 23:38:54,2017-10-11 00:00:00
96b58ad037abdd4b7ca509a3009cbbe7,554948f6a0ae8d35fb121314372077ab,delivered,2017-11-26 16:18:12,2017-11-26 16:36:05,2017-11-27 17:42:10,2017-11-28 20:42:08,2017-12-11 00:00:00
8b4bddf7147c2e258a07697c3db41203,7994fb833e6c8f40ad229e30fba8ad46,delivered,2018-02-23 14:03:50,2018-02-23 14:15:52,2018-02-27 21:06:00,2018-02-28 12:48:45,2018-03-16 00:00:00
e58fb7bfd033514475ab0883ded704f4,3644d5df1c9855d164c277d91bf4a7f4,unavailable,2017-10-20 07:33:10,2017-10-21 03:07:30,,,2017-11-10 00:00:00
af71d2ac9926b3c080b892c4882849c2,7bb166661778505b89811ebab082883b,delivered,2017-01-31 16:23:28,2017-02-02 02:41:12,2017-02-03 13:49:50,2017-02-14 07:41:14,2017-03-22 00:00:00
e17f915ae8dee836e44f72c948c09d13,3657ad6af6f097cac2927c15d0c48100,delivered,2017-07-27 08:49:19,2017-07-27 09:42:52,2017-08-07 13:58:11,2017-08-23 22:43:09,2017-09-01 00:00:00
ac3da9b0adcc3d95a2e919b1505788f4,4ce8826c2e5ca83f641984f18dd6080b,delivered,2018-02-24 21:24:32,2018-02-24 21:30:31,2018-02-26 19:55:04,2018-03-14 17:08:39,2018-03-21 00:00:00
42b4cc626bcba589ae76151155a70a19,ba3d90bfa6b7848fe808642eec413a4b,delivered,2018-05-02 17:46:27,2018-05-02 18:32:50,2018-05-04 12:37:00,2018-05-08 19:33:02,2018-05-29 00:00:00
6b08bac55e7aba141d62c13bc3cb97b0,86036e031e6a27824b98ae995119bea3,delivered,2017-11-29 10:16:41,2017-12-01 11:31:36,2017-12-06 18:52:57,2017-12-12 20:29:19,2018-01-02 00:00:00
721fa08ba1208bce0d5642af802d2586,608fa8d834caa1d24ef0fc83a3bd9617,delivered,2018-05-01 15:28:31,2018-05-01 15:53:46,2018-05-10 14:54:00,2018-05-18 12:37:26,2018-05-22 00:00:00
3fd7b46e6db1b2d7094ad6a73685ccc5,e21646ba7ddc970626699297b40fc428,delivered,2018-03-13 09:55:40,2018-03-15 03:10:10,2018-03-16 15:56:42,2018-04-13 14:32:48,2018-04-13 00:00:00
bcc4d7b9422f45610ec4008b5012e842,16b64f7b6d8c8a1952ca8b8bca2c5a30,delivered,2018-01-02 13:33:04,2018-01-02 14:31:52,2018-01-08 18:05:33,2018-01-17 21:53:13,2018-01-24 00:00:00
7f8903f6568b27ce902d983d179386e1,8bc9c0365d8687a8e8d814caf1af821c,delivered,2017-12-07 16:34:09,2017-12-07 16:51:48,2017-12-08 18:53:18,2017-12-19 01:41:44,2018-01-08 00:00:00
7c16f82261b598ba393f29f1d992c1d8,f1fa2c750e749e489428a52f4a83d165,delivered,2017-08-03 11:22:29,2017-08-05 02:55:18,2017-08-09 17:14:25,2017-08-11 18:13:13,2017-09-01 00:00:00
380e56f1fd27f6b37f38fc5fef8c76d0,91cbdb19cc0cb23e62b4f291f0c1e41e,delivered,2017-06-15 17:27:41,2017-06-15 17:42:43,2017-06-19 21:12:58,2017-06-26 09:29:01,2017-07-06 00:00:00
061eb3fa9ee22a8dc3c90060e5a637c9,2ec58f2c612ff2a103859e7615e10a52,delivered,2018-05-30 12:06:45,2018-05-30 12:29:37,2018-05-30 14:55:00,2018-06-12 17:34:28,2018-07-03 00:00:00
f0950a8d82cf4cec34b8eab654139dad,2e172a2f3360de6161cf4182f0020848,delivered,2017-08-10 17:19:42,2017-08-10 17:35:54,2017-08-11 18:06:57,2017-08-16 18:59:00,2017-08-30 00:00:00
3f7e2597afafe07f94a15e7f5da01135,a234da507a5f205f769bb15c6b6f984f,delivered,2018-05-02 20:17:18,2018-05-02 20:53:31,2018-05-08 08:27:00,2018-05-15 15:01:05,2018-06-04 00:00:00
6d593e5622aab63ba5830ea1dbfaecf9,7a3021c54104f38d7628434dc0e748bc,delivered,2018-06-19 00:19:37,2018-06-19 08:36:58,2018-06-21 14:18:00,2018-06-26 22:48:49,2018-06-29 00:00:00
489e6c889dd29088ff5646a8c6d106ad,0551ebc96733a7f875a0018f90cb7d44,delivered,2017-11-19 17:22:28,2017-11-19 17:35:30,2017-11-21 18:19:08,2017-11-27 20:26:53,2017-12-12 00:00:00
5cd334950cf4627e45b33a86ddb5248e,0d8933441b7876edc0ba60aead4b1bb1,delivered,2018-01-28 17:49:26,2018-01-28 17:59:35,2018-01-29 20:13:18,2018-02-07 20:03:07,2018-02-26 00:00:00
87ecc025e6e05e1bd65706f6d689856c,9c58fe04f9edc80e747a3e419b120d6c,delivered,2017-08-27 22:34:25,2017-08-29 04:50:59,2017-08-29 19:26:10,2017-09-04 20:54:02,2017-09-15 00:00:00
2d7112fbe786c9c56050866c853e3a7f,2a0ae78342ed766c8dfd9f7b09e300d5,delivered,2017-12-05 19:03:13,2017-12-05 19:17:31,2017-12-07 21:03:22,2017-12-11 20:16:58,2017-12-21 00:00:00
f3da9dfd7e7fc1da0f3a6b4455969c04,f57e94320f9f8c94e5c239fdb1557846,delivered,2017-07-05 16:31:01,2017-07-05 17:54:54,2017-07-21 17:57:45,2017-08-02 18:37:44,2017-08-10 00:00:00
33c7fbae8a82787f5f5524eaf5d8097f,93ca9447a930ae7ce4da8ef3c0380833,delivered,2018-03-19 09:42:32,2018-03-21 02:49:03,2018-03-21 19:28:30,2018-04-02 21:14:41,2018-04-05 00:00:00
6c073a22ff6009da282ea6c30102f996,fd21e05c87eb8feb0e94bb41b85efcf4,delivered,2018-05-24 09:19:42,2018-05-26 02:18:29,2018-05-30 14:48:00,2018-06-07 23:41:00,2018-07-02 00:00:00
c79cc9cc01a118d224618bf964a0c1ea,e63d3cb3e05d2867f4e2dda6d0fbdd8c,delivered,2017-04-19 13:49:05,2017-04-19 16:15:23,2017-04-27 14:43:24,2017-05-12 12:33:03,2017-05-11 00:00:00
4830bd8fff96f1bb97dd5db5220f4817,feef9d2ebd0024cbb17471825fedfa6a,delivered,2017-10-15 20:15:34,2017-10-15 20:28:18,2017-10-16 20:09:14,2017-10-24 20:12:56,2017-11-07 00:00:00
16bca95ea5b4327cdf4a33ba25fa9760,7c8df632741577655c609c9d71b69720,delivered,2018-08-12 16:11:49,2018-08-12 16:25:18,2018-08-21 13:15:00,2018-08-28 20:03:39,2018-09-05 00:00:00
48c1913bab1f9f2b5452dfb560fa1ec7,0dec7b13d0c9ea6f20d475024b1f7184,delivered,2017-04-24 19:49:02,2017-04-24 20:02:31,2017-04-27 10:35:06,2017-05-04 13:52:42,2017-05-11 00:00:00
f67e663b2ff655ebf56d06f6fe7f6a97,b0d611da05e980fa9beeec62f772ceb5,delivered,2018-01-07 18:30:33,2018-01-07 18:39:17,2018-01-08 21:45:01,2018-01-24 18:51:34,2018-02-07 00:00:00
bcbc0973414b1dd97555e6f8e9713cfa,3f6f000d5b0a959f38481fad4ab7cac2,delivered,2016-10-04 23:59:01,2016-10-05 03:45:41,2016-10-09 03:45:42,2016-10-16 10:41:50,2016-11-28 00:00:00
6eac1dab00b500f0d065b243b657d0b0,a8e4d528c09b1b6701121e1965defd35,delivered,2017-12-12 22:28:42,2017-12-12 22:37:33,2017-12-13 18:25:03,2018-01-03 16:38:09,2018-01-09 00:00:00
a1abe44712c1781003be14dfbafdc284,b98c8f572416ae1355be90eb017f14cb,delivered,2017-07-17 22:19:33,2017-07-17 22:30:24,2017-07-20 18:47:39,2017-07-27 20:58:51,2017-08-14 00:00:00
319bc82f24defe9aea4274a6bded23ab,9e1540e5915a50dba7073759d4efd583,delivered,2017-11-18 16:27:57,2017-11-18 16:46:01,2017-11-21 13:46:55,2017-11-23 13:22:14,2017-12-01 00:00:00
f633fefe2dab012ecd550010242ccf0e,73ac0efd1b1b1bad5e8011e747eded45,delivered,2018-07-19 18:52:21,2018-07-19 19:03:17,2018-07-20 15:16:00,2018-07-27 16:02:08,2018-08-03 00:00:00
85abf987df0b38005eb6c91fb55374c9,4495ad62072452e2be047d8687da5be8,delivered,2017-08-14 12:39:56,2017-08-14 13:15:20,2017-08-17 18:08:43,2017-08-18 21:59:58,2017-08-25 00:00:00
693ef2b7087823ffc033b0d94ec8af49,f6ca9065104bfd1f327114b8ccce1509,delivered,2018-01-20 12:41:46,2018-01-20 12:51:00,2018-01-22 18:49:05,2018-02-05 16:12:25,2018-02-20 00:00:00
45d6496459628cafb729eca97ed10f4b,711963c7bb1c3afca68db306dc011580,delivered,2017-07-07 17:32:20,2017-07-07 17:45:13,2017-07-13 20:33:02,2017-07-22 03:08:38,2017-07-26 00:00:00
6c0356ab340ffa364f50daabfc65f1fa,021d6c6614e8f9ad30985e8594bffe06,delivered,2017-08-11 15:30:43,2017-08-12 06:43:56,2017-08-15 15:05:27,2017-08-22 19:37:18,2017-09-04 00:00:00
5cf545017493456f694c201f5019515b,c02524c62762e2a04a2b936b7f06f16d,delivered,2018-03-01 01:04:05,2018-03-01 01:35:13,2018-03-01 20:49:12,2018-03-12 14:08:57,2018-03-20 00:00:00
83d214da3624ec29a433e01e7ec0f492,34b0bd805c03ac6e12797c098d6258ea,delivered,2017-07-05 13:54:41,2017-07-05 17:39:59,2017-07-07 19:35:47,2017-07-10 17:45:56,2017-07-18 00:00:00
a562dc4f82a34303219d36cffb2cdd2c,110cfcabde5f5070e596758fd20ad529,delivered,2018-03-06 14:17:27,2018-03-07 14:10:29,2018-03-09 16:19:31,2018-04-13 14:56:34,2018-03-29 00:00:00
99d330b158a97e4b525cb725fa9571ec,d8f3e586c5a006d51f26fa3de177ef19,delivered,2018-04-22 17:11:43,2018-04-24 19:19:30,2018-04-23 23:54:54,2018-05-04 16:04:41,2018-05-21 00:00:00
c262d9407971d247fc7683fc716ab9ab,29631b630037329464b18f738028aa02,delivered,2017-11-27 14:32:20,2017-11-27 15:01:36,2018-01-04 21:07:54,2018-01-16 21:48:52,2017-12-20 00:00:00
7195a1b1bacdece56ff3192215d05b12,28b132646cfb40a0d9be48913dad6047,delivered,2018-01-30 17:21:23,2018-01-30 17:35:32,2018-02-02 00:26:51,2018-02-19 23:43:46,2018-02-26 00:00:00
de4531ed564f2599a82ff123bc6f07c7,4b2450362c5261357d6718af2f99d63b,delivered,2017-07-14 14:31:20,2017-07-14 14:45:22,2017-07-17 16:29:52,2017-07-26 18:23:28,2017-08-03 00:00:00
9acd90340738747388bfb3af3f39ce47,c53cf831125f554f5c949c913a511bb2,delivered,2017-10-12 20:30:00,2017-10-13 13:56:18,2017-10-16 20:40:00,2017-10-25 16:32:25,2017-11-07 00:00:00
7d9c21ba37fb1729afeadf7184a23780,cb42776f5a28d606a9e0599b45e92186,delivered,2018-05-02 11:44:14,2018-05-02 12:14:30,2018-05-03 06:40:00,2018-05-09 22:40:55,2018-05-24 00:00:00
1928d8e92954133370808f13b84270ad,91674630c3abf8b348512504008eb8e0,delivered,2017-06-21 16:19:45,2017-06-21 16:35:12,2017-06-22 13:06:01,2017-06-28 14:42:13,2017-07-13 00:00:00
da44f554b7c4550b0d3cd650f132d1e1,05bd9751942c8aa2386dfb7459379105,delivered,2017-08-31 13:06:43,2017-08-31 13:24:13,2017-09-01 20:05:28,2017-09-15 19:17:25,2017-11-23 00:00:00
6e8f171a966c53e6442c158fc328eb1a,33cf5d74687e44c099ca607099f8f5ce,delivered,2017-12-13 22:20:21,2017-12-15 02:16:01,2017-12-18 17:08:54,2017-12-27 00:58:56,2018-01-08 00:00:00
dd0488bddbf592ba7d9855279f65af62,0994f4004d043a6b92949b75744e0e52,delivered,2017-05-04 19:15:42,2017-05-05 22:02:34,2017-05-09 07:52:10,2017-05-18 17:17:44,2017-06-01 00:00:00
d9ac89619ece3b2e00c65429b776a78c,917d24d566e95f4e66a62a9c9a9eb89a,delivered,2018-04-06 19:30:38,2018-04-07 16:48:31,2018-04-09 23:41:43,2018-04-10 16:12:23,2018-04-18 00:00:00
61782adcbc7367ccf0c14043586c9495,e415222b4abe172614ed6c78d9d96994,delivered,2017-02-10 12:11:25,2017-02-10 12:32:24,2017-02-13 10:43:40,2017-02-20 09:23:57,2017-03-13 00:00:00
1d297b4800ed1a3c5b0944d84c01ee99,73e2b4288542d61062a05631a97545ae,delivered,2017-10-08 19:00:03,2017-10-10 09:14:14,2017-10-10 21:30:06,2017-10-21 00:22:09,2017-11-07 00:00:00
cebc01d93a6f61df440ecaeb708edb5d,409192c05c81efb2fda3a7d3e3d0e35d,delivered,2018-01-17 14:20:22,2018-01-17 14:30:42,2018-01-20 01:08:46,2018-01-23 18:43:31,2018-02-01 00:00:00
474bc81adb51b57d631c2661d8ad3894,37bac99ac2045d59bf00c217cfd316cf,delivered,2017-11-17 13:12:37,2017-11-18 07:35:32,2017-11-22 23:27:36,2017-11-27 20:09:01,2017-12-08 00:00:00
c581b368f1c9fc02caaa71e42809baf9,a67066f37fd7f046f8ee58067dc9abbe,canceled,2018-08-10 14:44:24,,,,2018-09-06 00:00:00
7b9c0feafeaa7c82184c86177f18b4e6,3e4cf7dd92181ca208a4c88731b68b68,delivered,2017-09-07 12:42:40,2017-09-07 12:55:13,2017-09-08 19:33:26,2017-09-18 19:57:32,2017-09-27 00:00:00
c9a9cfcae27293ffcf7a40ce1e34f18f,c769ff428ee9e379ae96258f9dafa4d6,delivered,2018-08-01 15:41:11,2018-08-01 17:30:41,2018-08-03 15:12:00,2018-08-07 18:41:36,2018-08-17 00:00:00
411790320f5670dfdaadb9d7a8b634d3,67d6db738535e3dc4fcb7d769091ca6e,delivered,2018-03-11 23:08:43,2018-03-13 01:30:23,2018-03-14 20:20:45,2018-04-10 20:43:40,2018-03-29 00:00:00
03edbc910db946c979e09e67eb6a0d9f,87fcd3ae8cefbde105ade8be91dbbe7b,delivered,2017-12-18 23:28:21,2017-12-20 07:17:58,2017-12-20 15:48:02,2017-12-26 13:38:48,2018-01-12 00:00:00
e2b7031b8151dd5de69d77a161b19c44,08ad03bbb59f24c6f7842e991d1c6324,delivered,2018-02-13 13:18:09,2018-02-13 15:00:32,2018-02-14 19:08:33,2018-02-27 20:39:02,2018-03-06 00:00:00
4c8ea2a4ee7b1d91b837360ccb23fe89,26d53bf7a3a1b1ec564377e78dec1916,delivered,2018-01-04 16:30:43,2018-01-04 16:47:50,2018-01-10 16:38:36,2018-01-31 15:51:56,2018-02-05 00:00:00
f5d98cac84d7a766c2615a4262585d81,8af1d45868d3ddb8958b01865c0cf53f,delivered,2018-03-03 20:24:33,2018-03-03 20:35:30,2018-03-08 14:46:49,2018-04-10 22:41:34,2018-04-02 00:00:00
6ce409ae9fc35c1c78c3190b660a23b4,0bdb9c395e2e8642bd9a303c4e2725c0,delivered,2018-02-28 12:04:20,2018-02-28 12:15:34,2018-03-05 17:14:48,2018-03-23 19:56:39,2018-03-23 00:00:00
adab4e8363237e2879135c67b6b73451,41fc6dd0d3fc7ee578e1a8c1f4fc4e13,delivered,2018-03-28 09:42:23,2018-03-29 03:29:04,2018-04-02 20:34:37,2018-04-11 15:41:55,2018-05-11 00:00:00
dd3f154e8c5ad253511759c5abb14797,859cd7d4e7d4073c78b6d59c84128992,delivered,2017-07-21 19:58:21,2017-07-25 03:25:46,2017-07-25 19:32:55,2017-08-01 17:57:27,2017-08-24 00:00:00
2581504c87d229321f70e6850d332196,18d5d5895467ab53587d1ec961de0ece,delivered,2017-09-16 12:25:06,2017-09-19 03:55:25,2017-09-19 21:03:14,2017-09-28 21:13:17,2017-10-05 00:00:00
b8512e5445d526141e361139d1cbbace,b9897e97ff97ceabbced57359e28b489,delivered,2017-05-24 23:13:52,2017-05-25 02:35:15,2017-05-25 10:39:19,2017-06-01 12:18:20,2017-06-16 00:00:00
583d5978ccf34486c5dbf738558e1b7a,173b02d5ca1c65154f368ac76ecbabac,delivered,2018-07-14 15:06:12,2018-07-14 16:55:21,2018-07-16 10:50:00,2018-07-26 11:21:51,2018-07-30 00:00:00
25b5682781766b4b351cc1475a5caf30,ccd8ca3ab678409f42cdd0136864e1e8,delivered,2018-06-24 16:56:46,2018-06-24 17:18:15,2018-06-25 13:04:00,2018-06-30 01:03:43,2018-07-18 00:00:00
6768cd1c4f84a44f988f7e03ceff5699,ffa9b6bd4bc00c0b12001ba7da300987,delivered,2018-05-01 08:29:23,2018-05-01 08:52:58,2018-05-02 15:01:00,2018-05-03 20:17:03,2018-05-18 00:00:00
ab64c36dcdcc73e28c565187f757e3b0,4aa098ef6289ed1ae1c5ece300060d31,delivered,2017-07-07 16:09:51,2017-07-07 16:23:47,2017-07-13 20:49:41,2017-07-25 22:21:33,2017-08-04 00:00:00
9264772e1e557706d0a81e9addf98362,6f2e4ee9557a5ad3d44831d5bf37cc3f,delivered,2018-02-06 21:57:47,2018-02-08 07:50:37,2018-02-08 18:57:47,2018-02-22 19:50:23,2018-02-22 00:00:00
432741a23747a84de00c2483f78eec05,198f2f3c541f4dba5b27ebdcbbf620c9,delivered,2017-12-31 12:28:50,2018-01-03 04:33:23,2018-01-05 20:35:36,2018-01-13 00:07:08,2018-01-31 00:00:00
38422c08f54da1ce80e0a5eb373d7d82,1bc9f54f97cdb38a6bba7f6a8287d918,delivered,2018-06-29 11:58:27,2018-06-29 12:10:16,2018-07-03 15:23:00,2018-07-06 17:32:30,2018-07-26 00:00:00
bfd31c6f76ff82a41e7beb05565aec4d,6c65055adfbc0007dbb4c5a22ea5ba8c,canceled,2016-10-04 14:51:15,2016-10-06 15:56:40,,,2016-12-14 00:00:00
950751565654ebfd1a4665d3c818e694,24d792b6dcc1be352cce55abccc5385e,delivered,2017-08-15 14:30:50,2017-08-15 14:55:20,2017-08-17 18:25:26,2017-08-28 20:23:32,2017-09-06 00:00:00
b7e339d3c4aefa73f6e86875b78250f3,454b89aa74cc3a41ac6a964e7f6c9e67,delivered,2017-12-17 22:36:30,2017-12-19 23:23:26,2017-12-20 21:24:08,2018-01-03 17:22:47,2018-01-11 00:00:00
6b5c69624b2e0a58948ec5cca5449ca0,abc452b5f9790d518caef9fc1a23d251,delivered,2017-05-13 12:28:32,2017-05-13 12:35:24,2017-05-15 12:05:03,2017-05-23 15:41:42,2017-06-08 00:00:00
3282385c44e7b281c20ad4af6871097c,43a8dd27afa9968b13e68053a4160e4d,delivered,2018-02-01 12:37:05,2018-02-01 12:55:38,2018-02-08 00:18:51,2018-02-19 20:06:38,2018-03-05 00:00:00
c019ee5ff9da7953b6fd6143529dad22,5848806a9ffe2f4c470920d3a11f5b1b,delivered,2017-10-04 19:56:40,2017-10-04 20:07:22,2017-10-05 20:26:44,2017-10-10 22:13:38,2017-10-27 00:00:00
1117adefe1d6d759e691b366fa392487,98f627c1cdf78c90be9ec804045c94aa,delivered,2017-12-26 10:21:28,2017-12-26 10:31:30,2017-12-26 19:07:44,2017-12-27 21:42:22,2018-01-15 00:00:00
325a9deca08aa5851eb6eea67f0414aa,a6137fdb179b9e20c03ff14f13137f5c,delivered,2018-03-19 19:50:50,2018-03-21 02:55:49,2018-03-22 16:55:26,2018-04-18 20:41:01,2018-04-23 00:00:00
2ae87534d2afc8b5a768988977c8d582,9468602db2950cb719a810885cc9773e,delivered,2018-06-30 20:50:06,2018-06-30 21:10:12,2018-07-02 06:32:00,2018-07-05 19:51:42,2018-07-24 00:00:00
4b56b0f11819efbf57af78ef26982ca5,683fb9798e710428ce7304acbd9bbcaf,delivered,2018-03-21 18:49:06,2018-03-22 21:07:30,2018-03-28 20:28:52,2018-04-09 22:39:42,2018-04-19 00:00:00
c2f738cffa511334a7cd7ff8a8067bdc,b0137ec99bcb19af3cfb85f75374e429,delivered,2018-04-18 00:03:16,2018-04-18 00:15:34,2018-04-19 02:32:36,2018-04-27 17:56:42,2018-05-17 00:00:00
3ad2072a2c9169681a3bb6138e0f8ef3,007182cdc3e8e2d3d4ce0b00b9004630,delivered,2018-07-07 16:33:10,2018-07-11 03:26:09,2018-07-11 12:25:00,2018-07-12 21:26:49,2018-07-19 00:00:00
6b4a30b5616dfc8267ae9d39b34e3a26,83fd55588a80384e120381b6a7588acf,delivered,2017-10-25 14:00:27,2017-10-26 13:56:20,2017-10-27 15:58:05,2017-11-01 20:06:04,2017-11-16 00:00:00
729bf6aed8c44bca10dba0fc98328fd0,f88a416ee96a705d4dc77e82fca0e2f4,delivered,2018-02-02 10:25:15,2018-02-03 02:53:57,2018-02-05 18:21:33,2018-02-19 18:43:20,2018-03-05 00:00:00
e37657ce0b51d96bc699c632ea1144f9,3be5dec85bac9d3ba262af84eeceed60,delivered,2018-01-06 20:42:21,2018-01-06 20:49:24,2018-01-11 22:14:17,2018-01-29 11:36:36,2018-02-08 00:00:00
e64b950c1e33e5e3f2a946903e903264,05c59c1adfa648942fe0966db6296ff1,delivered,2018-02-20 10:57:34,2018-02-20 11:10:26,2018-02-21 20:19:10,2018-02-26 21:08:08,2018-03-15 00:00:00
dec16dbd1d355316783dfd6844e61a2f,aeb3f13efa29908738bd76e97ded252c,delivered,2018-06-15 23:14:19,2018-06-15 23:39:21,2018-06-18 13:39:00,2018-07-07 15:51:05,2018-07-31 00:00:00
faf9e0472c5a8f99fbb6cc573aa3cb66,4df37dd92fc1a6feef6a785eaec01834,delivered,2018-02-23 13:45:55,2018-02-23 13:55:34,2018-02-24 00:35:29,2018-02-26 20:55:10,2018-03-09 00:00:00
69a4fa9f5f1fdc420b2f66aeb9e3806f,29016645058e6fedc78738b4a4c3f7b8,delivered,2017-06-05 16:49:45,2017-06-05 17:05:08,2017-06-06 09:09:45,2017-06-13 13:28:42,2017-06-26 00:00:00
d006112ce36cbbb57fec00ebce1de147,86555999695e810261dac1dc96ede234,processing,2017-01-25 15:28:32,2017-01-26 02:10:59,,,2017-03-06 00:00:00
fcc0c3371e0af4947b6b4c013ecc6e35,fc3cadc0c1328b099cba58d281368351,delivered,2018-01-13 00:27:45,2018-01-13 00:58:33,2018-01-16 21:10:15,2018-02-02 20:06:43,2018-02-09 00:00:00
ac8b3ecc5daa5b2d54a81b3ba337bf6f,769ff3a041b439485ac1e0db67d72fcb,delivered,2018-02-23 13:45:04,2018-02-24 03:20:27,2018-02-27 22:47:58,2018-03-02 18:08:40,2018-03-16 00:00:00
282773acd16280567c37f4f31012147f,7cde62de1829a94f842f7176d56250cd,delivered,2018-06-08 20:09:30,2018-06-12 04:17:17,2018-06-12 14:24:00,2018-06-19 17:07:06,2018-06-29 00:00:00
ab82b0d931d692c586fadda4ef9c1397,5b99d2ac45d9e913fa37e13a7e73f1fc,delivered,2017-07-18 10:14:14,2017-07-19 03:50:27,2017-07-21 15:11:51,2017-07-28 21:45:51,2017-08-14 00:00:00
fd3691fc541bcd1d4348033c3cda810e,fa603000df740cdd04040104e289c206,delivered,2018-04-25 09:32:41,2018-04-27 03:31:15,2018-04-27 14:15:00,2018-05-03 19:25:49,2018-05-22 00:00:00
6741c985ef8aed8442026a557e8a9220,acc3f0f89efb1b19c4b68089b09c0ada,delivered,2017-10-03 08:02:28,2017-10-05 02:44:39,2017-10-06 21:03:32,2017-10-10 19:52:18,2017-10-19 00:00:00
f0755fcb1af1b9abe9557b550c00f691,e8284a6a98e1003120d46a98b1a32824,delivered,2017-04-06 14:36:39,2017-04-08 02:45:16,2017-04-10 14:39:59,2017-04-18 07:29:34,2017-05-02 00:00:00
0d2676e37c740455a4f662cb7a88e6f1,45d178d60bbc8e23ec50779bff10bc7a,delivered,2017-05-07 21:40:09,2017-05-07 21:55:07,2017-05-09 07:25:55,2017-05-16 11:05:22,2017-06-12 00:00:00
d72a592fb03726e61907b9d4c2c654a3,497999c9db4e7fc8bd760a33a73415ae,delivered,2018-02-15 22:51:37,2018-02-16 20:06:58,2018-02-20 23:49:58,2018-02-23 21:23:31,2018-03-01 00:00:00
c5bb91ea2129a21a4f424d356a4d28fa,eed2a3b3ef8121235ebbd241866be47d,delivered,2018-07-05 13:45:17,2018-07-05 16:03:19,2018-07-05 14:02:00,2018-07-13 15:44:20,2018-08-01 00:00:00
1e697d52faeb26c57898a78240fec685,3c2ec0dc59d3340c41b1e8339b081daf,delivered,2018-07-10 13:29:09,2018-07-10 13:45:23,2018-07-16 12:58:00,2018-07-25 18:52:06,2018-08-09 00:00:00
efd869b2d51d2fdbbe6cedadb9772d87,45b49329c43ef921bfd31d3adda0bfe7,delivered,2017-11-27 09:31:57,2017-11-27 09:55:07,2017-11-29 00:32:39,2017-12-11 17:12:56,2017-12-22 00:00:00
99bd1b701f5689d68265a47f0b793d20,178706e9cab0f7d13bb90fbf946269c5,delivered,2017-08-05 14:52:23,2017-08-05 15:05:13,2017-08-09 16:51:18,2017-08-10 14:23:08,2017-08-21 00:00:00
133f36e23b4b0a2f8ae2ddd6463ae161,92f45c696aa80b46ded933214002f0ed,delivered,2018-02-16 12:51:53,2018-02-16 13:06:58,2018-02-17 00:39:12,2018-03-09 21:06:41,2018-03-19 00:00:00
d433845d639396a68c33b577f1dc575b,d99e12c88fdf79fc53020181a3ab5dce,delivered,2018-05-10 19:05:45,2018-05-10 19:37:20,2018-05-16 12:26:00,2018-05-17 17:02:00,2018-05-18 00:00:00
abe6fc40cd1fe4d8d308811303a443ec,077bd25440fd3380b58488ca96863cd5,delivered,2017-07-08 20:34:14,2017-07-08 20:45:15,2017-07-13 20:14:59,2017-07-31 19:05:54,2017-08-14 00:00:00
80128feb8f15a7ebaa8371aa0a718604,35026c49c3db4516456765fc5df0bcff,delivered,2018-02-14 17:52:02,2018-02-16 07:55:44,2018-02-16 20:59:14,2018-02-26 18:22:25,2018-03-07 00:00:00
b846fa269a96d935cbd973f6ba217a6a,84f15cc9c81cef2a84c29804eaf5c731,delivered,2018-05-14 16:34:12,2018-05-14 16:52:50,2018-05-15 12:16:00,2018-05-24 15:59:48,2018-06-07 00:00:00
400b234a2cb11507d9c6fe2ff08b5035,3e1f1aa69a22f10ddae5056275448e29,delivered,2018-04-06 11:14:10,2018-04-06 11:29:08,2018-04-07 01:25:43,2018-04-12 19:46:41,2018-05-09 00:00:00
6228ae77b89ddd0553cd938d128549e3,8032702d64e0d2f0ded0b178a5e9da4e,delivered,2018-05-03 12:27:37,2018-05-03 12:54:56,2018-05-04 10:54:00,2018-05-11 23:43:31,2018-05-23 00:00:00
be35daa57103f24cb540c6e7f3ca252c,14288411500578d93246cff4eaccde3f,delivered,2018-07-18 20:44:27,2018-07-18 21:02:22,2018-07-25 09:58:00,2018-07-31 18:28:52,2018-08-03 00:00:00
fbee294aaa443bcc44ac905226fe4563,f46d7e0b42f1bacf15bfdc01f857c2c2,delivered,2017-06-28 12:47:14,2017-06-28 13:03:37,2017-06-28 13:55:31,2017-07-03 16:59:30,2017-07-20 00:00:00
9a6a8b514f1317683ed32c9775e2cfc6,034fd942a2424b8665d157a4ef2e7fca,delivered,2018-06-27 15:23:35,2018-06-27 15:35:09,2018-06-28 15:50:00,2018-07-03 17:15:32,2018-07-18 00:00:00
92bdfe9e203d9d027f9c26b8b39f6ec8,6739d1a6b151dfa87a505b1c8798edbd,delivered,2017-09-07 22:45:42,2017-09-07 22:55:14,2017-09-14 22:21:51,2017-09-23 13:41:20,2017-09-26 00:00:00
f4db4affcb95da2a38c0713f619c8313,654111c54075858e34bbabeeb1a1273d,delivered,2018-04-20 17:46:12,2018-04-24 18:56:37,2018-04-23 19:38:20,2018-04-24 20:03:22,2018-05-09 00:00:00
f1d6d7277ac0980ac1b522e9502d87c9,b06e7b4f481cd5e5f25b4a99a911d15c,delivered,2017-07-30 18:41:54,2017-07-30 18:55:16,2017-08-02 11:03:54,2017-08-10 21:30:04,2017-08-24 00:00:00
9b44dbd50995185feff18a27d242838b,de585d9d5ef9119705a445eb50800d81,delivered,2017-08-09 16:51:20,2017-08-09 17:05:12,2017-08-16 19:17:37,2017-08-31 21:23:44,2017-09-04 00:00:00
285ab9426d6982034523a855f55a885e,9cf2c3fa2632cee748e1a59ca9d09b21,delivered,2017-03-08 22:47:40,2017-03-08 22:47:40,2017-03-09 08:53:20,2017-09-19 14:00:04,2017-04-06 00:00:00
dbd12212946ea52dc83895cb27918987,38947aa6a3fdff55d5df2e688f445380,delivered,2017-11-25 11:34:07,2017-11-25 11:51:39,2017-11-28 22:28:45,2017-12-29 14:24:54,2017-12-20 00:00:00
1917dc45b0bd8e45ef7e5919e9c35c15,be5019d2c52dfaffa0e4663e49bdfd2e,delivered,2018-05-28 18:47:40,2018-05-28 18:55:26,2018-06-01 12:40:00,2018-06-03 14:04:04,2018-06-13 00:00:00
300222059680c43ac9e49247244f8391,fb17e35a1d45d98e720b787b53e9feea,delivered,2017-10-09 14:05:28,2017-10-10 06:33:32,2017-10-10 18:33:36,2017-10-16 13:44:00,2017-10-31 00:00:00
f1558783ae62b91624349bdc44491d32,821ed4f4420cc9916a15dc29515ec0de,delivered,2018-04-15 20:52:27,2018-04-17 04:54:24,2018-04-18 19:32:49,2018-04-21 12:28:50,2018-05-03 00:00:00
8ec3ff9f474ef9e6324556d1fa434d5e,eda51c25861253bcea16d0b03ce265a5,delivered,2018-06-06 19:05:45,2018-06-06 19:32:07,2018-06-07 15:15:00,2018-06-15 20:14:54,2018-07-17 00:00:00
9b305f3b1cd4ea12832c2b90372b961e,99951d171be681b7a878c49cf72a32be,delivered,2017-04-29 18:13:42,2017-04-29 18:23:16,2017-05-03 10:32:17,2017-05-26 00:41:17,2017-06-08 00:00:00
a347b0e4fa4bfe76bfe8df0c775a9f2a,a9d5ef920dd27c90c1e48c0ca59a0ea3,delivered,2017-05-08 17:39:11,2017-05-08 17:50:13,2017-05-09 15:21:02,2017-05-17 13:27:52,2017-05-19 00:00:00
022d4b171a04520ca2113a48b6b61380,8d8eb67ed5fe4ecffcffd8cd9b5556cc,delivered,2018-06-01 11:54:07,2018-06-01 12:11:47,2018-06-07 13:24:00,2018-06-11 20:32:39,2018-07-04 00:00:00
d8feff3b89294953930785a4bfc5e502,5baf545acc5f10945f5f2751d5d23ecd,delivered,2017-11-24 23:43:32,2017-11-25 01:52:32,2017-11-30 22:12:20,2017-12-19 17:04:37,2017-12-20 00:00:00
4feee8fcafe1dcf0006704a808e7e02c,69d6e578767cd53d22ef956317a2d34d,delivered,2018-04-29 12:00:06,2018-04-29 12:13:17,2018-05-07 12:31:00,2018-06-13 21:28:21,2018-06-12 00:00:00
80f124338f01e6f18cf0bd64261e0db5,d06974cc9b629b0bb77a7c8a43b6e7a4,delivered,2017-09-19 19:19:10,2017-09-20 02:24:19,2017-09-21 11:35:45,2017-09-25 12:18:52,2017-09-29 00:00:00
35a3d210c364e3747478f468b0547bb2,a3d086202fecde35a84df11623affdfc,delivered,2018-04-25 17:47:45,2018-04-25 18:10:04,2018-04-30 15:33:00,2018-05-07 18:58:22,2018-05-16 00:00:00
d42a225e3dd74ca33d58bc18a87a328a,b9359a2c2419370ec7136672ca021e0d,delivered,2018-07-20 13:59:16,2018-07-20 14:10:20,2018-07-23 18:35:00,2018-07-31 16:56:46,2018-08-14 00:00:00
057e837e50171189a915cb17d4621e9f,bb140a19f73d280bb0847886feab270c,delivered,2017-08-24 22:11:11,2017-08-25 03:05:52,2017-09-01 19:30:06,2017-09-19 14:42:35,2017-09-18 00:00:00
f40512005e99b84b0daf7b1ace9dbc7f,c3e462c26638331a7fae3e19689325b5,delivered,2017-12-06 19:42:51,2017-12-06 19:53:43,2017-12-20 12:53:30,2018-01-05 23:24:43,2018-01-04 00:00:00
1739d90a28929b4a2dac3625b2a4d4d1,e98f0d8792d9c8c99ecaca12bbb15665,delivered,2018-08-20 20:17:19,2018-08-20 20:30:16,2018-08-21 16:55:00,2018-08-22 17:24:44,2018-08-24 00:00:00
0080eebb288dba1857ccf048dfe6bdfe,6dc7d8b1ac961fe9d43edb6ecadd5f10,delivered,2017-08-11 17:43:46,2017-08-12 17:45:16,2017-08-15 15:52:35,2017-08-18 20:35:02,2017-09-06 00:00:00
4fd4634c3c8d7f2b7788e9c3902565ab,8ba5ebeb32e198115c4c1d5f14b17ee1,delivered,2017-03-31 17:41:14,2017-03-31 17:55:11,2017-04-03 16:34:10,2017-04-05 15:56:37,2017-04-20 00:00:00
a8a66bacde65e1be704695072691fab7,c9cb49149d6cde01cc34c008d9f7ab76,delivered,2017-12-30 15:37:54,2018-01-03 04:35:29,2018-01-04 11:15:46,2018-01-05 13:29:23,2018-01-18 00:00:00
5c738a35c11d2bc6e99d39e84dd7102a,e2d5922a7a58769d397823045121218b,delivered,2017-03-21 18:25:08,2017-03-21 18:25:08,2017-03-22 16:15:11,2017-03-27 12:26:53,2017-04-07 00:00:00
1e60cd113fd130d6384d74348f85b63c,1b816766bb5a39f8e46924109d1f1983,delivered,2018-05-28 21:07:53,2018-05-28 21:30:10,2018-06-01 11:31:00,2018-06-05 13:48:38,2018-06-13 00:00:00
af429aa4c68dea6ce6863e63c261fd6c,6735b40b16578deeea15f31bd8ccb2db,delivered,2018-07-23 17:40:17,2018-07-24 10:31:03,2018-07-25 09:18:00,2018-08-29 18:31:41,2018-08-29 00:00:00
58207f7c0efe1d999163cf9f30042830,a06845418e31e02c09252e0d38a8cdd6,delivered,2018-08-21 21:49:19,2018-08-21 22:04:27,2018-08-22 13:00:00,2018-08-25 22:04:43,2018-08-24 00:00:00
7951fe56cf685dca47524b1986bf56b6,81d28859d6c278c6511fb5dbc8f79672,delivered,2017-12-20 23:02:41,2017-12-20 23:14:26,2017-12-28 19:47:28,2018-01-16 18:49:17,2018-01-22 00:00:00
9a1b546ea57a6babf71e20355d458c1c,d55a6be68a1b62c4c3e11fc42bf098c9,delivered,2018-01-21 19:53:17,2018-01-22 13:58:16,2018-01-24 00:05:01,2018-01-24 21:49:19,2018-02-06 00:00:00
2d7242fbb71116bf37dbca71205bc157,a8540ef4631d9b05f5fad9f374f0a349,delivered,2018-06-02 20:35:09,2018-06-05 06:55:07,2018-06-05 14:30:00,2018-06-08 15:04:40,2018-07-05 00:00:00
7bf6f797177e1c8cf1954065ec72d5b2,30d617e2f624bda831f1d5deab0c1fc3,delivered,2018-04-25 10:38:36,2018-04-25 10:54:59,2018-04-30 06:23:00,2018-05-04 20:11:56,2018-05-17 00:00:00
6a6f25fd713bf54d89cda9ccc933ecaf,74021944e729b36dee1da1a08e81065b,delivered,2017-08-25 09:45:25,2017-08-25 10:04:46,2017-08-31 17:04:29,2017-09-05 21:28:05,2017-09-19 00:00:00
5fdc93e450ccb779c5d594b36f99bc04,4c65339712e4fff612d9affa8b38d647,delivered,2018-07-04 10:11:00,2018-07-05 16:32:53,2018-07-05 12:42:00,2018-07-10 12:16:03,2018-07-30 00:00:00
b6ec449b625527c7375b5d1801d19818,634d74b983dd961407cac9f81d216f88,delivered,2018-04-03 21:34:33,2018-04-03 21:49:38,2018-04-10 00:37:22,2018-04-12 19:03:48,2018-05-08 00:00:00
2e77e95ff07f298805637dfde7da4b4a,c1f5ed341915cb29da60ecefd3679e06,delivered,2017-09-03 15:01:07,2017-09-03 15:15:11,2017-09-05 17:59:12,2017-09-14 20:33:37,2017-09-28 00:00:00
e12b5f95f957079d6d9f368c0c56a050,2681dd5a56e6af9f8f13fa055acef08e,delivered,2018-02-19 20:50:15,2018-02-19 21:55:21,2018-02-21 00:14:47,2018-03-06 12:09:42,2018-03-13 00:00:00
d425c97a9b9fb9a356ef02cd35bd124c,71af36f53c0fe0b5b886ffad8154c5db,delivered,2017-06-07 15:47:57,2017-06-07 16:02:16,2017-06-12 13:56:10,2017-06-19 20:47:45,2017-06-21 00:00:00
9272ebd4d3ac6aa5a0c21a6ea630574f,9216421f8d659b63c5f3d17fc502c418,delivered,2018-06-15 23:13:29,2018-06-15 23:39:22,2018-06-18 15:52:00,2018-06-21 22:14:36,2018-07-05 00:00:00
e842dc26adcaa67fb96f4e32c2cf97cc,14c9bc09a66cbddd55e67d11119327d8,delivered,2018-02-26 13:23:24,2018-02-26 14:00:27,2018-02-27 20:24:57,2018-03-07 00:15:22,2018-03-21 00:00:00
5fbf3a364c57e553f502c5ee2a388da1,81c1b162b444c41613ad9285e92d6beb,delivered,2017-08-10 11:49:36,2017-08-11 12:04:07,2017-08-11 18:52:18,2017-08-22 18:54:05,2017-09-01 00:00:00
16ba2d5722aa786a11b9da9de0d31a32,bc21c7439566c3869ab82e0b1e16a591,delivered,2018-01-23 19:44:13,2018-01-23 20:04:05,2018-01-30 22:49:09,2018-02-06 19:03:11,2018-02-22 00:00:00
e807a70014b92cf251b7b8f3768b023f,d7288a6538f2639b5916c4337eaebe09,delivered,2018-04-19 19:46:23,2018-04-19 20:10:39,2018-04-20 22:42:00,2018-04-23 20:08:26,2018-05-07 00:00:00
79bc7c534af45885cc4a1aec6cbad0a8,e23cfe8665fa4689102b0717aa28b50c,delivered,2018-07-19 18:49:29,2018-07-19 19:05:12,2018-07-20 12:46:00,2018-08-07 16:08:49,2018-08-10 00:00:00
4f04661f0e0a1a23f6d87956884f4a02,846bb3b84bbc7f49aa5f4be0bafb1d4e,delivered,2017-07-04 15:43:29,2017-07-06 03:25:45,2017-07-06 13:55:42,2017-07-19 16:56:51,2017-08-09 00:00:00
9c0bb2c7680b4f084fc874b19722fc88,7808689ebbb205dfe2aab1d6b8dcf0d4,delivered,2017-03-11 11:27:21,2017-03-11 11:27:21,2017-03-14 06:08:10,2017-03-16 14:13:45,2017-04-04 00:00:00
1ac2ab32114572d9e1ff4c2899ebef95,0d4f0200088054680a2ab83746fc31c7,delivered,2018-01-29 10:09:31,2018-01-29 10:39:10,2018-01-30 22:13:02,2018-02-19 19:28:56,2018-03-06 00:00:00
4e0ccea311c162528052ed36f82cfd9c,38f1bf1e0ecc51b8036c108f2f86b015,delivered,2017-06-06 12:29:24,2017-06-08 03:03:43,2017-06-08 08:22:49,2017-06-19 18:47:51,2017-06-27 00:00:00
80cd775de9b633666bb12df2a3eba10b,8139939fe8f3d94899a1579656353a08,delivered,2018-01-27 14:00:53,2018-01-27 14:12:55,2018-01-29 22:26:39,2018-02-14 19:36:37,2018-02-21 00:00:00
e239f429ea5c15f21824633bf737793b,c9233ba6b5bc56e3863402f020a416e4,delivered,2017-03-29 11:34:31,2017-03-31 02:15:30,2017-04-03 15:22:41,2017-04-11 09:44:11,2017-04-25 00:00:00
0fabec205828671bd770bcde304a41b3,9e360c86b97c7458c2066f452923b976,delivered,2018-03-15 14:10:24,2018-03-15 14:29:43,2018-03-16 17:42:28,2018-03-27 01:08:44,2018-04-13 00:00:00
6c55bf4d09523cf2a72a452cdc0f0a80,167942ac36320cf928d02b8db358c67a,delivered,2018-05-22 15:45:04,2018-05-22 16:19:23,2018-06-07 14:01:00,2018-06-11 17:35:59,2018-06-18 00:00:00
1dfe460e88f7ff1daca47feab6cd614d,93c8ed531eb08374808364eede8a94b1,delivered,2018-07-04 12:37:14,2018-07-05 17:02:53,2018-07-04 14:35:00,2018-07-11 21:08:36,2018-07-24 00:00:00
2621d786cb446a7f7f5cffa979932acf,6ee3cafa9f8fd269973b26a65e336951,delivered,2017-04-30 16:22:57,2017-04-30 16:35:19,2017-05-02 13:38:48,2017-05-15 08:44:48,2017-05-25 00:00:00
38b0b2a81ea0f8c9feec0554fc6cc3c7,173eb0a63edb9a9d7bb1e87322d3cb32,delivered,2017-11-12 11:01:37,2017-11-12 11:15:36,2017-11-14 16:39:25,2017-11-22 19:32:25,2017-12-08 00:00:00
525649cfb87baa1b132df49d8297901a,093e4ec01d6e258a988d63881fb3a7e2,delivered,2018-02-26 23:00:22,2018-02-26 23:10:24,2018-02-27 23:22:26,2018-03-21 23:18:47,2018-03-20 00:00:00
26c18b7ca7a6a870496dafd3633b3412,a30ed289c17f4e875d4ac2110dc19040,delivered,2017-01-27 10:36:14,2017-01-27 10:55:08,2017-01-27 14:48:25,2017-02-02 12:32:12,2017-03-07 00:00:00
250f85876f80760c95d050486f8b8fe9,e43ceaaa15d11b74f3898d33840b7ac9,delivered,2018-05-17 16:55:04,2018-05-18 01:17:27,2018-05-19 05:26:00,2018-06-04 19:14:51,2018-06-05 00:00:00
900b219f880b29fe2643dfcf67b73595,30e32fe96c525e48a18f2595a273b5d2,delivered,2018-01-10 18:49:37,2018-01-10 18:58:19,2018-01-11 20:46:05,2018-01-22 22:56:57,2018-02-16 00:00:00
17c6ede699b320b43f35ab1311af0bf2,fce29cbcfa4f7f00fe0431dff786eb1a,delivered,2018-06-15 21:52:33,2018-06-19 03:36:53,2018-06-19 14:44:00,2018-06-25 16:31:51,2018-07-05 00:00:00
ac83b3a9b2e0357ab064f35cc0a2a557,88a75bd3201a2b9563431e86823c1e7d,delivered,2017-10-15 03:18:50,2017-10-15 03:28:19,2017-10-18 17:00:19,2017-10-23 18:13:48,2017-11-07 00:00:00
0b888bf3da7f8e0586d742ecbff15fd0,0f655d5748dc588ce7b67646cd32fc34,delivered,2017-03-27 22:43:03,2017-03-27 22:55:11,2017-03-29 13:57:36,2017-04-06 14:42:48,2017-05-03 00:00:00
80e86c7e6fc52912703025d155635dee,99052d6a0c03fdd14cb3556a045ec3e2,delivered,2017-12-12 22:26:30,2017-12-12 22:35:47,2017-12-14 15:44:39,2017-12-28 18:32:41,2018-01-10 00:00:00
bbcca9e5415969279dfcf9cfef7d608a,ef180d6c922a044b0938d594606eb778,delivered,2017-06-05 16:31:46,2017-06-05 16:45:15,2017-06-09 17:36:34,2017-06-13 12:52:06,2017-06-29 00:00:00
5e1a8017512badbdf543b509991dba6d,7214cb9a9251ade0ba75fda90e285b58,delivered,2017-11-01 12:59:09,2017-11-01 13:31:18,2017-11-04 00:22:08,2017-11-13 22:51:52,2017-11-27 00:00:00
3d659235708f3aa8d5f6c1fa12fcb264,341712173accd9aaaa378893c3ade718,delivered,2017-08-18 22:09:39,2017-08-18 22:25:23,2017-08-21 19:11:28,2017-08-22 14:09:46,2017-09-08 00:00:00
d263c89354a73314488491185858af42,6d3e9ccd146cea260421e9a7bae2e63a,delivered,2016-10-10 04:49:29,2016-10-11 05:03:06,2016-10-15 05:03:07,2016-10-18 06:03:07,2016-11-30 00:00:00
00a9536682ecb394a3794c1608200803,3d64d81cb7d22325994c3ef4ad93d2e0,delivered,2017-05-12 23:38:09,2017-05-12 23:50:08,2017-05-15 15:30:06,2017-05-22 16:47:58,2017-05-31 00:00:00
b22cc8e3b1816483e416ad127720fc76,0687adb7abd672624e9c4ba569cf0ac2,delivered,2018-06-26 23:20:25,2018-06-27 00:50:31,2018-06-27 10:35:00,2018-07-03 04:41:46,2018-07-25 00:00:00
b97261e09029ca3b6fd85fe869259449,8fc60e16052091db99046ddd05cfa82d,delivered,2017-04-18 16:57:39,2017-04-18 17:10:23,2017-04-19 14:09:42,2017-05-10 09:08:46,2017-05-09 00:00:00
b533ed5eadd2a897b55d467d8a46b0ac,10028e88eb41448030b35ec777b4cafe,delivered,2017-12-26 14:51:25,2017-12-26 15:09:19,2017-12-27 18:32:46,2018-01-03 18:51:41,2018-01-22 00:00:00
90e1fe92be310b125e91833c44a23970,6be9f40ab1c2bbbc711ed9d7279acfd9,delivered,2018-03-26 15:03:39,2018-03-26 15:15:18,2018-03-28 22:59:55,2018-04-10 20:58:41,2018-04-17 00:00:00
df5c4b3fb5a9eaeacf001d35921abad0,12e0c8dba33337daf3d5b86032489254,delivered,2018-01-04 21:32:30,2018-01-04 21:47:50,2018-01-10 17:21:54,2018-01-31 21:25:07,2018-02-06 00:00:00
8ebae0e9b855b154798e1896f282ff41,f4423bcba715c4b8bc0a07c0bff7977e,delivered,2018-06-01 20:03:50,2018-06-01 20:15:23,2018-06-05 14:20:00,2018-06-08 19:08:38,2018-07-12 00:00:00
49a2270d839166a3e65a4ce1f1741191,1127eaf6f0879e5d8d406fb70b4aa3bf,delivered,2018-04-09 20:57:47,2018-04-09 23:10:25,2018-04-12 02:42:36,2018-04-16 16:26:45,2018-05-02 00:00:00
c405d436f973cb6f7c1c1523a85cdcc2,f8e233115b08d0c903ad8e96cf387d59,delivered,2017-09-12 16:29:18,2017-09-13 03:36:11,2017-09-13 18:54:41,2017-09-25 18:56:30,2017-10-04 00:00:00
a3cd25ee6734965d0225d794eb920718,a276a9e40088e50d8487800a298d4674,delivered,2017-11-25 17:22:27,2017-11-25 17:34:27,2017-11-28 17:32:37,2017-12-06 20:43:01,2017-12-11 00:00:00
83262941cdb645f93d2446a666571eb4,305c72d87ab363c4d33fc055a547702a,delivered,2018-08-07 00:33:24,2018-08-07 00:45:12,2018-08-07 08:15:00,2018-08-20 12:43:40,2018-09-12 00:00:00
0693ed674763a4fc34e2c763c7fd25c2,33db03ccbfce5ccb029160ad2c1de78f,delivered,2017-07-03 23:28:14,2017-07-05 02:55:30,2017-07-05 16:19:41,2017-07-12 15:25:50,2017-07-25 00:00:00
ebfc413b212cdadfbe24b0080f34fc8e,a90a46d420c72bdb505abbd7807abb27,delivered,2017-11-10 17:55:13,2017-11-10 18:08:02,2017-11-14 19:29:20,2017-11-20 10:51:23,2017-12-05 00:00:00
0a6a4a209e43892afeacdecd8a5cfdff,7ea6a37458d0182bf02b1828d0bca04a,delivered,2017-10-17 21:05:02,2017-10-17 21:14:26,2017-10-18 20:48:38,2017-10-24 20:35:05,2017-11-08 00:00:00
141ba7894f0b0bd2cf4db4d6dcc763f6,adfd61f98f59825c4659fb1e0725be02,delivered,2018-02-20 23:32:58,2018-02-21 00:07:30,2018-02-22 22:43:20,2018-03-05 19:53:23,2018-03-20 00:00:00
483483db7f8737f623ad88c392109242,86d33a8c5cffb1ba09dbb07976202434,delivered,2018-02-15 21:07:57,2018-02-16 21:07:27,2018-02-21 01:20:18,2018-03-05 13:32:56,2018-03-16 00:00:00
34334129c5fc3f38fec577b122930761,029f546fde4adb1892e8800cb49b694b,delivered,2018-03-01 14:42:36,2018-03-01 15:40:24,2018-03-02 17:48:37,2018-03-16 22:26:43,2018-03-23 00:00:00
4ba6b813ed91fee2b26261b064aaf348,c2188fcd07f361e28ebf769f322d4d81,delivered,2018-08-05 11:04:17,2018-08-05 11:15:11,2018-08-06 11:06:00,2018-08-09 21:04:21,2018-08-20 00:00:00
b8fc541ddf448e0a01b133c5f34947dd,8c17ad58391be1710f7f14d41e68d882,delivered,2017-03-07 16:58:41,2017-03-09 02:45:36,2017-03-09 13:25:18,2017-03-13 16:03:42,2017-03-31 00:00:00
ab532e8d49a6cd8848ec641843b39b93,1c6a3710fa07390762846e86a7dbb490,delivered,2017-03-14 23:25:10,2017-03-14 23:25:10,2017-03-16 11:53:35,2017-03-24 14:59:49,2017-04-03 00:00:00
e5361fa01932fb74c11c6de96f05ce80,66a7d5e51c9f8597b779c3c509ec93bc,delivered,2017-06-05 13:39:55,2017-06-05 13:50:24,2017-06-22 17:15:41,2017-07-05 13:41:57,2017-08-02 00:00:00
9aabbad854d4c27b0ef46e919e8988be,763ba5390484c76a0da323feefabbeba,delivered,2017-12-22 15:35:27,2017-12-23 02:15:41,2017-12-26 21:34:18,2018-01-03 17:52:19,2018-01-23 00:00:00
0ec21892fbe1319a9e0363cab0066fb0,d58d04003ac810adac58890472e3a443,delivered,2018-03-07 16:02:00,2018-03-07 16:15:38,2018-03-09 16:16:27,2018-03-20 23:32:26,2018-03-23 00:00:00
ffe73fc1d73e03fdb50e63903ddfe882,3f72fbdbb59d2b6db3637e39f881b6fa,delivered,2018-04-17 12:59:40,2018-04-17 13:15:15,2018-04-18 23:18:28,2018-04-26 23:22:32,2018-05-17 00:00:00
1e077c24035d25ddca3736f56d3e19a8,d8de65caf938995f19d88ea2a3c08a71,delivered,2018-02-20 20:38:22,2018-02-20 20:50:30,2018-02-22 22:36:40,2018-03-09 21:43:35,2018-03-21 00:00:00
c976316357b5231d511f0a03999aa84f,f3bd85616beffb97d5a3a6e47a1a2e16,delivered,2018-07-21 19:19:15,2018-07-21 19:30:16,2018-07-24 14:19:00,2018-08-06 18:36:44,2018-08-15 00:00:00
7e8641c6ba8f77235152dd1c3356f814,307cb7e9453a86b2550537938d86e177,delivered,2018-02-17 22:43:51,2018-02-17 22:55:21,2018-02-27 22:13:50,2018-05-15 20:58:28,2018-03-21 00:00:00
dbf97707cd97d5209511c307f315a361,2683f227b4ca959e6183a3ebbd98b3d4,delivered,2018-02-28 14:06:00,2018-03-02 02:40:31,2018-03-02 18:45:29,2018-03-23 21:27:54,2018-03-20 00:00:00
3cf8df3f88d9f6f82a04ecd4028c6dce,e9ede5481d28f0d62e9ac3b6a839d7f1,delivered,2017-02-26 11:09:04,2017-02-26 11:22:12,2017-03-02 14:32:37,2017-03-07 18:21:30,2017-03-20 00:00:00
408c34813cf30f96dc67726e1b5e78e2,c05a4b76af8d8ea32d4c949d0731f726,delivered,2017-12-12 19:16:29,2017-12-12 19:30:17,2017-12-14 00:09:56,2017-12-20 00:19:15,2018-01-05 00:00:00
d29bae63f22f20cb3190869e57451e86,8757fd616684c8cda84b8b5422918574,delivered,2017-12-05 12:49:03,2017-12-06 02:37:24,2017-12-12 21:54:45,2017-12-18 21:07:51,2017-12-28 00:00:00
50cc713127f0c3035445fd5fc64460f9,123c59cff833b39f496aadb58882292a,delivered,2018-06-24 18:43:43,2018-06-24 18:56:00,2018-06-25 14:24:00,2018-07-03 11:38:49,2018-07-19 00:00:00
068c0507e1af74b156beee1db2deed7a,d9983bf03f76f720635b689e1de6059c,shipped,2017-06-26 13:23:19,2017-06-26 13:35:10,2017-06-26 15:42:44,,2017-07-26 00:00:00
3eeb4f7586da186783c7820e81bf90ac,49c9dbcc5c5326a91545d815205828d9,delivered,2018-01-12 16:51:23,2018-01-16 03:51:07,2018-01-19 01:13:09,2018-02-03 21:04:46,2018-02-05 00:00:00
1e6550f81d2820478f87df7cc366a86f,c8d93de5bc29a27addeb9d36b2f76c5e,delivered,2017-11-12 19:49:31,2017-11-12 20:06:25,2017-11-14 22:41:18,2017-11-21 19:46:49,2017-12-01 00:00:00
0acb20fb04c5f71d38da116f7b92ab63,aa4d5e529106b2c55313938226cd3f4e,delivered,2018-03-12 17:31:43,2018-03-12 18:09:30,2018-03-13 23:51:37,2018-03-15 17:54:56,2018-03-28 00:00:00
2ca4629d3b90f42d3590507521005592,739f034dda24ecf745d673592819074c,delivered,2018-07-29 20:36:46,2018-07-29 20:50:17,2018-07-30 14:16:00,2018-08-02 20:06:34,2018-08-07 00:00:00
df3c03ee5c240bfffaa5e3dfaeb4699b,54bec33d5e42b3d9f9aaae70bbc2f441,delivered,2017-07-05 22:44:25,2017-07-05 22:55:23,2017-07-13 13:40:01,2017-07-21 21:33:55,2017-08-03 00:00:00
fddb99cde66af279ab48d2dd5d987dd9,7d77fe37de9a0a12e451fc568a3462bf,delivered,2018-02-13 21:12:13,2018-02-16 07:55:48,2018-02-17 15:14:50,2018-02-20 21:12:11,2018-03-01 00:00:00
ad6dfba4eac734dc19375323e0bd3abc,633210c5368f5e3bcc3751459e1e3a4d,delivered,2017-04-29 07:15:53,2017-04-29 07:25:11,2017-05-02 17:30:29,2017-05-08 14:07:09,2017-05-25 00:00:00
7b4fb0197b18a0fd0e75f9e44b3fc757,7c495c9a1dbeeb7167642f15ae11bab8,delivered,2017-01-18 23:15:29,2017-01-18 23:30:12,2017-01-19 14:47:45,2017-01-30 09:33:41,2017-03-08 00:00:00
b9f985da9b5605e8f6b1fb0558b8c88a,f66242e2439d0da31945c09ef7d12652,delivered,2017-11-17 22:06:54,2017-11-17 22:26:10,2017-11-23 16:21:17,2017-11-30 22:32:53,2017-12-06 00:00:00
80de3fd8e8d43a2f1c9b9561e8c2ff4b,1251538e4e2d9de1c61999470342ed3c,delivered,2018-02-26 10:11:55,2018-02-26 10:32:17,2018-02-27 22:36:34,2018-03-01 15:17:03,2018-03-12 00:00:00
468cfd01fbf123dc6840ef293f916228,6b05eb38f90c1a3b2a3b28310ee78d9f,delivered,2017-10-11 21:56:33,2017-10-14 18:34:00,2017-10-17 14:42:37,2017-10-18 20:12:31,2017-10-24 00:00:00
22f7d2adca9b9787cd01ba3f09f8aa03,e8153efeb6784f17165fa9703078ac2d,delivered,2018-03-16 14:36:32,2018-03-16 14:50:26,2018-03-21 00:24:49,2018-03-21 16:49:34,2018-03-28 00:00:00
89ae9eea43fd5c68102875e05af1c2da,2ef9528dba475177acedbdfe80029ba1,delivered,2017-08-29 20:42:57,2017-08-29 20:50:22,2017-09-05 22:47:58,2017-09-12 20:25:27,2017-09-19 00:00:00
7ab0dc48b021e455a7c0ab4cf53f6bdf,d16a12e3be31ee48928e0a5f8a837ad7,delivered,2018-02-20 15:47:11,2018-02-22 02:31:05,2018-02-23 22:37:00,2018-03-02 13:08:01,2018-03-13 00:00:00
6f0a2d3f0fcb51ca2468a29cf29bdf8e,6e16b9148de07bf74c0d944939f3f12a,delivered,2018-08-21 18:55:09,2018-08-23 02:45:23,2018-08-23 14:04:00,2018-08-27 18:28:28,2018-08-31 00:00:00
499db357fa1bac9b96c44bd42dd17718,9e2974fe836024cfbba8ed46b8baf767,delivered,2017-08-10 21:35:06,2017-08-11 04:15:19,2017-08-11 13:43:59,2017-08-14 16:59:50,2017-08-24 00:00:00
3a53d5a9a0c58d291ff3ae407b6df5fd,5612aa60cdbbd8e9d89ae0c409080375,shipped,2018-02-16 21:55:03,2018-02-17 01:26:58,2018-02-19 16:14:14,,2018-03-14 00:00:00
4983af2477ae85a49af5ab63a208c507,d8c076f6f125bddf54ebbe55ebe1e92b,delivered,2018-04-08 09:08:02,2018-04-08 09:29:32,2018-04-09 19:47:17,2018-04-12 13:28:47,2018-05-02 00:00:00
f349e78f52cb2d25cffd4cc44f168413,eec3d506a23070bb0ffad2fea91d9976,shipped,2017-02-02 08:58:27,2017-02-03 03:55:43,2017-02-10 12:51:55,,2017-03-13 00:00:00
7a1c3f2e9e141807904c824563abb480,752c4dd83fb5869511dace7d6903b8f9,delivered,2018-07-26 19:12:28,2018-07-26 19:25:12,2018-07-27 14:32:00,2018-07-30 19:05:15,2018-08-07 00:00:00
06ca6a54b34081bd1f5b84385021ac78,dd7fd70977bfc6a88921cf540c612bab,delivered,2017-10-27 11:30:51,2017-10-27 11:48:19,2017-10-30 19:52:10,2017-11-01 21:04:00,2017-11-09 00:00:00
26bcf00f6206386e2fc106eeaffefb0a,cc8733d8b80b4bc61bcddedbd7353e0f,delivered,2017-10-18 23:21:13,2017-10-18 23:49:21,2017-10-31 13:22:52,2017-11-06 20:42:08,2017-11-17 00:00:00
98dd7753912978b85fbcd62a50873bfb,0e2bc55ac731bfc3a774302c26a156f8,delivered,2018-04-07 21:51:17,2018-04-07 22:08:48,2018-04-10 20:48:43,2018-04-11 21:20:51,2018-04-25 00:00:00
2b9ab62e402a43c64978b895150c6c0d,70116073b8a399ba8843062cf3a9108b,delivered,2017-12-02 16:18:33,2017-12-02 16:30:21,2017-12-05 00:54:40,2017-12-13 21:58:33,2018-01-02 00:00:00
c4bc2a01f871554711dadb82537413f2,4e20d9b32522aa8445bd483c315648af,delivered,2018-03-02 16:54:18,2018-03-02 17:40:32,2018-03-05 20:08:07,2018-03-06 21:59:01,2018-03-16 00:00:00
17a9b6c2934cd7dbb1d08626843da4c4,c3e980e42f61eb41b268977e0688d858,delivered,2018-03-24 09:43:16,2018-03-24 11:41:09,2018-03-27 01:32:51,2018-03-28 20:08:48,2018-04-06 00:00:00
4cdae837c07c681dc80adebc6ee90b99,91f62d1acc70de76856fe56e6fa04a32,delivered,2018-07-17 23:46:08,2018-07-18 00:01:42,2018-08-15 14:46:00,2018-08-20 23:18:46,2018-08-10 00:00:00
043d31a14bff24ead2b38f6b84a10437,ee90025971e6786e93cda20b4ad8383b,delivered,2017-06-06 08:37:30,2017-06-06 08:50:09,2017-06-07 12:16:29,2017-06-09 11:18:36,2017-06-20 00:00:00
4c75971c4d905bf7cc8e96d445d4bc59,ddc516c1e6ebded0c74cbfbe34f1269f,delivered,2017-11-20 21:58:24,2017-11-20 22:09:33,2017-11-21 18:38:33,2017-11-28 18:08:45,2017-12-11 00:00:00
e6669a7f1985f326ff52deb5f83ad040,8437fedb157d3dc90ad790e5d2c4c80d,delivered,2018-03-02 16:34:33,2018-03-02 17:20:22,2018-03-07 23:26:36,2018-03-19 23:42:04,2018-03-20 00:00:00
4316de0cfc625ab7e99d370f8916b0d0,5155ddf5cf5bda1665ba937ce099997e,delivered,2017-12-20 19:30:17,2017-12-20 19:51:42,2017-12-22 00:57:52,2018-01-10 21:19:07,2018-01-17 00:00:00
ce68843ac7d40d4297c6d6c09ad5fd89,220f4b53fdb188674895e3c41dd688b9,delivered,2017-08-28 19:17:35,2017-08-28 19:25:25,2017-09-05 15:08:05,2017-09-11 16:57:50,2017-09-22 00:00:00
d7484d6207c35d75a99882ac7de536c3,a51586aea47df8c3b03d999120490b21,delivered,2017-09-27 20:46:43,2017-09-28 02:56:34,2017-09-28 18:34:15,2017-10-01 18:24:30,2017-10-13 00:00:00
adab9a53769d7fb9e5049aa7c0d93239,f1b86a379b5fc9895aa935ff4719bc98,delivered,2018-02-04 15:55:26,2018-02-04 16:09:34,2018-02-05 19:36:44,2018-02-16 19:12:14,2018-03-02 00:00:00
0e75e6ce3e632eb1473af3854f583029,1b222a0f1414bd06b17256aebafaa498,delivered,2017-04-24 10:14:16,2017-04-26 10:34:20,2017-04-28 09:14:11,2017-05-02 13:47:08,2017-05-15 00:00:00
c293ca42a5c5696d69f9de1acff91b4d,9434829a6ad0625a50a8904f8a90a24e,delivered,2017-11-14 10:44:15,2017-11-16 17:52:44,2017-11-21 14:54:49,2017-11-25 14:18:21,2017-12-04 00:00:00
15976149b5fe6e60aaaa9a91e33ef6fa,b3d6c3a8afbffdd5c9f9886f0bbe0572,delivered,2018-01-30 17:49:41,2018-01-30 18:10:34,2018-01-31 17:35:55,2018-02-08 20:13:43,2018-03-02 00:00:00
a72d1276fd9d74c154120c3a11eba771,a48e3b3a54d466e47d74b1820b3d4832,delivered,2017-09-04 20:37:42,2017-09-06 02:50:17,2017-09-06 18:20:06,2017-09-14 17:04:53,2017-09-26 00:00:00
477764d546ca330c71f7ca61bc583904,7dcafa32c64ef39efef03ad0b46d5ac3,delivered,2018-02-03 15:38:16,2018-02-05 11:30:05,2018-02-05 21:38:57,2018-02-19 14:29:05,2018-03-05 00:00:00
e11ac0d86982b86bcde829263d5a38ec,7bddbcc91c2a6935d6c06d3cdeced6dd,delivered,2018-03-19 19:31:32,2018-03-19 20:35:32,2018-03-21 18:58:58,2018-04-06 23:58:28,2018-04-05 00:00:00
c3c98f80459f075de43e0645f41be709,148557b5c36230134009aeeb9915b57b,delivered,2018-07-18 00:08:33,2018-07-18 00:41:31,2018-07-18 12:52:00,2018-07-25 19:37:00,2018-08-10 00:00:00
659a4b8e5c9540667f4d4d5607bc8f79,a74f74bbbb5f762dbe2f38bff34d3e40,delivered,2018-03-06 11:18:36,2018-03-06 12:00:31,2018-03-09 21:52:35,2018-03-12 18:06:50,2018-03-16 00:00:00
63e0cbb0f1ccbccf50bf1a9631fb56ba,0467e821c75897daf0241cf81a4b5854,delivered,2018-03-23 17:33:12,2018-03-23 17:48:28,2018-03-26 20:46:32,2018-03-29 16:28:50,2018-04-17 00:00:00
e743287a2def21228e3becf7e66f6fef,837e2286b6a07331ea8f43f8f6f3b4fa,delivered,2018-03-15 16:06:52,2018-03-17 02:45:33,2018-03-19 19:56:27,2018-04-06 17:57:28,2018-04-03 00:00:00
0e98c70fb06024ae560719cace52421f,b6bfff180f48531b7fe6b45cac2c3c68,delivered,2017-07-11 14:20:11,2017-07-11 14:35:11,2017-07-13 19:22:27,2017-08-29 21:08:07,2017-08-15 00:00:00
8e86bb7701f5738e9b750b76bae492bc,39321fee4780214055b7f625d3254dc8,delivered,2017-11-23 10:28:05,2017-11-23 10:36:30,2017-11-24 22:56:41,2017-12-18 18:51:56,2017-12-26 00:00:00
13f2f496cc080f4443dc54b93b75a968,a369192f9dbe966c7d10f33b7f20bdf4,delivered,2018-05-28 19:36:59,2018-05-29 19:35:15,2018-06-06 15:01:00,2018-06-13 13:38:29,2018-07-04 00:00:00
117e77b39bc8cd4a2dadfe1ea8948d56,59b3e9c1cf55ab08fd621dde64de9144,delivered,2018-02-28 23:01:08,2018-03-01 22:55:35,2018-03-02 22:48:56,2018-03-09 20:06:26,2018-03-21 00:00:00
e0699d3ded38cca3642677243da9f13b,47b1ee85880e75bd8e8b4546cea0c711,shipped,2017-04-19 01:59:36,2017-04-19 02:10:12,2017-04-20 15:32:43,,2017-05-09 00:00:00
df04e901d675a6c329be16feac866548,5dabf0a2fac79c094e4a4e600250c386,delivered,2018-04-02 09:17:46,2018-04-02 09:30:19,2018-04-03 23:46:30,2018-04-11 01:24:41,2018-04-26 00:00:00
9b18393baecb1432441d81ce51e14fbf,88f690acd6593f15dcca7a39473c930f,delivered,2018-07-23 15:18:01,2018-07-23 16:20:18,2018-07-25 15:27:00,2018-07-31 17:26:37,2018-08-17 00:00:00
5097dff6bbed76071da15d650ab36173,e5157f2094589ba65c3fa6510add2755,delivered,2017-07-11 15:39:58,2017-07-13 02:50:52,2017-07-13 18:51:10,2017-07-26 03:14:24,2017-08-08 00:00:00
8756f67f8fca03ed9d9f098a2148c32d,196d71e5838abc408a0fd00b1bd7b784,delivered,2017-08-30 18:48:22,2017-08-30 19:04:26,2017-08-31 21:19:56,2017-09-13 16:57:41,2017-09-25 00:00:00
7ec1c103b7dc4cf5213a0a3956b28a6d,7a2b2664f27252530d93dbbe1895a107,delivered,2017-06-23 18:38:34,2017-06-23 18:50:14,2017-06-28 14:45:54,2017-07-04 15:06:28,2017-07-06 00:00:00
e437a323d90b04581fd8418d4afcce4f,35e14d7c373d7060ed667dcf1b35f211,delivered,2017-09-11 12:19:02,2017-09-13 03:15:49,2017-09-13 21:43:46,2017-09-15 21:47:41,2017-09-22 00:00:00
74661e530a952a7ca5c7631de0960ada,11f1058e94059e91e907631d99d977f0,delivered,2018-02-20 20:48:31,2018-02-22 02:28:48,2018-02-22 22:53:02,2018-03-11 15:18:59,2018-03-20 00:00:00
320647e42dac370c80184c0f74433cac,ed6f8d78ff7bebeca70e3cfecae8eb38,delivered,2017-09-12 22:33:12,2017-09-14 02:55:15,2017-09-15 19:13:40,2017-09-19 17:56:05,2017-10-03 00:00:00
0f090dd2d83a9d755108584313c8208d,b5f7828a9d315bba42ebb548cec35c7e,delivered,2018-08-15 21:54:51,2018-08-15 22:44:02,2018-08-16 16:07:00,2018-08-21 19:56:14,2018-08-27 00:00:00
3b6b7b37c486e320124d04045d1f5108,e789734c22b5671c5ebc823e411d3136,delivered,2017-11-23 16:39:41,2017-11-23 19:48:13,2017-12-04 19:25:09,2017-12-12 17:47:31,2017-12-14 00:00:00
1407b8c9ec30eed1a581452a7106dba9,9379aa1c18e5838ac70d531dfa5505af,delivered,2018-03-28 19:34:07,2018-03-28 19:50:15,2018-03-29 16:52:51,2018-04-20 20:41:54,2018-04-23 00:00:00
57287b46dc0f2bbc56c73b239cbc425c,f4d603262cb2ec87b7b6fc431853f3e7,delivered,2018-03-19 16:29:25,2018-03-19 16:50:43,2018-03-23 21:29:25,2018-04-05 23:19:01,2018-04-05 00:00:00
b31deef3cfc53bbbf26964becc186cee,55cea14130c28e3aff86b47a695a0f13,delivered,2018-02-14 22:47:32,2018-02-16 14:30:32,2018-02-17 00:11:43,2018-02-28 20:22:56,2018-03-09 00:00:00
21de78ac0578363ecb087f82755e6593,1f74cfeeda5e2f4b51ab875fb82748be,delivered,2017-02-12 12:12:51,2017-02-12 12:31:28,2017-02-13 12:19:22,2017-02-20 11:22:10,2017-03-14 00:00:00
df450661c1fd00e751bfcdff57c91082,f0ae114efa6004f2a4da63ddaae96edc,delivered,2018-03-18 16:07:03,2018-03-18 16:15:36,2018-03-21 15:13:26,2018-04-13 21:26:35,2018-04-24 00:00:00
6f111f43dfff02f385ba9cd22c75637c,39ad34e24c3890ee0c10160c95bc817b,delivered,2018-02-04 10:27:37,2018-02-04 10:49:01,2018-02-06 22:48:30,2018-02-19 18:52:17,2018-03-08 00:00:00
6f5632cd906ec2ef07ed45c8af2e8811,203f961e80a1bf69c9590ad12ccdc58f,delivered,2018-07-23 00:29:55,2018-07-23 12:31:49,2018-07-24 14:27:00,2018-07-27 17:11:02,2018-08-10 00:00:00
a8c73a48c9615d63b8ac5254472e9c42,32cb76fcd6568cb229f05d3e1e77bc4e,delivered,2018-02-01 16:06:43,2018-02-01 16:29:51,2018-02-06 22:43:42,2018-02-22 03:10:18,2018-03-02 00:00:00
bfc72464b974b6abff7bf44b83aab136,2d7b0f5e2e5b0f902f517791aa041f38,delivered,2018-08-22 16:05:04,2018-08-22 16:24:32,2018-08-23 14:01:00,2018-08-27 21:32:00,2018-09-03 00:00:00
39fb67bad5d8285a2665a7ad0a0058aa,3a96a22fcc1361cf2ab91882d13683c4,delivered,2018-08-13 21:19:19,2018-08-16 18:49:19,2018-08-17 14:37:00,2018-08-20 21:38:41,2018-08-20 00:00:00
95e96fd707c7420fa6e7c827c33ec0e0,50b44416b99553ff4e1e8226dc1fe2ad,delivered,2017-11-30 18:28:43,2017-12-01 09:31:03,2017-12-04 19:23:22,2017-12-11 19:59:00,2017-12-18 00:00:00
f061ce16a11eb158bbb7bb7cb38c1ca7,690640e7d8640f48c1e953ef65504c72,delivered,2018-08-05 20:23:26,2018-08-05 20:44:31,2018-08-06 14:16:00,2018-08-10 19:12:41,2018-09-11 00:00:00
c37425205cecce5f1296f6a00115de5f,7657becc356a50411c8e6121fc3fb1cb,delivered,2018-08-23 09:53:04,2018-08-25 02:50:21,2018-08-28 05:24:00,2018-08-29 22:04:04,2018-08-30 00:00:00
a2456e7f02197951664897a94c87242d,7317f41f2cf650174af819cdb68284f0,delivered,2017-03-30 11:39:20,2017-03-30 11:50:09,2017-03-30 16:45:30,2017-05-04 14:32:43,2017-05-10 00:00:00
f1340835d29043d62518455ea808c84e,659e17d303758fa459f2b37ef353f5c4,delivered,2017-06-13 11:11:47,2017-06-13 11:35:57,2017-06-19 17:26:46,2017-06-29 15:27:46,2017-07-18 00:00:00
548349fc08944ddee38248fc37100355,3b53f0ddd72334664e800a2c0827563a,delivered,2017-12-10 17:42:33,2017-12-10 17:50:40,2017-12-11 19:34:31,2017-12-23 11:07:09,2018-01-08 00:00:00
470994fd2c10b6103e0fa4fcd37ea7b9,35b924f8359e4c2d013d8b8c53ac04b8,delivered,2017-11-24 00:44:05,2017-11-24 01:13:39,2017-11-24 22:58:34,2017-12-02 18:52:02,2017-12-15 00:00:00
09b457f1152126535a2e7d4a3b73ff6f,63eba5144d1e863052f1b154a402b7bb,delivered,2018-01-02 16:17:41,2018-01-04 05:14:12,2018-01-04 22:44:04,2018-01-05 17:07:30,2018-01-18 00:00:00
d347a4ddae83c0b8a9438522ecb7dfb6,916be9fbe6a29f9692b0383141e28ebf,delivered,2018-01-26 20:31:37,2018-01-26 20:53:15,2018-01-29 15:38:37,2018-02-08 22:33:04,2018-02-22 00:00:00
11242fc97afd67d5b5a7e211aad24bb8,0502d707915775b984e0976f86be4e70,delivered,2017-09-27 17:06:27,2017-09-27 17:14:20,2017-09-29 16:07:03,2017-10-05 15:41:27,2017-10-19 00:00:00
32b719ae1cbb8bd2e7a59704cdd4146f,6f39dfa5c8cc2ebf90ab2b4b35fb6d1f,delivered,2018-04-08 01:11:00,2018-04-08 01:28:31,2018-04-09 17:48:32,2018-04-19 15:13:42,2018-05-02 00:00:00
1aef7a15aff34d2305b0e6994acd680b,c7077d913fb62ff4361399a9f4683479,delivered,2018-06-15 10:32:09,2018-06-15 10:57:42,2018-06-21 05:31:00,2018-06-29 14:06:50,2018-07-25 00:00:00
678c60c6679ddcf17629ba109f4d1249,730325254d70acdb14dd00de0e81eb52,delivered,2018-01-11 22:26:49,2018-01-11 22:33:21,2018-01-15 17:25:05,2018-01-25 21:09:23,2018-02-15 00:00:00
7351ff002cae99e94c0a6a1da562c331,dc750b2e3d945b9698f5e0ff28010d99,delivered,2018-07-22 18:12:37,2018-07-23 12:32:17,2018-07-24 14:21:00,2018-07-30 13:32:03,2018-08-23 00:00:00
79ee6745e164245e776acc4bb4e37e3a,358f08ec395bb0b74d9a5a1a594e6e98,delivered,2018-08-08 09:00:50,2018-08-08 09:10:17,2018-08-08 14:02:00,2018-08-13 23:46:32,2018-08-23 00:00:00
9316147043211eeedaabc94074a8d9ca,99e291d0698cbe6d49cf14061c4c7eba,delivered,2017-03-11 17:52:04,2017-03-11 17:52:04,2017-03-13 14:44:10,2017-03-20 08:38:08,2017-03-31 00:00:00
edc7444663af179dd113423c0512b4e4,0305e46a6860811f637aec423f85927b,delivered,2018-02-11 18:29:23,2018-02-11 18:48:02,2018-02-15 17:55:22,2018-02-17 15:39:02,2018-02-26 00:00:00
ae5fe00be1af79fd3662e2696e3eab95,68a7c5fd6f00d8218c92e4a419595a20,delivered,2017-07-22 10:18:02,2017-07-22 10:25:17,2017-07-24 19:45:34,2017-08-03 16:29:33,2017-08-17 00:00:00
326f416d415768d0e54d232732f51fd8,18b8ca13241b9dfa3d7c5136e07484fd,delivered,2017-08-03 10:48:32,2017-08-03 13:42:57,2017-08-07 17:28:17,2017-08-08 20:34:09,2017-08-17 00:00:00
135adf658da97bfb1a171f1cbe3e15c2,e27d7fe6b9c990dc13d38d1eee32ff73,delivered,2017-05-16 20:27:04,2017-05-18 02:15:46,2017-05-29 08:34:38,2017-05-30 12:25:38,2017-06-08 00:00:00
a4c4dbaf457d098ea8ec468099c6eaf0,8e72dff17f5a60442bfeb33745875e05,delivered,2018-03-22 14:36:53,2018-03-22 14:50:21,2018-03-27 01:09:06,2018-03-29 20:34:35,2018-04-10 00:00:00
4d6b1b6174b974633e2265f952e4b39c,00c5a25662a028f00093f247b945f959,delivered,2017-08-16 12:50:48,2017-08-16 13:25:15,2017-08-17 15:46:33,2017-08-28 18:34:08,2017-09-12 00:00:00
6751421a5f8978f08dab6b35213d769d,807ab8a87b6d20224250b92f71a09f77,delivered,2017-10-15 16:50:20,2017-10-17 06:49:55,2017-10-24 14:17:29,2017-11-01 21:37:45,2017-11-07 00:00:00
1ef2710f49fea446b8f10e63aaf121e2,2a7c804a6f96dc79cebbff4a2b58a58a,delivered,2018-02-13 17:22:13,2018-02-14 17:27:55,2018-02-16 22:22:58,2018-02-19 14:37:07,2018-03-01 00:00:00
ef0ce2dff39f4a5251eef4f5194deaea,1800cad11696eecff09ecb1f40a1267f,delivered,2018-07-31 17:24:44,2018-07-31 18:31:04,2018-08-07 11:34:00,2018-08-17 20:16:43,2018-08-21 00:00:00
daf946e879dab6e7e6b3f968297c3fe3,f681356046d9fde60e70c73a18d65ea2,delivered,2018-02-09 13:46:04,2018-02-09 14:08:53,2018-02-14 23:35:06,2018-02-15 22:41:29,2018-02-23 00:00:00
f57b38cc7b69f8d5e9b3d61c9745fbf0,fae28a5fc286e0b795ffe2627de38fda,delivered,2018-08-09 11:54:00,2018-08-09 15:10:13,2018-08-09 16:03:00,2018-08-13 15:28:33,2018-08-20 00:00:00
a93894c6c9f88bd148b7fa62169a6532,c932b5d31b1ebdad985c3a42061c9bc4,delivered,2017-09-24 07:54:15,2017-09-24 08:10:07,2017-09-27 20:08:09,2017-09-29 15:47:00,2017-10-19 00:00:00
3f265b4152ce33df196725325e99ef49,b7582b03338bd597599d4394ad04e622,delivered,2017-12-02 11:07:58,2017-12-02 11:18:29,2017-12-16 00:55:02,2017-12-19 20:03:48,2018-01-03 00:00:00
0635e2196d30b3003d5381ca15cb3d87,27b08a44041d90a2f35e381a9db0d379,delivered,2018-05-03 14:37:40,2018-05-04 03:32:03,2018-05-04 11:51:00,2018-05-21 21:41:39,2018-06-05 00:00:00
101fa9bbc869f267953a48b0f659dc62,4e480a424e38883406d8b1c35f15b749,delivered,2018-06-15 09:53:02,2018-06-15 10:18:12,2018-06-19 15:16:00,2018-06-22 15:06:27,2018-07-20 00:00:00
4dca136c559e9ca40b91dd500cd05ecf,2c3e301a4c050be4f278c90026b82bed,delivered,2018-08-08 18:12:59,2018-08-08 18:25:20,2018-08-09 14:32:00,2018-08-15 20:46:54,2018-08-16 00:00:00
d9e76f277d933820125baad40dfbb9d1,dbeb6032cc304120dc34e825b99eaa2c,delivered,2018-03-02 10:35:48,2018-03-02 10:50:42,2018-03-06 20:47:43,2018-03-07 22:49:47,2018-03-16 00:00:00
49486dab194ecf651037f3afb35380e5,e7d3c7b836d80f02c7ba1f7e182b3659,delivered,2018-01-03 11:07:45,2018-01-03 11:15:24,2018-01-04 20:54:33,2018-01-09 20:45:48,2018-01-26 00:00:00
c24e1ca06df82199a5041274b7c33643,aa0e4697be6ef9ac1fe98b04ba32acca,delivered,2018-02-20 15:15:22,2018-02-21 11:31:48,2018-02-21 23:39:05,2018-03-02 18:45:27,2018-03-12 00:00:00
e2d97f385b79fa2f33a37c2c77965aec,d09d644ae171858274e3c166df961b4c,delivered,2017-12-15 22:53:29,2017-12-15 23:11:37,2017-12-21 20:44:55,2018-01-09 12:29:42,2018-01-22 00:00:00
840a77e5812e6cb838f4957339f5aa2c,d671f3c7672d55bf5cf119326e5c86e9,delivered,2017-03-06 13:13:02,2017-03-06 13:25:12,2017-03-07 09:51:28,2017-03-16 11:44:43,2017-04-04 00:00:00
058cb75116972074baa3c4e594d2a851,ae6fbbdb93a894dc2db14cb8e0414155,delivered,2018-01-05 15:39:27,2018-01-05 16:13:40,2018-01-08 18:07:47,2018-01-19 02:07:13,2018-02-09 00:00:00
d09430535a1c386621c95790a3bbc0dd,c4094c75188203c52729c56102e09b30,delivered,2018-02-26 23:29:37,2018-02-28 09:29:19,2018-02-28 22:37:59,2018-04-02 17:08:37,2018-03-22 00:00:00
87c6169aae0c57897be7344931c2839e,227b1374de9ff0d09b2944f4058a8c0f,delivered,2018-07-01 18:32:15,2018-07-01 18:49:47,2018-07-02 14:07:00,2018-07-04 19:18:47,2018-07-16 00:00:00
ab1b312e38647cce491b4c3dd3bdf1ef,97872d3908c8b7aa23b2dfde235ec569,delivered,2017-12-20 11:14:23,2017-12-20 11:31:43,2017-12-20 21:18:15,2017-12-21 18:28:54,2018-01-09 00:00:00
9e18b36cbe389c78c0f80999b7d807da,7e48c146e0813b3449ab313fbe7cb5f8,delivered,2017-08-29 19:47:21,2017-09-01 14:24:48,2017-09-05 13:38:41,2017-09-15 14:43:37,2017-10-25 00:00:00
64d08d57c3320c16b1e8db97bfc9b314,6f40b4eea56cdf857b8ebcd17d3d966f,delivered,2017-07-22 16:34:22,2017-07-22 16:45:17,2017-07-27 22:08:06,2017-08-03 17:45:45,2017-08-18 00:00:00
a173a87bc70963a0ab33b92dd6f193dd,94d177a18ba9c367b98639650d29ba6a,delivered,2017-07-12 13:27:14,2017-07-12 14:15:10,2017-07-13 14:17:35,2017-07-24 20:43:48,2017-08-11 00:00:00
04a2b4ee7fcf9fa8bf25b8d5bc770152,e09bddc2b1cb1ef0e2e4829e02303212,delivered,2018-06-05 22:45:09,2018-06-05 22:55:17,2018-06-06 11:05:00,2018-06-15 22:23:34,2018-07-12 00:00:00
66b6937d9706c4f9213b289715bcd3f8,3bd30155866d17df9186fcce6db08abc,delivered,2017-11-28 01:25:12,2017-11-28 01:36:30,2017-11-28 19:29:00,2017-11-30 19:37:20,2017-12-12 00:00:00
f3429c1257804b1332184727aed3f28b,663ec855e4d69efcf3c4bc9290d185e3,delivered,2018-07-19 10:36:26,2018-07-19 10:50:13,2018-07-20 13:43:00,2018-07-24 18:26:39,2018-08-07 00:00:00
94ca38619d7e64f94facac403a99682d,ea6ba2b2e27f7efea73bdeab7fd6e4a0,delivered,2018-07-28 13:13:00,2018-07-30 16:05:13,2018-07-31 12:57:00,2018-08-06 12:32:07,2018-08-13 00:00:00
490580980004a090d98d9d45064db2a1,aa54db1f70672e3dd23fe0ce29522fa3,delivered,2018-06-04 13:52:35,2018-06-05 14:31:49,2018-06-06 11:54:00,2018-06-14 20:27:27,2018-07-16 00:00:00
aea27cd16b5e532056c2ea57db75b66f,da79f04efb99e90ce5f0421555ad9982,delivered,2018-04-21 12:45:42,2018-04-24 18:41:00,2018-04-23 21:11:22,2018-04-24 21:22:03,2018-05-10 00:00:00
5b0b2aa2743719f29545ae7a34007b8f,d8e3846d82e712608dfda713b5929998,delivered,2017-04-23 18:48:21,2017-04-23 19:02:16,2017-04-28 10:29:03,2017-05-22 09:35:47,2017-06-05 00:00:00
7ac926992c157467d54b5722e67d4b93,3f4921d33e816e05848de03a8d174c98,delivered,2018-02-07 23:14:07,2018-02-08 01:35:34,2018-02-09 01:04:37,2018-02-09 15:54:41,2018-02-23 00:00:00
062682155c454b125c630e1deebff4ea,0277e884f6fcd7d9610836744bc7e8a5,delivered,2018-04-24 07:56:26,2018-04-24 17:12:41,2018-04-24 18:34:54,2018-05-02 19:23:32,2018-05-14 00:00:00
9d9b9f1853aa3afd7906d3c011c49775,9c51cb0ca16bb31566de2d788653616e,delivered,2017-08-11 18:04:28,2017-08-11 18:23:39,2017-08-14 14:58:00,2017-08-25 21:42:20,2017-09-04 00:00:00
afeb3354fc3b7d5c309239667cbee2b8,1377de493eac3f735d982ffb1f321083,delivered,2018-01-12 14:21:36,2018-01-12 14:30:29,2018-01-18 22:41:53,2018-01-24 19:05:08,2018-02-02 00:00:00
1bfc798ddb9dadbccfa5ae581d9919ec,282c2609c98cc89cc5ca74f59de5632a,delivered,2018-03-27 20:40:52,2018-03-27 20:55:27,2018-03-29 19:54:29,2018-04-19 19:14:33,2018-04-18 00:00:00
c5e73e17659ae3ae19afe4cfabcc26b7,a8dcb38cd44dfd905a024b1aa818f9f7,delivered,2017-12-18 14:54:56,2017-12-18 16:53:05,2017-12-19 16:24:13,2017-12-20 21:22:22,2018-01-08 00:00:00
b5e736024d63e27310ce4f9bc03fbc7c,a55f80dd05de2d5245f3aac8df801e07,delivered,2018-02-21 00:42:25,2018-02-21 18:31:00,2018-02-23 15:28:22,2018-03-19 20:56:28,2018-03-15 00:00:00
45b8bb0bfeacbf5aebe4c3f5cbcd2b06,0734e8ed607954bb0d89e1d9435cec68,delivered,2017-03-13 23:46:04,2017-03-13 23:46:04,2017-03-14 10:22:22,2017-03-16 10:34:23,2017-04-03 00:00:00
91203c4e456f0e1cfbd86125383976c1,429f60cd3ed4366867510b1996127ead,delivered,2017-12-13 16:22:12,2017-12-13 17:31:24,2017-12-15 16:55:03,2017-12-18 21:13:00,2018-01-02 00:00:00
aac36a84cc8476828dcd9427c8ec873a,39da6c5a8205b9d89895c6ce353153b4,delivered,2018-07-29 18:41:35,2018-07-30 16:30:21,2018-07-31 14:59:00,2018-08-01 18:11:49,2018-08-03 00:00:00
e44f8bcf1ae28a8f29c2ef7d87466da1,f42a23ea4c0be840e45a4f60a4c0f3fd,delivered,2017-05-15 08:59:57,2017-05-15 09:10:15,2017-05-31 14:03:44,2017-06-19 20:51:18,2017-06-30 00:00:00
32fc3f3218889905a42a419486582f90,8b5399b12eee8f2ce9e7fadd94b15d34,delivered,2018-05-09 15:47:50,2018-05-09 16:16:32,2018-05-10 11:48:00,2018-05-12 16:56:38,2018-05-17 00:00:00
d6f8b3535ac92252b48bd5e4c47a6593,44d347aa77b1bae4e5107c9dc3dde6f4,delivered,2018-01-04 23:18:09,2018-01-04 23:28:31,2018-01-10 17:17:53,2018-03-07 21:58:27,2018-01-31 00:00:00
9433f58821239b782c8861534af7e5bd,a667d6206dd2a9dea88b2f90902a8251,delivered,2018-06-11 17:36:32,2018-06-11 17:59:14,2018-06-12 15:09:00,2018-06-16 16:47:37,2018-07-03 00:00:00
6d500e2b59a785bd8fec15acb73d341e,3df8ec244fd52b4f949b5720ff19fb8c,delivered,2018-04-08 22:45:34,2018-04-08 22:55:16,2018-04-09 21:08:50,2018-04-14 15:07:46,2018-05-07 00:00:00
a3f40d7f1e3446fb6bd73bb0373b0996,afb079080479ab5badeb44fc0cb140c7,delivered,2018-03-17 16:05:33,2018-03-17 16:31:14,2018-03-21 23:41:19,2018-03-22 15:41:23,2018-03-29 00:00:00
732afdd5420c25c298c18de68006fbd6,00ab90b4fd9fa3d490ab687f992763d6,delivered,2017-11-19 01:27:07,2017-11-19 03:07:59,2017-11-21 16:36:41,2017-11-26 18:18:43,2017-12-01 00:00:00
ab021e4a57f9a5590977fb19b619b6f6,a8967ea2835ee0658cdb389470fb2973,delivered,2017-02-22 17:48:51,2017-02-22 18:02:34,2017-03-01 14:39:00,2017-03-09 14:24:20,2017-04-04 00:00:00
9abf2c67162c8756e2733a5f36e0ed12,a2623335c77869716765cebebe4deb18,delivered,2017-02-10 20:48:26,2017-02-10 21:03:02,2017-02-14 14:31:14,2017-02-21 14:18:52,2017-03-09 00:00:00
8429c84330a72186ef73cee90cd9a9c1,1161db8e37138cee6325f9614e837474,delivered,2017-03-01 11:11:44,2017-03-01 11:25:10,2017-03-01 11:42:21,2017-03-05 08:32:09,2017-03-20 00:00:00
21f3d0f22004d8bad479ca281e1f00a2,10a28db6b47db45e43477c3ceaa1046a,delivered,2018-03-08 16:00:52,2018-03-08 16:31:40,2018-03-09 22:46:44,2018-03-20 15:18:53,2018-03-29 00:00:00
51f0da744909f18ed535301a19e52bd0,e8e5987aae2cb151cbffe4416bf523eb,delivered,2017-10-07 18:04:45,2017-10-07 18:14:13,2017-10-16 20:10:34,2017-10-18 15:44:17,2017-10-25 00:00:00
d9a83a9c593a1f1b95de45b7381cf2be,c2449ff524bb1d2bfc7a7aee9f9e11ac,delivered,2018-08-18 13:50:27,2018-08-18 14:09:24,2018-08-20 14:31:00,2018-08-29 17:42:00,2018-09-11 00:00:00
1a4bf675df415785d3d9b3f3521988a7,44b521ae63ec470874a89c37fcea4c6a,delivered,2017-01-29 18:19:02,2017-01-29 18:31:12,2017-01-30 16:14:36,2017-02-06 09:53:50,2017-03-17 00:00:00
3dd45cc3460f14bbe6c2249a8019a450,1c545e18dbd33788d106af49dbb438cc,delivered,2018-03-31 21:31:43,2018-03-31 21:47:43,2018-04-02 19:33:27,2018-04-05 15:26:39,2018-04-18 00:00:00
0fa74380a36f2849cfa58d692f22d5f0,2144f10029246db38716b68298654bc9,delivered,2018-07-07 18:19:49,2018-07-10 07:55:13,2018-07-10 12:32:00,2018-07-23 18:11:09,2018-08-02 00:00:00
7f116bbf2524150eb7f7f2a5f0b458eb,309f516c4449dbadf7ebaa01e00bbed3,delivered,2018-01-06 11:06:23,2018-01-06 11:18:21,2018-01-10 14:43:11,2018-01-15 20:52:59,2018-01-31 00:00:00
ea0640a9f021b9f129b25d54e4c649f2,eea124edbee454acca89363d46f8b7c0,delivered,2018-06-06 21:40:31,2018-06-06 21:55:21,2018-06-07 09:01:00,2018-08-01 20:48:33,2018-07-17 00:00:00
fddb24fad8de291576e80726636d7a7f,01a4d2902d92369350f7ea71bd0da273,delivered,2017-07-11 13:32:29,2017-07-12 02:10:39,2017-07-13 18:54:57,2017-07-26 19:42:39,2017-08-10 00:00:00
4d59cd41f4606ae83af4985a74ae1354,00bf0246fe43d0dac8842035f21f8a76,delivered,2018-01-22 11:56:36,2018-01-22 14:22:49,2018-01-24 00:13:08,2018-01-26 17:03:57,2018-02-14 00:00:00
6704e7402168366c804f2bc1cf9c2163,f81a949b0915fdaf3b6592c5e037d637,delivered,2018-06-23 11:04:44,2018-06-26 05:15:25,2018-06-28 14:49:00,2018-07-04 16:58:33,2018-07-27 00:00:00
ad09a8ebeb6151d83d098a74ad32ea0d,4fd29aeae729d1addcf5519e830d4e4e,delivered,2018-01-28 22:41:10,2018-01-28 22:54:30,2018-01-29 23:22:36,2018-01-31 19:48:42,2018-02-21 00:00:00
fa970cce95e940c0f5adae718f25364c,53e7e398583fd2dfe791d236920eba9c,delivered,2017-10-13 12:28:50,2017-10-14 18:34:42,2017-10-17 15:57:32,2017-10-24 15:32:24,2017-10-25 00:00:00
ff810096eb7a808fce380a6eccf0b746,9f774ad7ddb074c3c761bd8e125f1824,delivered,2018-01-09 21:44:34,2018-01-10 10:31:44,2018-01-10 18:19:39,2018-01-11 20:10:36,2018-01-24 00:00:00
7991b363c057a520b3ffa9dd2919cff5,0bcb83f11459548493b5bb7a3df7c996,delivered,2018-01-29 21:46:41,2018-01-29 21:55:31,2018-01-30 21:07:40,2018-02-07 16:39:10,2018-02-23 00:00:00
6bf6d79b7a1a551ef6621a52c435ed1e,666c0f64c30e46fc3d1e3c6c1974224b,delivered,2017-12-09 13:00:26,2017-12-09 13:30:53,2017-12-11 23:25:07,2017-12-14 17:29:25,2017-12-28 00:00:00
11168fb56306d0f5da251c7531a8b4f6,7b6f6703d25c976076e04f14ea3f22a2,delivered,2017-12-11 15:07:33,2017-12-11 15:32:10,2017-12-12 21:07:55,2017-12-19 18:54:37,2017-12-28 00:00:00
7c971e779cf367c04e3621cc1b81e352,44eb235a2b0149a226ea4a1f3eccff30,delivered,2018-03-03 17:23:28,2018-03-03 17:35:25,2018-03-06 01:34:56,2018-03-15 23:18:59,2018-04-03 00:00:00
5666bf609bc91e7aabf0e60183bc05f0,33cea13849644e59518cff9bea283619,delivered,2017-04-25 11:27:30,2017-04-27 13:22:43,2017-05-02 15:35:26,2017-05-09 13:00:20,2017-05-23 00:00:00
7a2ff12a85b39e51a3ee9972fdc5eb78,9236acc20ee3f4564f40231508ecd25e,delivered,2017-06-07 14:34:44,2017-06-07 14:45:16,2017-06-08 15:28:36,2017-06-21 17:27:26,2017-06-30 00:00:00
c776b1fbd42cf8f17dc6d29515fb3955,d02b3ea52ac795069225b421e67f8bf2,delivered,2017-06-11 12:19:22,2017-06-11 13:05:47,2017-06-12 11:30:58,2017-06-22 17:42:24,2017-07-05 00:00:00
78a024dc0bcb7155089055e2d2facae9,f4820f65ed28df2a7c87e23250819734,delivered,2018-05-07 20:56:33,2018-05-07 21:14:14,2018-05-10 15:33:00,2018-06-05 20:22:11,2018-05-28 00:00:00
0b09c5e4c2512f627190ac55a78c35a3,6ba83000cf8c24413916a7a72fcb5173,delivered,2018-04-30 19:31:32,2018-05-03 04:12:51,2018-05-03 13:18:00,2018-05-14 12:14:33,2018-05-24 00:00:00
4df2b9c2c7b6eedea39ceb96eb54ad34,b127f98da96cebf7699050a73d8826d9,delivered,2018-06-18 19:16:12,2018-06-19 18:23:13,2018-06-26 14:44:00,2018-07-03 19:32:26,2018-07-20 00:00:00
cb123d857949246d3e5f1c532280c023,ea609017dc5e254021b0da67321990b8,delivered,2018-07-10 23:42:30,2018-07-10 23:55:20,2018-07-31 14:35:00,2018-08-01 20:06:38,2018-07-24 00:00:00
4123f9252f0d0572f075dbb5a95d9cc6,72d22223828ebe8d8f4529ba06e89871,delivered,2018-08-26 16:34:35,2018-08-26 16:45:08,2018-08-27 14:50:00,2018-08-30 18:51:44,2018-09-06 00:00:00
b92e445b2b63be72a4cd1001e20826bd,37d415bd491fd36cd68811e570392623,delivered,2017-02-03 19:52:09,2017-02-03 20:02:22,2017-02-09 11:22:03,2017-02-15 07:44:57,2017-03-17 00:00:00
352c4f69373c13ae4252f607a6d73ea7,dd8df3b485ca4fd5f19369fec6fd81f5,delivered,2017-11-21 11:00:16,2017-11-22 07:06:08,2017-11-22 14:52:15,2017-11-27 16:18:55,2017-12-07 00:00:00
6d0ef3c8cc6b6399e18942b77559dceb,f5a4c00b35faeaa5df60b49a2a5695de,delivered,2018-06-10 11:44:16,2018-06-10 11:55:15,2018-06-11 13:50:00,2018-06-15 17:36:41,2018-07-03 00:00:00
2daa08ed0212b709d1f76efd0d74c7cd,008e75e0f20ba6d6cc41923596b83693,delivered,2018-04-25 12:04:56,2018-04-25 12:31:50,2018-04-26 12:34:00,2018-05-02 18:03:35,2018-05-14 00:00:00
c307181fbf88d38d293774ca900cc802,95ae78e4053ce98e9f9aafed4b2ee1df,delivered,2018-04-15 20:21:25,2018-04-15 20:30:47,2018-04-17 15:21:38,2018-04-27 23:37:49,2018-05-14 00:00:00
c7af2f59ff42f4410a1739111dbea489,896aac6741f1b66d32a3ef9a02617e90,delivered,2017-06-23 07:59:39,2017-06-23 08:10:07,2017-06-26 07:27:47,2017-07-04 18:32:34,2017-07-20 00:00:00
d5baf4bcffbda9d8bb2f9ee4e942c90c,cb3df1a94d3cbd59e70b3ee27b203af6,delivered,2017-10-06 17:16:32,2017-10-07 17:14:13,2017-10-09 20:17:56,2017-10-17 22:32:32,2017-10-31 00:00:00
b87287b5e32f2ab2319f41ce30055288,ea73910567eb37591907c52330458a3b,delivered,2017-10-26 10:34:02,2017-10-26 10:49:21,2017-10-27 13:59:29,2017-11-03 21:07:44,2017-11-23 00:00:00
a091ad657d4d673814a9dc6b64829a42,a472568c15484b8299393ec28b623f9c,delivered,2018-06-07 19:56:24,2018-06-07 20:15:18,2018-06-08 13:37:00,2018-06-28 17:48:33,2018-07-23 00:00:00
1a2cff485ae2a17b68b6ccefb1ecdf93,9fe5f44ce432324a8f00b7c385cb5e4c,delivered,2017-11-16 12:54:22,2017-11-17 03:55:31,2017-11-17 20:58:50,2017-11-30 22:18:41,2017-12-08 00:00:00
550f1d2fa6888807a4ffb1d80d06f899,a6551a36f9954811b66b500a973b5e57,canceled,2018-02-18 21:00:47,2018-02-18 22:07:25,,,2018-03-14 00:00:00
189ede25eb8522abcbd3592d08811f85,074351a4c7eeaf083d43fe58e0d62dfc,delivered,2017-08-15 16:02:07,2017-08-16 03:30:12,2017-08-23 13:52:04,2017-09-02 13:03:29,2017-09-19 00:00:00
7c9ad74c16c9b6aafa62f097bb9cdf25,224be26e78c4863978a0906fd0378725,delivered,2018-07-21 12:43:29,2018-07-21 13:03:58,2018-08-06 17:01:00,2018-08-10 14:40:53,2018-09-04 00:00:00
6782c5b750b0791a12f7b6b823bd0daf,6dfa75688bd7027b450552eb0353741c,delivered,2017-12-01 21:17:50,2017-12-01 21:32:36,2017-12-11 17:16:28,2017-12-19 12:22:01,2017-12-28 00:00:00
da4de3d19e5b90636ab88e1919fdd00e,8f7f96570b1d2295ba13eb9793af291e,delivered,2018-05-12 13:10:58,2018-05-12 13:32:09,2018-05-14 16:02:00,2018-05-16 23:59:40,2018-06-11 00:00:00
57d7b2a61ec94f21bc0112619eb9a24a,d5ac777fc5fcadcc6324bf3a39ef9284,delivered,2017-11-24 01:16:18,2017-11-24 01:29:46,2017-11-28 23:24:51,2017-12-08 16:21:35,2017-12-14 00:00:00
8ebf7a16041c5ed735384020269ae2b6,d7a06521d29c6b185548e68ea64108b5,delivered,2018-01-31 16:57:55,2018-01-31 20:10:16,2018-02-02 22:58:47,2018-02-14 21:39:17,2018-03-06 00:00:00
4bb2ee0b9741faceac3deb03a2e53fa6,98dbd4d2aa22a4b4a06bf84781432636,delivered,2018-08-10 10:56:10,2018-08-10 11:05:13,2018-08-14 16:06:00,2018-08-20 21:15:06,2018-08-28 00:00:00
27caeec16809f9eba603825998e884a0,bd7eaf010c30e75b982d1813d7985510,delivered,2018-08-10 10:39:54,2018-08-11 10:35:16,2018-08-15 13:56:00,2018-08-20 21:35:51,2018-09-05 00:00:00
5c2fda0256232c4a55199261747fa68a,1b4561197d2ab1ddbce1ed27f3aaf25a,delivered,2018-05-20 22:09:05,2018-05-20 22:30:17,2018-05-23 13:01:00,2018-05-25 16:04:17,2018-05-30 00:00:00
2909debcb57debbbdfe7034eaf7b28bc,dda8cbe4da08bbd6d553c7d9ce5769a2,delivered,2017-06-10 17:06:01,2017-06-13 04:43:07,2017-06-14 12:45:02,2017-06-19 16:28:02,2017-07-05 00:00:00
20aa4f85b1ed8d98e5c742c1a003db9c,16669daad9b68a2b8a369638223a1888,delivered,2018-05-23 21:32:17,2018-05-23 21:55:45,2018-05-24 14:09:00,2018-06-04 23:28:49,2018-06-18 00:00:00
7e22f4d63c68d4bb1f652eb414994740,300b17e1df295bcfd3e32604289056c0,delivered,2017-06-24 13:00:39,2017-06-24 13:15:16,2017-06-27 11:35:44,2017-06-29 10:07:54,2017-07-19 00:00:00
f3c3a2ca4f66b5a0c400b09a1e795d57,9f2890f4503f464eded4a6886d54bd0e,delivered,2017-11-28 17:23:47,2017-11-28 17:36:38,2017-11-29 17:04:52,2017-12-02 01:48:32,2017-12-12 00:00:00
aa73d1076ba6c6f19de6990bc7401acb,94684b27f6106343547dcc03e663ea5a,delivered,2018-08-20 12:03:54,2018-08-20 15:34:38,2018-08-21 14:35:00,2018-08-29 00:51:33,2018-09-04 00:00:00
d7d0eb9fb2a389917e37fc5411078df4,61f53bd3b55a43b690dde0258d8a87ae,shipped,2017-06-28 13:20:48,2017-06-28 13:30:16,2017-06-29 14:52:32,,2017-07-24 00:00:00
df019bb6f0973ea1ace7dbb1568c364a,8d742720a64d27602b567851fbad7798,delivered,2017-11-12 09:21:20,2017-11-12 09:35:26,2017-11-14 16:13:58,2017-11-24 19:18:49,2017-12-12 00:00:00
2fce099f5a86120f303904a36cf648bf,230a6236a85c6bc9056d03b13e40346f,delivered,2018-06-11 12:57:32,2018-06-12 13:04:40,2018-06-13 14:51:00,2018-06-18 22:04:24,2018-07-12 00:00:00
fcabe539367ad08049d814361278560b,ce2e0ac999f35efb5ead1509a1e2fb5b,delivered,2018-01-18 09:10:50,2018-01-18 09:18:26,2018-01-19 22:29:10,2018-01-22 18:41:56,2018-02-02 00:00:00
8efc9ad397c5d6a387d07826e5ffcacf,b3e9268ff1c67ffbbadcfdd3a45a7dc9,delivered,2018-04-14 12:36:04,2018-04-17 05:51:17,2018-04-17 21:58:48,2018-04-23 20:42:57,2018-05-09 00:00:00
fb6f921f7362a60a75e0a4cd6acc5f2e,66811796b183faf53681923d97087d85,delivered,2018-08-20 21:21:37,2018-08-20 21:35:21,2018-08-21 16:09:00,2018-08-23 01:12:15,2018-08-24 00:00:00
7bd508c317f2ae222131716385444119,1f71bf93d13010e172b16b6869468d06,delivered,2018-01-06 03:39:33,2018-01-09 07:21:26,2018-01-10 16:11:02,2018-01-17 15:39:20,2018-02-06 00:00:00
7644d739e2f3576f4badf052556d99a2,045ffb1f379e2a5ed4845dea2f2519cf,delivered,2017-12-02 21:32:28,2017-12-05 04:13:57,2017-12-05 16:51:22,2017-12-12 18:12:39,2018-01-05 00:00:00
6139a798f92b14ad667f3a8fb8f78c4c,c0451262dd7eda80d7fdc0277e3a6326,delivered,2018-02-26 07:16:26,2018-02-26 08:00:21,2018-02-28 14:22:15,2018-04-20 18:46:42,2018-03-21 00:00:00
aa60d116f345c481d434f63ffe565710,2b3cca7c1075363076b3ef74f31c30e8,delivered,2018-06-04 14:11:16,2018-06-06 02:54:19,2018-06-06 14:07:00,2018-06-13 15:03:25,2018-07-13 00:00:00
e305fbc65af17a0b60a9fcff63ebcbe8,f5d670454d231abcc3e35c592ce3cd54,delivered,2017-07-06 19:03:02,2017-07-06 19:15:23,2017-07-07 17:08:35,2017-08-24 17:18:59,2017-08-01 00:00:00
efe568f189941fe81ac5ca271f4d2943,e0a070c6b15f3b5aadb766827921ecf6,delivered,2018-07-20 08:42:50,2018-07-20 09:15:09,2018-07-24 11:40:00,2018-07-30 18:41:38,2018-08-09 00:00:00
73e675969b9e5495c9d1c8d4b3b21e1e,a50e4e7bb24231f021e45bfed188d351,delivered,2018-03-02 18:09:36,2018-03-02 18:33:26,2018-03-06 16:49:06,2018-05-07 15:09:58,2018-03-27 00:00:00
e724300bcd73fb1c467b1c20c33a1fdd,69857264f035b854f64d217daf71d08a,shipped,2017-12-31 15:16:07,2017-12-31 15:27:21,2018-01-04 12:36:30,,2018-02-05 00:00:00
49fd840f83db20dfb9558764aee35a33,a3a80ba0dea267641017665d0f9b144b,delivered,2017-11-24 10:44:28,2017-11-24 12:31:43,2017-12-06 14:38:42,2017-12-20 19:28:34,2017-12-18 00:00:00
a71500bad3f392b20ef73778b135379a,e92ae045c172be60e9a7895d14bedd8c,processing,2017-06-03 16:59:53,2017-06-03 17:21:57,,,2017-06-28 00:00:00
a5e8bd40b3d57b6a26a1e79bafcae9ea,e20de059c02d45a71c345589a4eef8df,delivered,2018-07-17 16:29:37,2018-07-17 16:50:17,2018-07-18 12:28:00,2018-07-24 21:51:34,2018-08-10 00:00:00
a536059a071793ef05e7e63cbac9d50e,fc475d3aba4d37f81edce933ce07ed1b,unavailable,2017-11-20 17:13:05,2017-11-21 03:46:22,,,2017-12-06 00:00:00
8e174b9cd64ee2b9237c3f62c3001203,48fac1044fbdfdb579a1c06ddaaf2fd0,delivered,2017-12-18 12:03:21,2017-12-18 13:33:35,2017-12-20 14:44:48,2017-12-23 18:57:56,2018-01-11 00:00:00
96e7a3c4942a286dc88f85fffcdfbf50,c32d792dfee718dffd6cd61fc89f23d6,delivered,2017-05-21 08:01:38,2017-05-21 09:05:10,2017-05-22 16:13:58,2017-06-02 14:15:02,2017-06-09 00:00:00
dcacab0792bc5892595d62c36950746e,0a8d4b54a653f631d926a12b65dd9f39,shipped,2017-10-14 14:33:29,2017-10-17 03:56:18,2017-10-19 17:08:07,,2017-11-07 00:00:00
66b2b26e39bc46458ddce0b3353148e4,317bf8e1fabc64cbf930d93052fa9c6f,delivered,2017-09-12 20:45:20,2017-09-12 20:55:15,2017-09-13 19:08:51,2017-09-18 14:03:21,2017-09-28 00:00:00
9193ad4fecc33b317e85fa7bc19600b3,16897c2bf0d798fe7d679bb7aeb27ffa,delivered,2018-01-10 11:00:02,2018-01-10 11:31:40,2018-01-22 20:53:09,2018-01-23 18:04:57,2018-01-24 00:00:00
6266738a4093bcd12c6933661ba529c6,38e7cc6d0d44f9359780816a0e29a25f,delivered,2018-01-12 20:29:11,2018-01-16 03:50:23,2018-01-16 17:36:55,2018-01-24 20:34:20,2018-02-19 00:00:00
a8dbaf4197af2f96f35fb65ad457c912,4828dec276b8e9249578cab092211e13,delivered,2018-05-13 19:21:01,2018-05-14 08:55:23,2018-05-15 14:20:00,2018-06-05 20:05:42,2018-06-05 00:00:00
5c3478406a9223b2b32d6ab8e0334441,b1f7811c846dcae41ea3f396dcf9f860,delivered,2018-03-12 19:28:18,2018-03-14 03:40:34,2018-03-14 19:33:50,2018-04-09 15:54:56,2018-04-06 00:00:00
8fa93f0cffdf9cfa59e4836e8539abac,9657efb78172fb7a670a4831dfe82a93,delivered,2017-05-22 22:54:44,2017-05-22 23:05:16,2017-05-23 13:38:09,2017-06-07 15:20:44,2017-06-26 00:00:00
1e9b386a55b41cb1677e6b9976ccbce0,f86ae06ac96c62344508c807a64684ac,delivered,2018-08-17 16:22:48,2018-08-18 02:35:10,2018-08-20 13:52:00,2018-08-24 18:48:43,2018-08-30 00:00:00
068ef03abe39323450b52f486b34bf3d,b15ad935720cf5d5738638c5e7d852f3,delivered,2018-06-25 19:46:59,2018-06-25 20:17:35,2018-06-26 12:55:00,2018-06-28 17:05:04,2018-07-11 00:00:00
96c23bd7ad4b2dc9dc421e8483c06bc1,3059b0e766128ab6181af99ef74c5e40,delivered,2018-01-23 10:58:19,2018-01-23 11:10:29,2018-01-27 19:17:36,2018-02-21 18:25:56,2018-02-20 00:00:00
dadbb2544ed83c09ede8683c93c5f080,44e85a306786ad90e32ab7468e25a9b4,delivered,2017-09-05 09:45:57,2017-09-08 07:25:10,2017-09-08 19:49:52,2017-09-13 23:45:00,2017-09-18 00:00:00
8d9341adb50a81fee7dd3480e9f34c2a,1ee0463373450df45e0eb902fd7e066e,delivered,2017-07-10 23:46:29,2017-07-10 23:55:15,2017-07-12 18:46:10,2017-07-13 18:29:13,2017-07-25 00:00:00
9df68f730ca4706111e3d06332c5ce14,16378b14d4514c8c6c6821a4daa09ff8,delivered,2017-06-30 14:05:06,2017-06-30 14:23:47,2017-06-30 14:38:45,2017-07-07 17:29:57,2017-07-20 00:00:00
520f711ba8d6317f12503d49312f428b,63a9b8aedf402adc02e56503c174a3d4,delivered,2018-07-30 15:54:44,2018-07-30 19:31:43,2018-08-03 08:50:00,2018-08-04 15:13:29,2018-08-08 00:00:00
36103705d12a975b5d3355253253f7c1,13ace116fc1cc03f12a0d4099635f5f7,delivered,2017-11-08 14:14:16,2017-11-08 14:31:02,2017-11-09 23:43:43,2017-11-22 21:28:48,2017-12-04 00:00:00
27d40c905fcf5d681df561eb736986e2,ed6d883d54a70a48034cd2800ded5a06,delivered,2018-01-30 13:30:17,2018-01-30 14:21:30,2018-02-07 19:38:40,2018-02-24 19:32:41,2018-03-01 00:00:00
59249f8efaa491f566ba65d67ca9c254,a3032c4334b7b245d32e2c923c2f3c86,delivered,2017-12-23 16:59:13,2017-12-23 19:30:27,2017-12-27 14:05:59,2018-01-11 23:18:15,2018-01-26 00:00:00
d827e1e47dc185687102015449ff2e4a,e513cce67aa359a6097870e23e73c2e2,delivered,2018-03-15 20:08:00,2018-03-16 03:50:06,2018-03-28 18:41:59,2018-03-29 20:04:09,2018-04-12 00:00:00
b28aca0743b172fdbd3cde1f703e4067,ea4719ed8756aadd5f9a15cf0f38eb54,delivered,2018-06-25 21:23:04,2018-06-25 21:37:43,2018-06-26 14:28:00,2018-07-04 16:19:01,2018-07-19 00:00:00
2041c29aa52322435b0b0f604df2a44b,690474935a97cb10f555ad60f07e8e64,delivered,2017-12-18 17:34:08,2017-12-19 09:32:41,2017-12-20 18:54:02,2018-01-15 23:52:52,2018-01-12 00:00:00
f8414758c289a9ae51a5bf937b4f100a,6399526f1057f40e8454d9614e16d77a,shipped,2018-06-12 15:00:23,2018-06-13 14:57:10,2018-06-14 12:54:00,,2018-07-04 00:00:00
33eafd0ea4c37147b521b67b83b6769c,3c62fe72dab7e6e7234f406487fb3abb,delivered,2018-07-03 22:04:06,2018-07-05 16:32:53,2018-07-04 12:17:00,2018-07-06 20:41:42,2018-07-23 00:00:00
e672d31feca356c29c756d265da05cc2,042337fa1cafefa978c70ba6241535de,delivered,2017-12-09 16:10:03,2017-12-09 16:19:23,2017-12-20 16:52:15,2018-01-06 15:48:57,2018-01-24 00:00:00
cfda3e5bd8b79ab7fc0bbd0c485d6414,387456acd703ad6ba4deefd1eb8a65ac,delivered,2018-08-13 07:14:52,2018-08-13 07:25:06,2018-08-13 15:23:00,2018-08-16 00:51:34,2018-08-20 00:00:00
292d7ad29c8a2d97eb84d18ab3d38997,94a76fda52e426706a1cb197d6db0d2e,delivered,2018-07-05 21:37:23,2018-07-06 21:30:50,2018-07-19 13:00:00,2018-07-24 19:54:25,2018-08-10 00:00:00
85c0ddad95967f361fd9cd9e3d1886b1,d73be05e1ad446cd53ee99777c389c59,delivered,2018-07-03 14:16:56,2018-07-05 16:40:17,2018-07-05 11:33:00,2018-07-06 15:08:35,2018-07-17 00:00:00
28a132c45555139dcd554dfcf6d21ef9,5526cb67bd8404c3d4c34359c6934034,delivered,2018-04-14 12:19:21,2018-04-14 12:31:59,2018-04-16 22:21:57,2018-04-20 22:16:34,2018-05-03 00:00:00
a167a25e5e6faf3098a732b7a75a41d5,ee1efc7f165c3d3c8dc2325d82e79b2d,delivered,2018-03-04 21:25:17,2018-03-06 03:55:59,2018-03-06 18:16:56,2018-03-15 20:50:42,2018-04-03 00:00:00
1d438f1cb0e0df5c44e967567256d4a5,d65071b010c9ea4b8d7ece51fe7318b1,delivered,2018-02-11 18:25:29,2018-02-11 18:48:01,2018-02-14 14:49:53,2018-02-27 15:52:54,2018-03-19 00:00:00
d3dd51abe467d226f8be61f48388eba2,dfd081b5b9924847379085046ea374e9,delivered,2018-07-25 11:21:39,2018-07-25 11:30:19,2018-07-31 13:04:00,2018-08-01 23:46:20,2018-08-20 00:00:00
a29c6282a6e4ec30881051cfaa99029c,d556f45dce3c770a756fdd5175b2a558,delivered,2018-06-20 17:18:04,2018-06-20 17:41:38,2018-06-21 13:09:00,2018-06-27 17:56:41,2018-07-17 00:00:00
a67c02dc9c53a5bae76418bff0a534cf,e61ea22e533a289c47e88ab43d594bb8,delivered,2018-02-26 19:21:16,2018-02-27 19:15:20,2018-03-01 23:51:36,2018-03-15 20:22:30,2018-03-21 00:00:00
d748ba7c92c165252bd17cae1b93fd81,b7e3ffea53e6de802b324b609f2dd5d0,delivered,2017-11-25 17:24:25,2017-11-25 17:35:35,2017-12-09 00:10:08,2017-12-29 22:05:03,2017-12-20 00:00:00
5c4403d7ab65e1b28799e3697afd79d0,4e49550249c3310fe829e426646091c7,delivered,2018-07-18 21:10:51,2018-07-18 21:25:22,2018-07-19 10:52:00,2018-07-26 16:02:40,2018-08-09 00:00:00
9f80f54504b9a0002c494e13068044f0,489183cf22f5264d0774f03fbc6b17c5,delivered,2018-03-28 19:57:40,2018-03-28 20:10:12,2018-03-29 22:03:43,2018-04-09 22:48:37,2018-04-23 00:00:00
34fb24b31d9f7c52c22cc20e8c81449f,c436e7d0f83e0e21fb874d8944eb85a7,delivered,2018-04-09 11:36:08,2018-04-11 09:12:04,2018-04-11 22:38:37,2018-04-23 11:16:53,2018-05-16 00:00:00
12c860cdab62139623897892199fea4f,714b234caa9995c089fcd8c7d7a77490,delivered,2018-04-17 08:43:25,2018-04-17 16:35:21,2018-04-18 18:28:49,2018-05-08 18:26:31,2018-05-11 00:00:00
91fc7c64d791380536683edaeb8ff240,f0f80b29ec7bddd2eabfd008e1596571,delivered,2017-08-28 09:06:41,2017-08-28 09:24:10,2017-08-28 15:19:05,2017-08-31 22:07:42,2017-09-14 00:00:00
95149a14172495a0aef0ac5c59f95d1c,eb3a89b5cb263b5830b41aaad36ffcf8,delivered,2018-08-15 18:28:37,2018-08-16 18:29:09,2018-08-24 15:14:00,2018-08-27 21:11:58,2018-08-20 00:00:00
9de7eebae641ea185618f1d11110419f,885aef08653007d1b87f9576adca158b,delivered,2018-06-07 22:33:00,2018-06-07 22:55:49,2018-06-08 17:32:00,2018-06-14 20:34:49,2018-07-17 00:00:00
4f13ee1d03583de54e86a2e4f640d0f2,dc6bbafb06f7a0beb4595125d0ea75ff,delivered,2017-04-26 08:14:58,2017-04-27 13:34:55,2017-04-27 12:55:54,2017-05-12 09:37:43,2017-05-17 00:00:00
7ff76bc285fc3b21099d0ed9007fd489,5e7b4ba69f143e444ed3ea4c7a715125,delivered,2018-01-07 12:25:08,2018-01-07 12:34:22,2018-01-12 20:13:16,2018-01-17 17:13:28,2018-02-14 00:00:00
7d1815eb5b915c108c7cd16f13c41a37,5fb8085de28030617a63b8c24dcb3ab9,delivered,2018-06-27 09:10:30,2018-06-27 11:26:30,2018-06-29 06:39:00,2018-07-06 14:11:47,2018-08-08 00:00:00
5aa65dc27dd9c4e4d81ec84ead95feb2,446f733c55cd9e94fd80d12eae3b9d09,delivered,2018-07-31 13:35:23,2018-07-31 14:31:48,2018-08-07 13:39:00,2018-08-13 18:18:36,2018-08-09 00:00:00
165fa9e02d940003e0e18a22814b4737,0d20ad8f0098cd1440432c4b56c0d569,delivered,2017-02-24 15:29:20,2017-02-24 15:42:21,2017-03-10 08:58:39,2017-03-15 10:24:46,2017-03-31 00:00:00
9bc5470258187bd978ad5e82284375fe,12b09dad62b3e16feb7e8612dc27a709,delivered,2017-10-06 09:16:29,2017-10-07 02:25:05,2017-10-09 20:15:12,2017-10-14 12:18:59,2017-10-24 00:00:00
de60de4b79d5011e2b037dec761a4876,10382753619258cb2129a23a626d1a9f,delivered,2018-01-21 15:44:16,2018-01-22 13:52:32,2018-01-24 17:42:58,2018-01-29 16:09:35,2018-02-14 00:00:00
640aef9709beda161ca0b5af58ac437c,cf10056dcb7d1fb5322dd86d12936557,delivered,2016-10-07 10:57:46,2016-10-11 05:03:01,2016-10-21 10:28:24,2016-10-27 12:41:31,2016-12-01 00:00:00
66270801492d7434e9f5fe3a6ff89c37,76a146f8bb1d0643b3f0e58b71a241d4,delivered,2018-07-02 15:59:34,2018-07-02 16:10:56,2018-07-03 14:03:00,2018-07-10 16:28:37,2018-07-30 00:00:00
949fd5b74015f9f17e66d3d5adb033da,85b339ce40e1e9f6676aa29229675c3b,delivered,2018-06-22 21:21:59,2018-06-22 21:58:33,2018-06-25 12:23:00,2018-06-29 13:51:40,2018-07-23 00:00:00
3811e225018df1f58837ddec911d3e55,8cf15db55b7c5e0fc1a421e69dbcd094,delivered,2017-09-21 09:07:43,2017-09-21 09:15:13,2017-09-22 18:31:48,2017-10-03 17:38:56,2017-10-19 00:00:00
309db584bc8a41aab9f039b918c6b2ab,cddf814aae8eccb457e8fa3733890a0e,delivered,2018-04-16 15:06:43,2018-04-17 15:09:24,2018-04-19 19:54:44,2018-05-03 18:56:56,2018-05-18 00:00:00
c0b2ccf963cc43c9c644ad43c491213f,b638614e44a5882a50381d68c597ea96,delivered,2018-04-27 22:38:23,2018-04-27 22:50:25,2018-04-30 15:14:00,2018-05-04 19:22:28,2018-05-17 00:00:00
49f3ca1235b168529decb2072cc26da8,19bc67715c87fe5294efd3b5ce3f9bb5,delivered,2017-11-26 18:19:35,2017-11-26 18:32:50,2017-11-27 16:11:56,2017-12-05 17:28:22,2017-12-20 00:00:00
cdfe39aae8f24af78cb52cbaaad20aed,2b0205e1548b2eee9598383e60e6bbf6,delivered,2017-12-15 13:29:53,2017-12-19 09:53:35,2017-12-20 20:29:53,2018-01-05 15:51:49,2018-01-17 00:00:00
ba4784ebeeb6afef6125ba505dcc4f76,00aa3aa0438ac8a9e8a9378171ccd055,delivered,2018-08-13 14:59:15,2018-08-15 03:35:24,2018-08-17 10:45:00,2018-08-21 17:36:54,2018-08-27 00:00:00
a6f204a476de5e606ae0188921142f7a,5a1378910e540a78b55df6f430a14cea,delivered,2017-05-06 14:23:15,2017-05-09 09:43:10,2017-05-09 15:28:25,2017-06-02 17:42:06,2017-06-08 00:00:00
68536e12a3cd7f62b4a5946d541ff083,e999274ae2e74253b426473bd8885b7b,delivered,2017-06-24 18:31:41,2017-06-27 03:50:19,2017-06-30 13:55:38,2017-08-14 17:15:55,2017-07-24 00:00:00
dfa6000de359663f9bf8df7da63384d5,1c0e51107e2f65fda9744fd908c9c346,delivered,2018-07-26 14:12:35,2018-07-26 14:25:14,2018-07-31 14:31:00,2018-08-03 23:51:39,2018-08-21 00:00:00
61e94ee01643283937897275a00ed8ff,8570f89a7a3d9a32f6c6d33865d41281,delivered,2017-04-30 10:28:36,2017-04-30 10:42:24,2017-05-02 13:12:58,2017-05-16 13:46:47,2017-05-26 00:00:00
6aedb9d0c7138abf29b31866635b4c69,0142bd3182ef8b08ecc4182dfd4ef811,delivered,2018-06-27 20:35:02,2018-06-27 20:52:04,2018-07-03 13:57:00,2018-07-24 18:03:27,2018-07-30 00:00:00
458a48845a6b2f3f15dbb0868c8f6c05,6de0d4a3d285eb49e012d03404aa652e,delivered,2018-05-31 17:31:46,2018-05-31 17:50:36,2018-06-01 11:34:00,2018-06-06 19:36:36,2018-07-05 00:00:00
d744783ed2ace06cac647a9e64dcbcfd,fd123d346a17cdf5e37a2a85501069bf,delivered,2017-07-05 00:22:57,2017-07-05 17:39:36,2017-07-10 19:39:48,2017-07-12 17:54:38,2017-07-25 00:00:00
94a31b92f8a1f745d752b822e48f9170,31875ae739e2b3c59cba1083bc1bab12,delivered,2017-12-10 00:34:57,2017-12-10 00:47:56,2017-12-11 19:59:46,2017-12-12 17:37:07,2018-01-12 00:00:00
325aaded48f3d27932d49793acc90b9b,5fd5ff7ffe7e0800c360a4ae702ca230,delivered,2017-07-19 18:26:03,2017-07-19 18:43:42,2017-07-20 12:12:58,2017-07-21 18:16:49,2017-08-01 00:00:00
01cc71a8154340ae61126b5ee9b48fef,3cc3c3ea6a8bb392816f4c4bdf12c5a5,delivered,2018-06-06 21:06:18,2018-06-06 21:16:02,2018-06-08 12:09:00,2018-06-11 19:12:53,2018-07-03 00:00:00
422028dba1a4879bb69bd195fe7063fc,b4373843d1fd375a9b9a2da2ff39ebd0,delivered,2017-04-25 14:06:47,2017-04-25 14:22:21,2017-04-26 14:48:56,2017-05-02 16:21:25,2017-05-19 00:00:00
7acfd4aa33c1b78983341a96a53e1bde,c5662068849cf37ab0f8cb26cafd5c56,delivered,2017-09-19 18:03:53,2017-09-20 18:10:20,2017-09-21 18:48:05,2017-10-10 23:09:44,2017-10-10 00:00:00
f4efa4faef71d2d5292f202ba37bbd4a,6504a3bcc28696d5f441fa1ff7779e06,delivered,2018-04-24 09:43:25,2018-04-24 18:05:57,2018-04-24 20:58:57,2018-05-01 00:21:24,2018-05-22 00:00:00
41fedc1ca61cebf54158efdc449d93be,296fe1735328e9105b25cabe7d781f6a,delivered,2018-05-16 07:08:49,2018-05-16 07:56:15,2018-05-16 10:38:00,2018-06-04 19:38:27,2018-06-13 00:00:00
4c39d4875d185d6e0e8748fab228a0da,77bb44ceacfc4f07d131076952bb2177,delivered,2018-01-15 17:27:03,2018-01-15 17:35:31,2018-01-17 21:58:57,2018-01-31 15:38:31,2018-02-08 00:00:00
46153df2944df735995bdec2866074fe,226bcd33db6fd7b7c3ed754db18659f6,delivered,2018-03-14 09:01:02,2018-03-15 08:56:29,2018-03-20 18:38:44,2018-03-27 11:22:03,2018-04-02 00:00:00
52111a53370a73bd98fdd7144c9129e7,e16e9b2996e5773f979512d49da54240,delivered,2017-09-21 13:14:54,2017-09-21 13:25:55,2017-09-25 21:17:48,2017-10-05 19:42:05,2017-10-13 00:00:00
fd9cb73cfbd600a6b2651af4599bb9ad,0ef8636d2544a7772290a686668b4b4e,delivered,2017-11-20 23:02:06,2017-11-20 23:14:30,2017-11-22 15:52:27,2017-11-24 16:42:30,2017-12-07 00:00:00
2825b66153661bc8d4d8c46d4dca0850,832506482761a32fc44c20387ad2f5f4,delivered,2018-06-28 21:33:01,2018-06-28 21:51:09,2018-06-29 10:19:00,2018-07-06 12:22:49,2018-07-27 00:00:00
093a45d40a2500243b0a609a2351ac5e,e1a045209a4b99f7eec4692093543fc8,delivered,2017-05-30 08:51:58,2017-05-30 09:02:50,2017-05-31 09:26:11,2017-06-09 12:48:33,2017-06-26 00:00:00
3aeb86934d8159af279e9e6b17c929ab,c71d1b20c171e084b1e0b400903d6e99,delivered,2017-05-16 11:31:51,2017-05-16 11:42:39,2017-05-16 11:51:34,2017-05-19 10:32:00,2017-06-07 00:00:00
4245e49d026ef1f440041837b6eac52a,d471aeba944d651cc0497fbee5c4894c,delivered,2018-04-09 13:43:51,2018-04-09 13:55:15,2018-04-11 20:44:49,2018-04-16 19:16:41,2018-04-30 00:00:00
93147d670e1b5c13ab0ff7c51b3f9d0e,7ac12246089bf8d742267207554e901a,delivered,2018-04-04 21:58:50,2018-04-04 22:10:21,2018-04-16 18:49:29,2018-04-25 18:54:47,2018-04-30 00:00:00
1811959f3ced8abc0645c21285a5a4d5,0244fcc0d060a5943dd7d4d5f87de9c8,delivered,2017-02-28 17:40:00,2017-02-28 19:19:44,2017-03-01 09:57:34,2017-03-10 12:08:01,2017-03-22 00:00:00
5851a5db9fdbecd7306fcb30f6a8e2d2,bdf180a76130c328884372594844f849,delivered,2018-02-22 22:17:26,2018-02-22 22:30:23,2018-02-26 16:08:36,2018-03-09 14:16:34,2018-03-21 00:00:00
71154ee4c79f3dd93a78abaa38b08e4f,b5446e13392bc45a431a670135776019,delivered,2017-12-29 21:15:33,2017-12-29 21:26:47,2018-01-02 15:47:47,2018-01-25 20:18:00,2018-01-30 00:00:00
f478f5a8d328a5e473e8c09106bfb312,a4263c245321a3ad970851cfa92f201f,delivered,2018-08-01 19:32:34,2018-08-02 03:10:08,2018-08-03 14:57:00,2018-08-08 22:12:04,2018-08-17 00:00:00
7bc70bc321068d03533136557afe2959,5ce24234240509e09f2d9821afbda73a,delivered,2018-04-02 09:14:45,2018-04-02 11:10:14,2018-04-03 23:46:32,2018-04-11 18:18:34,2018-05-02 00:00:00
fb1bbde87c6437700f49e7c841f09485,ba9bf707927a0be6c2a2527929f530ba,delivered,2018-06-04 14:22:41,2018-06-04 14:35:18,2018-06-07 19:00:00,2018-06-08 14:13:32,2018-06-29 00:00:00
a6342076665c42007b429ba796b34480,51474a10ad0b69711d52947b293f6e87,delivered,2018-03-03 02:51:40,2018-03-03 03:29:16,2018-03-07 23:18:58,2018-03-27 19:32:31,2018-03-21 00:00:00
8a667bf7baec5286ad76d81facdc85e5,3c20d3e3823ba488501529f45d51b02d,delivered,2017-08-29 14:39:21,2017-08-29 14:50:16,2017-08-29 20:17:36,2017-09-05 21:47:56,2017-09-18 00:00:00
0fc03e1de056dec9a7854f5dc85e1ee7,36e98de15a293055d089aecf4f029d81,delivered,2017-12-24 19:21:59,2017-12-27 04:07:41,2017-12-28 20:37:02,2018-01-10 16:34:42,2018-02-01 00:00:00
1b2e84ddae3d008de5b1cc139a03c174,2daffafd35eba3b3986e58a570340ba4,delivered,2017-02-28 10:40:01,2017-03-02 04:10:36,2017-03-03 09:21:21,2017-03-06 10:52:34,2017-03-24 00:00:00
d681e67cbf0c8f6d2b67a6b6871d7f50,c38a80e0350ff3bb0771ef23799199c3,delivered,2017-03-28 08:58:30,2017-03-28 09:10:25,2017-03-29 12:08:23,2017-03-31 13:03:15,2017-04-17 00:00:00
30d4789405a71c5af9343bd033055fee,33bd2e9dd08297cd83395e0861e364e0,delivered,2018-01-26 19:36:31,2018-01-26 19:57:01,2018-01-31 20:07:26,2018-02-09 22:14:11,2018-02-20 00:00:00
fd547f0ce35c6569138b865f900cf8fb,78abcb0806d1b6a411c6af41d796b0db,delivered,2018-05-09 10:10:15,2018-05-09 10:31:40,2018-05-09 19:01:00,2018-05-10 13:38:59,2018-05-28 00:00:00
f3b6286e074ced4149f83f3b7fd95b3e,05d18f7033aeb69e03888511124a473e,delivered,2018-05-10 14:00:13,2018-05-10 14:16:33,2018-05-16 15:16:00,2018-05-18 01:46:19,2018-05-22 00:00:00
3218aff04047889f8c6eaafbbcb4ea4e,0ec1d2c13f8309ab79e431af6dc72245,delivered,2017-12-10 18:33:37,2017-12-10 18:50:10,2017-12-12 21:05:50,2018-01-15 17:48:41,2018-01-05 00:00:00
f1691c39efe4833d90ffd3a9eebac207,0710c8034f2e3c5e0f0a2d1811dfddcc,delivered,2018-06-25 20:51:54,2018-06-25 21:13:16,2018-06-26 10:26:00,2018-06-29 20:37:28,2018-07-19 00:00:00
9570e7230d3d4ecaacbc7843e6646b33,19cd19a792b8ba4bc826a9a3874159dc,delivered,2017-06-26 18:15:14,2017-06-26 18:31:38,2017-07-10 15:29:50,2017-09-04 23:33:27,2017-07-17 00:00:00
f280a33d2c98180e655aaca0e9b48cfe,cba41b31b4bef692a351cce574603b5e,delivered,2017-07-28 14:01:29,2017-07-29 02:23:25,2017-07-31 15:03:08,2017-08-08 15:27:43,2017-08-23 00:00:00
345625d410ef234228a46a946a414f7d,d28fd2aaf46d8a2b952fb36fe8aaced6,delivered,2018-05-06 15:43:27,2018-05-06 15:55:11,2018-05-07 15:19:00,2018-05-08 17:33:11,2018-05-23 00:00:00
cd11906a7f55196e1f9194034c7bf3e3,310b5113be1d68f9a292a95238bb4a5d,delivered,2017-04-29 12:46:17,2017-05-03 11:35:53,2017-05-04 12:50:02,2017-05-10 10:54:36,2017-05-23 00:00:00
c502117a7895e7931e1362f69676ec36,933bc2021f00b2bc5ed3fee7c637f8dd,delivered,2018-03-15 11:54:21,2018-03-15 12:15:33,2018-03-16 17:52:48,2018-03-24 14:31:57,2018-04-05 00:00:00
3aa23de969cd056c809332fb45ca17fd,590bc48cf0123e62d60cd1102d4c599f,delivered,2018-08-09 19:56:04,2018-08-09 20:05:14,2018-08-10 15:50:00,2018-08-15 21:32:42,2018-08-28 00:00:00
91ea7a06795c4dc4544b5ef64d3e56e2,1a66436d21ba38e8872534fe061b6542,delivered,2017-11-16 19:23:35,2017-11-16 19:35:29,2017-11-24 22:28:42,2017-12-06 01:46:50,2017-12-06 00:00:00
8489131c7dcc42a6d6d7df1be6802643,4993c7497504a9d16889ddf05e10be7e,delivered,2018-03-26 23:19:00,2018-03-26 23:30:14,2018-03-27 21:36:51,2018-05-11 11:42:34,2018-04-26 00:00:00
c140205cbbe8c442615a6a64cca7497e,3a47ca8bb175dce4dae1b9b94350ce84,delivered,2017-12-18 10:29:38,2017-12-18 11:32:06,2017-12-21 15:38:59,2017-12-28 21:10:41,2018-01-15 00:00:00
313c8d52d3e2c7c1fa9e1e1882171a24,2b00846182b41fda871e547a527e5a53,delivered,2018-04-16 11:47:05,2018-04-17 05:51:04,2018-04-17 21:08:25,2018-04-18 21:20:50,2018-04-30 00:00:00
8e80c9ae33f2cff714311666eb2e71b1,abb870bab45c948810c0625816e0de41,delivered,2018-04-27 14:27:13,2018-04-27 14:52:18,2018-04-27 14:35:00,2018-05-07 17:44:47,2018-05-28 00:00:00
58d696df72ca75ec628fdf146731dd53,419d105082128bf2ee7cab59b6e876d9,delivered,2018-05-01 23:18:41,2018-05-01 23:35:50,2018-05-02 15:24:00,2018-05-07 21:56:55,2018-05-22 00:00:00
1b181325fc6ea91c3d0397695f84aa63,44eb37dcd809e369b7e2831135e98cf0,delivered,2017-08-16 16:54:04,2017-08-17 02:55:49,2017-08-22 14:49:55,2017-08-23 19:03:43,2017-08-29 00:00:00
1e13e00d6605c9924acebc4441a7cce1,60060f1b1ee18458f4dba46f2eb1d73e,delivered,2018-04-18 13:12:50,2018-04-18 13:31:35,2018-04-20 16:15:00,2018-05-15 20:43:52,2018-05-16 00:00:00
1b60ece83b00bc1f24db33620b942d2f,f5ce9a458627cdf1b39247b45fa6ecf9,delivered,2017-09-02 14:26:16,2017-09-02 14:35:21,2017-09-06 21:34:08,2017-09-11 23:44:35,2017-09-28 00:00:00
c91ab67852b71357615925883e88cb8f,24e4f85e976456bab298f37f9722762e,delivered,2018-05-05 02:39:06,2018-05-05 03:50:25,2018-05-07 14:08:00,2018-06-13 20:02:27,2018-06-08 00:00:00
dd473c68be3819ae8e68f1a7608547c6,c9a9b571f333ef3dbebee9d772c4aeba,delivered,2018-08-05 13:52:26,2018-08-05 14:05:12,2018-08-06 14:57:00,2018-08-09 18:11:09,2018-08-27 00:00:00
12137038d3db1f38197c5d37999527dc,7064ea6b6f5be7dd95d18ba31b4afe14,delivered,2018-05-03 16:59:31,2018-05-05 03:35:20,2018-05-09 15:48:00,2018-05-16 21:34:58,2018-05-28 00:00:00
011a43bc9bb525517251ebb3ebc99b69,bc6123686b421b9084028c34499824c4,delivered,2018-04-25 18:15:05,2018-04-26 18:09:38,2018-04-27 15:10:00,2018-04-30 15:48:24,2018-05-09 00:00:00
d2dd52f27ff69c333cfe7c6dbd4a6a08,8cdc6f215b1ba8111cbf3daf42092a35,delivered,2017-04-05 21:27:25,2017-04-05 21:43:02,2017-04-06 10:12:04,2017-04-11 13:32:04,2017-04-28 00:00:00
2fd21231b4821bf08a45cf4cfadba908,fe5c95fad477b1281c5c4ad51be44f06,processing,2017-02-24 11:01:24,2017-02-24 11:10:21,,,2017-03-27 00:00:00
4c4d6825f294e5d86048ffe4fce26334,95b19ba248d1ee412da89aa3db264179,delivered,2018-03-23 09:27:27,2018-03-23 09:36:03,2018-03-27 17:42:47,2018-04-17 22:34:49,2018-04-23 00:00:00
089f9bfea8386f4b212e2145f7ad563b,2df9465dba13fc692e05390a8c4d1e18,delivered,2018-05-29 07:39:45,2018-05-29 07:55:24,2018-05-30 14:41:00,2018-06-01 16:38:48,2018-06-21 00:00:00
6f6b6e537442613468ece6f2df061159,260a925a4d30c66d5071904b183c989a,delivered,2017-06-23 19:38:57,2017-06-23 19:50:16,2017-06-26 12:39:31,2017-06-29 14:34:06,2017-07-13 00:00:00
a5477627582780f6c347026e9c8ae0eb,592c036b000783dd7f898c8630f0dddc,delivered,2018-08-10 14:48:24,2018-08-10 15:04:53,2018-08-13 12:23:00,2018-08-17 19:29:33,2018-09-19 00:00:00
ec3c91446200b1b6f5d6f20fc5a61ab6,ded39065fc8497451c408fb756c65a4c,delivered,2018-04-15 16:28:39,2018-04-15 16:50:20,2018-04-16 18:24:56,2018-04-30 15:01:52,2018-05-10 00:00:00
5c05ba7b96e7ea5014e1eda4953778c3,d887f5d3f0d496a8c4f7814ffe7048de,delivered,2017-06-17 12:09:30,2017-06-17 12:23:07,2017-06-19 09:18:47,2017-06-26 16:05:52,2017-07-13 00:00:00
d85c2deca369a3930811855341fb3d11,14676dd9c40ad83f2a980ac36077cdb9,delivered,2017-11-23 16:19:10,2017-11-24 03:09:58,2017-11-25 00:32:48,2017-12-02 14:38:11,2017-12-19 00:00:00
d4aafc8bfe399e9955d634af4dbc7d8e,73e381c6c1aa902b1fbd65ab87bf830b,delivered,2017-09-01 15:29:09,2017-09-01 15:44:37,2017-09-04 20:49:56,2017-09-11 19:25:05,2017-09-27 00:00:00
ded72e12bc0d3247a41683e7d9288fa0,d401ce7f8ea08b0b3f591933e07e3778,delivered,2017-10-15 22:51:36,2017-10-15 23:07:10,2017-10-17 17:04:25,2017-10-23 17:42:35,2017-11-07 00:00:00
202c632ebb14ebfabad48f43c9a9f166,d7263dd40ab3973760e65588299bfaa8,delivered,2018-05-14 12:55:16,2018-05-14 13:17:09,2018-05-14 15:12:00,2018-05-22 23:16:46,2018-05-28 00:00:00
f6a62f93fc38410844863ed6a061f425,f76b4d4179541aaa5f17fb1dbcb34d84,delivered,2017-12-18 13:44:44,2017-12-19 09:51:44,2017-12-22 14:15:09,2018-01-04 21:53:38,2018-01-26 00:00:00
bcbc22c3ccd8715c7e1367b8f3aa12f2,339415e5555e0a4f241d6b2c70c7c3e4,delivered,2018-02-01 21:54:13,2018-02-01 22:12:17,2018-02-02 20:57:00,2018-02-03 11:48:31,2018-02-21 00:00:00
fd9bd6fdda953d8dd1092cb53a396059,d7e712c5296524f87421c852aa620d5f,delivered,2017-08-30 11:14:51,2017-08-30 11:30:14,2017-08-30 19:45:11,2017-09-08 19:11:17,2017-10-10 00:00:00
de0ebf283e8fdeeb755023c5db9aa59c,d0b8be267d331592e55b5f20d7a2d702,delivered,2017-03-17 12:57:56,2017-03-17 12:57:56,2017-03-17 14:03:52,2017-03-24 16:00:16,2017-04-11 00:00:00
219f8f81c1e54b614ed44df445a563f2,faa192d11e50270ee798ec110da044f4,delivered,2017-10-27 16:50:11,2017-10-28 02:50:39,2017-10-31 16:41:53,2017-11-01 23:33:28,2017-11-09 00:00:00
87adce6ee525918d852e82df8defd742,690455a7665334e880a5bf7365f1c78b,delivered,2017-08-15 10:36:59,2017-08-16 03:15:22,2017-08-18 17:12:36,2017-08-28 20:07:36,2017-09-04 00:00:00
5d9eaab2f0968ee661d96ba4afdf807d,0c09a5955ceae2f951a26b5f0f562c84,delivered,2018-07-05 21:53:02,2018-07-05 22:10:58,2018-07-25 13:18:00,2018-08-10 16:21:54,2018-08-20 00:00:00
3330237b82c090facd2fb2ee38256be5,9bf04c159f122d323d21ddd3189962e6,delivered,2017-04-06 23:14:32,2017-04-06 23:25:13,2017-04-07 14:33:32,2017-04-10 17:14:05,2017-05-10 00:00:00
48cefe210d7a04f470fd6592ea91ffb9,77181a5f59fbffb14d445117ff040359,delivered,2017-11-24 11:23:36,2017-11-24 13:31:53,2018-01-04 21:13:02,2018-01-31 18:24:39,2017-12-20 00:00:00
7d78ea68e694cb6df0997bb8dca5cf15,548f3459f5efd20ef8bce6959a001175,delivered,2018-03-15 08:34:11,2018-03-15 08:49:38,2018-03-15 23:21:49,2018-04-02 17:32:20,2018-04-13 00:00:00
17992e21d004bd228a019461b341dbad,9c4dfe617f87a6b5f13e6a48ec52a5f2,delivered,2017-12-08 15:30:39,2017-12-08 15:38:23,2017-12-13 16:52:45,2018-01-08 10:07:54,2018-01-15 00:00:00
17ee1f77fa871fa2d26b8095816fc2eb,b69dfe8213b3b11dcefda5aeec567dcc,delivered,2017-09-07 23:02:56,2017-09-07 23:10:18,2017-09-08 20:07:56,2017-09-19 16:57:16,2017-09-28 00:00:00
f02636ac66025f7eccc065c1ed939a7b,847ed0fdf5fe83354812c973ba0fa272,delivered,2018-06-19 14:14:49,2018-06-20 08:56:21,2018-06-20 11:37:00,2018-06-25 18:31:10,2018-07-12 00:00:00
888145bee8f63a354c8b421852577b73,e3a6db008946a77ab1ab55efc3ef5141,delivered,2018-06-17 11:05:50,2018-06-17 11:15:20,2018-06-19 15:05:00,2018-07-25 23:05:32,2018-07-17 00:00:00
c8f6f16968064fb152e6eef1952c2f09,c58112b9e009984efe84aba77401f3b4,delivered,2017-03-18 18:18:22,2017-03-18 18:18:22,2017-03-22 16:40:46,2017-03-27 09:36:13,2017-05-09 00:00:00
21862ad09cda6a079859cb1fb77d5da2,a712b74fe3bf857d1776297eba15c10d,delivered,2017-02-05 17:43:31,2017-02-05 17:50:15,2017-02-24 07:48:52,2017-03-03 09:43:58,2017-03-17 00:00:00
c9cf1b341e0a14fb94022101fa6c4604,56005e0bc41d31584c17a913251a676f,delivered,2018-05-14 11:06:13,2018-05-14 11:15:29,2018-05-15 15:03:00,2018-05-18 17:17:28,2018-06-08 00:00:00
ad63b1036f777673118b46ace8ac9a27,47905cedf9b5eff2ff7136a4db4ea33a,delivered,2017-03-05 12:34:06,2017-03-05 13:05:56,2017-03-06 08:20:42,2017-03-13 14:19:01,2017-04-04 00:00:00
dd46ac8cf8a385a883f38119228c584e,39f7d57021887ffed8775b92df685caf,delivered,2018-07-21 15:01:31,2018-07-26 23:32:08,2018-07-24 15:31:00,2018-07-26 16:58:30,2018-08-01 00:00:00
3f77b361a73925a9c1250b4a31dcb58c,6aa501436836de38051dfc5fce054127,delivered,2017-10-17 18:46:12,2017-10-17 18:56:24,2017-10-20 22:34:40,2017-10-24 15:54:04,2017-11-03 00:00:00
de4b205a30d85c902a79bf99f8c77c21,bc514ba92bc9b2d6c439bd09cc68e18b,delivered,2017-04-01 13:45:09,2017-04-01 14:02:43,2017-04-10 18:04:45,2017-04-18 13:22:08,2017-05-12 00:00:00
0aea5ed8df108f7cb387c099ddec65c2,a538ba874170048d43cc542f48007631,delivered,2018-02-04 18:00:32,2018-02-04 18:15:25,2018-02-06 17:28:33,2018-02-16 18:49:13,2018-03-07 00:00:00
6209730c6423933d01443477bd2de8e8,db2b534c98fd5dd2f09f28710a9475e1,delivered,2017-08-16 21:39:35,2017-08-16 23:15:18,2017-08-22 21:25:34,2017-08-24 19:33:06,2017-09-13 00:00:00
766124568755c2d14e514a04f30cf920,c7d0eef78d78a2110d338daf21a1ded9,delivered,2017-08-30 23:13:40,2017-08-30 23:25:11,2017-09-04 13:15:13,2017-09-06 15:27:55,2017-09-18 00:00:00
e5a6ecdedd840739a92fde1ed761a9a0,23c13360469b4124896069bdfaa2d030,delivered,2018-02-07 09:52:28,2018-02-07 10:10:13,2018-02-08 20:17:05,2018-02-16 17:47:02,2018-03-08 00:00:00
08724b06f2204993989fa6c331dfa3d6,b39f78012ca3eac8a5c46e5817b1c5bf,delivered,2018-05-29 18:02:38,2018-05-30 14:16:41,2018-06-06 11:26:00,2018-06-11 17:12:12,2018-07-03 00:00:00
873609fe8cb0b44e74d8dfe6cb2195fc,d88f20937a8d704e02baff7b2f681828,delivered,2018-05-01 15:35:22,2018-05-01 15:54:22,2018-05-04 13:12:00,2018-05-11 22:25:02,2018-05-22 00:00:00
f88aa9b677553d2e3f0e77b495066619,5511dd149c4585a6552aa75a1dd6ac8c,delivered,2017-01-20 14:56:31,2017-01-21 03:06:21,2017-01-30 10:31:58,2017-02-08 10:34:08,2017-03-02 00:00:00
4c2c259b29ccdc4072a5b520dbf864c9,72592e372102c214fef4a1f0a389b63d,delivered,2017-09-25 11:26:14,2017-09-25 11:44:38,2017-09-27 18:33:45,2017-10-05 18:57:38,2017-10-19 00:00:00
8fcc69a880483df5f5e3d9f588f186a3,33c4d5b1ee390847b7ff411084900cfb,delivered,2018-08-21 10:48:37,2018-08-21 11:10:04,2018-08-22 12:04:00,2018-08-27 22:40:49,2018-09-05 00:00:00
0e053aa097eda67e25b3934ef3eca8a8,fe531acf72493b23de85684db23e8b31,delivered,2018-08-02 12:07:19,2018-08-02 13:10:25,2018-08-03 15:09:00,2018-08-17 21:08:32,2018-08-22 00:00:00
5ec8127f0e7abadc5ee625f266ee0742,a5f4652eea211b3fcf3c2bf98d491e32,delivered,2018-06-05 11:13:33,2018-06-05 14:31:31,2018-06-08 16:55:00,2018-06-15 16:36:54,2018-07-16 00:00:00
85770deee3205a161f62a227bd92f7ab,7cd47685658818a4cfa399c538af664a,delivered,2018-05-31 10:41:11,2018-06-05 04:15:10,2018-06-05 12:34:00,2018-06-08 23:32:06,2018-07-04 00:00:00
6c28a6a98f83b0405d2bfc4ba655e15b,54217d7c6e35d7afb033114da06fc924,delivered,2017-11-24 00:25:57,2017-11-25 05:53:20,2017-12-13 19:16:37,2017-12-16 15:49:10,2017-12-27 00:00:00
4531f9e3581ee3d612c9d537606d00f9,9a3e10fdfe66f35a5425f288cf1c7572,delivered,2017-11-17 01:05:02,2017-11-17 01:15:25,2017-11-21 16:13:10,2017-11-28 21:24:31,2017-12-06 00:00:00
1e2db169ace8c7d55bc4567bdf5c4190,08af4067af2ca727cee7d572c5af8763,processing,2018-01-04 17:05:11,2018-01-04 17:14:31,,,2018-02-07 00:00:00
1bd0adb7c2353f3a04e09e2170d42998,6813a968ab523ed0de2855f3d109e67d,delivered,2017-12-07 11:19:18,2017-12-08 02:54:12,2017-12-15 16:28:08,2017-12-19 19:49:03,2017-12-26 00:00:00
3d264124266b9f14b88b496f738ef0d2,dc6f9c54a936fab52be47aeb25387275,delivered,2018-05-04 13:02:37,2018-05-08 04:33:01,2018-05-08 14:45:00,2018-05-17 16:32:55,2018-06-04 00:00:00
d5d914a6d27103e0a343e2e5cb567ca7,ca591ae110d50908d1cf866c10949a47,delivered,2017-06-07 09:13:50,2017-06-07 09:22:39,2017-06-08 07:47:41,2017-06-09 09:42:00,2017-06-21 00:00:00
19f7b4b5c61de325dbfcf2547a700024,3290173aa17384d4003caabe134a1d3b,delivered,2017-07-25 10:50:22,2017-07-27 10:45:20,2017-07-28 18:52:44,2017-08-01 20:49:53,2017-08-08 00:00:00
f287fe40c60961ff917acd403b4f19ed,148058a31cfe793e8ec06bd886364af8,delivered,2017-03-16 20:31:49,2017-03-16 20:31:49,2017-03-22 04:53:50,2017-04-07 15:12:43,2017-04-17 00:00:00
ead20687129da8f5d89d831bb0772867,b296edf5dacd218b6457fddcbc0e7c0d,shipped,2018-03-08 07:06:35,2018-03-09 02:31:27,2018-03-09 17:01:37,,2018-04-19 00:00:00
fcc1d095fad4806c94b96c7bbe51188d,2a745e8af300fef33809279a23cc912b,delivered,2018-08-02 20:24:15,2018-08-02 20:35:28,2018-08-03 15:43:00,2018-08-09 19:22:00,2018-08-15 00:00:00
5dba08d21f1386085c1bdd47548f34a4,82cc4a44845768c5fe11c6580f2b48b3,delivered,2018-06-28 15:31:49,2018-06-28 15:51:46,2018-07-02 06:21:00,2018-07-10 12:08:53,2018-07-26 00:00:00
86757b84a26b96e53be8c8090ae9f96b,19e5223b9a6e3fdc4efbbfc03c8d9aba,delivered,2017-12-12 11:15:32,2017-12-12 11:28:57,2017-12-13 20:51:46,2017-12-19 20:32:50,2018-01-12 00:00:00
f1205199f6295174f518734d954e5da3,67dbe5defb9537a94eca5964c22b9238,delivered,2018-05-17 15:46:16,2018-05-18 02:36:19,2018-05-18 16:12:00,2018-06-04 16:36:35,2018-06-13 00:00:00
76c025e93388599ae9e136363ee1c00b,cbca272ca34ec93d1fd5764393252849,delivered,2018-05-13 14:59:06,2018-05-13 15:11:51,2018-05-15 07:04:00,2018-05-18 15:52:07,2018-06-07 00:00:00
b3b4094d535004ba0ef19c96ba6dfd11,7fab87c1778bff3566834e0a48fff0b9,delivered,2018-03-29 15:40:05,2018-03-29 16:35:27,2018-04-02 23:31:45,2018-04-10 18:05:13,2018-05-02 00:00:00
12f5172274e18c74bed871bb07effe27,8b0f765ca8052238d9a3ac3949b4f52b,delivered,2017-04-04 00:30:54,2017-04-04 01:05:23,2017-04-06 13:52:42,2017-04-12 10:42:22,2017-04-27 00:00:00
6974b0dd5a23c544aa4e67c7fd711ca2,3c5dbf75aeeeb107d76361dd23f44b38,delivered,2018-07-16 16:30:25,2018-07-16 16:45:10,2018-07-20 15:32:00,2018-07-25 20:23:32,2018-08-02 00:00:00
0c5af151e04733e8c7ba3c911a536f83,45a25642e5dcef7ef301d55048caa6fc,delivered,2017-06-12 11:17:28,2017-06-13 04:15:21,2017-06-16 13:03:34,2017-06-26 13:41:17,2017-07-05 00:00:00
4c964566a7cde1bb097b36c556acc0eb,b3892e93d6c7734619f01ecdb6e2990f,delivered,2018-02-10 12:27:06,2018-02-10 12:35:45,2018-02-15 15:45:57,2018-03-01 15:22:38,2018-03-08 00:00:00
2d290eb2fc05c9777775b838cb3dd768,1184549c87fbd8b43922b3ae59c3835b,delivered,2018-02-26 12:22:43,2018-02-26 12:30:50,2018-03-03 00:12:13,2018-03-15 20:28:30,2018-03-20 00:00:00
52cb9b4d5ee3ce7d1e2a8d9c2376fd44,a5c8228ef32a5a250903b18c01c5ceb4,shipped,2018-07-11 20:24:49,2018-07-13 03:04:07,2018-07-31 14:10:00,,2018-08-01 00:00:00
1dbadf4f796b4a43c00390e035d62b9d,dd0e4fc2d1068601b0bece5edd3a97de,delivered,2018-05-15 20:08:25,2018-05-17 02:37:20,2018-05-17 13:31:00,2018-05-22 18:56:25,2018-06-18 00:00:00
3832a9766706c5e6bbfa5d101f782873,cac3e03fcc9d961605de465a7b17d6b3,delivered,2017-10-26 08:44:32,2017-10-26 08:56:15,2017-10-26 23:05:41,2017-10-30 11:59:45,2017-11-08 00:00:00
354d1019e78710d25e0d7240ec6c0792,220e5bd3db8bb376d06c40093f580649,delivered,2017-02-22 18:37:41,2017-02-24 02:50:22,2017-02-24 11:41:02,2017-03-10 12:57:41,2017-03-23 00:00:00
fb5f5b8b20557323077e9113a3deb3f8,668a88aff76297c42ce09f48787aff16,delivered,2018-02-03 23:07:49,2018-02-06 05:31:47,2018-02-07 17:15:29,2018-02-21 15:49:11,2018-03-06 00:00:00
07fda4bada645831fb11a20eaf52c2ef,6be2538210060931127d78f976f0708e,delivered,2017-12-18 18:43:26,2017-12-18 19:50:13,2017-12-19 22:57:05,2017-12-27 14:22:20,2018-01-10 00:00:00
c10c68068674aaf6ca04ad0387969333,96bfde50d61dc1365adc0293abfbf8f3,delivered,2017-05-16 20:51:52,2017-05-16 21:02:26,2017-05-17 12:49:02,2017-05-24 12:22:55,2017-06-07 00:00:00
de12067bfa331f0c8cd1df23a0106128,954f324eaeddc5bd2e282cf20f319038,delivered,2018-05-04 18:06:47,2018-05-04 18:16:20,2018-05-07 14:50:00,2018-05-08 18:54:26,2018-05-25 00:00:00
f3ef05764ab33b7cd322aa7edd599de7,0f230afc42b82295bd241b9adbc32575,delivered,2017-11-27 08:37:56,2017-11-27 08:50:15,2017-11-29 17:48:58,2017-12-15 21:34:06,2017-12-18 00:00:00
4d8a2d9a0da9e6fc1c7bf59dfde5a697,b10fef81c37bf312c22995072ce92021,delivered,2018-06-19 15:41:36,2018-06-19 16:25:40,2018-06-21 09:55:00,2018-07-12 20:28:28,2018-07-19 00:00:00
e6107900a1bad60fc4b97a83014643fd,8a99826b768415524f88058e2a68f980,delivered,2017-05-27 11:37:38,2017-05-30 04:42:48,2017-05-30 15:59:33,2017-06-07 12:31:36,2017-06-22 00:00:00
a001b704f3b4f4d26206555271f83e45,f8af0c88d4c850edc4219a15645a5d46,delivered,2017-07-21 07:51:35,2017-07-21 08:05:21,2017-07-21 18:56:57,2017-07-24 22:44:52,2017-08-03 00:00:00
6cac20dcd1e9ad064b34d1148de9b9ca,60e319c699f4ef80e0979447089367e5,delivered,2018-07-18 14:19:34,2018-07-18 14:30:17,2018-07-19 14:26:00,2018-07-20 19:06:49,2018-07-27 00:00:00
cf751a641521be29ac2213cd1756490b,9838497c3447f481f14b780164c2823a,delivered,2018-02-12 22:18:44,2018-02-16 07:55:30,2018-02-19 23:13:16,2018-03-01 19:33:58,2018-03-16 00:00:00
397af12009650f370c819563b8e6c68d,bf325052e878a2d9fa615ccb6c53e3b6,delivered,2018-05-12 21:50:00,2018-05-12 22:09:59,2018-05-15 15:39:00,2018-05-18 18:04:10,2018-05-29 00:00:00
d9d03fe2697fd771cabf718ae4cc6b14,b60fa308b463e0861f9acc7c196a7536,delivered,2018-03-11 20:22:41,2018-03-11 21:20:31,2018-03-14 22:04:08,2018-03-27 13:08:49,2018-04-05 00:00:00
c2e2f15f541c1823bc6d1e558f9323db,7dca0aae9d8b2739eae09392212f33bc,delivered,2018-02-19 19:55:02,2018-02-20 07:06:48,2018-02-22 18:29:24,2018-02-23 21:15:45,2018-03-05 00:00:00
a30969bf642ba9df43445df05685de71,8a4939e95441a4310e05d7fa6cf8814c,delivered,2018-02-04 23:40:54,2018-02-04 23:50:23,2018-02-05 18:14:55,2018-03-01 23:28:46,2018-03-06 00:00:00
aa9f3738c923b9391c7e9c59eda6aad4,364ad2ea5a64c6d61c7d95044913e35f,delivered,2018-05-06 02:58:50,2018-05-08 20:31:49,2018-05-09 12:35:00,2018-06-04 23:51:56,2018-06-08 00:00:00
9abfcda57aca3f294fa218459b67c834,ded9bebb4d1d6843b5ab3f894cf6400e,delivered,2018-02-20 14:31:05,2018-02-20 14:51:07,2018-02-21 17:59:50,2018-02-22 18:46:47,2018-03-06 00:00:00
3f9a35a487f683b49672e20b9343cc83,a6f116c3fec7399c4e0d473c73a3eecd,delivered,2017-09-19 16:58:55,2017-09-19 17:10:28,2017-09-20 18:03:59,2017-09-29 17:49:59,2017-10-18 00:00:00
cf57aabdd172a83f9c94d0800d5187c1,cc0767edfdacd11c67d2c55342421444,delivered,2018-03-24 18:59:48,2018-03-27 04:08:10,2018-04-04 20:46:46,2018-04-06 21:33:09,2018-04-06 00:00:00
2e58df496a6b55819b859024268f5d55,ec497d640a98b2a969869c44163d08e3,delivered,2017-08-10 10:14:38,2017-08-10 11:25:16,2017-08-14 14:27:37,2017-08-22 21:20:09,2017-09-12 00:00:00
e72ba1ec61415d0cfa8ddfce38a35887,75d90429e22ec177e6c69928ef95a9a4,delivered,2017-11-02 15:05:03,2017-11-02 15:15:22,2017-11-03 18:32:38,2017-11-17 17:28:41,2017-12-04 00:00:00
e819c0a367da758c5e60ddaee6890dc0,c2a549fd103dfd913790133e8b3ee74b,delivered,2017-02-08 15:49:24,2017-02-08 16:55:19,2017-02-09 11:57:42,2017-02-13 16:54:19,2017-03-07 00:00:00
520cd2a1b7a654a2ef87cea17588b358,ba44137a3332273bf999442dd380d092,delivered,2017-12-14 10:14:49,2017-12-14 10:33:28,2017-12-16 02:19:14,2018-01-03 12:33:38,2018-01-26 00:00:00
3f3410465f157511bd8a870e53348d17,a840c0d240eb6afb1b5f0435ec7b9d0d,delivered,2017-03-27 23:07:18,2017-03-27 23:23:37,2017-03-30 15:40:13,2017-04-10 10:57:34,2017-05-02 00:00:00
9c3201ec3feaf8e884f4fbaf33d37c5a,4ba9313b3dba077c6ed84aa8a1279594,delivered,2017-11-08 13:03:38,2017-11-08 13:15:34,2017-11-21 12:42:06,2017-12-07 19:32:52,2017-12-13 00:00:00
62b22cf8987a8a48d638c4bcaf7024ce,2fcfbb38d054caa24f8520316d575829,delivered,2018-06-28 11:32:14,2018-06-28 11:50:29,2018-06-29 10:57:00,2018-07-04 00:18:59,2018-07-23 00:00:00
0332002e367c17e6c4111ae2dd8a6aaf,6e790a587e88f8751cf58bd0f45d8e15,delivered,2018-03-08 20:06:30,2018-03-10 03:49:27,2018-03-19 22:17:38,2018-03-26 20:39:57,2018-04-11 00:00:00
bd7585a77f0aa76b3775bb68fb293356,7eb5555aea491d47d05d05d3f6f99be6,unavailable,2017-02-08 10:46:02,2017-02-10 02:43:20,,,2017-03-07 00:00:00
36cd43f05ca6b099b88bcc0c8e08491e,a559d242230598d6cf1f3aa4243d7c51,delivered,2017-08-14 17:26:24,2017-08-16 03:30:31,2017-08-22 21:25:33,2017-08-24 19:21:51,2017-09-11 00:00:00
5c8b799d9e858d7af25f956df90a88a2,9fd7bf64329acafab4cfbfa91dc5edca,delivered,2018-08-03 17:51:59,2018-08-03 18:04:16,2018-08-04 09:32:00,2018-08-10 21:38:28,2018-08-17 00:00:00
05093c063b3e4c3b5f4ef831d7da7fd5,b8f6bcb3f73c07a92dc1a5c28184e073,delivered,2018-05-01 11:04:20,2018-05-01 11:36:03,2018-05-07 12:31:00,2018-05-21 11:26:39,2018-05-25 00:00:00
412e4fb4c148a6d31f905c16481d75e6,bfb2b8355e699b53e863e2a2181b4bff,delivered,2018-03-12 08:31:35,2018-03-13 04:30:38,2018-03-13 20:08:45,2018-04-03 18:11:28,2018-04-12 00:00:00
d03a237134e1116fd39197ad24eb9378,bdd7712e7fbf5e834a25438affa3e3a5,delivered,2017-11-21 09:21:56,2017-11-21 10:00:20,2017-11-23 22:02:41,2017-12-14 22:42:31,2017-12-18 00:00:00
158e4a89f06a4f5b5273f7fd7045938f,0dd0ff681614cf678c6b69ceb6821c27,delivered,2017-09-28 18:52:51,2017-09-30 02:14:21,2017-10-02 15:47:20,2017-10-03 20:43:55,2017-10-16 00:00:00
7189222fd475388e5619a2bcc20352f5,836f1a73296c20052ab6b439f79940a3,delivered,2018-05-04 00:24:14,2018-05-08 03:52:46,2018-05-11 15:07:00,2018-05-17 20:38:55,2018-05-22 00:00:00
bd7328facab3b5c696a8a685b0ddacff,0b6f07bb76585814879c04843fdbe504,delivered,2018-06-15 22:16:48,2018-06-15 22:40:37,2018-06-18 18:57:00,2018-06-29 15:38:46,2018-07-20 00:00:00
a8dc8c635d3334b958a92779bd056666,8a6feb569313c15590ec16714502cebf,delivered,2018-04-22 19:59:47,2018-04-24 18:39:59,2018-04-24 23:19:41,2018-05-02 23:52:27,2018-05-29 00:00:00
e051aa19f5f2e6a98406c005cf5c656b,d018e6ca1b199645c9074c8aa0377729,delivered,2018-07-12 19:55:55,2018-07-13 08:31:25,2018-07-13 12:03:00,2018-07-16 15:32:20,2018-08-02 00:00:00
bfd53bc941fd49984cc67168afbbd531,addb846a89c635c622bc369a2b6bdf8b,delivered,2017-02-03 17:16:41,2017-02-03 17:25:17,2017-02-09 07:37:26,2017-02-13 10:21:27,2017-03-07 00:00:00
b1ca84d7c69ec44b1b45786605a47832,803bedcfe54697fa00c48bbe097866cb,delivered,2018-07-25 12:03:29,2018-07-25 12:15:09,2018-07-26 09:14:00,2018-07-27 15:35:48,2018-08-02 00:00:00
f771f4b3d070d0621bf89b9b66dbe8f1,14c9e6498aa74319453b31322c0dea82,delivered,2018-05-13 11:30:52,2018-05-13 11:52:31,2018-05-14 14:39:00,2018-05-22 22:38:49,2018-06-04 00:00:00
0641880e7059ec426c7e6f8ba1585bf7,8cb98e975263121ca88116b966bef81a,delivered,2018-08-11 16:14:09,2018-08-11 16:25:14,2018-08-13 16:02:00,2018-08-20 19:26:57,2018-08-23 00:00:00
500ae586f3dab7aba8557a29f0073de4,5c26b8a63b6e72f770e385ffeaeca75c,delivered,2018-04-16 23:41:55,2018-04-16 23:55:17,2018-04-17 18:11:49,2018-04-25 19:42:02,2018-05-11 00:00:00
613b2933438814ff0903ebcd42046b7a,1f27ba2520197d5a8994ce2a7598585f,delivered,2017-11-30 20:38:44,2017-12-02 02:50:59,2017-12-07 21:44:51,2017-12-08 19:19:05,2017-12-18 00:00:00
4e7d5f7a68b4b3a237a3a08656a8093a,673f9ecd301f44cafba9b0191ff198ad,delivered,2018-02-28 08:42:17,2018-02-28 08:55:54,2018-03-02 03:35:09,2018-03-12 13:34:35,2018-03-26 00:00:00
0f2702e23f0f00f3b22b30cd6526c3c1,090e06bd1b1d1c5adc6c9de9f15339d0,delivered,2018-04-28 23:01:15,2018-04-28 23:15:12,2018-04-30 16:01:00,2018-05-03 17:19:48,2018-05-17 00:00:00
ba7e9675b77b9e9f0cb2a9ad0d265826,e306a71f877d647cbddd890e019723a3,delivered,2018-07-26 22:54:37,2018-07-26 23:44:04,2018-07-27 14:57:00,2018-08-02 00:03:16,2018-08-15 00:00:00
88fe7b995b605b04902482ee56b02af4,6fd262c97a21f451efaabc65cf1fe098,delivered,2017-11-24 13:05:37,2017-11-24 15:14:18,2017-11-27 22:22:03,2017-12-04 15:59:29,2017-12-20 00:00:00
13707439a728b23bd3033dfab70b9840,7da55d5c00bf714df311412c19fbab6d,delivered,2018-01-30 16:12:36,2018-02-04 23:31:38,2018-02-01 01:08:58,2018-02-08 21:08:00,2018-03-15 00:00:00
f58c538485f196aedcc7a7f6cbe34dd6,debb46b966786e8a9aded924a51028f1,delivered,2018-03-06 18:40:40,2018-03-07 10:29:11,2018-03-09 00:09:28,2018-04-06 22:46:38,2018-03-22 00:00:00
e05f1340b7ae14a83463bb4985a5eaa8,9c4efecd1866c2177998d461bd0e5b6e,shipped,2018-06-13 09:52:02,2018-06-15 02:37:05,2018-06-20 11:40:00,,2018-07-16 00:00:00
07e5d726cba4eb976dc6c2db2ceae28f,5f92563bde007bfa821abb4fa663e0d4,delivered,2018-02-07 14:23:13,2018-02-07 14:32:09,2018-02-08 19:54:41,2018-02-27 18:52:34,2018-03-07 00:00:00
87c8028d4feed474234e7f1adfd5d9df,977bffb651e0eec87efab8bee30cb582,delivered,2018-03-09 12:35:23,2018-03-10 04:08:46,2018-03-13 19:32:30,2018-03-21 22:08:48,2018-04-02 00:00:00
2d79c4e3754b1f344d6695435b1a92a6,e0cebe0f49ba41391a103c4958449eca,delivered,2017-07-26 16:20:12,2017-07-26 16:36:51,2017-07-27 19:09:27,2017-08-09 10:45:58,2017-08-30 00:00:00
d1537836c453f9672f80c422d1af8cab,d1e0cbdd01f00d151ff8e890d9a8f612,delivered,2018-02-26 17:45:47,2018-02-27 04:30:58,2018-03-12 22:38:35,2018-03-20 16:03:22,2018-03-27 00:00:00
b17d1971fecd03b2f511cbf6cfab681e,933c4bfb97a8cdf9711b9d4fb70e38a6,delivered,2018-06-08 13:50:54,2018-06-08 15:31:38,2018-06-13 12:51:00,2018-06-29 21:44:49,2018-07-12 00:00:00
28ccec702266c9454f2cd75eb005b7d6,4144990d3b38884364646c004ef9b076,delivered,2018-03-30 06:10:49,2018-03-30 07:27:06,2018-04-02 20:03:27,2018-04-12 17:19:49,2018-04-12 00:00:00
03f3b08f9da8df7604b68b2fd5999e9a,a7bae4e3c00ecd65443abee9eacf6614,shipped,2017-09-26 20:42:08,2017-09-26 20:56:20,2017-09-28 14:36:01,,2017-10-24 00:00:00
9807b5bda81d46b139365f3850fbda35,259181f232a13ce8f9a1189bbc180ca3,delivered,2018-07-06 19:57:41,2018-07-07 04:48:31,2018-07-20 14:36:00,2018-07-25 12:38:56,2018-07-30 00:00:00
f8b187febb8635055dee874a1d99aa0c,983db67f67cc7707f18e292d74f2b0eb,delivered,2017-05-07 12:48:48,2017-05-07 13:10:28,2017-05-10 10:04:37,2017-05-11 08:06:43,2017-05-24 00:00:00
936a0b6b0c174a80b59e8357f5f94e6e,c1394c5fcba4e394bde37c4abc25388e,delivered,2017-11-24 09:14:38,2017-11-25 03:32:59,2017-11-28 17:20:09,2017-12-19 00:23:28,2017-12-26 00:00:00
5abb95f2a998dee581e1c63cb7ea7512,7d5b9f4eb02f2bd41768398e711f9393,delivered,2018-03-04 18:04:23,2018-03-04 18:40:25,2018-03-05 14:59:11,2018-03-16 04:08:52,2018-03-28 00:00:00
eab958e760e3a29d059399d02b913fb4,3f96140c511c3050dbe15ffb81f72792,delivered,2018-02-25 17:25:46,2018-02-27 04:31:22,2018-03-01 17:25:07,2018-03-18 15:03:43,2018-03-21 00:00:00
46bdd39417baa706de4e1931fb95b4dd,9f775687e1b0ce412df4e527ef81ef5f,delivered,2018-04-22 13:30:20,2018-04-24 18:55:33,2018-04-23 17:56:43,2018-05-14 15:09:02,2018-05-22 00:00:00
37b0e2f6ce00c698193537e597cf3402,009043346db59e970bcad7e5a6e590ca,delivered,2017-09-15 09:24:57,2017-09-15 09:44:22,2017-09-15 15:44:43,2017-09-20 20:18:56,2017-10-06 00:00:00
55f305618744bee9d9287fa844807280,caa7d4b440be90389f83b4f7f42a883c,delivered,2018-06-27 01:31:41,2018-06-28 04:35:12,2018-06-28 15:18:00,2018-07-15 16:51:33,2018-07-24 00:00:00
e611d334e736406a802b01fe71dd8521,16b73610eb297942c3b17ff877165206,delivered,2018-04-09 17:06:14,2018-04-09 17:15:23,2018-04-10 22:27:30,2018-04-18 12:54:50,2018-04-25 00:00:00
e86dc64373eaaf9fc1d9d58bfce38f2f,98e08f2301967f4d4cac5614b75f9a9a,delivered,2018-05-06 19:36:43,2018-05-07 09:56:02,2018-05-07 15:18:00,2018-05-17 18:58:21,2018-05-29 00:00:00
f52a5a508f96400a02ab7d6dd3d73146,9050371aaf6e57515b2583acd99c9bb6,delivered,2018-07-04 21:50:13,2018-07-06 02:51:02,2018-07-09 15:01:00,2018-07-13 17:38:42,2018-07-26 00:00:00
f3e570ba9e30db24f84865ef376caee2,188acd386830da7fc072da72230cd04a,delivered,2018-03-14 19:30:09,2018-03-16 03:50:09,2018-03-16 17:55:50,2018-03-27 10:06:36,2018-04-05 00:00:00
e104196e46cab854b8dc6f0beaa84d13,bbda0e5e83ba89d0dedc459cb1181670,delivered,2017-05-12 08:59:52,2017-05-12 09:10:15,2017-05-15 09:45:53,2017-05-25 13:03:24,2017-06-13 00:00:00
653c9c1e34a477a23a4577b8682f4746,7c970ed3afc2cc695e6b4ca38954bef8,delivered,2018-05-14 18:11:14,2018-05-14 18:37:29,2018-05-15 16:22:00,2018-05-18 13:42:18,2018-05-28 00:00:00
31069757739ee9a464caa583f8c98fbf,bd58622db04785254b864cb9025f900f,delivered,2017-05-21 19:07:46,2017-05-23 04:22:44,2017-05-25 08:45:52,2017-06-05 14:07:58,2017-06-16 00:00:00
45e00abea326ffad82887cb48faf12b9,7ce2416c6e9a2d16b45d4cd192984d33,delivered,2017-08-18 12:01:05,2017-08-18 12:25:10,2017-08-21 14:14:01,2017-08-28 22:59:58,2017-09-12 00:00:00
aab611fa596695caf1f68f6396c03e3e,0c8acd798290a82a8dbdebccdee32859,delivered,2018-07-06 08:35:06,2018-07-10 04:25:18,2018-07-17 15:15:00,2018-07-24 19:28:46,2018-08-20 00:00:00
7bfa112c445700297e25c7185c56b4ed,b84c196cabc8cf2fcc056696b4331a3d,delivered,2017-06-01 20:51:39,2017-06-01 21:02:49,2017-06-02 14:29:51,2017-06-06 11:00:22,2017-06-14 00:00:00
147074da5c33b8ae783b73d181b9f141,d9368da1704624dbf1523c1fd9b8a487,delivered,2017-04-22 16:27:13,2017-04-22 16:41:28,2017-04-24 09:52:14,2017-05-04 15:57:02,2017-05-24 00:00:00
739409a92249367522a31eb8ee6161b8,c40f158d06c86288d0d3f32b2984a1b9,delivered,2017-08-01 20:18:00,2017-08-03 03:05:47,2017-08-10 20:27:57,2017-08-17 17:21:54,2017-08-31 00:00:00
d6f2337b7df53866592eb81ac57cdf74,b45ccf2d0ce0106a433bae91a7a42d56,delivered,2018-01-04 19:59:45,2018-01-04 20:31:46,2018-01-05 22:26:55,2018-01-08 20:22:41,2018-01-22 00:00:00
9eddcb9c8cbfd8719bbc6b147ef32735,ba11fbc3a42907d4018c0dee4ea35969,delivered,2017-02-04 12:28:55,2017-02-05 12:42:18,2017-02-06 15:06:21,2017-02-20 15:45:36,2017-03-15 00:00:00
f49051d4b155a83c8d939a1c6a850689,cccbf26e7e7e5fa2fb575a7bc98f1638,delivered,2017-09-08 16:38:41,2017-09-09 04:55:12,2017-09-12 19:29:38,2017-09-19 10:27:58,2017-09-26 00:00:00
f13f9687a8bac6985d50487fb92000ba,aa66f828ef59ba66ecb3c9a146845632,canceled,2017-11-15 10:07:27,2017-11-15 10:27:05,,,2017-12-05 00:00:00
f9fe6e11e33871e71f921d5051e72bb4,c2f18647725395af4ad8cb9d34ff1287,delivered,2018-03-06 19:21:47,2018-03-06 19:35:28,2018-03-07 19:22:58,2018-03-17 17:08:21,2018-03-29 00:00:00
81e10459552608b938a594dc56164d41,d31954b2b197f356ff150102558df16b,delivered,2017-08-14 19:37:24,2017-08-14 20:10:11,2017-08-16 23:00:00,2017-08-24 15:35:12,2017-09-01 00:00:00
fcbf4f4ef049367f9f85af94ed3b6010,814d433efda6ac4b0859b5a71aac64c8,delivered,2018-04-20 15:11:15,2018-04-24 18:41:20,2018-04-23 21:58:45,2018-04-24 14:03:28,2018-04-30 00:00:00
e4af24dd6ee24be6d64c1adbd58819bb,44b90241722cab2d72afcccb730cf95c,delivered,2018-03-12 04:31:35,2018-03-12 04:47:40,2018-03-15 00:32:52,2018-04-09 15:34:48,2018-04-17 00:00:00
e6135c8e8606487b103a6835a5c429ff,eb8fa9d9b120b9368060017e95e085c6,delivered,2017-12-08 20:17:30,2017-12-08 20:30:57,2017-12-12 23:53:16,2017-12-28 20:34:20,2018-01-09 00:00:00
ac1de8fa694be661c516f1df6cd72a24,57df8c99c1858dc00e611b7b7e852af6,delivered,2018-02-19 08:22:23,2018-02-20 07:15:50,2018-02-26 16:42:59,2018-03-26 22:26:35,2018-03-09 00:00:00
3f8dc90a470531b954d9b654e20c58af,2b034f3bb93bc729a85f9d5686c8823f,delivered,2018-04-20 01:06:47,2018-04-20 07:10:52,2018-04-20 18:32:49,2018-04-24 16:44:23,2018-05-30 00:00:00
7fb4c420f562c9688616031ba49bab84,df8b058faf864132d547af9104fed550,delivered,2018-04-05 18:59:17,2018-04-05 19:15:12,2018-04-06 23:28:38,2018-04-09 22:19:06,2018-04-20 00:00:00
a0f1cfe022b258680874da1d07e70f43,1f8b48fc13156bee025e08a474a6a4ed,delivered,2018-01-27 11:02:20,2018-01-27 11:16:15,2018-01-30 22:38:56,2018-02-15 20:58:47,2018-02-23 00:00:00
0654d38aef9f16500a4d8f635dde87f9,ad16e4d1da8efe9f51626cc703441dab,delivered,2018-04-05 17:05:05,2018-04-05 17:29:47,2018-04-06 21:50:21,2018-04-09 20:42:38,2018-04-17 00:00:00
9eb250f89f6131900dc80bf8e8389de7,ef4f37ee160ed949a107346ae50458c9,delivered,2017-07-16 21:37:05,2017-07-16 21:50:16,2017-07-18 13:03:46,2017-07-21 17:39:26,2017-08-04 00:00:00
787948cceabfd5a5dfde3e8d693e0303,c2b0ab58b7187c26170b62adcb523f87,delivered,2017-11-05 12:08:40,2017-11-05 12:26:22,2017-11-07 10:36:56,2017-12-04 23:48:40,2017-12-19 00:00:00
e5535466d23681cc97013097a0644150,10d2967d139449709e9f095b22b0f1d0,delivered,2017-12-13 16:02:41,2017-12-15 13:15:29,2017-12-18 16:14:38,2018-01-24 17:22:31,2018-01-15 00:00:00
0517f595d01e0c246ac759a754c6ca64,7e393e5538c26c13c74bb6fc603a59a8,delivered,2017-10-15 16:32:38,2017-10-15 17:08:39,2017-10-17 16:42:19,2017-10-25 18:00:04,2017-11-06 00:00:00
eeae538503aa251c060d45ea2ef3fefa,15f0adc33fb9e61d4ff29df6a0768870,delivered,2018-06-23 22:04:10,2018-06-23 22:18:46,2018-06-25 13:34:00,2018-06-29 14:22:00,2018-07-19 00:00:00
415b8ac19f5bc8c2f9796aebb5f4b84a,e5185a1a40478261515279df8ae25a9c,delivered,2017-07-28 22:02:32,2017-07-28 22:15:11,2017-08-01 16:37:26,2017-08-09 21:10:23,2017-08-23 00:00:00
55818ca5e8e590285938c49fccd72eef,c8de9687416bd884c7269415458ef1c8,delivered,2018-08-06 09:14:27,2018-08-06 09:30:10,2018-08-10 14:05:00,2018-08-13 14:22:57,2018-08-13 00:00:00
8e100ba7b7ce91f61675892a783c1017,d15aeb0e3ad60d4aedbb5b87e98154d0,delivered,2018-01-08 21:06:28,2018-01-08 21:18:30,2018-01-09 23:33:47,2018-01-15 14:04:19,2018-02-05 00:00:00
1384e3bb7bc8ba5a462fa5845a062927,551f0a2f444b08c3232d382026e054f1,delivered,2017-08-07 07:10:14,2017-08-07 07:25:07,2017-08-07 18:33:02,2017-08-10 17:42:10,2017-08-18 00:00:00
8e7d1676080ba7cfedefb6f056abf4cf,3451eab46fcf247fa3d16b691855dfce,delivered,2017-11-25 00:50:18,2017-11-28 03:33:47,2017-12-08 22:41:29,2017-12-13 19:04:46,2017-12-14 00:00:00
be72c04d946d396d2383f4fd49a4f19f,8014a34d9ec8a6f03af220e2bbdc522d,delivered,2018-08-13 10:16:55,2018-08-14 10:15:17,2018-08-14 13:26:00,2018-08-28 18:08:22,2018-08-31 00:00:00
805ff37179bd287d2eddbd15fa7fe901,897b42a91c4c99a830882d3470ecbb5f,delivered,2017-11-27 17:18:33,2017-11-27 17:30:26,2017-11-30 17:35:08,2017-12-17 17:19:44,2017-12-22 00:00:00
3c952cb06605958c5ca2fc2d28f2c8c4,30e4344ec0ec69a326ec3526aa56ef55,delivered,2017-04-26 14:30:03,2017-04-26 14:42:14,2017-04-26 15:34:23,2017-05-05 11:42:18,2017-05-17 00:00:00
ba16a6de753feb4dc0a6716cc3ddf951,2f2b6326403a1044d7c1c951fa3867f0,delivered,2018-02-10 18:19:59,2018-02-10 18:30:25,2018-02-14 20:15:52,2018-03-08 13:27:33,2018-03-23 00:00:00
079f16689c29acb6cab92978e6af2137,8b6fcc7c89c9bbdd8e5e47e35fb13f53,delivered,2018-05-09 18:01:29,2018-05-09 18:15:13,2018-05-10 12:07:00,2018-05-26 16:54:30,2018-05-30 00:00:00
c69eeadb2be025a8483b632013bb0788,9325bd8f287bc8d05e0014710eb16884,delivered,2018-07-26 13:33:22,2018-07-28 03:35:19,2018-07-30 10:08:00,2018-08-09 15:19:38,2018-08-17 00:00:00
b27e6ded1257b2ab223eeec083d9874b,058d7c7ab33903fc3c77e61d78c7721e,delivered,2018-02-09 16:09:24,2018-02-09 18:55:24,2018-02-14 18:45:16,2018-02-20 02:18:33,2018-02-23 00:00:00
b7c92b52380e90147a144b28154ef33b,08a1e1dc736d953d1deb2bcf41ceaa3e,delivered,2018-01-05 10:41:37,2018-01-05 10:48:23,2018-01-09 19:25:12,2018-01-13 12:54:35,2018-01-31 00:00:00
49153487110cdea2e59215a536aff73b,d3ae786645024e1af98082774cdf5a26,delivered,2018-01-30 19:41:32,2018-01-30 19:55:31,2018-02-01 19:20:37,2018-02-07 23:47:30,2018-03-01 00:00:00
406e7d5f44dce0761a29b6a22889a98c,02d274e6844e27614c6ecffbc7b8c7ab,delivered,2018-05-04 21:06:29,2018-05-08 04:55:37,2018-05-08 13:48:00,2018-05-17 15:12:41,2018-06-01 00:00:00
660a8ca012d4806b05c2a9b705570f62,6f728d2ab5c661f6b32499e7e1bd3261,delivered,2018-03-29 10:25:37,2018-03-30 03:15:51,2018-04-02 17:37:53,2018-04-19 21:34:29,2018-05-08 00:00:00
773b2db33c7a199314137bed5c5a25a7,c1721aef018416169d2775808130c68a,delivered,2018-08-09 23:19:46,2018-08-11 02:50:18,2018-08-13 17:20:00,2018-08-15 17:19:36,2018-08-17 00:00:00
17716d2598d1d7f7ed16fa9f05ab2f61,adab95e6495905a75cb6945011a6417f,delivered,2018-06-01 22:05:28,2018-06-02 19:50:27,2018-06-04 13:44:00,2018-06-18 15:23:01,2018-07-13 00:00:00
a16372372eabf56cefaac3bd69b35209,e77fea51329c9fcdefd5b74f3fdcef87,delivered,2017-10-12 20:40:23,2017-10-12 20:49:35,2017-10-17 19:13:07,2017-10-23 16:13:48,2017-11-06 00:00:00
fc84efe54b1182d71cf7b02d2d5828f5,330989af7d5c5513d373c383869f69ad,delivered,2017-10-10 19:07:55,2017-10-10 19:28:47,2017-10-17 16:03:41,2017-10-20 21:51:50,2017-10-30 00:00:00
c98c0d54162f552567aae1af36d539b4,89aa7396c7f7694560cf328e9f46369c,delivered,2018-08-15 11:25:10,2018-08-15 11:44:05,2018-08-15 13:45:00,2018-08-28 00:21:58,2018-09-18 00:00:00
a853cdd8003fb8372f09eefdb15720f8,ad145ce80d256cb7234084bd8c76a335,delivered,2018-05-25 16:38:14,2018-05-25 17:38:30,2018-05-28 13:37:00,2018-06-06 15:32:35,2018-06-28 00:00:00
ab001f825765f185062e85eaebc010b5,8168b5079d6ea023893d64ff63f7c4c7,delivered,2018-06-20 18:49:28,2018-06-20 19:18:49,2018-06-21 15:10:00,2018-06-22 15:46:38,2018-07-03 00:00:00
044e7b17d9488e54fc8417df5289f503,a3255cad9ee6596f7c31004ce0b769df,delivered,2018-04-18 17:36:24,2018-04-20 07:15:22,2018-04-20 23:05:30,2018-04-25 22:38:32,2018-05-16 00:00:00
57dc71776356b30418cf133f68678b44,58d11cdb235f26b32a45a4615ff1950e,delivered,2018-04-03 00:44:17,2018-04-03 01:10:13,2018-04-04 17:07:16,2018-04-09 23:29:38,2018-04-23 00:00:00
ee24dc874cf2cb44acd098173b7ff240,255f6fe0da9d281431dd4fcce29b46ec,delivered,2018-07-11 11:44:54,2018-07-11 12:06:18,2018-07-12 13:47:00,2018-08-07 00:33:15,2018-07-27 00:00:00
5b3e420db4439e252b47a3841bd5f6c3,7730e8d98b2980e26a769438d611dca6,delivered,2017-06-26 12:45:01,2017-06-28 02:44:06,2017-06-28 16:14:13,2017-07-12 19:32:28,2017-08-02 00:00:00
1a5fdd1338ab8d42e2bdfb83dbb7b9c4,8c11c3b52e4a57398bfe1c249a4549e3,delivered,2018-08-19 22:46:19,2018-08-20 13:49:41,2018-08-23 14:30:00,2018-08-24 20:30:42,2018-09-28 00:00:00
e22702acb3b635834712d8359ab1e2d9,ff8b236f65cf25e1e02ee286a201b3c3,delivered,2018-02-19 23:21:47,2018-02-20 00:26:53,2018-03-02 21:26:38,2018-03-05 20:14:04,2018-03-19 00:00:00
5f7fcba7792c39066e8479dea103be91,63f798bfe1116c4b855132edd9f87b3a,delivered,2018-06-06 18:31:37,2018-06-06 18:52:41,2018-06-13 11:13:00,2018-06-19 18:18:46,2018-07-24 00:00:00
87a0cbc974ca0e017a65daacd3b3e2d6,ded400422478045ec5a02071abaae1c1,delivered,2018-02-06 10:27:21,2018-02-06 10:35:46,2018-02-07 19:04:41,2018-02-09 15:48:55,2018-02-22 00:00:00
a383762bd79949e1b34878460042cd23,e6cf45b6775e86a43908d40341b3d53d,delivered,2018-03-31 21:18:49,2018-03-31 21:35:09,2018-04-04 00:34:26,2018-04-21 01:38:20,2018-04-20 00:00:00
731c835328ddd81b1be1e0a997909b94,59b7594e814e06b262b29d914b75684f,delivered,2017-09-12 19:43:19,2017-09-13 03:25:54,2017-09-13 15:22:39,2017-10-04 22:23:52,2017-10-06 00:00:00
09ea9ef172f36e86256bde78e5aadd66,0b3a8bc8ff126326a4c6bbc3a6cd8589,delivered,2017-12-06 12:49:00,2017-12-07 17:32:59,2017-12-08 20:03:47,2017-12-20 15:07:29,2018-01-11 00:00:00
dae095a3efbcc51f73f9a75181008850,154bafc6afb65baa7346ffc19d8830c6,delivered,2017-08-15 11:45:13,2017-08-16 03:15:30,2017-08-16 19:07:58,2017-08-21 17:05:18,2017-09-04 00:00:00
95f621764d58ab2736abbffb39a183da,ee04dd46d48e1dffe76ca651a89bd83e,delivered,2018-04-02 23:17:12,2018-04-02 23:28:08,2018-04-04 18:32:42,2018-04-18 01:52:31,2018-04-23 00:00:00
67a0536ff5532b7d6ed0c62f8a3a5ccd,c7ddfdbcbdfbbbd617f4001c7fc222ec,delivered,2018-07-11 15:50:00,2018-07-11 16:06:23,2018-07-13 16:41:00,2018-07-20 22:42:47,2018-08-01 00:00:00
f11fbb27b667b259485343a1ad29b609,572973ca7b77562d79dc98594498372b,delivered,2017-06-10 15:31:35,2017-06-10 15:45:13,2017-06-12 14:27:54,2017-06-27 14:05:46,2017-07-07 00:00:00
9c89421a3099d6b66cb2df1d2f1d3dab,f0688a7a0aa2400361ea273a4872db2d,delivered,2018-03-11 20:52:18,2018-03-11 21:05:40,2018-03-14 18:42:31,2018-03-15 19:27:36,2018-03-22 00:00:00
c17d3d6c480b09300d8daa2eb502d060,1a38f871a4976b1f3b8f9bcf74a70880,delivered,2018-06-20 19:30:58,2018-06-20 19:58:01,2018-06-26 16:52:00,2018-07-11 18:40:59,2018-07-17 00:00:00
58a47bb27cce840d07a8f8b1885eda2c,c52bab05914333612e4a4369a0d41237,delivered,2017-11-24 16:33:16,2017-11-24 20:32:47,2017-11-30 01:24:38,2017-12-11 21:09:34,2017-12-27 00:00:00
ca03e4a81e799aa7d57d3c2c3401319e,72f98f3871a3a422ba1f8dd5670a6232,delivered,2018-01-22 11:43:20,2018-01-22 14:22:53,2018-01-23 19:27:15,2018-01-26 18:48:37,2018-02-06 00:00:00
62942803c1be12d1fd2f0365690bf6bb,43b319fef4cdab9d509d63f048be59f8,delivered,2018-04-24 13:59:09,2018-04-24 17:53:33,2018-04-30 13:54:00,2018-05-09 19:19:19,2018-05-22 00:00:00
57cd49d9c9567c5ef10439c81f9a1836,afabf3402c99e06da0fa8bf433929d5f,delivered,2018-07-18 17:56:25,2018-07-18 18:05:21,2018-07-19 13:01:00,2018-07-21 13:12:25,2018-07-26 00:00:00
f706fdf8e9c42f5d6c0996cd82684c16,5a6cc3894184f42db83284c7ff6914c7,delivered,2017-12-15 03:28:57,2017-12-16 15:57:22,2017-12-19 23:04:48,2018-01-05 16:36:00,2018-01-17 00:00:00
22216fb7efde2d52865d1d84d9ed5702,81960f733a0385ff7daa37152eab8e2c,delivered,2017-12-28 14:57:44,2017-12-28 15:07:19,2018-01-02 22:39:56,2018-01-04 19:40:25,2018-01-23 00:00:00
5c23ae4442fc127a8201b2405bc97d9c,a26fe43b2f7f0f2baf12a881ced45d66,delivered,2018-08-16 22:39:23,2018-08-16 22:50:14,2018-08-17 15:28:00,2018-08-22 14:40:55,2018-08-29 00:00:00
135a10bfc997f41bdc3ce54ba8664ae5,613cf5df9d46095fa2a33ad27cedff73,delivered,2017-12-12 19:40:02,2017-12-12 19:50:18,2017-12-13 18:49:06,2017-12-17 14:42:23,2018-01-08 00:00:00
a2c3c6ce5f0221dc64454e0580522784,02b3a4bc391b7e1d2c99c46f9dbc4db9,shipped,2018-07-08 18:13:34,2018-07-10 04:35:20,2018-07-10 14:41:00,,2018-07-31 00:00:00
320eb048096c018a52cf175bb6630898,a3b2123ace561fa7e65d08ebfea6c819,delivered,2017-10-09 23:01:05,2017-10-09 23:14:40,2017-10-10 20:52:36,2017-11-07 20:34:52,2017-11-10 00:00:00
1cc21285010bbdedb27bdf5995367df5,c8271bb8b445bff7d05f359714f06763,delivered,2018-05-07 20:06:49,2018-05-08 04:14:50,2018-05-08 14:21:00,2018-05-14 19:40:01,2018-06-19 00:00:00
da726e4e14776093627536acd474872c,1da9586891399ca90804d9a95edcfb70,delivered,2017-07-20 17:17:04,2017-07-20 17:32:59,2017-07-21 17:42:22,2017-07-31 18:45:52,2017-08-15 00:00:00
119d2d80c921d5b4806a1b19b4e8c531,e15daad9efaafb0d4d10043c9ca77e7b,delivered,2016-10-07 19:02:48,2016-10-07 19:29:12,2016-10-11 19:29:13,2016-10-14 19:29:13,2016-12-01 00:00:00
fb19e93bf66262ee2d56d98609f48868,7bd0b92f056560a4e3addf53161545db,delivered,2017-12-10 18:55:35,2017-12-10 19:10:12,2017-12-14 14:38:39,2017-12-29 19:06:15,2018-01-09 00:00:00
e3c2135c38233042e0bfa35a97882582,90bfdc2f88cc435b7a16812d26984214,delivered,2018-01-17 22:10:43,2018-01-17 22:19:35,2018-01-23 10:38:45,2018-02-19 13:09:16,2018-02-19 00:00:00
09b9b2b8758ca1fd4a9bcd3f2af6fb10,4df51d3db5710b8e9f26958d04065d67,delivered,2017-11-09 20:16:38,2017-11-10 20:30:27,2017-11-14 14:24:50,2017-11-28 16:23:34,2017-12-05 00:00:00
9995c46c464a830dccd8575857f9472c,62c022825499b4986512cd20f2f28419,delivered,2018-02-14 10:46:20,2018-02-14 11:50:30,2018-02-16 02:18:30,2018-02-21 04:17:44,2018-03-01 00:00:00
a138937aa3e8370a29b43014b9dac5ea,2c032031470d729f0d39269f7ddeea0a,delivered,2017-11-24 14:24:18,2017-11-24 16:33:49,2017-11-27 23:23:16,2017-12-05 18:17:01,2017-12-08 00:00:00
b753953aa026ea44872473a3fa57c576,7407107aab79b2f2f2ab0bdc68c948b4,delivered,2017-07-29 11:24:55,2017-07-29 11:43:29,2017-07-31 18:39:04,2017-08-04 13:42:14,2017-08-23 00:00:00
644fa2355020340eaa627c83e17eee27,181d85c587921142b36f4e1546d35102,delivered,2017-11-20 23:42:30,2017-11-20 23:49:34,2017-11-21 20:33:30,2017-11-28 00:03:53,2017-12-11 00:00:00
cdaf5a7fe3c5eba30ef0cc6b9c1913dc,9e11a6e0ddedc8a1e7e8a69c25a16ae3,delivered,2017-07-06 02:30:19,2017-07-07 08:25:11,2017-07-07 16:59:42,2017-08-01 19:54:33,2017-08-09 00:00:00
53e47f7fef72225bb63f3618e3301f15,1a3604da5f3df07bf34888beea7ed6f9,delivered,2018-01-20 12:10:35,2018-01-22 13:47:58,2018-01-23 17:28:43,2018-02-20 01:43:17,2018-02-14 00:00:00
462f1226eadb17cabaa2323b360486aa,7b514dbab8ef621b561b03831b31f9e6,delivered,2018-03-03 16:14:37,2018-03-05 08:08:28,2018-03-06 20:56:33,2018-03-21 17:06:36,2018-04-02 00:00:00
b77521536083d321e2947f3258b0a5c2,eda5e7707113194c9fd748da39c4e825,delivered,2018-01-30 10:34:56,2018-01-30 11:11:00,2018-01-31 21:24:53,2018-02-09 00:32:25,2018-02-21 00:00:00
cd4c36d1786821bbfe74edce3632db27,6435934b81b2d1473a7f86ef9419c2bc,delivered,2017-08-10 15:06:01,2017-08-10 15:23:44,2017-08-11 19:44:44,2017-08-25 15:47:47,2017-09-12 00:00:00
2a55ad6ead4d012a771ab7ec0ca683dd,18c2d8bb51c5fc01a37073a887c8b63f,delivered,2017-10-16 00:40:12,2017-10-16 00:56:12,2017-10-16 19:42:23,2017-10-18 20:34:50,2017-10-26 00:00:00
e2b182ec1154718a19aaa02dfd8c4722,943e7d02679d01d5ec5090799081fd6e,delivered,2017-09-22 19:06:55,2017-09-26 03:28:21,2017-10-03 10:58:01,2017-10-06 22:22:18,2017-10-19 00:00:00
88111d2aacb94d5ba269e178f1994a2c,b2225b1aacd965ca328695647276ade4,delivered,2017-09-04 18:58:03,2017-09-04 19:10:11,2017-09-08 20:51:35,2017-09-13 23:12:00,2017-09-26 00:00:00
43a23a9a05a87ff4d46b5b18829fe9ae,cb9c54b41211784a001abd06fb239c1f,delivered,2018-06-09 20:25:20,2018-06-12 04:57:10,2018-06-15 12:56:00,2018-06-20 17:38:37,2018-07-03 00:00:00
371108e902be11a7d9b8ce66a1893241,dc6f037ff20c546f8010603b9b76ca6d,delivered,2017-12-19 15:16:07,2017-12-19 16:48:57,2017-12-27 18:35:17,2018-01-03 23:21:53,2018-01-12 00:00:00
5e65f0a09d4d7bc8e34dfc8f4144bcdc,4e5443c34fc59098f461139b0e48b477,delivered,2017-05-26 00:43:27,2017-05-26 01:22:39,2017-05-30 11:35:25,2017-06-01 17:24:50,2017-06-21 00:00:00
e840db297233ce8300fa3cd91c595ba6,6fdd8eba4338f9c98f8942d91cc6bbb8,delivered,2018-02-19 14:37:10,2018-02-20 07:30:48,2018-02-20 17:55:17,2018-02-27 19:07:00,2018-03-12 00:00:00
34cc4617ab60d179bab731309bdd8a82,26deada61fa2c6d3fba6a016bfd0761e,delivered,2018-03-12 10:26:51,2018-03-13 04:28:22,2018-03-13 21:54:24,2018-03-17 00:34:22,2018-03-22 00:00:00
75db98736bc50273482103bbb05f7d2f,49acc665a9c9ae87119f71f788854883,delivered,2018-02-17 21:04:02,2018-02-17 21:15:29,2018-02-20 20:09:16,2018-03-05 14:13:18,2018-03-15 00:00:00
267260b7bf82df7975cb0ef017763e02,3890984f592e84142be08d08f6c33483,delivered,2018-08-15 20:43:17,2018-08-16 03:10:14,2018-08-16 08:26:00,2018-08-22 21:21:58,2018-09-05 00:00:00
7b103f0841bda2b0b9e208b7840a762c,8ee3fd6fd24dd4a5a53bd6127af30d2c,delivered,2018-04-12 11:15:03,2018-04-13 12:55:45,2018-04-19 21:03:43,2018-05-07 16:59:12,2018-05-02 00:00:00
5dc1b2e0f095ca11805bf922de55eb4f,b41e69741bd21af93a54f30ecda093f1,delivered,2018-04-27 08:43:15,2018-04-27 08:55:29,2018-05-02 12:01:00,2018-05-08 19:12:31,2018-05-22 00:00:00
18995da0f41134f344ebeb2e97965d2d,feb2fb674b5b45151ac0b7a79694650a,delivered,2018-08-28 11:51:45,2018-08-28 12:05:21,2018-08-28 14:35:00,2018-08-29 15:54:46,2018-09-03 00:00:00
e75bd2f9adb46257d65d9e916355326a,a5757008de590f9d9686fb610cd8f48c,delivered,2017-11-06 18:28:39,2017-11-07 03:31:08,2017-11-07 19:44:52,2017-11-24 23:38:45,2017-12-01 00:00:00
88afc72ed244948d6e29e7458db590b7,7895438ecd36a2f65b03b2be35b02e19,delivered,2018-06-26 22:13:56,2018-06-26 22:47:57,2018-06-28 13:51:00,2018-07-14 00:32:31,2018-08-13 00:00:00
19638eaf909ee58b9c2e68fcbe112d11,a604311066ce6dfd1912532a2b7266d2,delivered,2018-02-24 14:37:03,2018-02-24 14:50:24,2018-02-26 20:38:27,2018-03-13 19:03:49,2018-03-20 00:00:00
481d934c1cc864cf6439c46deb8aeb48,ac98eb95f06adc4945cd68f632b10f3b,delivered,2017-12-18 10:06:31,2017-12-19 09:10:53,2017-12-22 23:08:57,2018-01-08 16:03:28,2018-01-17 00:00:00
f3ae2fe3a1567acd0f43f0c75a07edd7,faf87906fb8802a80785bb04380c7608,delivered,2018-07-15 16:54:11,2018-07-15 17:05:14,2018-07-26 11:05:00,2018-07-31 23:34:45,2018-08-09 00:00:00
6902085f87f26d8b456a15744f9f02be,08275aa40053e112fa7e680aa99534c6,delivered,2017-08-06 14:12:45,2017-08-06 14:25:08,2017-08-07 17:03:31,2017-08-11 18:57:54,2017-08-29 00:00:00
ed8057e84e86b05fc9bf67d7c6657881,366dfea050fe0b5bf7476a1f7a4800c3,delivered,2018-02-12 18:28:06,2018-02-12 18:47:44,2018-02-21 23:38:05,2018-03-02 18:08:29,2018-03-06 00:00:00
f54d24153f5e05580fcdc548bc1d1e89,648ecb9be0fd9c0cdb6a1de83902df8c,delivered,2017-11-28 07:03:14,2017-11-28 07:16:30,2017-11-28 17:22:52,2017-12-05 21:37:56,2017-12-28 00:00:00
5a1f6d22f7dfb061ef29216b9af687a1,4c7ef01bf8ed05e43a5e9e44bb08358e,delivered,2017-09-01 23:13:57,2017-09-01 23:25:09,2017-09-06 23:42:08,2017-09-13 21:17:32,2017-09-20 00:00:00
648452a05889f314b2b625e34ebb05ed,a79d2f343996d352be1fc80d9b79dd3b,delivered,2017-09-06 18:26:47,2017-09-06 18:43:55,2017-09-11 19:43:21,2017-09-18 15:24:00,2017-09-26 00:00:00
8a3d5a19acc2106e0567b04a904c8726,faa4dc1c729a9a87aee1a095825fb209,delivered,2017-08-05 17:41:52,2017-08-05 17:55:17,2017-08-07 20:33:01,2017-08-17 17:12:01,2017-09-06 00:00:00
a3e07c6b717e74f8c384d148d7903e66,0c8f204b82c7f4baf4e6f909251663b3,delivered,2017-04-10 16:26:41,2017-04-10 16:42:23,2017-04-12 06:33:03,2017-04-19 17:08:13,2017-05-02 00:00:00
963b30eb819d6ba60329a7510e4e3d0c,d0bfdabf0d3b06ca689c5eb518a794b1,delivered,2017-07-23 14:34:00,2017-07-23 14:45:20,2017-07-28 20:32:46,2017-08-04 19:15:35,2017-08-15 00:00:00
c47bf9883e12788ab8dfb2b4e85a0c4d,13b417898111b3c211f0646cf5d59d6f,delivered,2017-11-28 15:01:58,2017-11-28 15:19:13,2017-11-30 20:37:58,2017-12-02 15:29:57,2017-12-12 00:00:00
68ba0b1bfcbf8d877ba255499b0853cb,603583f5202f4702d8d3b5449c17b420,delivered,2018-05-21 10:49:37,2018-05-21 15:32:09,2018-05-22 14:15:00,2018-06-04 16:43:27,2018-06-08 00:00:00
07df89d2b7c5f2d12c3eb2a3ebbe66af,2c44ad3fbb48ae0365b9479459d7fd86,delivered,2018-05-05 22:53:18,2018-05-05 23:10:34,2018-05-07 15:22:00,2018-05-11 00:21:45,2018-05-21 00:00:00
6b24fdfdcbca62d19e7fa83f37af2fb7,ab281471816d84ca98080ba017e6c357,delivered,2018-01-30 14:20:49,2018-01-30 14:35:36,2018-02-01 18:43:08,2018-02-08 21:07:37,2018-02-26 00:00:00
821e765f0bcdbdc5e6769985ddc5875b,05b7d2db0e6f42afea1969d78034d011,delivered,2017-03-10 11:52:07,2017-03-10 11:52:07,2017-03-10 13:44:50,2017-03-17 08:24:56,2017-03-31 00:00:00
27514cbe332c571eb956e898a4619386,3a973aed0757ab43c195793c4c756f6b,delivered,2018-01-24 12:47:20,2018-01-24 15:16:13,2018-01-29 18:29:28,2018-02-15 22:58:45,2018-02-19 00:00:00
b1e83bde070451496ba3df43f63e4a3c,30b7231d7aa4ce41b31274390cf9887e,delivered,2018-01-17 18:32:48,2018-01-17 18:51:03,2018-01-18 20:24:26,2018-01-24 15:10:21,2018-02-01 00:00:00
33c0d343b2faf7ebeb298755980009eb,bad57fa21fe32c73f5f5a0e59de2929d,delivered,2018-01-23 20:30:46,2018-01-23 20:53:49,2018-01-25 20:44:00,2018-01-29 13:59:38,2018-02-07 00:00:00
1840fa1d0c7c4591e8471896f49ea857,a1c00d1f5bbd477dc5673c9407bf76cb,delivered,2018-08-21 10:12:06,2018-08-21 10:51:40,2018-08-22 13:23:00,2018-08-24 20:47:26,2018-08-27 00:00:00
aeefcf3435f9cc6db2c0b8019f17ca7f,7fea5a5b6c185dd2949e3bb124f9a9bf,delivered,2018-03-23 18:15:49,2018-03-23 18:30:42,2018-03-26 14:33:22,2018-03-27 18:32:42,2018-04-10 00:00:00
bcc1910aae7e17cc762603b3dbb0299d,bb38fa2b8f923c9cc4b74761b4819974,delivered,2017-10-19 10:49:25,2017-10-19 11:06:21,2017-10-19 20:14:45,2017-10-26 23:03:26,2017-11-07 00:00:00
b42f5cf7cbdab3df43164a7809d69ced,4ae477e15a54cbcecd6f66edafef1cd4,delivered,2018-06-06 15:17:39,2018-06-06 15:34:23,2018-06-07 13:54:00,2018-06-16 14:44:41,2018-07-12 00:00:00
9ab34f6cfa5f99f11d85304a03381de3,4f8746c48433b79e69d37a9556423abe,delivered,2018-04-07 20:07:43,2018-04-07 20:28:22,2018-04-10 16:18:58,2018-04-13 18:10:45,2018-04-25 00:00:00
fdd4a975a3f9bbe439a0faf0fa587f83,f4af848f3a0144e8f958fcac7f9325bf,delivered,2017-10-28 19:55:21,2017-10-30 10:31:24,2017-10-30 20:42:10,2017-11-09 18:08:54,2017-11-24 00:00:00
3cfdba1b62960f88fd96c20a56989a95,618e2eabe655ebc288f1f744371c98c4,delivered,2018-05-13 15:34:25,2018-05-15 04:12:25,2018-05-15 08:45:00,2018-05-25 17:24:40,2018-06-13 00:00:00
8f0f01a6b1970e8f3c336a6b93b96d9c,59190bfc23eca273cebeb6968a2e43c5,delivered,2018-04-09 22:51:46,2018-04-10 22:52:33,2018-04-13 22:44:26,2018-05-04 14:32:42,2018-05-02 00:00:00
3364be119eff03652aef3e3abf764889,24156a2c9525681a7c62d618bf3a9f94,delivered,2018-08-14 11:30:18,2018-08-14 12:04:17,2018-08-15 16:09:00,2018-08-20 19:28:21,2018-08-27 00:00:00
d7198cce0076c5cefda313c12776334c,b79e6558152f302d0b22d5cabc983814,unavailable,2017-05-12 19:02:52,2017-05-13 18:35:16,,,2017-06-01 00:00:00
ca29aec188eb04a764fce98c6f69232c,d90143d60cffced9f991b7f72878dbca,delivered,2017-11-28 11:19:08,2017-11-30 11:12:26,2017-11-30 18:50:11,2017-12-21 15:48:46,2017-12-18 00:00:00
1e67200d1a2ae06bc9830fa7b62d8b85,287fd54e7f4b02e9b9dcf237e43b515d,delivered,2018-07-25 22:57:36,2018-07-27 02:05:11,2018-07-30 12:26:00,2018-08-01 20:03:17,2018-08-06 00:00:00
ec3537b6b3607220dc74b6ca4f505e03,199bcbb6f50073b56ff12c2508a7439b,delivered,2017-12-10 09:46:22,2017-12-10 09:56:18,2017-12-11 22:57:59,2018-01-05 20:03:06,2018-01-15 00:00:00
be7bad1c9399c6a920c31021837891b4,fa7633c531e928b43b8014881e8e2fa4,delivered,2017-12-21 07:36:19,2017-12-21 07:50:14,2017-12-22 00:14:24,2018-01-08 20:48:44,2018-01-24 00:00:00
96f5be02bc9ffc589f3274500a64a7e2,5396ffb28b2d1cbea8d6ec46201f06ba,delivered,2018-04-23 14:31:55,2018-04-27 16:11:21,2018-05-11 12:26:00,2018-05-16 18:19:00,2018-06-01 00:00:00
96b205ed4ede615918071ef68a2f8831,cf9a23f821867f0f49363dd27a17b6f0,delivered,2018-06-04 13:15:18,2018-06-06 02:53:56,2018-06-06 12:29:00,2018-06-26 16:16:56,2018-07-12 00:00:00
0aaf52291c13507e7fe4f565f079ad9a,97324b134a7e75d33decb2a65d637343,delivered,2017-01-24 08:52:34,2017-01-24 09:02:02,2017-01-26 16:01:51,2017-01-30 18:36:07,2017-03-03 00:00:00
454adbf48828bb4e46339ef4d82b4021,9a73634a269c7460b509cec6f0f134c7,delivered,2017-06-04 13:31:20,2017-06-04 13:45:11,2017-06-06 10:23:54,2017-06-14 15:37:57,2017-06-30 00:00:00
4f709a231b1d99a9e12f4f86f458dbcb,74c8468d22b1fa822cdef5c8896ec455,delivered,2018-01-12 12:46:21,2018-01-12 12:54:49,2018-01-17 16:52:02,2018-02-02 11:09:12,2018-02-16 00:00:00
6be6d87095d612a3a5176d6aff456c62,19d189579778a415f48e0ce76f07109b,delivered,2018-08-07 13:07:13,2018-08-07 13:24:40,2018-08-09 14:03:00,2018-08-15 23:41:36,2018-08-20 00:00:00
4dd3c282d6328a8fb01d1051b830caf5,e9e1a3764e104684c566b6e8725400aa,delivered,2017-11-11 09:36:14,2017-11-11 09:50:21,2017-11-16 15:58:53,2017-11-30 19:25:44,2017-12-08 00:00:00
6315b62d5cf138a8702ecfac17bb38d9,8943a458333bbd18bea687184981d0c0,delivered,2018-04-05 08:43:23,2018-04-06 03:15:36,2018-04-07 00:19:14,2018-04-09 23:41:36,2018-04-20 00:00:00
7616b98483a2f8af40e3ab4d8ef3ffc9,078dbbc73431f0553f696d0913e99ac0,delivered,2018-03-04 00:08:21,2018-03-04 00:35:53,2018-03-06 19:28:54,2018-03-12 21:24:44,2018-03-27 00:00:00
6c07e27e694dcf18f9171b1fc5c85fca,ab70757356e2a52c34c7c092d2f9f935,delivered,2017-11-06 12:11:38,2017-11-06 14:33:03,2017-11-06 22:13:27,2017-11-10 21:33:47,2017-11-24 00:00:00
e119563a850008c9337df0d017458e97,33d565d7fe6d0678b43f83a2a1c420cd,delivered,2018-06-29 13:37:04,2018-06-30 02:35:15,2018-06-30 08:26:00,2018-07-04 15:47:42,2018-07-26 00:00:00
d6955d34f1d9983d21c67f279aadd306,5d5749f139a1bc34f1c869cf82b0784c,delivered,2017-05-10 19:42:27,2017-05-10 19:55:18,2017-05-17 11:53:06,2017-05-18 10:19:05,2017-05-23 00:00:00
8f63d71ea8a3f42d0bec26ef31cab14b,8d68a12bc222d02be0f4e54c1f7f29fe,delivered,2017-06-08 17:44:30,2017-06-08 19:20:12,2017-06-09 09:31:11,2017-06-14 17:13:19,2017-06-29 00:00:00
bbb2d49836a81a36102519667b44416b,12f8c19a8f9f1015564e4798c6b1a556,delivered,2017-11-25 22:10:00,2017-11-25 22:31:37,2017-11-30 00:20:00,2018-01-03 17:39:17,2017-12-27 00:00:00
38cfc106ae21ad50379975e828f5863e,14aea6e289ceebb4c4389c168be3dd9f,delivered,2017-07-04 15:25:44,2017-07-05 02:55:22,2017-07-07 15:49:47,2017-07-14 17:39:43,2017-08-01 00:00:00
51f1a03bb8aae115ea6387a8e7edc7e7,d568e7d521edb18c32a390f5862b9783,delivered,2017-03-09 15:53:07,2017-03-09 15:53:07,2017-03-10 16:40:38,2017-03-20 06:37:51,2017-03-31 00:00:00
22ebcb475dab511f6c74d7118d1e5f3f,9a64b4746d14603ca0c87861228a2001,delivered,2018-08-16 21:09:35,2018-08-16 21:29:21,2018-08-17 14:16:00,2018-08-23 16:42:58,2018-09-03 00:00:00
9c6b445489e19c178357172589b7ef63,e5e014f339b18e14d6dd03b2265c3a8a,delivered,2017-10-19 08:28:24,2017-10-20 02:56:35,2017-10-20 15:14:41,2017-10-23 21:22:18,2017-10-31 00:00:00
72a794bae5b6c1f19b1f2fee83e94e85,77ab80500d906d9fc81caaf623090c80,delivered,2018-01-13 15:33:11,2018-01-13 15:55:30,2018-01-15 17:16:52,2018-01-16 19:56:39,2018-01-30 00:00:00
e6a8d767ed8be35e855fb51421587360,87fa2df087845b8953a52f114686488b,delivered,2018-07-03 23:35:23,2018-07-05 16:33:16,2018-07-06 08:58:00,2018-07-30 23:31:52,2018-07-31 00:00:00
85d2fcb0be68bbc235aa548142862e4b,25d9549b5702c8af2fc3de4411fc30df,delivered,2018-03-28 14:01:30,2018-03-28 14:10:26,2018-03-28 23:21:26,2018-03-30 00:18:26,2018-04-10 00:00:00
c754541252a5c08d9e786d85469ebcb7,51532cf302c427e804062aba65c5efcc,delivered,2017-12-05 17:11:39,2017-12-05 18:04:58,2017-12-06 21:35:42,2017-12-13 14:43:52,2017-12-28 00:00:00
a63d6f123bbccd71286ef76811cb2a3b,c24bbeb8111fea27eab791a37e665210,delivered,2018-08-27 12:39:11,2018-08-29 03:10:17,2018-08-29 15:10:00,2018-08-30 15:42:35,2018-09-27 00:00:00
d89ff75da06f798ea64c91a496386314,cb93a9fab20aef775dac6e14672ce6df,delivered,2018-01-09 18:55:23,2018-01-10 10:31:43,2018-01-10 22:21:01,2018-02-02 16:58:44,2018-02-06 00:00:00
4d890e83adf9bc9532d53b2227e92c7b,a5a1d696925fe03b4645c9ac6a417230,delivered,2018-02-20 08:24:03,2018-02-20 08:56:12,2018-02-20 19:34:08,2018-02-27 21:08:13,2018-03-13 00:00:00
b16494d7fa3459ccef0a8afa71fc6116,35df3f7d420979703a49a172c1716a0a,delivered,2018-07-18 20:48:52,2018-07-19 20:45:12,2018-07-20 11:37:00,2018-07-27 16:48:23,2018-08-09 00:00:00
2c1ccd5d927cd108ebbdf62741bf5dc7,4b88365b45f660f21ad6d56557871ed5,delivered,2018-01-12 13:18:30,2018-01-12 13:30:22,2018-01-17 00:58:56,2018-01-22 19:29:24,2018-02-14 00:00:00
adc0c438fc69e3d7797ed563551573c3,145f4c0afd867119a41cc9c0a43e450d,delivered,2018-06-18 19:45:24,2018-06-18 19:57:06,2018-06-19 12:03:00,2018-06-22 18:44:53,2018-07-18 00:00:00
d85c21edbd2d9fc056908945b37bb577,0176ec1982f9f3aa628de3a506191769,delivered,2017-09-28 11:01:38,2017-09-28 11:14:17,2017-10-05 17:08:51,2017-10-06 17:02:43,2017-10-16 00:00:00
1d640f23dd5922c443a96b7caf168229,c81f68a90b18cfb4921d0e55c30a9f49,delivered,2017-06-24 17:48:01,2017-06-24 18:26:43,2017-06-26 14:56:36,2017-06-28 12:32:16,2017-07-07 00:00:00
ebf908ba5d7c097d2839701fb3366412,10a1e2ad2a1671332d2ba53f19253bd5,delivered,2018-05-01 09:14:13,2018-05-03 03:35:10,2018-05-03 13:40:00,2018-05-09 14:12:16,2018-05-23 00:00:00
2d856083b0b7c9f8a7bd4f59986eafec,f95fb411cd509902774af543e8d0caf1,delivered,2018-08-12 20:53:01,2018-08-12 21:05:09,2018-08-15 14:00:00,2018-08-20 20:51:20,2018-08-29 00:00:00
a02d824dac198415585e19860908b022,923b474141b095d5e2f0532c4593d6cd,delivered,2018-04-29 20:23:29,2018-04-29 20:35:11,2018-04-30 15:27:00,2018-05-03 20:14:56,2018-05-14 00:00:00
da1b33a717a76516deb6b4db0bbfa8f0,3665c11701d3598fcc07717f72da540d,delivered,2018-08-05 19:10:46,2018-08-05 19:24:27,2018-08-08 14:05:00,2018-08-15 20:22:44,2018-08-27 00:00:00
1803c7e9eee1785304c1266d06ee1f8f,b0a2d47eaf9986e2c7fd4bcd994dfe4c,delivered,2018-07-03 23:20:35,2018-07-05 16:40:17,2018-07-04 14:08:00,2018-07-14 13:06:35,2018-07-23 00:00:00
4bc0038f8b89dafcf62622334c66ba0d,b2c85ae7b6bb80751ecc28be8ad556b6,delivered,2017-10-03 13:00:16,2017-10-03 13:07:45,2017-10-06 12:04:17,2017-10-10 17:52:42,2017-11-03 00:00:00
33e9e7bf59600996dd1a153ce751753d,f393e364052cebfb6932ae3dc2de64b4,delivered,2018-06-24 16:58:09,2018-06-25 16:55:39,2018-06-27 10:23:00,2018-07-03 19:18:43,2018-07-18 00:00:00
54e94d7472f210caad2b04b193bb4817,0b01e830348776e4260c95c0d450aa3a,delivered,2017-07-01 15:29:35,2017-07-04 04:03:59,2017-07-05 13:29:44,2017-07-07 21:05:06,2017-07-21 00:00:00
cd9cbb9b4a02d47f00a71acb290605a6,4c48165dc00ccdb7a8952402521ee550,delivered,2017-10-01 01:10:18,2017-10-02 22:03:53,2017-10-04 20:47:59,2017-10-16 19:19:37,2017-11-01 00:00:00
66abfb1d97049527979ada02f3ade6ac,5854dde905ca14caf1b87aad99851d7b,delivered,2017-07-13 17:56:56,2017-07-13 18:05:17,2017-07-19 20:58:56,2017-08-07 18:42:32,2017-08-14 00:00:00
59823eb85efc0c6ee2cbc0567486757f,e903fd2602504c71d968c91949519179,delivered,2017-11-04 09:09:12,2017-11-05 09:26:15,2017-11-07 10:57:31,2017-11-13 19:31:55,2017-11-28 00:00:00
260ec445d18b2120c8ab6f87ecae2a1d,85a0c55326b884ce95823cc6b47f448e,delivered,2017-11-08 21:44:23,2017-11-08 21:55:24,2017-11-09 16:32:03,2017-11-21 21:46:56,2017-11-28 00:00:00
d3c5d59ee5c6bd9cbb3230d8bfebfffb,f70537f7cfc56bd6a96bc1fe04b3fefa,delivered,2017-11-04 20:24:52,2017-11-07 07:30:41,2017-11-14 22:34:36,2017-11-21 18:26:46,2017-11-24 00:00:00
6c6611e4aee0751993e7d535c51ecb68,6c7d8ff89ec2a80ab6f822d603ea4735,delivered,2018-03-08 20:16:50,2018-03-09 08:50:38,2018-03-13 00:16:30,2018-03-29 22:32:46,2018-04-12 00:00:00
47a89cb464c37056a399f117cb24e485,2a35ddadd9df2e4dc9acb0649a08c79a,delivered,2017-09-30 11:51:29,2017-09-30 12:07:16,2017-10-02 18:45:56,2017-10-09 11:59:02,2017-10-18 00:00:00
e43d4fe81a0a7828e55dc60e33ce7921,cfdf986b1a23e5be4da26faf17d5da1e,delivered,2017-09-18 13:59:15,2017-09-18 14:10:22,2017-09-19 16:22:32,2017-10-02 21:44:02,2017-10-24 00:00:00
b744841b6a754e51042b8abcab208ffe,cb1d1ff0489e8f800375a08a8b8fd92b,delivered,2018-07-29 09:49:54,2018-07-29 10:40:05,2018-07-30 13:45:00,2018-08-02 00:22:59,2018-08-14 00:00:00
09245c021d29cc570d8d5ca0aefd0f22,979c7ddcdcad9c14ec457b91c223d5b5,delivered,2017-11-26 22:06:07,2017-11-27 11:36:27,2017-11-30 19:18:02,2017-12-03 18:52:12,2017-12-15 00:00:00
647435133861948067a0b68eb68b4357,14431311128d398802425dbbf581784c,delivered,2018-06-04 20:53:42,2018-06-04 21:12:44,2018-06-05 15:15:00,2018-06-15 18:35:03,2018-07-19 00:00:00
b7a35c9ba09e4651caf5b9b0e9fadd21,2c17a1538f46a90219647fa26b661598,delivered,2018-05-04 12:39:54,2018-05-04 13:50:42,2018-05-05 08:35:00,2018-05-28 20:08:41,2018-06-06 00:00:00
347b03aea6fd08c3bd68e2b30a3fe3e3,e3223af2aa6a77a76b3b690407384686,delivered,2017-11-24 19:01:49,2017-11-25 14:16:39,2017-11-27 21:23:23,2017-12-18 23:18:43,2017-12-15 00:00:00
f2df3f69fb9dbe0d8e932a7ec18c5a3a,63c23d61b0b07df34331b5fd17feb8c9,delivered,2017-10-24 18:24:22,2017-10-24 18:37:45,2017-10-25 20:29:25,2017-11-01 21:33:39,2017-11-10 00:00:00
3bdebe4ea3f450a5d8f6c50f1771c9ef,f4056901edbc5d4f4e76b539f416fde1,delivered,2017-12-12 21:48:33,2017-12-12 22:10:50,2017-12-14 20:12:43,2017-12-27 00:17:04,2018-01-11 00:00:00
8b0d556af68672c609357030e4672671,aab56ab6451ae556797391bd616410ce,delivered,2018-03-20 10:49:11,2018-03-20 11:08:10,2018-03-22 23:42:57,2018-05-01 12:51:42,2018-04-20 00:00:00
de45fff90798d4416b9ba1b7aa4ccd7b,e9a4def88f3b9bef3792b8eb0c665722,delivered,2018-07-02 21:01:02,2018-07-02 21:10:53,2018-07-03 12:11:00,2018-07-26 00:02:28,2018-08-01 00:00:00
83df31098d8d706607ac8bd37a0923c8,7b8c79956f938a97e2b3b7ec7b43d0cc,delivered,2017-11-12 00:13:24,2017-11-14 04:15:28,2017-11-14 16:48:35,2017-11-17 17:36:42,2017-11-27 00:00:00
9524a96b9422d6296e14ba9ae6d95ac4,6a969493f9c779b3c906d48f4a5c21df,delivered,2017-08-18 16:04:51,2017-08-18 16:30:17,2017-08-21 14:15:39,2017-08-22 18:42:27,2017-08-31 00:00:00
70aefd12bdd5391f02011072c16e6801,2f7a8b448ada52d632c573deda7664fb,delivered,2018-06-19 17:14:30,2018-06-19 17:45:31,2018-06-20 13:03:00,2018-06-21 18:28:46,2018-06-29 00:00:00
17f71a234f74de0e7c52630aa272eb17,1e223c28a57021767dda5694299786b6,delivered,2018-07-03 09:51:36,2018-07-05 16:40:35,2018-07-03 14:59:00,2018-07-06 18:52:44,2018-07-31 00:00:00
2c16fd106856fc1209898f20b68c943c,bb205b0f9f296e7cbb610b231dc401d3,delivered,2018-01-20 14:41:44,2018-01-22 13:50:55,2018-01-25 23:09:19,2018-02-05 21:19:00,2018-02-19 00:00:00
7afe139c6b60ed4db2f7a6c8bdde0231,5e8b3153c76eeb78b305593ae8618ec2,delivered,2018-06-14 14:12:23,2018-06-14 14:41:47,2018-06-18 11:49:00,2018-06-22 15:14:38,2018-07-27 00:00:00
08cede37de35a7af6d659a2ea4b17707,e422d6c59e0b0b1c22fe8c94835ab2fb,delivered,2017-07-07 21:59:57,2017-07-07 22:43:21,2017-07-11 17:17:30,2017-07-17 19:13:55,2017-07-27 00:00:00
6d53ce2b0f6fad419567b5753de43a2d,1333008f541fface7f629ff93315f64a,delivered,2018-07-01 22:36:55,2018-07-02 09:30:29,2018-07-03 11:54:00,2018-07-09 13:51:48,2018-08-03 00:00:00
bdd26d22582f5a2f6321493e0d8677ea,5b97e86cf344fc8159321fe9a84dbef9,delivered,2017-04-30 14:49:02,2017-04-30 15:02:32,2017-05-02 16:38:10,2017-05-17 14:13:18,2017-05-23 00:00:00
a115115559d40a6b8a7bd518af5e1115,d6b1229a1370d588fc51d8b651a2c387,delivered,2018-07-29 19:17:07,2018-07-31 03:44:27,2018-08-02 13:12:00,2018-08-09 19:12:19,2018-08-31 00:00:00
2395ea6891b87b22ff3c6fa169e8b8cc,8ef76abe07841a8eb8e4ed7cd934a987,delivered,2018-01-13 22:23:50,2018-01-13 22:31:25,2018-01-17 16:53:27,2018-01-23 20:18:42,2018-02-06 00:00:00
02875e2e1d01d7a1533215fb97510b06,9f64e91e123214007c18425d4a0be8db,delivered,2017-08-25 11:16:05,2017-08-26 02:24:28,2017-08-29 19:06:13,2017-08-30 14:04:26,2017-09-08 00:00:00
70809734fe201ea6db6d4577b84a3022,288544a7acdc67a0118c3bce401c1494,delivered,2018-03-04 22:39:40,2018-03-04 22:55:35,2018-03-23 20:48:29,2018-04-02 17:44:22,2018-03-29 00:00:00
0d541e7454eb298f2548f6c161741ddb,a2dbe9d0969506f1fb3b8385ad60b557,delivered,2018-02-15 12:26:07,2018-02-17 03:35:48,2018-02-22 22:23:26,2018-03-06 17:46:04,2018-03-07 00:00:00
581485f89782bb075ada5368b8c8e74f,2f83edd70a220bd02663e0915a55e5ea,delivered,2017-12-07 13:29:45,2017-12-08 02:54:02,2017-12-11 12:26:03,2017-12-19 15:18:02,2018-01-02 00:00:00
5bab7c41f1405d62a214dc3648c37e1c,799d6b19e5ec98c1b865f2382a1e2503,delivered,2018-07-30 18:19:38,2018-07-30 19:31:40,2018-07-31 09:57:00,2018-08-02 21:16:35,2018-08-09 00:00:00
e8c8d04eb8aefee37534cee9af6cefa9,9ec5649350197aadd41086a39651e464,delivered,2018-02-27 11:40:54,2018-02-27 11:55:31,2018-02-27 22:49:00,2018-03-07 20:27:55,2018-03-21 00:00:00
83bdd2499feae1bac3b451293f37ebf6,42329f6f9ded091237c82dd2a87dab28,delivered,2018-05-04 14:57:17,2018-05-04 15:10:28,2018-05-07 10:07:00,2018-05-24 20:46:39,2018-05-23 00:00:00
4a361afb3224a82115cdd08fb60b0528,32a15485330a0e465c45b9e437ca51fe,delivered,2018-06-19 06:30:07,2018-06-19 06:57:02,2018-06-20 14:23:00,2018-06-22 17:59:31,2018-07-03 00:00:00
e5238e84a4c88c17a350b92645006c61,1e08f7d9d8d9ed7ddbfaa122a1a86b61,delivered,2018-07-18 15:58:34,2018-07-18 16:10:26,2018-07-20 15:44:00,2018-07-24 18:37:32,2018-08-10 00:00:00
95b19f291b5f226ab1f3af5aa7e3553f,c30d0f9fb78aa64613ddc5c9823c001b,delivered,2018-03-22 10:46:32,2018-03-23 02:10:23,2018-03-23 18:35:32,2018-03-26 19:48:46,2018-04-04 00:00:00
a41b16eb820cfb62112086ea0a18dee5,39e4013ce7f84e30b415075f87f5240f,delivered,2017-02-07 17:16:39,2017-02-07 17:25:18,2017-02-08 15:14:57,2017-02-20 16:03:07,2017-03-08 00:00:00
5cd4d921a222793519021a823618a17c,7428a7362c14e0386a6035b72d75b7a2,delivered,2018-01-11 15:08:00,2018-01-13 04:54:46,2018-01-15 17:12:09,2018-01-19 23:09:18,2018-02-06 00:00:00
9e9e4d3f5d27fab18087abf851da026c,765e79897331ee143cc7e648988ea414,delivered,2018-07-21 12:07:28,2018-07-21 12:24:00,2018-07-23 11:13:00,2018-07-24 20:34:53,2018-07-31 00:00:00
34b7f8ccf3ab2ba8512fa244c3bab225,cb8adca2a68ffd5c23a6740bccf56ee7,delivered,2018-07-04 22:07:08,2018-07-05 16:32:49,2018-07-05 15:26:00,2018-07-13 01:12:31,2018-07-23 00:00:00
07320b1c77905dc3d2e11126b143221e,29804f2de3a78c4414c64beea37d2809,delivered,2017-07-17 12:39:23,2017-07-17 12:50:09,2017-07-17 20:07:39,2017-07-26 00:57:53,2017-08-16 00:00:00
211899bcbbeda5f1f5d057442dabb91a,9210eb9f6e2fa5dc6962073cb575f28b,delivered,2018-08-20 22:45:38,2018-08-20 23:09:21,2018-08-21 14:07:00,2018-08-23 21:18:30,2018-08-29 00:00:00
503ad34927f4e034a8ee38be309fd16a,5000d9435b568ae6a327ab304991ff9c,delivered,2018-02-08 21:16:00,2018-02-08 21:28:05,2018-02-09 18:19:07,2018-02-17 14:03:39,2018-03-02 00:00:00
801e8e7738a06b96bda344c9ff1d738c,d56963a7ec9e3ed06d1323bc13fbe715,delivered,2018-05-14 00:24:32,2018-05-16 02:53:51,2018-05-16 15:50:00,2018-05-21 17:26:33,2018-06-14 00:00:00
2868122766fb8490193dc08920622c8b,a376f52713685c4bf13fcd69b2a5eac5,delivered,2018-08-04 17:43:05,2018-08-04 17:50:15,2018-08-21 12:07:00,2018-08-29 19:15:37,2018-08-27 00:00:00
a024d7476a847e0453984eecb8be6076,9a55894987e54a4047c4bf61210cd35d,delivered,2018-07-25 06:01:17,2018-07-26 03:24:23,2018-07-26 09:12:00,2018-09-06 11:41:13,2018-08-20 00:00:00
7029824369e12a2c4102565ad3f2bd50,3180f06ec3182fe3f19c1450b62eb93b,delivered,2017-10-21 10:52:04,2017-10-21 11:14:13,2017-10-24 21:27:42,2017-10-31 22:38:48,2017-11-13 00:00:00
c8da7aba86bfc11d56c767b13ba74d7f,a7ed2be1cd5fc71fed065c8c3e1357e8,delivered,2018-05-21 00:43:57,2018-05-23 02:38:09,2018-05-28 13:05:00,2018-05-30 20:18:41,2018-05-30 00:00:00
45c5fceca4f4409e9b086fff7c29e6bb,2dec2f01062c12231bd3e7b828729449,delivered,2018-04-02 21:51:04,2018-04-02 22:09:43,2018-04-07 01:19:18,2018-04-30 11:14:54,2018-04-23 00:00:00
aef93cd9ec286c68d9f73fe1505fa2cc,b544baca8a31c5f9348c318c64ff502c,delivered,2017-07-12 01:43:41,2017-07-12 01:50:14,2017-07-12 17:22:27,2017-07-17 19:36:56,2017-08-15 00:00:00
1560a63a0c01388598eac8e14a503f2d,fea4aeeb4b4426cef48af6376ff8b27e,delivered,2017-03-31 12:33:22,2017-03-31 13:05:18,2017-04-03 11:03:16,2017-04-12 14:08:29,2017-05-02 00:00:00
b84be81e27ac56e4160716dc5aa7950c,b058a8f626a0a7584c7a92a025fc2bd9,delivered,2018-06-07 18:08:25,2018-06-07 18:35:46,2018-06-13 13:05:00,2018-06-18 13:48:58,2018-07-13 00:00:00
fb4867639cdcf519269b594d659bf27b,a3bbdde95e5fde2e9e01162caf5137e2,delivered,2018-07-21 13:07:33,2018-07-26 23:32:01,2018-07-24 15:26:00,2018-08-01 19:48:53,2018-08-13 00:00:00
123b4246f6a16b1f17b9807bb7d42fd5,841ac05302de635820f01b00bda1a57d,delivered,2017-05-14 00:03:43,2017-05-14 01:03:47,2017-05-15 14:42:50,2017-05-23 16:52:24,2017-06-02 00:00:00
84c9dee00eb814f6e8b46e6e780bd750,471da6e9ba3d94a4ed98603379322472,delivered,2017-12-05 19:28:35,2017-12-05 19:35:20,2017-12-07 20:51:29,2017-12-18 16:28:52,2017-12-28 00:00:00
72b48d2ee1353308077d11c354decaad,7bc2e455b6baa1f35526ec0f24968e34,delivered,2017-08-09 06:58:46,2017-08-09 07:10:12,2017-08-10 13:33:11,2017-08-11 16:30:09,2017-08-25 00:00:00
25748e98d2de92b6a05bfc40fc2deb9c,4cdbc86f0f6629efb095f984a8701702,delivered,2018-05-01 20:49:57,2018-05-01 21:12:12,2018-05-02 14:42:00,2018-05-03 19:54:48,2018-05-15 00:00:00
e3c8ec2636b34ec7a41bf25dba83440f,4401cb686f98e0903686c15230e9e14f,delivered,2018-06-14 12:45:18,2018-06-15 13:06:27,2018-06-18 11:17:00,2018-06-25 18:21:59,2018-07-05 00:00:00
782fab126cb645c5b3a1d88c15760b03,1b14541f2e9a154f71cca55619ffc6d5,delivered,2017-11-04 09:58:43,2017-11-04 10:10:34,2017-11-07 17:03:28,2017-11-16 20:26:54,2017-11-24 00:00:00
214a2fc82c1accbd3c6e1edafe954078,d67b2814a012ad6435baab03fd78c52d,delivered,2018-01-21 11:32:35,2018-01-22 13:47:30,2018-01-24 12:59:06,2018-02-08 18:49:08,2018-02-20 00:00:00
fb01e8d8215d266abffb5ca379063244,0d7b6a46b67046fa56193773a361e7ac,delivered,2017-04-03 22:00:05,2017-04-03 22:15:14,2017-04-13 19:07:15,2017-04-19 09:53:18,2017-05-02 00:00:00
2a4408332d5a4d37e075056a8b46d59e,3cd23ea21a79ae52cce514785f7752eb,delivered,2017-10-18 08:12:45,2017-10-18 08:28:11,2017-10-18 19:48:00,2017-10-24 19:18:52,2017-11-09 00:00:00
f192af03910c3b4efec294f63201d0f2,abefde2fe67178b38e52d5efdd369eed,delivered,2018-06-07 15:50:09,2018-06-07 16:20:53,2018-06-08 14:50:00,2018-06-26 16:54:24,2018-07-20 00:00:00
fa481f6753c67fbae9e5c33ad91c5049,0f9e46489187f0bd5f4394700ea47f93,delivered,2017-07-05 09:25:33,2017-07-05 17:42:09,2017-07-07 17:51:49,2017-07-19 18:27:31,2017-07-27 00:00:00
7faf49d330e4e0fca17c5a17b339bd4b,33ab93688a44ea7498591799275c1ff0,delivered,2018-06-08 17:13:37,2018-06-08 20:32:07,2018-06-13 12:32:00,2018-06-29 18:47:51,2018-07-13 00:00:00
15f18fdc945de59e900faa4d7fab8f15,a9ceaefd58479188d59484f28da8f19d,delivered,2017-08-13 22:25:01,2017-08-13 22:43:51,2017-08-14 21:07:53,2017-08-17 15:54:54,2017-09-08 00:00:00
fa44e5b82883ce07bae2ebc419f7fcc3,f29bef5ba5cc67a9553a938aca4445ca,delivered,2018-03-26 17:19:33,2018-03-26 17:35:14,2018-03-27 20:12:37,2018-04-05 18:35:32,2018-04-26 00:00:00
1ddbde4b8d3dc88ae08a92c7ecf6c2f7,998671ecb4efd9e7e5a926705e142196,delivered,2018-01-28 21:39:00,2018-01-28 21:58:03,2018-01-31 21:58:11,2018-02-02 13:54:53,2018-02-15 00:00:00
054f63d52e4bcfceaf9cae8637863c82,7ed971d777a1a449bcca5e0b8c8c0e4e,delivered,2017-11-26 22:56:45,2017-11-26 23:13:14,2017-11-27 18:13:27,2017-12-07 10:10:38,2017-12-15 00:00:00
fef1609ffbe591cb869df79555f778f3,c444e2b51cc423b7cd530ab187b74f79,delivered,2018-01-22 09:07:08,2018-01-24 02:35:46,2018-01-24 15:10:12,2018-01-29 20:49:11,2018-02-14 00:00:00
f6687308d96fa59fcadadd7c1c8d457f,6bd7abba56ef81166daa2f3e9f1e6f7d,delivered,2017-11-16 12:34:36,2017-11-16 13:50:10,2017-11-17 15:14:53,2017-11-27 20:34:44,2017-12-06 00:00:00
fb1ef674743bb985ef78eaed8496ad70,610dfd0fe50cde969d3d7fc16f32ae17,delivered,2017-12-02 17:12:16,2017-12-02 17:38:15,2017-12-06 16:28:48,2017-12-15 21:57:45,2018-01-08 00:00:00
91fedd9854d3837c210542a3d86ddf26,24b0e37628b8587edba95902f2dbc012,delivered,2018-05-14 21:42:20,2018-05-14 21:58:00,2018-05-15 13:40:00,2018-05-21 19:46:30,2018-05-30 00:00:00
270700b8be5da026cd758478b3ad2577,932f93ecc3d17448732bd6ea06d6a0a6,delivered,2018-06-05 10:27:41,2018-06-06 03:11:28,2018-06-13 15:07:00,2018-06-21 21:45:49,2018-07-11 00:00:00
a5c3e339ecb35902c6bc09a876ea430f,9bba2d79c4c8c3f493fc4ae9e25d9bcd,delivered,2018-06-11 21:36:46,2018-06-13 02:37:27,2018-06-13 14:03:00,2018-06-15 01:58:19,2018-06-25 00:00:00
20960ecf3d6ac0b19f3818f15c8e3fc5,9f1a7f33083fc1cd8865c587eb71c3e5,delivered,2017-01-20 00:52:29,2017-01-20 01:05:08,2017-01-20 17:24:37,2017-01-24 14:07:51,2017-02-28 00:00:00
aa0829298e82fd9bce51e79edd33fb5e,e30789f0affae3929e6e450e854def49,delivered,2018-05-06 15:29:10,2018-05-06 15:50:40,2018-05-08 14:45:00,2018-06-01 14:41:16,2018-05-30 00:00:00
e9acbfa0efe448cca0db0508f8641ac9,9c35af750f6493203e9f84b7d21d3493,delivered,2018-02-19 09:46:08,2018-02-20 07:27:06,2018-02-23 00:04:51,2018-03-15 16:48:36,2018-03-14 00:00:00
443aabd96751d0f91e92d34dae9f473a,9a8bbd66115e373f060351c2383b5fa0,delivered,2017-03-03 08:07:21,2017-03-03 08:21:57,2017-03-06 14:29:10,2017-03-13 11:08:51,2017-03-27 00:00:00
7263db988c07c61845869e0708739119,041d0eb3170569956add1abb9d1681e3,delivered,2017-07-23 11:13:02,2017-07-23 11:25:11,2017-07-24 17:47:30,2017-07-31 18:59:54,2017-08-15 00:00:00
af822dacd6f5cff7376413c03a388bb7,9eb3d566e87289dcb0acf28e1407c839,delivered,2018-06-08 16:42:11,2018-06-08 19:31:06,2018-06-13 14:44:00,2018-06-18 21:04:38,2018-06-28 00:00:00
6b66feb014823833433d386dad897fcd,57d5846f41d30acf13bb29a957846838,delivered,2018-07-03 10:44:45,2018-07-05 16:25:46,2018-07-05 10:23:00,2018-07-09 19:51:36,2018-07-24 00:00:00
434d1997e63b6e122dafe2a81ce31850,c8971b71955e69874ef99bb540f528d0,delivered,2017-12-20 12:36:01,2017-12-20 13:13:33,2017-12-20 22:32:37,2017-12-27 14:49:04,2018-01-18 00:00:00
576b53e8a0ba4dbac33bb12976bf8754,2fac8a27ae3f7ea0cf3f2c898704703e,delivered,2018-02-23 07:40:36,2018-02-23 08:10:26,2018-02-23 21:23:21,2018-03-06 22:09:04,2018-03-16 00:00:00
fae508e3ea9697ecb70c66eca76f4b63,c3482ff6a57386fb93da1cfed67d1aad,delivered,2017-02-07 15:19:05,2017-02-07 16:25:17,2017-02-09 11:28:51,2017-02-15 16:07:36,2017-03-21 00:00:00
4bdf6279e39f0094b4290ab0e0015aa0,6f1405bdb110f24ce1ae1ed563733095,delivered,2018-04-12 10:47:26,2018-04-13 13:14:18,2018-04-13 23:41:50,2018-04-20 20:51:46,2018-05-07 00:00:00
d8c26c70018f669b95557792546bc4dc,2001ab9947243f4bcebed41e85d95552,delivered,2018-05-17 18:36:13,2018-05-18 00:37:36,2018-05-18 13:38:00,2018-06-05 19:36:41,2018-06-01 00:00:00
384d96ed56bf3f9dfecc4e2c539111a7,b29d12296af23879b38b929ec276ef24,delivered,2018-02-09 14:59:24,2018-02-10 14:50:29,2018-02-14 20:26:40,2018-03-08 22:58:39,2018-03-05 00:00:00
c3cbb5032bfc949af6b3f17024de1c8f,05e64f1361f11d937d6c2ccd3ec502bf,delivered,2018-05-11 11:17:57,2018-05-11 11:37:30,2018-05-11 12:51:00,2018-05-17 10:48:34,2018-06-04 00:00:00
932fc6a48836dc75bc0b624817acc479,32dcb3d103dc9514e385752b30644923,delivered,2018-03-17 15:14:48,2018-03-17 15:28:31,2018-03-20 15:54:55,2018-04-02 19:14:46,2018-04-13 00:00:00
3321e84343dd41e813cac2b2d6ed3f65,85d7ff05a9a3db8795766481dbb38ed1,delivered,2017-08-24 09:38:06,2017-08-24 09:50:16,2017-08-24 21:15:01,2017-09-14 21:57:36,2017-09-20 00:00:00
3c060be8256385c5eab23e0f857609d8,b550f7f2a8a11e5008ad16654df66999,delivered,2017-05-17 04:26:46,2017-05-18 04:35:12,2017-05-23 17:44:01,2017-06-02 08:32:45,2017-07-03 00:00:00
3e734ad65fdbca928a1a4de48d096ce4,b62a9e59aa5fc73c53a68c1325121327,delivered,2018-08-21 10:35:40,2018-08-21 10:51:32,2018-08-22 10:06:00,2018-08-30 22:04:54,2018-09-03 00:00:00
12deecd130a055a8d709a6b62c807f66,37cfa50a05378b7fbec2ff7e0db72878,delivered,2017-10-04 14:18:56,2017-10-04 15:04:55,2017-10-05 18:27:25,2017-10-13 16:58:03,2017-10-27 00:00:00
18bbbbaeb60911be63bdad20b92fa69d,ed37d81eaae6f96361a2eb0d6b000028,delivered,2018-02-14 17:48:01,2018-02-14 18:08:21,2018-02-15 22:21:32,2018-03-05 12:37:26,2018-03-13 00:00:00
f8a8132f707c621386a1cfe24cebac20,a486fe1608e39e80121a804c3ed8ca64,delivered,2018-03-27 21:06:47,2018-03-27 21:15:19,2018-03-28 17:13:02,2018-04-09 19:24:21,2018-05-07 00:00:00
331c75dfc5adf446e9a86283adf9462d,29f77d7d3d44736c2e62c2ae78c90c26,delivered,2017-05-24 10:40:31,2017-05-25 02:50:15,2017-05-31 09:39:00,2017-06-01 06:17:04,2017-06-06 00:00:00
cbe19a86b0486bc9bfe295be1a564ff9,12da3cc12c05934879a7ac7b9b31ca09,delivered,2017-11-27 11:16:59,2017-11-28 03:32:06,2017-12-01 21:42:26,2017-12-16 14:58:52,2017-12-26 00:00:00
fceb54e55602dfb675e2983e0aa35bf9,bac464f01bcd5392fac6594ee003f262,delivered,2018-03-31 16:10:25,2018-03-31 16:50:12,2018-04-12 17:42:13,2018-04-13 18:17:41,2018-04-27 00:00:00
8c4f09ed660488431555a3738650d897,6f63c8fb2fec92e5e4f3addb737d10b1,delivered,2018-05-11 10:04:25,2018-05-11 10:17:43,2018-05-11 13:56:00,2018-05-28 20:21:03,2018-06-14 00:00:00
e4dc8dc4e8f573a596b576458c01ce91,2f35662765ac3645bd3bfcc100a7eedc,delivered,2018-04-19 17:54:17,2018-04-20 07:31:47,2018-04-23 21:47:37,2018-04-25 22:58:26,2018-05-10 00:00:00
88b7d630e9e888823b36de97deaa6679,4e6e53b40a34fb9bb8c73b2fb77e2952,delivered,2018-03-22 07:38:32,2018-03-24 02:15:57,2018-03-28 16:06:24,2018-04-03 00:58:34,2018-04-13 00:00:00
a36018fd34ab00dbd34e54db5ec3dbd2,b85f2270139232cc85954282a4626dab,delivered,2017-07-10 01:13:24,2017-07-10 16:45:33,2017-07-20 20:37:29,2017-08-09 21:56:57,2017-08-22 00:00:00
2bae3d45d0a7c7c7e04856a698f495d7,0835945d66ff41f239176af759cae6ec,delivered,2017-11-13 16:11:19,2017-11-13 16:31:44,2017-11-21 20:05:56,2017-11-26 14:06:06,2017-12-01 00:00:00
be74baa40203cbc62e442c4887378cd8,ab5f573d973c8dae4ac038e1a7fb4fc0,delivered,2018-03-25 11:14:50,2018-03-25 11:30:33,2018-03-27 03:14:32,2018-03-29 15:42:57,2018-04-12 00:00:00
084eed5f31d7cd5291671a544852e5d4,48111b4f13158bb022862d3f307840bd,delivered,2017-09-28 18:59:53,2017-09-28 19:14:11,2017-10-04 18:53:12,2017-10-16 21:08:07,2017-10-27 00:00:00
61845fa79785f181ff99f39e39f40740,76bfea016507d7d9c85ebee70f9f257e,delivered,2017-10-22 22:09:03,2017-10-22 22:26:15,2017-10-25 13:03:49,2017-11-08 18:23:59,2017-11-13 00:00:00
c280d77c2800c733a67500696044791d,5da2571e0d3fafe88f347df7dad5d344,delivered,2018-01-19 17:41:22,2018-01-20 09:10:53,2018-01-22 19:20:05,2018-01-29 19:52:23,2018-02-16 00:00:00
7c70760bf2f07b0b31167c10f6f9095d,91e6102312e61bb955c6eb876c0972d1,delivered,2017-06-08 16:18:31,2017-06-08 22:32:03,2017-06-09 19:47:52,2017-06-19 15:08:55,2017-06-29 00:00:00
f11326b050c436253b8d93c1ce36f6f9,ffdd4677bd8a69327e992b213efddf61,delivered,2017-08-02 09:12:56,2017-08-02 09:25:09,2017-08-07 13:04:47,2017-08-11 22:04:49,2017-08-22 00:00:00
9af38cf8cc5906174070c0c591e630a5,078770bdd7ae21c5766a84d4cc70d135,delivered,2018-08-22 16:21:33,2018-08-22 16:30:20,2018-08-23 13:18:00,2018-08-27 17:12:04,2018-09-14 00:00:00
e956e93f8f14b5ef3b2528d00f4abafa,2eccd7d82da88a214a57a414ffa69a93,delivered,2017-12-09 13:23:29,2017-12-09 13:32:31,2017-12-11 16:49:11,2018-01-05 20:28:30,2018-01-08 00:00:00
0b895f68e42306770949736e0210d0cb,15bcef2f4475d08acbbe0daacdeb7f46,delivered,2018-06-07 15:06:07,2018-06-07 15:39:53,2018-06-08 14:26:00,2018-06-11 15:52:25,2018-06-25 00:00:00
b2287ec8635a3c45b2c14d7b10cb1a69,d01bdc3e956a399f85f4e275ab5ddf92,delivered,2018-08-08 21:21:15,2018-08-08 21:35:27,2018-08-09 15:26:00,2018-08-13 19:38:36,2018-08-17 00:00:00
decf73db7f53552bc92e1720be4f0995,63880f01e6552a098dc27ff21a302661,delivered,2018-05-22 17:55:30,2018-05-22 18:37:13,2018-05-23 13:01:00,2018-06-02 14:36:28,2018-06-08 00:00:00
c82ee47a0c061997cf82b995f702fa1e,43439ea445b4e95e19e7d6b93d384ae8,delivered,2018-01-15 22:55:06,2018-01-15 23:10:44,2018-01-16 19:51:14,2018-01-22 20:49:09,2018-02-05 00:00:00
b5f56117710e9df5dce93947115ad4c7,76b93945513e8287e71785d2c9c0f148,delivered,2017-11-15 17:32:32,2017-11-15 17:46:33,2017-11-17 14:51:33,2017-11-21 15:44:59,2017-11-29 00:00:00
3352b51dbcaf8074b24f0efab4772dde,aa9a203efa1c66ae5dce0e279ed362f5,delivered,2017-02-11 10:40:02,2017-02-11 10:50:16,2017-02-14 12:17:35,2017-02-22 15:51:55,2017-03-16 00:00:00
68986e4324f6a21481df4e6e89abcf01,86cc80fef09f7f39df4b0dbce48e81cb,delivered,2017-07-07 14:55:43,2017-07-07 15:10:17,2017-07-10 13:59:43,2017-07-27 20:52:15,2017-08-08 00:00:00
0b5bc52b360d662aac171cf7ae46f187,c12fcf45432897dd8cb4c7f5455ef05a,delivered,2018-08-07 20:31:03,2018-08-09 03:45:11,2018-08-09 13:32:00,2018-08-10 13:28:31,2018-08-14 00:00:00
93b5126582016c562322518b8b504033,18de26631ec88285a3c56624d001defe,delivered,2018-07-23 16:27:35,2018-07-23 17:25:06,2018-07-25 12:20:00,2018-07-30 22:44:35,2018-08-20 00:00:00
ef3b6bd27aca9b9f50e6ad8be5a2b8e5,77cf87bfd4a1599fd60dbef096717dfd,delivered,2017-07-02 19:19:18,2017-07-04 03:43:35,2017-07-04 14:45:28,2017-07-14 16:32:07,2017-07-27 00:00:00
5ddb878dd68b3eac6d0445eeba64d145,c4fca350aff240a61c0be1ec1d867d04,delivered,2017-06-15 17:30:46,2017-06-15 17:42:46,2017-06-19 12:56:04,2017-06-27 15:27:45,2017-07-10 00:00:00
93ba9cd515263a4aadac3d3822b5d83c,d27699950318f5683014e2d58dd75cc1,delivered,2018-04-09 09:02:59,2018-04-09 09:15:15,2018-04-16 22:28:53,2018-04-30 18:28:37,2018-05-04 00:00:00
414ff80d3a01febf4150fbec6d223205,177d820976192a77707c09bac83692a0,delivered,2017-02-22 21:04:11,2017-02-24 02:50:19,2017-03-01 05:51:41,2017-03-11 10:43:36,2017-03-27 00:00:00
1d4207bd950cb794e52660cc79cecf5b,d568e7c764fc3d5c0e80e8fc3da3249b,delivered,2017-08-10 13:16:08,2017-08-10 13:30:20,2017-08-11 14:29:59,2017-08-17 18:55:47,2017-08-30 00:00:00
1fbb9a66c87d535ea69ac81a00f9867c,49ec2c948fe1c1c0c8fd496ead6c115e,delivered,2018-03-05 11:13:55,2018-03-05 11:29:46,2018-03-07 20:19:18,2018-03-26 19:50:57,2018-04-16 00:00:00
25320e12b3d6e8f54f17389037588bba,090c8832aab02cc3a2a256a01b7c1068,delivered,2018-01-22 20:54:07,2018-01-22 21:14:18,2018-01-24 19:18:59,2018-02-06 17:35:32,2018-02-20 00:00:00
ea9f37dbd83c492fc3b37d6b9e6441ad,6c5a6b3047a0bd11c828dc61dd4b4ec1,delivered,2017-06-11 20:23:20,2017-06-11 20:35:29,2017-06-14 06:39:53,2017-06-19 13:46:02,2017-07-06 00:00:00
d578a6c1bb288c7f9a25b8cfbc3ab962,184cf2d63cab844e956321da06369a1b,delivered,2017-06-27 18:13:21,2017-06-27 18:23:34,2017-06-28 16:42:47,2017-07-17 22:35:04,2017-07-27 00:00:00
2ba8e97c85cad12aa29c88686dc08792,32c1efea2354fe9bc32216cd88c912cf,delivered,2017-09-28 11:24:03,2017-09-30 02:36:56,2017-10-02 18:36:02,2017-10-10 15:12:50,2017-11-01 00:00:00
53b81cfb99dfb40eff4f45391a39563f,6cc8bdc9228f5b9431c9801f8d2ad172,delivered,2017-04-26 10:13:13,2017-04-26 10:22:44,2017-04-26 12:56:56,2017-05-05 07:57:33,2017-05-29 00:00:00
4ce042e8a6468ee3e7090d9687228184,fe476fb992cfac604d990a6e8b50a434,delivered,2018-02-19 14:48:00,2018-02-21 06:05:38,2018-02-21 22:19:15,2018-02-26 23:15:34,2018-03-05 00:00:00
6d6491e68b2e416f68ec6e23e004d3a3,3008cf4a74a01457bd6c1a13dd303150,delivered,2017-10-22 02:45:19,2017-10-24 20:49:53,2017-10-27 19:29:02,2017-11-01 16:27:23,2017-11-10 00:00:00
f6a08a1ed99bb5b7aac1460a4eb56521,548d07166173505e504703bfcb26294d,delivered,2017-03-28 18:47:33,2017-03-29 02:10:33,2017-03-29 13:08:29,2017-04-03 17:23:51,2017-04-19 00:00:00
eec03c88b33036c654afd8c6dcefd225,a3dffc91b473ff82d9dcb1c27d70e0ff,delivered,2017-12-08 11:27:27,2017-12-10 11:19:33,2017-12-11 17:54:54,2017-12-13 21:03:36,2017-12-27 00:00:00
821502db9b7f3a72036b7459652b46d9,73235907daba098efbc010b07291488e,delivered,2017-11-20 14:01:50,2017-11-20 14:13:33,2017-11-21 21:03:33,2017-12-13 17:07:21,2017-12-19 00:00:00
0a7f4604ee9cab65020038275efe1d76,f1f47119f889031980d7fad6a0b0c62f,canceled,2018-07-08 18:44:18,2018-07-10 04:35:13,,,2018-07-27 00:00:00
e7841f8a7d91020befe0310b6e226857,0a1320235af1a4ef421c222c1ef4bdd9,delivered,2018-07-29 23:34:39,2018-07-29 23:45:15,2018-07-30 14:14:00,2018-07-31 18:08:49,2018-08-02 00:00:00
182e6edb8cb190cada2690d7c7d78e76,310fedb3d5552efafa15c7332a1719be,delivered,2017-07-24 19:32:55,2017-07-24 19:45:10,2017-07-28 19:22:30,2017-08-03 13:05:59,2017-08-15 00:00:00
eaa2ff40071cc82bc20cf856cc415c38,7d4525dbfd980437633dd5dea60b8cf3,delivered,2018-01-24 07:37:18,2018-01-24 07:51:44,2018-01-24 18:42:16,2018-02-02 23:06:34,2018-02-20 00:00:00
553e31affcb8c69f75f7fa6d7978be44,e15ca41d2ae4006d333882ec44b06660,delivered,2018-03-07 14:32:33,2018-03-07 15:35:38,2018-03-08 10:52:07,2018-03-16 21:36:43,2018-03-19 00:00:00
c67eb6f352d61cbfeec214480d5c6baf,46e7342ce409f2b5656f102f2ba9b9dc,delivered,2018-06-29 21:05:36,2018-06-29 21:15:09,2018-07-03 10:39:00,2018-07-10 22:56:51,2018-08-07 00:00:00
e52f58b44b46886bcfbaecf6e66ba026,36eb5f48bbe2a07929c8fb47fa5dc33d,delivered,2018-03-07 19:30:10,2018-03-09 02:31:08,2018-03-09 16:06:37,2018-04-03 21:40:57,2018-03-28 00:00:00
fd0d6e1fe406f607f6f66c3bda4de1d7,01d3b76b3d6604372075f8f2437b551f,delivered,2018-08-04 16:31:49,2018-08-04 16:45:18,2018-08-07 07:57:00,2018-08-09 22:56:46,2018-08-15 00:00:00
5c78dd4658f7e317f7e2b71fe2abf783,fa30e48dd16ed998b9de1fad90d22a73,delivered,2017-07-06 21:14:50,2017-07-06 21:25:18,2017-07-07 17:59:53,2017-07-17 15:35:52,2017-07-26 00:00:00
8394de68d323384a331279fd8a60462e,5522756dc22c40edde151bdcb02e64be,delivered,2018-03-05 19:09:25,2018-03-05 19:28:35,2018-03-07 17:56:46,2018-03-17 13:12:02,2018-03-15 00:00:00
5f9c72fbeefadbfcdd02d45c45fc3a73,8ff43deb04fdc5eb54b79b7c71d7d4bb,delivered,2017-12-04 18:12:12,2017-12-04 19:24:38,2017-12-07 17:13:08,2017-12-12 20:22:28,2018-01-02 00:00:00
2ee76a4a1d729880a350fcda807b492b,9f29d5f541fd53a2d1557e678130dc8a,delivered,2017-05-04 10:11:17,2017-05-05 06:50:08,2017-05-12 10:38:00,2017-05-18 11:28:07,2017-06-02 00:00:00
8890828f16facb8b8a9c48194daccb85,161bbf41f242e91075dcd075c9034992,delivered,2017-07-02 13:05:45,2017-07-02 13:15:12,2017-07-03 12:27:49,2017-07-07 17:28:29,2017-07-25 00:00:00
0735913c4b3a961b5988041799a7543e,4d69d33edb867a842ef0541c0b054a3c,delivered,2018-03-01 18:41:05,2018-03-01 18:50:26,2018-03-07 16:58:43,2018-03-08 18:18:59,2018-03-13 00:00:00
8a5752db160f5853a435772f9c862b14,1c313644539885b31f092e52cb156d88,delivered,2017-11-26 18:18:11,2017-11-26 18:32:38,2017-12-05 01:09:32,2018-01-11 20:37:31,2017-12-18 00:00:00
a6aca33fc83c5123ddd8a3e92d825d48,9ea4e3a29c656b354817641675db4448,delivered,2017-09-26 20:48:37,2017-09-26 21:04:50,2017-09-28 17:25:31,2017-09-29 12:21:55,2017-10-13 00:00:00
cbafeca884490b05adc8ed5ab300bb44,39832b7591488af7a514a950832038be,delivered,2017-11-12 20:13:18,2017-11-12 20:26:34,2017-11-14 16:39:23,2017-11-22 12:21:23,2017-12-06 00:00:00
98877a509c8d712beb65e2713e61832b,0d46b5f4d5aad845679221aa951bde39,delivered,2017-10-01 13:16:54,2017-10-01 13:28:15,2017-10-02 22:32:59,2017-10-19 02:22:31,2017-10-27 00:00:00
b8e2c9918602196805600ab3b68b1cdb,dd98149e38b6d4596c5e4052d0c1a786,delivered,2017-02-14 12:44:12,2017-02-15 06:45:18,2017-02-21 14:52:18,2017-02-24 09:13:06,2017-03-13 00:00:00
6003757adfc0188f4685e56a3b0084a5,de5681fd7e98e07891a6cbc4c623113b,shipped,2017-08-26 19:26:46,2017-08-26 20:00:16,2017-08-29 15:28:01,,2017-09-15 00:00:00
c96de30b1cc4ffc6c98494bdaf25d460,ae7abf694bd69600898325b29921ff3e,delivered,2018-03-28 17:53:33,2018-03-30 03:27:03,2018-04-03 02:04:11,2018-04-03 19:58:47,2018-04-10 00:00:00
ac2a626df847783c310f77108af182ea,d8276321745dbeb7bd88721af2a181f3,delivered,2017-12-19 11:39:15,2017-12-21 02:11:02,2017-12-21 16:49:31,2017-12-28 21:42:41,2018-01-08 00:00:00
4a9e7a4311dfd6488a1501266a1cdf9f,577e972ceb4a6f3b510610c00bd12dab,delivered,2018-07-23 19:42:46,2018-07-24 10:32:04,2018-07-30 12:24:00,2018-08-01 21:11:59,2018-08-07 00:00:00
a5b17618d38c5f58f124097a79a2a230,02044ee0862ebaf88a067ba1f74342f7,delivered,2018-02-01 18:42:32,2018-02-02 19:31:12,2018-02-06 16:18:30,2018-03-08 21:06:27,2018-03-02 00:00:00
906f4bc65b707953aee3d6462aa07e8d,cdfa43e0652c0516c3bb32a90726f999,delivered,2018-06-03 12:54:39,2018-06-03 13:10:50,2018-06-04 18:11:00,2018-06-09 16:54:44,2018-07-05 00:00:00
744c590b667776f5108a23623d7e5b91,f2936096a24de46b3f775df929c3b91b,delivered,2017-07-18 16:17:09,2017-07-18 16:30:09,2017-07-19 17:41:28,2017-07-21 20:13:08,2017-08-07 00:00:00
01e4121d4b2dcfb2ba6b8f367652aee8,da76db45bad3e7725c88825007a1f3b0,delivered,2017-10-30 10:41:13,2017-10-30 11:09:50,2017-10-31 21:49:58,2017-11-03 14:23:00,2017-11-17 00:00:00
a67d6881ec08b5e0258c05357bce8516,54466d649359619778a5951360cc4e23,delivered,2018-07-06 15:48:07,2018-07-06 15:55:11,2018-07-10 14:53:00,2018-07-13 15:56:30,2018-07-20 00:00:00
44e4e6de79505211800da6a7b4489511,b4ec511dd283ea2371a1bc337d1c62b2,delivered,2017-07-21 01:37:07,2017-07-22 02:23:25,2017-07-28 16:09:39,2017-08-09 20:36:48,2017-08-30 00:00:00
31be75ffd0c4b58ca777e72cd2352b14,fe1ae0bf088bc446aa79c7f3c11d9fe2,delivered,2018-02-10 15:29:22,2018-02-15 04:08:00,2018-02-17 00:07:32,2018-03-07 17:56:48,2018-03-09 00:00:00
4b3b5a1764a6d2a253ea4f815e3a1521,9e8f467e3f46fce1d46d5fde05706628,delivered,2018-01-15 10:28:06,2018-01-15 10:53:58,2018-01-16 14:11:59,2018-01-29 22:36:48,2018-02-08 00:00:00
770df021424ca2a0552fb73c4583e2da,67a2c81044afd5b588ea23b1617f9a3a,delivered,2018-02-01 15:22:08,2018-02-02 02:54:27,2018-02-03 01:12:58,2018-02-06 20:54:35,2018-02-19 00:00:00
c4b2f28161989ed10bc95e7c3a7d1dd4,a9727a78484e301ee998def84cb53d7b,delivered,2018-04-06 02:13:33,2018-04-06 02:28:33,2018-04-17 16:46:40,2018-04-23 14:52:37,2018-05-04 00:00:00
fb1ddf834a88bd14684fbc3242c4a46c,30c8445ed3d74b38901bdc6dd9d90e9e,delivered,2018-05-16 16:58:47,2018-05-17 08:36:33,2018-05-17 12:34:00,2018-05-21 19:50:58,2018-06-26 00:00:00
cea3e6c11eb60acb9d8d4d51694832f8,cbb68c721ba9ddb30d8a490cc1897fa1,delivered,2018-06-03 10:12:57,2018-06-03 10:50:00,2018-06-04 14:18:00,2018-06-19 16:04:46,2018-07-11 00:00:00
3d2a8a0c9b558d8f3cb7a7cfc23d6874,526542b3a44f1395af237c96b4a6fc57,delivered,2018-01-23 23:20:14,2018-01-23 23:34:01,2018-01-25 15:13:22,2018-02-08 16:37:49,2018-02-20 00:00:00
500ec09d88a6867f4a2eb557319cfe46,cd69b09b4e88e12801fef674ab5258aa,delivered,2017-11-27 00:19:36,2017-11-27 00:32:44,2017-11-28 17:57:08,2017-12-14 18:28:50,2017-12-20 00:00:00
c656e67f70a1830a6cb94ab5d5f2c6fc,8f4f0a9e03d6e7776e007dd9524b8484,delivered,2018-03-24 14:18:45,2018-03-24 14:30:41,2018-03-27 16:46:54,2018-03-29 19:44:23,2018-04-12 00:00:00
1be1c706ca05fafa2f99d335601e9293,76c2a2658636bd07038a9da6df0e9e55,delivered,2017-07-12 12:57:09,2017-07-13 03:04:19,2017-07-15 11:23:51,2017-07-24 21:55:44,2017-08-07 00:00:00
f3cdcfb1e284df216c693101dfd1f864,1e3252b73d8c7d66a3e003069691c85e,delivered,2017-09-08 21:44:23,2017-09-08 21:55:25,2017-09-13 22:05:33,2017-09-25 22:28:49,2017-09-29 00:00:00
deb56ff7a4c8b6ca2a4499ad9acc3b5a,5275453cb630f7ca9533c4dda2f2930f,delivered,2017-10-31 11:14:04,2017-10-31 11:30:24,2017-11-01 22:52:28,2017-11-03 15:36:04,2017-11-09 00:00:00
b8a1d54523e7ddb0d218b888817a4d51,78993c71213f4dfaaecdeccd7ac590fb,delivered,2017-10-18 06:31:22,2017-10-19 07:34:17,2017-10-20 20:53:49,2017-10-23 16:42:01,2017-11-16 00:00:00
ead4584d779958e7605fe628d3f253f0,144b53cd31f35cd3d90944d275d93141,delivered,2018-06-21 09:08:19,2018-06-21 20:17:32,2018-06-26 15:16:00,2018-07-11 13:56:43,2018-07-26 00:00:00
6ff688a972f3aed0188ccd2e29734c9a,cb0ff3021c7b4f63e2e80cb116569537,delivered,2018-03-26 15:50:00,2018-03-26 16:08:22,2018-03-27 17:31:41,2018-04-02 21:33:21,2018-04-17 00:00:00
0b5a860df8a893e7020960b28cd67196,c08966d4afbdb8bea76adb8fbf221ceb,delivered,2018-08-23 00:09:30,2018-08-23 00:24:30,2018-08-23 11:28:00,2018-08-24 11:51:28,2018-08-28 00:00:00
adc82913f73b2513bb3e1d039abac600,3c1fb2f6884f14e993ff5ab479ccf09f,delivered,2018-02-14 23:50:40,2018-02-15 00:09:04,2018-02-16 01:07:45,2018-03-05 16:19:45,2018-03-08 00:00:00
fbe61ad65fab58d509a6785653636a57,e640eb5ba79e2f38f8cf36c6efac0edf,delivered,2017-06-30 13:47:22,2017-06-30 13:55:11,2017-07-04 09:22:39,2017-07-14 15:49:58,2017-08-01 00:00:00
89fb058ec5cfd33c380d5ffae8fe09e4,cc1e197f40a5099962784cccc70bc175,delivered,2017-02-24 13:16:03,2017-02-24 13:30:15,2017-03-01 13:37:56,2017-03-07 16:24:00,2017-03-23 00:00:00
544df729b9f6aab28aac429b38ed7b0b,dbfe964127abbea0522a3f5e10f3781f,delivered,2017-11-03 07:59:12,2017-11-03 08:10:23,2017-11-03 20:09:34,2017-11-07 22:22:42,2017-11-23 00:00:00
54758cd5925a7a0a6cff2145318c6059,aec8ff69fa54b03e8761ecc2fc009d83,delivered,2018-07-20 10:37:20,2018-07-21 11:55:15,2018-07-23 07:54:00,2018-07-24 20:06:40,2018-07-30 00:00:00
18479ed06f428cd8d50702b4decdae1b,94f698c42c1afe3bf28ce904cd18e1cc,delivered,2018-08-08 20:08:18,2018-08-09 03:50:17,2018-08-14 14:10:00,2018-08-20 21:48:49,2018-09-10 00:00:00
4cb28a578a5c7fb238a322631f125883,13aa1156568232cd6cbe66e3601e20c2,delivered,2017-05-05 20:39:37,2017-05-05 20:50:17,2017-05-20 10:36:08,2017-06-01 14:53:46,2017-06-19 00:00:00
3dfe0eb577ab516162663692576b50f7,0070e3e36dad141bed98c6dd5b3d1216,delivered,2018-06-18 09:58:08,2018-06-18 10:20:16,2018-06-18 14:09:00,2018-06-27 17:04:39,2018-07-19 00:00:00
b96c09813df649f724999478074019ff,25393946a2c0938581a0f493d3c96993,delivered,2018-01-16 20:28:07,2018-01-16 20:38:24,2018-01-17 22:08:37,2018-02-05 17:29:18,2018-02-19 00:00:00
d42df8c4038c10f915f4b699279980c6,d09eaa84b85dea3f0c7a4dc8daba5d78,delivered,2018-01-05 15:08:17,2018-01-08 18:37:25,2018-01-09 18:23:59,2018-01-22 20:25:35,2018-01-31 00:00:00
765917871914309e5c5f9ed151155ad4,704e2db282206eaf28d686a1482fb224,canceled,2018-02-26 11:04:23,2018-02-26 11:40:26,,,2018-03-12 00:00:00
b6ad79d84c91bb9d11720468017c168e,62455b0f833019feeadf0fdfc3fbfc84,delivered,2018-07-03 22:20:41,2018-07-05 16:34:58,2018-07-10 13:12:00,2018-07-13 18:26:22,2018-08-01 00:00:00
fe35e99a6a5d4d036bf8167d364e0792,a5bd160705f76c0aded4f96d0723b720,delivered,2018-08-09 10:43:05,2018-08-09 15:25:26,2018-08-10 19:12:00,2018-08-13 14:27:27,2018-09-11 00:00:00
0c9ac816534df0e690f513c30e944475,0d874ad5018bc2c80f0c916203e328be,delivered,2018-04-01 20:06:55,2018-04-01 20:15:27,2018-04-03 11:58:51,2018-04-13 16:11:53,2018-04-23 00:00:00
e5eaba9778b55a55a199e9bb89d57fff,e281adb74e1dbf9dc23670880c9576bf,delivered,2017-06-28 21:13:32,2017-06-28 21:25:08,2017-06-29 10:55:52,2017-07-14 13:36:30,2017-07-21 00:00:00
c2f32abcd402889b6cb0bcb5847340af,7eb5037ceb9433e68a7ce301b64f1f5e,delivered,2017-12-18 09:52:40,2017-12-19 09:59:40,2017-12-19 21:59:29,2018-01-03 21:16:58,2018-01-18 00:00:00
582cf4da048ab21901845f7aa0a92dfa,8295c2fde2ce7a4645a198b90dfe0026,delivered,2017-07-07 14:43:06,2017-07-08 03:23:28,2017-07-10 14:52:25,2017-07-17 20:33:42,2017-08-04 00:00:00
ab1565bce2736095e4b347db4cfc071f,381236979aa43bd28a692c065917393d,delivered,2018-08-19 17:16:52,2018-08-20 12:35:14,2018-08-23 14:35:00,2018-08-24 16:49:51,2018-08-29 00:00:00
d10d28ad0c77f6e4e64642c7069a9f80,dc95f1b41d0c71eed40f17fe37ad336a,delivered,2018-04-15 21:31:08,2018-04-15 21:50:02,2018-04-16 17:12:31,2018-04-21 02:26:35,2018-05-15 00:00:00
fa5e15141bbda711d3cf04222db75d2b,831a42ccaf9ddf33998eac4e2391f675,shipped,2018-02-22 14:50:39,2018-02-22 15:27:33,2018-02-26 15:39:00,,2018-03-14 00:00:00
cd7293cd82a7c818940f97bef67c4d62,5ec7c1a2756cc2e97c9635b15773511c,delivered,2017-08-10 18:56:44,2017-08-12 02:45:12,2017-08-14 19:04:12,2017-08-16 15:50:09,2017-08-25 00:00:00
067f9d27ecdd6f2af735e17be1b064ea,97a2a07a99382bbf7e4242fb9282c7c3,delivered,2018-02-25 14:11:00,2018-02-25 14:28:07,2018-02-27 19:10:23,2018-03-08 10:33:31,2018-03-19 00:00:00
a13dad9bac2076b14880117ef9c12002,3695710584daf1fc82ae88317e1649e8,delivered,2018-01-27 19:42:48,2018-01-27 19:58:25,2018-01-29 22:03:16,2018-02-06 23:58:42,2018-02-20 00:00:00
c1537716d87dfc2db77ca47339953af0,c6669ca16f1419eb3586c67a9cfc2948,delivered,2018-03-06 10:16:29,2018-03-06 10:29:56,2018-03-07 20:34:58,2018-03-14 20:56:31,2018-04-02 00:00:00
8a22f6bd4ea83c9fcdbf0235d55ea061,02f2ea36613d01ae6561f97fd88d632a,delivered,2017-09-25 15:09:03,2017-09-25 15:24:53,2017-09-27 21:05:08,2017-10-06 17:22:11,2017-10-18 00:00:00
0ecc4db762e9de55ecdc2f22e468cfe9,5e1ecc3b5555b47d25e18d3344669ca9,delivered,2018-07-03 15:49:46,2018-07-05 16:08:11,2018-07-04 15:15:00,2018-07-13 17:21:44,2018-07-26 00:00:00
08ac0336730e831f16eeadf576564ff3,ede24a3cfbf8a9ae0f78446e9fd877fa,delivered,2018-07-31 11:36:54,2018-07-31 12:31:26,2018-08-01 09:32:00,2018-08-03 18:58:53,2018-08-22 00:00:00
fc4751be4b35a7060fa53d194f767583,74da765347974a0b0226c2935d98de57,delivered,2018-02-08 16:14:26,2018-02-10 03:31:20,2018-02-14 15:43:43,2018-02-21 18:52:39,2018-03-07 00:00:00
b54067c1de5c179e70ddaed8223bbf5f,e6b233097521bf30700128ee0c424a5f,delivered,2018-03-23 16:00:33,2018-03-23 16:15:25,2018-04-09 23:07:33,2018-04-12 16:59:47,2018-04-12 00:00:00
8c006b6688741e47144a6f79f96e225d,39a7c80a979c7dd2a212d30f216d9a87,delivered,2017-03-20 10:40:52,2017-03-20 10:40:52,2017-03-21 09:36:45,2017-03-24 17:47:40,2017-04-18 00:00:00
c046afaf1c43c061d5347d5ac3c6ff5e,20ef4d959f4aa0a75828646ea2dce34c,delivered,2017-07-28 12:08:31,2017-07-28 12:23:13,2017-08-01 19:28:56,2017-08-09 17:07:03,2017-08-21 00:00:00
65015387b5d5888e9b5a412340634d26,8e1e88700707d3a229e5e039d1d02e3f,delivered,2018-05-15 08:48:09,2018-05-16 03:33:55,2018-05-16 14:41:00,2018-06-06 00:21:25,2018-06-07 00:00:00
5e5235e11bea2c86b1255beb1b7e247a,65be8a984e4ddd88a63a984b4430de9b,delivered,2017-06-14 08:57:30,2017-06-14 09:10:16,2017-06-14 14:58:07,2017-07-14 18:56:33,2017-07-07 00:00:00
cbe8a22b7de5b1b59e05b5011a1e53ef,07ca5adceac194a2c5b63b87ff283671,delivered,2017-11-24 23:07:57,2017-11-25 02:13:26,2017-11-29 04:58:40,2017-11-30 15:33:38,2017-12-08 00:00:00
991a833f96a0e2a37ff3edab5969e44d,30b766b012c5c55e2fba3726dc9d55bd,delivered,2018-04-28 20:33:42,2018-04-28 20:53:23,2018-04-30 15:29:00,2018-05-07 15:32:51,2018-05-28 00:00:00
5f37829b2dad2c8bb86da21bf31310fa,24d29da7c6c69ea811c27952858e396c,delivered,2017-05-10 16:38:49,2017-05-10 16:50:10,2017-05-11 16:14:52,2017-05-24 15:30:05,2017-06-08 00:00:00
977f92d98cab7bb13fedbec436375f8d,1ae6cb85d1f8d6c71e80ec5ddd725e8d,delivered,2018-06-20 08:46:31,2018-06-20 09:20:20,2018-06-22 13:24:00,2018-06-27 17:38:44,2018-07-23 00:00:00
16b314cf8f0bd14e3675d33324bba17f,64b53c7458ab57816bc16da6aa6ab1d8,delivered,2017-08-08 12:41:35,2017-08-08 12:55:13,2017-08-09 14:47:55,2017-08-10 17:17:00,2017-08-21 00:00:00
602a793bc5e2389ea3184fef278d8b0f,0d36ee8d591aef32f7955493243b4a41,delivered,2018-06-27 19:50:35,2018-06-27 20:11:53,2018-06-28 14:02:00,2018-07-03 18:05:08,2018-08-01 00:00:00
d122b5bb390c5b47ead6b42fb5c2f206,04394d717e396ea334ba0a969fb3ac9b,delivered,2017-09-18 01:35:19,2017-09-19 03:45:08,2017-09-19 15:03:22,2017-09-26 16:43:51,2017-10-09 00:00:00
7161510ad30cb748bbb32851c67da87c,f8e06718c2a9e45fca3b51f2aa143d2d,delivered,2018-02-08 21:38:05,2018-02-08 21:50:32,2018-02-09 22:41:34,2018-02-14 13:39:56,2018-02-22 00:00:00
e36014582000662d5209cd6603e5e336,10b07f3b8104c61d0fedf978f73b97be,delivered,2018-04-19 11:09:39,2018-04-20 07:15:19,2018-04-20 23:03:56,2018-05-10 23:03:04,2018-05-22 00:00:00
07b8c9805a09c2feacc0864c00ec244e,7caf08a38e40462c6a40a6d9bfb27e59,delivered,2017-09-04 15:27:05,2017-09-05 07:05:15,2017-09-08 12:40:16,2017-09-14 19:11:47,2017-09-21 00:00:00
10dbf624025382febb06e31b68ddd3c2,7e91905decf05215f0a72ac30265facd,delivered,2018-03-20 18:28:22,2018-03-20 18:48:16,2018-03-21 20:47:28,2018-03-26 18:33:29,2018-04-11 00:00:00
8f090a4ecbd4bb8c286d0a1f88a6a55b,d869814a54cc36cbe4f2da8bb29a421f,delivered,2017-09-10 02:28:38,2017-09-10 02:43:25,2017-09-13 12:52:16,2017-09-14 15:51:54,2017-09-22 00:00:00
cef338e968dd35054b01bf8811b30779,cb36a7553568aa6c78dd0e6d4d4b201d,delivered,2018-05-13 22:20:16,2018-05-13 22:32:29,2018-05-14 13:36:00,2018-05-15 16:29:06,2018-05-22 00:00:00
7f1026fb759eed811a6527513976db24,10855794718e285d72c17edbfc0e38e6,delivered,2017-11-26 19:10:22,2017-11-26 19:33:41,2017-11-28 20:02:25,2017-12-09 16:46:58,2017-12-15 00:00:00
54f8cc54ce619e267135641ade8c363e,b3c62a5df61ab4d3fb52abba2db12081,delivered,2018-07-16 04:02:53,2018-07-17 07:31:35,2018-07-19 13:26:00,2018-07-25 17:52:04,2018-08-08 00:00:00
ceb30531e11e250d849ef8e10eab9b81,4b071c9e72ea1e8f90ea98c67acd1f35,delivered,2017-11-26 00:08:15,2017-11-26 00:22:53,2017-11-28 03:10:14,2017-12-04 22:42:21,2017-12-21 00:00:00
251d586514cbf0cace61e03c54a7bf1c,c66930207366cd639a04c2fdfbfb310e,delivered,2017-06-03 11:20:10,2017-06-03 11:30:11,2017-06-05 15:21:13,2017-06-14 16:36:04,2017-06-21 00:00:00
931a37c2cf1baf72a4fdca303da80254,90645c0b77e04de1a742ad58c5bb10cf,delivered,2018-01-15 08:16:19,2018-01-15 08:29:49,2018-01-15 17:08:59,2018-01-22 21:46:35,2018-02-14 00:00:00
124c8d5fee5f49a8d7a8535b5bea6e69,4b353a0617c3d6d44a3b134843fb6414,delivered,2017-09-29 09:48:20,2017-09-30 02:14:29,2017-10-02 16:06:02,2017-10-03 20:48:05,2017-10-17 00:00:00
2365a103706753a90b96a806e02061bf,0d3366a481bf8be969c8153f8d97b7ca,delivered,2018-08-10 21:23:11,2018-08-10 21:35:18,2018-08-14 15:12:00,2018-08-20 14:32:18,2018-08-23 00:00:00
b8f3f5cc5ad4103e17b5d0bd4266d69d,39b95a2690bce9433140be3c4cdcce38,delivered,2017-05-06 17:25:10,2017-05-06 17:42:09,2017-05-10 03:27:55,2017-05-27 07:07:59,2017-05-31 00:00:00
e68ff101d8dda789b0846f5a65ae55b7,8bd0dae2017d7d539fca3d7455e79aad,delivered,2018-03-29 00:37:04,2018-03-29 00:50:19,2018-03-29 23:46:39,2018-04-23 21:59:34,2018-04-18 00:00:00
319d08221500b0aec75b91e63101329d,631c90faa88b1f2e61a640df5ccf5ab5,delivered,2017-09-26 23:50:03,2017-09-27 00:04:45,2017-09-27 21:30:05,2017-10-09 13:02:51,2017-10-26 00:00:00
116d9a3f0291e98b5dc5a0e568124662,6c45ba2a0257b104b407475efac538a6,delivered,2017-03-21 19:05:59,2017-03-21 19:05:59,2017-03-23 08:42:40,2017-04-06 14:33:32,2017-04-17 00:00:00
7ab31af36d3bbf466b048fe0e1dd0dde,98429ab5c5f97e1d0d1651b16780769e,delivered,2018-03-06 04:20:34,2018-03-06 04:30:21,2018-03-12 17:46:32,2018-03-16 20:05:55,2018-03-22 00:00:00
e0f06a57d717562c49f91cd309be4598,52d594f502a5c3328e8ab6815bccee72,delivered,2018-01-27 18:04:23,2018-01-27 18:15:28,2018-01-30 20:51:51,2018-02-14 19:45:12,2018-02-22 00:00:00
7e34d6fcce4e3e6e5f06ad143cb3585e,efa9c1017b6b7dc094571e2678e972d6,delivered,2017-08-13 15:15:27,2017-08-13 15:25:31,2017-08-14 18:22:51,2017-08-15 16:36:07,2017-08-25 00:00:00
7cdaa17ad10c7724ac707e1a2fd3a3ae,df27b2625974afb5aea8a397df992f86,delivered,2018-03-21 13:45:45,2018-03-21 14:11:50,2018-03-21 23:07:39,2018-03-22 14:58:59,2018-04-04 00:00:00
1c62813b18c96c96cbfaefe7588521e2,dbb01c4154aa3ad7beb016b790d23ac6,delivered,2018-04-22 14:50:46,2018-04-25 03:51:35,2018-04-25 15:07:00,2018-05-02 21:14:49,2018-05-16 00:00:00
fcd8e0bfd20989bd07e3cabb10f2349e,36cf561d6c23f010a6944f0908ee6bdc,delivered,2017-07-07 16:34:43,2017-07-07 16:45:12,2017-07-10 19:51:40,2017-07-19 19:02:37,2017-08-07 00:00:00
c157dbddbf8cf9a086acf9ef8eb8cf92,cf0b03b5cceb5984281a0f1a4cc62bf9,delivered,2017-10-03 12:13:15,2017-10-03 12:28:19,2017-10-05 20:59:53,2017-10-16 23:19:55,2017-11-01 00:00:00
f5bff2d50e9c66554445c80db26b80bc,b31a89fb4471b56f823dba2960e70409,delivered,2018-04-11 12:53:37,2018-04-11 13:10:10,2018-04-12 03:02:54,2018-04-18 18:04:28,2018-05-04 00:00:00
9d64f8c659b3ac3490cbe4dbdbf522b0,eaf959aee30275c60e996b0555197b4a,delivered,2017-07-10 15:45:12,2017-07-10 15:55:22,2017-07-11 21:51:37,2017-07-18 19:47:59,2017-08-02 00:00:00
b1c51fb49ee0d5934e33c77c603e6652,80b39f9a692035c0d939375242786129,delivered,2018-07-24 09:24:22,2018-07-25 15:55:12,2018-07-26 15:31:00,2018-08-06 21:58:42,2018-08-17 00:00:00
00b402e8a76d3da83714c52d3977cc2d,ffca23943c4b620ea24812018373fa3f,delivered,2018-01-01 18:03:43,2018-01-01 18:11:33,2018-01-03 19:52:24,2018-01-19 12:08:06,2018-01-31 00:00:00
3553afcee0e882963fee338dca8daf7c,29e396638f562046eb9b8f96b88fe73c,delivered,2018-03-20 14:15:56,2018-03-20 14:55:49,2018-03-24 01:05:16,2018-03-27 20:04:07,2018-04-27 00:00:00
7c20de54af91549df98fd6926d781144,69da8f7e3838afac5a01e031267b1e77,delivered,2018-07-17 17:26:41,2018-07-17 17:35:28,2018-07-20 14:25:00,2018-07-24 18:57:32,2018-08-02 00:00:00
683481ae11f5f4ccfd9263a3bd7f25d4,38e26bdd2add60a638859e52ea718cf2,delivered,2018-06-21 11:12:14,2018-06-22 15:20:36,2018-06-25 15:57:00,2018-06-28 17:11:45,2018-07-19 00:00:00
d985f28d9d0fc8b82d89fe5fc272fc64,42b60323285c89fc7c84d6cc24f515be,delivered,2018-01-31 06:57:36,2018-01-31 14:04:57,2018-02-05 22:35:52,2018-02-22 17:59:00,2018-02-26 00:00:00
ef8c0e8009daa5ba8b92359799980139,6fdf1309d22d779b57f60c34222d724c,delivered,2017-02-07 14:36:30,2017-02-09 02:50:22,2017-02-14 10:27:59,2017-02-20 11:44:13,2017-03-16 00:00:00
0baaa859b7ff0b4d1f674a1d5c3049f3,397923ee893a17a79703c3d8cff22911,delivered,2018-05-31 21:25:00,2018-05-31 21:52:34,2018-06-01 12:50:00,2018-06-11 13:21:40,2018-07-13 00:00:00
9f5630ff3b1445ec3e06b2cbe5c47258,d500c6adddbf36b09f269947a7b32a4d,delivered,2017-07-20 11:52:47,2017-07-20 12:05:50,2017-07-21 16:51:51,2017-08-01 19:48:58,2017-08-15 00:00:00
4b90a2d18610d0b0ebb42c4abda69034,fb963759c7caf6842f075df5c837513f,delivered,2018-01-26 19:59:24,2018-01-26 20:13:32,2018-02-01 21:46:07,2018-02-08 23:51:28,2018-03-08 00:00:00
c921d0b03ebcae62b75e66a01a5bb120,6f73dc82e89ddde64e4090c29ebb358a,delivered,2017-11-24 08:59:13,2017-11-24 09:52:32,2017-11-25 13:02:42,2017-12-06 13:09:18,2017-12-19 00:00:00
3c3df3dd2afaabb39a53131f9ce98116,e943fd415548e057fd54798f8c6b49fb,unavailable,2018-01-25 14:52:00,2018-01-25 15:09:44,,,2018-02-19 00:00:00
f0c5bf0424d3e7459403f791bf76f03d,01a14c29b06fa1ecdcfdc1b0afae799c,delivered,2017-04-16 15:43:02,2017-04-16 15:55:19,2017-04-17 09:50:40,2017-04-26 14:24:44,2017-05-18 00:00:00
4bb8dec0d926428f71818fb88451c2e6,09bc7297c4f07c5be96e0c5708c0deaa,delivered,2018-04-09 12:58:56,2018-04-10 12:55:37,2018-04-11 17:03:29,2018-04-26 22:03:30,2018-05-09 00:00:00
ed364df193e70bcc74c4ff890ab2ec00,1eb164a16341e7ad1079d1679d22c3d5,delivered,2018-05-04 00:21:19,2018-05-05 03:35:21,2018-05-07 11:42:00,2018-05-15 22:38:38,2018-06-13 00:00:00
a24fa323cfbec085a10c18369c980b1e,7fd3a4989d98e2d60a403f6ae5f6e2ac,delivered,2017-02-07 22:29:03,2017-02-07 22:42:32,2017-02-10 10:25:19,2017-02-16 16:24:47,2017-04-20 00:00:00
753841f6cd9bed8cbb16bae45c571e8e,add346aec807a8a77bde008a6a3dea91,delivered,2018-07-04 20:17:49,2018-07-05 16:09:37,2018-07-06 08:01:00,2018-07-10 18:32:56,2018-07-27 00:00:00
2619850f884f4f5e11109077d8b97f04,5c81b75f963bd38599eff16b0952ee94,delivered,2018-05-17 09:00:38,2018-05-18 05:34:24,2018-05-18 14:59:00,2018-05-21 16:58:54,2018-05-28 00:00:00
c8e2288c4eab2cbafdf32fbde78f5a0e,11e500c429a892d22600aba18784ba1e,delivered,2018-07-16 16:35:30,2018-07-16 16:50:17,2018-07-17 12:35:00,2018-07-23 15:51:36,2018-07-31 00:00:00
92307d93688d9465005c2cf0b6aa7480,a6041a9fbc2ec5b2dee5219b469893ba,delivered,2017-05-22 21:45:15,2017-05-22 21:55:13,2017-05-23 16:41:24,2017-06-19 21:55:57,2017-06-22 00:00:00
3a8b1e565c498e2688ae1e60745544d8,629bbdb95c29abfed36d1dd1b8715685,delivered,2018-02-09 15:10:36,2018-02-09 15:29:27,2018-02-16 21:25:52,2018-02-22 17:39:09,2018-03-06 00:00:00
9609b17631c31335c7ee54d0b9dc5716,b2578c3be2bac4a569fb6b0792f8683e,delivered,2018-07-13 11:11:57,2018-07-13 11:25:09,2018-07-24 13:30:00,2018-07-26 20:52:39,2018-08-01 00:00:00
861135e965db93780ab935ee79c6a68a,b496948020f25e717805832d6226bad5,delivered,2018-08-05 23:44:06,2018-08-07 04:30:20,2018-08-15 05:41:00,2018-08-16 18:12:22,2018-08-14 00:00:00
bffbaadd10618f8f654b42bf0a7dd15f,dbf8d753cd1444423d78566e4148b363,delivered,2017-11-29 22:25:31,2017-12-01 22:18:27,2017-12-05 17:33:58,2017-12-13 22:07:37,2017-12-26 00:00:00
6529965e47097fe5bb0be908e7c43e9a,fdb42e759b6b954dd8a7e02b1df517f4,delivered,2018-05-30 22:08:37,2018-05-30 22:30:31,2018-06-01 13:43:00,2018-06-06 17:32:55,2018-07-03 00:00:00
1d21d12aea4b6b1a7debf1e5e5604734,0120ff9de7b5aba7cd8676c093f189de,delivered,2018-01-25 15:50:30,2018-01-25 16:18:13,2018-01-26 18:12:45,2018-02-08 19:22:53,2018-03-05 00:00:00
6c12026576c43985a49fc784c5e62b6b,3d73d619dcffc982e62330b93f0531dd,delivered,2017-11-07 21:05:18,2017-11-09 05:31:37,2017-11-13 15:42:05,2017-11-14 18:27:46,2017-11-22 00:00:00
966dc9fffe616512b8c5ec00294c21a7,0a067beb29d6e296865cd7810d98835f,delivered,2017-03-13 13:15:10,2017-03-13 13:15:10,2017-03-14 08:11:52,2017-03-20 17:28:01,2017-04-03 00:00:00
4ccd8da82485c892ae90284af589153a,bc13567372ad405e1fa1c93da7eb9079,delivered,2017-01-25 12:18:11,2017-01-25 12:30:23,2017-01-27 11:27:44,2017-02-06 14:44:28,2017-02-28 00:00:00
ace0c35b85db51d5c8dd029487bb9f34,cd68b3fa4e48736451e77e7f9c6bd069,delivered,2018-01-25 11:19:00,2018-01-25 11:37:50,2018-01-26 18:58:08,2018-01-29 22:24:07,2018-02-09 00:00:00
8d93dbb3a2a6122ad6f94cf0d35d0616,9cec617fc8c3c3bce39b8133c29efad9,delivered,2018-01-18 19:30:05,2018-01-20 09:09:11,2018-01-23 17:18:48,2018-02-04 19:12:33,2018-02-20 00:00:00
ed4116f3f55e67e9a26b9f1891ba2497,125cc79e58f69c02004d42cb9d549f4f,delivered,2018-08-09 13:21:48,2018-08-20 15:55:42,2018-08-17 13:29:00,2018-08-31 00:14:30,2018-08-29 00:00:00
11b60b3ca3c2cc7ad8e5e6d609ab41e0,68c5ef859a2e3d13dc6303cacca41987,delivered,2017-08-28 17:43:16,2017-08-28 17:55:19,2017-08-29 20:22:07,2017-08-30 20:40:12,2017-09-11 00:00:00
ce8d55aa1c206156fde37e062c716ea2,306e7f5a781430174600acfec52a1843,delivered,2018-03-09 19:19:24,2018-03-09 21:10:31,2018-03-12 18:32:18,2018-03-14 20:56:53,2018-04-13 00:00:00
0a54256bfd2401d553f81d8e37e5305d,11af45ad3e989cec1c7b9c677d8ec713,delivered,2018-08-14 20:37:26,2018-08-14 20:50:23,2018-08-16 12:37:00,2018-08-27 18:12:39,2018-09-14 00:00:00
c59712a9767189f0a1e5258b5c3447b0,1613194aae75f127dd52a37566c138ca,delivered,2018-08-28 14:37:52,2018-08-28 14:45:12,2018-08-29 15:48:00,2018-08-30 16:21:57,2018-08-31 00:00:00
6ffe7cebfe521de0435648b47a87083c,46ab4ca304d63607583e422f38618bfb,delivered,2018-01-16 10:29:39,2018-01-16 18:16:29,2018-01-17 19:53:14,2018-01-24 21:58:09,2018-02-08 00:00:00
edfcc0d0ec1030a8e909f9fe588f6a02,7a62bc0951485c056fcfb2bbfae5b12d,delivered,2018-05-07 15:00:05,2018-05-07 18:15:42,2018-05-09 12:39:00,2018-05-10 16:48:34,2018-05-18 00:00:00
4186a414a7029f2b82f4a83d93151ef6,804e241e3524d0d28096ca515f29972c,delivered,2017-09-18 16:31:58,2017-09-20 02:10:22,2017-09-26 18:24:34,2017-09-30 17:14:56,2017-10-04 00:00:00
458a97b5d6f66560f0b625effac969a2,d0fdc4eee859debee52ef91f106c963c,delivered,2017-12-06 13:46:32,2017-12-07 03:14:05,2017-12-07 22:21:29,2017-12-14 14:55:10,2017-12-29 00:00:00
82e378ade53cb79a30a29810af3fa44c,5d4542c52b180a1344520af06ed37089,delivered,2018-06-10 14:06:01,2018-06-10 14:31:13,2018-06-11 15:29:00,2018-06-16 00:32:00,2018-07-11 00:00:00
8672506d76fd3df6ade72da99cb43c91,778fbba7af3ebf6a549195c1a09b02fe,delivered,2017-11-13 20:35:48,2017-11-15 02:55:49,2017-11-16 23:21:36,2017-11-21 23:32:25,2017-12-06 00:00:00
f0b53984ba0214f7896833c7ea1cb19f,44deb956d2803f3ec0503328426bcfa9,delivered,2018-03-15 16:50:20,2018-03-15 17:10:20,2018-03-16 22:42:03,2018-03-20 22:03:01,2018-03-27 00:00:00
b7b6e52282e462db3a8fd56c2d27389c,f79872c7d7a7fbe7efcb6cbcd020de7e,delivered,2017-08-30 01:50:04,2017-08-30 02:05:13,2017-08-31 18:13:35,2017-09-04 20:12:44,2017-09-18 00:00:00
1f78449c87a54faf9e96e88ba1491fa9,68c9dafdf193586c290b19c71541357a,delivered,2018-07-22 14:07:35,2018-07-23 11:32:08,2018-07-23 12:58:00,2018-07-28 15:03:04,2018-08-14 00:00:00
f71c22b4583654c7bd72c16388ab4e07,24cb93efb2875eedf1c9873baaba03b9,delivered,2017-07-03 19:10:48,2017-07-03 19:23:42,2017-07-04 12:29:44,2017-07-24 15:22:23,2017-07-31 00:00:00
758480e19da5e5b47ceb7318a5ca77fe,4cfff3fdb1921c35662448807ab4cc81,delivered,2018-07-30 07:25:35,2018-07-30 11:55:20,2018-07-31 16:02:00,2018-08-27 20:52:37,2018-08-20 00:00:00
756ab8926e5a8c5cb52f604c40c15767,eb158cd7050d2b45817f6ed442784d8a,delivered,2018-04-25 20:34:48,2018-04-25 20:50:25,2018-04-26 14:31:00,2018-05-02 22:14:44,2018-05-14 00:00:00
8cbfe33bcf72f61fe06f614058d37171,5c8d24e0bfbb275a17d06a203e80e94c,delivered,2018-06-16 16:17:45,2018-06-16 16:38:47,2018-06-18 15:56:00,2018-06-21 21:45:44,2018-07-18 00:00:00
3ad3f75989908136712eba79927a805c,454e6236785cc7789bcdb331e7499c4b,delivered,2018-07-23 15:59:52,2018-07-23 16:46:02,2018-07-24 10:52:00,2018-07-30 17:09:05,2018-08-20 00:00:00
6dbeb47d61ce0769596f48e01978dafa,429df00ee80470e6a3dca2be6869f37c,delivered,2018-03-26 14:20:38,2018-03-26 14:35:22,2018-03-27 19:08:45,2018-04-02 11:16:46,2018-04-06 00:00:00
fd2183b67656b8228e073e069c83737b,ac126ccd4166cd1bfeb32eea102d5569,delivered,2017-02-15 14:07:24,2017-02-17 02:15:14,2017-02-17 14:56:26,2017-02-22 15:46:01,2017-03-14 00:00:00
37bfe6c888db02bffd84e1b36447bfcc,9fb3be93481a3c4b105ad2a02ace1a45,delivered,2017-05-05 14:47:40,2017-05-05 15:02:20,2017-05-05 15:12:44,2017-05-12 14:23:56,2017-05-26 00:00:00
6852fa728e2ac8e2cf24b939d7d9908d,a5b3d76d7d0f3a8899b299b15c75fade,delivered,2018-03-01 16:06:17,2018-03-01 16:40:45,2018-03-02 17:58:51,2018-03-19 20:36:45,2018-03-20 00:00:00
c3fb8e13cb37ff21273a1d90ebcf0896,7fa066d3b64a08894c8751a33d509928,delivered,2018-05-21 19:51:24,2018-05-23 10:18:10,2018-05-23 12:54:00,2018-05-29 15:23:25,2018-05-29 00:00:00
f6d1b6b0b6f93eab6bdf97aea6a0b7ef,a0cca9f716d7146230d6bfa0bd186e43,delivered,2018-04-01 20:56:01,2018-04-03 05:10:36,2018-04-03 22:57:57,2018-04-21 17:58:21,2018-04-24 00:00:00
c5b5fbe68f87bd4ee6770536a1b30fc3,e60e299a5a3adea568eb7fa2e1c69497,delivered,2018-08-03 12:34:15,2018-08-03 12:50:13,2018-08-06 08:27:00,2018-08-09 17:26:53,2018-08-21 00:00:00
f379762648ae96c1d04844ca3308df86,f6e6296520027eb656a2c1c4f80bbdd3,delivered,2018-08-03 14:09:07,2018-08-03 14:43:51,2018-08-03 13:55:00,2018-08-08 18:51:39,2018-08-21 00:00:00
c8912d4202b55b07362de0e1d8ab92a1,b724725d7ade53d1a623e28e93cb8c84,delivered,2018-06-30 18:11:31,2018-06-30 19:30:10,2018-07-04 15:14:00,2018-07-10 23:58:34,2018-08-08 00:00:00
da6605100e54eca7235efaeb6d9717a0,dca71b66271766b6e86a1ad74d291374,delivered,2017-07-19 18:16:17,2017-07-21 02:45:27,2017-07-21 19:47:40,2017-07-22 16:43:44,2017-08-01 00:00:00
1dfe6b39bfca58691553de7585122450,555f5f702cd95ef9f137eb8dd7e3656d,delivered,2018-05-12 09:09:41,2018-05-12 09:31:56,2018-05-14 14:16:00,2018-05-18 22:04:12,2018-05-30 00:00:00
86d06bceca766579cdf18c84e7778a57,f4a0bb1d50071cee5583469f5710a57a,delivered,2017-06-24 14:54:30,2017-06-24 15:05:17,2017-06-26 12:02:05,2017-07-03 18:23:24,2017-07-18 00:00:00
29f6c8fd6605fb62cceeb59ce698bf75,9ecee7edd51fea4cc04b55c51d5dad04,delivered,2018-06-23 19:04:41,2018-06-23 19:16:20,2018-06-25 14:35:00,2018-06-28 22:02:50,2018-08-01 00:00:00
5990719adf4d9d93dd602a9e14879bc3,045eecf8b7d258d4ac84816515328236,delivered,2018-01-30 10:50:41,2018-02-04 23:31:36,2018-02-02 18:05:16,2018-02-27 20:55:44,2018-03-08 00:00:00
506b766a5636c21756e8026fea871ec7,7711f97f5a39689cb92b2a1d87ca957b,delivered,2017-11-30 20:33:24,2017-12-01 09:30:59,2017-12-04 22:12:59,2017-12-12 00:14:55,2018-01-03 00:00:00
5b16597db46078bb77a52724f579a731,42d4162df2c934129e1f2a5b10fceb54,delivered,2018-03-12 15:57:00,2018-03-12 16:15:39,2018-03-13 18:32:58,2018-04-03 15:21:42,2018-04-03 00:00:00
f1254ee692815f607bd748f1b50423db,969b1c259f71e3cff2fd83bbb41d17ea,delivered,2018-02-15 17:42:31,2018-02-15 17:55:27,2018-02-23 15:29:17,2018-03-22 23:16:58,2018-03-19 00:00:00
932fbcd8ff83452581f2b710115f094e,3391d14b67f9a497f056bb575a5f7a30,delivered,2017-05-06 12:16:26,2017-05-07 13:05:51,2017-05-08 11:44:07,2017-05-16 09:33:22,2017-06-08 00:00:00
33d6106ddf9df878276e94044ae5e438,9f405f7bdb11011f0e657b1580a46009,delivered,2017-12-17 00:39:23,2017-12-17 01:31:40,2017-12-18 21:48:42,2017-12-22 12:23:01,2018-01-15 00:00:00
5a3b92a2c03f3b83b187d713f47ebe8e,a5026c06f1b1d8330badd5bbefabce2d,delivered,2017-10-05 15:37:40,2017-10-06 02:14:36,2017-10-06 19:47:09,2017-10-09 13:47:46,2017-10-24 00:00:00
ab05474196376ffce748cccc5d257c1b,d1bdbe1eaa8dbcb597ce1366c7396261,delivered,2018-02-27 14:08:15,2018-02-27 15:31:23,2018-02-28 19:13:16,2018-03-06 22:09:44,2018-03-22 00:00:00
f36aa133ca7706c333252a46fc0b36e1,b89de8f8af3fdb65cf3d973495f6b9ff,delivered,2017-05-07 09:48:03,2017-05-07 10:22:21,2017-05-10 14:41:42,2017-05-20 08:19:44,2017-05-31 00:00:00
ef22b86bfc7dd92a0221c7870bd18089,820ce34afc3dd20ca42a649b9104336a,delivered,2018-01-12 23:27:58,2018-01-13 00:08:41,2018-01-16 22:10:17,2018-01-23 20:48:10,2018-02-07 00:00:00
dd66c3e6a85bd67e68275e13bbc71c44,09d1557bc553526e8b15d877e8b86650,delivered,2018-05-03 23:01:35,2018-05-05 03:15:13,2018-05-08 12:25:00,2018-05-12 13:46:32,2018-06-01 00:00:00
e9057cc32091bc1e10940df4a6f08333,13cf58797ee635bce7358bffda96073b,delivered,2018-08-19 14:22:30,2018-08-20 12:10:43,2018-08-20 15:18:00,2018-08-27 23:52:45,2018-09-11 00:00:00
bcedf990f0c3bda8b094040f2f332327,60086ef5b2c66eb38643821e50aa4be8,delivered,2017-11-02 10:55:19,2017-11-04 06:15:22,2017-11-10 17:16:41,2017-11-21 19:12:42,2017-11-23 00:00:00
1e06944a511e346128c1174c18d597ec,ea234d0423d62b7fbfeb07473d3a201c,delivered,2018-08-20 15:23:57,2018-08-20 16:32:08,2018-08-21 14:00:00,2018-08-24 23:42:44,2018-09-03 00:00:00
d8e4f17201e35b0341b90bf7b8be215c,b3a3ffd5d2336398f85be59cfbbf8af8,delivered,2018-08-19 17:12:43,2018-08-20 12:30:36,2018-08-29 15:07:00,2018-08-30 23:42:49,2018-08-31 00:00:00
95c8f9cfbfbc4726a1a3f3405b1ae666,af7f6c91d4cd411589ac2e001c331dc6,delivered,2017-07-10 22:17:20,2017-07-12 02:10:13,2017-07-12 20:13:53,2017-08-16 17:53:02,2017-08-11 00:00:00
dc7a959594336f6171e4fddee0e43e2f,871fbb81abb2627645286b5a4db84693,delivered,2018-06-14 18:07:43,2018-06-14 18:40:11,2018-06-15 13:06:00,2018-06-20 19:14:51,2018-07-13 00:00:00
b9075978138552299e67a2f2c430b75b,e55227c80ca878dad86e6ab873b52f8d,delivered,2017-11-13 18:20:12,2017-11-13 18:31:07,2017-11-14 16:51:57,2017-11-23 19:39:37,2017-11-27 00:00:00
de55aaef46848b1f0c47093ba2430a27,3f1ec723909aee2fdf8c1cc065479fb3,delivered,2017-03-27 11:53:57,2017-03-27 12:14:50,2017-03-28 14:14:55,2017-03-31 10:27:08,2017-04-13 00:00:00
7f76349ca462fc860717b377aac893bd,475c19550884f1d7a9b504675d794332,delivered,2017-12-19 14:57:26,2017-12-19 19:14:11,2017-12-21 21:42:18,2018-01-02 17:47:18,2018-01-19 00:00:00
9e53bf72fa4ecf6af6b7f081d32532ed,878f1fb155f7a04bde2c59f139d52ba8,delivered,2018-03-22 20:58:21,2018-03-22 21:10:34,2018-04-05 15:42:22,2018-04-17 13:36:33,2018-04-26 00:00:00
83ce5e6768db49face91c92a88888ea1,8d2d88fe2e3f3f685183bd52a8298a24,delivered,2018-04-16 13:18:20,2018-04-16 14:33:11,2018-04-20 15:08:38,2018-06-01 18:44:32,2018-05-23 00:00:00
cd9616ec5b7a5113c3b46502ec8fecd4,c5133f3af61bca30d537c753642b42e4,delivered,2017-07-29 17:14:07,2017-07-29 17:30:12,2017-08-01 21:13:32,2017-08-09 21:27:44,2017-08-22 00:00:00
76b771ff3f66ec317d81ebdc8643dcbe,e66c52819d608e8c3ff553e58eb3c0ce,delivered,2018-02-16 15:14:27,2018-02-17 03:50:35,2018-02-19 23:34:16,2018-02-20 15:29:04,2018-03-09 00:00:00
9380e70cfb5ded0ce59d85fbb2f16f88,ec3e0f50ed5d126825023002f112c7a3,delivered,2017-10-17 22:40:07,2017-10-17 22:49:28,2017-10-23 17:12:44,2017-10-30 17:06:13,2017-11-22 00:00:00
4cd1d5d35a2f441b1c2f4de2d63e424c,fb1719d41dc2c004ec43737d1f8fa89e,delivered,2017-07-06 12:47:32,2017-07-07 13:15:19,2017-07-07 18:12:13,2017-07-13 17:03:58,2017-07-28 00:00:00
5cf62f9c757b9bc80a12ffe293efa0ac,dbccc3a5b4b250d8924a3ae91c89852d,delivered,2017-05-09 18:22:48,2017-05-11 04:22:39,2017-05-11 11:57:04,2017-05-20 10:52:48,2017-05-29 00:00:00
539d0e8a233d633cce2f53dc4280c55e,6308df43e19f572096086928db705f23,delivered,2018-03-13 09:14:23,2018-03-13 10:00:21,2018-03-16 20:22:09,2018-04-02 13:18:40,2018-04-20 00:00:00
c63031aab37b1beb849bb4856afd4f13,c348c931c27b95c6f37d635ddcd65a84,delivered,2017-05-24 08:26:11,2017-05-26 02:42:36,2017-05-26 13:15:09,2017-06-01 15:44:01,2017-06-19 00:00:00
fb1d2527c581c02fc24ea10dd0a0a012,f5af2c8493bd063c294630568319b6fe,delivered,2017-07-05 21:55:10,2017-07-05 22:05:24,2017-07-17 10:52:38,2017-07-25 19:22:46,2017-08-08 00:00:00
cefeab80d083e2aa4a0a526027bec9a6,4a12d191a342a5dcc0cf27866bc9478c,delivered,2018-04-16 08:14:01,2018-04-17 05:50:47,2018-04-17 23:03:04,2018-04-23 23:09:35,2018-05-09 00:00:00
2b9adeb55e0bd21f06e9dbcb10855229,464726ead2259f3281f01d051f4f15e7,delivered,2017-07-20 13:41:38,2017-07-22 02:23:14,2017-07-24 19:22:04,2017-07-26 18:14:49,2017-08-03 00:00:00
3d5dd5656fbfbdc5a7798d2e0885122f,cc0b5421d4eee8e67ccdb7cf2c68e44d,delivered,2017-08-24 10:39:15,2017-08-24 10:50:40,2017-08-24 17:52:19,2017-09-06 22:34:05,2017-09-20 00:00:00
b9fc20a409064176b0795b768a6c6997,8947279bb0e0ba714b6900e24de09899,delivered,2017-12-20 13:57:37,2017-12-21 02:11:46,2017-12-22 20:41:49,2018-01-09 22:18:43,2018-01-23 00:00:00
ea1b2252e50358f485d43eebf86033e1,9576d0ead7d4c16967807491cf3761ea,delivered,2018-04-06 09:12:57,2018-04-06 09:29:47,2018-04-09 18:50:45,2018-04-14 14:11:47,2018-04-27 00:00:00
cdcbc6b851b5053b23ca73bc17d2ba50,087c73da7b217960e3b18443ed5408c0,delivered,2017-10-27 13:07:34,2017-10-27 13:27:51,2017-10-27 18:58:41,2017-10-31 20:56:44,2017-11-10 00:00:00
741d2cc8f5697d6dad48097792babbe2,8a36db6f09c1bddee00dd6c9c0ab4d1d,delivered,2018-04-28 16:57:24,2018-05-01 05:32:38,2018-05-04 08:08:00,2018-05-10 12:26:42,2018-05-24 00:00:00
617f3ac92b6ecb2e873e6075d9f936d7,ae6488325cb82e451aa5f3dafb7ffe15,delivered,2017-08-29 09:20:42,2017-08-29 09:35:15,2017-08-31 16:24:04,2017-09-13 20:13:22,2017-09-27 00:00:00
1ec1f0aa2c220d06ace348a757325915,f5e4c555f2ba8b9b4ba40340707efdbf,delivered,2017-09-01 21:19:10,2017-09-01 22:07:31,2017-09-04 14:22:07,2017-09-14 21:57:33,2017-09-26 00:00:00
205e16be0c19461ce25d719fa25b5331,28879eba5897d793590ee91f3a54e150,delivered,2017-12-15 16:32:14,2017-12-16 02:51:50,2017-12-20 21:38:55,2018-01-06 18:48:49,2018-01-15 00:00:00
5a04c1749a15cae43d54621e2f1bc596,987dbcb1c8ec0e64620b6823603169d6,delivered,2017-10-24 16:48:16,2017-10-26 03:08:58,2017-10-26 17:35:19,2017-11-01 17:46:42,2017-11-23 00:00:00
1bb21adc611ec6709cf108492c166a18,36504a2ec1aff4fcf7e1c8232379758c,delivered,2017-07-28 19:42:39,2017-07-28 19:55:21,2017-08-02 20:23:10,2017-08-10 22:20:32,2017-08-23 00:00:00
fdee205e2e0cc6ac53cbd0b6df510d6d,2ee7a3f039140cfc376ccc441edee085,delivered,2018-01-18 18:06:32,2018-01-18 18:16:19,2018-01-19 21:03:32,2018-01-30 23:06:30,2018-02-15 00:00:00
ff358345576214cc9e08488188973c84,8da33bbf65a0b181486063ffb90fa3d6,shipped,2018-03-03 17:05:12,2018-03-03 17:29:04,2018-03-05 17:18:58,,2018-04-02 00:00:00
04ebaf1d65a804a49b4b1011467aaf47,0a71f8c6192e87a6cd6615bb9313d888,delivered,2017-11-24 09:37:11,2017-11-24 10:59:04,2017-11-29 21:32:24,2017-12-07 17:31:59,2017-12-14 00:00:00
0bbd832750aad342a252f529cb93d020,2705056da3a066ec8aaf06afef7b75b9,delivered,2018-03-08 18:12:16,2018-03-08 18:29:50,2018-03-09 20:18:46,2018-03-21 22:02:18,2018-03-20 00:00:00
9b0ea51a8dddc4af77a94448e58d332f,3c2fc3527648a05011233b150c49a3c8,delivered,2018-02-17 14:57:23,2018-02-17 15:10:23,2018-02-21 20:56:42,2018-02-26 20:29:01,2018-03-07 00:00:00
d6ff82ba1b005fb6c2f1fab4e633b4ae,5606d344886ad3e80b597d6c22f5557d,delivered,2018-04-01 19:13:42,2018-04-01 19:30:21,2018-04-02 21:46:54,2018-04-07 17:38:44,2018-04-19 00:00:00
94cbbe30434a51f71837965608aa41e1,3c8f7415137226f77e6a28d898cc0df1,delivered,2018-06-13 23:53:32,2018-06-15 02:37:26,2018-06-20 15:08:00,2018-06-21 22:52:39,2018-06-28 00:00:00
9ddba77d69c77e988ac02c012a59d058,3547196c69672a750204ffcbc71f186d,delivered,2018-03-01 08:17:59,2018-03-01 09:09:14,2018-03-05 18:54:31,2018-03-08 15:32:58,2018-04-11 00:00:00
bfcfc352185cef17fc3a748ff2e921d0,be060a38284f028a4b7231b6865b9d7a,delivered,2018-07-29 21:34:43,2018-07-31 06:35:18,2018-08-01 09:32:00,2018-08-07 18:38:43,2018-08-28 00:00:00
f52e3e3393470c823fe723590c5b20ec,789db55b506ef791fbfc69f17755a560,delivered,2017-08-13 20:13:44,2017-08-13 20:25:18,2017-08-14 20:07:51,2017-08-21 20:35:41,2017-09-05 00:00:00
c771cdb4091279746e01df25b8c6e7fc,6dbfd47e8b257f03c48b22c46aa895d3,delivered,2018-01-05 09:26:00,2018-01-05 09:34:26,2018-01-10 16:30:15,2018-01-23 16:41:35,2018-02-08 00:00:00
ac1213003a72f088e0491cec47363902,e8e98e34e436b94f502e364ae42c2f1d,delivered,2017-09-01 18:38:29,2017-09-02 03:04:34,2017-09-04 17:35:02,2017-09-06 20:05:55,2017-09-22 00:00:00
43f32fa8b0b6eaf74033bdb392a481a7,ecbc2ef8839c36713bcd2f52c61b0e49,delivered,2018-06-25 15:23:47,2018-06-27 07:55:31,2018-06-27 12:08:00,2018-06-29 17:12:12,2018-07-17 00:00:00
a8761faebe02e29fb1af2239116807ae,146136e6e527bf71e6341397154c0777,delivered,2018-03-05 14:09:01,2018-03-06 03:55:58,2018-03-06 21:04:42,2018-03-23 13:16:49,2018-03-26 00:00:00
51e0e77bc0b6eb43fc25286a873ceac6,c5fad69ac45610b0649c7297f7884cb8,delivered,2018-04-30 14:55:34,2018-04-30 16:17:13,2018-04-30 14:41:00,2018-05-07 16:08:49,2018-05-21 00:00:00
bf25ff262495b0b876bc4f594f736ecf,5dddbfbf5ba7c90dcb52c18d7835b756,delivered,2018-05-10 11:23:03,2018-05-10 11:51:37,2018-05-16 15:29:00,2018-05-22 19:03:49,2018-06-14 00:00:00
87a1156856ded4b4c5cbc500d25f048f,22accd6db6217d9206fee816044edca9,delivered,2017-04-18 20:31:26,2017-04-18 20:42:27,2017-04-19 14:09:43,2017-05-04 10:58:54,2017-05-10 00:00:00
8a7d789dadca6780e334906644210727,49e8041859a634e56ece47ac3be42529,delivered,2018-03-30 21:39:22,2018-03-30 22:27:15,2018-04-03 20:27:29,2018-04-18 19:41:11,2018-04-24 00:00:00
0ab83b3fdbca202530950e8f1896412a,244ee0a895eedc35629c2f83bef22176,delivered,2017-05-17 10:25:44,2017-05-17 10:45:20,2017-05-18 14:18:54,2017-05-23 11:53:45,2017-06-19 00:00:00
88b43f27bfa01eba0677934c553869eb,65f971f1505bbd0707a81931edff2685,delivered,2018-02-24 20:29:18,2018-02-24 21:35:24,2018-02-27 04:24:52,2018-02-28 20:58:58,2018-03-15 00:00:00
277df787ca081b6172162147d83baca1,6608ebf280fed4041d9fdc8047aa6b4f,delivered,2017-08-14 06:49:55,2017-08-14 07:10:31,2017-08-14 19:08:00,2017-08-31 20:52:26,2017-09-14 00:00:00
85061164b7267fdca07be7ffff602fc9,f659b67d07d29ee3d2013af036241d1f,delivered,2017-06-30 19:24:12,2017-06-30 19:43:29,2017-07-03 11:51:34,2017-07-11 19:27:42,2017-07-26 00:00:00
10b69324b897d3c3504084db8492f98a,3b859974ffa4d29d352bf5fe3008291f,delivered,2018-01-23 11:35:37,2018-01-23 11:50:49,2018-01-24 21:43:07,2018-02-15 16:48:45,2018-03-01 00:00:00
d76ae02361b19ee1c7a277bf4740a64f,911035bc0dcc0c5ee9580cbe3e59ed06,delivered,2018-08-03 15:28:52,2018-08-04 10:04:15,2018-08-07 07:55:00,2018-08-08 21:58:56,2018-08-08 00:00:00
e668b4a7dee7f7ceea60324b812ed5e5,13de57df53d909438cd6aa93345ad87e,delivered,2017-12-21 13:31:15,2017-12-21 13:49:53,2017-12-21 21:54:53,2017-12-23 01:42:45,2018-01-10 00:00:00
9f9993914a8e2fda5081619a7a994853,1673fd6c2e11fd185ba96207a5ce7af6,delivered,2017-11-30 21:06:06,2017-12-01 09:30:51,2017-12-01 18:44:31,2017-12-21 18:37:59,2018-01-03 00:00:00
e3d01d114807951233b494f5493aec61,6c05608731251484a797757e4f7893e1,delivered,2018-04-01 13:56:48,2018-04-01 14:10:20,2018-04-03 14:56:57,2018-04-07 00:41:59,2018-04-13 00:00:00
7ab1a9babde2a1355e3075d07ea895e3,071d9f8e80f0f0415885e9aac5814700,delivered,2018-05-14 17:26:57,2018-05-15 04:35:05,2018-05-15 12:28:00,2018-05-17 23:28:35,2018-05-22 00:00:00
20127339dd8d9c579830783e565b4fd8,b4fa94736ab408774c4f9c5f86daa818,delivered,2017-02-07 14:00:04,2017-02-07 14:10:14,2017-02-07 14:29:54,2017-02-09 13:12:19,2017-03-02 00:00:00
a4fcdae23f94acfb6c47cb0070b2f2fe,da435fe071a456868a89dfb068881341,delivered,2017-11-22 22:09:21,2017-11-22 22:19:22,2017-11-23 19:47:34,2017-11-27 15:44:49,2017-12-11 00:00:00
04c83c77d062fd72d8f1ebb7f9c1a1a3,8dccd2feedff135e90d86b8abf865b1f,delivered,2018-01-14 11:56:35,2018-01-14 12:09:08,2018-01-19 01:09:32,2018-01-22 19:56:48,2018-02-06 00:00:00
39218a9d4da3e7da685ae1a821387932,5bdfca329622923b8db14b38df45504a,delivered,2017-08-01 21:53:05,2017-08-03 03:05:10,2017-08-03 16:42:07,2017-08-04 18:57:56,2017-09-01 00:00:00
2866ad7dcb3cfdab34405a82b8a77215,96888e542a835f6dea8d3039af2e4a2e,delivered,2017-07-15 19:20:51,2017-07-16 19:25:09,2017-07-18 11:21:31,2017-07-26 20:16:34,2017-08-14 00:00:00
94d97c26cd5ca2a98749be9e672b44d4,d1a0299b96bb74b36b5be8c849f188b4,delivered,2017-08-25 12:23:08,2017-08-25 12:35:28,2017-08-30 10:30:13,2017-09-11 17:55:51,2017-09-27 00:00:00
a3f77b12916a4990f41ebed970bcdb92,82bbc3a3f8c7639732ceb00e48488430,delivered,2017-11-19 13:27:09,2017-11-19 13:46:12,2017-11-21 17:23:26,2017-11-22 17:03:47,2017-12-01 00:00:00
8fe92dd4725e5491f940344206b42fe5,97f48d561699cbd0a71b916d358a8fb5,delivered,2017-05-03 13:35:57,2017-05-03 14:02:34,2017-05-04 13:03:08,2017-05-24 12:39:09,2017-06-05 00:00:00
53649523b54a1a986fe35c9cbb2bd082,29a52f6b724455dee14a237a5a2aac5e,delivered,2017-07-18 13:09:28,2017-07-18 13:23:26,2017-07-24 19:06:39,2017-07-26 00:43:03,2017-08-10 00:00:00
d4e413e096efb5d9b209b28ac79c62b7,18f711d8d5d66c0a2d470f4b851e8038,delivered,2018-06-28 09:12:34,2018-06-28 09:31:36,2018-06-29 08:42:00,2018-07-19 19:55:34,2018-07-13 00:00:00
12f3eaf92da599fd1abd3dc8e21bff0d,b942cab34162601135ebc316dea824a7,delivered,2018-05-29 23:06:53,2018-05-31 03:35:52,2018-06-05 19:03:00,2018-06-07 13:32:47,2018-06-21 00:00:00
9bf446986c317acc13f2ab30756f9b20,c9c95d8ae07e85dbc902f8af97692aa9,delivered,2018-07-29 23:23:16,2018-07-29 23:30:52,2018-07-30 15:05:00,2018-08-02 19:58:37,2018-08-10 00:00:00
0a2de98201596f294c0d11b01a0100a7,d66257ac03cd3b43b15b41b8bc1db3b5,delivered,2018-05-21 07:25:46,2018-05-21 07:51:06,2018-05-21 12:57:00,2018-06-08 16:14:40,2018-06-14 00:00:00
c75e8aabb43c6485091e0ed9b88ed5d9,cbc2a6aff2fdd7566a47b631ffdea55d,delivered,2017-10-22 07:28:15,2017-10-22 07:49:11,2017-10-23 16:12:23,2017-10-26 12:06:02,2017-11-13 00:00:00
bbcec25aefec973dfa1b9499147fdf76,7cde25498a31a63d00e82b29b929cc49,delivered,2017-01-10 14:08:07,2017-01-12 14:05:18,2017-01-13 11:45:48,2017-01-27 07:27:45,2017-02-22 00:00:00
93f610a3cfcf2420d96bca828098c8c2,03bf8050d93c13d75b4e5f2bcb6f41f9,delivered,2018-07-03 20:40:10,2018-07-05 16:32:10,2018-07-04 10:48:00,2018-07-13 01:41:30,2018-07-23 00:00:00
4e44d7b0462e32a51de74a16eac6534e,800ae98df618c84cf1dae67ea96644c5,delivered,2017-02-02 16:18:44,2017-02-02 16:30:10,2017-02-03 10:15:58,2017-02-10 08:54:40,2017-03-13 00:00:00
35e5585976ac906f5b04e7f491ec300c,abc7d608891528fffdce378aaadb2de2,delivered,2017-10-18 13:05:03,2017-10-18 13:27:06,2017-10-20 17:38:03,2017-10-27 20:29:52,2017-11-14 00:00:00
3d55d21468e5f69fdaa6a1c4c829acff,6c23c2a15ab0cbdee56f601555c43969,delivered,2017-11-26 22:27:41,2017-11-26 22:37:33,2017-11-30 23:02:06,2017-12-11 14:36:56,2017-12-18 00:00:00
e17fa68de8f9e0f07dd6dca946f9dd7f,6b050f1ba5c959b835b2b1d7f777d493,delivered,2018-03-26 18:05:41,2018-03-26 18:15:23,2018-03-29 20:42:12,2018-04-02 20:14:46,2018-04-17 00:00:00
56682efd6be4b8aaa662d4536084b09b,1562d6268e88c62bc715fb76f73c7b9a,delivered,2017-04-26 11:31:41,2017-04-26 11:42:42,2017-04-27 08:06:41,2017-05-02 17:56:37,2017-05-23 00:00:00
58c498d29ae194afc5d69f486598f18c,7922d00b8f74ce4091159c88dc5e3bf3,delivered,2017-12-20 16:32:00,2017-12-21 16:30:55,2017-12-28 23:29:30,2018-01-08 15:12:50,2018-01-17 00:00:00
f672188ca89296f0a903617f5fca8d17,8f32483562a37190f3fcdaa6289b1e4e,delivered,2018-08-05 17:08:02,2018-08-05 17:31:17,2018-08-07 15:31:00,2018-08-09 15:20:47,2018-08-09 00:00:00
18fd191bbcbb295354d8d5a6f299206d,7f403eb7a5cb3611bc1c024c38966d0a,delivered,2017-10-11 13:27:29,2017-10-11 13:45:47,2017-10-13 20:33:16,2017-10-20 16:47:33,2017-10-31 00:00:00
34d4da466936ae5ef87386c007f7cc0e,3c77d8084d2a940ae106c3008590602c,delivered,2018-05-30 11:48:22,2018-05-30 12:17:07,2018-06-01 14:19:00,2018-06-07 19:16:34,2018-07-03 00:00:00
6b2f7dba402cf63ca207bbe2cc05ef67,7d8140efc81374c2bd667e1dbd457618,delivered,2018-03-03 17:23:30,2018-03-03 17:35:23,2018-03-06 01:38:48,2018-03-15 23:08:57,2018-04-03 00:00:00
62349b58976446f1566cb58228d37715,43887a1adbe818152d5d7a93f4264c7c,delivered,2017-05-08 10:58:02,2017-05-08 11:05:12,2017-05-09 15:21:56,2017-05-13 11:32:08,2017-05-31 00:00:00
0176e50f3853fa068127afa3daff6402,20899a98f69e29ac34d852719a64f431,delivered,2017-12-14 16:45:18,2017-12-14 16:54:49,2017-12-15 17:31:46,2017-12-29 15:53:03,2018-01-19 00:00:00
fbd969aaf28de4524d590d37fd10b894,1b1c230618ded6cb0d687497cbcc3eab,delivered,2018-07-03 17:37:23,2018-07-05 16:32:45,2018-07-05 15:02:00,2018-07-10 21:14:45,2018-08-01 00:00:00
8d1bc6d158769393c1ec54c05b734652,f084a756e2dfe27a56771ba88b84dbe8,delivered,2017-11-24 22:18:26,2017-11-25 01:16:26,2017-11-28 23:06:30,2017-12-21 20:05:45,2017-12-19 00:00:00
a5506a6537ce4b4529845b534e400848,bf3566d98f47722a586e25e264737de5,delivered,2018-06-20 10:10:11,2018-06-20 10:44:04,2018-06-27 11:26:00,2018-07-08 22:18:23,2018-07-23 00:00:00
b79f5c4c1016e3465036120b5614adeb,d275fd1c847dd60289c2db31c58b9437,delivered,2018-02-27 12:31:06,2018-02-28 12:48:28,2018-03-01 16:57:05,2018-03-10 15:27:53,2018-03-27 00:00:00
c5351b62ac42d8a63b11a24ca403a30f,0d34dca8c8a02afc52be8689c8774af6,delivered,2017-11-30 11:48:21,2017-11-30 13:31:19,2017-12-09 12:42:09,2017-12-14 16:38:47,2018-01-03 00:00:00
a12361dc52836f98226e3a57cf3569bf,e51a849b13ea096a88ed9cea9e9d8f4e,delivered,2017-03-13 10:30:25,2017-03-13 10:30:25,2017-03-16 08:32:58,2017-03-27 13:23:17,2017-04-07 00:00:00
659c757231085ed35dafa16a50fa16e8,7a0587a22e604b216a8ef5c8ce07d7fe,delivered,2018-02-04 20:39:14,2018-02-04 20:56:08,2018-02-08 19:16:44,2018-02-20 18:28:00,2018-03-05 00:00:00
4b53f2920ae3d24446cf49d6e51cb469,9a55783651fb1156efffd12fed3f9b28,delivered,2018-03-13 14:05:01,2018-03-13 14:15:41,2018-03-14 22:12:28,2018-03-26 22:42:48,2018-04-04 00:00:00
937b8c2c23c033f63b1b46e876b2c385,83a993fed3d92d85d35e923ee7ee090b,delivered,2018-06-28 08:46:32,2018-06-28 09:10:32,2018-06-28 14:35:00,2018-07-04 21:05:28,2018-07-26 00:00:00
da519f69b691b1cf01a0bc3d23c3e887,b575923ff81f66375580c76ba3d2d53d,delivered,2018-05-10 07:43:46,2018-05-12 02:35:27,2018-05-14 08:33:00,2018-05-23 11:46:34,2018-06-08 00:00:00
b694e265e0a9617ab7301dabf9fb90d8,22f6d1d5bd66b7ef3ff51216fd75643b,delivered,2017-08-12 13:25:08,2017-08-15 03:35:19,2017-08-15 22:06:27,2017-08-23 16:50:00,2017-09-05 00:00:00
17364dc616735e314e76f45db18ab1c2,95a951554afcef4dfa54eaa876103cb5,delivered,2018-03-14 21:05:37,2018-03-15 18:35:36,2018-03-16 19:52:07,2018-03-19 18:18:23,2018-03-26 00:00:00
24ceed9729a86f5e36fd61ae94183817,cd24dfdff8d99033e3794d9b104c95d0,delivered,2018-05-03 11:13:38,2018-05-05 10:15:17,2018-05-07 16:31:00,2018-05-26 13:29:37,2018-06-04 00:00:00
573600261fe10e782f51bcb25b99febe,2a539822b5f943c9c52df6cc9dea4b3b,delivered,2017-08-04 14:50:45,2017-08-05 15:03:21,2017-08-09 18:07:20,2017-08-17 16:15:33,2017-08-28 00:00:00
732a77c453f0b9ea3a2665a575f3ecd3,0802da9993945877f32ed71ab7800b6f,delivered,2018-08-05 19:58:15,2018-08-05 20:10:19,2018-08-07 15:13:00,2018-08-17 08:56:40,2018-09-14 00:00:00
9450436aed6e34dfd38b4b087e27c572,40ee87d482e9533fdf81355945aee27e,delivered,2018-04-30 19:34:39,2018-05-01 02:37:38,2018-05-02 15:10:00,2018-05-05 14:15:52,2018-05-22 00:00:00
42630f2be2de37afca07bfdecb0b90a4,9ee69ccf67900e29a32f9790655af3c6,delivered,2018-01-20 15:19:41,2018-01-20 15:41:20,2018-01-22 17:39:32,2018-02-05 14:53:08,2018-02-15 00:00:00
eeb83825e7b42838b690119b24688b74,f13331a222ce68b89e8626ecd166b0b1,delivered,2018-03-27 09:28:03,2018-03-28 02:47:35,2018-03-29 18:51:22,2018-04-02 17:58:46,2018-04-11 00:00:00
a178e361fe66cd0d0e9416db6da9ce1b,36b7395b5e6826109ad8846f08cab633,delivered,2018-03-16 19:20:07,2018-03-16 19:30:34,2018-03-21 21:05:07,2018-03-22 23:51:55,2018-03-28 00:00:00
926c3141255b4979a0e74dca67a38216,2684bfa39211e22c535603b1066b6f5e,delivered,2017-10-05 19:26:14,2017-10-05 19:46:02,2017-10-06 14:50:04,2017-10-17 23:15:08,2017-11-01 00:00:00
a90b081d0efa436e072d5328ecd904a4,5a0ed2fa7a5c4f4e5105626fe1b0fe11,delivered,2017-07-19 01:21:32,2017-07-19 01:30:13,2017-07-21 20:03:00,2017-08-02 17:25:49,2017-08-16 00:00:00
f8654b57d28e6089ebf05d171c1997e3,d42420e282047f6c0b816b36f24b5e65,delivered,2017-05-14 01:22:00,2017-05-14 01:30:19,2017-05-17 17:22:43,2017-05-26 07:07:44,2017-05-31 00:00:00
9f25f43e006aa4d61b6f1188696e93a8,3c0c28d9a92d94fbbb14beab19df2b40,delivered,2017-08-15 10:10:34,2017-08-16 10:24:30,2017-08-17 18:18:33,2017-08-24 15:42:45,2017-09-04 00:00:00
4d94e494f48ae38ed69167213dda833f,0f6ddb5d78a7cf2dc1ee1a1736a91242,delivered,2017-07-23 16:12:51,2017-07-23 16:25:09,2017-07-28 19:28:24,2017-08-08 19:06:32,2017-08-15 00:00:00
903d1b468e83acb1e13151fa4032d7a2,57e34bf97d0de0cab02718ae4f8ae5e6,delivered,2017-12-05 09:35:38,2017-12-05 11:12:00,2017-12-06 20:12:33,2017-12-08 23:09:47,2017-12-21 00:00:00
11ac54d963e31673b888efff34e5b33c,b080e72cccb4caa016bce4b738691ae4,delivered,2017-10-05 11:28:14,2017-10-06 11:35:43,2017-10-09 19:16:08,2017-10-16 15:04:33,2017-10-30 00:00:00
d839772496ba5c5962003617c00e695d,3d4eb31e720c78778a64969509c762cd,delivered,2017-08-05 16:01:06,2017-08-05 16:15:14,2017-08-07 15:37:31,2017-08-14 19:07:54,2017-08-29 00:00:00
1f33cd6b71508145011dd5552fc289d4,4652b19302ca60290ff47ea41cf5a62d,delivered,2018-03-22 19:45:49,2018-03-22 20:08:34,2018-03-28 21:05:13,2018-04-30 17:46:45,2018-04-18 00:00:00
1555d6b8d8b15b1080ee70dda21c8d02,dfda52c60be1482823570ad5721b5e27,delivered,2017-11-17 20:42:59,2017-11-22 02:56:30,2017-11-23 22:02:47,2017-12-06 18:12:44,2017-12-11 00:00:00
9680f3fdc078a63f1a4d5fca0f7790d8,5b568ab7c02d7f4a30b1441d020feac3,delivered,2018-03-23 15:53:12,2018-03-23 16:08:46,2018-03-28 21:21:37,2018-04-02 22:38:41,2018-04-16 00:00:00
3a93b4a83b7cfce5720745425c43a856,53859b5bd7c22aaae15b7482acfa1bc8,delivered,2017-07-10 10:51:01,2017-07-12 02:24:58,2017-07-14 16:37:56,2017-07-18 16:52:28,2017-07-25 00:00:00
64ba7f5f2b493323d5dae1634f812cb5,b7a72c63ab6b4ea739148dbeb3bfb24c,delivered,2018-06-19 01:25:53,2018-06-19 01:35:09,2018-06-19 14:15:00,2018-06-25 18:03:09,2018-07-20 00:00:00
e4153bfffa13ee5e0cfea9d1d2529870,6d63646d305d56dc162e0f5eb7edd697,shipped,2018-03-18 14:29:57,2018-03-18 14:50:35,2018-03-19 17:56:27,,2018-04-09 00:00:00
b427e0ed8b6a3055c62312f135330e7e,3058335b24b7794dbd8f36de15afc57e,delivered,2018-05-04 23:19:18,2018-05-04 23:33:51,2018-05-08 14:18:00,2018-05-10 22:26:57,2018-05-14 00:00:00
51074d1feab8a648c5d1dfb7c354674d,54ba026ae689f610b309353e28a5fcd1,delivered,2018-03-02 10:30:09,2018-03-02 10:50:01,2018-03-05 20:19:13,2018-03-15 17:26:36,2018-04-02 00:00:00
72012d986d81cc09a1e838c7a1f829e7,8b051f11fefcaef147e92e51bd135bb7,delivered,2017-08-02 20:26:47,2017-08-02 20:42:58,2017-08-03 19:17:34,2017-08-07 18:36:50,2017-08-24 00:00:00
f0879b6057e432d81b2eab159c70a0b5,7d91e66eddbe71cae1c82842a2bd320e,delivered,2017-11-22 18:04:31,2017-11-22 18:13:19,2017-11-23 16:21:33,2017-12-01 21:09:01,2017-12-20 00:00:00
2ecf490b77cadc218f299cd6678277c8,a4591c740887b554a3398c3e399cb4f0,delivered,2017-05-24 19:03:52,2017-05-24 19:15:23,2017-05-25 17:08:15,2017-06-01 12:30:03,2017-06-16 00:00:00
ed1acc924e85e293849485a9d5dc3498,64b4f796f321357d2ce61f511da7f73a,unavailable,2017-05-15 10:54:23,2017-05-17 03:45:23,,,2017-06-02 00:00:00
1ade3ab91063ad2d577331b0258b1120,bbd1bf1c484de6d5996c11f0b44d7723,delivered,2018-07-03 10:53:44,2018-07-05 16:18:54,2018-07-04 08:43:00,2018-07-10 18:03:55,2018-08-09 00:00:00
a162da83b66ff8c619d83b87c1de93b9,9dfa54220517b2eceea1134d006e2fba,canceled,2018-08-07 14:27:32,2018-08-07 14:44:55,,,2018-08-21 00:00:00
0b768de519ebcf7df252618626554733,20aac2061bcd04913c310d5488bebde0,delivered,2017-02-28 19:07:02,2017-02-28 19:20:16,2017-03-01 14:54:12,2017-03-09 13:14:53,2017-03-22 00:00:00
cd408e86c9fe1cc69f5a38cc5be773bd,eb4dda0b74d4100a8fb5368702e48c7e,delivered,2018-08-16 14:34:23,2018-08-16 14:45:13,2018-08-17 15:49:00,2018-08-22 00:44:45,2018-08-29 00:00:00
f12ff3c8b8e4945b4d0331a56df6ef85,833f9bfebc6895534e9567939653e933,delivered,2018-04-09 19:07:08,2018-04-09 19:29:44,2018-04-13 17:42:09,2018-04-19 23:52:34,2018-05-07 00:00:00
df8013c634d895a53cc8e6e396a93533,a840b157e69af090c32040b6072cc6e9,delivered,2018-02-11 20:15:34,2018-02-12 20:10:30,2018-02-14 23:22:40,2018-02-26 18:09:08,2018-03-08 00:00:00
edf876ca2e0de24f4f239fdbadb46ad2,683765c80b88aa6bb93ebaac62948441,delivered,2017-12-20 21:42:43,2017-12-20 21:50:39,2017-12-21 19:30:01,2017-12-22 23:22:40,2018-01-09 00:00:00
567b5fcbb939e9c7357320d26cbdf4fe,60e093ac8d54443ac856eab58b48a492,delivered,2018-04-14 14:23:32,2018-04-14 14:35:17,2018-04-19 21:21:45,2018-04-20 22:04:07,2018-05-02 00:00:00
e690e2452d8716a474fd8e85dbf365e9,e115c1c8164a873103dc509dbf183cc9,delivered,2018-05-10 10:08:06,2018-05-10 10:31:59,2018-05-10 11:27:00,2018-05-14 20:34:29,2018-05-23 00:00:00
a8ebe927b1b85cc950bba001cac770f7,5dfc4ad0a5d369a091d3f7f011ff8cad,unavailable,2017-12-06 19:45:34,2017-12-06 19:56:20,,,2017-12-22 00:00:00
97790d570870606aaa458c9ddad507c4,5a20ca69160161786b074d55001ca9b7,delivered,2018-01-07 20:16:56,2018-01-07 20:27:37,2018-01-08 20:47:57,2018-01-18 12:59:58,2018-02-06 00:00:00
a67da1598758f2e830db1f553721799c,f87b752f04715b171d9fae7d337ac078,delivered,2018-05-16 16:19:51,2018-05-16 17:08:57,2018-05-17 14:31:00,2018-05-23 15:43:38,2018-06-07 00:00:00
7e2f2a5cbfc79c127c243f833663d416,79251740ef5f4fae4175ed6c7ad8982b,delivered,2017-06-13 12:35:37,2017-06-13 12:50:23,2017-06-13 15:59:48,2017-06-27 18:03:44,2017-07-06 00:00:00
9c9ade04ccd7dc42fa1e6864043468e4,bfd209900e23295027e66497bcceaee9,delivered,2017-10-29 15:37:53,2017-10-29 15:50:15,2017-10-31 19:36:51,2017-11-08 21:23:09,2017-11-27 00:00:00
eb14d693be5c40bf50f8dff9d85abc21,497dea98bd926684eae505c6b58f8d6f,delivered,2017-12-01 21:19:16,2017-12-01 21:32:38,2017-12-06 15:54:47,2017-12-17 18:44:37,2017-12-19 00:00:00
76df43658d302b7e5418f9c5b366b4bd,5032358b67396a7a0acd5ac555ea90fd,delivered,2018-03-09 17:44:41,2018-03-09 18:10:02,2018-03-12 17:21:45,2018-04-30 12:48:30,2018-03-29 00:00:00
9223919b300f6989e1715333fca0d6ce,51934b734e94e61d8efa4523e175c6c3,delivered,2018-03-01 23:05:31,2018-03-01 23:15:32,2018-03-02 22:33:58,2018-03-27 20:47:27,2018-03-26 00:00:00
c73711f15f170e7cd7717f6cca7c32c2,9f7aac16e3d6bd8a5a55f9b9f2aea51f,delivered,2018-03-04 22:47:43,2018-03-04 23:09:16,2018-03-07 21:24:58,2018-03-15 22:46:42,2018-03-21 00:00:00
7fc6b41c76dec78e234e571474948a6d,504bf939491dee2907b21a5a614724df,delivered,2018-03-22 14:23:12,2018-03-22 14:35:32,2018-03-23 19:58:40,2018-04-11 16:48:33,2018-04-20 00:00:00
c9f7d8c70434e50d1a5a31a56bbd7e00,ba482ddb672acbb5b263427209cf746b,delivered,2018-03-19 12:58:21,2018-03-19 13:49:49,2018-03-22 20:59:46,2018-03-23 15:12:18,2018-03-29 00:00:00
d128b22307183122cf22cec2177afbfc,287ee759bd0a6354f84b3606802941dc,delivered,2018-02-12 13:06:40,2018-02-12 13:15:31,2018-02-16 18:22:55,2018-02-20 20:30:07,2018-02-26 00:00:00
c1812e7a79c6b129af4128c0474ea917,91c3dcfddcce50cf293b48447ebf6938,delivered,2018-03-08 20:56:28,2018-03-08 21:09:16,2018-03-09 23:29:29,2018-04-16 19:31:00,2018-03-26 00:00:00
2208f3a59d7067fe62c900692f5fdcaf,e74fc06d9a52d095af413c99ea25cc9d,delivered,2018-02-05 10:56:23,2018-02-05 12:30:23,2018-02-07 00:16:02,2018-02-16 18:18:58,2018-03-05 00:00:00
2f30f698a72b7001e344c6c06b0e6564,44b8b3c65d28581cb5868ee424b297f1,delivered,2018-03-22 10:57:19,2018-03-22 11:15:33,2018-03-23 21:07:46,2018-03-26 23:26:53,2018-04-04 00:00:00
a1c87156ca249199bbcd96fbfcd0296d,108a0f20bc27c6072be5931b83fe52ae,delivered,2017-09-03 17:12:39,2017-09-05 04:25:50,2017-09-05 21:27:43,2017-09-11 17:13:42,2017-10-03 00:00:00
e55e4860fd8e46e38f351f994f9e06cb,676ee955ce60a3b6eaa8c816cfb7fb04,delivered,2017-03-12 01:19:21,2017-03-12 01:19:21,2017-03-13 11:13:31,2017-03-20 12:34:31,2017-03-30 00:00:00
1129997904eb031a05d781b6179078d7,f740e6e44d74fb1e93f1bcd947925230,delivered,2018-01-10 15:54:11,2018-01-10 16:09:53,2018-01-11 23:03:37,2018-01-12 22:37:36,2018-01-29 00:00:00
92cacd3fd45c2c93413de4c2acf69ddd,f75d762fd8605704c40b5a5afdac6b87,delivered,2017-10-12 00:43:23,2017-10-14 18:35:39,2017-10-16 21:22:44,2017-10-23 18:54:59,2017-10-31 00:00:00
d34609f0a5940b1e6055d239899b8932,c3a7d3901f07cf0198946d10a23d0f9d,delivered,2017-08-04 12:20:35,2017-08-04 12:35:10,2017-08-04 20:34:37,2017-08-14 21:22:39,2017-08-24 00:00:00
dc3adcbd8f32f4353540fc05d067ff4c,a44373395013ffc2212996da25ad462c,shipped,2018-03-17 14:49:18,2018-03-20 07:47:35,2018-03-20 20:22:02,,2018-04-12 00:00:00
0d694d4d413750922e42f63577896916,9b87b9bb4f1b6cd001096294c21970c8,delivered,2017-11-24 23:20:02,2017-11-25 02:16:32,2017-11-28 21:59:58,2017-12-30 00:06:59,2017-12-20 00:00:00
07b76b6fdc57b96ed6406457e05ddecb,fb80123043747e0c9ba35ff7e48005b6,delivered,2017-08-03 11:47:07,2017-08-04 07:10:07,2017-08-04 18:27:38,2017-08-10 15:22:30,2017-08-17 00:00:00
242bbe951cccc62e01cb9aa3840bbd14,7386871405cf3ca6ecce7b3253fd6c68,delivered,2017-05-14 18:36:50,2017-05-16 03:30:47,2017-05-26 10:54:05,2017-06-05 16:29:56,2017-06-29 00:00:00
3ac0f5a50ede5981b44f30306bb853fb,2fa0203e3d4f0dfac0f2f3f1f07263c2,delivered,2018-01-25 16:22:26,2018-01-25 16:34:58,2018-01-26 16:05:54,2018-02-01 00:06:01,2018-02-26 00:00:00
969721cf60a5aac05ee9fd4375fd9934,35e44b2134df14f2551b361aecdc47ce,delivered,2018-05-07 21:33:20,2018-05-07 21:54:24,2018-05-09 12:10:00,2018-05-22 15:42:00,2018-06-04 00:00:00
9028c9884410afc6037fa0ade14eb571,9148047235881ee8a23cb023174942d0,delivered,2017-07-28 10:16:32,2017-07-28 10:30:22,2017-07-29 00:07:38,2017-08-02 21:03:45,2017-08-17 00:00:00
28804427b3bbfea6ef5a0e0de798c41a,4398328fa3c2b8ad79b777604cf9334d,delivered,2018-06-08 20:09:31,2018-06-08 21:04:08,2018-06-11 09:51:00,2018-06-16 14:24:52,2018-06-26 00:00:00
cf2ba525f5b1e06b1a3fbb7186b0053b,fa70d6b1e9a73119bbbf5c9bffb84b5e,delivered,2018-06-22 10:20:29,2018-06-22 12:20:23,2018-06-26 08:54:00,2018-07-04 12:48:58,2018-07-23 00:00:00
8476e4daac5bcc4adaf4e56af42ce110,77569b8bd05910409af265a9ca0e4cd4,delivered,2018-06-02 20:06:46,2018-06-02 20:29:24,2018-06-04 13:06:00,2018-06-13 16:58:40,2018-07-12 00:00:00
1ba9bc470dd2df7a0951759dd7b88b8b,7b6d2ad477dd09739f76dfee4f799dd6,delivered,2017-07-19 14:36:14,2017-07-19 15:05:16,2017-07-19 20:39:36,2017-08-04 19:32:42,2017-08-22 00:00:00
d294199ec1bd45bdb2e62cc7d678e100,ecee98d3844b444ee51e518aa621149e,delivered,2017-10-09 10:19:14,2017-10-09 10:39:02,2017-10-10 16:50:13,2017-10-25 22:54:55,2017-11-08 00:00:00
f015cd11f6ab9d3d6834ee99ad9bc7b3,9a235914eec4e7732fbf6fd29addabff,delivered,2018-02-11 11:18:54,2018-02-11 11:35:22,2018-02-14 18:39:14,2018-02-26 21:52:08,2018-03-09 00:00:00
badd0610d349f865d84d27e36b2abde4,007da0ded5420c2ac9cdcdc758841cde,delivered,2018-03-21 10:47:48,2018-03-21 11:08:53,2018-03-22 12:17:00,2018-03-28 12:17:06,2018-04-12 00:00:00
8c8559a212cf7c80c066afce3c87a0f3,59b3d9389766991ccdfea04b38986fd2,delivered,2017-09-17 20:12:09,2017-09-17 20:25:59,2017-09-18 15:26:48,2017-09-26 00:48:43,2017-10-06 00:00:00
397e13bec7fab1213075383e4cdd11f7,05c9c8bee01dca6e97b35284f55a6a34,delivered,2017-08-25 16:02:19,2017-08-25 16:15:15,2017-08-28 20:59:36,2017-09-18 21:17:20,2017-09-29 00:00:00
a1b0f9ee69a79c509eff098467a2fbb0,e0ce7391d9564824f77eca9c2c99f1bd,delivered,2018-03-21 19:56:41,2018-03-21 20:10:30,2018-03-22 21:58:31,2018-04-15 15:54:28,2018-04-12 00:00:00
934e266bc66e8ed5bba8266dfde60175,d34a8ca7db5feb905adc5be26b73db8a,delivered,2018-05-15 13:53:48,2018-05-15 14:30:35,2018-05-15 14:53:00,2018-05-21 20:29:24,2018-06-13 00:00:00
20c01dd7a0783578fb672819519685ca,c0e65afe04469997d2af127cd0c461a1,delivered,2017-12-22 12:03:40,2017-12-22 14:31:45,2017-12-28 17:40:04,2018-01-03 16:48:16,2018-01-12 00:00:00
a5db4dda9494589c58100f1e13ce8097,eff952e59e0d43559768661a9c4b210a,delivered,2018-05-08 17:05:33,2018-05-09 03:33:44,2018-05-10 14:28:00,2018-05-11 23:00:01,2018-05-16 00:00:00
59bdf4abef7b3ebc43ac9d4865b426d9,3793e5d3d97888a2b00e026d9687f599,delivered,2018-08-20 16:18:27,2018-08-22 04:04:19,2018-08-22 14:06:00,2018-08-27 15:38:36,2018-08-29 00:00:00
0ae17ad341b336248ad884272d8c1c93,0987ed023b037114d6e4e6744f2152bf,delivered,2017-09-01 21:52:16,2017-09-01 22:25:36,2017-09-07 00:23:50,2017-09-20 10:16:07,2017-10-02 00:00:00
5b567e97fb4f455c9305e7890ffc45a1,a17379355d175051cd04d15d85bf8285,delivered,2017-10-19 17:41:07,2017-10-20 17:35:26,2017-10-23 21:26:06,2017-11-08 20:09:21,2017-11-10 00:00:00
8669133949d3dda2b99bec214c2c299f,e8bf7898e3d1f0e694fb4adaa8821b7e,delivered,2017-09-01 11:58:14,2017-09-01 12:10:18,2017-09-02 13:18:08,2017-09-11 15:33:47,2017-09-21 00:00:00
53d6ff29496a8aec64f36ab9a4691d77,a0f18dd3d5b853e05a329f09ced35fdf,delivered,2018-08-11 17:00:12,2018-08-11 17:10:12,2018-08-13 13:40:00,2018-08-16 22:42:45,2018-08-28 00:00:00
2353c3b67536350ec12490aaa0b01c39,c998e4273d84997ed8b850f317f269cc,delivered,2018-06-13 11:31:18,2018-06-13 12:33:11,2018-06-14 14:23:00,2018-06-15 13:17:02,2018-06-25 00:00:00
8d479903c614edab18560e56c5b535e3,2cdd06089f2dbbb0d7cdf90eb66ee406,delivered,2018-04-25 17:18:45,2018-04-25 17:52:24,2018-04-26 14:00:00,2018-04-30 15:02:43,2018-05-21 00:00:00
99ad48402644a3968f2481defdc57947,abc709e0756f508111c68314b00cec25,delivered,2017-08-07 16:36:51,2017-08-07 17:20:06,2017-08-12 00:03:35,2017-08-10 21:22:31,2017-09-05 00:00:00
14a54a1ffd16f037929c4553a244f9ed,f51dd48ef39ca937e5f1c9e87f6f2881,delivered,2018-04-02 12:50:49,2018-04-03 08:09:01,2018-04-04 21:58:23,2018-05-05 16:51:54,2018-05-07 00:00:00
d725835898fee2ec8063d4aa035bf2dc,02e9e4af4b3ac6cd523d656776e0580b,delivered,2018-01-04 18:27:34,2018-01-05 02:36:44,2018-01-05 21:09:41,2018-01-16 21:09:13,2018-01-31 00:00:00
561d2ce55a3b6c040a6ba77fa5428056,ae9dcc4124363f82adbd2148d6e240b7,delivered,2017-10-09 14:53:21,2017-10-10 04:07:59,2017-10-10 19:43:53,2017-11-15 01:11:56,2017-11-17 00:00:00
36d2f4c466cc35f518fac94f87653109,ae276554ae951afd264f67a513ae3b0c,delivered,2018-08-16 08:20:16,2018-08-17 03:31:07,2018-08-20 15:16:00,2018-08-22 21:38:36,2018-08-28 00:00:00
3bfd4e221ebf6b1a72ee73a74bdeec8b,157174b2ef72b1c700c5b65e7536d6ba,delivered,2017-02-20 10:34:41,2017-02-20 10:45:17,2017-02-21 15:53:09,2017-03-03 12:29:10,2017-03-27 00:00:00
1cc4e549e16c732db4d9228fce789407,3146904311eaf296187c7c7768d78210,delivered,2018-02-27 09:57:31,2018-02-28 13:15:30,2018-03-02 18:37:49,2018-03-26 23:24:26,2018-04-06 00:00:00
712c3c76ddb4bc5fc94f6643096cb289,6c9c8a2de23ec5eaed4eae5905a1f9a5,delivered,2017-12-04 11:21:07,2017-12-04 16:31:35,2017-12-05 15:35:18,2017-12-07 19:56:51,2017-12-21 00:00:00
f2535daabe28822430b59874e07594e2,cb59dd410e591d5b2ff9247cfb8fbdb7,delivered,2018-03-22 10:29:19,2018-03-23 02:30:48,2018-03-26 21:07:53,2018-04-16 18:37:31,2018-04-19 00:00:00
7e44996f9c5d93e3f1fccddf9cf0b4bf,2366d8efd1501a7983ee949c05a7d2d8,delivered,2017-08-12 10:25:24,2017-08-12 13:23:17,2017-08-14 16:05:52,2017-08-21 21:17:56,2017-09-05 00:00:00
1a945a3b76b7ad9955320a6a9000b567,fff1da51c6d3b52986925d7bcd8a6d30,delivered,2017-05-20 19:16:32,2017-05-23 03:22:56,2017-05-23 15:43:29,2017-05-29 19:07:42,2017-06-19 00:00:00
6ea9f2cd206705f2638e4d3db4698031,f97bf3effadbdb9e5c865d0ce0eb383d,delivered,2017-05-06 11:30:56,2017-05-06 11:45:12,2017-05-09 11:27:15,2017-05-23 09:28:44,2017-06-02 00:00:00
8bf44eb0d19208f9bde92d553a6bf064,c9ce39e0afb9566e57195003b8484a27,delivered,2017-10-30 22:57:40,2017-10-30 23:40:07,2017-11-07 12:28:58,2017-11-21 20:23:12,2017-11-24 00:00:00
948b0fc24560214f3ef7ed2830a5ff54,05eb10f9b30c4ef1f4e16f679d0507b5,delivered,2018-06-19 09:26:36,2018-06-19 09:58:07,2018-06-19 14:06:00,2018-06-26 00:48:28,2018-07-20 00:00:00
4a385052190a8e86f56e617e88b824e5,24711ace3546b459eb7b1adea4b90eb2,delivered,2017-03-27 00:36:00,2017-03-27 01:01:35,2017-03-31 08:03:21,2017-04-12 15:41:59,2017-04-25 00:00:00
73907e5b1a70acbad15cc31c03637032,32fa504c86bedf737265d5543514c2ae,delivered,2018-05-16 19:57:22,2018-05-16 20:16:41,2018-05-18 13:51:00,2018-06-04 17:36:27,2018-06-12 00:00:00
7d7eb2e2176ecc1a4e649624c46799fb,4bec6258afa662db2ba5c04e01df955f,delivered,2018-01-22 22:38:55,2018-01-24 13:06:24,2018-01-25 17:51:39,2018-02-06 21:34:40,2018-02-16 00:00:00
a5620acefef1ff8fa8f9c4f823f5a2a0,7490dd457ddcb2b010e76183a693d008,delivered,2018-01-29 11:15:34,2018-01-29 11:31:00,2018-01-30 21:23:32,2018-02-05 20:18:48,2018-02-26 00:00:00
784df479a4539ae049540a6578cbb39c,2affc664ba3270af9f5c0fda2c70d33f,delivered,2018-06-19 16:43:38,2018-06-19 17:05:15,2018-06-20 11:28:00,2018-06-25 21:21:37,2018-07-25 00:00:00
21a464b47cbed6570cb9086c34959ce6,b284036463fbc9fb63d6c0136583ff5b,delivered,2017-12-05 15:02:54,2017-12-07 15:31:56,2017-12-11 12:58:16,2017-12-16 12:01:23,2017-12-29 00:00:00
8891d9a0e471cfce188b5ba26ab4deb3,f28c324210f50213fb650245fd97917f,delivered,2017-04-10 17:12:52,2017-04-10 17:25:27,2017-04-11 12:20:49,2017-04-19 12:36:34,2017-05-02 00:00:00
555256eeec3c2ec4e64208bfad2ed800,60bee84236f67b60b8dc3d2322bdd1ea,delivered,2017-12-06 17:23:28,2017-12-07 03:15:39,2017-12-11 17:12:57,2017-12-12 14:37:24,2017-12-22 00:00:00
e38ff07f7864e8fd4fd51687cba79d89,c797b71f23c93883498e7fb8080ce240,delivered,2018-07-16 23:38:12,2018-07-16 23:50:17,2018-07-18 17:04:00,2018-07-24 20:33:48,2018-08-06 00:00:00
867b894c187b59ff2425447c7c13c898,54e48967bdd8f9f11e9cd595daf48828,delivered,2018-06-07 21:25:37,2018-06-09 02:57:19,2018-06-11 09:44:00,2018-06-14 19:56:32,2018-06-25 00:00:00
8c4bbf2fb218d1ac2fc4fc082c238d64,8b2b23a05a38be46121f4f5d2f0e4f99,delivered,2017-10-03 21:09:37,2017-10-05 02:49:48,2017-10-06 21:03:55,2017-10-23 21:11:32,2017-11-07 00:00:00
b68f6efd1214a39bd3f44cf6e6ed42d8,018c9981e6704cf8fff79db3332a12f7,delivered,2018-02-14 14:52:59,2018-02-14 15:08:25,2018-02-15 15:04:42,2018-03-07 00:53:46,2018-03-22 00:00:00
104b40dd524ac48e7b814ed5eeebcea6,11adb7c0c8b66a834986cd267cefe35d,delivered,2017-10-06 23:32:02,2017-10-06 23:44:22,2017-10-09 19:03:48,2017-10-18 22:09:33,2017-11-03 00:00:00
b7a592c88818dcacf25f151e67f0bd8c,9df082314a3267c298bfc605619007f9,delivered,2017-02-27 08:03:48,2017-02-27 08:21:35,2017-03-01 19:04:10,2017-03-09 16:32:22,2017-03-24 00:00:00
21e37650ff5769ef4eaa10725322d871,b64a7bfbf3742d2e51dfa2ed80fbd7f8,delivered,2017-04-24 23:44:01,2017-04-26 09:32:28,2017-04-27 15:07:08,2017-05-04 15:34:57,2017-05-15 00:00:00
24c8ffda64e11b98ff0fc9fca38bec50,070e9150f3506123fdf71f5a4e1b879b,delivered,2018-02-07 18:12:35,2018-02-07 18:27:01,2018-02-08 21:22:24,2018-02-24 10:13:50,2018-03-08 00:00:00
3638e3fbf46689f0ce1cc201bb343d4d,f84bbf836b31fec910a4cf6228bdd4ef,delivered,2018-03-11 22:21:19,2018-03-12 23:40:38,2018-03-14 19:14:49,2018-03-24 01:19:08,2018-04-02 00:00:00
bb98ebf4863602704a934e547ca8fbee,a9c3ea5497bff2eea60207db6c513717,delivered,2018-02-14 16:28:37,2018-02-14 16:45:36,2018-02-15 19:52:57,2018-02-25 16:47:05,2018-03-08 00:00:00
61016e853ed7b77d222e5a2c38d4a7bb,fb7c663bd0931abefc7a84181a9e7f24,delivered,2018-04-07 20:03:59,2018-04-10 13:55:23,2018-04-12 20:04:08,2018-04-19 18:57:33,2018-05-08 00:00:00
8caa77ff40d44d6d22eb8b3079c3c324,ef3d1f95b166480f4d728f02c1949647,delivered,2018-04-20 19:57:54,2018-04-24 19:24:57,2018-04-23 16:19:08,2018-05-02 18:48:53,2018-05-24 00:00:00
d0acfe7fdbf94c390d7b20b589fa9bbd,33589ba5a512e47cf70035b6ca345250,delivered,2017-08-13 19:33:51,2017-08-13 19:50:10,2017-08-14 16:23:53,2017-08-16 22:25:51,2017-09-01 00:00:00
244fa75a78000346e4055ffd6fabfcce,c577dadeb07228715ffb1ec1549b1c0a,shipped,2018-03-15 10:53:44,2018-03-16 03:45:32,2018-03-19 20:08:54,,2018-04-17 00:00:00
67773c483666d5120da1ff6188d8a00a,1ad479458bb6630f9187cb80530d065c,delivered,2017-11-03 10:22:11,2017-11-03 10:35:25,2017-11-07 23:18:57,2017-11-10 20:44:37,2017-11-24 00:00:00
f92e5fb7bc8594b9ce97ecf12b43cf5f,dfac69a327ba24dac0d50fb8b12ef48f,shipped,2018-04-10 17:11:59,2018-04-11 05:55:20,2018-04-11 19:21:06,,2018-05-18 00:00:00
98efdb0084c7e2b9fd4e49729f5215ff,107191783cdc3bd8d53ffd523e2e4fba,delivered,2018-06-28 20:38:00,2018-06-28 20:50:19,2018-06-29 12:49:00,2018-07-03 16:32:51,2018-07-19 00:00:00
7c71c859e83e35ab16a4bd8c418a5cb8,d7c33449195886112b734c444cd367c8,delivered,2018-02-26 00:15:16,2018-02-27 00:40:22,2018-03-02 19:49:05,2018-03-22 01:21:34,2018-03-20 00:00:00
ea4e52779bff23beea7f77532659a30b,8c42eee51a607d2eec0cdf9b8056b7ea,delivered,2017-05-11 00:06:30,2017-05-11 01:22:32,2017-05-11 10:09:22,2017-05-12 15:32:33,2017-05-19 00:00:00
dcefbcc0abf928c96a94c20fdae4e85d,e42c9ae9146df4772428a04c0a3f5068,delivered,2017-02-07 14:17:43,2017-02-08 03:10:16,2017-02-08 13:56:25,2017-02-21 12:17:55,2017-03-06 00:00:00
02fafd9313d5274736b9740f23006a8d,886518f246372db5ea23a9b6b8852d8c,delivered,2017-11-19 02:23:45,2017-11-19 04:21:51,2017-11-21 22:43:40,2017-11-29 20:23:09,2017-12-14 00:00:00
ec16a756476054ae786f87878df0e047,21a5eeb6e3adcff02126e809508dd9f7,delivered,2017-09-29 09:05:28,2017-09-29 09:23:48,2017-10-02 21:32:25,2017-10-09 23:14:23,2017-10-24 00:00:00
65ebd0b456e1fc3533b4c0645a90b366,87d2005a4d6739b37ba77588e743642d,delivered,2017-08-01 09:49:05,2017-08-02 02:55:58,2017-08-04 20:27:27,2017-08-11 19:04:16,2017-08-23 00:00:00
29150127e6685892b6eab3eec79f59c7,18955e83d337fd6b2def6b18a428ac77,delivered,2018-01-12 20:48:24,2018-01-12 20:58:32,2018-01-15 17:14:59,2018-01-29 12:41:19,2018-02-06 00:00:00
d1de8ecf1530723150f71b04ab779c2a,9891050c95b9961411bdb5e545932176,delivered,2017-08-14 11:07:20,2017-08-14 13:31:06,2017-08-17 17:23:06,2017-08-28 15:45:00,2017-09-21 00:00:00
c782094350460d47f0f37a41f40858ec,b9a91e72d167059b83f3a601e0437ce7,delivered,2018-04-13 01:18:30,2018-04-14 02:31:45,2018-04-20 19:28:27,2018-04-25 17:26:46,2018-05-16 00:00:00
aa0a58e418df41f6352802feb9999599,217cca4dac52c6eacf31baa6b6ce05eb,delivered,2017-04-26 22:18:44,2017-04-26 22:30:17,2017-05-04 12:19:59,2017-05-08 14:57:08,2017-05-24 00:00:00
24e48a0c9fc1cfb4bf9ccfd3dfd7c984,97b5f2f6aafce8ce852721e5458caa49,delivered,2017-06-30 20:42:51,2017-06-30 20:55:17,2017-07-03 09:47:46,2017-07-10 15:35:33,2017-08-01 00:00:00
b9a3648dcf60f6b902216e563c539244,7908543545c1ee554db5fec2777fcfd1,delivered,2018-04-17 21:42:27,2018-04-17 21:55:19,2018-04-18 20:03:19,2018-05-09 20:03:45,2018-05-18 00:00:00
b002315497c6c537b93652174c833488,38e1f78f60f88d5086a4b93252cbcff9,delivered,2018-02-18 11:05:37,2018-02-18 12:07:22,2018-02-19 23:09:31,2018-02-28 18:08:43,2018-03-20 00:00:00
d6a55340021ebcaf3b321d5a34c6c31e,72faca08b5857402402a9fb618084f6f,delivered,2018-07-09 10:03:08,2018-07-09 10:15:41,2018-07-31 13:00:00,2018-08-07 12:33:50,2018-07-31 00:00:00
4bd64e323a8913934e03a501c3f32b71,23432b2b5fffb0c4da71e55901e3acf6,delivered,2017-06-12 22:23:08,2017-06-13 15:45:21,2017-06-19 22:03:37,2017-07-03 15:56:44,2017-06-26 00:00:00
1f77203b7fe6e2c54ddc8dde5276b9e3,74970e00c9c5a5726fd925be7ab372fc,delivered,2017-10-27 14:52:51,2017-10-27 15:32:52,2017-10-31 18:22:18,2017-11-07 22:09:13,2017-12-01 00:00:00
68e77d6af71665b7749d1e4ce51835ae,aa50fbd0f92aff557741ca48da1ebaef,delivered,2017-12-09 16:00:59,2017-12-09 16:10:18,2017-12-11 18:12:33,2017-12-18 15:15:07,2018-01-08 00:00:00
ada72a2d2e2c5621b9391b68e9cfa74b,5e8845ceb28e6e145e2ca71942e50785,delivered,2017-12-06 22:50:42,2017-12-06 23:12:47,2017-12-07 18:42:40,2017-12-27 18:06:31,2018-01-05 00:00:00
fa0516e60526f3547106618fe2482801,d77ebe747b95a93530d2b99f2b2922a6,delivered,2017-07-02 12:03:17,2017-07-03 11:55:10,2017-07-05 14:56:57,2017-07-12 18:36:39,2017-07-21 00:00:00
8399f290ca1022f41024468f3864dac5,62e31e8f94b7e3568fbb38530165052b,delivered,2018-08-14 18:15:54,2018-08-14 18:50:14,2018-08-17 19:55:00,2018-08-27 16:32:50,2018-08-31 00:00:00
bd365efbba0dd1eaba5184a340fb1178,4f662c3ff944e3b1db1deb6a260f6952,delivered,2018-07-03 21:33:39,2018-07-05 16:34:55,2018-07-04 14:34:00,2018-07-10 00:06:48,2018-07-24 00:00:00
642ea6e274946158dea23ad0087bff93,e1f176e360611b9c6783b86bd8988df3,delivered,2018-07-30 11:13:49,2018-07-30 11:44:30,2018-08-01 19:02:00,2018-08-02 18:37:49,2018-08-14 00:00:00
011b8dd4f8c36fd4fcf50643ce91d58a,1477ef68b5dbf1417fead5a9814cf047,delivered,2017-07-07 22:00:51,2017-07-08 22:05:30,2017-08-01 13:17:35,2017-08-04 20:57:27,2017-08-14 00:00:00
7ac1ea2931e42e7c924c13f413ad8fdf,5da52b5f8c79e04414d75ef174b7324f,delivered,2018-05-03 22:49:50,2018-05-05 02:30:04,2018-05-09 08:43:00,2018-05-18 22:24:27,2018-06-01 00:00:00
fadc814c107804fcba00a30e1879b718,96d3939112b286cc2b837edd2c552c77,delivered,2017-08-25 14:42:07,2017-08-29 04:26:07,2017-08-29 16:33:03,2017-09-04 18:48:39,2017-09-27 00:00:00
7b9a4ccb84bc90aa35e862facecfda80,980577f4e75c9ff551133fd18ae0bab9,delivered,2017-12-02 12:46:59,2017-12-02 12:58:40,2017-12-04 20:42:22,2017-12-06 17:24:43,2017-12-20 00:00:00
01c4766d43d50d892132f7bb04d97300,570f691879071b176cf72fd133287711,delivered,2018-03-22 23:11:17,2018-03-22 23:27:34,2018-03-26 20:31:27,2018-04-04 20:52:56,2018-04-19 00:00:00
466a9ffb983d3e662816b47c2108a776,1a36d493cbf1dbe661b3151c57ce247a,delivered,2017-05-18 15:17:59,2017-05-20 04:25:33,2017-05-23 06:15:38,2017-05-31 09:57:41,2017-06-08 00:00:00
4418e54649d925fb8532ff8d11bcea61,79fb413fa9fc055b6da5fdcc04315f94,delivered,2018-07-30 15:43:39,2018-07-30 19:32:09,2018-08-06 14:43:00,2018-08-07 21:32:51,2018-08-07 00:00:00
250ee6904cdb677771a5d0e9d977ed57,bc998a05068c9c63e54fdadeb5635b1c,delivered,2017-06-07 17:29:31,2017-06-07 17:42:47,2017-06-08 13:21:19,2017-06-19 12:37:46,2017-06-30 00:00:00
b586660c5402b54547ea145829f65c77,ddf1bbbf6ee7a758dc41bc7cd17b7150,delivered,2018-03-08 19:20:57,2018-03-08 20:00:22,2018-03-09 23:18:52,2018-03-26 22:11:29,2018-03-26 00:00:00
1a1fc9e9977eb588df5f511a8775fd01,162b3f8f8eabd5b8dd9b3b175169d1f1,delivered,2017-05-17 15:42:31,2017-05-18 15:02:37,2017-05-24 12:37:01,2017-06-01 15:26:36,2017-06-21 00:00:00
a9382cd3e21d2a6ede15bb6709f37a82,e8d18bb238bd74465543e5d246182ac5,delivered,2018-03-27 15:47:58,2018-03-27 16:08:43,2018-03-29 18:25:24,2018-04-05 14:41:13,2018-04-18 00:00:00
2519026edcd7320570b0aa09727ed70f,f94425245e3774567effcd6ee149f770,delivered,2018-01-17 08:56:52,2018-01-18 02:13:06,2018-01-19 01:09:32,2018-01-26 22:53:02,2018-02-09 00:00:00
770a3663e1ccbc4789fbf366a49529c8,60c9c9568fdcbbccfc7ddc387f76e200,delivered,2017-12-01 17:44:22,2017-12-01 17:59:07,2017-12-07 12:25:44,2017-12-22 23:08:59,2017-12-28 00:00:00
0c78080d6694709647442e7efb1d2a5e,027b997d6d188683680b85d8395c6a9a,delivered,2017-10-19 11:56:16,2017-10-19 12:56:47,2017-10-23 21:59:01,2017-10-27 19:43:45,2017-11-08 00:00:00
e547c4009f2792489ad11ee1d89d13de,aebce423ca24fa5fe5b5becdb9eea4d6,delivered,2018-02-10 07:56:27,2018-02-10 08:08:24,2018-02-14 20:04:47,2018-02-22 15:59:15,2018-03-09 00:00:00
14a9489fd3842fb90ea7d555122e3dd3,10d65278087264dde732b5d36336496b,delivered,2017-08-05 00:42:52,2017-08-05 00:50:07,2017-08-07 15:43:43,2017-08-14 22:13:12,2017-08-25 00:00:00
2c93ce74e002f3f6361a3fea3101e1f5,379493be5be99c3daa8b7d628c2820df,delivered,2018-04-17 09:50:44,2018-04-18 02:35:16,2018-04-24 19:26:43,2018-04-27 20:22:03,2018-05-10 00:00:00
c5effd8bae9508c0e96b2e32b5dc66d8,4555082ae3a3f83217d01f34c4640dd6,delivered,2018-05-23 12:48:49,2018-05-23 13:16:33,2018-05-24 13:51:00,2018-06-04 20:52:42,2018-06-12 00:00:00
2a28f1cc22bf3914a246fdbd73d9845a,dc82000cb283abaadbbaa9531db1fad2,delivered,2017-09-02 20:13:38,2017-09-04 17:04:35,2017-09-05 19:08:04,2017-09-14 18:05:00,2017-09-21 00:00:00
388b2569708a53d1d960db2579b1b2ab,d0dc9ac54813401181711c920b8b5a52,delivered,2017-10-03 13:21:24,2017-10-04 03:04:09,2017-10-06 22:23:36,2017-10-16 19:46:40,2017-10-30 00:00:00
beaa9a04baa88f8e5bbf8dc2f28a1c54,51dc1b98963d078a8af6b7543716815f,delivered,2017-04-14 22:47:09,2017-04-14 23:01:55,2017-04-17 15:32:08,2017-04-20 13:24:19,2017-05-12 00:00:00
9f978ecad138d859f6e9e08ed6b7cbda,05514af0c7b72bac8a4515ff7d4cd9e2,delivered,2018-07-05 19:26:53,2018-07-05 19:35:17,2018-07-06 11:16:00,2018-07-26 17:18:40,2018-08-08 00:00:00
7c638ebd9a22fdf7ccaea280a3aa351a,b51e528978d85b18b1e29f5e915a93b9,delivered,2017-11-30 18:41:47,2017-12-02 18:38:33,2017-12-04 18:09:51,2017-12-22 23:22:26,2017-12-28 00:00:00
9a9b8909d5262facaf818727cf3c9251,91a056f577f8c06e6c7adf6364df486c,delivered,2017-07-24 12:27:14,2017-07-24 12:43:03,2017-07-26 14:23:24,2017-07-31 13:42:42,2017-08-11 00:00:00
7d25548e9af30c1edc5c6c42690157b0,2180c41db24b7d9232d899dcfa56c10e,delivered,2018-03-16 17:35:48,2018-03-17 02:35:39,2018-03-21 23:48:30,2018-04-03 01:03:52,2018-04-11 00:00:00
f6284b20e702b2576ee9a3531fde571d,b9e21fd96c08b1563793c5def420b9a3,delivered,2018-07-20 08:47:09,2018-07-20 09:03:24,2018-07-20 11:48:00,2018-07-28 16:18:37,2018-08-08 00:00:00
2f839b79d9954ebfedeeba654f0f3de8,cb2906897f54322ccb67f79029cb09d1,delivered,2018-03-26 14:40:10,2018-03-26 14:50:21,2018-03-28 21:46:43,2018-03-29 22:56:31,2018-04-10 00:00:00
85cebb5f41967daca44f7c7883856f96,9668acd4745aa7554baf734a6e880ac0,delivered,2018-01-19 20:20:18,2018-01-19 20:29:53,2018-01-25 18:09:19,2018-01-29 18:39:36,2018-02-20 00:00:00
8065d94a1a325faa7f4302d26b975a2a,0443e05743c50517e46e895fddad6664,delivered,2017-04-16 19:48:10,2017-04-16 20:01:58,2017-04-18 15:47:03,2017-04-25 14:33:42,2017-05-08 00:00:00
20938e71db5109f6d94e93f5263c82c2,e52731ff356f8332488e9eb09a5bccc7,delivered,2018-05-15 15:28:49,2018-05-15 15:56:02,2018-05-16 12:33:00,2018-05-17 21:27:48,2018-05-23 00:00:00
6c49d31e69b107dfcd20d06bf4141749,ed37d5eecbd5eab949ceb8d49c3d10f3,delivered,2017-12-01 11:21:03,2017-12-01 12:31:34,2017-12-01 22:18:56,2017-12-04 22:42:09,2017-12-19 00:00:00
225ea0d91610c70a8fa346b8953c75bd,904191410a14946b47cd30c1a3d29ba4,delivered,2017-09-01 09:35:30,2017-09-01 09:45:16,2017-09-07 00:22:31,2017-09-19 18:07:30,2017-09-25 00:00:00
6c355e2913545fa6f72c40cbca57729e,d95ca02ab50105ccce682bdf9ffdc3b4,delivered,2018-07-25 14:47:45,2018-07-27 04:05:19,2018-08-01 12:36:00,2018-08-11 10:46:38,2018-08-21 00:00:00
2cef31063d49c0d832ca9bd13bbb727f,7f3c2e6516da8ec689dd5729e8772c95,delivered,2018-07-31 19:30:23,2018-08-02 05:15:13,2018-08-02 16:20:00,2018-08-06 16:28:39,2018-08-23 00:00:00
a589caa6892ceacc6bbf2f8cc30a8ad4,a77486452cbf830a5f60aa0a1362e6af,delivered,2017-08-15 17:32:48,2017-08-15 19:10:22,2017-08-17 17:03:50,2017-08-31 23:34:54,2017-09-21 00:00:00
5890a9968745a4abfa3f8b06cc29803d,de891ed7723353b59b3b60b8090ac8b1,delivered,2018-06-01 17:57:02,2018-06-01 18:11:24,2018-06-05 11:22:00,2018-06-08 21:57:20,2018-07-05 00:00:00
4aa0a4cc479d198113baae85bbb801c8,51a75e928a57e3f215029415a6057a8a,delivered,2017-08-18 14:27:08,2017-08-18 14:45:08,2017-08-21 20:45:51,2017-08-25 17:09:11,2017-09-12 00:00:00
79ab5b6fc395da7c651361c30e2f829f,e1bfc96132ebd948ec1d6a5deb2ef2d5,delivered,2018-08-11 10:13:13,2018-08-11 10:25:15,2018-08-14 16:45:00,2018-08-20 17:02:40,2018-08-24 00:00:00
44de0afee520be53cfddd8428eb63160,7ecbbee802d80c24f32bf5945c1ea36e,delivered,2018-08-05 19:26:12,2018-08-05 19:44:24,2018-08-06 13:09:00,2018-08-07 17:12:10,2018-08-14 00:00:00
d012bfc203fbb4ce9a0b4e19c4dcb375,a74dc36fcd7b3552e221b5ce1abf2021,delivered,2017-09-25 00:09:26,2017-09-25 00:24:26,2017-09-26 18:33:15,2017-10-31 23:52:03,2017-11-16 00:00:00
1ff6b6e2d9228261632d6b51a07620c0,5066428ec61261380bd6272ca1555be7,delivered,2018-01-08 17:35:37,2018-01-08 17:48:51,2018-01-09 23:33:13,2018-01-19 20:15:43,2018-02-22 00:00:00
ce5cbf2f45858052b9bc0af3690399cc,05b508111ffafb003a1baa8e9cabfcd6,delivered,2018-02-04 17:12:49,2018-02-04 17:49:15,2018-02-05 23:38:39,2018-02-23 02:39:06,2018-03-12 00:00:00
389301eaf2a20607b502d4e224ed1d4b,2976d663596dda9e709bc788d398e249,delivered,2017-12-14 19:42:13,2017-12-14 19:51:22,2017-12-15 20:10:17,2018-01-02 17:32:46,2018-01-16 00:00:00
b75559e68bdb9a0a3526bb2995f093da,1b806ef4577088d9b4ff4f5c686ebd1c,delivered,2018-07-18 21:15:01,2018-07-18 21:30:16,2018-07-19 10:42:00,2018-07-24 16:42:25,2018-08-09 00:00:00
0d55a4ad122b3601a52796338c4779b9,2203d5bbba00c98e240e12eba2e9f4f6,delivered,2018-06-05 12:47:42,2018-06-05 14:32:00,2018-06-06 12:47:00,2018-06-14 18:41:43,2018-07-18 00:00:00
e406f3cf4b3e23077d22eb4346d6471c,421e69b9c8a123f396f26466112eafeb,delivered,2018-08-13 03:00:59,2018-08-13 03:15:08,2018-08-14 13:15:00,2018-08-20 21:04:38,2018-08-30 00:00:00
ac749ba86f21016ea662fad04ef95ea5,0649036af5cb2765fd1e2136b8cfa3a5,delivered,2017-12-13 16:27:27,2017-12-13 16:38:25,2017-12-14 17:52:26,2017-12-18 21:10:03,2018-01-02 00:00:00
2f382dc90733d9d7e7db788f9a954fbe,e2157bd7eb4af4b0cb8cc0fd2ef04bb0,delivered,2018-01-12 13:50:31,2018-01-12 14:08:36,2018-01-15 22:21:46,2018-01-20 19:18:46,2018-02-09 00:00:00
1b6a74c497e59ff5342e7a1adcff98af,65a6f4c14c4f4d24b78e093371a0e0ae,delivered,2018-07-01 09:42:47,2018-07-01 09:50:11,2018-07-03 14:15:00,2018-07-23 17:24:49,2018-08-16 00:00:00
2b4800ad28ed1d6ab914d07099877342,a73ef7d9d48a60476c2abb05adf31c41,delivered,2017-06-14 04:01:34,2017-06-14 04:15:05,2017-06-14 18:32:03,2017-06-21 15:53:54,2017-07-07 00:00:00
069370014d6465fb28770cd9449402c5,7e0e83d690e02b4ca1eeb1bb4386a304,delivered,2017-11-21 20:32:21,2017-11-21 20:39:33,2017-11-27 22:04:13,2017-12-22 18:33:47,2017-12-14 00:00:00
0e92646f0fb7e56168e677965e18c1f4,cf4be625e0070bcbf7f49a3f9bad0244,delivered,2018-04-20 08:36:34,2018-04-24 17:13:49,2018-04-24 17:32:27,2018-05-09 20:52:42,2018-05-21 00:00:00
842d9fa6a8cc47a3c8d3021592debe74,d7d354c83af0580674b719fc3f8eeddc,delivered,2017-10-10 09:36:44,2017-10-10 09:49:20,2017-10-10 18:10:16,2017-10-19 15:03:42,2017-11-01 00:00:00
563c431a361a75cff783684f644d7601,e12afe781ce57ef49bbb9cd678295197,delivered,2017-11-16 13:55:14,2017-11-17 04:15:45,2017-11-17 19:01:47,2017-11-27 21:17:11,2017-12-14 00:00:00
a548910a1c6147796b98fdf73dbeba33,8a2e7ef9053dea531e4dc76bd6d853e6,delivered,2018-02-28 12:25:19,2018-02-28 12:48:39,2018-03-02 19:08:15,2018-03-09 23:17:20,2018-03-14 00:00:00
23fbdff7118cf3f2b0f4eb5b74f6ee2f,b03f7ab5ddbcc000daba51e85edc1948,delivered,2018-02-21 19:25:41,2018-02-21 19:49:21,2018-02-22 19:28:01,2018-04-21 19:04:28,2018-03-16 00:00:00
24f926887373bfb98b4f309ecabab893,555b1e44ad963442f965bb44230728ac,delivered,2017-07-04 15:10:02,2017-07-05 06:44:23,2017-07-05 11:23:56,2017-07-10 19:43:32,2017-07-24 00:00:00
57edfe6486364c7777241f5ab5902715,1a655f9c2a5fd2c3e77940ffdc848989,processing,2017-06-13 10:51:54,2017-06-13 11:03:07,,,2017-07-10 00:00:00
00ac05fe0fc047c54418098eb64e3aaa,8935036852a292fe1f61a03c7d51831d,delivered,2018-02-18 14:19:55,2018-02-18 14:30:55,2018-02-21 10:12:12,2018-03-02 15:03:16,2018-03-16 00:00:00
fc2a4d7b806b8d5572a052da4a5a6bed,1bdf1e81149f891e3a9c7bdcb9fb7d8b,delivered,2017-06-18 21:51:21,2017-06-18 22:05:23,2017-06-22 10:03:09,2017-06-23 10:51:24,2017-06-30 00:00:00
715fcad4ccf80801995de682dd4be9c7,68997e7efe0a8f5ba065b8b8dfa707c8,delivered,2018-06-05 09:37:50,2018-06-05 09:51:39,2018-06-05 12:09:00,2018-06-12 13:12:46,2018-07-11 00:00:00
286c1f7d3430ca672080275dae8e9498,8213f342f266ee71f8a3f23c9c4badc3,delivered,2017-12-02 17:19:49,2017-12-05 04:14:01,2017-12-07 02:44:52,2017-12-11 15:44:49,2017-12-20 00:00:00
410f656a6bd0dbfa2878c0c237eed2f3,15f8b4790c9e3eadc284869225837d98,delivered,2018-03-01 14:08:33,2018-03-03 02:35:41,2018-03-05 12:54:42,2018-03-17 11:36:28,2018-03-20 00:00:00
2cfe209d12c9f696a44bd5529cdd7138,64753b1a0fc722c90632f9d9fb9d670d,delivered,2018-01-04 10:57:34,2018-01-04 11:51:27,2018-01-05 20:19:52,2018-01-12 23:32:20,2018-01-30 00:00:00
b6cd84e6c9328ed77a9e0401e661eeb8,776d24c2bd8c17b3c32f753308c0a8be,delivered,2017-05-11 14:39:36,2017-05-11 14:50:18,2017-05-13 07:23:36,2017-05-17 12:23:04,2017-05-31 00:00:00
e0f28c50304079bb45ad32f343e4992f,25ce0615a5282ef6576e9fb0faffaf23,delivered,2018-03-06 00:47:51,2018-03-06 01:09:01,2018-03-23 19:16:33,2018-03-26 20:34:56,2018-03-28 00:00:00
86402904f3cfc1ddf74a29dde72588f5,21629445d0959472c635563937c1bca8,delivered,2017-10-23 16:12:26,2017-10-23 16:38:07,2017-10-26 12:15:11,2017-11-07 20:13:04,2017-11-16 00:00:00
9484a3055b7d1217496689d361a9edbb,e25ce664a7a85e7ab17848a978b452e0,delivered,2018-06-19 10:40:49,2018-06-21 03:17:34,2018-06-21 15:35:00,2018-06-22 19:15:03,2018-07-04 00:00:00
ede1ae813d155e5d908cc6209fb95301,4e29ae10918438fa42da59c0d63787bf,delivered,2018-08-19 14:29:37,2018-08-20 12:11:54,2018-08-21 12:16:00,2018-08-30 16:54:33,2018-09-06 00:00:00
ed5c53daefe487fab95ccd2afaf61bb0,b91251b81f7e08e8120571f2f4f88e0f,delivered,2017-01-22 21:56:13,2017-01-22 22:05:16,2017-01-23 16:19:47,2017-01-26 14:23:47,2017-02-20 00:00:00
c9e34cb3b2bd60fe61896bef7a946678,cb8b25b7698ba72968a5defcae2a9834,delivered,2018-02-28 12:01:00,2018-02-28 12:15:32,2018-03-02 00:22:37,2018-03-06 16:19:03,2018-03-16 00:00:00
33cd2b3de2ec32a78518fd9a66c98641,eb0c867b626b00b70a9995eb0333ff47,delivered,2017-11-10 11:00:27,2017-11-10 11:11:06,2017-11-10 19:52:04,2017-11-13 15:17:46,2017-11-24 00:00:00
f142ccab4f2274122d3b10c539737deb,00b5072ef1192bc4d02e1d6264317bb0,delivered,2017-11-23 20:44:55,2017-11-23 20:55:39,2017-11-24 17:14:30,2017-12-01 22:18:52,2017-12-13 00:00:00
3dc5765d7bb7f88008de8abf29320e5a,b92adfe35ee85a1fade73f9464ff4b25,delivered,2018-06-18 13:20:47,2018-06-19 13:17:27,2018-06-21 16:32:00,2018-06-22 14:24:37,2018-07-03 00:00:00
e9171c81ed4eab3e5c786817857e055e,0dfe857890cd60cb917b69f809cb57f8,delivered,2018-02-01 09:43:51,2018-02-01 09:55:38,2018-02-06 22:56:29,2018-02-08 20:39:38,2018-02-19 00:00:00
fee5ae4c3023d564892b2010f3bdbb3e,1ecd79c7fe9185158a620e4cf24cc7d4,delivered,2017-08-30 17:43:56,2017-08-30 17:55:28,2017-09-01 23:53:39,2017-09-08 20:03:55,2017-09-19 00:00:00
65d949ae1a2e6f0e1c65dd06b9fb5eb2,f681e458ef2c62a0c8763e1d0276913e,delivered,2017-09-11 17:51:34,2017-09-11 18:05:10,2017-09-18 20:02:51,2017-09-25 15:42:09,2017-10-13 00:00:00
e869ee66bd99ad6dd1798055c4fe4830,7778ca9beea5b963e1b74322be4c7b5b,delivered,2017-03-14 00:25:55,2017-03-14 00:25:55,2017-03-15 16:16:38,2017-03-31 09:27:32,2017-04-18 00:00:00
96404c3575d9bea57012b0210139a1d6,03318882e195c7e5aace9314477cf957,delivered,2018-04-25 15:13:02,2018-04-25 15:30:17,2018-04-27 11:01:00,2018-05-04 16:12:36,2018-05-25 00:00:00
7856cc6567e7f703152d17ff0c152e3c,3327a56e01d175d6a2885ae4452638ec,delivered,2018-01-20 14:12:25,2018-01-22 14:18:21,2018-01-23 19:04:57,2018-02-01 20:12:04,2018-02-23 00:00:00
acca926ef1cc9a37d04aac404dc87f4a,65c6fbb9e8ef2c11d161d909f15d3fe4,delivered,2017-06-14 14:33:25,2017-06-14 14:45:16,2017-06-20 09:34:53,2017-06-23 10:35:32,2017-07-07 00:00:00
dd34c63644988c1622d4551828ffdf5a,23031cdeaa6bf51645a8c22fbe14e2ad,delivered,2018-03-23 20:26:08,2018-03-23 20:35:39,2018-03-27 00:16:43,2018-03-31 19:18:36,2018-04-05 00:00:00
d8cb3d9dfc6d55658cf0a1f231d03fd8,b5d026ee2af32da660b73742a73fe52e,delivered,2017-09-25 03:58:14,2017-09-25 05:05:23,2017-09-25 14:35:06,2017-09-28 18:51:49,2017-10-17 00:00:00
2042b08cf14adb53b8c4c1189d162375,0610d26be1496feb18be422cb2f8a491,delivered,2017-11-07 11:02:40,2017-11-07 11:15:29,2017-11-08 13:41:39,2017-11-13 14:45:58,2017-11-30 00:00:00
4ac6060d367c21fb5bf12144a6e8f8d2,f7692196c74198c07989ffaed4402a68,delivered,2018-08-12 19:23:50,2018-08-12 19:50:11,2018-08-15 06:47:00,2018-08-16 18:08:21,2018-08-28 00:00:00
0fe66ba925b98652d484ad6af89402e7,6f57e98447337541f81aecf5335ed124,delivered,2018-02-14 14:43:14,2018-02-16 07:56:21,2018-02-21 01:19:14,2018-02-26 18:39:18,2018-03-06 00:00:00
7caa2aaed7e9a56d1bc1004eb7d296e5,8cba14bb8ebdaefa1aa8563ace8ecd69,delivered,2018-07-17 22:29:15,2018-07-17 22:41:41,2018-07-18 14:37:00,2018-07-20 19:54:52,2018-07-25 00:00:00
ae65eec5243045a7ec6e0bffcb14c111,d28519623a224aee84ce327f0f320876,delivered,2017-12-12 14:36:14,2017-12-12 14:49:45,2017-12-14 19:06:21,2018-01-05 23:55:12,2018-01-10 00:00:00
65509bf904f3e4f8179f6abdf50fc37e,b5a4ed1c5f618f5676f65b765e7e7c37,delivered,2017-05-31 07:36:23,2017-05-31 07:50:10,2017-06-07 06:18:56,2017-06-19 14:57:43,2017-06-26 00:00:00
02ef9aa8b6692c2ff049065f5a150c28,d5ef4d5c3a1c273a23a77f366fae4ec5,delivered,2018-08-01 11:42:44,2018-08-01 13:00:21,2018-08-03 15:03:00,2018-08-07 19:38:32,2018-08-20 00:00:00
011080783e02d05b26c8c158b3653a42,7e1d6ae9c77f1010a374656024661408,delivered,2018-06-14 15:22:53,2018-06-14 15:38:55,2018-06-18 16:18:00,2018-06-22 23:36:29,2018-07-13 00:00:00
d3e774a185c0b1b2286ffd6c70abe2e6,54845a8b81a2d3e5b77fa702300da942,delivered,2018-05-04 14:59:32,2018-05-05 14:55:12,2018-05-10 16:39:00,2018-05-21 17:11:55,2018-05-23 00:00:00
f0132f94c77357b3524b93786987c97a,471b794b57ffc0697467f641ef88831f,delivered,2017-07-08 21:43:15,2017-07-08 21:50:14,2017-07-11 20:32:42,2017-07-21 23:23:48,2017-08-07 00:00:00
bf11d6d45abb67220dbfb9b1f8c09efe,b474f5d2fa522b1ab235ad78afcc17ee,delivered,2017-11-19 10:29:28,2017-11-22 03:06:52,2017-11-22 21:42:29,2017-12-08 13:38:40,2017-12-11 00:00:00
fd61138ce1d3b90993c364c076651c9a,be6d65c35659cadb437dbe7b85f45ec8,delivered,2017-12-20 17:11:41,2017-12-20 17:31:14,2017-12-21 15:51:47,2017-12-28 20:26:52,2018-01-15 00:00:00
c89917453d2eed2cf55323bafe4bb091,65952c83b682892cce0f55fffe3240c0,delivered,2018-01-23 13:45:29,2018-01-24 07:12:34,2018-01-25 21:12:42,2018-01-30 12:49:09,2018-02-19 00:00:00
ef29bdd3a72229e6ea76fb22871eb176,ff83d65f64369c7efaa074eb0a13c433,delivered,2018-01-15 22:45:22,2018-01-15 22:55:25,2018-01-18 15:49:11,2018-01-24 19:49:15,2018-02-09 00:00:00
6a41b5634ac2837b5b88bf9796f9021e,4a984bb438e7bde091f75e16211ded9a,delivered,2018-04-13 21:40:26,2018-04-13 21:55:18,2018-04-14 16:47:58,2018-04-25 21:32:04,2018-05-14 00:00:00
6212219326faa53d27b3f4c41e98b997,01fa00e0304cfe9ec92334b323841744,delivered,2017-10-18 21:54:17,2017-10-18 23:28:19,2017-10-20 13:17:52,2017-10-24 17:10:47,2017-11-08 00:00:00
1cd0a2330def1be519e011cc6ef20db4,3cece65c04345bbf576cca0ee4059189,delivered,2017-09-23 10:41:51,2017-09-23 10:50:20,2017-09-28 19:51:53,2017-10-04 14:18:09,2017-10-25 00:00:00
866a7ce3c98440860896ec4ed2960d8f,94113d07119d71e7e7af590e048e5d64,delivered,2017-09-20 14:41:56,2017-09-20 14:50:28,2017-09-22 17:46:08,2017-09-27 20:51:31,2017-10-13 00:00:00
4ec40a7013b2b2e20429009214c283b4,0df8646043b2e16cb9d33ac55f0dd5b3,delivered,2017-12-03 15:45:51,2017-12-03 15:55:26,2017-12-04 23:48:38,2017-12-07 18:45:44,2018-01-05 00:00:00
8113e5717c966d7abf2b6ebda89a6e08,bbac12062d60100203aacb2953aa787d,delivered,2018-06-29 12:06:01,2018-06-29 12:15:18,2018-07-03 12:05:00,2018-07-04 17:48:34,2018-07-23 00:00:00
709e7bb6791d4380ca6db3451e9e6a68,dc1de95ecee234f733b2ea358c00cc01,delivered,2017-08-27 19:48:58,2017-08-29 04:25:45,2017-08-29 20:17:35,2017-08-31 22:37:41,2017-09-15 00:00:00
e701302a71c93540976fdf3ce3a149bd,8877f3c1264d413a5033eca3d7510da2,delivered,2018-08-01 21:35:51,2018-08-01 21:50:24,2018-08-02 15:55:00,2018-08-06 16:39:01,2018-08-29 00:00:00
d2a63eace67f829427a227b535bf9b5c,e3d6d9186c71175ccfb7215598b6ade1,delivered,2017-06-05 21:14:01,2017-06-07 02:45:29,2017-06-08 16:57:31,2017-06-16 14:15:38,2017-06-28 00:00:00
f8f5a61defba49f13a7e21a369026f04,061f51318d40630bda76e35b9a222fab,delivered,2017-10-18 11:13:23,2017-10-18 11:28:27,2017-10-20 11:26:48,2017-11-27 23:24:46,2017-11-10 00:00:00
9c9036dccc18ec72597a1abafc18d3b4,651a93e609de83580b7e073e997f7631,delivered,2017-08-09 14:57:39,2017-08-09 15:10:13,2017-08-09 20:09:51,2017-08-14 15:04:19,2017-09-06 00:00:00
c037dd9db2ac27aa44381219612e91ba,a8912cdd90d62f02de79c5c33bdb0718,canceled,2017-11-10 01:45:04,,,,2017-12-07 00:00:00
77c75c0f9b0b1c5417b62c696c4734e5,e8b9bdf215893d907b9c19990c5abd23,delivered,2017-01-16 23:03:40,2017-01-16 23:15:08,2017-01-17 14:16:54,2017-01-24 17:06:00,2017-03-02 00:00:00
ff3d19da0194cd44460fbb6fbf4ed7b3,1aed89625cc79e63d3d4df40671e3d95,delivered,2018-08-22 16:38:09,2018-08-22 16:50:19,2018-08-23 13:05:00,2018-08-27 19:31:33,2018-09-11 00:00:00
1b73309833a72dabf3c1ae88863c3a29,a59197ad42f44f855ec60b6fbbad09de,delivered,2018-05-17 17:03:04,2018-05-19 02:58:54,2018-05-21 16:06:00,2018-05-22 19:56:30,2018-05-25 00:00:00
ee79f3b63e56601a52d07366ebc809ad,4e012433d21ce5df2fac3ea0c678fd13,delivered,2018-07-11 10:42:34,2018-07-11 10:55:17,2018-07-11 15:05:00,2018-07-12 17:51:32,2018-07-19 00:00:00
87ef9c6a3db3017348305df0c36ba7e8,83947378add43559d6b19c280f4c58b9,delivered,2018-02-15 09:06:00,2018-02-16 07:55:44,2018-02-19 20:42:02,2018-03-22 16:18:47,2018-03-08 00:00:00
2eb75364afee3e3651da6cdf9f57c6e1,5eb40382c1dbf804eca55c21d78a5e96,delivered,2018-02-26 20:31:52,2018-02-27 22:48:10,2018-03-01 19:47:52,2018-03-29 11:18:50,2018-03-19 00:00:00
bebd919bf27a323f7af0bf4a0133ca16,fbe5c1c5f309046936a6c8554e524b83,delivered,2017-05-28 21:00:17,2017-05-28 21:10:18,2017-05-29 13:10:58,2017-06-09 14:32:56,2017-07-03 00:00:00
e3ca8512cce88f749da2df4e25e22b03,1588e8e4bfd54dfc5ee6acf782e19076,delivered,2017-11-17 15:29:21,2017-11-17 15:50:34,2017-11-21 15:43:10,2017-11-30 15:09:23,2017-12-14 00:00:00
daf525cd8a634a1b49dc7b09d332d85d,3b5c6ae5bcbebdd3468176e0046c113f,delivered,2017-05-05 20:43:13,2017-05-05 20:55:20,2017-05-08 15:44:47,2017-05-12 23:55:59,2017-05-30 00:00:00
b4c254669bc6861dd75db0886ad8bf97,aa7952d8d899ac673b521d68423423fc,delivered,2017-05-09 18:24:41,2017-05-09 18:35:16,2017-05-12 12:37:34,2017-05-22 15:56:34,2017-05-29 00:00:00
64f34bab2e734411350236e1bb97c8ca,3f94c09c6b5414837a4d133efbbe7677,delivered,2018-06-07 14:48:29,2018-06-07 15:19:13,2018-06-11 14:14:00,2018-06-14 15:06:41,2018-06-25 00:00:00
eea4bc8cadd431cb46a8349ae705a2f3,c57c45bfefa977ef5d181a37ad5650c0,delivered,2017-07-27 14:09:40,2017-07-28 14:23:49,2017-07-31 18:39:04,2017-08-11 17:56:05,2017-08-25 00:00:00
51897b5909b133e69594d2c560115a71,a4132628628628983c809d9a99c71feb,delivered,2018-06-13 09:45:14,2018-06-13 09:57:04,2018-06-13 14:36:00,2018-06-18 14:58:57,2018-07-13 00:00:00
c467181d4844c139feaec6947fd94606,9b0921ec304b8c9ed01d2992cebacc8b,delivered,2017-04-27 21:34:10,2017-04-28 12:53:52,2017-05-09 08:19:32,2017-05-22 08:23:58,2017-06-19 00:00:00
f22ef2baecb171381117e0ce752cf282,c8c1f0597230ba044bb8cfb67fd31dd0,delivered,2017-07-28 12:32:59,2017-08-02 08:34:24,2017-08-01 17:47:58,2017-08-28 20:09:04,2017-08-31 00:00:00
0c4a286213e6b3657aa94773d386a229,082494e1ad97fbe3fd2efb729b24e252,delivered,2018-03-20 13:43:33,2018-03-21 13:47:46,2018-03-23 15:02:20,2018-03-29 21:06:18,2018-04-06 00:00:00
d0523aba4d0666705474932558a1d89c,52d62f45eeb17ae522c86d2c5c64061e,delivered,2017-06-29 13:36:08,2017-06-30 12:35:18,2017-07-03 08:49:21,2017-07-10 19:25:28,2017-07-21 00:00:00
5d86dc1cd453634d7deca975d23fe39b,0fddc72936ca7ecca93b3e77a3bece43,delivered,2018-02-18 21:44:22,2018-02-18 22:50:24,2018-02-20 20:32:47,2018-02-26 21:58:58,2018-03-09 00:00:00
6d1a62fa0b7ad62bdea639088be1e5f5,61c87a5633bf0012750ebd333e1db8a9,delivered,2018-07-25 13:09:24,2018-07-25 13:24:20,2018-07-26 08:18:00,2018-07-31 12:44:58,2018-08-15 00:00:00
b30db4148d5398cbf696c239d830b233,4157ca2b5771810949aeb38296f9e40d,delivered,2018-05-23 21:11:01,2018-05-23 21:37:07,2018-05-24 15:29:00,2018-06-04 23:17:28,2018-06-19 00:00:00
93d1d708e3c14a6565de485c5f62b516,900b190def9c4ed21975358a4d6ee91f,delivered,2018-07-23 21:58:32,2018-07-25 02:44:26,2018-07-26 09:59:00,2018-08-02 16:44:24,2018-08-20 00:00:00
cf17fd8b07b3f141a06b72954410e285,b46c44064f73e6285798a677368257bb,processing,2018-03-30 17:27:38,2018-03-30 17:47:23,,,2018-04-26 00:00:00
6703cbd67193e32ea4174d97832a16bd,038040c89822d9d8f9899972c5673ef1,delivered,2018-05-06 12:15:19,2018-05-07 21:16:02,2018-05-11 13:31:00,2018-05-17 19:17:25,2018-06-01 00:00:00
096375c5433ecff9fd971ca2bdd40f1b,0639f89df53967e960faa234c3235d1f,delivered,2018-08-02 21:43:54,2018-08-02 22:15:30,2018-08-06 16:39:00,2018-08-14 17:14:47,2018-08-23 00:00:00
623716bbf6906482f613440819f26f3d,d86a7f223ce234dbeb9b8a43e492d4a1,delivered,2017-05-02 23:05:38,2017-05-03 15:42:10,2017-05-04 11:51:20,2017-05-16 09:58:42,2017-06-06 00:00:00
4b9cf74b2132266bf6d3342a77342433,ff49e6d9cca102ee3a979a7712ca7859,delivered,2018-05-15 16:54:44,2018-05-15 17:55:28,2018-05-16 15:26:00,2018-05-18 18:22:35,2018-05-25 00:00:00
2583d08371c2662c10a4db6a9d158826,a301c3aa2a9c849d317d3d64196edace,delivered,2018-04-22 11:33:47,2018-04-24 19:04:34,2018-04-23 21:26:37,2018-04-24 21:56:40,2018-05-09 00:00:00
a24d66d387ac209f98ea7b4eae586336,5ebebd4710a81de7cca923de0740a6d0,delivered,2018-07-23 19:48:06,2018-07-24 10:31:41,2018-07-25 14:13:00,2018-07-28 20:48:20,2018-08-10 00:00:00
0974bbaa486709066c644587a5cb6623,a4ebd6f335462d496189929f5f84b64c,delivered,2018-03-27 21:20:40,2018-03-28 02:35:30,2018-04-02 10:03:32,2018-04-05 15:48:48,2018-04-13 00:00:00
b9d5be766cad3958ba4a2f0137257bb9,e4b08bf78efcc6cdf41eb30e4327c460,delivered,2017-12-08 21:23:40,2017-12-11 14:30:32,2017-12-12 21:58:44,2017-12-16 00:28:29,2017-12-27 00:00:00
f4c47c5163aecbdc7ce04fa55857b332,a75907958158e25506f50ad5fcd605c0,delivered,2017-09-30 16:32:28,2017-09-30 16:49:35,2017-10-02 18:18:09,2017-10-09 19:52:51,2017-10-26 00:00:00
106f6c512adbf8efc43791f75692d25c,ad63c8822d109e745e032497a5fffd68,delivered,2017-05-17 12:16:30,2017-05-17 13:05:56,2017-05-18 09:46:29,2017-05-23 10:24:41,2017-06-06 00:00:00
b74fc8a1ce10dc00688327cdc6a992e8,96486d08a86576c33c64790ee3c8ce4a,delivered,2017-05-12 19:08:56,2017-05-12 19:15:12,2017-05-15 09:13:04,2017-05-22 13:47:38,2017-06-07 00:00:00
abab6e4d0ebbe62f0469fc4800cd6e0d,889b4cac5719e9240c611a26cc31583f,delivered,2017-06-28 15:04:13,2017-06-28 15:23:41,2017-06-29 17:33:56,2017-07-05 18:52:01,2017-07-11 00:00:00
38508d9b65e1ac5f7dcb2dcf162375ea,53aeb29dc2e7dd0d2259f60ae35c157a,delivered,2018-05-19 20:57:14,2018-05-20 00:42:45,2018-05-25 14:34:00,2018-06-04 17:58:48,2018-06-05 00:00:00
029f7a5aabaadfcdfe8c0eddb59a1069,745fc498c9bb2df2194e737485a1afa9,delivered,2018-03-05 16:08:35,2018-03-05 16:29:19,2018-03-07 20:33:05,2018-03-08 12:32:08,2018-03-15 00:00:00
86df4a2f1f5cd47ee3f5bf1781240d1a,b0db02848249cbe57e7e5732976ced8e,delivered,2016-10-05 09:19:46,2016-10-06 15:58:45,2016-10-10 15:58:46,2016-10-26 10:38:43,2016-11-29 00:00:00
0e5e60b0cddf73f60eb73fac19f590cf,52222a646829d54aa33a64283f3b5549,canceled,2018-01-28 21:31:07,2018-01-28 21:39:24,2018-01-29 19:12:01,,2018-02-26 00:00:00
0a42de5dfb223e924d95bccacc00fc78,430a3322d71564ee0afcb1a54dce87c5,delivered,2017-07-13 18:08:21,2017-07-13 18:24:19,2017-07-14 19:26:14,2017-07-28 15:10:28,2017-08-16 00:00:00
b8e8b6e0bd1954b4dd4559fb2e7665ef,e4ef09b9f9f020ec589d7d487850c7a1,delivered,2018-03-01 13:27:27,2018-03-01 13:35:34,2018-03-13 17:04:58,2018-04-02 22:28:40,2018-04-13 00:00:00
4b5893f13b0e06d63d6a27fd04544deb,8d933eba83acbc93f97094191540b136,delivered,2018-01-18 00:19:42,2018-01-18 00:30:30,2018-02-01 19:54:02,2018-02-05 21:35:54,2018-02-19 00:00:00
20a1bd1e0ef6246c0034a5bf7efcd927,9268658a80eb05375bb92ee7efb755d6,delivered,2018-01-12 19:02:22,2018-01-12 19:13:21,2018-01-15 21:07:42,2018-01-31 15:36:39,2018-02-07 00:00:00
55c6e67bafee89a038e61842a60214b5,064d878dc60b8f7ef83e6d1592e9a808,delivered,2018-03-21 17:52:32,2018-03-21 18:15:34,2018-03-23 14:23:07,2018-03-28 19:42:05,2018-04-12 00:00:00
7f9e9b2e718f5703d72e3f5dc70dfc92,11f20336bf8c6e71de9a6bd7171bd491,delivered,2018-03-31 19:17:03,2018-04-01 19:10:09,2018-04-05 23:19:05,2018-04-10 22:26:21,2018-04-18 00:00:00
59e6b7178ae983c683bfb1ddec70fa49,cce4c29bc4e0827aa74d6b283780ae69,delivered,2018-04-14 11:25:56,2018-04-14 11:35:16,2018-04-18 23:36:58,2018-04-25 23:26:41,2018-05-10 00:00:00
a3f701e4bf2687d7aa6b807340426a26,4188d77568d27a1ec95c6d521865d48a,delivered,2017-08-28 14:08:39,2017-08-28 14:24:48,2017-08-29 17:32:30,2017-09-04 18:47:29,2017-09-15 00:00:00
b6e6c0e151343c3198a2ada69d6b6cd9,51e2e34bb7261dfad6cdaedc9f1a4350,delivered,2017-04-19 22:13:50,2017-04-19 22:25:10,2017-04-20 15:47:35,2017-05-01 11:18:32,2017-05-09 00:00:00
ba3f824b4ebed08a7a4bf92937017703,f0413d0db87e22a35ae1cbdba85acb9d,delivered,2017-07-21 08:50:03,2017-07-21 09:02:54,2017-07-21 17:55:40,2017-07-31 19:37:57,2017-08-14 00:00:00
1486436c20fbfcb9dbce0d90820b86a1,a825f9cda9b9fb692610242a7374ff21,delivered,2018-08-06 00:03:03,2018-08-07 00:04:38,2018-08-13 09:24:00,2018-08-15 20:22:32,2018-08-24 00:00:00
d55ebcbe4bbcf9c842471f10b1b82f1a,27d2498b916f719b4ac0b76ec2823388,delivered,2018-07-16 18:43:46,2018-07-16 18:55:23,2018-07-18 13:00:00,2018-07-23 23:06:47,2018-08-07 00:00:00
fb05a4b251a54957ff9a86d515f98289,35a19e7eb76e917f62eb26b58ace0d2f,delivered,2018-05-05 18:59:56,2018-05-05 19:10:49,2018-05-09 15:48:00,2018-06-08 20:09:56,2018-06-05 00:00:00
818bd343c0073f9624ca1801fd39f4db,8fa9bc6a96c911b47c831c172dcdc116,delivered,2018-07-18 16:08:07,2018-07-18 16:22:41,2018-07-19 15:12:00,2018-07-20 17:38:27,2018-07-26 00:00:00
14dc76b28665ce468e6f5ce4fd661127,b8414b8b0b2d437edbeec8955628262a,delivered,2017-12-08 15:05:23,2017-12-10 15:10:17,2017-12-11 16:13:11,2017-12-20 18:16:46,2018-01-09 00:00:00
8aff7f05f86bbd5811e5cbbc9d8002e5,927a3f6fac595d5edcae64ace4b02a3a,delivered,2017-03-19 14:10:47,2017-03-19 14:10:47,2017-03-20 10:38:10,2017-03-28 15:27:19,2017-04-06 00:00:00
f94b388e21753bb4b820f0f4436bbd8a,3de42c2f45da7ae9d9a066c840fed831,delivered,2018-06-21 21:10:39,2018-06-23 01:40:15,2018-06-25 13:12:00,2018-06-29 00:16:46,2018-07-13 00:00:00
be70a6a2c7e50ca21ec40bbacd429e5c,be9adceb883e6c8e211f48e2fcb3dcf6,delivered,2017-09-21 13:33:46,2017-09-22 04:06:02,2017-09-22 21:13:33,2017-10-02 21:36:05,2017-10-20 00:00:00
051d3d717e96b76b07fc9076b88d671f,207dcd5dba3bdbe35232e736b4cdf538,delivered,2018-01-25 14:00:11,2018-01-26 03:18:35,2018-01-29 19:19:21,2018-02-02 00:07:12,2018-02-09 00:00:00
e72faf0f877e7b070bd36d848b45b9cd,b6bbcc198167f265dd1c0381aea37cc1,delivered,2017-07-24 23:18:11,2017-07-24 23:30:18,2017-07-26 03:21:10,2017-08-02 17:57:26,2017-08-11 00:00:00
8a60714cf263ac64657ccd4c930b4d29,00ec3ab027d83e9b77d525b2e6b823e7,delivered,2017-05-16 00:48:59,2017-05-16 01:02:31,2017-05-18 17:25:56,2017-05-22 13:57:49,2017-06-09 00:00:00
394db9b1315d2a408dac0b74f6a2bf57,671296b6d3aa0f88884ee2eaddb497cf,delivered,2018-03-23 15:52:53,2018-03-23 16:08:49,2018-03-26 21:38:47,2018-03-29 00:33:52,2018-04-05 00:00:00
35dfa74b22307b2c8543606b037b1685,86e497487de3cf532c87f53275ebb1cd,delivered,2017-11-17 10:23:42,2017-11-17 10:46:57,2017-11-17 20:09:24,2017-11-28 14:31:59,2017-12-06 00:00:00
323a708130dd958865650c8917116819,83ef98a5935852a0285d4a1672d81ee1,delivered,2018-03-15 19:41:27,2018-03-16 03:50:27,2018-03-16 18:52:49,2018-04-09 15:48:45,2018-04-06 00:00:00
043d2e177e6762a2a1d029db6338d84e,196d61c804eddccab4441e7a7cc781e8,delivered,2018-05-17 16:37:58,2018-05-18 00:38:46,2018-05-18 14:43:00,2018-05-30 16:03:40,2018-06-05 00:00:00
f7467c036faba658648aa0f437a1bc62,28ffab1dbe2d6f45a38bd70f2c3fd78f,delivered,2018-06-18 19:08:15,2018-06-18 19:39:49,2018-06-19 14:18:00,2018-06-22 21:51:45,2018-07-16 00:00:00
f4adc4de5704b78924f3147944aa7e01,5416a712082f252d95466d4ee9f2e4fd,delivered,2018-08-15 16:51:43,2018-08-15 17:05:10,2018-08-20 11:26:00,2018-08-27 17:31:31,2018-08-31 00:00:00
9e2fbf3b51437bc915ed549c475eef2c,e2d332efaa3c6f6c394d00ee57547fec,delivered,2018-07-23 19:04:37,2018-07-24 10:31:26,2018-07-25 14:21:00,2018-07-26 17:40:56,2018-08-07 00:00:00
dfa82c0d8cadaa36975ca3f856251e6c,99f4592f30a55a27156a2469d4778b26,delivered,2018-02-05 14:02:05,2018-02-05 14:15:33,2018-02-06 23:40:33,2018-02-08 12:23:18,2018-03-02 00:00:00
e1d91f5481b7e7a48c0ceefd3feb4ba5,e7710fcbf3b97327cc944bdcc49841be,delivered,2018-07-21 18:20:23,2018-07-21 18:30:16,2018-07-24 10:34:00,2018-08-05 17:06:22,2018-08-14 00:00:00
cf5508a6ae55421646b0683bb605ac74,e42274a986c58b500513a7d57a4fed2d,canceled,2018-07-08 13:34:57,2018-07-08 13:45:32,,,2018-07-27 00:00:00
320fb5aed4e43d6dfbf53c4f2c5f70f1,49a9eb7b8125be605d376b5441083180,delivered,2017-04-20 10:20:35,2017-04-20 10:30:19,2017-04-27 11:27:12,2017-05-16 12:44:56,2017-05-12 00:00:00
1155f1a9dc077b5131ec32d2c78e4de7,b06d879bef2b94ae957889d46a481e74,delivered,2017-08-31 21:54:58,2017-08-31 22:05:42,2017-09-05 18:47:51,2017-09-13 18:26:04,2017-09-25 00:00:00
17b088ab9d046438bfed94ac7b7b286c,3c89fd1d9b9438fad1acf39186bc0918,delivered,2018-01-07 12:17:38,2018-01-07 12:29:26,2018-01-08 19:49:49,2018-01-09 21:19:17,2018-01-26 00:00:00
8d2d0f8cd26ecbe01fe9b2820bf45836,dd33e159dda0ff53ee235f422a5db59c,delivered,2018-06-27 08:12:24,2018-06-27 11:03:24,2018-06-27 09:55:00,2018-07-03 14:28:46,2018-07-18 00:00:00
db46ef9887e9ac7aec3ad2f66978d632,2a6caf771045ece479046cb01df66d1d,delivered,2018-03-02 22:39:33,2018-03-02 22:55:33,2018-03-06 00:48:29,2018-03-12 19:21:42,2018-03-21 00:00:00
e9f48be3096ea406d31f0dff6240fe29,e357a44465bc787540234e05fd9e379d,delivered,2017-11-11 13:33:26,2017-11-11 13:50:37,2017-11-14 23:03:21,2017-11-16 20:12:03,2017-11-27 00:00:00
2f4cdf6f142e65ba622a85fd90b8c3a8,3339e961a42d66ab7c01613b22d6e943,shipped,2018-03-29 17:50:53,2018-03-29 18:08:35,2018-04-02 17:06:55,,2018-04-23 00:00:00
f6faf0f56f068cbbc7f0837bf82ced2b,ada4367956f1fd1d19dd40ec4ecdab17,delivered,2018-06-17 14:23:04,2018-06-17 14:35:15,2018-06-18 10:03:00,2018-06-25 19:47:37,2018-07-16 00:00:00
87df71eb46077c66a8e53d4e92bc71ef,c0254dbd03486d74cdefd62c0e0155d3,delivered,2018-04-24 19:05:19,2018-04-25 03:15:20,2018-04-25 14:20:00,2018-05-07 20:47:39,2018-05-18 00:00:00
3b3f7687e938ba0e58002a3640110a8a,1c13647bc40d5c7295f101211d55a8ef,delivered,2018-03-14 22:16:30,2018-03-14 22:30:28,2018-03-15 23:12:11,2018-04-05 21:58:53,2018-04-02 00:00:00
7aad0379bac4fe5dcb0a97650eaf957d,47fe922e79ee75abc08ee8a081c80958,delivered,2017-10-26 17:00:04,2017-10-28 02:50:13,2017-10-30 21:22:21,2017-11-10 22:11:29,2017-11-24 00:00:00
754ec4da4ae64a75a0667f7f2551d536,bdec20cafcdac63977a4320cf5061432,delivered,2017-06-29 02:02:24,2017-06-29 03:02:34,2017-06-29 14:09:55,2017-07-11 16:28:06,2017-07-24 00:00:00
a45b9ed59c45645bcf239a3a3a73f46a,68d98b466661806f1900c29cdc62d2c4,delivered,2018-05-06 12:00:26,2018-05-06 12:13:17,2018-05-07 15:25:00,2018-05-08 17:03:58,2018-05-17 00:00:00
ec36a2bdf65bba1742263a91c4f251ae,6608dac8561577f1f1a18ff05e9d1dc7,canceled,2017-02-28 21:49:29,2017-02-28 22:01:44,,,2017-03-27 00:00:00
d0920ccc909154ba04006679e5f1956a,54ee2a5ff183b34228a4ba44704d6a2a,delivered,2018-01-26 14:30:56,2018-01-27 10:16:16,2018-01-31 21:32:21,2018-02-14 23:40:00,2018-02-26 00:00:00
81b2c7683a251dc0ea48059bef94597c,c35eaee4d0e0f61721f7d1667ec13652,delivered,2017-07-24 11:28:55,2017-07-24 11:43:23,2017-07-25 21:42:34,2017-08-22 14:09:45,2017-08-25 00:00:00
8dc2ffdf42cced0aea6a7e723bda3942,f602d75dc9a8c13a7fdfd77523be7307,delivered,2017-09-19 17:23:49,2017-09-19 17:35:23,2017-09-21 15:25:55,2017-10-03 19:22:36,2017-10-17 00:00:00
2dd604f5ec1bd2f58c14e9908c7df826,a3b0fda37bae14cf754877bed475e80c,delivered,2018-01-31 16:43:23,2018-02-01 11:35:44,2018-02-06 15:35:16,2018-02-10 16:12:22,2018-02-22 00:00:00
5691a076ef144cb3bb777a3eb18b77d1,20f758e9dba50eff29eb3fdfb3bae053,delivered,2017-08-24 08:44:17,2017-08-24 08:55:19,2017-08-25 18:46:47,2017-09-04 16:35:44,2017-09-18 00:00:00
9db03235fbd38dbd09a5628ebee9f71b,7313faf1758192058cf30aaaba45cfe0,delivered,2017-12-01 12:29:04,2017-12-01 12:38:40,2017-12-12 21:12:29,2017-12-18 21:53:15,2017-12-26 00:00:00
e80158981f299f984453ee1a55275764,0628c0b91afef1a89539ce9f77a735e0,delivered,2018-08-21 10:57:46,2018-08-21 11:10:17,2018-08-21 14:46:00,2018-08-22 16:46:41,2018-08-27 00:00:00
df606e00395346b2b2d9e861236efd6f,c3b0850bfab9fde7e7089966a8ffa271,delivered,2018-08-26 17:40:24,2018-08-26 17:50:11,2018-08-27 14:14:00,2018-08-30 21:38:48,2018-09-11 00:00:00
b6cf32bbf714e2bc090814145da801db,068ce84281fffe770d51b0b75c3e0994,delivered,2017-05-24 11:20:34,2017-05-24 11:35:23,2017-05-25 11:49:11,2017-06-05 14:50:05,2017-06-16 00:00:00
3faacd4730227be7088bc1bfe4878627,dd1638563063c8bdf31cdd3cbd9e162c,delivered,2018-02-10 13:13:53,2018-02-15 03:47:06,2018-02-15 19:56:29,2018-02-28 22:56:58,2018-03-08 00:00:00
47607b002b56d0c23e24d91a519b0856,b6363f9f8f6d461980e9b5a6fbd0e168,delivered,2017-11-24 11:26:18,2017-11-24 13:32:17,2017-11-27 14:49:08,2017-11-29 21:54:49,2017-12-08 00:00:00
d34bc7b7a591c761f1d10baefcc86644,853e93d8f9dd85379dd60183a32bd996,delivered,2018-08-18 08:08:04,2018-08-21 04:50:15,2018-08-21 08:33:00,2018-08-23 21:11:45,2018-08-29 00:00:00
dd86e4d859a5706fce0ddc95025b74e5,a5f9c7d88fb1f046b5cec9e78bd80063,delivered,2017-11-13 13:17:04,2017-11-15 02:56:11,2017-11-17 18:09:08,2017-11-22 00:51:19,2017-11-28 00:00:00
c77d53942cf14c381d5740220f9c784c,5917aef262ddca86ca8dc8910070fb1a,delivered,2018-07-02 21:08:19,2018-07-05 16:10:37,2018-07-06 11:33:00,2018-07-12 17:33:38,2018-07-25 00:00:00
9f372562f0d05458a142227656ddfc85,2b3692f768a14674dce6f6db8153ce80,delivered,2017-05-05 12:54:05,2017-05-05 13:10:25,2017-05-11 14:29:02,2017-05-29 15:59:44,2017-06-05 00:00:00
320f28931983137e4e8dbaa4c160c770,9938dc00ee7b2a4e7843c807deb29ba7,delivered,2018-08-11 12:45:33,2018-08-14 04:50:21,2018-08-15 13:16:00,2018-08-20 23:34:37,2018-08-24 00:00:00
b91a17f9c1968b21a333460f687fe2a9,97acc79130760aef0e4167209d229e9c,delivered,2017-08-13 13:09:12,2017-08-14 15:31:22,2017-08-24 11:27:56,2017-08-30 21:56:33,2017-09-15 00:00:00
28598ad2a5574e7033f5b0e51c30f6d3,112eac27a47d924d426f1e2be787ad79,delivered,2017-09-16 20:40:17,2017-09-16 20:55:14,2017-09-19 18:07:44,2017-10-04 19:23:12,2017-10-27 00:00:00
46f9b074b58a279343837553cf5160e0,4a03eab27d590c8eb367f57a2fe5ec7f,delivered,2017-05-28 21:28:17,2017-05-28 21:42:28,2017-05-30 07:36:30,2017-06-02 15:42:26,2017-06-09 00:00:00
cb70b6a0c936ad1d4abaf743ee8f36c5,136f6eb7ba9d14871b678a90b36627df,delivered,2018-05-02 01:07:07,2018-05-03 04:52:39,2018-05-04 15:43:00,2018-05-10 18:59:36,2018-05-24 00:00:00
8f61fa1d4656d0e770c197ef9f28c60d,b9c91ed4cb34e2fc2a2aba78847c9f38,delivered,2018-06-14 13:44:17,2018-06-14 14:26:52,2018-06-15 14:52:00,2018-06-16 18:16:37,2018-06-26 00:00:00
106c30fcc271e1005d8f3167d8d82af0,6f25b09936ecacb28520224addc912df,delivered,2018-02-08 16:50:47,2018-02-08 17:29:47,2018-02-14 20:15:43,2018-02-16 19:55:18,2018-02-22 00:00:00
f2a942be5a0340a2601b7725df74bfba,b5aeac2aa369884828c1c02a43c11f34,delivered,2018-05-16 12:27:20,2018-05-16 12:54:00,2018-05-17 14:03:00,2018-05-22 12:59:08,2018-06-19 00:00:00
0aed18a03ea2ccdb5981aea3524b304d,186d5e15485ff2afa04f02bd00aee4a4,delivered,2017-09-08 12:16:48,2017-09-12 04:55:21,2017-09-13 22:23:41,2017-09-23 01:23:34,2017-10-03 00:00:00
5c92503c98d68728d4c409d18b268c31,08a0ac1decaff11abb24f276429ee4bf,delivered,2017-11-25 11:39:25,2017-11-25 11:51:59,2017-11-27 17:23:09,2017-11-30 00:16:57,2017-12-12 00:00:00
71960e6af960919256a958a3633e1040,72889b03d4e898e80bf55ea7e36961a6,delivered,2018-04-10 13:50:56,2018-04-10 14:10:00,2018-04-13 21:04:36,2018-04-17 18:58:44,2018-05-08 00:00:00
8ca43faa3b964d5ef9d833123b3b1d2e,69e996fbf1149668b92cf2a05457dcce,delivered,2018-07-03 17:26:19,2018-07-05 16:24:54,2018-07-04 14:56:00,2018-07-06 17:29:31,2018-07-16 00:00:00
1c2dcebc8729b58ef305048ff12b1540,f25f80e2caa76bc88369d6deb846f7e9,delivered,2017-03-12 14:05:07,2017-03-12 14:05:07,2017-03-15 12:37:51,2017-03-20 11:57:56,2017-04-03 00:00:00
df75a2d753c65af66e3571e2dbfd985a,549cdded930d5f270e6f7aca23ce1f26,delivered,2018-06-07 14:17:05,2018-06-07 22:16:16,2018-06-11 09:37:00,2018-06-14 21:33:39,2018-07-13 00:00:00
1df35a8f4e554dd3a4752f22e3c15a63,e3265baee473628d1f88bb6d67fab5bd,delivered,2018-03-07 22:32:36,2018-03-07 23:28:28,2018-03-08 20:46:34,2018-04-04 20:46:30,2018-03-28 00:00:00
c6af5a745428fb392fc43a41ed63d841,7dcdb53542ddb1cb3e2107e01c545c8a,delivered,2018-04-11 14:36:30,2018-04-11 14:50:17,2018-04-13 22:22:34,2018-04-24 10:21:59,2018-05-11 00:00:00
82f2c3e9aac31446ce4f3edd3a876f8e,d27ab6c5d811cf06526972c02529c67d,delivered,2017-11-25 14:37:15,2017-11-25 14:55:53,2017-11-29 20:52:55,2017-11-30 18:07:26,2017-12-11 00:00:00
350b4986b8364b9e61619b2e3f2dc817,163f3570f970a176972691132458153a,delivered,2018-01-23 11:59:20,2018-01-24 02:53:18,2018-02-06 23:16:34,2018-02-22 20:07:31,2018-02-21 00:00:00
0b4bb296de7b6b5d24103fdd585b1241,a3a2563c24eca97f2b5cf885c2d8ae3d,delivered,2018-02-12 00:12:51,2018-02-12 00:28:36,2018-02-16 17:14:05,2018-02-23 17:59:26,2018-03-06 00:00:00
173b36bdb36dc272af0c97bc4f0c39df,13e2eedfc5307ab37117d7b00c61e3d6,delivered,2017-08-27 11:04:24,2017-08-29 05:32:05,2017-09-12 23:40:07,2017-09-19 20:17:52,2017-09-25 00:00:00
8339f788dad4ceb81447efc8dc3ee269,c361ab47aacd071d569f44721509c42d,delivered,2018-03-17 14:29:56,2018-03-17 14:48:28,2018-03-19 20:06:30,2018-04-04 17:56:35,2018-04-05 00:00:00
ca042978ccc1c2a3d1d9b04e4ba80b9d,7d8bd19a34c042267967b9cf76c279cb,delivered,2018-05-16 21:38:53,2018-05-16 21:54:52,2018-05-17 14:37:00,2018-05-22 18:37:41,2018-06-04 00:00:00
59abaffabcf78a9b635f9c5f16a8cee3,2cfd3fdf8463322efd77d6905f37f435,delivered,2017-08-01 16:20:58,2017-08-03 03:05:09,2017-08-09 21:48:33,2017-08-24 19:04:07,2017-09-05 00:00:00
cb2ad554e5c2af7151fa9b324750df29,2b2ca3bbc17d390a83940038b7bb3e74,delivered,2017-03-10 19:44:33,2017-03-10 19:44:33,2017-03-13 10:44:30,2017-03-21 15:06:07,2017-03-31 00:00:00
70851db1e13131d3bf4bf7f71cb333b6,146655d62b6549f9d98b3642a25816f5,delivered,2018-05-09 19:01:57,2018-05-09 19:12:25,2018-05-14 14:59:00,2018-05-23 17:18:49,2018-05-18 00:00:00
6a0b591f69623b1974c40cda6c026a0f,169ae88b021c724b621d240fcbd251b1,delivered,2017-06-01 13:19:02,2017-06-02 04:33:25,2017-06-02 11:49:57,2017-06-03 12:51:23,2017-06-14 00:00:00
3f041e89d354fb02648077875c4ad67b,ed3c3954602b7f3793c2674e29d96cbf,delivered,2017-07-24 14:53:34,2017-07-24 15:05:24,2017-07-28 18:09:29,2017-07-31 17:27:04,2017-08-04 00:00:00
bb4bca7a32efb68689c2d0d08fcd6c64,250dbd896bca419115897d25600ef772,delivered,2018-03-09 00:35:06,2018-03-13 04:28:01,2018-03-13 22:10:45,2018-03-22 17:31:23,2018-05-10 00:00:00
e0a9cf740e0d9556b36d96b271d96838,582e8b955ac2e3a376918a4fb797b6f4,delivered,2017-11-13 18:26:46,2017-11-15 02:46:37,2017-11-16 22:38:45,2017-11-25 15:14:52,2017-12-01 00:00:00
a5de9034056efda4d24346ed92962a22,6236b2fe9924d4c2cebdbca5d770b2bc,delivered,2018-03-20 17:16:35,2018-03-21 17:10:35,2018-03-23 19:46:20,2018-03-26 21:42:40,2018-04-11 00:00:00
73cb429669ebb88bba7787201730c88e,17ace424038c433ea0cbcb88de1eaeb9,delivered,2017-12-06 12:38:42,2017-12-06 12:51:31,2017-12-08 00:54:50,2018-01-04 19:43:47,2018-01-04 00:00:00
4fa185eee645de376971cf20b7387a35,361d24f75b1d71033b7020fd90824cbe,delivered,2017-11-20 15:08:25,2017-11-20 15:26:33,2017-11-21 23:24:43,2017-12-02 12:12:56,2017-12-08 00:00:00
57db9f1b9ba0b6c4abcb4eb40e83c182,49120746ae7fdc40f72d549f0dc3afa9,delivered,2018-03-09 14:09:28,2018-03-09 15:40:36,2018-03-12 23:34:33,2018-05-11 13:56:44,2018-05-10 00:00:00
bbd3497e622456fd8b79ba59de1c3ab6,34a89d90c29c3821d671059d12216ba0,delivered,2018-03-02 14:59:29,2018-03-02 15:15:24,2018-03-07 20:54:21,2018-03-18 14:29:05,2018-03-27 00:00:00
83af610e0c73e940f967ad32ad943625,4f816c7b7e7242b5e542e523130af049,delivered,2017-11-08 13:49:12,2017-11-08 14:11:05,2017-11-09 11:29:01,2017-11-13 15:32:25,2017-11-27 00:00:00
352624ca0ead1f999686becd48b614c8,24166bfd53de2666b724977e4e7e15b2,delivered,2018-01-17 23:13:08,2018-01-17 23:29:54,2018-01-23 19:42:08,2018-01-29 23:47:49,2018-02-21 00:00:00
664aece086c0b955e71ee4f88965a565,7aa5c798faaf42173981b921aaaacae3,delivered,2017-08-01 18:30:45,2017-08-01 19:04:29,2017-08-03 16:39:56,2017-08-10 19:53:23,2017-08-29 00:00:00
5e8dbd76385140aefb062d9ed31c7a75,19fd0868f95ae82311ca792f5f62a0cc,delivered,2017-05-19 17:07:52,2017-05-20 17:10:13,2017-06-05 17:08:45,2017-06-08 18:07:41,2017-06-26 00:00:00
afe95b4aa87713712a0e3d0997881577,833982522798828f5a669eba55af0761,delivered,2018-02-07 12:08:22,2018-02-09 10:11:58,2018-02-20 16:07:05,2018-03-05 21:09:19,2018-03-12 00:00:00
249e31fdd34c2bd383c07d75138319ff,5fb60641cb69f3280ec3caed3d6ee1f3,delivered,2018-08-17 01:48:47,2018-08-18 03:09:44,2018-08-22 14:31:00,2018-08-27 17:56:20,2018-09-06 00:00:00
4cd51eda54a11e3c63f60e6ce9626c35,92f680c8cc6cabeb6820f0b673a87402,delivered,2017-11-05 13:48:41,2017-11-05 14:07:13,2017-11-06 18:25:18,2017-11-17 19:22:45,2017-11-28 00:00:00
014bd8ca0827935402ac39f2751b2fcd,9fa56e6eb804eb7f8c2d80a133c84546,delivered,2018-05-09 12:47:39,2018-05-09 13:11:00,2018-05-11 13:44:00,2018-05-16 19:30:55,2018-05-28 00:00:00
01ba82170ebb683c73793bb809bbf1b9,ca8e595c4c2e4a55fa75a41d5bf08382,delivered,2018-02-06 15:08:30,2018-02-06 16:11:35,2018-02-22 16:26:55,2018-02-23 19:58:35,2018-03-13 00:00:00
8effe67a72c715f926a6dc1a616a5ea9,c6a83d4ee4872883d607d09e428d1eda,delivered,2017-02-26 00:20:58,2017-02-26 01:03:23,2017-03-01 13:01:13,2017-03-09 10:51:54,2017-03-22 00:00:00
2df215b400473a9b6f3be2d5b1bfda08,ce3353c3edc00f0fc559a1ad8fda4e4b,delivered,2017-12-06 15:59:20,2017-12-08 02:54:30,2017-12-11 19:37:04,2017-12-20 20:58:56,2018-01-08 00:00:00
3719bbbc4a5eea98dba57ead063403f1,2e03dc3380dbf37231ce7203596d8e31,delivered,2018-05-20 17:21:49,2018-05-20 17:40:50,2018-05-22 14:31:00,2018-06-08 14:32:18,2018-06-20 00:00:00
c0e47ed3fd9f5ef10eb00f8b5843578b,19ec9b46e7c4be7b712ce65182bca120,delivered,2018-04-02 10:54:01,2018-04-03 05:28:05,2018-04-03 21:42:33,2018-04-11 16:12:04,2018-04-23 00:00:00
d7441d210bcda94914b7d0391799cdde,0bb02979a8009c6c5b0306fb8120d6cc,delivered,2018-04-03 02:02:48,2018-04-03 02:15:16,2018-04-03 20:22:33,2018-04-25 21:08:56,2018-04-30 00:00:00
61f63fb48cb8e0dc6a39e20cca495fdf,39aa13ed3149df725690f2c998b9a85e,delivered,2018-03-19 15:34:36,2018-03-19 19:15:29,2018-03-21 19:04:02,2018-03-23 15:11:05,2018-04-04 00:00:00
4a72b4694f239008b7f61c843bac4bdc,f629ebd5825fd5dc963348ecb1243c59,delivered,2018-05-08 19:55:13,2018-05-10 07:51:43,2018-05-10 15:34:00,2018-05-16 16:52:20,2018-05-24 00:00:00
77c155208a2ebfadeb34ab55497c597d,7a6efb60c302156494da22b34769c01d,delivered,2018-08-07 18:43:11,2018-08-07 18:55:27,2018-08-08 13:48:00,2018-08-14 18:51:23,2018-08-16 00:00:00
0da26371f58ab8e89157a901ef0cf390,ffc97eb567d22d3e39a56c61175f9838,delivered,2017-08-18 19:00:40,2017-08-18 19:15:12,2017-08-22 18:38:02,2017-08-28 18:13:17,2017-09-05 00:00:00
9990c5ac84ecb15401bfd148dee0a46b,15a47b1b9332471229508c38ff141dd4,delivered,2017-08-19 22:41:09,2017-08-19 22:55:20,2017-08-22 15:35:12,2017-09-11 17:13:54,2017-09-13 00:00:00
4bcc4496263c85f3a25598290559c9d9,20db7b93bdff3c98f343fa5bd139f85f,delivered,2018-03-26 20:44:49,2018-03-26 20:55:33,2018-03-27 18:26:46,2018-04-05 23:56:27,2018-05-02 00:00:00
15c44e9d99f042b11c5f0b4d8a7d96b8,8016d8085d0ac1f2b9f92022d07f1ee8,delivered,2018-06-21 09:34:58,2018-06-21 09:59:06,2018-06-21 14:34:00,2018-06-26 18:44:40,2018-07-23 00:00:00
899577f2593c989a57a6826564281737,293ee146b914cd15eb250e690de55e4c,delivered,2018-06-11 16:41:48,2018-06-11 17:20:02,2018-06-12 12:41:00,2018-06-13 19:08:41,2018-06-21 00:00:00
896701a2a04dda03c6d3d7b31f0a827c,471cb3740da797097bd218ed177df734,delivered,2017-03-15 17:10:49,2017-03-15 17:10:49,2017-03-16 08:56:02,2017-03-30 14:43:11,2017-04-05 00:00:00
4d1520659b160e48900f017af350bfb1,db4dd80011bdd47248da15fd40fb05f0,delivered,2018-04-29 12:49:31,2018-04-29 13:11:10,2018-05-11 15:03:00,2018-05-14 19:49:41,2018-05-15 00:00:00
48f38d47fa3e594216cbf679a60dc4fc,30ed79b25a04e922d54d369153264d35,delivered,2018-05-19 11:57:03,2018-05-19 12:19:24,2018-05-21 11:24:00,2018-06-08 13:06:55,2018-06-12 00:00:00
91ebb37f25ceaa8a3fbac92d2e1711ac,a2974d8cd432fd4330d54c8c9851be37,delivered,2017-11-10 01:42:31,2017-11-10 01:50:34,2017-11-16 21:29:08,2017-11-24 21:13:13,2017-12-05 00:00:00
d6370a08f64a1248435649bd37eae011,17f4aec6b201b05577ea4cf3879a6375,delivered,2018-05-30 15:53:27,2018-05-30 16:16:27,2018-06-01 14:37:00,2018-06-03 16:32:47,2018-06-25 00:00:00
9359c34ac8577f6d2daf2eb67607843d,bab6dc8016673a19a902c5b3a34a690a,delivered,2017-12-17 22:23:23,2017-12-18 10:36:27,2017-12-20 00:12:54,2017-12-26 19:09:30,2018-01-11 00:00:00
cbc28da5a607b870e7129df9121366a2,3fb8d3153876e8ddc599b0897537310a,delivered,2018-01-15 20:44:13,2018-01-17 04:31:17,2018-01-17 19:29:14,2018-01-30 17:05:55,2018-02-19 00:00:00
a3a41920ba74a53e1b606c96bfdd6c23,aa5ab3effa79f3f9d5473b9dad8ce94b,delivered,2017-12-26 15:28:35,2017-12-28 02:33:42,2017-12-28 20:54:06,2018-01-09 22:30:03,2018-01-22 00:00:00
3d4c76f6e4847a2c342255c5467d3996,49f01e29f5e9bdfaf9bba51914425131,delivered,2018-01-27 23:39:20,2018-01-27 23:55:54,2018-01-30 18:33:07,2018-02-15 19:29:05,2018-02-22 00:00:00
0823dcbe6114c3aab2fc53d98117d916,7c098bfcf0f5c554326618d8efd982be,delivered,2017-09-14 08:56:38,2017-09-14 09:05:44,2017-09-15 19:23:39,2017-09-26 20:24:02,2017-10-11 00:00:00
b48110583a1571628e3e79df4045c44e,ef9fe1f29c9c6570b5567ba9c9f28ca5,delivered,2017-09-26 19:28:02,2017-09-28 02:49:13,2017-09-28 14:02:32,2017-10-07 15:09:20,2017-10-23 00:00:00
40480952d51c22285abc3b9a16595822,0503eb802fe69a16beabc757cdfa27a7,delivered,2017-08-29 12:28:02,2017-08-29 12:45:50,2017-08-30 19:44:45,2017-08-31 15:40:22,2017-09-15 00:00:00
f3bf8da6fd4b735f85852c38ca15e90e,c0314850cd5254ebcc66a4b00acd306c,delivered,2018-03-04 00:14:09,2018-03-06 09:55:33,2018-03-15 22:28:42,2018-03-18 13:07:24,2018-03-21 00:00:00
9e99a131a8798c3985381f4f7c96d56e,d9287300a4a22b52cebc3186370089bb,invoiced,2018-01-19 12:52:52,2018-01-19 13:14:42,,,2018-02-16 00:00:00
51de5b8d842a735e59b9da51e53e81c0,83152251d2f12e2efa0df205c38f78be,delivered,2018-07-26 02:23:20,2018-07-26 02:35:15,2018-07-26 14:23:00,2018-07-30 19:48:51,2018-08-03 00:00:00
0f55b0d2cf0cef20a803b08673624f7e,a3fae1188394604b9ef5d91a29f1c8b3,delivered,2018-02-25 12:15:25,2018-02-25 13:00:21,2018-03-02 17:49:22,2018-03-16 23:48:13,2018-03-16 00:00:00
0337e9398b087d93f41230ceb2410b50,deeec2dbc5ec2ebede3686654f7e82f0,delivered,2018-04-21 16:51:57,2018-04-24 19:24:47,2018-04-23 18:33:05,2018-04-27 19:26:40,2018-05-24 00:00:00
66e4a36ff490014773971a6ee0b6a0e4,719ed1620e6d57e729521a5408f6e9dd,canceled,2017-06-20 12:39:25,,,,2017-07-05 00:00:00
713824809fec35c7cd7125d6a6bd347c,3f0c48f253e225011b3618be8e43ec50,delivered,2017-11-11 21:03:54,2017-11-14 03:55:34,2017-11-14 20:21:24,2017-11-16 23:24:43,2017-11-27 00:00:00
f4253eb9f34c40695de3f9f8e59d2875,de6cdc6367fdb29059cac3623a87b49d,delivered,2018-03-26 17:38:36,2018-03-26 17:50:20,2018-03-27 20:13:20,2018-03-28 21:27:52,2018-04-06 00:00:00
e82be22636894dbc523a70c20fc35ad8,96dc376e920227bd4fa8e2c8031dce1b,delivered,2018-02-21 18:24:07,2018-02-21 18:35:28,2018-02-22 20:09:23,2018-03-14 18:52:23,2018-03-16 00:00:00
7940ffdbb6d1ab63e0305221674ccb77,1ef4f54ffb06ad14478a7b0b8eeb6571,delivered,2018-03-26 13:53:57,2018-03-26 14:14:18,2018-03-28 23:56:32,2018-04-06 19:28:47,2018-04-13 00:00:00
0cd266ef44ad3b8afcae07e465edecc9,a9c72d599d0b287d14619bd65721ed70,delivered,2017-06-05 02:22:27,2017-06-05 02:30:06,2017-06-05 15:10:09,2017-06-13 11:52:31,2017-06-30 00:00:00
c5b995b4c805bdd780594d6bbc69f6e9,c34059b137fad176e0d213c4a1c206e7,delivered,2018-01-27 23:25:08,2018-01-28 23:30:32,2018-01-31 16:18:36,2018-02-16 00:34:01,2018-02-26 00:00:00
c936f9b318f6683d2b902e1219ed2490,de4226aa985c654b32ef83603e0cdbbb,delivered,2017-07-12 12:58:40,2017-07-12 13:15:23,2017-07-13 19:06:05,2017-07-17 17:32:09,2017-08-02 00:00:00
ce0102d9f3f2838b9dbcb156a0ae2d86,3841b7cd7896d030e94478453cb360d4,delivered,2017-08-03 20:58:15,2017-08-03 21:10:20,2017-08-04 17:43:10,2017-08-14 22:43:20,2017-08-25 00:00:00
a0170b15707b42bf994d5b717e4ce049,e23af768cf7b2b9a24aa290250301b10,delivered,2017-08-03 20:28:29,2017-08-03 21:00:17,2017-08-07 20:16:57,2017-08-16 18:57:43,2017-08-30 00:00:00
d5d2ae369fe7ac6280ed401b33781e91,c2abeadf74096ecd634fc60aad1db095,delivered,2018-03-27 17:26:00,2018-03-27 17:35:13,2018-03-28 22:52:30,2018-04-17 17:55:31,2018-04-16 00:00:00
7b2e4fd6ffbeee707a1def1418eb57c6,7906950d6b536934cb5361581a9c9386,delivered,2017-11-15 19:54:47,2017-11-15 20:10:36,2017-11-27 12:38:27,2017-12-04 20:09:57,2017-12-11 00:00:00
4a6785c73413aa4b53aecc0c88bf19e3,d2c8a6a2fb3c618a57c3ab9c01d343d1,delivered,2017-11-24 21:44:06,2017-11-25 13:33:55,2017-11-28 20:37:00,2017-12-20 20:03:42,2017-12-27 00:00:00
6554129577eff36836f1a93894b64f42,a84711e56d7a04f229261f6c61d59733,delivered,2018-05-22 14:11:51,2018-05-22 14:34:48,2018-05-23 14:08:00,2018-06-06 17:29:26,2018-06-12 00:00:00
03f0acea43a6fd52d268e13d9ce98fbe,eb5baf59fc0b7b2fff7415b0bd185e61,invoiced,2018-03-15 14:36:56,2018-03-15 14:55:37,,,2018-04-10 00:00:00
4ede1c35f4c10dd5bb44f480e5d1bd62,10584235472550e773d29a088e41c48e,delivered,2017-12-22 18:33:30,2017-12-27 04:07:14,2017-12-27 18:35:09,2017-12-29 21:28:50,2018-01-18 00:00:00
14bd11245c3ec97c47db26f0e5d88743,acd6861e100c050c81cbb4bdadc416a0,delivered,2018-01-16 14:15:54,2018-01-17 17:27:35,2018-01-18 21:39:08,2018-01-25 16:12:19,2018-02-06 00:00:00
754edc03c66f1bd22203c465db885cbf,d33bc878cc4d308ff42b105c4cc1b656,delivered,2017-10-01 21:03:33,2017-10-03 04:28:24,2017-10-04 17:13:15,2017-10-23 16:38:10,2017-11-03 00:00:00
d37e7ffb183809b759828865f66eca59,154404292cdb376ac4da07ff6e1082ef,delivered,2017-12-28 08:50:11,2017-12-28 09:07:15,2017-12-28 19:17:09,2018-01-18 03:17:16,2018-02-02 00:00:00
628111ec0fcace16f3112336b1138aef,0a47c5efd6d0836c1b1532cb4b78cda7,delivered,2018-07-14 21:35:38,2018-07-14 21:50:13,2018-08-02 05:27:00,2018-08-08 17:46:31,2018-08-02 00:00:00
cc44fca1bc5f1313d254769c6e3d12db,aba117622ed5ebbbf12cec54e77ea66e,delivered,2017-08-01 16:53:35,2017-08-01 17:05:19,2017-08-02 18:51:39,2017-08-09 08:10:24,2017-08-23 00:00:00
d84bc4e5bba5977de1eeadd544c9c770,9c0012520fca0a89fe04dccc4188df60,delivered,2017-11-26 23:06:41,2017-11-26 23:14:26,2017-11-27 18:02:51,2017-12-12 19:33:09,2017-12-20 00:00:00
5b48b14e0505d83666e7e938caeec89a,9db5a77b7d8772e36d6aa22ff9a65e97,delivered,2017-04-24 21:01:21,2017-04-26 09:36:12,2017-04-28 08:33:33,2017-05-16 17:43:04,2017-06-01 00:00:00
e55d37ca80ab6c42708d1f5320ac3c7a,3dfb495ec8f6000b978490cba051c21d,delivered,2017-11-24 11:12:43,2017-11-24 13:15:58,2017-11-27 19:54:28,2017-12-16 14:46:50,2017-12-21 00:00:00
bcd49ab05abcd96dc60591051df6c81b,d3780cde743cdf0aaab988d388b0e38c,delivered,2018-07-25 14:23:47,2018-07-25 14:35:17,2018-07-27 13:38:00,2018-07-31 16:46:44,2018-08-10 00:00:00
16c176e6448f550368cc0078b433b617,3c255c641d102c35a65110f8dbc27c98,delivered,2017-12-03 19:17:26,2017-12-03 19:33:45,2017-12-06 21:09:15,2017-12-13 14:34:02,2017-12-28 00:00:00
1cc2d3a2d530f28cabf220dad2b59b55,864be4b17b6e5edf03a49ea6cd50ef13,delivered,2018-08-09 17:03:53,2018-08-09 17:45:13,2018-08-10 14:09:00,2018-08-14 18:21:54,2018-08-30 00:00:00
34385ebc27efd3685674932151f86368,43c81caa01b8ac5a989eecda84d57906,delivered,2017-12-13 12:45:21,2017-12-13 12:56:20,2017-12-14 21:32:24,2017-12-15 20:21:39,2018-01-02 00:00:00
3a97b29009aa1ec54a67fd256b762b14,83f98a31688d3ce5de0bc10d5c375ce0,delivered,2017-08-07 16:31:14,2017-08-07 17:03:29,2017-08-09 19:10:27,2017-08-22 17:46:12,2017-08-31 00:00:00
cdf44e8d562b9d32c7efe051c5cb71dd,846f377bf3511423958c65903414cb8f,delivered,2018-04-21 22:29:28,2018-04-24 19:18:12,2018-04-23 19:31:45,2018-04-27 20:48:38,2018-05-15 00:00:00
50ecc825e3d7123a626c7d466eacb616,8037051ea7331452a186d6ce5ea75572,delivered,2018-06-26 16:16:53,2018-06-26 16:39:00,2018-06-27 08:51:00,2018-07-03 07:52:03,2018-07-31 00:00:00
9c370b3dbcadfb3a62c2b8466603fa1f,a949e48c89ff4cf4e5f14fba155eb16c,delivered,2017-06-03 19:00:27,2017-06-03 19:10:14,2017-06-06 14:04:44,2017-06-28 12:33:37,2017-07-10 00:00:00
2ef9f67ab5c8d09b5d54c37f30941cf1,c112aadf98e6f6589129f78d3277be8f,delivered,2018-02-27 18:44:21,2018-03-01 02:35:41,2018-03-02 19:15:16,2018-03-06 20:38:53,2018-03-13 00:00:00
d6f108355f5a66dc53b93f8d8929eb66,4a8a4a96c8038befbaf046a84b9851f1,delivered,2017-04-10 23:39:55,2017-04-12 09:45:09,2017-04-13 09:01:01,2017-04-18 14:39:08,2017-05-08 00:00:00
7578fd6a092a59193fd6f529094dfb84,d615653479e9e236a30a9ee118fbb718,delivered,2018-06-07 16:43:52,2018-06-07 17:00:53,2018-06-11 16:23:00,2018-06-18 23:09:20,2018-07-17 00:00:00
ebe6eddebae955b95268b2c70cdc019e,dba5cf7fbe92b362245b9b3d684471bc,delivered,2018-02-06 12:46:45,2018-02-06 12:56:18,2018-02-07 14:34:59,2018-02-16 16:52:32,2018-03-07 00:00:00
18bafb91a9e78b83e54eb5aa495a955f,2b35618d386d5d8a6aa0a063343575f9,delivered,2017-08-14 12:24:28,2017-08-14 12:50:12,2017-08-14 21:38:57,2017-08-22 11:43:10,2017-09-05 00:00:00
d475cd99eba7eab0c735010e849c0376,49e406aff4c253ebf653e56898e21705,delivered,2018-04-10 23:51:54,2018-04-13 09:11:47,2018-04-13 18:21:47,2018-04-23 23:07:04,2018-05-02 00:00:00
b6dd6ea76331ce0249dae4167d1ca9d9,acec71328aabad9f4cc3476d052e7e05,delivered,2018-02-15 17:04:42,2018-02-17 03:35:56,2018-02-19 20:25:18,2018-02-26 23:29:06,2018-03-08 00:00:00
a503842ce2c01bf4bae8b9ed571f29a5,219f488f72dad40f893a855ceb6afdc5,delivered,2018-06-07 11:19:56,2018-06-07 11:37:27,2018-06-08 12:54:00,2018-06-27 14:02:46,2018-07-18 00:00:00
d20d0f5f8a72e61a23e7a81999e480f1,2f26dc195a3316dc8481f1b1fe935c94,delivered,2018-03-12 21:46:47,2018-03-13 04:30:30,2018-03-14 01:25:39,2018-03-24 00:45:28,2018-04-09 00:00:00
22b29d286c0de8b013b0db61ddcb3754,ede8227cb317f0794d3df6d6407c5d28,delivered,2017-11-10 11:04:30,2017-11-10 11:27:34,2017-11-11 12:14:47,2017-11-18 14:21:26,2017-11-24 00:00:00
e6b8a58ccfa6a2daf8c04bcf0bf2fd5a,72db940a0e6afc75e82dceb2075e079d,delivered,2017-08-04 21:25:24,2017-08-05 15:50:06,2017-08-10 18:16:54,2017-08-22 18:40:11,2017-09-08 00:00:00
879094afcd86a7e113d5923fd645dfca,302d3652d7b20b0608a62a3e0b7c167c,delivered,2017-10-25 23:17:50,2017-10-25 23:35:12,2017-10-27 17:27:59,2017-11-15 13:34:44,2017-11-23 00:00:00
3ea886b4bdd5f739ff9eca6e87e08d18,5fa8584124fc1568c978e945989591a2,delivered,2017-12-14 14:07:48,2017-12-14 14:31:42,2017-12-21 00:16:40,2017-12-27 16:59:13,2018-01-10 00:00:00
875103fb38582b0d7b2a1d77eceb0389,095b82d21d430fac87eb3f2ff2490749,delivered,2017-08-09 23:34:46,2017-08-11 04:26:12,2017-08-14 14:14:12,2017-08-15 16:58:07,2017-08-23 00:00:00
65fd2f07bc74b8df1728cc3ee9e19ebb,d118674ac7bfbd3385a7546522278e5d,delivered,2017-01-26 18:19:41,2017-01-26 18:30:47,2017-01-27 12:19:15,2017-01-31 09:14:15,2017-02-22 00:00:00
dade003a4690db317e2fc052f77e1595,757ffcfa9fecc9d37ef8047386ca2ff6,delivered,2018-04-30 18:54:58,2018-05-01 02:10:55,2018-05-03 09:29:00,2018-05-12 16:59:01,2018-05-17 00:00:00
24fb2d250ea8c0fa1ff61b3cfb17778e,b1e1e2175e028a2059be17b7e911ddcb,delivered,2017-11-28 10:22:54,2017-11-28 10:40:49,2017-11-30 19:22:12,2017-12-09 00:16:38,2017-12-20 00:00:00
f2a2bd7aa9e2c2b51ff415ce646587ae,9722587eb1c172a4072889c0c06654f6,delivered,2018-03-04 21:32:52,2018-03-04 21:48:57,2018-03-05 18:35:52,2018-03-20 23:21:28,2018-03-28 00:00:00
4748bfc805a4e1c91daff043cdba4ef6,4b2a794a0d8a638b2d23ae0335f4eac6,delivered,2018-03-17 00:03:12,2018-03-17 00:15:41,2018-03-20 17:41:50,2018-04-02 20:08:40,2018-04-13 00:00:00
1400d6665ba7f18ed06ea15ab083203f,b187c25688ba0cec4743c82e159cc091,delivered,2017-01-31 11:39:45,2017-01-31 11:50:19,2017-01-31 18:13:06,2017-02-14 12:27:27,2017-03-17 00:00:00
63c92634b4aa9841e6ef2be29bbebd77,6da0e50fe88c3fe4ba7f355751ab381e,delivered,2018-01-21 15:35:37,2018-01-22 13:52:28,2018-01-23 20:03:11,2018-01-29 15:15:03,2018-02-19 00:00:00
ac8f8ad86c151ccd10a699a6a153d6c5,95f5fe645df31a0190cb6354a603dcea,delivered,2018-02-16 18:32:10,2018-02-16 18:46:48,2018-02-19 19:48:55,2018-02-28 22:56:54,2018-03-12 00:00:00
8ba925e1c95580430ab746dd2550b24f,dbe6e9f91c4ec107c77a83b41bfbd671,delivered,2017-04-02 18:05:19,2017-04-02 18:15:22,2017-04-03 11:58:09,2017-04-06 13:44:39,2017-04-26 00:00:00
4db5da9151e0364d293923ca4a48d976,42133d569eb767022f294492c6f552f8,delivered,2017-12-27 22:49:56,2017-12-27 23:07:56,2018-01-04 22:58:57,2018-01-16 15:11:41,2018-01-29 00:00:00
b3355f7dd6280519c31a73e7819523ea,ca46bdc6e98f2e27f5d7a7d610cddd02,delivered,2018-07-29 06:54:17,2018-07-29 07:10:09,2018-07-30 08:50:00,2018-08-02 00:18:21,2018-08-02 00:00:00
0e917a8ba3f90f05c907ca832b61ea16,0c2e7db0f28a375d8906d916eddbbaae,delivered,2017-10-10 23:01:51,2017-10-11 21:26:04,2017-10-16 10:35:51,2017-10-24 17:54:01,2017-11-03 00:00:00
ea3e7bb7fc6c485a1238f0c21e10ab0b,bb549de0741a314e90aef28db45719d2,delivered,2017-12-04 18:32:03,2017-12-04 19:14:17,2017-12-06 21:47:16,2017-12-21 23:54:27,2017-12-27 00:00:00
61098f2225ffc7b0579d39d18e84e394,ab7c123c62153f2fd23fd5d2a89cf967,delivered,2017-09-02 20:49:25,2017-09-05 04:35:38,2017-09-12 13:35:03,2017-09-15 17:14:50,2017-09-26 00:00:00
74397ad79115795a8c06af7e7d1fb2f0,a1dcbb0c0840d13d43f5434f1a82abfe,delivered,2017-09-20 12:26:29,2017-09-21 12:35:15,2017-09-27 20:03:54,2017-10-06 15:30:08,2017-10-13 00:00:00
9c5a18a57fda32945a834d0e2e06a540,7854d57bf936cccbe07a2741b7e252a9,delivered,2018-04-24 18:16:44,2018-04-24 19:27:24,2018-04-25 11:37:00,2018-04-30 16:58:53,2018-05-17 00:00:00
bdcf9c2f3ef0c55dc1273dd2c507b0f8,047965eae6564b51ea05b945966ec595,delivered,2018-08-09 19:05:30,2018-08-09 19:15:18,2018-08-14 12:38:00,2018-08-23 20:31:59,2018-09-20 00:00:00
3e02fdc7581b3911fb32501e56bd3192,0264bbda6bd6492c79a5843f7c2e1eb4,delivered,2018-08-06 10:05:09,2018-08-06 10:25:16,2018-08-08 15:06:00,2018-08-09 18:41:58,2018-08-10 00:00:00
405894653b2f151f3eb662b80f9b8a92,b480fdb7cc6b24ef1a4ca5613f495e81,delivered,2017-07-05 10:43:20,2017-07-06 03:10:21,2017-07-10 12:02:42,2017-07-17 15:55:31,2017-07-27 00:00:00
45abfc8e86aa8d05983fb8e260eca778,9a7025267c9502bb419cdb750f1f1f4a,delivered,2018-01-05 00:30:23,2018-01-06 02:27:50,2018-01-09 18:35:17,2018-01-16 23:26:45,2018-02-09 00:00:00
529803de3fafe0402da504545ed10047,cae9dc0532352f8b430e3407e1f7413a,delivered,2018-07-01 19:02:16,2018-07-05 16:05:44,2018-07-05 12:54:00,2018-07-06 14:58:27,2018-07-16 00:00:00
fc1b451bcd04f122c92cae4e31a12eae,a705c03385a9a29e2fa2dd80cb688541,delivered,2017-11-24 18:15:08,2017-11-24 21:36:54,2017-11-27 21:53:29,2017-12-20 17:53:41,2017-12-18 00:00:00
fccfc993172f9dcf96a728c266a98dad,703e8b6dee6efc4fda4d67dd5825d28f,delivered,2017-06-06 13:39:18,2017-06-06 13:50:24,2017-06-06 14:31:36,2017-07-03 13:22:17,2017-07-03 00:00:00
7f923d4f971b7fa555dde1bdc7a9d475,1b44b6cc97de096b7b1a762966ad86e4,delivered,2017-08-24 12:41:58,2017-08-24 12:55:17,2017-08-29 11:41:57,2017-08-31 18:14:42,2017-09-19 00:00:00
5374b46099586d58a0e7b55f0dd1371f,d02fc56bb3873a385e182abf4c170443,delivered,2017-07-25 19:16:53,2017-07-25 19:30:22,2017-07-26 20:53:45,2017-08-01 23:04:49,2017-08-16 00:00:00
62ad575f01f34c4defb94b0a1f56b577,e8e36e3a100b426aed411f2a8f8a2e0c,delivered,2017-10-08 11:42:33,2017-10-10 03:26:50,2017-10-11 14:13:07,2017-10-25 20:39:02,2017-11-10 00:00:00
60e43c5f5ba559d9dd19357ed72cb2f2,73e4f0d08b9eaf4009d3218057343b5a,delivered,2018-04-19 19:03:33,2018-04-19 19:15:20,2018-04-23 16:56:26,2018-05-01 11:55:33,2018-05-15 00:00:00
04a964d023c9a995e1dea573959fad67,8c2c80b3c71d4aab125e0b8b1f8c36a4,delivered,2017-03-06 13:59:02,2017-03-06 14:05:18,2017-03-13 08:45:55,2017-03-16 12:44:40,2017-03-27 00:00:00
60d33f204669abf0795294143b54d6b4,0c759d0ffa38b978922b8a00506f6159,delivered,2017-04-04 09:19:31,2017-04-04 09:30:19,2017-04-12 11:57:08,2017-04-17 11:23:45,2017-04-25 00:00:00
2b36fe8c73edb9af80b2d3e73b46122a,c0a679f086bb9101ede30b00f5a5ad64,delivered,2018-02-25 15:51:18,2018-02-25 16:08:13,2018-02-27 19:47:08,2018-03-21 20:29:51,2018-03-16 00:00:00
3ac963599c50b9beedbcebb47eb33af9,ab23392115ab5083ec640a5c781c2820,delivered,2017-01-18 14:32:43,2017-01-18 14:45:21,2017-02-07 08:12:41,2017-02-16 17:42:20,2017-03-02 00:00:00
c78f3a2f9a1597e840d46919a968a19d,3e7b413594714db992bb14c4236ffe6f,delivered,2018-05-13 22:06:53,2018-05-13 22:32:14,2018-05-14 13:34:00,2018-05-17 13:26:57,2018-06-07 00:00:00
b5172d4a722c0ebb34c29bbbb7a3cb42,c132855c926907970dcf6f2bf0b33a24,invoiced,2018-04-17 13:14:13,2018-04-18 05:31:51,,,2018-05-24 00:00:00
22a6648d2137a11e2a8f0073763adb71,aeb46200c47a3a6be871ff80f1e0532f,shipped,2018-04-26 15:06:59,2018-04-26 16:11:01,2018-04-27 15:01:00,,2018-05-21 00:00:00
070162e1ae6ad420c0766af516a31a5b,e1fa3e11507423349f9e0833b9698b2e,delivered,2018-06-21 17:43:57,2018-06-21 18:21:06,2018-06-22 14:29:00,2018-06-28 20:57:30,2018-07-23 00:00:00
73e019fdcb05a01a6a7200bce40ef5f6,9d2b23ea4db320cc61d79113c8062f0f,delivered,2017-12-03 17:39:48,2017-12-05 17:37:25,2017-12-07 18:29:13,2017-12-16 01:37:10,2018-01-03 00:00:00
eb2e56877e1f053dedc857408122a7b4,315928729203665b684389cc28b8865e,delivered,2018-08-25 21:49:02,2018-08-28 04:15:21,2018-08-28 15:30:00,2018-08-30 01:20:34,2018-08-30 00:00:00
f71900fc3435a929b2d4ecc3860bfc56,e9b2fd5060b5f572facd8594b0e166e3,delivered,2017-07-25 09:15:00,2017-07-25 15:10:15,2017-07-27 13:35:44,2017-08-01 21:51:53,2017-08-14 00:00:00
f62c7996783afdbec5f6c8afc0c8a040,92f733b4d20fb47a3c3e58aaae5e76f9,canceled,2017-10-12 11:49:29,2017-10-14 03:56:25,,,2017-11-07 00:00:00
e97ffba03b587c280382be712f1e3478,1632dff93175c88a137a7aa512194dce,delivered,2018-06-23 08:23:22,2018-06-23 08:35:13,2018-06-25 19:10:00,2018-06-27 00:32:28,2018-07-05 00:00:00
6984dd59d3223f88d356dd9bb8117d2e,c193601d2a90235c13a10d13b64eb8b1,delivered,2018-08-17 18:20:15,2018-08-17 18:35:17,2018-08-20 12:35:00,2018-08-21 19:09:49,2018-08-23 00:00:00
c578990a35c5b8748fcd389179d04326,0d65ae359b1b72bba4ae28fb255acf75,delivered,2018-04-09 08:58:25,2018-04-09 09:09:56,2018-04-13 22:02:34,2018-04-25 19:33:22,2018-05-04 00:00:00
f1e63d984de289ace77245034ae6cbdb,e5f8e8729146fd86c86830782eadca4c,delivered,2017-08-19 15:12:05,2017-08-19 15:25:16,2017-08-24 21:59:54,2017-09-05 23:24:37,2017-09-19 00:00:00
139fda452e8ac63db51c90f3995dc480,f30226ef42eaa266905c938a2ac58809,delivered,2017-11-24 13:21:09,2017-11-25 03:15:39,2017-11-28 22:55:40,2017-12-11 15:27:51,2017-12-14 00:00:00
4bfa32127f9cbdeb864796d1132b1c0c,b1b64e79e26d783a49e45ad0b4136613,delivered,2017-03-08 13:30:01,2017-03-09 02:51:04,2017-03-09 10:22:51,2017-03-20 07:52:10,2017-04-07 00:00:00
1218b7b8dcee5607631650cd962f6436,70760f5ca54f7826fbc14b679eb949bd,delivered,2018-02-20 20:24:15,2018-02-21 12:05:38,2018-02-22 18:25:09,2018-03-05 20:53:04,2018-03-20 00:00:00
20250e9079690179b43a7f05255164ac,3a063237a69f5b645b11e74383f48c8e,delivered,2018-04-24 20:34:41,2018-04-24 20:51:10,2018-04-26 13:30:00,2018-04-30 12:26:37,2018-05-15 00:00:00
31c4bc4f07ff54c35fce88b58ac90113,36414b18573fb1e92312ac589de40540,delivered,2017-10-05 10:03:11,2017-10-06 02:25:11,2017-10-11 19:57:47,2017-10-25 20:45:48,2017-11-27 00:00:00
3d505913f0e487f72d47fa0813d00222,1f8207eff0bfa2510f2e1a2a2ddfc2f4,delivered,2018-04-16 20:20:48,2018-04-16 20:32:39,2018-04-17 21:03:40,2018-05-03 05:24:31,2018-05-09 00:00:00
8349ea058481bb2cd229288e7e1a9055,47d251314584bda53f70e982b513e90e,delivered,2017-05-09 20:29:15,2017-05-09 20:42:20,2017-05-11 12:14:53,2017-05-20 13:04:09,2017-06-06 00:00:00
e760cfb29c60e22956a48ad4c4e6a639,4d30781dc8b60e425f710376cfe61794,delivered,2017-07-17 19:34:59,2017-07-18 05:55:16,2017-07-21 11:52:56,2017-07-24 15:35:47,2017-07-28 00:00:00
47bc8fdc26cacf1dc85dd74df210ff30,14c896a3817e14183306bb2340b08ea9,delivered,2017-11-06 11:56:58,2017-11-06 13:30:53,2017-11-07 18:31:14,2017-11-16 20:35:43,2017-11-28 00:00:00
664934b310cca178e1ac86c17c97f61b,98d21222aa76797e79febacd95783d78,delivered,2018-07-11 14:07:47,2018-07-11 14:26:50,2018-07-23 11:36:00,2018-07-26 22:11:38,2018-08-02 00:00:00
fc2b5bbce8051cf99e0c56ec17d8d9bb,a38957c087426f51440188328532902e,delivered,2018-03-05 19:40:34,2018-03-05 19:50:28,2018-03-06 21:48:35,2018-03-15 17:25:03,2018-03-23 00:00:00
589538510b70bdc85d8879920b71bcd0,15d87bc44fdf6834f3ce6ed170fbe473,delivered,2017-04-23 17:13:44,2017-04-25 08:15:11,2017-04-27 11:08:34,2017-05-08 09:23:40,2017-05-18 00:00:00
6a5504144883c3de1333210ad6c6ff28,43cbdb75b234e3340e69180240cbb699,delivered,2017-10-30 21:31:21,2017-11-01 03:26:15,2017-11-03 20:41:58,2017-11-09 15:08:55,2017-11-16 00:00:00
cb2171c5c2527a4f3f54ad417867c574,95a9cc66789025d739be834c02093841,delivered,2018-01-22 22:21:36,2018-01-22 22:33:22,2018-01-23 15:57:11,2018-01-25 18:41:38,2018-02-14 00:00:00
82348f1b5f24ac795fa9320e02c49553,6954f23dff0b61c06de5bf898ff80498,delivered,2018-06-22 21:21:52,2018-06-26 04:35:21,2018-06-26 12:48:00,2018-06-27 18:19:38,2018-07-05 00:00:00
bda1d0a447e146223cefd1f3a4492701,866110a8d7321eadb2a20e6ef51c18d1,delivered,2018-05-02 16:31:28,2018-05-02 17:31:52,2018-05-03 08:59:00,2018-05-15 17:30:59,2018-05-24 00:00:00
64999819cdd2759997379730b8aa6e22,a55be87e0827244fc065dff0bd28b41b,delivered,2017-11-03 19:20:02,2017-11-07 07:30:45,2017-11-08 20:05:22,2017-11-18 14:21:53,2017-11-24 00:00:00
3355c17e0d48695739874417b6d421b3,f0507177bf9f1d580a1859b88681b5d9,delivered,2017-11-24 00:18:28,2017-11-24 00:56:35,2017-11-29 11:46:48,2017-12-01 20:32:42,2017-12-14 00:00:00
cfc95248d9cdb0c56ad45f75b7fd1bde,824c433a3dbbdd265a1399583aaef499,delivered,2018-03-31 17:01:36,2018-03-31 17:15:20,2018-04-03 17:12:47,2018-04-07 18:28:44,2018-04-23 00:00:00
eaa755795bc07ae1c3d55d7f6efe1dfc,4f6d55f91cc55993f83d3f289af748ff,delivered,2018-02-09 09:45:41,2018-02-10 02:35:47,2018-02-16 16:56:34,2018-02-26 20:19:06,2018-03-07 00:00:00
2bcf5ca88957e31faab027f2325cfd63,65b8331f36ef1247c8b665fdb5b2308a,delivered,2017-01-27 12:29:31,2017-01-28 04:35:59,2017-02-01 00:49:00,2017-02-07 15:12:07,2017-03-06 00:00:00
ddb18ea9ad3aa3a2ab5420b75a12458b,31bd0dc8763b2f3fc256b8fece76ecab,delivered,2017-04-30 14:37:45,2017-04-30 14:45:19,2017-05-02 14:08:56,2017-05-16 10:53:54,2017-06-01 00:00:00
0bcc4cc85c24f23e22013fd22f99728f,4d42435d173517c3f79098cee92ea787,delivered,2017-12-05 13:43:47,2017-12-05 13:53:52,2017-12-08 19:42:30,2017-12-20 20:52:05,2018-01-05 00:00:00
2b1744114b2335cc79c6c45cd8af7290,acd9e8ca124f434045dce23b783e7540,delivered,2018-03-07 22:46:39,2018-03-07 23:09:35,2018-03-10 18:02:43,2018-03-16 18:58:59,2018-03-23 00:00:00
c6633f15bb100c51b118728e245cf98e,68466ebea66e12e3c083349b1604aa5c,delivered,2018-01-06 20:10:47,2018-01-06 20:19:28,2018-01-09 15:59:32,2018-01-11 14:07:42,2018-01-24 00:00:00
460c7dd1638b41dcaf9ff864c3d11f82,5dc2a94af9cee325d180d840f8f551ba,delivered,2018-04-18 20:51:43,2018-04-18 21:11:29,2018-04-19 23:38:23,2018-04-20 15:58:41,2018-04-30 00:00:00
4ab8d41a01fbd0a52d7de288e25463ac,4e9bdfdb280a2b7b1c13b72a01758b16,delivered,2017-09-26 13:34:04,2017-09-26 13:49:36,2017-09-27 20:04:05,2017-10-02 22:48:27,2017-10-20 00:00:00
ead44d01d54591915544516e05a8b76c,ce11122eeb089c04537c5ceb4fbc385a,delivered,2018-04-25 00:48:29,2018-04-25 01:11:02,2018-04-26 09:29:00,2018-05-04 20:13:52,2018-05-21 00:00:00
3d84db1101b6861375741b69ec77cf13,3b9ca2ad54f2b1a0aab721f52ab7c08c,delivered,2017-11-24 22:00:36,2017-11-25 01:31:43,2017-11-27 11:43:56,2017-11-29 17:49:19,2017-12-14 00:00:00
13cefc43767ea15bacf542800eb19f54,9cf25707678a56ff1e859db99c3d1c06,delivered,2018-03-02 19:18:39,2018-03-02 19:30:30,2018-03-05 16:38:31,2018-03-19 22:33:44,2018-03-23 00:00:00
8b5917133029017d184c54baee564632,8678d7b0e380ec98afa6bf2e78dc7578,delivered,2018-03-12 15:41:59,2018-03-14 02:49:08,2018-03-14 16:56:29,2018-03-23 22:22:31,2018-03-28 00:00:00
d7fc8d99795c8cd82eeab767e889e645,f32e0c4e338c96fe0ec35a87c1e01abd,shipped,2017-07-25 21:39:59,2017-07-27 21:10:13,2017-07-28 17:36:00,,2017-08-16 00:00:00
363f3d1dbcb3b03d17ba62e6904dd353,882556e077ee7b4cc3a1f6cc77e65c7d,delivered,2018-02-18 12:52:48,2018-02-18 13:55:25,2018-02-19 19:17:00,2018-02-20 20:19:17,2018-03-06 00:00:00
90ecb6cceedde51e869bce61b0376f8c,5321215bb86a418adc48f91de7b51b6a,delivered,2018-02-22 18:51:44,2018-02-22 19:08:31,2018-02-23 22:38:01,2018-03-05 20:26:38,2018-03-20 00:00:00
9bb495896a186cefecc3d00838723597,baf4d614d7be4e35bcb1483cfc2d0be0,delivered,2018-08-21 19:03:30,2018-08-21 19:24:36,2018-08-22 14:41:00,2018-08-27 23:18:45,2018-08-31 00:00:00
6057795be8cc4b91b447f81088a07594,e1d038b51aa770db7864175d006f4d0b,delivered,2018-01-29 19:39:49,2018-01-29 19:53:44,2018-01-31 17:16:39,2018-02-06 22:32:02,2018-02-20 00:00:00
650f0e59daa00ddaf6b3ebb68b252cfa,b3d2feb6038f99781c5f563556c73c0e,delivered,2017-11-24 10:24:45,2017-11-24 11:51:50,2017-11-28 17:32:37,2017-12-04 23:47:12,2017-12-14 00:00:00
07fa03f414c1129ccd4a8fb44f441f13,e243c79f3576689f3104a8a305d5111f,delivered,2018-01-25 23:16:38,2018-01-25 23:35:28,2018-01-26 14:22:12,2018-02-01 21:53:37,2018-02-21 00:00:00
3a511b11011bb31230c08bc11f4a1954,601d08f998f53b809794de3a130bedd1,delivered,2018-07-15 15:09:48,2018-07-17 04:31:30,2018-07-17 14:11:00,2018-07-23 22:38:37,2018-08-02 00:00:00
6c20d70e7c720f7895651a703e320b86,ea65ed9eccb0fbc782b22c52d38ec8cf,delivered,2017-12-08 11:57:49,2017-12-08 12:10:09,2017-12-11 18:59:12,2017-12-13 15:06:07,2018-01-04 00:00:00
13c74d230cafe0e3552cf45c74ed0ef4,3f7dbde00a18dc20eb805968c21098e6,delivered,2018-06-12 09:53:54,2018-06-13 02:18:35,2018-06-18 11:01:00,2018-06-21 20:03:46,2018-07-05 00:00:00
ec533ae9aa5bd7c370f7da7f9dbd6f64,9c085bb96a09d4c216879ee1d44582d4,delivered,2018-08-10 13:36:16,2018-08-10 13:50:13,2018-08-10 16:24:00,2018-08-13 14:51:50,2018-08-16 00:00:00
24eb94311ff1fc3cbe344364d37946f2,0676eba3c176bae5820a450aee33be6a,delivered,2017-06-06 04:27:54,2017-06-07 02:35:11,2017-06-07 10:30:02,2017-06-19 18:09:24,2017-06-20 00:00:00
9814a337a2470787f24426bf0af8b16b,be2abc57e92c541f83e8be9e8a8fd1af,delivered,2018-04-02 11:02:38,2018-04-02 11:15:21,2018-04-03 22:56:50,2018-04-04 15:29:04,2018-04-12 00:00:00
1324f45d0fb5d5f8c818cc7e95242523,fda7538f21af5d94186af6d7395f4d7f,delivered,2018-04-24 23:02:15,2018-04-24 23:15:09,2018-04-25 09:59:00,2018-05-07 23:28:25,2018-05-16 00:00:00
375f6d4858d3dda604523acd6ce26889,eea9dcd810d6281d1cbd7fe80721c316,delivered,2017-11-24 00:56:48,2017-11-24 01:19:25,2017-11-25 13:07:16,2017-12-05 23:41:34,2017-12-26 00:00:00
2a77e75a84066bc18c31a02f6b98dfca,49a41ab9ecb4a1a085da6626dfaa26b3,delivered,2017-11-26 18:19:29,2017-11-26 18:32:38,2017-11-27 23:27:46,2017-12-05 17:18:35,2017-12-21 00:00:00
f7a0b8c521ea81bf3536ad4ef99fd376,faef2f2f4a3880d56b17a30c8aa683ce,delivered,2018-08-26 10:08:49,2018-08-26 10:24:05,2018-08-27 14:59:00,2018-08-28 20:41:49,2018-08-30 00:00:00
86f17666da93e1222e06113554a58969,084c1d1c127b9d9cd7ef20e22a3dbd0a,delivered,2017-03-22 23:53:49,2017-03-22 23:53:49,2017-03-23 15:02:16,2017-04-03 15:06:53,2017-04-12 00:00:00
25d054bcaafc7ed0a9b503a55ae9f2f1,16a01fcc3eb15d1229e677d6e9c34cfc,delivered,2017-09-01 19:13:10,2017-09-04 13:30:11,2017-09-04 21:04:08,2017-09-19 17:03:33,2017-09-26 00:00:00
8d7c8198f92e7e12584cf9048f075417,57189c2571937e9f5bc62d0d7045fca6,delivered,2017-05-27 15:51:12,2017-05-27 16:05:12,2017-05-29 08:21:53,2017-06-06 09:47:50,2017-06-21 00:00:00
aa93e3c6d83d9d067dad35f632ad1b0e,a0361634806336b2ccb198e40eb9bf8c,delivered,2017-06-06 14:22:21,2017-06-06 14:30:24,2017-06-07 15:12:59,2017-06-14 10:26:02,2017-06-29 00:00:00
5bbf075632367fb4969495a3669cb637,3c69def4ab71e86973e492336cbe3407,delivered,2017-11-24 22:51:48,2017-11-25 01:57:34,2017-11-28 21:27:49,2017-12-08 18:46:54,2017-12-19 00:00:00
6c6dad92bd68fb80a8f11e4befd41d36,d01471154bebcbc2d05c7d6073265fef,delivered,2018-03-30 08:07:56,2018-03-30 08:50:10,2018-04-03 18:57:29,2018-04-25 21:11:56,2018-04-19 00:00:00
d15310130fe6fbaf70e2c8027c9dd760,7dc8706230ce123ade4d311a407eee19,delivered,2017-08-12 16:06:00,2017-08-12 16:23:18,2017-08-15 19:03:56,2017-08-19 13:32:44,2017-09-01 00:00:00
d607da6b83f619cfb1a39fcebd801150,412652039abf88595b3853b0577369a6,delivered,2018-01-23 14:25:34,2018-01-24 02:52:39,2018-01-24 23:58:38,2018-01-30 21:13:02,2018-03-01 00:00:00
0a383b731ceafec6fe7047720b1ea52e,acf93fbd81965a5131b63e3681954539,delivered,2018-01-03 20:56:22,2018-01-05 02:35:13,2018-01-05 17:45:12,2018-01-23 16:09:15,2018-01-31 00:00:00
9e67d866b8dfe1d94ff765ef79fca1e4,71ab9e34d20ca6d57eff8055fa5ab248,delivered,2018-03-16 15:37:09,2018-03-16 15:49:47,2018-03-19 19:12:08,2018-03-22 22:41:02,2018-04-10 00:00:00
81254dd1f66cb71378737f0036be0bc2,ec5a416ed54fbcac7e20e7b2868785dc,delivered,2018-06-18 21:29:52,2018-06-18 21:58:14,2018-06-20 18:07:00,2018-06-25 16:46:46,2018-07-05 00:00:00
1686688dd0ee852ad4bf01ebdfc7d0ac,4d3fefcc29c7720a1164a186997c1148,delivered,2017-08-05 12:58:51,2017-08-05 13:15:10,2017-08-07 20:46:40,2017-08-21 16:25:37,2017-08-25 00:00:00
976ae700312f21035d33bc46158131e8,90fc6c2434ca10afbe89402ed29897e2,delivered,2017-11-28 10:18:46,2017-11-28 11:58:36,2017-11-30 00:13:54,2017-12-06 23:18:50,2017-12-19 00:00:00
5f127aff90e6012e2200e03613eb47cd,418912d5f4377f69235629574f9d59c3,delivered,2018-04-22 21:13:08,2018-04-24 19:25:35,2018-04-24 16:32:23,2018-04-26 17:11:57,2018-05-18 00:00:00
6773a3b9580015122ad311ee0d507468,bbd2ce85dee0163916f807f9404282e6,delivered,2017-11-27 23:37:58,2017-11-29 02:17:21,2017-11-30 14:42:23,2017-12-01 19:15:46,2017-12-11 00:00:00
3235a845429a20753974e4bd70773c6f,09eefd631794ec720959fec7a3693db8,delivered,2018-01-24 01:39:38,2018-01-24 01:54:11,2018-01-26 19:54:52,2018-01-29 22:48:53,2018-02-23 00:00:00
05452881e2846549b81d39249bb66ad7,1ff911e9682875f08a0f44bad0807455,delivered,2018-02-04 22:04:37,2018-02-05 22:35:33,2018-02-06 23:53:04,2018-02-07 22:11:23,2018-02-26 00:00:00
ae3ed4faf84063e2cb305bc99cacf219,2e011b3ee6c6ba14113c197f1b740cab,delivered,2018-07-23 21:06:08,2018-07-24 10:32:42,2018-07-24 15:16:00,2018-07-26 21:14:04,2018-08-09 00:00:00
0a06eca1c0bfc49a968e40cdd506297f,c9699958c6d39f1ec7c42b06629dbd5d,delivered,2018-03-01 11:53:45,2018-03-01 12:10:22,2018-03-01 23:13:05,2018-03-12 19:31:14,2018-03-28 00:00:00
16988d29fc53e813b156b33c0eb39b1d,95d076a10eb7507faeca1121d0a88551,delivered,2018-08-03 13:39:16,2018-08-03 13:50:16,2018-08-03 15:44:00,2018-08-08 03:12:41,2018-08-13 00:00:00
4c05568a8cbfba6c3502aa38dd34c9c2,33829a5ab9c9fbe1c5a55943b73250ad,delivered,2017-12-01 16:46:37,2017-12-01 16:55:35,2017-12-13 19:18:28,2017-12-29 15:46:55,2017-12-26 00:00:00
800527a0973637e539fec69236ce5938,62c70173bd4a8b2d617287bcf5d4f5c5,delivered,2017-02-05 13:38:41,2017-02-05 13:50:12,2017-02-06 15:03:10,2017-02-13 06:25:51,2017-03-08 00:00:00
03f4fbe820830f14931ffa4631cb0912,032a4f800b7a9732de3c85e44f672d37,delivered,2018-01-25 10:02:22,2018-01-26 03:18:38,2018-01-30 00:41:31,2018-02-05 22:04:57,2018-02-20 00:00:00
620a716a1e6b0f533e5ffeee43cc55e9,e3f72b6047e29c84edfede3befff3820,delivered,2018-04-25 15:43:35,2018-04-25 22:31:48,2018-04-26 11:29:00,2018-05-04 20:48:37,2018-05-10 00:00:00
a0aef57f230423695817deb4c1b4fe7b,5b5647d181199dd67334fb89f49c1206,delivered,2018-04-01 18:58:56,2018-04-01 19:10:08,2018-04-03 19:10:54,2018-04-05 13:02:32,2018-04-12 00:00:00
c1965eaf39451fdf97e27cb13e5f401e,6c2e461dd95bcb99e9d9d0736f4794bd,delivered,2017-11-11 18:45:27,2017-11-11 18:55:28,2017-11-15 01:43:44,2017-11-22 16:13:06,2017-12-13 00:00:00
f6dfb291afbbd784e350772d9369dd66,a4bbd7ddacac7f57468a4eb9c6f58884,delivered,2018-05-14 22:43:14,2018-05-14 22:55:20,2018-05-15 12:16:00,2018-05-28 18:22:31,2018-06-21 00:00:00
d95ce5242ca8d7a73903d6fed0f047b3,558db91121d704e92ef88de10aa722fd,delivered,2018-04-27 20:21:17,2018-04-27 20:32:28,2018-05-02 18:10:00,2018-05-04 03:28:02,2018-05-16 00:00:00
e2106d4c268074159f4e90a33cf4e18c,edd42935e92c9d18e1243d2207f2ff7f,delivered,2017-10-17 21:33:55,2017-10-17 21:46:10,2017-10-18 19:48:28,2017-10-19 19:56:46,2017-11-03 00:00:00
7540402478bad6d66e321312afecfe12,e4ff950a08d8adfd9cdbf0564d3f8371,delivered,2017-11-30 13:30:52,2017-12-02 08:59:57,2017-12-06 00:23:14,2017-12-14 19:52:49,2018-01-03 00:00:00
ea5d5b94cb65b3b50f1eaf792db2b895,29f183d61198775ba0e125f929331fb4,delivered,2017-02-19 21:11:20,2017-02-21 04:50:28,2017-02-22 14:56:02,2017-03-03 13:57:56,2017-03-22 00:00:00
c2b32a9eef15f09698bb2ec1a17a6a70,ebfe1d2a6e0bc6f787ba81a4efcdbd74,delivered,2018-03-05 18:10:50,2018-03-05 18:31:18,2018-03-09 00:21:47,2018-03-27 14:49:03,2018-03-23 00:00:00
5c691ba7fb954b25c03ed3008a591952,7a145c216b8956a484a50e67e385af99,delivered,2017-08-02 08:39:37,2017-08-02 08:55:10,2017-08-07 21:06:03,2017-08-10 19:35:37,2017-08-24 00:00:00
bf4ae44e185ffb9292decb1905392f57,ea349155eae33e9e9b9bc80bd0182924,shipped,2017-08-02 22:00:01,2017-08-02 22:10:19,2017-08-07 15:45:40,,2017-08-31 00:00:00
ba82a226d055b7cd8455167068fa576d,78fd916635f6a0b05a86a3b62dd67e95,delivered,2018-05-01 04:58:22,2018-05-01 06:13:25,2018-05-08 12:25:00,2018-05-14 23:18:31,2018-05-30 00:00:00
a968af310ab09611023e0efd828ecbde,a8a1a845d4b2e7d019ed7ee3795fd17b,delivered,2018-05-11 17:31:58,2018-05-11 17:50:55,2018-05-16 15:28:00,2018-06-01 15:51:16,2018-06-04 00:00:00
24f937ccbe294a3f3d24859938e01915,beec9c534ac45cd57b2c1f8212a7535a,delivered,2017-05-11 12:58:50,2017-05-11 13:10:40,2017-05-12 09:58:01,2017-05-18 16:08:00,2017-05-31 00:00:00
fe32ff09dc05ef12f7003de0f56f9087,9ee1247050410211261eb5f6b24257d5,delivered,2017-12-02 13:06:10,2017-12-05 04:17:29,2017-12-05 17:53:22,2017-12-15 19:58:52,2018-01-09 00:00:00
8cd3e75c8ad12626a94cb60ebee43613,b48a2d34f7c271d312a654f068e344a4,delivered,2017-06-12 12:05:41,2017-06-12 13:07:22,2017-06-13 16:37:23,2017-06-19 11:58:01,2017-07-05 00:00:00
8e5148bee82a7e42c5f9ba76161dc51a,cf2e8218cb5e9206e72db2f2fe7d5b78,delivered,2018-01-27 04:38:51,2018-01-27 18:18:47,2018-01-29 17:23:46,2018-02-06 19:07:33,2018-02-22 00:00:00
974e5555a6f371f1aa0a86b06f62581a,a48f23629566c184d8b0fa22e442bd88,delivered,2017-04-30 22:36:56,2017-05-03 15:31:25,2017-05-04 16:07:36,2017-05-19 19:23:14,2017-05-26 00:00:00
cda286fbc87f2e1358e2804b1d77ca0f,698d37db246ad6fc8f0d3f5a1a3a7bf7,delivered,2017-06-08 04:16:46,2017-06-09 19:30:12,2017-06-14 17:22:09,2017-06-19 16:47:27,2017-06-22 00:00:00
ae4699550d86c969bf041d7d106f96ac,a211a18f2d33674538a33b6ad9e4c55d,delivered,2017-09-05 12:28:03,2017-09-05 12:43:30,2017-09-06 12:34:58,2017-09-08 18:11:51,2017-09-18 00:00:00
637829c452a59980120d8015af137b78,c98bc4064c2da2e8f87a2476bc07a5b0,delivered,2018-08-04 19:25:17,2018-08-04 19:35:19,2018-08-06 15:29:00,2018-08-13 18:22:45,2018-08-29 00:00:00
ffa4713aab0ab633f0f6daa12baf90cb,e8ebbc2a8acc77cf4a5f8f496ddca8d7,delivered,2018-07-19 17:08:41,2018-07-19 17:23:22,2018-07-20 12:16:00,2018-07-27 12:58:53,2018-08-07 00:00:00
7d5d736e94d990a8d3445fa7b4716a2e,7e0e3e3989a7525cb4b69a1fb26b3215,delivered,2018-05-06 20:33:11,2018-05-07 10:11:27,2018-05-07 14:25:00,2018-05-22 12:28:27,2018-06-04 00:00:00
160325be3833553d6a8155785eb1e7e9,45c093afaa7891c477ac46210a9f4fc7,delivered,2018-08-11 16:26:57,2018-08-12 16:24:35,2018-08-16 13:40:00,2018-08-20 20:26:38,2018-08-30 00:00:00
7d2a5a332a83c3d6a7f9f2d9801575e7,0f716803e855d3b377f06bdb3adc6bef,delivered,2018-04-29 19:51:51,2018-04-29 20:15:32,2018-04-30 13:38:00,2018-05-05 12:32:52,2018-05-30 00:00:00
4c1eb4e6d52d42048614e4c46f3c5f9e,a830ee143fc6569553949bd8b06fc776,canceled,2018-08-03 18:52:57,2018-08-04 04:10:22,,,2018-08-22 00:00:00
0b9c8acf14e3553395cf435472988a1b,ed06079dced62dbfd744b48a2dd8e789,delivered,2017-09-06 16:35:32,2017-09-06 16:50:16,2017-09-06 23:03:16,2017-09-13 19:38:01,2017-09-27 00:00:00
6c2cca976997714885ca36d89144280f,632ad7de73261e78620f6c1c81347fab,delivered,2018-05-10 20:05:10,2018-05-10 20:17:44,2018-05-11 13:27:00,2018-05-14 19:07:40,2018-05-18 00:00:00
19c6408c8c146a18e4fa634340aa5685,20bac6eec28d792b07e92ddc8fa53b90,delivered,2018-08-09 15:04:55,2018-08-09 17:24:53,2018-08-15 14:15:00,2018-08-16 19:58:46,2018-08-20 00:00:00
d810d97339fb343826dab7ddf6e17f95,6214f72996b247b5de739d35137899fa,delivered,2018-04-25 13:14:24,2018-04-27 03:31:26,2018-05-03 15:08:00,2018-05-04 14:35:46,2018-05-09 00:00:00
9214a22a09a3f31effc6384f1bd44604,dedd827adf6ec2687e653e0ba1348f6c,delivered,2018-06-29 13:20:06,2018-06-29 13:35:21,2018-06-29 15:19:00,2018-07-03 21:38:51,2018-07-13 00:00:00
c4e471ceef59a7434978cda5d4ab9d4a,87fff63f8d7ea42400fbb739071ae525,delivered,2018-07-31 20:58:40,2018-07-31 21:31:27,2018-08-01 15:38:00,2018-08-02 23:54:46,2018-08-07 00:00:00
b5eeec1b045b05d3e3010ef57120a8dc,c3c0ea16776e0d2c79a9239c552700f3,delivered,2017-01-26 11:48:46,2017-01-26 12:02:13,2017-01-31 16:23:57,2017-02-03 04:12:52,2017-03-06 00:00:00
0ed4bf3a5a970c8b076ce4ccec0acc4b,1eba0a3110dfb65297fc6fe9959c3641,delivered,2018-05-22 19:44:42,2018-05-23 15:57:10,2018-05-28 14:03:00,2018-06-07 16:32:20,2018-06-06 00:00:00
b1b74907a120888550f895aca299e24b,faba85ebc5cfe2a7bb060d3287493701,delivered,2017-10-17 11:28:05,2017-10-17 12:07:04,2017-10-26 22:26:37,2017-11-01 18:00:00,2017-11-10 00:00:00
2ba617509989ec173226f6180cb098fe,5219a7ed5fd10e00c2c07e91167af356,delivered,2018-04-18 22:56:31,2018-04-18 23:11:15,2018-04-19 18:22:46,2018-04-25 01:14:43,2018-05-14 00:00:00
f711577771f6ca55feeeeb1f30dfe2f0,f632ad5299fd1a88f9aed3c617d761d0,delivered,2018-02-03 08:37:54,2018-02-03 08:50:26,2018-02-08 01:23:57,2018-03-07 13:52:27,2018-03-06 00:00:00
99c7028b41234ebb47c132aa3c6a1b47,404bf41f26cdde4690d5f758a1bf590b,delivered,2018-06-25 09:25:37,2018-06-25 09:58:49,2018-06-25 15:01:00,2018-06-28 14:48:27,2018-07-19 00:00:00
c5f2a2829db09bd21fbbb46215b74a2c,45aecdf5a12c416d48ec218648603efd,delivered,2017-07-16 20:52:43,2017-07-16 21:05:20,2017-07-18 17:57:59,2017-08-04 18:49:35,2017-08-18 00:00:00
0261eac8b7b097ab1e28579b69e6ea90,fd4e6dc2e2ca0393ac80b6a2d6001179,delivered,2018-06-25 16:32:49,2018-06-25 18:14:44,2018-06-26 09:54:00,2018-06-28 16:46:40,2018-07-23 00:00:00
3300cd5468b45a06dd47487a0d936212,866456cc7b097aae3883ae2f436b42cf,delivered,2018-08-02 21:11:24,2018-08-02 22:10:17,2018-08-03 12:24:00,2018-08-09 20:56:36,2018-08-15 00:00:00
27d6012b882832dc9ddcf34304eeb77c,2034cc6d6d517007a9ba3e22ba643344,canceled,2017-11-11 10:44:49,2017-11-11 10:55:28,,,2017-11-27 00:00:00
f1683f4bfd72d0680bb05961cde27a66,4b27fd4a123002c373099a85ff378e24,delivered,2017-12-05 10:40:17,2017-12-07 03:11:12,2017-12-07 19:34:45,2017-12-12 23:28:38,2018-01-02 00:00:00
09b38400b1601bc9dea9de02c710857f,9ed06342197fde512695b88ef49400c2,delivered,2017-01-17 13:23:49,2017-01-18 02:10:39,2017-01-20 07:13:45,2017-01-27 12:09:44,2017-03-06 00:00:00
7ddf1522bd8c6e4817a9959a20909fad,c0a9748992db56b2e2e087e5f43c1562,delivered,2018-03-23 14:16:02,2018-03-23 14:30:32,2018-03-27 00:38:26,2018-04-09 23:03:56,2018-04-17 00:00:00
fa39ee12a50a33fd85d39ba672ca300e,1c14a115bead8a332738c5d7675cca8c,delivered,2017-07-17 11:25:36,2017-07-17 11:35:24,2017-07-17 20:39:35,2017-07-28 19:56:49,2017-08-08 00:00:00
00f98eaeddb9debc8df8cb27e08216d4,f6d650f5127f08c4ed7c4f596c0f9cb5,delivered,2017-10-18 17:40:28,2017-10-20 02:56:27,2017-10-20 20:32:02,2017-10-23 16:32:44,2017-10-30 00:00:00
c0826b2069d46c00f8318be1b88c84f4,7d3c0ba8155647b727341f17c0f74ed1,delivered,2018-05-06 14:24:25,2018-05-08 04:14:31,2018-05-08 15:16:00,2018-05-17 18:28:18,2018-06-04 00:00:00
4b87a2c8b410e2e61c12c83790810587,f10ef18837d8b540c6f431232d91cb26,delivered,2017-05-14 11:03:47,2017-05-16 03:15:40,2017-05-16 16:39:57,2017-05-31 21:17:09,2017-06-12 00:00:00
ce4e738175a32ef6dbf7cf8dee090305,3323889cb43c9118f4e5efa137361505,delivered,2018-02-01 23:13:08,2018-02-01 23:33:34,2018-02-03 00:38:39,2018-02-15 22:09:46,2018-03-20 00:00:00
ef9a0c980b0d1cee2cb97b8ffe3fa64a,f77ce3a36c073908d43d3b61227e7a7b,delivered,2017-12-16 19:22:08,2017-12-16 19:33:37,2017-12-19 19:19:29,2018-01-05 14:52:23,2018-01-12 00:00:00
1af38227c088980113da10c4e6d925cf,1ad3802505f427339707ee3d01e4b8e9,delivered,2017-08-24 15:43:58,2017-08-24 15:55:19,2017-08-28 13:07:44,2017-08-30 18:00:00,2017-09-06 00:00:00
c43947f61dd689e246ef64dfa3b8bcf8,67a74b612c2171a3b70798b20ea46223,delivered,2018-03-19 00:00:58,2018-03-19 00:10:30,2018-03-19 18:59:31,2018-03-20 20:06:49,2018-03-29 00:00:00
9dc7211819545928779f926c67f9031f,83fb768fc57eab1f5d0751588b29e76e,delivered,2017-03-03 11:54:06,2017-03-03 12:02:36,2017-03-06 17:54:42,2017-03-07 09:14:18,2017-03-29 00:00:00
7533c29b86f583d04968e271bf52fc3e,e4439a1e9e726f5cd5f1716951ccb61f,delivered,2018-01-17 02:18:14,2018-01-17 02:30:15,2018-01-23 13:22:25,2018-01-25 16:08:44,2018-02-07 00:00:00
c4e3804381d2267a3b1d6e84b9eedc0f,52f5ce2e402012c93bd9510788a57c38,delivered,2018-02-07 14:29:31,2018-02-08 11:50:38,2018-02-08 23:48:33,2018-03-05 18:48:44,2018-03-15 00:00:00
3c71011c33cf4ba95d18787bdc0e94d3,d7c94e22bfd332eb29b0f5badc3ce103,delivered,2017-03-20 19:11:14,2017-03-20 19:11:14,2017-03-22 09:14:04,2017-04-05 13:18:48,2017-04-10 00:00:00
505c74a8514300103db4767c595fd85a,a73385b519aa26aecb154a13fec20b62,delivered,2018-04-06 15:34:59,2018-04-06 15:50:13,2018-04-09 23:41:39,2018-04-12 01:21:00,2018-04-23 00:00:00
da9365826a6ffd6577582de7425efeda,3a32a08e045323a9e98da11f43951b90,delivered,2017-08-06 20:57:06,2017-08-08 04:10:53,2017-08-16 09:08:49,2017-08-28 20:22:50,2017-09-05 00:00:00
f8fe883e2728cda6bce4c9552d521f71,8531319b5937edd1b7518b1a5727361b,delivered,2017-11-24 15:22:22,2017-11-25 03:58:26,2017-11-28 18:41:27,2017-12-06 22:22:06,2017-12-14 00:00:00
ae42d30816d69c777f832bcbf37fbd46,0ae25c813041ba75ff447da9a7b449ff,delivered,2017-04-06 16:31:49,2017-04-07 16:42:39,2017-04-10 16:53:49,2017-04-13 12:52:06,2017-05-04 00:00:00
73fc770f6cccde5fdd23cc5b127b57bc,e83a13032ee9a7d92efb60045ec1a346,delivered,2018-06-06 16:07:51,2018-06-06 16:34:23,2018-06-07 07:39:00,2018-06-19 19:32:42,2018-07-18 00:00:00
c24115c3ad47e06931f1fd2617a46c8c,96d454cad1c78eabe836db588844f533,delivered,2017-11-25 18:54:34,2017-11-25 19:14:17,2017-11-28 20:58:06,2017-12-07 20:59:01,2017-12-26 00:00:00
9bb64540c8b861abd76559cbf18a9230,df6080c9c9123b2b968aa62b0cc5bbdb,delivered,2017-11-21 08:25:55,2017-11-21 08:31:24,2017-11-21 16:52:17,2017-11-28 23:37:53,2017-12-14 00:00:00
eaf80141a987237c1a57a7aa5f61b937,bb7d9373739134ace47d311b0d92e64d,delivered,2017-07-18 17:17:37,2017-07-18 17:25:16,2017-07-19 19:34:56,2017-07-26 15:52:12,2017-08-09 00:00:00
b172643d2145d101810ed57b5378f1c6,2eb6f8fc591d7185929b38b4161d6dc5,delivered,2018-07-13 14:38:35,2018-07-14 02:50:13,2018-07-19 14:11:00,2018-07-25 17:41:37,2018-08-07 00:00:00
ef2d1b5b5f1fc3ea70338bb4c64f0129,a05f2d3e857bcfada74c1156e873049d,delivered,2018-08-15 16:24:12,2018-08-17 03:10:22,2018-08-17 12:05:00,2018-08-28 19:52:12,2018-09-17 00:00:00
4563da819a589eed2f386d177b6e8135,a3d57d4306ed734110dfd814aec1e5e6,delivered,2017-12-14 15:18:44,2017-12-14 16:31:59,2017-12-19 23:13:41,2017-12-27 21:18:00,2018-01-10 00:00:00
4e506215592eafe8d7366eb7fa6cf532,492ed17eccb0e4776b3654a1b7336175,delivered,2018-06-03 21:50:39,2018-06-03 22:10:11,2018-06-05 10:42:00,2018-06-27 13:03:10,2018-07-19 00:00:00
dff8a4e3be625dab7477ac366a4a9ca2,aa92f1b3382ce5646ea50603cb6445f3,delivered,2018-01-15 15:22:29,2018-01-15 15:34:32,2018-01-25 00:03:09,2018-01-29 22:16:47,2018-02-08 00:00:00
a709ecb248c71e8b541f253c40ee8be3,ac82545ea76f80c8047af33f84a32aff,delivered,2017-03-11 18:02:41,2017-03-11 18:02:41,2017-03-13 13:11:24,2017-03-17 09:05:51,2017-04-03 00:00:00
e497f72041dc38eaa6794c1c143e8005,4e1bf9ec00867edf7c5b3a70f37a1c85,delivered,2018-06-17 18:31:33,2018-06-17 18:57:54,2018-06-20 18:49:00,2018-06-21 21:58:26,2018-07-11 00:00:00
8be0e6cff38ca7f3d8709433d1f649af,748454d655fa072522bdeb9c6218c3ae,delivered,2017-05-11 15:10:52,2017-05-11 15:22:01,2017-05-16 12:56:30,2017-05-22 18:13:38,2017-06-12 00:00:00
37ac92a80fc763601ead868bb23af05a,889e221b1e9864674f860986037855b7,delivered,2017-12-11 13:40:56,2017-12-11 13:50:28,2017-12-13 19:59:08,2017-12-18 22:29:04,2018-01-08 00:00:00
55d18e6e778d8bbc28aff36ab14104ba,31886e19444f65c975a4ca04f999d12c,delivered,2017-11-28 21:58:05,2017-11-28 22:31:34,2017-12-01 19:32:55,2017-12-04 18:48:49,2017-12-13 00:00:00
2e2dd1119ebf597a9c05d80b5d6eeace,49e5a3194d78f1db36db7ad6a2dfcf76,delivered,2017-07-06 12:42:44,2017-07-06 12:55:29,2017-07-07 19:21:57,2017-07-20 16:36:50,2017-07-26 00:00:00
42f4cf7ee7d96f2d2465b6f203e531ba,835290f13da9e4cef839def4f4fdfb20,delivered,2018-05-30 21:33:27,2018-05-30 21:50:02,2018-06-01 10:14:00,2018-06-05 04:03:50,2018-06-25 00:00:00
2a93ce7a0ff5c657ce85f7b75d26408f,2ca557d0643e6728725b61db2c891ec7,delivered,2017-05-24 15:46:11,2017-05-25 15:55:19,2017-05-26 13:04:27,2017-05-31 07:38:03,2017-06-16 00:00:00
e21a007c09bc0fffafa1ab3ca7a65a26,e3e4e76e7ffd5eb15e29a7a18c5560d2,delivered,2017-07-18 14:26:30,2017-07-19 14:35:48,2017-07-20 17:32:44,2017-08-09 21:37:53,2017-08-22 00:00:00
3b2e77967d37d34b88bd2bca3d2ec4a0,bb5cc1b304adbd2fc941ff284aa1de50,delivered,2018-02-26 09:19:13,2018-02-28 09:15:37,2018-03-02 01:26:48,2018-03-27 15:18:50,2018-03-19 00:00:00
a84e4f8aa24db2de90fd2e145f96003c,1aef425f81d7df80fbd462da5aef53f4,delivered,2018-04-28 17:47:58,2018-04-28 18:14:33,2018-04-30 12:56:00,2018-05-10 00:37:05,2018-05-24 00:00:00
0d71624d3497568c5af4fa0fc5faa967,5a0ce17620554f641a8113fc965194c5,delivered,2018-08-15 18:51:47,2018-08-17 07:01:34,2018-08-17 13:53:00,2018-08-22 17:38:43,2018-09-13 00:00:00
7bec02a0496ca4c5e9e842cf8c044eba,0ea55f51279af1244c938482fb2eb488,delivered,2017-12-31 09:06:19,2018-01-03 04:29:36,2018-01-03 22:05:14,2018-01-10 19:28:11,2018-01-31 00:00:00
66fc85fce01ca94d68a669ad2f78c035,b51281d5c8fe567753940498c6508c49,delivered,2018-08-04 11:54:16,2018-08-04 12:05:15,2018-08-07 10:19:00,2018-08-09 22:37:35,2018-08-14 00:00:00
c79232ce4ffe52567a1fe340b3f449d2,25ccc8892b50b757c97528d1e2c0c415,delivered,2018-02-17 09:25:37,2018-02-17 10:07:06,2018-02-20 15:09:11,2018-02-23 20:59:06,2018-03-15 00:00:00
7a4380b2d852be9f98a57d31d6a9c51b,837343b368cfbcf883cb6968069b5b2b,delivered,2017-06-29 11:52:18,2017-07-01 04:45:30,2017-07-03 13:27:00,2017-07-12 17:32:36,2017-07-25 00:00:00
3fb41161786b24f4fd477d6a3af4dedb,59cffb72caa49f6a3614ede2efea1357,delivered,2017-09-03 16:35:14,2017-09-03 16:45:11,2017-09-05 12:33:20,2017-09-06 16:16:00,2017-09-18 00:00:00
a7e5d683186e663cbf2c4916de85afe1,44c347c2ce5dd6a95af04819657ab29c,delivered,2017-06-19 19:31:09,2017-06-19 19:43:41,2017-06-20 10:29:21,2017-06-27 15:37:49,2017-07-11 00:00:00
625b0b3fa9345b547eac735d4f4257e7,2a296f30a02ae6035b00bd6c1fd2a67a,delivered,2017-08-24 01:42:27,2017-08-24 02:04:42,2017-08-25 12:53:43,2017-08-29 00:17:52,2017-09-12 00:00:00
6d5b3f7d8dbeecde9db192aab1217ce2,a684baa0a4970c9b74646295edfa2091,delivered,2017-05-04 01:32:54,2017-05-06 10:22:14,2017-05-10 08:58:22,2017-05-18 18:26:33,2017-05-25 00:00:00
82ad15d5ae6887a26bd03503d58d603f,1971e56e0d68a3423956f940b2331b5b,delivered,2018-08-16 19:50:33,2018-08-16 20:09:32,2018-08-20 15:22:00,2018-08-28 01:56:38,2018-08-31 00:00:00
63324a20b5f0324063118eb12d4ff9c8,68faf11e495ef6fd05df8d2b29dd6332,delivered,2018-06-24 11:41:00,2018-06-24 11:58:12,2018-06-26 08:34:00,2018-06-28 13:53:51,2018-07-05 00:00:00
10b97b234e1968822a4e3b7b3ecffde4,4f1ed64216e15e3eabd8303f759dbe2b,delivered,2017-10-28 10:52:26,2017-10-29 11:50:45,2017-11-09 23:38:28,2017-11-21 20:54:06,2017-11-28 00:00:00
38568e887b1eeef65756294b42fc8fb3,2b2b27f5bc1d0988ee8d572d56e47f09,delivered,2017-04-25 22:49:50,2017-04-27 13:10:37,2017-05-03 13:42:01,2017-05-20 08:55:38,2017-05-18 00:00:00
64e64a4dd77d71d6bc307f24af1e55ac,28f22fffbbea1777ebad93132dc17012,delivered,2018-05-25 15:17:39,2018-05-25 15:37:59,2018-06-05 16:36:00,2018-06-06 19:29:50,2018-06-20 00:00:00
489c4ff5e823eea8d6652bfc3dc1b544,8654911c7239079c2e5d97a467a6f589,delivered,2017-03-24 14:01:51,2017-03-30 18:45:13,2017-04-03 08:42:04,2017-04-11 11:51:53,2017-04-17 00:00:00
7043c4262355ad04cb8410fc3872999e,1102043bfc04df97f9b21c54d2f8dace,delivered,2018-02-16 09:16:54,2018-02-16 09:35:32,2018-02-19 16:53:41,2018-02-27 19:28:44,2018-03-14 00:00:00
f50e6fe960b68d2b8510cc0cef8ed8dc,e34ce820dbfce68d02a20686e4c9949b,delivered,2018-03-04 14:29:41,2018-03-04 15:08:48,2018-03-06 18:38:29,2018-04-07 13:58:23,2018-03-27 00:00:00
bed231219468923a99e746ad42b9ac8c,2f25c66f7e0f73597a2d4e3db9ee9162,delivered,2017-06-23 20:47:50,2017-06-23 21:03:35,2017-06-26 20:23:44,2017-06-28 14:41:57,2017-07-19 00:00:00
a5942e5383d5308ba557c96df89cf1c4,920478d67ff9b1d45759b2dd1aa4d37f,delivered,2018-04-09 14:29:00,2018-04-09 14:50:35,2018-04-10 22:21:46,2018-04-18 21:06:36,2018-05-10 00:00:00
d1e7343d9fea35ce6330478c84f0fb7f,38d582cf25bb1bc7d6f9f494dc2c260e,delivered,2018-07-25 18:18:42,2018-07-26 13:15:16,2018-07-27 10:55:00,2018-08-02 16:54:48,2018-08-09 00:00:00
e153a640e4f916df2d9b2c4eb3a987ca,69bfa1d764d6ec5193b878087fec1944,delivered,2018-04-10 13:00:37,2018-04-10 13:15:17,2018-04-11 17:58:50,2018-04-19 16:53:45,2018-05-11 00:00:00
06bb67936cfa5ac3f449e4f6733de4b1,ebfeafbe3a7a9bd5247da19ab28eae2f,delivered,2018-06-10 17:36:44,2018-06-10 18:57:19,2018-06-11 15:47:00,2018-06-18 14:26:51,2018-07-16 00:00:00
36252698cf1f3b91960c60cb2524ae78,a321fad7152b7496ab9f1ae365fdb3bd,delivered,2018-06-05 17:40:18,2018-06-07 02:55:12,2018-06-11 15:55:00,2018-06-18 14:48:48,2018-07-23 00:00:00
2c49b1336713953c90ab5e1f16ce5012,2e03d2a2b5ffc88134384bd40c74d63e,delivered,2018-04-11 10:48:14,2018-04-11 11:10:50,2018-04-11 21:04:30,2018-04-18 20:31:55,2018-05-11 00:00:00
5f216fa78a2bb7be5bc7468efd986ed3,46fe482962bcd675a787c168a83c5fe7,delivered,2017-08-08 21:39:54,2017-08-08 21:55:13,2017-08-10 18:15:46,2017-08-11 20:52:05,2017-08-23 00:00:00
29f4481c82fe8804ae3de770fd4012aa,31cb67b7313db83a08d6aa86d1eef8ac,delivered,2018-07-24 12:56:11,2018-07-24 13:24:42,2018-07-25 14:17:00,2018-07-31 11:28:38,2018-08-20 00:00:00
c0248cae5b63c3be878360d970ee5ace,8cea9c305c73104556ab16a6004beedd,delivered,2017-11-24 16:50:37,2017-11-24 20:33:53,2017-11-28 21:41:53,2017-12-01 20:37:51,2017-12-14 00:00:00
f62782261085fc03b796056bf3eb005b,ab4e4ce50bd32ebffeca76ac9ade7044,delivered,2018-04-11 10:44:55,2018-04-11 11:10:36,2018-04-12 19:47:42,2018-04-13 20:03:07,2018-04-27 00:00:00
4919b841634d8ba6547af2e05ad3ea1b,d25d23e0ef512c7477f03f0a6130c0aa,delivered,2017-10-22 10:09:01,2017-10-22 10:24:59,2017-10-24 16:05:52,2017-10-30 17:53:55,2017-11-09 00:00:00
0e62b7f0d74e42edd997cf3dfaac54c2,176aa9873d5619a5ef475139130337d1,delivered,2018-01-08 18:20:33,2018-01-09 07:24:51,2018-01-09 21:15:17,2018-01-23 18:10:14,2018-02-06 00:00:00
e09ade3584e46696d27a94543784b695,1586351b930920746889bfcd622beda0,shipped,2017-11-08 18:08:05,2017-11-08 18:27:32,2017-11-10 09:15:38,,2017-12-01 00:00:00
0d88b2392b18e01d23c582190ada0f24,9593e7814a65148fa6169732b9a9c469,delivered,2018-01-11 21:47:10,2018-01-13 04:55:21,2018-01-16 00:04:14,2018-02-02 11:15:46,2018-02-06 00:00:00
8870e37cd5b4a6ff4b0b3c2a02e471ae,ee33563aa0224664c80c9322ffa26968,delivered,2018-05-27 17:54:11,2018-05-29 03:31:12,2018-05-30 09:43:00,2018-06-06 22:52:25,2018-06-28 00:00:00
8a795486f112df15565463862960aa40,e093120ffd5c259e2decb4ff5266f0dd,delivered,2018-05-20 20:28:32,2018-05-22 09:36:09,2018-05-22 15:48:00,2018-06-01 11:50:31,2018-05-29 00:00:00
387e3755441d1da1712321040008a4e3,d32f4503c93eb3f2a32f4ab89128f249,delivered,2017-07-31 15:43:06,2017-07-31 15:55:10,2017-08-02 19:07:37,2017-08-21 21:23:33,2017-09-01 00:00:00
af5d413777456d2f4998309c81c2f387,d24107eb048edca15d48a292af14e17a,delivered,2017-11-22 13:26:07,2017-11-22 13:36:19,2017-11-22 20:06:46,2017-11-24 19:28:30,2017-12-04 00:00:00
07723291efda5721921a779f58cd3946,ced7ee0cea0aa9e44efcd8accccb28ea,delivered,2018-02-17 09:47:32,2018-02-17 10:07:04,2018-02-21 21:47:13,2018-03-08 23:05:29,2018-03-13 00:00:00
e1b48b01eb486d47705936a03aa93911,288f49366045108fef675b061e49e961,delivered,2018-03-19 13:16:50,2018-03-21 02:56:13,2018-03-30 01:32:36,2018-04-04 20:46:51,2018-04-10 00:00:00
a7a6f07430f4582429b12cd0c2bcfd3e,c2e3cf920b413000eca5ae4e99f0f169,delivered,2017-09-06 13:30:42,2017-09-06 13:44:06,2017-09-11 19:33:35,2017-09-12 16:17:58,2017-09-21 00:00:00
c79fa1e8485d41926511c2c2074a5f9c,1e74a3bc25973c001bf161187ad5d618,delivered,2017-10-06 03:05:46,2017-10-06 03:14:11,2017-10-09 13:33:23,2017-10-10 18:37:59,2017-10-27 00:00:00
8748f09f5b3de56a89acecb0b56618ae,c3764161b7278ea2efdea0137dd37abc,delivered,2017-09-19 20:29:14,2017-09-19 20:44:24,2017-09-20 21:21:58,2017-09-21 16:13:29,2017-10-03 00:00:00
df7094f1423b702c59aaf0e978752650,2f74309ff3d6e11c03b27e40287f791e,delivered,2017-11-29 19:42:13,2017-11-29 19:57:18,2017-12-01 16:19:08,2017-12-17 17:28:32,2017-12-22 00:00:00
6b7e44ace55db40da866f0266049775a,f8047d317c2ccaaacad2df0365dcbf4e,delivered,2017-07-05 01:30:09,2017-07-06 01:25:09,2017-07-07 12:34:26,2017-07-11 18:19:38,2017-07-25 00:00:00
69dc71661dcaa2145e4788d004eb250b,5b1c00aedab4c6703d177383f2fc254a,delivered,2017-07-22 00:29:43,2017-07-25 03:25:47,2017-07-26 16:33:10,2017-08-03 18:12:28,2017-08-18 00:00:00
1377241a1bc26c8414cbcdd017870afb,69f18ee8caedb4862d0e1b772c21ba11,delivered,2017-11-17 08:22:16,2017-11-17 08:35:22,2017-11-21 13:58:28,2017-11-28 00:21:42,2017-12-06 00:00:00
6716e00d152cf020155cb95a727f5bea,02c87e1d9044b3b13be82ed804a34a6c,delivered,2017-12-23 18:34:01,2017-12-23 18:49:18,2017-12-26 18:05:43,2017-12-28 22:55:09,2018-01-17 00:00:00
8e4fe12ab291759fe37bae4adbfd667c,a8e9b749e8a0c101c051957d5e714eaa,delivered,2018-05-06 12:11:40,2018-05-06 12:30:12,2018-05-07 14:49:00,2018-05-08 23:42:32,2018-05-22 00:00:00
e1b6234c322ab01a32771bf57c597043,51ee257478655dfad57af669f01f6793,delivered,2018-03-02 01:18:52,2018-03-02 01:30:31,2018-03-08 02:38:46,2018-03-13 18:44:47,2018-04-02 00:00:00
52b584ffb85f68adad88374d3c150147,ab43c99f81fbaa54332d8d8017506aa9,delivered,2018-04-02 17:58:40,2018-04-02 18:10:21,2018-04-07 01:04:55,2018-04-26 00:43:34,2018-05-08 00:00:00
9492de11af7e69fb0d66b0a3cb33f2b8,7edfd764e07775e2990a885b60f84141,delivered,2017-08-11 11:35:58,2017-08-11 22:25:17,2017-08-15 14:07:39,2017-08-28 09:27:57,2017-09-04 00:00:00
77ed96472e1b12ffadfab397ab0b6ffc,e7a950744db9737695ce38bdbb86a2d1,delivered,2018-07-25 23:48:33,2018-07-26 23:45:20,2018-07-27 14:03:00,2018-08-02 15:12:32,2018-08-31 00:00:00
75b05e38b715aadaa9c0d7bc41e2765d,cb38837f9b2d114a6f916ce7a46a7120,delivered,2017-12-10 22:51:30,2017-12-10 23:08:49,2017-12-12 22:36:54,2017-12-21 17:03:38,2018-01-04 00:00:00
c25e56c3d703fbb581c19346a9e58773,006d7cf1f4f5fb1c805d2d7cacc8049d,delivered,2018-06-19 08:26:08,2018-06-20 08:56:29,2018-06-20 14:20:00,2018-06-29 18:36:46,2018-07-03 00:00:00
d44913f6177d1b8a369a477ab2823aa2,006431d77c665533ac99b501d8a6ab06,delivered,2018-04-15 13:45:55,2018-04-15 13:55:24,2018-04-16 22:45:26,2018-04-18 14:38:37,2018-04-26 00:00:00
3716f40c5211dc25902ffd174d8d198b,f513c0312e420bf280324fc64f3e652f,delivered,2017-05-03 15:54:31,2017-05-03 16:05:23,2017-05-05 13:58:12,2017-05-19 10:27:47,2017-05-24 00:00:00
18af5b4976135b13f239f49dbfaf23df,d12f2a65a5ccfa86a9ee99bc823dd026,delivered,2018-03-15 13:37:00,2018-03-15 14:49:34,2018-03-16 23:12:00,2018-03-17 14:23:33,2018-04-11 00:00:00
cac853d40d32850dba1ccff2c9f17269,95d547a25fb680954f9e73390afbf17f,delivered,2018-02-18 21:58:51,2018-02-20 07:15:50,2018-03-12 19:22:26,2018-04-03 19:28:34,2018-03-14 00:00:00
c028670f18a86c3c9fd4d277e69a2e1f,bb5c86b27c6558cfecef945c42cc3b2a,delivered,2018-02-06 15:41:29,2018-02-07 11:55:59,2018-02-08 20:46:51,2018-02-20 19:06:20,2018-03-09 00:00:00
af9ac1503ae0c4a7c6480a7f07d1b9ac,e786a4a1dd4a9815949ad7c7059954fc,delivered,2017-11-24 13:05:16,2017-11-24 15:14:31,2017-11-27 14:27:08,2017-12-05 13:44:45,2017-12-14 00:00:00
1f460df7925acc891d9f98daa8aa0b29,2913e8d26d830ff42ffbdbe59dbdc871,delivered,2018-08-17 06:55:59,2018-08-21 04:15:14,2018-08-21 10:43:00,2018-08-24 22:48:36,2018-09-04 00:00:00
d39ba4fb319031f7accd81056bd65b8e,75bdd00f36539a62321b7b5ad9db02fb,delivered,2018-01-28 12:20:36,2018-01-28 12:39:59,2018-01-29 23:09:19,2018-02-01 19:51:24,2018-02-21 00:00:00
9a14984b8e92e2c06592b0de08ae9fb3,fac351d77b3663c1c9f35cd6c2c23fbd,delivered,2018-03-03 10:08:51,2018-03-03 10:28:32,2018-03-05 19:28:40,2018-03-27 02:58:42,2018-03-26 00:00:00
ce2fb547113cbecb9d645891bdb70c66,5823661b1efa7b2bf00d10155b8b59a0,delivered,2018-05-08 22:10:54,2018-05-10 04:16:30,2018-05-16 15:28:00,2018-05-23 23:12:35,2018-06-12 00:00:00
ccb984d3f0888287bc92e0b18bb9527a,853578575eb2c89677c4d76bde945b5b,delivered,2018-06-29 12:21:05,2018-06-29 12:35:14,2018-07-02 12:42:00,2018-07-05 23:52:16,2018-07-24 00:00:00
6340164ffcc87a11dd0ad37d2551994c,0bd8656da445cf7cf9f59a2fa41f9e91,delivered,2018-06-03 12:26:22,2018-06-04 12:31:19,2018-06-05 14:34:00,2018-06-14 22:07:43,2018-07-12 00:00:00
4cca40adc01e2bfb94dc9ec45658e661,628c8b89f58bacd887ddf6ae36d0670d,delivered,2018-04-25 19:32:39,2018-04-25 19:55:17,2018-04-26 10:46:00,2018-05-15 21:59:55,2018-05-16 00:00:00
f30149f4a8882a08895b6a242aa0d612,86c180c33f454b35e1596a99da3dddc4,delivered,2018-05-20 18:45:21,2018-05-20 18:58:59,2018-05-21 16:09:00,2018-06-06 22:11:56,2018-06-20 00:00:00
060c88a63c83f2dfaeea611cc18edefd,6a0635195b073ff200c9900416b8a99f,delivered,2018-07-09 14:59:01,2018-07-09 15:15:09,2018-07-10 08:33:00,2018-07-20 16:51:35,2018-07-27 00:00:00
5c02bbcf8ee00ff276723c431b064505,358f85cf4c0ce9baccddaf17d8e5936c,delivered,2018-08-03 11:53:27,2018-08-03 12:05:24,2018-08-16 09:02:00,2018-08-22 00:06:25,2018-08-13 00:00:00
9e5268aea7cef10630e681d1c7268e0e,aa533babb08900a1370fa4888feb4b80,delivered,2018-02-13 21:55:10,2018-02-13 22:08:01,2018-02-19 17:51:21,2018-02-28 22:22:17,2018-03-09 00:00:00
91c67084c8053e40be5dc547d3e9a01e,a2903717cca50b4ac3b41a2074f1020c,delivered,2017-07-03 18:39:32,2017-07-03 18:50:11,2017-07-05 16:07:15,2017-07-12 18:39:53,2017-07-25 00:00:00
965fd67b96c75d07ac90c1f7ba2728e7,3e8152cd9752470b9bae84e87f3bd3b1,delivered,2018-02-28 18:37:40,2018-02-28 18:50:26,2018-03-01 18:04:59,2018-03-14 21:28:44,2018-03-21 00:00:00
c3e26e5fb80a6b20f91b8a4f4b5b6141,90d085beb31a53755eaa68a64d3dc5a5,delivered,2018-08-04 10:53:43,2018-08-05 07:10:12,2018-08-06 14:39:00,2018-08-09 22:46:32,2018-08-24 00:00:00
258f8f27958fb687682f90c1e5141f0b,e9f0f330ac3c58844cd2fa68b057dace,delivered,2018-05-06 12:55:01,2018-05-06 13:10:04,2018-05-09 15:48:00,2018-05-23 16:38:30,2018-06-04 00:00:00
3e141e345041b9a2a2648dca90d431c7,a7acf0a4c0a4d6ea3d93b47a489219c6,delivered,2018-01-03 21:20:26,2018-01-03 21:29:22,2018-01-09 19:39:12,2018-01-11 17:17:01,2018-01-19 00:00:00
aae4a80d679f211688ed391ae747100f,d3e959746cfd88a3e1392952b9892c62,delivered,2017-11-12 16:21:38,2017-11-12 16:46:15,2017-11-16 19:47:56,2017-11-20 15:14:49,2017-12-08 00:00:00
5bd12089d3beaa286c0faa3f596d0c89,dd924f5f9da0f81044e0abab88ecd1be,delivered,2017-12-05 19:02:08,2017-12-05 19:15:31,2017-12-06 19:19:07,2017-12-11 16:44:01,2017-12-21 00:00:00
fd7ba8ea32a3fdc2cf69e8697b00dd6a,bd807d4c61069902ee1fe9c66e34b04e,delivered,2018-02-02 17:42:41,2018-02-02 17:52:12,2018-02-05 13:23:15,2018-02-15 12:17:50,2018-03-01 00:00:00
616d980107c4a1d6b7cbc85cd40890e8,65198f9bf91d5406161513a753121467,delivered,2018-01-02 15:02:30,2018-01-02 15:13:30,2018-01-03 23:03:41,2018-01-08 17:50:15,2018-01-31 00:00:00
9cffda8a5be9e20be381cc47ef5e8e00,080f252f36da3da6eb5b04407af199f7,delivered,2017-11-27 14:19:38,2017-11-27 14:27:29,2017-11-28 19:36:50,2017-12-05 16:39:01,2017-12-18 00:00:00
628869b4f8a615bc270791a2def79f7c,c09e97017a30dff59cec4317cffe3272,delivered,2017-05-23 09:43:45,2017-05-23 09:55:26,2017-05-26 07:05:53,2017-05-27 08:48:33,2017-06-21 00:00:00
1879b2219f6eeb88592378483e06c702,d4a65aa3f22563ebd6dfa3d71eaf9f3d,delivered,2018-03-08 17:41:50,2018-03-10 03:35:35,2018-03-13 21:56:44,2018-04-05 16:58:51,2018-04-02 00:00:00
eeb03968029d1c0e6a8640ee88fb8912,fcc9246246cd991719e0c8a8aeb735e4,delivered,2018-01-10 17:31:59,2018-01-12 02:33:35,2018-01-12 21:03:04,2018-01-22 17:29:14,2018-02-14 00:00:00
b41a16657a96770a0b3e233b13555502,8ae262d281173e7b36840e20cd8dc9d8,delivered,2018-02-11 21:22:05,2018-02-11 21:35:20,2018-02-14 17:05:49,2018-02-20 00:26:44,2018-03-12 00:00:00
e099addc2ac0e7bfa3f4e976fca59f99,f4aa93695146a0ddad769b160b645f32,delivered,2018-02-05 19:23:54,2018-02-05 19:31:02,2018-02-06 20:48:50,2018-02-28 17:49:04,2018-03-06 00:00:00
89ed06112208a473f65e0f9f40fc5af5,69882ae486f29c5155bde6d028532fe2,delivered,2017-12-31 08:36:11,2017-12-31 08:46:45,2018-01-02 19:26:50,2018-01-26 21:12:22,2018-01-30 00:00:00
eb35db98d775865c0bb75c8cd18101fb,11f64767c3fbdccdbfa9c080ffac8c88,delivered,2017-09-20 20:36:48,2017-09-22 04:32:38,2017-09-22 17:54:39,2017-09-25 19:45:45,2017-10-09 00:00:00
a6d06e627f72acfc190254c5b4757637,d96854681f5a094868432bda99cf4f52,delivered,2018-01-04 17:36:33,2018-01-04 17:48:02,2018-01-05 23:26:22,2018-01-17 10:05:15,2018-02-01 00:00:00
ad1d5c46d63588c477f08b1a917e0788,60d42085fee30b555e6a88331ac1aeb9,delivered,2018-04-04 07:43:09,2018-04-04 07:55:13,2018-04-04 20:24:36,2018-04-11 21:53:27,2018-04-20 00:00:00
3a21d68013a49ce0b7ecc0b3a2575c0e,75d17019a57646759d0be1aa12226164,delivered,2017-12-01 13:08:17,2017-12-02 02:52:20,2017-12-04 20:42:09,2017-12-20 15:42:05,2018-01-16 00:00:00
a76c1d70a00186ece4d82eba5f387f0a,67b9751e4cff924b6233923970d6f0a2,delivered,2017-11-24 16:40:25,2017-11-24 20:32:47,2017-11-28 20:51:51,2017-12-13 17:37:26,2017-12-26 00:00:00
6b5dacee2e42b0fffa4c671e7ffcca06,812a63ff144b41eb8a0a01ed1b654056,delivered,2018-08-17 00:42:32,2018-08-18 08:49:52,2018-08-20 08:08:00,2018-08-24 17:37:26,2018-09-11 00:00:00
8d041d799681ab5221f1fd956d1d59f7,ca59e6c4a46547aad67e7e66515d32f7,delivered,2018-07-25 14:53:58,2018-07-25 15:05:10,2018-07-25 16:35:00,2018-08-15 14:13:53,2018-08-08 00:00:00
4b724da8c370a3fde7491b6393f2ba12,798e3b388112b81765f14f2bef1f9eb1,delivered,2018-08-14 18:31:23,2018-08-14 18:55:22,2018-08-17 14:57:00,2018-08-27 23:59:52,2018-09-04 00:00:00
e7834b339f0ee60fd64151e9ca2c6376,7e09a5c3c28c8e14e5a17696712430f3,delivered,2017-05-29 23:43:43,2017-05-31 06:50:31,2017-06-05 09:12:21,2017-06-16 15:42:08,2017-06-23 00:00:00
0ef67bb260101172d979ae466918b301,89f992354e89c6aa921de54c38acd607,delivered,2017-03-26 16:39:47,2017-03-28 03:42:59,2017-03-31 18:23:56,2017-05-23 12:35:29,2017-05-04 00:00:00
63f4e8e0d0a8785a8ba9e4e86e0cbb91,d3d565c549416cbaa1e1df82e0cd3a3c,delivered,2018-04-26 00:00:45,2018-04-27 11:11:18,2018-04-27 15:37:00,2018-05-03 21:51:12,2018-05-23 00:00:00
7a569ceb9d89c45df6bd1d2569ec061e,bce3bc82cb047d24c50593f9e70240c6,delivered,2018-07-16 21:07:02,2018-07-18 02:50:20,2018-07-24 12:54:00,2018-08-01 20:45:42,2018-08-22 00:00:00
d7e7622a9e190f83da789245a07a174b,47d5d59c38be05027dad94c43ef361cd,delivered,2017-06-02 09:15:40,2017-06-02 09:31:52,2017-06-02 10:14:07,2017-06-14 14:08:17,2017-06-30 00:00:00
557e7ed9b11b0dd74545009ef0c7a74c,fa85d6a9093fe47d96171fe07423e12d,delivered,2018-08-05 08:39:58,2018-08-07 04:30:28,2018-08-16 15:38:00,2018-08-24 18:56:43,2018-08-24 00:00:00
7b5d37ba26248e70f9b6c863d1964ed2,ae52b349d6e912fa0d063b98d896e986,delivered,2017-11-24 09:36:58,2017-11-24 09:51:59,2017-11-25 00:44:49,2017-12-26 22:46:58,2017-12-21 00:00:00
83a5f8854981c7b3edeb547ad11c5e04,e4d42b5f401deb9467f9dc41bc4c2b3b,delivered,2018-01-23 15:35:06,2018-01-23 15:51:33,2018-01-24 22:05:31,2018-01-26 16:52:00,2018-02-07 00:00:00
f9cd682c98faebc2a0e15970b3265653,9d3e2590b0f7964da5b74e59bbc8db9d,delivered,2018-03-03 14:28:53,2018-03-04 14:48:45,2018-03-06 02:20:36,2018-03-21 23:42:46,2018-03-21 00:00:00
0e4947343ae2d8c37f2fc453e057c567,2f2b7e0bd3898741386cc70f3b62f52d,delivered,2018-04-14 11:04:35,2018-04-14 11:15:13,2018-04-20 21:24:58,2018-05-07 17:38:31,2018-05-15 00:00:00
dc8155452b97affece4c5a698beb11f6,fc8da044983142c6a87d308b2cbfb76f,delivered,2017-06-22 01:20:28,2017-06-22 01:35:09,2017-06-22 12:57:55,2017-06-26 11:37:56,2017-07-05 00:00:00
004fb5e6f90a178dc74ad2b016649249,176a76443d14508cc976f1d84a44921d,delivered,2017-06-11 09:46:11,2017-06-11 10:02:38,2017-06-12 15:45:00,2017-06-16 16:27:55,2017-07-03 00:00:00
5a06ec99090e75d00d2b33b0efdce2f4,4275510de6637b903e69994771170784,delivered,2017-02-01 21:33:14,2017-02-01 21:45:14,2017-02-07 16:38:20,2017-02-14 15:12:41,2017-03-10 00:00:00
5b8c38123823347dea1d23abd2635c21,db1bc36fe2a1a9eac6ccda33e5fba2a2,delivered,2018-07-04 18:03:19,2018-07-05 16:31:26,2018-07-05 12:23:00,2018-07-13 13:21:42,2018-07-26 00:00:00
14c32105022b0afaa60c1cae1c516e8a,2d0ae54df8a22f161ce4223dd31e6d09,delivered,2017-03-27 18:33:24,2017-03-27 18:43:05,2017-03-28 18:39:48,2017-04-04 13:40:11,2017-04-18 00:00:00
a2fdb1524c742eb62a4dd8e37588e9d2,1573b4553587c9e7a9bf9704691d1623,delivered,2017-12-04 11:57:10,2017-12-06 02:37:28,2017-12-09 00:33:01,2017-12-18 14:59:13,2018-01-02 00:00:00
0cadc06392b4f42042d688c35d6a1c16,a68c6b39ceff533ed6d5fc3a811880d9,delivered,2018-02-25 08:15:36,2018-02-25 09:00:28,2018-03-14 00:18:33,2018-03-23 23:18:29,2018-03-19 00:00:00
11735753f4576ee70b2cc1e246a49fb4,8796425b3eb26192b3d0b6c0f1b2b998,delivered,2018-03-22 22:02:49,2018-03-22 22:10:45,2018-03-23 22:48:53,2018-04-08 14:21:18,2018-04-19 00:00:00
f18cb9c90909f11a7adabc63fb188f19,b84e3c1e2304b806720ad770eeb7c88e,delivered,2017-09-19 10:48:25,2017-09-19 11:05:42,2017-09-21 18:17:54,2017-11-03 17:13:44,2017-10-23 00:00:00
56966791d3e19333e9cdf99782963127,470690b6e34c7158fbc2127a87406e8e,delivered,2018-01-10 16:44:46,2018-01-10 16:54:44,2018-01-11 19:04:30,2018-01-17 17:13:00,2018-01-31 00:00:00
e9bc1fcc21b86cf4cb36691f99e96366,2bf11acc3fc73d36519ca18da97dd2d5,delivered,2017-03-16 18:07:41,2017-03-16 18:07:41,2017-03-17 11:03:32,2017-03-22 12:31:47,2017-04-06 00:00:00
48bc1e3408087df0a63190eeac9061a4,6a8289e43fd31255e604052ba33c6d73,delivered,2017-08-24 13:51:25,2017-08-26 02:16:01,2017-08-29 19:29:07,2017-08-31 20:36:04,2017-09-14 00:00:00
810c6a01f9a077313109b64e36165ecb,6cf4d26988badc72190d6d77e63cfaca,delivered,2018-04-02 11:29:21,2018-04-03 20:10:14,2018-04-04 22:04:50,2018-04-05 22:56:36,2018-04-12 00:00:00
5defd57f9849f19ee76815ca3a3c8956,ce6c68a9e878e180d72621fe4d67fae3,delivered,2018-05-16 10:58:51,2018-05-16 11:19:10,2018-05-21 09:56:00,2018-05-22 20:22:12,2018-05-25 00:00:00
f58bddd33f2b976d3676cccd97e4d776,7ac7ace883b08e0cef262870603a1728,delivered,2018-01-08 21:49:48,2018-01-08 22:08:18,2018-01-10 21:06:30,2018-01-16 17:19:50,2018-02-07 00:00:00
b9c11245a66f64671df1adef32f114b0,24eeabb11772934e9b2dfc2c511fa34b,delivered,2018-05-15 11:58:40,2018-05-16 03:15:25,2018-05-16 14:20:00,2018-06-06 23:06:31,2018-06-11 00:00:00
be8825818ef90fa22e25614dad11854d,ca3f383440e3514f41b0ebdb9b7b88f2,delivered,2018-04-13 13:09:30,2018-04-14 13:11:57,2018-04-16 22:28:28,2018-04-18 13:58:42,2018-05-11 00:00:00
fe95adc34996ff34a9e162373c058584,a67df0616e414ef54fbae12a7f2a1c86,delivered,2018-05-02 22:26:16,2018-05-02 23:30:27,2018-05-09 15:06:00,2018-05-21 22:41:56,2018-05-21 00:00:00
de2e5a0863ec922ee9fb96b8b3395de2,087f9b562f7f24274e418c71ed7cd56c,delivered,2018-08-20 00:55:24,2018-08-21 04:50:24,2018-08-22 13:12:00,2018-08-23 20:41:04,2018-08-27 00:00:00
6c2387fc5fc6d5e9a192766eb6e75da5,e5d6a26a0702f41801ab6ef25181e00c,delivered,2017-03-31 21:10:02,2017-03-31 21:25:17,2017-04-03 09:38:06,2017-04-06 13:43:47,2017-04-25 00:00:00
c2836ff9ab20ff55026da2c7278840b6,c15081c674d9a5b2c2ad5dbe47a5ad04,delivered,2018-08-14 18:18:02,2018-08-14 18:50:14,2018-08-15 11:53:00,2018-08-20 22:14:45,2018-08-22 00:00:00
127808959bd2d08cdefdf3015fa205a2,a9e29188d7ed246d080e5cd29c308f94,delivered,2018-04-26 15:29:01,2018-04-26 15:53:37,2018-04-27 13:58:00,2018-05-23 20:52:46,2018-05-22 00:00:00
5dccc65b256263ec10925fa3a3d7ef48,3099cf51ea3765844ae0167a2d6698ad,delivered,2018-01-08 20:18:13,2018-01-10 10:32:30,2018-01-10 18:20:04,2018-01-11 13:34:03,2018-01-24 00:00:00
35bb1b3031083af8db2b6b4f25ada550,14f59a556c171e1fa252927f21308bbb,delivered,2018-03-18 12:50:26,2018-03-18 13:08:37,2018-03-19 21:36:32,2018-03-23 20:38:54,2018-04-20 00:00:00
1955c39b31fcfb4acc9cd5b9ab577c7a,b9cf59ea6d3f983467e3959a23101a78,delivered,2018-02-01 11:56:38,2018-02-01 12:15:46,2018-02-02 17:44:23,2018-02-20 18:58:39,2018-02-26 00:00:00
c92733cb35796facd3b47e5826ddc880,1e753698bf8edce0a3e853c14de64ec3,delivered,2017-12-21 09:48:06,2017-12-22 02:50:37,2017-12-26 18:17:58,2017-12-29 17:27:18,2018-01-10 00:00:00
d35a77135cb96df5bdc938dcdbd2d85e,4721a5a77949f6af33ca1213ddc4c8c4,delivered,2018-06-03 13:08:39,2018-06-05 04:31:09,2018-06-05 15:20:00,2018-06-14 23:41:46,2018-07-16 00:00:00
8ac5066a163c60c1ae9bf17200df3dd1,0ae182964a91768e18dc1770c29f8d32,delivered,2018-02-08 00:22:34,2018-02-08 01:35:40,2018-02-21 09:26:40,2018-03-31 13:51:44,2018-03-14 00:00:00
e230d9e9b5c459f23e570014c1a255ff,3e8e4e67f5b7d18256cbd70ba568fead,delivered,2018-05-12 14:44:53,2018-05-12 15:22:11,2018-05-14 15:47:00,2018-05-23 11:05:28,2018-06-01 00:00:00
4bacb60c9bdaab084b0354a3f7063af4,b951c315005eb420b99687b9b0eec54a,delivered,2018-05-27 21:12:29,2018-05-27 21:34:51,2018-05-28 11:35:00,2018-06-13 16:56:30,2018-07-16 00:00:00
c0c08274d7ff03824cbf0377b2a9db63,fc0dc703a36ff31c63d360b6f38a63ba,delivered,2018-07-29 20:50:47,2018-07-31 03:55:16,2018-08-01 08:22:00,2018-08-02 17:38:55,2018-08-08 00:00:00
99f10393ec3328b3b416a154afd5d714,b593c249903e4280399e991fdbe8d7a3,delivered,2017-07-19 23:51:41,2017-07-20 00:45:20,2017-07-26 11:07:51,2017-08-04 18:06:08,2017-08-17 00:00:00
6826b252908053a75749a831b6e0eb83,5e460bb0200e228818c3e928df8230af,delivered,2017-12-13 17:53:54,2017-12-13 18:10:05,2017-12-14 23:07:46,2017-12-20 22:12:55,2018-01-08 00:00:00
e26d1ae778f8367c217157a4a2bc7002,8fb4a6f31ae474c757c377a79b2aec17,delivered,2018-03-03 06:45:02,2018-03-03 06:55:33,2018-03-05 20:08:08,2018-03-12 23:38:46,2018-03-23 00:00:00
76927b562beef6d31416c21778b2b4e5,68d3e5d419a75d87677d27f67c5b2a04,delivered,2017-05-03 20:03:35,2017-05-03 20:15:12,2017-05-09 16:27:55,2017-05-12 13:18:50,2017-05-24 00:00:00
f1946ea4e7c8c7c67815ada3c62d1e17,43a60a424d49dc4f077f6a9cf69e3c82,delivered,2017-11-19 18:58:13,2017-11-19 19:10:25,2017-11-22 20:04:17,2017-11-29 16:14:46,2017-12-14 00:00:00
0d82956d17aa687909a59706168bfe98,d538a7bace15106d359fbb0a2407a429,delivered,2018-01-15 13:47:59,2018-01-15 13:57:24,2018-01-17 19:13:43,2018-01-29 17:44:58,2018-02-09 00:00:00
5c0280d326d1539788f7c577cffdd642,a87809b1cd952b677ea54942cb319e5c,delivered,2018-03-19 09:13:11,2018-03-19 09:29:32,2018-03-20 19:08:46,2018-03-21 19:58:25,2018-03-29 00:00:00
437194d5acf95a095e074494db9c4183,36205594d80f41eebb82b9a71801de80,delivered,2017-11-02 21:43:51,2017-11-04 07:15:27,2017-11-17 21:17:00,2017-11-29 16:37:37,2017-11-30 00:00:00
e0b42130d37ff0c40d83a9dee30d2519,aa4bcebd775c8d70e2dec7bb5a949d53,delivered,2018-02-09 23:00:26,2018-02-09 23:15:22,2018-02-14 20:38:54,2018-02-20 22:33:42,2018-03-05 00:00:00
41aaef897083574b4390bb24fbb25dd7,5590e685a78102fb3ac27ecf07412750,delivered,2017-10-24 13:47:39,2017-10-24 14:06:34,2017-10-26 21:15:56,2017-11-10 17:11:39,2017-11-24 00:00:00
2f6d60e301b09631418701136a333a09,5121d76f3ba68a4dc5c19e92383f73da,delivered,2017-08-02 10:44:07,2017-08-03 03:05:11,2017-08-04 17:13:09,2017-08-16 15:42:51,2017-09-11 00:00:00
d8c441318d48082352e8592142db807c,2a5ed0328806da6241e75520ed74d9e6,delivered,2018-02-20 15:11:50,2018-02-20 15:31:14,2018-02-24 00:32:20,2018-03-16 21:32:44,2018-03-12 00:00:00
9a75a775d17d37cd19193fe02c3f21de,97efa29b4cb6dc4b10acb8f9baa46cdb,delivered,2017-01-11 15:56:35,2017-01-13 02:10:21,2017-01-17 12:13:02,2017-01-24 14:14:24,2017-02-23 00:00:00
8d3912511f0a7ca8ee5d4a637a53972f,ba1c84ab6667813655a3a7eb07ef4a9b,delivered,2017-07-24 19:35:46,2017-07-25 03:35:18,2017-07-31 20:41:47,2017-08-01 17:59:42,2017-08-04 00:00:00
9a08a80ee31726cd3fbd528ae95b83fd,7ccab0587fe204dc0cc0771def311959,delivered,2017-10-27 16:08:37,2017-10-27 16:31:32,2017-10-31 20:07:40,2017-11-06 22:24:37,2017-11-27 00:00:00
ffc0249fed109d5d056d7c79b7fa7dd9,fe259b2c6d1b0081cf8d8c83e83437c8,delivered,2018-08-13 14:32:07,2018-08-13 14:45:15,2018-08-13 13:55:00,2018-08-14 23:58:57,2018-08-16 00:00:00
bc281606ec7787151f45acecb5d48598,46edbd3283961bf0b23db785bae94b55,delivered,2018-06-14 20:12:13,2018-06-14 20:40:41,2018-06-15 14:25:00,2018-06-21 19:02:59,2018-07-04 00:00:00
05b57f5540e48c853b6235bf8ff10e20,aa87229699521e365116cfc6061b315d,shipped,2018-04-11 23:59:44,2018-04-13 13:15:30,2018-04-13 21:48:36,,2018-05-04 00:00:00
e6f2821ad70219f86c8215095b10408d,0c872574e7c056c66a52c59cc9586883,delivered,2017-05-02 13:31:31,2017-05-02 13:45:14,2017-05-10 13:03:26,2017-05-23 14:59:47,2017-05-29 00:00:00
fc228341a432574ff5641358fba213c9,43b59a9e40fc2ab6ebee541c5dd6e608,delivered,2018-07-21 17:25:03,2018-07-21 17:35:09,2018-07-23 15:04:00,2018-07-24 19:03:25,2018-07-31 00:00:00
c0a2349a8e345c3196f05a1dda9057a1,77670a01dbf35f7acb7521ad6a467a63,delivered,2018-04-26 22:15:23,2018-04-26 23:00:12,2018-04-27 15:24:00,2018-05-11 21:48:32,2018-06-01 00:00:00
de1a445fab3d857cdee059116823e175,6ae5c91f98215861c17a5dee19a4d109,delivered,2018-06-29 23:18:47,2018-06-29 23:30:17,2018-07-02 12:11:00,2018-07-06 17:32:03,2018-07-26 00:00:00
c1a14a3a19f1fb6e5b9da4ea9cf86cc0,37a308b06e1cbc45c2c6a36fe586248d,delivered,2017-12-13 00:09:57,2017-12-13 00:18:32,2017-12-14 18:59:49,2017-12-17 16:32:40,2018-01-02 00:00:00
8b2ceb139bb51537042aac7481130f5f,eb1926683b7e7d8b5634bdb8c1e37d27,delivered,2018-01-24 14:28:29,2018-01-24 15:08:07,2018-01-25 00:06:50,2018-01-29 14:06:05,2018-02-08 00:00:00
d75453a8573dc79bc97ce070166e34ac,6489126dded265a9baf0211931e508c2,delivered,2018-05-14 20:37:44,2018-05-14 20:50:20,2018-05-16 08:51:00,2018-05-24 13:32:24,2018-06-06 00:00:00
6a246b3a7847ecd748e7b26e64256c0e,e6509ae83c3040ccfa84840d0c250d17,delivered,2018-07-26 18:09:39,2018-07-27 18:10:10,2018-07-30 12:26:00,2018-08-02 20:42:10,2018-08-15 00:00:00
5d5401bb4bb47026d3f56a940867f04d,e12d79a6c6de9f0ea5675c54bba9afcd,delivered,2017-02-17 16:10:12,2017-02-20 13:45:13,2017-02-21 13:05:12,2017-03-06 10:33:22,2017-03-20 00:00:00
e222962383bbf19ad1bee2a2309eadb2,ac3449a61dc03da96d9233a8557f1499,delivered,2018-03-23 19:36:42,2018-03-23 19:50:29,2018-03-26 19:03:48,2018-04-03 16:03:51,2018-04-11 00:00:00
172482155d13fc27c9ee15df2cc7913b,a5030fe79595918146f9d57c56a492f9,delivered,2018-01-16 14:45:06,2018-01-16 14:57:23,2018-01-18 15:38:49,2018-01-24 20:56:40,2018-02-07 00:00:00
95e0f3f5f3e71382baece16f6fa8270a,6af1e29253338a787c6edc983c48a78e,delivered,2017-05-01 12:04:40,2017-05-01 13:03:07,2017-05-02 13:56:05,2017-05-10 12:22:06,2017-06-08 00:00:00
2c7e89e493d79a803615950d27017f1f,e38d1d16f382a3c99f6da45b79418463,delivered,2017-11-24 10:18:10,2017-11-24 15:52:52,2017-12-06 22:22:08,2017-12-11 19:09:48,2017-12-11 00:00:00
744b5f76be2964239912826181a4cf54,c97a6229e71d7085feb5a37bdf2a3527,delivered,2017-07-24 16:19:27,2017-07-25 13:25:18,2017-07-26 11:10:13,2017-07-26 15:22:20,2017-08-04 00:00:00
a7c5b69c43e1d2b108ec591e682e33ca,23a4e0b020414a47073636b5c44ad7f1,delivered,2017-04-26 17:20:36,2017-04-27 13:15:56,2017-05-03 14:23:57,2017-05-10 11:48:10,2017-05-17 00:00:00
a800ac0385a83264291f978ab075dd68,929cb7b1618f0d99c7814d79b0c5b7cc,delivered,2017-05-14 15:05:45,2017-05-14 15:15:17,2017-05-17 09:21:31,2017-05-27 05:34:55,2017-06-14 00:00:00
25ace71f9bb4d5f153b345c09fa36936,33e2c0a2b85e5cf272063cf102cab8f0,delivered,2018-04-15 20:02:35,2018-04-15 20:15:26,2018-04-19 04:52:37,2018-04-24 20:52:37,2018-05-04 00:00:00
27dd4c7bb1266a67913f51a0e923fd7e,c92eca4ed1885e676c5cfa2cce1c48ba,delivered,2018-06-27 13:54:26,2018-06-27 14:12:46,2018-06-28 12:53:00,2018-07-09 20:42:55,2018-07-20 00:00:00
1a96f8947e6b2c89ddd029f6c4a64913,e4c2d8acf04fa1beea83f4a97d71b76d,delivered,2018-08-16 13:26:07,2018-08-16 13:44:16,2018-08-17 09:47:00,2018-08-24 15:16:22,2018-09-13 00:00:00
94843ea453d12bb3fc1b4b2f73cb1f82,85e2d3f3bb3973b7d10bcd6a3e6e50ce,delivered,2018-04-13 17:07:24,2018-04-13 17:31:09,2018-04-19 17:16:54,2018-05-04 18:17:29,2018-05-10 00:00:00
15182308be26817f3df02cb049167836,3beebeb04ce0c2075e4fce99b022af80,delivered,2018-03-24 22:42:56,2018-03-24 22:55:34,2018-03-26 21:18:03,2018-04-12 14:27:49,2018-04-13 00:00:00
efb917cc0ce3019da9311c8a9f97bff7,6fbbff0437542ad30708a68cb5868d2f,delivered,2018-07-29 09:53:52,2018-07-30 18:31:02,2018-08-06 17:19:00,2018-08-14 19:26:42,2018-08-22 00:00:00
c3665b33e58190870d82a79cc835cc30,d1d8cca16381f1693752b97fc43d6dbd,delivered,2017-05-01 17:52:37,2017-05-03 11:10:31,2017-05-15 15:33:38,2017-05-30 09:27:48,2017-05-25 00:00:00
facac214a771c262175219d6c5a3a439,d577d6f224cc6476bfea34715dcb4a12,delivered,2017-01-19 00:08:11,2017-01-19 00:15:43,2017-01-20 13:41:44,2017-01-30 14:41:21,2017-03-01 00:00:00
b2a04f1e9c3932855c266b1c8ba7b7c5,2c08cc5dfb684e0bb4d3846b3171f81b,delivered,2017-05-09 08:42:15,2017-05-09 08:55:14,2017-05-10 17:31:09,2017-05-19 10:55:52,2017-05-30 00:00:00
fef00682c5632c29ceb8729e3314371d,2ec4467dada4e104afc5b57443546202,delivered,2017-12-01 10:38:09,2017-12-02 02:39:22,2017-12-04 23:58:43,2017-12-05 22:22:06,2017-12-19 00:00:00
85d852ed89d35eeedc3136b033287b72,4ca1f1bd388a5af187124ad7b223d640,delivered,2017-05-21 12:48:27,2017-05-21 13:06:33,2017-05-25 09:54:03,2017-05-27 10:52:48,2017-06-13 00:00:00
52217c0ab449b049002b45c4d68f7bb4,95af04f8ed0a24215096beef497e53fc,delivered,2018-05-31 21:36:14,2018-05-31 21:52:43,2018-06-04 07:00:00,2018-06-07 23:28:35,2018-07-12 00:00:00
1a5a0d89a41e32c3a309e6ba2ad29847,404a89a048d32c78c0f1fd19855c4263,delivered,2018-03-22 12:27:08,2018-03-22 16:35:41,2018-03-27 02:50:33,2018-04-12 20:22:09,2018-04-17 00:00:00
a43233e3aab4afcc9b0160f77dfadd82,e20a8efbe31057290a4aff93ba9dedb5,delivered,2018-08-19 20:47:59,2018-08-20 13:16:43,2018-08-29 13:44:00,2018-08-30 21:12:04,2018-08-31 00:00:00
2acfdc5131ff2cf4433e668454c9784c,181b56f69c22bcb0ceeceba56c06d239,delivered,2017-11-27 22:36:13,2017-11-29 12:31:42,2017-11-29 20:21:48,2017-12-07 17:41:29,2017-12-22 00:00:00
071deb193a4682621c819936d21ae127,1a8888071e09b829402055ca2a4197cf,delivered,2017-11-21 13:22:00,2017-11-23 02:52:36,2017-11-23 17:13:38,2017-11-27 13:43:32,2017-12-11 00:00:00
3d177fa8a164dd0cb060f3051dc4ae8f,03a62f764ee7e4701929561d653e4029,delivered,2018-05-09 19:30:35,2018-05-09 19:52:30,2018-05-17 09:58:00,2018-05-18 21:18:24,2018-06-01 00:00:00
1e605726b99a5ab7e1cbe02875e3ee46,6a5ce32f795e7e4a0a5d87d813e59001,delivered,2017-06-06 22:42:26,2017-06-06 22:50:21,2017-06-08 15:00:36,2017-06-09 11:26:00,2017-06-20 00:00:00
96eb9d1d1588412109dae29e68f86e86,6f33091955b66227318d0e051265e9fa,delivered,2018-05-25 10:38:16,2018-05-25 10:57:05,2018-05-29 12:26:00,2018-06-07 17:08:55,2018-07-11 00:00:00
1955e6384cd6fc6cb02799b1e458b2d7,ab2b0df51c890ff9bcae72f1abc72b79,delivered,2018-08-06 00:07:36,2018-08-06 00:24:14,2018-08-06 16:55:00,2018-08-07 20:14:20,2018-08-09 00:00:00
03b5e0da68374e8ac08cd539d0559cfe,b8df33fe835f1614dff9140bba7ec8fe,delivered,2018-04-02 20:53:01,2018-04-03 05:28:23,2018-04-04 03:05:48,2018-04-06 19:49:37,2018-04-23 00:00:00
9de8f8dd965b3e33a21b3df3fe99334a,4e28411a806cbd9560f25d3ffd15f773,delivered,2017-10-14 09:49:25,2017-10-14 10:05:58,2017-10-17 14:12:48,2017-10-19 19:13:31,2017-11-07 00:00:00
2090a165b3666a70b271ccaa2fe64319,8efd68e0deb1e8529af85979c6115dbc,delivered,2017-09-25 18:16:21,2017-09-25 18:30:12,2017-09-28 21:09:39,2017-10-06 21:53:39,2017-10-20 00:00:00
3819e7793eb12f5a299706cd17215d45,8be34d6d8c32a226244789af8acd166c,delivered,2018-01-19 14:57:16,2018-01-20 09:10:06,2018-01-23 22:10:00,2018-01-26 22:33:18,2018-02-06 00:00:00
ccd7d7de58c07e32a30717c6d7f5949d,9e5557654c1e107f0924b9f01df10579,delivered,2017-10-02 15:38:54,2017-10-04 03:04:08,2017-10-04 18:17:49,2017-10-24 15:44:02,2017-11-01 00:00:00
8576190c64f6d9d9ed5055185aeefe31,5cfad5a95c632ade09820843ddefd5bd,delivered,2017-07-28 14:49:53,2017-07-28 21:50:10,2017-07-31 20:22:10,2017-08-01 13:05:51,2017-08-14 00:00:00
ba39bd17a7fd2e7a495e6435781434ff,31b49dff62ab85e66e4f89fed97a155a,delivered,2017-07-16 16:15:27,2017-07-16 16:25:14,2017-07-18 21:29:35,2017-07-27 21:11:54,2017-08-10 00:00:00
e4b6df3eb118302bd304c9d02ca19afd,b91429d5af5d399493d72675dd0f157f,delivered,2017-10-09 19:32:28,2017-10-10 19:49:16,2017-10-11 16:35:49,2017-10-20 15:52:57,2017-10-20 00:00:00
d963d0963eba99c7aeab1e3c03daa7e9,3c6bdd30725c924638f0e5525974ae55,delivered,2018-04-02 12:12:56,2018-04-02 12:28:37,2018-04-02 23:32:09,2018-04-04 18:13:46,2018-04-26 00:00:00
0b93ee12012954d6b2a2c9a69ce4fd24,229765fae12044b31cc0dd891f42d19d,delivered,2018-01-15 10:45:12,2018-01-15 10:57:22,2018-01-15 21:09:43,2018-01-25 16:41:55,2018-02-14 00:00:00
c52fc1fc33756cfdee5d0cd6fed55765,b2e3d091b5b6524577a1b12c46729c8a,delivered,2018-07-14 22:11:13,2018-07-14 22:25:20,2018-07-16 13:43:00,2018-07-27 16:56:22,2018-08-03 00:00:00
79dbadc3cd0a6aa1b1fc17d005721668,2900b73aa9a7d4ea2f6167f58b89fc58,delivered,2017-11-08 20:44:33,2017-11-08 20:56:07,2017-11-10 18:35:47,2017-11-11 15:28:53,2017-11-22 00:00:00
b143f3a663718a8544a62194bd2390aa,3c1b53696d73249f2b933eb0b3363f8c,delivered,2018-06-13 15:19:36,2018-06-13 15:38:07,2018-06-15 14:43:00,2018-06-21 17:17:28,2018-07-27 00:00:00
3a3aa033270279686dadf45ab96929e3,a1275b13c8e2854c82b56a3264a9bc92,delivered,2018-05-09 12:30:14,2018-05-09 12:55:30,2018-05-09 14:59:00,2018-05-28 16:03:59,2018-06-19 00:00:00
f33b79c24a554aeeed434f1072a17755,4a2018a5ffb14312213c7df659c629ed,processing,2017-12-28 18:07:24,2017-12-29 17:59:20,,,2018-01-30 00:00:00
6d15390c68ad06398621b0a7c976e52b,91c1a9b5aa26614df29288c389940214,delivered,2018-01-22 20:51:53,2018-01-22 21:14:19,2018-01-23 22:39:00,2018-01-25 17:12:26,2018-02-07 00:00:00
b738a048f0968575318e1a5fc8974fba,d1e13322db3b41f98dd85cba72c94820,delivered,2017-06-22 20:08:24,2017-06-22 20:22:56,2017-06-26 16:35:01,2017-06-28 14:47:44,2017-07-05 00:00:00
2494ccfe0d97cff8d4d013ff250d6e3a,8ff0c22a8f3486d0e7f9a900176f6fb5,delivered,2017-09-15 10:05:22,2017-09-16 02:50:14,2017-09-18 15:47:43,2017-09-23 12:04:54,2017-10-03 00:00:00
fa0609cc7f74568f4f0b2fe9b286e76c,9e032eba20d95669b5f4c47f016f4240,delivered,2018-02-06 20:32:56,2018-02-06 20:50:37,2018-02-09 14:21:06,2018-02-16 20:32:39,2018-03-12 00:00:00
20da65274d671907282e06147c655ae4,841fe19c631825e29af4e85b602a73b3,delivered,2017-12-02 11:33:35,2017-12-02 11:50:35,2017-12-04 21:09:06,2017-12-14 17:23:54,2017-12-27 00:00:00
f198341e6128bab227040b4a8a587b29,f19123a48b0e767b553ba69f1dd95f91,delivered,2018-02-06 15:56:14,2018-02-06 16:11:53,2018-02-07 16:42:54,2018-02-20 21:00:10,2018-03-02 00:00:00
5f2dab3e956c0fd71c9df923c30faf33,4586d540d4c88024a5e6e84c3349bcc5,delivered,2017-07-15 14:57:05,2017-07-15 15:10:19,2017-07-19 15:42:21,2017-07-24 17:43:39,2017-08-04 00:00:00
e1042f4c3705d9c1f9ec8d96a1771a58,8fd0a5a6ca889a468942b0afb824d268,delivered,2018-08-13 11:14:38,2018-08-13 11:32:00,2018-08-13 14:45:00,2018-08-16 17:58:53,2018-08-23 00:00:00
51192863a004d47d0e4f5bf5384bf88f,f2cc41062fa1cdfd6475afc3aaf9909f,canceled,2018-02-13 15:58:33,,,,2018-03-07 00:00:00
4e5d55d40118f10ac43d483e9094246a,f341944fd3b737f82d0cbd439c158da8,delivered,2018-07-04 16:35:50,2018-07-05 16:15:43,2018-07-05 12:34:00,2018-07-06 22:32:54,2018-07-17 00:00:00
2430b57b60423269e56d188b55d8eec7,11c166946c235b3cd5b1fc3fdbcb9215,delivered,2017-11-13 10:30:23,2017-11-13 10:46:54,2017-11-16 20:37:53,2017-11-22 20:24:43,2017-12-04 00:00:00
c2792ecd230f2d8f50741f6b37649fb1,6882c809bf72dedcfb767969eaf59ba6,delivered,2017-04-07 21:39:30,2017-04-11 04:02:06,2017-04-12 10:57:35,2017-04-18 13:04:51,2017-05-02 00:00:00
31f64c63fe5b7363cb0ba4cda8110f44,18102f03bde3429fd5d13eed91aac70e,delivered,2017-12-19 11:31:07,2017-12-19 11:39:32,2018-01-19 14:56:25,2018-01-31 22:22:50,2018-01-26 00:00:00
89328a8e8ea7f0921f3da49d46abc9c3,947949b03eca49208685746aecd03a90,delivered,2017-12-19 20:19:46,2017-12-19 20:33:51,2017-12-20 20:09:46,2018-01-03 16:03:14,2018-01-11 00:00:00
7dfd52d05dd4bf18de9e17066c123de2,84b224ea75c50930c04ea9411a1084d9,delivered,2018-03-24 00:17:56,2018-03-24 01:30:53,2018-03-26 21:58:44,2018-04-03 19:16:36,2018-04-19 00:00:00
2af4817f66a5aeb427fc06e41204bc7b,646f0c28ef155ba2f5413a913f84d73f,delivered,2017-06-27 13:40:52,2017-06-27 13:50:23,2017-06-27 15:13:06,2017-06-30 12:21:36,2017-07-12 00:00:00
73dfbf97cb48a39c55ddb4425192d931,ea85147faff1d8207aa36ac8a66d972d,delivered,2017-12-14 08:48:56,2017-12-14 08:59:41,2017-12-14 20:58:03,2017-12-22 15:14:34,2018-01-19 00:00:00
6805ef0d7df98ddc746b0f9a6813535f,1b824fb4e3aae4495d3ad6acf99e21b0,delivered,2018-01-07 14:12:17,2018-01-07 14:26:51,2018-01-08 15:38:32,2018-01-09 17:32:51,2018-02-06 00:00:00
04b7151492b049661380a47e0449f9b6,f71f7e5f75fe51d4524114bc3777db35,delivered,2018-07-02 20:06:25,2018-07-05 16:03:57,2018-07-04 11:24:00,2018-07-10 14:58:33,2018-07-31 00:00:00
a9fc3ae13c740ad46532fd50b61c69d5,04a043776b45158df5f274435321c199,delivered,2016-10-04 22:43:33,2016-10-06 15:44:56,2016-10-10 15:44:57,2016-10-13 15:44:57,2016-11-28 00:00:00
219a2bae1ef407852a764879147986b7,4b3c15727f711ee940cbfe71b6210737,delivered,2017-07-30 17:57:04,2017-07-30 18:10:11,2017-08-02 21:23:06,2017-08-10 23:04:16,2017-09-01 00:00:00
a2c1c4b05d3c89328d113ef7e28a480e,cd3958b9057b80a4d9c7bdeb0337e127,delivered,2018-01-21 14:14:15,2018-01-22 13:50:51,2018-01-25 17:26:16,2018-02-01 16:06:06,2018-02-19 00:00:00
fa920bdfa971269c86fa5e1839ff9db4,e43f5897754f1b691dea10ba27ea61f8,delivered,2018-08-07 15:57:14,2018-08-08 15:50:19,2018-08-14 15:03:00,2018-08-21 15:44:27,2018-09-12 00:00:00
97f4b655ca8dc69d90d799601c94c3f1,7a9b3670cb3b801f73a9b2e9d4f2e52c,delivered,2017-11-12 15:07:20,2017-11-12 15:26:08,2017-11-14 14:18:54,2017-11-21 16:57:02,2017-12-05 00:00:00
d4374a2fe707b60c71f2d8932f8a93d4,b41e711f87202c50ba7d98ca8b5a7c84,delivered,2018-07-20 14:17:55,2018-07-25 23:32:10,2018-07-24 11:53:00,2018-07-31 14:24:39,2018-08-09 00:00:00
ca8f94a99a8120c559e416275a535066,165aeeded3ae717287fc0fc25a2ccf99,delivered,2017-06-19 10:27:03,2017-06-19 10:35:17,2017-06-21 08:36:45,2017-06-26 16:47:37,2017-07-11 00:00:00
633500d08d4de68291b91ac828ef3961,749d4a25eb7bd33a4a39b0b106125744,delivered,2018-07-25 12:56:05,2018-07-27 02:10:21,2018-07-30 14:08:00,2018-08-06 16:46:38,2018-08-17 00:00:00
ccaf4b9e27a868b1b69c079c19bafb89,b7e037f53626373faca0516277bff49e,delivered,2018-03-04 21:48:14,2018-03-04 22:28:39,2018-03-05 18:03:48,2018-03-07 22:13:10,2018-03-15 00:00:00
d6275af2a1ba682fef89898fec0e7636,2d6f6494e8fe1ec6306d2fb7fc34178a,delivered,2018-06-08 17:19:34,2018-06-08 20:32:07,2018-06-14 16:39:00,2018-06-21 21:33:19,2018-06-21 00:00:00
6a5c14e6b9a898873a371e04d2e8f4d2,1c587d7f2e6a80b508b880020d1ad07d,delivered,2017-07-31 20:02:53,2017-07-31 20:10:19,2017-08-01 15:17:55,2017-08-11 19:24:31,2017-08-24 00:00:00
5e0609ae0c6a25f98bfec7d1350f9608,eaa06b73dabe13f052e2804131176be1,delivered,2018-07-21 18:22:13,2018-07-21 18:35:13,2018-07-23 16:08:00,2018-07-26 01:27:36,2018-08-08 00:00:00
bafee0b85090ed1545e50c2b5ae871e9,a1345c83d6d18f5e4c7cd9cb50a49a1a,delivered,2017-09-12 22:11:35,2017-09-12 22:25:13,2017-09-13 23:23:39,2017-09-18 19:42:03,2017-09-29 00:00:00
1c55f7ccb17dea1623c2fc6be250ca6f,8df0a24a37b996f83a0243e25e69c7c7,delivered,2017-07-25 23:08:43,2017-07-25 23:23:08,2017-07-27 11:46:20,2017-08-01 19:41:32,2017-08-14 00:00:00
ef9f995bbc827989f4c21bb6fcf93f77,352ab05fd034c002245c8dd85bd7dbb0,delivered,2017-09-29 19:55:08,2017-09-29 20:07:19,2017-10-02 17:40:04,2017-10-06 19:46:16,2017-10-24 00:00:00
12e336061c0f1f6d33710d969ba62bec,8172f8287e371eb951d98d374c65131b,delivered,2018-01-20 07:46:14,2018-01-20 09:15:45,2018-01-22 14:54:38,2018-02-21 23:32:48,2018-02-15 00:00:00
b4a6ef27ed0f4d85919dee11bcff9b41,e957fae9179d52c789d261da76ceb907,delivered,2018-07-23 16:27:19,2018-07-23 17:20:37,2018-07-25 14:49:00,2018-07-30 16:43:40,2018-08-29 00:00:00
73ffc468078b5f3e2c4260065e5e5152,9723d86b12bdec025be4c43f71b0ba52,delivered,2017-11-24 21:10:00,2017-11-24 23:57:41,2017-11-27 23:34:33,2017-12-20 13:52:16,2017-12-27 00:00:00
1565c265f6580c91569b142d96aaa19d,7285f4f77ff3b5a9ddef337a2eab16e3,delivered,2017-08-10 22:08:01,2017-08-10 22:25:21,2017-08-11 19:14:11,2017-08-21 15:40:12,2017-09-05 00:00:00
f27a56f2112f2928b4fe1e1d6d406131,c1785b084efcd3e71a83bfa29576dae6,delivered,2017-05-31 22:12:33,2017-05-31 22:22:28,2017-06-02 14:49:54,2017-06-05 11:06:31,2017-06-21 00:00:00
1580aa3360c01bdd268dd1665a8ff929,6db0261f3a8133850cca6eb390f64d43,delivered,2018-01-31 10:15:48,2018-02-01 02:53:00,2018-02-02 00:22:02,2018-02-19 15:21:44,2018-03-06 00:00:00
44de8fb2731c1634d7b069bb93dbf5d9,1187acd131fe97cfc7cde033a4f036dd,delivered,2017-11-24 14:12:29,2017-11-24 16:16:12,2017-11-28 17:59:09,2018-01-08 16:13:59,2017-12-19 00:00:00
50229fec371aedaedb230fa801638cfc,2866e688a5dc459c904ea765cae01f75,delivered,2018-01-22 20:41:50,2018-01-22 20:58:09,2018-01-23 19:04:52,2018-02-05 21:33:08,2018-02-16 00:00:00
d88a95c7c4efaba57a8640854aa16bad,573955e60264b88c1ceffbdddd8ffbcd,delivered,2017-07-09 11:15:16,2017-07-09 11:30:17,2017-07-13 15:03:38,2017-07-17 19:57:43,2017-08-02 00:00:00
225993f2e15bfdde9746613cc9a3a4b0,8aa0d22a3225923f4386d2dcf4717658,delivered,2018-05-08 09:33:25,2018-05-08 09:50:54,2018-05-10 17:52:00,2018-05-11 19:38:43,2018-05-18 00:00:00
a2801b8cd69a7543e074b6c66e0b6e42,ba41b21a02e473ec8a2467747bb735df,shipped,2018-03-28 06:58:50,2018-03-28 07:10:15,2018-03-29 17:02:52,,2018-05-09 00:00:00
29decd7404f211c01bfcc6d216ca6c7d,74f8ee1dd3d6ac5fc623672851519410,delivered,2017-07-11 19:43:37,2017-07-11 19:55:23,2017-07-12 13:05:38,2017-07-20 22:15:24,2017-08-09 00:00:00
426613d1fcfcbb706338ad0574f870ac,967dda13a14683fe2fbcc6533e74a2c7,delivered,2017-08-09 13:44:30,2017-08-09 13:55:23,2017-08-09 20:03:30,2017-08-25 21:32:20,2017-08-31 00:00:00
c280f5eef3c218fccd7c518b27fe86ff,c6e3c94790793b6679664728a1d0a38b,delivered,2017-12-22 12:00:19,2017-12-22 12:12:02,2017-12-27 19:52:31,2018-01-10 18:26:58,2018-01-23 00:00:00
62c509fe3a2bc8c153ddb5c4b3d8abd8,cc9df8c2a0e529acdf561a8528ad5f97,delivered,2018-03-27 19:19:53,2018-03-27 19:30:16,2018-03-28 20:32:41,2018-04-23 14:36:42,2018-04-30 00:00:00
6e1af4e0d4cf82af38671a14b609634c,9c8618b4f6ec3b019f860e278d9294a5,delivered,2018-02-21 10:43:58,2018-02-23 02:31:09,2018-02-26 13:42:55,2018-04-10 20:50:47,2018-03-21 00:00:00
0cfc5b8b63bf71f738f96e68adb96b3d,f9627108e19721bd9781efd9f559abf0,unavailable,2017-12-05 20:48:42,2017-12-07 03:15:48,,,2018-01-10 00:00:00
641b2871fe2ce7418e69b4c4fa21bd40,889d677f2cb18ab09f29222f50db131f,delivered,2018-02-15 11:44:09,2018-02-15 11:55:34,2018-02-20 22:18:33,2018-02-21 14:24:57,2018-03-02 00:00:00
0035246a40f520710769010f752e7507,4bcf2ad7ccc061c13ff360aae5b7abcd,delivered,2017-08-17 00:57:23,2017-08-17 01:25:39,2017-08-22 15:33:53,2017-08-28 19:14:03,2017-09-06 00:00:00
bf06a474d6806d10fdf9cdc8c428b993,606ea5fa82d286bfb8df334deddc6c3a,delivered,2018-07-02 11:20:59,2018-07-05 16:22:46,2018-07-05 12:27:00,2018-07-12 16:58:27,2018-07-30 00:00:00
8dfbe503a2dbc98c423efbe5a0426358,502711613bc8e4f6bdda7a09fb52880e,delivered,2017-12-18 18:19:07,2017-12-18 20:30:30,2017-12-20 21:48:10,2018-01-05 23:43:13,2018-01-22 00:00:00
9955a2f7fc38c1b21be304e49f22e58b,31f3b17dcd0402e09a9e1841d4b6a25f,delivered,2018-06-14 20:06:06,2018-06-14 20:15:40,2018-06-15 14:00:00,2018-06-22 21:28:53,2018-07-04 00:00:00
131fccf58d5b636c232584f744b77161,90606a62c8ce84d7f091ae1fb90c595a,delivered,2018-06-02 20:53:20,2018-06-05 04:51:59,2018-06-05 12:25:00,2018-06-08 11:14:39,2018-07-05 00:00:00
7beb96c2b44515d5794d02d8a0626656,8a07c252ba8359867ff9e45d2c68d265,delivered,2017-03-23 22:58:03,2017-03-23 23:05:22,2017-03-29 08:43:12,2017-04-13 12:18:49,2017-04-13 00:00:00
7378621b4be10c02f302cebc32aae15b,5870406bb766120381cd88c32258f70e,delivered,2018-01-07 23:15:22,2018-01-07 23:27:42,2018-01-11 20:28:32,2018-01-26 12:14:52,2018-01-31 00:00:00
afc5e76e5cc169a08cec884d98173efb,af78298eafb020d57a32bf087b80681f,delivered,2017-10-01 20:48:40,2017-10-01 21:06:59,2017-10-03 12:33:13,2017-10-14 12:33:34,2017-10-27 00:00:00
8512c3651a6750c25e333aebff60ca57,8ca6de591aa429809639ced73a479312,delivered,2018-06-08 14:24:08,2018-06-08 16:30:45,2018-06-11 12:26:00,2018-06-25 19:36:30,2018-07-05 00:00:00
bf2f7a16704936db1686ba2711614520,77b2063010087502d849d81480f6420e,delivered,2018-05-28 12:03:55,2018-05-28 12:15:14,2018-05-30 13:36:00,2018-06-08 22:38:24,2018-07-03 00:00:00
55a805a7b2a5cfaa88930d4a265a5938,9b3107e5f5884a87b7971386908ad2a6,delivered,2018-05-13 20:13:01,2018-05-13 20:32:26,2018-05-14 10:37:00,2018-05-15 15:08:50,2018-05-23 00:00:00
eb3453fe7cce2e88a56d3621c7cc2d7d,3d0f4dd34ad4f2a1401bcc7faab27dbc,delivered,2017-09-03 14:47:29,2017-09-03 14:55:20,2017-09-06 15:15:52,2017-09-15 22:32:40,2017-09-25 00:00:00
9f1fdd62873c571b8206dd1cf23e208d,a022ce2be66d62e89e6e534a29334da3,delivered,2017-09-11 14:43:43,2017-09-12 14:35:20,2017-09-13 17:27:54,2017-09-18 19:27:47,2017-10-03 00:00:00
c2c1d5e4d5168620dcd230dcc8f4130c,a56e4c8f814dd8b9f4b6966a3c394397,delivered,2017-05-16 09:01:21,2017-05-16 09:10:18,2017-05-16 09:44:11,2017-05-22 15:41:47,2017-06-13 00:00:00
b9f406c8efb6e5e869d3c9a8829f83ee,1bc4e5edd7f3daf69e78e21831432c58,delivered,2018-08-07 17:01:34,2018-08-07 17:10:20,2018-08-08 14:36:00,2018-08-13 17:22:10,2018-08-15 00:00:00
5bf333c26f367c6992c8c4eff042bb4b,7dd42f87abf5ce34634ca3c2b87cee97,delivered,2017-08-06 15:48:08,2017-08-08 04:04:18,2017-08-10 11:55:59,2017-08-21 21:20:03,2017-09-11 00:00:00
a67709a381f98fdb878825f92a95128e,c88c6060cc61e64275dcc22da352122a,delivered,2018-05-30 16:13:42,2018-05-30 16:30:54,2018-06-01 14:08:00,2018-07-03 17:21:54,2018-07-05 00:00:00
5e8e582525594804c28f6044d23809aa,7aa304bf571592f09294c4ed6dbec0a5,delivered,2017-10-13 18:27:35,2017-10-13 18:49:27,2017-10-17 19:30:51,2017-10-20 15:28:33,2017-10-31 00:00:00
a6325795dfacc6b956a81ab35de34506,eae3c8b4b40e257c3e135d4c85a2e8b3,delivered,2018-07-22 15:49:06,2018-07-23 12:32:14,2018-07-24 12:12:00,2018-07-30 15:16:41,2018-08-23 00:00:00
787668255fbf3cfd994f9498dc30f5fd,f8abf7cc4f761c104613673e652975fb,delivered,2018-03-04 16:46:17,2018-03-05 16:50:30,2018-03-10 02:51:40,2018-04-13 19:58:26,2018-03-27 00:00:00
ad43a5e192f5eb10bd6d22dbeaa0205c,6e128f61fa6c41fedf1a9137669880b3,delivered,2018-02-24 20:19:27,2018-02-24 20:30:32,2018-02-27 16:55:46,2018-03-12 23:37:22,2018-03-21 00:00:00
9b9a93b680e8808b6da57cbfb3836a62,7d6047a2b5afaf9eae77000b7d995c67,delivered,2018-04-16 00:08:30,2018-04-16 00:30:11,2018-04-17 22:58:33,2018-04-20 15:16:53,2018-05-10 00:00:00
c589b3c8f77af5cf962999792e3c2d9e,e6d75397641b85cbeffc724a4f4e3fdd,delivered,2017-06-05 21:21:51,2017-06-05 21:30:15,2017-06-06 11:38:40,2017-06-16 16:22:07,2017-07-06 00:00:00
b9bbf1dec2af18a8d043e4400ea67be4,8ead4bd5c751f6f4ee3fc5ace080ee15,delivered,2017-12-07 14:01:30,2017-12-07 15:29:23,2017-12-08 02:10:00,2017-12-14 18:53:23,2018-01-05 00:00:00
04bef466ed85bb9eca9a6165d765574c,043e4ab7fb6ce15a641ee24c596a1e4e,delivered,2018-01-22 22:22:59,2018-01-22 22:33:19,2018-01-24 18:21:34,2018-02-23 18:28:54,2018-02-22 00:00:00
112d51fc31fb26262d2b28130947b467,5d1d5cf88e19cea5ad2e28637b584848,delivered,2018-08-11 23:36:23,2018-08-13 02:05:09,2018-08-14 12:24:00,2018-08-23 16:27:59,2018-08-24 00:00:00
e15fc1d42ce26a4f976cbe33878fd4d9,76b6210defacce600c169b70df4f1740,delivered,2018-07-05 11:47:38,2018-07-05 16:32:05,2018-07-06 10:26:00,2018-07-12 15:37:37,2018-08-07 00:00:00
77c65697055f082d537f537f084f9fae,543e8185af0947557b5633c2b3d94a47,delivered,2017-05-16 17:41:05,2017-05-16 17:50:16,2017-05-17 09:05:56,2017-06-01 14:43:53,2017-06-20 00:00:00
a696ee0106068718ab158824cff6f287,3b46d71235a57822d58ba7a2e38f101e,delivered,2017-06-27 11:36:11,2017-06-28 02:30:16,2017-06-28 16:57:28,2017-07-13 21:44:57,2017-07-19 00:00:00
a017bed18c5f129119f36a92642a1cc0,05ebc27279c0c9082b56bbd6a1441a4b,delivered,2018-06-06 10:11:20,2018-06-08 03:13:36,2018-06-08 14:40:00,2018-06-15 17:32:48,2018-07-18 00:00:00
86c25bbc1d16736365d6e747e71695f0,ae79842e6e74fffdd282a258b22a757b,delivered,2018-01-13 13:50:29,2018-01-13 14:09:28,2018-01-17 18:53:09,2018-02-21 20:29:00,2018-02-14 00:00:00
6a98aeaf1d45d8129756bdf2a06744ed,2fa81123183b17a5f21e52273c5f9c1a,delivered,2018-06-21 10:16:22,2018-06-21 10:41:27,2018-06-21 14:10:00,2018-06-22 21:41:27,2018-07-11 00:00:00
2e1f6e6e433e40edc3aa9db762193273,5f9210f6f1fa4bc4627a5c650b4e4371,delivered,2018-01-30 16:47:07,2018-02-04 23:31:31,2018-02-01 15:59:21,2018-02-07 20:29:30,2018-02-23 00:00:00
5fe019f7d1eaebdb3da79811a3bcd58d,935449dc5f857cffa4651a947e0a624a,delivered,2018-07-30 16:20:28,2018-07-30 19:32:19,2018-07-31 13:55:00,2018-08-03 17:51:56,2018-08-17 00:00:00
b6f781aae89e5d40f9cfa52fb427416e,fbd5850347b2376d8e0706355e5a97e6,delivered,2018-04-05 22:01:59,2018-04-07 02:55:19,2018-04-11 19:59:39,2018-04-12 11:38:32,2018-04-17 00:00:00
317f677073cd35ced91d8e59ce483b0e,f89c1a6b9c966869e441e55bc14acddc,delivered,2018-04-30 01:37:30,2018-04-30 01:50:09,2018-04-30 14:12:00,2018-05-07 18:08:53,2018-05-22 00:00:00
77aa52452b1fc7afb9b3438922e09668,2c09e8cb71e877e5e079fcafb4c75342,delivered,2018-05-09 16:53:41,2018-05-09 17:15:21,2018-05-10 16:01:00,2018-05-11 20:59:06,2018-05-22 00:00:00
f325e51d89497ec9679f6419ab7a3c13,493cbc38a238479a61a6f6a5fdd90ff5,delivered,2017-09-08 23:32:18,2017-09-08 23:45:14,2017-09-12 21:44:29,2017-09-18 16:00:13,2017-10-03 00:00:00
1a03dc5bbc2707562b5874fa0253154f,c5aa7855884fd94df7d46d99cd88072f,delivered,2017-10-26 17:13:23,2017-10-26 17:49:09,2017-10-27 21:53:37,2017-11-03 21:47:56,2017-11-14 00:00:00
ffad8105f74e3969cb02c795aa3ddd50,41ac8b87ee6dec2f7c9980f71760a0bd,delivered,2018-02-26 16:51:34,2018-02-26 17:41:05,2018-02-28 16:55:50,2018-03-01 18:59:06,2018-03-12 00:00:00
f22ca19cddb72bc1f6e77cfc65d02b7d,4a1bdf4fac99c14d55e6a7caf7068d46,delivered,2018-05-17 19:14:42,2018-05-18 01:17:38,2018-05-22 12:21:00,2018-06-05 12:38:54,2018-06-18 00:00:00
4f05cb36ebddf2978e8e2460f4a4b8f8,43ce867c43cb5fcca56031358d7e7413,delivered,2018-03-01 16:30:05,2018-03-02 16:31:39,2018-03-12 14:34:25,2018-03-14 16:58:32,2018-03-28 00:00:00
7bd19ecee26cc113eba393a92a3e7ec1,eee8a9afaee7b8fda3037391f9bf3f19,delivered,2017-06-13 23:43:07,2017-06-15 02:45:16,2017-06-16 12:55:41,2017-06-23 13:22:57,2017-07-12 00:00:00
2d0a9e6d2de5c45b98c59fdd868f2076,bf0233a486e102239a5d72d15d5b0b5b,delivered,2018-05-15 19:38:22,2018-05-16 03:34:00,2018-05-17 08:20:00,2018-05-22 12:48:37,2018-06-04 00:00:00
3f4870bf4008a2351a4855a865c454c7,684847bef2aaa42b7bcb23e433884e44,delivered,2017-07-04 00:22:04,2017-07-04 00:35:09,2017-07-05 10:27:52,2017-07-12 18:34:41,2017-07-25 00:00:00
48568f2508e7bb655a607258e5b7a941,50da1de48ef66bb80ccf7a79e98f697c,delivered,2018-02-23 12:38:37,2018-02-24 02:51:16,2018-02-27 18:00:08,2018-04-10 00:43:07,2018-04-11 00:00:00
e339dedb65f3cb8513ffe6dfa54addae,ba6085df70c57fc78776a938b55bea2f,delivered,2017-07-02 14:52:06,2017-07-02 15:05:14,2017-07-03 13:36:37,2017-07-11 19:12:21,2017-07-25 00:00:00
2528fb34afc8310d8f94f0c29aa72e4e,00c3e2f6fe2448015cbd44f4b7814273,delivered,2017-07-19 19:40:58,2017-07-19 19:50:17,2017-07-24 18:22:31,2017-08-03 19:25:37,2017-08-10 00:00:00
22b559721353b303d170debdcd4b58c8,954a6423f0d2b7bea00783fe754b7d09,delivered,2018-05-24 16:32:54,2018-05-26 02:31:54,2018-05-28 13:33:00,2018-06-04 23:29:30,2018-06-26 00:00:00
11dd41a0dbb00ead97fe3c687ce9857e,d3f8e795d5282ebf466fd3d59b17ede3,delivered,2017-09-24 07:24:43,2017-09-24 08:03:57,2017-09-27 11:34:25,2017-10-09 20:50:23,2017-10-26 00:00:00
385408894abaef5ea2b48046ca02f823,18e2faab25e5ef1ffc283ef3775b9a87,delivered,2018-02-15 11:26:54,2018-02-17 03:47:43,2018-02-21 16:55:08,2018-02-27 17:18:54,2018-03-08 00:00:00
b211184b294bc46861ba034d76f2bf79,24d73607e41d0612c0183973e08f211d,delivered,2018-03-13 19:13:51,2018-03-13 19:30:24,2018-03-15 23:41:25,2018-04-04 20:57:35,2018-03-29 00:00:00
a425d9ae82dd1c3e17ee1ec6e6c0757f,2d501042279d9347f808c2274f791276,delivered,2017-04-29 15:20:34,2017-04-29 15:35:15,2017-05-02 18:26:00,2017-05-11 13:33:53,2017-05-23 00:00:00
bbfb7c72fb40d3623c225c5b1bf1e989,659e0694be1d9cec20766d24e7d93d9c,delivered,2017-12-19 19:13:35,2017-12-21 10:49:42,2017-12-21 20:24:46,2017-12-27 16:06:21,2018-01-08 00:00:00
fdab24bf4e3d761c7072e39c69308da3,c57b4ec1791188f1d3b38bc85b208a3c,delivered,2017-05-01 19:05:18,2017-05-01 19:42:22,2017-05-05 11:42:27,2017-05-16 10:42:57,2017-05-23 00:00:00
f30d4e114f279d76688a6a27b79bef2b,aa5c0aaed0105f447bd7e6198ae88108,delivered,2018-08-24 18:18:05,2018-08-24 18:30:24,2018-08-25 09:00:00,2018-08-30 00:08:50,2018-09-10 00:00:00
62dedcd31d4b3c43f9adbab2d7fd84d4,8db99cc78f0035b7027d4d5da0466cdc,delivered,2018-07-30 23:51:39,2018-07-31 00:24:16,2018-07-31 14:52:00,2018-08-03 18:13:33,2018-08-14 00:00:00
600a1cc5fe241900d619ca1ee2f3be2a,a8450fbdf52fb6fb3f3f53b03ca99ecb,delivered,2018-05-11 15:16:39,2018-05-11 15:37:48,2018-05-15 14:07:00,2018-05-18 22:22:34,2018-05-30 00:00:00
63a82c6ebb8ce1c3327cf686be3c4a6e,4f65f6d688e904125fba1e3e87c75214,delivered,2017-10-01 13:52:25,2017-10-01 14:07:15,2017-10-03 17:32:16,2017-10-06 19:17:59,2017-10-25 00:00:00
f32b6e419ad4d1e6b79e4ec5a00ec04b,7b16a7b38ec55ffe9998a48d2b86ca0a,delivered,2018-07-05 12:43:54,2018-07-05 16:14:52,2018-07-06 10:17:00,2018-07-13 20:03:22,2018-07-24 00:00:00
90275eeca491639c0cc2d4095a60b2c2,baef940a00ba067871c199dbe8212204,delivered,2018-06-23 10:49:55,2018-06-23 11:14:55,2018-06-26 11:53:00,2018-07-05 18:11:38,2018-07-26 00:00:00
eb188a175542057d90b3ca5628b7b5a0,1eda56b47988d592fec945da9ee88c56,delivered,2017-02-18 23:26:24,2017-02-19 01:02:43,2017-02-21 07:07:39,2017-02-23 09:23:57,2017-03-21 00:00:00
a300439b291baea25827908be1277e29,343dde2a5e6b279975895db15e6e5483,delivered,2018-03-07 13:46:50,2018-03-07 14:09:10,2018-03-10 00:22:40,2018-04-11 00:10:48,2018-03-27 00:00:00
4745c32df5349a726f97d2a85aa32b40,861f6faa36ba09bea7e2c2e336ab2e30,delivered,2017-12-21 16:46:47,2017-12-21 17:30:54,2018-01-08 15:47:21,2018-01-09 17:13:33,2018-01-16 00:00:00
7a26da3fd67188dde4c9fecdbfef740b,76cfe789c1b55bf71f7aff5ad2d72cf6,delivered,2018-04-02 18:14:47,2018-04-02 18:30:18,2018-04-04 10:48:44,2018-04-09 18:36:29,2018-04-18 00:00:00
008d9bf350ff02ed444b3452cf3f57e0,84f30d2805ae1bddbe5deefc84c80cd0,delivered,2018-06-04 08:57:02,2018-06-04 09:11:48,2018-06-04 12:19:00,2018-06-13 19:24:52,2018-07-11 00:00:00
5719565c136a2498b696dba86c086251,b7aefa4277bb9716bdf005f558fbf84d,delivered,2018-06-11 14:50:15,2018-06-11 15:19:57,2018-06-12 14:03:00,2018-06-14 20:42:56,2018-07-04 00:00:00
a25b9ed9a3a53f53489c105482625129,22a7b639ea009c1e430eb43244204bda,delivered,2018-06-21 19:04:30,2018-06-21 19:21:35,2018-06-22 14:41:00,2018-06-25 15:56:52,2018-07-18 00:00:00
5644acc16afa3e61aae7f559e573ccbe,a62e61fe0911e6f25ece6491d2dabf65,delivered,2017-09-18 20:42:07,2017-09-19 20:35:17,2017-09-20 21:23:13,2017-10-03 21:13:14,2017-10-13 00:00:00
9196f9de64c5c6b2229e9ffe2572d328,b834ebad1af8421ec606cd94cd8ecd84,delivered,2018-04-16 14:27:38,2018-04-18 06:32:20,2018-04-18 21:58:29,2018-04-23 20:38:29,2018-05-09 00:00:00
cd16e890b276ec7a7e2e93ba379339e1,001028b78fd413e19704b3867c369d3a,delivered,2018-04-12 12:51:28,2018-04-13 12:50:28,2018-04-13 22:05:03,2018-04-16 19:16:36,2018-04-30 00:00:00
0f845aa8f4dfa5eab70f31813b6f5ffb,1942836c2cf756f6ce519e15b8623d27,delivered,2018-05-21 22:59:51,2018-05-23 02:38:27,2018-05-29 07:16:00,2018-06-07 15:59:24,2018-06-20 00:00:00
9447715ad192d3c877e9dd56205c66dd,7d84bbeca5122dc5bde314dee413ac26,delivered,2017-12-19 23:28:46,2017-12-20 09:51:46,2017-12-21 18:08:38,2017-12-27 20:28:15,2018-01-12 00:00:00
7e0f8681296df43a561897448828f476,b257997a1becf344c617bb61240ad14f,delivered,2017-12-05 14:48:08,2017-12-05 14:59:30,2017-12-06 21:35:34,2018-01-07 19:17:20,2018-01-04 00:00:00
83e34d8a4210318b0fd15ce71350db6d,2bb1ca726bbc111af8afc9de186d9028,delivered,2017-10-20 20:09:49,2017-10-24 03:14:59,2017-10-25 17:07:51,2017-10-31 21:33:25,2017-11-13 00:00:00
6d6783e9e03bc56ba0d4f018d45babe3,eb9f43bc3cb1915ba52ea755eddad3d4,delivered,2018-08-28 19:27:43,2018-08-28 19:43:57,2018-08-29 19:02:00,2018-08-30 18:22:47,2018-09-05 00:00:00
83935760815a1020837d21238c7b9c10,b49c411a86a3ac9f2af4fd8987768e4d,delivered,2017-05-17 22:08:14,2017-05-17 22:22:35,2017-05-19 15:16:58,2017-05-29 16:28:40,2017-06-08 00:00:00
61c3073707aeb0763a028eb696085d02,e7db0530c950f6fb98b796f0d2ff3757,delivered,2018-07-02 18:10:34,2018-07-02 18:31:15,2018-07-03 13:30:00,2018-07-11 21:46:27,2018-07-26 00:00:00
d2cbe14a29b243f01171170540ddc94d,ea5a701c34fae54a0179667dcad5dae3,delivered,2018-03-09 17:19:27,2018-03-09 19:00:32,2018-03-15 13:12:34,2018-03-19 20:42:00,2018-03-21 00:00:00
bd2909853756962cac320dd9c00dc8b1,772f51102a1110989a91e1d3a62a8ef2,delivered,2017-12-27 23:51:24,2017-12-27 23:59:20,2017-12-28 22:47:25,2018-01-04 23:19:04,2018-01-23 00:00:00
ca61177bf561a85529ab68e6e3870b34,f667db04148a1a36897d6d635abaf788,delivered,2017-12-21 16:30:15,2017-12-22 02:51:13,2017-12-22 22:09:49,2018-01-03 20:52:35,2018-01-17 00:00:00
41a6e516105939d8e985a14e2f9d534d,504f3501a3b70a047789d62573c71375,delivered,2018-05-05 17:27:52,2018-05-05 17:50:50,2018-05-09 15:48:00,2018-05-16 14:33:10,2018-06-01 00:00:00
28a90e83ad0833466ffd4c3fd14379aa,fd3dc25a11b7d0957569a93d6fdfda07,delivered,2018-05-11 14:31:51,2018-05-11 14:58:09,2018-05-14 14:20:00,2018-05-18 21:12:02,2018-05-28 00:00:00
13a4e0efe42392b2ee22601883f47d24,501e5b016fc09bda702e55fec5be78dd,delivered,2017-01-17 00:16:14,2017-01-19 02:11:02,2017-01-23 13:43:59,2017-01-26 06:45:01,2017-02-27 00:00:00
75d15ff9864a6a791fd0830a813aa491,5bcf4a14ed83773bd087b30811f9d576,delivered,2017-12-04 16:05:05,2017-12-04 17:41:08,2017-12-06 22:34:14,2017-12-12 23:28:47,2018-01-09 00:00:00
48277434cd5835268d90e306c8233d3a,23d661035c54c208be4efe7ceeba7821,delivered,2018-04-05 10:33:22,2018-04-05 10:48:27,2018-04-07 01:18:31,2018-04-12 19:41:32,2018-05-17 00:00:00
2b41a3b768bdb66c8a67b20623aaaf78,f7890ae6447233ac18ec39dbed309b13,delivered,2018-02-12 20:16:39,2018-02-14 13:07:35,2018-02-15 18:55:20,2018-02-20 21:18:31,2018-02-26 00:00:00
5f4512de765229b8d671ce5a2d28fc68,74e6e002a159fe9ce9775201287f7200,delivered,2018-04-12 14:54:07,2018-04-12 15:35:19,2018-04-13 19:11:19,2018-04-18 16:36:44,2018-05-04 00:00:00
1399414876559adb251d9ea3e3b570df,97997f46442a864ca0dc6180d3907099,delivered,2018-01-03 17:46:17,2018-01-04 05:23:13,2018-01-24 10:56:35,2018-01-30 23:53:14,2018-03-14 00:00:00
0606297cba03ae6663495514f5bdae0d,1dfdfd9d483bb80b1694e927fe6a8fa1,delivered,2017-11-25 14:19:32,2017-11-25 14:32:50,2017-11-27 20:54:39,2017-12-15 18:07:08,2017-12-20 00:00:00
7f36414d61095a13bb7965c9dcebef06,1e28f4546fdd6cdc075fd5700552404b,delivered,2018-05-06 13:26:38,2018-05-06 13:50:08,2018-05-09 13:42:00,2018-05-11 19:54:39,2018-05-25 00:00:00
735cd7df0237de24454fd5b5b4195515,d5f332ef078c9a508dd28e6da1fb0dee,delivered,2017-10-19 12:25:50,2017-10-19 14:27:02,2017-10-20 20:13:12,2017-11-03 18:17:58,2017-11-17 00:00:00
5d17efea0be94cdb2964031a1eab75dc,7e531f641ecdf9f963183853812cfb59,delivered,2017-03-13 10:57:14,2017-03-13 10:57:14,2017-03-20 02:47:41,2017-04-05 12:03:38,2017-04-07 00:00:00
d99c72513d6238909b57399c840fa8ef,dd95bfd2410a54c97b63e01887047d83,delivered,2018-06-26 12:07:26,2018-06-29 05:10:07,2018-06-29 14:42:00,2018-07-03 16:32:49,2018-07-20 00:00:00
7b9af3037e0cb2e52c45aa906500e759,080057201f39d382489e755ecfbda440,delivered,2018-08-08 10:48:41,2018-08-10 03:25:44,2018-08-10 08:34:00,2018-08-15 20:38:34,2018-08-22 00:00:00
5f6336571c2c474d5cd8e7ceb3d080ee,be4995c72f2904cfabe60a93e349ddb2,delivered,2018-08-14 17:49:17,2018-08-14 18:44:05,2018-08-17 13:29:00,2018-08-30 14:58:45,2018-09-10 00:00:00
c6f2bb89d71562fe3ce462309140cb5e,e4bd3ba6e36d2562f946ed90035c9c3e,delivered,2017-05-23 23:11:46,2017-05-23 23:23:03,2017-05-26 08:27:50,2017-06-05 15:00:01,2017-06-14 00:00:00
3f0d61c44dd01ad249fa7589cbdcb8b3,66f3cdf21a684771cc01fc141d5b0546,delivered,2018-05-20 13:13:12,2018-05-20 13:39:05,2018-05-21 11:46:00,2018-06-05 21:08:35,2018-06-11 00:00:00
33afe754f48de3e2e8abaf42f1d6281e,888b89909b823773e3a9676f72cbdc2a,delivered,2018-07-23 10:52:17,2018-07-23 13:31:23,2018-07-25 13:54:00,2018-08-03 17:41:40,2018-08-15 00:00:00
be8b6bb87fabe5bece6e7a3ecc1f1f8d,403c76bf4d3111f8c5518ef8ae0349b6,delivered,2018-03-25 18:44:43,2018-03-25 18:55:29,2018-03-26 19:58:58,2018-04-25 19:44:57,2018-04-19 00:00:00
22cbc77349f8317cd8c241cd2a482887,585cad61ca685e4666626e48a51a8f71,delivered,2017-05-15 22:22:23,2017-05-17 03:45:32,2017-05-18 16:31:54,2017-05-30 13:27:51,2017-06-20 00:00:00
00169e31ef4b29deaae414f9a5e95929,efb3830adb68fb8a89c948774388ec28,delivered,2018-01-16 09:26:39,2018-01-17 03:35:47,2018-01-17 16:46:04,2018-01-23 20:19:04,2018-02-07 00:00:00
53dd1c638fcdfafab87a7fdc67ae58ff,59003be5628cf5bf2b08992a56612c5b,delivered,2017-09-14 23:41:09,2017-09-15 00:20:19,2017-09-22 22:41:53,2017-09-29 18:52:28,2017-10-04 00:00:00
1ab14cf1dddb5af11ba2016a5368c210,11fe21087f1e201984ec555d30d80c9b,delivered,2018-05-08 11:36:28,2018-05-08 11:50:55,2018-05-08 15:23:00,2018-05-14 23:48:48,2018-05-30 00:00:00
b485e99d1c3896c44eb56886216fcd01,5b58f75e65bdec4f6767eb82f2c84e66,delivered,2017-08-04 14:38:32,2017-08-04 14:50:19,2017-08-07 23:32:24,2017-08-14 18:19:57,2017-09-01 00:00:00
3b5b84c98dba2f787fafb6b071389e2b,a9a94ae0e5ebf32b5e7325347d46916e,delivered,2018-03-30 02:22:25,2018-03-30 03:08:45,2018-04-03 18:38:45,2018-04-09 19:13:31,2018-04-26 00:00:00
de02851d6bdb931fe9bc90c4f92648b9,4cb7804e8b8f5b45c45e454bc16ad5a6,delivered,2017-10-25 21:59:09,2017-10-25 22:14:16,2017-10-26 18:03:32,2017-10-30 15:51:48,2017-11-13 00:00:00
b6e2dffc706175b324dd0915ce5ff492,84e212184c0d851444a3ffa36fbc329c,delivered,2017-12-29 09:32:08,2017-12-29 09:39:33,2018-01-04 13:10:56,2018-01-09 20:10:07,2018-01-24 00:00:00
9c6aefa5cff43aaa6ab742a0dfc5c1cd,c62da1081c1f87e25a54351bda880be9,delivered,2017-11-25 00:59:05,2017-11-27 00:56:20,2017-11-27 18:48:04,2017-12-16 01:23:14,2017-12-22 00:00:00
144a5ef7256b54349a17954a14e72ad2,a3c069769e59c90df2a90c7076177988,delivered,2017-07-06 16:49:49,2017-07-06 17:03:41,2017-07-07 16:52:37,2017-07-17 20:59:28,2017-07-28 00:00:00
4020cb1ac77d7c6009ac62522296521b,efc42251198a2ec27b3d2235e199a289,delivered,2018-04-16 19:41:15,2018-04-16 20:11:26,2018-04-17 23:48:45,2018-04-23 14:14:26,2018-05-08 00:00:00
8cd863c5d05bcd7ee0e77483f1ec15e9,aeecfee67c06877f64d2f6dcb5e94338,delivered,2018-07-31 01:14:22,2018-07-31 01:44:30,2018-07-31 15:07:00,2018-08-01 19:51:20,2018-08-09 00:00:00
6bc89d34dacd57b50c7d5c2e0ba6a41f,143f5cdd375fa964c0659303ee354e69,delivered,2017-04-13 00:43:08,2017-04-14 00:50:24,2017-04-25 15:00:46,2017-05-04 15:43:49,2017-05-16 00:00:00
203f106e5b8bad1587426f019709014a,6d32e15ee697f3a2ab5f26b82ff8ed0d,delivered,2017-02-03 16:45:40,2017-02-03 17:01:52,2017-02-07 08:55:41,2017-02-20 16:58:50,2017-03-08 00:00:00
cc68db472e6aa971b19ecb519fbc486e,fe1bccd55c91b596c92bcc1401408594,delivered,2018-01-10 11:38:12,2018-01-10 11:46:24,2018-01-10 20:37:47,2018-02-05 23:07:40,2018-02-20 00:00:00
05232fb1e414a006d6713c23f5cde5f5,bcff000958a18b5cf3eca5da492cafb4,delivered,2017-12-05 23:46:28,2017-12-05 23:57:33,2017-12-07 20:08:46,2017-12-21 01:08:49,2018-01-05 00:00:00
3249b34ae4cc68e38502abbad5c972b7,884f01ad93a91d7ecabf32bf1cf7ba6b,delivered,2017-10-09 08:13:06,2017-10-09 08:28:17,2017-10-11 13:14:08,2017-10-18 19:57:43,2017-10-31 00:00:00
68fed8c67c135afe92f670687163fafb,e9a689ba0543eacfd32922f7195fbcc8,delivered,2018-05-25 08:27:32,2018-05-25 08:54:56,2018-05-25 15:30:00,2018-06-01 21:06:52,2018-06-19 00:00:00
1bac02bfdd8111598166cfd80270ae29,62d617e5566fde7de00fff64424c0700,delivered,2018-05-03 18:58:59,2018-05-04 11:35:23,2018-05-04 14:43:00,2018-05-07 23:57:06,2018-05-15 00:00:00
3ea8ef64da06a959e384edb7cb824c02,0033823ee55671ac5317d423291333c2,delivered,2017-05-29 19:02:27,2017-05-29 19:15:14,2017-06-01 10:56:42,2017-06-12 11:33:43,2017-06-23 00:00:00
a80d320548df722e3676bfd8d636825e,53b4516c100c3d43ffedcef633837511,delivered,2017-09-14 20:24:21,2017-09-14 20:35:13,2017-09-15 14:44:53,2017-09-18 16:27:47,2017-09-26 00:00:00
637617b3ffe9e2f7a2411243829226d0,daf15f1b940cc6a72ba558f093dc00dd,delivered,2018-04-17 21:08:59,2018-04-19 02:51:20,2018-04-20 18:36:36,2018-05-09 17:48:56,2018-05-17 00:00:00
6f6e2ce5689b7ab446f49cb9c77766c2,937df3bab5c65f9b4e9c9c0ccffd9e19,delivered,2017-04-22 06:51:29,2017-04-22 07:05:06,2017-04-27 10:49:37,2017-05-11 11:22:14,2017-05-17 00:00:00
c31155a9b6de97ba99fe346647cf993c,2b2806da6dc394562e9de965a3a11ac9,delivered,2018-03-28 14:42:51,2018-03-29 14:35:20,2018-03-30 00:12:06,2018-04-05 19:46:46,2018-04-20 00:00:00
a36c2d374f8bda87f5ba07fe1bde98e0,dc8fc92aa4abdc1cd1d7a9a78cb9a965,delivered,2018-02-16 16:03:16,2018-02-17 03:47:48,2018-02-20 14:43:27,2018-02-28 17:28:58,2018-03-15 00:00:00
ef6f25d7157243ccf3dea7d938259533,3b546120eb8477a0567d5a5ca7909be3,delivered,2018-08-13 16:25:09,2018-08-13 16:35:20,2018-08-23 15:41:00,2018-08-27 13:58:41,2018-09-04 00:00:00
692e7d25750bbb62e2dff64355fe3146,0278a505d18fa47752b1eab567f3427d,delivered,2017-09-21 14:54:50,2017-09-21 15:05:41,2017-09-22 18:01:22,2017-10-02 12:37:06,2017-10-20 00:00:00
4c7ced0f699389f760f6bee7e99f7b35,0576e8612f860998448171bf9dc835b7,delivered,2017-11-11 19:05:21,2017-11-12 18:55:32,2017-11-16 16:38:56,2017-11-29 11:46:59,2017-12-06 00:00:00
47d142852e82970e78f1ed02c1dfce94,c63812833200850d116bb2ba25ad634d,delivered,2018-07-23 07:42:39,2018-07-23 14:30:51,2018-07-24 13:34:00,2018-07-25 17:36:46,2018-07-31 00:00:00
60a348897e04524c8ab3287426da6417,525185a800077c70130ecd1c22addb06,delivered,2017-10-27 12:21:31,2017-10-27 12:47:53,2017-10-31 20:22:02,2017-11-16 11:42:02,2017-11-16 00:00:00
4dd08fa7dea495346c25580cf491fd79,b4208e59160fc4671c6afaa7feccedfd,delivered,2018-08-09 16:18:52,2018-08-10 03:10:16,2018-08-10 14:51:00,2018-08-15 12:48:52,2018-08-24 00:00:00
a92cb0dfef8b722e7edb2b8945fd8baf,1d0bde0533c8bc42fc1362a0bc554429,delivered,2018-05-31 13:19:59,2018-05-31 13:35:23,2018-06-01 12:23:00,2018-06-04 13:08:31,2018-07-04 00:00:00
5cbaf38c240e82434c90a2148f37e94b,9e149ead4e8efd723112fd08d4896958,delivered,2017-02-27 16:22:04,2017-02-28 19:18:20,2017-03-01 11:05:58,2017-03-07 13:52:54,2017-03-30 00:00:00
672a44c865b08663fa3f86a6375d3148,e460042becce84828aec56a0555678a3,delivered,2018-06-11 19:33:18,2018-06-11 20:04:17,2018-06-12 15:24:00,2018-06-18 20:04:40,2018-06-28 00:00:00
9387dc46ae037c9d7eeec8ec1ace0f10,2d315bbcfcb641c8248712be4ac56c0d,delivered,2018-05-17 14:35:04,2018-05-18 15:55:50,2018-05-21 15:26:00,2018-05-30 16:38:01,2018-05-25 00:00:00
60cd7b656f5e4ace4f4b11ba6b39e4fe,683db7d231b2f8f30f176d21d104cfe3,delivered,2018-07-05 08:02:12,2018-07-05 16:23:36,2018-07-24 14:09:00,2018-07-25 13:38:45,2018-08-10 00:00:00
e3bea81999f3dbfcd2872b964a00fd0f,4942dc4df4b4eb16690470416a23347a,delivered,2018-02-22 08:42:56,2018-02-22 08:55:58,2018-02-22 20:26:56,2018-03-03 14:05:45,2018-03-19 00:00:00
f651e8c2795e4c1c5d57d80aef065441,4cd910358d310c25ab7a6a3326898e5f,delivered,2017-04-22 03:14:19,2017-04-22 03:25:12,2017-04-25 13:10:30,2017-05-03 13:00:08,2017-05-17 00:00:00
cb4e50b143da325eb1ee32b9ecd0c80b,5cbf392c26fa4ca8ea3458caf194b31d,delivered,2017-10-04 17:39:29,2017-10-04 17:50:00,2017-10-05 19:00:08,2017-10-10 14:49:22,2017-11-01 00:00:00
7389bceecae734fba2734abb0d23df23,1e54b20747fcea4c173e88cf3d2a5638,delivered,2017-11-22 21:22:48,2017-11-22 21:30:28,2017-11-23 15:16:57,2017-12-19 00:53:37,2017-12-20 00:00:00
234b6c84609fdd57caa4701bc727cf16,a3b89ed684a89e1918840c838578b136,delivered,2017-10-14 11:39:40,2017-10-14 12:20:10,2017-10-16 18:33:11,2017-10-19 19:20:02,2017-11-09 00:00:00
77b85146fc12a34dd81ef54524f247b2,b314ce6682d125675e0981115f658d98,delivered,2017-11-21 12:32:07,2017-11-22 02:47:02,2017-11-23 19:07:50,2017-12-08 00:14:27,2017-12-13 00:00:00
6ae15c99eca2bc6444d358fd9f44e5bf,529466a3f8698370a8c824b088a9ba07,delivered,2017-12-16 17:47:09,2017-12-16 17:57:24,2017-12-18 17:26:57,2017-12-23 17:54:42,2018-01-16 00:00:00
434ecca6e51ec65c7ed71199313ac9e1,af885bebe2a7735c3aee36d538ada841,delivered,2018-08-22 10:06:11,2018-08-24 03:15:09,2018-08-24 14:23:00,2018-08-29 18:17:31,2018-09-03 00:00:00
bd097e5fba6d060c0adb69b8865b1dfe,85881a5707acccf34192b197804bd5e4,delivered,2018-01-27 12:04:16,2018-01-30 05:31:32,2018-02-06 23:36:44,2018-02-14 18:59:39,2018-03-02 00:00:00
2440d6cd073dcb69c790ef224363ee88,84ee64fe92208c223d2c3ff8885543cf,delivered,2018-03-26 06:56:38,2018-03-27 03:55:07,2018-03-28 18:04:08,2018-04-09 19:35:30,2018-04-19 00:00:00
4321bf26c064204859cdc39a9fd479ee,908265335da82f437cdbe86dc7b2b0eb,delivered,2017-11-05 23:05:51,2017-11-05 23:26:55,2017-11-08 21:32:03,2017-11-21 22:24:30,2017-12-01 00:00:00
360ebdf2cf29914195eff429ee928b19,e3f04f96d9439475b2ef363500be3078,delivered,2018-02-14 14:58:09,2018-02-15 03:51:41,2018-02-16 02:04:40,2018-02-28 21:25:15,2018-03-06 00:00:00
7ed0da14ccd5f19cd8f1461de5371f95,e6fc196ca78ced04d33694bdf30f424e,delivered,2018-01-02 15:48:12,2018-01-02 15:56:23,2018-01-03 17:08:53,2018-01-08 23:07:36,2018-01-26 00:00:00
f9ae26d365fbefe7d1d7510effa84d3d,0092ebfee8043dae610fab832e61acff,delivered,2018-02-22 14:48:09,2018-02-23 13:10:11,2018-02-27 20:52:14,2018-03-01 23:34:27,2018-03-16 00:00:00
f9ba4a7646e78ee867081f9a098c3290,5a43a37dd0e6fc32b37baaf86f2a438d,delivered,2018-08-25 17:10:20,2018-08-25 17:24:29,2018-08-29 13:03:00,2018-08-30 21:32:27,2018-09-06 00:00:00
b9f036a816205e4339b9b1c914ea656b,91a32fc82f26567d0174ff10cdab0407,delivered,2017-10-11 22:22:37,2017-10-11 22:35:15,2017-10-16 14:38:06,2017-10-17 16:21:27,2017-10-25 00:00:00
c0739e18e44f89c88bfbb497c5f11f52,5c217eec6be89d81398a0e1ff06c2673,delivered,2018-02-18 13:29:13,2018-02-18 14:30:23,2018-02-21 03:37:05,2018-03-19 21:37:42,2018-03-19 00:00:00
af392a2dadd37ee4dbdbe2dbdf4682f8,7bdb98610c7d1bcb98046b29d8ee2f67,delivered,2017-12-15 16:55:06,2017-12-15 17:44:01,2017-12-18 18:55:02,2017-12-28 17:17:23,2018-01-22 00:00:00
af3dd257dffa86d6481ea590556ca509,095d1ff35f7db6828a8438d87f9c1b9b,delivered,2018-07-20 12:27:41,2018-07-20 12:43:33,2018-07-23 06:46:00,2018-08-09 20:46:39,2018-08-31 00:00:00
feb1bffbc0aa19c5d82a2d326737877d,667f26ced69e2ac1b07d7baabf2378c8,delivered,2017-10-04 23:42:41,2017-10-04 23:56:15,2017-10-05 20:39:56,2017-10-16 12:13:55,2017-10-27 00:00:00
07144524b0b12343da7f0e7227dcb28d,d1ce617712697f57e7b0d079759b9bd9,delivered,2017-12-11 13:49:08,2017-12-12 04:09:40,2017-12-12 19:57:12,2017-12-19 18:28:31,2018-01-09 00:00:00
2f9518f273a6399fe8a94d78129fe404,7d05105156cf3f275a36a6dc8c5d479b,delivered,2018-06-25 21:24:11,2018-06-25 21:37:39,2018-06-26 14:59:00,2018-07-02 15:48:07,2018-07-16 00:00:00
bdc8dbe2398cc2b77b8628177c7719ad,7ad886c06d1fec7bef7e5b62b00554df,delivered,2018-04-15 22:07:10,2018-04-15 22:30:02,2018-04-17 17:33:22,2018-04-24 17:22:09,2018-05-09 00:00:00
119c357aec19161dd3f526233913298e,866faf79483941ea67160074e03383c2,delivered,2017-09-19 17:52:36,2017-09-19 18:07:19,2017-09-20 19:47:47,2017-09-27 21:03:13,2017-10-09 00:00:00
edcfddeb9be8cad09b23188aec1f3fc0,b6db7d9f41c9446f14e55db357f4fe0a,delivered,2018-03-25 14:50:10,2018-03-25 15:05:19,2018-03-27 05:56:23,2018-04-05 15:11:23,2018-04-17 00:00:00
190557ff9eb3797082b5279359cf7bef,87df1dc62d45a6d8cfce7cec5fcf84a0,delivered,2017-12-07 12:36:22,2017-12-07 15:43:19,2017-12-19 21:52:42,2018-02-03 14:48:33,2018-01-08 00:00:00
b1889be0f4217690c49cce852bfb33e7,d006a01c574ffd3a6a79bd403fe3e50f,delivered,2018-04-12 09:29:37,2018-04-12 09:52:21,2018-04-20 00:10:40,2018-04-20 16:54:48,2018-05-03 00:00:00
39ae8b6363e0b01a0d2fa87271958af6,b454e9f53f74f6cfdc5d375477758c5f,delivered,2017-11-10 21:26:02,2017-11-10 21:35:34,2017-11-17 19:26:48,2017-11-20 20:48:33,2017-11-30 00:00:00
ba8dd052f0697464c9b19669d50cf248,ae77c163c374034318661b9b9d780c91,delivered,2018-02-06 08:27:11,2018-02-06 08:49:40,2018-02-06 19:43:20,2018-02-08 15:48:58,2018-03-05 00:00:00
0cc61cbbb97b708ac85f95f24e7e4439,4ca7133216f9b31f80221af0636877b3,delivered,2018-08-03 13:51:04,2018-08-03 14:05:13,2018-08-09 14:03:00,2018-08-17 17:07:33,2018-08-21 00:00:00
38fd5de0bdcbb66b8c100656463bc730,8c1fc4f0160463f7192647792d749b83,delivered,2018-05-14 12:20:42,2018-05-14 12:40:07,2018-05-15 11:00:00,2018-06-04 14:22:34,2018-06-20 00:00:00
1263b5bd7d073c9196702d47117ee5fa,f529a0fbe1ebd4622fb563b430cac7f5,delivered,2017-12-01 12:02:33,2017-12-01 12:31:27,2017-12-05 13:09:45,2018-01-06 14:18:30,2018-01-02 00:00:00
a56a8219728fdbdc71a20c07b77f1328,8f8b86d98300c3e0c6e84c4fcc8a4581,delivered,2018-04-09 13:33:32,2018-04-09 13:51:16,2018-04-09 23:44:46,2018-04-13 01:48:49,2018-05-03 00:00:00
4c30ca1b003a7fb3999df965167d492d,a04be466d26664aa21a464efca20a9a2,delivered,2018-05-16 12:26:04,2018-05-16 12:53:51,2018-05-17 16:10:00,2018-05-18 20:54:46,2018-05-25 00:00:00
35f32d2298ac8db3508621c20afca845,8ca0eff4ed936034501cf36df9b639c1,delivered,2017-10-07 08:23:50,2017-10-07 08:35:19,2017-10-10 19:59:45,2017-10-26 21:07:52,2017-11-10 00:00:00
6709606f3773c59d8bed53c0d9bb614d,0be4ccac4dad0eece92dc788cd5e9260,delivered,2018-05-21 00:26:19,2018-05-22 07:54:02,2018-05-24 14:54:00,2018-06-08 09:51:58,2018-06-11 00:00:00
8f49d00fac6d25b1dbdb0685ef43af10,1847a5181062817755a3763f35215e8e,delivered,2017-02-09 09:33:26,2017-02-10 09:35:16,2017-02-15 14:19:42,2017-02-21 14:47:32,2017-03-10 00:00:00
9fe9c3069432a6611954d1e0d51d6873,c706d40d9c1e703d6c5f5342129f04d0,delivered,2018-06-27 20:40:42,2018-06-29 02:35:12,2018-06-29 13:46:00,2018-07-04 16:45:57,2018-07-20 00:00:00
7d77cbd8b988f81a25289a02429fab42,75aa0f7b76847ca2b890f2e844a4df54,delivered,2017-12-15 21:53:01,2017-12-17 21:52:53,2017-12-18 20:41:39,2017-12-29 20:44:51,2018-01-15 00:00:00
9fdc5868fa877dc622545834921b69ab,619d38cef53788669e85d1d303c9b05e,shipped,2018-08-08 13:58:08,2018-08-09 04:05:06,2018-08-13 15:22:00,,2018-08-21 00:00:00
1ac85a0c0cc899fbf1da0f2c83737fb6,213de7061519d5d6d610d6617bd2ca88,delivered,2017-08-25 14:49:25,2017-08-25 15:04:55,2017-08-29 14:18:20,2017-09-01 11:55:46,2017-09-25 00:00:00
84335fd0be72b2dd61ba2f73f389d28a,d21616a7f6c6949c83026ea92b5f8503,delivered,2017-05-21 08:01:54,2017-05-23 04:03:11,2017-05-23 14:40:59,2017-05-29 07:49:31,2017-06-16 00:00:00
79aee5d2f7328b2d701eb4e87f54ce47,a87fd16f6038d768abc2e463f80071e0,delivered,2018-08-05 14:39:11,2018-08-05 14:50:16,2018-08-07 12:56:00,2018-08-15 20:17:00,2018-08-20 00:00:00
49e548b7ec1f515816b62230c96e8f74,fef52039b5d18cbb16606c9793a55101,delivered,2017-11-25 00:29:08,2017-11-25 03:19:21,2017-11-27 18:57:08,2017-12-08 21:51:52,2017-12-26 00:00:00
6c2ef493d3908b2a6046a0668f52e87c,c4db8eb6adbd7eec0e1c0028d7d1438a,delivered,2018-04-26 13:11:01,2018-04-26 13:30:54,2018-04-27 08:34:00,2018-05-10 18:33:47,2018-05-16 00:00:00
30d069e8fe27dc74e756bbb4f470a361,d082b7a7c2aa758ce7a11c5d78b372ce,delivered,2018-03-06 17:36:28,2018-03-06 17:50:32,2018-03-10 01:09:21,2018-04-18 21:16:38,2018-04-02 00:00:00
4fe87ba02ffa026600dce759f9fcd02e,27fa9e9df539e6798ac824e0b86bb05e,delivered,2017-09-13 21:40:12,2017-09-13 21:55:08,2017-09-14 19:13:41,2017-09-19 20:54:51,2017-09-29 00:00:00
119f1430154997cf2ea4e905667408d1,326bd99b43665ac9e198d45b189740b5,delivered,2018-05-29 02:29:23,2018-05-29 02:51:18,2018-05-29 14:04:00,2018-06-06 20:04:33,2018-07-04 00:00:00
0d084d7d6f5d7b6a97582e1dc74dda2a,558de2f6863bf7588338479d614522a3,delivered,2017-10-25 16:33:09,2017-10-25 16:49:56,2017-10-26 20:16:12,2017-10-31 19:53:01,2017-11-22 00:00:00
8ca359188415aaef358f04e23e462a43,775d64e14996ceb86e5e883a5a66d206,delivered,2017-09-23 13:04:31,2017-09-23 13:15:18,2017-09-25 19:29:09,2017-09-30 13:37:40,2017-10-20 00:00:00
77bd3f7f2fefbad1254911e90bc64158,d55f1ebcfb5f55d099b562c8d808cc10,delivered,2018-02-27 13:29:05,2018-02-27 13:48:46,2018-03-03 02:27:10,2018-03-21 00:06:32,2018-03-26 00:00:00
b7d04f39e98c5fc85abf2652d719385c,aa017c3944e3b9c97646a4fe0bdcca77,delivered,2018-03-03 14:42:43,2018-03-03 14:55:37,2018-03-06 00:37:34,2018-04-12 00:10:47,2018-03-29 00:00:00
ddcc7bc75d833f11bb5c8a7c1eda0c17,48487a92b4fd416acf46a06f981ab31e,delivered,2017-11-20 21:10:57,2017-11-20 21:26:43,2017-11-22 09:42:49,2017-11-27 18:47:27,2017-12-07 00:00:00
9ff2fbb75e38eaef59472e29ddaf1769,a709af5ae225ec3a6349256ab23d7252,delivered,2018-02-13 10:50:29,2018-02-13 11:15:29,2018-02-14 18:04:45,2018-02-20 19:17:59,2018-03-12 00:00:00
cb666a5ed3eec739fae136c3da8552c7,d14f67f2cb2089c372c9f2f0bb7597a9,delivered,2018-04-23 15:51:01,2018-04-24 17:22:49,2018-04-24 16:42:45,2018-05-08 10:26:27,2018-05-21 00:00:00
150bd08f76b01b51e649a5474be78cf2,f969f3f292317381d94b67fd9dc40d61,delivered,2017-04-26 10:38:41,2017-04-26 10:50:17,2017-04-26 14:08:19,2017-05-18 10:53:06,2017-06-05 00:00:00
57f76c21186acbd0b0dbc70297dcfe28,61befdf095baf0e03e52946c8b06b241,delivered,2018-03-18 22:11:43,2018-03-18 22:27:40,2018-03-21 20:06:43,2018-04-03 17:04:35,2018-04-10 00:00:00
9313c6e2df57e5358d335c1585a48f35,e0a4b1bdda646082dbae9a0e633bf326,delivered,2018-08-20 16:30:56,2018-08-20 16:50:04,2018-08-21 15:19:00,2018-08-23 17:47:34,2018-08-27 00:00:00
abcc5ea8b9b32d146d24e625bd1d002e,0cc04b55c0986143feb2ebb257239915,delivered,2018-04-23 11:40:53,2018-04-24 19:04:54,2018-04-25 13:42:00,2018-04-26 16:46:42,2018-05-10 00:00:00
2ae0a15db329f6aeea4137c433825b3a,847c8e8ca5103c823bccb3e76066bc4e,delivered,2018-01-22 22:31:53,2018-01-22 22:55:38,2018-01-23 21:12:31,2018-02-01 21:06:01,2018-02-15 00:00:00
260db02d1a8b410b7d61ee150ced5caa,adea779c0b221359e0b22a82ee5c0ee5,delivered,2018-06-27 12:58:09,2018-06-28 02:15:51,2018-06-28 14:12:00,2018-06-29 18:07:33,2018-07-12 00:00:00
c6c0dc0b58d87603f5b07c6283355d5c,67f17583aa3d40a008f98ff8abc14069,delivered,2017-09-20 17:16:44,2017-09-20 17:30:08,2017-09-21 16:41:55,2017-09-27 22:12:11,2017-10-17 00:00:00
063929a628206b3f69eaaa2e003ca695,38f9acc05b467543eb2ab4536729e1d2,delivered,2017-12-02 17:15:54,2017-12-02 17:38:18,2017-12-06 21:41:49,2017-12-12 15:35:08,2017-12-29 00:00:00
96eb7f709abac11cbb2502c63d8c1ae6,530d2038f10bff32ab518da55c93cb0a,delivered,2017-11-24 08:40:31,2017-11-24 09:50:40,2017-11-24 22:44:36,2017-12-08 00:47:50,2017-12-15 00:00:00
431e57fb445e35e908a2d4867bfc9b27,63a63a3d1eb4b42d80ed149ae626b831,delivered,2017-07-18 22:26:53,2017-07-18 22:43:13,2017-07-21 19:19:45,2017-07-26 22:49:51,2017-08-09 00:00:00
60e2fe3a23e71c24f3ab0f648ebd6a8f,14c40450842463a4e86a52654f2e3ff9,delivered,2017-01-25 13:42:49,2017-01-25 13:55:09,2017-01-30 15:31:18,2017-02-10 14:05:32,2017-03-06 00:00:00
2adcc6d21c5ae646d76e2a62e1388eb4,e7cacd890ee7f47989b72a93b50ba5ad,delivered,2018-08-08 23:41:21,2018-08-10 03:25:41,2018-08-10 15:08:00,2018-08-23 16:36:39,2018-09-17 00:00:00
592b0d429e4f22e5e82fa1ae3ea6a768,21b64276fd9e94d8c4968d95cfc16a70,delivered,2018-05-31 22:33:51,2018-05-31 22:50:27,2018-06-04 12:58:00,2018-06-11 14:48:23,2018-07-04 00:00:00
5bd293c86326611e6604399e535f1b2b,de270dbea5d94e6436d844565b1c52aa,shipped,2018-06-18 21:09:41,2018-06-19 21:18:40,2018-06-20 14:47:00,,2018-07-19 00:00:00
eb7efe0b8397cce63c22e0d6bc566dd9,0e517ed81899c398fa556219eec03f57,shipped,2017-04-19 10:38:27,2017-04-21 05:10:39,2017-04-25 09:56:33,,2017-05-24 00:00:00
575a5c6c42853ce1c599537b8f87d716,6a0c3526b0d37426fa91f73c47141c01,delivered,2018-04-09 17:47:30,2018-04-09 17:55:24,2018-04-10 18:44:27,2018-04-16 17:32:27,2018-05-14 00:00:00
ea40649adba75ef11cf2a60cb45559c5,dd90be76e9da7c8cf31e6c2d4f0a8828,delivered,2017-11-30 22:41:44,2017-12-01 11:31:58,2017-12-01 19:00:55,2017-12-06 01:33:04,2017-12-26 00:00:00
a18cc28d5b932f1f4a35cf7c4e63e571,d5dae391ec70aba0f0ee3d3bd7600faa,delivered,2018-05-25 22:02:34,2018-05-25 22:17:31,2018-05-26 08:36:00,2018-06-29 23:41:52,2018-07-18 00:00:00
089896265e5395ee8335f9f417a7f6c0,b76858182a9cd7f6c1ba482c53fdd2ee,delivered,2018-05-30 16:15:51,2018-06-01 18:35:21,2018-06-11 14:33:00,2018-06-18 23:22:29,2018-07-12 00:00:00
ec88cd13421e27489ffc1f352247f3a4,936da706de2dfa07d2f5f8e3934836ca,canceled,2018-08-24 16:38:44,,,,2018-09-13 00:00:00
94140a08f88b5440f7fc0e4b0fcfc3bb,145ed96e22cdb678a8b4107d72fddcc8,delivered,2018-06-22 18:38:25,2018-06-22 18:58:30,2018-06-25 09:56:00,2018-06-30 11:18:44,2018-07-16 00:00:00
69c1121bb28647d665ed2ead39aecfdd,964d908c079d150a26119a4de5c3ced4,delivered,2018-02-15 16:37:23,2018-02-15 16:50:37,2018-02-19 18:52:55,2018-03-05 22:48:35,2018-03-13 00:00:00
c5bbc2e1ea510338b16c37d3bd7437cc,726d374afce579bca5195f4d84dcc741,delivered,2017-07-03 09:21:12,2017-07-03 09:30:17,2017-07-10 13:57:24,2017-07-11 20:15:23,2017-07-14 00:00:00
4ef50a2c9652e429d7d7591a0712aad0,e0d4e81ca397eea8ba6a5e9d877aba4d,delivered,2018-05-11 09:51:37,2018-05-11 10:17:40,2018-05-19 06:14:00,2018-06-20 15:28:43,2018-06-06 00:00:00
14325ba23374f1e55576859076916d9c,63e1b7184234e8c946270e8702251ce9,delivered,2017-09-23 11:57:50,2017-09-23 12:10:18,2017-09-28 17:10:11,2017-10-09 22:18:58,2017-10-26 00:00:00
122db42cf230e496258825c75d544c15,42f4cfadffa1236bb8a288abfacd80c9,delivered,2018-06-29 11:00:18,2018-06-29 11:11:30,2018-07-02 13:27:00,2018-07-10 17:24:56,2018-07-26 00:00:00
786baaa6b659351627edf0bbbee0648a,7fba8c8ef56a05b3b0668cc1cc3e0a8e,delivered,2017-05-27 00:04:35,2017-05-27 01:10:12,2017-05-29 15:10:33,2017-06-02 15:57:41,2017-06-22 00:00:00
4af895c94fe197a1da73b4aa9e727831,1a82a5b53a04aa58c89afe36224b93a9,delivered,2017-09-15 11:06:15,2017-09-15 11:24:40,2017-09-18 20:12:13,2017-10-03 22:18:03,2017-10-03 00:00:00
a5e316a920122ee655d3a9fa01582514,c6018222eb46fd32b78fa3300a9636d5,delivered,2018-01-24 16:38:33,2018-01-24 16:51:26,2018-01-26 14:06:35,2018-02-02 16:04:10,2018-02-16 00:00:00
0da43144c61f413957a7e7c8b2555dad,159f001ca3b331fd9854b3260cd1cd52,unavailable,2017-10-13 17:57:20,2017-10-13 18:08:06,,,2017-11-09 00:00:00
5be9f28716d41efdbdcc2a0d0907c71c,c35f2f08e21cfb94b8a97a9f431133ad,delivered,2017-11-23 13:51:57,2017-11-23 14:03:06,2017-11-24 20:19:33,2017-11-28 19:39:18,2017-12-07 00:00:00
d6f81840dedabe214cbfa42226e7dfd4,30cfec2cfb4af26925989a3ed824d45b,delivered,2017-12-14 18:10:22,2017-12-14 18:18:20,2017-12-18 20:49:13,2018-01-07 16:27:45,2018-01-12 00:00:00
84d2098c97827c6327ed4d7be95e1fc8,0a46d9100178dc3af825b8eb34c256da,delivered,2018-06-03 11:23:09,2018-06-03 11:30:57,2018-06-04 14:21:00,2018-06-12 18:16:00,2018-07-05 00:00:00
41c51367243707ec4b1cf8baae5de951,714f2635d40b3e5d19a2fac7552846f3,delivered,2018-07-27 13:11:52,2018-07-27 13:25:22,2018-07-27 13:52:00,2018-07-31 22:48:55,2018-08-15 00:00:00
a9aaaf24646d60bb635aee235c06db11,845a16cb8ee112013cd21ff53c8cad34,delivered,2018-07-30 19:42:59,2018-07-30 20:20:19,2018-08-02 12:43:00,2018-08-10 16:41:47,2018-09-11 00:00:00
5a644293b3539f7e7876ab0b4536b320,1f0db9ca7038a575cfbe3aa28dd699c8,delivered,2018-06-16 18:02:48,2018-06-19 03:57:28,2018-07-03 12:16:00,2018-07-04 17:26:36,2018-07-17 00:00:00
405ecafdd586fc6c950aa6aaf4e91cae,2681443bacf9d7fa015a0d37cdfc2657,delivered,2017-08-08 23:43:55,2017-08-10 03:25:21,2017-08-11 21:15:16,2017-08-16 17:14:29,2017-08-30 00:00:00
09c8e8de8792915ab68564b4420f246f,b0046bc2fbf6c21b9d50c60db587ca77,delivered,2018-08-22 09:31:42,2018-08-24 03:25:28,2018-08-24 14:31:00,2018-08-29 20:18:48,2018-09-12 00:00:00
a954b5c6ed542bc3970ff1181cb20ef7,403d6dc4a2ce0ab3c7c8ed1267e7b989,delivered,2018-01-25 06:40:27,2018-01-25 06:56:16,2018-01-25 22:36:23,2018-02-02 19:52:30,2018-02-22 00:00:00
9c6a41b40091cf444dcd80fa62446a98,6bece72376d04aaec6d30e1ae5bf84e7,delivered,2017-11-24 12:25:35,2017-11-24 14:34:31,2017-11-28 13:48:52,2018-01-22 12:59:00,2017-12-20 00:00:00
6f535066d76606a03524581e88087ce1,7fc9d895508c9702d62606338ed092e0,delivered,2018-08-15 07:41:09,2018-08-15 08:04:12,2018-08-15 14:58:00,2018-08-20 19:50:42,2018-08-27 00:00:00
d2072cac5fc7e1aee9ba54336621c1a8,29b11e2758e1817d432172e1ee399267,delivered,2017-08-17 14:53:24,2017-08-17 15:25:11,2017-08-25 14:13:44,2017-08-31 12:33:18,2017-09-20 00:00:00
7f579a347e00ac4d36c143a5969e5189,ac5aa5250edd7b1e50d12ec94039db70,delivered,2018-07-21 17:02:18,2018-07-26 23:31:24,2018-07-24 13:38:00,2018-08-02 21:03:57,2018-08-14 00:00:00
eeb175313bdbdfcd44f5d207beebc97a,ea358e7b5982a089fc5e862ef6731420,delivered,2017-11-13 23:03:12,2017-11-13 23:15:37,2017-11-16 18:07:28,2017-11-23 23:32:31,2017-12-05 00:00:00
ffee31fb4b5e35c9123608015637c495,11e0f43ab4e2d2c48348dd9332c0ef80,delivered,2018-08-18 10:00:59,2018-08-18 10:10:11,2018-08-20 10:01:00,2018-08-21 12:18:57,2018-08-23 00:00:00
f5ff53df944464937cd950213093621c,dae5d46fcf3614d8f46d6fa119178494,delivered,2017-08-21 23:09:06,2017-08-21 23:25:23,2017-08-24 13:11:59,2017-08-28 18:03:46,2017-09-11 00:00:00
aca87568f6ded0187314b892e500debd,4c320d174c14d03c3960459829a7185f,delivered,2018-06-14 15:08:52,2018-06-15 15:20:12,2018-06-19 16:32:00,2018-06-25 17:22:03,2018-07-13 00:00:00
50109a6c720b998320449ebdf2c0798b,8676c80898b5fdcd9f7c48c39b000043,delivered,2018-02-08 22:46:59,2018-02-08 22:55:35,2018-02-09 20:46:51,2018-02-23 16:35:12,2018-03-12 00:00:00
f878206572adfa47110fed4947806589,1b68647cee091c5dcf4f7200ba5dd760,delivered,2017-01-19 09:59:49,2017-01-19 10:10:14,2017-01-20 11:03:56,2017-01-26 15:48:46,2017-03-13 00:00:00
94be6b672a642c5c33415e7ccc13c00c,1e0351073aabf183571573d2c809c4de,delivered,2018-06-05 11:44:21,2018-06-05 14:31:12,2018-06-05 13:22:00,2018-06-11 16:19:22,2018-07-13 00:00:00
d02c31bf4f5e040587f04c64f8e0ee9c,571f9e60ad9942db4d49ea1a37343445,delivered,2017-11-23 15:59:57,2017-11-23 16:08:35,2017-11-28 21:09:05,2017-12-01 19:51:43,2017-12-15 00:00:00
03bd6f7b95588e476cdef4abb2cfdd0d,2b161f95dccf57831d2e8ce51af38d19,delivered,2018-07-31 11:00:08,2018-07-31 11:10:21,2018-08-01 16:08:00,2018-08-02 13:51:53,2018-08-03 00:00:00
e82987745d31588f2815293de731fa0c,cb773f58c707ce38c878d31cc28a213b,delivered,2017-04-01 13:09:23,2017-04-01 13:23:20,2017-04-03 12:51:33,2017-04-05 17:04:11,2017-04-24 00:00:00
f00cdb8585a46952303de92749d24590,16aba5570b45f6b4c9204407132e2cae,delivered,2018-04-12 17:16:59,2018-04-13 20:15:09,2018-04-16 15:32:32,2018-05-05 20:11:43,2018-05-22 00:00:00
cc95eaf941bbc816437c4eb324a6709a,e247bf4277ef0c1ad7006ac1b75e5ec8,delivered,2018-05-20 12:30:28,2018-05-22 09:54:21,2018-05-25 11:58:00,2018-06-04 15:58:50,2018-06-20 00:00:00
54f3086920092b6c1d80c5db5361e937,69c3e5e099f5f6ea81925e12ae4156b1,delivered,2018-04-30 11:07:12,2018-04-30 11:35:24,2018-04-30 11:08:00,2018-05-07 19:37:49,2018-05-18 00:00:00
a6044c1de1912da29cb76976738d1e2a,600326644cd22ebebaad3704301d8135,delivered,2018-04-12 17:24:37,2018-04-12 17:35:14,2018-04-13 17:18:31,2018-05-09 17:28:28,2018-05-15 00:00:00
998c57ab2d55eb30d6de8d103034384b,cc6047333b8307011b59de309487b678,delivered,2018-04-22 17:07:57,2018-04-24 18:04:56,2018-04-23 23:37:27,2018-05-04 00:38:55,2018-05-18 00:00:00
8e7f3b97378d8df36ad1b2c206db009d,0b3278bf0e5d81dca450bb444e8bc6cf,delivered,2018-08-06 00:38:29,2018-08-06 00:50:16,2018-08-06 16:39:00,2018-08-09 00:18:45,2018-08-09 00:00:00
2c2f4107ae44d8fdb3b92236ddd18a0c,16b133c210c373fcd17f08753096add9,delivered,2018-04-19 11:02:24,2018-04-20 07:32:03,2018-04-25 14:13:00,2018-04-26 23:24:43,2018-05-09 00:00:00
01d1bb79f3dee77d8a6809aff0025590,211c5e59e4228e0ea780f1ab02f3029b,delivered,2018-08-15 23:28:39,2018-08-15 23:43:59,2018-08-16 14:31:00,2018-08-21 10:52:46,2018-08-28 00:00:00
af7b6d2963f03fb6bd066d90ff205dea,3e0e94b0e194113cde229729cac5966d,delivered,2018-07-23 19:04:51,2018-07-24 10:31:39,2018-07-25 15:27:00,2018-07-30 19:40:56,2018-08-13 00:00:00
cc087dad553a85cd8192eba75a27db2b,be83655f09f037c4a80e2590e64e9777,delivered,2017-06-27 19:57:20,2017-06-28 19:50:19,2017-06-29 14:55:37,2017-07-14 20:15:37,2017-07-19 00:00:00
6246b1dea3285b192583bce8da02672d,9c6e16980c369c4591035afd4beea81c,delivered,2017-08-06 21:28:23,2017-08-06 21:43:01,2017-08-07 20:32:33,2017-08-11 21:58:08,2017-08-28 00:00:00
ee5cc68a9c849b21b595655a944b417c,39159308231d229f2fec5131e6667329,delivered,2017-07-06 10:35:17,2017-07-06 10:50:18,2017-07-07 16:02:58,2017-07-14 19:46:17,2017-07-28 00:00:00
a6a646a5b9697b6efb2817faf8e21426,3ddf39bd820d959f61b52bb23d87b434,delivered,2018-03-18 11:59:21,2018-03-18 12:10:32,2018-03-19 23:13:06,2018-03-26 23:37:33,2018-03-29 00:00:00
580b08c73a274ac48d8e8c24d6364f2d,a0cad5d6079dc7c903506377dd1db7b7,delivered,2017-09-29 13:36:48,2017-09-29 13:49:22,2017-10-05 21:00:02,2017-10-11 17:34:17,2017-10-23 00:00:00
0918b01313c67da779fa4b5356537024,adc023c7dd5c234ef7e6c817a678c3ef,delivered,2018-04-11 10:46:53,2018-04-11 11:10:25,2018-04-12 17:06:11,2018-04-23 14:21:32,2018-05-10 00:00:00
88ae9b9dc65aa9f22722800a34d865c3,423a29c37e44f30428ef729e5ca84982,delivered,2018-05-08 20:25:31,2018-05-10 03:36:39,2018-05-23 14:20:00,2018-06-12 18:02:25,2018-06-08 00:00:00
0e44e7b0102a1f19aa9d7643e45dbbdb,cceee7ffa972348a332be8e08842dfb5,delivered,2017-12-11 18:21:52,2017-12-11 18:33:29,2017-12-18 18:53:17,2018-01-23 17:19:08,2018-01-15 00:00:00
260c1e77793a506e09dd0f8135109966,a06e9a7060cee74dbde1a2d5d7117747,delivered,2018-08-17 06:37:13,2018-08-17 07:31:20,2018-08-17 14:53:00,2018-08-21 22:03:42,2018-08-28 00:00:00
eb871e7c2357db8ff47fae46e9bee63d,b4f0291560dbfb345245123a068f5209,delivered,2017-08-07 09:04:02,2017-08-07 09:15:10,2017-08-07 14:22:13,2017-08-15 22:09:40,2017-08-29 00:00:00
d47929036b8c504537b7a458185913da,ff23e086a2196089e277ca0020ff5ce4,delivered,2017-11-14 12:03:44,2017-11-16 17:52:45,2017-11-17 17:41:40,2017-11-27 20:46:00,2017-12-07 00:00:00
539da8a3272212f11860bef60a1166b9,917abca35fa6b3987e391741d948bac7,delivered,2017-08-19 14:11:07,2017-08-19 14:25:57,2017-08-21 21:35:04,2017-08-22 15:55:16,2017-09-05 00:00:00
45940e007848875eb181bfcf14ea51a1,63bf151f197d2fe9d29a0ad5a739f9fa,delivered,2018-06-21 17:10:24,2018-06-23 08:35:01,2018-06-25 14:49:00,2018-07-03 16:11:57,2018-07-25 00:00:00
b05bd539cf70694e3270a23f22156f3a,1fd86c615df86be8983b0ed134d3d23d,delivered,2017-07-03 11:52:27,2017-07-04 11:55:19,2017-07-07 19:12:56,2017-07-20 14:51:59,2017-07-21 00:00:00
40dc4c4de919b652200754bad3125d2c,5decefaaf5f030d53b314debf4563cc7,delivered,2017-10-24 23:34:19,2017-10-25 11:26:23,2017-10-25 18:33:35,2017-11-15 15:42:18,2017-11-24 00:00:00
1d400d95c6669247200db54206a74b55,bf06c86a8b45ff125329d7fb1e3c2198,delivered,2018-07-04 15:20:14,2018-07-05 16:11:43,2018-07-04 15:17:00,2018-07-09 19:59:31,2018-07-27 00:00:00
4a9eee375aed716abf318683789faf01,133a51d8934bca97eac4f7f85e127ac5,delivered,2018-07-26 21:46:18,2018-07-26 21:55:16,2018-07-27 15:10:00,2018-08-03 20:41:43,2018-08-23 00:00:00
5e97d2fcdd460c47e3f0c07a39438105,54206fa50231f19f182639391160816f,delivered,2017-05-05 16:39:57,2017-05-05 16:50:15,2017-05-09 10:44:38,2017-05-15 09:51:50,2017-05-26 00:00:00
e2e223aa7d0f409950eb995e6c759475,16bdf9df48a96d7c0b03f48259e0e890,delivered,2017-03-18 12:44:01,2017-03-18 12:44:01,2017-03-20 11:00:40,2017-03-24 14:33:31,2017-04-17 00:00:00
9c020760091717505c5fae8c935f047c,0577d398fca1ea7bbce90556626f169f,delivered,2018-05-04 17:50:19,2018-05-04 18:16:08,2018-05-10 14:15:00,2018-05-14 23:04:15,2018-05-23 00:00:00
afdb52c08c5d497fe471069341921788,95aa115747c7a62b4e1ea5e9a408660d,delivered,2017-05-25 10:11:14,2017-05-26 02:35:30,2017-05-31 08:36:42,2017-06-09 11:23:57,2017-06-27 00:00:00
9c214ac970e84273583ab523dfafd09b,daf813bc2e41c86027d086e8dfb35571,delivered,2017-05-08 13:35:48,2017-05-08 13:50:15,2017-05-09 14:19:29,2017-05-16 16:49:51,2017-05-30 00:00:00
ef87b14cd30d2df42c047bc6724fa9ae,264cac8f9174a00df2cbee938706ec30,delivered,2018-08-02 18:42:59,2018-08-02 19:45:14,2018-08-06 09:33:00,2018-08-09 18:11:11,2018-08-15 00:00:00
2ed35bba35070885f6e0ff68cefe670d,1a8a7a0627b8eb850b3fc69d73867a08,delivered,2018-08-20 18:42:18,2018-08-21 04:50:24,2018-08-22 14:51:00,2018-08-24 19:03:25,2018-09-05 00:00:00
ef5cbfafea632f181983df020dee5199,1d73632b0662cf95bebb7d4d9c6896c6,delivered,2017-03-02 13:37:37,2017-03-02 13:50:17,2017-03-09 09:06:19,2017-03-13 11:08:38,2017-03-23 00:00:00
6f8c04e8edee74deceff537063bd46cc,a685b9dac4a7c0e9892635838723a9b5,delivered,2018-02-22 10:30:06,2018-02-22 10:39:12,2018-02-22 22:13:30,2018-03-07 20:46:59,2018-03-19 00:00:00
6e0f05728107157ca451dd9047a4eebf,8fc70dea5665d92f2c43ea665c223563,delivered,2018-07-31 20:49:19,2018-07-31 21:05:13,2018-08-02 17:46:00,2018-08-09 15:20:33,2018-08-17 00:00:00
a6b4e78fd33ff998a908e7251bb769d1,4dcfcb543312afef7bde0fcfdad4aec8,delivered,2017-07-11 16:16:11,2017-07-11 17:24:16,2017-07-13 17:06:04,2017-07-17 19:09:46,2017-08-02 00:00:00
aac52878fd693aeeb3efce3e0e0a3ce2,6daa264fc39ee67a347b26b841e9d000,delivered,2018-04-23 10:42:37,2018-04-24 18:28:07,2018-04-26 13:42:00,2018-05-04 01:58:43,2018-05-17 00:00:00
303be864ad5419c9825b648397a8eb73,50fb584351c6138fc5f4e986b30a173e,delivered,2018-03-14 22:36:53,2018-03-15 22:35:40,2018-03-16 21:24:24,2018-03-20 20:18:53,2018-03-29 00:00:00
032cf75b6991a44f9583d652730066d9,d3f73e9f703dd22bee2dd83ed43c60b9,delivered,2017-09-28 15:05:17,2017-09-30 02:28:20,2017-10-04 16:44:29,2017-10-06 17:50:12,2017-10-16 00:00:00
cf5ed095faa94bc72753a8d519d43a61,81a205d31dfa6c690e259d839d78727d,delivered,2018-08-21 15:39:07,2018-08-21 15:51:24,2018-08-22 13:58:00,2018-08-23 22:44:56,2018-08-27 00:00:00
2cb5ebc8618b31204c46aab763a8ca88,4aa8e20c47b647fdad4bc9a4b38964b1,delivered,2018-02-12 16:53:30,2018-02-12 17:00:38,2018-02-14 17:26:43,2018-03-07 20:12:15,2018-03-13 00:00:00
16f4a05a36f470dbed1f1c2ca6e2a616,d230b642f177ff80b2708cf54e65bc5d,delivered,2017-10-02 11:37:24,2017-10-02 11:49:24,2017-10-06 18:29:12,2017-10-13 19:43:55,2017-10-25 00:00:00
d4c04d37c42b6f03e9a2072bad331bbc,7d6c81f79e5c42187c42bf6af52ac046,delivered,2018-01-18 11:58:13,2018-01-18 12:17:52,2018-01-18 21:04:12,2018-01-19 18:42:05,2018-02-02 00:00:00
8b5bc96af9b784e1819b28162f0ffffc,cb5db41e85784052418ff198be6a8a80,delivered,2018-08-04 14:41:19,2018-08-04 14:50:18,2018-08-06 15:31:00,2018-08-13 17:24:40,2018-08-28 00:00:00
2618af576d21149f490b1baea011b8a2,e8739af3ab67b5b2c8c54c8e798afee3,delivered,2018-04-15 21:49:45,2018-04-16 22:10:20,2018-04-30 15:35:00,2018-05-14 18:27:38,2018-05-07 00:00:00
26be48cb41c2beb9e712f1563fefac0a,b85b78bc546abddd2832979f1c2efbd2,delivered,2018-05-11 16:07:14,2018-05-11 16:18:47,2018-05-14 14:05:00,2018-05-17 14:08:45,2018-06-11 00:00:00
31e2d0fd6a89e7bd4d343d5de73a68ea,42c21479a5bde717e8b7cc8a903248c7,delivered,2017-07-28 11:29:32,2017-07-28 11:45:15,2017-07-31 18:16:07,2017-08-19 14:07:16,2017-08-31 00:00:00
6f6948633148ad2811ae8142b39cc59c,c8c5c195c165100a603dff0a690073f2,delivered,2017-05-30 15:57:13,2017-06-01 04:23:02,2017-06-01 15:28:35,2017-06-08 14:51:39,2017-06-28 00:00:00
b1a993bc40f696232b7a6a528ab337d7,975a26a7f900a17b88882b47385ad87e,delivered,2018-01-29 18:16:12,2018-01-29 18:51:12,2018-01-31 13:15:09,2018-02-01 21:29:09,2018-02-14 00:00:00
ec9e227f8a374794d57840d65e9a8ace,f2ffa0a3fad193b5cff9daa2b68d87b3,delivered,2017-08-17 05:46:38,2017-08-17 06:25:50,2017-08-17 17:59:03,2017-08-18 16:26:10,2017-09-01 00:00:00
8b02a2a9b1ae5a5e5e840795cdc70fc3,5e319c4b67bfa5b94e74b2309e9eb394,delivered,2018-08-18 22:51:17,2018-08-20 10:50:20,2018-08-24 14:25:00,2018-08-28 12:38:25,2018-09-06 00:00:00
b5c0376b6e5f1f85b97037f72d2424f3,3e2afe3cc806ad67ed3b5db52029ca60,delivered,2018-05-21 10:03:39,2018-05-21 15:32:08,2018-05-22 16:11:00,2018-06-02 11:09:37,2018-05-29 00:00:00
cdab4d92ae28f85057ae6c55246c8049,d269e75ade2fbc369f8225b85b1ef069,delivered,2017-12-28 21:43:01,2017-12-29 21:36:29,2018-01-02 22:58:25,2018-01-08 18:34:26,2018-01-24 00:00:00
c6e5497dfca3f588f76e2542f686a5f7,dc69181d72e06422c621c907e5f9a384,delivered,2017-12-17 17:38:02,2017-12-17 18:50:12,2017-12-19 23:58:38,2017-12-23 12:41:57,2018-01-12 00:00:00
804e0b86e8fe8f4b319d850c87dd79bd,a4844df7aea664c484381063cc7c5a05,delivered,2017-07-11 22:50:05,2017-07-12 00:35:16,2017-07-12 17:32:46,2017-07-31 14:33:40,2017-07-24 00:00:00
b95d64677c5c20bf3f29beb3c57a99b6,a96daed72283ef80bb80786ec2625a9c,delivered,2018-06-16 14:37:34,2018-06-16 14:58:55,2018-06-19 13:58:00,2018-06-26 11:45:48,2018-07-19 00:00:00
53e0f6555268ce0f38604a0e81e774b3,59e134fe4b52bcaac2a9c6458d37ab1c,delivered,2018-07-10 19:51:24,2018-07-12 03:06:12,2018-07-12 19:46:00,2018-07-24 16:51:23,2018-08-06 00:00:00
9f6930c9edfd58a44a267fc734980a1e,9b10f767a186dc9110eb360dfe138bc4,delivered,2017-08-29 08:24:44,2017-08-29 08:44:37,2017-08-30 12:17:47,2017-09-01 15:36:41,2017-09-12 00:00:00
a797f338da66eefca816db5328d5e5ab,2cccb8ea24cb1aaeb3aaa7710517705b,delivered,2017-05-23 15:08:40,2017-05-23 15:23:19,2017-05-24 13:09:34,2017-06-01 11:28:04,2017-06-26 00:00:00
00d88c00221ce96a1cfcaca9f2fceb3b,2726ee187e4908c9683ac2a8a0424af1,delivered,2018-03-06 23:02:01,2018-03-06 23:15:29,2018-03-08 20:50:34,2018-03-28 15:49:01,2018-03-28 00:00:00
0097aafe2a01dd54e39888976160c377,6e6943d8c4822ead782b17d532e6ee63,delivered,2018-08-23 14:41:37,2018-08-25 02:35:10,2018-08-27 14:49:00,2018-08-28 15:58:56,2018-08-29 00:00:00
a7423cff9cc4cf6f1d6b749fd95d2aa1,b4f2638b64d93172899e3628f0f71345,delivered,2018-03-01 22:56:04,2018-03-02 02:10:37,2018-03-02 16:19:53,2018-03-08 21:02:29,2018-03-22 00:00:00
ad544f2096a222f549ef00e32dad51ed,d233d78f0c7b854b25178c113b7185b5,delivered,2018-06-28 15:13:14,2018-06-28 15:30:45,2018-06-29 16:21:00,2018-07-11 23:11:48,2018-07-31 00:00:00
aedce246ade02620f9c056df0c751549,35d0fd92c0afd25506d37f718310b848,delivered,2017-11-21 19:33:22,2017-11-21 19:46:40,2017-11-24 15:09:11,2017-11-25 15:12:56,2017-12-01 00:00:00
eeb2b8a01182310bf1707f3a2260aba0,810b7ace159ddbdf9accb33dd980f591,delivered,2017-12-05 11:31:42,2017-12-05 12:30:59,2017-12-06 20:32:58,2017-12-10 11:42:47,2017-12-22 00:00:00
82cce4cc0f0e7d1c582aef545333afcc,c61363977ae648d0d15932f2fc78789b,delivered,2017-12-12 00:24:45,2017-12-12 00:37:30,2017-12-13 18:28:49,2017-12-20 14:47:29,2018-01-12 00:00:00
cf18511cb84b8a7ca3c2b417bf1971a7,a317ceb88dae0225f3f124112ec44808,delivered,2017-12-06 21:12:03,2017-12-06 21:30:38,2017-12-07 18:12:26,2017-12-26 14:29:09,2018-01-16 00:00:00
a2ef0b7cf1506372dbf591def053d0fd,1a804744ece7190d49c6d127d5d743db,delivered,2017-10-29 22:36:41,2017-10-29 22:50:15,2017-10-30 15:36:06,2017-11-06 16:06:50,2017-11-17 00:00:00
695809f787c7cd226121bda23bd48199,def59716cc3f5bd8f7b45e5e92f354fb,delivered,2018-04-26 13:50:50,2018-04-27 13:52:57,2018-05-02 13:25:00,2018-05-03 20:15:42,2018-05-10 00:00:00
b17656c0ce138e982f37560850a9bc5c,247f48f9a68755362074467acee8a242,delivered,2018-08-17 10:20:21,2018-08-17 10:35:10,2018-08-21 17:55:00,2018-08-22 16:12:21,2018-08-29 00:00:00
279e00e0fbb287131056b0612f84ab6d,738f0be439f77175ee60f64e9e9bb0ad,delivered,2017-07-26 09:44:18,2017-07-26 09:55:20,2017-07-28 20:42:05,2017-09-06 20:04:10,2017-08-29 00:00:00
c3a69fde488a4b9b7052e6fced30c6af,f4a8f3b6895a0bd2322a9baac14d475a,delivered,2018-02-22 17:10:52,2018-02-22 17:28:43,2018-02-23 18:13:26,2018-02-26 15:52:28,2018-03-08 00:00:00
71ebfb916db0911bb0201d56790bc485,e6738a8d4b16b51667800f867c24d444,delivered,2018-08-21 20:53:43,2018-08-21 21:05:16,2018-08-22 16:36:00,2018-08-28 21:51:36,2018-09-03 00:00:00
2583425d8fd6d2a22d92c8480c1b546d,f643e1150f5707c0d4136c51f9db6cb3,delivered,2018-04-21 19:47:34,2018-04-24 18:58:48,2018-04-24 19:29:01,2018-05-01 15:11:06,2018-05-21 00:00:00
e1f238e971539b87bb93b6dbbce70611,ac91f1635b88b5f8c1dfe3d747cffb03,delivered,2018-03-28 14:58:18,2018-03-28 15:10:51,2018-04-02 15:08:53,2018-04-04 19:28:32,2018-04-10 00:00:00
50e49c6629868bcdab3c499bb73fe2af,038677c6bb39caaf53d27c6d46fc13b3,delivered,2018-03-27 13:11:57,2018-03-28 02:47:45,2018-04-03 21:35:51,2018-04-04 23:19:32,2018-04-09 00:00:00
d1c60fd7acd42b1d2e2aecfeff348b23,6ecd184747f5f3fbb14e113c9bd9c6d8,delivered,2018-02-18 09:31:03,2018-02-18 10:35:24,2018-02-19 10:08:31,2018-03-21 00:02:46,2018-03-22 00:00:00
f6cee891046f7eebf9019207ccb705e8,dfde39418d518e2313768cb54f9673a6,delivered,2018-08-02 15:50:33,2018-08-04 04:24:08,2018-08-07 13:34:00,2018-08-14 20:52:36,2018-08-27 00:00:00
4d495c697709fcab0a85b3c5247f89e0,a18738ac1b8e5cca29e1ec2fca8afe26,delivered,2018-08-13 07:44:40,2018-08-13 07:55:15,2018-08-13 15:03:00,2018-08-17 21:51:18,2018-08-23 00:00:00
b1526a2bd67c99a417bbd10df7904bb0,7a22cc2284c8c071bb159fb99289c831,delivered,2018-03-18 19:27:58,2018-03-18 19:47:37,2018-03-21 21:42:49,2018-04-11 19:38:44,2018-04-23 00:00:00
a6d7ec86cdee674d7af1adaf72f05cb3,be72b301165d5c4dc4028dae36aa1a83,delivered,2017-09-13 11:00:35,2017-09-14 02:55:30,2017-09-21 18:32:23,2017-09-25 16:03:30,2017-09-29 00:00:00
b489f7ae130ba3fd26b0a20f8cc81c61,99411e9599f8b7a90f2a362b874b66ca,delivered,2018-08-18 20:37:22,2018-08-18 20:49:57,2018-08-20 14:20:00,2018-08-27 14:52:02,2018-09-04 00:00:00
909818cba8c724b8cf698155d8ea838c,af74d2c41b047746fe2b4f508c6b2313,delivered,2017-05-28 17:17:51,2017-05-28 17:30:20,2017-05-29 09:03:56,2017-05-30 11:56:36,2017-06-09 00:00:00
ba200852dcdd71a190f40c0f4d1f4357,cd0bf19470cc0324df218d86b271b0b7,delivered,2018-01-04 15:30:13,2018-01-04 15:37:24,2018-01-08 10:24:02,2018-01-10 22:04:27,2018-01-23 00:00:00
0617fd3db51fa6cbebde41b9bd34b406,c859e1f9641a31e71020f8be665daaea,delivered,2018-05-28 14:03:52,2018-05-28 14:15:16,2018-05-28 18:29:00,2018-06-15 19:04:04,2018-07-04 00:00:00
8377f3e73701cb028e49d8fe3e6d987e,2493e5de8825ebc4c303f4298f97ce1f,delivered,2018-03-08 15:59:47,2018-03-08 16:31:12,2018-03-10 16:58:37,2018-03-23 16:39:09,2018-03-26 00:00:00
1b7475ff7b8c048a93a0b27dad4ea031,98a6573f1d091284af86e1060608a4ec,delivered,2017-05-12 14:02:49,2017-05-12 14:10:19,2017-05-16 08:54:14,2017-06-01 11:32:25,2017-06-07 00:00:00
10e133f423bb02952878401b944fa13f,f7f57fa985f2f153e3fbf2bafffe6cc7,delivered,2017-11-14 14:41:21,2017-11-15 14:35:33,2017-11-17 21:27:42,2017-11-22 22:03:47,2017-11-28 00:00:00
7adcb3fbea63cc564e4cab47e33354b4,70f5029b46796e97905c9c193617e317,delivered,2017-08-07 21:58:34,2017-08-07 23:03:18,2017-08-10 16:54:03,2017-08-14 22:17:53,2017-08-18 00:00:00
b862519c16da1f1abeacf50d35c11f9b,1738b1d50bc283d77d891200308a32bf,delivered,2017-10-16 13:43:45,2017-10-16 13:56:18,2017-10-17 20:32:57,2017-10-23 17:18:23,2017-11-06 00:00:00
e699e3eba235aee5f9c5d48559430616,91942c624a11f84639dbfaa10d9c3fde,delivered,2017-07-31 16:42:29,2017-08-02 02:34:48,2017-08-02 17:16:04,2017-08-14 19:08:00,2017-08-29 00:00:00
3204d768f424c527945af498dfdc005f,642fb2f2a74768f7758d06635e137d26,delivered,2018-06-18 16:40:48,2018-06-19 03:36:30,2018-06-19 11:03:00,2018-06-23 14:38:27,2018-07-11 00:00:00
e65d919c8e10d902b34ae4c8aeb57ae9,b7c088b0630cf05b5f323708333c0d68,delivered,2018-06-13 20:03:02,2018-06-13 20:21:27,2018-06-14 13:23:00,2018-06-25 19:42:06,2018-07-13 00:00:00
55471a53555cb61d9cd2ff895a278033,e0238838a5325f1c2c2646a66109ff89,delivered,2018-07-02 09:34:13,2018-07-05 16:09:39,2018-07-05 14:33:00,2018-07-10 22:22:44,2018-07-23 00:00:00
506905ea049bb2c4d984a023b70a3035,97fdf5b0f82ffa26e4fd38806a5d3242,delivered,2017-07-25 14:51:25,2017-07-25 15:07:41,2017-07-26 19:12:51,2017-08-01 21:22:49,2017-08-18 00:00:00
800c8a15369d74de7bc13709ef847d4f,365a457df99b094247729503a540e924,delivered,2017-12-04 14:00:59,2017-12-04 16:48:54,2017-12-07 20:48:36,2017-12-18 16:08:10,2017-12-29 00:00:00
d7e08a6a516357efaaf0412c6fcb1cad,2c3de6748bde50fc0b92f68dd7c6ade9,delivered,2018-05-04 16:18:48,2018-05-04 16:30:33,2018-05-07 15:46:00,2018-05-10 14:12:50,2018-05-24 00:00:00
b703b9bca2536eca02a03e9f8f00fc47,9536cfdb0347ce81dc7d416149ee18be,delivered,2018-08-12 13:25:50,2018-08-14 04:50:28,2018-08-27 09:20:00,2018-08-28 13:49:01,2018-08-21 00:00:00
34cb7aea9fb1df274bca0a4ade9c4f05,749b2077e835452cd5fbcf5cb13c8f6b,delivered,2017-07-30 20:19:48,2017-07-30 20:35:09,2017-07-31 20:34:05,2017-08-04 17:33:30,2017-08-18 00:00:00
b96cb3fd98ba13f5a573fc64dfe1ee10,ed4a44ab55a35b95b8e0b30e84c24422,delivered,2017-05-25 22:18:31,2017-05-26 22:25:15,2017-05-29 08:10:28,2017-06-06 13:31:41,2017-07-03 00:00:00
6deb828ed16ff2bd22abbd97663de110,638d91df38cb216db480d6b763f87dff,delivered,2017-07-25 22:23:05,2017-07-27 23:04:02,2017-07-28 18:17:43,2017-07-31 22:17:50,2017-08-07 00:00:00
dad25b8109c99779d47475dfa7f54371,d4c41f8b47c14649a4ff7b1059ab6eac,delivered,2018-05-08 22:12:19,2018-05-08 22:31:38,2018-05-09 15:30:00,2018-05-10 20:04:10,2018-06-01 00:00:00
2e9d747cb44445311556da99c530773a,49408412569c17ef3b50f801de020c3c,delivered,2018-04-13 11:40:42,2018-04-13 13:30:01,2018-04-16 20:59:52,2018-04-20 21:44:55,2018-05-17 00:00:00
e6e33920ebe2e3442b4c9cf86d4721aa,22de66d61152dcce3ff193b0734a2a7f,delivered,2018-07-21 16:01:11,2018-07-24 11:32:51,2018-07-25 16:42:00,2018-07-26 21:55:50,2018-08-01 00:00:00
b5be0d1904a2ec4994047e07b0104681,62cd17312190f965adc81902c00c20cd,delivered,2017-07-25 15:13:05,2017-07-26 02:25:38,2017-08-01 12:13:24,2017-08-02 19:03:10,2017-08-07 00:00:00
d77e4ebb756cbb3f6126fd04a1b127b2,0f23da109cc9cb6b91576ecb8f318eda,delivered,2017-12-22 18:48:59,2017-12-23 09:47:50,2017-12-27 18:14:50,2018-01-05 20:38:51,2018-01-24 00:00:00
fa0d6d911b362948d8f86f9a703c268b,aaffdf9f54d22f66d1feedc80e7c6ec2,delivered,2018-03-18 18:35:39,2018-03-20 03:28:40,2018-03-20 21:04:09,2018-04-06 18:38:40,2018-04-05 00:00:00
417f3a2950fc1952340b349f0dcc7a25,bc968b98be25adf5cf08936c394b6b99,delivered,2017-04-22 21:39:15,2017-04-22 21:50:16,2017-04-24 13:24:17,2017-05-04 16:45:42,2017-05-24 00:00:00
f043d325dd5b6eeba051156b18d49dd8,5272d8676880914db6e41921f373f59f,delivered,2018-06-08 09:43:52,2018-06-12 04:57:45,2018-06-15 12:12:00,2018-06-25 23:21:46,2018-07-12 00:00:00
4a2e9754d61d7f8f0b41fec143e166e4,f41451d33ba6f06c67324fcdef70dbde,delivered,2017-05-28 22:18:09,2017-05-30 13:08:22,2017-06-01 14:29:16,2017-06-05 14:23:37,2017-07-07 00:00:00
c754df662a2370682a708ef4b36b63cb,cd170924602e8e00c9372c71a125536a,delivered,2018-08-16 22:52:29,2018-08-16 23:09:27,2018-08-17 17:05:00,2018-08-21 00:57:36,2018-08-21 00:00:00
ff9de84a5b397156b1f1f216fd5bf074,9a5057d3e4ae7aa7db6efd4db21c901b,delivered,2018-08-18 02:42:23,2018-08-18 03:09:53,2018-08-20 07:37:00,2018-08-24 15:34:32,2018-09-03 00:00:00
f7fad682a022f51cd2cd7355ae941ba4,4627796c14c8e6d2f8eece829c5df4c5,delivered,2017-12-17 12:30:47,2017-12-17 12:39:35,2017-12-18 18:17:18,2017-12-22 16:11:51,2018-01-11 00:00:00
841f22552ef7bc21e205df35283025c4,616ee49a34c54a09dd48d105944aa843,delivered,2018-06-06 12:49:27,2018-06-07 12:58:09,2018-06-15 13:57:00,2018-06-26 18:28:33,2018-07-23 00:00:00
0a308be0b454b3664e06318c9bd6a5be,68914b86fecc505772fc79427f0cbb29,delivered,2017-02-28 22:12:55,2017-02-28 22:25:09,2017-03-02 10:35:13,2017-03-16 13:42:06,2017-04-07 00:00:00
f7198d6fd9c02f8d7f7646b213376ddf,d32c1be9389b63d5e611ae874bf4403d,delivered,2018-02-24 21:15:18,2018-02-27 04:31:12,2018-02-27 19:33:48,2018-04-06 20:33:34,2018-03-19 00:00:00
8f22f06e256ac729f8a1850a4a36edf6,cf8df7d17394b6c3d02a0968f39967bc,delivered,2018-07-01 21:00:45,2018-07-01 21:10:17,2018-07-02 14:59:00,2018-07-07 14:37:50,2018-07-26 00:00:00
df7560ee1b8ee379664de6e7fe290baa,6d7f870e9a0ac4c6260e01c5f3e80eb6,delivered,2018-06-20 10:42:40,2018-06-20 11:08:30,2018-06-20 14:09:00,2018-06-25 21:53:32,2018-07-26 00:00:00
57d9f3094cf2e78f92e29ffabff34a1c,355c2aa61e6c0635c827fff8acf4dcd2,delivered,2017-11-16 17:04:13,2017-11-16 17:15:50,2017-11-23 18:08:59,2017-11-30 17:23:37,2017-12-05 00:00:00
08597f2b3cec1c223f1b7950bda0a9fc,f9838c605267c6c32feb7159929c2200,delivered,2017-10-23 13:31:12,2017-10-23 13:49:23,2017-10-27 20:18:30,2017-11-01 23:37:32,2017-11-13 00:00:00
b88860903858260cae60601cf2afdab2,12940c51be2a1cef4d799633e365873c,delivered,2018-01-30 20:53:01,2018-01-30 21:13:25,2018-01-31 19:57:47,2018-02-05 12:53:19,2018-02-26 00:00:00
2d824bac66ec7467745b2defcee22c1e,4e4450d27721ab62e36b901a32271ab1,delivered,2018-03-10 11:48:30,2018-03-11 11:49:26,2018-03-13 15:03:39,2018-04-26 13:09:35,2018-04-04 00:00:00
466253637e6e6f77690b086dfaf2be50,ecc8293d894d03bc97a108172b50b10e,delivered,2018-02-06 10:54:24,2018-02-06 11:15:38,2018-02-06 19:33:34,2018-02-22 01:15:42,2018-03-09 00:00:00
f319cdb9500c67c7a9f1b340da9c2d4d,d51cc254970c57a60ae33775ce9d7322,canceled,2018-05-21 18:19:37,2018-05-21 19:16:05,,,2018-06-07 00:00:00
4d9fde0f41ed6d10cf0353449abf49aa,1ed0b85dac00765f5ada1d0b4d672f4a,delivered,2018-02-11 03:03:18,2018-02-11 04:29:19,2018-02-14 18:43:01,2018-02-22 22:45:14,2018-03-07 00:00:00
093fb737d1bbfe9d3794b96acf28d546,d2c602b2c49567d1e76cdf168ae8a5d1,delivered,2017-05-08 13:13:38,2017-05-08 13:25:25,2017-05-09 11:19:32,2017-05-16 14:28:08,2017-05-31 00:00:00
3629454fe243df9fe9b49babc52d98e6,d90359b63914d35b6058e423f964db77,delivered,2017-03-11 19:12:49,2017-03-11 19:12:49,2017-03-15 14:14:08,2017-03-21 08:58:35,2017-03-30 00:00:00
8099ad6fc17173a53f09ba11910314ba,7132ea39e431e581e7f0fd9f0ef2d54a,delivered,2017-05-20 19:31:30,2017-05-21 09:32:14,2017-05-22 09:35:52,2017-06-01 16:32:46,2017-06-26 00:00:00
7436f90385ad44df26975c86ee59e085,1081bac0d0f72391e7c60d0812c8ec5b,delivered,2017-08-22 15:19:49,2017-08-22 16:20:20,2017-08-23 15:52:44,2017-08-24 19:46:08,2017-09-12 00:00:00
246b81e476821bd754ad38f6f0427549,cae960fb0f046ec619b1cb0b1da7de10,delivered,2018-01-31 22:26:53,2018-01-31 22:48:59,2018-02-02 14:18:36,2018-02-19 23:22:40,2018-03-05 00:00:00
153021ffa26bc5620848b4ab5c7f74a5,0aeeee00a80369aaa6d220e46d74e055,delivered,2017-06-17 20:49:07,2017-06-17 21:05:11,2017-06-22 07:47:41,2017-07-06 13:29:01,2017-07-13 00:00:00
f43fb0871c1cce25de31e9cc5732699f,89293535456fbe748a2d9b0e392c51db,delivered,2017-11-23 18:15:17,2017-11-23 20:13:50,2017-11-24 19:41:59,2017-11-27 16:38:49,2017-12-07 00:00:00
95fd02c37f493e9525e3d3c1ed54653a,8bb46af2da65493427799b95d0739d34,delivered,2018-02-27 13:13:59,2018-02-27 13:28:43,2018-02-28 20:56:41,2018-03-01 12:59:14,2018-03-13 00:00:00
eedde7b7971429b2b6ae01b53411dd90,29e57c6ac5c73af2dccafc3677593739,delivered,2018-06-11 14:32:25,2018-06-11 15:01:29,2018-06-15 14:21:00,2018-06-19 21:04:04,2018-07-16 00:00:00
1174bf62e0b41ba7abcab764adb61511,5e798840beab6800009c8373d0687a6e,delivered,2018-01-03 23:00:01,2018-01-04 00:56:41,2018-01-08 16:35:36,2018-01-20 00:38:51,2018-02-01 00:00:00
078631b9a61981e46492905d792730c2,ff8bbdad408a29736ad4e73dd740f896,delivered,2018-01-29 12:54:22,2018-01-30 03:47:30,2018-01-31 17:43:12,2018-02-20 20:43:23,2018-03-06 00:00:00
1bfa854220b28ba00aff2b4c40daf3ee,a99e84a562c9d7322420030c86f4153c,delivered,2017-11-02 10:32:27,2017-11-02 10:50:34,2017-11-03 21:53:47,2017-11-14 18:02:37,2017-11-28 00:00:00
79f7d697719bb0bd65cf1a1c5fc67348,6915b14e9f6ddc88067eee9334e66867,delivered,2018-06-06 17:17:10,2018-06-06 17:34:20,2018-06-08 10:52:00,2018-06-19 11:09:59,2018-07-11 00:00:00
5c51a7f4f8a9a7abd2e089844082f748,42356f821a14f6c5ca7af0392a4141cb,delivered,2018-01-17 13:01:08,2018-01-17 13:12:26,2018-01-23 22:19:14,2018-01-25 17:43:35,2018-02-01 00:00:00
59e44a5b3531b9de0e55335ef6cfce2d,4c2596cc24c1451ffa0745389966d535,delivered,2018-06-03 20:05:45,2018-06-03 20:15:25,2018-06-06 13:05:00,2018-06-12 17:37:50,2018-07-31 00:00:00
5f4ca60a3374aa89fd1ceeb0431c0c80,352ef4ddf555009bf60410fa9b80bc81,delivered,2018-08-09 17:02:48,2018-08-09 17:45:26,2018-08-10 14:49:00,2018-08-16 20:38:38,2018-08-21 00:00:00
67bd09a5f4c0e40b5a740a78f51a8b5b,16d372b5ac4b2e258e740fe8054fd852,delivered,2017-09-08 16:31:08,2017-09-08 16:45:33,2017-09-12 22:02:52,2017-09-20 20:00:31,2017-10-06 00:00:00
1b0577d71cd408c29c2fe1c9ec939056,e2b936f648da15af17e119a9bbadf9e0,delivered,2018-03-08 19:22:48,2018-03-08 19:35:35,2018-03-09 22:05:02,2018-04-03 19:32:20,2018-03-28 00:00:00
5330599ad58e0e0355fcb5c997d3f8f2,83b344733bd1afd8dd5fee2b1233867e,delivered,2017-09-02 22:37:04,2017-09-02 22:50:14,2017-09-05 19:17:46,2017-09-11 19:23:05,2017-09-22 00:00:00
73bd0bcebfe29c19c0c2422a811597af,c6f1bf6be1b8ab642cc2dd066aca9b1e,delivered,2017-11-26 19:15:22,2017-11-26 19:34:15,2017-11-28 16:53:02,2017-12-06 13:04:27,2017-12-18 00:00:00
1b900d4d10e97580eee435e3474110c8,7bea1627c3e438f1cf401aa2c53fea2d,delivered,2018-05-23 18:32:43,2018-05-23 18:57:02,2018-05-24 13:37:00,2018-06-06 20:19:03,2018-06-25 00:00:00
4cc95216e51190048472a2baf6fa53ee,b6775841f60dfac1e22467141c49b56b,delivered,2017-10-14 23:14:43,2017-10-17 04:08:46,2017-10-18 21:16:54,2017-10-25 21:16:35,2017-11-06 00:00:00
3396030721df1dfa13174f9aa28c020b,09aef328f0ac5a281ab557b909c24401,delivered,2018-04-15 11:54:15,2018-04-17 04:11:50,2018-04-17 16:03:16,2018-04-21 01:28:52,2018-05-07 00:00:00
959c17b26a28614c8e8bc4758dea8952,15d39cca90e1af65707e00c7b3874351,delivered,2017-10-23 10:35:09,2017-10-23 10:50:15,2017-10-24 17:38:44,2017-11-03 18:32:40,2017-11-14 00:00:00
74de5414be822d0c843d1c6d9efffe34,fe5dc051e7c0d5a9a5d90157b301df69,delivered,2018-05-30 09:25:25,2018-05-30 09:35:16,2018-06-14 15:21:00,2018-06-21 18:22:15,2018-07-05 00:00:00
07b4f186d84795c78fcd70a18b36c256,1241066fe4eb287cb32cc128d0c4af4a,delivered,2018-08-09 11:51:59,2018-08-10 03:24:52,2018-08-15 14:18:00,2018-08-23 22:22:41,2018-09-05 00:00:00
eb25b57cce5990ecc259c59e8052fece,927b06f5ce969c33aa974d38b1a49de3,delivered,2017-07-12 17:17:00,2017-07-12 17:30:22,2017-07-14 17:12:47,2017-07-24 18:19:57,2017-08-03 00:00:00
bd894bb88ebdb133ce403833d188814f,cf403f7325b6f0bd65dec9b3793277df,delivered,2017-11-27 07:03:15,2017-11-27 07:16:52,2017-11-30 22:16:28,2017-12-12 19:34:35,2017-12-18 00:00:00
2db7a2126c798c9f390d0c8dc5986530,60f582870208015bcf97da37b505fa2b,delivered,2018-04-02 22:39:59,2018-04-03 22:35:18,2018-04-06 23:58:21,2018-04-13 18:12:30,2018-04-23 00:00:00
e4bf4cf0817d499ec9e8807b121129f7,aa154dbe6fa58ff5b8dc04278934f841,delivered,2017-07-17 15:13:35,2017-07-17 15:25:18,2017-07-17 19:41:17,2017-07-29 13:03:19,2017-08-22 00:00:00
086fbd1d738c8b0bf972f0757bc57e9c,f564b9f9bbf621efb4ef205c439ab559,delivered,2018-01-15 11:54:26,2018-01-15 12:38:20,2018-01-16 11:09:03,2018-01-31 15:29:01,2018-02-08 00:00:00
c334df2de33b1fe163046d893b2cc28d,3afb4376b76a9615a6c548f25dcb251e,delivered,2017-06-25 14:52:01,2017-06-25 15:02:52,2017-06-26 10:09:49,2017-06-28 12:39:42,2017-07-07 00:00:00
b17c8b612641d44b16b1e306763d33fe,f827b1235c2146302af1327f4461957d,delivered,2018-07-02 18:35:13,2018-07-02 18:50:30,2018-07-03 13:34:00,2018-07-12 20:55:28,2018-08-06 00:00:00
dbfe4e468c74ac901314aac3d2915e40,758c08b6ea220ebc93f6048997872592,delivered,2018-08-07 20:58:29,2018-08-07 21:10:11,2018-08-10 08:23:00,2018-08-15 23:48:48,2018-08-20 00:00:00
6fa75611a64dc552025fc1c48cc75cf4,05918175d2c82af715f5ca32bd7c5e9d,shipped,2018-03-13 13:22:02,2018-03-13 13:30:28,2018-03-14 18:32:04,,2018-04-13 00:00:00
8cdf6f8f13da3e9e57245ad6a35e5eaa,83fbf2cad0c9510da566e5681efe63b2,delivered,2018-05-02 23:52:45,2018-05-04 03:31:48,2018-05-10 15:36:00,2018-05-14 16:07:42,2018-05-24 00:00:00
1234a83b9c1d13b6d3308dd2000d60b3,f71aed45047f9c67240fe76a11fe3343,delivered,2017-09-11 12:52:19,2017-09-12 13:04:22,2017-09-13 13:24:56,2017-09-22 18:35:53,2017-09-29 00:00:00
bdd09f356f1fb252571e6834bbea357a,a992e6c27f495b4f069589d84ef4959f,delivered,2018-06-26 14:33:02,2018-06-27 08:54:34,2018-06-27 11:23:00,2018-07-03 10:08:43,2018-07-17 00:00:00
bb1e19124a79d7567645189d83030101,b9dbf93d6dea7dcc429fb68927bb8c5d,delivered,2017-09-15 15:19:25,2017-09-15 15:31:09,2017-09-18 20:12:22,2017-09-19 21:58:40,2017-09-27 00:00:00
face81f3fb42523ac7e0a0d6f0149d34,4bf95d4f05278e600faa3fdf6f6b6d9b,delivered,2018-02-05 16:57:34,2018-02-07 02:52:07,2018-02-08 02:21:38,2018-02-16 22:05:06,2018-03-01 00:00:00
727efa2785deaaad8480da8e66db7e67,17f1be05cfeb6d0f2381fb77ef64bfad,delivered,2018-07-14 17:14:10,2018-07-14 17:35:14,2018-07-16 17:31:00,2018-07-23 21:11:33,2018-08-14 00:00:00
538c04c1b131ec55fcb33857d597c05e,07f1f3a3633860249841c0b7d5bbe09b,delivered,2017-07-21 21:16:46,2017-07-25 03:35:17,2017-08-01 18:13:57,2017-08-08 20:39:04,2017-08-15 00:00:00
3cc541809872382b28df3d51b420c807,8d44fafcc5e2c294d8f71e51312a17c3,delivered,2017-10-14 06:56:36,2017-10-17 04:09:44,2017-10-17 19:32:28,2017-10-20 16:06:30,2017-11-03 00:00:00
61c724e40941762318a52917a4acc55c,863f773a96fc2d7e114f0bdad46252c9,delivered,2018-07-17 15:04:48,2018-07-17 15:21:20,2018-07-18 09:34:00,2018-07-19 15:56:37,2018-07-25 00:00:00
a110dc76d143226dd697dedf9f513f14,05f55bda9372fe11109aaab2c157b57e,shipped,2017-02-08 18:51:14,2017-02-08 19:05:08,2017-02-22 07:57:45,,2017-03-09 00:00:00
b4dc25e49f1f3eee3262f45a26a91c27,55630e211aad19ea1c0a694c63d3d2be,delivered,2018-05-06 21:22:35,2018-05-08 19:34:48,2018-05-09 12:42:00,2018-05-14 18:37:43,2018-05-30 00:00:00
219d7856c8969f8f7087ffe19ae28a36,a582b5b6122b059b61fd2151d0ed11fd,delivered,2018-07-22 16:03:59,2018-07-23 12:32:21,2018-07-24 08:36:00,2018-07-27 14:24:24,2018-08-07 00:00:00
b7db45f8be850ed08d9790e874772966,61fe8bb74fbc2eac555010a7bbe4914f,delivered,2017-12-19 15:54:00,2017-12-19 16:10:16,2017-12-20 20:25:22,2018-01-08 19:27:36,2018-01-23 00:00:00
60b937da90f851b4fb55afb5d59d460b,b96b8570180e3baf84c3cc359d980e2e,delivered,2017-08-03 17:18:23,2017-08-03 17:35:17,2017-08-04 22:27:59,2017-08-07 14:15:40,2017-08-23 00:00:00
5393e88fa91aba9ea46a9f403d287df1,ec1ae820c73e32b6475b51a1d9016316,delivered,2017-08-26 18:39:15,2017-08-26 18:45:38,2017-08-28 14:43:05,2017-09-06 17:23:26,2017-09-21 00:00:00
243e51c6daa403a763ee38c31ebdb883,a92793be3ea218a1c299ef149d5584c2,delivered,2018-01-04 08:58:51,2018-01-04 09:06:24,2018-01-05 12:18:52,2018-01-12 22:27:05,2018-01-30 00:00:00
b29cb9e8d3d9563d11aba58b276705d1,be86627bd51be1f543e75f01a3c89acd,delivered,2017-05-17 20:31:55,2017-05-17 20:45:18,2017-05-24 14:10:58,2017-05-30 05:49:38,2017-06-21 00:00:00
6a94666b47f6006dda56e5edc10968a3,fdceca9202d57e4bbaa7a6f09d677c9a,delivered,2017-01-31 09:57:39,2017-02-01 04:33:17,2017-02-01 10:38:21,2017-02-06 14:31:39,2017-03-22 00:00:00
df7c36238f2fe34a946b480a147a040c,254fe3d1ed9fed6bdaaa505dfa5669eb,delivered,2018-06-03 22:26:08,2018-06-03 22:35:21,2018-06-07 14:49:00,2018-06-08 20:54:18,2018-06-28 00:00:00
6ee89dd6efe32b77d0f988f6d641af71,6623961d762191d166cc174dd12ae10d,delivered,2017-11-12 12:05:40,2017-11-12 12:15:56,2017-11-16 18:52:51,2017-11-17 12:13:10,2017-11-27 00:00:00
3ec09614b4f70768683f64a1aea0a3a8,31f168e91bd18daa81753c594e8ce462,delivered,2018-06-11 22:12:41,2018-06-11 22:40:55,2018-06-13 14:01:00,2018-06-14 19:03:44,2018-06-21 00:00:00
fb1ede4fdbea07d0b54f55338978e7f8,1ccc1918bad41ecd72e830f2e50d2982,delivered,2017-12-25 16:55:27,2017-12-25 17:08:41,2017-12-26 21:18:49,2018-01-09 20:04:34,2018-01-24 00:00:00
45ec58d30f2023e4dac16d956a657ddd,62d7df8850fd19bf7a67afca5b7e65bb,delivered,2016-10-10 10:28:51,2016-10-11 05:02:01,2016-10-25 12:09:01,2016-10-27 17:32:07,2016-11-30 00:00:00
c1bef4d15c96b3625b389a5abdd23d8e,e07ed8d755fb3e982429fee3841ac478,delivered,2018-07-26 19:06:06,2018-07-26 19:24:54,2018-07-27 14:05:00,2018-08-03 10:47:08,2018-08-16 00:00:00
95b1d0b73b19c6fff384a9036a89e484,f68e7cfe3a0564b1dbc5ce7a489dcce8,delivered,2018-08-03 22:01:54,2018-08-07 04:05:21,2018-08-10 14:37:00,2018-08-21 16:42:30,2018-08-20 00:00:00
598296af46cba70d254fa0f069b79ab6,b49737581a0d2bded4cad182940ebc3b,delivered,2018-04-16 12:19:10,2018-04-16 12:32:50,2018-04-19 02:49:45,2018-04-25 18:26:30,2018-05-07 00:00:00
2965ef8e9b42fd941f044c6b197246f5,0dd783efab8da6e6c9b27fc94f6dbb8b,delivered,2017-09-07 12:09:29,2017-09-09 11:04:29,2017-09-12 16:14:52,2017-09-13 19:22:09,2017-09-22 00:00:00
1d21d81713a3dea4ee564c915cf2fd94,7ba8bdd359b397be54d6e280b75b0987,delivered,2017-08-05 09:55:04,2017-08-05 10:05:26,2017-08-10 19:36:50,2017-08-18 19:16:44,2017-09-05 00:00:00
c7680ec9a4fd2773375fa6817d60ffc9,2130df9aff38b3fa676dd237235f55db,delivered,2018-03-26 17:58:33,2018-03-26 18:10:23,2018-03-28 20:26:44,2018-04-30 21:05:18,2018-04-16 00:00:00
f09f067e8ad2f131f31e6394a71b48c3,3423417279be81af6676d055effc33d1,delivered,2017-03-08 18:40:08,2017-03-08 18:40:08,2017-03-14 08:40:22,2017-03-18 04:38:23,2017-04-03 00:00:00
9df586b8ab146a451addcd354a27a3ae,e7effc4ed3d668c0156a01b47076b31d,delivered,2018-01-10 14:50:52,2018-01-10 15:12:03,2018-01-15 16:38:56,2018-02-01 17:15:18,2018-02-16 00:00:00
b918857b7289075da14325e369374e4b,269275e519181d7946ad8bd709584970,delivered,2018-06-04 18:50:01,2018-06-06 03:11:18,2018-06-07 18:27:00,2018-06-08 21:47:39,2018-06-28 00:00:00
1a271fc8bb3a9a776ae5c012bf017ac5,7a785eeb4a33bdb523fda4d791ce4e0c,delivered,2017-05-16 16:35:01,2017-05-16 16:45:11,2017-05-18 08:16:47,2017-05-30 10:14:34,2017-06-09 00:00:00
b4a980b9e16ba7d410f9213f5eab3ea9,eb292c350a17f065fb50299f16b41d32,delivered,2017-04-26 12:32:40,2017-04-26 13:10:47,2017-04-27 08:21:41,2017-05-02 12:22:28,2017-05-15 00:00:00
50103bd4ab4a26d767a3b899bd703bfb,3cdce08b61e2c9226246b46d0cf3bb18,delivered,2017-08-17 07:15:33,2017-08-18 02:26:06,2017-08-18 18:17:38,2017-08-19 12:55:39,2017-09-05 00:00:00
bdfad190904dc2cc0fc9d2c54f58fedf,44a7a192f080bb63e061c2537acd4ecb,delivered,2018-05-16 12:38:59,2018-05-16 12:54:38,2018-05-30 14:03:00,2018-06-01 16:32:51,2018-06-04 00:00:00
8df2f7a8d9fb8958675f795e2f71f27d,b55b2ee30245e129386c1777d67377cd,delivered,2018-01-11 17:49:35,2018-01-11 18:20:42,2018-01-12 21:03:42,2018-02-05 22:52:05,2018-03-06 00:00:00
d71541c100c5e5c1c55d5db9290f8851,ee3dd5769faf8ff6cde4f3120f191d4f,delivered,2018-01-09 20:23:38,2018-01-10 10:32:35,2018-01-10 22:20:10,2018-01-17 14:28:51,2018-02-07 00:00:00
c0fb1f0e7d72b79458a1e6a9b8165488,0c3abed07592371aae8849458ab83360,delivered,2017-08-28 08:47:13,2017-08-28 08:55:21,2017-09-06 21:52:24,2017-09-12 20:51:54,2017-09-19 00:00:00
ad3653ed7fa95d0e6ed3c9748c66e86e,ff321454b4ea8fda58a0d3a0ab2609cb,delivered,2017-05-29 23:13:05,2017-05-29 23:25:16,2017-05-30 15:59:45,2017-06-02 13:59:54,2017-06-20 00:00:00
76c534dbb4c5ca67809898e7426097b5,eef334d286867001f368d3b4b240f1ba,delivered,2018-05-24 11:47:13,2018-05-24 12:18:57,2018-05-24 14:24:00,2018-05-28 10:45:07,2018-06-11 00:00:00
ee9b8c41892be7b578ef5756d88fcf49,26f48ed86b20e6de057bac58888e633d,delivered,2017-12-30 18:04:46,2018-01-02 17:28:54,2018-01-03 20:06:35,2018-01-08 19:24:22,2018-01-26 00:00:00
4a44bde077699b5d6718fd30e34c0b90,df3efcdc994a1f6f86a732cd76c727f5,delivered,2017-12-20 11:49:28,2017-12-21 02:11:10,2018-01-10 22:34:35,2018-01-23 16:37:59,2018-02-02 00:00:00
0f6c56738e9a7a30c78b735a231d3f56,a0d8ff17d8ccc85262a9f8e059a03b76,delivered,2018-08-12 18:43:51,2018-08-12 18:55:15,2018-08-13 16:55:00,2018-08-16 21:22:49,2018-08-28 00:00:00
a6cb10ee1e2b8d61f857c29323efa291,e8f45b116d71c20ec9731794278cc49a,delivered,2018-06-05 00:38:47,2018-06-05 00:52:29,2018-06-07 13:13:00,2018-06-18 13:28:29,2018-07-05 00:00:00
262bf694d9c87de7844dd80b98fcfef3,cfdff1156078f85a811d067a6d07e80d,delivered,2018-03-08 09:27:31,2018-03-08 09:48:45,2018-03-12 20:32:10,2018-03-15 23:08:32,2018-04-10 00:00:00
dc3f947c4795561fca218d2ae362a4ef,8d1e0ca8d222c0b8f191595745c00b48,delivered,2017-11-13 11:36:48,2017-11-13 11:46:47,2017-11-14 16:18:48,2017-11-27 15:03:33,2017-12-08 00:00:00
9fc1a6e2f46820824fa91641b996bba0,f1a7b446c9611e287e29fe3923f02078,delivered,2017-03-06 15:44:08,2017-03-06 15:55:21,2017-03-07 09:33:26,2017-03-17 09:59:09,2017-03-27 00:00:00
51bfb3720850ad59846938a017083559,a9769808cc9723e87c29f1d4f9e97dfc,delivered,2017-11-28 20:15:31,2017-11-28 20:31:16,2017-12-12 15:33:40,2017-12-19 18:58:41,2017-12-22 00:00:00
7a35319beabf36472c45cc9ba67f0745,ab10abbdb62d2535d3a3e14cb201ff7e,delivered,2017-12-01 23:36:54,2017-12-01 23:55:06,2017-12-04 15:17:01,2017-12-27 19:32:41,2018-01-03 00:00:00
4277d961a6e74ff894d817d0f781c1c2,efab367199893915154d14b191ffee7f,delivered,2018-03-02 14:38:52,2018-03-02 14:55:54,2018-03-05 22:20:40,2018-03-27 21:12:32,2018-03-26 00:00:00
afdf135fa4a03a2b092254ae3c2b3f2d,78bc34eff65dea3b950b3f1e88058657,delivered,2018-01-31 17:45:29,2018-01-31 18:08:10,2018-02-01 20:44:51,2018-02-09 20:58:00,2018-03-01 00:00:00
b3bdfdb5c05381585e97295f78c6ce29,491248a570028acb1d9b59ade2a36d4e,delivered,2017-09-27 17:23:49,2017-09-29 02:14:24,2017-10-03 13:57:56,2017-10-11 23:12:44,2017-10-25 00:00:00
06bcb1eee2b6edb6351525274d3246f3,e5d9ce905a15cd4209143d34b655c8c6,delivered,2018-01-04 10:19:42,2018-01-04 10:29:26,2018-01-05 21:09:45,2018-01-12 13:16:00,2018-01-29 00:00:00
7a8f034a4006e2540a2026e25f9534b1,279bc74323fbd113f3ead45b2887faf6,delivered,2017-06-02 22:57:03,2017-06-03 00:00:06,2017-06-07 14:49:06,2017-06-12 15:13:51,2017-06-27 00:00:00
2067304dd97d2618d28b09e9ce3637d0,bc6063f0f2cde26bee12b9e77cf5b747,delivered,2018-06-10 21:23:13,2018-06-12 04:35:38,2018-06-12 15:31:00,2018-06-21 15:28:40,2018-07-13 00:00:00
256fd7aba8c450a1a97a52b1c9d422bc,98c84d8694eea067223f53975b06d47c,delivered,2018-08-14 16:39:01,2018-08-15 03:15:16,2018-08-15 13:19:00,2018-08-24 18:03:29,2018-08-29 00:00:00
f86f46ee31cc78320b5970d106ed26cc,015e106d9f62b30e48b97bac868b48e6,delivered,2018-06-24 19:21:07,2018-06-24 19:36:21,2018-06-25 17:50:00,2018-06-29 15:19:43,2018-07-18 00:00:00
304d007435759582067e51e9f3c44cc1,345ccfecbdd9036787e7e52aaf2eeed3,delivered,2017-03-12 18:58:04,2017-03-12 18:58:04,2017-03-16 11:32:25,2017-03-21 05:52:22,2017-04-06 00:00:00
00137e170939bba5a3134e2386413108,7b63cba66b8e6d002e94d0990c1e2868,delivered,2017-11-24 16:50:38,2017-11-25 06:30:55,2017-11-28 19:43:52,2017-12-11 19:12:55,2017-12-18 00:00:00
3c55e82098814e81a8a9314b9ebd0be4,72d4944fcf1d48d6098ae39caa4f4bf4,delivered,2018-05-30 19:25:45,2018-05-30 19:50:48,2018-06-04 11:39:00,2018-06-08 23:03:33,2018-06-25 00:00:00
b4c43445398266d7f3b66a23eec3e609,7d47c02d64c21b203491d18deb3fba61,delivered,2018-01-14 18:27:54,2018-01-16 03:34:38,2018-01-17 18:43:02,2018-01-24 11:19:38,2018-02-07 00:00:00
6f45fec2b3df1efa2877044cda7a6143,1207f9024cf3352f0bb86cc319cb2ced,delivered,2018-03-14 11:34:41,2018-03-14 12:08:56,2018-03-15 16:28:22,2018-04-06 23:19:18,2018-04-04 00:00:00
304a864fcbebfc86399b988f1fef0ceb,4a5ea9e588d32ba3a13f2bd37e1ff540,delivered,2017-07-27 22:29:57,2017-07-27 22:45:15,2017-07-31 21:39:35,2017-08-02 21:17:48,2017-08-09 00:00:00
9e409207a4bcdd6d56800cf4e2e85245,8d3dc05925d03b20372a146ac5e621c1,delivered,2017-12-06 16:39:06,2017-12-06 16:52:06,2017-12-08 21:16:53,2017-12-21 12:58:56,2018-01-11 00:00:00
eecc7f527a485f35b359dda66c9b3923,e683be6247dc326956832c534c7465b8,delivered,2018-07-13 10:12:49,2018-07-14 04:35:12,2018-07-17 15:43:00,2018-07-23 23:19:52,2018-08-14 00:00:00
061bf20146d98ef4698d0324dc4392db,f5b2fb69ba5496f0d6ca030ffebb5281,delivered,2018-05-16 14:36:43,2018-05-16 15:17:52,2018-05-17 11:43:00,2018-05-21 13:38:38,2018-06-06 00:00:00
2306bbfcdc1b458444043ff45986b695,18d520eadb0036b50794600bd20dc7df,delivered,2018-03-09 11:37:33,2018-03-10 03:55:36,2018-03-12 17:03:25,2018-03-21 20:58:48,2018-04-02 00:00:00
d36a352334f4e3df2f3ce48893af82fc,9dd46d53f1d993cb9e280aadf7ba62da,delivered,2018-01-13 09:01:52,2018-01-13 09:29:23,2018-01-16 20:15:54,2018-01-24 15:32:43,2018-02-09 00:00:00
697bfc21e6f74cfda0eed559272c2afe,451a982c3efe1146678794420b529d0d,delivered,2018-07-15 22:09:07,2018-07-17 04:31:15,2018-07-18 12:00:00,2018-07-23 19:21:06,2018-07-31 00:00:00
ca593d45479b927a7cd4d0a39d73e545,39fd4cc03757a754e9b64b20a8aef217,delivered,2018-01-26 11:56:52,2018-01-26 12:21:34,2018-01-29 20:58:54,2018-02-09 19:38:49,2018-03-01 00:00:00
90cd8e765a696947ccb0afa686c933fd,09f172135a40bccae4067425f7abe0a0,delivered,2017-08-18 10:41:45,2017-08-19 02:10:35,2017-08-21 21:25:29,2017-08-22 20:55:59,2017-08-31 00:00:00
26d9036f1da95e03bf243637f07f5638,e5c3f816473f39db791ac547d04123bf,delivered,2018-01-17 09:55:20,2018-01-17 10:10:03,2018-01-19 14:35:26,2018-01-22 18:09:49,2018-02-02 00:00:00
e323604c8f7546deb59dee1db160e268,5dd037b7e50e7de06920eae973de87a2,delivered,2017-10-25 11:52:23,2017-10-25 12:07:16,2017-10-26 19:19:53,2017-11-01 19:42:22,2017-11-17 00:00:00
488a68f9907cd07802276d560e7f7a68,0de2b9f7ad57e55cd92ba2d0a9585e49,delivered,2018-07-24 13:44:14,2018-07-26 03:15:22,2018-07-26 10:59:00,2018-08-07 22:41:38,2018-08-13 00:00:00
3ef0650c27761bae1896146d8c4fcb82,6a14af2b3f7f1c51d9e69d5a5171898c,delivered,2017-05-19 18:24:16,2017-05-19 18:45:28,2017-05-22 18:54:56,2017-05-25 14:07:47,2017-06-08 00:00:00
dc7798b2a62765a8e3a26f86c042596d,ab4b8303e74ab12496148fbbe9d20aab,delivered,2018-03-09 12:59:51,2018-03-09 13:10:35,2018-03-13 00:12:11,2018-04-10 19:34:31,2018-04-20 00:00:00
62bb099353a9b4d95e7612ef18f771e1,1c01770539bc4b2310a572df971ffce0,delivered,2017-09-13 20:32:33,2017-09-13 20:44:09,2017-09-15 21:49:51,2017-09-28 17:38:23,2017-10-06 00:00:00
97407e6242ac47d4882d02c8e1e46592,321ce37df9d56baeb8074da8de0b593a,processing,2017-09-14 22:31:36,2017-09-14 22:45:38,,,2017-10-06 00:00:00
9a6a7ea0e1523950885c7b716b1766cc,0af0d84c00114b0c3c81089011657860,delivered,2018-07-03 21:44:43,2018-07-05 16:16:42,2018-07-05 07:25:00,2018-07-10 16:53:48,2018-08-06 00:00:00
5d7d6a724c54a6c3e45794d139f503a6,a44bb60365aab78ba7e9832e5db51cca,delivered,2018-01-10 16:14:59,2018-01-11 16:09:24,2018-01-16 00:35:03,2018-01-29 15:21:59,2018-02-05 00:00:00
c4d7f25ccb1c6a9d798bcce9b814ab02,660e0623f4de30009f70361ecc027b49,delivered,2018-04-12 16:15:24,2018-04-13 12:55:53,2018-04-16 21:34:35,2018-04-30 17:38:42,2018-05-07 00:00:00
2a21642eb927b4754adeffa995f3d648,50228fe7aec9e08be4adc6d57f562ca9,delivered,2017-12-07 16:01:03,2017-12-07 16:11:51,2017-12-08 15:58:59,2018-01-08 18:57:05,2018-01-05 00:00:00
43f1558f9eec3596990432207c65c146,e4d20765e70b7bdc41584e4f7b53b530,delivered,2017-08-28 20:03:11,2017-08-29 04:35:50,2017-08-30 19:42:06,2017-09-08 16:25:57,2017-09-08 00:00:00
b6a2fed48bed96ec6db31f2850896e77,363e4064dfc15766183c22445d40cbf5,delivered,2018-08-16 02:24:08,2018-08-16 02:35:10,2018-08-21 13:14:00,2018-08-29 15:28:33,2018-09-21 00:00:00
148a2bcb04ca38f2580d863dfd36b05f,b3698dc271a3175f13d5c4616e2dc0df,delivered,2017-11-24 13:39:59,2017-11-24 16:16:05,2017-12-01 17:46:43,2017-12-05 16:48:50,2017-12-08 00:00:00
a7c0c5a345bb63d37fc8aafab1f86a4d,2dd14748e5c894ea5994aa40aa4fc77b,delivered,2017-02-18 07:45:01,2017-03-01 10:51:24,2017-03-07 09:46:29,2017-03-16 10:09:22,2017-03-23 00:00:00
55c76b1c3f3d54cae39dbe18b803f84c,94a95c1e41676d22be2da1d03f7d1d3c,delivered,2017-11-10 11:30:17,2017-11-10 11:47:09,2017-11-17 21:58:52,2017-11-28 15:46:15,2017-12-04 00:00:00
dc3a9c70f04d717803fbcad2cbbddea2,3eb68295ff8fa518e9f2fee301c233db,delivered,2018-05-06 23:20:47,2018-05-08 20:31:51,2018-05-10 12:38:00,2018-05-12 20:29:48,2018-05-23 00:00:00
3f4e043996f17e6354c1f004c1ea3fe8,62337198799e0a700ead49e10a3d0629,delivered,2017-05-31 13:50:26,2017-06-01 03:55:25,2017-06-01 13:52:13,2017-06-09 15:04:30,2017-06-29 00:00:00
0a6fa9e79a320b107d846fdf76af5901,b178f069929c1deb7236cea83a93a66e,delivered,2018-01-27 13:49:45,2018-01-27 13:58:27,2018-02-01 19:39:31,2018-02-26 17:23:08,2018-03-06 00:00:00
e67c5e18a6f322301db55af5c4541aff,f25adc5155fc751113575f08abdb181c,delivered,2017-11-16 19:11:57,2017-11-16 19:35:02,2017-11-24 23:32:41,2017-12-26 15:45:45,2017-12-12 00:00:00
329818399e3d2636cd3618c0f52954eb,e74ab8c50389d5366290cf3f62109b11,delivered,2018-06-24 23:09:35,2018-06-24 23:34:08,2018-06-25 12:59:00,2018-06-26 16:08:51,2018-07-05 00:00:00
7875524c18ad033ba2026f160273ce18,1158e1b14f3ebe4c4bf224fbb9485df2,delivered,2018-05-25 08:12:29,2018-05-26 08:19:48,2018-05-30 13:44:00,2018-06-14 18:33:16,2018-07-23 00:00:00
b70a8d75313560b4acf607739560a0e5,42992f7eb57b0f04f5a52cf89112f415,delivered,2018-05-14 12:20:06,2018-05-14 12:40:07,2018-05-14 14:25:00,2018-05-15 12:17:46,2018-05-25 00:00:00
03a0133b4a72f7ca0affd3ecbc9b43f4,ddf3c179813ab0f0034e592d4e19e331,delivered,2018-01-21 16:29:15,2018-01-22 13:53:35,2018-01-23 11:48:43,2018-01-24 16:36:54,2018-02-06 00:00:00
ba6496b71d5ebe3e97f4ba04da5a9bff,95c1b0ba082cac1a452cea81d5c86d3d,delivered,2017-12-24 13:32:38,2017-12-24 13:48:40,2017-12-26 16:13:52,2017-12-28 14:12:59,2018-01-23 00:00:00
77e4c912a2aa08309f489b558a7605ed,e392b77175cd3683d5667399b36940ee,delivered,2018-03-06 16:41:01,2018-03-06 16:56:50,2018-03-07 20:27:54,2018-03-19 21:54:43,2018-03-23 00:00:00
547bbd260d2956c4b7eac06beac85ba4,a049689e9d5cc5519e3bb91f63ea9750,delivered,2017-04-07 16:44:11,2017-04-07 16:55:12,2017-04-11 09:37:49,2017-04-18 15:49:19,2017-05-02 00:00:00
3ad9432597e4e8eefaceb98b147cc00f,4ed35f69c9b81678f7a8b84323fe341b,delivered,2018-02-06 13:41:27,2018-02-06 15:55:34,2018-02-07 18:17:11,2018-02-16 12:59:02,2018-03-02 00:00:00
84b5c6eba57c5e2fa6f5c230362e8221,0b574e7472d0b8de7d99f5dc7d1a0567,delivered,2017-10-23 17:32:32,2017-10-24 03:35:21,2017-10-24 16:48:53,2017-11-01 18:47:50,2017-11-13 00:00:00
867711b4834ce56a43da811777ea6ec4,810097a2f77b7dd3b52032ed9d7d3ca3,delivered,2017-11-01 12:31:39,2017-11-01 13:31:19,2017-11-03 20:43:33,2017-11-10 20:06:46,2017-11-27 00:00:00
82bda23fb0584ed5750d372e9b597e4d,f19abd77aca5aa71058d1969d407b963,delivered,2018-03-01 15:08:04,2018-03-03 03:30:57,2018-03-05 19:13:16,2018-03-23 13:58:45,2018-03-23 00:00:00
1a26633be71803d169cfddfaa40fed21,d2a77ed2ed00384958dee158e179ed9b,delivered,2017-11-03 17:45:48,2017-11-03 18:30:37,2017-11-09 19:41:16,2017-11-20 21:51:39,2017-12-04 00:00:00
46119d4ee7d3833acd9807e510fd9790,f97051844a65072bb405413262229ce6,delivered,2017-09-26 00:32:16,2017-09-28 02:56:55,2017-09-28 13:18:00,2017-10-03 17:22:36,2017-10-24 00:00:00
580ae081b21388e953adf8add5a26b3b,ada58a0547c1f85ee8a59b25331c7016,delivered,2017-08-30 17:51:30,2017-08-30 18:07:58,2017-08-31 21:15:56,2017-09-06 18:07:59,2017-09-22 00:00:00
f8cda48c65da1c85ccd132545de55a79,f02fbdaccecf51ec4e034d50768dc74c,delivered,2017-02-05 17:06:00,2017-02-05 17:15:17,2017-02-07 14:41:43,2017-02-16 08:34:54,2017-03-03 00:00:00
4af8b47be33c785fcc931ff77ba23ae3,0deb774b69e542a71ef7dca0d4f3d050,delivered,2018-08-25 17:11:57,2018-08-28 04:10:19,2018-08-28 13:15:00,2018-08-30 16:22:50,2018-09-25 00:00:00
f0654e0a53d2856f440bf6c3d7544172,5165c38d7d20178e3fbc5cbef1961cf7,delivered,2018-06-05 00:43:11,2018-06-05 01:10:20,2018-06-05 13:21:00,2018-06-21 17:42:28,2018-07-17 00:00:00
6635dbf3ae34165800e11b16e937322b,ccf83513ca9850bd456ddcf6ac3bc643,delivered,2018-04-28 05:58:22,2018-04-28 06:13:14,2018-05-04 11:58:00,2018-05-08 17:43:50,2018-05-17 00:00:00
57490284e3524fb4b1c4112fa966cbde,1badfbfeee64a427f1e3fcd009ddcee0,delivered,2018-06-19 23:20:37,2018-06-21 03:38:42,2018-06-21 13:40:00,2018-07-10 22:02:23,2018-07-18 00:00:00
1fb38614cb0ed2677ca1e558acc114e5,a8a1e913ee71a1b8dffb5fb431d3e2b8,delivered,2018-06-15 21:29:18,2018-06-15 22:00:06,2018-06-20 14:01:00,2018-06-25 19:52:02,2018-07-13 00:00:00
c41d21819a5e971c0402f04c9c747eae,a2c9a4aae3b2c75dfb89679071ae92a7,delivered,2018-03-31 12:09:05,2018-03-31 12:50:17,2018-04-03 23:46:51,2018-04-05 17:46:33,2018-04-12 00:00:00
08f77a9d173ce275845e91e81500838c,d06f29dd67e263d2bc2e00c2cac53025,delivered,2018-07-02 12:05:51,2018-07-02 12:15:11,2018-07-04 07:53:00,2018-07-05 13:38:48,2018-07-19 00:00:00
bb102364b6a29f9f8683f21e5825595a,229d046873d7452a773c42e0f35916f9,delivered,2018-01-18 10:20:43,2018-01-18 10:31:31,2018-01-19 22:28:38,2018-01-23 15:07:12,2018-02-02 00:00:00
483b5f97bce04a756b79be80fa294a95,1add7aecea2a636b86f6c2dfdc40dcf9,delivered,2017-11-13 14:54:36,2017-11-13 15:10:41,2017-11-16 20:43:40,2017-11-22 14:27:41,2017-12-07 00:00:00
1239f035249fa809357e51c540bde219,a4e70ceeebcc284016970ba720060792,delivered,2018-03-21 17:23:01,2018-03-21 21:08:46,2018-03-22 20:02:51,2018-03-28 20:24:49,2018-04-10 00:00:00
c4f7d1763350c3f18548294c4beced5c,af5c992666616ec17a25e14834d3e1e6,delivered,2018-07-03 10:46:01,2018-07-05 16:40:34,2018-07-04 07:50:00,2018-07-09 14:48:45,2018-07-30 00:00:00
9c9b9122cad8803b5a5373345e256d99,315d5bd7eec944dc993cf112641f9a1c,delivered,2018-04-02 06:54:43,2018-04-02 07:09:20,2018-04-03 20:51:38,2018-04-21 14:51:21,2018-04-27 00:00:00
c343d83ab82945c95a47834bae35be64,88ab67420fcf1508f65898bcd20e8582,delivered,2018-04-02 21:11:35,2018-04-02 23:08:06,2018-04-03 21:22:17,2018-04-04 22:44:51,2018-04-26 00:00:00
0dbfda5b69f9f25250969962f70929e9,36e0f840035e7f9bacad69b27b953a02,delivered,2017-01-16 00:05:37,2017-01-16 17:31:48,2017-01-19 07:41:28,2017-01-27 17:04:28,2017-02-24 00:00:00
e6204c89373bd96c022b142ac2ff1f27,eaec9bc36a311d793df761fba3ac1964,delivered,2018-02-26 21:49:07,2018-02-26 22:08:41,2018-02-27 20:34:13,2018-03-08 19:21:35,2018-03-23 00:00:00
c20364e03cd232810a496d07ef593e3b,1f4cf3a0ed802a084f89a2cefb3fa8b0,delivered,2018-08-01 20:07:04,2018-08-01 20:23:59,2018-08-07 14:14:00,2018-08-10 22:17:54,2018-08-17 00:00:00
faf8afba6bb93c51fb7b297d2d3b3d88,76803832b0aedeb887f1748668a56312,delivered,2018-05-15 08:32:08,2018-05-15 08:53:01,2018-05-15 12:17:00,2018-05-18 21:26:53,2018-06-01 00:00:00
e80b7d9d6ca2b46da0d5abe9c1d47548,45e3f9d574b70d26719ba4fa0988f07b,delivered,2018-06-03 11:42:01,2018-06-03 11:55:12,2018-06-04 14:37:00,2018-06-07 13:28:41,2018-06-29 00:00:00
2c873905af0c5322bd6977727e79d8e2,cefd39a6ff2581a671f4ece797bc6229,delivered,2017-05-11 08:05:02,2017-05-11 08:15:12,2017-05-12 08:33:13,2017-06-07 13:30:14,2017-06-06 00:00:00
f66a94f109a641a3c2a7e7aa4b3269f9,07201c202bd91a87b12e55216d2dee38,delivered,2018-01-04 12:33:44,2018-01-04 12:48:43,2018-01-08 20:56:29,2018-01-10 19:10:56,2018-01-22 00:00:00
168a50979a16bb744fe45d11356ebedc,37c8cc130d4a1b512227d8c2deab5e59,delivered,2018-02-16 18:10:17,2018-02-16 18:26:59,2018-02-19 20:26:47,2018-02-23 19:19:27,2018-03-15 00:00:00
c208742c454c4a949a6126eade1d2ef0,77ffb9a3ea5446ccfa121c32a4692029,delivered,2018-04-18 21:17:15,2018-04-19 08:30:06,2018-04-20 21:32:06,2018-04-26 21:12:31,2018-05-08 00:00:00
77ede8447b20111ac7804d1f88bdf5ae,15e7ed68c86d784a6295c7b6a94673e9,delivered,2018-04-17 14:16:02,2018-04-17 14:30:46,2018-04-18 18:10:53,2018-04-24 16:42:09,2018-05-14 00:00:00
135522b6d0ac3390e1386b74d48f957c,c3839d9589cbbc58a439cab5ddf7630d,delivered,2018-07-15 12:57:20,2018-07-15 13:10:09,2018-07-16 15:32:00,2018-07-25 16:26:51,2018-08-03 00:00:00
0bc22eca7935c1cba82382e57d3e5ce6,e240eff137fb7e448e220313021b903a,delivered,2017-04-28 13:05:27,2017-04-28 13:15:26,2017-05-02 16:13:46,2017-05-08 09:32:30,2017-05-24 00:00:00
753ea01a5062671540a89514bd6b554a,f19491cb3a8be9c839adf9b302da4076,delivered,2017-10-31 17:29:05,2017-11-01 03:26:15,2017-11-01 20:03:57,2017-11-07 18:38:59,2017-11-16 00:00:00
0ec03e8e9359fb3a1b56c45a5710648b,afa0b60897b9b06ecfae2d8ab69f49cb,delivered,2018-03-07 11:32:14,2018-03-07 11:50:40,2018-03-08 18:49:46,2018-03-26 18:46:56,2018-03-26 00:00:00
01b6bbf0a9ac5d54dfebb11ddcd8fa8e,9318f7b29e978d7964af2bea8aecf18b,delivered,2017-06-25 22:18:02,2017-06-25 22:30:14,2017-06-27 12:57:41,2017-07-01 10:33:42,2017-07-14 00:00:00
93843243cdd92e9fdfd9a1eb7429ddf1,59b9edf2b330ded2efc5d1112b45a660,delivered,2018-01-03 17:29:21,2018-01-03 17:46:53,2018-01-08 19:18:59,2018-01-12 10:32:59,2018-01-30 00:00:00
a53de12ebca1001d93689014bbee020c,ae8ab5de162deb29aef7372793bc798c,delivered,2017-10-12 21:34:16,2017-10-12 21:49:26,2017-10-18 22:47:47,2017-10-20 17:28:52,2017-10-31 00:00:00
32ee7f6a6c903af7e78ba4484169b74e,971ba59e6ace4c658faf50668b72c5f5,delivered,2017-09-19 14:54:52,2017-09-19 15:10:21,2017-09-21 18:53:04,2017-09-27 15:08:23,2017-10-06 00:00:00
97530dcd3262fcc0ee8a111879549881,fae68eb7180ab4c7aa42beb76f39aa80,delivered,2018-03-24 14:41:51,2018-03-27 04:08:11,2018-03-28 00:12:25,2018-03-29 17:38:34,2018-04-12 00:00:00
c77ede410bfde247ebf9220aea6ca49a,83203e5e083ec21517f51040864527dc,delivered,2018-05-16 00:05:40,2018-05-16 00:33:50,2018-05-18 17:17:00,2018-05-23 21:58:26,2018-06-04 00:00:00
ca3a52cf84c312258ff4913f1fe15f1e,9d175d3eb028df5615147d3c83a107ca,delivered,2017-05-12 13:13:51,2017-05-13 03:10:19,2017-05-15 10:15:39,2017-05-25 17:41:52,2017-06-07 00:00:00
fe721d76e7a56091b5aa323f9634719f,9b286a206b98550646590b606d60a458,delivered,2017-09-26 18:06:57,2017-09-26 18:26:03,2017-09-27 18:08:17,2017-10-05 11:52:04,2017-10-24 00:00:00
91bf2a67e8d316444406c19cf587914a,1e4943bca6e827e979f0bf51fcbc2853,delivered,2017-12-05 17:39:58,2017-12-05 18:30:43,2018-01-04 11:49:13,2018-01-16 20:25:18,2018-01-04 00:00:00
974da4d4968e7a6e5751745b368f3afa,149004735ff052f067f70ce31aca8498,delivered,2018-01-20 10:09:41,2018-01-20 10:19:11,2018-01-22 22:29:41,2018-01-24 17:10:28,2018-02-06 00:00:00
c9763e5c394f0237606e30f914889ee4,e9291fbc96a7353b36705f512ffd6b14,delivered,2018-02-11 14:49:01,2018-02-11 15:08:10,2018-02-14 20:18:53,2018-03-02 01:38:35,2018-03-07 00:00:00
e0f4a0e2b66ad7eaec3985e1d75783c7,1a4c4062325be87e41a32061714ea625,delivered,2018-01-13 20:48:54,2018-01-13 20:57:27,2018-01-18 15:37:42,2018-02-05 22:36:41,2018-02-15 00:00:00
bbd1b9ebbc5a09d51caaa2d10e0f93b5,3068255d75f415c21b115399dc51f7ea,delivered,2017-11-22 19:01:04,2017-11-24 19:12:30,2017-11-28 16:48:37,2017-12-27 17:58:53,2017-12-13 00:00:00
3e63e45cdcc3ef1367a5d9cc33bd5545,22cf5bb1e50e6c05666842be4b83b583,delivered,2018-05-07 10:17:54,2018-05-07 17:30:12,2018-05-08 15:07:00,2018-05-16 23:54:47,2018-06-01 00:00:00
a2205579c150e20d06f7eb3755b475ad,bd214f7e752897a34af81f2a755df387,delivered,2017-10-25 18:46:35,2017-10-25 19:07:03,2017-10-30 20:29:36,2017-11-08 00:35:45,2017-11-21 00:00:00
b8d5cd6eb84d7b61c5c77ac4cb0b90b4,dbf97c157f82439aa4e22e65e10ae811,delivered,2017-10-02 11:37:10,2017-10-02 11:49:25,2017-10-05 21:33:57,2017-10-19 21:43:55,2017-11-06 00:00:00
8a4f668d18e00326332e33d4153bc464,c0b08b832c876d08e8f34ccefe5c84dc,delivered,2017-09-28 21:44:11,2017-09-28 21:56:15,2017-09-29 16:48:04,2017-10-03 19:07:52,2017-11-06 00:00:00
8864fa647f9775d125c8a17ec0e33789,5f826ac16360ac7e4a5ca1c43e37950d,delivered,2018-04-13 16:58:34,2018-04-13 17:15:15,2018-04-17 19:12:30,2018-04-30 21:59:04,2018-05-11 00:00:00
ee65c3f0ce51f3d58b772cbc2e662e66,f314ce5a7cf4b04c52c47d013cc2fbee,delivered,2017-05-25 19:46:21,2017-05-25 19:55:20,2017-05-26 09:58:27,2017-05-29 05:44:51,2017-06-12 00:00:00
4f73244a226bb31dd99853458f70c537,7dc3c91fa2bd2415f1b73543020adaa0,delivered,2017-07-10 16:47:10,2017-07-10 17:03:37,2017-07-21 14:32:08,2017-07-26 00:10:03,2017-08-04 00:00:00
75f689c38282dd59efedf0e5b2e130ee,d9cb5362ceac64faee7d4ccbe948f925,delivered,2018-06-11 22:30:45,2018-06-13 02:37:05,2018-06-15 05:37:00,2018-06-19 19:56:26,2018-07-03 00:00:00
6142683d7783f0d3661b6a652ef0c5c6,b267fb1c501374f26f3af1022ec98b09,delivered,2017-07-19 14:31:53,2017-07-21 02:50:29,2017-07-24 10:14:52,2017-07-28 16:37:54,2017-08-14 00:00:00
b7bc985b499023bd3e281a1779ba0bf5,662e7e9bd13e776f38e16926bbd3a448,delivered,2017-12-10 09:29:51,2017-12-10 09:50:41,2017-12-19 17:23:16,2017-12-21 19:37:45,2018-01-04 00:00:00
9b179e9d4b2064077ae928338202a4df,81a315648c210ed8d08450ba7e830139,delivered,2018-04-10 11:35:43,2018-04-10 11:50:14,2018-04-10 23:25:35,2018-04-13 16:42:25,2018-05-07 00:00:00
076d0f6917a8b9325bd7de62ef6c8c73,593284b430f85ce2c670f5aa67bd5464,delivered,2018-08-23 14:33:11,2018-08-23 14:46:43,2018-08-27 16:06:00,2018-08-30 18:16:50,2018-09-04 00:00:00
12fa2b4d0dc38dafe97281075be6f5e7,618021b3be169bfebcf9604979358f8a,delivered,2018-06-01 10:59:19,2018-06-01 11:12:28,2018-06-04 13:54:00,2018-06-06 00:48:48,2018-06-26 00:00:00
752b45c0651b32a09e039fa03504d3f0,d8871d08dca6ac10858514ecfdce4602,delivered,2017-08-10 12:47:45,2017-08-10 13:03:41,2017-08-11 18:52:12,2017-08-15 20:19:52,2017-08-30 00:00:00
3f1c4123df68ed12bf22445ce4eedb40,69b68a1c34305f2efcaf4d2e202f68e3,delivered,2017-05-27 13:26:02,2017-05-27 13:42:17,2017-05-29 08:21:39,2017-06-06 14:33:39,2017-07-03 00:00:00
acefb31e50365f8edd33fb504ecf1f87,fab89efecdaf378d61a22fe0bf32c8fc,delivered,2017-06-12 13:39:28,2017-06-14 02:31:24,2017-06-14 17:14:49,2017-06-22 15:48:02,2017-07-05 00:00:00
bf44408de1d05eef70fb026ba64a90ea,96054b94409f7712eeffe8edfa6959a6,delivered,2017-01-06 21:30:38,2017-01-10 03:10:35,2017-01-10 11:53:06,2017-01-12 09:43:56,2017-02-14 00:00:00
95eeebdd8bb3067104f4e673d2d5ea73,d28c1763c1a27adf9ade614296a59e3e,delivered,2018-01-06 18:04:35,2018-01-06 18:12:19,2018-01-17 19:46:42,2018-01-25 17:25:06,2018-02-09 00:00:00
825ace52d27a25d68c72bcbdd7c66aa0,3dace48db3ce6191180426da0fd94318,delivered,2017-06-22 16:23:02,2017-06-22 16:35:20,2017-06-23 12:46:44,2017-06-30 12:03:25,2017-07-14 00:00:00
f10e24c61a6f5a05a00ffc06c213b51e,7dde3f61b0d6ee9bdc693d33c0f421c2,delivered,2018-08-12 17:14:22,2018-08-12 17:25:12,2018-08-13 15:21:00,2018-08-14 17:51:26,2018-08-30 00:00:00
9be3bd4137c70d60cecf190a92fb9808,fd67eed80a407f0fbc1dfc6cf87d347c,delivered,2018-05-11 07:33:07,2018-05-11 07:50:28,2018-05-19 07:53:00,2018-06-16 17:57:42,2018-06-04 00:00:00
9358fba680f53876f817a00afdb320d7,7866a7e193350ce36b72ffe9ad407bc7,delivered,2018-06-14 07:54:37,2018-06-15 08:00:20,2018-06-15 14:20:00,2018-06-27 18:32:01,2018-07-11 00:00:00
73651881d63f2630709963bab45d7525,229880d0a2d7a69ecce180bdec6f5781,delivered,2018-08-20 20:51:45,2018-08-20 21:09:44,2018-08-22 08:17:00,2018-08-24 17:06:29,2018-08-27 00:00:00
b168316aac3ca36c5087b0e250c9008f,a236350247b2d5e2ae7daf4259b225d1,delivered,2018-01-30 11:45:50,2018-01-31 13:32:22,2018-02-05 14:44:21,2018-02-22 17:52:29,2018-02-26 00:00:00
e4b7be2ee017ee255fb5c03eab0cc09b,5cabdd55383ef66f362b0c0f20aef2af,delivered,2017-04-04 15:17:28,2017-04-04 16:22:52,2017-04-06 06:36:58,2017-04-12 13:04:09,2017-05-16 00:00:00
b8c6df4a73d185bc84d6517d5e0577fc,45c85530e9c2aa38d1032295ab5b43a7,delivered,2018-05-30 11:44:02,2018-05-30 11:55:19,2018-06-12 11:18:00,2018-06-13 15:32:13,2018-07-20 00:00:00
4495f1b55b727a6ca639505afc688e17,074ad9ea19af3d0d1156840b671e35c4,delivered,2018-02-25 18:52:13,2018-02-25 19:07:29,2018-02-26 20:06:06,2018-03-20 19:48:30,2018-03-21 00:00:00
659e026a4d727a811b08851934d6e5ff,ab099d9d527a7a16ae653834df241d37,delivered,2017-06-01 17:56:35,2017-06-01 19:02:54,2017-06-02 16:03:29,2017-06-06 16:57:55,2017-06-22 00:00:00
6728a6a592a63817d0ac211044efa702,4586e941d9fd586d0750c6af7c77b008,delivered,2018-08-03 08:44:43,2018-08-03 09:04:01,2018-08-13 10:25:00,2018-08-25 11:38:31,2018-08-28 00:00:00
532e86bbf696dbc694509cff71c18c33,3ebc5d459b851a4de9c3f46efd5ee469,delivered,2017-09-10 21:12:43,2017-09-12 04:45:39,2017-09-12 16:37:14,2017-09-14 22:16:45,2017-09-21 00:00:00
ff0c21ce499842601e2ad5f73dbfb9ec,ef2cb8c0097ad334d5ee2bc8201e7d61,delivered,2018-08-13 11:08:07,2018-08-13 11:24:22,2018-08-14 14:12:00,2018-08-20 17:55:56,2018-08-29 00:00:00
a6cbdf5ace75b2a9e73a68a9a478060e,33fecdb758ed5ea2baaac2960295590c,delivered,2018-07-16 12:24:32,2018-07-17 04:20:57,2018-07-17 13:38:00,2018-07-23 22:32:53,2018-07-30 00:00:00
7b306fea5598d209ab36b3ef31916343,1be66b08ee372788f7b96120ec747387,delivered,2017-02-14 15:44:22,2017-02-14 15:55:36,2017-02-15 15:43:38,2017-02-23 13:04:02,2017-03-23 00:00:00
695a0091620b9e01ecc38829ad3e71f8,3e8dcff7fc6b8d9c51af4551fd4af25c,delivered,2017-11-24 14:22:03,2017-11-24 16:32:57,2017-11-27 21:42:44,2017-12-12 22:14:26,2017-12-20 00:00:00
2b29ddaabb47afeacb5daa2c68670baa,30723c815d1d366a4c0fb9c59762f8b8,delivered,2017-12-14 19:54:27,2017-12-14 20:17:45,2017-12-18 16:21:26,2018-01-03 19:26:54,2018-01-12 00:00:00
271f82426d342c73660a814040d97625,9962be6bebba3e1633e311a6a0e6a31c,delivered,2018-04-16 22:39:08,2018-04-16 22:50:25,2018-04-18 01:28:29,2018-04-24 16:22:05,2018-05-09 00:00:00
521e93507df5620aaee015ba441ec756,0b2bbe8811e7f1cb2b3e25c95d276116,delivered,2017-09-09 18:40:40,2017-09-09 18:55:08,2017-09-12 15:45:59,2017-09-18 21:49:00,2017-10-03 00:00:00
e6bca34c4a814a0f20073eab640e826a,e97d4413f97154d6553a3edadc988a33,delivered,2018-04-02 21:47:15,2018-04-02 22:09:37,2018-04-03 21:48:52,2018-04-15 15:19:38,2018-04-18 00:00:00
4387477eec4b3c89b39f3f454940d059,dbbbdb6ab9a7d8e3fc39a907f456bf19,delivered,2018-08-09 20:45:10,2018-08-20 15:56:29,2018-08-14 12:35:00,2018-08-15 14:56:43,2018-08-14 00:00:00
cbb54b440099b6c4994d1109f3968b97,0532c16fb3717ba27a99fd5492710144,delivered,2018-06-19 00:16:16,2018-06-19 00:38:06,2018-06-19 10:53:00,2018-06-21 13:04:08,2018-06-29 00:00:00
54a51314febd38a9bfb89a9f49006289,21239b911af74450df7b0ce5b78b39d9,delivered,2018-08-01 10:17:39,2018-08-01 10:44:27,2018-08-01 10:51:00,2018-08-09 14:26:45,2018-09-03 00:00:00
9df520859ce9b45d0374814efd12f9fd,588d90ff683d3e9427d33aad3ca8ef82,delivered,2017-07-04 22:08:48,2017-07-05 17:43:50,2017-07-06 13:47:06,2017-07-12 19:37:42,2017-07-24 00:00:00
76d449452dff60240f1b694b46d44bdb,a0d04172fee3a312adaf26497431a2ed,delivered,2017-03-19 01:23:29,2017-03-19 01:23:29,2017-03-20 14:23:04,2017-03-23 17:24:47,2017-04-06 00:00:00
4edad09fd434060fc566a802260c544a,44e28727116b6aaf62a51b276aba9247,delivered,2017-12-21 14:43:56,2017-12-22 02:51:16,2017-12-22 23:16:57,2018-01-08 15:25:16,2018-01-16 00:00:00
122a6d89b8a3ee8fe039b6990c1dc226,5ac12bb0d6166ac492936e53c84ae0ed,delivered,2017-11-05 21:14:39,2017-11-07 07:30:33,2017-11-13 15:17:51,2017-11-24 20:59:42,2017-12-05 00:00:00
73463e8be682583840e9245a6ff6e689,0fb4060ba65609d90215e18d888a1427,delivered,2017-04-16 18:15:04,2017-04-18 04:05:26,2017-04-25 17:19:04,2017-05-05 11:05:05,2017-05-12 00:00:00
b2b896edca19480850fe442818d0b666,728d248d4df3497dd84e112fcf70b2e9,delivered,2017-05-17 23:17:29,2017-05-18 02:26:01,2017-05-18 15:53:29,2017-05-24 12:37:14,2017-06-21 00:00:00
b9555bd71c90a01a953792e5f2af95c5,67dfa1fb67ad51921e5a537ba98c729f,delivered,2017-03-30 19:48:12,2017-04-07 10:35:25,2017-04-11 12:17:29,2017-04-27 11:39:35,2017-04-24 00:00:00
638a96eb38b5a57ca8cd099c1964842d,fbd19defce4fbdfea33cc71a9a1b8a38,delivered,2017-04-02 17:06:51,2017-04-04 05:50:25,2017-04-06 11:22:47,2017-04-18 12:44:38,2017-04-28 00:00:00
352efae32a170aed9747e4c117ea2fa1,e9ac32f096f96b80e968b3f753ac9b7e,delivered,2018-03-06 01:53:50,2018-03-06 03:20:23,2018-03-07 22:53:21,2018-03-12 22:11:46,2018-03-22 00:00:00
f88aac7ebccb37f19725a075331ade3e,b50a0774cd941fa6d114ea6f8ab0f7e0,shipped,2017-12-09 10:16:45,2017-12-09 12:51:00,2017-12-18 17:43:38,,2018-01-29 00:00:00
9fbda7367628952bc36c3512c46d887b,c4e670e1b3eddf57cd698f323332ba6c,delivered,2018-06-22 13:33:54,2018-06-23 01:40:38,2018-06-25 13:15:00,2018-06-30 15:28:42,2018-07-31 00:00:00
e398683c47bda1cf86be8772a50b4579,edfdb3188ce423370b16e13803442935,delivered,2017-11-24 00:35:38,2017-11-24 01:10:06,2017-11-28 19:29:04,2017-12-14 22:22:48,2017-12-08 00:00:00
031494323fa558eee8dd1bd06fc34713,13cf269afee757997898d939075f59ce,delivered,2017-11-26 15:44:00,2017-11-26 15:55:02,2017-11-28 20:41:31,2017-12-22 20:49:04,2017-12-21 00:00:00
9fd3d5bb20296499ef3fbcaa4db31c39,77c2f46cf580f4874c9a5751c2d88474,delivered,2018-02-16 18:31:12,2018-02-16 18:50:25,2018-02-21 00:58:44,2018-04-03 23:50:57,2018-03-20 00:00:00
30d7ab7638f1f3420e09474f704fe784,05ce0877a2e5b2962c27bb5ebe62caad,delivered,2017-08-22 12:49:28,2017-08-22 13:07:25,2017-08-31 14:18:05,2017-09-06 16:27:02,2017-09-18 00:00:00
2e38d7f14f8375c85810037fe8a766d6,6cc1f451fe942a13aec5fb3487b8ad1a,delivered,2018-05-01 15:07:40,2018-05-01 15:35:04,2018-05-03 18:59:00,2018-05-04 13:32:10,2018-05-18 00:00:00
cfcbcb27c542019ab41214587ea424ff,3ed3f75a928d331d57188f13690451de,delivered,2018-05-21 20:26:05,2018-05-21 22:33:23,2018-05-22 13:55:00,2018-06-07 20:10:52,2018-06-13 00:00:00
0ee3384432be1cfa2a044251ca3ea3a4,fb92827a7e6393879861a8d328a43d3a,delivered,2018-03-11 16:26:09,2018-03-11 16:35:25,2018-03-13 11:34:34,2018-03-19 21:18:26,2018-04-03 00:00:00
2b26d4ec0d12960a923e757112cf1f29,bbcd55899d6abacfac4f0421ec76d574,delivered,2017-05-29 14:21:28,2017-05-29 14:30:26,2017-05-30 08:34:04,2017-06-14 16:12:04,2017-07-03 00:00:00
20e0bf03acd50798a06ce8a2d8ff65e5,e8122329558a42bd29d84ed6432cefe4,delivered,2018-05-08 16:24:20,2018-05-08 17:11:49,2018-05-09 15:45:00,2018-05-14 17:58:43,2018-06-04 00:00:00
9146e206bcd61ac9fb10f3a26336a7ec,defa9b41656fc8b4cb457e88cf9de970,delivered,2018-02-15 14:09:43,2018-02-15 14:27:08,2018-02-19 17:47:19,2018-03-12 16:41:47,2018-03-16 00:00:00
ef5d47c9d6d0ee9bff4c67fdf4c8356c,54a636900ab95a176a1c2d46290608e4,delivered,2017-03-29 20:01:55,2017-03-30 10:22:35,2017-03-31 11:37:26,2017-04-15 07:05:27,2017-04-20 00:00:00
0bf50993f89a58468cac45f3ef587c96,c181a7a0b04796669dea155c0f1db42c,delivered,2018-08-13 23:42:13,2018-08-13 23:55:14,2018-08-14 14:05:00,2018-08-16 22:16:28,2018-08-20 00:00:00
7cd0da49ecd223041fb8f6f8de488314,11f8f6f30c61766f7ce9b90b023b0ad1,delivered,2017-09-27 00:07:04,2017-09-27 00:49:48,2017-09-27 19:52:16,2017-10-06 15:03:43,2017-10-24 00:00:00
349d896b203bc2e9da0f54cdf74f4d34,85e12d36f8e6db2d2688cc039b4dc9d7,delivered,2017-11-17 21:52:37,2017-11-22 02:48:30,2017-11-22 15:06:28,2017-12-08 17:55:02,2017-12-11 00:00:00
73a516c7297dcd6a809778fd0cb8bdd4,eaaa741bf68ccd58d686370d01a88ec1,delivered,2018-08-02 13:09:13,2018-08-02 14:00:06,2018-08-03 14:03:00,2018-08-06 14:54:25,2018-08-07 00:00:00
9e3796f27dbab73279e5ae222182f918,e21c2858333e97c0e5295f10dca326cf,delivered,2017-09-12 19:20:47,2017-09-12 19:30:32,2017-09-13 20:49:06,2017-09-14 18:33:42,2017-09-22 00:00:00
ac7431b880a4ca43d70096a6dfa49071,9ef41f3330353f05ce6354673a4bd045,canceled,2017-06-15 22:25:11,2017-06-17 03:26:40,,,2017-07-10 00:00:00
adff485b76b194780db2e4ad4c5eb9b2,9dcad673a1806e27ee372631f697b1c6,delivered,2017-03-13 19:41:54,2017-03-13 19:41:54,2017-03-14 13:45:14,2017-03-17 06:47:14,2017-04-12 00:00:00
3df3e2f4fbd2392902fe60e7a5819a2a,7d76cd344587475194155e6f1479b00a,delivered,2017-11-20 17:11:50,2017-11-20 17:26:55,2017-11-22 19:04:43,2017-11-28 18:19:00,2017-12-14 00:00:00
46b5ee58f02c3f33a7bf816bfc5da13c,818152a30285089f1b46dc548a601c71,delivered,2018-02-27 08:23:31,2018-02-27 08:35:27,2018-03-01 00:52:13,2018-03-10 00:27:44,2018-03-19 00:00:00
218420c55032b9db817c110f06b85fde,1736819d6eaaf025234364660469b714,delivered,2018-07-21 18:15:17,2018-07-21 18:25:10,2018-07-25 12:35:00,2018-07-30 19:42:37,2018-08-08 00:00:00
71284044cb3bff0706dff7234e8c4e89,df1b515be145fa461aed3789ebc101d9,delivered,2018-06-18 14:17:06,2018-06-18 14:35:59,2018-06-19 15:25:00,2018-06-22 22:13:38,2018-07-17 00:00:00
6ea71515224447ac719ce8df5da2037d,3328102dd0972c652faed4a0958ff7c8,delivered,2017-07-21 15:23:58,2017-07-21 16:03:17,2017-07-24 15:32:48,2017-07-31 22:44:27,2017-08-15 00:00:00
2f500903a054ee203b97b3df0bb6e4fe,f003f5ca3e4902a9d8d5f42792cff857,delivered,2018-02-08 19:48:05,2018-02-08 20:08:40,2018-02-16 17:28:50,2018-02-24 00:42:15,2018-03-16 00:00:00
4964b712511de5c351d07b12d57e5cc7,bbd5d813124f5a0eb2103ce1624a24d2,delivered,2018-05-11 13:09:46,2018-05-15 03:55:59,2018-05-15 16:22:00,2018-05-24 03:16:49,2018-06-06 00:00:00
274c63b06327262e50b1798060d9dea9,0e6d60787086ed1ea9f8b96bda67da49,delivered,2017-05-04 13:48:12,2017-05-04 14:02:42,2017-05-05 10:36:43,2017-05-11 10:00:10,2017-05-29 00:00:00
fe5b3ffa54be85dd8cb2ad61db914ef5,2d95ed08f50028787ce6807bb7d32462,delivered,2017-12-04 17:08:27,2017-12-04 18:30:33,2017-12-06 17:39:22,2017-12-07 15:56:43,2017-12-20 00:00:00
7ecfe10bb4477fa530dbbcca49916468,779d21ed2ce4df992fb2e25d394dacf3,delivered,2018-04-14 13:14:55,2018-04-14 13:31:28,2018-04-16 18:38:51,2018-04-19 23:51:17,2018-05-09 00:00:00
8796f3e2ab6a3baee74225a78c550c0a,69c60496cf5ee5f5a98b071c662b35c3,delivered,2018-03-13 12:44:35,2018-03-15 03:10:34,2018-03-23 20:51:42,2018-04-06 20:52:04,2018-04-13 00:00:00
1bfb270ca4a727aa929151dd9c9bd955,b2f8ddb4fb8d488931324ce3f04683f0,delivered,2018-03-04 19:54:26,2018-03-04 20:09:36,2018-03-10 17:21:55,2018-03-27 18:51:27,2018-03-26 00:00:00
b88455b884427d90b588f3f4759543f3,9292ee8ec45ce1b31513bffda62254c3,delivered,2018-01-24 20:25:18,2018-01-24 20:37:39,2018-01-26 18:32:27,2018-02-05 20:32:23,2018-02-22 00:00:00
d3306065dcae86789838a31302b6c00e,ca318c3489c9a3db747beb864cc90909,delivered,2017-12-26 10:01:54,2017-12-26 10:13:27,2017-12-26 21:19:01,2018-01-13 01:29:30,2018-01-26 00:00:00
6f212d8f8e884c0d442456e3e0ad1e8d,1709a272f6e3e3df4d66a7ce04df27ef,delivered,2017-04-19 15:46:27,2017-04-19 16:22:24,2017-04-20 09:54:49,2017-05-08 09:04:51,2017-05-17 00:00:00
5618163d0f03dc885bbdbf56c08fcc99,3de2a6ffb08e4d86685711d7dd41a0fa,shipped,2017-07-06 19:01:48,2017-07-06 19:15:18,2017-07-07 19:23:52,,2017-08-09 00:00:00
174a7e09ba51eac7b816bf33d20dfe21,2a0fdf25de2d2485bcc958576f5d48ea,delivered,2018-04-20 17:23:30,2018-04-24 19:17:21,2018-04-24 00:26:42,2018-05-11 19:48:53,2018-05-18 00:00:00
19421ea168a928851f0b465bfbcea60d,d55f7f8407616bc05b915b7a6561177f,delivered,2017-03-07 21:47:13,2017-03-07 21:55:27,2017-03-13 09:31:25,2017-03-17 13:59:48,2017-04-04 00:00:00
96a35cb03c27e713024403b81eface30,d9835e397f7812d5257f6033b9ceba0e,delivered,2018-05-02 16:48:28,2018-05-02 17:38:08,2018-05-03 11:49:00,2018-05-07 21:07:34,2018-05-17 00:00:00
6bf136259829d50a608304ba02fb14b3,c3c2b87ca996a282ff709c92cbed3421,delivered,2018-01-11 13:24:49,2018-01-11 13:33:40,2018-01-11 20:18:04,2018-01-18 20:53:14,2018-02-07 00:00:00
21508e950b0edd39774e72dadfd809b1,182d9222fb34c94a733d670e57ca38c9,delivered,2017-04-02 15:39:22,2017-04-04 06:02:22,2017-04-13 18:47:36,2017-04-20 07:24:58,2017-05-10 00:00:00
725bde8878fcc8a1baf2c8ceef40d726,534646ab06f9d619ef46089bbcd39c67,delivered,2018-02-26 11:18:22,2018-02-26 11:35:25,2018-02-28 19:13:25,2018-03-02 21:51:59,2018-03-12 00:00:00
56a91c78a7764f270b44113386c34866,59562d0459db0b14e2563711025d2e99,delivered,2017-11-14 21:40:25,2017-11-14 21:51:00,2017-11-16 09:54:43,2017-12-03 20:44:26,2017-12-06 00:00:00
d001f2789e0e5c936aecc230eb739284,76229876f6fb0efccb975b8ceb4afce5,delivered,2018-06-22 21:14:21,2018-06-22 21:58:38,2018-06-25 14:08:00,2018-07-12 20:11:40,2018-07-24 00:00:00
082388d7ce9557ef064199ef978a8f3e,53de046ee8ad4bbe74dc77b0a5ad8c52,delivered,2018-07-29 21:02:36,2018-07-29 21:15:18,2018-07-30 15:16:00,2018-07-31 22:32:03,2018-08-02 00:00:00
4c775eb488939cb0be0ca90004e2f37a,7222620c380656e9f0a28fce5418d5d6,delivered,2017-02-04 02:17:52,2017-02-04 02:25:34,2017-02-06 18:17:45,2017-02-07 09:27:33,2017-03-01 00:00:00
20e9f3d5d268869b86ccb6c13fec2dd0,22900d022224c05dd51f2442b834da07,delivered,2018-03-05 12:16:37,2018-03-05 12:30:29,2018-03-08 23:36:25,2018-03-29 17:54:28,2018-04-20 00:00:00
ac046375de5d50de6bb99a9bcdf592d8,fdc75904277c0a308c4840fd60d024ef,delivered,2017-10-17 00:40:43,2017-10-17 01:06:07,2017-10-20 11:06:49,2017-10-30 21:47:42,2017-11-21 00:00:00
8767502d7a9773e1e273dad1fadea8e0,f3bbfdeaf0a3a67f9fb17ba1b07df212,delivered,2017-08-26 09:52:48,2017-08-26 10:05:37,2017-08-28 19:33:12,2017-09-06 14:32:15,2017-09-25 00:00:00
2beec023bba6f27c7b59dacf9f3afda1,f61fd1201d7b5d59ff65b04831e9de28,delivered,2018-07-06 17:40:26,2018-07-06 17:55:14,2018-07-09 13:05:00,2018-07-12 17:22:35,2018-07-25 00:00:00
e63b248df856bd4aa542bdbc7f8f2f35,5b65b0ceb491a0ad3e5e774507171f8b,delivered,2017-04-30 18:25:54,2017-05-03 11:33:09,2017-05-11 08:14:38,2017-05-25 21:53:41,2017-05-23 00:00:00
3fe928b83cc39792c59deecc7b14bc20,d5e4defad0007701ad0083f4cca2b68e,delivered,2018-06-26 14:10:05,2018-06-26 14:34:09,2018-06-27 15:40:00,2018-07-04 16:24:53,2018-07-11 00:00:00
f696d20b36a94c22477593f82ed4217d,115997dc7b4f2fd1dd86d121d3cf4609,delivered,2018-07-18 09:25:32,2018-07-19 02:35:15,2018-07-19 13:17:00,2018-07-23 14:49:04,2018-08-02 00:00:00
d549f88d556202836f2e1cf206429091,a626bc84a86f2c606cb7be456857a30c,delivered,2017-02-17 16:16:57,2017-02-17 16:30:20,2017-02-20 12:50:23,2017-03-01 12:03:53,2017-03-22 00:00:00
64c43896c03b8f6f3ee2a5927ff67d7b,e73156cad1d0758c32d99e5cc2ee8880,delivered,2018-08-07 22:03:21,2018-08-07 22:15:18,2018-08-08 13:50:00,2018-08-18 11:22:57,2018-09-03 00:00:00
6135fc4ab256125c58f748b31c692ef4,d6f0573b711861f4999b9dcf22903bd0,delivered,2018-03-23 15:24:26,2018-03-23 15:48:22,2018-03-24 16:54:53,2018-03-28 14:11:46,2018-04-16 00:00:00
899499ccb61cd1525c8b04047ac70e0d,0560a02593f282955f85da2db087b078,delivered,2018-06-14 20:46:57,2018-06-15 20:21:32,2018-06-18 12:54:00,2018-06-22 18:08:39,2018-07-11 00:00:00
471f14841f8ced80a4c1c6dc08a32eec,e787b564cdebcbcb6e90e87f7d5dc745,delivered,2017-07-21 13:59:31,2017-07-21 14:15:16,2017-07-24 18:07:43,2017-07-25 21:46:41,2017-08-07 00:00:00
c45f7f1c4d9122d148c823d6e660c375,b8c82a8db82856017cda33242a4e4d9e,delivered,2017-11-24 15:57:39,2017-11-24 19:35:36,2017-11-27 17:18:47,2017-12-09 00:46:44,2017-12-28 00:00:00
b89d417b1ba9f8e416b9e333ffa01a93,864c3a5085d7d4e6c2153baaf6274cc1,delivered,2018-07-28 10:11:59,2018-07-28 10:25:11,2018-07-30 15:16:00,2018-08-03 21:08:35,2018-08-17 00:00:00
467e12527db98ba8ff31b60f0a2cddfd,b1b732e844440cd0e8a93e94585496b3,delivered,2017-08-18 05:17:47,2017-08-18 05:30:06,2017-08-18 17:33:11,2017-08-25 10:38:25,2017-09-12 00:00:00
fecda210da4a36546b91948ee43af90d,66af94f0d6175f030731ae8ae7ed580c,delivered,2018-03-29 16:42:35,2018-03-29 16:55:28,2018-04-04 02:20:57,2018-05-02 20:36:49,2018-04-23 00:00:00
ddba9859eaa6e81ea4f2ed0263d29291,39fd6902b13057fe821308a61629dc42,delivered,2018-06-24 12:59:13,2018-06-24 13:18:39,2018-06-25 15:57:00,2018-06-29 20:26:59,2018-07-26 00:00:00
f14edad9e9d494755c49b2e0897de3b9,47f42fc76d39dc06f9d301d2ceb8971d,delivered,2018-03-01 11:33:08,2018-03-03 02:51:16,2018-03-05 19:04:47,2018-03-16 18:31:17,2018-03-23 00:00:00
9d7f2c9f33008498700ffdc3162878fb,4d54bd3326ad77cbe4e1bd929a209106,delivered,2017-08-27 13:02:01,2017-08-27 13:15:16,2017-08-28 19:03:48,2017-08-31 21:00:31,2017-09-18 00:00:00
32b1d8f3789a57f1f752e20ac7404b4c,ae12a474c8de7dd68097a884fa9049b4,delivered,2018-07-29 21:51:09,2018-07-31 03:55:23,2018-07-31 15:07:00,2018-08-01 20:25:53,2018-08-06 00:00:00
e35a9e312880dfa98135b6a97237b272,a46a083b3986c2b0accbd6b532fdf37c,delivered,2017-09-23 10:45:22,2017-09-23 11:04:30,2017-09-27 21:24:57,2017-10-18 18:42:28,2017-10-25 00:00:00
b1c2e69c9063d5ab5c9fe9138ecb08e0,4dfeeaf74cd7936d013802d1cc2e0c0a,delivered,2018-01-29 12:54:38,2018-01-29 13:17:26,2018-01-31 23:08:04,2018-02-14 23:18:44,2018-03-12 00:00:00
9d6119da4c658e82b5320a9b05dc7004,0d926ad8cf82ecb9c3dc17bfedb9ae92,delivered,2017-03-01 20:11:11,2017-03-01 20:25:12,2017-03-02 11:09:53,2017-03-06 04:57:52,2017-03-20 00:00:00
371931d44f8feff2b43b4e9ad3c6c5d2,bcfa639fc30b68c41e6862db761ff9dd,delivered,2018-05-30 21:50:21,2018-05-30 22:15:19,2018-06-01 13:17:00,2018-06-30 11:26:53,2018-07-11 00:00:00
10a0658843edd18524653f81513ef60d,1477ed22059be3f039b84dcf03728709,delivered,2017-07-20 11:32:07,2017-07-21 02:50:12,2017-07-24 19:04:48,2017-08-04 21:07:29,2017-08-21 00:00:00
b3c34fd05dd073feae270c759c46d900,860ddc7aa11dedbcd7d870aead27ce0c,delivered,2017-09-12 21:28:24,2017-09-12 21:44:05,2017-09-14 20:13:39,2017-09-28 18:57:41,2017-10-03 00:00:00
5aa30c6fb7069f850d190ad8cbf80c20,37269b67df41bccc2ec3c0cc117230b1,delivered,2018-06-28 18:12:05,2018-06-28 18:31:54,2018-07-03 14:38:00,2018-07-04 22:58:44,2018-07-16 00:00:00
833a4b8d632d2fd653e167e06b2fe201,9f69f630dd0e9dbe888ef8bec7d76c97,delivered,2018-02-27 23:58:20,2018-02-28 00:15:43,2018-02-28 19:37:05,2018-03-14 16:54:41,2018-03-27 00:00:00
8c5c95d76d1bd802cde533288848d786,b3a679397fd9fc5140a33c5033458395,delivered,2018-01-20 12:38:11,2018-01-20 12:50:59,2018-01-23 03:13:18,2018-01-29 21:12:45,2018-02-15 00:00:00
75b2ac15a31245a1ee2eda6e41c8e85d,c59317e28ba7e4ca744c6006e905b286,delivered,2018-06-08 22:10:56,2018-06-08 22:32:33,2018-06-11 13:31:00,2018-06-21 19:22:12,2018-06-29 00:00:00
6e4331db29c7dd562ef96efa2b112d56,32084020c55623953d46f8bd83feee0b,delivered,2017-04-16 20:18:18,2017-04-16 20:30:19,2017-04-18 15:44:31,2017-05-02 15:14:53,2017-05-23 00:00:00
2fb8e643288fc9fcf4b9178fb9d4f17e,47f687f5e1072172dab1fa3bab5ec5fb,delivered,2018-07-18 21:33:11,2018-07-18 21:50:48,2018-07-19 12:15:00,2018-07-22 12:40:52,2018-08-01 00:00:00
6b52fde341db3472b2e4c787887abc7e,972113ea2f5747454eab08fb128eca53,delivered,2018-08-17 14:11:25,2018-08-17 14:47:03,2018-08-21 13:08:00,2018-08-27 14:40:55,2018-09-10 00:00:00
0d4677b0223bd9ec9dc8182d6afa70aa,ba6e9de72c03f1cb435f17b0c029b7ed,delivered,2018-07-13 15:49:42,2018-07-14 15:45:13,2018-08-02 07:17:00,2018-08-08 17:32:21,2018-08-02 00:00:00
93ecdca779367b3806aaae30a8b19021,0b9607b0407236a9a7ef6f47227fc5c6,delivered,2018-03-19 18:04:50,2018-03-19 18:15:47,2018-03-20 18:08:27,2018-03-21 19:09:59,2018-03-29 00:00:00
df1ca8d699e806b9f7218c3bbedd99aa,671beff05d7225f209b521637f46d2b5,delivered,2017-12-15 12:25:46,2017-12-15 12:33:22,2017-12-18 21:59:00,2018-01-09 01:24:11,2018-01-16 00:00:00
2c84b2577e246ed9aa8ad68b0dee5be6,ababd73999adf4b07e06857dbe19c564,delivered,2017-11-24 00:12:10,2017-11-24 12:56:37,2017-12-13 20:52:03,2017-12-14 04:12:50,2017-12-22 00:00:00
ccfed22516d5e4520d1df318959b309f,f05cebe5fde7a7272330d63ed132125b,delivered,2017-03-21 21:37:15,2017-03-21 21:37:15,2017-03-22 14:51:20,2017-03-27 15:36:09,2017-04-11 00:00:00
1c2220875063bc97c980fc0259524908,cdc5535d003319bc052576caf95eabdc,delivered,2018-02-03 21:07:55,2018-02-03 21:29:40,2018-02-05 22:19:41,2018-02-14 21:19:03,2018-03-06 00:00:00
8f2477c7968064db4bfc9226d1970fbf,5b435f247f7583cb4cce55505f424d15,delivered,2018-04-18 12:11:45,2018-04-18 12:31:50,2018-04-18 23:08:25,2018-04-19 23:54:37,2018-05-07 00:00:00
2f9db112709bc8611e33dff37de4ad8c,f331d7107cb44545ffb4c8d23339f797,delivered,2018-02-28 16:11:52,2018-02-28 16:29:54,2018-03-07 21:08:57,2018-03-29 01:28:47,2018-04-04 00:00:00
bff8a4fd45acacd3f3390aed67ed8e91,c61b177cb45d59e31ce05fe775fb9ea1,shipped,2017-03-28 22:41:49,2017-03-28 22:55:16,2017-03-30 16:42:34,,2017-05-03 00:00:00
6bee12a6a1b3bc446b3c061239cd1e23,3c78c7ae591f945581736c6dcc704170,delivered,2018-06-16 12:51:44,2018-06-16 13:19:30,2018-06-18 13:27:00,2018-06-22 19:40:40,2018-07-05 00:00:00
97281bb4f529a833c220982299fe4f34,ed6694d2caf9c2bd6106fe908917f66b,delivered,2018-08-17 20:53:26,2018-08-18 02:50:21,2018-08-23 13:55:00,2018-08-27 22:55:24,2018-09-03 00:00:00
1ed94b4136f96a6bfbff567620be959a,6611c5d0c9f5630415f2f79a057d4044,delivered,2018-02-06 23:08:22,2018-02-06 23:29:50,2018-02-09 14:23:06,2018-02-19 23:14:00,2018-03-12 00:00:00
f499f2bfdaa69f3b863d1891a6203ae3,bbd91d6f3d10eb0b169bd22ea202dcfc,delivered,2018-05-31 16:24:49,2018-05-31 16:35:15,2018-06-04 14:33:00,2018-06-14 16:08:43,2018-07-18 00:00:00
32a1deec544b7ad8e44ba2e87dfae1a9,1faec1b2c2a13fa81394d4ff3b112ad0,delivered,2018-05-10 17:19:38,2018-05-10 17:38:07,2018-05-22 05:51:00,2018-06-12 23:12:49,2018-06-05 00:00:00
92e2984724b33a8e95f8754bfee44f38,494470233a81ff4009dfb307706f48eb,delivered,2018-01-16 21:26:31,2018-01-16 21:38:30,2018-01-17 18:12:31,2018-01-19 20:12:18,2018-02-02 00:00:00
e85fad5cf12ff1d6dd2ac745874e57ad,65d02ac88852544e987a97dd4cee24f0,delivered,2017-12-18 13:33:56,2017-12-18 14:36:36,2017-12-19 13:37:10,2017-12-29 21:55:14,2018-01-16 00:00:00
ac5d693f43004c406ffca277f9d3e63c,8194ad28cf37555c0e649b4ebf89ddb3,delivered,2017-10-03 20:34:50,2017-10-03 20:50:34,2017-10-06 17:10:10,2017-10-08 16:19:37,2017-10-19 00:00:00
98a1fffc0c110af1abb9aa2d4af96dd3,2758692f01ac5b7613432ef9df04a56f,delivered,2018-06-28 15:58:24,2018-06-28 16:10:44,2018-06-29 14:47:00,2018-07-03 16:21:47,2018-07-16 00:00:00
721f02a8125f571ecbe34cb7073ff732,9cf1b362b8ee73821c5cf441d1fc577c,delivered,2018-02-10 18:21:51,2018-02-10 18:35:20,2018-02-19 15:16:56,2018-02-22 18:56:51,2018-03-09 00:00:00
8ae758e9dfba42257dd89e48380b3d1e,af3b67a686e5dd9109a40e92ab58b7ab,delivered,2018-04-18 16:29:31,2018-04-18 16:55:37,2018-04-20 22:26:19,2018-05-30 17:33:11,2018-05-16 00:00:00
701497f084be73caaae3efa1dad2422a,eba0792cf35e2ab2db2dcb391adb5ab4,delivered,2017-08-20 17:13:52,2017-08-20 17:30:17,2017-08-22 18:55:54,2017-08-24 18:00:17,2017-09-11 00:00:00
75c146db1b1c6fd6f21a90a2694ae5ff,60e592e405f4749deadf8d23c7603335,delivered,2017-11-16 13:15:29,2017-11-17 03:46:29,2017-11-17 13:21:34,2017-11-29 13:59:04,2017-12-11 00:00:00
debe2bcce0390332d250c9a0176a2888,95a396e70c2a121d8ebde434f1c75128,delivered,2018-06-26 16:29:29,2018-06-26 16:58:12,2018-06-27 08:34:00,2018-07-05 18:33:24,2018-07-25 00:00:00
cbad84cbc3469e39f8f765362e2a9ae4,870b6591df0299937f00101427284649,delivered,2018-05-17 14:06:50,2018-05-17 23:33:34,2018-05-18 13:51:00,2018-06-06 21:38:31,2018-06-06 00:00:00
ffea406a848c8afe4dec22bf6290ba00,e85ff8cc3cc2c09bdb9204dd7930c0fb,delivered,2017-03-15 17:16:36,2017-03-15 17:16:36,2017-03-16 12:54:46,2017-04-05 18:48:06,2017-04-05 00:00:00
f1c86b9191896bcf9077ec22b6248153,994be0a2320e85a0c2416351bd93026a,delivered,2018-03-29 20:32:06,2018-03-29 20:47:26,2018-04-02 19:42:29,2018-04-11 15:58:33,2018-05-02 00:00:00
4fcf76f4599c2d725c33ed838078c8df,ddc68290ac609084ffa721fa229d55ed,delivered,2018-06-04 17:42:39,2018-06-06 02:54:21,2018-06-07 12:09:00,2018-06-11 20:54:42,2018-07-04 00:00:00
bb580a11981d17436d65e4c945b39124,e89981ed8d5648b550181609ea2d512c,delivered,2017-04-03 07:55:19,2017-04-05 06:35:12,2017-04-07 14:29:22,2017-04-12 10:38:04,2017-04-26 00:00:00
0b1bd7cdeb2d703ebe602a2989a86f9a,008def95c3ec7f58d2cc8f2b1d2c3feb,delivered,2017-08-21 21:09:21,2017-08-23 07:25:47,2017-08-24 19:33:37,2017-09-15 20:57:39,2017-09-25 00:00:00
2e5cfd97555ff101c1691c3a2d4f5bd0,1993a85ab0559032b87d850e75d80d0e,delivered,2018-02-02 12:07:04,2018-02-06 03:35:35,2018-02-16 15:26:51,2018-02-24 13:48:58,2018-03-07 00:00:00
1bae29458497cf459ccba5b9e54d40fb,343221ef32c6f6d61324804c27dff8c4,delivered,2017-12-07 12:03:24,2017-12-07 14:52:52,2017-12-11 18:21:47,2017-12-13 20:54:29,2017-12-29 00:00:00
464a29715467046008c5aa817d1ae498,f57e0db92a75b273d6a4901c2dbc4453,delivered,2018-03-24 14:14:42,2018-03-24 14:27:50,2018-03-26 21:06:10,2018-03-28 00:04:23,2018-04-06 00:00:00
e4e3babab4d0f208cb6963df2458709d,cd06ff43889826d2ae1943fdaa68cf6e,delivered,2017-11-30 13:37:44,2017-11-30 13:56:38,2017-12-05 15:39:17,2017-12-13 14:29:11,2017-12-22 00:00:00
16fb5223e4fe12fa7d021f3472b20bd6,c4ae439f6da7c54c9f4f033a0c6644d0,delivered,2017-12-11 19:55:17,2017-12-13 02:49:50,2017-12-15 15:19:15,2017-12-20 01:56:32,2017-12-28 00:00:00
dcb296c70aeeb58ba29143cc4f336e9e,91ca069bc0cfc42f5d6eef0638578f32,delivered,2017-02-04 18:12:53,2017-02-07 04:03:15,2017-02-07 10:22:01,2017-02-19 13:12:11,2017-03-03 00:00:00
7dcf28f5c87ece1d91e794b803e494f2,119aa198a9f4d3894c1b4bca5dc8ebc7,processing,2017-06-01 12:48:34,2017-06-01 13:10:39,,,2017-06-26 00:00:00
eb63192b23adf354552573b4ee157ee3,85e524338405b267962d1cf158ff6eff,delivered,2018-01-12 10:46:20,2018-01-13 02:05:42,2018-01-15 16:45:03,2018-01-26 18:37:06,2018-02-14 00:00:00
70ed97390f0c32ee36ebfb8a421ee1d5,89673ee4a46a696faf2f928de0377ddf,delivered,2017-12-08 14:02:37,2017-12-08 14:14:46,2017-12-08 23:43:51,2017-12-22 18:23:47,2018-01-05 00:00:00
191abde9c3bf77d1ce67d100d8db6d15,0e918c5caf715bdf6b49da1c250061b3,processing,2017-07-29 10:47:21,2017-07-29 10:55:17,,,2017-09-01 00:00:00
4bff39e06ff6b0753c960a52a6b4cf18,1f6708446d3ea27208d14ace89a60d64,delivered,2017-07-12 13:20:20,2017-07-12 14:10:20,2017-07-13 16:07:38,2017-07-14 20:17:53,2017-07-25 00:00:00
5b685c100fca33dd8aabfe1e6fb0d62a,23c60a0f388a1d3c11354d5b31e09993,delivered,2017-04-17 19:27:25,2017-04-17 20:02:37,2017-04-24 10:37:30,2017-05-02 16:00:15,2017-05-10 00:00:00
7f4214f76d60bda5b31f6003e8efe6bc,03c25bbbfdb9e7dfad55da96cfb76fb6,delivered,2018-03-10 13:42:35,2018-03-10 13:55:36,2018-03-12 17:33:13,2018-03-15 20:28:53,2018-03-22 00:00:00
3c90356d0505af8fad4231e48886ba3e,daf4042731b64089418398dd25e8e80b,delivered,2017-08-29 18:24:42,2017-08-29 18:35:11,2017-08-31 18:46:07,2017-09-01 20:10:20,2017-09-11 00:00:00
714d72a98db4e167095c024702d7422a,075e190ab1296f43d2984ddca2f8adec,delivered,2018-06-18 17:21:05,2018-06-19 06:35:47,2018-06-19 14:23:00,2018-06-27 12:13:12,2018-07-23 00:00:00
8700ae81d9071593f13e448c1918b447,0d7fd013a2edc996eb0819c45a2dae22,delivered,2018-03-17 16:01:10,2018-03-17 16:10:30,2018-03-19 21:04:30,2018-04-05 21:52:23,2018-04-06 00:00:00
f8b8098e21e86c13492c01a688632b75,e4ebb480961982227066b59eb6c50860,delivered,2017-11-06 15:30:50,2017-11-06 23:31:59,2017-11-08 22:18:43,2017-11-13 18:31:50,2017-11-29 00:00:00
49e1e1379bef42e55fbaf6c699de56e9,f7a77c7648c5a144d3f6d3ed2b880f31,delivered,2018-05-01 18:54:48,2018-05-01 19:13:26,2018-05-03 16:51:00,2018-05-10 15:46:46,2018-06-08 00:00:00
6fd30bc52324e33b336e1cd7bfdb5ba7,d6003fc76d4cef0738a33cfa652fed3c,delivered,2017-12-23 15:16:59,2017-12-23 15:30:18,2017-12-27 20:26:38,2018-01-06 11:48:51,2018-01-30 00:00:00
49a5294baa5c1b7681da8529df02572b,a90e80167bf47fa1cc55a9011380e925,delivered,2018-03-10 01:02:31,2018-03-10 02:00:20,2018-03-12 18:32:54,2018-03-21 22:22:34,2018-03-29 00:00:00
031e9d02ce26fb5bb1f85335708fc70b,34d69d0868e365b1c6e30282f13c9411,delivered,2018-02-04 21:58:07,2018-02-04 22:10:37,2018-02-07 00:07:38,2018-02-19 20:52:59,2018-02-21 00:00:00
710ad9913c5b4fc7c5d5a890082b1029,6e395ab5d68cf6554bd11b05c576f154,delivered,2018-08-07 10:11:57,2018-08-07 10:24:52,2018-08-10 14:23:00,2018-08-16 19:28:43,2018-08-10 00:00:00
c9f23db8a1cb725df9bdb3383bd72b38,33652f0608d6c65cd11765b3e42aa243,delivered,2017-12-12 08:11:55,2017-12-12 10:32:30,2017-12-14 12:32:43,2017-12-27 11:09:03,2018-01-05 00:00:00
61ce7e37fd25093dfd1c75b06b6396d2,042504909fb10780fba8b14a8f952d1a,delivered,2017-06-30 15:52:51,2017-06-30 16:03:37,2017-07-11 19:03:03,2017-07-12 18:24:49,2017-07-20 00:00:00
f01a2dd1fe1bb662f246971e563eb4ca,7e4c2e786b87284c8c98d5bdcdf063da,delivered,2017-12-24 15:09:37,2017-12-24 15:16:16,2017-12-27 20:58:51,2018-01-03 19:23:36,2018-01-29 00:00:00
6c353b764e0d5e28cb2852e8e8603def,194de7c2da3a80cdaf38308c02b7392f,delivered,2018-07-14 14:34:33,2018-07-14 14:50:13,2018-07-31 14:10:00,2018-08-15 16:27:39,2018-08-03 00:00:00
d397f6505bb5680eb194ec739c34f217,89c24c9a12dcb9acc5bcc2502ee40b52,delivered,2018-02-01 21:54:44,2018-02-01 22:55:26,2018-02-06 03:24:54,2018-02-14 19:52:51,2018-02-23 00:00:00
8aa07b58565103d7756d28e4f3985e74,2c9b75eb97b0fe65ff2e32fd4cf62767,delivered,2018-04-04 18:08:38,2018-04-05 12:10:19,2018-04-07 01:18:24,2018-04-11 18:12:57,2018-04-26 00:00:00
bc31e8bedc7ea2cb76e1cb0e913ffa40,226cc869d30bf575d5d2a0060dd34828,delivered,2018-05-20 23:22:15,2018-05-20 23:37:59,2018-05-23 16:18:00,2018-05-28 15:12:05,2018-05-30 00:00:00
d40516d201a6c180696f31d77ca651ac,8f8218f15015d63e71aea6a68d9e1b67,delivered,2018-03-13 21:58:21,2018-03-13 22:40:24,2018-03-23 20:38:46,2018-04-06 19:51:34,2018-05-03 00:00:00
41c3bd8a34828a1a9ed3bae14a535afe,4e45b6aed6be4fbe9d4a843b9055e19d,canceled,2018-01-23 15:43:48,2018-01-24 02:35:42,2018-01-26 23:07:53,,2018-02-20 00:00:00
ab1197da15cbff2ec70e2d58824ebaf9,ce5ffe8a8840252e27f3e8d915bb52ab,delivered,2017-09-04 20:42:09,2017-09-04 20:55:17,2017-09-05 15:07:09,2017-09-13 15:42:33,2017-09-22 00:00:00
4f07b37dd214946af6cb26405ca91727,9884376f4d6e303ed119a8cd78d7d975,delivered,2018-03-11 20:24:04,2018-03-11 20:35:37,2018-03-16 17:26:39,2018-03-28 19:32:50,2018-04-04 00:00:00
be9d88133ac0473fda4ebbdc48d5140c,4e1c0925d1cfae717a7abbfbeeae93f1,delivered,2018-02-15 17:53:58,2018-02-15 18:07:08,2018-02-22 18:46:55,2018-03-17 18:52:41,2018-03-09 00:00:00
e366de923b3124ee9d65c685b8ea802a,427e3bf0c50c9c0c248e747394d9f54b,delivered,2018-01-02 17:26:52,2018-01-02 17:38:26,2018-01-08 22:03:44,2018-01-15 20:23:54,2018-01-29 00:00:00
24cee263ae15271412b77854eb10b840,6b3203ddac95aee6732fc133bd4b6351,unavailable,2017-11-01 18:16:28,2017-11-02 18:25:33,,,2017-11-24 00:00:00
513ce85c6d6f14edd0689eac71b60ec9,4aeeab0bce430d10d07340cecb987209,delivered,2018-01-16 19:37:21,2018-01-16 19:51:50,2018-01-17 18:51:49,2018-01-31 13:34:31,2018-02-19 00:00:00
d1d9e82abdaaa28b562b48d23f5e8203,71dd1c2bbcb2590101080d3921cfc540,delivered,2018-05-28 11:40:49,2018-05-29 14:11:34,2018-06-04 10:18:00,2018-06-05 21:11:40,2018-06-20 00:00:00
0ba07d4c280cb853d92c8734162c1cde,f2f83fa24e988705987bf38370435056,delivered,2018-03-01 14:23:06,2018-03-01 15:11:04,2018-03-02 17:28:59,2018-03-05 23:54:28,2018-03-13 00:00:00
7fb427cd4340774b923e6c217c94d399,10595804cffb2dbf2c9dacca0008817b,delivered,2018-02-19 20:00:52,2018-02-21 06:10:33,2018-02-21 21:40:38,2018-03-05 14:36:03,2018-03-13 00:00:00
7c93ee5c562cc8509ceb10539d832659,514971e172e16eedfe4cce90478330c8,delivered,2018-04-04 05:12:09,2018-04-05 02:15:24,2018-04-11 21:13:44,2018-04-13 13:44:24,2018-04-20 00:00:00
42a9a8505ab685983ac28e300ba47c2d,e0a52aec64e9937f76fe0b2465d12b94,delivered,2018-06-03 22:33:26,2018-06-03 22:50:13,2018-06-05 14:15:00,2018-06-12 18:03:49,2018-07-20 00:00:00
732cc391e9ed0eb247bc25c02a19af0e,423f4e3813558c94cb405a508fc9467d,delivered,2017-11-24 16:39:08,2017-11-24 20:32:48,2017-11-27 15:59:53,2017-11-28 19:06:47,2017-12-08 00:00:00
b4c9708f4e37c6ac87564ef1f0efa7f3,b6e90c9642ff01784741d3aabd4c94a1,delivered,2017-12-07 14:12:48,2017-12-08 02:54:14,2017-12-08 16:12:07,2018-01-12 22:36:21,2018-01-11 00:00:00
0bf5c5b5e96bce9d0093165a1697d8f9,fdfac5d8c7e14d8fc236256a33b5f519,delivered,2018-07-27 21:05:35,2018-07-27 21:24:32,2018-08-07 15:02:00,2018-08-14 22:03:43,2018-08-24 00:00:00
adb4641524ad981f9ab1886ee54977c7,ae79d9b3da28bd3788980967842a38da,delivered,2017-08-04 10:59:42,2017-08-08 04:25:21,2017-08-11 17:45:01,2017-08-23 18:14:40,2017-08-29 00:00:00
90e4a419d8ab272d501cbed937d46920,a830a248775c8bc5cd65a367ebdc08f4,delivered,2018-04-25 09:43:01,2018-04-25 09:55:11,2018-04-25 11:37:00,2018-05-03 22:42:41,2018-05-18 00:00:00
1c8e00e4aaed0f2b8d35db6abcd8e512,0df9b193d9b7e6d45c62568d24f672a8,delivered,2017-10-13 01:39:09,2017-10-14 18:33:53,2017-10-16 23:19:41,2017-10-24 13:00:02,2017-11-01 00:00:00
f9d0e3b4c20495f400a845fa3aab20c2,a4edae4af0161e30468c898771c742af,delivered,2018-06-06 11:53:12,2018-06-06 12:12:59,2018-06-08 13:22:00,2018-06-14 21:36:44,2018-07-03 00:00:00
b2d3d1cd87d22775690fcff44e275cac,b6565c968890d3efd0d2f20aff2be983,delivered,2018-02-25 19:12:52,2018-02-25 19:28:00,2018-02-27 18:56:38,2018-03-27 19:21:35,2018-03-19 00:00:00
2def1756e81beef63b300f1bcfef83e2,848e93a53b21fd9087eb70bfe6f4d3ca,delivered,2017-05-29 10:17:40,2017-05-29 10:30:17,2017-05-29 14:32:35,2017-05-31 13:09:56,2017-06-20 00:00:00
d3ec40731fe6a0b60cef4f782e7be160,8fbd8aa3e737d7f37eae3f754ef023f4,delivered,2018-06-21 09:53:20,2018-06-21 10:22:51,2018-06-22 12:46:00,2018-06-28 19:04:46,2018-07-16 00:00:00
9a2d9a86d4a7dd97171191815ece139e,d65f26ddbb8bf9309eba044491dd5ddb,delivered,2018-07-14 00:31:42,2018-07-16 10:04:30,2018-07-18 15:51:00,2018-08-03 09:27:57,2018-08-08 00:00:00
0963c313de5db3a47d2b1d051e92a299,64247545e284c2a31eacecbb98c87fe6,delivered,2017-06-02 18:49:32,2017-06-02 19:02:58,2017-06-09 11:56:06,2017-06-19 19:44:49,2017-06-23 00:00:00
c4f745840ebc0928216398dfa6093676,ef4e5593a2c0c709b9f8861e16da560c,delivered,2017-10-18 23:22:09,2017-10-18 23:34:14,2017-10-23 15:55:39,2017-10-26 17:24:08,2017-11-09 00:00:00
e4aa018162dfefca470cf4f157306eed,b52534c73cea7912f255f9a6e19ce222,delivered,2017-04-27 16:43:48,2017-04-28 11:44:33,2017-05-13 06:21:32,2017-05-13 10:19:38,2017-05-29 00:00:00
a46a206fc9bc06abda01c55cfc97117d,7535f5e603e1ad9a0c0bbc321caf1994,delivered,2017-08-05 16:05:04,2017-08-05 16:24:30,2017-08-07 20:21:44,2017-08-09 21:03:08,2017-08-29 00:00:00
0b65284a1a74114ea029b7676fdc1ba3,84e14521bff8cbb289a87be1961d3d08,delivered,2017-05-09 04:33:51,2017-05-09 05:02:14,2017-05-09 08:18:13,2017-06-09 17:12:16,2017-06-16 00:00:00
3726455226b345e3de3b66e76a47d9db,5e81b9389598c126ef13a101a7fc7471,delivered,2018-02-17 21:01:57,2018-02-17 21:15:23,2018-02-20 01:46:37,2018-03-11 17:12:45,2018-03-20 00:00:00
d234f846aac643047caabb1171030524,43252ddf36a267998e866edf8e5b873a,delivered,2018-07-17 11:37:23,2018-07-18 02:50:14,2018-07-18 08:37:00,2018-07-24 20:58:35,2018-07-31 00:00:00
cb5b5d9d111d57e734d8e22a09ddffaa,a917cebae53da0484f3b9e444e8895c8,delivered,2017-07-18 10:53:53,2017-07-26 15:55:21,2017-07-27 13:49:52,2017-08-02 20:29:06,2017-08-07 00:00:00
2d5d28288be492e268303635a7aa4fec,80bbd64eeefc9804e21a1b516bf342d4,delivered,2017-12-06 20:35:14,2017-12-06 20:51:19,2017-12-07 23:13:24,2017-12-19 17:44:53,2018-01-08 00:00:00
5151e80211e1634ea892b2dbe80d39f2,b4e0356b6ba6c2a12cca6b4191e8ed99,delivered,2018-02-04 18:58:17,2018-02-06 10:11:40,2018-02-07 22:20:46,2018-03-17 14:36:29,2018-03-09 00:00:00
c7b320d88c5e5f37698bd31d75c02eb2,412252f46f6f9a739d1c261c63d3b947,delivered,2018-07-31 08:51:53,2018-07-31 09:44:21,2018-08-03 12:16:00,2018-08-08 19:38:33,2018-08-15 00:00:00
5e5e7f7a2ede19230d510a4319015e48,6aea87f3af81dfe06c69c1699deb5bed,delivered,2017-07-09 19:23:26,2017-07-09 19:35:20,2017-07-10 17:32:55,2017-07-12 15:24:26,2017-07-21 00:00:00
cbc0f78d9e0d7cd99582cd7552cfd64f,fc605af68bba864d01d42be7edd4ec6e,unavailable,2017-02-14 11:45:11,2017-02-14 11:55:18,,,2017-03-15 00:00:00
c2a0804ce9caec169b2c41564fd7f9e0,68aef61e65c7f37762db4a94c9d022c9,delivered,2018-07-11 10:33:27,2018-07-12 03:10:18,2018-07-12 14:55:00,2018-07-23 15:04:13,2018-07-30 00:00:00
c20889d460a5439e1529017fc9a867da,93ecffc5232c696502c0835ea9ac8bb1,delivered,2018-01-19 13:54:38,2018-01-19 14:16:21,2018-01-25 19:56:51,2018-01-29 21:25:06,2018-02-09 00:00:00
ce699ae4abc92356538ece036da1045d,9b6de7a8f933729d506499252e96e884,delivered,2017-09-25 16:48:40,2017-09-27 14:56:17,2017-09-27 21:09:09,2017-10-04 20:58:04,2017-10-24 00:00:00
ef8bdca46820c9cd351e4f5fefb66673,db51f35aad5e37b5e416f74bcbb17143,delivered,2017-12-26 10:34:00,2017-12-26 10:46:36,2017-12-26 19:28:44,2017-12-30 13:54:22,2018-01-19 00:00:00
d4f05891951a18c5d6a2b25ff3a8946a,542d1cb02266461f5f230278c7f075a3,delivered,2018-04-29 15:15:21,2018-04-29 15:34:52,2018-04-30 14:30:00,2018-05-02 21:47:43,2018-05-15 00:00:00
b771e62d713a06aed1f4d45b318a6851,c3e6c5d7f758e01d7e5e3f653a2add24,delivered,2017-04-19 09:25:00,2017-04-20 09:35:15,2017-04-25 12:20:41,2017-05-09 11:55:09,2017-05-11 00:00:00
5f14e4f5d9265dd3e65767518f7ee63f,7bd51ad546d78d7678edfe06a435e86f,delivered,2018-05-07 15:12:26,2018-05-07 16:55:54,2018-05-08 13:40:00,2018-05-11 20:26:34,2018-05-24 00:00:00
1c4deb98d216d2fda120204a5fcfb57d,76329463ae17ce6629dd04e014aa72e4,delivered,2016-10-04 23:26:51,2016-10-06 15:51:36,2016-10-30 10:47:42,2016-10-31 21:49:01,2016-11-30 00:00:00
abad735a6f47ebdedacae8d78d765347,5fb3d3b8cbbef8c43dde17da5e8ad2bf,delivered,2017-11-25 14:44:36,2017-11-25 14:56:13,2017-11-27 18:14:22,2017-12-07 02:09:29,2017-12-20 00:00:00
a05fc37f43df506f00a32f1507e4d360,7a542429a51807452d689223d25878d2,shipped,2018-02-25 21:46:50,2018-02-27 05:30:54,2018-02-27 22:09:37,,2018-03-22 00:00:00
f6cf20d8d6692cf6d99a4db211c2f891,46028ebaf457355eafbc425f0cb49470,delivered,2018-01-22 13:53:19,2018-01-23 03:52:51,2018-01-24 17:08:09,2018-01-29 23:09:29,2018-02-21 00:00:00
f0d4f9815268c8e208ba8441b85504ed,5e65b0c78a0bb8cfda4aaad93bb78d1e,delivered,2018-05-16 10:05:44,2018-05-17 02:55:38,2018-05-17 10:22:00,2018-05-24 11:22:09,2018-06-07 00:00:00
2811a528a7b5ae1d207e9620a4c6b44b,153e52e63923244a66d19c4b0ca40f42,delivered,2018-07-27 08:44:31,2018-07-27 08:55:21,2018-07-30 13:53:00,2018-08-06 15:21:55,2018-08-17 00:00:00
b1bd04a7557894a01ad5bd542caa8468,bda00833104c70fdb43e0de7e44599cf,delivered,2018-01-08 23:03:22,2018-01-08 23:15:34,2018-01-11 18:19:48,2018-01-26 17:09:15,2018-02-08 00:00:00
92c55117a3367e40dd561583a49644a5,1d939505d1db995b5d0cdfdff5606a22,delivered,2017-10-21 17:33:50,2017-10-24 03:56:30,2017-10-25 23:50:38,2017-11-01 20:12:27,2017-11-16 00:00:00
418b68df1336cdb60b7e80c8c249f28b,2adab8995d75ecd5815438e710ec1030,delivered,2018-03-22 22:53:20,2018-03-22 23:07:23,2018-03-23 19:57:42,2018-03-25 11:16:51,2018-04-04 00:00:00
99c16e186af9fb23a995337dcb608b2f,10579d8b58d69f12f480e2eb4c8be2ec,delivered,2018-05-03 15:02:47,2018-05-03 15:34:44,2018-05-09 12:11:00,2018-06-07 14:12:47,2018-05-16 00:00:00
86be4ae55b020c490fa71d3a9d9af442,002c625393dfa194828b462a6ef8cb0b,delivered,2017-11-19 13:22:44,2017-11-19 13:46:14,2017-11-20 20:12:00,2017-12-02 01:03:17,2017-12-19 00:00:00
64c4cb66d0d00f017802b2f46c80f74c,ad9b4f3dd57344377da2dafa6a193ddd,delivered,2017-07-05 11:32:56,2017-07-06 03:25:33,2017-07-12 17:43:32,2017-07-17 19:53:48,2017-07-25 00:00:00
ad70b687aa28281ec53061479c1f4bed,c476db9f95d3731e6433908b2d7c3158,delivered,2017-06-06 13:35:34,2017-06-06 13:50:27,2017-06-06 14:54:27,2017-06-19 21:40:00,2017-06-27 00:00:00
7214d4b6b000cc492a9a80db1a6d59fd,7896a14eaa367debd82ca701439c68c7,delivered,2017-12-13 20:13:11,2017-12-13 20:29:20,2017-12-14 23:57:44,2018-01-05 19:19:56,2018-01-17 00:00:00
c3c928dc0f48fd00aa7c7156f777812d,5da101b6d60bab41e74f4183b64b2fb5,delivered,2018-02-20 16:20:48,2018-02-20 16:31:16,2018-02-22 21:08:24,2018-03-20 02:34:26,2018-03-21 00:00:00
7ad98754c4b268d09d188885ab8145ef,f76f635db8272ae04293d74466a7b619,delivered,2018-02-19 12:35:12,2018-02-20 07:15:37,2018-02-22 16:23:08,2018-03-05 17:52:41,2018-03-09 00:00:00
0bcb782ba7956aa53f7f565159107488,3c5208735611db0353acf269389b07b2,delivered,2017-10-13 04:55:08,2017-10-13 05:07:17,2017-10-20 20:14:59,2017-10-25 19:05:54,2017-10-31 00:00:00
954d00ca20db56e3fefe0b6a57267ee0,80cf670a331be31a70e4c0ea3cf582b7,delivered,2017-11-13 16:07:40,2017-11-14 04:15:37,2017-11-17 21:32:26,2017-12-04 19:04:08,2017-12-01 00:00:00
e9d9941f914d3f702a186f0176ae231f,10c91c2f8ca8aa4c02286033c86da784,delivered,2018-03-11 19:26:45,2018-03-11 20:00:23,2018-03-12 22:18:25,2018-04-24 22:43:37,2018-04-10 00:00:00
a0c0fc24532de3f29103af8136d00d78,ede711793e4ba5acc372e3e6430ec5ad,delivered,2017-12-08 09:13:47,2017-12-12 03:49:56,2017-12-13 21:49:13,2017-12-29 21:15:05,2018-01-12 00:00:00
710e2c5ff9a94d1abd06aee65f2ab524,aaf5645b8879084ddf3bb8795782ad82,delivered,2017-07-23 12:03:42,2017-07-23 12:15:16,2017-07-25 22:23:38,2017-07-31 20:36:51,2017-08-17 00:00:00
c184e6099cefcb115ecad127cf774705,0bd4cdb624200c39410664ca45d4ce25,delivered,2017-08-09 10:32:05,2017-08-10 10:44:00,2017-08-11 16:56:33,2017-08-23 19:18:11,2017-09-13 00:00:00
cdd7d95ef2e9701ad29741c3f827bcd4,0cd1a2bb6d3d5b3eb6baf77af2578405,delivered,2018-04-07 13:51:40,2018-04-07 14:08:26,2018-04-12 20:59:31,2018-04-14 19:54:24,2018-04-19 00:00:00
28d54ed8d82e889932eed0c294c88a6d,b05545f6be20fc92df2c3302db38118b,delivered,2018-02-21 13:58:14,2018-02-21 14:30:38,2018-02-26 20:34:00,2018-02-27 20:54:07,2018-03-07 00:00:00
a63a3d3aceb23878150f9186b9bed935,9480a2d06e7542091c9de1d4afdb120d,delivered,2018-02-03 01:07:02,2018-02-06 05:31:52,2018-02-07 17:39:10,2018-02-20 22:33:27,2018-03-09 00:00:00
5fa652d6a0d79befbb256a3a2883469a,cfc8c6693c9077a52cda46c3b01d500b,delivered,2017-03-16 07:51:46,2017-03-16 07:51:46,2017-03-16 10:04:21,2017-03-27 12:38:42,2017-04-17 00:00:00
84df054750400ab9b49f2b0281fd9f18,906ab422b16bd7e63d0fab9edc693a80,delivered,2017-08-30 16:45:46,2017-08-31 02:44:46,2017-09-04 17:19:54,2017-09-05 14:27:46,2017-09-12 00:00:00
2036e90fc219932b90e4da6211a01758,33a3ae8c96bb00d0dcbef6fc2fde83bb,delivered,2017-09-28 20:46:21,2017-09-28 21:10:07,2017-09-29 15:28:07,2017-10-10 16:18:02,2017-10-27 00:00:00
7ec0aff65eb09ca0d03ca5b64e67e4db,79e1681d91ea9bec47fbb60e2ce8f9f8,delivered,2018-03-11 12:43:31,2018-03-11 13:50:36,2018-03-13 00:14:48,2018-03-16 18:36:40,2018-03-22 00:00:00
7207091d29c0f0df59dfe6e1cb216f2b,412cf6a277196304ae7644e7dd05471a,delivered,2018-05-25 01:51:58,2018-05-29 03:15:26,2018-05-29 10:25:00,2018-06-07 23:42:02,2018-06-20 00:00:00
90eca4d64c7a259032121fd75766d408,d6511c6586b0e35810dcdd7508e677d5,delivered,2018-03-13 13:20:13,2018-03-13 13:30:32,2018-03-15 17:18:57,2018-03-28 17:38:52,2018-04-03 00:00:00
5b53d58d5ca32220fd0eabaa0eeecb76,377d526461ee7bdfb44dff97141d6e40,delivered,2018-01-24 11:17:38,2018-01-24 15:15:57,2018-01-25 23:36:33,2018-01-29 17:44:55,2018-02-16 00:00:00
a373ffc34c4613f5136ec29b5af247e4,a9c5aae74c11eee456dac27069df9201,delivered,2018-08-08 16:42:07,2018-08-09 03:55:14,2018-08-10 15:58:00,2018-08-16 20:28:50,2018-08-20 00:00:00
7cbb15d12a1bb13fde596f305857b22e,70eb2dbf20da55dcfb3bbe2cb2cf1fe2,delivered,2018-03-30 15:19:20,2018-03-30 16:07:33,2018-04-04 18:54:49,2018-04-05 19:38:47,2018-04-12 00:00:00
e3c4b2d7022588a02583a79b3f405632,ffb81db92e7ac00ecfac978f673be8a6,shipped,2017-03-17 21:14:36,2017-03-17 21:14:36,2017-03-20 09:49:10,,2017-04-20 00:00:00
e405bc96c83c1abef95a51cc9e8ca865,f6cd5629d58e708bba4bedb09a67d8a7,delivered,2018-02-15 13:44:49,2018-02-16 07:56:22,2018-02-16 21:18:47,2018-02-24 18:13:18,2018-03-08 00:00:00
9dd72a3853b3514932140ba93b5192c9,12b71606e2ad874a8b0d87a44dc13d03,delivered,2018-06-11 17:40:27,2018-06-11 17:59:58,2018-06-12 12:56:00,2018-07-03 18:03:26,2018-07-17 00:00:00
c633513c5486bd512a2a23de725cd7cd,ad7597affbd78584634d4d196f99843c,delivered,2018-08-01 11:38:20,2018-08-01 12:44:05,2018-08-02 13:26:00,2018-08-06 17:07:17,2018-08-07 00:00:00
0d4705a6e6fc84a31808604039a41807,b9a79bec2428c0ec8ac0bc179bd69979,delivered,2017-08-01 18:36:26,2017-08-01 18:45:19,2017-08-07 21:59:52,2017-08-16 18:47:34,2017-08-29 00:00:00
b1e28e5f9eb777c98432e77404ae6492,afb24582c2e3f71b1d30ef751e584eb2,delivered,2017-07-12 23:57:42,2017-07-13 00:50:19,2017-07-19 21:03:09,2017-07-28 22:19:36,2017-07-25 00:00:00
ea38dbbe2044b5c96bf31ff508ba1aad,5f3cf131f81aea5ea90fde7a77feadfb,delivered,2017-05-08 10:55:54,2017-05-08 11:05:12,2017-06-07 11:07:38,2017-06-07 12:01:35,2017-05-30 00:00:00
a9d502365a8302d96f5d9e6e0a24a29a,383ba7fb22ea3f6efa932cef41b61349,delivered,2017-09-26 17:32:19,2017-09-26 17:49:09,2017-09-27 12:33:43,2017-10-03 20:51:28,2017-10-23 00:00:00
0bd81c3fc5ab72f8089147192cfc3f5b,03f2849096ae58cf4ef032d9a4bd72a0,delivered,2018-03-09 21:00:56,2018-03-09 21:10:51,2018-03-10 15:04:58,2018-03-15 14:58:27,2018-03-21 00:00:00
303537b4b88abe56ea3a5c0801709c36,bcf0d8a7c55499150e65cba4a3f97a1b,delivered,2018-06-04 21:34:12,2018-06-06 03:11:10,2018-06-06 11:21:00,2018-06-21 19:42:38,2018-07-18 00:00:00
c8d8ae22c954acfd2976b113a3a35630,c561087c8b01f80e32384b2eee46d5cf,delivered,2018-02-04 21:06:07,2018-02-04 21:15:31,2018-02-05 19:38:37,2018-03-06 18:06:24,2018-03-08 00:00:00
706b9cbda5d9ac137f8b484774d4c2a9,1d7bb00981fead08b27fee0a49a69e5a,delivered,2018-01-04 21:37:47,2018-01-04 21:47:48,2018-01-08 20:04:42,2018-01-20 15:22:29,2018-02-08 00:00:00
d813a46a477d66e2ec086449ba297297,38324f340fd5e560c9f635a71c23ca9b,delivered,2017-02-15 17:25:36,2017-02-15 17:43:34,2017-02-17 13:12:30,2017-03-06 09:33:06,2017-03-16 00:00:00
4ccfa0c7ce3c1a6069ae72d9596c4d6e,433213c150052114940ca5cea0eae794,delivered,2018-07-21 16:21:16,2018-07-21 16:35:12,2018-07-23 14:58:00,2018-07-30 15:58:33,2018-08-09 00:00:00
a1b0796198555011b19eb375a001b2c4,650fc77c61193bcb71fa5d86793522f3,delivered,2017-04-16 10:47:39,2017-04-18 04:02:59,2017-04-24 07:04:20,2017-05-03 17:15:34,2017-05-18 00:00:00
f6dbdcbe96b4cd2904cf75bbda5c6ac1,f78272dd982a15b63bd8b8862942552d,delivered,2017-03-06 14:30:50,2017-03-07 14:43:03,2017-03-09 10:19:17,2017-03-13 12:42:25,2017-03-23 00:00:00
4b4aab4e37140cad3ae101479ec3bf47,f1b74f95f4688eaabb23a8b1bd55b8e3,delivered,2018-03-23 18:21:20,2018-03-24 11:32:27,2018-04-02 23:28:56,2018-04-04 18:26:20,2018-04-12 00:00:00
a69ca27e5ae20da24dd0b144a6bfe2e9,c9cf3112c22ba7fd299c8bc1d99d0980,delivered,2017-05-12 12:05:23,2017-05-12 13:06:48,2017-05-12 12:51:10,2017-05-26 10:22:01,2017-06-01 00:00:00
338d51c0465ed6b6de1c296960745fd9,8c6a7b82afcd5b6d193721e01b18f5c1,delivered,2018-02-14 16:20:41,2018-02-14 16:35:41,2018-02-16 02:04:40,2018-02-16 17:55:43,2018-02-26 00:00:00
8904df7b2c7b44d20e741ca675815130,bc1e50e78d6937306d60f6cf33acf0e1,delivered,2017-11-24 02:07:37,2017-11-24 13:11:25,2017-11-24 23:09:14,2017-12-11 16:13:43,2017-12-15 00:00:00
17b296b73ebefd6213299342b09f097f,4d31792c00baf91319f111857058ee80,delivered,2017-07-29 14:51:37,2017-07-29 15:05:20,2017-07-31 19:24:34,2017-08-08 19:27:12,2017-08-11 00:00:00
c5757562b34fa65e15e9f66a21513c45,cdb762e6b19e9036414a9e5b48b1853e,delivered,2018-02-18 01:17:37,2018-02-18 01:30:41,2018-02-22 20:06:10,2018-03-01 13:09:10,2018-03-13 00:00:00
68b1551079ac4d4fb25abea8c47fbfa8,9bdbcc26a8a64db59f6a269f1a88083c,delivered,2017-10-07 22:28:27,2017-10-07 23:05:02,2017-10-09 14:00:30,2017-10-13 16:39:57,2017-11-06 00:00:00
521cd5923e832da3e93b88e46996e0be,748ba4dd0eb1a6db7d5bd5a8757bc9e6,delivered,2017-04-25 11:21:37,2017-04-27 13:22:49,2017-04-28 11:41:25,2017-05-05 14:18:07,2017-05-16 00:00:00
a7586f18de9c78a682d841ea07939673,8176c057d67ba18ead1176dabeab6195,delivered,2017-12-11 19:22:22,2017-12-11 19:31:03,2017-12-13 01:13:43,2017-12-17 11:29:10,2017-12-28 00:00:00
6e49598a67a4161d3fe1299418fe5d43,7bfb0045f94740e851adc19d59cd53b3,delivered,2018-01-23 10:24:15,2018-01-23 15:07:15,2018-02-07 18:16:58,2018-02-19 13:12:01,2018-02-16 00:00:00
1976e889aa37b60cfcaad40513117846,d1c4a08b5a5908fa98527450a259dcd9,delivered,2018-04-19 17:52:49,2018-04-19 18:11:53,2018-04-20 18:32:50,2018-04-24 15:41:38,2018-05-08 00:00:00
9d022e549f07ff2c4cfc5401f252f59d,6da020944329828e7786e163e0075e4e,delivered,2018-07-16 16:01:28,2018-07-16 16:15:19,2018-07-17 14:11:00,2018-07-23 21:59:32,2018-08-09 00:00:00
6653d3fc131c01e7e7fa96daf4aea451,c74b571fe3a58c082c91e2fdf1448078,delivered,2017-12-03 14:07:45,2017-12-03 14:18:27,2017-12-05 19:09:07,2017-12-15 21:16:32,2018-01-03 00:00:00
943d83bc0b941f91df93c23dcf916cba,a0dfd4423988ab0c24030a41e58774cd,delivered,2018-04-18 19:41:39,2018-04-18 19:55:16,2018-04-19 18:37:56,2018-04-24 18:04:02,2018-05-08 00:00:00
a58490145a93745e5cce4c644ecd9153,2112c4a6723c3b43f081aa5e1129b25a,delivered,2017-10-24 15:05:47,2017-10-25 15:14:35,2017-11-22 19:38:53,2017-12-05 01:27:03,2017-11-14 00:00:00
a33506544926e8200ef81a92ce3c3280,145eb4f25449e3f86093f09f192db5fa,delivered,2017-07-03 15:10:38,2017-07-03 15:23:59,2017-07-06 13:44:27,2017-07-12 21:08:07,2017-07-26 00:00:00
f7f10d7a910905b34e6d773deb330f8a,04ec1f28c6817bc2c08a76aca9ae9805,delivered,2018-05-11 10:26:01,2018-05-11 10:57:55,2018-05-11 15:51:00,2018-05-16 17:08:00,2018-06-06 00:00:00
861e8aba5f5eb922e650b5b186beb7a4,c1a9560dea03ac1635ca71908c7da659,delivered,2017-04-07 13:01:34,2017-04-07 13:11:11,2017-04-25 07:57:58,2017-05-02 13:45:21,2017-04-28 00:00:00
dce5d8be76c73098306a8f74b197fb6f,1c34e18df596ef0f35e9a1277707f932,delivered,2018-04-12 18:25:59,2018-04-13 13:31:40,2018-04-14 00:04:53,2018-04-19 14:03:06,2018-05-07 00:00:00
62a4c6ee1b6f43e8a1ac86ad87fb0f35,0c9e08509ff45e0c83521320abccc79e,delivered,2018-05-07 20:06:03,2018-05-07 20:15:23,2018-05-08 13:47:00,2018-05-11 21:48:26,2018-05-21 00:00:00
d65585ccd99c854db1f1ff1618ddaed1,65e49627d7bba63bb61dd3d9beabe1e5,delivered,2017-05-16 11:44:40,2017-05-18 02:30:21,2017-05-18 13:32:51,2017-05-22 18:32:40,2017-05-29 00:00:00
60c293e54649a6dae7403487d4c21b2c,921b4d839d9b65c512648e14bd29293d,delivered,2018-03-20 21:26:59,2018-03-20 21:48:42,2018-03-27 00:38:51,2018-04-09 22:41:13,2018-04-17 00:00:00
e3ee317683c1cb4df51994ca63755d6d,5023bc2931283adb435a1ef20a8ae944,delivered,2018-05-15 11:44:29,2018-05-15 11:55:29,2018-05-16 14:28:00,2018-06-05 22:32:29,2018-06-07 00:00:00
6a267276cd5ace781320f1239bb2f413,6723d41fcf93098e63aac8df2fcfae1a,delivered,2017-12-31 11:56:14,2017-12-31 12:08:24,2018-01-02 14:32:50,2018-01-10 15:29:01,2018-02-01 00:00:00
9450a19a745c16784964ea86003dc665,0b4b8bc586fb783756c6319409b476c9,delivered,2018-08-06 17:47:40,2018-08-08 03:10:29,2018-08-08 20:08:00,2018-08-09 14:27:44,2018-08-09 00:00:00
cb1ef5be56747ab6c5ef7271ecf4e12c,450000039d50bb8c0c1d03e44875c822,delivered,2017-11-02 11:19:16,2017-11-02 11:35:24,2017-11-06 20:02:40,2017-11-23 20:48:54,2017-11-30 00:00:00
2d379fd375e20b1de683fc90bce504bc,31c04c7417baad2d356593cfd9acc4db,delivered,2018-06-21 21:05:49,2018-06-21 21:18:26,2018-06-22 14:47:00,2018-06-25 15:12:39,2018-07-30 00:00:00
0ab90720b8aeea3179e8f0919884bd24,a43f4b30912ddd2288524898a1afb818,delivered,2017-12-20 13:29:07,2017-12-22 02:38:53,2017-12-22 21:16:02,2018-01-08 20:10:39,2018-01-16 00:00:00
83359e7a49758eeed73d55e437b87341,c1a1def640f9f4a3b89c915eeeea42f7,delivered,2018-02-28 22:32:00,2018-03-01 12:55:48,2018-03-06 02:34:32,2018-04-23 19:12:42,2018-03-20 00:00:00
6abb2dd22e301e03c68d0b4e55cf5560,d652330fde451d2476a123ad0650bd20,delivered,2017-02-04 19:47:02,2017-02-07 03:55:10,2017-02-07 11:06:35,2017-02-14 16:05:11,2017-03-01 00:00:00
741ec8db84b412611b43fbe607c884c0,208782af33053aa8a60fc82ace534497,delivered,2018-06-10 20:50:00,2018-06-11 20:59:42,2018-06-18 07:52:00,2018-06-28 19:03:32,2018-07-18 00:00:00
99ac72244106ef18ebd81fb6bebfa4bb,ced353863f72326c7e319790ba7c2952,delivered,2017-11-24 22:46:05,2017-11-25 01:52:36,2017-11-28 21:28:56,2017-12-27 14:09:37,2017-12-27 00:00:00
0ec04706b50b8bc69a14dff0d6a26f13,f10e5fbd994c96fe6abc21c3303c9a40,delivered,2017-01-27 19:33:54,2017-01-28 10:31:03,2017-01-30 09:29:04,2017-02-02 11:59:04,2017-03-15 00:00:00
b80264e091caa14505dc8e800902c80c,d7cf6e6f535ab1be102e3e7ab5185139,delivered,2018-02-22 23:13:55,2018-02-22 23:28:21,2018-02-23 20:19:12,2018-03-02 20:09:08,2018-03-14 00:00:00
676d6ec8daa75f6ab88d0b539523aa0c,9dbda069f00bfa90c6a45c0ed7d2597e,delivered,2017-10-31 12:22:03,2017-10-31 12:35:27,2017-11-10 16:11:46,2017-11-21 18:46:36,2017-12-01 00:00:00
d0db1abdd06cc1539b6dad30898d02bb,feb43583b2de6fc8ae4574e60424e8e7,delivered,2017-07-02 18:28:14,2017-07-04 03:50:21,2017-07-05 13:56:06,2017-07-06 12:04:54,2017-07-14 00:00:00
9fc9ffa36672d4903fa9cb76fbf0928c,bf5f82244d3e1de7eb04021eef2c1ad1,delivered,2018-03-24 22:22:15,2018-03-24 22:30:23,2018-03-27 01:06:42,2018-04-05 17:33:49,2018-04-17 00:00:00
33f8dfc5a51063c31d7b12e9d43a45fc,8f7f4871646eb2fa410cc2d50b861317,delivered,2018-04-28 14:32:54,2018-04-28 14:53:18,2018-05-02 15:25:00,2018-05-03 23:51:56,2018-05-14 00:00:00
09d6c2dd8c08336a2cbd1c449a2ef158,2d872c3792f119ecf5d60a08c2d90a66,delivered,2018-02-03 19:36:29,2018-02-06 04:33:15,2018-02-06 19:49:03,2018-02-21 18:28:55,2018-03-06 00:00:00
d995e10d1dabcfe4dba1fbd2d796df1b,9ae48a0f54742156dd040707e25070c5,delivered,2017-05-31 18:41:34,2017-05-31 18:50:20,2017-06-02 16:21:50,2017-06-13 16:53:53,2017-06-27 00:00:00
47f353bb28503360d9e3c39a7004a12e,8528519b94643c712497f8a043c85419,delivered,2018-03-14 23:47:30,2018-03-15 00:10:19,2018-03-16 23:04:29,2018-04-13 19:21:52,2018-04-12 00:00:00
cb4980b31efc7af3ee819aa60582c31b,dc0c77cca2f6acb682827975536a6dc7,delivered,2017-01-17 12:42:06,2017-01-17 12:55:27,2017-01-17 13:20:45,2017-01-20 13:42:37,2017-02-17 00:00:00
be47ea1ee3433ff4f5006ab2c5f9e0a9,edb3e8d308914f62482ddfbdf7b9cce2,delivered,2017-12-13 18:57:12,2017-12-13 19:10:19,2017-12-14 17:27:26,2017-12-16 15:05:56,2018-01-02 00:00:00
05434c77e67f2531d6b5a6c5f8bce535,abadbcbbb0bc8c1f6820c9fcb7ce8077,delivered,2018-08-08 17:57:14,2018-08-08 18:10:18,2018-08-09 12:42:00,2018-08-15 20:27:34,2018-08-21 00:00:00
a1bbc50582a23583fb463282d7807e6a,c6b80a2b1b90507f8a4d42ec211ba949,delivered,2017-10-03 08:44:58,2017-10-03 08:56:30,2017-10-04 15:42:10,2017-10-10 21:35:40,2017-10-25 00:00:00
0ad01dd05d74bc7891d57312627ec33b,f0a961193385015dd1b2789126c34487,delivered,2017-11-14 10:15:11,2017-11-14 10:47:57,2017-11-14 22:37:33,2017-11-20 18:48:55,2017-12-14 00:00:00
491be78d50927ad70bd11d0d0ece3560,8a021120539f766fb61146d15fede9ba,delivered,2018-01-06 22:19:31,2018-01-06 22:30:22,2018-01-13 02:13:59,2018-01-23 20:56:38,2018-02-05 00:00:00
c1961b98e4fd21637c3d46794c5ecd19,3ff4f431d869003febc2f46b985d16e3,delivered,2018-05-03 12:10:46,2018-05-03 12:54:57,2018-05-04 13:47:00,2018-05-20 10:54:40,2018-05-25 00:00:00
e674cdda4bf52dbd8a4a8c474660dbbb,78d89bd1c56e434c026478dc9dfba367,delivered,2017-08-21 11:14:20,2017-08-23 02:56:01,2017-08-23 20:52:19,2017-08-30 18:52:50,2017-09-19 00:00:00
023669233121f0fb7899e5be2b22885f,22c15b46adce8afdd7d58e6582752263,delivered,2018-04-16 13:14:09,2018-04-17 04:54:27,2018-04-18 20:23:49,2018-04-19 16:37:46,2018-05-02 00:00:00
b0835aaf669bff95648d0a0a4f2420d8,63bc7bdfcdedac9e61055d275d8e9cdd,delivered,2018-02-27 08:21:52,2018-02-27 08:30:33,2018-03-01 23:17:14,2018-03-13 19:26:41,2018-03-22 00:00:00
4f2ed03887c7e9a4c420d897e077c172,bd9b13d0a856a39769bce6c6530e9188,delivered,2018-02-25 03:05:01,2018-02-26 09:36:06,2018-03-01 00:08:24,2018-03-23 01:38:54,2018-03-28 00:00:00
18dd8615f61fd478f88cac66f1e5c00f,2ee98b7475ef2a2a5824aec59d1569dc,delivered,2017-10-17 09:45:46,2017-10-18 03:09:11,2017-10-18 18:47:50,2017-10-30 19:33:51,2017-11-07 00:00:00
17e22ae34edbd170fcd2efe9e44f95bd,cdd964d7aba86669bba2a25675fc22a9,delivered,2018-05-01 11:55:59,2018-05-01 12:15:03,2018-05-03 14:08:00,2018-05-11 20:54:45,2018-05-21 00:00:00
b9e60cfd587e2b40cf959a04023247a8,01fb9c979f94a851f92484ae6d6bc41d,delivered,2018-02-03 13:20:57,2018-02-03 13:30:41,2018-02-05 18:07:47,2018-02-09 18:48:29,2018-03-01 00:00:00
4f281ef289adc50c1d9b0e5268a71354,987ad260a05b28274e24026d02f836f8,delivered,2017-12-05 10:53:18,2017-12-06 02:35:37,2017-12-11 16:06:12,2017-12-12 21:12:13,2017-12-29 00:00:00
b0d3e51b80ba2760dcc786b94910d1ba,0debfbe6eb17e95af641df3e543d5959,delivered,2018-05-14 13:53:08,2018-05-14 15:33:40,2018-05-15 15:53:00,2018-05-18 18:14:41,2018-06-06 00:00:00
06c1184eaca6e3877347f38cfe926100,beefbb3f515fb4ae5c3b4822f9e880ea,delivered,2017-11-28 19:29:11,2017-11-28 20:30:38,2017-12-12 16:42:43,2017-12-14 20:57:11,2017-12-12 00:00:00
3b6bf8d07e34c52b0f65c58afb3df15b,22f7df0fe6413ce90a307df4709e8931,delivered,2017-11-23 23:22:25,2017-11-24 00:30:06,2017-11-24 17:58:44,2017-12-11 17:53:30,2017-12-27 00:00:00
945271213276ddf675f031b19b5bf9d3,a58d209672cbb888898e6648f801eaa8,delivered,2018-03-08 09:25:48,2018-03-08 09:48:42,2018-03-08 21:11:33,2018-03-21 23:18:33,2018-03-29 00:00:00
09db1ec04535cf2bba4a73954a252e41,abfa18d164717e434b6dfe7c67e1a446,delivered,2018-03-06 22:01:20,2018-03-07 21:55:44,2018-03-08 23:44:32,2018-04-11 15:58:40,2018-03-29 00:00:00
b7ba198ecb56df8bcad7d2bfbb4b46f3,3d9b09381c665bcd5d0bcadd0c352c5b,delivered,2017-11-28 16:48:13,2017-11-30 16:51:04,2017-12-05 15:53:55,2017-12-21 17:09:30,2017-12-29 00:00:00
0368b1d608cf0cc5246c6110754d8fee,9547671cab73631f8607de9fe65021a3,delivered,2018-01-10 15:54:44,2018-01-10 16:10:08,2018-01-12 23:22:46,2018-01-17 13:09:23,2018-02-02 00:00:00
20a04d5755df90803860e4a046f6766c,057dfb44da43c28b9238d01c65d27077,delivered,2017-08-08 17:37:41,2017-08-08 17:55:18,2017-08-10 13:17:55,2017-08-21 20:28:50,2017-09-05 00:00:00
0b16257b1b7ee0922ea03954f2cae85a,b0344db4bb1741ab32ee52ef092b2572,canceled,2018-08-07 18:31:25,2018-08-07 18:44:50,,,2018-08-10 00:00:00
0ea5190efe3edc73c0420f49af34383b,a18b3ef134201e61ebd69aa3f2eea60f,delivered,2017-03-16 22:52:49,2017-03-16 22:52:49,2017-03-23 11:53:45,2017-04-03 15:20:06,2017-04-17 00:00:00
214efda775774b938e6dd943737bde2c,74a9b1c0c314e9638159fd8433942146,delivered,2017-06-04 20:38:07,2017-06-04 20:50:20,2017-06-05 16:18:13,2017-06-13 13:40:50,2017-07-04 00:00:00
cab899336401fd910bf645dc446d42de,fd452791b1243236afae2bad3e105f48,delivered,2017-11-24 23:53:46,2017-11-25 02:53:00,2017-11-28 00:05:30,2017-12-04 18:33:01,2017-12-18 00:00:00
da051f6d0cd445a2e8bbdcc9e8e189e7,422913da7b656e89449fcd22b0f825b5,delivered,2017-07-07 18:34:51,2017-07-08 03:30:41,2017-07-10 22:22:32,2017-07-26 01:46:50,2017-07-31 00:00:00
783fc14b5c2cdc4ba848ad7f129c5df4,b45c39cf7b53391bde6d542823f73ba8,delivered,2017-12-10 15:41:19,2017-12-12 03:50:01,2017-12-12 17:35:30,2018-01-03 20:09:20,2018-01-09 00:00:00
39ecbda0a90495a26efaaef708ba97c8,a7b7df5662c05961c2610ba95c593154,delivered,2018-01-17 19:39:03,2018-01-17 19:49:56,2018-01-23 18:54:05,2018-01-26 18:22:33,2018-02-22 00:00:00
727f7b96d03192204f43ffb4cc712ca5,973b2338ad94b222873a45fcb80b710f,delivered,2018-04-19 13:33:23,2018-04-19 13:52:05,2018-04-19 23:18:23,2018-04-20 23:26:55,2018-05-08 00:00:00
5678a93db2ffe2111a1b3224911aa1c2,ebb4decb374c24844e3068709c66fe60,delivered,2018-01-09 12:26:44,2018-01-10 10:32:45,2018-01-10 19:55:06,2018-01-25 23:52:16,2018-02-08 00:00:00
d26c1bf71e9f8c396a830d81b4c45866,4a04c64271ec0baed8ecde8869bae718,delivered,2017-06-08 17:10:53,2017-06-08 22:31:42,2017-06-09 13:52:10,2017-06-19 18:16:36,2017-07-03 00:00:00
340bd726abb7b57850b8f3e93c52a559,d058d9531ed27a9c3be60792c94f0092,delivered,2018-04-10 11:46:18,2018-04-11 05:50:26,2018-04-26 13:15:00,2018-04-27 17:39:07,2018-05-08 00:00:00
9fec37a0086c6f77f95b2ac00f27771e,ed60f04b26f7d1489b359d655e71f9df,delivered,2018-08-26 13:53:04,2018-08-26 14:05:17,2018-08-27 15:09:00,2018-08-30 19:22:49,2018-09-05 00:00:00
690e357ce3c40a04f820fe9d3142b3e5,775cc8f164ef568ba42e0d46ff269908,delivered,2018-03-05 11:46:57,2018-03-06 03:49:18,2018-03-07 19:03:39,2018-03-15 21:04:27,2018-03-23 00:00:00
2a6c075539c6b091f954bc4af60d1455,267042dbcf6d3c39dae1d8bbc769629c,delivered,2018-04-22 14:56:48,2018-04-24 18:05:07,2018-04-24 00:22:48,2018-05-02 17:28:43,2018-05-30 00:00:00
2227760b50f899205ac9d202e3d9d981,4936b1538bed9bf82676f3cc2816d73c,delivered,2017-11-24 20:37:06,2017-11-24 23:36:44,2017-11-27 20:14:00,2018-01-17 20:28:18,2017-12-15 00:00:00
d7dea38a19ada84d1329581a16b14f63,93e0dbadcb03b5b82294f9a7dfd303e5,delivered,2017-05-17 18:17:20,2017-05-18 08:50:15,2017-05-18 15:12:51,2017-05-29 11:23:42,2017-06-19 00:00:00
e51a8e1d0f0a0cc6eae0b605b53cf9ed,2a7e297b30ff4a624ad2d5dda5b9484a,unavailable,2017-06-04 21:37:58,2017-06-04 21:50:18,,,2017-07-10 00:00:00
4702ae46293731bcf1d0be7233d6e56f,0f332d471f9682d2acc2b2566a324780,delivered,2017-03-13 07:28:40,2017-03-13 07:28:40,2017-03-14 15:37:40,2017-03-23 11:48:35,2017-03-30 00:00:00
25f3c1b1bb343d4a5d3f63f418f02cda,70d44f620bdfdc3a12aabe9cfb111c3c,delivered,2018-01-30 21:47:52,2018-01-30 22:11:18,2018-01-31 20:56:50,2018-02-05 12:55:36,2018-03-01 00:00:00
687b92f8f248395050a7f8147dab1ac8,4c4d8815ab4bfb632fb88e90cb0a7b1a,delivered,2018-04-08 20:23:45,2018-04-08 20:49:57,2018-04-10 14:53:37,2018-04-18 23:04:34,2018-04-27 00:00:00
2dc53ae306319cbe8fc0db9a38bda89f,cf7b3dee17c8e9e4e50d7d41550ab8eb,delivered,2018-03-17 15:37:33,2018-03-17 15:51:14,2018-03-20 19:50:47,2018-04-03 00:27:25,2018-04-12 00:00:00
cfb41833e1a64faae527b974cde5861d,961fd3536d1341e04612d7a844a068df,delivered,2017-04-27 13:12:18,2017-04-28 15:15:06,2017-05-02 10:42:31,2017-05-16 12:07:29,2017-05-26 00:00:00
f3084f2732a99c1ed0707032aca45026,5aa998dcdff375171c6b05839d10fc4c,delivered,2017-12-11 14:35:43,2017-12-13 02:37:31,2017-12-14 13:28:42,2017-12-23 03:37:02,2018-01-09 00:00:00
61c77cbdc7ac0a0ded411b067c32baf8,bb3783f8d63379a9cd2f36383174701b,delivered,2018-07-14 17:40:59,2018-07-14 18:04:15,2018-07-17 15:16:00,2018-07-24 17:35:32,2018-08-03 00:00:00
cc6ea33cb7facc9aac284d88275e24bc,78e8c81575c4ddb29ec962d8824a4afe,delivered,2018-06-21 14:52:20,2018-06-21 15:17:40,2018-06-22 14:42:00,2018-06-23 14:28:51,2018-07-04 00:00:00
cdd60aacc5e0226d6ab118e432e1b703,b4d7caadb58d94e35c273547b8dcb76e,delivered,2017-11-16 21:02:10,2017-11-16 21:16:55,2017-11-17 17:43:51,2017-11-30 18:16:25,2017-12-12 00:00:00
be003b92657e12fe422a450aacc1eed7,ce4cb710ba906b8b905d1f9451f7797d,delivered,2018-08-05 21:20:52,2018-08-05 21:30:18,2018-08-06 13:13:00,2018-08-09 22:11:30,2018-08-17 00:00:00
de1f7486e03b78ba57d0f814b925ead3,daf5e760f7e5a84520a3ade6f9c0af6f,delivered,2017-09-21 22:11:37,2017-09-21 22:46:05,2017-09-22 18:33:19,2017-10-04 18:38:51,2017-10-20 00:00:00
f42f2fb14ae6dc794ca8024222f22539,cbf7ae8bd29c80d2aa52706ab5858a74,delivered,2017-12-15 15:13:05,2017-12-15 15:32:35,2017-12-18 18:48:22,2017-12-19 16:59:46,2018-01-04 00:00:00
173668754a1cc381f21b4650331a1049,70d7adff1cd1d2116170e3c732e5f941,delivered,2018-01-15 02:20:08,2018-01-15 02:30:32,2018-01-19 14:46:13,2018-01-29 20:16:52,2018-02-08 00:00:00
63292a534f138991d0d55e67f7caa9bf,38715c6655e6780393714b7138495e8f,delivered,2018-02-11 18:55:31,2018-02-12 18:47:51,2018-02-14 22:33:43,2018-03-16 16:47:30,2018-03-06 00:00:00
ff4935343715e7a6dae3e550f73a6459,8bbd68396f2112f979111bfdd363e286,delivered,2017-10-10 15:41:10,2017-10-12 02:29:16,2017-10-16 20:57:40,2017-10-23 18:43:06,2017-11-13 00:00:00
fa807b443e46df35d40fa3e40349057a,d7ff70ab374c804ebca0bd85bc528a92,delivered,2017-10-06 11:03:53,2017-10-06 11:14:20,2017-10-10 15:06:42,2017-10-24 22:32:40,2017-11-03 00:00:00
5e4ff61ebeaffec83fa558b5644145dd,6f2327b7feb466dcf1657ffa5e376ed0,delivered,2018-05-26 07:53:04,2018-05-26 08:19:51,2018-05-28 13:09:00,2018-06-12 11:43:32,2018-07-03 00:00:00
20672f07069f89d1f9d2b94c9a72915c,5d099e1ff58d5bea101953009fd34f63,delivered,2018-07-08 20:39:35,2018-07-08 20:50:19,2018-07-12 19:02:00,2018-07-13 14:08:41,2018-07-19 00:00:00
3ad5c0669026edd9c3bc3fe7b4872cae,e6f86e0abc6b6509df7aadeafb2db5bb,delivered,2018-02-12 12:52:58,2018-02-12 13:08:19,2018-02-16 19:28:57,2018-02-28 00:37:30,2018-03-20 00:00:00
2192c35277d9138acfcb6a068b54b00d,4cdba1a199fefefaa4526b399457212f,delivered,2018-06-14 21:43:23,2018-06-15 22:00:02,2018-06-18 12:04:00,2018-06-29 19:21:54,2018-07-17 00:00:00
f4e67460f5a375001b98b58a4bf9d420,c31341c27beec5c9fd9485eb20072d45,delivered,2017-06-13 21:07:21,2017-06-13 21:22:43,2017-06-14 18:49:46,2017-07-03 17:44:26,2017-07-18 00:00:00
1028ff13ccfac9ceef23604d7974a6d2,377d7f9df8722eb28e148a6014eb40ae,delivered,2018-05-21 20:24:35,2018-05-21 22:33:47,2018-05-22 14:17:00,2018-06-06 19:38:44,2018-06-11 00:00:00
8458b41c26bf20ba9b4ad514cacd4b2a,ce92916d7311f8b3b9e001361d02068a,delivered,2018-08-02 12:05:55,2018-08-02 13:30:54,2018-08-09 14:44:00,2018-08-15 21:57:49,2018-08-31 00:00:00
3e5e7b5fa03b93333f27d876d4026ec3,8d04d2021a6a3e1e48b0c6ce1c6bdacf,delivered,2018-07-31 23:45:08,2018-07-31 23:55:18,2018-08-01 11:12:00,2018-08-03 23:04:20,2018-08-09 00:00:00
9aaf393a76afb1320d536751114e2586,279246d51b1893f587b029deda8c048c,delivered,2018-02-02 21:28:24,2018-02-03 20:10:12,2018-02-05 18:15:00,2018-02-26 19:25:39,2018-03-06 00:00:00
0c3a7b14aa5e70ef5991122f6bb552de,1cf722ec2d1f484c35c1ecfe752b263d,delivered,2017-01-26 10:44:38,2017-01-26 10:55:10,2017-02-03 15:15:42,2017-02-08 16:47:40,2017-02-24 00:00:00
9ede1353fa011bed8de24d379d612305,afc15fa2e786ed9e0c65bbbd956cb972,delivered,2018-01-17 13:34:36,2018-01-17 13:50:15,2018-01-19 18:13:34,2018-02-08 19:03:40,2018-02-15 00:00:00
fa014da3aa5b1fd99b79a24c7a17d778,d08c845f3bf2ae665a2fd49eec24a3b8,delivered,2017-11-03 12:49:17,2017-11-03 13:06:50,2017-11-07 22:21:39,2017-11-16 20:42:53,2017-11-29 00:00:00
0b61dd71ead1e65e9d50db5b89cb5cc4,5961a0e51bce22d6cbf7f0b7ef63d021,delivered,2018-06-13 23:35:25,2018-06-13 23:58:57,2018-06-15 14:15:00,2018-06-20 16:52:44,2018-07-11 00:00:00
dd2b1cee68c53ec8ec59d393485d3b30,39f7d3a1d4a68b875b9e90b1cd071d4e,delivered,2018-03-12 16:49:51,2018-03-13 04:15:50,2018-03-15 23:58:25,2018-03-22 17:38:31,2018-04-04 00:00:00
2d3bc1f6ed458a137c51adc3cab7a488,e620a9a4cdf12ab1e817c17496e9c5d7,delivered,2018-08-06 09:21:25,2018-08-06 09:35:13,2018-08-06 12:32:00,2018-08-10 17:18:42,2018-08-20 00:00:00
5d4c60302689f1e23d80b19eea938bf6,e9195926b82fbae50a32827fdcfd42f1,delivered,2018-07-01 10:55:33,2018-07-01 11:09:55,2018-07-02 14:28:00,2018-07-06 18:22:38,2018-07-31 00:00:00
f3935aaef43afc2bf5a9426006ac69b0,2be4a0dedfe97478360ce6cefcbc9cc5,delivered,2018-06-02 16:00:35,2018-06-02 16:15:20,2018-06-04 11:44:00,2018-06-09 15:27:51,2018-07-11 00:00:00
abd14b94d3155471e77c723d055edab5,deeceb9e9fb321beee0073798d75bd91,delivered,2018-07-16 14:08:47,2018-07-16 14:20:16,2018-07-18 12:34:00,2018-07-23 22:21:43,2018-08-02 00:00:00
d28b9fc7e25679fbae70211d38a44518,3c18062d70c18ab190b4772535ab9618,delivered,2018-07-24 01:08:25,2018-07-24 10:31:12,2018-07-24 13:35:00,2018-07-25 12:16:55,2018-08-01 00:00:00
de4c18618962f737a6707dbadc133937,516ba11177ca1e74af63ac00324338f2,delivered,2017-04-18 16:25:54,2017-04-18 16:42:26,2017-04-19 14:56:10,2017-05-16 23:06:43,2017-05-23 00:00:00
d8734ba226623cf1c86b3cce8cbffa78,eb8db7e18d24b66f2d3681195c85b2b9,delivered,2018-01-31 15:24:27,2018-01-31 15:35:30,2018-03-21 16:12:08,2018-03-29 20:34:54,2018-03-05 00:00:00
db5a3eab52ef5c18c745c172a5050809,8da4932640e63aaa95a7c7090a618a96,delivered,2018-06-01 14:08:24,2018-06-02 03:15:30,2018-06-04 13:30:00,2018-06-12 15:28:55,2018-07-04 00:00:00
a7b5e82b294d8eac1109824b0194abb9,7ff290e59c82983e21d8337602e2ff6c,delivered,2017-06-25 11:42:38,2017-06-25 11:55:08,2017-06-29 08:04:45,2017-07-11 19:32:35,2017-07-19 00:00:00
8af28fda2e3f6beb5ad8a52f388e4631,2f790f1be25b2e553acd934454306f4a,delivered,2018-05-10 17:25:18,2018-05-10 17:38:07,2018-05-15 09:33:00,2018-05-21 15:22:14,2018-06-11 00:00:00
a8832e9194f467aeec913376c1c473c1,6675acfe74b6018b50ddfc8293b1f8b5,delivered,2017-08-16 22:58:04,2017-08-17 00:50:11,2017-08-18 10:13:37,2017-08-26 15:35:39,2017-09-05 00:00:00
fd22d0466cd7c6203111661f9efc93a1,6a203c8a8113cab225817117e15aa9cb,delivered,2017-08-07 18:52:22,2017-08-07 19:23:28,2017-08-10 19:34:24,2017-08-16 20:33:18,2017-08-29 00:00:00
6eda86a0f1499199eed71198fbb0e243,7a31a88e9adffee30ba900e25f51eb77,delivered,2017-05-06 20:23:57,2017-05-06 20:35:22,2017-05-09 16:27:57,2017-05-24 05:47:52,2017-05-31 00:00:00
90ef0dd46322c07d322754512bf6b9b5,cc8ad3c4ae16891646c7f40bc2be5f5f,delivered,2018-08-14 10:15:39,2018-08-15 03:25:28,2018-08-16 12:05:00,2018-08-21 21:16:48,2018-08-27 00:00:00
af82c79786a3ba816b246820444fdb8e,d09b6905433a2fd16d0355163fca1159,delivered,2017-04-14 11:01:05,2017-04-18 04:32:39,2017-04-18 13:00:36,2017-05-03 13:53:44,2017-05-16 00:00:00
2823892eb5b11e8006c23b01b51ea5e9,39b51dbcbd569ae76c53c51b8d806070,delivered,2017-09-04 22:08:32,2017-09-04 22:23:54,2017-09-05 20:37:44,2017-09-08 18:49:02,2017-09-15 00:00:00
489191dca3848c2c6ddbf667d4935fc3,36a7fa9b72bfadd847f369c2e58ea92c,delivered,2018-01-15 15:18:27,2018-01-15 15:31:43,2018-02-19 12:48:47,2018-04-19 20:16:48,2018-02-06 00:00:00
bc53a2a089447a4242222abfe51bd96a,9a92b114cb0f8eba5223f165e6381a52,delivered,2017-11-23 22:33:46,2017-11-25 05:17:27,2017-11-27 20:32:52,2017-12-04 23:03:36,2017-12-14 00:00:00
8a7aac96934b61b070e94762ca857e31,29a61d310ca39b308cd0cd0115f4259b,delivered,2018-01-23 08:44:12,2018-01-25 02:57:43,2018-01-26 00:23:19,2018-02-01 22:25:23,2018-02-21 00:00:00
1a2582ca80feaaf937cc94d437ba1635,99efadd052716ca57a64a6287caca0eb,delivered,2018-05-26 07:45:36,2018-05-26 08:19:48,2018-05-28 13:19:00,2018-06-09 15:42:09,2018-07-16 00:00:00
e64a2f940c322b57b24a28636cb83674,1b2f9d96c84e575dd66d434389d66860,delivered,2018-06-26 15:02:30,2018-06-26 15:16:12,2018-06-29 14:22:00,2018-07-02 13:16:36,2018-07-18 00:00:00
111d5d48ac06001d01f0b901ace3b327,ce5575f91b7a762a1a81dbc48a957360,delivered,2017-09-26 10:05:23,2017-09-26 13:56:22,2017-09-27 16:14:59,2017-10-05 19:17:52,2017-10-26 00:00:00
638ddef52c626100e00de628f88aab26,a650d9eae93c1b3e749b16e113a1f281,delivered,2017-05-29 20:36:51,2017-05-31 07:02:47,2017-06-05 09:12:21,2017-06-19 11:11:51,2017-06-21 00:00:00
333d563479f452dc29b0a94c9c1be6c6,7f9d3722b8dc9b6099feb324a5845ea7,delivered,2018-01-14 12:58:36,2018-01-16 03:35:43,2018-01-17 19:16:12,2018-01-27 11:47:51,2018-02-16 00:00:00
b7df5ce2d6f1da60c6f47470a8c73dc8,228745d7c5f9cb114075b6e8d519561d,delivered,2018-02-10 09:41:15,2018-02-10 09:55:34,2018-02-14 19:15:09,2018-02-25 15:18:42,2018-03-08 00:00:00
b1501234c007ae50246518bde6945cf6,6869e1cfb26372f96014ea73e3cf0476,delivered,2017-12-12 22:48:35,2017-12-12 23:31:49,2017-12-21 13:58:24,2017-12-27 10:36:00,2018-01-05 00:00:00
0c7a6b23056ca2e73c8b369698e1d781,770a46db9679c9f9b8f8d24f7b81d150,delivered,2018-03-11 10:26:01,2018-03-11 10:35:36,2018-03-12 18:58:30,2018-04-13 19:51:57,2018-03-29 00:00:00
7aec44a29db806091272db5aeb0007d4,b1cab246c245455519a3cd45d8d5b3da,delivered,2018-03-15 19:54:03,2018-03-15 20:08:26,2018-03-20 00:16:34,2018-04-02 20:08:36,2018-04-13 00:00:00
f9ff65718437270c39dfb38755a41157,eeb8e17b6642ced7c58b2f53641df88c,delivered,2018-06-06 22:51:55,2018-06-06 23:13:53,2018-06-15 14:04:00,2018-06-20 15:44:34,2018-07-12 00:00:00
5925c7ecb7ba1b4c276101af9718cdb3,7236748354429cc6d4e409f177a183c0,delivered,2017-03-31 12:51:56,2017-03-31 14:55:06,2017-04-05 12:42:56,2017-04-13 13:26:06,2017-05-16 00:00:00
da9234ffa7ba40ffe7d4c1e9f48b8d39,2c341b1ab8d4d0d5327fb7cb1a3674bf,delivered,2018-02-17 08:41:08,2018-02-20 07:07:13,2018-02-26 16:48:38,2018-03-08 23:09:35,2018-03-06 00:00:00
b5ed14c14034b74bb0ae1c0427d72304,0e38ebde5475192a209a76a8d5eb1764,delivered,2017-08-23 20:03:28,2017-08-23 20:24:27,2017-08-24 18:20:12,2017-09-01 17:04:13,2017-09-29 00:00:00
c1c06053c21d197688b79b2dddbc0560,04cb9ac4f7e8601eca04db769d91d5aa,delivered,2018-06-14 00:23:48,2018-06-14 00:40:06,2018-06-14 14:08:00,2018-07-04 22:27:50,2018-07-20 00:00:00
d1ed1dbbec11c2374190e2365d37d2b9,2451db6c90e7c206d648b5136b715433,delivered,2018-08-07 20:40:26,2018-08-07 20:50:26,2018-08-08 14:49:00,2018-08-13 15:18:35,2018-08-27 00:00:00
eb22d6eb9946f4e045cffb03414af48a,7c1ff053ffc866248a4a52626a541f05,delivered,2017-11-24 13:50:10,2017-11-24 15:56:14,2017-11-29 13:26:45,2017-12-05 20:43:00,2017-12-15 00:00:00
9f58353e16353e64bf57e32e6dae9e45,311ca9f3c832a4e9b14093cf3c9ac98b,delivered,2017-09-07 01:34:57,2017-09-09 04:50:20,2017-09-13 21:26:51,2017-09-20 21:18:03,2017-10-06 00:00:00
6ef39ba9ebeec91e5c34444a2c9bbb24,78617a723b4d69cf675ae0719ac052ed,delivered,2017-11-24 01:36:16,2017-11-24 01:48:30,2017-11-27 15:07:46,2017-12-02 14:07:58,2017-12-14 00:00:00
34dcbc5c082a2153b21955ef457e8c04,91ab603eecd2116962f5f9c2d61e9c4c,delivered,2017-07-06 17:17:24,2017-07-06 17:35:20,2017-07-10 19:49:46,2017-07-17 18:32:06,2017-07-28 00:00:00
8352c315bdec808a129afc14f0e4f5a8,38f8466ee6214edccc55df2bd8a468c2,delivered,2017-05-02 06:29:43,2017-05-03 11:34:07,2017-05-19 14:40:03,2017-06-01 15:14:05,2017-06-16 00:00:00
a20244bef3bafb6f4d37e3603539336d,bdf1861e7bc387ae207eaf08463576b5,unavailable,2017-12-14 10:33:27,2017-12-15 17:32:15,,,2018-01-10 00:00:00
0bf5f8d1827bd25b377ffbe375420463,6b116549ed56c86707f9c9eeaa654941,delivered,2018-01-06 15:54:40,2018-01-06 16:11:23,2018-01-08 20:39:39,2018-01-19 20:09:29,2018-02-09 00:00:00
726e25ef948fc66eb94deea5f2c65a89,1c0f684a7ac9b27286bab298a8e9af79,delivered,2017-11-20 20:58:17,2017-11-20 21:09:26,2017-11-21 20:44:44,2017-11-24 21:05:22,2017-12-01 00:00:00
5e9f1a71f53f74f8c4e829ffbb4b52e9,61759d9a9dd34f40b92662ee9036a9b5,delivered,2018-07-30 22:02:54,2018-07-30 22:31:44,2018-08-14 12:56:00,2018-08-20 16:29:09,2018-08-27 00:00:00
6f56d701fdaa7fc3575ddda3bed5fbbb,798bc99c248e680bbc7160f0f3bff68e,delivered,2018-02-16 14:41:35,2018-02-21 13:35:37,2018-02-22 00:15:21,2018-04-02 18:18:28,2018-03-15 00:00:00
da3b1ce080ddff2eea8276700fc377a7,c37c51bf32c22db465dc7d2749c9e0ce,delivered,2018-06-06 23:01:04,2018-06-08 02:56:17,2018-06-08 14:36:00,2018-06-13 23:45:58,2018-07-12 00:00:00
ded23d37cdcc25b37b4473b7be770cb2,f96144f946e8e590fabf60a3a1e3342e,delivered,2018-07-26 18:25:40,2018-07-27 02:10:26,2018-08-02 14:13:00,2018-08-07 12:12:23,2018-08-20 00:00:00
dbac48843f558f3518a3214cb9e818e7,77613c35385f90bde78c9feb941518d4,delivered,2018-06-24 16:58:44,2018-06-24 17:18:21,2018-06-26 14:25:00,2018-06-28 16:35:29,2018-07-18 00:00:00
fe133ae09efe51778e36c40cd00ece6f,4681539a612e9e1310dfb5d11e6220dc,delivered,2018-08-16 15:22:55,2018-08-16 15:43:56,2018-08-17 12:09:00,2018-08-24 16:08:38,2018-09-13 00:00:00
28347fb7928bfd78f994fd08e778e7cd,3a5dc54da61c278bb18757c6ce5c64b7,delivered,2018-02-15 17:38:41,2018-02-16 07:47:07,2018-02-21 03:10:08,2018-02-26 21:28:06,2018-03-14 00:00:00
c892dec5d74e3ba28920ec30498fd00f,f8a7c075d105afdcf535711ffa7acfa8,delivered,2018-07-16 18:10:36,2018-07-16 18:20:29,2018-07-17 14:55:00,2018-07-23 17:54:39,2018-08-01 00:00:00
7fe1044f8a2fca89a6cc85fead509a72,4ba9c05e899062d31966848590dcb9c2,delivered,2018-04-19 07:46:25,2018-04-20 07:31:44,2018-04-20 19:24:29,2018-04-23 16:12:29,2018-05-02 00:00:00
a5f564e5fffa9a534cd9ffe566e48154,b2a89e46355af5dfd2f26b450d97a014,delivered,2018-01-28 19:48:44,2018-01-29 20:12:07,2018-02-01 22:25:35,2018-02-22 16:42:09,2018-02-26 00:00:00
e1c810cb179481ffaa80d2cb9585933d,4df4e1475d8002888804dbefbf86a891,delivered,2017-11-21 22:40:24,2017-11-21 22:57:23,2017-11-22 19:58:54,2017-11-24 19:22:04,2017-12-08 00:00:00
190a104710f7a653bd65f673e8f5ba11,fe154237bdcacd57d9cd2adaa60f1012,delivered,2018-06-16 20:29:23,2018-06-17 20:33:47,2018-06-18 12:28:00,2018-07-02 16:58:50,2018-07-12 00:00:00
64108ebb55ecc7f1a9a4477c5b0624f4,7793ba04890e84aee53d94009056bfff,delivered,2018-08-17 14:04:41,2018-08-21 04:29:34,2018-08-21 13:08:00,2018-08-24 21:58:37,2018-08-29 00:00:00
ad1aa8b8efedf5f8fc4712a4e380cc4d,8ed8cc42ab6647f52d9cd6efd76f9081,delivered,2018-07-13 19:29:32,2018-07-13 19:44:07,2018-07-16 17:46:00,2018-07-20 19:22:09,2018-07-30 00:00:00
d208c0e6c8b9829a4ede83ff0caa36cb,822a6d94daa01784546c234b769fa0ca,delivered,2018-05-18 13:37:26,2018-05-18 13:55:12,2018-05-29 14:04:00,2018-06-06 20:41:54,2018-06-07 00:00:00
29c3b79aace1b72a82b1232bf494e16f,9225e82d7b09bfc606f1849de9300050,delivered,2017-12-16 10:04:35,2017-12-16 10:15:25,2018-01-15 17:51:55,2018-04-28 15:51:50,2018-01-24 00:00:00
0005a1a1728c9d785b8e2b08b904576c,16150771dfd4776261284213b89c304e,delivered,2018-03-19 18:40:33,2018-03-20 18:35:21,2018-03-28 00:37:42,2018-03-29 18:17:31,2018-03-29 00:00:00
6dac04f41aba0a18ba91cbe9779267c7,45b7888aec363575f56da95b698c465a,delivered,2018-01-30 08:20:41,2018-02-01 02:56:10,2018-02-01 22:29:51,2018-02-19 20:44:16,2018-02-22 00:00:00
76733b53268aeb701189fb974dde101f,6181ed8e0b73f7bf53900b98f67451bd,delivered,2017-10-24 23:43:17,2017-10-24 23:56:13,2017-10-25 18:33:01,2017-11-06 14:56:44,2017-11-10 00:00:00
412d2be13fcba6c139d5c9998e77a7c6,312f6a14282ff4c1415a75932bd1ecfd,delivered,2018-08-07 16:50:10,2018-08-08 03:05:15,2018-08-13 10:05:00,2018-08-20 12:39:00,2018-08-21 00:00:00
a7f32fc78c47cef1cb91cfc0889e985b,4ee6ab82424b50de8c93d73e7c871d9f,delivered,2017-12-09 14:52:02,2017-12-12 03:50:31,2017-12-13 22:13:38,2017-12-22 21:16:38,2018-01-11 00:00:00
0abc7357d2bbb06a7d4d0b2a24d4ebd3,87f39f576c79ac275eb018b9e6bb907b,delivered,2018-08-02 22:12:33,2018-08-03 08:24:04,2018-08-03 17:00:00,2018-08-07 00:38:51,2018-08-15 00:00:00
836e4cb15d850d5cb77cda4c3c387665,d036f891452cf38a560fadbd4021580f,delivered,2018-02-27 14:33:18,2018-02-28 16:15:44,2018-03-02 21:06:37,2018-04-06 00:59:38,2018-03-20 00:00:00
cfe7b4c34db01ec6e038ce0d1f4e75c9,d72228f37dd9e30c4b0b4aec3b83944c,delivered,2018-02-28 10:43:27,2018-02-28 10:55:37,2018-03-21 20:20:32,2018-03-29 23:07:22,2018-04-06 00:00:00
c564e930a1736cdad54cc4ee07df2fb5,e66bcf20e79f7b5dedbd5a8939d2446b,delivered,2018-06-14 09:06:34,2018-06-14 09:38:24,2018-06-14 13:25:00,2018-06-18 19:05:55,2018-07-05 00:00:00
660a7ffb4e94f34f45b4a1e2c04916d6,b8f1f244b44ebc462cf313c6de3b98e0,delivered,2018-05-08 18:51:10,2018-05-08 19:12:16,2018-05-10 19:07:00,2018-05-11 22:58:40,2018-05-16 00:00:00
2d06d0f685d85988dd10f283e5da1270,e95af4958466a8d9dfa3e75117e95eff,delivered,2017-11-24 12:48:08,2017-11-24 14:58:03,2017-11-28 17:43:14,2017-12-12 17:42:36,2017-12-28 00:00:00
e1f693a7777b9f6ff730a9d2b45a56cb,c2e64d930487075593367a1ea29645aa,delivered,2017-05-12 10:28:31,2017-05-12 10:42:46,2017-05-16 08:53:34,2017-05-26 14:04:40,2017-06-06 00:00:00
f11fa7d0f434a225ec6d229d5337ced4,2a31b406c87cb5527f853c2b0724678d,delivered,2017-08-10 19:36:31,2017-08-12 02:50:20,2017-08-16 20:07:45,2017-08-28 20:45:48,2017-09-01 00:00:00
2a1f5c158f6ca7684580df9eae319db4,fa06f5988ba2f3a7dd013dc8a8782d5f,delivered,2018-03-09 10:22:51,2018-03-09 11:29:46,2018-03-13 18:42:22,2018-03-20 20:06:41,2018-04-02 00:00:00
792759a41151d6118cddc7b809c9da2d,2d4e3b6221f4fd93c9381338421e6236,delivered,2017-12-08 19:07:00,2017-12-08 19:17:30,2017-12-11 20:41:31,2017-12-13 16:33:54,2017-12-27 00:00:00
d3ac7f284f550007e269b7d526bebd53,744a8a6514f4b875dd09dc55ff0038ae,delivered,2018-05-08 08:13:01,2018-05-08 08:29:58,2018-05-10 18:29:00,2018-05-29 15:27:50,2018-06-25 00:00:00
448fcb3ecccfb7254d000601791ca605,47b5de1fcd6e6beb90846e2a0b8441fc,delivered,2018-03-11 21:21:31,2018-03-11 21:30:33,2018-03-13 15:59:49,2018-03-16 10:04:18,2018-03-28 00:00:00
e5ce0260311bb22e88a68521703a29e3,de8e62a27572b1f6e9f0acd5c14a3026,delivered,2017-09-10 10:05:05,2017-09-10 10:23:47,2017-09-11 23:03:42,2017-09-18 14:42:04,2017-10-04 00:00:00
a99bed70b800227cc293174945a645e0,d5ef2005eca8ab3356125c50c6baa8cf,delivered,2017-03-21 10:29:01,2017-03-21 10:29:01,2017-03-21 13:14:19,2017-03-30 16:57:41,2017-04-11 00:00:00
e21fb196bd04dacce0907722f0660282,abbc7e4d6588f853a099fae5c12c4cb6,delivered,2018-08-14 20:10:19,2018-08-14 20:24:35,2018-08-15 14:48:00,2018-08-16 21:26:31,2018-09-14 00:00:00
ed9654afff985864a8b75b3c1725f67c,fd1c961261fb1ab2eabaad2c5b13aca8,delivered,2018-01-08 17:28:33,2018-01-08 17:36:28,2018-01-12 22:21:36,2018-01-26 22:11:58,2018-02-05 00:00:00
bc4259cb82833f82cf7107fc67843f79,622cba8ef27cf7ad70c0952eebb569c2,delivered,2018-03-11 21:31:45,2018-03-11 21:48:33,2018-03-14 01:11:58,2018-03-16 19:38:29,2018-03-22 00:00:00
17a5005ce09865784a18052d65e9e050,b0eb10aee41edc0142f0c77a0fd9ba1f,delivered,2018-04-28 23:55:33,2018-05-01 05:54:31,2018-05-04 13:21:00,2018-05-15 23:18:30,2018-05-23 00:00:00
9819219d69f9de4d4bb3180daf2edda5,8c6b10b3bd5812f54ca14f911a7aaa0c,delivered,2017-12-07 13:46:11,2017-12-07 15:06:07,2017-12-12 16:06:37,2017-12-30 17:28:03,2018-01-08 00:00:00
ffad90ea25b9d744b18f8079de0b988d,486ac5f6c418c91aeb7abdc247dab3f7,delivered,2018-04-30 20:14:39,2018-05-01 03:15:13,2018-05-03 10:15:00,2018-05-08 19:24:39,2018-05-17 00:00:00
ebc00d28934c1edd775b307bf5cff160,3205756d1ec1fd148f6b6f000e9ae144,delivered,2017-05-21 13:09:50,2017-05-23 03:35:19,2017-05-23 16:03:25,2017-05-29 11:01:31,2017-06-13 00:00:00
78cdbeb2b6df14128f5de0a1d2c70561,dfe763af2bf0e6285b927a89abe32019,delivered,2017-09-22 23:09:49,2017-09-22 23:24:40,2017-09-27 18:29:40,2017-09-28 18:27:44,2017-10-09 00:00:00
4a661ab7f8cc33b9cb79df5c0b912a73,e8947d67ab03b85b640693dd06ed3c72,shipped,2018-03-22 14:36:28,2018-03-22 14:50:25,2018-03-28 15:22:25,,2018-04-10 00:00:00
5b244cf7290c20fb5ffbdefa2845cbf0,d0003341f5d2c6f0ec7c2580e31a4fc5,delivered,2018-06-26 11:28:06,2018-06-27 11:30:23,2018-07-06 09:26:00,2018-07-14 18:12:33,2018-08-03 00:00:00
d3d5d98dda9bb549d81a9b4b9e404bc2,59fc032d9a115fbb32558967187ffbae,delivered,2017-05-31 21:49:02,2017-05-31 22:02:19,2017-06-01 14:33:03,2017-06-05 16:43:41,2017-06-23 00:00:00
6b42a19086fbc8038a2a8e561a47a897,97862b5094f2c4333b42a6d9e44f9a6d,delivered,2018-01-16 14:18:11,2018-01-17 03:34:27,2018-01-17 20:54:05,2018-01-19 15:37:39,2018-01-31 00:00:00
5bd09c25c13fd88f4f9928d25cba13e3,60a122b72d618a3f4be7a338231b747f,delivered,2017-10-05 23:15:03,2017-10-07 02:24:56,2017-10-09 18:04:08,2017-10-11 19:57:59,2017-10-31 00:00:00
f60ce04ff8060152c83c7c97e246d6a8,78fc46047c4a639e81ff65f0396e02fe,delivered,2017-11-28 22:24:18,2017-11-28 22:31:34,2017-11-29 19:48:33,2017-12-04 22:22:20,2017-12-18 00:00:00
de11626bdec1c2e2c4f907036e55b981,99079841620303aa896941664bd86441,delivered,2017-08-04 22:08:17,2017-08-04 22:23:53,2017-08-08 20:27:54,2017-08-21 21:12:27,2017-09-08 00:00:00
b1db5f0906f790f7bbc7df91df3cc1f6,39a881b751230fd0f534927e684a950f,delivered,2018-02-01 09:46:33,2018-02-02 02:53:57,2018-02-05 13:25:16,2018-02-07 16:56:32,2018-02-19 00:00:00
d108fd23680159d7981c0da9a46fba79,d4ff16ef57595838d5ee159d01d38c7b,delivered,2017-11-25 16:40:53,2017-11-25 16:52:08,2017-11-29 21:21:24,2017-12-01 01:27:49,2017-12-11 00:00:00
55f7d464556078e4c8b4fdf028feedc4,51ef37e9a3f618d27ab7e0f1a76ac37e,delivered,2018-08-09 14:36:13,2018-08-09 15:05:15,2018-08-10 13:55:00,2018-08-15 21:08:47,2018-08-23 00:00:00
158a3c94f1c31ab6a1e4b818c150ef70,5720eea9974f8afc6b0d50060fac2622,delivered,2018-01-08 20:38:46,2018-01-08 20:48:35,2018-01-09 15:13:48,2018-01-11 19:27:49,2018-01-24 00:00:00
b48a5fd9da47758b7a3d89365b50f811,5ca50b72b94b851c8895665f121e80be,delivered,2017-07-27 10:07:04,2017-07-27 10:30:47,2017-08-01 22:14:38,2017-08-18 19:47:38,2017-08-28 00:00:00
d7898ccadc85889e683ff908985b3a2e,274954aa98c367e4f6753f89f6374c1e,delivered,2017-03-28 14:40:06,2017-03-28 14:50:16,2017-03-29 14:40:16,2017-04-04 16:06:11,2017-04-17 00:00:00
277427ea3d46a465d7311f4107515ba5,5c457daa8db6f2e6e3124d040636fc98,delivered,2017-02-08 10:58:40,2017-02-08 11:10:21,2017-02-10 09:07:55,2017-02-23 14:33:30,2017-03-09 00:00:00
c5317bad0d8e0da6245fb7cd76226736,2c69c4f7310826a921f00b03c3bbcc34,delivered,2017-09-03 17:22:56,2017-09-03 17:30:19,2017-09-04 22:34:59,2017-09-09 12:56:25,2017-09-22 00:00:00
64f037d43d71fa8da3cd062e493252da,24b4b26b3282a2215245b414819cdae4,delivered,2017-07-21 17:52:29,2017-07-21 18:03:22,2017-07-24 15:59:23,2017-07-26 10:52:53,2017-08-03 00:00:00
5a8b1c05111ba4fc4dfc6b9627ee177a,29db91941bcad91da8de98da8eb5d8b4,delivered,2017-11-16 22:02:48,2017-11-17 17:27:26,2017-11-23 21:07:18,2017-11-30 21:18:00,2017-12-14 00:00:00
3365e7a67090957e53e3a06f20029378,ab37a169aa236ebab63bc925b4c0c723,delivered,2017-08-15 11:25:16,2017-08-15 11:50:12,2017-08-15 19:22:55,2017-09-16 17:24:11,2017-09-19 00:00:00
8b95218ca1e8860d7a256f2e9022d8ba,79dd76b97c1da86961320844cb4532e5,delivered,2017-09-30 12:06:40,2017-09-30 12:25:03,2017-10-06 17:36:20,2017-10-18 19:29:47,2017-10-24 00:00:00
dd8f12312aaed12f182c3b3f1b28f5ba,63fe4386560fb932f449ba208c31cd7a,delivered,2018-04-26 10:49:02,2018-04-26 11:12:41,2018-04-26 15:00:00,2018-05-04 22:22:51,2018-05-21 00:00:00
cf2b932d25c7f902faa52f469b89c1c2,df65599cd5fdaba371377ec2b8d533ce,delivered,2018-08-10 18:58:47,2018-08-10 19:15:10,2018-08-13 14:24:00,2018-08-15 14:55:01,2018-08-23 00:00:00
fbd87e9a66a24294c9f8deb5efca45a1,99677fae923e41228f37e3ff7306db4c,unavailable,2017-07-06 12:53:40,2017-07-08 03:25:37,,,2017-07-26 00:00:00
9c3fe119bb87723856e0d807d2ddf37d,3c9e199c72090dad38052fb09243f620,delivered,2018-08-07 09:09:13,2018-08-07 09:24:51,2018-08-20 12:35:00,2018-08-24 23:18:43,2018-08-21 00:00:00
cb9419b2db4cc2797c93a4d4cb27eafc,ea49a65ee5cc655d87e3ae14e3370be5,delivered,2017-09-22 18:22:38,2017-09-23 02:15:39,2017-09-25 18:58:36,2017-10-11 13:33:53,2017-10-20 00:00:00
3b1bf20520476dc7b150dd52f521e525,aea1dc2400dfb8eed8cc28b4f8f84faf,delivered,2017-05-24 21:39:01,2017-05-26 02:25:18,2017-05-26 17:53:52,2017-06-02 15:07:53,2017-06-16 00:00:00
122154e627ed5da2a413b777f408b840,06cedf45bb3fda13ad8ac53fa73c39a3,delivered,2018-03-22 16:06:19,2018-03-22 16:50:22,2018-03-27 01:06:40,2018-04-18 16:16:30,2018-04-18 00:00:00
522a5e4ad2f2d51be25ae597da2b8197,8738ff633d54ab19562fc3b7d23f9fd0,delivered,2018-02-25 18:05:13,2018-02-25 18:15:29,2018-03-12 21:27:34,2018-03-19 15:41:47,2018-03-20 00:00:00
4858e8163239ecb307ebe97863cc948b,205ba642f3e340996c4feedc39f67c73,delivered,2017-08-19 11:07:18,2017-08-19 11:25:32,2017-08-21 19:03:54,2017-08-26 15:19:59,2017-09-13 00:00:00
8f80c260c49e02ec6dabd0385b79e1f7,f0096a100fe274fca3ef4a141669b390,delivered,2017-10-05 14:21:09,2017-10-05 14:49:31,2017-10-06 19:38:04,2017-10-16 16:24:13,2017-11-06 00:00:00
122d8cc78a762990dba0fd768342a334,f5a22dd8bdd92589046bbf2614590885,delivered,2017-05-17 10:44:59,2017-05-17 10:55:21,2017-05-18 10:54:07,2017-05-26 14:57:55,2017-06-22 00:00:00
0c1131dcb8c6ec0c895af6aea3e70983,69de6e98cbd456c73122e8fd3a20554d,delivered,2018-03-04 01:19:17,2018-03-05 04:15:31,2018-03-15 18:33:42,2018-04-24 15:42:11,2018-04-13 00:00:00
15315b01f91360542649d0238fdd4d71,bedc3f25908f9cec1ed65b9b16a2d5c6,delivered,2018-06-12 09:11:38,2018-06-13 02:36:56,2018-06-13 15:22:00,2018-06-18 17:56:42,2018-07-04 00:00:00
91f1ac61a8e729f0c88109ea99fef51d,ebce39fd812698534f78fae7b271b28c,delivered,2017-08-25 16:19:24,2017-08-26 02:05:55,2017-08-28 19:06:42,2017-09-12 17:07:24,2017-09-21 00:00:00
a7be2467cdcb078b2ffdea6fd401952d,cceb2d3cf8bb8238adb90d6219d75faa,delivered,2017-12-13 21:25:36,2017-12-13 21:38:22,2017-12-15 19:39:34,2018-01-06 06:23:09,2018-01-29 00:00:00
294f94df7d2ec239123fdca1a458e0ff,5a968869bd6a16f0a56d22cdd8b40435,delivered,2018-05-23 13:31:25,2018-05-23 14:14:22,2018-05-25 08:52:00,2018-06-08 09:34:41,2018-06-27 00:00:00
72d35321453b32c80a4427da5f385c9c,6846633ef3d9e79996c8ba04a68d9853,delivered,2017-07-29 12:33:00,2017-07-29 12:45:09,2017-07-31 19:22:47,2017-08-01 17:12:58,2017-08-15 00:00:00
1e80bd664bc120ddf4d789b7b9455e14,69a4bbdea1617578929bb426c99e1ea4,delivered,2017-05-09 15:29:51,2017-05-11 04:02:44,2017-05-17 13:51:46,2017-05-23 10:42:30,2017-06-06 00:00:00
c583d1e4fd69999ff69ba3b41639434c,32900c3c8bb35455d2ae421e3556b479,delivered,2018-03-12 16:55:53,2018-03-13 03:50:32,2018-03-13 20:03:53,2018-04-02 14:30:10,2018-04-03 00:00:00
132b39be91080ce2062bb6bede4d45c0,bbf4e01ce1d50ddfb1da769c9cd66ecf,delivered,2017-07-12 00:59:02,2017-07-12 01:10:11,2017-07-13 17:06:05,2017-07-19 16:52:59,2017-08-07 00:00:00
97fe6393705790dc4895bc1e7da3b3ec,79eb6e225eed1659407f6eece333a60f,delivered,2017-08-05 18:24:49,2017-08-05 18:43:31,2017-08-07 17:52:02,2017-08-23 01:42:02,2017-08-30 00:00:00
37f02a54b7a8290c4afc59b4171a4718,c4e871d45f4c081559e8c1773ebe8b15,delivered,2018-01-31 11:30:47,2018-01-31 14:08:06,2018-02-01 16:32:14,2018-02-07 20:27:46,2018-03-02 00:00:00
0417c9ab9d789459e660e8d325ce4a6a,d5f406fffe58d33efe48566eba1b6537,delivered,2018-06-25 08:27:27,2018-06-25 08:38:26,2018-06-25 11:04:00,2018-06-27 15:52:34,2018-07-12 00:00:00
f23026c2bb8bf3bb814eb4454f169f51,a521ad0645d4cbab3e4e06fdaf965ead,delivered,2018-07-27 10:21:52,2018-07-28 09:25:09,2018-07-30 12:00:00,2018-08-02 13:19:40,2018-08-06 00:00:00
f562f8a4adf5a459176f7170d0da220d,182fed0480f6cce20c12628b80bce20c,delivered,2017-06-04 11:37:23,2017-06-04 11:50:07,2017-06-05 14:13:56,2017-06-14 14:58:15,2017-06-30 00:00:00
38e300c6758b36eb5bb0234a3ac1fe53,03e8f438c63d7e3eb8cf2e830e42793d,delivered,2018-01-02 21:36:48,2018-01-02 21:50:20,2018-01-03 21:07:31,2018-01-08 21:46:12,2018-01-18 00:00:00
6864a2123ff29285627d16be37bc8b02,5e940c1304d278e5ee8cb3f08806692a,delivered,2018-07-08 19:40:11,2018-07-08 19:50:10,2018-07-10 14:43:00,2018-07-21 18:36:24,2018-08-06 00:00:00
9d9cff01f6fdf54921c214e893355fb1,551c4f4e876ce1b1d75ac260708f05c7,delivered,2018-07-27 17:14:56,2018-07-27 17:30:42,2018-07-30 10:52:00,2018-08-04 16:05:45,2018-08-16 00:00:00
a917dadebfac700fb6fcbf80126d4f57,733fce0f4c919aa6c6f408b6298e1225,delivered,2018-03-13 20:24:58,2018-03-13 20:49:32,2018-03-14 19:41:45,2018-04-21 19:43:46,2018-04-05 00:00:00
8b08f0e729f58529ed03e763270f78d5,1761db2f0d235bbfa1c281093198af0c,unavailable,2017-08-24 21:02:47,2017-08-24 21:15:36,,,2017-09-27 00:00:00
d67f2941b4a27d61f6176446533e3766,2d3c195d92da81037ca071936b76c3b4,delivered,2018-03-01 21:01:36,2018-03-03 03:20:24,2018-03-07 20:19:03,2018-04-18 20:56:26,2018-03-20 00:00:00
0b50feddfae831cc657a703f9d929025,f35c9a0d1ebdb149d4304c439aff64e0,delivered,2017-12-11 01:08:05,2017-12-11 01:19:23,2017-12-12 23:47:44,2017-12-21 16:18:27,2018-01-11 00:00:00
8bc4ec47148eae2b4ca051dd24c25a86,3597ba3579c46b170518b6cdb8e21b58,delivered,2017-11-14 22:01:08,2017-11-14 22:15:42,2017-11-16 22:33:52,2017-11-22 21:16:50,2017-12-04 00:00:00
2c0850997a2ee7ab84dbd7b4c909b667,672a74f41f6922d3373bb5e0fa8526b1,delivered,2018-01-18 00:47:48,2018-01-18 00:59:32,2018-01-24 13:06:48,2018-01-29 19:43:00,2018-02-02 00:00:00
a510c00bf911ad87c19350719d460ecd,8f7200ad4c1219625f7a68619c3b1225,delivered,2017-12-04 15:09:34,2017-12-06 08:51:49,2017-12-07 15:32:51,2017-12-15 22:43:01,2018-01-10 00:00:00
8a6aa542c859c76d350343d616e3197a,d26ea9022bf1636686ea80c024956adc,delivered,2017-11-22 21:53:32,2017-11-22 22:06:31,2017-11-23 18:57:41,2017-12-07 20:32:11,2017-12-11 00:00:00
75e8542a91d9e76f206025e089a981f2,c9a6410aa7fd6f33bdae09357f8f5c57,delivered,2018-04-20 10:00:43,2018-04-20 10:10:24,2018-04-23 21:11:34,2018-05-09 15:22:35,2018-05-21 00:00:00
f17af50f27c9a60c151065658aa58edc,7db99f68639988a848b7a85e2845ce21,delivered,2017-03-10 06:18:21,2017-03-10 06:18:21,2017-03-13 09:04:45,2017-03-17 13:58:04,2017-03-31 00:00:00
4ddf6c937ee248504c71104627543a23,bba91890a5cb8746b8b51ece555f0594,processing,2017-03-01 19:49:12,2017-03-01 20:01:58,,,2017-03-24 00:00:00
fb6255a1918bd0e1307df9f810b3bfc1,61a7fa743482f53e8660c22c80b720dd,delivered,2017-08-05 14:54:07,2017-08-05 15:10:12,2017-08-09 20:07:44,2017-08-16 22:10:08,2017-09-05 00:00:00
a4de5e12d0e969340cb9f32237c16772,6046d842a9b5a6de033a21980a114490,delivered,2018-06-15 15:44:21,2018-06-15 16:00:22,2018-06-18 17:22:00,2018-06-25 22:27:56,2018-07-11 00:00:00
142721e620ef263e3d3ffa99e7c0e096,3a79d210106a6f0153ba75c77d71392d,delivered,2017-11-24 13:35:51,2017-11-24 16:14:35,2017-11-28 19:19:49,2017-12-05 16:14:56,2017-12-19 00:00:00
93dbcae5a986d0f7103a0bc2929e7f18,e9150170f167a3058266eb4907a0547e,delivered,2017-03-18 18:44:50,2017-03-18 18:44:50,2017-03-21 11:11:57,2017-03-29 17:28:39,2017-04-06 00:00:00
39a82394b2cec13982585114e7f6838f,276170f5bc4eba680e2ffb623dd52585,delivered,2017-01-30 23:17:07,2017-02-01 04:35:03,2017-02-03 13:27:51,2017-02-17 09:05:13,2017-03-13 00:00:00
b7293e3014a7261f0d26d28a1e927864,ebf0beef17d922d66a45709d225a57dc,delivered,2017-10-30 14:27:30,2017-10-31 04:15:14,2017-10-31 16:37:33,2017-11-08 19:41:15,2017-11-27 00:00:00
35f741bc89012d1594cfb82d0d9da8b8,8d993c8a171f3f4ec8ff6f96bf841886,delivered,2018-02-25 18:06:16,2018-02-25 19:00:22,2018-02-27 00:05:02,2018-03-29 01:20:50,2018-03-16 00:00:00
6a106cdfc412587379e3e65b27091e50,dde0187dbe85319c8e57d879e6b616a3,delivered,2018-01-03 17:21:39,2018-01-03 17:29:21,2018-01-05 17:45:22,2018-01-15 13:46:43,2018-01-19 00:00:00
42e1c1e283ac7a8dae4628e0fb152dbb,6bdcbe033d607f16526d95c1520b8397,delivered,2018-05-10 14:31:13,2018-05-10 14:56:59,2018-05-11 10:53:00,2018-05-22 13:47:40,2018-06-11 00:00:00
b085981e816dad29812a8972f65d3fc9,3b0ce5cac8c33c35e058549782ec08c0,delivered,2017-10-18 23:23:11,2017-10-18 23:49:22,2017-10-20 13:43:26,2017-10-27 16:42:33,2017-11-09 00:00:00
ad5425b24e9a5cadeaebcb9f6f8347f7,4d86f06c136243959cf7ca6229d2a684,delivered,2017-11-21 21:20:41,2017-11-21 21:29:26,2017-11-22 17:23:00,2017-11-25 16:37:47,2017-12-01 00:00:00
4336f383d6d1f9c9d968406c7a920fd3,e2aae3069bad7962c01d7ecfa869bb80,delivered,2018-02-12 19:12:37,2018-02-12 19:28:19,2018-02-16 23:52:08,2018-02-22 12:08:57,2018-02-26 00:00:00
e71929c560756149bdc712141dfa17e8,a5db63396c747466c11eb00fcaaad855,delivered,2017-12-18 10:20:57,2017-12-20 12:51:23,2017-12-21 19:03:28,2017-12-22 23:10:05,2018-01-05 00:00:00
95f4e9b4497d4252fabb3e69e0f67ce5,53744dcf34082ef4cae9cdefb2bbc636,delivered,2018-02-19 09:45:59,2018-02-20 07:11:16,2018-02-20 18:12:56,2018-02-22 20:44:10,2018-03-05 00:00:00
930ce01cc6b66e9582938cc79f835ffe,cb12f7cafbef496e37dc4d089281b2e4,delivered,2018-05-03 16:55:44,2018-05-05 03:35:20,2018-05-08 06:32:00,2018-05-14 16:44:46,2018-06-08 00:00:00
a477cdebba202e2c15cae2e35dbac3b3,b7f50e32ef6cc9ed88e6db3fe26234f4,delivered,2017-11-23 21:27:36,2017-11-25 21:56:42,2017-11-29 14:45:10,2017-12-08 10:51:39,2017-12-11 00:00:00
2d0f32fa8bc7885514c176ca48f798d6,da4534e0fbc4cd11a6f9103c62b9b02e,delivered,2018-05-22 14:50:39,2018-05-24 02:34:42,2018-05-24 11:22:00,2018-05-30 16:29:33,2018-06-07 00:00:00
2a5e2ec255be0a5cb7bc1bb5d21deb07,572c7a22d51433eedbcd766cbc7dbc4f,delivered,2017-10-14 15:03:34,2017-10-14 15:27:29,2017-10-23 17:53:49,2017-11-16 17:09:52,2017-11-13 00:00:00
4884b6f84bbec8bdf35b5380cdc0269f,f4e436254fa712f857b16c173c6d1151,delivered,2018-02-23 12:25:56,2018-02-23 12:49:21,2018-02-27 13:04:09,2018-03-06 16:33:45,2018-03-23 00:00:00
c0b4e1cd8410a7ec7d6262831e80d146,9d617961f7b37079063b6acbc5568e13,delivered,2018-02-16 18:19:00,2018-02-17 03:35:42,2018-02-19 21:32:10,2018-03-02 18:09:04,2018-03-08 00:00:00
946a2b3561cd706b8a7eb04fb08830c4,b1bb300c2e82114180b4e6293152b352,delivered,2018-07-07 14:00:19,2018-07-07 14:15:16,2018-07-09 12:30:00,2018-07-13 18:46:45,2018-07-31 00:00:00
b2997e1d7061605e9285496c581d1fbd,9e83d47684eb1a58b1c31830f5de10ac,delivered,2018-07-30 09:08:06,2018-07-30 09:44:33,2018-07-31 12:50:00,2018-10-02 00:18:50,2018-08-14 00:00:00
6cc81d57e84149f55788bccafc8a48d3,5120967d7b95d59569c96049c74b6a32,delivered,2017-09-10 16:01:27,2017-09-10 16:10:16,2017-09-13 22:06:53,2017-09-19 20:05:40,2017-09-28 00:00:00
61c5dc8ebe7576aeb5bde7e51ea1b490,e268970912eb010dea9194ee50e22276,delivered,2018-01-10 10:15:32,2018-01-11 10:09:03,2018-01-11 16:58:23,2018-01-20 17:57:12,2018-02-06 00:00:00
b0ab2270e1963a7e70de3b7b433bfc2a,0293c0d1c4c6c83fd6eff23e4cd1ca31,delivered,2018-01-08 17:30:42,2018-01-10 10:32:47,2018-01-13 02:06:58,2018-01-19 16:48:56,2018-02-01 00:00:00
0c5eda39e0658b7d2c514e27dd287cad,70caf454851542826150acf3ff2e7295,delivered,2018-05-14 13:52:37,2018-05-14 14:10:08,2018-05-15 11:20:00,2018-05-16 21:11:05,2018-05-23 00:00:00
0f7f3fcd5523d759e8e17084e45439d5,7e96ebdd045e73e50de71b8d1360b092,delivered,2017-07-20 19:24:24,2017-07-22 02:23:54,2017-07-25 19:36:34,2017-09-19 13:38:13,2017-08-23 00:00:00
2f7a7c29354db7353c1887d24ae76636,a87364c569a01ec4d292805aef727137,delivered,2017-09-09 17:16:13,2017-09-12 04:15:26,2017-09-12 15:57:46,2017-09-18 20:13:45,2017-10-04 00:00:00
157807bc5bce90ec70c2ace65fe8e394,ad499f8f467e874f33ffc3c7a50cf579,delivered,2018-03-08 18:39:11,2018-03-08 18:55:39,2018-03-09 19:32:17,2018-03-15 19:37:44,2018-03-20 00:00:00
57be20dc5f786ed372add8e3f28be447,30e7b476534296021a9f7e0c289c6a86,delivered,2018-07-26 13:13:19,2018-07-26 13:25:12,2018-07-27 14:31:00,2018-08-09 13:59:42,2018-08-30 00:00:00
f7c666a64887124db742dd9a8a4e300d,d47fe71e04e3e2ef9345538a49cf9935,delivered,2018-01-08 15:15:16,2018-01-08 15:27:54,2018-01-08 22:39:13,2018-01-15 20:28:49,2018-01-24 00:00:00
cdf4b0d5611fbf52e84ea0dc45f5ba8e,c618ee064d6aed1a5548cd0146342e68,delivered,2018-07-15 15:19:09,2018-07-15 15:30:18,2018-07-24 16:07:00,2018-07-28 15:58:35,2018-08-08 00:00:00
54d590c80154b4cd2008ed42260cf1ef,f71bd04f936f991d91510d547d32996d,delivered,2018-04-05 11:40:53,2018-04-05 11:55:24,2018-04-09 14:46:54,2018-04-18 15:16:49,2018-05-02 00:00:00
df19d1b00a1e07ad04c791d1301baacf,9c218516f70c6deb239810bae75c305c,delivered,2017-11-26 19:40:12,2017-11-26 19:53:46,2017-11-28 22:08:24,2017-11-30 23:05:43,2017-12-18 00:00:00
6d182a625d3780efba31f2ad22cec6ba,adf24d4aa27fc5fdeffab3f921271ce2,delivered,2017-07-22 16:30:15,2017-07-22 16:43:27,2017-07-24 18:03:09,2017-08-02 17:31:06,2017-08-25 00:00:00
a0983a63c7a4497e8f4c922f689e02f6,50587b1a4276b00bd36bda3a39a4c9fa,delivered,2018-01-15 17:48:09,2018-01-16 03:35:10,2018-01-16 21:03:25,2018-01-27 15:32:39,2018-02-08 00:00:00
87e628a37d874ec67e4573f102c4c4ac,44afa84249846c6f84c4cef6b933f9e4,delivered,2017-07-16 15:14:08,2017-07-18 17:03:31,2017-07-19 18:44:37,2017-07-21 21:32:48,2017-08-08 00:00:00
fdfb66d87e905833548d15ef7f08ee60,e8b2e467012c68957ae92925b156e5b2,delivered,2017-11-04 22:23:51,2017-11-04 22:35:47,2017-11-08 16:08:52,2017-11-15 00:58:40,2017-12-12 00:00:00
946618322795acbec1b5c63fb3634ba0,5d00748cf02380ac2f1713eed686ff06,delivered,2017-12-05 09:57:08,2017-12-05 11:28:15,2017-12-07 18:58:59,2017-12-19 22:20:05,2018-01-03 00:00:00
67e54a5ddb5e864b3ca5442f999b55ed,48bb4704b3c57ed78cd43e3173ed0c47,delivered,2018-07-16 12:05:02,2018-07-17 03:40:52,2018-07-17 14:59:00,2018-07-24 15:07:47,2018-08-06 00:00:00
a39e10cd50b6f28c58ed01ed8e7b727f,1988344486d485f05675dab363a9a347,delivered,2017-10-15 13:26:10,2017-10-15 13:49:17,2017-10-19 14:37:06,2017-10-25 20:44:59,2017-11-03 00:00:00
4872f8ddca1a62529306384f9c48cbae,d2dcd733958599094bae3cb1397babe4,delivered,2018-05-18 15:39:51,2018-05-22 09:36:30,2018-05-22 14:31:00,2018-06-01 17:03:14,2018-06-11 00:00:00
f40d6e04209aafd02ba09a7bf54146bf,3ef992aaa40229c061ef4e8ef9f07027,delivered,2018-05-16 19:44:59,2018-05-16 19:55:17,2018-05-18 11:44:00,2018-05-21 21:36:31,2018-06-01 00:00:00
d78e60908f7ab8af68dbd22e16d179f4,68f19c8332a51f3d819ef42a952c6856,delivered,2018-04-29 11:01:41,2018-04-29 11:15:24,2018-04-30 12:45:00,2018-05-09 23:08:32,2018-05-21 00:00:00
58390adf4de979dcc0473f7de06c309a,2b1a173a9fe0713e741e489b8a2f2ce1,delivered,2018-07-27 03:17:33,2018-07-27 03:30:35,2018-07-27 13:12:00,2018-07-30 18:05:06,2018-08-01 00:00:00
a7f8e3b5e7e9f480a27e2f410e560e16,dafb48d3122c3431292b3e7efe1182ce,delivered,2018-05-20 22:55:19,2018-05-20 23:10:20,2018-05-22 14:33:00,2018-06-05 18:08:23,2018-06-11 00:00:00
6686e93efe206ed03777981a67e8c1db,b9df1513dfa3cade0bd5c73521d83608,delivered,2018-07-31 22:43:22,2018-08-01 22:35:17,2018-08-02 12:35:00,2018-08-08 00:22:35,2018-08-20 00:00:00
a057ba313e2ecf618126061eafcebc45,0c01846ac6320d0699e23a6f593f192c,delivered,2017-10-01 12:24:46,2017-10-03 06:34:24,2017-10-03 20:04:42,2017-10-06 22:23:46,2017-10-27 00:00:00
ff014de83d667807820e68d8ea975281,4f41913e9ec8b0688894cac083489228,delivered,2018-06-19 20:32:03,2018-06-20 20:37:34,2018-06-25 15:41:00,2018-06-29 18:16:41,2018-07-13 00:00:00
36ea02534d94c9d58bbbd06fddb3fa9a,0446b2b06900bd31f919292a4379ffb0,delivered,2017-12-03 17:36:49,2017-12-03 17:52:21,2017-12-04 18:06:33,2017-12-13 21:39:00,2018-01-02 00:00:00
2b6219a323962e35e29ad623d82fbc5b,7aad6c872be392c3d4170dd41b5f2e83,delivered,2018-01-18 10:48:40,2018-01-20 09:08:43,2018-01-24 00:44:48,2018-02-08 21:23:02,2018-02-22 00:00:00
ac40627fa08c6c47cdb3648f3e14901a,63e248449dc3f7b75648351e1dc68264,delivered,2017-12-02 12:07:58,2017-12-02 12:20:33,2017-12-04 16:19:53,2017-12-13 21:44:13,2017-12-27 00:00:00
3bf00487d4ab4ec12db62d8c542762c0,ad0d0fe3a014a0097abbde9323bce523,delivered,2017-11-24 22:24:34,2017-11-25 01:16:17,2017-11-27 18:58:25,2017-11-30 22:58:26,2017-12-08 00:00:00
4a550b015950a8b9ad80a0d09ca1c5bb,40635de7a8e375d08070f9f08f57f6fd,delivered,2017-12-26 17:57:11,2017-12-26 18:08:55,2018-01-03 15:44:14,2018-01-09 17:53:03,2018-01-19 00:00:00
6916bfc2979a20759a964f5addee58d3,2e6add09a06341123c32cb1dd28005b7,delivered,2018-01-26 00:14:36,2018-01-26 00:32:10,2018-02-08 12:58:58,2018-02-14 19:27:31,2018-03-09 00:00:00
b41cd75853511ce5fa49b43cca5449f5,c6e3f283e7657e8d92765c2ae986e1a9,delivered,2018-04-12 20:24:50,2018-04-13 12:34:13,2018-04-16 19:04:03,2018-04-17 19:13:30,2018-04-30 00:00:00
9cd28af4a02dd368c02825e1bf9ea210,0bd2dd26ea71e853a5c95cf31a7a9c8d,delivered,2017-11-25 17:17:57,2017-11-25 17:32:26,2017-12-16 16:35:50,2018-01-04 20:07:03,2017-12-20 00:00:00
96c5a073e3376be80ecf5e3e23f8ada8,64b986cfc15f9196228d3b51e5d3baea,delivered,2018-05-25 18:07:17,2018-05-26 02:31:55,2018-05-28 13:57:00,2018-05-29 15:33:16,2018-06-12 00:00:00
ec61362ddd74b12ee8f72f43752044f8,957902364a8b89fa36fa1aef9e9c7907,delivered,2018-01-19 07:21:57,2018-01-19 07:35:06,2018-01-19 19:14:31,2018-01-22 15:36:36,2018-02-05 00:00:00
84e0fd31977e457ca804a61921bc5c59,68fd1527d8a1e8739eab28f0688bc7bd,delivered,2017-07-08 08:46:27,2017-07-08 09:03:20,2017-07-13 20:18:54,2017-07-17 15:21:22,2017-07-25 00:00:00
0046176ff0dbc2a178b7885355dfbb71,6cae94f1f58ab679c23ceb753967c9bf,delivered,2018-05-29 19:22:17,2018-05-29 19:35:18,2018-05-30 11:29:00,2018-06-04 18:18:29,2018-06-29 00:00:00
0e559702749c8ecac2272fa97d1624dd,67eebe9046f74afbcecb8a1f7596b1fe,delivered,2017-07-17 13:57:23,2017-07-18 15:33:47,2017-07-19 18:25:55,2017-08-01 16:43:36,2017-08-10 00:00:00
cc127d6da252fcf95e31933ee207923d,30ebfe368495892e79bfff3773635c77,delivered,2017-07-31 12:43:21,2017-07-31 12:55:15,2017-08-03 17:52:21,2017-08-10 22:08:40,2017-08-24 00:00:00
22e899657e64cb7c60e18c2dba129498,ad0b3798cc6fa294cec40c1e69715982,delivered,2018-02-20 16:44:09,2018-02-20 16:55:58,2018-02-21 21:34:54,2018-02-22 21:42:52,2018-03-06 00:00:00
0eeca7beaeaa9b986ac88e4548a45811,393c8cdefcf9178ccc70becfb90c8239,delivered,2017-09-22 15:37:28,2017-09-22 15:50:26,2017-09-25 14:41:40,2017-10-04 22:08:51,2017-10-16 00:00:00
932a3be1b6a43815872ae094f24afd2b,0e3952b55bd9120e5d8130bf3e2ce0d5,delivered,2018-05-18 20:52:57,2018-05-18 21:14:36,2018-05-21 10:15:00,2018-06-07 23:34:44,2018-06-13 00:00:00
7681bce993e841ae140c728b7c8f1b9c,63acf8de888f1bd3574cf7432ff0312d,delivered,2018-02-02 03:42:48,2018-02-03 03:50:21,2018-02-05 21:53:49,2018-02-21 15:59:03,2018-03-07 00:00:00
ab5ff0fcd7789a6b96e8f90c47e0ccc9,fc00541611ecadf4e775f14ea8a2a24c,delivered,2017-04-13 15:13:51,2017-04-13 15:25:17,2017-04-13 16:54:03,2017-04-19 12:21:40,2017-05-16 00:00:00
0149c597dcc0963d7315f904495b631c,a9bb000979210a35541c29601f2dc03e,delivered,2018-04-26 00:35:14,2018-04-26 03:15:13,2018-04-26 12:55:00,2018-04-30 16:36:50,2018-05-11 00:00:00
1c7a2b989035d96cd218d9b9f352c098,504dd8e916e67a34a5a7308488ed88d6,delivered,2018-07-17 14:25:51,2018-07-18 14:22:16,2018-07-19 11:58:00,2018-07-25 14:38:31,2018-08-07 00:00:00
c25b7410c11056133dd5908057f4ce6a,cfac8905cfadca4d7fa97e572742f93a,delivered,2017-12-25 23:37:13,2017-12-25 23:48:23,2017-12-28 20:02:37,2018-01-30 12:41:13,2018-01-23 00:00:00
30ab609acdb1c2d3756dc46d1e7d93f9,cf9982442670461b134a0bcd4faad2b2,delivered,2017-09-01 17:17:24,2017-09-02 17:25:16,2017-09-06 21:10:14,2017-09-13 17:32:10,2017-09-21 00:00:00
256ab4c9ccea8769bf3a40928e744961,2b355922378307d5b5aedfd19a2882a9,delivered,2018-01-07 14:30:11,2018-01-07 14:46:54,2018-01-09 22:14:48,2018-01-29 23:48:55,2018-02-07 00:00:00
aeb81ccabe4f164a26e763cd5b07fd99,358c32496f261c003294d3010f8650e4,delivered,2018-03-16 10:04:43,2018-03-17 02:55:29,2018-03-21 20:41:40,2018-04-24 21:16:43,2018-04-12 00:00:00
a6f9a160004ed7b4b20bb24c1eeb5871,2264b08fad41947cf8ebb7da8ed5a4dc,delivered,2018-06-19 19:58:45,2018-06-19 20:16:27,2018-06-21 18:50:00,2018-06-22 15:02:35,2018-06-29 00:00:00
358f7c2eece902dd795421e4937f0142,a0c8900e3c9534021c33b400989cbcaf,delivered,2018-08-16 17:57:18,2018-08-16 18:10:28,2018-08-17 14:14:00,2018-08-22 18:03:52,2018-09-03 00:00:00
4c8649cbc5b80495a3d6df0ef599072c,a0757a9319476fb9a600286c43fb4acb,delivered,2017-07-27 13:36:29,2017-07-27 13:45:15,2017-07-28 15:33:56,2017-08-01 17:06:00,2017-08-24 00:00:00
0848fc09700c8afc1c372a4b2b7be70a,af5033805554e79d20c8a977e40c2151,delivered,2017-12-13 11:03:02,2017-12-14 02:31:26,2017-12-14 17:41:58,2017-12-27 17:09:56,2018-01-08 00:00:00
53251dae6eb94ed4fa67b57bd60e58bf,dd585d9fb2f44732e62002adcfbe7b0b,delivered,2018-07-20 18:38:33,2018-07-20 18:50:18,2018-07-24 19:08:00,2018-07-25 14:17:26,2018-07-31 00:00:00
5f482802d2cfd506df0097347965687c,fd91d63492be5404cdb0c84b1f142f59,delivered,2018-04-02 11:51:50,2018-04-04 03:30:19,2018-04-04 23:03:15,2018-04-06 22:07:41,2018-04-12 00:00:00
294fd0f1d32fff9fcd8195f1d778d192,7b4d6586d0a0a1fdb26a1b2ed89e21e9,delivered,2018-06-27 09:35:01,2018-06-28 02:15:37,2018-06-28 14:03:00,2018-07-09 18:32:49,2018-07-30 00:00:00
52e0ef964835e225bef5565b7cb87f0c,20d1593d84770bdef84cb9f3fb4e033c,delivered,2017-07-17 15:31:19,2017-07-17 15:45:14,2017-07-18 17:38:06,2017-07-31 11:58:52,2017-08-10 00:00:00
3ceb8926c7d570d68d8307beb320f2ae,b79bc49c04e9d0f44712b00179d4a909,delivered,2017-10-09 12:06:18,2017-10-09 12:26:07,2017-10-11 18:36:55,2017-10-18 19:33:17,2017-10-26 00:00:00
9139a2f22755b6ebb19786825a9c3070,5486d78af68ec41ae62f60ee4b611383,delivered,2017-10-18 16:41:00,2017-10-18 16:56:49,2017-10-19 17:52:13,2017-10-25 22:44:06,2017-11-06 00:00:00
b3b40bcda1fe524c03457e083bfdb5bf,f10da80d8ed5f1d9724a8b6e3f5f1d09,delivered,2018-01-27 17:32:17,2018-01-28 17:29:30,2018-01-29 21:12:35,2018-02-15 23:25:26,2018-02-21 00:00:00
08445c33aae15e7639ae685a2763bf58,2877c65506ea66a1d53a83bde035ca99,delivered,2017-10-07 23:33:15,2017-10-10 03:28:29,2017-10-18 17:23:38,2017-10-26 19:08:03,2017-10-31 00:00:00
e82323311535cbac6219860ae75532d3,3cabb118fc8b876a16ae0b50bc277959,delivered,2017-11-27 16:08:04,2017-11-28 03:43:08,2017-11-28 23:06:03,2017-12-01 22:06:59,2017-12-13 00:00:00
b36511d6ed0cbc11beb1ab142ab3021c,c8371460f35fcbaec011347c9e84b020,delivered,2018-08-14 14:21:42,2018-08-14 14:35:08,2018-08-15 06:55:00,2018-08-21 16:52:11,2018-08-23 00:00:00
789efe01c5431a828ed0f537a7057016,247aa795039e1d9bf232095b1887f807,delivered,2018-08-15 21:56:38,2018-08-15 22:45:16,2018-08-23 17:12:00,2018-08-29 20:28:39,2018-09-03 00:00:00
9bd75a47121bac1956e6b353776128b1,00155f0530cc7b2bf73cc3f81cb01c52,delivered,2017-05-14 23:55:13,2017-05-15 00:46:01,2017-05-19 09:55:44,2017-05-29 10:48:45,2017-06-14 00:00:00
f7310018040436b01ab03f81b301b5de,efec125e0fd56164c37c9f1e1c804cd7,delivered,2016-10-07 11:20:34,2016-10-07 12:14:56,2016-10-11 12:14:57,2016-10-14 12:14:57,2016-11-29 00:00:00
39fb1fc5a9e0a1429bf9c25c1ef75ee6,7a68d9a45dc7764b5990c638a3393d4c,delivered,2017-06-13 21:19:36,2017-06-13 21:30:11,2017-06-16 14:07:51,2017-06-27 15:27:55,2017-07-06 00:00:00
984c8458b4e17a487d85b16c9ce0f00c,c5d1dd3c6c9619b9e3de125a3e6938e3,delivered,2018-05-12 13:59:27,2018-05-12 14:12:10,2018-05-14 11:39:00,2018-05-17 22:18:31,2018-05-29 00:00:00
bfe2018d49712c5c36ce0ce9307249a1,60305609fd9f1bd337ec2e5453861860,delivered,2018-02-15 14:14:50,2018-02-15 14:30:29,2018-02-21 00:23:49,2018-03-02 21:53:14,2018-03-13 00:00:00
2f1142c1bd6a656c18928bd51215565d,ebd927e0570f414d093504d5cd54a34e,delivered,2018-03-20 15:35:04,2018-03-20 15:55:57,2018-04-04 21:56:44,2018-04-13 23:43:18,2018-04-30 00:00:00
a208f1b14dd7bd4f2830243124d9714f,42e93a700e1be7759870d72302a25aa0,delivered,2018-06-10 10:50:25,2018-06-10 11:10:07,2018-06-11 15:52:00,2018-06-18 15:17:07,2018-07-11 00:00:00
846245fd0ae27dba2f13054c098feb97,fe5d190924c6b517e0f356682493be0d,delivered,2017-11-20 11:46:49,2017-11-20 12:07:06,2017-11-21 23:15:28,2017-11-30 01:36:55,2017-12-07 00:00:00
40aa89b7cd7a1c649a752f6539c4a57b,139b25990a93de6dceaf6b7d5d8d4c3e,delivered,2018-01-27 18:23:10,2018-01-27 18:38:22,2018-01-31 19:58:06,2018-02-01 19:41:46,2018-02-14 00:00:00
f6bacd0dbc1aa8e5256c4bd6e4b08b03,7391671a39f82d198ca41370e42acff5,delivered,2017-11-24 23:23:37,2017-11-25 02:15:47,2017-11-27 16:16:51,2017-12-12 17:27:15,2017-12-21 00:00:00
82d92bb4cb757bd10c5a06e13c7ebcab,55319284a24e6107943b0347988b768b,delivered,2017-07-26 16:48:48,2017-07-26 17:03:26,2017-07-28 16:57:42,2017-08-01 22:03:53,2017-08-15 00:00:00
f4b5549e1f7d4f62f52b0512657744c3,7542eb12d0319a6d3341f982a9a45433,delivered,2018-05-05 17:40:40,2018-05-05 17:55:15,2018-05-07 15:04:00,2018-06-05 20:39:03,2018-06-13 00:00:00
9462e7a4367175b2b6f56caf761c6df0,ca1f7e87f054a7fb9e7eee3635387710,delivered,2017-05-22 20:03:10,2017-05-22 20:15:12,2017-05-23 10:07:07,2017-05-29 10:27:46,2017-06-13 00:00:00
565073e67c654be3a7e7fe0e10e36629,3ac0177581009fc9b7e7aa3e860101a7,delivered,2017-05-23 22:56:19,2017-05-23 23:10:13,2017-05-29 03:42:54,2017-05-31 09:17:57,2017-06-14 00:00:00
c36b97b242c0409d5f536b647b56256e,0b7d82e753f361401ca599732423ae82,delivered,2018-02-20 18:09:22,2018-02-20 18:25:33,2018-02-21 19:49:04,2018-03-17 10:44:29,2018-03-16 00:00:00
9a277491a047f16116a18cb2a4332918,2fb5d7186fd553584a1d3518a2e8a249,delivered,2018-02-27 17:19:31,2018-03-01 02:48:28,2018-03-01 23:55:08,2018-03-13 18:17:37,2018-03-28 00:00:00
ce9927d9150ae96a67b99a89822ed59f,6f33a63d6ceb7f99d7dbb8d993ddb620,delivered,2017-12-12 08:09:26,2017-12-12 10:32:41,2017-12-13 19:16:40,2017-12-19 18:52:11,2017-12-29 00:00:00
ae9f9adfeb3a33fe59da5bab6678e5cb,2c7ff1f9724c87a046e3c9979316b202,delivered,2018-02-24 08:42:23,2018-02-24 11:47:26,2018-02-26 23:13:42,2018-03-07 19:34:25,2018-03-16 00:00:00
d0e9bcc931b111b202116edfedd5f195,e13b20c1396bfc0dd01100472f1c8ada,delivered,2017-12-19 14:32:43,2017-12-19 15:54:28,2017-12-19 23:44:56,2017-12-29 18:53:32,2018-01-18 00:00:00
4ef4d5ad1ca0e17cc5c92da8acbb0773,91776ece9ccbf384df0fd53452fa70c8,delivered,2018-03-24 18:18:07,2018-03-27 03:49:39,2018-03-27 20:16:54,2018-04-02 22:28:55,2018-04-13 00:00:00
aeae13bf1962c0a747dae0f007b2b313,fb0a5f198af9146879712f3fc2afb788,delivered,2018-08-04 17:16:20,2018-08-04 17:25:18,2018-08-07 12:25:00,2018-08-10 17:51:30,2018-08-14 00:00:00
c1e8ab8d063eba72d530b57e5b05f919,cee6c6b0f6ac0f9f8c0830152453c3e2,delivered,2018-03-01 17:29:35,2018-03-02 02:16:04,2018-03-02 19:52:15,2018-03-23 02:57:56,2018-04-03 00:00:00
324687cda932c3d68b91cb0fb2ea653e,eb58238a7052e727425f75c87d2d2a01,delivered,2018-08-14 12:21:45,2018-08-15 12:15:16,2018-08-16 08:51:00,2018-08-20 20:03:09,2018-08-24 00:00:00
4b9fdb48eccb25686cf34b966d7f0292,bfe0d569937866f0578c2d61850eff1d,delivered,2018-06-21 14:36:39,2018-06-21 15:00:07,2018-06-22 14:17:00,2018-06-28 22:04:39,2018-07-16 00:00:00
f72af8df59fdbc3f45aeb2df4e1e9ca1,3f564a14c326f9a681d340e75246b775,delivered,2017-08-18 09:17:25,2017-08-19 09:24:56,2017-08-21 16:32:45,2017-08-23 15:38:10,2017-08-31 00:00:00
e13b79bd2df632e6d095f6e31023e827,7f14bd89c2b0d2a13ed50a39028fbb06,delivered,2017-12-05 08:46:43,2017-12-05 11:03:39,2017-12-07 14:12:51,2017-12-10 14:33:46,2017-12-21 00:00:00
c603e35e0405eadd985e681f1a8c95d5,67e0295b4f1071609e7641c83ccc3967,delivered,2017-11-25 19:09:33,2017-11-25 19:18:32,2017-11-30 18:07:01,2017-12-13 19:46:07,2017-12-22 00:00:00
3473b2ac470644fed5ff35254ec7a759,6bbc9cd236c6f405b18a5245b1a6b636,delivered,2017-12-20 11:12:59,2017-12-21 02:12:38,2017-12-21 21:58:59,2018-01-13 14:29:26,2018-02-02 00:00:00
3bca49014e80b5b5ce060f17ea5baed5,df9a2607789c5c8bb1bd023abb87107f,delivered,2018-04-28 14:49:58,2018-04-28 15:11:39,2018-04-30 10:03:00,2018-05-04 18:28:45,2018-05-15 00:00:00
eb7df5ec433a5660c84c3a2e1bce192d,76525f0c94f889d91e4335fae56eaaaf,delivered,2018-05-13 23:53:10,2018-05-15 03:55:50,2018-05-15 13:59:00,2018-05-19 12:34:47,2018-06-05 00:00:00
ff07e8cf368d59bc41752e3648994b36,aab0e26c7de6974d4595b0f21781ddd2,delivered,2017-10-11 18:56:49,2017-10-11 19:07:13,2017-10-13 18:19:48,2017-10-20 19:28:32,2017-11-01 00:00:00
37ae934eb8bbf96b80869741b6ec8d7f,944e40c2d91f59f855f4bc6678d6c85c,delivered,2017-11-11 13:38:48,2017-11-11 13:50:24,2017-11-14 21:51:37,2017-11-21 19:44:15,2017-12-01 00:00:00
5bbc94ad182b8b20ea955b1c3cae7d60,89fcf5e5b0b9a32db1cadbcc8c3eec9a,delivered,2017-09-11 17:47:24,2017-09-11 17:55:16,2017-09-12 21:54:46,2017-09-22 17:59:33,2017-10-04 00:00:00
435f78ae47ece6a55453fc7f80f19ed1,1a0f2718fa2fa7db723987e880930ab7,delivered,2017-09-21 21:13:30,2017-09-23 02:26:37,2017-09-26 11:42:13,2017-10-06 22:13:11,2017-10-23 00:00:00
8c40ac9725c892399870b555b8d45978,abdc00cf1e7fb8417abc2d884696502f,shipped,2017-11-15 00:01:25,2017-11-15 01:10:33,2017-11-22 20:24:48,,2017-12-12 00:00:00
d077bdffbb5406992a86cb86d68f80c0,d36608c12fd914588d6838d4b6d4e8bf,delivered,2017-06-09 14:43:13,2017-06-09 14:55:08,2017-06-14 16:20:15,2017-06-16 16:36:43,2017-06-23 00:00:00
541908a1babbdf38261cbe80129fab03,c68d12820e6d24b58c3b7d150cbd2c03,delivered,2017-09-30 10:28:45,2017-09-30 11:04:15,2017-10-04 19:36:08,2017-10-10 19:23:49,2017-10-26 00:00:00
20659f110925368e86835f912f0507ac,3ae75409eae0fd9abb6b38503c7969ec,delivered,2018-03-21 23:15:41,2018-03-21 23:30:57,2018-03-22 22:03:27,2018-04-02 23:44:23,2018-04-16 00:00:00
1e9d34d879a6b6a109fe4403c0ca5aaa,33b43c2eb8acf1e3aa1fa7e9d5e9992e,delivered,2017-06-13 20:14:49,2017-06-14 20:10:06,2017-06-19 14:08:56,2017-06-23 12:42:16,2017-07-06 00:00:00
2d016564dff0c20b352e75b48e543e32,64d94fa2b18993d2dfd6c35c9fd784e9,delivered,2018-07-28 15:14:07,2018-07-31 04:05:54,2018-07-31 10:17:00,2018-08-06 22:24:39,2018-08-23 00:00:00
cd38eeff6b0ebffe1200329846d83987,209cd46e6fbad8005f5a20c86a4db93c,delivered,2018-08-20 08:02:20,2018-08-20 14:11:06,2018-08-20 16:11:00,2018-08-23 19:12:52,2018-08-29 00:00:00
e0db4ac24a1ec63aea6358043f528182,1628224972c38ec171b239f7387a1c98,delivered,2017-11-19 13:01:01,2017-11-19 13:15:24,2017-11-22 21:27:40,2017-11-23 14:57:07,2017-12-06 00:00:00
4611eb5693ff0b8ac1ccaebd3d543bae,1baf22a9d0f09f4631df437e8fcf8af9,delivered,2018-04-02 20:32:39,2018-04-02 20:49:58,2018-04-04 00:48:48,2018-04-07 16:54:44,2018-04-23 00:00:00
a8604cab2666019a362125208e616446,06843dc600fc25b0c66bd3f1dcbfda12,delivered,2017-12-20 15:39:49,2017-12-20 15:52:10,2017-12-21 17:42:26,2017-12-26 17:03:37,2018-02-08 00:00:00
bbce568b3f47a619736a632cfd4e7837,bebde5fc8d5a6179870f03aa35822ed8,delivered,2018-01-12 14:02:00,2018-01-12 17:49:51,2018-01-15 17:59:18,2018-01-29 23:20:31,2018-02-09 00:00:00
7c29f6fa9efcbf410b4bbb9362b9f7c9,aa179ef3bea6245ec335cd5f2c65044c,delivered,2017-10-21 22:51:11,2017-10-22 18:35:04,2017-10-23 13:54:14,2017-11-01 16:19:42,2017-11-21 00:00:00
b2dd81c62d0bf804a563d82998d8e1c4,c5d2a092d72c266cc8edae2b5a295c38,shipped,2017-12-10 11:06:49,2017-12-10 11:16:30,2017-12-13 01:19:11,,2018-01-15 00:00:00
df9a9799d18fea4a40cc802a44f7c400,b6bc0a0984212a4c64f88c94d0007c07,delivered,2018-06-29 15:31:02,2018-06-29 15:50:51,2018-07-05 13:50:00,2018-07-06 11:22:25,2018-07-13 00:00:00
81e035b07fa347e5b333f9a2b4616e2e,ee70ec5cb7972645152f727f099be202,delivered,2017-04-04 13:46:04,2017-04-05 06:35:18,2017-04-05 14:30:12,2017-04-20 13:14:40,2017-05-09 00:00:00
55bf02fa5414e7b29c5b651c33626e9b,883fad5fe34ba612be8d2047895ff139,delivered,2018-08-23 00:46:54,2018-08-23 01:04:19,2018-08-24 11:20:00,2018-08-30 18:46:26,2018-10-01 00:00:00
12a5b8020b9000268a9f108bfe97cbe0,ce0fb071e08e4abd8134fd3401b23456,delivered,2017-05-17 13:35:45,2017-05-17 13:45:10,2017-05-23 15:34:57,2017-05-31 08:52:47,2017-06-16 00:00:00
afcc50b228d8ce31105df9e1c98b4130,df3be1c92fa27cda84caa922db80c785,delivered,2018-04-12 22:30:39,2018-04-13 13:30:06,2018-04-13 22:22:58,2018-04-25 20:34:40,2018-05-18 00:00:00
17220bb11a8bc3ddfe388dedfe4e4de9,556910dd99aff6bc666910e9a872ec6b,delivered,2017-06-16 18:22:14,2017-06-16 18:45:08,2017-06-19 20:12:24,2017-06-24 10:12:14,2017-07-10 00:00:00
8258ee754942254bf787b58cfd650a73,b006e4773f5559b450f18627616f92fc,delivered,2018-02-05 09:34:12,2018-02-06 03:50:55,2018-02-07 23:04:34,2018-02-09 21:08:54,2018-02-21 00:00:00
4df721b8d3b3a4803b1704f3676a420f,3a05feb5eaa782c7558fd51a2ad9c4f8,delivered,2017-09-09 18:17:29,2017-09-12 04:55:18,2017-09-14 17:33:36,2017-09-15 20:51:31,2017-09-22 00:00:00
bcb07b4577d1cb52bafc1b1b0c51c47e,93812989241fc83d407dd007dafc8f3b,delivered,2018-07-05 16:30:09,2018-07-05 16:50:59,2018-07-16 09:35:00,2018-07-24 22:32:34,2018-08-01 00:00:00
0b54477549051598bd77d59bee6182a7,34fe94e0f8c2656309bc7972ce64fa85,delivered,2017-07-25 18:30:00,2017-07-25 18:45:12,2017-07-26 15:09:59,2017-08-19 15:36:35,2017-08-28 00:00:00
0cae2524ce4d7c4658153705a054c722,01a4594fa7dbf53d2569e57173df6895,delivered,2018-04-13 10:13:34,2018-04-14 15:50:45,2018-04-17 02:11:51,2018-04-18 18:52:27,2018-04-30 00:00:00
7aa62957446715905f98f714be58f580,7caf9525fd9a661ecce17edbaad4caee,delivered,2017-04-11 10:52:50,2017-04-11 11:05:09,2017-04-12 11:54:01,2017-05-03 13:36:47,2017-05-15 00:00:00
de779f93dc5f7dd9ac51b22380685ae5,4627f0d16c02256e8bd28f9bbb1ee468,shipped,2018-06-02 10:57:17,2018-06-05 04:31:09,2018-06-05 14:04:00,,2018-07-12 00:00:00
2f5c9e01ce9f58ed0a7ce97bcb667a33,82e58e2dcb507ecf93f2e2a38e485a1f,delivered,2018-02-09 16:41:39,2018-02-09 16:50:27,2018-02-14 13:19:02,2018-02-15 20:18:44,2018-02-21 00:00:00
10016b700b98966403aafded9f2e168d,715f6330b32864005e645e571dbb2fe8,delivered,2017-11-25 16:22:05,2017-11-25 16:33:34,2017-11-27 18:39:03,2017-12-12 20:51:56,2017-12-20 00:00:00
b9caafcfce2316e8aa42f6cf6327ff02,658803300e83c073de1a1f06079a0328,delivered,2018-01-19 22:20:50,2018-01-23 03:37:22,2018-01-24 23:38:36,2018-01-29 14:12:06,2018-02-05 00:00:00
72b34ae1ed3ddd65b13c86247dd37cea,f5e5a13035ff20d21a46976f22e5dc5c,delivered,2017-09-27 23:45:05,2017-09-28 00:49:19,2017-09-28 14:36:01,2017-10-10 19:16:57,2017-10-26 00:00:00
65c863d90026e9dd4888e28d2135c983,c6493ae5b5ae563a2a20a534dfd21cb8,delivered,2018-03-09 19:43:32,2018-03-09 19:50:25,2018-03-15 15:51:51,2018-04-06 22:03:37,2018-04-03 00:00:00
49287801ce45d679f7744b39f6fb6131,cf0b26e3090443f40ddbeea9ff6924c5,delivered,2018-05-07 09:15:27,2018-05-08 20:15:09,2018-05-11 12:14:00,2018-05-14 12:04:57,2018-05-17 00:00:00
7e129ab6f658f6b2eccebeba30d16f86,b31b698d14f51b2226b2f5057f7dac85,delivered,2017-12-08 19:09:48,2017-12-08 19:16:30,2017-12-11 19:10:44,2017-12-20 11:39:11,2018-01-04 00:00:00
34b7b4a618b1353f3f3dd088fc4a2300,6902852b43c16da6525f663dfacb9124,delivered,2017-11-19 20:19:48,2017-11-20 20:28:55,2017-11-21 15:45:02,2017-12-07 21:56:52,2017-12-18 00:00:00
13134fe6dc043430a875ece99381223b,1e68eb446a32f445dceaf306cdad90b4,delivered,2018-06-13 14:48:16,2018-06-13 15:28:57,2018-06-13 13:28:00,2018-06-18 10:21:04,2018-07-04 00:00:00
0ace5fbf6db2942061542a808558b9f7,a73fa1e059154a6fa8c7e419b5bd0936,delivered,2017-06-29 14:14:09,2017-06-29 14:25:11,2017-06-30 08:34:51,2017-07-12 21:16:45,2017-07-25 00:00:00
1ed6f1be3a82fe23b8b889e83e60c60a,d263a9460493cea8e4a22cab84978735,delivered,2018-03-26 23:13:17,2018-03-26 23:30:14,2018-03-27 20:56:43,2018-04-03 16:52:01,2018-04-06 00:00:00
40e374fbdf8b48fda863fee6195ff2b1,74f05ad9229c0344117ebb0c89324d04,delivered,2017-06-26 15:01:19,2017-06-26 15:15:13,2017-06-27 13:10:08,2017-07-17 17:34:01,2017-07-18 00:00:00
d8c3814df9c4a328159b280e60a59486,e1da85c44ec16ca1c253fec643d257ab,delivered,2018-08-17 11:15:02,2018-08-17 11:30:37,2018-08-17 14:49:00,2018-08-21 16:20:47,2018-09-03 00:00:00
c67c6e7178cff9848b2d6556d1670fd8,3237a9ea092013b7b44c0c8d5174006d,delivered,2018-07-22 13:32:50,2018-07-23 11:32:05,2018-07-24 15:07:00,2018-07-25 17:57:42,2018-07-31 00:00:00
62da6eaeb0bb1013bcd1e66d7a93546e,db8e95a7c8bbe135f190cb4866fd2404,delivered,2018-07-11 11:01:02,2018-07-11 11:10:27,2018-07-12 12:44:00,2018-07-20 16:38:47,2018-08-13 00:00:00
43d15639614829b1cb997af5c0f5f7b0,0e5efb825769ee00937205f7592cc160,delivered,2018-05-07 10:22:10,2018-05-07 17:30:07,2018-05-09 09:14:00,2018-05-14 19:27:38,2018-05-29 00:00:00
da0b8ba8e2730558871c2f9eb672e787,6e82a7813cfd686eca3f3d7ce6705d62,delivered,2018-08-13 22:17:24,2018-08-13 22:50:18,2018-08-14 13:50:00,2018-08-17 19:41:21,2018-08-27 00:00:00
f409e6b1a36ed880f8c2280446f9e6bb,e17f5383fc9cf03c6daadbca547bab26,delivered,2017-11-26 19:46:39,2017-11-28 19:51:47,2017-11-30 16:48:53,2017-12-11 23:25:42,2017-12-27 00:00:00
81643a310d1fa764a5097fa3545d4a90,396220c43c7d3f04160a645b3dec5f92,invoiced,2018-03-17 17:06:22,2018-03-17 17:28:51,,,2018-04-12 00:00:00
d273ccee1a7ee1a7013cc285da0ff429,5bedf51f27a7409f5b644041b30d6f5e,delivered,2018-07-16 08:43:04,2018-07-17 04:31:13,2018-07-17 15:22:00,2018-07-25 20:58:32,2018-07-30 00:00:00
ca458006762941e7a7bcca41fc9eb585,8238ee58162d83370825ecd9b4ee1435,delivered,2017-11-29 23:18:05,2017-11-30 00:06:44,2017-12-05 22:48:09,2017-12-11 17:28:57,2017-12-21 00:00:00
3ac2da2ff7a04674a3a463e6f429da29,1ef7e356c5668ac4d1132d781b3cfdec,delivered,2017-08-30 14:53:03,2017-08-30 15:05:20,2017-09-01 15:19:36,2017-09-12 20:07:25,2017-09-21 00:00:00
b980d737d846b36f807b28e40796003a,78242b9298bd20ced17015145f4723d3,delivered,2018-05-04 16:05:51,2018-05-04 16:30:12,2018-05-07 07:44:00,2018-05-14 13:49:00,2018-05-25 00:00:00
9a3581c4e55c2447416ca021ccfd98e1,0e3878d41f9d6af61a782398afc4923d,delivered,2018-06-18 22:50:14,2018-06-18 23:16:37,2018-06-20 15:03:00,2018-06-26 21:03:41,2018-07-13 00:00:00
a86139e0d4d95f37f763ce3060d04982,3936365b0df3a48f46163861eaa23db4,delivered,2018-02-27 21:56:07,2018-02-27 22:48:11,2018-03-01 17:58:41,2018-03-02 19:07:22,2018-03-27 00:00:00
cf4eff954b06c19d96be7d6792a1da3c,b591ec51348a19a15a433d07865cefe7,delivered,2018-06-06 20:16:16,2018-06-06 20:34:19,2018-06-11 13:46:00,2018-06-18 16:41:28,2018-07-13 00:00:00
4d288f2f1f3b59a97c364a2bf728b912,6e875338f7a2933dcabb08b9404c3f72,delivered,2018-06-14 14:54:38,2018-06-14 15:20:49,2018-06-15 13:35:00,2018-06-18 12:17:37,2018-07-04 00:00:00
47f04d07b8f03a7a5d7a034d80cd257f,451f514eeb408967d01eb0688a390ff8,delivered,2017-06-10 15:52:36,2017-06-10 17:31:40,2017-06-22 16:12:00,2017-06-26 16:57:52,2017-07-13 00:00:00
558bd4996eeddc5e4e29295bcec08e32,5d894b632b1f08bd01b826d7ab061a94,delivered,2018-08-26 17:27:38,2018-08-26 17:44:09,2018-08-27 06:28:00,2018-08-30 17:12:18,2018-09-12 00:00:00
d382b95db47e1184844771720a5f947a,6cb06ad3fbccf074466f347ff0bf125d,delivered,2017-11-24 08:32:20,2017-11-28 03:40:09,2017-11-29 16:59:10,2017-12-13 16:05:16,2017-12-18 00:00:00
b89abfd3664f6d278d90b13536d52364,0ff949bd20e11b2beacce8d14c1339b8,delivered,2017-03-12 17:35:58,2017-03-12 17:35:58,2017-03-15 16:07:43,2017-03-21 09:08:40,2017-04-10 00:00:00
584841703aaa81e11a1fb3bfac2056ea,3618140a65c08f961619ac9054eb2ac2,delivered,2017-02-03 22:11:29,2017-02-07 04:10:35,2017-02-07 13:09:44,2017-02-15 16:23:49,2017-03-22 00:00:00
deaa78be2b1ca6ec321fc94b91bb9e32,07c6c779d8f31383069ab5ce41392b19,delivered,2018-01-22 18:01:39,2018-01-22 18:17:00,2018-01-26 13:09:24,2018-02-15 13:53:15,2018-02-16 00:00:00
42325f18762da22d5f98e4db3cbc464c,13f66294a7b84c6c450e7b0b38d2ef6f,delivered,2017-11-27 00:16:09,2017-11-29 15:13:49,2017-12-04 23:09:43,2017-12-14 16:29:41,2017-12-22 00:00:00
ea55102263a7f58c4b3090b655c2bc00,c5c32cfb1971f9cb50b5f7a06e6d09ce,delivered,2018-03-26 17:32:49,2018-03-26 17:47:45,2018-03-27 20:12:36,2018-03-28 21:26:48,2018-04-06 00:00:00
0ecbb908b4b062b189e1723ef9a836e2,7b6e705e0e5932d5846469a8996d4b51,delivered,2017-05-24 11:43:20,2017-05-24 12:03:52,2017-05-26 15:23:51,2017-06-09 15:29:32,2017-06-06 00:00:00
dd3dd13a29f9f7e18823e1fd5d412696,93b27a628d1df2de4e1e3170346b597f,delivered,2018-01-07 16:56:43,2018-01-07 17:07:11,2018-01-10 19:09:25,2018-01-22 17:32:36,2018-02-05 00:00:00
778c123689474f1e0abaae724ebe2136,7d9e8aae68d6fc3e862582fd6fe3082e,delivered,2018-07-20 16:07:28,2018-07-20 16:24:23,2018-07-23 11:44:00,2018-08-02 22:07:01,2018-08-14 00:00:00
8f9bea8b0d14b8500fda8f3ca1e3fb78,3483f6698dbde1dea17a2dcc5020b99c,delivered,2018-08-16 13:37:21,2018-08-17 14:30:40,2018-08-20 10:22:00,2018-08-22 01:41:49,2018-08-24 00:00:00
be7a8091a9dc887ea17ef816b6edd96b,cf02ebc7b145e83626254f5d0d1c6042,delivered,2018-06-07 11:09:22,2018-06-07 11:37:04,2018-06-08 14:14:00,2018-06-15 20:12:36,2018-07-19 00:00:00
0d9132dcd087abbb6771db9371e1f951,badc0ba5662331cf95342caac91ae654,delivered,2017-03-14 09:45:14,2017-03-14 09:45:14,2017-03-16 11:09:29,2017-03-27 15:57:47,2017-04-04 00:00:00
efe03a561138a005da4b1e37d1b2ef36,e4189070d8fcd5b35adf9af96e225b2c,delivered,2018-02-08 19:10:59,2018-02-08 19:28:30,2018-02-19 19:48:59,2018-02-23 16:55:00,2018-03-02 00:00:00
79bf05438738958b495424724f6b27c5,e5fba111f13de7769d28eb3a33dc17a2,delivered,2018-01-17 10:43:45,2018-01-17 10:52:27,2018-01-18 23:19:06,2018-01-22 17:38:12,2018-02-07 00:00:00
e44411a5a41caaf23d52f1600d31d888,b443cbafebdbd5c74e00d344cd9924f3,delivered,2018-04-06 12:55:08,2018-04-06 13:09:08,2018-04-07 01:19:07,2018-04-09 15:21:19,2018-04-23 00:00:00
6da4587a1165373a6932574c423a0791,4a2d333044ef97b6f65584614e52094b,delivered,2017-09-15 16:00:57,2017-09-15 17:10:44,2017-09-26 22:25:50,2017-10-04 11:37:39,2017-10-03 00:00:00
ff29c7cdeea12d00d7b40d4879cce688,c72f502117a154e3f6468a282c6e2d95,delivered,2018-04-23 21:31:02,2018-04-24 18:29:06,2018-04-25 12:45:00,2018-05-08 17:56:50,2018-05-15 00:00:00
17a4db677e57484f24eb68217b8de4c1,6391b6b3125ec6fbe82bf0e2d616337f,canceled,2017-11-10 14:03:51,2017-11-11 02:55:43,,,2017-12-05 00:00:00
c99f547e83c25761f4c58fd7f41cd337,2436e91f69e10172ac57467c2b2290a9,delivered,2018-08-01 16:42:02,2018-08-01 17:20:07,2018-08-06 15:32:00,2018-08-13 17:08:33,2018-08-20 00:00:00
fbd4422ecc2ad73dceb31e63c4b9a6e7,2d80f8e08f20e6969a874dc97b85df6a,delivered,2017-11-24 15:20:28,2017-11-25 04:15:07,2017-11-27 20:28:39,2017-12-05 20:42:34,2017-12-18 00:00:00
2eb223bca7f1fae261d99669d7e8b20d,a77fbe2826d37bc0d1c1965291a08956,delivered,2017-08-07 13:39:33,2017-08-07 13:50:20,2017-08-09 19:08:12,2017-08-14 17:22:59,2017-08-18 00:00:00
3d7f13cbce981bf24fdb6f18dc1f174d,dcf43e1fa6f118059382349530ff731d,delivered,2017-05-07 18:42:26,2017-05-07 18:55:07,2017-05-10 09:54:40,2017-05-18 08:22:18,2017-06-05 00:00:00
946d4f5359317f054ef617725b284cc3,86e4a908b85e47a6297573035876edca,delivered,2018-08-15 12:24:47,2018-08-15 12:44:20,2018-08-21 15:02:00,2018-08-27 12:53:00,2018-09-06 00:00:00
1a7b699187ad9cdb9d6dcf647450b861,ad57c591a1166a90a0b6758357f14620,delivered,2017-11-22 18:38:11,2017-11-22 18:49:01,2017-11-23 21:44:58,2017-11-27 19:46:40,2017-12-08 00:00:00
77080543f51349f692202d57d1ce4b99,038928d37194ccb2082dc43c08bd9e0b,delivered,2018-05-06 22:00:03,2018-05-07 10:15:29,2018-05-14 09:30:00,2018-05-18 17:12:45,2018-06-08 00:00:00
fe1e2671bc0399317906b86ef1c12593,abd9b93b524054b9e2208a991e7b995e,delivered,2018-07-26 13:29:49,2018-07-26 13:45:12,2018-07-27 14:42:00,2018-07-30 13:42:20,2018-08-08 00:00:00
c982c1af10010b2f227a2ceb69a994fa,85bf95921f6be99d9150d84ddb935480,delivered,2018-02-19 16:48:57,2018-02-19 17:50:26,2018-02-22 15:07:34,2018-03-19 20:08:44,2018-03-14 00:00:00
c6375a52330f2050e91fdca954b2e817,91e4bbdd2efe36c6411589f946d91883,delivered,2017-05-07 19:31:24,2017-05-07 19:42:12,2017-05-09 15:24:56,2017-05-16 10:43:29,2017-06-09 00:00:00
ff89ef7b3952bba5ac06d61c4a79ffbe,1815fdaaae692479110428598596b5e5,delivered,2018-02-27 18:36:39,2018-02-27 18:50:29,2018-03-01 01:11:25,2018-03-13 23:44:26,2018-03-19 00:00:00
e0e47c0af7044370987d4b95028d9f53,7b3a57af9e55f703c350ef50cd409dd1,delivered,2017-10-25 17:58:31,2017-10-25 18:14:15,2017-10-27 17:04:05,2017-11-11 19:14:33,2017-11-28 00:00:00
7ae485d40dde266f84845e1f34d74753,9a539f635a05b1a1ebc1a5c5c3f85bdb,delivered,2017-07-20 22:18:41,2017-07-20 22:30:19,2017-07-25 19:39:26,2017-07-26 16:13:22,2017-08-07 00:00:00
9f998c349e0b18e16fd662653297b4da,f49349e32adfe9a9a41a136aabe1c8c3,delivered,2017-09-22 10:13:39,2017-09-22 10:30:09,2017-09-27 00:19:51,2017-09-27 14:22:00,2017-10-13 00:00:00
cd5c3847a5c93d505f96c0ffca7f3a24,28d0de17637cefa3a21e6d1cfdbcd749,delivered,2017-10-23 09:41:02,2017-10-23 09:56:09,2017-10-25 17:03:26,2017-10-31 22:12:24,2017-11-16 00:00:00
053424c24c059910d1e31829dddcd4d9,7a73b87a6eb83ca9c6e2e8c0b2f03161,delivered,2018-07-06 12:39:04,2018-07-06 12:51:11,2018-07-09 08:10:00,2018-07-12 17:03:33,2018-07-31 00:00:00
ef18e24fd3d9f1aee48d85eb83bb7425,c43eafa976319b5043beee54b6b82749,delivered,2017-12-10 19:09:18,2017-12-10 19:30:36,2017-12-13 21:13:59,2018-01-05 23:33:23,2018-01-05 00:00:00
cfeaf2d533a561edf1924cce57d35cfd,9f8e4ecccb611b74938b089f0c883c00,delivered,2017-10-15 22:48:29,2017-10-15 22:56:25,2017-10-17 22:30:20,2017-10-27 20:37:59,2017-11-10 00:00:00
323bbdc2ccee2a7f26f2a66fca94e58b,cd77227a76d55b1ebf747cec45ff8b34,delivered,2017-10-03 17:48:50,2017-10-04 03:04:04,2017-10-05 20:12:24,2017-10-06 20:33:29,2017-10-19 00:00:00
1aa297bbbaf5713012d3a1431645b2b4,baaf1a11dbfaa1f27b2a6560f67f1eba,delivered,2018-05-03 21:16:34,2018-05-04 21:10:20,2018-05-08 14:34:00,2018-05-15 00:20:52,2018-05-28 00:00:00
37cd892c7a6275aecbe6dfdcee8de6b7,13fcb2215be199ed296dd6816ca6d393,delivered,2018-05-11 06:35:30,2018-05-11 06:56:55,2018-05-15 14:02:00,2018-05-21 22:06:37,2018-06-01 00:00:00
24fb043e826beb6ce5d4a5ea240856ad,a3502c387a6cf46d0848722a55e9c143,delivered,2018-01-08 12:02:02,2018-01-08 12:11:31,2018-01-11 21:17:08,2018-01-23 20:46:36,2018-01-31 00:00:00
fc00f81a771664dd85e2ed1bf9e0db82,3572866ed4fa05df537a287421768f0f,delivered,2018-04-18 19:57:06,2018-04-18 20:10:01,2018-04-19 21:58:39,2018-04-26 12:28:55,2018-05-15 00:00:00
9bdb93ca8e16e9436136b6ed68b6d507,728689370215790b03fc9d1a30ed3211,delivered,2017-12-12 20:22:41,2017-12-12 20:31:44,2017-12-13 18:59:31,2018-01-03 18:09:25,2018-01-08 00:00:00
acbe08c609ccb7901159882c5a558cfa,b216f3b6b774bc74b8d6977e73978582,delivered,2017-11-08 11:56:28,2017-11-08 12:11:02,2017-11-08 19:11:39,2017-11-09 15:51:13,2017-11-22 00:00:00
31d78e2d1dd32ee5c8cb1330cc0b2669,89451b936585f8a3de582cf6e5a6e915,delivered,2018-05-10 16:39:57,2018-05-10 16:58:50,2018-05-11 13:28:00,2018-05-18 18:48:54,2018-05-30 00:00:00
adf119c06ea77cd7d347b943780c37de,d78674e07c1599d4b14b0e623f5a981f,delivered,2018-06-10 21:51:36,2018-06-10 22:17:21,2018-06-21 08:25:00,2018-06-25 15:48:52,2018-07-16 00:00:00
19c0bfcd4496e4f2c70c779226c8605b,089da4e76a40d4222c2797bb79c2988f,delivered,2018-05-24 10:11:14,2018-05-24 10:33:08,2018-05-24 12:02:00,2018-06-04 18:11:55,2018-06-19 00:00:00
fb69c7597d5c2d0f839030ab8618f54c,d5e2329a9bc571ad801acd9100c42ce6,delivered,2018-04-05 10:50:36,2018-04-05 11:08:11,2018-04-11 21:06:04,2018-04-25 18:34:36,2018-04-25 00:00:00
2bc3d02aecb787b5e3272b681c0092e7,0ccf50bf1017b1678f3a155fe83dc634,delivered,2018-01-27 13:37:38,2018-01-27 13:56:25,2018-01-29 23:22:33,2018-02-19 21:51:12,2018-02-26 00:00:00
d433f15d756ab14939321574177af37f,49db40a65d22c7454da2face2fea96af,delivered,2017-11-10 09:22:13,2017-11-14 03:55:29,2017-11-14 18:25:07,2017-11-17 20:16:51,2017-11-27 00:00:00
96c51bb328e69e3f0fc0840d6de16c0f,abb72e4749cf2489c481d8f95bced786,delivered,2018-02-18 12:26:34,2018-02-18 13:26:56,2018-02-21 19:29:02,2018-03-13 01:28:48,2018-03-22 00:00:00
d93a43bb061ed0512c59729ff759da67,ae6fd17e07123d99eba9f0a9f644bbd1,delivered,2018-01-10 12:19:47,2018-01-10 12:29:26,2018-01-11 14:30:42,2018-01-15 19:16:38,2018-01-31 00:00:00
a8afb675f678a7b0b1733fa6c8d9c3e0,fabf03d488d52772b7aceadfcbcc853e,delivered,2017-05-24 09:44:14,2017-05-24 10:02:23,2017-05-26 16:03:59,2017-05-31 06:53:56,2017-06-16 00:00:00
dcfbe9e7ba8ef35633e74ef65bbcdb3e,fb624dbbcbe3fe2ff24d9363cadc66e7,delivered,2017-08-21 14:04:22,2017-08-24 08:03:50,2017-08-25 19:44:42,2017-09-05 23:04:06,2017-09-19 00:00:00
a3b5da7c8f8d9a1edf856dd01f9c91cb,d45d9822b7a7caa83d425d780535f084,delivered,2017-08-09 10:26:30,2017-08-09 10:44:01,2017-08-10 14:28:12,2017-08-11 17:45:02,2017-08-22 00:00:00
793d5734dbcacd65ede9e18d93ff8c84,29945e69674077096f8273a6b18f16ae,delivered,2017-07-07 13:26:33,2017-07-08 03:30:13,2017-07-11 11:14:43,2017-07-17 16:17:38,2017-08-02 00:00:00
b0a472e075b205f9598c0dfb2cf6ed97,19f49de4b64f3bce50c45d5d57124bc6,delivered,2017-12-08 15:31:36,2017-12-08 15:52:50,2017-12-12 18:36:56,2017-12-17 18:59:12,2018-01-03 00:00:00
02a96427d96112413499795f52a9a4e8,8be8e4ee7186b2a8a787a41244afe1e0,delivered,2018-05-22 19:29:33,2018-05-22 23:17:46,2018-05-28 12:50:00,2018-06-01 20:38:39,2018-06-05 00:00:00
1c2c24a58f6335fa1dbda79cf2ebff74,e1c2ebbc896c6fa0272673149107e327,unavailable,2017-08-17 21:54:26,2017-08-17 22:50:19,,,2017-09-05 00:00:00
abc9c2786dc2f953a2ca3f812ab0c89f,3cf477126a8dd7140cba273f6f65e61b,delivered,2018-06-11 07:14:41,2018-06-11 07:36:56,2018-06-11 12:08:00,2018-06-18 22:52:05,2018-07-04 00:00:00
19225676ff2a0f88c9d5b21fbe69494e,75aa63f557126fb8f7fbe7bdf01e6fc8,delivered,2017-09-25 14:36:45,2017-09-25 15:06:22,2017-09-26 13:37:37,2017-10-06 18:33:54,2017-10-19 00:00:00
7a255b67322e2c359d3ed389b9f4695c,796c10db6734ca715a9f5b72f776337b,delivered,2018-04-26 00:24:15,2018-04-26 00:35:21,2018-04-30 14:07:00,2018-05-25 18:56:24,2018-05-29 00:00:00
27dfcb9f2c90418ba2ab5c39f140198d,75d102f790235016643024b79bcab5c7,delivered,2018-04-10 14:20:29,2018-04-10 14:30:22,2018-04-11 13:59:36,2018-04-24 21:20:35,2018-05-18 00:00:00
cd9aa6fcc68d8352f12d7ca709c294f5,8a019cbc93b5aaf2cd852bd7a93fb7f9,delivered,2018-07-17 08:39:37,2018-07-17 08:50:14,2018-07-17 11:18:00,2018-07-20 23:27:33,2018-08-07 00:00:00
baa6a79da6b02b2a756bafd22ca73636,8f28dc381b5a73cd37a5c0a11482824f,delivered,2017-07-09 23:17:54,2017-07-09 23:30:13,2017-07-10 17:59:56,2017-07-12 00:34:11,2017-07-21 00:00:00
880e262ca224fc654e306f76653f4d25,4e46d204fdc870530157b2c4923e3312,delivered,2018-08-03 09:54:52,2018-08-03 10:24:00,2018-08-03 15:08:00,2018-08-10 17:57:49,2018-08-16 00:00:00
a26e7f9e837757064a8149ad2b918f92,0d18bde637dacc08f6b057e4738260ca,delivered,2017-02-20 22:26:06,2017-02-22 03:10:18,2017-02-22 15:42:26,2017-03-01 15:19:02,2017-03-23 00:00:00
1cff0fb86f1f68d69f65f7a9746f2096,5f001bd9abc7f01ea36f2dd6f73bb6fe,delivered,2017-12-05 01:53:56,2017-12-06 02:50:22,2017-12-18 16:29:52,2018-01-05 21:43:31,2018-01-16 00:00:00
49626271ea0fa255a99b34978f50ae68,def4d98085d84e247e9d57847e3b1423,delivered,2018-08-25 20:27:21,2018-08-25 20:35:17,2018-08-27 15:02:00,2018-08-29 17:58:32,2018-09-05 00:00:00
5d472ca2aec9170cb16cd9f094ef8a85,d1b41dd641373df00470ed35022f15bd,delivered,2017-06-19 20:37:05,2017-06-20 10:31:57,2017-06-21 08:07:50,2017-06-29 14:24:37,2017-07-12 00:00:00
133a123493a55f389917093bd41fb184,d35a891df4b2a8cca3a334a3435ecaa5,delivered,2018-08-23 13:23:25,2018-08-23 13:35:20,2018-08-24 12:56:00,2018-08-29 21:33:48,2018-08-28 00:00:00
0a3d9f14b1781670b56b1832ba291095,6370f296922c213b9d42cc710167c263,delivered,2018-07-24 16:51:40,2018-07-26 05:35:13,2018-07-26 15:40:00,2018-08-02 18:17:42,2018-08-16 00:00:00
9579eb9e9bead64bf62f5167da64fab2,550e1de146d423405c66111ff410936f,delivered,2018-01-15 00:25:08,2018-01-16 07:10:31,2018-01-30 19:34:42,2018-02-14 20:17:14,2018-03-12 00:00:00
baceff219fc0248362312e53ade80ec3,a9eac7ee0a9931e4d6bb879aa80a60c8,delivered,2017-07-13 12:39:36,2017-07-14 02:25:30,2017-07-14 16:45:47,2017-07-26 00:49:34,2017-08-07 00:00:00
331ec8fd37b237cfe255176db487a755,3a4f2ca546552859fbee998bc87240b4,delivered,2017-10-31 18:57:56,2017-10-31 19:34:38,2017-11-01 18:42:49,2017-11-06 14:07:38,2017-11-10 00:00:00
28d6266168cfd43a9f7d1f2f2f07f54a,346cf831cf5480e8955e249de733c9e9,delivered,2017-05-10 15:34:32,2017-05-10 15:45:11,2017-05-16 08:17:45,2017-05-19 10:32:40,2017-05-26 00:00:00
a2dd49b6ff8f34233706aa765cc0607f,0ede48c1214613c473e7a21763551999,delivered,2018-08-07 19:38:18,2018-08-07 19:50:19,2018-08-08 14:44:00,2018-08-10 20:52:24,2018-08-27 00:00:00
78018da6cd678e170c59e759cfb4d754,d33c3532d272d4378f30c87b5dd83a03,shipped,2017-04-17 10:58:51,2017-04-17 11:10:13,2017-04-18 14:51:36,,2017-05-19 00:00:00
a5ab32d92df4aa22033de78a4c20dedb,db3d228e48b195e4ecb9622a0b0e7807,delivered,2017-12-27 13:00:00,2017-12-28 02:35:50,2018-01-02 19:09:26,2018-01-12 20:48:49,2018-01-29 00:00:00
973ca2839f11804b5118ce7368f188a3,0b4871c8b01354102ca66dbf3bb8fa62,delivered,2018-03-11 20:38:37,2018-03-11 20:50:22,2018-03-13 02:02:25,2018-04-11 12:02:50,2018-04-09 00:00:00
bc6e05c3335f87caadbcd6c80de46ad2,05e54a5f9eb2f443192d44067147a451,delivered,2018-04-04 01:24:09,2018-04-06 15:09:44,2018-04-10 21:41:31,2018-04-27 21:12:42,2018-05-09 00:00:00
bb0254422b24df86bddb238203a16aa4,360c6d74bfa06f876676a09b73bdc9d8,delivered,2018-03-11 21:46:07,2018-03-11 22:40:25,2018-03-13 01:38:44,2018-04-12 17:50:29,2018-04-04 00:00:00
62505127063f51deaf665f237ee748c2,d4e8465cf3a673f5c029f0dcc426011e,delivered,2017-11-28 13:09:25,2017-11-30 13:31:18,2017-11-30 20:44:34,2017-12-09 01:57:21,2017-12-21 00:00:00
85647e1ff3e4b10814f375af01c38836,e2c3928e4799b07c3d5ca6fb95ce2cc9,delivered,2017-11-17 21:14:32,2017-11-17 22:00:27,2017-11-21 21:41:33,2017-12-05 18:09:14,2017-12-12 00:00:00
23c8038b81572fc7faf9c13e6c82e043,ede0405d4a691c6d3efc44523518a787,delivered,2018-01-18 12:52:45,2018-01-18 13:13:00,2018-01-19 22:28:44,2018-01-24 12:19:06,2018-02-02 00:00:00
5b3bc5b8d24159d46b9d4a9ff4383f8f,af006f83373d2d370129421a634263db,delivered,2018-03-03 13:09:09,2018-03-03 13:28:29,2018-03-05 18:57:58,2018-04-03 01:28:49,2018-03-22 00:00:00
50ec02cdd09a0a80fbb65a1505eed464,4d56e224cc6d838eef5727af0298d4a1,delivered,2018-03-01 13:04:09,2018-03-01 13:15:29,2018-03-02 00:16:56,2018-03-06 16:33:27,2018-03-15 00:00:00
8309d4331303ee734179e1c7da304fe8,254746cd0489a49558516e8743da043b,delivered,2018-05-03 14:31:45,2018-05-03 14:54:49,2018-05-04 14:40:00,2018-05-23 19:50:34,2018-06-13 00:00:00
04105b54650921ca3246f52e6f175f46,5e67c2816f006a8ef69b3e9c8a5fab8f,delivered,2018-04-23 09:07:38,2018-04-24 17:13:18,2018-04-24 22:08:40,2018-05-10 00:36:31,2018-05-22 00:00:00
30135390209cdfedeb251c27001c63e1,d6f50e407023b87c16dabd4972b26ff9,delivered,2018-01-18 12:48:10,2018-01-19 19:49:46,2018-01-23 21:33:45,2018-02-05 21:49:01,2018-02-16 00:00:00
3b9e35c74ea3d790373a88640019ed9b,91374c86e48cc333e688a7e10a6399d0,delivered,2017-10-29 14:53:22,2017-10-29 15:10:39,2017-10-31 18:25:51,2017-11-09 22:22:10,2017-11-27 00:00:00
1aa41f17180cbb20e6059e9f21717707,6d82091ecad0c0c4848d8e1066550f20,delivered,2017-08-21 14:06:07,2017-08-21 14:24:48,2017-08-24 15:33:29,2017-08-29 20:37:39,2017-09-11 00:00:00
4a84096c064c8cd3d887cf815a923c06,7ea5e0cf1199c4e783c8989bd28f9561,delivered,2017-10-27 17:45:38,2017-10-28 03:07:25,2017-10-30 18:47:27,2017-11-01 20:03:51,2017-11-16 00:00:00
ceea3b56a13c40b2f0186e69472ac7cf,7cdfbe7202481c56a694a46f536baffb,delivered,2017-12-12 12:11:59,2017-12-12 12:19:30,2017-12-13 17:43:35,2017-12-18 19:38:34,2017-12-29 00:00:00
7cb72e0bbd081c1483fb0b200266b7d3,010be179fab38706ae5cf77170b038e3,delivered,2018-03-07 16:44:38,2018-03-08 02:35:29,2018-03-12 21:29:26,2018-05-14 19:02:43,2018-04-04 00:00:00
9ad8a5a07627839df5c41599153d02d7,9ca914c4150b88e8beb5e6b27107326e,delivered,2017-08-21 07:24:37,2017-08-22 07:25:20,2017-08-22 18:24:45,2017-09-06 12:10:29,2017-09-21 00:00:00
a27eb404169bf0159dcee550b59b9d5e,517776a386c72774906153b1648f8689,delivered,2017-05-06 20:11:53,2017-05-06 20:22:17,2017-05-09 14:49:49,2017-05-12 19:06:03,2017-05-19 00:00:00
17e8356af05cf890ac4604347b3c17a6,e6db53dc3619628a8e024f3e1f4abc86,delivered,2017-10-10 19:47:16,2017-10-10 19:56:18,2017-10-13 20:32:42,2017-10-19 22:32:48,2017-11-03 00:00:00
a1b33721861b62138c1c0df2811607f0,8cc4b803d404274f768502b72dc31b1e,delivered,2018-01-14 20:20:19,2018-01-14 20:31:28,2018-01-18 16:07:32,2018-01-24 20:09:47,2018-02-06 00:00:00
329c5c3b5a57c04d68cda99d7f94403e,df8127289fba9af36ada908b0a42b538,delivered,2018-08-19 21:34:59,2018-08-20 13:30:43,2018-08-21 06:47:00,2018-08-28 18:03:37,2018-09-06 00:00:00
efd36975d7d35f5e51dc4e13aabc0f2d,7deaed5d5dd5d3fa73d31d370ea7b0e8,delivered,2018-05-03 19:53:54,2018-05-05 03:33:43,2018-05-08 12:54:00,2018-05-15 21:07:48,2018-06-01 00:00:00
cb34150c7912c6a848be6a756d4e97b3,048c357b7c10797e94b41047a42c351b,shipped,2018-03-13 11:52:46,2018-03-13 12:08:19,2018-03-13 21:38:52,,2018-04-30 00:00:00
83d0857ac987879b479b12fda691870d,6cf3dcc83e30efed63a32669fcb739d0,delivered,2017-12-05 14:29:58,2017-12-05 15:21:23,2017-12-11 19:49:00,2017-12-28 21:17:20,2017-12-28 00:00:00
152743f188270e1ffdf65348aa6f205c,d6678cfdf99c8eb852f224bf4b28e686,delivered,2017-08-24 14:25:27,2017-08-26 02:15:49,2017-08-28 13:17:34,2017-09-05 21:24:41,2017-09-26 00:00:00
ecfafbdac2fa97abd625bb499d83c50a,756432ba64479395ba75780b3e231702,delivered,2018-03-03 18:02:38,2018-03-03 18:30:45,2018-03-07 18:25:48,2018-03-12 16:33:43,2018-04-02 00:00:00
b3bab804c76ad164c8aba19684f85e38,b34ba4da8d7e038269da13c5acb0b2da,delivered,2017-12-28 13:10:02,2017-12-29 02:08:47,2018-01-02 21:43:17,2018-01-05 13:49:10,2018-01-17 00:00:00
db7f48023b3aaa3002217d55bf03ee3c,e34249c18eac0c768a80717775f43700,delivered,2018-01-20 14:54:38,2018-01-20 17:00:30,2018-01-23 19:18:49,2018-01-29 23:08:49,2018-02-15 00:00:00
47b057651b917dc455af22ed02390172,4116a6c38775c49a929f5c55f9cd37b2,delivered,2018-04-11 13:29:38,2018-04-11 13:50:30,2018-04-12 14:47:29,2018-04-23 18:48:46,2018-05-04 00:00:00
0c139f0f63f0a404368637f931e98d01,80348ce139d0380cc6cdb14c2ac5cf3b,delivered,2017-04-16 20:05:15,2017-04-16 20:21:36,2017-04-18 15:55:07,2017-04-28 09:42:19,2017-05-22 00:00:00
5aeed29ddb185bfbd86f0a2d8a11c5e1,29efc43396d02631ede837170d233980,delivered,2017-12-18 12:47:20,2017-12-18 13:33:32,2017-12-19 21:57:54,2017-12-26 16:24:19,2018-01-16 00:00:00
a33704402f555e9de8c53d4a0046a656,3a167c7791d7780df7ebe9843dd1dd3c,delivered,2018-08-09 09:30:59,2018-08-09 09:45:01,2018-08-09 12:59:00,2018-08-13 20:02:37,2018-08-27 00:00:00
14e1335948fa1aacabaedacaf51d545c,573c3ef8dec9161a66be3d292ff9c5a9,delivered,2017-09-30 14:13:01,2017-09-30 14:24:40,2017-10-04 11:13:42,2017-10-11 19:47:47,2017-10-27 00:00:00
158b852314d09859615960dedde796c3,1a8143e7bc6c680c81719b76eb8c79b0,delivered,2017-06-11 20:02:20,2017-06-13 05:05:12,2017-06-13 11:04:15,2017-06-17 11:19:51,2017-07-03 00:00:00
a9d1aee0bde57de8dbdcb70f2dbc410d,70636d8d0bfc6027d3a728faae92991a,delivered,2017-06-02 18:58:32,2017-06-02 19:10:18,2017-06-05 13:03:54,2017-06-13 13:59:03,2017-06-26 00:00:00
89bb6370b8f4db5bb27df0ff6c20cec1,7f152281939e9bcf8dac90dac8375678,delivered,2017-11-19 13:23:01,2017-11-20 13:32:57,2017-11-21 21:46:50,2017-11-27 18:54:32,2017-12-07 00:00:00
9555e91e7977061b2d8bcc8820fc40c4,5f3b1c8a3fa2ba4c9f3da12e77d5846a,delivered,2017-07-23 11:51:48,2017-07-24 11:50:16,2017-08-07 22:53:36,2017-08-17 16:48:10,2017-08-30 00:00:00
113035b11296fba96615d97215b9e301,c76b3c74f7a361753f9b9cae17614acc,delivered,2018-01-08 14:23:44,2018-01-08 14:35:21,2018-01-12 22:49:02,2018-01-17 19:33:43,2018-01-31 00:00:00
cccf9681b96cdd1beb7f99ddf8b59b18,41d408dd2218c87553f684effcfd3af0,delivered,2017-10-02 12:46:03,2017-10-04 02:56:28,2017-10-06 18:35:58,2017-10-11 19:09:35,2017-10-26 00:00:00
51bf8106a8d1c81d402b04fe983b9b0c,bdd3a5816bdefe796314c23a22f42f38,delivered,2017-11-03 15:38:59,2017-11-03 16:30:27,2017-11-06 22:54:37,2017-11-17 23:14:51,2017-12-04 00:00:00
ac56c167333aca5b20ab180d2f00079e,6da16227a15e57a2242748406e95844a,delivered,2017-09-14 00:48:49,2017-09-15 07:10:16,2017-09-18 16:15:41,2017-10-01 14:18:44,2017-10-04 00:00:00
14c7b3e2e0b5fd7ca0c342658c37347b,bbd6458d76d306118beeb01b39bb17a4,delivered,2018-02-28 13:25:38,2018-02-28 13:35:40,2018-03-02 22:38:45,2018-03-07 17:39:30,2018-03-20 00:00:00
49f6f4d206c26f0d3ac78e343ac619d7,504c02c15eb920cfb1752ca9da131257,delivered,2017-05-09 21:18:52,2017-05-09 21:33:01,2017-05-15 10:37:47,2017-05-21 06:42:51,2017-06-02 00:00:00
c097ba1708f952d3c081e4dc6b27148a,42fda2d2d454649d39e6ec5c00b4f1f4,delivered,2017-05-17 21:51:30,2017-05-17 22:05:18,2017-05-22 15:21:52,2017-05-28 04:28:52,2017-06-08 00:00:00
0c29ee02f432c35cb24a70317de6457c,4fbb9513f4c8dc868e3b3626282897b1,delivered,2018-03-03 15:38:55,2018-03-03 15:50:25,2018-03-05 22:43:22,2018-04-16 18:36:31,2018-04-10 00:00:00
7b2980930a29eada8d40bdc3932a7257,030257ba7c48ae61d88268f4c4abe59b,delivered,2017-11-23 23:41:38,2017-11-23 23:48:27,2017-11-24 22:03:49,2017-12-02 11:16:48,2017-12-19 00:00:00
725d5b45e6010a8d3da5106833e22bd0,343dab1ad2a9c810659ad6892e7e4158,delivered,2017-11-29 11:20:20,2017-11-29 11:37:51,2017-12-01 16:27:46,2018-01-24 01:27:36,2018-01-03 00:00:00
831952ca04d1d36924a04d74adf09a8f,04a7e8450417e9af0756e051e17e221e,delivered,2017-12-29 11:16:54,2017-12-29 11:27:35,2018-01-02 16:47:21,2018-01-10 23:04:19,2018-01-18 00:00:00
421858efed531b7cdf327d05df89f0a7,ed38e5a89f0b8c15b0f2d245182bc967,delivered,2017-12-10 19:41:10,2017-12-10 19:52:29,2017-12-12 21:32:43,2017-12-13 19:17:25,2018-01-03 00:00:00
9bc4b2deaca0c4b762c45b03a70c030b,446a7b388b7e3c35ae59105a61876c33,delivered,2018-02-05 12:22:55,2018-02-05 12:30:25,2018-02-07 22:58:42,2018-02-19 19:42:19,2018-03-02 00:00:00
20ef4f721610e50167d484f950d19b77,45e50a6d3f743d175e0d778bb74e0c85,delivered,2017-04-03 16:13:01,2017-04-03 16:25:11,2017-04-04 10:43:17,2017-04-10 16:05:57,2017-04-24 00:00:00
d52a18d8c96fc34ed51cc6b9535e5964,27bfb516e603ffa4aac3d4db4c8c7442,delivered,2017-08-01 18:44:43,2017-08-02 02:50:50,2017-08-03 15:13:19,2017-08-04 17:07:47,2017-08-15 00:00:00
bba30fab08220779d809343f597e9a46,3df902b907645c2fd5d4202cdaff0103,delivered,2018-08-17 02:52:51,2018-08-18 04:35:10,2018-08-21 12:55:00,2018-08-22 18:25:38,2018-08-24 00:00:00
2c7f73bf1d90525ec774ff8806274d55,3724c2a26e137c48b8d5d08fe333f5c4,delivered,2018-05-17 14:22:43,2018-05-17 23:18:13,2018-05-18 15:22:00,2018-05-21 17:54:37,2018-05-30 00:00:00
f8bbf6bc03d0fb7a5a78e3dadea9f278,0bba7338d5cd321c76f2b47afca91c9b,delivered,2018-03-16 16:04:30,2018-03-16 16:15:29,2018-03-20 22:38:47,2018-04-03 20:52:23,2018-04-09 00:00:00
57df8f4c76508fd7b520deeb75e2587b,04a698bb819b462b7034b7d12da719a2,delivered,2017-12-11 09:52:44,2017-12-11 10:11:07,2017-12-12 18:29:36,2017-12-19 01:34:57,2018-01-11 00:00:00
558a2813efccba296a15fdc10cd85acf,b7bc50c967953585ae858cacf52fe818,delivered,2018-03-27 14:24:21,2018-03-27 14:35:16,2018-03-28 21:04:55,2018-03-31 20:21:50,2018-04-09 00:00:00
8f3764cf2bebf60ed4e426faefff6ab1,25b34f846603b2a52b31e4c815c3418f,delivered,2018-07-25 14:07:57,2018-07-25 14:24:34,2018-07-25 17:46:00,2018-07-26 21:47:44,2018-08-02 00:00:00
c962c201a85de03ef0e3680ab20d2102,ffb0461e1e70c023890d66303b1d3d4b,delivered,2017-05-25 11:55:14,2017-05-25 12:12:06,2017-05-25 12:19:25,2017-06-02 15:13:58,2017-06-21 00:00:00
2f8542c0ec9dabf60950c6ae4403fdfe,49d3b17d6ed2aeeb41c2b07e3bf81d6b,delivered,2018-04-16 12:49:26,2018-04-16 14:32:55,2018-04-17 18:42:12,2018-04-24 18:08:54,2018-05-10 00:00:00
6d5b02afa38b0682ac9c0ca1cc98b463,8f4b19080877a61bc541345f5dd24f4d,delivered,2018-08-18 20:16:45,2018-08-18 20:30:11,2018-08-20 13:03:00,2018-08-23 23:16:49,2018-08-31 00:00:00
0784e3f6a8f38d4ce8ecbf36ddc57c78,e4ca6a6f6561a4ef17dc91951c2320e5,delivered,2018-01-11 10:56:40,2018-01-12 02:35:28,2018-01-15 15:12:16,2018-01-22 18:59:32,2018-02-06 00:00:00
c1377e7b1831c006b3739d06c303ea69,661a16885133c408f70a39abb26123f4,delivered,2018-04-21 22:27:34,2018-04-24 19:18:16,2018-04-23 19:11:08,2018-04-27 21:12:21,2018-05-17 00:00:00
17fa7da2f2250f22adb5ca2578972618,050a20d417ba3e1143e75ff878afbe9d,delivered,2017-07-01 20:12:31,2017-07-02 20:15:15,2017-07-10 18:28:53,2017-07-14 19:32:17,2017-08-15 00:00:00
0608991422469365a7b98644f2456aed,440d57c9bd11aff852a2587df6059026,delivered,2017-02-05 15:53:52,2017-02-06 16:02:20,2017-02-07 08:21:27,2017-02-23 16:53:40,2017-03-09 00:00:00
8f79a0d3f0989f318565ef2aa28577fb,a734d78c8594ace88881fa8021d394ce,delivered,2018-05-11 15:22:12,2018-05-11 15:38:06,2018-05-14 16:05:00,2018-05-23 01:28:18,2018-06-11 00:00:00
429d5f4eb3474a4b3e21cc1129787f74,2d5c589cb3b6d04dcaff177fb7013097,delivered,2018-07-07 19:30:58,2018-07-08 19:25:13,2018-07-10 11:36:00,2018-07-23 16:26:33,2018-08-07 00:00:00
9b95554e4a79777fcb0168932c4a9522,84cf1452a953df8b88613e6faab1b40b,unavailable,2017-03-24 15:27:47,2017-03-25 06:42:54,,,2017-05-04 00:00:00
6fa3706fe8cb643a03e2c14e2ecd8799,6f14f695ca74216d7fde73802de93bdd,delivered,2017-06-24 20:47:15,2017-06-24 21:02:44,2017-06-26 13:52:28,2017-07-11 12:52:03,2017-07-20 00:00:00
11f0f637c5a38b66abd963cc1926f152,e5473b64d1c3e774872b61231bbab4cc,delivered,2017-06-09 08:09:53,2017-06-10 02:55:40,2017-06-12 15:50:44,2017-06-26 16:14:53,2017-07-12 00:00:00
7f7459900662af489ef7c24c730e4dde,68410f868b56146af2fe202cb48d29a6,delivered,2017-03-07 17:14:39,2017-03-07 17:25:19,2017-03-14 07:53:59,2017-03-29 09:32:29,2017-03-28 00:00:00
531ddb8d1f19f42dd24070ea9eb48017,8e601a5bc7400238e02a0f077f1db7a3,delivered,2018-01-29 15:37:36,2018-01-30 05:31:32,2018-02-01 16:42:49,2018-02-17 21:55:01,2018-02-20 00:00:00
6567e0ba7d75594aacbf2ae3bc9a52b4,0952956c78aba45f953cf2b24cedca84,delivered,2018-08-01 21:00:28,2018-08-02 21:05:14,2018-08-08 14:42:00,2018-08-14 18:54:47,2018-09-06 00:00:00
ab85b4f1004139c85b34c049131c8030,e8e810a3ec8dab981ac0cad1fb00312a,delivered,2018-06-21 22:17:00,2018-06-21 22:38:28,2018-06-25 12:44:00,2018-06-26 17:36:34,2018-07-11 00:00:00
6810c2b3b3587a83d4af69dcb68295f9,b44a611059f1fdd8ddcdaea0b3f2483e,delivered,2018-04-09 20:52:13,2018-04-10 20:51:32,2018-04-11 17:58:49,2018-04-26 16:38:48,2018-05-04 00:00:00
a996de878f5347137d45b75fa47cd312,5ecd4252260c930abd92dd897e170c1d,delivered,2017-09-06 23:15:26,2017-09-06 23:30:20,2017-09-12 13:42:41,2017-09-25 17:07:37,2017-10-03 00:00:00
143c703ed417ebaa64077dcdc2c820a9,2741ad6328c6501b09950d15a0590167,delivered,2017-03-27 17:11:10,2017-03-27 17:25:14,2017-03-28 11:07:06,2017-03-31 17:52:38,2017-04-24 00:00:00
fbbd2baf2d839f10d73c99b4642ce46b,d6e5282ef68aa9ed7c6d9f38731872ff,delivered,2018-03-24 01:41:40,2018-03-25 01:35:29,2018-03-28 00:11:16,2018-04-12 21:42:39,2018-04-17 00:00:00
36fa9568947553fb83c9ad0726737a12,d7b16f675202548a1bb0ec5715f2c175,delivered,2018-07-03 18:14:00,2018-07-05 16:32:54,2018-07-04 14:48:00,2018-07-10 22:51:14,2018-08-03 00:00:00
ed0bd11dccfe74e31019ba133badf088,45537bfbebb450f1f4b50fee812ecec4,delivered,2017-03-03 19:26:52,2017-03-03 19:43:09,2017-03-07 13:44:43,2017-03-22 17:22:38,2017-03-24 00:00:00
392ddca7a63143f9ec76350a09e0e138,31e9bda36abd6db8b6a60b90dc9099a7,delivered,2018-03-13 19:12:17,2018-03-13 20:00:21,2018-03-14 19:29:28,2018-04-29 13:28:49,2018-04-04 00:00:00
867b39e996af1e8e8a013206d83c98a4,3291b733686f451af69be3f5f0add95b,delivered,2017-11-27 21:54:47,2017-11-27 22:17:43,2017-12-08 21:48:25,2018-01-07 14:59:13,2017-12-28 00:00:00
65d1e226dfaeb8cdc42f665422522d14,70fc57eeae292675927697fe03ad3ff5,canceled,2016-10-03 21:01:41,2016-10-04 10:18:57,2016-10-25 12:14:28,2016-11-08 10:58:34,2016-11-25 00:00:00
1dd524259037e53865e1fbee3697183b,1a13719d21dafc59a8a17846e0172f0f,delivered,2017-06-16 15:19:13,2017-06-16 15:30:33,2017-06-16 16:01:52,2017-06-23 11:48:38,2017-07-11 00:00:00
1dd4114d014ff38caa0b9a94b9461c37,4d75781679d538efcb4b945109f9ca68,delivered,2018-01-26 11:57:13,2018-01-26 12:21:34,2018-01-30 13:38:22,2018-01-31 19:37:49,2018-02-09 00:00:00
9ee843f1dbc9e086243f0d789e7abaf0,082cb0834331ede282c6d4c25e409afb,delivered,2017-12-02 22:06:20,2017-12-02 22:16:35,2017-12-04 18:21:59,2017-12-05 16:37:15,2017-12-20 00:00:00
78b705f0cc3c972f50aa93342f6797b0,9cc3fbd80c22513246da97768a1a6d27,delivered,2017-04-28 18:18:53,2017-04-28 18:25:35,2017-05-03 09:13:44,2017-05-06 09:51:16,2017-05-22 00:00:00
bd980aa838a928b56ab1e0a2bf4d7706,d407879de49d6ec3fd2d9e50b7419ce4,delivered,2018-04-29 23:33:31,2018-05-01 05:15:16,2018-05-03 10:06:00,2018-05-11 20:18:31,2018-05-24 00:00:00
4d9029f2c1721a0d915d363ef3473499,6e498327113595d732931d56b625c876,delivered,2018-04-03 16:41:19,2018-04-03 17:28:49,2018-04-04 20:34:55,2018-04-09 19:38:46,2018-04-20 00:00:00
2d858f451373b04fb5c984a1cc2defaf,e08caf668d499a6d643dafd7c5cc498a,delivered,2017-05-25 23:22:43,2017-05-25 23:30:16,,,2017-06-23 00:00:00
6fc43344397e467b002e0255391ffc12,bd394e7a5c0a3aa178be002bec55877c,delivered,2018-03-05 15:22:00,2018-03-05 15:35:36,2018-03-08 01:38:35,2018-04-03 19:30:50,2018-03-23 00:00:00
33ba4f801135f88f6836ade6260d0623,c1bce0aa640fafe73edf9900e0084566,delivered,2017-10-17 15:46:51,2017-10-17 16:06:47,2017-10-18 12:58:17,2017-10-25 13:59:16,2017-11-03 00:00:00
41e12d2c0b4b336d20ccb6d37cffdb17,f0b595a446e1c9dcfe68e3cd35d7d380,delivered,2018-06-20 15:26:42,2018-06-20 16:01:13,2018-06-21 14:37:00,2018-06-28 23:40:41,2018-07-24 00:00:00
678563117c6bcedcb0f9d98e8f3faf23,6ea6599690fba2aad65f1ac0433a3af2,delivered,2017-05-17 17:13:08,2017-05-17 17:25:16,2017-05-18 09:48:03,2017-05-20 13:27:57,2017-05-30 00:00:00
0aec9f1ca543dc390eb38620dc9c6429,418f28c581e2a65c5fb7e55a7f83a412,delivered,2017-11-26 16:40:24,2017-11-26 16:52:32,2017-11-27 19:13:22,2017-12-08 00:58:45,2017-12-20 00:00:00
ff1a118ab3b997d4c3f8ffad8e6734b8,2e784ffd9a6730c4637b4d1f088f9172,delivered,2017-06-15 09:34:03,2017-06-15 09:45:16,2017-06-16 14:09:41,2017-07-05 14:17:46,2017-07-10 00:00:00
16198b0458c017eedf2e4c11092a08ea,d78a968b728226fe88a8a6bf803e56c8,delivered,2017-09-19 08:40:50,2017-09-20 02:24:09,2017-09-20 22:22:25,2017-10-02 20:27:03,2017-10-06 00:00:00
e9f0f8f24251a03416e4e76735969db1,b5bbdc1fe9b6195c8521bb0e38fc7f22,delivered,2018-07-26 22:42:32,2018-07-26 22:55:06,2018-07-27 14:34:00,2018-07-30 19:22:01,2018-08-20 00:00:00
e46c1a835d11d387ba01a130d8aa7c12,f93bc2741b9bdc89cfd6b672a956bf46,delivered,2017-02-07 21:56:36,2017-02-07 22:10:17,2017-02-08 05:21:59,2017-02-16 16:44:45,2017-03-20 00:00:00
b045148b008764ce0e232a9345a65bf4,6d56ad9812301a8ddeec1e96bb714d2e,delivered,2018-03-09 08:24:59,2018-03-09 08:48:24,2018-03-14 04:51:32,2018-03-24 20:21:57,2018-03-27 00:00:00
8ef3801f58da6b652a3082e1fa5b6589,5133dfd79e71fc9244e60dde0bb6229a,delivered,2018-03-11 09:17:14,2018-03-11 10:09:05,2018-03-14 17:41:11,2018-03-19 17:06:45,2018-03-28 00:00:00
567d581c34bed9ac50925ac1dc53b0c5,473c6aed6147fc43db1b31710ba3431d,delivered,2018-01-04 15:39:07,2018-01-04 15:48:23,2018-01-08 18:37:43,2018-01-19 17:28:39,2018-02-05 00:00:00
5c2e21ced9a53930b7b52dc9efe8628b,f33b127cad2e1ad3d33db4df72ebd159,delivered,2017-11-24 13:10:02,2017-11-24 15:15:54,2017-11-30 05:28:30,2017-12-11 11:59:05,2017-12-28 00:00:00
47e9777346f914fcce7e8d5a411ca60a,0b165e2187ea84f69dd139344260d974,delivered,2018-05-31 22:38:15,2018-05-31 22:50:29,2018-06-01 09:05:00,2018-06-09 18:46:36,2018-07-13 00:00:00
a51be16dddb6847e5aaf13ac3c7cbf51,4caf6ed7e671e66c4ffe42501df7cf5e,delivered,2018-01-15 09:23:35,2018-01-15 09:34:16,2018-01-16 20:52:34,2018-01-31 17:51:42,2018-02-07 00:00:00
91244521aad278a4f697dfd15d31287b,6cc413455365a333fd164fb49c642740,delivered,2017-05-05 13:51:24,2017-05-05 14:02:32,2017-05-08 11:44:02,2017-05-15 12:47:36,2017-05-30 00:00:00
d838f9be69c8307b383f766fb85ce761,ba6fd01891caf33ec537f8c4fa78a866,delivered,2018-03-22 11:50:55,2018-03-22 12:09:14,2018-03-28 23:56:34,2018-04-02 15:45:31,2018-04-11 00:00:00
3d65556241877a60dc65971fca8367f3,bfabad729d61ff21af664ef0dcd242b5,delivered,2018-02-06 17:00:45,2018-02-06 17:15:28,2018-02-07 22:08:23,2018-02-22 21:00:08,2018-03-21 00:00:00
8fb95e274c827ed766c4833f1376e400,13799ef7771b9d92547ba8973addc959,delivered,2018-08-06 12:58:28,2018-08-06 13:10:15,2018-08-07 08:26:00,2018-08-10 20:44:41,2018-08-22 00:00:00
073d1fe6e4e8956db691e04a1656ee9f,89d2aa071dbb29c337230bef92eab040,delivered,2017-09-20 14:44:41,2017-09-20 15:05:00,2017-09-21 18:44:50,2017-10-06 18:45:14,2017-10-18 00:00:00
c9dacb231adb8fe3a8d4d452aa10bfe1,25c94fb991b323d4a3b9dbf96be0da22,delivered,2018-05-17 14:23:04,2018-05-18 04:36:10,2018-05-18 13:45:00,2018-06-13 22:12:13,2018-06-04 00:00:00
54652fe6ede11ad6bb14698156b3301d,6f1801be4cc2a6fe5aa24937d0934fb6,delivered,2018-01-25 14:55:45,2018-01-25 15:20:14,2018-01-26 13:59:07,2018-02-03 19:54:38,2018-02-20 00:00:00
c350b8020e56f5b4d3438f5daaddef70,59ef0528630b5c33f350ece4c6367b30,delivered,2018-03-01 11:48:05,2018-03-01 11:55:34,2018-03-03 14:28:35,2018-03-15 21:04:46,2018-03-26 00:00:00
677e38d339f46ff8cd648fa4ed787ab2,54438b94370217a9ec2bc0a5d8ad8871,delivered,2017-10-04 17:31:28,2017-10-04 17:49:52,2017-10-05 18:55:49,2017-10-11 21:13:10,2017-11-01 00:00:00
22583f00089ad69e494a302349673c44,660591dd3599d7962b734b00628fb114,delivered,2018-06-09 22:43:02,2018-06-09 22:59:19,2018-06-11 08:57:00,2018-06-14 22:51:36,2018-06-28 00:00:00
1c7c193f372924a8ac49d0c9b7ea1cc5,441c50d242d7eaad63f715aff033c63f,delivered,2017-06-27 15:25:53,2017-06-27 15:43:59,2017-06-28 14:27:58,2017-07-05 16:07:46,2017-07-25 00:00:00
6d05d2deb6a51438e65741cc19d715d8,aff6e8a1b38aa060cc8f8cffc39cc1b1,delivered,2018-07-03 08:31:02,2018-07-05 16:17:53,2018-07-13 15:40:00,2018-08-10 20:33:51,2018-08-02 00:00:00
de890ca80410c861b4fc9d398bd4676c,a1c2217218bed2992309dd19fd67558b,delivered,2018-06-11 14:11:53,2018-06-13 02:32:33,2018-06-13 09:52:00,2018-06-21 11:12:17,2018-07-12 00:00:00
fbdf13b5cfcd66dc81e7fc629df1877e,cd299b4957202f88287b1ede2991cf5b,delivered,2018-02-27 11:45:25,2018-02-27 11:55:34,2018-02-27 22:49:01,2018-03-20 13:56:46,2018-03-27 00:00:00
82cb6c717dba0525c42ec35ab00e7f11,b66e89cdf91390434e02035aafcf4183,delivered,2018-02-28 11:19:54,2018-02-28 12:01:45,2018-03-02 00:08:56,2018-03-07 19:42:27,2018-03-21 00:00:00
b4cd9b81ddf6c61fd05d5e2cdecd4598,e31c5000fbee5b79061e5c07f848bfbe,delivered,2018-06-07 06:26:45,2018-06-07 06:54:16,2018-06-07 13:04:00,2018-06-11 21:03:43,2018-07-04 00:00:00
b02fefc3800702d58c988da39c132902,374d1a370cc4fc67244345f046bbdff6,delivered,2017-03-22 10:44:34,2017-03-22 10:44:34,2017-03-22 11:46:45,2017-03-29 10:21:33,2017-04-12 00:00:00
1108314d5c8392f935550f4bb2ab3e34,ee2cebc250b18a20974644fa48589170,delivered,2018-08-14 14:16:22,2018-08-14 14:25:19,2018-08-17 08:40:00,2018-08-24 15:09:45,2018-08-28 00:00:00
5f6a08ae6b18361b3f12fcc746567974,3fc6fa5ea095f77094429649a0b5ff87,delivered,2017-06-29 12:46:53,2017-06-29 13:04:11,2017-07-13 20:08:03,2017-07-24 18:43:51,2017-07-31 00:00:00
75c58a51f3b308f9044892ece0af9e7d,05057cba400d34f79cd8c0396f67647d,delivered,2018-02-21 13:51:14,2018-02-21 14:30:38,2018-02-23 17:28:55,2018-03-07 21:54:37,2018-03-19 00:00:00
1cca16d3b88e1b2943ca5e33391782ac,a111130d854825238d604b8301e5886a,delivered,2018-04-15 11:41:47,2018-04-15 11:55:18,2018-04-26 13:08:00,2018-05-10 19:58:48,2018-05-17 00:00:00
682c57bc2cd98a0a198ef4e82e7c806d,1b4855e0e8c7bcbe7235c4486514ea80,delivered,2017-03-08 09:41:50,2017-03-08 09:50:19,2017-03-10 07:43:56,2017-03-20 09:47:40,2017-03-27 00:00:00
fce3db7092e1f432d0ec790414b6a5e4,32cec402b0fb8f9600fca3c9705f3adc,delivered,2018-05-31 12:33:37,2018-05-31 13:25:00,2018-06-01 14:41:00,2018-06-06 20:49:29,2018-06-28 00:00:00
1097d35f1e7f8972fb78c8a135090ca8,eac9c7f6f691a424305e7a98db80be34,delivered,2017-09-02 20:20:08,2017-09-05 04:35:58,2017-09-08 19:42:17,2017-09-12 19:27:56,2017-10-06 00:00:00
0e2aae39225d075cc7fdfda12ef5434f,4a6bf8e14787e241f4d5dfad9a6dd6bf,delivered,2018-05-29 19:36:23,2018-05-29 19:55:59,2018-06-04 12:05:00,2018-06-12 18:14:43,2018-07-05 00:00:00
15835b4cf971838ce051b97200baa5ac,f0efcec882dd726dd5dca4d34d978001,invoiced,2018-06-12 13:26:14,2018-06-12 13:43:37,,,2018-06-21 00:00:00
6bea4b3d238b2f7104807ff9f128f7e6,b9085af804080645661dee18717cbee1,delivered,2018-04-05 11:25:43,2018-04-05 11:35:27,2018-04-07 16:48:41,2018-04-18 17:06:42,2018-05-07 00:00:00
954aa85181d13fc9199de72bf883168c,123b19b05143cdc8bed675b0470a76e5,delivered,2018-04-30 02:45:05,2018-04-30 03:09:42,2018-05-02 10:45:00,2018-05-04 01:14:27,2018-05-14 00:00:00
83278a865f8f9c152f76597d22446aa2,817bdf9f2e0187ca16e7c074f3710e11,delivered,2017-08-17 07:52:58,2017-08-17 08:06:54,2017-08-29 18:34:32,2017-09-12 15:55:56,2017-09-06 00:00:00
3e7829a8c2911f2c64b49be17ad66971,d1b1954bd4057745504921f2a9ab462a,delivered,2018-01-04 19:29:09,2018-01-04 19:38:19,2018-01-05 17:35:21,2018-01-18 13:22:38,2018-01-22 00:00:00
3f1dd297747aab080b039b92ef7809a7,01fba1cb73bbc4533bde8318035fa9e7,delivered,2018-07-09 18:06:27,2018-07-09 18:25:14,2018-07-10 08:52:00,2018-07-11 19:08:29,2018-08-01 00:00:00
049c844d7707d97ba1600196919474f4,ec2d96d8dd0823d489423155370a247e,delivered,2018-02-27 15:31:49,2018-02-27 16:35:43,2018-02-28 23:52:14,2018-03-22 00:28:51,2018-03-23 00:00:00
a80493a89c4326ae0fa59d2df02c4251,04199b03081cf196718a6ed694e153c9,delivered,2017-11-23 20:12:17,2017-11-23 20:19:27,2017-11-30 01:22:46,2017-12-11 14:43:01,2017-12-13 00:00:00
9bfb1002d8b4e78527125bc25b4be9ed,b735d894ecf5b4a739e1e8054d028953,delivered,2018-04-04 21:44:55,2018-04-04 22:28:33,2018-04-06 01:17:47,2018-04-09 22:08:44,2018-04-17 00:00:00
661e075fa45fa4a73a79dd6972bce18b,0b325ef40af7bb04108befbdcc9b224c,delivered,2017-02-09 11:01:15,2017-02-09 11:10:17,2017-02-09 16:08:35,2017-02-15 11:54:38,2017-03-13 00:00:00
7d8cd4ac1b0c3a31fddc3198d69fc133,cdb5bda2e2203d57f2880dac0d661f43,delivered,2018-08-16 22:38:58,2018-08-17 09:29:41,2018-08-23 13:31:00,2018-08-28 15:16:38,2018-09-14 00:00:00
6ae4b5456cf04469812c907fe9b7cac5,1a2d9dfdc193429a1757b69699dc1a5f,delivered,2018-02-10 09:48:13,2018-02-10 10:08:23,2018-02-14 23:56:51,2018-03-02 22:12:10,2018-03-13 00:00:00
ccc1002577e950545f551f79bd3cf01c,32d25ac5f3d559286b86e09cabb57895,delivered,2017-02-06 23:31:18,2017-02-06 23:45:16,2017-02-07 14:24:59,2017-02-17 15:34:04,2017-03-13 00:00:00
e99362369d13342d20ac941c30e25294,39eb560326ffa3e1dea86ec24683e44d,delivered,2017-06-13 08:36:28,2017-06-14 02:43:10,2017-06-29 15:24:46,2017-07-10 19:12:13,2017-07-10 00:00:00
3afcb1b9c83fabca41c1668a879550a4,e5c92aca4cb7445d37790d511cf5bee1,delivered,2017-11-22 13:21:14,2017-11-22 13:35:04,2017-11-27 22:27:09,2017-12-01 16:57:05,2017-12-06 00:00:00
828e12bc152ea9891e8941d4530326fd,89a7fcf7fc62e96cd8a92de58f8d035c,delivered,2017-08-12 01:33:51,2017-08-12 15:50:08,2017-08-16 18:52:29,2017-08-24 20:15:49,2017-10-19 00:00:00
66c2a643ac74cde86624a0c15a95327a,3a9cbb50b82a65d3a91d9f0f96986405,delivered,2017-10-18 19:07:46,2017-10-18 19:28:38,2017-10-20 11:24:16,2017-10-25 17:35:58,2017-11-06 00:00:00
d966edb9e3bbe70c8617b13fac4d810a,052537cc336242d780628742e55bb572,delivered,2018-07-30 11:13:47,2018-07-31 11:30:48,2018-08-08 15:43:00,2018-08-16 16:03:33,2018-09-11 00:00:00
1f9acfb03ed5bcc65242f54f6fec83a6,59f9594aa10c39878b6011b738956d1f,delivered,2017-08-28 20:23:50,2017-08-28 20:35:10,2017-08-29 16:56:23,2017-09-04 13:57:54,2017-09-15 00:00:00
02ea54f5cf3a07904182167e104f97ff,a0bc1cef1d06235c96a23b0e015b2db3,delivered,2017-03-19 19:30:39,2017-03-19 19:30:39,2017-03-21 15:28:19,2017-03-29 17:07:18,2017-04-06 00:00:00
d1d599b296d82560e3c783e7b6f93392,a35063c389d1745e80d21e961477ba86,delivered,2018-04-19 21:02:00,2018-04-24 18:35:57,2018-04-23 19:08:54,2018-04-25 20:33:17,2018-05-15 00:00:00
540f121ea3cfa5ce2e54c08c15c639a1,8fef8148fd648f77be4a984500912912,delivered,2017-06-16 18:01:42,2017-06-16 18:15:09,2017-06-19 19:27:45,2017-06-28 15:23:02,2017-07-10 00:00:00
431c1624aae277e9a8c7182403019df3,6ed3dd81265ce526e909e5cc253e32a0,delivered,2018-07-17 08:42:24,2018-07-17 08:50:17,2018-07-23 14:28:00,2018-08-01 20:35:03,2018-08-09 00:00:00
21bdcd7a400bf562a9db97671d31b2d7,17bf24863dd01987197596a111689e04,delivered,2017-12-18 22:35:43,2017-12-18 23:35:25,2017-12-21 18:52:06,2017-12-26 17:22:25,2018-01-05 00:00:00
60fc7ade1e92f28d610e6e529997e56c,043111eb2b35475e7264e40c234e92d2,delivered,2018-03-19 23:51:06,2018-03-20 00:15:28,2018-03-22 19:39:28,2018-03-27 18:45:40,2018-04-10 00:00:00
965836ffb754e3f45c8734a2baea5978,f35348d2516c693a6639be6ac3d9733c,delivered,2017-11-07 16:57:33,2017-11-07 17:10:32,2017-11-09 20:48:39,2017-11-10 17:54:58,2017-11-21 00:00:00
693c6ae1a1ab759aae8dd08ff9eff189,3ffc83bdd8f4ecb0752fe9c3204b5c1e,delivered,2018-06-08 12:12:36,2018-06-09 16:19:31,2018-06-11 10:53:00,2018-06-12 15:38:37,2018-06-21 00:00:00
81aaca55da8047141cf58b07e5f2e26a,c043f98aea0bc16a2a4ef262d23ce44b,delivered,2018-06-17 07:10:13,2018-06-17 07:39:12,2018-06-18 14:53:00,2018-06-26 13:03:43,2018-07-16 00:00:00
53712f2beff3a9f5bc14e79f68023ba7,223c047d06083bf4d3a52212f59de0f7,delivered,2018-06-28 19:13:08,2018-06-28 19:29:52,2018-06-29 13:21:00,2018-07-04 23:28:38,2018-08-01 00:00:00
69ffcc06382c0d6b91a0d6a647603a8f,83fc8ba0daca8fd0ec1524c52e5c40e0,delivered,2017-08-09 12:40:41,2017-08-10 12:45:17,2017-08-11 18:22:25,2017-08-17 19:52:35,2017-08-31 00:00:00
55d9ed3d025ab4c5107cf23af69df124,a360d3609e0c4fcabfe54da4d3bd1505,delivered,2018-01-10 12:02:10,2018-01-10 12:14:28,2018-01-11 23:20:01,2018-01-24 20:19:25,2018-02-05 00:00:00
483561c1a64813ba6588d1fab2f90f61,f2ffda134e4ce154328c0fa4cdc23f53,delivered,2017-06-21 14:03:46,2017-06-22 14:10:14,2017-06-22 15:16:38,2017-08-02 17:42:46,2017-07-11 00:00:00
85485db1f11cb496d2fbd2def0d397a3,c9f269b214fba65e362387a75c60cb91,delivered,2018-02-24 23:03:17,2018-02-24 23:15:27,2018-02-27 17:52:26,2018-03-03 19:13:09,2018-03-20 00:00:00
d83704206184936b569352ae7f704788,19a8557e231a08f8ba5848eff79f1199,delivered,2018-06-13 00:45:05,2018-06-13 01:01:52,2018-06-13 13:46:00,2018-06-14 21:22:54,2018-07-05 00:00:00
b37e0e48a41066cd3053d9f68bb2e7b2,315f72cf8dfa6509d07b4809fdafbafb,delivered,2018-05-20 12:29:24,2018-05-20 12:58:45,2018-05-24 09:40:00,2018-06-01 15:58:54,2018-06-19 00:00:00
3e0f5ef6c203acda1961682cdfe47606,02c771f35f4c21a4197077611f4ecffa,delivered,2017-07-23 05:14:03,2017-07-23 05:25:07,2017-07-25 22:47:31,2017-07-28 17:09:21,2017-08-23 00:00:00
2a65dd524a3b3160b9f67476c8ec40c3,75e3cf403d99b8a2b69d4ab37967d508,delivered,2017-05-05 14:41:47,2017-05-05 14:55:11,2017-05-09 07:25:56,2017-05-12 11:51:45,2017-05-30 00:00:00
b16edbe1f7a49100162c5426f85ab8ec,899285881e331a07acefdc953184fd00,delivered,2017-12-12 09:47:10,2017-12-12 09:55:26,2017-12-13 17:43:40,2017-12-19 03:32:37,2017-12-29 00:00:00
e81f9367113fbd126f1b01da8b50f0f3,f102a085bf4cd6f830b46066fb3f5e30,delivered,2017-08-05 16:48:31,2017-08-05 17:04:08,2017-08-08 20:03:28,2017-08-22 21:36:04,2017-08-31 00:00:00
03fd35e6d3a78d5e05114e7a1ac319e6,f705ad1fed8572316d5202c1affab472,delivered,2017-09-11 16:59:11,2017-09-11 17:31:01,2017-09-12 19:36:39,2017-09-19 16:54:03,2017-10-04 00:00:00
865aee0fd5873d8a2974df861e2526ef,622c8e6dd2f3d6f07a232257ee86e6b9,delivered,2018-01-07 20:49:50,2018-01-07 21:31:45,2018-01-24 18:15:05,2018-02-24 13:42:53,2018-04-17 00:00:00
7a2305c60573b7af60dd941db4629ec7,1fab691c0fb4a038875b2876180007bf,delivered,2017-04-06 21:02:05,2017-04-06 21:15:10,2017-04-13 17:17:43,2017-04-19 13:13:45,2017-05-02 00:00:00
3290d044feb4a9f2f4a195441b12ffe1,751f6faa032664683bd9e96acb614b5e,delivered,2017-09-04 12:25:40,2017-09-04 12:44:01,2017-09-11 17:28:18,2017-09-13 17:00:09,2017-09-21 00:00:00
dd427935400952ce464e8c2f04b10f56,0662368ff680fcfd827c7dfa0b272bb7,delivered,2017-12-21 08:45:39,2017-12-21 08:59:41,2017-12-22 20:41:54,2018-01-11 12:49:19,2018-01-19 00:00:00
8c0819345572d0da947e64bfdf38e3d2,28431c7da08761c1ea2827009796a928,delivered,2017-02-09 23:40:48,2017-02-10 01:05:13,2017-02-10 15:02:26,2017-02-20 11:32:49,2017-03-14 00:00:00
fc698f330ec7fb74859071cc6cb29772,e779303d9317edc7bce9f584ccaa59e3,delivered,2018-04-18 09:02:27,2018-04-19 02:32:11,2018-04-20 18:46:27,2018-05-09 18:52:09,2018-05-23 00:00:00
f8164ab157d2fa8835750d2249e9b1cb,33de576db54e2a77970178bd30b0d40b,delivered,2018-06-28 16:09:04,2018-06-29 02:53:23,2018-07-05 15:00:00,2018-07-10 16:38:49,2018-07-27 00:00:00
c3789b2ed8f91ea1e56451bc6387454e,ef3edf510363b4847b3cc48ccc293aa1,delivered,2018-02-06 06:18:49,2018-02-06 06:30:20,2018-02-19 22:48:28,2018-03-19 15:21:19,2018-03-20 00:00:00
6fa03e78d9524fd63e7b9ab5618eff3c,e272717894f4663f450f5a4d487adb2f,delivered,2017-11-27 17:54:10,2017-11-30 15:14:20,2017-12-01 19:49:00,2017-12-24 15:07:01,2017-12-20 00:00:00
668e74f421624e48476682f5cbb48b3d,01cd1ba7ed9bb74360ae8d7b03575b2d,delivered,2018-03-04 11:34:08,2018-03-04 12:30:56,2018-03-06 23:42:20,2018-03-16 21:04:18,2018-04-06 00:00:00
468aecdb830aefb386337516a5edaa71,70d5de1ef2fba225d499156e5b8c0e4b,delivered,2017-04-13 20:53:11,2017-04-15 20:25:08,2017-04-17 11:06:42,2017-05-11 07:51:25,2017-05-10 00:00:00
d304c1d37685ed533e5e16e8e74ff2c1,e4194b17ced6d848551aa5eb315745d1,delivered,2018-07-21 17:00:51,2018-07-21 17:15:18,2018-07-25 14:14:00,2018-07-30 17:02:46,2018-08-17 00:00:00
b9e2b866cb381ea49beee36e3baaa76e,62b2dfb55aedc55b13c25efe64e6ecd5,delivered,2017-12-15 18:51:59,2017-12-15 19:42:24,2017-12-19 17:18:27,2017-12-21 19:22:42,2018-01-04 00:00:00
d9971834a50b8fc323aa7f527978169d,4899884819536b44b5b533849b3683ce,delivered,2017-09-27 00:07:04,2017-09-27 00:49:42,2017-09-27 17:58:23,2017-10-05 12:40:10,2017-10-25 00:00:00
056a21113c096b87e87743862452a7d3,7e3721f04862909bc9e85394898019f4,delivered,2018-06-17 17:08:31,2018-06-17 17:38:54,2018-06-18 15:00:00,2018-06-25 18:04:01,2018-07-16 00:00:00
7227b55a59343b63b3b4520725996301,80ff1923dab20bed7da50c8604a6ec9d,delivered,2017-03-20 21:35:37,2017-03-20 21:35:37,2017-03-21 15:21:24,2017-03-24 12:17:55,2017-04-10 00:00:00
db3d8c47002a9d03c4220a0a0bccff78,3c9c382a4b76e788a7f5840d02b943a2,delivered,2018-06-28 13:01:57,2018-06-30 02:52:29,2018-07-05 14:02:00,2018-07-11 17:38:26,2018-08-06 00:00:00
130d0e27289efce0e9d8d74c3c1d43b8,20573ae3316c5abe38da7880e882c0ce,delivered,2018-04-24 12:11:58,2018-04-25 03:51:34,2018-04-25 15:13:00,2018-05-01 00:05:36,2018-05-16 00:00:00
e04227003e31c861c6d5953a9ecaffb9,1d99106cca82c25870ca45588226c83d,delivered,2018-06-15 14:08:12,2018-06-18 11:15:30,2018-06-18 15:16:00,2018-07-03 23:32:10,2018-07-25 00:00:00
52b1ffde0cd06a4b61dc1229bcf87827,39794556d9bcdf7549001fc3ec56e28e,delivered,2018-07-14 18:12:20,2018-07-14 18:30:46,2018-07-19 11:50:00,2018-07-27 19:05:33,2018-08-03 00:00:00
2d03cd6c5d4ef95593a9f4ecff1b48cb,00bf225ae2b2d6a141e31acf971c4a03,delivered,2018-03-14 22:12:44,2018-03-14 22:29:51,2018-03-19 18:05:50,2018-03-20 19:18:30,2018-03-26 00:00:00
3937dd4b1499f638732d32d8c8f0720d,cdaed65b6dc07f9e7ecaa575f4fb1b66,delivered,2017-12-11 11:42:43,2017-12-11 11:52:44,2017-12-21 19:53:24,2018-01-05 19:15:12,2018-01-16 00:00:00
7f5e0af4864278a71b1c273b11dfc090,6ec20bc88d916200c9dd90203f08a483,delivered,2018-04-12 11:30:39,2018-04-12 11:51:39,2018-04-17 16:36:00,2018-05-08 18:04:51,2018-05-22 00:00:00
c7b627d407eee2ec488c07e03e2b8c16,59d0d3ad82b0291c4b095f20cb00569c,delivered,2017-03-22 09:07:17,2017-03-22 09:07:17,2017-03-22 11:23:31,2017-03-29 14:12:41,2017-04-17 00:00:00
ecc51610d88151a13c1be6080fbe4f78,210b3c675c1a56fc590127a4d9cc4cd5,delivered,2017-11-12 14:25:16,2017-11-14 03:55:39,2017-11-15 00:09:12,2017-11-29 19:10:06,2017-12-07 00:00:00
db8f21db0519c6ab351e3bbf641439ca,7866c989224ec6576f74674d9cde0b79,delivered,2018-04-20 19:36:34,2018-04-24 18:45:51,2018-04-24 20:26:29,2018-04-27 21:22:53,2018-05-15 00:00:00
7acdb98aabb39abbea16b8acce3f1f30,b518b2605c2ccf4e345b84fcdf099dbd,delivered,2017-11-20 18:05:19,2017-11-22 02:46:59,2017-11-22 21:08:40,2017-11-29 18:20:03,2017-12-07 00:00:00
9134e387b7624c08ec40653033d0d30f,54680d8515c181f8204d00913a3528fc,delivered,2017-09-20 17:16:39,2017-09-20 17:30:14,2017-09-21 18:50:29,2017-09-25 15:43:25,2017-10-05 00:00:00
1c48d9b0f20275684de911afd11024f8,e38882ed2b1e443a3dd5f4f20166f700,delivered,2018-02-13 11:58:56,2018-02-13 13:10:19,2018-02-15 23:07:06,2018-02-19 15:06:33,2018-02-26 00:00:00
bd33d6543dab80671198f9df40e3411d,b6d354953d35ddff2b272b557fb42e37,delivered,2018-03-27 13:27:16,2018-03-27 13:47:53,2018-03-27 23:08:40,2018-04-02 17:44:52,2018-04-16 00:00:00
e8373361f5e06afd6a7e7971e68512dd,14b8fc48b9f66832dfca6333034c46cb,delivered,2017-07-24 15:19:05,2017-07-24 15:30:14,2017-07-26 10:17:43,2017-08-03 20:49:40,2017-08-15 00:00:00
f5942dc9da4bc0e2beac653f4e63a020,3b37c1430b7f3a7e75ab75398969d054,delivered,2017-04-24 02:24:24,2017-05-05 14:21:56,2017-05-09 15:07:39,2017-05-15 06:42:19,2017-05-17 00:00:00
4dd4fdc64737dc3f4472ceda049cb1ba,ced30a21aa4f7c12391d0f86fd9f8858,delivered,2018-08-17 13:57:35,2018-08-17 14:46:50,2018-08-20 11:30:00,2018-08-24 18:58:21,2018-10-03 00:00:00
0df2e7ba716c3f48ee4a3081092e2c19,29b703f3c4886106653c63a3b5283879,delivered,2018-02-28 16:24:51,2018-02-28 16:51:12,2018-03-07 20:38:33,2018-04-10 22:04:10,2018-03-26 00:00:00
86274c00b0ec7c91b000d4c6cac1dc72,c886dba1c18271b300d8106da9afcf6d,delivered,2017-06-09 09:22:57,2017-06-09 09:35:17,2017-06-10 10:32:05,2017-06-19 17:16:11,2017-07-06 00:00:00
40507eefcbacbd41a411bc1f99177286,41358104f08cf88114e435b984b5593d,delivered,2018-06-27 11:40:29,2018-06-28 11:35:16,2018-06-29 07:28:00,2018-07-04 16:49:30,2018-07-30 00:00:00
d6b1ebeabc4c48c6b619228bc124a7db,c5e68b243bfdf32f1b8c8a29fccab95c,delivered,2017-11-24 00:45:11,2017-11-24 01:11:02,2017-11-28 22:24:58,2017-12-11 14:29:03,2017-12-15 00:00:00
2ae1a1178ebaf2ed27989112cf9f4a2d,503cd4e9dd9a0aad568b6f3af8e32948,delivered,2018-01-01 14:37:33,2018-01-01 14:47:22,2018-01-10 17:48:34,2018-01-18 20:29:58,2018-02-08 00:00:00
6ca9c0a909bbc8eebf30f6c1fdd2c3af,6740279597f08a3c36dec8a17dc20aa4,delivered,2017-11-17 22:40:10,2017-11-17 22:55:29,2017-11-23 21:17:39,2017-11-28 00:49:24,2017-12-08 00:00:00
b3ea28aa962313ddcc7046e69e5ea094,a71d1a5ce7bfed2330ddd00b9efab8de,delivered,2017-11-24 20:26:30,2017-11-25 00:19:44,2017-11-29 18:13:10,2017-12-01 20:47:41,2017-12-08 00:00:00
7edc2a6bd5f0956a989660138adfba50,a8f872fdfb3b8e0f840f4224b38bdab2,delivered,2018-03-30 19:57:15,2018-03-30 20:10:11,2018-04-03 19:45:26,2018-04-10 21:53:21,2018-04-20 00:00:00
141b860df8159c748ea4d24301992689,68b23619fcff7f2ce50230a2af1b925a,delivered,2018-07-20 04:05:49,2018-07-21 03:15:31,2018-07-23 12:25:00,2018-07-24 17:44:47,2018-08-07 00:00:00
671f3f58a12caea363c9e40989c7d154,e34e611ede97bd86382632d4ef71f31f,delivered,2018-03-26 09:56:14,2018-03-26 10:10:34,2018-03-27 19:38:53,2018-04-10 01:08:44,2018-04-25 00:00:00
ea34eae68a8f3d0332107c30b071c7a9,6ba6e5bf30ec197d1fefdebdc67ffa21,delivered,2017-06-06 14:54:45,2017-06-06 15:05:26,2017-06-12 14:40:49,2017-06-19 21:41:53,2017-06-29 00:00:00
a61122f2a4bb6c7479310694e0657167,73075f8aed30be94df728a128ae7a23a,delivered,2017-03-04 09:55:07,2017-03-07 04:05:15,2017-03-09 02:34:15,2017-03-16 09:05:54,2017-03-27 00:00:00
93f02e3d7633cf1fa948b35b5003cb18,45919ce8424f0a7c9d630e5c18f66524,delivered,2018-03-09 11:58:20,2018-03-09 12:40:32,2018-03-19 19:48:29,2018-03-27 00:26:45,2018-04-13 00:00:00
7018a2cb4802de2f9ed4b09b6a98e6fd,885a9dace03d5ee78e1639818cf8ca76,canceled,2017-12-10 10:27:39,,,,2018-01-24 00:00:00
35e80bf3e6241ac7d357c90ca82a3af9,4ea34777a492f189fe85ab3a2eac1025,delivered,2018-01-09 14:49:23,2018-01-09 14:57:37,2018-01-11 22:55:07,2018-02-09 18:51:50,2018-03-02 00:00:00
95617572e4e39b8b9f5384d136111f93,1801ef99dbe925417e3103f8adafb25a,delivered,2018-02-03 09:59:51,2018-02-03 10:33:40,2018-02-05 23:33:53,2018-02-20 16:07:14,2018-03-08 00:00:00
609c97475846e0fb855687ba02614170,b76476b4d6edc900df47f167fdb9c333,delivered,2018-01-31 13:39:25,2018-01-31 13:55:38,2018-02-06 01:41:30,2018-02-09 19:41:31,2018-03-01 00:00:00
11a9b7e0a0da34849647a487b13ef821,564447d751c0885e95f8e3d9c97466d6,delivered,2017-12-11 21:36:17,2017-12-11 21:52:32,2017-12-14 19:38:50,2018-01-08 20:23:09,2018-01-18 00:00:00
df67039c09c08afbaf0e4c2d7cafe9d7,2dc8d638c52999a8015152034bae940c,delivered,2018-02-28 13:53:06,2018-02-28 15:00:39,2018-03-01 20:38:32,2018-03-05 20:10:49,2018-03-13 00:00:00
2db6682455f3a6b47b5202e00c855789,4dc417fbc348bf334bb2d066ab22efa1,delivered,2018-05-30 09:46:25,2018-05-31 03:36:05,2018-06-05 08:27:00,2018-06-13 00:05:24,2018-07-11 00:00:00
ad40bc353ed6f8f975faf818439c7de1,360da4d51093e4cc0e38a1f408b51979,delivered,2018-08-04 05:55:28,2018-08-04 06:10:08,2018-08-06 16:31:00,2018-08-11 13:08:57,2018-08-21 00:00:00
1f3a59c2916b7d2ec5fb039cc15ea18e,5889225db49e6bd4c1280c55dacd8b75,delivered,2018-05-07 18:56:55,2018-05-07 19:15:25,2018-05-08 16:25:00,2018-05-09 16:54:36,2018-05-18 00:00:00
e81cc4ef80e506f656341f4906927b32,f5fde8e5c3fb14b8ae32953ead1d51ce,delivered,2017-09-22 15:30:06,2017-09-22 15:44:11,2017-09-26 14:17:51,2017-09-29 17:47:29,2017-10-09 00:00:00
3a910fcc31e93133ce84280ebc47d956,59802adb7b72bb9d51f8644033e968b1,delivered,2018-08-04 19:28:38,2018-08-06 15:24:39,2018-08-07 08:26:00,2018-08-08 22:57:57,2018-08-13 00:00:00
a1cc4ec47d976c44b54dec962f21d613,d87500fbc50819f8f7282cf5add00b05,delivered,2017-12-29 11:04:22,2017-12-29 11:16:26,2018-01-03 21:17:00,2018-01-05 18:06:25,2018-01-18 00:00:00
898848a3835c0476647c9e862798949d,ee9b7348f37ce26dd44aaf8239230873,delivered,2018-07-30 13:35:11,2018-07-30 13:50:09,2018-08-02 15:53:00,2018-08-07 12:25:32,2018-08-10 00:00:00
5fa3b6744c7d556116187d18de357c43,1b8ee28c1b097a95d300a3a18d8c54fa,delivered,2018-06-06 18:55:30,2018-06-08 03:13:35,2018-06-19 10:52:00,2018-06-21 17:47:41,2018-07-12 00:00:00
e68e7bb5338aa7632d6a49d321c1a0c9,c89ecfb6b2504fface49990713e0ec28,delivered,2017-11-27 19:51:35,2017-11-27 20:17:28,2017-12-01 23:19:38,2017-12-11 18:39:01,2017-12-20 00:00:00
a2ff044ec5d43bc7a284932e85a15049,6c29b231dbfcd73093d8c2fd1984e40f,delivered,2018-01-03 14:20:18,2018-01-03 14:47:02,2018-01-08 20:49:15,2018-01-10 18:39:28,2018-01-19 00:00:00
212399bb2189b8096965b199645d7d3d,950ae87062f753d4c60dddad6d549a17,delivered,2018-03-13 12:25:27,2018-03-13 12:35:35,2018-03-14 18:51:38,2018-04-18 16:05:05,2018-04-24 00:00:00
55489c304b912adb3b5cf8b444a70df5,0451f20d74e1dfcbdd2af858531e6a68,delivered,2017-08-15 17:14:15,2017-08-15 18:45:13,2017-08-17 19:25:42,2017-08-25 19:37:49,2017-09-04 00:00:00
db84f5852687abdb7f384d5ea4b638c9,4c0d7656f453224f96e4feb7718271d5,delivered,2018-03-12 20:34:16,2018-03-12 21:28:20,2018-03-16 19:05:59,2018-04-27 00:29:23,2018-04-03 00:00:00
319bf7746b784040445afd6ec16285fb,695b5f7224d99b1f7cae41cea85f750d,delivered,2017-08-18 11:21:29,2017-08-19 12:04:25,2017-08-21 22:14:58,2017-08-28 20:48:01,2017-09-12 00:00:00
1fe7851e9b8770f04c394c0d0735fd9f,c3c1a12d90f00f364a8564fb45a6985f,delivered,2017-12-12 15:59:50,2017-12-12 16:12:23,2017-12-13 18:03:42,2017-12-19 18:44:53,2018-01-11 00:00:00
2ff04f721a0ccf086506b4ba443d924a,4e2c2516338a95c5199f59106b5c79c3,delivered,2018-08-12 13:52:05,2018-08-14 04:24:29,2018-08-14 15:34:00,2018-08-17 22:20:57,2018-08-24 00:00:00
e098ec5f9db73a0719805f75d086a56a,d98048e87d80bd15b8317c104ecd89d3,delivered,2017-05-15 07:42:12,2017-05-17 03:55:26,2017-05-17 10:40:38,2017-05-29 11:46:54,2017-06-06 00:00:00
09b6daf7c780e789668ee3b7f4bda1c5,032f5eb3f82038a0490fd6870bf131dd,delivered,2018-06-29 18:20:57,2018-07-05 16:04:53,2018-07-03 13:08:00,2018-07-09 10:48:30,2018-07-26 00:00:00
1b4e5194ba21a82ca345b9c27211b00d,10cc2cf42adae8f5b97bc107f218cc35,delivered,2018-05-16 15:37:38,2018-05-16 16:00:01,2018-05-23 14:42:00,2018-06-05 10:34:35,2018-06-05 00:00:00
dffc09c8763a137aa9d90c1e1a27247b,3b217c2c2fa9b806b2060cb917a483ea,delivered,2018-01-13 23:01:19,2018-01-13 23:11:23,2018-01-16 00:18:05,2018-01-19 18:54:28,2018-02-05 00:00:00
3c0f91a7a3493bb46260f52f2e6ab61a,53106ad4ce681e65be974104974ae23d,delivered,2018-03-03 21:03:17,2018-03-03 21:10:38,2018-03-06 05:25:13,2018-04-24 15:32:27,2018-03-26 00:00:00
f4729db51fa0b1eb9738b7bcbb3379d8,40774a54de330e5e8dbc37c03f64b625,delivered,2018-05-06 11:47:35,2018-05-06 12:13:09,2018-05-08 08:53:00,2018-06-08 20:48:37,2018-06-14 00:00:00
bcc2b6a2acc5f49f9ed5ea31410be28a,5f9b3664b4fc2352e89138930daa720f,delivered,2017-08-23 16:38:43,2017-08-23 16:50:18,2017-08-24 17:06:02,2017-08-25 16:33:50,2017-09-08 00:00:00
bfdf7d1387c8a71618bc72ce34b1d51f,25bdec6ca1766477d546ca79def205b6,delivered,2018-04-07 00:10:05,2018-04-10 04:11:38,2018-04-10 22:07:45,2018-04-11 14:16:45,2018-04-19 00:00:00
82bf720ca63002cfa62c7910ad811079,46bef22ff988a69cf88fe3c05eaf5f41,delivered,2017-11-10 10:04:31,2017-11-11 02:46:44,2017-11-15 00:15:56,2017-11-23 22:00:03,2017-12-04 00:00:00
1cf9fb7308beb8ef95005967f336cefb,2135d8c6474fbeba5b218bb1178dfc2c,delivered,2018-01-02 23:10:45,2018-01-02 23:19:29,2018-01-05 17:34:25,2018-01-09 17:18:10,2018-01-18 00:00:00
97b0c95e889716655b08810a8832ad5e,c5c51176fe479f6a23beb42e7a3e493e,delivered,2017-11-13 17:15:21,2017-11-13 17:30:33,2017-11-17 19:18:53,2017-11-25 13:33:01,2017-12-04 00:00:00
36c2be04c43db09655628dc1658e5c97,8c86456e3bab61544682dfc5ba35d3b1,delivered,2018-08-19 00:13:28,2018-08-20 13:55:24,2018-08-21 14:26:00,2018-08-23 18:07:07,2018-08-27 00:00:00
c93a5ee8b79d80e391eba8a575bd4d1d,48c4f594261d0b163beef0785c42a5f5,delivered,2017-03-17 14:07:59,2017-03-17 14:07:59,2017-03-24 15:23:27,2017-03-27 12:43:40,2017-04-05 00:00:00
010078e0913f48d014483bd856c01ca1,cba40225005628d0bb62cc9d15c9333f,delivered,2017-11-26 14:52:03,2017-11-26 15:14:15,2017-11-30 18:39:27,2017-12-05 22:13:43,2017-12-21 00:00:00
d868b96ed53089f3a6e9b202ee041dbf,9f5d77b326c3bb316e829181dfd6d192,delivered,2017-05-10 11:51:13,2017-05-11 11:55:22,2017-05-12 13:04:02,2017-05-20 08:57:31,2017-05-30 00:00:00
aa2e4895f7a5c83f8eca905a39bde26d,401bca71c4004b9d06483ee401f7374d,delivered,2018-01-08 13:54:04,2018-01-08 14:02:33,2018-01-22 17:09:27,2018-02-01 21:56:44,2018-02-14 00:00:00
d8d5b2d660ff0d4f9391b823cf3d6b3c,904a7071bc6fff469bf6c0ae74017a7b,delivered,2018-02-21 22:38:45,2018-02-21 22:50:42,2018-02-22 18:53:40,2018-03-06 20:52:44,2018-03-20 00:00:00
49a167dbd18cbfffffda7befe7d179b8,9a8735b720b7a1d032dd4210a17c08e3,delivered,2017-12-21 11:48:01,2017-12-22 02:51:05,2017-12-22 18:17:52,2018-01-09 20:33:10,2018-01-19 00:00:00
3452a7eb3fb50ae56f54d64d6ce7ddbd,d23dfb1dad1e005d8889511d3db1b888,delivered,2018-03-25 11:00:16,2018-03-25 11:15:33,2018-03-26 21:12:09,2018-03-27 23:38:57,2018-04-06 00:00:00
d01bd950611f73e1490c45d87156374c,62c3d7422ddfe3eaf127b0ff104a6b2d,delivered,2017-05-06 01:39:16,2017-05-06 01:50:11,2017-05-10 11:56:06,2017-05-17 05:47:45,2017-06-13 00:00:00
b5538e02ecb336b5d0a0c11606f34a3d,a5c7dd74025d811f6f70726acaa4a2a8,delivered,2017-05-27 21:13:53,2017-05-30 04:55:16,2017-05-30 10:04:21,2017-06-06 14:17:28,2017-06-27 00:00:00
4374672f40f26ec3646cdc22c5f57733,9422ceca89675150ff5b567cf89f43b6,delivered,2017-07-10 17:44:35,2017-07-10 17:55:17,2017-07-11 18:12:07,2017-07-20 21:41:51,2017-08-01 00:00:00
db9184ca76c81f6e6f102cda2b30e12f,8ef9b5e6a4f621a1ee03dc8da58cdb17,delivered,2018-02-24 01:26:52,2018-02-24 01:35:23,2018-02-28 23:35:21,2018-04-09 10:43:32,2018-03-23 00:00:00
f8853e328e43ca676354e48e5b70543b,c769ac7a0fe2aaefe3ea85249f0aee54,delivered,2017-09-04 22:15:44,2017-09-04 22:25:20,2017-09-05 19:13:54,2017-09-18 21:27:45,2017-09-28 00:00:00
15a4f6c29cc0499b69ef5c763eef4d9d,be88dc73b3e496fbf231093e12cd8322,delivered,2018-06-22 00:07:03,2018-06-22 00:18:02,2018-06-22 14:14:00,2018-06-25 18:05:35,2018-07-16 00:00:00
0e3586e663acb9adff4f778c7d174890,6e7d605466ed1b66ed29878c722fc992,delivered,2018-05-06 14:59:09,2018-05-06 15:15:13,2018-05-07 12:16:00,2018-05-14 15:34:00,2018-06-11 00:00:00
4729a8ef5b11ed2d8dc77d48deeeee04,0a4a8ee3c788108918b12f21435c950c,delivered,2017-11-06 19:20:14,2017-11-07 04:31:16,2017-11-07 15:57:04,2017-11-20 14:32:33,2017-11-29 00:00:00
aeff34af69cf1978fd42b5429efca3a5,e9afccf70d6fc1deb35b9eb230ba2933,delivered,2018-02-12 12:52:14,2018-02-12 13:08:19,2018-02-16 00:08:12,2018-02-20 18:42:10,2018-03-14 00:00:00
9771eaad8e60f7b28d57d554cc2bc62c,84872d1894135d15c4e51ba68ba3e8fb,delivered,2017-03-13 16:55:24,2017-03-13 16:55:24,2017-03-14 09:58:28,2017-03-20 08:57:52,2017-04-03 00:00:00
99246db2c4c533acbf8e8c0bd02933d4,d5723172d999044220a4331cbc4af5da,delivered,2017-05-29 13:18:24,2017-05-29 13:30:15,2017-05-30 17:16:12,2017-06-05 14:59:51,2017-06-23 00:00:00
b308c9da408c9307a85916a795a6eaa2,c53242bbd125eed4adc76cda6b8f7761,delivered,2017-08-16 21:50:20,2017-08-18 02:25:06,2017-08-24 17:49:35,2017-09-04 20:52:26,2017-09-12 00:00:00
cead9dc81ce08f2255afff2701c569d2,37489b542cffa7c83d6a8369d8a06ea7,delivered,2018-01-12 10:40:50,2018-01-12 10:51:24,2018-01-13 00:53:29,2018-01-17 16:43:44,2018-02-14 00:00:00
a18b84bbf6ec08377b509038454c7f29,a8b758c14acf33e5111e1aecbd1fdbce,delivered,2017-09-05 13:13:12,2017-09-05 13:30:19,2017-09-06 19:25:11,2017-09-08 19:17:40,2017-09-20 00:00:00
abd3f51d3ea91685824a0975e07ab463,15d8ee1ac59990d69adc0a39e9de090f,delivered,2018-03-19 23:27:29,2018-03-21 02:48:21,2018-03-22 20:18:29,2018-05-17 19:44:27,2018-04-19 00:00:00
5c28fcfb4e50a56899353fd6f8609f42,e3e4f59b905c93ceb1f9da90f9e02be7,delivered,2018-02-27 16:30:12,2018-02-28 10:09:44,2018-03-01 18:07:13,2018-03-02 18:54:31,2018-03-14 00:00:00
7485a37669f5475e8f6d0eddd64c71e1,56d9ab4bc8d4c1995701cbf669b81f8c,delivered,2017-11-09 23:00:21,2017-11-09 23:10:38,2017-11-10 21:12:12,2017-11-17 20:48:41,2017-12-06 00:00:00
01a9d731c0f08f4f79c10b7679dcdebf,295c9951f74b6afccdda7ae478526cfb,delivered,2018-08-05 18:27:14,2018-08-05 18:44:19,2018-08-13 11:53:00,2018-08-17 16:18:36,2018-08-22 00:00:00
6e308e3bac5f39d88294995e5d60282f,321d5053bbc505f4ef4c74c3a1272eb8,delivered,2018-06-21 18:40:03,2018-06-23 01:15:52,2018-06-26 08:52:00,2018-06-28 23:18:30,2018-07-31 00:00:00
e9385a6ce895738e4ea275adb91aa955,38035f7211d99bf039f981959f50e925,delivered,2018-04-13 18:17:57,2018-04-13 18:30:44,2018-04-18 22:52:44,2018-04-24 13:19:32,2018-05-08 00:00:00
c03ece81b9b15ca2f4fae4b061076d49,4c465e92dcaace866872273fdc272ef9,delivered,2017-11-18 10:25:55,2017-11-22 02:56:29,2017-11-28 17:30:10,2017-12-09 14:06:53,2017-12-07 00:00:00
37ac5e2848fe9ffaae862a845c5d7ff7,dd031e3cb9e37dcca6ee5b7f073a01a0,delivered,2017-08-07 08:25:57,2017-08-07 08:43:08,2017-08-10 19:18:46,2017-08-16 20:39:56,2017-08-30 00:00:00
85ca51954c545536cf77a680afe11969,8b5444d8ffafc506f189fcfdf31204fa,delivered,2017-05-31 11:15:03,2017-05-31 11:25:17,2017-05-31 14:17:25,2017-06-06 12:39:10,2017-06-26 00:00:00
ce4e504de23bdd613ce58b87779fbf07,f2cdd67066e10d7e31e0e81b6d920810,delivered,2017-10-17 13:45:26,2017-10-19 02:56:47,2017-10-20 20:29:26,2017-10-24 14:27:04,2017-11-03 00:00:00
4cae9d93ca1f1266e9ddfc79f7ff85db,bf3fe3fcb5a3a2011b25e26f0fe62192,delivered,2018-08-14 07:49:51,2018-08-14 08:10:23,2018-08-29 14:46:00,2018-08-30 15:54:46,2018-08-29 00:00:00
bc35b4f344e409ecc7c8d728f065d590,fc052d882ed7c620e5b0764a334c45a0,delivered,2018-02-28 22:49:36,2018-02-28 23:08:11,2018-03-02 03:07:52,2018-03-03 18:37:59,2018-03-13 00:00:00
387d785f482aa3f1844fa843a72d97de,5f5b81ce642e4f5b3dc6685cf9478a39,delivered,2017-06-08 20:28:21,2017-06-10 03:03:46,2017-06-16 18:26:28,2017-06-19 20:55:49,2017-06-30 00:00:00
582a91c4de8513ac00c4f849f0f2e345,7037a169e0b1f4a5805af2c6a9237333,delivered,2017-09-26 17:32:37,2017-09-26 17:49:11,2017-09-27 18:27:21,2017-10-01 17:27:50,2017-10-20 00:00:00
4d258227c281c143610f791ad313e0e7,526e79dca439d0f1043b1b8b69838c24,delivered,2018-08-10 14:09:09,2018-08-10 14:25:00,2018-08-15 15:32:00,2018-08-20 21:04:39,2018-08-24 00:00:00
22170faea0e48a083b8216ce465df183,ba1c184185550d71bdcd8f792537bd61,delivered,2017-05-14 22:54:51,2017-05-14 23:12:08,2017-05-19 19:27:43,2017-05-24 16:22:18,2017-06-01 00:00:00
365a29772a912d0662071fa7572fdebe,c0cb6b8c742078d7b460aed98410b598,delivered,2017-03-29 14:39:31,2017-03-29 15:55:24,2017-03-30 07:42:28,2017-04-18 11:48:12,2017-05-11 00:00:00
7f0bf46f4a4126baeb7987ac4a28ddf9,7a4bfd73fec5afa8ec305958566cc3c9,delivered,2018-01-13 21:08:59,2018-01-14 21:51:28,2018-01-18 19:12:50,2018-01-26 17:16:42,2018-02-01 00:00:00
1cdcb5dad67ec14d5de2075e832f6099,2f029eb28b4e6df54d4978e3d61709d8,delivered,2018-05-19 16:40:54,2018-05-19 16:59:48,2018-05-21 16:40:00,2018-05-24 21:59:44,2018-06-18 00:00:00
d367a93b215e8828942054fc3799c834,0b990a3550b758bda642b10c7ff76cf0,delivered,2017-05-19 19:04:14,2017-05-19 19:25:23,2017-05-23 12:35:32,2017-05-24 06:51:23,2017-06-01 00:00:00
0c54d16446b830ff65da96eb16304fe8,27b058511237c877ea1780292c480848,delivered,2017-12-26 14:24:13,2017-12-27 14:18:33,2017-12-28 17:05:07,2018-01-11 17:33:21,2018-01-22 00:00:00
a8f3236d399cdf5f80c6ea3866b24ef0,33629ae5fadf65abf0409104edb75a7b,delivered,2018-08-15 16:14:22,2018-08-15 16:25:19,2018-08-16 14:55:00,2018-08-22 22:28:37,2018-09-10 00:00:00
d4665434b01caa9dc3e3e78b3eb3593e,430629c51214778912efab67e023a8f1,delivered,2018-06-18 05:22:00,2018-06-18 06:09:34,2018-06-18 13:43:00,2018-06-21 22:48:57,2018-07-13 00:00:00
c2deaee5e0fe626293e81bcfb557932e,ed5aa2c5317f2a1453b931219761433e,delivered,2017-10-24 12:16:02,2017-10-25 02:28:37,2017-10-26 11:12:43,2017-11-01 16:48:45,2017-11-29 00:00:00
2af73a7fe3cf7bb2902df1ea4e5d7fad,b37bfbd042fa644623f3098305c789bb,delivered,2018-02-28 21:27:53,2018-03-02 02:11:04,2018-03-02 19:08:08,2018-04-10 21:19:02,2018-04-02 00:00:00
254ef6ca0da659f3476797affc235f8b,a29750fc57b582d74809fa3bd86d5f5e,delivered,2018-02-03 13:55:32,2018-02-03 14:10:42,2018-02-06 14:33:25,2018-02-24 00:11:57,2018-03-06 00:00:00
f0728a029e4b3ff3b00aef28de29e394,451cccf637302755bfdaac2294b9e2a0,delivered,2017-12-20 14:17:03,2017-12-20 15:00:54,2017-12-21 16:47:06,2017-12-26 15:59:09,2018-01-16 00:00:00
2acc0b9e685d8d46130f1ec8abdd9ffb,3b995b795d5dbe72629ab152ed3adee0,delivered,2018-08-08 07:11:24,2018-08-08 15:45:16,2018-08-09 14:58:00,2018-08-11 02:03:29,2018-08-15 00:00:00
8ff75375a7a2cbf26e7fbac0c52c9810,4805e7338e8e237fe634d628e5be2c51,delivered,2017-07-25 12:59:58,2017-07-26 02:15:37,2017-07-28 15:10:26,2017-07-31 18:12:24,2017-08-07 00:00:00
4d4c70fd93cbc8282de897a5bc68e7b6,1085b087e5c5cb7874f3b685eed5fc58,delivered,2017-07-01 16:58:26,2017-07-01 17:10:15,2017-07-05 13:22:24,2017-07-17 12:42:16,2017-07-25 00:00:00
08a2bc9386ffb58b6637add8a8e7d4fc,c6b038c09f9bbca007a2b874883aaa86,delivered,2017-11-12 18:48:42,2017-11-12 18:55:31,2017-11-16 21:45:41,2017-11-21 22:18:02,2017-11-27 00:00:00
84f2d0f9ef0b49e2c35dd082c3258600,cc873c781230e2a1817a19e6156a239f,delivered,2017-10-23 00:47:09,2017-10-23 00:56:44,2017-10-23 23:48:45,2017-11-09 17:44:54,2017-11-10 00:00:00
f8f13f6d3692fb485fc728d915cb26d1,e34415cb97f778cce5acc0023594bb94,delivered,2018-04-30 06:31:44,2018-04-30 06:55:00,2018-04-30 11:34:00,2018-05-10 15:14:33,2018-05-18 00:00:00
823e71d0dc92309fa71dd871bd749694,813ee016af3782ec4c37a1d24fe4bb24,delivered,2018-05-13 21:53:17,2018-05-13 22:13:44,2018-05-15 14:48:00,2018-05-22 22:48:41,2018-06-04 00:00:00
671c02c9d32856447f168d9c4b0dc6c6,8cc6d7a83628e3166ef72617ec268777,delivered,2018-08-12 17:08:16,2018-08-12 17:24:30,2018-08-15 14:15:00,2018-08-20 10:20:53,2018-08-24 00:00:00
703363ff17a413eaf90c960dc1a750b6,6ff9a4347bfa57f715794620807ff551,delivered,2018-01-09 17:30:12,2018-01-10 10:31:37,2018-01-16 03:33:16,2018-01-25 18:38:55,2018-02-06 00:00:00
5a02cf91e6ef1031cf794d1cb430fecc,27770084d4e5308bcaecc64498773c9a,delivered,2018-04-06 09:18:05,2018-04-06 09:30:23,2018-04-07 01:16:37,2018-04-09 16:31:44,2018-04-24 00:00:00
9c9a4274d58a43917a770c9f158c5002,6d9df9db5e31093ce82edb4850bc1029,delivered,2017-12-23 20:12:24,2017-12-23 21:32:15,2017-12-27 14:22:56,2017-12-28 22:48:05,2018-01-15 00:00:00
4e771842803751a695d042079930820e,93ffdbb653b475a3d52e726359e91b05,delivered,2018-08-12 11:04:46,2018-08-12 11:24:18,2018-08-13 09:00:00,2018-08-22 17:38:42,2018-08-27 00:00:00
c1fb756587ad36ed1ecea431ea71887e,2e54fa48b03df58eece64527893b5baa,delivered,2018-04-12 17:25:15,2018-04-13 02:11:26,2018-04-17 17:46:51,2018-04-18 17:58:24,2018-04-24 00:00:00
c1b86a370f491b37cc3adb8ef0a21fe5,5c5689c7522389a8ff3e28ead3a4cd55,delivered,2017-03-21 10:09:06,2017-03-26 23:32:51,2017-03-30 16:32:07,2017-04-20 08:05:23,2017-04-28 00:00:00
1c061a8ec3723c908e73a617687fe54a,d7ae7f2d5024fa80f505d65c7826e40f,delivered,2018-02-22 11:23:06,2018-02-23 14:09:52,2018-02-26 23:38:38,2018-03-02 17:48:54,2018-03-15 00:00:00
30c4b90ae81f11b792bd5618ba494630,1d6a94c9fab8ae6c1d3dcdb6d72eb946,delivered,2017-09-28 12:56:41,2017-09-28 13:14:09,2017-10-03 16:07:45,2017-10-10 19:23:09,2017-10-25 00:00:00
f63cd97f8f1db2eb266fb3bc2b4a95f3,cfffbb322333151f8df6398a8c3340db,canceled,2017-06-19 14:07:04,2017-06-19 14:23:18,,,2017-06-30 00:00:00
2dad641c35a02f34b17ed17a7e2c1d0b,5b8e049fbfe38e8fbf483c7db46ae8b5,delivered,2017-05-30 13:20:33,2017-06-01 03:50:23,2017-06-01 10:50:05,2017-06-06 10:33:36,2017-06-26 00:00:00
e19abb91d2afddbb8df6f4cffe899579,689a4cf37a1c05c30a86da4fbc13b123,delivered,2018-01-03 21:12:11,2018-01-04 05:11:26,2018-01-05 13:04:44,2018-01-09 18:56:58,2018-01-30 00:00:00
3f79a9c310a0d09cddd05f95b3ebb4d6,94f21083ba3ab6d73c7e556e1c67a362,delivered,2017-12-13 20:48:54,2017-12-15 20:51:29,2017-12-18 20:38:56,2017-12-26 20:13:22,2018-01-08 00:00:00
9f6fbfd6d1361fb26a26f6e26265589a,189a0566c3158cb9e7a6c3b812e2a29f,delivered,2018-02-26 16:23:43,2018-02-27 04:31:01,2018-03-01 00:22:05,2018-03-23 21:56:39,2018-03-16 00:00:00
4b594c50ed0279e3677e9580c4cfcfdb,abf1d44efff91a2a2d28d86a1f2d773c,delivered,2017-06-26 14:24:05,2017-06-28 00:34:02,2017-07-04 14:51:46,2017-07-10 19:15:31,2017-07-27 00:00:00
7e63ea5a0a34684140ae0e51ebe53035,6143e5df1b61e9568a5f02adbdcc9ef7,shipped,2018-04-25 10:38:57,2018-04-27 08:12:14,2018-04-27 16:14:00,,2018-05-24 00:00:00
003d0634280ff3d1d3a54459349a6899,cca819156e50623e9d3762ebeee308dc,delivered,2018-03-17 17:50:30,2018-03-17 18:08:43,2018-03-23 19:24:35,2018-03-27 22:34:57,2018-03-29 00:00:00
28c1a3d568f61625f9e85245db020568,d99f8b1e9ab4bd423659a3fc04bc4e05,delivered,2017-03-24 10:57:40,2017-03-24 11:05:27,2017-03-27 14:19:53,2017-04-05 14:36:43,2017-04-25 00:00:00
855a13de235eda92e5acdf19d0157b67,96f6f0d6c407d78a7b0df5999939c03b,delivered,2017-07-12 18:37:55,2017-07-12 18:50:17,2017-07-14 18:34:27,2017-07-17 17:44:55,2017-07-25 00:00:00
01b37f50cf3098b3dd9d0450a188348c,d5161150c2e2a177eb4d49c4e2ab7990,delivered,2018-06-26 16:59:10,2018-06-28 02:15:53,2018-06-29 15:36:00,2018-07-04 17:16:34,2018-07-18 00:00:00
22687e231b5c4998a3842d99cda60dae,2dff629a85ab251e9912539a47f8124d,delivered,2017-12-04 14:29:23,2017-12-04 16:48:47,2017-12-06 22:35:06,2017-12-11 19:38:44,2017-12-27 00:00:00
a5687fad50b2c6811e39e52523946210,1e2c7c77557ce57cb5a964067c93de43,delivered,2017-09-27 20:39:16,2017-09-27 20:56:22,2017-09-28 19:42:15,2017-10-18 19:37:37,2017-10-27 00:00:00
5be8d4719fe2e3669e2d07dddf3b6b0c,b57c17af5030179bbd0611d5f7162bfc,delivered,2017-07-07 22:45:42,2017-07-07 22:55:14,2017-07-12 18:39:56,2017-07-19 19:27:40,2017-07-31 00:00:00
4c22be46e1fe5c05c6ced534449f7432,5c8dd358cd43e858e1a25ba5eb9de22b,delivered,2017-10-23 17:28:47,2017-10-23 17:49:06,2017-10-25 13:44:43,2017-11-08 20:48:38,2017-11-14 00:00:00
ae9e1b5ea01b4df2adbf3d1db769704e,5147535c11cedf05fd1adbd3dfc40599,delivered,2018-07-30 02:16:14,2018-07-31 02:10:08,2018-07-31 11:40:00,2018-08-06 18:52:44,2018-08-21 00:00:00
8d0900d0d09c0b9075a5f00513991a70,c3585b2275881e1c79fbb8d2c7e33ae0,delivered,2018-08-04 20:35:03,2018-08-04 20:45:25,2018-08-07 12:38:00,2018-08-13 19:31:48,2018-08-16 00:00:00
a4d363763931c62becc396e8255342fc,263f9c5435d8e129f078c711876d1665,delivered,2018-06-20 15:06:08,2018-06-20 15:40:11,2018-06-21 12:15:00,2018-06-22 18:16:32,2018-07-11 00:00:00
b154ff1c2ada796573437001346a322b,cf146e26a3aa8927a9e19a1819645b85,delivered,2018-04-18 20:28:21,2018-04-18 20:50:23,2018-05-08 12:01:00,2018-05-12 17:03:34,2018-06-01 00:00:00
9a7f882c95ae7d422db8ab15e1ee0a87,f22aca6ec39e20888a279ee104039b32,delivered,2017-08-10 14:41:12,2017-08-10 14:55:17,2017-08-10 20:44:06,2017-08-17 20:13:04,2017-09-04 00:00:00
cc225370b5daec8af404bf5c87edf766,1b95bae1b15f09602c5b5046cba2128c,delivered,2017-09-06 10:18:08,2017-09-07 10:25:22,2017-09-12 17:22:24,2017-09-14 18:21:54,2017-09-26 00:00:00
d819490edd3b5a3d69b114bb1eed977e,3d63c534551c85a62bc51417745dc81c,delivered,2018-05-28 13:49:51,2018-05-28 14:10:49,2018-05-30 11:02:00,2018-06-23 18:32:28,2018-07-19 00:00:00
d640105fad13e9cff1f7a6cdc3a9a430,3ed284cdf0a4b6b93e4c56dbfe4bcc10,delivered,2017-11-30 08:03:23,2017-11-30 08:14:51,2017-11-30 22:09:50,2017-12-09 18:09:27,2017-12-22 00:00:00
8a52017e0f9d904528367d756eb6d4f9,46427b8ac274df227e019c6c3e6bc9ab,delivered,2017-07-25 09:07:16,2017-07-25 09:23:10,2017-07-28 16:38:10,2017-08-04 16:18:55,2017-08-17 00:00:00
ca97b95f89f90d6e16e451851a2bd28c,a155f917057dd8a2139c66017e90b1ac,delivered,2018-07-06 09:38:48,2018-07-06 09:51:47,2018-07-09 15:22:00,2018-07-13 20:52:29,2018-08-03 00:00:00
3b71072f9d05c9bb81d0a43adf411715,eabf2c1e1fe45a4d84209cb3f16146c6,delivered,2018-04-03 00:42:20,2018-04-03 01:10:13,2018-04-04 17:42:55,2018-04-05 18:48:47,2018-04-13 00:00:00
cf90c7096aacd6541cfb4b9925a01818,8e801893888e852d4d0b42a5cdc1ab0e,delivered,2018-01-08 15:08:42,2018-01-08 15:31:52,2018-01-09 18:49:18,2018-01-26 22:41:18,2018-02-05 00:00:00
c4cb147fbbbe5e1c9d10ebf2cf1501f9,e4721017946d3258fc32c6f690a565bd,delivered,2018-08-02 12:07:25,2018-08-02 13:10:25,2018-08-03 12:52:00,2018-08-09 21:08:51,2018-08-09 00:00:00
6c0c8452f4e021b56ee9a49c4ceb075a,feb1fcabc87e998d533ac59fe7cc0d1a,delivered,2017-11-05 00:31:10,2017-11-05 01:20:27,2017-11-07 20:09:39,2017-11-22 19:52:42,2017-11-29 00:00:00
50aeaf212cea852ab2cdc5034085851f,d4b016b28c26f2da830da9b0e1d235be,delivered,2018-05-08 06:17:06,2018-05-08 06:30:14,2018-05-10 16:16:00,2018-05-16 21:09:39,2018-06-12 00:00:00
202dc36450b101f8ce80320437f258f9,e0880ad910dbb5425bf9d8d2a1f8fdf3,delivered,2017-07-16 21:14:32,2017-07-16 21:25:17,2017-07-17 18:03:53,2017-07-22 13:52:55,2017-08-14 00:00:00
eb6f690431c33aa581e0e090255bdc54,7aafcf87d5a51f369f4a527a30cfa338,delivered,2018-08-03 17:56:04,2018-08-07 06:10:10,2018-08-13 14:45:00,2018-08-23 22:34:32,2018-08-31 00:00:00
bb51d990e13eede824f5cf615f0d7167,91e6d23d067b25ab6a4f149106fa719b,delivered,2017-06-14 22:27:03,2017-06-14 22:42:51,2017-06-19 19:43:26,2017-06-28 16:51:41,2017-06-28 00:00:00
241b1a5ff1d152dc47bf2093ea154edf,a61cee7568322910d8954f49f6c1760b,invoiced,2017-07-27 11:53:08,2017-07-27 12:05:52,,,2017-08-18 00:00:00
28430c83e57a477a3c4065298f272bb9,bc5f82b8b5dd3a9ce329068716583779,delivered,2018-01-15 15:35:58,2018-01-15 15:50:50,2018-01-16 21:16:43,2018-01-19 19:42:23,2018-02-15 00:00:00
98ec7765fb71197418588a070f4c1abc,6c3562f133b3f16583c6a2524ca77379,delivered,2018-04-04 15:59:27,2018-04-04 16:10:58,2018-04-05 18:52:27,2018-04-16 17:40:51,2018-05-03 00:00:00
ea698ec8b5263e156c2f1ce2e36823c8,13f43c07545884756b3d67f598efaa54,delivered,2018-04-08 12:31:34,2018-04-08 12:49:54,2018-04-09 17:52:16,2018-04-14 20:10:06,2018-04-25 00:00:00
e9ca4774d5c077b8b4be87d25eaaaa3d,9ff3e5a4fb6407d7b20cc3fa663c0395,invoiced,2018-02-15 19:57:18,2018-02-15 20:10:28,,,2018-03-16 00:00:00
a2e8c14e1bbbdda025349c95bbe7c5cf,c7f321b1951d05a9def235cd05291b76,delivered,2017-12-03 19:27:47,2017-12-03 19:36:24,2017-12-08 01:07:58,2017-12-12 00:18:53,2017-12-20 00:00:00
56b9a849e6267dc255c0caa855ba41b3,41e4fe9686d87bba2bed7f14f4cca0c7,delivered,2018-01-15 22:27:51,2018-01-15 22:37:26,2018-01-19 22:22:21,2018-01-25 17:57:01,2018-02-05 00:00:00
498394cdea303b629a7f66b4ddcd7d50,73c14fc30edfb5774671885e6f50a2c4,delivered,2018-08-07 17:54:26,2018-08-08 03:10:23,2018-08-10 14:55:00,2018-08-13 13:26:54,2018-08-10 00:00:00
4183a895b0b1ecb44aacb723661eec8d,8fbc2f7fecc58a98fbd87a538b03dfe4,delivered,2017-08-01 12:07:39,2017-08-02 03:05:22,2017-08-03 14:07:45,2017-08-09 18:58:13,2017-08-22 00:00:00
84bcfcb83c1d9ce6012fd51befddab4a,2eb418e05773dedd932d4e0af23bae76,delivered,2017-03-14 08:21:33,2017-03-14 08:21:33,2017-03-15 09:47:44,2017-03-20 08:27:59,2017-04-04 00:00:00
8520eafc9a1dbeb250d4054499da5a7c,411ae1308b9fe834f1c270e94c25c14f,delivered,2018-01-12 10:55:43,2018-01-12 11:08:49,2018-01-13 02:15:52,2018-01-17 22:27:57,2018-02-09 00:00:00
9137955f9938245295c3978ead342e06,7dd9d2efafd37798cbbf35b806981646,delivered,2018-05-31 21:11:17,2018-05-31 21:30:13,2018-06-01 08:38:00,2018-06-11 14:32:22,2018-07-04 00:00:00
dad4892a17667aadb726ace75b1a16b8,4155dca7ea6e8ffbcacbf0e4d1680826,delivered,2017-10-11 14:51:57,2017-10-11 15:08:44,2017-10-17 18:39:45,2017-10-18 13:50:09,2017-10-24 00:00:00
ba5582297f33dec2e8dae2ac020c1d26,3a71c671e598d5c038c5f0ebd94b4fa1,delivered,2017-05-11 17:06:11,2017-05-11 17:15:24,2017-05-16 16:31:42,2017-05-23 12:57:38,2017-05-31 00:00:00
dd53cce9e0ce03ce45f0d42ac4317cd8,daf75561069f29a170ef3066c797b9f2,delivered,2018-03-14 22:28:36,2018-03-15 03:15:28,2018-03-16 11:11:44,2018-03-21 21:07:21,2018-04-02 00:00:00
1d01166814be7e95f72a3c85357fca45,ffbd25299d045182eee34c9493b5adec,delivered,2018-03-05 08:53:57,2018-03-05 09:47:57,2018-03-05 18:17:30,2018-03-07 22:17:41,2018-03-21 00:00:00
db6c6df011e1bcc8e03e81b23982a1dc,75c8873878785af64664ea575dc50c52,delivered,2017-05-11 12:10:03,2017-05-11 13:05:31,2017-05-15 11:13:22,2017-05-19 19:22:16,2017-05-31 00:00:00
6e585d7418d756180db763b08c37e372,2e733322a259241fb19545190024661d,delivered,2018-06-15 20:38:21,2018-06-15 21:01:22,2018-06-19 15:42:00,2018-06-25 18:54:50,2018-07-13 00:00:00
99858c2ee75228a1cd8afbdaa5e37b7f,fc465aac71dbab3b1985e233b543ac5a,delivered,2018-04-13 09:50:29,2018-04-17 05:55:22,2018-04-17 22:03:54,2018-04-23 21:09:44,2018-05-08 00:00:00
9f827631dbbe551d3b830ab61fa3919b,08ea352a9be2e6189b99ed79cdd73c81,delivered,2017-04-02 11:48:57,2017-04-02 12:58:59,2017-04-05 15:03:36,2017-04-11 09:56:36,2017-05-08 00:00:00
095234196e1f3c4feadc4dca677b3971,9f973a49bf25d6fbc095b3b5663b7235,delivered,2017-11-24 22:51:23,2017-11-28 04:31:06,2017-11-30 21:08:19,2017-12-07 22:37:54,2017-12-18 00:00:00
2f31ce5a220e0b97b2d1922c86bbbb66,170fefe7a670a64ef38b1e16aedfafb0,delivered,2018-01-10 19:43:04,2018-01-10 19:55:30,2018-01-11 17:39:18,2018-01-30 17:07:19,2018-02-15 00:00:00
a6f2940cae871bfd63ea94dd5c476a62,f5bde54c01457a0cc94cb4d893a081c2,delivered,2018-08-07 09:53:58,2018-08-07 10:05:19,2018-08-07 09:48:00,2018-08-10 18:26:34,2018-08-17 00:00:00
a462f2866f3b997fbc2fdb5fb62a9ed5,0072357d0a3394d268c6abb9e30aaafe,delivered,2018-01-02 14:53:36,2018-01-02 15:07:31,2018-01-03 17:18:03,2018-01-15 21:52:30,2018-01-24 00:00:00
d01e880670a9a8612c1ad4ce4b56eb26,ac61866eb49bc6167a811bb5dd07adb1,delivered,2017-05-05 17:23:59,2017-05-06 06:35:18,2017-05-08 11:46:00,2017-05-25 16:30:12,2017-06-05 00:00:00
07cacf10cc226618237904718bfb96c2,36e2bc988f301eee478f9542c39635c2,delivered,2017-06-19 11:03:16,2017-06-20 10:50:16,2017-06-21 18:17:49,2017-07-07 07:15:39,2017-07-13 00:00:00
4e204da6cc8b59dcfdc532fb5a9281f0,2ffdb3851fb34c5c1fdfd9b9116c0103,delivered,2018-06-05 16:30:23,2018-06-05 16:53:32,2018-06-06 12:44:00,2018-06-07 18:07:51,2018-07-03 00:00:00
db0c400a715a4ade505cf24a95e5ade3,0f935b86bea2bcf211fa481f05d4ae85,delivered,2017-06-06 12:42:39,2017-06-07 06:35:10,2017-06-07 15:43:29,2017-06-16 14:37:59,2017-06-29 00:00:00
09d49d145e25e27490765a4085a8e720,3ca9c178df280c7759485d997febb7b0,delivered,2017-12-30 00:06:41,2018-01-03 04:29:44,2018-01-08 15:37:39,2018-01-16 23:44:07,2018-01-24 00:00:00
b37e0ebb8fdc0d0167ca1c58eae98eec,dce285f67cd0b2d1f5937a0316d83db2,delivered,2018-03-14 10:54:48,2018-03-14 11:09:16,2018-03-14 22:51:51,2018-03-15 23:18:54,2018-03-26 00:00:00
9a2e91dda30c4f2497618f2d8c181437,5bcffa803015a00394cd82974a7b0ebd,delivered,2017-09-19 20:57:40,2017-09-19 21:10:13,2017-09-21 17:48:25,2017-09-26 19:44:51,2017-10-13 00:00:00
394bd8c3711009590ecf308602f1dfeb,bf632bfc93eda6f702cb9607513e2b6d,delivered,2017-07-12 15:34:23,2017-07-14 02:25:33,2017-07-14 20:03:01,2017-07-25 19:19:51,2017-08-03 00:00:00
d1edb80f6670902ebbb11765b96873da,4d3e75dab77ee14de42b66f557ea4d3a,canceled,2017-06-16 17:21:21,2017-06-16 17:30:16,,,2017-07-10 00:00:00
987b037ce809649fbc99bb85a3cc022c,f67d6771a9719cab1c7e5630e488ffd0,delivered,2018-04-28 06:15:36,2018-04-28 07:00:28,2018-05-03 13:43:00,2018-05-08 18:52:03,2018-06-04 00:00:00
383e295c58b1b5e923ba15932359ad38,e28342a4db3c563f3240768ca71af4c4,delivered,2018-06-28 11:41:39,2018-06-29 02:53:25,2018-06-29 13:02:00,2018-07-02 14:25:00,2018-07-12 00:00:00
c805a38699c19dd700dc3215d25ed7f5,5af2a18351fbd81159881d394366f8f7,delivered,2017-04-08 19:06:55,2017-04-08 19:22:25,2017-04-11 11:03:40,2017-04-18 15:45:52,2017-05-09 00:00:00
ddfa1e68bf845862d55c2616b5ca20ce,3f8a26a3def48cf9e839630cf45708b7,delivered,2018-07-27 20:21:49,2018-07-27 20:30:49,2018-07-30 09:12:00,2018-08-06 17:19:25,2018-08-13 00:00:00
6b2cfda97c8ef916043547d84658ba6f,86bc6bd1900b994ddc27a7c37221e822,delivered,2018-02-27 13:25:14,2018-02-27 13:35:29,2018-03-03 01:07:48,2018-03-07 20:38:47,2018-03-19 00:00:00
bb67cc66d5cb19032b1cfbaa4d36b371,8c2b073d2ea1cbf5a7ce9e62e94a2cb7,delivered,2018-06-23 15:39:30,2018-06-23 15:55:58,2018-06-25 13:04:00,2018-06-27 13:13:19,2018-07-23 00:00:00
d41b4a82416b8d3138e5b941cb3fa1bc,67fc18dd86245cfd653233ab73bc0887,delivered,2018-05-09 20:36:26,2018-05-10 07:09:45,2018-05-10 11:58:00,2018-05-15 16:33:20,2018-05-30 00:00:00
c872a25ce42bdc8fe653b0cf95274608,e99bf5f6cd5edbec2d65abfa12bf3f03,delivered,2018-02-28 14:57:20,2018-03-01 14:56:56,2018-03-02 17:25:28,2018-03-28 16:44:25,2018-04-11 00:00:00
69f8ac735b4a0bbbcdbe4a87e9041a21,0a504dda1e89540d0924bb3fdc81b343,delivered,2018-08-18 22:46:24,2018-08-20 10:50:31,2018-08-20 14:56:00,2018-08-23 18:55:45,2018-09-18 00:00:00
cf76c6e04bd586a2cf526c57144cbede,a477a78d1d66bf544b48734476a03516,delivered,2017-12-15 13:48:43,2017-12-15 13:58:30,2017-12-18 21:34:43,2017-12-20 17:10:06,2018-01-04 00:00:00
c579a0c822b7a4fe7586d0d2fa75a0a9,a1da863f70b9622a0bddfd8cf2581eff,delivered,2017-12-17 23:08:39,2017-12-17 23:18:27,2017-12-18 18:48:59,2017-12-26 13:33:48,2018-01-12 00:00:00
3799eaef99301de82b197ce9bd563b41,0f4110e56d8b37cc71853e8bbaef9a5b,delivered,2018-01-05 09:28:49,2018-01-05 09:39:36,2018-01-09 23:47:25,2018-01-19 19:17:24,2018-02-06 00:00:00
f6f837b4bdc91f8c4306f0819916a11c,5679b266a296360d8e87c0c4abbe98f6,delivered,2017-03-06 19:56:42,2017-03-06 20:05:21,2017-03-07 12:07:55,2017-03-15 12:32:30,2017-03-31 00:00:00
b503b740e8fd1459f15b442444b2d4ee,891e43360de6c95937fde8f4d6672658,delivered,2018-05-14 09:20:53,2018-05-14 09:35:16,2018-05-14 15:12:00,2018-06-01 16:04:12,2018-06-06 00:00:00
d2d1dffb59073c276cdd5dc8d4c609c6,e6213fe9cfaa822b49088fd66ea9263c,delivered,2018-01-25 21:33:34,2018-01-25 21:51:35,2018-01-29 20:43:20,2018-02-05 18:46:17,2018-02-22 00:00:00
8a4543daf946b1a63667049506da26f8,63a1959e073182fbe5460b3090474c6d,delivered,2017-02-13 09:12:58,2017-02-13 09:25:11,2017-02-16 16:41:16,2017-02-22 08:07:40,2017-03-10 00:00:00
6542055e71e2ba285676fe57d0822618,1fe381f4b615df3b145782822bc200af,delivered,2018-03-13 13:33:43,2018-03-13 14:28:32,2018-03-14 16:37:44,2018-03-20 16:03:23,2018-04-05 00:00:00
816d8c857c3f15aa8b8dd70be0744d20,f2f63bdf3220e5fb4f7237a1eb13bac2,delivered,2018-06-28 10:13:55,2018-06-28 10:31:31,2018-06-28 13:36:00,2018-07-09 22:46:32,2018-08-03 00:00:00
acf1727645a8acc35c463a98c6cea8c1,f15d561b107a884d554a55f2c1756ee2,delivered,2018-08-20 21:59:32,2018-08-20 22:10:40,2018-08-23 08:03:00,2018-08-28 15:58:04,2018-09-03 00:00:00
8a44c114784f2da023afb7558ff80e2d,bb7995b533e66e107b35aa9a3a9be102,delivered,2017-08-30 18:44:11,2017-08-30 18:55:11,2017-08-31 16:27:54,2017-09-09 01:05:24,2017-09-21 00:00:00
b2b86f50f1d5ec8763fc9fc6894ac6c4,89fe1107a7a7a8e70a256454d3da5335,delivered,2018-08-01 19:51:31,2018-08-01 20:15:21,2018-08-02 14:49:00,2018-08-03 21:19:23,2018-08-06 00:00:00
014872cb0c4fc7695c70484966baa65c,b103b8c8af8eb17c72c213b36ccd4f34,delivered,2018-03-09 17:31:31,2018-03-13 04:48:01,2018-03-13 16:54:45,2018-03-16 20:18:17,2018-04-11 00:00:00
c908311ac45b5f0fa0a2a362fdf6b233,74379616bd5d8e791fb89b759216a164,delivered,2018-04-17 15:30:29,2018-04-17 15:50:34,2018-04-18 17:45:39,2018-04-23 23:58:55,2018-05-10 00:00:00
5a90bdab22ab69f4095415dd55451b66,8266047feab97e3f2a81b323a0fc42b0,delivered,2017-02-04 10:57:17,2017-02-07 04:05:26,2017-02-09 15:05:18,2017-03-24 13:23:43,2017-03-13 00:00:00
fc273d6a4897ae00a76e8265d134098e,2996c6f9c1d4db56aa70c0172b5d8ed4,delivered,2017-10-10 22:51:38,2017-10-14 18:33:34,2017-10-17 14:16:58,2017-10-30 15:42:34,2017-10-24 00:00:00
62ac92693b6cbeb12a8a91c8f5c332ef,8f7d18118d3b6e8a43e0dee9cd0deff0,delivered,2017-12-02 21:21:53,2017-12-05 04:19:21,2017-12-06 12:19:02,2017-12-11 23:34:21,2017-12-29 00:00:00
2e947480a69010d3f969b8a9be70d399,e63c6b323e4b6afb6a6d9b219853ce5a,delivered,2017-11-23 11:40:04,2017-11-23 11:50:57,2017-12-07 19:09:10,2017-12-12 22:42:43,2017-12-13 00:00:00
42680f6afdb63743a39c5947b57e4bf0,2a6de83a178c8492e3988bdfe44e2d89,delivered,2017-08-10 21:51:45,2017-08-10 22:05:12,2017-08-15 19:23:51,2017-08-24 18:37:50,2017-09-11 00:00:00
f690cb26ababaf40550a4623359c3298,3e191139c6ff2feb5d20cf581282e059,delivered,2017-07-24 22:20:59,2017-07-24 22:30:16,2017-07-26 16:55:51,2017-08-01 14:37:28,2017-08-23 00:00:00
4e797467960184f4812ea77710c08b05,b6021af6074c8657c467992429b9a368,delivered,2018-01-25 11:45:37,2018-01-25 11:53:31,2018-01-25 20:31:53,2018-02-01 17:49:52,2018-02-21 00:00:00
f09ab7ba678ff9971a9e9b52999030ea,c420271268e6755e9db3055aae7ce17b,delivered,2018-02-21 00:06:40,2018-02-21 03:20:07,2018-02-22 00:42:19,2018-05-01 16:12:05,2018-03-16 00:00:00
f9bde8c7ab97cb7d58a57997e1b61e0c,292759c0fe3e504f153cdd08f84596b6,delivered,2018-06-11 13:46:56,2018-06-12 17:31:25,2018-06-13 16:28:00,2018-06-19 18:21:52,2018-06-28 00:00:00
2c87632da2d3149c3812ca5da44418e6,435638f4628d4cce72d5ed0a416974ba,delivered,2018-05-18 09:55:36,2018-05-18 10:46:20,2018-05-18 13:26:00,2018-06-08 11:48:22,2018-06-13 00:00:00
f4b7becde70d564135f8ba225f70abd7,880572600cc257ecbe27ccfbe7d77e89,delivered,2017-09-02 17:10:38,2017-09-04 15:44:18,2017-09-05 21:40:12,2017-09-12 19:53:29,2017-09-26 00:00:00
c94517a93bb24f22495c95eb3f90adc5,17084ed39947b199ababfe28c0044b39,delivered,2017-08-11 17:17:17,2017-08-11 17:30:10,2017-08-16 12:15:04,2017-08-29 19:25:10,2017-09-08 00:00:00
c496b1ddd286b59e5334364656ac60d7,c67f83708340f88414c55c7679a3dcc0,delivered,2018-01-25 12:38:09,2018-01-25 12:59:45,2018-01-26 17:30:11,2018-02-16 00:32:56,2018-02-21 00:00:00
d5b6b10a0acfe51d85e7da606c4dd371,0a63548671f07e285558169123b2ab35,delivered,2018-04-19 15:25:46,2018-04-19 15:49:04,2018-04-21 01:16:42,2018-06-04 20:53:32,2018-05-18 00:00:00
2f2c37a8993eb931289ed7a8a546791e,959367aaef568c17e9c7e43bfaa6d97e,delivered,2018-01-16 08:40:21,2018-01-16 08:50:28,2018-01-17 01:09:21,2018-01-17 20:30:36,2018-01-31 00:00:00
40c89a3efbb4e5b164ffeea7085b487a,30b20bc16a24542a1310d0f251678344,delivered,2018-03-06 18:38:19,2018-03-08 02:29:23,2018-03-09 00:22:29,2018-03-21 00:41:51,2018-03-29 00:00:00
542a2c666cc61a67907e200c8cce4a78,14adf05160841b9f4b22f189542c794d,delivered,2017-07-27 08:50:06,2017-07-27 10:22:46,2017-07-28 19:52:39,2017-08-02 19:46:12,2017-08-22 00:00:00
5617a131d53f18d61b0b90a2d279e820,1983ae20619ddc364ff76267d7130d4d,delivered,2018-02-18 17:44:41,2018-02-18 18:46:48,2018-02-21 09:47:11,2018-03-13 00:48:41,2018-03-15 00:00:00
1e693ac6b55dd939e50702b971446d71,4d89e7ec9a5b443f3188cb1132255b72,delivered,2018-06-12 11:32:22,2018-06-12 12:01:15,2018-06-13 11:55:00,2018-06-14 14:18:28,2018-06-21 00:00:00
c7ecacd47d6d485595133ef36fc23570,a77ce9197298c6a5a9a4002cb69d2c2e,delivered,2018-03-03 19:00:18,2018-03-03 19:10:33,2018-03-05 22:21:53,2018-03-08 19:56:29,2018-03-15 00:00:00
acafc483caca0c28cef0ad651d6bb9fc,825bf2767c99830cd3e9585c213f6680,delivered,2017-06-26 16:32:20,2017-06-26 16:45:13,2017-06-29 14:33:12,2017-07-03 15:52:55,2017-07-07 00:00:00
6a4fd1d9a1dbdf8a12102fafa2abeff6,c886653bf1b7fee5ad65a446bcf6b5e4,delivered,2018-02-20 21:54:18,2018-02-20 22:27:26,2018-02-21 19:08:21,2018-02-23 22:57:15,2018-03-06 00:00:00
3b5066af438aa1723c4e22290fe8dabd,9448711e9143b3cb9f54d8526bc8655d,delivered,2017-08-02 19:20:02,2017-08-03 03:04:44,2017-08-04 18:43:50,2017-08-12 15:05:50,2017-08-24 00:00:00
df7e288b85ef0dd4db4c94c910b31057,c126ca07a884e33a2fd2d6c927cb9f80,delivered,2018-01-03 20:15:58,2018-01-04 09:03:51,2018-01-05 00:55:08,2018-01-17 21:03:47,2018-02-15 00:00:00
2e66e99189df5b39d5d4820731fc0723,1eee711cd48373bb11282229f1b042b2,delivered,2017-03-27 21:45:39,2017-03-27 21:55:19,2017-03-29 15:41:06,2017-04-06 07:41:32,2017-04-18 00:00:00
34ed4c9c261d1727b6d9be5e70dbd513,9d21cfa5b4ea02caca52f0aec9dd8014,delivered,2017-08-01 12:33:52,2017-08-01 12:45:19,2017-08-02 18:04:39,2017-08-07 19:34:56,2017-08-21 00:00:00
7ae9ea7b3699d86d4e21f6b323b72479,22d2b3855c2c6c4be552728f1d2c3750,delivered,2017-05-29 13:00:22,2017-05-29 13:10:21,2017-05-30 15:59:39,2017-06-01 13:33:33,2017-06-20 00:00:00
c30c327fa4864049bf96aec00f7a05ca,139b6cd4eb1c268bb89af031d62b7000,delivered,2017-11-28 21:39:50,2017-11-28 21:51:38,2017-11-29 17:17:03,2017-12-09 17:48:41,2017-12-12 00:00:00
b2bb8748a32f28c50d00be2461dd3e8d,74764aa35d9a516d97b46f367d79cb6e,delivered,2017-10-25 01:02:19,2017-10-26 00:56:25,2017-10-26 16:28:58,2017-11-06 16:51:33,2017-11-21 00:00:00
39150b4f907db051ca186924bc4c7653,984a20b3e1900cbd89037ae41956aff2,delivered,2018-07-10 00:01:10,2018-07-10 00:15:14,2018-07-10 14:47:00,2018-07-11 16:56:44,2018-07-18 00:00:00
4ce424b0c7d519446e0a6b2bc0ff9fa1,7b663551ee814f12471e4a4efa3f0820,delivered,2018-03-23 20:51:47,2018-03-23 21:08:06,2018-03-29 21:22:08,2018-04-11 00:34:29,2018-04-17 00:00:00
8d9bd5e3d8b2ac2fa02f79f8dd382db0,a11ad1badab961d383b70067c9c9a893,delivered,2017-10-29 18:36:22,2017-10-29 18:45:37,2017-11-03 20:48:37,2017-11-14 23:49:07,2017-11-17 00:00:00
4a098cad947704b7e739e19a092e24de,c7e19323cb9b0dc5b4859f5a03e861d0,delivered,2017-12-03 01:31:38,2017-12-03 01:51:06,2017-12-06 00:13:23,2017-12-14 20:13:12,2017-12-28 00:00:00
041d7e3625568f4f949823fe46818852,de6a99b52963d6b03a27d8ada37ba930,delivered,2018-01-28 19:37:07,2018-01-29 08:50:35,2018-02-02 13:23:15,2018-02-16 22:05:09,2018-02-20 00:00:00
8d585a78c58bc6ee2c28323cfd8ce6c7,80ca2676141288b0fb864389fa7e49c5,delivered,2017-09-24 06:47:11,2017-09-24 08:02:22,2017-09-26 20:43:28,2017-10-18 04:17:25,2017-10-20 00:00:00
3f8a96afbeffac6a35f3c1cb2d9eb2e2,b5f731062e61f41953ce53ff565d4353,delivered,2018-06-09 12:26:55,2018-06-09 12:35:15,2018-06-12 15:09:00,2018-06-15 22:44:27,2018-06-28 00:00:00
686401a87720135448e51dc4547c8144,ac60a5e730fff1c3ceb417d8fb425e82,delivered,2018-06-05 20:41:45,2018-06-05 20:55:31,2018-06-08 11:20:00,2018-06-13 21:58:48,2018-07-12 00:00:00
58be617c22afd358984d890ce826e0c9,a24fa0895b7cd6f32b5cbb1545f1caa0,delivered,2018-02-17 01:24:59,2018-02-17 16:15:36,2018-02-24 00:04:50,2018-04-02 22:35:01,2018-03-12 00:00:00
728f6f76b6e070562457bf771c93e002,c753ddf1479aff673b07bdab010c60f1,delivered,2018-03-02 14:50:09,2018-03-02 15:12:20,2018-03-03 15:32:52,2018-03-08 21:04:37,2018-03-14 00:00:00
47d198410caadbd9a77e92bf622ee749,38cccad8b19d3acaaaf39873188aa8a9,delivered,2018-08-03 12:18:48,2018-08-03 12:30:10,2018-08-03 14:23:00,2018-08-08 19:32:47,2018-08-16 00:00:00
b9bce1bd4e5e54f9bbfdd26612378e93,c8d0c32b31f664b823fbb3dc43a865b6,delivered,2018-01-09 18:39:03,2018-01-10 10:31:42,2018-01-10 21:04:30,2018-01-22 18:39:19,2018-01-23 00:00:00
8100c4de96dbf94a93a19c78c69a006d,b4e369402f94a6036f05434ba8ac3a21,delivered,2017-06-10 19:59:23,2017-06-10 20:10:18,2017-06-13 15:59:36,2017-06-19 12:08:01,2017-07-03 00:00:00
be51f350648201f7d50862749e0d4355,a1dc114de3210918e64cf89a0152dc2c,delivered,2017-10-28 15:05:38,2017-10-28 15:26:24,2017-10-30 16:03:35,2017-11-09 15:41:15,2017-11-27 00:00:00
3bd276decc90bce797094f7b6524e462,5d6358a6b644be8db26189ce2c3f2031,delivered,2017-11-20 11:45:12,2017-11-20 12:07:39,2017-11-21 18:48:41,2017-11-23 18:28:51,2017-12-08 00:00:00
ea8f9e7a24a256a3a8873cd07a35659c,427facb233cc4450b926f434f09df23b,delivered,2017-05-09 11:18:54,2017-05-10 02:50:17,2017-05-10 12:13:26,2017-05-17 10:56:01,2017-05-29 00:00:00
8e1a9d039dc1c61d1fa663266a937cc7,0ac891fe3a0a4752f17f6003855f8779,delivered,2018-06-20 21:59:04,2018-06-20 22:20:25,2018-06-21 15:57:00,2018-06-28 23:26:55,2018-07-18 00:00:00
b4b047bd2b601010cf106a8d20437c2e,9a29d9e8db843a5ea715d37941f4e70b,delivered,2018-05-13 18:41:30,2018-05-15 05:15:17,2018-05-15 13:15:00,2018-05-29 18:12:38,2018-06-06 00:00:00
caca2d936195ed2a43dbb6f64d6820f2,284d355846716e5ad42d9607a73ad49f,delivered,2018-02-08 15:17:08,2018-02-08 15:30:34,2018-02-09 23:33:51,2018-02-26 18:17:10,2018-03-08 00:00:00
39c6fc5836be5515289a317eb5aeabd4,37b2473707a915dafa97480565bf05f7,delivered,2018-04-03 22:22:36,2018-04-05 02:27:59,2018-04-06 22:33:01,2018-04-20 15:46:34,2018-04-25 00:00:00
5b23d03712a41a07a72b94a97342be95,e2459d3d54b43b69025c937805fda247,delivered,2018-07-26 23:07:12,2018-07-26 23:15:44,2018-07-27 13:48:00,2018-08-01 15:54:49,2018-08-20 00:00:00
310665e6326967af1b7df9e9ce885ff6,76ae44a2f3c28dfc27053d42ca2ff80b,delivered,2017-10-31 10:19:44,2017-11-02 02:27:16,2017-11-07 19:07:32,2017-11-14 20:38:28,2017-12-05 00:00:00
a6c4a396b90e2d6bbb30aec21e1c20f8,89a3b88e57194d8a072f855c6a002410,delivered,2018-03-11 14:09:35,2018-03-11 15:00:23,2018-03-12 23:02:44,2018-04-04 23:28:53,2018-04-02 00:00:00
8a06dcad5b81645436b75c0074d041dd,66711749f34a9b0612e037671643198c,delivered,2017-09-24 22:04:50,2017-09-24 22:15:20,2017-09-26 20:43:31,2017-10-09 23:15:14,2017-10-20 00:00:00
5729dc0a7208339da0da2c367c801b1c,9aa05448506c04fd9a595d7c1850de9f,delivered,2017-12-05 17:20:34,2017-12-05 17:34:08,2017-12-06 21:51:41,2017-12-13 21:53:32,2018-01-03 00:00:00
d34f40889c88789d3d30f961b338c4f9,f3847e13ba6da5fa7c172d3fe48b8f36,delivered,2017-06-04 11:11:57,2017-06-06 13:35:41,2017-06-07 13:23:05,2017-06-13 12:18:22,2017-07-06 00:00:00
11531b318e176d53a632286789eae9c8,4ffda1e227a8798aef993197d967e5b9,delivered,2018-08-14 20:56:45,2018-08-14 21:10:24,2018-08-17 08:47:00,2018-08-18 17:56:51,2018-08-23 00:00:00
3fc5c1a6a5cd92eb60f3144c0c5478eb,b9fb064625dae624732588741267c9ca,delivered,2018-02-19 23:43:45,2018-02-20 09:50:32,2018-02-24 18:40:06,2018-02-27 16:09:44,2018-03-09 00:00:00
4185621f3aaf889fde42176d1f902b20,e4831d382b78bb2bba00e6c02b9562a9,delivered,2018-05-07 11:06:40,2018-05-07 17:56:27,2018-05-18 14:02:00,2018-06-05 18:22:26,2018-05-28 00:00:00
21763fb51dbd0bedf54d7975e48770cc,118244d4d0feaed0ccaf923310fc3a87,delivered,2018-02-19 22:04:04,2018-02-19 23:07:30,2018-02-21 01:09:04,2018-03-29 15:08:50,2018-03-20 00:00:00
4c194282048e1ed6f061507789ff9c81,1051dc1922b7d6fd269cb1120adea82f,delivered,2017-12-06 08:31:24,2017-12-06 08:51:46,2017-12-06 20:56:53,2017-12-12 22:16:47,2017-12-22 00:00:00
0ddfc476b3973e3e3bdc022d2fd9d495,13893ae039f4f52e3aac9330b99c2a90,delivered,2017-12-30 20:52:24,2017-12-30 21:14:32,2018-01-15 23:51:48,2018-01-19 16:57:57,2018-01-31 00:00:00
55849603f5bc2a49b6fbd19620c59400,cd69249cd34b136ac10eec38c65a2d89,delivered,2017-02-20 17:41:36,2017-02-20 17:50:20,2017-02-21 08:03:23,2017-03-02 11:25:29,2017-03-21 00:00:00
144486c68a71eb11c9bd9fae9ca29da6,fe06b5a58266aa47e02e7f596d7c7ece,delivered,2017-12-21 09:13:23,2017-12-21 09:29:52,2017-12-22 20:47:13,2018-01-04 21:52:25,2018-01-23 00:00:00
5a07264682e0b8fbb3f166edbbffc6e8,42333d2ab86886576093712fbf1564ce,delivered,2018-04-12 17:05:59,2018-04-13 17:11:12,2018-04-16 17:51:07,2018-05-02 16:22:29,2018-05-10 00:00:00
5871d8a9d410f4348b27394d4085874f,4ac2cff544d2cf106643e7f5ff6e7a0e,delivered,2018-07-11 13:58:44,2018-07-12 13:55:20,2018-07-17 08:19:00,2018-07-23 20:03:26,2018-08-02 00:00:00
054cf6bea6cfdf9024aedd3639c60fb9,f850c258ce056d17c9d4d5b3e84a0d97,delivered,2017-06-19 11:51:42,2017-06-20 10:50:19,2017-06-21 11:26:15,2017-06-28 16:39:31,2017-07-13 00:00:00
d78bef62e60a0f652567877da822b8b0,81ba0a992fd95a42c29937beac0c3232,delivered,2018-07-25 19:34:00,2018-07-26 19:30:17,2018-07-30 09:33:00,2018-08-02 21:15:39,2018-08-10 00:00:00
7e033da6e10e6a9866ae65fb7e9bc379,63fb4d60175b0adc731e5a481eae9491,delivered,2017-03-18 11:24:06,2017-03-18 11:24:06,2017-03-28 13:56:59,2017-04-07 14:28:28,2017-04-20 00:00:00
8a8bd4a338e17ace44431e99a2add1d2,460a1052bb04a53c2d748b89ef49f1c5,delivered,2018-05-15 21:31:55,2018-05-15 21:54:02,2018-05-17 12:40:00,2018-05-29 18:51:46,2018-06-01 00:00:00
d27bd1b2efafff52bd15c05de80e282b,0d2d57d0f1e6068a6df47f54bb807140,delivered,2018-04-21 15:42:16,2018-04-24 18:40:00,2018-04-25 00:22:20,2018-04-30 21:11:46,2018-05-16 00:00:00
da7ee335f676314b02b797c14e92b4e2,711727165841f72d9f71976d20653191,delivered,2018-03-19 13:50:12,2018-03-20 03:15:49,2018-03-21 19:57:49,2018-03-23 16:42:08,2018-04-16 00:00:00
3d08a84829e314578aefc90c376dc3d7,c9607e9e58a2fa52ddfc9049b12e6cb2,delivered,2018-06-12 21:05:40,2018-06-12 21:24:49,2018-06-13 13:54:00,2018-06-15 19:18:28,2018-07-11 00:00:00
a158403af039363a043ead0c69f1fd2b,fd760160917efb9e954141e9363e7173,delivered,2017-12-23 23:51:31,2017-12-24 00:08:06,2017-12-27 13:59:28,2018-02-03 16:21:12,2018-01-31 00:00:00
32659d759ee706f5c1937fe60a1b00d1,9e82759c2e8b50abb7c2acbfebca3c44,delivered,2018-07-20 16:42:13,2018-07-20 16:55:25,2018-07-26 13:39:00,2018-08-03 01:10:35,2018-08-21 00:00:00
d07d0cce426d7c1f4043cee01fe073da,278585b98e91dea37fc25cbc9ea52e79,delivered,2018-04-08 18:44:10,2018-04-08 18:55:19,2018-04-10 00:47:30,2018-04-20 01:16:48,2018-05-04 00:00:00
59c0ed646a3b30d4054298988188486f,8ba643878d111b600a1a781ae8ec0983,delivered,2017-11-20 20:41:26,2017-11-20 20:56:22,2017-11-21 19:51:40,2017-11-30 19:53:08,2017-12-11 00:00:00
1c55aa51edc71bb7071a9a1e32b9caab,598fcd9e3b483f9367c752f06d7afd5b,delivered,2017-05-22 23:44:38,2017-05-22 23:55:15,2017-05-24 12:59:38,2017-06-05 16:22:26,2017-06-13 00:00:00
4e08e93c7e89957e02292b0bffbf8065,f01c510d2b8c42cd289a4b5b512ae9d8,delivered,2017-11-24 16:14:03,2017-11-28 03:32:50,2017-11-28 23:18:59,2017-12-13 18:33:33,2017-12-21 00:00:00
092fe64219d11b6fdc1bf61521c9685a,33cedf79a1dab3f5dcb6a35891f86643,delivered,2017-08-14 12:18:40,2017-08-15 03:50:26,2017-08-15 18:56:29,2017-08-16 16:54:41,2017-08-25 00:00:00
d67a40cc6237a8af06509f350a29b406,42c1ac3753be0c490aa5c797b5fd335f,delivered,2017-05-09 10:49:49,2017-05-09 11:02:24,2017-05-11 10:44:46,2017-05-17 10:34:00,2017-05-29 00:00:00
a29bcf8d70584aadea21cb6b6f80ea56,a624e908c25a33b47b1e0e08fd1bf08e,delivered,2018-06-18 19:25:28,2018-06-19 19:35:59,2018-06-20 14:37:00,2018-06-28 15:42:55,2018-07-19 00:00:00
57261741e78d278aab2b462220b787f8,21c536c8261ff78c0ed65d9e2323fce2,delivered,2018-07-24 19:24:15,2018-07-24 19:35:21,2018-07-25 13:44:00,2018-07-26 18:51:49,2018-08-02 00:00:00
45287af4d4d9504d6569383cbf95c764,b662ef3d673205d965e8c72e78932de3,delivered,2018-06-01 17:29:19,2018-06-02 17:31:37,2018-06-06 12:17:00,2018-06-14 20:32:52,2018-07-11 00:00:00
ccebf8871fd33d082a64082120ce4e80,131be65fea5d4d3e9220e739366fd3ea,delivered,2017-08-04 12:52:51,2017-08-05 06:45:15,2017-08-07 19:49:37,2017-08-23 19:51:39,2017-08-17 00:00:00
d70e381178cb8aa782d45db5d4893220,3eb06e05a5e068a76bd0d9de8ff40d7a,delivered,2018-04-18 17:57:20,2018-04-18 18:35:58,2018-04-20 17:22:01,2018-05-02 16:51:53,2018-05-10 00:00:00
de5219d73e2adb00e7f062aee80985dd,2d1f95b25c68a69447a4d65090b516ea,delivered,2018-01-29 16:10:36,2018-01-29 16:37:00,2018-01-31 19:20:04,2018-02-20 12:35:58,2018-02-20 00:00:00
62f814c5cee70920ae8e265b400e8ba0,a8edb87d848c12b4bb341d5f7641a942,delivered,2018-04-05 13:26:40,2018-04-05 13:35:46,2018-04-06 17:53:44,2018-04-11 20:54:27,2018-04-26 00:00:00
584a896de682422488ff4912dc6b0016,a0efa97e2ef6571ad6ed747a245d1278,delivered,2017-11-03 00:39:08,2017-11-03 01:20:24,2017-11-03 22:17:35,2017-11-21 00:12:50,2017-12-04 00:00:00
1369ddd006cc84d6b337aa41f2e8dab7,386124a646dba2aaea281faab04634f9,delivered,2018-01-31 21:10:29,2018-01-31 21:30:21,2018-02-02 01:59:35,2018-02-17 14:32:12,2018-03-07 00:00:00
22b1eef278d4416c1e867a55d1c39fea,a2592535b56c9256867a805f553147f1,delivered,2018-05-08 23:18:52,2018-05-08 23:34:25,2018-05-10 18:29:00,2018-05-25 19:25:25,2018-06-12 00:00:00
3de2c21eb663e9fe58493944d4e5f8b0,71101af8b27fc2fe7273bbbbf695d546,delivered,2017-06-16 17:13:02,2017-06-16 17:25:16,2017-06-21 20:54:41,2017-06-27 15:12:15,2017-07-06 00:00:00
70f90f55c4238d2d8b77e1e2b8ee8416,c2cb0597cbe5d39a13674ded580b6759,delivered,2018-03-01 16:52:28,2018-03-03 02:35:44,2018-03-08 16:02:57,2018-03-16 18:12:04,2018-03-13 00:00:00
3810643193a6df6844afe68e876bae6f,ae23f008876c9059cad60166094f038d,delivered,2017-11-25 10:07:56,2017-11-28 02:58:40,2017-11-29 18:21:43,2017-12-04 21:03:45,2017-12-11 00:00:00
9f68f87aaf72589c361305b9d4900b78,3cbd4d6b547758ddba06206a68be0cd8,delivered,2017-11-04 19:22:13,2017-11-04 19:35:30,2017-11-20 17:41:34,2017-11-24 17:17:19,2017-12-05 00:00:00
1b25b7f6d3514c227d59499f63573fde,4aef47e0fecafbf730198c2abc397ee6,delivered,2017-05-15 18:46:52,2017-05-15 19:02:37,2017-05-16 08:42:39,2017-05-24 12:38:19,2017-06-06 00:00:00
f4e86d12ddc6d795b86817623a9de164,9fdde8e80344faf4867a80ce47f44863,delivered,2018-01-17 09:40:18,2018-01-17 09:51:24,2018-01-17 18:05:34,2018-02-22 19:45:20,2018-02-14 00:00:00
925610f1667e7ed61145120c16d91b86,4141be5c147716b957def015819c1c49,delivered,2018-08-10 15:00:59,2018-08-10 15:15:13,2018-08-13 11:36:00,2018-08-14 17:38:43,2018-08-16 00:00:00
6816ae2fd8e9a4a6674dc2eb053da35b,03e3a430d50d6e1123627d133c65d5c4,delivered,2018-04-07 12:10:27,2018-04-07 12:30:09,2018-04-10 22:08:40,2018-04-11 23:04:37,2018-04-24 00:00:00
61e4862419474babad164172a0d6b7af,1a5a3164d769266f544a901bd8f0ee5e,delivered,2018-06-14 13:23:36,2018-06-14 14:31:45,2018-06-14 15:21:00,2018-06-15 14:20:52,2018-06-26 00:00:00
7668781d150cf9f360eaf458e2f8345a,877b9bc047660cc9f0f080e037b3c7f9,delivered,2017-12-12 14:37:18,2017-12-12 14:49:45,2017-12-13 13:55:28,2017-12-20 18:42:33,2018-01-05 00:00:00
4759b488dfc55eb259b216bb6d93ce48,f32219fce1a2be3c083f34b2169eccc9,delivered,2018-07-16 13:00:53,2018-07-16 13:15:17,2018-07-17 11:35:00,2018-07-24 19:28:36,2018-08-01 00:00:00
9f94198afddf148dacf5f49751ab3072,b1d59b3ee7b1ebaed9be61d0fcf26435,delivered,2017-07-12 20:36:42,2017-07-14 09:25:29,2017-07-14 19:46:17,2017-07-24 20:06:27,2017-08-03 00:00:00
bc4dd1342d6f1b0881391f55ce6de89c,a844728814f81cb785b219edde97b922,delivered,2017-11-28 14:38:33,2017-11-28 15:06:45,2017-11-30 01:49:24,2017-12-11 21:27:15,2017-12-18 00:00:00
77f6506ba8fcfa8c923e3297a1cefbe4,5810a0308b9152a83b96ec38ad7a7012,delivered,2017-07-24 14:54:03,2017-07-24 15:05:20,2017-07-25 19:43:57,2017-07-31 15:47:22,2017-08-15 00:00:00
7ef689cb709f1d6e42a9f52a93e2da25,5bab9be874cac635882f63b470535481,delivered,2017-12-11 12:37:18,2017-12-11 12:51:08,2017-12-13 21:38:31,2018-01-09 20:17:44,2018-01-16 00:00:00
6a572211b95b6cd2453951ff6aca653b,b6467fac41936c4a861f613434ac379a,delivered,2017-11-14 13:51:26,2017-11-15 02:46:32,2017-11-16 20:52:49,2017-12-02 16:09:07,2017-12-11 00:00:00
f885c80f891a4e49ebff85826610e6bf,f0833bf12c315d3c01f93d334d6846e1,delivered,2018-06-27 19:01:10,2018-06-28 19:11:37,2018-06-29 15:14:00,2018-07-04 18:19:12,2018-07-26 00:00:00
0c62ca8afaf8a77c7776893cb9866668,9f914e7e5ca3b73706d38f603f7a9a8b,delivered,2018-02-09 11:51:44,2018-02-10 11:50:24,2018-02-15 15:17:44,2018-02-25 12:21:42,2018-03-05 00:00:00
bee2c5fd72a426e80d331d4c5d756923,df7204dbebae4a2adc0f87b80bb0f963,delivered,2018-08-07 08:33:34,2018-08-07 08:55:23,2018-08-08 16:20:00,2018-08-13 18:41:39,2018-08-21 00:00:00
2b44f8afc9f2df6a6090d45db68f9162,d4cc8627da6e9e201f18bfc780b077b1,delivered,2018-01-27 16:03:57,2018-01-27 16:13:15,2018-01-29 17:38:46,2018-02-26 20:15:13,2018-03-01 00:00:00
a06a669230c816de8d78362b370dd46a,a3a1d7f2336ab253cc97e55324124945,delivered,2018-08-02 19:46:23,2018-08-02 20:03:50,2018-08-03 15:10:00,2018-08-08 13:56:48,2018-08-24 00:00:00
751e2321971174010eb1fc0e8a99f78f,f1d7846fb1398fc65697ee1c7bebe0d9,delivered,2017-09-13 20:51:13,2017-09-13 21:04:34,2017-09-15 18:49:57,2017-09-27 19:03:44,2017-10-11 00:00:00
3be1b5820b7f93acc617a3b680f37c91,4ea461e863a55ff383b3f57716e036b1,delivered,2018-04-13 13:30:21,2018-04-13 13:54:01,2018-04-13 23:21:02,2018-05-02 19:49:02,2018-05-10 00:00:00
db8551232150d37b0f71902146aba978,9cdfe45afab0cb36a6c3c8d3901cc781,delivered,2017-05-29 22:38:58,2017-05-29 22:50:15,2017-05-30 09:55:53,2017-06-11 08:51:25,2017-06-23 00:00:00
9b692faed4adf2e5efb7c98de308aad0,0941cc6c82ccb3ad29471a38e6a8dc04,delivered,2018-04-10 15:53:39,2018-04-10 16:11:27,2018-04-13 00:12:21,2018-04-14 15:52:12,2018-04-30 00:00:00
3f06b341424a7ec67dd957609ee3cba6,5df01440460ae5cac2f74aba93f8e946,delivered,2018-03-25 18:27:30,2018-03-25 18:47:57,2018-03-27 23:56:48,2018-04-02 16:32:02,2018-04-27 00:00:00
8adc2cd3ee5e7b81b1d476e6878714fa,5b28ec71fec70bd2e7a469df2e6499d8,delivered,2018-04-27 19:34:45,2018-04-27 19:52:13,2018-05-07 06:33:00,2018-05-17 21:32:46,2018-05-14 00:00:00
b376ed1576802b4bdec883546710ff1c,bdf2f4fd692c860c623fb96f7ac2cc96,delivered,2018-07-08 22:59:57,2018-07-10 04:30:22,2018-07-11 09:10:00,2018-07-13 22:05:26,2018-07-19 00:00:00
691a5f36f9c90b44a0cb1ed8e6fe1f8b,c8d3e4e2b05ce379a8f6416e2b34223f,delivered,2017-06-28 20:57:23,2017-06-28 21:10:10,2017-06-29 09:29:35,2017-07-11 18:22:28,2017-07-31 00:00:00
61fca2fa6ad79d201c9ac7e9d611db25,31b66cff9ba45d81e4eb8b0eea309fa1,delivered,2018-05-21 22:22:36,2018-05-22 01:15:16,2018-05-22 13:30:00,2018-06-09 14:58:36,2018-06-12 00:00:00
13177245f820dca10cd9968a2a395b1d,af3b1412013a9f8a5dd51d610427f847,delivered,2018-05-28 16:52:57,2018-05-28 17:16:01,2018-05-29 10:41:00,2018-05-30 15:12:34,2018-06-26 00:00:00
07d4b24a68e2180d4bc5aaf5384fa78b,9e0e48f4183f1216ab4bf955b29216c7,delivered,2017-12-30 21:44:05,2017-12-30 21:52:23,2018-01-02 18:13:13,2018-01-08 19:29:06,2018-01-30 00:00:00
394eefeb1d359eb230a22ba3bd68f072,0dbb188dd63b9205f0f61bdf16619f4a,delivered,2018-04-23 21:03:00,2018-04-24 18:18:18,2018-04-24 19:11:14,2018-04-25 20:14:38,2018-05-04 00:00:00
7311b63eb976756358a62bb49eac4c30,655064e0a6cfb90043d68a66dbefeb95,delivered,2017-11-24 02:04:45,2017-11-24 02:13:24,2017-11-25 14:09:38,2018-01-10 18:38:34,2017-12-19 00:00:00
72bdfd404277294c8a974c65864ad82a,a49023ded65b306fc073c33f34ad85b5,delivered,2017-02-04 15:58:19,2017-02-06 09:10:21,2017-02-09 09:23:37,2017-02-17 11:28:45,2017-03-03 00:00:00
ee5dbc8989dbc768ce58b68213bfc285,5eaeefaff41fd7faf56fbffae6758e5c,delivered,2017-05-20 13:22:52,2017-05-20 13:35:24,2017-05-22 13:32:01,2017-05-26 16:07:45,2017-06-09 00:00:00
24f9d59b5717fed5431455ac71a4a371,0ef337888c57f8e58775a2de6b386d10,delivered,2018-02-09 20:09:48,2018-02-15 03:56:00,2018-02-21 23:47:36,2018-03-01 18:59:06,2018-03-08 00:00:00
e7d4ae390bc647da72d2aa2a9faad141,dcbe9c33ea5ff5cd72dc15340da336c1,delivered,2017-10-31 11:32:48,2017-10-31 11:47:31,2017-11-01 20:17:48,2017-11-06 20:47:36,2017-11-14 00:00:00
b4cc5642e907efdd3c80a2343604b6d5,b02db5f33d926aceb47b5355ea2222ff,delivered,2018-02-27 12:04:55,2018-02-27 12:29:22,2018-03-01 23:22:08,2018-04-12 22:40:44,2018-03-21 00:00:00
d899e6d4576891e29d5a9d3f1867c6e1,871ba832298881ba9598e829b27f40a3,delivered,2017-04-27 00:11:51,2017-04-27 01:22:37,2017-04-27 10:19:44,2017-05-13 10:22:44,2017-05-30 00:00:00
b115c090b01f613e9749f85cbed95898,493e9e88e6700b55039008b0482dca90,delivered,2018-04-29 18:34:00,2018-04-29 18:54:24,2018-05-02 14:24:00,2018-05-03 18:06:33,2018-05-17 00:00:00
cc1ae65f9da3e917ded9ef6cc5325e84,d260ae7739e4587ce41c98250f46ac36,delivered,2017-07-22 23:18:13,2017-07-22 23:30:15,2017-07-27 17:57:40,2017-08-03 13:07:35,2017-08-16 00:00:00
1400e725c796d32460308a3f47add549,bf919a6714a37fc4de08afea5d1e2b75,delivered,2018-01-17 11:23:48,2018-01-17 11:34:24,2018-01-19 19:09:15,2018-02-02 19:14:53,2018-02-14 00:00:00
036467185263519cd4f15dde1f8664e6,4ac92db0564301eb239e8df281c45fb6,delivered,2017-11-06 18:05:56,2017-11-08 03:26:44,2017-11-09 19:58:52,2017-11-20 18:12:03,2017-12-05 00:00:00
f59598bb404b6266abfc1fc2d18aa79d,6992599bbe04a902355302808a428949,delivered,2017-02-14 23:11:02,2017-02-14 23:24:01,2017-02-23 11:04:50,2017-03-04 10:57:43,2017-04-06 00:00:00
50da5576c9b517983b6f5fcf44863cfe,02faaf661d80bd26b06ca44de75a20c5,delivered,2018-08-05 17:49:07,2018-08-05 18:24:10,2018-08-09 12:42:00,2018-08-17 17:02:54,2018-08-23 00:00:00
8db13b5ac7b555d8b6bc0062763ae387,5ce679079249b5d4d0ce9932aebee695,delivered,2018-02-17 22:05:41,2018-02-18 22:50:22,2018-02-19 19:12:06,2018-03-10 05:11:45,2018-03-21 00:00:00
8533051a3ddfba857f39aa28d5b7a8f1,1d734c634745b4b85d598e2f097c828a,delivered,2018-06-04 10:31:30,2018-06-05 04:12:45,2018-06-05 12:08:00,2018-06-10 13:47:25,2018-07-18 00:00:00
cf11662629878c4c564fcd1c86fed868,a5dc4854fe39eebbdb299875bb335361,delivered,2018-07-16 12:09:41,2018-07-16 12:20:16,2018-07-17 06:38:00,2018-07-25 16:07:15,2018-08-07 00:00:00
f691bccd49f326797b1c69eb55d2a354,7bc187ccb73d502b2088482e4fb0a16c,delivered,2017-04-04 11:45:56,2017-04-06 02:50:21,2017-04-07 10:09:03,2017-04-11 09:41:40,2017-05-05 00:00:00
5124d1910fba5bcf45b9372eb874fe2d,a4108f668ee0837853954a5ce287613c,delivered,2018-04-15 13:12:43,2018-04-16 09:35:11,2018-04-16 22:54:24,2018-04-28 01:04:09,2018-05-16 00:00:00
2a0fa6741aab1f723a7eeaaf58fda1e4,44d64cac6b7087a085f02d3895df8028,delivered,2018-04-25 20:05:21,2018-04-25 20:31:26,2018-04-26 15:01:00,2018-05-15 20:41:23,2018-06-05 00:00:00
591288ee2b6ee99477e22218020308ff,9f35c2a214b9d0e2a6cf6d1e11614705,delivered,2018-08-09 16:45:45,2018-08-09 17:45:10,2018-08-10 12:33:00,2018-08-22 21:58:52,2018-09-04 00:00:00
07dedb9d22cef1af1540ab753c537c4c,ca618abc1a2b015a670d47a8f7694612,delivered,2017-09-13 10:19:09,2017-09-13 11:34:34,2017-09-15 08:24:54,2017-09-23 16:07:50,2017-10-04 00:00:00
aecd12eef9fabbbde3ee307934546868,aa7573a3dbeb2e4863bbee49cec0cb95,delivered,2018-05-12 23:11:44,2018-05-12 23:30:59,2018-05-14 12:48:00,2018-05-22 21:46:50,2018-06-06 00:00:00
fd58331db3c355dfc547b6dc5065f33e,99d2831aceaca1b7b08aab3d0a47f43f,delivered,2018-07-20 22:27:33,2018-07-20 22:43:55,2018-07-24 06:32:00,2018-07-30 17:08:52,2018-08-10 00:00:00
de003338463979d8a9be8b8d3e598efa,a5fc87720b2ee6dd805edc6cf48d2e18,delivered,2018-04-26 00:18:49,2018-04-26 00:35:17,2018-04-27 12:32:00,2018-05-03 17:51:54,2018-05-21 00:00:00
2ef7655210817ffa67b86a61331b4c92,b0ab89eb69e28e62f5d721f0b38fc381,delivered,2017-07-15 18:05:13,2017-07-15 18:15:20,2017-07-17 19:44:33,2017-07-24 14:18:10,2017-08-08 00:00:00
de3a93f2df895a8b77a7e947b56a1af5,f377c1f04f510f90145bb4e57e2aeebe,delivered,2017-11-13 15:51:38,2017-11-13 16:10:45,2017-11-14 18:14:53,2017-11-22 20:41:23,2017-12-04 00:00:00
7a56ded9b696cca5e892f56f49b1921a,caca87282df2b6fce5e717b93e548b92,canceled,2018-01-28 21:44:00,2018-01-28 21:58:09,2018-01-29 20:21:44,,2018-03-02 00:00:00
8a8bf0059b86c0231bacf33f3dedcba2,4104c2e389807d2511cd9c3874b748f1,delivered,2017-08-21 02:29:52,2017-08-21 02:44:21,2017-08-21 21:05:55,2017-09-14 20:49:49,2017-09-25 00:00:00
c0926505809f1295c7ca6902c2c4d932,c2c1b23dc2866a7449bdfd4cf6123e81,delivered,2018-05-20 13:30:26,2018-05-22 08:16:22,2018-05-23 13:01:00,2018-06-07 18:15:39,2018-06-07 00:00:00
db7c1adfe423878e28b1e27431efb880,44db6a0342dae03009f4b1115b24d9c6,delivered,2018-01-18 19:49:51,2018-01-19 19:49:44,2018-01-22 19:03:50,2018-01-29 21:06:38,2018-02-15 00:00:00
d96f940617a3c0e0e9c785239c9d807c,d6d8b92f8688645c46a8e92425c1d2ed,delivered,2018-07-09 22:51:02,2018-07-09 23:05:12,2018-07-10 11:27:00,2018-07-16 15:34:46,2018-08-01 00:00:00
0c61d8257611b6d6465f9c8ec5674b0a,57196a49e744d8cf881f433e8f3c583e,delivered,2018-01-06 17:32:57,2018-01-09 16:10:41,2018-01-15 16:22:19,2018-02-07 21:13:32,2018-02-14 00:00:00
45c72f651e3767b02a9f9938b2cba5d1,cc5ed2e92f3525fffba5d366b40d9bed,delivered,2018-05-07 12:58:46,2018-05-07 16:15:36,2018-05-08 14:12:00,2018-05-14 11:52:11,2018-05-24 00:00:00
a250092009e031f3162f9134a40261c2,569074f2521cdbba257e9fae5d95d75b,delivered,2018-06-25 13:29:12,2018-06-25 13:58:21,2018-06-25 13:07:00,2018-07-03 19:51:41,2018-07-18 00:00:00
f216085102c6b913fcbf7f5bcadcb454,7a4012f9a7ae8ce611dcc1d6c21f3973,delivered,2017-03-01 22:43:47,2017-03-02 04:15:14,2017-03-02 07:52:53,2017-03-08 04:56:01,2017-03-20 00:00:00
650b025cd24c4072e607bdbcb8a030f2,407c757765d8367d4044c50a0e406004,delivered,2018-08-19 11:58:00,2018-08-20 11:33:14,2018-08-21 13:08:00,2018-08-27 15:19:12,2018-08-29 00:00:00
1b0fd42cfc51e77567823cb398ef2e26,db45c5d54c01175b7dbbfb6d533b33b3,delivered,2018-08-16 22:06:34,2018-08-16 22:29:19,2018-08-21 12:48:00,2018-08-28 20:06:50,2018-08-29 00:00:00
c5c2232db371b0ad334737e8323958ec,2abced1b837101fd4c86138cd670498c,delivered,2018-04-16 15:35:23,2018-04-16 15:53:21,2018-04-17 18:31:49,2018-04-20 20:08:38,2018-05-09 00:00:00
39959ff1a251b948e61c0fc006e74d85,ad8878022960436117fc24366b1e0cdc,delivered,2017-10-25 06:25:04,2017-10-25 06:49:15,2017-10-26 19:41:53,2017-11-01 19:42:01,2017-11-21 00:00:00
ebd182d678f7c5aec1f89d5f6f9848ec,1e5aa0d19c1129b3ebb1d369ee0a7d3e,delivered,2018-03-23 15:00:03,2018-03-24 02:28:36,2018-03-27 19:58:34,2018-04-04 16:47:42,2018-04-17 00:00:00
30cc18e46e6a888afe8a75262a6f021d,29d38f9bf6cf71f4db95a87da5ad5086,delivered,2018-04-12 20:57:47,2018-04-14 02:30:31,2018-04-16 23:19:16,2018-04-23 22:54:48,2018-05-10 00:00:00
d4c58595bdf85c5e0faf0800e4ef4b94,680abf1459550db0026fb833970405ee,delivered,2017-12-05 10:57:50,2017-12-05 11:46:54,2017-12-07 02:08:15,2017-12-13 17:18:42,2017-12-28 00:00:00
18323bf515bec81ec824b51f618d2429,2dd5c9999a479a9e240d42bd38b4266a,delivered,2017-03-10 19:32:27,2017-03-10 19:32:27,2017-03-13 04:13:42,2017-03-21 17:45:36,2017-04-06 00:00:00
df09698fab7f356cb66e565dbcc436b6,89f3ec66fbc0b0c1da93ba74b37cf743,delivered,2018-04-19 15:54:13,2018-04-19 16:18:47,2018-04-20 21:44:52,2018-04-27 21:03:35,2018-05-10 00:00:00
4c77961d5a6909826862fe6d8881f1b3,2c0f7357417a5ffbe649bd35a797804e,delivered,2017-09-22 22:33:22,2017-09-22 22:45:36,2017-10-02 15:23:05,2017-10-06 21:37:40,2017-10-16 00:00:00
dd1848be19cde4db26876697683f8373,b259a18f491514438ba620caf0bc2c38,delivered,2017-11-24 19:50:21,2017-11-24 22:59:10,2017-11-25 14:50:04,2017-12-06 23:47:09,2017-12-19 00:00:00
fcc9c76cda1ab5637e8ada986e1e3cbe,3c73f6fe4ca4dc02556556c8842972fb,delivered,2018-06-24 15:06:40,2018-06-24 15:34:46,2018-06-25 15:52:00,2018-06-26 18:32:45,2018-07-12 00:00:00
27507e5396fa8fdcce6c0b40fd77dbc2,7a9888a1045d84473d63bcf563b692ee,delivered,2018-01-20 15:39:59,2018-01-20 16:00:27,2018-01-23 00:58:52,2018-02-02 15:07:44,2018-02-15 00:00:00
efc0a4486f951c342875c6ffdeca315a,13ebe92bd21473c8a7926bca506590c9,delivered,2018-01-04 21:51:02,2018-01-04 21:58:26,2018-01-05 23:14:33,2018-01-10 18:53:17,2018-01-30 00:00:00
719d3e99ac9883643ff9a790a2efe206,a0402041f21126e553b1a0ca676d95c8,delivered,2018-01-25 15:14:35,2018-01-25 15:40:52,2018-01-29 18:29:00,2018-02-06 20:55:00,2018-02-19 00:00:00
a27874560d28be4b067361438e6ac19f,3366a9b36f3e7f7fadb85cc581f58f2a,delivered,2018-07-24 22:48:37,2018-07-24 23:04:24,2018-07-25 13:26:00,2018-08-01 23:40:49,2018-08-15 00:00:00
4fddd233c42ca366f24daa034b3adacf,4b9fd65d8c6df9b8c9799ca7b0c75cdf,delivered,2017-10-04 11:48:31,2017-10-04 12:04:15,2017-10-05 21:03:39,2017-10-10 21:11:43,2017-10-23 00:00:00
ecd516e4c1c35156559cb25ee815abdf,d624161e112c9dc60cadc378a1601d2f,delivered,2018-01-08 13:17:36,2018-01-09 07:25:49,2018-01-13 04:29:00,2018-01-23 20:48:55,2018-02-06 00:00:00
076204e886f6d81145cf693a72794765,58c2ff35edc0c22c7430228ce542743f,delivered,2018-07-23 09:45:44,2018-07-25 02:44:26,2018-07-26 10:01:00,2018-08-08 19:15:50,2018-08-16 00:00:00
6900ba78f72feb30643f7c2e2ebb3aa1,7a025a70305eeb3f28d6f279b2312f57,unavailable,2017-04-23 18:16:54,2017-04-23 18:30:35,,,2017-05-11 00:00:00
074e803978094c38b91ddd375ee6ca69,cca88fa7b5c234e518fb27e1b1856c85,delivered,2017-11-06 23:16:19,2017-11-07 05:31:29,2017-11-08 21:06:48,2017-11-10 15:16:27,2017-11-24 00:00:00
0bb273d0289520ad7addfc985468f5bb,73a710dbc1214a53b1c3b7222b9bfd83,delivered,2018-03-12 17:01:43,2018-03-12 17:10:42,2018-03-13 21:24:48,2018-03-15 23:33:05,2018-03-22 00:00:00
185b9908e599d49428dc7b8238c8076a,67eb6db86fe08a741a5b671247b01d45,delivered,2018-04-10 11:54:40,2018-04-11 09:12:25,2018-04-11 22:18:28,2018-04-16 20:08:28,2018-05-17 00:00:00
917c3737170fdfa7475759fa178ebbe1,616d84c875f242809a36e1a60a93e577,delivered,2017-06-15 11:35:38,2017-06-15 11:50:43,2017-06-16 15:22:09,2017-06-22 11:17:58,2017-07-10 00:00:00
0e6386e1cb625fe4fdbd3d101d2cb687,6482c915ec997dacbb610e3e6cf6c6bd,delivered,2017-09-01 00:23:12,2017-09-01 01:32:45,2017-09-01 20:09:37,2017-09-08 18:29:58,2017-09-21 00:00:00
ac421cfa14e42c29519f372fa63c6558,57bf0fde6966ebc34097dfd5291d60ff,delivered,2017-11-15 16:41:55,2017-11-17 03:55:38,2017-11-17 19:07:07,2017-11-22 13:38:26,2017-12-05 00:00:00
0bd8d3c647ff6125dc1689eecf809a90,2cc52602f1e7839b508eec87bcddf2c1,delivered,2018-06-28 16:45:13,2018-06-28 17:11:49,2018-07-03 13:09:00,2018-07-06 13:48:56,2018-07-23 00:00:00
6672f82679e65c575e7d00564c1dd239,5ac0911113a65439a5663bc2edf6510f,delivered,2017-07-15 21:23:25,2017-07-15 21:35:18,2017-07-21 16:06:44,2017-07-31 21:13:31,2017-08-08 00:00:00
efed8668846db8134d128f21368fd2ca,f1ad650dbf1f18fb1a4b9c8afbb2cf43,shipped,2018-03-28 14:35:30,2018-03-29 03:09:06,2018-03-29 20:58:55,,2018-04-20 00:00:00
c8be852c87c5ad138377bcd4fb27ee3c,c5a7ca6a5aff998a93667bf3933db1fe,delivered,2018-07-07 22:18:33,2018-07-10 08:35:19,2018-07-10 15:38:00,2018-07-12 21:32:44,2018-08-02 00:00:00
6f9c246060baeb33b04a02da9b66baca,9969b1f1be2d2ed2dd597d8fc4235940,delivered,2018-05-19 09:03:32,2018-05-19 09:15:13,2018-05-23 14:09:00,2018-06-05 00:18:39,2018-05-30 00:00:00
115e5f8ceec805909d9cc974e1653153,0ed5a576ad6a0847595937434ef7c0d2,delivered,2018-01-11 10:51:16,2018-01-11 11:08:42,2018-01-12 15:11:32,2018-01-23 17:32:01,2018-02-05 00:00:00
43d5b31ed2c5e37b66622cdc0c4f6452,10b13e89e2eb3812975f1dc3884874de,delivered,2018-04-18 22:49:49,2018-04-18 23:11:08,2018-04-19 23:36:44,2018-05-30 21:58:51,2018-05-16 00:00:00
4e102515dd3511449d6a1bf57bfc0d6b,a86cc7981a5c2657a638c10692871175,delivered,2018-05-02 10:00:35,2018-05-03 04:12:53,2018-05-04 20:26:00,2018-05-09 15:12:08,2018-05-24 00:00:00
64234b0749a3c2853676c704243ac626,26cf4348bbe8b37b5e810bb7a054a344,delivered,2018-06-16 15:42:51,2018-06-16 15:59:28,2018-06-18 14:53:00,2018-06-28 07:09:34,2018-07-17 00:00:00
9537e35e835d4ae6b7b219b8b2e36817,b87f977ff3eb88e15e3203b417f51332,delivered,2018-08-01 17:04:58,2018-08-03 02:50:37,2018-08-20 15:44:00,2018-08-27 18:03:45,2018-09-10 00:00:00
426ae4dd4be2e6836ef89763d45f2149,98df4110c84b721812f320c82d936019,delivered,2017-10-13 12:19:49,2017-10-14 12:29:35,2017-10-18 17:17:49,2017-10-28 17:38:53,2017-11-03 00:00:00
4a46aca9ae0f89326ddb4bd7dfd041a1,ede8b3656ee780560a8edb66108f5fc1,delivered,2017-03-26 15:13:46,2017-03-26 15:21:54,2017-03-27 15:14:17,2017-04-18 14:10:43,2017-04-18 00:00:00
5ad67427b38c94669fc35ffc73bce412,10dbdfe9635224a0a2662d03219fc1bf,delivered,2018-08-14 11:09:51,2018-08-14 11:25:20,2018-08-15 12:39:00,2018-08-24 00:46:29,2018-09-11 00:00:00
af2099df7b489e3bd2759c1daf111594,eeeebde1ad8ac2ca6903d3cdeca82138,delivered,2017-03-16 22:45:18,2017-03-16 22:45:18,2017-03-21 06:43:44,2017-05-01 12:23:22,2017-04-19 00:00:00
175e57b0e30236d6cff85c13372a5592,df2db16f9c09041c651dcb651354da15,delivered,2018-01-17 07:53:24,2018-01-17 08:30:45,2018-01-17 18:33:20,2018-01-23 21:59:45,2018-02-16 00:00:00
2b60da7e540bad4d34c080572d334d60,7c4782af72ce7f6ab383ee2d5f1a1427,delivered,2018-05-05 17:53:52,2018-05-05 18:13:36,2018-05-08 06:28:00,2018-05-09 15:19:37,2018-05-22 00:00:00
a1b3dfb15a60b4a575af043c73f2a3d5,6ce902380884ac15cd00fd8636263b89,delivered,2017-06-06 16:32:42,2017-06-06 16:55:24,2017-06-19 17:09:49,2017-06-19 20:55:42,2017-06-28 00:00:00
d67ba8aafdc70b372ea99f74795a039d,9f6add154d6025cc831d17414eabd313,delivered,2018-05-02 11:11:09,2018-05-03 12:20:01,2018-05-03 13:16:00,2018-05-08 16:08:36,2018-05-21 00:00:00
65e735700fb504519ff5b6baa3a8cb11,a9a9661d1d1f3459d0cc29a9b93a5a49,delivered,2018-02-03 22:14:03,2018-02-03 22:30:24,2018-02-07 17:47:56,2018-02-15 20:55:11,2018-03-06 00:00:00
a389f1f731daee05d63fe992c0f689eb,50f35f64380f777201a47222ea2ec6e1,delivered,2017-03-07 23:27:11,2017-03-07 23:43:19,2017-03-08 17:46:10,2017-03-10 04:48:45,2017-04-03 00:00:00
eb2efae7334e4776381755ecd7c831dc,cfc905dc1522428901e88a7fa04d174d,delivered,2018-02-12 11:13:05,2018-02-12 11:48:04,2018-02-14 22:43:18,2018-03-23 14:44:55,2018-03-14 00:00:00
ce957db0e98045f489b3be23359a90f5,734ff2ae35bcb0f1318371166b54903d,delivered,2017-06-24 16:37:47,2017-06-24 16:50:22,2017-06-26 14:22:47,2017-07-11 16:21:31,2017-07-18 00:00:00
74ea3815fca8d03749e89470f099ff98,b76bb4d6d4bf5cde30275fd1fefc1c11,delivered,2017-05-11 17:40:02,2017-05-11 17:50:13,2017-05-12 14:49:36,2017-05-18 13:40:06,2017-06-01 00:00:00
f778c08595fa3873bb689febdda2c509,4999d38c632863ac151e872e3206c7ba,delivered,2017-03-17 23:06:09,2017-03-24 18:03:20,2017-03-28 17:58:51,2017-03-31 11:08:13,2017-04-19 00:00:00
e54c837c3ceab3a51f0afec240e9799a,fac7ff3b0fbf8ea9452c5257d369b8ff,delivered,2017-11-23 23:36:37,2017-11-23 23:48:11,2017-11-24 17:48:53,2017-12-19 20:06:42,2017-12-20 00:00:00
d97054c687bd818d4f7b78cda2eb4f01,41367d8519996d17296299c0a76546ab,delivered,2018-06-23 14:16:49,2018-06-23 14:35:30,2018-06-25 14:33:00,2018-07-03 16:56:06,2018-07-30 00:00:00
670c4b17da301d33c203760668ded9b1,575a45184fe2dd0b5413a6b5294e6e53,delivered,2018-08-02 16:45:33,2018-08-04 04:11:34,2018-08-07 11:22:00,2018-08-16 21:52:39,2018-08-20 00:00:00
7cd15a71ceaf712ec5e134996f2f8586,c7c9ee8736dff5ec5d8cf9e5e88a5b03,delivered,2017-11-12 11:50:24,2017-11-12 12:10:23,2017-11-14 17:53:59,2017-11-20 21:13:15,2017-12-05 00:00:00
d69373cb870bd1bf9a92059e36241d1d,445dd8eae4fcf0cd02ced9e1a5023914,delivered,2017-08-04 13:41:24,2017-08-05 02:55:15,2017-08-08 18:07:03,2017-08-10 19:23:45,2017-08-17 00:00:00
14cccd76360744f54b4d0fad37c12ebb,58408b38aaa39dae7ed36422ae1662bf,delivered,2018-04-11 16:38:48,2018-04-11 16:51:25,2018-04-13 22:51:14,2018-05-10 23:12:57,2018-05-10 00:00:00
78e38ba7bc74953eaff8343cc184b692,703f1588c964db32571e405b538dc39b,delivered,2017-10-26 19:54:51,2017-10-26 20:06:46,2017-10-27 18:23:14,2017-11-09 19:51:45,2017-11-22 00:00:00
47e96b5cb6f0592d336b6bf8a817d1c3,9cce7727e7d1d1a738ccc755eae38e93,canceled,2018-01-21 12:44:16,2018-01-22 13:49:10,2018-02-01 00:08:56,,2018-02-19 00:00:00
d32cb51bd31a6d467f53c1e4aaeee27f,9a146f5ad6a05d06cae2ddcbdcf3acda,delivered,2017-05-12 14:12:57,2017-05-12 14:25:08,2017-05-15 13:24:36,2017-05-23 12:52:10,2017-06-01 00:00:00
a49b30472ac98d5d5e1889d3ce2974b1,20a828350fefc33a447a56d221c69535,delivered,2017-11-25 15:05:34,2017-11-25 15:14:32,2017-11-28 23:09:15,2017-11-29 20:15:38,2017-12-11 00:00:00
5e5e4681bb7d9d823fcbe2a440e5c0aa,0aa02628673fa6a77842ad2c978a2007,delivered,2018-08-15 21:57:43,2018-08-15 22:45:15,2018-08-16 13:49:00,2018-08-25 13:11:06,2018-08-30 00:00:00
89004e15d2c77c8dd899015d2662b32d,fdfd1f88a6314339d664256e9a6cd9df,delivered,2017-04-06 12:03:37,2017-04-06 13:05:42,2017-04-10 16:16:54,2017-04-17 15:37:20,2017-05-09 00:00:00
386e8a08c195e02dc257e4b0f34780f7,00e144a7e8e11d93c3c4f12558735f03,delivered,2017-12-10 12:18:14,2017-12-12 03:50:06,2017-12-14 03:19:01,2017-12-28 19:54:06,2018-01-12 00:00:00
0229e66693fbbd736e5022221fc8148b,de7123a14192ec3066359926049b0f28,delivered,2018-08-18 21:10:16,2018-08-18 21:29:41,2018-08-22 15:35:00,2018-08-28 16:35:35,2018-09-06 00:00:00
3189959300e5acc4558e39ee4026e122,d5b4754054628d3de0a3349b093fde2e,delivered,2017-12-21 13:03:18,2017-12-22 02:50:44,2018-01-12 22:43:21,2018-01-13 05:13:40,2018-01-24 00:00:00
17eebf32ee6d0d9dae95956506edbe25,ca46a32ce810307efa830b6ae9bf947f,delivered,2018-04-28 11:40:50,2018-04-28 11:50:48,2018-04-30 13:44:00,2018-05-03 07:33:31,2018-05-17 00:00:00
f29a57242152dd7973de7bec76001aac,31fbe11f03bb18977db56fc23e275565,delivered,2017-12-05 13:04:21,2017-12-06 02:35:28,2017-12-08 16:29:18,2017-12-17 18:13:17,2017-12-21 00:00:00
7e4136a613d78bb0bcf91f3de71dc5cf,0d37f2be8271c870f6bceb81e37eb46c,delivered,2018-01-16 10:17:11,2018-01-16 10:29:53,2018-01-16 18:43:05,2018-01-27 14:03:12,2018-02-14 00:00:00
17eea1bb78f458449eacc5933303cbf8,97787489b46b57d73c90f43ecd498254,delivered,2017-08-29 07:27:25,2017-08-29 07:44:26,2017-08-29 16:48:02,2017-09-01 21:42:12,2017-09-18 00:00:00
19546679faff011a366725587c0d944d,9e94facb3975996f4922820fc31b96e0,delivered,2017-10-31 15:00:53,2017-11-02 02:15:37,2017-11-06 19:17:49,2017-11-14 17:41:43,2017-11-24 00:00:00
d9efb99c346e10af741a8c38b546ad80,77b06fa31fdd5fd00c701b7f01759986,delivered,2017-12-04 23:03:32,2017-12-05 10:30:43,2017-12-06 21:58:56,2017-12-11 18:42:06,2018-01-02 00:00:00
ff08fd76861967a9d7cf3b5443efb8d7,82f8501340d228f409a15bbb75b57edd,delivered,2018-01-04 12:13:07,2018-01-04 12:28:54,2018-01-05 17:52:42,2018-01-22 15:47:14,2018-02-05 00:00:00
990191561cdc07033c9508e128674f6b,84dd4d31a38b294e491fc3a62bf85dfe,delivered,2017-04-24 21:32:00,2017-04-24 21:45:12,2017-04-27 15:07:56,2017-05-10 09:49:55,2017-05-15 00:00:00
8a110d52eb3b463368987e55a3762fa2,183c36801d485972dce2562441fbaf1d,delivered,2018-02-15 11:04:27,2018-02-15 11:30:29,2018-02-16 19:22:43,2018-02-20 21:52:34,2018-03-12 00:00:00
665a5fdd34c24a956e9b6194e822d222,752f76ff8ec253dd68c8071b8dd06073,delivered,2017-11-21 23:34:05,2017-11-21 23:46:49,2017-11-27 18:57:15,2017-11-30 22:27:52,2017-12-18 00:00:00
9209e9a4ad05cf804c49922051fc44d9,e29582b5eb3bee86cc7d5b4f43b63a6a,delivered,2017-02-01 09:08:50,2017-02-02 02:55:16,2017-02-03 15:13:16,2017-02-15 12:47:52,2017-03-20 00:00:00
3ccbc3e759cb926efed7463e36ac6344,718e525f4d9027e2780857dc086ebb32,delivered,2017-10-03 18:25:57,2017-10-03 18:44:17,2017-10-05 15:02:42,2017-10-09 20:52:25,2017-10-27 00:00:00
a2a7169e4204a769d0c0f85581e7f139,809826f29570a931ea16432d3d55b167,delivered,2017-03-12 00:06:45,2017-03-12 00:06:45,2017-03-13 15:20:47,2017-03-17 09:53:34,2017-04-03 00:00:00
7ec6021176941588f1d92734b1b35cce,ea43222bd95135bcbbd7359921c793b1,delivered,2017-08-04 15:12:56,2017-08-04 15:30:19,2017-08-07 18:27:41,2017-08-15 16:55:39,2017-08-28 00:00:00
f6ed6898419c893a57cd88e7dbbdb2c7,0f16a3bf59027a68aaea6d31286e28b5,delivered,2018-02-27 18:31:39,2018-02-27 18:48:22,2018-02-28 20:12:45,2018-04-09 23:33:38,2018-03-20 00:00:00
e7fadac552b6b6afac7200cfd72f9b77,fac2c2eb0c7413a1173b3d2caced026a,delivered,2018-01-16 17:18:17,2018-01-17 17:15:41,2018-01-23 15:52:47,2018-01-29 19:07:50,2018-02-16 00:00:00
1fa1a852a56406283704f49720016285,39865f54242cf5fe00117ec8a775f98d,invoiced,2018-01-19 08:51:26,2018-01-19 09:19:23,,,2018-02-16 00:00:00
1a144214f8799bd9e27e84ab6d55fbbf,96f205a3bb3818698d8f49ecf41200ab,delivered,2017-12-04 09:52:39,2017-12-05 11:25:06,2017-12-06 15:54:56,2017-12-19 00:28:12,2017-12-27 00:00:00
c2ed06437a123b8c578ce63581930191,65897a02756a5919541baf6e683f7282,delivered,2017-03-18 16:32:13,2017-03-18 16:32:13,2017-03-23 16:34:25,2017-03-30 14:38:45,2017-04-26 00:00:00
1b3c6f127c67654015b4f2a7b882ec40,f4f32a1d492eb00e6139fdf985548136,delivered,2017-12-01 13:08:09,2017-12-01 13:18:40,2017-12-05 14:27:57,2017-12-14 20:33:16,2018-01-10 00:00:00
d7520dd6301787392e59dddbbc68ea22,7595e4347e556e9e047cd6aef77ba4f1,delivered,2017-05-14 19:18:11,2017-05-15 19:25:18,2017-05-18 13:12:57,2017-05-22 09:05:03,2017-05-24 00:00:00
d8d0471bb378cd618edd30efbc110325,608be3b5a7f9463f5392ef063cea96d5,delivered,2017-05-31 17:52:56,2017-05-31 18:05:16,2017-06-01 09:08:06,2017-06-14 15:15:03,2017-06-27 00:00:00
56fd7f1e63ea8177e02f64f5077ee7f3,b56ae5e64e7fe3540d496019baaa61b5,canceled,2017-02-12 13:41:41,2017-02-12 13:50:20,,,2017-03-21 00:00:00
36bc3158d94ee7eb9405f0ac77259d07,b7145cf1615e2b7375e9d77b0406d83d,delivered,2017-09-25 19:44:56,2017-09-25 20:04:26,2017-09-26 15:52:34,2017-09-29 20:07:25,2017-10-17 00:00:00
110e1980401cf18f27590b4023ff5e32,f0966e2b4cd732ffffaf17f1870e72c5,delivered,2018-05-31 17:48:06,2018-05-31 18:12:51,2018-06-01 14:40:00,2018-06-04 23:29:29,2018-06-26 00:00:00
cbf012d904aadfcf846e4e8d16192616,5ce05fc6c5e79f875d4f301472cbb27d,delivered,2018-03-22 00:38:10,2018-03-22 00:50:32,2018-03-22 19:22:19,2018-03-26 15:14:40,2018-04-04 00:00:00
a87aac8d24e87df91bb8d9357e98d1ea,f72194bdece05bf12c2f2e58ab672613,delivered,2018-04-17 08:33:54,2018-04-17 08:51:54,2018-04-17 17:34:31,2018-04-26 17:17:30,2018-05-15 00:00:00
84cec4f65c7a4f2f54c294a30224a594,61a1d82e44d450a06016bb941595446d,delivered,2017-06-14 20:25:41,2017-06-15 07:15:11,2017-06-16 13:33:10,2017-06-22 14:34:29,2017-07-07 00:00:00
a019866aa872221f740c30ecd607c231,63470440d292368c0428a4f7ee7c5c86,delivered,2017-02-02 12:25:09,2017-02-02 13:01:12,2017-02-02 15:02:47,2017-02-14 06:09:13,2017-03-13 00:00:00
a0190a8aa681fe129b9a9ae80dfd9266,79e2f6247cc5228c7deee6c5f8987669,delivered,2018-07-01 12:01:07,2018-07-01 12:10:14,2018-07-03 11:58:00,2018-07-05 15:44:29,2018-08-01 00:00:00
3ca220335d57d2c3accc9bb4816d7035,e9e093a7e4b653393bf9baa6ba895fe6,delivered,2018-03-28 20:35:54,2018-03-28 20:50:15,2018-04-09 23:23:23,2018-05-08 15:03:34,2018-04-20 00:00:00
dafe7fe42ee9fb39d4c5f957e0799cf4,4ab32b3b9044333d1466d21fc1a59bae,delivered,2018-06-27 22:20:05,2018-06-28 01:11:20,2018-06-28 11:10:00,2018-07-03 19:25:46,2018-07-19 00:00:00
5df11955c9e776e57bf66071651f6db7,28f6ea6858cfdf1b45f4a3623a6955e6,delivered,2017-04-06 10:54:02,2017-04-06 11:05:18,2017-04-06 15:43:05,2017-04-07 16:43:28,2017-04-27 00:00:00
b71120118f93a1ef696fa9e4a34597ff,21831cb9e2b64bf73f5565088b8830d1,delivered,2017-12-12 10:21:15,2017-12-13 02:49:47,2017-12-13 17:35:07,2018-01-05 00:10:35,2018-01-09 00:00:00
94a71ff8bd4a687bc057ea5d81c81dc9,dcbf701e4ac18e01395ca9e6267e642d,delivered,2017-05-06 16:30:06,2017-05-07 16:35:11,2017-05-08 15:39:33,2017-05-24 14:39:46,2017-06-06 00:00:00
d2d9a9f4efeff626820a90df02843879,8f2aed946aae77ffd67af9498559c988,delivered,2017-06-29 10:53:53,2017-06-29 11:05:21,2017-07-03 15:16:48,2017-07-12 19:26:44,2017-07-21 00:00:00
bc4c53b286be3b64ee817827e1999f1c,953b4d3b6f785d9148b934d68125a74f,delivered,2018-01-30 11:11:07,2018-01-30 11:34:50,2018-01-31 00:08:54,2018-02-21 18:53:22,2018-02-23 00:00:00
70a44842363a251713d68fea7129e4f0,e0e4c9ec75a3c67e5199f1e7d26aee38,delivered,2018-03-02 22:23:47,2018-03-02 22:35:26,2018-03-05 17:32:30,2018-03-13 21:11:12,2018-04-13 00:00:00
4f6daad34df49e10c8072b33faafcb2a,73eb345e2b03af4125d07ca4a250d06a,delivered,2018-01-01 02:48:41,2018-01-01 02:58:25,2018-01-05 18:36:58,2018-01-30 18:43:20,2018-02-05 00:00:00
e38ed8e03fde2a21027ba6a431e9808c,d5c08d6e9c2263955bde6c3178e46123,delivered,2017-12-22 09:41:26,2017-12-22 09:50:26,2017-12-22 20:04:55,2018-01-08 20:57:33,2018-01-23 00:00:00
f95bc347226e75c87d4c329d25f64970,ac4799a8aa8f7ec9213b489cf941cc2a,delivered,2018-02-05 22:43:46,2018-02-05 22:55:31,2018-02-19 14:06:29,2018-02-20 23:38:11,2018-03-12 00:00:00
826456a3605c466dec176f032fa660a9,1ed4be846471fc0c529d51f2f8274c0a,delivered,2017-09-04 13:07:41,2017-09-04 13:24:04,2017-09-05 20:13:04,2017-09-12 22:37:29,2017-09-25 00:00:00
e89758a5808e87c5f5b88b1020ff193b,478a458191801f508d150b40e8dfa5cb,delivered,2017-11-17 15:28:17,2017-11-17 15:47:44,2017-11-21 16:11:32,2017-11-27 18:47:58,2017-12-14 00:00:00
54b4da510fed5dc3cf3e7a8e50a5f224,9361bfedd3cac453b63251a79df9928a,delivered,2018-03-05 22:57:31,2018-03-05 23:09:26,2018-03-07 17:55:06,2018-03-09 19:41:40,2018-03-15 00:00:00
c8536491e6701f9b5382da168ee54048,e683dddabd8f5c3ad3708a3364e932f8,delivered,2018-08-19 22:37:42,2018-08-20 13:35:22,2018-08-20 13:50:00,2018-08-23 21:48:23,2018-09-17 00:00:00
e56df93227f8b483792fc4571550b4a8,ebd361665302261db67718c2a32bcff2,delivered,2017-03-01 15:27:52,2017-03-01 15:42:05,2017-03-02 12:58:14,2017-03-08 00:53:55,2017-03-24 00:00:00
43a0b611abb9eb69cf8acffad7392e7f,bb454ca97519a6764071a5af75ee8521,delivered,2017-10-07 10:45:02,2017-10-10 04:14:48,2017-10-11 20:46:55,2017-10-19 21:28:24,2017-11-09 00:00:00
67eb4ef90121427f1b21fabc4a4ae8ca,6df7b2d4e503b490aeecdf45e5610003,delivered,2018-04-03 22:00:18,2018-04-03 22:10:43,2018-04-04 19:47:56,2018-04-09 17:48:35,2018-04-27 00:00:00
2dfa14496bfd2a02b3ab479a58171bc6,4ffa18f06f372757ff064031b407d0ca,delivered,2018-06-12 22:14:49,2018-06-12 23:41:13,2018-06-13 13:00:00,2018-07-02 11:14:32,2018-07-17 00:00:00
0032d07457ae9c806c79368d7d9ce96b,d356c20816dc75a309628b5c17d89468,delivered,2018-03-10 18:53:06,2018-03-10 19:48:19,2018-03-13 17:16:42,2018-04-29 21:08:59,2018-04-17 00:00:00
63329524e69a10126480e493708b178c,97b60a1d97a8a2d27b856ad07ea71bc3,delivered,2018-05-03 17:26:34,2018-05-03 17:54:10,2018-05-04 12:36:00,2018-05-11 12:11:17,2018-05-28 00:00:00
a2c173a8905b6e8f3c6ea83b7d9c6b91,b53516dcc095543fbf3263e6d9a62cba,delivered,2017-07-31 07:19:22,2017-07-31 07:30:19,2017-08-01 15:32:56,2017-08-23 18:08:00,2017-08-30 00:00:00
0d69c10d22ba2087acfc11cfd4395669,b25b37af35d195a00cd6fb159c9ab976,delivered,2017-11-28 16:38:23,2017-11-28 16:58:24,2017-11-29 18:58:47,2017-12-11 20:27:47,2017-12-18 00:00:00
a3897184827e7280957d9201ebb90da0,ba94161da871323e204ddb6a0e073665,delivered,2018-01-12 07:35:19,2018-01-15 07:16:32,2018-01-18 00:22:39,2018-01-20 16:03:45,2018-02-05 00:00:00
8b9840b50763d9af1b8c41096723c944,03c472348f11407bc8dfc408e502d099,delivered,2018-03-08 18:28:58,2018-03-09 02:31:16,2018-03-09 17:12:15,2018-03-13 14:10:42,2018-03-26 00:00:00
c5363cd801aaf46ea50c911244e7a655,8704bb1cb3065ad1c861067a59a523f6,delivered,2018-02-05 13:47:55,2018-02-06 04:32:15,2018-02-07 20:52:55,2018-02-21 01:42:13,2018-03-05 00:00:00
8fba54838faa399ed5297cd61bca636c,89639b2f91a92639d907b9127c6023c7,delivered,2018-03-30 07:19:16,2018-03-30 08:07:32,2018-04-02 23:32:12,2018-04-16 17:21:38,2018-04-30 00:00:00
225f34a7e6f830686955292528e3dbdb,7b56aec44721c4319debedea7ab7054e,delivered,2017-10-23 20:31:45,2017-10-23 20:49:13,2017-10-25 18:15:14,2017-11-07 01:09:03,2017-11-24 00:00:00
668806d98daef95d0b00c461c8c4afc3,45d711af86c5e3676f29317484cf200f,delivered,2017-04-05 08:04:44,2017-04-05 08:15:14,2017-04-11 13:53:39,2017-04-19 11:59:57,2017-04-26 00:00:00
d6b2b9dc8bf43a16cb94c37a1ba3a9a6,b49a69f03177262085b365effec177a9,delivered,2017-09-15 19:24:57,2017-09-19 04:03:39,2017-09-19 16:39:50,2017-10-03 21:14:24,2017-11-08 00:00:00
c3d5f2db50cfc2b9526cff19df97ee48,57c3723a1b21222d0a785abd4146a06c,delivered,2018-01-29 09:30:09,2018-01-29 09:37:22,2018-02-01 11:58:22,2018-02-20 15:32:47,2018-02-23 00:00:00
2f7278fadfba016a650a093b49cee1a4,1ab39a172f5920e0fcd5286d9cfc90ea,delivered,2018-08-07 08:43:58,2018-08-07 09:04:52,2018-08-08 09:16:00,2018-08-11 10:47:25,2018-08-15 00:00:00
7e3edae700f739b8c77e2d1386148b8b,be86fa74e11a379921b351e57ea71f13,delivered,2017-12-03 22:07:44,2017-12-03 23:15:45,2017-12-08 18:19:09,2017-12-26 19:30:03,2017-12-28 00:00:00
76361b050296df7e327ae497ed570427,573b8654cb5e34f524e337bc94ce387c,invoiced,2018-05-21 15:39:08,2018-05-22 16:57:54,,,2018-06-07 00:00:00
7a44fb632a6b31230876daf264061442,6984d553bdba003e79e931721532a9af,delivered,2017-03-09 22:42:12,2017-03-09 22:42:12,2017-03-14 09:27:50,2017-03-16 10:05:47,2017-03-30 00:00:00
ef57c0c31600c0a1c7366ff29a71896a,11543382154fb169d777c611e577fb8d,delivered,2017-11-20 11:44:55,2017-11-20 11:56:32,2017-11-20 19:18:31,2017-11-29 00:31:53,2017-12-08 00:00:00
49750d9578cdcf35d9c002434ecab639,6885b48deaa9eb87fc9bed8f40f9e70b,delivered,2018-01-14 20:54:13,2018-01-15 20:50:39,2018-01-19 18:48:47,2018-02-01 11:22:42,2018-02-09 00:00:00
1ce39c59919c8b2e788a6e5e3ce6e418,f1750f5373f1b070b0bbc8c695aae130,delivered,2017-10-16 11:39:20,2017-10-16 12:33:56,2017-10-19 19:41:49,2017-10-30 21:08:47,2017-11-06 00:00:00
876b3ca0fca7f369345f61f3f526a5c4,c9465587fb93f63f3681f9fc89ae37f8,delivered,2018-02-01 12:12:38,2018-02-02 02:54:30,2018-02-02 18:13:10,2018-02-06 23:23:50,2018-02-26 00:00:00
426cb887d39c423e83e61bcc40e6c973,7fc0cc086e904eb7c92ae9d7e04c4bf2,delivered,2018-05-02 22:06:43,2018-05-02 22:34:58,2018-05-04 15:01:00,2018-05-11 19:46:38,2018-06-11 00:00:00
74a2402aa92d4f9c9685c890e61fd606,5f4789ce7433bf591dfa88c492246561,delivered,2017-08-27 16:15:32,2017-08-27 16:25:20,2017-08-31 17:35:17,2017-09-06 20:24:50,2017-09-19 00:00:00
8ef55bb7e5a6e757fb880324b4dc284c,6c39ef98910795402cb3b375983b147d,delivered,2017-09-07 17:15:40,2017-09-07 17:30:19,2017-09-08 19:49:55,2017-09-13 16:12:50,2017-09-26 00:00:00
7cf0a0e1a5215dd653bcba7bece011d2,4060eaff420701b5f99515c846e2dd78,delivered,2018-02-20 19:03:21,2018-02-20 19:15:25,2018-02-21 20:12:09,2018-03-19 20:32:32,2018-03-19 00:00:00
70009c6d985dfa16754461cff33c10dc,3bd73d184f96fc1f26896de888b43819,delivered,2017-08-11 22:31:37,2017-08-12 22:44:12,2017-08-14 20:53:49,2017-08-16 13:22:27,2017-08-24 00:00:00
fcaa22948cf53b9b3ff7de0c67b6391c,bdac7cb780e6f6c2be2b42c24c03f04f,delivered,2018-02-08 19:39:39,2018-02-08 19:55:28,2018-02-10 00:26:22,2018-02-16 14:33:01,2018-03-02 00:00:00
10a00d04ca3504e6a7804ccc87050e81,d82f810496bab97772be6026de6dc7ed,delivered,2018-06-30 16:02:53,2018-07-02 10:50:11,2018-07-03 11:10:00,2018-07-11 22:55:39,2018-07-23 00:00:00
99e953d50d17e4e1d68a655b1b3f1527,626a9e895a68ad17f534d628dc2b9de1,delivered,2017-10-25 17:17:29,2017-10-25 17:35:17,2017-10-27 17:48:08,2017-10-31 19:33:56,2017-11-07 00:00:00
6e9b4255caf63ea821955da352e67498,c3a6f3ec348ee1b3107cdc316a3edf57,delivered,2017-04-08 14:07:26,2017-04-08 14:15:19,2017-04-11 09:06:11,2017-05-02 13:50:52,2017-05-16 00:00:00
e1deab080b7d765ab23ffbbeaf062466,ae276b606353e67f123bd975c556599b,delivered,2017-08-12 20:33:46,2017-08-12 20:50:14,2017-08-15 12:21:14,2017-09-04 19:27:37,2017-09-05 00:00:00
88f9a494012e4b7e7ddbfe1bf56cf41c,7e4ac2b8cd4c3de8d85b2fc3367873bd,delivered,2018-07-05 18:48:17,2018-07-06 02:51:16,2018-07-07 09:17:00,2018-07-12 21:28:55,2018-07-24 00:00:00
1e3445e33595212e158a97614da809ae,69af979c9ab523d12442dae4b6a18ec9,delivered,2018-02-13 19:14:16,2018-02-13 19:27:19,2018-02-19 23:23:07,2018-02-27 01:28:56,2018-03-13 00:00:00
28249398ab902fae0b07378e03da3729,e6cacbdfa154a7af5a5fa3363ca2209a,delivered,2017-11-24 23:52:51,2017-11-25 02:53:02,2017-11-29 13:26:46,2017-12-06 21:22:23,2017-12-22 00:00:00
3ff7c1060eb0e7df8516ff9025461875,7f8faf5d573a53452104ee839d57e671,delivered,2017-11-08 18:18:31,2017-11-09 22:35:28,2017-11-14 20:14:05,2017-11-24 15:48:41,2017-12-06 00:00:00
343d749914bab05f8c752813a075ef36,8e5368dd904948fc2fddb6b8b3178175,delivered,2017-01-31 21:39:15,2017-01-31 21:50:16,2017-02-03 14:08:06,2017-02-08 14:14:43,2017-03-09 00:00:00
67adba02e0955286954975ea56f9d17f,aaf6d77cd0756a4e878472c3efc65308,delivered,2016-10-09 22:38:35,2016-10-10 11:02:06,2016-10-25 11:41:49,2016-10-27 17:32:07,2016-12-02 00:00:00
9bb921bc5d1c9767f034a13f923532c6,11d9c2656edc3357a9b19b9b0ebc34ce,delivered,2017-03-20 19:28:04,2017-03-20 19:28:04,2017-03-22 08:24:23,2017-03-23 16:12:58,2017-04-06 00:00:00
e7272304b5bd2b98cd2129f2f6ab06bd,1517d6ef399f14a2d65c726f8ee632c4,delivered,2017-10-17 21:58:21,2017-10-17 22:07:27,2017-10-19 00:24:55,2017-10-20 14:56:54,2017-11-03 00:00:00
10d1d66028e74a9c0bc158b20c9e0e3f,e429e9c1813eefe513506a72930c991a,delivered,2018-05-15 11:21:33,2018-05-15 11:35:24,2018-05-16 15:35:00,2018-05-17 21:44:34,2018-05-23 00:00:00
9941d06b921ac8e77cfbbf8f1f283ae7,7bc51baf1a18e762ec76f266a818ecd9,delivered,2017-03-29 13:03:55,2017-03-29 13:15:17,2017-03-30 16:05:50,2017-04-04 12:45:21,2017-04-18 00:00:00
8994132130033d9e2bdc70f74f3d4819,05474305972cbf64f9b4f6bb02447a1f,delivered,2017-11-05 12:51:46,2017-11-07 07:30:36,2017-11-14 22:28:33,2017-12-23 01:26:51,2017-12-05 00:00:00
79353d5fe23a396de9e603e2cc6d4f20,a16eed7eaddb6cf559c6b32df27dd40f,shipped,2018-01-09 11:03:53,2018-01-09 11:14:36,2018-01-15 20:39:09,,2018-02-07 00:00:00
456cbabc88163cbe54a149c9d51e55d3,54b8ae0fe680461a352482374a55671c,delivered,2018-02-28 14:59:33,2018-02-28 15:15:30,2018-03-02 21:23:18,2018-04-05 23:48:43,2018-03-20 00:00:00
697c9a80085fcb5f4532d540fbf73e43,cb59d93b07becb11982cd25188999fe6,delivered,2018-04-14 10:26:49,2018-04-14 10:50:39,2018-04-18 00:12:43,2018-04-25 16:36:50,2018-05-09 00:00:00
3a8fa2133fb96a04512604d9c32dc7c3,42be08802b14ff1e10bc5bec7f1beae9,delivered,2017-02-09 14:29:29,2017-02-09 14:43:13,2017-02-14 12:07:25,2017-02-22 13:46:33,2017-03-14 00:00:00
f54cbc3f957ff9982ed80d289647f592,212852a431b37b3e7eb5e0ec44f024e9,delivered,2018-03-16 11:28:23,2018-03-16 11:49:12,2018-03-17 01:25:27,2018-04-28 14:42:27,2018-04-18 00:00:00
d8e436a94b1158d6fff244c9ae75fccb,bfab5a9ad7cb90be9265fafcd4ef39e8,delivered,2018-06-30 23:05:48,2018-07-05 16:17:41,2018-07-03 16:21:00,2018-07-09 18:38:39,2018-07-27 00:00:00
0fc0482d016611a60b65ca297e61fb1f,79229963a48b041b08e8ca01c9631817,delivered,2018-05-02 10:44:23,2018-05-02 11:13:45,2018-05-08 09:55:00,2018-06-05 17:28:22,2018-05-22 00:00:00
a1702545bdfba19345c69fa098b15020,cf5562892befb57faf282d09b61f6f9a,delivered,2018-04-19 10:18:33,2018-04-24 17:43:33,2018-04-23 18:51:59,2018-05-03 11:18:37,2018-05-17 00:00:00
fbd1e7f5602af3775c0eff2c79f5df26,eb9a0aa7dba5cb2cbd7e02be8792d5a6,delivered,2017-11-13 16:21:03,2017-11-15 02:55:41,2017-11-16 23:04:49,2017-11-17 15:56:50,2017-11-27 00:00:00
7ab9c107206e507460e083e2f1400b74,a08dae96cb25ceb1f4572efd130ff4e2,delivered,2017-09-22 18:58:41,2017-09-23 19:05:40,2017-09-25 17:36:55,2017-10-02 15:39:01,2017-10-19 00:00:00
87e5688122b4c8765d4abc62af2c9ade,1feda5ccbed13bbe5d5d744f54df8b83,delivered,2017-11-14 21:15:55,2017-11-17 04:06:27,2017-11-18 15:48:28,2017-11-27 20:21:37,2017-12-07 00:00:00
88ac33fac1d5d735fecc0f5fca69b0b0,081d97688ce99393dda013bdd97d15de,delivered,2017-11-24 17:22:24,2017-11-25 03:52:00,2017-11-29 15:03:51,2017-12-06 14:52:28,2017-12-14 00:00:00
e98ba943e04c65162bf2baae4db5d171,2f2c5e82aafa1f1a3fe3f7660a97fc60,delivered,2018-05-15 12:27:08,2018-05-15 12:54:28,2018-05-16 09:09:00,2018-05-22 20:08:31,2018-07-11 00:00:00
a57d4debabea8a2d143b3d78e224d774,915a55b0a3ded24f1d8ba3c38018cbc7,delivered,2018-06-16 15:46:41,2018-06-16 16:18:21,2018-06-25 13:48:00,2018-06-26 11:21:15,2018-07-13 00:00:00
296de8739429e4b169c52441fd333bf9,2e32ca7e2acc6a7eb2dd31c28016b93f,delivered,2017-12-25 20:09:51,2017-12-25 20:18:28,2017-12-26 18:12:50,2018-02-08 23:22:37,2018-01-29 00:00:00
3b697a20d9e427646d92567910af6d57,355077684019f7f60a031656bd7262b8,delivered,2016-10-03 09:44:50,2016-10-06 15:50:54,2016-10-23 14:02:13,2016-10-26 14:02:13,2016-10-27 00:00:00
9ae8993f1d41f39505759f4683e0d2ad,04bb960a2876e66f7874886ca00ebb88,delivered,2018-02-11 15:06:24,2018-02-11 15:27:25,2018-02-16 21:04:08,2018-02-27 00:16:31,2018-03-05 00:00:00
725e447394783623c41b52e74e2c691e,7610dd9d20cf37abcebc22b96eb8f382,delivered,2017-02-25 11:33:06,2017-03-02 04:02:11,2017-03-03 14:00:09,2017-03-10 16:38:03,2017-03-20 00:00:00
a748925874331f44c16af90066858c9e,d09e527def89057b552584d04e213b96,delivered,2018-04-19 11:28:49,2018-04-19 11:49:32,2018-04-20 23:05:30,2018-05-04 21:11:45,2018-05-23 00:00:00
137ee4a7c28123eb6bfdfb1a93b61156,595654d4ff277b31070acfb68333f10d,delivered,2017-07-18 09:36:06,2017-07-18 09:50:13,2017-07-26 10:37:56,2017-08-07 18:53:41,2017-08-09 00:00:00
5610a4bcd7718bcf354c5d0ac3575d2e,e4f17957b71e801d3141759fb0098eb4,delivered,2018-01-04 08:16:50,2018-01-06 02:08:02,2018-01-12 11:59:23,2018-01-25 18:32:21,2018-02-14 00:00:00
51f06300798e14c37af5f5ea107db194,fae404931d0ce02b3ba34f98c86e3b92,delivered,2018-03-03 11:29:23,2018-03-03 11:49:18,2018-03-27 14:29:39,2018-04-03 00:18:47,2018-03-27 00:00:00
6caac7177852a39300388dfbb599a5dc,804456856b385e3dee4c1916b64d55ab,delivered,2018-01-13 19:12:27,2018-01-13 19:29:44,2018-01-17 15:58:50,2018-01-22 23:12:59,2018-02-05 00:00:00
8a01f46a3c2541b03ba737f3c83a7bd1,06401c6722a944337475e6baed34e4ec,delivered,2018-03-16 10:14:31,2018-03-17 10:09:01,2018-03-28 19:12:29,2018-04-10 15:28:41,2018-04-25 00:00:00
fd05ef579e1c9eac0e68b75b7c7ec5b1,301b49db90eb8a4ace00ca763abe1aa8,delivered,2017-09-14 11:40:08,2017-09-15 11:45:08,2017-09-18 21:12:41,2017-10-04 17:53:49,2017-10-03 00:00:00
f2f05e9d559c20ae65f13bbb6d499b7d,98c0a8f01f7887283543588e7129e6ee,delivered,2018-05-02 08:51:42,2018-05-02 09:14:59,2018-05-07 07:31:00,2018-05-18 19:11:18,2018-06-06 00:00:00
e09138cfa9999701ae2e856b3a5eea54,2a061f412d40c0707dbfe200f491693f,delivered,2018-02-24 17:32:13,2018-02-24 17:50:23,2018-02-26 20:59:43,2018-03-08 20:03:28,2018-03-19 00:00:00
200f4d883fcc701355e46b8c6035743f,8c4bcd3c3737198f62421c18e0348554,delivered,2017-01-15 23:25:23,2017-01-17 03:22:00,2017-01-20 11:05:59,2017-01-27 10:32:30,2017-03-13 00:00:00
12aab7cb25bc6ae86c66cb3e7dc35a76,d2e258817e38dd6847a2dead3bbafc05,delivered,2017-12-22 17:11:24,2017-12-22 17:31:56,2017-12-26 14:12:49,2018-01-03 11:16:06,2018-01-23 00:00:00
45a46954c20efacf8126f86e45a91e62,698c7332ab0bda9be8a192b9c1cf834d,delivered,2018-05-31 18:08:42,2018-05-31 18:30:48,2018-06-05 14:39:00,2018-06-21 17:46:31,2018-07-17 00:00:00
8e337e3b4df76fa95a5e03ba9675cb56,174ba94e0f87a7589153a6222062dd21,delivered,2017-05-12 22:26:54,2017-05-12 22:35:14,2017-05-16 16:02:19,2017-05-22 08:52:19,2017-05-31 00:00:00
77a4cc7b685fb19e55b78931185be0eb,35a3f6f5b9151af0f60414133820ac23,delivered,2018-07-13 12:27:52,2018-07-13 12:43:54,2018-07-24 14:13:00,2018-07-27 17:59:36,2018-08-20 00:00:00
12126a7699ca7a88dd86dd3f52bc8baa,47bc31402bfc32ea5b1ad9390d88c676,delivered,2017-05-01 12:38:57,2017-05-02 13:10:22,2017-05-03 16:57:57,2017-06-01 16:34:33,2017-06-06 00:00:00
c5b29432f1377aa97a3b0cbf9f62f960,da40ada73d08b254639ddc4939223921,delivered,2018-03-10 11:34:35,2018-03-10 11:48:28,2018-03-12 17:06:52,2018-03-15 20:15:46,2018-03-22 00:00:00
7a25a77da8e700b5a2e22d19e0bf7696,8e3b1e818d6a515b76ab1d9aaac8d195,delivered,2018-03-20 15:31:04,2018-03-21 15:30:56,2018-03-27 01:18:33,2018-03-29 21:21:37,2018-04-06 00:00:00
cd2a97948b841f4702799b800b8e5b29,5f33e81a2d06645914734b1be2e05e73,delivered,2018-04-19 15:00:32,2018-04-24 18:02:40,2018-04-23 20:18:38,2018-04-28 13:35:51,2018-05-10 00:00:00
740ca5d56791bd56068210f715589b51,0c0c378a0c0fbd00be4ea9cae4dd36ad,delivered,2018-08-07 20:45:25,2018-08-08 20:44:49,2018-08-09 13:28:00,2018-08-13 18:06:38,2018-08-22 00:00:00
4e3c983f32057e27037663715a3fde5f,4680c83dbd163933eee4cec77ca0f54d,delivered,2017-09-21 16:31:52,2017-09-23 02:26:33,2017-09-25 21:42:53,2017-10-06 21:34:34,2017-10-27 00:00:00
53f99b0d377050f1f30d8945a476f84f,aba0af39469a65c70c21d6adc0bd9b8b,delivered,2017-12-23 08:33:12,2017-12-23 08:48:19,2017-12-26 16:27:31,2018-01-04 22:27:10,2018-01-30 00:00:00
8738ef1cef38345a46ef71f6f2db365d,7ff776dab22611690f4c2f5e8d84797a,delivered,2018-04-25 15:13:33,2018-04-25 15:30:16,2018-04-26 13:21:00,2018-04-27 19:28:33,2018-05-08 00:00:00
dc0cc4284fe3bb5174538944222c2a88,9bb96a6ebe14411facafc8af15f47c4d,delivered,2018-03-20 17:54:20,2018-03-20 18:08:42,2018-03-21 19:15:39,2018-03-26 16:38:32,2018-04-10 00:00:00
0b1225af9b8d9ead4bac8d07f4da8130,77bdefa289f03aa2549e5546923cc5b2,delivered,2018-06-24 02:18:59,2018-06-24 03:08:55,2018-06-25 08:13:00,2018-06-28 15:04:46,2018-07-17 00:00:00
fc66d84250e23153ad4d3424f01388d6,a7c0873f1c1df80721fd9598ec7a0619,delivered,2018-02-17 19:29:53,2018-02-17 19:46:31,2018-02-19 20:33:17,2018-02-27 23:13:20,2018-03-16 00:00:00
60909efabca5a577fae65a3d3163df22,9b73b216865f11a4a7451efcc70357cf,delivered,2018-03-28 09:09:48,2018-03-28 09:27:46,2018-03-28 23:51:32,2018-04-11 20:46:25,2018-04-19 00:00:00
aa7c822797dc5690dd629ea428f25822,f25555f7b970a81e53f0f4bbf80b89b0,delivered,2017-07-30 15:56:37,2017-07-31 13:30:27,2017-08-02 22:59:46,2017-08-09 20:48:39,2017-08-30 00:00:00
2f5e702c70321e3f1aea2611b6e240a2,31ae7aacd8da230d18d6f1b8a84326d2,delivered,2018-01-30 20:01:01,2018-02-01 03:12:31,2018-02-01 21:48:39,2018-02-07 16:39:55,2018-03-02 00:00:00
2346e1104a4b18a23e6dc6a87c2d1b8c,00072d033fe2e59061ae5c3aff1a2be5,delivered,2017-09-01 09:24:39,2017-09-02 02:50:58,2017-09-05 13:16:55,2017-09-14 18:33:48,2017-09-27 00:00:00
7ba54c67fabcf8bc22e2023e8d81dd84,3facb23e1ea128b605bc112b42adc208,delivered,2018-07-19 13:41:59,2018-07-19 13:55:16,2018-07-20 15:11:00,2018-07-26 20:02:39,2018-08-10 00:00:00
773fd1a45866c4100d7cc2b770f08901,ac7f735837638e8f4653c0e32ffdc08b,delivered,2017-06-30 20:54:21,2017-06-30 21:10:15,2017-07-03 11:36:32,2017-07-06 08:13:28,2017-07-20 00:00:00
5fbdc41b2cd901fb228c5acfe8e4ba2b,92c1aa15291e40fbefd49fde5bc6650b,delivered,2018-05-09 10:43:06,2018-05-09 10:55:18,2018-05-10 15:18:00,2018-05-14 19:02:56,2018-05-24 00:00:00
d09205fda6316768bc333ce58744bba0,ac9f9adc2803c61e9fa4c360da04fd61,delivered,2018-04-25 17:13:58,2018-04-25 17:52:40,2018-04-27 12:02:00,2018-05-08 18:21:58,2018-05-17 00:00:00
3ea1e7f7f7d0b7a56b20aaa1baebc19e,6221f7fda63d6e4bc39b982f8f8e225d,delivered,2017-12-10 15:29:09,2017-12-10 15:39:23,2017-12-13 00:22:37,2017-12-18 16:27:24,2018-01-08 00:00:00
8dcb7601ceb0b144a5fdd0055b91ba28,6b9eb9660bed562d1c735d3fba0cfd60,delivered,2017-06-19 17:11:51,2017-06-19 17:25:18,2017-07-19 16:13:25,2017-08-03 21:03:17,2017-07-20 00:00:00
6fb8f79677df0623bc0a613ccea59105,1c58ec030a9b8f96917dfc55118fd2ff,delivered,2017-12-20 13:02:54,2017-12-20 13:13:51,2017-12-26 19:18:57,2018-01-03 15:39:19,2018-01-18 00:00:00
63003bf6e2058e236f3f9ebb2872b234,632048d959676b7f64ba2363ae4a0457,delivered,2017-10-23 11:41:04,2017-10-23 11:56:21,2017-10-24 17:38:41,2017-10-25 19:37:44,2017-11-03 00:00:00
9c03496a411754169e1433dc70a583f0,ba2670f501b017aef92d953a58982d10,delivered,2018-08-11 16:48:10,2018-08-11 17:04:55,2018-08-14 15:59:00,2018-08-21 22:29:35,2018-08-30 00:00:00
d4350fef900141deed3754217c3c868e,4efb3ccc8dafb9ceda8f8c29d4ec3e30,delivered,2017-06-04 18:54:19,2017-06-04 19:05:16,2017-06-06 11:03:56,2017-06-23 11:51:40,2017-06-28 00:00:00
7d0bb97fefe21572745b2bbaa3b4ce76,025a13782125f9ee98dd321dc97e23ee,delivered,2018-08-07 22:47:05,2018-08-07 22:55:26,2018-08-08 16:02:00,2018-08-10 21:03:31,2018-08-14 00:00:00
e2562a436f07f681c4074d4337918677,f9b63cae30a80c6d141f817564ca31ff,delivered,2018-07-01 23:51:44,2018-07-02 00:09:49,2018-07-03 07:20:00,2018-07-04 00:54:46,2018-07-16 00:00:00
23a801ab5586a70d6f7a4cd5885d3060,5f223cd9355d11f00a236ea407ac6dac,delivered,2018-02-15 21:03:05,2018-02-15 21:15:26,2018-02-16 19:39:13,2018-02-28 14:52:45,2018-03-12 00:00:00
827e39f2fbd0101d81c2168ab6699f7c,1f26384d40990fe4d5741956ccbbd1ce,delivered,2018-05-23 14:46:11,2018-05-23 14:55:20,2018-05-24 10:39:00,2018-06-06 17:52:21,2018-06-14 00:00:00
b29d61bcf113aa0a5b802984d6e5f45a,9c346cd8dc9e8c07e09c848b1f3a185f,delivered,2017-04-01 18:01:02,2017-04-01 18:10:19,2017-04-03 13:55:17,2017-04-05 12:03:36,2017-04-25 00:00:00
bac4595733cd0e89158cb02bebbf6352,ae2637018dbd6fb499db07816dcce0b8,delivered,2018-04-01 21:42:34,2018-04-01 22:27:34,2018-04-03 16:42:33,2018-04-18 18:02:53,2018-04-20 00:00:00
ae1126b6891f58552443772c80b1f562,248433066498b1269bf92c09d6053c34,delivered,2018-08-14 15:35:09,2018-08-14 15:45:13,2018-08-16 13:12:00,2018-08-23 22:58:44,2018-08-22 00:00:00
49a4ac17405a0e93eacd89de7e081904,f2ae3d9d66ccbf0adba94db444dc7a00,delivered,2017-12-01 14:19:12,2017-12-01 14:39:01,2017-12-04 18:13:38,2017-12-27 18:42:26,2017-12-26 00:00:00
6404149e0477593196115459e16243a4,90ca01da75922b7ab42c97d1726c0d46,delivered,2018-04-15 12:16:49,2018-04-15 12:30:47,2018-04-17 18:22:18,2018-04-27 18:38:27,2018-05-11 00:00:00
72cc0a443bf89c678e49da943247e890,a8511ff4c9af6993a47f196677453cee,delivered,2018-03-26 18:18:42,2018-03-28 02:47:32,2018-03-28 21:04:42,2018-04-04 17:52:31,2018-04-24 00:00:00
4cdeeb4be90a4bde94dc058f50a4d8c2,868fae7c2907bb21e97dc003ab746c71,delivered,2017-04-23 16:01:16,2017-04-23 16:10:20,2017-04-26 19:24:39,2017-05-08 12:32:45,2017-05-15 00:00:00
d8921ec6a676e398ec918a0cc755af21,75334baec934e40f1e5c880473a48680,delivered,2017-10-24 10:41:41,2017-10-24 10:56:15,2017-10-24 21:36:07,2017-10-31 23:22:42,2017-11-16 00:00:00
27cd425460b501230b37206f151711a6,0fa8935c3781f2a89ea2db7dee3aaadb,delivered,2017-09-21 18:57:47,2017-09-21 19:05:42,2017-09-22 13:26:54,2017-10-04 01:28:15,2017-10-16 00:00:00
d0c92aeaa21db1cecf13d791017fe2b2,7e3d457378ea5b6fb4556e26c783d7ee,delivered,2018-04-18 19:19:02,2018-04-20 07:32:03,2018-04-20 18:11:18,2018-04-23 23:28:49,2018-05-02 00:00:00
0128412231f9fe9d7e944eea5392fc6b,a7089cdfb6b910afd377368f3335b1e5,delivered,2018-08-22 15:38:10,2018-08-24 03:15:10,2018-08-24 16:46:00,2018-08-30 19:59:26,2018-08-31 00:00:00
698428b13a63630f0ced51f2cbd1b947,3800248c953f6bfec3795d74958647d8,delivered,2018-01-23 22:22:28,2018-01-23 22:34:52,2018-01-24 16:03:24,2018-02-02 20:19:32,2018-02-26 00:00:00
9ce4398b070b04730a8cabbd1680a567,0063913c2f1878cc471de963dc0571c4,delivered,2018-08-10 13:04:01,2018-08-10 13:24:33,2018-08-13 08:41:00,2018-08-14 22:08:31,2018-08-20 00:00:00
2f4ed6d6a154e53f5593682472f8e6ea,461848a187158368f56cf21200783874,delivered,2017-11-01 22:25:12,2017-11-01 22:36:21,2017-11-03 20:57:36,2017-11-16 21:17:48,2017-11-29 00:00:00
5fbaa35725c08e8527b1bcae123d2490,bd55b1d19a6ff08e7436c50766a1fa5d,delivered,2017-11-28 13:32:04,2017-11-28 13:50:31,2017-12-15 18:29:48,2017-12-22 20:34:02,2017-12-20 00:00:00
a119860697732cd9e2334491be45f1e0,2515d9c80d9ef874870c0c29ca13496c,delivered,2018-08-02 16:58:06,2018-08-03 02:43:54,2018-08-03 14:49:00,2018-08-08 10:54:52,2018-08-16 00:00:00
70de10a1734ff16b0e8e5f6f14b3bfcb,694f70b104ab37e6f005677bde79efda,delivered,2017-10-13 09:16:28,2017-10-13 09:28:18,2017-10-16 18:18:05,2017-10-24 18:38:02,2017-11-08 00:00:00
af19170492290aa8663d820e73d09524,083de6cf2da0a625906af6a558106b28,delivered,2018-06-23 10:02:24,2018-06-23 10:20:51,2018-06-25 11:50:00,2018-07-02 19:07:08,2018-07-18 00:00:00
cf7dd05504fa5d4ddab58fcb69bb18a6,a1ba14f56d6ae75e85b273c9bec2c196,delivered,2017-05-02 16:32:37,2017-05-03 14:45:20,2017-05-04 13:57:15,2017-05-18 07:30:02,2017-05-29 00:00:00
9870418401e8162564e7a71ffd9fd4ad,530fc2c88dc22c7cacf4380793b71592,delivered,2018-06-26 09:50:05,2018-06-26 10:17:50,2018-06-26 11:28:00,2018-07-03 16:47:15,2018-07-30 00:00:00
2fcc1c43a1d4caedfbacd8f9267a8e95,0db63ee2c5fe95b36ced23b4c4c29d38,delivered,2017-12-11 17:29:15,2017-12-11 17:38:27,2017-12-15 19:18:08,2017-12-20 13:44:20,2018-01-04 00:00:00
3bae0297ddeacb52eb9b17d9616dcf1c,de98a056226b9f488a804858c37732f8,delivered,2017-08-11 12:22:57,2017-08-11 12:35:16,2017-08-14 19:53:34,2017-09-06 22:47:49,2017-08-31 00:00:00
0213da24bc9b884c4792ae4c54eb0bf3,a885447168d5878bb08f442a38284741,delivered,2017-11-24 11:21:11,2017-11-28 03:46:13,2017-11-29 00:57:00,2017-12-04 23:54:51,2017-12-18 00:00:00
a4b320bb74cd579c4f58521b47a4e538,5fee8e4da65deb305e72dc0f8bdd5442,delivered,2017-11-09 16:57:35,2017-11-09 17:11:01,2017-11-10 20:41:52,2017-11-13 22:24:52,2017-11-23 00:00:00
f7cbba667c1c2d258e79dc28a30368cd,d5afb95ee4150b86acd92d05bc56b660,delivered,2018-01-08 18:24:02,2018-01-08 18:36:23,2018-01-10 18:06:54,2018-01-15 17:57:57,2018-02-02 00:00:00
8743f50a1fe252ac48d22e41db971137,665b29c55f52f8e6cafd124ffc2b903d,delivered,2017-06-17 01:50:38,2017-06-17 02:05:21,2017-06-19 14:34:07,2017-07-01 12:06:03,2017-07-21 00:00:00
3b1a0e831b5c50ba012f9bf63d97a03b,2f51a7d835dee9667b44d77285d61630,delivered,2018-08-01 16:21:39,2018-08-01 16:35:23,2018-08-02 17:46:00,2018-08-03 20:42:47,2018-08-08 00:00:00
9f80bbd59f6be97485be347f2da1f1b7,27d900ed012d6b80d521f68831de71c4,delivered,2017-10-01 10:33:50,2017-10-01 10:49:15,2017-10-02 20:03:16,2017-10-11 18:38:01,2017-10-27 00:00:00
228fe28497863cfa489cfd0177809d45,d218b51d7923b68503ae5ccc23c77bb5,delivered,2018-02-12 11:28:37,2018-02-13 12:15:31,2018-02-15 16:28:33,2018-02-17 00:28:41,2018-02-26 00:00:00
29eb6d873f1087b4afd226c0abc162a4,18395a5d9973f59eb27c9f8c5efbb9e7,invoiced,2017-09-10 17:39:52,2017-09-10 17:50:35,,,2017-09-28 00:00:00
64ade3a4ac0255360a84e7035d7d34b9,3afdea3f022d21b67f365604eb2acb1c,delivered,2018-05-20 08:41:02,2018-05-20 08:57:55,2018-05-22 16:20:00,2018-05-25 14:34:24,2018-06-05 00:00:00
4e01efb248c52ca8e83181032cf0bdab,779f5d757814bc15d4835560c27d12f0,delivered,2018-03-23 23:25:19,2018-03-23 23:35:23,2018-03-27 01:47:46,2018-04-03 13:29:02,2018-04-19 00:00:00
375e5c646664c609938372d3f62da9d6,48ecbda544d2f1197f4255e6a93751f3,delivered,2018-01-31 19:30:07,2018-01-31 19:49:49,2018-02-07 00:36:24,2018-02-07 15:28:51,2018-02-21 00:00:00
60a250642fbb912872c2cfad7f875144,b9a1b1524f43fd2fd495284b6a04602e,delivered,2018-01-26 15:53:52,2018-01-27 15:56:32,2018-01-31 01:09:01,2018-02-05 16:41:45,2018-02-19 00:00:00
134383561b50fa8eca9c19b2c792d74c,adb0a60bfe536590838a68ebcabe33ac,delivered,2018-02-22 14:21:59,2018-02-22 14:35:24,2018-02-27 23:46:47,2018-04-16 21:16:46,2018-03-19 00:00:00
376b9827d830477580eaf370e5218e91,0d047fff3a34f9f8e104c46d98f6d6ad,delivered,2018-08-12 19:19:45,2018-08-14 04:50:30,2018-08-14 13:47:00,2018-08-21 08:04:44,2018-08-23 00:00:00
1729ff43a8a349e7762f284b50588055,0b7b4c39c3d3a8846ea809fd5afbc1b1,delivered,2018-03-06 14:11:27,2018-03-06 14:30:14,2018-03-08 00:23:22,2018-04-16 17:27:55,2018-04-10 00:00:00
d944e58fa0f8bdfb45d3090f6f403bf7,b8111b1e2a3aee2ee77da5c7ff67b394,delivered,2018-02-23 21:54:30,2018-02-24 02:55:45,2018-02-27 14:19:17,2018-03-21 22:48:39,2018-03-22 00:00:00
77ce4c372403e8665d37213cf52bda56,3440be78d6a33df7bbb82f1d20aa871a,delivered,2017-11-24 13:45:32,2017-11-24 15:54:40,2017-11-28 19:16:58,2017-12-07 19:34:57,2017-12-14 00:00:00
c5cccafad5a52123e975462ad4e26f73,52bcebb0203b52d695eb7ad573444136,delivered,2018-05-02 21:32:35,2018-05-02 22:16:49,2018-05-03 15:34:00,2018-05-09 15:32:19,2018-05-25 00:00:00
442a9587ce4b40a5d801427b6c0a5383,a129130357a247067beac84dbb5dc745,delivered,2018-08-17 11:48:58,2018-08-17 12:09:37,2018-08-20 15:56:00,2018-08-24 17:18:49,2018-09-03 00:00:00
287b045cfe9ba0ed08308efc06c366ae,2717c5939d8b3dbe3d99319e16bdb6f6,delivered,2018-05-14 14:34:52,2018-05-14 14:51:23,2018-05-15 15:59:00,2018-05-23 17:22:10,2018-06-01 00:00:00
d002a94b221c08e6dd8ed72e7662d31d,367fd22f1e994de87cf447d29c167a1f,delivered,2018-05-16 18:37:58,2018-05-16 18:57:28,2018-05-17 13:35:00,2018-06-17 15:14:46,2018-06-19 00:00:00
93964a297e76080736d065295fd5b437,f990f7ad7ae0e14ac81e2149d7343561,delivered,2018-05-11 09:28:58,2018-05-11 09:48:27,2018-05-14 06:35:00,2018-05-22 00:42:29,2018-06-01 00:00:00
6898cc2e6f6ad8fcdc27ed4bdfb554f1,0107d0717619fc7e17ba5fdd7c9aad36,delivered,2017-11-29 10:25:57,2017-11-29 10:33:26,2017-12-04 20:42:47,2017-12-15 22:12:11,2017-12-28 00:00:00
6e9afd04e254b0327d16cc95cfe3270c,e517685e804c532cfdf838116b0c4df0,delivered,2017-08-31 11:23:35,2017-09-02 03:04:30,2017-09-04 19:47:46,2017-10-05 13:09:29,2017-09-28 00:00:00
035bb18fd268637e7d91814bf5e27fd4,ac063e710535d45f495287e94f81e419,delivered,2018-01-12 18:21:01,2018-01-12 18:32:33,2018-01-15 19:48:09,2018-02-22 22:33:32,2018-02-08 00:00:00
cea05d3139cd44136f17235b6f42969f,d999be4ad55ab611a78cbaffcee30aa9,delivered,2018-07-02 09:13:20,2018-07-05 16:14:44,2018-07-05 14:00:00,2018-07-10 19:03:38,2018-07-27 00:00:00
150a2a0e81d701cf7dac37b86e5235b0,36e63749ac0675e2ffbbd4cdba2ebe76,delivered,2018-04-25 20:44:52,2018-04-25 20:55:35,2018-04-26 12:35:00,2018-04-30 21:12:44,2018-05-18 00:00:00
50af5eb21dfe120d3a7950feee50d90d,d9bde5465c77b58ae1f08a085461df76,delivered,2018-06-05 20:18:58,2018-06-05 20:35:10,2018-06-06 12:47:00,2018-06-12 18:22:36,2018-07-12 00:00:00
84fea092818c45e87513a303e49893ea,7718ccff59ef9aabd38d81d5f14e23ab,delivered,2017-04-27 11:58:01,2017-04-27 13:05:21,2017-05-03 09:20:42,2017-05-17 09:39:48,2017-06-07 00:00:00
1d96a7c14a9528634756937849d8467d,5919de102d7a96027a3f94b585e0ec25,delivered,2018-01-19 12:16:50,2018-01-23 03:37:43,2018-01-23 18:37:55,2018-01-30 19:12:00,2018-02-19 00:00:00
ad670e7892e2b2f7f757b3c383d9ab35,d244544b27337a04e85433087f76c70b,delivered,2018-07-25 12:54:02,2018-07-25 13:05:15,2018-07-25 18:08:00,2018-07-26 22:08:25,2018-08-02 00:00:00
d5d415a80776eabc101e98603d000455,7348187e64b170a69c585be7d2d43789,delivered,2018-05-17 17:28:59,2018-05-18 02:14:29,2018-05-22 13:07:00,2018-06-04 13:51:35,2018-06-01 00:00:00
07664da4fa93862f7f2f3fd353b99e73,8a3ee8c4e7b28fbec55bb91eb788a7fc,delivered,2018-01-09 08:45:00,2018-01-09 08:56:21,2018-01-16 02:03:34,2018-02-06 18:59:06,2018-02-16 00:00:00
52e305a5ced9a192a39d885dfe07d141,a5d59411b8a5ffeaa2bd0dbe2632ffc0,delivered,2018-01-11 21:09:57,2018-01-11 21:27:28,2018-01-12 15:34:13,2018-01-25 17:39:08,2018-02-09 00:00:00
47a330feeb29dca83fc390cddd62c280,37c23404aab3d041ba25a080039f5b1b,delivered,2018-01-06 09:03:41,2018-01-06 09:13:28,2018-01-09 21:22:43,2018-01-24 22:39:52,2018-02-02 00:00:00
70e018faa55d042ec9fa8b92bbf526d2,a23e1debf478535980a96af74a6ed699,delivered,2018-05-14 00:09:55,2018-05-14 00:31:41,2018-05-15 13:43:00,2018-06-04 22:58:24,2018-06-07 00:00:00
4f61042cd85285c68606c18b44a1b13a,c2c28bc5d6302d53fa45f5e2c69aac3f,delivered,2017-05-27 10:14:17,2017-05-30 04:30:36,2017-05-31 12:04:00,2017-06-02 14:48:02,2017-06-23 00:00:00
5458011c1e8235532bd6b193e37c7688,bed7eefb90cb225883492efb0e7278da,delivered,2018-02-18 12:38:07,2018-02-18 13:46:36,2018-02-19 19:51:38,2018-03-05 23:32:59,2018-03-19 00:00:00
40c5777021bd392cddf6bf40a341651b,94f2df7a6962dca3c10c7c3afd9da33a,delivered,2018-06-16 22:50:10,2018-06-16 23:15:49,2018-06-19 14:30:00,2018-06-25 18:24:52,2018-07-20 00:00:00
979f8ea562e84d3ed962b250fc08976f,15a93aab211662aef57e579c573c6f02,delivered,2017-06-17 17:38:56,2017-06-17 17:50:17,2017-06-20 12:02:34,2017-06-28 16:57:47,2017-07-12 00:00:00
ac6e5268baf65f6d55e479e288bc67a6,017bd021539ebd414e15ef9aa11301ec,delivered,2018-03-29 13:02:53,2018-03-29 20:47:27,2018-04-03 20:48:24,2018-04-26 21:46:53,2018-05-22 00:00:00
b9bb886788ba323922f55f604ba5ff5e,b105262a556713266917a2f00d6d5705,delivered,2018-07-02 17:39:38,2018-07-02 17:55:09,2018-07-03 15:23:00,2018-07-10 16:10:55,2018-07-25 00:00:00
f3b7a74389c875b24dbbdbf6aefaca3d,85646399bf7dc160e458a28fc6ec2b0f,delivered,2017-03-08 09:04:11,2017-03-10 02:45:50,2017-03-10 15:12:39,2017-03-16 16:14:47,2017-03-29 00:00:00
095e9e0811476409362d72fa70d73a6c,1ec264df7a63b93ee299b3e17c356e3b,delivered,2018-02-08 18:36:24,2018-02-08 18:50:43,2018-02-10 04:16:44,2018-02-19 21:19:20,2018-03-13 00:00:00
c117260dea8a83dda05418ae635e57bb,05407577e5802a22cb6f5ebbf5781707,delivered,2018-03-03 15:39:51,2018-03-06 03:49:18,2018-03-06 20:27:47,2018-04-02 19:42:15,2018-03-26 00:00:00
39a6ecead949b006d60a132d146ea284,279ca766397588e704abddd56d2dc131,delivered,2018-05-21 14:56:42,2018-05-22 23:17:46,2018-05-23 19:16:00,2018-06-05 20:12:55,2018-06-19 00:00:00
8962562ed377c8bcf6f9854a016989f1,4329270d33802c9f689343632c54d1c2,delivered,2018-05-18 00:32:52,2018-05-18 04:14:34,2018-05-18 14:28:00,2018-06-18 18:28:49,2018-06-07 00:00:00
969613d95cf3cfb1d3299488a732ffbc,efbeb4d5e42251a2bb13613342e38382,delivered,2018-03-13 14:27:54,2018-03-13 15:08:27,2018-03-16 11:48:40,2018-03-27 12:36:44,2018-04-02 00:00:00
5a5bb1899e9ab50b21bf7b3d7d7f360f,ffc2b93107257d7387cab8801eb10042,delivered,2018-01-07 13:42:35,2018-01-07 13:50:25,2018-01-08 23:28:58,2018-01-15 21:09:02,2018-01-24 00:00:00
519e8e134cd15d39544f56d9ff932d3e,510781317f5881c0ce1d4506cb1185f9,delivered,2018-04-17 08:30:47,2018-04-17 08:52:02,2018-04-17 20:22:11,2018-05-03 19:50:50,2018-05-14 00:00:00
9e49e81744d0890cd05aeb8d8c10d28a,3771914eaea4a652b9eda2ad97add048,delivered,2018-08-21 13:32:24,2018-08-21 13:51:00,2018-08-27 15:54:00,2018-08-30 14:22:52,2018-09-03 00:00:00
70106ccc9d334eb87a749a2e17344f7d,14cd3afa052c6df8d15367e0f9394666,delivered,2018-08-16 01:59:55,2018-08-17 03:15:14,2018-08-20 14:40:00,2018-08-23 17:32:37,2018-08-29 00:00:00
001daeb0eddc45b999bad0801ad9d273,3ba02060e681d361d603d5f7ef0a730b,delivered,2017-05-17 23:19:34,2017-05-19 02:15:20,2017-05-19 10:03:49,2017-06-08 15:34:07,2017-06-19 00:00:00
379c468e2dc90ec7cd68bacf13ecca13,96853060623f0ce3cbf3624b2411256b,delivered,2018-07-17 08:28:23,2018-07-17 08:41:12,2018-07-17 13:38:00,2018-07-20 18:32:07,2018-07-31 00:00:00
35f34f644e23f2201ccc411a2cbbebce,1a1d8b9aa28d2fa61418edb518c8603e,delivered,2017-02-26 00:04:26,2017-02-26 01:05:16,2017-03-10 09:21:25,2017-03-21 13:15:48,2017-03-29 00:00:00
9a43b717c408493ff788aeb5d11d0684,79325a5900413d28fb63c05bfbd39e5c,delivered,2017-11-02 20:28:53,2017-11-02 20:45:09,2017-11-06 20:09:21,2017-11-14 22:58:44,2017-11-23 00:00:00
db91d0e8b2bc88fce8298c0331cf37ef,2441083db7fffe0d6cff5a89a55fcd76,delivered,2018-03-11 21:02:21,2018-03-11 21:10:34,2018-03-16 19:28:26,2018-03-22 21:07:36,2018-03-28 00:00:00
94853d2e9f30e859446eaadc4d6bcbe2,df2d5ce0cccedc3f1794852cc8d2b452,delivered,2017-04-07 13:33:24,2017-04-11 03:41:59,2017-04-17 13:54:36,2017-04-26 14:57:12,2017-05-12 00:00:00
a7e3fbb3111b4a3c0907fbfad7690ffd,a91aaf744244d91f36c917061c2568b0,delivered,2018-01-12 09:40:31,2018-01-12 09:54:24,2018-01-16 21:25:05,2018-01-22 15:49:29,2018-02-05 00:00:00
b69757ea131affc405c02bb3b04e9a69,f99b5ad76ac1085ae3628a3dc0eff0af,delivered,2018-04-03 21:42:57,2018-04-03 21:50:24,2018-04-04 18:12:29,2018-04-05 19:04:13,2018-04-18 00:00:00
a786e0a4cada3f2704a7c932bfc3ea21,935ff0649831ec6ad670f1d3cc9235e2,delivered,2018-05-30 13:41:58,2018-05-30 13:50:44,2018-06-01 09:57:00,2018-06-03 15:44:30,2018-06-25 00:00:00
d072b2eadd483cbf8b54f0ff76ef879d,8f25d8a30531c076dc0eb3679f275a59,delivered,2017-12-12 16:03:29,2017-12-12 16:16:33,2017-12-13 23:08:09,2017-12-19 14:43:38,2018-01-05 00:00:00
b077f14ebe1b28627ac1c9551b1ac974,a404624d8e99a419c2c28f3848a59888,delivered,2017-11-06 14:15:11,2017-11-06 16:57:44,2017-11-09 18:11:52,2017-11-13 22:12:36,2017-11-17 00:00:00
bbfb434859fc673797c1040d267e342e,b0d85b57c22f4e17c5348ac56e88b4e7,delivered,2018-05-28 20:43:51,2018-05-30 02:32:17,2018-05-30 14:06:00,2018-06-08 00:04:28,2018-06-20 00:00:00
5f6d6684f8eb61135e0cd6c577252b14,b5d539df1209f51695e746561907cd9e,delivered,2017-04-28 10:48:33,2017-05-03 11:10:22,2017-05-03 13:22:51,2017-05-12 11:17:48,2017-05-29 00:00:00
bc894fc83cb90dae37405580d6641229,81726f29e5d81a08428ffbce39728692,delivered,2018-02-01 21:02:51,2018-02-06 06:29:50,2018-02-07 10:16:56,2018-02-14 13:55:50,2018-02-26 00:00:00
6fd727ab6a5dcb9b6996451d79f12ab8,3b416066b969a143bbd74aed35f597ec,delivered,2018-05-01 14:47:57,2018-05-03 03:53:15,2018-05-04 12:50:00,2018-05-10 21:21:29,2018-05-23 00:00:00
109a5316b712f2086d69092e7ae638c3,ec92015754035cb75c33953872fbc74c,delivered,2017-11-25 17:07:32,2017-11-27 17:19:36,2017-11-28 23:13:08,2017-12-15 17:03:39,2017-12-22 00:00:00
ec74f95e952a1019fb566fe39c383dfe,8937aecdb50038467ddbb4d8cf5289cf,delivered,2018-02-15 08:13:38,2018-02-15 08:27:37,2018-02-22 20:34:33,2018-03-20 22:18:49,2018-03-16 00:00:00
07cbb7b6d1c67566a892673386b5bb9b,4fac7263ebf3ec19c8ac5f6b2202b38e,delivered,2018-08-19 12:18:47,2018-08-20 11:32:22,2018-08-21 14:44:00,2018-08-27 18:06:39,2018-09-17 00:00:00
3c718ce3cdec0d5e7bc54d52da94930a,4849a3b3f4f73f108f904c0171ec9fe0,delivered,2018-04-05 08:02:26,2018-04-05 08:10:10,2018-04-05 23:22:08,2018-04-16 20:03:42,2018-05-02 00:00:00
b6bcf1e42609f309233f2b9deeff6b61,630ee9cf2e3aa9f1c844eef3825eead9,delivered,2017-09-13 11:05:49,2017-09-13 11:25:06,2017-09-14 21:25:03,2017-09-18 19:25:34,2017-09-29 00:00:00
5a31618943d04d72b8c0762b43df48dd,ef35290fd218e965ffe79ceeadbd7f9d,delivered,2018-06-28 09:14:45,2018-06-30 02:52:21,2018-07-02 15:40:00,2018-07-06 14:18:54,2018-07-24 00:00:00
ab377121ab607d829a167d9796781f67,01deaf187077254cacc4e7b4d9d7bf87,delivered,2017-06-13 17:01:29,2017-06-13 17:15:43,2017-06-16 12:36:26,2017-06-19 19:59:25,2017-07-04 00:00:00
c9bd5b826046d7a922af1b95bdd4d39f,5a86f91f644f261e5d90e015e2d45636,delivered,2018-01-29 22:20:16,2018-01-31 14:31:54,2018-02-01 19:29:31,2018-02-14 18:51:42,2018-02-22 00:00:00
132947cc0a6620350693052f3548070f,dca3dc559819d879e32ebd56aa38466a,delivered,2018-02-28 11:29:07,2018-03-01 02:49:14,2018-03-07 23:48:58,2018-03-23 22:04:09,2018-03-22 00:00:00
51ea9bcaebefed721e498f8fb39c8911,92e827a6b6747ae048a1e54c2c5b3af4,delivered,2018-06-27 16:40:56,2018-06-27 16:55:20,2018-06-28 13:01:00,2018-07-09 18:16:41,2018-07-27 00:00:00
1b29c6098f228e52ab6ca545b9349d95,310a2ca2a491466cd0de96cec9b20f71,delivered,2018-02-06 14:10:03,2018-02-06 15:56:11,2018-02-09 22:29:00,2018-02-23 20:59:21,2018-03-08 00:00:00
07b79f0a3ce4734c9f80f8f932ffd4ab,2278519c37e419c5da259c8c82395b99,delivered,2018-05-21 08:55:06,2018-05-21 09:10:34,2018-05-22 15:10:00,2018-06-02 16:12:03,2018-06-07 00:00:00
30d4c11e2d8f40f29583f52fb620296a,2813a2e8f60bfa209c3b3e3f1a442f54,delivered,2018-05-10 11:40:25,2018-05-11 02:57:43,2018-05-14 13:35:00,2018-05-15 16:54:37,2018-05-23 00:00:00
f67f944d6c66a9daae0cc1e8da4432d0,c35dd824ba48e59376a7c69ebc783fac,delivered,2018-01-09 11:12:13,2018-01-10 10:32:45,2018-01-10 18:12:48,2018-01-16 22:18:13,2018-02-05 00:00:00
b3c2fc7374cd5dbb27c84f1a0315594d,032dc4140d9a51a0febc693a96a44489,delivered,2018-07-03 21:46:53,2018-07-05 16:32:50,2018-07-04 10:14:00,2018-07-10 18:12:36,2018-07-26 00:00:00
c91838d7476ccfd6cf843c084ab5c61e,2cc1940e25f47f437a0b4607d14a246a,delivered,2017-10-10 19:38:46,2017-10-10 19:49:39,2017-10-19 21:09:24,2017-10-31 21:16:44,2017-11-06 00:00:00
388241639571ce95ace22e76655719f9,c15fab5c4434b79b5646efd43c6e4cde,delivered,2018-05-15 23:32:20,2018-05-15 23:54:24,2018-05-16 15:47:00,2018-05-18 19:04:08,2018-05-30 00:00:00
93f27293d6f1881d4784abaf47d53ffe,af20e4d9bc9c5a59eca2afb75030eb4a,delivered,2017-06-27 11:20:17,2017-06-27 12:04:01,2017-06-27 15:52:30,2017-07-10 20:42:06,2017-07-19 00:00:00
006c42f310102c1910b3c5793ce5fc34,d63e92aea6fb367972e3cc4f232a1976,delivered,2018-08-06 16:12:32,2018-08-06 16:24:34,2018-08-08 12:16:00,2018-08-15 19:52:24,2018-08-20 00:00:00
c2d8fd0097ccdb4f3ace3eda887e7c64,19ec2ea35bb682c9936e2a35e4a212b0,delivered,2018-05-24 06:57:32,2018-05-24 07:13:00,2018-05-24 15:23:00,2018-06-05 13:16:27,2018-06-26 00:00:00
b03ad7eb6054b01087c064bd1a44fa26,5b5c91974946b908c9a238efa39710e3,delivered,2017-04-30 19:20:59,2017-04-30 19:30:12,2017-05-04 13:38:49,2017-05-19 13:32:38,2017-05-25 00:00:00
09dcf31f117fe39a78c3a166109c07df,5f58583fdece0f0f724ef92f113e0c8d,delivered,2018-08-16 13:18:39,2018-08-17 14:27:03,2018-08-20 09:45:00,2018-08-23 22:51:56,2018-09-03 00:00:00
d82ef777bb562af6d9a927bd6f3e7357,a0ed1a42e302ac466ddda7c0496b928a,delivered,2017-09-10 20:14:28,2017-09-12 04:45:57,2017-09-15 19:02:46,2017-09-21 22:12:29,2017-09-28 00:00:00
971602526032659f775bbbe5b9142179,800512d0215633d567abe5ce2591f01d,delivered,2018-05-07 09:12:36,2018-05-07 18:09:53,2018-05-08 14:32:00,2018-05-15 18:12:28,2018-06-05 00:00:00
035c06c36cc8685238297b6af0c280f3,d64904edfd79d4934b8b06ce77c1164d,delivered,2018-03-21 22:54:06,2018-03-22 02:55:37,2018-03-26 23:08:46,2018-03-28 17:38:59,2018-04-04 00:00:00
2ffb45ec99d3fc4942ee973e41e630a9,1823c939c22df5a827fa4afea7175e1a,delivered,2018-04-23 16:47:45,2018-04-24 19:02:21,2018-04-26 13:45:00,2018-05-07 23:18:36,2018-05-22 00:00:00
9b35de64953b2683c0bb358ffe23e79c,114b47b35190117613aba201ae2fb481,delivered,2018-06-12 22:28:47,2018-06-13 00:19:57,2018-06-14 13:17:00,2018-06-15 17:39:28,2018-07-13 00:00:00
64a484ba398186acb5cc014f8c5d1de9,661b6da6cba54a43ea809f16c419ea24,delivered,2018-01-03 10:48:57,2018-01-03 10:58:19,2018-01-05 01:00:04,2018-01-08 15:57:54,2018-01-29 00:00:00
d209a096437820f2ae09fdb0e5637474,6ce9be1e2024d2907bb96906d3cad9d2,delivered,2017-10-27 18:20:37,2017-10-27 18:31:37,2017-10-30 20:48:29,2017-11-06 18:05:06,2017-11-28 00:00:00
ae35a18ee04a03f58f17c9090a52ff06,67b571995b48d8a580a7a8d7945aeb8f,delivered,2018-03-22 13:23:22,2018-03-22 13:35:32,2018-03-23 00:54:45,2018-04-17 18:42:44,2018-04-12 00:00:00
5a80deaa9345a15b0b3807f17aa299a7,13394779f19d627b7e0e776f12289e28,delivered,2018-06-26 19:13:24,2018-06-26 19:34:17,2018-06-27 10:16:00,2018-07-10 19:04:46,2018-07-30 00:00:00
594494c6edea77fb5699a429983c1e87,c773dae336bbcfdb391b3eb90757bd26,delivered,2017-06-27 13:06:58,2017-06-29 02:43:54,2017-06-30 15:54:34,2017-07-04 15:34:44,2017-07-12 00:00:00
af26a72d60cab61a090fbb420d4c6954,03ccf5d27b3a5a3afbffd525ac12fdf9,delivered,2017-05-16 17:26:46,2017-05-16 17:35:17,2017-05-18 10:56:13,2017-05-23 17:35:57,2017-06-05 00:00:00
b8fffd71202e7086dd751c257751b3dd,0264f4e581481a3f01d4f341d38a46ed,delivered,2018-07-23 21:24:25,2018-07-24 10:31:14,2018-07-24 15:54:00,2018-07-30 21:52:58,2018-08-14 00:00:00
e857ba066536e2879870375314953dac,089b4797064af9e8aa2cce7f5d444cc2,delivered,2018-06-20 06:53:18,2018-06-20 07:19:01,2018-06-21 14:18:00,2018-06-22 12:31:57,2018-07-03 00:00:00
8c6f586b26c8ef0ac06c7dd68dae7dc9,22d2f96012570b1359560021fe9a8ec1,delivered,2018-01-09 14:14:03,2018-01-10 14:58:32,2018-01-11 18:53:39,2018-01-16 19:15:13,2018-02-01 00:00:00
9027f38fa8afb91a7ad77fd92abf97a1,485fb11de11ce68ca2c0ff4eae84d595,delivered,2017-08-09 23:15:41,2017-08-10 23:25:02,2017-08-11 18:00:02,2017-08-21 17:21:51,2017-09-04 00:00:00
4f533b4e7c45ae5248904a961cf710e6,8fa6c964b11b7719b77c92eefae1549c,delivered,2017-10-03 01:48:56,2017-10-05 02:44:25,2017-11-07 20:28:48,2017-11-20 16:51:36,2017-10-31 00:00:00
9b27eb18bad871c8d32a8dbd13e4f5b7,4c88106c71ae94d7ce258df89a3dbafc,delivered,2018-07-22 21:32:52,2018-07-23 12:31:48,2018-07-25 13:54:00,2018-08-04 00:41:58,2018-08-09 00:00:00
b2eb0e2167fecae236a7541a2e574c34,2c36016cb1cf62ce42656a23b895d192,delivered,2018-01-11 11:59:53,2018-01-11 12:08:55,2018-01-15 18:23:33,2018-01-22 16:44:59,2018-02-09 00:00:00
239f80de3a90292c837e69ec8ff3c4f3,f15272fe9d0e2ae3297185f18d3bac46,delivered,2017-11-24 11:14:37,2017-11-24 13:14:45,2017-12-06 14:48:54,2017-12-12 16:33:22,2017-12-14 00:00:00
b4280f952d27844984353301a4e5188f,93a821452106ef7c7c700cf4e697dd6b,delivered,2017-06-06 10:36:04,2017-06-06 10:45:22,2017-06-07 14:26:59,2017-06-08 17:03:56,2017-06-20 00:00:00
c0ebe7b377d69896b580f578b99cfc98,f171e6f892727d44d9df7d93ab570b7f,delivered,2017-03-26 18:39:34,2017-03-26 18:50:26,2017-03-27 14:49:47,2017-03-29 09:51:56,2017-04-13 00:00:00
ca5b4f578a0548754f4dc9b97d90aaca,e6db1afadf6e82428aa9ce9039b8e290,delivered,2018-01-22 08:59:43,2018-01-22 14:13:46,2018-01-24 10:57:39,2018-01-26 21:13:38,2018-02-14 00:00:00
5c8559daea91c2b9b7e8d8aaa73d640c,3d77028036a9c3d50a3de663c112677b,delivered,2017-12-12 10:32:00,2017-12-14 10:33:31,2017-12-14 22:57:43,2018-01-15 20:43:30,2018-01-17 00:00:00
3937af5e68a191867e6224cd78fc2cd1,b837fbe55a9289fedd7301de6731f643,delivered,2018-05-11 08:49:07,2018-05-11 09:10:57,2018-05-11 15:45:00,2018-05-17 20:18:50,2018-05-25 00:00:00
b37fc42b9b16ca9e092edcf0c06bd1f5,c6955e041a62b1c6ff9bfe57c4ce5b31,delivered,2017-10-25 16:55:15,2017-10-25 18:35:15,2017-11-07 20:52:57,2017-12-07 16:29:32,2017-11-24 00:00:00
d7d52a5f6178c78ddf87817b012c8f79,c979180a3feb8095ff043e84781fca21,delivered,2018-02-13 23:35:08,2018-02-15 03:35:23,2018-02-16 14:07:54,2018-03-05 21:13:15,2018-03-12 00:00:00
3043405047f16630ddf598af31943a45,9570c760b3bbc424b655e3493ee375bf,delivered,2018-04-02 15:40:09,2018-04-02 15:55:15,2018-04-03 00:58:58,2018-04-12 22:44:55,2018-04-26 00:00:00
1f3d431152e91775a11e3354e8f055a7,b0a64704e1ca864517f928c1bb099c17,delivered,2017-03-26 14:07:21,2017-03-26 14:15:20,2017-03-27 16:14:18,2017-04-03 13:15:36,2017-04-24 00:00:00
3fa77b85e1a28c3b3a241c4c59d08112,726353b9395490889442fde671feaf58,delivered,2017-11-30 13:30:05,2017-12-02 13:37:46,2017-12-06 16:17:09,2017-12-29 16:38:43,2017-12-22 00:00:00
b79fb6b886fae55768f7f0973571329a,1fe981dfb593441cf63dc16d1138f026,delivered,2017-04-16 11:04:54,2017-04-16 11:22:22,2017-04-18 08:07:09,2017-05-03 15:42:42,2017-05-12 00:00:00
3c8c15b1af4ebac663b1e5645cd05506,deac4939d8735015586fa85ebdfcfc3e,delivered,2017-11-05 00:20:43,2017-11-05 00:46:27,2017-11-06 19:38:58,2017-11-09 21:04:41,2017-11-27 00:00:00
f66b2f5f778a4ba2ab4b97679dd30f64,e49ae57f4bf25972e1e4cbc3794c5806,delivered,2018-04-30 14:09:44,2018-04-30 14:32:25,2018-05-03 16:46:00,2018-05-07 17:51:55,2018-05-17 00:00:00
0963806fc66877ce2fbc42be9a91f3f1,f8a238ea4650cf05765ac7a2a54d8693,delivered,2018-04-04 14:21:03,2018-04-05 14:15:23,2018-04-06 00:33:45,2018-04-23 21:49:02,2018-05-03 00:00:00
d12bd41a85b974ae688d89083c5dc77c,782a9d54af42b95ff6da5a84b90e5c41,delivered,2018-07-28 18:11:21,2018-07-28 18:25:14,2018-07-30 14:47:00,2018-07-31 17:11:03,2018-08-06 00:00:00
a272afa0c4a0a64bfd221905405bd452,9707082565c37cdde7b05277988eb7e8,delivered,2018-01-06 23:02:42,2018-01-06 23:32:16,2018-01-10 12:04:02,2018-01-22 15:12:53,2018-02-20 00:00:00
062171ae61a088263fec533c7b4aadca,bbfd3aff4e6623084092d393567ac124,delivered,2017-12-01 17:07:56,2017-12-01 17:19:58,2017-12-05 23:09:12,2017-12-20 19:13:32,2018-01-04 00:00:00
c4c643aeb02923c77740ba7cd42005bb,23b3d991e218333de2eef7afab2147db,delivered,2018-05-22 13:33:51,2018-05-22 13:54:31,2018-05-28 14:04:00,2018-05-29 17:04:23,2018-06-05 00:00:00
13de2b3aeb8d30a32011cb0017beaff8,8195e180531d326cf34077d25743fb3d,delivered,2017-07-12 17:39:39,2017-07-12 17:55:16,2017-07-13 18:07:45,2017-07-14 17:54:47,2017-07-25 00:00:00
f826075f4109bb1b2f8d8123b117d81c,2e8baa32dcbd76cc57f3ebc82c29aeb7,delivered,2018-04-16 18:21:46,2018-04-16 19:11:52,2018-04-19 00:14:43,2018-04-23 22:31:39,2018-05-14 00:00:00
71853944ebfe6bd5f5de0302cba14354,57488cc627f8aef89c99cd5d8c3134f1,delivered,2017-05-16 10:49:26,2017-05-16 11:02:34,2017-05-19 12:32:20,2017-05-22 14:53:54,2017-05-29 00:00:00
de25bcc5c5215c6d39641918b7f4cd2d,bf6ab97b9a06cf8c55ee88fbc7ce1782,delivered,2017-04-19 12:58:40,2017-04-20 02:50:41,2017-04-24 13:35:40,2017-05-02 12:03:47,2017-05-11 00:00:00
709efe7f1c274357d00b90efa060027c,0b5847467fff3d3f1361491567e6a84f,delivered,2017-05-17 09:44:29,2017-05-17 09:55:19,2017-05-17 10:12:15,2017-05-23 15:05:44,2017-06-08 00:00:00
a2dbd8a0cd329f7a6850f5f2f1257a53,83afeb3ec13bd0de7db12255e9cb4035,delivered,2017-12-21 15:52:41,2017-12-22 15:51:45,2017-12-27 20:04:55,2018-01-05 09:48:25,2018-01-16 00:00:00
22882da9de4f8ee939d10cce52374f55,33d0f8396212d766f1a87e003318f889,delivered,2017-11-13 08:00:53,2017-11-13 08:10:31,2017-11-17 16:51:01,2017-11-24 23:28:52,2017-12-14 00:00:00
c04c611743c9b96f3727019802413a24,d41c15458ba1e878ff39e7cf6dbc8a73,delivered,2017-09-14 23:40:51,2017-09-15 00:20:17,2017-09-21 15:09:47,2017-09-22 19:58:44,2017-09-26 00:00:00
e38515b101676663b3f2cff2a323bbb5,46cdcbc49598ce3c33aa3af15acadbbd,delivered,2017-06-27 21:07:00,2017-06-27 21:23:47,2017-06-28 13:32:01,2017-07-06 13:13:09,2017-07-19 00:00:00
229f074fb0a6ffde943458174b4ada63,96906c9816990303121e14fd47e41a57,delivered,2018-04-20 14:01:09,2018-04-24 17:26:59,2018-04-23 23:12:05,2018-05-04 22:36:18,2018-05-18 00:00:00
30ac9eae54e817b40c3c77fdb444a1e0,d2dacbeeaec5aa8722102ff00b782580,delivered,2017-02-20 18:03:43,2017-02-20 18:15:12,2017-02-21 18:23:57,2017-03-10 08:07:54,2017-03-31 00:00:00
8ae7fd72ee36498f96e1ee38a3e1419e,a28de4ae5aaa106861049eaa591b8418,delivered,2018-07-30 21:57:17,2018-08-01 03:31:56,2018-08-06 11:54:00,2018-08-14 00:12:36,2018-08-27 00:00:00
314b1e0bb8736164596117c457a74db8,306cec97b910365317da80598f923435,delivered,2018-03-05 10:52:53,2018-03-05 11:40:28,2018-03-08 23:51:21,2018-03-10 00:18:34,2018-03-22 00:00:00
79484f19cc86692406efe3763ca1af17,620b061788ebe9ad22a09053ec126c55,delivered,2018-06-16 08:42:28,2018-06-16 08:58:59,2018-06-19 17:20:00,2018-06-28 17:51:57,2018-07-19 00:00:00
bcc632609d99be3eeaf01c6916f9604e,d719eace562b89db5f0f0f627aebdc67,delivered,2018-01-06 00:09:51,2018-01-06 00:18:19,2018-01-09 00:12:23,2018-01-09 12:54:25,2018-01-26 00:00:00
973d67484939e1f2afd53304e125bf1f,29b77c09f86219ff14e66f31852f9b6b,delivered,2017-06-23 07:16:53,2017-06-23 07:30:16,2017-06-26 12:58:54,2017-06-27 11:57:07,2017-07-06 00:00:00
8bc32625e3505eebdf23b43965ecebde,6e98638f666f4d7b45828cfdad48150f,delivered,2017-12-19 20:31:23,2017-12-19 21:31:28,2017-12-26 20:13:45,2018-01-04 11:48:39,2018-01-12 00:00:00
788688f686c6ef04e7eb60e4ba103ffd,8bd366ffda4873f0d2e1b9112041718a,delivered,2017-11-22 00:37:30,2017-11-24 03:11:45,2017-11-28 22:15:05,2017-12-11 21:51:37,2017-12-19 00:00:00
0e457aee274ec7e2e18d25ab6d212921,c4666d6a182f4846e0ea4a35e23dd4b3,delivered,2017-12-12 15:26:09,2017-12-12 15:50:49,2017-12-13 21:17:24,2017-12-31 12:09:41,2018-01-10 00:00:00
d20dc9a4af7f6a0c44930ff40e4d6725,efbdf272ebd0b98f5c51ef96b3eedacf,delivered,2018-04-17 17:28:45,2018-04-17 17:50:45,2018-04-18 19:28:55,2018-04-24 18:03:09,2018-05-16 00:00:00
e5c4134a422573e560cba643f9318bc1,a9bd1380771bf35ef3a1ccb7f486df97,delivered,2017-09-06 11:36:42,2017-09-06 11:45:19,2017-09-06 18:43:11,2017-09-13 19:24:49,2017-09-29 00:00:00
f5d3b6a9dbda29c75b381a76f019ae3e,4907a13a399b8176cd7081ab32b969ce,delivered,2018-01-15 13:48:20,2018-01-15 13:58:25,2018-01-16 16:12:10,2018-01-17 18:48:15,2018-02-01 00:00:00
731fce79a6dfc4251b9ee57dc2f6b239,8eb15ee1040f1c807ba88990089004ad,delivered,2017-04-27 15:33:47,2017-04-27 15:45:16,2017-04-28 12:28:47,2017-05-21 10:23:48,2017-05-29 00:00:00
39fb9eb02a98a9626044cb0cb46ae0fa,b803912812d884a45f3ffddd591b97b4,delivered,2018-08-09 08:04:36,2018-08-09 08:50:19,2018-08-09 14:09:00,2018-08-13 12:21:48,2018-08-15 00:00:00
be3516cfd69d1605c44c886aed8e553d,4ef76507e862f7edd473055de9012894,delivered,2018-06-11 01:02:48,2018-06-11 01:15:16,2018-06-11 11:38:00,2018-06-23 18:08:32,2018-07-13 00:00:00
aac512eec9af2f337dab624bf711cad7,0b11c040dd62ea5e242382553c722a71,delivered,2017-10-20 13:59:00,2017-10-20 14:14:22,2017-10-23 16:26:10,2017-11-09 22:27:40,2017-11-10 00:00:00
87d093c6d324b6721093e4582b061cf2,54bbc8932c68f4dd6736c2a5ef035513,delivered,2018-03-06 10:39:21,2018-03-06 10:50:31,2018-03-07 23:08:55,2018-03-09 17:21:56,2018-03-16 00:00:00
69602d7086bce76ef900a362fa5304d2,3ee0e8309e4c1f0baef48886dede4e75,delivered,2018-05-17 16:55:19,2018-05-18 00:37:31,2018-05-18 13:05:00,2018-06-05 22:37:49,2018-06-07 00:00:00
5e724a9bb565d4ccd9078fec28d4fdc8,c8430e2cded32fd401effe5ddc87c122,delivered,2018-06-05 00:42:43,2018-06-05 01:22:31,2018-06-06 06:08:00,2018-06-08 22:11:13,2018-07-12 00:00:00
4a58a286f3ac0318f970a271f83c0b6c,b842dcd92f09219e896d81600248508b,delivered,2018-03-06 17:28:41,2018-03-06 17:50:06,2018-03-08 13:42:00,2018-04-20 15:21:48,2018-03-27 00:00:00
bce98eda64f85a2ff206547445903c44,12e4a19dc6e45ef98cd54b0f15c18db5,delivered,2018-05-22 18:23:58,2018-05-22 18:37:34,2018-05-23 12:32:00,2018-06-06 20:54:23,2018-06-08 00:00:00
79d6c28185a5be065bf1931dc36a289b,a8855786ce866e5aa1bf16a510c812f4,delivered,2017-07-11 03:13:34,2017-07-12 02:24:06,2017-07-19 18:26:57,2017-07-26 14:47:40,2017-08-02 00:00:00
fbe75f28a6f44dc3638fa204bae1c08e,9b5d56d34fb6262fa8c75fc061670b62,delivered,2017-10-16 14:47:21,2017-10-17 15:32:33,2017-10-18 19:52:01,2017-10-19 20:35:04,2017-10-26 00:00:00
fd9b6d62141f417da1ea28881ad297ed,af0bb59abb273cac5d8691b464dfff12,processing,2017-12-08 13:25:28,2017-12-08 13:38:26,,,2018-01-15 00:00:00
41f04a2247a093f05ada3970a34a2b9a,65670d2a7a79a95d26d61265a6123af1,delivered,2018-02-04 20:43:44,2018-02-04 20:56:12,2018-02-06 18:48:24,2018-02-10 12:42:30,2018-03-08 00:00:00
081820c2ad1ad7f6c452c1e845529fe8,ee9f2791dfe348b8200f0b687b00a15b,delivered,2018-08-15 23:42:25,2018-08-15 23:50:17,2018-08-16 17:35:00,2018-08-24 19:39:06,2018-09-06 00:00:00
41656e5eacc8e9cc1efe1609ea2eb0ba,59bb5484a2585a90377524f59eda659c,delivered,2018-05-27 18:11:18,2018-05-27 18:32:20,2018-05-28 15:55:00,2018-06-15 17:42:47,2018-07-12 00:00:00
6e393ebbf62792edf010e66e135c7b7c,f19d9cc2eccbdae8678b4f100f3771c3,delivered,2017-11-16 21:53:23,2017-11-16 22:13:59,2017-11-17 22:32:24,2017-11-27 20:19:32,2017-12-12 00:00:00
ec1bf6be538a31d3b13bfa67d87010ce,8468e974307cf0404f6e3d5af0ad1b9d,delivered,2018-07-24 00:10:28,2018-07-24 10:31:12,2018-07-24 13:34:00,2018-07-26 18:54:49,2018-08-01 00:00:00
513719ed3bd467061f631e80002f231b,df588ce67754db0b4de1ed8c73bbeab6,delivered,2018-04-08 22:26:19,2018-04-08 22:35:12,2018-04-10 22:32:30,2018-04-19 21:34:38,2018-05-04 00:00:00
6ace7c2a595a57867f443b5d3d1a7607,986328873061709d5300337ab4894fe8,delivered,2018-05-08 14:03:31,2018-05-08 14:29:59,2018-05-10 13:39:00,2018-05-17 18:46:42,2018-05-29 00:00:00
dea9b7dcae5affc919947e72bcc1e786,f0825264fd1d7a4cdadaefe21ee08fb8,delivered,2017-08-14 12:42:38,2017-08-16 03:26:10,2017-08-16 16:24:42,2017-08-19 12:54:45,2017-09-08 00:00:00
892633d6b7a8a6c7c0bfebddec2469bf,5285d83bc3adeb72f67ee3c6c8958403,delivered,2018-02-05 09:35:22,2018-02-05 09:49:38,2018-02-06 14:28:02,2018-02-23 21:11:46,2018-03-09 00:00:00
c8fa71518385678630da7552cf1f459f,a6f7bd1b52173341090682e0bfd1340c,delivered,2018-02-09 14:36:28,2018-02-10 14:30:28,2018-02-14 19:49:06,2018-02-19 19:23:36,2018-03-09 00:00:00
ce01ef7df5891810a0899cd241279caf,22cac6c36d7a61cf34dc7fdc830240a0,delivered,2018-05-03 17:24:58,2018-05-05 02:53:40,2018-05-07 12:14:00,2018-05-17 17:51:14,2018-05-22 00:00:00
9436e03932021844bcaa6fb20dfc4968,7373dc63573ace31964e986eee49e9d0,delivered,2017-08-03 15:09:25,2017-08-03 16:05:18,2017-08-09 21:16:31,2017-08-11 22:27:00,2017-08-16 00:00:00
0bb4c390179e95dbed8944e735b7da62,139cdadccfc90320a5d8599745cd10cf,delivered,2018-07-26 12:41:04,2018-07-26 12:55:26,2018-07-27 14:06:00,2018-08-03 15:08:41,2018-08-14 00:00:00
cf5cc540ff27291c97b94a945ab37e43,a0f6e2e720337e8973be765132e48881,delivered,2018-07-15 22:54:59,2018-07-17 04:31:29,2018-07-18 14:13:00,2018-07-26 16:12:45,2018-08-08 00:00:00
a91ea78c7808987db65e5b5b21666047,06fd2ea98fab51c01908f98806798c7c,delivered,2017-09-11 18:49:02,2017-09-11 19:05:10,2017-09-13 19:42:30,2017-09-25 15:13:06,2017-10-05 00:00:00
5e5fbf8badb59c577f84c7f7448704dd,502a6aefe839fa4aac24621f172f819f,delivered,2017-06-12 17:08:56,2017-06-12 17:31:58,2017-06-13 16:38:25,2017-06-22 15:04:20,2017-07-06 00:00:00
4f72abdcedf8185382214a227cdb9e9b,b3bd9aa12a1990ed9f9a1ae281ee7e34,delivered,2018-02-12 10:28:11,2018-02-12 10:35:31,2018-02-26 20:36:32,2018-03-15 21:32:46,2018-03-28 00:00:00
f0a770154db0fc38aef8c0f380de88cc,d6b79a64bb2794c6d3d9ca2ae31a1228,delivered,2018-03-11 22:51:28,2018-03-13 04:11:02,2018-03-15 21:24:50,2018-03-20 21:04:34,2018-03-29 00:00:00
26bc5ef62b82a4329284e5b177e34e9c,bb12662d89eaf5e7cfc75d41c18fd7a3,delivered,2018-06-22 12:03:35,2018-06-22 12:20:35,2018-06-25 15:31:00,2018-07-02 10:04:00,2018-07-11 00:00:00
5e651ab6dacf51fcbe51f3aaf84f0368,2765600094f5cc0d19b4d8308ddb4414,delivered,2018-02-01 16:08:35,2018-02-01 16:29:52,2018-02-03 01:12:43,2018-02-19 23:35:23,2018-03-15 00:00:00
8f1e5b3d65494dcad0fe81b2d61480b6,751587af2a15c00012315e5a7c2fa410,delivered,2018-05-02 12:17:35,2018-05-03 12:54:49,2018-05-04 10:54:00,2018-05-11 23:37:35,2018-05-22 00:00:00
91bcd07862432971bbbe7b27698fe59d,c5372d4fdcf5397b397afc9ab236163f,delivered,2017-03-10 09:06:09,2017-03-10 09:06:09,2017-03-14 17:19:07,2017-04-04 14:53:14,2017-04-12 00:00:00
df06f0bb9d267877652ac465e661b120,649f3d2112888939e5e1664cd6c4f849,delivered,2018-01-07 17:00:53,2018-01-07 17:09:26,2018-01-08 16:17:29,2018-01-10 13:22:37,2018-01-26 00:00:00
b8fde15d11aff23b07a6081d8a7652aa,76f07d247039cd77e1cc89cebcf82aa5,delivered,2017-12-31 13:55:55,2017-12-31 14:06:50,2018-01-02 18:09:08,2018-01-08 19:33:47,2018-01-26 00:00:00
ddf2697b0c774f17d443112b787af490,5db54e170f4a30fc27d4d23e5f482e8d,delivered,2018-05-21 21:26:53,2018-05-22 00:16:46,2018-05-22 11:44:00,2018-05-23 15:22:02,2018-05-30 00:00:00
335c699e72e2554d20656295439bdcb5,d16fbce90d8f6665f5022e4f47e2aa78,delivered,2017-07-12 10:53:36,2017-07-12 11:23:44,2017-07-14 15:41:43,2017-07-26 10:24:07,2017-08-03 00:00:00
e0aadee588e476e3a004e56c8fc3c645,6a85222aa87619e9aef296bb6166970a,delivered,2017-07-01 11:00:49,2017-07-02 11:05:09,2017-07-04 13:23:37,2017-07-11 17:44:26,2017-07-25 00:00:00
59c153fdba2562afd8554a380231559e,078b1cb26cc7819cfb885c7cf8f87da7,delivered,2017-07-24 10:23:08,2017-07-24 10:35:18,2017-07-26 15:23:38,2017-07-28 18:57:32,2017-08-04 00:00:00
67a98eaf984ba84c596f9f5456634f20,b2706ca3ca9a2846e387cb6ed9e74c5a,delivered,2018-01-01 09:36:21,2018-01-01 09:46:25,2018-01-02 20:44:41,2018-01-13 00:43:32,2018-02-01 00:00:00
7da09c0fb29697c319a4b58c7b3d43a7,45b5a10bfd612571d04c77c28fd7371b,delivered,2018-04-18 22:39:43,2018-04-18 22:50:46,2018-04-19 18:55:21,2018-05-09 21:33:03,2018-05-14 00:00:00
b5a801d2465c927e096449f176459916,2b3c275c26ea00e57c5711171999f4da,delivered,2017-05-01 18:11:50,2017-05-01 18:25:23,2017-05-05 12:53:36,2017-05-23 12:32:22,2017-06-13 00:00:00
f52018d3dbab474544aa5379e0324de7,ea9e922e6631cd3992d68b3635860c53,delivered,2018-03-23 11:22:25,2018-03-23 11:35:28,2018-03-23 22:08:34,2018-03-26 23:18:49,2018-04-05 00:00:00
5727f102c85ddd314cc3158d4e044e94,94d504cf0e7f9bde1342c7f7ff51cd80,delivered,2017-08-17 09:47:42,2017-08-17 10:05:03,2017-08-23 20:51:30,2017-08-28 19:43:42,2017-09-14 00:00:00
6b428be6c3dfedfc0e199b46fb7e2d48,d5d644b08c0a9b23cff92c649963ea2b,delivered,2017-11-24 21:31:52,2017-11-28 03:34:00,2017-11-29 23:05:15,2017-12-11 18:53:49,2017-12-21 00:00:00
114a99f9d47f2dae0f5666161cede6a6,fc908e835a65941f82373dd643e8ef8b,delivered,2018-04-22 13:09:38,2018-04-24 18:34:58,2018-04-24 17:46:31,2018-05-04 16:32:37,2018-05-16 00:00:00
3bfd863aeb764ee13e7a3909ca8be2a5,a04a7887c27bab7f6c73ee263840123a,delivered,2018-04-02 21:30:19,2018-04-02 21:48:51,2018-04-04 17:51:02,2018-04-27 15:47:25,2018-04-19 00:00:00
d5e8c3df207679f1ae9da8bcb4a35871,c0c9968b87c9b21b9cc522c898b56f56,delivered,2018-02-14 22:15:18,2018-02-16 14:30:42,2018-02-15 18:43:00,2018-02-24 16:38:59,2018-03-12 00:00:00
3b580f556a4a7d02c2ce65505bb164fb,3284abe5e684f230d6c239ed831f3cdf,delivered,2018-07-20 16:44:41,2018-07-20 16:55:29,2018-07-30 14:17:00,2018-08-06 17:41:36,2018-08-24 00:00:00
4a2044944160f020bea094d2da430b0a,2fd341d2a33ae116ab3b2e7feaba2e40,delivered,2018-06-02 14:08:00,2018-06-02 14:29:40,2018-06-04 14:35:00,2018-06-20 22:14:32,2018-07-17 00:00:00
b1af1dcf54384fd19592bd94c17c88ba,172d2893ff8f6ca8ca4a55100b8be48f,delivered,2018-05-07 17:18:40,2018-05-09 03:33:48,2018-05-10 13:33:00,2018-05-11 12:36:49,2018-06-04 00:00:00
c6985618e38b04aa3af0206c2c042aa5,0a8c994d63dcee9298d895688ba3c358,delivered,2018-05-07 22:43:38,2018-05-07 22:55:12,2018-05-08 14:17:00,2018-05-09 18:42:03,2018-05-21 00:00:00
3d0ae335b47c67a0251dcf021047517f,689ce7aa2582d589633bd30732db9e9e,delivered,2018-06-13 09:29:19,2018-06-13 09:56:57,2018-06-13 15:25:00,2018-06-14 18:37:39,2018-06-25 00:00:00
c6ff8c337541af35aa09c14125a7f875,7f911eafbf0778e74755ddfcd3f46007,delivered,2017-05-26 18:58:13,2017-05-26 19:10:12,2017-06-01 11:31:15,2017-06-05 17:39:58,2017-06-22 00:00:00
fe3dc8be25e5bf90ae8fc3c6d7f680bf,2ec79b62f02fa880d65a89a4bc12591b,delivered,2018-07-15 19:30:43,2018-07-15 19:45:09,2018-07-16 13:44:00,2018-07-23 23:12:37,2018-08-01 00:00:00
907b36ec45e03307bb335fc31304b66d,712d8bfe4698839aef164897c63ec1cb,delivered,2017-05-19 14:49:21,2017-05-19 15:02:34,2017-05-23 12:31:41,2017-05-30 08:03:23,2017-06-13 00:00:00
5a648bc4d784434ae63666bfecf66be3,4729f940579b074574d217639714aada,delivered,2018-05-03 16:17:08,2018-05-03 16:30:25,2018-05-04 16:07:00,2018-05-07 18:48:45,2018-05-15 00:00:00
7a58856993632824e92f700eff99340d,7e1e4e8bf61282660be2b5237bbd451c,delivered,2017-12-13 18:02:39,2017-12-13 18:10:23,2017-12-14 21:42:15,2017-12-19 15:46:57,2018-01-09 00:00:00
64a62eaae697d2b5002204677fb331cf,3ed8a6ccdee18adec7d692baa5e65230,delivered,2017-12-01 22:03:48,2017-12-01 22:13:22,2017-12-04 21:09:47,2017-12-14 16:10:38,2017-12-26 00:00:00
8a2c407ae60a30f282158e16de83fc2c,c6a89478b34864ed2e5f3415a1195b7e,delivered,2017-02-06 22:56:55,2017-02-06 23:05:20,2017-02-07 08:42:56,2017-02-13 08:55:25,2017-03-15 00:00:00
53124f53452d087c139616c97657c398,96d78b075afed3e0e831578219415c02,delivered,2018-02-12 15:17:53,2018-02-12 16:00:20,2018-02-16 19:45:51,2018-02-28 23:21:58,2018-03-06 00:00:00
d6fd1a476eb810f979d9cbd33ce43bd2,6e324b09c628136477a8a0f711dec4a5,delivered,2017-10-19 11:33:04,2017-10-19 11:49:30,2017-10-23 15:29:02,2017-11-07 23:21:41,2017-11-14 00:00:00
95149635630909a5bd996fb8c424f8b0,589da14260e4de26903bef3469feb59a,delivered,2017-03-25 23:39:35,2017-03-25 23:55:09,2017-03-27 13:45:11,2017-04-12 12:36:35,2017-04-27 00:00:00
4bccceeea58d5e2e65e3bf9b7bfb1f49,7976fcdfd283f91c4823592a96853e0d,delivered,2018-08-18 15:18:55,2018-08-18 15:29:57,2018-08-23 13:04:00,2018-08-28 14:21:26,2018-09-17 00:00:00
c8bf388d81617b961b598bc9b8b30811,4e03ab024ec93b3c8b991682f3d93377,delivered,2017-12-10 20:02:21,2017-12-10 20:14:29,2017-12-12 17:16:43,2017-12-13 22:38:39,2018-01-02 00:00:00
78434d3b830508b615a3c9cd526ec769,3f2c391bdef5fc440bf9ff233e36e439,delivered,2018-03-02 16:36:02,2018-03-02 16:49:11,2018-03-06 15:48:49,2018-03-23 19:37:29,2018-04-02 00:00:00
80b0bd0c8f8cb86ae0c2dddb11693b07,5569c91b24c912d71c6120524b91b30a,delivered,2017-08-23 13:52:54,2017-08-25 03:05:30,2017-08-28 14:34:24,2017-09-01 22:14:52,2017-10-13 00:00:00
e154f52ac122fee7ff0c05a9e46e5a82,a6ee39350d5f0844e6157b56d9caa1df,delivered,2018-01-20 15:28:49,2018-01-20 15:41:24,2018-01-24 18:44:33,2018-01-29 17:51:40,2018-02-14 00:00:00
d9728853aba6c0bdff6723e6d7ddb310,f116e165373eb704ac4b8c9b87b6748c,delivered,2017-12-22 09:17:40,2017-12-22 09:30:42,2017-12-22 23:58:27,2018-01-11 03:45:16,2018-01-23 00:00:00
4088827527ce8c088c35a2e493940b55,5fbb84d18cf3be4cc5e3a77ad95bda71,delivered,2017-09-07 19:38:09,2017-09-07 19:50:26,2017-09-12 21:48:52,2017-09-24 15:47:39,2017-10-05 00:00:00
1962dbe6d0755ae32f1381266df2e34a,23286cce1fd04a451b20398d49eb5c7e,delivered,2018-05-06 19:11:35,2018-05-07 09:15:30,2018-05-14 11:02:00,2018-06-04 22:18:40,2018-06-01 00:00:00
ee9881886ccdd7fb25bf631d38c0fc35,cd26b8d2d69af3bf6fd64e23cb6020c1,delivered,2018-08-16 23:21:34,2018-08-18 03:09:37,2018-08-23 15:14:00,2018-08-25 00:03:49,2018-08-22 00:00:00
fa79b2c18a8bd1dd7fe6c20ea3986434,d4fb0906b93ba1b93329aecf0c2d0e73,delivered,2017-07-29 17:49:34,2017-08-02 02:35:12,2017-08-02 19:32:45,2017-08-11 18:40:03,2017-08-24 00:00:00
636d7ef8a9aae4fe13b16e9460951c39,e162ea5e3db128f80dd38e4641ba94d7,delivered,2018-04-19 20:29:29,2018-04-19 20:51:11,2018-04-20 20:39:47,2018-04-23 18:26:48,2018-05-08 00:00:00
33eefd3aa85eebe6a110e9fcd67e8be7,57560919e8c83fdaa81575a5ab74d0a8,delivered,2018-03-01 16:04:27,2018-03-01 16:15:41,2018-03-06 20:46:53,2018-03-09 16:31:34,2018-03-22 00:00:00
ab8b6341a925e22523717681a8e26ed6,8a3f1d8e69005d13f5fede4c404d5470,delivered,2018-01-16 10:48:02,2018-01-16 10:55:26,2018-01-16 23:21:22,2018-02-07 01:07:35,2018-02-06 00:00:00
40c520349458bcec0ceb7a06f6061a25,25cda56270516cd7d1e124054b7aa365,delivered,2018-03-22 20:40:38,2018-03-22 20:56:23,2018-03-23 19:46:31,2018-05-15 17:31:21,2018-04-18 00:00:00
e2ed8bce0d991ffded0e4fb4bece8498,4fda3efdcecbef2c095828eb120fa692,delivered,2017-06-24 21:01:42,2017-06-24 21:10:18,2017-06-26 15:16:39,2017-07-05 17:13:33,2017-07-14 00:00:00
c0bc3a7a457b7bf1cef49c366c5832af,b0bbb9250aed344a101ebb4afb3d0c10,delivered,2018-07-23 14:36:20,2018-07-23 16:00:23,2018-07-24 13:34:00,2018-08-02 18:24:52,2018-07-31 00:00:00
c93a9cce3de4b250308ad3abfbff0e01,dbf9370e912aa2b06bdce8da5671a532,delivered,2018-01-15 10:06:32,2018-01-15 10:30:28,2018-01-16 21:10:16,2018-01-21 11:22:52,2018-02-06 00:00:00
c2cd6ce44609af75d061dfab2f67179c,9ae68689eb558472f387541c67ac8592,delivered,2017-05-05 08:44:58,2017-05-06 02:15:58,2017-05-08 11:45:33,2017-05-15 11:38:04,2017-05-30 00:00:00
8ae7bca1e289e5b580b39a20f9454900,a940a00ede64065c3ef0a2c928dfc4d6,delivered,2017-12-18 23:42:43,2017-12-19 01:53:21,2018-01-10 03:17:46,2018-01-24 22:16:04,2018-01-17 00:00:00
d40c11d0b2048b65586327176ebea519,86572b150b9a2983fa7b196df5a4dc4b,delivered,2017-12-17 22:03:02,2017-12-19 09:51:36,2017-12-20 17:57:10,2018-01-05 21:51:51,2018-01-11 00:00:00
b98ebf284363c61636157e9248e966b8,9fd2b1cd3d866b1a545f69267736dc9f,delivered,2018-08-15 20:29:32,2018-08-15 20:43:57,2018-08-16 09:48:00,2018-08-20 16:41:19,2018-09-04 00:00:00
51fb61776ef5371653e8b4e1c99d1c12,e2275acc246e2c5b85463018fac5cca9,delivered,2017-04-28 12:40:16,2017-04-28 13:06:25,2017-05-02 11:43:51,2017-05-17 10:04:47,2017-05-22 00:00:00
69765e1430e055dd83b07cab8f4afe03,6d24ca895515505509363d06fb82da79,delivered,2017-09-24 12:41:40,2017-09-24 12:55:15,2017-09-26 12:37:54,2017-10-04 21:30:04,2017-10-20 00:00:00
f614b00ec28e93d421101c1a27369277,37b1a6ea6445f0a22764e0f929913917,delivered,2017-08-10 13:20:56,2017-08-10 13:35:14,2017-08-14 11:13:57,2017-08-21 20:57:31,2017-09-01 00:00:00
5b362ea8f021e5d7e02100d4ae069424,84a72ad3b471257890eb1ce84de6ef6f,delivered,2017-08-16 11:54:56,2017-08-17 02:55:39,2017-08-21 14:15:51,2017-08-29 17:50:12,2017-09-12 00:00:00
eeac3b5e5eeae743c6f222f4975e3011,5d45ac551f8c0ec3b8bf407786a25494,delivered,2017-11-24 10:08:22,2017-11-24 10:38:37,2017-11-24 19:07:45,2017-11-29 15:33:24,2017-12-22 00:00:00
b136c0fffe2bc0642080f1547c1f569b,3f9ae5ea24f0d1b28473369a0778153c,delivered,2018-02-28 14:43:42,2018-02-28 15:11:36,2018-03-03 15:32:46,2018-03-24 02:12:20,2018-03-22 00:00:00
f790f7c7d494562bf4166768abbb9d94,88054508f13c781d3fb0e8db2c7c7c0d,delivered,2018-05-15 15:11:58,2018-05-15 15:35:02,2018-05-16 09:23:00,2018-06-06 14:16:44,2018-06-05 00:00:00
3749ffb24b4dec6d0cab14cb31e4fa94,c778451490bd2d62f6748492ed4068ac,delivered,2017-11-15 13:09:18,2017-11-15 13:26:53,2017-11-17 23:39:28,2017-11-27 20:53:53,2017-12-07 00:00:00
2df16064a31736f53f6466a3500f718b,289a64e033df3a28829191ae385c7004,delivered,2018-05-07 21:36:53,2018-05-07 21:54:20,2018-05-08 14:13:00,2018-05-11 19:38:44,2018-06-05 00:00:00
c0029b358d3f226b1a759efa559b61af,bc57b11c1e9f28ee2909eb7402f40206,delivered,2018-05-06 10:34:44,2018-05-06 10:53:03,2018-05-07 12:29:00,2018-05-08 22:24:30,2018-05-21 00:00:00
4d0e8487272b6084f4425347889e603e,93caf29e16ec797fcc749ba3f519f3fe,delivered,2018-01-30 18:56:50,2018-01-30 19:14:48,2018-02-01 17:52:00,2018-02-15 18:10:31,2018-02-21 00:00:00
272d4db8440d24b59b2d409f64c5b161,aa0bfec3e445f3bfe3fef812354123c1,delivered,2018-04-05 11:34:24,2018-04-06 03:28:45,2018-04-06 23:44:43,2018-04-12 01:48:38,2018-04-25 00:00:00
585bd8282700b362b4023d8fed406190,181ec1b5fe9a1e889ee634c154297e27,delivered,2018-06-07 09:58:55,2018-06-07 10:15:06,2018-06-07 12:52:00,2018-06-11 14:31:02,2018-07-04 00:00:00
c5b4cf4aabaf93ce294452d114ae22a1,ffef8c44b23871ffd6a1df761bd61783,delivered,2018-01-20 11:39:38,2018-01-20 11:57:47,2018-01-22 21:28:43,2018-01-27 13:47:50,2018-02-16 00:00:00
b80a30ad4fad5c35fbc7904d46cb25e6,dec0327d097743b1b1f013842e6b7f8c,delivered,2017-06-28 09:51:56,2017-06-28 10:05:25,2017-06-29 11:19:50,2017-07-06 14:39:44,2017-07-18 00:00:00
97a2832ad65391074f5b36aa6d4de17f,b0634ba4b292e1b6245c84abfb52c27b,delivered,2018-03-24 11:38:29,2018-03-25 11:30:39,2018-03-26 20:56:41,2018-03-27 14:17:34,2018-04-06 00:00:00
6d39aecae27ed2210d0855310a3ca180,a76182d1036e275b4c6244a9f90d5bcb,delivered,2018-04-30 19:01:55,2018-05-02 09:33:05,2018-05-03 09:21:00,2018-05-10 21:17:40,2018-05-23 00:00:00
a52ce374ecd1e12480900aa9f5944e4d,89dfc5a431ab96d5fcf4ead7c032cd75,delivered,2018-05-08 23:21:06,2018-05-09 07:15:20,2018-05-16 05:27:00,2018-05-21 21:08:27,2018-05-25 00:00:00
93fd94c99b582fd7ccdf72b3721e34ea,35ce0b4b731e2f576d0facbccab90b77,delivered,2017-10-03 22:02:40,2017-10-06 09:56:18,2017-10-09 15:53:21,2017-10-13 23:07:39,2017-10-27 00:00:00
bcbb11b412d6f57c7a4a9b1d1ff56a13,6921ebf2d8c510b659be8c8579fa7e66,delivered,2017-09-09 14:53:45,2017-09-09 15:10:15,2017-09-14 19:39:56,2017-09-20 10:50:10,2017-09-29 00:00:00
9de85e24940c7fd91ec9ee1dd540b3cf,01e5e7553c95f21eda0aaf0da6e0e4d1,delivered,2018-05-07 20:54:53,2018-05-07 21:14:01,2018-05-09 16:36:00,2018-05-11 00:03:49,2018-05-17 00:00:00
86fbc7823cb0bc0b27e0ccd18022aa19,512ded1d728a366069702fd124de9a6c,delivered,2018-08-18 08:27:58,2018-08-18 08:49:38,2018-08-20 14:22:00,2018-08-23 18:31:49,2018-09-12 00:00:00
b3d0c1411a53b6f3461327a96bc115f2,e7df7997816ff171ba71e0647acd8f3e,delivered,2017-05-21 17:12:50,2017-05-21 17:25:16,2017-05-29 02:03:30,2017-06-08 14:33:06,2017-06-20 00:00:00
d2e58ee8581dcfe3133f8edcbd413722,aff60c8baded1f7e3a2f72e91f05547a,delivered,2018-08-17 18:34:51,2018-08-17 18:50:03,2018-08-20 16:44:00,2018-08-25 02:03:14,2018-09-04 00:00:00
5deac2860e55974b9ffa8e2cdc42c58d,c49c65685c94e4fd3fe7ac1cb425f86f,delivered,2018-07-30 11:19:30,2018-07-31 09:30:54,2018-08-03 14:24:00,2018-08-09 21:08:46,2018-08-14 00:00:00
1f3be0325231ba927e78b6b517db7455,1606ed0d8cd1e54c9edaebc875deb012,delivered,2017-10-13 18:04:34,2017-10-18 03:14:45,2017-10-24 19:18:44,2017-10-25 20:52:50,2017-10-25 00:00:00
fbd0115d6ad4a47c2b80a49014956a0e,857aad3974a0fa1ff317926ea1347b81,delivered,2018-06-08 12:20:50,2018-06-08 14:30:51,2018-06-11 13:06:00,2018-06-15 13:03:57,2018-06-26 00:00:00
f995b728b456b3f0f5121d831f81adf4,2247400625c49aeecf99c421e266a963,delivered,2018-01-30 21:24:28,2018-01-30 21:53:33,2018-02-05 14:37:07,2018-02-07 18:29:04,2018-02-15 00:00:00
09ea2f085e77814c3b31377ba10aa4a1,39b9f5510478f23f62857e3de980ff77,delivered,2018-02-13 22:49:03,2018-02-13 23:07:34,2018-02-19 22:48:48,2018-02-20 23:19:13,2018-03-01 00:00:00
7063524166dbe4d1f15029bafcd95070,9fc14ee468e1e679d5a5057fa4224511,delivered,2018-06-28 19:28:52,2018-06-29 02:53:28,2018-06-29 10:22:00,2018-07-04 18:48:49,2018-07-23 00:00:00
27ae3ad0516a9b55f2236e24f690e01b,0058ebe2dc136d918dd001968cfa5903,delivered,2017-02-09 16:19:02,2017-02-09 16:30:12,2017-02-22 03:51:44,2017-03-03 10:34:43,2017-03-17 00:00:00
02fe1a0806a5041f35fc69f658202c34,82b3403d0cbb90bad615c86c1a1a3b3f,delivered,2018-05-11 19:35:32,2018-05-15 04:52:40,2018-05-15 14:20:00,2018-05-22 18:32:22,2018-06-01 00:00:00
0665734cec5349770a82280c326abc2b,71a1623032c89a5ab3feff5fb460a5c8,delivered,2018-01-17 22:07:24,2018-01-17 22:17:31,2018-01-22 19:26:56,2018-01-23 16:32:34,2018-02-01 00:00:00
8e287e7d7db7206c7a9d0184e97014ad,0e8be41ec287f1d9753fa200dd8741c4,delivered,2018-01-05 13:10:52,2018-01-05 13:19:24,2018-01-10 22:07:43,2018-01-24 00:48:44,2018-02-09 00:00:00
2887a3e067f56df09cbc679f3646deb0,d18bff6a3de67eebfab42468ffcc42a5,delivered,2018-03-16 10:36:42,2018-03-16 10:49:01,2018-03-20 13:42:44,2018-03-29 17:34:08,2018-04-04 00:00:00
9a87b7f9b871b4725233e41e08811caa,560c13ab2e56044eec5b75a29e759272,delivered,2017-04-25 16:36:37,2017-04-25 16:45:18,2017-04-27 06:46:52,2017-05-11 16:54:35,2017-06-02 00:00:00
c58f135d215cadb93a6648e61849ad15,4446b2ccb30c1208716a36fb0703a540,delivered,2018-06-27 12:42:33,2018-06-27 12:55:23,2018-06-28 07:57:00,2018-07-02 20:02:44,2018-07-20 00:00:00
f43e673034eb90d4d548dcbc3f64b6db,2c8abbbfb29cb450208d0f4f78fa4977,delivered,2018-08-18 17:20:37,2018-08-18 17:35:09,2018-08-20 18:25:00,2018-08-29 15:37:21,2018-08-27 00:00:00
58a1e508f021717acbcf12f9f328f497,9551c9f70be99f31e88354c565e543f0,delivered,2018-01-15 23:15:27,2018-01-15 23:29:51,2018-01-17 21:04:27,2018-01-27 12:38:43,2018-02-16 00:00:00
f1392a30909dbd81bbe5973e40ebba37,360ba15086ef8c818aa096d3480463bc,delivered,2017-09-17 20:39:36,2017-09-17 20:50:15,2017-09-19 22:37:33,2017-10-10 14:03:50,2017-10-09 00:00:00
1705468d3470bcd4def52e6e8fa2cd92,232ca1f033dd8ad12db889fb45d8b8f3,delivered,2018-05-15 17:20:15,2018-05-15 17:38:09,2018-05-16 13:36:00,2018-05-21 13:57:39,2018-05-30 00:00:00
2eeb0fca026f13a4065dc4d23542095d,ae02fa353f4acf44f4d31787553b46d0,delivered,2018-07-27 10:55:59,2018-07-27 11:10:46,2018-07-27 14:56:00,2018-07-30 21:33:33,2018-08-02 00:00:00
8ed4296590754b5d2eea172a5fdb7046,fd33e927e94c67ee7db2aaf788eb4a6d,delivered,2017-03-13 17:37:05,2017-03-13 17:37:05,2017-03-20 11:58:43,2017-04-07 09:25:08,2017-04-10 00:00:00
a5d8e75b33301e9d3dac461f5660fc37,527c4998643198f37ef598f8cda74fd9,delivered,2017-07-24 12:24:34,2017-07-24 12:35:21,2017-07-28 18:09:29,2017-08-04 21:56:52,2017-08-15 00:00:00
e392e762463125f6436ee6719c03e4ff,647267113a2f88abcd88d218821c6b31,delivered,2017-08-19 19:56:56,2017-08-19 20:10:17,2017-08-21 21:31:54,2017-08-28 19:12:41,2017-09-11 00:00:00
9575356ff2ceb13c4861bfb09185adf7,768d8bd018fa5143de281e5ab97f678a,delivered,2017-09-13 10:00:41,2017-09-13 10:15:20,2017-09-15 15:24:52,2017-09-26 20:41:30,2017-09-29 00:00:00
ab7d581904e30270097263608c42ecbf,cac2bb1e674222234cc6d3b3b22182ee,delivered,2018-03-17 16:47:21,2018-03-19 07:50:34,2018-03-19 17:32:08,2018-04-14 17:56:36,2018-04-06 00:00:00
b04b061c476ead18ecd0294170063e16,08827cc1bfff8f8ec04d396cdf2a124f,delivered,2018-05-07 12:30:27,2018-05-08 12:29:44,2018-05-11 05:35:00,2018-05-18 22:38:57,2018-05-28 00:00:00
ff098b9342213641be5da8163f0fcf2c,96247f13c0086e9d96b945227b7f8f25,delivered,2017-11-01 14:42:57,2017-11-04 05:05:35,2017-11-16 21:29:22,2017-11-22 20:18:31,2017-11-27 00:00:00
c1fa448f27f0921ae5417350e500490d,4541591de4b160e1f08cb0e8bbebadab,delivered,2017-03-28 21:09:40,2017-03-28 21:23:02,2017-03-29 15:27:12,2017-04-03 15:35:12,2017-04-20 00:00:00
f6a0e9f2ee368264a84d69d92c9a5b3f,3c5a39f999c141a42792a0f2e1c7726d,delivered,2017-07-09 15:19:58,2017-07-09 15:30:16,2017-07-14 19:12:13,2017-07-26 03:16:50,2017-08-15 00:00:00
35d6f22df6139cb41e6dc813a0f84302,6aa38fdee597dd9814ab987b44cbda55,delivered,2018-01-22 22:45:49,2018-01-22 22:56:04,2018-01-23 21:45:15,2018-01-25 23:47:36,2018-02-06 00:00:00
672410cce728c5bc55061e45e7a9982e,a78420e9bab6abdf4b5a99f890f24a52,delivered,2018-04-07 21:13:23,2018-04-07 21:28:23,2018-04-10 00:02:22,2018-04-23 22:38:42,2018-04-27 00:00:00
8121a5da48fe0eaf4676e88e9d209cee,2a16be3ba0e087da21ba61fbc73f36bc,delivered,2018-05-16 14:19:14,2018-05-16 15:34:51,2018-05-18 11:12:00,2018-06-07 17:26:55,2018-06-08 00:00:00
b1cc3e65937e4d01bff18495b5577f57,3cb6790fc75cf9ce39b0af0dcb962c63,delivered,2017-07-20 08:59:20,2017-07-21 02:55:21,2017-07-21 19:51:56,2017-07-26 10:42:57,2017-08-09 00:00:00
62f27dae9fe200c98b311e6843dcbf49,4f782c510387133d5a6b81769bb3c8b4,delivered,2018-02-21 12:00:32,2018-02-22 02:10:38,2018-02-22 20:18:51,2018-03-08 18:28:46,2018-04-02 00:00:00
14c0c0bebe2cd50fb1dbdee84fbae03a,7ac0cc6086ab6987cb2bf47141b2288a,delivered,2018-01-04 14:05:07,2018-01-04 14:15:30,2018-01-08 20:46:20,2018-01-17 16:42:05,2018-01-29 00:00:00
dea7cb1fd64c147e1cc083ff2a74a184,1cca320c8938b55f28f325396ca0457e,delivered,2018-07-09 22:14:07,2018-07-09 22:25:12,2018-07-10 14:27:00,2018-07-23 20:57:28,2018-08-03 00:00:00
4c8f39a65890981ff48b24f1899db560,3ce54c43e38d4e8ba10df6973a306677,delivered,2017-09-13 18:10:19,2017-09-13 18:25:44,2017-09-14 18:10:10,2017-09-25 16:52:12,2017-10-06 00:00:00
7b7ce86399877a0908f5af4041da975d,3c345fdc15ef29f50db0567994b47903,delivered,2017-02-28 08:49:59,2017-02-28 09:05:12,2017-03-08 09:42:43,2017-03-13 13:15:00,2017-04-03 00:00:00
42ce6a0ec35eb86bfb376c039fcfe399,26f1add6f6996118b1c61af5f11ef24e,delivered,2017-08-17 13:10:26,2017-08-17 13:25:24,2017-08-18 17:48:55,2017-08-25 10:51:59,2017-09-06 00:00:00
48337f7180cd174b07c0560ca8941dce,f61cf079d859f6eeb1899dacc1a3788a,delivered,2018-08-24 20:41:12,2018-08-24 20:55:21,2018-08-27 13:59:00,2018-08-30 16:31:44,2018-09-10 00:00:00
3d9d7644b996a0c8a0038a70c90830cb,96d67c350694b00e45e811eb9eb3ab45,delivered,2018-03-02 15:06:22,2018-03-03 15:09:00,2018-03-06 23:41:36,2018-03-17 20:53:46,2018-03-22 00:00:00
ba8c6767acf3744b63e5880f35d7e125,1ad4dfb256200643fa285f7baac000d5,delivered,2017-09-25 16:30:44,2017-09-27 02:49:15,2017-09-29 21:27:29,2017-10-16 19:35:56,2017-10-27 00:00:00
42ec328ff647d401412f3531462b0b96,44fc7a654b5d562331cc277539523708,delivered,2018-07-09 11:37:20,2018-07-09 11:50:17,2018-07-09 13:41:00,2018-07-30 20:27:47,2018-08-08 00:00:00
ab355d60eb2f7b4ffcd01aab4da8ebef,553deac20f9797416011bb287657799c,delivered,2018-05-14 23:08:15,2018-05-15 21:13:36,2018-05-16 13:23:00,2018-05-21 12:09:30,2018-06-01 00:00:00
a4425e2bccba621150a07a685cf063be,d436890d44092b00fcfcbdd7a168c240,delivered,2018-06-26 14:27:52,2018-06-26 14:57:15,2018-06-27 11:31:00,2018-06-29 16:18:52,2018-07-18 00:00:00
1e721ce42c736da389dc1e266e969acd,9670f4d666e901ffcd28269d0096d000,delivered,2017-07-16 17:26:30,2017-07-16 17:35:15,2017-07-18 14:35:09,2017-08-07 13:12:27,2017-08-10 00:00:00
b3f7f632c85da6b71020c45771e67c5e,42d4a2e8a460728da550948367a9f2d9,delivered,2018-03-06 12:39:48,2018-03-09 06:55:25,2018-03-09 20:58:29,2018-04-16 11:21:19,2018-03-28 00:00:00
98388328237d2965c12db57b001f3032,0be6d364b9dcdb4fe3ccfd89b7a487da,delivered,2017-12-18 18:13:16,2017-12-18 20:30:40,2017-12-20 19:07:16,2018-01-10 19:30:14,2018-01-16 00:00:00
cea2d13406a9f18e04f5d57fae9929da,b4ca85bae934dd7e0ae4a60388f35638,delivered,2017-10-22 18:05:08,2017-10-22 18:14:32,2017-10-23 17:08:12,2017-10-31 21:38:53,2017-11-09 00:00:00
08d0d3587fdedecc31be9c29c74b819b,3140cb09f7ddb4b1c065456a372bd82a,delivered,2017-10-24 07:09:48,2017-10-24 07:28:08,2017-10-27 20:23:12,2017-11-06 18:52:10,2017-11-17 00:00:00
92fcd62874365e840d925ae2fa2e06fd,23fc5eae4f6c7e27c037bcb5d9e9b4d3,delivered,2018-03-12 15:11:22,2018-03-12 15:38:08,2018-03-13 23:53:46,2018-03-28 21:32:55,2018-04-05 00:00:00
f8e6ae30ab6c20f60adbbadd23f81ca3,4e1bb82e35b06685a4d9e09754549ac5,delivered,2018-06-12 14:34:37,2018-06-12 15:05:36,2018-06-13 14:50:00,2018-06-14 19:39:01,2018-06-28 00:00:00
e55d5c08b9e26113f2f0b5b9ee191b65,d42b940e327caf15f20892bbf1c2258b,delivered,2017-08-25 11:35:57,2017-08-25 11:45:39,2017-08-28 21:04:28,2017-09-05 17:12:25,2017-09-29 00:00:00
64a859a6736ad1d34596f44cb069ea05,237f38bf0ed44908a68963f0d8ea2b33,delivered,2018-01-24 19:00:08,2018-01-24 19:17:12,2018-01-30 19:58:52,2018-02-09 19:16:59,2018-02-16 00:00:00
22543080a0066963931832c0df11b2be,613735eeed7838276933826aa1fd5013,delivered,2018-08-11 09:43:32,2018-08-11 09:55:17,2018-08-13 12:40:00,2018-08-16 13:03:19,2018-08-29 00:00:00
64784a51c7c5763b0693ed5ab75a2596,4d6f556ce6592174ab2c70a1a9c1f00b,delivered,2017-10-12 14:26:40,2017-10-12 14:36:32,2017-10-18 22:23:36,2017-10-24 20:48:37,2017-11-22 00:00:00
6c4a7301e854d61f245807b71ec7642b,614cb17913a2d2e976db5dc6728b3438,delivered,2017-10-27 08:19:47,2017-10-28 03:07:23,2017-10-30 19:14:05,2017-11-03 22:38:03,2017-12-04 00:00:00
e5ca5039b91a2e7f504bc29aba41559c,2eeb124977d63c594092cf08f7122729,delivered,2018-07-27 04:12:36,2018-07-28 02:44:31,2018-08-01 15:17:00,2018-08-07 16:04:51,2018-08-23 00:00:00
5aa551497a6e4522899b4a89a3eeff5f,42150c5dc225debc71b6e811e9acc909,canceled,2017-03-10 22:49:47,2017-03-10 22:49:47,,,2017-04-10 00:00:00
33ca9b7ba09adaea52b480057b74611c,bf95c2c2c53ab4df6e62dfff66f98877,delivered,2018-08-09 18:08:14,2018-08-09 18:24:45,2018-08-10 13:44:00,2018-08-13 14:46:41,2018-08-14 00:00:00
1a3f925f36cd0be140285b3a6974baee,5e3ea4c0dc7aa8e9c0596346240b5763,delivered,2018-06-04 09:19:51,2018-06-05 09:15:19,2018-06-05 14:21:00,2018-06-08 20:51:34,2018-06-28 00:00:00
5c748cfa838e65b06c230b1f917ec95e,2445e3d4111363be3afb60bcec7b13b5,delivered,2017-11-23 19:06:05,2017-11-23 19:14:36,2017-11-24 21:09:12,2017-12-09 20:48:44,2017-12-18 00:00:00
0a3fcfaf1098f95867cdeeb766561eae,3cac74b1c7dd18deaec3e1e772bcebb2,delivered,2017-04-25 21:25:09,2017-04-27 13:05:38,2017-05-02 10:59:06,2017-05-09 12:21:48,2017-05-22 00:00:00
a96095e939ac89b2ee0975e7c5300a68,27022bc180a011c7ad990251d2f44e3b,delivered,2018-06-21 09:16:19,2018-06-21 09:43:09,2018-06-21 16:50:00,2018-07-03 08:21:18,2018-07-13 00:00:00
4783b2e1f4ace7d91d01803014cdeb2c,0ded51e019af537d7cec98cbdfef87f5,delivered,2018-07-16 09:22:04,2018-07-16 09:30:10,2018-07-16 13:38:00,2018-07-20 15:58:52,2018-08-07 00:00:00
ed869c0c89353ad056e1e883e4be35bd,2e7829e7992b741b79c574c4f1a2426c,delivered,2018-08-04 23:03:44,2018-08-04 23:15:16,2018-08-07 08:26:00,2018-08-15 01:24:31,2018-08-17 00:00:00
a2d61fcc6a85b2662e5ba230a206dd72,fc8bd7a118ce62013dc46aecf4bd3be3,delivered,2017-12-04 19:17:13,2017-12-04 19:30:15,2017-12-06 00:51:24,2017-12-11 19:07:25,2017-12-29 00:00:00
885f4a8f1339042f54f941de2e64a11e,c4d933ca1293b494c0db1ed8a02b5ad0,delivered,2018-05-23 10:12:57,2018-05-24 02:18:31,2018-05-24 14:16:00,2018-06-08 14:03:14,2018-06-11 00:00:00
55e2d723733c45033e71cb4d44690234,32a68880c3edfc878276ca3ffb8c084d,delivered,2017-10-13 07:17:42,2017-10-14 03:46:30,2017-10-19 18:40:09,2017-10-27 17:28:05,2017-11-07 00:00:00
092adae6d0744065b0482cb014c671c9,20ed1eb8b4e92e5209c09a6f5a60df22,delivered,2017-06-05 15:33:07,2017-06-05 18:10:20,2017-06-06 10:14:05,2017-06-09 11:35:35,2017-06-26 00:00:00
c5169d427c5a1a403a3eab0ca8d375fe,83edb7d15328afd0176466244495a407,delivered,2018-01-14 10:42:30,2018-01-15 14:10:54,2018-01-15 22:29:44,2018-01-26 16:39:22,2018-02-05 00:00:00
8b6d201fff0b1b32e59f7cbdc6beaf54,e727991c9f9c297620b5d8e6ff320f2e,delivered,2017-01-21 17:17:20,2017-01-21 17:30:10,2017-01-31 16:09:56,2017-02-06 11:00:25,2017-03-21 00:00:00
4f3a6e28d764cf896b1fceb0028422c8,e24fceba7ac4b1b1cd1884f05ba68e9d,delivered,2018-07-03 09:34:16,2018-07-05 16:21:50,2018-07-03 16:52:00,2018-07-05 13:32:49,2018-07-20 00:00:00
945edc9b56f1a08b87560bf946945f20,3eae58b70e658e4766fd1b76fea5de93,delivered,2017-11-08 16:52:07,2017-11-09 05:31:34,2017-11-13 16:55:01,2017-11-28 22:03:41,2017-12-05 00:00:00
5599a0eebfc7ecac5cffa25fe2d57e47,905b68aed6177b504cdce690e4e85575,delivered,2017-10-31 10:44:55,2017-10-31 11:06:18,2017-11-04 12:29:00,2017-11-09 16:47:08,2017-11-14 00:00:00
1a95dfd9e13740601984c50db97e0848,852daf7fcc8c2af8f7dd380a8c47c943,delivered,2017-07-17 20:39:31,2017-07-18 20:45:17,2017-07-19 19:22:35,2017-07-27 18:07:49,2017-08-16 00:00:00
04e2e5f16cad2f04bb156a4bcc034520,139a718c01cce276519bede2cbe5cae5,delivered,2017-12-08 15:42:25,2017-12-08 15:52:55,2017-12-11 22:32:39,2017-12-18 19:03:05,2018-01-05 00:00:00
d5a1ba11ff004ff5cf6b2c1184c734ec,21583399870ded9e42b389e36358d020,delivered,2018-02-03 10:54:15,2018-02-06 04:32:05,2018-02-07 14:53:08,2018-02-21 13:41:58,2018-03-08 00:00:00
a05bbaf69d9dcde272cc101dfd1c6cc8,1b6fa2e32d4a11df524f2aab17d66e09,delivered,2017-10-07 13:21:09,2017-10-07 13:35:14,2017-10-20 22:47:25,2017-11-09 19:32:57,2017-11-08 00:00:00
a4b15028cbd22d539a036666a6c03dfb,7dcf54c584f1336cbc77c6bf559840a5,delivered,2018-04-24 15:34:22,2018-04-24 18:58:37,2018-04-26 13:53:00,2018-05-04 20:09:00,2018-05-21 00:00:00
3b70c696a802c8faa368856e6d6309e3,28a9a3a21866a667462c1965fbfce618,delivered,2018-07-17 13:14:54,2018-07-17 13:25:14,2018-07-17 15:44:00,2018-07-20 20:22:04,2018-07-31 00:00:00
7873f8c18442c79931e94c2a378f5f7d,1c62c6b746c6385223cc94da28593842,delivered,2017-12-06 21:51:31,2017-12-06 22:31:05,2017-12-07 17:18:02,2017-12-12 20:49:20,2018-01-09 00:00:00
cb5968b2e24851bf4bce1c48fdcaac37,7cfad50335cc955293a6f717ed14ef91,delivered,2017-07-12 16:52:42,2017-07-12 17:05:20,2017-07-17 14:16:42,2017-07-28 20:27:52,2017-08-04 00:00:00
c3a8c3c9ace4452ea16d331ba3c44c50,bfaa59943933939eb6bfb564519e794e,delivered,2017-07-17 19:35:32,2017-07-17 19:45:14,2017-07-20 20:41:52,2017-07-31 14:33:16,2017-08-04 00:00:00
2456821eb4bf8fe5ac094da15037a2f3,e215e63f573b24af6225dd76e2119c42,delivered,2018-08-06 10:40:33,2018-08-06 10:55:12,2018-08-07 11:15:00,2018-08-10 20:46:21,2018-08-16 00:00:00
0f5eab9ad693ad60f23eddb4338d4a20,d448e95e212ba503c7b0e2bc285b99cc,delivered,2018-02-22 14:56:13,2018-02-22 15:10:26,2018-03-01 17:25:15,2018-03-08 22:59:24,2018-03-14 00:00:00
7b1ade884cd7da23e0f853fd00807d38,2500d872cf428ae97a335ac039d9ec00,delivered,2018-08-05 19:54:07,2018-08-05 20:05:19,2018-08-06 14:19:00,2018-08-14 23:42:11,2018-08-20 00:00:00
7bd0fa6cc96710fda7c735ed00b3c018,d1e368d5d12e0bec75a88b1ac142bc2d,delivered,2018-04-01 18:21:40,2018-04-01 19:08:22,2018-04-02 20:57:43,2018-04-10 15:12:17,2018-04-23 00:00:00
c4f710df20f7d1500da1aef81a993f65,4b671f05b6eb9dc1d2c1bae9c8c78536,delivered,2016-10-10 15:50:01,2016-10-10 16:02:37,2016-10-18 15:53:51,2016-10-26 16:35:46,2016-12-14 00:00:00
4e17321027fcf580e55650d97c85c775,1809a655c0af41f8614ab459460d9f5f,delivered,2018-04-04 09:48:49,2018-04-05 02:28:17,2018-04-05 20:03:49,2018-04-12 20:32:33,2018-04-24 00:00:00
596fa30e62c909f4d380ae4097699271,f101b45ce4cc4897b4b86f13cc24cb08,delivered,2017-09-21 11:44:35,2017-09-23 02:25:33,2017-09-26 21:04:26,2017-09-29 16:05:52,2017-10-16 00:00:00
4c9bccc9e2d922b92bc00ab2e7c8903e,28e29591108d2c2904cb2058cd602984,delivered,2017-07-13 07:52:36,2017-07-13 08:05:11,2017-07-13 21:32:57,2017-07-17 15:49:43,2017-07-26 00:00:00
5953d2dd57f0e259f8b8489c37556e00,9cdd2de18cb0bfec28ca0c4babb6f253,delivered,2017-08-04 20:12:46,2017-08-04 20:25:14,2017-08-15 21:22:16,2017-08-24 20:45:32,2017-09-01 00:00:00
0c1f5fca68708d9a22f8a9fe30b5c588,cd47d198f0840df01cf63596c6f4c429,delivered,2017-01-22 13:14:39,2017-01-22 13:25:17,2017-01-24 11:23:15,2017-01-30 17:05:00,2017-02-28 00:00:00
e156efe18c91ba079f1b2d16ee45b4a0,e40062f086a32b25380806237e2d433f,delivered,2017-04-10 12:48:15,2017-04-11 13:05:56,2017-04-12 17:05:42,2017-05-06 11:42:10,2017-05-17 00:00:00
5dcaecab15d20be174a67f4f5392cd84,6e5b962a5db843edc33fd181f87d4725,delivered,2017-02-10 12:45:05,2017-02-10 13:10:48,2017-02-20 07:03:06,2017-02-23 14:55:47,2017-03-15 00:00:00
25d7504420f738317dcbb29f7e565976,b131df50e42e825b93ca23fa215df7d8,delivered,2018-04-03 17:11:45,2018-04-03 17:28:55,2018-04-04 18:22:21,2018-04-23 15:22:32,2018-04-30 00:00:00
f8e38590ff083b97342732a847eb3851,e8f641283c4f274357a53abc7a1a0745,delivered,2018-04-12 08:02:53,2018-04-13 12:35:31,2018-04-18 20:06:34,2018-04-26 20:27:36,2018-05-08 00:00:00
d7b2dfe2f90e681bda0dbd07f3f35e86,dcf35909bd6d59358d82224a65e18524,delivered,2018-03-21 12:06:50,2018-03-21 12:15:28,2018-03-22 20:38:29,2018-03-29 13:11:38,2018-04-18 00:00:00
b844269f8f77813365bde577805911f1,ddb57a86c9720a54e2b7394c7112162b,delivered,2018-04-23 13:23:27,2018-04-24 19:03:58,2018-04-25 14:55:00,2018-05-03 19:28:28,2018-05-22 00:00:00
eb795a5667832abcb7d022144fff72eb,6af7aeea2cc5b8801055fab85139c1dd,delivered,2017-08-14 21:50:04,2017-08-14 22:35:12,2017-08-15 15:25:55,2017-08-24 19:37:53,2017-09-08 00:00:00
b95ee76467f40a43ca737b18839d83d6,9e38a0715d956ca6c48e44feb01e3c00,delivered,2018-04-29 22:59:41,2018-05-01 05:55:03,2018-05-03 13:19:00,2018-05-04 20:28:42,2018-05-17 00:00:00
dc3adcf742779e0c8eb5bd587ed4ec57,a828c4f615a8dd8518659d867b3012bd,delivered,2017-11-25 12:14:42,2017-11-25 12:32:23,2017-11-28 20:39:01,2017-12-13 09:32:16,2017-12-15 00:00:00
43c97b638252a2fdcaa52a6aeb91e7e0,7235bff0c390209cf783321633584b4a,delivered,2018-01-06 15:10:36,2018-01-06 15:29:21,2018-01-10 16:12:11,2018-01-22 20:16:55,2018-01-31 00:00:00
acd0ff1b0e910297101c81d7c9602232,13296afc5859f8a61ea2b52d5c033c85,delivered,2018-07-02 10:21:39,2018-07-02 10:35:20,2018-07-10 13:06:00,2018-07-11 14:58:27,2018-07-18 00:00:00
a739bf4717343c5f9c84196b61a9c53f,daee6b701a5a602c82bc88c89b25e03b,delivered,2017-09-07 19:07:38,2017-09-08 19:03:47,2017-09-13 18:50:07,2017-09-20 17:30:09,2017-09-27 00:00:00
57519b17e3776c2f4fa3a4e7fe69ccf8,c35d3d5d1356c183c2742edd2f8ccbef,delivered,2018-03-23 12:30:42,2018-03-27 04:08:47,2018-03-28 22:57:24,2018-04-03 00:28:55,2018-04-05 00:00:00
145737447654951f4cf49cae1faf921a,bb6c535d6cbd82550b97d79c39c5f062,delivered,2018-02-14 18:16:30,2018-02-14 18:25:32,2018-02-15 19:32:28,2018-02-26 23:15:54,2018-03-26 00:00:00
9c3ac80bb91312f5c23ffc1097c4ba7d,ce57d3c9775ce4934c368865113e94a7,delivered,2017-12-03 23:14:29,2017-12-04 00:21:34,2017-12-04 20:23:33,2017-12-08 21:56:49,2017-12-20 00:00:00
c950a394ee0369c853e3a1a55090e287,6369ec1eedbd7401fcababd597382d90,delivered,2018-05-31 21:27:20,2018-05-31 21:52:32,2018-06-01 09:03:00,2018-06-03 11:31:54,2018-06-26 00:00:00
ad192211a3b7e6018ffdea3e5fef1444,40905525660d729391fc706263a8ed34,delivered,2017-12-05 15:05:53,2017-12-05 15:17:27,2017-12-06 22:37:55,2017-12-12 01:48:40,2017-12-28 00:00:00
fa8b91d8aacb92e77cd50059ac39c474,b0bf96141ea3ab6bf35713f1c06c6a22,delivered,2017-11-25 19:39:25,2017-11-28 12:52:28,2017-11-29 20:18:55,2017-12-18 21:29:11,2017-12-21 00:00:00
a222f3c71beb748715093f69dc3dc177,b31c7a9d8b9dbfe088c8d88d8c05f825,delivered,2018-01-10 13:06:31,2018-01-11 10:08:39,2018-01-15 18:05:51,2018-01-24 16:59:45,2018-01-30 00:00:00
8ec0671b1fcacf329783aefb39813a64,8bdc70f24d1f362c1f43a1e1936c62f2,delivered,2018-07-18 19:23:53,2018-07-19 19:23:10,2018-07-23 06:34:00,2018-08-01 22:03:59,2018-08-09 00:00:00
fdf04954953ea35ab3c35d7518c0c0e2,24c341217e0b00da43204a0c3b09f0c2,delivered,2017-02-25 18:09:01,2017-02-25 18:21:59,2017-03-01 13:41:17,2017-03-07 08:23:57,2017-03-20 00:00:00
4aa4117ef80bbe1e9457269d73a68580,5967f24e6160649ee255a23ae45b7675,delivered,2017-08-03 20:57:27,2017-08-03 21:10:16,2017-08-07 19:03:47,2017-08-15 17:50:03,2017-08-25 00:00:00
e9edc2608eea850423e15031ee579dd6,98b724cee30116b88049808c70c5bcdc,delivered,2017-07-25 18:57:58,2017-07-25 19:10:07,2017-07-26 17:43:33,2017-08-03 20:04:01,2017-08-16 00:00:00
b5930ca6b3a52bd7169cffa2a4b8a83e,996c83a65f2069dac85d5cf79ea70895,delivered,2018-08-09 12:03:01,2018-08-10 03:15:21,2018-08-14 13:31:00,2018-08-29 18:42:45,2018-08-30 00:00:00
d6fec3a661e51c21131372fae5ddda39,dee69d036cea58b986511e88b20ad61b,delivered,2017-04-26 09:24:54,2017-04-26 09:38:51,2017-05-09 10:23:20,2017-05-18 09:24:42,2017-05-30 00:00:00
c774761f8e5fbbd73a64408df5698ea7,518ddb65d7023b1e0ca0b66f27533d26,unavailable,2017-10-21 10:38:30,2017-10-21 10:49:26,,,2017-11-03 00:00:00
2e58b7c9ceac16033e568d728d30d620,8b0d2a7469a834be66121a363b65bf20,delivered,2018-08-16 15:58:25,2018-08-18 03:09:50,2018-08-23 11:44:00,2018-08-27 22:28:38,2018-09-10 00:00:00
45ac77bb9af15639d413d76e5d57e3ba,eb11a05262d91efd01a058878dffdadc,delivered,2018-07-08 12:31:37,2018-07-08 12:45:33,2018-07-12 16:19:00,2018-07-13 19:51:42,2018-07-20 00:00:00
c79f8c734b529f21ee546d62e0b69eac,6ade4101ee6c8396cb2e3f4215066c01,delivered,2017-11-19 22:00:12,2017-11-19 22:10:24,2017-11-21 23:21:48,2017-12-05 14:59:23,2017-12-11 00:00:00
2964b6cd27845d965963bb6559e85b45,3b6954289445042b908cc49a153bbde7,delivered,2018-01-31 13:41:43,2018-01-31 13:55:35,2018-02-06 22:35:11,2018-02-09 18:23:28,2018-02-16 00:00:00
c19c55592299c2b3c838a4b77b639ed3,de5eb84a5a8ed2d3c0d0b7311a2010d6,delivered,2018-02-28 15:57:47,2018-03-02 02:29:48,2018-03-03 00:53:08,2018-04-10 19:38:42,2018-04-03 00:00:00
e2d4589339629645d85a6c1a8215edab,c69c9c755315a1cc8e9982dbbf8ccb59,delivered,2017-10-23 11:49:48,2017-10-23 12:07:45,2017-10-24 21:37:57,2017-10-31 18:49:31,2017-11-14 00:00:00
b0ed825ce4ca8cdc787a4f71bce6fba2,2d900c479bdb339c3d1535f7426b4fcf,delivered,2017-12-08 08:25:10,2017-12-08 08:36:21,2017-12-12 19:14:04,2018-01-09 20:24:04,2018-01-04 00:00:00
8b486b19bcb4db26c3e24a6e6d4e2e39,1be3aceab3595d6f6b923858d5b44edd,delivered,2018-03-27 17:19:28,2018-03-27 17:30:22,2018-04-10 18:26:56,2018-04-12 19:23:05,2018-04-24 00:00:00
adf4112330df6649bdfd1fb027d98e09,f262d6f9c2776b354037bd7fcce1a70b,delivered,2017-04-06 23:18:50,2017-04-07 02:15:07,2017-04-07 13:45:17,2017-04-13 15:29:46,2017-05-02 00:00:00
c8b8a114e6f6e79082614222a75d0353,53b13fa2d20d9011a49a2751c95433a9,delivered,2017-06-01 12:46:06,2017-06-03 02:22:41,2017-06-06 13:48:00,2017-06-13 09:17:45,2017-06-22 00:00:00
859ad47b72299a4f1f5c2be69ce83efb,d02c9aecd9f6f3408d2cbd842f467356,delivered,2017-04-20 23:13:48,2017-04-20 23:25:09,2017-04-24 14:55:45,2017-04-27 22:28:39,2017-05-10 00:00:00
33e0807c2b09499ec0026e216114cefe,b61886a49fa36917b1b64687c871e8f3,delivered,2017-11-01 16:00:04,2017-11-01 16:31:06,2017-11-03 20:55:46,2017-11-21 22:38:54,2017-11-24 00:00:00
f2cdef1ef7aa4977aec14761e7254580,087075f5ab05dc566937de205b5bc2a5,delivered,2017-07-18 13:36:06,2017-07-18 13:50:21,2017-07-24 19:59:29,2017-08-01 19:13:45,2017-08-16 00:00:00
d9e61dcd00568330306bd1733a413ae7,320b142aa54f0dff7195429d1f971540,delivered,2017-06-28 14:27:15,2017-06-28 14:44:06,2017-06-29 16:42:12,2017-07-06 13:46:40,2017-07-20 00:00:00
82f82b9841866db1e2221eb82a0a85cc,568c55c132a5bd410113f0ce45225353,delivered,2017-11-18 13:10:48,2017-11-18 16:15:28,2017-11-20 15:09:24,2017-12-04 18:25:03,2017-12-15 00:00:00
66f60a049e91f3849e5f8f328ccca54f,e6118b3f931172e65d7768368620eeee,delivered,2017-10-18 15:53:47,2017-10-18 16:07:54,2017-10-19 12:54:09,2017-10-21 13:02:25,2017-11-07 00:00:00
96fbdd47df43d3aa6c7f44abdc978f8d,ccba8aa1f34a81093f829d4d778ea6d5,delivered,2017-12-08 11:52:06,2017-12-08 12:10:07,2017-12-13 13:15:45,2017-12-20 18:14:31,2018-01-08 00:00:00
ec252f08021dea98d64f0ae822846768,49841ad82c7f85268f584fe741330f30,delivered,2017-07-26 10:36:36,2017-07-26 10:50:12,2017-07-28 15:12:52,2017-08-04 12:42:52,2017-08-17 00:00:00
788b5c7981deb39a53f098ed02cde155,2943396c3cbe75606b469976a0ec4e68,delivered,2018-03-03 12:22:53,2018-03-03 12:35:36,2018-03-05 18:16:30,2018-03-11 15:18:21,2018-03-26 00:00:00
7a281ea07cea9f99a15e8f67d6e982bd,062703dc98b5f31f01915424e32eace5,delivered,2018-06-02 17:00:59,2018-06-02 17:15:09,2018-06-22 18:42:00,2018-07-02 18:42:08,2018-07-05 00:00:00
a7b06f5455e9b377522cc7e8e41551a3,25cd1ce8cf78214600e04bef9b51bc17,delivered,2017-12-26 09:09:25,2017-12-26 09:19:20,2018-01-03 18:04:22,2018-01-09 19:34:39,2018-01-24 00:00:00
bd12688625f6f378f5892c777f735b1d,cd241660996be926eb075d2bdd2d0d61,delivered,2017-07-13 21:49:36,2017-07-15 03:35:21,2017-07-20 17:42:12,2017-07-29 15:08:19,2017-08-04 00:00:00
e1f07bd016a804b8e38ba7dcbe65d663,5418152785b11509ddd4e441060702a9,delivered,2018-06-24 23:01:22,2018-06-24 23:17:59,2018-06-25 13:07:00,2018-06-28 19:31:40,2018-07-20 00:00:00
0b3c0b254cd889f96d5426417aa548cd,5919e1f7863f9b5837dae40ab61436df,delivered,2017-10-18 16:34:56,2017-10-18 16:49:25,2017-10-19 19:47:44,2017-11-02 16:28:37,2017-11-10 00:00:00
0b8223a2d582ee50740baba714b65256,b98baf7d84898f6974710d8199a6f338,delivered,2017-11-07 20:23:18,2017-11-09 16:07:16,2017-11-13 18:47:24,2017-11-26 13:49:08,2017-12-11 00:00:00
6b89a78e042eff08232ab1fec808a30a,f508e94f5b9c5311cbfc562bcbe6bd2f,delivered,2018-07-23 19:41:32,2018-07-24 10:31:02,2018-07-24 13:48:00,2018-07-27 19:10:53,2018-08-07 00:00:00
5c4b6f896e003ca0b2a00ac3d1124822,4a7d8adf6241b22f54bab3bc2004ff58,delivered,2018-08-15 00:20:37,2018-08-15 00:30:18,2018-08-15 10:12:00,2018-08-20 11:39:57,2018-08-20 00:00:00
43868f14b4ab88057605c96f7c8c820d,a9f71f4f860e3954721e0f6b77c58fc5,delivered,2018-07-03 23:10:38,2018-07-05 16:13:33,2018-07-12 11:32:00,2018-07-13 23:08:10,2018-07-20 00:00:00
a979f259e3f69ceb4f856111481db7e7,36c97de8d5d1c683eb313ee1a4277ca5,delivered,2018-01-31 17:51:57,2018-01-31 18:08:17,2018-02-02 19:04:50,2018-02-07 22:23:34,2018-03-01 00:00:00
6ca834e14df3fb5924d4e7fe551c80d9,73e1b03fe677803ab302437065bb5cee,delivered,2018-02-22 12:21:56,2018-02-22 12:35:40,2018-02-22 21:33:58,2018-02-27 21:33:13,2018-03-14 00:00:00
96c1729a2b2307326d6f7b1fc6c8d27f,6591cd97508dce287ed3f3c8a473f3d5,delivered,2018-01-05 18:57:57,2018-01-05 19:08:04,2018-01-08 23:03:22,2018-01-10 13:24:12,2018-01-23 00:00:00
1b89139ef993dbbae095e98a557c8599,20b30ab102c6c4c8fb9bb49bb24e4bea,delivered,2018-04-12 09:25:32,2018-04-12 09:35:19,2018-04-12 19:42:07,2018-04-19 17:38:48,2018-05-07 00:00:00
984b33682c48ca8bfd773ebdfd0161fe,6003a3a8e782dcca760533542aecd5b2,delivered,2018-07-10 20:40:26,2018-07-10 20:50:13,2018-07-11 12:16:00,2018-07-13 00:09:50,2018-07-27 00:00:00
50aac4af5f330951d508c0c255fde322,70bbc573466c79e7052d08317e650d97,delivered,2018-08-14 00:25:18,2018-08-14 00:35:17,2018-08-17 13:29:00,2018-08-26 12:52:20,2018-09-11 00:00:00
c8332aa7a15349000b30b596b50a98f4,6ce8e8da73c3e1e90fc5d03e68a41013,processing,2017-02-25 10:11:17,2017-02-25 10:25:11,,,2017-03-20 00:00:00
020550d9cdfb7110d07fd1a1f8937c6e,b8cd636f6513382dd886029c3e51c412,delivered,2017-09-02 17:47:17,2017-09-02 18:04:25,2017-09-04 21:24:07,2017-09-18 10:53:52,2017-09-21 00:00:00
41ef253cac66335bdb0b51fb4853f04e,4fa18a32f545d52b2e957bb406d5235f,delivered,2018-08-13 17:32:53,2018-08-13 18:04:10,2018-08-15 07:25:00,2018-08-23 01:03:46,2018-09-05 00:00:00
4fb64bb04e5235a2c7b3290e21c2938c,c9a12964473d3e6e2bbb97b5b1d34173,delivered,2017-07-08 17:10:34,2017-07-09 17:15:10,2017-07-11 17:17:50,2017-07-19 18:25:56,2017-08-04 00:00:00
5a67391875062bbd3116a5c00524648c,7aadf2d7394cd9b911f7b1fbc9d85bd9,delivered,2017-11-02 13:35:16,2017-11-04 13:26:06,2017-11-06 21:22:17,2017-11-08 20:41:53,2017-11-23 00:00:00
55a3ba5076175f9373b20f92dcbc5abb,f1ba5827469c53650930595381439605,delivered,2017-09-11 19:55:17,2017-09-13 03:15:38,2017-09-14 19:47:49,2017-10-04 21:14:44,2017-10-05 00:00:00
3e34f8c0022e2a7093ae49d16555e06b,4baa14dc11a125b429a40f3ff20a52d2,delivered,2018-08-01 17:43:33,2018-08-02 05:30:47,2018-08-08 11:21:00,2018-08-15 16:45:52,2018-08-17 00:00:00
76b8258d41352cf46d8f0a57404d9c03,8323f575b8ed7b91e5856f51f7e33684,delivered,2017-12-22 23:08:07,2017-12-22 23:31:22,2017-12-26 22:15:58,2018-01-19 03:06:45,2018-01-31 00:00:00
5060197f7c574e4528d505af5308c386,f2a59cf59c76081f590e1a48da832d84,delivered,2018-06-28 12:47:58,2018-06-28 13:11:00,2018-06-28 14:59:00,2018-07-03 03:49:13,2018-07-23 00:00:00
266ceade77126c8832baca0f856701de,44b8ccd6c1a47281e411eac02c27825e,delivered,2018-03-01 01:44:29,2018-03-02 02:10:55,2018-03-05 23:05:40,2018-03-22 00:14:31,2018-04-02 00:00:00
ac5f181248028b06eda09434ddb48d5e,7b2fd6202ba5bd0155e95bceb7aaa6ff,delivered,2018-02-20 16:08:32,2018-02-20 16:28:16,2018-02-21 20:27:17,2018-03-08 21:50:32,2018-03-22 00:00:00
f5f7452f238f50e76a6fc959df850def,5e28718800958c9b17749226df1f8b02,delivered,2017-06-07 12:14:43,2017-06-07 13:25:08,2017-06-07 15:04:52,2017-06-19 14:07:10,2017-07-04 00:00:00
d1543ed643aa74672a7cb5a650e3fcef,f405c1508283b811894b6fdb085041cb,delivered,2017-09-09 19:44:50,2017-09-12 04:35:37,2017-09-13 19:57:34,2017-09-18 16:35:49,2017-09-21 00:00:00
6cf42125a37be6793fa08e470569048f,bf812d5b2d878686b30f34c3aa674aed,delivered,2017-06-30 16:43:50,2017-06-30 16:55:20,2017-07-04 16:03:56,2017-07-12 19:19:23,2017-07-24 00:00:00
29182856a24c6eeb1d7b81ba1fe63190,e13dd3f5bb12b741263db05564de3f13,delivered,2017-07-20 16:52:06,2017-07-20 17:05:16,2017-07-21 12:39:28,2017-07-29 15:04:38,2017-08-11 00:00:00
6fd99ae46481ecfc9fa468d54f403e90,241e24a2a5d48bf966167292a828533f,delivered,2018-08-03 09:59:04,2018-08-04 04:05:31,2018-08-06 12:29:00,2018-08-08 23:58:32,2018-08-13 00:00:00
156242b49774cc67b7917c512bc128dd,78756227f125559cd869e1de36480a89,delivered,2018-01-15 20:40:31,2018-01-15 20:50:43,2018-01-18 18:39:49,2018-01-25 20:09:21,2018-02-16 00:00:00
bc955a9c03547d89541386d8b5105b75,586e6b33b9e54d86a309e1142219764f,delivered,2018-06-22 17:27:08,2018-06-22 17:58:44,2018-06-25 12:31:00,2018-06-29 16:11:05,2018-07-26 00:00:00
641292e8fd78ba42f0c7ae8786620a83,6f1adf4c543653de220d53925534c94d,delivered,2018-03-18 15:15:50,2018-03-18 15:30:27,2018-03-19 22:17:29,2018-03-28 15:56:39,2018-04-06 00:00:00
1cf471f71a04b68d1cda071b51d7e391,961071125f29a1927a25ae916455ef78,delivered,2018-07-21 22:44:57,2018-07-26 23:33:00,2018-07-23 11:26:00,2018-07-31 17:04:59,2018-08-22 00:00:00
8a8eb699f875d17840c4b11dd7613964,84e89ea4b70f50875e4921ff0225c879,delivered,2017-12-29 19:12:08,2017-12-29 19:26:27,2018-01-02 19:14:14,2018-01-05 18:23:13,2018-01-26 00:00:00
d48044395576c3b0d752662aa20cece5,b51ca8198173cb2c2a18dd8cfc7fd7f5,delivered,2018-07-14 16:49:34,2018-07-14 17:15:14,2018-07-16 09:23:00,2018-07-20 17:37:50,2018-08-09 00:00:00
49e2b3ab4c8c50eb6906482c56bfd556,da6cb7eef925e188185746de0a8d64a9,shipped,2017-11-26 19:03:02,2017-11-26 19:12:43,2017-12-01 23:56:27,,2017-12-11 00:00:00
10077b08b85e7134302b875ffed3366b,1f4e5f322aadd24fa0ae2f6b1f8fbb2b,delivered,2018-03-07 09:27:17,2018-03-07 09:48:43,2018-03-10 02:14:52,2018-03-21 11:52:51,2018-04-19 00:00:00
f380f2af4b81c39da36a06a133dd12c8,6d00bbccd1380d2c1e23820193b1a53c,shipped,2018-06-08 16:59:47,2018-06-08 20:32:05,2018-06-14 12:02:00,,2018-07-05 00:00:00
3ff0a629f4dd40fa3b97b60531307582,3464610f9baa807cd8f66dd1c11e5ffc,delivered,2017-08-18 11:07:15,2017-08-18 11:24:33,2017-08-29 12:48:24,2017-09-01 22:17:04,2017-09-08 00:00:00
1e07ba4e9a6dafcecd0c46111e477e5c,ebfe7f31f9c0f96c6e0ce986e77a1359,delivered,2018-02-15 18:54:00,2018-02-15 19:10:26,2018-02-16 20:27:00,2018-04-17 00:52:06,2018-03-16 00:00:00
1c748687e58d9c5b30aa8ffff5747fe2,5fdd52bd1a451a378de455742ab4d752,delivered,2018-06-20 11:01:23,2018-06-20 11:26:17,2018-06-21 14:18:00,2018-06-25 14:26:41,2018-07-18 00:00:00
c58a30614b49ec54fce768c0df52ba8c,7ae6a80cf1e0680e6e7ff1881f08a9a8,delivered,2017-03-30 19:59:25,2017-03-30 20:10:17,2017-03-31 14:21:32,2017-04-11 12:49:44,2017-04-24 00:00:00
3f35c6738385d5ce2e765fc1743efe80,fe1c4e7260a6939cdfa7bf4c5371ea4d,delivered,2017-10-23 15:14:04,2017-10-24 03:25:52,2017-10-26 18:42:27,2017-11-01 18:39:02,2017-11-16 00:00:00
61bc8dd0e1ab999fd06dc63b7295dee4,84e9f74bfc2a068fee9d96789229a455,delivered,2018-05-01 08:58:31,2018-05-01 09:14:47,2018-05-02 14:58:00,2018-05-07 23:06:31,2018-05-24 00:00:00
3e9bdc72197be8d2881273a27efc207d,58c6845f76a94d9d8413b051ae4c9d46,delivered,2018-07-31 10:27:34,2018-07-31 11:04:39,2018-08-01 13:42:00,2018-08-03 22:37:50,2018-08-07 00:00:00
3d1fcc8acb99a614e2f84ed9ee3417f5,57084484e76a8290cf2c9f4968235f19,delivered,2017-06-08 07:43:19,2017-06-08 07:55:15,2017-06-13 17:15:16,2017-06-21 18:14:12,2017-07-10 00:00:00
a8c12ad0f19ddd006359fef29b1eafc0,0ed69dedf24f7a41d9a121f868ca58a7,delivered,2018-01-31 11:51:37,2018-01-31 14:21:24,2018-02-01 16:33:59,2018-02-05 17:54:34,2018-02-16 00:00:00
a328c24c32a2e3815402210e8bb95c5d,0af7fa6075b712e4e90ee3b1ca759872,delivered,2018-02-08 20:01:54,2018-02-09 20:07:57,2018-02-22 11:47:13,2018-03-05 21:58:30,2018-04-05 00:00:00
8af4559f1066337d1418a13215e1fe2f,2da986617395ca6fa2c78584d66ed69d,delivered,2018-03-15 12:40:58,2018-03-15 12:50:55,2018-03-16 00:03:37,2018-03-22 16:13:14,2018-04-03 00:00:00
d7b9a152c1afa4cc6369201a7b04dc68,66941ffc0731c1c827d9a5c6121cd9cb,delivered,2018-01-16 12:37:10,2018-01-16 13:31:16,2018-01-16 22:18:14,2018-01-30 00:06:28,2018-02-09 00:00:00
78c13513d30056e98c389d49a5634361,8ef1cfde70a8df9626df676a74558fcf,delivered,2018-06-02 20:46:04,2018-06-02 20:55:31,2018-06-04 11:31:00,2018-06-26 18:16:35,2018-07-05 00:00:00
7c74b6a47ffad9deb24bd2a1f0b0acc5,95e4216612b16855852e2b9efa6174d2,delivered,2017-12-04 17:22:31,2017-12-04 18:30:27,2017-12-06 12:19:01,2017-12-14 17:46:49,2018-01-04 00:00:00
80603ff81081f5b1afa87c01e8cf490e,b40470090c991734c9631e717f50babc,delivered,2017-11-07 10:29:57,2017-11-07 10:46:14,2017-11-10 17:56:41,2017-11-14 16:59:15,2017-11-27 00:00:00
45ae42280548c03b6b40058b455c462f,3c47339c46dfdd322a6ea49af536dcba,delivered,2017-10-18 11:42:32,2017-10-18 12:04:53,2017-10-18 22:33:24,2017-10-23 18:42:19,2017-11-06 00:00:00
84b534c4e6899dae169caa25fa2c887c,ee7b717223b68b96062227b4182befc7,delivered,2018-04-19 09:14:56,2018-04-24 18:18:18,2018-04-23 22:06:43,2018-04-28 00:49:01,2018-05-14 00:00:00
b3eb711b3ee8bcf03282d08691df711c,6995f12b21fdf8e6a245b17888e38a46,delivered,2017-04-12 02:35:02,2017-04-12 02:50:59,2017-04-25 11:59:57,2017-05-15 11:47:58,2017-05-15 00:00:00
74d77b51e4f28bc2b7a17ec496e2dff6,363f45d247581bb541f4a0dcb00f5854,delivered,2017-08-25 15:24:46,2017-08-25 15:35:10,2017-08-29 00:19:57,2017-09-13 21:03:36,2017-09-27 00:00:00
ff10b62db3f289f07be76e4ca32af5a4,d5f2b444d2c4733f0ca232b00f0ede7f,delivered,2017-07-07 20:25:16,2017-07-07 20:43:01,2017-07-11 20:22:17,2017-07-24 22:17:53,2017-08-04 00:00:00
ea5de982dcad5c99c514bce533478cc3,ead3dad6c0d88204add1db3b03422ff4,delivered,2018-01-04 17:42:07,2018-01-06 02:08:09,2018-01-10 17:13:38,2018-01-16 19:38:40,2018-02-01 00:00:00
d8681bf9afb5bfde505998488d3c61fd,ddc77abd22e933d59b40e2607bef670a,processing,2017-12-04 11:30:23,2017-12-04 16:30:35,,,2018-01-04 00:00:00
2f1642c8c5711247bfeb02715ea26281,9494976788eca99f57d31fb2ceb3d13b,delivered,2018-04-13 11:42:30,2018-04-13 13:31:40,2018-04-24 21:36:39,2018-05-08 22:51:18,2018-05-15 00:00:00
0ab29b3ae0c49bff1cfb0b0137c20da5,6ce08c3a8b69a46f5bd4f0acd2fa75da,delivered,2017-05-30 23:24:11,2017-05-31 23:15:17,2017-06-01 14:38:50,2017-06-08 16:57:59,2017-06-28 00:00:00
bdfdaf0cec4a3710b0c2a0c91cddaa56,b4a8ee40d78cd04d9a9d2a3f1ce9a96e,delivered,2017-10-15 15:15:09,2017-10-15 15:28:18,2017-10-17 16:34:06,2017-10-24 17:15:41,2017-11-07 00:00:00
523f7d5ee2ea5775addb6d622b17f92b,552e7e9f0ce56bed382db0b069220cdf,delivered,2017-10-31 16:48:48,2017-10-31 17:07:51,2017-11-06 14:46:34,2017-11-23 22:42:35,2017-11-23 00:00:00
82b3e56e64b216d06b20bb4ca4a0d84e,0335ba5113b08cc91e56660c92b370bd,delivered,2017-12-19 19:09:35,2017-12-19 20:11:27,2017-12-20 16:52:07,2017-12-21 14:28:49,2018-01-08 00:00:00
6b0c5f80e463c04c7658b97d1d37aa00,a84df861dda3906c111ac27696b392f5,delivered,2018-05-03 12:32:22,2018-05-03 12:55:31,2018-05-14 13:46:00,2018-05-28 22:35:40,2018-06-06 00:00:00
57a5c252ff21dfb77def9d474c54edd4,8f44c4a58c3cd29ee9049c3d80829324,delivered,2018-02-15 11:14:27,2018-02-15 11:47:33,2018-02-19 19:13:14,2018-02-24 00:57:42,2018-03-01 00:00:00
ce3abd2569c0c0d134bb15bbda8f86d9,ff282e3d3ba95c1618a6d83f376a3ed3,delivered,2018-03-30 15:51:34,2018-03-30 16:07:36,2018-04-03 18:08:39,2018-04-12 20:59:29,2018-05-08 00:00:00
3c4a05391c2fcd152731f52de8fc4347,a5c69c3bf293d341b6a56a4b7307c529,delivered,2018-03-18 14:08:48,2018-03-18 14:28:18,2018-03-19 16:37:36,2018-04-08 16:54:36,2018-04-10 00:00:00
100ccf092aa1eeba827f980da1c2bfe7,58db18c5ccae27fb77413310dce9c933,delivered,2017-11-10 19:05:34,2017-11-14 03:35:24,2017-11-16 20:56:51,2017-11-28 19:03:36,2017-12-07 00:00:00
ce6e8af063580cc9f902fd9c1d171c33,fc326475445a5ab9acd69c20f52633c8,delivered,2017-11-24 11:34:58,2017-11-24 13:33:10,2017-11-28 19:18:43,2017-11-30 20:27:53,2017-12-08 00:00:00
2c52a346156e0b2ae61c3642e9cc9d91,b82b5150a2c602dc8ba92d1b18881857,delivered,2018-08-06 01:16:56,2018-08-06 01:25:09,2018-08-06 13:14:00,2018-08-11 00:58:53,2018-08-15 00:00:00
89dcc8e6ba6b8f472cea330e77e1d155,b31c12ea4d710bdd9d0ba78cd8867d68,delivered,2018-04-08 12:33:20,2018-04-08 12:49:47,2018-04-09 21:35:29,2018-05-03 20:08:49,2018-05-09 00:00:00
20945512a77a36bc778b1c9d7715dfa2,85218b834968292c0e51bc4359ccff40,delivered,2018-01-14 13:04:46,2018-01-14 13:11:29,2018-01-25 16:15:39,2018-02-08 16:38:22,2018-03-01 00:00:00
8afeb7bc3891eac7f715564dae308c84,0dcc7b618e4ad88337034f01e2255953,delivered,2017-11-24 21:08:57,2017-11-24 23:59:10,2017-11-28 13:12:33,2017-12-12 18:45:46,2017-12-22 00:00:00
94a8d8bcc1d121eda5d59670f27d48e8,f8b42eabc832b6afada3094e7eb0d711,delivered,2018-04-02 21:04:15,2018-04-02 21:15:22,2018-04-05 00:28:22,2018-04-18 16:49:32,2018-04-18 00:00:00
f45eb7ff532991bec1d36d048790becd,51bd8255edf8ca47a3a6b18bb24f92c5,delivered,2017-10-22 20:02:47,2017-10-24 03:56:33,2017-10-24 20:00:04,2017-11-01 17:47:26,2017-11-14 00:00:00
5a36e0cadeb1361495426b6f5b8c01ae,9403fdd403601447af5dabb2cf3bbbbe,delivered,2018-06-11 00:00:29,2018-06-11 00:19:09,2018-06-11 14:43:00,2018-06-12 17:32:58,2018-06-29 00:00:00
8176ade636d355663673260d5f4faa54,519037976a519a9bc93c1072764e9d00,delivered,2017-05-19 08:20:59,2017-05-19 08:30:12,2017-05-19 09:46:07,2017-05-24 15:42:13,2017-06-08 00:00:00
fd628778e4d2c610c8806d7b69b4e749,86e22883736a519f6aeacb3be7ca3a31,delivered,2017-07-30 21:15:03,2017-07-31 21:23:21,2017-08-03 15:47:46,2017-08-07 19:41:33,2017-08-15 00:00:00
6b0114653ee8efa6de234fe7cee7269e,1830ab07384eb6fb54505f9bad3639b6,delivered,2017-09-15 16:20:39,2017-09-15 16:35:26,2017-09-18 16:12:08,2017-09-25 21:24:31,2017-10-04 00:00:00
f9245df1b0c468848b543715adf6c4eb,5b27ead11387efc7a24a84b33b05d2b9,delivered,2018-05-15 16:20:02,2018-05-17 03:34:48,2018-05-18 13:04:00,2018-06-04 18:18:34,2018-06-04 00:00:00
3f659c93a9c8600a0b0acf0eb42663d3,4d46e7275d4a252e48cb5c22cc7259b5,delivered,2017-11-23 12:20:19,2017-11-23 12:49:20,2017-11-23 20:46:38,2017-11-25 14:54:56,2017-12-07 00:00:00
a9a67deaaaa7e71d9a725e722a09e22b,f5f3242bba5ab36a8ade51d9d8f283d4,delivered,2018-08-22 17:47:25,2018-08-22 18:04:30,2018-08-23 15:35:00,2018-08-29 20:18:35,2018-09-03 00:00:00
a223cabf8961911bec789b0f31c66592,520821da53c746a4d05a5fbca575eb1a,delivered,2018-02-02 22:46:57,2018-02-02 23:10:43,2018-02-06 22:09:17,2018-02-07 20:52:52,2018-02-20 00:00:00
2a8789e83153f52f4449981b7193f993,64edda72abff7c840560d17937128c6d,delivered,2018-08-14 15:12:04,2018-08-14 15:25:24,2018-08-16 12:04:00,2018-08-21 21:46:36,2018-09-12 00:00:00
c2444bc9b1b352c434dfa9a4baf7236f,92877c6d2ea6146c990bda7156322c21,delivered,2018-02-06 23:12:21,2018-02-08 07:35:48,2018-02-08 20:22:06,2018-02-14 18:18:53,2018-03-07 00:00:00
82559a560833ecfeecaa790d65fd2272,0add9bcc3d6e15ca9171f5bdc6b9ef7d,delivered,2018-03-28 22:22:04,2018-03-28 22:35:18,2018-03-29 19:24:01,2018-05-08 22:45:59,2018-04-30 00:00:00
a9e8723ce1d27e389ff1e5ef7a71502b,773aef8cbaeca83e52ccdef46bd502f4,delivered,2018-08-10 00:04:34,2018-08-10 00:24:44,2018-08-13 12:24:00,2018-08-23 23:56:29,2018-08-31 00:00:00
cf650037c918409bca8e5e67ee7dcfbe,67ddd0891499d2826566d7efc66b02d1,delivered,2018-06-20 20:27:50,2018-06-21 08:18:44,2018-06-21 10:37:00,2018-07-03 16:18:41,2018-07-17 00:00:00
42c1fb96d0ddaa4cd3e00d607bf2cfe7,1d13a688c080887be804f5da5291fe95,delivered,2017-03-22 00:02:59,2017-03-22 00:02:59,2017-03-28 09:54:11,2017-04-03 18:40:02,2017-04-12 00:00:00
3dee10a1bffcabb51920d1aa6f2779a8,75e5ef83203962832d2967a5c1e8af8e,delivered,2017-11-22 16:48:43,2017-11-22 16:59:47,2017-11-23 17:57:27,2017-12-18 22:13:47,2017-12-13 00:00:00
64c3463da17e1c9262d302b03a81fb0b,589a69c58e212423c7bf817269be05df,delivered,2018-05-07 21:47:15,2018-05-07 22:11:35,2018-05-08 15:07:00,2018-05-09 20:40:56,2018-05-15 00:00:00
7fa8a261aff75638a6a7fae15425728a,2ca87087e2d5c60c70dcbe6dc2428931,delivered,2017-07-02 10:53:51,2017-07-02 11:05:10,2017-07-06 13:42:03,2017-07-17 17:17:31,2017-07-27 00:00:00
22fe58e8a8084630f52ce3fbb02c9ac1,55432010afd9240b386a32618ff487ec,delivered,2017-11-07 12:40:52,2017-11-07 12:50:39,2017-11-22 03:15:43,2017-11-24 20:43:01,2017-11-28 00:00:00
d11208971f804f638723ce2aa60824ad,66a32073e3383a7e7540bf30a1c416fc,delivered,2017-12-13 01:30:39,2017-12-13 01:50:17,2017-12-13 17:48:05,2018-01-03 16:25:28,2018-01-17 00:00:00
bdf723af2ddbd0a12d8ba00e8fff0a55,fbd16203f972e4630c74bbcdc5940f9f,delivered,2018-04-16 11:52:42,2018-04-17 05:50:10,2018-04-17 17:22:21,2018-04-24 16:51:51,2018-05-16 00:00:00
9444fa2ab50a3f5af63b48be297eda24,661897d4968f1b59bfff74c7eb2eb4fc,delivered,2017-09-09 15:40:00,2017-09-09 15:50:24,2017-09-11 13:43:41,2017-09-18 20:21:42,2017-10-02 00:00:00
5c4ec0b02d869e3ebd5468a344b99268,db2f809e35c2ad2c41a316d7c645aeb9,delivered,2018-03-20 19:53:27,2018-03-20 20:08:20,2018-03-27 00:54:34,2018-04-04 23:13:40,2018-04-06 00:00:00
468be8d69d6a7ae5dffc7d6c694370f0,ccd98f8b088a12d741c792397fab80a0,delivered,2018-05-27 17:29:44,2018-05-27 17:51:47,2018-05-29 13:57:00,2018-05-30 18:18:56,2018-06-13 00:00:00
a610b42e6e4319084d3ce5f60e0dc1ff,38fe17916fc80f1ef8722075cafc9070,delivered,2018-08-05 19:15:52,2018-08-05 19:30:14,2018-08-06 13:09:00,2018-08-07 17:05:49,2018-08-09 00:00:00
9edb5899606254447166a651aa65c063,97506d4cd017040573666207f7ad537d,delivered,2018-02-23 14:49:38,2018-02-23 15:16:00,2018-02-26 23:27:12,2018-02-28 15:33:01,2018-03-09 00:00:00
c7387d86e09f2823f6062d8c2378ce02,afe44c51b2ff47d26e457d10585bf8b4,delivered,2018-08-08 15:01:55,2018-08-08 15:10:23,2018-08-09 12:21:00,2018-08-15 23:45:29,2018-08-31 00:00:00
dc37184f657b0a29cc075bb4b6adffad,ddce998199bfc22de1eec95cfbba9ca1,delivered,2017-07-16 23:14:37,2017-07-16 23:25:09,2017-07-18 17:57:32,2017-07-24 19:57:53,2017-08-04 00:00:00
6a5843185f8ef3ed2de016f4d88be0ec,c95a657b0a8875f1805ce9368a62fbcf,delivered,2018-04-20 11:01:57,2018-04-24 18:44:28,2018-04-23 23:12:32,2018-04-27 16:48:38,2018-05-16 00:00:00
2ca1528ba222dcef1b182632376e53a0,44d89c65f6578eb86f1db3cefdbdf9e6,delivered,2018-01-09 00:33:27,2018-01-09 01:34:42,2018-01-10 20:15:04,2018-01-24 20:18:10,2018-02-23 00:00:00
b69d93eb408ba1dbb0f56f69817a6ac4,2455e60f97ac33afd680f99a68760caa,delivered,2017-09-16 12:18:30,2017-09-17 12:25:13,2017-09-19 14:23:53,2017-09-26 21:28:42,2017-10-16 00:00:00
e256ab04ce7391ab62f4529432f97954,49ccbfd1fe138bc6ab35fd19ed1bc414,delivered,2017-11-14 19:49:16,2017-11-14 20:07:26,2017-11-17 16:11:45,2017-11-28 17:05:11,2017-12-11 00:00:00
99f48f57d8e3a6f6bcc13902ee0067c7,5e87f5c6305f7fdd1ce6d022d2b997a7,delivered,2017-07-20 21:55:16,2017-07-20 22:05:43,2017-07-21 12:41:30,2017-08-01 16:57:27,2017-08-15 00:00:00
98e3407bdcc7155e2c7a5bc47d670de7,7d33163eee790347937a2d11c88271e7,delivered,2017-03-31 14:47:49,2017-04-03 06:50:08,2017-04-03 09:41:31,2017-04-05 12:17:58,2017-04-25 00:00:00
558664b1fbd872709e44602c70ff9256,a85977bf6665a80347ed3e48860f79f5,delivered,2018-03-30 08:18:59,2018-03-30 09:07:44,2018-04-02 22:22:19,2018-04-11 01:58:40,2018-04-23 00:00:00
0507a74781354ea643bff372311d2a97,cdf96d2b0152fd28e7ded02cd0743815,delivered,2018-05-21 16:41:06,2018-05-21 17:34:06,2018-05-22 19:04:00,2018-05-23 19:32:17,2018-06-04 00:00:00
f00c74caaa25430b1fa361c158e8996a,e1ec5ddd749cd760a0c408a40ae5a4a3,delivered,2018-05-09 19:19:19,2018-05-09 19:35:32,2018-05-24 09:50:00,2018-06-20 13:35:46,2018-06-07 00:00:00
3d40c6056f68e49782a7c576c8b57e3d,0c15d66c29d5caa12e5da17d1e5e6077,delivered,2018-02-28 17:47:48,2018-02-28 17:55:36,2018-03-01 17:28:49,2018-03-19 21:16:49,2018-04-04 00:00:00
b3095fffac9c11772e0c2344320bdbe0,71f4e0e0f3b6960d818e2ca6e92261c8,delivered,2018-03-31 14:13:37,2018-03-31 14:55:20,2018-04-03 13:08:40,2018-04-27 22:28:40,2018-04-26 00:00:00
77b6edd13efe99269ef9b78006e133a3,2966bc94f88221d894371af25b56a091,delivered,2018-04-11 22:05:58,2018-04-13 15:52:26,2018-04-19 20:46:48,2018-04-24 19:05:44,2018-05-08 00:00:00
236e6ec6171c1870d4bcf4ccfad87f49,0fa12cb295663a40f53876e73aa7c460,canceled,2018-08-21 15:12:31,,,,2018-09-11 00:00:00
872d50e4eee9c719855e98dbf74daafc,30f93fb1dd34821c6ddeefc08f66a537,delivered,2017-09-24 17:24:25,2017-09-24 17:44:15,2017-09-27 15:28:39,2017-10-17 11:15:13,2017-10-26 00:00:00
27fe1bf2ef6671ce5e66d6958f828422,c40a784c17fc33789c6778125abd1fe7,delivered,2017-08-07 01:06:50,2017-08-07 01:24:06,2017-08-21 21:17:58,2017-08-24 19:53:32,2017-08-30 00:00:00
765054a31662ba89ea874067464f50e3,c0688a7dc61208a65a97295cc16c77b3,delivered,2018-04-26 13:46:05,2018-04-26 13:55:28,2018-04-30 06:32:00,2018-05-15 11:33:20,2018-05-25 00:00:00
e74d9394729b685d668169c86cd0b30c,c8fe64c888322ebadbf08b8ccd34c309,delivered,2017-09-26 00:04:46,2017-09-26 00:24:54,2017-09-27 18:55:40,2017-10-11 16:27:54,2017-10-25 00:00:00
2c52873e8d170a8426be048f8321df84,31dded38edbb8675e3ce378703219fd4,delivered,2017-11-24 08:06:08,2017-11-25 05:35:41,2017-12-01 20:17:59,2017-12-19 22:46:29,2017-12-15 00:00:00
b49d5f43da21654579db97f4ffc29e5b,e5d2ef268a21920a1d3747b717f36c88,delivered,2017-10-20 04:26:59,2017-10-20 04:35:17,2017-10-23 15:20:15,2017-11-01 21:33:29,2017-12-15 00:00:00
b2a075b61f56f754745f60eeca7c0f63,cb8142639e986f3ffda553fea7e60b3b,delivered,2018-06-21 09:56:56,2018-06-23 02:20:39,2018-06-25 10:50:00,2018-07-04 21:38:47,2018-07-20 00:00:00
b033496f0a8ef446d5a1e2fa5038be7c,4b8c45f8b7d4885fdd94fb1f6e2336ba,delivered,2017-09-26 12:35:33,2017-09-26 12:49:38,2017-09-29 14:22:17,2017-10-06 20:09:14,2017-10-20 00:00:00
60530b8ca3078f2c9039b970e94e7c61,168938452d6c390529f6c7012a6ae885,delivered,2018-07-30 11:12:54,2018-07-30 11:44:35,2018-08-14 12:56:00,2018-08-20 16:49:46,2018-08-28 00:00:00
fe89167e2ec9e9b03d0a6f28a2987381,b171f4d6134c0cc013a5c892e658e43f,delivered,2017-12-02 09:53:13,2017-12-02 10:18:29,2017-12-04 17:56:37,2017-12-11 20:14:54,2017-12-29 00:00:00
d3d3517767529dd0eb9e27a460be3497,29db75acc596d546418ba355b0d7293e,delivered,2017-07-11 10:06:44,2017-07-13 02:56:20,2017-07-13 21:05:54,2017-07-25 20:45:02,2017-08-02 00:00:00
1f03ec4b4ae0bb2870a451ecedbd3644,a0958418211a75b00721c46c3bd8edc4,delivered,2017-10-18 00:28:21,2017-10-18 00:49:19,2017-10-20 11:18:30,2017-10-26 22:37:45,2017-11-09 00:00:00
f545c6d66e2fa494386ccbdd3e6762cd,5067d126bcdf8822347ae96bd0cf8a97,delivered,2017-07-23 15:56:36,2017-07-23 16:10:16,2017-07-24 20:16:34,2017-08-03 16:37:28,2017-08-18 00:00:00
d17ebef6117650c283479ff4dca49c6f,05e86ce92eb1b627c2296627078d237c,delivered,2017-07-20 12:00:22,2017-07-20 12:10:08,2017-07-24 16:24:55,2017-07-31 19:03:53,2017-08-21 00:00:00
a61e700a88111a17f8158f275c06631d,e3bfb3523518b2e4074add07c9e81098,delivered,2018-06-20 18:12:20,2018-06-20 18:39:07,2018-06-22 13:48:00,2018-06-27 00:14:32,2018-07-20 00:00:00
e4cf57dc41ad53ef127bb5cad28a8d9d,55e7ad193ea6e647c4c78a48a616da2b,delivered,2017-07-20 08:42:25,2017-07-20 08:50:14,2017-07-20 19:19:34,2017-07-31 16:56:59,2017-08-17 00:00:00
0df9a1a63af12d4f148157a5264421b0,e68ce7d126e7312b9b1acf8b5706f914,delivered,2018-03-21 14:35:36,2018-03-21 14:48:49,2018-03-23 01:48:32,2018-03-23 19:51:00,2018-04-10 00:00:00
0b843b79b45dddbd796c0a7e51b2c6ca,fbb815b1596389418e2666320654b129,delivered,2017-03-09 20:08:39,2017-03-09 20:08:39,2017-03-10 08:54:55,2017-03-22 13:27:59,2017-04-11 00:00:00
788b1a554c3dcc3cd110e466464a01ac,94c67b1e5d3c7f6833e400b57aae7285,delivered,2018-03-14 14:16:24,2018-03-14 14:30:33,2018-03-15 20:02:24,2018-04-10 20:41:17,2018-04-11 00:00:00
63cb128cde71b3b1a6cc68b0c39cb66a,6bf35e4f434dccd3b07ca51958fd1a80,delivered,2017-11-16 22:54:35,2017-11-16 23:05:36,2017-11-22 17:13:01,2017-12-06 19:33:21,2017-12-15 00:00:00
962aeb93da677a2ce2fdb8e771e4668e,9c5c5411e5e1bee12e3d673fc529ab83,delivered,2017-06-29 22:17:56,2017-07-01 04:43:20,2017-07-03 10:49:11,2017-07-07 15:45:03,2017-08-03 00:00:00
516f5de9225a8f51acf38a5d5057bdd7,31beb004638ae8fbbddd66eab1a4b74e,delivered,2018-08-13 20:45:48,2018-08-13 20:55:31,2018-08-14 16:06:00,2018-08-20 22:09:50,2018-08-31 00:00:00
8850fc4abf81a195c5954f60443a230a,327b7945357e53c8e674445810cb8213,delivered,2017-04-20 16:37:54,2017-04-20 16:50:15,2017-04-24 12:27:16,2017-05-08 10:26:00,2017-05-16 00:00:00
4baeb46418ac44b0f5ab2795772663b3,c85fdfeab2e519ab4bd80f175e3d7cda,delivered,2017-11-24 13:16:01,2017-11-28 02:59:31,2017-11-28 18:56:06,2018-01-04 15:19:06,2017-12-20 00:00:00
b44e4934b1e5508c95af97751e9cfd6e,6df41ce8b2a7f57e6ea8c229121a78b0,delivered,2018-08-23 00:20:45,2018-08-23 00:30:19,2018-08-23 13:29:00,2018-08-27 17:24:35,2018-09-25 00:00:00
f1c60caa5875e546517b8564cd97cfee,a13095308a72b0f3b45f224b80ee65b0,delivered,2017-07-30 19:29:00,2017-07-30 19:42:58,2017-08-01 15:31:28,2017-08-03 15:49:33,2017-08-17 00:00:00
0b3407e419ef6be66392971885acce73,1fb69e1024c1877f914b04128cdef209,delivered,2017-01-30 08:14:53,2017-01-30 08:30:47,2017-01-31 10:41:59,2017-02-10 12:14:13,2017-03-08 00:00:00
cad95e56b8bc5ed2c10ee964ba21ac96,ae13ef7e41b712ff329871b5760be19e,shipped,2018-01-30 14:44:20,2018-02-04 23:31:32,2018-01-31 21:12:05,,2018-02-15 00:00:00
046bac99a3d9ff45ef86ebcd710b972a,386a6f3a8586bb3c2d2b923312c36572,delivered,2018-07-31 14:49:15,2018-07-31 15:44:36,2018-08-01 11:20:00,2018-08-18 02:03:11,2018-08-30 00:00:00
3dfb5fab3fd989f43639af9dfd3554f4,54b09520cfa9b25154c878438bbd3258,delivered,2018-04-02 19:18:55,2018-04-03 19:15:22,2018-04-04 22:51:47,2018-04-06 22:20:52,2018-04-12 00:00:00
5f27f0fe37fdfa1073fa210240da269b,6a79317484653d64d4045c837500c120,delivered,2018-02-18 20:59:03,2018-02-18 22:07:24,2018-02-19 19:28:57,2018-03-06 17:19:13,2018-03-22 00:00:00
cdf5bd758b0b7d00fc23b2cd6c92f974,a9815cf96d3f5d66843244290d03488a,shipped,2018-04-09 13:28:25,2018-04-09 17:51:21,2018-04-12 12:33:24,,2018-05-03 00:00:00
7b417e4ab50fe706033d4fe21c659f3b,e4391b06d30bdd3d98928398d84059f8,canceled,2018-08-16 17:09:19,,,,2018-09-28 00:00:00
7da4f8ec54a78572fcce6797f62cf1cd,a5b544d912be67044581a3890e6698d5,invoiced,2018-07-24 14:28:36,2018-07-24 14:44:39,,,2018-08-03 00:00:00
c05f96437381637362bc32cb1b54d71f,e5f0d1bc1a958e1f5236f194121f8541,delivered,2017-08-03 19:03:33,2017-08-04 02:30:46,2017-08-04 15:52:48,2017-08-10 13:08:04,2017-08-28 00:00:00
2c40105463f11c726046975015826e55,413d2872cfbed54cae78de93afc7912e,delivered,2018-04-20 09:36:11,2018-04-20 09:52:57,2018-04-23 20:12:52,2018-04-30 16:58:43,2018-05-25 00:00:00
1a12ff18e927a4575421cefc8e9c907c,faa92cb95ec90a143173a7c7a93186bf,delivered,2017-04-01 21:09:25,2017-04-01 21:22:57,2017-04-05 07:10:08,2017-04-11 11:12:45,2017-04-28 00:00:00
46afec49491e4385870de60c96bc956e,5fcd01aff39a8f9922b7026f8ac46b55,delivered,2017-09-04 11:04:30,2017-09-04 11:15:20,2017-09-04 20:08:33,2017-09-13 19:02:53,2017-10-02 00:00:00
9d104772bdce3edf86e439b682078c3d,881b7ae9db721cb7b560f79ab86de95a,delivered,2018-08-15 22:45:16,2018-08-15 22:55:14,2018-08-16 15:34:00,2018-08-28 18:29:48,2018-09-03 00:00:00
4cebb64502b3c7295709a972ae314c7c,bc20aa7ab38261667b10117ac0b169c5,delivered,2017-08-26 11:35:05,2017-08-26 11:50:14,2017-08-30 18:13:57,2017-09-08 17:27:52,2017-09-18 00:00:00
e0f5bf74f8214bc636d6f1d63310577e,ab189e4d2edd06bcc4275010bb0a1882,delivered,2018-06-13 13:38:51,2018-06-14 04:15:08,2018-06-21 14:46:00,2018-06-22 20:14:42,2018-06-28 00:00:00
cdef7b8439b81b5a726a7ca67fc88346,b54c9ac02140b09b5a44e646282f54a7,delivered,2018-02-07 21:43:34,2018-02-08 11:30:20,2018-02-09 21:52:54,2018-02-16 19:59:10,2018-03-06 00:00:00
c8e2b7513b52c0e829d1da8a26f080ff,17dad598bfe9b8eee12a1e60e53fb078,delivered,2018-04-23 11:49:05,2018-04-24 19:06:09,2018-04-25 14:41:00,2018-05-03 17:55:44,2018-05-18 00:00:00
8ee04417722e4617f21a0c3e2fae006f,8719d8f872644dfe3017aaa7be69b86f,delivered,2018-03-21 15:26:13,2018-03-21 15:48:33,2018-03-23 00:34:29,2018-04-03 16:16:35,2018-04-11 00:00:00
d23c618df1f506da61c7cacac0ea489d,cfdfcb5b176d643c45373a304771538d,delivered,2017-08-14 14:35:15,2017-08-14 14:45:14,2017-08-16 17:12:47,2017-08-25 18:12:48,2017-09-11 00:00:00
db4d62e39557516a1ce6145d0c659ae1,d63d75553ce7cd45c85be0d49d28c6e5,delivered,2017-06-02 11:48:32,2017-06-03 11:55:08,2017-06-06 08:52:19,2017-06-19 18:23:26,2017-07-06 00:00:00
2a3aa58325fd4e7edf1cc7f07edc063a,426b26e6a4d18fc2fa3513bb5091c006,delivered,2017-08-14 11:59:56,2017-08-14 13:05:12,2017-08-15 21:08:08,2017-08-16 19:57:55,2017-08-25 00:00:00
d1f15be30f63f804ab7083b061dad249,9f4e27b1c2d3b103a583eb66bf193f82,delivered,2018-01-16 21:23:55,2018-01-16 21:31:25,2018-01-18 20:33:10,2018-01-26 19:39:12,2018-02-07 00:00:00
ffa1dd97810de91a03abd7bd76d2fed1,f37c2634dfc8ac0ce3475d3cfc665b43,delivered,2017-05-22 22:35:09,2017-05-23 22:42:56,2017-05-25 10:33:08,2017-06-06 16:40:29,2017-06-28 00:00:00
97cf031e8c5bf37a0b310c07800e323a,2bdd94bc59d052d2770bacd6d20d6a9b,unavailable,2017-09-10 15:33:30,2017-09-10 15:43:31,,,2017-09-21 00:00:00
4515f507dc97d2ae676665ef0b7b752b,7820fb2584a8eba907e84f23104ea6ca,delivered,2017-11-28 18:53:28,2017-11-28 19:11:28,2017-11-29 18:12:42,2017-12-14 22:53:31,2017-12-22 00:00:00
58aca7559ea981b026710fdaf075ce5a,9c396919c4929b24f397a4ea7b4ced6a,delivered,2017-11-21 22:06:15,2017-11-21 22:16:28,2017-11-24 21:41:30,2017-12-05 18:56:52,2017-12-12 00:00:00
8a69cf5a653d618d1486222d565dc71a,bb0001b26ea0988099384552709f91ce,delivered,2017-06-19 00:13:35,2017-06-19 00:24:43,2017-06-20 18:02:18,2017-06-28 14:12:02,2017-07-12 00:00:00
60df263fdbe0ea250f1b4a381778d7d4,9e747237ae173bfca746454609260f9a,delivered,2018-06-23 14:26:06,2018-06-23 14:35:37,2018-06-25 12:42:00,2018-06-27 00:56:38,2018-07-05 00:00:00
815d1d46ac6c32dbcd84232025884014,8dbd6359052e0bf74f6f9ea0c2f4ef02,delivered,2018-02-09 10:16:50,2018-02-09 10:26:36,2018-02-14 20:23:58,2018-02-16 20:04:23,2018-02-23 00:00:00
3522a71840bea6bd1cd78ae529622ff4,62accea67b06839b7e2f1cb694952ed6,delivered,2017-03-09 19:34:45,2017-03-09 19:34:45,2017-03-15 10:33:44,2017-03-21 12:33:03,2017-04-04 00:00:00
e787fdb675e6270d22aa2a7e77d8cc10,0e9fdadd06631371626468bc8eafcecf,delivered,2017-11-25 09:37:12,2017-11-28 02:58:42,2017-12-01 22:15:05,2017-12-09 19:52:15,2017-12-15 00:00:00
0a814fddd9db7c515225361a87b607bb,1b191050c9ddcb4fcddae8677ae55983,delivered,2018-04-14 22:10:14,2018-04-14 22:31:43,2018-04-17 18:58:34,2018-04-26 19:29:03,2018-05-21 00:00:00
2921ebd304831878ac888644314d424d,a9e25261c12f314cfec578dfe2e5407c,invoiced,2018-08-05 23:21:46,2018-08-07 04:55:24,,,2018-08-14 00:00:00
1fae70ae3787a15588ca2231b0689dce,35f002a4c17047c0c302490d474c2df7,delivered,2018-03-30 20:39:28,2018-03-30 20:50:06,2018-04-02 19:29:45,2018-04-10 23:08:43,2018-04-19 00:00:00
a6e620028382225481aa2f6ba5158dc2,99fe1741ff5f8d3998bd806d58d61243,delivered,2017-10-31 14:44:00,2017-10-31 14:50:23,2017-11-06 22:41:29,2017-11-13 17:57:47,2017-11-16 00:00:00
a847a76b53f87abded416131b362f00b,2b322844f5f0a4a2dfd2e4f506b2d096,delivered,2018-05-18 09:13:19,2018-05-18 12:57:31,2018-05-23 15:01:00,2018-06-08 14:21:02,2018-06-13 00:00:00
d6f415ebc86371ee7aa87ea1b73ea9bc,e9c78e0ef5bf78d6719540b3b3df885e,delivered,2017-08-06 23:10:15,2017-08-07 00:02:55,2017-08-08 19:49:44,2017-08-18 16:45:52,2017-08-31 00:00:00
c083067a0c4c5dc8446fb1a11b345cb4,45b8f5bfe9e0fab4b062dcebb91615ec,delivered,2017-05-16 16:37:16,2017-05-18 02:15:30,2017-05-18 15:15:57,2017-05-24 11:47:48,2017-05-31 00:00:00
e6fd9f0475405c18cd73f21ec473814a,d7f9e3bed56f2896a2bd3a7a369d7d9a,delivered,2018-06-23 11:17:27,2018-06-23 11:40:47,2018-06-25 13:42:00,2018-07-05 15:28:36,2018-07-25 00:00:00
f28357a486107b748dfedd0fb138ca55,c83917f687bafbad026f914da0515ada,delivered,2018-04-03 10:56:17,2018-04-05 02:10:45,2018-04-05 20:10:57,2018-04-24 01:21:28,2018-04-27 00:00:00
4083ae51fa136337c09bce24beff2fe4,3373cbe13f1a402261f2ab6fbd296c9e,delivered,2018-03-04 11:58:28,2018-03-04 12:41:34,2018-03-05 19:55:00,2018-03-20 16:08:39,2018-03-28 00:00:00
0616463c44a86e8478f9b065e17d7c65,f0781957f383921320d238faa1255f4e,delivered,2018-02-03 18:42:00,2018-02-04 00:09:43,2018-02-05 18:18:47,2018-02-06 16:08:57,2018-02-21 00:00:00
da8a467adbbefd95aa37ebb91e4d3640,50814dd40158d233103f675c340c68b1,delivered,2018-05-14 17:58:27,2018-05-14 18:15:12,2018-05-15 12:43:00,2018-05-18 19:39:45,2018-05-28 00:00:00
39cdf001e42cd975d9ea5e05990f2b61,3aa4ba9d60460d2f4ac8391346e8aab6,delivered,2018-08-12 23:12:13,2018-08-12 23:25:09,2018-08-13 15:24:00,2018-08-16 20:03:26,2018-08-17 00:00:00
74414263bc2db93856b800f04ded2cab,0a7cdb607bacd00cb014013d91f5a218,delivered,2018-04-12 16:49:57,2018-04-13 13:29:53,2018-04-16 19:12:08,2018-04-18 03:04:59,2018-05-07 00:00:00
86e808220bf5a6f24b942ef7108644be,09a78ec0943f7eadacc89495a9237fe6,delivered,2018-03-09 18:16:15,2018-03-13 05:40:32,2018-03-13 22:03:45,2018-04-07 14:40:53,2018-03-29 00:00:00
5aa709ad0b286644ffbb7c9aa6a1db27,bc1461d2c76f5c8e5e210ca0ff4b031c,delivered,2018-04-11 20:18:54,2018-04-11 20:30:17,2018-04-12 21:52:43,2018-04-21 11:06:41,2018-05-08 00:00:00
47d346b7368958cb0bd17880b2af14e9,81004804a2d5f73c310aa097c6633778,shipped,2017-05-10 22:45:16,2017-05-11 22:50:22,2017-05-12 15:33:27,,2017-05-30 00:00:00
13e5cf1e067d58500141bfb2a638ba6b,cde010b04a18c2bd1acfdca70135a4e7,delivered,2018-03-02 18:08:05,2018-03-02 18:33:34,2018-03-12 21:42:20,2018-03-23 21:44:46,2018-03-22 00:00:00
ad6162000c72729addfa515bacd820a5,6f22ed5aa46ca6f81f3fee4bc5628b03,delivered,2018-01-07 18:10:41,2018-01-07 18:26:51,2018-01-09 14:39:52,2018-01-16 21:08:25,2018-02-06 00:00:00
3777a556763eb6cb59f7dd14e90c4ab7,c9c550b5ce68ef3d34833fe0641894d8,delivered,2018-02-28 14:16:12,2018-03-02 02:16:05,2018-03-02 18:29:08,2018-05-14 22:19:03,2018-03-19 00:00:00
3d2478c1c4d6e772d9221bbacac64cd1,d8788d5ff361dfdfbd6b4a73eae1be87,delivered,2017-03-28 13:47:36,2017-03-28 14:22:36,2017-03-29 11:50:05,2017-03-30 13:48:51,2017-04-19 00:00:00
116a4c72702bbc7b314c9ac7978e7b29,77af83f190510a8bb222d2b2754a9ba8,delivered,2018-07-18 15:53:15,2018-07-18 16:05:20,2018-07-24 17:29:00,2018-07-30 18:33:59,2018-08-03 00:00:00
6c175759bc609d6fa9c693e5d24aa77d,c7c339e6571b455cb8d45a28d75cbb60,delivered,2017-09-25 22:28:43,2017-09-27 03:05:04,2017-09-27 19:48:32,2017-10-03 18:32:29,2017-10-20 00:00:00
341f9a0cecbdf48fcb1ba6975fe2cbda,6be3f8f4586a72b9b577b7a366fb1f70,delivered,2017-10-15 13:05:52,2017-10-15 13:14:22,2017-10-16 18:43:03,2017-10-17 14:13:18,2017-10-26 00:00:00
f561e528dd0491e6fd42ba9b07958979,72533a8487a20d8d6528e7a12c46841b,delivered,2017-05-24 19:14:25,2017-05-25 02:50:16,2017-05-25 08:55:55,2017-05-26 13:08:44,2017-06-06 00:00:00
f8046b5049a674585e048bb954e3b494,62027a3235ec0eb7e75e53ac09ad6e55,delivered,2018-08-21 22:23:01,2018-08-22 22:24:38,2018-08-23 12:35:00,2018-08-28 23:26:37,2018-08-30 00:00:00
d6461ecc120609d0cef78fea638e47fe,0e19f44898c5554faac8f95f1473bb4b,delivered,2017-08-15 06:26:32,2017-08-16 03:26:19,2017-08-16 21:48:41,2017-09-26 20:08:11,2017-09-15 00:00:00
7fb4133c98efb5fcb56807cb759420b2,eba7fb02fe489dbf58e31d9bddcbf1f9,delivered,2018-04-19 14:27:42,2018-04-19 14:35:41,2018-04-20 17:58:48,2018-04-26 15:42:35,2018-05-18 00:00:00
4cfb51c814f29d8201a00624b78646ad,a2dd9312a61b86e980d5cdc67ce10af8,delivered,2018-07-20 16:20:18,2018-07-21 16:15:11,2018-07-24 12:46:00,2018-07-25 15:15:41,2018-08-02 00:00:00
430f5ce743fcb253ce569ccad8590f05,9db1e84b8dae81c99b49a0dc7a9cac60,delivered,2018-07-31 13:59:58,2018-08-01 03:31:38,2018-08-01 10:08:00,2018-08-06 19:03:20,2018-08-29 00:00:00
383e1abcae2216bb7149870157ac31a9,8274d1ce55f63b53a080471c910dbb77,delivered,2017-08-18 23:08:47,2017-08-18 23:24:31,2017-08-22 17:54:50,2017-09-05 12:28:14,2017-09-22 00:00:00
f2c623a58d325d304d567e2271dda299,28cda571c0c9c4d4eb6ffb191cce829d,delivered,2018-03-24 11:59:53,2018-03-24 12:15:54,2018-03-27 01:22:53,2018-03-29 21:57:24,2018-04-12 00:00:00
886090ba53919a880e66ccba31eb74ee,778593c83b75c7519025543b07a41073,delivered,2017-10-16 15:21:10,2017-10-16 16:07:31,2017-10-17 19:23:35,2017-10-24 20:21:47,2017-11-07 00:00:00
09633885de2f89ed80bb53c2de1f944f,0cbd081962a78ce40305137da0c39b13,delivered,2018-01-28 19:01:45,2018-01-28 19:18:40,2018-01-29 19:53:35,2018-02-06 00:18:51,2018-03-23 00:00:00
996936689b68af80b51ef3c429a4f386,bf9a4770691ff9b2ddb07f4beb77d4ad,delivered,2017-03-02 08:17:50,2017-03-03 02:15:17,2017-03-03 11:49:20,2017-03-13 11:47:56,2017-03-28 00:00:00
c086b991f822021af445dbcd355fcf73,32fa500a4e324c15904b33f89ec561c4,processing,2018-01-05 18:35:23,2018-01-05 18:47:33,,,2018-02-06 00:00:00
d0de72392c1a034c264637f605c1311a,9db9cd5134492e22796ee8d68ec26db4,delivered,2017-12-12 17:38:01,2017-12-12 17:50:19,2017-12-13 16:39:57,2017-12-14 23:12:39,2017-12-29 00:00:00
1c0eb7262ceb60db69b3825f1fb1deb8,8012949cfd95d37e09a3922c3d8e3183,delivered,2018-01-07 14:28:19,2018-01-08 14:28:02,2018-01-09 16:54:54,2018-01-12 21:09:14,2018-01-31 00:00:00
4ff36f43b95e4fbebfa94b98f8f33847,f3f5f2c750c64c3bb2a8d10e7c511d46,delivered,2017-09-26 11:51:33,2017-09-26 12:04:24,2017-09-27 15:06:13,2017-10-10 18:05:31,2017-10-23 00:00:00
e494c29003c61332fdf1340bba650cd3,785f931e1fbc5a6c01782f59d9a2fe42,delivered,2017-11-06 11:29:00,2017-11-06 13:31:20,2017-11-07 14:45:25,2017-11-23 16:46:57,2017-12-15 00:00:00
dba9e3ca7971091087fb18b18944557a,52760f716e82771ec061c4282b6ace64,delivered,2017-10-14 10:30:27,2017-10-14 10:49:57,2017-10-16 14:54:50,2017-10-21 13:51:00,2017-11-07 00:00:00
0668f439eec2e9edf7b24687cba7acd7,ed4299a50d0b1a4065cda2bcefb91703,delivered,2017-11-30 21:34:24,2017-12-01 10:31:23,2017-12-04 18:57:20,2017-12-21 18:33:00,2017-12-22 00:00:00
527c4983b5fdd0cd478a80679c210a7b,e63dfa0de407a934f97118509d0a3924,delivered,2018-03-05 09:51:46,2018-03-05 10:28:57,2018-03-05 21:23:36,2018-03-27 02:54:29,2018-03-29 00:00:00
5bf501e7ed04b562910ef79503959520,68ebe1d0acb77033e53570274dcdf5af,delivered,2017-11-26 20:56:33,2017-11-26 21:14:06,2017-11-27 22:13:41,2017-11-29 15:33:23,2017-12-11 00:00:00
2a6d616eaf63de4f52782d2df79f405b,f1c5f371248aaeb09d6a1a8b8efc9bfc,delivered,2018-06-07 20:37:43,2018-06-07 20:55:24,2018-06-11 14:46:00,2018-06-12 18:12:10,2018-06-25 00:00:00
4c4c18f172becac0b104709006c11a9b,4bf3c039809b9e6d39e8c207bb5d6325,delivered,2017-12-01 17:12:58,2017-12-05 04:17:31,2017-12-06 21:26:47,2018-01-04 00:13:32,2018-01-08 00:00:00
878da2363edf85ee1af1935bab61fcd0,125e08f137042707e6df84c072bedbb9,delivered,2018-02-23 12:05:27,2018-02-23 12:29:33,2018-02-27 11:43:25,2018-02-28 20:34:44,2018-03-09 00:00:00
24a63c44fb9267e93a44476169d8aafd,7c5d723b7fb0e3e9d244d0e83e1e2aec,delivered,2017-06-02 11:01:39,2017-06-02 11:15:14,2017-06-05 09:33:48,2017-06-06 11:09:15,2017-06-19 00:00:00
d8f9cc275e4ac13af22f90e26f535e87,fc072622c305c65b289f7160d3f6129e,delivered,2017-04-05 10:24:50,2017-04-05 10:35:16,2017-04-07 12:58:07,2017-04-11 10:47:54,2017-04-28 00:00:00
9be33ce4878405dfc4be325fe756b73b,8dd661c1d64e61ee187f399133e7cff2,delivered,2018-04-19 13:11:14,2018-04-19 22:54:03,2018-04-23 17:51:39,2018-04-26 18:20:57,2018-05-14 00:00:00
f3a9c397a2fa5a2366b4b96bc15737f6,8282c77cb03f64a929db1f36df79e92c,delivered,2018-02-26 18:45:14,2018-02-26 18:55:32,2018-03-05 20:22:21,2018-03-10 01:21:55,2018-03-19 00:00:00
dfb10cbc46a4cb952de477a6ea509dfd,a75112d3f089f28b9266b0fe14b5d518,delivered,2018-03-17 15:16:22,2018-03-19 07:50:39,2018-03-21 19:04:15,2018-05-02 14:32:19,2018-04-19 00:00:00
f134e34406f256fc9b9a0b898cbbd5c2,94307d2d9391d8a7162e8f218a6185dd,delivered,2017-02-13 03:48:46,2017-02-13 04:03:31,2017-02-20 07:27:27,2017-02-22 16:38:29,2017-03-17 00:00:00
9f226854839600f3e70c4faeb94e8790,bd075a9e60df7474943e430c2f5f61f5,delivered,2017-11-22 11:30:11,2017-11-22 11:47:54,2017-11-23 21:54:39,2017-11-30 15:41:49,2017-12-12 00:00:00
0c557a5449164d3001dc41d9bcb3298e,19da592ad920d9fb1803c6c44742b2bb,delivered,2018-06-26 14:42:55,2018-06-28 02:15:40,2018-06-28 15:11:00,2018-07-05 18:16:26,2018-07-27 00:00:00
c00620529457d989d0a9e9e68062828d,28ce228fb1a04fc1fdad9c6701e04b8e,delivered,2018-01-05 21:28:14,2018-01-05 21:36:23,2018-01-09 21:15:39,2018-01-17 09:44:15,2018-02-02 00:00:00
7c01abde845d563a594a467b6a2afb67,5524a27b081b2e80b7c3efac832e4db9,delivered,2018-04-21 11:13:04,2018-04-24 19:08:43,2018-04-24 19:32:48,2018-04-27 20:58:25,2018-05-11 00:00:00
3953deef7b2a9104cefd114e1219bd9c,aec85558896424034ea880e902abbfbd,delivered,2018-01-10 22:19:44,2018-01-10 22:31:31,2018-01-11 19:24:40,2018-02-04 20:25:26,2018-02-09 00:00:00
03bb0baa2f30152130d3d5df8e44507e,652dd9e1eab2777d504a091894b1d2fe,delivered,2018-07-01 09:05:17,2018-07-01 09:15:11,2018-07-03 08:50:00,2018-07-03 23:26:52,2018-07-17 00:00:00
73d7d0526bf2242f422fb6c85751dce4,b540f2ed0a81891a303aab176a4f21b3,delivered,2018-02-11 12:28:50,2018-02-15 04:07:09,2018-02-16 00:16:08,2018-02-26 21:45:34,2018-03-15 00:00:00
4a580bca631a940ffc9e25c96da01773,dbd8419d89e2d12f79322167e68e6225,delivered,2017-08-01 19:24:31,2017-08-01 20:10:17,2017-08-02 19:07:36,2017-11-09 18:08:54,2017-08-23 00:00:00
b4b86df50ff2b7209ced1549d9ea4b2e,a2a0ae5761e112d438da0e090c450de7,delivered,2017-02-28 13:45:30,2017-02-28 14:55:08,2017-03-02 17:59:09,2017-03-20 03:57:49,2017-03-24 00:00:00
48d6606d196e08050b39ccc0df9ed44a,58cddcea1672315e0615172f0de43760,delivered,2017-05-02 18:52:34,2017-05-03 15:32:06,2017-05-04 13:59:12,2017-05-26 15:37:44,2017-05-25 00:00:00
121e0f10f4428cad6b8e0c2f584c822f,d7a55b5d962e407ab6a2eacc70b79ecc,delivered,2017-10-03 14:33:50,2017-10-03 14:49:24,2017-10-05 19:15:02,2017-10-13 21:06:31,2017-10-27 00:00:00
aa6bad8e7c086d7f65fbd2dd0131cf84,d7316275d71440d2ac7993048c3b3428,delivered,2017-08-12 17:27:21,2017-08-13 17:46:12,2017-08-15 21:42:21,2017-08-28 20:19:41,2017-09-05 00:00:00
68b333c4526357221cb49747a5a78d06,6cd0a1dbcbef4f215e1adee2700a98dd,delivered,2017-08-02 20:07:42,2017-08-04 02:25:07,2017-08-09 18:07:48,2017-08-26 18:26:45,2017-09-01 00:00:00
94c0774e80f38694744a5ae2bcc9e1aa,4f701e1240fefffa5f2b81643aff7dc3,delivered,2018-02-13 21:07:47,2018-02-13 21:30:29,2018-02-14 18:13:02,2018-02-26 22:49:42,2018-03-07 00:00:00
47206fff1e56391bf30b5acbe7f5f7a2,f39bc18f035964de38084ac0acd1b4b3,delivered,2018-05-18 19:11:20,2018-05-18 19:37:31,2018-05-21 16:02:00,2018-05-22 19:08:59,2018-05-30 00:00:00
2c3d5c98d6c8420829506e18388bf118,b667e63ff91291e5b53c4690017a016b,delivered,2018-04-23 12:04:39,2018-04-24 19:24:14,2018-04-24 03:18:31,2018-04-26 19:58:45,2018-05-15 00:00:00
b6e63e74aff84a068fdc1b41e9ac29ea,f0375e81392cb7499b1139be16fd21e2,canceled,2018-08-07 10:44:34,,,,2018-08-21 00:00:00
8a9dffcf22392c73f48cc12ad332af30,73394d273601d0e0e4d2445d854a6e40,delivered,2017-05-04 15:49:06,2017-05-05 15:55:10,2017-05-09 15:07:05,2017-05-22 17:29:58,2017-05-31 00:00:00
94334c434972d5f591d2e72330935d25,7646338721482cc1c3429c76ae261c94,delivered,2018-06-24 17:15:56,2018-06-24 17:34:13,2018-06-28 12:25:00,2018-07-03 03:52:32,2018-07-31 00:00:00
cf5b244fd1f7002efc7929be945f1d44,c05ffba0ae84172ddd1098226dfd91ea,delivered,2017-07-16 21:23:35,2017-07-16 21:35:18,2017-07-17 18:12:03,2017-07-31 16:03:03,2017-08-09 00:00:00
d217a2d8cec27a4d5ab7600ecb95826b,7d7f08e05db9522cd32a297786532d45,delivered,2018-07-26 19:41:13,2018-07-26 19:55:22,2018-07-30 13:45:00,2018-08-06 17:18:55,2018-08-20 00:00:00
a14932a44ab80c8a470ee1786eda7573,e03f075e4099e9ba86adf3e9cf26e5fd,delivered,2017-04-19 13:19:04,2017-04-19 16:02:15,2017-04-26 09:21:58,2017-05-10 15:22:17,2017-05-11 00:00:00
50cf0f713c1a9c9c9bdfbbf31b00eb48,bdf6da5d10ff52dbc752045458fbd9c1,delivered,2018-01-10 20:52:38,2018-01-10 21:08:31,2018-01-12 01:15:41,2018-01-15 16:18:46,2018-01-29 00:00:00
58626c8b17b76c4f503f07fd549f6f7f,7e83d91f236e18e97e18b2ce8d199651,delivered,2017-12-26 12:34:34,2017-12-26 12:48:59,2017-12-28 18:39:05,2017-12-29 20:10:22,2018-01-16 00:00:00
c53b00321eff208e49b227422eec57d0,0cd67820f456209bfe3d280797e577d6,delivered,2018-05-03 23:42:21,2018-05-03 23:55:07,2018-05-07 16:12:00,2018-05-15 15:56:56,2018-06-05 00:00:00
1c790cabe9e75245d8ecda194566be2f,043b1864088fd7fe08ec3c39c9a28f9b,delivered,2017-02-27 16:01:28,2017-02-27 16:15:09,2017-03-02 13:29:09,2017-03-06 15:06:18,2017-03-20 00:00:00
18a83c7532fc2dc3a10fd55ff3655588,b3748b59b5f937fbe6e7c111a06e9476,delivered,2017-07-25 20:50:09,2017-07-25 21:03:18,2017-07-26 16:29:50,2017-08-02 15:53:27,2017-08-14 00:00:00
b830151a31b4a50240340fa048e7ff31,a31ca5db9ef5f148f11d4e36253aebf2,delivered,2017-11-26 09:38:34,2017-11-26 09:54:28,2017-11-27 18:52:27,2017-11-28 21:47:52,2017-12-11 00:00:00
923c12ba1eb9e34963ef46a793e0891d,7d09bfae900907e48d6242022ce019d2,delivered,2018-06-04 18:30:50,2018-06-04 18:50:12,2018-06-05 13:41:00,2018-06-10 13:41:36,2018-07-04 00:00:00
9753266fd3691e80807befa94a344891,f2ac77c534d123cc57a24825215a8aa3,delivered,2017-09-06 16:58:02,2017-09-06 17:10:22,2017-09-08 20:12:41,2017-09-13 23:22:19,2017-09-25 00:00:00
af5d451462c41ba96112208443d3b4c7,e8819d4edc69f65b7873e7c4d458695c,delivered,2017-09-23 22:22:42,2017-09-23 22:35:14,2017-09-25 16:28:00,2017-10-07 15:51:32,2017-10-19 00:00:00
65b9fc7c003b0fa663d00ae47abbf012,0a19df098ca05e7b026022a068f216f4,processing,2017-10-15 16:12:14,2017-10-15 17:08:37,,,2017-11-01 00:00:00
46e889af10459a1b39f2be47d8729a02,b21f7decb04caeb2ac9eb6095e4626ef,delivered,2018-07-29 09:43:36,2018-08-01 16:31:44,2018-08-03 14:20:00,2018-08-10 05:32:48,2018-08-10 00:00:00
2a301a7ce18d62a743d2cdf9555c15c9,1ad269ca33deffffae8da0da0d0e1945,delivered,2018-01-13 09:10:04,2018-01-13 09:17:22,2018-01-16 18:54:24,2018-01-22 19:47:38,2018-02-05 00:00:00
33b85e6449a3f1684051b4a02f871871,c3cd038d997ea6bbea55217829a7d158,delivered,2018-03-11 10:15:39,2018-03-12 10:15:42,2018-03-21 21:04:42,2018-03-28 21:56:36,2018-04-09 00:00:00
fa4c62edb1f2755aa57bf4c59a46f8b8,1cd0357869324c7e19803a7bafe707a0,delivered,2018-03-04 12:02:05,2018-03-04 12:41:34,2018-03-05 19:04:47,2018-03-12 23:14:49,2018-03-26 00:00:00
b079c98bfa00c43a0fa13df10b7d9d2f,17887d2c567172820aea8be8d25f34d7,delivered,2018-03-18 23:01:48,2018-03-19 07:08:08,2018-03-19 19:24:49,2018-04-06 18:58:33,2018-04-11 00:00:00
650946d9a20196301619044e07d27c3a,0101e1c05e39f58731e21081f3ea410a,shipped,2018-03-09 14:16:46,2018-03-09 14:30:38,2018-03-09 23:42:38,,2018-03-28 00:00:00
dbb0da1abcce904dc52dd60ae31d5c12,e8b585de845954e2d1e4cad1aaf32167,delivered,2017-03-05 19:19:22,2017-03-05 19:30:17,2017-03-08 13:39:02,2017-04-05 12:58:29,2017-04-06 00:00:00
a83773e7d7b0e1f26e479bd883cf744a,e98b542a840352aaf7d87f7d9f15f24a,delivered,2017-06-19 14:05:47,2017-06-19 14:23:17,2017-06-20 13:48:47,2017-06-22 18:34:55,2017-06-30 00:00:00
15e85e81d299aec57b1bbdba38422dff,5329a1b285ac348481efc2734780fa37,delivered,2017-08-15 08:31:44,2017-08-15 08:45:13,2017-08-15 19:22:29,2017-08-16 17:47:37,2017-08-28 00:00:00
cbf3df6a869d7cafcbab3096706ec7a7,404bc4f331361fa69eac240e6e2d6431,delivered,2017-05-20 14:17:44,2017-05-20 14:30:19,2017-05-24 16:54:57,2017-05-30 13:07:13,2017-06-09 00:00:00
f27705c756d5861edbbc8ad2191c5dfe,9b4377673a98f0fc33e7f4b78af63878,delivered,2017-12-11 10:24:07,2017-12-13 02:36:39,2017-12-14 15:59:05,2017-12-18 19:29:10,2017-12-28 00:00:00
ab14fdcfbe524636d65ee38360e22ce8,bd5d39761aa56689a265d95d8d32b8be,delivered,2017-08-23 09:22:34,2017-08-24 14:30:23,2017-08-25 20:07:36,2017-09-02 12:13:03,2017-09-21 00:00:00
156ba06ab4556cd19613dca1cefa9f7a,cb196971e6f67237a41f2fe6235bbaf4,delivered,2017-08-08 13:44:39,2017-08-09 17:35:08,2017-08-10 20:52:10,2017-08-21 21:59:58,2017-09-08 00:00:00
154296963babe7e6f491818cb07b17ba,bbf72dd998cf3a7eead87da199b0bafd,delivered,2018-03-25 02:00:32,2018-03-25 02:15:25,2018-03-27 19:48:48,2018-04-21 02:36:39,2018-04-20 00:00:00
1306d7999cdd320272eeea20f5768b77,fe89d4293f6810dcfeffd77a09f0969b,delivered,2017-01-25 11:59:47,2017-01-25 12:10:26,2017-01-27 14:21:21,2017-02-06 08:57:57,2017-03-10 00:00:00
e31a910f74f5bbf483db4595290864ca,1222383916b5fb69b50cdfc3cdae8d7e,delivered,2018-01-23 11:37:54,2018-01-23 11:50:54,2018-01-24 16:53:21,2018-02-01 20:07:54,2018-02-15 00:00:00
7af19e6546276fa1499ff63f7a0e9c38,dce6ce40ec25a2791ac7d3be81306724,delivered,2017-06-15 00:51:04,2017-06-16 00:45:29,2017-06-22 15:06:44,2017-06-29 16:03:38,2017-07-12 00:00:00
93b4851a0e1121b652d1a222c342dc71,462c4dacc0634811647e5ca3b058796b,delivered,2018-06-25 18:56:32,2018-06-26 19:04:28,2018-06-27 08:07:00,2018-07-03 22:48:51,2018-07-23 00:00:00
ca0f56eab306ab99911de4c96727a104,3d65e1ccf1a3b05e204ed59e8e14af82,delivered,2017-09-12 15:25:10,2017-09-12 15:35:24,2017-09-14 17:22:49,2017-10-11 21:05:37,2017-10-09 00:00:00
cb415863b9b9ae1341b2deaebdc88c9b,292fe6d44f8a0af68671aabb4682a730,delivered,2018-02-06 17:30:15,2018-02-06 18:22:10,2018-02-09 14:13:22,2018-03-02 18:09:00,2018-03-02 00:00:00
f793221c7202ab7ce7e593ca2e03f073,a45c2998d3e73572829497e5accc1fc5,delivered,2018-01-26 13:53:45,2018-01-26 14:22:01,2018-01-30 14:18:31,2018-02-05 14:28:48,2018-02-22 00:00:00
9e020562e720fd5b4120ccc4ae0132ef,b822f0e0b97e90832b5bb6f3acaa018a,delivered,2018-07-04 13:57:07,2018-07-05 16:21:59,2018-07-05 14:47:00,2018-07-06 15:46:28,2018-07-17 00:00:00
071ff3583bbaab9f38f020af7006a3d4,9dedefb2102df32419fadb1acee34af3,delivered,2017-04-05 17:58:31,2017-04-05 18:10:20,2017-04-11 14:03:44,2017-04-17 10:47:50,2017-05-02 00:00:00
d96b7c2964abbbf7ed9c2765fd25c8f3,dd23ec2d93f81b2da50b3e885e998982,delivered,2017-11-23 13:29:30,2017-11-23 13:37:32,2017-11-28 16:51:46,2017-12-05 12:38:55,2017-12-22 00:00:00
1644056a29868cbba3251a81fae0e1f8,514d245478527fb1e8d46343998eb125,delivered,2017-04-28 23:04:22,2017-04-28 23:15:19,2017-05-02 09:34:43,2017-05-24 14:21:28,2017-05-22 00:00:00
a136f64eb4846d19773f6c26502ccdc1,2580279043874e8b93f83bf7c091e6c0,delivered,2018-01-06 19:37:52,2018-01-09 07:23:06,2018-01-09 16:27:19,2018-01-11 21:19:52,2018-02-08 00:00:00
954c5fe96200cd412c34347e9ae9ef90,6986d823ec7bf5f71f3ea0cb2d60eaa9,delivered,2017-08-03 22:19:11,2017-08-03 22:35:13,2017-08-07 19:08:34,2017-08-08 12:47:15,2017-08-16 00:00:00
2ef2818bc1477c39bc32b093812b85e8,1c436aa3c85f978a78df59eaca01ede3,delivered,2018-05-28 14:33:54,2018-05-28 14:50:31,2018-05-28 14:33:00,2018-06-04 19:33:47,2018-06-29 00:00:00
bc878545684a3c5063d67725f1113ad5,df0cfe25bfb9db0e491a9791fafe70ec,delivered,2017-08-07 16:06:52,2017-08-08 16:15:10,2017-08-09 18:28:07,2017-08-25 14:13:07,2017-08-29 00:00:00
bfc653d1beeb620b62d4cee364228609,c9b80809b3b8f22d3b35d58beebd6408,delivered,2017-10-28 14:54:14,2017-10-28 15:10:11,2017-10-31 15:40:04,2017-11-17 18:24:41,2017-11-30 00:00:00
bb8b33cf13619f7da613f72bb3bbc849,fb1da6db5e0d958776866053e9f8bf5c,delivered,2018-06-09 10:51:47,2018-06-09 11:11:08,2018-06-11 14:15:00,2018-06-15 22:22:42,2018-07-03 00:00:00
148988b3acaa4d165fe1b3cfeff74a1f,8e7acd795f393bba117941db9fbbe18d,delivered,2017-05-21 08:00:06,2017-05-22 10:42:04,2017-05-23 12:34:14,2017-05-30 08:11:54,2017-06-13 00:00:00
9767781031663fd584e27336a14ee5a0,33cb709a35a14f28d9783682d9ec187e,delivered,2018-07-05 15:28:26,2018-07-05 16:23:12,2018-07-06 11:14:00,2018-07-10 15:52:34,2018-07-27 00:00:00
47d3007b20e49d9119fabdb9237374c5,90d6f3aabf7ecc12af4416177c85bc11,delivered,2017-11-07 14:16:21,2017-11-09 04:31:14,2017-11-09 18:22:27,2017-11-20 23:17:46,2017-11-28 00:00:00
d945b34dccad9963b8affdb070378de2,a0509811b0419fddcd821664a7309aaf,delivered,2018-01-31 14:42:08,2018-01-31 15:20:55,2018-02-02 02:10:04,2018-02-16 01:43:11,2018-03-06 00:00:00
60e67382f21910dba1cafc875da0c1ee,be7b8905ffb39a2116e2fbcf8ecea2f8,delivered,2018-04-19 09:04:08,2018-04-19 09:15:10,2018-04-19 23:41:19,2018-04-21 00:32:51,2018-05-08 00:00:00
a725f913c3df1559afef9ba684eed503,d6537c7aa1e3694ad678237dbdcebba4,delivered,2017-04-26 16:41:30,2017-04-28 11:41:43,2017-04-28 12:37:34,2017-05-09 14:43:07,2017-05-19 00:00:00
e85838fc4062fcfb38fe191fb42660c7,2a661d8e26276c9668453ced518c37f2,delivered,2018-01-16 10:39:19,2018-01-18 02:11:40,2018-01-19 01:24:40,2018-01-29 19:28:57,2018-02-21 00:00:00
df3166e4db1badb2414e9e95790a1771,0f4dc8c2ac6d18e946192066eff7fc5a,delivered,2017-09-27 23:52:43,2017-09-28 00:07:18,2017-09-29 19:38:41,2017-09-30 14:22:26,2017-10-13 00:00:00
30597759d1d7db03d11b1fd56b1fcfd2,c6f626e33c38ee4bac0c4fe01bf3d932,delivered,2018-01-24 11:30:22,2018-01-24 11:42:24,2018-01-26 16:12:16,2018-02-09 19:29:03,2018-02-26 00:00:00
dc70ac8fe045f98aac3bc1c2797f6788,869b5960dd03676a74c661d62d2f4b05,delivered,2018-04-23 12:21:20,2018-04-24 17:22:01,2018-04-23 23:51:17,2018-04-25 16:19:27,2018-05-10 00:00:00
c69f7508f4c5846fed84591077e583c1,746b45780778b0a23bd60a088b891959,delivered,2018-07-03 19:04:57,2018-07-05 16:32:04,2018-07-04 14:44:00,2018-07-05 19:18:36,2018-07-16 00:00:00
79597476f66eca86b13c1a7220db1d1f,0d0157836ae407f0f9e6d9a512694973,delivered,2017-08-09 22:30:26,2017-08-09 22:45:16,2017-08-10 18:57:27,2017-08-15 11:47:29,2017-08-22 00:00:00
037f15d346c870059c0e6f4275a01206,44b387496ce8c6654019503566f11029,delivered,2018-05-27 10:25:22,2018-05-27 10:35:15,2018-05-29 15:13:00,2018-06-08 18:41:17,2018-06-28 00:00:00
353058e48de63e5ebcd90bacf5329d2b,8c9648b0693e8e5dd9dc3acca916d709,delivered,2018-06-01 14:03:33,2018-06-01 14:15:19,2018-06-01 15:35:00,2018-06-08 16:22:14,2018-07-24 00:00:00
6b3ee7697a02619a0ace2b3f0aa46bde,21a6abdf0197fbe57451bd0a1d3c59a2,delivered,2016-10-04 17:08:39,2016-10-06 15:46:02,2016-11-07 16:53:44,2016-11-21 10:38:51,2016-11-24 00:00:00
6f31debad3e2a2d5613bd6deb3a6ebbd,ca6c10d518198f319bd90d14d5645ef0,delivered,2018-04-13 11:09:18,2018-04-14 02:15:20,2018-04-16 23:26:56,2018-05-02 23:30:53,2018-05-11 00:00:00
e35bd284b205ea082108ae3703c84428,ac8e62b68c0a8fd4d4eb818903300c68,delivered,2017-11-10 13:42:22,2017-11-13 07:50:30,2017-11-14 16:09:51,2017-11-22 14:12:32,2017-12-05 00:00:00
d2ff5b42260cca46928e3d9e27201c13,8bee272411a353ca2acf026c0860d24a,delivered,2018-02-24 12:42:16,2018-02-24 12:56:10,2018-02-26 19:14:59,2018-03-13 15:38:51,2018-03-28 00:00:00
42fdc0817cb49d77bca55ffa9892c2fe,642d384dec6ec1959159dd012f83a7ce,delivered,2017-04-10 09:59:58,2017-04-10 10:15:15,2017-04-17 10:43:48,2017-04-19 14:03:26,2017-05-02 00:00:00
83ac7baaa477085adfafa311103efaf5,2d90e35c08e9844be3e33d7be88d5d7b,delivered,2017-06-20 18:52:33,2017-06-20 19:03:46,2017-06-23 12:04:21,2017-06-26 14:42:10,2017-07-03 00:00:00
50e8eff30cc85b5bf993d52785bc082a,d1d4697472a54768704161ab0d713a1f,delivered,2017-11-19 00:25:06,2017-11-19 02:18:00,2017-11-21 16:21:28,2017-11-27 18:07:08,2017-12-07 00:00:00
cec04b13070b06e2f7326de94287d60d,15359860c7341b2f6b12259d83c2e697,delivered,2017-04-24 12:16:12,2017-04-25 06:35:40,2017-05-15 15:45:56,2017-05-22 17:36:55,2017-05-19 00:00:00
9827713c2434c817eacd058f8dcc5628,4bec36f049ff3fbeaca9ecafcfd3baaa,delivered,2017-09-24 22:09:17,2017-09-24 22:25:52,2017-09-25 19:57:30,2017-09-29 19:41:48,2017-10-18 00:00:00
ccdb48549002b54a62ba6d41ee492980,ef70f1da408a89c29f59537e43f5e726,delivered,2018-05-08 17:16:33,2018-05-08 17:35:41,2018-05-09 11:19:00,2018-05-16 19:22:29,2018-05-25 00:00:00
9eed56c2c8e96a33f6f266f2437d0897,5c81f8b0458e12a4cd7db4a88474a4ea,delivered,2017-11-07 12:20:13,2017-11-07 12:30:32,2017-11-09 21:34:32,2017-11-14 17:21:15,2017-11-27 00:00:00
f45d4aa8bc99c39436fe3636932ea53f,5893ebdeda7eec3e99a4103bc4b2fa7f,delivered,2018-08-16 23:08:45,2018-08-17 08:35:09,2018-08-17 15:37:00,2018-08-22 15:42:59,2018-08-31 00:00:00
455bf541177a461fcbfa125d0f9bcf86,e6ae48a024a916639572dd4f405662f1,delivered,2018-05-12 18:33:49,2018-05-12 19:20:26,2018-05-14 12:54:00,2018-05-17 17:52:17,2018-06-05 00:00:00
e19633c5f388df807021cded7372d3bc,9491289f2b9087e69c474fb8d4436e10,delivered,2017-04-04 20:56:04,2017-04-06 02:45:37,2017-04-06 13:11:08,2017-04-13 16:34:23,2017-04-27 00:00:00
52952afd06db1fee0c2227c8a80ac7b2,fb40a60be9fa5661627e0f22e666c166,delivered,2018-06-12 18:30:39,2018-06-12 19:06:14,2018-06-13 12:04:00,2018-06-18 20:21:14,2018-06-29 00:00:00
33677835cbfd6206b10d3ee75b6142ef,67cddce6a950f9af839be8e688f9f287,delivered,2017-09-15 22:45:30,2017-09-18 10:25:16,2017-09-21 14:38:08,2017-09-27 19:38:48,2017-10-03 00:00:00
3ddb908d6c179cf271282116f4c5011d,2e6990e0520cc0e70dda5a2d5f8c4826,delivered,2018-02-03 18:56:24,2018-02-06 03:50:59,2018-02-08 18:36:06,2018-02-16 15:47:30,2018-03-02 00:00:00
b57ca1f22bdf63514677b6e584ffd542,21208dd265c658ec303db39b5c49abf3,delivered,2018-07-18 16:29:26,2018-07-19 02:50:10,2018-07-24 14:14:00,2018-07-25 19:33:37,2018-07-30 00:00:00
257c6a3b68f7f459fa6818454d997e39,8c2509858698ccdf0c06d486bf671dec,delivered,2017-12-13 11:08:08,2017-12-13 11:30:45,2017-12-14 16:46:59,2017-12-16 14:21:35,2018-01-02 00:00:00
fca312dc89356252ea94431b39df1d4c,a5f1810d806f61c3f5c8df1162d2a3e3,delivered,2017-08-22 22:14:40,2017-08-24 03:10:19,2017-08-29 19:56:07,2017-09-05 21:14:15,2017-09-20 00:00:00
7d613c8e230ae48ff60df85bdbc794ab,d4e30ecc9f1d562a3af5203984e7f5b6,delivered,2018-03-28 15:56:45,2018-03-28 16:08:19,2018-04-02 23:49:02,2018-04-10 19:38:39,2018-04-16 00:00:00
23a868333bc15837fc68d57a8287bf06,b7b0527953105fd885d113399210bce2,delivered,2018-08-03 20:09:08,2018-08-03 20:23:59,2018-08-07 15:49:00,2018-08-14 17:41:44,2018-08-15 00:00:00
f24cd74db6ccacf156b3f8061a765a38,37c1966d2e9025108649bddf9522f3f8,delivered,2018-06-08 17:39:28,2018-06-08 20:31:53,2018-06-11 06:59:00,2018-06-25 21:04:31,2018-07-17 00:00:00
315acdfb2c37361764220e9dd270c41e,ec15d7f50570970a15f54734bb692e61,delivered,2018-02-18 10:52:55,2018-02-18 11:55:28,2018-02-19 20:35:22,2018-02-20 20:56:37,2018-03-05 00:00:00
2aa0042bec435a3f376f52dd3f9d955b,98debaf4566c7e7ea52a59d2a40bde22,delivered,2018-02-06 08:36:27,2018-02-06 08:50:20,2018-02-06 17:11:56,2018-02-16 17:48:37,2018-03-07 00:00:00
f8571f355da1f3a55b8e264558e8e1f9,092c59785bad44d0412797caf8867e5c,delivered,2018-06-01 16:50:43,2018-06-01 17:13:27,2018-06-07 13:50:00,2018-06-19 18:24:49,2018-07-13 00:00:00
405ab8184e07bfa663f7627527c96049,2f4c70dcc8ecb401ec2a1c43c3e777ee,delivered,2018-08-07 23:51:28,2018-08-09 03:50:15,2018-08-14 14:15:00,2018-08-20 23:48:54,2018-08-28 00:00:00
20ce4fa87bcbac1808a7c504a7273ea7,230cf8e3ecf2c40452fa4d9d18857e0b,delivered,2018-03-07 19:58:38,2018-03-08 11:30:33,2018-03-09 18:28:33,2018-03-15 17:55:43,2018-03-23 00:00:00
9a2b18c71bc6f8f5cea13c0cef840ac5,f576d271960a9c1659594f2d28651ae7,delivered,2018-04-04 09:24:50,2018-04-04 15:30:17,2018-04-19 23:32:52,2018-04-25 23:06:48,2018-05-15 00:00:00
1a9d1688e994626c7556948cfdf0cc5b,96e73afdd933dd663fb9f14e09f5ee35,delivered,2018-03-15 19:45:36,2018-03-16 03:45:18,2018-03-19 15:03:43,2018-03-23 21:49:56,2018-03-28 00:00:00
d4c0ebae1ec07474b7d092a62b469f6d,80b2dd0afbb9c18f5cce702acc2947b9,delivered,2018-03-20 09:21:07,2018-03-20 09:30:46,2018-03-20 21:27:52,2018-04-05 21:26:44,2018-04-18 00:00:00
6ca2f668191c33ed41c967acf4b9841d,4f568de074677b8b87aed460e1b9fe93,delivered,2017-05-20 16:07:06,2017-05-23 03:31:22,2017-05-23 11:20:59,2017-05-29 13:23:48,2017-06-16 00:00:00
04453a84ff0126fdc05079cf18a34890,ecfa3f58947d84b3346a3634b233a259,delivered,2018-07-11 14:07:30,2018-07-12 03:35:14,2018-07-13 14:03:00,2018-07-26 22:18:31,2018-07-31 00:00:00
33cfab47136079a808c8d12d7f61730b,b2d8576243e226f1ca060a707091e72b,delivered,2017-11-25 18:27:30,2017-11-25 18:34:11,2017-11-28 22:22:02,2017-12-23 13:43:22,2017-12-19 00:00:00
79ac95840d74737ded29fca0a680ed65,feb571b0b8e2ab5abe4f95cd88d0ccdc,delivered,2018-03-29 00:27:33,2018-03-30 03:10:34,2018-04-04 03:41:11,2018-04-18 18:58:38,2018-04-18 00:00:00
1bfb96cdc9efb4a52f769d2833d992af,6fbfb8b2384f18f2f7aff6cf7d6fccda,delivered,2018-07-09 18:34:54,2018-07-11 03:45:48,2018-07-11 18:00:00,2018-07-12 20:51:27,2018-07-20 00:00:00
bdfe88d4db37adc80c492a6097dba6b6,85db54b09a38693e4c2ce4c613ce9ee8,delivered,2017-12-09 10:00:34,2017-12-09 12:31:12,2017-12-14 22:45:04,2018-01-04 23:12:27,2017-12-28 00:00:00
d15b4a7be0aedb9cd0f4330b1703b7c0,35ba8f2876a0059b2946b6674856c6dd,delivered,2017-09-07 16:56:45,2017-09-07 17:10:13,2017-09-08 19:36:25,2017-09-20 17:22:11,2017-09-28 00:00:00
a00b62f3da02851a10f9dabf2708cfb9,80770d52513e1f459d5a1abce7a10327,delivered,2018-08-03 10:01:41,2018-08-03 10:15:23,2018-08-08 15:01:00,2018-08-14 20:15:38,2018-09-04 00:00:00
d2c57d721916c36343711be4e205ad5e,768a92e407af42c626da9a6868185fb3,delivered,2018-08-21 17:37:49,2018-08-21 17:50:18,2018-08-29 14:38:00,2018-08-30 18:36:27,2018-08-29 00:00:00
b3aca462b5aca4e8bca35ac69f094e8e,a2d2c62f2102c803853e816591481692,delivered,2018-02-28 15:16:40,2018-02-28 15:30:59,2018-03-01 20:54:41,2018-03-12 15:52:37,2018-03-20 00:00:00
f625767e8c7655c497c96abfbc1d7771,e45214e727c4d66ac900b16953722fac,delivered,2017-08-04 18:34:31,2017-08-04 18:50:15,2017-08-08 16:46:44,2017-08-14 21:14:58,2017-08-28 00:00:00
5fc784387bea9241013e9ccd0f338038,61447f72ec2b337e735bcb5af2648098,delivered,2017-11-19 18:41:25,2017-11-19 18:55:25,2017-11-21 23:04:59,2017-12-05 18:58:46,2017-12-13 00:00:00
18eb75d1fa1fc1168de2bb0c4aa6dfd6,d3dbc41e6eaa97ba63d3d18a3860cba1,delivered,2017-02-07 15:46:30,2017-02-07 15:55:19,2017-02-13 15:05:05,2017-02-23 13:42:04,2017-04-04 00:00:00
6b8e2ea47563307c21b9041ff13e3d3a,7b85982525589aa280870b2dd3d4fceb,delivered,2018-08-07 13:09:40,2018-08-08 13:50:15,2018-08-10 11:35:00,2018-08-15 18:05:33,2018-08-24 00:00:00
d412e855fc7d9c1019d9fcec73c0f7c6,203204fa07c4ebfad4d5c75079f32453,delivered,2017-09-21 14:00:30,2017-09-21 22:10:21,2017-10-02 15:45:44,2017-10-11 18:23:29,2017-10-23 00:00:00
40b0b27e8d44ac649c24ff5e2a7afae1,e1a773b2a613cfb8be3b0cc1dec3c9af,delivered,2017-09-17 09:04:46,2017-09-19 03:44:04,2017-09-19 16:27:39,2017-09-26 18:33:37,2017-10-09 00:00:00
29cb59b155735e49bf9d85d37f7ecd79,a7754bb175bf5375594d0c18deae3e7b,delivered,2017-03-24 16:18:29,2017-03-24 16:30:16,2017-03-28 12:15:23,2017-03-31 17:58:07,2017-04-24 00:00:00
4c66c3496efdc2ec571277fff303a631,cf07daf0688a1761ec0bff495ca12dc2,delivered,2017-03-02 01:37:13,2017-03-02 11:02:35,2017-03-08 08:55:37,2017-03-13 11:52:39,2017-03-27 00:00:00
69ffbfbfbabf0d4360c4deb0632b6f1a,922d12e7503bdd661d9b2d2e027cc028,shipped,2018-03-01 12:19:23,2018-03-01 12:31:05,2018-03-02 20:49:23,,2018-03-20 00:00:00
06cd82bdf375dc9782609dad1a1d1d0b,add27410b616fcff8fbdc616ec5397ce,delivered,2018-02-21 14:42:21,2018-02-21 14:55:28,2018-02-22 23:15:18,2018-02-26 22:21:44,2018-03-14 00:00:00
b88d2770687ac406cf224922ace6db95,ff34f9709f14bcc2edb11bcf86941751,delivered,2018-04-21 21:18:23,2018-04-24 19:23:13,2018-04-24 22:37:47,2018-05-15 16:35:10,2018-05-21 00:00:00
dc608454ac1f85d42db31f7d558afff6,d0472a32770b2d07b3746ba671268938,delivered,2018-04-02 18:23:58,2018-04-02 18:35:22,2018-04-05 21:45:49,2018-04-13 13:19:35,2018-04-20 00:00:00
964bc1b427d6a485b515efcab9985e68,45ee903a8b62062d099b7c58fb4cc127,canceled,2018-02-25 21:11:16,2018-02-25 21:25:23,,,2018-03-19 00:00:00
6dabb450123d01750d1b176ea59026a1,859f932eedd05cd8c8adb71320a3528e,delivered,2017-11-24 07:24:10,2017-11-26 07:32:40,2017-11-30 01:51:57,2017-12-19 18:21:17,2017-12-19 00:00:00
6559f8884c6331e0364d9306262c779b,66c42657e2990cfcaf9bef048cb15337,delivered,2018-03-07 19:19:16,2018-03-07 19:35:30,2018-03-08 19:32:24,2018-03-19 19:18:56,2018-03-23 00:00:00
09d048d5bfb9dd1a82f696ce9863e9b0,fad67e7a03b7988057f8a83c285f36de,delivered,2018-05-22 21:20:12,2018-05-23 00:17:05,2018-05-24 13:56:00,2018-06-11 22:04:59,2018-06-20 00:00:00
5f8c25407710ac05d9b793cb61ff00be,d01a0d5f072e4a5c62456ef612fb85d4,delivered,2018-04-19 11:50:57,2018-04-19 12:14:11,2018-04-20 20:21:59,2018-05-14 20:06:37,2018-05-23 00:00:00
7bc17046c03d79b7224e16e8e75f9046,f771f5743af4ed1754adc479fd19dc1d,delivered,2018-06-12 09:39:00,2018-06-12 09:58:50,2018-06-12 14:21:00,2018-06-18 16:18:22,2018-07-03 00:00:00
c78c4581ef415a62752949676aee4b2c,d1620e380ac9119df0c9af90121f7fd3,delivered,2018-03-16 14:35:21,2018-03-16 14:49:49,2018-03-17 00:28:28,2018-03-23 22:06:31,2018-04-18 00:00:00
f8f1e1019197846c66b6467545bcc6b5,b87216a1a52934fb1f8b32cea9e43dff,delivered,2018-07-26 08:17:32,2018-07-26 08:30:11,2018-07-26 11:06:00,2018-08-02 21:33:43,2018-08-10 00:00:00
196f87a93cff28dd637756dbeeacd754,8f8eff2e14b61fdcc95c54b6a2074fe4,delivered,2017-11-22 22:42:21,2017-11-22 22:54:27,2017-11-30 16:23:42,2017-12-16 15:34:59,2017-12-26 00:00:00
04304d72305054a178c81ab24c4d2d68,62015356bb2bebaed11bcc9bbd658a50,delivered,2018-02-06 20:33:06,2018-02-06 20:50:39,2018-02-10 14:09:00,2018-02-20 00:38:51,2018-03-14 00:00:00
1166012db74ae7b2b443c002e1c0c019,9ece655f10c367e6839d25c4a46ad673,delivered,2018-05-09 20:10:03,2018-05-09 20:32:49,2018-05-12 08:18:00,2018-05-15 00:36:44,2018-05-24 00:00:00
3f237a4d4808dafcc954a7667cd0ad0a,218df111659cc390e2aac26fe50dc702,delivered,2017-10-12 21:42:44,2017-10-12 21:56:18,2017-10-13 17:30:05,2017-10-18 23:08:50,2017-10-25 00:00:00
8bc4e989df64f2d8c2381c9718a0f963,b97d64297d152f677ab011594346f786,delivered,2018-07-05 23:46:37,2018-07-07 04:48:17,2018-07-10 13:44:00,2018-07-23 16:39:06,2018-07-27 00:00:00
0cd41d4323d14560d7b92ef270ec6a2a,f825769d284f18c195a406aefba84bde,delivered,2018-04-13 17:48:03,2018-04-13 18:11:41,2018-04-17 23:42:05,2018-04-25 23:19:46,2018-05-17 00:00:00
2db959b538f9d43d4e42321f2c1bf61d,4cacb8a14806d01a3197100d486be80f,delivered,2017-05-20 13:35:44,2017-05-21 13:42:26,2017-05-24 17:43:11,2017-05-29 11:07:53,2017-06-20 00:00:00
68c76c01adcebe5c1bd51c0aa817bb76,1c5ae5d9ecd145651526222e2bdb2fab,delivered,2018-08-05 11:01:46,2018-08-05 11:15:16,2018-08-06 15:16:00,2018-08-14 10:37:46,2018-08-13 00:00:00
44623b600f074e7c76dc280274e437f8,f622cff2f3895f0d5dbbb6772c1476c5,delivered,2017-11-08 20:35:41,2017-11-08 20:46:22,2017-11-16 15:02:22,2017-11-22 19:28:33,2017-11-28 00:00:00
4242575865a8c4d5919561538ad8c6a7,5489d432eade5ee72322ecbddcafcd05,delivered,2017-05-09 16:54:53,2017-05-10 02:50:25,2017-05-11 16:14:59,2017-05-21 13:33:49,2017-05-26 00:00:00
3630513f30286ed696e4a2e36c79ae3c,2707853be7df8de3a4c4e8c718de99ba,delivered,2017-01-29 19:17:41,2017-01-29 19:32:06,2017-01-30 17:08:58,2017-02-08 10:55:29,2017-03-20 00:00:00
464dcde4a46d816f4943dd22ac477629,07ffa8096f295bac24527f1364530297,delivered,2017-08-21 14:29:06,2017-08-21 14:45:05,2017-08-25 20:15:36,2017-08-28 16:23:50,2017-09-01 00:00:00
628c545b23b29ba5b8c94769cbbc6ed2,f01bafe85b52196f6e0246ef7227d059,delivered,2018-04-25 21:07:17,2018-04-25 21:30:12,2018-04-26 13:04:00,2018-04-27 14:22:49,2018-05-04 00:00:00
4fa933d3af1ace6329bd375b0be6398b,90553a4698520fdfd662f59faa2211b4,delivered,2018-06-13 16:09:06,2018-06-14 10:20:06,2018-06-14 14:45:00,2018-06-16 18:56:48,2018-06-26 00:00:00
d436f5387d49c35277311bac09fd7d03,10de1d2f812b134f7659b081e1f72c52,delivered,2018-03-05 20:21:33,2018-03-07 02:15:36,2018-03-07 18:11:59,2018-03-09 03:28:21,2018-03-15 00:00:00
fb39214284cf55a6cf26890f666e90a1,28dfc2aca610daa042f70f24daa45874,delivered,2018-06-13 17:44:40,2018-06-13 18:02:49,2018-06-14 12:52:00,2018-06-20 20:52:37,2018-07-05 00:00:00
90c1326a722fcac3511de49d6ba70b20,fe2627beb3efce8375da718334138080,delivered,2017-07-18 15:54:42,2017-07-18 16:10:13,2017-07-19 15:17:29,2017-07-27 17:45:44,2017-08-17 00:00:00
9eea7815889d95c5fbd5d314ebc40fe5,70d29bf70411fdb29533d204f5b6f821,delivered,2018-06-29 10:44:51,2018-06-29 11:11:33,2018-06-29 13:50:00,2018-07-03 20:18:49,2018-07-19 00:00:00
db487d71157d986ff993d6afc5de6ea5,06323ee39c5605bd9e243f9aacdcbae7,delivered,2017-10-17 08:20:36,2017-10-17 17:46:48,2017-10-18 15:14:09,2017-10-26 17:43:14,2017-11-07 00:00:00
b12b92b6a6b42a691ca688b4d7225153,c65e7b2bc42c66870cda484a1dc0cf6b,delivered,2018-07-31 18:46:13,2018-07-31 19:40:20,2018-08-02 08:42:00,2018-08-09 18:47:32,2018-09-06 00:00:00
14be6c27cfb9d577528738b7bb45139e,603e5fb8eb576575546d8880846aaac6,delivered,2018-04-11 08:07:56,2018-04-11 15:12:22,2018-04-12 19:36:21,2018-04-18 16:48:36,2018-05-07 00:00:00
a71697ed5952ec8c72a86901131efc9b,fce55a0b30e94493f234e20d63c58411,delivered,2017-04-19 20:44:21,2017-04-20 20:50:19,2017-04-25 08:24:00,2017-05-03 15:19:57,2017-05-11 00:00:00
a21c53b6831965237f3ebb62bc6598d5,038b507a69c24aa9b525196d7a295977,delivered,2018-03-01 14:50:47,2018-03-01 15:15:41,2018-03-02 01:12:21,2018-03-20 22:38:43,2018-03-22 00:00:00
db22016bef74b6dc92aabe8713dd0eef,9fcbfd245cf9237bbf8a3499b0a62c24,delivered,2017-09-05 14:20:41,2017-09-05 14:35:19,2017-09-06 18:06:13,2017-09-18 15:02:21,2017-09-22 00:00:00
4d9a297fbfa9ba6d8d70c06d4bec9ca9,7454f64a4378ab4a3aacafdef6a1feeb,delivered,2017-02-18 14:36:48,2017-02-18 14:50:13,2017-02-21 13:08:06,2017-02-24 08:12:33,2017-03-27 00:00:00
15c678abbfb30046bbc527e08721f88a,28906e836da1302f6be9abbb3738cb92,delivered,2017-04-26 12:43:22,2017-04-27 13:23:46,2017-04-28 10:28:20,2017-05-05 13:20:11,2017-05-17 00:00:00
271cf6fbd3f70026fc60ccf8139f8a2a,051eeefd4cdba801dae1ab465d41636a,delivered,2017-08-27 13:18:21,2017-08-28 13:25:13,2017-08-28 18:16:32,2017-09-01 21:54:01,2017-09-11 00:00:00
c88935c0144ef18368420018e18f177a,ee7e21c28d1a65571f31b635723bbd4a,delivered,2018-08-11 22:11:28,2018-08-11 22:25:13,2018-08-13 12:23:00,2018-08-27 16:32:13,2018-09-05 00:00:00
c05959bbcc139450377c258a39f80602,e255bea28fdeb105b85a23947349cca5,delivered,2017-11-28 08:43:12,2017-11-30 02:25:23,2017-12-01 16:29:08,2018-01-10 00:16:46,2017-12-28 00:00:00
ab603a1053e4be360569a5310fd35e4c,3984ffbe9e8f2a24ecf719952d27bf08,delivered,2018-01-17 08:27:20,2018-01-17 08:50:56,2018-01-19 01:44:42,2018-01-26 18:15:23,2018-02-19 00:00:00
a38cd506ff8139ca5c3aaddc10583417,fee7d7120ca238c0dfd5a798adc40da3,delivered,2018-02-03 13:04:07,2018-02-03 13:30:29,2018-02-06 12:04:01,2018-02-09 14:56:32,2018-03-01 00:00:00
3a3f6aa80241caf165b717419017abc2,a72d0d46cf8362224f451f56a107872f,delivered,2018-01-08 12:05:26,2018-01-08 12:17:26,2018-01-09 23:22:53,2018-01-22 18:04:17,2018-02-05 00:00:00
94a7404baf903097588d30faf47784d2,457207ed970fb24526a47a9a9a271a46,delivered,2018-02-08 23:26:46,2018-02-08 23:35:35,2018-02-14 18:42:13,2018-02-20 19:32:46,2018-03-07 00:00:00
b607d7da0663815e5f2dea3b47d46b1e,cca4c1826d524db7b10082a6b6bf87c2,delivered,2018-05-12 18:51:13,2018-05-12 19:16:33,2018-05-15 14:30:00,2018-05-18 19:09:43,2018-06-18 00:00:00
145022bb4479c1970ec4387b6fb8cb3c,792a76b5589ff342f8f1d3bdf51565d8,delivered,2018-04-06 11:22:13,2018-04-07 02:50:12,2018-04-12 00:52:44,2018-04-20 16:08:38,2018-05-08 00:00:00
d7bfdc36e6fc0edc0abd8752151da345,696701728a4e18b1373bce09400fa4b5,delivered,2018-08-12 22:27:39,2018-08-14 04:30:24,2018-08-14 13:09:00,2018-08-15 19:47:40,2018-08-16 00:00:00
053180cf4b0cf3f7a300e2e42ff01da9,ce330ffe33e3f344ad5a80b8410c1ced,delivered,2017-12-11 10:06:05,2017-12-11 10:18:28,2017-12-13 21:33:24,2017-12-27 14:53:40,2018-01-04 00:00:00
64be1ceac437f2eed73e5b001d190e97,4f670eca00f599d947c8bae734bb785e,delivered,2018-08-13 15:48:19,2018-08-13 16:04:45,2018-08-15 12:29:00,2018-08-20 14:27:53,2018-08-30 00:00:00
78edd1ffa7d6932c983c695fbaf976e0,06c760a59b5508e58bb333d3bac7afc9,delivered,2017-02-13 14:20:36,2017-02-13 14:30:15,2017-02-16 14:07:15,2017-02-22 13:33:32,2017-03-16 00:00:00
3120b7403aff618e67e9457cd794c0ad,e6909074b0dc214b991387cb3fad7f6d,delivered,2018-02-06 16:59:28,2018-02-06 17:15:39,2018-02-07 23:34:06,2018-02-15 19:12:06,2018-03-07 00:00:00
87da0bebd85724d8dc20289da550ce1b,7ee037c29b42afccdc066ebeff67d5f2,delivered,2018-03-04 13:44:58,2018-03-04 14:08:43,2018-03-07 21:05:10,2018-03-14 21:16:37,2018-03-21 00:00:00
172587311d5d0329ae5a761bf6ae4c80,89652594ba5d76f49163723d82a62097,delivered,2017-11-26 14:25:16,2017-11-26 14:36:30,2017-12-05 20:28:31,2017-12-20 14:53:15,2017-12-19 00:00:00
8c0dd54ff6a273a02de12494c6bf299f,6a65b5d6d4f4c9dfda93798cf014ee47,shipped,2018-07-17 22:35:46,2018-07-18 21:22:25,2018-07-30 09:00:00,,2018-08-02 00:00:00
7c3568d42d0c0610c6a6c0f864d03b03,25191ba92200ad3022d457b2e5b8e64c,delivered,2017-11-24 23:31:10,2017-11-25 02:18:29,2017-11-28 00:09:00,2017-12-20 13:07:03,2017-12-20 00:00:00
c0e12a153ac058861cbd268f456d189f,65443c09a5207313f5c44323398323a7,delivered,2018-05-09 20:51:49,2018-05-09 21:15:26,2018-05-10 15:41:00,2018-05-12 17:28:47,2018-05-23 00:00:00
935759ea87b137f4b8ddfdc6dc07045a,7e8615575192baa505d038bd461a5ce9,delivered,2018-05-15 23:41:29,2018-05-15 23:55:17,2018-05-16 12:48:00,2018-05-22 19:03:54,2018-05-30 00:00:00
31957bf1aaecfc2956d1b81300cf0dcc,1e919c04beaee802f45cbffd7ec05e8d,delivered,2017-10-23 21:20:43,2017-10-23 21:28:33,2017-10-26 16:13:52,2017-11-06 23:21:33,2017-11-13 00:00:00
9fe640ac4892a1b6b6088af42aa17d83,a6f3e3a65eda657279a6139bd579c26c,delivered,2018-02-07 22:30:38,2018-02-07 22:48:35,2018-02-10 14:03:09,2018-02-21 19:57:33,2018-03-05 00:00:00
327eb42fa668b532239f44713415a37a,55b27dfa87fa879dd6c7c02b905575f9,delivered,2018-03-23 11:14:04,2018-03-26 09:47:28,2018-03-27 19:38:55,2018-04-25 12:42:23,2018-04-23 00:00:00
575fd25dc6bc7604b6a64f9d8fdb1cd3,a346f988c7f391f919345ab9926fbbc8,delivered,2018-01-24 19:11:34,2018-01-24 19:18:20,2018-01-25 18:33:23,2018-02-02 18:28:47,2018-02-21 00:00:00
159d9198e0ccf96f69186d394d590fa3,e5f4af2cd45b5712ea48e82ebe27f4c7,delivered,2018-02-21 11:38:24,2018-02-21 12:30:28,2018-02-22 14:51:57,2018-03-15 15:51:32,2018-03-19 00:00:00
859980aae511377b7230f72d90bfc580,fab4d0e05c214c4baa684e6107d77757,delivered,2018-03-16 17:16:38,2018-03-16 17:30:37,2018-03-19 19:51:43,2018-04-02 17:08:45,2018-04-05 00:00:00
20c4ac55ded9c34a63cbf3e1f570afa4,d4b9d16bded480fb0da4e578e492b492,delivered,2018-08-05 21:41:29,2018-08-05 21:50:16,2018-08-08 13:36:00,2018-08-20 20:09:38,2018-09-06 00:00:00
811155730c44e9b55e98d5bfc5e521d7,f524cd02ed38d4ed250fde7e49e4b9d4,delivered,2017-02-28 13:40:03,2017-02-28 13:50:16,2017-03-02 12:08:45,2017-03-08 01:13:54,2017-03-22 00:00:00
595c8cc7fe6bf40c3acfe06661759a4b,c06248fe42ae3ccfa4719e48ffce66ab,delivered,2018-04-07 13:00:51,2018-04-07 13:10:16,2018-04-10 17:26:48,2018-04-11 18:24:36,2018-04-25 00:00:00
a3de5eef9ddc6e58758fb9d70e5bcad5,11f0d9654e771c189ac9710977422029,delivered,2017-09-18 15:10:14,2017-09-19 03:45:50,2017-09-19 20:48:35,2017-09-26 19:37:54,2017-10-09 00:00:00
b8b2320bc7303abbc19c6976fe8b2fd6,92628c277b98be63e84b493008544b25,delivered,2017-11-12 23:37:02,2017-11-12 23:51:02,2017-11-13 19:32:49,2017-11-24 18:02:24,2017-12-08 00:00:00
29d71d9c45a5ba44a2c8c20292d77bc5,24b0f93c6cf382951539720724e57161,delivered,2018-05-09 11:39:40,2018-05-09 11:55:14,2018-05-10 17:49:00,2018-06-01 22:51:07,2018-06-11 00:00:00
ccaafa8bd853d25f4e7b1fb18f97e719,ca99696301cbb5d40991c426ff821447,delivered,2018-02-27 10:08:49,2018-02-27 10:30:33,2018-02-28 19:46:49,2018-03-01 21:39:33,2018-03-13 00:00:00
efc4bbb3d32651353b42356e387c5760,8c88f5153f5d153654ec491bae2323aa,delivered,2017-05-26 08:41:54,2017-05-27 02:55:14,2017-05-30 10:59:39,2017-06-03 12:32:10,2017-06-27 00:00:00
556bb5c8ecb64be5ee1ee039d4376432,98eae6798cbe981fdb74e8dcc74fb38b,delivered,2018-02-28 17:43:05,2018-03-01 16:10:40,2018-03-03 17:16:44,2018-03-16 00:32:49,2018-03-19 00:00:00
c9f06c1229ec7cd4ec9aed55d434b499,fa89053140d09081b3a3a4608a74c083,canceled,2018-02-05 20:26:29,2018-02-05 20:49:48,2018-02-06 19:49:32,,2018-03-01 00:00:00
bca647a251ea21807ba8cf824272dcfd,a37eb493df9cc1c3d784a5d46930f2c5,delivered,2018-08-06 20:49:39,2018-08-06 21:05:15,2018-08-07 15:56:00,2018-08-15 16:36:41,2018-08-21 00:00:00
3a75ad68c0d55d1b9765b50d7ec54c24,297e4d3a79ef71ff35edde593ed36034,delivered,2018-03-03 13:14:27,2018-03-04 13:15:32,2018-03-05 18:06:35,2018-04-03 22:36:47,2018-03-29 00:00:00
603a62e519fda3b31500e93d9d74da62,1760e65004d3c8bde07f1cdc0375ce2b,delivered,2017-04-18 22:11:41,2017-04-18 22:25:19,2017-04-20 07:32:41,2017-04-27 07:58:42,2017-05-10 00:00:00
ecdfdb87979ffaab7c1133bf18fdef83,37346b142cf550a61beade652896f249,delivered,2018-02-04 17:11:07,2018-02-04 17:49:08,2018-02-05 16:08:27,2018-02-21 20:23:21,2018-03-01 00:00:00
f2a4a108d09aa4b93643e9702d32d6de,6cf33794e360f70f5111034310a62eec,delivered,2017-07-03 17:01:15,2017-07-05 02:50:28,2017-07-06 10:33:52,2017-07-17 19:13:14,2017-07-25 00:00:00
077c116b10b1c482b78d24fad9fa14a3,f0608cac11fcb486fda7efba9bc7c515,delivered,2017-03-21 19:42:03,2017-03-21 19:42:03,2017-03-22 11:23:19,2017-03-27 13:42:24,2017-04-07 00:00:00
1361dafbb17a41b4073880b5f839962b,2b4c669e55dcd0a17e79c4a3a2ce1f4f,shipped,2018-03-13 12:59:22,2018-03-14 12:56:10,2018-03-15 19:52:48,,2018-04-04 00:00:00
9b441adcb57c2e78cb12352908df3ea8,a1a93deddcf69a6a55df0275e2be062e,delivered,2018-02-07 19:34:43,2018-02-07 19:49:35,2018-02-16 14:27:43,2018-02-23 22:34:25,2018-04-10 00:00:00
1fa468994c6de461001e0d8849f60a7f,5bf659be3540f83e2f8f4dd67fd1dcfd,delivered,2017-12-06 09:03:48,2017-12-06 09:34:45,2017-12-07 20:18:38,2018-01-03 19:28:29,2018-01-03 00:00:00
53aa4b3b6371ebeef116f26798f0747f,83424bcfa17339a2e25db708e54b1b26,delivered,2017-11-28 15:04:00,2017-11-28 15:19:40,2017-12-05 00:04:08,2017-12-11 17:18:48,2017-12-12 00:00:00
c15e9447787185951cc99a3f69a8f7dc,f0a2b63c12a6ebe723002dd5d08b5ec3,delivered,2018-02-07 14:28:04,2018-02-07 14:49:33,2018-02-08 22:35:22,2018-03-05 20:24:53,2018-03-07 00:00:00
c6dc29188afdf102454edab964438d2d,858992797280bee2dada134ca5669097,delivered,2018-02-09 09:09:56,2018-02-09 10:13:46,2018-02-09 21:44:57,2018-02-28 00:33:26,2018-03-12 00:00:00
2e5e827b80515bc21c042a5181e32ec5,a1d3d78e83da30d70783ff40f8c9067e,delivered,2017-09-10 15:51:25,2017-09-11 16:05:09,2017-09-12 18:43:51,2017-09-15 16:33:29,2017-09-27 00:00:00
6d335a14529f4ffa4219793d5b5a9772,5f1ad3fba0387ccd0efff08a8fee6212,delivered,2018-02-16 13:38:45,2018-02-16 13:50:33,2018-02-20 01:19:50,2018-03-23 17:47:33,2018-03-09 00:00:00
0176a6846bcb3b0d3aa3116a9a768597,aaad67429ea7d339bdf5f71ae3ef74f6,delivered,2017-12-25 10:40:52,2017-12-27 04:32:07,2017-12-28 19:57:15,2017-12-29 21:22:35,2018-01-15 00:00:00
011a56023faf5bbb9af634e20a85f7bc,cd321431eb241e989d200c78d0a4bfc4,delivered,2017-05-10 06:54:05,2017-05-10 07:05:09,2017-05-10 12:09:28,2017-05-18 12:48:08,2017-06-01 00:00:00
37cbd81fe098c8e061f8fc93ac29ff2d,47ea9b65420fd9b8f358d4f57fdb83f9,delivered,2018-04-30 19:59:33,2018-05-01 05:32:19,2018-05-04 11:23:00,2018-05-07 20:48:56,2018-05-16 00:00:00
6914acb0f52f56529563f4f97062b90b,5b2a54f35e622a12b06b30667e735af5,delivered,2017-07-29 20:01:05,2017-07-29 20:15:16,2017-08-01 13:28:50,2017-08-04 21:17:40,2017-08-18 00:00:00
53b3e2250cde35f4d38113ae5e3b8055,7e52c40ddc442f47bd543f184fa91d0f,delivered,2017-11-10 13:41:19,2017-11-10 13:55:26,2017-11-13 16:49:03,2017-11-21 17:00:15,2017-12-05 00:00:00
62f22bb8b5c6a5beabbbe1582f4b2dfe,ee831abdb6ebaba4181ac3e0fa26334b,delivered,2018-05-18 13:59:12,2018-05-18 14:34:55,2018-05-18 14:29:00,2018-06-06 01:36:29,2018-06-04 00:00:00
57135998a968ee37a773daabc8afdade,6b90b6b48d55aa6fa6e3f9e9c3f04881,delivered,2018-05-19 12:55:59,2018-05-19 13:11:21,2018-05-21 10:51:00,2018-05-23 12:32:32,2018-06-06 00:00:00
4283163049a271ca139442ff3cbcb140,d0f224b31d169b2a04e8c206ce5d8e43,delivered,2018-01-16 22:45:37,2018-01-16 22:56:29,2018-01-19 19:19:14,2018-01-23 20:28:53,2018-02-06 00:00:00
75998f5e98ff4d9d5c1b8563d15bcecb,af40f3e80d2c55ff8d3547dfbe0b7e7e,delivered,2018-02-17 10:21:09,2018-02-17 10:33:10,2018-02-20 23:45:02,2018-03-14 22:45:55,2018-03-20 00:00:00
cafa41a943378224e6de08cac484c475,3400a0ad8864ba57b7857d725e77fc2b,delivered,2018-07-22 11:03:23,2018-07-23 11:31:52,2018-07-24 15:29:00,2018-07-27 16:34:40,2018-08-15 00:00:00
e292b3a258a40c3489d65a60b9cad848,e0f3dd75a709236dd86a35204e6bd69e,delivered,2017-05-16 00:57:20,2017-05-16 01:05:13,2017-05-18 07:19:50,2017-05-22 17:17:43,2017-06-09 00:00:00
fb5aea6237c4ec04f70112e1bcf93b99,e223fb2857317a6f4e567a1b77474843,delivered,2017-12-26 10:12:53,2017-12-26 10:18:24,2017-12-27 19:22:46,2018-01-08 19:07:37,2018-01-26 00:00:00
fd5b6be23bf746374e6d9d5f5ece3fd1,eace6dd8a0f090e33030802dece9184d,delivered,2018-08-14 15:00:06,2018-08-14 15:31:36,2018-08-15 11:34:00,2018-08-20 19:36:52,2018-08-28 00:00:00
2438d5b697d42d6c29d6cd8c6a7eef4f,597f61640a156649126c8f7d85c227fd,delivered,2018-01-09 14:47:50,2018-01-09 14:57:30,2018-01-13 01:09:49,2018-01-26 17:42:38,2018-02-07 00:00:00
505e3b83ecc630a2507a9d9c8bfedd8b,234b8c7443c22633e616ec258dbb68c8,delivered,2017-10-05 14:48:13,2017-10-06 02:07:11,2017-10-09 22:46:31,2017-10-27 09:38:49,2017-11-03 00:00:00
40e61df3e13139ca0731f9f2d68732b5,0015bc9fd2d5395446143e8b215d7c75,delivered,2018-06-11 19:48:34,2018-06-11 20:22:45,2018-06-12 16:36:00,2018-06-14 10:18:20,2018-06-26 00:00:00
d5c6ccc7f3bf2ffb7dda78c440e18328,7406e4858971dc21ef50a576de8cebb3,delivered,2018-08-16 04:20:21,2018-08-16 04:35:06,2018-08-24 14:04:00,2018-08-27 23:28:28,2018-08-31 00:00:00
e14a5582dbf9738cda2251600e5df96e,b48777b3d6a058681c09655843453cb8,delivered,2017-11-17 22:12:54,2017-11-17 22:26:14,2017-11-22 17:34:47,2017-11-23 23:09:34,2017-11-30 00:00:00
0e2ab1418d48378be194702fef5657c1,7e604950b2bb67d61acac73d2505e7c4,delivered,2018-01-24 14:23:42,2018-01-24 15:38:29,2018-01-25 21:56:25,2018-01-31 17:59:05,2018-02-20 00:00:00
1aca9e580244f9953137f85a9eb5d143,33aa26697019cd0932ec06cd9b375051,delivered,2017-10-05 06:24:11,2017-10-05 06:49:19,2017-10-06 19:19:56,2017-10-23 20:31:47,2017-11-09 00:00:00
c7d334c62c1af62c782895cd62d61237,3aa2122cf8201703c33e7e09e043a243,delivered,2017-05-09 23:16:25,2017-05-09 23:42:25,2017-05-13 11:09:42,2017-05-23 17:53:56,2017-06-27 00:00:00
7e8fd0c601d51838d063e75482cbad9c,33af4cacd6d2dcf53a8ae1bae9e107b9,delivered,2018-02-22 11:04:41,2018-02-22 11:31:06,2018-02-23 21:17:18,2018-02-26 18:12:33,2018-03-08 00:00:00
69f163a7f5db45863194f9cab7e63866,de6e83a22a1dbc2d5a486e1b063f7999,delivered,2018-02-04 17:31:17,2018-02-04 17:49:15,2018-02-06 20:45:58,2018-03-05 20:36:26,2018-03-06 00:00:00
55fa93249d8122a871689fd4c9511e2b,dfe661c8c4c584b4a8b55081660e9870,delivered,2018-02-19 12:10:00,2018-02-21 06:20:23,2018-02-26 20:58:04,2018-03-20 19:39:28,2018-03-20 00:00:00
81b87cfcdcdbbb35c82e6a588b6894e5,02286830664a352f63ecd02e620fa897,delivered,2017-11-12 19:16:50,2017-11-12 19:31:00,2017-11-14 17:14:45,2017-11-21 21:11:58,2017-12-15 00:00:00
acb0e25642be93476364a66e20246c08,149b564002e30214f618713fde904ebb,delivered,2017-11-23 10:39:18,2017-11-24 03:09:53,2017-11-24 21:42:06,2017-11-30 22:19:27,2017-12-20 00:00:00
699105d95440b6f63141676223db5d05,a345faefe1c85e847d027320e7a75e68,delivered,2018-01-14 09:59:54,2018-01-14 10:09:28,2018-01-15 17:04:00,2018-01-18 19:07:01,2018-02-08 00:00:00
55538582ef35a95e5ed4047c6bf04695,34ea637ac902c88b56fb4b2907a4c2cb,delivered,2018-01-09 22:22:57,2018-01-10 10:32:03,2018-01-15 15:52:33,2018-02-09 18:16:04,2018-02-15 00:00:00
21bce62cff4eacc6c074129488939291,c435a68d2db4803b48e6b075ba4b15a7,delivered,2018-03-22 09:43:16,2018-03-22 09:55:47,2018-03-22 21:13:33,2018-04-24 00:17:41,2018-04-19 00:00:00
c1ee8750e81c5ea3177c055eb948a7c3,13709df0dd790e4caf6f2c62468861a2,delivered,2018-03-20 15:09:28,2018-03-20 15:29:30,2018-03-21 21:05:55,2018-03-22 23:59:27,2018-04-02 00:00:00
8dc71d90daff59b6abf5eba2e80fa928,185086f7b5b98370b0d12e2100a69e08,delivered,2018-05-22 09:36:38,2018-05-22 16:58:31,2018-05-23 13:33:00,2018-06-04 17:54:53,2018-06-13 00:00:00
846e81ab8aae6ab83de10e8f3df527d4,94b6d60050f950f25614da6e81ff5e65,delivered,2018-07-07 14:22:37,2018-07-11 03:25:54,2018-07-11 15:53:00,2018-07-14 15:51:31,2018-08-01 00:00:00
26884dfc89f32e105d001c993035c55d,3bdf57e48177d9e43dad1c9b3253c569,delivered,2018-06-27 18:10:40,2018-06-27 18:31:46,2018-07-03 05:29:00,2018-07-05 22:24:25,2018-07-23 00:00:00
b5fa2ba0f79e3ed1060c40becf0952a4,5236cb56c9f9a4970c03e1d199f0bb51,delivered,2017-11-28 11:25:56,2017-11-29 02:18:24,2017-12-02 01:14:50,2017-12-12 23:38:52,2017-12-19 00:00:00
78db0b29049b6795343e2a8ba2f48ff7,e806ed5d5fdf4be71b5405c1d8e39b8f,shipped,2017-11-09 22:29:00,2017-11-09 22:46:51,2017-11-16 14:28:58,,2017-11-23 00:00:00
c9235f8ee527574b6e127f65f016fa73,a27c88a48a25ba7e63f675fd65d25654,invoiced,2017-12-01 16:01:18,2017-12-01 16:10:32,,,2017-12-28 00:00:00
39ec8a3275a05abb9ca9314b10b2ec49,b47579293e9f61a86c183a18fb2f7255,delivered,2018-04-29 19:21:58,2018-04-29 19:35:33,2018-04-30 13:55:00,2018-05-03 17:34:33,2018-05-21 00:00:00
6e9370a06b1db5a9e470ca937fec62c7,12f6a940b0c7ff9591070497a3301ca6,delivered,2018-01-14 16:51:44,2018-01-14 16:59:21,2018-01-16 13:03:13,2018-01-17 16:13:53,2018-01-30 00:00:00
0716d86faf8bd36dcb5bdaee6777b272,1722422d4c5041e9c2157a76461fc2a5,delivered,2017-05-20 11:37:34,2017-05-20 11:45:19,2017-05-22 18:16:39,2017-05-29 06:57:52,2017-06-13 00:00:00
7d08ecaa7f7a09d998d13b5fc4662c3e,db977692da48dd7befedc7aa02920c99,delivered,2017-09-08 09:22:53,2017-09-08 09:35:20,2017-09-08 21:44:55,2017-09-16 13:05:50,2017-09-20 00:00:00
3aba44d8e554ab4bb8c09f6f78032ca8,82b838f513e00463174cc7cae7e76c1f,delivered,2018-08-10 13:24:35,2018-08-10 13:35:21,2018-08-13 14:43:00,2018-08-17 21:33:40,2018-08-27 00:00:00
a3bb82a765bf828134959a50bdc5f8cc,f4fe2dbe94714c74fce3fa1bd21b5e03,delivered,2017-09-28 10:32:57,2017-09-28 10:50:29,2017-09-29 19:28:57,2017-10-02 18:12:35,2017-10-16 00:00:00
d3a04a6a99a00682ddb37c44e1b642a7,1110c7f9e378adb3131442a4b231c7bc,delivered,2017-08-10 11:19:34,2017-08-10 11:35:21,2017-08-14 21:05:19,2017-08-21 20:41:39,2017-09-01 00:00:00
dadfdcd24f54c8c6e8aff011390e5a08,f07aa6675ef85cbacaafe5ffc8e17f8c,delivered,2018-04-19 10:44:45,2018-04-19 11:37:30,2018-04-26 14:04:00,2018-04-27 23:34:30,2018-05-03 00:00:00
558b411669d1eaae0ee5ec3186559cce,65ca4c923eed057ae8b71dd363de6a9e,delivered,2018-03-22 15:05:46,2018-03-22 15:15:38,2018-03-27 23:32:59,2018-05-05 02:32:25,2018-04-24 00:00:00
a5c2bce79ee362cbd630af6c3ab8f841,288333d294560ba3dadb8466fcdb0a02,delivered,2018-08-13 16:32:39,2018-08-13 16:45:19,2018-08-14 15:15:00,2018-08-15 14:57:47,2018-08-21 00:00:00
0dec53222040e240898573d258dbc4b5,6a4c9db2ee893f033107b06b2750fab0,delivered,2017-05-15 21:09:41,2017-05-15 21:25:10,2017-05-17 18:52:04,2017-05-25 15:05:10,2017-06-14 00:00:00
42bf504cb251a0831211edbffa19c28e,5eede6b418bd9bdbf8ef33bef6821e24,delivered,2017-10-07 18:35:00,2017-10-08 19:28:13,2017-10-09 16:02:21,2017-10-14 12:12:54,2017-10-31 00:00:00
8d51dadd16d87cc5be0ed773fd727f14,ecbd0c721b58ea5081b6c65c0ef5d0eb,delivered,2017-10-11 15:49:51,2017-10-11 16:07:06,2017-10-13 20:13:48,2017-10-16 20:21:57,2017-11-16 00:00:00
6889c740bbcca162beee27a55cbc56f4,c9c6721f8c8bbfa4b2b96de27d9fb3c0,delivered,2017-03-03 20:25:48,2017-03-03 20:43:28,2017-03-08 16:46:10,2017-03-13 11:30:55,2017-03-22 00:00:00
fdcb642c8ac047b33f64d32c79a62833,610f269aad3886c64ef236594d6155b3,delivered,2017-12-16 15:09:21,2017-12-16 15:19:32,2017-12-19 17:13:41,2018-01-04 14:57:21,2018-01-22 00:00:00
c19d18cdc29fd917b9e655f55503a665,44cd5738f7ba0bf9d98865a0628e38a8,delivered,2017-11-30 17:38:44,2017-12-01 11:30:56,2017-12-01 20:36:49,2017-12-04 20:28:29,2017-12-18 00:00:00
c83791759b06d1268e4305586aa9fc84,09ee6d919f1d6e927ada072ded4ff82b,delivered,2017-12-22 16:30:24,2017-12-22 17:02:22,2017-12-27 17:05:17,2017-12-28 12:32:14,2018-01-12 00:00:00
f47e44448c5dabc6709546ebcba1f870,ae75a901f487944d4da9939d4799c4e0,delivered,2018-02-01 21:07:56,2018-02-03 02:53:22,2018-02-05 21:07:34,2018-02-16 21:26:46,2018-02-26 00:00:00
b785c9a36593879a9109ad7539f2467c,c308e6b8b4727bd2e3b3433bdb344950,delivered,2018-01-06 19:46:05,2018-01-06 19:58:20,2018-01-09 17:32:34,2018-01-23 23:29:09,2018-02-08 00:00:00
f5cb64e08217d29ba1f07601994e2e22,b6c215e230f1bbf076885ce3404df801,shipped,2017-07-01 19:30:45,2017-07-01 19:43:54,2017-07-03 13:43:47,,2017-07-31 00:00:00
781fd3ed9622fb02b51ba3fd214710f9,e240b086141e7143ed7055f546b8de19,delivered,2017-09-25 18:10:25,2017-09-27 03:34:13,2017-09-27 12:04:40,2017-10-02 20:11:59,2017-10-17 00:00:00
0814daa4d12a646aeb73c429d5852f4d,b4eb4ca3fef464f5a8778c47da055604,delivered,2018-07-28 13:14:37,2018-08-01 16:31:31,2018-07-30 14:58:00,2018-08-02 19:32:21,2018-08-13 00:00:00
57a382ec5b2ec69093d3bdc7de3ec927,3cf0ae0b8daef388a5106a0f9999fe97,delivered,2017-06-02 15:12:18,2017-06-03 15:15:17,2017-06-05 17:05:16,2017-06-08 06:22:40,2017-06-16 00:00:00
b4371384ac6d51fe934e4f50b8b61e4c,7ffef7ba261467851a207fb18744f4f4,delivered,2018-04-05 15:52:01,2018-04-05 16:10:49,2018-04-09 18:02:50,2018-04-23 19:12:32,2018-05-03 00:00:00
11500a4af311587353f096722f1ba4fc,12fd551b8fcfa9432c62a084ffb4a34b,delivered,2017-12-17 22:56:12,2017-12-17 23:14:28,2017-12-19 23:04:46,2017-12-21 17:37:29,2018-01-09 00:00:00
76b25fe0af9b04dfb3c2055e447d4492,a6ce61a0375ec7c47769053b811cd750,delivered,2018-04-22 17:34:19,2018-04-24 18:20:23,2018-04-23 19:28:52,2018-04-25 11:41:47,2018-05-04 00:00:00
72fcdcc4d106595993b31fc91c800113,89cbb4528dbfd3ec138d5014dc8ccb0e,canceled,2017-09-12 22:36:04,,,,2017-09-22 00:00:00
d2c6edf0a1bc848686337236f623d79d,86eb0c5b7e736ff01d2d1d4ad27e4912,delivered,2018-07-19 12:08:38,2018-07-20 04:55:27,2018-07-23 16:41:00,2018-07-24 22:06:46,2018-07-30 00:00:00
fec903f8ec1c6bd437fa8abafc20d378,22d8ce67d81d6155f428db48eeb6bc7c,delivered,2018-02-23 21:11:19,2018-02-24 21:07:33,2018-02-28 23:38:43,2018-03-13 18:38:48,2018-03-23 00:00:00
7339f161136d0fc994a2c4f5de2d0e06,592f75a04ba5b97b4bce5fe56b112506,delivered,2018-04-04 21:49:23,2018-04-04 22:09:10,2018-04-05 15:03:38,2018-04-11 23:46:40,2018-04-26 00:00:00
0cf00d58f941ec9b27dc839a9c6e91e4,b944bb22321bd45c41e8c80019664269,delivered,2018-07-17 22:33:14,2018-07-17 22:45:12,2018-07-19 12:24:00,2018-07-23 22:29:36,2018-08-06 00:00:00
4f8092f81e74647a7bb441b6577d62b1,72b2dcb1f65360c3a533246ea3502fed,delivered,2017-05-06 13:35:37,2017-05-09 09:43:20,2017-05-11 12:28:35,2017-05-18 09:28:43,2017-06-05 00:00:00
67a0e107b1c36e51a74327cf74080114,746c45861e0a8d11b1a4106f135fcd2e,delivered,2017-12-28 15:00:06,2017-12-28 15:07:22,2018-01-03 15:38:38,2018-01-24 20:53:21,2018-02-05 00:00:00
8c1d4b6d5a4c76d480dc3f8e766b285e,2774f58d0ab448db599165baa622db3f,delivered,2018-04-26 09:09:16,2018-04-26 21:50:20,2018-04-27 15:01:00,2018-05-02 19:13:04,2018-05-28 00:00:00
3df5f0a6d3258b30e0793cbd37b499f9,dbd01710a8d1ac22396873369d7ccf40,delivered,2017-08-11 10:15:46,2017-08-12 02:50:41,2017-08-14 20:33:48,2017-08-22 14:27:30,2017-09-04 00:00:00
87789201372bea41809c2f0d455ab122,e6136cd145718878e3cee93987ecbfda,delivered,2018-07-29 15:49:12,2018-07-31 04:31:29,2018-08-03 13:33:00,2018-08-04 17:35:43,2018-08-09 00:00:00
992e5d6c51707533e0be958b2e283373,d27a0560b2900260662c7cf680c21ee2,delivered,2017-12-28 12:43:02,2017-12-28 12:52:24,2017-12-28 22:47:16,2018-01-18 16:28:01,2018-01-30 00:00:00
6255ac1810f1b5256d5491df6b4ac042,a0451d2ead74202d41e2f21043a57229,delivered,2018-04-07 21:19:10,2018-04-07 21:30:19,2018-04-09 18:03:19,2018-04-12 21:02:37,2018-05-08 00:00:00
6ca82d9e4eb3effeb9ad7d3a592d3cc4,687d129b397ac0c3c8473e141233a55a,delivered,2018-05-08 18:48:03,2018-05-08 19:12:14,2018-05-09 12:52:00,2018-05-15 13:44:59,2018-05-28 00:00:00
9937c97886894167e73d617373b4d91f,b2d2fd3ac9b224c1c5e6f1811c44d3e8,delivered,2017-07-05 16:05:20,2017-07-05 17:54:52,2017-07-11 18:04:44,2017-07-14 18:32:55,2017-08-07 00:00:00
8c82eab3813ca92415655a5e4b1a8b7a,c27551ee8aaa9cb6aaf2eafc91c6ecc1,delivered,2018-01-21 22:29:03,2018-01-22 14:17:58,2018-01-24 17:58:56,2018-01-30 14:55:09,2018-02-14 00:00:00
1fb395f38b15b8e1e14824c7d95e9a92,28dab86921b55fb87d1f0e9db5c14b2c,delivered,2018-04-25 14:29:47,2018-04-25 14:51:31,2018-04-26 10:04:00,2018-04-30 20:22:32,2018-05-15 00:00:00
32638fbca8d1a197e649fd5138e12049,bc30c70a15ad83ce13b6247e96f2dbd8,delivered,2017-05-24 17:01:03,2017-05-24 17:10:16,2017-05-26 14:41:33,2017-06-01 12:58:18,2017-06-20 00:00:00
f6ed70efbc4d10c18ee1897b7d1a7ae2,91739a15398e9d413c09e118fa63cd00,delivered,2018-07-22 22:23:58,2018-07-23 12:31:55,2018-07-24 13:34:00,2018-07-25 17:36:54,2018-07-31 00:00:00
17e62f08a374da7740ffded4b25d4f31,1d450b71f24b14fefe1d31b16fc1155f,delivered,2017-07-17 14:12:04,2017-07-17 14:25:22,2017-07-20 17:52:07,2017-07-26 12:08:13,2017-08-08 00:00:00
2d87440273b7a55a36ee359f29027f83,cacb81c4dc25b485bb02073b02d40313,delivered,2017-11-28 16:48:52,2017-11-28 17:14:55,2017-11-29 22:42:11,2017-11-30 19:55:09,2017-12-12 00:00:00
90c3d2abe0d324efde558a3f187018a9,7838d6b5968151758cabe119640c3fce,processing,2017-11-13 00:07:07,2017-11-15 02:46:33,,,2017-12-04 00:00:00
a54407e6b6cce226cc1386982ca8a2b5,136b7997070695fc434eda3b1bf28a59,delivered,2018-03-19 18:01:10,2018-03-19 18:15:48,2018-03-20 17:27:39,2018-03-23 23:02:25,2018-04-05 00:00:00
9dc64ac5787edf0d88888ec315c57087,a12d090841b2402c1bcc41c4d04019e2,delivered,2017-10-03 22:25:15,2017-10-03 22:35:14,2017-10-06 13:41:38,2017-10-11 21:03:50,2017-10-26 00:00:00
49fdf5b0134c7c1445f6bbf018beaf1c,7fff57779c5364c51a1463b7133b38a1,delivered,2018-01-06 17:48:38,2018-01-06 18:26:39,2018-01-08 16:25:11,2018-01-17 00:18:19,2018-02-06 00:00:00
3be5256ae9320c0c96853f3832dbd122,c0d89db256f87c1b93dbf08ef124a363,delivered,2018-01-22 17:59:40,2018-01-22 18:16:44,2018-01-23 19:07:55,2018-01-31 17:57:49,2018-02-19 00:00:00
141dd52930458fa0f2a97285d13639e6,b9872ccbe97da52e7cbb4dc300eced7d,delivered,2017-08-30 14:00:31,2017-08-31 02:45:06,2017-09-05 18:59:50,2017-09-06 23:04:01,2017-09-12 00:00:00
1eeff18e275e2d98a4701b328d2214c0,3f99de115ff9a48f00eccbcbfab35fce,delivered,2017-07-20 22:28:59,2017-07-20 22:43:11,2017-07-21 11:57:55,2017-07-28 18:26:03,2017-08-15 00:00:00
091dcb1d0729687de77f652e849db3f1,07a0ad11f72463d647871b9d2d00058b,delivered,2018-05-09 21:40:23,2018-05-09 21:55:30,2018-05-10 13:37:00,2018-05-16 22:12:06,2018-05-28 00:00:00
8944b1716ec63423c8a83c20bc194476,f6900efe7cfda3d306e794fa2e92d58a,delivered,2018-08-27 13:31:19,2018-08-27 13:44:02,2018-08-27 15:55:00,2018-08-29 17:54:33,2018-08-31 00:00:00
a929a185ac6f55381e43e1d18e01256a,a42160958f684d2466feaf05286e2817,delivered,2017-11-24 13:18:27,2017-11-24 15:33:11,2017-11-25 17:32:09,2017-12-27 17:16:33,2017-12-18 00:00:00
41e295cfdf4ee0ab87e83df56f9935ef,1506e4481b5a1dfc5379811a8c98e765,delivered,2017-12-18 22:25:59,2017-12-20 06:59:30,2017-12-20 20:09:53,2017-12-27 20:23:09,2018-01-15 00:00:00
515bc93518f13397922a59117cc11434,de5127e844f7bc6e9593315e778d7da1,delivered,2017-08-05 19:15:02,2017-08-06 19:25:14,2017-08-07 18:19:42,2017-08-11 20:44:20,2017-08-25 00:00:00
883fdce7fa0a4c3f8cbee2c10f7cfc08,59c09662f63b5e4e8696f236b7067c94,delivered,2018-01-15 12:53:22,2018-01-15 13:10:28,2018-01-17 18:32:58,2018-01-19 13:36:05,2018-01-30 00:00:00
87a8ef7006e5aa4b8ebddae4f7b8a54e,7106ec9a475922e353e618396d53cf4e,delivered,2017-08-16 20:22:57,2017-08-16 21:45:37,2017-08-17 17:10:31,2017-09-01 02:40:05,2017-09-18 00:00:00
f7d960d092a081a1124e6f27cdeb2130,41f91ce48b296660bfe6c74c0eb433bd,delivered,2017-04-08 22:07:33,2017-04-11 03:45:19,2017-04-11 09:26:29,2017-04-18 15:46:50,2017-05-12 00:00:00
7cfa85c7c53799aa2c849044711e9256,26666e8b9d1f89876ea83c70e529812c,delivered,2018-04-19 22:04:20,2018-04-20 08:15:10,2018-04-23 19:58:51,2018-05-02 20:28:37,2018-05-21 00:00:00
6bc41d476dba28c3fc6929b6dba6cd4e,37576502af0e69a5b212adbc17c102ab,delivered,2018-02-02 16:52:25,2018-02-03 02:52:41,2018-02-03 16:27:41,2018-02-07 21:33:52,2018-03-23 00:00:00
e5f79074dd3c736ad9dd29283f649012,4d7464b36ed0d3d31de9a3275be94f7f,delivered,2017-05-08 15:58:24,2017-05-08 16:10:24,2017-05-09 11:38:08,2017-05-17 11:32:53,2017-05-31 00:00:00
267db43542633efa0839c965b2ad2f31,ca52f95cae581bc621ea0c722ef958fb,delivered,2017-03-09 10:38:32,2017-03-09 10:38:32,2017-03-20 03:43:37,2017-03-25 12:40:02,2017-03-28 00:00:00
4b2dfa4543d3bef373488e2004148316,aa58d8cc9b866d3ff15d1875adb9edb3,delivered,2017-12-16 12:05:49,2017-12-16 12:14:46,2017-12-19 21:09:07,2017-12-26 16:07:00,2018-01-05 00:00:00
124223dc899eca6ac54187a54f1e3632,08ea393f29fd8d854b91ce3a902bb5a0,delivered,2018-08-24 09:20:03,2018-08-25 02:45:21,2018-08-28 15:29:00,2018-08-30 21:51:12,2018-08-30 00:00:00
bc4bfcffb1b6e4942fa9e911883e6c98,a52734ee63bbdd3515b91c523b2063ec,delivered,2017-05-21 10:42:32,2017-05-21 10:55:14,2017-05-22 10:24:39,2017-05-25 08:28:31,2017-06-09 00:00:00
1f1d5024dbbfd1773a41998b6097e1cb,ec6577f064f62453d106a8be58d91882,delivered,2018-03-21 17:36:37,2018-03-21 17:49:44,2018-03-23 00:58:31,2018-03-26 19:35:22,2018-04-04 00:00:00
ddb34cd42a4f007c29595d7d57caac94,2407d33ca65eaf7691859c2242577806,delivered,2018-03-19 16:06:04,2018-03-19 16:27:26,2018-03-20 18:10:42,2018-03-27 20:05:23,2018-04-05 00:00:00
66f44b9f776c56e0fd75fc15a7ee1cc1,dda2128bdf8203aac0d2b4d142956a2a,delivered,2018-07-07 14:04:26,2018-07-07 14:15:15,2018-07-10 09:43:00,2018-07-13 17:03:07,2018-07-25 00:00:00
57c431e8bf97cbdd79ba45fe58ea98d2,c95af629d419727820b19bc2c4ab4829,delivered,2017-11-12 12:24:08,2017-11-12 12:35:20,2017-11-14 00:03:32,2017-11-21 18:28:42,2017-12-11 00:00:00
701a22b8c16c09a0c9514c41dfbf28de,5eed54f1f404f00ff0d44be6b120dd48,delivered,2018-07-18 20:48:34,2018-07-18 21:02:32,2018-07-19 14:52:00,2018-08-06 21:52:34,2018-08-08 00:00:00
7994afae681339663255426a086c7a8f,8e07f247d16ccfb1bf53c4bd7461390f,delivered,2018-05-17 18:52:50,2018-05-18 00:55:12,2018-05-18 13:45:00,2018-05-19 16:55:21,2018-06-05 00:00:00
ffbae9b91be0cb7c3cc9a38a35c29210,9eddb5f454f963c83a69d249d0c2415e,delivered,2017-09-18 17:55:16,2017-09-19 18:07:15,2017-09-20 17:35:13,2017-09-28 16:55:47,2017-10-13 00:00:00
b790cd47d5cb1c9d14ce268a5a076782,95d7d67cad21376a7879f26715f51855,delivered,2017-09-30 11:16:37,2017-09-30 11:28:13,2017-10-02 18:51:03,2017-10-10 16:36:49,2017-10-27 00:00:00
30a04f020785d7dbc002c7b48d1ecb79,1148f49f45abad42d850cd2f157bd063,delivered,2017-07-18 04:23:52,2017-07-18 04:43:10,2017-07-18 18:04:17,2017-08-01 18:28:53,2017-08-21 00:00:00
a9ddf1f40e51ec5d1c828564cef4d92e,9c757f83d0e92f37e334c1d227bc774f,delivered,2017-06-07 11:49:07,2017-06-07 12:45:07,2017-06-12 15:38:06,2017-06-16 15:33:58,2017-07-13 00:00:00
af9ffff2ce6b3defd34fd4c78857a379,c8d062f9057d8290889c432f8985c707,delivered,2018-02-14 13:10:37,2018-02-15 11:30:38,2018-02-16 22:18:55,2018-02-20 14:59:00,2018-03-12 00:00:00
a29e4c7eb0774544c4558ec64d9e9481,e0f6b25565b4c3222dd8be157fdd62a6,delivered,2018-04-16 12:14:22,2018-04-18 08:51:40,2018-04-20 15:24:55,2018-04-26 12:51:36,2018-05-17 00:00:00
eaab306c6d995d32606b73651e619bc8,1d90534421125d032db6ec6697cf51b7,delivered,2018-07-26 02:35:52,2018-07-27 04:05:17,2018-07-27 11:40:00,2018-08-16 20:51:38,2018-08-14 00:00:00
2c0e4f78d8fdd3b6921776078f2c8080,0558be6a6e500f5cf3ab336365099074,delivered,2018-06-11 18:47:39,2018-06-11 19:19:39,2018-06-18 14:34:00,2018-06-22 02:24:34,2018-06-28 00:00:00
3c404e64aaee40b3b597aafff9795b4a,372ce05cb86e4dcf20c8493ad417ebbc,processing,2018-04-13 20:44:27,2018-04-13 20:55:28,,,2018-05-21 00:00:00
ee8eb8b78945c68960a7c42e6211365b,c4406d76fa8017368e37f9b5cf078cde,delivered,2017-10-25 16:54:28,2017-10-25 17:36:32,2017-11-09 21:11:39,2017-11-13 17:41:54,2017-11-14 00:00:00
1f0a1cc0dc294f24707a0167df26c94b,d13ba90c3d08f763d715657141f6fa63,unavailable,2017-08-03 12:11:32,2017-08-03 14:35:18,,,2017-08-23 00:00:00
87e1feb622e373e4f0d2cceb1f610886,59c202534c0e0e5088cdd5fc3b27e728,delivered,2017-03-16 15:07:42,2017-03-16 15:07:42,2017-03-22 09:06:11,2017-03-27 13:06:46,2017-04-04 00:00:00
2d6714a64529023a331a4768990126b5,0428c4d3d04096fb5f5ce933acbe8e2c,delivered,2017-08-10 10:23:59,2017-08-11 10:30:17,2017-08-12 08:56:52,2017-08-14 16:43:20,2017-08-23 00:00:00
3c40fc70c7a1287e9616fb5dce615df1,58178a46a84b4313b9a859185a228113,delivered,2017-09-28 09:54:41,2017-09-28 10:07:19,2017-09-29 19:28:56,2017-10-09 19:39:02,2017-10-23 00:00:00
e1014aef09115ba24cf43cccd31820c0,1681e6086f04446b645b37c6d45f46d7,delivered,2018-02-20 19:03:03,2018-02-20 19:15:23,2018-02-21 23:35:32,2018-02-23 18:17:43,2018-03-26 00:00:00
6f794a3ab5fe97d2aaad912ea4f81645,c747a54b89b53e15bef33f5d55fe2a6d,delivered,2018-07-22 21:45:44,2018-07-23 11:40:28,2018-07-25 14:51:00,2018-07-30 20:18:55,2018-08-16 00:00:00
9ef31a923c43ec898b3e23b270a98c1e,2fad1e5ed0a50e12c9c6e22e5548e1e7,delivered,2018-02-28 21:37:37,2018-02-28 21:50:36,2018-03-02 01:15:06,2018-03-02 17:12:14,2018-03-13 00:00:00
5ef51d70e6249c4a8c9fa866ebf3146a,17cac676b5ee74bf5a3ca8bfdf6ac113,delivered,2017-10-01 12:44:38,2017-10-03 09:49:15,2017-10-04 18:57:12,2017-10-10 22:43:31,2017-10-27 00:00:00
73aeafc86203bc90e52a74f73217947b,aa12d7a2623e402109cc883f7166670d,delivered,2017-12-08 09:28:36,2017-12-08 09:37:45,2017-12-08 19:27:06,2017-12-19 22:49:19,2018-01-08 00:00:00
e2160872fa8ab465258bfebfa962c6bf,ca251ecdd89ad513647a29bc6b8373f9,delivered,2017-06-13 12:16:24,2017-06-13 12:30:30,2017-06-13 14:31:50,2017-06-29 14:59:45,2017-07-10 00:00:00
34e578b2d8c11db4288447dd459f9690,44e72442594c70bfe12611fb1684ff79,delivered,2017-12-18 23:34:07,2017-12-19 18:11:29,2017-12-20 20:27:30,2017-12-26 17:42:26,2018-01-12 00:00:00
80e623f868d3e6dfcdbd8d68b1f02227,8b704ec875dc77958ecdcd9c0a978b6d,delivered,2018-08-14 11:45:20,2018-08-15 03:24:02,2018-08-17 13:19:00,2018-08-25 11:08:27,2018-08-31 00:00:00
2e5a94baadfcbcd894cbe04a9d4afb18,5fbe3867d3f0d0993b5624efa4098149,delivered,2018-08-16 09:22:47,2018-08-18 02:49:52,2018-08-20 16:16:00,2018-08-25 17:14:28,2018-08-29 00:00:00
7754339dd17ecab14c20d6c51a7dd0f7,413af08c0a0b10c69e1948e72debe635,delivered,2018-02-25 11:56:11,2018-02-27 04:31:10,2018-02-28 19:54:59,2018-03-08 17:53:34,2018-03-13 00:00:00
440a666da55232dbd02bb270c7ac7d8c,991eebc91981fa12a03a7dbdeb21ebfd,delivered,2018-08-09 08:40:59,2018-08-09 08:55:21,2018-08-10 14:59:00,2018-08-13 15:06:33,2018-08-21 00:00:00
9277d9d48b3a4ca5a90e365f38d095e9,6febef93ca358ae29d1679d206f259fd,delivered,2017-10-10 17:04:13,2017-10-14 18:34:34,2017-10-16 21:54:01,2017-10-24 20:12:04,2017-11-01 00:00:00
aca32a744ead78cb64a902170bf3147e,147d57c32f7addc4a7d0f123e7cc9c16,delivered,2018-05-21 11:49:15,2018-05-21 15:12:17,2018-05-25 14:45:00,2018-06-02 10:03:46,2018-06-12 00:00:00
d860d32de96314e1c520c1dee7bbbde7,2bce54e2cbe983ea13f2fbc8e023f8d1,delivered,2018-06-12 18:44:01,2018-06-12 19:07:23,2018-06-13 11:27:00,2018-06-14 16:26:38,2018-06-21 00:00:00
e318e1296433876f46916877afd23ecb,dfcbcec124c2a4729a84f7c0fd9ebf1d,delivered,2018-01-14 10:46:19,2018-01-14 10:53:24,2018-01-17 18:47:06,2018-01-19 20:44:58,2018-01-30 00:00:00
e1bf61ad2edc26abb98c7d7f4a8dc47c,06befe7433b2a159c7fe6d032bd9363d,delivered,2018-04-20 18:43:13,2018-04-24 19:07:41,2018-04-24 17:05:09,2018-05-03 19:32:53,2018-05-21 00:00:00
8e0b0837352d3cdfceceb267c205eeb3,7134e6843b1a3ab1d7f13fd79713337e,delivered,2018-01-29 13:25:50,2018-01-29 13:35:26,2018-01-31 00:23:07,2018-02-07 19:38:33,2018-02-21 00:00:00
6e7e891760708803a2f4203981f2d69d,9bc1b48bb57b22ba2fbd77579dad8202,unavailable,2017-02-16 19:43:11,2017-02-16 19:55:17,,,2017-03-17 00:00:00
c2889b2085529be65218f712352769e6,fc5a45c75c8665a80c5d2b5ce7ad9f1d,delivered,2017-09-09 03:22:19,2017-09-09 03:36:32,2017-09-11 19:56:43,2017-09-13 19:33:26,2017-09-27 00:00:00
9682e213157788365257ba787969f33b,4e8cad1ddf8145e68b56b4fc79b61637,delivered,2018-06-10 17:44:38,2018-06-10 19:12:33,2018-06-12 13:25:00,2018-06-13 16:42:05,2018-06-20 00:00:00
66ee5096e9bfe7cbb6d32e170dc477b7,5d6004e74b751b9f762bbabc16b77bb9,delivered,2018-04-19 14:28:50,2018-04-20 07:15:10,2018-04-23 17:26:58,2018-04-26 18:08:32,2018-05-09 00:00:00
e9200408a4afe99643102fe5ef8c66d5,c3dea957b88c4d7d4449a0461b5c0209,delivered,2018-05-08 20:43:53,2018-05-08 21:11:49,2018-05-11 10:44:00,2018-05-18 15:58:44,2018-06-14 00:00:00
f260202afb4d01dbf827a9fd801fe658,d4e2739cba461368928b51ca712c2bc5,delivered,2017-11-29 11:36:37,2017-11-29 11:51:57,2017-11-29 20:16:49,2017-12-26 21:35:16,2018-01-02 00:00:00
eb6e0e93afa55d94898504b3bf14dfff,6ee4303f27dc03360f9f7fba88cc644a,delivered,2018-04-19 13:14:24,2018-04-19 14:31:10,2018-04-23 16:52:45,2018-05-21 18:04:19,2018-06-01 00:00:00
b63262d64190314592077ae012a3e049,38b61dbac22e5857e3a383f837398b83,delivered,2018-08-12 14:46:40,2018-08-12 15:04:28,2018-08-13 15:06:00,2018-08-17 18:28:46,2018-08-27 00:00:00
c7820995dbe03c41044d23a03179a74e,689575ded4fb7b7c264f327f0c64aa9d,delivered,2018-05-08 20:39:52,2018-05-09 10:31:43,2018-05-09 14:06:00,2018-05-14 21:16:51,2018-05-16 00:00:00
2135bd317d81294f58211b548a783ca1,a4f468579e5d216ea38ab6c2356a996e,delivered,2017-11-26 22:05:57,2017-11-26 22:13:29,2017-11-28 15:58:04,2017-12-04 20:55:59,2017-12-18 00:00:00
f8166a345b188c9033d127c25e44ab74,b6d0ae20431d0f3e9d26bbf4c311914e,delivered,2018-08-17 17:18:43,2018-08-18 03:09:52,2018-08-20 13:48:00,2018-08-27 19:18:27,2018-09-05 00:00:00
9d631d0cc9297702e540a111de4e0923,7ee2c200108e4a8286e7e1411da744c6,delivered,2018-07-26 21:33:20,2018-07-26 21:45:12,2018-07-27 13:08:00,2018-08-06 18:40:59,2018-08-23 00:00:00
a12de642288c88d6a5aec20f46a12fa6,9264159ca3b86f4cddd5a06929727ca1,delivered,2018-07-03 15:09:35,2018-07-05 16:08:20,2018-07-04 14:05:00,2018-07-12 19:34:27,2018-07-31 00:00:00
8872e48bafe00195f92e3a6f1d81bfbc,e11ae7b2848f4b2351a3f81350d2cddb,delivered,2018-07-26 09:04:33,2018-07-27 02:15:16,2018-07-31 14:18:00,2018-08-07 14:58:25,2018-08-30 00:00:00
7ac04774ea7d5faea51621289bb084c4,9e44f3e3ef885b79a7ffab8341f067de,delivered,2018-02-15 20:59:41,2018-02-21 12:10:34,2018-02-22 21:52:43,2018-02-28 15:11:55,2018-03-09 00:00:00
2c3f481e97111f73a244fdfc556e2303,ff0feea3121816d8a9918cd346d2ab7d,delivered,2017-02-17 01:16:37,2017-02-17 01:30:12,2017-02-20 10:58:54,2017-02-24 10:38:56,2017-04-03 00:00:00
1585ebe77775265b8612b0e4fc614cd2,fd62fe532e81f5458cce4c0c2abc0768,delivered,2018-04-05 12:12:33,2018-04-06 13:09:03,2018-04-07 01:28:39,2018-04-08 16:03:30,2018-04-23 00:00:00
634a0c518ed370679d33e5e25ab3725b,6cc3e8cd4f55ed114d0a4625ac8e61c8,delivered,2018-06-22 12:08:45,2018-06-22 12:36:26,2018-06-22 14:49:00,2018-06-30 03:13:15,2018-07-30 00:00:00
bf9550703d5af230399ad5d1080d6683,7d6a26a363174157427589ce4e439d02,delivered,2018-02-14 12:30:39,2018-02-14 12:47:13,2018-02-15 20:52:15,2018-02-23 21:59:09,2018-03-07 00:00:00
2fc1313d91489f3f305f00305b493ec5,2229d64b701dcffedf518f2441a2d2a1,delivered,2017-07-17 19:41:15,2017-07-17 19:50:24,2017-07-18 12:53:37,2017-07-26 22:32:01,2017-08-08 00:00:00
d7210728120a19b1bdaea9b513008881,847401f6c0587e1f78ac1104e3879cb2,delivered,2018-06-19 15:43:08,2018-06-19 16:25:35,2018-06-20 15:08:00,2018-06-21 17:11:08,2018-06-29 00:00:00
e1a9b6caca1fad8c2b2ac22a649605b3,00d4a861a9e1ec05df44712a80bfd55d,delivered,2017-02-02 13:51:50,2017-02-02 14:05:17,2017-02-03 14:17:47,2017-02-10 12:26:05,2017-03-13 00:00:00
eb57972c6cfa3067ea9b140a6d16a985,ff69fe294d9da2e683dede2ddb70b6ae,delivered,2017-08-04 13:52:59,2017-08-04 14:05:26,2017-08-07 18:48:43,2017-08-09 19:28:16,2017-08-24 00:00:00
caf09f63f8f702663028ad9c731a162f,eb88eef5ebdc8f095332eb571ece92fc,delivered,2018-05-21 14:37:13,2018-05-21 16:15:05,2018-05-22 13:02:00,2018-06-08 16:34:47,2018-06-20 00:00:00
65eb69791cdbfbd7bfee2c5f706af25d,f4ebae603a379d4055a61c782a2afcfa,delivered,2018-06-10 12:01:48,2018-06-10 12:17:33,2018-06-11 14:31:00,2018-06-19 15:04:53,2018-07-04 00:00:00
212600c8b1f201e8bc92880516652523,74fa1c5ed124a5ced0a1727bd6aa8464,delivered,2017-12-11 20:37:55,2017-12-11 20:50:58,2017-12-13 13:19:11,2017-12-29 22:36:11,2018-01-05 00:00:00
4cf6bc9c5e6ff30151bfb6f92f791b28,515dcc3641e65fbef358398ae6dc91cb,delivered,2017-06-23 20:43:32,2017-06-23 20:55:08,2017-06-26 14:22:47,2017-07-12 16:17:46,2017-07-25 00:00:00
39b4d87886cd7b78ff949d84e49dbcbc,cfa6a711c7353c4ab1c6bd01b5e15cf7,delivered,2018-05-10 08:53:58,2018-05-10 09:11:41,2018-05-14 13:27:00,2018-05-15 19:06:55,2018-06-07 00:00:00
9c3186381b733d4304e2e416afc6bbc1,a4bd2fc7bf4fc0061011ef71a2208d63,delivered,2018-07-28 20:49:05,2018-08-02 23:30:29,2018-07-31 14:09:00,2018-08-01 19:04:37,2018-08-03 00:00:00
51bba23b6fd5b430636450f273aadd8a,f2fd5f74881dfb8d8fd5e0010a0b86f2,delivered,2017-10-03 15:16:25,2017-10-03 15:36:59,2017-10-09 17:57:49,2017-10-30 21:41:18,2017-11-03 00:00:00
e504f586e9ffc862cad95482af740af4,4d547b17f5dc533970786de8f7233eab,delivered,2017-04-09 19:10:24,2017-04-09 19:22:24,2017-04-10 08:40:05,2017-04-20 09:15:28,2017-05-24 00:00:00
fb0fbc6ffba8082982c615400442faec,ac394e6868ddee8083cb8f8eafa69f19,delivered,2017-09-20 12:42:26,2017-09-20 12:55:22,2017-09-21 18:32:26,2017-10-06 19:22:41,2017-10-16 00:00:00
5a902cc5a20f8cd076f116d16d5aef9d,ec5637e1b926c79b5472bd41d67882f8,delivered,2017-10-03 20:12:45,2017-10-03 20:25:04,2017-10-06 23:03:01,2017-10-18 16:17:24,2017-10-30 00:00:00
0ed9d0447248a2cdfab50c897e1d61bc,f143ffc83f3b2f26c4b9ed37f0f70bcd,delivered,2018-08-03 09:36:02,2018-08-03 09:50:13,2018-08-06 06:59:00,2018-08-16 18:28:32,2018-09-10 00:00:00
ca2c48ff635d7bd831194de9207ca62d,22688d19d082732ac2ba2cb6f3e6b21e,delivered,2017-12-19 13:04:39,2017-12-19 13:42:58,2017-12-21 00:52:52,2017-12-28 19:42:51,2018-01-12 00:00:00
b574a73b303733045a8adad4c30d7add,e98d0483706d491ab3da6b233a1a87b0,delivered,2018-07-16 08:21:39,2018-07-16 08:30:14,2018-07-25 14:57:00,2018-07-28 16:06:42,2018-07-31 00:00:00
5377440d8cd95a8640466b534a83f87d,df370448e03b2b90e437d02b2c6a19f5,delivered,2017-12-07 21:52:50,2017-12-07 22:11:20,2017-12-08 16:41:19,2017-12-19 19:15:15,2018-01-02 00:00:00
37fab49f8fded21bb3c6acf1e09253a8,60f1def9b59b404aa3244246ae05bb94,delivered,2018-06-16 16:46:55,2018-06-16 17:17:59,2018-06-19 12:28:00,2018-06-22 22:54:24,2018-07-11 00:00:00
156e0e7f977e10a4bb2c7c38fb56251b,ec27c0d300b09425d4ea35261ccb8b56,delivered,2018-08-13 10:37:14,2018-08-13 10:50:13,2018-08-13 19:17:00,2018-08-14 17:57:28,2018-08-17 00:00:00
1c0be101dfa673500b49e9b07b1b26e5,8718c2cf3a7b3fe07d6696c366c0d666,delivered,2017-12-29 11:40:59,2018-01-03 04:33:34,2018-01-03 18:26:30,2018-01-11 12:34:03,2018-01-30 00:00:00
823b6da4cafa14bb8a5374d408ce0fbf,99a9947c5c954fa3ea64dd9114e0f532,invoiced,2018-05-16 16:04:24,2018-05-16 16:38:46,,,2018-06-04 00:00:00
96811fa570c678e31c69833f519a29e5,4a4dcb4f3051d863f72ad139c4b065e0,delivered,2017-04-30 20:33:21,2017-04-30 20:42:20,2017-05-05 12:08:01,2017-05-11 09:49:45,2017-05-23 00:00:00
27d59d6c52a0d2dbb8e2ea86ff71f962,663b8b90136c0c90b486a72adaafd911,delivered,2018-06-14 19:33:22,2018-06-14 20:02:14,2018-06-15 18:52:00,2018-06-18 18:21:51,2018-06-26 00:00:00
ad44597ced31488d80422a8f55428c6c,0fbb5e72320e5c8af8a04fb4fc633281,delivered,2017-05-29 16:48:56,2017-05-29 17:02:46,2017-05-30 09:19:50,2017-06-06 07:37:04,2017-06-09 00:00:00
4014ecd96ac1d06f8cca3ac729c389ff,e6bc52e3e443d2ac256c764962bf842f,delivered,2018-08-05 01:59:32,2018-08-07 04:35:22,2018-08-08 13:44:00,2018-08-10 23:57:50,2018-08-10 00:00:00
5acf62946adaf3b74ad395ec44b72688,1a8b66704e28000bb4868451e12c6b43,delivered,2018-03-02 18:50:53,2018-03-03 18:48:33,2018-03-05 18:08:49,2018-04-19 13:32:29,2018-03-29 00:00:00
a57d721718cc0b154e604581529a9832,9229bcd4ef83e2a0f654bd463851015d,delivered,2017-07-23 14:21:11,2017-07-25 03:43:56,2017-07-25 22:52:18,2017-08-02 18:00:07,2017-08-15 00:00:00
281adb47b408b1e1866642b03432f095,10ae9ab538f23a7ff9e9e05fb116dd3e,delivered,2017-11-04 21:20:18,2017-11-04 21:30:37,2017-11-08 22:11:29,2017-11-22 20:51:14,2017-11-29 00:00:00
ac00b2ff2ee93f4ac33b64cd6b656ab4,d11e21eb43c005333b4e9f0e279eec3c,delivered,2017-06-11 06:22:27,2017-06-11 06:35:15,2017-06-14 12:39:57,2017-06-28 08:39:16,2017-07-05 00:00:00
7b51c46033c2c8973e402f7cfe510c11,981088d1bfaf97ed45f12bee74a60987,delivered,2018-01-11 19:43:49,2018-01-11 19:52:39,2018-01-17 15:38:40,2018-01-30 20:56:54,2018-02-06 00:00:00
98c054318dc270816f8357351ffc4449,89b0004792c9ef542dc23c1b8b80a8fa,delivered,2018-06-08 12:14:25,2018-06-08 12:36:53,2018-06-08 14:49:00,2018-06-12 01:28:54,2018-06-19 00:00:00
dec35be986f60651db9bd0edded4ff75,f8b4a24fe1e43e25a94ceff98545fc1e,delivered,2017-07-24 00:42:41,2017-07-25 03:43:43,2017-07-25 22:23:37,2017-07-31 17:27:36,2017-08-17 00:00:00
1baadc6ea58da9e96c906bca98b8b15f,c91c30cd04bca31b0898185a149163c5,delivered,2017-09-21 11:07:39,2017-09-21 11:28:07,2017-09-21 18:03:26,2017-10-11 19:32:44,2017-10-27 00:00:00
39ab7695b7b3ea8282b3e9b10f0dae4f,e057b769297aad116c406596ec4363f4,delivered,2017-09-18 12:19:09,2017-09-18 12:30:26,2017-09-18 20:07:46,2017-09-19 17:02:48,2017-09-28 00:00:00
bb4fb8e6263745e0b5dfb72b42a9b7e5,4e8206cfd9d078fe620c0da3fc2ddd7c,delivered,2017-11-24 21:42:42,2017-11-25 01:31:50,2017-11-28 18:34:34,2017-12-13 14:22:56,2017-12-19 00:00:00
fe36a827e3e9e0a6f5e11b0be2055727,3f08de414e86c589d3f085630f5f7f69,delivered,2018-02-12 19:22:50,2018-02-13 19:27:10,2018-02-15 18:30:15,2018-03-26 14:26:31,2018-03-06 00:00:00
a433a9262512eb50abf01c085f2a7e8b,8e683daecc0f7d6f13e1f5426f890b87,delivered,2017-11-16 13:58:39,2017-11-18 02:48:53,2017-11-22 01:32:28,2017-11-27 14:33:07,2017-12-06 00:00:00
b540418030015e66bde5d08c3f898369,444f7670fb2ee13d207e79eef8669e86,delivered,2017-10-30 14:03:24,2017-10-30 14:31:56,2017-10-31 16:47:58,2017-11-03 14:21:33,2017-11-21 00:00:00
bf74f34eea55f16dd17b6212310074f8,0735e7e4298a2ebbb46649346570476a,shipped,2018-01-26 22:12:04,2018-01-27 22:12:58,2018-01-29 20:45:03,,2018-03-05 00:00:00
768cf7b525325877d87127d98b19c7d9,744a5734ea69601b880719ac40a5a50f,delivered,2018-04-18 15:16:32,2018-04-19 02:10:51,2018-04-19 16:19:20,2018-04-27 23:48:34,2018-05-25 00:00:00
6e613acc622c3817004b1199230074ce,48abb16a8c2a06fa66d61ffab3379611,delivered,2018-08-11 01:39:34,2018-08-11 02:55:18,2018-08-14 13:56:00,2018-08-15 12:18:39,2018-08-21 00:00:00
8269e224d9a84c0b166494a74fa36acf,5cc7ae1379d691f599e4de330eea0985,delivered,2018-03-22 21:48:11,2018-03-22 22:07:43,2018-03-23 17:17:01,2018-03-28 21:34:23,2018-04-10 00:00:00
fa0c6595d02f168f7557693dbffa7b69,abdc586e0d5ff6eacd551805eb29149c,delivered,2018-08-27 18:58:15,2018-08-27 19:10:12,2018-08-28 13:17:00,2018-08-30 16:18:46,2018-08-31 00:00:00
0b03fa2615b44079dad6c958f0ef2a02,e736f5ed99e8006c42053a398381a116,delivered,2017-11-28 22:48:51,2017-11-28 22:57:16,2017-11-29 17:17:59,2017-12-02 15:58:43,2017-12-12 00:00:00
f61217ba862409d7241c2d23ac2c41b0,4ce20fa4c791ec3acfd8391b2825939d,delivered,2017-11-15 23:29:01,2017-11-15 23:50:24,2017-11-16 18:26:38,2017-11-29 20:46:45,2017-12-14 00:00:00
859a1faf872d345b39b31e3c9e044325,1ba3856af8b4149496b4dc9ea3c36895,delivered,2017-07-18 10:58:13,2017-07-18 11:10:13,2017-07-20 14:26:35,2017-08-03 20:22:44,2017-08-24 00:00:00
e91b503ac4c35874db3e157605036ab7,8e348137d8b22267cd8006189ee471cc,delivered,2017-05-19 18:26:12,2017-05-19 18:45:25,2017-05-24 12:14:24,2017-05-30 09:43:53,2017-06-16 00:00:00
0e91b22f0f2f5a335e7501d69910848f,23696724436084b44582dc116c438a9c,delivered,2018-02-19 21:32:27,2018-02-21 06:05:32,2018-02-21 21:04:47,2018-03-01 23:42:18,2018-03-09 00:00:00
2c45c33d2f9cb8ff8b1c86cc28c11c30,de4caa97afa80c8eeac2ff4c8da5b72e,canceled,2016-10-09 15:39:56,2016-10-10 10:40:49,2016-10-14 10:40:50,2016-11-09 14:53:50,2016-12-08 00:00:00
6eace5a496456d346454761a9fc00dd2,ba5642b730704dc0f74b7cf715b41ed5,delivered,2018-08-13 15:17:31,2018-08-20 09:21:49,2018-08-14 14:47:00,2018-08-23 11:03:09,2018-09-10 00:00:00
3237c01ca83d6c17feee532d5b7e6b72,ef965f89f325a77c2b3c7e1de2b897ba,delivered,2017-02-10 17:43:20,2017-02-10 17:55:21,2017-02-13 13:10:52,2017-02-17 11:43:53,2017-03-09 00:00:00
c7c5cb848cb25afc53c7a8d2527a9ad0,0948e6b4ba1a91e81f7d7ba6be31328e,delivered,2017-08-31 23:15:39,2017-08-31 23:25:43,2017-09-06 12:47:43,2017-09-06 18:59:51,2017-10-05 00:00:00
8356e1470c66aabf58e1d3f3ec25a20d,c767d0e473731b4bc29c1b09bfa50d2a,delivered,2018-06-13 19:00:37,2018-06-13 19:22:12,2018-06-15 21:22:00,2018-07-04 00:46:43,2018-07-12 00:00:00
17774450f243f686546b04633a04dbdb,2e28b2a4b665efc5157224222743d141,delivered,2017-12-16 01:04:58,2017-12-16 01:17:24,2017-12-22 22:24:51,2018-01-22 17:15:43,2018-01-17 00:00:00
cace50e014d7f1c702acf79a12b86a55,8b58775be04ef0b69a293030dc8f2bfe,delivered,2017-08-16 19:06:23,2017-08-16 20:25:25,2017-08-18 19:51:56,2017-08-30 18:25:36,2017-09-21 00:00:00
91df17d502dc583ab12bb35678a53721,ea3b4bd2d59d47d802aac1697a29ba35,delivered,2018-01-13 09:25:14,2018-01-13 09:32:30,2018-01-15 16:23:13,2018-01-22 21:30:32,2018-02-14 00:00:00
dff50f88a838d34d966a0cf70f39a706,00c38945ab09a0f226419274da4675e4,delivered,2018-01-06 18:25:36,2018-01-06 18:37:26,2018-01-09 19:18:38,2018-01-26 23:03:15,2018-02-06 00:00:00
381c217ee7fe965c547e4af4c8a70b75,408691bd6f6f11a18163f9ae838ad30b,delivered,2017-11-06 15:11:22,2017-11-06 20:41:29,2017-11-08 19:28:53,2017-11-16 20:38:53,2017-11-28 00:00:00
4d808ed2901ed7dfebbb74bf1cbb74f6,cefdf85ed4e91e4fc08a16bea7a49987,delivered,2018-07-26 10:19:28,2018-07-26 10:30:13,2018-07-27 06:16:00,2018-07-30 19:32:32,2018-08-09 00:00:00
44561b17e20e18c835ffb61863a20b58,c3733c5a81a87c292683e8bfe2bfdade,delivered,2017-11-07 20:16:54,2017-11-07 21:07:04,2017-11-08 21:12:23,2017-11-14 19:51:44,2017-11-30 00:00:00
3e6c7e23b1813f6c33ef1a6c0f943eb2,48b1d0a03265df16113c62f570b22300,delivered,2017-03-06 19:16:05,2017-03-06 19:25:19,2017-03-09 08:50:55,2017-03-17 16:52:00,2017-03-31 00:00:00
ffef9e1de5dd07b397b373f9bb72cccf,f46860fe1b54585612e3fffdbf52e43a,delivered,2018-01-11 10:02:13,2018-01-11 10:14:27,2018-01-15 22:34:16,2018-02-06 01:05:12,2018-02-09 00:00:00
0246b043b8ae041912cc7651ceb1ba2f,e412443072bf2656a463473f5c9802c1,delivered,2017-10-26 10:54:50,2017-10-26 11:16:37,2017-10-27 17:24:45,2017-11-03 19:33:46,2017-11-16 00:00:00
6bf16500099d133a8d085444083a6c90,8181a8f18604ee6fc011afabf08fefde,delivered,2018-03-08 06:05:56,2018-03-10 04:40:59,2018-03-13 16:29:48,2018-03-21 19:46:31,2018-04-02 00:00:00
1b18059100e6796d8551306a1876fc09,0c7ba0b11923d9c8bad61bfdcd6b3b2b,delivered,2018-08-13 12:22:49,2018-08-13 12:35:10,2018-08-15 11:30:00,2018-08-16 18:38:40,2018-08-20 00:00:00
7b55e0ab39964f4d062638b827734371,2da272ce9616af4f18b954a18ba46996,delivered,2018-04-16 22:26:28,2018-04-16 22:49:49,2018-04-17 18:42:13,2018-04-18 18:54:50,2018-05-03 00:00:00
05547569f5543318997d30464eeb74e7,1744c521a2c25fa33eeb79ab5e987da6,delivered,2018-06-14 14:44:06,2018-06-14 15:19:40,2018-06-15 14:00:00,2018-06-28 16:37:50,2018-07-27 00:00:00
c004caad90ab5b86dcc0e253eee4491b,637add33cc02415a6567d6b134828754,delivered,2017-01-28 19:44:25,2017-01-28 20:31:36,2017-02-01 13:03:52,2017-02-13 10:32:41,2017-03-16 00:00:00
360ea8da05d9705bd651981c6cfc9a22,686f061bc1f55e41e260b1405e884c10,delivered,2017-11-24 10:18:45,2017-11-24 12:13:28,2017-11-29 23:12:13,2017-11-30 20:12:26,2017-12-08 00:00:00
e639ca87d2005d88adaad8431a8016e9,06245210ec8924e97c2eb9971cb94a9f,delivered,2018-03-25 18:27:31,2018-03-27 04:08:38,2018-03-29 18:38:37,2018-04-11 22:17:33,2018-04-19 00:00:00
2e8e21db96a8ab922e51cd297678c6b2,6a58b195be76f8ad6544e032b6c7316b,delivered,2016-10-09 12:13:58,2016-10-10 01:16:09,2016-10-25 13:54:41,2016-10-28 14:11:47,2016-12-02 00:00:00
ca1e3df727868ef1138ae5de78a1f611,d2bec02f98c0a59bdec9baaf22cf91b7,delivered,2018-08-21 11:39:02,2018-08-21 12:20:36,2018-08-21 13:48:00,2018-08-25 00:58:36,2018-09-13 00:00:00
f8328684373f607cc5b73322a9b186bd,d26bf697b9a9b789939a28d0a07d5487,delivered,2018-02-21 23:58:44,2018-02-23 02:15:35,2018-02-27 13:23:25,2018-03-09 21:32:40,2018-03-19 00:00:00
25d2a391f2bd247e905a176c97f355e6,f6bc6021896699b56240be47d1ae3e8b,delivered,2017-11-09 13:34:55,2017-11-09 13:46:48,2017-11-22 22:51:55,2017-11-23 04:38:28,2017-11-29 00:00:00
e3f9bc8fd9bd8878c7c112e6dfa97db8,ec2fa0b878457b9ed3d19c5118f1c2d8,delivered,2017-03-08 15:17:51,2017-03-08 15:17:51,2017-03-09 08:23:03,2017-03-20 13:22:03,2017-03-29 00:00:00
d5a0359c9a84924aa4c85244ff60c1ef,fc46397b7ae78215cb3115edf8cef3b5,delivered,2017-05-01 19:42:01,2017-05-03 11:10:26,2017-05-05 12:46:15,2017-05-12 18:34:47,2017-05-23 00:00:00
4c33ec562d9dc5655e160913aa86eb53,ae76a4650235ab18764708174f1da31e,shipped,2017-08-11 23:47:48,2017-08-12 00:03:51,2017-08-14 13:24:58,,2017-09-11 00:00:00
741121f1537c7e738a8eb61c63ae84e0,27448b6cf41ae50239a2f76f956f8b58,delivered,2018-01-17 15:17:04,2018-01-18 02:11:49,2018-01-23 23:18:58,2018-01-31 01:18:38,2018-02-01 00:00:00
d438c9e78430036ea02538cca576c53b,00b694184c8c2f2a565e4def5a00b8ee,delivered,2017-07-20 16:32:36,2017-07-20 16:45:12,2017-07-21 14:22:27,2017-08-18 16:43:45,2017-08-23 00:00:00
0222b443ebbd702540abbaf4f5ff7edf,b17fdd3ce7dab9006c20a275bbf7c804,delivered,2018-07-19 21:42:21,2018-07-19 21:55:52,2018-07-20 12:46:00,2018-08-13 17:33:29,2018-08-14 00:00:00
1970c6df1f91ef915179e223145ccd45,5b7c81fc95d9bbf5014919a329e55980,delivered,2018-05-01 12:04:53,2018-05-01 12:34:05,2018-05-02 14:29:00,2018-05-09 21:04:14,2018-05-25 00:00:00
b71eb454059e662d34619ccf0237a652,d1a2cddd07d7491bfcc7eee111311462,delivered,2017-11-18 09:48:04,2017-11-18 15:46:18,2017-11-20 16:26:44,2017-12-11 22:25:00,2017-12-08 00:00:00
fb746a5589147f8645b6c4adec4fdbdc,81904fe0847fa79d876547cd0c859156,delivered,2018-02-20 07:29:37,2018-02-20 07:46:11,2018-02-24 00:21:58,2018-03-05 13:57:12,2018-03-20 00:00:00
b20c4853eeabf3094cf40ce7fcacacca,cd8d6a9573fc64b284dcbb9b45068f39,delivered,2017-07-21 15:20:47,2017-07-21 16:10:20,2017-07-26 04:36:41,2017-08-01 20:59:27,2017-08-14 00:00:00
beea8116a9908f0390812fd77d9b1f2e,f7eab7d0e27f9ebe87e9db3c3c01eee3,delivered,2017-05-21 08:03:32,2017-05-23 03:55:17,2017-05-24 12:36:57,2017-05-29 14:17:47,2017-06-16 00:00:00
b37a7e90838d63c38152d2f8c432a726,ff542e3cf0ba09909e8cfa4ea58186e1,delivered,2018-02-25 17:37:04,2018-02-27 04:31:04,2018-02-27 21:38:32,2018-03-15 19:11:43,2018-03-27 00:00:00
b82c76472b3bc51acb8f5db576ec974f,459edfef30398de90952c216dae7e3cf,delivered,2018-04-29 16:38:27,2018-04-30 21:29:47,2018-05-03 14:28:00,2018-05-08 23:05:24,2018-06-01 00:00:00
00e32e413e017e64ff93a9e800b8e1be,9403d354eae44e50158601ecc4be7060,delivered,2018-04-30 09:14:50,2018-04-30 09:36:03,2018-05-02 11:43:00,2018-05-07 13:33:56,2018-05-23 00:00:00
045e848420a12f1b3dbcb2e6e375852b,ff7a52cb304f46020dcd25d21c073e3a,delivered,2018-06-26 19:37:07,2018-06-26 19:50:12,2018-06-28 13:24:00,2018-07-03 21:05:13,2018-07-25 00:00:00
8d37c366611418b5ea3b8fa9da611b8d,237e63b5882e6ad2811b597bab07debc,delivered,2017-11-24 15:23:12,2017-11-24 18:32:16,2017-11-28 21:59:11,2017-12-12 12:12:56,2017-12-19 00:00:00
0bcbcc3e0a09b3f6a9495de35f452616,224dfce9628d0b53567eaecab61f5f4c,delivered,2018-06-26 09:29:13,2018-06-26 09:52:56,2018-07-03 09:39:00,2018-07-06 13:54:55,2018-07-26 00:00:00
f37d444498e3442d5896c6d98a89eb09,58010882ac48cc7801627ad2bcd383e4,delivered,2017-07-08 09:33:41,2017-07-08 09:45:12,2017-07-12 00:37:26,2017-07-14 15:52:44,2017-07-21 00:00:00
5f254e3f920139c2f5114e83781e6b91,0203e70e371d45dbb6db12bdc49cd70c,delivered,2018-01-21 19:27:38,2018-01-22 13:57:29,2018-01-24 01:53:11,2018-01-27 01:42:56,2018-02-07 00:00:00
d48863aea86f6a6ccbcf40c4d1a38a0c,7af59ba24405ec1365f4500d9e8538ed,delivered,2018-05-03 13:20:29,2018-05-03 13:34:18,2018-05-09 15:48:00,2018-05-22 12:04:07,2018-05-30 00:00:00
f89dc6d4d2804453af87b0745884618e,6bf9f7d192d869e5bfeb7c8a94b8c003,delivered,2018-02-24 22:24:38,2018-02-24 22:35:28,2018-02-27 03:17:38,2018-02-28 20:25:29,2018-03-12 00:00:00
7ea0402bb982f8ff37a8a8ef5adc4786,66cbcef072a77824c522cede2fca861a,delivered,2018-07-24 22:31:47,2018-07-24 22:45:06,2018-07-25 13:17:00,2018-07-26 23:48:36,2018-08-01 00:00:00
26a95c7a47327bed47c5651221bfcb18,4a6e1c44e2055e46c2e15d69edb81be7,delivered,2017-09-12 19:37:09,2017-09-12 19:50:24,2017-09-14 19:27:24,2017-10-06 16:55:33,2017-09-29 00:00:00
ab49b594934a5f49ee9194704347e602,87de58b285ddbf82328d7ad34e5a5e2b,delivered,2018-01-28 10:24:50,2018-01-30 05:31:38,2018-01-30 17:11:41,2018-02-06 21:07:14,2018-02-23 00:00:00
90e2de5e3c7e68c82623b0bdcfc301b4,ffb4dbe856e39f4c88fd2abdd505436a,delivered,2018-03-16 09:12:47,2018-03-16 09:42:27,2018-03-16 18:31:36,2018-04-13 17:03:06,2018-04-10 00:00:00
9ce19d5b71288d9c2fbb7e5848d28d95,8c9d33f59db86369058cf6784d5b7163,delivered,2018-01-03 10:27:33,2018-01-03 10:39:24,2018-01-05 13:14:25,2018-01-12 22:59:47,2018-01-26 00:00:00
2a633b0c6a563a575a8887426a80a53b,82d8dec051f882c5e6108a8e85b7c49c,delivered,2018-02-18 15:00:13,2018-02-18 16:10:27,2018-02-22 03:11:27,2018-03-12 16:48:32,2018-03-15 00:00:00
3ac4f30b6ba23f340792aeebba73158b,45b2e2f0f6fc93eecf7802eb6be9a91a,delivered,2018-01-27 20:14:42,2018-01-27 20:36:58,2018-01-30 14:32:18,2018-02-05 21:53:03,2018-02-20 00:00:00
bf73c65f1e495937d0e65520f1bec3ed,c52c5c0033d00148752ff61f991e2521,delivered,2018-06-04 14:04:48,2018-06-04 14:15:21,2018-06-05 08:39:00,2018-06-13 18:22:04,2018-07-11 00:00:00
23f098e532da469bf9f45d52c5d16d10,472cc41a490ad5678fae4c2ced078e6f,delivered,2018-02-15 15:20:50,2018-02-15 15:30:34,2018-02-19 17:52:52,2018-02-20 19:35:18,2018-03-01 00:00:00
2c3ca3f1309ac4dc9e380810f4f65e46,2c761d20fb4aa9d0e730187ca4f7f7cc,delivered,2017-09-27 11:44:18,2017-09-28 02:56:29,2017-09-28 19:23:54,2017-10-09 11:38:17,2017-10-31 00:00:00
6092d8164237b3c7eea663e17e709b21,51324c94dbedd0d70823744ba9d51225,delivered,2018-02-16 00:14:04,2018-02-17 02:07:44,2018-02-20 15:08:56,2018-03-11 16:12:22,2018-03-14 00:00:00
0542a77eb7f00f9ed2f08c1dba22a43c,81bf8b2387b9d3716a34a33be63c45ea,delivered,2017-05-11 14:40:14,2017-05-13 02:55:22,2017-05-16 11:44:35,2017-05-25 08:18:49,2017-05-30 00:00:00
32779f6285849a399d09a038397d8e8d,e83c8b223d5ef6013da32adfe2a2c4b0,delivered,2017-07-07 17:36:10,2017-07-08 19:03:00,2017-07-10 19:08:10,2017-07-20 17:10:15,2017-08-02 00:00:00
07e8c8c7545c3cf6386eaf464b1e8365,e26b9c4b85923dcabcf02312427b75f5,delivered,2018-08-08 12:51:29,2018-08-08 13:05:18,2018-08-24 14:13:00,2018-08-30 22:04:52,2018-08-29 00:00:00
0b88df5bf12a6df08bf27d7db86e4ab6,a3a56df70dac7a02e8717683109cef4b,delivered,2018-03-31 09:01:18,2018-03-31 09:15:09,2018-04-04 18:41:43,2018-04-19 02:28:52,2018-04-27 00:00:00
c27941f0a7135ca5f13f3c07ea6b1d28,c46c509b0f184dbaa98821e375af3fbc,delivered,2017-08-07 10:00:46,2017-08-08 05:40:17,2017-08-08 18:32:21,2017-08-11 17:17:49,2017-09-04 00:00:00
b743373d6701f25279252a6f98a14977,01ce9c8d021371142c40a9523f58bcef,delivered,2018-02-13 02:18:35,2018-02-13 03:00:21,2018-02-14 17:22:47,2018-02-22 21:23:14,2018-03-07 00:00:00
01d96f415da1ffc3807bc85852dea189,50e2e211862daf99d434538a985b5423,delivered,2018-04-10 20:59:36,2018-04-12 08:32:40,2018-04-12 17:51:59,2018-04-18 00:21:08,2018-05-03 00:00:00
6bee1849192c8d7e1b0e6a3b7046a461,4435fa72310d5bf570e3a8dffa5a756d,delivered,2017-09-29 17:29:48,2017-09-29 17:49:08,2017-09-30 14:40:12,2017-10-04 18:42:32,2017-10-30 00:00:00
ebf5dbab20132b5c6b7d76d2ec6dc7ba,6491f7a16a09abf283fdb6ba317a67a8,delivered,2018-08-20 12:25:52,2018-08-20 15:35:45,2018-08-22 16:37:00,2018-08-23 23:14:23,2018-08-23 00:00:00
922aeb0ac07d644471698222684ea285,6a3392d49966d00c8547fc17d85c2490,delivered,2018-07-24 22:15:53,2018-07-24 22:30:10,2018-07-31 12:40:00,2018-08-06 12:19:57,2018-08-10 00:00:00
6dd108d9c1d54a07eeb03602befafd7a,2d40ec967a9f9fcdad984e510b781fa6,delivered,2018-03-31 16:43:35,2018-03-31 16:55:33,2018-04-04 22:36:45,2018-04-09 20:25:30,2018-04-30 00:00:00
0e2cb01a7fe8e20a0dc09ee72a5d8346,7f61badd7cb99c1c057083d9572ba89d,delivered,2018-07-23 11:18:49,2018-07-23 13:40:25,2018-07-23 15:26:00,2018-07-25 13:12:52,2018-08-06 00:00:00
006df90050498994d670b40da4651d22,5c94f28f54aa13e14aaf67039511f318,delivered,2018-08-13 13:59:20,2018-08-13 14:15:12,2018-08-14 14:43:00,2018-08-15 22:18:36,2018-08-17 00:00:00
98ce4ac632c6960f83f6b7d7323ba9a5,9feff441141d0ac87f6c27452208cec5,delivered,2018-04-15 15:29:44,2018-04-15 15:51:11,2018-04-17 22:17:39,2018-04-20 23:16:28,2018-05-04 00:00:00
2235b8528768ef6863fd3f90a50521a9,de3bc13bc0be066d857739429bd91c6b,delivered,2018-03-04 14:22:25,2018-03-04 15:00:22,2018-03-06 03:34:46,2018-03-15 00:10:57,2018-03-21 00:00:00
50f943da6e59c10475c030a61ff8a31c,842993a3ccbcadcf1470e8c57167a590,delivered,2017-05-10 22:44:22,2017-05-10 23:02:38,2017-05-11 13:21:52,2017-05-27 05:42:52,2017-06-09 00:00:00
0759c200a1d9ec728ba380676bccb583,65d253d62427d89106258c7ec2410eab,delivered,2018-07-31 23:19:17,2018-08-02 05:25:14,2018-08-06 14:41:00,2018-08-13 13:34:50,2018-08-20 00:00:00
216abf06d82d5abe6b9f5eaffeba374b,d6bf7156a0ebba7f8fa34df19e4ed24e,delivered,2018-03-14 16:13:12,2018-03-15 16:11:11,2018-03-16 21:46:43,2018-03-29 15:45:53,2018-04-12 00:00:00
59ee2fecea61fffb6f6da1adf48df362,4a3c70d1f6483d7c120802bab86bf4e5,delivered,2017-06-02 21:09:49,2017-06-03 02:15:20,2017-06-26 15:51:39,2017-07-03 17:37:34,2017-06-27 00:00:00
6045e16eec7cff271b49029f6a84fb62,9f1cdbd535e0a870f052c6e0fa30542c,delivered,2018-04-25 22:40:54,2018-04-25 22:55:27,2018-04-26 13:45:00,2018-05-03 17:26:45,2018-05-15 00:00:00
36e954e851bc552fe31416b9cb10afd9,b9cef3a1417192dc00192bb252d3fcab,delivered,2017-10-04 14:43:07,2017-10-04 14:56:15,2017-10-09 17:57:55,2017-10-18 18:47:02,2017-11-01 00:00:00
e8d859ca02a01790e391ba21fe50b27a,f205e2c56e1af74d15f5ab6104e5f917,delivered,2018-01-11 10:54:28,2018-01-12 02:35:37,2018-01-13 01:59:39,2018-01-19 18:26:46,2018-02-01 00:00:00
c48b937c24e7b161a3685f1a8bc963b7,4e0d465bf7a56e22b91d75f01e5c8b0e,delivered,2018-01-15 22:34:23,2018-01-15 22:51:33,2018-01-16 18:23:02,2018-01-23 16:59:05,2018-02-05 00:00:00
047e0e88828680c6cd9c476d555823e2,71fd52295abb1b8c1cd4da93dce20bb8,delivered,2018-05-20 00:32:28,2018-05-22 08:56:47,2018-05-28 09:18:00,2018-06-14 21:18:42,2018-06-27 00:00:00
ec55c591dee6e33a91fedbe64d75b475,be3259fe9f5ca5002148b8deaf52a84e,delivered,2018-03-22 18:49:32,2018-03-23 13:55:39,2018-03-26 22:12:08,2018-03-27 15:34:54,2018-04-04 00:00:00
01667048de265bad400b945f29b52526,de803ca99877b56ce0d121b7e2d57bc5,delivered,2017-07-01 12:25:09,2017-07-01 12:35:17,2017-07-03 15:56:23,2017-07-17 18:12:46,2017-07-25 00:00:00
b15ba0106a29a69e70c7041892543ba0,24480ff9e0d599118c096bee61df96a4,delivered,2018-07-18 17:25:29,2018-07-18 17:50:28,2018-07-20 08:43:00,2018-08-09 19:48:35,2018-08-10 00:00:00
ba30f1c00f0081224a0f5410ee56f335,a8416fc432d7c6de9f5ac20b3b713e4d,delivered,2018-07-20 14:09:09,2018-07-20 14:24:02,2018-07-25 13:05:00,2018-07-26 18:44:37,2018-08-01 00:00:00
07e85d403be2aca377eebdf6581323fc,b57cf80b3778ed268142cd5596d861f5,delivered,2018-08-11 19:14:29,2018-08-11 19:25:12,2018-08-15 12:12:00,2018-08-20 21:32:10,2018-08-30 00:00:00
c80a0f4c8860db02b33d08ecf2c6e03c,0ce599987d368a757f0818f3eef800e4,delivered,2017-11-22 18:43:55,2017-11-24 03:12:31,2017-11-24 19:08:30,2017-11-29 22:48:29,2017-12-04 00:00:00
c8616afdf0665e9bcbc7673c6219c472,88762b3162727d7e1bd270ed0d45c8d0,delivered,2017-12-18 23:51:12,2017-12-20 06:54:32,2017-12-21 19:05:36,2018-01-16 17:29:34,2018-01-16 00:00:00
bb7212057f59214702cd81a6bba10fdf,bf82da04c80d7eaff5eeadbc1ddebf96,delivered,2017-09-13 11:52:47,2017-09-14 02:45:38,2017-09-15 20:34:50,2017-09-27 19:38:01,2017-10-02 00:00:00
f97b2bdfbaca9c2f04722d8cbc8cc8a5,3ba38209ae8f27771c90ec6b410f2043,delivered,2018-08-08 18:34:29,2018-08-08 18:45:20,2018-08-10 14:49:00,2018-08-16 22:31:44,2018-08-24 00:00:00
70d93481cfa348bc624673d812d9858b,782d764319a43dc3d1fa041b70f83efb,delivered,2018-04-12 14:48:05,2018-04-12 15:30:50,2018-04-13 16:11:47,2018-04-20 23:22:42,2018-05-07 00:00:00
0e0fa429a12bc8105554270a3a52ce97,c7f4ae2ceae1c61d7498868443fc755f,delivered,2018-07-13 12:00:36,2018-07-13 12:10:46,2018-07-16 15:11:00,2018-07-21 15:50:57,2018-07-31 00:00:00
c0bcb62c1eb5956ed1d7cd6a8c80ed47,b07f7cb818712ba7d6127edbf936dec4,delivered,2018-07-16 18:40:11,2018-07-16 18:50:23,2018-07-18 13:48:00,2018-07-23 20:09:30,2018-07-31 00:00:00
5dac9935cdde1d40def25a669f8812a9,07e37b9181238afc5aef3d87171bf28f,delivered,2018-08-15 14:01:43,2018-08-15 14:15:14,2018-08-15 14:36:00,2018-08-21 20:31:50,2018-09-03 00:00:00
de5a3a2e05f3b46629d00ae9b9422973,7520f9fd4f9a0764e6abc26bb74a8f80,delivered,2018-01-17 22:31:41,2018-01-19 02:38:48,2018-01-22 22:23:33,2018-02-01 18:31:50,2018-02-07 00:00:00
95a93f965d3c6328db39978e83ffa115,92ed0d927435e2b9874e0b45243fc57e,delivered,2017-06-29 14:13:36,2017-06-29 14:25:14,2017-06-29 14:41:47,2017-07-10 15:12:27,2017-07-25 00:00:00
20f00734b9cedbed78661618c0deb7fd,e117a1572482e4564d02760fc7d18aca,delivered,2018-03-30 18:06:39,2018-03-30 18:50:21,2018-04-04 23:36:53,2018-04-16 21:18:32,2018-04-18 00:00:00
7042e0877cfb1a8fb8e4293126dae9f3,3d5558638c7f0b8edb724897e16c8d54,delivered,2018-08-19 15:50:13,2018-08-20 12:12:14,2018-08-20 14:32:00,2018-08-24 12:32:56,2018-09-06 00:00:00
e6db6e9529fecbe14cd05dd349816656,6b3efc29f67766dd725bb29e857614f2,delivered,2017-01-06 21:27:49,2017-01-06 21:35:20,2017-01-09 12:08:34,2017-01-13 13:57:29,2017-02-20 00:00:00
9797fc9d23d5187db0924184bc5cca44,1e9cb4f102332a9b99dc7d29d51c1962,delivered,2018-08-23 12:30:52,2018-08-23 12:45:17,2018-08-24 17:34:00,2018-08-27 15:22:10,2018-08-28 00:00:00
fad4c51261e06a0f8a2309ee81747628,1def3b8c7e09cd6e5d61ea1144462d79,delivered,2018-03-19 11:23:31,2018-03-19 11:35:35,2018-03-19 22:38:42,2018-04-09 21:22:47,2018-04-05 00:00:00
dba8b25261a1f7f5e1f32b1203796812,a1b016bef8693b86fbc40d6773f8f29e,delivered,2017-04-28 15:06:58,2017-04-28 15:15:17,2017-05-04 15:38:47,2017-05-19 10:44:39,2017-06-06 00:00:00
8b5a4b2799bee31ca06187259aea4da5,439e6151b191877b7f1b0441b6cdb1f4,delivered,2018-08-09 19:53:41,2018-08-09 20:05:16,2018-08-10 15:50:00,2018-08-13 20:03:31,2018-08-21 00:00:00
0b555f0e6493540531a30e6cf25fb030,058d38732ce7f213cc8f62ffcf8fa0c5,delivered,2017-05-25 10:43:21,2017-05-25 10:55:17,2017-05-26 10:30:12,2017-05-30 16:37:45,2017-06-21 00:00:00
4436eb8a73f08dc5c4ba8b1e5b96d290,3ab417ebff3c831e7e9b12cc926a094a,delivered,2017-08-16 23:47:01,2017-08-17 02:12:13,2017-08-17 19:35:35,2017-08-21 19:17:33,2017-09-06 00:00:00
4f11c536ca6b0a28ea1c7583d6a5df63,c40ea936fccdfb98bffbb794c89d2348,delivered,2018-05-16 09:45:25,2018-05-16 09:57:28,2018-06-05 11:41:00,2018-06-14 14:58:38,2018-07-03 00:00:00
d5e892687c8916b17cafe284780d01b0,04ab012a558c5d12ae6037840f85a860,delivered,2017-09-08 15:48:57,2017-09-08 16:04:48,2017-09-11 22:10:02,2017-09-18 17:37:36,2017-10-02 00:00:00
9559e0b00c67d159a266152428f85615,c3498e41d1549d56c4cbde7cbfdabeb3,delivered,2017-01-30 10:47:14,2017-01-30 11:31:06,2017-02-01 13:57:49,2017-02-07 10:32:44,2017-03-03 00:00:00
0b602fa35e64e463c90698d2e859af54,731934bcb47e6a5956ab77fbed6ad0c5,delivered,2018-03-22 22:13:59,2018-03-24 02:28:34,2018-03-26 19:58:55,2018-03-27 14:14:51,2018-04-11 00:00:00
98161ce1b4bbf1427395e740ec410ebe,4fe0645c92f662ca815c8ac150c5c152,delivered,2018-06-07 20:30:06,2018-06-07 20:55:15,2018-06-08 14:40:00,2018-06-14 20:46:53,2018-07-04 00:00:00
13b4f8c4b570d25d95bfd3c915ed9c38,3affba856e05494582eba561ff675db0,delivered,2018-01-27 16:50:21,2018-01-30 04:31:17,2018-01-30 23:26:31,2018-03-14 15:43:38,2018-03-09 00:00:00
a7765f04ecc5f2e0683f08a97ee8174e,6b93377502d7cd14b2a3864fc7d635a8,delivered,2017-01-29 19:08:00,2017-01-29 19:31:49,2017-01-31 16:35:04,2017-02-08 10:34:01,2017-03-15 00:00:00
9fae636d2c51d2a8feb6734c92aa131f,f247dc9ed6536f4ecd067e8403beea4b,delivered,2018-05-27 23:50:48,2018-05-28 00:56:16,2018-05-28 14:09:00,2018-06-13 02:26:43,2018-06-29 00:00:00
d6934136368e34491a21bf8ac9f59aca,33b601e9d2bbf7984de7b56271ce826e,delivered,2018-07-01 11:38:25,2018-07-01 11:55:08,2018-07-02 14:05:00,2018-07-09 12:49:46,2018-07-23 00:00:00
791a044148a5de3317595143ddcbd844,ff1c4180550bf66f70da8282876e6c62,delivered,2018-01-12 10:56:52,2018-01-12 11:08:59,2018-01-15 22:45:01,2018-01-16 19:06:43,2018-01-31 00:00:00
cb76d29d166fc17f9cedf3416285a80c,c6ba5f89dba4362dfae3543d449fe4ad,delivered,2018-02-27 01:52:55,2018-02-27 02:40:31,2018-02-28 01:48:44,2018-03-11 15:42:51,2018-03-23 00:00:00
ef8fadadf0fa0193e9b455abf08484ce,f5ac2e5720e20d222f1cfc513670b40f,delivered,2017-05-02 22:39:55,2017-05-03 15:35:19,2017-05-04 14:35:35,2017-05-11 12:34:10,2017-05-25 00:00:00
635ed45a717c546a1bea54c32c7d2ff7,f36390aa9b8a7709d98fae3bf92ebd1e,delivered,2018-05-30 14:30:13,2018-05-30 14:57:24,2018-06-01 10:37:00,2018-06-04 18:02:54,2018-06-25 00:00:00
3e13370769d925ef48e37780ca13c86e,b3ed5f9564ada032bd8880b15ec5f8e7,delivered,2017-10-09 06:31:21,2017-10-09 07:41:05,2017-10-13 23:17:48,2017-10-17 19:18:44,2017-11-07 00:00:00
ccf19e37f66c81af8267c46cde40b405,0a648d9eb6a9fc8c4a26dfaef8b3b3cc,delivered,2017-10-19 11:58:49,2017-10-20 02:49:38,2017-10-23 15:03:16,2017-10-30 15:09:35,2017-11-10 00:00:00
f958e896e19b3e92364e0c7b9637c144,20b890debdcf10ed1c03a956015ef208,delivered,2018-07-25 23:27:28,2018-07-26 00:25:18,2018-07-26 12:08:00,2018-08-02 18:33:45,2018-08-20 00:00:00
82ee5cb36361d105c438c357e9926473,c7adf7f5561540d961dc0ffe938504c5,delivered,2018-08-20 17:06:21,2018-08-22 03:55:13,2018-08-22 14:35:00,2018-08-27 20:48:25,2018-09-25 00:00:00
313fda07432a17eae160b8b9940e6cb3,975fcec0ea0614da340fc40250f55cba,delivered,2018-03-18 08:07:15,2018-03-18 08:20:23,2018-03-19 17:48:27,2018-03-29 22:12:32,2018-04-05 00:00:00
7cddfd6adf258ef9dffd6b2550ce097e,2373a16e52c2faaae69d26e5fa443942,delivered,2017-12-03 18:38:47,2017-12-03 18:53:42,2017-12-05 02:23:35,2017-12-09 16:49:05,2017-12-28 00:00:00
79b5579acdaecb745610365f3f181fce,8c55956d70fca64193668429b9f8d8ce,delivered,2018-02-07 22:08:23,2018-02-07 23:10:25,2018-02-09 20:12:15,2018-02-11 13:33:40,2018-02-23 00:00:00
09854629eee79bc8d606247198ae822b,2600006b51f3d485d195fc1a3b3014c2,delivered,2018-04-24 21:18:31,2018-04-24 21:30:35,2018-05-02 08:47:00,2018-05-08 16:21:56,2018-05-21 00:00:00
97d0a7726f58ed266c7501929e1ea81d,a5870c43e5dc9630238f6e1af26c5b3a,delivered,2018-01-03 22:28:58,2018-01-05 02:34:50,2018-01-09 01:57:58,2018-01-11 19:19:34,2018-01-26 00:00:00
5a43a71d1ddc76ba951f292c1b4c66c2,ed9905aa9b57c2aa73612f73bafc9588,delivered,2017-10-26 10:46:21,2017-10-27 10:55:24,2017-10-30 20:57:29,2017-11-03 19:22:58,2017-11-17 00:00:00
71df40458537292f7d7fb3a95e0d3786,9db2f7ab1e4165f06c5d4819b0abebb4,delivered,2018-04-08 17:56:46,2018-04-08 18:10:10,2018-04-09 22:05:33,2018-04-16 22:56:28,2018-04-27 00:00:00
45c780334bc32cb77559a65c5f171160,2e7caf02d3f51fe071a2444d36ea2d51,delivered,2017-12-20 19:20:25,2017-12-22 02:39:37,2017-12-22 18:28:29,2018-01-03 14:07:22,2018-01-22 00:00:00
c995be74082b70d3ec06d817e73f7300,d5435bfb461189b2b1fe24dc28797056,delivered,2017-12-03 19:18:56,2017-12-03 19:33:51,2017-12-06 13:32:39,2018-01-04 21:38:48,2017-12-29 00:00:00
8287f2f36572998dbbc2c70647bf0b52,0fa73966f993a5d1a62afb0c5e43f050,delivered,2017-06-28 20:56:02,2017-06-29 02:50:15,2017-07-04 15:32:11,2017-07-07 17:41:58,2017-07-11 00:00:00
a09cf5dc57c606eab71f84bffde01a52,2e373e3e8d560be62b5db0358183b0c9,delivered,2017-03-16 15:46:58,2017-03-16 15:46:58,2017-03-17 18:13:41,2017-03-28 16:12:50,2017-04-06 00:00:00
501e09201e883a7018d34ba1a20e903b,d78d435ba819b961c4b926ddcb973069,delivered,2018-05-20 17:05:11,2018-05-20 17:15:21,2018-05-23 14:53:00,2018-05-24 17:38:39,2018-06-04 00:00:00
fb4ac2c3fe6b4c0499e23ecf1cd6a462,b110f265a26913195d6915ca99f96262,delivered,2018-03-14 17:58:16,2018-03-14 18:10:34,2018-03-16 22:39:45,2018-04-09 20:37:56,2018-04-03 00:00:00
b211f8c759ee7993a37f65cf5c9fa72e,34ad05299797f7e5c773526e1c5e9b8b,delivered,2017-07-06 16:34:55,2017-07-06 16:45:10,2017-07-07 15:37:40,2017-07-08 13:53:43,2017-07-19 00:00:00
3b2285d4d80f742f34cc959e041722a9,e908b924226c39f055d910e21acdef87,delivered,2018-01-22 14:29:31,2018-01-22 14:38:22,2018-01-24 00:05:07,2018-01-31 23:22:47,2018-02-16 00:00:00
6a12aff9ecb91c4cf18469bf42ccdc0d,39d1512df4e550ecfc2be164e7524a32,delivered,2018-02-06 09:43:39,2018-02-08 07:50:33,2018-02-14 23:32:42,2018-02-20 00:23:07,2018-03-06 00:00:00
b8a33fa5ef27e365f04703b899401762,c3129d9aba1476cca86ad20b00080fab,delivered,2018-07-03 12:20:30,2018-07-05 16:32:43,2018-07-04 15:09:00,2018-07-13 17:28:43,2018-08-01 00:00:00
bb8f873e2d4e898546ba92f7febc7b34,50b8c8be62013d9544bb456ade24e2dd,delivered,2018-06-18 11:33:07,2018-06-20 02:55:39,2018-06-20 20:11:00,2018-06-21 17:58:28,2018-07-05 00:00:00
e90ec4b6b234181833371ada5474c96b,cee87c1ba63da17e6d9aded0ec8c6627,delivered,2017-04-19 22:50:00,2017-04-19 23:02:15,2017-04-20 09:49:57,2017-05-03 14:47:34,2017-05-12 00:00:00
d779d1f64c00cb888484f4b2f5eab951,7adeb9ef7256f00660337f5959bcaaf6,delivered,2017-12-15 15:23:33,2017-12-15 15:35:17,2017-12-18 19:03:17,2018-01-04 22:47:52,2018-01-24 00:00:00
abd23f048bf60025ad66f8cf56c85379,8903fd96319b50a6c641465f4e61644d,shipped,2017-03-11 13:37:51,2017-03-11 13:37:51,2017-03-17 16:23:34,,2017-04-18 00:00:00
2f4011790ff902584d5b011f0e35ff1d,0feb4570bb79ad1d9418a224faa1d93f,delivered,2018-05-03 11:14:13,2018-05-04 11:32:44,2018-05-04 12:50:00,2018-05-09 19:52:10,2018-05-25 00:00:00
5d7d786de9467c8066634d0e7a4a0961,91207b9f2aa0e71c7c9c8271aa02f3d7,delivered,2018-05-08 14:42:20,2018-05-08 14:55:50,2018-05-11 19:51:00,2018-05-14 15:18:34,2018-05-18 00:00:00
9e730e42ec63989bb7af89311765b6ad,aa820cfb98796d553c3c534ec47b5408,delivered,2017-11-28 14:26:50,2017-11-30 14:19:24,2017-12-05 21:57:29,2017-12-19 19:05:42,2017-12-22 00:00:00
4589d66e35f0ae1a3235cccdc7c4ae8e,e76087d142b485212126e60e1ee032d2,delivered,2017-12-30 14:08:09,2017-12-31 14:06:49,2018-01-03 23:34:39,2018-01-09 20:19:12,2018-01-29 00:00:00
b8da35a90e134b3b031c6acfe029acaa,aceef5a96b18fcdc8edbfd0e1462fc67,delivered,2018-05-05 21:38:46,2018-05-05 21:55:20,2018-05-07 15:25:00,2018-05-18 11:52:06,2018-06-06 00:00:00
17b2f07a5bf720ce92d905520ff1dd7f,f91f2afb5ce9c379d193157ea6d7a27e,shipped,2017-05-29 17:20:26,2017-05-30 04:30:20,2017-06-01 12:05:02,,2017-06-09 00:00:00
765442de6466c0bb079c22b8b20e0eab,2b3dc71b4cce6a5cb97f6ebf5d6ede5f,delivered,2017-01-09 17:50:06,2017-01-09 18:05:45,2017-01-10 10:53:44,2017-01-13 08:53:45,2017-02-17 00:00:00
e4cae0f91047eab49c97f44ca3a8ba69,eff74417b86c2f9e3aa37b0c1fcbf099,delivered,2018-06-09 21:36:13,2018-06-09 21:50:57,2018-06-11 13:13:00,2018-06-15 20:46:34,2018-07-18 00:00:00
2cacb668babd0da39adc48af2e2fa715,90409e591e05ebf031ac1b050782a65e,delivered,2017-12-26 15:48:03,2017-12-26 15:56:18,2017-12-27 19:49:09,2018-01-12 22:33:27,2018-01-15 00:00:00
478116017852df9d1ac392abcf28927f,ecd37231a9052d49db278a6b92d28054,delivered,2018-08-24 13:59:41,2018-08-24 14:24:25,2018-08-30 14:58:00,2018-09-03 17:18:42,2018-08-29 00:00:00
08edeac38b68f66bf2e8c3701badde1c,d610f3f7d9676ea7a49e0246047bb7b8,delivered,2018-04-26 10:24:58,2018-04-28 02:51:35,2018-05-04 15:54:00,2018-05-18 19:48:58,2018-06-04 00:00:00
93634466f99307a62d5d4d34689562b8,8ccfd0edf3aec24594113e478aa88d7f,delivered,2018-01-28 21:28:02,2018-01-28 21:35:28,2018-01-31 17:09:02,2018-02-09 20:24:38,2018-02-21 00:00:00
4a7f6dd027d9a492108f77d26d69e304,d8ee7b35bc4f6d41f709e92ba3fc4ed3,delivered,2017-11-12 16:54:03,2017-11-12 17:07:00,2017-11-16 13:42:58,2017-11-18 00:20:59,2017-11-29 00:00:00
fb91d387f95f0f748d5a6db913bfcabf,0a3c22ec49808e2f5c430a2cbfe7249f,delivered,2017-12-14 05:27:09,2017-12-14 05:35:38,2017-12-14 17:07:30,2018-01-03 22:58:39,2018-01-12 00:00:00
1b2db2aab76c9c5abd0f6538ca507016,db18213211c2b66e2a8371651ca0fc0b,delivered,2017-11-24 01:32:22,2017-11-24 01:48:25,2017-11-24 19:02:41,2017-12-07 19:27:09,2017-12-19 00:00:00
bb787d6e68f079fbf94e8df39219086d,47236502c05ba94b54a18feb382a6a59,delivered,2018-06-26 09:18:41,2018-06-26 09:37:51,2018-06-26 13:27:00,2018-07-04 20:22:33,2018-07-26 00:00:00
3c7aa341aa20519a2530c8ea5763f265,78ff784a06d3925ede271f892dd08547,delivered,2018-08-20 22:52:08,2018-08-20 23:09:31,2018-08-21 13:09:00,2018-08-24 23:31:06,2018-08-30 00:00:00
0c3e491fe8f99458825a93daa40f4401,6e9484377e5431903ba209552cc45e2a,delivered,2018-02-19 10:06:49,2018-02-19 10:27:45,2018-02-21 18:23:27,2018-02-27 18:03:47,2018-03-13 00:00:00
d6c897633f14d2c71e22c530ae9f0a11,a43420da9f54b35f3bc8e9b201209a76,delivered,2017-03-30 22:15:10,2017-03-30 22:30:10,2017-03-31 14:51:06,2017-04-04 13:37:52,2017-04-19 00:00:00
4b23422a153d74fd8d5b29e7fd978a4e,6d91967ecd2cca5e3455ec237aae7db2,delivered,2017-12-15 11:52:23,2017-12-15 12:11:15,2017-12-15 20:14:12,2017-12-18 16:49:13,2018-01-04 00:00:00
7cc699da1cc98ea6349ae005feae3906,d5bf661a3e396b8c710e6878a34eface,delivered,2018-03-04 13:33:14,2018-03-04 13:49:14,2018-03-05 17:32:31,2018-03-17 22:22:46,2018-04-02 00:00:00
9c7bac99c8e380b1c915cdba1ff29e65,90b99ca7282e731d8077bb6bdcfa3b64,delivered,2017-04-25 07:18:53,2017-04-25 07:35:09,2017-04-25 13:50:05,2017-05-16 09:41:54,2017-05-16 00:00:00
f4fd0ed2cc0f9629efac77ea04bbe4b1,e8ac446365f9559075919673925a89a0,delivered,2017-05-08 01:36:38,2017-05-08 01:45:13,2017-05-09 17:56:09,2017-05-22 12:52:38,2017-06-05 00:00:00
9a9958a5b85d3a8dc6b52dd8c79b516b,611f9bc426aa9d3223803647f29bc248,delivered,2018-01-30 10:56:40,2018-01-30 11:15:51,2018-01-30 23:17:57,2018-02-09 22:58:39,2018-03-06 00:00:00
1a0d6a2456874a5f2af72c611a6f90a8,67a34b2bceb02320cdbeedd85ba1c436,delivered,2018-01-15 19:40:05,2018-01-15 19:52:24,2018-01-19 17:53:07,2018-01-26 19:06:31,2018-02-05 00:00:00
97eb8123f2508dda8d9234f0aca79572,29e139325c0dac2e5a95c165699b68c3,delivered,2018-04-13 14:54:22,2018-04-13 15:13:22,2018-04-19 00:37:33,2018-04-24 16:12:09,2018-05-02 00:00:00
cfeeea2d9febd146693ff38c33b0b2b8,6e913b64fd2d9102fc1b02bc03d81224,delivered,2018-03-30 15:54:59,2018-03-30 16:47:19,2018-04-02 21:14:46,2018-04-03 13:38:48,2018-04-12 00:00:00
f0031384d36ff045ee1e866942d0fa7a,4fd0b9bb860c9a3d841746e1cb742314,delivered,2018-08-23 00:07:26,2018-08-23 00:24:27,2018-08-23 12:41:00,2018-08-28 17:21:51,2018-10-05 00:00:00
2e2b335489d4f06ec73386262189e7fe,408501a879c95ef18405ae8fbf2d7f22,delivered,2017-12-28 10:11:01,2017-12-28 10:19:29,2017-12-29 19:32:55,2018-01-18 16:51:59,2018-01-17 00:00:00
e48bb443eafd409648c33de1ad435eb8,58f68b7358a520e8012e5848f22f99f9,delivered,2017-04-05 13:40:28,2017-04-06 02:45:19,2017-04-06 13:42:47,2017-04-12 16:15:12,2017-04-28 00:00:00
61bed2065e5b6ac35f5c04d33bf9d320,5e287e9ddb7ce29f9977a136ec8f4060,delivered,2018-07-18 21:40:06,2018-07-19 02:50:15,2018-07-19 15:29:00,2018-07-26 18:49:58,2018-08-07 00:00:00
aa62e1d89af0554cdcb6a75d86ddb961,0eb276141ccbc51b37f4c1baa5924438,delivered,2018-06-27 12:29:25,2018-06-27 12:49:49,2018-06-29 14:32:00,2018-07-02 16:59:37,2018-07-13 00:00:00
2be5d3a5d64ca31f9d583f261fa19585,24b2afaf0a79b04374d8a7e0fd6bebda,delivered,2018-05-16 17:10:16,2018-05-16 17:37:56,2018-05-17 14:31:00,2018-05-23 18:11:47,2018-05-28 00:00:00
ef160b1ef2464ef2521274c790ee0cef,f68cfaf4a6855d3b1f631852dfd2b2e5,delivered,2017-09-18 15:07:49,2017-09-18 15:32:48,2017-09-18 21:26:42,2017-09-19 18:25:18,2017-09-28 00:00:00
8c855550908247a7eff50281b92167a8,fffeda5b6d849fbd39689bb92087f431,delivered,2018-05-22 13:36:02,2018-05-22 13:54:37,2018-05-25 13:25:00,2018-06-08 18:03:31,2018-06-29 00:00:00
25148bab087c1b9453abd98860a89993,7f36f0157804b66666fe74cdbde2f1e4,delivered,2017-06-21 17:59:41,2017-06-22 02:10:29,2017-06-26 09:57:02,2017-06-27 21:05:30,2017-07-04 00:00:00
b38103e665600114e3155ab60ee0ef70,3ca581e4a4ee0b48467bb142750e2bfb,delivered,2018-07-22 18:02:20,2018-07-23 12:32:12,2018-07-24 15:50:00,2018-07-27 18:03:03,2018-08-09 00:00:00
4e91282187f8ed281081528372cee70a,81bbeb9f0e1860ad7e9343b8bc5e40ea,delivered,2017-03-24 17:27:01,2017-03-24 17:27:01,2017-03-27 12:33:03,2017-04-10 11:57:12,2017-04-17 00:00:00
a4eb9fa781defbbdd53c5864fc4802fc,5ed983169387501e328faac4dcfed4c4,delivered,2017-07-12 14:27:33,2017-07-12 14:43:41,2017-07-13 15:54:02,2017-07-16 03:37:54,2017-07-25 00:00:00
a3b2f732ed4ec79b2aa8ac4a897122a6,2a4635f4e2ce424948c9e1405579f69f,delivered,2017-12-12 08:30:31,2017-12-12 08:38:25,2017-12-13 19:52:00,2017-12-22 19:22:39,2018-01-08 00:00:00
23a0c1ef37b1e2599235e834bbb55673,ee92050607377372efa97d9dba75af38,delivered,2017-07-17 06:54:05,2017-07-17 07:05:15,2017-07-19 01:12:26,2017-09-19 16:39:58,2017-08-04 00:00:00
611ef72664b4aee2a96a05d91c92ae1d,09bde40f449b920cb529c6e740b91116,delivered,2018-03-21 14:39:28,2018-03-21 14:50:39,2018-03-22 21:28:53,2018-03-26 16:08:37,2018-04-09 00:00:00
a1c5606e8638ab41b56420e4c1f4bc21,bbc0dad2f1ef65b2fe8b9312701a0773,invoiced,2018-05-03 13:41:50,2018-05-03 13:52:38,,,2018-06-08 00:00:00
640d4902b5f77f0c87caeb40fbf900ed,475f9b601c4b09c1ca46c5e534cb04b2,delivered,2018-06-09 00:19:14,2018-06-09 00:38:52,2018-06-12 12:39:00,2018-06-13 19:06:44,2018-06-20 00:00:00
52cb5ef0eb334c9b6c21119fc55f608c,766ffc8f244a176e559693e0325d8c8f,delivered,2017-07-10 10:41:38,2017-07-10 10:55:11,2017-07-12 20:19:25,2017-07-13 19:15:31,2017-07-28 00:00:00
5a9c1337a1f6bb21e46fc043cf2c26c5,91699739e7a2ff25feca3e29e042b1f1,delivered,2018-02-20 14:36:42,2018-02-20 14:51:19,2018-02-22 01:16:47,2018-03-01 02:44:47,2018-03-16 00:00:00
51f25abb96730e972d30b6fb22e2cde8,cc820378160407e71c86b3ebbc4ff91a,delivered,2017-12-16 19:03:00,2017-12-16 19:15:29,2017-12-19 19:44:37,2018-01-11 19:09:42,2018-01-23 00:00:00
a837f579a39778e37f946ab3a520a814,a9cec8d0f68e304ca6a977fe4726e4ac,delivered,2017-05-03 18:50:08,2017-05-03 19:02:20,2017-05-11 10:54:47,2017-05-15 08:53:59,2017-05-26 00:00:00
6173dae95360eed7428f6b826b9b5a66,66efaafadbb076805d213efd26ae7faa,delivered,2018-02-05 14:48:17,2018-02-05 15:11:32,2018-02-16 17:12:16,2018-02-19 18:27:09,2018-03-09 00:00:00
44112147d25b4af5a31f9ae1fbf07793,b860c4870687dee372f5b3e15d25766f,delivered,2017-12-05 23:49:53,2017-12-05 23:59:30,2017-12-09 17:54:26,2018-01-03 21:26:48,2018-01-05 00:00:00
163fcb371458c9705276afbd04c365ce,6a2ac3a6295ccf1a8f48104cddc61af3,delivered,2018-01-30 14:10:05,2018-01-30 14:31:20,2018-02-03 03:54:46,2018-02-09 20:17:57,2018-02-23 00:00:00
6536870177386f1b5e859b2a5ccc557e,0ad829f98fc1e26d27a0d8f8df329ab2,delivered,2017-05-22 08:19:53,2017-05-22 08:30:14,2017-05-26 10:54:03,2017-06-05 12:37:46,2017-06-26 00:00:00
fdf3b97e92962b8843c67a2c85c21f58,2bd8110535c65cd7a03ad8863109458d,delivered,2017-07-05 00:20:08,2017-07-06 00:25:17,2017-07-06 14:08:03,2017-07-15 13:32:10,2017-08-03 00:00:00
12788af294f51dd5ba2aaed208a45969,a5d4e10b7ef44fca5d3c946650f13fb1,delivered,2017-09-15 10:49:09,2017-09-15 11:05:43,2017-09-22 17:32:32,2017-10-02 21:52:30,2017-10-09 00:00:00
e87aa2b0086ab1f74f1faa822186807c,422fe1142d7c4fcb0cfe90720b24163f,delivered,2017-04-11 18:09:20,2017-04-11 18:22:48,2017-04-18 15:28:21,2017-04-26 14:33:23,2017-05-22 00:00:00
015fb6b5f739788434fa690540f90f19,eca9b206f2a9e4693bf0840895434e2c,invoiced,2017-01-31 13:06:05,2017-02-02 02:41:22,,,2017-03-09 00:00:00
1db10009e008df42edeea48899edf595,1a0d6c0fd553e58bb7456e4bb9f04fcf,delivered,2017-10-04 17:57:37,2017-10-04 18:07:15,2017-10-05 19:44:57,2017-10-23 18:48:16,2017-11-03 00:00:00
8855b61b1a878f28cde9bbc55ca6fbf2,7071c00358d779ddd69881c5a4d25f05,delivered,2018-07-05 19:08:03,2018-07-05 19:31:09,2018-07-10 08:52:00,2018-07-20 18:18:30,2018-08-01 00:00:00
489243ea0f23a5849516cc651afa4325,d6d545d0220741b286f0cd79ff8d0d68,delivered,2017-05-31 22:38:57,2017-05-31 22:50:15,2017-06-05 13:22:24,2017-06-13 10:44:37,2017-06-21 00:00:00
57c2914d78f0d7f4b76089b7844e77ea,f9f5ca79ce83ea7f4b798edd03755127,delivered,2017-07-11 20:58:08,2017-07-11 21:36:01,2017-07-13 13:04:13,2017-07-14 20:42:14,2017-07-26 00:00:00
0fe7e34c13cf8781647bd4cfe053099e,db675cbca3e2013b45758917a705a509,delivered,2017-06-28 15:31:47,2017-06-28 15:44:13,2017-07-11 21:02:59,2017-07-24 16:41:33,2017-08-07 00:00:00
368a807c54f9394cce9b885904db58ee,868ca3c0616bfa1724d5dee470e33565,delivered,2018-07-09 15:40:48,2018-07-09 15:50:18,2018-07-10 14:18:00,2018-07-25 20:03:30,2018-08-14 00:00:00
0ef774beb58a475478121bd8277abf6a,df5d73b5955c19fc6002b9de21714ffb,delivered,2017-06-27 23:17:52,2017-06-27 23:30:15,2017-06-29 13:21:37,2017-07-04 16:05:58,2017-07-28 00:00:00
69152feaafd64d08f0aa216e5f3c5a5b,ba8cb0c70b9d78aa8304bda4d23f2d70,delivered,2017-12-01 15:36:54,2017-12-01 16:00:16,2017-12-05 01:04:52,2017-12-14 12:47:06,2017-12-28 00:00:00
93942353ebd22541194b59e590c0d7de,849bdfd6f3313ffa83d9b0b2981331cb,unavailable,2017-02-08 13:32:00,2017-02-08 13:42:35,,,2017-03-17 00:00:00
a5d65a8f94a1020f43ab5107168d43d3,79b6cc1cb0df21abe957c9173a05eeb7,delivered,2018-02-11 08:14:07,2018-02-11 08:28:24,2018-02-15 19:14:03,2018-02-20 21:28:42,2018-03-07 00:00:00
54a906c3e69c5c9196b82c2722bf40c4,5718ddc8f0613e4fa87c11354625c763,delivered,2018-05-18 08:04:22,2018-05-18 08:15:10,2018-05-18 14:24:00,2018-05-21 12:35:25,2018-06-01 00:00:00
9758e655b4d2fca01c69a4dde9d4fb5b,7bebaaaa1a33db48ca58e50d6af76be1,delivered,2017-01-21 09:44:46,2017-01-22 09:55:06,2017-01-26 14:05:25,2017-01-30 10:39:16,2017-03-14 00:00:00
8c038fb4554281ef77e4f7c448295fd7,22c6f71e7f9441e3dc583b0ba8b3a584,delivered,2017-10-20 16:36:14,2017-10-20 17:49:25,2017-10-24 11:28:36,2017-10-27 16:03:38,2017-11-13 00:00:00
a338e253d44a1df47d96f51106cf74dc,e0133a5e6d476583f3ae4617106c376c,delivered,2018-01-02 01:18:47,2018-01-02 01:28:21,2018-01-04 23:45:07,2018-01-08 21:59:13,2018-01-23 00:00:00
023efd060c082063e299dc77891ea1b7,c04472465a5f84c1055508f48ffe5b4c,delivered,2017-11-14 12:43:54,2017-11-15 02:46:13,2017-11-17 22:14:39,2017-11-22 17:16:42,2017-11-29 00:00:00
f0244e08fea1e1ff13958db3e71c5f36,9e5ee486e0d815123e60a7a3d4db1243,delivered,2017-11-29 02:16:59,2017-11-29 02:40:48,2017-11-30 00:33:24,2017-12-07 15:52:44,2017-12-29 00:00:00
a5f52ebb3569cc7357f500d755314c0d,ba7db023226291bbdc8edc4ec2a8f896,delivered,2018-04-17 15:37:12,2018-04-18 05:11:25,2018-04-18 18:32:49,2018-04-19 18:53:24,2018-05-04 00:00:00
6ef0f9767ffbe09ebed8593fed89b73d,ef40e80fda552edf162925de233acbc4,delivered,2018-05-09 01:38:43,2018-05-10 01:36:25,2018-05-12 08:02:00,2018-05-24 14:59:37,2018-06-05 00:00:00
79d51aa9809de1c33dc6cfdf113de4bd,46c3e824512d5824205d3414227f81b3,delivered,2017-11-26 22:35:49,2017-11-26 22:52:58,2017-11-28 20:14:28,2017-12-06 23:22:12,2017-12-22 00:00:00
ab5048879a15f9f713725c37c5eb43ef,17366be29e9b9f1d0a010264d2cd704e,delivered,2018-08-05 00:24:05,2018-08-06 08:44:43,2018-08-06 15:09:00,2018-08-10 17:03:33,2018-08-17 00:00:00
67ef896d205bafce2b0ce685b7173d43,da511073eaee0419031bfaddcda9c4c6,delivered,2017-08-31 01:13:17,2017-08-31 01:25:57,2017-08-31 21:39:54,2017-09-08 17:40:06,2017-09-26 00:00:00
fb3e580f779650bcf586bbdbec2858f0,68cf5258d0825b8f05134eb031c30190,delivered,2018-05-05 18:14:42,2018-05-07 18:10:36,2018-05-08 13:51:00,2018-05-11 11:38:45,2018-06-04 00:00:00
819d0cccbbc61e854e2a273e3aad3eaf,530a11c08d0986797f1b9f925604b344,shipped,2017-09-09 15:32:48,2017-09-09 15:45:21,2017-09-11 15:05:49,,2017-09-21 00:00:00
4fbf4b4d08900c34f81e01ace9d3f294,e7244f49cdadc0c4353211f6408f2cea,delivered,2018-05-14 08:07:51,2018-05-15 04:15:14,2018-05-15 14:13:00,2018-05-23 21:39:34,2018-05-29 00:00:00
92580e7039e427da2884d35809a95996,883bce2f3694717d0403432a07768b05,delivered,2017-01-13 23:24:59,2017-01-13 23:35:14,2017-01-17 15:10:17,2017-01-24 18:28:34,2017-02-23 00:00:00
fa2b14e880fc41311f519c101f30da3f,4d42f9c3b0adeb0be661997ab1595dd5,delivered,2018-05-10 14:57:14,2018-05-10 15:11:36,2018-05-15 08:07:00,2018-05-21 17:42:07,2018-06-04 00:00:00
3e69c99cf58356667fdbd6b7ab0c1e35,5339f401847301b76dcf82f4a648f5fe,delivered,2018-06-13 00:14:13,2018-06-13 00:41:51,2018-06-13 11:55:00,2018-06-14 19:18:58,2018-06-25 00:00:00
6e4364b18cae5024bdcf197ba3a2d1a2,f80187579fffc56b11847d97c5e9f45c,delivered,2017-06-04 16:08:32,2017-06-04 16:22:07,2017-06-05 12:51:45,2017-06-13 13:52:23,2017-06-28 00:00:00
65d009e49beeedab2b25830b9e69a6ea,7afb28b4054bfccfe93c5d52982a46a4,delivered,2018-07-02 15:26:08,2018-07-02 15:35:16,2018-07-05 14:38:00,2018-07-06 23:41:29,2018-07-19 00:00:00
0a5a672ddd7b5921439a990ff8efbb1b,d2ccc2030a2df9be14100fba82182fe1,delivered,2017-05-05 08:17:22,2017-05-09 09:35:35,2017-05-12 12:43:44,2017-05-18 11:34:05,2017-06-13 00:00:00
8363d443c31df471966f714d848f570c,693b9bd50b77ac44cca281554e425648,delivered,2018-01-28 18:14:15,2018-01-28 18:38:37,2018-01-30 23:38:33,2018-02-09 16:52:36,2018-03-02 00:00:00
f339e280c169a60e3d919ccf77765774,a73e900dde4c54b06261d434b3a4f957,delivered,2018-04-07 13:26:22,2018-04-08 19:30:46,2018-04-09 18:08:40,2018-04-10 20:03:09,2018-04-19 00:00:00
ad33ed1fc2b45e7f714e3cec25e31334,fb6ed625507693e5b130b1918923e2ca,delivered,2018-07-21 13:52:30,2018-07-21 14:04:07,2018-07-23 13:28:00,2018-07-26 15:38:37,2018-08-08 00:00:00
07b1810af93ee79a38977779e7a410d0,ae8e4d40dde287b1a730261c382a4887,delivered,2018-08-08 17:27:07,2018-08-08 17:45:08,2018-08-13 09:24:00,2018-08-20 15:42:41,2018-09-12 00:00:00
a387881ed6ea231b518106c07236e549,0b88a5c40d657148e615f4eb8513ac00,delivered,2018-04-14 15:52:43,2018-04-17 05:51:05,2018-04-24 22:55:57,2018-05-02 16:19:21,2018-05-15 00:00:00
9155b836b59fb7b80b0bd659c7c7dec5,eb9f55aff066e06088b7e934f5a5cc0d,delivered,2018-01-31 09:58:07,2018-01-31 14:03:15,2018-02-02 00:22:00,2018-02-14 14:22:14,2018-03-01 00:00:00
5ba14648d0bf31758b80a144887e42ca,a234687d6b689082f980faf6f1f48924,delivered,2018-06-23 10:21:52,2018-06-23 10:35:16,2018-06-25 13:59:00,2018-06-28 22:18:46,2018-07-18 00:00:00
f4a6242e6c5e57a7e2736e663352032a,1c2042fcc1e820e5b082360eb63e50a5,delivered,2018-04-25 21:12:32,2018-04-25 21:30:16,2018-04-27 13:45:00,2018-05-02 14:28:48,2018-05-14 00:00:00
bca67f1d036be009d17824489da2f178,4e26ab9c4d5ac920bde76fe5979962e2,delivered,2017-12-07 20:14:56,2017-12-07 20:30:53,2017-12-12 20:55:32,2017-12-14 02:18:29,2017-12-26 00:00:00
d41e624d982dbf17d33bb2bb41abe207,aee1e84981f91b83713ee0d428bc7e4c,delivered,2018-06-14 13:30:59,2018-06-15 02:37:16,2018-06-15 14:22:00,2018-06-20 11:06:41,2018-07-04 00:00:00
53d2e274628757ebe6882d41339d46af,1fff5bd495b4e1ccb35d4a2b51520803,delivered,2017-10-04 19:43:47,2017-10-04 19:56:18,2017-10-10 20:42:39,2017-10-20 17:45:21,2017-11-06 00:00:00
2c3eb0fe0135ed9d71065de1e06f8e01,a3809c8c58021cb804fc6c944aca6344,delivered,2018-06-26 09:59:37,2018-06-27 08:11:30,2018-06-28 15:37:00,2018-07-03 16:38:37,2018-07-17 00:00:00
6be90258d0695edd089b1165c0925902,8f399738d7135634f6501aaeb70c953b,delivered,2017-12-10 13:20:21,2017-12-10 13:30:26,2017-12-11 23:43:30,2017-12-29 15:07:18,2018-01-08 00:00:00
11f561d4e8e6398b03a193ff522d5a27,f647340bfd59cd852f1edf2b3eba6bbe,delivered,2017-02-16 09:35:34,2017-02-16 09:45:18,2017-02-21 14:44:01,2017-02-24 09:02:57,2017-03-17 00:00:00
230c830e0ace11bcabaf63deebbee836,94ae739e955e77518c3ca587d09accf0,delivered,2017-01-21 15:41:06,2017-01-21 15:50:21,2017-02-03 09:36:51,2017-02-09 08:25:46,2017-03-06 00:00:00
69df6146503dba833ea2ae56237acd97,3a04eb9c6f03e8bff298d4172dc8ae5f,delivered,2018-02-17 23:33:56,2018-02-17 23:46:46,2018-02-27 22:06:52,2018-03-19 13:16:43,2018-03-20 00:00:00
2c9f6a7c2d93b5c7209ad4d1155fc325,4bda9da9049ebbc1418cc56e60abe02b,delivered,2018-07-01 22:36:25,2018-07-01 22:50:03,2018-07-02 14:10:00,2018-07-05 18:02:07,2018-07-20 00:00:00
da28a815dd7996590e84c9e51dec1ff4,0400b2f1a68d9a8cae29fe11727ceebe,delivered,2018-07-23 15:00:02,2018-07-23 16:20:18,2018-07-24 13:44:00,2018-07-27 16:21:08,2018-08-06 00:00:00
cfae1e992eeb0f51ba0de3ddb87b33da,864a3144c2c9184d85067dc7869ddf8c,delivered,2017-11-03 19:05:47,2017-11-03 19:30:38,2017-11-06 14:51:07,2017-11-21 21:37:20,2017-12-07 00:00:00
927b55d4e72a05e5af01fa69bea2a4ac,870a43c2cb3de01267ee03d76d1200b4,delivered,2018-06-08 00:15:04,2018-06-08 00:34:33,2018-06-12 13:52:00,2018-06-13 22:11:13,2018-06-29 00:00:00
5f968bf751ef3bf1bdcd3a675b10b6a2,c4309ec9a72f861cea53e82325cc6280,delivered,2017-09-02 16:17:01,2017-09-05 04:24:19,2017-09-06 17:51:53,2017-09-19 13:32:35,2017-09-22 00:00:00
193d998b23a996345ca322516b2d5af3,f21be09ed30fde5bcd335c7f3637f128,delivered,2018-08-04 14:32:55,2018-08-04 14:45:19,2018-08-09 13:41:00,2018-08-14 16:14:57,2018-08-17 00:00:00
99c272b1c830220b1aa0047b42e9964e,98556837f8c2cd03d6704cd641ec8e65,delivered,2017-07-13 08:41:29,2017-07-14 02:15:24,2017-07-18 15:52:08,2017-08-01 18:14:47,2017-08-17 00:00:00
5e833b9eafdac5a15f42dc98f8753607,33eff75e6f663a1d7c7802140f59f785,delivered,2018-05-31 09:59:14,2018-06-02 03:31:40,2018-06-05 14:44:00,2018-06-11 18:36:32,2018-06-26 00:00:00
e9740abcb66dbd659a343d7fbf2af04f,bfbf277426eaeed47c31c9cef7fa29d9,delivered,2017-02-02 09:39:45,2017-02-02 09:50:20,2017-02-02 11:44:30,2017-02-16 11:38:44,2017-03-17 00:00:00
c5a06d75e7ddf0ed779053a64ee08c7e,6f184d7d532e2a9a95836af25a732594,delivered,2018-01-14 14:17:03,2018-01-15 11:09:38,2018-01-30 20:32:02,2018-03-03 15:38:52,2018-02-26 00:00:00
a28ec7941efe2655038ddb642b53c2af,522ea5848b2c1c74cc7c19c199f72564,invoiced,2017-09-01 00:23:50,2017-09-01 00:48:49,,,2017-09-22 00:00:00
06369aa3e6e8c6d52a7df6a2cd76cb1b,a77f4b21bfcd5d78e8799a788934c8fb,delivered,2018-02-01 17:22:04,2018-02-01 17:33:11,2018-02-02 23:28:36,2018-03-04 21:05:29,2018-03-09 00:00:00
e2f77cbc6c09acfd09a1b89f50c095ff,4d9f974fdbaae2196aaa21abc0b45c19,delivered,2018-07-01 23:09:14,2018-07-01 23:29:54,2018-07-03 13:22:00,2018-07-06 18:04:33,2018-07-27 00:00:00
1ed68006f84c01fff1085e2f43ef641c,51944d02eda1cbb54ba49ef747c2a4c1,delivered,2017-05-11 20:22:04,2017-05-12 21:02:45,2017-05-15 16:21:04,2017-05-24 01:37:55,2017-06-12 00:00:00
401421318e1a3e70530f8c082b9fb8b2,2c965e4a79a4c978af0eec00bbdb9a22,delivered,2017-05-14 15:25:00,2017-05-14 15:35:13,2017-05-15 11:36:12,2017-05-18 08:35:38,2017-05-24 00:00:00
89c880f756709e7f7825b4ae6fe7a2f9,2bba7472e1abb00f2e48d4740879c096,delivered,2018-07-27 09:58:16,2018-07-31 04:05:54,2018-08-01 12:57:00,2018-08-07 19:38:55,2018-08-17 00:00:00
4b06a335eb20f25b8c5ba42e29355b6a,e57094aeb5c4a3144bdb6d0efc67aa42,delivered,2018-04-26 14:39:46,2018-04-27 08:12:17,2018-05-02 14:34:00,2018-05-03 20:16:54,2018-05-11 00:00:00
ced1baa7ea4e81958a7ce0353f858f96,d6a4e4b359ef6c46069c1639a9ae90a4,delivered,2017-09-26 16:55:16,2017-09-26 17:07:17,2017-09-28 19:08:43,2017-09-29 14:27:16,2017-10-11 00:00:00
a849dc1b351c9075b4d4b00c45375016,5ddb22c9735c616559a348873e7ba27b,delivered,2018-04-19 10:59:31,2018-04-24 18:29:06,2018-04-24 22:56:49,2018-04-30 13:24:40,2018-05-14 00:00:00
e9f0845a93b13f1114e08ddc3ddbc60c,7155db0555447b6140ddd3e2a9399525,delivered,2017-11-19 14:55:44,2017-11-19 15:10:34,2017-11-22 21:24:37,2017-11-28 00:41:44,2017-12-08 00:00:00
accac73fb87ed8038257218147829125,bdb9d5db5b15a0ad9863f05918543c48,delivered,2018-02-08 15:38:04,2018-02-08 16:59:25,2018-02-10 04:16:43,2018-02-25 17:29:04,2018-03-07 00:00:00
69730255ec58c4cf06be03ba4718b994,3ba092709645951ce8c3607ab0ba6505,delivered,2017-11-24 09:15:36,2017-11-25 03:51:44,2017-11-28 16:41:31,2017-12-05 21:58:50,2017-12-14 00:00:00
a9d8070e7b21efa5414c183c918eb4d3,3fd0f231e635f3713917e645fd8e06ce,delivered,2018-01-08 23:22:26,2018-01-10 10:32:43,2018-01-23 11:28:49,2018-01-26 19:13:05,2018-02-08 00:00:00
b5e50b7fddcc5f12ecb97b4d5f455f61,b98ebbd8ea221e3debc0436d74d31e6d,delivered,2017-07-31 16:50:59,2017-07-31 17:05:12,2017-08-01 18:37:32,2017-08-10 17:48:59,2017-08-23 00:00:00
92884edd98a00a25b34deb79365a7c12,7081962004875abb5b6710a4042b9ef7,delivered,2017-11-09 13:49:25,2017-11-09 13:55:35,2017-11-14 15:24:38,2017-11-20 12:56:38,2017-11-30 00:00:00
e0764e8271f94cb825f0a47e559c34c1,57d884a578f195e27822a2848d78c41a,delivered,2017-08-27 16:35:53,2017-08-27 16:50:07,2017-08-29 20:38:46,2017-09-05 15:18:33,2017-09-19 00:00:00
2d834ec410b63544e1d9bc1461ecf175,f212aed6927c04fe3d890ef49b288997,delivered,2018-01-30 14:18:23,2018-02-04 23:31:46,2018-01-31 19:34:03,2018-02-17 12:16:57,2018-03-02 00:00:00
cdd73574196041c23e5d79e121180830,f4088a81cdec0dfe42722a468febb0bf,delivered,2018-01-19 00:00:56,2018-01-19 00:11:42,2018-01-19 22:29:13,2018-01-26 22:48:30,2018-02-20 00:00:00
2df952b27ecdf708ef92658a4adf881b,deffd3aca3c7bd8f03f3777d0239f903,delivered,2018-08-14 20:17:10,2018-08-14 20:25:26,2018-08-15 14:21:00,2018-08-16 23:38:27,2018-08-20 00:00:00
a7d6661622ba254f0be9fa2c51d97253,f03d501fcffc9f7e97ab7c8f07c6fd89,delivered,2018-02-01 08:37:27,2018-02-01 08:51:27,2018-02-01 23:22:39,2018-02-03 13:53:00,2018-02-19 00:00:00
d6b18764545dfde7b5ee30af60e6fc0c,9a3f59cfc1631867943d54d285ab56a3,delivered,2017-07-12 23:00:29,2017-07-14 02:30:23,2017-07-17 20:27:05,2017-07-24 18:28:01,2017-08-16 00:00:00
9ad10c69757273af721bfa883c1d1c81,885e3244e80c203942ec9413d3710388,delivered,2018-08-19 21:59:54,2018-08-20 13:31:40,2018-08-21 14:39:00,2018-08-23 20:08:33,2018-08-27 00:00:00
bbd8dc7205531e8a4cdaca3a70d1c0bb,5d0e84f6254b4249f9c17ca2642dd09a,delivered,2018-04-17 09:04:34,2018-04-17 09:31:22,2018-04-18 22:56:35,2018-05-01 03:12:36,2018-05-08 00:00:00
27f453b6858eb4711c97e65001f7c4aa,8b80508ca8fde5f321c72311ff936bb1,invoiced,2017-08-28 10:26:52,2017-08-28 10:44:49,,,2017-09-19 00:00:00
b8e74d6ba55f8bb7f2da41273cd42fe5,5cf4d5881fdfbc98e93eb6087d217528,delivered,2018-06-28 09:20:09,2018-06-28 09:31:30,2018-06-28 11:18:00,2018-07-04 11:34:44,2018-07-19 00:00:00
aa834e164d26bde6b0890bb9e70fbf9d,0d3e3695407baeee3c2f78543b1def5a,delivered,2018-08-01 19:07:44,2018-08-01 19:23:54,2018-08-02 13:38:00,2018-08-08 00:49:53,2018-08-22 00:00:00
8fc45fcea7ef26a592a2f96dc5fd9b05,78449129b97eb41e46418a648050d958,delivered,2018-08-07 11:06:43,2018-08-07 11:15:23,2018-08-13 14:41:00,2018-08-16 17:48:42,2018-08-15 00:00:00
beaa70f158221aa1ca0d8a5545b97569,e07454c15288f90421e2fc0075940bb7,delivered,2018-01-30 22:22:28,2018-01-30 22:34:27,2018-01-31 23:51:20,2018-02-22 20:33:27,2018-03-09 00:00:00
7d0a7957897551b77224fc297e8f6046,b8936eebb611c6af9b609ed39594c33a,delivered,2017-03-01 00:01:30,2017-03-01 00:50:26,2017-03-01 13:10:42,2017-04-17 09:25:16,2017-04-03 00:00:00
c40e13850994649006f28cc890cc4c64,5b06b28c398ba7340ae864aa8e9a3c00,delivered,2018-08-18 14:50:45,2018-08-18 15:09:58,2018-08-20 09:36:00,2018-08-24 23:22:33,2018-09-17 00:00:00
acc6bd8c0916bf4bc44f3a77910eab56,6074438d127875b560ef2a659c6fa741,delivered,2017-05-21 20:52:18,2017-05-23 04:03:02,2017-05-23 14:28:44,2017-05-24 08:04:58,2017-06-05 00:00:00
2f609f51e21add184869268ce7e16048,97923f8039a8e507b87d33d7f77f2f55,delivered,2018-03-07 19:01:38,2018-03-08 13:50:28,2018-03-09 18:58:46,2018-03-15 18:26:28,2018-03-19 00:00:00
cb8db0e01a5a66dedda64100960904f3,7b9cd81f72142c9bb51ad110f4fb3b08,delivered,2018-01-19 20:45:48,2018-01-19 20:57:56,2018-01-24 00:14:43,2018-02-05 17:36:44,2018-02-23 00:00:00
b08f48a15acd7ea5c565ec963d3d1b73,bea028dd673f09d19c823b4b6a68a171,delivered,2017-05-18 17:53:34,2017-05-18 18:05:14,2017-05-19 15:34:26,2017-05-24 12:05:02,2017-06-19 00:00:00
748959bbfc92b5990235c6b93d114475,8be6f49db3d785d76b3cdd1dd72dda37,delivered,2017-05-19 09:11:12,2017-05-19 09:25:16,2017-05-19 15:17:22,2017-05-26 08:59:43,2017-06-16 00:00:00
e91d8c4d1f56976dc462a52654b3b40d,2bfd98535589d25f433140134e2b8e15,delivered,2017-12-04 10:23:22,2017-12-05 11:23:51,2017-12-06 19:15:44,2017-12-16 00:03:42,2017-12-28 00:00:00
11ac39053e8c6e289d39a845c1a9c3b0,31f74614d63dae6a838d639204a889dc,delivered,2017-08-21 20:40:53,2017-08-21 20:55:22,2017-08-23 18:22:33,2017-09-06 22:39:43,2017-09-21 00:00:00
3d4b51e124185cb134ebc4fad365dc85,dd3a838b2d5933d07fb4b843c70206e6,delivered,2018-06-16 00:29:33,2018-06-16 00:59:42,2018-06-22 14:48:00,2018-06-25 22:03:31,2018-07-04 00:00:00
2386b5c23a2a5a08397fa987f56b8fde,96c229cbb643f30d2ae506bf19d627f3,delivered,2018-08-07 23:50:47,2018-08-08 00:55:22,2018-08-10 15:00:00,2018-08-21 21:41:37,2018-08-13 00:00:00
1d40fe7772d2fff849bc7a3a75c638c3,cef3af3b48fbdf4bfdf4f431fa1cb890,delivered,2017-04-02 00:07:02,2017-04-02 01:04:35,2017-04-03 12:04:43,2017-04-06 08:14:12,2017-04-24 00:00:00
8a93f4f9e595aba3253cd1896fc4dc36,788026d4f19935bd583197a8e62211ec,delivered,2017-11-24 21:19:48,2017-11-24 23:59:45,2017-11-27 18:39:03,2017-12-04 20:33:35,2017-12-15 00:00:00
72b9d86fe4e984d9879013b9ecbb25db,8b122c119e36ca9dd381d2bfc02112ea,delivered,2018-04-11 22:29:32,2018-04-13 12:35:27,2018-04-13 21:26:48,2018-04-23 18:41:58,2018-05-23 00:00:00
0e8ff627f13a661a3886dc96e386f84e,d11f59faed0f745f357e502c28bacfaa,delivered,2018-05-17 14:33:47,2018-05-18 01:17:31,2018-05-18 08:29:00,2018-05-22 00:22:05,2018-05-25 00:00:00
cdc0adbdd9628dea5d7fb2032fd66c69,91f4ef78634a635fcf720e4308814c97,delivered,2018-08-24 14:24:45,2018-08-24 14:35:16,2018-08-27 20:12:00,2018-08-29 12:15:48,2018-08-29 00:00:00
7f2730743127811a3d561cf49acb6461,c4590ed04c0f2469e36745aca236a7b7,delivered,2017-06-18 19:51:22,2017-06-18 20:05:19,2017-06-19 20:14:51,2017-07-13 17:22:09,2017-07-17 00:00:00
e81fbdf6c9bbdc3b6a9cd243b617e576,722af1f4b57a5d7df147069ad64c8361,delivered,2017-11-20 22:48:11,2017-11-20 22:56:23,2017-11-22 13:22:35,2017-12-18 22:10:09,2017-12-14 00:00:00
4ff3fc0a3d6e628acc27a25e1b6ed687,2d85651fc351f4e5043b7e28123f2f52,delivered,2018-03-04 17:32:32,2018-03-06 04:20:23,2018-03-06 19:27:37,2018-04-06 22:28:29,2018-04-02 00:00:00
058ff573aef21e528adcab8b8717c43a,70856b1e2541638130dd5073344401a1,delivered,2017-09-18 15:30:12,2017-09-18 15:45:28,2017-09-19 17:54:18,2017-10-05 19:44:53,2017-11-07 00:00:00
d47fb5aec546dd9f12ed5495f96bc350,9d89e026dc5b2c75f900835652994a75,delivered,2018-05-04 16:45:37,2018-05-04 17:10:07,2018-05-07 12:43:00,2018-05-08 16:12:37,2018-05-17 00:00:00
b2e66035b66649e5b359d5b33ba09c21,9ea4c5abbde4a7a943a9fb80a85176c3,delivered,2018-06-01 10:51:59,2018-06-01 11:12:16,2018-06-04 09:41:00,2018-06-12 16:57:43,2018-07-05 00:00:00
c35a37d0a33beb367aad6fc4dc2178ec,63fac92d0340bec037625d9bd920451e,delivered,2017-10-29 19:31:39,2017-10-29 19:45:27,2017-10-30 19:58:40,2017-11-10 22:42:52,2017-11-23 00:00:00
77b08f3ea310719320856c7ff77da30a,3f98dccf3c93776ab7d2d56dde61dba4,delivered,2018-03-10 22:45:43,2018-03-10 23:20:21,2018-03-13 23:29:44,2018-05-08 15:16:46,2018-04-02 00:00:00
c05dde0f88afdb953c533a239f6b29f4,fff4f0c85a4d710abe06599e1ed08a42,delivered,2017-03-25 11:32:18,2017-03-25 11:45:12,2017-03-28 17:04:51,2017-03-31 14:50:23,2017-04-24 00:00:00
d3085edb0a0b0d550bd72f712de90c09,1ebe4440e27e63e562784cd1b8a85a37,delivered,2018-05-24 11:00:54,2018-05-24 14:56:51,2018-05-25 12:44:00,2018-06-04 15:48:26,2018-06-19 00:00:00
e759d96cc6fa319a134b392a787b2b64,60f13948a6327dd759310e8e86460513,delivered,2018-03-23 19:57:14,2018-03-23 20:07:52,2018-03-27 16:46:39,2018-04-02 18:39:56,2018-05-02 00:00:00
c46172d2acb91b47e43297edd9d8b3ed,0a6851c4607181b4a4a770cbe556b822,delivered,2018-01-20 22:09:34,2018-01-20 22:41:05,2018-01-23 00:23:41,2018-01-26 00:14:40,2018-02-09 00:00:00
b15e9d1741046124ba4bf5c7dd4e5a8a,372864e90194a3ea999f6cda5d954956,delivered,2017-08-09 13:14:11,2017-08-09 13:30:18,2017-08-11 15:52:28,2017-08-22 15:06:12,2017-08-31 00:00:00
8821b5f30c514ea0cb2929f61e895be7,b93789e27aa5f66e5eff47135e12c1c7,delivered,2018-03-15 13:09:53,2018-03-15 13:30:04,2018-03-16 19:31:24,2018-03-20 18:22:44,2018-03-27 00:00:00
3bc85ea22011e6a4c0677bd7a985f76b,b85393591751bdee268b50a7b5fe870d,delivered,2017-08-22 19:21:24,2017-08-22 19:35:18,2017-08-23 16:57:48,2017-08-29 17:08:05,2017-09-18 00:00:00
7efd51cec62c158d2138c9cd808181e2,8c22e22304102c48be41a81e16adc2eb,delivered,2018-04-12 22:49:04,2018-04-13 19:09:57,2018-04-16 19:19:43,2018-05-03 21:17:51,2018-05-08 00:00:00
84df70f03a2be7d8a483d02c5b596fbc,ea11bf0c8fca4333b3f7faf02b228c3e,delivered,2017-05-16 15:09:18,2017-05-17 04:05:21,2017-05-18 09:50:38,2017-05-26 14:54:48,2017-06-13 00:00:00
2718df8b2c0fc264750dd28232e31eff,4dd293881d50a64764529a4987399486,delivered,2017-12-28 18:05:30,2017-12-29 02:09:32,2018-01-03 16:19:06,2018-01-08 16:08:24,2018-01-23 00:00:00
732845be4a6dc4764fbec54f2db497b4,5f9522b3684d553a20aa4708ed505417,delivered,2017-05-31 16:01:24,2017-05-31 16:10:17,2017-06-01 07:45:46,2017-06-13 14:46:01,2017-06-26 00:00:00
30d83b2cef8511e3a93b265bbaf25ae8,870d98ac4ec1f123a4206746c1bc0822,delivered,2018-08-16 17:34:23,2018-08-16 17:49:21,2018-08-17 12:00:00,2018-08-24 21:22:10,2018-09-04 00:00:00
73573871323db760fe4f1b0c508ecff0,bb386c09a8ec251d7ccbb232612be0e9,delivered,2018-05-17 16:52:37,2018-05-18 01:17:27,2018-05-18 14:13:00,2018-06-01 11:32:31,2018-05-28 00:00:00
b001d1893d61b0d3b035e0a05253eb43,70b7d019188b26e75c6e007c53987f5e,delivered,2018-03-12 19:08:48,2018-03-12 20:08:33,2018-03-14 22:42:37,2018-04-11 22:32:26,2018-04-17 00:00:00
c7004c253f4946f4e76829e46b303eab,ff337d1abc22aaa5f1712f7d208bbcff,delivered,2017-04-04 11:46:33,2017-04-05 11:50:16,2017-04-06 15:41:22,2017-04-11 08:52:28,2017-04-27 00:00:00
cb919725d3998b81e43f4c721f00b716,e9b64f87b2d7de5db20e56ce298eb3b7,delivered,2017-12-05 14:25:45,2017-12-07 15:32:03,2017-12-08 16:38:55,2017-12-13 20:54:43,2017-12-29 00:00:00
8ac93a8ac692eb2429203b73b7adf7bb,0481139ed7fe534a38ed6e694cf5897f,delivered,2017-12-05 20:25:59,2017-12-06 07:13:55,2017-12-11 14:17:05,2017-12-17 13:57:07,2017-12-28 00:00:00
e2d992dfb23aa5b768db449b84b8200b,ad5b13bf0d52d34619b22b66ef348361,delivered,2018-04-17 16:50:32,2018-04-17 17:10:34,2018-04-19 12:21:26,2018-04-23 18:38:45,2018-05-08 00:00:00
9d6dce9148e0eb3c4c1700f477b113b6,fbcb9f670817ba999c65cbf3fc9e0050,delivered,2017-10-19 13:59:02,2017-10-20 02:49:27,2017-10-20 17:48:53,2017-11-09 21:12:08,2017-11-21 00:00:00
7ffe1e4299b921d6cc634a5fe05c03f6,adc120dd742716cec2263b7ab309484d,delivered,2017-05-19 01:46:45,2017-05-20 04:10:19,2017-05-22 08:37:38,2017-05-23 07:26:55,2017-06-01 00:00:00
c1455c8a20a788e3c2d4093001d92c05,c0b26a6527a4d597ef2e53f706d83439,delivered,2017-12-19 18:49:10,2017-12-19 19:54:42,2017-12-21 17:37:08,2017-12-29 17:13:43,2018-01-17 00:00:00
c5af6636b619b643a3d6e954e3a5b5de,82ed43c22a65281176fbe534931ecca2,delivered,2018-04-05 16:47:19,2018-04-05 17:09:50,2018-04-07 01:19:13,2018-04-16 16:57:31,2018-04-23 00:00:00
ba57c0b9e68de2a41c388368fcf0dbb7,eb6d12e42f89a27802e2bd9d1824cf91,delivered,2018-02-22 19:14:40,2018-02-22 19:30:39,2018-02-28 21:45:02,2018-03-16 20:08:26,2018-03-22 00:00:00
9f9d2b35ac2defefacb5c123b82b2223,acb3477acf26f7afd9714d9470c23552,delivered,2018-04-04 19:59:17,2018-04-04 20:10:19,2018-04-06 02:42:36,2018-04-07 01:51:24,2018-04-17 00:00:00
356108ac93685d12f65fe827e25bb138,070ae6a687b800200c1f7dd6a2671c75,delivered,2017-12-13 17:12:42,2017-12-14 02:12:13,2017-12-15 18:04:28,2017-12-26 16:33:13,2018-01-16 00:00:00
4572c6711d139ed84a03b14ca9a6c76b,b1ce93bb7fef49deb9c3ba4ad28ba1a7,delivered,2018-06-15 18:51:12,2018-06-19 03:56:56,2018-06-19 11:24:00,2018-06-20 23:56:51,2018-07-03 00:00:00
e8f84840b3e83e5d117325aad1ba4d50,dd8a1f106e2a416211230862df1224a2,delivered,2018-01-03 10:06:45,2018-01-03 10:18:38,2018-01-09 16:32:31,2018-01-10 12:22:04,2018-01-19 00:00:00
df13face66b9408cd07ec0e5d9400668,602efc16c408ac2019ad392a5e738f35,delivered,2018-06-18 20:23:34,2018-06-20 02:55:04,2018-06-21 11:46:00,2018-07-23 19:02:59,2018-07-20 00:00:00
3208081336d844f7752b1e939dd1bbac,b288fbdf739c5aaaa7bb5ebe0ed315e1,delivered,2018-02-28 23:48:09,2018-03-01 00:08:30,2018-03-02 22:47:00,2018-03-06 22:28:59,2018-03-13 00:00:00
32df9ad50634e74d5454b4493d587790,420faf91b61e0c56a0688c976aa951c2,delivered,2018-02-20 23:12:20,2018-02-22 02:31:11,2018-02-22 19:45:21,2018-02-28 12:53:51,2018-03-14 00:00:00
7cd974a86e085cb5b455b7cffb6f4d46,5e4422ad2e2fe371c8d5d7ffb1ace380,delivered,2018-02-20 13:46:13,2018-02-22 02:30:52,2018-02-22 21:04:29,2018-03-09 21:24:51,2018-03-21 00:00:00
c6da58c3b564bd7fe69eeef7c5e89593,716d7f4ffd6d0128aba8825570b2a656,delivered,2017-05-29 21:46:54,2017-05-29 21:55:23,2017-05-30 11:53:48,2017-06-08 13:57:46,2017-06-09 00:00:00
ce4ad5f005be92dc5c6931f9929f9f70,ec0c29c31c2d4c96e90285ec4f87f86c,delivered,2018-04-21 19:15:08,2018-04-24 18:23:27,2018-04-23 14:36:35,2018-04-26 23:36:40,2018-05-21 00:00:00
d75d54558f0639e487afa816d8c23927,b97e0c31fc40604d54a7bb2248d9e1b6,delivered,2017-04-11 22:04:15,2017-04-11 22:15:09,2017-04-12 14:13:23,2017-04-19 12:49:08,2017-05-15 00:00:00
16f77b7311d2685235f9c8936da1480f,96d0b462e6455c019d2b68764af1a611,delivered,2018-02-20 18:35:25,2018-02-20 18:50:24,2018-02-21 19:26:41,2018-03-05 21:43:52,2018-03-12 00:00:00
3b73b197eb4c6d3e501a291eb024fa1c,f38d2e23b648a4851a2ce9364a96d3ce,delivered,2017-04-24 19:14:56,2017-04-24 19:25:16,2017-05-15 17:18:03,2017-05-20 08:41:22,2017-05-23 00:00:00
da3146b1cf55ef0687b99018f4df821d,b0c44ccb9fdb79c54e8eff3217f23202,delivered,2018-01-19 13:23:28,2018-01-19 13:36:01,2018-01-19 21:22:31,2018-01-22 17:16:36,2018-02-05 00:00:00
54c7a05b85b8bfb331d77346f1241e49,9c6b64bc4edac97d9148a1261cb1b68e,delivered,2017-10-22 22:02:00,2017-10-22 22:14:25,2017-10-24 18:58:50,2017-10-26 17:18:46,2017-11-09 00:00:00
a2226e6f6547ec94fb52d33362d58458,603f7c0d9ae8951348f59a7f8195e29c,delivered,2018-07-11 18:44:07,2018-07-12 11:55:16,2018-07-24 13:21:00,2018-07-27 13:58:26,2018-08-07 00:00:00
665529c259350d60618eca48496ea75d,425d4b843ec1a263e76875e53ce409b3,delivered,2017-12-09 17:09:23,2017-12-09 17:30:28,2017-12-11 22:38:27,2017-12-21 19:48:49,2018-01-10 00:00:00
33550c45cf1fd94c9f755293fb9591c0,c73286ecf213e8bd89fce93c28d24f1f,delivered,2017-12-01 12:08:24,2017-12-05 04:18:38,2017-12-05 21:45:45,2017-12-06 20:18:59,2017-12-19 00:00:00
ad26e4a8efe8e2efdaf6964ea7932b62,658bea1670fb409f09d6f5b2133f4752,delivered,2018-03-26 11:39:40,2018-03-27 03:51:15,2018-03-27 21:26:36,2018-04-07 01:28:25,2018-04-13 00:00:00
3da299eb23ef6b151ba540fce7118629,db2c70ae382fa9579fcd3982c9bf9bf2,delivered,2018-02-24 21:21:49,2018-02-24 21:30:29,2018-03-05 20:16:49,2018-03-24 14:03:49,2018-04-11 00:00:00
0e631eca89e976f885d1ef7f7a4a4698,f6d20984abb578ea47f9f68ddb947966,delivered,2017-08-06 21:38:03,2017-08-06 21:50:16,2017-08-07 17:17:30,2017-08-16 19:41:49,2017-08-29 00:00:00
40153acbaa4888eff1e5e778798f30c4,953017cf1d2407656c709e62f0de7d8a,delivered,2017-09-29 17:00:09,2017-09-29 18:07:28,2017-10-02 14:47:01,2017-10-10 20:47:39,2017-10-23 00:00:00
8cf18ab59e81ce7230e9bdb5a49d4c72,f7d31256e469e23436ff58bd91018dc5,delivered,2017-08-15 22:56:06,2017-08-17 00:31:26,2017-08-18 13:28:55,2017-09-04 19:18:12,2017-09-12 00:00:00
aa9ad84c2fa033010c9cadc5ff22d939,5532f6945389ffa4b2ffabee3075b9b9,delivered,2018-08-13 23:06:23,2018-08-13 23:24:04,2018-08-14 14:43:00,2018-08-15 20:46:43,2018-08-22 00:00:00
dc43adc8cf44306503fd3db002d5db5f,9608550726f0135e52d3d72c08783afa,delivered,2017-05-19 14:45:14,2017-05-20 11:05:30,2017-05-25 09:21:37,2017-05-30 02:12:25,2017-06-08 00:00:00
bfc9f97fc7ddacf8a3c33c4b2bd15a93,9b81324d4d7308a459ae94e43ff27692,delivered,2018-08-07 16:33:58,2018-08-07 16:45:19,2018-08-08 13:53:00,2018-08-14 16:29:02,2018-08-17 00:00:00
32733fc014b67ef70fa6039dd8c6ba82,ad66699beab381d0747605f108cc02b4,delivered,2017-08-30 21:12:28,2017-08-31 02:50:24,2017-09-12 20:16:46,2017-09-25 17:53:23,2017-09-22 00:00:00
d16883834f84a462d3863b5213fc2bc8,04c3d77667ac0f0a7047e8d222b7c803,delivered,2017-09-30 10:20:40,2017-10-03 04:05:02,2017-10-03 18:57:15,2017-10-09 20:04:06,2017-10-27 00:00:00
d80799e45b1938827bfd57d8ee9b3c50,4ff608f0d5d0c0c8772eecf178ba2c7f,delivered,2018-04-23 10:53:44,2018-04-24 18:37:33,2018-04-23 20:33:32,2018-05-11 14:54:56,2018-05-24 00:00:00
bd692242647dcc885acaafe72c34eae0,9745c5eb8387daa3b322f9e8815c0d09,delivered,2018-01-04 06:53:37,2018-01-06 02:27:51,2018-01-06 15:45:40,2018-01-27 13:38:56,2018-02-05 00:00:00
1d87599144fe1573be8611bf9f5d5de9,03b400e08714b00279dfdc1356f6f03f,delivered,2018-04-23 21:49:49,2018-04-24 18:37:41,2018-04-24 23:21:56,2018-04-25 23:48:48,2018-05-08 00:00:00
d181dfce5d8355bc51c2370c6910d4bc,de1c64a7f4179d4216ee09d181aa2e6a,delivered,2017-07-06 17:25:17,2017-07-07 17:30:19,2017-07-14 19:46:16,2017-07-19 17:49:02,2017-08-15 00:00:00
32e76b791f3833aebe9064d2c09dc1c5,02b9bbbd5bec26b61cfd9bd3944c2ffb,delivered,2017-11-24 15:16:05,2017-11-25 04:56:24,2017-12-15 18:29:49,2017-12-26 16:38:57,2017-12-18 00:00:00
e0100dc88768c6ca8b1b419fde8a50fb,7c62c3b955e3225ca51cd0242bdd9b0e,delivered,2017-11-11 16:54:00,2017-11-11 17:10:33,2017-11-16 14:36:50,2017-12-11 19:15:51,2017-12-01 00:00:00
d9d7e5dfa3a521b26058665230c530a2,5850a1aca7d07248dad1103ad272341d,delivered,2018-05-03 22:08:30,2018-05-03 22:30:34,2018-05-09 15:48:00,2018-05-23 16:48:18,2018-06-13 00:00:00
08d1ac9ae1dcec96c3422ade2005fe94,9eaca8a90e67b6779a2dce5d3b4c434d,delivered,2017-09-06 09:44:50,2017-09-06 10:04:33,2017-09-13 13:15:04,2017-09-19 21:43:40,2017-09-27 00:00:00
721e8bafa01037b2af767f8de9617d97,ee31ded212eed1912b5141ced4ff9271,delivered,2017-02-03 21:54:21,2017-02-04 22:05:16,2017-02-07 09:39:07,2017-02-09 08:25:43,2017-03-02 00:00:00
24536ae68dcaea969641d76fc4cc5e4a,6db251bad58edca6d53d44638936741a,delivered,2018-06-19 16:21:17,2018-06-21 04:36:17,2018-06-21 13:15:00,2018-06-25 15:29:02,2018-06-29 00:00:00
9ab1853460522b70139bf63d6715f4c2,1bfc1883b1748812bf2b9ee4cde78deb,delivered,2018-07-25 03:20:33,2018-07-26 03:10:21,2018-07-30 12:15:00,2018-08-03 17:36:58,2018-08-16 00:00:00
c63d42eaa9f87b513dcf03cce7097bea,11c2b07099015f6a90a1793c9863edec,delivered,2018-06-13 08:31:10,2018-06-13 15:37:23,2018-06-14 14:20:00,2018-06-18 22:43:48,2018-07-03 00:00:00
e178f680314bdb3095e96da3e417ee27,ffb92ebafe7c270f1b4f8805f9e77447,delivered,2018-01-09 14:36:22,2018-01-09 15:10:08,2018-01-25 16:14:47,2018-02-09 17:02:56,2018-02-20 00:00:00
6574e472aab8b68f76831790f2212403,3c132e075a4ec4a7899ddf71c4187700,delivered,2018-05-03 10:19:23,2018-05-03 10:57:01,2018-05-03 14:22:00,2018-05-09 22:56:31,2018-05-24 00:00:00
ac56367131672fa50d4af1148bdb1f19,9d738b553036239b0eb45ec8d4421d70,delivered,2017-07-11 17:32:43,2017-07-11 17:45:09,2017-07-12 19:53:32,2017-07-26 20:54:08,2017-08-02 00:00:00
6c44f75ed9c6c59ab4d2e30076330768,684cbb6356e27fe0120dc00c7a04a210,delivered,2018-03-05 18:12:15,2018-03-05 18:31:22,2018-03-08 01:48:27,2018-03-09 19:35:41,2018-03-19 00:00:00
ccdac87dc9e04a0d438e99ba5f207c3b,e57e8bbdaba99bfbf694f9287746bb52,delivered,2017-06-06 09:36:15,2017-06-07 02:35:19,2017-06-07 17:22:53,2017-06-13 14:07:36,2017-06-30 00:00:00
c6efa28cb2f5d8167ce942fc7f5e6a4d,08cc91b88d0bb7f6de3352195fa86775,delivered,2018-04-26 09:52:53,2018-04-27 03:51:10,2018-04-27 15:06:00,2018-05-04 18:25:49,2018-05-30 00:00:00
992f50775eaa601afc5dd66faedd9703,367761aa6230c205368dda6029b34820,delivered,2017-11-18 12:08:37,2017-11-18 12:26:22,2017-11-21 10:42:32,2017-12-05 21:20:01,2017-12-14 00:00:00
05302619b1bff6733f64a97851af68cd,e3f62212035039c920a8409127b09a41,delivered,2018-01-21 14:04:33,2018-01-23 03:36:53,2018-01-24 23:12:41,2018-02-07 21:27:04,2018-02-14 00:00:00
5e05fc44a33348e1cb63924603162dc4,ff31b2fe23c1b36177c721cb33689903,delivered,2017-06-16 18:35:14,2017-06-16 18:50:14,2017-06-22 16:31:14,2017-07-06 17:41:49,2017-07-20 00:00:00
64dd54dc9a6a5103707698f5943c3ab9,35a8a7cebe2160d0beece67004901f88,delivered,2018-01-22 11:37:45,2018-01-22 14:25:32,2018-01-24 21:28:51,2018-01-25 18:52:42,2018-02-16 00:00:00
1753e585ae25cd90fd3e8adfeaff0feb,e66b97f27c737e80c69d24094d6038ee,delivered,2017-05-19 17:27:49,2017-05-19 17:35:20,2017-05-22 11:41:30,2017-06-03 07:59:35,2017-06-20 00:00:00
474e0b51c3e67e7861cf33ce9aff3f92,2419117f0b2e8167c17c71d9a9ea444d,delivered,2017-11-18 16:15:56,2017-11-18 20:06:47,2017-11-27 19:21:39,2017-12-07 15:28:45,2017-12-14 00:00:00
70651ffdcac01fcb5e75f222120d627f,5d8a568f568fe7309898ecafae5e7211,delivered,2018-01-04 09:51:50,2018-01-06 02:08:40,2018-01-09 14:38:23,2018-01-26 20:15:04,2018-02-16 00:00:00
58297f23eadfb90b3aab1977f2ac8207,7ac498b03559cc1715172e77d7041bd7,delivered,2017-12-14 23:17:36,2017-12-14 23:32:52,2017-12-20 17:57:19,2018-01-08 16:48:37,2018-01-16 00:00:00
f271cf9a7c9265ad2b7f53c6a8d5708b,229785783f4f6ea624c2df4952a32f45,delivered,2018-02-12 21:25:28,2018-02-12 22:40:31,2018-02-15 20:08:52,2018-02-22 00:02:33,2018-03-12 00:00:00
5570ac493a57e5dc00296c8de3813672,fe5ac7efe8874eecd790e7aae157c913,delivered,2017-06-21 12:57:02,2017-06-21 13:10:16,2017-06-28 08:47:28,2017-06-29 15:47:35,2017-07-11 00:00:00
090c0cc3d47ff02fedac32aa0a7cab97,bc411cc8e20ef5a0874525646fda2a8c,delivered,2017-11-22 09:17:04,2017-11-24 03:12:48,2017-11-24 21:38:43,2017-12-07 16:28:06,2017-12-15 00:00:00
85efd92a75055023d5fc1b29e749559d,a611e03184c9393192290940654302d4,delivered,2018-06-13 22:06:01,2018-06-13 22:19:26,2018-06-14 12:48:00,2018-06-15 20:49:27,2018-07-03 00:00:00
e4d1d4db8773f78303824f42f130c88f,e2aa60cca12f694c550a5f58ae651a9b,delivered,2017-11-13 10:11:21,2017-11-13 10:26:53,2017-11-14 16:58:40,2017-11-16 19:32:36,2017-11-27 00:00:00
f9df206bb22d417017b52ddef1c2795e,f2b28382d5bede3054c6874d41a2f11c,delivered,2018-04-19 18:23:18,2018-04-19 18:35:23,2018-04-24 21:36:56,2018-04-30 10:16:25,2018-05-22 00:00:00
233962c509ebbdb05dacfbe831d15d5b,d228372e688f6c326c828e9ff761dc37,delivered,2017-10-11 20:38:13,2017-10-11 20:49:19,2017-10-18 17:51:42,2017-10-23 17:56:12,2017-10-31 00:00:00
4467dd578066b5d41c3c401cb0b3f628,56f735ffc907f93942f622dfa0010ac4,delivered,2017-07-11 16:18:33,2017-07-11 17:24:11,2017-07-17 19:47:33,2017-07-26 17:41:40,2017-08-02 00:00:00
7af8ed2339bcf2d146c8ac50309f9555,71e82ef87e7d0d606679680e357d0360,delivered,2017-11-29 20:28:39,2017-11-29 20:38:26,2017-12-04 21:04:29,2017-12-08 21:41:33,2017-12-29 00:00:00
d1b5736f3609456b185e815112a7e096,f6915a8852432ca16966a014a913bffe,delivered,2018-02-13 20:51:03,2018-02-13 21:27:26,2018-02-20 17:40:15,2018-03-14 20:03:28,2018-03-16 00:00:00
4faebdf74e934f7b66d8da301d77d774,2692be767927fbcf8145f370004a9d7a,delivered,2018-07-17 14:53:56,2018-07-17 15:05:11,2018-07-21 09:04:00,2018-07-30 11:36:38,2018-08-07 00:00:00
ee088b3b71973f18c74eb187567d42aa,ffb5b1f6d82177d1d0fa25c9fed63a5e,delivered,2017-08-22 20:19:34,2017-08-22 20:35:20,2017-08-24 18:19:01,2017-08-28 18:39:41,2017-09-14 00:00:00
2aa34343b80af35eb485d6511edf7a1d,190a654dff9117bfb0b69bbe3f5d581b,delivered,2018-07-07 08:45:00,2018-07-07 10:15:25,2018-07-10 15:16:00,2018-07-20 17:51:33,2018-07-31 00:00:00
0553f54e437f2d7fddccf81ae9a646c6,9959467a8562a7937386de4cdc07ae13,delivered,2018-05-06 14:48:08,2018-05-08 03:52:03,2018-05-10 14:34:00,2018-05-15 21:52:52,2018-06-12 00:00:00
e5fe7a555c0caeb39e8531156f743eb1,d43113b7d373bb010c970679603b683a,delivered,2018-02-14 20:05:48,2018-02-14 20:27:10,2018-02-15 20:48:59,2018-02-23 21:34:00,2018-03-15 00:00:00
dd71d407875ef4dd2c29c8eabd2bc56e,9ec775f536e082ba1878c67534556073,delivered,2018-04-22 12:19:34,2018-04-24 17:41:57,2018-04-23 18:30:52,2018-04-24 19:03:05,2018-05-08 00:00:00
197b967f01bda6ab29436b91844e5e90,54c1128e63b28664c615c1b7f33636bc,delivered,2018-03-26 19:55:47,2018-03-27 19:50:21,2018-04-09 23:23:25,2018-04-22 14:58:33,2018-04-13 00:00:00
1cdf7f2bd959ee4f6bd5b829ec17fd6c,0e48cc6ff4697cd603cd84a57d3732d4,delivered,2017-12-03 16:28:39,2017-12-03 16:39:23,2017-12-06 15:36:49,2017-12-15 21:08:15,2017-12-20 00:00:00
474b04026899cacfa5e37c1bd0f888a4,0a73eee582826e3f9ff1c5e557716c0b,delivered,2018-08-16 07:50:03,2018-08-16 08:10:13,2018-08-16 13:39:00,2018-08-18 10:38:52,2018-08-23 00:00:00
a7c0828101dce1d4c5ae13f5c1bd2d9e,13f30abef33f943d65cd7107be8d17a2,delivered,2018-01-22 13:48:16,2018-01-22 14:32:43,2018-01-26 13:47:07,2018-01-29 16:09:16,2018-02-06 00:00:00
30bed8eaec2c3cb8f77fb3da3b9a8e45,06adb04df95e48dcd32284ef83e07c77,delivered,2018-06-26 13:49:40,2018-06-26 14:17:15,2018-06-29 14:16:00,2018-07-02 19:19:30,2018-07-11 00:00:00
b23aeca07ccf41934cc0bbdd0f2cc662,cd1b7c9f907786a0e30539b3d08b84be,delivered,2018-05-17 16:56:38,2018-05-18 01:17:30,2018-05-19 09:05:00,2018-06-03 13:17:53,2018-06-13 00:00:00
a9bcf1a7fe9234ce388f78f3902dfcae,6a96055b35d60d2c4862552eaaa7dbb9,delivered,2018-08-14 09:52:51,2018-08-14 10:24:19,2018-08-14 13:00:00,2018-08-16 15:08:47,2018-08-17 00:00:00
306ea671aa064b580d06e291967f18ef,0bf12a8fb9260f4cb9fd1f79618fc2ff,delivered,2017-09-24 23:32:44,2017-09-24 23:45:11,2017-09-25 14:32:29,2017-09-29 18:23:41,2017-10-17 00:00:00
bb2dafe8efdfb614d72a3c5932c1d49f,99ad9936323a640f13e06db633f3012a,delivered,2017-09-13 00:32:41,2017-09-13 00:50:48,2017-09-14 21:47:39,2017-09-26 18:45:50,2017-10-10 00:00:00
a2ff580cc6ca2ad0f0f7074b9f307cd0,d9bff84fd46a806db41c6f5f7b796064,delivered,2017-08-30 20:29:49,2017-09-01 04:35:15,2017-09-01 19:36:32,2017-09-19 15:23:03,2017-09-27 00:00:00
0ed85071f4330f23eb0a71d4c26ded6a,644dbfbd91a2bcd850d57349afb60974,delivered,2018-06-13 07:25:51,2018-06-13 07:53:27,2018-06-14 07:03:00,2018-06-15 18:06:43,2018-06-28 00:00:00
2d801e3f807fc361a71d5ff6da62b2fe,f2850bb56cf2cfc489501ff4671bdbc5,delivered,2017-12-20 23:39:30,2017-12-20 23:50:23,2017-12-27 19:17:34,2017-12-28 21:10:05,2018-01-15 00:00:00
3913929901c3fb2633bb272682d82e31,927439c5ea8bffaae7b072e1550ccb87,delivered,2018-04-07 08:28:23,2018-04-07 08:35:17,2018-04-12 16:05:34,2018-04-16 13:26:37,2018-04-26 00:00:00
c26ab0b30d07987314b27778194f020b,9cc0f74a146f7cbc321e5fcc10e961a5,delivered,2018-07-28 13:15:31,2018-07-31 03:50:16,2018-08-02 14:58:00,2018-08-07 23:13:41,2018-08-20 00:00:00
767aa0b10b16289b3835d60f0984897a,600cd7e78fc058ef121397ce5c7eb4b0,delivered,2018-04-17 14:29:21,2018-04-17 14:52:59,2018-04-23 23:59:42,2018-04-30 21:07:38,2018-05-10 00:00:00
520511b04850b7b40c753fb70aca7bcb,3405b496cbf59272a563bfe5f23caec1,delivered,2018-04-11 16:33:00,2018-04-11 16:51:19,2018-04-12 19:13:30,2018-04-18 00:41:14,2018-05-09 00:00:00
8e25d7ae5953ee779b0bb0a71e434b4c,cebc1cff5b31ee0ce570b98626a89dc9,delivered,2018-02-24 08:48:54,2018-02-24 09:07:51,2018-03-05 10:22:50,2018-05-14 17:31:47,2018-03-20 00:00:00
ad075cd488e1c655afdbd461e1946cda,ca81c8ce6583b695cfd76066214856c8,delivered,2018-02-06 20:59:12,2018-02-06 21:10:45,2018-02-07 21:51:29,2018-02-20 01:29:02,2018-03-05 00:00:00
126778d3b4dab2077cf95c20808141bd,8543c0b4f11a268a7f4713ca98c4b2ba,delivered,2017-07-12 23:45:44,2017-07-13 00:50:14,2017-07-14 21:24:46,2017-07-20 20:07:43,2017-08-03 00:00:00
6def17fbea3bc7076fe916d298c4b422,6376861fae7d317b580afe9fd232f707,delivered,2017-08-14 16:49:26,2017-08-15 15:45:17,2017-08-16 19:28:25,2017-08-22 21:32:16,2017-09-05 00:00:00
cc57707ca30da62fcf5d00bdf4ea143b,e650f85ff4463603337acc85ca591af2,delivered,2017-12-08 08:41:07,2017-12-08 08:50:32,2017-12-08 17:04:12,2017-12-28 16:38:45,2018-01-04 00:00:00
f353cd55addf6569b4bfa27e1d08367b,0206228d8670e47531b5d33d7b79b82d,delivered,2018-03-15 16:11:53,2018-03-17 02:45:44,2018-03-19 17:28:47,2018-04-03 00:38:50,2018-04-13 00:00:00
4ede14dc839603196ec790137877bf71,85302c7c3468c88c077efbeb114665ee,delivered,2018-03-26 10:46:08,2018-03-26 11:08:29,2018-04-04 20:42:17,2018-04-05 21:26:35,2018-04-11 00:00:00
b9230771a7ecccb578891ecdf1879527,43de4c514a47351d1496f50f85c44f29,delivered,2017-11-24 06:17:37,2017-11-25 04:53:21,2017-11-28 20:21:50,2017-12-19 17:09:27,2017-12-15 00:00:00
f2d33e37a6cec5fb4786a589d91c7cc1,45f0aaf0614fd428a6fa63a391f3b737,delivered,2017-05-13 00:04:32,2017-05-13 00:22:53,2017-05-16 13:58:30,2017-05-22 10:33:06,2017-05-31 00:00:00
5f63452c08b9ce323d5c4d3d51c8f839,3da901adba289e7a720ea018853bf161,delivered,2017-06-24 18:46:02,2017-06-24 21:33:14,2017-06-30 17:21:29,2017-07-05 12:08:03,2017-07-17 00:00:00
5fc11d4514927a1edf8fe4cfc66415b1,3be3ee41d41ccb65bd73d1cc81e38533,delivered,2017-08-11 08:37:48,2017-08-11 08:50:22,2017-08-11 21:33:01,2017-08-18 19:12:16,2017-09-04 00:00:00
48b5f03747afdec20ba2388eee0d3acb,d69b0d9a08d615405bb9b1cf80fd4134,delivered,2018-03-07 10:35:06,2018-03-07 10:49:41,2018-03-08 20:46:33,2018-03-14 02:43:44,2018-03-23 00:00:00
a2c02a67462d5e75036d6c49cf26a7e3,f0a8eec78c262b21e602811d3f47b957,delivered,2017-10-11 09:36:32,2017-10-11 09:49:20,2017-10-16 20:32:24,2017-10-27 18:54:00,2017-11-07 00:00:00
cf699a6dbb4ec7e28f2cd7a5e1eb0e18,234136c2d853818ea042c2500999fd3a,delivered,2017-07-26 13:30:24,2017-07-27 11:22:49,2017-07-31 17:59:54,2017-08-03 16:06:36,2017-08-15 00:00:00
9f7fdd2f2c7e4bb38623b722c3782e5d,6552091d7ee5ed28aee6e6e699887462,delivered,2018-01-03 22:16:26,2018-01-03 22:30:15,2018-01-04 15:17:41,2018-01-16 21:51:26,2018-02-07 00:00:00
2b749af514f3e9bd00fb20b105f36a83,f30c0c7f51b2c606e9322117d57acba7,delivered,2018-08-01 13:19:22,2018-08-01 13:32:02,2018-08-03 13:15:00,2018-08-21 12:26:46,2018-09-06 00:00:00
23e0d289631ee7c7e4503aa7a8a32c15,d6815b79026dc1c07be2648bad010e80,shipped,2018-03-19 20:09:17,2018-03-21 02:56:05,2018-03-23 15:42:42,,2018-04-09 00:00:00
3a3450ff7785b9a81e13a1fb7bd60ea7,eb44a4e57533d931dea088c5545b3b6a,delivered,2018-01-16 20:56:48,2018-01-16 21:11:16,2018-01-18 13:23:43,2018-01-29 17:39:07,2018-02-06 00:00:00
481261db37f84927929168d7b183b54b,e8217fb18c09c697dbf62a9ff30e812a,delivered,2017-11-20 11:44:11,2017-11-20 12:07:29,2017-11-22 23:42:40,2017-11-24 16:55:43,2017-12-12 00:00:00
b78e8c2541135a94fabcbfe18bacc116,4b8ea3af1cee01b918c9fd7d55d25d68,delivered,2017-12-07 11:24:51,2017-12-07 14:42:15,2017-12-08 16:38:04,2017-12-18 14:12:45,2018-01-03 00:00:00
e7ff3e04ea51ac8a43db1fc220c76ce2,c7c9546c395d4ac377ae8bdea520515c,delivered,2017-03-27 11:07:37,2017-03-27 11:15:23,2017-03-27 15:54:24,2017-04-12 16:47:41,2017-04-27 00:00:00
ff61c865c1495e71465c79009005611c,9c358be1d13efdf63bdffaad35834115,delivered,2017-09-16 23:44:56,2017-09-17 01:10:13,2017-09-19 17:04:49,2017-09-27 18:05:55,2017-10-13 00:00:00
0fa425ec819100fb29a4838e37e5d27e,542af0dc5b39bbebba0a49c92bcf9b96,delivered,2017-11-08 20:44:32,2017-11-08 20:56:37,2017-11-10 18:58:57,2017-11-11 16:05:02,2017-11-22 00:00:00
cbe90389edee454fc22a84aacee69e6d,eeedbeccc3682aedf564836354dcba74,delivered,2018-03-02 14:29:28,2018-03-02 14:49:43,2018-03-06 23:41:36,2018-03-08 18:51:14,2018-03-14 00:00:00
4b2a739ca7263b2f66f54ebd17cf7337,238d29fa96922070278f9ca31e53b4ea,delivered,2018-05-19 18:33:05,2018-05-21 16:31:36,2018-05-24 16:35:00,2018-06-15 21:18:55,2018-06-08 00:00:00
f8c6dd2b68a916d939d46cb98af8fc49,c823e5745129ad3efb2f5e1497c60b94,delivered,2018-08-12 12:39:13,2018-08-12 12:50:08,2018-08-13 15:06:00,2018-08-16 23:47:42,2018-09-13 00:00:00
3ebc89671e73c92c14dfd3e9d6af7bda,e9d4dbce11413c598d7ba2ffb25c9030,delivered,2018-06-25 09:35:30,2018-06-25 09:58:56,2018-06-25 15:16:00,2018-06-29 23:46:27,2018-07-23 00:00:00
fcdcf0cd9b77731f38b0c97a27038042,0d4ed3c9d48b373888a0eb3fc96b77d9,unavailable,2017-07-06 21:54:54,2017-07-08 03:23:22,,,2017-07-19 00:00:00
880fd860edaea5318c35d3b57da842ed,e99979ecd47f84f3d8be57c2a1080ef6,delivered,2017-05-01 21:31:24,2017-05-01 21:45:08,2017-05-02 19:00:40,2017-05-17 14:25:01,2017-05-23 00:00:00
2bad074d8cb50fea70e0a12bc2ee304e,a53f827b1dbbefc7db9951541abe454e,delivered,2017-06-04 11:55:57,2017-06-04 13:01:52,2017-06-09 20:19:49,2017-06-12 15:57:07,2017-06-19 00:00:00
92ece83fdd8f37cc9b8a8543fdc8c416,c383e9dfe1fff53a63536aa2326052c7,delivered,2017-10-16 22:09:01,2017-10-17 22:14:25,2017-10-18 22:15:04,2017-11-17 19:32:19,2017-11-08 00:00:00
32339685fefe9062d33175a4bc12d555,b5ea05c72a89dbe101d94083e18df207,delivered,2017-01-22 20:25:54,2017-01-22 20:35:09,2017-01-24 16:16:14,2017-01-28 04:04:57,2017-02-28 00:00:00
8d80eb399a69c1577a7bfbc88aebe90f,7c8481c931460400dca197f516777f71,delivered,2017-06-01 00:12:32,2017-06-02 04:33:02,2017-06-08 07:33:39,2017-06-19 12:18:53,2017-07-12 00:00:00
403e499c55ee10e52fbf26762b33a5f3,066bdd46da5e8a7f24e244574e3f51aa,delivered,2017-08-22 21:12:27,2017-08-23 01:31:11,2017-08-23 15:33:04,2017-09-15 11:28:02,2017-09-18 00:00:00
e3f8abc096c0c9e9ed6ad825641971ec,62f0085d64cec3690ecb29ab182952d4,delivered,2017-11-09 18:53:35,2017-11-09 19:07:20,2017-11-10 21:21:26,2017-11-14 20:33:02,2017-12-01 00:00:00
11d5dffdefb7041981ab58b5e56aa51c,84d1e67ea6f7dc14604511ed8bf85220,delivered,2017-12-18 17:03:53,2017-12-18 17:13:30,2017-12-19 22:46:51,2018-01-12 20:03:46,2018-01-12 00:00:00
39ed55131dcacf19b9dcf0739eefb591,e2534a6746cba2a938134e7106ea6f04,delivered,2017-08-19 13:04:17,2017-08-19 13:25:09,2017-08-22 09:10:18,2017-08-25 17:03:28,2017-09-19 00:00:00
3dce4634061e7ca468efb0460a7a37f2,c450725dd74fe776455b35682c2544dc,delivered,2017-11-08 09:40:39,2017-11-10 02:56:40,2017-11-16 19:54:23,2017-11-22 21:12:55,2017-11-29 00:00:00
78713fcdcaa27527d7c24aead3fbdc73,524eba23cf7c2da8d71a78a89f69ae4c,delivered,2018-05-10 16:50:57,2018-05-10 17:09:39,2018-05-14 14:59:00,2018-05-17 16:03:21,2018-05-29 00:00:00
f330860e4cc30640994fc5d022b00934,fb97bced7f8d4fbff1093208daeaf4af,invoiced,2018-04-11 16:51:09,2018-04-11 17:10:48,,,2018-05-07 00:00:00
a07cb89bbb737eb48261a20b68766c5a,c64e9527bb01925d4b79bc63487d14ac,delivered,2017-08-02 15:10:29,2017-08-03 03:05:46,2017-08-03 18:06:56,2017-08-09 17:00:03,2017-09-06 00:00:00
0b3506e1bbe1a7086dc5f9f41c594b8e,663b74a68c6ee3368a988224f93cfc68,delivered,2018-08-20 10:29:03,2018-08-22 03:35:12,2018-08-22 15:56:00,2018-08-28 17:34:35,2018-09-14 00:00:00
9cb31e241f37e9115ca372ccb5973ece,d62ce7b0c4485a242887d93be6d20872,delivered,2017-10-29 14:56:07,2017-10-29 15:10:12,2017-11-03 18:50:22,2017-11-09 18:17:29,2017-11-28 00:00:00
a65667bfaf4b4ad478d78ee8a6a1d369,be3a2c2b91cb59eb0f4f1995f33be4c3,delivered,2018-05-08 22:58:04,2018-05-10 02:57:23,2018-05-10 12:03:00,2018-05-18 15:26:23,2018-05-29 00:00:00
d0d6f28c88378bb68aaed959896a43f5,2b9c116002450946e5c8989cca3b6353,delivered,2017-05-24 23:57:42,2017-05-25 01:25:27,2017-05-26 09:58:28,2017-05-29 14:32:24,2017-06-09 00:00:00
98bffcaf0aacc0569cbe1fbfc94a9639,7c6e199246ed624a0fe923028144eea8,delivered,2017-08-06 13:35:27,2017-08-08 04:04:08,2017-08-09 17:15:37,2017-08-29 19:39:08,2017-08-31 00:00:00
79611406bed954bc1248b316f297aac5,12047320874e3c4242d2a8231ef70d1e,delivered,2018-05-23 20:37:06,2018-05-23 20:57:26,2018-06-08 12:04:00,2018-06-09 12:48:34,2018-06-25 00:00:00
5d2360b577af310633223b53506dcfaa,5859cd71917f97747721166e9289fe6e,delivered,2018-06-13 11:33:10,2018-06-13 11:55:13,2018-06-13 09:52:00,2018-06-29 19:12:05,2018-07-05 00:00:00
cd1709e97dc100d3eea6e801ca6f3a29,30655cf58eb5718f546e6dabc8a860dd,delivered,2018-06-03 22:11:27,2018-06-03 22:31:24,2018-06-04 13:30:00,2018-06-12 16:21:33,2018-07-13 00:00:00
579ec87d80ca958a31b9bdc61a6220d2,b2ac09bb5577cdb606f6fd4225121b6e,delivered,2018-01-10 10:56:33,2018-01-12 02:36:51,2018-01-15 23:40:20,2018-01-30 22:04:45,2018-02-07 00:00:00
5a81cdb2dca863c852fc8e4f82f38f2e,9ac96fa3c882ac81d2517a22ea506225,delivered,2017-03-25 19:58:04,2017-03-25 20:10:17,2017-04-10 17:08:21,2017-04-18 14:06:27,2017-05-03 00:00:00
8c2c2b26ae4677e7457b0daaea13a8d3,f75cda7d644f2586d2f3f5e83c00415f,delivered,2017-11-05 22:41:44,2017-11-07 07:30:34,2017-11-16 19:05:09,2017-11-20 19:58:31,2017-11-27 00:00:00
6d9cc2a706027666e20ffb8e008de464,7737a567c9ae9ed302ab073bd7a9d60a,delivered,2018-06-11 16:25:31,2018-06-11 17:02:21,2018-06-12 15:57:00,2018-06-19 22:42:16,2018-07-11 00:00:00
f8da7d096b125f74ad5b784140c294c7,f8f3a29c793887b5d14a19247cefc805,delivered,2017-10-16 18:24:03,2017-10-16 18:45:43,2017-10-20 18:33:25,2017-10-30 18:53:47,2017-11-08 00:00:00
8d522f62d3cf573581ad306fd7f5179d,db30114574526d8a6cbe501bdf6a6cbe,delivered,2018-05-22 19:25:19,2018-05-22 19:36:53,2018-05-23 12:21:00,2018-06-04 19:27:41,2018-06-06 00:00:00
0c7f78afde3e635c59eef76c3f1a5ea5,82394d9ee9f28882adb2888d34b4d164,delivered,2018-03-23 18:45:37,2018-03-23 19:27:37,2018-03-26 15:12:04,2018-03-27 19:11:59,2018-04-05 00:00:00
8e5a0e7475967e4bc50f2ecc4e4f26d8,1a8f3e93337a4cada74b085711912682,delivered,2018-06-20 11:20:53,2018-06-20 11:43:54,2018-06-20 15:25:00,2018-06-27 15:08:26,2018-07-17 00:00:00
b57410d258461ade68673ab75276e66d,bb248ad930ce8aa8dc295b01218e383f,delivered,2017-02-26 19:31:56,2017-02-26 19:45:10,2017-03-03 08:29:34,2017-03-13 17:09:12,2017-03-22 00:00:00
9980a5ade25fc8add3023440935ef36d,39c3f481e938b5d378f444f0bbda5a36,delivered,2017-02-05 21:37:59,2017-02-05 21:45:16,2017-02-10 08:45:14,2017-02-13 14:35:15,2017-03-01 00:00:00
8a30bf14d715092cc05f458ad5837a7e,ec2a6b0471bbce78bbd6c19a9ab063b5,delivered,2018-08-16 22:08:23,2018-08-17 22:09:51,2018-08-20 12:52:00,2018-08-27 18:45:48,2018-09-12 00:00:00
0b5c913b831ba3f6eaaab61c2d7cae6d,e5898fa2179302b68bf36be7eaae193e,delivered,2017-12-21 17:42:53,2017-12-21 17:55:20,2017-12-22 22:11:38,2017-12-29 17:08:05,2018-01-26 00:00:00
456b2b77d664db894d3aeef5ccbedc4e,f087ff9fa0419a11d972faab35e7a235,delivered,2017-11-12 22:36:51,2017-11-12 22:50:30,2017-11-14 16:09:45,2017-11-16 19:02:25,2017-11-27 00:00:00
0cd8c62de8c2338e4af0afe71e56ee64,b6dad47ef66c400b5ea975b58f58c57d,delivered,2018-01-04 15:12:39,2018-01-04 15:27:08,2018-01-08 20:14:18,2018-01-11 20:07:45,2018-01-22 00:00:00
22cfe8ea8be0dde8f8190b9fa000e365,9056ae890beea8465511b1e299ab6e2e,delivered,2017-06-09 17:20:14,2017-06-09 17:35:12,2017-06-19 21:34:56,2017-06-29 13:27:54,2017-07-04 00:00:00
5f57d407fe28bd1e4601d998f6caa58e,793c772a9aed291ade39bba058b49358,delivered,2018-04-26 18:00:43,2018-04-26 18:15:12,2018-04-27 13:08:00,2018-05-11 19:06:05,2018-05-23 00:00:00
3bd4ee403abd790f3250984b0eddb23a,34ebe2efa87835e9850707112d1a6a33,delivered,2017-11-27 14:31:05,2017-11-29 14:33:48,2017-11-30 16:14:49,2017-12-20 23:37:03,2017-12-19 00:00:00
58a119245f2e512b9b05bec10cc8c1c6,978fe0c5d2a70e0ce8f99955f63e29f3,delivered,2018-05-18 13:51:15,2018-05-19 02:58:49,2018-05-22 15:42:00,2018-05-23 20:17:08,2018-05-30 00:00:00
a6c198c8e63125ae81a291223605c872,90f05850ce2b05640d1db0836b95aa59,delivered,2018-06-23 23:46:45,2018-06-24 00:19:00,2018-06-26 13:53:00,2018-07-04 16:22:00,2018-07-30 00:00:00
866968d6a38b907a312ffddbe6287d8e,963aad8750ffca2b194092e8d0dc5aaf,delivered,2017-04-15 09:41:35,2017-04-15 09:55:09,2017-04-18 15:09:26,2017-04-20 14:33:48,2017-05-08 00:00:00
02190241f7190a1f3c7e0df95a749c6a,55c9044401ffab0c717f24405e2e042f,delivered,2016-10-07 10:52:22,2016-10-08 04:44:22,2016-10-21 12:47:02,2016-10-27 09:37:52,2016-11-29 00:00:00
6f93d4fc5b38d5862f6fb366cd9afd01,9a509b4432a9ac9a3360fab57b64269b,delivered,2017-11-29 22:44:13,2017-12-01 11:31:30,2017-12-01 21:52:33,2018-01-08 18:27:55,2017-12-15 00:00:00
12e41d433221ec81392012706ab20ff7,3996e5a92621e3e3261b0b4fe47734a1,delivered,2017-10-05 11:32:06,2017-10-05 11:49:30,2017-10-05 20:26:44,2017-10-16 23:03:15,2017-11-03 00:00:00
0fd8a0c97993a139d5277f2023f93649,f61e7939179462586e5e913a45dadaf5,delivered,2017-04-07 16:50:16,2017-04-07 17:03:18,2017-04-10 10:22:40,2017-04-28 06:17:52,2017-05-03 00:00:00
c0ac92509aa6420f0f3d6f78748793e1,dc233f140b9e24d75d5a1eed74e21c2f,delivered,2017-08-21 00:16:35,2017-08-21 00:50:17,2017-08-22 01:12:40,2017-08-30 16:46:07,2017-09-18 00:00:00
b3f3f413f89e281887189ce9f68f4ff9,959c13829307e48e177d8301a432c3fa,delivered,2017-08-01 10:29:11,2017-08-01 10:43:48,2017-08-03 13:42:12,2017-08-04 20:03:04,2017-08-14 00:00:00
71a76b70b6437fd7d3cae33f67714073,8aae4cc8fa817181ae1fc6d70b9ee059,delivered,2018-02-15 12:37:19,2018-02-15 12:47:49,2018-02-16 14:16:50,2018-02-21 17:19:15,2018-03-07 00:00:00
0ff2dbf70542c665c17ad70b80d48a46,70315a20f74f1cf4c30ce5044078e77b,delivered,2018-04-08 13:53:55,2018-04-08 14:10:28,2018-04-11 22:30:41,2018-04-28 15:04:55,2018-05-02 00:00:00
547c0db33c070cc0ddc35ad17750c6f3,d051e78ab899b602d57f5edaca78bfbe,delivered,2017-03-05 20:17:09,2017-03-05 20:30:20,2017-03-06 09:38:33,2017-03-10 09:09:26,2017-04-03 00:00:00
a80129099e52729cba02cd1736520aa2,3f35b35a0b55d214f94c94c9e1a1deaa,delivered,2017-06-15 11:18:42,2017-06-15 11:30:13,2017-06-19 20:15:51,2017-06-26 14:49:36,2017-07-10 00:00:00
0e189b310d9c4e39fcb861ec9c0db8cb,8b93c6592ee4eeef432689ba8d994c8c,delivered,2018-02-20 14:17:52,2018-02-21 03:31:22,2018-02-23 18:08:01,2018-03-16 14:06:34,2018-03-16 00:00:00
49ac1fe147556a4aec31bcb054e684c7,60b88693a88b8cc33f9e3a0683594e89,delivered,2018-01-05 13:10:09,2018-01-05 13:27:32,2018-01-06 12:39:24,2018-01-18 01:13:25,2018-02-09 00:00:00
747674a4b8b96ff3a901d54e528c9059,fc3e5e2cdea306080a59bea96d94f4b1,delivered,2018-07-31 11:36:01,2018-07-31 11:50:17,2018-08-02 13:12:00,2018-08-16 23:16:58,2018-08-24 00:00:00
6988ade6a7cc2fe8e65c7a1a622fb6c0,cac3319aa24200c0830d634164c4a235,delivered,2017-10-27 15:49:43,2017-10-27 17:31:16,2017-11-03 19:03:54,2017-11-08 16:53:09,2017-11-22 00:00:00
f3860f9cb9ef6130287ac71894577a57,67ec51af7454dc3c8a271b5d9d80644e,delivered,2018-07-30 14:54:08,2018-07-31 04:05:44,2018-08-02 17:46:00,2018-08-09 00:48:50,2018-08-22 00:00:00
29a644536f583fb95f772df6031b0057,eda9ffb37fbad1dfdf73a516a34e1e57,delivered,2018-04-24 23:52:20,2018-04-26 03:55:30,2018-04-27 14:26:00,2018-05-02 17:51:33,2018-05-08 00:00:00
235120dba37dd89b962dea1d7a2cb3bc,d990b72223e95b999126c15954cd6fc0,delivered,2018-01-05 14:42:11,2018-01-05 15:47:18,2018-01-10 22:57:15,2018-01-26 12:38:48,2018-02-23 00:00:00
ef2774bdeb80c7328fc571f5352bf615,4dd75dedc640410dc4490732a2165c33,delivered,2018-02-01 14:21:40,2018-02-02 02:55:30,2018-02-05 18:42:58,2018-02-22 22:23:56,2018-03-13 00:00:00
7839ede137c543ee4afd006c5edc2f4c,8615e1859dea7e6955d09b34cd9027b1,delivered,2018-02-14 15:13:06,2018-02-15 03:47:33,2018-02-15 18:27:46,2018-02-17 01:52:16,2018-03-07 00:00:00
ba74b533eba0ad83712143867cf0d33a,c4bf50bd183608e780cbe9672505ee8e,delivered,2018-05-13 15:03:01,2018-05-13 15:15:13,2018-05-14 11:51:00,2018-05-18 18:05:19,2018-06-04 00:00:00
052b49cd1787ff86171b4e374f53c42e,6b77526915f264bd79262889e3799564,delivered,2017-06-17 15:23:58,2017-06-17 15:35:07,2017-06-26 15:06:35,2017-07-03 16:27:54,2017-07-17 00:00:00
bb5ab09b0b5c111c6355e7c17d7bd186,e3a1437334d7ba029ac0cacf6f51e3a2,delivered,2017-11-21 10:43:02,2017-11-22 10:35:19,2017-11-24 17:14:38,2017-11-30 23:26:42,2017-12-11 00:00:00
86ed94eb351cf5bd2ec4389a2ca92680,1eda7a1d56ef7c17a5cc6d97eac67b87,delivered,2018-02-08 09:04:28,2018-02-08 09:29:44,2018-02-08 18:39:08,2018-02-11 10:41:48,2018-02-26 00:00:00
ce6c67f20356e5d9c8e6fa1d8f7becea,3ff87350efde8567f0c3af39a6f236a2,delivered,2017-06-11 23:33:52,2017-06-11 23:50:11,2017-06-12 15:20:46,2017-06-16 18:22:06,2017-07-03 00:00:00
3a0502bcad9a327ac5dd125865643c49,25a4bd9a80cb3c08b055e2e207ecfbc9,delivered,2018-08-19 17:55:31,2018-08-20 17:55:09,2018-08-27 13:25:00,2018-08-30 15:45:51,2018-09-04 00:00:00
5b06c269c3a2b80e54708a2bd3ebebf7,e1b2a251d64316a2e41c4d0693b2f67d,delivered,2018-06-25 19:09:41,2018-06-25 19:41:59,2018-06-26 14:52:00,2018-06-27 17:32:55,2018-07-05 00:00:00
a5cb0c790b2769b76dbd70429cb66d96,47b8d87db17a0601172636ee6597a1b8,delivered,2017-12-06 13:50:05,2017-12-06 14:12:29,2017-12-07 15:16:51,2017-12-12 18:45:07,2017-12-22 00:00:00
7e4bb624b8936a258a162610147e0546,b92bbba260870836c5b8859a0691af35,delivered,2017-10-16 10:13:01,2017-10-16 10:27:38,2017-10-17 20:48:42,2017-10-26 20:13:53,2017-11-13 00:00:00
69b03f2aed38a9b622ddad0998b00ccb,8ec995e911f92a26221b61e7d7e98c77,delivered,2018-05-29 00:19:06,2018-05-29 00:35:09,2018-05-29 12:09:00,2018-06-07 18:07:48,2018-07-12 00:00:00
e3a641fa10d7f975e743158d69c10ddd,6d71caed01ef04dc1f137440a60c1a47,delivered,2018-03-20 23:13:00,2018-03-20 23:30:53,2018-03-21 21:46:30,2018-04-11 19:48:40,2018-04-19 00:00:00
e411a2fed65c00ae40544a4ffe4b6480,3e06df66fce16231446079bb9c53150f,delivered,2018-02-14 11:36:21,2018-02-14 11:50:22,2018-02-19 10:53:16,2018-02-22 13:09:08,2018-03-12 00:00:00
7d95043be17107a139c484021f39a8a5,57bbf7204380a2b6e1ee576b09e97da2,delivered,2017-04-27 22:18:29,2017-04-28 12:53:56,2017-04-28 17:47:17,2017-05-13 10:54:33,2017-05-25 00:00:00
24a31355e0e690141e93c85f2e846368,9547f11a0d5f9cb61f2e50d1f5cc4272,delivered,2018-05-03 15:22:26,2018-05-03 15:35:31,2018-05-11 15:03:00,2018-05-23 20:18:26,2018-05-30 00:00:00
fb620f3600b241ff5c85e8397eadd62d,424185caa42b0b2c9150b5e932b89a05,delivered,2017-12-10 16:50:29,2017-12-12 03:58:22,2017-12-13 16:14:32,2017-12-21 19:38:55,2018-01-08 00:00:00
f2fd76c4a6a18c5be5d960963e114737,0a193a491e9dc580885abc4083f70b05,delivered,2017-09-16 12:32:13,2017-09-18 10:55:41,2017-09-19 15:55:00,2017-09-25 14:09:12,2017-09-28 00:00:00
a9a93c428c6103f2151bb63a1d32a520,99ed295fa7b1f749594ce5f709ef1073,delivered,2017-01-14 17:57:50,2017-01-17 10:55:13,2017-01-20 17:58:58,2017-01-30 18:37:44,2017-02-28 00:00:00
4ed127b02fb1ebdaf9a0e4be8ca000f9,1b041c48f40d5b43b5a5d1a22b78cb4b,delivered,2018-06-26 21:10:19,2018-06-26 21:27:08,2018-06-27 09:48:00,2018-06-29 23:16:36,2018-07-19 00:00:00
c01f1e6ceafe26dc7ab07610001042df,22f3e9a6ad6298d9e034684f29c881ea,delivered,2017-06-01 16:04:00,2017-06-01 16:22:42,2017-06-02 15:55:44,2017-06-08 12:05:52,2017-06-28 00:00:00
761d27773b89e0a86484468a0079a7d5,c58aae26cadcf02d41274b7aeac18ab8,delivered,2017-02-12 15:12:20,2017-02-14 03:42:56,2017-02-15 06:13:53,2017-02-20 12:14:01,2017-03-10 00:00:00
f7dd38faa4d2c82426db7bf67a208644,6af08ad4a63b906451406de974e3b87d,delivered,2018-05-06 16:46:00,2018-05-08 04:14:40,2018-05-08 15:45:00,2018-05-17 21:58:50,2018-05-29 00:00:00
f9973a8e3b13fd415733a5068d58140d,94ea1224bf06222861ed3bcc73d4e6f8,delivered,2018-05-07 00:49:45,2018-05-08 19:53:09,2018-05-10 18:29:00,2018-05-17 19:48:29,2018-05-28 00:00:00
d995bfa6db04d756cbb7368ad277887e,e242cc31bb959efeb371ef849627593f,delivered,2018-07-25 17:38:02,2018-07-25 17:50:16,2018-07-26 11:00:00,2018-07-31 17:21:53,2018-08-16 00:00:00
9391dbb9988f54ed4dd0c8c09e657eaa,e4c410799c3fe4556cf318e3ccd775f7,delivered,2017-11-29 12:51:58,2017-11-30 02:21:35,2017-12-04 21:43:14,2017-12-08 21:52:31,2017-12-26 00:00:00
097941e2db84b005d04de9e867674226,1128e70fc04372f83dfc47af3566b836,delivered,2017-11-27 10:56:12,2017-11-27 11:18:26,2017-12-08 00:08:06,2017-12-19 18:34:59,2017-12-21 00:00:00
0ed2b1a137a41fc9a7cba420e71a0a9e,7afa357fbff83bcb64b6e80d6731edc8,delivered,2017-03-25 21:54:29,2017-03-27 09:55:13,2017-03-27 14:44:20,2017-04-11 12:03:49,2017-05-08 00:00:00
058afe6c6322b4773393a66003934493,5b894cf9a0b95ce53a6ce010fe000104,delivered,2017-01-19 19:35:35,2017-01-19 19:50:14,2017-01-20 15:45:45,2017-01-24 12:53:46,2017-02-15 00:00:00
16b1bfcd9ef0537ba0b10a84daa61a05,78ff86215b532fdca282b2530c7c2de7,delivered,2018-03-20 20:56:35,2018-03-20 21:10:30,2018-03-22 21:33:31,2018-03-29 22:48:30,2018-04-06 00:00:00
e4976703cb59f3424cc6f2058d0dc7fe,f04a7506f6a835ea2922ea54f153f3a7,delivered,2017-05-15 18:34:54,2017-05-15 18:45:19,2017-05-19 16:03:18,2017-05-31 10:12:40,2017-06-06 00:00:00
8fa4c1bf3c1b27d1349e2aa934aed53f,3109eab8c772e5f8761f25a92045442b,delivered,2018-07-04 10:26:00,2018-07-05 16:35:45,2018-07-11 12:34:00,2018-07-12 23:32:09,2018-07-19 00:00:00
60c46973a2a9ad727ea9c45695b2b312,db75f12c87289bb25391baf511352864,delivered,2018-08-12 12:16:53,2018-08-12 12:30:16,2018-08-13 13:57:00,2018-08-17 15:57:30,2018-08-23 00:00:00
784f4f1c9d31e7701eaecec9c9957670,ec788a391fa19619a1ff95e233e1b17b,delivered,2018-01-20 21:21:31,2018-01-20 21:41:14,2018-01-26 00:06:44,2018-02-05 16:04:36,2018-02-21 00:00:00
bed62216bd8e10b5b9e22eee2563c39b,7b9486a54f0d06fc8e990220b029920d,delivered,2018-04-26 11:48:36,2018-04-26 12:11:08,2018-05-02 14:40:00,2018-05-19 15:05:51,2018-05-17 00:00:00
59c6d70603e4c4447067afb1291d725d,7580e653b34e386ad0e3bfc986016011,delivered,2018-05-21 23:28:48,2018-05-22 02:56:29,2018-05-22 16:05:00,2018-06-06 07:13:01,2018-06-11 00:00:00
b233cccf8622f1f4fea0bb355b1488ee,48059e59369b7aa132510079add79bef,delivered,2018-08-09 15:52:42,2018-08-10 03:15:21,2018-08-10 15:36:00,2018-08-14 00:50:50,2018-08-20 00:00:00
3a94d54e3301d9e4da748ee3766e0585,b470a81d390fcf882cf81afe227a8d6f,delivered,2018-08-24 00:35:51,2018-08-24 01:05:16,2018-08-24 13:24:00,2018-08-29 15:38:41,2018-09-12 00:00:00
278ce3d59dd06d461a1a4d6703790ae9,25f558b2b9455e35297fc86ded1e0586,delivered,2017-03-11 17:38:51,2017-03-11 17:38:51,2017-03-20 14:42:50,2017-03-27 11:35:57,2017-04-04 00:00:00
a387e3f646077e4c82508f01a8b8c63e,e337feb426fd8d688d803334c3463fba,delivered,2018-04-09 23:17:14,2018-04-10 23:15:17,2018-04-11 18:05:14,2018-04-13 02:32:55,2018-04-25 00:00:00
c6d80ef64d3bab44528b4f5b30b257fb,aa9e7cf1e6114225210fbfd650dc0d3e,delivered,2018-07-03 21:32:18,2018-07-05 16:34:39,2018-07-05 11:41:00,2018-07-12 02:09:39,2018-08-06 00:00:00
08db2dff56f31598b313e96bd2b04520,8a501a6f9fc4c5431e91de49eca55778,delivered,2018-01-04 14:44:50,2018-01-06 02:08:53,2018-01-09 23:55:03,2018-01-10 12:57:39,2018-01-23 00:00:00
deb4d64c7e457c0ded2e2be4823678c4,fd0225ef44b7332f9688ce11befa24e5,delivered,2017-06-11 17:54:26,2017-06-13 04:05:14,2017-06-14 16:49:37,2017-06-16 13:47:58,2017-06-26 00:00:00
98b737f8bd00d73d9f61f7344aadf717,802bb9a59876a712f8380da8f297057c,delivered,2017-10-15 12:44:13,2017-10-15 13:05:29,2017-10-17 20:05:34,2017-10-25 17:00:04,2017-11-08 00:00:00
854d6cba56286c80ffabfa9883d35006,18dfbce3c934e6aa3a004c654b328852,delivered,2018-04-13 21:53:34,2018-04-16 13:31:35,2018-04-19 00:21:20,2018-04-26 14:56:32,2018-05-10 00:00:00
621e9c63cf00647b721e1798a1690c74,b6370d1c98f271eda9e85f04b1248412,delivered,2017-10-12 18:12:56,2017-10-12 18:28:23,2017-10-16 14:43:16,2017-10-27 20:23:11,2017-11-10 00:00:00
34c1a691fc965ffffd792dbd8e7ac087,076a27d502aeeddb25e540fb3caf9b3e,delivered,2017-12-10 18:34:12,2017-12-10 18:50:08,2017-12-16 00:33:00,2017-12-18 20:49:56,2017-12-28 00:00:00
ec65d7b245ccca0fccce3759b3642d3e,81fb8e4ce78197361d444035a8d369c8,delivered,2017-05-30 12:41:01,2017-05-31 06:55:39,2017-06-12 15:47:00,2017-06-26 16:32:06,2017-07-13 00:00:00
b349a7e488a18291673476fc0a8c8436,67127c6c29a10ac3bccb1fff10fe5758,delivered,2017-02-25 19:21:14,2017-02-25 19:30:12,2017-03-03 15:35:14,2017-03-17 11:52:11,2017-04-03 00:00:00
bb937ae1ca42e99347c215a7b0d05847,eaa1199813fb98ec26ed72f774b27b55,delivered,2017-09-18 11:03:21,2017-09-18 11:10:17,2017-09-19 19:37:51,2017-09-25 21:21:22,2017-10-06 00:00:00
dc945d5d50345e370825fcd9653156a6,dc41e3678d28d18486999a07be51317c,delivered,2017-08-31 10:02:13,2017-08-31 10:10:17,2017-09-05 12:08:50,2017-09-19 10:44:07,2017-09-28 00:00:00
278c629504a0d7a99a3bd4da3f061141,72d122e0e3d6c3300e4d07ec396d5e22,delivered,2017-09-26 21:56:21,2017-09-26 22:07:13,2017-10-09 21:55:00,2017-11-03 20:42:24,2017-10-30 00:00:00
0d9ed9d101d80f2accbf309324fea494,ec90d49ce6c2e05379813459bf41a90a,delivered,2018-05-05 13:57:15,2018-05-06 13:55:18,2018-05-09 15:48:00,2018-05-15 16:37:44,2018-06-13 00:00:00
e0e95960e8abbd803bbd543d2225c328,da2115c0723c07a68e9062f4d5aad9f3,delivered,2018-04-25 07:48:30,2018-04-26 04:10:45,2018-04-26 13:48:00,2018-05-08 14:56:51,2018-05-18 00:00:00
09a0d7c2cc6f652acd3537e7a91c7000,9462d88d82a551270b7c345a53aac7f2,delivered,2017-05-15 14:08:00,2017-05-15 14:15:23,2017-05-16 15:18:40,2017-05-19 12:59:39,2017-06-02 00:00:00
5ddda81bbb82b89fbd28fb0dc68dcb60,10f0fe9f42337bd9cfbff39072702cde,delivered,2018-04-03 22:27:28,2018-04-05 02:10:40,2018-04-07 01:20:53,2018-05-06 14:02:12,2018-04-27 00:00:00
f7af06e40b81950760c190f8309f2e48,f82562fe0c42f2b6682126688308fcc1,delivered,2017-08-03 23:36:18,2017-08-03 23:50:14,2017-08-07 19:51:47,2017-08-15 18:12:53,2017-08-25 00:00:00
37ccf51b0d53c5e3916005261aa8f75e,f5979320bea5e795ed0abb381c95f23d,delivered,2018-06-14 14:04:42,2018-06-15 02:17:18,2018-06-15 15:07:00,2018-06-18 17:45:02,2018-06-26 00:00:00
4a8493d781a65dfb623103a5dedf44fa,d721d37c2317b409cf35b0de1fd9438b,delivered,2018-08-18 22:35:15,2018-08-21 04:55:37,2018-08-22 08:25:00,2018-08-29 14:21:54,2018-09-11 00:00:00
d9ce395d10fd1a877b78763718f29b5a,431837f2d214f5f1d55cf189aedc8035,delivered,2017-05-12 22:47:15,2017-05-13 22:45:15,2017-05-16 11:03:53,2017-05-27 04:35:46,2017-06-05 00:00:00
c42ac190bf90285f082b67c0faf403c9,81c96c54a1a354a87c2d3929509c0294,delivered,2017-06-19 17:46:11,2017-06-19 17:55:12,2017-06-22 14:29:48,2017-07-11 17:39:56,2017-07-11 00:00:00
9c03283b70dffe64bd49cdb4254e33ca,2b5115550c5facb80dd857dd8619a2b2,delivered,2017-03-16 08:36:21,2017-03-16 08:36:21,2017-03-17 11:03:09,2017-03-28 15:08:08,2017-04-06 00:00:00
57d2d40a9a06d20a610316800f82ace3,481ba8e132fb318b84d5fba3bc98021b,delivered,2017-08-27 19:11:55,2017-08-29 04:44:59,2017-08-30 12:17:46,2017-09-08 21:07:42,2017-09-22 00:00:00
195416246665b8268100ef5fde9722b4,b14e4569fdc3353689f16abb8b57dadc,shipped,2017-01-08 19:27:22,2017-01-08 19:45:02,2017-01-11 09:34:18,,2017-02-22 00:00:00
628988ab1238acdeb0466b26660b29a7,169054d8c530156c7765ddfc7c652897,delivered,2018-04-23 16:42:48,2018-04-24 17:57:07,2018-04-24 19:18:54,2018-05-02 11:16:38,2018-05-10 00:00:00
02ac6689fe09c236d7651b93246b6dbe,5dbd65686c8be953edaf0d56c22f973b,delivered,2018-05-25 11:45:04,2018-05-26 11:51:01,2018-05-28 14:08:00,2018-06-07 20:03:37,2018-06-20 00:00:00
ab266d84798cb51b4eefa694592c84de,88e02611f4805f72e50f4569621ff448,delivered,2018-05-02 18:55:45,2018-05-04 02:55:27,2018-05-07 14:25:00,2018-05-13 00:12:21,2018-05-21 00:00:00
e6f47b34d1d4104694e01fa73d072d5c,d1affff67ab622bc4f1bdd597a0762fe,shipped,2017-08-16 18:14:21,2017-08-16 20:35:21,2017-08-21 13:49:58,,2017-09-12 00:00:00
8c66073666890d74637182747a6f4a69,35e65e2b5e2ea85800c37046acce1e22,delivered,2018-08-20 16:20:58,2018-08-20 16:50:31,2018-08-21 15:24:00,2018-08-22 22:08:50,2018-08-30 00:00:00
4f4aeb2e42b27f98c78a2adb81030b3b,f6fc9313a57437bd8f40d476a6196b2e,delivered,2017-11-24 21:55:28,2017-11-25 01:31:39,2017-11-27 23:47:44,2017-11-28 20:18:16,2017-12-08 00:00:00
3b8a6f4c963d2e04b3d7a0bb8dc84b6e,d610dc41c3d497009a9eb42b88bd5dff,delivered,2018-02-05 21:16:24,2018-02-06 16:35:40,2018-02-07 17:22:24,2018-02-18 14:49:54,2018-03-06 00:00:00
3ab84542ab355348729b9f7e564a1acc,d9d9c4fea862af756c73e9d0f4a48e02,delivered,2018-05-18 20:50:09,2018-05-18 21:14:29,2018-05-22 14:55:00,2018-06-06 23:54:43,2018-06-18 00:00:00
739ee9313185c60eb018bf03f642fc61,b4fb257403bc2a6e40abaece5b89b33a,delivered,2017-10-20 19:08:24,2017-10-20 19:25:30,2017-10-24 22:11:37,2017-11-10 20:26:53,2017-11-10 00:00:00
6eb7eedcfbead76c0a8091e1f1d9b439,ede90781fd1e7cf8e78bcb84059af77f,delivered,2018-03-25 20:25:54,2018-03-25 20:48:20,2018-03-26 21:38:46,2018-04-05 23:03:56,2018-04-16 00:00:00
2dd8889de2874b9c27e1bec2bf9070ae,a8d813fb13a1697d868dcd44130cfb31,delivered,2017-06-16 16:22:44,2017-06-16 16:30:19,2017-06-19 18:42:36,2017-06-29 15:32:35,2017-07-10 00:00:00
7e328722acf010241ef36b4fe0b4ff21,0731cea9ca726ca41fca8d61953bc146,delivered,2017-10-02 13:27:14,2017-10-04 10:49:17,2017-10-09 18:42:59,2017-10-13 20:21:27,2017-10-26 00:00:00
80c6eb0edf125c6838e04663a8241699,0f0a3ac189b1fb3e434b25d812909652,delivered,2017-11-28 11:43:42,2017-11-30 11:42:22,2017-12-01 18:38:34,2017-12-05 18:19:51,2017-12-18 00:00:00
9f3d413d603e92e1256f70cc2c0b4f85,c710c7d0242be91d1336d7e6569d7d4b,delivered,2018-03-11 14:17:20,2018-03-11 15:00:21,2018-03-13 19:11:03,2018-03-14 20:32:01,2018-03-22 00:00:00
2d0d4075ded592212bcd5e5bc561b406,ad4fdd8ba1535077790107fc697fbe97,delivered,2017-04-26 12:22:32,2017-04-26 13:06:25,2017-04-26 13:01:25,2017-05-15 07:38:03,2017-05-25 00:00:00
5f93e72cdaf53d21746077af4b48e790,9675f4cb991cac2400c7327839f1c72e,delivered,2018-04-02 17:00:10,2018-04-02 17:10:19,2018-04-03 21:09:02,2018-04-11 15:24:28,2018-04-23 00:00:00
866ac13217bd0a19f860f741453e049c,f36e1b14a03badff9ecbc7533a6943b1,delivered,2018-03-03 17:40:56,2018-03-03 17:55:33,2018-03-05 18:08:57,2018-03-14 13:17:47,2018-03-26 00:00:00
45cce3c0f13c050de2fdfa6710aa95eb,f3f22056edbc891e004aed65f1b9cfa5,delivered,2017-11-14 12:13:28,2017-11-14 12:30:33,2017-11-16 16:11:41,2017-11-29 18:54:39,2017-12-12 00:00:00
1200b335981f50dadd595fa2d89ea9c8,7829cf5aaf01bcfb86fac75d08e2a223,delivered,2017-05-16 17:46:06,2017-05-16 17:55:19,2017-05-17 11:24:36,2017-06-01 18:04:10,2017-06-16 00:00:00
ef71d3927bb2fecd198389f0c4b8044e,dcb03d3213278d10ed9353e099845a66,delivered,2017-05-24 03:51:41,2017-05-24 04:41:05,2017-05-29 08:05:46,2017-05-30 09:25:05,2017-06-06 00:00:00
9d1f30c30b178f88dc63a40f36298ee3,746c709f5dcc9721282005918209635d,delivered,2017-03-15 14:43:22,2017-03-15 14:43:22,2017-03-29 07:28:29,2017-04-07 15:03:07,2017-04-07 00:00:00
1ab8a4448d9624d702acc5e544a1b04e,1d24bd7818cbe379e2a388b1f887b2c3,delivered,2018-02-21 13:40:09,2018-02-21 13:51:05,2018-02-22 22:53:52,2018-03-07 20:16:45,2018-03-21 00:00:00
fba4247532c63f175d51681367210ab6,afc2f2b93b17d59670427c1e92aa3162,delivered,2018-08-22 10:44:46,2018-08-22 12:35:20,2018-08-23 14:09:00,2018-08-25 17:07:46,2018-08-29 00:00:00
7f2b0346e93196f248181eccd7cba58d,1a2c6d2c691d8bccbfddfd90c575c6e6,delivered,2018-03-15 11:13:23,2018-03-15 11:29:14,2018-03-20 21:25:53,2018-04-09 18:54:36,2018-04-03 00:00:00
ed2c99c57389c865c573a025e1d6d34c,788cbdfbcd36bc44ed880e34bd010c4e,delivered,2018-06-30 20:30:35,2018-07-05 16:05:45,2018-07-04 14:40:00,2018-07-13 14:51:05,2018-07-17 00:00:00
3a32345081c149e0850db894cf22dc03,a84e3e2982cc260a829dcf2a30908936,delivered,2018-05-27 19:06:04,2018-05-27 19:15:14,2018-05-28 15:16:00,2018-06-04 23:38:18,2018-07-03 00:00:00
8b93f79b1a4d6b3388dab2356493c0b3,1d72f0479018c73cd9f58abcb01e776f,delivered,2017-01-26 12:49:54,2017-01-26 13:02:26,2017-01-30 10:17:23,2017-02-07 10:52:25,2017-03-14 00:00:00
45445c1dfdf9122c4399129db31fba89,81b8504d897e4dabca7424e885648de3,delivered,2017-08-06 19:24:26,2017-08-06 19:43:21,2017-08-08 20:45:37,2017-08-14 21:51:43,2017-08-30 00:00:00
b7026ba7432929d99880463305b8ce98,dd0cb909d16aa0eecf68d37defbb7f7f,delivered,2016-10-06 16:17:56,2016-10-06 16:52:11,2016-11-04 16:33:54,2016-11-10 15:14:34,2016-12-06 00:00:00
2867faaa7a912bbc2bf8d8e40d7a0354,c7da870eb04374fc25d71501117ab5f6,unavailable,2017-01-22 20:43:58,2017-01-22 20:55:10,,,2017-03-02 00:00:00
284b3707cd4351c728d8d59db0ce2c45,77536d8531c68bbe0e3c699c084c09fe,delivered,2017-03-10 19:32:26,2017-03-10 19:32:26,2017-03-16 11:48:56,2017-03-27 18:38:20,2017-04-05 00:00:00
5c9730fc4a417f9c52b34577a35157bd,9041817f69a9a5d006ca45330c752407,delivered,2017-09-02 22:26:16,2017-09-02 22:43:44,2017-09-04 22:15:13,2017-09-11 15:57:01,2017-09-28 00:00:00
bfaea68f958681ec9d22aa2114b45721,1be55980a49eb83dda71ae61abe091a1,delivered,2018-08-06 11:26:06,2018-08-06 11:35:27,2018-08-06 16:04:00,2018-08-11 12:57:38,2018-08-21 00:00:00
d684607dd5f758bea02fedbfbbb9d37e,1f7578e304e919d28148374730ba89e9,delivered,2017-09-29 01:43:43,2017-09-30 14:14:09,2017-10-02 17:30:43,2017-10-13 14:48:56,2017-10-27 00:00:00
4d0687f8f4fb46635a50292da22b0f23,bec6246b4dfa2e170874f2e56f91b129,delivered,2017-12-19 10:48:07,2017-12-19 10:58:24,2017-12-20 17:22:10,2017-12-21 21:58:36,2018-01-10 00:00:00
de03eabe883303fb8aca896699692790,96c12dcc361459c7fc9201615e8a9939,delivered,2017-11-21 11:50:11,2017-11-21 12:40:55,2017-11-22 21:52:33,2017-11-29 17:16:52,2017-12-08 00:00:00
6741e21a24361b07f30063eec3897b37,5e00c4a9b6813a22869b75a51b254f18,delivered,2018-07-21 16:11:57,2018-07-21 16:24:08,2018-07-23 15:00:00,2018-07-27 15:14:31,2018-08-07 00:00:00
27bc27fbc876aa11a925efac34583f63,3939af43f9b4a4f2342dee7dadf4c1a6,delivered,2018-07-19 19:38:57,2018-07-19 19:50:16,2018-08-02 08:34:00,2018-08-06 16:19:03,2018-08-07 00:00:00
24697b1f8e78fdb9d2316bcaa2c6e216,1f1bfeeb7e84fe26c5abc584925fd4a9,delivered,2018-08-02 14:06:46,2018-08-02 14:15:21,2018-08-13 11:13:00,2018-08-14 17:12:12,2018-08-10 00:00:00
d2b465d6828555de4d5226daea422618,3dfc6e89a7989cc23be6f2db44ca2471,delivered,2017-02-22 06:47:45,2017-02-22 09:35:08,2017-02-22 12:18:54,2017-03-23 08:52:13,2017-04-25 00:00:00
2d9ea6c9337741bea0f83807c9a5ecdd,0d2b16df8cdf577f34a061878a02c15f,delivered,2018-02-09 12:02:39,2018-02-10 02:49:43,2018-02-16 16:28:38,2018-02-25 14:03:26,2018-03-05 00:00:00
c374e19bcd2d8e8ea40c216011e8b254,8c20aad00d2f654343fc7d190048235b,delivered,2017-11-30 08:58:59,2017-11-30 09:08:31,2017-12-04 21:54:38,2017-12-05 12:45:01,2017-12-19 00:00:00
dc42fc68820b778654a001cb6eab8c96,42bdd174ffe332aeaf52cf9b556f8591,delivered,2017-08-03 00:21:58,2017-08-03 00:30:09,2017-08-03 18:46:50,2017-08-15 19:57:51,2017-08-29 00:00:00
09f86d1a5a7c2e8dddd1850a65f5a5d4,f89efd7759fe87042b0c51914b702dec,delivered,2018-01-08 13:30:14,2018-01-08 13:48:00,2018-01-15 16:33:05,2018-01-23 18:49:50,2018-01-31 00:00:00
ec2ffcdf0c859e28c732adf3e9fdb0d7,82cd627eb2d950f8b9d72ac0d0db46bd,delivered,2018-01-15 18:24:19,2018-01-17 03:35:47,2018-01-17 19:59:15,2018-01-29 19:36:43,2018-02-08 00:00:00
6a98fdd0da4868008ed2b97194165cb7,06fcb5edf767ce55050fd0475a708a7b,delivered,2018-07-29 20:54:54,2018-07-31 04:05:40,2018-07-31 15:12:00,2018-08-01 22:12:47,2018-08-06 00:00:00
984e03738ab50cbe683fc484c809d5ba,670254dd2e886ffe621b3831afb47d7d,delivered,2018-08-08 21:04:15,2018-08-08 21:44:49,2018-08-20 15:09:00,2018-08-27 20:34:47,2018-10-05 00:00:00
d85efeeca6be7949e59458c5d26169db,21caa667b0f79c15b879b304f8f25e9c,delivered,2017-04-04 15:50:23,2017-04-04 16:05:07,2017-04-06 11:38:41,2017-04-10 07:13:03,2017-04-25 00:00:00
baa5fb5166e2a8aedee9902360592014,d1cb85293dd282c54e5336b1c4323a1a,delivered,2017-11-23 23:22:48,2017-11-24 00:30:06,2017-11-27 20:24:42,2017-12-12 22:18:58,2017-12-21 00:00:00
da6de8ffbad4e3941e6b13d8b78d7f75,f748a2b9d53bc319d80cccdd1ed55a3e,delivered,2018-04-11 19:41:11,2018-04-11 19:55:13,2018-04-17 16:35:59,2018-04-23 23:21:04,2018-05-08 00:00:00
4723d255a158f5b6c5a872264e3529c5,9c44588abb2a5c2b5bbd40184e3ac0b3,delivered,2016-10-08 20:16:05,2016-10-09 14:55:15,2016-10-13 14:55:15,2016-10-16 15:55:15,2016-12-06 00:00:00
982bb20d431aa26aea1947414cc5fe20,1dba772601939807153437cde6fa35b1,delivered,2018-01-14 23:53:33,2018-01-15 00:08:57,2018-01-16 16:27:09,2018-01-27 11:13:48,2018-02-08 00:00:00
a5d02c2843eb25d8d1be6217c7483c14,0bb2df81f240ddaa795107ec087ca5c1,delivered,2018-08-06 10:45:14,2018-08-06 11:04:42,2018-08-07 13:10:00,2018-08-13 16:12:24,2018-08-15 00:00:00
da5d2d1110b8d715a8e0b0f34e8dc744,69a96a3c8cf76c66532032497443bf0f,delivered,2017-07-20 19:06:16,2017-07-22 02:15:45,2017-07-24 20:46:05,2017-07-31 17:48:01,2017-08-09 00:00:00
f5eda0ded77c1293b04c953138c8331d,68f2b37558e27791155db34bcded5ac0,delivered,2017-12-12 19:20:28,2017-12-12 19:32:19,2017-12-20 20:12:42,2017-12-23 17:11:51,2018-01-05 00:00:00
86eb56a83df068fafba35f1a76537ce2,a37d16a945757e5fe3d11fba1fed79f9,delivered,2017-07-09 13:45:42,2017-07-10 13:50:15,2017-07-10 20:21:56,2017-08-07 18:12:16,2017-08-11 00:00:00
d87b1839583018f4810f6dc5b3a273e8,ae26dab25ea158e5cbd6c638b5417d17,delivered,2018-02-19 15:36:19,2018-02-20 15:35:33,2018-02-22 21:52:09,2018-03-23 17:56:34,2018-03-15 00:00:00
0dac8f895806df31441bc1a5aa485a4e,9a35cd72d679d18d0511d12482668e24,delivered,2017-09-10 10:07:32,2017-09-12 04:45:55,2017-09-13 00:12:02,2017-09-14 19:03:17,2017-09-22 00:00:00
8866f85227409d87f03ab02cd7f5a001,7232481584ed1d7808e4d0502bb58853,delivered,2017-09-25 05:47:54,2017-09-25 05:55:11,2017-09-28 12:55:38,2017-10-01 16:54:44,2017-10-17 00:00:00
dc9e43fc2961dea28d6a462186ad624f,e5cb4240958b9fe35fcb957d425184ee,delivered,2017-11-01 21:13:02,2017-11-01 21:31:24,2017-11-03 20:37:54,2017-11-06 18:53:15,2017-11-14 00:00:00
93b06656d7999e4508fb835a56f85d69,6d7fcad42b71ecdbbb4fbac3f1dff7c4,delivered,2018-05-08 22:15:04,2018-05-08 22:31:38,2018-05-09 10:34:00,2018-05-15 16:28:46,2018-05-23 00:00:00
af989bb9d67386206a89e31d2e402821,102b00e791c874402fd1b569ee8b3596,delivered,2018-04-19 13:07:52,2018-04-24 18:34:53,2018-04-20 23:58:35,2018-04-25 22:08:26,2018-05-14 00:00:00
35c16e53e67eb73077166edd4aa57fd7,6386b128d8da7a17d76bbb5cb3e7a9da,delivered,2017-08-22 20:31:49,2017-08-22 20:46:35,2017-08-28 19:32:36,2017-09-05 20:17:45,2017-09-20 00:00:00
458c3becc527a774b463c7beaa28b105,af3e4d3d475e09dfde313eb5d5215e9a,delivered,2018-05-09 17:41:21,2018-05-09 17:55:20,2018-05-10 13:41:00,2018-05-14 19:22:37,2018-06-05 00:00:00
44e74826cbf09295cbbfc17b6c4284e4,bd2da29472ad8831cebae2adcddc9b1e,delivered,2017-11-24 19:58:33,2017-11-24 23:13:34,2017-11-27 19:58:35,2017-12-04 21:38:32,2017-12-15 00:00:00
ae20eb35b4db0fe168b36c6c6e3ff0a0,06a18a653c5b6090fbf8c71d248f8ab2,delivered,2018-02-17 16:38:26,2018-02-17 16:50:38,2018-02-22 03:11:25,2018-02-27 19:58:41,2018-03-12 00:00:00
4969cddf1cd3a57ea95fe8c3b89a7018,a45263aab483c922ef8f82a89f86c4d5,delivered,2017-09-14 11:04:22,2017-09-14 12:05:10,2017-09-16 12:22:14,2017-09-25 19:17:49,2017-10-03 00:00:00
f28a6ea562f2a147658c1c5168bc8c20,6651a504bab85006b0dd63eb90438ee9,delivered,2018-03-22 14:09:04,2018-03-22 14:30:23,2018-03-23 21:58:34,2018-04-03 21:55:22,2018-04-16 00:00:00
a081d126973c9d0ea499b22774b035c5,b405f10fd88896496f62f1ff2a7d4aab,delivered,2018-06-20 11:17:13,2018-06-20 11:43:49,2018-06-21 10:27:00,2018-06-28 14:44:48,2018-07-13 00:00:00
087f003cb486254f7454eead9265e992,911420c471628353e4666a65eac5f0b7,delivered,2018-06-22 11:58:33,2018-06-22 12:20:27,2018-06-26 14:25:00,2018-07-06 18:22:41,2018-07-24 00:00:00
efe2108824219f6b3a7e54ef457bc91d,893a9e454d2a2cdbc233a20981a10429,delivered,2018-04-13 18:31:42,2018-04-13 18:52:12,2018-04-17 23:28:40,2018-04-18 15:06:55,2018-05-02 00:00:00
5218c57533d6d16fbff8d6b95330ad9d,8f6e7eb5a460dfe639b9d30c1105df8f,delivered,2018-05-17 16:59:26,2018-05-18 01:17:45,2018-05-18 13:45:00,2018-06-11 16:06:39,2018-06-01 00:00:00
055b1b19fcb7ec836c23f44053344b20,74f84652fb83fc62d4428d8800ac4d4c,delivered,2018-03-01 00:00:00,2018-03-02 02:15:34,2018-03-02 20:28:55,2018-03-06 21:42:02,2018-03-19 00:00:00
20ea67720234d8e46c6dc89f8b1dc16a,5d9f867c9b754341a52dfb264a455c96,delivered,2018-03-26 22:39:02,2018-03-26 22:50:18,2018-03-28 12:35:02,2018-05-26 14:54:44,2018-04-30 00:00:00
684497197738631cbe11c77e531a3220,04d134f760aef9a8a167cb60f55b9261,delivered,2017-11-24 10:28:02,2017-11-25 04:30:49,2017-11-28 20:59:03,2017-11-30 15:38:52,2017-12-19 00:00:00
d6b2cc5d981e25c858336cad7bde6e06,45beb20d0c410e52ebba517570f0e231,delivered,2018-08-03 15:34:16,2018-08-03 16:04:01,2018-08-08 17:11:00,2018-08-21 20:27:35,2018-09-05 00:00:00
c9bfa5aa446a8a2e13124ddcff398657,eb48d3319bc78a3ab31e30f2e309f18b,delivered,2017-02-02 12:08:12,2017-02-02 12:23:49,2017-02-02 16:40:29,2017-02-08 12:47:33,2017-03-13 00:00:00
6d5e087df6cf3e6440c325e21c9a1c7c,096e4afe8c8bea72cf73edcca7a74134,delivered,2018-05-24 15:43:12,2018-05-24 15:55:26,2018-05-25 10:11:00,2018-06-08 15:09:03,2018-07-05 00:00:00
f597474362522875e95179c13835e408,5828538d54a34d26e2e528eb926a3a65,delivered,2017-09-13 19:22:05,2017-09-13 19:35:14,2017-09-15 20:41:54,2017-09-22 19:49:03,2017-10-02 00:00:00
98cdb0b0199939368746cb2beba58efe,b56d919e0493a7ddf684105e54a51c5e,delivered,2018-01-21 19:57:34,2018-01-22 13:58:16,2018-01-23 13:59:50,2018-04-03 20:32:52,2018-02-14 00:00:00
5564c14d026bf6c92241f070bb98fb5b,55b1096689f3b208424ce621e1de6607,delivered,2017-07-16 02:12:36,2017-07-16 02:25:07,2017-07-18 21:27:52,2017-07-31 23:59:49,2017-08-08 00:00:00
9725a1c59138f30c5dba936ca3a2de34,eba3f6407778bb04d46966a1d80f84b9,delivered,2017-01-30 14:19:22,2017-01-30 14:35:58,2017-01-31 09:39:41,2017-02-08 13:14:50,2017-03-07 00:00:00
4e954b7896ab7bfa5bbb40484b682495,af73c0c87b6ae52088682b9718bf2e32,delivered,2018-05-03 06:41:55,2018-05-03 07:23:27,2018-05-04 12:08:00,2018-05-10 18:04:17,2018-05-28 00:00:00
aef214f769de82d355c5d2ab49e15891,d83a72326816260884edd05238aaa508,invoiced,2016-10-06 13:07:13,2016-10-06 16:03:13,,,2016-12-02 00:00:00
919dfcc9cd85179b6da8c06b39a29996,a2332c527274bf42f10b829c579f6c7b,delivered,2017-08-15 12:44:28,2017-08-16 03:26:16,2017-08-16 19:28:26,2017-08-31 11:34:28,2017-09-06 00:00:00
b5705b90cc2be21a072642381dad5f27,e5d25166e8ddb625ab9ec16629428e77,delivered,2018-01-17 16:15:28,2018-01-17 16:32:44,2018-01-18 16:26:35,2018-01-25 18:48:02,2018-02-16 00:00:00
31c2a4ddeb6a9db03922009a2dfcb254,83979a5effa437c8a99f07066147957f,delivered,2017-10-25 18:52:40,2017-10-25 19:07:43,2017-10-26 20:04:11,2017-11-03 17:42:54,2017-11-16 00:00:00
4fec92299349d37362908a6a5685a0d6,082d42b7dccd6b23d9bad4f1c9be3f6b,delivered,2017-12-11 16:07:29,2017-12-11 16:17:31,2017-12-13 16:09:45,2017-12-27 22:19:03,2018-01-10 00:00:00
dd213d835910436f5fbf274de5f1a5c4,58f34ae78c4146d80a6c5fe5cc66be22,delivered,2018-01-26 00:22:09,2018-01-27 02:40:19,2018-01-29 16:38:04,2018-02-07 18:14:53,2018-02-23 00:00:00
4c5b09946a035ad6b3cb60e25badeb5c,bc53760f528e8446590bb750d1b19498,delivered,2018-03-18 14:41:01,2018-03-18 14:50:42,2018-03-20 22:28:41,2018-03-24 19:33:17,2018-04-05 00:00:00
73b83fe6a84d80f819839c0f93413771,f94b96a35f591b64bb724774dc3754b6,delivered,2018-05-27 22:21:55,2018-05-28 22:15:23,2018-05-29 12:04:00,2018-06-11 17:22:14,2018-07-04 00:00:00
a2631791e4e10f8982af38bcdc3e09eb,a9ee925a5fa01427b561e490b3ea0616,delivered,2017-11-09 07:30:46,2017-11-09 07:46:08,2017-11-09 16:12:09,2017-11-22 13:25:42,2017-12-04 00:00:00
52a0e677ce75fbd71b0644f2de4466bb,0627dd353f7abd2a8272643d8a412b57,delivered,2018-06-13 16:56:47,2018-06-13 17:19:43,2018-06-22 15:03:00,2018-06-25 16:37:54,2018-07-03 00:00:00
73cb420370a44a68c6aa184d54b0bc19,dae7b889985b1c0500b588d57bfc71f9,delivered,2018-04-25 10:17:49,2018-04-25 10:30:47,2018-04-27 14:24:00,2018-05-07 20:41:38,2018-05-15 00:00:00
58b7b58044c3055e8323fd59eaebea69,214fdd83f30952a8958538d5c861b368,delivered,2017-06-20 19:31:28,2017-06-20 19:45:16,2017-06-22 10:35:01,2017-06-23 10:46:50,2017-07-10 00:00:00
081f94ba9d60353dcfa2200cf9bf42cc,3b4e6709397878a5a0887e037e31691e,delivered,2017-12-22 01:08:40,2017-12-22 01:29:43,2017-12-22 21:08:52,2018-01-05 21:33:40,2018-01-31 00:00:00
8e7c4bc6f83390fd197e3494442f1925,04c29d61a03932febec8dbc323b339da,delivered,2018-08-01 22:59:21,2018-08-01 23:45:08,2018-08-02 15:59:00,2018-08-03 12:52:49,2018-08-06 00:00:00
184470638d1eed17dd8215b62c63221d,3854f9f901f622d84cc9e87f3d602bc4,delivered,2017-10-22 21:59:10,2017-10-25 16:34:36,2017-10-27 15:07:57,2017-12-04 21:27:46,2017-11-22 00:00:00
8a4ec03292d13b2c7652022434a1d3d7,26561a602017fe86ccedf5ffe7502711,delivered,2018-03-22 16:08:23,2018-03-22 16:50:23,2018-03-26 21:58:48,2018-04-06 21:11:01,2018-04-16 00:00:00
ed256dd516630a01186afc04b6af7e11,4cfa9cdca0845923fc4c7b759b2f5c21,delivered,2018-04-15 15:23:10,2018-04-17 05:50:16,2018-04-20 21:58:24,2018-04-26 20:15:34,2018-05-11 00:00:00
79c5f579e409b09458cabc132855a2a5,1739dee582d93a96f098d56b594919c7,delivered,2017-09-20 15:24:58,2017-09-20 15:35:22,2017-09-26 14:17:55,2017-10-03 18:11:20,2017-10-05 00:00:00
ba305eaf10df01ecdb8d805b1a46d402,7094b5b7b45b130f1d56bfd571872adb,delivered,2017-07-07 12:19:47,2017-07-08 03:30:51,2017-07-17 11:04:32,2017-07-26 16:23:08,2017-08-10 00:00:00
4f7e7db8a14c1448fb17c00bcf1b8564,530e5d7fd09d33907a540e0c8014b7cb,delivered,2018-03-27 07:58:37,2018-03-28 08:10:19,2018-03-28 23:08:28,2018-04-05 21:03:31,2018-04-17 00:00:00
a10ad0776eab0418fa809d168e1dbb8c,3140dc6a8aa86c1775cce2f62aff2b9d,delivered,2018-02-27 19:08:45,2018-02-27 19:28:21,2018-03-12 23:31:27,2018-03-26 23:34:45,2018-03-23 00:00:00
f943e18398079cee438234bf6482996e,7220c5e391b6c80f16ffcca8a67a3382,processing,2017-10-12 11:18:32,2017-10-12 11:35:19,,,2017-11-08 00:00:00
44d404776504ffd7bb6d7b36723f8295,a2068c82ad9b4be64dd9d98d2a4f0cad,delivered,2017-10-22 13:05:35,2017-10-22 13:14:50,2017-10-23 14:59:55,2017-10-26 16:04:14,2017-11-09 00:00:00
1a8d9ee4ef14ca8feb96e914f51b9397,60a13661d952a5128a7c81ea31e54727,delivered,2018-03-01 18:15:16,2018-03-01 18:31:17,2018-03-06 02:37:47,2018-03-13 12:24:41,2018-03-26 00:00:00
73950eeeb87a86705a2e3c7f42f1b4bc,a90390cdb48b4c1ddfd36ecc316b6f55,delivered,2018-03-19 10:17:51,2018-03-21 02:49:08,2018-04-04 20:38:20,2018-04-19 20:04:49,2018-04-25 00:00:00
d2b03101f40ceec33aab383966db0328,e067c5f0b3c6eacbeec80ba912dd913b,delivered,2018-07-11 08:56:54,2018-07-11 09:10:10,2018-07-13 11:06:00,2018-07-27 13:16:38,2018-08-06 00:00:00
5c05c6001482248cca1f553a2c0b0421,db9f09e1ec1d7c46410b18e080e6b76f,delivered,2018-07-14 12:07:45,2018-07-14 12:24:01,2018-07-16 13:22:00,2018-07-25 14:47:47,2018-08-08 00:00:00
0c7fc95baa5e16992ed412ccea7f28b3,a25c191eb1025845e8e9d1d806fa2605,delivered,2016-10-05 08:46:55,2016-10-07 03:10:06,2016-10-11 03:10:07,2016-10-14 03:10:07,2016-12-01 00:00:00
f6b21dc04fd9a818939dd9aeb45d9b37,a8a153895e1044c150faab7bf0b25779,delivered,2018-04-10 21:25:11,2018-04-10 21:35:24,2018-04-12 23:21:18,2018-05-04 10:52:23,2018-05-04 00:00:00
7e41e7372ce6842cf380d475bf0927b4,980928c534a28c442a6865b079068f7c,delivered,2018-08-15 10:57:59,2018-08-15 11:10:39,2018-08-15 16:11:00,2018-08-20 18:28:46,2018-08-27 00:00:00
4ff030f2bf3f8741d3843193abca39fa,03500f262532234525663b2c3ac1ef57,delivered,2017-03-28 22:47:25,2017-03-28 23:02:59,2017-03-29 14:05:28,2017-04-11 15:35:18,2017-04-24 00:00:00
29d213d4cf25b10351ee72f7456bec18,1c6669022d784934e20b9378fb8fff57,delivered,2018-03-20 14:13:51,2018-03-21 14:15:24,2018-03-22 19:43:40,2018-04-06 00:27:27,2018-04-10 00:00:00
32b5ca23bd0b8761a4e3c0fb0b4b4418,437b67468f56a09b2d203a6defb68519,unavailable,2018-01-22 09:33:58,2018-01-22 14:14:41,,,2018-02-19 00:00:00
5cc63affb50754b86ebcc046f957c65b,5121b60fe85120745d60d63d92011641,delivered,2018-04-04 21:11:20,2018-04-04 21:28:40,2018-04-05 20:03:38,2018-04-16 18:09:43,2018-05-04 00:00:00
83b5eac035d0483bb62a711d4d4d3761,693d75d66a44f39ce21c963b90cc9efd,delivered,2017-06-17 14:11:43,2017-06-17 14:23:08,2017-06-19 20:12:25,2017-07-06 09:21:46,2017-07-11 00:00:00
baf664f0589b605f58b9e6630f0f267a,ada8a8ca0c1a864faf637fad00538a71,delivered,2018-03-01 15:29:58,2018-03-01 15:55:35,2018-03-02 19:48:59,2018-03-15 23:48:36,2018-03-20 00:00:00
18837d7b525922b9023193325e574a6c,a3f2f76214e3712c7a3fa44c354c401d,delivered,2018-01-19 15:48:49,2018-01-19 16:15:02,2018-01-22 17:39:33,2018-01-29 17:56:57,2018-02-16 00:00:00
111ba12ad74e09e86c3d2918f56ccd20,5739b7feac165afca076b1597217d42c,delivered,2018-03-12 16:06:03,2018-03-12 16:27:20,2018-03-14 00:28:33,2018-03-14 17:59:28,2018-03-29 00:00:00
46279a0f0a826ba71e8316ba2be1a6c2,5e5744dce2d5844c78f197f1656a870c,delivered,2017-08-29 15:19:18,2017-08-29 15:35:30,2017-09-04 14:52:04,2017-09-14 20:37:31,2017-09-25 00:00:00
957dd53876f89c2fcc4d8448da116430,34100a4dbede2b468776b48be503386e,delivered,2017-10-19 15:30:20,2017-10-19 15:49:15,2017-10-24 19:45:51,2017-10-30 15:44:02,2017-11-22 00:00:00
9be6ae94773e11cec0981a4abf939445,0a056fbf5454d67770ff0787b3235200,delivered,2018-06-27 22:45:37,2018-06-28 22:49:45,2018-06-29 13:32:00,2018-07-02 19:11:45,2018-08-06 00:00:00
d5902cac4c3d618b3565811476e06ea4,d722da5879a40dcc6a68bdeb5de48f99,delivered,2018-03-05 18:13:14,2018-03-05 18:31:22,2018-03-07 19:23:29,2018-03-13 19:11:56,2018-03-21 00:00:00
aa1370235ef192d1702585435015b9b8,f90c0b67909aef5401de1537c2ccac12,delivered,2018-02-23 11:25:38,2018-02-27 04:31:22,2018-02-28 18:25:37,2018-03-09 00:34:30,2018-03-26 00:00:00
49db6a08de9b99d6d0237da803888c22,82d3b9013ae1ca97bd0104381fcee9de,shipped,2017-04-21 16:21:00,2017-04-21 16:35:11,2017-04-25 09:59:13,,2017-05-26 00:00:00
27a8d640e6a7be5a3b77ee064c07feea,0e477ff075da653798461adff6337e5b,delivered,2018-03-04 13:13:17,2018-03-06 03:50:49,2018-03-06 18:58:44,2018-03-20 15:57:39,2018-04-05 00:00:00
876129e028b320a2332ad52db2762162,a59c5d6fd28b339cfe2a3f15811df273,delivered,2018-04-26 17:48:19,2018-04-27 17:51:37,2018-05-02 15:39:00,2018-05-03 22:48:45,2018-05-15 00:00:00
d6a043b1faaa04d723fbbe8b015f0dd6,333d057b8000f250bb2dbf5b6359799a,delivered,2018-07-03 22:53:45,2018-07-05 16:27:05,2018-07-04 12:09:00,2018-07-11 12:54:49,2018-07-18 00:00:00
f56432d05172df07d256233e2b1f36dc,f7c730eaa324c05033ac44482660fe07,delivered,2017-11-16 19:50:58,2017-11-16 20:12:20,2017-11-22 17:41:18,2017-12-12 21:58:58,2017-12-12 00:00:00
a28ce0c52557b5cb81dac197086d476b,8e06b4fe1fa2671455737698048ce8f6,delivered,2017-09-26 17:41:21,2017-09-26 17:56:21,2017-09-27 15:25:46,2017-10-02 22:38:08,2017-10-24 00:00:00
a517b2402ab4954360e54c6c0ad9428f,77be6cf3c183529ec6300930e2d00e69,delivered,2017-08-18 14:51:39,2017-08-19 02:15:38,2017-08-22 21:06:57,2017-08-30 01:22:22,2017-09-22 00:00:00
f784c3e2e91e3c878a6e56b335f2a4b3,1ad3e0ada7c941683f3dfcfb804d01c7,delivered,2018-04-01 22:03:48,2018-04-01 22:48:17,2018-04-02 22:21:15,2018-04-10 00:48:36,2018-04-20 00:00:00
0a3e09ae60d6eb7338e353c0c323eabf,bbc12ed5c232b6608aeb60a1ffc9611e,delivered,2017-10-07 14:02:36,2017-10-07 14:14:10,2017-10-09 21:29:55,2017-10-13 18:57:57,2017-11-08 00:00:00
5631abbdf043a1a011622843c076cec1,bfd92be530e742fb7109e67b08b14104,delivered,2018-02-20 16:33:18,2018-02-20 16:50:49,2018-02-21 20:46:50,2018-03-21 14:56:22,2018-03-28 00:00:00
444cac26abc4e08633d89fb741c242d8,47f43c0d4abe700de3511c779bc31f36,delivered,2018-05-16 00:13:04,2018-05-18 08:36:37,2018-05-18 13:16:00,2018-06-05 20:42:09,2018-06-05 00:00:00
91681be83015c5760383644518e80ec6,8feec2433a70d8889d09ad0326e64d6e,delivered,2018-08-08 20:04:21,2018-08-08 20:15:20,2018-08-14 13:59:00,2018-08-28 15:08:21,2018-09-03 00:00:00
5f351b2d110b39ec4b884f67ee59712e,806506dfe3d2254fc15ce9d6fe1d6c05,delivered,2018-05-10 18:09:07,2018-05-10 18:30:36,2018-05-11 12:26:00,2018-05-18 20:45:41,2018-06-07 00:00:00
fa21661c4501069a0726697b9d207400,9af38b73db100c8ddc47988d6f385f6e,delivered,2017-02-22 20:39:41,2017-02-23 02:35:11,2017-02-24 13:32:42,2017-03-24 09:22:30,2017-03-31 00:00:00
6e60f42eb32450c23ec4595056312745,d015acea9c4daffed2c50531e217862c,delivered,2017-08-26 19:03:32,2017-08-26 19:24:05,2017-08-29 20:09:16,2017-09-04 23:30:10,2017-09-18 00:00:00
1500991a912c8a687bd6536ddf9ee4b3,974bf7499a6da163928495c14f77489c,delivered,2018-02-17 15:19:16,2018-02-20 07:15:42,2018-02-21 20:33:43,2018-02-24 00:07:55,2018-03-06 00:00:00
0f42926c2892dcd8785fd0c27c5876aa,88d1842f65010040a5a222a756260d64,canceled,2018-02-24 17:22:11,2018-02-24 19:27:16,,,2018-03-16 00:00:00
0308fbee05263aa1eb0b932e2dc7b4fd,9a9c7c7779a50a08dea119e930e06fe3,delivered,2018-04-27 21:50:44,2018-04-27 22:10:56,2018-05-02 16:17:00,2018-05-09 21:08:50,2018-05-30 00:00:00
59da0d6767ec282e26ad95f315276dbc,0c9c3baecd7d29ce00d0f64e0f92bef9,delivered,2018-05-26 09:47:12,2018-05-26 10:19:19,2018-05-28 12:28:00,2018-05-29 17:31:27,2018-06-21 00:00:00
72eb322e753c28b18819556635ae9a1c,3387ad457bc4dfcee876ce0f8a958207,delivered,2018-04-15 23:07:24,2018-04-15 23:32:16,2018-04-16 22:10:41,2018-04-17 21:58:25,2018-05-03 00:00:00
6e99e00d06b2de1af0dbb50c14d7cf53,46c8b563eb3f1cde2139664d32f925fc,delivered,2017-12-07 15:52:49,2017-12-07 16:11:30,2017-12-15 22:04:15,2018-01-04 15:34:29,2018-01-10 00:00:00
625f92d47eee6330318032089c61a90e,5c6db305f9c93964673f2c3f02d49549,delivered,2017-12-08 23:57:02,2017-12-12 03:54:29,2017-12-19 10:31:54,2018-01-24 01:15:11,2018-01-03 00:00:00
ea857ad0ce4b75ad53e58520fd4f8e00,4e3549d2f9522097f6b465f8c5df340f,delivered,2018-07-19 16:08:48,2018-07-19 16:23:19,2018-07-31 09:25:00,2018-08-03 19:56:50,2018-08-24 00:00:00
7598147ec12a15c62a1350443e7ad42f,d9f88948b98b2570e2f689b85416ed6e,delivered,2018-07-11 15:03:35,2018-07-11 16:47:29,2018-07-13 07:02:00,2018-07-21 13:48:32,2018-07-27 00:00:00
00f251b943aba645652c7138e4716fee,3d54e262ab34438486bd0eb8bf022c2f,delivered,2018-08-13 11:18:25,2018-08-13 11:44:26,2018-08-13 14:37:00,2018-08-20 18:36:41,2018-09-03 00:00:00
ae94c1cc378bdf3a430f77809a22ee67,a8f7f563fab1e6984703953f2eb47689,delivered,2018-08-17 10:55:49,2018-08-17 11:10:18,2018-08-20 08:19:00,2018-08-29 19:18:50,2018-09-10 00:00:00
c2d5c65518eacd599632e3d287f5f818,f1d808f68f98869730fc61e3d00af4fd,delivered,2017-12-13 15:21:33,2017-12-13 15:32:23,2017-12-15 22:42:52,2017-12-21 20:43:48,2018-01-09 00:00:00
9df989b3f2e35193ee15acb0a5c6964c,5d3b65dee5a46179efe2b367b3a65680,delivered,2018-06-12 11:45:41,2018-06-12 12:43:29,2018-06-12 14:36:00,2018-06-20 16:46:57,2018-07-11 00:00:00
ee12a50463df80c62439cca9feb9f971,cba8ac673c3f5b4fe32ab4b08f01e08f,delivered,2017-02-01 14:38:41,2017-02-01 14:55:08,2017-02-03 10:42:40,2017-02-07 11:27:32,2017-03-06 00:00:00
eb5804335701601b3c9c35696f6ec4d1,222823cf51bc2bca76020f8e1a5f23e7,delivered,2018-02-24 13:28:46,2018-02-24 13:47:34,2018-02-26 20:43:36,2018-03-13 17:47:25,2018-03-23 00:00:00
cb233c021d1912e8f7d4ccb5153e0174,8dced7470b5bc14d4f839b73980acf30,delivered,2018-07-24 14:40:42,2018-07-25 02:44:23,2018-07-26 12:19:00,2018-07-30 23:13:36,2018-08-10 00:00:00
93791e16d527404f5b4e2ea370afa984,b43c81ced7435c5212e787b5b4c93513,delivered,2017-09-11 17:37:41,2017-09-11 18:04:36,2017-09-12 20:38:39,2017-09-15 18:16:54,2017-09-29 00:00:00
a367cb36e03523fd763a8782ad9ba177,4cf3e3c5c19ffcd9d7d4e1d78f966aca,delivered,2017-03-06 11:04:32,2017-03-06 11:23:08,2017-03-07 15:39:41,2017-03-13 11:59:02,2017-03-24 00:00:00
bcfacaaecd67dc247a67377e23b348ae,0a88dbb52560ef62331305c8c92488b8,delivered,2018-02-04 12:49:51,2018-02-06 05:31:48,2018-02-07 19:04:04,2018-02-14 22:33:38,2018-03-05 00:00:00
c2bce329663d32641334c53c60a3a1a5,b589575e52d81cad82e93862c420442a,delivered,2018-04-25 16:59:48,2018-04-25 17:32:53,2018-04-26 09:29:00,2018-05-04 19:23:40,2018-05-22 00:00:00
ed737c73d49d514352d4a57de3ca77c2,d086a279ceb2b9b292aa7532ed22b9d7,delivered,2018-04-22 13:00:23,2018-04-24 18:22:44,2018-04-24 11:22:13,2018-04-30 08:52:33,2018-05-21 00:00:00
01d13850e74efca9a86fe812940de070,efc248b5fcc421d31a203cf79d92ecc2,delivered,2018-04-12 11:38:28,2018-04-13 13:14:06,2018-04-16 17:12:06,2018-04-20 01:24:43,2018-05-03 00:00:00
982721650f1a226d3b11b4d852d461d2,8173274b8440c95342eaf3e7cbae101b,delivered,2018-02-26 12:20:10,2018-02-27 04:30:55,2018-02-27 19:33:53,2018-05-07 18:16:28,2018-03-21 00:00:00
fcf3f4101d34a36c71f1f83b811e88c1,a59323ad5a658a37baf2a4f63899e69c,delivered,2017-11-23 07:19:20,2017-11-24 03:09:53,2017-11-24 22:03:23,2017-12-19 18:44:36,2017-12-14 00:00:00
fb7df543b6622d01dba2c9340a23bb30,0971e2b38bc165dd8bf1b9d24a054890,delivered,2018-08-08 19:56:36,2018-08-08 20:10:21,2018-08-13 16:20:00,2018-08-18 18:13:48,2018-08-31 00:00:00
1f63547f5743b270843ccf840f00108a,f43d9a5994fb99bb2e14160e12666442,delivered,2018-02-05 22:54:03,2018-02-05 23:10:36,2018-02-06 23:53:06,2018-02-21 23:42:46,2018-03-08 00:00:00
2b7e043a45afd5cae23ce498b699c9b7,4b78ae369ba9e647f8a4bd95a8cf9ae2,delivered,2018-08-06 19:10:06,2018-08-06 19:24:35,2018-08-07 12:54:00,2018-08-13 15:55:39,2018-08-17 00:00:00
15bf8f6816bf9ff38c4262721f55bf54,d206278798571fd6765608ead0dcd8db,delivered,2017-08-16 10:07:24,2017-08-16 10:25:10,2017-08-17 19:24:36,2017-08-21 18:58:15,2017-09-05 00:00:00
23f55194f215ebf6254bc34d267f7d9e,5c64fe29430b2b017083fe22fc224ba3,delivered,2017-04-04 09:36:12,2017-04-04 09:50:21,2017-04-06 14:42:29,2017-04-12 13:07:51,2017-05-02 00:00:00
17cc6728043d53cc948551dfbf0a338b,dcfb92c7e6d519560090aeb5bfa03f0c,delivered,2017-11-25 12:14:38,2017-11-25 12:33:04,2017-11-28 18:19:49,2018-04-16 23:26:51,2017-12-27 00:00:00
5685bb72678077930e5c1f790e2995c5,0dc681657ffbc04e9e47078efa1da46a,delivered,2017-07-07 20:11:46,2017-07-07 20:23:24,2017-07-11 20:52:02,2017-07-17 20:42:52,2017-08-10 00:00:00
6e5c31c66b865277bb6bdb23c7872c9e,5fa1b89cae3baa0acf6ae160651b7876,delivered,2017-08-05 18:39:15,2017-08-05 18:55:11,2017-08-07 23:54:51,2017-08-30 22:45:33,2017-09-11 00:00:00
98ea9e3a50ac5f573105815f3e0059cb,cabe4712cc6cf1fae16b386be90d6a76,delivered,2018-04-10 09:04:01,2018-04-10 09:15:10,2018-04-14 00:31:45,2018-04-25 21:58:27,2018-05-02 00:00:00
fa03573c5b1e111542c72cbb1453c85b,273bc1dc67aa458215ef8bb8f9dbaf55,delivered,2018-08-20 12:40:44,2018-08-20 15:35:42,2018-08-22 13:28:00,2018-08-27 18:41:38,2018-09-04 00:00:00
48d545666a0d9303e1ef851ae9465976,dd0d5aef2ca63a04c68e4b3ea19a1a59,delivered,2018-01-10 08:28:00,2018-01-10 10:32:07,2018-01-11 20:59:11,2018-01-15 19:10:43,2018-01-29 00:00:00
ddc1ad74baf8bdaaaf50180cccb24d71,f9b659b91eeb363feb311c590fe4c9f8,delivered,2017-12-22 18:06:06,2017-12-22 18:29:35,2017-12-26 16:56:58,2018-01-04 21:07:43,2018-01-29 00:00:00
58683439e5d8a39e9b0a7c4b2f1ff8c2,e8407e62e92117ad97cb1e74cc036c93,delivered,2018-03-09 15:06:39,2018-03-09 16:10:30,2018-03-14 00:51:41,2018-03-23 17:09:00,2018-04-10 00:00:00
f8dae62cf3515f978a53413b1d707a31,23f4ee81c0a9260bd331c8f510dc8d99,delivered,2018-07-04 00:02:59,2018-07-05 16:14:24,2018-07-06 11:03:00,2018-07-11 01:08:58,2018-08-01 00:00:00
9b96c33e47ad3e23f341f8ca340f63ff,fcb99b368b1a2403b7219f4c8d48d60b,delivered,2018-04-28 11:28:40,2018-04-28 11:50:52,2018-04-30 07:37:00,2018-05-04 10:22:13,2018-05-21 00:00:00
5718be47d367f91087182c0b796f77fb,b8d610c97390e7f8649df33e3f69584c,delivered,2017-08-03 09:40:25,2017-08-03 09:50:11,2017-08-03 21:13:38,2017-08-07 19:56:30,2017-10-02 00:00:00
5535824c4716c782eed6edd2624a79ce,581ed420cd31ed56bec49cff51d2e42e,delivered,2018-05-05 18:06:22,2018-05-05 18:30:12,2018-05-07 08:53:00,2018-05-10 14:37:33,2018-05-23 00:00:00
148315308166c0a08ca10ecf9d8420af,f9c59a6fedaa2f0bc67cd03f30f02421,delivered,2018-06-16 22:10:41,2018-06-16 22:36:12,2018-06-18 13:27:00,2018-06-29 20:22:59,2018-07-20 00:00:00
d2570454fa1bbea98db582b76abdc800,ceb261820cbf2a3fa6026426ec06aa78,delivered,2018-08-01 17:15:29,2018-08-01 17:30:11,2018-08-02 19:35:00,2018-08-03 15:22:56,2018-08-08 00:00:00
f9649c12307baa46d80875cd558b3e36,d30de15de3c5be7025a72d3f114b62ac,delivered,2018-02-26 18:44:46,2018-02-26 18:55:30,2018-02-27 23:32:19,2018-03-01 17:37:09,2018-03-13 00:00:00
d9a03aaa586760cdcfb4aaddbcfd0767,6c25309593351b489bdf6acb8e186375,delivered,2017-03-11 19:06:15,2017-03-11 19:06:15,2017-03-16 06:14:54,2017-03-20 13:39:23,2017-04-05 00:00:00
9f353d55cebbc63a3eb1bf5d53774ab5,652c90c96d514383465d6ae2b89dc861,delivered,2018-02-05 13:05:33,2018-02-05 13:30:37,2018-02-08 00:26:55,2018-02-09 21:11:54,2018-02-21 00:00:00
bcd881f346c66116b4cf838352ea8eaa,c10abefbb5ea3c13765ae51ee5b7966e,delivered,2018-07-21 11:39:34,2018-07-21 11:50:16,2018-07-25 14:08:00,2018-08-01 19:54:25,2018-08-13 00:00:00
335fecd3c4c9287451e9116aa7f53440,8ac5f605232e1545d43d7a0dc18cb477,processing,2017-09-21 17:03:07,2017-09-21 17:10:27,,,2017-10-17 00:00:00
d34efc5776b7e371eb16a184cf51b2a0,4bc1e3737b598519c907f5b203f08044,delivered,2017-12-11 08:55:34,2017-12-11 09:10:43,2017-12-21 16:27:06,2017-12-23 10:13:57,2018-01-04 00:00:00
077a77e315e3b317121a0af9962e122b,6457e3fd7f768aef7be536207c963d9f,delivered,2018-05-11 10:35:33,2018-05-11 10:58:06,2018-05-14 15:21:00,2018-05-21 23:44:22,2018-05-25 00:00:00
ab624383f19eac12ba7d277b58378c7c,78f9bb3f08999230469876f27fbda918,delivered,2017-02-10 10:05:12,2017-02-10 10:25:18,2017-02-10 14:56:57,2017-02-17 17:44:00,2017-03-13 00:00:00
8dabb452ae99a1e4d68d506101882e7a,c6ca3f94246a2464e5039cf39d704640,delivered,2018-06-22 12:12:58,2018-06-22 12:36:25,2018-06-26 11:26:00,2018-07-03 03:32:46,2018-08-01 00:00:00
cc2a815c27056f7c5770b6a14d422863,330c38b2460346c6dc474f3819707500,delivered,2018-07-02 20:39:32,2018-07-05 16:19:07,2018-07-12 11:14:00,2018-07-16 12:41:32,2018-07-26 00:00:00
4e6d7850a35e8bcc047c20022709484f,2d76e106e982340677c64b2adb60e471,delivered,2018-01-09 22:55:44,2018-01-10 10:32:03,2018-02-07 15:38:50,2018-02-16 18:09:52,2018-02-01 00:00:00
75bb0242b1adbfca55d87a6bbc34cd8b,0c877fbd5c91be5e1ab82f5df3f29fcc,delivered,2018-02-26 15:18:24,2018-02-26 15:35:32,2018-02-27 23:37:53,2018-03-15 17:06:53,2018-03-28 00:00:00
b6480a468bd89b1732a3e73ba16a270c,111997ec0859f110522368071ef7c63b,delivered,2018-04-30 17:15:21,2018-05-01 02:36:24,2018-05-02 07:17:00,2018-05-16 12:42:08,2018-05-22 00:00:00
9e813e49b77c015771ec80e16207d7b5,df4884b24ec1115c29871b4fd641105c,delivered,2017-04-04 07:07:26,2017-04-04 07:22:19,2017-04-04 15:22:56,2017-04-08 03:33:12,2017-04-27 00:00:00
253c8653b64a17c18b729399e14c42cb,6d91da53c1c48b756d84ef4eb54550ab,delivered,2017-06-29 11:51:38,2017-06-29 12:04:25,2017-07-03 14:51:50,2017-08-10 20:57:50,2017-08-03 00:00:00
e21d9f9d7baf59d4861e81e425fc00fe,06068b0a0ad0813d270fee5969eafd5b,delivered,2018-04-05 16:26:27,2018-04-05 16:35:31,2018-04-06 19:28:42,2018-04-17 19:49:44,2018-04-30 00:00:00
ba353ad7c7f218cd458bde871ae720c5,199611abfa6c811bdfb0195e478c9123,delivered,2018-06-10 07:45:21,2018-06-10 10:30:46,2018-06-11 16:02:00,2018-06-18 20:22:16,2018-07-18 00:00:00
4d4f0a2b7d8c2a94623536fd009a499b,8a14a7fe76e5f1aeda093186943ebbd0,delivered,2018-03-02 16:04:27,2018-03-03 02:51:19,2018-03-05 19:09:42,2018-03-12 13:48:37,2018-03-21 00:00:00
4a90af3e85dd563884e2afeab1091394,9d6837f9700a3441e7183bff3bc4eef0,delivered,2017-08-21 20:35:44,2017-08-21 20:50:19,2017-08-29 20:33:29,2017-08-30 16:07:13,2017-09-01 00:00:00
2b745ccd6f667dcd824b9ab05352b0dc,a61708ccfef1de13fb39718cca863c0d,delivered,2017-09-02 22:37:02,2017-09-02 22:50:11,2017-09-05 21:33:10,2017-09-13 22:59:55,2017-09-26 00:00:00
8501926dd0837d694fc5af339c02a6b2,d2ef89d49d17e2fc893a8ba62913d2d1,canceled,2018-08-07 22:50:37,2018-08-07 23:05:23,,,2018-08-20 00:00:00
357b4b724bbf34f1d64b1c5dfdc88120,30c96385d694acb8aa2dc0df1770120b,delivered,2018-01-24 02:22:12,2018-01-24 15:57:52,2018-01-26 21:28:37,2018-02-07 17:42:55,2018-02-22 00:00:00
b865e2a136f1f12fb4fcc46a1188d1c8,0f7d405173d082eab2ec926d5de71b38,delivered,2018-05-18 15:29:45,2018-05-18 15:55:30,2018-05-21 17:07:00,2018-06-07 19:38:37,2018-06-07 00:00:00
bf1153abdf89996908c39f09de39d79b,7c88a2d2b472f20ec432895b87f33ddd,delivered,2018-04-16 15:06:17,2018-04-17 04:11:41,2018-04-18 18:52:46,2018-04-27 20:58:43,2018-05-07 00:00:00
6eb0408a126523fa821e4b54911c630f,1921bb5b1168e57bec4df798ff60f33d,delivered,2018-01-23 10:43:23,2018-01-25 02:38:30,2018-01-29 23:19:37,2018-02-07 22:23:38,2018-02-20 00:00:00
c5bff3d6b9585e55844afce2a2061259,b7e6fe20dcf335975cfc4b09e4e9f1dc,delivered,2018-05-16 17:25:17,2018-05-16 17:57:40,2018-05-17 12:38:00,2018-05-25 19:37:25,2018-06-04 00:00:00
9dc73926d7aef761a7bfcfc395d735db,6027e51fabf39978c11517a9b644b457,delivered,2017-11-24 10:18:56,2017-11-24 12:52:50,2017-11-27 18:52:21,2017-12-15 23:28:35,2017-12-18 00:00:00
746c571ef93dfd0c1ee0a6d4e9d983c7,4d1edb31fa8f56d259895f5d46064753,delivered,2017-07-11 13:28:41,2017-07-12 02:15:42,2017-07-14 16:25:52,2017-07-17 18:58:06,2017-07-24 00:00:00
75b6f8722f53c2f4ec267dfeaaa8808a,54145958306ea638f01b8f3817d2d434,delivered,2018-03-29 17:16:22,2018-03-30 03:10:22,2018-04-04 21:32:40,2018-04-05 14:10:43,2018-04-18 00:00:00
d8dbce6a7e7afb5ee03584eea5a61779,52099923ca2008fe5dec60b1f9686326,delivered,2018-04-04 08:15:39,2018-04-04 08:30:20,2018-04-06 22:07:26,2018-04-16 21:37:52,2018-04-30 00:00:00
a112ffd9157da040b7951b8bb6bb2fba,f199293a1cd17c4e0c71a13f02a34a7c,unavailable,2017-02-11 17:32:35,2017-02-15 11:33:15,,,2017-03-14 00:00:00
0d12f20556892f2a5aca4f39fb613a07,60bb8e0e1f7e340af936ec2882d8ae8d,delivered,2017-03-06 15:45:35,2017-03-07 04:15:30,2017-03-08 16:03:58,2017-03-14 15:12:40,2017-03-27 00:00:00
1f8c89e0b4033cf3a956761da1a72f5c,080b3abcb4fd60a7ebbafaa21eba5b3e,delivered,2017-11-29 10:34:08,2017-11-29 11:00:00,2017-12-06 17:33:38,2018-01-09 19:53:05,2018-01-02 00:00:00
2d8265bb0095c7d253c85443f588d1ec,6d79c0a5b49bf9be596804730aa741aa,delivered,2018-05-13 18:26:40,2018-05-13 18:53:46,2018-05-15 17:35:00,2018-06-05 13:17:38,2018-06-06 00:00:00
4e0158c628911a5f52cfbc38242c0d08,c7858f425c53bf289b58bbca491fdfb6,delivered,2018-02-02 12:58:05,2018-02-02 13:55:32,2018-02-07 20:11:39,2018-03-06 01:04:47,2018-03-06 00:00:00
c20880befd228c3983ddefda4f2549db,f6f71a017148c4026116257e000e95a7,delivered,2017-05-20 19:30:11,2017-05-21 09:31:16,2017-05-22 10:06:03,2017-05-23 13:43:27,2017-06-02 00:00:00
fc2e6761bfacdd06ef4b5e8c8d9ae9ec,bf061308493e0c4623290c2701189955,delivered,2017-05-24 12:14:21,2017-05-24 12:30:24,2017-05-29 09:49:26,2017-06-06 16:42:52,2017-06-13 00:00:00
5f358d797a49fe2f24352f73426215f6,e44e2e5c3ad690e075b368557195abb7,delivered,2017-08-10 14:01:14,2017-08-10 14:23:36,2017-08-10 20:05:38,2017-08-11 17:45:52,2017-08-23 00:00:00
00f9b6769c6648ac08bf43081d1f2b07,66f800bfc254bf9cec8041dd1896fcb7,delivered,2018-05-12 09:34:32,2018-05-12 09:54:26,2018-05-15 14:53:00,2018-05-25 16:54:36,2018-06-19 00:00:00
b31a540b397cb096c3c5252eab692c9a,bc041b8a3da19925bf859950c7c438a0,unavailable,2017-11-24 12:56:49,2017-11-24 15:13:14,,,2017-12-27 00:00:00
dcafc8a38571b2f390004e0d85867df8,7233254ad0fc9fd33b98c5ae2c3f1e39,delivered,2018-08-15 14:45:24,2018-08-15 15:05:28,2018-08-17 12:22:00,2018-08-18 17:48:36,2018-08-20 00:00:00
94c785b60f1db2cc7416df3f2326704c,2cdead18d006d4e2fcc3166e71f3f8d6,delivered,2018-05-20 15:56:52,2018-05-20 16:19:21,2018-05-21 14:20:00,2018-06-04 15:37:35,2018-07-17 00:00:00
0d73da8896404cedc9b3a6e25e6d94b6,fca768505d33bd3a5565d51851b3d5ad,delivered,2018-08-09 18:02:26,2018-08-09 18:10:20,2018-08-17 13:20:00,2018-08-20 21:23:48,2018-08-23 00:00:00
d0521cc69329a4336d7cd8919963d105,c5846f35fc6d2984edc5c4d52a8faa43,delivered,2017-06-27 11:18:29,2017-06-27 12:24:06,2017-06-28 08:53:48,2017-07-04 15:27:37,2017-07-24 00:00:00
c4656b642015582ea0e3cc4e6271d795,06ea718b69bcb8f124ac69512c21c231,delivered,2017-12-13 22:38:21,2017-12-13 23:20:21,2017-12-15 20:34:17,2017-12-26 18:22:27,2018-01-08 00:00:00
79428b028497103cbec29a129491bc63,cbbe4babc36298f2fee55640abc4762a,delivered,2017-12-29 14:19:21,2017-12-29 14:28:20,2018-01-04 20:22:17,2018-01-08 18:29:33,2018-01-30 00:00:00
abd7d619de0d42df3a64707190c05bb6,1f72dd32d17ef87a76bb334c45094010,delivered,2018-07-07 09:21:43,2018-07-07 14:05:47,2018-07-27 11:03:00,2018-08-03 16:46:39,2018-08-13 00:00:00
3a650c50958d54a9beebc3db169500cd,7429462259e9d39e60127253ab7bdbe7,delivered,2018-02-13 23:19:30,2018-02-13 23:30:32,2018-02-15 21:30:14,2018-02-23 01:59:56,2018-03-01 00:00:00
81964f82f03b74bb44ad9b9dd2908a77,8923748881382b63461d599d6b0d1b65,delivered,2018-03-01 21:18:52,2018-03-03 02:51:17,2018-03-05 19:56:34,2018-03-22 20:48:38,2018-03-22 00:00:00
5595480d373b37e5738fc085dd9bcb8e,1886971071676d7bea37a3a458a07388,delivered,2017-10-08 17:23:59,2017-10-10 03:35:27,2017-10-10 16:56:09,2017-10-24 13:37:55,2017-11-14 00:00:00
4d21276afd29a3f70e49766a9848d19c,83e4d344f3b14f96050798d2efb6032d,delivered,2017-02-08 13:14:41,2017-02-08 13:30:16,2017-02-09 13:03:00,2017-02-17 14:56:25,2017-03-15 00:00:00
993fcce2140b7440c34a447faedea0d6,8451ec0d95319062cc9c6911b2f8924a,delivered,2018-02-04 17:11:22,2018-02-06 09:10:24,2018-02-06 19:22:01,2018-02-19 12:57:36,2018-03-07 00:00:00
7ddace81184c314bfaf0e0632b130f8f,8f340281ff5d3d7ed4d8e4867a44b281,delivered,2018-03-14 08:14:28,2018-03-14 08:30:23,2018-03-15 20:12:17,2018-03-18 11:33:41,2018-04-19 00:00:00
4e3d811dd3b8ca1f39b4ce47ee24b368,dcf56a1334b83afcfbc1cfeb008f38a9,delivered,2017-02-10 15:46:04,2017-02-10 15:55:16,2017-02-15 13:47:48,2017-02-21 15:04:36,2017-03-16 00:00:00
b554cbcda7eaaecf46c018800f755e2b,5e330dbfc7c1e0898dca9cd21164a3a3,delivered,2018-03-22 15:17:36,2018-03-22 16:07:44,2018-03-26 21:38:37,2018-04-16 22:14:38,2018-04-25 00:00:00
34f4394bcaeb05083b670513b73961c6,fb43eef14fb744a98fe655d3ee9547c9,delivered,2017-09-23 21:12:41,2017-09-26 04:07:17,2017-10-03 15:06:03,2017-10-26 14:13:53,2017-10-27 00:00:00
aec71ccc28288ed6d9a47be44c78fa3e,d0f10317745697968033a092c2f781e5,delivered,2018-02-25 20:24:02,2018-02-25 20:35:21,2018-02-26 19:06:45,2018-03-05 20:31:57,2018-03-20 00:00:00
70de7b6034bc0e9a1f6074627ffab810,ebda0889c8fe0ca190b75b5c9e220ded,delivered,2017-07-12 23:22:20,2017-07-12 23:35:19,2017-07-14 18:32:48,2017-07-31 23:17:34,2017-08-07 00:00:00
3e69be4b31a6af336a20caa4a1379784,7933955d10fece6b79cead63eee8b4af,delivered,2018-04-05 10:30:26,2018-04-05 10:48:26,2018-04-05 23:48:36,2018-04-09 21:38:48,2018-04-27 00:00:00
7352da47c1164cdee2f4d71e736f7253,cd59a6b30d35d92fea65e414b87adce3,delivered,2018-08-20 23:41:45,2018-08-20 23:55:18,2018-08-22 18:20:00,2018-08-28 17:41:39,2018-09-05 00:00:00
c4fe474b612c47a9371f3404c98aa380,164706183c9e343f182458255c5cd8db,canceled,2017-10-23 16:31:25,2017-10-23 16:46:27,,,2017-11-10 00:00:00
902316ef1cc830ad9d566236f720309f,c8b30c6f26516dd48eb62cf898d9c408,delivered,2018-07-30 15:16:34,2018-07-31 07:30:48,2018-07-31 15:07:00,2018-08-21 21:52:51,2018-08-16 00:00:00
8b4bf0534cfd5d9ebd380e8ac3df9c24,281aacbce74cdd7b66d6aad538e47117,delivered,2018-07-02 16:44:40,2018-07-02 17:11:01,2018-07-03 14:05:00,2018-07-04 15:29:40,2018-07-20 00:00:00
d4a78a98efe45057f41725b8cd358a18,18569422613fd9edb1daaca53fa72a9c,delivered,2018-03-22 13:07:55,2018-03-22 13:15:41,2018-03-29 01:28:43,2018-04-23 18:51:36,2018-04-13 00:00:00
597d72bb14f93e6108e69dbb691bf697,1648005d427f5337da3b894075ebf31a,delivered,2017-06-04 20:01:12,2017-06-04 20:15:17,2017-06-06 14:56:49,2017-06-19 17:55:44,2017-06-30 00:00:00
829f21ada22c20b2a15c75f8b63a0533,f04d1503094bbd1db2565841d59a2945,delivered,2018-06-28 00:14:48,2018-06-28 01:11:19,2018-06-28 13:07:00,2018-06-29 16:08:40,2018-07-12 00:00:00
c2dd92ed017508292d833279ee263923,3a3c8993b86f00e79c02502468c87dc1,delivered,2017-10-05 22:14:55,2017-10-05 22:28:15,2017-10-09 14:27:17,2017-10-16 20:23:44,2017-11-01 00:00:00
a71b5dae60672865090c8de14181bb77,e3e9466e27205a68acdd5492c1ddbb00,delivered,2017-10-10 10:47:08,2017-10-10 11:06:17,2017-10-10 20:49:59,2017-10-17 18:15:36,2017-10-31 00:00:00
24ca685e5655ee79182c18a5f5b1510d,7b93c59b41a915ac1fe5338498c53244,delivered,2018-02-27 00:00:02,2018-02-27 00:15:28,2018-02-28 23:04:14,2018-05-07 11:55:41,2018-03-19 00:00:00
24c2e52b9738bce69d1af469a641d97c,f59a85d94faaf71850412c4229df60a3,delivered,2018-04-16 14:08:44,2018-04-16 14:50:56,2018-04-18 02:03:25,2018-04-30 20:58:27,2018-05-15 00:00:00
ca4bfcce82dcdde151327ee3be81ebe2,43d0b98cf4059ba669dbd8c7ab54a71e,delivered,2017-10-18 17:20:25,2017-10-18 21:56:43,2017-10-26 20:33:20,2017-11-09 17:15:41,2017-11-13 00:00:00
9a2aea98195abe63f00cac10a20fa8b7,77de1baef8e554d3b1b1af0b8a3f7bf9,delivered,2018-04-11 23:22:52,2018-04-13 13:29:43,2018-04-16 20:14:41,2018-05-03 19:14:45,2018-05-09 00:00:00
78b1c0f489ac4c36072ce8ebdedbfa3d,912fa8ffe46932ef6b6c01d377c10d1c,delivered,2018-07-06 21:23:01,2018-07-06 21:35:10,2018-07-10 08:18:00,2018-07-11 15:28:27,2018-07-23 00:00:00
28c667d6f66b0f0078e9a521d850816d,143916271961a81bab22655683b15de0,delivered,2017-05-30 17:34:31,2017-05-30 17:45:16,2017-06-02 18:23:25,2017-06-16 14:57:30,2017-07-04 00:00:00
97abddc4ddff2f3df5eeae15b23f8959,3d42c8bfae4c6c3e3e4736eb7a6895d5,delivered,2018-07-26 09:25:14,2018-07-27 09:25:11,2018-07-27 11:32:00,2018-08-04 00:11:28,2018-08-14 00:00:00
f0ba86f5acc7cc95af8064b92d726461,4979b4f538057cd192e45a839211bc49,delivered,2017-08-27 23:25:19,2017-08-27 23:35:10,2017-08-28 20:36:54,2017-08-30 21:38:06,2017-09-19 00:00:00
7200817edfaf24464cd06cc29bc40827,04e162861bf15f48b99ebcb1fbeedeef,delivered,2017-05-09 09:49:49,2017-05-10 02:50:34,2017-05-12 12:37:33,2017-05-17 14:44:54,2017-06-01 00:00:00
d170a3b7fbbfd946955f5e91181fd532,d021bac7c4e6b8f4532118824e7cbe58,delivered,2017-06-11 21:32:16,2017-06-13 04:10:28,2017-06-16 20:11:51,2017-06-28 16:47:27,2017-07-19 00:00:00
ae8fa27148ecbda49deeaf25014dd775,0bf5096392485d6f11ba8db5224e73a7,shipped,2017-04-01 18:26:29,2017-04-01 18:42:37,2017-04-10 09:34:30,,2017-05-05 00:00:00
f192cff10ef337b0ec9028f2cb9bf874,1c3f1e66dc3859cce89cb9c12e3c1122,delivered,2017-07-21 21:34:14,2017-07-22 16:35:08,2017-07-26 19:03:45,2017-08-11 17:47:55,2017-08-29 00:00:00
25cb912c6742e486c6988aaf2c8f221b,ee3462376b2201e5a972bcf476c08479,delivered,2018-02-18 07:40:25,2018-02-18 08:40:25,2018-02-21 21:38:57,2018-03-23 17:16:56,2018-03-26 00:00:00
66953b497ee497a9823fab9b0addc8b6,71cbadc35e357dd0850062033ca1972b,delivered,2018-01-20 15:09:29,2018-01-20 15:22:11,2018-01-24 18:45:12,2018-02-02 23:08:31,2018-02-16 00:00:00
52cfb42088bb202a56a77b48a3051baa,0031c1062edf836ef7a7a7ea758b137b,delivered,2017-03-01 20:00:23,2017-03-02 20:05:14,2017-03-09 09:24:05,2017-03-13 12:08:59,2017-03-20 00:00:00
a8cf68ff08fc00910fdb589e444e23b4,ca76dd7efffe773e1e1a0c0c36d16e33,delivered,2017-04-03 13:57:14,2017-04-04 13:50:21,2017-04-05 13:53:09,2017-04-19 15:53:12,2017-05-04 00:00:00
cdb17e415cae13fddbaee8ab5e55e9e2,5444e5d0250fbbda0955d66d99aeea3d,delivered,2018-03-22 17:21:28,2018-03-24 12:08:07,2018-04-03 22:02:43,2018-04-09 22:14:21,2018-04-11 00:00:00
31ac77590bcdea7aa29b868757084904,a56ca9095e2e7e3dc2d068c86fa81d68,delivered,2018-02-08 09:31:51,2018-02-09 02:49:54,2018-02-09 23:43:00,2018-02-14 15:13:49,2018-02-26 00:00:00
e776adc60e8c76f0cd807332525d8cd1,6f998e4791812987e4aab0d0a8057ff3,delivered,2018-05-26 14:54:20,2018-05-26 15:11:15,2018-05-28 11:13:00,2018-06-15 16:41:33,2018-07-23 00:00:00
c8567e9b03f16c9c4efdc8f8bf423204,16c3961e8f86f2a98b060214aec7aeb5,delivered,2018-06-14 19:51:13,2018-06-15 20:03:19,2018-06-18 10:33:00,2018-06-28 12:49:44,2018-07-17 00:00:00
b7bc01cb1fcbc469931bb6caebf2dfa0,a22e7a255d9ae9a71a54cee860afd1d5,delivered,2018-01-22 06:56:40,2018-01-22 14:11:57,2018-01-23 13:38:57,2018-02-05 13:27:11,2018-03-02 00:00:00
f5c779fe97ca0728706f50c0de89a2d6,e93aea8cca84e40324d6bfde3c874fa4,delivered,2018-04-27 16:09:58,2018-04-28 11:33:30,2018-05-02 16:26:00,2018-05-03 23:05:36,2018-05-15 00:00:00
949090648eb1ba086b3bb1abb642966c,605aff3b7d8433c447ad5ea47f2327df,delivered,2018-04-16 19:27:03,2018-04-16 19:51:43,2018-04-17 21:16:52,2018-04-18 12:58:44,2018-05-03 00:00:00
a0141c1141d9406b48466fe4d1492bf4,70f4e83e21c469871d23f680673f2195,unavailable,2017-11-13 18:50:21,2017-11-14 10:35:44,,,2017-12-13 00:00:00
a805ad38c6962dfe3c42effceddb6a3f,cd2dc0f489712c5ce91916ecee6189e4,delivered,2017-09-19 11:06:49,2017-09-20 02:10:37,2017-09-20 18:37:06,2017-09-26 23:18:38,2017-10-05 00:00:00
288fa21578528e37e861275a550873d1,293bc48e79189edb4053a97c7d978685,delivered,2018-03-20 21:51:24,2018-03-20 22:08:59,2018-03-21 19:16:49,2018-04-18 17:54:41,2018-04-10 00:00:00
6d669b4dec428bc8362a8b39ed61aaae,3f3b4d8785d4f1fd6decff84c40b0436,delivered,2018-05-26 19:08:23,2018-05-26 19:38:18,2018-06-04 07:12:00,2018-06-05 22:04:40,2018-06-21 00:00:00
2cfbf3ae48a6f2a46384be9fbdf8c9ff,1f4bf2b0e5239249ee974e00f8734056,delivered,2018-03-08 10:21:18,2018-03-09 02:31:30,2018-03-13 15:37:45,2018-03-19 16:14:45,2018-03-26 00:00:00
ee05ea68d27584f43ac19ad104738fea,b81eeae7fc5d4576c4cb71c94930ded1,delivered,2018-08-03 16:09:36,2018-08-03 16:43:51,2018-08-06 11:07:00,2018-08-08 18:22:05,2018-08-15 00:00:00
9fc913ded51851d30a7ee9413e77d3c9,36bb86967d3a46938a1082eb16fe38d3,delivered,2018-08-08 16:23:28,2018-08-08 16:35:16,2018-08-09 14:52:00,2018-08-14 00:14:34,2018-08-20 00:00:00
5a339130640419f9e00ab4b6ff61dc22,9bbcc57d44cde58fff7d4871e3c513d1,delivered,2018-04-27 15:59:23,2018-04-27 16:15:25,2018-04-27 14:35:00,2018-05-02 15:32:39,2018-05-16 00:00:00
6ae8d599fd407bfba5bce00a72c32544,43e4c6f57db5fdfeaf385fef9ccc2d46,delivered,2017-07-22 12:59:47,2017-07-22 13:10:18,2017-07-26 04:46:50,2017-08-25 18:00:08,2017-08-30 00:00:00
ea0b8cf02caec741abbebc5ea0ab1558,909693b37744cd1c460c003868a288e9,delivered,2018-04-05 18:24:45,2018-04-05 18:35:17,2018-04-07 00:33:19,2018-04-19 23:34:44,2018-05-08 00:00:00
f6c8df45442a1a3f86164cd6ec23afa3,943d405ed7c850846c11db9ca8aa2de1,delivered,2017-11-17 13:15:59,2017-11-18 13:26:40,2017-11-22 22:56:45,2017-11-25 16:53:37,2017-11-30 00:00:00
b91dd40b68675f4dc29339562895ca26,65d0d3b9b3fa9f109802465c10bdff6a,unavailable,2018-02-24 16:22:06,2018-02-24 16:35:26,,,2018-03-16 00:00:00
d49363a0cc2a1915a5a11f85ea08ea48,d60841504f6631c17720d8e2943a3c29,unavailable,2018-02-07 15:40:42,2018-02-08 07:10:23,,,2018-03-05 00:00:00
f296c72e2c4814abead0f6f15ab21178,b58982871fb641c88989b1f5f46d766c,delivered,2018-03-28 14:47:39,2018-03-28 15:08:47,2018-03-29 23:08:48,2018-04-02 22:53:36,2018-04-10 00:00:00
fb85c019b52b1481af6b89a96b84be4f,5de1dec4d4b43067084f74e791749ea2,delivered,2017-11-24 01:18:06,2017-11-24 01:33:20,2017-11-28 21:57:58,2017-11-30 22:15:14,2017-12-29 00:00:00
d3311a4548f26aafe1df36169dfff736,0884f1342f98a8fd3a99ccc43a91e6a4,delivered,2018-05-11 20:57:16,2018-05-11 21:11:01,2018-05-14 14:04:00,2018-05-21 19:58:43,2018-06-05 00:00:00
07b4d304ff7e33edf1f9e8a63768204b,08e79e92fd93a5f49ce66fd838a164e7,delivered,2017-12-05 13:28:58,2017-12-05 13:53:35,2017-12-06 21:35:42,2017-12-30 16:53:34,2018-01-02 00:00:00
2a060d7152de8878a009a5f12b4f897f,12c8deb5814ff0ace27b26eb91dbea59,delivered,2017-06-22 19:01:44,2017-06-22 19:10:19,2017-06-23 10:16:58,2017-07-20 23:17:28,2017-08-02 00:00:00
7cbc4b1a42129d7c6f9b4f14371ac4c3,01cf93cabf578892dc3217e6601b0cef,delivered,2018-05-13 20:33:54,2018-05-13 20:53:20,2018-05-14 19:03:00,2018-05-15 21:07:01,2018-05-22 00:00:00
4742de2698468a6388200583f9ae46fd,32785fc2133c37270c1ea1cdbfe857d8,delivered,2018-03-07 21:00:32,2018-03-07 21:10:36,2018-03-21 23:27:26,2018-03-23 02:08:42,2018-03-29 00:00:00
c1773baeca3e466698f90611606eadeb,2bbaf8a8031400dad00fea8f6f505096,delivered,2018-07-15 16:17:19,2018-07-15 16:35:16,2018-07-16 13:14:00,2018-08-13 12:26:25,2018-07-24 00:00:00
83ff9791592c2639213863eb5f08b1bb,c9b05d012dcca478d0ff2ec7ff2f3693,delivered,2017-12-04 11:33:28,2017-12-04 16:32:53,2017-12-05 22:22:44,2017-12-20 18:32:42,2018-01-02 00:00:00
b3670dbd7176f89ca438f00d60d705a6,87fe261486a89deb4720353f02f82a23,delivered,2018-06-03 20:36:42,2018-06-03 20:49:52,2018-06-04 13:42:00,2018-06-13 20:46:28,2018-07-17 00:00:00
cabfe1219e952ead9a914adde40efc42,000f17e290c26b28549908a04cfe36c1,delivered,2017-11-10 16:37:05,2017-11-11 02:46:34,2017-11-14 16:39:07,2017-11-30 18:02:33,2017-12-08 00:00:00
e006227af733ca3bcba32f5577afd6d6,4ea3819fb9f6083d7d145331fd9a0960,delivered,2018-01-04 13:39:48,2018-01-04 13:52:19,2018-01-04 22:18:38,2018-01-05 17:06:03,2018-01-23 00:00:00
00f9b0236a85fb8a06fbd9b9c53fddd8,dd6ff79fddc7e5fadda7b83b2bf4383b,delivered,2018-04-22 15:59:19,2018-04-24 19:25:47,2018-04-27 13:33:00,2018-05-04 00:47:31,2018-05-14 00:00:00
fd08c88095ca23b6188a30f0abc679e3,002937abdae13680e17dccd3868b4825,delivered,2017-11-24 20:26:39,2017-11-24 23:31:53,2017-12-06 16:52:43,2017-12-19 17:55:24,2017-12-27 00:00:00
5898109e955bbfdb67655f3aa64ecd72,28e38ef5bed60776f44498addfcd8b9a,delivered,2017-07-16 19:00:39,2017-07-16 19:15:07,2017-07-18 14:38:39,2017-07-21 17:09:58,2017-08-08 00:00:00
a6d4e95420d65bd5f299dc95d3493e0d,dd0ffd71cbeb719f6bcd05874f344ba3,unavailable,2018-07-23 06:11:11,2018-07-28 23:31:01,,,2018-08-14 00:00:00
25b5b0ea53b7d5a2d5712a0d9d0b3649,dd171c5cd21429f0a17605d2428d2bf0,delivered,2017-08-31 00:47:54,2017-08-31 01:06:16,2017-09-05 21:10:32,2017-09-06 19:17:03,2017-09-13 00:00:00
8f976c78a870fd3900d7d417e8f28875,7d0e81fd7839f55d9bdae0fb295128c2,delivered,2017-05-11 17:36:31,2017-05-11 17:45:21,2017-05-15 05:55:50,2017-05-26 19:08:04,2017-06-08 00:00:00
f223b4044203732d8bf1a4456fb173f3,45b45509820c3acf7baa221a8bdf9b0a,delivered,2018-02-09 18:24:42,2018-02-15 03:50:57,2018-02-15 18:45:08,2018-02-18 13:56:24,2018-02-23 00:00:00
c41ae768eca38cee8484b87c1d36825d,fbe13bf8fcd0adc756bfec5e66a492f5,delivered,2018-03-01 12:53:07,2018-03-01 13:09:51,2018-03-01 23:13:05,2018-03-16 12:29:41,2018-03-27 00:00:00
535981e0e0cb431bfd3a85a4279f03d9,0d04d26561b023e838cb99c83a55bfbf,delivered,2017-10-13 12:37:17,2017-10-13 12:49:24,2017-10-16 18:38:57,2017-11-01 14:24:54,2017-10-31 00:00:00
66768c430bdcf5b52888fdcbd5877992,3c7422e80d20eab8385990dee09c05ff,delivered,2017-09-11 20:02:07,2017-09-11 20:15:25,2017-09-12 17:29:52,2017-09-19 19:10:21,2017-10-06 00:00:00
a91402873e20638661e1df60e8eb63dd,84fb94e88cc2e3e090d76e95dd6236d5,delivered,2017-12-06 20:23:57,2017-12-06 20:33:18,2017-12-07 19:54:54,2017-12-15 19:51:31,2018-01-04 00:00:00
c09f685555931b025464e237b3ce06e4,515d4304a0705a9554732348709f76e5,delivered,2017-08-29 19:59:51,2017-08-30 02:16:03,2017-09-04 21:39:58,2017-09-08 16:42:31,2017-09-15 00:00:00
c7f56d5704a91333798e6a26628d3666,c5bbc7ae71e91d2ff32afc76fa7f47ba,delivered,2018-06-07 11:59:28,2018-06-07 12:19:15,2018-06-08 14:41:00,2018-06-14 23:38:28,2018-07-04 00:00:00
05d46826bd0fb605d6b00e30e9141882,c5a9ffc867b51a706a06ac6e1e3fa61a,delivered,2018-08-27 19:21:58,2018-08-27 19:35:20,2018-08-28 19:02:00,2018-08-29 17:28:25,2018-09-11 00:00:00
f20439467653674ebac675290f67e15a,bbb6209ec81e15add72706f298fe88e2,delivered,2018-01-07 18:03:44,2018-01-07 18:31:45,2018-01-08 23:14:42,2018-01-19 00:53:03,2018-02-06 00:00:00
78585e48819bf50518947925be68ab86,d74168bdcb1008d857118300a78f0654,delivered,2018-02-13 11:34:00,2018-02-13 12:35:26,2018-02-14 23:58:31,2018-02-24 14:04:34,2018-03-07 00:00:00
f0ad79b0aabc7f8793cee5df723fcda9,02a0454551d656a33ab2526c52216dc5,delivered,2018-06-13 09:27:05,2018-06-13 09:39:54,2018-06-18 15:07:00,2018-06-19 18:17:20,2018-06-28 00:00:00
33fc7baa13a1f53c49812053516172e7,e83678b18eeb52b82fcff5e21d12cf6d,delivered,2018-05-28 07:44:57,2018-05-28 07:55:14,2018-05-29 13:44:00,2018-06-14 11:18:30,2018-07-03 00:00:00
1cb61aaa63135f552055cf1932adf3be,09f166677f364961abf0cfe78df50b03,delivered,2018-04-25 21:06:51,2018-04-25 21:30:10,2018-04-26 13:22:00,2018-05-05 16:22:35,2018-05-30 00:00:00
aa491ed0d127f4172778f54793494dd2,b142f0bdd01dd366908cacf29c3d9439,delivered,2017-11-11 14:09:37,2017-11-14 03:47:08,2017-11-14 23:03:20,2017-11-30 14:49:06,2017-12-08 00:00:00
6d24d19f8842be0e8e1064fb0709528b,47e4b706141097a964ec6d55def70acc,delivered,2018-04-03 20:17:52,2018-04-04 03:30:26,2018-04-04 18:38:40,2018-04-13 20:28:34,2018-04-26 00:00:00
baacbbe167481d63498184a70336a4b0,c1742b6142e68f9d4dd02051adb0954d,delivered,2017-04-23 19:42:44,2017-04-23 19:55:09,2017-04-24 10:34:15,2017-05-03 15:37:57,2017-05-15 00:00:00
f20ad794a21ea34c982e74ec18f7aaec,c588e9a4ff0b056a13d5cf0300b1a129,delivered,2018-02-11 00:58:51,2018-02-11 02:09:08,2018-02-15 01:09:10,2018-02-26 20:41:46,2018-03-08 00:00:00
d642fb15b0654daba438822439c28c01,dbff974cc2289c3426fc6e2dcd161644,delivered,2018-03-18 17:12:55,2018-03-18 17:28:30,2018-03-22 22:32:43,2018-04-04 16:47:34,2018-04-20 00:00:00
a0e5d064377d8e6cd6a615400b70bc55,b1c94070d7052b2ef540d89872f41bee,delivered,2018-07-25 15:40:35,2018-07-25 16:45:18,2018-08-07 15:39:00,2018-08-15 15:22:29,2018-08-22 00:00:00
c1c46208ebd1440f4da5b7197c544d6c,5ed20df302ec69a4b9e25c4fa2d2d54e,delivered,2018-08-20 20:59:39,2018-08-20 21:10:13,2018-08-21 15:54:00,2018-08-27 21:46:38,2018-09-10 00:00:00
8c5318153ba4cd0a91405a8733338fa4,5d3a65100724f6a8fc2e56c0af3e1507,delivered,2018-06-24 18:54:43,2018-06-24 19:20:08,2018-06-25 15:21:00,2018-07-03 06:36:49,2018-07-18 00:00:00
aa2fcb1050e5d80ce4c759f8a7491e42,c8b9a3add5a69befef18e03e0658f3ef,delivered,2018-03-06 10:45:08,2018-03-08 02:16:10,2018-03-08 20:57:28,2018-03-15 21:42:09,2018-03-29 00:00:00
6836068790e98af482ed0d16fa65d535,bb539015ae0ed4d191977a6ff3a2005a,delivered,2017-08-08 20:21:27,2017-08-08 20:30:17,2017-08-11 18:18:00,2017-08-28 18:57:28,2017-08-30 00:00:00
558731462aceb9588378c7c19194d2db,4d916e585f3bb295dbc15dafaeaae8ed,delivered,2018-05-10 14:00:11,2018-05-10 14:16:26,2018-05-17 13:29:00,2018-05-18 16:59:56,2018-06-07 00:00:00
413acaaa6c5aa063a17bda2ee7e3690a,9069aca045d8311ac73c0dcf2f781a7e,shipped,2018-07-01 19:07:23,2018-07-01 19:15:10,2018-07-04 14:30:00,,2018-07-25 00:00:00
25c6f0ec957719646d6018427efc5504,b55d63dd330f6bdf9b925468c3bc71fa,delivered,2017-08-08 22:05:56,2017-08-08 22:23:28,2017-08-09 20:54:43,2017-08-14 19:34:06,2017-08-28 00:00:00
bec49fb7d032cc8a815d4135551a98e5,b9320f6df9c6e4b539e10322ed14e7e8,delivered,2017-06-21 22:15:53,2017-06-21 22:30:16,2017-06-22 16:03:24,2017-07-06 17:13:30,2017-07-18 00:00:00
146ee0d0528dc62bebbd50fe53f2ec43,06fe2378b02bcfcf4d6fcc4b31fde6c5,delivered,2018-07-18 17:18:58,2018-07-19 02:55:15,2018-07-20 15:46:00,2018-08-03 23:26:44,2018-08-14 00:00:00
ed362cd4cc1db144970bc67fcf848fd6,72a7302c0353b902b4519d14e7a48721,invoiced,2017-10-22 14:31:56,2017-10-22 14:49:35,,,2017-11-13 00:00:00
10606f62d4e20dff10d9499d5bc21a6f,3dcd5a57a320df6b31415106a56d8635,delivered,2017-05-31 19:32:28,2017-05-31 19:45:20,2017-06-01 15:26:14,2017-06-14 14:48:09,2017-07-06 00:00:00
5b05675d9f09a7f7f94f59caa0335c71,5f19fc7d67b912e120c4346cedc094f4,delivered,2018-02-02 20:45:49,2018-02-02 20:55:55,2018-02-06 22:29:09,2018-02-19 17:11:45,2018-02-21 00:00:00
25a82fa3e495b6124f9d196f8ab78dfc,577e0a5e06d64d18eca569a1c1a0362f,delivered,2017-08-15 13:29:35,2017-08-15 13:45:16,2017-08-16 21:09:43,2017-08-25 21:22:35,2017-09-06 00:00:00
57274b4596c5c76c54168e88dbcf922f,5a0bcd880e75a7d11ab25fa7822706de,delivered,2017-10-02 10:28:42,2017-10-02 10:49:19,2017-10-03 20:10:17,2017-10-16 22:23:14,2017-10-25 00:00:00
b89851145dc1888ce963c2e7da8ce7be,1066a008ffb5653bfba6da4bb5843358,shipped,2017-11-24 23:02:40,2017-11-25 02:13:02,2017-11-27 20:46:49,,2017-12-15 00:00:00
59e5317d09cbdc3fb1a09620de067934,e63682ea45e4d2188c4678eb0d4660b5,delivered,2018-02-02 08:59:00,2018-02-03 02:53:06,2018-02-05 22:19:40,2018-02-20 23:38:52,2018-03-12 00:00:00
2f2b6449cf42e110cd34d6d659c5075c,07529072a80888ab4c085db455ca2873,delivered,2017-11-25 21:57:42,2017-11-25 22:33:27,2017-11-27 20:28:36,2017-12-07 18:06:57,2017-12-27 00:00:00
836c4448e4e7feeabbc693eb1bc129e2,900ec2d33e1e3005305ba5e07562c5b6,delivered,2018-03-08 11:31:31,2018-03-08 11:50:37,2018-03-09 17:57:28,2018-03-21 00:51:57,2018-04-02 00:00:00
96872d026aa122a9e93957de1e58d427,77d4d4c016beee36bf140f5789b92c8b,delivered,2018-01-18 11:33:56,2018-01-26 17:03:26,2018-02-02 18:50:34,2018-02-05 18:12:46,2018-02-02 00:00:00
e1498c730a641e84a12251fb544db234,e856cb03289de865d05213cd53b017cf,delivered,2018-08-04 15:18:02,2018-08-07 06:10:19,2018-08-07 10:26:00,2018-08-20 23:52:07,2018-08-22 00:00:00
38e58cdf27a57490e8945bd9f8150e45,61be4ccaf746740a0b989d65263cfa30,delivered,2017-11-28 15:34:46,2017-11-28 16:02:19,2017-12-01 17:48:38,2018-01-05 11:19:40,2017-12-27 00:00:00
65fe9601e997715486ad2ee69ef378e2,a476a914981c6b23057d6d9112e4a53e,delivered,2018-05-03 20:12:20,2018-05-03 20:30:56,2018-05-07 14:19:00,2018-05-14 19:58:51,2018-06-05 00:00:00
b451d36b7885d0b242a0e8189f3f8394,1c10417bea4e9e54e3ec63c77e88b7ed,delivered,2018-07-23 14:45:41,2018-07-23 16:04:25,2018-07-26 07:01:00,2018-08-02 17:22:54,2018-08-07 00:00:00
3b4a1c677a8c6c11d2564b52b6eb636b,109e52a36c54ff5c530df98a75fb1db8,delivered,2017-10-03 16:44:16,2017-10-03 16:56:42,2017-10-04 13:41:30,2017-10-09 19:41:37,2017-10-30 00:00:00
f55863be6758b60482c4bdfa3cd016ed,be914b8a12f44c21a6a7070f585e2e42,delivered,2017-12-07 14:24:06,2017-12-07 15:25:52,2017-12-12 21:19:07,2018-01-05 19:43:21,2018-01-31 00:00:00
3e8a5d7a9c694f157149b42fcba7a059,fd7a35830279a45d98f45d653a932f31,delivered,2017-11-16 13:58:07,2017-11-17 15:26:33,2017-11-20 17:21:53,2017-11-27 19:38:13,2017-12-06 00:00:00
fec76d3c7d37a989bdd3a22911340c75,ca8fb6422920b579e8d074784240c05f,processing,2018-01-19 14:24:31,2018-01-20 15:22:02,,,2018-02-09 00:00:00
20648e7d48939d4edd1dec4781fc1680,b40efaffe4577bf423366754f1e3980f,shipped,2017-11-29 11:59:51,2017-12-01 11:31:33,2017-12-01 20:03:31,,2017-12-27 00:00:00
63d6a91d52c3051f930506eccaf995ad,397e69077924b1f68ed2b06c2240afe2,delivered,2018-08-10 17:15:28,2018-08-10 17:30:16,2018-08-14 06:59:00,2018-09-05 16:56:56,2018-08-22 00:00:00
83dcf2f6e29abb1516047b414c52b004,5947dd99f7109397381925bfcb2ff545,delivered,2018-07-01 22:28:19,2018-07-01 22:49:58,2018-07-03 15:17:00,2018-07-10 17:21:58,2018-07-30 00:00:00
9c0c12e4d0dc6b288f3e7755c791aa35,5e0b9890265bd8821b59a933d7eb0a58,delivered,2017-04-18 21:13:54,2017-04-18 21:25:13,2017-04-20 09:17:18,2017-05-12 12:05:16,2017-05-10 00:00:00
1e9a53e194e98b64434abc52aeedae1e,a7565b77bb0f0894d7e42dc03ea3f850,delivered,2017-02-06 08:50:31,2017-02-06 09:02:08,2017-02-08 11:05:20,2017-02-20 03:25:56,2017-03-07 00:00:00
03611c1be392917d9b0ca62977763baf,1fb653faa25a3b5aad140fd39b886bdc,delivered,2018-02-08 19:42:07,2018-02-08 19:55:28,2018-02-09 20:39:01,2018-02-28 18:55:08,2018-03-14 00:00:00
6380965ea7c07bb8933e9b8b81400705,ec00ab0303dffd44357edc479d825f63,delivered,2018-05-07 18:43:39,2018-05-09 03:11:45,2018-05-09 11:59:00,2018-05-21 18:41:18,2018-06-04 00:00:00
d65c4249ab7af6bab389533d3e320eb4,0b6d8536d3e0a2b1b73fad9f2c7179d5,delivered,2018-05-24 15:40:38,2018-05-24 15:53:49,2018-05-25 14:03:00,2018-06-04 19:38:37,2018-06-19 00:00:00
ca8404db0c07ba332b8a7d83693af3a3,c9e25c0ca23edc17c193b970556e84f9,delivered,2018-02-02 14:02:12,2018-02-02 14:10:33,2018-02-02 23:33:06,2018-02-16 23:22:14,2018-03-07 00:00:00
41e096922c4b995c0f51f50efcdb80c0,f0031dc04ad8f531159ef6839bfa3c49,delivered,2018-03-22 15:21:56,2018-03-22 16:07:48,2018-03-23 22:03:29,2018-04-10 14:42:56,2018-04-18 00:00:00
5e021cdf9b42799cd60d771910e43008,10f9c2fdafc9fbee2c0207f034f6edc7,delivered,2018-03-18 18:52:18,2018-03-19 07:50:42,2018-03-20 20:02:18,2018-03-29 23:47:29,2018-04-13 00:00:00
6925362849d6fe4c2f5ffe3845b09b98,7301c533b5b601c446afd51555eca94a,delivered,2018-03-06 09:13:14,2018-03-07 02:15:56,2018-03-13 22:46:38,2018-04-02 18:12:21,2018-03-28 00:00:00
9add7e9338f3b8cac642ce405bb64655,b686241f18790f3b6ac4f4981b5757bb,delivered,2017-05-22 19:49:13,2017-05-24 10:02:25,2017-05-25 14:33:55,2017-06-09 14:13:44,2017-06-21 00:00:00
297cce15c34916477e3daa6b59db8a67,a6863082cb6717d6dd66a547a62613d4,delivered,2017-11-04 23:15:33,2017-11-04 23:30:20,2017-11-06 18:19:06,2017-11-10 17:07:38,2017-11-30 00:00:00
4d3f7c452f20cb1998ad36be6eb74243,ca8e64f053b344bdd8de796e3e6e5346,delivered,2018-01-27 08:11:34,2018-01-27 08:38:52,2018-01-29 19:11:59,2018-02-15 00:51:36,2018-02-21 00:00:00
3153710333d5f537679eb85bc07bf953,18111f48bcdff217fe03447584f175ab,delivered,2018-06-27 13:53:32,2018-06-27 14:12:44,2018-06-28 13:37:00,2018-07-12 22:13:44,2018-07-26 00:00:00
af86b8dd80134775dceda700fc2ce5ee,ef00c6755da4e22693da7d843ac8fd9e,delivered,2017-08-26 15:00:54,2017-08-26 15:10:13,2017-08-28 21:14:16,2017-09-12 19:31:07,2017-09-29 00:00:00
3824c33989b707cc0b0f7fe2b86df7f5,d1414632a5108888830c4980c98fc52a,delivered,2018-03-23 06:50:52,2018-03-23 07:07:41,2018-03-27 11:16:40,2018-04-17 16:22:32,2018-04-24 00:00:00
9231cd28d094660487390045fec25a3b,f9a9e4658d1e1805f6f7fa0db82be533,unavailable,2017-05-31 00:23:47,2017-05-31 01:25:25,,,2017-06-29 00:00:00
108ba0b0521d3a6629dc825044217a57,9ee6de6c09270cb89824aef9d55e644c,delivered,2017-03-02 11:24:17,2017-03-02 11:35:14,2017-03-03 09:25:25,2017-03-11 05:22:51,2017-03-24 00:00:00
606c3603f9869041c9af20d3fba49a8c,72c76d2d663fa1d59c1dbce3d8c8dc79,delivered,2018-06-29 18:27:21,2018-06-29 18:50:20,2018-07-02 15:05:00,2018-07-09 17:31:43,2018-07-20 00:00:00
e06698baea08bc0dd2705f763e7d1c89,fe519670d2d8c9305e94315ecbaa45ab,delivered,2017-03-20 09:40:22,2017-03-20 09:40:22,2017-03-21 18:15:27,2017-03-27 14:14:23,2017-04-10 00:00:00
3b070195d0d1272935abef5e1dcf0c9e,a840877f90f9417d723052e6e2341d5c,delivered,2018-06-17 12:31:55,2018-06-17 12:58:39,2018-06-19 14:07:00,2018-06-25 21:46:54,2018-07-11 00:00:00
b884f6bb613dfe8c46e6dbc9285f3fc7,b30a923086e4f07fff8c0ca08fca2e2d,delivered,2018-05-07 15:01:20,2018-05-07 16:52:53,2018-05-08 10:07:00,2018-05-11 22:05:35,2018-05-23 00:00:00
52f308ce830731bfdfea4539e140073f,8a86b00cbfc4091cc8b0b1fd597b9a53,unavailable,2017-08-02 11:11:01,2017-08-03 03:04:51,,,2017-08-23 00:00:00
74d300a40f14d9bb630e966dad89198f,88492e86ca0506b9bbc06675a2d7c8d0,delivered,2018-07-18 11:38:09,2018-07-18 11:45:21,2018-07-19 14:21:00,2018-07-24 15:32:47,2018-08-10 00:00:00
a0a283cb8ba521d35c5a3fc3d9619be5,bfc64cd21fc5fcbb2e2963a596e22c2f,delivered,2018-02-12 03:09:03,2018-02-12 03:28:16,2018-02-15 05:56:04,2018-03-11 14:07:36,2018-03-09 00:00:00
3b97d7da1a0a00c69c706b02eb64d22f,bfe71325826336cdf4629f66798887b6,delivered,2017-11-17 19:48:51,2017-11-17 21:15:52,2017-11-20 19:58:55,2017-12-02 00:33:57,2017-12-13 00:00:00
9251875265eae9e8fa0a4c0afd1553f7,0668dd0bd7a26747a271b568bbe6dc88,delivered,2018-01-30 03:03:40,2018-01-30 03:39:03,2018-01-30 20:31:53,2018-02-06 16:37:12,2018-02-21 00:00:00
a89eed32f0011eb66dcf2beb3d0fb255,e196a100446474c3e476a17fcbe8ac02,delivered,2017-05-20 00:26:11,2017-05-20 01:25:20,2017-05-22 17:52:33,2017-05-31 13:09:49,2017-06-22 00:00:00
658af74ee0876a72f7f31e4ca631b054,f9cfb1926f6ce39e0101e813f48b4df6,delivered,2017-05-22 11:17:25,2017-05-23 11:25:13,2017-05-24 11:05:40,2017-05-25 12:05:43,2017-06-09 00:00:00
e5f6bd268d4bd846621e1c3d99729d13,f0b4e79c89690197def176b5916d2125,delivered,2018-07-16 16:24:47,2018-07-17 16:22:02,2018-07-20 15:32:00,2018-07-27 18:28:42,2018-08-09 00:00:00
d708a741a38d9b961daa3d2890df5e52,a79475611d8e14741da197072d5c591b,delivered,2018-02-26 19:22:52,2018-02-26 19:30:50,2018-02-28 16:28:56,2018-03-09 23:23:41,2018-03-26 00:00:00
9dcbd46c5a3e06200e1f5005ccfbdf6f,67ca8897c95a7817a2b16a259a701dcf,delivered,2018-04-10 00:26:59,2018-04-11 09:11:58,2018-04-24 11:03:25,2018-04-27 20:56:41,2018-05-07 00:00:00
a00e6f85d3ec7f1d81197fba0052db04,470daa9717cbfc937a46d064ca70a724,delivered,2018-06-11 12:32:23,2018-06-11 13:32:53,2018-06-14 11:19:00,2018-07-20 18:58:18,2018-07-12 00:00:00
fd64b6e4f72f238a3462a975c6bb6644,deb6b031718f1ec933d8ce1e7d78418c,delivered,2017-09-26 21:55:23,2017-09-26 22:07:15,2017-09-27 18:29:23,2017-10-02 21:22:34,2017-10-25 00:00:00
7634e73e9ffe0ab30e3e99dc3f5a6d1e,0c126624523e2691cdedb561b0eba625,delivered,2018-07-24 11:05:09,2018-07-25 02:44:24,2018-07-25 14:54:00,2018-07-31 17:32:24,2018-08-17 00:00:00
319d8eb9ba6d4f64a4b7c5da23b82cf1,5618ab3c9d94075477e41a0e684e595b,delivered,2018-08-06 16:53:39,2018-08-06 17:05:24,2018-08-08 16:21:00,2018-08-15 21:18:34,2018-08-27 00:00:00
306853b36db7e021935becc988e4fef8,853dca88fd662dc5711018f1f7932a59,delivered,2017-09-03 09:33:51,2017-09-03 09:52:18,2017-09-04 17:33:21,2017-09-29 17:07:33,2017-10-03 00:00:00
ad9462a4da64add20fbc051616035832,6b384dff2e1e096fe27389503931beec,delivered,2018-02-10 14:00:42,2018-02-10 14:10:37,2018-02-16 02:09:14,2018-03-06 01:26:35,2018-03-13 00:00:00
3816ba21917f2a17a58a38a108985d0c,ceb94172349be61a2d4b0c19d59c8bfb,delivered,2018-07-14 19:21:22,2018-07-14 19:30:16,2018-08-02 07:17:00,2018-08-07 17:35:15,2018-08-02 00:00:00
ca629f02433156bf7577b63a9dc1615e,2a6f62824b20538999dc2687bc4c7bfe,delivered,2018-02-03 18:50:56,2018-02-04 00:15:38,2018-02-05 17:25:02,2018-02-17 00:38:50,2018-03-02 00:00:00
175da05fc7ea63b231f7d87ae22b235b,62a508a738438048026d02115a9db8dd,delivered,2017-12-27 22:49:55,2017-12-27 23:07:56,2017-12-28 16:29:13,2018-01-10 20:10:30,2018-01-31 00:00:00
b81e9b6871248d939a4d06833a57109b,b3e4a427d292acc883ab507d91566169,delivered,2018-03-20 19:12:25,2018-03-22 02:55:42,2018-03-23 18:17:52,2018-03-27 13:42:50,2018-04-02 00:00:00
3cb36784c17acb3eca55ded497da243d,36907fae21e0e2580f53529e419203e5,delivered,2017-10-26 09:32:45,2017-10-27 03:06:47,2017-10-27 20:41:44,2017-10-28 11:31:58,2017-11-08 00:00:00
b100288d2ef3b6e474121c21d2af0678,19220a635821c641df0bd2fb1e4ece5c,delivered,2018-01-07 14:46:43,2018-01-07 14:57:15,2018-01-09 18:07:43,2018-01-23 15:07:41,2018-02-02 00:00:00
ac21e278cde3c44f9ba722553c590721,8fa4ca9ce2d4f069d702bb56e2595679,delivered,2017-12-08 11:35:53,2017-12-09 02:36:26,2017-12-13 13:23:11,2017-12-27 18:28:49,2018-01-12 00:00:00
f3f13f75c34a679c5006108acf61e0da,24ed98d5567550a3994317e23fc2df9f,delivered,2018-08-15 19:48:47,2018-08-15 20:05:14,2018-08-23 17:15:00,2018-08-28 19:46:40,2018-09-05 00:00:00
b8dfacf934c56b331427b3ac153e3dbf,822457b288aad37ed215d904b6f06068,delivered,2018-02-25 21:02:25,2018-02-25 21:15:22,2018-02-27 19:48:59,2018-02-28 20:03:40,2018-03-12 00:00:00
455c3e2713829a42bd8d371c9c784d17,83c18022e9410bf06c04af875c73d934,delivered,2018-07-18 14:28:29,2018-07-18 14:35:19,2018-07-25 14:44:00,2018-07-27 16:38:56,2018-08-09 00:00:00
b2664e0e967b1c146e574185530e813d,9bd3fc2336e57744747be02f106ba746,delivered,2017-09-23 17:38:22,2017-09-23 17:50:16,2017-09-25 20:27:36,2017-10-04 18:50:04,2017-10-17 00:00:00
ac403e440819af1853b7fcd7f04de6c4,13a92c60521dad720cb0d2b3db0b75a0,delivered,2018-02-14 00:09:04,2018-02-14 00:27:54,2018-02-14 23:23:32,2018-04-19 19:07:02,2018-03-13 00:00:00
cc22d342af66b831ad0992a27a18277d,6d5f1feceb897604838ec6096bd7a2cc,delivered,2018-04-25 21:23:19,2018-04-26 00:11:50,2018-04-26 12:52:00,2018-05-04 16:52:43,2018-06-05 00:00:00
932d7938cdc7161c6c22c083ebc3688d,3d8b8929401137df8ed8a123e9d6aa16,delivered,2017-06-05 11:30:05,2017-06-05 11:42:33,2017-06-05 19:40:23,2017-06-08 10:46:36,2017-06-26 00:00:00
1916f29d84d0c59dba74b70880457a8c,5eb0e90947c8785c947e81c94f7d2e72,delivered,2018-03-14 21:23:59,2018-03-14 21:35:26,2018-03-15 19:36:31,2018-03-21 19:48:51,2018-04-02 00:00:00
7df4045bb089bf92e7eaf3b506b6423b,9bbbcc15de251fd463cec54df59a24e8,delivered,2018-07-26 20:17:17,2018-07-26 20:30:14,2018-07-31 14:05:00,2018-08-03 16:56:45,2018-08-16 00:00:00
336ef87a9f46bbd3c3f542af792c1644,80f158d248aef00ea96be1dc23ae1411,delivered,2018-06-15 20:34:23,2018-06-15 21:01:12,2018-06-18 12:25:00,2018-06-22 22:40:47,2018-07-18 00:00:00
19f7ff7909a43930beeb928d5bd3a34b,895952418c8f2be215990f18e2eba574,delivered,2018-05-15 15:34:23,2018-05-15 15:56:03,2018-05-16 13:21:00,2018-05-24 15:26:27,2018-06-04 00:00:00
223c55ef218f911885ccb9692537c1c0,096b92bb7b1f2df07782d584753022c3,delivered,2018-08-02 19:48:36,2018-08-02 20:03:54,2018-08-03 15:10:00,2018-08-08 19:18:50,2018-08-13 00:00:00
aa13f22ba1dbf5360989f7480c1e099c,7d68267a55b2e8c1401e82cf6b2ea808,delivered,2018-05-24 09:32:10,2018-05-24 09:53:09,2018-05-24 14:08:00,2018-05-25 21:32:32,2018-06-12 00:00:00
afef0360db6e6f6eb46b9600cd8c5450,61c245c5ac166a54e51ae198d45aaaaf,delivered,2017-10-27 16:34:10,2017-10-30 11:32:41,2017-11-01 19:22:42,2017-11-13 10:31:16,2017-11-16 00:00:00
4b7a89627b118c5e00e13f57888293ff,4ec1c641f6c10ee8966cef37f71be2e7,delivered,2018-01-08 21:33:46,2018-01-08 21:48:17,2018-01-11 16:34:28,2018-01-26 14:36:18,2018-02-15 00:00:00
44ef2f97744ca6676b7c4089ebfb305c,5cc6f621bf16774180b397316108fd01,delivered,2017-07-13 10:12:14,2017-07-13 10:25:23,2017-07-14 16:07:48,2017-07-24 17:19:47,2017-08-09 00:00:00
7c15b7f016feebc19af2f23f5f8b9e4a,51b75181fb27d03715acee2ff779c905,delivered,2018-04-23 08:45:56,2018-04-24 19:07:42,2018-04-23 23:58:33,2018-04-30 19:08:36,2018-05-15 00:00:00
6f781fbfaf95fb90fb59de9f72e78e5c,3c3a00f69855a5f23fd23dd32cff5a04,delivered,2018-07-18 19:52:04,2018-07-18 20:05:17,2018-07-20 12:59:00,2018-07-24 19:48:46,2018-08-09 00:00:00
139602ce40c8f337484eec9b157ca80c,11473b059ae77d5a128eb0ec59b9b2d5,delivered,2017-04-11 20:04:13,2017-04-11 20:15:09,2017-04-13 08:22:00,2017-04-18 13:44:50,2017-05-03 00:00:00
8c52dfcce0a3724101362890db77eb05,ea3dcb2137367c05efe6ab5f4bff68f6,delivered,2018-07-04 07:49:08,2018-07-05 16:33:16,2018-07-04 11:57:00,2018-07-05 22:38:40,2018-07-17 00:00:00
83a022cc4e851507e14012a90fedcd0e,0c3060b6e196ea68986b130a86c8ea08,delivered,2017-12-04 17:06:08,2017-12-07 15:31:53,2017-12-08 22:21:47,2017-12-23 14:51:31,2018-01-04 00:00:00
9f76d1a5ba48abf682161efaadca30a4,9bb8aef52763d98ec854841ba8d8b0d9,delivered,2017-06-19 21:54:46,2017-06-19 22:05:17,2017-06-20 16:12:53,2017-06-29 13:32:03,2017-07-11 00:00:00
db1c88d4bd1bcbbdb71dae0d17198fc0,5bb6c0af4e7c4e6b89cdb7a358d2ff9f,delivered,2018-02-04 22:44:34,2018-02-06 03:35:38,2018-02-09 22:45:55,2018-02-20 15:04:20,2018-03-16 00:00:00
a27f3aab93e8f43407c0fe4296f475c1,cbb3de529213017f827c928eb43528f1,delivered,2018-04-06 16:15:37,2018-04-10 03:35:23,2018-04-25 08:14:00,2018-06-20 22:41:33,2018-05-10 00:00:00
d9a2eba69ba6350b8552f12c3342f315,e298e74b806d4568b183327e007bd05c,delivered,2017-11-01 14:03:24,2017-11-01 14:31:33,2017-11-03 16:21:53,2017-11-08 19:46:21,2017-11-22 00:00:00
b14149872b01643d235710d4a84d55da,9f3ad19bba89c1ab1396093a0b837f62,delivered,2018-02-18 21:25:21,2018-02-18 22:26:57,2018-02-21 21:11:51,2018-03-26 19:28:26,2018-03-19 00:00:00
8e0236224be5c6d6b07eb06b9f5e0139,66af55c93227ee7e7947e0f13354d1e0,delivered,2017-06-22 16:50:40,2017-06-24 02:15:35,2017-06-27 15:03:21,2017-07-06 12:07:32,2017-07-14 00:00:00
2909656d933b72ba8b3fcf38fad83c4d,4130c43f6f0a00ebb8fb4c21491fff0f,delivered,2017-09-10 21:33:27,2017-09-10 21:50:07,2017-09-14 21:37:50,2017-09-15 13:15:57,2017-09-22 00:00:00
75a7d0a8a9a12e7b866362cb26d536be,7a89b15bf8829df6c7177436d09aa9af,delivered,2018-08-24 10:48:37,2018-08-24 11:05:08,2018-08-24 13:56:00,2018-08-30 11:38:52,2018-09-18 00:00:00
335a3061e3498d0b3c574bea8973bb6f,9f104fdd722cb8f30446f33a3a7e3db9,delivered,2017-04-21 18:45:52,2017-04-21 18:55:16,2017-04-25 12:20:34,2017-04-27 08:41:48,2017-05-11 00:00:00
ac05edf13466f6c474516cccd781bbd7,b8a8f0d040850c1e5c76d0614d22b8df,delivered,2017-11-29 14:21:03,2017-11-29 14:34:31,2017-12-04 22:36:52,2017-12-22 19:57:31,2017-12-21 00:00:00
e85d619370a54fcece7535b81d3221f7,bcfc81d3c0edfa7fda838c8d108c96a9,delivered,2018-07-16 10:49:05,2018-07-16 11:04:20,2018-07-17 14:39:00,2018-07-23 22:40:51,2018-08-03 00:00:00
3c63f38b18f9c813e6a2947f12708660,b4a8edd174a1969bbe2c9d5ff9794cd7,delivered,2018-02-18 08:22:46,2018-02-18 09:26:30,2018-02-19 19:42:47,2018-02-25 15:28:32,2018-03-13 00:00:00
5a82679b8c63d6b832a48b6af28ac526,af07e27844cab85f56f85506a31570a2,delivered,2017-06-01 09:03:05,2017-06-02 04:22:56,2017-06-02 14:49:03,2017-06-09 15:42:47,2017-06-26 00:00:00
171fd36e6d28aaa958e043b897006f1d,24c3892d38633c05dd413388d7e453af,delivered,2018-05-26 16:26:53,2018-05-26 16:35:19,2018-05-28 14:50:00,2018-05-29 20:03:36,2018-06-20 00:00:00
4374c08bd3d2b8f7639e0704d80c0407,87cce80a2b8cb524f7ff411bdc22e2b4,delivered,2017-02-07 07:02:23,2017-02-07 07:15:13,2017-02-09 12:31:22,2017-02-14 12:57:25,2017-03-07 00:00:00
5f8cff9210fbe5a642d0e05b4bc974e6,271d3aca5de3b27397a4b13edf332153,delivered,2017-09-25 16:55:44,2017-09-25 17:40:06,2017-09-26 18:12:38,2017-10-11 00:08:07,2017-10-23 00:00:00
fba2ee5d3cfe6651522da5384c3af63a,a6c3ae8ed74d4cf201ac356c42c285b8,delivered,2017-08-27 18:47:00,2017-08-27 19:04:33,2017-08-28 18:58:43,2017-09-08 18:24:13,2017-09-25 00:00:00
72c501775cf36e99076132aaee5ae9c0,6cc8f025e1b94225a79f478d3bcba65c,shipped,2017-12-01 12:39:39,2017-12-02 02:37:10,2017-12-04 20:39:56,,2017-12-19 00:00:00
5c23f0b32904be1b015b14086f097dfd,89520d116659115d90ab7cb004c54112,delivered,2017-10-05 12:56:27,2017-10-05 13:07:25,2017-10-06 11:57:10,2017-10-17 00:53:56,2017-11-03 00:00:00
73da42c497d6ab85df4446d41addabdd,7bb3c8543858843a15bcb87b0926e0dc,delivered,2018-01-03 09:45:16,2018-01-03 09:57:23,2018-01-04 20:34:58,2018-01-11 12:18:14,2018-01-31 00:00:00
ff7140ba310a4717112d39c0cd0b4062,3c97bdeb3712ffcfa72a09bf0a8a3e95,processing,2017-05-19 18:11:21,2017-05-19 18:30:27,,,2017-06-26 00:00:00
8da7a1c49a88ecf2f5a92925c9333af1,67de52b6a10455591df311f48614aa58,delivered,2018-08-02 13:25:13,2018-08-03 13:24:13,2018-08-03 14:49:00,2018-08-13 18:51:01,2018-08-16 00:00:00
119deda2a77e33414b216eec6ababd07,9a75906521c0e696fdaf64fb5dd93158,delivered,2018-05-04 11:53:05,2018-05-04 12:12:18,2018-05-07 13:50:00,2018-05-17 15:12:56,2018-05-24 00:00:00
4993ec7b7fc38f8d4f61f8c90c1a9510,3f985b525a418ab57d0cb37db882b5ea,delivered,2017-05-26 16:42:34,2017-05-26 16:55:12,2017-05-29 10:01:49,2017-06-01 11:47:49,2017-06-22 00:00:00
cc90dde77b3316b9877c87637a6f87d3,62e016618dc55343014a69634e2248d9,delivered,2017-10-26 07:31:00,2017-10-27 02:55:26,2017-10-27 20:12:57,2017-11-01 13:32:56,2017-11-16 00:00:00
658028ee7633b50e656cea96a31274b1,f4d8c57bfbabb88c86d1a25df8cb21df,delivered,2018-07-12 09:21:49,2018-07-12 09:35:12,2018-07-17 14:16:00,2018-07-23 22:28:25,2018-08-14 00:00:00
828acc6ccec3081f5615750358c691db,8882d4731ff6a9c7c6d5680992e456f8,delivered,2017-09-04 13:02:02,2017-09-04 13:15:10,2017-09-05 14:20:05,2017-09-19 18:33:56,2017-09-25 00:00:00
08c6e1a2fd34f15d601cd3e006378da1,bc66139be29685b36977c7bad96d1286,delivered,2018-04-18 23:28:58,2018-04-20 07:11:11,2018-04-21 00:31:37,2018-04-27 23:34:36,2018-05-14 00:00:00
4d006fbdecd41058974d5d99f2d69650,4468799d9692439bbfc26e84711aeaca,delivered,2017-12-20 17:27:10,2017-12-20 17:38:24,2018-01-04 23:27:40,2018-01-15 18:04:20,2018-01-24 00:00:00
8ae25a46b2c36b4792ae3600e0fb2142,d89e4ea5b9778a915b6f7e7a0f57918c,delivered,2018-07-07 00:51:21,2018-07-07 10:10:17,2018-07-12 08:27:00,2018-07-26 21:48:45,2018-08-01 00:00:00
7873fc4b6a81dc66e71e7611b0414bf4,10476479468e10f6b2c185376c55a094,delivered,2018-05-25 08:28:02,2018-05-25 08:54:56,2018-05-25 14:09:00,2018-05-29 21:56:53,2018-06-19 00:00:00
a632507614b292ff5f60b5282ba78df1,7b26720e0d801bebb3cccbc054d0ef55,delivered,2018-01-30 16:28:51,2018-01-30 16:55:54,2018-02-03 14:52:52,2018-02-14 16:34:15,2018-03-05 00:00:00
908260019f25b12feacd1911f2f08525,d18e38a7904a961d6441cae1e536cf08,delivered,2018-03-10 01:52:34,2018-03-11 02:12:15,2018-03-13 03:08:38,2018-04-07 13:16:38,2018-04-17 00:00:00
dc1e38158c000863ec33ac43a40c3366,0e90259e50e8d5619e3267c5f12a8a41,delivered,2017-12-03 00:17:18,2017-12-03 02:43:36,2017-12-04 21:38:53,2017-12-15 17:22:57,2018-01-02 00:00:00
2d7c53f72873bc693d040a48c3f2b5e1,1aa505b34fe90da06e7a0e78479942e0,delivered,2017-10-13 14:57:28,2017-10-13 15:35:52,2017-10-16 20:38:00,2017-10-26 17:44:01,2017-11-06 00:00:00
b5d9716785ce349830c74805f925c745,5f2ff53e9d5e23d67e5245bb3c68d6d0,invoiced,2017-11-16 14:38:35,2017-11-16 14:51:05,,,2017-12-05 00:00:00
a39f565fb24832fec6f96a476444b02b,afa069d8cd905d0f6e78cacbf13c83a8,delivered,2018-04-04 15:11:12,2018-04-04 15:30:31,2018-04-07 00:38:28,2018-04-09 23:47:49,2018-05-03 00:00:00
8c10a70852b8d854532e8f283062d56b,2fb51b813d18f5458abbf4bf3c642ce9,delivered,2017-03-15 13:15:43,2017-03-15 13:15:43,2017-03-21 09:12:27,2017-03-24 12:08:01,2017-04-03 00:00:00
89873d5ab718995335d753f97430fab5,c7ea2371bb8bb9c2041b4e41ac7192ce,delivered,2018-07-18 09:42:05,2018-07-18 09:55:16,2018-07-18 16:49:00,2018-07-24 13:25:50,2018-08-08 00:00:00
6dce05516fc9a1e16b7a70e49ab656c2,e5426fc9fcee3dfa52fb048f6d0856e9,delivered,2017-05-14 11:05:08,2017-05-14 11:15:13,2017-05-18 14:23:36,2017-05-25 12:55:59,2017-05-24 00:00:00
dc3114be48739b0c6bdb03a041726812,38c377bed07261e25c63e572d14d26b8,delivered,2018-04-24 08:43:54,2018-04-24 17:37:23,2018-04-25 15:25:00,2018-04-27 20:52:02,2018-05-09 00:00:00
02fbb3b024a111c7e8a629bbd86df0e2,22fe25aae324ee80194e8fabf7d6970a,delivered,2018-05-29 17:47:32,2018-05-29 17:57:33,2018-05-30 21:24:00,2018-06-07 01:58:37,2018-06-14 00:00:00
14d35062b86c2e1f69376af68e9e2a1e,5883dd12bf11ff68af8a169dc7431e75,delivered,2017-12-01 17:53:36,2017-12-02 02:38:29,2017-12-06 21:58:46,2017-12-23 15:36:48,2017-12-29 00:00:00
e563afc47cb5fafb2ed8869e9e822e38,9e0e1eb6448467c246211a9688efeb47,delivered,2018-03-16 15:44:57,2018-03-16 15:55:23,2018-03-19 19:46:21,2018-04-10 21:34:47,2018-04-18 00:00:00
edb14cad806f8ea19a08ed06c26726a2,ab32f4586da1d6023f155c0a5b43affe,delivered,2018-02-07 07:43:19,2018-02-07 07:55:23,2018-02-07 20:39:02,2018-02-19 17:37:07,2018-03-07 00:00:00
b7d89d2142296a99fd213f11c9f371c1,1a7acc2b65f962323f5e932325d397d4,delivered,2018-06-08 17:11:46,2018-06-12 05:16:45,2018-06-12 12:53:00,2018-06-20 20:03:36,2018-07-12 00:00:00
ad818323f40e1a353eb3a3874d138c51,e423929b7362dc59bfc3e9dab3acad7a,delivered,2017-01-10 19:43:30,2017-01-10 19:55:17,2017-01-13 15:54:54,2017-01-20 16:35:05,2017-02-20 00:00:00
cb5664b27c8e72cd9197d6cd259a0946,cbe770134a298f4be223c178e2220c9a,delivered,2018-03-24 12:35:27,2018-03-24 12:50:29,2018-03-27 19:08:36,2018-04-05 00:03:43,2018-04-12 00:00:00
56abbae9014467d35f46261ee6f7fa71,fcc5083a07953b321f80e039e3c4c2a1,delivered,2018-03-27 18:17:48,2018-03-27 18:30:15,2018-03-28 18:41:38,2018-05-15 12:10:04,2018-05-09 00:00:00
70fe29ac539dcf0cfded8f408043d124,9c03b9d76e917b5bb1aeea1a958cdbe9,delivered,2018-07-29 15:11:59,2018-07-29 15:25:08,2018-07-30 12:10:00,2018-08-03 21:04:15,2018-08-17 00:00:00
4f4ec4d17cddc9375e76be0d91e5a51d,78d5b55ad35e8e1c25a0a31b3117fffa,delivered,2017-12-29 21:30:30,2017-12-29 22:06:39,2018-01-03 12:42:20,2018-01-10 18:38:47,2018-01-31 00:00:00
42d34c5b74d78872ef8ce334bf839627,13d2f11be371c03d145fccd8ddbf318b,delivered,2018-03-26 17:35:51,2018-03-26 17:47:39,2018-03-28 00:17:50,2018-04-05 23:31:17,2018-04-18 00:00:00
beeee30f17612200615fd1ce39b41a43,2aa0fffc9c5ba51d764877eed20387da,delivered,2017-08-16 20:53:13,2017-08-16 22:44:42,2017-08-18 13:28:56,2017-08-21 18:49:32,2017-08-31 00:00:00
29c56706d0442edbc19623391d958d7f,e1f1ab2aee7b92d827f497a9f794718a,delivered,2018-05-10 14:42:01,2018-05-11 03:10:37,2018-05-11 14:46:00,2018-05-12 15:05:21,2018-05-22 00:00:00
54f0988d1c9f5f7f90410c09b2cbc6e5,58ef17eb85a447ae62ef8be1c5f06b0e,delivered,2018-02-25 22:27:06,2018-02-25 22:47:37,2018-02-27 18:19:16,2018-03-08 16:11:46,2018-03-19 00:00:00
c39345e6efbb71413c9fc98a3dc1a4c5,1c117dc3ec342ed88164b572f61fdd33,delivered,2018-04-25 23:26:03,2018-04-27 03:35:25,2018-04-27 15:37:00,2018-05-08 20:12:37,2018-05-23 00:00:00
a8fff3e04abf1de340f6a42662daa292,ff979d3f952328374b41b7b6b52a56f1,delivered,2018-08-01 19:31:36,2018-08-03 02:50:29,2018-08-13 14:45:00,2018-08-20 23:21:48,2018-08-24 00:00:00
df79dc38cd1e0f49f9ef6385b30caab8,9dacbeb9f84e684a8dce0f08765b6956,delivered,2018-08-04 11:55:27,2018-08-04 12:10:17,2018-08-06 14:50:00,2018-08-10 22:29:39,2018-08-16 00:00:00
9040ee228f2a73cf71c59e19d2d1f1d8,15dce1bee53a5e570eced9cedc29e302,delivered,2017-11-22 12:58:19,2017-11-22 13:07:32,2017-11-22 19:24:33,2017-11-30 21:09:10,2017-12-12 00:00:00
95e6954a7dcbdd1a6efe5fd1ce397ba0,92aea0fdf748979ef3e99a3a328abf59,delivered,2018-07-17 23:55:14,2018-07-18 00:40:05,2018-07-18 14:10:00,2018-07-24 21:36:42,2018-08-09 00:00:00
4083b3de3f83063296da5c898dddee6a,9c329724ca5ef12a9e8c6b6b91c03e60,delivered,2017-08-26 20:42:34,2017-08-26 20:55:10,2017-08-28 23:36:30,2017-09-01 16:35:06,2017-09-11 00:00:00
efd3b94ce05ae57bce1f417fdbbc16aa,5d9ae8a689e16a1d0baee896734fea4e,delivered,2018-01-17 14:28:37,2018-01-17 14:50:50,2018-01-18 21:21:45,2018-01-22 22:43:18,2018-02-01 00:00:00
4d1d3523aeda82887c2875955783ba2f,6d1c28c90a63f277029f47c7db8eddd3,delivered,2017-06-26 17:58:41,2017-06-26 18:10:16,2017-06-27 15:18:18,2017-07-06 13:56:55,2017-07-26 00:00:00
e4e3903e4a2fedf6bc3b6e40262e05c1,a61eaeaadf9c45eefbda461f552dfa79,delivered,2018-04-02 23:28:03,2018-04-02 23:47:54,2018-04-06 00:34:36,2018-04-06 23:19:10,2018-04-17 00:00:00
c401a80efe63c34dbd890d19e79311a7,c863c811a63c25c93715a68f6df28ac3,delivered,2018-04-11 18:11:01,2018-04-11 18:31:29,2018-04-13 19:15:33,2018-04-25 00:42:52,2018-05-07 00:00:00
7813842ae95e8c497fc0233232ae815a,040d94f8ba8ca26014bd6f7e8a6e0c0d,canceled,2018-08-17 20:06:36,,,,2018-09-17 00:00:00
2285cbcd1e0676fb56344c2844df98b4,2f29e4296fcfda62283e171d804d3966,delivered,2018-02-19 18:03:53,2018-02-21 06:15:18,2018-02-21 19:39:03,2018-03-03 14:32:39,2018-03-12 00:00:00
9d52ed75974d7c18cdbce888c9ecfc93,32ecf699158a694b829b462b892ea519,delivered,2018-02-15 21:58:37,2018-02-16 14:31:00,2018-02-21 18:12:13,2018-03-01 21:16:51,2018-03-07 00:00:00
4b26d2fce6fdc2f2a9f87c7cb05226ef,ba24be7f82de71a9ad1d254ff5198815,delivered,2018-05-24 11:29:05,2018-05-26 02:18:34,2018-05-28 12:24:00,2018-06-09 15:58:42,2018-06-25 00:00:00
217fa6305f49722c5712365fa9fb7685,c138c0b07bf9115181adc0b9ff513ec3,delivered,2017-06-19 14:54:51,2017-06-19 15:05:27,2017-06-27 07:26:49,2017-07-10 16:06:44,2017-07-17 00:00:00
38e3895efc70d2d46a3b967b8781368a,ca1a7da184d06f128df4600dd61381e0,delivered,2017-05-01 15:51:51,2017-05-01 16:02:15,2017-05-03 15:37:19,2017-05-10 18:09:04,2017-05-26 00:00:00
dde8f1a1964c338a90b168c7fdfa075f,9acf0e2a1bdedcf25d1f46eb5c6e7739,delivered,2018-07-02 10:21:34,2018-07-02 10:35:13,2018-07-03 12:49:00,2018-07-07 04:48:47,2018-07-30 00:00:00
48177994024650e5aed5b373217c1488,022656ca3adc7e49311ec71751bddf16,delivered,2017-11-25 10:14:25,2017-11-25 10:29:53,2017-12-01 00:13:08,2017-12-08 01:06:50,2017-12-18 00:00:00
a49f05cadcb7f056c2725a1463b7d7db,e154aa6c833c997823d31268993dd32d,delivered,2018-01-24 18:10:28,2018-01-24 18:37:38,2018-01-25 17:09:12,2018-02-05 23:22:28,2018-02-21 00:00:00
a36841db38700006f3effd1b7e638688,85def2485de9aaad307b6b980002087e,delivered,2018-03-04 16:18:42,2018-03-04 16:30:31,2018-03-05 23:10:09,2018-03-23 00:22:08,2018-04-02 00:00:00
6eaacb56985c861c98501943931f48b5,666f8b232312a561691368666b90bca6,delivered,2017-09-04 16:26:31,2017-09-04 16:44:09,2017-09-14 21:21:43,2017-09-19 20:59:46,2017-09-28 00:00:00
af18c8b9b0890d5387074340f9d39cc7,fb003078b5824a2d03f9ec3cb6938b87,delivered,2018-06-13 09:57:33,2018-06-13 14:31:29,2018-06-13 12:14:00,2018-06-28 17:54:58,2018-07-16 00:00:00
586949fae7b2b6a01f45ecb9e197212e,718a745844ae0572d9341439dcbf717b,delivered,2018-05-03 15:42:58,2018-05-03 15:55:09,2018-05-04 14:40:00,2018-05-14 08:26:48,2018-05-30 00:00:00
2ad713541542172502b2d22dbbe47de0,eeb703aa336c48ca33fef32138068f6e,delivered,2018-07-17 10:33:14,2018-07-17 10:45:16,2018-07-17 14:52:00,2018-08-01 11:36:52,2018-08-10 00:00:00
dbb49dc3b19f34fb60a650706e65f774,663da939653ca98d01187a3f05889e61,delivered,2017-06-10 20:22:45,2017-06-13 04:05:12,2017-06-13 12:31:33,2017-06-19 14:32:13,2017-07-03 00:00:00
c4e2bd2043fbd75b325a47adfabf0d77,1c37c0f0cd1d88d46d9fc9494762abbd,delivered,2018-03-15 07:45:10,2018-03-15 07:55:24,2018-03-27 15:58:41,2018-04-05 12:37:25,2018-04-19 00:00:00
a7664a67c4bc3ba9f5ea7d49cc369034,35349e5366b6dcd7f8a51e2bf1b3497e,delivered,2017-08-02 11:55:23,2017-08-04 16:50:16,2017-08-08 21:49:52,2017-08-14 09:54:52,2017-08-28 00:00:00
ee0422de5db17178938d7e613abe918e,e012154b1c49a37cfe760845e853c544,delivered,2017-12-24 12:20:23,2017-12-25 12:14:28,2017-12-26 18:05:14,2017-12-27 21:22:19,2018-01-15 00:00:00
291036f4304c5fb0dc3965044f4a4605,73fed2db5e8ab1b25ba0efebbe3d628d,delivered,2018-08-12 23:15:08,2018-08-12 23:25:18,2018-08-13 14:12:00,2018-08-20 17:38:40,2018-08-23 00:00:00
5bb20a1f6eecf52b15642965e33b6dde,dfe9b8ef242ad589cc5b5ec521045c1b,delivered,2018-07-16 15:04:55,2018-07-18 02:50:22,2018-07-18 11:20:00,2018-07-23 20:35:06,2018-08-03 00:00:00
f56a4744d6392378081c4d1b6d2c0285,2daf47b7d5ceff5e066337e11b4ea243,delivered,2017-10-20 15:02:08,2017-10-20 16:07:57,2017-10-23 15:42:41,2017-10-27 23:43:56,2017-11-21 00:00:00
04626f2c41e6a49d4c2102a7d410797a,615ae88261f09750647dcdb0cd6858d2,delivered,2017-11-27 10:47:32,2017-11-27 11:14:35,2017-11-30 22:45:37,2018-01-08 21:43:48,2017-12-21 00:00:00
6f2ed4a14ddb4db99255cbb30951ab59,0a81199e6e7a385d86f18a1258b0f032,delivered,2018-02-20 20:20:11,2018-02-20 21:10:19,2018-03-12 20:41:42,2018-03-17 14:05:19,2018-03-20 00:00:00
687297c4cb20d6fad502624bed7376ec,349937c1b22f4f6ae55f248a229e0749,delivered,2018-01-16 00:16:06,2018-01-16 11:15:30,2018-01-31 23:21:58,2018-02-10 01:03:48,2018-02-22 00:00:00
ca47b8674b4881264380ff336ae5c195,9a91fb951e7fd3f4adf713cff82acf3d,delivered,2018-04-10 18:42:25,2018-04-10 18:55:12,2018-04-11 21:57:34,2018-04-13 22:26:33,2018-04-26 00:00:00
176cf0b19224a77a9fe04e323627fa7e,6c5ba608588b5b24652daf167aa141cd,delivered,2018-04-22 10:14:25,2018-04-24 18:39:40,2018-04-24 16:58:41,2018-05-03 19:21:32,2018-05-17 00:00:00
863e04a33f87d879ee00bf50cf65c5e2,ef68b0cec4f4db6b191c1f6fdc8ede0f,delivered,2017-05-10 22:45:02,2017-05-10 23:02:37,2017-05-11 09:04:30,2017-06-30 10:27:43,2017-06-07 00:00:00
249004c60a9bead3bdc73f4a8d2f0c11,b9b285439e0ae073d8700ecdcd4e4bcb,delivered,2018-07-03 20:07:37,2018-07-05 16:08:58,2018-07-05 10:40:00,2018-07-10 18:14:40,2018-07-25 00:00:00
a4e90e85913254028e2b816285a11db9,ba8f5b71a2f118cb40ba2f733add6d8e,delivered,2018-04-16 16:59:03,2018-04-16 18:33:50,2018-04-19 04:52:38,2018-04-24 20:25:36,2018-05-04 00:00:00
0849024969adbd058756b6d843f3c1c5,3eacf2c45f37d4d63636fe8505c6a0b5,delivered,2017-12-17 20:04:57,2017-12-17 21:13:47,2017-12-18 21:42:04,2017-12-22 19:05:05,2018-01-12 00:00:00
934998379448f54149af3041f9c8efc5,037356d24e116561460bd349e0ef7f04,delivered,2018-04-04 22:25:36,2018-04-04 22:35:16,2018-04-06 03:04:01,2018-04-11 17:17:38,2018-04-25 00:00:00
f3863782b51a1c378f36a99845aacbe7,6416212b1f807629ba0f313580525565,delivered,2018-05-26 16:46:07,2018-05-26 17:09:50,2018-05-29 14:04:00,2018-06-08 21:33:17,2018-07-04 00:00:00
723a7113ee372c5f0ce268c48dfc2c21,4c76d92d6fde25bf9415c77794dc07c5,delivered,2018-03-04 15:45:34,2018-03-06 03:51:25,2018-03-08 03:08:54,2018-03-22 00:19:26,2018-04-03 00:00:00
c54a395b5f384f7eb66433d136522b7f,73f0cc708f1defa0fe32569a96aa278c,delivered,2017-05-17 10:50:54,2017-05-17 11:05:19,2017-05-18 15:19:05,2017-05-22 10:31:43,2017-06-12 00:00:00
1ab69e6a88c55054f55e82b7ea1c9d34,74b4b073e2a0af2e70dcc84f7fff397a,delivered,2018-03-07 16:36:45,2018-03-07 17:15:44,2018-03-08 18:58:44,2018-03-19 20:08:46,2018-03-28 00:00:00
8b83908fdb598db143e4b00e8dac9036,11cee4c2667ae8b6af758fee17b3d3b3,delivered,2018-08-08 20:06:57,2018-08-08 20:15:22,2018-08-09 14:58:00,2018-08-14 15:56:34,2018-08-22 00:00:00
bf21c25c297f9093e217a740ea93b465,4a603a65372ff73774febce5c4aba289,delivered,2018-07-10 08:28:21,2018-07-10 08:45:20,2018-07-10 14:32:00,2018-07-13 18:57:37,2018-08-01 00:00:00
e61a7dc1fe0c1e1372543d0de05f809d,79fb28ad325a5e9f1d462bf813c5b2b6,delivered,2018-05-31 12:13:49,2018-06-01 12:11:47,2018-06-04 14:27:00,2018-06-12 14:52:23,2018-07-11 00:00:00
7b0c4136f285a86a8ceed54be6f56641,bb423fad8321bc949c39a96f26774b91,delivered,2018-02-02 11:54:11,2018-02-03 02:53:59,2018-02-05 23:18:29,2018-02-16 13:18:56,2018-03-02 00:00:00
a185e5cd569eb1436c80f83bae2d91bb,2081aaeb616d4391d1b0a7f26f2b548a,delivered,2018-04-03 21:28:13,2018-04-03 21:49:36,2018-04-04 18:22:49,2018-04-19 18:41:55,2018-05-08 00:00:00
ecd832254262868776a1381df4b0be02,c1fbbf8f9118712100b9c5695924b523,delivered,2018-04-25 18:27:43,2018-04-25 18:35:23,2018-05-07 13:37:00,2018-05-12 16:13:45,2018-05-29 00:00:00
eaa862b99d06a963cff6699021d83f09,1a187e61bc83d03ff6e887048de8b269,delivered,2018-06-22 00:17:50,2018-06-22 00:38:36,2018-06-22 13:26:00,2018-06-27 12:07:50,2018-07-05 00:00:00
742832acf7be7363a4480a9b4ff84bfa,9f5928c5e4f0bdc41995883f4c9ddd3d,delivered,2018-01-16 15:34:00,2018-01-16 15:50:40,2018-01-19 22:10:18,2018-01-24 19:58:49,2018-02-09 00:00:00
73cfaa863221d5987b3f6aa644affca3,f06bb0bb030eef32d9ce6d9a4f177605,delivered,2018-08-25 20:10:27,2018-08-28 03:45:18,2018-08-28 16:05:00,2018-08-30 21:32:33,2018-09-06 00:00:00
f1c1796688aff03e046d4b3cc90e1d3a,2ccd375a9c87139f7cc9aeb6016b58da,delivered,2018-06-07 23:32:58,2018-06-07 23:53:54,2018-06-08 14:37:00,2018-06-12 10:51:12,2018-06-25 00:00:00
ffc730a0615d28ec19f9cad02cb41442,7ba25938d3d2de27a81b3af43e2c5a51,delivered,2018-07-25 14:03:13,2018-07-25 14:15:15,2018-07-25 14:56:00,2018-07-26 22:05:08,2018-08-02 00:00:00
d26bc24224fef3d3b81a759802c26434,75e0bfb1c7701f6b53354ee10aa4268f,delivered,2017-10-22 18:07:06,2017-10-22 18:14:31,2017-10-24 20:47:40,2017-11-03 20:42:35,2017-11-09 00:00:00
bd486e41e0b895151c98b33db1504f8d,35e87ef5e133284e1e2ccbc8f8816d57,delivered,2018-08-17 23:59:46,2018-08-18 00:10:14,2018-08-22 08:52:00,2018-08-27 18:51:17,2018-08-31 00:00:00
eb23b9ffbd39df83ffd9b7e7dd6a00fe,56ecf90161cbe9e5ac5e8d6da6e36181,delivered,2018-08-21 22:47:49,2018-08-23 02:35:50,2018-08-23 14:46:00,2018-08-30 21:44:39,2018-09-04 00:00:00
a99c3aba228dca468eb16fefbf004bed,f7e1f55ef16940d7ef3f68cbe9884de1,delivered,2018-03-24 18:08:33,2018-03-24 18:27:20,2018-03-26 21:18:47,2018-04-03 21:16:41,2018-04-19 00:00:00
2e3400d43bbd1c921a404c654a0e7bf7,e6c5cb7ce7b3053a70e5d43981faed19,delivered,2017-07-28 21:30:19,2017-07-28 21:45:09,2017-08-01 14:22:41,2017-08-08 22:14:46,2017-08-23 00:00:00
e6c0c1754a4772066631827775c805d6,2082b281d48ea041b7a582aa8145a8a2,delivered,2018-01-10 22:19:08,2018-01-10 22:31:30,2018-01-11 14:49:25,2018-01-23 20:09:03,2018-02-09 00:00:00
62793c4368ddb047724a9edc96964287,310ff09e1ab4ffc13b233a9cb0271750,delivered,2018-04-18 13:37:54,2018-04-20 07:35:24,2018-04-30 16:45:00,2018-05-22 15:41:12,2018-05-11 00:00:00
f6134169ca6f0cdfbe6458ebb5731613,cbfdcc896d6ebc83c21fdcf4f4762efc,delivered,2017-12-03 22:59:16,2017-12-05 04:12:17,2017-12-08 16:39:02,2017-12-18 14:35:21,2018-01-04 00:00:00
06b5d30491b14242caca6d7090f29771,025247dee36960e70666880b8073e582,delivered,2018-06-07 12:16:23,2018-06-07 12:37:47,2018-06-11 14:56:00,2018-06-18 22:33:09,2018-07-25 00:00:00
3311d98897ca2c0c66c09cb3e4c45447,316a4eb2e2342a3cc5c32467c586f402,delivered,2018-05-06 09:30:14,2018-05-06 09:50:36,2018-05-07 14:33:00,2018-05-15 18:21:55,2018-05-30 00:00:00
dc36912ce651720c4c3ed389377085fc,30d7d37ad953f4fe5578df7bb19e020f,delivered,2018-05-18 17:45:22,2018-05-18 18:19:04,2018-05-21 16:22:00,2018-06-06 18:04:13,2018-06-06 00:00:00
4f04cf5f96101782fbd1b6cf9ec942ea,42262967d28e564f7c9f5cc3bd304d38,delivered,2017-07-04 20:12:16,2017-07-05 17:42:45,2017-07-12 14:09:52,2017-07-17 21:41:21,2017-08-01 00:00:00
0240111ef6f94ee97599bd002acec1cd,71d768f0401c468141199473dc548df4,delivered,2018-06-24 18:26:15,2018-06-24 18:55:35,2018-06-26 09:19:00,2018-06-29 15:12:08,2018-07-19 00:00:00
b9de9e1eb84649fb4958de11ac492b6b,5e56866794c71350af872dbc88396e6c,delivered,2017-08-02 16:04:12,2017-08-03 06:45:17,2017-08-03 18:51:42,2017-08-25 19:32:45,2017-09-05 00:00:00
b5f13aa3a46ca3005d39389331866fe4,c490bef02137db10e5a2d0095bee13bb,delivered,2018-05-06 21:38:02,2018-05-08 19:34:47,2018-05-10 18:29:00,2018-06-01 17:48:46,2018-06-04 00:00:00
39f43f2f3fd37877826085cd7e657b14,2ed7af1545567c0facf089f0fd61069e,delivered,2018-03-21 14:13:02,2018-03-21 17:08:52,2018-03-22 21:04:26,2018-04-05 19:17:41,2018-04-26 00:00:00
5d2d954e72e7ec31baa0a784aa82a1d6,2d1abb9c4b05dc849f5fb26c75f3d710,delivered,2017-07-20 11:20:15,2017-07-21 02:50:25,2017-07-24 17:37:39,2017-08-01 22:08:02,2017-08-11 00:00:00
b71b933941ffe3a83e6fa413d0f73e0e,81c40aa1c457eedcbf99ad628af078f4,delivered,2018-07-04 20:49:45,2018-07-05 16:31:45,2018-07-06 11:03:00,2018-07-11 18:19:46,2018-08-03 00:00:00
f11868435bfed696829e3e512e62ca08,ea74cde146bcfbdf34e6289b95e04a72,delivered,2017-09-14 10:23:39,2017-09-14 10:36:27,2017-09-15 20:35:00,2017-09-22 18:46:37,2017-09-26 00:00:00
9013af48700a7fbe4c74378aa6d08ba8,707831c8480919ed888f1b026854eaf1,delivered,2017-06-20 09:39:27,2017-06-20 09:50:18,2017-06-22 12:39:58,2017-06-29 13:27:25,2017-07-27 00:00:00
3b2b7f4a223b44cc17c481a8fe1a63b7,3e15529b15c6d166c1515fcf3eb66e65,delivered,2017-05-23 22:14:50,2017-05-23 22:25:18,2017-05-24 12:36:57,2017-06-05 15:52:40,2017-06-27 00:00:00
f1d5c2e6867fa93ceee9ef9b34a53cbf,a790343ca6f3fee08112d678b43aa7c5,delivered,2018-08-25 21:20:50,2018-08-25 21:30:15,2018-08-28 10:49:00,2018-08-29 18:19:41,2018-09-03 00:00:00
06d7e8cde0488b6d0b67852d2295368e,8b2abe6f49370b6d136af8e75cefd25f,delivered,2017-11-30 20:12:05,2017-12-01 10:31:51,2017-12-06 22:47:04,2017-12-10 14:22:33,2017-12-18 00:00:00
f49ac798b81a51189639cb0a04d2bb69,8e6af5909487bcdc2610d60e5eac1f81,delivered,2017-09-12 15:35:32,2017-09-12 15:50:18,2017-09-15 15:52:43,2017-09-25 17:26:49,2017-09-29 00:00:00
5a2346612cba6473e86fcab758bc0964,6ade91e1b82b82f743dc593773f5a329,delivered,2018-06-01 18:57:20,2018-06-02 18:51:30,2018-06-05 07:42:00,2018-06-16 00:52:42,2018-07-23 00:00:00
ba7da71e493836130bdb223e6e2fd4d4,ce3eb6d026457e39761863f83fcda774,delivered,2017-05-20 17:45:52,2017-05-20 17:55:12,2017-05-25 15:56:29,2017-06-11 07:47:43,2017-06-13 00:00:00
060a509c86c388937eb130705ea09e52,10c63cdfbd60a719c99aaea0f45cb6f8,delivered,2017-09-18 19:54:52,2017-09-20 02:36:36,2017-09-20 22:10:08,2017-09-28 15:17:13,2017-10-05 00:00:00
618638a7bdca22bf57e7404dacd947e0,f92ec85d59e831845be77e6cb91af597,delivered,2017-03-09 17:08:32,2017-03-09 17:08:32,2017-03-14 12:39:18,2017-03-21 14:27:57,2017-04-06 00:00:00
9ac2a680b00d51b787bc374700055ca7,b61ca4c728c064d4f7551b52fed09a21,delivered,2018-03-27 09:21:48,2018-03-29 03:09:06,2018-04-03 20:50:55,2018-04-09 11:42:20,2018-04-16 00:00:00
f9dba21dfbb520ed911cebc91688195e,66f5f0aa56c7ad916e7292066fde6c06,delivered,2018-04-26 19:39:27,2018-04-26 19:51:20,2018-05-02 11:47:00,2018-05-10 22:59:29,2018-05-22 00:00:00
adc7395f708cb4b4b9465287b588bb64,470288b06929cb091841666a22e1296e,delivered,2017-06-04 20:33:17,2017-06-04 20:45:14,2017-06-05 12:33:55,2017-06-13 17:56:07,2017-07-04 00:00:00
c61510f6470930fc8d642f07693cb75b,e6204abf3d0cb54280a8ebc18a4881bf,delivered,2018-03-20 13:39:32,2018-03-20 13:50:35,2018-03-21 19:12:39,2018-03-22 21:33:46,2018-04-02 00:00:00
3ea0c27406751dd56d4c57b342aa3b38,723e7d9d77b344e0d9f92128b5fae6dc,delivered,2018-08-02 12:05:17,2018-08-03 08:30:10,2018-08-06 15:02:00,2018-08-07 20:28:38,2018-08-07 00:00:00
4cfdd4464ee3dbf59c17a69045429af4,3a1b9fe3e0d0d7541f37438799c97571,delivered,2017-08-30 11:39:07,2017-08-31 02:50:41,2017-09-01 20:09:40,2017-09-12 19:50:00,2017-09-25 00:00:00
8f1a41d5bbeb94665f4ada45facb4cf5,50373e770cb9d08881b3c15acf6787a7,delivered,2017-03-22 15:30:29,2017-03-22 15:30:29,2017-03-24 14:19:48,2017-05-04 08:17:49,2017-04-26 00:00:00
9274ee9bcaf62df44b458bb765015331,c19d64724601030499c6e9035029fff0,delivered,2017-07-11 17:15:44,2017-07-13 03:04:40,2017-07-13 18:57:48,2017-07-21 21:52:30,2017-08-02 00:00:00
bebd5d5cd84828e1958bb698ebb58665,146c06eed34cce641d56a18c74400f38,delivered,2017-11-07 20:43:45,2017-11-07 21:46:49,2017-11-16 19:24:39,2017-11-23 18:34:37,2017-11-30 00:00:00
4f7e7115e9774e0a45e016fa2cbe4b75,81f0639fc90123a98822afe9608e16fa,delivered,2017-03-15 10:51:33,2017-03-15 10:51:33,2017-03-16 10:52:05,2017-03-23 15:14:47,2017-04-10 00:00:00
19ba831bc3128a65996fed4c4c4823ee,bdac81dd00e1f74ae8317227ca0d7b70,delivered,2017-10-01 10:02:50,2017-10-03 04:23:59,2017-10-04 18:57:09,2017-10-19 12:21:41,2017-10-31 00:00:00
b74a164aa1b796aba8ed356ed4733db8,01a62912967c457c51f60e42eba81aab,delivered,2018-07-23 15:36:12,2018-07-25 02:45:09,2018-07-25 08:33:00,2018-07-30 20:19:31,2018-08-09 00:00:00
f6ab90c0e570240a38a460dd93384e73,e6fc35108f2de91f9ce95b5aa4d15836,delivered,2018-06-11 19:05:22,2018-06-11 19:39:56,2018-06-12 12:32:00,2018-07-03 15:58:32,2018-07-13 00:00:00
9839df28efff4e28f25b2cebdda3aaa6,e27a055c1d7eeca7052d113324a4be62,delivered,2017-05-22 19:11:49,2017-05-22 19:25:19,2017-05-23 12:17:58,2017-05-24 19:03:59,2017-06-02 00:00:00
a4a57f1ffa25b90dea9f150fee89db84,c12c796652c71de90173ccac158ae68f,delivered,2017-09-06 17:07:29,2017-09-06 17:15:12,2017-11-06 20:51:56,2017-12-01 17:09:10,2017-10-27 00:00:00
ba3260d70e1adafdc761bc92754d55aa,f18c5dbd896aab713430c0560ecca449,delivered,2017-03-24 19:38:17,2017-03-24 19:50:15,2017-03-27 10:20:02,2017-03-30 15:22:51,2017-04-18 00:00:00
a9e4a67cf6910c059f3a0764fcd0a020,07e4d358f855a3b64a52293ba46b0f09,delivered,2018-07-13 10:53:18,2018-07-13 11:05:23,2018-07-16 14:58:00,2018-07-21 00:08:36,2018-07-31 00:00:00
31926e0737274f789b936c32798f109c,757336b19576e72b70a7e2152a167792,delivered,2018-03-22 13:31:58,2018-03-22 13:49:40,2018-03-23 22:26:23,2018-04-13 00:37:51,2018-04-27 00:00:00
c879d78c7ee446806b14557fbaff1b16,c79ff780f5fc0e20fd2ed4de186ef34c,delivered,2017-12-05 07:13:54,2017-12-05 10:51:50,2017-12-07 23:14:45,2017-12-14 16:26:03,2018-01-03 00:00:00
5b6509178158833cfd66adceba26fd4d,6a18a11f5c2b2e63b62c213efb995c75,delivered,2018-05-11 21:47:35,2018-05-11 22:16:53,2018-05-15 14:48:00,2018-05-23 15:08:37,2018-05-24 00:00:00
5227f2736ccc6b82c2bdf19be46b1320,20414f12194b46f9a417410d9377a39f,delivered,2018-07-08 12:01:38,2018-07-08 12:15:14,2018-07-09 11:46:00,2018-07-12 13:41:35,2018-07-25 00:00:00
21d264a9f2582bccf55b8e9d9435a6e5,7634c5fe9a7190b61036c6bde82fcd66,delivered,2017-05-05 12:45:29,2017-05-05 13:06:04,2017-05-25 21:13:55,2017-05-26 05:04:39,2017-05-30 00:00:00
61f50b841a813bd9adcd56c13a33c255,1c44a2f8860aa430a2d4dafc3077753c,delivered,2017-05-19 19:43:24,2017-05-19 19:55:11,2017-05-22 15:50:26,2017-05-26 07:57:57,2017-06-13 00:00:00
b0d704a2823bd5fc86a8b47a4671d219,b922bec3f09f25b13a8a646fb8585fb6,delivered,2017-11-04 16:37:45,2017-11-07 07:30:50,2017-11-09 18:35:05,2017-11-24 23:28:49,2017-11-29 00:00:00
486f425560be5cae65e5a3aa52a8dfaf,d92f0d9f8f7203756c3006dc6f9efc71,delivered,2017-11-02 15:09:50,2017-11-02 16:11:16,2017-11-03 20:09:35,2017-11-07 15:48:26,2017-11-23 00:00:00
536ed688b4241b1de09816d56b845537,8055a4db7f713a58eae2b770874de26a,delivered,2017-11-25 16:40:25,2017-11-28 03:48:09,2017-12-01 18:31:58,2017-12-08 19:47:10,2017-12-15 00:00:00
64564c30af3f52390a890a66ec0e7a45,8c4beb8d2a2d36985471bdf1c21c8ea3,delivered,2018-01-22 14:44:46,2018-01-22 14:59:25,2018-01-25 02:42:34,2018-02-23 21:12:34,2018-02-19 00:00:00
2b0451c2565c2a5b746a0871790bb48d,4263df404253bc342e5edd63335a3378,delivered,2017-05-01 20:33:42,2017-05-01 20:45:09,2017-05-03 15:37:17,2017-05-10 13:05:07,2017-05-24 00:00:00
f0c266a6e7730621db921798f5bb9447,5fdacc8f9269a83d3f5cf8b73b06b200,delivered,2018-06-17 11:12:10,2018-06-17 11:39:20,2018-06-19 15:25:00,2018-07-09 17:50:41,2018-07-17 00:00:00
5abe202b4aa14c9b12e9661641d2f8e0,b10c5ba343a99bacbba82eb53d10bd33,delivered,2018-03-24 20:27:11,2018-03-24 20:47:21,2018-03-26 19:03:49,2018-04-19 19:48:24,2018-04-17 00:00:00
fd191af945fc7109f19f6224cbbceed4,c344b4e0eb8fbd8c3731533d81d315ea,delivered,2018-01-30 20:25:17,2018-01-30 20:35:30,2018-02-02 03:04:57,2018-02-21 22:37:09,2018-02-26 00:00:00
40e71e3ccbeb7170672ef1d0e9696a77,a325fd976bfd1f4dc9d374bd7d73ab3b,delivered,2018-07-19 10:36:27,2018-07-19 10:50:16,2018-07-19 14:25:00,2018-07-24 16:28:19,2018-08-10 00:00:00
6c75a0779ee3835fcfd142d8ed8b2535,b1b141a3e687373c558ceacb977199d7,delivered,2017-04-30 19:48:20,2017-04-30 20:02:30,2017-05-04 11:32:23,2017-05-12 07:09:44,2017-05-23 00:00:00
188135ade1438eb61ba3913a7acc5801,6ded389f9e7f110ed1fad6b27606bd05,delivered,2017-12-14 13:29:38,2017-12-14 13:38:32,2017-12-15 22:48:36,2017-12-23 20:48:42,2018-01-16 00:00:00
de4363c0dc15fa2b4ef64957ef56a5ab,af006ce9626179d83fbd022eb4afeee3,delivered,2018-07-10 10:18:39,2018-07-10 20:30:59,2018-07-12 10:20:00,2018-07-13 19:48:33,2018-07-23 00:00:00
4aaa128c3570cc43f4fcda4db37d0d25,8e7ad87e9f77ddb00c43604008f1d3fb,delivered,2017-08-08 08:42:44,2017-08-08 09:43:08,2017-08-11 21:28:54,2017-08-15 18:32:20,2017-09-12 00:00:00
0650ef96422834cca0cc7799efbf6307,8e0193c71b2b59a05148996de6841d58,delivered,2017-02-04 12:46:02,2017-02-04 13:10:31,2017-02-06 14:15:22,2017-02-14 07:57:37,2017-03-07 00:00:00
7c4e92688bbdf813835ed157b4173928,052de24b80bcd7cc95f203a10b090750,delivered,2018-01-04 12:17:00,2018-01-04 12:28:54,2018-01-04 21:34:31,2018-01-15 17:25:51,2018-01-30 00:00:00
1282867904225d219a5ec3f1251a5fce,4bbec098a5c18023d10e1c2b6beb261d,delivered,2017-02-02 19:17:18,2017-02-04 02:25:15,2017-02-13 07:43:56,2017-02-20 15:07:56,2017-03-09 00:00:00
1ab4c41692b49393c880bd70c3cbc09c,e1ffe108cd072fc7edf2e4672acbc619,delivered,2018-05-14 13:14:08,2018-05-16 03:33:45,2018-05-16 16:29:00,2018-05-17 17:32:42,2018-05-30 00:00:00
ddea733ed0db4b498f7719f648b89a5b,a8f04af129a5fbb2634d57eb7213dd75,delivered,2018-08-23 15:48:24,2018-08-23 16:05:44,2018-08-24 13:01:00,2018-08-27 20:34:46,2018-09-05 00:00:00
94f50b71dcd091b45859f773f441ee19,f6f74613ded22c102036f612fcc35de3,delivered,2017-12-24 04:17:40,2017-12-24 04:29:21,2018-01-02 16:32:11,2018-01-09 18:59:25,2018-01-24 00:00:00
cbeba463c9f0f56c92b94e656a6b7ccf,351a042a5e714d23e11b893ad67a1c91,delivered,2017-05-17 14:35:22,2017-05-19 02:35:07,2017-05-25 14:59:05,2017-05-31 14:56:04,2017-06-08 00:00:00
83d5a4507ca3b740b2e4642220ebd8d2,d29fcbfaa31416c295e90f4734baf5e9,delivered,2017-03-01 19:01:12,2017-03-02 03:41:43,2017-03-03 13:51:30,2017-03-20 08:42:03,2017-03-28 00:00:00
938ce9437524223bf05a48b84add7375,8cba10915b6907ea55528a24f72a3099,delivered,2017-07-03 15:46:50,2017-07-03 15:55:13,2017-07-11 18:27:34,2017-07-18 22:49:54,2017-08-08 00:00:00
a133a80b67b2a9f4a8a8e2eb5e1f87e4,18e7b82e90f40ad34fe0c14d63144360,delivered,2018-01-31 21:42:49,2018-01-31 22:09:44,2018-02-05 10:35:09,2018-02-21 21:14:02,2018-02-26 00:00:00
b94ba5a27a4df43455d1c0efc383a81c,18a6c8c07bc0c1ad6ec3f9c5e1b7fc66,delivered,2017-08-23 10:45:04,2017-08-23 11:05:48,2017-08-29 18:34:32,2017-09-08 16:10:40,2017-09-19 00:00:00
4ad2b31eea8156f4b8413c4d41eec3d3,bf0dd7877a1c9d67d1a72893b8b500f2,delivered,2018-05-17 10:01:25,2018-05-18 02:36:19,2018-05-18 14:35:00,2018-06-07 15:04:10,2018-06-19 00:00:00
c31010ef2672e6bae06cf6e265b98138,aa8fe6fdddb25648793aab5b07e5f73d,delivered,2017-02-17 03:09:22,2017-02-17 03:15:08,2017-02-17 07:29:02,2017-02-20 14:44:16,2017-03-23 00:00:00
54a444c922f6fb6c0351d8981d9c5ded,ffa5d7160302ea1cc18a275a81930a42,delivered,2017-04-27 20:35:28,2017-04-27 20:45:11,2017-05-03 15:50:05,2017-05-09 09:11:25,2017-06-01 00:00:00
2456c2028c3aba19df5529d6fc81531f,e48fb89bd9b6253667462a5a7663a5ef,delivered,2017-10-03 17:37:47,2017-10-03 17:56:12,2017-10-06 21:26:47,2017-10-17 20:33:16,2017-11-07 00:00:00
0817ec0f9c1ec6a3ae2826349129d4a7,837e5a59495c88f7881edf3d5b3c9c97,delivered,2017-08-25 17:04:19,2017-08-26 17:10:15,2017-08-28 15:31:29,2017-09-15 20:35:37,2017-09-21 00:00:00
d68908ac877f296cba6f2cec9fc8c5eb,56f99a8f8bb5dd47209245529b9b2673,delivered,2018-08-19 15:30:23,2018-08-20 12:15:31,2018-08-20 15:49:00,2018-08-23 17:48:31,2018-08-29 00:00:00
9ee8c4e95442d267ec52b5c452928131,bb385eba2380679c7a9f02ca9b339d5b,delivered,2017-05-12 20:41:40,2017-05-16 03:42:44,2017-05-16 16:02:11,2017-05-22 13:39:48,2017-05-31 00:00:00
ee042330f80b0d87dd274c9f9b29a46b,4ba2b43f36c1164785d03d0bcd0f5f72,delivered,2017-03-28 14:10:41,2017-03-28 14:22:41,2017-03-29 16:32:43,2017-04-05 17:47:56,2017-04-19 00:00:00
b1d7c597db58fbca7060fcf79541ea64,55297cbeceb1f300c3c3815e1485892d,delivered,2018-06-13 23:02:01,2018-06-13 23:19:05,2018-06-14 13:39:00,2018-06-20 18:55:28,2018-07-04 00:00:00
0849eaf857ddbba0d7a97887503f9795,80397076b6d12ded0a040352d6acc5d1,delivered,2017-12-01 11:50:46,2017-12-01 12:31:33,2017-12-04 21:23:00,2017-12-17 15:16:54,2017-12-28 00:00:00
35c31bbf66e9a7ff9c29f0e1ff07af3c,37000e0d03f1d8fccec6cac3a8020850,delivered,2017-07-14 22:37:11,2017-07-14 22:45:28,2017-07-18 17:51:23,2017-07-22 14:04:37,2017-08-04 00:00:00
6865bb37aeb4f5407ad3257436dff43b,5710e4612083e0d2f7301ab945ab0bf1,delivered,2018-02-25 17:06:12,2018-02-25 17:27:55,2018-03-01 00:21:35,2018-03-06 20:18:34,2018-03-16 00:00:00
523c6b536c4f27d8fbd3b1ca5975bc6e,873052c581bb137118206c234627284e,delivered,2018-02-10 22:56:11,2018-02-15 04:11:02,2018-02-17 00:09:31,2018-02-22 21:49:54,2018-03-07 00:00:00
4edeb1718cb488182c2f97e0a7f33f36,02e0c77c1d6bd78e21d61a7c7b818af9,delivered,2018-04-06 14:01:11,2018-04-07 02:47:58,2018-04-09 20:03:42,2018-04-10 12:16:55,2018-04-24 00:00:00
d9a0a18b1a66ffd834bda6afe641531a,973feb54c0fc3beb4a38000d212e69da,delivered,2017-04-02 10:11:35,2017-04-02 10:25:08,2017-04-11 06:14:19,2017-04-17 09:58:04,2017-05-03 00:00:00
b13161e10d5782a69eb14fb3a064c711,c26a1a4bcc54e3fdfd73af9447af9b56,delivered,2017-11-22 07:35:52,2017-11-22 07:46:29,2017-11-23 16:47:02,2017-11-29 19:58:30,2017-12-08 00:00:00
e1d4d1e4e8f00e0b9ac69e656d7f2db0,18f3077d69b15607009c3d0d581f5015,delivered,2017-05-01 10:53:02,2017-05-03 11:33:33,2017-05-16 10:41:16,2017-05-22 16:53:41,2017-06-06 00:00:00
4c405d4709e91c1a881d8e70a74d9dbe,6f5a5363751e0e9093a2628b5bdfc5e4,delivered,2018-08-10 19:53:07,2018-08-10 20:05:20,2018-08-16 14:00:00,2018-08-23 03:13:47,2018-08-29 00:00:00
6ae75885c8ee760ef5d4a9bcf797c788,1692226c41a2099015b515e8906a6741,delivered,2017-04-06 15:51:57,2017-04-06 16:05:22,2017-04-13 08:34:23,2017-05-02 15:48:55,2017-05-19 00:00:00
cc5aa8cda6decdb7d61ad7ac55767ec3,2c053a3d38bfbbb1e805253ca0ab12a5,delivered,2017-08-21 13:00:04,2017-08-21 13:15:10,2017-08-22 22:04:02,2017-08-29 22:08:59,2017-09-19 00:00:00
4e000d94b48474ed259893d52b57d357,0b3e90a83c52a1db4ffd061f30cbb865,delivered,2018-06-18 15:43:44,2018-06-18 16:40:53,2018-06-19 14:19:00,2018-06-25 15:12:52,2018-07-17 00:00:00
e31626405b2e6ddf9752a4b82da9d0ae,c263d895926cde57ac7fd58054e41de6,delivered,2017-11-26 08:55:43,2017-11-26 09:13:27,2017-11-30 16:49:10,2017-12-15 00:55:02,2017-12-18 00:00:00
b9b426ab253dc328825da35f1bad83f9,a47eef7a7043f321d272a603771704a2,delivered,2017-06-18 23:14:46,2017-06-18 23:30:11,2017-06-19 18:43:01,2017-06-29 14:04:54,2017-07-13 00:00:00
a86fc4e81f6a746ed3fe4495a242e3e4,85d31ca96deb27c59bbb2485f64d658f,delivered,2017-12-25 19:42:13,2017-12-25 19:54:24,2017-12-28 16:57:27,2018-01-22 19:44:09,2018-01-26 00:00:00
a3388b41c73884c10ac3d97882b683a0,f927dbcf7a40dc8cdcdac6cbbf1d5569,delivered,2017-09-28 14:00:05,2017-09-28 14:14:14,2017-10-02 14:02:40,2017-10-13 16:36:55,2017-10-24 00:00:00
ef3b75eae01e343f3d7c05e88a9cc496,d4b09113e561e6fc7d4f3de3c93ac50b,unavailable,2017-12-03 16:44:28,2017-12-03 16:55:24,,,2017-12-28 00:00:00
ed241a40fbcff0bd9429886e4b20f142,77d8952aaeafecb46131a4ad21ce672e,delivered,2018-05-21 17:38:06,2018-05-21 18:13:22,2018-05-22 15:50:00,2018-06-04 14:26:45,2018-06-11 00:00:00
da7d7e53c86d326200b7b44b722f2aa1,8f4164f1df92c0171b66943b57d1714e,delivered,2018-08-07 20:57:49,2018-08-07 21:10:11,2018-08-08 15:24:00,2018-08-14 18:14:41,2018-08-15 00:00:00
4930f37130adb20a3c7d0b02b07050ca,5a5be2ffc3579ec82f4d6c04f563efa1,delivered,2018-01-28 20:53:27,2018-01-29 20:52:01,2018-01-30 22:51:41,2018-02-19 16:09:27,2018-03-06 00:00:00
190dca51b7367cbcf69eff19efd0bd20,816d92a88a9564253b9b3ec7e346c255,delivered,2018-01-12 16:36:26,2018-01-12 16:50:30,2018-01-16 20:13:05,2018-02-05 13:24:14,2018-02-06 00:00:00
75442ec654c06e80d22adfa998464320,a722db6f9a0dc652f3f8b70165707a8c,delivered,2018-05-01 23:05:59,2018-05-01 23:15:25,2018-05-07 16:31:00,2018-05-11 20:59:05,2018-05-25 00:00:00
ae93d9eb06bfc7041b9852135167bfc7,aab6715af29cd442f1bcf8978d1dc4db,delivered,2017-08-08 15:33:41,2017-08-08 16:23:39,2017-08-09 19:33:33,2017-08-16 19:27:30,2017-09-12 00:00:00
9cac3ad2924225c89642ac6a44f5e62e,9e1fbcf787afe799fca67df3cbd7e324,delivered,2017-10-08 11:39:56,2017-10-08 11:56:11,2017-10-09 17:48:06,2017-10-20 18:23:14,2017-11-06 00:00:00
0630ba8015b69f03e65dbe4be3aceb4f,117f0e86c5ec654ec54339df2be13588,delivered,2017-03-14 17:21:42,2017-03-14 17:21:42,2017-03-16 11:33:53,2017-03-28 16:04:29,2017-04-04 00:00:00
c9653cca1e27f0816402332712a4c87f,4500849020b5728840a0fcaf0531f786,delivered,2017-11-24 19:53:18,2017-11-25 04:14:21,2017-12-01 00:16:56,2017-12-09 11:53:38,2017-12-08 00:00:00
67dfef90831fae7aa3b82e90e93ed02a,4f2aca9e9d7d67b1b3f30feaba2323c6,delivered,2018-05-10 14:27:42,2018-05-10 14:56:46,2018-05-10 19:56:00,2018-05-18 22:46:41,2018-06-01 00:00:00
1e9cdb2ee26ee17ecb5f050a180cf8ff,c438793f5bfa6de0ee35371740b40bb5,unavailable,2017-05-29 19:22:12,2017-05-29 19:30:19,,,2017-06-23 00:00:00
9131672ad00c75a1ac3633a09e500111,bac7a9d35d5f1638802cb401bcfcab1a,delivered,2018-03-09 19:26:08,2018-03-09 20:48:14,2018-03-14 17:45:21,2018-04-05 00:43:33,2018-04-19 00:00:00
e6cdacd5274dbf478d422d7144e0e9b5,8ea5ff7941244737cc793ecbc0e1e83a,delivered,2017-10-07 14:26:03,2017-10-07 14:49:24,2017-10-09 15:00:09,2017-11-09 22:28:40,2017-10-31 00:00:00
8c729ac31acf9a7169cfd3fd01e714cc,6717709fc0a13a92f4f9a8cec700c7dc,delivered,2018-01-25 00:21:59,2018-01-26 03:18:31,2018-01-29 19:52:59,2018-01-31 16:12:53,2018-02-09 00:00:00
a04875dac0e5be70a331df6f1abda67e,8d00fc5403278a6891ef59df8faf0b76,invoiced,2017-09-29 17:42:48,2017-09-29 17:56:13,,,2017-10-17 00:00:00
78a1fb3bd56a7b18a8212fdc2da6656a,4b56381f0bcfe425d87d8be4f1b8c282,delivered,2017-10-08 16:38:54,2017-10-10 03:35:17,2017-10-10 19:32:02,2017-10-17 12:08:03,2017-11-07 00:00:00
1b4109ba78bafb5f1d4d5fb9f74b5d44,6e19692b66e30bc98c581fd35e3208ce,delivered,2018-02-14 11:37:48,2018-02-14 11:50:25,2018-02-19 16:57:44,2018-02-26 12:35:07,2018-03-12 00:00:00
0ee415fdc549189ef34dc8f7de4763cb,713d876c66755a8af5d2689433f37498,delivered,2017-09-02 21:39:47,2017-09-04 17:30:18,2017-09-05 16:22:35,2017-09-19 19:42:55,2017-10-03 00:00:00
28a21417da4cc1b4f98122b2ec3833e7,854f3b49d15c07296cbfa18bf59d0b29,delivered,2018-04-12 23:14:53,2018-04-13 13:15:01,2018-04-16 16:42:01,2018-04-23 14:38:27,2018-05-08 00:00:00
e1ca31317b9d333b3991d72a5717d4fc,2aabe8a2ff4e13dab250d5d8c130c8ba,delivered,2017-08-07 23:32:29,2017-08-07 23:45:18,2017-08-10 15:54:11,2017-08-14 21:24:48,2017-08-29 00:00:00
89c037e2b749a2ed5e9e1219189e241e,94ad51d3361e6d1d4d10288b80b4683a,delivered,2017-11-25 02:49:19,2017-11-25 04:15:33,2017-11-29 18:29:02,2017-12-11 14:24:00,2017-12-15 00:00:00
fcf235b93f4a81b6f5125059c9793465,8d0ea3ad63466149ea6e250961697eda,delivered,2018-02-07 22:05:17,2018-02-07 22:15:28,2018-02-09 17:31:59,2018-02-28 19:05:12,2018-03-14 00:00:00
b37221105bacc5296a24e7b334498547,2c572703cc177e9d9aeaeda37ee126a4,shipped,2018-02-06 17:41:41,2018-02-07 17:49:48,2018-02-20 13:52:58,,2018-03-13 00:00:00
2a4e1bbe60decb8ee2aec1063f4607c8,7bb3ca80fa418c132af83831d716da89,delivered,2018-02-21 00:59:45,2018-02-22 16:56:29,2018-02-26 18:12:19,2018-03-13 14:27:27,2018-03-16 00:00:00
cf8a286791ca34ae16989098a84abc35,a43f09f1d876a60a7afef7468dd3b8ef,delivered,2018-06-05 08:34:40,2018-06-05 09:10:56,2018-06-05 11:20:00,2018-06-11 19:42:23,2018-07-13 00:00:00
85590544453efd501d242d84acdf9990,9404b12eafdc0f385da9b66d39a828ae,delivered,2017-09-07 16:46:19,2017-09-07 17:06:20,2017-09-08 15:32:58,2017-09-22 21:22:17,2017-10-03 00:00:00
9edb25e5937c67da7b99b6a60b4aae70,953d47f27345c3696de8693c5b3f1d7a,delivered,2017-11-28 12:36:25,2017-11-28 12:53:18,2017-11-29 17:25:56,2017-12-12 17:53:57,2017-12-26 00:00:00
c4e892263d3d1e1bd9f1dabad754287d,b6e62ebd9db8a2f240058b55d80b3213,delivered,2017-04-24 20:40:58,2017-04-24 20:50:24,2017-04-27 06:44:06,2017-05-05 12:57:58,2017-05-29 00:00:00
ea5f30a182b04fd1296273605983b9a4,7f6a345ff92095fba2660f11ec6574e4,delivered,2017-01-23 11:56:23,2017-01-23 13:55:10,2017-01-27 14:21:25,2017-02-02 10:57:48,2017-03-02 00:00:00
b4f8309e1091470cf3ffe3514ea93e82,0efc639e0f13c6dbbfd28537aa5f57c1,delivered,2017-07-17 00:14:01,2017-07-17 00:25:16,2017-07-18 17:47:48,2017-07-26 00:03:33,2017-08-09 00:00:00
7c42aafccecb4aefc0c0b345114cb321,e6add8f4805cb6a382c26548daaed9d7,delivered,2017-11-06 00:27:44,2017-11-08 03:35:40,2017-11-14 16:56:51,2017-12-12 23:32:35,2017-12-19 00:00:00
832e8d2354732ff820bc425bf1d7cd52,31681d181856456f0e90f10594ed9b91,delivered,2017-02-08 20:30:19,2017-02-08 20:43:04,2017-02-09 11:06:59,2017-02-16 13:45:53,2017-03-14 00:00:00
3d03d116b48f6fff976e1f491fec240c,b1b7a7a6b45f0c48bd9a2c169de0035f,delivered,2017-08-17 17:03:58,2017-08-17 17:50:15,2017-08-19 15:10:01,2017-08-24 19:23:53,2017-09-13 00:00:00
b18574ff0d88a32cf00f56fdf8423a73,1d37f7f2a4d76f4f6d3f6cd54d21f27c,delivered,2017-04-01 21:26:26,2017-04-01 21:35:27,2017-04-05 08:51:23,2017-04-28 18:23:41,2017-04-26 00:00:00
69eab1df0881c314c60f8a3a1935cfcd,b9a2c2d0d3511ae357c7604258784a37,delivered,2018-03-25 14:34:14,2018-03-25 14:48:07,2018-03-27 02:12:02,2018-04-02 17:25:29,2018-04-19 00:00:00
c5a4102c4979beb7f062d7ad384cdac0,b72d6bbfbc9d7ab8678862a7ab3f92c5,delivered,2018-07-15 23:47:06,2018-07-16 00:04:19,2018-07-24 16:07:00,2018-07-26 11:51:57,2018-08-07 00:00:00
f688669f48063536e082bb32d634cd46,691d28310063e5b36b732b117f2bcfc0,delivered,2016-10-07 10:28:56,2016-10-11 04:56:13,2016-10-21 18:02:40,2016-10-20 20:33:27,2016-11-29 00:00:00
1cd2f52e42a0c37a8b1d06b7643a2005,b088674aef0e7f4dea9697187e44bf12,delivered,2018-03-18 19:25:06,2018-03-18 19:35:25,2018-03-19 19:06:45,2018-03-20 20:02:44,2018-03-29 00:00:00
7ba18adc105f4f65be0e4f7c4a498b91,3e9ab7a4e6f263bffb3bc530425526bb,delivered,2018-05-10 10:49:43,2018-05-10 11:11:09,2018-05-14 14:06:00,2018-05-17 16:32:52,2018-06-04 00:00:00
a185a7b54a3d7a345dd5e158af052295,f593e49cca3cf13edcc0c8ade632e17a,delivered,2018-01-23 15:30:59,2018-01-23 15:51:25,2018-01-24 13:38:58,2018-01-31 23:52:11,2018-02-22 00:00:00
fbf5670723916ebf3bd62b1e33ed3ea6,82af83df6bec753f1d1d9b54e6f34454,delivered,2018-07-18 19:01:30,2018-07-18 19:10:35,2018-07-24 13:52:00,2018-08-10 22:16:31,2018-08-15 00:00:00
a3a1b4761bb6da969fa862b89382e855,178a39120267757ad51cd4c00165eec2,delivered,2017-05-29 12:58:54,2017-05-29 13:10:22,2017-06-02 09:38:13,2017-06-12 14:29:38,2017-06-23 00:00:00
19c2ba00be4e129ae7890ad07836befb,609be7ff5867d28e0a24797c375b4a2f,delivered,2018-01-02 16:25:51,2018-01-02 16:34:31,2018-01-03 13:20:55,2018-01-04 21:42:29,2018-01-18 00:00:00
182375a4972a94784db73b010b9b9178,2b69a9e0c08e9a1d6ff183ac0d2ea64d,delivered,2017-02-25 19:02:11,2017-02-25 19:10:20,2017-03-07 08:34:31,2017-03-23 13:08:53,2017-03-30 00:00:00
3335f13449d5b75804a0a49611cf11a4,905c64238c028ba8ea9cbe01d51d38b9,delivered,2017-12-03 20:25:24,2017-12-03 20:32:21,2017-12-06 20:12:28,2017-12-21 22:51:20,2018-01-05 00:00:00
448ac35cb407cbbf4d717de9b706ea01,4367079aafca8e89e6cde0f0bfb62fc0,delivered,2018-04-20 23:06:26,2018-04-24 17:46:08,2018-04-24 20:03:44,2018-05-03 22:02:51,2018-05-18 00:00:00
201164b89baf9300df72f328a6e5842e,f350390f6414291f89b91b09b6f6d5a8,delivered,2018-08-07 07:04:53,2018-08-07 07:25:10,2018-08-09 17:09:00,2018-08-23 23:28:39,2018-08-21 00:00:00
c093b337defb1739af5d4d2925cc9e00,65cf8608e2419a255a6007112b864b4b,delivered,2018-08-20 23:07:47,2018-08-21 09:10:48,2018-08-22 14:48:00,2018-08-28 19:18:41,2018-09-04 00:00:00
f9ec58487d5b17279ea8e6226772ed60,b88c9099324e9a5f4c9fc6339207ac5f,delivered,2018-02-12 21:09:21,2018-02-13 21:07:52,2018-03-02 22:28:55,2018-03-13 17:53:26,2018-03-19 00:00:00
3337a984417a1c95241b5f47acb33720,175bdeec28f72792b7df9bc8b8481bcb,delivered,2018-01-26 09:53:11,2018-01-26 10:19:03,2018-01-26 20:39:06,2018-02-02 22:40:04,2018-02-19 00:00:00
dc1b1cb0a0bef9a1b53b35be77247cb3,ef7c85f2ad75eed987fd08a601715fd9,delivered,2018-02-21 11:45:27,2018-02-23 02:31:11,2018-02-23 22:16:35,2018-03-06 22:57:22,2018-03-19 00:00:00
29151dfe1230f3ba25895f717989adaa,313bf9a92649677bf64d953f47f6e39d,delivered,2017-09-14 21:53:50,2017-09-14 22:10:08,2017-09-15 20:27:00,2017-09-20 19:08:00,2017-10-02 00:00:00
b9e6b3135dcdfc054568883b2bcf1e5e,5d3dc874f9c79b6b16ab0a108588bd15,delivered,2018-02-28 10:35:30,2018-02-28 10:55:33,2018-03-06 21:04:51,2018-03-19 23:05:08,2018-04-02 00:00:00
0ce0997380b2110e5d35697ce4ddabd7,ff582f34a30b0646c52541de86107865,delivered,2018-04-27 14:06:22,2018-04-27 14:32:00,2018-06-06 12:57:00,2018-06-14 12:52:17,2018-05-28 00:00:00
83f8459006c34fe926f44256bb057bee,feb9fb0fe3e21f8e552c75b36bdc6c1d,delivered,2017-11-05 15:36:10,2017-11-05 15:50:35,2017-11-14 22:34:36,2017-11-21 18:46:56,2017-12-06 00:00:00
08bb3532c9b969bb6a46f98fc5507510,36a80398a8d7c60932411d45ca20c4b6,delivered,2018-02-18 21:05:38,2018-02-18 22:07:23,2018-02-20 22:39:08,2018-02-26 16:55:01,2018-03-12 00:00:00
cbdf436a9a9c8213157a125b91ef27b9,67b9fe15483a807b6a35c1a934631655,delivered,2017-09-21 18:02:06,2017-09-23 02:25:35,2017-09-25 18:55:44,2017-09-26 18:42:11,2017-10-13 00:00:00
264a7e199467906c0727394df82d1a6a,9913942a9bd26b840c4d19db0cbf6b89,delivered,2018-04-06 17:20:33,2018-04-07 17:15:10,2018-04-25 13:57:00,2018-05-08 13:12:16,2018-05-21 00:00:00
96c7286c112b061fdad0b6f9aa012af9,6aa8355eb8a274d21d0ad480aa04dca9,delivered,2017-11-20 11:27:33,2017-11-20 11:46:19,2017-11-21 18:36:00,2017-12-07 17:39:12,2017-12-15 00:00:00
0a01aa0d779fc923be4cc5505b0c6dd4,a16adddba755faffcf5fafc6506abcd8,delivered,2018-06-16 18:46:50,2018-06-18 12:37:28,2018-06-18 14:15:00,2018-06-21 19:21:36,2018-07-05 00:00:00
0e39a2860c79b45dfca72b9153461a8b,8eb88eb1066f4e8b52dcc1b739652b9c,delivered,2017-07-31 11:35:38,2017-07-31 12:05:28,2017-07-31 20:23:43,2017-08-03 19:22:07,2017-08-11 00:00:00
9d2541eb54ba5279c1746cdb2775a960,f1a5bf72aa07f3a27a258738f4c316a2,delivered,2017-08-30 09:54:41,2017-08-30 10:05:15,2017-08-31 16:59:53,2017-09-06 20:26:51,2017-09-20 00:00:00
d43547ebdfd7f5f70df830db89710200,594ac4b8f0fcbfbcf382ab0da137d00d,delivered,2018-04-10 08:52:51,2018-04-12 05:50:54,2018-04-13 19:20:38,2018-04-24 15:12:32,2018-05-03 00:00:00
b7e23b7efc57795b6806ef873f1e5ab0,d270ca43fc5e983b710a3cf58d3fe85d,delivered,2017-08-07 10:38:27,2017-08-07 10:50:20,2017-08-08 13:43:54,2017-08-09 16:12:27,2017-08-22 00:00:00
76789ef5992bcd2fa17a0dded26d7deb,2672bae170e6ce851be3c99f4b24b85d,delivered,2017-11-27 01:01:30,2017-11-27 01:14:19,2017-11-27 15:51:58,2017-12-07 20:24:47,2017-12-20 00:00:00
434f895a5aa9ea2fda834cbdb831a7b6,0ef151d5841bc8528f872b4fd70ca7f9,delivered,2017-08-10 15:11:11,2017-08-11 15:15:18,2017-08-15 15:52:35,2017-08-16 13:54:39,2017-08-28 00:00:00
7a278d560ec8ffedc0f4e11836858a6f,f9cebccb059f0b4d65601c2a6cf4ef82,delivered,2017-11-22 23:07:14,2017-11-24 03:12:34,2017-11-28 20:20:09,2018-01-04 23:54:59,2017-12-18 00:00:00
16cbf959cfdb88c47ee2a29303547ec2,0888ceb9767c8f38f24962e72e7c32fa,delivered,2018-05-15 19:52:47,2018-05-15 20:17:07,2018-05-16 07:54:00,2018-05-21 20:34:50,2018-06-06 00:00:00
70a186c8d58272cd86453ce487362fc2,e7ab75d3f954f4341e46ba3b932b8f06,delivered,2018-01-02 18:41:09,2018-01-02 18:51:28,2018-01-03 20:54:35,2018-01-10 19:22:51,2018-01-29 00:00:00
130b55c573b5ac7e40d3c3534699f293,1d3de70085b48ac61b4c235af55b9522,delivered,2018-05-13 16:23:50,2018-05-13 16:35:12,2018-05-14 14:56:00,2018-05-16 00:20:55,2018-05-25 00:00:00
f306e4fa7422056477d5acd0d69de0be,e8c9a6a25735e3daa12fa3ccb069b0b5,delivered,2017-11-24 12:55:45,2017-11-24 15:12:58,2017-11-28 22:04:45,2017-12-01 20:25:00,2017-12-14 00:00:00
0cece095c1c8f6bd21ec851d74642943,fb6f8e0cb2c65dfada05252697877460,delivered,2018-02-05 15:37:34,2018-02-06 20:31:21,2018-02-14 13:23:01,2018-03-10 16:41:43,2018-03-09 00:00:00
c2cbad19d26c3e399c065fb573a6611c,cf5105d5da60c3c0a496589a7664df23,delivered,2017-12-11 19:08:25,2017-12-11 19:15:29,2017-12-14 00:04:01,2017-12-18 17:58:22,2018-01-04 00:00:00
2d9ae61d3fc718533956b7efca0d632c,396f796f89ba2ca820ca123faca256de,delivered,2017-12-05 10:30:20,2017-12-05 11:05:30,2017-12-05 22:42:16,2017-12-07 19:46:58,2017-12-21 00:00:00
31b5594fc512aedc5f790621219fd23b,48dac436905723c1a5cdaf40bb3c01f6,delivered,2018-07-30 19:52:59,2018-07-30 20:30:57,2018-07-31 15:44:00,2018-08-06 14:42:08,2018-08-13 00:00:00
9c867ee818c84d2be46a83abbfb13004,360fe62c01314738c3a169f57bf3a638,delivered,2018-01-14 12:19:00,2018-01-14 12:29:21,2018-01-16 20:59:05,2018-01-24 23:47:10,2018-02-07 00:00:00
8cee1e77f3ff782a0f7fc304065941b6,b14de24553a648f6c1bf49e3f61e1056,delivered,2018-01-08 13:05:42,2018-01-10 10:33:00,2018-01-10 18:04:44,2018-01-13 02:43:53,2018-01-24 00:00:00
44879a8f19c5e8a5e9278477b29a29ea,a3e5a7458a61e94c06131898e1b75449,delivered,2018-08-23 20:56:41,2018-08-25 02:35:16,2018-08-27 14:21:00,2018-08-30 20:38:29,2018-10-04 00:00:00
999b6fc072d02a9342c9e2d8ec687ab2,ae0e840cf718fffd1ebcc175caa4c229,delivered,2018-02-25 15:13:44,2018-02-27 04:31:05,2018-02-28 22:52:43,2018-03-06 00:15:51,2018-03-12 00:00:00
c75939f71cf719e8454386d669f0a53f,a4033f67e5f83bbe0675b0f6c5393018,delivered,2018-04-23 15:33:16,2018-04-24 17:11:57,2018-04-26 14:48:00,2018-05-03 21:52:14,2018-05-29 00:00:00
5df8cdb8acb96693580f58ac6df8d5a1,be86d70c1c1ad3ef4c55a9635ecccd52,delivered,2018-04-24 10:46:44,2018-04-25 04:11:05,2018-04-25 15:09:00,2018-04-26 19:14:35,2018-05-10 00:00:00
615506b52b6dca46c33bdf05c0eca036,a368eb0dbd95482df5fdc748411bc55c,delivered,2018-02-18 13:10:40,2018-02-18 14:15:33,2018-02-21 00:21:52,2018-02-28 17:23:13,2018-03-12 00:00:00
f1d056481e80b7b6497cfb119277451e,db3205e0754347592846a7806804463e,delivered,2018-04-02 10:41:31,2018-04-03 05:30:28,2018-04-04 00:27:34,2018-04-24 22:49:32,2018-04-27 00:00:00
db2eafd064193f2bd9dd161490c09bd0,cabe6638d5f48efcaf5fab4aafa60647,delivered,2017-08-30 09:30:42,2017-08-31 09:25:13,2017-08-31 19:41:27,2017-09-11 19:16:34,2017-09-21 00:00:00
14d1d66db4507c974f85b272b16a2e6d,bf3b87e64c9e80c8c5782d1dcd709ba7,delivered,2018-02-22 00:49:10,2018-02-22 01:08:53,2018-02-22 21:04:28,2018-03-01 23:35:15,2018-03-08 00:00:00
ee92bc34f8de7fa0c865952a83834964,eb261ab20657f854c87a943d653e157e,delivered,2018-05-16 17:54:04,2018-05-18 04:54:27,2018-06-04 16:01:00,2018-06-11 16:32:18,2018-06-04 00:00:00
db747e7d69671f32e8e4ea7fdc1266ed,34eb10c1e6dec97a944f03fb54575c26,delivered,2018-07-19 12:44:53,2018-07-19 12:55:25,2018-07-25 12:41:00,2018-08-22 12:46:55,2018-08-15 00:00:00
2285f789479857a3883d50453a7279e2,79601a95fff7b0259e94be4739411bd6,delivered,2017-12-17 17:46:13,2017-12-17 18:50:18,2017-12-19 14:35:32,2017-12-29 16:14:22,2018-01-17 00:00:00
98dcdfa3731376c88320c83255bf0f3d,493499e3761224bcde8c4496a82d61ee,delivered,2018-05-07 20:32:36,2018-05-07 20:51:48,2018-05-09 11:09:00,2018-05-12 03:03:04,2018-05-18 00:00:00
8a81337c086e3ab740913c061cf6c2d4,87cfbc9db7f2dc260b8f0022377909ef,delivered,2018-03-02 21:52:33,2018-03-02 22:29:06,2018-03-05 19:19:49,2018-03-16 00:56:24,2018-03-14 00:00:00
026d16bd3f41638e1003e974e5487904,e3d123ca587e904151c6ee18f3481f99,delivered,2017-09-12 08:55:36,2017-09-13 03:24:53,2017-09-18 13:50:17,2017-10-10 15:24:49,2017-12-05 00:00:00
1d7d027760d0ee20d6f3985f1fe22773,23c58aad8fd6fabf5eb88298af0876b9,delivered,2017-12-17 22:45:55,2017-12-17 22:58:25,2017-12-20 16:49:00,2018-01-03 16:15:38,2018-01-16 00:00:00
dc188b1cd6c74761acf8a9fad52c1797,5f9b068d5f22a5f968d9b2f7e174af80,delivered,2017-07-13 13:21:39,2017-07-14 13:30:13,2017-07-14 18:31:45,2017-07-26 10:49:45,2017-08-08 00:00:00
94824ef603c1020f90aeabafd81bd704,e0f08c39c7055541a02687bc565b3f94,delivered,2017-03-07 17:12:18,2017-03-07 17:23:09,2017-03-09 15:38:06,2017-03-13 17:52:10,2017-03-27 00:00:00
5e81354e795eec26aec91548a783b116,54d0cdd30e650c9f5abdb8ee917dca6b,delivered,2017-05-09 00:18:57,2017-05-10 02:15:17,2017-05-11 09:42:51,2017-05-17 11:56:46,2017-05-30 00:00:00
9b9e5dc0b6090b81377610cfbf719c10,d3bf352e55ea73207a288f035159128a,delivered,2018-05-05 21:45:36,2018-05-05 22:13:05,2018-05-07 15:00:00,2018-05-10 16:44:39,2018-05-22 00:00:00
9670e04f62098cb2eb977a5d5df33229,7f041fb8c11ee3f2d1c83b19df33fa35,shipped,2018-01-11 13:32:58,2018-01-11 13:47:30,2018-01-15 18:34:44,,2018-02-23 00:00:00
3ed44f394dcafefbeb7377f0450ba269,7fddcb57b072d265db33f4c805bbfbc2,delivered,2017-05-16 17:21:14,2017-05-17 04:05:25,2017-05-18 08:14:47,2017-05-24 08:03:55,2017-06-07 00:00:00
8e239d4b3f8da8e910f2ebf1e6aae337,d11936daa80291dc59098bd797ed5cbc,delivered,2017-10-07 14:17:03,2017-10-07 14:28:19,2017-10-11 21:43:46,2017-10-18 17:10:08,2017-11-16 00:00:00
9e50d6711cd120b8b6fecc98aca9d306,c9b87d9c9f40b48c6872a6bdc623ca72,delivered,2017-09-15 07:39:51,2017-09-15 07:50:08,2017-09-19 15:24:25,2017-09-20 22:03:52,2017-10-03 00:00:00
ecbca2c30740b52e3c746a2794609a69,34f4eaae00db9f8228db326914908706,delivered,2018-07-23 20:46:18,2018-07-24 10:31:40,2018-07-24 15:45:00,2018-07-27 16:57:46,2018-08-06 00:00:00
c3a4f2b35690a1938c71e4543dc6cb18,4fa362e6784222f876d17bdb0975133b,delivered,2017-05-21 16:41:54,2017-05-21 16:55:09,2017-05-22 16:13:58,2017-06-06 11:19:56,2017-06-09 00:00:00
ff1ea7be87e1ca3d2ae5b77eaa6dab69,d956c02f6d3084258733dae0dd964a53,delivered,2017-05-12 17:22:23,2017-05-12 17:35:16,2017-05-15 21:19:41,2017-05-23 12:55:45,2017-05-22 00:00:00
3331e2e606f435cefac5a3ec86ebee7d,8dba88d5e26038cb58d959f73983a975,delivered,2018-08-14 15:45:53,2018-08-14 15:55:25,2018-08-15 13:48:00,2018-08-20 21:08:38,2018-09-05 00:00:00
a40eb8e0891c4523a545f31388c2ebe5,4a2cf53472e16bda981f1aa3724e07bb,delivered,2017-12-06 10:17:50,2017-12-06 10:30:57,2017-12-12 22:23:20,2017-12-16 16:28:40,2017-12-22 00:00:00
a532c4a850449b1f08cbc448e2a2568f,5d32870687f3bce3d866addfb37d6910,delivered,2017-04-06 13:10:31,2017-04-07 03:15:35,2017-04-10 06:32:58,2017-04-18 17:58:40,2017-05-12 00:00:00
5d356daa43b595e4132a76f217230476,949c1427726c544f841ef6d3593772a4,delivered,2017-11-27 17:51:59,2017-11-27 18:11:49,2017-11-28 18:55:51,2017-12-03 18:10:09,2017-12-15 00:00:00
f5c689533bee49ee840a49ecfb066b24,123b6048837fa953150255ef6a2efbb3,delivered,2018-05-30 21:29:44,2018-05-30 21:50:00,2018-06-04 13:44:00,2018-06-15 10:39:40,2018-07-11 00:00:00
62df2a6e81f275396c8f6b0dbef9b091,cf9ccaedb1a62b0d6debd90aa491cff9,delivered,2017-12-18 15:58:48,2017-12-18 17:18:28,2017-12-19 16:24:13,2018-01-02 14:58:19,2018-01-17 00:00:00
958da7d574d07d1acbcf0c5c0f5ea9b6,c3c2890de4f0b5e1dd05a3de8947bf30,delivered,2018-04-14 12:12:34,2018-04-14 12:31:58,2018-04-19 14:45:39,2018-04-23 13:15:39,2018-04-26 00:00:00
2d9e3c3c7f0f3ba8a8fa3db2f1211ceb,6b79d5d9914b88e0e05a19e76dfe926b,delivered,2016-10-05 17:09:07,2016-10-06 15:50:35,2016-10-31 14:36:53,2016-11-07 13:55:07,2016-11-29 00:00:00
97d27b60de1ffde7559bfe762230851a,832ceac5b67d91f8915213377b44dad4,delivered,2017-05-12 22:22:02,2017-05-12 22:35:13,2017-05-17 11:25:15,2017-05-24 10:22:22,2017-06-05 00:00:00
ddd20a4c7ae0b71b01db1844ef9659cd,eeb9b95b099466660703b2c2778050e6,delivered,2018-05-30 07:56:59,2018-05-31 03:35:54,2018-06-18 15:15:00,2018-06-28 11:22:07,2018-07-27 00:00:00
50f345c9d209339fc91c1e9304a94bf5,c5a9e09d5f12a5f872182b7c66df9676,delivered,2017-06-19 21:44:59,2017-06-19 21:55:14,2017-06-21 18:27:23,2017-06-22 13:22:26,2017-07-03 00:00:00
387bbb4e54caa3042c96943f795721ab,46c657a1c6f111a0926d6072098b628b,delivered,2017-07-22 22:19:01,2017-07-22 22:30:10,2017-08-04 21:22:05,2017-08-07 14:20:12,2017-08-09 00:00:00
b6337b4aae3109649f564c7886f3fc3e,d1d8f6f3210077720e90daf13b9e3481,delivered,2018-03-21 11:16:08,2018-03-21 11:30:27,2018-03-22 19:33:18,2018-03-28 19:57:08,2018-04-04 00:00:00
b3b4fa618f64e34ba2f7279eceb646e8,35c922a335b8a914109d58b13b9b36cb,delivered,2017-07-06 13:55:45,2017-07-08 03:25:23,2017-07-10 12:57:11,2017-07-11 22:53:55,2017-07-19 00:00:00
58cf622bf997fe1ad8875b0fef33fd77,45f47350212f40bb23cc57825174c41b,delivered,2018-02-10 11:50:53,2018-02-10 12:07:45,2018-02-15 12:38:46,2018-02-27 18:26:53,2018-03-14 00:00:00
70644768ae200b063d8fc6d47cc85ce4,91cb042681811c00a96789bbee61ecc2,delivered,2017-07-22 19:13:58,2017-07-22 19:42:33,2017-07-27 18:17:50,2017-08-02 20:54:47,2017-08-15 00:00:00
8e6c595509a4fd87ead753eb70ea8c9f,e74b599f018bb29d36c74ac36d1f6e4e,delivered,2017-05-09 13:59:29,2017-05-09 14:10:14,2017-05-11 06:24:52,2017-06-06 17:02:36,2017-06-01 00:00:00
b2c1c7db95834595977330e8c8dd7766,e25a3aee6d27f36054035c028d016e91,delivered,2017-03-08 23:08:21,2017-03-08 23:08:21,2017-03-09 13:50:18,2017-03-15 18:42:27,2017-03-29 00:00:00
a5ea25556316a90d6f5b6adb92e1238c,d3790c029042a5634287f66be91912fc,delivered,2017-12-05 09:22:52,2017-12-05 10:48:27,2017-12-05 22:13:38,2017-12-09 00:23:31,2017-12-21 00:00:00
2c5062288b23a8e2573c428a2a3d1837,7671460b5fc94be0ca976374c1a1efdf,delivered,2017-09-22 08:31:25,2017-09-22 08:45:11,2017-09-28 18:30:11,2017-10-18 20:23:44,2017-10-25 00:00:00
b0f19e077703b3f0cc8de0ab4911c445,665c06c713395a778be10e3672163e2c,delivered,2018-03-05 09:02:42,2018-03-07 16:10:54,2018-03-08 16:11:46,2018-03-20 01:37:37,2018-03-28 00:00:00
9fcd31b22b1d10dea904f5f5d8e3e7ea,b6b1352555fba05956cb1dda2c0ff3ef,delivered,2018-04-03 15:24:15,2018-04-03 15:35:16,2018-04-05 19:46:37,2018-05-18 12:18:50,2018-04-27 00:00:00
3c2efaf967ce7ac93a892e7fd066e837,a8eb4dbf2a6d1be98cdba8efbf776a18,delivered,2017-08-24 16:42:08,2017-08-24 16:55:14,2017-08-25 13:16:08,2017-08-28 19:09:01,2017-09-06 00:00:00
025a548c7e6d70e6b6cf600a112b0d9c,2f70159435ac1cfc015410b83084620a,delivered,2018-06-01 12:39:45,2018-06-01 12:52:11,2018-06-04 15:30:00,2018-06-15 00:21:37,2018-07-24 00:00:00
c82a982cd837462e87708e2544e09ca8,5294d29800ec8d04e1612cc53c92bb82,delivered,2017-06-13 18:35:45,2017-06-13 18:50:43,2017-06-14 07:58:04,2017-06-19 18:47:51,2017-07-04 00:00:00
55d741cba8bfa4db04ec4af34a99cbfe,519ad2758c5dd9fa6bdac3d2b23a2d8b,delivered,2018-05-03 13:39:45,2018-05-03 13:55:21,2018-05-07 14:23:00,2018-05-14 20:38:22,2018-06-05 00:00:00
a3cb021819344fef213fb8b1bf340a8c,ff7eee345bf7dc0dee6428461a01b2ad,processing,2017-09-08 17:33:58,2017-09-08 17:50:21,,,2017-10-13 00:00:00
9b0e950bc353338db67ae2750d202ca3,bfa9264382614605b67cd3b5f578b7c6,delivered,2018-02-21 23:27:17,2018-02-22 17:49:17,2018-02-24 04:56:40,2018-02-26 17:57:13,2018-03-07 00:00:00
ed84d84ff056c981f01b2084bdb4785e,908e5c940ff6e046a7c6166f80ab5f32,delivered,2018-07-11 22:48:53,2018-07-11 23:05:52,2018-07-12 19:02:00,2018-07-13 22:51:28,2018-07-23 00:00:00
c67afe8b6c6b9dbbcfbccb18ae4b5556,246c65f2f57d1cf6ec961a41c2be587a,delivered,2018-07-30 13:26:53,2018-07-30 13:44:41,2018-07-30 17:58:00,2018-07-31 20:24:34,2018-08-09 00:00:00
b207eee235e171e984b26af758b388d3,90c13692208665d7d46715508f64c873,delivered,2018-07-24 21:22:08,2018-07-24 21:35:22,2018-07-25 14:33:00,2018-07-26 22:32:41,2018-08-03 00:00:00
53ec6e6945a5e805d1d8a58329b8e693,44e5f9a2ba4c1849c4c70c5c8eedd011,delivered,2018-02-20 21:56:30,2018-02-20 22:08:07,2018-02-27 02:57:52,2018-03-23 18:48:39,2018-03-15 00:00:00
c2c3dae78e8e332095112da69e79b420,e170101aeccc12fbedeca8629826ead0,delivered,2017-11-13 12:22:24,2017-11-13 12:35:26,2017-11-16 20:16:44,2017-11-23 18:19:08,2017-12-08 00:00:00
c38123fe01a5d1757b545ecfccb89c0d,f9a537570825b53bb35d231a69fda6c8,delivered,2017-11-13 23:11:16,2017-11-13 23:30:49,2017-11-23 14:34:40,2017-11-23 20:35:51,2017-11-27 00:00:00
d1ac8d5603f587877a5873ac2bbf9c70,e1116881a056131dbfee70deaca7a1b4,delivered,2018-01-05 16:36:51,2018-01-05 16:47:58,2018-01-10 17:00:53,2018-01-16 20:17:18,2018-01-23 00:00:00
0d8e03520c1b877edaf5ef24f7abb5cb,00205ad9ba1ef4340cef86583294cf82,delivered,2018-05-12 17:51:47,2018-05-13 12:15:10,2018-05-18 15:17:00,2018-06-11 14:03:50,2018-06-26 00:00:00
4cdf8813fc5f4c3d74041453f606868c,d6e011b818659fed8cfa433ec3bee9fe,delivered,2017-10-10 10:08:32,2017-10-10 10:26:55,2017-10-23 17:46:35,2017-10-27 19:44:55,2017-10-23 00:00:00
a1594c5e4a9c3e2635ce25383e89e538,7de93971592f16e93c70a3e1cbb6db75,delivered,2018-03-29 13:28:26,2018-03-29 13:54:12,2018-04-03 00:31:35,2018-04-13 21:28:23,2018-04-19 00:00:00
2cd938176e6aaa529800d96e692e9c6b,67a3c95ffc4184739559faccab4612e0,delivered,2018-08-05 20:20:16,2018-08-05 20:35:16,2018-08-06 11:51:00,2018-08-08 13:29:04,2018-08-10 00:00:00
f3edeb6abd99f61bd94454f9e7687b67,0229d7450ba7ceb9aee1e3fcc74f7dee,delivered,2017-05-04 19:27:18,2017-05-04 19:35:22,2017-05-05 11:21:31,2017-05-12 14:51:38,2017-05-25 00:00:00
cf734e2b8185ef2de852ed26103b43b2,8cc37f95a726c1caa804cb8a6d6c87cd,delivered,2017-06-07 16:53:07,2017-06-07 17:05:13,2017-06-08 08:22:55,2017-06-19 21:03:20,2017-07-04 00:00:00
3b3b6175b659824c5da94b4de2e32be2,a607fc2178a411413862956eb77c7426,delivered,2017-12-05 09:16:22,2017-12-06 12:32:12,2017-12-06 22:03:55,2017-12-11 18:50:01,2018-01-11 00:00:00
0ccd1517dd0bbe6fd30dfb1dc40a0133,2d424206d3c58983c7f528e9d3021354,delivered,2018-02-02 18:41:52,2018-02-05 08:55:55,2018-02-07 20:26:55,2018-02-23 22:58:58,2018-03-08 00:00:00
99714bfcb295d1b7526bb0e1e6f2942a,a5d0163547b674f34ba89d5fea5278eb,delivered,2017-06-26 16:03:40,2017-06-26 16:15:17,2017-06-29 13:35:29,2017-07-11 19:33:54,2017-07-31 00:00:00
5989079da95b40f4c4ce2d34e4aaed39,7e666376c9ad479976211b0f7f7b500a,delivered,2017-06-05 13:12:36,2017-06-06 13:15:30,2017-06-07 15:54:52,2017-06-09 15:17:39,2017-06-26 00:00:00
455283c5e3bdcef4ead05938fa665e79,18a0e3a650bfc5f55df2c50a0af08378,delivered,2018-05-20 19:24:53,2018-05-20 19:50:32,2018-05-21 13:12:00,2018-05-22 15:18:49,2018-05-29 00:00:00
a4bec521c28b37c92e70dd4d703989bc,55e3d3c5f69c510289c99bd76da173e0,delivered,2017-05-25 18:40:00,2017-05-27 02:45:24,2017-06-01 13:26:54,2017-06-06 16:37:22,2017-06-19 00:00:00
50dca56efe42d2213549482d6a885d6f,6c5beb24690ae5ae0ebec981a59f6aa2,delivered,2017-10-17 20:27:04,2017-10-19 03:15:19,2017-10-19 14:29:13,2017-11-09 18:17:23,2017-11-09 00:00:00
c894fad29c885c81201d9bdd80cd68c5,42db86d932ba029e4e0290778ebfc59d,invoiced,2017-12-18 10:39:37,2017-12-19 09:51:49,,,2018-01-05 00:00:00
97371a0c99b82047e961ec875152207d,351ac62584c46e642f67aacd3db5836c,delivered,2017-12-24 20:42:06,2017-12-27 04:11:57,2017-12-27 18:32:38,2018-01-11 17:55:03,2018-02-01 00:00:00
f1f0d3a078ebf9382047caf44dbc4c46,aa6d4b904d1e9b9970f456a37f304ee2,delivered,2017-04-11 15:00:26,2017-04-13 02:50:24,2017-04-13 11:43:13,2017-05-10 13:05:27,2017-05-17 00:00:00
b3d7714a542865761019b3490fd544f6,110e36a213e543fb9c57e6f7268b1da0,delivered,2018-07-11 13:35:13,2018-07-11 13:50:19,2018-07-11 15:42:00,2018-07-12 21:34:48,2018-07-19 00:00:00
aebe2bdd8b711c3314346813ff5fbc85,7265fdc420132e4933a419d08a2ad103,delivered,2018-03-16 21:03:26,2018-03-20 03:10:36,2018-03-21 18:38:48,2018-04-13 16:46:43,2018-04-13 00:00:00
a7db1b7bfec5e83a8fd33625e99f0d15,36318088e4bc5369085a4550491f9d60,delivered,2017-10-11 12:08:11,2017-10-11 12:28:50,2017-10-13 17:54:41,2017-10-20 14:44:33,2017-11-07 00:00:00
34ece4e04b8152221159d0a86ed3a0ee,a7416077f173333b46faea93411e3872,delivered,2018-04-09 20:54:34,2018-04-09 23:10:31,2018-04-12 15:44:56,2018-05-09 23:34:35,2018-05-22 00:00:00
062b06f0cb6f133e2b963e4947345e17,d288c3a2a18b2c941b3edf0973ae447c,delivered,2018-04-25 15:47:46,2018-04-27 03:55:24,2018-04-27 11:39:00,2018-05-04 19:38:30,2018-05-25 00:00:00
18c1040bac4b6a31a10b6d4201072ce2,3e1180884767238f00a30b9bc529783d,delivered,2018-05-09 13:05:32,2018-05-10 17:38:07,2018-05-11 13:02:00,2018-05-17 20:41:39,2018-05-30 00:00:00
fe4979a6778e2fa4ae731cbe532d30e0,be61ffcaa65d9f2e8536c198f314c3a7,shipped,2017-11-26 13:36:00,2017-11-26 13:56:06,2017-11-30 23:10:08,,2017-12-19 00:00:00
980b9d90ba2a50d790779e0d8d6dd24e,6d4bba4121d1e8c2ee86b47a20552874,delivered,2018-06-22 16:44:46,2018-06-22 18:15:57,2018-06-25 15:29:00,2018-06-26 20:18:42,2018-07-05 00:00:00
0e87535f7a903b23b73699e49e8e79d0,19d4599c6f298b0bf3e1f792bd7f9c37,delivered,2018-02-01 10:55:54,2018-02-01 11:15:27,2018-02-06 15:12:10,2018-02-21 22:18:13,2018-03-01 00:00:00
5330f2e5c80ccc8f1629a19cdddeda77,6e92bade4655351c14ce9e37e9d9c28b,delivered,2017-08-12 03:08:20,2017-08-13 13:30:14,2017-08-17 20:57:55,2017-08-24 19:00:07,2017-09-01 00:00:00
ea74dd3b5134d715abcf385bc904d577,6b461e98fc12cb39b61f40a9aaf1b9e9,delivered,2017-12-02 12:43:21,2017-12-02 12:58:38,2017-12-09 00:10:18,2017-12-20 18:14:44,2017-12-28 00:00:00
305521e597cd32f946da81d3649d31b9,e0122fe0b17a97af3a4e8b5580a06bb1,delivered,2018-04-11 14:29:53,2018-04-12 07:51:25,2018-04-12 23:06:46,2018-04-16 20:08:33,2018-04-26 00:00:00
cffd2e0d6321d2d79aac6c8166a55085,4cc3ed3fc6926d0c87ca70e1ed88ca8e,delivered,2017-11-24 01:03:34,2017-11-24 01:29:45,2017-12-05 01:18:05,2017-12-23 15:56:34,2017-12-18 00:00:00
a9325e83ab42d94638f515a534e5b25b,074cc70e32d05dcf3c23aead0dba2320,delivered,2018-04-24 09:09:32,2018-04-24 17:50:20,2018-04-24 18:53:42,2018-05-03 19:51:34,2018-06-04 00:00:00
67a98da3237e4b4d8d359f32a49bb209,6164f45c309a294c6835a4c8dd5ab0a4,delivered,2018-08-02 12:04:40,2018-08-02 12:50:14,2018-08-03 07:44:00,2018-08-14 23:11:51,2018-08-27 00:00:00
14056d7cad6fbef25503befcd851fc72,b75bc7bae07714f99400b0556dd05ff4,delivered,2017-05-06 15:13:22,2017-05-06 15:25:10,2017-05-09 15:23:44,2017-05-15 09:00:01,2017-06-02 00:00:00
8b1c9998d2a9e4a2776b425f90619374,88792a3d73cb6740ee74e05acc69ea9c,delivered,2017-03-28 07:13:38,2017-03-28 19:35:14,2017-03-29 15:20:19,2017-04-03 11:27:13,2017-04-17 00:00:00
7dbb5ab142acb99429b243fe157f03a7,f673a32389db114ae93a1918ccb75cb3,delivered,2017-05-25 18:48:11,2017-05-25 19:02:27,2017-05-29 11:20:13,2017-06-02 14:32:54,2017-06-19 00:00:00
95f52eb73284cc8a02b42c4e633a938e,3bc00bf50071fd7da5442c0bb0ac3f82,delivered,2017-11-14 09:00:37,2017-11-14 09:10:29,2017-11-14 16:51:57,2017-11-29 16:27:29,2017-12-05 00:00:00
73f4780e56b3a089b1d7671a17ee4da0,b65aa10f73f8debf8c1563301bb00299,delivered,2018-08-05 13:11:35,2018-08-05 13:24:26,2018-08-06 13:09:00,2018-08-09 17:17:38,2018-08-16 00:00:00
e3166f69715e4a1aa466249f0e8a4030,a92082318cc68c11356dc5052c5cdd96,delivered,2018-01-15 14:34:04,2018-01-15 14:50:13,2018-01-15 22:09:09,2018-01-19 23:21:58,2018-02-15 00:00:00
db26bf0c66e8320dd106b9b39ca56fec,11be3313da4285772a39dc6fa8a18cb9,delivered,2018-04-17 15:54:45,2018-04-17 16:30:39,2018-04-19 19:43:40,2018-05-02 17:36:45,2018-05-17 00:00:00
0168a7f186c1f066748d15d8c51f489a,ace839d3162a61fdbd51b08fc3e60a39,delivered,2017-05-13 18:14:49,2017-05-16 03:25:21,2017-05-17 11:51:01,2017-05-18 10:18:07,2017-05-24 00:00:00
ff0f02f5164fbb037a3baf913ba85e18,fa0ecef3840b4b9755dc5d656088d680,delivered,2018-06-06 15:06:35,2018-06-06 15:34:06,2018-06-07 16:14:00,2018-06-13 19:02:56,2018-07-13 00:00:00
12c03d5b5ba9badd6cc9bf90f981ca92,8bde51b69bb893209da799421f62eba3,delivered,2018-05-06 19:35:03,2018-05-07 09:56:05,2018-05-08 15:55:00,2018-05-16 19:08:26,2018-06-04 00:00:00
110607a6618f270a965f6a8cffadd32a,ed5d7675567b8104d529f663900be8ee,delivered,2018-08-13 17:53:35,2018-08-13 18:05:23,2018-08-15 11:55:00,2018-08-20 21:22:06,2018-08-28 00:00:00
05a72117fb063d7fb111490dbf40c79a,9c7ee04a7b576d6feb1c49f2085dc653,delivered,2018-05-03 18:39:44,2018-05-03 18:55:40,2018-05-04 14:14:00,2018-05-11 22:41:29,2018-06-01 00:00:00
cb183ad1472c27844f8e8a96ba2afcc5,4e451ebf8a3ac5aa527361733f7015ad,delivered,2018-06-04 11:55:30,2018-06-04 12:10:38,2018-06-04 12:12:00,2018-06-19 15:41:53,2018-07-17 00:00:00
f85b47957bb21d303dabed9052490610,9acb03b0d01aa03db89109d3b514e1b8,delivered,2018-06-26 22:03:29,2018-06-28 02:15:39,2018-06-28 09:48:00,2018-07-05 22:28:27,2018-07-24 00:00:00
c23cb80af0f010fd4115ad42f91c7822,3258ef1cf6b31779ee6fdf397ae6e5f6,delivered,2017-09-05 16:21:22,2017-09-07 02:44:05,2017-09-12 21:52:06,2017-10-09 19:43:54,2017-10-10 00:00:00
29adb190ea6b3fbffaeca57ecb48623d,fbbcbf69d389968006ffc93f6e2f9e93,delivered,2018-04-19 00:32:57,2018-04-19 00:50:20,2018-04-24 17:18:41,2018-04-27 18:23:44,2018-05-14 00:00:00
4e9fe46327dd25b934cc82d238a874f8,6d44acbb5c4b483a53f88dc8584a4326,delivered,2018-08-12 18:23:39,2018-08-12 18:35:45,2018-08-17 08:40:00,2018-08-27 19:08:31,2018-08-27 00:00:00
744cf7a330302a9eda7425485b25f2a9,f5555f62b74120f4842eebe217cf649c,delivered,2017-06-14 20:57:37,2017-06-14 21:10:10,2017-06-16 14:09:35,2017-07-01 11:44:48,2017-07-13 00:00:00
999b8d758771edb14fdf3f1a280d8a60,48a43e5bd9323c89b8aa768871746ebe,delivered,2018-03-02 22:53:20,2018-03-02 23:10:27,2018-03-06 01:59:32,2018-03-21 18:08:51,2018-03-23 00:00:00
bf663339c2578e920e49cd43f61ada03,6ee742b6c031381f9c4b3bae20de470a,delivered,2018-01-10 13:57:50,2018-01-11 02:48:52,2018-01-13 04:33:17,2018-01-26 14:45:57,2018-02-06 00:00:00
aebfa371228ec3f9956a9552aabc8bba,044c16324fc8ab615bfc53b25e8c5a79,delivered,2017-11-24 13:06:31,2017-11-24 15:14:08,2017-11-27 22:44:40,2017-12-26 17:37:23,2017-12-19 00:00:00
0e1ddbe485dfa358d24e22e5394d0484,8314485880de9173d0fb899263dd2d36,delivered,2018-07-28 15:47:52,2018-07-30 18:31:42,2018-07-31 15:57:00,2018-08-03 21:04:13,2018-08-08 00:00:00
830d744ad876fbdfbff893d20bf22ee0,2f724c23d8cf21f1583f8a4c53f44eb2,delivered,2018-03-15 16:47:04,2018-03-15 16:56:01,2018-03-16 18:18:20,2018-03-22 19:37:49,2018-04-10 00:00:00
cf10c2cc2d07f815b507376cefcc7a01,1f52de20f612daf3ec6321bf5688ab34,delivered,2017-08-21 08:52:18,2017-08-21 09:05:15,2017-08-22 20:04:03,2017-08-23 14:24:18,2017-09-01 00:00:00
647514c10c6117b8afcaf93fe25da0f2,6ffa438bec2443707f4219950fa51c59,delivered,2018-03-27 20:16:24,2018-03-27 20:30:12,2018-03-28 19:11:59,2018-04-04 22:42:05,2018-04-20 00:00:00
18248821ee955752db5292194e4b6970,1935234c8a91d9942d487c744166e8a9,delivered,2017-03-25 11:17:27,2017-03-25 11:25:11,2017-03-27 12:29:53,2017-04-17 11:43:47,2017-05-04 00:00:00
765b10ebb1cdb429cfc37f7875568b8e,a0250ba2440a6c1078aac6883dec215a,delivered,2017-06-08 19:15:43,2017-06-08 19:25:19,2017-06-12 13:29:44,2017-06-16 13:47:49,2017-07-03 00:00:00
5b223cbcbd1c52a014fa6acdecb59ce3,cfa6531597602cee814e699da14247dd,delivered,2018-04-15 22:42:08,2018-04-15 22:55:14,2018-04-17 22:21:17,2018-04-19 22:15:45,2018-05-14 00:00:00
1a269df4715562ff85e2ca1830249246,61ce49dcce76346660f215f28aa3ec82,delivered,2018-02-08 17:31:19,2018-02-08 18:32:25,2018-02-09 19:04:35,2018-02-26 21:12:23,2018-03-05 00:00:00
2edcf6adbf3719366560d6863cb28799,ca6e57539d37dce0eb0918a00d8ce7b3,delivered,2018-05-07 17:35:43,2018-05-07 18:10:29,2018-05-09 15:09:00,2018-05-15 12:14:50,2018-05-24 00:00:00
d232a4685c8ddfc98307d91978aebfa5,6a88314386b1b7172545cc49e337aaed,delivered,2018-07-02 16:14:19,2018-07-02 16:31:02,2018-07-03 14:08:00,2018-07-10 16:42:20,2018-07-25 00:00:00
ea97616a19d3b2683ab949def1037708,e01dd706e00cef25a6be635737bee134,delivered,2017-01-17 14:57:29,2017-01-17 15:10:17,2017-01-18 15:06:19,2017-01-26 13:57:31,2017-02-27 00:00:00
818bd73c0b6b0ad178a73807245dc58e,f84400c1f6c596edb25628a5f44ff8d3,delivered,2017-02-07 22:13:48,2017-02-09 02:55:24,2017-02-09 13:43:16,2017-02-11 05:55:59,2017-03-08 00:00:00
93e0955feff59c4059deec982d6c440c,98a17c3039feef22c54ed675f1506797,delivered,2017-08-09 21:56:09,2017-08-09 22:10:17,2017-08-10 17:28:34,2017-08-19 11:19:54,2017-09-04 00:00:00
b93e5b2672754c089dae937a51136864,e849fcfd6396b2cf32fc9c7f38d1eed8,delivered,2017-03-09 09:56:36,2017-03-09 09:56:36,2017-03-16 15:13:36,2017-03-21 08:17:55,2017-04-06 00:00:00
4ed3b57567c08a15c71665d759230b6f,3488c223952176954f711d33db8c20a4,delivered,2017-12-09 01:49:39,2017-12-11 01:50:03,2017-12-12 22:54:36,2017-12-23 15:09:09,2018-01-08 00:00:00
a4cadd13645cb16e2e4252ee2e39dd80,f4e44e3ea4c94245350d2ff7e85816f6,delivered,2018-01-14 15:01:39,2018-01-14 15:11:25,2018-01-17 23:46:37,2018-01-29 23:52:31,2018-02-06 00:00:00
fe5dc4ba2f23ea7ef3c1f05229f658b1,d7aaa02e7771c80a8de58245f234924a,delivered,2017-10-17 13:37:34,2017-10-18 03:14:59,2017-10-23 22:54:02,2017-10-27 14:33:17,2017-11-03 00:00:00
a1969d1fe556384a2064a72ff0451d4f,9f547d6d74fbd8d1e47e5639d14ac7fe,delivered,2018-03-06 11:39:05,2018-03-06 11:55:32,2018-03-07 00:28:41,2018-04-05 19:24:31,2018-04-09 00:00:00
5c3fea426d4b4c9ed8180d9ade4da887,5a75f912cf58c6a779d2572fd7ef411d,delivered,2017-08-29 20:12:40,2017-08-31 02:35:50,2017-08-31 17:18:11,2017-09-05 22:13:57,2017-10-06 00:00:00
fbb1eb1825f3fabe6f29d8f2837d351c,dbf5ae77201c47ae393b07a60788620b,delivered,2018-03-03 21:55:12,2018-03-03 22:10:33,2018-03-06 21:17:02,2018-03-19 15:28:37,2018-04-02 00:00:00
b8783952ffb07e62bcd0b709e8977f60,a891a086c7607d2b58d8186721a34f17,delivered,2017-11-22 12:50:57,2017-11-22 12:58:55,2017-11-29 22:32:34,2017-12-06 22:37:04,2017-12-04 00:00:00
de852e80c0b14138d06937c2695b4b94,5af26e532fd4fff0ad0fc34e46403e9b,delivered,2018-07-04 19:49:42,2018-07-05 20:50:50,2018-07-09 11:35:00,2018-07-12 20:57:21,2018-08-02 00:00:00
e984ee2c3000147d2599bcb32aa66ee3,c104118394af70c33988cf727b2404f5,delivered,2018-06-11 22:47:47,2018-06-11 23:18:20,2018-06-12 12:24:00,2018-06-17 14:52:23,2018-07-04 00:00:00
859f516f2fc3f95772e63c5757ab0d5b,dd1c72ced80394a61dbef422c1c45b6e,delivered,2017-11-25 14:46:39,2017-11-25 14:56:30,2017-11-27 14:27:13,2017-12-07 19:27:05,2017-12-28 00:00:00
6e984cc45e3698b95c45d087ca569b62,38f7dc3b17231de62864ecde86d9ad28,delivered,2018-03-26 13:11:28,2018-03-26 14:15:40,2018-03-28 15:12:27,2018-04-03 00:35:33,2018-04-12 00:00:00
6f1cb864f765abe2a420395e16689a13,7b94abc6234bee65d0fbd2397d17724c,delivered,2017-10-09 20:26:48,2017-10-10 20:35:20,2017-10-11 17:35:30,2017-10-23 20:17:33,2017-11-08 00:00:00
9ec8075dfc41a4b32e00cdac5dcca698,b02b9820ffefcaa2700e368ebf3e253c,delivered,2018-08-06 18:32:28,2018-08-06 18:45:15,2018-08-08 14:15:00,2018-08-14 20:03:51,2018-08-24 00:00:00
32103451af075fc1af5ce14d86aa3179,084966d696e012aeda96da1231a42d67,delivered,2017-06-15 00:43:00,2017-06-15 01:05:13,2017-06-16 07:29:47,2017-06-29 06:37:40,2017-07-18 00:00:00
6ae532533e1496cc176aa74fee5aa9bf,1c79e6c28df5dbb32fb4b484b0ae350b,delivered,2017-11-29 21:46:31,2017-11-29 21:56:56,2017-12-06 20:38:48,2018-01-12 00:58:52,2017-12-26 00:00:00
666a7787fe64880d1ad7dad0e4988ab3,8ec6e1c246b0c22bdf1527235f6e137c,delivered,2017-03-06 22:48:54,2017-03-08 03:45:18,2017-03-13 11:14:13,2017-03-17 16:32:44,2017-03-23 00:00:00
03fab3cde6e6bb6b6715075147044dca,d7f42fbdabbac436ec83973868828fd7,delivered,2018-02-10 10:13:00,2018-02-15 09:35:28,2018-02-15 19:32:28,2018-03-02 19:26:29,2018-03-29 00:00:00
a3708faf029ec4c5f84127cf7e872aa5,fd6bd5c85fed4fcf4f7b19c0e562bc13,delivered,2018-05-16 11:49:15,2018-05-18 05:34:25,2018-05-18 08:27:00,2018-06-04 13:03:07,2018-06-06 00:00:00
a0b1ffd30c671f95ed8065ce07d10470,0349b833ebc99262c2369a6e20732960,delivered,2018-04-14 18:14:02,2018-04-14 18:31:29,2018-04-16 18:19:11,2018-04-24 23:58:37,2018-05-16 00:00:00
2fc8b6f01e0884f61ab625d07bfad865,b662c2ef4dc69b6cfe1a5ac993448256,delivered,2017-10-09 17:01:07,2017-10-09 17:14:30,2017-10-11 16:28:27,2017-10-23 18:32:42,2017-11-03 00:00:00
a109b4732228abd28233fc31ca544cac,e1acb24c641c58eb83c5bbcf4740dfe4,delivered,2018-08-11 22:01:59,2018-08-11 22:15:13,2018-08-13 14:03:00,2018-08-17 21:34:36,2018-08-24 00:00:00
ec6973ff08c168f0376770d9eed25eb9,4065a3b991692f38fe78269614303234,delivered,2018-01-16 00:21:39,2018-01-17 03:34:32,2018-01-17 21:07:20,2018-01-31 17:28:59,2018-02-15 00:00:00
8b0a3fa9105cb91fa07e9a8e0cda8962,0f4cbbf2858fd893e752c650b74c099e,delivered,2018-01-08 11:44:37,2018-01-10 10:32:47,2018-01-11 15:39:01,2018-01-17 18:21:39,2018-01-31 00:00:00
9ddcbdcbc4aaaf0fb65bd81df074f5a8,96e3ec2c47f9d428e77fd73f5a6b8c2d,delivered,2018-02-04 20:21:50,2018-02-04 20:30:41,2018-02-07 17:42:58,2018-02-20 23:22:19,2018-03-06 00:00:00
82f66e51ca6c291960fa27c3308f25e9,f3058b4aa542dc954401a9e11aada39f,delivered,2018-02-16 22:03:03,2018-02-20 07:16:00,2018-02-22 17:19:16,2018-03-13 23:58:32,2018-03-12 00:00:00
843b7dada8b84daa895c7978c62f9e43,18d6990fbf6c021149466d3a3a5413d7,delivered,2018-07-27 14:02:13,2018-07-27 14:40:12,2018-07-31 15:35:00,2018-08-02 18:34:53,2018-08-14 00:00:00
d487b6355486e731b46ab592494f65e9,c4776e481ae20a17b45fdb45497a6874,delivered,2018-04-12 10:20:46,2018-04-12 10:35:14,2018-04-12 20:46:32,2018-04-20 19:12:42,2018-05-17 00:00:00
4e81a6ed1cdc31e84c13a74ec121798c,99058b9f04cb6cb1eec9114bbf4767b6,delivered,2018-02-21 23:43:05,2018-02-22 00:20:24,2018-02-23 19:24:51,2018-03-10 00:41:56,2018-03-07 00:00:00
e9a94acfe5f03efa28ff033a79fefe8b,e6248520776b8c0444d391704ac0fc62,delivered,2017-06-09 21:19:59,2017-06-09 21:30:12,2017-06-14 13:03:20,2017-06-26 15:57:51,2017-07-04 00:00:00
05290ddcf1e8fa2c773e1f37015cc56c,63c88691b378207afe3f0ed265108403,delivered,2018-01-14 20:26:05,2018-01-14 20:36:22,2018-01-16 17:23:05,2018-01-25 17:58:36,2018-02-07 00:00:00
6e4eb025aa5ac0a41d80958001accfaf,9b9603f41c76da930aeee5bd6edbc5d3,delivered,2018-01-03 22:02:21,2018-01-03 22:14:24,2018-01-04 21:16:17,2018-01-16 19:46:58,2018-01-31 00:00:00
dca81f49fe84d456d7bc4b3326484c9c,8d71631f63c27943bd89ceafa1049b81,delivered,2018-02-12 17:09:01,2018-02-12 17:28:22,2018-02-16 20:14:54,2018-02-22 16:52:58,2018-03-14 00:00:00
4d08708987ff622fdea3796bd99fdad1,d6891b6c70ecf2b7dd161e396acd57c7,delivered,2018-02-17 12:25:47,2018-02-17 12:46:23,2018-02-22 11:07:42,2018-02-23 23:29:20,2018-03-06 00:00:00
c765302c18a92bcea0bc5c976bae0174,f63b99a7b32694f5b1f0a4171478cd21,delivered,2018-06-26 14:03:15,2018-06-29 02:53:13,2018-06-29 14:47:00,2018-07-03 15:58:49,2018-07-13 00:00:00
9c64098aed08a0e6989201c41dd75136,023cd48849ba0870ecf5157ad5039ef2,delivered,2018-04-08 10:04:34,2018-04-08 10:15:20,2018-04-10 18:45:43,2018-04-17 17:28:45,2018-04-24 00:00:00
c9645496b715730a1a5d07eb97a6bf6b,65b9f936439ccafa20f0d6888a5875d3,delivered,2017-01-18 14:56:47,2017-01-24 15:25:11,2017-01-25 10:07:43,2017-01-30 13:13:54,2017-02-14 00:00:00
bbe5ef6ae6b2bb765568934d34dca44d,3328aef5f5f9e3ab64e01691eedaebaf,delivered,2017-06-30 10:14:42,2017-07-01 05:05:22,2017-07-04 15:57:59,2017-07-07 18:21:54,2017-07-20 00:00:00
f5566b53a548c260ec13d2399e7f0d53,d98e2b868083ab7e97b60803d6b805c0,delivered,2017-08-11 14:18:25,2017-08-12 02:45:15,2017-08-15 21:42:52,2017-08-23 22:11:38,2017-09-12 00:00:00
3a218a39b942ae0341fb1d65dd5874df,47c6d324782f84dff90b3e256495c26f,delivered,2017-09-07 13:07:38,2017-09-07 13:15:14,2017-09-08 17:48:08,2017-09-11 17:04:28,2017-09-20 00:00:00
70fe4927726f292b4cd91c495430d539,5608d7955091f9b8660dd79e3e418b84,delivered,2018-02-20 20:12:50,2018-02-21 20:09:34,2018-02-22 20:26:38,2018-03-10 11:52:02,2018-03-16 00:00:00
99902f632e0a578e6995f6291e0e6cb8,904449affdeb0fb5ae7ea1fb440a8342,delivered,2018-08-19 21:44:37,2018-08-20 13:30:46,2018-08-23 14:07:00,2018-08-28 20:52:44,2018-09-03 00:00:00
7d5a1a738b20a4220f8673e0ee63bafc,e1465c91617c778532675850fe39482c,delivered,2017-02-01 22:59:05,2017-02-01 23:10:17,2017-02-03 10:35:42,2017-02-08 10:48:33,2017-03-08 00:00:00
f2a4c561299677eece6ced2539757ef8,a36583a2550d00e8f0b3407bae8e73b5,delivered,2018-01-22 14:30:10,2018-01-23 03:36:44,2018-01-23 22:48:40,2018-02-05 14:48:47,2018-02-23 00:00:00
af3437e1167dda813ebc758497db4c50,48c205f7c9e884863ef8e2799d387a52,delivered,2017-04-04 20:43:12,2017-04-06 02:42:58,2017-04-06 13:24:18,2017-04-20 09:15:24,2017-05-11 00:00:00
da4c436373694f136c48e1ead3632f06,f3d8e9935d165e1fab735c49d236a4e7,delivered,2017-07-03 12:00:55,2017-07-03 12:15:09,2017-07-04 16:18:58,2017-07-06 13:12:34,2017-07-14 00:00:00
0c9c4a61bb41aa0184a25922a829bd51,5d74d4946913c1e86db6ea898dcf43c7,delivered,2018-02-17 14:13:06,2018-02-17 14:30:24,2018-02-23 13:59:00,2018-03-06 22:22:29,2018-03-15 00:00:00
2bb3ab4d835c05bf0567c0d74ad1d95a,828704fce3587adf8ba5725b2f05daac,delivered,2017-10-22 19:50:22,2017-10-22 20:07:10,2017-10-23 19:17:06,2017-11-03 22:07:26,2017-11-10 00:00:00
559eea5a72341a4c82dbce9884277cb7,5fd5cb96f515996e88d84c61012d97f4,delivered,2017-11-17 10:24:03,2017-11-17 10:51:09,2017-11-20 17:38:35,2017-11-30 16:12:50,2018-02-16 00:00:00
5a40a4c413dcda147caa00259a1732de,8ee43091a5bd2d84955d674d52db3187,delivered,2018-04-01 15:07:00,2018-04-01 15:27:39,2018-04-02 23:27:35,2018-04-04 19:12:44,2018-04-12 00:00:00
5db54d41d5ebd6d76cb69223355601f5,fe66ded86a1678a8ad544e4c78447348,delivered,2017-03-02 18:53:45,2017-03-03 18:55:23,2017-03-06 11:20:14,2017-03-16 11:09:46,2017-03-31 00:00:00
84c9f6b767643adeec531d7bdfddbf24,f4a1a29e5f94b0b72db286fff0147ffc,delivered,2017-10-19 22:31:18,2017-10-20 02:49:22,2017-10-20 15:12:54,2017-10-26 15:22:25,2017-12-07 00:00:00
3ad46319c286aebb25e3121f815b73fb,61c7dca833a12eaf7d783d5b1b7caa21,delivered,2017-11-28 08:00:00,2017-11-28 08:11:35,2017-11-28 22:18:51,2017-12-12 19:38:58,2017-12-26 00:00:00
9a3eb21e5b2f2bcb00f0da5ea926e726,23590b9d34bd06d6195aadf7763b46af,delivered,2017-09-02 13:22:11,2017-09-02 13:30:15,2017-09-05 18:16:08,2017-09-11 19:04:16,2017-09-21 00:00:00
00e6bc6b166eb28b4502c1cad4457248,267bfea62bbfc1342ffc898248403bb6,delivered,2018-07-01 23:18:47,2018-07-01 23:30:07,2018-07-02 14:05:00,2018-07-05 18:27:51,2018-07-30 00:00:00
824d9780d0313771024a0c70fe9dd9a7,61d049f3ebaf63f74e7c8c5289f19845,delivered,2018-06-07 13:28:00,2018-06-07 13:57:33,2018-06-07 15:54:00,2018-06-11 18:53:39,2018-06-25 00:00:00
53177d318c723e378c2a2aa1e9b2ea8e,8953425603394e4a0095750e15614db4,delivered,2018-07-14 21:25:42,2018-07-14 21:35:19,2018-07-16 15:32:00,2018-07-30 13:51:47,2018-08-08 00:00:00
0bda8164c1a12b6a388ebec8559ee287,3f402674c608ea67085eb5e0ec4d96ef,delivered,2017-01-05 13:36:07,2017-01-07 03:45:47,2017-01-11 16:09:00,2017-01-16 17:27:34,2017-02-13 00:00:00
ec32da64530edaf31b54d88fce2d1da7,3bb2ca99ebaefce6b686af18c74833c3,delivered,2018-01-08 21:16:36,2018-01-08 21:29:40,2018-01-10 18:41:59,2018-01-17 16:38:15,2018-01-31 00:00:00
0e5c4fff98e1b7885f4ce7e7e13e37f1,db6331ea477ade9eb6cef50909c93230,delivered,2018-01-30 18:26:27,2018-02-01 03:12:35,2018-02-02 01:09:35,2018-02-14 16:58:59,2018-03-06 00:00:00
a45f5764071ee5b932d1f802e18bafcf,0039b3e41ac6615814a0b44a8992bff5,delivered,2018-01-11 01:24:43,2018-01-11 08:48:40,2018-01-13 00:28:52,2018-01-22 20:05:39,2018-02-14 00:00:00
4351879fb74d0a37b9c8dad7ba7e59de,ba57463d587cb70d3871b2ebc91c6284,delivered,2017-09-29 09:44:34,2017-10-03 04:14:16,2017-10-06 15:24:55,2017-11-03 21:05:31,2017-10-27 00:00:00
7edec473f1cd19fe9a5fcc2b2290a7f7,ada92c96092ff908efa7e8b90cac79c5,delivered,2018-07-08 11:32:41,2018-07-08 11:45:39,2018-07-10 14:55:00,2018-07-13 18:41:25,2018-08-01 00:00:00
1b7e84be9e271a4dde8983c8da30ee72,ffa219109978b03ab5d6340856861021,delivered,2018-03-15 12:35:00,2018-03-15 12:49:42,2018-03-15 23:58:23,2018-03-21 16:33:28,2018-04-03 00:00:00
c0fda72234f6725e93abc192eb92c85b,f129877aa8c01c82350976affcf8d18c,delivered,2017-04-06 15:20:14,2017-04-06 22:55:12,2017-04-07 14:13:46,2017-04-28 13:45:57,2017-05-12 00:00:00
a637905e494eb896191ea94949fc6d50,6abbbbd6bdbae28de92a83df0157029e,delivered,2017-07-18 20:48:11,2017-07-18 21:05:11,2017-07-20 16:04:04,2017-08-01 13:03:04,2017-08-09 00:00:00
124c799bcc4126cdb5cca8c5889533b7,49fbfae8c688bf15a5a17483f829414c,delivered,2017-09-03 12:48:51,2017-09-05 15:10:46,2017-09-05 21:05:41,2017-09-11 17:19:52,2017-09-27 00:00:00
b86315db97d202038cd115a7785eb2c4,2109b137face1d5d20a2517cac0f284e,delivered,2017-11-19 12:41:55,2017-11-20 12:35:30,2017-11-24 16:49:10,2017-11-26 17:58:50,2017-12-07 00:00:00
65b7f928b236039112ed2441d2237a11,2cfec1970705b37e4a308bb0d39113f0,delivered,2017-06-15 20:56:18,2017-06-15 21:05:43,2017-06-16 14:26:28,2017-06-22 17:59:48,2017-07-17 00:00:00
eb3f33b48e3328516737e05964ed19a0,39337a7244f5d29aac81142dd6dd384b,delivered,2018-06-21 17:41:07,2018-06-23 01:15:50,2018-06-25 15:21:00,2018-07-10 14:11:56,2018-07-20 00:00:00
7ab6cfd1c7de48039c6385422df7dce2,10054c55fa5243fc0c2298e46d9e1a30,delivered,2017-08-21 18:18:30,2017-08-23 02:50:11,2017-08-23 19:16:42,2017-09-05 17:48:56,2017-09-15 00:00:00
333b4a6a55acc57f2c11948085cd8c03,46bd443127658318bcdea0b367530e75,delivered,2017-04-10 22:47:35,2017-04-10 22:55:22,2017-04-12 17:18:18,2017-04-20 11:39:37,2017-05-02 00:00:00
2e104824b1ffecb70c5195df299f4b13,c228df5bd4697feee670d93dbe4555c0,delivered,2017-12-04 20:31:42,2017-12-06 02:50:42,2017-12-07 00:43:07,2017-12-19 22:41:38,2017-12-27 00:00:00
2afbd8a533424d5df3af9277ff0f3d1e,3ebbe8870855f5e7efd307b46afe6e66,delivered,2018-07-23 14:43:52,2018-07-23 16:00:39,2018-07-24 13:35:00,2018-07-31 14:16:43,2018-08-06 00:00:00
c73df63b37b6a1c554ac695d6cf40f72,c9982e891509b279b052375555742e0e,delivered,2018-03-18 12:02:02,2018-03-18 12:15:22,2018-03-22 16:54:32,2018-03-23 12:34:38,2018-04-06 00:00:00
d36e6c0da5f3caf39e121bc833ed03e1,fd0e6de1065c60adc1b5d48dc4c27686,delivered,2018-04-19 13:10:24,2018-04-19 14:31:55,2018-04-19 23:38:25,2018-05-17 19:48:35,2018-05-18 00:00:00
2bcc2646dcca22a1e6da38a7133cc8ed,093c43383e2807557c81ff090b107c27,delivered,2017-11-04 08:21:11,2017-11-07 06:31:35,2017-11-10 15:02:02,2017-11-13 15:54:43,2017-11-17 00:00:00
507f10036261cb4c3ab736a68441d6a1,4ebc3f79abbd69a723c0073dcf6559e4,delivered,2018-05-26 13:28:14,2018-05-29 03:31:15,2018-05-30 10:50:00,2018-06-04 17:26:48,2018-06-20 00:00:00
9a8f4939178c23dddbcf20a52a1fd1c3,e3f5487587d3aff5ed923df31f8cb1cc,delivered,2018-06-01 08:30:41,2018-06-01 08:51:55,2018-06-04 14:14:00,2018-06-08 00:23:31,2018-06-26 00:00:00
a67f04f0a3022835f86664a0070fe36e,686427538716525c9b1b699caa2bd8f7,delivered,2017-07-18 13:02:39,2017-07-19 07:10:12,2017-07-20 19:06:00,2017-07-26 17:13:00,2017-08-10 00:00:00
982727416ef47cb3095b02dfccb621bf,8f6849cd321a103102fe1fa422567e9a,delivered,2018-07-03 12:50:48,2018-07-05 16:21:53,2018-07-05 14:13:00,2018-07-13 23:05:01,2018-07-27 00:00:00
27f01bec8fbffea109aa86d4d3364a15,7c0605df06c3a1e1127436b4508559f3,delivered,2018-08-04 18:15:30,2018-08-04 18:25:14,2018-08-07 07:38:00,2018-08-13 17:32:19,2018-08-20 00:00:00
c13381282564cab296fd10ad0fc9f159,35868b185d829de0849927ddb020cccb,delivered,2017-11-11 22:14:00,2017-11-11 22:30:24,2017-11-16 18:19:03,2017-11-21 23:56:34,2017-12-01 00:00:00
38d11c87fc409de31e930084abb0c7a4,3cb70d43ff082f7257213b7b055bf35a,delivered,2018-08-17 17:38:51,2018-08-17 17:50:15,2018-08-20 15:29:00,2018-08-24 17:56:31,2018-09-03 00:00:00
d147001bf6f7a4295040343db205d9c1,af5555169a360e0fdd4e79ad4e5497ef,shipped,2018-08-01 15:42:20,2018-08-02 05:15:19,2018-08-02 13:24:00,,2018-08-10 00:00:00
0c047dd1c8c2fcc61365b5787d59fd6c,b6889f1f383ff9a9149084f1010a23ec,delivered,2017-09-18 21:43:53,2017-09-19 21:50:22,2017-09-21 19:05:08,2017-11-16 23:14:28,2017-10-19 00:00:00
3c6631c103dfde64020db02048759dd9,253ebe5e7808002dd8e6e7b00317c08e,delivered,2017-07-28 12:54:08,2017-07-29 02:30:53,2017-07-31 20:16:51,2017-08-07 13:07:23,2017-08-31 00:00:00
2645cc3b2e6b295a4bbc6defcb66d817,3c41594aff9c0afdb81a35dc18102522,delivered,2018-03-11 17:48:28,2018-03-11 18:08:29,2018-03-13 17:18:56,2018-04-05 20:02:07,2018-05-07 00:00:00
be0b6a23108963f24b23e7aa663d2eb4,1a0b08102cb10b0e10a7234277ddd519,delivered,2018-08-03 10:54:25,2018-08-03 11:05:20,2018-08-06 12:24:00,2018-08-10 16:03:13,2018-08-16 00:00:00
c0e4be5f87879fd60a4ed1542a1c60bf,7230481f6d6314c5f8df0a97963d0555,delivered,2018-04-18 18:58:36,2018-04-18 19:12:46,2018-04-19 18:07:31,2018-04-27 01:03:49,2018-05-14 00:00:00
49fbc3c1f03239747c8bd082a5695d3b,9af0bb2038a8d6c1064c0f36b1505161,delivered,2017-04-26 20:21:57,2017-04-26 20:35:11,2017-05-03 07:27:34,2017-05-12 11:49:43,2017-06-09 00:00:00
0aa3e276c40ae025d8ef6651de2fdf32,ba1aec0720594f94a1e9d75b5f6d16e9,delivered,2018-05-16 01:27:54,2018-05-16 01:54:56,2018-05-16 13:43:00,2018-05-24 20:28:23,2018-05-30 00:00:00
2bafcaecb60350e62797b7bfd0fa1e54,0a62a6da974f642ec39e568234acb107,delivered,2017-03-13 16:10:49,2017-03-13 16:10:49,2017-03-15 17:41:59,2017-04-03 12:08:14,2017-04-10 00:00:00
ee8725c782f35716fe7a9e445bbf0a78,984e2ab6a072e04516bca3040606d641,delivered,2017-09-11 09:46:10,2017-09-12 04:46:05,2017-09-12 18:43:49,2017-09-19 19:13:58,2017-10-09 00:00:00
fbcf01552e675bbadc8d4091206f76f5,d0c6b32e51040b9bb9baa2f6bc40a2ed,delivered,2018-05-03 21:51:18,2018-05-03 22:13:13,2018-05-04 10:36:00,2018-05-09 21:33:29,2018-05-23 00:00:00
66587ff0c6d1e3575ffb58c688ef378a,65f15920280dbcf0430e77b2ded1e948,delivered,2018-06-27 16:10:08,2018-06-27 16:29:33,2018-07-03 14:04:00,2018-07-04 20:21:10,2018-07-23 00:00:00
503a894a01eda7b5fdd5cc5ba7eeaf4f,5cc6108d0e255047e6c6076763bf4d0d,delivered,2018-04-05 16:18:35,2018-04-05 16:35:24,2018-04-07 01:16:40,2018-04-19 23:21:46,2018-05-07 00:00:00
96c7412c14bcdf2793e352dee66be6a7,40e924148a8a8aa206f1fc2c4e2d298d,delivered,2017-09-12 16:08:02,2017-09-12 16:27:27,2017-09-14 15:33:35,2017-09-18 19:37:52,2017-10-04 00:00:00
3e9bba03e932414fa3ebd2ae83a0cffa,47a5f974c3f5bdf4eb179dfc1752041a,delivered,2018-01-21 18:09:12,2018-01-22 13:55:50,2018-01-25 23:42:21,2018-01-29 17:38:51,2018-02-06 00:00:00
26fa398f7231045a2898e0c704f6a4be,9333083f95f5ec89a360bb639df79836,delivered,2017-09-08 19:23:58,2017-09-12 04:44:32,2017-09-12 20:03:07,2017-09-25 21:04:01,2017-10-04 00:00:00
0ed9d4d7e66c6fdb514053430cfde54a,1bba1b7e613845e24dab84b393f9035b,delivered,2018-03-27 17:50:48,2018-03-28 02:47:35,2018-03-28 19:50:34,2018-04-09 13:08:46,2018-04-30 00:00:00
62b0ada629089f119f6445bd01ebaaf1,46523beaf92681bd5faa5b1df5077faf,delivered,2017-12-09 07:25:22,2017-12-09 12:38:22,2017-12-11 19:28:22,2017-12-12 16:47:27,2017-12-28 00:00:00
9fa095f813cfa2603c803c8475661bcc,50dfa5e2fb9fdfd6b1fd7e3a3d667a1d,delivered,2018-03-06 17:37:29,2018-03-06 17:50:41,2018-03-07 20:35:02,2018-03-18 13:55:21,2018-03-23 00:00:00
c7756342d355d13eea40a754b6602da6,15aee229d1d48b6a17dd0b8e2a3705e0,delivered,2018-08-27 09:54:35,2018-08-27 10:44:32,2018-08-27 14:39:00,2018-08-29 22:38:45,2018-09-03 00:00:00
38c173dfe3aac4bedccd485f5424609d,a219b45ebd0c8d45aa950489e1ee1328,delivered,2018-05-25 18:02:17,2018-05-25 18:18:32,2018-05-28 15:15:00,2018-06-08 23:26:44,2018-06-28 00:00:00
643c6388737fabccf1b2df09b4b68703,d937ba4663258fa8eedb17dfa158a0f9,delivered,2017-12-01 10:42:32,2017-12-01 11:31:08,2017-12-04 22:43:03,2017-12-10 11:42:40,2017-12-26 00:00:00
81bbad72edea9386f88014e531255d11,7a24a27590128a1f2925250e63fc9670,delivered,2018-05-14 09:15:09,2018-05-15 04:35:11,2018-05-17 12:33:00,2018-05-22 19:03:14,2018-06-06 00:00:00
dda40954d6373d50d10f2b761c69ac7e,d8dc54bcf643ac8d462307f0260dce98,delivered,2017-06-11 18:11:40,2017-06-11 18:25:09,2017-06-14 08:14:04,2017-06-19 19:53:38,2017-07-14 00:00:00
e9b78b3921cc12cdc6d6e8ff717de8d3,940fe3db65ee9d7d1c57233b5f6ef1da,delivered,2018-08-07 16:24:20,2018-08-07 16:35:30,2018-08-08 15:08:00,2018-08-13 22:56:49,2018-09-10 00:00:00
252e3d8642591a131552842adb8230f7,d2a2f7b5bb7f3843a5ca837a7c81cb41,delivered,2018-08-08 14:44:33,2018-08-08 15:05:00,2018-08-10 16:02:00,2018-08-13 18:19:34,2018-08-16 00:00:00
bf983191809f11fbddab3c4f88a804e0,5eceae412b5c4fcc16b702d902b78842,delivered,2018-04-04 22:21:56,2018-04-06 03:28:21,2018-04-07 01:23:28,2018-05-02 16:18:45,2018-04-27 00:00:00
89775d04d56b85e2ce0007d65a3cd7e7,115cca0db9721c5f7fd2ccdc93c6cc6a,delivered,2017-06-29 13:36:55,2017-06-29 13:50:24,2017-06-29 14:54:27,2017-07-03 16:12:18,2017-07-12 00:00:00
6bc4d884c713e5a93fae26d2e3defe0f,3387e364e88b70e1eba504d737d32cda,delivered,2017-02-04 19:34:09,2017-02-04 19:45:11,2017-02-06 12:40:16,2017-02-10 09:55:39,2017-03-09 00:00:00
b471c25ac60e798a0321d7a15415986b,020bf372f50fd24092ba34679cdfbc9f,delivered,2017-09-11 20:50:32,2017-09-11 21:05:21,2017-09-13 19:13:39,2017-09-19 17:42:07,2017-10-13 00:00:00
e82787bc54afe9f580cbec98c3af178a,b30eac48437e2422a2530a87568b5613,delivered,2017-06-01 11:59:38,2017-06-02 13:05:29,2017-06-02 16:12:27,2017-06-13 16:58:27,2017-07-07 00:00:00
11c3ec39665545686192d37e03edd059,40ed53bf531f9759043dd3b82a1b2f1c,delivered,2018-01-14 18:19:35,2018-01-14 18:29:19,2018-01-16 23:09:16,2018-01-26 00:14:37,2018-01-30 00:00:00
7cb831df3aad7397da5507310d0129d2,78000f1c5d228437ce259657ba7e5972,delivered,2017-06-26 13:51:14,2017-06-26 14:03:24,2017-06-27 14:42:29,2017-07-03 18:06:11,2017-07-18 00:00:00
fb66173878dcc988e4e3e1151901b298,5add6659c12e55e5d6379c8ce5786512,delivered,2018-01-25 23:02:11,2018-01-25 23:14:27,2018-02-01 23:29:00,2018-02-28 22:03:06,2018-02-22 00:00:00
f5967f0a9a614d8ccb6b2c1c16bde5ed,afa7a206ec8cd8335d82fdde5ad8f24e,delivered,2018-07-25 11:36:28,2018-07-25 11:45:13,2018-07-26 13:16:00,2018-07-30 13:09:32,2018-08-10 00:00:00
cecdac61b34706beb4fb0d9a531082a2,06e02bfbcb3a911182a3aaa06d826c88,delivered,2018-08-15 15:09:47,2018-08-15 20:26:55,2018-08-16 14:54:00,2018-08-20 14:11:25,2018-08-20 00:00:00
b031740afc01ce5052768cd623d5875c,a7c552b93d46c518aa55f41e46cae77a,delivered,2017-08-29 13:17:06,2017-08-29 13:25:27,2017-08-29 18:52:33,2017-09-01 16:35:40,2017-09-18 00:00:00
1b96de55f67268aaa1052ccc6cd7f831,70575c3be741bfb7eca3c3a25a1fcbbb,delivered,2018-06-25 12:24:51,2018-06-26 07:12:53,2018-06-27 07:55:00,2018-07-03 18:22:45,2018-07-18 00:00:00
d25eb23124adad743154951c70b0367b,8fc85b7ac5618e216e83fe66b45de02b,delivered,2018-06-15 11:22:25,2018-06-15 11:39:39,2018-06-15 12:00:00,2018-06-22 21:12:09,2018-07-11 00:00:00
c6eed19e8449a4594d951f94ed3b99e2,48182b581713e9b573a4082cb9c8b725,delivered,2018-03-07 14:01:51,2018-03-08 02:35:57,2018-03-08 20:11:33,2018-03-30 00:58:26,2018-04-02 00:00:00
2116afd8913047456f2159240bab5180,05937ce187de4289937708b4f3dfcd24,delivered,2018-01-30 18:55:45,2018-01-30 19:14:48,2018-01-31 21:04:06,2018-02-21 16:09:09,2018-03-02 00:00:00
ea0ba7257a557e66332f0a5e25d98f39,ce86714de00d981276c6823ae9503d78,delivered,2017-10-12 11:32:02,2017-10-12 11:49:14,2017-10-13 18:19:47,2017-10-27 17:33:09,2017-11-01 00:00:00
0cdbb064516056ec9be699ddabadc42c,13c8bb7cb4c9d571930eec060bf12c05,delivered,2018-07-21 22:50:08,2018-07-21 23:05:07,2018-07-30 14:52:00,2018-08-02 19:02:08,2018-08-16 00:00:00
07c60b22ef2c61750215fd44cf67f928,b0c13215e53207d4d0469c45832011bc,delivered,2018-08-05 21:07:49,2018-08-05 21:24:25,2018-08-08 15:17:00,2018-08-13 18:28:48,2018-08-13 00:00:00
613b35c2a3e40e64392c5d7e80123988,80662443ffd5b34b6b467d7590e90308,delivered,2018-06-17 16:23:14,2018-06-17 16:35:13,2018-06-18 11:17:00,2018-06-23 14:26:26,2018-07-12 00:00:00
b08e6e87102def921faf1a611d09031e,95948f00bd07df9a0c9b940d7a2ffaa9,delivered,2018-03-23 14:43:35,2018-03-23 14:55:35,2018-03-24 00:21:37,2018-03-29 22:22:49,2018-04-17 00:00:00
5682b99fadba58766777a183ba03143d,a9ad56640447278808ed364f472d7401,delivered,2018-01-17 13:54:17,2018-01-17 14:10:29,2018-01-18 20:12:41,2018-01-20 01:08:47,2018-02-01 00:00:00
a144aa25d9d14f25ee9f3ec4118e5517,9353974c6d727e3739a8370ff655a774,unavailable,2017-11-06 17:36:36,2017-11-07 03:31:02,,,2017-11-24 00:00:00
5e92e0bff46e7409b95d52942bf0f2a8,5298fbcb045d2d58b8bc2dbb80532b74,delivered,2018-07-16 20:52:58,2018-07-16 21:00:42,2018-07-20 15:31:00,2018-07-23 18:25:25,2018-07-24 00:00:00
f581fb09c9f7d67c2d7035ac36dd49e6,d25844ab8e3cfb49dad143d6b7c5018f,delivered,2017-11-22 14:26:09,2017-11-22 15:15:25,2017-11-23 17:31:47,2017-12-07 16:42:27,2017-12-14 00:00:00
cfb2535d4f01725910c8f567cf06b686,3a84b9f859fd2f94d4b80eac938b4a28,delivered,2018-04-19 08:36:19,2018-04-20 07:32:09,2018-04-20 19:13:38,2018-04-30 21:35:50,2018-05-23 00:00:00
6963678ab394ef16d2dbed6ee6d07c44,5f12d78c47adb7e59ed5aca5c52a3357,delivered,2018-07-17 21:29:23,2018-07-17 21:50:19,2018-07-18 14:42:00,2018-07-24 11:36:25,2018-08-03 00:00:00
9c45e22ceaa7d4d5cd229d408c610d4e,903556b4d68641eba22c0dd627d76c96,delivered,2018-08-20 21:37:48,2018-08-20 21:49:37,2018-08-27 11:35:00,2018-08-28 15:48:46,2018-08-30 00:00:00
77fd91409017a7ee9d7c4ad79745cfda,4d25e798869c5bfaed1c5e6cde53bc92,delivered,2017-11-28 09:56:10,2017-11-28 10:14:52,2017-11-29 00:28:49,2017-12-12 00:34:59,2017-12-18 00:00:00
7c704545f1306e9cff9216e6f34d5111,c009474292c8ed7544d52b57f352da94,delivered,2018-06-25 02:18:31,2018-06-25 02:37:07,2018-06-26 14:19:00,2018-07-03 17:41:57,2018-07-19 00:00:00
11a6ea18f3646c6e6dcbadbd0207b35d,8f99d406f72a8339a5507e598bb187de,delivered,2017-01-28 10:26:06,2017-01-28 11:31:33,2017-01-31 04:23:58,2017-02-08 14:42:30,2017-03-08 00:00:00
8739393fd79da12b068ac63a98eea9e0,d6b4cb2688446c34786918c0f89ea613,delivered,2018-01-12 18:19:18,2018-01-12 18:29:00,2018-01-15 16:49:40,2018-01-30 19:28:37,2018-02-06 00:00:00
aab70889fd90187d6709afee3f19853f,b1cfafd0f8c0c6486af5389b055751d8,delivered,2017-04-01 19:22:17,2017-04-04 06:02:40,2017-04-05 09:05:57,2017-04-10 10:55:39,2017-05-03 00:00:00
573aed3067e4c429716880094b71a80b,94cce5d77423fc7926d3af0d01f379ef,delivered,2017-02-22 13:20:42,2017-02-22 13:30:17,2017-02-23 21:55:35,2017-03-07 16:42:29,2017-03-24 00:00:00
8842ab4c2a2553bd8a15b9e210aae195,04990c725a166f618ef30e8ae48cdd51,delivered,2018-05-03 11:10:17,2018-05-03 11:54:29,2018-05-14 13:46:00,2018-05-17 18:32:50,2018-05-29 00:00:00
8569af7b39e3073991a97c55c2b16123,09ef509fc555b2d216fe3ed055d30411,delivered,2017-02-13 00:27:55,2017-02-13 01:02:38,2017-02-24 15:06:22,2017-03-08 12:27:52,2017-03-28 00:00:00
53b686fac427f7a62d0f32047dacd2fc,75fd680d4beb83356a3f1d9d9f0bc633,delivered,2018-06-06 10:45:16,2018-06-06 10:55:19,2018-06-07 18:55:00,2018-06-08 13:12:20,2018-07-03 00:00:00
564252847a480a1317340b48e2001bc0,ebcaf5e6c516329b9ea33f50442dd7bf,delivered,2018-02-14 11:06:08,2018-02-14 11:15:27,2018-02-21 16:33:08,2018-02-28 17:48:17,2018-03-09 00:00:00
de8ff53ccb831c621c49cdfb8953fd9a,1a1cfd220729248ca598e3a807cb17e7,delivered,2017-11-15 10:21:16,2017-11-15 10:30:30,2017-11-16 16:39:07,2017-11-17 21:42:55,2017-11-29 00:00:00
3335145dde4116490421d86d3248aaf5,98dccee26e74868b47788bdc35e48a09,delivered,2017-11-05 20:22:11,2017-11-05 20:30:55,2017-11-07 17:23:10,2017-11-14 18:25:13,2017-12-04 00:00:00
5f41eeeb79cbf03f89da17dd1bedccdc,846ae29ec0938702681e294c34e2e706,delivered,2017-03-24 06:19:53,2017-03-25 02:16:10,2017-03-29 11:07:52,2017-04-18 06:33:26,2017-05-05 00:00:00
fe540b103b9d1731fb8941c5ed067ccf,d9fbbd82d016d6056e9e08a685d73cc0,delivered,2018-01-02 12:11:24,2018-01-02 12:19:18,2018-01-02 20:54:43,2018-01-11 15:37:51,2018-01-24 00:00:00
7e0b0f0b356dbf2c684fd6bbad4c1911,876bfe052df18daad48e26b9a09bc741,delivered,2017-12-05 10:31:53,2017-12-05 11:22:58,2017-12-15 21:12:41,2017-12-27 20:43:06,2018-01-10 00:00:00
b98085eb7a06a725fb101c43ef721275,55527293ed99c8e2993e522addfb7615,delivered,2017-12-26 12:52:21,2017-12-26 13:08:48,2017-12-27 23:28:56,2018-01-04 17:53:06,2018-01-15 00:00:00
1fdc2609d5cf7bbc42f1af8ff3072049,cecd29d54e3edb34d9cf2b00a5fff3ee,delivered,2017-07-17 19:59:32,2017-07-17 20:10:14,2017-07-19 11:37:52,2017-07-24 22:52:18,2017-08-04 00:00:00
c421ebe75a8bcaabd8540cfae6aa4a7f,72d108717e547684828b22adc8f3607d,delivered,2017-09-21 17:26:41,2017-09-21 17:35:21,2017-09-23 13:43:17,2017-10-10 00:24:58,2017-10-16 00:00:00
619ec92710d17c5fd70018c3ee9ad4cf,9f9c6e909d0dca855df6e5606a15bc67,delivered,2018-08-17 23:06:30,2018-08-17 23:15:11,2018-08-20 13:27:00,2018-08-24 17:08:54,2018-09-03 00:00:00
7733c820d89f9e24a262e8fc309a3533,8c1ea083db58ab44e1e4912aee4bbcf8,delivered,2018-05-26 23:26:06,2018-05-26 23:38:05,2018-05-28 14:10:00,2018-06-07 21:18:44,2018-07-04 00:00:00
c859bbfda403ac31857038177a367e1b,ed326eba566d15b5ec9193e2fca7f929,delivered,2017-05-02 23:15:01,2017-05-03 23:22:36,2017-05-04 14:10:06,2017-05-11 09:47:33,2017-05-30 00:00:00
a1346a891ab47e8a7be96a3aa992b194,041c340fc75b751faeefe3ef5fd81068,delivered,2018-01-20 22:59:32,2018-01-20 23:20:13,2018-01-22 19:49:59,2018-02-02 00:30:35,2018-02-14 00:00:00
5bc2a7b8f0817443a86b69461e742cc9,e24c95c7fcea91f9d8e06c7b2a139301,delivered,2018-01-03 12:40:29,2018-01-03 13:31:57,2018-01-03 22:25:00,2018-01-12 21:59:18,2018-02-01 00:00:00
1ade03eb2f7f3a76f964ee98e1a66529,b15dfeddb91c576c21ca1456d3a12f68,delivered,2017-05-23 14:14:23,2017-05-23 14:25:25,2017-05-24 09:31:06,2017-05-27 10:57:46,2017-06-14 00:00:00
82c5edeff15e09a0460d292874766132,deb1ce7ca68ee64461402e881a1c02ae,delivered,2017-09-13 17:44:20,2017-09-13 17:55:30,2017-09-14 17:55:29,2017-09-21 19:25:03,2017-10-04 00:00:00
3f07b23a477bf9013c8290afae6330d8,9a437edf77ff93c3d2302ce7999edc59,delivered,2017-06-12 18:17:53,2017-06-12 18:31:23,2017-06-13 11:12:57,2017-06-19 15:17:47,2017-07-12 00:00:00
21df9077cc34b937131aa902d45be9c5,66fd92db7e65ca5deac0db0ed557a178,delivered,2017-07-19 21:58:09,2017-07-20 07:33:05,2017-07-20 19:49:36,2017-07-31 22:13:02,2017-08-18 00:00:00
9769371d54296310103ef23ba69b4af2,ea2137d588244819f6be7b1d8f00f82b,delivered,2017-09-30 21:38:11,2017-09-30 22:20:10,2017-10-02 15:16:47,2017-10-16 19:09:09,2017-11-06 00:00:00
71e38b6278297e5765d0a41488828015,0c493327ccf5fa774963c070600fbbb2,delivered,2018-03-15 20:13:55,2018-03-16 20:08:26,2018-03-23 01:54:31,2018-04-04 20:48:30,2018-04-19 00:00:00
e75011be2ec3dec23d2ed6757d35c792,7dec82bd3f93ed6107cb7bc7e2242618,delivered,2017-01-19 14:38:27,2017-01-19 14:50:07,2017-01-20 14:12:55,2017-01-23 12:38:48,2017-02-27 00:00:00
7950ca264526b850eda5297b489c8e35,ad44c9822042d778bb89ba71e2018c82,delivered,2018-04-24 09:16:29,2018-04-24 17:52:57,2018-04-27 15:00:00,2018-05-02 21:32:04,2018-05-07 00:00:00
249ec92a8757d3abe81210827a19f08f,0fd9e022d3e82c6e05d0104ce129466c,delivered,2018-06-15 10:36:49,2018-06-15 10:57:42,2018-06-18 15:27:00,2018-06-19 19:57:19,2018-07-03 00:00:00
18c6d9e50c997847a486a2a627efdfc0,ed110cb97194f4281568a16d130589f8,delivered,2018-04-15 17:21:16,2018-04-15 17:30:38,2018-04-18 00:03:57,2018-04-21 15:57:32,2018-05-09 00:00:00
bfde1814043e239cb93af22b6b09214b,f10f70292bca6ab2abd34b96b08d312d,delivered,2017-12-31 18:35:45,2017-12-31 18:46:40,2018-01-03 17:10:44,2018-01-24 02:24:13,2018-02-05 00:00:00
88ee50871d29b82810c4a8bac33aa004,53aeae0670660794fb7cccbb841ed823,delivered,2018-06-19 16:37:38,2018-06-19 17:04:54,2018-06-22 16:21:00,2018-06-29 19:14:37,2018-07-18 00:00:00
ee15d1d23898663a46ad1c4b08a45759,f0b1375f8ebc3efd01a50b44e47647fe,delivered,2018-02-04 22:04:37,2018-02-05 22:30:32,2018-02-19 18:28:31,2018-02-24 00:44:46,2018-03-09 00:00:00
e8b777112a2c5482e9005c327997cc21,db2ba56a5295e78cf97852d6f4f27a9a,delivered,2018-03-15 00:53:20,2018-03-15 01:09:21,2018-03-19 20:47:38,2018-04-13 22:24:34,2018-04-05 00:00:00
b3cb8cbd307ae353c5bed2e6eec5c58a,ed850b120dcf3049743a2ec2e015ae9f,delivered,2018-01-26 22:51:50,2018-01-26 23:18:20,2018-01-29 17:05:48,2018-02-01 20:29:51,2018-03-08 00:00:00
9547ca89ef82598d7ae329e2cc2cf3ad,f04f8fcd82d6285361fc9094cbbe9369,delivered,2018-02-14 13:20:47,2018-02-14 13:30:32,2018-02-15 20:13:35,2018-02-22 15:45:09,2018-03-09 00:00:00
b539ce2adefd8069df8b63856d7837f3,f83784635cb989ff8f58e7a1b0aeed94,delivered,2018-07-19 19:38:48,2018-07-19 19:50:11,2018-07-20 14:49:00,2018-07-21 14:24:30,2018-07-27 00:00:00
7f2d63de7e9e8a81f52cb8cd74d24277,fc60da72975e2a55ed00cd57f4a47b02,delivered,2018-05-04 09:01:21,2018-05-04 09:12:46,2018-05-07 06:56:00,2018-05-20 15:08:52,2018-05-28 00:00:00
33740f52eba55da2d9387820d43724fd,4a00ac708f3f33c001588e9529e90691,delivered,2018-02-23 19:31:58,2018-02-23 19:47:59,2018-02-26 15:42:53,2018-03-07 20:54:37,2018-03-22 00:00:00
acdb814f2758bfa4cf10c3ce5cb09c81,df80437556165c0e8e85b84cb709e0f7,delivered,2018-03-05 22:30:02,2018-03-05 22:48:55,2018-03-07 19:08:21,2018-03-30 15:51:53,2018-03-29 00:00:00
4548b28532019ff74082bf5b5ab11410,9d8aa6ca525fcaebe19a05f37b4e3274,delivered,2018-07-16 13:25:21,2018-07-16 13:40:16,2018-07-16 16:58:00,2018-07-27 21:48:25,2018-08-03 00:00:00
ac730ec54a5502ff2a207c2f485f3d83,bee38172e88b59389711a1147ac7521a,delivered,2018-08-15 10:52:48,2018-08-15 11:05:46,2018-08-15 14:15:00,2018-08-18 15:20:38,2018-08-24 00:00:00
032d90128bd4c1c63e317ab45ddc2879,129890a15e5868e3c3a8cf15f5483a31,delivered,2018-08-02 19:32:34,2018-08-02 19:45:18,2018-08-03 14:41:00,2018-08-08 13:19:55,2018-08-15 00:00:00
636cae28249d7bd12aa6fb8d96bbe735,cd6d7cf3eadef3f54d1e0ecd103510b9,delivered,2018-08-04 15:00:45,2018-08-04 15:15:25,2018-08-06 12:55:00,2018-08-13 14:22:37,2018-08-31 00:00:00
dbd1cbc05d31e4c71790b63eb1fc870f,56db29d910656521640dd459604f55eb,delivered,2017-08-15 16:13:41,2017-08-15 17:25:48,2017-08-21 11:48:53,2017-08-29 20:38:01,2017-09-13 00:00:00
1c4bd62e77652a8a266a0b0f1b49b0da,ffee99041e111172de2006fe9e90202a,delivered,2018-06-22 12:01:37,2018-06-22 12:20:32,2018-06-22 15:16:00,2018-07-06 01:18:54,2018-08-01 00:00:00
eab03e7736b6f5822bd2bf48812a57ae,24d30bd6b3b091d24728c9ae06b02b05,delivered,2018-07-02 12:37:42,2018-07-02 12:50:15,2018-07-03 06:08:00,2018-07-13 21:19:44,2018-08-01 00:00:00
83669a296f7c04168e60c26b274c5cff,23a0bfc1a2554f7bfed206cfe0bb3e54,delivered,2017-11-13 21:12:46,2017-11-13 21:30:43,2017-11-16 15:47:33,2017-11-22 20:37:36,2017-12-05 00:00:00
573cdc3b8d7f43d865aba5fbbc888802,1d4ed7b29c69512e9a142a6a5c52f5d0,delivered,2018-01-12 15:22:11,2018-01-12 15:30:30,2018-01-15 21:48:54,2018-01-31 21:48:10,2018-02-14 00:00:00
d4236cd9c71d25ffcca42552d55db6f3,7a84164f936f2435540fbbb12b241930,delivered,2018-06-10 14:33:44,2018-06-11 16:31:30,2018-06-13 18:58:00,2018-06-18 16:04:59,2018-06-28 00:00:00
75808f860a87d99fd802237327cbef81,111dd94da5edace3037f01e3c06d81b2,delivered,2017-07-03 09:14:20,2017-07-03 09:25:13,2017-07-04 13:57:28,2017-07-11 20:32:43,2017-07-26 00:00:00
48d02bf6678d19dcb9ef11720a946dfc,ab3eead5a0680dfdd820127d25fea666,delivered,2017-11-24 09:08:26,2017-11-24 10:30:39,2017-12-05 01:09:27,2017-12-30 12:38:41,2017-12-15 00:00:00
10394a4c18a22780ffb66c96fa737494,d3f87d76f74f85535af0fb9bbda2844c,delivered,2018-08-14 14:51:34,2018-08-14 15:04:15,2018-08-15 14:51:00,2018-08-16 19:38:40,2018-08-21 00:00:00
0a896d016dd3a53c584129cd14e0875c,57d673d104da338f0c80a321e20ef683,delivered,2018-07-21 17:09:43,2018-07-21 17:23:58,2018-07-23 13:35:00,2018-07-26 02:24:45,2018-08-02 00:00:00
c76851af7999b8aa431fe982f3fd1126,3cdc8728a9467f9c870c5a6a924dad15,delivered,2018-01-04 09:12:03,2018-01-05 02:37:57,2018-01-05 20:22:18,2018-01-12 23:25:12,2018-02-05 00:00:00
da97ba90124c049efe564e689b626042,6460e159a18c30b34b2b542866ff829c,delivered,2018-01-07 19:25:28,2018-01-07 19:32:45,2018-01-22 12:49:27,2018-01-27 00:09:53,2018-02-06 00:00:00
e7522d7d44b7cdc7e33f08062d37d269,353aba3ea1d310ecca8f0e596715a0e2,delivered,2018-05-10 16:51:34,2018-05-11 03:37:33,2018-05-12 08:18:00,2018-05-18 17:48:55,2018-05-29 00:00:00
30d9b6778c881209fbbe2d1fdc6b3aa7,c46fb1ad081f67129badf67837c1727c,delivered,2017-11-30 22:56:51,2017-12-01 10:30:54,2017-12-06 00:58:48,2017-12-14 13:47:06,2017-12-19 00:00:00
2d59688444fe2c77837f198bb74f4485,63dc3330b02ced597f3079f1693f96d2,delivered,2017-07-26 19:48:33,2017-07-26 20:03:01,2017-07-27 16:33:40,2017-08-03 21:11:00,2017-08-21 00:00:00
656689d74b6f04ec228f13e98fc9b15b,373024739dee7c3429afb222a999bb55,delivered,2018-03-07 16:57:13,2018-03-08 02:29:33,2018-03-15 18:27:22,2018-03-16 19:12:48,2018-04-04 00:00:00
e6ba9a84acefba7db39ea4a3cca60fd7,07fc008e56d0391066076dc06e8e67eb,delivered,2017-11-08 16:44:13,2017-11-08 17:30:51,2017-11-10 20:28:56,2017-11-17 20:11:45,2017-12-01 00:00:00
4689b1816de42507a7d63a4617383c59,d1ea705f2fdd8f98eff86c2691652e60,delivered,2018-06-26 22:43:32,2018-06-26 23:28:20,2018-07-03 13:38:00,2018-07-10 17:38:40,2018-07-24 00:00:00
1b2da30f37813b73fff52c5d5f6cbcac,c9a9f8854d077abb9ec32b1fe9076a77,delivered,2017-12-09 14:22:10,2017-12-09 14:32:32,2017-12-12 16:03:47,2017-12-20 19:12:30,2018-01-04 00:00:00
1445aacacc53a181a1bcf5bfb9520377,724651ac1162e52e750b9c4aa38b7fea,delivered,2017-12-11 11:06:58,2017-12-12 03:35:36,2017-12-15 14:49:17,2017-12-19 17:45:02,2017-12-29 00:00:00
78d367e2bc72aa2ad6aeec43b979b55e,8f1278c7bf83749550237624f72786e6,delivered,2018-02-13 21:44:09,2018-02-13 21:55:25,2018-02-15 17:04:31,2018-02-27 20:32:58,2018-03-15 00:00:00
a2c42a4aedf58c7e3ff500cb584a9859,f96003d2df26d840fdfe42aea5254ada,delivered,2018-07-08 09:37:15,2018-07-08 09:50:12,2018-07-10 11:27:00,2018-07-13 17:58:27,2018-07-25 00:00:00
67273b39a82f449a02c95a8b28fb0037,2a47769855a4bf2f68e2b7bddd9cf872,delivered,2018-06-28 16:10:54,2018-06-29 02:35:14,2018-07-03 11:26:00,2018-07-04 15:34:58,2018-07-12 00:00:00
a0b93e564f7ce12ef5c0768f38aed1ba,cc5a222e7e65ce155017bc23f7327b27,delivered,2017-11-27 09:24:02,2017-11-27 09:33:28,2017-12-01 19:12:00,2017-12-11 19:55:45,2017-12-15 00:00:00
ed0c78512dc9e32eb0120ff13b93a8fb,bad0485089a89e8aaa270d32600776b3,delivered,2017-02-09 11:41:07,2017-02-09 11:55:10,2017-02-10 06:58:37,2017-02-22 12:34:53,2017-03-10 00:00:00
9bf784212164c8cc81d3eb16daaa5950,4acfe2f36c9f7b470ef68d71dc5b6ebc,delivered,2018-05-24 01:18:41,2018-05-24 01:38:03,2018-05-24 13:55:00,2018-06-06 19:04:51,2018-06-18 00:00:00
0dd10699d5b56b4bfc60c02e8ac6533e,1d02dd4bbdb7060d7a4936dddd20d492,delivered,2017-10-15 17:40:59,2017-10-17 03:49:21,2017-10-17 19:19:32,2017-10-18 20:41:50,2017-10-26 00:00:00
72ec88002ed159da398333164be7f876,7f0341378a24c0dbd85884c251813514,delivered,2018-06-28 11:20:16,2018-06-28 11:31:13,2018-06-29 16:32:00,2018-07-06 16:51:26,2018-07-27 00:00:00
5e5401e61b948d2b976fa1badeb85ce7,a45750bf0ce58c15f1b74401be36bc41,delivered,2018-05-02 20:23:36,2018-05-02 20:53:38,2018-05-03 13:49:00,2018-05-08 16:38:20,2018-05-18 00:00:00
8b7e078c49289a39e53036d4f6220725,094268c3fc6b7f4f901169b464254510,delivered,2018-03-24 09:22:31,2018-03-24 11:41:17,2018-03-27 19:12:36,2018-04-02 21:28:54,2018-04-19 00:00:00
2e0c591aeea96a822de207d1a2a5de9a,481cca8db41199ffb234a2ab4caf7f82,delivered,2017-08-19 10:43:53,2017-08-19 11:04:24,2017-08-23 20:57:29,2017-09-02 11:44:54,2017-09-20 00:00:00
db29fa675e3fb38dc9f16106b18a43f8,05dd892bc3cdf380c532320e27148f33,delivered,2018-05-14 20:21:10,2018-05-14 20:37:49,2018-05-15 10:45:00,2018-06-11 18:42:38,2018-06-06 00:00:00
2942fb69025c3ceb3a70293e78346709,f553cd4d51e2905d9868e5d6318e09b6,delivered,2017-11-14 20:08:30,2017-11-17 03:35:38,2017-11-17 18:09:09,2017-11-22 18:32:22,2017-12-04 00:00:00
6d2f1e2a36b2d36d4e4c626750224b9b,af58009ddcc58bc7c167a25e7172e423,delivered,2017-12-08 15:12:18,2017-12-09 02:49:34,2017-12-11 20:58:59,2017-12-15 21:18:46,2018-01-03 00:00:00
2f9461545e91fb9fde10a190a2986c34,3efca0204e57fb8a63a96188d66f3891,delivered,2017-12-04 21:21:14,2017-12-05 07:30:43,2017-12-05 19:28:50,2017-12-15 22:04:15,2017-12-27 00:00:00
c6ddc05cce8a6edfc4854d4e554d8b0f,2f12ab0497cdc2cfcbd8d4bd02f40b49,delivered,2018-01-18 09:55:36,2018-01-18 10:16:29,2018-01-19 00:22:41,2018-02-02 23:44:37,2018-02-19 00:00:00
bb9a2de2f513259a76f6cab031523257,cee868431579ba2636577e88ccedeba6,delivered,2018-07-24 12:42:16,2018-07-24 13:40:15,2018-07-25 13:46:00,2018-07-26 23:04:53,2018-08-14 00:00:00
6590f1ba60504cc128e446309ae6bfbf,cb26bdd25f8d8602f3b90e6a0c291ba0,delivered,2018-05-20 18:44:07,2018-05-20 19:10:28,2018-05-21 12:49:00,2018-05-22 22:42:30,2018-06-12 00:00:00
4940a0d55a6bbecd485a780083cf349e,04411d029ba983c1386fc99accec7c63,delivered,2018-06-11 14:40:30,2018-06-12 05:16:15,2018-06-15 14:39:00,2018-06-21 20:03:14,2018-07-03 00:00:00
78a56ea994a32c5627609c929276b3c0,03f2fce950d12e18b97760794a8d8994,delivered,2018-07-18 14:52:39,2018-07-19 03:05:09,2018-07-19 10:32:00,2018-07-21 15:05:34,2018-08-02 00:00:00
3cd99cd38f3f27164941ce0ade8d2a5f,07d8a1e034609304f93d2fcb6b567c0a,delivered,2018-01-27 19:55:56,2018-01-27 20:11:27,2018-02-01 15:31:32,2018-02-23 23:28:09,2018-03-23 00:00:00
75559e14f308f4ff08427c567ae0a370,0998fbfbcd689d31ddedcb38f3fd8105,delivered,2018-02-12 13:53:31,2018-02-12 14:10:30,2018-02-14 23:58:29,2018-03-12 22:53:26,2018-03-06 00:00:00
7110f0eeece3a706f92c964efb204e57,4ad7e384a9915942c0b8bd7eb448b6b3,delivered,2018-04-18 18:41:46,2018-04-19 02:31:53,2018-04-20 22:34:24,2018-04-24 20:15:57,2018-05-10 00:00:00
60a342804edbf2d8c51f2cf191b373ce,ad4e2cdd3a48b3232d6881c527678fbd,delivered,2018-05-04 16:56:24,2018-05-04 17:10:24,2018-05-07 15:09:00,2018-05-12 01:33:11,2018-05-23 00:00:00
67a02a73466642c42627bf50de7bea92,f20442e7a117475c8199e9285fdb5ae7,delivered,2017-02-02 17:43:35,2017-02-04 02:22:21,2017-02-06 14:17:37,2017-02-09 13:41:22,2017-03-13 00:00:00
d7a2c0c1ff66b314f3bf166fb4157fd4,c26acf0451e0f8ec1f5218731b9a51cf,delivered,2017-11-20 22:28:56,2017-11-20 22:39:52,2017-12-05 19:25:01,2018-01-11 23:33:31,2017-12-19 00:00:00
8319a6a536055dda24854686c5c7802e,1406cd41ca8ca06e0a8902f689fa79b6,delivered,2018-03-14 13:25:08,2018-03-14 14:40:25,2018-03-16 15:37:46,2018-04-04 21:24:49,2018-04-05 00:00:00
f98546c39fc099e563d0b69b74b5151c,6ed21f859629b6586b9b7e8fe98653e6,delivered,2018-03-04 15:24:35,2018-03-04 15:35:28,2018-03-06 19:09:38,2018-03-18 14:27:39,2018-03-29 00:00:00
9831a29d7f2e1f0526ea5d4f687ad13e,9f11f34a505da57000b47239048b9355,delivered,2017-12-05 08:28:27,2017-12-06 02:35:44,2017-12-08 17:23:18,2017-12-09 14:47:25,2017-12-21 00:00:00
57741095952ded9b9867c32ac568161a,7e7b63cc1cef789031d829eb55d8934f,delivered,2018-02-15 19:24:52,2018-02-15 19:46:12,2018-02-17 15:38:55,2018-02-20 20:23:02,2018-03-01 00:00:00
cfebb97f36814d6f42de3df1e03d0210,21bdd767d991e3dc7efdb6149f1e6c5e,delivered,2018-07-26 19:47:29,2018-07-26 20:24:09,2018-08-01 16:27:00,2018-08-03 16:56:37,2018-08-17 00:00:00
cb161f108a2062a82651fe528b39ffa7,568347f815812a019ece260d70e94d5c,delivered,2017-04-04 20:29:00,2017-04-06 02:45:22,2017-04-07 12:52:02,2017-04-17 15:30:12,2017-04-27 00:00:00
5e741be1ef0b879586c4c85a9967b5f9,0f3bd0bd44140c8d4d481fd7c47c1c2f,delivered,2017-09-03 14:04:28,2017-09-03 14:15:21,2017-09-06 16:58:02,2017-09-13 20:15:02,2017-09-27 00:00:00
b855a375ca3b96e3b1a106c27e2d339f,0df8e68bdf469717f79bf1e89a7450e4,delivered,2018-08-17 09:57:04,2018-08-17 10:11:26,2018-08-23 13:55:00,2018-08-25 00:47:52,2018-08-27 00:00:00
00f621226c6f4e938348f6f3a71fdc62,ea15bb903b8f82b3f8ebdb8a9f305154,delivered,2018-05-09 14:32:45,2018-05-10 03:49:54,2018-05-10 17:00:00,2018-05-17 18:59:51,2018-06-04 00:00:00
cb203b92888d8aa67beda73ce18054dd,8845218b841a1c684b790c3615583a6f,delivered,2017-10-30 22:02:57,2017-10-30 23:31:08,2017-10-31 19:43:04,2017-11-14 18:12:57,2017-11-24 00:00:00
8e0bd9ecbefeaa01eb857eef12a3d0f9,fc7d4defa8e1ac093d000adc4a69f99d,delivered,2017-07-17 07:04:07,2017-07-18 06:15:37,2017-07-21 18:17:28,2017-08-16 22:07:48,2017-08-22 00:00:00
ca15b9ce89a3e3e213dfbf05cb0e4695,2606fdb8c8893c74925740125cee168b,delivered,2017-12-03 19:07:02,2017-12-03 19:17:28,2017-12-05 18:56:47,2017-12-12 20:23:27,2017-12-29 00:00:00
84a2460003ca41e7f2aff73677cef2b9,d6a978328379a7aa82a087d3ca945a80,delivered,2017-03-20 09:38:06,2017-03-20 09:38:06,2017-03-22 07:41:56,2017-03-28 14:06:56,2017-04-12 00:00:00
dee8120a06a4934ccefda2f44a63a2ff,213919e66e2d2d5d0982ccedaa47cc44,delivered,2017-06-25 11:03:00,2017-06-25 11:15:17,2017-06-27 14:03:16,2017-06-28 09:38:39,2017-07-07 00:00:00
9cfec34f8256fbe0883789ae021eed0c,63b8824e472a986512a077c2d82224ec,delivered,2017-07-14 15:53:19,2017-07-15 03:23:24,2017-07-19 22:21:10,2017-07-20 18:38:53,2017-08-08 00:00:00
e6c64e2ecfcd5ab01c9e7df01884c9d1,3f21f8d33dd6bebb2405d03b06b8ca8e,delivered,2018-03-14 11:21:26,2018-03-14 12:00:27,2018-03-15 15:16:45,2018-03-17 15:34:44,2018-03-26 00:00:00
52597890ec6f46d79c0cc61f35b1cbc7,44dbf7d7b4548cd7139ded68d39cd051,delivered,2017-10-03 12:55:15,2017-10-03 13:07:46,2017-10-04 10:13:30,2017-10-11 00:13:13,2017-10-30 00:00:00
e309561688d0e53d29a039914f51190a,5bc6e9dbf378d29fafefd17256337238,delivered,2017-10-31 08:32:21,2017-10-31 08:46:19,2017-11-01 22:33:20,2017-11-06 18:12:42,2017-11-23 00:00:00
a7cb67859df47f610cabbe09d29bbb99,f95706a51f108602bd328a0b9f8a37bd,delivered,2017-11-23 23:02:40,2017-11-25 22:57:28,2017-11-28 17:59:54,2017-12-14 19:51:58,2017-12-18 00:00:00
3c929aa6cf724e32eae163e008bacbb0,fe39cb8751934fcc5486a1e5cd86ea9a,delivered,2017-10-29 13:37:55,2017-10-29 14:06:07,2017-10-30 22:08:03,2017-11-03 20:21:56,2017-11-28 00:00:00
9a948249ff7195c8fcc2817b72ce6ff1,47101f2ce5dbb367947b2bfe806be9be,delivered,2018-04-01 20:00:49,2018-04-01 20:10:20,2018-04-05 17:30:52,2018-04-17 00:05:46,2018-04-23 00:00:00
c3d36e1799e432857de125edbd428c0b,33f7fd28bbe67f10c01c0bfdc98389bf,delivered,2017-06-14 00:57:56,2017-06-14 01:10:20,2017-06-14 18:42:01,2017-06-22 15:13:52,2017-07-05 00:00:00
8a8d4a399c6ef91d4c20458be5048c3b,54ccd7be1a0550989644a7633454f6a9,delivered,2018-01-08 14:06:59,2018-01-08 14:18:49,2018-01-08 21:39:11,2018-01-15 20:18:45,2018-02-02 00:00:00
d162b6f63c6d0885e7b3fac7f1f23b62,3adc77adab095b6ea28a7d367757712f,delivered,2018-06-25 21:29:51,2018-06-27 08:15:33,2018-06-27 09:39:00,2018-07-04 14:33:55,2018-07-19 00:00:00
ce678bd6591f2487c9b4f5af45b4619f,8b16b8c513d302bd3d2f218644fed1a0,delivered,2017-01-13 20:08:30,2017-01-13 20:23:00,2017-01-16 12:25:16,2017-01-23 12:39:22,2017-02-23 00:00:00
b38b4d329d985b7931f83f8bec9056d2,dbf6088110e53e05323716815cb09a38,delivered,2018-03-20 17:16:44,2018-03-20 17:28:25,2018-03-21 18:37:29,2018-04-23 22:38:51,2018-04-16 00:00:00
5a88485f2ce99d0ad48fd3c2375409fb,e65a468c0c9e6dbc83ac1e30626f15b6,delivered,2018-03-05 10:47:05,2018-03-05 11:09:39,2018-03-06 18:37:06,2018-03-15 22:32:49,2018-03-23 00:00:00
b56bcbb57a9be94114e2dfb18399193e,2a386023b961e318e81ea3712f84e95f,delivered,2018-07-16 16:17:50,2018-07-16 16:25:25,2018-07-27 14:57:00,2018-08-03 15:43:54,2018-08-20 00:00:00
24f9740a20c8dfcb718bc68a8722d634,3998a0d02d68754d86e5b95e2ba4add9,delivered,2018-01-08 11:13:11,2018-01-09 11:09:29,2018-01-10 22:39:51,2018-01-25 20:49:04,2018-01-31 00:00:00
e02e125437cc2226be342ae222e83a15,4bf1235ced3c2352ac7862d918f218d9,delivered,2018-07-18 15:57:05,2018-07-19 02:55:28,2018-07-19 15:31:00,2018-07-23 16:18:38,2018-08-06 00:00:00
d300dd2390d077cd2c2ec2861db15827,8f7c6c6a2f7450a91577241b44b6ea7f,delivered,2018-07-01 22:12:53,2018-07-01 22:29:58,2018-07-03 08:13:00,2018-07-05 21:57:36,2018-07-17 00:00:00
22a70dec3f33737fa17ad9ae098b37f8,d597b312cf0c17b32455637f9e257341,delivered,2017-05-17 10:53:24,2017-05-17 11:02:41,2017-05-23 11:39:34,2017-05-24 11:09:40,2017-05-30 00:00:00
b81c8d51d95fc3ddef4edbadb799c006,740574fc27c6041709a37bd407249f93,delivered,2018-08-14 19:48:58,2018-08-14 20:05:49,2018-08-15 15:18:00,2018-08-16 14:39:44,2018-08-17 00:00:00
019bdbaef5b5121c9b1811976aa510a5,7f340a499d079212d76e5a57f5d42389,delivered,2018-05-08 11:08:03,2018-05-10 03:36:39,2018-05-10 14:40:00,2018-05-18 20:30:44,2018-06-01 00:00:00
5559edd02dabfec0a6ee808960297d1b,d1e3996b3411bf78293c7bd70380b2f1,delivered,2017-11-24 17:11:43,2017-11-24 20:52:32,2017-11-29 11:48:49,2017-12-18 20:32:30,2017-12-21 00:00:00
1b52f83851e639f6a5035dfc08c70f0c,191646c1b7ad953e55869e14b5a9b606,delivered,2018-05-05 12:42:55,2018-05-05 12:55:31,2018-05-07 15:55:00,2018-05-08 19:05:02,2018-05-21 00:00:00
cc0485e2a281cfbca6a95b727a5c8f9a,46c2f2d24bc06f5ee9ac163dbccc5d98,delivered,2017-07-31 23:21:24,2017-08-01 00:43:17,2017-08-09 21:16:32,2017-08-15 18:10:33,2017-08-28 00:00:00
03b566bccfbc64cf92b82db663a243f8,5666c037aed4dc726ddf2e0999782cc1,delivered,2017-10-31 19:19:12,2017-11-02 02:26:55,2017-11-06 19:51:37,2017-11-16 19:42:23,2017-11-29 00:00:00
83170393ec3a57a446d28e0b5fe1f232,b72684bc50364bf3f97bf6b0af8ee412,delivered,2018-02-22 15:25:27,2018-02-23 02:29:01,2018-02-23 22:57:05,2018-03-07 15:18:45,2018-03-23 00:00:00
6f239f76247919dca754f858fe95c617,0e412c1195ed573a27be9b22ca5a03cb,delivered,2018-03-22 20:27:41,2018-03-23 02:10:33,2018-03-23 21:16:52,2018-03-26 22:31:19,2018-04-04 00:00:00
493d1ad7e1ae4e8a6733d84bc34c6b0c,40291ba05fac951d2fe586191112b3c6,delivered,2018-04-30 00:00:01,2018-04-30 00:25:27,2018-05-03 19:01:00,2018-05-04 13:12:22,2018-05-11 00:00:00
31c115453235b762093e6f6983bf669d,fd31040a7ee310b731565ea3902a08eb,delivered,2018-01-23 22:39:58,2018-01-25 02:58:21,2018-01-31 14:28:49,2018-02-27 19:34:27,2018-02-22 00:00:00
f19ea7019ed413c8722275d4c9c08dcd,251bc9a9cbf1b7e5df9c11589d01a6cb,delivered,2018-04-02 23:19:45,2018-04-02 23:35:13,2018-04-16 21:48:37,2018-04-18 22:21:46,2018-04-27 00:00:00
7f0b2d90543efaf906caac20ff4ed83f,c532bde5e3c7e9665dd16a0ff0d084b2,delivered,2017-11-18 19:49:03,2017-11-21 09:09:22,2017-11-23 22:37:53,2017-12-12 19:14:48,2017-12-18 00:00:00
1bbc88b68b941f9352e624b4ee9ae132,97e094571319765cd343ec2e0c5640f4,delivered,2018-05-22 01:07:35,2018-05-22 05:12:51,2018-05-22 12:36:00,2018-05-23 19:12:12,2018-05-30 00:00:00
cd12238095fc7765f26477b48b9cb3b2,2eeab260fead93547184a15fdad52b73,delivered,2017-07-15 13:49:10,2017-07-15 14:03:02,2017-07-18 22:07:57,2017-08-03 20:42:03,2017-08-10 00:00:00
5334444552f36867a1bf5cc0f4d3051e,e40ad01668971984265d1af8e48e8620,delivered,2018-07-25 20:30:20,2018-07-25 20:44:27,2018-07-26 14:45:00,2018-08-01 18:30:57,2018-08-22 00:00:00
d3748b207965f75c9287b49451cbdf3e,f2fea43c403aee713726efddf60391b1,delivered,2017-09-18 09:50:36,2017-09-19 03:43:59,2017-09-20 17:04:43,2017-09-25 17:52:19,2017-10-16 00:00:00
e214dd6d50b1fe9b3d0570441893f807,cdae1bcf423879f14dbf9eea667c5a45,delivered,2017-12-09 11:43:51,2017-12-09 12:58:25,2017-12-12 21:53:30,2017-12-23 14:46:48,2018-01-09 00:00:00
6cf90e1166647c0225253a897567ceb2,f5219627819a30474a6ef14e1598e7f4,delivered,2018-06-11 09:22:20,2018-06-12 08:41:55,2018-06-12 15:10:00,2018-06-19 10:38:26,2018-07-18 00:00:00
1cfd879fba2e07e64229d40d3bc2592e,b1ecedb16d47c1dad507d820395ab9c3,delivered,2018-05-02 14:58:19,2018-05-02 15:40:30,2018-05-03 16:38:00,2018-05-07 12:38:35,2018-05-23 00:00:00
e488cc26536e9d4857ff7e4605f3220d,179b6269e3312a52257e0ae40dc5e976,delivered,2017-02-06 22:48:50,2017-02-06 23:02:37,2017-02-08 11:05:19,2017-02-21 09:21:38,2017-03-21 00:00:00
13e3d20c254d6f982d8a1a1f57d74268,b02bb20c4a867ed23194f205619ada9e,delivered,2017-08-01 13:43:33,2017-08-01 14:03:15,2017-08-02 19:49:51,2017-08-05 13:24:26,2017-08-14 00:00:00
c535d14467a9ffe1f7dc043ae44a7338,022f451efd6098c908265c022c1e06ac,delivered,2018-04-15 10:51:07,2018-04-15 11:10:25,2018-04-16 17:57:56,2018-04-23 15:58:47,2018-05-14 00:00:00
93ef9253c47e7dfc633c01f728488cb1,ba21875fac3c41b6ac433113cf862e55,delivered,2017-10-26 09:07:04,2017-10-27 09:15:12,2017-10-30 21:42:35,2017-10-31 16:09:47,2017-11-09 00:00:00
1014139cb79293614f86603cc2c0b2f5,e1aa8d411fb0399eabfa209b16b87bfe,delivered,2018-08-10 07:58:37,2018-08-10 08:10:18,2018-08-10 12:56:00,2018-08-13 17:07:56,2018-08-17 00:00:00
265271dd979e1221bab55d039af24b37,fc748b54d0a4e82922a48d9d79529189,processing,2017-12-15 10:43:11,2017-12-15 10:55:17,,,2018-01-10 00:00:00
d76a05884672c990682427773e545129,36efc382554075c5e617faf800445551,delivered,2018-05-01 23:20:36,2018-05-01 23:36:20,2018-05-02 15:36:00,2018-05-10 18:48:33,2018-05-22 00:00:00
1c17925c49f9d7785ecc1febf7f30363,d5121168d43b0c28479b59a2d52655fe,delivered,2017-03-15 15:06:40,2017-03-15 15:06:40,2017-03-21 03:08:12,2017-03-30 13:39:44,2017-04-05 00:00:00
9c3baed00b2a9346c17579ea668f3029,b12da88cab7326387e8976dc76afcd77,delivered,2017-11-24 15:04:38,2017-11-26 16:11:46,2017-11-27 18:41:49,2017-11-29 18:38:26,2017-12-08 00:00:00
e22cc707086f54199ddd7ce4b79db163,ea29946c5fc530b67866c9cf8bf12aa2,delivered,2017-12-11 22:29:46,2017-12-12 00:14:16,2017-12-12 21:36:53,2017-12-18 21:32:20,2018-01-04 00:00:00
f45a9d097cad72a13df7a423d893dab6,684741e5c388d9fe3d7ea5c8c1b48182,delivered,2018-05-01 20:55:55,2018-05-01 21:12:26,2018-05-02 15:06:00,2018-05-05 09:52:27,2018-05-22 00:00:00
8ef41982a967f8279637b497cc5f1275,10ec87ab9019663333956437e0a35aaf,delivered,2017-08-22 20:15:37,2017-08-24 14:26:27,2017-08-25 21:11:35,2017-09-05 22:40:07,2017-09-19 00:00:00
a22b607df785ae2bd6fada8c68de0986,a8dd0e2a05799a5e36cb68c9192207a9,delivered,2017-10-15 17:03:31,2017-10-18 03:14:58,2017-10-19 19:51:48,2017-10-27 16:13:09,2017-11-07 00:00:00
3fbceefa87d60d00b3a59388408c7ba9,6fd56a56231ad82b8d0e749c8bb4d498,delivered,2018-03-03 19:27:14,2018-03-04 19:28:29,2018-03-05 23:00:05,2018-03-09 21:32:57,2018-03-21 00:00:00
498c950b1765883c2a104b8dd227ea90,bd1f61fc15cc21dca7ca5f6786ab475b,delivered,2018-06-13 13:04:17,2018-06-13 13:17:54,2018-06-15 14:27:00,2018-06-18 17:43:35,2018-06-26 00:00:00
bb0a814e4d6cb5373c30a22b6c9fd658,1643f66f6cc239c720a52b3d0fa8edab,delivered,2017-09-01 15:39:09,2017-09-01 15:50:11,2017-09-04 19:47:40,2017-09-14 20:51:46,2017-09-27 00:00:00
ac4e638ca3146139f9857a73b20f6277,a9700175e79675ae3aba81e68f9712cf,delivered,2018-07-04 19:44:24,2018-07-05 16:23:38,2018-07-05 14:32:00,2018-07-09 20:44:27,2018-07-24 00:00:00
cb4e81ca4138be621c104eeb865c4a79,40f9561c30a05bebd46159f13de2721f,delivered,2017-12-14 00:08:00,2017-12-15 02:30:34,2017-12-23 00:14:19,2018-01-10 22:24:02,2018-01-12 00:00:00
c51f25e565a1b4a03be6979f4661a585,38cac1776e7f4cca67c47a655eca20b0,delivered,2018-08-20 11:33:30,2018-08-20 15:15:36,2018-08-20 14:52:00,2018-08-23 20:22:38,2018-09-24 00:00:00
e1bc1083cd7acd30d0576335373b907d,14532b4dffa2bf13edc019346063c2fb,delivered,2018-03-15 12:56:35,2018-03-15 13:10:43,2018-03-15 23:58:22,2018-03-22 20:58:34,2018-04-03 00:00:00
918715562ea26f3f229b7b9e7293d3d2,399d9ae24a4f182cdae8cd53a644a958,delivered,2017-08-12 11:41:24,2017-08-13 11:50:05,2017-08-15 13:13:15,2017-08-16 15:52:31,2017-08-25 00:00:00
1ddab242ec2aa2eb0c3c44bf6002dfe9,299ab139539043a0010795bd2a7626b1,delivered,2018-06-04 23:20:11,2018-06-04 23:33:02,2018-06-05 13:32:00,2018-06-06 16:33:36,2018-06-28 00:00:00
2c8d039d136f71b16eea4024def87741,b9af95c64769369ae49f05ef4634f23e,delivered,2018-08-20 11:16:03,2018-08-20 15:11:53,2018-08-21 13:54:00,2018-08-30 22:51:43,2018-09-13 00:00:00
90b9f0f48e9c0c80521210df4cff137d,ee43192c53e487eecaf741cf64dca677,delivered,2018-02-20 01:18:53,2018-02-20 02:30:53,2018-02-21 14:44:44,2018-02-23 20:23:24,2018-03-19 00:00:00
73455801790c8a31e404a3d4861f3d61,d04b1ea9de553c20d8315f98cf8289a2,delivered,2017-12-10 23:01:37,2017-12-10 23:17:27,2017-12-11 23:25:37,2017-12-20 16:48:51,2017-12-28 00:00:00
50eeaae0716800e6a5e870e9a05edd41,299e3323af91b6e7411a47b8919b2ce2,delivered,2017-11-25 10:28:21,2017-11-25 10:38:31,2017-11-30 23:33:46,2018-01-16 00:52:52,2017-12-26 00:00:00
b01274d5c860a9d33e0375e113051bd9,3e3df842ae07d4e4986fb1aa446eb123,delivered,2017-12-20 17:27:11,2017-12-20 17:34:31,2018-01-04 23:27:40,2018-01-15 19:23:40,2018-01-24 00:00:00
df0bfbf54e085e793d7b164f7c4304e1,b54c3273e3f408977b01909ad650b7b8,delivered,2017-09-20 21:25:17,2017-09-21 21:30:19,2017-09-22 18:04:16,2017-10-02 17:11:02,2017-10-11 00:00:00
4fd95287834e5721e6dd034110ea149e,42bba93a239353f2f8a7b64aa68efd24,delivered,2017-07-11 19:40:55,2017-07-11 19:55:23,2017-07-12 16:26:52,2017-07-18 17:29:17,2017-07-31 00:00:00
04784f58d6d77df7f4c12da82a4577dc,f3ce5e2f314944574d86bfa26a1f1e27,delivered,2018-04-15 19:14:47,2018-04-15 19:31:01,2018-04-19 23:48:24,2018-04-24 21:28:46,2018-05-15 00:00:00
c0396e6102e8bd3392484cc1ace9d55d,b566e20417d28f6bc7eb73b1d261a680,delivered,2017-11-24 11:54:55,2017-11-24 13:52:36,2017-11-28 19:18:47,2017-12-03 19:08:43,2017-12-29 00:00:00
fd038d8e957d1407c9928ef57603146e,87e802b8e48b28d75c1ace4856bec0cc,delivered,2018-01-13 13:48:26,2018-01-13 13:57:29,2018-01-15 20:22:42,2018-01-24 20:53:24,2018-02-20 00:00:00
c9527d3d4735b810b3d42d45aabae2ad,2f19c9171e009ef6195f5af093d2ec90,delivered,2017-12-19 15:49:16,2017-12-19 19:32:00,2017-12-20 22:43:55,2017-12-22 16:59:11,2018-01-08 00:00:00
04dd35719b3865db080c89c54b9f5b6a,bb3bdf949a58ff74c17d6aa4c1f94da2,delivered,2017-07-14 01:40:53,2017-07-14 01:55:36,2017-07-14 17:50:38,2017-08-01 21:27:34,2017-08-29 00:00:00
98dc9b1a84fd406155ed39ab4027c61e,e4712737da813be14ec35d595d6e4de9,delivered,2017-09-03 14:37:04,2017-09-03 14:50:11,2017-09-04 22:15:12,2017-09-08 18:03:30,2017-09-27 00:00:00
a843db5b5fcf2b053e8ae0b87b02ffdc,bf3567e4db3afd19b8c2d2d8b3fce39a,delivered,2018-04-24 00:20:19,2018-04-24 17:46:32,2018-04-27 17:31:00,2018-05-08 16:22:33,2018-05-21 00:00:00
35c7d117e60b7447a3ee63f69addcd2c,a63832a8b162089904b6c6470e9e6434,delivered,2018-07-06 16:38:58,2018-07-06 16:51:18,2018-07-11 11:25:00,2018-07-27 22:04:45,2018-08-13 00:00:00
ef3308b4c2a242ab54303e2965646069,191f2506c847455793cd0d8651e0153b,delivered,2017-05-08 10:35:50,2017-05-08 10:50:19,2017-05-09 17:01:20,2017-05-17 15:48:04,2017-05-31 00:00:00
9ad3bdfd0a949c2448fcd57f4a334d17,48e84ffd5f006fd62665caa8162d1e5e,delivered,2017-05-06 10:48:16,2017-05-09 09:50:29,2017-05-16 11:54:40,2017-05-24 11:42:15,2017-06-14 00:00:00
c9a7187610e0bf2fb8231f0e278795f3,e6951e1d1f246d3bcd1f319c01eaecf8,delivered,2018-06-29 22:35:49,2018-06-29 23:10:26,2018-07-02 11:18:00,2018-07-13 16:31:47,2018-07-31 00:00:00
f3dfda8fe064d227cee42eb21b73cc69,db6f9af19cfaa6064936f4b3e1097223,delivered,2018-06-18 11:19:25,2018-06-19 03:36:29,2018-06-20 13:48:00,2018-06-25 18:02:29,2018-07-13 00:00:00
0fc664e3e9937dfcef8a126f89b976ad,7e4ff294ab0265ce01c7f95c357f7c07,delivered,2018-08-01 08:12:16,2018-08-02 07:25:08,2018-08-03 12:57:00,2018-08-06 14:51:22,2018-08-09 00:00:00
6bbc1892d79fc89cd656a04b7d96f622,aeca4ed7648c403088113efb0e5a2ba1,delivered,2018-08-26 18:47:46,2018-08-26 18:55:16,2018-08-27 15:45:00,2018-08-29 17:23:43,2018-08-31 00:00:00
6351b80ae9f0c878fd15defcfc6926e7,a7d7e95328382975506f6286a7b6cb74,delivered,2017-09-12 21:44:56,2017-09-12 21:55:22,2017-09-13 18:26:54,2017-10-10 19:04:59,2017-10-10 00:00:00
0a74dbb3f48ca542f83c5911f24e472d,9e39eb9bd22c75888a0672ec4b62d56b,delivered,2017-04-21 21:23:04,2017-04-21 21:35:18,2017-04-24 15:02:27,2017-04-28 17:14:17,2017-05-16 00:00:00
84031ca1ba6b8a439611c94887e380f2,8726bf451df0da9d2feb4ee8665b15c5,delivered,2018-04-17 11:12:07,2018-04-18 02:31:42,2018-04-19 01:02:46,2018-04-24 00:58:29,2018-05-02 00:00:00
3e6a8242ed19ca13a5da5659bc36030f,07c6e5fcb00572b328e792042930c1b0,delivered,2018-04-26 18:20:03,2018-04-26 18:32:05,2018-04-30 06:16:00,2018-05-08 15:22:51,2018-05-29 00:00:00
afc091f97bfa9985b6ab413ad1a9891b,42568702f6b7a0d94ad168a4b1dbe0eb,delivered,2018-08-16 10:46:39,2018-08-16 10:55:56,2018-08-22 14:22:00,2018-08-23 12:33:22,2018-08-27 00:00:00
854b1633927e30873792f06e568ed766,4dd6d98ac5cadd43fde7a222269c90ad,delivered,2017-08-02 01:07:28,2017-08-02 01:23:32,2017-08-03 18:49:44,2017-08-09 20:12:32,2017-08-24 00:00:00
3645c66b5c03384bc97063c45b29acd7,00c042af846ab3125854b4abc3bf25a6,delivered,2017-09-18 22:08:50,2017-09-20 02:35:36,2017-09-20 19:47:35,2017-10-11 20:08:07,2017-10-05 00:00:00
39d4b3308183021b1e0b95b195b4589b,226074d98d9f69790f1d87bb3b1f9cf6,shipped,2017-05-07 12:33:16,2017-05-07 13:10:09,2017-05-10 09:55:59,,2017-05-31 00:00:00
ce8a75d279575fb471682893d3c42079,2a936cbc4a4ff3bbd19517cb70dfcf3b,delivered,2017-08-30 18:05:02,2017-08-30 18:15:14,2017-09-05 12:54:14,2017-09-08 21:13:55,2017-09-12 00:00:00
ec782ac14bf00e8e5a69b7ac88c330e9,485336c26a7b4d105be1a42b12266eb7,delivered,2017-08-02 13:43:18,2017-08-02 13:55:18,2017-08-03 18:32:44,2017-08-11 19:44:55,2017-09-01 00:00:00
a42738f16ac41ee9a00fb0508283dd15,835e2ccdab532dbb2bf4f03247d096ea,delivered,2018-04-14 08:07:22,2018-04-15 08:11:53,2018-04-18 21:56:44,2018-04-25 20:32:44,2018-05-14 00:00:00
c76034c1fb7727deed7b96df139a99a9,b878696ace463ab208c251feb755b66d,delivered,2017-04-02 22:05:26,2017-04-02 22:22:34,2017-04-03 14:40:30,2017-04-06 10:57:18,2017-04-24 00:00:00
28db69209a75e59f20ccbb5c36a20b90,274fa6071e5e17fe303b9748641082c8,delivered,2017-12-19 14:27:23,2017-12-19 18:50:39,2017-12-21 19:17:21,2017-12-26 18:42:36,2018-01-08 00:00:00
441cc7b0d0e6268a3d544d7ac4f1fae9,e924862048255b8fa261c9242f19d697,delivered,2018-06-12 19:40:00,2018-06-13 02:18:54,2018-06-13 13:51:00,2018-06-15 17:14:54,2018-07-04 00:00:00
4f96fcada41abfae96e6d24fd8c69e6a,de3b172ad4e31e88c3c2b44f3df39a83,delivered,2018-03-16 14:11:50,2018-03-16 14:28:59,2018-03-19 20:48:48,2018-03-20 21:47:11,2018-03-28 00:00:00
27a0c2a00aa85ff8202e8bd9c7dbd829,72dcad042bdf5d01a5b6f9c2457c53b7,delivered,2018-04-23 16:56:22,2018-04-24 18:04:44,2018-04-24 19:19:17,2018-05-10 00:09:00,2018-05-08 00:00:00
062ce984a468dfa021e43bdf17ae158c,6962cfc35f21a68b37734f341484b193,delivered,2018-04-26 18:53:53,2018-04-26 19:11:40,2018-04-30 14:00:00,2018-05-07 17:46:45,2018-05-18 00:00:00
2272148d6abbd3d385088f3e101edec9,1041f7da9362e74424e9763777b0f948,delivered,2017-01-30 10:03:21,2017-02-01 04:33:31,2017-02-03 11:06:14,2017-02-09 18:48:40,2017-03-20 00:00:00
c263f74f0ce9f6d9e0f4608a22a67dfd,7dd4ca386e9a4add580925c77a483225,delivered,2018-05-08 08:46:56,2018-05-08 09:09:47,2018-05-08 15:28:00,2018-05-15 13:22:09,2018-06-06 00:00:00
f50bd02311315c46f542964e4abb5886,b8d53017d2a30c3aa5f58a03fd6769bb,delivered,2018-04-30 00:22:24,2018-04-30 01:10:43,2018-04-30 14:13:00,2018-05-03 17:22:27,2018-05-11 00:00:00
e076d90a9dd2b78794850f39bacf0d99,fb1c0b4e14844938d19a4265cb8b2059,delivered,2018-05-09 12:14:58,2018-05-09 12:31:57,2018-05-10 14:50:00,2018-05-16 22:08:31,2018-06-06 00:00:00
c8035c255b0c345f46e7ed85cbaf1a79,ae697bc1ed176e43ee2032cde856bd82,delivered,2018-08-06 11:05:42,2018-08-06 11:15:24,2018-08-15 12:03:00,2018-08-17 01:12:49,2018-08-28 00:00:00
3102ea2ab7ac2a1a88a1286fe68d8ed8,5edca9a028788c636ba7e0cd425ddbab,delivered,2017-08-20 21:29:43,2017-08-20 21:45:07,2017-08-22 18:24:24,2017-08-23 22:41:29,2017-09-11 00:00:00
d4d59632b48a026cbe13a59ae7af6f9b,6e5775324fb719e9fa916772f420add2,delivered,2017-05-19 10:27:43,2017-05-19 10:35:22,2017-05-19 16:08:15,2017-05-20 11:57:49,2017-06-16 00:00:00
00bd8cf08fa3998ea6ad6d16c2165822,03e0ca8ff692a46af071866422dded4c,delivered,2017-12-01 10:47:44,2017-12-01 11:31:16,2017-12-01 22:15:09,2017-12-05 13:20:43,2017-12-26 00:00:00
c2d9d0e0c3a188dd8c70809844767fa5,14b2a904e8bcb72a2bbdbcf5b8e54978,delivered,2018-07-08 14:07:30,2018-07-08 14:25:04,2018-07-12 16:03:00,2018-07-23 17:26:31,2018-08-07 00:00:00
d1571653dd436c147f6898e8cf2ea516,a0f20dc8a88e8cf077ec762de647c197,delivered,2018-03-04 20:39:40,2018-03-04 20:50:36,2018-03-06 00:06:54,2018-03-14 21:31:56,2018-03-21 00:00:00
5db44e5b8064f2de158539b19c8e3ad8,13a6fed7991b5ea1ea707705457e60e3,delivered,2017-07-14 23:36:32,2017-07-14 23:45:07,2017-07-19 20:36:44,2017-07-24 21:59:37,2017-08-03 00:00:00
711f172cadce2c07a025d5b9ad519e36,c0768240269a7174471a124b38b93046,delivered,2017-08-09 12:43:43,2017-08-10 06:45:18,2017-08-10 18:56:38,2017-08-16 19:24:05,2017-08-29 00:00:00
02c279c60b8aafcb89cb42f9bc4b754e,68d7fce44a1b7df663bc8086b9aa5d22,delivered,2017-04-04 23:39:14,2017-04-04 23:50:26,2017-04-05 13:48:07,2017-04-10 14:04:06,2017-04-27 00:00:00
084ba8afde2ae7dcc7610239f97b7d43,5d1f4036c008db431004d390d7920638,delivered,2018-03-12 14:56:44,2018-03-12 15:10:30,2018-03-13 22:32:31,2018-03-19 13:58:49,2018-04-05 00:00:00
6c23e2678bf779526bbb96776800a471,d09feea13dee71db39f02d3ba3030c21,delivered,2018-05-29 18:46:05,2018-05-30 18:55:28,2018-06-01 13:54:00,2018-06-08 15:41:13,2018-07-03 00:00:00
5a1162244090096d45dbdd8c9037a720,5b3733e7ead849aa9e2c7a2e9bb83a9a,delivered,2018-07-16 14:18:24,2018-07-16 14:30:20,2018-07-17 14:47:00,2018-07-25 22:52:32,2018-08-06 00:00:00
735a1710773d59e9194b5851b2e2ecc0,d25b76e1c12a151d2cc509f1dd2ece55,delivered,2017-06-15 15:48:19,2017-06-15 16:02:51,2017-06-19 20:10:15,2017-06-28 12:57:02,2017-07-06 00:00:00
8dbd319d233611ca45b64cc56eac5e34,2ec48d47b79cd3db9fdccb0d4a2b3509,delivered,2017-06-15 22:39:08,2017-06-15 22:55:16,2017-06-19 14:09:01,2017-06-22 15:51:39,2017-07-12 00:00:00
f637d76c398963bc6fd99947a23806f6,d3280ade77adc50bab8f303d92eebb17,delivered,2017-10-15 20:45:47,2017-10-16 20:49:59,2017-10-17 19:10:21,2017-10-25 20:22:26,2017-11-07 00:00:00
16b15be2ea2df8420e6d5de42e45890b,2cae6ef2375a29f6c971569d9627bf16,delivered,2017-12-09 11:23:20,2017-12-09 13:11:05,2017-12-12 21:44:01,2017-12-15 17:22:48,2017-12-28 00:00:00
923765fdb94682f0fa2229c76ba718fe,4e7f50e38bd6c41ce61f46ab4435f0fd,delivered,2017-05-02 21:45:24,2017-05-03 15:25:19,2017-05-05 07:55:33,2017-05-11 10:13:54,2017-05-23 00:00:00
cad8ab3b1083311bd57b8ea9aa7c1c85,b2ad7a5fa95452993d27d6f5bf4847e9,delivered,2018-08-03 12:29:32,2018-08-03 12:44:09,2018-08-14 13:33:00,2018-08-20 22:08:59,2018-08-20 00:00:00
dc71fadaf0eef0d0e2a297673099ab5b,685bbd16ecc319dc3f5945cd9410fd5a,delivered,2017-12-09 17:41:53,2017-12-09 17:50:29,2017-12-11 18:05:32,2017-12-13 20:58:33,2017-12-28 00:00:00
b3be0e1f9679fcd94718c69fa5f585fd,8e54cb7b798db514f7f39bf3c5aef35f,delivered,2018-08-02 13:43:04,2018-08-02 14:04:11,2018-08-23 07:12:00,2018-08-29 12:52:50,2018-09-04 00:00:00
99a88492b8134d8d205a366506800b09,b5051455709f685332176fd8e42f6df1,delivered,2017-04-16 21:21:11,2017-04-18 04:33:01,2017-04-18 13:17:36,2017-05-03 13:59:49,2017-05-10 00:00:00
970345ca1a351f023c4e32e6ab4e8e1d,6135f76a74510c299e41b8b7df992084,delivered,2018-04-08 20:35:57,2018-04-08 20:50:22,2018-04-10 16:27:35,2018-04-14 17:26:34,2018-04-26 00:00:00
543698050075bdc4dccb5009076c552a,e10c12f413255371f0f8f61d0877bdd5,delivered,2018-02-14 10:45:19,2018-02-14 10:55:34,2018-02-17 02:17:23,2018-02-28 14:39:02,2018-03-16 00:00:00
5e55906e7304b26321bddd2cc7c89680,67724c4b3d1d79a671c7a9615bc0f910,delivered,2018-02-09 20:18:44,2018-02-09 20:30:24,2018-02-14 12:58:37,2018-03-09 16:58:33,2018-03-15 00:00:00
91bc515746f412867344f7ee8ce0c60b,7a85b2dba26b2d96a81bb3f4bc3dca5f,delivered,2018-04-15 22:49:59,2018-04-15 23:10:05,2018-04-16 23:32:35,2018-04-24 22:06:28,2018-05-17 00:00:00
0c7c52a4d8b572ef9b01e3cdd38288e6,37c30eff2884832f789f75fc250b87c5,delivered,2018-06-28 18:52:47,2018-06-28 19:11:41,2018-06-29 12:46:00,2018-07-09 22:16:41,2018-07-23 00:00:00
18eff6d147d508df0b175851df5ab20f,63414adf3534c19442e12f9cfba27a70,delivered,2018-07-18 13:52:51,2018-07-18 14:05:16,2018-07-23 13:13:00,2018-08-01 21:04:31,2018-08-09 00:00:00
7c9b7626c3fcc8aa638ece47810323b2,a3de16d0ac4475afea82771732bfc6e8,delivered,2017-04-29 12:52:21,2017-05-03 11:35:36,2017-05-05 09:24:33,2017-05-10 10:57:40,2017-05-29 00:00:00
239d7a25c8271c3a6ea1e303abbfef38,c1430fd5f2db40854fea86246ebfec8b,delivered,2018-01-18 14:35:13,2018-01-19 02:38:44,2018-01-29 21:16:00,2018-02-07 22:42:24,2018-02-15 00:00:00
469d6a541e0585ab746ca1d786223ac9,aaef891a011f9c3533e29fa09e7b2f2c,delivered,2017-11-25 10:40:37,2017-11-25 10:54:47,2017-11-28 19:03:11,2017-12-05 00:52:53,2017-12-18 00:00:00
3426a8ff7d6108c541c7edd4ede5cf18,7d05062f79bacb93b8f83d6da8d1a373,delivered,2017-04-03 15:37:39,2017-04-03 15:50:15,2017-04-05 11:28:39,2017-04-12 17:17:59,2017-04-28 00:00:00
d075def20463f58225a279f6e36d8669,ed633bdf429697a6305355676bf12644,delivered,2017-09-10 21:16:47,2017-09-10 21:25:14,2017-09-11 18:57:40,2017-09-15 18:35:58,2017-09-28 00:00:00
d321a8cd27052ba26f0ad838ce2b70ac,1d08a4fd897ccd9642b0d90f3cf9c68f,delivered,2018-04-24 09:20:41,2018-04-25 04:11:15,2018-04-26 14:19:00,2018-05-05 11:48:41,2018-05-28 00:00:00
504a94f47000f6a46960cfba607df1af,398fbef879bc1849c22a1355c2c9fab8,delivered,2017-11-26 00:08:03,2017-11-26 00:22:15,2017-11-27 15:20:35,2017-12-12 00:51:27,2017-12-20 00:00:00
13f726430863cd4a81b6899e25010475,11e9daf0fd784f9c81aa95c868d18bf4,delivered,2018-07-04 17:30:53,2018-07-05 16:23:38,2018-07-05 13:17:00,2018-07-11 15:28:59,2018-07-25 00:00:00
d35fa2f0829d8cb22065f23bb19a6768,29b9b8b04431dcb4d603a591d8559b85,delivered,2017-07-31 16:03:55,2017-07-31 16:23:26,2017-08-01 20:33:59,2017-09-08 11:36:34,2017-09-01 00:00:00
e24373f05b66f5a4b1e9baf8ce94baad,3eeb68ce636168223e76a15d52f2a3ff,delivered,2017-03-16 09:19:40,2017-03-16 09:19:40,2017-03-27 13:08:28,2017-04-01 09:08:36,2017-04-19 00:00:00
bea4e26a5e3cb0a9eb16c8703a21a7d3,053bc4c013d7589b292fe166ecba6786,delivered,2018-08-21 08:52:26,2018-08-21 09:10:46,2018-08-22 08:28:00,2018-08-29 20:11:53,2018-09-14 00:00:00
53fcc6acefb2363ea775e316c810677b,af3dfc75878f9fd131f5cc38ac036be4,delivered,2017-08-23 09:13:07,2017-08-23 09:25:41,2017-08-23 16:44:10,2017-08-25 15:09:39,2017-09-13 00:00:00
17acaa427382e6481bc67f191687928c,f0504a0309273d480bb2ccda6e2971f0,delivered,2017-09-05 18:35:38,2017-09-05 18:50:17,2017-09-06 21:02:38,2017-09-14 19:37:22,2017-09-28 00:00:00
441adcd852644d2b803a4715aefce03b,63366f54ed6bf30fb17380196327cd6f,delivered,2018-08-22 10:56:54,2018-08-22 11:05:19,2018-08-23 14:24:00,2018-08-24 19:22:43,2018-08-29 00:00:00
9c0776f3465b8aba3e47b9eb0f034360,d42783a0556f58bcd4e6b56c2e1ad0f3,delivered,2017-10-17 00:44:36,2017-10-17 01:20:16,2017-11-29 15:51:25,2017-12-21 19:44:30,2017-11-22 00:00:00
27996b768ff5774e22bb47c13cb1c55b,43a137e2ebbc35bf3e7aa0dad8bc0d1a,delivered,2017-06-08 06:46:08,2017-06-08 06:55:06,2017-06-08 10:46:28,2017-06-19 20:42:51,2017-07-11 00:00:00
a3aede11f4580ce940d4f1287608b834,82aaf39174a8d63cbb372586209315e8,delivered,2018-01-21 13:41:19,2018-01-22 13:50:34,2018-01-25 17:55:47,2018-01-29 19:51:29,2018-02-14 00:00:00
3cb96327ba59861fedc040463ffb2a4d,a506d2120380ab9f2125636cadcbd7b3,delivered,2017-11-24 09:06:28,2017-11-24 09:14:34,2017-11-28 00:09:11,2017-12-11 21:07:13,2017-12-14 00:00:00
4392f572045f074cbfacbb5757ac5405,2a974ce06a6887b9765a5f15f142e33b,delivered,2017-05-29 14:25:57,2017-05-29 14:35:13,2017-05-30 11:26:13,2017-06-02 13:36:13,2017-06-09 00:00:00
f71d58fa033d5d4e4425df56015ad62d,98290b31d96016189e57f0516fbb645b,delivered,2018-05-13 07:12:41,2018-05-13 07:32:20,2018-05-14 11:01:00,2018-05-18 20:12:24,2018-06-12 00:00:00
72b96eeec6f77bbfdc38148e46667c01,1f4a796fffd3658cd8c1880dd0e80aaf,delivered,2018-07-25 19:48:49,2018-07-25 20:04:37,2018-08-07 14:05:00,2018-08-13 15:03:09,2018-08-30 00:00:00
33ab677344c9faee8b18f69d606bb153,497a7fc6471b690ffcbd2836cc61b636,delivered,2018-01-06 09:51:46,2018-01-09 07:17:30,2018-01-15 10:06:01,2018-01-25 20:06:38,2018-02-06 00:00:00
f4e085544efde9d6743c281b3454a482,99807c5c57f7fc9155f43f804e1d2ccd,delivered,2017-11-21 07:13:41,2017-11-21 07:19:50,2017-11-22 20:48:28,2017-11-23 14:28:31,2017-12-01 00:00:00
dd691e4f12c592067339680ffc3dd443,73aec6e82be391e000b53c52574825c9,delivered,2018-01-04 22:02:09,2018-01-04 22:13:30,2018-01-08 14:26:19,2018-01-17 19:34:58,2018-02-02 00:00:00
af2bfbdf0c8be1e12b54c65605a0214b,a0046faee0167291def69406e65eb9fa,delivered,2018-04-04 13:11:39,2018-04-04 13:30:04,2018-04-05 21:40:49,2018-04-11 21:44:27,2018-05-03 00:00:00
dd93431d53b71db818ff6be24051ee98,938670a1c800ad8e076ed4d62c5bb15c,delivered,2017-10-03 15:36:11,2017-10-03 15:49:35,2017-10-04 15:47:30,2017-10-09 16:47:06,2017-10-26 00:00:00
167d05678f810589a854d30460ae62f0,37ae23e3c8ce808a4ba0c0711706b956,canceled,2018-02-03 22:58:58,2018-02-03 23:10:27,,,2018-03-05 00:00:00
d2978c1c5c6b9400dfa6a1c08f735314,52a5fb5d3d2d10f86a4849fafa03b059,delivered,2018-02-19 21:05:48,2018-02-19 22:07:31,2018-02-21 13:25:04,2018-03-13 20:37:24,2018-03-14 00:00:00
eddc2675550fd30e8c067b3fdd08ad60,31d05071d825012bb7bc43970263e98f,delivered,2017-11-09 12:38:48,2017-11-10 03:06:44,2017-11-15 00:17:45,2017-11-22 22:38:56,2017-12-06 00:00:00
f599acb00d4cb6e90d83d34a56c71ded,3f7f23ed8d031eb101832774a9a4622e,delivered,2017-12-14 22:02:56,2017-12-16 21:58:22,2017-12-19 02:03:12,2018-01-07 15:47:15,2018-01-16 00:00:00
09233a8391db7e924af12815e4c07423,7b9b8d7961c1d95d51f951fd8fb67229,delivered,2018-06-11 13:11:43,2018-06-11 13:38:30,2018-06-13 14:38:00,2018-06-20 16:37:40,2018-07-05 00:00:00
32a0d90ee681f59e353de7e3a1b46fb4,0548553d5a48db3e51de97645681dff4,delivered,2018-01-17 15:35:49,2018-01-17 15:49:00,2018-01-18 14:59:00,2018-01-23 21:04:48,2018-02-07 00:00:00
24608c1bed92ba4666829514c1a408b3,122e9095f8d088c0976aca2c3ca49cff,delivered,2018-05-15 19:05:09,2018-05-15 19:36:00,2018-05-16 13:36:00,2018-05-21 18:48:23,2018-05-30 00:00:00
aca6f9ca2dac5791ddb1f8d760ec394b,09451703baf04a7c8144b467d5e0ff69,delivered,2017-02-17 12:04:05,2017-02-17 12:33:34,2017-03-15 15:21:28,2017-03-28 13:49:56,2017-03-30 00:00:00
c2b1c0fcdd5d03ed47f2b02494cdbc63,78078075e327093313db151ad0db0e38,delivered,2017-11-30 13:31:19,2017-11-30 13:52:17,2017-11-30 23:16:46,2017-12-12 20:58:50,2017-12-28 00:00:00
2db85f39c0e605e5805b261330701dd1,c4f4c92c98c75c639dc45ea2484f6cc3,delivered,2018-02-17 09:27:33,2018-02-17 09:35:25,2018-02-19 22:42:54,2018-02-27 17:57:13,2018-03-09 00:00:00
c1686c44f72ecd55b0d2d8ed6fcf8993,392c57b495fda16c57f193f52a612cae,delivered,2017-06-22 17:29:27,2017-06-22 17:42:55,2017-06-26 14:04:51,2017-07-04 14:59:52,2017-07-14 00:00:00
cdbd981121b82988cdb4bc8229598984,f8ce7a62fd76b4ba3d39558b073cfdca,delivered,2018-07-23 17:07:54,2018-07-24 11:32:28,2018-07-24 13:30:00,2018-07-30 20:12:20,2018-08-07 00:00:00
168777f697d19208fbd441b4029e441a,bff2b870ee120640525a516318df69f2,delivered,2018-04-23 14:00:56,2018-04-24 18:27:57,2018-04-25 12:24:00,2018-06-05 16:20:41,2018-06-01 00:00:00
4bee560781d45bb4b18efd58fef1901e,17bf9cb64d60724e449971a027dba7c8,delivered,2017-02-09 21:18:21,2017-02-09 21:30:18,2017-02-13 16:18:49,2017-02-16 14:51:37,2017-03-08 00:00:00
05deb664157a8c5022b440fc420bb397,060a46317755b43c75aa45102a4e96d8,delivered,2018-07-21 19:55:08,2018-07-23 16:00:18,2018-07-25 13:01:00,2018-07-30 16:22:00,2018-08-06 00:00:00
8d40792ea358f1d5c975203262ee7b69,6e26529dbebe3bc1778b3e8d7e5519ff,delivered,2018-03-03 17:39:37,2018-03-03 17:50:25,2018-03-05 17:06:48,2018-03-06 18:38:41,2018-03-15 00:00:00
2199c1bff4b83c7fbfe37f9f8818326b,526309529ffe0014a0638effb87237a4,delivered,2017-10-09 16:11:10,2017-10-09 16:40:33,2017-10-10 17:58:28,2017-11-06 17:34:32,2017-11-01 00:00:00
7ed1a2f3ef5fbdb8ebf4c688924f5aee,df6cdf2fd963b603572592b0cbc34fc2,delivered,2018-04-25 08:43:34,2018-04-25 08:55:31,2018-04-26 15:41:00,2018-05-10 13:03:49,2018-05-23 00:00:00
0b3d8a1bbaa4e340e25adfd640f70308,62d5c37f279182017dcd13820676a511,delivered,2018-04-13 01:14:51,2018-04-13 01:30:21,2018-04-13 19:18:37,2018-05-07 21:11:43,2018-05-16 00:00:00
17cb23af289c0b034d217eafe2b2e1df,c6cd6db85ac028c06f0efcce7c6966cf,delivered,2017-06-08 23:28:16,2017-06-08 23:42:48,2017-06-13 18:26:05,2017-06-21 18:13:40,2017-07-03 00:00:00
ac12973b4466733690a5b35ee30d724e,ee639599beb251bdf7ac32b18eafcfaa,delivered,2018-01-16 14:27:31,2018-01-16 15:31:13,2018-01-19 14:35:26,2018-01-30 01:46:10,2018-02-15 00:00:00
b460e718be1fd4349fed54e71daebf34,c168fc2e44475a05d8beb04c4dbc6efb,delivered,2018-04-18 17:13:51,2018-04-19 17:10:21,2018-04-23 18:16:49,2018-04-26 19:18:23,2018-05-23 00:00:00
4ec16f88e884232366f73009df2bf045,cf707e5e149e0b146eaa8e9184d169f2,delivered,2017-08-21 01:18:30,2017-08-21 02:00:07,2017-08-22 13:42:41,2017-08-24 17:27:49,2017-09-19 00:00:00
2522de34f8d922703d83ac636084a756,94894dec203353d879dae7022d5db71b,delivered,2018-01-09 15:10:11,2018-01-10 10:32:29,2018-01-10 16:17:51,2018-01-22 21:29:45,2018-02-06 00:00:00
d88ce3edbe731c4fe4f4c205ab3a6248,f26b410808fdb0025e406bb921bd96b2,delivered,2017-12-10 23:51:42,2017-12-11 00:10:30,2017-12-12 18:32:12,2017-12-14 22:37:07,2017-12-28 00:00:00
85f7f388139247ec5874f8f9661b4a06,64e00c48e9852f20e8be89c82e103c8f,delivered,2018-06-21 10:56:10,2018-06-21 11:17:45,2018-06-21 13:30:00,2018-06-26 20:12:05,2018-07-04 00:00:00
acc63e67e1183626b3dff99dc8c9f9b6,416550c3b1ff8516b6473558a1200b74,delivered,2017-09-25 12:50:52,2017-09-26 03:56:26,2017-09-28 17:40:09,2017-09-29 18:09:18,2017-10-11 00:00:00
c103d6905dc7e83d02a0f86e5a0ba4bb,8c763c3e83172b8db94557e640629805,delivered,2018-03-09 20:45:07,2018-03-09 21:20:31,2018-03-12 23:08:34,2018-03-28 19:08:46,2018-04-03 00:00:00
e33660972fa3937195ecd1545a4e96ca,cd68853f94214504998f9e7945a8a58a,delivered,2017-10-08 09:49:25,2017-10-10 03:28:40,2017-10-11 11:33:19,2017-10-24 13:21:14,2017-11-10 00:00:00
02905bba6aafd777542dacbfa8f4bc2d,d74c3362224f461a90b59790374dd103,delivered,2017-12-09 18:24:30,2017-12-09 18:32:25,2017-12-13 12:14:45,2017-12-26 22:24:45,2018-01-11 00:00:00
de6385a70e9d74e2aa426dcf6d21c9e1,5b31ca47a253eec5597a8341522d62ac,delivered,2018-04-22 12:37:46,2018-04-24 19:04:32,2018-04-24 16:38:36,2018-04-26 00:58:43,2018-05-09 00:00:00
7f6aacad04768429ee0301c97da50b35,524735cfd75059d221644c56eb7bbbf2,delivered,2017-11-16 18:03:55,2017-11-16 18:36:19,2017-11-22 18:38:31,2017-12-05 22:58:53,2017-12-11 00:00:00
95a7461400781a93765157b8f5fa2b6a,3887ca56ecb04770a526eeb6898db6b9,delivered,2017-02-22 17:50:33,2017-02-24 02:42:28,2017-02-24 15:27:52,2017-03-09 05:26:33,2017-03-27 00:00:00
36f3a1a2733d64350c4532c5cd77bdc8,5de86cf0d73a30ebd15d3f49f8256c3e,delivered,2018-05-15 21:02:13,2018-05-15 21:15:24,2018-05-16 14:45:00,2018-05-22 16:48:47,2018-06-04 00:00:00
8b32d043b4691117dda2b93f3a18fd8f,5068221f7159ac660e033a6d82f15edd,delivered,2017-07-14 22:41:41,2017-07-18 05:50:30,2017-07-21 20:55:51,2017-07-28 19:03:33,2017-08-10 00:00:00
e2d0dc3c743b5c8af5b6d15458f10a5c,99048bbaf712ed26c3641bf889762e87,delivered,2018-06-06 10:21:22,2018-06-06 10:35:11,2018-06-06 12:54:00,2018-06-07 19:32:36,2018-07-03 00:00:00
524dd16d182003f56199d068e2a1d50c,34fd3bf947541e5fe1b5d915492342e7,delivered,2017-09-25 11:22:41,2017-09-26 03:56:31,2017-09-26 20:32:46,2017-10-02 14:15:21,2017-10-17 00:00:00
f46e4f5d8a19ca64b1781bf227b9ee19,fbfbc2a596dcca8c7829d9d24787c232,delivered,2017-08-10 16:54:23,2017-08-10 17:04:08,2017-08-15 15:45:55,2017-08-16 19:05:00,2017-08-25 00:00:00
5cdfbcdf87a3a8989d40dd920c8812a1,83b9b5e6f52a2d64c80056b2a8ae0789,delivered,2018-03-14 13:51:42,2018-03-15 13:49:31,2018-03-19 17:56:40,2018-03-26 15:47:48,2018-04-03 00:00:00
4ecf6661d9cc1c3eceb0a36a53083318,10ac88ea3693b00bd942c769a4c0a29b,delivered,2017-11-24 21:36:19,2017-11-28 03:19:23,2017-11-28 19:21:13,2017-12-27 19:35:47,2017-12-21 00:00:00
366df9c0b0d5d46f8afc476dc4ca7671,53996870173a3a001a1fb56ef00b9150,delivered,2018-01-11 14:50:57,2018-01-12 02:38:20,2018-01-12 21:33:11,2018-01-30 22:42:50,2018-03-01 00:00:00
1734eb8be40c91938e56f9d245b636a5,6427d03ab887d0eaa03271f68550c277,delivered,2017-04-28 23:06:11,2017-04-28 23:15:20,2017-05-12 13:51:47,2017-06-12 15:53:31,2017-06-06 00:00:00
a7201130e7b241aaacadabec4aa27640,630700811b97664ca0de6e92cd3f8567,delivered,2017-05-28 15:26:27,2017-05-28 15:35:17,2017-05-29 09:28:07,2017-06-01 11:57:25,2017-06-21 00:00:00
2179f6c7ed393f3abe065e8d69e7ed1e,331f1be9df6d6b0b3f3d70510ebe5038,delivered,2017-09-05 09:03:33,2017-09-05 09:15:23,2017-09-06 19:39:58,2017-09-14 20:18:02,2017-09-25 00:00:00
4579e3f6942a0728b34083a4e28bbb3d,5b16f8c57dc45e6afd9f5c8a9a5cca6a,delivered,2017-11-15 20:19:20,2017-11-15 20:35:20,2017-11-16 17:19:12,2017-11-28 23:09:01,2017-12-07 00:00:00
360f4f2ab1b5411602a11788571c950b,a6147980d9f0912199d92664aa267115,delivered,2017-03-23 12:31:36,2017-03-23 13:06:34,2017-03-24 14:06:45,2017-04-04 15:54:38,2017-04-18 00:00:00
d7dae570e71ae10816a515139d00c985,1a91044c404f63d4fee2cc3d3c3bda43,delivered,2017-09-30 10:17:04,2017-09-30 10:28:20,2017-10-02 14:04:02,2017-10-09 15:16:08,2017-10-24 00:00:00
5b585b8178b9e47c6d423e0e79f415af,36280de836e519ab5004690b9219df9b,delivered,2018-01-18 23:04:36,2018-01-18 23:16:40,2018-01-22 22:07:43,2018-01-30 20:21:43,2018-02-14 00:00:00
c3dccfbe66b74ceabbf7dccf02e1a56a,b225c8ec2dcfe0d944358115806f4eb2,delivered,2018-02-20 11:29:29,2018-02-21 07:15:30,2018-02-21 22:22:35,2018-02-23 17:49:41,2018-03-09 00:00:00
ec3cb679fa9b3980e072558009c51b62,788c4f468662b94cb38db71ab5d5e177,delivered,2017-12-21 16:43:02,2017-12-23 02:13:34,2017-12-28 22:29:01,2018-01-08 20:16:10,2018-01-15 00:00:00
1f10d8242e602a2a444715754f739d95,10e7df1fea47e793e686f3cd6eda793f,delivered,2018-05-08 13:05:49,2018-05-08 13:35:05,2018-05-11 10:44:00,2018-05-17 20:38:43,2018-05-28 00:00:00
6b9f14d8f9da9c5626af3b152be03417,3f20d7b309134d57f870e9aa42a70e58,delivered,2018-05-18 06:51:16,2018-05-18 07:16:25,2018-05-21 06:56:00,2018-06-09 16:12:18,2018-06-22 00:00:00
0a93b40850d3f4becf2f276666e01340,a70076d8d4bfce15f8081951c43bf187,delivered,2018-01-20 14:24:50,2018-02-20 11:51:27,2018-02-21 19:34:13,2018-03-02 22:37:49,2018-02-23 00:00:00
86f1238d241a48cdbedf1a46d8532ded,6e68da0701c0b489f68c86b9546cfbaf,delivered,2018-08-09 14:50:55,2018-08-09 17:10:16,2018-08-10 13:04:00,2018-08-16 18:51:05,2018-08-23 00:00:00
bb034421133f5da6a22bc765fcf55432,f8be79366225c3a37623f18429daeb5b,delivered,2017-11-15 12:14:59,2017-11-15 12:26:32,2017-11-16 17:51:05,2017-11-28 21:42:23,2017-12-05 00:00:00
7c9454e9734bcf938b5b50af50269688,0c95ec410545d4fde2108fc69a4391cc,delivered,2018-04-22 11:49:37,2018-04-24 19:07:31,2018-04-24 23:41:23,2018-04-25 15:48:36,2018-05-08 00:00:00
2f5e0cdd8a9e16411337f432e62c1d0d,0f75cbfb0c5e796f04aadbcfad534f41,delivered,2017-05-08 16:24:13,2017-05-09 09:42:57,2017-05-09 13:44:00,2017-05-26 09:46:28,2017-06-08 00:00:00
d8ca01db323262db3d732811e9a77985,60643e7dd54b6ce6d2c64b4779ae4f7c,delivered,2018-02-20 22:38:24,2018-02-20 22:50:34,2018-02-22 18:25:11,2018-02-23 21:52:19,2018-03-07 00:00:00
ddbb7810ee091e41be585fc08828020f,7333d9665cafc87becd764fb7313cf96,delivered,2018-04-29 19:52:54,2018-04-29 20:15:17,2018-04-30 14:13:00,2018-05-03 14:04:19,2018-05-15 00:00:00
5ae255c95ad57c93f6b3a623b8b5505f,518392ac26dfa5e6deef71cbd0024e96,delivered,2018-06-03 20:34:16,2018-06-03 20:49:50,2018-06-04 09:42:00,2018-06-06 22:56:44,2018-06-28 00:00:00
21a17809c28668e0099cb74b70fd32d6,f18d2595eac17950c2b2056ab2ec1047,delivered,2017-07-17 16:21:05,2017-07-18 13:15:15,2017-07-18 22:32:58,2017-07-26 11:05:00,2017-08-16 00:00:00
cb43135710027c5812dd0fe65691c636,29d073bf5f27b91629dc0eff223db423,delivered,2018-04-22 22:28:24,2018-04-24 18:14:36,2018-04-24 23:53:33,2018-04-28 15:37:25,2018-05-07 00:00:00
62c18915e77e470dc2132df9788ac115,52027f9a9f238318ca124a39d466ba36,delivered,2018-02-08 17:45:03,2018-02-09 17:49:21,2018-02-14 18:48:44,2018-02-20 18:42:15,2018-03-05 00:00:00
929ccb6e3021ed4afe8860fe50791967,0e37bb448c582d68bb726f589606454e,delivered,2018-07-04 00:20:29,2018-07-05 16:32:36,2018-07-04 15:16:00,2018-07-10 21:58:58,2018-07-26 00:00:00
53622f13efcb7f159787ccafac6626cb,002ef7e55600d44ead53f7c1644e5222,delivered,2018-06-19 21:08:43,2018-06-19 21:35:25,2018-06-21 13:49:00,2018-06-26 14:41:59,2018-07-17 00:00:00
b47e5f219beebf1ec0bea2ea907f6e64,34dab2d29e7a5017203b99b484a80c96,delivered,2017-09-12 16:06:10,2017-09-14 02:45:41,2017-09-14 17:25:41,2017-09-21 17:48:03,2017-09-29 00:00:00
b6fbf15260de2095643a4aac7876872c,4e887b542cebd1c7004bf702b5df85b6,delivered,2017-10-22 19:08:42,2017-10-22 19:26:04,2017-10-23 15:28:58,2017-10-26 22:07:36,2017-11-14 00:00:00
8e8fd35f123c37a32c0f82ceacc32bf7,549872714e135a3f8b09a89c9698a4a0,delivered,2017-04-30 12:05:38,2017-04-30 12:15:27,2017-05-03 12:06:00,2017-05-08 12:33:47,2017-05-29 00:00:00
168bda17add369de7d250129f41c6fb2,95e37e43c03cc2031a994c5a554991e7,delivered,2018-02-21 13:37:41,2018-02-21 13:51:09,2018-02-28 00:27:53,2018-03-05 18:24:59,2018-03-16 00:00:00
59ac31de88c9c4b239aeee82c6a0596e,93db14e9f3ba76bd4f9583340b206ddc,delivered,2017-04-09 06:03:31,2017-04-09 06:10:07,2017-04-11 06:28:00,2017-04-20 17:46:41,2017-05-22 00:00:00
5bd2f4fa37e9c9eef9ad8e5ebe35c731,d0bf4e8b500496185217d29fdfd36b9f,delivered,2017-04-18 10:25:28,2017-04-18 10:41:59,2017-04-24 06:28:36,2017-05-03 07:19:44,2017-05-17 00:00:00
b85e1b372d0db7f012b00a46dfea2423,f1b3e1386c39600aab160b41b275807a,delivered,2018-06-21 12:07:18,2018-06-21 12:40:43,2018-06-22 14:01:00,2018-07-04 17:48:29,2018-07-25 00:00:00
e62274be42947be4c32c94897e0114ff,d4f64424d3d22a7842378a7e39900130,delivered,2017-05-18 14:57:13,2017-05-18 15:10:19,2017-05-19 10:42:25,2017-05-22 13:24:09,2017-06-02 00:00:00
be9c47a423439fee2d195e6acc9b0253,eb4c67f3bbaa98e8f14aa56e308fdc25,delivered,2018-03-03 14:04:59,2018-03-03 14:15:33,2018-03-06 04:17:16,2018-03-12 14:56:31,2018-03-21 00:00:00
64d7ed1c4e843c97738d861140943a73,dd68aa8587cf16acac6821866ea125a0,delivered,2017-11-15 13:08:05,2017-11-15 13:26:53,2017-11-17 16:21:56,2017-11-21 23:32:31,2017-11-29 00:00:00
4baf4e226efff68fe5996f63da09745f,3e72cf70e1b7a330665422959c3fe43b,delivered,2018-06-12 21:45:37,2018-06-14 03:08:33,2018-06-14 13:48:00,2018-06-22 21:06:23,2018-07-03 00:00:00
60d576675057bc52504462b5bf4f5085,1bb9fea5f63e1de6453a843c7d19998b,delivered,2017-04-12 16:29:23,2017-04-13 22:15:19,2017-04-20 08:41:43,2017-05-05 15:08:06,2017-06-01 00:00:00
eae7cb46499add9ed7ea74952c040ddb,d827e5a01164c0de3239a95cb12774c9,delivered,2018-05-01 22:49:22,2018-05-01 23:12:25,2018-05-03 16:30:00,2018-05-10 18:06:59,2018-05-23 00:00:00
4505acb3759da6b9c7d79a80d29ab3bb,a35878bee339b45240b5a327d933509b,delivered,2018-08-06 14:32:27,2018-08-06 14:44:46,2018-09-11 19:48:28,2018-09-19 16:44:44,2018-08-17 00:00:00
60535257c5bf7cd3e7cb86e1c824809e,028b14fcf4455f6be9930c762c27389d,delivered,2017-12-22 11:13:31,2017-12-22 11:31:20,2017-12-22 20:57:16,2018-01-08 19:32:53,2018-01-23 00:00:00
a72fc5669df669ab2c501cd323698fac,05ad4097a892d5d8163107dd0bc3ca2d,delivered,2018-02-27 21:15:55,2018-02-28 12:50:25,2018-03-02 17:17:05,2018-05-12 19:38:34,2018-04-13 00:00:00
cd693dfb1e36f241134f4ed028b11a71,ed7851a33e02f8d182f119964879c111,delivered,2018-04-09 16:12:05,2018-04-11 09:11:52,2018-04-12 23:44:54,2018-04-16 12:49:00,2018-05-02 00:00:00
f973d0ce8c26b450f3c57eae24f60f17,9f6f0cee8602770775a49c8a20d2053d,delivered,2017-03-19 14:45:15,2017-03-19 14:45:15,2017-03-21 15:08:28,2017-03-24 14:53:08,2017-04-10 00:00:00
f96ae3b7b3fa4a0b2644a183d6cb620d,091f379e0aa95540e88e00f455738fd6,delivered,2017-02-07 17:12:52,2017-02-07 17:25:24,2017-02-09 09:34:16,2017-03-03 11:45:40,2017-03-20 00:00:00
7f3ad8f12fb1f6bf1858c175fcd4ab79,bc84a275a23f602e572ab923a8156c4b,delivered,2018-08-08 17:43:21,2018-08-08 17:50:20,2018-08-09 13:04:00,2018-08-13 18:18:33,2018-08-30 00:00:00
2e6d1a5b1078618ff4227f69b4b37e3b,786015ac3bb1bfad334407e389dbfe26,delivered,2018-06-13 22:11:25,2018-06-13 22:40:16,2018-06-14 14:54:00,2018-06-30 12:41:09,2018-07-17 00:00:00
443cb0e10e1568b0aedc7e11ab91dd2f,ecaeabaa3109d6a613f300679354d494,delivered,2017-04-11 12:35:07,2017-04-11 13:05:24,2017-04-13 14:28:25,2017-05-02 14:27:51,2017-05-18 00:00:00
0340d758cc0da066316cbc55fb7f7596,4ccb9f83aedb33faa7a13cc3ba34a56e,delivered,2018-02-20 08:48:01,2018-02-20 12:40:31,2018-02-26 19:10:14,2018-03-16 20:22:00,2018-03-16 00:00:00
1e87dca4d39ae9a59772ece01d399508,2bef2cf57664bed5e4af09e848611161,processing,2017-11-25 09:08:06,2017-11-25 09:16:27,,,2017-12-15 00:00:00
6ebb33b8e0afab10328a6580a1c54be9,7f459c77e3b1f10548d4b553bddf3f6d,delivered,2018-08-25 12:54:41,2018-08-25 13:10:17,2018-08-27 14:13:00,2018-08-30 14:07:44,2018-09-06 00:00:00
e348340be1b89ce72632697b8fb283ea,e1a63a1f6fba5f944265e83f039868de,delivered,2017-05-29 23:27:34,2017-05-31 06:50:51,2017-05-31 10:43:08,2017-06-01 13:45:57,2017-06-09 00:00:00
c2aa930596277db8a490948feb446df4,6c769db0ae5e4b009eea220b38948f7e,delivered,2017-09-11 18:09:30,2017-09-11 18:24:01,2017-09-14 20:27:55,2017-09-25 18:08:08,2017-10-02 00:00:00
c27bfc90d25a350821474bf11c8a00b6,bbeed9ea963b0243e31ea610df45d08f,delivered,2018-08-17 22:46:27,2018-08-17 23:09:32,2018-08-20 12:15:00,2018-08-30 16:16:34,2018-09-05 00:00:00
84ea57ede61b36c279a88c9fb36fe3b8,934f2dea4a793525af83a26b13fec421,delivered,2017-11-10 15:04:28,2017-11-10 15:25:34,2017-11-14 22:28:34,2017-11-22 19:58:33,2017-11-30 00:00:00
ded23cb7c51665ec4015e629297ebaea,7f0b0af2dbdab9d01ccd55d267db69f7,delivered,2018-08-09 15:12:43,2018-08-09 17:24:46,2018-08-10 11:32:00,2018-08-24 08:44:22,2018-08-27 00:00:00
9dc716765847e0436278efdb22248d1a,0505fd0a593f5eb5078c380b6761e43b,delivered,2018-04-12 04:58:12,2018-04-13 12:50:34,2018-04-14 00:18:29,2018-04-20 13:32:49,2018-05-08 00:00:00
30f8d07f72dd2d73a608b365a861f3e2,351a70ced211e5f92c119a0b7a72090b,delivered,2017-11-27 12:55:58,2017-11-29 22:40:12,2017-11-30 21:59:07,2017-12-01 19:27:53,2017-12-11 00:00:00
91126b5e0117a1cb0c97cbdedc8184a8,3b3d78c1656e30478b0695716270bbf7,delivered,2018-05-21 19:06:15,2018-05-21 20:15:19,2018-05-22 14:12:00,2018-05-24 23:18:41,2018-06-04 00:00:00
fbbe0010317b3629aad1474e5a7da889,6e1e37075383c4e314d942240078141e,delivered,2018-04-12 15:49:12,2018-04-13 02:31:48,2018-04-13 22:08:48,2018-04-23 16:35:42,2018-04-30 00:00:00
0dd88bb98efb144f8678e3144b5180ff,7cb7be566d38ff4a74f7754dc4b8bbc9,delivered,2017-11-29 21:45:44,2017-12-01 11:31:39,2017-12-14 11:35:17,2017-12-26 15:49:57,2017-12-28 00:00:00
bf0c0d33cf9669fc42bb3846dd24bbce,e1cd35b190e8d2206aaaa67610b15b68,delivered,2018-06-15 20:17:22,2018-06-15 20:41:15,2018-06-18 19:43:00,2018-06-22 20:36:19,2018-06-28 00:00:00
1def7af24cb7182497acfd953f6dd88b,b35c38c2cd6a72b58cb104154d9782e4,canceled,2017-12-21 09:22:36,2017-12-23 02:12:37,2018-01-30 19:28:55,,2018-02-20 00:00:00
4501d0b820f14b169af11308055974e2,a7ab99ddaf3866caaac9ab716d534533,delivered,2018-08-16 09:22:31,2018-08-16 12:05:44,2018-08-17 14:53:00,2018-08-20 15:04:25,2018-08-21 00:00:00
7589a45ee0f486fadca379c4e32425cc,684ab30ca29cd09ddffe94e22de57a8d,delivered,2018-04-05 11:36:41,2018-04-06 03:10:16,2018-04-10 00:35:40,2018-04-10 16:58:44,2018-04-17 00:00:00
6eb2780615aa0cfbaaef6c8d0aec411a,09f5cf3f546f034dba3dffbe08fe48ec,delivered,2018-01-22 07:15:14,2018-01-22 14:11:53,2018-01-31 20:46:01,2018-02-09 13:50:59,2018-02-06 00:00:00
2ad4b2ebb217758686f791210a03d02a,b29211d4f2e7978e2c70d0fbafed00a8,delivered,2017-10-02 19:26:26,2017-10-02 19:49:12,2017-10-04 08:33:59,2017-10-09 19:04:17,2017-11-08 00:00:00
c0111339b0262577145b10cc59a10060,85d9470a006fd8c3ae3a3f7419b31573,delivered,2017-05-21 13:13:40,2017-05-22 13:23:08,2017-05-24 04:52:14,2017-05-29 11:32:16,2017-06-20 00:00:00
117f055ca23c0229d5cef27ba164f90d,064accf938ee163832a42a0aee505c25,delivered,2017-12-09 15:18:15,2017-12-09 16:01:22,2017-12-13 17:41:04,2017-12-15 23:32:24,2017-12-28 00:00:00
ccc88b02740910fc7acbb81f78827e38,f072b86e7d9e54f95e3dc4854fddeb3d,delivered,2018-01-15 21:23:17,2018-01-15 22:30:36,2018-01-16 22:18:56,2018-01-24 17:37:26,2018-02-15 00:00:00
b6b9f5144b004ad3db40567cdce34811,8fdfa85118487910ecb24477b00c6ae3,delivered,2018-04-30 10:10:48,2018-04-30 10:31:13,2018-05-07 14:04:00,2018-05-14 16:37:46,2018-05-17 00:00:00
dd8a350a80cdda9148a3c806549d2720,83b375fac933deab3c14457b21418268,delivered,2018-02-14 18:38:26,2018-02-14 18:48:05,2018-02-16 00:14:52,2018-03-26 14:29:25,2018-03-13 00:00:00
44af3ebb46b0fa7f9ec19a2a3e49d3c1,4c2476d4bcf9b366b70d1616ac2ecd62,delivered,2018-06-22 21:20:56,2018-06-22 21:58:37,2018-06-25 15:27:00,2018-06-29 22:14:30,2018-07-20 00:00:00
7641f7e65307ee2737e85f193941b4ae,9c172856f3cb8fd7eb774fdab3086b75,delivered,2018-01-21 16:23:03,2018-01-22 13:55:02,2018-01-25 19:55:46,2018-01-29 20:16:10,2018-02-06 00:00:00
b6658ba6ace73d4a24ff0b48662ec452,9cb64d5848fb5911adb3b50bacb0b051,delivered,2018-06-25 12:37:03,2018-06-25 12:54:29,2018-06-26 12:44:00,2018-07-03 03:46:28,2018-07-17 00:00:00
e61fbcff88b2b5f9097a31d1f3dbb1d6,2164e53f1c9a5e34acddcfa68e62d461,delivered,2018-06-11 09:16:05,2018-06-11 09:38:00,2018-06-14 14:20:00,2018-06-19 23:24:43,2018-07-04 00:00:00
717422da33a6dfea9fe02c801b3a708c,04522f4ad5dde9b24196eb897e32710f,delivered,2018-05-09 09:52:59,2018-05-09 10:15:05,2018-05-10 09:50:00,2018-05-15 13:21:02,2018-06-11 00:00:00
ae443cb420061bab1f2c5e3ad279fde8,3d59638a168c209ccb33a27424fc06da,unavailable,2018-03-03 09:32:36,2018-03-03 09:48:36,,,2018-03-28 00:00:00
39fdb37dae517d0d4185d590337aff82,09e2f116cdbdd143542837276b1e91ea,delivered,2017-03-11 12:39:28,2017-03-11 12:39:28,2017-03-13 11:23:01,2017-03-20 04:38:44,2017-03-30 00:00:00
81d550d68045ea1051617a303020f9c1,52d0c9da7a7e0a0b9596311b1f6b5c75,delivered,2017-02-14 18:57:28,2017-02-14 19:05:16,2017-02-15 09:25:48,2017-02-22 17:06:47,2017-03-31 00:00:00
a3cec8fb296bfeb57c9f6265048b23ef,8fb755ecb504828af36b83579b201271,delivered,2018-05-14 21:36:13,2018-05-16 03:15:11,2018-05-16 10:35:00,2018-06-01 22:18:54,2018-05-29 00:00:00
c7c3e79f06b8145a28173b23f581f84f,c0dc718fcba0e8a75e539cab62e5e979,delivered,2018-07-17 21:31:20,2018-07-17 22:35:22,2018-07-18 12:21:00,2018-07-24 15:18:33,2018-08-17 00:00:00
42e9af98d600b96e51f57f1cd3d1529d,e0371feeca60d2f50eedb7a969eff167,delivered,2018-08-08 10:28:22,2018-08-08 10:45:42,2018-08-10 14:33:00,2018-08-13 22:41:55,2018-08-13 00:00:00
95f4b06290fe4b512aa80e31ca5afabf,448fa23d8ba58397175a85406c87b243,delivered,2018-02-16 15:35:57,2018-02-17 03:35:44,2018-02-20 01:46:41,2018-03-05 21:38:36,2018-03-26 00:00:00
72e2c4bbd8ad5d2eec29b795d95afbe2,c600a87c893e7afd5ad653f2340e4e75,delivered,2018-04-16 15:12:57,2018-04-16 15:31:35,2018-05-09 10:28:00,2018-06-05 14:17:02,2018-06-18 00:00:00
8cbd694bc3280b8cbc9120d759a30b0d,afb66b2191bb6c27a3014bf59c52e487,delivered,2018-07-15 10:46:26,2018-07-15 10:55:16,2018-07-31 13:00:00,2018-08-09 19:49:48,2018-08-06 00:00:00
81a37715c2240c1701ab6b81bb52e737,df502ed1401ddf419c212172aa486e71,shipped,2018-05-08 22:12:45,2018-05-08 22:31:50,2018-05-09 10:13:00,,2018-05-25 00:00:00
ac6883abec7c5543bb89d05903f1cf5d,84753c5501b169c54f67ca98918de0cc,delivered,2017-05-18 17:48:41,2017-05-19 02:35:17,2017-05-22 18:13:34,2017-05-24 12:15:02,2017-05-31 00:00:00
3534b435f58c0e6148212006204d843a,e139fbf3f5d13c8a1fce2809ddc2c3cb,delivered,2017-10-01 17:42:41,2017-10-01 17:56:14,2017-10-04 19:17:01,2017-10-10 19:22:27,2017-10-31 00:00:00
d14704bf551588cc4acea3368cafe62b,e6e90d11361d630349135eff229c8ca0,delivered,2018-02-23 08:25:42,2018-02-24 02:51:18,2018-02-27 01:38:50,2018-03-20 08:22:00,2018-03-22 00:00:00
b706f79f3b510ac701bf4a111adbce3b,4c587dec0eed27895d36458365fd8246,delivered,2018-05-16 21:44:57,2018-05-16 21:55:22,2018-05-24 08:30:00,2018-06-05 14:47:02,2018-06-08 00:00:00
8d877170b83d13fb1a69834a815d0974,fde2046a30e872623e820431b3ec04a6,delivered,2018-06-06 13:23:43,2018-06-06 13:35:10,2018-06-14 14:24:00,2018-06-22 00:32:47,2018-07-19 00:00:00
1664a6f6d45f4f83c8263fe906f7626f,feef906bb5422438c41bb9783b1948fe,delivered,2018-07-20 16:29:57,2018-07-20 16:44:15,2018-07-23 11:39:00,2018-07-24 18:30:49,2018-07-30 00:00:00
16f391bc8fc37407de41720cd92f6266,ac5baec50a0a561a000ed259814803cb,delivered,2017-04-08 11:57:18,2017-04-08 13:05:15,2017-04-25 11:47:32,2017-05-03 12:11:15,2017-05-04 00:00:00
ee56552853eb61a6cf4430643b023bc3,88f54f749130b677c32fa277b2ea5509,delivered,2018-05-18 19:57:47,2018-05-18 20:17:29,2018-05-21 16:59:00,2018-06-05 14:48:35,2018-06-07 00:00:00
54c8a1ae2a5ba17d24381040d3ae3fe9,d0032c57dc4c36fe0474fb56a0cbb26e,delivered,2017-11-24 23:42:24,2017-11-28 03:40:32,2017-12-04 17:53:08,2017-12-06 23:14:44,2017-12-14 00:00:00
97bf52f3429b21123c9465fecfb66162,a8399935e7f14e2c955e1cea8fb2efff,delivered,2018-02-28 09:49:55,2018-02-28 10:11:33,2018-03-05 23:21:51,2018-03-20 20:26:48,2018-03-20 00:00:00
11c2867ad1d8599464e84641b31338f1,a5e340022b43d330e212a92a503ec380,delivered,2017-10-16 18:09:21,2017-10-16 18:24:27,2017-10-17 19:02:25,2017-10-27 21:05:51,2017-11-07 00:00:00
4ee1c064b695ca29aec6dbcc3d7d1b3c,b0911e94f111f43b28a12a56e1e53f11,delivered,2017-10-13 16:56:17,2017-10-14 03:56:23,2017-10-16 21:28:54,2017-10-23 18:13:17,2017-10-31 00:00:00
4385f30f644c4a6964dfef0a175611c3,fd731dc437433b51a53811eefe992e99,delivered,2017-09-06 13:13:08,2017-09-06 13:24:08,2017-09-06 21:11:22,2017-10-06 11:33:06,2017-10-09 00:00:00
ea7fd400a90286a0db2e0d79a18ae5bf,6d6ef306307d9bf778b4315539f4ba19,delivered,2018-01-19 16:57:39,2018-01-20 09:10:02,2018-01-22 22:47:00,2018-02-01 19:37:18,2018-02-15 00:00:00
ef23dc843b31ca354d8c8831943422c1,07599e37fc4ddfd2f177fa6f8230a9b1,delivered,2018-04-18 14:13:42,2018-04-18 14:55:17,2018-04-19 19:21:49,2018-05-04 19:02:13,2018-05-15 00:00:00
45c797b966bf19a7e315f1b7767517e8,a43a550af53ee1ce07bdc3ece23eb7a9,delivered,2017-12-10 18:19:11,2017-12-12 03:49:40,2017-12-14 11:44:44,2017-12-21 22:48:42,2018-01-05 00:00:00
c07b8f5324dbc378865ca2d1c9883236,855f4700c983c94157ed38697098b538,delivered,2018-03-11 20:28:59,2018-03-11 20:48:11,2018-03-12 17:54:38,2018-04-11 21:22:03,2018-03-28 00:00:00
84580325d236dbdc6585c81d12f5c9ab,a48ba60be28864ede4421c52ae28761b,delivered,2018-05-15 13:47:02,2018-05-15 14:14:41,2018-05-16 09:23:00,2018-05-29 20:28:50,2018-06-14 00:00:00
d1f25210559c9ba865652af5e11d6acf,db7a9a8bf98c47d7d569638391b3e773,delivered,2017-12-12 20:07:16,2017-12-12 20:17:29,2017-12-13 20:54:34,2017-12-21 22:48:00,2018-01-10 00:00:00
2e7afd467bd078429896367562ec0727,e8094cb2a242669ede8f9084dbcba0e8,delivered,2018-02-18 08:41:23,2018-02-18 08:50:25,2018-02-19 20:13:32,2018-03-08 20:38:25,2018-03-15 00:00:00
8782135cf0f7ffe6fb80bf501a37ecd2,42be87b086b08d5fffa3c5eaa479c660,delivered,2017-03-12 19:22:42,2017-03-12 19:22:42,2017-03-15 14:37:51,2017-03-17 06:58:52,2017-04-04 00:00:00
12a762b532552a237f910c72b43281ae,e73b0f49d0f8244b5fc363b88584ec43,delivered,2018-08-15 16:23:23,2018-08-15 17:00:07,2018-08-16 12:43:00,2018-08-17 22:43:32,2018-08-22 00:00:00
622f88a1cc651ffb9ad8640298fb04cf,9230885a6fe62a5dbdb04b93c9648437,delivered,2018-06-28 23:52:19,2018-06-29 00:10:25,2018-06-29 08:55:00,2018-07-03 16:07:10,2018-07-12 00:00:00
3912b0f176edb52c40f760e27d055456,2463ff4410b38616ef62c2995ca0397c,delivered,2018-08-01 11:20:20,2018-08-01 12:04:29,2018-08-03 12:27:00,2018-08-08 20:12:41,2018-08-13 00:00:00
d1841aabfefc61ddc63d1113e5f766e8,c8a6be2c61ccd0a754f9050ba710bf67,delivered,2018-06-10 18:39:02,2018-06-10 19:12:22,2018-06-11 11:05:00,2018-06-12 15:32:13,2018-06-26 00:00:00
111a002be7f705e45e22716d9e7fd0d0,9e87d65b2c176633f2117870cba54361,delivered,2017-06-27 10:47:57,2017-06-27 11:05:32,2017-06-29 13:24:58,2017-07-06 08:57:50,2017-07-19 00:00:00
3bba6671f455886c258de124447592c2,398a5ae2013a70dabf55ad8d8044266d,delivered,2017-12-08 11:51:50,2017-12-08 12:10:07,2017-12-13 01:19:14,2017-12-14 13:58:13,2017-12-27 00:00:00
866e0f3023c57babaf95164f170317e8,cd1a981ef69fcb63b76bd13fe1264c45,delivered,2018-08-04 15:06:50,2018-08-04 15:15:22,2018-08-07 07:33:00,2018-08-17 17:44:45,2018-08-22 00:00:00
5caa8760b7cf9282010fa67a60dffff5,8434dcd54f1e978f668063ab26a364e3,delivered,2017-07-25 23:56:07,2017-07-26 00:50:19,2017-07-26 20:15:39,2017-07-27 13:25:46,2017-08-07 00:00:00
a8b89a642249efed782ce25e1798925c,160f9a3b0e18c6b4a9625d4ac5ca4acb,delivered,2018-04-16 19:27:56,2018-04-16 19:51:38,2018-04-17 16:35:57,2018-04-18 16:26:35,2018-04-26 00:00:00
a874eec5edcf6172ec6d8bde7bcccd08,e96a52e3123ff005fb7e379b8927b7c6,delivered,2018-06-03 13:05:14,2018-06-03 13:15:15,2018-06-11 08:50:00,2018-06-20 18:30:45,2018-07-16 00:00:00
370098d35ccd8a2af86b57c81ac7d24f,ed401ce445967c386a2373dcb0d4e72a,delivered,2018-08-19 22:59:47,2018-08-20 13:49:40,2018-08-20 15:06:00,2018-08-23 18:29:19,2018-09-11 00:00:00
b4bb559c3c861fbf1a6a0a972809b93b,c164256600c1202e37fa3dfb460ae837,delivered,2017-06-20 12:46:52,2017-06-21 12:43:52,2017-06-22 13:29:48,2017-07-06 14:25:39,2017-07-19 00:00:00
dcb427289523bbf543fd8ef88433dd19,aef4ca2b5c320346495d09ae24d034a2,delivered,2017-12-17 17:31:13,2017-12-19 09:15:22,2017-12-20 23:08:16,2017-12-27 23:29:21,2018-01-11 00:00:00
2a23142a41112f238b8a14f9ef3082a7,feb89afad4115a3d743926b10ceeff3e,delivered,2017-12-03 22:00:22,2017-12-05 04:11:50,2017-12-05 22:57:10,2017-12-11 18:24:39,2017-12-28 00:00:00
40a0fc3c21a8f455a5f8388ed46408ca,cce4c1ccdf5bcd5226a1265b9e1e9ea4,delivered,2018-02-23 18:37:23,2018-02-23 18:47:28,2018-02-26 18:42:13,2018-03-15 00:26:23,2018-03-26 00:00:00
185e9cacef8c11db7ae713ba0ac68895,236b941b765ca60044a5d20c7442e342,delivered,2017-11-29 16:36:39,2017-11-29 18:10:40,2017-12-01 14:05:59,2017-12-29 12:39:01,2017-12-19 00:00:00
f2ce3b8d9c16e475c92d3c2d51809cfe,bc4b107c74a81f0e9d35c8f7333040c0,delivered,2017-05-21 14:42:36,2017-05-23 03:50:18,2017-05-25 08:45:52,2017-05-31 07:57:54,2017-06-22 00:00:00
f813aba63e668c603b5e723e0f8f7bad,743c9c1929ea99b6885d5a43501307cc,delivered,2017-02-23 15:08:21,2017-02-25 02:10:17,2017-03-01 13:50:46,2017-03-07 18:05:22,2017-03-20 00:00:00
cc427984e779c3d1dd7e082f39a98fc6,702e844f1c2e77ce0d9cb9211c7c19e4,delivered,2017-10-28 20:52:15,2017-10-28 21:10:17,2017-10-30 19:34:11,2017-11-07 19:26:31,2017-11-22 00:00:00
f7de5122368e6280d10af21064f7f873,6221264de581fbdaae3464872444d6cb,delivered,2017-08-16 22:09:10,2017-08-18 02:45:31,2017-08-21 11:19:44,2017-08-30 15:48:05,2017-09-12 00:00:00
5bec4a58e5df698e8602c589435a8ea5,2e7204294e95c84c31df5254dad1b0ce,delivered,2018-01-24 09:54:49,2018-01-24 10:16:19,2018-01-25 23:52:48,2018-02-08 22:26:44,2018-02-21 00:00:00
aa94d94e210dc2b7a49812d3d82bb516,f0c661c3c1e7d42a43f9ac9db2619c6c,delivered,2017-11-07 10:19:53,2017-11-07 10:30:58,2017-11-07 17:13:36,2017-11-10 19:19:46,2017-11-27 00:00:00
2de3fd67d98a4f98e0e05357aa124c05,8369cbdb79e2cdfd8a13ede4ec9a6ab0,delivered,2017-07-14 11:15:15,2017-07-15 10:35:16,2017-07-21 17:32:50,2017-08-04 20:22:13,2017-08-28 00:00:00
f98cb4c3cde10f19642a16e7dda03f08,d5cce1356cc5c40b9cfe74732b8eb960,delivered,2017-12-28 22:56:38,2017-12-28 23:09:29,2018-01-02 12:12:41,2018-01-11 21:09:50,2018-01-31 00:00:00
2739ecbc7e87995e0d2efb6f603f6c2c,9f8e8c99b0d702b71d105b8d922bc579,delivered,2017-08-13 11:16:56,2017-08-13 11:30:17,2017-08-23 23:03:08,2017-09-08 12:13:37,2017-08-31 00:00:00
ef830fd38d5bbbd14e58c18b0459a35e,359b0ac938d42de5cfc19de2e8b58d68,delivered,2018-05-09 12:56:56,2018-05-09 13:11:20,2018-05-16 05:29:00,2018-06-06 19:18:53,2018-06-07 00:00:00
bf5e4ec5374a3d9097193f671a74b42c,4d2fb8ee0046977b8fdacaed491d85e3,delivered,2017-10-19 10:24:57,2017-10-21 02:56:36,2017-10-25 16:53:59,2017-11-06 20:13:56,2017-11-23 00:00:00
35216574e06418622f9a9ece821b8c8a,e081b2f90237bd2d1c83647d1a1427eb,delivered,2017-11-27 11:39:25,2017-11-27 15:17:47,2017-11-28 23:53:35,2017-12-01 15:36:39,2017-12-22 00:00:00
0494b383f6155152ea987dde9647004b,a1b75d3bea2c98dc6f4f8725b82ccdfc,delivered,2018-01-02 11:59:49,2018-01-02 12:09:06,2018-01-08 22:06:46,2018-01-12 21:39:58,2018-01-18 00:00:00
8747a928f786c8b31e0afb1b815886bc,e6f40fd97b2ae5d03f8a2a211fa042b2,delivered,2017-11-12 20:48:29,2017-11-14 03:35:40,2017-11-21 13:49:08,2017-12-04 19:42:40,2017-12-01 00:00:00
2b3b4135ee3db9e993e7dc195917cefb,346ccc045a0d30d8eb48ab592a8d4558,delivered,2017-11-25 08:26:11,2017-11-25 08:33:27,2017-11-30 22:11:38,2017-12-01 20:22:10,2017-12-11 00:00:00
4f0b7853ed43ab1a2dbc32c3c2b17da2,2fe386b4e59b034a5bef1045187284e5,delivered,2018-07-17 11:59:52,2018-07-18 02:41:47,2018-07-18 13:36:00,2018-07-23 20:46:44,2018-08-16 00:00:00
2ef077f0887173cd2d434c424d15fa21,be9b4677cc49e1c4b270e489033ce381,delivered,2017-05-01 15:01:08,2017-05-01 15:15:18,2017-05-02 09:13:41,2017-05-09 13:12:07,2017-06-05 00:00:00
ef31477820679f9801481f607b13f32e,1cbd28e5d5fca550ec55a287e7ea2f96,delivered,2017-06-01 14:39:14,2017-06-01 14:50:16,2017-06-01 17:05:36,2017-06-13 11:03:38,2017-07-07 00:00:00
f76b5b738102e664c0fee7647646074e,bc593342dbff3323feb03741c5efb963,delivered,2017-07-09 20:27:35,2017-07-09 20:35:21,2017-07-10 19:27:18,2017-07-25 22:51:40,2017-08-03 00:00:00
e178bee213ba3b996d728678aea863a4,8457e8b85783238318fbbcd115ad1e5b,delivered,2018-01-29 11:19:16,2018-01-30 04:31:07,2018-01-31 17:25:07,2018-02-03 16:27:42,2018-02-20 00:00:00
f6a592a6464704c725035dc88f616539,f5de3ded45b03e78f33c39028f77e21d,delivered,2017-07-18 16:13:22,2017-07-20 02:15:43,2017-07-21 21:42:20,2017-07-31 22:45:47,2017-08-14 00:00:00
bfb51c4a799c319062db833fa3c5a157,f53404d33614c226871819898acb5ee5,delivered,2017-09-25 22:41:59,2017-09-25 22:56:16,2017-10-04 08:56:36,2017-10-11 19:06:24,2017-10-30 00:00:00
9696c06c5b4dacf79ad4fc897b1aa93b,820de2e9858a6b2cc4d6100007592252,delivered,2018-08-14 22:58:58,2018-08-14 23:10:31,2018-08-16 14:41:00,2018-08-29 19:33:36,2018-08-22 00:00:00
02d2fbf1c9a20d04ceab86eb736fa22e,9befa54088a64c56bcba0c4328fdcd1d,delivered,2018-06-14 16:09:47,2018-06-14 16:38:12,2018-06-15 10:31:00,2018-06-19 15:58:44,2018-07-04 00:00:00
16b8cfa26ae224399e457bd5aa7918b8,c1e72004ebab4f632d1fd8c7fec05552,delivered,2018-01-31 16:28:53,2018-01-31 16:51:27,2018-02-01 19:38:58,2018-02-20 22:59:13,2018-03-02 00:00:00
2b0beeb414c4c929b10570f53441db17,a527a9aa0f2e5e877e229144c1769993,delivered,2018-06-07 10:44:00,2018-06-07 11:15:46,2018-06-11 10:40:00,2018-06-22 21:14:30,2018-07-25 00:00:00
96e9ecc667e4daf9dffd5ee2173815bd,a9c26b8bcc884f48fb63ebcd705efbe9,delivered,2017-08-31 09:24:23,2017-08-31 09:35:15,2017-09-01 20:22:29,2017-09-06 16:43:13,2017-09-21 00:00:00
ae59ddbdffc31cc10bdb9b2d85d2804f,ce7b32fb1d245e8554e62ad59890eb96,delivered,2018-04-18 02:52:43,2018-04-18 05:51:03,2018-04-19 17:38:34,2018-05-02 09:52:39,2018-05-24 00:00:00
3d9c9af0e623563594ffe17db9a5a486,5e803527043cd38c7251bafae98f77ab,delivered,2018-03-09 15:32:05,2018-03-09 15:49:44,2018-03-13 12:28:39,2018-03-14 14:22:31,2018-03-21 00:00:00
d865bc459503b9c8a19382a7634ed5d5,4d602b320d7f2e55bb16a5d821004f65,delivered,2017-08-08 15:01:27,2017-08-08 15:15:23,2017-08-09 22:46:33,2017-08-22 20:35:37,2017-09-18 00:00:00
422beef43d75298fcfe50fea1a6556d8,918afdf8123b2ac7e0004d32f383efdf,delivered,2017-11-06 12:34:20,2017-11-07 06:31:27,2017-11-07 20:48:48,2017-11-21 17:02:48,2017-11-28 00:00:00
0d4429188b4311015ad2b6b091cc5f9c,9a0ce520e9eb3cf22a33d2a20ef2576c,delivered,2018-01-22 23:22:07,2018-01-22 23:35:15,2018-01-23 17:18:57,2018-01-24 22:22:58,2018-02-06 00:00:00
78b5b205705f30bb989c4a6c7f8822e4,6ca87302fa8a0163488bce8e49f9996c,delivered,2017-12-17 16:32:26,2017-12-17 17:31:27,2017-12-18 22:08:14,2017-12-19 12:58:25,2018-01-05 00:00:00
b8ce0b10e4afacf085e0c1d87ef29843,5ae4eee4964d6a3bb060f0758b9a900c,delivered,2017-11-18 09:12:29,2017-11-18 09:29:27,2017-11-21 17:17:40,2017-12-02 17:43:16,2017-12-12 00:00:00
b6acc7697ffc9caac96d5d86d80ea71d,d726d2482113e66adf5e9cb61b6b4a91,shipped,2018-01-30 21:22:50,2018-01-30 21:35:31,2018-02-14 18:29:08,,2018-02-26 00:00:00
ee1244c5ceb66b7b529791137cf349c1,a0c84f2ed6baf20ab5e3a69bcf8ac905,delivered,2018-02-26 16:51:20,2018-02-26 17:15:48,2018-03-01 23:55:02,2018-03-15 22:22:12,2018-03-19 00:00:00
12ab31863d076fffc0578c5556082865,32b31fdf720f3ddb0ee2822ca255b7e4,delivered,2018-01-07 19:29:56,2018-01-07 19:38:20,2018-01-08 16:56:23,2018-01-17 19:11:39,2018-02-09 00:00:00
0c69307b707522f4bf7267c44d06e182,f87aac5df75e3f9313e11992505157c1,delivered,2018-04-26 13:34:04,2018-04-26 13:51:39,2018-05-03 14:27:00,2018-05-10 00:28:58,2018-05-24 00:00:00
ce8f5eddac46e002a057f440c9bde458,4c0048f0a288bf5711513c19ed659dc4,delivered,2017-05-02 18:31:54,2017-05-03 15:02:35,2017-05-03 15:39:31,2017-05-23 11:52:49,2017-06-09 00:00:00
22e4add79c3efc7828d1119a222b76da,770eb9ce225c3301e8a8811d27c5da10,delivered,2018-07-26 09:08:44,2018-07-27 02:24:26,2018-07-27 15:38:00,2018-08-01 22:24:34,2018-08-10 00:00:00
6c1254286aa56d3190235f7319a47136,dd925b2d7036191dddf80b8d2ad36162,delivered,2018-06-06 11:29:57,2018-06-06 11:55:19,2018-06-14 16:29:00,2018-06-15 21:56:59,2018-07-03 00:00:00
e09476e56fe4f78109f7c347f0061f9b,5d96879c568aab2c05eed074e1765a83,delivered,2017-10-23 12:18:33,2017-10-24 03:14:16,2017-10-24 15:58:52,2017-10-27 21:16:34,2017-11-09 00:00:00
fe6c4a42298295647106b42549a98eea,a75a51f163c2708a4896619f8fb0119f,delivered,2017-06-09 23:01:58,2017-06-10 06:35:08,2017-06-16 13:07:49,2017-06-19 07:49:44,2017-07-04 00:00:00
cec3185bcfe3a9c60e73df2ae9bfa4ac,6dc95df834f2d7815109d4fe874ca6eb,delivered,2017-12-09 17:01:50,2017-12-09 17:10:58,2017-12-12 14:28:17,2017-12-27 18:43:45,2018-01-12 00:00:00
1391638490f9af630fb84f5da6f40843,96f541133e6a0139ab3b3e58143eac6a,processing,2017-04-24 09:00:17,2017-04-24 09:15:15,,,2017-05-22 00:00:00
456bc7cd27fcbdf7dc39b27f9dc0d32f,c8b16e3c1d5395eef799659d1fcac373,delivered,2017-11-05 14:20:02,2017-11-05 14:31:01,2017-11-06 20:15:00,2017-11-20 16:28:42,2017-12-04 00:00:00
5409cdf5d7f44a620466f80570fade10,0a843597f711e82638c06f81db65eec5,delivered,2018-08-24 16:22:53,2018-08-24 16:30:23,2018-08-28 14:30:00,2018-08-29 19:19:33,2018-09-03 00:00:00
385afce75f62f7af7587814b87692d2d,85359231f98c7bf671355a8da03f0b0c,delivered,2018-02-15 22:27:55,2018-02-16 14:31:44,2018-02-20 11:16:04,2018-02-26 22:59:00,2018-03-07 00:00:00
77a87497893cb9fa026c8fb13c35a357,e56deedc7951fdaf2ceeb5607dda0fe6,delivered,2017-04-01 18:44:20,2017-04-01 18:50:28,2017-04-03 16:29:53,2017-04-05 10:54:41,2017-04-25 00:00:00
39ecefca5d75a7d6c27d724519636818,e84e1c70c5abcab689d6bcee4023a083,delivered,2017-11-25 10:13:51,2017-11-25 10:30:02,2017-11-27 21:14:39,2017-12-26 19:08:21,2017-12-21 00:00:00
af6d8cf91e8dbe5ee8d65ecbcda49cc0,72e2a34ebed45d039d4a0a28591b7b91,delivered,2017-05-27 17:17:07,2017-05-28 17:25:10,2017-05-31 11:57:45,2017-06-05 09:41:20,2017-06-23 00:00:00
16dc31df327657954186535144a72e95,d49fccf7ac42a194ce342be56b2b10b0,delivered,2018-06-14 15:40:29,2018-06-15 15:37:58,2018-06-21 12:51:00,2018-06-25 22:03:37,2018-07-12 00:00:00
9764b03686753eaa7ea549fa0b805f75,5f55d8d97a10b2a79964dca646548519,delivered,2018-01-07 23:04:06,2018-01-07 23:14:22,2018-01-10 13:27:36,2018-02-01 00:27:40,2018-02-09 00:00:00
86fcbf423e68c5591504fd1bae22ca11,83ca95550e7e2c10dd548f37e57f928d,delivered,2018-07-18 11:11:34,2018-07-18 11:30:17,2018-07-18 13:37:00,2018-07-23 18:09:02,2018-08-03 00:00:00
f6a4a400964182f614b03c3844290d74,90cdd36d0a0166b18f5089c75a39b97f,delivered,2018-02-14 18:25:21,2018-02-14 18:35:33,2018-02-20 00:04:39,2018-03-13 23:32:31,2018-03-13 00:00:00
6d2fbf76787b9f35b1f3c3835a8a6a01,97ddf73f360a8a7836067099c248a75c,delivered,2018-07-24 16:52:47,2018-07-24 17:05:21,2018-07-27 13:59:00,2018-08-03 17:17:53,2018-08-27 00:00:00
c169aacf98c6f6cc7854bde4bdbc9a06,80dbbc7e11a3d402859782dc6a7ce626,delivered,2017-11-24 11:21:22,2017-11-26 11:18:29,2017-11-29 11:46:01,2017-12-19 17:09:05,2017-12-15 00:00:00
69e0526abe64c820d4dd97f2b9921e60,cbca907c04a7789504403dbb3fb2e07c,delivered,2018-04-13 14:36:01,2018-04-13 14:51:32,2018-04-16 20:03:14,2018-04-17 19:36:33,2018-04-27 00:00:00
15208e51dd3f6ccdf33a94148faea052,681f23b304c48adf5e555dbc0650d7e7,delivered,2017-12-23 01:11:38,2017-12-23 01:50:48,2017-12-27 17:22:01,2017-12-29 01:56:05,2018-01-15 00:00:00
b13ea9f410b092728700af281c0b3663,7dfbdca6bb355c99772ee57241f42f19,delivered,2017-09-22 22:37:10,2017-09-23 10:04:01,2017-09-25 14:24:04,2017-10-04 16:49:50,2017-10-18 00:00:00
2f78768fa4786d3f20e9b6f95d73207a,d49c9637bec435e84552bb95ca51eea3,delivered,2017-02-10 12:10:40,2017-02-11 02:43:05,2017-02-13 10:43:41,2017-02-22 11:09:06,2017-03-17 00:00:00
9778dcf3aedc74a5185d423586877952,5a47f2e6f5067f6464af63ccab15f589,delivered,2018-05-12 13:42:14,2018-05-13 13:35:13,2018-05-17 17:22:00,2018-05-18 19:33:47,2018-06-04 00:00:00
135b582ac1ec8138d4f9f0ef27a7ba36,062850c890eb64c3bec2243bd551fb8f,delivered,2018-05-19 20:21:59,2018-05-21 17:35:19,2018-05-22 10:51:00,2018-06-08 22:21:25,2018-06-06 00:00:00
21cab9105bc6c133b002932a53bcfe85,7532d2eec50bc367e71a40131b56fdb3,delivered,2017-11-21 11:39:16,2017-11-21 12:10:48,2017-11-24 15:29:25,2017-11-29 17:27:52,2017-12-12 00:00:00
01d72d42aaedb3736840132071d51100,7f19d565d956cc2fe3f01a860e841ae4,delivered,2018-03-20 12:44:02,2018-03-20 12:56:36,2018-03-22 21:13:15,2018-04-05 18:12:08,2018-04-12 00:00:00
323ebc5450e01beac5ad45e926ecf923,574886d0fe7cfb020253f8bb6dea0c3b,delivered,2017-04-26 15:57:39,2017-04-26 16:10:19,2017-04-27 14:53:54,2017-05-07 09:18:36,2017-05-26 00:00:00
fdc14b5e651ff7527c5ac587d5de96c4,92e9f053842858174c802676e515d8ef,delivered,2018-03-10 15:40:45,2018-03-12 06:35:24,2018-03-12 18:21:39,2018-04-05 20:24:36,2018-04-10 00:00:00
417a0034ecdc989212079f64368eccc9,e0c772c070d2fab11a4f61376b8e67d0,delivered,2017-09-09 12:02:20,2017-09-11 10:25:38,2017-09-11 21:39:44,2017-09-18 17:46:55,2017-09-27 00:00:00
b5c4393e0fffc94526b88d47d09dabe3,ce9403cd06a5c60d64f247493d6c1af1,delivered,2018-04-22 08:28:28,2018-04-24 18:05:40,2018-04-23 17:41:16,2018-05-07 20:28:46,2018-06-01 00:00:00
d99bb25e168c15db3113f5d5db1ee1b4,1686681362ccf73b78b830f830146da4,delivered,2018-02-09 14:12:02,2018-02-10 02:49:22,2018-02-21 10:09:06,2018-02-27 12:42:21,2018-03-13 00:00:00
9d5d3058706c16d0557d9b43c95ed70e,38aea1c83b6435516e18a04ce59806b8,delivered,2017-03-07 21:15:07,2017-03-08 22:03:39,2017-03-09 15:38:07,2017-04-19 16:24:06,2017-04-10 00:00:00
c6df71a18bb2d9e7d88ee3e4d7080982,b5cfb32c2e07f8782e9c3d5e9e18918b,delivered,2018-08-17 23:22:33,2018-08-20 10:55:23,2018-08-29 13:44:00,2018-08-30 21:16:31,2018-09-04 00:00:00
d25eb73c856b09c77cd7dd09d9a488c2,200edb1c132c2738f191a50202241f35,delivered,2018-07-15 10:02:37,2018-07-15 10:10:15,2018-07-18 15:27:00,2018-07-24 22:28:40,2018-08-17 00:00:00
8d4d21fb1ce7b5b4e78d264feb534aee,abe5649ff35a84e683fc7f4ab4296153,delivered,2018-04-26 17:12:17,2018-04-26 17:35:34,2018-04-27 15:38:00,2018-05-04 00:54:45,2018-05-22 00:00:00
c77296df05b5ed399d2d111ec97b0b17,9ebea242c3341fd8563bb832e64a569e,delivered,2018-07-21 15:05:23,2018-07-21 15:15:17,2018-07-26 13:58:00,2018-08-09 16:45:41,2018-08-13 00:00:00
2a4e23a666338d87ea9c2777d71bed0c,5eda0d42a89e9e37d951a14bd845dac9,delivered,2018-07-27 13:06:35,2018-07-27 14:04:17,2018-07-30 13:51:00,2018-08-08 15:42:45,2018-08-17 00:00:00
66bc92ed85c6ab828e10ff0cd1c5d026,3f6c3d9854506e3351e40a91f8b85b7d,delivered,2017-04-14 19:35:35,2017-04-14 19:45:13,2017-04-17 11:21:18,2017-05-02 16:39:13,2017-05-19 00:00:00
7b9969738a7e690d13867eedd1fef01a,5fda610563109dd124cdf5290eae8957,delivered,2018-01-05 11:56:33,2018-01-05 12:08:24,2018-02-17 02:18:49,2018-03-23 23:18:48,2018-02-22 00:00:00
69647a30e77959dbf0000636927c27d6,b4f3d737d8ec2ad8a4e85fc6e578a4fc,unavailable,2017-08-11 21:08:16,2017-08-11 22:04:30,,,2017-09-06 00:00:00
0ba1123843391ede0901811438202c24,06a6d9bd1d738261179b6cf3d313458b,delivered,2018-04-30 14:13:38,2018-04-30 14:32:42,2018-05-02 12:18:00,2018-05-03 17:30:48,2018-05-18 00:00:00
b5b6b559dbbef80f0efc48cbee2423e2,a7e1e3b3803edc0fe36cd28dd1b296f1,delivered,2018-04-15 17:25:39,2018-04-16 10:50:40,2018-04-16 22:58:59,2018-04-23 22:08:47,2018-05-09 00:00:00
8d37e7a787d783b75379ef856107b40a,c6c67979c6a71ae3f43fb2fc04712e4c,delivered,2018-05-28 09:38:57,2018-05-28 09:52:19,2018-05-28 14:29:00,2018-06-05 18:03:28,2018-06-28 00:00:00
b6c6a80aea4ba38af9a9880462a07977,3e7b9a988faf27e240aa1432f42618fd,delivered,2018-01-29 22:13:45,2018-01-29 22:30:53,2018-01-30 21:53:17,2018-01-31 20:12:56,2018-02-14 00:00:00
9f6e9882bfa36a4ef98e3016c5e59f9f,fb2fdd6a93ddbfbb6390f556be5abc4a,delivered,2018-03-31 14:37:16,2018-04-03 05:48:59,2018-04-03 19:05:11,2018-04-10 21:32:51,2018-04-20 00:00:00
bf3c691a76e2c8733340a8f7e251a0f1,dbc9104a798de0ff6af4de6a32c92f70,unavailable,2018-01-12 10:35:02,2018-01-16 04:31:05,,,2018-02-19 00:00:00
25a36e7aae91280c6b8a389ba7585046,760861b21afc1463450f76c47baef5b1,delivered,2018-01-05 01:11:37,2018-01-05 01:27:56,2018-01-05 19:38:41,2018-01-10 22:24:47,2018-01-30 00:00:00
311393b2abaf96a9590f9200b4810bbc,8164f94ee15105d111cb2e05cd40b2ba,delivered,2017-08-04 18:47:50,2017-08-04 19:03:35,2017-08-07 19:03:10,2017-08-11 15:49:41,2017-08-29 00:00:00
587625eb2ade3b78389f7a0aa07d1849,90a28e1f12b4d9203c1360a9e5a35429,delivered,2018-04-20 09:24:29,2018-04-20 09:35:17,2018-04-25 15:15:00,2018-05-03 13:28:40,2018-05-10 00:00:00
539eb2245126ac0f67cb986d8e671e99,b166475f9637aaedf463f9f3a2884644,delivered,2017-04-13 17:14:08,2017-04-18 04:32:54,2017-04-18 09:48:16,2017-05-13 12:26:34,2017-05-17 00:00:00
35917730026d50562c5945c14f98318a,eeccbeb8108e336dcfdcae4fd220dff4,delivered,2018-07-17 13:11:26,2018-07-17 13:25:11,2018-07-18 12:40:00,2018-07-24 19:54:30,2018-08-29 00:00:00
9ed118d0ba8070ecbf26326a5a7c2147,3198193537ab89b727bff678627c327b,delivered,2017-09-29 17:09:07,2017-09-29 17:21:44,2017-10-02 17:42:57,2017-10-09 19:13:57,2017-10-23 00:00:00
994d36ec7dcfa4437a4560fd76447263,93f7848659010f6e9d53da39631aa55e,delivered,2017-03-09 00:40:53,2017-03-09 00:40:53,2017-03-14 09:27:51,2017-03-24 14:14:24,2017-03-30 00:00:00
3fe46f6a6327c3afa825f1359f7bf566,6d671d5e1225018b3514c0e934db700a,delivered,2018-04-19 03:17:43,2018-04-19 04:01:36,2018-04-19 22:47:30,2018-05-02 15:22:52,2018-05-17 00:00:00
d418717435ae85b43dd26791166ccbe6,ee03dc41a3f34f6401fd3846d401524a,delivered,2018-03-26 23:38:16,2018-03-26 23:50:10,2018-03-28 19:36:41,2018-04-10 00:07:44,2018-04-23 00:00:00
122c60ae49f0127364cf459be8e48072,cf024859f4ffebc952f2aa7161383ce9,delivered,2018-04-16 23:42:17,2018-04-18 05:31:52,2018-04-18 18:48:46,2018-04-23 16:02:20,2018-05-14 00:00:00
001ac194d4a326a6fa99b581e9a3d963,f4f17ada91ef010cbde3892ae54e625f,delivered,2018-07-04 11:39:11,2018-07-06 02:51:10,2018-07-06 08:58:00,2018-07-12 17:48:49,2018-07-17 00:00:00
a7d69ce9d8cad8e7d9b48cbdfe236bff,49c7d9bf8f555cd2023e6487b2b2ead6,delivered,2018-03-30 20:45:18,2018-03-31 13:15:19,2018-04-03 18:14:29,2018-04-04 19:38:47,2018-04-12 00:00:00
1094dc9e3237f4deff27a2bab683a300,bb06fef1b4fca6bcc757a3db68a9daf1,delivered,2017-11-22 23:15:12,2017-11-23 13:48:22,2017-11-24 23:35:39,2017-11-30 16:49:01,2017-12-12 00:00:00
e2a03ccf5ea816036608b2d8c3ab8e60,74a9ec598bb26000a98c7355b06b39b2,delivered,2017-11-19 11:39:41,2017-11-19 11:50:50,2017-12-13 13:45:24,2017-12-15 18:56:35,2017-12-12 00:00:00
b13b1011e873341b427bb3acb82f83ac,44f3a50c04eb44a44b02cb631d595287,delivered,2018-02-09 08:42:42,2018-02-09 08:56:28,2018-02-10 00:41:59,2018-02-21 01:23:38,2018-03-26 00:00:00
3c052d74f852adbeb14c7e8da52b9e6e,77e7e94714e272b6ec89e74ee4a2c3bb,delivered,2018-01-24 10:58:30,2018-01-24 11:12:33,2018-01-26 16:16:40,2018-02-19 18:13:20,2018-02-16 00:00:00
2fabe3a6fbc1051857b2494418c8339d,85bf7a0363f2c51249df17c5c995a220,delivered,2017-12-30 20:52:39,2017-12-30 21:07:22,2018-01-08 17:05:49,2018-01-11 17:10:03,2018-02-05 00:00:00
d32aae18f0f7dfd247193137870ecf0a,1bc2f9120a7adf6adbc91fc7a32cc2dc,delivered,2017-12-19 21:07:16,2017-12-20 06:53:36,2017-12-20 17:55:59,2018-01-04 12:24:45,2018-01-24 00:00:00
31de08106fdb0607f8a9b688d4b85597,778154a7c2a1128b2a9b1f6c18bfbb16,delivered,2017-11-25 11:55:41,2017-11-25 12:13:34,2017-11-29 23:31:55,2017-12-11 20:47:22,2017-12-20 00:00:00
e453260163d404cf3b07e977df27f993,f2798ab8a3f1da292e083cc273ad288b,delivered,2017-07-29 10:17:31,2017-07-29 10:25:22,2017-08-01 00:26:33,2017-08-07 16:22:55,2017-08-11 00:00:00
4e3cf72d676f793f15859c9ae34be2ad,98e935de18878156bd96e6b845beb7fc,delivered,2017-09-05 13:32:39,2017-09-05 13:50:10,2017-09-11 22:32:52,2017-09-13 16:54:10,2017-09-29 00:00:00
070678021e2517b12a66622b99dca958,46a1813034015030b247e4e39432f55b,shipped,2017-09-05 18:51:14,2017-09-06 19:03:23,2017-09-12 20:56:37,,2017-09-25 00:00:00
8860f62912fc775e52409a351a1bca14,d1f9d2df3fbb4c8c0e4163da8d138de5,delivered,2017-09-05 09:29:17,2017-09-05 09:43:55,2017-09-06 20:06:51,2017-09-08 13:42:36,2017-09-18 00:00:00
37e8a643f8d19ed8d44fc02f3f9b3ff9,c9956f197db2b0c3d3cae23c3ecd76bf,delivered,2018-04-03 13:14:08,2018-04-05 02:10:35,2018-04-05 18:36:34,2018-04-07 01:42:02,2018-04-19 00:00:00
997d3d4e4d633291f515266c98cbda13,a1bfc319b6d6e12dd25484a8ac12251f,delivered,2018-08-25 09:46:04,2018-08-27 13:15:03,2018-08-27 10:43:00,2018-08-30 22:58:26,2018-09-14 00:00:00
7baced6bdf14d532d806d32f4e9649c0,84bea57c14e1cbd4341d46ecc22f5855,delivered,2017-07-06 14:00:10,2017-07-06 14:15:17,2017-07-07 17:07:42,2017-07-08 15:13:36,2017-07-19 00:00:00
f6d9d80848e37799351f1ff4040e67cd,d9cccfd1f0263ed3801c621a7a63b8ce,delivered,2018-04-23 17:07:28,2018-04-24 19:05:53,2018-04-25 12:11:00,2018-04-26 18:38:44,2018-05-11 00:00:00
1ee88e85cf794f80da02cfa6aec108fa,8d9f573b6c97fd9d7402003cfe3124f2,delivered,2017-07-27 22:48:00,2017-07-29 02:30:57,2017-07-31 16:03:55,2017-08-04 19:43:37,2017-08-18 00:00:00
90fd0d95d644b8e0123d395285746e82,1eea92a9a3b1c77089df534a0f53915c,delivered,2017-02-22 10:39:37,2017-02-22 10:50:13,2017-02-23 23:28:31,2017-03-01 08:34:41,2017-03-21 00:00:00
7c9cc21a1d8d2008364a92d9f0873b66,0fe659cea15a1e88642bb0723ac69e20,delivered,2018-02-07 12:29:42,2018-02-07 12:49:47,2018-02-09 19:48:02,2018-02-22 21:29:05,2018-03-12 00:00:00
03cdb68275d2470616d79840dd83e1a2,819dfc3d34559a6b343fccb30b39a3f9,delivered,2017-04-12 07:22:33,2017-04-13 02:42:33,2017-04-13 15:48:01,2017-04-28 11:28:57,2017-05-18 00:00:00
fddce6302431a7b99fbc7159ae2726a1,083a07a0c36a0384d957cf6ace9e586d,delivered,2017-10-16 19:17:55,2017-10-17 19:14:14,2017-10-19 21:58:59,2017-10-25 17:07:37,2017-11-01 00:00:00
ae68c99e963e1694453bacc5db91513d,82cfeb7316832e519f1238ff89b5c5ec,delivered,2018-08-10 00:58:28,2018-08-14 04:15:11,2018-08-14 15:50:00,2018-08-20 22:55:41,2018-08-21 00:00:00
7186ea4d77cf76753cfe3399c39b5b42,97bedd5290571f558404057a7916758b,delivered,2018-01-24 18:07:43,2018-01-24 18:19:32,2018-01-25 22:09:45,2018-02-05 19:45:31,2018-02-23 00:00:00
9eecf4b8716283fcb0f026e1308cc805,df7eca384a2355c9094734f3db37c0b6,delivered,2017-07-05 13:55:35,2017-07-06 03:15:08,2017-07-06 16:34:25,2017-08-22 20:21:46,2017-08-08 00:00:00
23fd789ce06f3c54f212b3b9d358579f,aa19484ec6282b1a5a8a73035bb402ed,delivered,2018-03-01 11:54:29,2018-03-01 12:40:22,2018-03-02 19:06:18,2018-04-01 01:46:52,2018-03-22 00:00:00
93e9f92250762e6181f2bcc1fa9e9de1,838b3f05366f4597034a946802abbd1e,delivered,2018-04-16 22:51:46,2018-04-16 23:12:13,2018-04-30 13:39:00,2018-05-07 11:33:03,2018-05-16 00:00:00
36a654dce46c360c165a2c3e8f54a42a,fe7ea98719885cb3f1e704476f4f31a0,delivered,2017-10-24 22:28:59,2017-10-24 22:49:16,2017-10-26 16:13:10,2017-10-31 19:04:40,2017-11-13 00:00:00
d6ae7c61d30bf46350c4c3a7c6627f26,e11ea1af27379694ad1f1fcd1b16ee6c,processing,2018-01-03 11:20:29,2018-01-03 11:28:27,,,2018-02-01 00:00:00
48889d3fa734eab47cecc56c9f62f00c,8b3d9d2414670d8f3a44fe4dfdf635df,delivered,2018-05-19 19:16:52,2018-05-19 19:37:59,2018-05-21 15:30:00,2018-05-25 18:30:57,2018-05-30 00:00:00
20ae02d0c9a01173e93a8b4e85830927,0505fbab1c8a805a55a7e316d821ab3d,delivered,2017-04-27 13:58:02,2017-04-27 14:10:14,2017-05-04 12:58:54,2017-05-12 16:04:13,2017-06-05 00:00:00
b077097dbd461edeee6d08a444ef1466,5b1963a41a8f4a39f4d40e6e5ed70f94,delivered,2017-05-08 19:11:58,2017-05-08 19:25:19,2017-05-09 11:51:28,2017-05-16 11:23:55,2017-06-02 00:00:00
db8dae6558474743510d1f434b6bae14,8251d516855b284bc530f8582a1371d8,delivered,2018-03-29 11:04:21,2018-03-29 11:28:23,2018-03-29 21:42:08,2018-04-18 16:03:32,2018-04-23 00:00:00
db7278dea8450817ee8e59fd074eedcd,c118f8a2fb7fe5849e0dfe2027c99083,delivered,2018-08-07 15:42:52,2018-08-11 02:45:15,2018-08-14 12:53:00,2018-08-27 19:39:03,2018-08-30 00:00:00
2c0063b6f94aadf5af90291765541726,0541a0155b375e5d1ca9ed98e674e3b2,delivered,2018-05-12 22:08:31,2018-05-15 05:14:47,2018-05-16 10:24:00,2018-05-21 23:52:14,2018-06-25 00:00:00
2905a2371d7b1d8e0142fa8ccd78f28a,28415a926ebe9c54a072c7bc3c729b78,delivered,2017-07-25 19:14:02,2017-07-26 08:55:11,2017-07-26 14:27:50,2017-08-03 21:27:23,2017-08-30 00:00:00
e90f9a57c17a06b37c5830a2ab1bd209,edf0b9f3196ff6f4702be2d540f684d4,delivered,2016-10-07 08:28:42,2016-10-08 04:17:21,2016-10-12 04:17:21,2016-10-15 04:17:21,2016-12-07 00:00:00
d4621bbd8929714e17dbbeddbc85a5d4,bbbb2dfdc184d84aac9ce9c6700530ee,delivered,2017-11-20 14:41:25,2017-11-20 14:50:29,2017-11-21 22:33:38,2017-11-22 22:44:48,2017-12-01 00:00:00
793a1da0431a53a517bf77cc596a9d7b,494581655b5393bdb9195817e1314b43,delivered,2017-04-14 19:31:57,2017-04-14 19:50:14,2017-04-17 18:25:59,2017-04-19 12:03:24,2017-05-09 00:00:00
d9ecc8b761d39b31d40aaa07434b2c37,37fbc1b230f5e1f392b3b2f438f2b9be,delivered,2017-09-16 23:02:03,2017-09-17 01:10:33,2017-09-18 22:11:41,2017-09-29 20:23:32,2017-10-04 00:00:00
194199bcb773550536ad5a7c37eb7041,7d5c057a83d5b12165717b6ba3b9adaa,delivered,2018-01-01 19:50:41,2018-01-01 20:06:55,2018-01-02 19:04:53,2018-01-05 23:27:11,2018-01-18 00:00:00
d686bd063a47ff920477f24dba062224,b811feab71fcd813b678a6d9b6562d90,delivered,2018-02-04 18:20:04,2018-02-04 18:30:26,2018-02-06 16:18:35,2018-02-14 18:03:22,2018-03-01 00:00:00
d8962b14d78c6bc197f6508354109936,14d869de34a3ce7e3930301dafdf02e5,delivered,2018-04-10 22:12:20,2018-04-10 22:29:35,2018-04-11 18:48:29,2018-04-16 17:12:30,2018-05-02 00:00:00
b91f8f630061576cecba47d54b2f105f,8636a66344df5de1b0990a0811238dbf,delivered,2018-03-19 16:48:56,2018-03-19 17:09:47,2018-03-20 18:12:05,2018-03-21 20:02:40,2018-03-29 00:00:00
eaf073079dbf6ebac22213d250816e2b,5e29e0b952356ea899ee11dcd5548af4,delivered,2017-08-14 12:10:22,2017-08-14 12:24:08,2017-08-15 12:17:56,2017-08-16 15:59:36,2017-08-25 00:00:00
80b74dde5b336c1f75c610521dedec08,940f2ce7cb288f723f854cdbf763b43a,delivered,2018-01-27 21:52:14,2018-01-28 21:58:02,2018-01-29 18:11:37,2018-01-31 13:52:05,2018-02-14 00:00:00
75e8ba833b15ee5846461b03ca462ccd,453eeb33e18916363f7daf85d2d2cb65,delivered,2017-06-09 17:23:33,2017-06-09 17:35:12,2017-06-12 16:22:42,2017-06-23 12:34:30,2017-07-04 00:00:00
c51780a93b9e9a0fcebc1e1470f64916,09e9e2fce62bc2e62fe05b73fe573de0,delivered,2017-12-14 20:24:06,2017-12-16 11:34:08,2017-12-20 20:52:04,2018-01-09 23:51:45,2018-01-19 00:00:00
75bd7a3255b9a2efed8a2673eb31f2b3,47a430a008a55f69741458bc6da5247d,delivered,2018-07-15 20:44:20,2018-07-15 20:55:28,2018-07-16 12:45:00,2018-07-23 18:07:31,2018-08-07 00:00:00
79d6b9fa1473b8296aa43123282588f4,146ff84e960b97aa2487372efe177afb,delivered,2017-06-20 19:58:34,2017-06-20 20:10:08,2017-06-21 18:19:39,2017-06-23 11:16:37,2017-07-10 00:00:00
00a12754417a49a9dec20361849aa917,4cb9c04be8cfbc5c1e0519344c72a5ed,delivered,2018-05-08 21:58:57,2018-05-08 22:15:28,2018-05-09 12:34:00,2018-05-10 18:26:22,2018-05-16 00:00:00
27438ef67f15928318b5aabed4908e74,a758487a5a5b154836e474c9812e96bc,delivered,2017-07-16 18:04:06,2017-07-18 06:10:36,2017-07-18 20:25:52,2017-07-22 12:55:56,2017-07-28 00:00:00
d9fa97948dc9dca5fd5f87d28e1f8f6d,50f592a0e6fd516ca735e8add58a9199,delivered,2017-06-15 16:03:21,2017-06-15 17:10:14,2017-06-19 11:36:57,2017-06-28 15:47:43,2017-07-10 00:00:00
f6557fb0a00716c9af72d15943e20704,8085cf5cf44c314a513087f25cccfd38,delivered,2017-09-19 13:22:06,2017-09-19 13:35:38,2017-09-22 18:46:37,2017-09-29 20:04:37,2017-09-29 00:00:00
a5cd6b7de7b48a41dbeb7bbb3fc5813f,8c480c89cbb293370a441030c16b28f0,delivered,2018-02-15 12:10:15,2018-02-16 12:07:31,2018-02-16 22:04:36,2018-02-28 18:46:56,2018-03-14 00:00:00
270044e25a104d6ab5daf7369e33779d,6cf048ee948a79b9d946243e1e05fcf1,delivered,2018-08-14 07:23:07,2018-08-15 03:23:59,2018-08-15 12:59:00,2018-08-16 11:15:42,2018-08-17 00:00:00
3621a9db2d628810259b17edefcc85f6,4b2ad2c58b9b9100a496913942cc3ae9,delivered,2017-06-18 20:43:30,2017-06-20 10:43:55,2017-06-20 16:12:53,2017-06-30 14:53:42,2017-07-11 00:00:00
e59dbfb7d81fd513f1ffa941fe849c57,affa1ae9fc01158bf723814d1dd9d0ce,delivered,2017-12-14 17:07:59,2017-12-14 17:31:55,2017-12-15 22:24:37,2017-12-22 16:49:06,2018-01-09 00:00:00
ac17fcdce65beed9ddc7473ff8150528,4220690060f453982ccc4f2269401a81,delivered,2018-07-27 21:49:38,2018-07-28 15:50:10,2018-07-30 14:06:00,2018-08-08 01:11:18,2018-08-01 00:00:00
7859b34c6e7f3afe12f010b2f1d997b5,7899b697fc449c2198654031f41e411e,delivered,2018-01-11 09:43:42,2018-01-11 09:53:31,2018-01-11 20:29:20,2018-01-29 16:19:10,2018-02-09 00:00:00
cd53e0cf7df727e89a75127f22a178c3,2a7d8740c329c52ba9b8a77782adcb5c,delivered,2017-07-07 22:05:52,2017-07-07 22:15:16,2017-07-10 19:21:17,2017-07-18 19:10:26,2017-08-04 00:00:00
5b9a0e4cbfc2d6a1347472c847a4a4e1,3e54f09108285b0c493b8485d3593351,delivered,2018-05-19 14:35:15,2018-05-22 09:14:33,2018-05-23 12:31:00,2018-06-04 14:03:39,2018-06-13 00:00:00
fdff9465ac9ce1a793bb30fa94c6f241,845b824eb080c574067dc1f73e58e09e,delivered,2018-07-29 00:10:39,2018-07-29 00:24:15,2018-08-06 17:33:00,2018-08-07 18:17:49,2018-08-08 00:00:00
94f15892b1b836f7ffd99db3f29be99b,7faa56b79825d8ac2a793c613854e981,delivered,2017-11-25 10:24:02,2017-11-25 11:10:30,2017-11-28 17:27:44,2017-12-11 16:41:56,2017-12-20 00:00:00
d84c374cdab9d3f9192cf8d42beef6f7,06cbead91bbb55a3847db922a39da219,delivered,2017-02-14 22:09:54,2017-02-14 22:23:21,2017-02-15 13:42:16,2017-03-07 14:16:17,2017-03-24 00:00:00
10f5fe5b5df0a26f8cde1390295fda43,c57739ead92456e9c71f76ad1e292255,delivered,2018-02-27 15:22:51,2018-02-27 15:48:49,2018-02-28 20:55:02,2018-03-20 03:03:52,2018-03-29 00:00:00
a61b9456778de69d35a9addadfc57ca8,fd1ff46cceac2649ca8cc67148803eb7,delivered,2018-07-01 15:54:18,2018-07-05 16:17:44,2018-07-04 15:28:00,2018-07-11 20:06:49,2018-08-10 00:00:00
4aca787fd52bf4435536ed117d9ef3b5,d12f4bbd1e11619a1a0b1f5cebf26a2e,delivered,2018-07-16 21:14:11,2018-07-16 21:25:15,2018-07-17 12:18:00,2018-07-20 22:07:43,2018-08-16 00:00:00
85aa644b23efd808ba253a509c0b01f7,9a4081806de4fa6ba62e59fc675fe200,delivered,2018-06-05 12:44:10,2018-06-05 14:31:39,2018-06-05 14:33:00,2018-06-12 16:48:56,2018-07-11 00:00:00
4e5eab0ade6de202ed67104e84e9636d,17e3aa4143d3bc3100dd4de9fe5ecf1c,delivered,2018-04-20 11:18:27,2018-04-24 18:14:37,2018-04-24 17:32:15,2018-04-25 18:08:31,2018-05-09 00:00:00
edc2a37b6c40c6ac0a792e46cf248848,59b7743e6f1ffb4c84050f7d6b295331,delivered,2017-11-03 07:58:39,2017-11-04 08:50:45,2017-11-06 19:32:22,2017-11-10 18:07:04,2017-11-27 00:00:00
4b59288fdfd1ef916c5bdb63ee33d987,feced49097543a5b319c39654f895082,delivered,2017-03-30 22:30:52,2017-03-30 22:42:44,2017-03-31 07:24:02,2017-04-06 13:16:15,2017-04-19 00:00:00
9c1a5eb0f1bff32a9846477115335d36,263ea25eaa79f6e11608a9e7d210bd67,delivered,2018-05-07 11:05:20,2018-05-07 17:29:50,2018-05-09 15:48:00,2018-05-21 17:07:01,2018-06-06 00:00:00
ffe5736050c2890fa51a28942820258a,bdb02eddf9e1223ae4fa0cbe08f89cbf,delivered,2018-03-18 14:25:04,2018-03-18 14:35:25,2018-03-28 19:29:49,2018-03-31 11:48:25,2018-04-16 00:00:00
2311ac56316c28e8f8f0b729ed8979ab,ffca7ff7204c1ab5533bc3475a7fe18a,delivered,2017-03-30 16:34:41,2017-03-30 16:45:13,2017-03-31 12:26:15,2017-04-10 15:30:18,2017-04-24 00:00:00
3a5ed4ec9fee02e629a8909af01459a7,569ef6938859704a30e858454ac884c6,delivered,2018-01-31 14:09:22,2018-01-31 14:31:56,2018-02-01 19:10:33,2018-02-02 20:03:08,2018-02-16 00:00:00
d9bdd8985e722d97a231fc42efcdf238,b54ba1f54a807f0bed4f7376454e7de3,shipped,2017-12-04 20:09:14,2017-12-05 04:13:22,2017-12-06 20:32:56,,2017-12-20 00:00:00
9e1eccc08685bb903c6eee8ade67a23b,48c594f3ccd405bda0218861a37eefc0,delivered,2017-05-17 15:42:02,2017-05-18 02:25:52,2017-05-23 12:02:00,2017-05-29 16:28:16,2017-06-19 00:00:00
ef22458e7cfa237cd68b3be657f4f0c8,5e1ec1ba98bb8ce60763eb2d21560346,delivered,2018-08-17 16:53:17,2018-08-17 17:09:37,2018-08-21 13:57:00,2018-08-28 15:25:45,2018-09-04 00:00:00
263282727ab0aad6f73aa81e70ba88c4,d4f12ccbfe1440f1b0b653884eedfaf8,delivered,2018-01-13 14:25:15,2018-01-16 03:50:19,2018-01-29 22:47:43,2018-01-31 18:41:26,2018-02-01 00:00:00
3767ec504e8593984a2b190eb90743d3,f99c31e9d393f936ade288b47354f465,delivered,2018-01-15 22:33:01,2018-01-16 22:33:25,2018-01-30 21:41:13,2018-02-22 17:44:07,2018-02-19 00:00:00
1d2c5463089cdcd251914b1c08a4d103,edb83d7689cc0fb7147061d9a53e9452,delivered,2018-06-30 11:10:38,2018-06-30 11:30:13,2018-07-03 14:01:00,2018-07-05 19:28:25,2018-07-24 00:00:00
a7ef7ca02054a53c7236c868d59acedb,4eb2d427b2d88f0e05fc35a1e862d8e1,delivered,2017-09-13 22:26:26,2017-09-13 22:35:19,2017-09-15 16:41:46,2017-09-21 19:34:24,2017-10-04 00:00:00
055cfc7366f3dfdbca102536d95381bb,9af9b372722698b16172ddf27eacab34,delivered,2018-06-05 19:34:59,2018-06-05 19:54:53,2018-06-06 14:05:00,2018-06-11 20:18:41,2018-07-04 00:00:00
5c7ec55f4ff082a66c4ed58a2634af16,34fd70c1a2c8eb090994690ff3cfdd0c,delivered,2017-11-24 22:38:15,2017-11-28 03:33:09,2017-12-08 16:17:38,2017-12-15 17:37:50,2017-12-11 00:00:00
8048d654b51cffc429b4e7121a23f7c8,2edc05853c8ca0fd4f85b9e13da17c30,delivered,2018-06-22 16:18:40,2018-06-23 15:15:59,2018-06-26 14:51:00,2018-06-29 18:18:32,2018-07-18 00:00:00
83a606acc4e6248f7fc570a3887cfdd6,b56dedcb8516771d10b5378e7957a31f,delivered,2017-05-08 18:53:03,2017-05-08 19:05:21,2017-05-10 10:46:43,2017-05-19 15:23:52,2017-05-23 00:00:00
205b0e6f9bda4be961473c68ea127c97,b20ee1ec8f27ae29b827b76f230e2a6b,delivered,2018-01-22 12:26:23,2018-01-22 14:54:22,2018-01-24 12:52:34,2018-02-14 23:17:08,2018-03-01 00:00:00
e40ad49e77913b7176bc3268c18b3299,cb786b63e7d9a15fd5cca45785ce1347,delivered,2017-10-14 11:02:53,2017-10-14 11:14:30,2017-10-17 10:37:20,2017-11-01 20:57:51,2017-11-06 00:00:00
514b4450547a198b2000fe570c522277,30ed8c586151707a59ba3bf07f050e4c,delivered,2017-12-02 16:17:50,2017-12-02 16:30:16,2017-12-08 14:13:48,2018-02-06 01:57:03,2017-12-29 00:00:00
214e7b7443be4c9b396b5e12d6d9d416,42e0649143d64f64e6d2ce5ce06e8aca,delivered,2017-08-01 09:23:05,2017-08-02 02:50:31,2017-08-02 15:54:49,2017-08-15 19:43:51,2017-08-23 00:00:00
8eeb383cc53ee78dfc385629602dfff7,73f98782f67f44297697ea25d96bd871,delivered,2017-04-12 21:33:29,2017-04-13 02:45:37,2017-04-13 15:47:59,2017-04-28 15:35:36,2017-05-15 00:00:00
adc9c192fa551c7973ee32d217816b89,7845572a4f919c31d327673edce0015e,delivered,2017-11-25 15:24:38,2017-11-25 15:36:35,2017-11-27 20:26:56,2017-12-04 13:22:08,2017-12-19 00:00:00
201ebbf7634b25abd400f84d519cf297,a6e1d325e2d80b387efb2a91ae78568b,delivered,2017-06-11 21:27:02,2017-06-11 21:35:21,2017-06-19 14:42:03,2017-09-19 14:02:52,2017-07-13 00:00:00
4c7e4677d9f5435660f9dcb903e709fd,5c9c054fb73a874d71499b20708a84b2,delivered,2017-10-18 12:26:29,2017-10-18 12:35:36,2017-10-18 20:23:25,2017-10-24 20:03:05,2017-11-09 00:00:00
b56383d16b2ecad95ab7737504e59d49,4595b0e7d3a66e4925e5bca1b1920758,delivered,2018-02-03 12:53:26,2018-02-03 13:11:58,2018-02-05 23:46:29,2018-02-19 22:57:17,2018-03-12 00:00:00
1ac04fcb479aaae425488d963ebd0847,1cd2f43dff52b795d183524bdc21e5aa,delivered,2018-05-02 15:22:57,2018-05-03 15:15:24,2018-05-04 15:08:00,2018-05-05 16:04:30,2018-05-14 00:00:00
d2d8c96cdc3a00c418d2a5539e598add,dd141cd9ebb1724a2200c1c280a67b2b,delivered,2018-03-11 11:44:41,2018-03-13 18:00:32,2018-03-14 21:08:54,2018-05-15 20:44:33,2018-04-02 00:00:00
642171b7f50a33019b19065d892a9d9c,f744cf55db041840c8985524c2986ba4,delivered,2018-01-16 22:14:30,2018-01-16 22:30:08,2018-01-17 22:28:34,2018-01-26 17:56:39,2018-02-08 00:00:00
c7a41978e3a504f1f6281e82e05c07f7,34eaceb9c054e70d3902b70fa7052c77,delivered,2017-03-03 11:18:53,2017-03-03 11:30:18,2017-03-03 12:45:30,2017-03-16 15:52:19,2017-03-28 00:00:00
0ed6d545d159bc1c0786d83a66c1cd03,cadcc766f52c62f7f08bbfb5712bc3ec,delivered,2018-06-02 10:10:55,2018-06-02 10:30:55,2018-06-05 12:54:00,2018-06-18 19:12:02,2018-07-12 00:00:00
0fb0b963405fa1541484c2f8893b04e0,9f85a78c4f160de13394a7d5cad37e7c,delivered,2018-08-16 15:32:28,2018-08-17 03:09:42,2018-08-21 08:59:00,2018-08-23 23:38:30,2018-09-18 00:00:00
b0e26123a9efc3ad3ef191e50b262084,ff6e8a1efbf39f488ac2b10d12655083,delivered,2017-06-11 11:38:51,2017-06-12 14:50:22,2017-06-16 12:29:35,2017-06-26 15:18:53,2017-07-07 00:00:00
08cae26133a5501cdf7b13db6bcf39e6,15d7dbcd027b5b24866db33e2b819021,delivered,2018-01-30 14:58:10,2018-01-30 15:11:27,2018-01-31 23:08:38,2018-02-05 15:16:59,2018-02-21 00:00:00
785e849a702dab4672f0febcf4c1afc5,8ac12be4103f6d1ad36d0c21efc8fd5f,delivered,2018-04-15 19:32:36,2018-04-16 19:32:34,2018-04-20 18:26:38,2018-04-26 17:09:05,2018-05-23 00:00:00
d84ff9150e7677a1de43990fff1868ef,67a649e6933ac4df07ddd1f379a6c773,delivered,2017-12-18 08:28:13,2017-12-18 09:31:26,2017-12-19 00:53:27,2018-01-26 19:12:13,2018-01-24 00:00:00
5471d26176ed00eac0441e43fe12ce01,d2241057a10028bdde6bf118ec74e49b,delivered,2017-03-31 11:36:08,2017-04-01 11:42:47,2017-04-03 08:42:01,2017-04-06 16:42:57,2017-04-25 00:00:00
e1fdc6e9d1ca132377e862593a7c0bd4,d4587cf99c5521ba43b6acf080a396b4,delivered,2017-09-18 00:28:51,2017-09-19 00:35:20,2017-09-19 19:26:44,2017-10-06 15:33:36,2017-10-25 00:00:00
236f12cdb8ad031ef9dccb5cdae83ce2,4762b359a95acf9bbada6671815c5ce6,delivered,2018-04-06 18:44:58,2018-04-06 19:09:09,2018-04-09 21:48:48,2018-04-11 15:07:27,2018-04-23 00:00:00
f73de6a34a3027ae82efac7a6bb5318d,6a352323e9ea3442a66aa0e556579967,delivered,2018-05-23 09:18:55,2018-05-23 09:36:39,2018-06-20 12:20:00,2018-07-17 22:38:38,2018-07-11 00:00:00
fe472d7abb29893ba6f762e80b1e1eee,d07a756cad197e40a3b11b7c243cb0d7,delivered,2017-02-14 10:38:29,2017-02-14 10:50:13,2017-02-17 07:38:35,2017-02-22 09:13:54,2017-03-13 00:00:00
b7558b356867cb5e6de5c76578a29143,47c0dc33aca81e253eeb1398c2327b34,delivered,2017-10-17 17:30:56,2017-10-19 03:15:15,2017-10-23 20:44:51,2017-10-30 21:23:51,2017-11-07 00:00:00
237037d23ef38af0bc36cc20fa48da43,5d73375814a2bfb3d7ae1860d3178e66,delivered,2017-10-26 20:48:45,2017-10-26 21:50:10,2017-10-31 22:05:55,2017-11-03 20:30:05,2017-11-08 00:00:00
8223107cabf23c4fd8b27fa1f0fb23ca,6122710afe884cc215271d9c7eb5017c,delivered,2017-08-25 15:09:04,2017-08-25 15:30:11,2017-08-30 17:33:15,2017-09-08 20:46:40,2017-10-10 00:00:00
b70c582d2629b16c2612288f487c3b71,800d5a2850af92d17fed3f58ed78434f,delivered,2018-06-16 12:41:04,2018-06-17 12:35:12,2018-06-20 15:04:00,2018-06-22 19:36:26,2018-07-13 00:00:00
7d6dfedeaa48f563f42198ded2435e90,5c970fdfd41f74aca5839029dc1e069a,delivered,2018-01-15 18:58:12,2018-01-17 04:31:17,2018-01-18 22:27:51,2018-02-08 17:22:46,2018-02-19 00:00:00
1a82d77d4c9fde66fd0fa74017f0c8b2,1a07b88192a246615a42ae06a0a7c4e2,delivered,2017-07-24 13:13:03,2017-07-24 14:15:29,2017-07-27 19:15:35,2017-07-28 16:42:15,2017-08-04 00:00:00
8f1a2a26d4f0ed5608a8857e0e88b7ad,725053273ea08ee2997d63e7a36b984c,invoiced,2017-01-27 18:18:31,2017-01-28 10:32:58,,,2017-03-21 00:00:00
03d631cfa59f71c4a9cd31a6bb7467fe,f93b631ae6e592bbe9dbd11ad77af237,delivered,2018-06-04 11:01:31,2018-06-05 14:31:50,2018-06-11 14:41:00,2018-06-18 16:24:54,2018-07-19 00:00:00
5938114522194bd566d9f5a5cd9dcb88,a2c33e1a7269f9622629b73e1b6baa4f,delivered,2018-08-08 20:10:10,2018-08-08 20:25:10,2018-08-09 14:22:00,2018-08-10 21:41:42,2018-08-15 00:00:00
dacf07b003ccc1ffbf3d890a402329f8,7cda83c1b0ab225fe4afb8d9d28c7fb5,delivered,2017-02-12 16:03:25,2017-02-12 16:15:21,2017-02-24 10:38:59,2017-03-02 12:05:57,2017-03-21 00:00:00
93fe3d332271d38d6974bec644168f57,cb549c1deca0377593482067838961de,delivered,2017-09-30 19:56:40,2017-09-30 20:14:26,2017-10-02 16:28:19,2017-10-06 22:36:50,2017-10-25 00:00:00
e6179e66e05b531c6f8ad2b292717091,cb97d1bf364dd9bbb2a3897fef633e52,delivered,2018-08-06 13:16:55,2018-08-07 04:05:15,2018-08-09 12:48:00,2018-08-13 13:14:51,2018-09-05 00:00:00
33ab2dc79c51648bd7787cdf4d64f656,1cd10497d4870eecd91328b511f698c7,delivered,2017-05-22 19:18:00,2017-05-22 19:32:24,2017-05-25 16:09:30,2017-05-30 10:28:40,2017-06-12 00:00:00
95dc0bd3155ab8bbe4d5076ea9658805,a0e0e61ee7da5fc5cc8333cff7f4e90a,delivered,2018-05-29 13:38:10,2018-05-29 13:58:09,2018-06-06 15:01:00,2018-06-18 19:26:34,2018-07-11 00:00:00
7772d2a6ca50ce99296982433145582b,a83bf4c5b74243416480fa16e9de9147,delivered,2018-04-12 12:00:25,2018-04-13 18:11:55,2018-04-16 20:18:27,2018-04-23 20:32:01,2018-05-08 00:00:00
39d6c184d14f581569167a7e10e7c4e6,0d0ae553fca94b2bf35ba0ae7aed60aa,delivered,2018-06-18 13:53:07,2018-06-18 14:19:17,2018-06-22 16:02:00,2018-06-26 16:18:40,2018-07-13 00:00:00
f442020e13b718d40746ce039d97b4c2,1e141bc0578f55009f9a7ba90d846d75,delivered,2018-01-04 15:29:14,2018-01-04 15:47:21,2018-01-05 19:48:58,2018-01-09 19:16:34,2018-01-31 00:00:00
b16d1a2fcbe45897eb78950e1b542c63,0bdcc03d8ea14230b19bdb4efdc87963,delivered,2018-04-05 11:05:44,2018-04-05 11:28:04,2018-04-05 21:16:44,2018-04-11 12:54:48,2018-04-23 00:00:00
d91a712b4ecf0cba1183e01e2808599c,c7e113c903312c8a63623f58530dae9a,delivered,2018-01-16 17:24:39,2018-01-16 17:32:47,2018-01-18 17:13:13,2018-01-29 18:28:58,2018-02-22 00:00:00
145c086f0f81f9801a8acbb2c514644c,5581302de852c09823ec2e0fd3c46d82,delivered,2018-08-17 15:33:29,2018-08-17 15:49:43,2018-08-21 08:18:00,2018-08-24 17:31:44,2018-08-30 00:00:00
862ec83f2ebeb547ccece5ad0f8d6332,7794a175e2771699e4dd7b1e141451e0,delivered,2018-08-10 12:24:44,2018-08-11 04:35:17,2018-08-13 15:10:00,2018-08-17 14:28:48,2018-08-27 00:00:00
c7d8dac1459971c7bc85e373e9d332fe,87bb2e06d2f954566b07b7f5304632e8,delivered,2017-05-01 22:43:15,2017-05-01 22:55:13,2017-05-02 08:24:14,2017-05-13 07:11:44,2017-06-02 00:00:00
c41d48eaf09ea5de1864866821efe3c1,0ada8a74b033323d122247743366e898,delivered,2018-06-06 11:14:45,2018-06-06 11:54:18,2018-06-06 14:21:00,2018-06-20 01:08:50,2018-07-24 00:00:00
b568baf5f9de4f5061af828f1dc4e6ff,8eda31e4efd069e42b3a3bfd80ac5b7b,delivered,2018-03-10 22:13:00,2018-03-10 23:08:01,2018-03-12 21:34:35,2018-03-26 22:22:10,2018-03-28 00:00:00
bd0877736ee7b208ff7f86b6958ca2b2,640cc2572fb312376699744ed394f935,delivered,2018-01-22 10:55:26,2018-01-23 18:16:26,2018-01-24 19:15:54,2018-02-01 22:25:26,2018-02-15 00:00:00
9abcbe39820292dab15332cef33e7a3c,8fc079be60df7208407f6cad7ba33bdf,delivered,2018-01-04 01:56:56,2018-01-04 04:55:33,2018-01-05 00:38:59,2018-01-20 12:23:58,2018-02-05 00:00:00
af24a3faab712b73932f3a71d003212b,e4a4c0617aadb80e8ef6b6c3ec271f18,delivered,2018-08-16 21:22:07,2018-08-16 21:35:10,2018-08-21 14:55:00,2018-08-22 15:08:47,2018-08-24 00:00:00
8fd0fd2191425dcaa1ec74d95c0b5aa9,59bb282506ee6f833d9133ce9fc67ae8,delivered,2018-01-07 13:49:54,2018-01-07 13:57:24,2018-01-09 23:22:55,2018-01-13 16:48:03,2018-01-24 00:00:00
02de1e44936e56ddc1621c46d86bf91e,c4c369211d1aaab90c8e097f6939dda2,unavailable,2018-08-21 12:21:00,2018-08-21 12:35:12,,,2018-08-29 00:00:00
3c0be21119f52aa359b9adc51824ac6d,03d4f8c8cd112d8756d88741497d1f8c,delivered,2018-04-02 11:56:48,2018-04-02 12:10:13,2018-04-03 19:05:09,2018-04-20 21:42:12,2018-04-26 00:00:00
8c264bdab8e3874de8f4af9227b4b982,d782ee1fb732ce94cceb663a9f35ac08,delivered,2018-02-15 21:25:43,2018-02-15 21:35:22,2018-02-17 17:58:28,2018-02-21 23:18:53,2018-03-09 00:00:00
518544c830031ab14b63e9e684f0b1ab,3b6849efd98cbfe4389e5742b705de5f,delivered,2018-05-09 15:17:51,2018-05-09 15:37:06,2018-05-11 14:31:00,2018-05-18 19:38:46,2018-06-06 00:00:00
66b073eb59202fd98ae224db60ccb476,a5ae10c4cf5d68123ae82de71e884f24,delivered,2018-01-18 16:56:51,2018-01-18 17:13:02,2018-01-25 22:54:33,2018-02-01 12:37:39,2018-02-08 00:00:00
ce80533c6ef9cf6f226eca01ac2cabb0,4fd1b41e58332912030e868ae13d19d6,delivered,2018-06-13 21:20:34,2018-06-13 21:38:30,2018-06-25 13:48:00,2018-06-29 22:28:40,2018-07-25 00:00:00
64d02f4ae7e52cc423b0b8790e8760d3,69c783442bd511f3ee92190fef31e979,delivered,2018-04-03 18:26:29,2018-04-03 18:49:50,2018-04-04 20:38:36,2018-04-17 12:45:41,2018-05-09 00:00:00
aec0f45f4c980472a8293f2213d49a19,586c5d40d590f4fbb0ad129e21c09ff0,delivered,2018-07-31 15:45:23,2018-07-31 16:44:15,2018-08-13 14:45:00,2018-08-16 15:06:42,2018-08-16 00:00:00
bb26b9f1f2801c2bd60622b82bbb533b,eac31f11abf9c6c544a319d3094ef835,delivered,2017-07-18 23:17:20,2017-07-18 23:25:20,2017-07-26 15:25:54,2017-07-27 13:16:28,2017-08-04 00:00:00
36ddc5f19d31a8d744d01bbbd1d11321,0c899011c2b518fac4cf807a57f4fd7f,delivered,2017-04-10 11:58:16,2017-04-11 03:55:16,2017-04-12 16:17:39,2017-04-20 09:33:14,2017-05-11 00:00:00
bd46ff5e482fb156dfd64d503cda8b78,e507401ad0ed79ab3f14746a0c9a4f9f,delivered,2018-04-24 20:04:01,2018-04-26 04:10:45,2018-04-26 14:43:00,2018-04-30 18:28:22,2018-05-10 00:00:00
971d58b94f7bda9a79f4847e1509a433,c6e12a66b9241b3d544ec4d4854b5472,delivered,2017-02-07 23:16:34,2017-02-10 10:45:09,2017-02-10 11:31:36,2017-03-10 08:54:02,2017-03-10 00:00:00
c3783793e341d4996dfbc614da1dee70,37d6134ef2c3b5e31ace91cb608c2784,delivered,2017-12-12 04:45:54,2017-12-12 04:54:33,2017-12-14 18:59:24,2017-12-20 17:28:53,2018-02-05 00:00:00
b5a290773b1946d7fd79425b488b0e8b,95fda3c2a70a5834ec54463c77b5f10e,delivered,2017-04-21 19:21:21,2017-04-21 19:35:39,2017-04-27 11:24:46,2017-05-03 16:26:45,2017-05-17 00:00:00
6574995f241f25d2de43c86d1031680a,523480f61a2b701291d0ead14ad3f7a2,delivered,2018-01-24 21:14:26,2018-01-24 21:33:09,2018-01-25 23:09:45,2018-02-06 17:15:49,2018-02-20 00:00:00
4f6e7f64edf1a47b80bf8d8645fc6d3e,c2321e6be26e2a95d3738900a4d0910d,delivered,2017-08-29 17:56:41,2017-08-30 02:16:15,2017-08-30 20:35:26,2017-09-08 18:43:45,2017-09-19 00:00:00
f211ae6ccda8a2087cb211dfb3226331,dfd032545bdc92f4f38a14a6a3483ea9,delivered,2017-09-11 19:12:36,2017-09-11 19:23:25,2017-09-12 19:19:55,2017-09-20 16:43:48,2017-10-02 00:00:00
fe4021e2697d2b86229336b10e91128c,ef4a7e00da775a66a09b485e5a6d9910,delivered,2018-08-04 20:42:37,2018-08-04 20:50:16,2018-08-06 13:09:00,2018-08-07 19:36:52,2018-08-09 00:00:00
46d740c3925f87cab7d14d4e55cc47a7,c13dc09f81d5e2fa66a5f1eca8e13e27,delivered,2017-12-05 15:29:54,2017-12-05 15:54:23,2017-12-07 20:28:24,2017-12-20 19:03:16,2018-01-10 00:00:00
1c8ea3262201c0562eccbcefff3da202,40bbf05156775873f7c2540c0429b95c,delivered,2018-08-26 19:22:51,2018-08-26 19:35:22,2018-08-27 12:27:00,2018-08-29 21:05:23,2018-09-17 00:00:00
0e8fd0b4ba98fa3f6000945352e0b8ff,ed8351f17a80cbb1e4c7c457c95dad24,delivered,2018-04-15 22:14:26,2018-04-15 22:29:59,2018-04-19 20:32:33,2018-04-20 21:33:03,2018-05-09 00:00:00
91ce7ca124af689166db5eeed6f67a58,5123a836ba289609cd3d54332637ca88,delivered,2017-11-25 23:11:44,2017-11-25 23:32:59,2017-11-27 22:41:42,2017-12-05 14:55:03,2017-12-15 00:00:00
19b9083421d73aac95bbafa1972dbc45,b25516225aaee75742ba090f74f31617,delivered,2017-07-15 20:14:20,2017-07-15 20:43:27,2017-07-17 20:07:45,2017-07-18 15:53:17,2017-07-28 00:00:00
dadcb1104ce71e829a38e9157aef966c,080933fe6f300949c6b48b00732d5e97,delivered,2017-10-28 19:41:01,2017-10-28 19:55:08,2017-11-01 23:37:39,2017-11-14 18:42:08,2017-11-23 00:00:00
b9189dcba2f5219bc348356dce47d124,35dbaf9c728f87f4d2f717370aa3eb43,delivered,2017-12-08 09:53:46,2017-12-08 10:10:43,2017-12-11 18:53:53,2018-01-08 18:48:11,2018-01-17 00:00:00
ece689b6d40d88ddb1a8de932fe6572a,cc6e42c563a93cee3aa22a189e539673,delivered,2018-01-24 19:08:35,2018-01-24 19:19:29,2018-02-01 22:27:54,2018-02-22 19:13:54,2018-03-08 00:00:00
5a758a59824aea6222170f9aab45fb0c,433cd14199b043103e85cd46b7e4563e,delivered,2017-11-16 12:03:01,2017-11-16 12:15:41,2017-11-21 09:37:04,2017-12-01 20:18:40,2017-12-08 00:00:00
e5d3a9fd67a092461d0a4e3feb145fb5,dcca41a026a2c9326ed70adf39220274,processing,2017-12-24 13:33:13,2017-12-27 04:07:00,,,2018-01-19 00:00:00
11b4e9ae5ca811613824353594fa6044,03f0e10539f9f25c2614e50a42464f36,delivered,2017-08-30 21:47:24,2017-08-30 22:04:40,2017-09-04 15:14:48,2017-09-12 11:20:03,2017-09-21 00:00:00
ad263bc9111c1e0cbb780c4b7c1009e6,990bde3076343bfd17ad481ad171ba5e,delivered,2017-07-27 22:14:32,2017-07-27 22:33:53,2017-07-31 21:56:58,2017-08-25 15:54:59,2017-08-30 00:00:00
4208e0572e65c16a2f0baf86da665105,da72cc07bc64f329ef6a246774aea30a,delivered,2017-06-06 14:43:08,2017-06-07 02:25:29,2017-06-09 08:31:37,2017-06-19 12:12:58,2017-06-27 00:00:00
5876a929c1a82fd6e6d173c20ea90a84,cf8aad39a4385965193dcf426ae72686,delivered,2017-11-12 16:34:12,2017-11-12 16:46:35,2017-11-14 11:27:33,2017-11-22 20:26:51,2017-12-05 00:00:00
795c82851ecf97d34d24459d11a86a40,dff05c8eceda05173f9124e80e286170,delivered,2018-05-05 10:11:19,2018-05-08 04:14:31,2018-05-11 11:11:00,2018-05-16 20:17:37,2018-06-07 00:00:00
9d078a66d307090b2efdaf4f656e885c,39e6b74713781e450f50760ba14e2bd7,delivered,2017-12-29 15:45:22,2017-12-29 15:52:27,2018-01-04 21:54:56,2018-01-09 15:09:50,2018-01-24 00:00:00
abb045c9c602e1ea87376929b298b52e,d465ddfcf048829d50693a57b19774a2,delivered,2018-05-11 16:48:19,2018-05-11 17:08:29,2018-05-15 14:04:00,2018-05-19 16:04:08,2018-06-04 00:00:00
1096a1eeabcd71f259a741685744a77a,95fd44072533bf3f63a80ae485cd0f47,delivered,2017-07-15 12:56:04,2017-07-15 13:05:13,2017-07-20 17:42:19,2017-07-26 13:17:27,2017-08-04 00:00:00
7583d4508d71f9aa7f656c86bee40403,b22b31f30e0506f75026a49e6ad448a9,delivered,2018-02-19 18:48:04,2018-02-19 19:50:42,2018-02-20 18:58:00,2018-02-21 21:09:15,2018-03-05 00:00:00
2ae6d828f4cf351ecb662a1f2c30aa93,f1a9c96003c11814dc06fbe8f0ceed08,delivered,2018-05-07 17:50:10,2018-05-09 03:51:43,2018-05-09 10:09:00,2018-06-06 18:29:53,2018-05-30 00:00:00
1bab677b9e102b60c7e4886e44d57a98,414e2ac71d455f634d69e610e2fd3b39,delivered,2018-07-11 13:34:29,2018-07-11 13:50:25,2018-07-17 08:58:00,2018-07-23 15:32:28,2018-08-06 00:00:00
9a7d887bfce614393f07fa23c246e26a,4b7553dbf3a04e96d116743c937799be,delivered,2017-07-08 09:44:05,2017-07-08 10:03:40,2017-07-11 19:22:30,2017-07-26 20:56:44,2017-08-17 00:00:00
c47922259d4b3e4ebabff76d8dbf3f31,0fb2d5ea71450c62f5a0c94c0fb18de9,delivered,2017-05-20 11:40:05,2017-05-20 11:55:10,2017-05-23 08:17:23,2017-05-29 06:53:49,2017-06-14 00:00:00
a19276c07c1ec9208f52e764a44acaa7,7e9d165149e0c65112e2b9118b8e6378,delivered,2017-11-29 08:37:46,2017-11-30 02:26:51,2017-12-05 20:39:11,2017-12-13 18:53:11,2017-12-29 00:00:00
c2d771090d760b5ca0ba96a3c071c7db,20ef37d0d06b9aadbbb7b9598a22ff00,delivered,2017-04-01 20:41:22,2017-04-04 06:02:40,2017-04-04 11:05:03,2017-04-13 13:13:49,2017-04-27 00:00:00
93bd79ce4cbbcddae2963fd0c72d8f2b,b4ffb5777affaeab3b4ad438be89bb52,delivered,2017-12-10 11:11:52,2017-12-10 11:19:32,2017-12-11 17:19:01,2017-12-21 23:19:08,2018-01-04 00:00:00
8eb725aada1a0c4ee389c877da70d60d,72716c2ef0c1dd56d24fd84dc05a52c4,delivered,2018-06-07 22:37:37,2018-06-07 22:55:51,2018-06-14 13:41:00,2018-06-25 15:42:46,2018-07-05 00:00:00
dd1130c58ae85a282c4cd0cddaccd0ef,96f28de095b89e2ea36a96baf583ac8b,delivered,2017-12-11 08:56:47,2017-12-11 09:10:44,2017-12-12 18:29:27,2017-12-15 20:48:33,2018-01-04 00:00:00
fd66e6632b45c261fbb9b6f9ab74aa1a,bedf32ef7cc10f89d907bac55e87ebe5,delivered,2017-11-20 12:47:07,2017-11-20 13:08:22,2017-11-21 17:08:15,2017-12-04 15:12:58,2017-12-08 00:00:00
32f1eaf64e65f64c1f57ef1612431740,7ee355befcd0785e65dd97657a04cd7e,delivered,2017-11-25 00:25:18,2017-11-25 02:32:49,2017-11-30 19:03:00,2017-12-02 21:03:50,2017-12-11 00:00:00
6b78266e22c19ea2fd49f03f59ef7b47,2c7a3fd723b8a905d140f3da465d51fd,delivered,2018-05-01 21:59:37,2018-05-01 22:16:31,2018-05-02 13:25:00,2018-05-03 18:03:32,2018-05-16 00:00:00
eae17f30c263c86c54a0e3e25bc68c2c,274806c300bc5cfe6d0b7f7ce78e40b6,delivered,2018-06-15 14:44:05,2018-06-16 14:58:53,2018-06-19 15:59:00,2018-06-22 14:58:40,2018-07-13 00:00:00
6d9f1e084075088c799d8294e1d7de68,75ac4603b7eef3b8782502ebcdcbb7b3,delivered,2018-02-20 12:33:05,2018-02-21 12:30:31,2018-02-22 00:04:03,2018-03-02 01:48:25,2018-03-12 00:00:00
c6b196c8ebc671076bea1b0a7436d63a,58abd785d443ebf094b3a21047613fca,delivered,2017-08-08 09:41:56,2017-08-10 03:23:56,2017-08-16 21:30:03,2017-08-17 19:42:56,2017-08-23 00:00:00
3ebbc94bea59a7fe58bc005380016f89,824755e9d32c54bcbcce34caa2795dec,delivered,2017-05-31 22:11:51,2017-06-02 04:22:58,2017-06-06 14:22:51,2017-06-19 21:13:15,2017-07-10 00:00:00
eb1f3da7958fed6a49e424484ba5a659,3a729c5b77a295eaf97fcc59b35812b8,delivered,2018-02-05 21:16:55,2018-02-07 03:10:37,2018-02-07 23:14:29,2018-02-26 15:49:07,2018-03-09 00:00:00
40b1c90528443b00c5f0e9b35471aab0,938d7c6ca75d21eaead497f169ac197e,delivered,2017-11-30 09:34:08,2017-12-02 09:38:18,2017-12-05 17:23:29,2017-12-13 23:17:12,2017-12-27 00:00:00
85cfaced617bb14d7aa5eeacad8c6ee4,afb0f17098ab2eff6209b100c0445bc2,delivered,2018-08-02 14:19:13,2018-08-02 15:00:06,2018-08-15 12:03:00,2018-08-18 18:09:01,2018-09-10 00:00:00
7e6d0e5b8f1f04ddb5b183f33aec691e,cf7bd0afe75cb2a81bfb9068d7be48d3,delivered,2017-10-04 21:39:30,2017-10-04 21:49:27,2017-10-05 16:45:04,2017-10-10 17:12:33,2017-11-01 00:00:00
71878492905b9eb6912a662262b53614,59e9e313d8ad315f87096152ca093678,delivered,2018-01-11 10:54:31,2018-01-13 04:55:16,2018-01-15 20:25:00,2018-01-26 21:28:52,2018-02-01 00:00:00
591eeea2a5c1e61b86b952cda475385a,ed0e1816a16e9dc9276b3b6afc83daab,delivered,2017-06-20 14:53:28,2017-06-20 15:03:30,2017-06-30 12:36:00,2017-07-12 21:19:46,2017-07-19 00:00:00
90a2b2da168b833dcca42bdb705790c5,5a70fb925bf88748e2ce9e6ff1fa8548,delivered,2018-04-18 14:13:15,2018-04-18 14:32:53,2018-04-19 21:12:00,2018-04-27 21:12:07,2018-05-15 00:00:00
ca67b029ed798e97aaf9397c40fef499,cc0a94119a98f1c84c85dbcfc346a3d9,delivered,2017-03-21 10:04:46,2017-03-21 10:04:46,2017-03-23 15:26:51,2017-03-30 14:23:28,2017-04-07 00:00:00
637c53efeb8436b5bb339182ab5d03d0,91ee6b604bbe1b4be38efa35dcd7cb25,delivered,2018-08-20 10:52:32,2018-08-21 10:10:16,2018-08-23 08:42:00,2018-08-28 19:13:32,2018-09-06 00:00:00
4f77cfb31872d2f1c30def178961585e,8a346ad0d2bed49dd45fc37b28d06f9f,delivered,2018-03-01 04:18:10,2018-03-02 02:31:23,2018-03-02 19:42:27,2018-03-19 16:29:30,2018-04-03 00:00:00
abba5f10cc4fc60d330b2cf362306d1a,4d75283fa7a9224dafc28140b8a13f45,delivered,2018-03-20 11:49:55,2018-03-20 12:09:01,2018-03-21 19:16:35,2018-03-29 21:08:47,2018-04-09 00:00:00
7090c88db4158f89d839c794cdd73272,edce8c7c09759f2efe2486aff649a7fc,delivered,2017-01-29 10:03:54,2017-01-31 04:32:23,2017-01-31 14:10:50,2017-02-07 10:18:00,2017-03-16 00:00:00
ad4725342567809f8d0b8230394585d1,80bf2dc073c61bbc818115f50bf8cb15,delivered,2018-06-27 21:05:00,2018-06-27 21:31:59,2018-06-28 13:34:00,2018-07-03 04:04:11,2018-07-18 00:00:00
6c895a26a7b113a890c888e46f106907,55eaa25f13d0d25081e707fc622c64b1,delivered,2017-02-09 11:38:52,2017-02-09 11:45:32,2017-03-03 12:43:53,2017-03-14 16:22:24,2017-03-10 00:00:00
cabb660c11fb7f6bbb5f454ea09c0b9f,72da2761ff2aeb6a4bf33d07ddf3bd35,delivered,2018-01-31 22:38:08,2018-01-31 22:50:32,2018-02-01 18:12:28,2018-02-05 19:12:22,2018-02-16 00:00:00
89bba6017e2a96f939c1a9551b4ed4a4,abf82a5533cf7417c9b24f6697ec1d58,delivered,2018-03-07 10:42:13,2018-03-07 10:55:33,2018-03-08 16:02:52,2018-03-20 00:32:13,2018-03-23 00:00:00
6500117ce488542dd566a25aac7a7d5c,feed83d6f5ab7f11166ca09074380dbf,delivered,2017-09-27 09:24:47,2017-09-28 09:28:15,2017-09-29 17:12:45,2017-10-03 23:49:56,2017-10-20 00:00:00
da00a701a6b06de5995ee998ae82ce43,e33e568062286f43312d811a7ccf21eb,delivered,2017-10-09 21:58:55,2017-10-09 22:14:12,2017-10-16 18:19:57,2017-10-27 19:56:32,2017-10-27 00:00:00
baed86a91c339967d46120d4a10038fd,6c7d908512bdbfc635e6fafd6becf1c5,delivered,2018-07-26 20:36:16,2018-07-27 09:10:15,2018-07-27 14:18:00,2018-08-06 16:28:45,2018-08-21 00:00:00
644a4d69c39a2ed9ae0b84f27a442b71,60ba596d2961c16b7fb6da94f60f0f31,delivered,2017-10-19 21:43:25,2017-10-20 02:56:40,2017-10-20 20:33:50,2017-10-26 16:53:04,2017-11-07 00:00:00
9ac3961be44625036ccce3f47ad8aaa9,820cedae2b3e3671ecca1bfd514e9002,delivered,2018-01-30 20:08:41,2018-02-01 02:52:49,2018-02-02 01:32:12,2018-02-15 00:13:21,2018-02-22 00:00:00
c7a7200ede6d21b5eac67705000af954,e12bf82749c738ad8e5fb1c11a50ebf6,delivered,2018-07-05 07:50:34,2018-07-05 16:18:00,2018-07-05 08:02:00,2018-07-11 19:06:57,2018-07-27 00:00:00
dc34d61bf65f9f7362aafd4fdc35d21a,99412ff66eabe1042d6ee2f1672929fb,delivered,2018-02-21 06:38:47,2018-02-22 06:30:21,2018-02-22 22:06:15,2018-03-02 00:58:45,2018-03-13 00:00:00
7dfc1b9142ff06ae86300fd5d601c74b,0645e6b17784d5955065584acabb7d25,delivered,2017-06-04 11:09:04,2017-06-04 11:22:28,2017-06-06 10:43:38,2017-06-12 14:04:39,2017-06-27 00:00:00
72c6c412519423a1a046bd52a9db5560,becb0b270487c14db37a07a18278de85,delivered,2018-01-06 10:59:43,2018-01-06 11:07:41,2018-01-08 20:06:28,2018-01-23 19:29:11,2018-02-07 00:00:00
d622712ad2613e0e96681da439b83a8c,aa009a607c97e3f5ffd49ef9388ff1ca,delivered,2017-08-20 11:57:52,2017-08-20 12:10:23,2017-08-21 22:24:55,2017-08-28 20:57:32,2017-09-11 00:00:00
78f74e94c8a2cebb5d569f483d54e8be,3a10423d6e0b168ef5611d79d3639ccd,delivered,2017-11-24 08:41:30,2017-11-24 09:19:33,2017-11-25 13:02:43,2018-01-09 00:19:11,2017-12-20 00:00:00
d1aa08ce1dda8d8c9fb022c9e67b496b,f4bc77282de3508bbec81bb1f8141584,delivered,2017-12-11 23:40:23,2017-12-12 00:29:07,2017-12-12 23:15:39,2017-12-21 23:08:51,2018-01-04 00:00:00
2e97c9670a0854380fe1b37038d5799c,d307d19c3dadc0ff29b784a11264c30e,delivered,2017-12-03 21:35:37,2017-12-03 22:58:10,2017-12-07 19:07:16,2017-12-16 00:42:30,2018-01-02 00:00:00
ca17ff805d3509fc245f7b04f0db93bb,53fad88e309dbc92945290896ca10a9e,delivered,2018-01-05 01:23:00,2018-01-05 01:32:26,2018-01-05 18:27:01,2018-01-17 20:26:53,2018-02-07 00:00:00
061a6c0d2222c7c9f49a21e108579b49,546c427cda01bf664853d185e4cde13b,delivered,2017-02-08 18:28:10,2017-02-08 18:42:51,2017-02-14 11:35:31,2017-02-23 19:18:37,2017-03-29 00:00:00
6dca57240c5cb67c2673be12f538a2fc,3cdeb0f3c53346d464ab1c2bbf768375,delivered,2018-07-28 20:03:29,2018-07-28 20:15:07,2018-07-30 15:16:00,2018-08-02 21:49:01,2018-08-22 00:00:00
fcadcc442807c2370f7d45ae2bcce264,c9f4a3e9c7d357935a0e2e930d24ae71,delivered,2017-03-13 14:54:17,2017-03-13 14:54:17,2017-03-14 10:49:58,2017-03-17 10:48:41,2017-04-05 00:00:00
7deef94321f75bede64577871cf3147a,70ae89551761e1b14b8bc6dcf2c117f6,delivered,2017-02-20 16:16:59,2017-02-20 16:30:11,2017-02-22 16:57:55,2017-03-01 08:22:50,2017-03-21 00:00:00
28b87f6df2b0f0ee88484a1e6f5ee3e1,ad763eb303d76b25fb70bcd724b4ce6f,delivered,2018-08-16 14:25:48,2018-08-16 14:44:47,2018-08-17 13:37:00,2018-08-20 20:07:37,2018-08-22 00:00:00
53dccb14668d654069cab1d78e4b13c1,99883bc0fdc4bd80b3f5b2526f7d66d4,delivered,2018-08-27 15:03:18,2018-08-27 15:15:19,2018-08-28 13:56:00,2018-08-30 15:22:05,2018-09-11 00:00:00
fc3fc4034dbe87b09fd9059966cb9b28,a32cf4f044238acfab8c098cb43bd3fc,delivered,2017-11-15 19:40:41,2017-11-15 19:50:33,2017-11-16 22:32:47,2017-11-27 19:12:39,2017-12-12 00:00:00
424f49a13ecd3d85a37831b62e6a1d70,164eda7a0e5ff5a4e059482981f52eef,delivered,2018-02-10 11:26:36,2018-02-10 11:47:45,2018-02-14 12:51:40,2018-03-12 22:45:51,2018-03-08 00:00:00
ab275e2c1b924e6f63d5edc630a56262,a1bcbdecd3fe55c7394b46785f758bf9,delivered,2017-03-31 15:30:55,2017-03-31 15:42:25,2017-04-03 15:17:42,2017-04-27 15:57:49,2017-04-20 00:00:00
188dd1b2a12d06a4d0ba5ca87ff47efa,815a5ec9b3714f461749e76844c5a8ff,delivered,2018-05-23 09:38:29,2018-05-23 09:56:53,2018-05-23 13:51:00,2018-06-05 20:41:58,2018-06-11 00:00:00
bf16925092e978c7d8f30e217e7ca593,c2c7905a166ac611b0423c61ad03e7ad,delivered,2018-02-27 15:17:38,2018-03-01 02:35:39,2018-03-02 12:12:50,2018-03-07 22:45:54,2018-03-20 00:00:00
e938a90514cd29b81f7e88eb8c918d12,ce5adc4a6936d649dc3c0757303dba08,delivered,2017-12-08 22:41:46,2017-12-08 22:54:21,2017-12-11 12:23:02,2017-12-14 21:36:06,2018-01-08 00:00:00
bdb9bdd2b7e7f7fa3429262ba9cfeca4,9c5a04b217ec8c874f1ef224f8847bf7,shipped,2018-01-05 21:34:39,2018-01-05 21:48:04,2018-01-09 23:47:35,,2018-02-07 00:00:00
a0123fbd74e1c68d8f3f46d14a07de6a,b4e3aa4a9b2853fedfea4ba1b3377b05,shipped,2018-01-05 22:50:53,2018-01-06 22:46:37,2018-01-09 21:59:01,,2018-02-06 00:00:00
538cce8b584cc6b13e623e781c51b181,92bed6da42dd27bb0dc2fe3a7ab8a18a,delivered,2018-05-25 08:22:11,2018-05-25 08:36:54,2018-05-30 13:34:00,2018-06-06 19:36:42,2018-08-16 00:00:00
3745b3f4f984381ce40a6804a2be23ea,a052d27ac6973583d6acbdc8049b6257,delivered,2017-04-02 10:01:36,2017-04-02 10:10:13,2017-04-03 14:20:09,2017-04-17 07:31:38,2017-04-28 00:00:00
da286fe249fa752e4b234df260764f06,4bc3f8a7ff21c10b55dda45c89ffc21e,delivered,2017-12-31 01:51:49,2017-12-31 02:06:54,2018-01-04 23:58:54,2018-01-08 22:43:12,2018-01-24 00:00:00
32c89d9ac47125b85e72ba219a4f09ac,0754629085f41398924535f8b337a630,delivered,2018-06-04 20:03:15,2018-06-04 20:12:01,2018-06-05 14:26:00,2018-06-13 16:32:15,2018-07-11 00:00:00
d73bf025952ff50e52729bd60ba12f28,80ba7144e275fc24797e4516f48f2bcc,delivered,2018-07-27 11:24:55,2018-07-27 12:04:11,2018-07-27 12:43:00,2018-08-09 21:11:45,2018-08-28 00:00:00
442ec78ed357a4b45b7a0a5b67c2f050,9cc757866e6bd3ba3424621b7da03624,delivered,2017-11-24 22:24:43,2017-11-25 01:19:32,2017-12-05 17:22:07,2017-12-08 19:03:33,2017-12-08 00:00:00
69cc23e617dbfab387624fc10fac7167,77c0e0ac4e38289361b25cfdb1845bcf,delivered,2018-08-08 15:16:18,2018-08-08 15:30:21,2018-08-10 13:51:00,2018-08-13 21:52:50,2018-08-15 00:00:00
62d9b911d7c56cf455f660eecb8ddd3a,be523244d4c82364537fea5641c2149f,delivered,2018-07-21 14:32:36,2018-07-21 14:45:09,2018-07-24 14:08:00,2018-07-30 23:09:35,2018-08-10 00:00:00
fd26a8c8e3878a1147ba180d943c6adf,44c5f85df3f278cf885d8e9f3fbdc4e3,delivered,2018-04-17 11:14:00,2018-04-17 12:15:28,2018-04-19 23:16:57,2018-04-20 23:28:52,2018-05-03 00:00:00
2d40bdf3c32d416ae6d5d50e9e28e89c,605b4650a0933260a775e682717e2be2,delivered,2017-12-01 12:39:48,2017-12-01 12:52:39,2017-12-07 16:07:44,2018-01-04 18:15:34,2017-12-27 00:00:00
41e47610109145bc25aeee4c9fa9f9ac,e92b9d4a6308ebcd6cd5054b7772eae1,delivered,2018-03-04 22:30:57,2018-03-06 08:50:26,2018-03-23 19:27:31,2018-03-26 19:58:52,2018-03-29 00:00:00
1a93b2b046feffab15c313a7c3f73504,412c5e5d336f834a27b3eabf3797b1ec,delivered,2017-09-28 19:23:02,2017-09-28 19:35:15,2017-10-03 11:30:24,2017-10-11 15:36:43,2017-10-30 00:00:00
e246ff67b33eec076f3bd915835fb531,7fad9e9ffba367c8aac8602606c9153c,delivered,2018-04-27 09:51:29,2018-04-27 10:12:17,2018-04-30 13:15:00,2018-05-08 21:03:39,2018-05-22 00:00:00
d325a0e01c66fbb30ec849e5f49ef748,f2191c2991cc7d4049394a2f7e4b4ae3,delivered,2018-02-17 12:57:46,2018-02-17 13:06:46,2018-02-19 16:42:17,2018-03-02 14:26:47,2018-03-21 00:00:00
af4b97d45b73e6581a7f25603d503efb,6a82cfc3d5cbf49c44d68e73d69f28f0,delivered,2018-06-11 15:49:42,2018-06-11 16:20:13,2018-06-13 14:32:00,2018-06-26 12:56:45,2018-07-12 00:00:00
0e3e9e19e36c877fbd3decb94152e837,cd014939a34b3661bfc51ed62a4ce149,invoiced,2017-08-15 21:09:16,2017-08-17 03:06:04,,,2017-09-06 00:00:00
8a8d67749f79cb235dfa50f5f4a809de,54bf961dd7993c42e63fed62f478f87c,delivered,2017-12-03 19:18:13,2017-12-03 19:33:47,2017-12-08 18:24:50,2018-01-08 19:47:25,2018-01-02 00:00:00
2abe97fe40841c06d48dbde9d9df1279,59441e21de26688f409e5f0bc9aac3b5,delivered,2018-04-12 16:00:19,2018-04-12 16:10:20,2018-04-13 17:15:34,2018-04-16 23:46:34,2018-04-26 00:00:00
b0a8cc8421eab80e4bc4bc3a92cdefad,7bd9480c95eedaaf65ce1ff380212157,delivered,2017-05-04 16:23:13,2017-05-04 16:35:30,2017-05-09 06:04:11,2017-05-11 11:34:47,2017-05-31 00:00:00
6d85f03f010453a6addfef985314107d,293fbd6507fd41e12b04d9b33a93cf09,delivered,2018-02-03 19:15:43,2018-02-03 22:35:32,2018-02-05 18:47:33,2018-02-24 01:06:48,2018-03-07 00:00:00
aa120c892f79c1304455344f05773ac1,e4bcd01f073e48ced2ad06ecc560fff3,delivered,2018-04-17 15:43:03,2018-04-17 16:30:32,2018-04-19 22:38:34,2018-04-25 22:24:33,2018-05-10 00:00:00
55513026666c6f82c0826942e4e17a76,c2cf9273cab08608ee3a10e38663d514,delivered,2017-02-27 10:07:18,2017-02-27 10:22:00,2017-03-01 11:08:32,2017-03-03 11:47:51,2017-03-20 00:00:00
0b7ed5e5b6354118fdeec73b9f9fd8a9,85c864d898f25bc2b56b33d13aeae880,delivered,2017-06-11 23:27:12,2017-06-11 23:35:12,2017-06-12 13:20:38,2017-06-16 13:45:59,2017-07-03 00:00:00
26c2b0e7dd3eb988721bb042f783c80e,a02334ababbac97e012344f330e4fbb0,delivered,2017-08-02 08:58:27,2017-08-04 11:33:49,2017-08-02 20:33:04,2017-08-10 18:16:37,2017-08-28 00:00:00
abb6950b59e799ed4f6b82c5b2266983,a02b883bbb91ad13cacd6c487f78aed9,delivered,2017-06-08 13:41:20,2017-06-08 14:03:21,2017-06-12 12:21:03,2017-06-13 15:03:49,2017-06-22 00:00:00
fa666f44d0e5c50dad23a1bc4a8c2a50,3bb157ebb211d52c0dcae0a1261d49d8,delivered,2017-09-19 09:28:22,2017-09-20 02:36:27,2017-09-22 20:36:44,2017-10-09 18:43:05,2017-10-16 00:00:00
9f50c2639dfe5494951bc9d4d1a3ff87,443b534d0d27a8aa9a184d4869bcbe7a,delivered,2017-12-15 09:23:57,2017-12-15 09:34:24,2017-12-20 01:04:17,2018-01-08 18:29:07,2018-01-17 00:00:00
ab2ba1e5a2f808d58d514a5e7a650b49,39df07b7dfdde505726e222f8c91d867,delivered,2018-08-07 21:26:48,2018-08-07 22:30:17,2018-08-16 14:31:00,2018-08-20 21:54:38,2018-08-22 00:00:00
c16191c3fe1ec95b47261b2d7e0cf6f3,5e3a2c72ada2b3eebb4e370ef2da4073,delivered,2017-07-24 11:40:36,2017-07-25 03:35:44,2017-07-26 18:00:01,2017-07-27 19:59:23,2017-08-04 00:00:00
6c30e2815eb0730bf19b705661fc46e6,0a4de0e3a98545d94306bad0e1133fe4,delivered,2017-12-04 21:02:30,2017-12-05 08:30:47,2017-12-18 14:25:21,2017-12-30 16:53:28,2018-01-12 00:00:00
14b4ad3f2983687b458e0118ab3c1d5c,3eb6cbde029f25aaf299368315f7c8e8,delivered,2017-06-07 23:32:10,2017-06-07 23:45:15,2017-06-08 14:19:40,2017-06-27 18:27:41,2017-06-30 00:00:00
8f13ca9482f62f69781a1141ebad41e9,8909a5e872689bcd657af5acc104a3ee,delivered,2018-05-21 16:24:16,2018-05-21 17:33:51,2018-05-22 13:51:00,2018-06-07 16:04:12,2018-06-05 00:00:00
02e15a348e5f7ae74cd23e7904095aee,e4f455e7f3768d5ef4bc4deb24a65a30,delivered,2018-04-02 16:07:39,2018-04-02 16:30:30,2018-04-05 15:40:51,2018-04-10 23:58:36,2018-04-23 00:00:00
aa9ad68979542c3f8ed32282cafdc50b,a3daf46a16efe357bd0805ae760246cc,delivered,2017-10-11 12:15:07,2017-10-11 12:28:29,2017-10-13 19:57:41,2017-10-16 19:59:54,2017-10-25 00:00:00
4e743d407939e965ac0b7bb694e67eed,c2732a928751eaab8cb1e80e6d0a05a1,delivered,2018-06-01 15:20:48,2018-06-01 15:31:52,2018-06-11 14:24:00,2018-06-20 00:58:45,2018-07-18 00:00:00
55da0b4274a986c801b561481e1d6c78,8e014954315587b9b209c0f581dde918,delivered,2018-04-23 13:18:09,2018-04-24 18:00:46,2018-04-25 01:11:22,2018-05-04 16:43:55,2018-05-21 00:00:00
5f5c63397b4ecdb2e1bdb739b8b667c1,deebbba0098d787e7531e7b18760bfe8,delivered,2018-08-21 16:08:39,2018-08-22 04:04:23,2018-08-23 12:45:00,2018-08-29 18:42:39,2018-09-26 00:00:00
a4003270744e89d81a5b5b0a2abce572,daf9d77d7d4c32c763dff0b90f4510c3,delivered,2017-08-25 15:11:41,2017-08-25 15:30:17,2017-08-28 20:58:08,2017-08-29 15:58:12,2017-09-08 00:00:00
83649f5bef804caee20776fbd535d29d,a908befa9ea7b16082eb0b5fe34c6143,delivered,2017-10-18 21:52:56,2017-10-18 23:28:17,2017-10-24 18:28:01,2017-10-30 19:40:04,2017-11-06 00:00:00
290d464dc4d780ddcd120552cf21c640,d34922703108424a82c0905c11cb8cca,delivered,2017-09-24 15:18:45,2017-09-24 15:30:18,2017-09-28 17:20:03,2017-09-29 17:07:53,2017-10-10 00:00:00
9afe5940008858a4ff8a097632648429,22ba5362ca082f57f101cef1280da84a,delivered,2017-12-02 18:55:25,2017-12-02 19:10:48,2017-12-05 21:06:05,2017-12-07 16:59:08,2017-12-20 00:00:00
3e226f225a5d4584d0bce05c962f6adb,9478e8ea0d3f3640a537d8a0ea237deb,delivered,2017-09-13 19:41:41,2017-09-13 19:55:11,2017-09-15 16:08:01,2017-09-22 23:17:52,2017-10-04 00:00:00
b6cc0551cb569413dd9b470a5d485bf1,bb35f027f428fb5701c11d3dcbcb86a4,delivered,2017-10-24 13:32:50,2017-10-24 13:49:23,2017-10-30 15:14:26,2017-11-07 19:21:36,2017-11-21 00:00:00
75acfc4ebfc9ddb503a29002b31d8d80,46b4935e012e89972a35d8c39ed05ac3,delivered,2018-05-11 19:22:03,2018-05-11 19:37:37,2018-05-14 10:32:00,2018-06-07 18:48:47,2018-06-07 00:00:00
98fc1e61ed8365390681dd6e6a346133,233b893bc3552e17057e09914caf018c,delivered,2017-11-24 00:25:55,2017-11-24 00:57:08,2017-11-27 15:41:47,2017-12-02 00:10:27,2017-12-19 00:00:00
d57bfb04ec74aabf320e6e62442a28cb,d526e3825a9a2db7b54ec64abf1c57ec,delivered,2018-05-17 20:53:34,2018-05-18 04:15:15,2018-05-18 12:45:00,2018-06-06 22:28:40,2018-06-21 00:00:00
88fd40c08e056f063360d1d8cbd99e2b,78ba43e33d02c804740925f29aa3c870,delivered,2017-09-17 22:21:47,2017-09-17 23:20:30,2017-09-18 14:48:10,2017-09-25 18:36:39,2017-10-04 00:00:00
014405982914c2cde2796ddcf0b8703d,2de342d6e5905a5a8bb3a991c855f3e2,delivered,2017-07-26 17:38:47,2017-07-26 17:50:17,2017-07-27 19:39:52,2017-07-31 15:53:33,2017-08-17 00:00:00
ee6c0c64fe661230879a8491ce7dac76,54f0d9edf7462c205cbba39b9fbab0b0,canceled,2017-11-08 00:11:54,2017-11-08 01:26:29,,,2017-11-22 00:00:00
905b8129167452d5eb4b1bc006bb3bf6,f7b95256f6f7513e05931fd394deb33c,delivered,2018-03-19 23:08:31,2018-03-19 23:28:15,2018-03-21 20:32:15,2018-03-28 13:03:56,2018-04-06 00:00:00
975a0290ce9c9359576f69b6e00799cf,01d190d14b00073f76e0a5ec46166352,delivered,2017-11-29 00:11:03,2017-11-29 00:19:27,2017-12-05 13:32:03,2017-12-11 16:57:06,2017-12-19 00:00:00
32fd10a6af41f9d4fe5e11b25a0788df,dffe8d3fceb5181638fb7e0060d529f9,delivered,2017-11-14 14:45:22,2017-11-17 04:15:47,2017-11-22 15:19:56,2017-12-18 18:42:17,2017-12-08 00:00:00
db0f06a2eb744ec1600b4c90f1df5ded,9c96e21ca1d4fed3cd902dd77b9fca5c,delivered,2017-06-05 08:57:55,2017-06-06 13:23:15,2017-06-08 14:19:16,2017-06-27 14:45:46,2017-07-06 00:00:00
b67c515c4ce95d8b4b79cce37eaf9e23,40ab1870554d1cdbf256d2610aece700,delivered,2018-02-07 08:38:51,2018-02-08 07:55:24,2018-02-08 20:22:04,2018-02-17 01:19:00,2018-03-14 00:00:00
e5454c2facaa42d8fcf1a1c5ab585666,c577a3560a4ef759e583df6ba85764d4,delivered,2018-03-13 18:49:26,2018-03-15 03:16:20,2018-03-19 17:22:29,2018-04-06 17:19:05,2018-04-10 00:00:00
7955932652dd77da3bc7f63d87502949,6cdcee40c0e4647550d48eadfe708403,delivered,2017-12-04 09:40:05,2017-12-05 11:08:39,2017-12-07 16:57:12,2017-12-26 21:14:13,2018-01-04 00:00:00
a4c669715198e1c9b87995ff9da64ee5,412dc9ce85f518db3db97b155aa0924f,delivered,2017-11-02 17:25:26,2017-11-04 03:15:23,2017-11-08 18:51:39,2017-11-13 14:46:56,2017-11-30 00:00:00
6f4719ee5e7d76f4a81d919ed3927f89,2764c69742ee4a74dfa5bceb26be7536,shipped,2017-06-25 16:49:51,2017-06-27 03:50:27,2017-06-28 11:37:56,,2017-07-24 00:00:00
c0d51e9a78ec5b240836342d1ada7d1c,e0ac205752138fe132560b033be7f9d4,delivered,2018-02-23 12:46:42,2018-02-23 13:10:10,2018-02-26 15:42:52,2018-03-10 13:26:50,2018-03-16 00:00:00
8260ced16669ee5a61ca903988b3e0b0,043dcc3db797a03b132fb63e753c309c,delivered,2018-08-05 21:50:52,2018-08-05 22:05:20,2018-08-07 15:22:00,2018-08-13 23:51:40,2018-08-23 00:00:00
49647412596db97b7d3b1b7140d380dd,20a38eae4d019909633a769ff6b53402,delivered,2017-03-22 14:20:09,2017-03-22 14:20:09,2017-03-27 13:04:54,2017-03-30 15:27:10,2017-04-24 00:00:00
e2ee779edcba1ef236bcfe0260dfa5d5,81f10b625ff76949f3d454776b55ce31,delivered,2018-01-29 19:37:34,2018-01-29 19:53:46,2018-01-31 14:23:06,2018-02-15 22:55:07,2018-03-08 00:00:00
7ff6698abef65b2c5105240280827312,ef5ec7047232387bacf5052c5de7e4b0,delivered,2018-06-20 17:18:05,2018-06-20 17:41:41,2018-06-22 14:07:00,2018-07-02 19:51:02,2018-07-19 00:00:00
843ad442f1f401e52f43a4b176e211fa,07aab738b58fc42a719e00167d13a7e6,delivered,2018-06-11 00:49:12,2018-06-12 04:35:51,2018-06-15 14:48:00,2018-06-27 12:32:13,2018-07-17 00:00:00
c78ef951d29d8e1af5f1f807a64af309,04d70d1856e89f6f07b217728eca4daa,delivered,2017-12-27 00:22:18,2017-12-27 00:34:19,2018-01-03 20:23:32,2018-01-05 17:14:24,2018-01-16 00:00:00
bf12f28c7dc6d25a5427ca0ceebff36d,a0e89f9dfbebeadd73de6bb72471decf,delivered,2018-03-20 15:14:17,2018-03-22 02:55:40,2018-03-22 21:54:52,2018-04-04 16:12:39,2018-04-13 00:00:00
1fcbc88015c88c1a14d4b8ec35ea8ed7,71daf4742c71b01ee39793dc973b5591,delivered,2018-06-30 14:37:39,2018-06-30 14:50:14,2018-07-03 06:02:00,2018-07-14 11:44:29,2018-08-08 00:00:00
b4580174bbfb1dacc6e2cd89251d842a,25fcf13e3c9b675d599bc5c4ffbc8398,delivered,2018-08-25 15:44:41,2018-08-25 15:55:21,2018-08-27 15:02:00,2018-08-30 14:32:44,2018-09-13 00:00:00
a9eec1b45478f7ed063439b8f7506807,2995f8ff3dd359e487a35225923d8ca1,delivered,2018-03-18 11:33:08,2018-03-18 11:47:45,2018-03-21 18:38:52,2018-04-10 23:38:36,2018-04-09 00:00:00
5c12a7dbc8a84fd45bcd6c752b0f39c7,291d88320a4586c8102b11eb0cacc89e,delivered,2017-08-15 00:39:44,2017-08-15 00:55:13,2017-08-15 16:40:22,2017-08-28 17:03:28,2017-09-06 00:00:00
76a2657666ce6a681245c40f6e019f02,d9f0bf605d60943108b07783e16ff7a3,delivered,2017-10-20 20:34:31,2017-10-20 20:49:07,2017-10-23 21:36:01,2017-10-24 19:42:22,2017-11-01 00:00:00
c08e5df1a92601e1670f2c5a1f505120,e12c964a270185697ed15ce5f489b10f,delivered,2017-12-14 23:20:30,2017-12-14 23:32:58,2017-12-18 18:32:04,2017-12-20 00:33:54,2018-01-03 00:00:00
a3b927c51437337e77444db1bb825d6e,82d6424cf3f62273074a1c5a3b4ca8d0,delivered,2018-01-17 14:16:43,2018-01-18 02:11:55,2018-01-26 17:19:10,2018-01-31 17:27:10,2018-02-08 00:00:00
105c8065870ce3813b08dd00d41d5d80,a6e53fd515f3e439c4fb6b8eb53b8011,delivered,2018-01-16 10:30:29,2018-01-16 10:50:40,2018-01-19 20:50:03,2018-01-23 00:33:31,2018-01-31 00:00:00
7040178baab72ebdfd434cb84ff6e863,47991a53433aaa66f7847608c1fdf716,delivered,2017-10-13 11:01:58,2017-10-13 11:14:27,2017-10-16 12:36:05,2017-10-19 15:15:13,2017-11-06 00:00:00
90ee8b2a22737bb4eec65899b343eedc,2f4cdad5a9d7f771f5f8998c29e14072,delivered,2018-04-24 12:20:53,2018-04-24 17:10:42,2018-04-24 22:42:12,2018-04-25 22:51:24,2018-05-08 00:00:00
646484e2931fb5d965e847f865fbc26a,5c8e83c881311741e0b462641ae02f0d,delivered,2018-05-10 10:30:41,2018-05-12 03:32:32,2018-05-15 14:44:00,2018-06-17 14:18:46,2018-06-01 00:00:00
1c3d1315dc72229743f547e636541c97,a98edc8907c8aec05461c4401ae51f28,delivered,2018-01-25 13:32:33,2018-01-25 13:50:16,2018-01-29 20:57:52,2018-02-10 01:38:42,2018-02-20 00:00:00
21dcd7ede33a335560d594e78f70499b,83829af919c82f52ae2a979182c900db,delivered,2018-04-24 18:30:34,2018-04-25 03:30:19,2018-04-25 11:40:00,2018-05-02 17:32:59,2018-05-11 00:00:00
ce1ff723c906d3afa568e154b0a0b303,6a19ac84bf2726d10dd11c0c7c8bed3f,delivered,2018-07-24 07:04:19,2018-07-24 11:20:26,2018-07-27 10:52:00,2018-08-02 21:48:48,2018-08-16 00:00:00
6c54ede964379de26323adc42faab3d1,3bca6195513d7192d71d05f86496d6d5,invoiced,2018-05-17 16:35:44,2018-05-18 16:35:29,,,2018-06-05 00:00:00
fd6822aef9479a47f192820b4a22dd96,c1d8293d24b7d25f4013a6f416e02850,delivered,2018-04-27 10:08:55,2018-04-27 10:29:53,2018-04-30 13:43:00,2018-05-08 22:30:58,2018-05-28 00:00:00
f7b36c01be1079bc109e367668456ea9,ca74f87d0fa45cb393e5189fda923655,delivered,2018-02-04 14:21:21,2018-02-04 14:35:31,2018-02-06 01:54:39,2018-02-21 21:58:55,2018-03-08 00:00:00
90594e2a39ba4a93cae555437837e9a0,57177102f8cf83694e6a7300df6471a3,delivered,2018-04-01 17:28:15,2018-04-01 17:47:49,2018-04-03 20:24:58,2018-04-12 23:52:28,2018-05-10 00:00:00
e545a4381abd22871120cdfbd0c97a8f,fad69355802964d3c508ebd4f5db9b3c,delivered,2018-08-16 09:02:04,2018-08-16 09:15:22,2018-08-16 14:52:00,2018-08-20 22:18:32,2018-08-27 00:00:00
02b09d03f22e1da491e4d578a0bc3f90,9ad2ff61802821ec369d655bc8482e00,delivered,2018-03-05 12:17:21,2018-03-05 12:30:33,2018-03-06 23:22:17,2018-03-14 01:50:48,2018-03-22 00:00:00
c576c7d1b3c8437dfb227e02746d74e9,d50130bd392422380ee8db61b124eddc,delivered,2018-06-22 08:09:31,2018-06-22 08:35:38,2018-06-22 13:37:00,2018-06-25 23:22:36,2018-07-12 00:00:00
aa9247a7a8a840b9bc4a0755c1c8485e,157763cb611b9630c2e521ddf7465ae6,delivered,2017-12-21 10:33:45,2017-12-26 11:27:55,2017-12-26 21:22:47,2018-01-03 23:28:53,2018-01-16 00:00:00
02d0cd05f04ab2e3c1acc473b0abc865,7a8cd6b234a923bf3984d793b0b64154,delivered,2018-03-25 14:19:18,2018-03-25 14:30:49,2018-03-26 22:42:17,2018-05-16 12:24:28,2018-05-03 00:00:00
585350d8134c384f89524f203b747ee0,b274e2df6d5357cbcfa595b3addbf3d6,delivered,2018-03-30 00:46:41,2018-03-30 01:30:12,2018-04-04 04:21:50,2018-04-06 21:08:06,2018-04-16 00:00:00
daf485798ac9032e3dfa16ee39d2d75c,d90b0cdbc76f089f7aa17c6b5d3d5615,delivered,2017-11-21 17:50:04,2017-11-22 02:56:30,2017-11-22 20:54:37,2017-11-30 23:46:48,2017-12-13 00:00:00
0ad0daff42cf44b50d0bac4c64722e4f,19970def56bdc13635f5591fc47a3727,delivered,2017-04-30 11:27:15,2017-04-30 11:35:19,2017-05-05 13:58:06,2017-05-12 07:07:51,2017-05-25 00:00:00
138d22c05c5e456f19bdc7dcf09b89aa,7b3f5e33cc06406a59d69da8df6494e0,delivered,2017-03-22 06:13:55,2017-03-22 06:13:55,2017-03-24 16:03:40,2017-03-31 13:23:12,2017-04-10 00:00:00
1a9b9f5f7c4ed24f0e1e7c19cc9510a5,b2c85d49babd60f744c7f30e9d23fafa,delivered,2017-03-08 21:11:42,2017-03-08 21:11:42,2017-03-13 08:07:23,2017-03-31 12:24:37,2017-04-12 00:00:00
43070b94b6d741a764e8e1ba4a2ea91d,373facce3e17d33fec7df11c961c6ff1,delivered,2018-05-22 20:33:27,2018-05-22 20:56:49,2018-05-25 14:24:00,2018-06-04 20:52:31,2018-06-11 00:00:00
efdaf1dc3d38b68061394b681ca45ff8,ef7853389475cd296ce1a01dda4babd8,delivered,2017-07-23 18:33:21,2017-07-23 18:45:15,2017-07-24 19:56:41,2017-08-04 18:22:23,2017-08-29 00:00:00
f7485abcf1f560757db577b02f448bcc,40d73d7b16901d42c23c50e9c770720e,delivered,2018-06-05 09:31:33,2018-06-05 09:51:34,2018-06-07 14:02:00,2018-06-13 17:18:44,2018-07-24 00:00:00
8eddde296db4009f424c7a91011b7be0,76ffdd319555663e8a28ed983516ca28,delivered,2017-06-06 11:28:05,2017-06-06 11:35:13,2017-06-09 11:38:58,2017-06-28 16:04:12,2017-07-27 00:00:00
d87d66c849378ef6a1e7a835e8e291f6,84f4b2b20674536fd92af8f81a3cb87f,delivered,2017-10-02 21:39:37,2017-10-02 21:56:25,2017-10-04 08:36:02,2017-10-10 04:24:35,2017-10-27 00:00:00
533332b5a2d62c83b06014f8639e680e,251b5b179395208f3fe1c8f5cb34a5d9,delivered,2018-03-05 07:28:42,2018-03-05 07:48:29,2018-03-05 20:54:32,2018-03-07 15:57:43,2018-03-15 00:00:00
7159096c5aa9be77f7f0c26c01ee9793,d8f3aacf5cf5ddf9ceef4ad39e874c98,canceled,2018-03-15 10:06:35,2018-03-15 10:29:39,,,2018-04-06 00:00:00
c478aa87a01bd4882dec6d81fda7897e,b598067288f42e1d97eeea14bd3cd988,delivered,2018-06-01 16:44:06,2018-06-01 17:13:12,2018-06-04 10:55:00,2018-06-15 18:15:50,2018-07-12 00:00:00
2bac0e4ee630644314f550d7c72906b2,b1f9e981c87fbcdd97d9399bc256d494,delivered,2018-01-12 18:43:34,2018-01-16 03:34:34,2018-01-18 18:42:42,2018-01-28 16:18:47,2018-02-06 00:00:00
cc737f6057a400beb02b2cb82d476eae,6c9a1c38521724d0ccc935a234823e55,delivered,2018-01-03 20:41:11,2018-01-05 02:33:36,2018-01-05 18:56:48,2018-01-08 16:18:33,2018-01-19 00:00:00
b2fb15f025928415eebbfd3132b0dfbc,47014bb0e74e35a5b83df78c45f41c32,delivered,2018-05-28 18:01:46,2018-05-28 18:15:15,2018-05-29 13:11:00,2018-06-07 16:02:46,2018-07-05 00:00:00
8f718a20b0ffe6ea4f025668047da0fb,9c38417c91f0628f510590382a63ece6,delivered,2018-01-08 17:18:27,2018-01-08 17:31:22,2018-01-09 15:34:39,2018-01-16 21:51:28,2018-02-14 00:00:00
d4d2c321f31001c74f7d891f173a277c,55d413947e32a818250f7dd43cf39704,delivered,2018-02-10 09:04:40,2018-02-10 09:15:21,2018-02-14 16:18:01,2018-02-20 00:05:59,2018-03-08 00:00:00
daf8742a55a82df5518ff49094a4829b,ba9de766537f34cd0372529527499f9a,delivered,2017-06-04 20:54:49,2017-06-04 21:05:14,2017-06-06 18:15:25,2017-06-08 16:22:14,2017-06-19 00:00:00
0fd3cee523a106ac501c4cf18f56a4de,c41bb9b32eecfb353668815360270496,delivered,2017-01-14 17:44:58,2017-01-14 17:55:18,2017-01-23 15:22:11,2017-01-30 10:43:29,2017-02-15 00:00:00
c97b96669af0b8d42bb6991c545614c3,39ec404a2e815f1d1a700c3df2aba180,delivered,2017-02-23 15:29:01,2017-02-23 15:42:20,2017-02-24 13:24:37,2017-03-01 13:17:39,2017-03-16 00:00:00
0ba4b12916fc52234012c61ed7ebce94,73e1d8182bdefebf6613a9b73abb0505,delivered,2017-10-19 23:03:56,2017-10-19 23:26:29,2017-10-20 18:32:11,2017-10-26 20:22:14,2017-11-07 00:00:00
ae4685fb3fe658944477ea4a3b287818,79c139ffc2cd6104c31591f80b0b8a82,delivered,2017-06-27 10:46:52,2017-06-27 11:05:26,2017-06-27 13:01:33,2017-07-04 13:55:44,2017-07-19 00:00:00
f668e8674ac35dcc80c2c00708daa430,95d4a8aad28fc10255379db381d7a677,delivered,2017-12-15 21:26:36,2017-12-15 21:39:20,2017-12-18 15:54:36,2017-12-31 12:28:47,2018-01-12 00:00:00
5ea0678e7b34c19e5ecbcdf8a3eacea2,b19259d1e65e64d1ca6f6c16001634a7,delivered,2017-03-13 21:13:46,2017-03-13 21:13:46,2017-03-15 09:49:47,2017-03-20 09:03:35,2017-03-30 00:00:00
5e73dbeacaf58a36b0b285b218313792,5510cf3ae5b05f9f7d9e73aff3889e91,delivered,2017-08-07 11:38:23,2017-08-07 11:50:13,2017-08-10 18:42:19,2017-08-14 19:35:01,2017-09-01 00:00:00
0166ae6ff6d450bbac3eb4ed2885c0f8,a3347136bb1bbf91baf78c0972e1f3ea,delivered,2018-06-21 13:30:54,2018-06-21 14:00:04,2018-06-22 11:34:00,2018-06-23 13:46:34,2018-07-11 00:00:00
a87b470c41fa3b8f3fc5280ebae30da4,2667bc80c6ede888b1ab84093e1e1a14,delivered,2017-12-17 15:42:23,2017-12-17 17:13:45,2017-12-20 22:04:02,2017-12-23 12:21:39,2018-01-05 00:00:00
8afada74ea69f220081870b340ddde98,176e693c03b12688d3f796f73a542508,delivered,2017-05-13 20:05:21,2017-05-13 20:15:09,2017-05-17 08:34:48,2017-05-23 16:44:06,2017-06-02 00:00:00
a3a38cd51c4d299f206bc73c6daaf2b9,7d68e1861e0a36c2876e702fec92adf0,delivered,2018-08-19 11:55:56,2018-08-20 11:32:03,2018-08-20 12:29:00,2018-08-23 10:18:24,2018-08-29 00:00:00
5a8a26a982045e5cd9d257b5fdef75c9,77f128633c92a6243ea55349236b8c23,delivered,2017-04-25 22:17:39,2017-04-27 13:33:28,2017-04-26 21:33:39,2017-05-12 12:17:48,2017-05-17 00:00:00
486fed80178943ecdec90413036af979,18c30a4de034e640a9c6b0b08a756ae9,delivered,2018-06-12 08:23:51,2018-06-12 08:41:50,2018-06-12 11:13:00,2018-06-21 12:32:03,2018-07-05 00:00:00
875ab1a09eb128fa4a3bcedabfb42df6,a315d6e7a55b81d0e0f794bb1e08b729,delivered,2017-12-01 16:16:35,2017-12-01 16:40:35,2017-12-05 23:58:46,2017-12-10 14:03:07,2017-12-28 00:00:00
27dd7a0387216be808ff97f5d2cf5862,4ad7136fffe9282d54b70dddaadb8181,delivered,2017-03-07 19:14:14,2017-03-07 19:25:22,2017-03-08 14:57:48,2017-03-14 05:27:52,2017-03-27 00:00:00
4d5abe7999d76d1fb6237d3677706af0,88aac7b0942dcdb41ebabf7811b106fc,delivered,2017-11-23 18:13:30,2017-11-23 18:55:39,2017-11-28 20:07:50,2017-12-19 08:58:58,2018-01-04 00:00:00
2dad0e5f5e49de74d7d561dd6fd726cb,8a326e7047361f829ca979a7d532d1b4,delivered,2018-07-29 23:39:17,2018-07-30 18:31:12,2018-07-31 13:53:00,2018-08-06 21:41:17,2018-08-09 00:00:00
c4e6c7d111d17798aa897ace9fdb33f3,639702fc05e25649d160ea04264a8155,delivered,2018-05-30 11:40:12,2018-05-30 11:50:20,2018-06-05 14:15:00,2018-06-16 17:20:42,2018-07-26 00:00:00
46f4f24ca77f8bccb2d56ad99d9d9c3c,225fdf78dae4877e7a62ad3c78caee69,delivered,2017-09-27 08:48:59,2017-09-27 09:07:09,2017-09-27 20:02:28,2017-10-02 23:07:47,2017-10-25 00:00:00
8bcb04c1ca645d109ed37389fda5dbb0,dd977fc3619f271f431181f90e305a1f,delivered,2017-09-01 21:53:59,2017-09-01 22:25:37,2017-09-05 20:13:08,2017-10-05 09:47:51,2017-09-21 00:00:00
a0fbae87b2c4f96a56e39ea7df0c1fd1,427d898b8a06d03e1e805f09d82f250b,delivered,2017-04-29 12:27:06,2017-04-30 12:35:47,2017-05-11 10:57:49,2017-05-19 10:32:23,2017-06-07 00:00:00
47e1801bc1f8eddb9969bf5fd8563712,2baba98379e3fb1bab9d4feba6b83503,delivered,2018-04-01 20:44:55,2018-04-01 20:55:39,2018-04-03 19:47:10,2018-04-07 20:16:31,2018-04-25 00:00:00
3972121d5ef0dc2053909764a4829594,819f448337cc569605146b74bb45ee6d,delivered,2018-06-16 18:13:47,2018-06-16 18:37:17,2018-06-18 15:15:00,2018-06-20 10:32:53,2018-06-29 00:00:00
bdb36280069ae2b266d0213e7ce5261b,82596b31c304bb395d531761b21d8ec7,delivered,2018-05-03 16:46:39,2018-05-03 17:09:00,2018-05-07 12:37:00,2018-05-08 17:55:25,2018-05-15 00:00:00
7bda7fb1e596f90f607376af2ca647cd,458f0c44547ae6e5a5f5fba63eaf25e0,delivered,2018-07-15 16:57:17,2018-07-16 17:31:37,2018-07-17 14:56:00,2018-07-31 15:11:42,2018-07-25 00:00:00
c8bcd3489cda84aa42f0605a7a25ad2e,b179cce6e07c86838b8d77bd1963fb99,delivered,2017-12-14 16:22:20,2017-12-16 02:51:49,2017-12-18 19:57:08,2017-12-26 20:29:58,2018-01-09 00:00:00
dbadf0264f5a2b239bea146da1b1f567,b5dd5010cf3b3b1178a8e596d7114266,delivered,2017-08-08 19:41:27,2017-08-10 19:43:56,2017-08-11 19:37:52,2017-08-18 20:15:41,2017-08-30 00:00:00
44440fdd29ac17b06eb5c690b95d19ed,a64419c8fdc7dd35d0a4464d48f70134,delivered,2017-06-09 13:14:16,2017-06-10 02:55:39,2017-06-14 12:52:10,2017-06-23 11:38:31,2017-07-04 00:00:00
f68b53b6a15fc9a6fd5c86ec6a254a62,25d7169589162a63b4ef88e30146642f,delivered,2017-08-13 20:40:43,2017-08-13 20:55:14,2017-08-14 23:03:48,2017-08-23 20:28:13,2017-09-05 00:00:00
e2a9b051883676e2f50cd619fe68bee6,c7f176bdad499af9b7c1cb90c1e73ec9,delivered,2018-05-08 09:41:23,2018-05-08 09:55:47,2018-05-09 14:43:00,2018-05-16 16:16:36,2018-05-30 00:00:00
c7b67fac688e3c0755a4255cb2919797,42cca1b19ccf60fab6d9a6ed56aeed8d,delivered,2018-01-21 16:13:53,2018-01-23 03:39:32,2018-01-24 00:04:13,2018-01-29 12:46:57,2018-02-14 00:00:00
2474ce847af8cf0b009c669d1896837a,b64a501ff90c1cc90a37033b845f8307,delivered,2018-06-06 17:59:07,2018-06-08 03:13:25,2018-06-08 15:16:00,2018-06-28 18:31:16,2018-08-02 00:00:00
fe84ed29d87230c495cd2381857dba8e,5f81c3da2ae7a183c4e9e2f64e135c91,delivered,2017-02-02 19:50:20,2017-02-03 07:01:33,2017-02-07 12:41:56,2017-02-24 13:47:29,2017-03-13 00:00:00
f18d7bf3eb0f438dc4462cd6dd40aab8,c0839934f43d715b1433b58b86744930,delivered,2018-01-10 14:08:45,2018-01-10 14:18:24,2018-01-12 23:18:02,2018-01-30 17:12:55,2018-02-07 00:00:00
af498b81b4ce487752ac7ed4650ce5a4,11de04a7a9eedbebe771d8c816b2db3b,delivered,2018-04-15 22:25:10,2018-04-15 22:51:12,2018-04-17 12:51:08,2018-04-27 22:28:21,2018-05-23 00:00:00
0406037ad97740d563a178ecc7a2075c,5d576cb2dfa3bc05612c392a1ee9c654,delivered,2018-03-08 16:57:23,2018-03-10 03:55:25,2018-03-12 18:19:36,2018-03-16 13:09:51,2018-04-04 00:00:00
cb837ba275cf8ffa9ded7e18f7743b49,e8d5a2b4873087880e7b934ec1c8f1f6,delivered,2017-05-10 04:12:20,2017-05-11 04:15:18,2017-05-17 12:56:43,2017-05-22 20:35:54,2017-05-18 00:00:00
fdf0135ca769666a6e9f28c5d6576feb,e2702eb58f552bd906ab108235cab698,delivered,2018-07-09 00:16:56,2018-07-09 00:30:12,2018-07-10 14:16:00,2018-07-14 16:05:47,2018-07-25 00:00:00
f03c93c7441f0edaa7987c4313467110,ffa5a1a8c092d41b746947a1ad4d4b84,delivered,2017-07-29 18:12:41,2017-07-30 06:43:52,2017-07-31 16:42:53,2017-08-11 19:59:58,2017-08-31 00:00:00
80242ba2ebddeb4f86af40cd158ff6fc,baab79e0d26b39fb2c5b48b108045c30,delivered,2017-12-02 08:58:38,2017-12-02 09:09:18,2017-12-04 22:15:19,2017-12-18 21:04:45,2017-12-27 00:00:00
29dd98e6aa533a04b48bbdf6427eb090,a96f1d45bce747e5b1bdb89c51f03e07,delivered,2017-07-07 17:12:39,2017-07-08 06:45:14,2017-07-13 20:37:50,2017-07-20 17:37:41,2017-08-10 00:00:00
59fa9c0df154e7b3b8bb9eb70cd4ec86,129247e08b7e3927f62abb0b6848a2ba,delivered,2017-07-18 12:38:09,2017-07-19 03:45:33,2017-07-20 21:51:52,2017-07-22 15:51:22,2017-07-31 00:00:00
6ec2d80504cd921f6d34b998ceeab690,1927d58a31e9efbc7e2453bec0071266,delivered,2017-12-11 18:56:12,2017-12-11 19:10:18,2017-12-12 23:53:21,2017-12-15 12:07:43,2018-01-04 00:00:00
98bc9215b10e8738ca566a0fa7e49b1c,c627aea5ae1e198d3134214a9805781c,delivered,2018-06-01 10:34:07,2018-06-02 10:31:01,2018-06-04 13:34:00,2018-06-29 17:28:39,2018-07-16 00:00:00
d4ba7653e82040209b738d75f32f5cd3,a7dc2c9d67fce9f53d38206c8541a8c5,delivered,2018-04-13 15:54:32,2018-04-13 16:35:34,2018-04-16 22:41:15,2018-04-20 15:36:39,2018-05-07 00:00:00
835bf4777ad72891587719f1098e3528,dbfc2fb6a9424037815a3a887c10be61,delivered,2016-10-07 08:28:29,2016-10-07 09:09:12,2016-10-11 09:09:13,2016-10-14 09:09:13,2016-11-29 00:00:00
615d26dd80fd83e9f66e00ab0d36b764,302037e19e5e8b4a502e3d66d59464e7,delivered,2017-10-26 14:52:40,2017-10-26 15:08:08,2017-10-30 15:39:42,2017-11-08 17:08:49,2017-11-14 00:00:00
2c18f34c7f29606619d5ad1f14849efc,d2fda415c994bc0421fe0759b3bed457,shipped,2018-01-21 15:28:34,2018-01-22 13:52:24,2018-01-23 23:12:53,,2018-02-19 00:00:00
1cc43aa15f7ef36eb56f30048f967574,9f19be636564daf8c3fcc8f447490731,delivered,2018-03-22 08:23:33,2018-03-22 08:35:31,2018-03-22 19:09:10,2018-03-23 13:32:34,2018-04-04 00:00:00
18e404d32cdbd8bd2886579e59240685,a151d0a2241b8c783549d938fc850ad8,delivered,2017-07-27 18:11:15,2017-07-27 18:25:12,2017-07-28 16:18:07,2017-08-15 17:18:01,2017-08-30 00:00:00
968881fd0bc1fa8d068c381b3484223d,cf77d6dc60f91af4ae0c4a5e76f57713,delivered,2018-06-05 17:19:27,2018-06-05 17:32:04,2018-06-06 07:15:00,2018-06-24 13:52:41,2018-07-16 00:00:00
99e06bf542847322a117282cd1d42c9f,eeb12b1f37cd64d8954dafd59b7279a0,delivered,2017-10-25 18:17:58,2017-10-25 18:28:20,2017-10-26 20:33:22,2017-11-08 19:48:57,2017-11-17 00:00:00
94d3ee0bc2a0af9d4fa47a4d63616e8d,832a3b0254347d409512ae92eaf154a6,delivered,2018-05-02 15:17:41,2018-05-02 15:58:47,2018-05-03 16:45:00,2018-05-14 11:54:26,2018-05-28 00:00:00
4e72ed892eda314d6c577450f3213a14,17dce92c99bb749a66103694fe26148e,delivered,2018-07-25 23:29:16,2018-07-25 23:45:15,2018-07-26 13:40:00,2018-07-27 17:51:44,2018-08-02 00:00:00
863211f4868ae3a9ed08ffcf86768db3,c59c7b7a32a7c7eb90cc00a60bc1dcaa,delivered,2017-05-22 19:26:47,2017-05-22 19:35:11,2017-05-23 15:25:09,2017-05-25 16:47:39,2017-06-16 00:00:00
a69dad4842fde907809ea35902495cc2,616c8cb69ad12f64082e7b3dbb197182,delivered,2018-04-04 22:40:52,2018-04-04 22:55:10,2018-04-05 19:42:03,2018-04-13 19:43:36,2018-04-27 00:00:00
b689fb0fc367d4d7525027003d04561e,30f2d3deb835a14a4b3b23a4c3b7bea0,delivered,2017-10-15 20:26:51,2017-10-15 20:49:08,2017-10-17 13:25:51,2017-10-26 20:22:28,2017-11-07 00:00:00
9ea62ff38e6396ea973ec12e0b09c65b,954fd7e1c818541abd4e7b5400a6299a,delivered,2018-02-02 19:39:16,2018-02-02 19:50:27,2018-02-08 22:21:42,2018-02-22 00:09:06,2018-03-05 00:00:00
6baba4edd521964e1f16b03eff660868,b45ea9acbd0aea9a6cf36bfefb9675b6,delivered,2017-04-01 10:44:01,2017-04-04 05:55:16,2017-04-04 14:34:53,2017-04-06 07:39:49,2017-04-18 00:00:00
faef9c1b3a8fe2bf0d41d30834c3c7db,499887816fac561f0a3977725ea707fb,delivered,2018-01-30 19:27:40,2018-02-01 02:56:48,2018-02-02 17:29:10,2018-02-22 21:19:29,2018-03-12 00:00:00
bea8e045e01a9594d652427ef4ae7236,f35e5fd801be940cbac8e390f8dd4425,delivered,2017-08-30 08:58:36,2017-08-31 02:50:45,2017-08-31 19:20:53,2017-09-05 22:57:53,2017-09-19 00:00:00
5930304c1503cbf5928b7e38bc52e248,338389b4ce5ff565c680373d416b9a5e,delivered,2018-05-03 14:39:55,2018-05-03 14:55:15,2018-05-03 14:47:00,2018-05-10 01:52:54,2018-05-23 00:00:00
157e702ae4f88625094537c5323fa84c,48706412b33b8cf6c6792985b1e1b028,delivered,2017-08-29 14:02:47,2017-08-29 14:15:25,2017-08-30 19:00:16,2017-09-01 16:50:05,2017-09-12 00:00:00
d3f5cac5ca660216eb21e93d54e9e384,9fab1262bba76fc0c73393a02ffcf3a8,delivered,2018-07-22 18:39:09,2018-07-23 12:31:52,2018-07-23 15:11:00,2018-07-24 14:33:39,2018-07-31 00:00:00
d44fefb376d5384ea28694a234f6b020,9b770325f9ee60095b9aaed67d103def,delivered,2017-12-14 12:18:59,2017-12-14 12:25:30,2017-12-14 23:14:34,2017-12-21 19:38:49,2018-01-18 00:00:00
80c343549e07922070b0793b2eb87df4,c635d6979164aafc07fe03ee6c2ff9ae,delivered,2017-10-24 22:06:45,2017-10-24 22:26:16,2017-10-26 00:33:53,2017-11-01 20:35:59,2017-11-14 00:00:00
da17a7a38c09dce18dcf5af9fdb27e49,ec2ba159df14ccd6ba99107d18c1681b,delivered,2018-05-08 17:46:50,2018-05-10 03:09:50,2018-05-10 15:53:00,2018-05-16 18:06:43,2018-05-28 00:00:00
7a952bb8b9ec22220fd799cd8f9f8af7,fae7d84f79611f61adb4bbb2472a2c69,delivered,2018-05-08 22:46:59,2018-05-08 23:11:59,2018-05-09 13:46:00,2018-05-14 15:32:15,2018-05-22 00:00:00
e977b374d773afa133c09a9215ed08c2,126ed0bfe9084c1d6e25f7a89c92dc5a,delivered,2017-11-25 21:38:52,2017-11-25 22:33:17,2017-11-27 22:41:30,2017-12-23 16:17:14,2017-12-19 00:00:00
d3984047994e1b9ed6b8903828d48676,c0bc3778e0ea6b3c24a2fddf11dd49ad,delivered,2018-02-17 19:47:09,2018-02-17 20:06:54,2018-02-20 01:09:06,2018-02-21 19:25:19,2018-03-12 00:00:00
0ca8999f0176e37f35b6e49a9b2569da,750f02af7b06bb81d84d3e44b9afc6d3,delivered,2017-10-06 10:52:01,2017-10-07 10:49:27,2017-10-20 20:33:58,2017-10-24 13:36:19,2017-10-24 00:00:00
b46a7e15cacce08914d49a6a7ab63270,c484483bc93fb4b372ee28d77c5a5632,delivered,2017-02-01 12:50:24,2017-02-01 13:05:14,2017-02-02 14:55:05,2017-02-08 12:36:28,2017-03-10 00:00:00
53af57634ee9a4bc06b6b471e024daa1,085709b417e35242b89058f9235c92c6,delivered,2018-03-22 21:03:50,2018-03-22 21:27:43,2018-03-27 00:22:03,2018-04-04 23:05:36,2018-04-13 00:00:00
bb25167dc960e0fdb1e0bb2934073a9c,e92d3f6f808cc6539420b8e5f46c91e0,delivered,2017-11-22 10:24:31,2017-11-22 10:35:19,2017-11-28 14:39:00,2017-12-17 12:58:38,2017-12-08 00:00:00
64a83e1ffcac29fd3073f24468a07f71,d3b5d6c78cc93e87c52febf26f3d4359,delivered,2018-02-27 18:21:19,2018-02-27 18:35:32,2018-03-02 18:12:13,2018-03-06 00:16:57,2018-03-13 00:00:00
9c571b5cc6003a7bf0a25cd54f225a1a,5f91229ab5ab4cb035ba027cf63fa8aa,delivered,2017-12-13 03:02:06,2017-12-15 10:51:31,2017-12-18 18:10:05,2017-12-29 18:15:11,2018-01-09 00:00:00
a63140ab0b3a71576d5a31bb94f448c5,6fb1531b5f636cf52daf44e0ab1ee6fa,delivered,2017-02-27 22:13:04,2017-03-02 03:42:06,2017-03-06 18:53:48,2017-03-09 13:32:46,2017-03-20 00:00:00
7538c7b3219a1c960b4a0561e2099cae,6250c68c46496b6291b9c07e7e18358b,delivered,2018-01-06 14:27:30,2018-01-06 14:38:51,2018-01-11 15:15:09,2018-01-23 22:14:43,2018-02-02 00:00:00
ad29d62dc7e0a18661b20a1ad16217bd,4573cafdc710733ba3ac33f2293667ad,delivered,2017-07-11 10:16:34,2017-07-11 10:25:13,2017-07-14 17:02:54,2017-07-27 11:44:57,2017-08-02 00:00:00
a28b3de806c533911fe9d9bb425f1650,e3ef5a42b9831a6c2a529201fcccf054,delivered,2018-05-22 23:07:07,2018-05-23 23:15:06,2018-05-24 13:13:00,2018-06-08 15:07:11,2018-06-29 00:00:00
ba2317ad828792aaba0e51a272a3b9a0,96d7d3f3f249e0407bc7e1c6d9e33629,delivered,2017-11-05 12:30:56,2017-11-07 07:30:36,2017-11-08 17:24:52,2017-11-24 00:21:24,2017-12-06 00:00:00
6e2a61e003671ce7d10f12dda7dba3e2,df067e0ec1c54163e84457bc19bffc9e,delivered,2018-04-27 21:58:45,2018-04-27 22:10:57,2018-05-04 15:19:00,2018-05-10 02:03:13,2018-05-22 00:00:00
10fadcd4de0313877f2a2a2f740d51f3,b25ba2604840f157c99b2bfe3f6c7de5,delivered,2017-11-29 15:49:37,2017-11-30 02:22:20,2017-11-30 17:12:21,2017-12-12 20:23:41,2018-01-02 00:00:00
6791e565e137a3933b0f7ba7fba46cf2,6f07bb42f6c59154127287ec0e84a528,delivered,2017-08-31 15:57:44,2017-08-31 16:10:08,2017-09-01 16:35:38,2017-09-11 20:19:48,2017-09-21 00:00:00
7b9a13b4622d657fd5c9623a26099255,dba30f3c501abf84dd57a54fd03443ec,delivered,2018-05-21 20:41:54,2018-05-21 22:56:31,2018-05-23 14:31:00,2018-05-24 22:56:43,2018-06-01 00:00:00
de2ae79d51e271f2e078baca93a2fb05,fd25e91c9eec3ae30bc819313e5c4c90,delivered,2018-03-06 11:13:27,2018-03-06 11:30:39,2018-03-09 02:52:18,2018-03-15 18:58:44,2018-03-28 00:00:00
42a774d85db214c9b8e062c034545288,d36092b7518d3eb6747ce8a0d63c4db5,delivered,2017-02-16 20:12:03,2017-02-18 03:22:59,2017-02-20 14:30:46,2017-03-02 15:19:13,2017-03-21 00:00:00
d24117f4f6ccc709599d299ac2a9f46e,8b0c3da0f0a0cf1216e2694072e5f621,shipped,2017-12-05 15:48:44,2017-12-05 15:59:27,2017-12-06 20:18:15,,2017-12-29 00:00:00
46ab5f4b3a88ae05be005f9736c0e9e6,1a455c3578447cae5fde99531bb7dc8d,delivered,2018-01-10 19:48:48,2018-01-12 02:36:41,2018-01-19 19:52:26,2018-02-01 18:26:05,2018-02-22 00:00:00
3d9650eb93f7e3a88b65616691a0126b,cbff1f00d84d9b3e20f8cee1f84f6dd7,delivered,2018-05-10 10:41:48,2018-05-11 02:57:42,2018-05-15 09:06:00,2018-05-21 20:03:03,2018-06-01 00:00:00
53d515fbf0a0d3b35e47a45a398c551d,1bece94d7b280902f62747628ac0891b,delivered,2017-07-04 15:54:10,2017-07-05 03:03:59,2017-07-05 11:46:38,2017-07-11 16:32:38,2017-08-01 00:00:00
495116fbd0be5a2ec65dea16e026ca66,96243d9386f01776c0d5777d3a26bcc0,delivered,2018-02-25 23:45:28,2018-02-25 23:55:23,2018-02-26 21:46:40,2018-03-12 22:18:29,2018-03-26 00:00:00
2df8ef770ee7c12291ed7811f4f414c5,33e2187b416aa78f830198f6dfa583a4,delivered,2017-08-19 19:34:45,2017-08-19 19:45:17,2017-08-21 18:57:41,2017-08-25 21:43:30,2017-09-13 00:00:00
ff9c2c99255c1843bf2fa114e7e35569,074f61713ca4ac97f029964c818f26af,delivered,2017-04-14 18:01:11,2017-04-14 18:10:19,2017-04-18 15:13:12,2017-05-10 05:10:11,2017-05-10 00:00:00
204b7bb2c7b43f52e126fc4aed7c97d2,fe29aedfbb7168fa45b08d47a58c9bb8,delivered,2017-07-04 14:15:26,2017-07-04 14:30:10,2017-07-05 14:16:38,2017-07-19 18:51:13,2017-07-31 00:00:00
3ba1f632cf89a08caf9837999bf827ef,00b7c3578d5231b0b60a62414118652b,delivered,2017-04-26 00:59:11,2017-04-28 11:45:02,2017-05-02 08:35:38,2017-05-11 14:28:51,2017-06-07 00:00:00
1f0e3e7a13d98443333a705e4ea42148,31a8654d467ab5c0d7a4a273272c460f,delivered,2018-08-15 07:19:56,2018-08-16 04:35:11,2018-08-20 12:28:00,2018-09-13 19:24:35,2018-08-28 00:00:00
6a2979d48eda14bfbe2d632638ae16a2,5da033622290ece3ae580551684fe3f4,delivered,2017-07-10 18:53:59,2017-07-10 19:05:17,2017-07-13 19:22:40,2017-07-31 19:27:53,2017-08-07 00:00:00
8a004a62306c4b5b0a7618f51158404e,ca31d18d41f96c51b9b1835df0370805,delivered,2018-04-07 08:45:54,2018-04-07 09:08:09,2018-04-09 20:11:52,2018-04-24 01:11:58,2018-05-15 00:00:00
69b9c3b717d29b276ed35ee72178a6ab,a510a0fa7b3c19307ea7eb8832e5829e,delivered,2018-03-11 21:33:54,2018-03-11 21:48:36,2018-03-16 19:19:43,2018-03-27 19:25:02,2018-04-09 00:00:00
b18cb761efbe70da4838435a349abd07,9ff6d1a05ecfe2d907adac11a2e2bfe9,delivered,2018-07-04 18:39:28,2018-07-05 16:33:14,2018-07-05 13:21:00,2018-07-10 22:34:39,2018-07-27 00:00:00
1b1e286604c515e5961b55551d7751fe,2fd267ad12555a1a8a09e4bcc4146fe4,delivered,2017-07-29 12:08:09,2017-07-29 12:23:39,2017-08-01 18:17:42,2017-08-10 20:56:57,2017-09-08 00:00:00
ca8446e47a754f1f72ae3acf393d0eb0,2cc54719065edd4d2871fcc67c434d7e,delivered,2017-04-18 21:54:12,2017-04-18 22:05:11,2017-04-19 15:18:45,2017-04-26 06:04:29,2017-05-09 00:00:00
ae77bc9fd712a08868ce009300d88bbb,1b05d0acc0dc14eb233d8f76879279a3,delivered,2018-04-09 23:26:58,2018-04-10 01:09:57,2018-04-10 21:12:25,2018-04-16 20:58:35,2018-04-26 00:00:00
2fab8b6042a5dc17a01cbca94aa6e055,4421d1d5eba4e0a40327d89c54e0ee1a,delivered,2018-07-04 14:56:02,2018-07-05 21:30:50,2018-07-06 10:53:00,2018-07-13 10:46:55,2018-07-27 00:00:00
41a002779a1684abe7ad8652958f5355,a285aefea002b5e486072f0b243d2722,delivered,2018-02-27 15:21:48,2018-02-28 15:15:36,2018-03-01 18:39:10,2018-03-12 21:04:45,2018-03-22 00:00:00
94578264250da91b85c8e37ad48468b8,0676c04bee30e323a1cdca3b7e222525,delivered,2018-04-23 18:49:22,2018-04-24 19:04:53,2018-04-26 09:37:00,2018-04-27 15:57:58,2018-05-10 00:00:00
6bbc42789eb069b08765ebadaeee4e71,3d883de9a4faf6957ea47bf4df0bbc12,shipped,2018-04-27 15:40:32,2018-04-28 13:34:29,2018-04-30 12:18:00,,2018-05-23 00:00:00
89b229dc09711327ecea7f124b029557,8e78fa10bc579cfbc6f3a6569e3a06fb,delivered,2018-07-23 13:54:25,2018-07-23 15:32:00,2018-07-24 10:51:00,2018-07-28 20:02:18,2018-08-15 00:00:00
7364c719f78ceaaa61ca4e933a4e6022,554df975298823cc6dec4fe5334583e6,delivered,2017-08-01 18:57:56,2017-08-01 19:15:10,2017-08-02 17:44:10,2017-08-18 19:34:09,2017-08-31 00:00:00
d21bdc8a5aec774d419d8db5455e0ae8,0a828bbe63b1f5310f2bb1fb634ac62e,delivered,2018-02-14 21:46:13,2018-02-14 22:07:34,2018-02-21 23:38:02,2018-03-08 14:54:22,2018-04-17 00:00:00
6d92b8b8958a7955c3184410f45293f3,884cb068b728ba5182193c49d631513e,delivered,2018-04-20 19:15:39,2018-04-24 19:25:36,2018-04-23 18:46:46,2018-05-08 15:21:22,2018-05-18 00:00:00
77b3eaf9da4cd4bce3eaad2547ffda7e,4bd05c36a7af81eacfdc7dac9ceea97e,delivered,2018-01-18 16:21:48,2018-01-18 16:42:22,2018-01-19 17:52:31,2018-01-29 20:48:35,2018-02-08 00:00:00
21f6b3be8acde5fe76fc6641b467f3da,01885ec83523a343957047b0c6fa830a,delivered,2017-10-26 23:05:41,2017-10-26 23:27:04,2017-11-03 22:27:47,2017-11-09 17:21:11,2017-11-24 00:00:00
38878bafc676263af50211706ab39e7c,f665e06d0376b22d2ac11e29e369d6b1,delivered,2018-04-20 17:52:08,2018-04-24 19:06:26,2018-04-25 17:34:00,2018-05-12 03:32:34,2018-05-17 00:00:00
1b797eb66e743460a6dd5afa1ad3c6f6,978add3f01a3dc2ded9cbf778d5e6109,delivered,2017-04-21 20:25:02,2017-04-21 20:41:34,2017-04-25 09:56:33,2017-05-02 14:17:47,2017-05-16 00:00:00
0d861d43ee996a798c75ad38292f6bcd,2a94a0a0c608cfedd390180c25721f85,delivered,2018-04-13 22:29:38,2018-04-14 22:31:43,2018-04-16 23:22:31,2018-04-30 17:58:29,2018-05-11 00:00:00
ea3c6801daa6e86c6057f1bc8bb11b1e,3a5026ea6786d7ec87b7b58401ef58ac,delivered,2018-07-04 17:52:10,2018-07-05 16:31:01,2018-07-10 14:33:00,2018-07-11 19:57:25,2018-07-19 00:00:00
23b8bfc2f57aaf36121b2c631d5724b8,437603511404b384fd51217b8f4672da,delivered,2017-07-14 23:30:07,2017-07-14 23:43:20,2017-07-17 17:03:41,2017-07-26 18:07:00,2017-08-09 00:00:00
05f215a71e36c6985cb764b530d1e45c,d2cd6ed96a57803ba2f2422ab8707225,delivered,2017-07-18 17:07:11,2017-07-18 17:23:27,2017-07-20 18:27:40,2017-07-29 14:08:53,2017-08-16 00:00:00
2d1f08f7693e119a191d97d953258189,dc00481e8927527c2cb71022add53378,delivered,2017-08-03 14:19:55,2017-08-04 14:30:17,2017-08-07 19:57:36,2017-08-11 21:05:16,2017-09-12 00:00:00
4e26917edee71b496c27c12c72640436,e10692d4cefa5a2a842a8d45c2c12247,delivered,2017-04-02 10:08:32,2017-04-02 10:15:14,2017-04-03 12:38:07,2017-04-13 17:33:36,2017-04-28 00:00:00
85829f8289bff10de3c2cd62170d670f,e8b486d2b45d48718876986d633f4bff,delivered,2018-04-30 11:02:48,2018-05-01 06:12:44,2018-05-02 15:23:00,2018-05-04 15:21:46,2018-05-11 00:00:00
2c9dc867f2d293b85037bafd60ef3c27,8540c73509c8e98bb3f0c3bdc93b9f78,delivered,2018-03-03 13:09:56,2018-03-03 13:28:31,2018-03-05 22:10:22,2018-03-14 20:51:44,2018-03-21 00:00:00
021288ce4f15c031270df5259df1b551,e0588a026f187e4f6ec5cb1ae92380f6,delivered,2017-12-05 00:29:03,2017-12-06 02:50:29,2017-12-06 23:52:24,2017-12-20 21:09:13,2018-01-10 00:00:00
010f223ddbec749e95ef3f5414f9c4ee,0ffe52b2e3ef0d91f5387dbcca59a841,delivered,2018-06-08 18:57:42,2018-06-08 20:44:02,2018-06-11 12:26:00,2018-06-18 18:42:35,2018-07-05 00:00:00
1dde4ac4444355c43b97d058a89e45bf,f7d8d01811120ea71aa219b25edb272b,delivered,2018-08-03 19:15:36,2018-08-04 05:05:20,2018-08-06 08:47:00,2018-08-15 16:40:51,2018-08-15 00:00:00
c77109162c3bc4ba159fa1e641f143a8,4a9b7895e4e89363cf2eac11cef10004,delivered,2018-02-17 18:33:13,2018-02-17 19:50:22,2018-02-19 22:51:08,2018-03-08 16:52:51,2018-03-13 00:00:00
55e144afb3e4115f6c520fb6242cd1bf,57b4e7cf7d4f0e56de189ee0e7d2b472,delivered,2017-06-09 16:43:29,2017-06-10 02:45:44,2017-06-13 06:53:00,2017-06-15 08:35:47,2017-06-23 00:00:00
6f55dd8ed6e2954105ec2f011346660d,dca402701b7ad2001db1894793d55a67,delivered,2018-06-08 08:00:19,2018-06-12 04:35:54,2018-06-12 14:15:00,2018-06-20 00:28:39,2018-07-04 00:00:00
9b8d8bda9cab2bc51a14d444adc6af8a,28c99f67a6c4f18ab59f86f83dd36b55,delivered,2017-11-24 17:01:41,2017-11-26 17:19:33,2017-11-27 19:21:33,2017-12-01 22:19:59,2017-12-14 00:00:00
63dd057d07d57b16236cb3400cd96919,53fef5f17d9b971d709fe8f999b79c62,delivered,2017-02-16 15:11:48,2017-02-16 15:25:10,2017-02-17 09:54:11,2017-02-24 17:12:24,2017-03-29 00:00:00
c2a9913d397112443fdd3676baea3e98,6377f5e471e4cce23afa56dfc9713710,delivered,2018-06-30 18:09:56,2018-06-30 19:15:16,2018-07-02 18:52:00,2018-07-03 21:34:29,2018-07-16 00:00:00
338a7b69743165d5878ec8d45af93f48,fef97270172404f03330ef3a8045a560,delivered,2017-05-01 15:29:31,2017-05-01 15:45:12,2017-05-02 14:18:26,2017-05-22 12:16:45,2017-06-01 00:00:00
5deb9cf8f8484f3e136ebc956d569aaf,5f3477cd89e3d11cf937d370641b5839,delivered,2018-06-12 16:35:50,2018-06-12 17:13:34,2018-06-14 12:50:00,2018-06-18 20:36:55,2018-07-11 00:00:00
4ee5490fc0c66d4c9a1f30055af9b7be,b9885472fa562ddc1cb5333a42b654fc,delivered,2017-10-04 21:00:48,2017-10-04 21:14:11,2017-10-05 22:31:57,2017-10-09 18:27:59,2017-10-27 00:00:00
9b63264625032f8a1814eca453114f33,774cf3ab054ac3e3400816870fb0af05,delivered,2017-05-19 12:22:42,2017-05-19 12:35:23,2017-05-24 15:51:45,2017-05-26 14:13:03,2017-06-22 00:00:00
1a44130317893c48ad015ed3ce2017e0,d9920d85853e1d9d0b661b1f71bc7ac3,delivered,2018-04-28 17:26:21,2018-04-28 21:10:58,2018-04-30 13:14:00,2018-05-11 20:36:44,2018-05-25 00:00:00
d7d428429db1dae204d07128912f5020,26ca412c0cf94458d6d950e1ec6641ac,delivered,2017-10-11 17:05:49,2017-10-11 17:27:46,2017-10-13 21:17:45,2017-10-16 14:52:23,2017-10-24 00:00:00
2ade26ce6c23d8df75d4e7444128fc84,411bbd7a65438216e74fca57fc455e63,delivered,2017-10-03 14:22:58,2017-10-04 02:56:27,2017-10-05 18:54:58,2017-10-09 19:53:42,2017-10-25 00:00:00
caa9ea8230c1a21750f938c306e730c7,630ada7cef0f4ec490c09725e943499c,delivered,2018-03-27 19:07:09,2018-03-28 08:27:38,2018-03-29 15:21:28,2018-04-02 23:08:43,2018-04-09 00:00:00
31491a6bf618385b8b23b9924a119e4c,1da6a5d1152676b74966c511cb4b9c35,delivered,2017-10-05 23:05:06,2017-10-06 08:56:27,2017-10-06 18:03:33,2017-10-14 00:06:44,2017-10-23 00:00:00
cc5a9c86cbb61d7baebfde35e243a2a9,e71484466cc8ae37af628b0035621ada,delivered,2017-11-14 20:59:52,2017-11-14 21:15:21,2017-11-17 16:21:38,2017-11-28 01:47:29,2017-12-05 00:00:00
d8f92d7e898a1027a0957b82f58ddbc4,3278f0116538282732803d2b35a9fbd6,delivered,2018-08-21 20:10:39,2018-08-21 20:25:19,2018-08-22 12:27:00,2018-08-23 18:58:41,2018-08-24 00:00:00
335a2e98058fdc2ff97c02856d53a76e,4aa97f509896f79aa3ca9dd294f02990,delivered,2018-01-11 16:37:22,2018-01-12 10:27:48,2018-01-12 22:37:22,2018-01-16 17:35:07,2018-02-01 00:00:00
11bc6fba055abbdc961925690db38135,927b7ac2cfaf2a75577eb4483410ecf0,delivered,2018-04-16 02:05:10,2018-04-16 02:15:08,2018-04-17 18:41:40,2018-04-23 17:51:17,2018-05-03 00:00:00
668b09e578d6cdac0eb996a3457d49a5,80d7fa5801ca75a9d403e96d31d634da,delivered,2018-07-04 22:57:46,2018-07-05 16:23:38,2018-07-05 12:52:00,2018-07-11 23:34:36,2018-08-06 00:00:00
0322e0a7d6d283584e3dc181c67b1d12,eaa679be83fb04a42082f0b60bb45355,delivered,2018-05-09 14:26:23,2018-05-09 14:58:46,2018-05-11 13:49:00,2018-05-22 15:18:32,2018-06-13 00:00:00
78fd4a4b2afff4fcbca37fab3ed1b0e6,53e9e25ac4476a44af787bfebcbb08d5,delivered,2017-08-24 14:34:50,2017-08-24 14:45:20,2017-08-28 20:08:07,2017-09-26 17:53:26,2017-09-28 00:00:00
1771533c98cbd8fe683df971648dc2cf,e59226c1c08349e76042d5003a572304,delivered,2018-08-09 14:48:02,2018-08-09 17:10:21,2018-08-10 15:06:00,2018-08-16 20:21:47,2018-08-24 00:00:00
4db127e6d30efbcbaa8d0b94c4c4b374,8297d4f2b469f1b4c24903373384b6cc,delivered,2018-06-14 10:01:09,2018-06-14 10:41:21,2018-06-14 15:44:00,2018-06-19 19:54:50,2018-07-13 00:00:00
467fe7e72b99534adc114568a39c8102,b56d930e30b9db3b5c4c7915222cbda0,delivered,2018-07-24 12:44:10,2018-07-24 13:40:12,2018-07-30 14:45:00,2018-08-07 21:16:53,2018-08-07 00:00:00
9918c968f36261c404495fafc8ce306a,24f45496005328bf15eb16909e485883,delivered,2018-01-07 10:52:19,2018-01-07 10:59:29,2018-01-08 20:46:22,2018-01-24 19:10:02,2018-02-01 00:00:00
a2a1336bf769a76da801da42dd9f0ecc,239d5f9ed5d987b8c323ac8e81641051,delivered,2018-05-16 18:26:55,2018-05-18 04:54:43,2018-05-18 08:46:00,2018-06-06 22:06:46,2018-05-30 00:00:00
8020de83277d40d6ed1bc2f2e0ae8a1e,0c219b8cac1d2f177414f38c3167c4f5,delivered,2018-03-05 08:54:39,2018-03-07 02:35:44,2018-03-12 22:22:40,2018-03-23 21:13:08,2018-03-27 00:00:00
728def86ce88492592386a5e4a990e04,e7b36676c4758c74c1fde1f2551fe169,delivered,2018-08-09 09:11:44,2018-08-09 09:25:19,2018-08-09 14:24:00,2018-08-16 17:32:16,2018-08-21 00:00:00
680c9251875caf7afd565340a52e89f7,c4c3372671aab4ba29e3e410ed8fc5e3,delivered,2018-04-20 13:33:18,2018-04-24 18:38:48,2018-04-25 08:54:00,2018-04-27 23:21:07,2018-05-21 00:00:00
00f1a34f176151c4dcbd802c244e1072,be0d8abce3af32826fcffbd35cb3b73b,delivered,2018-08-16 15:21:03,2018-08-16 15:35:26,2018-08-17 14:00:00,2018-08-22 13:27:39,2018-08-29 00:00:00
3aa7ede1b23edf1284d91439d5ccaadc,f23ac6d166535aa8bda1167c6384951d,delivered,2017-10-11 12:10:23,2017-10-11 12:28:14,2017-10-11 20:18:00,2017-10-17 16:22:36,2017-11-07 00:00:00
42d9c11017005e1df4994c7e5fdf6916,afa271efea758213279030182f5d7952,delivered,2018-05-14 20:42:57,2018-05-14 20:55:31,2018-05-16 12:23:00,2018-05-22 10:51:59,2018-06-01 00:00:00
fffbee3b5462987e66fb49b1c5411df2,11a0e041ea6e7e21856d2689b64e7f3a,delivered,2018-06-19 09:27:48,2018-06-19 09:58:03,2018-06-29 13:46:00,2018-07-05 17:51:08,2018-07-23 00:00:00
cea7e28bd63ef382ebf6010b228208f2,8463f85157c2e1a8f03042947b10101f,delivered,2018-04-24 13:39:20,2018-04-24 17:43:21,2018-04-26 07:40:00,2018-04-30 19:51:54,2018-05-15 00:00:00
c7484ff7d357d78f749b7ffdf44d5315,a7a833009ee67f3712bf47e987580d15,delivered,2017-04-14 23:13:39,2017-04-14 23:22:00,2017-04-17 09:12:29,2017-04-20 16:43:53,2017-05-08 00:00:00
f9bf0f92c8e483d1b6cb31d4559fb135,2022bd30cfda496cca03934b3973a2e2,delivered,2017-12-18 17:31:03,2017-12-20 07:18:19,2017-12-20 19:29:24,2018-01-02 19:05:07,2018-01-24 00:00:00
7ed696782f4472458c5f1fc95bf5d6ed,aeaac9ee4a3514cf3da5f8cb07eeec5f,delivered,2017-09-18 23:34:58,2017-09-18 23:50:21,2017-09-21 20:15:51,2017-10-02 11:07:46,2017-10-04 00:00:00
a0613f72de8eeb0386bff92454492f6a,9daa170fb6affd2e983733a422aca655,delivered,2018-01-24 22:26:47,2018-01-24 22:39:35,2018-01-25 16:19:16,2018-01-29 16:17:20,2018-02-19 00:00:00
1a463c49e93ce429845e1d959122285d,8fcaa9368903f3a9a28aeaff28c14638,delivered,2018-02-03 08:14:02,2018-02-03 08:30:07,2018-02-05 18:49:03,2018-02-21 21:22:41,2018-03-05 00:00:00
60ad53dedac42939d7f388d9533d29ed,0ae950a7f903b379c53be854ff1dae04,delivered,2018-06-22 00:17:56,2018-06-22 00:38:40,2018-06-26 12:31:00,2018-07-01 13:58:54,2018-07-26 00:00:00
0d6cc2219ef268358eac3c49b47abca9,6a6bbd47bd6f4cec05265bc3f602e324,delivered,2018-03-04 15:58:10,2018-03-04 16:10:35,2018-03-08 20:17:21,2018-04-26 16:35:57,2018-03-23 00:00:00
8bcbe01d44d147f901cd3192671144db,f2def7f64f36952f2f5a9791f0285f34,delivered,2018-01-24 23:24:14,2018-01-24 23:37:20,2018-01-30 22:43:30,2018-02-02 21:26:42,2018-02-21 00:00:00
46ec3fc4e7cfba8d9f376f2499086d18,21ce25f273b50ad839ae9b47fc23aaee,delivered,2018-07-27 20:28:04,2018-07-27 20:44:17,2018-07-30 12:06:00,2018-07-31 15:25:58,2018-08-02 00:00:00
2179922b1506749061ded19fb85a12d6,aa374ba4d8e6c683d6f35c9e9019f3df,delivered,2018-02-22 00:52:23,2018-02-22 07:10:29,2018-02-22 23:57:49,2018-03-05 18:07:53,2018-03-21 00:00:00
11355704acdff0fa62bd66796b8dcc88,5aebdad3dd4f042c40f72ea74510d12e,delivered,2018-04-26 11:48:29,2018-04-26 12:11:07,2018-04-27 13:45:00,2018-05-16 22:28:01,2018-05-25 00:00:00
d336184a03572667a49d7e5f26d0456b,f1c47519824656434b7d9d7d214cea5e,delivered,2018-01-12 10:45:12,2018-01-13 02:31:20,2018-01-15 19:16:10,2018-01-18 13:47:16,2018-02-02 00:00:00
590c30b23ef557b04f2a353ce974a37f,8c40680f250c946c9625740e466af635,delivered,2018-04-24 13:23:04,2018-04-25 03:30:48,2018-04-25 11:38:00,2018-04-30 17:18:37,2018-05-17 00:00:00
f6352809547e1221141a36c6cbaaba58,999485f0598dd6ce766c09164bb7a5c6,delivered,2017-11-05 22:52:56,2017-11-07 06:31:17,2017-11-07 14:38:41,2017-11-10 17:27:38,2017-11-27 00:00:00
b04a982d508ac09ea6623617f5748052,d386dd4f88de12e3b36750751c8a0b70,delivered,2017-11-24 16:06:07,2017-11-24 19:52:15,2017-11-27 20:12:03,2017-11-29 19:58:44,2017-12-08 00:00:00
bb6faadce3a2d545e5c6b2f08403d909,2f79757f15b169bc81438a12838e7446,delivered,2017-02-14 14:42:44,2017-02-14 14:55:18,2017-02-24 11:49:50,2017-03-06 05:34:09,2017-03-20 00:00:00
f28680bd357c20d3f581f994eaee18e2,2ddd1105627e30dffb7ba2446da44088,delivered,2017-04-22 12:18:19,2017-04-22 12:30:51,2017-04-25 10:17:25,2017-04-27 13:57:50,2017-05-15 00:00:00
127e151835ed0bf4ea8e262040fa1c3d,770d6e5d00352cbaef765742ab1ca211,delivered,2017-09-13 10:35:21,2017-09-13 10:45:24,2017-09-13 21:47:55,2017-09-19 15:07:17,2017-10-02 00:00:00
0bfa29f2e2ca95b17ab75e7ecf1f9df8,4a4c09d4ad0ff0d20520bda4a709d1a6,delivered,2017-05-30 22:15:57,2017-05-30 22:25:19,2017-06-08 11:43:43,2017-06-19 20:03:27,2017-07-07 00:00:00
9d480419579c11f532fce93c63e0eed8,086da6a03c074bea10af67ec258cfb69,delivered,2017-09-13 11:24:43,2017-09-13 12:15:22,2017-09-15 19:23:41,2017-10-21 19:06:44,2017-10-05 00:00:00
b99d02003fd457ff94fde6f7627b4514,36835ef37cf8330cd51ce0dd0dc39bf4,delivered,2017-11-21 11:45:51,2017-11-23 02:47:33,2017-11-23 23:42:17,2017-12-02 13:36:38,2017-12-18 00:00:00
d2992524597d2321e4601eab098c7791,4c631dd0a385e2b5ceee81ced3d32b93,delivered,2017-11-26 23:16:12,2017-11-26 23:33:23,2017-11-29 00:58:45,2017-12-22 20:28:34,2017-12-28 00:00:00
41cee5026118f211f95963f5638bcbe2,4045f4ccb984b75c66c1d0a2d1988c89,delivered,2018-01-09 12:53:12,2018-01-11 02:33:20,2018-01-11 21:29:18,2018-01-19 00:22:19,2018-01-30 00:00:00
c8190ec25152e9e725de81876f1b9125,f4849d618c472dcfe69122c165a16b7f,delivered,2018-06-27 19:58:01,2018-06-27 20:11:51,2018-06-29 09:38:00,2018-07-03 22:51:12,2018-07-24 00:00:00
53d617fa54db4fccf68f9b09a553c7ca,7cf5c3cc0ca95110719e8762edf953a2,delivered,2017-05-15 14:40:36,2017-05-15 14:55:16,2017-05-16 14:14:01,2017-05-19 13:27:54,2017-06-08 00:00:00
cddd5b81db02366dfd896859628bc2d0,1fb3a9eb7c56ed750bb5300be23d13f9,delivered,2017-06-15 00:18:57,2017-06-15 00:30:21,2017-06-16 13:37:03,2017-06-28 15:07:40,2017-07-10 00:00:00
1fd64d652fae27df0e9aac1f4e605984,731a2e445bb92b757cb2fc658826d80f,delivered,2018-07-26 20:49:06,2018-07-27 20:45:15,2018-07-30 13:51:00,2018-08-03 00:10:07,2018-08-17 00:00:00
b0b2dcb55905f3403fcee05a780bc952,f736518cac254d51eb4082860aa0c4a4,delivered,2018-02-27 09:38:50,2018-03-01 02:49:06,2018-03-13 02:18:43,2018-03-14 20:03:06,2018-03-21 00:00:00
a53622dd658d57199cd7a1e677564385,3d9d4319d227b5f465e8a7ccd669b54c,delivered,2017-12-18 11:28:52,2017-12-19 09:51:46,2017-12-21 15:27:10,2018-01-04 19:46:42,2018-01-11 00:00:00
e44da4ab86ca3c421c806a2014c07833,cdcbf23a666201575b27f7d2eeb38950,delivered,2018-01-30 10:22:45,2018-01-30 10:35:33,2018-02-01 21:46:08,2018-02-06 19:21:56,2018-03-05 00:00:00
2699d27682691fa4f6be5cfde364a833,892d34f72485fd31f213fd0786900a3f,delivered,2017-05-21 07:59:40,2017-05-21 09:31:47,2017-05-26 09:58:28,2017-06-03 07:38:53,2017-06-19 00:00:00
633a7a968ccf6b62a1ee53461794613a,4e8d3debc47ec183ad422f2f04a39381,delivered,2018-06-19 09:41:30,2018-06-20 02:55:39,2018-06-20 12:26:00,2018-06-21 17:12:47,2018-06-29 00:00:00
4b489cb1cdc253a5e66adb3cedb8ed9d,5a6f16901365d80a8e9e2d342a44f91c,delivered,2018-05-07 10:06:48,2018-05-09 04:31:09,2018-05-09 14:44:00,2018-05-17 13:08:42,2018-06-01 00:00:00
5a14c8b3d919a4ef3f3428b0459c47b2,666094835d60d986eb87350b31efdcae,canceled,2017-05-29 23:53:39,,,,2017-06-23 00:00:00
5770aa15c9085d967ec2a3ffe34b64f9,30e468e07004356041e2368c5822c1af,delivered,2018-06-19 10:12:29,2018-06-19 10:37:31,2018-06-19 13:28:00,2018-06-25 20:46:22,2018-07-17 00:00:00
358c07225db43293b308aebae58669ec,28ac8b8dd09f1c2adaa780e8ae3897ac,delivered,2017-07-06 15:41:21,2017-07-06 16:04:06,2017-07-07 16:24:56,2017-07-13 16:23:42,2017-08-01 00:00:00
63ca01852c1563d1f998648d8d9a67aa,cc496aa65be819b94a67c631406166cc,invoiced,2017-03-27 11:21:03,2017-03-29 09:55:10,,,2017-04-25 00:00:00
e9e6694329a69927508c82d943013cb5,0415764d7efe50fff280fafa9777b327,delivered,2018-06-01 21:54:55,2018-06-01 22:10:56,2018-06-04 13:53:00,2018-06-14 02:56:48,2018-07-13 00:00:00
ceb3c39e59f9912e923667e9fa91a144,9b33406c43ff5649ce7f8476775bca5b,delivered,2017-07-05 23:10:52,2017-07-05 23:25:10,2017-07-07 19:21:17,2017-07-12 17:32:35,2017-07-25 00:00:00
2e3d25ae760b48fda536f1be145cab46,84ef121a9470fb9e16993839231c66d3,delivered,2018-07-31 20:20:40,2018-07-31 21:00:09,2018-08-01 12:12:00,2018-08-06 16:03:05,2018-08-20 00:00:00
022aa0edf94712a82983961b98e4a9a1,df7a84452bd7d6921705ac34f40e864b,delivered,2018-06-25 17:25:43,2018-06-25 17:35:20,2018-06-26 19:10:00,2018-06-29 11:57:04,2018-07-05 00:00:00
22ae6afbbbc19d8dd88d82e7001f8fcf,e04757bb7741d0781cda14c9be20ad2a,delivered,2018-05-03 23:22:45,2018-05-05 03:15:17,2018-05-07 11:01:00,2018-05-14 21:13:48,2018-05-23 00:00:00
c14e0917a7e78c27cc4af1053e2d77f8,96c3d51816ee07cb78ebbfe0e8bdb889,delivered,2018-01-25 10:31:10,2018-01-25 10:58:19,2018-01-30 02:36:46,2018-02-19 14:58:44,2018-02-23 00:00:00
1e4ba03d696d7e2a105b4f5d5d68ba5b,f1913159750548eb81dca4b69fbd5e0c,delivered,2017-11-23 15:21:55,2017-11-23 15:33:00,2017-11-24 10:59:36,2017-12-04 21:54:51,2017-12-20 00:00:00
e861307609af3dd1a985ad0972fb9c16,6967af003c642a30a79242f2756a73d5,delivered,2018-03-19 13:00:04,2018-03-19 13:49:15,2018-03-23 15:16:40,2018-03-31 13:08:25,2018-04-27 00:00:00
2e7b2330e3d679e08be10dc1ad695e94,5eef8c5a24bd948fac341c6ebe3ce41e,delivered,2018-02-03 16:05:43,2018-02-03 16:29:44,2018-02-06 02:33:34,2018-02-07 00:02:23,2018-02-21 00:00:00
049b358d74d74c40f7305eb4a4bc378e,2dc86eb45d955da9a9afa6f431ac00f4,delivered,2018-05-05 11:49:41,2018-05-05 12:13:16,2018-05-09 10:58:00,2018-05-15 17:07:12,2018-06-04 00:00:00
480000ff61d2f961973107967439a4af,92f1d4d2f1a2a03f858f7afea11ff0b9,delivered,2017-09-05 22:22:48,2017-09-05 22:35:12,2017-09-06 18:16:47,2017-09-12 21:51:29,2017-09-22 00:00:00
a61a49b3dc449fa46e74d4d57063b080,03ee2343040a3871cb2cf313cc795c72,delivered,2017-10-10 10:05:26,2017-10-10 10:26:46,2017-10-10 17:42:13,2017-11-01 20:13:39,2017-11-07 00:00:00
9a8ed77611006df4a507b6649200b71a,9573415dd691e34a2b92c9e39558ef22,delivered,2018-08-02 12:07:02,2018-08-02 13:05:15,2018-08-02 15:55:00,2018-08-09 12:16:38,2018-08-17 00:00:00
9acd6aac847c79db40c68153b6b4d915,bc64988c743d4ea05faa42f945a49396,delivered,2018-06-14 14:23:43,2018-06-14 14:42:43,2018-06-15 11:24:00,2018-06-25 18:38:45,2018-07-16 00:00:00
dc66d93a6a91154ab8dd2e7779e9a1ac,7b25189538bd6c13bf9440f0d3214a02,delivered,2017-09-12 07:51:28,2017-09-13 03:25:23,2017-09-15 17:00:04,2017-09-23 17:05:50,2017-09-22 00:00:00
727d1e48f072a26b71d59a5238160e63,e3ecfba8964e0757587b1b1913499c1a,delivered,2017-08-20 19:38:26,2017-08-20 19:55:10,2017-08-22 00:16:04,2017-09-04 19:34:46,2017-10-05 00:00:00
796815d64065ff9881199a4807c02415,097e8c3630bf6bfdcd8c9d3d3c7e5eb0,delivered,2017-10-18 09:50:30,2017-10-19 03:40:16,2017-10-19 19:04:29,2017-10-27 18:30:13,2017-11-07 00:00:00
df00397919a2b7d772eb946c10f771fa,5b38f9ccd653279e6155a549e26891a2,delivered,2017-11-21 11:03:44,2017-11-21 11:14:23,2017-11-23 13:12:19,2017-11-30 21:27:50,2017-12-11 00:00:00
1c009ae9a7cb56b9ea28f3d93349b8f8,14b4481ab4592a147a50d8e3a2cad173,delivered,2018-01-20 15:36:23,2018-01-22 13:52:02,2018-01-23 23:04:57,2018-01-29 19:11:56,2018-02-16 00:00:00
e6a006d997a8902ad7c42ec5719963b7,7774aed347f74a1c12aaf3c628cef273,delivered,2018-03-07 15:17:22,2018-03-07 15:32:16,2018-03-08 00:45:32,2018-04-02 21:35:38,2018-03-27 00:00:00
259dac9ae7597d3dd6371ad21a6aa57b,b1eb36a33bf56755bc9636a1a24d14bf,delivered,2017-09-08 15:21:20,2017-09-09 05:10:51,2017-09-11 20:13:38,2017-09-19 18:13:15,2017-09-27 00:00:00
e782b3ed8e69a2cc4eff66e965c1e8bd,285a2c89e0769a35966072e2d9ddd486,delivered,2017-05-13 16:04:35,2017-05-13 16:15:10,2017-05-15 10:47:44,2017-05-24 08:58:45,2017-06-14 00:00:00
0dbd118355590880ca13ec4ce58e64b0,f19c33b8cef8914fd3e1facb34fe4b2c,delivered,2017-03-07 15:04:38,2017-03-07 15:15:18,2017-03-08 16:20:40,2017-03-20 15:12:42,2017-03-28 00:00:00
123f71cca05589d95c28c582ccb1d864,a9db2580134c7016c6214deb3f344dfa,delivered,2017-07-01 13:23:05,2017-07-01 13:35:12,2017-07-06 09:46:59,2017-07-12 18:47:06,2017-07-25 00:00:00
99f7ab7ea1001d0e2b6ac00be98444c8,a89239e65e47c570a0e6a5117afde4c1,delivered,2018-04-02 14:02:34,2018-04-03 07:55:16,2018-04-04 18:31:27,2018-04-26 02:33:03,2018-04-25 00:00:00
4e50ee5ebc37a770f257082adfbeff18,de4c50d66aeaedf525016938c1892f51,delivered,2017-09-05 13:30:15,2017-09-06 03:04:18,2017-09-15 22:31:52,2017-09-25 21:13:48,2017-09-28 00:00:00
64251db62c4860cc0d2d2b0e1f2ff813,f7e4d8ee06a30cf3fa801462513aa3e6,delivered,2017-04-19 22:33:23,2017-04-21 05:22:04,2017-04-24 11:24:09,2017-05-03 13:39:46,2017-05-11 00:00:00
5383100ab6c62e727e4dc0b9bac3f286,a0a7bc3b5534b1f758cfc59d08ba4391,delivered,2018-05-22 08:59:02,2018-05-23 01:18:11,2018-05-24 09:40:00,2018-06-20 22:28:37,2018-07-04 00:00:00
5a0e15ad1f0c5749b22a528d77d1c993,887f3d88fcd62b78f2636b8eec812f64,delivered,2017-03-09 18:02:21,2017-03-09 18:02:21,2017-03-10 16:15:11,2017-03-22 11:27:47,2017-03-30 00:00:00
a56629e394592c4363538b6cb6a0fcd3,e061923ece9a5afceff86249e630e341,delivered,2018-04-26 21:25:53,2018-04-26 21:50:19,2018-04-27 14:36:00,2018-05-08 12:33:32,2018-05-23 00:00:00
7bd48b3739f397fed1450cf240bd27a5,392314d2b068f092035c990ef07625d4,delivered,2018-05-12 20:08:07,2018-05-12 20:35:52,2018-05-14 15:13:00,2018-05-29 16:12:46,2018-06-06 00:00:00
f40a640657c0a3e1eb9d081b320875b3,e20a79c6c2b4425ce6abfcbd70e051ad,delivered,2017-07-06 01:48:18,2017-07-06 02:03:37,2017-07-06 11:55:26,2017-07-13 20:37:52,2017-07-28 00:00:00
af32211fd3ca6faa65dcf8f3bd3f53bb,258d6e98cdbae7ca4da08233d45cd8b6,delivered,2017-03-01 09:02:58,2017-03-03 02:35:33,2017-03-03 10:47:13,2017-03-07 13:38:05,2017-03-30 00:00:00
cd0a3a0546d575990039ca72965ced27,cc75b9bab7d984b2bb2feac7b5908d68,delivered,2018-01-25 09:51:23,2018-01-25 09:58:31,2018-01-29 17:36:34,2018-02-10 19:36:55,2018-02-26 00:00:00
58b99a93ab6127501faa09a1c8878dc4,de7493ac1a6cbcc74e201b2b082fb08c,delivered,2018-05-20 16:20:04,2018-05-20 16:35:15,2018-05-21 14:29:00,2018-06-05 18:13:09,2018-06-08 00:00:00
74da83fb91c2ae842aa99326a002cde7,ce53e3d7a4a60276824c5462d17a34f2,delivered,2017-06-29 12:55:23,2017-06-29 13:05:14,2017-07-04 14:51:39,2017-07-17 19:04:34,2017-07-28 00:00:00
d260277a7aa9c0b43085988159b47726,4d424d927d2e4bea4d3b9aae131ddeda,delivered,2018-04-25 15:20:14,2018-04-25 15:30:26,2018-04-26 09:32:00,2018-04-27 18:04:57,2018-05-17 00:00:00
d128b5634e1faad98f4ef5ac2f7e2e97,bdc2adf18b17bb2f8305082d8a7df775,delivered,2018-08-18 23:53:24,2018-08-20 11:10:02,2018-08-20 15:20:00,2018-08-28 14:58:32,2018-09-12 00:00:00
44e39cef43dc4c715a13ab687ba2c081,74b3e52242a168f2146e40d41f3f0399,delivered,2018-05-07 16:37:35,2018-05-07 17:56:57,2018-05-08 13:41:00,2018-05-14 17:51:55,2018-05-25 00:00:00
314fe43380ae463c4b91647e819997b2,080b34eea368ba7775448a556def373b,delivered,2018-08-08 17:25:12,2018-08-08 17:45:15,2018-08-09 12:22:00,2018-08-13 16:22:44,2018-08-16 00:00:00
38b7d71941e3c753779d2eb44302690f,4bccb082f9e39b696c3f967e655016e5,delivered,2018-05-07 08:29:29,2018-05-07 16:53:03,2018-05-09 12:27:00,2018-05-15 13:41:58,2018-05-25 00:00:00
e41c6da781772f030e857c2b427a917a,ab33ea80ecf78bac55c71b346ee35c74,delivered,2018-05-09 14:11:56,2018-05-09 15:36:52,2018-05-11 07:53:00,2018-05-14 17:36:40,2018-05-18 00:00:00
a722399a4edf2b67d2d662c619d1f0eb,d771b705911918467f532b7d54d7722c,delivered,2017-07-31 10:25:20,2017-08-02 03:04:36,2017-08-04 19:27:23,2017-08-11 15:33:49,2017-08-18 00:00:00
268836b1aa282605cf690e10defb2b35,a7de9d0485ae7a49baa9c2bb70d49464,delivered,2018-02-28 15:41:04,2018-03-01 02:48:59,2018-03-03 02:27:08,2018-03-14 22:58:39,2018-03-28 00:00:00
a54a65531feecee80712fac10405795e,acca91ce9b77b36df049d45991266a08,delivered,2018-07-27 12:14:31,2018-07-28 02:50:24,2018-07-30 11:01:00,2018-08-08 16:38:45,2018-08-16 00:00:00
c0fabfdace2df4fbd9e0e958f29a2cd7,d6028dc827eae81534f01a813de8d9f9,delivered,2017-12-03 17:44:17,2017-12-05 17:37:25,2017-12-07 15:24:06,2017-12-12 19:37:50,2017-12-20 00:00:00
84869e6e6b633fa602128f93f70e2c12,3c3bc627f354b5eaecaa3ee60f387981,delivered,2018-08-12 20:44:16,2018-08-14 04:24:20,2018-08-15 12:32:00,2018-08-22 20:57:26,2018-09-06 00:00:00
3fe0539e577c4fbfd80fe4cefb8abc0d,6f295881d020172597b6924cfd3ee303,delivered,2017-03-08 13:00:22,2017-03-09 13:10:48,2017-03-15 11:04:52,2017-03-21 12:47:55,2017-04-13 00:00:00
fad45938bae3bd8a63fbae03cc8ae040,d4a9ae0280546de3e139880622aecfdb,delivered,2017-08-17 15:11:20,2017-08-17 15:45:16,2017-09-06 19:38:08,2017-09-19 11:10:51,2017-09-25 00:00:00
bad0467c52f23cdc71e9fa139d4a8afd,cfca171c77e72b76c526376b84b9e237,delivered,2017-09-09 18:46:10,2017-09-09 19:03:37,2017-09-11 19:52:42,2017-09-19 17:23:12,2017-10-09 00:00:00
115faf732ae2a6adbc96dc35069621e5,150617471c858a7f3e210e4b6aa5955f,delivered,2018-08-05 16:01:47,2018-08-05 16:55:06,2018-08-06 14:22:00,2018-08-08 16:58:54,2018-08-15 00:00:00
742cbcd370fd2e637bf3f2570ac5ed2a,7881cb8de8505d52e7ca2bf39530440e,delivered,2018-05-07 21:46:22,2018-05-07 22:11:42,2018-05-08 10:17:00,2018-06-06 23:50:52,2018-05-30 00:00:00
5e3b1fdfb3471cc5fcbeaa63de769fc0,faff79d949e663bb74f43c75aa0b41b1,delivered,2018-05-06 18:17:54,2018-05-08 20:32:01,2018-05-09 11:10:00,2018-05-16 21:46:27,2018-05-28 00:00:00
548ae1aba5f1d4972fbbef7b6f6d23aa,6fefb2d2d0519552324dacc35d1f5681,delivered,2018-03-11 20:44:48,2018-03-11 20:56:14,2018-03-13 02:32:46,2018-03-14 20:23:29,2018-03-28 00:00:00
28d287f25c6e6f49bdf6c90d4bbc2076,32e2eda60c2fa771f3cb69ffec1f63ad,delivered,2017-12-26 15:47:15,2017-12-26 16:20:30,2017-12-27 19:10:38,2017-12-28 14:29:10,2018-01-15 00:00:00
9d74929fefd45dd3ebce40cc681596b3,17957722c83ab1eaf53c8775853829a9,delivered,2017-10-18 16:19:46,2017-10-19 02:56:53,2017-10-19 19:47:54,2017-11-06 23:28:33,2017-11-16 00:00:00
94f4c67dcdbd11ebb8bc2485bb362830,15561f599ec6addd60f2456ae5c5dc14,delivered,2017-05-29 19:35:51,2017-05-29 19:50:17,2017-05-30 06:28:46,2017-06-07 14:55:15,2017-06-21 00:00:00
73f48f63d3e4f1a7e909c2261194aad2,d40b1c3fb65620fac483a0fa38af1681,delivered,2017-02-15 20:14:24,2017-02-15 20:25:20,2017-02-20 04:06:23,2017-02-23 11:45:22,2017-03-16 00:00:00
dc6cece6890d0a1710dff80a6f1090d9,04ac91a37da7d16302790620cd39449e,delivered,2017-07-09 11:40:19,2017-07-11 03:55:34,2017-07-11 18:27:58,2017-07-13 17:04:19,2017-08-02 00:00:00
3f9b6f8b34537b09fecc693148454b85,ac9003f42265dbb7e2062aae6911d535,delivered,2018-02-21 20:02:16,2018-02-21 20:15:28,2018-02-22 20:24:10,2018-02-23 13:28:58,2018-03-07 00:00:00
13188f2e3cfdae1480d1552e58d19d7d,54942d591ae054cab4f5e166f5d03037,delivered,2018-07-24 10:49:44,2018-07-25 02:44:22,2018-07-25 16:09:00,2018-07-26 22:03:09,2018-08-01 00:00:00
95e978f299dd47721ee357c14f859b66,721f571d9151b56034a0bdaf68f675fd,delivered,2018-02-06 20:51:01,2018-02-07 02:52:34,2018-02-08 23:23:07,2018-02-28 16:39:45,2018-03-12 00:00:00
4ab68bc41831caca906e6bdb5c94235c,0b5e596d717bd970cd5b3c5855ff3c6a,delivered,2017-11-07 13:16:10,2017-11-07 13:26:33,2017-11-09 15:12:55,2017-11-20 20:49:46,2017-12-12 00:00:00
5908ee27430d026f83a0310e7c7770a2,193ce7c3325f456276d2c58fc552f3d2,delivered,2018-04-04 17:26:30,2018-04-05 17:29:50,2018-04-07 01:17:44,2018-04-19 16:48:58,2018-04-30 00:00:00
ff6f331d72b0d62624db312fd52fa91a,63635056eddc977d8ee17852c15c50ed,delivered,2018-05-02 21:50:39,2018-05-02 22:34:48,2018-05-08 14:43:00,2018-05-14 15:41:42,2018-05-28 00:00:00
5a37429384be05ca14780e4989543688,03b753419e88796de2c7127ff13dce58,delivered,2017-01-18 17:42:22,2017-01-18 17:55:09,2017-01-23 11:19:08,2017-02-06 13:33:56,2017-02-28 00:00:00
58cf4bf760edf8c8fd391eb871b0eaa4,5547b9a9292eda0a94548b3678bf0028,delivered,2018-07-11 22:57:12,2018-07-11 23:10:15,2018-07-17 13:46:00,2018-07-24 17:24:31,2018-08-06 00:00:00
3354a9e699cdd99dae33906e55a8ca17,034ecc550de79becac426a8ed79722f9,delivered,2018-01-15 10:18:09,2018-01-15 10:30:26,2018-01-17 19:29:07,2018-02-15 15:32:30,2018-02-09 00:00:00
6f91268a084c516d7ad2ede51294e10e,a84b5e27f04f02bdbddb4f79770eb34b,delivered,2017-11-08 09:36:19,2017-11-09 04:31:09,2017-11-16 22:51:07,2017-11-25 17:38:35,2017-11-28 00:00:00
ecc7cc27b69424be1699b4551e825a0a,a45511de69785ad6a1e701ae6d1408f8,delivered,2018-01-09 13:29:17,2018-01-12 09:31:39,2018-01-16 01:12:54,2018-02-07 23:32:17,2018-02-16 00:00:00
24c678d0e706ce6ac170aa7168fb1ecc,8244312dc71cc15b4bd7dbc73349b125,delivered,2018-02-22 13:54:24,2018-02-22 14:10:18,2018-02-26 17:17:18,2018-03-08 23:18:35,2018-04-02 00:00:00
33d85d21dd088cf5ed7a5611d65853e5,a441c7abfc240014644e511f5bb97ee2,delivered,2018-03-07 19:56:55,2018-03-07 20:49:05,2018-03-09 18:22:50,2018-03-19 18:08:39,2018-03-19 00:00:00
dcb8f406a37e7da18d02d9a19cdfe8eb,89ee6b708a15037840b6375b8a82198b,delivered,2017-05-27 20:35:19,2017-05-28 20:42:25,2017-05-29 13:43:13,2017-05-31 12:43:10,2017-06-21 00:00:00
5c092582307d1169e1a475648c90003f,f3c77d075eef136f32aaf3e0ad0be638,delivered,2017-11-27 00:13:40,2017-11-27 00:32:38,2017-11-28 21:54:42,2018-01-16 18:13:36,2017-12-22 00:00:00
1449769412dea5d16183085a97ba3bca,18df50d79545e4b86e36986c7271156b,shipped,2018-03-23 20:22:36,2018-03-23 20:35:38,2018-04-03 22:38:24,,2018-04-11 00:00:00
3e84781202afaaf7f60c916ead71766e,4e0e75fc56e2609aa885d4305d4d07fe,delivered,2018-04-09 14:34:07,2018-04-09 14:50:45,2018-04-10 20:22:26,2018-04-13 20:58:56,2018-04-26 00:00:00
4bea7c11bcf3f690cb3feee7b57a1e98,cefe2a639c8bb02eb24dd112bcb8105c,delivered,2018-03-13 14:16:12,2018-03-13 14:47:50,2018-03-15 21:26:40,2018-04-10 21:06:52,2018-04-02 00:00:00
0c2cf3b3583c8f83ff9b3122d44fdaeb,5445f5f238cfaafc96fd267d5db851d6,delivered,2018-08-24 14:57:19,2018-08-24 15:05:11,2018-08-27 12:46:00,2018-08-28 18:32:28,2018-08-31 00:00:00
02f2c7fceceffdefd9a7e96abe08d93f,3a93b7b28f2d50b25c5bbb089d9b1f3b,delivered,2017-06-18 20:06:06,2017-06-18 20:15:21,2017-06-23 11:22:16,2017-07-04 14:17:47,2017-07-25 00:00:00
9f5173eb1a39549202e4ea7f568addb6,98fdb7a0ffab98ac4555b9e45387ca13,delivered,2018-03-25 20:56:27,2018-03-25 21:10:34,2018-03-26 19:47:44,2018-04-14 13:29:48,2018-04-18 00:00:00
0eac9f8e158a0eadfce8c9da8547a8ce,c889eec026a928be2c4ddde850ef4919,delivered,2018-05-03 13:36:47,2018-05-04 17:10:17,2018-05-07 16:25:00,2018-05-14 15:28:50,2018-05-22 00:00:00
30f9680e12738190e2910a6f914f1703,294894ee713acca0f4bce17bd8a15ab5,delivered,2018-07-26 12:14:51,2018-07-26 12:25:18,2018-07-26 15:24:00,2018-07-31 19:22:10,2018-08-23 00:00:00
5d169e74fbced395f079ddcc33445dc1,5207b0ef4cd1e2df50d660995a6ca90d,delivered,2018-06-22 17:33:54,2018-06-22 17:58:44,2018-06-26 11:53:00,2018-06-30 12:36:44,2018-07-20 00:00:00
8ad3c90054f697a24d150f97f9895638,b42bdafa270ca0623232c9899d5e8f3e,delivered,2018-05-13 22:32:35,2018-05-13 22:53:50,2018-05-14 14:54:00,2018-05-26 18:18:22,2018-06-05 00:00:00
0380d4bc2621c9c80b674b729d4c6c02,ce66a27f4a8c469e2f21230797f9e90a,delivered,2018-02-15 12:26:54,2018-02-15 12:35:27,2018-02-19 21:22:43,2018-02-20 22:07:28,2018-03-02 00:00:00
8f53771a7fcdba0c4033c969cda4724c,6d84f1503898b73420c9416a4a1953ef,delivered,2018-04-01 14:39:36,2018-04-01 15:31:55,2018-04-11 17:19:28,2018-04-16 15:35:46,2018-04-26 00:00:00
7e6c8e28ce48b444b6b6028f6aca5c72,bb375e44f33a775a8b3e4bcb72276e1f,delivered,2017-10-16 10:50:53,2017-10-16 11:10:11,2017-10-17 14:24:02,2017-10-18 14:41:24,2017-10-31 00:00:00
ae8d2355c75c103cecb78b4b58ed7a9b,4c6df85cd1c9c4aa1b8c21b20ba83175,delivered,2017-05-30 11:57:07,2017-05-30 13:23:13,2017-05-31 09:23:02,2017-06-12 11:59:46,2017-06-20 00:00:00
0735a85a187bf67cfe490862c0e72bb0,91d3149d945965cc9dcb46ca1981f7c8,delivered,2018-04-04 10:36:31,2018-04-04 10:49:15,2018-04-05 17:03:32,2018-04-06 23:38:36,2018-04-16 00:00:00
8f5817567870050244ea3c3365cb3e4b,acac9d60332d1faf167269f17506722c,delivered,2018-03-11 18:34:23,2018-03-11 18:50:29,2018-03-12 19:21:54,2018-03-22 14:18:35,2018-03-28 00:00:00
498df1cd2e70db2732f74f8c673e733f,1be2aa7c9f1e41a1d14f200e97442173,delivered,2018-02-15 11:46:10,2018-02-15 12:07:44,2018-02-20 18:23:30,2018-03-09 20:21:47,2018-03-09 00:00:00
e22737e996298006a1b66185c8b4399e,0788b39f5f626acca3e865c280736e95,delivered,2018-04-04 10:15:39,2018-04-04 10:30:18,2018-04-04 23:46:33,2018-04-19 22:44:54,2018-04-30 00:00:00
926f5e1e6faac24526c88890d6cd84ac,84eaed2673c6366031957b44e53b2067,delivered,2018-05-18 11:28:40,2018-05-19 07:10:48,2018-06-08 14:26:00,2018-06-11 21:58:43,2018-06-21 00:00:00
52a1973044aa5f46769841ea77ffc2ed,7136e57a423e37b67db4785828331b99,delivered,2017-09-25 13:39:41,2017-09-25 13:50:13,2017-09-27 15:38:25,2017-10-08 15:13:56,2017-10-26 00:00:00
2290b45124e2773329685c8dd7458e68,6087008160873cf7d0e58b1de1f5e048,delivered,2018-07-04 13:43:30,2018-07-05 16:09:14,2018-07-05 09:56:00,2018-07-10 16:08:34,2018-07-26 00:00:00
41827e4e8d543efd8589dd2b2578c1d5,5a54bfa9e77f0bc8ee528cc244e6e06c,delivered,2017-03-17 20:50:31,2017-03-17 20:50:31,2017-03-20 12:46:01,2017-04-03 09:18:10,2017-04-11 00:00:00
c518f5624cc7261df143c155e642a8cd,6cccffbb4e7e80391ae447913bd541e4,delivered,2017-03-12 16:26:20,2017-03-12 16:26:20,2017-03-13 13:10:21,2017-03-21 18:28:07,2017-04-10 00:00:00
fb30296d350b197030e65d4a2e52a1a6,a7b1fbc6873f02a31b7ea555c90cb274,delivered,2018-04-02 10:52:26,2018-04-03 05:48:55,2018-04-03 22:57:50,2018-04-07 16:06:48,2018-04-12 00:00:00
a0bb81fda7cf88b07f9a884c1be7ba64,4a9cae3c6e4eff37b35be82974029cda,delivered,2018-07-31 22:46:31,2018-07-31 23:04:17,2018-08-10 15:36:00,2018-08-15 18:48:30,2018-08-29 00:00:00
28785e42a86823ed810e8697382b4ceb,0193c07a4b8a38ee92bdd6535de468d5,delivered,2018-03-17 22:07:37,2018-03-17 22:28:48,2018-03-19 18:51:59,2018-03-29 22:41:52,2018-04-09 00:00:00
b34369ee8397436dd7ceb8bb7783671d,c96771504b0c9d89ad8da161e0e3d092,canceled,2017-06-07 20:11:29,,,,2017-07-04 00:00:00
470e4a0aae7ae6c3bb0aa161b7abf205,26f83e62d72f451b8d1be6bace2c760f,delivered,2018-07-27 10:47:14,2018-07-28 02:35:18,2018-07-30 12:26:00,2018-08-02 19:28:53,2018-08-15 00:00:00
b149455fa7496682b0416179a74cb8bb,fdd462d38129a881c0620cebff8d5484,delivered,2017-11-08 14:42:39,2017-11-08 14:50:50,2017-11-10 16:12:57,2017-11-21 22:19:00,2017-11-29 00:00:00
000aed2e25dbad2f9ddb70584c5a2ded,fff5169e583fd07fac9fec88962f189d,delivered,2018-05-11 20:33:38,2018-05-11 20:57:03,2018-05-16 14:26:00,2018-05-18 16:46:31,2018-05-22 00:00:00
507ade1b30ebcd50657684efabcd135f,f20afd4cc727293b97398aa1c665e9cc,delivered,2017-11-09 10:09:01,2017-11-09 10:26:52,2017-11-10 18:46:47,2017-11-13 15:59:18,2017-12-01 00:00:00
ba78eeba3ae33579487bedc08dce96be,4bfe7cd506a992a41031d3fe407e2b2b,delivered,2017-01-24 14:14:29,2017-01-24 14:25:22,2017-01-25 09:38:56,2017-02-10 12:09:03,2017-03-09 00:00:00
e18be83c4a3b99b4eab98b64ae5bee5b,7766364299644f1ce43ff4640a193a49,delivered,2018-03-13 15:57:08,2018-03-13 16:48:07,2018-03-14 22:24:42,2018-03-17 06:51:44,2018-03-23 00:00:00
d2142399ae9975a18c099e642c5e48f9,c09557607b4707656905142f3e80c1be,delivered,2017-04-17 21:09:39,2017-04-17 21:22:12,2017-04-20 16:24:24,2017-05-29 08:10:00,2017-05-25 00:00:00
6e3ff590b497a3de669506cfaed55b4a,26ee6aac04c17013152233a0c471c2e9,delivered,2017-05-24 13:55:43,2017-05-24 14:05:14,2017-05-25 10:54:44,2017-05-29 11:24:40,2017-06-16 00:00:00
c9e7e5db848d9887106af64ce027ff75,79a2df12350e76ffce12fc265747ef38,delivered,2018-05-16 21:00:35,2018-05-16 21:15:30,2018-05-18 19:00:00,2018-05-21 20:16:31,2018-05-28 00:00:00
bdf4423bf60eac03b6786ebd0e507cc1,0040b00970e2139e8c43b647c0da5305,delivered,2017-01-26 23:10:07,2017-01-26 23:25:14,2017-02-06 11:54:30,2017-02-15 15:27:48,2017-02-20 00:00:00
33401c04efca8f6e33ee1cc1eaa8e32a,22a3fb1c07bc5d522ac4747f9dcfd440,delivered,2018-08-08 16:53:14,2018-08-09 17:35:15,2018-08-10 15:18:00,2018-08-14 18:25:28,2018-08-13 00:00:00
a4e589b74835bc3afcbd2f9e8c5f7fd5,8b395f74a33054bc1e054c5b9348df51,delivered,2017-08-18 13:19:58,2017-08-22 04:16:21,2017-08-25 18:16:49,2017-09-01 17:32:10,2017-09-11 00:00:00
03b9c1e9a4406645c06dde26f4a704e9,c156f1d60c8d28bcd38c1f5720d50782,delivered,2017-02-27 09:27:13,2017-02-27 09:41:57,2017-03-01 06:52:31,2017-03-10 07:58:50,2017-04-04 00:00:00
857699cd8c2658e12a5870b9b54eadfb,574652f96ba898a0759784757c1907d5,delivered,2017-12-07 10:23:12,2017-12-07 10:34:25,2017-12-08 23:49:05,2018-01-15 13:05:45,2018-01-12 00:00:00
89c2989bfa78c40ee84930e6ffc320b9,56cd6175e65df23bbe59af34440be98c,processing,2018-03-23 18:45:55,2018-03-23 19:27:39,,,2018-04-12 00:00:00
df0bb4e3a5f6d5151441f441a58aa806,6dced73164631978b70241f6a7017f3a,delivered,2017-11-24 22:49:57,2017-11-25 01:55:25,2017-12-12 22:26:36,2017-12-27 19:49:02,2017-12-19 00:00:00
c92a96b2edf7f42ebf19837f97f6009b,b1256e57a349bb234c311e484ed8cd6c,delivered,2017-08-15 23:41:01,2017-08-17 08:45:12,2017-08-18 20:40:03,2017-08-24 20:11:35,2017-09-04 00:00:00
29345ccb0ecccd723beb7de346e0528f,cb88f300cd0cfbf82776798d5e2fdce8,delivered,2017-10-17 19:25:57,2017-10-17 19:45:54,2017-10-27 21:03:34,2017-11-13 12:17:38,2017-11-16 00:00:00
14cdf6b0e28c9bea424092db68bd3847,b3f260b31b70c5fcf87843a23466b2e8,delivered,2017-07-24 16:26:09,2017-07-24 16:43:03,2017-07-26 11:12:35,2017-07-27 13:34:24,2017-08-15 00:00:00
2685303a30b9133248bb610af20a7811,5f8a12865ea2bb0196309274e15cf955,delivered,2017-03-22 08:42:45,2017-03-22 08:42:45,2017-03-24 10:35:14,2017-03-29 16:08:53,2017-04-10 00:00:00
66f914f1914a21decb9c8cd76cbca55f,c5ddd2d83188e82163995d19351a79b3,delivered,2017-11-30 17:20:03,2017-11-30 17:30:59,2017-12-04 20:25:00,2017-12-14 16:48:47,2017-12-27 00:00:00
d9137c81bf939fd8a1934f77b701422c,d1b14fc1c19d8abe7194221cc318f50c,delivered,2018-06-25 20:49:44,2018-06-25 21:13:05,2018-06-26 14:35:00,2018-06-29 00:26:31,2018-07-16 00:00:00
1dec11386bca25ac9f2eb159feccd7ca,59d98826362abe32f153471285f3fe3b,delivered,2018-05-03 09:18:32,2018-05-03 09:41:46,2018-05-04 13:47:00,2018-05-10 19:03:30,2018-05-21 00:00:00
66057d37308e787052a32828cd007e58,dca924c5e55e17bdba2ad42aedaeaaeb,delivered,2017-04-15 19:22:06,2017-04-15 19:35:13,2017-04-19 13:25:07,2017-05-24 08:11:57,2017-05-18 00:00:00
ce739db6acc9dd893a9319a2629953e7,4a07364efc6beeb55df6dd72f15088a9,delivered,2017-12-28 22:27:15,2017-12-28 22:38:21,2018-01-02 20:19:54,2018-01-12 20:19:23,2018-01-31 00:00:00
da28bbd0cc0e923ee858fdeb0039a0b9,c7fef5622833f398d9fbd2929c9bd3ff,delivered,2017-09-27 15:58:52,2017-09-27 16:14:30,2017-09-29 13:35:04,2017-10-11 21:13:35,2017-10-31 00:00:00
adff7b867a7bd97bcf42ddec332f246d,690b3de0e2b6e94ac82eaca053616c23,delivered,2018-04-16 16:45:59,2018-04-16 17:34:20,2018-04-18 18:56:41,2018-04-20 11:33:09,2018-04-26 00:00:00
5f855e92f134f2d544ec90a5864bc73e,e578f66c816fc09c907a23bd74c73967,delivered,2018-04-12 10:47:54,2018-04-12 11:41:11,2018-04-12 20:51:51,2018-04-16 19:22:31,2018-05-08 00:00:00
466a97f80260f9336c1be60a53042e14,10f1f9be58b2f03349c40a280166de70,delivered,2018-01-25 20:30:55,2018-01-25 20:59:02,2018-01-29 23:58:52,2018-01-31 20:48:35,2018-02-14 00:00:00
bd5ffda97fccc263e7c4f0f4f3f42b88,6ed46d1a1401e293d5b53bd611fe6ef8,delivered,2018-06-22 16:04:28,2018-06-22 18:15:53,2018-06-28 14:48:00,2018-07-03 21:08:47,2018-07-18 00:00:00
943eaec3487658de2dc5291e9c051e51,71cb151e6607a5f3d56935c7c2e5f4ed,delivered,2017-05-19 11:43:01,2017-05-19 11:55:23,2017-05-19 13:20:50,2017-05-24 10:34:16,2017-06-12 00:00:00
bdc0bd072186ba7097165ec74875f0eb,804b12a87e551f74f8d1f0c310eeb15b,delivered,2018-04-27 18:40:55,2018-04-27 18:51:25,2018-04-30 15:46:00,2018-05-05 17:47:32,2018-05-22 00:00:00
c69f0380799b51f882ec31e9761cd497,788144ab1cae2ab28794815b0b101ee4,delivered,2018-05-21 21:37:31,2018-05-22 21:35:44,2018-05-23 14:14:00,2018-06-08 13:42:58,2018-06-21 00:00:00
dbd2fb4a3599d11c9e02b4fb4c6f9992,b461071dc1b4a15f4dab9db38270a778,delivered,2018-03-16 21:54:40,2018-03-17 16:56:09,2018-03-20 02:21:01,2018-03-25 16:22:53,2018-04-18 00:00:00
14861b02076ed7da9471988265a0104b,06e107f212576eccb2e2adc7781c9705,delivered,2018-07-12 00:03:11,2018-07-12 00:15:15,2018-07-12 14:03:00,2018-07-13 16:48:34,2018-07-26 00:00:00
698f476267deedddbe4ad589590ccae6,533fb5085c7f25a1b96339a5ab46a324,delivered,2018-04-11 18:43:39,2018-04-11 18:51:19,2018-04-12 23:06:43,2018-04-24 10:16:56,2018-05-10 00:00:00
a1fa8465f15178a62e2429d53c230d99,4fe13d656b536982335931449b3fe43d,delivered,2017-11-16 17:32:44,2017-11-17 17:47:43,2017-11-21 17:13:41,2017-11-23 16:16:40,2017-11-29 00:00:00
2b950091945098a44e96447b5c4d9e85,8450bc4f0cf0fba040163c4024ae86d1,delivered,2017-11-19 03:32:40,2017-11-19 05:32:38,2017-11-22 01:32:30,2017-11-27 22:48:25,2017-12-07 00:00:00
9d817e85739426de1efcd842ee59cbd1,94a0145915f0bda7507fe35db2b2698e,delivered,2018-05-15 00:08:11,2018-05-16 00:15:48,2018-05-16 15:51:00,2018-05-22 17:52:56,2018-06-21 00:00:00
c4c9066b8b703b82bbaa0561244e0e0f,b59a3e6478e9da13a3ca328e9faa96d1,delivered,2018-03-01 17:44:41,2018-03-01 17:55:35,2018-03-03 00:04:36,2018-03-27 15:08:44,2018-03-28 00:00:00
7cbdd21eaf3b8934a3b11338c0f3aa7f,de7921534c6d469a9015ea7ae903bf49,delivered,2017-07-22 00:55:46,2017-07-22 01:05:10,2017-07-27 15:03:11,2017-08-07 22:04:45,2017-08-25 00:00:00
3e76656d05c5a539d8a720fc5f91b64f,7d1b4cfdc72af15ea8dc8e6afff535f1,delivered,2018-04-19 13:29:33,2018-04-19 13:53:35,2018-04-25 15:31:00,2018-05-02 14:28:53,2018-05-14 00:00:00
be580c71d638ce682e9792c27c7aacb2,d163cf4e7699b15dd8bdd1e3c5860a89,processing,2017-03-14 20:12:18,2017-03-14 20:12:18,,,2017-04-10 00:00:00
1f1ee480dfe62c3f7ab8829405e075c1,d32163773f451460d21be3956bd15ef5,delivered,2018-05-17 16:42:43,2018-05-18 00:15:32,2018-05-22 07:46:00,2018-05-24 00:44:19,2018-05-30 00:00:00
a12153dad2df2a9170ad612eb14a99e3,0a0afd6b325c47238bc79033025b5a9e,delivered,2018-02-11 15:52:09,2018-02-15 03:55:46,2018-02-15 20:21:45,2018-02-23 19:47:17,2018-03-13 00:00:00
57f3dce57b231e9b80186f99ded08cf8,c096587845614184e0dbdbe8c8eb7662,delivered,2018-01-30 22:23:38,2018-01-30 22:52:12,2018-02-03 01:37:25,2018-02-14 15:28:56,2018-02-23 00:00:00
5ac3fcbc8dcadd9d700bd4dea8aca74d,16c5c8aeae319cdc58ef090aff4f2d5c,delivered,2018-03-30 19:55:00,2018-03-30 20:47:26,2018-04-02 17:06:53,2018-05-07 19:48:48,2018-05-03 00:00:00
69ab7fdbd887d055b05826a8cc5591d7,12d40bdce2536956b181627d4762c68e,delivered,2017-02-07 21:17:45,2017-02-09 02:55:40,2017-02-10 11:20:36,2017-02-14 12:37:28,2017-03-06 00:00:00
7bab8fdc27c8cc367c51bb3c4f8bcc42,5f80c8ac8d4c620ad6bcc698b80f8358,delivered,2018-03-02 19:29:10,2018-03-02 19:48:48,2018-03-05 18:09:40,2018-03-23 23:02:27,2018-03-29 00:00:00
1d4fef737d9b6c214e13e92ae014018f,584f7f6c5c35ae99caabdaa223783764,delivered,2018-08-18 18:50:32,2018-08-18 19:09:40,2018-08-21 12:25:00,2018-08-24 14:08:27,2018-08-30 00:00:00
9d0ead55b274d0c21fe95108b4b3ffe8,e72a02b24f008733f01b595c3b58200a,delivered,2018-07-24 15:27:57,2018-07-25 15:25:15,2018-07-27 11:30:00,2018-08-04 15:32:01,2018-08-09 00:00:00
34984c4e45c628649f0e6c60a8f626f9,419fd4034de389a5bca6eded55d8a1c7,delivered,2018-05-29 23:33:44,2018-05-29 23:51:54,2018-05-30 13:13:00,2018-06-01 14:28:38,2018-06-21 00:00:00
079b09f210081037c1f444e2eaca1e38,751cc1b8ca15a4ecc70e07234b48019e,delivered,2018-04-27 12:54:04,2018-04-27 13:10:47,2018-04-30 12:38:00,2018-06-05 18:26:35,2018-05-25 00:00:00
385183082e6bcd8f81769fe274d3654a,aa072112a00df3b18830253b7fd1f47f,delivered,2018-04-04 08:46:50,2018-04-04 09:09:51,2018-04-04 19:14:41,2018-04-05 20:39:44,2018-04-16 00:00:00
a206b5b5949384fc699e072ced43192d,14369dc96e15545d2cdf0b8e5778f1ac,delivered,2017-12-06 13:26:13,2017-12-06 13:37:26,2017-12-07 18:58:26,2018-01-10 01:06:20,2018-01-09 00:00:00
73a331a84d88cbe29024744ea908b253,ef27ad6a759b60d8a7d93688c171aa20,delivered,2018-01-16 19:53:45,2018-01-16 20:10:27,2018-01-17 19:03:14,2018-01-25 17:13:24,2018-02-06 00:00:00
18931048107af46874dd4bfd3e5a8aae,2fcbfb11699f54fb8cbd3593c6250840,delivered,2018-04-06 10:26:19,2018-04-06 10:35:31,2018-04-09 22:11:28,2018-04-14 01:08:50,2018-04-25 00:00:00
3d905f2c25bbcb26fc068e0ca62a4315,a552a8ddad3a5ddbf24e84046123e406,delivered,2017-07-24 17:31:04,2017-07-26 02:25:45,2017-07-26 18:12:33,2017-08-01 20:36:12,2017-08-15 00:00:00
eb2dc067ee1a4eac77e2d045f01cf7f0,78101fe486eab484a8d65d53b69f4b09,unavailable,2017-12-04 23:16:03,2017-12-05 10:30:41,,,2017-12-20 00:00:00
9fb4185dd9d8f82b6effea11c1555899,9376b063a94c859dc0ac58fadcb15902,delivered,2018-03-20 10:05:52,2018-03-20 10:28:15,2018-03-21 19:12:44,2018-03-27 01:28:42,2018-04-02 00:00:00
8dede9c6014be218c3fce9a53dd44214,3c1bf64716a94f0ca73edc8352ec1b75,delivered,2017-09-04 10:18:22,2017-09-05 04:36:07,2017-09-06 17:54:59,2017-09-13 20:47:16,2017-09-22 00:00:00
a54f14e8c617edc690ea2b56276d6743,f24c605384d492632a9a539d3f0d300e,delivered,2018-06-11 21:04:27,2018-06-12 21:23:41,2018-06-14 15:08:00,2018-06-20 11:58:38,2018-07-11 00:00:00
6975181fadf909dc0ec2cffd86bb0176,3eb41d54dae98a7ee7ea180424310821,delivered,2018-04-12 09:02:42,2018-04-12 09:15:17,2018-04-12 21:42:44,2018-04-16 19:22:22,2018-05-04 00:00:00
2cb5ed8e391a8ef966fe938d480510b1,6ea342594088a8d78a51e55e38053887,delivered,2018-03-03 10:12:47,2018-03-06 03:35:42,2018-03-06 19:27:31,2018-04-11 16:59:50,2018-04-06 00:00:00
c145fc8b026ef7dcef1a56820099b784,b0578f6e3f6019e803f13ef0ba346530,shipped,2017-06-23 20:29:26,2017-06-23 20:35:22,2017-06-26 18:47:57,,2017-07-17 00:00:00
7f4988e3479541a14ffd638419c902b1,f4647aea7ef7c8dfb11e2970c509f8f9,delivered,2017-07-16 15:27:12,2017-07-16 15:43:23,2017-07-17 18:35:30,2017-07-18 18:47:40,2017-08-04 00:00:00
4f5a529c594b7fb29daf6b077313ebcb,d0ded10ea1879d9144131c80f05be330,delivered,2017-12-06 16:56:37,2017-12-08 02:39:32,2017-12-13 12:59:19,2017-12-29 17:23:31,2018-01-02 00:00:00
6f85fa051c6abbc96216b2dfb6af04b4,ffaa6016ef664a87ad16212a2630bf23,delivered,2018-03-02 14:21:59,2018-03-03 10:55:31,2018-03-05 22:22:25,2018-03-12 18:12:39,2018-03-20 00:00:00
2da01b4da104add683f87af323a0e9d1,4833bffdf808dd229fb636eacf117d88,delivered,2018-08-01 08:33:57,2018-08-01 09:20:06,2018-08-06 06:46:00,2018-08-13 11:22:45,2018-09-06 00:00:00
19542608de028da289c7e0fb0a7422ea,d8eae12eae299f031d70dcbe066d57bd,delivered,2017-08-24 11:15:18,2017-08-24 11:25:25,2017-08-25 20:07:59,2017-08-31 19:05:44,2017-09-18 00:00:00
0f14db1abb2772e95d78a72c30d69678,3563b65918969aa4770325856ec0c256,delivered,2018-04-11 02:48:15,2018-04-13 10:11:04,2018-04-13 21:53:31,2018-04-20 20:19:12,2018-05-08 00:00:00
c8126d249a88b7218ea8af8a2ddfc024,8d507f583837f28f95948bf6acdf0c9a,delivered,2018-07-06 14:23:32,2018-07-07 04:48:22,2018-07-10 15:27:00,2018-07-12 20:33:44,2018-07-25 00:00:00
ac2dcc9201c601c1030aa6daa7337f95,964a1b658f1aff1ca42fc6adbec6a304,delivered,2018-01-17 14:14:21,2018-01-17 14:29:53,2018-01-18 20:12:41,2018-01-23 22:59:28,2018-02-19 00:00:00
9757bb9b0d295ca539b1b15c3eab9b2e,c4fbb5a95dc900f4bd12838d8e8bf99a,delivered,2017-07-30 20:17:31,2017-07-30 20:30:06,2017-07-31 19:34:26,2017-08-05 16:03:44,2017-08-24 00:00:00
ac1e2ddaa8a97a982f9e3bf625bca0b0,2c2138da862f883482de2f8dc4bedbe1,delivered,2018-05-18 00:32:42,2018-05-18 03:56:19,2018-05-18 17:30:00,2018-05-21 17:28:24,2018-06-06 00:00:00
01e6f40a293da5a9dc11e49695c7541d,ccea9568a9b9092688e949bcb955ddd0,delivered,2017-05-29 12:58:03,2017-05-30 04:30:25,2017-06-01 11:55:36,2017-06-07 15:19:29,2017-06-21 00:00:00
1056d9c713cf16970b44a1994cbdebb3,f67c3132efd7fdbe82c5365dad71d736,delivered,2017-02-10 16:46:29,2017-02-10 17:20:26,2017-02-13 12:54:08,2017-02-17 10:28:02,2017-03-13 00:00:00
11164af6ef812e688fc012214add9b33,32c69104d98a01809880ea33b518c808,delivered,2018-06-01 22:30:54,2018-06-01 22:51:20,2018-06-05 15:23:00,2018-06-11 16:48:50,2018-06-26 00:00:00
b142ce1c884b7b514639d0ce49c1fa39,f22ebbb28922e5674081e7bff1d1baef,delivered,2018-01-26 22:32:03,2018-01-26 22:52:04,2018-01-29 17:44:03,2018-02-17 12:42:13,2018-03-01 00:00:00
a186eef01772ae1e7d95dcd6b606a52a,8e788b2450c8edf1410976f0e00ab0ff,delivered,2018-02-15 19:44:45,2018-02-15 20:06:22,2018-02-22 03:38:41,2018-03-07 18:06:38,2018-03-09 00:00:00
f77d6449700df86a91049fdf2bb2e7f5,8a717a19b689087bd31b9b2241003871,delivered,2018-06-03 00:20:18,2018-06-03 00:30:17,2018-06-04 15:31:00,2018-06-06 18:21:56,2018-06-20 00:00:00
66ff1220586d3f2a3bca0ab30fe9159a,454966f7c9735e0d105c8fee65228072,delivered,2017-11-12 12:52:54,2017-11-14 03:35:40,2017-11-15 00:07:41,2017-11-24 21:33:18,2017-12-11 00:00:00
9081eb59066e15ca372cbdf65b67c57e,c276069b9038f794b40e0367b28a64fb,delivered,2018-01-18 17:13:29,2018-01-18 17:35:32,2018-01-19 23:48:43,2018-02-06 21:52:27,2018-02-19 00:00:00
08c94cca559ddccd243fc551e088b856,74470427b2f2d1ecce8a1f7da289ee9e,delivered,2018-07-19 10:17:21,2018-07-19 10:30:11,2018-07-23 13:41:00,2018-07-31 15:42:55,2018-08-10 00:00:00
23454aa9c9538dcfcd7a90e8a41b3ed6,0c16001ff6d159f5e4dc4da48e67905c,delivered,2017-05-25 18:19:13,2017-05-26 02:45:22,2017-05-26 08:57:48,2017-06-02 14:46:52,2017-06-21 00:00:00
a5fe635208239cb11b18044279ceebc5,de0e1520ac5cb64cdc689ec1c8b9c272,delivered,2018-06-11 19:24:20,2018-06-11 20:03:00,2018-06-14 14:28:00,2018-06-19 00:42:09,2018-06-26 00:00:00
31da75f0c78b03d446ea7342a6c002b9,c237d8004d96d415d3b36567708a87c2,delivered,2018-07-05 14:55:38,2018-07-12 04:10:14,2018-07-13 16:41:00,2018-07-24 21:24:32,2018-08-10 00:00:00
96ed1598c0605903e3a112a907f54700,25a3a47970e525f12550605082758b98,delivered,2017-11-18 22:11:10,2017-11-21 04:06:32,2017-11-22 16:57:06,2017-11-30 23:58:47,2017-12-07 00:00:00
442693e8e705ad1f9c91f762f0d297bc,0049e8442c2a3e4a8d1ff5a9549abd53,delivered,2017-08-28 21:16:10,2017-08-28 21:25:14,2017-08-31 19:26:53,2017-09-08 15:36:43,2017-09-20 00:00:00
6285b6f2819b0adc9d5853af6c6ff4dc,d4fb78a8e5b23b05966e19efd5daf545,delivered,2017-11-30 10:22:32,2017-11-30 10:32:59,2017-12-01 19:13:19,2017-12-11 21:46:55,2017-12-28 00:00:00
ef1fc34d1d1ab34f4eb53f2c9b4ed2ab,034454b0d87f1dc91dace5306bde36af,delivered,2018-02-05 17:16:35,2018-02-05 17:33:05,2018-02-07 20:28:33,2018-02-19 09:16:30,2018-03-06 00:00:00
fb83eb488a7a2a91678418a41e3286ec,4dd76168a4eab12aa6f1178cebf5ea29,delivered,2018-03-18 19:20:51,2018-03-18 19:35:28,2018-03-21 19:14:50,2018-03-22 20:36:50,2018-03-29 00:00:00
94d293ebc179b90794f06131fdae1883,936b68a646c4f4d8a24ea74d7649b8c9,delivered,2017-12-07 15:50:36,2017-12-07 15:58:25,2017-12-09 12:28:42,2018-01-11 18:10:53,2018-01-17 00:00:00
883c4fe4594557f97aa902af2879e04c,44abeee87819392684e3492948b5b165,delivered,2018-02-19 10:32:02,2018-02-19 10:47:00,2018-02-19 21:58:00,2018-03-02 20:11:51,2018-03-15 00:00:00
d6fff26e75a874eb8e74deeb84f0b4e0,f30392aa147ac889927d2ebbab570e9a,delivered,2017-11-29 18:48:05,2017-11-29 18:55:24,2017-12-05 11:42:06,2017-12-08 21:12:34,2017-12-21 00:00:00
8dca7901c45e1525ad654814a7db9eea,043e1a8a42664d4e6fd092d4b1f878e7,delivered,2018-01-05 01:35:24,2018-01-05 01:47:53,2018-01-05 22:58:11,2018-01-08 19:55:23,2018-01-23 00:00:00
ad55129ee505d7099cfa6fa9050bdec6,97f75cec91e09a57da6ddfcba7f77948,delivered,2018-04-10 18:28:31,2018-04-10 18:50:12,2018-04-11 18:48:46,2018-04-12 19:28:39,2018-04-24 00:00:00
a6288025a106ed8a4db8010e42d44577,5585bc3f707bf7755cc669076c92b15d,delivered,2018-07-28 18:54:26,2018-07-29 18:45:19,2018-08-09 10:16:00,2018-08-16 23:18:35,2018-08-27 00:00:00
ad297cd9b29f35474be512a2ee427c4b,8168b4d71a3686f605f18abf51a2fb2f,delivered,2017-07-19 14:48:57,2017-07-19 15:10:32,2017-07-21 20:12:32,2017-07-26 22:36:35,2017-08-14 00:00:00
96d89a80126756983acb2d1bfbd97117,a0e531e39d5495209ca09857c40feac5,delivered,2018-08-18 18:47:24,2018-08-18 19:09:33,2018-08-20 12:55:00,2018-08-27 18:42:25,2018-09-14 00:00:00
6fe0d4afaf96ac0a6792ffa85d4b5830,ba58938b614947293a25014a8010ef59,delivered,2018-01-06 21:54:15,2018-01-06 22:07:31,2018-01-11 17:42:29,2018-01-29 20:57:53,2018-02-15 00:00:00
ad45318f69f5c8613267854b52b2996e,1b6aceac84d043da5b7a09d1baa8a40d,delivered,2018-04-06 21:33:53,2018-04-06 21:49:23,2018-04-11 16:07:31,2018-04-16 14:12:59,2018-04-30 00:00:00
49d6c0bdfef33c709ed283eb19d8b3d0,d06f2fa7aa37463850e08c3310292112,delivered,2018-08-17 17:41:49,2018-08-17 17:55:10,2018-08-20 22:36:00,2018-08-21 19:52:43,2018-08-30 00:00:00
6621d32aa07764fa7759c523c9001bb2,c030857f0878461f5faf3e33b785a58b,delivered,2017-11-28 15:27:24,2017-11-28 15:37:29,2017-12-01 15:42:12,2018-01-05 19:54:25,2017-12-21 00:00:00
064406f58fe12697ff148d9a5851fe9e,5ce865a639501214aa516a7f5e1b8c98,delivered,2018-02-01 15:30:02,2018-02-02 02:54:04,2018-02-02 21:47:25,2018-02-09 21:08:58,2018-02-19 00:00:00
6eee33addf2f19cbd1d8e81c851825f8,55fc41c933a49c9b66194cc39a0e57a8,delivered,2017-12-29 15:30:54,2017-12-29 16:00:38,2018-01-03 20:17:41,2018-01-05 16:39:17,2018-01-18 00:00:00
716bcd6dfe99970baf4aed2083136ed8,42715bff8f22b8dc62e5055b1e9fef7e,canceled,2018-02-03 13:37:35,2018-02-03 13:50:26,2018-02-05 19:59:59,,2018-03-01 00:00:00
66138046442a61cd65ff42c35e53dd2b,39bdbfd5e90abd1b76dc52b52ffc3025,delivered,2018-03-08 21:14:24,2018-03-09 17:10:35,2018-03-14 01:14:38,2018-03-21 02:32:24,2018-04-03 00:00:00
7cb430e983dbba3559fa0f62ec454d5a,ba97a138522901f3c9694658b912c80c,delivered,2018-05-17 21:05:51,2018-05-18 02:36:28,2018-05-21 15:20:00,2018-06-14 19:58:39,2018-06-04 00:00:00
b711b5dd3754e257032e9ecb01f70168,b9eb6b78f19bc70a6f4cd538aac606c0,delivered,2018-03-19 14:06:29,2018-03-19 14:29:40,2018-03-20 19:42:47,2018-03-27 21:05:01,2018-04-09 00:00:00
bf294e9fc4071077ff5ffbeb803602fd,b3f8d2940b0f088e5daaf83ceb11a8e7,delivered,2018-08-10 16:21:47,2018-08-10 16:35:08,2018-08-13 14:34:00,2018-08-16 00:18:44,2018-08-16 00:00:00
6746bff3c11cafd29a7f19f7fecd5107,44ae1844515695a6e2c642c586a27e10,delivered,2018-01-25 15:57:50,2018-01-25 16:18:24,2018-01-26 18:17:49,2018-02-09 12:13:51,2018-02-19 00:00:00
48e081b41ba80f4327ded0c709f696bb,3aa691a5a3e2e8ae0ff8ba9fc7e30cce,delivered,2018-08-21 17:04:34,2018-08-21 17:27:06,2018-08-27 12:08:00,2018-08-30 14:04:50,2018-09-05 00:00:00
d53f7d65577d2f334537bf228afb6116,05875dfd489ce807cea1c162122a6ae4,delivered,2017-02-02 19:59:34,2017-02-04 02:25:21,2017-02-07 07:51:38,2017-02-10 12:09:04,2017-03-09 00:00:00
f30d4b0d595c335bb07075291527f56a,8ebeb2d244eccaba1440c6e6f3bcf11b,delivered,2018-06-03 18:09:41,2018-06-03 18:31:17,2018-06-07 14:15:00,2018-06-13 20:48:37,2018-07-05 00:00:00
0e76c1f1cc3a0d46923197991617cef8,c267e35a4a5aee75602d06f6860b25ba,delivered,2017-11-24 17:08:45,2017-11-24 20:52:48,2017-11-29 17:51:58,2017-12-26 21:23:28,2017-12-14 00:00:00
0cdc9c620e68547b5d7b5b5d974b675b,4ab85f6dfa508191b18fa85af3152a78,delivered,2018-06-25 01:48:17,2018-06-25 02:15:35,2018-06-25 06:38:00,2018-06-29 18:43:41,2018-07-17 00:00:00
3aae5f4d2c104f1d6f7620143be23d7f,5670e8edb5152237d23bfc18f0c96e72,delivered,2018-04-09 21:53:03,2018-04-10 00:12:41,2018-04-10 22:32:28,2018-04-12 14:52:48,2018-04-19 00:00:00
75d5b284c205c5d351b7cf618d31f5f6,0ff410a8ee5cdf10708bb8069df0be20,delivered,2017-12-20 16:07:07,2017-12-20 16:16:32,2017-12-22 21:22:34,2018-01-03 19:38:35,2018-01-18 00:00:00
c70d255a582e4ffcdf4bbe6bb0ffdc12,54c67eba6900fd3785f06de81c7612bc,delivered,2017-07-26 15:20:13,2017-07-26 15:35:06,2017-07-27 12:43:34,2017-08-03 16:59:51,2017-08-17 00:00:00
d12a47d442a17b323b1a2cc05b2c217b,7836f079e1b55a81c5e3ad8c5a7d0bb3,delivered,2018-06-22 11:16:05,2018-06-22 11:39:39,2018-06-29 09:42:00,2018-07-03 21:38:50,2018-07-17 00:00:00
005059edee63c8c708ba61910793b31b,d3b3960bebb0ff8c6edb75c8edd39212,delivered,2018-02-05 18:25:51,2018-02-06 18:30:33,2018-02-07 17:31:55,2018-02-19 21:39:12,2018-03-06 00:00:00
369736d4fdf5f12b5b823fe2abb3e485,20f2452267f6c154ded2085fb3b55234,delivered,2017-07-11 11:28:45,2017-07-11 11:45:23,2017-07-11 18:43:38,2017-07-14 20:29:38,2017-07-31 00:00:00
576e5a5f6d1ed0b333acc88bee3b8c25,e7c1c6bd4a65725fecd89c94428cdd83,delivered,2017-10-22 15:13:56,2017-10-22 15:28:12,2017-10-23 20:22:03,2017-11-03 18:47:04,2017-11-13 00:00:00
b65210a8511143d6d2357dbeaee25e74,52f1a5dd09ee11c3b11bf91c37585f9b,delivered,2018-04-26 21:44:12,2018-04-26 21:55:13,2018-04-27 13:50:00,2018-05-08 18:12:21,2018-05-18 00:00:00
e4b53293134babaa7d3b418659ead610,38003f9c1d0b6520183fbf6f25c4d6f6,delivered,2018-04-03 09:41:57,2018-04-03 10:28:40,2018-04-03 21:35:47,2018-04-14 00:12:10,2018-04-23 00:00:00
db89228b5cbfe216326ca3d484a14b8a,4c88dce1c0a3cd855a4faf78e6e125ff,delivered,2017-02-20 15:27:19,2017-02-21 04:55:47,2017-02-23 03:09:14,2017-03-09 18:14:19,2017-04-10 00:00:00
3d7de5d37ece096e7130ead701ee9951,3b874b39bd08789334887fe3a96619af,delivered,2018-04-01 16:12:42,2018-04-01 16:27:31,2018-04-04 22:16:35,2018-04-24 09:58:36,2018-05-02 00:00:00
40674b7f0ee237bb07702a45f2bd7d9b,ba9e2c8bd1a9d2a57c007283d0c60eab,delivered,2018-06-21 09:46:43,2018-06-21 10:22:45,2018-06-21 14:46:00,2018-06-29 17:52:08,2018-07-27 00:00:00
ce500b2ca0d960f937fb4d24282d3291,b77ef6aa11b50074739e74d4a78ae4a9,delivered,2017-01-27 12:15:07,2017-01-28 04:34:27,2017-01-31 10:05:13,2017-02-15 18:22:02,2017-03-02 00:00:00
f945e05012cd4dcbf844fde15c96df3f,618643a5b525ddfb0278b14362854fea,delivered,2018-06-14 22:01:28,2018-06-14 22:16:35,2018-06-15 13:43:00,2018-06-19 19:34:46,2018-07-13 00:00:00
4871982748e25b177175c76e0bfd3c53,f5d5e8f28f5fb483dd4e23b1d03dc2b7,delivered,2018-01-04 22:10:09,2018-01-04 22:17:25,2018-01-08 21:59:03,2018-01-10 00:03:17,2018-01-22 00:00:00
bfccbf3f4c803a60b641433bc8affe01,0d922512d7f76cba4bc96a9960a7a7c4,delivered,2017-10-29 11:33:26,2017-10-29 11:50:21,2017-11-01 19:04:37,2017-11-09 15:42:07,2017-11-17 00:00:00
58d3bf26c43675cdcc1a3ac391c06dfc,eac1c5147416e3773dc2b3ed66098363,delivered,2018-07-31 17:12:15,2018-07-31 17:44:24,2018-08-01 19:24:00,2018-08-02 18:48:43,2018-08-06 00:00:00
8ca178b839165862ae754e78577ec81c,b3bcb831fb2edce491ac545d8964280a,delivered,2018-05-02 22:43:09,2018-05-04 04:11:39,2018-05-07 12:31:00,2018-05-10 23:19:17,2018-05-25 00:00:00
21d9d32f8191125284565e1600219667,a483f2f01b362e18d68917fd7269530c,delivered,2017-11-14 12:07:00,2017-11-14 12:27:19,2017-11-21 18:22:20,2017-12-01 01:08:07,2017-12-11 00:00:00
71f038dc8ff8c3fe824878b34c0a51f4,141bbc6c184a41aab0a0c3ef29a90bce,delivered,2017-04-23 00:13:06,2017-04-25 08:05:24,2017-04-26 10:30:18,2017-05-04 08:34:38,2017-05-18 00:00:00
8cbc22c005a12ed79f03d377045951ed,62a560d7cd4acbf08bd96639d10b5794,delivered,2018-01-22 07:25:23,2018-01-22 14:12:23,2018-01-26 21:58:42,2018-01-30 17:23:24,2018-02-06 00:00:00
191d8d46583f6f363ede63402686d936,1f9782734bacba3b67fae560dd17f903,delivered,2018-05-30 12:43:26,2018-05-30 12:56:54,2018-06-06 12:24:00,2018-06-14 19:12:18,2018-07-05 00:00:00
cd4b336a02aacabd0ef22f6db711f95e,89be66634d68fa73a95499b6352e085d,delivered,2017-10-18 23:25:04,2017-10-19 00:36:08,2017-10-20 17:11:50,2017-10-23 18:33:01,2017-10-30 00:00:00
5103d6b3761ac2e1155b08e4c6a5c225,c9a9089bfadc6b762a71590f1f7f2e85,delivered,2017-02-17 17:56:07,2017-02-17 18:05:16,2017-02-20 10:23:07,2017-03-02 12:09:33,2017-03-30 00:00:00
c056578fe94b80e3f1e732d013df9374,4ab0b8cd1e875e4d28abc70289f1e90e,delivered,2018-03-03 20:59:46,2018-03-03 21:15:30,2018-03-07 00:03:36,2018-03-19 10:04:43,2018-04-03 00:00:00
5c284ea765f41493a972351bb356a00b,5fda71138039e84e7f363d080362cb1e,delivered,2017-11-15 13:51:59,2017-11-17 03:35:34,2017-11-17 17:02:34,2017-11-28 18:48:34,2017-12-07 00:00:00
c164550f33679da3d32b3ce6078cffda,581ee503fd22bd36c99119cbfb230237,delivered,2018-05-28 08:47:35,2018-05-28 08:55:10,2018-05-28 14:02:00,2018-05-30 18:18:34,2018-06-21 00:00:00
04f5536db820c4ea1450c353f92d5de5,15b56277e99bef5176b7074fbbb818d0,delivered,2018-04-22 19:19:45,2018-04-24 17:33:43,2018-04-23 18:03:13,2018-04-24 18:45:00,2018-05-04 00:00:00
7ccdf2db4cb80263b5535a6cfad598e8,90f85ef7f6b7f07be42e73c4b8f298b9,delivered,2018-03-05 22:26:48,2018-03-12 11:50:45,2018-03-16 15:52:02,2018-04-10 13:42:45,2018-03-28 00:00:00
dbff645a24a20fde7eb395e28eddd916,c90d97d09db6da7464152a77ba914c91,delivered,2018-02-12 20:38:45,2018-02-14 15:35:29,2018-02-15 19:52:54,2018-02-28 16:04:56,2018-03-06 00:00:00
ec5cf2317f5141a62836da8e71586eb6,b2a3e9c6ec5d99f79eafc475de3db30a,delivered,2018-03-15 18:00:21,2018-03-15 18:15:29,2018-03-17 16:31:47,2018-03-26 22:26:34,2018-04-06 00:00:00
ce5e90a02c3779d618e686a0b25f815c,2fd13cd85c048b36160155dd6ef1aba9,delivered,2017-11-28 13:37:39,2017-11-28 13:50:42,2017-11-29 20:28:39,2017-12-05 20:26:56,2017-12-21 00:00:00
b73f09200030e4970b9840b72a630e45,ba12c461af37457048f420e37de2abab,delivered,2017-01-31 19:07:34,2017-01-31 19:21:36,2017-02-02 14:39:20,2017-02-14 11:12:29,2017-03-09 00:00:00
98b64215b7d4b779e003927cd0b7e225,ba398201ea0b47e63eee02504c0f81f6,delivered,2017-09-17 16:14:29,2017-09-17 16:25:15,2017-09-19 19:07:59,2017-09-25 20:06:58,2017-10-05 00:00:00
8efb790e87787df85c5be5757d1432c0,6fb0bd6145b929bd4e0b596d7d04e1d4,delivered,2018-04-10 14:35:39,2018-04-11 05:50:32,2018-04-11 21:18:24,2018-04-12 13:09:34,2018-04-20 00:00:00
aa8c424f10763cab5496c65e9e2a479d,7cedd102ee7669811b614cf22875a719,delivered,2018-07-18 18:38:02,2018-07-18 18:50:15,2018-07-20 14:15:00,2018-07-31 21:45:46,2018-08-09 00:00:00
d4c17074d3c22044f71a0faa32f99564,dcf230a09cf387630ffdf416bf92b39c,delivered,2018-04-10 16:34:12,2018-04-10 16:50:01,2018-04-17 22:58:28,2018-04-27 23:11:40,2018-05-08 00:00:00
6e3b262fc2ba819e9cfcd9e9bad5b7de,8881342d751d2d1f75196259e19b25ad,shipped,2017-04-14 11:26:42,2017-04-14 11:42:13,2017-04-17 11:06:40,,2017-05-17 00:00:00
bd72f84bd892f4e829d7fa262004487d,ac6fcaa127ca5433e6df97fde1892428,delivered,2018-03-02 12:29:07,2018-03-02 13:09:29,2018-03-07 00:48:32,2018-03-26 18:43:02,2018-04-05 00:00:00
6bd4b48e32c302661000c8a7c586461e,5ea87006224fb0061d762557b8246c42,delivered,2017-02-20 00:19:27,2017-02-20 00:32:00,2017-02-24 05:11:51,2017-03-06 08:17:57,2017-03-17 00:00:00
117af81a8bc7ab82a72c3255780d8149,d754c2010d2c7aa2fd25c4c4a0c35a0f,delivered,2017-11-16 18:04:51,2017-11-16 18:16:23,2017-11-20 15:04:39,2017-11-25 14:07:14,2017-12-05 00:00:00
6448b940e7bdf635ae69dca1b81077bc,f9b37f6a2591a3a3ee8ebbb20196d71d,delivered,2017-05-08 19:11:43,2017-05-08 19:25:18,2017-05-09 11:17:07,2017-05-17 14:47:56,2017-05-31 00:00:00
f6b0b46f185d2ee956ba092a30d157cd,8c48064d9bcfdb1c1e0778218dbfd3c5,delivered,2017-06-27 10:35:29,2017-06-29 02:55:15,2017-06-29 13:24:20,2017-07-05 10:51:25,2017-07-19 00:00:00
39d90234aa561e2f6a0ca08926c4f678,da5a76cb142d1caffc89b063aa35d07b,invoiced,2018-05-16 14:57:49,2018-05-17 02:37:24,,,2018-06-04 00:00:00
9b2d0b62b218b964a7d93e0df5e07b7f,da72700088fda66d33963258e7fa95a9,delivered,2018-08-20 14:10:04,2018-08-22 04:04:20,2018-08-23 17:57:00,2018-08-28 19:24:45,2018-08-31 00:00:00
2e157e2216996cc38981cc6b4d26b9f2,eb0531889b546c683fa11282442f6233,delivered,2017-11-16 23:56:42,2017-11-18 02:30:42,2017-11-21 19:22:14,2017-11-22 18:52:06,2017-11-29 00:00:00
13c275bb0585b060da0d45973177dc80,4926825c314ed54a0391bcf4c0765afc,delivered,2018-06-07 17:06:47,2018-06-07 17:37:22,2018-06-08 12:29:00,2018-06-14 13:03:38,2018-07-04 00:00:00
837fcf1495a7c0bdacbf9ef5a901fb03,06bf021cebd25d2cfceae152a5956e04,delivered,2018-07-16 20:23:00,2018-07-16 20:35:11,2018-07-26 11:05:00,2018-08-01 23:32:13,2018-08-13 00:00:00
b9812205fdaef3474416bb7877583e8c,2802cd2cc702ec60c9d9a108a721cdbf,delivered,2017-05-14 09:31:20,2017-05-14 09:45:15,2017-05-16 10:42:59,2017-05-23 13:09:53,2017-06-13 00:00:00
be4e62f1eff881f7eef7fbc619128ab9,226227733f6274f0dae93d43d4d99c7a,delivered,2017-09-18 14:31:42,2017-09-18 14:43:56,2017-09-19 13:50:13,2017-09-21 18:47:01,2017-10-09 00:00:00
d3793144c8e35d71e963045c73b7b7ec,1471f2464edb13ceccc7b52cb1a9def4,delivered,2018-08-02 12:04:44,2018-08-02 12:50:15,2018-08-06 13:09:00,2018-08-10 17:21:16,2018-08-14 00:00:00
39ccf5203e8fbea550189efa753f231e,394945268bfc8ff9a28bec1a4f56adda,delivered,2017-11-12 11:11:06,2017-11-14 04:10:46,2017-11-14 23:18:43,2017-11-23 20:09:47,2017-12-05 00:00:00
9c9579e034d68cb04baf60a509029827,6ddd70ac4808e4fe3b6a00913ed468a4,delivered,2017-07-25 17:24:33,2017-07-25 17:36:48,2017-07-31 19:47:01,2017-08-17 02:25:34,2017-08-29 00:00:00
cf101c3abd3c061ca9f78c1bbb1125af,351e40989da90e70487765f6ea15d54b,delivered,2017-07-13 10:42:37,2017-07-14 09:05:12,2017-07-14 19:25:34,2017-07-21 20:42:56,2017-08-04 00:00:00
9315b252c65baa9c508538ade0964778,551f48e94f1229ae6aa375480f198394,delivered,2017-11-26 21:48:17,2017-11-26 21:54:29,2017-11-28 15:12:55,2017-12-01 20:49:45,2017-12-11 00:00:00
48dcae389be2ddd6ad3ba930055ebe4f,51ca168d7521026309599e5567efe070,delivered,2017-10-06 10:50:26,2017-10-06 11:07:10,2017-10-09 22:53:39,2017-10-24 20:07:52,2017-11-10 00:00:00
c44a0e141b356b764ccf469f82c3544d,404fdcb6673196c53184a4e728b329a3,delivered,2017-12-25 15:59:53,2017-12-25 16:08:50,2017-12-26 23:28:52,2018-01-04 21:48:58,2018-01-30 00:00:00
6ca7be1c933db977fa6163dad70b0e07,0ffb96fc3a3a64a4342198b4803d8934,delivered,2018-08-06 14:59:05,2018-08-06 15:40:05,2018-08-07 07:47:00,2018-08-13 15:57:50,2018-08-28 00:00:00
5cbc4966cc894d0b1ad64e7747264335,1324ff534622fa55dc3102e7cb227111,delivered,2018-01-15 22:57:58,2018-01-15 23:10:45,2018-01-17 16:44:06,2018-01-18 20:37:06,2018-01-30 00:00:00
289a8144990935d17cbf39c255cd4d3e,36903ac1fad652172df8501ed7b06146,delivered,2018-07-29 11:42:01,2018-07-31 04:31:43,2018-07-31 15:51:00,2018-08-06 14:57:45,2018-08-22 00:00:00
c829a917c62d7a244f9be7ae9189c4e1,ba7a67f56e917e25dcadba64cd6ab72c,delivered,2017-10-01 14:58:35,2017-10-04 10:49:40,2017-10-09 22:22:49,2017-10-23 21:22:20,2017-10-31 00:00:00
d38d019bcc105fd93c466326b28488fc,4c6154c1c3cdbc33e61b72ec84a34574,delivered,2017-12-13 21:11:17,2017-12-13 21:29:01,2017-12-21 14:54:49,2017-12-27 23:47:58,2018-01-10 00:00:00
794a9d49f955955bb13c41fe68e390b0,f5d29c605e02e4748e78c1f9f2afccd9,delivered,2018-05-23 21:01:13,2018-05-23 21:15:09,2018-05-24 14:07:00,2018-05-28 15:58:51,2018-06-08 00:00:00
35d8c6d5e060ad24271ffda186312ef8,38fa25096a695e1972739e2dd6821f83,delivered,2016-10-10 08:36:05,2016-10-11 13:42:49,2016-10-14 18:00:00,2016-10-15 13:42:50,2016-12-02 00:00:00
75c3cc4d3b69230a82468be4d1afe002,1af50531df15b7eb8d15a95d3fbec0f4,delivered,2018-08-04 13:07:58,2018-08-04 13:44:04,2018-08-06 12:28:00,2018-08-15 16:31:08,2018-09-04 00:00:00
826ca7e23c4d14c9beb4791e24239327,b613e8d4d389f24b5c1d80cc176ca3e3,delivered,2017-06-13 03:24:05,2017-06-13 03:35:16,2017-06-13 15:29:51,2017-06-14 12:09:39,2017-06-27 00:00:00
40b212d9b39c8133fdfd82ea73eaab8a,4a29d9a46aaa583b699d8fca5925a84c,delivered,2018-01-08 16:58:47,2018-01-08 17:31:50,2018-01-09 13:57:16,2018-01-16 19:41:55,2018-02-07 00:00:00
c8b73d9b612b087c59a7ef061b1f9e7b,3661cbc69cc73b275677f372072b3ae0,delivered,2017-07-26 12:25:40,2017-07-28 15:43:30,2017-08-02 20:47:47,2017-08-21 20:19:30,2017-08-23 00:00:00
0b6f494044b2d9b79bb80f785ce292b9,8bcdb080533e93b661caaa8048121603,delivered,2018-04-06 09:59:29,2018-04-06 10:10:22,2018-04-07 01:22:18,2018-04-20 00:08:27,2018-04-26 00:00:00
ae0851574e3bcaba4df53c0b546b470e,ae46bcd05dcc4baeeca717033e5cf4da,delivered,2018-02-06 20:35:07,2018-02-06 20:50:39,2018-02-20 22:50:25,2018-03-15 16:32:26,2018-03-29 00:00:00
96b313e094ee31cef7c8a4ffd3b36395,6b6dfbbc6ce8a28d6551efb5b39f74b4,delivered,2017-06-09 14:31:39,2017-06-09 14:42:22,2017-06-13 14:28:15,2017-06-22 16:42:45,2017-07-10 00:00:00
e30b9cda599826e24ad3f5eddf966583,61d42412fdbb555bfe9923e332076acb,delivered,2017-07-24 23:01:15,2017-07-24 23:10:19,2017-07-26 18:39:32,2017-08-11 22:16:05,2017-08-25 00:00:00
5687858ec96eba8c66c04d8a08ff4e42,878dfb736721aa20ea2d1a0c96e470d1,delivered,2018-02-25 11:24:39,2018-02-27 04:31:10,2018-03-01 14:19:06,2018-05-03 00:48:41,2018-03-21 00:00:00
e9bf6a3daf9c2966192eaa98b5afb617,9020b6ec57368057e07cb365b54b9c90,delivered,2017-08-28 18:29:21,2017-08-28 18:44:58,2017-08-31 20:03:38,2017-09-04 14:43:01,2017-09-15 00:00:00
6252e5cc8f9d63d77992527306dc895f,2856e82490b25fc99efa97f9a3c0a1b6,delivered,2018-03-03 01:40:13,2018-03-03 01:55:21,2018-03-05 23:42:33,2018-03-15 21:52:01,2018-04-03 00:00:00
29fc91990ba82fd7841837adb5a16158,09122d298c692a6ba77d8e894c154672,delivered,2018-03-27 01:27:37,2018-03-27 01:50:08,2018-03-29 21:58:54,2018-04-11 14:51:32,2018-04-18 00:00:00
693483bbe730cba719d4380f9bcb338a,d6e11aec241eb7b04bc1e36d43a53221,delivered,2018-02-01 17:36:04,2018-02-01 17:53:02,2018-02-14 22:07:30,2018-02-23 23:54:45,2018-03-06 00:00:00
9acc95f3652577fb8a5c8b1a7ee9bd96,3c601c73d44079bc52d371186f7a05d0,canceled,2018-02-15 20:18:27,2018-02-16 14:06:37,,,2018-03-14 00:00:00
2609c6729fdff11b1686733d0852c7ed,d8dbc8388e99acb58b9ac6f0a7f6bbfb,delivered,2017-02-11 16:59:01,2017-02-11 17:10:19,2017-02-14 15:55:33,2017-02-21 14:52:00,2017-03-14 00:00:00
37ea512c7d290de34e4dee7964f5dee5,79985af478adf04cac1894e96068bb5d,delivered,2018-06-20 14:31:53,2018-06-20 14:58:47,2018-06-21 12:51:00,2018-06-28 16:06:39,2018-07-17 00:00:00
bf341a18ec4507f2c05978d31e509291,b687d0423417fa7cae8400313551240d,delivered,2017-10-09 19:38:30,2017-10-09 19:56:10,2017-10-11 18:20:03,2017-10-17 17:57:24,2017-10-26 00:00:00
feebc8143071c1f555cbce155a2d8295,341f4b6e7a25adaa50015c85fd5f1f9c,delivered,2017-11-20 10:59:25,2017-11-22 02:47:21,2017-11-22 13:26:59,2017-12-18 22:45:13,2017-12-19 00:00:00
e0d4f16621f76377959e79ecd61f69cb,d8a527d4870db60ec4cb46a8dd8f1c69,delivered,2018-06-26 19:49:48,2018-06-26 20:07:42,2018-06-27 15:40:00,2018-06-28 19:12:01,2018-07-11 00:00:00
0ce8dd4235e50ae2f8beff18c2ae0c26,eef37fcb3ff9f4de67b5378e23df22ce,delivered,2017-06-19 20:45:51,2017-06-21 02:23:49,2017-06-21 15:01:10,2017-06-30 14:47:47,2017-07-07 00:00:00
2db1b946263ea358e693eb2aea38f157,f540606dad1c114a358d71d505c50e00,delivered,2017-05-18 12:32:21,2017-05-18 13:10:12,2017-05-19 15:17:00,2017-05-31 08:33:42,2017-06-22 00:00:00
30ff43d8703d375269c1675af737bda7,217503bdac3f53b7c28f19bc22b222c0,shipped,2017-03-04 10:50:41,2017-03-04 11:05:07,2017-03-06 09:17:59,,2017-04-03 00:00:00
7cb5fd41ca3412b19772e1cbfd716952,3a2a60b086795748df36eb6d22d5cd93,delivered,2017-12-04 11:27:23,2017-12-04 16:31:57,2017-12-07 19:22:45,2017-12-18 22:56:44,2017-12-27 00:00:00
5b7d2a6611386be3d67fd8d48be91f28,bcacf6483bcc51c2def26028a6c3f549,delivered,2017-03-30 17:04:05,2017-03-30 17:15:22,2017-04-04 14:57:04,2017-04-05 15:39:54,2017-04-20 00:00:00
66f249e4d7ab2f3872de7bd6d74719dd,810923268bc2be268d447dd5c892a5ce,delivered,2018-04-12 14:59:50,2018-04-13 12:50:48,2018-04-17 01:03:59,2018-05-07 20:42:05,2018-05-09 00:00:00
c7b76f99b489ee84322131a82cbf9a42,7b39e7285ea4d3e4c38030fe704bb97f,delivered,2017-11-24 02:07:31,2017-11-24 02:32:19,2017-11-27 19:17:28,2017-12-14 16:48:05,2017-12-20 00:00:00
b759fd8fb2da2c5243753e6d283ea526,dd3a03c8bfd2cb4c73ee676b0754998b,delivered,2018-04-24 16:10:15,2018-04-24 19:19:07,2018-04-25 14:27:00,2018-05-03 22:03:27,2018-05-22 00:00:00
309a6548116f31b315cbf53be18cda77,6f75dd25e38631f03bdd255cce321144,delivered,2018-03-10 18:58:18,2018-03-10 19:10:27,2018-03-12 21:50:54,2018-04-05 14:08:33,2018-04-17 00:00:00
adb00f908ea2044d0001f86671d882af,1c99df5830f7838be17f9760bd3d2bc5,delivered,2017-10-21 20:08:52,2017-10-21 20:25:48,2017-10-24 13:44:44,2017-10-25 19:53:15,2017-11-06 00:00:00
b85cdbd154ac1e60a0e2228705294c54,ac5a0789cff6c2633789a5360ec1ff33,delivered,2018-03-12 23:42:04,2018-03-13 00:28:19,2018-03-14 00:18:39,2018-03-15 17:26:47,2018-03-22 00:00:00
5c9b1834dba6a117e9c46ae856be04c9,4c0cc747ec797ce30ecdd9efc0e0ca1b,delivered,2018-05-17 16:45:54,2018-05-18 14:17:13,2018-05-22 08:07:00,2018-05-23 13:26:46,2018-06-08 00:00:00
759fc8b3cef1012f6d8c6fc9db642fbe,2a786d13278ec66a602d028cbccde4b6,delivered,2017-04-06 20:39:53,2017-04-06 20:50:20,2017-04-07 11:07:32,2017-05-08 14:12:26,2017-05-10 00:00:00
ef70439747aa47b2855565412ab21f9b,8def6a09a4f43a314e904cc8442af394,delivered,2018-01-11 09:12:10,2018-01-11 09:27:59,2018-01-11 22:10:54,2018-01-12 22:29:07,2018-01-30 00:00:00
6a7479a3e53e4e29f03b3ae5f83a5498,4de11c85ec374c42817fbe2d1c245fc1,delivered,2018-04-22 19:14:39,2018-04-24 17:30:24,2018-04-24 17:17:44,2018-05-02 19:12:27,2018-05-21 00:00:00
8505d7267ce3f58c129ffa8468cebf21,af81a8c415a28b1ba710741f8e2562fe,processing,2017-02-15 23:00:16,2017-02-15 23:10:12,,,2017-04-04 00:00:00
ffed7e90414c1477a6b92554661d465f,b7a530c512ca7de885521441884f4ef5,delivered,2017-07-31 14:44:31,2017-07-31 14:55:20,2017-08-03 17:27:39,2017-08-14 15:52:37,2017-08-22 00:00:00
0d6f62563638954592b0be58407a367a,3b2a92fcfc6e8472ca6e95fb92cdcc9a,delivered,2017-11-23 20:34:52,2017-11-23 20:48:21,2017-11-24 16:49:08,2017-12-01 21:23:28,2017-12-20 00:00:00
fa5bc8d649e12c05e6e39015325ae564,1ab5665678fec99c775f56b3a801d71e,delivered,2018-04-01 20:10:24,2018-04-03 17:15:19,2018-04-05 18:03:30,2018-04-12 19:42:00,2018-04-18 00:00:00
80bef000a2d88b3b23fab45c546c67ff,9761a94d5172ffc843e5fff9838d5a89,delivered,2018-08-15 10:11:11,2018-08-15 10:24:20,2018-08-20 13:41:00,2018-08-23 17:16:56,2018-08-31 00:00:00
d7fff2e689eef0b359f58c2dbc4084e6,f9fec28e6ee86a722d3d5ff5e56d117f,delivered,2017-03-05 20:31:56,2017-03-05 20:43:11,2017-03-07 16:54:07,2017-03-09 20:57:19,2017-04-17 00:00:00
f1e0c934de40ebae0e965944f581efe8,62f5440f6d93653b45c159042e238876,delivered,2018-04-09 11:03:05,2018-04-10 10:55:18,2018-04-10 20:02:44,2018-04-22 18:46:34,2018-05-04 00:00:00
3a72e472f2c5009cbc92510c98084725,95fc424de35d6701a1da1334c87d17eb,delivered,2018-01-17 21:10:41,2018-01-17 21:17:31,2018-01-20 00:42:47,2018-01-22 13:38:34,2018-02-01 00:00:00
d8ff3300b44a7aedb4d4ec07202ba6ee,eefb7035ce3a063fae6c1a9979365689,delivered,2018-07-19 11:10:21,2018-07-19 11:25:15,2018-07-19 13:52:00,2018-07-24 19:28:50,2018-08-02 00:00:00
250feacc914cfbf84cd0779fdbbb785e,09934ba1d30ffe40370a11010fd1ef7a,delivered,2017-03-23 21:15:00,2017-03-23 21:25:20,2017-03-29 09:02:13,2017-04-03 18:34:25,2017-04-19 00:00:00
f89e956a35c0e20d28eec0b54ed8a86c,de76c053dbad90bafd8a716bda05ae07,delivered,2018-05-04 15:21:06,2018-05-04 15:35:12,2018-05-23 14:20:00,2018-06-18 12:19:28,2018-06-06 00:00:00
820152b6c457a82037e534fa94953a56,d387341bbce5ab96e3647bb0e8d0b55a,delivered,2017-08-01 10:40:04,2017-08-01 10:50:14,2017-08-03 18:14:43,2017-08-04 20:21:38,2017-08-14 00:00:00
7c38c132d8ee69d411b7a3eae6035211,2df620b15dbcdb7972cd6e800a5dce1e,delivered,2018-07-11 18:26:53,2018-07-13 02:35:14,2018-07-13 13:42:00,2018-08-03 19:21:59,2018-08-17 00:00:00
317e0cc749ea443d1b14522905d44dbd,c5982a46e1e7c7ae0cf888263ffbdd4f,delivered,2018-06-09 13:19:56,2018-06-09 13:38:23,2018-06-19 13:38:00,2018-06-26 15:10:54,2018-07-25 00:00:00
ba0bb30d772cfeebd2419935f389cb2e,a723d4abae1ddc39e9e25ab9526d8f49,delivered,2018-06-21 12:24:00,2018-06-22 02:58:52,2018-06-28 08:36:00,2018-07-09 19:06:49,2018-07-19 00:00:00
3c608a571543f2f2b96f2e6cb3a2d10a,b96d49fc07d7b581c713d54f1864f1cf,delivered,2017-12-29 14:26:50,2017-12-29 14:34:23,2018-01-02 18:54:19,2018-01-23 20:22:58,2018-02-01 00:00:00
b79c981722e101d6b92be630c4df0458,7199ef9eca42e852543ae6314ab7ff9c,delivered,2018-05-18 13:23:51,2018-05-18 15:15:33,2018-05-21 07:05:00,2018-05-22 14:03:18,2018-05-28 00:00:00
9e67c3e636eba026d3e123d0c8466d4b,7b840357a6fafc45003d6a5fa78ff3b3,delivered,2017-07-27 13:25:38,2017-07-27 13:42:51,2017-07-28 19:04:46,2017-08-07 16:04:23,2017-08-18 00:00:00
72ba48327f234ed87176344f71101b68,0af38e7f9b4b79277daa0ad439dd8d8b,delivered,2018-02-19 11:59:11,2018-02-19 12:10:32,2018-02-21 12:59:32,2018-03-28 17:03:09,2018-03-22 00:00:00
8298521946fcd8c9f8b984aad6176694,fc0f896db68de04d75532460d7c4b244,unavailable,2017-03-07 23:02:58,2017-03-07 23:15:14,,,2017-04-05 00:00:00
4d9bdec93e39b15084f7e5fac6e37c9c,6c8dbd47b5da882fe480a47f2b8a9b4c,delivered,2017-07-16 22:56:49,2017-07-16 23:05:18,2017-07-17 19:35:41,2017-07-24 17:52:09,2017-08-08 00:00:00
814525d9a609035835b96f52ca9047eb,7332ab77b4f9e949485c129a42149b9e,delivered,2018-08-21 07:35:17,2018-08-21 07:49:45,2018-08-21 09:59:00,2018-08-28 18:24:29,2018-09-21 00:00:00
47c9d32bd98650fdc85ae2f486f60ed9,807e915d9c33af274ecae4f7810038a3,delivered,2018-08-23 15:11:59,2018-08-23 15:35:24,2018-08-23 20:38:00,2018-08-30 14:34:39,2018-09-14 00:00:00
83b1fe04ebec197a8059297cf62e4c40,185706f394240115d64c8e348e55304c,delivered,2018-04-02 14:31:23,2018-04-02 14:51:24,2018-04-03 21:32:51,2018-04-04 14:04:01,2018-04-12 00:00:00
e43005ad5dc9d4727ad0f093ad35283b,ebe59b02da2c81ff94071eee41985e9d,delivered,2018-03-21 13:16:52,2018-03-21 14:11:51,2018-03-23 01:58:45,2018-04-03 19:25:56,2018-04-23 00:00:00
f0d8a84693b073fa90c69667c924ff8f,2d11229f7ef7911b8805924d8a34c8d5,delivered,2017-12-13 12:18:06,2017-12-15 02:15:57,2017-12-20 16:28:37,2017-12-27 16:15:33,2018-01-09 00:00:00
6cbddb4b9fd4c71ee2b7a0012dfe2fe3,b7e1cdbc345ccda77104fde38f626d5c,delivered,2018-08-06 13:05:39,2018-08-06 13:15:17,2018-08-07 12:25:00,2018-08-14 00:56:33,2018-08-21 00:00:00
cc62c4c4dc7f0bef11fd8848aebb5da7,dea0282651f3ab3a8621120d97f9bab7,delivered,2017-09-16 18:33:08,2017-09-16 18:50:21,2017-09-22 20:13:49,2017-10-03 16:29:08,2017-10-17 00:00:00
3216bdc94713b4b433cac7f20212fcca,e28848a09b5a8507b3f864b74c9a7d22,delivered,2017-08-14 13:50:42,2017-08-14 14:15:15,2017-08-17 14:48:06,2017-08-24 21:25:16,2017-09-01 00:00:00
bebda1d591d109ea4605aa4e437d0a68,d4d2ea890454df93e3ce1c29627135b2,delivered,2017-11-22 17:19:47,2017-11-22 17:29:21,2017-11-23 17:07:18,2017-12-04 23:38:41,2017-12-28 00:00:00
07f9acd4e59411df700a59f89d4da8ed,6748df8bad97104336f314fed57ce74e,delivered,2018-08-02 21:54:37,2018-08-02 22:05:15,2018-08-03 11:25:00,2018-08-09 20:38:43,2018-08-15 00:00:00
7e10e8b9d6949e7caa76063a954cc035,6ffb6fc4832cc08908e1954b347e54f4,delivered,2018-07-31 18:49:17,2018-07-31 19:43:53,2018-08-01 12:36:00,2018-08-07 12:08:26,2018-08-13 00:00:00
ed657707e074ec97427d985ed5c4d21f,bde50ee04764902429e54d2514941f16,delivered,2018-06-15 18:01:49,2018-06-15 18:22:01,2018-06-28 15:12:00,2018-07-05 15:39:51,2018-08-10 00:00:00
2b7f34e9b0b9eba10050d725278d8609,500f485b1c9df9ee78f89864dd75d63a,delivered,2017-11-27 10:22:56,2017-11-28 03:40:28,2017-11-30 20:38:57,2017-12-12 15:56:51,2017-12-26 00:00:00
2d14badae001e6b55cd0c31238e284d9,f09e9e19fc45ed2130b6230a186ca831,delivered,2017-06-20 14:28:11,2017-06-20 14:43:10,2017-06-22 14:07:52,2017-06-30 14:22:51,2017-07-12 00:00:00
d413cfcd1406d2d501179c9671b727fd,7dc2f6bec48604fdb13d3a250a92ce89,delivered,2018-06-28 23:44:21,2018-06-28 23:55:10,2018-06-29 10:57:00,2018-07-05 21:07:52,2018-07-23 00:00:00
dce910dc283f1255aab3c0f9d4eb31c0,1d0af3592aa297b26f1a97942588a730,delivered,2017-08-09 13:39:09,2017-08-09 13:55:14,2017-08-10 22:03:04,2017-08-16 19:17:28,2017-08-31 00:00:00
766033ca0a01f26b46dfccd2ee59cf9c,2ab63f51ad4630f1a51e066880dbd542,delivered,2018-07-03 19:20:59,2018-07-05 16:23:37,2018-07-04 15:49:00,2018-07-10 13:43:49,2018-08-10 00:00:00
3ad2baaef061d3ca5c528ff53781620a,ecaf903fba3fff7eb0905c38610a58c9,delivered,2018-05-03 15:55:41,2018-05-03 16:16:44,2018-05-04 15:19:00,2018-05-14 17:47:41,2018-06-01 00:00:00
b102a55650928a816173fab1295e4759,2e23a2f3eba4b2ad0f263c2718865f77,delivered,2018-02-28 15:59:21,2018-03-01 02:50:52,2018-03-01 23:27:34,2018-03-18 20:08:47,2018-03-20 00:00:00
5b5270acff888d4eaf14966f98eabd54,ce1bcfe3b3c0ee8f1d421a3eb754d9ce,delivered,2018-04-13 13:04:33,2018-04-13 13:35:27,2018-04-16 21:48:56,2018-04-27 23:18:32,2018-05-10 00:00:00
c076716e911ff533f3dd8bb44258c8c1,08229f16b28c06a71f944460ba624c03,delivered,2018-02-25 19:14:56,2018-02-25 19:30:38,2018-02-28 01:28:56,2018-03-17 00:37:41,2018-03-22 00:00:00
4391587db1177046a9ce911424451edd,99cc1eb81e50e0dd6807774611f1f21d,delivered,2017-11-28 20:59:51,2017-11-28 21:11:37,2017-11-29 22:53:44,2017-12-12 23:14:57,2017-12-18 00:00:00
fc92a3e6d1520d0e2ac17171a736ccb8,04c1c2d37f2b2f5e52285534fd59e14c,delivered,2017-11-22 15:30:37,2017-11-22 15:47:13,2017-11-28 18:59:59,2017-12-05 00:58:49,2017-12-26 00:00:00
8ffd24fbf822586b2712a4becc7217dc,2f9e8eaed5dc638e5b884a9a37268fca,delivered,2017-01-29 00:31:42,2017-01-29 01:32:22,2017-01-30 09:11:53,2017-02-07 10:34:04,2017-03-20 00:00:00
c5e0f2a9ec5de62d967428daf383b830,a79a8e093822088c02267e7ae812b873,delivered,2018-04-27 17:27:04,2018-04-27 17:51:33,2018-05-04 14:07:00,2018-05-15 20:18:41,2018-05-24 00:00:00
8c1340adfa38dcce671b3e2eaece6cdb,7494240f5d789b28dd2814f66140f069,delivered,2017-06-27 10:57:42,2017-06-28 02:44:10,2017-06-29 11:17:57,2017-07-08 12:32:01,2017-07-19 00:00:00
cf3b05f002f2f6318d2b1dada8adec0f,7e523686247f53e8128305d50fc95586,delivered,2018-01-03 18:13:50,2018-01-03 18:27:08,2018-01-05 20:07:22,2018-01-30 23:19:34,2018-01-31 00:00:00
321ebafc185998f3acb39280b759b177,0b6160d3adbecfd48f0d5ba84e77e913,delivered,2017-06-28 16:45:19,2017-06-28 17:32:21,2017-07-03 15:26:36,2017-07-06 23:33:27,2017-07-25 00:00:00
ae0151b8759ce9b2938f7d0796b9b964,620b45ddb1e71ca6e9c2004438c2c887,delivered,2018-01-28 18:45:51,2018-01-28 18:56:30,2018-01-30 11:52:24,2018-01-31 18:22:34,2018-02-14 00:00:00
3604c194b160cc44b8f540306dc4b644,78a384bf56bf88937214c4a6431d7e84,delivered,2018-05-08 11:14:40,2018-05-08 11:35:42,2018-05-10 18:29:00,2018-05-17 19:28:53,2018-05-29 00:00:00
b7bc5ba43aa844539fff0500e51b0010,3a8c543b24d0ec9805b3720cafc91be4,delivered,2017-10-03 21:36:04,2017-10-03 21:49:39,2017-10-05 18:44:06,2017-10-13 20:52:12,2017-10-27 00:00:00
9686918ff3c683805748223d0b34a666,326e8dc32f5915b6209d6671d7ac7315,delivered,2018-04-19 03:09:12,2018-04-19 16:58:45,2018-04-23 19:16:38,2018-05-07 23:08:32,2018-05-16 00:00:00
8631a3dfd0bd0c5d450e5219edb4e506,c02b18bab798235a5ac5976428d8b7ae,delivered,2018-01-29 00:30:24,2018-01-29 00:49:02,2018-01-29 16:35:28,2018-02-05 20:38:39,2018-02-14 00:00:00
4cc44db58430b3250f2ef264dbcc3b4c,6f8d2b555e7c26023c890ea54c862955,delivered,2018-08-06 14:32:47,2018-08-06 14:50:15,2018-08-07 14:48:00,2018-08-13 18:51:27,2018-08-20 00:00:00
ecfedc3b6324cb92d08d241268a15046,e061c2ded773c5f33557a5d1fc914d23,delivered,2017-10-23 18:37:24,2017-10-23 18:49:20,2017-10-24 23:03:58,2017-10-25 18:47:54,2017-11-07 00:00:00
0a881bec2e3ae03ba47a8d04d5dfc450,88723f3ea83df04c26dd60644da2dd6b,delivered,2018-08-12 17:48:03,2018-08-12 18:04:31,2018-08-13 16:17:00,2018-08-15 18:06:51,2018-08-17 00:00:00
95afcb84f1a639860e5dc19e0ca3cb2b,ca15e4c46c4f5189d76a5e578ba6c1e0,delivered,2018-05-25 17:48:07,2018-05-25 18:18:17,2018-05-29 18:29:00,2018-06-05 23:06:09,2018-07-03 00:00:00
4381fa4ba1b423dcee980233d6b29d76,161d5918318f43d8a835ef606e0e5ba4,delivered,2017-02-04 19:01:27,2017-02-04 19:15:23,2017-02-07 08:53:53,2017-02-21 14:56:38,2017-03-15 00:00:00
40017beea749da112967b0049f098acb,02416483450940231fab1109b3bdb0b3,delivered,2017-12-15 23:36:44,2017-12-15 23:51:41,2017-12-18 21:25:18,2017-12-30 15:09:19,2018-01-10 00:00:00
094df781ddda90e70dd08ad95476b181,36b56d749b05761cbde563cc6c791cab,delivered,2017-07-09 21:29:36,2017-07-09 21:43:22,2017-07-11 17:32:29,2017-07-14 19:42:17,2017-08-09 00:00:00
809c67f3dcf8bfdb6d72596c122f791b,479a708d92ef3330718adcdd9946fbb0,delivered,2017-12-18 17:55:14,2017-12-18 20:30:43,2017-12-19 21:16:49,2018-01-03 13:29:42,2018-01-16 00:00:00
1e43c5d72ad6fada7f0db1ca30ea0ab9,39f117fe86a62f63d38a487af97fb68c,delivered,2018-04-01 10:58:14,2018-04-02 10:55:10,2018-04-04 19:21:45,2018-04-24 17:36:28,2018-04-27 00:00:00
456e7a4c88845260b92d8da7b5551acc,13a2e2b56fa1827d508a4da26fff4374,shipped,2017-03-23 00:21:41,2017-03-25 02:11:05,2017-03-27 13:54:32,,2017-04-25 00:00:00
b0da9fff4894140362bc42a13802300d,0b81ea8d0894eebe6bd8e8618d3ad548,delivered,2018-01-20 16:30:48,2018-01-20 16:40:29,2018-01-25 23:45:55,2018-02-01 12:46:41,2018-02-16 00:00:00
a5c1ff96e29c6fe4541f39859600716c,e7fe9e86cf2a555a204a81b274dade9b,delivered,2017-11-27 13:55:29,2017-11-27 14:19:23,2017-11-29 18:29:00,2017-12-18 11:13:01,2017-12-18 00:00:00
426d5abd8bde1dc9291aba9f7ebb22af,97a5d80bce8e48e40c7786e356a9baba,delivered,2017-08-13 09:07:18,2017-08-13 09:23:37,2017-08-14 18:55:56,2017-08-29 21:04:47,2017-09-19 00:00:00
546d28bc7c6850b2d75142e1d5a24e96,e6e8c45cc168c62a5fc3b17fc0f7b8df,delivered,2017-08-28 13:15:11,2017-08-28 13:25:38,2017-08-29 22:08:58,2017-09-09 16:47:50,2017-09-18 00:00:00
1219c95f809e6f43a8a0f552664bdab6,a0db5da556c6361f814370b2d8760caf,delivered,2017-11-30 02:49:04,2017-12-01 11:32:06,2017-12-01 17:47:56,2017-12-03 18:58:32,2017-12-18 00:00:00
4dd9de2bf8da8d482efe46264442f71d,f885939e50fde6a74d3f519be2be393c,delivered,2018-03-28 14:46:35,2018-03-28 15:08:49,2018-03-29 17:03:32,2018-04-04 19:42:11,2018-04-19 00:00:00
950743f43fe08f99ad01903a8cf538fa,4ad501efd0591fe795e94fe63811f21a,delivered,2017-03-22 09:25:09,2017-03-24 01:42:42,2017-03-24 10:57:25,2017-03-28 13:30:07,2017-04-12 00:00:00
666a6228ea2363c308924bc929101d7f,b8b9cd163d230f13301c8ece6f71eb58,delivered,2017-08-22 13:18:25,2017-08-22 14:26:49,2017-08-23 14:45:27,2017-09-01 18:22:35,2017-09-18 00:00:00
d454b242faeb348060250fcf92c1db01,83e68f906d563e92e1c2f3773e4ffe75,delivered,2018-06-12 14:37:18,2018-06-12 15:06:01,2018-06-13 15:09:00,2018-06-18 14:36:43,2018-07-12 00:00:00
68cb8888858976265e5e4110f76574b3,9ef0e2824a0d3b6637b6f13b5485abd5,delivered,2018-04-17 15:19:13,2018-04-17 15:31:52,2018-04-18 21:40:34,2018-04-20 22:21:56,2018-05-04 00:00:00
e9f590ae043019d94174150d8acbc07d,87a7cb4170bba4f9dcebda6c77903f11,delivered,2017-11-14 07:56:30,2017-11-15 02:35:37,2017-11-21 06:21:05,2017-11-24 17:44:55,2017-12-19 00:00:00
4e1d8e93510421a26312a8cb22dc665f,d509e5d013ea1cbaebf05dfe2fecc1c8,delivered,2017-02-28 16:25:47,2017-02-28 19:18:42,2017-03-02 18:14:07,2017-03-07 12:23:51,2017-03-21 00:00:00
fd0fb35d5a13ce62b474dfce15334b5f,aecd9735631c0b749aed3d609b196d55,delivered,2017-08-20 20:58:05,2017-08-20 21:15:08,2017-08-21 19:24:47,2017-08-23 17:45:02,2017-09-11 00:00:00
767db3d915db881b9f47ce8ac08daf63,c3c918851ffb7f4b39a8c69f7eb5a37a,delivered,2018-05-03 13:46:25,2018-05-03 14:14:42,2018-05-04 15:19:00,2018-05-09 22:52:59,2018-05-28 00:00:00
0207f5a2635f4e2d29acd00fc01a36ba,c29253b809677d6b9de4371383f4da19,delivered,2018-03-05 10:25:28,2018-03-05 10:35:48,2018-03-13 23:08:41,2018-03-19 22:46:38,2018-03-21 00:00:00
69a1237e93bbfef907c3ae4cdae74244,18f5a381ca2dbd572c82906dd141edf7,delivered,2017-08-14 16:49:47,2017-08-14 17:05:34,2017-08-17 16:45:50,2017-08-24 19:03:06,2017-09-05 00:00:00
787590b924b0ef0a1da6164beb46a05d,17393f9d8000b7d8b8b0fd32265ddc57,delivered,2018-08-09 09:12:58,2018-08-09 09:25:16,2018-08-13 14:30:00,2018-08-17 18:54:50,2018-08-24 00:00:00
400a23ca82e66aa5fb9d5017c381f27d,4e2cc2c3c980d58567618a5bf81da59b,delivered,2017-11-09 00:00:42,2017-11-09 01:31:03,2017-11-10 17:49:44,2017-11-24 17:54:53,2017-12-06 00:00:00
de87f8523b7738c6d18e5ceedc4f05ae,f093791daaca3173d8a7515d42a84baa,delivered,2018-04-23 23:55:19,2018-04-24 18:00:54,2018-04-25 14:36:00,2018-05-04 21:23:42,2018-05-14 00:00:00
bdc9a22cefa4b3ad2d837d2e0efeeab0,646464b617f373b9f310ddf457da5215,delivered,2017-10-04 10:29:31,2017-10-04 10:49:54,2017-10-05 22:04:15,2017-10-12 14:51:38,2017-10-31 00:00:00
dcdfc540e42725663242bb884c28f0a6,38972104038aa68fcc61277dbf6e7ca9,processing,2017-10-30 10:46:44,2017-10-30 11:09:55,,,2017-11-23 00:00:00
1cd29ff24c716ad3002179320343005a,9858eb26142f38b5b5ea89897dc07cc2,delivered,2018-04-05 14:42:12,2018-04-07 02:50:25,2018-04-09 22:13:32,2018-04-18 22:41:29,2018-05-03 00:00:00
91d7fb75f83fd7b4b4cc8759b690e88c,45e9403381c3609c433c0985ce59ea42,delivered,2017-02-15 00:15:42,2017-02-15 01:05:42,2017-02-15 12:31:48,2017-02-23 18:03:20,2017-03-22 00:00:00
f2d47fbf55381cc42d5a3a8afc7f060a,00abf30c1a93c7c8b509cb80a22e4dd8,delivered,2018-07-17 12:46:20,2018-07-17 13:01:14,2018-07-17 14:19:00,2018-07-21 18:46:23,2018-07-25 00:00:00
fdb034f444a32838124d8907e443d249,d24cc65d87d3a8fb81be12832b01bf7a,delivered,2018-01-29 14:27:38,2018-01-29 14:38:40,2018-01-30 19:31:54,2018-02-14 18:04:54,2018-02-20 00:00:00
0a0d4509c14ceb9b0f6555e07c45d167,987d489e68b88750c3f60a22c29faa18,delivered,2018-03-14 09:52:04,2018-03-14 10:08:30,2018-03-16 23:15:45,2018-04-11 22:06:48,2018-04-06 00:00:00
adcc24406dacde218585aa79366ee2d0,c92227c22263d46ce0163442bb544995,delivered,2017-06-23 08:48:59,2017-06-24 02:15:24,2017-06-26 13:52:28,2017-07-05 16:17:42,2017-07-19 00:00:00
e225050f709a0409b3a30c63fa35c6da,b525cf1e595a9c0b3e82ae9d60b1ff96,delivered,2018-08-05 16:34:25,2018-08-05 17:04:49,2018-08-06 15:16:00,2018-08-14 16:25:29,2018-08-27 00:00:00
29c88c6937109e7ec1b966de34b9da0a,754b71f2bedd2ae365797d5edc09bd64,delivered,2018-05-14 21:14:44,2018-05-15 08:53:01,2018-05-18 12:45:00,2018-05-21 21:38:21,2018-05-30 00:00:00
ccfa13cff25aa5ad005e434ac68acaaa,e27c0fc7980d78b52c7a97cb7c8e10f0,shipped,2017-10-21 15:54:50,2017-10-21 16:14:22,2017-10-24 19:26:29,,2017-11-16 00:00:00
07f6d8849f66cadda64c15cea9a6c321,cbc5c5990f9987b6ffb980cd2651a4d7,delivered,2017-08-31 19:51:00,2017-09-02 02:50:27,2017-09-04 22:29:55,2017-09-12 22:11:13,2017-09-27 00:00:00
c8f2cb814f847fff855420ba64c42282,b8d3f17b299499a09bb5ee4151d15880,delivered,2018-04-18 12:35:33,2018-04-18 12:51:39,2018-04-18 23:54:52,2018-04-27 17:12:14,2018-05-14 00:00:00
e218234621ce56589ca6157a7cf827ac,5d5d1ea621e982d29cf41b788ba83f64,delivered,2017-09-14 09:41:36,2017-09-14 09:55:24,2017-09-18 21:49:49,2017-09-20 19:02:27,2017-09-29 00:00:00
aef44da6faceeca54a90d604ddca07b7,9b9cd22762b75ac6f5cb702eb7c7f758,delivered,2017-05-11 14:35:20,2017-05-11 14:45:12,2017-05-15 08:15:59,2017-05-23 21:04:01,2017-05-29 00:00:00
cf5f9668e80998cdc237f43f27857570,2eb2cf5942cc25d420e757c1c8d6ccbe,delivered,2018-07-16 14:24:22,2018-07-16 14:40:11,2018-07-17 07:59:00,2018-07-23 20:08:47,2018-08-02 00:00:00
2791f136b9474da2f7f56a8366675b0e,d765c83816a7d5134cea8751e2a0a09e,delivered,2017-09-17 15:34:03,2017-09-18 15:44:06,2017-09-19 22:27:48,2017-09-21 22:13:04,2017-10-04 00:00:00
7224bf1a9ae0224f42d0f990890f69e1,fc1f6495ae7c969099b5e644023acde8,delivered,2018-04-01 22:36:20,2018-04-01 23:15:16,2018-04-05 23:55:17,2018-04-13 17:12:09,2018-04-27 00:00:00
89efb73c6b5a39a55ef1ec9d2311d66f,c49b56c6877cea1d54e812b877881618,delivered,2018-04-16 15:06:46,2018-04-16 15:31:11,2018-04-18 13:03:52,2018-05-10 23:28:53,2018-05-25 00:00:00
e7a5b08343ce36f0ad6d18c46a7df5f8,ba61eebc34c1a7898500cdd665aa6763,delivered,2018-06-18 15:32:27,2018-06-18 16:40:28,2018-06-20 13:29:00,2018-06-29 00:40:40,2018-07-11 00:00:00
1960bcbcb43dbc59b615f82547e10203,ae6d14f2fa3076e4384639626dce0b3c,delivered,2017-03-22 16:16:19,2017-03-22 16:16:19,2017-03-27 11:06:19,2017-04-20 12:58:25,2017-04-19 00:00:00
4fcf0343be51fc2442adc4af890c8183,63a39a67c831b0394a3d19008b38aba4,delivered,2018-05-11 09:58:49,2018-05-11 10:17:39,2018-05-14 15:16:00,2018-05-19 16:22:02,2018-05-21 00:00:00
4599caaeb7614fc2c3aa1d74531005e1,6b7d1dd42181e388028e9ac8d8045168,delivered,2017-09-06 12:12:25,2017-09-07 10:33:48,2017-09-08 15:29:55,2017-09-21 12:40:25,2017-10-05 00:00:00
fa23ac72814ef3312abee6d83bba7665,a39da20241de11dabac0661fc5c258b9,delivered,2017-07-05 00:35:30,2017-07-05 17:42:30,2017-07-06 12:56:29,2017-07-07 19:05:08,2017-07-18 00:00:00
caae7bbaec61968f200bdb5a27df0d4b,c02893d18058b514d56e400e1f713227,delivered,2017-07-19 17:48:06,2017-07-20 17:55:15,2017-07-21 18:09:55,2017-07-26 18:53:04,2017-08-10 00:00:00
901735bbff3acab049ea1854fe0932ce,76308a95986f8f0732f3add9f5c21354,delivered,2018-05-13 09:53:05,2018-05-13 10:13:03,2018-05-15 07:07:00,2018-06-04 15:32:14,2018-06-12 00:00:00
841c2a8a7251be9ce05b92ec875a1f7c,5ac458f9beb5a8e911be378f9b236994,delivered,2017-05-02 12:54:47,2017-05-02 13:15:07,2017-05-03 09:39:10,2017-05-10 10:56:37,2017-05-23 00:00:00
f992c4392eb33e1742c433b1e99d4073,19025767fd014dc53f487acf433f9402,delivered,2018-05-03 19:17:03,2018-05-03 19:33:56,2018-05-04 15:20:00,2018-05-10 10:29:50,2018-06-06 00:00:00
ea474c05d2d047ae89d4469f3320a4e1,3f7c3edf69a273ced1ea2dd193cbb7dd,delivered,2018-05-06 23:37:08,2018-05-07 08:55:42,2018-05-08 11:32:00,2018-05-16 22:58:53,2018-05-29 00:00:00
8339b608be0d84fca9d8da68b58332c3,ff58662c328f81d3ee549c9caa942f39,delivered,2018-06-26 20:48:33,2018-06-26 21:07:25,2018-06-27 11:31:00,2018-06-27 17:31:53,2018-07-25 00:00:00
73ee84a7d8f0130ae61412d7b1364020,8fccb38ef6390f2ff9259195cb269106,delivered,2018-01-22 14:18:08,2018-01-22 14:33:35,2018-01-23 20:13:32,2018-01-25 23:18:15,2018-02-06 00:00:00
0b13a698a0b7a62e8ec891081558b7aa,c9889c41f5b9cb77189f1af324eb1fe6,delivered,2017-12-22 22:03:05,2017-12-23 13:36:26,2017-12-26 20:10:22,2018-01-17 18:48:25,2018-02-02 00:00:00
9cbcdb9b66b405fad4ce66814cf634d3,95085a19391b35b6f86c73d3abf96d7f,delivered,2017-06-10 19:28:30,2017-06-10 19:42:46,2017-06-12 12:20:19,2017-06-19 16:21:28,2017-07-05 00:00:00
afd1cd812c3632816691d00b10ac9048,1107d8722714c1c2f1bac3af244191fd,delivered,2017-10-10 21:03:56,2017-10-10 21:14:36,2017-10-11 21:25:10,2017-10-24 20:41:55,2017-11-08 00:00:00
4bc129a90204375853b00493c4c57516,3d07b70ec10c036713bea645e03c229c,delivered,2017-11-24 10:39:35,2017-11-24 12:13:49,2017-11-30 19:16:37,2017-12-28 22:29:23,2018-01-11 00:00:00
1b32d4a12472b702c651faa43a947179,86fd6bab566915fde5765e14d2ff2b4e,delivered,2018-02-18 13:05:25,2018-02-18 13:15:26,2018-02-19 23:12:12,2018-02-21 16:38:56,2018-03-15 00:00:00
299ad5e33a5f4fe1efcac35b99b0fad8,1ff04bdc0e385bc213c9abb01256c365,delivered,2018-01-31 11:25:45,2018-01-31 14:23:48,2018-02-01 21:31:38,2018-02-03 13:13:28,2018-02-16 00:00:00
d4ceda456a12b48a1f8a592aa2070b30,e4bf116432cc20a97e01b9f6abfe6e98,canceled,2017-10-10 14:07:52,2017-10-10 14:41:31,,,2017-10-27 00:00:00
f779f822cb55bce6ada1933a729cc2b4,37ea849d5d11357d5c20de8b32a17bac,delivered,2018-01-22 17:45:21,2018-01-23 03:37:22,2018-01-24 17:49:16,2018-01-31 20:04:02,2018-02-20 00:00:00
ffe48cb3d8485e0cb0405e21192e592f,c7d443bf742505394e4431d332fa5744,delivered,2018-06-29 18:11:54,2018-06-29 18:30:38,2018-07-02 14:06:00,2018-07-12 14:38:38,2018-08-01 00:00:00
e96c4302510359c340adad478ba16cb0,b102a52bc45edc1d739120e3f7c6f3b2,delivered,2018-03-01 12:56:40,2018-03-01 13:40:21,2018-03-03 17:09:29,2018-03-07 20:47:00,2018-03-19 00:00:00
a4cfd47a44ceac0a7ebb64dd03f2a4a6,b00dc51dbe5ad842fe829eea1bfbe756,delivered,2017-08-25 13:46:45,2017-08-26 02:24:34,2017-08-29 16:00:06,2017-09-02 00:52:21,2017-09-19 00:00:00
17c4a954c13689e07cee2c1080a3a812,fe62562867d5d0c5436148415d2de769,delivered,2018-05-13 19:57:38,2018-05-13 20:13:25,2018-05-15 11:44:00,2018-05-18 21:18:33,2018-06-05 00:00:00
b0200fb90c91c50e3310f7f78f68fdfc,15ba669d92c1a0dc05e3869a81de6919,delivered,2017-11-20 17:32:31,2017-11-22 03:06:59,2017-11-22 22:56:39,2017-12-05 20:07:47,2017-12-13 00:00:00
e3d24d79c3175a6511519e3c4cd64c14,a585914d5afa8549da97dde83873d91c,delivered,2018-01-29 17:22:20,2018-01-29 17:35:40,2018-01-31 01:31:59,2018-02-14 19:36:38,2018-03-01 00:00:00
c65ca254bd0c624c11dd60d92955c989,3e4ebed68177e081dd84a416c4718ad8,delivered,2017-12-13 20:15:02,2017-12-13 20:29:21,2017-12-18 22:38:32,2017-12-22 19:27:44,2018-01-09 00:00:00
eb013841f776a6661fe5fe8f799b8866,dad5aa006cfbc8c00949133ae9b21c9c,delivered,2017-05-14 10:58:49,2017-05-16 03:30:40,2017-05-17 14:18:08,2017-05-18 14:00:08,2017-05-24 00:00:00
79ec99878595baada166992ed3b31ff9,29b42125bebd7816a4dcdb2895289de2,delivered,2018-02-22 15:37:51,2018-02-22 15:50:48,2018-02-27 21:24:56,2018-04-17 22:42:51,2018-03-21 00:00:00
95de62498e177002f6ef1949e2e788ea,80acb244f16eb759ec0bafcb47c21cce,delivered,2018-02-07 19:29:00,2018-02-07 20:32:16,2018-02-08 18:36:15,2018-02-16 22:37:18,2018-03-06 00:00:00
503f675df334896d388f06d20d5dc540,4c4d22fd3c80ff16765bd69545061f0c,delivered,2018-07-12 21:50:47,2018-07-12 22:05:20,2018-07-13 11:47:00,2018-07-28 20:14:43,2018-08-01 00:00:00
187d43c69480f7f8d6fa58d4aacea5ee,60993e25142e45fa3f14ae20ae76a0cb,delivered,2017-09-06 19:41:57,2017-09-06 20:04:13,2017-09-12 21:44:35,2017-09-26 14:58:41,2017-10-04 00:00:00
724c93e86fd1a0d2f740a8e94e862e95,e373a1e26d96df390fe56367ac0bdfde,delivered,2017-06-03 13:25:22,2017-06-06 13:30:46,2017-06-12 12:22:11,2017-06-14 11:46:07,2017-06-19 00:00:00
2f04cf66091d02e84a7996ba8a645c12,5cb13b406da4e875e123570d6ccb39d2,delivered,2018-07-19 08:49:31,2018-07-19 09:02:49,2018-07-19 12:49:00,2018-07-20 16:32:50,2018-07-27 00:00:00
ceddfcaa82b18d944e4de24213a6fd4a,7f9ef908b67c378f4f0279db3794346b,delivered,2018-04-17 14:47:18,2018-04-17 15:09:09,2018-04-18 18:08:47,2018-04-25 18:42:04,2018-05-14 00:00:00
fe933df0fd385b69db30d4d517d67853,c23799a7a4ab562338447cd8446bdb95,delivered,2018-01-19 00:22:17,2018-01-20 00:18:57,2018-01-22 17:09:33,2018-01-31 21:52:22,2018-02-16 00:00:00
4efcdd53498c7239ee47b4a8d8a01b37,247d35c2e52fe507f47dceb38d7f975c,delivered,2018-03-07 15:49:50,2018-03-08 02:35:36,2018-03-08 22:12:33,2018-03-15 13:51:42,2018-03-28 00:00:00
58bf9a6d114d3c24f036469c84a91693,fde5e7ba4c6e9331a61ba59626589d83,delivered,2017-08-21 18:06:55,2017-08-22 04:06:54,2017-08-22 15:03:46,2017-09-01 16:36:44,2017-09-19 00:00:00
11535aefe39f2fd8ee398d7564d50cb4,3d58b5a4896222884b74ea5074edc1b7,delivered,2017-06-12 11:47:43,2017-06-12 13:06:45,2017-06-19 14:29:44,2017-06-21 16:18:06,2017-07-03 00:00:00
de28a54bc18433e783cbc37da59763e1,351a500a136c5ff037fa56f8c4c5ff88,delivered,2018-04-07 20:13:18,2018-04-10 15:35:20,2018-04-11 17:32:38,2018-04-16 22:56:36,2018-05-10 00:00:00
7626f6090f351b8bd1e090dae74e0905,351862afb171174da309fadda7304c76,delivered,2017-12-09 18:32:55,2017-12-09 18:50:50,2017-12-12 13:21:57,2018-01-03 23:24:23,2018-01-22 00:00:00
11c71300049cd2c9896b0be33f04d574,12b6d8d5e5a754c23495e232fc4c2a86,unavailable,2017-06-15 10:07:14,2017-06-15 10:15:19,,,2017-06-29 00:00:00
7b2a882eef1edda20fe63ae4422c981a,f540a68b6e4b8004a59a062334c6c1fe,delivered,2017-11-27 15:14:40,2017-11-29 15:14:09,2017-12-01 18:41:49,2017-12-06 16:07:57,2017-12-11 00:00:00
bfbf87cc2829df6adac299ab0cc012bc,816346b2de82fd39be31ae7f42fef07f,delivered,2017-01-26 21:58:21,2017-01-26 22:05:20,2017-01-30 12:14:13,2017-02-06 13:13:10,2017-03-02 00:00:00
806d3b5f15557ad3d5288d340271151f,185d4f6e56ea6a1e423468b4d2eaa7cc,delivered,2017-08-14 12:18:15,2017-08-14 20:24:08,2017-08-17 18:12:41,2017-08-23 16:56:44,2017-09-13 00:00:00
f5b3a06b2ac88029188565f5e8bf4347,66aa9db44cb942fec96bd377024eca05,canceled,2017-11-14 07:50:39,2017-11-14 08:06:24,,,2017-11-28 00:00:00
fe5fbb5c1e50e83aa30c02b68ff9faef,a11eea9340de49911ce9d1c0fccaadbb,delivered,2018-03-28 17:23:11,2018-03-28 17:35:12,2018-04-02 12:47:29,2018-04-26 22:28:36,2018-04-24 00:00:00
b2642502bf8864ede538c80b67275178,45417c7ba584e71275cd7f988c71c1ba,delivered,2018-06-30 00:46:29,2018-07-05 16:22:31,2018-07-05 14:30:00,2018-07-12 17:38:22,2018-07-20 00:00:00
73716792079a3819a7022fdf6500f9fb,972adb33d045b9de171cc36a33ff6111,delivered,2018-03-05 08:44:04,2018-03-05 08:55:50,2018-03-08 22:29:35,2018-03-15 23:08:29,2018-03-15 00:00:00
901fa9040bdb5022b65e359c25dcf76a,57ce584c0a8742956ee423f2f0b488b4,delivered,2017-11-21 17:35:26,2017-11-21 17:47:06,2017-11-22 22:41:14,2017-11-24 16:10:10,2017-12-01 00:00:00
8dc15e4b00578c78f90a16dd481552f7,24c20c027494f934d8ade6755a88615f,delivered,2018-03-27 10:25:08,2018-03-27 10:35:24,2018-03-30 00:05:22,2018-04-10 18:21:51,2018-04-16 00:00:00
50ef86138cef1c3745888df8e7ac74dd,0e7130b31eb9304b496e9f4bb8223ee3,delivered,2017-11-27 09:00:55,2017-11-29 08:56:32,2017-11-30 18:54:57,2017-12-06 21:43:22,2017-12-18 00:00:00
913bdd24d2b82e7c7448df845b0cc62d,8279835c2d06da356052cc7aff30adb3,delivered,2018-01-23 20:45:59,2018-01-23 20:58:25,2018-01-26 16:09:01,2018-02-06 22:33:45,2018-02-23 00:00:00
1e80928c1e41dacaab0a0409f3e0b130,8d13546034f81871cef875dbc84580c2,delivered,2017-10-06 00:31:03,2017-10-06 05:33:55,2017-10-09 22:16:37,2017-11-07 21:14:56,2017-11-03 00:00:00
30a897c2be083ba0f419c5b2cc9ca368,00b4054d851ec464f6fb745fab627439,delivered,2018-05-19 17:08:23,2018-05-19 17:38:35,2018-05-21 15:39:00,2018-06-08 19:38:54,2018-06-27 00:00:00
cc139c399d4fe7949e1cc628424f7955,5226615e7244cce7c69845197816fce8,delivered,2017-06-07 14:10:15,2017-06-07 14:25:20,2017-06-08 08:25:03,2017-06-12 11:06:52,2017-06-23 00:00:00
1aea4433bde1c518b2da880fea254b56,7148bdecc3846e13a3b9ae811cb7162d,delivered,2018-08-21 15:52:50,2018-08-21 16:10:27,2018-08-22 13:09:00,2018-08-27 23:17:33,2018-08-31 00:00:00
cb92b276a7de36c49df850016137384e,0dc7871245a2049358cfa65402287376,delivered,2017-04-10 12:56:29,2017-04-10 13:10:12,2017-04-13 15:19:46,2017-04-26 13:24:19,2017-05-16 00:00:00
d7ac124b50e54544b4cb85315b5f2793,5fc9fb8a9bfbcb5e8a1b00b2a52b012a,delivered,2018-01-08 13:44:01,2018-01-08 13:52:23,2018-01-15 08:44:49,2018-01-19 00:58:26,2018-02-01 00:00:00
498461a2f4ef628aa153ee9d3c57eab2,fad7d23c35cc53861ea7005b27cbeebf,delivered,2017-09-24 11:15:48,2017-09-26 03:28:09,2017-09-27 15:15:18,2017-11-13 23:32:14,2017-10-24 00:00:00
1544b91291000836c72384f035436fbf,23898fe69fc9787b0855955d2d4363ca,delivered,2017-08-14 11:04:23,2017-08-14 13:31:22,2017-08-15 15:33:15,2017-08-18 20:23:07,2017-09-05 00:00:00
4a5dd77c42df1a4cf21c142eaacf866f,1105a2d90809705d9c8877de0404e82d,delivered,2017-05-21 08:04:02,2017-05-21 09:15:08,2017-05-25 15:59:57,2017-06-02 16:54:44,2017-06-13 00:00:00
6c5560ced6024f245a79e10108dee769,45d631cd3113b427bd58c334a7fbeb04,delivered,2018-05-16 10:38:36,2018-05-16 10:54:16,2018-05-16 14:53:00,2018-06-05 12:58:46,2018-05-30 00:00:00
a9e1e09c442625a16637e162f6d212ca,c8a9440a54070574df4c5059bd0bce3b,delivered,2017-07-30 21:11:11,2017-07-30 21:25:10,2017-08-03 16:29:43,2017-08-21 17:58:05,2017-08-22 00:00:00
eef9ed469692b10f7592bb267b18976b,599db69c933e5f5a111f44e413ecff87,delivered,2018-05-21 18:11:30,2018-05-21 18:55:16,2018-05-22 12:24:00,2018-06-06 01:40:43,2018-06-12 00:00:00
1873fcb129d137537b45d35990b5d734,1ff886d030252e3a0b3a86d4cbfb3503,delivered,2017-05-01 20:29:52,2017-05-01 20:45:08,2017-05-03 15:37:12,2017-05-16 07:47:49,2017-05-24 00:00:00
df16628521a91b8dc473aa698aac7285,8e10fd41ca69eb3563b001ac880809b9,delivered,2017-10-23 22:17:41,2017-10-23 22:28:29,2017-10-25 19:11:23,2017-11-03 17:41:40,2017-11-14 00:00:00
5ef2b9c9a5e997664dcaacc5fa769e07,90f9c01a499464834ab71ad103053acf,delivered,2017-03-23 23:55:55,2017-03-25 02:10:41,2017-03-27 15:29:45,2017-04-03 16:23:52,2017-04-13 00:00:00
934fea5db039921610aa5438f5cee7f8,e9e5ffc30dcb7794bf60f1bd35d999b7,delivered,2018-02-21 23:00:07,2018-02-21 23:10:24,2018-02-22 23:45:53,2018-02-26 23:49:53,2018-03-16 00:00:00
6de19838b042f2da59ed21bf294b91d0,adf4f9800a136326d927e594a15d8247,delivered,2017-03-17 09:43:19,2017-03-17 09:43:19,2017-03-17 11:07:54,2017-03-23 14:18:50,2017-04-17 00:00:00
986da3ca575a68c698729794ccd67dfc,fbc396cb345064e2f0c3c9ef89a1f230,delivered,2018-04-03 18:55:16,2018-04-03 19:10:16,2018-04-05 21:45:48,2018-04-10 20:51:45,2018-04-18 00:00:00
3c8cf606bf1e8d2c586198c6a9eaf99a,072c5ee6f5062ed623be67fb0abd8fef,delivered,2018-03-28 00:34:21,2018-03-29 00:30:13,2018-04-02 15:46:45,2018-04-12 20:51:48,2018-04-30 00:00:00
2440bc295a6469fa10b79123189bdb31,269f81c0a69da969099d4e38ff688581,delivered,2017-05-26 15:16:08,2017-05-26 15:25:17,2017-05-31 11:27:15,2017-06-10 07:46:49,2017-06-30 00:00:00
860690bc540ac01e91faa26cf28cdd5e,913f6c1bae683c704e97230b008eacd7,delivered,2018-05-04 11:06:55,2018-05-04 11:33:18,2018-05-07 13:37:00,2018-05-15 18:12:50,2018-05-23 00:00:00
a523356c905fa032d024c70affee0897,819f6a9b1a8255e13c1ce6085eb24f1f,delivered,2017-10-22 22:25:18,2017-10-22 22:35:14,2017-10-23 19:41:44,2017-10-27 17:41:57,2017-11-14 00:00:00
1f4714b1a377cfc36eafd36d2763881e,6e051e3f7ffa99ae317f345a9ef43b03,delivered,2018-07-18 17:13:02,2018-07-20 04:45:22,2018-07-20 12:03:00,2018-07-26 18:51:47,2018-08-02 00:00:00
ff50784b0e66a6f83fb5eba8a54d294c,8389b52348e71bef5c53f3b8795a8d7a,delivered,2018-03-07 09:12:51,2018-03-07 09:28:49,2018-03-07 22:53:06,2018-03-18 16:08:16,2018-03-21 00:00:00
bbec5ebc694ba25d867c7d3493a18e2e,5834f051f3aed6dbad4d1d1fb604768a,delivered,2017-04-03 17:14:19,2017-04-03 17:25:14,2017-04-06 06:27:53,2017-04-11 08:15:07,2017-04-26 00:00:00
8df5302d84c574cdb1a009c9ccd1dcd6,dd6f4cc5de02738b4f29ff7da1116e14,delivered,2018-04-30 13:49:39,2018-04-30 14:14:34,2018-05-07 12:31:00,2018-05-14 14:24:53,2018-06-13 00:00:00
3d435ea4c7b8ac007710c6aa2e6da685,7257b139a7933c4c3cc9ee40b1628ab3,delivered,2017-11-29 10:36:33,2017-11-29 10:59:57,2017-11-29 21:03:38,2017-12-21 15:18:52,2017-12-22 00:00:00
e43be9f124c722dfb1d98eeb39b69484,565ef96c8b329e91ee596508371be62a,delivered,2017-08-04 21:35:54,2017-08-08 04:04:29,2017-08-09 12:46:00,2017-08-15 20:12:24,2017-08-28 00:00:00
2e3c6e30c69763a7dfe40f11a19ed3da,9f33e47b96b9e034154df245350f37ee,unavailable,2017-10-23 18:24:27,2017-10-23 18:35:15,,,2017-11-13 00:00:00
95ecc4683cb56cd525c1488adf228175,66803c74df107dfbfc7492cd887c7401,delivered,2017-06-07 07:04:25,2017-06-07 07:15:14,2017-06-08 15:42:08,2017-06-26 10:25:49,2017-06-30 00:00:00
49a025561e725132c9661f305515a65e,07a527e6169759ea7d70eb694633e951,delivered,2018-02-27 21:58:29,2018-02-27 22:10:32,2018-03-02 00:52:08,2018-03-13 19:58:31,2018-03-23 00:00:00
0930df388b21f34fc3f0e3baa9a73016,981fa4abc1b27dee0fd30a98a2447de0,delivered,2018-06-25 08:47:42,2018-06-25 09:19:13,2018-06-26 07:06:00,2018-06-28 16:56:41,2018-07-16 00:00:00
6ce97d43dcaf7511483429f939aeaa95,2eab66bea6e2e7a2f891b40fd4751f35,delivered,2018-03-24 18:01:02,2018-03-24 18:15:20,2018-03-28 00:44:28,2018-04-02 19:39:38,2018-04-17 00:00:00
e3f50e1c357268aa977efcfc6043c79d,d88e09419b67d9e3b3870edcec90b34a,delivered,2017-11-07 19:10:51,2017-11-07 19:45:59,2017-11-08 20:09:25,2017-11-19 16:49:45,2017-12-08 00:00:00
1f153a6d92d413d94c540554a49e47fb,366bbd2e43543cbe8842b9d6c4c144d2,delivered,2017-12-15 23:53:23,2017-12-16 00:10:57,2017-12-20 20:22:06,2018-01-09 10:54:13,2018-01-18 00:00:00
255bd6d4c5976cfdabd42470596058f6,5af77d9ab0d4fd887c5c7022980c92d0,delivered,2017-09-27 16:56:47,2017-09-28 02:56:50,2017-10-02 19:04:09,2017-10-08 14:23:59,2017-10-13 00:00:00
9981143a592afa13a901578fb302621f,738d82f781a81bb119174f7f69f52d31,delivered,2017-11-16 13:01:21,2017-11-18 02:09:27,2017-11-21 16:51:45,2017-11-29 21:32:17,2017-12-08 00:00:00
793511fa4797d5eb6c16b433ec622276,8ad46ad4cb8d5301c884b799a72c3d65,delivered,2018-06-10 14:12:46,2018-06-10 14:31:41,2018-06-11 11:52:00,2018-06-19 23:48:27,2018-07-03 00:00:00
c2c23632c81a919fa705b182eb5bf55e,22dd08204d80c547de3a85262b22ab33,delivered,2018-06-14 12:38:15,2018-06-14 12:59:38,2018-06-20 12:46:00,2018-06-29 12:38:44,2018-06-29 00:00:00
92a6e33b636545263917ab59e3169882,56675e3225d73101d88be1b43c54fb85,delivered,2017-11-03 23:14:01,2017-11-03 23:30:39,2017-11-06 14:26:31,2017-11-14 21:04:02,2017-11-28 00:00:00
7a80708ef3077d6b8334d40b000926a4,298902c3e679ccfb8ce1d910816ba0dc,delivered,2017-04-12 21:55:54,2017-04-12 22:10:07,2017-04-13 13:47:56,2017-04-18 10:57:38,2017-05-04 00:00:00
cc3c90e62ab9247ab75856083c0c8c96,c1d3b93d6b3fe93e4c0a61627eaa6212,delivered,2017-11-12 16:09:34,2017-11-12 16:26:27,2017-11-14 22:54:53,2017-11-24 19:54:40,2017-12-11 00:00:00
70c0f518419924f19c9878c5b40a185b,5ecd472e3a1c6054487909a22523cece,delivered,2018-08-13 11:04:57,2018-08-15 03:15:10,2018-08-15 15:32:00,2018-08-28 18:25:26,2018-09-25 00:00:00
05f24644b8019e68652b4216a5a5e956,f54d85c1e85a1f5d17c500a699b2ccc2,delivered,2018-04-22 12:44:46,2018-04-24 18:40:36,2018-04-24 23:04:23,2018-04-30 19:52:21,2018-05-18 00:00:00
311f353f6601e1f99c5ff9c14df0e774,f2c9297d0ea52ffa017fb7e898ac0907,delivered,2018-03-20 16:38:01,2018-03-20 16:55:53,2018-03-21 20:06:29,2018-03-26 16:51:12,2018-04-06 00:00:00
4209ee3387ac1d2f5a5569fabb412118,6ad884cfb03898c648dd419723575906,delivered,2017-09-07 17:55:37,2017-09-08 17:50:22,2017-09-20 19:03:08,2017-09-29 20:19:57,2017-10-23 00:00:00
30da30e2420a38c7c33ecfd37f3cbecc,4344796d9ee30df39765c187e2c6c46a,delivered,2018-04-13 14:51:09,2018-04-13 15:13:22,2018-04-16 20:14:41,2018-04-26 12:04:32,2018-05-11 00:00:00
cc93c76377b9408581cc455bd50de947,e4987985a80c0f9415dec5c077e9e2eb,delivered,2017-10-15 22:17:40,2017-10-15 22:28:31,2017-10-23 14:43:11,2017-10-30 22:39:45,2017-11-22 00:00:00
c52d67553f681ea84724bf36d9fb13c8,12910acd03efae7d09d8ac5984b1858c,delivered,2017-08-27 00:52:00,2017-08-27 01:05:11,2017-08-28 15:34:03,2017-09-20 21:07:50,2017-09-21 00:00:00
2a794faaa57fd9d51264972ad3981893,899b9fd41967382bf69843cd2343bbad,delivered,2018-05-16 09:20:00,2018-05-16 09:33:19,2018-05-22 11:25:00,2018-05-25 17:11:42,2018-06-04 00:00:00
cddcd786f6e0cb764c7b3d111457a09a,3cbc349db01f3c00d0bc243dceea5ab2,delivered,2018-03-15 13:02:09,2018-03-15 13:15:36,2018-03-16 17:11:05,2018-03-27 17:29:29,2018-04-10 00:00:00
52fd8c890356febe4f78b653ef130cd2,21c57ebcb87ee3234cd00d36f40cfa9c,unavailable,2017-02-08 13:03:36,2017-02-09 02:55:30,,,2017-03-07 00:00:00
223cd404de0ec7eabc319bed69fa1079,176252fec2dd0959a6a9c12ea3868752,delivered,2017-06-23 21:40:02,2017-06-23 21:50:10,2017-06-26 16:32:20,2017-06-30 13:53:42,2017-07-19 00:00:00
83af4399868a710fb5c825aa05704bbb,031de3e0ed7da3e56d64bc3099f70342,delivered,2017-07-11 17:50:55,2017-07-11 18:05:21,2017-07-13 20:46:39,2017-07-20 18:37:47,2017-08-03 00:00:00
497b22cf27e02673170a190f5c0f621d,c2ebce3c867123caeef82732803f86b4,delivered,2018-08-21 00:18:05,2018-08-21 00:30:25,2018-08-21 13:24:00,2018-08-24 14:06:28,2018-09-14 00:00:00
b74a912193e9cb61622b15175442807f,0500c40cdd334dc943c44f211c54feef,delivered,2018-01-13 21:41:48,2018-01-13 21:52:25,2018-01-17 20:56:50,2018-01-26 18:29:15,2018-02-07 00:00:00
3899e902fbfaabd1e7172e0f62fde3b7,c9b7d7120a9428f1420035a317c6cba4,delivered,2017-07-03 18:31:55,2017-07-03 18:45:06,2017-07-04 13:32:13,2017-07-07 19:57:32,2017-07-26 00:00:00
632ac5c2bf3c8aeafd09f914775789c3,5e3abd6568fe73ab6e644148e7312457,delivered,2018-05-17 14:46:58,2018-05-18 02:54:28,2018-05-18 08:23:00,2018-05-24 12:56:28,2018-06-05 00:00:00
63638a6806d67773f3adba8534553fff,16e14c1e6e050fe6730c961ff638ca23,delivered,2016-10-04 13:22:56,2016-10-04 13:47:45,2016-11-17 15:53:01,2016-11-25 13:17:37,2016-11-28 00:00:00
edd3d7495d5177045823010a1f6ac22a,fbf9c2e3c687f16df64422a9c855b8e2,delivered,2018-06-13 17:55:32,2018-06-13 18:23:23,2018-06-14 14:58:00,2018-06-20 15:08:38,2018-07-20 00:00:00
8486fd83698ac11d01786e0d04f9ec8d,d431edb5a506daead098ac221c568094,delivered,2018-03-21 20:20:40,2018-03-21 20:35:36,2018-03-27 20:33:27,2018-04-02 22:18:27,2018-04-11 00:00:00
8ce80fc6b88ff67ab9506b08ba95f300,fc32515d52db6d39df219e2d53229a65,delivered,2017-02-12 00:31:17,2017-02-12 00:44:17,2017-02-13 13:46:14,2017-02-24 11:35:50,2017-03-14 00:00:00
b47fa5a498bfce5bc5658eda28570768,4acfee94a454cd67ddd87987fca05d48,delivered,2017-12-12 17:56:17,2017-12-12 18:10:52,2017-12-14 13:28:36,2017-12-28 21:39:30,2018-01-16 00:00:00
37fc96845277017406e269d41347fb37,20dcc8f06c9dccb6d70c446cd56a9c6d,delivered,2018-01-06 14:01:14,2018-01-09 07:20:48,2018-01-09 16:28:58,2018-01-15 18:18:34,2018-02-01 00:00:00
83aaaa34d363ae73c8f0a7ca4ea53715,dcacf0ed77cacee2a236ed1c834f4fcc,delivered,2018-04-26 11:55:55,2018-04-26 12:11:16,2018-04-26 13:49:00,2018-05-04 17:45:49,2018-05-22 00:00:00
48aaa0a6d934cf4a57020d72908f94cb,fbd8d0ed848aa2a0405fe1f623481c39,delivered,2017-11-07 19:34:08,2017-11-09 04:31:12,2017-11-16 20:39:07,2017-11-22 19:52:01,2017-11-29 00:00:00
4769f915c3d1f25ca67c6a79955b25dd,62760177f446ab92bf0eae908cab9938,delivered,2017-11-30 15:15:28,2017-11-30 15:35:14,2017-12-01 19:36:41,2017-12-08 14:12:55,2017-12-27 00:00:00
d520a55c30b5d51d1648d242d1f2b554,cb2b9d2644c16b5823022e6f1db1fd21,delivered,2018-05-30 15:47:49,2018-05-31 03:35:53,2018-06-04 13:20:00,2018-06-27 14:22:49,2018-07-12 00:00:00
6e89707fcdbc3ebec7af18514966cc90,97a7194f3177dd2273f7d14aa05b3273,delivered,2017-10-13 12:42:33,2017-10-13 12:56:30,2017-10-16 19:37:59,2017-10-18 21:48:38,2017-10-31 00:00:00
8b3a63179277ba12f54970a5947d7a5e,515b99866a781605ec911ae448945a7c,delivered,2018-07-27 00:41:58,2018-07-28 02:45:22,2018-07-30 15:12:00,2018-07-31 21:38:50,2018-08-06 00:00:00
54a6430e873dab60295a0a83b82464d2,27a9cbe94e6fe0574f9b16c5ece47fd4,delivered,2017-02-18 11:48:26,2017-02-18 12:31:27,2017-02-20 09:24:01,2017-03-01 17:06:36,2017-03-23 00:00:00
b60191ed39f4273d4a1710232a220651,1fb551cd3778f86a2ba7f008cc6165a7,delivered,2018-03-06 17:45:41,2018-03-06 18:10:30,2018-03-07 14:25:07,2018-03-12 22:37:21,2018-04-04 00:00:00
9286a7cc933d6e2099098e4ae057e5dc,ed8097f13c2401a34f2d78cf43260846,delivered,2018-03-27 03:01:08,2018-03-28 02:50:14,2018-03-28 20:03:12,2018-04-02 20:05:18,2018-04-13 00:00:00
793c97a0188117b9b0aad84f6cc8883e,317379f8967b192e45021770290094d5,delivered,2018-04-13 20:43:54,2018-04-16 16:32:52,2018-04-17 17:07:46,2018-04-23 23:37:21,2018-05-08 00:00:00
31ead8e6ffdcc849b1a720ff40d5b724,4aa4dee5b3e8b72b7ae62e0df97f3695,delivered,2018-03-05 13:42:50,2018-03-05 14:20:25,2018-03-07 02:33:42,2018-04-19 19:46:53,2018-04-03 00:00:00
0a681d622e6b5d09ddfa071a5785c916,e84f49649af1492bb0ce7d6df227a76b,delivered,2017-07-05 10:05:49,2017-07-05 17:39:54,2017-07-07 12:17:44,2017-07-14 18:59:31,2017-07-31 00:00:00
1d8b58e12a51c08f45de4c281a7e4ff8,44194210b2170dff5dbfc5d8bf3e9dc1,delivered,2018-01-21 10:17:02,2018-01-23 03:37:49,2018-01-26 15:45:12,2018-02-06 13:16:44,2018-02-19 00:00:00
aaf067f5adccd2b8fdf1a9f651a9148a,62aaae3eaf6f655d97919594b388feaa,delivered,2018-06-16 15:30:56,2018-06-17 15:40:49,2018-06-19 12:28:00,2018-06-29 21:07:08,2018-08-02 00:00:00
97ae613ef7f8ff52041abe61333c26be,c0bd9bbed7ea171381efcfef76a53b91,delivered,2017-05-19 10:28:16,2017-05-20 04:15:11,2017-05-23 13:48:48,2017-05-24 15:24:55,2017-06-01 00:00:00
7f2e1344275e004ec582d8cceebc5896,dcc63d2b8986c8d07300124969363838,delivered,2017-11-23 07:17:20,2017-11-23 07:27:20,2017-11-23 23:25:52,2017-12-05 22:41:58,2017-12-11 00:00:00
1f52d261d5a103a2a2375c21c99cd08d,6ec06eba01982607b43609eae1f3798b,delivered,2018-05-09 12:27:01,2018-05-09 12:55:48,2018-05-10 12:07:00,2018-05-11 20:57:36,2018-05-17 00:00:00
902db2c98a98235e57479a2ba1b06136,77057b5a79eb9c5034ce257e0d9fe154,delivered,2018-01-31 18:45:15,2018-01-31 19:10:49,2018-02-01 20:57:04,2018-02-15 20:08:42,2018-02-22 00:00:00
d695ec0f70b323de0ce4eda82582faac,0362a48ef2ac84609a1495df670a0f88,delivered,2017-06-06 23:21:00,2017-06-06 23:35:24,2017-06-08 15:20:12,2017-06-12 12:00:05,2017-07-06 00:00:00
dbda8a43cc60a915d11e2e4839ea10a4,58595df42c583d2c6ab07d1819e4091d,delivered,2018-04-27 16:13:46,2018-04-27 16:32:45,2018-04-30 14:33:00,2018-05-12 20:12:54,2018-05-23 00:00:00
efe5d91d523dcb8acc12b56d74523979,a925b24d158b3313f54502e1c01806f7,delivered,2018-06-28 08:00:25,2018-06-28 08:10:39,2018-06-29 14:05:00,2018-06-30 17:16:15,2018-07-12 00:00:00
85b743affe05265f325748dc00ca7e12,cfb31cf06d63891740828cff66ceb63d,delivered,2018-05-06 18:58:55,2018-05-07 16:52:30,2018-05-08 13:17:00,2018-05-09 19:52:09,2018-05-23 00:00:00
caac03dc57366d1423cbfe4bfcd8d18f,05cf99f3501b95c29357f026d4383c6e,delivered,2018-01-04 23:12:32,2018-01-04 23:28:24,2018-01-11 16:48:37,2018-01-30 18:38:51,2018-01-29 00:00:00
d5fd9f5044bf921889c94e6f549530fa,7dbf73d746aec58ce9ef6e2668cd49fe,delivered,2018-02-11 22:19:14,2018-02-11 22:30:54,2018-02-14 23:25:18,2018-02-23 22:22:17,2018-03-06 00:00:00
296921db5b87a79a3cdfa1f0c2694e4f,604a2de1a28b64bbe0a9ebcc44681213,delivered,2018-01-25 03:45:47,2018-01-25 03:57:27,2018-01-25 18:47:03,2018-02-06 22:48:33,2018-03-05 00:00:00
b41b68092121772821fcdd6f7fb1594c,786f59012ae920bf8b535cf145d90a63,canceled,2017-02-16 12:33:56,2017-02-16 13:10:59,,,2017-03-15 00:00:00
18eed697baafc4ed323ca3e737faaa75,bf18d7a165e5587fc4c0255650798092,delivered,2018-03-02 16:39:54,2018-03-02 16:50:35,2018-03-06 02:24:51,2018-03-12 21:57:41,2018-03-22 00:00:00
87f003dca70d4d22518366caf041e845,d50a8dc7e28e47e8119560e53b1c7deb,delivered,2018-01-17 21:01:21,2018-01-17 21:11:20,2018-01-18 23:43:47,2018-01-23 15:23:12,2018-02-07 00:00:00
a548567638d3920647c0dc39b8be4daf,9b61c2371cf8ac34ba266a8a62ecdb37,delivered,2017-06-07 09:12:10,2017-06-07 09:22:35,2017-06-07 15:52:56,2017-06-19 18:37:49,2017-06-30 00:00:00
f4a0d0b492776bcd3baab5d1f826b131,6887855de82e990aa40afea563f79b83,delivered,2018-05-29 15:28:44,2018-05-29 15:59:02,2018-05-30 10:06:00,2018-06-01 11:24:54,2018-06-21 00:00:00
ad443601986ce3f657edcfd5069f6bcd,894f7811a3347d5c9ba32c805c51bff0,delivered,2018-05-17 14:42:22,2018-05-18 05:16:21,2018-05-18 15:09:00,2018-05-22 16:52:21,2018-06-01 00:00:00
ed6fa5e51bb096344440db276aedc37b,cd3b21a9bdd5bdaf373fa170ce2203f1,delivered,2017-11-25 20:11:34,2017-11-28 03:39:57,2017-12-01 03:22:11,2017-12-19 13:52:26,2017-12-27 00:00:00
9d2bdda2af62f91df2492e397af26e09,4869717be7887d39ef6cbf9a130629ef,delivered,2018-06-25 20:52:22,2018-06-25 21:13:21,2018-06-26 14:49:00,2018-06-28 20:03:06,2018-07-16 00:00:00
9d01fa0e65583ec53f3864ee0e73d015,91d8e6ba148d6e55b4bb98a7af766101,delivered,2018-02-13 21:54:39,2018-02-14 21:50:28,2018-02-16 00:09:36,2018-03-17 14:36:27,2018-03-05 00:00:00
ac5205087679bac005ed56ed3345ce0e,822cedac71f599de893ef010bb28d955,delivered,2017-11-25 13:29:08,2017-11-25 13:41:22,2017-11-29 22:45:30,2017-12-09 14:50:05,2017-12-20 00:00:00
3c05198859f49e5cd7177ae4567aecd4,993c078e235231a8ef603641d8719a7a,delivered,2018-06-18 16:43:53,2018-06-18 17:02:05,2018-06-20 12:41:00,2018-06-23 01:58:37,2018-07-18 00:00:00
b5fd688e3b4992b03fe982e9d569653b,99d24bc37b036ea1d3126f00f198151a,delivered,2017-09-06 10:20:54,2017-09-06 10:38:10,2017-09-06 19:12:47,2017-09-28 15:42:28,2017-10-05 00:00:00
29a2cd6dbc1ff529838a94008207fb4c,b16a8106a86d19fefd75989b3ec42af7,delivered,2018-04-09 12:07:01,2018-04-09 12:29:53,2018-04-09 22:07:51,2018-04-20 15:16:25,2018-05-16 00:00:00
deaabbbc09508c827e439c9bf68e12a0,2b1e9ab2fb5a2db2d9b33ccbe742f09a,delivered,2017-12-13 12:16:38,2017-12-15 02:16:25,2017-12-15 23:22:53,2017-12-20 17:05:05,2018-01-09 00:00:00
5f65d36eda0c674421f691f96da9fdad,f0c0eb13676092a2c9b8e481ef14ec8d,delivered,2018-02-12 15:08:50,2018-02-12 15:28:01,2018-02-14 18:04:29,2018-03-08 12:25:31,2018-03-07 00:00:00
023e55afed85f9778758fba7752a9215,ba3635a32005efb8620da7e57b206cdc,delivered,2018-03-23 11:37:37,2018-03-23 11:50:24,2018-03-23 21:42:44,2018-03-29 20:04:49,2018-04-11 00:00:00
23f10f509600c30cf2852f9dbdf28fc3,934b4fa2791f6e1db380d989180d20cc,delivered,2018-05-09 10:36:28,2018-05-09 10:55:17,2018-05-11 12:21:00,2018-05-16 19:54:25,2018-05-28 00:00:00
afa40d3f2980e13e3f7df71f881074e6,aef8ddfeb225f0a6077b0764c1d6a9f4,delivered,2017-07-11 12:22:25,2017-07-11 12:30:15,2017-07-13 17:35:55,2017-07-19 17:29:27,2017-07-31 00:00:00
6be980911f97172cafec8249a401450f,a1b3692af9ad9d49b072944f932b0a29,delivered,2018-06-07 10:16:05,2018-06-07 10:34:39,2018-06-07 14:24:00,2018-06-15 20:17:54,2018-07-19 00:00:00
632ec9368030a0679acafa0d23b7be2c,3387330a6000841f3964adba5892e669,delivered,2017-03-18 11:10:54,2017-03-18 11:10:54,2017-03-20 12:12:31,2017-04-11 10:52:28,2017-04-26 00:00:00
15cdcd219ea658eb94b6630f3224a960,089fa4eabdf1694e62e22fc4c5f8fc6c,delivered,2017-07-30 23:59:18,2017-07-31 00:50:15,2017-07-31 21:27:33,2017-08-08 21:08:20,2017-08-24 00:00:00
0a0e91f265e0c09af322a473351b61d1,5e7706e72682bce0815ac5ea59fac530,delivered,2018-04-22 18:56:23,2018-04-24 17:16:52,2018-04-26 12:25:00,2018-05-11 22:33:15,2018-05-22 00:00:00
11978d520d85578c9f024b99ac1a87ef,4304f16b63cae276cb72b52baeb978cf,delivered,2017-08-07 19:36:19,2017-08-07 20:25:19,2017-08-10 15:57:31,2017-08-16 21:10:07,2017-08-29 00:00:00
6f0c6747db38e540068010194f8249e5,5db652fa15eeb25ec624e00feae386b2,delivered,2017-12-02 13:36:24,2017-12-05 04:14:01,2017-12-06 23:58:39,2017-12-08 19:32:22,2017-12-22 00:00:00
5397db7879f283d4c554b5d8483d414e,d5d71423a0ba760269576208b66e10ba,delivered,2018-01-16 10:20:53,2018-01-16 10:31:36,2018-01-20 00:06:48,2018-01-31 17:18:45,2018-02-15 00:00:00
3453ce39eb27c4042e03cbc4811c9bd6,a92ad99d43dee1b6f6e8993c5164b04f,shipped,2017-06-15 16:23:52,2017-06-15 16:45:20,2017-06-16 12:17:39,,2017-07-21 00:00:00
6ae8f9dc38343aeaddaf7ad202c81960,4c20ae0a763f932624e62301f665789c,delivered,2018-04-02 12:09:21,2018-04-02 13:50:05,2018-04-03 19:41:37,2018-04-04 11:46:06,2018-04-13 00:00:00
7c91640daf4cb53f476cd9db5eb0baf5,8ec0e7e091aa0efc08f80527888f7377,delivered,2018-05-21 11:07:39,2018-05-24 17:35:04,2018-05-21 15:05:00,2018-06-04 19:29:20,2018-06-06 00:00:00
719fa622ffdccd736b29beb1b22712d6,25be208ce6061ba99899ac85dd2f225d,delivered,2018-07-30 16:45:12,2018-07-30 19:31:36,2018-07-31 11:19:00,2018-08-01 17:34:55,2018-08-03 00:00:00
4553e6bea248714596b270fa8e67e0a0,5478040f977215fe64805033d2e8612a,delivered,2018-05-26 13:17:52,2018-05-26 13:38:15,2018-06-02 08:57:00,2018-06-08 22:06:33,2018-06-29 00:00:00
b840efce97754cdc38ec59b6f4c177fa,791f4a4feac5a60fb1dfff80a1dd6598,delivered,2017-11-27 18:35:43,2017-11-27 19:11:39,2017-12-06 18:41:32,2017-12-13 18:35:24,2017-12-19 00:00:00
9b78531e68513dbdcebdb2458f3929e1,efac88cd236a885f89eb0e3c60e1c0cf,delivered,2017-08-15 11:18:52,2017-08-17 03:05:51,2017-08-17 13:15:09,2017-08-21 21:59:50,2017-09-04 00:00:00
1cc788ba1c0fa91ed3d7bf5a45a203a4,7a28ea6acd0c23ed1a4742b29d29682c,delivered,2017-05-22 09:50:03,2017-05-22 10:02:38,2017-05-24 14:43:01,2017-06-12 11:18:00,2017-06-06 00:00:00
5942376062bf8180e22499a0bd422a00,2128ddf650e5c73783c60d3478810402,delivered,2018-06-09 11:36:48,2018-06-09 13:38:18,2018-06-11 16:55:00,2018-06-19 23:21:23,2018-06-28 00:00:00
5f2b7b637c603f8ec42317797ac4ad0c,8a32ba474626e785c7287ddb67917185,delivered,2018-02-26 15:05:30,2018-02-26 15:15:55,2018-02-27 23:06:59,2018-03-12 18:43:54,2018-03-22 00:00:00
0ccc28cc32fa5c8ca6a3b2d594700714,bfadadd0d97f4c52f859c1c4d809edf9,delivered,2017-11-04 12:03:25,2017-11-07 07:30:44,2017-11-08 14:41:51,2017-11-16 21:18:34,2017-11-30 00:00:00
9e3b990fe7684ef2d3047a94f128a2a8,907871442cdcc0bd1f7996b1bd19f501,delivered,2018-03-12 11:15:59,2018-03-13 05:20:59,2018-03-13 21:51:27,2018-03-14 23:08:40,2018-03-22 00:00:00
e1b535bf997fc6ff4e8ef4de0b0f3f6c,894c170e74c27177f6bc460153bf62bc,delivered,2017-05-30 22:45:41,2017-05-31 13:50:27,2017-06-01 07:45:45,2017-06-10 09:35:37,2017-06-13 00:00:00
fe581625610266b13ec764bd58c6e280,fa7c102932e774ad9dfd5417886dc1f2,delivered,2018-01-10 10:21:10,2018-01-11 03:31:16,2018-01-11 21:39:03,2018-01-12 21:28:56,2018-01-24 00:00:00
a7ed23d882841ee3a577ba96773a88e0,ff88c3fe67d72e79283259628c0731e1,delivered,2018-01-18 13:37:27,2018-01-18 13:52:59,2018-01-25 23:42:53,2018-01-27 16:52:20,2018-02-02 00:00:00
ca73b77530327511266404c85c36f8bf,427f4df1b62718a2a2e0ebddebfa4247,delivered,2018-05-09 20:34:54,2018-05-09 20:53:59,2018-05-11 12:17:00,2018-05-21 09:22:14,2018-05-29 00:00:00
810f4bc7b92deb70c372bde414b6bbb6,a09fe71c9d5dc8126d5fd57fb84b9423,delivered,2017-11-01 20:52:18,2017-11-01 21:06:07,2017-11-06 20:09:19,2017-11-18 19:02:26,2017-11-27 00:00:00
d0842f390a190ab877648fb618b4dd56,c0677bd9a1d4d23e9f1b5274f0cf3bbd,delivered,2017-09-08 18:34:55,2017-09-08 18:45:12,2017-09-11 20:15:26,2017-09-13 20:03:43,2017-09-26 00:00:00
80fcac926630a1f8dac09acd966434ed,5941f2ead2367ad1fc5e41aa59827cca,delivered,2018-04-19 19:40:08,2018-04-20 07:32:06,2018-04-20 20:26:35,2018-04-30 22:47:49,2018-05-16 00:00:00
b4c80521e552d11e209d1388067ce814,3a486addcf71802e8445e303ab0a09e3,delivered,2017-11-09 22:15:55,2017-11-09 22:31:20,2017-11-14 21:23:04,2017-12-12 22:46:51,2018-01-02 00:00:00
21f86ae7d05052149e1c1ea80bf0115e,bc47c35a963317374069971792de2851,delivered,2018-03-12 11:33:27,2018-03-13 04:15:44,2018-03-15 02:59:37,2018-04-04 17:10:46,2018-04-05 00:00:00
e778ff1d0d9c3fced0e2af730435dde4,9a9c9ee98e0965d9ef3a2dc0f94ae40c,delivered,2018-02-22 06:29:50,2018-02-22 06:47:29,2018-02-23 21:23:30,2018-02-26 18:37:15,2018-03-08 00:00:00
ab4354630db26a599455989a1091e50f,019200fa574c9eda0fbc82c71fcc8fbe,delivered,2018-07-24 23:09:26,2018-07-24 23:24:21,2018-07-25 14:14:00,2018-07-28 19:11:47,2018-08-14 00:00:00
f2aa68d062b1d37e398f705a9cfbdb51,3a6092e4b060b3742ba23b9826064953,shipped,2018-03-28 17:58:52,2018-03-28 18:10:23,2018-03-29 18:53:03,,2018-04-23 00:00:00
6bfb5b857e326522e7ad3d163ebeca12,a918b5f3a5555062f1afe875b605c164,delivered,2018-08-14 19:10:40,2018-08-14 19:24:12,2018-08-16 15:32:00,2018-08-23 13:08:59,2018-08-30 00:00:00
9a1d12fbdb2aa498f08b214188f80b57,27e9d0125746e472bfffeede1335dce5,delivered,2017-06-14 15:03:40,2017-06-17 03:24:59,2017-06-19 09:18:55,2017-06-26 16:56:01,2017-07-11 00:00:00
5970ae5c335f20241fd65ed1379fe3a1,b168b6c101fbb2ba0b62622259b9e2e1,delivered,2017-11-16 12:29:58,2017-11-16 12:48:20,2017-11-16 19:02:47,2017-11-28 17:53:56,2017-12-12 00:00:00
58af5cb7dd3b38d0e83d7768dade1e0a,ff9fabfb47a0c2612c55d4e6d10fbb11,delivered,2017-05-27 10:15:14,2017-05-28 06:35:16,2017-05-30 09:49:45,2017-06-12 16:48:14,2017-06-23 00:00:00
78d33c687d79eafa05dcd67958f4b329,21ceb94e6b5b5076f665364d1efe375b,delivered,2017-05-02 13:44:23,2017-05-02 13:55:14,2017-05-03 16:37:17,2017-05-09 08:13:40,2017-05-23 00:00:00
ac6a6a3e424f679d5069f2cac25e1022,93e03cca3b7ba4bd4672f52bab2983c9,delivered,2018-02-12 12:21:20,2018-02-15 03:55:32,2018-02-15 19:51:20,2018-02-26 23:43:53,2018-03-09 00:00:00
c7f459819fbc882d63765b5488f6fc8c,f1d21698569ab0dc563fcebb25491855,delivered,2018-03-31 13:11:25,2018-03-31 13:50:18,2018-04-02 23:57:46,2018-05-07 14:38:53,2018-04-26 00:00:00
48065395c10ff14b3c2dc0c3b229fb5b,067c9951289da2e2468121aa6e46ec91,delivered,2018-04-04 10:54:07,2018-04-05 10:50:19,2018-04-06 22:14:50,2018-04-09 20:58:28,2018-04-20 00:00:00
4a4d085561af094aeffaeb7fdaeac8ac,04ee4047183ae1e8c2db584004b4ec71,delivered,2017-10-20 21:16:01,2017-10-20 21:28:12,2017-10-23 19:10:52,2017-11-07 22:04:39,2017-11-22 00:00:00
895760450a7b9a0a42ec7a8f5b19730f,61642c64e59070cf026efc7c1157722d,delivered,2018-03-12 19:14:56,2018-03-12 20:48:14,2018-03-13 22:24:39,2018-03-22 18:26:45,2018-03-22 00:00:00
256b2d808e8a564c42dfdb92b485219c,be4518ae17d2a9e4eef29c567f605563,delivered,2017-10-04 20:44:52,2017-10-04 20:56:28,2017-10-11 19:53:57,2017-10-16 20:29:11,2017-10-31 00:00:00
816e49951eeb579e37e0e247a4957869,3f0c4f20e1fefc38906f69768c83e2e2,delivered,2018-06-05 19:04:57,2018-06-06 18:55:16,2018-06-11 11:55:00,2018-06-18 20:07:49,2018-07-12 00:00:00
2321337240c200736e346c2445003fd3,c2d4ece79b2ae91bb5c600af6b6672a8,shipped,2018-05-09 20:21:21,2018-05-10 20:17:45,2018-05-11 14:45:00,,2018-05-23 00:00:00
2ff28727dd7a3cbb51cf9b8053a7103a,a96aebd402f8c5f3993d287efb9154a5,delivered,2018-07-01 10:57:04,2018-07-01 11:10:19,2018-07-02 15:04:00,2018-07-07 13:51:50,2018-07-30 00:00:00
c01ae15e9ff7192925a8aefc04b3672d,ac11e7077441c662e40f21c2ff637175,delivered,2018-03-16 18:47:20,2018-03-17 02:50:52,2018-03-19 19:12:03,2018-03-21 20:46:40,2018-03-28 00:00:00
984cdff250754f548d7c5bb77599a23b,8610db3f7a37d8a445f5649be9343960,delivered,2017-02-08 21:50:48,2017-02-08 22:05:13,2017-02-09 07:42:49,2017-02-14 15:14:40,2017-03-09 00:00:00
0a9a43ac5fe59c6c4bee2a8f9b9fcce8,f11eb8f0b8b87510a93e3e1aa10b0ade,delivered,2018-07-02 08:00:35,2018-07-05 16:02:18,2018-07-05 11:10:00,2018-07-10 23:12:41,2018-07-27 00:00:00
989efe8965cc3848a0358e9445c743ef,88b61cadc5220734039809c39e7c2d36,delivered,2018-05-08 20:41:49,2018-05-10 03:09:52,2018-05-11 12:52:00,2018-05-16 15:06:53,2018-05-22 00:00:00
6922a9ced1ae0dcc65cf9b784c8b7251,3d2e39c72cf25e7fa6d6eebbdaad2a20,delivered,2017-07-02 20:02:21,2017-07-02 20:10:21,2017-07-03 15:43:11,2017-07-10 21:14:00,2017-07-25 00:00:00
dd19171c9ed748513dcedfcdcb8f6fa0,e5c84d891766df0dce0bdc14d7d6bf0b,delivered,2017-06-12 11:06:16,2017-06-14 02:15:22,2017-06-19 16:44:04,2017-06-22 15:28:05,2017-07-11 00:00:00
7942fdd6290ee4b2946bb066287bc91d,2de991e06dfea2ca925d906062ddb059,delivered,2017-09-03 15:16:30,2017-09-03 20:35:03,2017-09-04 17:03:18,2017-09-05 20:35:46,2017-09-15 00:00:00
4faf80dc9fb66032ad2dfb5a78c2c56b,2c9948887f75cb26e1831f13d88676cc,delivered,2018-04-02 18:52:25,2018-04-02 19:08:01,2018-04-03 23:29:42,2018-04-09 14:26:44,2018-04-25 00:00:00
681a823a9c2f5898157ae87f7c45c59e,8d0b32e63e627ec62fd798ce668efc7a,delivered,2017-05-17 19:50:24,2017-05-17 20:05:21,2017-05-18 09:50:37,2017-05-22 12:56:57,2017-06-14 00:00:00
24710622295ba1f92ba2973843c8b97e,084f8966676243f13f2a22193b9605ce,delivered,2017-12-20 12:17:49,2017-12-20 12:31:57,2017-12-21 18:38:53,2017-12-27 15:27:27,2018-01-15 00:00:00
128c967306503570d40def0212a27fb2,495440fd2023c2b6415452a9463c6b4b,delivered,2017-11-24 11:18:45,2017-11-24 13:18:33,2017-11-27 16:09:29,2017-12-18 16:12:32,2017-12-15 00:00:00
38ef39ee8ebc5f492b0253bcd1213dcc,8511218eb25a2ad53760f66d63df7659,delivered,2018-06-10 22:56:17,2018-06-10 23:11:08,2018-06-19 15:14:00,2018-07-07 13:49:39,2018-07-19 00:00:00
a7068cfd6d38617e2a752a01e40230f5,c56d35b9a9d16dbacf20923026c3a06a,delivered,2017-09-12 16:20:23,2017-09-12 16:30:23,2017-09-15 19:33:21,2017-09-19 17:35:04,2017-09-28 00:00:00
e4843f518acd76cc4c3bf8731b18f57f,8dff4585ddb2ea92dbfb5e233ab23dce,delivered,2017-12-18 21:56:37,2017-12-20 06:58:26,2017-12-21 02:12:58,2017-12-29 14:57:24,2018-01-16 00:00:00
729a7bb44995146ae1829243068341ef,8f006da388bf8a72df55590123b02d67,delivered,2017-07-04 19:46:09,2017-07-05 17:38:15,2017-07-06 14:30:30,2017-07-10 19:08:10,2017-07-26 00:00:00
9facbaa96abaefc54aba2b8f3722b1a7,a41d7c051e3ff5d06a96f2dc547184a3,delivered,2018-04-09 20:15:52,2018-04-09 20:30:12,2018-04-10 19:59:39,2018-04-24 10:32:53,2018-04-30 00:00:00
f7abe88fbe9b7ae7a46f897236e58d31,da74cd40047f4f55fd1d092618d0741c,delivered,2018-04-19 11:59:06,2018-04-19 12:14:12,2018-04-21 00:37:27,2018-04-23 21:56:55,2018-05-08 00:00:00
d12bc53f5678ff02dd4b2e82bae44705,73f3c03bfadc1e4bd678776da6dd0bda,delivered,2018-06-25 15:37:09,2018-06-25 15:58:09,2018-06-28 10:47:00,2018-06-29 21:08:30,2018-07-12 00:00:00
5e2dea58328e87e7d6a29ea1f157e287,5bb34af0aa8e40626c351f96f19bd8ef,delivered,2018-07-24 13:42:33,2018-07-24 13:55:21,2018-07-25 11:50:00,2018-08-10 17:37:03,2018-08-10 00:00:00
ef50a4a45882a25ea74b3cd37833a58b,04cf6b7a84aeea29e7146b2f5ca5ebf9,delivered,2017-04-01 16:19:15,2017-04-01 16:30:11,2017-04-03 12:38:06,2017-04-15 11:46:53,2017-04-26 00:00:00
701eb126d544cf41478232e37b4b3c32,9c224bc2354a4e8ecbd390cba06b5d07,delivered,2018-01-07 16:38:24,2018-01-07 16:51:36,2018-01-08 17:16:09,2018-01-24 21:42:54,2018-02-23 00:00:00
8810a5e7c83bd0f3fd59dec5491fbb2f,a5014831ae993d45eeb54b1397bc3e32,delivered,2017-03-14 14:42:18,2017-03-14 14:42:18,2017-03-16 14:36:32,2017-03-21 16:48:29,2017-04-19 00:00:00
1869017c844a8734ceb468c7da13a88e,2359a7ebdae8381103e9f7524e70fd48,delivered,2017-02-10 01:20:59,2017-02-10 01:30:15,2017-02-13 08:17:31,2017-02-17 15:22:36,2017-03-15 00:00:00
e0785eb4173f81ac87d13c38100670dd,934e84f2cd66b617d8c4d823375f8639,delivered,2018-01-09 16:26:58,2018-01-09 16:40:10,2018-01-10 18:19:49,2018-01-22 16:59:24,2018-02-09 00:00:00
ab7c89dc1bf4a1ead9d6ec1ec8968a84,dd1b84a7286eb4524d52af4256c0ba24,delivered,2018-06-08 12:09:39,2018-06-08 12:36:39,2018-06-12 14:10:00,,2018-06-26 00:00:00
600de99ec627d5804e89a86f8bde241d,93d090a2fb752b4fa824e379d785738d,delivered,2017-11-18 19:46:57,2017-11-18 20:06:48,2017-11-20 19:17:13,2017-12-01 01:48:51,2017-12-12 00:00:00
13664715b6167dfab3eba4d88b3d2c32,44ee5791e81393bc926c1489ba4c9586,delivered,2017-12-11 16:37:22,2017-12-11 16:52:20,2017-12-12 16:43:53,2017-12-18 23:41:57,2018-01-09 00:00:00
15868acdab32b4c9544714b0f02c8a57,9302bcbba1cb251fb466d0dac7bb9726,delivered,2018-03-29 12:43:44,2018-03-29 12:55:21,2018-04-09 18:38:44,2018-04-10 19:47:30,2018-04-11 00:00:00
efa3e0b795c3871ff5413d163cc9d6f0,d172c15ea2aca0b2d65e01a631df3d1a,unavailable,2017-11-17 19:42:32,2017-11-18 02:31:13,,,2017-11-30 00:00:00
138ccf0b37b60dfe366b895534e55bca,d813ab20b4b3354cd96acf8f62f7ac9f,delivered,2017-02-02 21:38:16,2017-02-02 21:45:17,2017-02-13 11:03:41,2017-03-02 10:14:11,2017-03-09 00:00:00
41c045db2d1876be9f05cf4a787693b2,a286f46d6e54cc0179bbb0ee07b0df5e,delivered,2017-08-16 14:06:30,2017-08-16 14:55:20,2017-08-18 15:41:40,2017-08-21 15:05:13,2017-08-29 00:00:00
280e71c88a9ee2c1cb66b2b25dd92171,98a76ec62893cf274af98c74b705dde1,delivered,2017-04-05 21:21:24,2017-04-07 03:10:36,2017-04-07 08:30:03,2017-04-13 16:06:09,2017-04-28 00:00:00
048f4f6b6d2d3bc131665b2440c39f70,a82511bbc306aa12dff92b60de39e448,delivered,2017-05-25 22:28:36,2017-05-25 22:35:20,2017-06-01 11:55:31,2017-06-16 16:12:45,2017-06-27 00:00:00
7ef3b5a97b46c5f804765c88b291d34a,f2850255763a41d2ace008ee8c066411,delivered,2017-09-04 23:57:01,2017-09-05 00:10:10,2017-09-06 20:23:04,2017-09-08 13:36:54,2017-09-15 00:00:00
e23b5df42ce1bb6425b751290bf33a8b,b1a9b79f3f6ad40d676feab24845edb3,delivered,2017-11-08 10:35:01,2017-11-09 04:31:18,2017-11-10 19:55:38,2017-11-13 21:51:33,2017-11-22 00:00:00
099b01b8cc6b861aa593247b2f7e0b7b,68c3651d6752a9bf3b7797626f200e06,delivered,2017-05-31 19:57:21,2017-06-01 11:10:21,2017-06-01 12:07:46,2017-06-08 17:06:51,2017-06-21 00:00:00
d409a253fa6f530d0aa7786bd667f9a7,eb5a536e0b18887946767095ebf6b6f5,delivered,2018-06-09 17:28:49,2018-06-09 17:50:18,2018-06-11 14:29:00,2018-06-19 15:07:50,2018-07-12 00:00:00
17fe101451195e941a90b55aa9cf2e48,8a9de3b3a35fb0bb3159fe4d1ec6f522,delivered,2017-05-06 14:25:48,2017-05-06 14:42:02,2017-05-12 14:21:18,2017-05-15 09:51:51,2017-06-02 00:00:00
4bd414d670e7316c206f41610dde50e3,553e559297fac7c84f187bdf0867ba57,delivered,2017-11-08 07:29:07,2017-11-09 04:31:20,2017-11-14 22:36:44,2017-11-30 00:24:53,2017-12-12 00:00:00
003d9fc84ad902adf2265248b5ffe1a4,8c66482ec333eae596c93a9131981a9a,delivered,2018-08-19 19:43:01,2018-08-20 19:35:22,2018-08-22 10:06:00,2018-08-27 18:17:49,2018-09-05 00:00:00
0e15374841586ceb3db68902f68809bd,43e7638852c0ace785be5c46440257e3,delivered,2018-01-15 20:07:37,2018-01-15 20:17:32,2018-01-19 18:22:03,2018-02-02 19:58:48,2018-02-05 00:00:00
4421f094ff828b78aba6d18db005821d,497444aa14246e71ed88c2c37540ddfb,delivered,2016-10-10 10:22:55,2016-10-10 12:02:33,2016-10-14 12:02:36,2016-11-01 10:28:49,2016-12-08 00:00:00
b5953008351e4cbdc01dbc0e9c05c2ac,6a55a6ec2c0412d7d30a6560e665be30,delivered,2018-02-23 10:02:31,2018-02-23 10:15:33,2018-02-26 22:34:21,2018-02-28 14:25:55,2018-03-09 00:00:00
e471815e7114cdb474064f7dbb1a8b67,092c9316ae71b2fe43e526043f351967,processing,2017-12-20 11:00:02,2017-12-20 11:10:43,,,2018-02-02 00:00:00
f74aecd058269c4087863fbc431e7681,3117f05fc361408aed349e8aee87d680,delivered,2017-08-09 12:10:07,2017-08-09 12:23:49,2017-08-21 19:06:01,2017-08-22 13:20:13,2017-08-29 00:00:00
fba547ee0dbc8830f00e8d3cc83bf246,1b2cb35b19b40b61f953d32ea157b337,delivered,2018-08-25 11:24:27,2018-08-25 11:35:18,2018-08-27 12:26:00,2018-08-30 19:54:25,2018-09-19 00:00:00
7087ff1aae165d854e41219173c9b930,13ad006b54888db0dec9231f3af88082,delivered,2018-02-15 19:53:16,2018-02-15 20:06:32,2018-02-16 20:25:03,2018-02-27 17:23:37,2018-03-08 00:00:00
fb2ec2aaec4cf58cf2af88784a5e7fb8,2b2689b4085eeeda6fc6022b2d7b086c,delivered,2018-05-07 21:09:07,2018-05-09 03:55:21,2018-05-09 15:50:00,2018-05-23 11:26:44,2018-06-08 00:00:00
0aeb20ab92028bf31d5d8b2314b03092,5faa65fc45f1cf27ea90df480d25129d,delivered,2018-02-07 16:35:03,2018-02-07 16:49:36,2018-02-09 01:43:12,2018-02-14 23:43:18,2018-02-23 00:00:00
c448299f4076c96eb0849f981cf29a2f,16bdd3f68c02639c6ff5549d835dbbb3,delivered,2017-03-01 20:28:48,2017-03-01 20:42:26,2017-03-02 07:14:25,2017-03-08 11:47:21,2017-03-21 00:00:00
db2745f7e368d3ea3c5423712084795b,b8ad176ac832668fad192c928fe5a40f,delivered,2017-12-13 02:49:28,2017-12-14 16:18:22,2017-12-18 19:27:18,2018-01-05 19:14:31,2018-01-18 00:00:00
926f8e6e4b3febd66f57a92de958be15,d62a7a2386e1ce7e464a193d12fa1ee2,delivered,2017-09-30 13:55:21,2017-09-30 14:56:19,2017-10-02 15:37:58,2017-10-05 16:18:27,2017-10-18 00:00:00
4ff26dfe35ac427c553216fc1441218e,637dfd77a043d1b7fffae4efeacc13b3,delivered,2018-04-13 18:18:41,2018-04-13 18:30:41,2018-04-17 21:31:58,2018-05-04 20:56:35,2018-05-17 00:00:00
96b2e80dae1e727fd9f346aeb278d1fc,514c6e33892730a7739115d0da57076d,delivered,2017-05-18 08:42:34,2017-05-19 02:15:17,2017-05-19 12:14:55,2017-06-14 14:20:08,2017-07-14 00:00:00
3ed194a912f562ede28628d0ec2ad218,8f9c6da11c5eb0ca12404f81d092499f,delivered,2017-06-22 16:05:53,2017-06-22 16:15:18,2017-06-27 13:57:31,2017-07-03 13:34:36,2017-07-14 00:00:00
572be93cb31b1fcee2a7fac8071c8208,12d8f59b2dae0dc76a89a355816a3251,delivered,2017-12-09 16:16:19,2017-12-09 16:31:21,2017-12-20 16:52:05,2018-01-13 20:04:19,2018-01-09 00:00:00
53f4ca548f6dc3456de1628fa16854f0,63d397688659841d08cd59d712547315,delivered,2018-02-14 15:22:56,2018-02-16 07:50:55,2018-02-20 17:39:27,2018-02-22 20:07:18,2018-03-01 00:00:00
640174dd3b1c33b00c0beab57f415612,f13981ea8af8ae0585691db41e971355,delivered,2018-06-03 21:51:47,2018-06-03 22:55:14,2018-06-04 13:34:00,2018-06-08 16:48:30,2018-07-17 00:00:00
8840fe9b713ea18e25ae020becf99e52,e74195da32187bbe7bcb08f1077cf4d6,delivered,2018-06-26 15:41:37,2018-06-26 15:57:02,2018-06-28 08:05:00,2018-06-29 23:57:46,2018-07-27 00:00:00
64104832b73ed5ba84d57f80a05cf01d,4e23dfc538f90d9b4407f71bc6a797bd,delivered,2017-07-24 20:01:16,2017-07-24 20:15:17,2017-08-08 14:17:56,2017-08-10 20:44:07,2017-08-21 00:00:00
0199115a1cbfc272c5bd53117772a64a,926c8544055f08fcf4a065407ebbba95,delivered,2018-03-22 17:07:11,2018-03-23 02:27:57,2018-03-27 18:06:54,2018-03-28 19:31:51,2018-04-04 00:00:00
9c6481009a4a4323ca90650c811ed87f,a04370c02b6e0f3522b4c398b9a18c49,delivered,2018-06-10 09:50:16,2018-06-10 10:30:33,2018-06-11 14:35:00,2018-06-15 12:12:01,2018-06-28 00:00:00
c292c7f11802d84e8c7d9927db72870c,d9ecf4ff3d43638bdff6586c0aa738b2,delivered,2017-09-26 22:40:34,2017-09-26 22:49:24,2017-09-27 17:26:03,2017-10-01 15:42:55,2017-10-20 00:00:00
0d29aa08fa516b98d8668e1eb4a57bdd,f5fe72b574ff418727aa603ee22ea9e1,delivered,2018-08-13 21:56:59,2018-08-14 21:50:22,2018-08-15 11:54:00,2018-08-21 21:28:41,2018-08-20 00:00:00
fbdc60f79bd8d24e2c9187d3404440e3,0f93c9c01fbffa1c04f19e99c42823c2,delivered,2018-06-08 12:11:19,2018-06-08 12:36:37,2018-06-08 14:40:00,2018-06-27 17:12:12,2018-07-13 00:00:00
d907dae45d8ccfff636cf4369e496bad,57d96ece378b9b2e8a82c01112a6f6d2,delivered,2017-05-02 20:05:15,2017-05-03 15:10:23,2017-05-04 12:05:22,2017-05-10 16:46:37,2017-05-26 00:00:00
f5450c4188fb856ef71d0ccd3ecf673a,cee03fd42fb674365f5af3e609f206d9,delivered,2018-01-12 11:03:05,2018-01-15 08:19:30,2018-01-19 02:16:35,2018-02-06 21:43:34,2018-02-08 00:00:00
08ade2fc02096cf490d463016e5ee02e,3174268a8b7e3f6eca7629f077ce08ca,delivered,2018-01-04 22:43:33,2018-01-04 22:50:30,2018-01-05 21:35:31,2018-01-11 11:57:55,2018-02-01 00:00:00
31a8e53226ace9a58aef6b76fab4ff4d,4b35e80debf750d9d6a2c140596d5a4a,delivered,2017-11-07 11:50:43,2017-11-07 12:10:44,2017-11-14 14:06:38,2017-11-27 19:37:22,2017-11-30 00:00:00
696b70b07c6fd1bed3a148051e31c42d,29803e82c3a7e886e1cfed354426ad74,delivered,2018-08-18 23:41:03,2018-08-20 10:55:20,2018-08-27 11:43:00,2018-08-29 00:17:24,2018-09-03 00:00:00
7e88ca8e11c4e67c107b7cbc62b70f5e,93a8eb1962b73b68274e8d73cc80f3ab,delivered,2017-12-18 00:58:36,2017-12-18 16:33:20,2017-12-20 16:23:24,2018-01-05 13:55:04,2018-01-26 00:00:00
3bce1be95e783fcb928b6435d268d89c,e4b1bc5e4ce85c381c60884cca90589c,delivered,2018-04-19 17:27:22,2018-04-19 17:53:58,2018-04-21 01:48:48,2018-04-25 16:19:56,2018-05-14 00:00:00
f0c8fa435e06ab4c026e78d690a6948d,02447d437f30e908a881b92fdca09e41,delivered,2017-10-15 15:41:36,2017-10-15 15:56:08,2017-10-18 18:28:40,2017-10-26 19:57:36,2017-11-07 00:00:00
5a00b4d35edffc56b825c3646a99ba9d,6a3bdf004ca96338fb5fad1b8d93c2e6,canceled,2017-07-02 15:38:46,,,,2017-07-25 00:00:00
3b40ede283844ba0fbdd110f8a56792f,e489861e700dfc79e5347bbf75b472e0,delivered,2018-07-18 14:35:41,2018-07-18 14:45:20,2018-07-18 13:06:00,2018-07-25 17:27:25,2018-08-01 00:00:00
0f9458a3e4a303f60f99659d29645ee5,f764be6f129a2ab7f3f8c7d7b15893c8,delivered,2017-08-20 20:11:55,2017-08-20 20:30:13,2017-08-23 17:43:56,2017-08-24 21:17:46,2017-09-04 00:00:00
1770c4ca61c42f3ee7a4ed66d626bd67,ec428d23b2452cd2bd3daba88b977361,delivered,2018-07-19 23:11:08,2018-07-20 09:15:21,2018-07-23 12:48:00,2018-08-02 19:51:31,2018-08-14 00:00:00
32cd70fe690fdbaa00076c05359c339c,44ea85428395f5411a57c6cfb5de9f4b,delivered,2018-04-07 21:50:59,2018-04-09 08:09:33,2018-04-09 23:34:53,2018-05-03 15:07:36,2018-05-03 00:00:00
bdc50bb13e6d041fb5d868ec076072b6,2d46890758e23182b34e1f51bdd22c50,delivered,2017-08-30 01:11:47,2017-09-01 02:15:14,2017-09-01 20:05:28,2017-09-11 18:06:53,2017-09-19 00:00:00
63b6220936ea4e0a55b1070abb7ee3f8,15633dddb830549023bdc923ca0d91fd,delivered,2018-03-10 11:31:10,2018-03-10 11:48:29,2018-03-13 16:12:06,2018-03-28 21:12:27,2018-04-05 00:00:00
ed77ae1d4803934a1131cadffb78b41b,b193c9dd2e7eedcc74ebb140416b32a6,delivered,2017-10-05 14:17:04,2017-10-06 14:14:16,2017-10-16 21:07:49,2017-10-19 17:15:18,2017-10-31 00:00:00
a1b4a9a7a29abaef91be9fc53831d32c,27836a364192d2883d89cb9a0c366176,delivered,2017-11-10 14:16:28,2017-11-14 03:46:34,2017-11-14 16:39:30,2017-11-27 22:14:01,2017-12-12 00:00:00
e561fa177791f05209e4557ba7366347,9cd37be684095870044dc87dde12f767,delivered,2018-08-16 13:02:28,2018-08-16 13:15:24,2018-08-16 15:09:00,2018-08-17 14:08:40,2018-08-22 00:00:00
9d66cd87dc5ae7f8699cb2883c39b5e8,0abfec54bd6c23a5dbb81ee7854343f2,delivered,2018-07-05 09:27:50,2018-07-05 16:09:03,2018-07-05 17:30:00,2018-07-08 15:02:50,2018-07-30 00:00:00
b78d95a93c70ace32ceafee76789a2f1,54b2e1f570b9493018c0fc2dead80220,delivered,2017-02-11 23:00:56,2017-02-11 23:10:12,2017-02-22 11:04:18,2017-03-03 02:09:59,2017-03-20 00:00:00
246e0ec5d427eaa6bd4569ac799d4f37,ac73860abcda6b5fc9f2afdb4fb2acf5,delivered,2017-04-21 14:54:24,2017-04-21 15:05:11,2017-04-28 14:05:57,2017-05-04 13:57:37,2017-05-17 00:00:00
9fbb5a7911ef83cac2881f1bbdaf7812,d880d473fdc38c2ffc94c2f3ae89184a,delivered,2017-04-09 13:33:34,2017-04-09 13:45:16,2017-04-11 11:08:26,2017-04-18 16:48:26,2017-05-10 00:00:00
ff386915a251d61bc728a414a25ecb88,755670260fa6ddaa37ffef9a56c62af5,delivered,2017-09-24 23:53:13,2017-09-25 00:10:12,2017-09-26 18:58:54,2017-10-03 16:18:11,2017-10-24 00:00:00
725c8fc9683d4ff47be7ba7dd796d979,182330337736a67c471fc5cbbe74dd22,delivered,2017-11-26 12:29:26,2017-11-26 12:51:41,2017-11-28 18:12:27,2017-11-29 14:47:10,2017-12-11 00:00:00
99c68c77790ea4f61df77b5a84cfa80d,0d69941467fde10cc9b9f114ef301c77,delivered,2018-06-21 17:02:36,2018-06-21 18:20:58,2018-06-22 13:16:00,2018-07-02 18:37:26,2018-07-17 00:00:00
d178d8bdd78765955d2260fc1d639052,5b5f4957a69d537a2aeadfa7dd2d09d9,delivered,2017-06-23 22:56:47,2017-06-23 23:05:20,2017-06-27 10:33:13,2017-07-06 12:47:40,2017-07-21 00:00:00
f7e9f0f0c92fa9d46dc73e8f6d28ab96,6c33226d12ff402d2818d9d6c7042496,delivered,2017-11-10 23:59:11,2017-11-11 00:56:08,2017-11-16 13:24:30,2017-11-22 01:01:24,2017-11-30 00:00:00
2fb41f7fd5712215690c4c8a37fdefc5,a65c7113cc2483029fc52ce8c6af46cf,delivered,2017-08-28 23:01:59,2017-08-28 23:15:18,2017-08-29 19:48:00,2017-09-04 16:05:34,2017-09-15 00:00:00
1e0aee4255436f5ae16342f9ffa9f723,b850b2a28dff10b6a053e1575ffcd39d,delivered,2018-06-28 22:30:40,2018-06-28 22:49:49,2018-06-29 14:18:00,2018-06-30 14:46:40,2018-07-16 00:00:00
f34cb8566ce1b66fc30926aaed89a2de,219bbdcd9309902d654a6f928c5cc0d2,delivered,2018-01-18 17:58:34,2018-01-18 18:14:43,2018-01-25 20:42:55,2018-01-30 19:58:50,2018-02-19 00:00:00
89875b3e82ac7361593b7c13d1ea5a02,715c3c024f765fa1c0f20c9bc383cecf,delivered,2018-08-07 13:35:00,2018-08-08 03:30:21,2018-08-09 14:23:00,2018-08-11 18:32:09,2018-08-10 00:00:00
5c19d00272c18f09c4f60adb930a7a38,953cb8ea9d82d1e95468dede9e0fba5d,delivered,2018-03-31 11:25:53,2018-03-31 11:47:57,2018-04-02 20:52:03,2018-04-11 16:44:27,2018-04-27 00:00:00
6d3e1ebe9de0bbbaf627b66e8a5d71b2,6ce2aabb6e93296081fbf88d37a5a75b,delivered,2018-01-05 21:33:38,2018-01-06 15:55:33,2018-01-08 18:49:38,2018-01-09 20:47:21,2018-01-23 00:00:00
e56bf94fb5b2e858e8b8896c565a96a0,c6792caf2401f9e579fd1191e263f819,delivered,2018-03-05 15:13:44,2018-03-05 15:29:28,2018-03-09 19:03:53,2018-04-16 14:18:32,2018-04-09 00:00:00
033a7061d514534d3459c3f1f06fe341,f4876daba766288ed5f2dfa645524162,delivered,2017-08-25 13:14:37,2017-08-25 13:25:18,2017-08-28 18:47:26,2017-08-29 18:47:39,2017-09-08 00:00:00
c2392e568835f3d748e67d74da04c934,7fd14a93c967b606432018bfcade5e71,delivered,2018-03-13 08:52:31,2018-03-13 09:08:41,2018-03-19 20:26:58,2018-04-06 18:16:56,2018-04-04 00:00:00
2ecd94a0ab2a50927b7c0020efb4b063,a81e019902b04fe0487ad6b899f67689,delivered,2018-02-11 13:40:48,2018-02-11 13:55:22,2018-02-16 14:18:02,2018-02-22 20:35:59,2018-03-09 00:00:00
8c2919b1ba90a4a9c174a97fd0cb09aa,b9df829bc3cc02538e613e6ec4c4cb90,delivered,2017-11-14 22:07:22,2017-11-17 03:35:27,2017-11-17 18:18:47,2017-11-28 05:52:11,2017-12-14 00:00:00
51cf34bf04cc3cbf0fddfb13c6245c43,0ce488af82f1ec50f3bcd08795f65a0c,delivered,2018-03-08 22:47:28,2018-03-10 04:08:48,2018-03-13 02:51:27,2018-03-15 20:28:35,2018-03-20 00:00:00
343784c8ebeaaa9505508f89e3eea256,39de0d11bb661ebb0dfa0067edd5292c,delivered,2018-06-21 12:41:34,2018-06-22 02:59:10,2018-06-22 13:15:00,2018-06-28 14:03:37,2018-07-19 00:00:00
cee7c7cdaff69064ef0c806f168a9269,5a141d03e70c4c36cfcce2d07cc42f72,delivered,2017-10-10 13:00:05,2017-10-10 13:14:31,2017-10-11 17:45:48,2017-10-23 21:25:37,2017-11-03 00:00:00
2c0d1512767a5eda48e0fa752360e810,1a6d27bfce5b1670663694dbae81477a,delivered,2018-03-15 13:23:15,2018-03-15 19:08:32,2018-03-16 23:20:23,2018-03-18 13:28:26,2018-03-27 00:00:00
4d0c3a21d494b800520fb1dbaa715164,cef0a506276a74c28d77739366902cbb,delivered,2018-08-17 19:54:09,2018-08-17 20:09:55,2018-08-20 14:27:00,2018-08-29 21:27:23,2018-09-03 00:00:00
922d138450226b11bca8925c60766321,9344b423626861add3fef32cc25a52b9,delivered,2017-07-05 23:23:04,2017-07-05 23:35:21,2017-07-07 17:53:19,2017-07-12 17:32:58,2017-08-01 00:00:00
952733b92a94a4d2817cbea6afbc4011,71e1b42b5409c7a08234a645bd1e3ab2,delivered,2018-06-19 21:30:46,2018-06-19 22:00:21,2018-06-21 14:18:00,2018-06-25 22:08:31,2018-07-11 00:00:00
97f5d9e6ef81b10425e390ed53165124,06141f8e944874ca3909311c370f2830,delivered,2018-03-26 21:42:12,2018-03-26 21:50:22,2018-03-27 19:48:36,2018-04-05 17:52:04,2018-04-24 00:00:00
cec6fa3cbd8be22255880782823bc82d,25e7589f237d62942d86d3ba4a213bd7,delivered,2018-01-16 17:30:33,2018-01-16 17:38:23,2018-01-18 00:40:07,2018-01-29 14:25:08,2018-02-09 00:00:00
d63be7e22203c9628413a27ac9394ea7,2f6663f8672f397e9d2c804b8f1b7ba4,delivered,2018-07-25 12:54:03,2018-07-26 12:45:18,2018-07-27 11:31:00,2018-08-07 19:38:49,2018-08-28 00:00:00
f8dd8cacd0d33fb0f421b3d5afd46dad,cd221c459fa9d5158875cdda1b67f2bc,delivered,2017-12-04 12:32:59,2017-12-05 04:15:32,2017-12-20 19:03:00,2017-12-29 21:37:31,2018-02-09 00:00:00
f4c613cbfddb3caad5c28c0d2b6be3c4,19ba9772dcc033a1ed3d4504b4a55e00,delivered,2018-04-18 21:08:37,2018-04-18 21:30:29,2018-04-19 22:08:02,2018-05-07 17:03:43,2018-05-11 00:00:00
77e30dea9bbb161e9d91918418f4aafa,b71cb835be11fec9d0e0903e4d9acefe,delivered,2017-08-03 07:42:32,2017-08-03 07:55:09,2017-08-04 20:18:57,2017-08-08 20:48:48,2017-08-24 00:00:00
2ed5ded611992c4bf18f7bdd32c66226,970ccddc609e2c028474d8a0ac1803fe,delivered,2018-05-13 13:24:34,2018-05-13 13:35:15,2018-05-22 07:21:00,2018-06-07 13:27:33,2018-06-19 00:00:00
143a9d75c62a9bc296541b7318f8a8bf,0f48fd567c7d908f03f5cbddb5d08034,delivered,2018-01-10 08:31:32,2018-01-10 10:31:46,2018-01-10 19:46:11,2018-01-19 00:24:56,2018-02-07 00:00:00
b890948d89b295933a81032d4d4b9c74,86c0cb42009c2e2a0a59969b0d8e1ad7,delivered,2017-05-23 16:27:15,2017-05-24 03:03:04,2017-05-24 07:56:15,2017-05-31 09:38:05,2017-06-19 00:00:00
37732eb932f8b2b2b3d7cef77833eec1,614b18112402859120ee75b1ba6b07c4,delivered,2017-10-22 22:09:04,2017-10-22 22:26:16,2017-10-23 17:24:13,2017-11-01 19:32:34,2017-11-09 00:00:00
bf63ff8d7ca75098eaba0418489ad64d,bbb43aad9fde7b0d46df42c694e8458d,delivered,2018-08-17 13:15:40,2018-08-17 14:30:12,2018-08-17 14:13:00,2018-08-27 15:34:57,2018-09-14 00:00:00
060e3be7253bd20351674ea9eec80ff6,88d700121a83fbf44927b9118fff97b1,delivered,2017-12-26 14:08:32,2017-12-26 14:28:42,2017-12-26 22:41:30,2018-01-07 16:49:05,2018-01-29 00:00:00
b5c0aa2b53c60eed61f0d433ff2b0b89,19e1bc50cd9ddab4681b913bd4839998,delivered,2017-11-23 23:36:02,2017-11-25 03:32:42,2017-11-27 19:29:22,2017-12-11 22:04:45,2017-12-15 00:00:00
75726379e024593ac008be5a5929a82a,edf9347c36517f574d5e7435ffb1d251,delivered,2018-03-16 11:28:44,2018-03-16 11:49:10,2018-03-16 22:46:41,2018-03-20 22:21:55,2018-04-04 00:00:00
49e7c284dac8e61eb27d5842576527ed,feb6ddf0ad2cc6367d19c0f2009e19d2,delivered,2018-03-28 10:02:32,2018-03-29 03:15:16,2018-03-29 18:39:58,2018-04-07 20:38:32,2018-05-09 00:00:00
9194a5d053f16027bbfad39c4d4c2ff0,4ee5479481bf07ede155decba0cddf94,delivered,2018-04-17 10:04:42,2018-04-17 10:31:17,2018-04-17 21:38:52,2018-04-23 20:30:56,2018-05-14 00:00:00
6340bf3e650dce76f15cc110f8135191,f8195b904eae4f051d7ef4511a81e732,delivered,2018-05-19 13:26:59,2018-05-19 14:31:23,2018-05-22 14:15:00,2018-06-06 15:58:25,2018-06-13 00:00:00
6166489270fe109062267b9e022c0292,8123b58f6a6cc879ccf2c561f553c29b,delivered,2017-04-11 08:26:45,2017-04-11 08:42:05,2017-04-11 09:26:26,2017-04-17 08:00:00,2017-05-03 00:00:00
a476fb0537849039cb122034488f8ee4,b6317eb78e7d6d293e62bb1c60f3c979,delivered,2018-07-24 12:23:41,2018-07-24 13:40:11,2018-07-25 13:27:00,2018-08-08 17:08:50,2018-08-13 00:00:00
5e01885b1098b78c3631fe7653e3ae58,45852dea0caa97d2518b45ba23766fc6,delivered,2017-10-31 09:06:45,2017-10-31 09:15:15,2017-10-31 17:12:33,2017-11-07 22:06:52,2017-11-17 00:00:00
fd8a4ea811ee69bff03043467e89ae9f,f428a58d33c31b091c8ddd33ba2362f5,delivered,2018-04-15 08:25:08,2018-04-16 08:35:21,2018-04-18 00:08:37,2018-04-27 16:24:44,2018-05-18 00:00:00
cf4f44bd66792364407443876b27d1d2,351633ae7e74377d03e8287023f9071a,delivered,2017-10-03 23:34:49,2017-10-03 23:49:21,2017-10-04 19:59:47,2017-10-13 19:35:14,2017-10-25 00:00:00
b5d7803c645bb1272fbac9a45a43b1d2,9061de0a5e96934a2ac00aa517a78a5c,delivered,2018-05-10 16:19:38,2018-05-10 16:32:52,2018-05-16 13:29:00,2018-06-04 18:29:25,2018-06-06 00:00:00
6b2169e162b7244ba60302ddbdb445f7,4f229d93eafc39aba3addca5eeabaae1,delivered,2018-05-20 14:38:57,2018-05-20 14:59:25,2018-05-21 11:55:00,2018-06-04 14:02:26,2018-06-07 00:00:00
17be127e33c5c47d99de1dd43f35c951,c6961250979dfd4fb65cd0e7802d3cee,delivered,2018-08-08 22:33:02,2018-08-08 22:45:12,2018-08-09 14:42:00,2018-08-13 15:48:42,2018-08-29 00:00:00
70e1e65e23050b71f1357ebf72506b73,c41f490cc00d7e860ba2f20d525fca3b,delivered,2018-01-21 17:44:36,2018-01-22 13:55:27,2018-01-23 18:51:42,2018-03-13 21:41:49,2018-02-15 00:00:00
ae9ea529ce46a68f8c58803436fb48a3,b5fba334815d79889c50d4a72a63bbc8,delivered,2017-04-13 15:03:34,2017-04-13 15:15:20,2017-04-18 14:47:44,2017-04-26 12:25:00,2017-05-12 00:00:00
2b57b14ff0ef2e1af9f426e11610babc,d884c81ceade1c9e5a676e754256697a,delivered,2017-12-07 15:50:13,2017-12-12 03:58:29,2017-12-13 11:36:50,2017-12-26 20:09:27,2017-12-26 00:00:00
01cec5c50d2d0e069a3227efba9f16f7,df5942d345b799c2e2819e9ddb4fb0c0,delivered,2017-09-16 10:26:47,2017-09-16 11:03:39,2017-09-18 13:51:40,2017-09-26 16:56:06,2017-10-05 00:00:00
bbf7ad105edc929937625364891dc8c6,f128ed11b295f1d94750deca9a92b354,delivered,2017-06-13 12:37:12,2017-06-13 12:50:25,2017-06-13 15:11:20,2017-06-22 16:19:42,2017-07-10 00:00:00
97710347ca7f753c166b48121724ce84,7b4363fb15ce73b01a5679cf9a81e96a,delivered,2018-04-16 17:59:29,2018-04-16 19:32:33,2018-04-23 23:19:08,2018-04-26 00:22:57,2018-04-26 00:00:00
41a75aec932b24ba50e98ba8b50b625d,001450ebb4a77efb3d68be5f7887cb1e,delivered,2018-02-26 08:35:13,2018-02-27 08:30:28,2018-03-05 14:19:44,2018-03-13 18:22:54,2018-03-19 00:00:00
8025c3b296960e0bc0070fa50b546dbe,457f70ea74c01f0f5a6754f9f90e8548,delivered,2017-02-02 00:15:09,2017-02-02 00:31:02,2017-02-03 07:51:28,2017-02-17 15:47:52,2017-03-21 00:00:00
f6f5da11ef603df65572d4a9444e1030,6f5499775cd1db11fedb4da2ba0fee19,delivered,2017-09-06 18:40:54,2017-09-06 18:50:18,2017-09-11 21:03:51,2017-09-14 12:31:34,2017-10-02 00:00:00
1c3cc69b45823b560a77c0d36740714b,8bea0b231b8b08343ee31038e855d620,delivered,2017-11-24 14:44:13,2017-11-24 16:53:19,2017-11-27 16:55:56,2017-12-01 19:08:56,2017-12-15 00:00:00
c2fcd45c45821d4cf9f5bb48db015eff,88519723851a4b27f5d0b3c2a32011a2,delivered,2018-04-06 13:33:44,2018-04-06 13:49:19,2018-04-07 01:32:24,2018-04-11 18:26:25,2018-05-02 00:00:00
4a4b366c2487504cd4962ab3fe4bc8fa,11bbf0a5f0066b66d6f15ff95f2c13da,delivered,2018-04-06 18:42:31,2018-04-06 18:55:21,2018-04-10 23:46:51,2018-04-17 13:46:43,2018-04-26 00:00:00
8516c79299bfdf176ffe9801f3ff146d,afeae92e25e276f7f7bf43792d9ab851,delivered,2018-01-20 03:25:12,2018-01-20 09:10:15,2018-01-22 14:33:34,2018-02-02 17:47:51,2018-02-15 00:00:00
ce8a790838d6b4304ddde9481438c679,f21be72df342026508f9072dba657632,delivered,2018-01-16 18:23:41,2018-01-16 18:31:39,2018-01-24 13:44:49,2018-02-07 13:53:06,2018-02-16 00:00:00
501938daca40dd78b00d458bed7f28d2,4936375938024d7bbd97ddf1cb1ce133,delivered,2017-09-16 08:59:53,2017-09-16 09:10:12,2017-09-20 21:06:58,2017-10-16 20:38:39,2017-10-20 00:00:00
e7803fdf4f98120deed486a41a0f4fa9,84578cef46ccdbaa7e6ac7b69b540b92,delivered,2017-07-16 12:11:22,2017-07-16 12:25:12,2017-07-17 20:05:38,2017-07-19 16:49:29,2017-07-28 00:00:00
d2e3c8badd7edcc85e6a4fe780954dfd,95882cef7ed1c748bf94e637ad76f61c,delivered,2017-03-19 07:15:31,2017-03-19 07:15:31,2017-03-23 17:14:41,2017-03-28 12:15:32,2017-04-06 00:00:00
b0874cef1bc851d609f25d264fce7b4b,eddf431fc12240a0975043db10c54b74,delivered,2017-03-05 15:26:55,2017-03-05 15:42:48,2017-03-06 11:41:57,2017-03-10 11:08:03,2017-03-23 00:00:00
9c5da765587b0ee5c54bf7fb708b4659,eac40d5a8d6c0842ef2854444b66b0ec,delivered,2018-06-07 23:20:41,2018-06-07 23:35:33,2018-06-08 14:01:00,2018-06-13 00:14:31,2018-06-18 00:00:00
11de19a6b9ccdeeb0b0ef48d91cfd78b,d6f1934c2a18b56315cd529239c049a8,delivered,2017-10-29 17:12:41,2017-10-29 17:24:56,2017-10-30 18:52:13,2017-10-31 18:16:57,2017-11-10 00:00:00
9aa14168a046c59b46f06deddfa3c9a4,c61893d0d6060132b88af016afd5cdb1,delivered,2018-01-20 21:26:12,2018-01-20 21:41:12,2018-01-22 23:21:21,2018-01-23 12:17:06,2018-02-06 00:00:00
fa6e801a54147fb8ada766a1f407a80f,a035ee0bfe98a469acf8924ac5092b9a,delivered,2018-08-03 10:26:17,2018-08-03 10:44:12,2018-08-03 14:40:00,2018-08-07 15:32:17,2018-08-24 00:00:00
4b2da52cca31e0823f0e16772996137a,d0e1847065cf49a4489793193b69158e,delivered,2017-11-13 09:44:58,2017-11-13 10:06:56,2017-11-17 18:12:20,2017-11-20 19:29:14,2017-11-27 00:00:00
4d51efabbf910d08f6cd53443acfb25e,ea06f6931052973ef67b7fec1ceae73d,delivered,2017-07-03 09:20:46,2017-07-04 04:45:22,2017-07-04 13:58:40,2017-07-13 19:43:31,2017-08-02 00:00:00
eb5155f1e2e9054e0ff0e0701ce8f5c8,53699d6e8947c101e636796114386bbb,delivered,2017-04-25 20:54:58,2017-04-26 09:35:16,2017-04-28 16:15:05,2017-05-09 11:26:50,2017-05-12 00:00:00
2df0ce07f5323bf3fa5d7fbc0bb28ce4,59ce9c14308c8108e4442abec2541369,delivered,2017-07-10 10:19:08,2017-07-10 10:30:13,2017-07-10 19:08:08,2017-07-14 16:22:54,2017-08-03 00:00:00
b708a78d59d407b8733f3f3e9b11596e,9a148310e3ae74b3d1e856ae5e4af4e5,delivered,2017-09-03 21:16:10,2017-09-03 22:00:12,2017-09-05 21:03:35,2017-09-14 17:47:32,2017-09-27 00:00:00
06b0e5a0e09e97a92ab2614c36c4bea6,80d02feec2eb2a0d3534442afe4e0e2a,delivered,2018-05-03 14:32:27,2018-05-03 14:55:03,2018-05-04 10:49:00,2018-05-10 00:28:49,2018-06-06 00:00:00
293d993836f3944cd72c3e42d7736460,d7cb6c77acb5bd912606201673284b67,delivered,2018-03-06 07:53:17,2018-03-07 02:49:05,2018-03-08 17:43:10,2018-03-14 00:11:26,2018-03-16 00:00:00
4f0d4b217cab0b16c36d9bb7aa71b6f4,5aec93638fa57d3645cc7ba411caaf6f,delivered,2017-08-17 23:41:25,2017-08-18 00:25:11,2017-08-18 18:07:36,2017-08-29 21:37:35,2017-09-14 00:00:00
13f122a23bdcdc6de4c10fb7d9fa6a0d,9b57a3765263e69f58a46906a4fb891b,delivered,2018-07-31 15:16:09,2018-08-02 05:05:17,2018-08-03 12:09:00,2018-08-07 13:56:37,2018-08-20 00:00:00
3523181d27be330ade8446c606e5e924,86f46c9af2a6a440c770e5392da09f60,delivered,2018-04-25 20:15:51,2018-04-25 20:31:37,2018-04-26 18:11:00,2018-04-27 23:48:31,2018-05-08 00:00:00
0f57c7a28afbca568ab72eb6be1dfb81,c8ea458f86241a133acb4d7ebad9a915,delivered,2018-03-14 08:12:07,2018-03-14 08:28:00,2018-03-14 22:03:39,2018-04-30 16:48:50,2018-04-04 00:00:00
84e68b5d2be9ab9146ea264fa27c9a34,e4ab65a0b4c3c3e0fee82f90222c4618,delivered,2018-05-28 13:56:28,2018-05-28 14:10:58,2018-05-29 07:50:00,2018-06-02 16:33:19,2018-06-29 00:00:00
7520a4f97d875cef28e46e627eaaf336,da80034e1558c53729291348af036338,delivered,2017-08-26 21:03:40,2017-08-26 21:24:10,2017-08-29 21:11:34,2017-10-14 15:35:42,2017-09-21 00:00:00
dd12ffa175ee0c7931890dd19db54427,73910b1013f7de5548a01ebc4792cf57,delivered,2018-01-01 15:58:37,2018-01-02 14:47:34,2018-01-02 22:23:22,2018-01-10 14:01:58,2018-01-30 00:00:00
10fd0add9c8dd2fc964bbd79ce10343b,2d460a7e43acec7bc2286a7dbf898627,delivered,2018-06-18 13:13:05,2018-06-18 13:39:41,2018-06-18 14:16:00,2018-06-19 14:26:35,2018-06-28 00:00:00
c6ddeb6ecc91ffa34944150d8bfe960a,e0f223b6ed81b83a839a9bdd8c7ca7e6,delivered,2017-12-26 14:56:06,2017-12-27 04:08:38,2017-12-28 20:27:15,2018-01-15 16:19:10,2018-01-19 00:00:00
0368dc5a797fb5e3dbca70876ad9c164,f5fec5490721245b7c3e23cdd1cf277f,delivered,2017-05-27 16:55:31,2017-05-27 17:05:15,2017-05-30 15:26:51,2017-06-07 13:14:34,2017-06-28 00:00:00
d1ff908b4e21d4fffd5da1a0c84c3404,190508c583e9da28949bc4ba63c8c1a5,delivered,2018-08-04 21:57:06,2018-08-04 22:10:12,2018-08-06 15:45:00,2018-08-23 18:32:00,2018-08-29 00:00:00
d0387cb335169ba746948d0acddc51ae,f5d8c95a4051df71aa809ee9b977c2ad,delivered,2017-10-22 21:11:46,2017-10-24 03:35:41,2017-10-24 21:12:41,2017-10-30 16:53:42,2017-11-13 00:00:00
ef27173cc11ca724c7073811a4348fe0,8473cae46f9b0388eda716c12eef4da1,delivered,2018-04-10 21:53:30,2018-04-10 22:11:07,2018-04-11 18:05:14,2018-04-17 16:03:31,2018-05-04 00:00:00
31c728d11563b29a76dc77a51634588c,a5be4a065b34b1681afd223a29fd2bde,delivered,2017-09-24 21:13:13,2017-09-24 21:25:16,2017-09-28 21:46:03,2017-10-06 16:47:16,2017-10-20 00:00:00
0406e86d8cc991f78438e19919b901de,efef4f3bbae37c2b4ff4d2f950299cc0,delivered,2018-05-02 18:03:05,2018-05-02 18:58:31,2018-05-03 11:04:00,2018-05-09 20:11:59,2018-05-22 00:00:00
8265a551f1441d4dd75468036a7a5020,d9a0f553c6eb0a36aa73b99bede8dcb4,delivered,2017-08-15 21:44:47,2017-08-15 23:45:13,2017-08-23 13:30:20,2017-08-30 18:21:58,2017-09-19 00:00:00
1212d10dd1ebbfe6d18ccf86a805c680,73596ebb9fd9b16f96f4740d9c21e6bd,delivered,2018-05-01 19:00:40,2018-05-03 04:15:15,2018-05-04 12:32:00,2018-05-10 15:42:20,2018-05-24 00:00:00
935a65ea45bc5c2692cdb3d0141941ca,205f0ff8598ac037f52616b3edf13337,delivered,2018-06-01 07:29:39,2018-06-01 08:22:46,2018-06-05 07:41:00,2018-06-21 16:26:52,2018-07-18 00:00:00
f451f32b7c863ec284d824a449a407e9,f814ce46aabf6e4f2fddbc9cf21f2297,delivered,2017-02-08 14:59:56,2017-02-08 15:10:13,2017-02-10 11:59:56,2017-02-17 15:34:37,2017-03-09 00:00:00
44e578be804a15b9c4be4b6e91eedf48,018d655fe703cb7b56ee34f117429789,delivered,2018-03-19 01:56:52,2018-03-20 03:35:34,2018-03-27 00:40:50,2018-05-14 11:04:04,2018-04-05 00:00:00
a4b41e795041ff5fb997f1049944e429,ed2a7f574615de8b297e0074f836eefd,delivered,2018-04-23 17:23:41,2018-04-24 19:10:15,2018-04-25 14:07:00,2018-04-27 20:03:31,2018-05-11 00:00:00
7acbc8bb8732b4dddbfb1d61a8f13b64,cf999f5ef28f9efbf5c601b02b79b8a4,delivered,2017-09-03 14:14:40,2017-09-03 14:25:13,2017-09-05 23:04:19,2017-09-13 18:52:01,2017-09-26 00:00:00
cfec583bec70f00c3a46676a88937f22,6a2fc863c33f70f985dc83ad2233acc9,delivered,2018-06-06 11:36:48,2018-06-08 02:56:05,2018-06-21 14:21:00,2018-06-25 23:32:02,2018-07-20 00:00:00
a294a9571b11828c875657e7ea6d9a9b,22adc2c76364a3db4bad7f96ff956e4c,delivered,2017-10-22 13:43:43,2017-10-22 13:56:22,2017-10-24 18:35:34,2017-10-27 17:42:53,2017-11-16 00:00:00
dbc1e94476603bd8b5058d90842f2eb1,76eab67889e52d7c8c29a0d91bf1a1db,delivered,2018-03-15 08:29:03,2018-03-15 08:49:34,2018-03-19 21:27:26,2018-04-02 17:49:32,2018-04-04 00:00:00
e9ceeecaa2923bd7ba1ffa607fb0f9fe,ae54e45e35489f5a8ff80637b1d40818,delivered,2018-04-23 11:32:15,2018-04-24 18:59:12,2018-04-26 14:57:00,2018-05-03 17:10:36,2018-05-21 00:00:00
919c91917a79609e73d44e1b01df6bd8,9d968251bfa588e8b8eca8cf0fd64af4,delivered,2017-09-20 13:46:04,2017-09-20 13:55:16,2017-09-21 18:55:05,2017-09-22 13:45:14,2017-10-05 00:00:00
bb0d948ef00e3ece9ae9b9e80264efe9,8b7edbb7af0a9b47aa2b2eb95bde94ad,delivered,2018-02-06 06:32:53,2018-02-06 06:49:20,2018-02-07 00:52:03,2018-02-07 15:16:41,2018-02-22 00:00:00
57c81c283a192e74b48c36108ad73101,8873f5a110faa2254cef34b78aad69b7,delivered,2018-07-15 18:25:18,2018-07-15 18:43:53,2018-07-17 14:27:00,2018-07-20 17:18:40,2018-08-01 00:00:00
7269605c7dd42e8f5b8818e2206f7fb2,09d2b0f3a7f77a37f535a89bcb22bd31,delivered,2018-05-23 19:38:05,2018-05-23 19:55:44,2018-05-24 11:19:00,2018-06-09 12:38:37,2018-06-25 00:00:00
b08f744110f2ee72a38a3ef7a9a3fdc7,87fd72ce15086b3ccfc1c40050b5a033,delivered,2018-06-29 09:43:47,2018-06-30 02:52:27,2018-07-03 16:00:00,2018-07-05 21:56:29,2018-07-16 00:00:00
598ec4891be0ab0e8c107105b43e2944,0eb34c347c6e0b9b96ec7360e1b0acf7,delivered,2017-03-28 10:32:45,2017-03-28 10:32:45,2017-04-12 15:35:53,2017-04-27 05:53:24,2017-04-19 00:00:00
25b6ae31ba1a3067f78230921e80422d,7c46692bd4a1975007f0f01b73bf3169,delivered,2018-01-20 13:16:10,2018-01-22 13:49:24,2018-01-23 20:51:43,2018-01-26 19:50:08,2018-02-06 00:00:00
da755d3951cfe68afca1b5aeddac7d81,268472113a4975b638852af88b0253f3,delivered,2017-02-13 14:53:32,2017-02-15 02:50:19,2017-02-15 10:32:50,2017-03-02 16:23:14,2017-03-24 00:00:00
4dfe63cb6237de0624ec0183a74b57e6,41db6f41c726aa7d57947b56d060907d,delivered,2018-05-21 14:27:32,2018-05-21 16:14:22,2018-05-22 13:03:00,2018-06-05 18:03:49,2018-06-07 00:00:00
28f004902453ef50891cc5871ff07c2b,663ab0d29085cdd420756d97a1957e80,delivered,2018-03-24 17:23:02,2018-03-24 17:30:57,2018-03-30 00:40:29,2018-04-20 20:12:26,2018-04-18 00:00:00
b67e88a088df905cb07564cd720a9711,b408e86f1975f2dd2cd34506f0b33329,delivered,2018-05-05 09:46:42,2018-05-05 10:13:54,2018-05-07 13:23:00,2018-05-23 18:27:23,2018-07-02 00:00:00
9e1eb2170f4c8e9d84e10294dd70cae8,95e8963c827b2a4141366fa10ea8ac59,delivered,2017-12-10 18:29:59,2017-12-10 18:50:07,2017-12-13 01:16:48,2018-01-03 20:07:47,2018-01-08 00:00:00
7bdefc5deecbdd28629a32451fef120d,23b672646bb77ec71ce0c7f3161bd131,delivered,2017-11-24 11:11:58,2017-11-24 13:14:01,2017-11-27 19:05:45,2017-12-11 15:14:21,2017-12-19 00:00:00
6701aa5b4bfd2579fa419b7915d3daeb,eb971df7615acc2a1567e68335ff7c9d,delivered,2017-10-14 14:40:07,2017-10-14 14:56:14,2017-10-16 21:02:38,2017-10-20 21:56:23,2017-11-01 00:00:00
ecd05a067963a5b65651b89dcfda9995,b44d98adfa0a51737b0cf5e4c2bf46e6,delivered,2018-01-10 12:05:55,2018-01-11 02:38:31,2018-01-11 17:53:08,2018-01-19 01:42:20,2018-02-02 00:00:00
a9411a80b515013f1cd3c7ca3d585433,4d2458e75c52df5f04690b4726d9b10d,delivered,2017-08-03 08:40:25,2017-08-03 08:50:13,2017-08-03 20:17:51,2017-08-09 20:17:59,2017-08-25 00:00:00
4294d6c2b09c5f2438c01b11c91ff7a8,fbfb33cc34116ccf95b043f7cd31c692,delivered,2018-06-10 13:42:58,2018-06-10 13:55:13,2018-06-11 13:03:00,2018-07-02 12:41:37,2018-07-16 00:00:00
d4b074982e39f354c254a6b1b4ffaf55,38c065dd14cbafda79cfd115e4170b05,delivered,2018-06-01 16:28:36,2018-06-02 09:35:19,2018-06-04 10:47:00,2018-06-08 19:06:55,2018-07-12 00:00:00
96db898bf1c13a61801fe37a01cb2f93,075e2cdf8ec3c752a288b2b8eaacafa2,delivered,2017-06-09 17:57:39,2017-06-09 18:10:20,2017-06-12 14:15:52,2017-06-16 15:04:44,2017-06-30 00:00:00
73c39370b3a653a0b62ddcf5266b64ae,4a2e409c2c7acc33b3e9f114f689043b,delivered,2018-04-23 08:18:09,2018-04-24 19:00:43,2018-04-24 20:44:20,2018-04-25 21:33:28,2018-05-14 00:00:00
3ee9bd56fcb90ab8b29de6387760b666,d1331e1eacc0e2a1f9bba705c6dfead4,delivered,2018-02-15 18:49:42,2018-02-16 18:46:46,2018-02-19 20:44:50,2018-02-27 23:25:29,2018-03-07 00:00:00
abc3e842e38ace4030133da4ebd501f5,4a90fdde2427bd29fa32a6433fe2153c,delivered,2017-09-20 01:27:34,2017-09-20 20:35:11,2017-09-26 17:53:53,2017-09-27 22:08:59,2017-10-11 00:00:00
53de6ea93af62b738a4db248255fd504,c2e3e1fe1f1aed8b4166ef1f6fcc5115,delivered,2018-08-12 22:30:37,2018-08-12 22:45:11,2018-08-13 12:18:00,2018-08-14 19:09:24,2018-08-17 00:00:00
fb05bae62b1f6faea0f1215c3a4601bf,645f1c149377314d10ff32039afa7b14,delivered,2017-06-19 15:58:03,2017-06-20 10:55:22,2017-06-20 11:56:51,2017-06-27 15:42:52,2017-07-13 00:00:00
c1d75bdfe29637c6398ecda7c9171037,47fd7f0dc81043bb0bf88af704217657,delivered,2017-12-12 16:44:48,2017-12-14 16:38:28,2017-12-15 18:19:16,2017-12-26 16:19:28,2018-01-05 00:00:00
a6293448ebbf9191af6c604f00620e87,5f945bdc0f77be46bee11bb1cb524b10,delivered,2017-06-18 20:31:37,2017-06-18 20:42:52,2017-06-19 18:42:36,2017-06-28 14:42:11,2017-07-13 00:00:00
a1a11a4a2c9a4745ef09bc18e053b51a,797472460f0cedec7cf30016d1304f63,delivered,2018-05-27 16:26:55,2018-05-28 16:35:55,2018-05-29 14:24:00,2018-06-08 18:07:58,2018-06-21 00:00:00
38ad398ccb6f45911c35e8625cb68087,2e0a5105023223e3adfa0a30db67f80c,delivered,2018-07-04 18:37:46,2018-07-05 18:35:19,2018-07-06 11:12:00,2018-07-10 23:18:54,2018-07-25 00:00:00
a8afd16f413cdc294b7f9498e2ff667c,16dbf83dc2046146262f6f04588da0b0,delivered,2018-03-23 11:21:40,2018-03-23 11:30:37,2018-03-28 20:57:10,2018-04-07 01:04:02,2018-04-17 00:00:00
fc3eb1dcbbc011d4693b4efc280fc462,8ead9cc614e48a395252b1825a9bbe71,delivered,2017-09-30 02:38:39,2017-09-30 02:56:07,2017-10-02 20:49:59,2017-10-05 21:35:53,2017-10-25 00:00:00
111e8cdb5890a7e3beae3e717737ca51,211558da2c2cdbbd6c45a9df249997f3,delivered,2017-10-31 10:16:22,2017-11-01 12:30:27,2017-11-08 21:26:29,2017-11-20 11:47:28,2017-11-14 00:00:00
164e1bd75353e367ce8141ccd61d1ff5,254e4f0b03dd230f4cd169450f4b1ddb,delivered,2018-02-14 15:24:55,2018-02-15 15:15:37,2018-02-16 18:50:56,2018-03-07 22:03:45,2018-03-12 00:00:00
9868f5a30b6f4fcd1ada68cdb1e5bf5d,de09bfdbd1d88152a4333a4b172bdc27,delivered,2018-05-17 15:33:38,2018-05-18 00:37:40,2018-05-18 10:13:00,2018-05-23 10:11:28,2018-06-01 00:00:00
46187163a72a66be74e80f184c79226e,b1558995665e3eb6bd8602064b17ec24,delivered,2017-09-25 10:08:28,2017-09-25 10:26:19,2017-09-26 22:47:31,2017-10-06 17:48:00,2017-10-10 00:00:00
b73bbac6285251dbf2dd01842e0ce0de,b97669f12cafebbe9441bf4af0a8fe2a,delivered,2018-01-10 13:10:09,2018-01-10 13:18:19,2018-01-11 18:34:14,2018-02-26 21:07:44,2018-01-24 00:00:00
4a8282603a79261a20695480745da4c3,d10364784b2595e87fbe4dac505d9fc1,delivered,2018-03-27 10:51:08,2018-03-28 02:55:21,2018-03-28 19:16:45,2018-04-03 21:51:01,2018-04-13 00:00:00
ea2d31e30ceb1d603ab8db32ab4404dc,3d8e9316108187a2260a005f1f99cd13,delivered,2017-03-04 13:47:57,2017-03-04 14:03:39,2017-03-06 12:48:03,2017-03-08 15:19:08,2017-03-24 00:00:00
2cb099a54d7344bfd05b445214be4e7f,075ab615207ab1a9425b22157f9a0941,delivered,2017-07-30 11:43:38,2017-07-30 11:55:18,2017-07-31 20:01:22,2017-08-03 17:11:40,2017-08-21 00:00:00
19fe524e33bd6bfd1f1259677f5ae634,caab150fe6db5108c0e3e3289041c35c,delivered,2018-03-15 09:15:08,2018-03-15 09:29:44,2018-03-15 20:56:31,2018-03-21 21:21:48,2018-04-11 00:00:00
ea764419097374269907e79452553f51,37e0c8670f74e2b2ae814f778d182024,delivered,2017-08-20 17:37:00,2017-08-20 17:50:20,2017-08-22 18:43:07,2017-08-23 13:33:53,2017-09-01 00:00:00
a18c79818d51b52442c98a61634c558a,1de595522022ac1c1c7561673a6d71ef,delivered,2018-03-07 17:35:31,2018-03-07 17:55:26,2018-03-15 22:58:28,2018-03-16 23:08:47,2018-03-23 00:00:00
020f64bdb28111d057f49277da918771,5f34e2c2466a63ed9257b5925326292a,delivered,2018-06-09 09:33:47,2018-06-09 09:52:03,2018-06-11 14:31:00,2018-06-13 21:26:23,2018-06-25 00:00:00
2d893645a0ed6af2455f026ee2bd15d1,fc40066121281a5e32c5a0403292869b,delivered,2017-12-17 19:20:00,2017-12-17 19:34:21,2017-12-18 17:19:19,2017-12-19 22:48:50,2018-01-05 00:00:00
7bff8d75c2707a1b707a85ca98238f71,e65c3dccb4b03ebf40803b5071c5103f,delivered,2017-06-28 19:33:24,2017-06-28 19:50:11,2017-06-29 14:55:58,2017-07-07 20:45:27,2017-07-20 00:00:00
10c5eb3ea9a23055a311c44022b574eb,573dc06cd01ce38087680e66d886a1c0,delivered,2018-01-31 09:21:15,2018-02-01 03:12:41,2018-03-14 21:37:26,2018-03-19 21:44:33,2018-02-16 00:00:00
762e4a2e910d175a0fdabd749ae55d5a,21f420baf5412d045b0131e6a6960cbc,delivered,2017-11-24 21:05:51,2017-11-25 00:16:31,2017-12-05 00:56:12,2017-12-06 22:10:29,2017-12-14 00:00:00
56d0a27ec26d1644336aff1ec939c089,e67ac2332eeb7aa6035f6f29d5c41c8e,delivered,2017-11-28 18:53:52,2017-11-28 19:53:26,2017-11-29 16:14:41,2017-12-07 20:21:30,2017-12-21 00:00:00
28ff0422d12a02fb62ae4c9f9e9317f3,39107f08b7d90d53c4b81a91befb0619,delivered,2018-03-05 06:24:49,2018-03-05 06:35:33,2018-03-05 23:48:42,2018-04-12 16:26:37,2018-03-23 00:00:00
63e62b997942e4c16bef7802caed1d45,8a71b1384d72c9f217bc6754e243714f,delivered,2018-07-20 10:38:30,2018-07-20 10:50:15,2018-07-26 11:30:00,2018-07-31 19:52:03,2018-08-16 00:00:00
9dc6746a8f29fafaa637f2239a9f3d28,33e655dd86058bc865f1f3d9fa5912aa,delivered,2017-01-25 20:11:36,2017-01-25 20:25:13,2017-01-26 11:38:10,2017-02-01 12:32:33,2017-03-14 00:00:00
e033b92740c7c25bcd01a8bf92a51f32,313e047c933cb0948cbf6175ef3def6f,delivered,2018-04-13 04:30:54,2018-04-13 04:50:53,2018-04-13 17:48:45,2018-04-20 00:06:29,2018-05-21 00:00:00
a0b8f13c91b9146c82011103d204d04f,5a68b16871dde7543d30d9f37e61a5fc,delivered,2017-04-09 21:07:55,2017-04-11 17:02:42,2017-04-12 12:39:59,2017-04-27 13:22:53,2017-05-04 00:00:00
2809bdc4f077fc190944ffc2e5c27adb,1ad559496181fd1182beb52b9a8252f9,delivered,2018-08-08 11:16:54,2018-08-08 11:30:15,2018-08-09 13:51:00,2018-08-17 12:28:50,2018-09-04 00:00:00
8eadc965ed4d6b12b39991aeeb09cd63,554cdc442d3a142d8e836643d5713293,delivered,2018-06-13 10:42:08,2018-06-14 02:17:19,2018-06-14 14:19:00,2018-06-20 20:03:36,2018-07-11 00:00:00
bc107b9b5508d2356f663898c2eb1d8b,053c167415eb05d031067db2b288475a,delivered,2017-09-04 08:56:30,2017-09-04 09:05:17,2017-09-06 13:22:57,2017-10-01 15:03:11,2017-09-29 00:00:00
f73ab50571ad3fb480ad37ed740a929b,f37d1f456e7b5329d33210c0e8eb6ce0,delivered,2017-10-05 21:05:03,2017-10-05 21:15:16,2017-10-06 21:22:18,2017-10-19 18:52:01,2017-11-01 00:00:00
527e7490ba8ede88db23aff0f080f5a7,5361c1b04541fb86bdb86deb42bf9d93,delivered,2018-05-14 13:39:54,2018-05-14 13:57:03,2018-05-15 08:56:00,2018-05-21 17:58:17,2018-06-07 00:00:00
df30936d84a3371e34e3180c4fa953e3,fc0e6180c5d60b629b219148100e49b5,delivered,2017-12-07 09:10:00,2017-12-07 09:17:27,2017-12-08 23:51:57,2017-12-28 18:39:03,2018-01-05 00:00:00
168098b366e2b3274e4e458f478ac9ba,4ab661c666d14b2b8e1e2dc0986bd23f,delivered,2017-09-08 15:32:40,2017-09-09 05:04:09,2017-09-12 12:45:56,2017-09-13 21:20:07,2017-09-22 00:00:00
13915b8e35e0ca97dcbdf2cffe7233c5,7b0d41e836e8a4abe1293a322995251a,delivered,2017-06-27 11:33:59,2017-06-27 12:35:35,2017-06-27 15:42:12,2017-07-05 11:22:50,2017-07-19 00:00:00
3b715ecd6add927d4a2634e826487231,39bd8e55db1538f5b3c2e9c53a437fd8,delivered,2017-08-14 15:52:27,2017-08-14 16:10:09,2017-08-17 23:57:32,2017-08-31 21:03:22,2017-09-13 00:00:00
bd772752df70fa0a00d2e0854285e419,09bd9c343926f0210c6a4dd9226c9246,delivered,2018-07-21 22:28:18,2018-07-21 22:44:01,2018-07-27 15:38:00,2018-07-30 14:51:07,2018-08-06 00:00:00
44ed09232a24ad29cf2457b2780e806b,2b8784fee7592d8c11a970f175cb5d71,delivered,2017-01-26 22:44:11,2017-01-26 22:55:10,2017-01-31 14:06:00,2017-02-08 08:09:06,2017-03-10 00:00:00
efd5eba320d140f8659440d74a81fc90,08c57266985b0f9bda94720351457be4,delivered,2018-04-30 20:10:07,2018-05-02 09:33:10,2018-05-02 13:42:00,2018-05-07 21:42:32,2018-05-17 00:00:00
854f58d1737ef431b98a28f2149a7125,3e2fcf7ce0b60002777a836132650175,delivered,2017-12-04 23:42:05,2017-12-05 10:30:51,2017-12-06 13:13:40,2017-12-07 19:18:39,2017-12-20 00:00:00
6acf90c38bdd8b8c40950b821624787e,2f7001da9e597c4b707313a341a20614,delivered,2017-07-20 20:51:21,2017-07-20 21:05:16,2017-07-24 18:53:30,2017-08-03 01:27:40,2017-08-28 00:00:00
a93b122106fb3a1e62510b02010af8d2,d9f57c5a009cd22a41f3483ee6c71674,delivered,2018-07-13 11:52:06,2018-07-13 12:05:12,2018-07-13 15:29:00,2018-07-24 17:27:48,2018-07-30 00:00:00
35ae4b5e235b60c40502a1a5cab8f2c3,4d24fe94ae4785cfb2ccc99c7e6e310b,delivered,2017-07-11 11:12:29,2017-07-11 11:24:06,2017-07-11 15:44:51,2017-07-18 21:28:45,2017-08-02 00:00:00
b0cd372b41f6018f304af6f43ae39a23,ec4765cbacb56a164019e928c3a0c834,delivered,2017-12-04 17:38:37,2017-12-05 04:19:22,2017-12-07 21:23:15,2017-12-16 11:29:24,2017-12-27 00:00:00
aa58786ae7761db159be7c5bd27ee68a,1a83cc1e059cf017a5ade42677a76ed7,delivered,2017-11-06 22:22:10,2017-11-07 05:32:22,2017-11-08 21:37:49,2017-11-13 16:58:40,2017-11-24 00:00:00
774c56b5c1305e0dc2a79ad46e118ba4,19c2e64ae0627dcce8b6fbf34face85c,delivered,2018-07-09 12:01:40,2018-07-11 03:30:19,2018-07-11 13:59:00,2018-07-14 17:41:35,2018-08-07 00:00:00
17cdd5bdc8a431a301cfc6915f8e8a27,d3444e5563cb966068d6fdb0cbfa2d45,delivered,2018-03-07 19:56:52,2018-03-09 03:00:30,2018-03-09 23:46:46,2018-03-22 17:32:46,2018-04-02 00:00:00
a400e99b42e3460776a919c62fd5c246,6f01ef2245b9b2463f36b1881c9df3ba,delivered,2018-04-06 16:26:28,2018-04-07 02:48:25,2018-04-09 21:41:06,2018-04-20 21:19:13,2018-05-02 00:00:00
b5874324518a48132da83d062f675fb3,5d53ff4379fe5b9f2d798ad420f65bc7,delivered,2018-01-18 23:01:45,2018-01-18 23:16:42,2018-01-23 21:58:49,2018-01-25 17:49:21,2018-02-02 00:00:00
7b214cd39f1ef2aaeb78dbbffc63439d,32d164f9b065fd307afa5c7ed124c607,delivered,2018-04-19 14:36:02,2018-04-19 14:55:58,2018-04-20 18:48:22,2018-04-25 17:18:41,2018-05-14 00:00:00
2f7629415fce83aab452e69eda981a49,96af3e260a7136cb9913991dddd326aa,delivered,2017-04-27 23:45:38,2017-04-28 11:43:24,2017-04-28 10:52:58,2017-05-04 15:09:15,2017-05-26 00:00:00
ce19416583ee035a7a8097db2c53f98c,1312052710d8669c61d9d6d07f5664c3,delivered,2017-09-08 08:03:25,2017-09-08 08:15:14,2017-09-11 13:11:11,2017-09-12 20:21:53,2017-09-20 00:00:00
5f6d87cba75a5d049c4c35c38cfc0915,6d460dff8496ee4d03a5b01e4deee436,delivered,2018-03-14 22:57:55,2018-03-15 09:29:46,2018-03-16 23:25:28,2018-04-04 22:08:33,2018-04-05 00:00:00
d3a84031db6c5de813d5a3a3489712ca,a5bda6def3f77258ca2027b7d4a384e9,delivered,2016-10-09 23:25:13,2016-10-10 11:03:08,2016-10-14 11:03:10,2016-10-14 11:03:10,2016-11-30 00:00:00
f1ff54491e3729e182eb5a21cb6792a7,1b41d790199fe9459f3241735c0ccf30,delivered,2018-03-26 10:08:17,2018-03-27 04:10:23,2018-03-28 04:03:54,2018-04-02 21:52:02,2018-04-06 00:00:00
b664b3e09fd91f223359961e284bee21,69fdad6a22e2f768d0e0e97da37a9cd6,delivered,2017-11-19 16:38:23,2017-11-19 16:50:27,2017-11-23 00:00:27,2017-12-01 22:38:29,2017-12-14 00:00:00
798c01f3a7c277a170c5a669935fb85b,378bdab88fcf7182b0d5c82dd755c3d4,delivered,2017-04-11 20:22:44,2017-04-12 02:45:51,2017-04-12 11:51:39,2017-04-20 09:06:25,2017-05-05 00:00:00
7290e03d6a5cc768ab757e2b9c699829,578ad9c8acd6e2211e15dc44c5f7c40b,delivered,2017-08-13 13:12:33,2017-08-13 13:25:13,2017-08-18 19:09:44,2017-09-01 23:05:15,2017-09-05 00:00:00
a300448deabccb27ee1eb60ca3d2164b,e09ec3a1c4e873153d85eb53c411553b,delivered,2018-03-12 20:22:36,2018-03-12 20:35:36,2018-03-16 19:45:03,2018-04-07 01:12:04,2018-04-03 00:00:00
22761d4348c7b25a9597938295f16fc2,6e5b9e7e683abb26f755c84bfd6b23de,delivered,2017-10-12 21:31:13,2017-10-12 21:49:14,2017-10-19 22:43:38,2017-10-26 19:54:05,2017-11-09 00:00:00
20ce857482318a94142a0276fc72b4ad,13b91579bcc8c9cf1bc5d2f1894b2392,delivered,2017-03-16 16:41:46,2017-03-16 16:41:46,2017-03-17 10:05:23,2017-03-22 11:58:10,2017-04-06 00:00:00
443038d9ed6b74bc4f7bfa679ce81bf1,f9efa1e08ec36a3bd42cdeb68995af0b,delivered,2018-02-24 21:26:42,2018-02-24 22:00:22,2018-03-05 20:33:19,2018-05-07 22:31:53,2018-04-05 00:00:00
d94e6700f8e40beffff545fc565e0085,ebed87199022e2d806ec4f364f6e1fa7,delivered,2018-03-24 12:46:20,2018-03-27 04:08:11,2018-03-27 18:28:26,2018-04-03 22:14:32,2018-04-18 00:00:00
6fd84385eb8cc236a04124b75069108b,a138369d126207f72fbe34d787516731,delivered,2018-08-13 20:49:18,2018-08-13 21:04:24,2018-08-16 14:16:00,2018-08-21 16:32:01,2018-09-11 00:00:00
e7867b5ca3daf3a407198e08f3755781,0bb74a467a1245f6b6b53a78b72e35a3,delivered,2017-05-09 08:38:27,2017-05-11 04:15:17,2017-05-16 12:18:11,2017-05-23 13:31:13,2017-06-07 00:00:00
cf3168b098b5c3298f9b6af894f24b04,3411fc68c6539c73daf6c0e431297452,delivered,2017-06-12 17:00:46,2017-06-12 17:15:17,2017-06-14 09:58:38,2017-06-28 13:41:06,2017-07-05 00:00:00
34d82f4151e44252dd9f198df3dc066d,9525b9a89283be187562d4cf366bc07b,delivered,2017-11-16 16:19:15,2017-11-17 04:06:25,2017-11-17 15:24:48,2017-11-22 22:36:51,2017-12-06 00:00:00
0942763b4318676d85b3185d80f57cd3,aff091d3610e27f6a5354d603830e328,delivered,2017-09-14 14:40:08,2017-09-14 14:50:07,2017-09-15 21:33:07,2017-10-10 23:33:03,2017-10-05 00:00:00
b193426dd45799c2a1cc23c38ed11c5c,cbc2f0e13f49a38c7c01710a38c90a38,delivered,2018-03-28 15:00:35,2018-03-28 15:10:19,2018-04-02 21:32:25,2018-04-03 23:12:24,2018-04-10 00:00:00
6813f213a0d422a84a0e231bffc5fda8,7d8fc5d1f066bc73c68e6c207878c1b4,delivered,2017-11-25 02:14:10,2017-11-25 02:54:28,2017-11-28 17:59:05,2017-12-04 16:58:57,2017-12-19 00:00:00
9827d07ad9392a9fff10d7b9f6c05f7e,0beba8a16f9047a73075e82b17892256,delivered,2018-01-31 15:56:09,2018-02-01 15:50:43,2018-02-03 14:44:45,2018-02-08 18:18:34,2018-02-23 00:00:00
0d0550283e8fdb69adf5fc7f48c260a3,7202111424af2da450c72b5a3a79b811,delivered,2018-05-04 09:01:57,2018-05-04 09:12:46,2018-05-07 11:00:00,2018-05-14 22:56:38,2018-05-28 00:00:00
f7a5aaacd33d456c519fe9934602f152,f8fe77113f821745126f9175bbe464e2,delivered,2018-02-28 18:23:29,2018-02-28 18:30:32,2018-03-08 18:27:32,2018-03-14 18:32:37,2018-03-19 00:00:00
e6ba7ef3fa398a176291132b06cd519e,b7a4690ba0bc91f249bb7fd25b3be748,delivered,2017-01-27 16:21:48,2017-01-27 17:32:11,2017-01-31 17:18:02,2017-02-10 09:34:01,2017-03-17 00:00:00
0518657f142278ad13d645c6b5b0a669,544b2f3a716fad7a3a4fa19ec23b409d,delivered,2017-10-20 12:57:34,2017-10-23 08:49:13,2017-10-23 22:21:56,2017-10-31 15:36:54,2017-11-14 00:00:00
d36acfa4bc85e54fc27dd9d1cbc8208b,eb8c5a8663c23a6ff923296ca3a1f245,delivered,2017-03-20 19:18:20,2017-03-20 19:18:20,2017-03-21 08:07:45,2017-04-04 15:07:34,2017-04-10 00:00:00
712c9e2527b759ff2e6cd24a05af51ca,5073c3e8b8a6a25283d8b0072c0c3ca8,delivered,2018-03-02 15:52:48,2018-03-02 16:10:39,2018-03-05 19:42:46,2018-03-16 18:14:28,2018-03-23 00:00:00
1eb552eebf9bfb861ee5b1345cfb9f4e,87823ad51768a207c963b69eb27d4e4a,delivered,2017-05-10 20:32:57,2017-05-12 02:50:44,2017-05-12 09:57:54,2017-05-15 11:33:48,2017-05-18 00:00:00
b98e145c0cd94f225072aa0e619d5d8f,f9f966080fcd27a49a13c4d29016a309,delivered,2017-12-13 23:56:00,2017-12-15 23:51:44,2017-12-18 19:09:14,2017-12-26 18:29:42,2018-01-09 00:00:00
a6c258c89be1621b6e7c2bd85b4c866d,669a87ed9830ed7d79b3a22210a1a52d,delivered,2018-04-26 08:13:16,2018-04-26 08:32:43,2018-04-27 14:20:00,2018-05-08 22:51:35,2018-05-11 00:00:00
4187eb76c2b3b265e55590002bd353bd,77a93cfc017f4052c2142bee27a12e2c,delivered,2017-08-30 17:50:54,2017-08-30 18:07:49,2017-08-31 19:24:29,2017-09-13 19:04:55,2017-09-12 00:00:00
bb04237dd8964e0983c1d0bc623dcfeb,8d7f8d52118558f4c05875c0147aa4ff,delivered,2018-08-06 11:19:54,2018-08-07 11:15:20,2018-08-24 15:05:00,2018-08-28 19:30:47,2018-08-24 00:00:00
d643b90035abc9dd9c5dccfa857bb12c,d08db996b93fd8da923b9be7e886a5a4,delivered,2017-07-13 23:29:38,2017-07-13 23:45:11,2017-07-14 18:43:29,2017-07-26 17:43:34,2017-08-07 00:00:00
5c39ea77aeff2cf75f3eb07b78d3c13c,f4e2f1855c0e113576f8f9ac3fa2bab8,delivered,2018-06-04 20:47:30,2018-06-04 21:12:41,2018-06-05 13:05:00,2018-06-15 17:46:27,2018-07-17 00:00:00
ea0cb0894c6a659d699bb55245922682,93e4405615f00d806d56b5a9f50516a0,delivered,2018-01-08 16:22:39,2018-01-08 16:33:30,2018-01-09 17:04:48,2018-01-10 19:49:07,2018-01-24 00:00:00
61fb2aed86c91b61373a6d410b30a860,e540d2a7d8f2f8c1bab4b66234baf0be,delivered,2018-05-03 20:26:55,2018-05-04 15:10:22,2018-05-07 16:16:00,2018-05-16 17:56:51,2018-05-30 00:00:00
9bfcc088220bc74e76f4341292d16d76,dcca84c6ee50ed26d11e22d233149d20,delivered,2018-02-19 20:41:32,2018-02-20 07:27:05,2018-02-21 21:16:59,2018-03-07 01:04:20,2018-03-05 00:00:00
9d704d006740088d815b14ccb103c4bd,d25f7f88b70fbb89645f64ad62135049,delivered,2018-04-09 20:34:20,2018-04-09 20:51:14,2018-04-10 17:48:23,2018-04-16 17:13:04,2018-05-04 00:00:00
385bc274c4cbac59c0bb866c770588dc,0b61b5af3f45e32d2fba77c80abc3eba,delivered,2017-05-10 11:50:41,2017-05-10 12:34:05,2017-05-10 12:41:09,2017-05-15 11:09:54,2017-05-18 00:00:00
a2170cb2f7d51530c5190dd418a448e0,09fee363c49da6146b7d88e34002eed3,delivered,2017-11-02 12:01:26,2017-11-02 12:15:21,2017-11-08 19:33:14,2017-11-13 19:28:47,2017-11-28 00:00:00
a5d11ae16578088b0fcd76de30368bdb,9c5d7103954595e173781530b10d02e4,delivered,2018-03-15 16:56:41,2018-03-15 17:15:45,2018-03-17 00:24:22,2018-04-21 14:17:30,2018-04-05 00:00:00
46d8abc321ff81d200796807e1088fab,84600d1be5dd7861fecaa252a5f3be90,delivered,2017-12-26 11:47:03,2017-12-26 11:54:28,2017-12-28 19:38:20,2018-01-08 20:16:30,2018-01-19 00:00:00
5573c35c52d8dc509a11bb0ef66eb409,caebda8f22b128797e51f0badfd72783,delivered,2018-01-13 21:27:59,2018-01-13 21:49:15,2018-01-20 00:04:27,2018-02-07 20:48:33,2018-02-21 00:00:00
e1128622c7f0329d26b10007c562e1a5,80c01c4b8716e9936643c5f68300dddc,delivered,2017-07-26 17:19:40,2017-07-26 17:35:08,2017-07-28 10:35:53,2017-08-04 19:07:54,2017-08-17 00:00:00
db2dee8ce25524ad8374fa6d1b11849b,585c5fd91de9a68ca00f9d7cb63dd254,delivered,2017-04-05 15:45:38,2017-04-06 15:55:18,2017-04-10 08:39:46,2017-05-13 11:41:19,2017-05-03 00:00:00
0d81b558b6850a09217709e88893da34,9ec9788e0e4087d5800ab80e3f67b3f8,delivered,2018-03-11 10:07:19,2018-03-11 10:15:29,2018-03-13 20:48:48,2018-04-03 02:32:50,2018-05-02 00:00:00
b3843e9e6a4772e07d679b80b9c32b40,7becb98dbba2f0316bad7e27e690eacf,delivered,2017-04-06 22:30:39,2017-04-06 22:42:36,2017-04-10 18:25:13,2017-04-13 13:34:38,2017-04-27 00:00:00
75f6ded14ff770cff5dab61532421db4,bbf5e98dabf1bdac752afc68f8032bda,delivered,2018-04-03 08:37:21,2018-04-03 08:50:14,2018-04-04 19:28:19,2018-05-07 22:54:47,2018-04-20 00:00:00
73d6d096aaef87398a0321fc1acc5a54,444268cbb72dc57d82ba85089e29a93a,unavailable,2017-10-17 07:49:44,2017-10-17 08:07:12,,,2017-10-27 00:00:00
1c194ae9c77f15138361387f0bc5c921,08d3379b2b836a4301e02155fa2e294e,delivered,2017-08-15 07:45:42,2017-08-16 03:24:55,2017-08-16 17:48:46,2017-08-26 13:23:46,2017-09-06 00:00:00
e039f5e97da2cafaa001b4be0efa36ea,4200397cebae27f5becd25dc019f0fe6,delivered,2017-11-26 10:19:20,2017-11-26 10:35:56,2017-11-27 18:53:15,2018-01-04 16:58:51,2017-12-18 00:00:00
668bd274654d22b8a64cb4b16eb04661,d0806e4f0403e683fb752810c6f1d175,delivered,2017-11-13 13:10:40,2017-11-15 02:46:47,2017-11-16 17:41:49,2017-11-17 16:36:38,2017-11-27 00:00:00
e5d5cc62d5d1e1a4e31d7e581247de3d,c7f43a392f5fe1f7d34dfa8a57cd4e92,delivered,2018-02-27 22:33:03,2018-02-28 22:30:23,2018-03-02 00:03:42,2018-03-23 18:14:44,2018-03-19 00:00:00
28e6901de8c43147d25ccab786c3f640,d1c029acee3fa9a337e01a3f8e720c84,delivered,2018-05-13 20:22:00,2018-05-14 20:37:42,2018-05-15 15:54:00,2018-05-18 17:37:21,2018-06-06 00:00:00
d23fbf0412fd632a83af7dbd5cb2e948,64376a0d09e0d09355f7a26c3c43c4dd,delivered,2017-07-21 18:01:10,2017-07-21 18:15:15,2017-07-27 13:46:26,2017-07-31 19:06:39,2017-08-09 00:00:00
032bc75236a1cbaf410bb596a509e774,a0ba6852184c70cbee04bed3909bf011,delivered,2017-01-20 22:18:06,2017-01-20 22:25:17,2017-01-23 09:03:46,2017-01-30 18:35:00,2017-02-16 00:00:00
2c909dcd674aa5bc39eb0841b7b8484b,8039f8288f456b82f0c97e6063d003be,delivered,2017-10-02 17:39:25,2017-10-02 17:49:34,2017-10-06 23:38:50,2017-10-18 21:53:41,2017-11-03 00:00:00
5bd1a9bce151c7b6f014c44d3bd1dd08,281593606d1823b2ebfd98467873cb1d,delivered,2018-06-27 11:22:28,2018-06-27 11:35:13,2018-06-28 13:08:00,2018-07-09 19:13:49,2018-08-03 00:00:00
64dd971db884055dffb6e94214b130ba,704e34ec238dd95df918c1e72f9d5c2a,delivered,2018-06-11 18:34:39,2018-06-11 19:01:56,2018-06-12 11:11:00,2018-06-22 00:17:40,2018-07-13 00:00:00
6cf9278559172d523d1fbcf08988418c,c3e90d8bbcb4c24eb869cbfadf8d4ab3,delivered,2018-08-05 14:39:32,2018-08-05 14:50:14,2018-08-15 05:41:00,2018-08-28 21:33:02,2018-08-14 00:00:00
a0f9594b2c2253769e88d55a77a469c6,cb8ad7d435f596c86710e3a5ec531294,delivered,2017-03-23 20:06:13,2017-03-23 20:22:31,2017-03-24 12:25:30,2017-03-31 13:49:46,2017-04-20 00:00:00
8394892177e59c9293914e83fe4c4dfe,d8b1047c56cbd858aa50fb5bf85976cf,delivered,2018-06-08 20:40:52,2018-06-09 20:35:13,2018-06-15 16:32:00,2018-06-30 11:54:33,2018-07-23 00:00:00
37041e476c37b61200a863233cf5069a,7879403f50f60335295a3a05a92e3b24,delivered,2017-11-24 23:17:58,2017-11-28 02:58:48,2017-11-29 21:48:37,2017-12-01 16:28:50,2017-12-14 00:00:00
67e135f2451846941b4b1af2dc3241bd,24de7451629c8733b8f5bcc47f0ed4ea,delivered,2017-05-24 13:17:55,2017-05-24 13:30:12,2017-05-25 11:35:44,2017-05-26 08:33:09,2017-06-12 00:00:00
ebb3e66835c25802e7337b9bbf4f0768,aa6190994371836fc1d4596edd827abd,delivered,2017-12-28 21:21:58,2017-12-28 22:32:08,2018-01-02 23:38:39,2018-02-03 00:48:41,2018-01-30 00:00:00
3983bde7a4181560b9558aedf15d49fd,fa305e19e383f4e01fde3e554221cdb8,delivered,2017-11-27 17:46:15,2017-11-27 18:00:18,2017-11-29 00:19:03,2017-11-30 18:22:38,2017-12-11 00:00:00
d016acd5d2c7b6cfa89b282b8d1fd052,e779dd8c124598ef53a375b0a636fbea,delivered,2018-07-08 19:43:08,2018-07-08 19:55:14,2018-07-13 06:43:00,2018-07-23 21:48:44,2018-08-13 00:00:00
459fd897f6e31b9302fffd9ded1c760a,97a7b228391be5784f18b6f7e37f2470,delivered,2017-03-29 18:26:54,2017-03-29 18:42:35,2017-04-03 15:23:02,2017-04-18 06:23:32,2017-04-27 00:00:00
ae28255c7b837ba319c9cbf1dfeeea0d,5a8b64ee6ccdae09ea823e6aa00e9517,delivered,2018-08-14 14:48:11,2018-08-14 15:04:45,2018-08-15 13:31:00,2018-08-20 11:56:43,2018-08-24 00:00:00
574b660575423ea08637ab9393a5a64f,b7ff4b1fadc4584dc3c387adedeaa71c,delivered,2017-09-22 16:23:43,2017-09-23 02:15:44,2017-09-25 19:28:56,2017-10-16 07:38:28,2017-10-26 00:00:00
d2d740a1b76ee640f76fba030363144e,a5aaba3df38fc92cd86da4b9781e1d47,delivered,2018-04-23 11:20:32,2018-04-24 19:17:15,2018-04-25 14:06:00,2018-04-30 16:07:54,2018-05-21 00:00:00
a9c7a663695a09a7b9b9bf94bbd01121,bd7c369fc94a4b21dfd069c147e85620,delivered,2018-01-17 18:06:45,2018-01-17 18:19:21,2018-01-18 23:08:50,2018-01-25 18:42:47,2018-02-15 00:00:00
0558d3449b449e4da4a5793f542d0785,ce99258e67eef2067b629f94c0f92100,delivered,2018-06-28 22:49:45,2018-06-28 23:11:02,2018-07-04 15:20:00,2018-07-10 21:18:55,2018-07-23 00:00:00
16efc11ccab2e8a17656020f80cd39e3,0a564cb06b5914890ac8f1664ece017e,delivered,2017-12-01 16:13:44,2017-12-05 04:11:45,2017-12-06 01:38:54,2018-02-05 21:08:10,2017-12-27 00:00:00
6c5df19e668b79ccf854d8fd72a105ae,e727269b32ac05dda1a8ac1a8144b288,delivered,2018-05-19 12:42:30,2018-05-19 12:59:52,2018-06-08 13:40:00,2018-06-11 19:42:18,2018-06-07 00:00:00
1d8aaa7ab5a5877605cca6876f13e9b3,3ea4da2f3447247b3d78cfe6c43a637a,delivered,2018-03-29 15:09:18,2018-03-30 03:10:26,2018-04-02 22:08:45,2018-04-10 01:22:50,2018-04-24 00:00:00
00b1861aeb89afa498404c684148a619,b8e531fc27d1abbe69022fc27589b3a1,delivered,2018-08-08 08:18:03,2018-08-08 08:30:14,2018-08-08 15:54:00,2018-08-15 15:12:23,2018-08-24 00:00:00
bdc979bc2bbd601781c4d37fc8a8eeb6,dbc1a1b144802a54bc5b1addffcb8067,delivered,2017-03-01 11:21:58,2017-03-01 11:35:12,2017-03-02 11:35:10,2017-03-06 13:24:48,2017-03-21 00:00:00
99f9ab2a2bb77e5f3fe97496b43b78b9,7e19027e795226f7daa9b9e38e2e6ece,delivered,2017-08-16 17:33:53,2017-08-16 19:04:52,2017-08-18 14:47:59,2017-08-28 19:32:32,2017-09-08 00:00:00
ecc7442000366925655497d9dc353f50,d1eaf632c24a620054e7c57b3f070cfb,delivered,2018-01-17 13:26:00,2018-01-17 13:36:26,2018-01-17 20:53:00,2018-01-25 18:51:33,2018-02-08 00:00:00
51a3d8eaafd0ff4d71132ddaf03740f9,e37796ece2d1ea2a902e59215513a4e2,delivered,2018-07-23 15:19:39,2018-07-23 16:20:28,2018-07-24 14:42:00,2018-07-27 19:21:00,2018-08-06 00:00:00
ad7bbf9e258c09c913e56dcba3433286,3bf822526ed19260365ce453f2271fef,delivered,2017-11-24 10:32:33,2017-11-24 11:51:48,2017-11-29 21:21:14,2017-12-13 19:32:39,2017-12-20 00:00:00
29b6b0b0a55f10481c72d7b53859484e,9eecd42adede3e409cd16754d2682481,delivered,2018-01-04 09:48:56,2018-01-04 10:08:29,2018-01-09 22:25:34,2018-01-24 19:45:45,2018-01-29 00:00:00
4b73f647e26dc08ed1ac8602a80ca3ee,b63ecdc5a25203eecd9401f58c289738,delivered,2017-06-09 18:09:35,2017-06-13 04:15:31,2017-06-13 13:41:51,2017-06-19 14:12:24,2017-07-21 00:00:00
db1f7432d39759d7b2c5b46a2cfaafac,b33dcc7e3646f17181df9dede34e1713,delivered,2018-06-06 15:46:51,2018-06-06 16:33:53,2018-06-07 13:29:00,2018-06-18 21:52:03,2018-07-05 00:00:00
5af80546b286dc85189a2fddf63733a8,699bdfc8a58b4ff2fd55cfad67ac54b8,delivered,2017-10-14 00:15:50,2017-10-14 00:28:26,2017-10-16 14:55:04,2017-10-27 19:09:53,2017-11-01 00:00:00
0a75d2b40c23e608bc7bac42a6c8e508,93a5e793bf8dc1e6cac4e312568ed7a6,delivered,2018-04-01 18:47:50,2018-04-02 18:52:17,2018-04-03 17:08:43,2018-04-20 19:42:52,2018-04-18 00:00:00
96a2b5167187b3cfde60cd245d421132,9e9244c4b7e622b39a13b1824097d976,delivered,2018-05-04 11:55:54,2018-05-05 03:33:44,2018-05-07 15:05:00,2018-05-14 17:48:51,2018-06-05 00:00:00
d9f99a6c65ab8565ad3dfc669d80ba07,b7f1456bd16d1e3e4627323df78cba51,delivered,2017-10-15 17:07:50,2017-10-15 17:56:12,2017-10-16 22:17:05,2017-10-17 22:28:20,2017-11-10 00:00:00
0dbd7242192102a62fc3677d4d42b5a1,9b8ae065f700e052b0c4c89160cbf54b,delivered,2018-08-07 14:02:28,2018-08-08 03:05:48,2018-08-09 06:37:00,2018-08-10 03:48:51,2018-08-14 00:00:00
b0e2da4433a10c624a9f71b187e93915,d34d3389bf81798f3e74dc622b038a95,delivered,2017-05-06 21:55:41,2017-05-07 02:10:12,2017-05-11 15:20:11,2017-05-12 12:52:11,2017-05-19 00:00:00
a41c8759fbe7aab36ea07e038b2d4465,6f989332712d3222b6571b1cf5b835ce,delivered,2016-10-03 21:13:36,2016-10-05 03:11:49,2016-10-25 11:57:59,2016-11-03 10:58:07,2016-11-29 00:00:00
7db96860cb4e02a87c7f0a97c48496d6,7d80457f9d43f875ec46ada37e537372,delivered,2018-05-17 16:36:59,2018-05-18 00:14:41,2018-05-18 14:57:00,2018-06-04 21:36:37,2018-06-08 00:00:00
61db74d30d7bc786bf4d981764f3e4eb,c87d1af106a3124ab0388c705633d546,delivered,2018-06-17 21:41:25,2018-06-18 21:58:01,2018-06-20 12:27:00,2018-07-03 23:24:55,2018-07-23 00:00:00
af264f3527e94e431f0dcd56cd6b406d,8118922685d2e2c0205f060be4f2579c,unavailable,2017-07-12 14:49:11,2017-07-12 15:04:10,,,2017-08-11 00:00:00
36c048c109a2a9cedf85acc388be9f57,31cb01969dec191ae2ee186df385669d,delivered,2018-05-11 22:42:21,2018-05-14 08:13:59,2018-05-14 15:52:00,2018-05-17 17:20:31,2018-05-30 00:00:00
4fb104ec6918efe57f7e105fe598d96f,b04387f66716ae227cca39f8ad86ddf9,delivered,2018-07-01 20:24:32,2018-07-01 20:35:11,2018-07-02 13:39:00,2018-07-07 13:15:48,2018-07-30 00:00:00
af8f5400111370accfbc1ba9820c5d20,d18570550aa0268a73256e98a945ff15,delivered,2018-08-14 02:08:11,2018-08-16 03:24:04,2018-08-16 12:21:00,2018-08-20 19:59:21,2018-08-30 00:00:00
2c3cc72ee484cfd2c93077c0dcb18c06,82500d3c1556dca1dec4cd8ff1650285,delivered,2017-06-12 11:00:50,2017-06-13 04:43:10,2017-06-16 14:57:55,2017-06-27 14:04:45,2017-07-11 00:00:00
e38d9183e9b3d19b748b3af7732d2ef4,461ee6903e63e925b960cf327aec4851,delivered,2017-09-11 06:34:32,2017-09-11 06:45:20,2017-09-11 20:32:30,2017-09-25 21:35:38,2017-10-05 00:00:00
e81638ffb72997c5bd2c1fa0f98918ab,93d5e378ae2f72a07db704f1f6716a7e,delivered,2017-06-27 11:06:41,2017-06-27 11:43:58,2017-06-28 12:59:34,2017-07-06 15:53:26,2017-07-19 00:00:00
c56be9c0505a464e824579622dcdbf94,f86bd370221012daedc8b046db70d7e9,delivered,2018-04-25 12:13:33,2018-04-25 12:31:54,2018-04-27 15:02:00,2018-05-03 19:48:27,2018-05-22 00:00:00
8925dc5eb0b5639ea6e3f962108d6207,06eeea8e157410949394acb6d3db56cc,delivered,2017-11-12 22:53:05,2017-11-12 23:07:32,2017-11-16 16:51:58,2017-11-23 17:21:21,2017-12-08 00:00:00
6a30ecf6e27a0c6c8373a4ffc57cb353,baa22cca29768548ef9cea07cf105737,delivered,2018-03-25 14:29:45,2018-03-25 14:48:01,2018-03-26 23:48:46,2018-03-30 19:28:53,2018-04-20 00:00:00
7d7db898e5eaa10aac6c7fb616d9d7dc,0b3f43c70b21e9af2c781e5e0380b2e8,delivered,2018-03-01 20:27:05,2018-03-01 20:49:02,2018-03-08 01:54:29,2018-04-02 23:08:54,2018-03-22 00:00:00
26b5660725133bc74bfe584874b637cc,ac221e82c9c26898be3e04caf10ba338,delivered,2018-04-01 18:46:05,2018-04-01 19:08:10,2018-04-02 22:04:45,2018-04-04 17:05:25,2018-04-23 00:00:00
fba1d12a47dc097a456f2aeff9191f87,51510a2a77c5b8ebab8781e1950e5991,delivered,2017-05-15 20:21:37,2017-05-16 20:25:09,2017-05-19 16:57:38,2017-05-25 07:35:10,2017-06-02 00:00:00
72c53c1fb781f7736972c1a877a90b46,755b33a76efee89126040aff62c1ce3f,delivered,2017-11-05 18:32:19,2017-11-05 18:51:12,2017-11-06 21:09:05,2017-11-10 04:13:19,2017-11-29 00:00:00
5e54bd3e9a482630f9d68d9624b9b5f6,dd476ea0106ffc93a7e6b63ff1f02608,delivered,2018-05-07 13:26:30,2018-05-07 15:31:48,2018-05-08 12:08:00,2018-05-10 02:41:40,2018-05-18 00:00:00
d2081973563a03db3d71859a063dc4c1,e4a6b71c10472822ebb5071b89bd9937,delivered,2018-06-05 09:32:49,2018-06-05 09:51:29,2018-06-06 13:39:00,2018-06-11 21:17:44,2018-07-23 00:00:00
e883aa370777928f8939c79a58ef69b4,a930e8971b7eed8b6fd594e8bc933058,delivered,2018-02-01 07:49:37,2018-02-01 08:31:18,2018-02-06 19:54:46,2018-02-09 14:49:00,2018-03-01 00:00:00
d6005403869b100d1c75019e5d92e327,c8b49d3cef4ddd3164f67ae9794b3fea,delivered,2018-04-07 23:06:26,2018-04-07 23:28:38,2018-04-11 14:25:37,2018-04-16 13:28:41,2018-05-07 00:00:00
c40c104dd1bde11aba73864c16a42f21,80cf55a439bbb373aea40a08515fb39b,delivered,2017-08-29 13:34:52,2017-08-29 13:45:13,2017-08-31 19:42:03,2017-09-05 19:32:17,2017-09-18 00:00:00
4ad2ebd3c62db5a8509e3f25fb8b81ca,dd59f6062e68d2f8fb6bce284218f9fd,delivered,2017-03-08 11:03:12,2017-03-08 11:15:16,2017-03-13 09:31:20,2017-03-16 12:33:59,2017-04-05 00:00:00
b2987cdfb6847c50318e4c268aa8d7c8,18bc2b648262411362f67867851b1d7e,delivered,2017-03-16 21:37:55,2017-03-16 21:37:55,2017-03-20 13:00:07,2017-03-24 07:56:26,2017-04-10 00:00:00
a07ca6d224dc0279ca0e1b48ecdb071a,b46912ec48e9a68f88459119c77ec993,delivered,2018-05-04 14:33:04,2018-05-04 14:53:32,2018-05-07 14:15:00,2018-05-14 18:37:37,2018-05-28 00:00:00
299d2f94a47dbf398c26ad4afed7ba27,2b7dc9a75366d34d6663caba1af748cc,delivered,2017-12-26 17:12:36,2017-12-26 17:30:34,2017-12-28 17:07:32,2018-01-04 16:39:31,2018-01-15 00:00:00
b2bb04e94ed5f8785791697f33fce452,edfb309e51665130ff3fa49524cc8ae1,delivered,2018-06-08 16:37:54,2018-06-08 19:31:01,2018-06-11 09:42:00,2018-06-21 16:22:43,2018-07-13 00:00:00
13d5066bb747cafa23f1bb6d1838eee4,22bc7b908ab206d76f37baa85e168553,delivered,2018-03-15 10:44:26,2018-03-15 10:55:39,2018-03-16 20:32:39,2018-04-02 13:11:49,2018-04-03 00:00:00
2a197a3a167970df77d91b94905578a1,ba952a532d1fe3ea12b1bf75172b7fe6,delivered,2018-08-06 15:51:24,2018-08-06 16:05:14,2018-08-07 12:00:00,2018-08-10 16:58:33,2018-08-14 00:00:00
23713e469663e0ccff987496dbdf6428,240a00b1c5327fa57b61ecedb0f49395,delivered,2017-10-31 22:32:30,2017-10-31 22:46:02,2017-11-07 13:45:11,2017-11-13 17:36:25,2017-11-27 00:00:00
89f6cc8eda8f3816bc27f9ec621ae6e7,ee3887e1bec435a943e9c40e556007b8,delivered,2018-01-10 10:53:49,2018-01-10 11:31:43,2018-01-11 12:18:08,2018-01-19 16:45:00,2018-02-06 00:00:00
55ada6f0482ec84582a6de972bf57dd9,ef1dcd7d9f5a7481d6e43d8fd8082233,delivered,2018-03-10 12:36:48,2018-03-13 04:08:20,2018-03-14 18:52:30,2018-03-19 19:26:49,2018-03-28 00:00:00
ff85153644cf018d1530326b28743073,f0e9a3cc2d708d7433ee821ce8c8c24d,delivered,2018-06-14 01:08:35,2018-06-14 01:37:03,2018-06-14 14:48:00,2018-06-15 19:49:44,2018-06-28 00:00:00
accc70091bea9b16050ec5a5a61823a7,ea69a1339bf7efc72c3babc075681913,delivered,2017-07-19 16:03:33,2017-07-19 16:15:21,2017-07-21 21:42:20,2017-07-28 18:58:33,2017-08-15 00:00:00
31ce2b3f4c3fcc387d79024119a62f51,0d24fa93132859e352e09be4add9f523,delivered,2018-03-12 14:04:20,2018-03-12 16:24:53,2018-03-14 15:10:00,2018-03-29 11:32:24,2018-03-28 00:00:00
89c0bf5292a493fb2a7aacae2148eeac,7622a506a5339777705ab92be92d7b89,delivered,2017-08-14 23:43:54,2017-08-16 03:26:15,2017-08-17 13:03:24,2017-08-21 16:47:41,2017-09-05 00:00:00
af6e07a86cda553646ea0f7039453591,61c045cb17074c6519d6570bf25d3288,delivered,2018-06-11 21:01:18,2018-06-11 21:40:22,2018-06-12 15:50:00,2018-06-18 20:18:47,2018-07-18 00:00:00
daaf62a15bd3c9f093e0e1f58413c8c2,484194f016c3b8467d63aec74baf0e74,delivered,2018-06-19 17:11:30,2018-06-19 17:45:11,2018-06-20 11:59:00,2018-06-26 23:28:45,2018-07-25 00:00:00
24542fef4b2b37dac9fb137a1a71fc39,ce1a92a7ec7519103fb4518e6a57d401,delivered,2017-10-31 14:18:36,2017-10-31 14:31:38,2017-11-10 22:18:43,2017-11-27 20:17:19,2017-12-05 00:00:00
00d8d65b666158b633f96054d31af43b,5e98d1f8f0534c460557d71961a7f10a,delivered,2017-10-13 19:57:48,2017-10-17 04:24:35,2017-10-18 10:53:25,2017-11-07 20:38:45,2017-11-07 00:00:00
30b0ea32347476f4b427daf62e09a5bb,9d9cfbce48737214f23bf294daf3c6f7,delivered,2017-08-12 19:20:39,2017-08-12 19:30:17,2017-08-14 18:26:28,2017-08-17 18:28:10,2017-09-05 00:00:00
45351e92010175fdd13009d69c1f3502,2abd40bba882f357731f665f6d902a65,delivered,2018-07-04 08:00:20,2018-07-05 16:40:52,2018-07-06 11:08:00,2018-07-10 19:45:52,2018-07-26 00:00:00
6efa7ab74072ac5be10003b8ccf246bc,b92bc296adaba8e8ee97032344932a59,delivered,2018-06-06 09:46:18,2018-06-06 09:55:24,2018-06-06 14:16:00,2018-06-15 18:41:48,2018-07-27 00:00:00
ce170c4c87651a4312275b8139e76fd0,b095fd720a224dcf7c988f5868a99def,delivered,2017-06-20 13:14:58,2017-06-20 13:25:25,2017-06-21 18:15:43,2017-06-30 09:22:37,2017-07-10 00:00:00
9d0cec155db79a9147a0d80e5c7927c0,e45eac8a6138c1103adefc016b3b5665,delivered,2017-12-26 14:57:27,2017-12-26 15:09:29,2018-01-03 12:38:49,2018-01-17 15:58:30,2018-01-30 00:00:00
3829f15c6412e72045f01b63e798d413,2fee49377a6cc2afe9eedf9f9135d1be,delivered,2018-01-02 18:18:38,2018-01-02 18:31:43,2018-01-04 15:07:31,2018-01-16 13:24:41,2018-02-05 00:00:00
3e35b1a875ebe62b6ee58472c56a28ab,19476944bc8ccb01f7644e3884c862e4,delivered,2017-12-04 19:35:11,2017-12-05 04:12:00,2017-12-06 21:39:08,2017-12-15 19:03:32,2017-12-27 00:00:00
14def5e6b6021ae117c181c039258033,ad0676d6d6e115c03a6d60dd2c9a00ee,delivered,2018-07-25 01:25:29,2018-07-25 01:35:12,2018-08-21 12:14:00,2018-08-22 17:51:41,2018-08-10 00:00:00
049446a8732fca98a50e6767bb58bd49,2a87d659cbeda27d3a87ab195bd44a9d,delivered,2017-12-04 07:15:00,2017-12-06 02:50:19,2017-12-07 15:47:13,2017-12-26 19:06:56,2018-01-03 00:00:00
2a380098d95a87f70c9b8d16dc0ee722,806c6547c32d65555fb424fcfd309a92,delivered,2018-02-23 09:47:11,2018-02-23 10:09:25,2018-02-23 23:47:40,2018-03-21 22:08:19,2018-03-22 00:00:00
30e5fcd06cb431cd8941809a3f2f0f32,5e2695cadc5153ef2b56dd2ad1600622,delivered,2017-07-15 14:14:45,2017-07-15 14:25:13,2017-07-20 16:43:37,2017-07-25 18:52:26,2017-08-08 00:00:00
6343462cb505ebb02b15e079bcc720b8,8a9cc99afd729d98f8af8eaabf4c74f6,delivered,2018-03-24 18:13:28,2018-03-24 18:27:35,2018-03-26 22:52:06,2018-04-12 15:26:40,2018-04-16 00:00:00
9fce7686189bb24e89065a148fa26927,1c9e2987c067ff59e82bb5222c426869,delivered,2017-11-18 09:24:12,2017-11-21 03:46:25,2017-11-23 22:05:10,2017-12-22 10:49:05,2017-12-15 00:00:00
2c3c10e3041b454de87327e09b5816b7,4f5fe5c6a063a0aaf01e32a773791e00,delivered,2018-06-15 11:28:16,2018-06-19 04:16:58,2018-06-19 14:32:00,2018-06-20 18:58:28,2018-07-03 00:00:00
6c068d7c483fb0d3386092cb50b4efcb,b81a1891e137bdc5ff2dec4d062fc2ae,delivered,2017-11-30 21:57:02,2017-12-01 10:30:54,2017-12-01 20:36:49,2017-12-26 18:53:14,2017-12-27 00:00:00
b26aeba3d93317ee71f2902c276eb992,ecd03985c15a896c85a422875492ea22,delivered,2017-09-11 12:24:23,2017-09-11 12:43:27,2017-09-14 18:06:56,2017-09-18 21:22:41,2017-09-28 00:00:00
97391d0a354368793fe996005f85c034,578614f14310499cb4a29f5a87ceab56,delivered,2017-09-11 15:08:11,2017-09-12 04:35:25,2017-09-12 15:17:46,2017-09-19 21:52:51,2017-10-09 00:00:00
54da7175584d635f528324b1098ac57e,54aa9d55d005738b09a31b9b30cb33e0,delivered,2017-10-10 00:03:12,2017-10-10 00:14:23,2017-10-11 21:13:10,2017-10-24 21:46:56,2017-10-27 00:00:00
1a8128463da10115b1c21e2f0b7ee4c3,967b79a51991865602ca9b19c8b85019,delivered,2017-11-24 20:41:08,2017-11-24 23:54:20,2017-11-28 18:18:06,2017-12-07 19:13:45,2017-12-15 00:00:00
20edc82cf5400ce95e1afacc25798b31,28c37425f1127d887d7337f284080a0f,delivered,2018-06-27 16:09:12,2018-06-27 16:29:30,2018-07-03 19:26:00,,2018-07-19 00:00:00
9d4ddf2928a6c8e0f4cb2e816c361fb5,f0c6758b89f03de7a44ffb5b82e57910,delivered,2018-07-04 13:55:56,2018-07-05 16:30:56,2018-07-06 07:51:00,2018-07-13 11:12:02,2018-08-07 00:00:00
c5ed4f8b9ee1ac3e8f7711fbe0df3541,a09cad700e500bad87750b957538d348,delivered,2017-08-01 18:35:02,2017-08-01 18:50:20,2017-08-03 15:25:17,2017-08-04 21:47:06,2017-08-14 00:00:00
6acc8cbf2b089aea1e6f6e7d512e1da9,4c5ad4ec6d54e309948cb74026970547,delivered,2018-06-16 18:21:25,2018-06-16 18:37:27,2018-06-18 15:17:00,2018-06-19 13:42:30,2018-06-28 00:00:00
3d47a5fa407e06b318a0ddbfe165dcd5,9ba71feb60c0565f5d4a82a79704b898,delivered,2017-06-12 14:36:28,2017-06-12 14:50:25,2017-06-13 16:22:45,2017-06-22 17:48:52,2017-07-05 00:00:00
04b21593198275390ded3d92c6d9fd6a,bf6eadd476364dfccd9590d4e14309a6,delivered,2017-11-04 14:41:09,2017-11-04 14:55:25,2017-11-10 20:52:58,2017-11-29 18:39:07,2017-11-28 00:00:00
22627a86b495dd48e529ac94687b12ff,5704710086315eb84ea0317c7fd529f6,delivered,2018-04-19 21:00:58,2018-04-19 21:10:19,2018-04-23 23:50:50,2018-05-02 15:38:36,2018-05-16 00:00:00
eb377d391f9d3ac66c316a741d6a0724,9e440f4a0eca9788e6eaa1b5e6129af9,delivered,2018-08-16 22:32:02,2018-08-16 22:49:34,2018-08-17 12:24:00,2018-08-23 01:18:53,2018-08-29 00:00:00
94c61f1ebb6e6f2da2d8a0d7ac853729,9823ecf9206d39e817a4769bb2058db5,delivered,2018-02-06 09:51:00,2018-02-07 09:55:37,2018-02-10 00:12:42,2018-02-22 18:06:20,2018-03-02 00:00:00
189e75e25de4939a240746314c77f656,5fa9330ce14c7411ff26004839204d41,delivered,2018-01-03 21:44:46,2018-01-04 05:12:33,2018-01-04 23:48:33,2018-01-20 10:49:27,2018-01-26 00:00:00
6c9296925051cae6d38b3678754b678f,12be52e43688a69df1a944757b37a6cf,delivered,2017-08-18 13:49:25,2017-08-18 14:05:33,2017-08-18 19:52:15,2017-08-26 12:51:24,2017-09-08 00:00:00
de7ef6938e5b9a018e2f76a63c9b6ef7,075bde3b991b8124d2e603026781cda8,delivered,2017-02-15 14:32:05,2017-02-15 14:45:22,2017-02-17 13:32:18,2017-02-24 13:52:55,2017-03-14 00:00:00
827b48d99e470974c81fe3fe3c441146,e345cd8dccf24cd849941b7156ddf2fd,delivered,2017-10-23 10:18:36,2017-10-23 10:56:31,2017-10-24 20:23:50,2017-10-25 16:41:46,2017-11-03 00:00:00
10e722e25378399056392a2c2c5ff9ba,595515694ce1f925bffc652e5c6c348d,delivered,2018-02-07 09:58:30,2018-02-07 10:15:25,2018-02-08 17:12:25,2018-02-10 13:14:39,2018-02-23 00:00:00
43879d5f6ffdb1c8f3a9c4a4f2ffe548,0e412c4ec24391b80003616b950bd7ed,delivered,2018-04-29 23:56:41,2018-04-30 00:25:29,2018-05-02 06:14:00,2018-05-04 14:17:46,2018-05-25 00:00:00
03604d9c184f9290e997c49fb585b2b5,5af6ac8bc746760092c8e0ddeed00f56,delivered,2017-11-06 18:48:57,2017-11-08 17:30:52,2017-11-09 17:55:50,2017-11-22 03:08:42,2017-11-28 00:00:00
83db5c54cc71b8c55ff3cb2034c66ecf,c4b745a37257589fa03b3f5417a065bb,delivered,2017-10-02 13:53:08,2017-10-02 14:07:27,2017-10-04 14:45:10,2017-10-16 23:23:45,2017-10-30 00:00:00
24c6142a989e2c7774a57791c8cd449d,2308f7af7226e2922e8f3612783bf836,delivered,2017-09-11 00:27:04,2017-09-11 00:35:22,2017-09-11 19:10:06,2017-09-15 19:26:11,2017-10-02 00:00:00
ec59f529b6e3c9f1337ae317e666e875,a51b06bb0e2403573a1f623fa182c632,delivered,2017-12-27 22:26:50,2017-12-27 22:37:32,2018-01-04 21:09:46,2018-01-05 22:17:17,2018-01-16 00:00:00
6173d2ac44ef11cfaa9b6cd2b26ba976,dc45bc1d6dc3681aa2f50bf26dadb15c,delivered,2017-11-24 22:39:49,2017-11-25 01:52:10,2017-11-29 02:26:59,2017-12-23 16:07:16,2017-12-22 00:00:00
c3e965d28e37d80bb60217301e01f67b,1e0ecdd1a95175877636d4d57ac4775c,delivered,2018-04-09 14:45:46,2018-04-09 14:55:17,2018-04-10 18:21:23,2018-04-24 15:03:11,2018-05-04 00:00:00
3fc2e32bfc88b2bf0e9d7437503d82dd,1ba1881ebdbdef7f2d119f63a4aa602c,delivered,2018-07-17 14:31:34,2018-07-17 14:45:25,2018-07-18 15:04:00,2018-07-26 19:44:43,2018-08-07 00:00:00
b6760dcf5d7d3ad17b9875eeee6f0752,0d1a3289962f9417f2a736a31c4e7f0c,delivered,2018-08-12 17:42:03,2018-08-12 17:55:12,2018-08-14 13:09:00,2018-08-17 20:27:40,2018-08-23 00:00:00
403d459dc8e857df1180efcd8dda7a89,a591babcd45655d95cb7eb5902f4d982,delivered,2017-06-30 11:57:46,2017-07-04 03:55:13,2017-07-05 09:56:43,2017-07-13 20:41:52,2017-08-01 00:00:00
1231dea1667f0c9cafd1d1f975b2fa1b,5fb9d49128ccf6830284b3ed83ba8daf,delivered,2018-08-21 09:31:11,2018-08-21 09:55:13,2018-08-21 15:28:00,2018-08-29 17:08:45,2018-09-12 00:00:00
269ad8edf5c7dd6bfbe01dc68832f6ce,7e99e9b740265fbdbb624fe55328cddd,delivered,2018-08-16 15:38:33,2018-08-16 15:50:19,2018-08-16 15:34:00,2018-08-22 22:10:59,2018-08-28 00:00:00
893d40b53f61002a75eff0c92b557219,7cbaa85e0ebac50c20576511d07df810,delivered,2017-03-19 17:48:50,2017-03-19 17:48:50,2017-03-22 09:47:43,2017-04-01 10:36:59,2017-04-19 00:00:00
13f4bad08354705fbeb23f41f08c31c4,a2c8fc5cd7c3c6156ac720fe58ad4206,delivered,2017-09-17 17:26:55,2017-09-17 17:35:24,2017-09-19 13:45:16,2017-09-28 19:47:46,2017-10-11 00:00:00
a900c7725ebcac4b0f0ec847dc715396,895feab4e09ab35f94d2945a3a645806,delivered,2017-12-06 22:07:04,2017-12-08 02:54:04,2017-12-14 21:19:08,2017-12-22 21:17:01,2017-12-29 00:00:00
8f448432fec521b889d6b87b716cc01d,0aa91d0cd690f66d4d4e1c9cc82652c7,delivered,2017-10-05 20:23:22,2017-10-07 02:44:54,2017-10-09 15:48:09,2017-10-16 22:23:08,2017-10-31 00:00:00
cf739f0737d8e40da84e5880f048a994,b0e374d2f2acb958d14630cbf356070a,delivered,2018-03-26 23:37:36,2018-03-26 23:50:11,2018-03-28 17:41:38,2018-04-09 20:34:39,2018-04-23 00:00:00
c48a0edfbe31112fc8f48c3acfb42e2b,982e82b0ac09b67a31c446d41db6927f,delivered,2018-05-11 15:03:50,2018-05-11 15:51:52,2018-05-15 15:03:00,2018-05-16 23:46:39,2018-05-23 00:00:00
f0e14b83b8b12697246a18f91e0377e5,ef8f2c2cb3624ff00393c9f695cdd599,delivered,2018-04-30 17:54:37,2018-05-03 04:13:06,2018-05-03 11:08:00,2018-05-10 21:07:11,2018-06-01 00:00:00
6a6d3cd77ef3a533edef69dccf6c0de3,903544156dc24c5aa969e4896aaef5b8,delivered,2018-06-01 17:09:33,2018-06-01 17:31:27,2018-06-18 13:03:00,2018-06-19 17:52:22,2018-07-11 00:00:00
46ac596698e8825788743fef0d54caca,babcd8fa0e2e5bb335b85783a9194ef8,delivered,2018-05-16 15:09:03,2018-05-16 15:34:40,2018-05-16 13:36:00,2018-05-22 21:33:08,2018-06-04 00:00:00
590df66dc01ee360ffc28411a5b15f0d,34dce5cd72cbdc18a08cfead93190b41,delivered,2018-03-29 10:04:18,2018-03-29 10:27:50,2018-04-04 10:24:27,2018-04-16 19:38:49,2018-04-23 00:00:00
cbbadd3919b803b6cdeaa2e7811bc47b,3ce94b5a344798830d5641dda2b05195,delivered,2018-03-05 12:51:15,2018-03-05 13:09:43,2018-03-06 21:49:01,2018-03-20 09:54:44,2018-03-28 00:00:00
3b81c43a73c516855c1f690e280e3466,f3da085c67eb4dcf31e0c457c727744a,delivered,2018-04-01 17:15:00,2018-04-02 17:10:23,2018-04-03 20:22:21,2018-04-05 14:14:51,2018-04-13 00:00:00
190839038ca4b745f67b28a9dcf7386d,e5abddceeb834d79a9fb3e544e3b2a1e,delivered,2018-03-31 13:07:51,2018-03-31 13:27:24,2018-04-03 00:10:53,2018-04-18 18:52:31,2018-04-23 00:00:00
c870c1f3a9ba62194d1060c0accb18dd,1ad07b0c4441e0b5550631b23fc22312,delivered,2017-01-22 11:15:23,2017-01-22 11:30:16,2017-01-26 16:27:29,2017-01-31 19:43:50,2017-03-02 00:00:00
42c384d95181d3ee567e8639ff74fff9,011f5f2d716eb919dd944494c0db328b,delivered,2018-08-05 20:48:32,2018-08-05 21:04:11,2018-08-06 13:43:00,2018-08-09 17:11:49,2018-08-20 00:00:00
ca5b8e79b5bbdba8ba16a07bc8d2ca61,7a2bb71483b10a964f33808a1df0bf41,delivered,2018-06-11 13:22:19,2018-06-11 13:39:07,2018-06-12 14:59:00,2018-06-21 12:33:01,2018-06-28 00:00:00
1c68f342af2c9f303a048d365b0153b7,487bb71e40189a3438a469f316013dd8,delivered,2017-11-28 13:23:52,2017-11-28 13:42:02,2017-11-30 18:57:12,2017-12-11 18:09:37,2017-12-21 00:00:00
77e08d0d687052633b1762f099173ae8,3b418265df9a0f0d68414bb2c4a44f12,delivered,2017-08-06 14:41:07,2017-08-08 03:55:28,2017-08-08 19:42:09,2017-08-15 20:05:11,2017-08-29 00:00:00
991dd93b0190239b4f3d41151e31d3ba,238b72da54e53e4b44ffd8ac27ffe9b7,delivered,2018-08-10 19:41:30,2018-08-13 14:10:17,2018-08-13 14:54:00,2018-08-20 19:32:11,2018-08-24 00:00:00
20793c7d8b2f96312e51e2aa27204159,a743936f44e2d520e1a437c30011d5bd,delivered,2017-03-28 08:49:17,2017-03-28 09:02:48,2017-04-07 16:08:18,2017-04-11 14:54:34,2017-04-17 00:00:00
8cf92fdbb4f10ea12f1dc018a35aa8c0,0ed12a282f15b7be4099d4fb16c0c232,delivered,2018-04-07 17:52:04,2018-04-07 18:08:18,2018-04-09 20:17:56,2018-04-10 21:19:16,2018-04-19 00:00:00
fe2a47da00335a2a5952630b366abb76,08a8854f4ff6d0a1211f34e75b14a42e,delivered,2018-08-16 15:02:07,2018-08-16 15:15:27,2018-08-17 15:08:00,2018-08-25 14:04:39,2018-09-11 00:00:00
b4138bbc55ffe9ddeb824f7e3068fc50,39e44559447816aa2ed1cb44ca0aae95,delivered,2018-06-19 20:48:35,2018-06-19 21:18:33,2018-06-20 11:48:00,2018-07-02 21:42:04,2018-07-12 00:00:00
d2e26ed6c0129169db27fba17e2c9c75,48c392168cb9a99a2d448c67606f1b78,delivered,2018-01-10 15:19:24,2018-01-11 02:33:17,2018-01-12 22:51:42,2018-01-30 15:39:29,2018-01-31 00:00:00
39840651d975d5a257f08661d376e085,75601f6db2d74a6760995934349dd9b3,delivered,2018-04-24 23:18:29,2018-04-24 23:30:22,2018-04-25 14:18:00,2018-05-03 23:42:27,2018-05-22 00:00:00
10951d02d64917a34959abeb8130601e,3e6754e591ff3568ccc5bf69a649918c,processing,2018-02-13 21:02:02,2018-02-15 04:11:21,,,2018-03-13 00:00:00
a68f7b681559723c84a5a758d62be473,6d8551f3b072783a0527d92b481c0c47,delivered,2017-03-30 14:38:07,2017-03-30 14:50:15,2017-03-30 16:27:22,2017-04-10 13:10:14,2017-04-26 00:00:00
e5d4d06531c0f91fef9b87eb7d3b98dd,d6fb5169197b4c8425c26e087f268bae,delivered,2018-02-07 23:03:07,2018-02-08 00:35:23,2018-02-14 16:18:49,2018-03-03 13:42:00,2018-03-08 00:00:00
f703e71f874db4fb27d67f9d042f29cc,4f2c00ad0132281f9b6c56afd7c8878e,delivered,2017-08-04 22:57:43,2017-08-05 11:50:18,2017-08-08 19:49:42,2017-08-29 12:08:12,2017-09-08 00:00:00
92d16bd458db6ad7e89154817101087f,189a569b4fd3b7aee093429bfb3d9dd4,delivered,2017-12-17 11:52:49,2017-12-19 10:10:46,2017-12-19 20:57:51,2017-12-29 15:22:42,2018-01-16 00:00:00
ca575ea0d8cb38ef5d4d3bdded6ee535,78ab13e88de03bad8d90926f7a36a042,delivered,2018-05-11 21:40:56,2018-05-11 21:51:00,2018-05-15 07:49:00,2018-06-07 21:42:21,2018-06-06 00:00:00
7d9d81483acc12dda194e31e9ba22e9b,b1ec6ef6d21f2a3edb86d3b94e09e2d7,delivered,2017-11-29 09:19:33,2017-11-30 02:20:10,2017-11-30 20:18:47,2017-12-01 18:18:59,2017-12-13 00:00:00
06d9e69034388abf6da64378e10737b8,afef0047e43944e8c6630ec0d0f7de2e,delivered,2018-07-30 10:42:40,2018-07-31 09:10:11,2018-07-31 14:24:00,2018-08-09 22:18:29,2018-09-10 00:00:00
5ea857730c2e2b2c0eb0cf640d586126,06212d81da710ff1cc3a5dd1afaea410,delivered,2018-03-20 16:24:22,2018-03-21 07:08:14,2018-03-22 19:34:51,2018-03-23 22:33:45,2018-04-16 00:00:00
935e2b59d8831e7e158e0a2bbf8f91c3,82f7ade78fed2e75bbdbbb5c9bfb5be2,delivered,2017-11-02 12:00:16,2017-11-02 12:10:21,2017-11-03 18:13:32,2017-11-17 16:35:57,2017-12-05 00:00:00
9d31a050f1394d02bbad780e3f87eccb,c9a1d5932b208a13d3d2ea74e38a1d17,delivered,2018-04-09 20:59:14,2018-04-10 00:11:50,2018-04-16 23:05:11,2018-05-02 17:13:41,2018-05-07 00:00:00
68a9fce416cc56ce2950c32b7e70138e,ba054847454a0d2726f6e96f66cba531,delivered,2017-11-24 12:16:22,2017-11-24 14:15:27,2017-11-25 16:46:42,2017-11-27 19:22:13,2017-12-08 00:00:00
c9366610830b7af26c954d0b6c1f68d7,2c0fea013cdd4f354b51a96dcf25d115,delivered,2017-11-06 19:44:39,2017-11-07 04:31:14,2017-11-07 21:35:13,2017-11-16 19:11:48,2017-12-08 00:00:00
8a4902db3aa7fdf0a39bf75a14697e2d,548cee938a89efcfeb4966ee10ef1ff8,delivered,2017-11-16 17:00:41,2017-11-16 17:11:11,2017-11-17 15:32:07,2017-11-27 20:22:23,2017-12-08 00:00:00
6651400020b5bc201756cad655783aa1,ed2e8a4ffe0c5bd8a2033bbfac325641,delivered,2018-02-05 13:55:53,2018-02-05 14:10:50,2018-02-07 22:33:41,2018-02-20 03:22:14,2018-03-02 00:00:00
37f50248620b9081be972779cc175160,5d4134c9ae17d09b86aa4387c2e9b6e6,delivered,2017-07-07 09:16:02,2017-07-11 04:10:34,2017-07-13 19:26:51,2017-07-27 16:46:44,2017-07-31 00:00:00
1d9609dad08db33f39e233dad7556bbe,fa70ada4a3d29c318df97b21529602cc,delivered,2017-11-29 16:31:06,2017-11-29 18:10:31,2017-12-01 18:19:41,2017-12-02 15:56:00,2017-12-19 00:00:00
267095b79e3a2844f479ead264721da9,439ba79fdfdb1ce36d1509be55a1d7db,delivered,2018-03-16 16:04:58,2018-03-16 16:29:28,2018-03-29 20:33:01,2018-04-11 16:11:59,2018-04-27 00:00:00
0a297271052d25a8fd815cd06ec90aaf,5a381c51e7136dd667ae7ed7e6893dc3,delivered,2018-07-24 10:42:38,2018-07-24 18:44:17,2018-07-25 10:39:00,2018-07-27 22:32:11,2018-08-01 00:00:00
9d77978d536fd7c6ca5ec414b63e1459,e52293a37d6ebd3e79a0442c9b9bf415,delivered,2018-01-23 14:06:58,2018-01-23 14:16:48,2018-01-24 20:33:10,2018-01-25 18:42:37,2018-02-09 00:00:00
b504b1a3e9c083d7bf927d4b322922eb,e6498d00216e88dfb8b0b4621b6da8b9,delivered,2018-04-22 23:50:13,2018-04-24 19:10:33,2018-04-24 15:49:11,2018-04-27 17:42:45,2018-05-21 00:00:00
e2eaf909eb6ba881117aa407992a5ffb,4aa9a7eb520f8efdf80da20ba889f190,delivered,2016-10-05 11:05:52,2016-10-07 02:49:09,2016-11-01 07:13:36,2016-11-14 15:03:36,2016-11-25 00:00:00
cc2999bc678cab0949b90c4759d7a284,dfa8a1b565b79938d84942f83d88a2f7,delivered,2017-07-05 07:54:13,2017-07-05 17:36:24,2017-07-07 17:41:51,2017-07-18 16:52:30,2017-08-02 00:00:00
e582dcf977363d169153a6bd4a7957cf,00eeecca2b37c96ce302d0428ee46ccf,delivered,2017-03-01 09:49:51,2017-03-01 10:02:23,2017-03-01 11:16:02,2017-03-03 12:14:12,2017-03-22 00:00:00
1816598bbdabc09eaf2174d9e02e0606,e9024de0cde5de0becbf917e1ea5a17f,delivered,2018-01-14 21:51:44,2018-01-14 22:09:11,2018-01-23 21:42:24,2018-02-06 00:03:47,2018-02-16 00:00:00
b3727b62c265499751024ab759727674,e8c0df39b8ab2cad38c5504ae816d572,delivered,2017-12-02 16:49:51,2017-12-02 16:59:07,2017-12-05 21:29:57,2017-12-28 19:59:09,2017-12-29 00:00:00
bd1e486b080a92e66f91c5486282422f,d730314f99355b3c89b913bc6be90747,delivered,2018-07-02 21:18:49,2018-07-02 21:30:24,2018-07-04 16:10:00,2018-07-12 21:25:48,2018-07-30 00:00:00
0fea0565345cd41b6a9bbac1800639cf,b9fb39389c2d1533de03b074f9c215c4,delivered,2018-03-08 17:45:44,2018-03-10 04:08:50,2018-03-12 17:38:42,2018-03-26 20:33:46,2018-04-03 00:00:00
945bbdd66669edb480ca9f0037ed11b0,9359ed9ad95b01396011363481205e46,delivered,2017-10-10 15:38:41,2017-10-10 15:56:24,2017-10-13 15:58:03,2017-11-29 00:21:54,2017-11-16 00:00:00
5b167c32a8669a3c04fdd22e5764e867,03cd1b42e5ca372a1a7ac4d5b927b888,delivered,2018-08-17 14:24:16,2018-08-18 02:49:50,2018-08-21 13:15:00,2018-08-25 12:03:25,2018-09-03 00:00:00
b65a9099b9f6617410e0f5fb0b9e1fdc,d962481ccf3e97521018974422943966,delivered,2017-03-09 19:12:19,2017-03-09 19:12:19,2017-03-10 09:27:21,2017-03-14 11:48:06,2017-03-31 00:00:00
58d1f504d2fb65199e4951dd2aaf7d89,422d5ef3e5e2d7b4d1d67749cf49b347,delivered,2017-12-18 15:48:58,2017-12-18 17:15:23,2017-12-19 20:08:55,2017-12-28 01:04:22,2018-01-12 00:00:00
7ab7584d518d5220c4d8f5245c28181e,b30a6a354e94dbccf85c6775e70e4121,delivered,2017-06-11 13:57:28,2017-06-13 04:10:32,2017-06-14 13:08:14,2017-06-26 09:27:34,2017-07-05 00:00:00
c4cce729f23dd590b26da3aca2d8c598,26ad3d64c162fbf936fdc2531e0d5e80,delivered,2017-12-04 14:04:33,2017-12-04 16:49:02,2017-12-12 21:36:53,2018-01-04 18:18:30,2018-01-03 00:00:00
c9dbbf55ed1dfc04a2f9339a0887d765,ac1f04094195d8798fc5ed0dc1ebf865,delivered,2018-04-04 14:14:43,2018-04-05 02:27:51,2018-04-06 23:44:51,2018-04-12 17:05:56,2018-04-27 00:00:00
fd248e3e14c80dc42d16e6d75bd4666d,f19902bd950a477a1ee43ed25f5d3433,delivered,2018-06-10 11:07:46,2018-06-10 11:37:42,2018-06-11 14:02:00,2018-06-25 18:12:33,2018-07-24 00:00:00
3ee995f2432d1efdb2369e87acc095d2,6f3f242302ca86d90343db8a3b68e259,delivered,2017-05-19 15:03:20,2017-05-19 15:10:21,2017-05-22 07:22:01,2017-05-31 11:25:42,2017-06-12 00:00:00
1bb460f1a118ffc0218e3c7e61a59029,d9737c9da32a4148edc8dc9dd484614d,delivered,2018-06-29 08:00:35,2018-06-29 08:40:59,2018-06-29 09:02:00,2018-07-04 17:16:44,2018-07-23 00:00:00
869f303aa6f137c9295a0c115de2f771,e376bf13c93e5b5d6a35d7d958dc5feb,delivered,2017-12-10 16:50:46,2017-12-10 17:11:13,2017-12-11 20:47:56,2017-12-21 11:46:54,2018-01-04 00:00:00
3a55ce70e083a313526038fabb9b626f,11c70faf3288eebd047af567c657e428,delivered,2017-09-22 19:54:54,2017-09-26 04:14:17,2017-09-26 21:22:16,2017-10-03 19:28:08,2017-10-18 00:00:00
564056ed2b1aba6010b16c2dc89735b6,56d47d8dcdfe6ce00898e16b2df1476d,delivered,2018-06-07 10:38:12,2018-06-07 11:00:03,2018-06-07 14:45:00,2018-06-15 13:11:32,2018-07-30 00:00:00
41c4425628d692f2d1b59c3c6702429e,f6ad5197bd024e5869639d4891a326ce,delivered,2018-02-13 17:27:56,2018-02-15 04:11:10,2018-02-16 02:18:33,2018-03-14 22:11:23,2018-03-20 00:00:00
6c4e764954bc530adac8b0842d8f1647,dc480a485063e5b8e37bb77ed070514c,unavailable,2017-08-12 14:18:34,2017-08-12 18:35:16,,,2017-09-13 00:00:00
fa80bac6d7ac4a52affb445c87f7c58c,451db2ee1154a7a3b8982590fda51db5,delivered,2018-06-09 12:56:23,2018-06-09 13:15:24,2018-06-11 14:33:00,2018-06-12 16:56:57,2018-06-20 00:00:00
d40956f82498404a78bdefbed0d005b1,8a6a65d9a516ea0cb0437634b4202677,delivered,2018-04-26 22:31:45,2018-04-26 22:51:16,2018-04-27 10:15:00,2018-05-05 17:03:35,2018-05-16 00:00:00
942e1205a3ca6fd0147718ac16f4bb54,13217f2016f2e928059f108350a26623,delivered,2017-11-14 18:53:55,2017-11-17 03:35:39,2017-11-24 23:11:55,2018-01-05 12:28:30,2017-12-08 00:00:00
56a726fa0f40d3678696e62aaed9690d,dc7302a83e9681f614bb59a515df38b3,delivered,2017-01-25 00:46:17,2017-01-25 01:02:14,2017-01-27 10:51:56,2017-01-31 17:43:01,2017-03-02 00:00:00
40ccf6af09b0aadbf3e2710fb2f17715,f97c2ca5646ebbad59fcb3c97791e5a4,delivered,2018-07-19 21:10:33,2018-07-19 21:23:08,2018-07-23 15:35:00,2018-08-03 13:16:39,2018-08-09 00:00:00
b337ccac04e3f93847d718df9505597e,c0e76b5297ff8e89cfa37649c34d08ba,delivered,2018-04-10 11:59:52,2018-04-10 12:10:54,2018-04-10 22:41:49,2018-04-11 23:25:42,2018-04-25 00:00:00
cb110387675cb9e3354ff5fc1b25346f,ce1fc521645083f008569f9ab85325cf,delivered,2018-04-04 09:32:27,2018-04-04 11:09:55,2018-04-04 21:36:40,2018-04-12 22:56:29,2018-04-27 00:00:00
53d8a8410e514c1b8470c9279b28d952,cc4e0751b586a663c96b8d72bfa34a22,delivered,2017-06-19 10:14:41,2017-06-21 10:10:14,2017-06-21 13:11:13,2017-07-05 12:29:51,2017-07-11 00:00:00
fce62b229aadb876d9be47556c0694ed,bea0b054bee4fb73d7696824ab10084c,delivered,2017-10-21 09:09:48,2017-10-24 03:35:22,2017-10-25 18:09:56,2017-10-31 18:42:16,2017-11-13 00:00:00
ae647800f7009520d784c9c9ab2de7be,e9558d82e022425af9ddb83c83247958,delivered,2018-03-03 18:45:18,2018-03-06 03:55:45,2018-03-06 21:32:35,2018-03-22 02:33:25,2018-03-28 00:00:00
dc61ac41c305778ea271d378bc4c4b85,09523cabad805a66c476b2ccf314cb0f,delivered,2017-11-24 05:49:16,2017-11-24 05:56:57,2017-11-25 12:54:39,2017-12-04 16:36:54,2017-12-19 00:00:00
a0aac3e398c28aa322af7ab1a9b24c85,26146c75d3530d94eeceb9498dc1fa68,shipped,2017-05-10 21:12:11,2017-05-10 21:25:13,2017-05-16 14:35:30,,2017-05-26 00:00:00
c854a1f42d7cddb25891587ddd91caa6,d2292bd5e20f916bcd821edcbd8a4c97,delivered,2017-10-27 09:21:11,2017-10-27 09:35:24,2017-10-27 20:09:57,2017-11-07 21:45:33,2017-11-28 00:00:00
a2b014e25e47aea28f291905e3fb2ac2,86ad106f2775aacaff72975bc434b8de,shipped,2017-11-23 15:46:00,2017-11-23 15:55:29,2017-11-27 12:32:08,,2017-12-13 00:00:00
3316b67b63d43c414af962eb7452d56a,2e7ba3e122728f593f2ef0a25042bba2,delivered,2018-03-22 00:13:47,2018-03-22 00:28:19,2018-03-22 21:13:32,2018-03-26 17:13:22,2018-04-04 00:00:00
a4f4f63d38c826451e0f6482ed4b59d3,3ad50050643d2d0351f42e42776550c6,delivered,2017-08-25 21:14:28,2017-08-29 04:50:24,2017-08-30 16:08:31,2017-09-05 21:57:44,2017-09-26 00:00:00
0eec617eceb2ecbaec84cb904530b048,a7406a0c444083a00aee5437cccac034,delivered,2018-07-03 14:28:36,2018-07-05 16:11:14,2018-07-04 13:32:00,2018-07-09 23:56:28,2018-07-30 00:00:00
a9ebd6bcbc1aed90a92d93c774f2cdd2,6aa76a292df4d63fa578c73ee479cbba,delivered,2017-10-31 22:38:42,2017-10-31 22:50:11,2017-11-03 20:21:32,2017-11-09 20:26:32,2017-11-23 00:00:00
c6ee046b85d59deed2e71242e970d437,e5b90e0dde0fa26f1a9a6b2624f71a6b,delivered,2018-02-18 22:03:31,2018-02-19 17:47:29,2018-02-20 19:18:56,2018-02-25 13:26:39,2018-03-06 00:00:00
18c997e8b15aae56ff3f0e3594c29170,184d1953627db66318acc74d30ff1721,delivered,2017-05-09 20:41:48,2017-05-09 20:50:20,2017-05-10 11:25:55,2017-05-16 12:18:17,2017-05-29 00:00:00
b6162f47d6adbaf673e92b13e9358d89,cdb833f7133ef2039a36e2cf5bd7a009,delivered,2018-08-26 18:17:04,2018-08-28 04:23:58,2018-08-28 14:54:00,2018-08-29 12:08:34,2018-09-03 00:00:00
055b09c841dc52097e688df51b163310,0b83af8e524bbb2aa83ba090f5be21ff,delivered,2018-04-26 20:30:00,2018-04-26 20:51:17,2018-04-27 14:17:00,2018-05-02 19:12:23,2018-05-22 00:00:00
c19b500110bd90179ac1676ebc7c3ed0,569411b5613e1d725f474e671d1d19b7,delivered,2017-03-06 23:42:24,2017-03-07 01:03:45,2017-03-09 08:23:47,2017-03-14 13:44:15,2017-03-27 00:00:00
3407bfcbaa0cb49c244ededbc777014c,7782a956d5644bf1eba50c63aa9c4a64,delivered,2018-04-21 11:35:37,2018-04-24 17:32:31,2018-04-30 13:37:00,2018-05-08 17:16:36,2018-06-06 00:00:00
637cd939e435a194d562522d5bdc0d84,3b05eb53fd64dbf2e21454026079e02d,delivered,2018-08-05 23:37:30,2018-08-05 23:50:13,2018-08-06 12:42:00,2018-08-09 18:26:41,2018-08-16 00:00:00
065d95bb9e6d5bbc0a5a2c40579b16e5,e92376215b80c2c97a67489e50927147,delivered,2018-05-08 09:38:47,2018-05-08 09:55:32,2018-05-10 19:05:00,2018-05-11 23:04:51,2018-05-21 00:00:00
a7e71dd247a252f0f215e6230cdd5d1e,6e119961531891f055b01aeb4f93552e,delivered,2018-01-13 09:38:07,2018-01-13 09:48:35,2018-01-18 20:08:46,2018-01-27 15:36:39,2018-02-01 00:00:00
d3a553b0f57271e7cb7fe426288bcca3,e4b7cc893dd622cc71e4ecf9569d4d34,delivered,2018-02-25 14:18:54,2018-02-25 14:30:33,2018-02-26 14:18:43,2018-03-05 16:05:22,2018-03-20 00:00:00
a9810da82917af2d9aefd1278f1dcfa0,f2c7fc58a9de810828715166c672f10a,delivered,2018-06-26 11:01:38,2018-06-26 11:18:58,2018-06-28 14:18:00,2018-06-29 20:32:09,2018-07-16 00:00:00
1657d073874b59831bbf61d290efb44a,2011663e9f984916c24b717a3ab6c802,delivered,2018-08-19 18:12:07,2018-08-20 13:40:15,2018-08-20 16:07:00,2018-08-21 22:45:36,2018-08-28 00:00:00
3e93ed8410f3fa2cd639ec11c30de523,992ffd5578957e1363ff5eb4d189260c,delivered,2017-06-23 20:47:06,2017-06-27 04:15:12,2017-06-27 14:51:34,2017-06-29 14:14:48,2017-07-06 00:00:00
79d316a7d0d628895124bcefd1040ed7,b7f41c76036b7a3f1124ad8134998b94,delivered,2018-08-14 19:12:16,2018-08-14 19:25:20,2018-08-21 14:58:00,2018-08-25 14:41:41,2018-09-14 00:00:00
ec28553b12bef4b538e5d7454464a1c6,c5c61596a3b6bd0cee5766992c48a9a1,delivered,2018-06-18 13:34:21,2018-06-18 13:55:47,2018-06-19 15:07:00,2018-06-21 20:15:28,2018-07-03 00:00:00
4d5d37abd78b5223433230deee7d4e29,29ec9149639beb93b18e99d05e8744fa,delivered,2018-05-25 15:53:06,2018-05-26 02:18:41,2018-05-28 13:19:00,2018-06-04 18:22:36,2018-06-19 00:00:00
2d37b55e71618c48264e6288fc228844,f0e0e47278af8692f9b7f9f9a30d391b,delivered,2017-06-07 07:36:03,2017-06-07 07:45:16,2017-06-08 10:22:36,2017-06-16 17:42:12,2017-07-04 00:00:00
9aba5a261ecd7b4c4d324ee1ab55cae7,dee2060c887c5301dc3495cd9135169d,delivered,2018-06-21 20:57:43,2018-06-21 21:18:16,2018-06-25 08:59:00,2018-06-26 22:28:27,2018-07-04 00:00:00
2b86b00276fcf833862d7d1c8dfd1607,0d290f873d4cb504c2bcf80afb73587d,delivered,2018-01-13 20:08:06,2018-01-13 20:15:25,2018-01-15 21:09:42,2018-01-18 16:34:02,2018-02-08 00:00:00
6f0a7c01d397ce3f7c6df65823350890,3a7d1c879493e7727f72a8fd2f93c366,delivered,2018-05-17 17:55:14,2018-05-18 04:36:05,2018-05-18 14:02:00,2018-06-06 18:52:42,2018-06-18 00:00:00
6bcd251ea229d32710e7690cb3641ba6,ab3a9c34beacec9fb8bbc4e76765ee1e,shipped,2017-07-07 06:34:08,2017-07-11 04:15:19,2017-07-14 18:38:52,,2017-08-08 00:00:00
9eff8d5a7b05aeaa583c225de3b134de,deb460805396b2a842889d73a69d3c23,delivered,2018-01-16 07:25:53,2018-01-16 07:36:22,2018-01-16 19:41:57,2018-01-29 21:39:03,2018-02-08 00:00:00
f7780ea2807db31691e83f0013294035,3088cc4bfafe311f1d84830808c2aa6d,delivered,2018-07-30 15:22:15,2018-07-30 15:35:16,2018-07-30 15:00:00,2018-08-02 18:32:30,2018-08-02 00:00:00
43212d0edb989569de152cc65e9d96fc,df707c24918c1bfecc01f98bb8aa5bcc,delivered,2018-08-06 23:33:13,2018-08-06 23:45:20,2018-08-08 13:24:00,2018-08-17 13:37:41,2018-08-28 00:00:00
547226eca04b5695f6b0b62295e16df2,36da3a8627190be6c28bff40b19acfae,delivered,2017-11-23 14:51:18,2017-11-23 15:10:43,2017-11-24 23:52:37,2017-12-01 21:18:30,2017-12-20 00:00:00
1091b43c860fa7d9cea917d1d20dd522,6c3d3c9604547cb3a17adf0f7c6c83eb,delivered,2018-07-27 10:50:09,2018-07-27 11:04:55,2018-07-30 10:02:00,2018-08-09 17:51:52,2018-08-22 00:00:00
6016370c0d4a0da9c57394f85d9d11d6,6e4dd13384773c090e487c674a47977f,delivered,2017-11-03 13:16:10,2017-11-03 13:30:45,2017-11-06 19:11:53,2017-11-08 22:52:04,2017-11-28 00:00:00
d44df0d4c71052d8b2a3bd5c50bd42b5,46e69377adf8857c9ce9c568ba073b06,delivered,2017-01-31 09:31:33,2017-02-01 10:31:59,2017-02-01 11:11:40,2017-02-08 14:14:15,2017-03-27 00:00:00
37af1b25e7710f09d122aaf3f8b68114,f3b4b3f2136722924a0916a930b2081e,unavailable,2017-05-02 14:23:24,2017-05-02 14:31:40,,,2017-05-29 00:00:00
b887ade3d2811206aea4fb2c9390d0dd,874233b5c103a2784eeec9f6bf8b1cbb,delivered,2017-12-22 16:39:59,2017-12-22 17:31:32,2017-12-27 18:53:04,2018-01-04 14:18:04,2018-01-26 00:00:00
7630cf9ad47735d82f65e6e87beefb73,db4581146aade4093e4c420024427dec,delivered,2017-08-19 21:36:04,2017-08-19 21:50:15,2017-08-24 15:14:52,2017-08-31 20:48:01,2017-09-13 00:00:00
a844f41afb956df11c5b6940656a3682,80fd5c24c23e4e64a13561bbd1b62ea5,delivered,2018-01-02 16:22:15,2018-01-02 17:00:29,2018-01-03 23:08:36,2018-01-15 15:36:18,2018-02-01 00:00:00
1826d3b62380835469288dcc78f382ca,cadc77a311d2175d497619dc76de4600,delivered,2018-02-01 21:53:34,2018-02-01 22:12:14,2018-02-02 22:14:39,2018-02-05 12:47:42,2018-02-19 00:00:00
c6f49d29ad6cd1c719dc77e8a432154c,670c9152ba9baa4528368ecf851a9bdc,delivered,2018-06-19 11:09:46,2018-06-19 11:35:16,2018-06-22 16:02:00,2018-06-28 22:33:00,2018-07-11 00:00:00
9f3dfb593f24a7bbc85f61b1690fcc28,cded83132e79be0923973a9619ba8435,delivered,2017-08-12 20:55:37,2017-08-12 21:10:10,2017-08-14 18:33:06,2017-08-16 19:43:57,2017-09-01 00:00:00
f833b6f8e6abdffba74178aceab06280,eb29481be7eb00b14982268f9ecc3cdf,delivered,2017-10-24 09:55:53,2017-10-25 02:08:33,2017-10-25 14:43:03,2017-11-03 13:08:56,2017-11-16 00:00:00
f1d8785bcee63b8e0354436ac2f2a546,e11b56593ff355a003b782dd8e4ca5b5,delivered,2018-04-12 20:18:16,2018-04-14 02:15:20,2018-04-16 13:13:27,2018-04-18 13:18:31,2018-04-27 00:00:00
53a29e509e7c8a60436ba238b0877d35,7a33c47e68209572cbe68a6dc5ff0c41,delivered,2017-09-28 13:18:28,2017-09-28 13:28:17,2017-10-03 11:51:37,2017-10-14 15:04:19,2017-11-01 00:00:00
093dea0d5b7854e484d59d15b2243006,4a09496c03782d8f7e5d9fe65d3da015,delivered,2017-12-11 11:57:42,2017-12-11 12:10:59,2017-12-11 21:41:52,2018-01-05 14:44:32,2018-01-09 00:00:00
c3fbba8f64cc6b2e99abc0e00d5ade2b,214c9a1e18b8592e8a56bfcf31514b9b,delivered,2017-04-10 17:10:58,2017-04-10 17:22:26,2017-04-12 11:57:12,2017-04-20 12:31:32,2017-05-11 00:00:00
57f71871671e74366cd5985f2dc2ff7e,aa4054e518fbf361607e4ebea08684a4,delivered,2017-09-29 00:26:21,2017-09-29 00:49:21,2017-09-29 19:57:38,2017-10-04 18:41:19,2017-10-30 00:00:00
fe6548d8e286a9de2a672acdd24607dc,2a236b0c1e6e99414dabdadd2835e5ec,delivered,2017-10-29 16:44:39,2017-10-29 17:20:11,2017-10-31 16:58:15,2017-11-01 17:57:42,2017-11-10 00:00:00
f8207caf0d0b8d07ebb64c397a72793a,7e550164be02975a52464fc6019cac13,delivered,2017-07-19 07:31:51,2017-07-20 02:25:15,2017-07-20 17:29:12,2017-07-22 12:44:41,2017-08-01 00:00:00
41481f110ca58f4d3ee2e077d0313ff3,de4d31d0e28b2f45997efac5f6adf462,delivered,2017-12-29 01:56:16,2017-12-29 14:27:34,2017-12-29 21:23:33,2018-01-08 19:34:40,2018-01-31 00:00:00
e714cb78e6724b4f5c52e1119ec0ac9b,34e34d2119cb8e3dc26e6e55a0719bda,delivered,2017-07-31 21:21:04,2017-07-31 21:30:16,2017-08-01 22:51:56,2017-08-03 17:52:12,2017-08-24 00:00:00
0a245a02fe848f9fe7d36aba3f785d78,6d5507371e40197f19156f69f015c9f8,delivered,2018-05-21 21:29:28,2018-05-22 23:17:57,2018-06-11 14:31:00,2018-06-13 10:43:44,2018-06-13 00:00:00
e33e63d3e6227661a115f625ae2af65a,1a5d72cce00fa0131bc38619c67f05e1,delivered,2018-03-13 07:51:55,2018-03-13 08:08:04,2018-03-13 23:41:58,2018-03-29 21:18:30,2018-04-27 00:00:00
1a2dfbf5bcc5c3587728996088ba03f2,71516655cab6b35276d5f09442ea4ed0,delivered,2018-02-15 11:15:47,2018-02-15 11:30:40,2018-02-15 22:18:54,2018-02-16 14:14:59,2018-03-01 00:00:00
5479f014d5015a0feaf35483c4bb73b3,aea7d2de4a1366b975b3d37ae68c0612,delivered,2017-08-10 18:16:59,2017-08-10 18:25:19,2017-08-11 18:37:52,2017-08-17 16:44:37,2017-08-30 00:00:00
886cadc098626f2e17d54f76b7bac8bd,0043b0afd67fb3af74360d2893b9a530,delivered,2017-11-15 21:06:10,2017-11-15 21:15:33,2017-11-21 14:12:27,2017-12-04 19:36:40,2017-12-05 00:00:00
0e04c5cca5ec36abd1ab3b2c33fee74d,fb020b857592347a758d07307d98cd86,delivered,2018-05-04 13:50:53,2018-05-04 14:12:59,2018-05-04 15:00:00,2018-05-09 17:54:47,2018-05-30 00:00:00
6e09feab9f3c4379d88725b9efc9f0f3,ff78b46a7600e28f95a8f1d690761213,delivered,2018-04-24 17:01:57,2018-04-24 19:19:33,2018-04-26 17:07:00,2018-04-30 23:58:51,2018-05-10 00:00:00
411b631e48e96d67d14a881f338f6b46,c43364f47888ca89f979828587558a80,delivered,2017-11-30 02:29:55,2017-11-30 02:37:24,2017-12-01 23:14:39,2017-12-15 18:29:11,2018-01-17 00:00:00
6e25a89b2b006e7da0ff978bdcfe66db,36ee1c55ea025fdce1759f64ad07aab7,delivered,2018-08-09 13:14:29,2018-08-11 02:50:25,2018-08-15 12:12:00,2018-08-20 20:21:55,2018-08-27 00:00:00
b28e2ea00a9403b195f0c47428dde994,29d8b10c320fc38f43d93ef3d4f68a74,delivered,2018-04-23 09:42:50,2018-04-24 17:41:33,2018-04-24 19:52:47,2018-05-21 19:42:00,2018-05-23 00:00:00
cc86aa6e200c4c5a49a6ef02a690c3d2,ff9ab15bf5b8ebb3be91a6170184a38a,delivered,2018-03-28 17:05:19,2018-03-30 03:15:27,2018-04-02 22:08:45,2018-04-04 00:24:35,2018-04-10 00:00:00
c3144c54c2ae906cab69adf3de3a7b17,512a645d25604f568dc61a8a3da9cd8b,delivered,2018-04-03 16:17:10,2018-04-03 17:15:16,2018-04-04 17:05:30,2018-04-10 00:23:20,2018-04-24 00:00:00
d9b53f70b57a028c32d88455dda31547,ba043b6250cc452f41d5440280372aa3,delivered,2018-08-18 15:58:54,2018-08-18 16:10:10,2018-08-20 15:23:00,2018-08-21 13:12:34,2018-08-24 00:00:00
6441bc5d2c43a0ec4e8fa75d5cca8c02,031862760897c48f91efd54f6545e895,delivered,2018-04-10 21:00:52,2018-04-10 21:15:17,2018-04-13 20:04:46,2018-04-16 16:56:34,2018-04-20 00:00:00
80188fc06b9703f7d2f6f5fac4e11984,9faa47bd04272a6827d820a812bb8454,delivered,2017-04-28 10:17:30,2017-04-28 13:01:09,2017-05-02 14:16:15,2017-05-08 15:33:16,2017-05-24 00:00:00
638c67ed7c981ea1b46e45f23b35f4ff,ffdbd1a1e9a23977e4d638c2b0ccd0b9,delivered,2018-04-02 23:09:18,2018-04-04 03:10:23,2018-04-05 18:12:52,2018-04-11 17:33:02,2018-04-18 00:00:00
f100e6de2729471b754facdcdb55b3e4,b550b22f8a92af4e89c41f27b2330b48,delivered,2017-06-30 11:08:44,2017-06-30 11:23:43,2017-07-03 15:37:51,2017-07-07 19:47:31,2017-07-24 00:00:00
ef02392a4753ae9d3777f16b5feca9c7,6183f69ce7ffe6c72c33e334cf18c5ee,delivered,2017-09-11 00:31:53,2017-09-13 03:36:19,2017-09-13 20:47:40,2017-09-20 19:51:59,2017-10-03 00:00:00
966816b575380366cf697b71679a90ae,3a62dd5cff90e249bf54a92b5c97f040,delivered,2017-08-04 11:19:02,2017-08-04 11:30:15,2017-08-04 21:42:17,2017-08-07 14:22:03,2017-08-17 00:00:00
cc76aaca069f9c7127c3403e8eabd100,3c051a9dc07e854fb5fb5aeb7b8575f0,delivered,2017-09-30 09:33:22,2017-09-30 10:04:19,2017-10-02 20:59:44,2017-10-19 19:27:42,2017-11-06 00:00:00
1a868fc0d0328d0e1415957b16f8a63a,030a8fd680eb0fa004cc42fd460da993,delivered,2018-07-02 19:14:03,2018-07-02 19:30:13,2018-07-03 12:58:00,2018-07-07 14:22:49,2018-07-23 00:00:00
f55dcacbda42aa97458735683d9fbb76,3d49b9dfdeac4e852719df5c71618426,delivered,2018-08-07 14:59:42,2018-08-07 15:10:23,2018-08-08 14:20:00,2018-08-17 18:28:44,2018-08-21 00:00:00
7fee7d4412f1c3a36d5c873789b75a4e,e1ff7d78a58e41ab3e811cce1c387870,delivered,2017-05-03 10:35:16,2017-05-03 11:25:22,2017-05-04 14:38:43,2017-05-11 20:17:36,2017-06-02 00:00:00
10be01428d12ec7ed39d0058c3e224f7,bb0c8fe6fc83eae94e358e1b9d9e6caa,delivered,2017-09-18 22:16:48,2017-09-18 22:30:12,2017-09-20 17:50:11,2017-09-25 18:47:50,2017-10-04 00:00:00
9bcee5211be4c4e8785242c9fcd22e32,78417495f870be90c4390d66f1dffe31,delivered,2017-09-26 14:42:47,2017-09-26 14:56:25,2017-09-27 16:44:22,2017-10-02 15:12:22,2017-10-18 00:00:00
a652f035a4e15d4e124ead05fee368ee,a0d1571c3090051864507fd978cf138c,delivered,2018-02-01 23:02:30,2018-02-01 23:15:21,2018-02-02 17:44:19,2018-02-20 19:38:54,2018-02-23 00:00:00
85e019a2383461c352ffffefc7ba4829,1eee145a6e298c2b4b0529960fa86368,delivered,2017-12-02 16:29:45,2017-12-02 16:58:57,2017-12-06 00:59:14,2017-12-07 14:22:00,2017-12-20 00:00:00
7c825a36c67b324f9bb4107f03c5139d,15f52fbd4abbae7592dc36067c8f3465,delivered,2017-09-29 08:52:05,2017-09-29 09:07:17,2017-10-04 15:32:20,2017-10-13 17:59:42,2017-10-27 00:00:00
847ddabc9110745bba147aa06bd1865a,adb996201db8d69f29120d910116af68,delivered,2017-08-16 22:14:17,2017-08-17 00:24:36,2017-08-18 10:13:39,2017-08-23 19:22:50,2017-09-08 00:00:00
b91ca0418b6f2ae549bb6f356eee80cb,db6054a501afc119137d3b7ba547aa30,delivered,2018-07-02 10:30:55,2018-07-02 10:50:10,2018-07-03 13:56:00,2018-07-11 18:51:27,2018-07-26 00:00:00
b3ef7d06bb528982dc6f78f52dc393f4,103d5d5fbfef3c9347a68786a840be96,delivered,2018-04-01 14:57:38,2018-04-01 15:10:15,2018-04-03 23:54:22,2018-04-05 18:51:08,2018-04-12 00:00:00
b5156aaf024c8c29f06f62175e1ccb48,b63d3a810558af5af7ab6261494da135,delivered,2017-09-12 19:07:38,2017-09-12 19:24:32,2017-09-13 17:50:06,2017-09-19 21:19:09,2017-10-02 00:00:00
2e56f943f231f5fe108f43fb370b0ed6,66b9bc2d53ea09b027966337424fa0c7,delivered,2017-02-09 12:12:22,2017-02-09 12:32:26,2017-02-14 14:00:48,2017-05-25 07:14:44,2017-03-16 00:00:00
023b3575b6649cf01cb239c0e9603262,6b994d4f438ab832290549dd01b35032,delivered,2017-12-28 01:15:31,2017-12-28 01:28:00,2018-01-04 22:59:16,2018-01-15 12:22:29,2018-01-30 00:00:00
4d59391202a2a67c2e2fea6f349a67f5,7030ef488b9f80599046408a5de28cca,delivered,2018-08-13 13:14:03,2018-08-13 13:25:14,2018-08-15 13:42:00,2018-08-17 13:37:42,2018-08-22 00:00:00
79fc8a1c3556b7c15ea2948b4a679a57,5336f0fe822d7535e4574f501006abff,delivered,2018-05-05 14:04:22,2018-05-05 14:15:21,2018-05-08 13:50:00,2018-05-12 11:58:36,2018-05-25 00:00:00
09349cbc001ff756f199a461de7a39b4,32fb720c1193f952fcc705a6752d08e7,delivered,2017-11-15 15:52:53,2017-11-15 16:07:30,2017-11-16 15:25:51,2017-11-17 20:38:34,2017-11-29 00:00:00
8671a823b060d2231452ea27699558a8,cfa97880b19b2b1d06f6c76fda7e1284,delivered,2018-04-17 11:09:35,2018-04-17 12:15:19,2018-04-24 22:51:34,2018-05-04 15:52:11,2018-05-14 00:00:00
35e6328c980b8ff743074072b2aa195e,2e50a29eee07a2338f55c18cfd677431,delivered,2018-06-16 18:28:44,2018-06-16 18:57:33,2018-06-20 12:06:00,2018-06-21 17:27:44,2018-07-03 00:00:00
80ba449ea98f8e879a829759b5a66294,0e07a801a6729369c02b88f4d38388cb,delivered,2018-02-25 17:37:45,2018-02-25 17:50:41,2018-02-28 20:43:49,2018-03-12 17:08:41,2018-03-27 00:00:00
15847be2cbb3423e9344e53b040ef2a6,38658a45235ad07f51a84607654e53f1,delivered,2018-01-13 00:21:59,2018-01-13 00:58:27,2018-01-15 23:51:49,2018-02-01 01:53:10,2018-02-09 00:00:00
1acc110c076e80f4bfa1375a2b31d1d1,3f413e6af818b68f8f3f23283540358b,delivered,2017-08-15 21:29:58,2017-08-15 22:15:21,2017-08-17 13:03:32,2017-09-19 17:37:21,2017-09-11 00:00:00
d0af169a096f58ef73ca8ca35a8647fe,0df09c2ad80e94b02f0c8443d7af54a8,delivered,2018-03-17 19:54:30,2018-03-17 20:10:55,2018-03-20 23:16:18,2018-04-03 10:17:27,2018-04-11 00:00:00
146f48c486ae970836ac642ed6168ecd,c3225d954016edd53a5c08e01888dab0,delivered,2017-10-24 16:49:34,2017-10-26 02:57:26,2017-10-26 14:53:16,2017-10-30 19:28:56,2017-11-22 00:00:00
e2c83f97c1de922cd2db1cd278fda544,06decccf5bd7e13ff1384364911c9b20,delivered,2017-09-17 21:39:44,2017-09-17 23:05:27,2017-09-20 18:27:57,2017-09-25 19:39:56,2017-10-16 00:00:00
ff5afb773cc74f8424fc4e5c2f57570a,93ab62313298ee21a6b93c60d79443a1,delivered,2018-07-18 21:38:31,2018-07-18 21:50:18,2018-07-26 14:56:00,2018-07-30 14:58:49,2018-08-07 00:00:00
73ffc7dbf151bdb28ff40c4206968803,578e71c4d03ca6840a75ec1a2df897b2,delivered,2018-06-19 14:18:38,2018-06-19 14:38:01,2018-06-20 13:55:00,2018-06-21 19:36:26,2018-06-29 00:00:00
72074725a693246f2057f0d9e1c4398e,448f50c8bf267359741eba2a935b3f05,delivered,2017-11-24 19:07:33,2017-11-24 22:34:35,2017-12-13 01:39:00,2017-12-14 20:37:29,2017-12-08 00:00:00
0c9e044483d9a7ed3543da28c65f36b2,d6d2004b0dd3b0fce72d46fb5ddacef9,delivered,2018-03-02 13:16:23,2018-03-03 02:50:56,2018-03-06 23:41:38,2018-03-21 20:48:33,2018-03-27 00:00:00
bc275c0a8a5a45366f816095af0702e4,80fe83ec9076170b5bc4e69bef62d616,delivered,2017-09-22 00:26:20,2017-09-22 00:36:19,2017-09-25 19:28:56,2017-09-28 19:27:53,2017-10-16 00:00:00
3d930fd5aa8b9cdcb646c31196f0886a,3f37191b3daa449879f04d90bc8ecbe5,delivered,2017-07-05 21:26:30,2017-07-05 21:35:14,2017-07-07 15:33:27,2017-07-09 15:34:48,2017-07-19 00:00:00
754effa06b71f54d7f439034c128b509,c8d216b178057e7b76dad138f9bb2aae,delivered,2018-07-15 18:16:05,2018-07-15 18:25:21,2018-07-17 13:52:00,2018-07-23 20:12:25,2018-08-10 00:00:00
3cfb52a132c9fd20ee4abc973f86d8e3,f82c0e2f7b1e429bd59a9a3f6747753c,delivered,2018-08-15 05:46:10,2018-08-16 03:25:09,2018-08-16 13:11:00,2018-08-23 15:51:41,2018-08-31 00:00:00
f6ac44bbece0129b596dfc21aede3c20,c7616d00b4400791c265c3b952dee75e,delivered,2018-08-07 14:07:40,2018-08-07 14:15:21,2018-08-20 12:25:00,2018-08-21 18:07:43,2018-08-14 00:00:00
ffa18796659322e26489458de771d309,181478b61d7275cd79afb1ded8ad7f41,delivered,2018-02-17 14:33:30,2018-02-17 14:46:51,2018-02-19 22:07:40,2018-02-23 00:37:13,2018-03-09 00:00:00
9728bc6f814c53602137c0942b6e286d,fdcc1631fa8227c686d97e76607bcf2a,delivered,2018-08-13 21:12:35,2018-08-13 21:25:14,2018-08-14 11:38:00,2018-08-21 18:04:32,2018-08-31 00:00:00
b87d1668462d56410037dcfd6254f986,482df3fe6bb8725879bd1f1a2d656319,delivered,2018-03-22 11:48:47,2018-03-22 12:09:03,2018-03-27 19:52:17,2018-04-06 10:03:06,2018-04-10 00:00:00
9a5199b42599c11214ac9f95cfb17043,1df66aed5e5ac2cd2301d813537945dd,delivered,2018-07-30 15:13:55,2018-07-31 06:35:21,2018-07-31 14:49:00,2018-08-06 19:09:06,2018-08-21 00:00:00
852586974b34f22595f8bcc918b48040,e60b44258e250247c031afa715241405,delivered,2017-10-11 10:38:21,2017-10-12 02:21:01,2017-10-16 18:30:08,2017-10-24 19:27:58,2017-11-14 00:00:00
1f128a92fab0cad4a98cd61be2793d42,a968ee66a9cd15045bdc38c66181983d,delivered,2018-02-28 22:10:48,2018-02-28 22:30:50,2018-03-01 16:56:18,2018-03-12 21:54:46,2018-03-22 00:00:00
501d53200cd395d34bc971566f4bbc74,8a6ff7337f2f7ca3ab174d52fae99080,delivered,2018-03-04 02:34:20,2018-03-04 02:50:20,2018-03-05 23:51:37,2018-03-20 21:37:31,2018-03-28 00:00:00
872b0a6374bd5ab3b5ade0ebb28ff731,f1cecb0d53dbf7fa857a3d17bdb43e52,delivered,2017-12-08 23:32:11,2017-12-11 19:31:01,2017-12-14 17:43:48,2017-12-28 18:07:03,2018-01-08 00:00:00
53be71ad136b4e964acc33d8902666cc,1bc99ddb5029b70e5299afb9f22bd2ff,delivered,2017-11-23 21:38:59,2017-11-23 22:07:55,2017-11-24 23:18:34,2017-11-29 20:26:45,2017-12-13 00:00:00
bfaf403555f9fa6df13c1d3765583faa,e23c9cf06f2d414074d2d3d00ec7ecf3,delivered,2017-06-18 00:34:05,2017-06-18 00:47:06,2017-06-19 14:25:45,2017-06-21 15:52:07,2017-06-30 00:00:00
594bf20a8f9e5e9cf267b3ee3260679b,6ee22ada8a9881962afd56d62e17827a,delivered,2017-05-04 15:27:47,2017-05-09 22:32:38,2017-05-08 15:27:31,2017-05-21 13:32:37,2017-05-25 00:00:00
86f347377bc9dbff8cd89feb1b946499,2078e01e3e9582c536bd73814594fe85,delivered,2018-08-13 13:56:42,2018-08-13 14:05:25,2018-08-15 14:15:00,2018-08-23 18:45:42,2018-08-24 00:00:00
deef06897cb3c1fabed5858c4f9a6c70,038302481fecf4b95852065a483b8d95,delivered,2018-08-23 11:30:04,2018-08-23 11:45:56,2018-08-23 12:12:00,2018-08-27 16:52:02,2018-09-20 00:00:00
12321543ad6f89cc74cde9ae42d12e3e,0f1c2ad25d41818852873909cdf6fb0c,delivered,2017-09-10 14:00:28,2017-09-10 14:15:11,2017-09-11 19:47:51,2017-09-19 17:37:57,2017-10-03 00:00:00
853052349cf24c16fe2a0a29df1d7a12,32a6de394291b7bd2e1300ae6d801433,delivered,2018-02-17 01:27:48,2018-02-17 02:07:51,2018-02-20 02:12:50,2018-02-23 16:23:19,2018-03-15 00:00:00
7240caa1d8eea03f75f8759f39182e01,e7e41f6a60c56e167991373f38836a69,delivered,2018-01-21 14:20:21,2018-01-22 13:50:56,2018-01-25 19:56:58,2018-01-31 16:51:35,2018-02-14 00:00:00
aec47b9987c836ffee2d7664b0929ec1,9f6f3da49e2d46e3a7529f5e3c25ecce,delivered,2017-10-10 18:31:36,2017-10-10 18:49:10,2017-10-13 17:07:01,2017-10-20 18:29:16,2017-11-17 00:00:00
ee5eb378ff9c7070eec20d9ac9a06688,32d8612ba54469b3b09b5c9c37accaf4,delivered,2017-05-09 07:44:34,2017-05-10 02:50:37,2017-05-10 14:15:48,2017-05-19 10:37:57,2017-06-13 00:00:00
ea76b783be73447f80e3e334ed8d31b7,6e1465e2c75d6d376ae846f6419c4839,delivered,2018-03-26 11:27:33,2018-03-26 11:47:55,2018-03-28 00:58:34,2018-03-29 19:07:45,2018-04-09 00:00:00
523dafc7e66222e30a400621133aca08,6ec64888059bae0f28043de36f7f4516,delivered,2018-06-13 16:17:47,2018-06-13 16:39:57,2018-06-14 11:57:00,2018-06-18 19:12:12,2018-08-07 00:00:00
bb42c26f8c339af36b30f12c72c9783a,b31e7de8c467009778684d5a380d6c91,delivered,2018-04-11 11:23:01,2018-04-11 11:35:17,2018-04-12 21:16:52,2018-04-16 18:59:44,2018-05-03 00:00:00
9c70e1f41efa94eecfbeeb5f13217760,700c30f6385045455b7fbbf4b945d92a,delivered,2018-06-13 16:01:25,2018-06-13 16:20:18,2018-06-18 14:53:00,2018-06-19 19:58:35,2018-06-26 00:00:00
68650dcbe7ea36df21a504e095d3d063,f058edb3bbbcfbdb48a94999c90a7ed8,delivered,2018-01-15 13:03:26,2018-01-15 13:11:26,2018-01-19 18:26:30,2018-01-29 16:06:07,2018-01-30 00:00:00
193d55b911909b790bca77dbd6f49c9e,04fe773e9c7304ce6ee144698193f8d9,delivered,2018-02-18 22:33:41,2018-02-18 23:35:20,2018-02-20 02:28:39,2018-02-26 13:16:44,2018-03-13 00:00:00
b53fe2cf3a372c3ee003f70652185fa9,089ea40cc02be2cdda62cc19b646d5c0,delivered,2018-02-22 18:24:54,2018-02-22 18:35:33,2018-02-23 20:39:16,2018-03-13 13:31:57,2018-03-20 00:00:00
d1af798bd24f3f874cf16d2d2e02d981,b2a90e07805e2b5d215aac2c3c6eeeec,invoiced,2018-08-02 14:29:13,2018-08-03 14:25:18,,,2018-08-13 00:00:00
a4bab2081e615128b48cf3e4e7d8be97,1ca754853abb53d9fb9259b395656f4a,delivered,2018-07-11 11:37:18,2018-07-11 11:50:15,2018-07-16 14:02:00,2018-07-24 20:18:30,2018-08-02 00:00:00
454cb0db642a26f9c2035ae1bd550e72,8f01090b88c4d9c2bc5103a6925f09f3,delivered,2017-12-17 12:22:33,2017-12-18 16:53:13,2017-12-19 21:51:45,2017-12-28 14:10:27,2018-01-18 00:00:00
12dc316f04369335263005a3f304d101,e42018ebc03e399b6bb64c760863ec04,delivered,2018-08-01 19:39:24,2018-08-01 20:15:21,2018-08-10 14:13:00,2018-08-14 23:36:53,2018-08-29 00:00:00
c554c7b7a41cc0523090a76a432cf6ef,de9bd2d39da46fdfa3bfbfadfea205af,delivered,2018-07-27 17:14:02,2018-07-27 17:30:58,2018-07-30 14:30:00,2018-07-31 21:04:11,2018-08-06 00:00:00
3d9817c275992633499fdc96798e8c33,d45ab7ec2574181437e382cf9cb149af,delivered,2018-01-22 16:11:12,2018-01-22 16:18:33,2018-01-24 22:34:24,2018-01-25 19:46:56,2018-02-20 00:00:00
a82c960297e876b31d23af8b437f54bb,6c26b354ab5504cde0dc2acd7b5f43f4,delivered,2018-07-14 19:12:19,2018-07-17 04:31:32,2018-07-17 15:44:00,2018-07-25 10:58:54,2018-08-06 00:00:00
f9985288469173749a1fd05693c5aa2b,16322e237a07158592862b5d6d91642d,delivered,2018-02-01 11:57:55,2018-02-02 12:51:41,2018-02-06 00:45:52,2018-02-14 17:07:38,2018-02-23 00:00:00
f7541ffd5bcc27d83193554028f9127c,45e81b9e07aa8660f88f592878641ff0,delivered,2018-04-13 10:27:45,2018-04-13 13:30:23,2018-04-16 18:41:32,2018-04-23 18:11:24,2018-05-03 00:00:00
6c80e36a9a77ce3ac32d97b159d0bab5,ac7a943dcc91b2da7960e8e8950f672c,delivered,2018-07-06 18:17:25,2018-07-07 05:00:07,2018-07-10 12:52:00,2018-07-11 14:15:24,2018-07-19 00:00:00
94b35c9542f07ad80b3367f9051b63af,ae3a3a6fd9128d8617e2cb3a88a7598b,delivered,2017-01-24 12:38:48,2017-01-25 02:42:34,2017-01-26 16:32:31,2017-02-07 08:42:04,2017-03-31 00:00:00
7f99c35e1289684c803ee00ca1d2b05f,b8fc0f17153fc77c169c3d1fa75ed7bc,delivered,2018-01-26 08:17:52,2018-01-26 08:29:53,2018-01-26 19:43:00,2018-02-09 20:37:53,2018-03-05 00:00:00
8ff6ced519949488b47afc0e5af711f7,c2a1dac9fa3a12d8b2366fa901f0459a,delivered,2018-03-23 13:54:56,2018-03-23 14:15:29,2018-03-24 00:04:52,2018-04-03 15:32:46,2018-04-18 00:00:00
e95949c45d8dc1a2537b40b90346108e,97483c726a6efd0437639b0c0c4444ad,delivered,2017-02-06 09:29:52,2017-02-06 09:42:04,2017-02-07 10:05:50,2017-02-09 08:14:13,2017-03-06 00:00:00
e4b08027ba9629dd5aee79bff0dcf804,059c2f7d60ef651891a4eadb829bb4f4,delivered,2018-07-12 14:36:24,2018-07-14 02:50:15,2018-07-16 15:27:00,2018-07-23 22:03:00,2018-08-01 00:00:00
1ffd4db85f221566495dd4bf427e3137,7cbb47ab67fb071367951c3007ceedb8,delivered,2017-11-23 17:46:00,2017-11-23 18:55:36,2017-11-27 19:42:16,2017-12-06 18:16:56,2017-12-18 00:00:00
03b218d39c422c250f389120c531b61f,db857a86c685a6a3a02a705961ec1ff1,delivered,2017-01-14 14:20:01,2017-01-14 14:30:43,2017-01-16 09:23:45,2017-01-18 10:53:42,2017-03-01 00:00:00
fe678293ea3bb6607a15b2e320e91722,70cb12077370218b7b21f70e78d3dfd4,delivered,2017-12-29 14:05:57,2017-12-29 14:12:18,2018-01-02 19:22:54,2018-01-09 04:18:22,2018-01-24 00:00:00
5ba21533e60885205be101ecad275f4e,5880d8ea9ca4bc5e803b7287ca1b3eff,delivered,2017-12-04 16:23:43,2017-12-04 17:32:04,2017-12-13 19:37:57,2017-12-17 15:51:26,2017-12-20 00:00:00
e77f09ad0e02176a15af6981ee2d8ea0,d572ff7880e03958639088a6bded9b09,delivered,2017-02-02 15:08:04,2017-02-02 15:15:20,2017-02-06 07:46:47,2017-03-07 09:58:57,2017-03-15 00:00:00
5d463aef87df62b39882ac78bf94c3fb,fe7a1d455874b636182ada5aabc23cb8,delivered,2018-08-06 10:21:01,2018-08-07 10:15:20,2018-08-09 12:37:00,2018-08-22 13:09:35,2018-08-28 00:00:00
936791179c34e3075442addfba1a3089,3f4a88c82ee2a505b0a4b41cbe0a438c,delivered,2018-07-26 03:55:07,2018-07-27 04:05:17,2018-07-27 14:32:00,2018-07-28 14:27:42,2018-08-03 00:00:00
8c1d27c10cc60cc369a428813bb71350,18138351c3724e32f1d6e0268f0c7663,delivered,2018-07-25 16:18:46,2018-07-25 16:30:20,2018-07-26 14:31:00,2018-07-30 19:42:42,2018-08-13 00:00:00
9f6f347729af61a4a18eda64c6609dda,db372e28cebd951ce6170b541812be56,delivered,2017-05-18 21:54:35,2017-05-18 23:42:38,2017-05-19 13:55:45,2017-05-22 09:41:54,2017-05-31 00:00:00
0745fd0c5e5bd55f752798a152b1d04b,c24fc4f24d2c6bd64d612774f52d6a97,delivered,2018-08-17 15:45:42,2018-08-21 04:30:19,2018-08-21 14:53:00,2018-08-30 16:08:27,2018-09-19 00:00:00
5e81df12374f3a0e3c11e392a252fdcf,84295646168988e026d7f61d885de691,delivered,2018-04-09 12:59:44,2018-04-09 13:15:11,2018-04-10 22:48:49,2018-04-16 13:02:41,2018-05-04 00:00:00
435e8115e759a6c6da83193f08e4ea24,b43f301cf6abc246a986f8281d589e93,delivered,2018-01-20 17:06:24,2018-01-20 17:21:32,2018-01-23 13:18:52,2018-01-25 16:53:52,2018-02-14 00:00:00
b25816accd207ba3b12d0f4f5ab66793,b083f0e18786dedb0e67746c7b49555d,delivered,2017-05-26 18:09:32,2017-05-27 02:55:17,2017-05-31 16:38:03,2017-06-06 07:41:34,2017-06-22 00:00:00
f3e2f155986b15b3fc25a97303ab4440,01414201d70bd508e1eee33ff67d2453,delivered,2018-02-22 11:59:21,2018-02-22 12:15:46,2018-02-24 00:03:33,2018-03-07 17:40:03,2018-03-14 00:00:00
9eda772d641a7fceb1332e9906ce23a3,15a0eb41033a5b7267e6dc6bf86b0148,delivered,2018-08-13 21:50:46,2018-08-13 22:04:14,2018-08-14 12:32:00,2018-08-16 19:37:36,2018-08-21 00:00:00
d2926e7840bb47e67fc52b79646cc2bb,d6df6abb10d7ada3be9bee11f94199a8,delivered,2017-10-24 11:34:51,2017-10-24 11:49:37,2017-11-07 21:42:03,2017-11-22 14:53:11,2017-11-21 00:00:00
3891bbda14004bcbb610fdcb3720986d,2a56c88f6d8fbe504151a70936203839,delivered,2017-12-07 11:58:42,2017-12-08 02:36:49,2017-12-09 15:17:46,2017-12-19 22:33:18,2018-01-03 00:00:00
163ad1666638554c03eff2545773c4b3,f315e987b6e111d0b9f8e1dc6c5b3948,delivered,2017-10-01 19:48:02,2017-10-03 03:49:16,2017-10-04 10:38:21,2017-10-08 16:58:20,2017-10-25 00:00:00
517ec0477360f210f8d3cfbfd5644a22,d02ef0ceb79629ac39f9f1ea6dfccac8,delivered,2018-06-16 21:49:24,2018-06-16 22:18:20,2018-06-18 12:19:00,2018-06-27 13:48:37,2018-07-17 00:00:00
35212d87fef805b15c43b49b69d7a67f,011b97b83f521e755f03173c96baf57b,delivered,2018-05-18 10:22:46,2018-05-18 10:40:00,2018-05-21 17:47:00,2018-05-24 16:24:06,2018-06-06 00:00:00
10ed58c723182bd11f81473b383432de,8c5128dd6ef4e8221c2a6121b2df459d,delivered,2017-05-06 18:48:42,2017-05-06 18:55:20,2017-05-11 15:26:01,2017-05-17 09:43:47,2017-06-05 00:00:00
d2e9aead95751dd6bd0ce80e7d506c53,d40e29db86a4db2aeaf8fa2b22c48f5e,delivered,2017-01-16 23:25:16,2017-01-16 23:35:20,2017-01-18 09:47:00,2017-01-23 14:13:07,2017-02-28 00:00:00
be0f9dd8034713beef855df4e524f6e4,5ce0619a7329b660555979b32001ccfd,delivered,2018-07-09 08:54:35,2018-07-09 09:15:17,2018-07-12 14:35:00,2018-07-13 22:48:34,2018-08-02 00:00:00
2f8f31eb2f7b6572836d662a6625c8e4,cbbb38942ea7e6eaecd622d228fec2b7,delivered,2017-02-07 22:52:44,2017-02-07 23:05:13,2017-02-10 13:52:34,2017-02-15 12:54:49,2017-03-06 00:00:00
a048e5da1c33fe118dd9627eb8d35d16,7890b92d81dc0d0d7325b2cda4cd14a6,delivered,2018-02-14 18:25:34,2018-02-14 18:47:53,2018-02-16 14:07:53,2018-02-28 18:56:52,2018-03-08 00:00:00
c14737c81e2d9c598a89e4f7cb240a5e,4c0cb12e17ea629768715f19c804f78f,delivered,2018-03-15 13:11:21,2018-03-15 13:30:06,2018-03-15 22:39:28,2018-03-16 14:44:34,2018-03-27 00:00:00
0a6f6183affc58729c775e30654be436,2bb87da72f42e1d9ece846a158974854,delivered,2018-04-11 17:41:30,2018-04-13 02:31:50,2018-04-14 01:41:47,2018-04-16 14:50:46,2018-04-27 00:00:00
1d9a9731b9c10fc9cba74e6f74782e8b,c98632bdc4c3bd2066cdea237cf8f468,delivered,2018-05-01 14:30:35,2018-05-01 14:55:16,2018-05-02 15:05:00,2018-05-03 15:14:53,2018-05-21 00:00:00
40b6f922d06bf5d0ccd2dfc2df2b6a50,7d0bedec9b248c16ef988e470f1c801c,delivered,2017-07-23 15:18:30,2017-07-23 15:30:16,2017-07-24 15:28:02,2017-07-28 14:03:53,2017-08-15 00:00:00
2a19516124bb3d5f4d0d07555104e322,df8646b48feadbdaa69acd0715c9ed2b,delivered,2017-02-28 12:39:01,2017-02-28 12:50:25,2017-03-02 14:53:59,2017-03-16 11:25:46,2017-03-28 00:00:00
001427c0ec99cf8af737bd88e92fd444,eab9c552374be06ed15923016dc9e588,delivered,2018-04-07 18:51:22,2018-04-07 19:08:28,2018-04-09 23:29:32,2018-04-25 23:38:41,2018-05-10 00:00:00
05ac54e2c004e051fa139f2efc01fadb,96914fdd5f6874118ee6539bd4a0634e,delivered,2017-08-07 21:25:10,2017-08-08 04:25:18,2017-08-10 15:53:19,2017-08-11 18:22:51,2017-08-18 00:00:00
976967517bb3199cd529dd524e39e82a,9454c6c6410b952f360e2750661564e5,delivered,2017-03-21 22:01:26,2017-03-21 22:01:26,2017-04-04 14:03:26,2017-04-13 12:22:26,2017-04-27 00:00:00
6e0d2539e48e84296bae6290de41058c,1fc56719b52f82c03caddc5faf531fbb,delivered,2016-10-04 19:41:52,2016-10-06 15:51:37,2016-11-10 16:47:52,2016-11-17 09:23:50,2016-11-30 00:00:00
7e7280eb49c876dcbe8be5aaafcf4f15,482219f5f0168b95b1349a6142fb3acc,delivered,2018-08-08 21:26:31,2018-08-09 03:50:20,2018-08-14 09:07:00,2018-08-23 13:51:40,2018-09-04 00:00:00
7e448546180d66b4b7b10eed77a039ee,32bd7b2f653a462aa3a6f37a93ae4595,delivered,2017-08-09 17:26:44,2017-08-09 17:43:53,2017-08-14 17:18:57,2017-09-08 17:17:51,2017-09-13 00:00:00
65eabb940466e3db08bb339bdf5bb283,a37f4486aff8b096c3878e83a2ae0f1a,delivered,2017-05-07 18:45:14,2017-05-07 19:01:54,2017-05-09 07:56:57,2017-05-17 14:48:00,2017-05-31 00:00:00
2c4b204bb99eaca32b1f3cf0e16f4c14,efb23e860f996c2cd9f22c69513c3ceb,delivered,2018-07-10 17:45:13,2018-07-10 17:55:19,2018-07-11 15:53:00,2018-07-20 22:36:51,2018-08-03 00:00:00
1b261283b06863bfaa62bf25bb1da580,3010e9b6775bb87d015542bcf92276d1,delivered,2018-05-30 18:06:04,2018-05-30 18:31:01,2018-06-01 15:13:00,2018-06-12 12:14:46,2018-07-17 00:00:00
6026f1c6e0ebe19412bc9283398a4610,71f310a2eaf45763a9584f85dd80d1a8,delivered,2018-07-19 23:20:18,2018-07-19 23:30:13,2018-07-20 13:04:00,2018-07-26 22:46:36,2018-08-07 00:00:00
36c5444b254b4f1810d3ece9523fca71,26ae76bd34b19ca8abfef8155f68d468,delivered,2017-05-29 20:17:31,2017-05-29 20:30:28,2017-06-02 15:55:28,2017-06-19 14:48:05,2017-06-26 00:00:00
13bb866b92de8268d5c90acb92caa6ad,b21958bc94eca31e8d3f5f8374dd0a4f,delivered,2017-08-09 12:24:22,2017-08-10 03:24:16,2017-08-11 00:37:13,2017-08-16 17:47:48,2017-08-29 00:00:00
3759e2750eb1111d87517dd11b08814b,ce42c2a8eb29fe09070c07bd46a22704,delivered,2018-01-10 13:40:14,2018-01-10 13:48:34,2018-01-15 19:46:38,2018-01-16 16:07:40,2018-01-31 00:00:00
a6a167269a035bae64d9f5a38172c5c7,cd48c9446c8bd96fde272a1ca71e1c67,delivered,2017-09-18 17:56:18,2017-09-18 18:10:31,2017-09-19 19:19:06,2017-09-20 15:12:38,2017-09-28 00:00:00
df3e4e0056f83d44b57664f39f3dba9d,91189b185800429594efe83d99aa9964,delivered,2018-01-27 18:47:46,2018-01-27 18:56:26,2018-01-30 21:08:40,2018-02-07 23:35:04,2018-03-15 00:00:00
83fa35671cfa30d9ed1256b079d0b230,b5a4db50f3fb172ce98ba96d54b72e9a,delivered,2018-04-29 21:22:42,2018-04-29 21:35:35,2018-05-14 06:27:00,2018-05-18 02:51:42,2018-05-22 00:00:00
fc6d96687311cbd6670c447e7eea25dc,13c8337f68081fe1c5a41101713df025,delivered,2018-04-16 12:35:01,2018-04-17 09:51:26,2018-04-23 10:10:44,2018-04-25 19:31:23,2018-05-09 00:00:00
cf63ae7deea63fed5306a81bae27e4f8,7f148c3a12b98bfccd2c119c3c97a9e4,delivered,2018-04-15 20:17:11,2018-04-15 21:15:18,2018-04-17 18:18:29,2018-04-25 18:22:46,2018-05-08 00:00:00
2b4525a187e754cd2c55f847056c76a9,1610c3067030b9cb7ded18bb06f49057,delivered,2017-12-25 13:45:13,2017-12-27 04:12:28,2017-12-28 19:45:53,2018-01-24 15:52:38,2018-02-20 00:00:00
e9483453c3f193f0b632a569b103bbbf,68645ed3218b1188294bfdc32e6e62a2,delivered,2017-09-20 14:49:31,2017-09-20 14:55:24,2017-09-25 19:12:40,2017-10-06 12:47:39,2017-10-11 00:00:00
c25563978406540119e9bc10980b2fdd,a7dae4d5cb0b74e8ecc394fc48b6da06,delivered,2017-12-26 07:53:32,2017-12-26 08:07:46,2017-12-28 19:32:20,2018-01-10 21:09:36,2018-01-24 00:00:00
48da563d578242f69599e13f9a03adc1,d7d9e807fdc3e0515504b5cb83e374f2,delivered,2018-01-19 07:29:51,2018-01-19 07:39:21,2018-01-25 00:35:54,2018-02-02 19:58:44,2018-03-07 00:00:00
0ddc479b3d0cef2274f5247136199011,3159cb688e741f7fb4fc2b7f4b207f7b,delivered,2018-05-07 22:18:27,2018-05-07 22:34:31,2018-05-08 13:21:00,2018-05-21 20:08:22,2018-05-29 00:00:00
1ce0acf125f1bcd636276dd213363196,d11524bb77c28efad04e4467eac8a660,delivered,2017-07-31 18:10:29,2017-07-31 18:25:20,2017-08-02 18:22:30,2017-08-09 20:38:07,2017-08-28 00:00:00
b3656ff96573b07910d0f54a4505454b,7791d0eaf5b8b96db289aef6ef2c2c38,delivered,2017-07-06 17:53:37,2017-07-08 10:05:21,2017-07-11 22:33:42,2017-07-20 18:19:21,2017-07-31 00:00:00
db840ba7f7a60faf5eff58723492dfe1,40505ab5febdc43bc69fb4a59600923e,delivered,2017-05-29 13:29:19,2017-05-29 13:45:12,2017-06-02 14:37:05,2017-06-05 11:03:51,2017-06-21 00:00:00
f937ec3a717fd77710c5fb85cf5321d9,68b8c86408d7f6fe483107fa73f4dca4,delivered,2018-05-08 21:00:18,2018-05-08 21:11:48,2018-05-10 18:29:00,2018-05-14 16:46:35,2018-05-29 00:00:00
603e8f221c6d0513efe14f9de8cf4fb6,86965bfb868464bac27c29db1419610c,delivered,2018-04-14 15:51:04,2018-04-15 15:51:21,2018-04-16 23:11:51,2018-05-07 17:53:00,2018-05-14 00:00:00
71551c2db02730406edd5839f5e2a53b,537cb44dbff1ab7529ad8d5a4e4f3870,delivered,2018-06-02 17:42:21,2018-06-02 17:55:10,2018-06-05 07:52:00,2018-06-11 17:27:37,2018-07-11 00:00:00
3c26cf501fd4bd60950753e8e1495ba9,20078a6dc1e4d69ba32ddfe6bbe8f768,delivered,2017-05-30 19:12:37,2017-05-30 19:25:17,2017-06-01 15:22:13,2017-06-13 16:37:55,2017-06-30 00:00:00
dfbf5b1075409ef1622cb159715f8f69,ca12928b99154737d4ddca22c8ae99bb,delivered,2017-08-14 12:52:46,2017-08-14 13:23:59,2017-08-14 18:33:55,2017-08-22 17:25:48,2017-09-05 00:00:00
1475f5ec3a992c94a397148561439873,f39d2cea42fe92f3fccca88ec1bf7d8e,delivered,2018-06-30 21:00:26,2018-06-30 21:15:10,2018-07-03 13:56:00,2018-07-13 22:56:47,2018-07-30 00:00:00
650301bf72680bf7f46369e5059b95e6,31437afbb74822b63c1db78249698448,delivered,2017-08-23 23:17:16,2017-08-25 02:50:23,2017-08-25 21:32:45,2017-08-31 18:27:46,2017-09-20 00:00:00
305f5b9d60b68527059527234dfd2b9e,6103f320035ca818cefb958b2459b33e,delivered,2018-06-25 00:52:02,2018-06-25 01:57:27,2018-06-25 08:07:00,2018-06-29 13:25:42,2018-07-05 00:00:00
db5439de7f77d9b66eb4f4de0d9b922c,c0082191755f56bc40cc7dbca5a676ca,delivered,2017-11-28 20:24:51,2017-11-29 02:16:43,2017-12-05 20:45:36,2017-12-12 20:27:40,2017-12-20 00:00:00
4897a7c834ab7bc164cabe5a9444ccec,b74607651ddc8712d5e0e2c62dd82777,delivered,2018-01-07 18:21:19,2018-01-07 18:28:20,2018-01-10 20:54:56,2018-01-29 19:25:00,2018-02-05 00:00:00
3fde74c28a3d5d618c00f26d51baafa0,f2c743697f9b2ff2902df23a16582d80,delivered,2018-08-13 14:07:50,2018-08-15 03:15:09,2018-08-15 08:53:00,2018-08-24 00:14:39,2018-09-05 00:00:00
edca1e6e5049a09e73c18ba943979a84,f36730cd9d5977ff27850994555cc6e6,delivered,2018-03-28 15:29:01,2018-03-29 12:50:31,2018-04-03 15:28:39,2018-04-11 19:02:26,2018-04-23 00:00:00
8f779d94e10c62a62e8b697197ac55e7,ff8e18d5e03f468b0cae3a5da05ea3cb,delivered,2017-08-29 22:38:19,2017-08-29 22:50:13,2017-08-30 20:50:11,2017-09-26 19:58:57,2017-09-26 00:00:00
d6dde74bdeb424af6b660214881b4845,137da6b7c6f269c569e4377b37b84242,delivered,2017-07-26 17:22:33,2017-07-26 17:35:21,2017-07-31 20:14:42,2017-08-07 20:32:34,2017-08-21 00:00:00
5a41aefdf8010bbd69a5264f69213b73,babb58dd58d643c769e12f18288b3214,delivered,2018-07-02 16:13:00,2018-07-05 16:17:20,2018-07-03 12:40:00,2018-07-05 12:48:37,2018-07-16 00:00:00
0b93889b7e9059e7715f55306f977460,dbe4a02a9b2165a9b01e2e84ff17d5b2,delivered,2018-05-15 21:21:58,2018-05-15 21:35:44,2018-05-16 13:09:00,2018-06-20 21:32:54,2018-06-06 00:00:00
903554ca228ef992478ff8d6730cc2d0,8d1ed3140aedf397f201580b2d5630fa,delivered,2017-11-17 13:00:01,2017-11-17 13:35:51,2017-11-21 18:14:49,2017-11-23 11:38:57,2017-11-30 00:00:00
7276ebb4ef0951f006dbfb2deb76d255,c22d78768bdaf7ac1da407717cedac93,delivered,2018-05-16 08:24:45,2018-05-18 04:54:44,2018-05-18 13:18:00,2018-06-02 18:36:27,2018-06-08 00:00:00
154869e9010637920b946e369b26bfbc,300fb5178ddbec6af36a9c042e4ffbdb,delivered,2018-08-17 16:15:13,2018-08-17 16:30:17,2018-08-24 14:23:00,2018-08-29 00:08:38,2018-08-28 00:00:00
e71fb9d75d9348bd9a1cd5abeb2187ee,9da6601cf51fd84303b5696b59825d4f,delivered,2017-11-22 10:09:34,2017-11-24 03:11:01,2017-11-25 00:26:40,2017-11-30 17:37:11,2017-12-13 00:00:00
0ea01a9be52b4c9fdd44188e854643b8,686082a35b4abd8b7460f95528f557bf,delivered,2017-07-29 21:47:03,2017-08-02 02:34:32,2017-08-04 19:13:46,2017-08-09 18:00:30,2017-08-16 00:00:00
99eae747b45fb42516e46311533b3064,30718e0e99f2eff03d3d80ed35312f1e,delivered,2017-09-25 20:31:25,2017-09-25 20:49:22,2017-09-28 13:21:52,2017-10-24 14:46:06,2017-10-31 00:00:00
346c7fbe1745d3fc2a5012e93d121652,f6e11ac509cd8cb560fba84ed1e35304,delivered,2018-06-27 13:04:53,2018-06-28 02:15:41,2018-06-28 14:07:00,2018-07-12 23:24:41,2018-07-25 00:00:00
874a7690bc049bd4ce210d195bdfff7b,f6b2c83ea477af36f44a1e2df7320036,delivered,2018-08-02 12:06:47,2018-08-02 13:05:56,2018-08-10 14:42:00,2018-08-13 15:50:48,2018-08-08 00:00:00
f5e2da86d5da6b3c66ec9f76a8c91bb3,2bcc94fcfc3496453107b83bcf7f277a,delivered,2018-06-24 11:41:01,2018-06-24 11:58:12,2018-06-25 15:25:00,2018-06-27 16:22:21,2018-07-24 00:00:00
2fa10f3a5be4a615bac800682c485f1b,35dcde0462f357347f74dace04d02400,delivered,2018-05-08 14:55:15,2018-05-08 15:09:55,2018-05-10 19:07:00,2018-05-11 22:54:43,2018-05-21 00:00:00
e35151d8b3a7673b477de5db923af75e,6f1619fe6c0faacdee5d55e1204d9128,delivered,2018-05-05 12:03:42,2018-05-05 12:15:19,2018-05-07 13:09:00,2018-05-11 21:21:02,2018-05-24 00:00:00
c818ed0d99c7998f73659bd934936177,b001c30609da9b8618f69ef5bd322b5b,delivered,2017-01-25 10:09:17,2017-01-26 02:10:33,2017-02-06 08:22:12,2017-02-13 10:03:31,2017-03-06 00:00:00
40d61096a3c7681e431d0224b2eb6aab,845e343208c4d592a210f41d93ea218d,delivered,2017-11-25 12:05:04,2017-11-27 15:17:50,2017-12-05 20:28:32,2017-12-27 17:33:09,2017-12-18 00:00:00
cc0d2c0ee3e33e3492e690fb44e1c11f,eeebe739c825f3fbc19ab6a900d773c1,delivered,2018-07-17 14:18:41,2018-07-17 14:30:22,2018-07-23 14:28:00,2018-07-24 14:21:39,2018-07-27 00:00:00
c66b4d4c8665330b53721d0f84feed9d,e0ee313422d91ee55fd1b35d60e5fdd9,delivered,2018-07-02 10:34:59,2018-07-02 10:50:12,2018-07-03 05:17:00,2018-07-09 21:16:33,2018-07-27 00:00:00
cd3deb6d2ee0f10e0a411706fea52dbc,7a6e52e941bc121e59a9857c03600812,delivered,2018-04-13 07:13:19,2018-04-13 07:30:32,2018-04-13 23:12:11,2018-04-16 21:26:26,2018-05-02 00:00:00
f9697e263e9eec082f1ced4fa81d2faa,b4b0ce0c3cfac1b0d240823681496307,delivered,2017-07-24 09:26:03,2017-07-25 03:45:33,2017-07-25 22:47:32,2017-07-31 20:37:39,2017-08-17 00:00:00
993fe6dd93a309500171e1d3b1d9113a,d4912628608c865230b81b506ad14c39,delivered,2017-12-06 14:30:38,2017-12-08 02:54:21,2017-12-11 21:19:56,2017-12-29 20:38:54,2018-01-08 00:00:00
323dc5a41f87be5d3e726a2cd303e6ea,6eee01836a3f4190a21301d38f9424f1,delivered,2018-08-07 12:10:21,2018-08-07 12:24:48,2018-08-08 13:34:00,2018-08-15 19:16:41,2018-08-14 00:00:00
7ff59247bba3cb48642913d4be3bf6ca,abe7ccf10a2f6af1c6afe529304d54a0,delivered,2017-04-21 15:14:30,2017-04-21 15:25:16,2017-04-24 09:47:33,2017-05-03 12:27:54,2017-05-11 00:00:00
dafc4b5ceac0b3e1eeb90f581dacebb6,d18e2fca0eb574d4073d1ff9221b8024,delivered,2017-11-21 22:22:38,2017-11-21 22:29:21,2017-11-22 16:26:50,2017-11-24 21:56:57,2017-12-07 00:00:00
587e32dd528769d669d539531d32aeb5,0af8a25fb0b6f833724bb5818275807b,delivered,2018-08-10 11:46:09,2018-08-11 02:50:25,2018-08-14 10:09:00,2018-09-03 09:32:31,2018-08-28 00:00:00
6aa40159104472e7b1ba3ea38cc2c817,3ee8387189b991320938bf060efcd3e8,delivered,2018-05-16 20:20:57,2018-05-16 20:35:15,2018-05-17 13:57:00,2018-05-22 23:18:26,2018-06-12 00:00:00
f6c24edf013157aee2faf5ede22cf0b1,5f14b76429a1e7266b3f4f6e239cc31f,delivered,2018-07-27 09:23:39,2018-07-27 10:15:15,2018-07-30 13:02:00,2018-08-06 16:36:46,2018-08-10 00:00:00
39b1f85275dd200066b0ec1a4b5e09c3,7e8e59901070f1958fdc4787641849dc,delivered,2018-06-21 13:37:25,2018-06-26 04:58:58,2018-06-27 11:27:00,2018-07-05 15:52:12,2018-07-20 00:00:00
5cf6b83ea7ea941824c64e4933f5efb4,ab3a5056890fe28daadbf396fe470b83,delivered,2017-08-03 08:45:54,2017-08-03 08:55:18,2017-08-03 16:17:37,2017-08-09 22:09:48,2017-08-25 00:00:00
429738a6445a19289b754b8c3f0b058f,10af20cea993579b8dc7401672f14658,delivered,2018-01-29 16:21:48,2018-01-29 16:37:07,2018-01-31 22:28:32,2018-02-07 18:18:50,2018-03-02 00:00:00
0ccb5b7bf95c5b642f3717b08c633361,9c75150ccee7d27156bd4b0b05c828da,delivered,2018-07-07 18:35:06,2018-07-08 18:30:13,2018-07-10 14:07:00,2018-07-13 15:07:29,2018-07-26 00:00:00
4f08325d27e2eb6a5a4c5f4f94e59e07,18d365afa5ec0607a357339d11388671,delivered,2018-04-05 21:18:26,2018-04-05 21:30:17,2018-04-06 19:41:26,2018-04-10 19:12:04,2018-04-20 00:00:00
7d9dad1ac923f80a77b7a8fdd10a7201,05f74b0eb7b097f9b6180c90576decbf,shipped,2018-03-22 16:17:04,2018-03-23 16:15:30,2018-03-27 16:58:36,,2018-04-04 00:00:00
576adb3745bf32808dc8207fe39f8542,f6ec8e3d19c8c405c7839b0389c5bb7b,delivered,2017-06-17 09:36:39,2017-06-17 09:50:17,2017-06-19 17:04:29,2017-06-19 20:54:39,2017-06-30 00:00:00
f73c0c32115b0bbfd5769c0cf67fb1c7,6466a7006594fde33f3ac032585147bd,shipped,2018-01-08 23:35:29,2018-01-08 23:47:37,2018-01-09 20:37:41,,2018-01-24 00:00:00
c40321b07f73ac73c19d95460778265d,89fa631e5b7e20a4528402f684e6c4ae,delivered,2018-08-08 14:45:28,2018-08-08 18:45:11,2018-08-09 13:19:00,2018-08-20 13:52:42,2018-08-28 00:00:00
0cfc3c9271c77a02846073d54b147bf6,b64b8146f3738b7c8173ae099b5a03fd,delivered,2018-04-16 23:45:36,2018-04-16 23:55:18,2018-04-20 22:06:41,2018-04-23 19:49:08,2018-05-03 00:00:00
9c1c2a694dc2ed7632ef2776cb8a2472,0cf85e96be67cc55862fafdb2645cdbb,delivered,2017-12-04 23:39:42,2017-12-05 10:30:54,2017-12-05 20:35:28,2017-12-20 17:44:02,2018-01-09 00:00:00
43f8f1cb2ac6711ebff63254d2310e7f,b487a0ecfe04716cc75e18ce6021a0d1,delivered,2018-05-18 11:48:22,2018-05-18 13:13:19,2018-05-19 08:58:00,2018-06-04 14:07:45,2018-06-06 00:00:00
affcfd3067c168967157abe801a3c4ec,5f40f0d1ada169f5b00ec600e563826a,canceled,2018-02-17 22:18:30,2018-02-17 22:35:29,2018-02-19 20:08:21,,2018-03-06 00:00:00
12d9fe1a3efa51a7fae337cba819adc1,2a6fc1968c4a29c9c258bb1994afbc7f,shipped,2017-02-08 13:07:19,2017-02-09 02:50:42,2017-02-09 10:56:46,,2017-03-17 00:00:00
177777137ce0af9e9cd2cff572728cca,fedcdc6c89d60699c967422066834f65,delivered,2018-02-18 09:28:26,2018-02-18 09:46:23,2018-02-19 16:18:58,2018-02-28 20:04:15,2018-03-12 00:00:00
590ab3344f70c64950c4108f56f56280,227793ef64bc93191fef01f947af0e1e,delivered,2018-04-24 12:57:49,2018-04-24 17:22:10,2018-04-24 23:21:29,2018-06-01 17:38:47,2018-06-04 00:00:00
86e5e14a33e32eb45d4a5a12844a5cf0,5b0b62f1a9b15dcd9499c439f1fe5a93,delivered,2018-04-12 00:12:11,2018-04-12 00:28:54,2018-04-12 21:52:43,2018-04-16 20:16:26,2018-05-07 00:00:00
73cdc34446e390c840f1e71017c5c740,091a1ff2cfc28101a39a1e81fb548b35,delivered,2018-04-03 15:17:15,2018-04-04 03:29:16,2018-04-04 22:17:38,2018-04-16 12:05:00,2018-04-24 00:00:00
ded8a75f89ac9b3ad08c2de7f07bca70,e8e70bec13e1af66ae46c8833096aa0c,delivered,2017-12-04 23:17:06,2017-12-06 23:12:56,2017-12-08 00:27:44,2017-12-12 19:32:32,2017-12-21 00:00:00
03a4e2b0555e9decc299d5f094056892,82ad287ffd79d1492f0291e8d41dde20,delivered,2018-05-15 08:57:40,2018-05-15 09:14:42,2018-05-16 14:49:00,2018-05-21 16:56:39,2018-06-04 00:00:00
ca86f28287cc70b03cbb6db9c80f5a84,e43064fffc20069cfdbe76d4cb9ed0b1,delivered,2017-08-24 20:14:18,2017-08-24 20:25:18,2017-08-25 17:36:27,2017-08-28 13:16:52,2017-09-06 00:00:00
7e110c45faa244ec4ddcf4f1c995b389,296462d8658eaa2b9b34eb8378acf806,delivered,2018-05-25 15:00:03,2018-05-26 14:57:45,2018-05-28 13:34:00,2018-06-01 14:54:46,2018-06-13 00:00:00
cb896c46d38595d3eef1b8aacc192997,36aecba54dfabb1b1ded76d471555414,delivered,2018-02-21 09:58:02,2018-02-21 12:05:36,2018-02-21 22:22:35,2018-03-06 01:17:43,2018-03-21 00:00:00
7828e49a0881db0def748546e4b2c8dc,1cefecd08a908f264a214c2e07f2d3ec,delivered,2018-05-12 14:28:16,2018-05-12 14:51:29,2018-05-14 13:00:00,2018-05-17 19:58:29,2018-05-29 00:00:00
87230abed36d9ec9a1dafd369948b4df,dd100b331fc16cc3ba9925da41fd5c09,delivered,2018-04-26 17:32:49,2018-04-26 17:52:44,2018-04-30 17:53:00,2018-05-28 19:41:46,2018-05-22 00:00:00
a28535f14ee96c734e574170b72034aa,4fca950f390bf0d7b6ae6978401ee992,delivered,2018-04-21 20:15:30,2018-04-24 19:24:49,2018-04-27 09:56:00,2018-05-04 18:22:28,2018-05-15 00:00:00
c54a7eec3c60268882826057b1f7f31b,879d78959cd0ccca3dc692f59b9bc7c8,delivered,2018-07-03 20:26:13,2018-07-05 16:19:56,2018-07-05 14:09:00,2018-07-09 20:56:40,2018-07-24 00:00:00
28e269302feb6f72832f8c443652b8a9,fb6342a87475566c638d724ff575440f,delivered,2018-06-27 22:41:03,2018-06-28 01:11:20,2018-07-03 13:57:00,2018-07-10 17:41:17,2018-07-24 00:00:00
61dd76fc641eea1c3ecc493b029e935a,c0c00bb3d4f8ba50e3272999db271c30,delivered,2017-09-18 21:13:36,2017-09-20 02:35:57,2017-09-20 20:18:14,2017-09-26 21:15:06,2017-10-04 00:00:00
41ad2ae32ee66c07ef3b0301ba02ad27,5c7f8d14a0a12198d1d07167d7d343b3,invoiced,2017-11-24 15:54:47,2017-11-24 19:33:24,,,2017-12-18 00:00:00
227c804e2a44760671a6a5697ea549e4,62e7477e75e542243ee62a0ba73f410f,canceled,2017-09-28 15:02:56,,,,2017-10-16 00:00:00
58611feff9aed2788d48a9ade3b0b44a,c04ba871c12c3b364fb02466591c5463,delivered,2017-12-10 10:26:43,2017-12-10 10:35:24,2017-12-11 20:17:32,2017-12-22 21:29:23,2018-01-08 00:00:00
269507123b136cce3d2f6c5915f11bad,3bf75513c108eb186f5161d5b1dd8492,unavailable,2018-02-12 21:13:25,2018-02-12 21:28:24,,,2018-03-13 00:00:00
cfb601982b3ff65c1821561ec49625bd,95388d69f3c29e5f8a570f9b9b3a104f,delivered,2017-06-21 13:53:48,2017-06-21 14:05:24,2017-07-13 14:41:35,2017-07-17 16:56:38,2017-07-11 00:00:00
da19f73a444dea9507b737d32d8eef61,7f26acabc0de284841a6faaf0c1c0d6e,delivered,2018-01-02 10:58:31,2018-01-02 11:11:06,2018-01-02 19:47:16,2018-01-11 21:20:00,2018-01-30 00:00:00
1e0ad62d9e96fd47434997dfa81497a8,fb7cf75fcef45516f74e0aa013e3ee57,delivered,2017-09-14 00:28:58,2017-09-14 00:44:02,2017-09-15 21:11:58,2017-09-28 21:32:51,2017-10-04 00:00:00
5af0d05071da235938c82eeee6f707c8,daac7aa4ab9796c6594880badc940b5f,delivered,2018-01-15 15:57:30,2018-01-15 16:30:29,2018-01-16 18:58:40,2018-01-22 21:38:30,2018-02-14 00:00:00
563407fb971fc3c8786c1a8adbf8b94b,b8f57f8482efe78015df7a57fee1958e,delivered,2018-08-03 23:54:44,2018-08-07 04:45:18,2018-08-08 12:28:00,2018-08-17 21:07:30,2018-08-23 00:00:00
5ffef190f82ef1609e36ce56abdde5e9,87ed937e173f32a5af54daf84e0732e9,delivered,2017-09-28 15:36:23,2017-09-30 02:36:19,2017-10-09 17:24:05,2017-10-17 17:04:48,2017-11-09 00:00:00
69302450678de30da931f0e8fd5a436e,bfd60c18d33201661d6e6e6030b0b43e,delivered,2018-01-02 12:52:36,2018-01-03 12:47:11,2018-01-04 15:59:04,2018-01-19 19:52:48,2018-02-01 00:00:00
aa2a1f153749ec3a3e20f51942a1fbfa,3221cb8d3c1ab8a7099802ce36470912,delivered,2017-11-29 20:47:39,2017-11-29 21:17:12,2017-12-04 21:12:39,2017-12-11 16:16:58,2017-12-21 00:00:00
39e89b39b5cc8b5e3a38f23e915d1823,2b91bc260dcffbdacd12c4b09e5c7463,delivered,2017-07-24 11:29:43,2017-07-24 11:43:21,2017-07-24 22:34:38,2017-08-10 19:42:10,2017-08-23 00:00:00
fad4db0b469823e4ce0a2506a88ca08a,5dc2bc6196f856dfd196e68009608e83,delivered,2017-10-11 11:31:53,2017-10-14 18:34:58,2017-10-16 19:57:58,2017-10-17 20:31:35,2017-10-24 00:00:00
362be14fdd33f5215e81c98b683c1602,28d7e45382072348de45a1aa5e813e10,delivered,2018-04-08 16:43:55,2018-04-10 16:11:36,2018-04-19 20:02:09,2018-04-24 18:04:10,2018-04-24 00:00:00
6ca5c63fb52f32ccf5309fddb636c3a8,ba5a182e8cec577a4a0ef37eb3b60d96,delivered,2017-10-31 00:48:08,2017-11-01 03:35:13,2017-11-01 19:17:40,2017-11-13 22:10:23,2017-11-24 00:00:00
d7646ffe8fdd9e7d9557f9f7cbf04530,f896e70d84f6db9a56b86a47dd8718f0,delivered,2018-05-04 14:50:37,2018-05-04 15:10:22,2018-05-04 14:48:00,2018-05-08 19:06:42,2018-05-16 00:00:00
a41b4eceec5fb4df1207586f935af481,1fb7536c5500b8a7252af02c78bdb73e,delivered,2017-08-25 11:32:06,2017-08-25 11:45:38,2017-08-29 17:42:35,2017-08-30 17:23:13,2017-09-15 00:00:00
484e9a27d27ffe9d45ed4469cb357475,178f8ca901c81eff6f297dd333bb7974,delivered,2018-03-02 17:02:44,2018-03-02 17:15:40,2018-03-05 18:12:41,2018-03-24 14:08:51,2018-03-20 00:00:00
53f8893a652ff59a88793de9e5817ab4,774c6d56e5d71c722ed8f798785e5e75,delivered,2017-09-13 09:15:27,2017-09-13 13:50:17,2017-09-14 16:21:59,2017-09-22 22:08:21,2017-10-05 00:00:00
988fa10af6e2e1509c1afc489dcd6b91,2b490666f3fa3630b987ba391a9ffd30,delivered,2017-11-19 12:13:08,2017-11-19 12:27:53,2017-11-21 19:48:04,2017-11-27 16:17:07,2017-12-19 00:00:00
0d17115bd61c612a87f11a25e904f8fc,4c058862806089b00d7b8abfefafdca8,delivered,2018-07-18 16:56:28,2018-07-18 17:05:19,2018-07-30 10:46:00,2018-08-06 14:58:25,2018-08-07 00:00:00
de06e436fbb3dd6e10bafb5f24ed5530,11ff39f6282e2a89f5c079a47af66743,delivered,2017-09-07 01:15:30,2017-09-07 02:00:15,2017-09-08 20:29:50,2017-09-12 21:44:35,2017-09-26 00:00:00
66b83d9733e90962483e931e9c6fb3df,98dd276233e59f41f2a896b097c2cc8f,delivered,2017-11-24 20:25:38,2017-11-24 23:34:10,2017-11-28 23:11:30,2017-12-01 14:22:45,2017-12-08 00:00:00
b79fa3320d9e28aa6994cd6864da40ba,ea3f9a4239a952f61df1055303969be3,delivered,2018-01-07 13:50:40,2018-01-07 14:07:03,2018-01-10 17:48:57,2018-01-11 19:26:05,2018-01-24 00:00:00
d3a49dd2f9c21558b7a82c8f076f6c1d,3619684d733b95a9860ca496206a6ab0,delivered,2017-01-16 14:04:11,2017-01-18 14:01:22,2017-02-10 07:07:43,2017-02-23 05:03:16,2017-02-28 00:00:00
601f50b489700f94b4495812a8b09b57,8c025d3f46fb5c1269ab27b3aa204066,delivered,2018-03-11 11:31:08,2018-03-11 11:49:33,2018-03-15 19:38:45,2018-03-27 20:05:44,2018-04-06 00:00:00
2f1170f5a9418a9cfe0602f39ee4aa99,22dfcdfd291a3504e0bb5708058ef999,delivered,2018-03-24 16:08:37,2018-03-24 16:27:39,2018-03-27 15:18:55,2018-03-29 01:32:56,2018-04-06 00:00:00
9ffe2ecd67ea09ead5b860aa81182fd7,a31f9bc462063fa6918a81775c76ce7e,delivered,2017-12-07 17:27:48,2017-12-07 17:35:28,2017-12-09 15:37:05,2017-12-15 01:10:15,2018-01-02 00:00:00
2835db7029951274a3a1ec7ea37d9254,545505856b08fcdd8c1571f73c3c66d0,delivered,2017-12-01 15:18:31,2017-12-05 04:12:23,2017-12-05 19:07:27,2017-12-18 12:53:15,2018-01-03 00:00:00
6715132837520c5934acfadb854f1735,bd9635049655c05f3ace849a74646dfc,delivered,2018-08-06 16:24:47,2018-08-06 16:35:24,2018-08-08 15:44:00,2018-08-17 22:58:43,2018-10-05 00:00:00
f815632f08e4f2b7b05794c0b4c60a74,44b2e81b25f63e1aae942096795f2862,delivered,2018-06-28 09:43:40,2018-06-28 09:55:13,2018-06-29 13:50:00,2018-07-02 16:28:57,2018-07-12 00:00:00
b0d1a361bbba5b9253ef15ba8fa7b54a,0c428325a6e5827165ead35a82e51f27,delivered,2018-04-16 21:32:12,2018-04-18 13:10:46,2018-04-20 18:52:33,2018-04-26 01:08:50,2018-05-09 00:00:00
eb3e609122ff22d02d5a59b00537e936,31d3d3ce8c39051cf0f260b9c9aea268,delivered,2017-05-02 13:10:57,2017-05-02 13:22:47,2017-05-09 14:19:27,2017-05-11 13:12:17,2017-05-23 00:00:00
a891a6826aee7ca570551a63a25c135b,aa6c06fc582aea2912edc17eea2be533,delivered,2018-05-18 11:19:54,2018-05-18 13:06:55,2018-05-18 13:36:00,2018-06-07 22:05:37,2018-06-07 00:00:00
cc3d4ac8f11e38aebf094617bdbe0fec,d61c4651520e542fbd88621b9e980aec,delivered,2017-10-04 19:40:44,2017-10-05 02:44:04,2017-10-06 22:42:07,2017-10-19 19:17:56,2017-11-08 00:00:00
0fabf6ce53c71089f2082b2b200bf8ee,33e8eb5591ee4ea6c91d062b6d8d952c,delivered,2018-05-09 15:45:17,2018-05-10 04:16:16,2018-05-10 13:35:00,2018-05-14 19:34:56,2018-05-24 00:00:00
0466015790ddd0ed7a2e65a6ca039c73,bec34e289955dde2437d70e6d8be480d,delivered,2018-04-13 12:40:08,2018-04-13 13:30:29,2018-04-17 13:32:30,2018-04-24 21:44:44,2018-05-10 00:00:00
9f59e3048b31d71c3aeec67a15467426,dbb8e2fa66d48153c38fb4548c4166a9,delivered,2018-02-07 16:32:39,2018-02-07 16:49:38,2018-02-09 00:38:37,2018-02-19 23:12:12,2018-03-07 00:00:00
815870a80fd96370919e0d7d0d117412,865ee1fb8ad1d078203ed382830c0e07,delivered,2018-08-12 12:22:40,2018-08-12 12:35:15,2018-08-15 12:12:00,2018-08-29 15:31:34,2018-08-30 00:00:00
e243ea7648d08ca3d860047e7ec10a51,0201bb51c671f43f4e581e5c3fd5eb55,delivered,2017-06-20 10:01:07,2017-06-20 10:15:11,2017-06-22 07:25:46,2017-06-26 13:33:08,2017-07-10 00:00:00
14b7e39120c1668b13c4a3c11f983585,f719c61944872ed2e2a08e03b8902c11,delivered,2018-01-27 15:24:12,2018-01-29 15:35:34,2018-01-30 19:55:20,2018-02-06 23:24:57,2018-02-21 00:00:00
7144e3464cff785210679dc9bf9b30ef,bcee5a28794e3d2184a0422ca5c0b95e,delivered,2017-03-20 22:24:07,2017-03-20 22:24:07,2017-03-21 09:17:49,2017-03-27 13:12:32,2017-04-13 00:00:00
19d4b553f5c9c51a7d58635e7f5421ba,3b89a5688ba5b8c0fed6a02db53bda76,delivered,2018-03-22 18:05:42,2018-03-22 18:27:56,2018-03-23 18:57:22,2018-04-09 17:25:40,2018-04-10 00:00:00
294b1c5de37c3a34f912d69702e42c67,efdd60dbd93b4bc825ba892a9903b72d,delivered,2018-08-10 15:59:44,2018-08-10 16:10:16,2018-08-13 15:30:00,2018-08-15 22:20:52,2018-08-22 00:00:00
38636a6a86131fe2c507943a16833350,f7fb63d6601b56b83781981988450f66,delivered,2017-03-15 16:38:57,2017-03-15 16:38:57,2017-03-16 10:06:55,2017-03-29 12:47:49,2017-04-07 00:00:00
809098f34297c9735dd68d0bf8571f98,09b8d2be4d111c7467b4219677696edc,delivered,2018-03-06 12:04:18,2018-03-06 12:16:02,2018-03-07 16:20:03,2018-03-12 15:11:05,2018-03-29 00:00:00
06a7cc29c9ea73fb0e7d4dc3d9284a76,790b71dafc9a25097d6a911c65f351f6,delivered,2017-11-24 22:46:29,2017-11-25 00:58:33,2017-11-27 12:55:12,2017-12-02 19:17:30,2017-12-18 00:00:00
3dc3b3d8c073e795040be5836fdd8691,a255c79850f6fec25ccd1acabd4a98da,delivered,2018-01-17 18:13:00,2018-01-17 18:29:58,2018-01-19 02:48:35,2018-02-07 22:28:35,2018-02-16 00:00:00
7eaf906a67eb432a7736e3affdd3611a,c42fc702f762344fa2c3f3ca4bf7064b,delivered,2018-01-25 15:14:08,2018-01-25 15:40:54,2018-01-29 22:28:43,2018-02-02 12:04:34,2018-02-19 00:00:00
f9d624fff0e97399f92fe058220ba64f,91f4c41a935cd785368b978f1a82b237,delivered,2018-04-25 18:22:34,2018-04-25 18:35:21,2018-04-26 12:54:00,2018-05-10 21:28:42,2018-05-29 00:00:00
8336334036e8b201a6013cebe4ef9d07,4b8954ec75ed3498135a9aa782a73621,delivered,2018-04-01 21:31:37,2018-04-02 21:30:15,2018-04-04 17:36:37,2018-04-07 17:19:50,2018-05-09 00:00:00
314232aa66620ef1a3b49d362d3e0866,02e5fd58c123b384bdbb86d5fec3ad12,delivered,2017-05-22 01:40:22,2017-05-23 03:25:35,2017-05-26 06:36:36,2017-05-30 14:21:09,2017-06-16 00:00:00
97c111c4f22dfa1089a9c0b5338dcc79,97ea3f8303b2f735ed945e04d62c7540,delivered,2017-06-07 13:16:14,2017-06-07 14:00:07,2017-06-09 15:40:04,2017-06-26 11:49:43,2017-06-30 00:00:00
7d4bbd720f893f2ce3f6e19f95c4249a,9f9ced8eb6ca98352e7f4851b6890cd4,delivered,2018-05-24 11:30:54,2018-05-25 11:37:01,2018-05-25 11:15:00,2018-05-29 15:17:35,2018-06-29 00:00:00
b1866dace5f7daf46e4ef10ed7c3a5e9,eb6cafe1788b71c7e4d0fb96b62c6cb7,delivered,2017-11-20 12:49:35,2017-11-20 13:07:31,2017-11-21 22:55:36,2017-12-27 00:06:56,2017-12-18 00:00:00
3a8b5d6aa0469ea3789217f050a30c08,786755e5df0baf46b299b5fabe8164a8,delivered,2017-12-08 20:07:45,2017-12-08 20:18:27,2017-12-20 15:13:45,2017-12-29 18:17:51,2018-01-12 00:00:00
ca54499cdd91809ae3a82f84db2cfcb5,5d424383919a6c35ff701ae62d5c3516,delivered,2018-05-12 13:49:27,2018-05-12 14:11:56,2018-05-14 10:08:00,2018-06-06 17:58:52,2018-06-13 00:00:00
7969cdbcf6e0f319751fd9a0c1994400,d9c91b17b789d306e319ab6fa9140346,delivered,2017-10-18 18:46:59,2017-10-18 19:09:15,2017-10-23 20:55:03,2017-10-31 21:51:49,2017-11-07 00:00:00
c07532b3d125445e52b55819958090b3,2cca8960b54982e9191e4360ee712034,delivered,2018-07-19 10:17:35,2018-07-19 10:30:15,2018-07-20 13:52:00,2018-07-27 17:48:43,2018-08-14 00:00:00
788fd52fc975c7697d2de726a27d4146,56429e2ece00752a241776df4c271596,delivered,2018-06-25 11:17:52,2018-06-25 11:33:56,2018-06-25 14:14:00,2018-07-04 17:19:28,2018-07-26 00:00:00
e49a1046c2917c7dd73d6f9ae9a94afb,ebb969bbf53ce29792e48048edf27f90,delivered,2017-10-24 21:19:57,2017-10-24 21:28:26,2017-10-27 14:07:33,2017-11-08 18:52:46,2017-11-21 00:00:00
4582df009a901c9936acf91fb8355626,212139e70b7c0f24120cfd148bb4cd4f,delivered,2017-12-06 11:04:56,2017-12-06 11:31:06,2017-12-13 19:13:40,2017-12-29 13:39:02,2018-01-02 00:00:00
6afa03fba2ab6ae8174e9c9477c85506,bd5240fb34dcb6a57e2ede1cba25d65b,delivered,2017-12-04 13:39:45,2017-12-04 16:47:26,2017-12-05 21:18:46,2017-12-11 17:23:34,2018-01-03 00:00:00
fbff77db5421bb7e1da292db45d07e75,7795e3faa6e16fc40aafee568b25a85d,delivered,2017-03-15 11:41:46,2017-03-15 11:41:46,2017-03-16 04:19:03,2017-03-20 10:34:54,2017-04-03 00:00:00
2cd1462cdfa4e911bdab5084ad3b7f34,480f1f560457c6fab13b8c4debb7b294,delivered,2018-06-14 13:57:30,2018-06-14 14:21:51,2018-06-15 13:13:00,2018-06-18 20:21:20,2018-06-26 00:00:00
6be65d2a1acba9c3882fe845f097c354,7b7ead41153dbd4eb51cbe0953cacbbd,delivered,2017-07-16 22:14:46,2017-07-16 22:25:20,2017-07-17 22:05:33,2017-07-20 20:25:49,2017-08-07 00:00:00
1d28f6017289eba334290b00546ea432,0722bb9204b10c58f3641b0c27c7dc72,delivered,2017-02-27 21:24:42,2017-02-28 21:30:12,2017-03-03 11:35:54,2017-03-27 14:28:00,2017-03-30 00:00:00
85a539b344a1fc574ec18a1196acfb75,0c387de9b1d29c241fd527453fc9650f,delivered,2018-01-23 08:03:24,2018-01-24 07:52:32,2018-01-24 21:09:31,2018-03-02 23:25:46,2018-02-15 00:00:00
f2dd7ec887233f5e7d50f80b813d4c2a,27906336f91e1856dad3519e74169a28,delivered,2018-05-27 16:54:10,2018-05-27 17:11:26,2018-05-28 14:08:00,2018-06-08 18:52:34,2018-06-28 00:00:00
9d664ec86be69d869bb6870294c4fdd8,0a9ee4d9030acbe428769c79d0c4da69,delivered,2016-10-08 15:02:10,2016-10-08 19:55:50,2016-10-12 19:55:50,2016-10-31 11:35:45,2016-12-12 00:00:00
50aa38855e4ae4229ff0897c6ce7511d,8fb3ad4132f3d79f831fa2265e7a80dd,delivered,2018-04-16 10:32:44,2018-04-17 05:50:56,2018-04-17 18:45:50,2018-04-24 18:02:25,2018-05-16 00:00:00
092de8ef0dad90862e5c0dfb15a10790,398899392bf588aac4d8668ae3dca492,delivered,2018-06-20 17:46:25,2018-06-20 18:46:56,2018-06-23 08:53:00,2018-06-29 19:32:22,2018-07-19 00:00:00
d521c782a20b0f531a2c0f8b124b59a1,960b94f93098dc8a3d3fe9c787d40c6c,delivered,2017-11-28 09:13:35,2017-11-29 02:21:40,2017-11-29 20:07:54,2017-11-30 16:47:18,2017-12-13 00:00:00
2a20173829ff5bd342163335865aa490,4dbd34761bb1a1eb90ea2914481604b3,delivered,2018-01-10 13:12:43,2018-01-11 02:33:27,2018-01-17 17:34:14,2018-01-19 19:12:43,2018-02-08 00:00:00
6d47bd16bfe3f754b853be0ba635ed7d,d688f50c4d01239dd578a2a79beba7bd,delivered,2018-06-18 16:45:05,2018-06-18 17:01:57,2018-06-19 13:10:00,2018-06-20 20:26:49,2018-06-28 00:00:00
0539e3f47ed27c984efee378a2aa7f07,a2c403073285474c9bb42414f75badde,delivered,2018-04-09 19:42:09,2018-04-10 04:11:08,2018-04-10 21:56:28,2018-04-17 21:50:56,2018-05-07 00:00:00
2d8b7efa1e3e13012f43533582104eae,90fbd970f995af4a5657912fe4280b44,delivered,2018-05-03 23:35:50,2018-05-03 23:50:46,2018-05-04 14:05:00,2018-05-10 19:38:23,2018-05-21 00:00:00
abc371fa4448846ac98855c256ab235f,2ae960d0b2a92913f76520f59d0749b4,unavailable,2017-02-11 19:26:28,2017-02-13 14:05:15,,,2017-03-10 00:00:00
41272756ecddd9a9ed0180413cc22fb6,914991f0c02ef0843c0e7010c819d642,delivered,2017-10-12 20:29:41,2017-10-12 20:49:17,2017-10-13 20:08:19,2017-11-01 21:23:05,2017-11-13 00:00:00
f21167a5141522821d54a766a2a54ce4,b0a36c4a0a2bff86d12b4eeee99bf958,delivered,2017-02-07 12:47:52,2017-02-07 13:05:51,2017-02-08 16:16:44,2017-02-17 17:42:03,2017-03-02 00:00:00
dd1240d12bb27a5516e0bfe172c26d0b,0f0e4d2d4465dcd0451d474922ca94f4,delivered,2018-03-12 19:04:03,2018-03-12 19:15:36,2018-03-15 00:25:21,2018-03-29 19:33:01,2018-04-17 00:00:00
2be6c8b958e16856397259974d4abee9,ccbce7bcb13ee88adcf78890cae0ea42,canceled,2018-04-02 18:20:00,2018-04-02 18:30:38,,,2018-04-19 00:00:00
23b6026f4aa837ed95e0941208f31434,535a1ea70ace4f44f74c6e88c26d2008,delivered,2018-07-02 16:53:10,2018-07-05 16:17:36,2018-07-04 13:44:00,2018-07-07 16:31:31,2018-07-30 00:00:00
05104976125ea1e5cc04bc1f506a436a,161045ee99ad91883dbc1a6d26127785,delivered,2018-08-14 11:44:44,2018-08-15 22:44:03,2018-08-20 13:31:00,2018-08-25 15:15:32,2018-08-24 00:00:00
210a5f61a6a19892f81bb269863f4742,c7a706169d8f5a205cc24d7387fad5d7,delivered,2018-01-12 20:16:58,2018-01-12 20:25:32,2018-01-17 21:04:30,2018-02-03 01:44:53,2018-02-15 00:00:00
f695e0534456bafac8cda166dc5fd0e4,04fa959a05c178cef48c006e12af8024,delivered,2017-08-29 22:25:09,2017-08-29 22:35:33,2017-09-06 17:13:52,2017-09-11 19:53:39,2017-09-26 00:00:00
da274e08fb80aeff81a543aae3cf9784,56613e79bf08946fd9e57594aaa83951,delivered,2017-04-25 15:12:44,2017-04-26 09:33:24,2017-04-26 13:19:59,2017-05-05 16:49:54,2017-05-23 00:00:00
fa464e66c13ab4ea69b7fb3c7888ea0c,8b3f585d9b903aef051c408e328385d8,delivered,2017-12-04 16:10:46,2017-12-06 02:50:04,2017-12-07 20:22:31,2018-01-03 19:07:05,2018-01-02 00:00:00
f2afcdfbf3e9be7b7561ccd2a7e4a9cc,cf0f612ef30da1ff2dfe1bc7b409d20d,delivered,2017-07-30 22:29:00,2017-07-30 22:43:04,2017-07-31 18:31:38,2017-08-02 19:07:57,2017-08-22 00:00:00
5cca24359ca7443aa609e17be46a0990,7e4b15f49a6df5d7cfff17fce8610367,delivered,2017-08-18 02:37:16,2017-08-18 02:50:07,2017-08-21 20:15:55,2017-08-29 23:37:50,2017-09-28 00:00:00
7b5c9b9ae5e759f77cfd085d21f18d69,0f3e82d2941a34d2eec21b6f999038e7,delivered,2018-05-13 10:27:57,2018-05-13 10:53:56,2018-05-14 14:03:00,2018-05-18 00:12:20,2018-05-25 00:00:00
91199340efe15554e4533e5ffe47a31b,41110560ba94c2e86afc7a12ad56ad08,delivered,2017-03-31 07:51:28,2017-03-31 08:05:14,2017-03-31 13:01:02,2017-04-04 10:38:04,2017-04-20 00:00:00
15565710182cd35455ee0abf4b701ea9,5e7bb90d4342e8086e9a9acc1360a1e0,delivered,2018-02-17 08:27:55,2018-02-20 07:27:53,2018-02-23 23:14:50,2018-03-02 23:29:03,2018-03-16 00:00:00
80b088ae48ba538f0d70f0eeb541ccfb,d856ccf69b8f0994e5fb89921311e788,delivered,2018-04-10 10:50:26,2018-04-10 11:09:35,2018-04-20 14:51:52,2018-05-03 22:33:31,2018-05-15 00:00:00
7b71869b0ed372d90284fcfbfbba82d9,2c91b53e99543c0a14b36a12298f7e75,delivered,2017-09-16 15:03:12,2017-09-16 15:15:20,2017-09-18 21:05:47,2017-09-21 18:26:53,2017-09-28 00:00:00
b80185240ef710443ca7ea53cb1cbce1,b714ada6fe694b6d0eca038f33e53305,delivered,2017-12-09 20:44:18,2017-12-12 03:38:28,2017-12-13 18:35:27,2017-12-28 18:09:36,2018-01-08 00:00:00
7f7d930e1a05e466d5fe29da5970d8bb,5e04181511e29f78b1578226ce1f58b7,delivered,2018-01-18 16:52:03,2018-01-18 17:12:54,2018-01-19 17:42:02,2018-01-23 19:16:50,2018-02-02 00:00:00
64fd78c83d0cab22a8284559075fbfb9,a7d495df54f10702f7163c5fed0ffb5b,delivered,2017-08-14 18:37:59,2017-08-14 19:10:17,2017-08-16 00:25:42,2017-08-17 16:13:52,2017-08-30 00:00:00
89ca163ca854eaee18b4ba6110f524fe,88dc2fd9f370819ccad550243f836229,delivered,2018-07-04 21:45:50,2018-07-05 16:17:49,2018-07-05 14:38:00,2018-07-11 21:03:42,2018-07-26 00:00:00
f2187ad0889a7f43d3b4b341f0124d84,453d8b7c9bcc632c55fb9864364036c7,delivered,2017-03-15 15:58:14,2017-03-15 15:58:14,2017-03-16 14:42:27,2017-03-30 12:37:54,2017-04-18 00:00:00
fce708f65c465d38118d98590c99b530,731af31383f967851892464b78495dfe,delivered,2018-04-20 10:11:06,2018-04-20 10:33:16,2018-04-23 19:28:44,2018-05-02 21:33:07,2018-05-21 00:00:00
577b745a85120419fe27073e3c9e1a76,dc5e8db48a49602f506e67b843668d72,delivered,2018-04-26 21:57:27,2018-04-27 13:30:54,2018-04-28 07:58:00,2018-05-07 13:22:01,2018-06-08 00:00:00
3ae926d60440f9f3c6ddc952f25c9da2,752c350e23bfa33f3100814d91c498f0,delivered,2017-12-27 22:32:25,2017-12-27 22:47:39,2017-12-28 21:21:51,2018-01-09 15:08:58,2018-01-29 00:00:00
55d61651bd48809af0402aa14f64e523,509466c13cf576e803ed0a1a39cc0792,delivered,2017-11-30 18:59:34,2017-12-01 14:25:07,2017-12-01 17:41:44,2017-12-11 19:17:09,2017-12-22 00:00:00
bb4a9be7985d105a189b15022bcc7120,1bd497559d3bb2d34229b14d520878b6,delivered,2018-08-06 06:23:06,2018-08-06 06:35:10,2018-08-06 13:09:00,2018-08-07 17:41:36,2018-08-09 00:00:00
8eec74d633d059c6dcdf542294b40d2e,ee52c3b2cad76d229c995e431868b963,delivered,2018-04-11 09:15:12,2018-04-11 10:50:41,2018-04-11 20:28:30,2018-04-14 11:58:32,2018-04-27 00:00:00
8c13aa9bfa920854ca73694d94387d40,8ad17d877d2373c52b855c0eed7295bd,delivered,2018-05-21 11:39:50,2018-05-21 15:31:47,2018-05-22 12:24:00,2018-05-24 18:21:44,2018-05-29 00:00:00
f7a6067a1669a4d0b6a58e933098da0c,1ffa4eac7791a589b5d77c34ec891855,delivered,2017-09-12 21:16:27,2017-09-12 21:25:52,2017-09-14 13:51:58,2017-10-06 17:57:40,2017-10-02 00:00:00
eac9691979b0aac3f3061abaff2f4f8a,88fc4e4500e96a9f54a7968d7d72d132,delivered,2017-03-24 15:08:18,2017-03-28 03:50:30,2017-03-29 07:22:23,2017-03-31 12:03:48,2017-04-18 00:00:00
60b37209020e1a5a5857b1ceec4037de,90c5ced703f28718eef7ac75cb35e854,delivered,2018-08-08 11:22:08,2018-08-09 15:55:16,2018-08-14 14:10:00,2018-08-17 11:42:33,2018-08-23 00:00:00
7656e54ae9322214b7459746ca6076a8,d05966e8b9f08a75a63091a2215025e5,delivered,2018-05-03 22:15:36,2018-05-03 22:30:31,2018-05-07 11:30:00,2018-05-08 19:37:44,2018-05-15 00:00:00
30e934394c047a409bb861a9ecbcff43,bfc48761221b04268c51e10b30855efa,delivered,2018-08-09 13:59:34,2018-08-09 14:30:09,2018-08-14 13:09:00,2018-08-17 20:41:34,2018-08-16 00:00:00
2911b82b07d1481125508ab8b0292446,6d38fd38d3359b955869ecb4aafed5f0,delivered,2018-03-30 18:40:22,2018-03-30 19:27:15,2018-04-04 20:24:56,2018-05-02 21:24:49,2018-04-25 00:00:00
fa10306616d50d14bc0545758727f936,9cd9ab13e36c85a8c647285faa325e8a,delivered,2018-01-23 16:31:38,2018-01-23 16:39:31,2018-01-24 18:09:23,2018-01-25 15:15:42,2018-02-07 00:00:00
849c91eae9d79b010c5dbba0d30e42fe,8719f414841856e13125bc3c8eb012f8,delivered,2017-04-20 11:52:22,2017-04-20 13:05:29,2017-04-24 14:54:17,2017-05-12 03:22:53,2017-05-24 00:00:00
a9da0d64f6c4dff3f3f383f6b076b24a,b846ee801968b406638b72931ac80bb4,delivered,2018-01-22 14:31:59,2018-01-23 03:37:30,2018-01-26 18:08:54,2018-02-01 18:18:56,2018-02-14 00:00:00
c4ee850f0510c341d498f4d7adbd7540,da58a1b4746c306cd736bec85eb02118,delivered,2018-01-26 15:03:46,2018-01-27 02:41:28,2018-01-29 18:29:33,2018-02-01 22:22:51,2018-02-09 00:00:00
418e52c121e971463d3804676a3042a2,f48c05d30461f65385a92cb74f73a934,delivered,2018-04-29 12:39:11,2018-04-29 13:33:50,2018-04-30 11:39:00,2018-05-07 16:21:37,2018-05-23 00:00:00
7bec0ef2b65e6c75fc082d823d0a59ca,0e068af4f6f8959942b47a78c8255534,delivered,2018-01-15 12:22:13,2018-01-15 16:56:20,2018-01-22 16:45:09,2018-02-16 03:47:07,2018-02-08 00:00:00
a59ef0abffbef8ddaae23600b6ee6604,49e64271fb8eeb19851dc7e850e92204,shipped,2017-11-06 17:35:49,2017-11-07 06:31:44,2017-11-07 18:57:39,,2017-11-24 00:00:00
079ade008533bd5cb246826aceace87d,d1fc28d14e2807fee09df0a9157a28ce,delivered,2018-01-22 01:24:25,2018-01-23 03:53:01,2018-01-23 22:54:19,2018-01-25 17:39:45,2018-02-06 00:00:00
5d3d6b8740f0b956853ba943e42e2c22,74f0cc1d27884a102efa142ba1f540b3,delivered,2018-04-24 22:52:02,2018-04-24 23:12:31,2018-04-25 15:24:00,2018-04-26 19:29:38,2018-05-11 00:00:00
36ecb03adac621359783057bc20bddb9,731babad57484430c98796380047dcfa,delivered,2017-12-10 19:22:08,2017-12-10 19:32:33,2017-12-11 17:19:59,2017-12-19 20:41:39,2017-12-28 00:00:00
be48bdef069ed1eb0d320bfe65d26351,608d232311554f84a24cbe6ccc3dbab8,delivered,2017-12-02 19:41:11,2017-12-02 19:53:44,2017-12-05 14:59:29,2017-12-10 12:19:04,2017-12-27 00:00:00
f5c5f55feb6cefec984e26efbe2a130b,e79ba74d49aad29056945edd15f596ae,delivered,2018-08-07 18:49:58,2018-08-09 03:55:18,2018-08-13 15:35:00,2018-08-20 16:16:27,2018-08-23 00:00:00
b3aa358cdcee8ff60eb149b6edfc6212,5f1378ccd418728c6880fcaf4a766ec3,delivered,2018-02-14 18:27:11,2018-02-16 07:47:02,2018-02-20 23:24:12,2018-03-06 20:13:32,2018-03-14 00:00:00
9a0fd0d61c564bcbdfcfa980c35f3f91,3726c02e55f57eb122517c1238d243fc,delivered,2018-04-23 18:18:38,2018-04-24 18:58:16,2018-04-25 09:05:00,2018-05-05 16:52:35,2018-05-22 00:00:00
d12c09d68d5c3b6907f4a3850848a07a,c5ead19a68ca5b63321e83b4fc7493d1,delivered,2017-12-21 20:16:14,2017-12-23 02:17:33,2017-12-26 18:42:47,2017-12-27 14:47:09,2018-01-18 00:00:00
7ae3e9e3c63c370377acc76433f21ed4,22dde3febe18c471dbe74d6fcbed1030,delivered,2017-09-11 14:22:05,2017-09-11 14:30:23,2017-09-12 20:03:58,2017-09-14 19:47:28,2017-09-21 00:00:00
7f8c45241719d873d8f5e3899b7101be,638b26aac56556d62b8090bbab4f40ac,delivered,2018-04-03 20:00:38,2018-04-03 20:10:13,2018-04-04 19:38:24,2018-04-18 19:58:31,2018-04-30 00:00:00
6b4821d258243cae952dd793cc1d0d11,e1c909604e69c6f130e6689d367fc567,delivered,2018-02-24 16:21:10,2018-02-24 16:30:47,2018-03-03 14:53:03,2018-03-16 20:47:21,2018-03-19 00:00:00
ed12c1acf2aa565658a1353aa0443768,6fc5d660962f2e834ec51f31fae707d7,delivered,2018-04-22 16:03:31,2018-04-24 18:59:40,2018-04-23 19:18:50,2018-05-18 14:32:45,2018-05-23 00:00:00
6d3e3e287e00339a15d1b86b209121e7,3c22754a609d713c7233bb5037b77923,delivered,2017-11-18 12:29:57,2017-11-18 12:46:08,2017-11-21 19:22:06,2017-12-05 00:10:05,2017-12-11 00:00:00
ed4a172213a7200e76de6bc76fc586d9,1a35275f8244f3615499d22380d98c61,delivered,2017-08-16 08:52:19,2017-08-16 09:15:13,2017-08-16 16:29:04,2017-08-18 19:52:29,2017-08-29 00:00:00
ac88d96f79bb0884df747b9c38fe48f7,ced8f3419d9a7d7fec840b843b36d6c2,delivered,2018-03-11 18:14:17,2018-03-11 18:28:00,2018-03-12 23:18:58,2018-04-15 15:28:40,2018-04-05 00:00:00
cd765bd17903ea30da9a83f9c0532d16,a4cb2c471ad7d5392d84612e57b562b7,delivered,2018-02-13 21:09:15,2018-02-13 22:00:26,2018-02-14 20:13:15,2018-02-19 21:52:04,2018-03-06 00:00:00
ab9693314be34b42d324f7e181ddd103,7794efb5f117fc33bc8e339af969a7f3,delivered,2017-12-08 08:17:01,2017-12-09 07:52:18,2017-12-18 13:54:53,2018-01-14 15:27:40,2018-01-15 00:00:00
1295050865da290bb94474fdb4cec31e,9e67c0ac3887a0cbbd8428dbf046cc9b,delivered,2017-06-25 21:10:29,2017-06-25 21:23:14,2017-06-27 12:16:38,2017-07-01 11:13:33,2017-07-14 00:00:00
a274d2bbfcca25b8c47ee2467583e81e,97380627e3eb0d89d2c83986435eaa1c,delivered,2018-08-03 08:39:14,2018-08-03 08:50:19,2018-08-03 13:14:00,2018-08-10 21:11:52,2018-08-15 00:00:00
d5bac5448a70372042b7f46473e048f0,126c79c7eeaea3fa15c2a06bfd2292be,delivered,2017-12-16 12:57:39,2017-12-16 13:11:10,2017-12-19 21:33:05,2017-12-29 22:29:07,2018-01-12 00:00:00
3af81bc8825a617ec4180b4f4a52e510,e52e2ce3e57c0a3653e6ff2bb04eae2c,delivered,2018-03-03 20:46:37,2018-03-03 20:56:09,2018-03-06 18:13:59,2018-03-19 13:33:07,2018-04-03 00:00:00
2bfd14409ba8ba1153ce42b2abc44bb8,9522d39cabd497bd4bc5fb1b226cd5cf,delivered,2017-12-18 17:43:43,2017-12-18 18:52:09,2017-12-19 19:04:27,2018-01-05 13:46:27,2018-01-18 00:00:00
1e5b4183205018be34950eae3e8b2793,20ecb7c7bdd6d0b376c442b3bab0c97e,delivered,2017-06-14 11:31:55,2017-06-14 11:45:14,2017-06-20 15:31:59,2017-07-04 15:59:54,2017-07-14 00:00:00
509e9d1f29c6fe103a4738b15478ac45,c3f9d2766e289410c0cc3a4256667bde,delivered,2017-11-24 23:07:12,2017-11-25 01:16:57,2017-11-28 16:44:46,2017-12-12 19:45:03,2017-12-19 00:00:00
b16e956bda09e0aea31977bec8585ba6,0e6b3f03fc1d953048dcfc22be4282db,delivered,2018-04-18 12:23:41,2018-04-18 12:35:14,2018-04-18 22:08:31,2018-04-23 19:58:31,2018-05-11 00:00:00
d8a3a8c458243721ca285392ac882c78,2abd673eabe8cbc837887bad6ebcffa7,delivered,2017-05-14 22:39:17,2017-05-14 22:50:21,2017-05-18 07:36:48,2017-06-14 08:38:54,2017-06-14 00:00:00
b1b9a3b7e5a69074065f547c1e98c8aa,7c693a76aa27676d2ad09dbb1a64f698,delivered,2018-07-02 09:57:04,2018-07-02 11:00:31,2018-07-03 07:39:00,2018-07-04 01:45:56,2018-07-16 00:00:00
1df8665c93634d03e96d99d58ce1efb6,d2de2cde46b0f64228fb64eab3cd79c1,delivered,2017-09-12 13:03:30,2017-09-12 13:15:29,2017-09-12 20:39:56,2017-09-22 20:16:44,2017-10-04 00:00:00
87500eb4c129524a989447f3fb4d5c8d,003f7d92ac63c512bb6584219806f8df,delivered,2018-02-14 12:45:19,2018-02-14 13:07:10,2018-02-15 17:51:56,2018-03-14 23:03:20,2018-03-06 00:00:00
3adb141ba4bd69dd7fe8d3fb733c6b74,c0539d5c87fc7c97a8418adffe4b45f0,delivered,2018-08-14 23:29:21,2018-08-16 03:05:11,2018-08-16 13:28:00,2018-08-28 18:02:52,2018-08-24 00:00:00
cedea2bde15dac9808c6cd430cbf03f4,63e084b9953458d4d14bb6c256f831cb,delivered,2018-07-10 20:26:08,2018-07-10 20:45:37,2018-07-12 12:13:00,2018-07-23 11:10:42,2018-08-01 00:00:00
00054e8431b9d7675808bcb819fb4a32,32e2e6ab09e778d99bf2e0ecd4898718,delivered,2017-12-10 11:53:48,2017-12-10 12:10:31,2017-12-12 01:07:48,2017-12-18 22:03:38,2018-01-04 00:00:00
19f98c610ce8a9b866159c5db4784373,34c7b7a43f4fb3c649c886dac07f7125,delivered,2018-05-10 13:51:45,2018-05-10 14:16:24,2018-05-10 15:25:00,2018-05-11 23:41:32,2018-05-18 00:00:00
31472917c2860ed762efd622d5862d88,b6102fd2d657e6c43033cf2a70270ca2,delivered,2018-05-10 14:45:19,2018-05-10 15:11:28,2018-05-11 12:52:00,2018-05-25 18:17:37,2018-06-07 00:00:00
e50118751e7505e22fb6491d648be823,4d0c84801ed90639fddede4c7106a10f,delivered,2018-02-22 16:26:35,2018-02-23 14:40:33,2018-02-26 22:19:11,2018-03-06 16:08:18,2018-03-19 00:00:00
28143b0b8baca7bc05bdcde9a7c65bd3,3402b7a6bf20e4e3502b6ce90faa9bfa,delivered,2018-02-01 10:57:12,2018-02-01 11:12:28,2018-02-06 01:14:30,2018-02-26 19:58:40,2018-02-23 00:00:00
86750203b5e14b3a36c7a0c8612c8b8f,2cd23af13425dee1f3906989c339abff,delivered,2018-04-07 13:54:41,2018-04-07 14:08:30,2018-04-10 09:38:59,2018-05-05 13:34:28,2018-05-07 00:00:00
cb9dc2a38a77d7bc14a8a39841c4a542,50de731496c823a245e5e56010a3efcb,delivered,2017-09-11 16:44:09,2017-09-11 17:55:19,2017-09-14 19:13:53,2017-09-25 21:38:51,2017-10-02 00:00:00
610b8837e9399ae8047a7050cedb03d1,6002bd4db0fa07e2fcaf6fcc0bc070e9,delivered,2018-04-11 10:48:05,2018-04-11 11:10:42,2018-04-12 23:21:18,2018-05-17 20:07:22,2018-05-07 00:00:00
c5ed30fdf86f49873cb59b43a39d667f,8b626aa008b8fc32f56aba71c3c246da,delivered,2017-07-19 20:16:21,2017-07-19 20:30:10,2017-07-20 18:09:42,2017-07-26 16:53:03,2017-08-14 00:00:00
bda15d43b16684fa4eff328a7db33d8b,6eff0b0388f0e0829bd659d12e168828,delivered,2018-08-28 19:44:25,2018-08-28 20:04:13,2018-08-29 14:27:00,2018-08-30 20:53:55,2018-09-11 00:00:00
5b03dc75d71e4a3940c88c4c9cdf6c2c,ab0275d64ab2e7e854269eed99e9412a,delivered,2018-04-25 10:40:29,2018-04-25 10:55:15,2018-04-27 13:43:00,2018-05-18 18:56:37,2018-06-05 00:00:00
bbfb6afc6b09bb994e0093a008ec7675,e009147a4b30be4a108b0f2874ac005f,delivered,2018-06-02 18:37:23,2018-06-02 18:51:29,2018-06-04 13:59:00,2018-06-06 23:03:45,2018-07-05 00:00:00
7b3821e2a5cb30052dde08403418c349,3dfc88de59670ae75a0a8c7a2a3c6b99,delivered,2018-05-09 11:39:40,2018-05-09 11:55:25,2018-05-11 10:24:00,2018-05-17 13:50:38,2018-05-29 00:00:00
a6a3f8407b163d20163f6ea1e0a6d9f4,3b06162facd818071784c995d0b4bb09,delivered,2017-06-25 11:24:35,2017-06-25 11:35:16,2017-06-29 15:36:10,2017-07-15 16:36:37,2017-07-26 00:00:00
2194ed4f4df86b4d6f4d859ad6ed1795,4b0b2fe506b2e0097d6f14a1b0aac0c1,delivered,2017-06-05 12:54:08,2017-06-06 13:05:50,2017-06-07 11:41:32,2017-06-08 15:07:26,2017-06-19 00:00:00
b41dd0fbc7d36977d5402f4242a0784f,7a4a08b797dd851e6f8faccd4f66c76c,delivered,2017-12-03 00:47:09,2017-12-03 02:43:34,2017-12-05 16:52:49,2017-12-07 20:51:32,2017-12-22 00:00:00
b976379b0ba072030d6d1aba2f370d7b,ad3f07a4054852c521ff9e3ce2d9a682,delivered,2018-05-22 20:55:22,2018-05-22 21:18:35,2018-05-23 11:32:00,2018-05-24 16:56:41,2018-06-04 00:00:00
8f0c72dd2295c2798ada51c47e3799f9,67dd6c4914b64b0065aa2f6d9930e8be,delivered,2018-01-31 19:56:54,2018-01-31 20:10:13,2018-02-02 19:02:42,2018-02-07 23:57:36,2018-02-22 00:00:00
0f1755872b47fe8564531daeef356987,0ae2c954e68238f2a8f8ff8b24766bc7,delivered,2018-04-16 12:46:09,2018-04-16 14:11:47,2018-04-17 14:34:30,2018-04-20 15:48:50,2018-04-26 00:00:00
c098cba2756a69368af3647513e27a98,5b795b3311574f21bf4888f477aa1518,delivered,2018-02-04 15:35:15,2018-02-04 15:50:44,2018-02-05 17:48:41,2018-02-06 15:05:22,2018-02-21 00:00:00
adf7dde7efb2d3ce93a32ba439bce856,36715539f8ebc9f7fc73cf94e722c0ff,delivered,2017-11-15 23:26:16,2017-11-15 23:50:27,2017-11-17 15:21:36,2017-11-27 12:23:32,2017-12-13 00:00:00
3372b84d17cb731396d87c183d50bdb0,7d064377b2c76729a248556076be56a1,delivered,2018-07-19 22:48:13,2018-07-21 23:15:12,2018-07-23 16:38:00,2018-07-27 14:52:50,2018-08-13 00:00:00
0686d4f89fdf2b3625aa705b7ed7ac95,0ce7a95e45a3f8c60b04c0feabd7fb95,delivered,2018-03-17 10:41:45,2018-03-17 10:55:24,2018-03-19 12:41:49,2018-04-11 20:41:24,2018-04-05 00:00:00
47b20326123046e5178bbad9e18e533f,255a1183886ab26139187383781f298d,delivered,2018-04-12 09:31:22,2018-04-13 02:31:28,2018-04-13 17:44:44,2018-04-17 23:34:26,2018-05-03 00:00:00
7c7b5f633170511dbd889d3c4b2794bc,aa0fbd830c89acc3d79d311ff43d0920,delivered,2017-08-11 21:40:37,2017-08-11 22:05:19,2017-08-15 19:52:08,2017-08-21 20:55:04,2017-09-06 00:00:00
216237ddbe1a6f6a13a749e580ccf469,aeda955c84b2a855165c2049b66b447f,delivered,2017-09-09 08:50:46,2017-09-09 09:03:51,2017-09-11 19:33:34,2017-10-04 19:19:05,2017-10-05 00:00:00
ca66063282c2aeb92c8cf8bb9b3dbf28,892b4b41830746635f341030c1564ad1,delivered,2018-03-09 17:10:05,2018-03-09 17:28:52,2018-03-16 00:58:28,2018-03-21 00:36:39,2018-03-27 00:00:00
81fdc868fd0f5c56b9ebea53765e4bbc,d709132e88f6504052afb042f4b7649d,delivered,2018-03-12 11:03:24,2018-03-13 03:50:43,2018-03-16 21:28:20,2018-04-03 18:08:36,2018-04-02 00:00:00
099acf2a98eba9bab889af025be407b7,7c2a55810a39cd8421f6fd48f88210ac,delivered,2017-08-15 13:24:17,2017-08-16 03:10:33,2017-09-06 16:04:46,2017-09-06 16:04:47,2017-10-18 00:00:00
122ebb4ea3cb1281899533fc66f7d179,197291e1226b07030a319b27281fded0,delivered,2018-01-20 15:11:37,2018-01-22 13:51:46,2018-01-23 20:32:27,2018-01-25 23:09:12,2018-02-19 00:00:00
773632f583feeda7d9b063496b6526a2,1c3c91349f4842b772741fee593827e7,delivered,2018-07-02 16:39:17,2018-07-05 16:27:42,2018-07-03 12:59:00,2018-07-13 21:18:47,2018-08-02 00:00:00
cb2a9cb383940ea9958340662d39e2d0,d0bae605ed6507129c12346c5d7e8c9e,delivered,2017-11-12 20:26:01,2017-11-12 20:46:16,2017-11-14 22:41:18,2017-11-20 13:09:33,2017-12-01 00:00:00
dda0b2b9a46f5c43da98422227eaaccf,fc5795f8f743ecd3ccc0f4d89a50438a,delivered,2018-07-31 11:34:05,2018-08-02 05:30:50,2018-08-03 16:29:00,2018-08-14 17:37:43,2018-08-16 00:00:00
1b2fd2d45589bc249ee9ae90fdb05a6b,33b73fc80b274c7bfae9141cfd17735a,delivered,2018-02-25 09:47:41,2018-02-25 10:08:35,2018-03-14 02:03:07,2018-03-29 15:57:20,2018-03-29 00:00:00
bdb80b7777496dacc3cc07faea6aa04d,a862dc8443c7881ce12cb2164fc6ca22,delivered,2018-01-28 20:46:28,2018-01-28 20:54:49,2018-01-30 02:12:58,2018-02-20 16:18:45,2018-02-23 00:00:00
6ee6c06bb9e001463d8eba71bdfc86a7,2c59071cb3b43a971e166dc9e2a410f2,delivered,2018-06-14 21:05:33,2018-06-14 21:21:17,2018-06-15 11:46:00,2018-06-26 19:43:48,2018-07-12 00:00:00
f887e6cba479b38cfeb57c84d0b5c2a6,fbb35b170d5c724ec5949550d50c0062,delivered,2018-08-03 19:38:26,2018-08-03 19:50:15,2018-08-06 15:13:00,2018-08-15 11:54:55,2018-08-20 00:00:00
4e55b06f6fb2f612f4bf4723563fd326,4a573b5f77f9998fdf1a72266bfe1608,delivered,2018-01-30 13:49:25,2018-01-30 14:15:08,2018-02-01 01:18:36,2018-02-08 19:36:36,2018-02-19 00:00:00
9682fc7d34f0d1e84959ac32aca9074e,6cf5c6ed017f9173bbd016ee51e04f68,delivered,2017-10-18 10:39:10,2017-10-18 11:06:38,2017-10-19 23:22:11,2017-10-25 19:42:19,2017-11-06 00:00:00
32c18d30cd806e094dffaa4a7c4c0c7e,bfbee3d5bc10390a15e18fec4e433356,delivered,2017-11-16 07:56:04,2017-11-16 08:10:22,2017-11-20 18:49:57,2017-11-29 14:08:49,2017-12-05 00:00:00
8a1356e73fa0a9893ba64b82560fa33d,5622d09ffb63e895aa326b94a2bbef7f,delivered,2018-01-29 11:36:06,2018-01-29 12:10:16,2018-02-07 20:48:40,2018-02-09 02:31:49,2018-02-16 00:00:00
5911ba3eb3648e7f6f55ebbed69f5daa,4fac56d95468b1bf1a6ff9333794d1e9,delivered,2018-01-19 19:25:48,2018-01-19 19:37:12,2018-01-23 18:33:45,2018-03-05 22:06:40,2018-02-15 00:00:00
1280636cace716854a705e26c5a91798,cd4f23e2a5efab41854191b78cab6c38,delivered,2017-05-28 21:29:35,2017-05-28 21:42:30,2017-05-31 02:12:59,2017-06-01 09:53:12,2017-06-09 00:00:00
54ea8fa6f77521f73ae6c820c7a9192f,1f20e5ed5b01639eae923ee8a4e86389,delivered,2018-05-04 12:49:50,2018-05-04 13:11:26,2018-05-14 12:28:00,2018-05-17 18:06:34,2018-06-08 00:00:00
570804dc299e3fa393a39de3a62643fb,aa2c8c8910fb58687458a073d2de89e5,delivered,2017-12-27 13:00:04,2017-12-27 13:10:29,2017-12-28 18:56:58,2017-12-29 13:41:38,2018-01-16 00:00:00
cebe3ad5dd36961f040f2fff4da454fe,426e0c1dd50e4b9219aee32f0842a258,delivered,2018-03-20 11:31:41,2018-03-20 11:49:57,2018-03-22 02:51:13,2018-04-03 14:08:59,2018-04-11 00:00:00
eb460891256759f5187cb3edc7a73c25,9394e1af2fb0cde9c2e21ec3ab3684a2,delivered,2017-03-28 16:11:39,2017-03-29 17:10:32,2017-03-30 13:13:28,2017-04-19 15:30:17,2017-05-05 00:00:00
9c753fec37c64b5771eb77ef982c34dc,fe287f582b6ae5c87674e95f6ee11130,delivered,2017-11-29 20:44:54,2017-11-29 20:55:39,2017-12-01 18:17:51,2018-01-03 13:07:33,2017-12-29 00:00:00
06eed67b7a87cac349143f3319c2b9fe,632615afeadba799faf8226958a2eaa3,delivered,2018-08-10 09:09:10,2018-08-13 14:24:33,2018-08-13 14:39:00,2018-08-24 18:27:30,2018-09-04 00:00:00
0479573b338446f5fedbcf76cea3bc20,a2e4923be4b1e3437cd230f177b25ad2,delivered,2018-06-17 21:01:50,2018-06-17 21:15:10,2018-06-18 15:28:00,2018-07-05 23:33:17,2018-07-20 00:00:00
34957a1f241c065c4bffb7af05754b6a,8710d54afdbc8f3a78afc63f0fb13fab,delivered,2018-03-02 19:46:49,2018-03-03 02:35:37,2018-03-05 22:57:49,2018-04-16 20:08:39,2018-04-09 00:00:00
451ef728c85c9cb2765159e30f4fa021,c0d3ff03f73f41d3c2d70a64d86c3e36,delivered,2017-08-11 16:25:03,2017-08-11 16:35:20,2017-08-14 19:03:17,2017-08-17 01:27:30,2017-08-31 00:00:00
a6f396e6584d25c2b097d0dcd625f10f,88df1c39c26b0578e421d3a71a412891,delivered,2018-05-30 18:14:42,2018-06-01 08:51:44,2018-06-01 12:01:00,2018-06-12 21:05:31,2018-07-11 00:00:00
1ce8144d59eef2763c0fbaf8ffd26d31,cffd70efba7f41e519157d935120f41b,unavailable,2017-08-10 12:44:08,2017-08-11 12:43:33,,,2017-09-01 00:00:00
897d215bbe78c235bc0008784a15ac78,0fca9e1dfa39a880a6f0ec6ecbc774ad,delivered,2017-04-02 00:18:00,2017-04-02 01:04:53,2017-04-04 14:13:29,2017-04-12 13:44:50,2017-04-26 00:00:00
c2538621b0075c4349e5a100e773f9b5,0767440fcb6f6ca85a6d50c8f633ed51,delivered,2018-07-18 21:23:55,2018-07-18 21:35:18,2018-07-19 14:03:00,2018-07-23 15:26:37,2018-08-02 00:00:00
b93e3a733006e1228ffb0f8a5550e9ab,f745cc20c9f5a199205e7f08487942a0,delivered,2017-11-03 18:19:38,2017-11-03 18:30:38,2017-11-07 15:59:32,2017-11-13 19:57:27,2017-11-23 00:00:00
7d07691d1f5e176e6f813a87eb0dc00c,d0e67c1c3a2d11850ad41a64dc5189f2,delivered,2018-02-24 18:58:01,2018-02-24 19:08:16,2018-03-12 21:25:45,2018-03-19 23:38:41,2018-03-20 00:00:00
9ffb325177b96c422447e3b9ee9a6270,e4079117ea0dc8bc27274e34c4796515,invoiced,2018-05-10 19:11:18,2018-05-10 19:37:27,,,2018-06-05 00:00:00
1e454110fa14e6f2c0273c624515aa41,19fa013565695ba222909a833be3cddb,delivered,2018-07-24 15:16:23,2018-07-26 03:10:26,2018-07-27 16:58:00,2018-08-07 14:56:35,2018-08-15 00:00:00
cbd8116a714dcdfd07755c3dd1cb6e1b,b311f353fb8106812ced13389757410a,delivered,2017-11-07 15:38:47,2017-11-07 15:50:35,2017-11-08 19:16:56,2017-11-17 18:14:32,2017-11-28 00:00:00
4b8bfc23c1469d2169ca53287207a0bd,8367f0bff68b0908ac9efdfa960dfeaf,delivered,2018-05-12 22:12:33,2018-05-12 22:36:23,2018-05-28 11:11:00,2018-05-29 20:03:18,2018-06-06 00:00:00
5db7d9a0fc370ee9ccbf9dfb04eb2f66,670e85cec98e061725d4480f94fe9271,delivered,2018-06-08 10:01:30,2018-06-08 19:31:06,2018-06-11 15:57:00,2018-06-18 14:53:34,2018-07-13 00:00:00
f5f8998eee8ec7bc513dc52847d64ce0,f4656b824844a039a87fd9c51ad3586a,canceled,2018-03-01 11:42:23,2018-03-01 12:20:32,,,2018-03-20 00:00:00
3a1557b1df85ed91c141834059fa9523,43c6af693c8677ffe3b33ed920b167c8,delivered,2018-02-02 12:15:45,2018-02-02 13:15:29,2018-02-05 17:44:46,2018-02-16 15:38:35,2018-03-07 00:00:00
2f67ec476091f734246617044852096f,09ce0754a6b5bcbb8c24d38a6ce54543,delivered,2018-03-14 11:31:04,2018-03-14 12:47:54,2018-03-14 21:58:58,2018-04-03 20:13:13,2018-04-05 00:00:00
cf3f036c0781e6c15f19d4d661e0f640,2e614ef09050de569eca813df9d75659,delivered,2017-09-25 00:26:28,2017-09-25 00:44:19,2017-09-28 17:28:16,2017-10-03 20:57:58,2017-10-23 00:00:00
4e345c55d847fa86f3500c1abfcbdb8b,4a80f5f7030a54c53ab7ba11f7dba115,delivered,2017-05-04 08:42:02,2017-05-05 02:15:27,2017-05-11 11:50:42,2017-05-20 10:59:54,2017-05-29 00:00:00
5476cb509e6871df824b3fac5acad36d,d28c36430bfa1b23f6ffc7f9343d3f3c,delivered,2017-06-30 13:03:34,2017-06-30 13:15:15,2017-07-03 15:21:40,2017-07-14 11:09:46,2017-07-24 00:00:00
7f13340e916ed8270e11c9e840317f98,c28575c13776aed05202cfecdc80d6d6,delivered,2018-07-22 00:01:36,2018-07-22 00:15:10,2018-07-27 15:38:00,2018-07-28 18:41:32,2018-08-06 00:00:00
5e7a884a951fb8fa7f6596c513bd8fa3,51c563aea32ed3354549f2b6e7f37664,delivered,2018-08-12 20:48:10,2018-08-12 21:04:54,2018-08-13 13:31:00,2018-08-21 16:28:46,2018-09-03 00:00:00
644277f39a503fafc78f569629d1a9e4,a8e216a412a6ce248b8b69626b081dd4,delivered,2018-01-18 00:21:42,2018-01-19 02:37:19,2018-01-20 01:38:24,2018-01-30 20:15:38,2018-02-08 00:00:00
06d77e4ba21f283252286b6a72fb8fe2,230b221fa3e4d32fcc7525860fc8069e,delivered,2018-07-06 02:04:02,2018-07-06 02:15:08,2018-07-06 11:03:00,2018-07-09 17:48:47,2018-07-30 00:00:00
488e18847dc4c18696d2e992f89a7b8a,2c800090d448771fe1e27c843e63d4dd,delivered,2017-07-01 21:54:31,2017-07-01 22:05:11,2017-07-04 15:44:53,2017-07-17 21:22:10,2017-07-27 00:00:00
b135bf23f8815a4a1a3d92cbee94b3f8,8ef1a0327a1f26402ea820e1ec7f38b1,delivered,2017-10-31 18:43:32,2017-10-31 19:34:37,2017-11-03 22:33:58,2017-11-06 22:04:20,2017-11-13 00:00:00
af4812c0286cb623517321205ffb5d1e,4ef4f77528c601288dcfb9c522fcf103,delivered,2018-07-08 14:22:14,2018-07-08 14:30:15,2018-07-10 14:39:00,2018-07-11 16:18:32,2018-07-24 00:00:00
006cb7cafc99b29548d4f412c7f9f493,97dc92f1aae3a7db8b252d1b8466910e,delivered,2018-02-17 14:22:34,2018-02-17 14:35:28,2018-02-20 19:08:00,2018-02-25 13:46:52,2018-03-13 00:00:00
c80bee063ac8e261dbf244fa3f710329,62ca610dbe5613c3e87ebf91eddf632f,delivered,2018-03-09 11:50:45,2018-03-09 12:48:46,2018-03-09 23:03:43,2018-03-23 20:37:30,2018-04-09 00:00:00
7556c9431d94d44cdddc1d0139b6cb12,0125bee4b30f40607261d06f47b0f38d,delivered,2017-09-20 16:08:03,2017-09-21 03:04:52,2017-09-22 16:03:35,2017-09-27 17:52:48,2017-10-11 00:00:00
9004b30a5d18b572f851753f41d795c8,f076080ecb118d0aed94073f9b62893b,delivered,2018-07-15 21:22:38,2018-07-15 21:30:16,2018-07-18 16:23:00,2018-07-24 16:52:29,2018-08-29 00:00:00
85d7c5b41a94729aa45792bc7b344b79,ade0b894f0c2f0179abb3a9b308b2dc3,delivered,2017-07-25 14:37:38,2017-07-25 14:50:14,2017-07-26 14:23:23,2017-08-01 18:53:32,2017-08-14 00:00:00
06fa245bf2ac2f602be83224fc55ae39,96c9939a5ec01aa77921f2701cade82c,delivered,2017-06-15 19:44:13,2017-06-15 19:55:16,2017-06-19 16:48:46,2017-06-27 14:11:56,2017-07-19 00:00:00
97998b2b2e9a8fdfaa4ed32426a52878,acc8347e3fee97262099a0f0baa1bcb4,delivered,2018-05-17 16:46:57,2018-05-18 00:14:42,2018-05-18 14:30:00,2018-06-01 23:33:14,2018-06-13 00:00:00
ba6442763c55ec1e7bd72b1d931b2700,c3ca30ff55044bd8aa685720a84bcf09,delivered,2018-02-24 19:12:02,2018-02-24 19:47:06,2018-02-26 21:22:49,2018-03-07 00:42:01,2018-03-19 00:00:00
0c65b0adb51e15670674ed805d0f4b7b,c9bd8778478d381ddb117b541133bc1a,delivered,2018-01-15 02:39:35,2018-01-15 03:22:53,2018-01-17 18:32:56,2018-02-02 16:33:46,2018-02-05 00:00:00
fb1eff538c7c7033fdb5a6a0a3edd456,861634973d2f38fb64c5bb942e3bcf12,delivered,2018-02-22 19:25:39,2018-02-22 19:35:32,2018-03-01 18:54:28,2018-03-22 01:03:23,2018-03-21 00:00:00
3103711a12d2c4c5a35a9fe7b3308543,ab3168bf3379c0043700ea484efc1f61,delivered,2018-01-03 22:31:34,2018-01-03 23:19:06,2018-01-04 20:58:52,2018-01-12 14:52:49,2018-01-29 00:00:00
5e771b3e628a932944f48b525b11948d,6deb02bb604b2fe695b7d2e741aa23f3,delivered,2018-01-05 19:35:36,2018-01-05 19:47:55,2018-01-08 18:56:36,2018-01-15 23:32:53,2018-01-31 00:00:00
4582ccfc1e48008cde73b10eb9a6e9e2,f26d2c526fca70a48befbe5cd3a68231,delivered,2018-08-13 14:16:50,2018-08-13 14:30:18,2018-08-16 15:18:00,2018-08-28 20:38:46,2018-09-17 00:00:00
b8db7d2782799267ee683bb2afa7f26f,0680214e013bf3ee08069f02ed2c0d80,delivered,2017-12-08 22:32:18,2017-12-08 22:52:36,2017-12-11 14:57:22,2018-01-11 20:44:04,2018-01-09 00:00:00
e4d3feeb8db71932f3211bb585169c4a,53d7bdb03c1054588851c0440946f5fa,delivered,2018-07-22 16:21:36,2018-07-23 12:31:40,2018-07-24 14:07:00,2018-07-26 04:11:10,2018-08-03 00:00:00
0ce15b4615f37580142c31f7da6147e3,54e9ecf855eeada42eebb2d344ae3d2e,delivered,2017-07-27 12:54:48,2017-07-28 08:43:58,2017-07-31 19:49:06,2017-08-03 17:52:44,2017-08-18 00:00:00
5417f73c560c9f52b1a22639681e14ab,8c1948acd7124c7be069472ccde2bbe4,delivered,2017-05-14 15:21:50,2017-05-16 03:22:31,2017-05-16 11:49:43,2017-05-22 09:00:04,2017-05-31 00:00:00
c02bde150f60b4c2adcdd0c0e9d36d0d,bb715c9131b490ed9aab3540cedb7608,delivered,2018-01-31 20:59:18,2018-01-31 21:10:22,2018-02-01 23:29:09,2018-03-02 23:34:13,2018-03-08 00:00:00
41b8d3d206846a4011b5e70974e4e80b,b4dbbdd11746e894f9d453268ee236fb,delivered,2018-01-10 15:25:17,2018-01-10 16:35:59,2018-01-11 22:37:48,2018-01-24 19:44:07,2018-02-14 00:00:00
e3f0b66713db4b7b5104d6fd00701b16,77ff3e22ab6e2f06e3b4b7b3ba582a04,delivered,2018-07-11 16:54:04,2018-07-13 03:05:15,2018-07-13 15:05:00,2018-07-24 00:08:19,2018-07-25 00:00:00
7ac519af67a90b42fb3e296a8998f7c9,8b1d12ac3c115a217872856a5f7ff60c,delivered,2018-03-02 20:31:55,2018-03-02 20:49:13,2018-03-03 17:38:39,2018-03-24 20:18:36,2018-03-21 00:00:00
aa0833b579391f3c5bf0495431f819a0,922ff2cdb2a5caeb6a8298dc683d65f8,delivered,2017-04-06 22:22:00,2017-04-06 22:35:11,2017-04-07 17:07:21,2017-04-13 16:42:16,2017-05-02 00:00:00
6ddbe0f503c2940cf5d24e1d8efee655,504b88cffa09fa0ce24ec30a55577e51,delivered,2017-09-02 21:01:18,2017-09-02 21:15:09,2017-09-04 15:46:59,2017-09-22 16:42:57,2017-09-25 00:00:00
eea3b82592545485f32b998f94ecc03c,e5483066cc637ea39a45541cd72cf00d,delivered,2017-09-16 20:49:39,2017-09-19 03:38:16,2017-09-19 19:51:10,2017-09-28 17:20:12,2017-10-17 00:00:00
fe968a563e6c2d5c98021df7d87ce9c3,132385342ab2a512324dff11db8a83a0,delivered,2018-03-06 17:21:09,2018-03-06 17:50:05,2018-03-07 22:44:59,2018-03-27 18:48:47,2018-03-27 00:00:00
d273547a145e247d7413e1fbc5279bbf,fb7b8c6db0e37c357a781fceabe02413,delivered,2018-01-29 17:55:54,2018-01-29 18:35:18,2018-02-02 00:57:54,2018-02-16 15:24:56,2018-02-23 00:00:00
d5a3687b456d8d82fa6098579ee93e09,a3dc01325c88f631c8b9a0c53ed29487,delivered,2017-12-26 23:25:32,2017-12-26 23:33:27,2017-12-28 20:38:13,2017-12-29 15:18:39,2018-01-15 00:00:00
82962a8abf46b030308d707aff1a7f35,6a2e9d44729494120fbb79c7a642cf98,delivered,2018-07-16 13:07:17,2018-07-16 13:20:23,2018-07-19 11:15:00,2018-07-21 01:21:49,2018-07-27 00:00:00
75ff5ef357ea667a4852b346c50f656e,698817bd34dad4f1bc65daee0293a5ea,delivered,2018-08-09 10:39:41,2018-08-10 10:35:18,2018-08-13 08:39:00,2018-08-17 22:20:37,2018-09-03 00:00:00
2dde1ee3144f40fc9a80df16bb989f4a,afbe83387da5d94cab55e92c63fda67b,delivered,2018-08-11 21:05:12,2018-08-11 21:24:18,2018-08-13 14:56:00,2018-08-16 20:06:29,2018-09-05 00:00:00
5ded8a3706eabd813685534724f066de,460316e38d4d241fc79d4f6729f8f7f6,delivered,2018-07-18 08:46:52,2018-07-18 09:01:48,2018-07-18 08:44:00,2018-07-25 13:53:17,2018-08-10 00:00:00
98c9976c0165c833a2233f98969d1b36,a6bfec497813e0d8c0887d20706671c7,delivered,2018-04-17 09:22:30,2018-04-17 09:35:16,2018-04-17 22:04:02,2018-04-23 13:12:50,2018-05-15 00:00:00
d3074ed095ad4d03c5f6c3573a25fca0,183ba8d595cb64e77a1ad793bd3d0455,delivered,2017-12-03 21:09:42,2017-12-03 21:31:06,2017-12-04 21:33:06,2017-12-07 17:00:16,2017-12-28 00:00:00
152c5ae80410664de684b6759b52076f,e029cab9b7ef3e78541646e7c261d67d,delivered,2018-03-11 19:09:18,2018-03-11 19:27:53,2018-03-13 21:24:30,2018-04-10 22:12:29,2018-04-25 00:00:00
1854fd6df68c9fb96e79379e229929dc,e0f7e62942b9cd2755770e13d2de1ac7,delivered,2017-11-09 18:43:34,2017-11-10 02:55:59,2017-11-16 18:37:40,2017-11-21 23:52:50,2017-12-04 00:00:00
7ca7bb0f6b6d3ff38dbb91aec21a0e62,b7099c2fea8e4284d4e9c6250c9a135c,delivered,2018-05-25 20:47:34,2018-05-29 03:30:51,2018-05-30 12:49:00,2018-06-05 14:07:35,2018-06-12 00:00:00
06d4759251d186697714a0c1a3fccb0c,f7a62c25dad6a0c5b8b69662e3a562b9,delivered,2018-08-16 10:08:22,2018-08-17 08:55:29,2018-08-17 14:57:00,2018-08-28 17:12:18,2018-09-04 00:00:00
b59ded0e2e4eb91f0a599b177a267f30,db9ebc038a9fdd2c988ec667281f26e7,delivered,2017-10-15 12:54:57,2017-10-16 13:07:34,2017-10-19 10:22:08,2017-10-23 21:48:37,2017-11-01 00:00:00
51dbf092f04368fda17fb25eb2d75eca,b5bef6f13a8cd4415575b20468875b2c,delivered,2018-02-09 13:47:58,2018-02-09 14:29:04,2018-02-16 02:13:37,2018-02-27 21:17:46,2018-03-08 00:00:00
8a88cd510147b16da3ff773025a39430,bbabdabac0f425e8c087ec7ed63a7aee,delivered,2017-11-14 12:22:53,2017-11-14 12:35:24,2017-11-29 13:57:40,2018-01-08 23:19:36,2017-12-12 00:00:00
7d41a21f009105cf89773058d28abfab,5ecd1e8699c5bb1ae31dabaf719a0ef1,delivered,2017-04-01 15:30:14,2017-04-03 20:10:15,2017-04-06 10:38:34,2017-04-11 15:54:36,2017-04-28 00:00:00
5bacbd9f42bd029c3a296501224e193e,5a1470d43d8ad960d4199134d3df48e0,delivered,2018-08-10 21:14:35,2018-08-10 21:25:22,2018-08-13 13:54:00,2018-08-21 04:16:31,2018-08-30 00:00:00
b0c8315fab353a75ddea26c39507353d,5bde64bcacb187185e1fc17b685ebfae,delivered,2017-06-07 21:58:07,2017-06-07 22:05:13,2017-06-13 13:30:25,2017-07-12 17:23:49,2017-07-06 00:00:00
dcad7c51d4cb7b49b23bc9893374e95d,c9e8db356e07b9e3d5c7a54dbeb2584d,delivered,2018-02-20 14:47:35,2018-02-21 15:09:33,2018-02-22 00:03:52,2018-03-01 01:11:42,2018-03-19 00:00:00
fdf60756868209e239918ee0264ef6d6,bba3dad7534c6f28029414e1a1b25f01,delivered,2018-06-18 15:50:02,2018-06-20 02:55:29,2018-06-20 14:37:00,2018-06-26 17:46:32,2018-07-16 00:00:00
74f192797c07f66f60a676e9280d8c05,5f6c856f7e717fe8dad4c19ba6b61947,delivered,2018-04-08 22:28:04,2018-04-08 22:49:22,2018-04-09 18:58:27,2018-04-12 21:38:44,2018-05-10 00:00:00
26838826a950d2be0d5d33cc748ca38f,bab8b35803eee5a7556ec665f47b4cd7,delivered,2018-08-18 12:04:29,2018-08-18 12:31:22,2018-08-20 13:56:00,2018-08-23 16:08:40,2018-09-05 00:00:00
d80faf302bbccea1f0b613d440de4d33,b5ba1551df04f16933845362a39a3b00,delivered,2018-06-16 19:42:05,2018-06-16 19:58:37,2018-06-19 14:07:00,2018-06-22 20:24:49,2018-07-11 00:00:00
e5c3b007071722adcd1fbe55751149eb,e8a38e91215a57c808f561edee5e7ce6,delivered,2017-09-11 18:10:50,2017-09-11 18:24:05,2017-09-12 20:17:43,2017-09-14 14:33:30,2017-09-21 00:00:00
16a02781e79ebfb2354323d102e53b8a,a20effc0e40fbad0f1f863c4fa049437,delivered,2017-09-04 11:49:09,2017-09-04 12:03:53,2017-09-05 21:40:07,2017-09-15 20:14:52,2017-10-10 00:00:00
43bdbd9dc0931d72befdf4765af6c442,3c7c62e8d38fb18a33a45db8021f2d69,delivered,2018-07-06 11:07:02,2018-07-10 08:35:21,2018-07-10 12:59:00,2018-07-24 20:16:54,2018-07-30 00:00:00
dfbf71de5b6a2870e87371cdadeb828a,6db6743bb811ce44727fe1176ae8f64d,delivered,2018-05-30 00:26:40,2018-05-30 00:54:56,2018-05-30 14:45:00,2018-06-30 17:35:34,2018-07-18 00:00:00
d613e5d350507dc43eed8de7ccffdf6a,4f06c14beb9f0bd010c8386b2bfa21ec,delivered,2018-07-23 16:15:17,2018-07-23 17:20:33,2018-08-09 00:54:00,2018-08-09 13:32:05,2018-08-13 00:00:00
3029ae44ec91ac6c793566e668db93cd,dbb71dc9efb3e86f11b03e57afea00b8,delivered,2017-06-18 15:27:44,2017-06-18 15:42:58,2017-06-19 16:34:07,2017-07-05 10:46:00,2017-07-19 00:00:00
b33d48ffe8609b55c9b3112c42b8b9cd,9837774fffe49790bcd608501e06c541,delivered,2017-10-26 20:35:02,2017-10-27 03:10:22,2017-10-31 18:38:32,2017-11-03 18:11:35,2017-11-09 00:00:00
0c384d67524b5b92aa2fa6c8baa9a983,53421895d40d7df28d68c22ffa043355,delivered,2017-06-05 19:20:11,2017-06-05 19:30:18,2017-06-07 11:23:06,2017-06-13 14:09:21,2017-06-27 00:00:00
aa1f345bb394d4b91fea04c459da45c4,4243bdfc60a8e749ec908454e94d0b5d,delivered,2017-09-19 11:07:54,2017-09-19 11:28:01,2017-09-21 21:24:29,2017-10-06 18:30:02,2017-10-17 00:00:00
aecf3e50acb5123797d7beb4d44ffbe5,6ed4624199a0bcf855a11dcf9be6e7a0,delivered,2017-05-11 14:26:06,2017-05-11 14:42:32,2017-05-12 09:21:52,2017-05-17 09:26:31,2017-06-02 00:00:00
d7aadb230c928f33f25ed853f8de7e5e,2ac10cba8a09d7a17d895c5bba8087ef,delivered,2017-09-29 11:28:46,2017-09-29 11:44:06,2017-10-04 19:56:51,2017-10-17 20:05:37,2017-10-24 00:00:00
60d5550b63e87542c2708c249a2d5c99,52539b4ffbcf1b0a08b8cd35b0c09f58,delivered,2018-01-25 08:00:49,2018-01-25 08:16:07,2018-01-30 01:27:18,2018-02-15 23:21:49,2018-02-19 00:00:00
c61e3efc183db6b89f5556efb5aa8797,2ca80df8009eea2c3c8aac6655e7c2af,delivered,2017-11-29 12:30:10,2017-11-29 12:42:49,2017-12-04 19:21:26,2018-01-13 01:59:30,2017-12-29 00:00:00
9b6a1b8bf017b64d6ff4d7fe7cd88f1f,a338acc085a7c727f37ea35006506b32,delivered,2017-05-15 10:35:22,2017-05-15 11:42:50,2017-05-15 15:40:26,2017-05-17 08:49:30,2017-05-31 00:00:00
67719f1f97a4ee0a41d8c15a39f9ff0e,dcef21bb12c65080eadad7543510b3c0,delivered,2018-01-03 23:21:10,2018-01-04 01:04:00,2018-01-04 23:14:23,2018-01-15 14:39:21,2018-02-07 00:00:00
db32ee8b0e87ee3a544e6bdb2a69d749,e09af74cceef34cb09e84d2fc0200a13,delivered,2017-07-25 10:02:42,2017-07-25 10:15:18,2017-07-26 19:22:26,2017-08-17 18:42:23,2017-08-25 00:00:00
a524add4c939052769dca61e4e2cebb0,4f0c2a0d40df22bbf75a773c7ea9344d,delivered,2018-08-07 19:33:04,2018-08-07 19:45:15,2018-08-08 16:12:00,2018-08-11 12:01:40,2018-08-28 00:00:00
7e28e4a5d04102555a032a3d0fa1a4dc,8feb6e34ca55c4b86c723f102421372b,delivered,2017-11-20 12:48:28,2017-11-20 13:09:29,2017-11-21 23:07:50,2017-11-23 22:29:07,2017-12-01 00:00:00
b7be7919ce916f1fd5af4a97fe17170a,dd813177a2683712e25a773882ca1843,delivered,2018-05-16 09:44:17,2018-05-16 09:57:27,2018-05-22 05:38:00,2018-06-15 18:08:44,2018-06-08 00:00:00
1ec8dd02cd90d4ce9458ede38ab15bff,c9aa2cf350508d7b3abe72c1c9b2d6ab,delivered,2018-02-06 14:27:44,2018-02-06 14:35:27,2018-02-07 23:12:37,2018-02-20 12:26:35,2018-03-13 00:00:00
1378f9601350615613cc8832d6789c5d,988126b4ddf725d9724e4318872ea2ae,delivered,2017-09-01 20:28:02,2017-09-13 22:03:51,2017-09-04 18:07:55,2017-09-13 22:24:46,2017-09-29 00:00:00
7064a07883ee3b4bb82d7252c3519546,daf0a508037d7f807f72808b1d720a40,delivered,2017-12-25 23:10:54,2017-12-25 23:28:16,2017-12-27 22:43:44,2017-12-28 17:54:03,2018-01-15 00:00:00
a3b56dccb50b5ec2d7286d9624f1721d,fcd80d509b3597554b910dfdea7b3f47,delivered,2018-05-10 23:35:56,2018-05-10 23:51:04,2018-05-11 13:11:00,2018-05-21 23:58:38,2018-05-29 00:00:00
1f210038c217da04d2d88a6a59614f6a,4648c0c1d328c3666d3bda3d6ea08e93,delivered,2018-05-07 21:59:13,2018-05-09 04:14:23,2018-05-10 11:06:00,2018-05-11 19:16:39,2018-05-17 00:00:00
eab2a4679330df9f5a75c9864461857b,123ea921911488038083321655563493,delivered,2017-06-12 21:15:07,2017-06-12 21:25:28,2017-06-14 09:53:12,2017-06-15 12:28:03,2017-06-27 00:00:00
d6b2e1ec7df97339dcd2bea853f8ff0a,37fee4f19422575ecd90ac9b357ace3f,delivered,2018-08-07 18:00:51,2018-08-07 18:10:18,2018-08-08 16:38:00,2018-08-13 22:18:40,2018-08-20 00:00:00
3d4cd303bd9e47adb955bbf18db26623,0ead2ec7deb36617f21cbbc23d67c8b0,delivered,2017-03-25 20:37:24,2017-03-25 20:50:18,2017-03-30 16:32:08,2017-04-04 17:20:17,2017-04-25 00:00:00
f0635a71f7207aab8ef29df0d1ee7104,9f3138bc272b22e8eb38f4819728ef01,delivered,2018-03-14 08:44:36,2018-03-14 09:08:16,2018-03-14 19:53:22,2018-03-15 22:41:52,2018-04-03 00:00:00
2ae6bf810adb8aa11c97527eb4e62a15,0b5065817c2e406c9d9416fd353330d4,delivered,2018-04-15 16:54:26,2018-04-15 17:11:11,2018-04-16 23:06:50,2018-04-24 22:05:03,2018-05-09 00:00:00
72c08870543260f5d5e2336b34887f6b,50bc80da888f4490074adaf6d63702b5,delivered,2018-02-27 14:33:46,2018-02-27 14:49:15,2018-02-28 22:58:52,2018-03-06 00:08:44,2018-03-19 00:00:00
1c3ff8273ec39c058ff80da86f9ca2c4,6f9a964fa04ebecf999971e89b370a1e,delivered,2017-07-25 22:14:11,2017-07-25 22:25:16,2017-07-27 17:21:47,2017-07-28 14:59:03,2017-08-09 00:00:00
63fd40b25ac9dbeea8ec6b26558a1add,23e74e2cca6193a0e238483464222068,delivered,2018-02-11 17:49:44,2018-02-11 18:08:18,2018-02-14 21:38:58,2018-04-20 23:08:27,2018-03-09 00:00:00
a01ca80edfd6ef1c7acefbef55ac7031,ec36973ada72d7c55461ad8f996586d7,delivered,2018-02-13 12:30:17,2018-02-13 13:30:29,2018-02-21 17:49:28,2018-02-26 17:55:09,2018-03-01 00:00:00
75317b0ece497c2c9f9e9ed06889a90b,107148803b5e770ccca1b67d6f3a2d9c,delivered,2018-04-03 00:54:42,2018-04-04 00:48:51,2018-04-04 23:29:25,2018-04-14 17:03:18,2018-04-13 00:00:00
e5df40271cc99ceb080a6681f786bf7a,aa33715540792a5eaadd962b59dc2b7b,delivered,2018-01-08 20:53:40,2018-01-08 21:08:30,2018-01-10 18:43:39,2018-01-30 20:29:03,2018-01-24 00:00:00
da3dc62f13188f2866f5775585107a7f,86ea4a79110e366249a61523e3db3d3c,delivered,2018-07-12 11:14:48,2018-07-12 11:35:14,2018-07-16 12:54:00,2018-07-24 17:53:32,2018-08-07 00:00:00
92d4f9af8eda394387d3eb1ad200780f,d0fca61c3a051f84c79b426f3e4db3d5,delivered,2018-07-23 23:59:43,2018-07-24 10:31:20,2018-07-25 12:28:00,2018-07-31 22:28:50,2018-08-14 00:00:00
3efad2f02cb8a968f7b34073a21949c0,bb0d1592451676e13e937787c153407a,delivered,2018-03-15 23:38:37,2018-03-15 23:50:28,2018-03-16 18:24:29,2018-03-26 15:08:40,2018-04-20 00:00:00
9ae3c6624deb5b341037717c96283994,357a22e63af7d01fbb36c780009744b0,delivered,2018-05-17 16:36:54,2018-05-18 01:57:23,2018-06-01 13:14:00,2018-06-04 18:45:57,2018-06-21 00:00:00
d8620e7ce05898d127530e10ba2c78f7,fca2e99ba03ae4ff7e6b2d2b0be57fdf,delivered,2018-06-13 13:11:15,2018-06-14 13:18:54,2018-06-18 14:26:00,2018-07-03 15:57:08,2018-07-18 00:00:00
edc5c94770796f4212d272830dd17840,9402dbb303afb512fea5c46c22523b95,delivered,2018-01-12 17:48:27,2018-01-16 03:51:12,2018-01-17 15:53:37,2018-01-20 14:16:24,2018-01-31 00:00:00
7aa6b432c4945c7b3aef906c5c3506df,5caa434124c224aa365a0e9c1105b9e4,delivered,2017-10-14 20:15:22,2017-10-14 20:28:30,2017-10-17 19:13:04,2017-10-23 20:18:45,2017-11-03 00:00:00
e1d476e141862d870436d761b312032d,8eaef9eca5f384f13d08bdd90c07434f,delivered,2017-09-09 14:03:48,2017-09-09 14:15:13,2017-09-11 22:42:27,2017-09-25 22:08:43,2017-09-28 00:00:00
9b54bdfadbd9f2645d10e93bc14dede9,5b5ad6ceb42c743bd3bf42efaf927b09,delivered,2018-07-26 18:25:43,2018-07-26 19:31:15,2018-07-27 09:46:00,2018-08-01 14:58:44,2018-08-20 00:00:00
8cfa7a16b03f825c01508778166f12f1,5b1a8ed13a9f69b2e8073383c4e1abe0,delivered,2018-08-02 12:06:03,2018-08-02 13:04:15,2018-08-03 15:41:00,2018-08-05 17:58:42,2018-08-07 00:00:00
aafb39df40ca7d13b0bfce23d7b83032,744b745c7c394ba4497c665277bc866b,delivered,2017-03-11 11:44:45,2017-03-11 11:44:45,2017-03-14 06:08:07,2017-03-16 15:17:46,2017-04-04 00:00:00
5eb4342599aecd639d77940ef0cac6d7,124e3f6e2618c20dd81965e73f60e1b4,delivered,2018-04-30 09:34:18,2018-04-30 09:50:28,2018-05-03 08:44:00,2018-05-08 16:44:46,2018-05-16 00:00:00
6e4c6bf06ed0a86acdeea42fc3f41e22,0b217d8da6b2afcd904aa1240a06ef81,delivered,2017-12-02 20:26:25,2017-12-02 20:35:32,2017-12-04 16:05:47,2017-12-18 15:18:41,2017-12-29 00:00:00
5d9b1cf79cdb606d15a2fe3dda0b38af,464e820e4436c6fd75c0cd77d08c0b54,delivered,2018-06-06 16:52:28,2018-06-06 17:15:15,2018-06-07 13:03:00,2018-06-18 16:11:54,2018-07-19 00:00:00
79e449c1c0d89c880cb601cd5856976c,8636a960c2d0bae14b65c2ba881f0916,delivered,2018-03-30 19:43:03,2018-03-30 20:27:22,2018-04-17 17:28:37,2018-05-11 19:18:47,2018-05-02 00:00:00
b81d174e61c49d745e4c5825bd7e539d,e9f46905b2b48c595e07b24dd0089ae1,delivered,2018-08-22 10:56:35,2018-08-22 11:05:23,2018-08-23 15:24:00,2018-08-28 18:32:16,2018-09-06 00:00:00
b811c8ca07716586e80c0bc4f2a6e39f,a7dd8bd4bdbdc55196a8ee7fd336dde7,delivered,2018-04-20 18:29:15,2018-04-24 18:49:01,2018-04-23 18:28:42,2018-05-01 00:32:42,2018-05-21 00:00:00
c52a603ac74efb60aefc2f0e79d3a432,607c5e234f26e35e0e8e32a6eb47670f,delivered,2017-02-02 15:22:02,2017-02-03 03:45:34,2017-02-03 12:34:52,2017-02-10 09:27:44,2017-03-09 00:00:00
8f1e49888948febad9d7dc3ce8ec85c4,d05c4e03658b8be32ab5d465ee33496e,delivered,2017-08-22 12:42:42,2017-09-01 17:30:13,2017-09-02 11:32:39,2017-09-13 21:29:54,2017-09-14 00:00:00
02aeeaf3075593045bf2f59a7109e2c1,64452af16a3a2a817f9f56bd085e535c,delivered,2018-07-22 16:16:38,2018-07-23 12:32:20,2018-07-25 16:28:00,2018-07-30 14:52:52,2018-08-14 00:00:00
1052fc490084f258baac0395a94fa58d,e462719dbc5b591fd5713cd4a8de758c,delivered,2018-05-24 15:47:39,2018-05-24 15:55:25,2018-05-29 14:18:00,2018-06-04 16:51:16,2018-06-18 00:00:00
68ffe75ea06c7f7bfe38362dbcc2ba6e,5f4c7383d828ebcc50b068dae3ceb69d,delivered,2018-01-25 00:36:31,2018-01-25 00:53:19,2018-01-25 19:33:49,2018-02-06 16:08:08,2018-02-19 00:00:00
3d451284c2eb1fde30c16195e8f80fc4,040beed7727775617d1a7da5d26efaa9,delivered,2017-12-13 12:48:58,2017-12-13 12:58:28,2017-12-18 15:56:53,2017-12-30 17:59:04,2018-01-22 00:00:00
4df9ec980f9fb78c2ef93ec39d5d1d06,90dfcb73b06f1eda7b6860b196604bf0,delivered,2017-12-16 12:39:00,2017-12-16 12:55:45,2017-12-20 23:08:15,2017-12-26 13:18:52,2018-01-05 00:00:00
be0c74fbf10fa0f9ff71d978fdc49fe5,43491d3d8c2354d4f3c28c63e25b9a9a,delivered,2018-07-02 16:34:57,2018-07-02 16:50:21,2018-07-06 11:39:00,2018-07-12 19:46:24,2018-07-18 00:00:00
b8664a67156f7d886752140cd2e2e089,5a85f4f7d4dcd220e4b29e0d0ae6478e,delivered,2018-01-22 11:21:10,2018-01-22 14:19:54,2018-01-23 19:42:17,2018-01-31 18:32:57,2018-02-20 00:00:00
48aa7e4eb5522e310f74f208a4bd3199,25234bb91effe121c9b3b319863f9a11,delivered,2017-10-26 20:40:28,2017-10-26 20:50:22,2017-10-30 18:09:04,2017-11-03 21:29:47,2017-11-16 00:00:00
b209d9ebeffc9e2d9792355b594c5b25,d65be8567462ef26b2667c3ab8835a85,delivered,2017-11-17 19:45:25,2017-11-17 21:00:26,2017-11-21 20:26:34,2017-11-29 16:09:37,2017-12-06 00:00:00
734a45cad1f49226013e72303953d6ad,cc2c433fef10e158effe8dc9bba5018d,delivered,2017-08-07 16:35:50,2017-08-07 16:55:19,2017-08-08 22:17:59,2017-08-15 15:13:59,2017-08-29 00:00:00
c66d11687a807ceb590246a11aa1bc48,656c9acfad89c56538d70724a5e4adf8,delivered,2017-07-12 10:10:23,2017-07-12 13:50:16,2017-07-14 19:51:37,2017-07-19 18:39:35,2017-08-01 00:00:00
24f209c23bc564a88e7cbb7f46e17505,f45be1f885a95dcb91592d65ea0b3ec2,delivered,2018-01-16 14:20:42,2018-01-16 14:31:33,2018-01-17 17:03:50,2018-01-18 21:19:26,2018-01-31 00:00:00
623906ceb400510974acad2860500532,bbfec30263d2f8e19e695453564a007a,delivered,2018-06-19 19:05:34,2018-06-19 19:35:56,2018-06-20 14:45:00,2018-06-25 18:03:14,2018-07-11 00:00:00
f459d85f58bc7103cc87a3659e6e3591,8c2ecd1304e383107135db95e1f4007e,delivered,2017-09-02 21:00:39,2017-09-02 21:15:06,2017-09-04 19:53:55,2017-09-05 23:26:35,2017-09-15 00:00:00
32fef9bb0f0402350b640eb6f13dbe09,28c857caf2f37bb8751725b85dac2481,delivered,2018-03-07 06:46:21,2018-03-08 02:15:43,2018-03-08 19:54:23,2018-05-03 00:39:55,2018-03-29 00:00:00
81134c0da031fc1208ab4376cb3f384a,e36bfd34e63416370982b812ce3a8525,delivered,2018-07-27 06:11:22,2018-07-27 06:25:07,2018-07-27 14:22:00,2018-07-30 18:52:32,2018-08-06 00:00:00
9d90fa2a9d750969296393c7da7ffa8a,b5dd975e9fe6e6492a3eb69fa3814baf,delivered,2018-05-08 11:18:57,2018-05-08 11:35:37,2018-05-09 16:32:00,2018-05-14 19:51:19,2018-05-25 00:00:00
83c76350df165cbfe7c4f88eb43c2f00,34aff65d100d6bc40a108e53b2d261a6,delivered,2018-01-16 13:48:11,2018-01-16 14:11:02,2018-01-17 19:59:04,2018-01-19 22:21:49,2018-01-31 00:00:00
f723300ed4370482630acdfa2d5209a1,ba863d05e6d58a9a9310e89946422520,delivered,2018-03-02 08:28:17,2018-03-02 08:49:52,2018-03-02 21:34:16,2018-03-14 00:26:39,2018-03-15 00:00:00
71eb50917f5fc3dad71d5db670959dc5,cac1bebaac8369cf3c90084ad62bc4cf,delivered,2017-07-01 10:34:45,2017-07-01 10:45:19,2017-07-03 13:27:00,2017-07-06 15:46:01,2017-07-21 00:00:00
5045f8988a109fd596bf3b238219b0de,23694a0b935bf1c804cb78c9bb7018cf,delivered,2017-12-15 18:06:32,2017-12-15 18:17:19,2017-12-19 00:24:53,2017-12-27 20:13:29,2018-01-23 00:00:00
605a65763ded48a0db12fde2b0106a9b,67a5c4c74d60d14a792f89e8acf468bd,delivered,2017-04-22 15:10:29,2017-04-22 15:21:18,2017-04-26 10:03:32,2017-05-04 17:17:43,2017-05-11 00:00:00
7072d06682bebe0a0e66c3ce1f30131f,dcef87318712d5f3564c827fe35a689e,delivered,2018-03-16 09:15:09,2018-03-17 02:55:31,2018-03-19 23:48:28,2018-03-24 13:58:26,2018-03-28 00:00:00
61675bf97cbea18cc7bda3adfa73c348,774d067888d5255050937a1952e46cee,delivered,2018-05-03 10:01:11,2018-05-04 02:55:47,2018-05-04 13:41:00,2018-05-15 18:14:51,2018-05-30 00:00:00
e4ab47067c4cce118537efb1938f87dc,766716773193d515bbb268dc61c8cc06,delivered,2018-04-13 21:36:34,2018-04-13 21:51:00,2018-04-17 18:22:50,2018-05-03 18:38:36,2018-05-15 00:00:00
27943171ad2f4d49d8ad2df967b6c8be,27f6af0c81fab95708eeab76326d4b4f,delivered,2017-03-23 15:31:03,2017-03-23 15:43:45,2017-03-24 07:33:39,2017-04-03 14:22:48,2017-04-13 00:00:00
ed10ac24a1a673552fcceb839887e8fd,7676bb2e4592010517f7501369a1fb75,delivered,2018-02-28 09:03:32,2018-02-28 10:11:46,2018-02-28 22:14:18,2018-03-01 14:27:05,2018-03-13 00:00:00
5a8a4dc28b16fb90469ad749f9535773,c0c8b8bb055100a0cc08dcc04d847ac9,canceled,2018-03-13 10:58:09,2018-03-14 03:08:35,,,2018-03-23 00:00:00
fd60bf4b9338e8b58fdf1e5df58c5cde,fff906ecb75de5809be384e0f8d65e45,delivered,2018-03-12 23:42:22,2018-03-14 02:48:46,2018-03-14 19:24:43,2018-03-20 12:08:51,2018-04-06 00:00:00
b09eb4dd9213f7207888166bc6e16a6a,e6153a41439b7e1ae5508b4dcd9a1055,delivered,2017-08-29 14:31:53,2017-08-29 14:45:34,2017-08-31 15:05:53,2017-09-08 17:33:59,2017-09-29 00:00:00
034198ae241b34a9bc0d85282408937e,c7a4f3b89bd89c8b47b3eab4a1df1176,delivered,2018-01-31 20:18:59,2018-01-31 20:30:49,2018-02-03 01:38:48,2018-02-14 23:28:50,2018-02-26 00:00:00
48f3a0cfae19477fb7c023ef6e092dd1,76468fc2e290875c93f53af327982889,delivered,2018-03-19 10:05:40,2018-03-19 10:27:09,2018-03-20 17:52:11,2018-03-27 20:19:24,2018-04-06 00:00:00
94e3a1e85a53a8ec73ca2453f310aa5d,ce53557bd511a76d02ede6787c24773e,delivered,2017-07-01 18:37:05,2017-07-01 18:45:14,2017-07-03 18:05:49,2017-07-07 20:09:27,2017-07-27 00:00:00
4b09fc170c84e10e4caeff4d880db358,13527074814c80fd3f739a54ee91672c,delivered,2017-07-30 17:47:40,2017-07-30 18:03:23,2017-07-31 22:07:43,2017-08-05 15:46:47,2017-08-22 00:00:00
48d9d778ca005971949d2ccad7e99d70,0e94fdb092e81e1a604cca2ddbad0825,delivered,2017-05-01 14:48:33,2017-05-01 15:02:20,2017-05-05 18:17:45,2017-05-15 18:34:04,2017-05-30 00:00:00
dab8a6c6bd6ec448df5b3a6b6cb887bc,394653a10cab83cad40d7e2713f3ab89,shipped,2018-07-14 10:12:51,2018-07-16 12:30:58,2018-07-16 14:34:00,,2018-08-03 00:00:00
d10046876c7d9f01613da59ffa6cb07f,6559cb5b365f173915f766fefcd86972,delivered,2018-07-18 16:14:16,2018-07-18 16:25:17,2018-07-18 15:34:00,2018-07-23 20:46:44,2018-08-07 00:00:00
906a6b0a96d89ee226e4977e99b80b9e,274a720e69d300bc7696c8570f8978fe,delivered,2017-08-28 15:14:21,2017-08-28 15:25:29,2017-08-31 15:25:01,2017-09-05 19:47:44,2017-09-18 00:00:00
599c2d88fb3c46093862da1d28b2dd49,8b539d8bfc7202d27eaaf24635178238,delivered,2017-04-29 16:26:24,2017-04-29 16:42:59,2017-05-02 12:07:59,2017-05-05 10:48:06,2017-05-23 00:00:00
7c5ab5df45280f691489df7678d80fa3,52a2dd055a67a6be98f33b7b02a125e3,delivered,2017-12-28 00:47:40,2017-12-28 14:28:31,2017-12-28 22:49:12,2018-01-06 00:35:30,2018-01-24 00:00:00
b387e886ca5c0ec6c0f74a67d7dfc141,91107ca9c79b2a1a149fa27ce50fc65b,delivered,2018-02-13 20:37:29,2018-02-13 20:50:37,2018-02-16 19:19:32,2018-02-26 14:42:11,2018-03-07 00:00:00
5691108060e2d41f29c317bb5f4d70ab,08ecdefcac7e5d4d92cd6206d6401d09,delivered,2018-02-09 17:33:50,2018-02-09 17:49:30,2018-02-15 16:47:52,2018-03-07 18:17:58,2018-03-08 00:00:00
7c7746634ce6a69ef54045fc818fd366,25f13b156875d8101f5b0cbd1d1fda75,delivered,2017-12-20 20:40:55,2017-12-20 20:52:33,2017-12-27 17:30:31,2018-01-04 19:37:58,2018-01-18 00:00:00
1ab38815794efa43d269d62b98dae815,a0b67404d84a70ef420a7f99ad6b190a,delivered,2018-07-01 10:23:10,2018-07-05 16:17:52,2018-07-04 14:34:00,2018-07-09 15:06:57,2018-07-20 00:00:00
04f352fa3f3b02bb7c523906d577c4b8,7d330f9363872d46a4d38361586876a9,delivered,2017-11-11 19:03:58,2017-11-11 19:15:27,2017-11-30 18:34:30,2017-12-08 16:22:17,2017-12-14 00:00:00
f565be42bf5390f6cd98934cc4c17091,d5bb85d2c9324fc7a298992e501ca509,delivered,2018-05-09 15:22:58,2018-05-09 15:51:38,2018-05-16 05:29:00,2018-05-25 23:51:46,2018-05-28 00:00:00
8c3dc89e0f3cb3d2ba28bd9559109b84,0e3831c91b42710f9ac7aa1f0e4831f9,delivered,2018-08-09 15:39:32,2018-08-09 17:25:18,2018-08-17 13:59:00,2018-08-23 02:27:51,2018-09-18 00:00:00
b159d0ce7cd881052da94fa165617b05,e0c3bc5ce0836b975d6b2a8ce7bb0e3e,canceled,2017-03-11 19:51:36,2017-03-11 19:51:36,,,2017-03-30 00:00:00
49d644145fd8c0e627171467006e7c5c,726b7af7fc5edf3f4276a0ea74249b18,delivered,2017-03-18 22:34:25,2017-03-18 22:34:25,2017-03-21 15:54:29,2017-03-24 19:57:57,2017-04-07 00:00:00
182fa9505d1a70df89f74950a4e9369c,8b7b669f96ccc3bcdf29ab0bcf3bf311,delivered,2018-03-27 22:16:03,2018-03-28 08:27:27,2018-03-29 23:32:31,2018-04-11 10:31:28,2018-04-24 00:00:00
7403ac23ba120fd8567475b2f38bedcc,516a37d1245dd9d6c5bad03d4138dac8,delivered,2018-03-22 16:09:54,2018-03-24 02:10:56,2018-03-26 23:14:43,2018-03-28 01:29:00,2018-04-04 00:00:00
ea4ef5a01e67f61cba450e6294f0c92d,993040fb146e87d34cf90fef5dadef26,delivered,2017-03-24 20:44:41,2017-03-24 20:55:17,2017-03-27 11:26:13,2017-03-30 16:57:44,2017-04-19 00:00:00
2b5bd09c3c5b318e1b7293015fdfb481,9ca79e35d1014c21159bad5aa971820f,delivered,2018-04-06 10:53:07,2018-04-06 11:10:37,2018-04-07 01:16:48,2018-04-07 16:52:22,2018-04-23 00:00:00
84f9634e0295cecca0f76ae5cf5634f2,e38f354c82da2d54f3e038bf4f40d5af,delivered,2017-10-09 17:39:44,2017-10-11 07:33:38,2017-10-17 15:13:10,2017-10-24 19:59:23,2017-10-30 00:00:00
57242d7642063c0d6118305c58839a6f,91f797f3971210009f7b9261a82b8939,delivered,2018-03-08 15:59:03,2018-03-10 03:50:34,2018-03-13 12:28:40,2018-03-22 17:37:35,2018-03-29 00:00:00
30b949a0f71893bbe321509b0d32bcc6,02a9194295f0ec290cebf3a0e66c98a4,delivered,2018-03-30 12:25:09,2018-03-30 12:47:26,2018-04-02 12:47:23,2018-04-20 17:03:32,2018-04-24 00:00:00
79740c687f8732e1b4e5464d41457103,6eb75bd6718fd62420410a36667c1a9b,delivered,2017-04-26 16:09:32,2017-04-26 16:22:40,2017-04-27 09:40:27,2017-05-08 16:54:37,2017-05-15 00:00:00
6aafd5d9efe6cb46eb37992ba0b5489c,84eb939a8522197f436d4706e6e079ab,delivered,2018-04-17 23:06:12,2018-04-17 23:31:49,2018-04-19 20:48:51,2018-04-28 12:31:52,2018-05-16 00:00:00
b2976bc0899d6eb3fbaa0255ee3a000b,29fe5f83647b7191e6517bd11dad886e,delivered,2017-11-24 15:52:35,2017-11-24 19:32:00,2017-11-27 18:42:56,2017-12-07 15:59:14,2017-12-21 00:00:00
66928c6639754457c6c6ed61e416c773,5dd5fa8e1c712807e4783c7ee49ef115,delivered,2018-02-05 19:47:38,2018-02-06 20:31:22,2018-02-07 17:29:28,2018-02-08 15:43:09,2018-02-21 00:00:00
8f003b284055ebd824f3f4b259a49045,3999dd9f3c72e5c982a3912820741d92,delivered,2018-05-18 22:32:01,2018-05-18 22:58:11,2018-05-23 14:28:00,2018-06-14 01:57:23,2018-06-06 00:00:00
be05d705c70dac83e2c26c921b41c846,8547a257ab735dbd55f577c19b989f4b,delivered,2018-03-06 15:14:21,2018-03-06 15:31:34,2018-03-07 20:54:19,2018-03-19 20:58:39,2018-03-22 00:00:00
e09eb3a9e9596fe3ed67886f080e43a4,85d66cf3f4d426ae29730e95eb57dd40,delivered,2017-05-07 11:34:32,2017-05-07 11:45:12,2017-05-09 18:03:30,2017-05-25 20:15:21,2017-06-06 00:00:00
2d44453b8def2b82035cf9ec39b531ee,e6b161af20f43a3ecaebea99e93bc1cb,delivered,2018-03-19 20:08:35,2018-03-21 02:50:55,2018-03-21 22:02:53,2018-03-30 01:21:03,2018-04-25 00:00:00
878a8c40acad392fb20b6c462b10cb42,85c28c811874bf3509dc5875b24d2a34,delivered,2018-07-18 11:13:36,2018-07-18 11:30:21,2018-07-20 15:40:00,2018-07-31 18:16:47,2018-08-13 00:00:00
a7dfcc78536e420e85e510d7bb161cb4,9d07ed48127e776f64b02de9aa00c136,delivered,2017-12-22 01:09:21,2017-12-22 01:18:31,2017-12-22 16:23:25,2018-01-09 17:51:48,2018-01-19 00:00:00
c74540b0f084f6eef5649cac6541c6cb,66fe4d66419f0c7d08b03b2814aeb9ec,delivered,2018-03-25 16:10:03,2018-03-25 16:27:43,2018-03-27 04:18:54,2018-04-03 00:48:33,2018-04-12 00:00:00
cecad90bcb7f2d198f1c2e5087d070ee,9b60c21e803ae24bb61ac7ac145c21ba,delivered,2018-04-17 17:35:13,2018-04-18 03:55:12,2018-04-19 19:36:38,2018-04-21 03:48:28,2018-05-03 00:00:00
97415fb39aa90a8bfea4424d7bfbc5db,9e226cfa83b3ebd7c9aa0650697ecce2,delivered,2018-08-19 14:08:32,2018-08-20 16:13:25,2018-08-21 09:59:00,2018-08-28 16:51:40,2018-08-31 00:00:00
cc91a8e555c5d0b61066e4be9483fa57,1d9de47f112e80956b5c6cb240318e4d,delivered,2018-08-11 22:39:58,2018-08-11 22:55:16,2018-08-13 14:55:00,2018-08-20 19:21:42,2018-08-30 00:00:00
dfe94fc0123a2667259503f695edf46e,cbb1eca90285dadf3f1bf7b5848d8252,delivered,2017-09-12 15:36:04,2017-09-12 15:50:13,2017-09-21 19:52:45,2017-10-03 19:48:54,2017-11-24 00:00:00
810b8bba6a2fb6419db87fe22a4299fe,831bc4457a38cb2e1bd53a4f015a0528,delivered,2018-05-10 11:54:32,2018-05-10 12:56:20,2018-05-10 12:18:00,2018-05-15 19:54:56,2018-05-29 00:00:00
1954fde9d62c76532499182aa37e268d,95926d52021d78391f807460a5ba3d33,delivered,2017-08-21 05:00:09,2017-08-22 05:10:08,2017-08-23 20:57:01,2017-08-31 22:32:18,2017-09-13 00:00:00
d8fd983079230409820f11f044e4fe4a,e35269e6b2b4ad71d56e93225fa58879,delivered,2018-07-06 10:56:24,2018-07-06 11:11:49,2018-07-11 13:43:00,2018-07-24 22:05:40,2018-08-08 00:00:00
d427bbc436a25d6dc4b2795547544534,3d235b435b769714afaf63654eabb942,delivered,2018-08-17 09:32:55,2018-08-18 02:49:57,2018-08-20 20:03:00,2018-08-21 15:48:29,2018-08-23 00:00:00
2c3c322c51f8d1a0da8e2de75db68341,d5e571bac4046e819aec846ecbb548c3,delivered,2018-08-11 01:18:43,2018-08-14 04:35:22,2018-08-21 13:47:00,2018-08-24 14:28:53,2018-09-14 00:00:00
b67a30791edcafcda84679f2f08f70ff,bada5a4ad053f43e8197088e223f2bcc,delivered,2018-04-23 11:28:28,2018-04-24 18:59:00,2018-04-24 23:05:29,2018-04-27 15:48:56,2018-05-10 00:00:00
82ea57e68e895b25d0e2f3da566322e6,d915f051734c297d10ad06054fde1296,delivered,2018-01-28 13:41:48,2018-01-28 14:00:18,2018-01-29 23:08:43,2018-02-01 20:15:05,2018-02-23 00:00:00
75f2a104539398768a4bddc7a9a0d8fd,7ce8d02de99e58ca70014d90989a08c7,delivered,2018-01-17 11:05:40,2018-01-18 11:11:08,2018-01-22 22:55:06,2018-01-30 22:58:44,2018-02-07 00:00:00
4c33e33915d6aca583727659dc16fc98,7c813e67ef05683624d9a5cb6d274acf,delivered,2018-02-02 20:19:25,2018-02-03 02:54:09,2018-02-05 13:23:18,2018-02-06 18:42:53,2018-02-20 00:00:00
83be28237d62524f82d47b7e4e8759ec,9a69b5f5047c5964e99ba4941b1e62bd,delivered,2017-03-14 19:26:41,2017-03-14 19:26:41,2017-03-15 13:27:03,2017-03-21 15:44:09,2017-04-04 00:00:00
b89fe4be84bbe9ccae46504cda83162f,46a7d2bbdb489fd43bf82d7a5e6114db,delivered,2017-06-23 23:45:09,2017-06-24 00:35:26,2017-06-27 10:48:59,2017-07-12 20:52:12,2017-07-19 00:00:00
4638df545f7ab35cb2e4ed4bcb490e17,2003c2365837ed9b6c7e6ec2780797b3,delivered,2017-09-07 19:35:39,2017-09-07 19:50:24,2017-09-22 16:28:50,2017-10-07 13:23:08,2017-10-05 00:00:00
6438d704a058758bff33c039c32f655f,244f250f66de09985e7491ad83d77439,delivered,2017-06-02 23:43:03,2017-06-03 01:22:41,2017-06-06 10:23:53,2017-06-13 16:37:13,2017-06-29 00:00:00
659862bc91d0c543aa9a3ecd268792c5,896ef8aa8a85480f35a6053ff3cda8c0,delivered,2017-09-06 13:30:16,2017-09-07 02:55:20,2017-09-08 15:29:55,2017-09-18 15:22:08,2017-09-29 00:00:00
b2f848c14ae4b774fd3a0842aa435a5b,82dcb4845567454470a5d9638448d800,delivered,2018-04-12 22:25:59,2018-04-13 13:31:38,2018-04-19 16:51:46,2018-04-20 17:41:32,2018-04-30 00:00:00
c1242f927f71ac91fcd9df26cdeba9fa,b02e04da20e1a7ecbd01c7edcf909b59,delivered,2017-07-17 11:39:33,2017-07-17 11:50:23,2017-07-17 20:17:43,2017-08-02 22:11:59,2017-08-16 00:00:00
6448237ae0af3afab5cd9c3aedeca40a,d8727aec38910ea158ed0eeee9f7812a,delivered,2018-03-22 21:41:30,2018-03-22 21:55:22,2018-03-27 19:21:36,2018-03-28 20:32:56,2018-04-04 00:00:00
5239a1d5badf5276845d8c71dbeb8fc9,6a5e444906153f324d0252976a4a40a5,delivered,2017-05-05 08:44:57,2017-05-06 02:16:00,2017-05-10 17:05:04,2017-05-22 08:42:09,2017-06-13 00:00:00
098e4bd227693adc9a292cf3a42ea7a4,24c5a5251ee54a54a9497c6e82f321f6,delivered,2018-04-18 10:56:55,2018-04-18 11:10:55,2018-04-20 01:11:32,2018-05-02 23:19:15,2018-05-15 00:00:00
00c763284c0056eed753352f5559ff0a,0bbbcba4fb2d97e129f2f2622d82eabc,delivered,2018-05-31 23:51:24,2018-06-01 00:10:44,2018-06-01 14:42:00,2018-06-13 15:34:39,2018-07-04 00:00:00
b2452c55b7dd1d12fca2480a7dbde11e,1f91ccab7c2b1d4049f5383d813e6fa7,delivered,2018-07-24 00:04:23,2018-07-24 10:31:19,2018-07-24 13:06:00,2018-08-07 16:11:53,2018-08-15 00:00:00
0da1757dba2fb3d886b5051cb964c524,d2713b16319699ceb2616a1a387d0ce0,delivered,2018-02-22 23:34:20,2018-02-22 23:50:20,2018-02-23 23:35:15,2018-02-27 19:59:16,2018-03-15 00:00:00
916dc974baaa87d11f1f1c829694e6ac,d7809355993762979fd42d6ea5515689,delivered,2017-10-16 20:37:06,2017-10-18 02:58:39,2017-10-18 20:42:09,2017-10-23 18:56:06,2017-11-03 00:00:00
87f5e3ce6dc0d86137ed70772c870463,e478886b1ba8258f79c67a3e91b9d76b,delivered,2018-04-12 17:51:53,2018-04-12 18:10:01,2018-04-13 17:44:43,2018-04-21 16:52:42,2018-05-11 00:00:00
3817a19e1f3eafba5a0c9bf28cd7f877,596c05f5c6499d19b77e5e1c946116bf,delivered,2017-07-14 16:34:19,2017-07-14 16:45:25,2017-07-20 16:43:36,2017-08-01 17:24:51,2017-08-15 00:00:00
509e8264fd587e8a50d51f2e7fde1776,762ead3b312e57a6b06819bcfdafb241,delivered,2018-02-28 09:08:52,2018-03-02 02:15:49,2018-03-02 22:00:07,2018-03-05 21:13:37,2018-03-13 00:00:00
01988bf5b8acbc4d6ced86e4d47fcb1a,32414a38e12950c3121fec300b889ee4,delivered,2018-01-02 22:04:57,2018-01-02 22:14:22,2018-01-10 18:09:44,2018-01-22 22:05:30,2018-02-02 00:00:00
85543b91926dbde9debccfbeb3136483,16650a3625b6ad5f916ad982e76c30a3,delivered,2017-03-02 23:04:14,2017-03-02 23:15:08,2017-03-03 11:39:45,2017-03-15 15:09:29,2017-04-04 00:00:00
ba3794ae046c34dd007a8a9cb7cddadd,a53f07618b7619490927f7619c0aeef3,delivered,2018-07-29 16:52:30,2018-07-29 17:05:17,2018-07-30 10:14:00,2018-08-07 14:57:00,2018-08-14 00:00:00
954ab5c4577503f15b807007b0a1d8cc,f8388449b0c4c5425413fd12baf8b3ac,delivered,2018-03-20 18:50:25,2018-03-20 19:08:37,2018-04-03 16:48:35,2018-04-11 21:27:48,2018-04-02 00:00:00
021dac6e3120485db6a77474aa21b979,c40f7f00e91eb8a0da1e58484380a796,invoiced,2017-11-24 22:46:09,2017-11-25 01:53:42,,,2017-12-15 00:00:00
7ed08db0f0302d934302bda48741ea6a,ca6b8369d8147a0ddc309d46e5a27f27,delivered,2018-03-08 16:12:06,2018-03-08 17:24:35,2018-03-13 00:33:28,2018-03-20 18:19:05,2018-04-05 00:00:00
6ed97d236b7eb297787b4002f3efee17,d6d256a476e32cfc2b4b0bb56142c7df,delivered,2017-05-09 08:08:31,2017-05-09 08:22:06,2017-05-09 10:07:36,2017-05-12 15:22:57,2017-06-01 00:00:00
66f943fd426ac8716ef6b6b97ace8bd8,592ef413ebc8f70a779b9282d2ea6020,delivered,2018-04-19 08:26:03,2018-04-19 08:35:19,2018-04-27 10:56:00,2018-05-04 19:51:06,2018-05-09 00:00:00
0095790a64527ec83aeaaf99023c050e,6081c7acb40f63731b3c982857c79581,delivered,2017-11-15 13:36:30,2017-11-15 13:50:26,2017-11-16 19:44:48,2017-12-07 21:46:56,2017-12-11 00:00:00
ca3b7514c4c2ab7ba612094bee631db4,03ebf79c58f0c3be1cc8895f1829ca79,delivered,2017-09-08 12:00:21,2017-09-12 04:35:22,2017-09-13 13:49:00,2017-09-20 19:22:36,2017-09-26 00:00:00
8c1d9edae3eb31bec39a9bc12b0b1368,b9df8ecebced20885081084cd12553c8,delivered,2017-07-25 21:38:56,2017-07-25 21:50:38,2017-07-26 18:39:45,2017-08-04 18:37:29,2017-08-18 00:00:00
f1611d684a8f4867ad7416a958150643,3db7b364599c413ad923893524c13daa,delivered,2017-05-14 02:28:53,2017-05-14 02:42:26,2017-05-15 12:45:30,2017-05-30 14:37:24,2017-06-14 00:00:00
2d57932a94a64e0729ec5b88b4860d0d,18ee349e6fe0fa105ac44232ac1f4d06,unavailable,2018-03-31 19:08:47,2018-04-03 05:27:48,,,2018-04-23 00:00:00
e0f6f4313a61689a0a03dbafbcb5e97f,5970719d1bf569fb6a1739c8046ea1a3,delivered,2017-09-03 23:01:04,2017-09-03 23:15:10,2017-09-04 19:52:15,2017-09-13 18:39:38,2017-09-21 00:00:00
d929b9d4328102a95137287cab157512,cd68342f9a9a5ddd02f5ad372ace79e0,delivered,2018-03-29 01:24:12,2018-03-30 03:26:49,2018-04-02 22:13:35,2018-04-07 01:12:18,2018-04-17 00:00:00
cf528e0d99cf05154203f3ef20caac76,33245095f70ea953afeb2b688c2ad210,delivered,2018-04-26 14:49:37,2018-04-26 15:10:42,2018-04-27 13:36:00,2018-05-03 17:28:35,2018-05-22 00:00:00
18493260806e807d314bd6fcfc32e2b8,dae8f32249205215d02242936ef74341,delivered,2017-02-03 16:10:44,2017-02-03 16:21:38,2017-02-03 17:29:58,2017-02-07 10:45:07,2017-03-07 00:00:00
87b25622da650dcff9efaeaad1ebc057,c88f43e6c3194c2d966354b7ad47de53,delivered,2018-01-06 16:23:32,2018-01-06 16:30:24,2018-01-09 15:51:50,2018-01-17 17:13:01,2018-02-06 00:00:00
aa61ca4def1d3385bafe461f6ef46faa,bf6b253b57084074028db05fcb09acba,delivered,2017-02-24 20:28:53,2017-02-24 20:41:57,2017-03-01 06:34:57,2017-03-08 11:38:02,2017-03-21 00:00:00
dfa2cb8b0da3113c54e5a2109f76f7d8,a9340c77279c300e226d96888814317a,delivered,2018-06-16 12:08:05,2018-06-16 12:39:59,2018-06-18 15:52:00,2018-06-23 12:03:38,2018-07-05 00:00:00
4134d857ea0e2009e02f6f90888fa583,58ea963c191e6d553f030709aabcda9c,delivered,2017-07-30 20:32:10,2017-07-30 20:45:22,2017-07-31 16:26:05,2017-08-03 14:19:55,2017-08-22 00:00:00
d62385e2db54ce23f101afa3bb205b3f,29da34100ffab96f07b2ffe86c8a9712,delivered,2018-01-02 22:12:34,2018-01-02 22:29:52,2018-01-08 21:43:09,2018-01-19 00:04:01,2018-02-06 00:00:00
f07ad60eb1e9d4b3be1029f373321408,cd865de179ad020a8cdaf0d6ec45c08f,delivered,2017-11-28 17:04:25,2017-11-29 02:21:47,2017-12-06 22:19:18,2017-12-11 18:39:15,2017-12-19 00:00:00
04daee30107ba31302f8528918ba7f37,58723c16d88f82622b9cd3888d90dd55,delivered,2018-02-21 11:19:32,2018-02-23 02:40:24,2018-02-24 12:56:32,2018-03-15 12:42:49,2018-03-19 00:00:00
9d0ca265751868d6105b4e52c50125a9,fc365f3d1e68addeaeaf7d5910104107,delivered,2018-08-14 18:05:43,2018-08-14 18:35:06,2018-08-15 14:36:00,2018-08-20 23:47:48,2018-08-29 00:00:00
a0a94a840605a83bd0775e894314cb31,634b467de7498f7aa0e8c38ad377c59e,delivered,2017-08-06 22:08:58,2017-08-06 22:23:32,2017-08-10 20:54:26,2017-09-09 14:29:51,2017-09-11 00:00:00
27890ab4f1e69e4ada365fda76df26df,4df1167e04f1414da4777047b170d010,delivered,2018-03-09 20:01:45,2018-03-09 20:40:21,2018-03-12 17:24:21,2018-03-16 20:24:25,2018-03-27 00:00:00
796b04ac2c7b508683f6010238b991f1,b67cda5c14480b9958d2f1465fb3608c,delivered,2017-11-20 20:34:03,2017-11-20 20:48:19,2017-11-22 16:43:11,2017-12-22 20:52:22,2018-01-09 00:00:00
dbbf7d93d5012798df65f08137f99a65,fb98deb0395a93ba889c36ad75372a6c,delivered,2017-12-27 17:56:02,2017-12-27 18:08:18,2017-12-28 19:26:34,2018-01-06 15:22:27,2018-01-22 00:00:00
8c27cda2524caadb58840f8e864daec5,ff88f2ccc66b4c9c2c0256274f51b4b0,delivered,2018-02-24 12:50:07,2018-02-27 03:31:03,2018-02-28 22:08:33,2018-03-14 10:28:33,2018-03-26 00:00:00
62e259e1f8f28bc238dff0af49a4ecab,201c1e817c9678dd055235db6aa3674d,delivered,2018-05-14 17:43:10,2018-05-14 17:57:06,2018-05-15 17:35:00,2018-05-22 20:19:39,2018-05-28 00:00:00
2baa8f1505935ad18a9409ec365c1988,5f8bdf6ba12ce75e7360ad82b17eaa03,delivered,2017-10-23 14:14:06,2017-10-24 06:33:49,2017-10-24 21:04:09,2017-10-31 18:41:59,2017-11-17 00:00:00
9eda2d18097ef7bd7ff08ad54402fc77,f23ca065556c1594117bf58e15b2db66,delivered,2017-09-24 23:50:30,2017-09-25 00:45:06,2017-09-27 23:22:25,2017-10-14 14:48:44,2017-10-18 00:00:00
62a86eeeb3310889c048224de16767e5,c3da0840b7e9ccb23a36e317579b3422,delivered,2018-04-12 20:58:52,2018-04-13 13:35:42,2018-04-19 18:08:29,2018-04-24 16:08:58,2018-05-08 00:00:00
a4679a28c7ef85f6277954e4139a3fad,d80baef8077ebca9d3545ac893887d4e,delivered,2018-02-03 18:04:01,2018-02-04 12:31:19,2018-02-05 17:47:17,2018-02-09 17:42:15,2018-03-01 00:00:00
8aaa4fb6b01346340a6cf91214f6606f,629e6c2887881c2b75e18a25d6637754,delivered,2017-06-08 17:19:42,2017-06-08 19:00:05,2017-06-12 04:19:25,2017-06-19 17:53:54,2017-06-29 00:00:00
aa63db7f2ec964c78e9099feae5b730e,353d47f52847eb30e1e0efe4696f1e06,delivered,2018-05-03 14:20:37,2018-05-05 03:33:43,2018-05-05 09:30:00,2018-05-09 22:21:39,2018-05-28 00:00:00
c57d7d22a7690624506951c783f2a588,9d91ef1cecec1aa30917f8b25307e4e9,delivered,2017-08-08 09:01:18,2017-08-08 09:15:10,2017-08-09 13:54:07,2017-08-14 17:56:41,2017-08-30 00:00:00
920a775204d54696910a3056ff090942,81bebc06bc7bb674fa6353451be2a23b,delivered,2018-05-30 21:13:04,2018-06-05 03:50:23,2018-06-05 14:06:00,2018-07-10 16:51:18,2018-07-23 00:00:00
b49298f3f28ff2194633444aa6b08cb4,a14f6f687855527fdcd29e0bef8390b7,delivered,2018-06-28 10:29:50,2018-06-28 10:50:26,2018-06-28 12:55:00,2018-07-02 15:37:28,2018-07-27 00:00:00
cea71c0d8880d36a8492d52bd76b0e0b,679eab96828b70b85627bd192a717de7,delivered,2018-04-18 19:39:08,2018-04-19 13:31:34,2018-04-20 23:48:38,2018-04-25 21:36:59,2018-05-21 00:00:00
c20197cf31f945d8c2cbf79518530b4b,7e2db0daffeb09ef8293384045079798,delivered,2017-10-29 23:15:43,2017-10-30 07:10:11,2017-10-30 13:57:46,2017-11-06 17:21:54,2017-12-08 00:00:00
93f9ec7dbcda565025da885db90ce158,be62eb313b55bf8e32345bd66b1f1acc,delivered,2017-08-14 13:48:07,2017-08-15 03:44:08,2017-08-16 16:47:44,2017-08-25 22:28:02,2017-09-12 00:00:00
67884ec2877808808c25211dce58689b,08ab9916d3e6d664efe2862d1a764d88,delivered,2017-05-07 12:31:08,2017-05-12 21:33:56,2017-05-10 11:43:58,2017-05-16 07:57:33,2017-05-29 00:00:00
48355743de20d2abaed10440296594e5,dd2498f71cbf6ce861c36745c4e13866,delivered,2018-04-15 20:41:10,2018-04-15 20:51:48,2018-04-17 21:51:04,2018-04-18 22:18:34,2018-04-27 00:00:00
da47f3e1d422ef0acfa45d3a81f0085f,d14b76c93d237241c52e0e6767feb42a,delivered,2017-12-04 21:53:42,2017-12-05 10:30:46,2017-12-06 16:58:51,2017-12-19 16:23:35,2018-01-02 00:00:00
e182a452122b1137aec51d2c736995ff,44c163ba5aaf3acd361440226d683c7d,delivered,2017-12-10 23:44:08,2017-12-12 03:50:30,2017-12-14 21:52:00,2017-12-29 23:16:21,2018-01-04 00:00:00
6d78521e00f69cd15f0a4f73f9f561e4,05a77ea6f0049cb8d1604d562e8b4c7b,delivered,2018-06-19 22:50:21,2018-06-21 03:38:59,2018-06-21 15:17:00,2018-06-27 18:03:18,2018-07-11 00:00:00
48fed69e8c28ac23a9d7f5631ff45397,04216e3374a4ddb59314b1f5fc9cc410,delivered,2018-05-22 13:28:58,2018-05-22 13:54:48,2018-05-22 14:31:00,2018-06-09 12:28:33,2018-06-06 00:00:00
f88fc67d4fe4e1a6d2865c88c5c36bf1,ece5ebf2a90d7b60b214ec8b666f2961,delivered,2017-10-21 09:55:35,2017-10-24 03:35:22,2017-10-24 20:07:59,2017-10-27 19:36:41,2017-11-10 00:00:00
10afda4156379d4b3279e15b160a7992,0e8b055d3ccba0579aec511d1077dab3,delivered,2017-08-27 09:38:57,2017-08-27 09:50:33,2017-08-29 22:22:04,2017-09-13 10:37:27,2017-09-26 00:00:00
e247adbf2a2f3ae78387acf1c1437fd6,be6328621d49665921978e171a3f348a,delivered,2017-11-12 17:21:23,2017-11-14 03:46:35,2017-11-23 19:33:17,2017-12-05 16:48:47,2017-12-21 00:00:00
e08046f2dbca22a1bdd54b791297e859,a1b774f7af3f80556742fe4763728bd4,delivered,2017-11-24 12:20:00,2017-11-24 14:31:31,2017-11-27 15:29:04,2017-11-29 01:08:29,2017-12-08 00:00:00
b9fce2067f47956396b6782d9bf146ca,9eb9bec6a91d6b82b4a39e49276f1e8f,delivered,2017-06-24 19:15:57,2017-06-26 11:10:26,2017-06-27 10:49:02,2017-07-04 17:41:28,2017-07-24 00:00:00
a9aa7a1967b25653be2df8c6bdba2fd2,e5d315b5b2233173aa7966525862866c,delivered,2017-09-18 19:43:47,2017-09-18 19:55:09,2017-09-19 14:42:47,2017-10-03 20:26:25,2017-10-10 00:00:00
44d266dec578366b923e9b3a636c8311,e660f7483c8a0e1600ce3131a224ce75,delivered,2018-07-16 16:53:42,2018-07-16 17:55:13,2018-07-20 19:20:00,2018-07-21 14:03:33,2018-07-26 00:00:00
01218a8a807fc187849529e6f12237a9,a652f27bc38cb4869b7d5d82902c0b16,delivered,2017-10-22 23:06:06,2017-10-22 23:14:25,2017-10-25 15:05:08,2017-11-01 17:28:49,2017-11-14 00:00:00
7f1fb6cf63b226c51ac3c92df318e2bc,4aed1646cc4510f5d5055ec5a28acf17,delivered,2017-10-30 23:58:49,2017-10-31 00:10:40,2017-10-31 16:43:41,2017-11-08 17:36:50,2017-11-17 00:00:00
cfaf3a6d54da5f266c97d838c661fa4b,521c8850c0be991b4fe5416b89a5b8c7,delivered,2017-05-16 15:04:07,2017-05-16 15:15:19,2017-05-23 13:09:41,2017-05-31 09:46:59,2017-06-07 00:00:00
9276d962aa1c30600102c556bd3b57d6,9bc37668a78c2d55db617f01c2da9e2e,delivered,2017-12-22 18:25:34,2017-12-22 18:35:26,2017-12-28 16:59:12,2018-01-13 17:57:37,2018-01-24 00:00:00
b2966db1aadf7b21b86cbd1131855a68,f28d21980a0a6f0d169722ee9b0d4ac2,delivered,2018-04-05 10:36:36,2018-04-05 10:50:17,2018-04-05 23:29:45,2018-05-21 21:46:38,2018-05-07 00:00:00
2fe235100bc886d03c83fa6c07c7b84e,4162c423b5bf9971ab7ee9c9ae825caf,delivered,2017-06-08 09:42:23,2017-06-09 02:42:37,2017-06-09 10:42:31,2017-06-19 14:07:07,2017-07-07 00:00:00
0115f8bb1dc16d3fac863ce1deb037b6,17ec3674dce86b3240e0a333cc51112e,delivered,2017-06-30 19:13:15,2017-06-30 19:25:18,2017-07-03 11:59:40,2017-07-07 17:12:36,2017-07-21 00:00:00
90996bb09488a7d314ecd6eb68f52451,632d162bed71bc8d18cd10942cb54007,delivered,2018-03-22 11:33:47,2018-03-22 11:55:23,2018-03-23 18:23:32,2018-04-02 23:11:24,2018-04-13 00:00:00
01a49649881d677e0c901ca0f6564382,07acb3c7b1fc507ae53e2e611d2b42a0,delivered,2018-05-16 10:57:19,2018-05-17 02:55:43,2018-05-24 13:47:00,2018-05-25 18:38:40,2018-06-14 00:00:00
8863958cd300b0b2cfb1b8db3326dd38,05581163680574c7c5afadd7764fa22f,delivered,2017-08-08 20:46:53,2017-08-08 21:03:21,2017-08-11 13:36:55,2017-09-06 22:44:55,2017-09-04 00:00:00
47e2f2848f677f90f495f3884d9fe2e7,42f337573d33c88f398277c150a058d8,delivered,2018-07-28 13:10:32,2018-07-28 13:24:10,2018-07-31 15:22:00,2018-08-02 20:14:25,2018-08-06 00:00:00
7a04f1c505fcb55b00384ea037f73f24,39a3f99c51f59150cbd4d1dfb52603cb,delivered,2018-08-07 15:00:42,2018-08-07 15:10:17,2018-08-14 14:18:00,2018-08-16 05:22:18,2018-08-16 00:00:00
e49e7ce1471b4693482d40c2bd3ad196,e4e7ab3f449aeb401f0216f86c2104db,canceled,2018-08-07 11:16:28,,,,2018-08-10 00:00:00
c8c4cee82cc04a8966a13f97e9366b82,a19b79f26e1ff801d669b33c167dc427,delivered,2017-05-05 08:28:50,2017-05-05 08:35:21,2017-05-05 12:00:40,2017-05-18 08:24:36,2017-05-30 00:00:00
d9eecffc625e888de8f4faaa0d98d3b4,bc10a8ee2102856c0b67ca904cdc4af6,delivered,2018-03-28 21:54:56,2018-03-28 22:07:45,2018-03-30 01:03:42,2018-04-18 18:37:48,2018-04-26 00:00:00
d17fc99c6e3eefd9ab2694dadbd05943,e1882244530a2b9f1895601ab63ecc6d,delivered,2017-11-14 21:09:04,2017-11-14 21:27:34,2017-11-20 18:54:58,2017-11-24 17:24:06,2017-12-07 00:00:00
a2f79ba97c95b2708f14e8e66ae525b0,97b0dc8fcaf85c48c61c57543aa3af99,delivered,2018-04-26 12:09:20,2018-04-26 16:35:33,2018-04-27 12:14:00,2018-05-03 18:28:26,2018-05-11 00:00:00
dbec54e46dc0fa4809af85a952a4b4d6,8fbd49adcdb3fc9d7cd88c0dc1cb43df,delivered,2017-05-13 23:45:23,2017-05-16 20:15:17,2017-05-18 10:45:47,2017-06-02 11:28:09,2017-06-02 00:00:00
740b489def00f1dd64ba1d3c169020ba,2cd3f81c5206d91f8f77a3848d4cc883,delivered,2017-05-28 18:04:09,2017-05-30 04:30:38,2017-05-31 15:18:18,2017-06-06 14:01:46,2017-06-23 00:00:00
3ab4eea6776259ae8dfbabaeffece352,24d46169d90daaa687cbf122c3243df8,delivered,2017-01-16 21:08:25,2017-01-16 21:21:52,2017-01-18 10:55:24,2017-01-24 13:57:59,2017-03-08 00:00:00
d0e379ef6e0ea864c470893dbd5da4dd,39d7c7a5e9c2172c16234017faf854ba,delivered,2018-03-11 19:07:43,2018-03-12 19:09:38,2018-03-15 18:49:35,2018-03-16 20:03:37,2018-03-22 00:00:00
eed639faf065efbc912dfe75efef590f,a56444c78835591125f106e5e0e9f15f,delivered,2017-08-09 15:41:13,2017-08-09 16:03:53,2017-08-14 21:07:37,2017-08-16 18:22:57,2017-08-28 00:00:00
b4d02f5e2416f97c4879e0585170855e,f343a083755766c0409d920595a3dded,delivered,2017-08-16 17:37:32,2017-08-16 19:05:10,2017-08-17 13:14:55,2017-08-25 18:57:26,2017-09-12 00:00:00
937eff3061f712451d82303708399122,06a0388e1b17d3afa06122933c11941b,delivered,2018-02-11 19:35:52,2018-02-12 19:30:27,2018-02-14 22:33:44,2018-03-13 22:56:25,2018-03-07 00:00:00
82a8c3dcda52d329f3f4ea44f6a406f9,1672735fe3048016be17731bb72b29a0,delivered,2017-06-30 15:20:10,2017-07-01 05:03:59,2017-07-03 17:02:11,2017-07-25 22:32:28,2017-07-28 00:00:00
90a8a33a0da9f54b68d65e99feb825bc,25f8d95a5368f2434c5dd7c4eaa53df3,delivered,2017-07-31 20:54:58,2017-07-31 21:15:15,2017-08-01 19:45:27,2017-08-14 21:50:03,2017-09-01 00:00:00
4febe1be4f45c27a03af55f77bcffbbe,39f6de22ea9494079cac9d968471882e,delivered,2017-09-06 10:22:42,2017-09-06 10:38:14,2017-09-15 22:27:50,2017-09-21 20:02:33,2017-10-03 00:00:00
4f16d07441ebb275f11b0c403433a20b,7ca21490a9d1f75bb84871b6e57177cb,delivered,2018-08-01 13:02:26,2018-08-01 13:40:18,2018-08-01 16:00:00,2018-08-06 15:08:45,2018-08-14 00:00:00
892106e2f061b6b70a4942db53200b8a,40406e269d91bc3c23b752413b2d7311,delivered,2018-03-08 20:28:52,2018-03-08 20:48:31,2018-03-09 20:22:31,2018-03-13 01:57:17,2018-03-20 00:00:00
fa099a53d48227d20d9eb52f139a6d8c,e50c59f4bada8680913f519f6f104e06,delivered,2017-09-12 11:22:56,2017-09-12 11:38:32,2017-09-18 23:49:50,2017-09-27 21:21:33,2017-10-09 00:00:00
62073ec6b54b8e6322037fc0f3591ad3,368f207cdc8f5c93a2b2a5d4cce96ba8,delivered,2018-04-02 12:22:06,2018-04-03 20:29:09,2018-04-17 22:46:22,2018-04-24 20:36:50,2018-05-10 00:00:00
2a4afa0d6cc69510f96d2a3e8fae85cd,f80155d3a210401861200038cab0ef58,delivered,2018-01-12 13:27:09,2018-01-12 13:39:20,2018-01-13 02:33:19,2018-01-25 14:35:14,2018-02-09 00:00:00
72b5838d29bbaafa945d07bcbc2d7d31,bb2b13404fceeed2fe9b865875786269,delivered,2018-01-22 21:43:28,2018-01-22 21:55:30,2018-01-24 18:48:43,2018-02-01 14:43:42,2018-02-16 00:00:00
735dce2d574afe8eb87e80a3d6229c48,d531d01affc2c55769f6b9ed410d8d3c,delivered,2018-07-24 09:46:27,2018-07-24 11:24:27,2018-07-24 15:14:00,2018-08-02 22:47:35,2018-08-16 00:00:00
fb662b5ba362e72d75d486ca4d29c9e4,7d69df404527f3b93aafbaaac56bb816,delivered,2017-09-10 10:17:06,2017-09-10 10:30:25,2017-09-21 17:23:07,2017-10-13 17:25:01,2017-10-02 00:00:00
492aed3c33bac22a8e04138319829283,58466c1166c377a56f6b2ae0d93ffbc0,shipped,2018-07-06 16:26:47,2018-07-06 16:35:10,2018-07-10 12:27:00,,2018-07-26 00:00:00
d5d69378d9ce32d540e8474e6423b5b5,244f1faadf05eaeffa26feab068bfae6,delivered,2018-02-16 16:23:26,2018-02-16 17:00:22,2018-02-21 00:16:54,2018-02-23 22:45:13,2018-03-05 00:00:00
5446ddcc7951680ce606991e1d953e6d,7dea9815eda7c64b6e839879d428e458,delivered,2017-07-24 08:56:42,2017-07-24 09:05:20,2017-07-24 17:42:29,2017-08-03 19:06:01,2017-08-15 00:00:00
f6d370f76988ab29f282356a31b6af7c,b615633a738a73059b49ddadac8cf1e6,delivered,2017-05-15 12:08:46,2017-05-16 14:02:37,2017-05-19 11:57:49,2017-06-07 03:14:03,2017-06-26 00:00:00
4177ca666e20ede4166d23a0d6d955db,a49649042977d36694f2c5e4d1b72019,delivered,2018-02-11 14:49:50,2018-02-11 15:08:06,2018-02-15 18:41:49,2018-02-18 20:09:05,2018-02-26 00:00:00
fd23556a7c693dc9341a263d6b9010cf,04e60c760aaefc50f1dc561039d0b273,delivered,2017-03-16 14:43:07,2017-03-16 14:43:07,2017-03-21 08:45:36,2017-03-30 17:50:21,2017-04-24 00:00:00
e4701cf302a9b3cc9efc51f06f354ecf,715a4bb1f449f0b1594f8619a155d81f,delivered,2017-09-20 21:47:53,2017-09-23 10:45:32,2017-09-28 20:25:16,2017-10-19 18:57:38,2017-10-20 00:00:00
e9dfd5e53078861fe747114532b0d96a,cc4a803cd5085b0af9dfd85e55164e75,delivered,2018-03-24 16:46:17,2018-03-24 16:56:05,2018-03-27 16:35:24,2018-03-28 18:03:52,2018-04-17 00:00:00
473fee9cbbd3ae6985bd086c2da65935,c9c97b8b79d5a1a42e8c245dfbe7c5e3,delivered,2018-01-10 22:54:15,2018-01-10 23:08:04,2018-01-11 19:47:29,2018-01-16 21:53:25,2018-02-05 00:00:00
5c59a70dbcb923876763ecb18ff3fad4,4d4e0331021865956763c591074635a2,delivered,2018-04-25 16:30:22,2018-04-25 17:12:30,2018-05-02 15:14:00,2018-05-09 16:07:34,2018-05-14 00:00:00
bfd9e46406df093343381a91996cb660,b44a602aaef761328bd8560c2c06aede,delivered,2018-05-06 09:38:19,2018-05-07 16:12:36,2018-05-07 15:03:00,2018-05-22 23:17:57,2018-06-04 00:00:00
1b8ad3ea3b815c2a51fe5b7d9a6492e7,9846bb9c780cb5d6f70ae844ddf2878d,delivered,2017-12-30 20:16:30,2017-12-30 20:27:01,2018-01-12 20:23:48,2018-01-25 15:27:55,2018-02-06 00:00:00
0dd03c63e61e99a366429e9348db886b,8ab41cbdceb027582ec57a80985d3771,delivered,2018-02-26 15:03:53,2018-02-26 15:15:53,2018-02-28 18:54:54,2018-03-20 18:42:49,2018-03-16 00:00:00
2fa7634ce48dabd9f75b76ab8c55a9b6,2c58fbe562641feabaf9ed71a68c6d4c,delivered,2017-05-15 20:26:01,2017-05-16 20:30:19,2017-05-18 10:43:32,2017-05-25 11:07:50,2017-06-20 00:00:00
a0fd703a1c6a122520246bd8d481e528,cfa2494edba0a27c258d43d40f190a4b,delivered,2017-05-16 10:29:47,2017-05-16 10:45:07,2017-05-16 14:05:34,2017-05-23 11:53:44,2017-06-07 00:00:00
ed415dd934c5bb15a4a2fd223bb0a43e,ee9b73e88afb4904ee2322cfc89cf638,delivered,2017-04-16 17:17:57,2017-04-16 17:30:15,2017-04-18 15:59:01,2017-04-20 08:22:49,2017-05-09 00:00:00
a249134c21e6cc24928060768941584e,9c0dc29335ab059ac917c36e8ad57ee0,delivered,2018-02-11 14:27:27,2018-02-11 14:48:25,2018-02-15 20:33:29,2018-03-21 16:03:48,2018-03-14 00:00:00
249452100d5e229072c817e203bd28aa,892144cc9ef691306799ef5ede788461,delivered,2017-09-20 11:20:55,2017-09-21 12:25:19,2017-09-22 18:32:40,2017-10-09 20:04:14,2017-10-25 00:00:00
faea7789087057a70709d72b02d2a429,a83e00616c38f17837a502c2fff857c3,delivered,2017-11-13 17:17:25,2017-11-15 02:36:11,2017-11-16 22:58:36,2017-11-22 17:02:18,2017-12-01 00:00:00
55b5a2fb966c36bed46f082ad6062914,e1aa4b904d0a6d58cf50e0c2fb0425dc,delivered,2018-03-05 18:12:14,2018-03-05 18:31:25,2018-03-07 23:18:54,2018-04-03 20:54:53,2018-03-21 00:00:00
9eb625cb452456dcf60ac5b2ce2ed445,f5bb00108debe00bb40f041482324c4a,delivered,2018-02-23 16:03:04,2018-02-23 16:15:35,2018-02-26 18:38:06,2018-03-10 01:58:31,2018-03-22 00:00:00
246a0dd11a624cd29b8c5dc2e56fa1dc,9e0d161e44c6199cc00168f41060be14,delivered,2018-05-27 12:07:46,2018-05-27 12:29:46,2018-05-28 13:58:00,2018-06-08 15:07:02,2018-07-04 00:00:00
dfa17c1f70f720cc2c699b032848a347,a4f2b838a51b4a3de8ff5fd7562507c6,delivered,2018-04-18 00:16:21,2018-04-20 07:10:54,2018-04-23 16:13:02,2018-04-30 12:46:41,2018-05-11 00:00:00
2e4e2813ad5d8dd8582c22307207f800,dde7d3a4aecd8c2db8bc1693d93d5575,delivered,2018-01-20 10:19:01,2018-01-20 10:34:04,2018-01-22 17:38:27,2018-02-01 14:36:44,2018-02-16 00:00:00
a4d8e20531e46f727b8723d74a39d780,1b60798ff4ed85e56cad952238e4e880,delivered,2017-10-17 21:25:00,2017-10-17 21:45:55,2017-10-18 18:07:45,2017-10-23 19:12:37,2017-11-06 00:00:00
6fa44c0aa6e74a2ded90c2657778e81d,5b7bfabf53d9b35dbe720771057d834b,delivered,2017-12-08 12:02:00,2017-12-09 02:49:49,2017-12-12 14:44:47,2017-12-23 15:35:48,2018-01-03 00:00:00
1ae8a88bf94d02224f932e18297baa64,7afffca41e83ce5daed57b022ab5cd74,delivered,2018-02-19 16:49:20,2018-02-20 07:26:59,2018-02-22 00:59:02,2018-03-20 17:12:24,2018-04-17 00:00:00
5187083897017a7ef1f9992070d898ba,9642a0bb9a77aa2ede0187891ff98976,delivered,2018-08-15 22:18:51,2018-08-16 10:50:21,2018-08-16 14:05:00,2018-08-24 21:38:38,2018-08-30 00:00:00
2bc1eac46ee8d6fad3f7369668f1bdf0,309e974054989e7a4f3fc8805b3bf55e,delivered,2018-07-21 13:24:30,2018-07-21 16:15:11,2018-07-24 14:51:00,2018-08-23 23:04:52,2018-08-21 00:00:00
3b43ab87914ebf7fd563557362108ebd,cdecc5d1f7fc375b1138e8b5f496fd69,delivered,2017-11-30 19:58:04,2017-12-02 19:55:28,2017-12-04 13:56:01,2017-12-18 22:12:52,2018-01-11 00:00:00
779a7c41849463b9f08aacd3d948a82c,76ad602d5f0774e99cc144e8942ff0af,delivered,2017-10-24 18:17:41,2017-10-26 17:08:03,2017-10-30 19:07:56,2017-11-16 15:42:13,2017-11-10 00:00:00
72e4d06e2e6df7e9ed18faa2f3623394,ebc5502300c33d56be693396de5b1100,delivered,2017-12-26 12:03:53,2017-12-26 12:13:23,2017-12-27 23:24:05,2017-12-29 14:22:28,2018-01-15 00:00:00
03798f08af4c622b81b2c8f46c8bfba9,f4c561310fbfc0b28a3419ff3df88950,delivered,2018-07-25 15:14:18,2018-07-25 15:30:11,2018-07-26 11:08:00,2018-08-02 01:46:32,2018-08-16 00:00:00
cef5090298d950b6fb6f220e7e1fc9d5,1ced4937382c20943b262c23a2348dc9,delivered,2018-05-06 18:33:51,2018-05-07 09:14:01,2018-05-07 15:20:00,2018-05-18 18:51:57,2018-06-18 00:00:00
c62832207ec12a716aea2fee061b5ba7,851906dffd68e591db40291b58e57b7a,delivered,2017-07-15 16:18:05,2017-07-15 16:32:46,2017-07-19 14:57:42,2017-07-20 20:26:54,2017-07-28 00:00:00
4218242a28cc771a5fbcd7f4e56dd02d,19934e840cf3664dd0f85c1e0b06859a,delivered,2018-07-25 12:02:27,2018-07-26 03:10:19,2018-07-27 14:02:00,2018-08-03 20:24:31,2018-08-22 00:00:00
bf0e0772c9e81651f6f0f255ed74bf88,ba796cfb1a430e5d6ceed83cde80ff92,delivered,2018-05-29 13:46:56,2018-05-29 14:11:32,2018-05-29 14:09:00,2018-06-12 12:56:44,2018-07-11 00:00:00
d080ae08baaaf19491c5b2d62cd02bf2,4ce8e60d4a40ea780f8db855b13eb589,delivered,2018-03-16 11:29:39,2018-03-16 11:49:14,2018-03-19 19:16:34,2018-03-27 21:37:36,2018-04-04 00:00:00
c2346355ba8062d8c308b0a82854206e,e9c6e44edf5a10160912f631fa4dda9b,delivered,2017-04-05 22:28:14,2017-04-05 22:42:43,2017-04-10 18:19:00,2017-04-13 17:42:30,2017-04-28 00:00:00
fc0da037889e24475a640dc6ef3c32d0,bc1da7d14aaf6f4d7f7f8ab57c507814,delivered,2018-04-27 21:52:33,2018-04-27 22:10:51,2018-05-02 12:26:00,2018-05-11 20:11:52,2018-05-23 00:00:00
ba4ff7bab012df64eed239c402ba6a0d,48ebd9467fef647e9a0cd9c1b9bdbe24,delivered,2018-01-11 23:07:22,2018-01-11 23:15:46,2018-01-22 21:32:12,2018-01-30 11:11:47,2018-02-09 00:00:00
4c7edd82fbbb32ade762d3daae1fe796,24b4c1c5cfb259406c62ae4aca559a3a,delivered,2017-09-22 22:10:20,2017-09-23 02:26:08,2017-09-27 19:23:32,2017-10-09 19:14:12,2017-10-17 00:00:00
ed3e41849b59a2b13b8ab478ea321fdb,dfeeebf7ee78986ee554bb022fa4676d,delivered,2017-11-20 16:45:31,2017-11-20 16:56:31,2017-11-21 16:02:51,2017-12-01 19:54:11,2017-12-13 00:00:00
f32423da322088b5d4bb9b249496f84b,623371f16358f7377123a845962af61e,delivered,2017-12-07 17:32:15,2017-12-07 18:31:37,2017-12-09 00:38:58,2017-12-21 02:13:09,2018-01-02 00:00:00
0360de67db844d693e3060a8b79eac4b,8345aea75d31e321ecfe407c12cbf5e0,delivered,2017-07-31 10:23:38,2017-07-31 10:35:19,2017-08-01 20:49:30,2017-08-14 11:10:45,2017-08-22 00:00:00
90c086a01b85684eb03d4f7b99d95501,335a327d8f2f15e0cc36a493218b1c30,delivered,2017-03-27 01:10:24,2017-03-27 01:22:04,2017-03-27 08:22:30,2017-04-04 17:22:35,2017-04-20 00:00:00
dda0214706ebf9c46aa0a45821bb589c,3f36fa8566b86af7d9abd7f931f2ef73,delivered,2017-04-04 22:19:37,2017-04-04 22:30:19,2017-04-06 10:26:39,2017-04-10 14:04:08,2017-05-03 00:00:00
290673dd0e92d677725fdb80ce26d46f,7a5aaaaec11d575445323b17c38189f3,delivered,2017-11-25 20:43:50,2017-11-25 20:52:49,2017-11-27 15:53:59,2017-12-13 00:36:49,2017-12-15 00:00:00
870f773874f3b7fd05281b341c6f8276,c9bc32bea2a4804ee41bf26dbe02ae87,delivered,2018-03-23 14:30:58,2018-03-24 02:10:58,2018-03-27 02:14:48,2018-03-28 21:28:37,2018-04-05 00:00:00
7a7b2262ffe011d9beeabfb73911f1c9,6af8e0beec8e9442aaf16b120e5e02a4,delivered,2018-05-11 12:52:43,2018-05-15 04:35:18,2018-05-15 13:19:00,2018-05-16 18:29:48,2018-05-21 00:00:00
3389e2333066b728a245423a73f3f82c,45c155ac404d868fd8f1d07e8cd916c3,delivered,2017-10-01 09:15:05,2017-10-03 04:04:58,2017-10-04 10:38:15,2017-10-10 12:34:00,2017-10-27 00:00:00
742ba39f629d08705cf64769ff41dd3e,3453cda7c1f2565886229607f31e7ce1,delivered,2017-12-28 16:34:07,2017-12-28 16:47:22,2018-01-03 23:22:58,2018-01-04 17:52:23,2018-01-19 00:00:00
899da82c1aeee8fe315db6826cd9a5ee,96e99e9c96df10ace8cb672ce133896e,delivered,2017-09-09 04:43:33,2017-09-09 05:24:13,2017-09-09 15:09:52,2017-09-24 16:28:43,2017-10-09 00:00:00
972de859f5e4986651981a283159a3b0,c9dbab4b73e48bd978bb5a5114ee6e3c,delivered,2018-01-09 11:53:29,2018-01-09 12:09:17,2018-01-09 19:27:12,2018-01-19 23:47:22,2018-02-07 00:00:00
d85a98bb9881eb52e0efa5e9ddece3eb,3a5bc1fec476a774e618cb40a073bf41,delivered,2017-05-22 12:17:04,2017-05-22 13:05:59,2017-05-26 11:17:56,2017-06-09 12:53:00,2017-06-22 00:00:00
244eddf1bb79ed749213ea45709f87cc,27cdcc7fde4b4a2c57192e35fe14fc6c,delivered,2018-08-11 15:05:38,2018-08-11 15:24:28,2018-08-13 12:20:00,2018-08-21 19:54:44,2018-08-22 00:00:00
5534625f6d8c8c073046dd7b57310af3,df7bfa162625fe00fdee8139c5e4cd31,delivered,2017-04-19 18:28:19,2017-04-19 18:42:21,2017-04-26 13:46:09,2017-05-09 14:38:47,2017-05-12 00:00:00
022b1f3510a95b396431fec95f5de236,2584a8c397f871fab8d373d60dedd289,delivered,2018-03-07 11:34:34,2018-03-07 12:20:24,2018-03-07 22:12:42,2018-03-10 16:22:13,2018-03-23 00:00:00
78902e5dd1f843cd182f10992137777b,ffcff7222f737ae6b440d4d0da1496d3,delivered,2017-03-07 17:35:28,2017-03-09 02:45:59,2017-03-10 08:17:27,2017-03-15 10:14:11,2017-03-28 00:00:00
bd06bffcca4ccf9aa809745a4d503085,74617dbb7f2de4ac9e4119a90ba82afc,delivered,2017-06-22 20:43:45,2017-06-23 15:04:54,2017-06-27 08:07:29,2017-07-01 11:16:48,2017-07-18 00:00:00
7db6028d54d5921d79f3cb2b95e63a73,ed71acb598f20ff831497c147d62abbd,delivered,2018-06-23 17:49:39,2018-06-23 18:18:53,2018-06-26 09:28:00,2018-07-02 16:21:45,2018-07-24 00:00:00
bf43f434abcaa2f045548a0592ee5e3c,55fbffedf0cf0c4d22b8385523cc40f7,delivered,2017-11-20 19:52:38,2017-11-20 20:08:49,2017-11-21 15:39:06,2017-11-23 21:31:48,2017-12-01 00:00:00
6bc8a792b7a78b27d3036a8d23b0ad38,fe01d69c1c9046eed7b45b06a443562a,delivered,2018-03-21 14:43:23,2018-03-21 14:50:40,2018-03-22 18:56:55,2018-04-13 16:35:30,2018-04-17 00:00:00
2c70c146dab57932ffc2ffe38cd57d8d,49aca3f38ce32b651920b1a706754fa2,delivered,2018-02-21 10:28:51,2018-02-23 02:31:15,2018-02-23 20:47:15,2018-02-26 17:06:50,2018-03-07 00:00:00
7999733d1c4a42be3b4e5ee369697591,81df85472a415076704347302d743ea3,delivered,2018-02-14 17:03:39,2018-02-14 17:40:23,2018-02-15 19:35:48,2018-02-20 22:27:07,2018-03-08 00:00:00
72bbfb1326267dae6346125615032442,1a79071381f3d25dc59bf650e6b63475,delivered,2017-10-28 20:41:37,2017-10-28 20:50:19,2017-10-31 23:04:51,2017-11-06 14:44:45,2017-11-28 00:00:00
79d7ad461229b660db59a892f1fa8e1b,9652611b6a6c44d8631be8f89e656867,delivered,2017-09-07 01:26:35,2017-09-09 05:04:00,2017-09-13 21:22:52,2017-09-19 19:39:55,2017-10-06 00:00:00
de5b7ea79803e2993efb698c480ba599,6b0dd7d5c825e4239c42c72227fd82f9,delivered,2017-07-17 14:31:23,2017-07-17 14:45:26,2017-07-27 16:43:18,2017-07-28 14:26:43,2017-08-03 00:00:00
af1d40f25339af66ca7766f6ad8401e3,97025df057a78fc0093c5b75ec5ddc4a,delivered,2018-06-07 14:18:38,2018-06-07 14:37:57,2018-06-11 14:17:00,2018-06-14 18:04:04,2018-06-26 00:00:00
6530850720ec1ab866eabcb399ccaf7d,2186616b5111dd45da9535288a51c348,delivered,2017-10-09 11:01:19,2017-10-09 11:14:31,2017-10-11 17:46:47,2017-10-20 19:13:52,2017-11-08 00:00:00
49255b429bbe9a429b8bc9f7d77a2b99,32a49c42e4bc78e6453e53c6719f6196,delivered,2018-01-22 10:16:24,2018-01-22 14:16:05,2018-01-23 23:47:31,2018-02-01 00:07:14,2018-02-19 00:00:00
42e69ecd0778c6ef53d99623cb1f3b9c,9ea52a177d36577d2396cad28e68a4e0,delivered,2017-04-13 19:41:54,2017-04-13 19:50:14,2017-04-17 15:08:38,2017-04-28 17:35:12,2017-05-09 00:00:00
cb54c9069dc123fa6cfca4b4cf94eb9c,6f87cac1f850912f8eee3d00f7cf8d1a,delivered,2017-05-29 17:01:47,2017-05-31 11:05:10,2017-05-31 11:32:49,2017-06-07 13:20:25,2017-06-21 00:00:00
338b0cffa439f5e95d42cd30d7ace847,0176d6c1606400bd49c88871e15839bb,delivered,2017-04-23 12:07:48,2017-04-25 08:05:21,2017-05-04 09:10:15,2017-05-16 14:33:34,2017-05-16 00:00:00
69a9472cf248340a42a3801c33f5a0d9,6981cdccdf99ca1a73963e3559352d2b,delivered,2017-05-31 08:51:45,2017-05-31 09:02:59,2017-05-31 11:15:21,2017-06-27 15:17:50,2017-07-05 00:00:00
5333db16fe357175d39c82840dd3269d,7e008e5ec21e044fe30c34ec4e9d0747,delivered,2018-03-10 18:18:20,2018-03-13 04:08:22,2018-03-13 17:58:52,2018-04-03 15:32:52,2018-03-29 00:00:00
070b9bc7d401021bcb0d4d7413bb233a,78c8986ae34f3ea1cbeeed9c5ad29f40,delivered,2018-08-08 12:03:37,2018-08-08 12:15:15,2018-08-09 13:38:00,2018-08-16 20:11:45,2018-08-21 00:00:00
9aec4e1ae90b23c7bf2d2b3bfafbd943,e7d6802668de6e74d0d6c56565bf2a24,delivered,2017-10-02 15:49:23,2017-10-02 16:05:19,2017-10-09 21:33:34,2017-10-11 17:11:54,2017-10-24 00:00:00
f1fbfebcfeaeedc9470bfb15f569dbea,a8d7d756a888b0382a2d3881b870a1ae,delivered,2017-06-07 20:21:54,2017-06-07 20:30:20,2017-06-09 16:35:56,2017-06-16 15:42:03,2017-06-28 00:00:00
1048ce07df6dfd9d7ae971bdcfd03d77,ace6148a7bef63ff4e8c80fd5c53780b,delivered,2017-09-17 15:08:41,2017-09-17 15:27:47,2017-09-18 21:04:15,2017-10-03 16:38:30,2017-10-16 00:00:00
deab869c61051ea9df4fcc0daf282c0f,340485e58213e37b8cd9723e0548f7c6,delivered,2017-11-24 11:53:17,2017-11-26 11:55:29,2017-11-27 19:09:18,2017-12-04 20:42:13,2017-12-14 00:00:00
f1f7bea1d9c5ce9f1f2db79011a29aa1,6071409e8ac30d508795f90b547936db,delivered,2018-02-22 12:41:19,2018-02-23 02:15:53,2018-02-27 22:49:01,2018-03-02 17:18:53,2018-03-15 00:00:00
fa141a7eaa934d2cabe21138a23a10ce,b7b240223f7d8bafbceac9f74d8b60d4,delivered,2017-12-01 12:46:00,2017-12-05 04:13:16,2017-12-06 23:32:44,2017-12-20 20:15:08,2018-01-02 00:00:00
981c757205df6c89af28906c96860c18,751faaaf0d01d3251288d53b03d59fa4,delivered,2018-01-02 20:08:11,2018-01-03 04:29:05,2018-01-03 21:42:44,2018-01-10 20:29:11,2018-01-31 00:00:00
b4d1dd77cf2c5fe4f153c568189a1e39,cad8cb02b68f53c2db4a122ca3aee6dc,delivered,2017-10-13 22:52:40,2017-10-13 23:07:21,2017-10-17 17:49:55,2017-10-24 18:18:42,2017-10-31 00:00:00
a0224d0bc0030c9226e9613d6561a7aa,278c63ede99698eb4838f0df378d9adf,delivered,2018-05-09 23:19:02,2018-05-09 23:33:32,2018-05-29 12:28:00,2018-06-11 22:18:38,2018-06-19 00:00:00
3003eed153ba33c08d9352250d65ba75,e16cf97d3d5183b6516d4fa8a476285c,delivered,2017-06-19 21:27:05,2017-06-19 21:35:23,2017-06-22 13:06:51,2017-07-03 14:07:31,2017-07-19 00:00:00
f4e88b3ce1eb899d388467aa702fdf93,4a1435c406b7c8bf1404a88a197787b4,delivered,2017-02-12 18:14:57,2017-02-12 18:30:12,2017-02-14 11:18:49,2017-02-20 13:15:29,2017-03-14 00:00:00
d2b5f540a6876d69b10bd2cd1edf4855,8f02b2e57bef69fcfb71e63b5246c62b,delivered,2017-06-08 09:19:18,2017-06-08 09:30:18,2017-06-08 10:59:48,2017-06-21 16:25:40,2017-07-04 00:00:00
385de753cc8af8758bf66d29d9916e66,83cc2c8ce60cb5aa51122ccb4bee73eb,delivered,2017-09-06 11:47:44,2017-09-07 02:50:39,2017-09-12 20:03:13,2017-09-18 18:47:49,2017-09-19 00:00:00
76de574e14e58baded25a12dce8075c1,3dc99b2fcf41c0898cfc7f38c2fefe5e,delivered,2017-06-18 10:26:33,2017-06-18 10:42:57,2017-06-19 13:45:40,2017-06-22 16:04:05,2017-07-11 00:00:00
fba0d18dccd0e4e88943d84a0f5aa448,412737810005be70b7bdfb4e4dc69dd2,delivered,2018-04-22 20:23:31,2018-04-24 18:33:58,2018-04-23 23:12:12,2018-04-24 23:22:08,2018-05-10 00:00:00
25a93076658202368073fb3697a3f4ef,1a0fba6c64f792517a1f8d8c88b8bbab,delivered,2018-05-06 23:32:46,2018-05-08 19:52:59,2018-05-10 14:19:00,2018-05-14 18:52:05,2018-05-22 00:00:00
bd3a4f4d1e523b01043f634836a0b4c5,d9a4e05b8c763933f3a6c9640d64a75d,delivered,2017-11-24 23:59:48,2017-11-25 02:53:52,2017-11-28 00:04:34,2017-12-28 15:05:22,2017-12-18 00:00:00
8a22adf86aba1b368f60fc28338e466d,2e9502ca58b46dd9afa7d714355dd541,delivered,2017-07-22 22:59:33,2017-07-22 23:10:12,2017-07-26 19:12:50,2017-07-31 13:53:01,2017-08-15 00:00:00
d591a97fad2791ee9d973b748fd1c4d9,49c66275a0b693c4414d9b1cc41477c2,delivered,2017-03-25 15:34:23,2017-03-25 15:45:21,2017-04-04 07:30:36,2017-04-10 11:26:36,2017-05-02 00:00:00
9692f3f8431de918c3daf5fd26a66668,1d2b80dfe191a690569d02080deec210,delivered,2018-04-24 23:09:11,2018-04-24 23:29:43,2018-04-26 15:18:00,2018-05-08 22:07:50,2018-05-18 00:00:00
580e9410cdbeb1ec66a48d3d0454dd17,e64813a1e1c56c5f628d71d62b69fe7c,delivered,2017-11-24 02:08:40,2017-11-24 02:29:27,2017-11-28 15:48:46,2017-12-21 20:05:34,2018-01-05 00:00:00
442c6fc8659cdf5bd32a9631cf51b3c2,a3f57ef05079a04651bd421fa6e4d919,delivered,2018-05-06 15:10:37,2018-05-06 15:33:32,2018-05-07 18:36:00,2018-05-16 22:46:34,2018-06-05 00:00:00
c526fe83c01c48066394ff5d81f9ab9a,6c678c38f3a0874b7bfeeb2d5fb22876,invoiced,2018-08-07 11:11:30,2018-08-07 11:25:01,,,2018-08-17 00:00:00
4add09b525bbbd66f6571658ca867401,2d78b0188c99bc38d9944aa2fdb67258,delivered,2017-11-25 20:28:22,2017-11-25 20:38:32,2017-11-29 02:52:05,2017-12-19 14:47:05,2017-12-19 00:00:00
60c75f7dd1ec49e06e204e2a86f0720a,9829c71399f3fb5b29d584b83a099775,delivered,2017-02-07 15:42:51,2017-02-07 15:55:17,2017-02-09 07:11:35,2017-02-16 19:04:14,2017-03-20 00:00:00
cb6e8557d9afadd1aa602474dafddad8,21acca2de271c02fc746e1573535ed3a,delivered,2018-01-18 11:52:59,2018-01-18 11:59:24,2018-01-18 22:06:16,2018-02-01 12:35:07,2018-02-21 00:00:00
7e2dddf174cc4d2768bf39c43ab2bd7a,accfbaa1f092fdf6db1d8fcdad351b50,delivered,2016-10-09 15:10:41,2016-10-10 05:54:51,2016-11-03 07:43:55,2016-11-10 09:27:42,2016-12-02 00:00:00
c6630f530cbd8c6e773a12a891182c31,a8a9f3c66f09c5784531d7935c5c7a95,delivered,2018-03-27 19:52:58,2018-03-27 20:08:34,2018-03-28 23:05:27,2018-04-11 19:06:39,2018-04-23 00:00:00
8be0775a20e013586ff9da7cef067d7b,02bb19e4d66682ddf2b4ec648db0cd48,delivered,2018-07-17 15:27:59,2018-07-17 15:45:13,2018-07-24 15:22:00,2018-07-30 17:40:45,2018-08-03 00:00:00
a8c4fcc8e48fe5abc8a3ff717cae70f0,07e6bfcde64d35a92aeea73af4a36411,delivered,2018-03-31 14:44:43,2018-03-31 14:55:19,2018-04-02 23:58:24,2018-04-03 17:04:34,2018-04-12 00:00:00
a02ddb57f9bf46f22a23296cc62653c0,5c3438327a067e8d27565c9591bb2ed3,delivered,2018-05-04 11:58:19,2018-05-04 12:12:49,2018-05-04 12:32:00,2018-05-19 12:28:47,2018-05-29 00:00:00
5a198bcc83422adfdadc4b093e2a25b8,2f039c43f71f86584ef4674ce47de10d,delivered,2018-07-06 12:49:19,2018-07-06 13:11:57,2018-07-09 15:37:00,2018-07-13 23:09:47,2018-08-08 00:00:00
0028de0ca693a1bb26448916a81105cc,4b4773853bbbc435ddddd51bd6c6a002,delivered,2018-08-15 14:59:36,2018-08-17 03:35:17,2018-08-17 09:45:00,2018-08-28 18:58:21,2018-09-11 00:00:00
213d9c7816af2997de34a27af083ae27,8339a701c100077a022dbd99e3d84eeb,delivered,2017-06-04 10:59:12,2017-06-04 11:15:13,2017-06-06 14:37:06,2017-06-14 14:33:24,2017-06-30 00:00:00
f20387017913ada05e448bb9c9cfadb3,d87d1c08c59e86ce55b5a78f368898d1,delivered,2017-11-24 19:52:19,2017-11-24 23:12:30,2017-11-28 16:03:32,2017-11-29 20:18:42,2017-12-18 00:00:00
6bc3c200db7e637a78b05d8984dcf66f,49c01eb0774fa3c20b2b4aa1b1682b4b,delivered,2017-02-03 11:05:24,2017-02-04 11:10:13,2017-02-06 10:27:30,2017-02-13 11:38:52,2017-03-22 00:00:00
c097e1a4e7912ab6cb8d54df8de9b73e,4ae327c54f9fbb1bd9dfab1e5ea6a238,delivered,2018-05-14 21:18:41,2018-05-14 21:30:12,2018-05-16 14:22:00,2018-06-01 20:21:29,2018-06-12 00:00:00
5d22221b90c2b5e609b04d8f026e79a4,3a15794cd2a69bc6d8f57b3c6ab67610,delivered,2017-07-18 16:58:18,2017-07-18 17:10:20,2017-07-21 19:13:44,2017-07-31 15:55:11,2017-08-11 00:00:00
2fcdb0c004a2a538d3dd724ea76916bd,cf826be53b1fe4a39bc33c7f5f827835,delivered,2017-11-22 11:39:00,2017-11-22 11:49:05,2017-11-23 22:58:51,2017-12-15 00:23:25,2017-12-18 00:00:00
40d6baecd21b178b3115e0d6913248ac,66d663da211c0f3d4079b5df06669d36,delivered,2018-06-03 17:11:34,2018-06-03 17:30:18,2018-06-04 13:14:00,2018-06-12 19:07:39,2018-07-12 00:00:00
0a6b605082c96184ffbfcee379404d6e,bf769edf40aab3125f27a234248b5da4,delivered,2017-06-16 12:32:19,2017-06-16 19:15:08,2017-06-19 21:14:56,2017-06-27 07:21:28,2017-07-13 00:00:00
1bf0b920cc1b287eba4e49c0959b201c,95c6a5a5a86b6f51425d48aaaf25a05b,delivered,2018-07-27 12:52:48,2018-07-27 13:40:04,2018-07-27 14:05:00,2018-08-07 23:41:51,2018-08-20 00:00:00
e58b8168894c93cf61d36c90775acd85,65a227fbf7d798cdeadee8c0bea74993,unavailable,2017-02-26 16:13:36,2017-02-26 16:25:15,,,2017-03-22 00:00:00
2e00b894a3ca76bbdbbe1067f0bb0edb,23876fe1d024542949b72bf5e7e56d7c,delivered,2017-12-15 13:17:09,2017-12-15 13:32:09,2017-12-15 23:03:25,2017-12-17 14:12:16,2018-01-04 00:00:00
6cbe4707ae0b201a8d5a8b16dea28800,cae4015fe5f8696787e39009137f4440,delivered,2018-05-15 16:22:18,2018-05-15 16:36:58,2018-05-16 09:47:00,2018-05-28 18:37:27,2018-05-23 00:00:00
fccb46e17ee388c4213300cd1f54c1a4,0810d71853774db2529c5c82e093d33b,delivered,2018-01-10 10:56:13,2018-01-10 11:31:40,2018-01-11 21:10:45,2018-01-13 16:14:46,2018-01-24 00:00:00
86386c3dd74a55831068a41fc4fc1bec,64071b76b477a3abfeee800af096db82,delivered,2018-07-31 14:47:55,2018-07-31 15:44:25,2018-08-02 08:01:00,2018-08-08 02:15:42,2018-08-13 00:00:00
69efe1aee14d4093c8627e94343a359e,97b02cd154ba83c7a105d797003cbff4,delivered,2017-08-03 16:23:51,2017-08-03 17:55:10,2017-08-04 18:52:10,2017-08-14 21:43:05,2017-08-23 00:00:00
48340ddd156767e80ea7a05abc8a0af4,28689e72c53169610a3d6f96d729b4bd,delivered,2018-05-27 12:30:34,2018-05-27 12:55:38,2018-05-29 14:38:00,2018-06-15 14:36:37,2018-07-23 00:00:00
020f8f4df303ae8aa39b806b766d2681,d588273738545bc6a0d30971bf72e938,delivered,2017-12-27 09:58:49,2017-12-27 10:10:33,2018-01-04 22:27:07,2018-01-09 21:58:57,2018-01-23 00:00:00
d0d6cb9c9eae947723c51c3d492d4bdf,8990cac44e4d7c9bb1de0846ad2fb02b,delivered,2017-10-27 08:27:44,2017-10-27 08:35:55,2017-10-30 18:29:40,2017-10-31 23:07:48,2017-11-10 00:00:00
2e180902a7c09965877711c287097421,f349d0d4c578720a500efdde105e48cc,delivered,2017-05-31 12:52:56,2017-05-31 13:10:52,2017-05-31 13:27:21,2017-06-16 14:39:36,2017-06-27 00:00:00
97190f1266ff922bc8bab1fde79fbec0,5b7312052e4b59e6ca49d9d81216f832,delivered,2018-02-14 17:44:50,2018-02-14 17:55:33,2018-02-15 18:28:54,2018-02-23 18:35:14,2018-03-12 00:00:00
1a0e54c67a7d784f932f5cc4f953fbaf,baca33004aa726524d5a891853100559,delivered,2017-06-16 21:56:39,2017-06-16 22:06:26,2017-06-20 15:30:45,2017-07-03 08:49:44,2017-07-13 00:00:00
265b8c2415ffccf3e31e5622aa91d95d,1d4b7bb9405b39a11d5aef6985dd7a41,delivered,2018-02-14 20:14:12,2018-02-16 08:07:19,2018-02-20 18:17:05,2018-03-05 11:59:04,2018-03-09 00:00:00
65aafdaa712c5cbf87a06041a8606907,679c8904ab29adbc9094871de22ff44b,delivered,2018-03-13 17:06:49,2018-03-13 17:29:31,2018-03-19 18:08:37,2018-04-04 01:08:24,2018-03-29 00:00:00
e69ba661394e76586286fdc88fdfa5f4,29ac5ad10ab078271f193b8412b83a6c,delivered,2018-04-25 23:17:10,2018-04-25 23:30:12,2018-04-26 12:20:00,2018-05-02 21:44:28,2018-05-16 00:00:00
46bdec7cc92d926500bee756ee1df6dc,0cfcefc0ed0af6a2e601540feeac24e7,invoiced,2018-07-16 13:20:06,2018-07-16 13:30:35,,,2018-08-06 00:00:00
e55253f870ba00d40f6f01475ceecd3c,4673e1ebd04cf92efca5b5068c6b4b2d,delivered,2018-03-15 23:52:07,2018-03-17 02:55:22,2018-03-23 20:43:57,2018-03-28 00:49:49,2018-04-02 00:00:00
9afb4dbb97ba2e4b69f72df48c4cf901,1f3e5065ebd28abed905c82bd83b4594,delivered,2018-08-14 10:01:17,2018-08-14 10:15:25,2018-08-14 13:54:00,2018-08-16 16:05:42,2018-08-17 00:00:00
1a10e938a1c7d8e5eecc3380f71ca76b,8a81607347c25d881d995d94de6ad824,delivered,2018-07-25 08:58:35,2018-07-26 03:10:20,2018-07-27 11:32:00,2018-08-01 19:28:20,2018-08-10 00:00:00
72cb2646f4d14d8cc71780e765f531dc,4b4b31f3c6970ebb076768e11bd95ab6,delivered,2017-02-11 12:42:53,2017-02-11 13:05:54,2017-02-15 07:07:36,2017-03-08 09:13:42,2017-03-21 00:00:00
6fbbc0d7a48ca11a1ed88ea1f6c3071e,338551d63dc536fbb5ca33aa31a8a402,delivered,2017-11-21 14:26:59,2017-11-22 14:29:58,2017-11-24 16:23:20,2017-12-01 20:18:34,2017-12-14 00:00:00
b084efba670d1b2c17c0e253d969738a,a5139b033b57135acb4e423961e8aaea,delivered,2017-08-16 14:40:22,2017-08-17 02:50:33,2017-08-18 14:33:55,2017-08-25 18:11:43,2017-09-20 00:00:00
ae62cc90c2871f048d8b89ad4db23ae1,b4f4ec258e451d814ff7a373d237b6d3,delivered,2018-03-01 21:51:35,2018-03-01 22:10:49,2018-03-02 16:45:00,2018-03-19 20:06:36,2018-03-28 00:00:00
a68b3ae8450a14f9ba0cc1b53574af62,12ec545e9215dba0af4404a1ddc03d36,delivered,2018-08-05 21:54:15,2018-08-05 22:05:10,2018-08-07 12:25:00,2018-08-10 18:20:37,2018-08-30 00:00:00
8baa4ad94917218228f7b4939799f9d0,c6fea610acdcbd2e90dde86d3492bb4b,delivered,2017-06-01 13:28:19,2017-06-03 02:22:43,2017-06-06 12:40:51,2017-06-12 13:47:52,2017-06-26 00:00:00
c1f89369bd3cbb73632fdaa0ccaea081,231d0b9437092e86792cd80a5f1cc679,delivered,2018-04-02 18:46:22,2018-04-02 19:07:58,2018-04-04 17:07:19,2018-04-07 01:32:50,2018-04-12 00:00:00
df7c3cca620b20622f4252bd497dcbd4,65b0483ab064f876c4ae29b34d71aafb,delivered,2018-01-27 17:28:08,2018-01-27 17:56:48,2018-01-29 15:38:38,2018-02-06 17:15:03,2018-02-23 00:00:00
4f2a29346d25613d2e553a8d6381b006,3043e244f2c35c95554a613c30a7a332,delivered,2018-03-15 23:18:16,2018-03-15 23:28:29,2018-03-16 19:28:48,2018-04-20 11:12:30,2018-04-10 00:00:00
fbffb0b287b62d10b5a1c24a29ae16ea,0a952ecdee3346648d2dca69c55853d1,delivered,2017-09-26 10:51:26,2017-09-26 11:04:34,2017-09-27 15:33:56,2017-10-19 00:08:00,2017-10-11 00:00:00
f3d113574c163b8642fb44302c8fe0c9,7ca7b6bb5ab0b1ac2529e5c489cf3592,delivered,2017-06-23 21:50:23,2017-06-27 04:03:14,2017-07-07 19:25:30,2017-07-13 18:23:47,2017-07-24 00:00:00
9a5ea74a2fd85889e60e9bdb186cd1f0,c9722642f74a37fb4d28e4d5d65c20aa,delivered,2017-11-30 13:33:13,2017-11-30 13:58:33,2017-12-04 16:09:24,2017-12-19 13:18:57,2017-12-28 00:00:00
dbfa3d8c05cc5d84083fc259a9feb5bc,92fc29e76e4da7c1b189ab092d4c3756,delivered,2018-01-04 22:57:14,2018-01-06 02:08:45,2018-01-13 00:51:54,2018-01-22 21:16:37,2018-02-01 00:00:00
fd33ba57c9de6097c36bb005351c1168,720d86a24892277b6987d83426aa5d91,delivered,2018-02-27 16:20:42,2018-02-27 16:35:30,2018-03-03 02:17:31,2018-03-16 00:58:39,2018-03-27 00:00:00
b53789a8a5e82c833c06eb2c139993a3,513df1f8363b2dd2616025c26193436b,delivered,2017-05-30 15:43:45,2017-05-31 06:45:12,2017-06-06 12:31:47,2017-06-13 12:06:06,2017-06-20 00:00:00
826ac984fcfa730ed1f2ef0d212578af,7b7c592ede6606e96e5b9f0d5123192e,delivered,2017-05-29 03:13:00,2017-05-29 03:25:07,2017-05-29 10:47:37,2017-06-05 14:29:52,2017-06-27 00:00:00
bb8871a92af73ddadeac0531a0787131,ce757220d9f01ba4887f6bf76ced6a1c,delivered,2018-07-31 09:16:57,2018-08-01 16:31:37,2018-08-01 15:03:00,2018-08-08 01:03:27,2018-08-22 00:00:00
841db6722b61d17ec70ba20934e58528,e321feb702549b26f2ccd5518359229e,delivered,2017-11-27 21:16:37,2017-11-27 21:38:19,2017-11-30 16:37:10,2017-12-10 17:04:07,2017-12-15 00:00:00
9af8448f626289733ce1337988c420f1,c5d367f2e0e482d1f935aa40fa7fd3f4,delivered,2017-03-26 12:40:05,2017-03-26 13:10:19,2017-03-28 12:18:35,2017-04-05 15:28:04,2017-04-19 00:00:00
e0e86ba567043fd48c98fbb535105f00,bdc1016dc15e2f13ee18d8f987b7f3c8,delivered,2018-06-24 18:25:51,2018-06-24 18:55:38,2018-06-25 09:07:00,2018-06-29 13:28:38,2018-07-17 00:00:00
31a7dd4d08e48968ab49478c64c7075a,f2ad8c1d461bb9d11944d8ab973f3836,delivered,2018-01-14 17:18:45,2018-01-16 03:39:56,2018-02-09 16:38:01,2018-02-14 16:07:43,2018-01-30 00:00:00
240ead1a7284667e0ec71d01f80e4d5e,fcdd7556401aaa1c980f8b67a69f95dc,delivered,2018-07-02 16:30:02,2018-07-05 16:17:59,2018-07-05 14:11:00,2018-07-10 23:21:47,2018-07-24 00:00:00
a7b3d11d05a59e62a799d50ad789abe7,08fa67bf8d7cc2241741f62794ad0b45,delivered,2017-03-25 20:26:34,2017-03-25 20:42:30,2017-03-27 15:58:15,2017-03-31 11:51:59,2017-04-18 00:00:00
ef813fad9b922ac63fe19839a24d9aa0,dfc0fe4a8cbe5e299345a08f7cbdca5b,delivered,2017-05-01 15:44:00,2017-05-03 14:25:58,2017-05-09 15:37:59,2017-05-19 11:21:18,2017-05-23 00:00:00
fc703730f6206ec478cae91c89f7dcb3,d99700792f0811f23d94f2edb64634f8,delivered,2018-07-28 18:01:11,2018-07-28 18:15:14,2018-07-30 14:06:00,2018-08-06 16:41:43,2018-08-15 00:00:00
6f50dd4b4117e4425da9ac374632e010,0157cb863b4453c43468f3825dccdf9d,delivered,2017-06-28 10:55:46,2017-06-28 11:05:26,2017-06-28 13:41:34,2017-07-04 14:39:34,2017-07-24 00:00:00
8f0ef9fa114bf453c16ffc0350da8581,a5e8f1d1cdf5e548e6048ae76949857e,delivered,2017-07-14 12:23:10,2017-07-15 03:34:12,2017-07-17 19:49:59,2017-07-28 15:52:19,2017-08-07 00:00:00
fcddf193880c7919950a36840f0cc4e6,0c1a18f3a66287a0088e541e9df09e51,delivered,2018-07-19 17:06:33,2018-07-20 04:50:13,2018-07-20 12:26:00,2018-07-25 23:03:11,2018-08-08 00:00:00
2ff0c35261b0f6905e8dbd2c664c86af,cb20df3c23dabff46478995c1701f441,delivered,2018-02-27 08:19:54,2018-02-28 10:09:37,2018-03-01 00:59:41,2018-03-17 00:32:24,2018-03-23 00:00:00
7c08dc7de9f9ef0a8dee5ab4a414f840,f193948dfb090a947f61af8fd1686cca,delivered,2018-04-08 23:46:57,2018-04-08 23:55:17,2018-04-10 00:05:32,2018-04-11 17:52:45,2018-04-19 00:00:00
dcd7ba3b58ccb67686e71ad6439ee17a,bbaae092a3ff8f60678b288009bbbfe1,delivered,2018-01-02 16:11:58,2018-01-02 16:19:24,2018-01-03 19:07:41,2018-01-16 01:06:19,2018-02-22 00:00:00
9d8f8e29ae80be83c9a161e3d08bb9a4,80828141e564cd43c7278737dbb337f4,delivered,2017-03-12 12:10:44,2017-03-12 12:10:44,2017-03-13 11:36:06,2017-03-17 06:54:57,2017-04-06 00:00:00
46a960198503941a98246a108f151e0b,2c111dddbadc3ca0954979d59bd3fd64,delivered,2017-10-05 19:43:00,2017-10-06 19:35:22,2017-10-23 15:02:55,2017-10-27 18:17:47,2017-10-31 00:00:00
57748df7f355a139e0ec741129dac639,6e2e6624495d1c0f03025b5de5cb35de,delivered,2018-03-11 16:28:23,2018-03-11 16:47:27,2018-03-12 22:22:41,2018-03-23 22:04:08,2018-03-28 00:00:00
4fed711323f674330ff12f1834049b3a,2bba47464a5490f19511a77f212966d2,delivered,2017-06-13 10:13:53,2017-06-14 02:32:10,2017-06-16 17:44:57,2017-06-27 18:07:48,2017-07-24 00:00:00
f9e98373f57d893a7116ef7a0bb0cc39,c40666c67c6b0b187e28d8472f591413,delivered,2017-06-03 13:19:37,2017-06-03 13:30:15,2017-06-05 15:13:22,2017-06-16 14:21:53,2017-06-28 00:00:00
cacbbea6c8fa8e5cf10021eab8a162d7,39956277e1326a1d59862db252e5c257,delivered,2018-08-14 22:30:33,2018-08-14 22:45:14,2018-08-15 12:53:00,2018-08-20 13:18:57,2018-09-14 00:00:00
dd70a35befb65bab7a91010576b94951,1d981393e7512dec94db1473ec885816,delivered,2018-03-09 19:21:25,2018-03-09 19:30:27,2018-03-14 20:58:36,2018-03-23 01:18:37,2018-04-04 00:00:00
67a05eb1a593433184f324fbf217cca2,f4fa9dfc7290a03e9d3d4fe11ff32538,delivered,2018-04-09 21:52:45,2018-04-11 09:15:09,2018-04-17 17:41:48,2018-04-24 16:32:50,2018-05-02 00:00:00
b474873efc88629c172f639f9b47138d,830500b873adc2062db3b3cbb2875621,delivered,2017-06-12 10:42:16,2017-06-12 10:55:12,2017-06-13 11:20:39,2017-06-19 17:19:41,2017-07-10 00:00:00
498bd6074c1c42f8c5bf3481c471c67e,7731c9600c691225b96857140b1f59a5,delivered,2017-06-19 17:26:48,2017-06-21 02:23:12,2017-06-22 11:07:56,2017-06-27 13:41:56,2017-07-07 00:00:00
82a7cba8d70a10e7e0e44e41a30772f7,5e6283cd338ed4776861535ddee19b20,delivered,2017-11-24 14:09:36,2017-11-24 16:18:56,2017-11-27 18:39:22,2017-12-04 20:18:40,2017-12-08 00:00:00
5ce8ed74908cd24bd6b5138292ec7b04,565d4f4e889300656969d36628d8ddff,delivered,2018-07-20 21:57:09,2018-07-20 22:10:13,2018-07-23 10:09:00,2018-07-24 16:51:54,2018-07-31 00:00:00
274a7f7e4f1c17b7434a830e9b8759b1,670af30ca5b8c20878fecdafa5ee01b9,shipped,2018-06-23 13:25:15,2018-06-23 13:40:11,2018-07-04 13:51:00,,2018-07-24 00:00:00
7ec1e3874c69a513e785a5b0cc71dafc,a394adc4a10c887539f7cf0ff32e5e93,delivered,2018-05-23 22:23:28,2018-05-23 22:56:49,2018-05-25 10:14:00,2018-06-05 19:39:41,2018-06-14 00:00:00
4a4ded48a84c0cee9a190dd22ce96866,2b22da03dd8511de17c84238e49082f9,delivered,2017-12-28 21:32:44,2017-12-29 02:09:39,2018-01-03 15:38:32,2018-02-25 14:54:29,2018-01-30 00:00:00
ad369c5a6bd2534d48420216de8fd8f5,c4166318f0d95d4ff6e243c05b407d21,delivered,2018-01-29 15:19:13,2018-01-30 15:31:50,2018-01-31 20:54:01,2018-02-21 17:46:45,2018-02-21 00:00:00
a835cb24fb9dc47511a9932df13180cf,a7e51ce898bb8caad5301b006e61bbb9,delivered,2018-04-24 08:38:53,2018-04-24 17:25:33,2018-04-27 13:12:00,2018-05-11 18:17:45,2018-05-23 00:00:00
6fc799ceafdfdc895614fcc1b545f98e,11401d5f566692fb36d9bc01171bb6f5,delivered,2017-12-10 20:13:09,2017-12-10 20:30:15,2017-12-11 12:32:55,2017-12-18 16:57:17,2018-01-04 00:00:00
de1324ea1b95dba92d0920207fb24494,662a0db56bf6bd998dd59dccc268571c,delivered,2018-01-17 11:56:48,2018-01-17 12:10:06,2018-01-17 19:04:01,2018-01-29 17:34:01,2018-02-19 00:00:00
4dfb733b29969397d64be1d58ecb7d42,7cf7d706571fa732ccf9ddd8c2f706dd,delivered,2018-08-02 19:51:14,2018-08-02 20:10:10,2018-08-06 13:28:00,2018-08-10 19:38:35,2018-08-22 00:00:00
25f6cb0e242a4c0bacc239397614422e,c3e28a954146468597f1dfe3ab014eab,delivered,2017-11-20 12:50:49,2017-11-21 04:06:25,2017-11-27 22:04:13,2017-12-22 19:52:48,2017-12-21 00:00:00
bbcdbcca11edb13b2755983593cd7b5b,39a8aef76e81e6c890bcb2350bfdb6c8,delivered,2018-04-20 09:02:54,2018-04-20 09:15:26,2018-04-24 13:56:45,2018-05-09 18:12:48,2018-05-14 00:00:00
e70564a3b448dd6f6d5ca53b0f8222b1,3e2f92a3270a9218d23d86930d081605,delivered,2017-02-15 16:04:53,2017-02-15 16:15:13,2017-02-16 16:16:10,2017-02-20 14:21:07,2017-03-14 00:00:00
f1a1942c32bd91ad8368164ae571b8f7,9632f1ff07591588a9596b99f8515c03,delivered,2018-04-16 20:51:56,2018-04-17 20:51:45,2018-04-19 19:54:43,2018-04-30 15:43:45,2018-05-16 00:00:00
b7716ace923ed81a5f2df20115695b2d,cc708205c142818e4e7d22634553b8c8,delivered,2017-08-24 07:55:40,2017-08-24 08:10:15,2017-08-25 21:13:16,2017-09-12 16:05:18,2017-09-28 00:00:00
7a0e30997b8d1fd1763a0047a53eec9a,fbf2f678a62eba81b5774018b2342345,delivered,2018-04-13 13:14:33,2018-04-13 13:53:51,2018-04-13 23:28:38,2018-04-26 20:33:18,2018-05-11 00:00:00
536dc10adea685bee0cb83614fe3353f,40050a9445eb9acbd618fb333252b5ca,delivered,2018-06-30 20:03:53,2018-06-30 20:15:06,2018-07-03 12:02:00,2018-07-11 00:21:47,2018-07-30 00:00:00
54221b8fe80966d39640af9f26d184fc,b27659c9bf30264f52e445e61bde1cf2,delivered,2018-01-31 13:20:35,2018-01-31 14:03:10,2018-02-01 20:50:20,2018-02-05 21:08:50,2018-02-16 00:00:00
b93b079468bdf6a20fd54cf45d1e03b6,e570debfd69192cdd2e846ae00869a33,delivered,2017-11-24 22:29:08,2017-11-25 01:31:36,2017-11-28 21:54:48,2017-12-11 21:11:35,2017-12-20 00:00:00
85a543ebc5aa8bcbbf7974c03ed49ca2,595de27f827cc4d79a6fcd48ee602c0c,delivered,2018-03-07 00:13:00,2018-03-07 00:31:20,2018-03-07 21:13:01,2018-04-05 23:03:15,2018-03-29 00:00:00
0dfa0cd73d2c16254c2cf4ee72d13c3f,ae4cb608d969c60cfe54ce07ce4fe321,delivered,2017-10-03 16:11:33,2017-10-03 16:24:50,2017-10-04 13:41:31,2017-10-17 21:56:39,2017-11-01 00:00:00
3b506802b619f7a3d43a4180ae13698f,045113dd9def11da63eed78d7bd66571,delivered,2018-05-01 18:06:57,2018-05-01 18:15:22,2018-05-02 16:02:00,2018-05-09 15:43:49,2018-05-29 00:00:00
e9d424615d8805614e254bf5c170bef8,102a23c6841127cf625296ef67d5f79c,delivered,2017-07-05 21:32:47,2017-07-05 21:43:26,2017-07-07 13:09:04,2017-07-15 12:03:02,2017-07-31 00:00:00
2f2df159f26ddb73d55ee72372200d3e,86a7245fffe6a418ca1658a13ecc4531,delivered,2017-07-17 01:19:50,2017-07-17 01:30:09,2017-07-17 22:14:50,2017-07-26 09:44:00,2017-08-09 00:00:00
af8b2f03e1bfa7e0b86ed73ac5653938,c12aaf461cee6eef95b7ebe50a7a93cf,delivered,2017-11-07 09:52:20,2017-11-07 10:06:42,2017-11-08 16:27:34,2017-11-14 20:58:53,2017-12-07 00:00:00
6eaca18daa94d3a9aacdaf0e5827cd2c,672a1794441f53ac1295c2e82ec4ff70,delivered,2017-11-23 12:51:18,2017-11-24 03:09:51,2017-11-25 02:41:32,2017-12-11 20:45:00,2017-12-28 00:00:00
c277dea251cfd74bf121060769a7135a,06061ffdb496a2030a55687e3d14d977,delivered,2018-08-09 00:00:08,2018-08-09 00:10:24,2018-08-09 15:08:00,2018-08-13 20:16:49,2018-08-24 00:00:00
88a2f6f5ddd57a8da3f5ecbba9bede1d,27e3bc07d48b431cad4ce1b3a1de6129,delivered,2017-11-09 12:10:26,2017-11-10 20:26:30,2017-11-14 16:37:17,2017-11-21 12:16:56,2017-11-27 00:00:00
9aa0695aafd26e856023e7dc62d3d878,92e61855ad557bd19a438abcb81b3c9c,delivered,2018-03-07 11:11:51,2018-03-08 02:15:29,2018-03-09 18:06:41,2018-03-12 23:28:32,2018-03-19 00:00:00
aea0db338150b526dde24f6fd953a5ed,379a02efdc6a56bd27f99b95fc2f6c06,processing,2017-12-26 21:56:13,2017-12-26 22:05:26,,,2018-01-26 00:00:00
d84dce79fd962faab40bc1d4b084d9d7,a0c58da1742fe623c609a92e21af9d5f,delivered,2018-07-21 17:03:21,2018-07-21 17:15:22,2018-07-24 14:40:00,2018-07-28 13:04:19,2018-08-16 00:00:00
7b598857cddf46a156640f69f70a6e6d,a215ee5514ab937a137a58f476f4ec71,delivered,2018-07-25 01:12:50,2018-07-25 01:25:07,2018-08-02 12:44:00,2018-08-09 22:58:38,2018-08-24 00:00:00
6560fb10610771449cb0463c5ba12199,0d07d0a588caf93cc66b7a8aff86d2fe,canceled,2017-10-01 22:26:25,2017-10-01 22:35:22,,,2017-10-27 00:00:00
aaed8674bbb08564e753d75c698a8734,99f65aeadfaa01394afb6bb538aa139a,delivered,2017-11-25 00:10:03,2017-11-25 03:10:51,2017-11-27 20:27:33,2017-12-08 15:42:18,2017-12-18 00:00:00
49e209e4415e51644d1f13072b00d8dc,42de37a682dcb7e06d2c183d7880e648,delivered,2018-03-29 13:56:13,2018-04-03 05:48:55,2018-04-05 21:38:32,2018-04-16 19:36:49,2018-04-25 00:00:00
e32ebf133fb19cafd04315ff6d108047,b65a67a6cb9f36ff9379fcc0c88cccb8,delivered,2018-04-10 21:47:20,2018-04-10 21:55:18,2018-04-12 20:12:15,2018-04-17 18:57:29,2018-05-08 00:00:00
6cf5c427fb11bc5fe8abefa86aa7ba0b,91ac14a1e50bc022eeecf0c2ba37006a,unavailable,2017-10-17 10:53:48,2017-10-19 03:12:43,,,2017-10-27 00:00:00
56b8dfac98a87021344bae2675b86709,7dfa275c9be7b674f7e11671486f00b3,delivered,2017-11-05 12:10:00,2017-11-06 13:31:25,2017-11-16 11:03:27,2017-11-23 22:41:40,2017-12-11 00:00:00
1d7ecc45a3c802b704268c826150ba9b,35853760952869ed5b3b7f185eb15ddc,delivered,2018-01-09 16:10:54,2018-01-09 16:30:10,2018-01-15 16:10:30,2018-01-23 17:48:34,2018-02-02 00:00:00
4495f509457db82fbd44608ebbcddca8,73914591b886a40daeaff8ff1bed45f6,delivered,2017-03-07 12:33:29,2017-03-08 03:02:59,2017-03-09 16:53:56,2017-03-14 12:22:25,2017-03-24 00:00:00
78a5e8c49e49a19e18fa017e61715113,662dd549d8031ddf3dee06db55dd4c61,delivered,2018-05-01 20:34:04,2018-05-01 20:55:47,2018-05-10 09:23:00,2018-05-14 17:47:52,2018-05-28 00:00:00
4fe9c22aa06ba861bb93d65446eb73c6,507d2314a1a7b2f0b0f8938b474a7ee4,delivered,2017-10-20 12:13:05,2017-10-21 03:05:47,2017-10-23 19:17:51,2017-10-26 20:45:53,2017-11-14 00:00:00
9d77259cf0f321f678b1039dfcad920f,0bcafb4963830ff4916ab5c5adeb209c,delivered,2018-05-08 20:31:49,2018-05-08 20:55:24,2018-05-09 14:05:00,2018-05-11 19:18:46,2018-05-25 00:00:00
9b48e4c5b266f148a536ca61a2252ea3,394aa31d7966641cee136ab7ff32ed45,delivered,2017-11-17 07:18:03,2017-11-17 07:30:25,2017-11-17 18:46:39,2017-12-04 18:19:14,2017-12-08 00:00:00
bfb1d0f7664c36a532d74c4cf0da37af,811e55e5f48c8f37832963ff509ce85b,delivered,2017-08-31 15:05:50,2017-09-01 17:25:22,2017-09-04 21:21:34,2017-09-11 20:45:01,2017-09-22 00:00:00
d84b3fdfbb838b26178304662ff635e1,aa90812c60112bac39cefe1f2ed45d84,delivered,2017-02-05 18:54:57,2017-02-05 19:05:16,2017-02-07 07:28:05,2017-02-10 12:03:38,2017-03-06 00:00:00
6a2a2625b249a88c6ec1b37192c30c6d,8ac9ce2bf6a831fd7f60e34002199e42,delivered,2017-07-19 11:54:51,2017-07-19 12:10:22,2017-07-21 16:44:58,2017-07-24 11:52:27,2017-08-10 00:00:00
ff64e0ba4800eb1127ac32aeac2b51f9,16482587049b0c2a607dd532d0653696,delivered,2017-11-20 16:46:51,2017-11-20 16:56:23,2017-11-24 15:39:15,2017-12-05 00:57:57,2017-12-13 00:00:00
a7dfdfebf93719bd1ad61e569a852c31,62286ca771b7e7fc40c28aca1a8a4278,delivered,2018-04-27 12:04:24,2018-04-28 03:15:32,2018-05-09 14:14:00,2018-05-15 13:54:33,2018-05-29 00:00:00
31f8953fe9c7c62ad4bd0b3afaf1854b,5b881682dda54e4e3dc332b6a8297827,delivered,2017-11-12 12:47:01,2017-11-14 12:55:56,2017-11-21 12:17:58,2017-12-01 00:52:15,2017-12-07 00:00:00
d6de1a325f87726ee52e1ffe80c35a1a,edcefb33e1e2137e0bd7c05764a99f84,delivered,2018-04-10 14:42:59,2018-04-11 05:50:33,2018-04-11 21:48:35,2018-04-19 19:58:47,2018-05-17 00:00:00
e1d102f12364768054a07dfa10fc43cc,f58c14ad1417ae5e8f9c6d0f9f6aec24,delivered,2017-03-05 22:11:02,2017-03-05 22:25:16,2017-03-06 09:38:29,2017-03-23 15:06:37,2017-03-27 00:00:00
ee15d0f2d62b2c0e0182e82f43e9e53b,4223a72a89b38d8d60b60123c68bf3ba,delivered,2017-10-23 14:25:14,2017-10-23 14:49:20,2017-10-24 16:26:52,2017-10-31 19:02:43,2017-11-10 00:00:00
7844d511767a3dbe9411602e49a0ac38,d8045e6cc95ece813867ea4938cf6fa1,delivered,2017-09-03 18:41:07,2017-09-03 18:55:10,2017-09-04 21:47:50,2017-09-11 21:15:19,2017-10-03 00:00:00
78441b03179176f2ef199bdbb9287f51,fd4e9ef0a0c57a091635bfd5e7a89f88,delivered,2017-03-05 17:27:31,2017-03-05 17:35:19,2017-03-07 08:44:54,2017-03-13 14:38:00,2017-04-03 00:00:00
70e746af5b44223b32c2e1110cf12001,f035a091bc8d3cbfc3df925912539a8d,delivered,2018-01-18 16:45:53,2018-01-18 16:57:53,2018-01-19 20:53:03,2018-01-24 20:21:41,2018-02-14 00:00:00
ad005b5bdc8ec1f3085f0967211207d1,d765f7544b62372aafab58ba0ca7d0f6,delivered,2018-08-05 10:50:43,2018-08-05 11:05:07,2018-08-06 16:27:00,2018-08-08 16:23:48,2018-08-09 00:00:00
efe279abeb0fb2d03273c495d19b9f29,a0973c8c7e186a3e7425bb1ae01b0c9c,delivered,2017-11-24 08:31:27,2017-11-24 08:56:30,2017-11-24 21:41:16,2017-12-06 03:13:29,2017-12-21 00:00:00
716efdf8021634e228e910bfb9d50df4,b4502ebb12002e657227edb2d48706df,delivered,2018-04-16 18:47:03,2018-04-16 19:32:38,2018-04-19 21:32:07,2018-04-23 21:04:32,2018-05-03 00:00:00
c3f4cf75877b9328cefa436b0ea4c725,3f0b253b3781ae697613733d689967e1,delivered,2018-06-22 17:31:12,2018-06-22 17:58:39,2018-06-28 14:41:00,2018-07-09 19:31:58,2018-07-27 00:00:00
68d2df61243c80ca57cc40e6461f9732,136a28c6b13f394abf5eda9cfb6ea934,delivered,2018-04-08 13:05:01,2018-04-11 10:50:58,2018-04-12 19:58:47,2018-04-13 11:32:05,2018-04-20 00:00:00
e19cd34df6e55d39ab0bf8412fcda86a,ad7439e0f479ff502ce04c66c61bf7ec,delivered,2017-05-07 12:47:57,2017-05-07 13:10:37,2017-05-08 11:46:32,2017-05-15 14:32:35,2017-05-29 00:00:00
58ce3de15da816ffc6ba72af9a7ff85c,24009ff993f655cc3bd6644de9970739,delivered,2017-12-18 16:01:04,2017-12-18 16:32:05,2017-12-20 01:03:51,2017-12-22 23:55:05,2018-01-05 00:00:00
79b64ea5b697b2e014789fe969dd50a0,421ab72b1c25213d331a2a70c2dbac1e,delivered,2017-05-18 10:20:33,2017-05-18 10:35:14,2017-05-19 11:34:40,2017-05-30 14:18:10,2017-06-14 00:00:00
659ce33e2ba9b51a83056aaaf3fc92a1,ee9ad961a9e77d12ff4536208539ce17,delivered,2018-01-10 10:37:04,2018-01-10 10:49:30,2018-01-11 15:49:28,2018-01-23 12:37:05,2018-02-08 00:00:00
54586394af32e5d816910c2bace53a0e,3b46d8d2e41d1c7c81a8b96268798706,delivered,2017-09-05 11:12:29,2017-09-05 11:24:13,2017-09-06 22:09:05,2017-09-11 19:17:41,2017-09-25 00:00:00
0e819cea051490ffa56c86778fe28c9d,d3aaa445c6fef4c3f966c4d07b8bf1bf,delivered,2017-10-26 11:13:23,2017-10-26 11:27:48,2017-10-27 17:33:36,2017-11-04 00:05:51,2017-11-23 00:00:00
0d3030480b6641db146fb663f52a6d0a,a28ffb71674bd7b87ec0765cb21cbe7b,delivered,2018-03-01 07:23:38,2018-03-02 07:29:04,2018-03-10 00:11:31,2018-03-19 22:51:44,2018-03-21 00:00:00
50affbf242adb2cf23efc823a471d621,9b28334d56b62c44cb4c3caff94aff0c,delivered,2017-06-20 13:12:34,2017-06-21 02:25:21,2017-06-22 16:24:39,2017-07-05 12:25:46,2017-07-24 00:00:00
469f0b908881368c45917f1bed8240ce,59e4d7310198da197337571749b47ff2,delivered,2017-01-24 21:35:25,2017-01-25 16:30:14,2017-01-26 06:32:47,2017-02-08 08:14:01,2017-03-23 00:00:00
636cdd02667dc8d76d9296bf20a6890a,c162256b133c76f79181ce61d66545db,shipped,2018-02-17 14:31:22,2018-02-20 07:11:31,2018-02-20 19:18:58,,2018-03-14 00:00:00
6e1d6161b9c3022a013add19495f1018,c4db641e1443376cfe2dbd3906aa67b8,delivered,2018-06-07 18:41:43,2018-06-08 02:56:11,2018-06-11 09:47:00,2018-06-25 09:41:53,2018-07-17 00:00:00
2484e92129d05f3104e03735dd3b7771,382fbca5bd170b5d5b3879824f8f7a4a,delivered,2018-05-24 15:39:39,2018-05-24 15:53:51,2018-05-25 13:56:00,2018-06-07 04:39:03,2018-06-18 00:00:00
f3a0df8637066be632ea188f5902c162,4718c9b5ecaee126f5b4db1bd06e3cdd,delivered,2018-04-28 18:09:07,2018-04-28 18:29:55,2018-04-30 14:40:00,2018-05-16 20:56:54,2018-05-11 00:00:00
34ded2049fc8446ced02a6bd3dcbdab3,73e3d5eefc213584073f9781dc3e8430,delivered,2018-02-05 12:14:55,2018-02-05 12:29:52,2018-02-06 19:28:40,2018-02-19 21:41:33,2018-03-01 00:00:00
8bbfd0be5d89a92d4bf214baac246fea,85e0c3aa291ef2ca5f2b48d2aa1c9904,delivered,2018-03-27 01:00:29,2018-03-27 01:10:10,2018-03-27 20:18:58,2018-04-18 15:22:47,2018-04-20 00:00:00
cf05987956ae425707062444530231d5,9eee5713aa4f4dd1ada4af4da9dfb1fa,delivered,2018-02-24 20:29:18,2018-02-24 21:35:25,2018-02-27 00:07:45,2018-03-01 00:52:57,2018-03-12 00:00:00
2887e340dedffaaf9e4f86c762b2a788,f71a5859040b9dbf6327c9c121a74764,delivered,2017-11-03 09:41:04,2017-11-03 10:10:45,2017-11-08 20:16:41,2017-11-13 22:12:44,2017-11-23 00:00:00
9cb72ea4aed538b235a9936b84656974,21c888a810711179a52e23c8844def51,delivered,2018-07-16 08:28:17,2018-07-16 08:44:11,2018-07-23 14:53:00,2018-08-03 00:47:49,2018-08-20 00:00:00
7a9f31f6c0e36f4e6fb8d27c49c18fd6,4db09730e85cacf07aa9c7ce98ee2a16,delivered,2017-02-18 12:27:48,2017-02-18 13:05:49,2017-02-20 12:32:42,2017-03-16 09:28:00,2017-03-31 00:00:00
507cff923e04506e6c70d01593656415,efb35f12444917602243c4d65c19cf98,delivered,2017-09-15 10:40:36,2017-09-15 10:50:27,2017-09-15 19:51:52,2017-09-27 00:14:56,2017-10-03 00:00:00
ce76730f41d857a1d10c4953cb1b6454,51f81daf79283c5f6913e3d581998975,delivered,2018-06-28 10:46:40,2018-06-29 02:53:31,2018-06-29 14:29:00,2018-07-02 19:51:30,2018-07-12 00:00:00
87a71a39b50dac1a8ad74cddfaa82703,984c029cec8bc02edabe1ac7be16c111,delivered,2018-01-30 10:22:13,2018-01-30 10:35:39,2018-01-30 21:27:18,2018-02-02 20:12:36,2018-02-21 00:00:00
b3d1f66de4e47bfefc8a4326d9ab46ba,9bcafc597352b6c442e746eb4c7e4f23,delivered,2017-08-30 18:19:18,2017-08-30 18:30:20,2017-09-01 19:30:05,2017-09-12 19:33:13,2017-09-26 00:00:00
2583b27eb8957bea688a9cd41b7c0f47,7ac9fdf6d5f20b34e1a815487a49e9f7,delivered,2017-07-21 08:59:56,2017-07-21 09:10:21,2017-07-26 12:22:16,2017-08-07 22:19:40,2017-08-16 00:00:00
129c72226e320a7bf5b89efce442afd5,46dbd6b44084696774eb0bc59352069a,delivered,2018-02-12 03:09:04,2018-02-12 03:48:19,2018-02-15 05:41:47,2018-02-28 17:07:46,2018-03-12 00:00:00
b41697d4dc1b083c1d853b7677453fc5,749038adc58441ea072a53451b9dd1f6,delivered,2018-03-04 15:13:34,2018-03-04 15:28:36,2018-03-05 19:54:58,2018-03-16 01:42:46,2018-04-02 00:00:00
26ccc2faacfa3bde877ac3d843a8eefa,d1603f4303610971154e335f5004957d,delivered,2018-02-07 01:24:26,2018-02-07 01:50:08,2018-02-08 19:41:38,2018-02-14 17:49:07,2018-02-23 00:00:00
80028e205983856e71a9cc12fe99d17a,7f516f7fe2d742fb94e464229c864cc2,delivered,2018-06-03 16:32:42,2018-06-03 16:50:35,2018-06-04 13:30:00,2018-06-16 13:26:46,2018-07-05 00:00:00
0b020adf769218b4661b301ce96c0ca3,5bfd5c9b641d1cc6da293adb821253ce,delivered,2017-10-13 20:27:49,2017-10-13 21:07:06,2017-10-16 19:40:02,2017-10-19 15:34:15,2017-10-25 00:00:00
396b08e638fbc9a9d6747df738dbd29c,b86fa13640bbe026753973deebf377c8,delivered,2018-04-04 17:16:55,2018-04-04 17:30:22,2018-04-05 19:58:55,2018-04-14 19:32:33,2018-04-26 00:00:00
74d882fe8bdccca5952fbe23321ecfa7,784ea06d707eeb460893a573fa879dc2,delivered,2018-05-20 01:24:02,2018-05-20 08:17:29,2018-05-22 12:39:00,2018-06-11 13:34:28,2018-06-07 00:00:00
29e48983e21e97c5b3542161bab87fd9,697fdd7c29459cc7263a1d0f8c45fdde,delivered,2018-08-20 11:02:14,2018-08-21 04:15:16,2018-08-21 14:25:00,2018-08-24 17:40:55,2018-09-03 00:00:00
2b79deb9a99d3d4dfecbf19beb6d2847,1927e6eb578828e81b7b9ded6a48d5d9,delivered,2017-05-28 20:53:51,2017-05-30 04:25:16,2017-05-30 14:28:53,2017-06-13 12:02:45,2017-06-29 00:00:00
79ce3a0a9eba49ff442b392ab05349a4,3b979b88fbf88354add6870de52d007b,delivered,2017-12-12 23:41:30,2017-12-13 00:33:28,2017-12-13 17:53:38,2017-12-26 19:32:07,2018-01-09 00:00:00
08b46ab06eaf71cf043929ebf277e280,53d8052fb56568f144410fc5ff6141c5,delivered,2017-05-27 15:21:27,2017-05-27 15:35:16,2017-05-30 10:24:21,2017-06-06 13:42:55,2017-06-21 00:00:00
727faa6b0b07d753b487413d43e0b770,0fc2ab06aaf44c9f55ed4d64a4c8054b,delivered,2017-02-19 17:44:09,2017-02-19 17:55:23,2017-02-20 12:36:09,2017-02-23 12:37:36,2017-03-17 00:00:00
67c5cf1273ec191d0a3876bef14fb5b8,8751c8062e9b939640e28854c6757834,delivered,2017-11-27 06:42:23,2017-11-27 06:50:22,2017-11-29 16:49:02,2017-12-08 19:32:29,2017-12-18 00:00:00
e7198a668ebfb6c423e3ec0605bb0837,733977eacc36467042335fbb457cb244,delivered,2018-06-14 15:27:40,2018-06-14 15:59:33,2018-06-19 14:43:00,2018-06-21 21:38:37,2018-07-04 00:00:00
634de1499ffe996612a8960e10d1c4ee,275f5f7ae20f7e971f370b0c19728efb,delivered,2017-09-17 22:36:58,2017-09-17 23:20:43,2017-09-20 18:27:55,2017-09-25 20:55:52,2017-10-16 00:00:00
b5d08e6b71d4af8f816daf169014c908,c3e4865228356afd7819b3ebe77332bf,delivered,2017-12-04 09:56:29,2017-12-05 10:03:30,2017-12-11 17:21:48,2017-12-30 17:08:04,2017-12-28 00:00:00
f73a22bddb155350e16a991b2510fa64,958e287b02a53d2107c61ec4ac90943e,delivered,2018-03-08 07:26:51,2018-03-08 09:48:16,2018-03-08 20:02:33,2018-03-11 18:23:42,2018-03-26 00:00:00
fed276d97e3162a568296fa489dca79f,7459d4e75498c70f7f6e6994b9cd0f40,delivered,2018-01-12 15:06:00,2018-01-13 02:05:30,2018-01-16 00:04:31,2018-01-30 12:33:19,2018-02-08 00:00:00
4b049621d38b837b020bc1b2e040884b,873a279604826d4d7d043ec018410c14,delivered,2017-08-25 09:31:56,2017-08-25 09:50:13,2017-08-28 20:03:22,2017-08-29 14:48:16,2017-09-08 00:00:00
e33865519137f5737444109ae8438633,64b086bdcc54458af3ea3bd838db54a5,delivered,2018-05-28 00:44:06,2018-05-29 03:31:17,2018-05-30 13:13:00,2018-06-01 22:25:39,2018-06-20 00:00:00
25d0455ca29c6f58e491a90065954af0,2835fc229807133f646ae4245e5e6150,delivered,2017-12-25 23:23:06,2017-12-27 04:07:51,2017-12-27 21:59:18,2018-01-17 18:43:22,2018-01-15 00:00:00
2fe782855de414d2c2c51fcdb1437e3c,626a0f18050903535ecf8e312a5c028f,delivered,2018-08-01 07:13:41,2018-08-01 07:44:03,2018-08-03 04:29:00,2018-08-10 21:46:42,2018-08-23 00:00:00
a33c70384e5369223140d28308cc84a4,3cf843218f85922e5fe972904be4322f,delivered,2017-09-17 15:13:10,2017-09-17 15:28:03,2017-09-21 13:51:58,2017-10-04 11:52:39,2017-10-23 00:00:00
7818864c8604b6c6114235d245908ad6,67cacf586b432939b6ae2465b2aecf44,delivered,2018-03-03 08:45:50,2018-03-03 09:08:35,2018-03-05 19:19:50,2018-03-18 15:55:22,2018-04-03 00:00:00
cd5d3f244e0546f5fc8733139dafc597,4a2c271cbbafa1d8e842cb3975693180,delivered,2017-12-10 01:10:15,2017-12-10 01:43:06,2017-12-11 17:45:10,2017-12-15 17:29:30,2018-01-05 00:00:00
ad24829ce0c8cee4466dc8ccab393aba,e899215e0960eab10aba098c747f2c88,delivered,2018-07-20 20:50:26,2018-07-20 21:03:48,2018-07-23 09:13:00,2018-07-25 00:03:31,2018-08-01 00:00:00
f0dd9af88d8ef5a8e4670fbbedaf19c4,30ddb50bd22ee927ebe308ea3da60735,delivered,2017-09-02 20:38:29,2017-09-05 04:24:12,2017-09-14 23:13:41,2017-09-15 14:59:50,2017-09-19 00:00:00
843f956709f0a664d816bee124544122,d74f0f48d2cc9237ca21e110142a3cb4,delivered,2018-06-09 21:51:46,2018-06-09 22:19:06,2018-06-11 11:20:00,2018-06-14 00:21:19,2018-06-26 00:00:00
7a2c45e504da96aebfc8a8268e49b920,fe4791069a13e14198e740eac4af84ce,delivered,2018-04-25 11:12:15,2018-04-25 11:31:41,2018-04-25 13:38:00,2018-04-30 19:36:55,2018-05-18 00:00:00
aef6b0710f2fdb5f533cb64fc94f2fe4,10ef4a37047d54c760fb12cfe5a30360,delivered,2018-07-25 14:46:54,2018-07-26 09:04:42,2018-07-26 14:49:00,2018-07-30 18:40:40,2018-08-08 00:00:00
794fe563dd7bc49998f96c29d3e5152a,56955ea9a49a13db592fdf6412e6d107,delivered,2017-11-25 17:44:35,2017-11-25 17:53:27,2017-11-29 01:46:35,2017-12-04 18:12:32,2017-12-15 00:00:00
216c6c60eaa02facee10abb4ca3a9c6f,20fd1d3f2cd5764f96b64c33263a57fd,delivered,2017-11-25 23:17:48,2017-11-25 23:33:33,2017-11-28 22:55:39,2017-12-01 21:42:12,2017-12-15 00:00:00
272874573723eec18f23c0471927d778,48e080c8001e92ebea2b64e474f91a60,delivered,2017-12-20 23:10:33,2017-12-20 23:29:37,2017-12-21 21:49:35,2017-12-26 22:29:32,2018-01-09 00:00:00
2eacc20f46592618a74f7c0c7b203a88,6e71645fbb2788091a01947b884749ec,delivered,2018-02-06 22:24:19,2018-02-08 07:35:55,2018-02-08 20:06:45,2018-02-16 17:17:18,2018-03-08 00:00:00
78008d03bd8ef7fcf1568728b316553c,043e3254e68daf7256bda1c9c03c2286,delivered,2018-07-03 13:11:13,2018-07-05 16:32:52,2018-07-03 12:57:00,2018-07-10 17:47:39,2018-07-23 00:00:00
33a91551077ade760a76338641b03255,e10d5d910b97af922b8281d0eb415fe6,delivered,2018-01-24 19:11:37,2018-01-24 19:31:51,2018-01-29 21:39:07,2018-01-31 17:38:56,2018-02-08 00:00:00
304bf410920449182fb3294bc7405597,19aa722bdebc8edaf921d50fd35916d1,delivered,2017-12-11 11:00:57,2017-12-13 10:52:07,2017-12-14 11:38:49,2017-12-17 17:22:13,2017-12-28 00:00:00
1c7c8ab324927f5b6e52338bd110bef4,95b1767df51d6fa09402267d8de314df,unavailable,2017-12-23 18:48:09,2017-12-23 18:54:22,,,2018-01-19 00:00:00
4e60165d68af3fa7c25bfa95ea5803ff,89e3b283612a5ceb826e2325d09e06d8,delivered,2017-07-25 14:39:56,2017-07-25 14:50:23,2017-07-26 17:47:25,2017-07-27 20:21:59,2017-08-07 00:00:00
216ffdacc032ce8a108cc7c01f4ab9a4,c8c9a89a37a20ae0d0b8abd5978e1240,delivered,2018-08-26 10:38:07,2018-08-26 10:50:15,2018-08-27 13:37:00,2018-08-29 21:08:39,2018-09-17 00:00:00
090d23542dd542b9a9e25fa9d5d9e528,73d09f34ade23726e0b2388af3b357e4,delivered,2018-06-01 14:31:54,2018-06-01 14:52:02,2018-06-04 15:21:00,2018-06-14 12:41:22,2018-07-17 00:00:00
8508c8962494e9606eb5eacaa61c22e2,98058e1fcf55c882ba711cfb5083bff5,delivered,2018-01-15 18:07:39,2018-01-15 18:30:48,2018-01-17 23:33:21,2018-01-26 12:36:20,2018-02-05 00:00:00
994486484c66c852cd60fed6ff0da2f9,801981edf3672d523b017f63a68fdda7,delivered,2017-11-22 22:44:00,2017-11-23 16:15:33,2017-11-24 23:18:34,2017-12-18 20:43:06,2017-12-12 00:00:00
25d2bfa43663a23586afd12f15b542e7,9d8c06734fde9823ace11a4b5929b5a7,delivered,2018-05-22 21:13:21,2018-05-22 21:35:40,2018-05-24 12:28:00,2018-06-12 23:11:29,2018-06-08 00:00:00
ada8de3a9486cea2fce7f4b00319cf3c,9065a96b91a08c08755c4ea2618884f2,delivered,2018-07-09 18:25:16,2018-07-11 03:26:03,2018-07-11 12:12:00,2018-07-24 21:22:15,2018-08-06 00:00:00
66cbf9f31647802b60c0db44f2924ecb,01970508b13705f57b760db5f8f63217,delivered,2018-05-12 22:07:00,2018-05-12 22:15:21,2018-05-15 07:55:00,2018-05-23 20:39:30,2018-06-05 00:00:00
356f68057b81e3a00ee64a8e16051517,243710cf3eaa735289510feca045b51c,delivered,2017-10-03 13:17:00,2017-10-03 13:28:16,2017-10-04 20:03:12,2017-10-07 11:12:38,2017-10-25 00:00:00
e419e5015f43887f330150fd21ff60f6,ae0d2b553da02db55333e3e336d31ba2,delivered,2018-04-19 17:56:53,2018-04-19 18:12:09,2018-04-20 22:48:59,2018-04-23 20:42:12,2018-05-08 00:00:00
3a44d06429bf2c4072a00c216aee4d04,35e3c475bf7bcacdb7ba3a698f7a56c8,delivered,2018-06-26 15:44:41,2018-06-26 15:57:02,2018-06-27 11:10:00,2018-06-29 17:22:52,2018-07-11 00:00:00
dff2b9b8d7cfc595836945e1443789c3,2436fb2666a65fbacae82532e797cabf,delivered,2018-07-16 12:59:02,2018-07-17 04:21:00,2018-07-17 15:08:00,2018-07-20 20:41:32,2018-08-07 00:00:00
34c27434e5c29d595d0398f19f461807,cf61549e5a1db5a63945b94660db1d31,delivered,2018-01-19 20:37:32,2018-01-19 20:57:55,2018-01-23 20:51:45,2018-02-01 22:13:15,2018-02-22 00:00:00
59af26972d088bedece0eddac136ccd5,8ff1c33a29a4649ea4e7c73b7d8a58f3,delivered,2018-02-27 18:02:00,2018-02-27 18:15:32,2018-02-28 17:49:05,2018-03-06 19:35:35,2018-03-19 00:00:00
e439ced3d48f1a77f6ecc029cc946a6f,e9c6723e04c4e53e7e9c3afe383f3866,delivered,2016-10-07 22:35:59,2016-10-07 22:59:53,2016-10-15 10:31:09,2016-10-25 21:15:45,2016-12-01 00:00:00
17ff863d51f7f8ee2c9dc76413c43b54,b158175fdc61e5d28263f82e1ea60e62,delivered,2017-03-21 22:07:40,2017-03-21 22:07:40,2017-03-24 15:23:15,2017-04-06 18:38:06,2017-04-11 00:00:00
6010e18fb4f51bda7cdf59826fb9157e,d26d39021910c806c4dae58d3b287f4c,delivered,2018-01-25 00:33:55,2018-01-25 00:53:18,2018-01-25 20:27:17,2018-01-29 21:26:53,2018-02-19 00:00:00
007ff0b0f79be782f633fc3b18cbe337,fc021f2dd664b49455528422c77b6aab,delivered,2018-02-03 17:46:53,2018-02-03 20:10:10,2018-02-06 18:28:37,2018-02-14 20:27:04,2018-03-02 00:00:00
aaab15da689073f8f9aa978a390a69d1,df20748206e4b865b2f14a5eabbfcf34,unavailable,2018-01-16 14:27:59,2018-01-17 03:37:34,,,2018-02-06 00:00:00
a0d3b62390e72dcfd8fc6b29c1af0061,fe9a30a8c40ddbb91c3399e7bd78c50f,delivered,2018-08-15 18:28:56,2018-08-15 18:43:58,2018-08-16 12:34:00,2018-08-17 17:36:46,2018-08-20 00:00:00
b4fe029b4292cdd3bafb346882c545af,a01458adf09fd0b65bd4fdaa35e89c78,delivered,2018-04-25 11:32:50,2018-04-25 11:51:48,2018-04-26 12:29:00,2018-05-08 22:41:53,2018-05-22 00:00:00
1091b52a01d06a2bf1e97ca70cb2d75a,a2ccdcdf92fa5b6f0cf2a320924ba362,delivered,2018-04-10 00:19:43,2018-04-10 00:35:28,2018-04-10 18:21:23,2018-05-03 19:52:15,2018-05-07 00:00:00
5d9b03cb14fe4fbb8f4e9f3de26048f2,2eaf94a9ba1341b238ce32c43a9a848c,delivered,2018-06-22 15:11:49,2018-06-22 15:38:22,2018-06-25 13:45:00,2018-06-28 17:58:30,2018-07-05 00:00:00
28dfb1ca8926269a4cf22394487f6a83,28731338f1e3ee52cd8e764e4b611bdd,delivered,2017-07-22 13:30:25,2017-07-22 13:42:48,2017-07-26 09:27:47,2017-08-02 18:05:46,2017-08-25 00:00:00
479a33fb572f8eded439d188871af158,3c9a98a09039422c79acc9f054d09df7,delivered,2017-11-30 21:17:53,2017-12-02 15:50:44,2017-12-06 13:57:46,2017-12-12 00:51:25,2017-12-27 00:00:00
a5c76d8fc7f555073aee3696c4ac51a9,51a6df2da42b036642d738afbb52757a,delivered,2018-04-28 11:36:53,2018-04-28 11:50:42,2018-05-02 13:36:00,2018-05-09 18:25:07,2018-05-23 00:00:00
d11c4164f4abab90d9262e2f1adcabb0,a41c9b1adbaa6df804ab7f2593a84608,delivered,2018-06-28 08:44:08,2018-06-29 02:55:21,2018-06-29 15:09:00,2018-07-02 16:05:52,2018-07-12 00:00:00
51bc66830d9248438896664e31f24dec,e67448f92899a930a837e381f5719ba9,delivered,2018-08-15 18:17:46,2018-08-15 18:30:08,2018-08-16 14:15:00,2018-08-20 18:06:33,2018-08-27 00:00:00
93aafc0f972444ea0ad70d5d1f70f6c4,4c28be5f84aabef50756c5569c7f74dc,delivered,2018-08-10 15:46:35,2018-08-10 16:04:44,2018-08-14 11:11:00,2018-08-22 16:02:15,2018-08-24 00:00:00
aece6f055cbd6a3a296eef1b36047244,654455a7e0608f2dc276e4e1baef7da8,delivered,2017-12-28 15:51:44,2017-12-28 16:07:54,2018-01-02 16:24:06,2018-01-11 17:22:26,2018-02-01 00:00:00
9fb5f1c3d876e2a9360c12be18be8f85,61f65e892666612e67f67860caa1abd7,delivered,2017-03-21 10:42:25,2017-03-21 10:42:25,2017-03-21 11:23:24,2017-03-24 09:27:42,2017-04-11 00:00:00
8e0847012da36d4fb16338cf0ea31a6e,6e5de1873d0ad45ce1e58f61dac35761,delivered,2017-10-08 18:18:19,2017-10-08 19:28:23,2017-10-10 15:48:25,2017-10-24 17:52:20,2017-11-06 00:00:00
76a948cd55bf22799753720d4545dd2d,3f20a07b28aa252d0502fe7f7eb030a9,delivered,2018-01-30 02:41:30,2018-02-04 23:31:46,2018-01-31 18:11:58,2018-03-18 20:08:50,2018-03-02 00:00:00
82c408d476f29fe82b7c1f9daec2bafa,3a8bf5674f0c38317b6a5d1c74d48458,delivered,2017-09-16 18:53:55,2017-09-16 20:04:24,2017-09-18 19:52:29,2017-10-02 17:43:26,2017-10-05 00:00:00
eeb1c54b034dc7fa414609892be66f22,70888a8bc0e96010afbef708b3fcf950,delivered,2017-12-22 20:50:03,2017-12-22 21:11:10,2017-12-27 18:47:05,2017-12-28 20:18:19,2018-01-12 00:00:00
65d1d79da8ac06fa5c6a8af4387d2079,7ac7119e5129f2698c539d6429ea624d,delivered,2017-06-16 10:37:01,2017-06-17 03:23:13,2017-06-19 09:09:30,2017-06-28 14:58:05,2017-07-11 00:00:00
a67f2f8a8a684916bd58ae4f6f2a4507,8330434e5221369d1f7d3ffdf257168f,delivered,2017-03-23 14:22:15,2017-03-24 03:32:27,2017-03-24 14:53:47,2017-03-30 13:17:54,2017-04-11 00:00:00
8173609cc6bf4ac5c1e577223ae83522,796daa2e6458ce635771ba9ac6e40edd,delivered,2017-04-03 21:21:12,2017-04-03 21:30:20,2017-04-04 13:41:27,2017-04-07 12:38:10,2017-04-26 00:00:00
46b4a41ba02248ac63e0d85649595f7e,7289387e125fb55957fab19cf6049956,delivered,2017-05-16 23:24:13,2017-05-16 23:35:21,2017-05-17 09:17:58,2017-05-24 12:59:35,2017-06-08 00:00:00
0aac3f6d27bb6ca9544b436813cec8aa,18a0915969a15a6ef74faae25f0838af,delivered,2018-01-02 21:22:55,2018-01-03 21:14:26,2018-01-05 21:14:10,2018-01-10 17:25:47,2018-01-30 00:00:00
13c315a2014c348759014f460015094a,eb6f73ca82467ae82fa85fc19910ed72,delivered,2018-07-31 12:01:00,2018-07-31 12:40:17,2018-08-01 14:54:00,2018-08-08 18:51:34,2018-08-14 00:00:00
f25ddb6cd62d720a5d91fff80467930a,b482b6eb1e1daa52fc0b17faea2cfb4d,delivered,2018-01-13 13:19:46,2018-01-13 13:29:24,2018-01-16 18:51:43,2018-01-19 23:47:21,2018-03-08 00:00:00
528bf700039fc9dd2e7261dd7b7ed92a,7f6145b6842fef7c66459296cb0813ef,delivered,2018-01-19 09:46:52,2018-01-19 09:57:24,2018-01-19 18:52:44,2018-01-26 18:52:54,2018-02-09 00:00:00
762264d81c3f54fa5e5a4e02b84eb85c,75119e7aa32e3e42fbd019b09af7e7e1,delivered,2017-10-21 22:42:10,2017-10-21 22:56:21,2017-10-24 01:22:55,2017-11-06 21:36:29,2017-11-13 00:00:00
5c63934e8c852eed7a35438847d210c0,0f44902f2a6566b69e6ad61ba4664ce7,delivered,2018-04-11 19:47:16,2018-04-11 20:11:16,2018-04-13 23:09:19,2018-05-03 12:38:54,2018-05-07 00:00:00
4cf09d9e5ebbe0f91ddd7bf9aae891cd,07b6b4fe5fefb948fc76b6d2bdba77d8,delivered,2018-07-19 08:37:26,2018-07-21 03:25:17,2018-07-23 15:31:00,2018-08-21 01:12:45,2018-08-10 00:00:00
fd930246eb1c751ee75add493e49ea34,3422a239d7c7bf95b72216d779a28de6,delivered,2017-01-14 21:28:46,2017-01-14 21:42:21,2017-01-16 11:42:51,2017-01-25 11:44:59,2017-02-28 00:00:00
63cb2376233663b05e9beb6bd9206c65,3485f92e08e0edca25ef4e62b4566631,delivered,2017-07-03 23:02:33,2017-07-04 23:10:18,2017-07-05 14:11:05,2017-07-10 19:25:34,2017-07-21 00:00:00
b5a304ee10747d3bdc90d7aef4b76a4f,974c8a4c8a99b42eeb01a91cd3264a61,delivered,2017-09-11 13:43:57,2017-09-11 14:10:14,2017-09-11 20:36:58,2017-09-15 19:52:54,2017-09-27 00:00:00
3a3cddda5a7c27851bd96c3313412840,0b0d6095c5555fe083844281f6b093bb,canceled,2018-08-31 16:13:44,,,,2018-10-01 00:00:00
67efc48800e617879edb36f04f815c59,6eac56572e999fbdb8f2dfef5403438f,delivered,2017-06-17 15:26:32,2017-06-17 15:42:41,2017-06-19 21:47:25,2017-06-24 08:31:30,2017-06-30 00:00:00
141c7645c99eed7a80fa7ec9d6c40ad0,30367cbd4765dc3372734e4a100cbb50,delivered,2018-01-15 15:57:07,2018-01-15 16:12:36,2018-01-26 21:15:16,2018-02-08 15:46:34,2018-02-06 00:00:00
7246a62bbec918c6710beb408ab60ee2,7400ad237f6da2c5f3f7f770cf85aa2a,delivered,2017-11-23 15:54:48,2017-11-23 16:15:32,2017-11-24 21:33:05,2017-12-04 21:33:06,2017-12-15 00:00:00
8e338cb934c447ec1c2ea94d6b3604fd,6baefb1162b1590caa1e4681b3c23a54,delivered,2018-04-03 12:37:12,2018-04-03 12:50:23,2018-04-05 19:21:33,2018-04-11 18:28:45,2018-04-23 00:00:00
2d74fd323d42fddd4e9a4398d5c589c6,17089785734f497b2cd404fc39932fda,delivered,2017-08-08 17:18:06,2017-08-08 17:38:11,2017-08-09 18:32:53,2017-08-14 21:22:13,2017-08-21 00:00:00
67ce27ca25eb14dc27770b988fe47ebd,88c0a2355bbcfb7b05a61a790ab24f4d,delivered,2018-04-29 18:37:30,2018-04-29 18:54:22,2018-05-02 15:43:00,2018-05-09 12:56:59,2018-05-23 00:00:00
017cf0b342401318dcaeb25478e13a6f,131227776a8b159a13938a0abfa95c5f,delivered,2017-12-30 02:09:39,2018-01-04 23:17:29,2018-01-09 23:16:11,2018-01-13 17:04:53,2018-02-01 00:00:00
81bd091401a83e4114ffd21efc7d0a9e,4108be8493d3de9fe8c7ca8d31d13407,delivered,2017-08-14 14:49:53,2017-08-14 15:04:10,2017-08-16 20:17:55,2017-08-23 17:24:38,2017-09-05 00:00:00
509a52223ecac6d67fb765b3b37c6974,efc07f50d0a9346ec00e1c37b5b10748,delivered,2016-10-06 18:11:11,2016-10-06 18:50:35,2016-10-21 16:23:01,2016-10-26 12:21:06,2016-12-08 00:00:00
b76830e649f13dfd6d806bb6be2b5406,dd8f8c5383adfaefb1e09c4e73af40cf,delivered,2018-05-12 03:22:41,2018-05-15 03:55:49,2018-05-15 13:35:00,2018-05-22 20:33:29,2018-05-28 00:00:00
2a0c9271a9b5e2f5932bdcc2a0b89200,89e4a2b4ea9a68c1fae1411107ed0bfa,delivered,2018-06-11 10:31:39,2018-06-11 10:58:43,2018-06-12 14:06:00,2018-06-14 19:54:46,2018-06-21 00:00:00
a96157730ca02d9de4c4e4ac2fc49f2c,5b36926fe1592a897dfb56c425ad5b48,delivered,2018-02-06 08:38:54,2018-02-08 07:35:35,2018-02-08 23:46:30,2018-02-21 14:05:57,2018-03-09 00:00:00
87d30b7fd5316c576377b79548be7d84,f6707ad9321dba0eba6285da8c77b7e4,delivered,2018-07-05 21:48:56,2018-07-06 21:50:32,2018-07-10 12:06:00,2018-07-11 15:58:49,2018-07-18 00:00:00
76f365ea86277e79c94d5fd3dbc1db80,cd92a0545b5fb6c559062357eeffb1e4,delivered,2017-03-28 09:00:00,2017-03-29 02:10:34,2017-03-29 11:18:22,2017-03-31 13:12:53,2017-04-26 00:00:00
da1630ace2e5b7e69a1bbe87059a4286,1100a74fed2c76f3de1b25ada3a1ba82,delivered,2017-05-09 15:39:42,2017-05-11 04:02:50,2017-05-11 16:23:40,2017-05-24 09:38:56,2017-06-08 00:00:00
08d138a502fa05af63ac4005311484f9,bb3ef6ad2a44a8b8f5218b23475a0b32,delivered,2017-07-18 02:00:48,2017-07-18 02:10:07,2017-07-18 18:04:28,2017-08-03 17:23:49,2017-08-17 00:00:00
0c699835432f5ca06e878ed73f893b05,662c1ac3aa47279d8438c925af1fc53d,delivered,2017-04-26 15:59:59,2017-04-26 16:10:17,2017-04-27 10:52:05,2017-05-17 10:04:51,2017-05-17 00:00:00
16d2d0f24adb9d8c7cc566bbdc85b91e,5c8ef9c2247f72b079fc88ce53e7ce41,delivered,2018-07-20 16:44:44,2018-07-20 16:55:21,2018-07-23 14:04:00,2018-07-30 23:46:46,2018-08-03 00:00:00
f0c338c38177fc15c0b078b324cc03d0,302eb230f9bbaf21f2f6993c82b67183,delivered,2017-03-30 10:35:34,2017-03-31 09:15:17,2017-04-03 18:53:14,2017-04-12 12:47:56,2017-04-27 00:00:00
582a62f5a24b7827f84ff3b7091b8549,f13041f7c85ed9f184452a07d9830c53,delivered,2017-11-12 16:55:06,2017-11-12 17:10:27,2017-11-16 22:48:29,2017-11-17 22:04:43,2017-11-27 00:00:00
ea9215d79709bb4917f0d0976eb91d17,5bd7d2276e288fc3b5567b6aecf35504,delivered,2018-05-22 11:15:53,2018-05-22 11:37:34,2018-05-29 07:15:00,2018-06-06 20:11:20,2018-06-19 00:00:00
4d515dca9e06667e6ab68acc478df5d6,82495ff60ac5ed00f1a86fabf329db45,delivered,2018-03-02 17:23:15,2018-03-03 02:50:57,2018-03-07 18:25:55,2018-03-21 21:37:41,2018-03-26 00:00:00
3aa2bb5da854c543e0478288f4bb4301,7d1afa4f30093505bc13bf8913f99955,delivered,2017-11-09 09:51:36,2017-11-10 22:30:51,2017-11-14 21:48:55,2017-11-16 18:26:53,2017-11-23 00:00:00
58edf3f5f282ab91e0f6a6f2b85af02a,14945bc802d49b0f9f68f2ea8fd060c4,delivered,2018-05-07 09:01:58,2018-05-08 04:34:10,2018-05-10 12:35:00,2018-05-14 18:52:56,2018-05-30 00:00:00
a48785f2d133daf40341171f96f31b7b,7820d17bb31debfd2230c07a2028b9c8,delivered,2018-03-20 21:44:49,2018-03-20 22:08:51,2018-03-22 17:18:46,2018-04-11 22:38:31,2018-04-16 00:00:00
16fd9b360cbadca08b1026c8532820f5,04db47e1f5a9cfe6cc8b560696c807f1,delivered,2017-12-03 14:05:06,2017-12-03 14:13:33,2017-12-04 19:34:00,2017-12-05 18:04:43,2017-12-20 00:00:00
a483ffe0ce133740ab12ebcba8a3ccf9,e2f063c52fa92b54f186c62b90699c10,delivered,2018-01-10 14:16:10,2018-01-10 14:29:14,2018-01-13 00:47:56,2018-01-19 10:16:08,2018-01-31 00:00:00
d81e1aea4814c6e5744458bcd1f94693,70d1caf284f34ea4ee405e25edba63f5,delivered,2017-11-24 20:59:45,2017-11-25 00:37:55,2017-11-27 17:34:30,2017-12-05 19:07:39,2017-12-15 00:00:00
f930a1f6247ed00d6fa9d8a09782c7b4,4ab4db2f93c68d5914dc5eb566dc486c,delivered,2018-06-05 12:28:11,2018-06-05 14:31:34,2018-06-06 13:12:00,2018-06-07 17:28:31,2018-07-11 00:00:00
e9e64a17afa9653aacf2616d94c005b8,b4cd0522e632e481f8eaf766a2646e86,processing,2018-01-05 23:07:24,2018-01-09 07:18:05,,,2018-02-06 00:00:00
3c042ee4b8b597c3d265a93a21bbf99f,d71a0d0cf6bbacec526203263382501b,delivered,2018-06-23 18:22:41,2018-06-23 18:35:32,2018-06-25 14:10:00,2018-07-04 16:07:32,2018-07-26 00:00:00
331027db835328af30e85ce6c7b55655,d90f5cda04cdb782cd4f07c76b1c1f0b,delivered,2018-02-05 13:02:20,2018-02-05 13:15:34,2018-02-07 15:59:32,2018-02-19 13:39:00,2018-03-06 00:00:00
20b99bf1ea8fdeca4e8f4872c584d0ec,537f48efc6a44c3400bb053ce4101847,delivered,2017-04-17 12:31:06,2017-04-18 12:44:01,2017-04-25 07:15:53,2017-05-11 10:42:25,2017-05-10 00:00:00
e9f3ac5f695705ef6cd2678f8b7595e7,eac7448820de7d9ad1425dc2b33568e6,delivered,2018-01-27 19:00:21,2018-01-27 19:18:04,2018-01-29 23:36:56,2018-02-05 21:07:39,2018-02-20 00:00:00
d8c15550aee132ffe4ed54c7da238e35,889c0258aef3619626b02c8ee0343cde,delivered,2017-05-18 12:54:06,2017-05-18 13:10:54,2017-05-19 13:53:15,2017-05-23 11:05:19,2017-06-07 00:00:00
6ab1a03139897853bd6802b6979e589c,ca2dad698b245b063e77594a2519e31f,delivered,2018-06-01 16:10:35,2018-06-01 16:32:53,2018-06-04 06:48:00,2018-06-19 18:58:25,2018-07-12 00:00:00
de219f100ebdbdc4ee87a9fa074489c8,e40d7b831ded997e7dbcc9f2a06741e8,delivered,2018-07-06 11:18:39,2018-07-06 11:31:16,2018-07-09 08:58:00,2018-07-12 17:48:52,2018-07-25 00:00:00
3b7dd354f960fec98e64acc6cf68ab51,129f93f2ae388ef164df91de88c8a3e0,delivered,2017-05-17 15:54:02,2017-05-18 02:25:53,2017-05-19 15:16:58,2017-05-29 15:29:49,2017-06-06 00:00:00
e0cb1558bbe670b4cd84bf99bf93318f,956d144703c3b72fcb05e587e39f3ab2,delivered,2018-01-12 17:02:11,2018-01-12 17:13:24,2018-01-24 13:06:49,2018-02-02 16:08:40,2018-02-20 00:00:00
86b92e30ce5d2f2db1a0c9821ac483bc,d64bb31d55a652ecb27a58846124dcfe,delivered,2018-08-07 21:31:29,2018-08-07 21:45:14,2018-08-08 14:36:00,2018-08-13 18:12:03,2018-08-17 00:00:00
316c859aa0c2b794a3db879c5eb09153,041cb229c816ff7ddc6e6bd21df556b7,delivered,2017-12-11 19:30:26,2017-12-12 03:39:28,2017-12-13 12:12:14,2017-12-27 18:44:56,2018-01-15 00:00:00
1565f22aa9452ff278638e87cc895678,56772dfbcbe7df908a284ff0d53adf7d,delivered,2018-05-15 17:41:00,2018-05-16 03:35:29,2018-05-16 17:20:00,2018-05-21 14:31:41,2018-05-29 00:00:00
64c448c5b11157c64585eb51d17eafe6,b1625842d297abe930e04274ac7f13a3,delivered,2017-10-10 11:05:35,2017-10-10 11:31:32,2017-10-11 21:25:12,2017-10-23 19:33:02,2017-10-27 00:00:00
b09b18fbceead5d238576060df8d45cc,ff1d1612f46b4241ffbc70a45912de1d,delivered,2018-05-22 16:40:05,2018-05-22 16:58:20,2018-05-24 14:47:00,2018-05-25 21:51:43,2018-06-01 00:00:00
bdc11cf6acd11917b9ea3d91b95e1395,675292c8870ca23721c9c66a588dd982,delivered,2018-03-28 23:09:36,2018-03-28 23:26:49,2018-03-29 19:59:58,2018-04-26 12:54:39,2018-04-25 00:00:00
9058bc799c3791077efb3aaa8e0d5e02,3fb83e207757e8f15ff70d937c86929b,delivered,2017-01-24 09:24:11,2017-01-25 02:45:13,2017-01-25 13:20:38,2017-01-30 09:39:02,2017-03-01 00:00:00
13e182176ed27f0b257e846501ee38ca,bf9fdf8f5bd0f6b92c34c78b1b8a1d23,delivered,2017-11-13 16:40:24,2017-11-15 02:51:02,2017-11-16 23:12:19,2017-11-29 21:53:45,2017-12-12 00:00:00
efba3b32a6d0502f262fc6eaa01b34b1,5deb784842d904759882a477316e00a0,delivered,2017-05-10 11:33:01,2017-05-10 11:45:20,2017-05-12 09:47:49,2017-05-15 11:09:58,2017-05-18 00:00:00
0572c996d9b4a7645bb071a158a64bbb,874b661d62c1e74aafa401942f9d94cb,delivered,2017-11-20 21:53:20,2017-11-20 22:07:27,2017-11-22 00:32:47,2017-11-27 21:28:53,2017-12-11 00:00:00
753f7035904112b0a9a575ed27f1da2c,b225ce9eb2ef15e3ff6aaff06974c491,delivered,2018-08-21 10:29:19,2018-08-23 02:50:19,2018-08-24 12:31:00,2018-08-29 15:36:39,2018-09-10 00:00:00
b4cec7d0224b919cac7a6d513cc0884f,95e719d72780395652555c67d60d1530,delivered,2018-02-06 12:46:51,2018-02-07 02:56:12,2018-02-08 20:14:04,2018-02-09 19:14:46,2018-02-26 00:00:00
0e87c108dff0cd2a475fc00da95a50f0,7c5489f880d1fae58fd6f04fc891ab6d,delivered,2018-06-14 19:15:36,2018-06-14 19:37:41,2018-06-19 12:32:00,2018-06-22 23:36:30,2018-07-19 00:00:00
76931aa364051d5d57f6a23aa352956a,b477202dca6a3ad89828fdd5748dc849,delivered,2017-11-18 12:51:32,2017-11-18 13:06:23,2017-11-23 18:21:24,2017-11-27 14:55:45,2017-12-04 00:00:00
5dea57306e01caa42ad0b07b85042953,0b3a3c105d2d5b981fcf34c111fb18a4,delivered,2018-07-16 01:31:13,2018-07-16 01:47:22,2018-07-26 11:05:00,2018-08-02 19:42:02,2018-08-14 00:00:00
5bec661a2baad6bf4d879a4be9759675,9e4072d0ce7938bb2414801f9b12f511,delivered,2017-11-22 15:33:00,2017-11-22 15:48:50,2017-11-23 18:23:04,2017-12-06 21:35:04,2017-12-13 00:00:00
a281208da836ef2c9d23718a7a855a92,723b22c2412b366d01cdc84ee4295fc2,delivered,2018-08-22 14:53:45,2018-08-22 15:05:17,2018-08-23 11:09:00,2018-08-28 15:52:33,2018-09-12 00:00:00
4bafa54db6b060da198f23f810835969,48094f58f03bec9519bd0e004ce460df,delivered,2018-04-05 14:46:51,2018-04-05 15:09:52,2018-04-07 01:32:58,2018-04-30 21:41:07,2018-05-14 00:00:00
432b94fc93fa7876de3b78bd99ddc053,08d4e964cef9f27d99b0a3944ac3e40b,delivered,2017-08-16 19:57:51,2017-08-18 02:45:44,2017-08-18 18:19:39,2017-08-29 17:40:18,2017-09-13 00:00:00
32fb0d2fce3a6ea27205e44ec665e91d,bede1cbee8f403af59778ab6cbac2a21,delivered,2018-08-13 06:49:00,2018-08-13 07:04:20,2018-08-13 08:28:00,2018-08-17 21:03:29,2018-08-30 00:00:00
5765cf3a5fe5d5d74cfac532f9d48939,bbb964878c61d19d0f26b95bba50802e,delivered,2018-06-09 11:29:37,2018-06-09 11:50:57,2018-06-11 14:29:00,2018-06-15 11:17:48,2018-07-12 00:00:00
bfecb4ee6ab98bff69307aab578db48a,e6f5f771cdbc5d09c994f16c9af6523d,delivered,2018-03-17 12:52:37,2018-03-17 13:10:35,2018-03-20 17:47:33,2018-03-27 19:16:57,2018-04-12 00:00:00
510c4dcf778854ea5671c1eeacf41880,1b53d66410453cb9b968dc71734295b4,delivered,2018-02-03 11:22:01,2018-02-05 11:16:10,2018-02-07 16:58:45,2018-02-19 21:57:09,2018-03-01 00:00:00
72c950267eb891d586116bbd2d6db44b,7f6ce575b8ba362dcab3cef30910dd1e,delivered,2017-12-22 21:40:01,2017-12-23 11:48:29,2017-12-26 21:22:34,2017-12-29 20:13:39,2018-01-18 00:00:00
a89abace0dcc01eeb267a9660b5ac126,2f0524a7b1b3845a1a57fcf3910c4333,canceled,2018-09-06 18:45:47,,,,2018-09-27 00:00:00
a69ba794cc7deb415c3e15a0a3877e69,726f0894b5becdf952ea537d5266e543,unavailable,2017-08-23 16:28:04,2017-08-28 15:44:47,,,2017-09-15 00:00:00
ffe0d6b7d4772a7380978ef7f0885b89,2cf6a6d8a9ee70f8692a9afb7ad22340,delivered,2018-07-24 21:58:04,2018-07-26 03:25:17,2018-07-26 11:28:00,2018-07-27 23:03:17,2018-08-01 00:00:00
cf099a8029312a7454ff616d5fb6b33a,28e6894378bd3775ff5d9b237776e6a2,delivered,2018-06-23 18:50:54,2018-06-23 19:16:09,2018-06-25 12:23:00,2018-07-10 18:12:04,2018-07-23 00:00:00
25877da244143a5dd6a686b8090c98e1,cb83a5aafc687c5f72d6f28b4d7a73e7,delivered,2018-04-23 16:02:49,2018-04-24 17:26:43,2018-04-25 15:19:00,2018-05-02 23:45:45,2018-05-22 00:00:00
d2d558357a6c69ca47cc4eca7571f593,0864f6601de6547b99cb81aa5742a119,delivered,2017-05-29 00:52:57,2017-05-29 01:10:28,2017-06-05 12:48:10,2017-06-16 12:42:24,2017-06-29 00:00:00
87334ea6311529ce3e36b18350d2d4b3,02f29ee4753e69018942c30e71c04cfd,delivered,2018-01-20 18:39:14,2018-01-20 19:09:35,2018-01-23 19:29:09,2018-01-31 18:38:38,2018-02-20 00:00:00
dbe15bc3029c324b1076174fa0be62ec,e66ea0ec1a9591adfde15771676af2a6,delivered,2017-11-16 23:44:09,2017-11-16 23:55:29,2017-11-21 22:12:56,2017-11-28 22:38:46,2017-12-11 00:00:00
a542babfe6f6339952a1f699ddc1868b,2ba83772da66cfb788b2130a97f46292,delivered,2017-12-02 18:38:08,2017-12-02 18:57:13,2017-12-05 14:19:34,2017-12-19 19:12:20,2017-12-27 00:00:00
afecb6cd077fed8f38144c9a1676493d,f2535a9ec0e80cb35be208202acfb968,delivered,2018-02-08 00:30:56,2018-02-08 01:35:33,2018-02-09 21:20:01,2018-02-26 23:53:51,2018-03-12 00:00:00
2ff4dba9b7e65ee15034ed2b0004048d,f3721694bcec86501e4a19cf459d3b28,delivered,2018-05-23 18:35:24,2018-05-23 18:57:12,2018-05-28 13:54:00,2018-06-08 13:38:45,2018-06-28 00:00:00
3f1ce5993887adf8fa64399d04ddd7eb,e865e63a5fdb1e8a91eb0d8f6aa3129b,delivered,2018-04-02 23:32:37,2018-04-02 23:48:04,2018-04-05 23:33:35,2018-04-06 22:12:16,2018-04-12 00:00:00
32cf1aa0aa0ea3a91c9779d558515782,a365ff91be1ba9a1e7c3251c24848f74,delivered,2018-08-01 16:13:13,2018-08-01 17:24:08,2018-08-06 13:23:00,2018-08-13 22:41:24,2018-08-24 00:00:00
5bd233924f0b9c52492bd5a92e5ab2d3,d7475a536385854da614094f0bf12275,delivered,2018-05-30 13:23:37,2018-05-31 03:15:27,2018-06-04 06:16:00,2018-06-14 22:49:24,2018-07-13 00:00:00
c7510fe2bce3ab54854dc588ce4d187c,f74562da630b57572d1742ba2f28b662,delivered,2018-05-16 09:05:27,2018-05-17 09:18:23,2018-05-18 14:23:00,2018-05-22 14:20:48,2018-06-21 00:00:00
91e29e944ec4772168d915912b251455,26c46b7d7e555c6ab71b788185ed8088,delivered,2018-02-24 19:43:39,2018-02-24 19:55:43,2018-02-27 12:36:45,2018-03-15 22:32:57,2018-03-21 00:00:00
7f19df33207d507c5b83aef798aff0d2,35939fb9cef5fb267abdccfe56f1de5e,delivered,2017-11-30 11:06:56,2017-12-02 02:51:28,2017-12-04 22:46:47,2017-12-21 21:19:03,2017-12-28 00:00:00
e21cac6666f9fd6bffe900a1d7cdaf11,374b19230eddec2a862b8a89489d4e5c,delivered,2018-06-10 19:40:23,2018-06-12 04:57:32,2018-06-12 12:15:00,2018-06-14 13:06:33,2018-07-05 00:00:00
18feb354fd368bc9d6cd27c5359e2243,c8aa0375ea97096fa716aeb0fae33604,delivered,2018-03-01 10:24:19,2018-03-01 10:35:43,2018-03-02 18:34:11,2018-03-12 21:29:27,2018-03-26 00:00:00
00b5e1c770b1868ec1b6b726be3aa9b9,8d9cf828f7181bf76915fddfdbb4148b,delivered,2018-01-03 19:13:33,2018-01-03 19:27:05,2018-01-04 23:08:01,2018-01-11 13:22:35,2018-01-26 00:00:00
906aea7f9a8bbd2b625400e22531469e,aadfed7c87a6ab33caa12d5aaa413aaa,delivered,2018-07-21 01:01:06,2018-07-21 01:10:12,2018-07-23 16:13:00,2018-07-25 17:37:40,2018-08-06 00:00:00
dbd4cbb492a12b99c5224014930acc18,a14f464b2a19d761f7f3f0885d5ea955,delivered,2017-03-26 14:12:46,2017-03-26 14:42:15,2017-03-27 15:44:46,2017-03-29 09:47:41,2017-04-13 00:00:00
52018484704db3661b98ce838612b507,e450a297a7bc6839ceb0cf1a2377fa02,delivered,2018-08-29 12:25:59,2018-08-29 12:35:17,2018-08-29 13:38:00,2018-08-30 22:48:27,2018-09-03 00:00:00
3020a6cfa8cb88da6e6860813b27167e,5ed5a4dacb093b32fa33cd369643f9a0,delivered,2018-03-10 10:43:58,2018-03-10 11:28:36,2018-03-13 18:50:29,2018-03-19 20:03:55,2018-04-03 00:00:00
2b9319f90cac6853394132c982ff27bf,835c64056c71ad9d093dc7166f22a8a8,delivered,2018-01-13 13:53:39,2018-01-16 03:51:17,2018-01-20 00:13:00,2018-02-08 13:03:23,2018-02-19 00:00:00
53ca14c357e60c77cd57aa96c8f0b4a5,f1cf46100438d0ef4e1916f2aef26718,delivered,2018-04-12 19:57:59,2018-04-14 12:11:11,2018-04-16 19:11:24,2018-05-02 19:58:28,2018-05-21 00:00:00
cd076ae3646af3e93e3deb91b8454c6e,04c29bffd4d52318bc9315f4507336fa,delivered,2017-12-15 19:14:22,2017-12-15 19:31:13,2017-12-18 18:37:12,2017-12-29 17:59:15,2018-01-10 00:00:00
0a8ad519fc5624a7862124decee24b27,a95dbea26da168d82f94f2bbf429868c,delivered,2018-02-01 09:15:49,2018-02-01 09:31:16,2018-02-02 16:19:13,2018-02-19 17:33:32,2018-03-06 00:00:00
000c3e6612759851cc3cbb4b83257986,3773bcf1a6fbd29233ea1c1b573c4f22,delivered,2017-08-12 10:08:57,2017-08-15 03:35:32,2017-08-15 15:32:51,2017-08-19 15:22:17,2017-09-01 00:00:00
3cf6fb1fae0029f5b4f01de4dc8d2fc9,3b5668bf4322fb6b973bcfa600e7ab0f,delivered,2018-05-08 20:24:56,2018-05-09 03:33:39,2018-05-09 15:12:00,2018-05-11 20:13:36,2018-05-21 00:00:00
a6bd1f93b7ff72cc348ca07f38ec4bee,6d63fa86bd2f62908ad328325799152f,delivered,2018-04-20 17:28:40,2018-04-24 19:26:10,2018-04-23 17:18:40,2018-04-28 17:38:42,2018-05-15 00:00:00
ecb8849b9673c0bc2a510456938b508b,e405219e7366a91eb22f74d3926415d6,delivered,2018-06-27 13:28:51,2018-06-27 14:32:23,2018-06-29 05:55:00,2018-07-03 21:21:02,2018-07-18 00:00:00
9b7fd5b0ef330dcbbb6397e5971faeec,4442f152efb5f70fd55dcd6267d1afa4,delivered,2017-05-17 15:48:44,2017-05-17 16:15:16,2017-05-18 13:30:39,2017-05-29 15:18:32,2017-06-08 00:00:00
d55541f9cde6afa1e48e01768cf46ff3,a2f4e4ebbe49edc1c3e350fabf9bc4f2,delivered,2017-04-27 15:24:40,2017-04-27 15:38:06,2017-05-03 10:22:03,2017-05-11 09:27:58,2017-05-25 00:00:00
97369eeb115806c27ee2054105eabe97,35647e39316747b2bb470dc93ddb67aa,delivered,2018-05-31 10:45:36,2018-05-31 10:55:10,2018-06-01 15:27:00,2018-06-04 20:10:57,2018-07-04 00:00:00
5515bb89b509d97aa78d434bc96ecee3,47a7e021c968ec3abacc05c3dc44cfdd,delivered,2018-07-14 20:17:16,2018-07-14 20:30:14,2018-07-16 09:03:00,2018-07-24 19:18:59,2018-08-08 00:00:00
da95823b29f9ce7bcc4deebe1e568aff,47610d89c6fdfac969beb4fa9f5d37f1,delivered,2018-08-19 11:48:49,2018-08-20 11:31:32,2018-08-21 15:14:00,2018-08-22 14:49:01,2018-08-29 00:00:00
dc9c5e38f7f39900731ed6c79a2c4849,c475bf34e5b24512f195b32035138841,delivered,2018-01-18 09:22:32,2018-01-18 09:37:08,2018-01-22 23:28:50,2018-02-09 15:19:16,2018-02-22 00:00:00
aa07fc0f496d65986abc9044683b8800,39256804b05cde32ac8f5ed003645f6b,delivered,2017-08-19 18:28:11,2017-08-19 18:44:14,2017-08-21 18:40:30,2017-08-25 16:05:15,2017-09-21 00:00:00
07fcf4ec8cadbea34c5b508e35e716c0,6ab5adc744d5c894470ce74466a78a27,delivered,2018-04-17 16:34:04,2018-04-18 08:51:30,2018-04-19 17:18:36,2018-04-23 16:08:50,2018-05-10 00:00:00
709e863921cdc58bb0582cf305270d72,dbe4e04008988a0694a108eb7ee2e57c,delivered,2018-04-15 16:58:15,2018-04-15 17:11:05,2018-04-16 22:40:40,2018-04-18 14:41:57,2018-05-03 00:00:00
c0524fb1b4c905d054adbddaffa2380c,92e8f9754238b9697d9dcbe02c20fc70,delivered,2017-11-24 16:44:08,2017-11-28 03:39:41,2017-12-01 17:29:06,2017-12-11 18:09:24,2017-12-22 00:00:00
83db27f85506380229913b0dfdf5cd18,472acc24324ad4cee482fe4ef5910dc1,delivered,2018-04-18 12:35:58,2018-04-19 02:51:26,2018-05-02 08:52:00,2018-05-07 16:40:55,2018-05-29 00:00:00
0905f7137e1f4f12a50086594c3a3eba,fd4d78d4ac99d34e9c5d0f66a4540d8f,delivered,2018-01-31 19:34:44,2018-01-31 19:55:24,2018-02-05 14:05:51,2018-02-23 18:15:31,2018-03-05 00:00:00
e8455c3c0bc5471436a335a0de392761,3a4562b466aea32a6aa09fe85e67d400,delivered,2018-02-13 10:42:15,2018-02-15 03:47:45,2018-02-21 20:33:20,2018-03-02 00:28:57,2018-03-09 00:00:00
33baefa752f2d98a008d4330d306d3db,8b764335e86e1a8f8d3db9f119e03a79,delivered,2017-04-23 14:47:39,2017-04-25 08:11:27,2017-04-25 13:24:03,2017-05-05 13:26:31,2017-05-15 00:00:00
29b199897e15bd5a4b501cf5eee8b948,530575e87308897d871c2008d28713dc,delivered,2017-11-19 18:00:41,2017-11-19 18:15:32,2017-11-22 19:08:33,2017-11-27 23:11:55,2017-12-12 00:00:00
079c9f53e6c3253320db701a645b0b9a,e5e0698e95094be297436cbd55c2dcad,delivered,2018-08-09 20:33:45,2018-08-09 20:50:17,2018-08-13 14:20:00,2018-08-16 17:51:09,2018-08-17 00:00:00
5597332b7eded552f104108f22b023e4,aaa423fb52f4106f477683490cbd5845,delivered,2018-08-15 13:03:37,2018-08-15 13:15:22,2018-08-15 14:37:00,2018-08-17 16:06:37,2018-08-21 00:00:00
b3112ca67f3afd4e20cf2ee91fc4f804,6f83c71b6c044fb156d697d4130fe9b5,delivered,2018-08-02 22:46:54,2018-08-02 23:04:06,2018-08-15 17:42:00,2018-08-21 00:03:26,2018-08-16 00:00:00
0fa1fab1d7c1211c824596ed5e111e3c,7f3bd6c94d2daf7b6462d1a894a775b4,delivered,2018-03-13 21:48:57,2018-03-13 22:40:28,2018-03-14 19:27:23,2018-04-05 19:59:49,2018-04-02 00:00:00
6f756900677a981dd764c34ad85c4b4c,7499160b672798870b8d4469ec2e78a4,delivered,2018-06-26 21:40:46,2018-06-26 21:55:20,2018-06-27 11:27:00,2018-06-29 15:28:50,2018-07-25 00:00:00
226dda5620db063cd962833766480273,b3e43e654b4d35baf3840feca1135f85,delivered,2017-07-18 12:42:28,2017-07-18 12:55:16,2017-07-19 16:44:48,2017-07-28 18:55:50,2017-08-11 00:00:00
a3480694574e74545579bf7d974318d0,6cec2e523363d463153fd692edba1f61,delivered,2018-02-14 17:54:39,2018-02-14 18:08:22,2018-02-20 00:04:42,2018-02-26 18:27:19,2018-03-06 00:00:00
add4f182072426430ee6c993eab97efe,b87639f5efd3e2316dca5dec5e2f88f4,delivered,2018-01-24 02:23:00,2018-01-25 02:58:03,2018-01-26 19:26:24,2018-01-29 23:33:51,2018-02-08 00:00:00
41d74f5b8f1fb05bdec674cbba8f720f,960ddf99f2e615bf50ea0cf4e71f526f,delivered,2018-02-04 14:35:02,2018-02-04 14:50:22,2018-02-07 15:35:29,2018-02-15 19:35:37,2018-03-01 00:00:00
ca67981db1ad515d44e29fed8965d528,ae5c594f6677527dcb3e6d0c39db8904,delivered,2018-06-04 09:19:47,2018-06-05 04:51:42,2018-06-05 16:28:00,2018-06-19 18:32:34,2018-07-16 00:00:00
a2a701c6f01ddffde8a1bde136ed7d4a,8543703cb2bc95c3606af4af727d604f,delivered,2017-11-26 10:26:55,2017-11-26 10:36:06,2017-11-27 22:49:48,2017-12-16 02:54:56,2018-01-03 00:00:00
27b6badcdaa36a93808ac126acc05329,dfbad75de7638cec2c9482cac4a10828,delivered,2018-06-27 09:56:34,2018-06-27 11:06:41,2018-06-27 11:42:00,2018-06-28 18:04:13,2018-07-12 00:00:00
7fd85cb0143de098a4c5ab5a57bfbd91,d32034dfc685b1ae15dd4c78eace868e,delivered,2017-05-04 21:05:28,2017-05-09 22:33:28,2017-05-09 17:02:58,2017-05-18 06:34:38,2017-06-01 00:00:00
c2af225ac9a68a3c24500aa6fab006aa,f93c9e539a9705a57902c625b611e90c,delivered,2018-08-20 10:04:30,2018-08-20 14:53:46,2018-08-22 13:16:00,2018-08-27 21:44:45,2018-08-28 00:00:00
f6f9344efc918f1e00ab84c014aa21d7,166478efeed4f9a861164b4ff5acfe8b,delivered,2017-05-20 11:43:49,2017-05-20 11:55:16,2017-05-25 14:33:53,2017-06-06 16:10:52,2017-06-21 00:00:00
87b4c933f31145a28413b39d880ad6c3,ddfdf5e9b2659e1fbd073404c9b762e0,delivered,2018-03-02 17:12:05,2018-03-02 17:49:24,2018-03-06 21:23:32,2018-03-16 17:21:55,2018-03-21 00:00:00
71c4b7b8844a031b7db8ca41c41d4aae,dce0014426964924f9564758e4fadcbf,delivered,2017-09-03 20:52:34,2017-09-05 04:10:34,2017-09-05 17:47:58,2017-09-14 15:49:47,2017-10-03 00:00:00
4a69678ecf74bfd34260031c04329b68,eb19f77ffd29917f353d12152b0c0de1,delivered,2018-07-22 16:58:38,2018-07-23 12:32:05,2018-07-23 15:12:00,2018-07-24 22:46:38,2018-07-31 00:00:00
4146f35ac7a7ef4e39fe344e563c1e3b,e0eac226ceae49858de89e8a5c1ba1ec,delivered,2017-11-26 19:42:22,2017-11-26 19:53:48,2017-11-27 18:33:24,2017-12-05 18:38:40,2017-12-15 00:00:00
3cea94817a51f34aa5937784fb4a3219,20b927d23e84dfaa333eb4aea6615084,delivered,2018-04-01 16:13:26,2018-04-01 16:30:16,2018-04-02 18:21:51,2018-04-06 21:32:35,2018-04-19 00:00:00
e8fd20068b9f7e6ec07068bb7537f781,609b9fb8cad4fe0c7b376f77c8ab76ad,delivered,2017-08-10 21:21:07,2017-08-10 21:35:26,2017-08-18 16:42:51,2017-08-23 15:36:29,2017-08-31 00:00:00
5fabc81b6322c8443648e1b21a6fef21,32c9df889d41b0ee8309a5efb6855dcb,unavailable,2017-10-10 10:50:03,2017-10-14 18:35:57,,,2017-10-23 00:00:00
c627fe35fce1a754bc5b812d0b8ff379,42b0671b440d1f2527bddd8b723e0a0c,delivered,2018-06-03 18:44:31,2018-06-03 18:55:15,2018-06-04 13:48:00,2018-06-07 13:22:19,2018-07-11 00:00:00
e6cc57f923c4dab2222b8c9aa8742eea,2f4a42f9bb4b9a8cd402fa549df5c7fd,delivered,2018-02-07 12:09:45,2018-02-07 12:31:13,2018-02-21 23:38:05,2018-03-05 18:56:39,2018-05-11 00:00:00
788541a19c0791de0504c5a9cb7e7bd5,a537aaf902d2f436eb7f44817154bb68,delivered,2017-11-30 17:54:28,2017-11-30 18:16:25,2017-12-05 20:58:57,2017-12-13 20:34:50,2017-12-27 00:00:00
1b4a0e6b19d0034b531655b41ea89623,ce5efd1b1d8a2fa290a871edd5c26cd6,delivered,2017-10-02 08:45:35,2017-10-02 08:56:53,2017-10-03 20:26:19,2017-10-06 16:58:25,2017-10-24 00:00:00
f9e3402be5a5ea63344347582ca9f45f,6f2cf56878f7f82151b0ad02590192c0,delivered,2017-06-07 11:02:37,2017-06-08 02:45:24,2017-06-08 14:03:29,2017-06-19 19:19:30,2017-07-05 00:00:00
6f46d42016226f77893ed3978d6903d0,3803547f820b1e10b7ad9c7985f06753,delivered,2017-07-05 15:55:19,2017-07-05 17:43:48,2017-07-07 19:48:40,2017-07-19 22:10:03,2017-08-14 00:00:00
dfc6eb45a2753ed9e6c6ef4987b44503,a046c690e0564ffde0ce611b5eee2c30,delivered,2018-05-25 17:05:17,2018-05-25 17:15:21,2018-05-29 13:31:00,2018-06-04 23:54:32,2018-06-26 00:00:00
38e9133ce29f6bbe35aed9c3863dce01,ad312389a098ceff46ce92c4595c06d0,delivered,2017-10-12 20:54:11,2017-10-14 03:28:24,2017-10-17 17:04:42,2017-11-21 17:06:59,2017-10-31 00:00:00
6ec4642f9993cc34f826cfb9068e5a2f,f00bb12620b7b232233cace1b229db18,delivered,2017-11-21 20:18:03,2017-11-21 20:28:52,2017-11-27 17:18:52,2017-12-02 16:48:46,2017-12-08 00:00:00
d692ef54145c9cb3322ec2e5508aa3f4,82ddfcf9438b0cd1117b55ac33184df8,delivered,2018-03-21 19:47:18,2018-03-21 20:05:26,2018-03-22 21:11:58,2018-04-11 00:48:31,2018-04-09 00:00:00
7cc85185736ea7f2d8bc09af7a47cab7,9e870ea67399650e8c3545a25d13e4d0,delivered,2017-05-15 09:46:26,2017-05-15 10:02:45,2017-05-15 14:11:06,2017-05-22 18:05:56,2017-06-07 00:00:00
19dba6d1e58b04e7fc820558a38ea398,cf97e9cf454480b303de6736ddd15fd6,delivered,2018-05-12 13:42:24,2018-05-12 13:55:17,2018-05-16 08:14:00,2018-05-18 17:18:29,2018-06-04 00:00:00
c22a47117b6a87c967b0c278488110c1,6e153567dc52ea59c0498ef5383e9c7a,delivered,2018-06-22 20:53:29,2018-06-22 21:17:45,2018-06-25 17:50:00,2018-07-03 19:48:54,2018-07-23 00:00:00
0e4b26f1fb99fc0f0472dd5f403d36d4,2e96fa6d55b9732013caed9866e2552d,delivered,2017-11-05 16:17:53,2017-11-05 16:30:29,2017-11-07 18:35:08,2017-11-08 16:08:56,2017-11-17 00:00:00
c81f74e50f0496fa39716cc77cacd460,7b270ebc87c25c8404348c10ff80a80e,delivered,2018-03-04 22:48:38,2018-03-04 23:09:22,2018-03-05 16:15:04,2018-03-13 18:54:32,2018-03-26 00:00:00
b0f4af5c1b06e24fef510703bfe9f0a6,8e1ec396e317ff4c82a03ce16a0c3eb3,delivered,2017-10-27 15:21:00,2017-10-27 15:32:49,2017-10-30 15:44:34,2017-11-10 17:57:22,2017-11-22 00:00:00
cfa78b997e329a5295b4ee6972c02979,a2f7428f0cafbc8e59f20e1444b67315,delivered,2017-12-20 09:52:41,2017-12-20 10:09:52,2017-12-20 20:25:25,2018-01-26 15:45:14,2018-01-18 00:00:00
9115830be804184b91f5c00f6f49f92d,da2124f134f5dfbce9d06f29bdb6c308,delivered,2017-10-04 19:57:37,2017-10-04 20:07:14,2017-10-05 16:52:52,2017-10-20 20:25:45,2017-11-07 00:00:00
aa04ef5214580b06b10e2a378300db44,f01a6bfcc730456317e4081fe0c9940e,delivered,2017-01-27 00:30:03,2017-01-27 01:05:25,2017-01-30 11:40:16,2017-02-07 13:15:25,2017-03-17 00:00:00
880675dff2150932f1601e1c07eadeeb,47cd45a6ac7b9fb16537df2ccffeb5ac,delivered,2017-02-23 09:05:12,2017-02-23 09:15:11,2017-03-01 10:22:52,2017-03-06 11:08:08,2017-03-22 00:00:00
9c5dedf39a927c1b2549525ed64a053c,39bd1228ee8140590ac3aca26f2dfe00,delivered,2017-03-09 09:54:05,2017-03-09 09:54:05,2017-03-10 11:18:03,2017-03-17 15:08:01,2017-03-28 00:00:00
63943bddc261676b46f01ca7ac2f7bd8,1fca14ff2861355f6e5f14306ff977a7,delivered,2018-02-06 12:58:58,2018-02-06 13:10:37,2018-02-07 23:22:42,2018-02-28 17:37:56,2018-03-02 00:00:00
83c1379a015df1e13d02aae0204711ab,1aa71eb042121263aafbe80c1b562c9c,delivered,2017-08-27 14:46:43,2017-08-27 15:04:16,2017-08-28 20:52:26,2017-09-21 11:24:17,2017-09-27 00:00:00
11c177c8e97725db2631073c19f07b62,b331b74b18dc79bcdf6532d51e1637c1,delivered,2018-01-08 21:28:27,2018-01-08 21:36:21,2018-01-12 15:35:03,2018-01-25 23:32:54,2018-02-15 00:00:00
66dea50a8b16d9b4dee7af250b4be1a5,edb027a75a1449115f6b43211ae02a24,delivered,2018-03-08 20:57:30,2018-03-09 11:20:28,2018-03-09 22:11:59,2018-03-16 13:08:30,2018-04-03 00:00:00
0e6605b4-e98a-4407-bad5-6d409dc1982e,9ef432eb6251297304e76186b10a928d,created,2018-10-01 12:00:00,,,,2018-10-15 12:00:00
